name,realm,rating,cls,spec,play,win,lose
Эваер,blackscar,1506,deathknight,blood,60,29,31
Rahbekius,kazzak,1466,deathknight,blood,149,63,86
Maylined,antonidas,1316,deathknight,blood,36,16,20
Hoggster,kazzak,1237,deathknight,blood,51,14,37
Nîghtmáre,ravencrest,1180,deathknight,blood,35,20,15
Horrorda,defias-brotherhood,1119,deathknight,blood,27,14,13
Minoporc,archimonde,916,deathknight,blood,39,14,25
Wickedgray,outland,672,deathknight,blood,12,7,5
Оосака,gordunni,573,deathknight,blood,24,6,18
Downtoclown,argent-dawn,480,deathknight,blood,12,5,7
Ducados,forscherliga,476,deathknight,blood,12,5,7
Schiva,eredar,437,deathknight,blood,17,5,12
Hellcrosser,blackrock,381,deathknight,blood,12,4,8
Pinkish,argent-dawn,379,deathknight,blood,12,4,8
Барагган,thermaplugg,288,deathknight,blood,6,3,3
Кмамехочу,howling-fjord,288,deathknight,blood,18,3,15
Zdan,sylvanas,287,deathknight,blood,6,3,3
Airok,proudmoore,191,deathknight,blood,6,2,4
Fixmybones,frostmane,96,deathknight,blood,6,1,5
Pechugona,zuljin,96,deathknight,blood,12,1,11
Хайвейтухэлл,soulflayer,2098,deathknight,unholy,96,48,48
Conqueròr,tarren-mill,2083,deathknight,unholy,94,46,48
Нишимба,soulflayer,1962,deathknight,unholy,72,36,36
Leónid,kazzak,1962,deathknight,unholy,72,36,36
Кромгона,soulflayer,1961,deathknight,unholy,112,69,43
Bedstemoor,ravencrest,1955,deathknight,unholy,90,47,43
Enzy,drakthul,1948,deathknight,unholy,42,26,16
Шайбовёрт,gordunni,1946,deathknight,unholy,90,48,42
Bóby,ravencrest,1941,deathknight,unholy,213,100,113
Дайтоолгоун,gordunni,1937,deathknight,unholy,113,56,57
Storhøf,sanguino,1930,deathknight,unholy,54,35,19
Shadowdeathj,kazzak,1913,deathknight,unholy,54,27,27
Worlviuz,argent-dawn,1905,deathknight,unholy,135,67,68
Murky,kazzak,1901,deathknight,unholy,164,79,85
Quizon,tarren-mill,1889,deathknight,unholy,72,36,36
Hotcherryx,dun-modr,1887,deathknight,unholy,114,56,58
Валькейн,blackscar,1883,deathknight,unholy,60,32,28
Fxckingmad,ravencrest,1883,deathknight,unholy,72,37,35
Akaliz,die-aldor,1876,deathknight,unholy,66,35,31
Ipanic,argent-dawn,1875,deathknight,unholy,228,120,108
Eyyoo,blackmoore,1875,deathknight,unholy,70,35,35
Necrølyte,sylvanas,1874,deathknight,unholy,66,38,28
Leomordf,doomhammer,1863,deathknight,unholy,202,113,89
Narali,argent-dawn,1859,deathknight,unholy,72,34,38
Bøby,kul-tiras,1856,deathknight,unholy,54,26,28
Likewise,twisting-nether,1853,deathknight,unholy,48,20,28
Vallenhal,twisting-nether,1850,deathknight,unholy,48,23,25
Azüla,ysondre,1848,deathknight,unholy,66,30,36
Fabricius,blackrock,1847,deathknight,unholy,66,36,30
Меланндрис,gordunni,1845,deathknight,unholy,60,44,16
Øtherànóther,stormscale,1843,deathknight,unholy,54,30,24
Ezlyy,ravencrest,1843,deathknight,unholy,114,60,54
Amnésyx,ysondre,1842,deathknight,unholy,64,32,32
Nómòre,ravencrest,1839,deathknight,unholy,60,30,30
Mockingbirdo,sanguino,1836,deathknight,unholy,36,24,12
Аронас,blackscar,1833,deathknight,unholy,83,42,41
Lilshiet,stormreaver,1831,deathknight,unholy,66,30,36
Namzera,draenor,1827,deathknight,unholy,114,70,44
Undeadcell,ravencrest,1826,deathknight,unholy,60,34,26
Bíllÿ,kazzak,1822,deathknight,unholy,72,34,38
Неондк,eversong,1821,deathknight,unholy,104,53,51
Zokko,blackrock,1820,deathknight,unholy,59,31,28
Cealdris,blackmoore,1819,deathknight,unholy,30,20,10
Обледенение,gordunni,1819,deathknight,unholy,36,19,17
Bigdickdk,ragnaros,1819,deathknight,unholy,58,27,31
Lutcher,hellfire,1818,deathknight,unholy,36,20,16
Rankor,grim-batol,1816,deathknight,unholy,66,36,30
Necrofear,grim-batol,1816,deathknight,unholy,126,62,64
Jesûsx,ravencrest,1814,deathknight,unholy,78,45,33
Andreàs,silvermoon,1813,deathknight,unholy,60,30,30
Aryash,silvermoon,1812,deathknight,unholy,66,31,35
Аоепупс,gordunni,1809,deathknight,unholy,57,28,29
Allmawt,argent-dawn,1808,deathknight,unholy,89,51,38
Oscman,silvermoon,1805,deathknight,unholy,123,65,58
Лордэскорт,gordunni,1805,deathknight,unholy,78,37,41
Køley,draenor,1804,deathknight,unholy,53,30,23
Annabolik,ravencrest,1804,deathknight,unholy,36,19,17
Icegrin,silvermoon,1803,deathknight,unholy,150,81,69
Butthurtx,stormscale,1802,deathknight,unholy,46,27,19
Бургер,soulflayer,1802,deathknight,unholy,78,33,45
Exoflake,kazzak,1801,deathknight,unholy,64,36,28
Inflex,silvermoon,1800,deathknight,unholy,102,51,51
Grepetta,argent-dawn,1800,deathknight,unholy,243,121,122
Apacstanya,ragnaros,1787,deathknight,unholy,54,23,31
Aifam,twisting-nether,1784,deathknight,unholy,92,46,46
Дайтоолгоун,deathguard,1783,deathknight,unholy,69,38,31
Unhóly,tarren-mill,1782,deathknight,unholy,115,65,50
Дэхон,gordunni,1777,deathknight,unholy,79,42,37
Fennro,ysondre,1776,deathknight,unholy,288,139,149
Argonat,silvermoon,1775,deathknight,unholy,132,72,60
Darkknights,archimonde,1774,deathknight,unholy,56,35,21
Тхиро,gordunni,1773,deathknight,unholy,83,34,49
Bephomet,onyxia,1762,deathknight,unholy,93,39,54
Фростинг,gordunni,1757,deathknight,unholy,42,23,19
Sélyne,dalaran,1753,deathknight,unholy,54,23,31
Vakü,burning-legion,1746,deathknight,unholy,334,157,177
Zerachy,blackmoore,1733,deathknight,unholy,30,19,11
Shanariel,khaz-modan,1733,deathknight,unholy,102,58,44
Змейняша,soulflayer,1729,deathknight,unholy,109,53,56
Лордпафос,blackscar,1723,deathknight,unholy,54,28,26
Skulm,twisting-nether,1722,deathknight,unholy,48,20,28
Inâste,thrall,1719,deathknight,unholy,48,26,22
Oj,darkspear,1719,deathknight,unholy,173,89,84
Ghostreign,tarren-mill,1719,deathknight,unholy,68,33,35
Сантамо,soulflayer,1718,deathknight,unholy,104,55,49
Аркёт,howling-fjord,1714,deathknight,unholy,66,34,32
Koranderx,argent-dawn,1713,deathknight,unholy,30,18,12
Péterpain,antonidas,1712,deathknight,unholy,72,32,40
Itreachesout,ravencrest,1710,deathknight,unholy,113,54,59
Тыпидо,howling-fjord,1707,deathknight,unholy,66,40,26
Faznik,twisting-nether,1707,deathknight,unholy,76,38,38
Wôrgenator,kazzak,1704,deathknight,unholy,48,18,30
Ràiven,blackmoore,1701,deathknight,unholy,65,31,34
Эриданс,gordunni,1696,deathknight,unholy,142,79,63
Vainajala,die-aldor,1691,deathknight,unholy,77,46,31
Arizon,drakthul,1691,deathknight,unholy,98,40,58
Necrotic,blackrock,1690,deathknight,unholy,53,30,23
Verminosis,stormscale,1689,deathknight,unholy,54,21,33
Dräpârn,sylvanas,1686,deathknight,unholy,66,37,29
Ronsôn,terrordar,1685,deathknight,unholy,54,27,27
Кулькулегал,ashenvale,1685,deathknight,unholy,54,27,27
Sanlex,twisting-nether,1684,deathknight,unholy,115,51,64
Happsor,eredar,1684,deathknight,unholy,42,18,24
Вирко,eversong,1683,deathknight,unholy,130,67,63
Ûñhølýðéåthj,tarren-mill,1683,deathknight,unholy,59,28,31
ßankoedno,stormscale,1681,deathknight,unholy,120,62,58
Stely,alonsus,1678,deathknight,unholy,36,21,15
Wombo,dentarg,1677,deathknight,unholy,57,30,27
Lovroo,silvermoon,1677,deathknight,unholy,93,43,50
Vatø,tarren-mill,1676,deathknight,unholy,60,27,33
Sakiko,thrall,1674,deathknight,unholy,36,18,18
Femilista,dun-modr,1671,deathknight,unholy,42,23,19
Synthwave,tarren-mill,1666,deathknight,unholy,87,40,47
Олинф,deathguard,1664,deathknight,unholy,56,23,33
Blazeberg,blackrock,1662,deathknight,unholy,58,33,25
Økah,outland,1659,deathknight,unholy,54,25,29
Enzÿ,drakthul,1657,deathknight,unholy,48,26,22
Thezftw,kazzak,1656,deathknight,unholy,65,27,38
Metalmanethé,tarren-mill,1655,deathknight,unholy,205,106,99
Fraeya,sunstrider,1652,deathknight,unholy,144,71,73
Reann,argent-dawn,1649,deathknight,unholy,55,31,24
Aeneriah,tarren-mill,1648,deathknight,unholy,61,36,25
Кидер,blackscar,1647,deathknight,unholy,53,29,24
Ampdk,ravencrest,1647,deathknight,unholy,36,19,17
Äyrenn,draenor,1645,deathknight,unholy,61,35,26
Mávé,tarren-mill,1645,deathknight,unholy,64,31,33
Yandeäth,chants-éternels,1644,deathknight,unholy,125,66,59
Капустас,gordunni,1641,deathknight,unholy,42,24,18
Nèrfx,ragnaros,1641,deathknight,unholy,66,30,36
Leanâdle,hyjal,1640,deathknight,unholy,80,39,41
Creatar,kazzak,1639,deathknight,unholy,53,31,22
Pandahapci,ragnaros,1638,deathknight,unholy,42,20,22
Çruél,silvermoon,1638,deathknight,unholy,48,21,27
Bokrak,norgannon,1637,deathknight,unholy,76,50,26
Deathlog,silvermoon,1637,deathknight,unholy,96,48,48
Garrinchá,stormscale,1636,deathknight,unholy,48,21,27
Kickbot,outland,1634,deathknight,unholy,178,88,90
Triffdich,blackrock,1633,deathknight,unholy,78,38,40
Sølîta,archimonde,1632,deathknight,unholy,71,39,32
Гронташ,howling-fjord,1628,deathknight,unholy,59,30,29
Herumor,nerzhul,1627,deathknight,unholy,60,32,28
Сгеатог,gordunni,1623,deathknight,unholy,36,17,19
Smallbaboon,stormreaver,1623,deathknight,unholy,42,17,25
Quetza,twisting-nether,1621,deathknight,unholy,36,17,19
Кокосоус,gordunni,1618,deathknight,unholy,36,18,18
Gladiadk,ysondre,1618,deathknight,unholy,42,17,25
Baltersa,blackhand,1614,deathknight,unholy,48,19,29
Pellizquitas,sanguino,1612,deathknight,unholy,30,17,13
Lockhead,stormscale,1612,deathknight,unholy,90,50,40
Инлакеш,howling-fjord,1611,deathknight,unholy,57,25,32
Deathvid,ravencrest,1610,deathknight,unholy,78,43,35
Darkertimes,ragnaros,1610,deathknight,unholy,126,57,69
Crenshawx,twisting-nether,1610,deathknight,unholy,119,53,66
Castlevanía,ravencrest,1609,deathknight,unholy,97,48,49
Sugarcakedk,blackrock,1608,deathknight,unholy,71,34,37
Слендер,howling-fjord,1606,deathknight,unholy,83,40,43
Вондум,howling-fjord,1606,deathknight,unholy,42,18,24
Vexxed,magtheridon,1605,deathknight,unholy,87,50,37
Notsyndra,nemesis,1603,deathknight,unholy,42,23,19
Jiodythyy,archimonde,1602,deathknight,unholy,54,23,31
Râke,teldrassil,1601,deathknight,unholy,42,19,23
Nazgül,drakthul,1600,deathknight,unholy,110,58,52
Aceléss,drakthul,1600,deathknight,unholy,42,20,22
Арцевус,gordunni,1596,deathknight,unholy,88,48,40
Смердонос,grom,1594,deathknight,unholy,149,84,65
Deathcaller,zuljin,1594,deathknight,unholy,65,32,33
Linuzbunny,zenedar,1591,deathknight,unholy,24,17,7
Yagoora,silvermoon,1588,deathknight,unholy,74,29,45
Yusehz,kazzak,1587,deathknight,unholy,47,21,26
Kwc,kazzak,1586,deathknight,unholy,117,54,63
Bertonilo,burning-legion,1585,deathknight,unholy,36,19,17
Lichbørn,ragnaros,1585,deathknight,unholy,54,25,29
Branchë,stormscale,1584,deathknight,unholy,87,43,44
Zariia,twisting-nether,1582,deathknight,unholy,60,37,23
Акамахи,ashenvale,1582,deathknight,unholy,36,20,16
Кадавров,gordunni,1582,deathknight,unholy,90,48,42
Bredox,ravencrest,1582,deathknight,unholy,63,27,36
Dzemoo,drakthul,1580,deathknight,unholy,30,18,12
Skórm,burning-legion,1580,deathknight,unholy,36,17,19
Ghaloob,draenor,1576,deathknight,unholy,42,20,22
Garasu,eredar,1574,deathknight,unholy,48,19,29
Ктунец,blackscar,1570,deathknight,unholy,36,19,17
Söttguetsi,blackrock,1566,deathknight,unholy,41,23,18
Motvinden,stormscale,1566,deathknight,unholy,46,22,24
Zoree,draenor,1564,deathknight,unholy,113,60,53
Körthazz,hyjal,1563,deathknight,unholy,55,27,28
Хорссэ,soulflayer,1562,deathknight,unholy,37,22,15
Винерас,soulflayer,1562,deathknight,unholy,66,31,35
Emphendk,twisting-nether,1562,deathknight,unholy,43,18,25
Вурдулакх,gordunni,1561,deathknight,unholy,96,48,48
Derfitt,sanguino,1561,deathknight,unholy,66,32,34
Моровой,blackscar,1559,deathknight,unholy,41,20,21
Oweiowei,blackrock,1558,deathknight,unholy,30,18,12
Qtxi,nozdormu,1552,deathknight,unholy,114,61,53
Aleejha,draenor,1551,deathknight,unholy,70,39,31
Smörj,aggramar,1551,deathknight,unholy,60,24,36
Gargalon,drakthul,1547,deathknight,unholy,72,37,35
Turboface,kazzak,1546,deathknight,unholy,60,34,26
Apoikos,argent-dawn,1546,deathknight,unholy,36,19,17
Évìl,stormscale,1546,deathknight,unholy,33,17,16
Utyr,ragnaros,1544,deathknight,unholy,42,22,20
Anathela,dalaran,1544,deathknight,unholy,58,28,30
Feministi,stormreaver,1544,deathknight,unholy,83,38,45
Элекна,deepholm,1541,deathknight,unholy,48,24,24
Ullefuz,silvermoon,1537,deathknight,unholy,30,21,9
Nysaia,blackmoore,1537,deathknight,unholy,36,17,19
Sangíus,blackmoore,1532,deathknight,unholy,293,136,157
Nommad,archimonde,1531,deathknight,unholy,119,55,64
Алсидис,gordunni,1527,deathknight,unholy,72,29,43
Pawcio,argent-dawn,1523,deathknight,unholy,111,62,49
Doozz,draenor,1523,deathknight,unholy,42,16,26
Рыжаяпедаль,soulflayer,1522,deathknight,unholy,24,16,8
Dörfl,antonidas,1521,deathknight,unholy,87,42,45
Woddey,blackrock,1520,deathknight,unholy,72,39,33
Rizzlerdk,blackhand,1517,deathknight,unholy,90,38,52
Маххес,howling-fjord,1517,deathknight,unholy,66,27,39
Ahilus,bladefist,1516,deathknight,unholy,49,22,27
Hellguy,draenor,1516,deathknight,unholy,183,82,101
Торедх,howling-fjord,1516,deathknight,unholy,66,27,39
Ganessha,sanguino,1513,deathknight,unholy,39,23,16
Greymarker,kirin-tor,1513,deathknight,unholy,66,37,29
Calina,frostwolf,1512,deathknight,unholy,66,24,42
Manego,eredar,1511,deathknight,unholy,30,18,12
Хассандра,galakrond,1511,deathknight,unholy,74,35,39
Zff,hyjal,1510,deathknight,unholy,30,20,10
Grendul,blackmoore,1509,deathknight,unholy,48,20,28
Сванхильда,grom,1507,deathknight,unholy,102,49,53
Ardros,eredar,1507,deathknight,unholy,48,23,25
Apoikia,argent-dawn,1507,deathknight,unholy,42,19,23
Руариди,gordunni,1504,deathknight,unholy,36,18,18
Megdeath,silvermoon,1504,deathknight,unholy,90,43,47
Prekliatylad,burning-blade,1503,deathknight,unholy,42,17,25
Sîck,bladefist,1503,deathknight,unholy,60,22,38
Numnuts,alakir,1502,deathknight,unholy,36,21,15
Lavonobatas,kazzak,1502,deathknight,unholy,54,27,27
Abcdk,sargeras,1501,deathknight,unholy,50,27,23
Goreshovel,stormscale,1500,deathknight,unholy,60,33,27
Devilknight,dentarg,1500,deathknight,unholy,136,68,68
Ахелекус,blackscar,1498,deathknight,unholy,30,17,13
Промештейн,gordunni,1497,deathknight,unholy,75,35,40
Moko,defias-brotherhood,1495,deathknight,unholy,48,23,25
Протосеня,soulflayer,1495,deathknight,unholy,48,21,27
Ðiesel,stormscale,1492,deathknight,unholy,75,30,45
Recoil,blackrock,1490,deathknight,unholy,26,17,9
Gushik,twisting-nether,1490,deathknight,unholy,40,22,18
Мёрдерфэйсх,soulflayer,1488,deathknight,unholy,96,49,47
Барагган,thermaplugg,1483,deathknight,unholy,90,45,45
Riceeater,kazzak,1483,deathknight,unholy,59,29,30
Tölp,ravencrest,1482,deathknight,unholy,71,35,36
Ceranto,frostwolf,1481,deathknight,unholy,71,44,27
Лекъса,gordunni,1481,deathknight,unholy,87,44,43
Bloodbane,burning-blade,1481,deathknight,unholy,36,18,18
Epoch,azjolnerub,1479,deathknight,unholy,60,28,32
Anaralien,ravencrest,1479,deathknight,unholy,89,40,49
Salezians,drakthul,1473,deathknight,unholy,65,37,28
Deathcam,emerald-dream,1472,deathknight,unholy,71,32,39
Hawkthuglife,dun-modr,1471,deathknight,unholy,48,21,27
Walkeni,defias-brotherhood,1469,deathknight,unholy,66,32,34
Ультерис,deathguard,1468,deathknight,unholy,24,17,7
Sorostew,twisting-nether,1467,deathknight,unholy,42,23,19
Arxelas,sylvanas,1467,deathknight,unholy,115,60,55
Bärdk,forscherliga,1461,deathknight,unholy,95,47,48
Athanatøs,archimonde,1461,deathknight,unholy,60,22,38
Шифычдк,howling-fjord,1460,deathknight,unholy,60,27,33
Blízna,kazzak,1459,deathknight,unholy,96,45,51
Nospets,kazzak,1459,deathknight,unholy,54,25,29
Manovar,archimonde,1458,deathknight,unholy,101,47,54
Gethunts,drakthul,1457,deathknight,unholy,42,25,17
Deusmort,ravencrest,1457,deathknight,unholy,66,26,40
Thecurator,ragnaros,1456,deathknight,unholy,72,32,40
Deadroses,tarren-mill,1453,deathknight,unholy,60,38,22
Teljujad,sanguino,1453,deathknight,unholy,92,45,47
Facèpalm,ravencrest,1450,deathknight,unholy,59,33,26
Дерайв,gordunni,1449,deathknight,unholy,54,23,31
Sathmayla,silvermoon,1448,deathknight,unholy,53,32,21
Arkaris,blackmoore,1447,deathknight,unholy,32,21,11
Борнтудай,borean-tundra,1445,deathknight,unholy,48,17,31
Quantumshift,ravencrest,1444,deathknight,unholy,36,23,13
Unholy,ragnaros,1444,deathknight,unholy,38,20,18
Axram,ravencrest,1443,deathknight,unholy,39,19,20
Сенкрул,gordunni,1440,deathknight,unholy,72,48,24
Nødder,ragnaros,1440,deathknight,unholy,36,18,18
Bloodkatana,drakthul,1435,deathknight,unholy,44,19,25
Kratagon,thrall,1435,deathknight,unholy,54,22,32
Mîîkkaa,blackhand,1435,deathknight,unholy,42,15,27
Вовчан,howling-fjord,1434,deathknight,unholy,30,15,15
Assgripper,hyjal,1433,deathknight,unholy,30,21,9
Спавни,blackscar,1432,deathknight,unholy,153,71,82
Reezeer,stormscale,1431,deathknight,unholy,35,17,18
Sendurd,ragnaros,1429,deathknight,unholy,42,15,27
Maradk,drakthul,1427,deathknight,unholy,123,61,62
Полонит,gordunni,1425,deathknight,unholy,58,25,33
Шейзо,soulflayer,1424,deathknight,unholy,39,22,17
Моорта,soulflayer,1424,deathknight,unholy,66,34,32
Анихиме,howling-fjord,1424,deathknight,unholy,75,37,38
Dklékata,archimonde,1424,deathknight,unholy,37,18,19
Xado,frostwolf,1423,deathknight,unholy,90,49,41
Späwn,ysondre,1422,deathknight,unholy,64,24,40
Skøurge,silvermoon,1421,deathknight,unholy,126,64,62
Discochoppa,blackmoore,1421,deathknight,unholy,36,15,21
Ínví,aegwynn,1418,deathknight,unholy,96,47,49
Wallenschøld,kazzak,1418,deathknight,unholy,36,15,21
Arxelas,stormscale,1416,deathknight,unholy,72,30,42
Pavkata,outland,1415,deathknight,unholy,154,74,80
Аирфрост,howling-fjord,1415,deathknight,unholy,48,22,26
Mìa,kragjin,1415,deathknight,unholy,73,33,40
Джайвана,soulflayer,1414,deathknight,unholy,179,95,84
Nilodk,nemesis,1412,deathknight,unholy,198,105,93
Reidemorte,minahonda,1410,deathknight,unholy,96,49,47
Terren,ravencrest,1409,deathknight,unholy,52,29,23
Xirra,tarren-mill,1409,deathknight,unholy,67,33,34
Hêalz,ungoro,1408,deathknight,unholy,66,34,32
Yamisukehiro,drakthul,1406,deathknight,unholy,42,16,26
Metalist,ravencrest,1404,deathknight,unholy,60,29,31
Polimeh,draenor,1403,deathknight,unholy,42,21,21
Dzwiadke,burning-legion,1403,deathknight,unholy,69,30,39
Jalapeñofan,tarren-mill,1402,deathknight,unholy,60,29,31
Dkbladet,ravencrest,1400,deathknight,unholy,75,39,36
Лапочки,gordunni,1399,deathknight,unholy,30,16,14
Deathlïght,nemesis,1399,deathknight,unholy,77,41,36
Fýhr,silvermoon,1398,deathknight,unholy,36,18,18
Reapocalypse,blackhand,1398,deathknight,unholy,167,79,88
Lorvetis,malorne,1395,deathknight,unholy,42,19,23
Frostmommy,argent-dawn,1394,deathknight,unholy,87,37,50
Blorin,sylvanas,1391,deathknight,unholy,79,35,44
Unholycard,argent-dawn,1389,deathknight,unholy,60,31,29
Hordak,stormscale,1384,deathknight,unholy,39,15,24
Gaurk,aggra-português,1382,deathknight,unholy,42,24,18
Halez,antonidas,1382,deathknight,unholy,90,41,49
Ithis,zuljin,1379,deathknight,unholy,84,37,47
Jäätynyt,zenedar,1374,deathknight,unholy,188,82,106
Flawstmourne,kazzak,1374,deathknight,unholy,35,15,20
Нарилуне,blackscar,1373,deathknight,unholy,378,186,192
Кланки,soulflayer,1373,deathknight,unholy,70,30,40
Ziuziu,twisting-nether,1371,deathknight,unholy,48,15,33
Draforce,quelthalas,1370,deathknight,unholy,29,17,12
Gødofredo,dun-modr,1370,deathknight,unholy,60,30,30
Babsyknight,wildhammer,1370,deathknight,unholy,84,33,51
Дэбон,howling-fjord,1369,deathknight,unholy,82,39,43
Tyvra,blackhand,1369,deathknight,unholy,47,17,30
Shabiri,twisting-nether,1368,deathknight,unholy,67,35,32
Десхоб,soulflayer,1368,deathknight,unholy,120,43,77
Fizzdk,pozzo-delleternità,1366,deathknight,unholy,42,19,23
Zegaan,kazzak,1365,deathknight,unholy,78,36,42
Дедхо,soulflayer,1365,deathknight,unholy,36,15,21
Ahlat,blackmoore,1362,deathknight,unholy,66,43,23
Arthrex,twisting-nether,1358,deathknight,unholy,36,21,15
Jihm,silvermoon,1344,deathknight,unholy,123,65,58
Zeghor,ragnaros,1343,deathknight,unholy,42,15,27
Segrim,drakthul,1342,deathknight,unholy,26,15,11
Roaredrick,draenor,1342,deathknight,unholy,87,40,47
Хейткрю,howling-fjord,1342,deathknight,unholy,48,21,27
Брексиен,gordunni,1338,deathknight,unholy,48,14,34
Alessia,alonsus,1335,deathknight,unholy,24,14,10
Geraltbg,twisting-nether,1334,deathknight,unholy,36,14,22
Зибак,soulflayer,1333,deathknight,unholy,30,15,15
Aesthaetik,draenor,1332,deathknight,unholy,28,16,12
Khalifamia,alonsus,1332,deathknight,unholy,30,14,16
Evelys,kazzak,1329,deathknight,unholy,34,17,17
Kalantii,draenor,1326,deathknight,unholy,36,19,17
Ridire,saurfang,1326,deathknight,unholy,43,22,21
Шинратенсеи,howling-fjord,1324,deathknight,unholy,36,18,18
Анфалагон,gordunni,1323,deathknight,unholy,42,17,25
Msvine,kazzak,1322,deathknight,unholy,60,34,26
Teflonphobos,stormreaver,1320,deathknight,unholy,18,14,4
Erodevil,kazzak,1320,deathknight,unholy,36,14,22
Томиганн,grom,1317,deathknight,unholy,24,14,10
Grubbins,kul-tiras,1316,deathknight,unholy,39,18,21
Defeated,thrall,1316,deathknight,unholy,48,21,27
Detrah,argent-dawn,1315,deathknight,unholy,52,27,25
Prænklý,blackrock,1315,deathknight,unholy,42,19,23
Negzul,blackmoore,1314,deathknight,unholy,54,26,28
Fentanil,elune,1311,deathknight,unholy,166,84,82
Sictir,stormscale,1310,deathknight,unholy,188,90,98
Akelæ,draenor,1300,deathknight,unholy,70,35,35
Mojodango,outland,1299,deathknight,unholy,26,15,11
Reportmeplz,ragnaros,1298,deathknight,unholy,42,20,22
Endlesspain,burning-legion,1298,deathknight,unholy,53,22,31
Крикед,soulflayer,1297,deathknight,unholy,102,55,47
Роземайер,ashenvale,1297,deathknight,unholy,60,29,31
Züg,draenor,1297,deathknight,unholy,102,46,56
Sang,deathwing,1294,deathknight,unholy,21,15,6
Táli,tarren-mill,1294,deathknight,unholy,33,14,19
Альмон,howling-fjord,1290,deathknight,unholy,42,19,23
Ничер,thermaplugg,1289,deathknight,unholy,24,14,10
Бреч,gordunni,1285,deathknight,unholy,42,14,28
Sarkasm,malganis,1280,deathknight,unholy,60,29,31
Zelbørk,medivh,1276,deathknight,unholy,30,17,13
Heyabigail,wildhammer,1274,deathknight,unholy,54,20,34
Zracul,nordrassil,1272,deathknight,unholy,85,41,44
Jöndas,drakthul,1272,deathknight,unholy,42,20,22
Tanenoss,kazzak,1270,deathknight,unholy,48,20,28
Sorcc,burning-legion,1270,deathknight,unholy,36,14,22
Necrozy,aggra-português,1269,deathknight,unholy,84,43,41
Morinosei,twisting-nether,1269,deathknight,unholy,59,30,29
Necrocancerr,twisting-nether,1269,deathknight,unholy,104,49,55
Kaletorn,ragnaros,1265,deathknight,unholy,84,41,43
Undtot,azshara,1264,deathknight,unholy,36,16,20
Pjthedk,lightbringer,1263,deathknight,unholy,42,21,21
Huekun,draenor,1262,deathknight,unholy,23,14,9
Drenodur,amanthul,1261,deathknight,unholy,24,14,10
Superere,hyjal,1261,deathknight,unholy,36,17,19
Dunkàn,silvermoon,1260,deathknight,unholy,30,21,9
Таможникс,soulflayer,1260,deathknight,unholy,23,14,9
Lobotomia,burning-blade,1259,deathknight,unholy,47,23,24
Persefal,nemesis,1259,deathknight,unholy,42,15,27
Tesasd,silvermoon,1255,deathknight,unholy,58,26,32
Èvíl,stormscale,1248,deathknight,unholy,24,13,11
Rottenpete,grim-batol,1247,deathknight,unholy,24,13,11
Âlîce,culte-de-la-rive-noire,1247,deathknight,unholy,30,15,15
Zpartan,ragnaros,1247,deathknight,unholy,42,15,27
Кромгон,soulflayer,1246,deathknight,unholy,30,13,17
Raust,xavius,1242,deathknight,unholy,26,13,13
Raizhen,ragnaros,1242,deathknight,unholy,30,13,17
Elíta,draenor,1242,deathknight,unholy,36,15,21
Gothenburger,darksorrow,1239,deathknight,unholy,42,22,20
Turkknight,outland,1236,deathknight,unholy,30,13,17
Khorag,mannoroth,1235,deathknight,unholy,30,13,17
Кристер,lich-king,1234,deathknight,unholy,30,13,17
Fluffínator,kazzak,1232,deathknight,unholy,65,32,33
Yousaindk,blackrock,1232,deathknight,unholy,30,13,17
Tyranus,quelthalas,1227,deathknight,unholy,121,52,69
Sveinnhran,kazzak,1226,deathknight,unholy,140,63,77
Крус,blackscar,1208,deathknight,unholy,83,36,47
Razzvy,darkspear,1208,deathknight,unholy,63,27,36
Деркхаус,soulflayer,1206,deathknight,unholy,24,15,9
Gegham,ravencrest,1181,deathknight,unholy,28,13,15
Darkhallow,thrall,1176,deathknight,unholy,113,58,55
Jollíe,tarren-mill,1175,deathknight,unholy,17,13,4
Flinsen,blackmoore,1175,deathknight,unholy,47,25,22
Abnormus,tarren-mill,1175,deathknight,unholy,45,19,26
Klingenblut,blackrock,1172,deathknight,unholy,31,15,16
Ezreo,neptulon,1167,deathknight,unholy,31,14,17
Fishtruction,tarren-mill,1165,deathknight,unholy,88,43,45
Дэдушка,gordunni,1159,deathknight,unholy,23,13,10
Ashlëy,kaelthas,1159,deathknight,unholy,120,62,58
Fyrkadk,aegwynn,1151,deathknight,unholy,24,12,12
Maxto,outland,1151,deathknight,unholy,24,12,12
Dklol,dun-morogh,1150,deathknight,unholy,36,14,22
Eltorro,ravencrest,1150,deathknight,unholy,36,13,23
Numnutz,alakir,1149,deathknight,unholy,25,13,12
Auru,tarren-mill,1149,deathknight,unholy,57,28,29
Frege,tarren-mill,1149,deathknight,unholy,30,12,18
Lurkkiss,ravencrest,1149,deathknight,unholy,30,12,18
Линфео,galakrond,1149,deathknight,unholy,36,12,24
Zugzugdecay,kazzak,1148,deathknight,unholy,24,12,12
Juliean,blackmoore,1148,deathknight,unholy,24,12,12
Mawdrym,twisting-nether,1146,deathknight,unholy,24,12,12
Mammacitaa,argent-dawn,1146,deathknight,unholy,24,12,12
Клиссанг,razuvious,1146,deathknight,unholy,42,12,30
Trialist,dun-modr,1143,deathknight,unholy,24,12,12
Mãshi,hyjal,1140,deathknight,unholy,59,26,33
Sevatar,zuljin,1137,deathknight,unholy,18,12,6
Fineral,argent-dawn,1134,deathknight,unholy,24,12,12
Jowân,blackmoore,1131,deathknight,unholy,24,13,11
Dêku,aegwynn,1130,deathknight,unholy,79,44,35
Asakurai,grim-batol,1126,deathknight,unholy,42,22,20
Nestia,emerald-dream,1125,deathknight,unholy,37,15,22
Gûuts,archimonde,1123,deathknight,unholy,211,106,105
Mellowqt,aegwynn,1120,deathknight,unholy,53,25,28
Híruzen,blackrock,1115,deathknight,unholy,30,15,15
Ârtjom,aegwynn,1106,deathknight,unholy,28,12,16
Asakim,tarren-mill,1102,deathknight,unholy,23,12,11
Saromón,ravencrest,1101,deathknight,unholy,30,18,12
Roykoopa,hyjal,1099,deathknight,unholy,30,13,17
Apolyio,outland,1095,deathknight,unholy,35,14,21
Ilius,kelthuzad,1092,deathknight,unholy,27,12,15
Diatriss,argent-dawn,1078,deathknight,unholy,63,27,36
Ennigmá,stormscale,1066,deathknight,unholy,24,13,11
Zathron,blackmoore,1062,deathknight,unholy,29,13,16
Kixx,bloodfeather,1062,deathknight,unholy,65,27,38
Квашонка,howling-fjord,1061,deathknight,unholy,36,12,24
Gøretterog,ysondre,1054,deathknight,unholy,18,11,7
Karalun,nagrand,1054,deathknight,unholy,60,30,30
Synchronic,stormscale,1053,deathknight,unholy,24,11,13
Анзорини,gordunni,1053,deathknight,unholy,36,11,25
Alti,blackmoore,1051,deathknight,unholy,28,12,16
Fosswire,stormscale,1049,deathknight,unholy,18,11,7
Нуурргл,howling-fjord,1046,deathknight,unholy,48,19,29
Empiu,blackhand,1045,deathknight,unholy,18,11,7
Dunklerlord,malfurion,1045,deathknight,unholy,24,11,13
Xênôrr,archimonde,1045,deathknight,unholy,24,11,13
Rammsteïn,ravencrest,1042,deathknight,unholy,33,12,21
Ilovegouàng,khaz-modan,1041,deathknight,unholy,36,15,21
Eibon,drakthul,1037,deathknight,unholy,18,11,7
Порнпанда,gordunni,1037,deathknight,unholy,24,11,13
Gùra,sanguino,1036,deathknight,unholy,30,11,19
Охъламон,soulflayer,1033,deathknight,unholy,48,17,31
Qmy,outland,1030,deathknight,unholy,34,14,20
Мокраявода,soulflayer,1026,deathknight,unholy,94,49,45
Taylorswiift,tarren-mill,1023,deathknight,unholy,17,11,6
Pamplemouse,burning-blade,1016,deathknight,unholy,79,36,43
Galayn,burning-legion,1006,deathknight,unholy,21,11,10
Assasínator,tarren-mill,1005,deathknight,unholy,143,73,70
Takåtry,archimonde,1004,deathknight,unholy,30,14,16
Tyrannus,earthen-ring,1000,deathknight,unholy,23,13,10
Gowther,blackmoore,999,deathknight,unholy,30,16,14
Chrispbacøn,ragnaros,986,deathknight,unholy,22,11,11
Gathalion,the-maelstrom,980,deathknight,unholy,48,28,20
Trigárdon,antonidas,968,deathknight,unholy,36,19,17
Kaliro,sylvanas,960,deathknight,unholy,18,10,8
Бешенсство,soulflayer,960,deathknight,unholy,18,10,8
Кромгондк,soulflayer,960,deathknight,unholy,24,10,14
Yazga,blackmoore,960,deathknight,unholy,24,10,14
Gripbroblem,nemesis,960,deathknight,unholy,30,10,20
Slade,blackrock,960,deathknight,unholy,30,10,20
Judin,kazzak,959,deathknight,unholy,18,10,8
Schweezlord,tarren-mill,959,deathknight,unholy,18,10,8
Cheethdoom,ragnaros,959,deathknight,unholy,18,10,8
Nasxsy,blackmoore,959,deathknight,unholy,18,10,8
Скизм,howling-fjord,959,deathknight,unholy,24,10,14
Silvergreed,kazzak,959,deathknight,unholy,24,10,14
Xenfos,tarren-mill,959,deathknight,unholy,24,10,14
Demrior,hellfire,958,deathknight,unholy,24,10,14
Darhma,archimonde,958,deathknight,unholy,30,10,20
Estoico,ragnaros,957,deathknight,unholy,18,10,8
Exanex,ragnaros,957,deathknight,unholy,18,10,8
Funds,kazzak,957,deathknight,unholy,24,10,14
Logoz,dun-modr,956,deathknight,unholy,18,10,8
Fpsrvg,minahonda,956,deathknight,unholy,53,23,30
Syncros,blackrock,955,deathknight,unholy,24,10,14
Kérmít,tarren-mill,951,deathknight,unholy,18,10,8
Azrìal,agamaggan,951,deathknight,unholy,24,10,14
Sigarå,twisting-nether,945,deathknight,unholy,24,10,14
Kisenth,doomhammer,927,deathknight,unholy,36,19,17
Kaldhan,nemesis,910,deathknight,unholy,24,10,14
Nauser,kazzak,906,deathknight,unholy,29,10,19
Gravetitan,shattrath,906,deathknight,unholy,67,23,44
Cayliadk,tarren-mill,903,deathknight,unholy,26,12,14
Grisig,twisting-nether,899,deathknight,unholy,18,10,8
Lastdragon,dun-modr,898,deathknight,unholy,36,15,21
Лордэнергон,gordunni,888,deathknight,unholy,16,10,6
Restodrowd,tarren-mill,888,deathknight,unholy,24,11,13
Unzul,twisting-nether,869,deathknight,unholy,18,10,8
Orcborg,zuljin,868,deathknight,unholy,25,10,15
Gáïà,blackmoore,864,deathknight,unholy,12,9,3
Deathgrab,twisting-nether,864,deathknight,unholy,12,9,3
Usbdock,stormscale,864,deathknight,unholy,18,9,9
Panorboy,tarren-mill,864,deathknight,unholy,18,9,9
Catloaf,silvermoon,864,deathknight,unholy,24,9,15
Kéréos,hyjal,863,deathknight,unholy,18,9,9
Styxdk,blackhand,863,deathknight,unholy,18,9,9
Frostplague,aegwynn,863,deathknight,unholy,24,9,15
Vrez,argent-dawn,862,deathknight,unholy,24,9,15
Izanagii,exodar,861,deathknight,unholy,18,9,9
Mamanica,sanguino,861,deathknight,unholy,18,9,9
Veçh,turalyon,861,deathknight,unholy,30,9,21
Тзинч,soulflayer,859,deathknight,unholy,18,9,9
Dzahnecro,archimonde,858,deathknight,unholy,18,9,9
Jixcore,draenor,858,deathknight,unholy,30,9,21
Кмамехочу,howling-fjord,857,deathknight,unholy,12,9,3
Tarfu,kazzak,856,deathknight,unholy,18,9,9
Джагат,gordunni,856,deathknight,unholy,30,12,18
Nickolass,skullcrusher,854,deathknight,unholy,24,10,14
Marcianorock,dalaran,850,deathknight,unholy,18,9,9
Deathcleave,burning-legion,845,deathknight,unholy,23,9,14
Cryistyx,draenor,828,deathknight,unholy,14,10,4
Малп,gordunni,827,deathknight,unholy,18,9,9
Oldu,haomarush,825,deathknight,unholy,45,19,26
Zot,twisting-nether,814,deathknight,unholy,18,10,8
Beinlausi,dalaran,807,deathknight,unholy,15,9,6
Flúrrý,ravencrest,799,deathknight,unholy,17,9,8
Шмуркич,gordunni,798,deathknight,unholy,23,10,13
Некронн,grom,795,deathknight,unholy,17,9,8
Jess,blackhand,789,deathknight,unholy,23,10,13
Arthursq,stormscale,778,deathknight,unholy,48,19,29
Radan,stormscale,768,deathknight,unholy,12,8,4
Ravencraft,azjolnerub,768,deathknight,unholy,12,8,4
Psychopathz,tarren-mill,768,deathknight,unholy,12,8,4
Aladonreith,zenedar,768,deathknight,unholy,12,8,4
Critycal,draenor,768,deathknight,unholy,12,8,4
Wórzzag,arygos,768,deathknight,unholy,12,8,4
Barnëylord,argent-dawn,768,deathknight,unholy,12,8,4
Preddktwo,twisting-nether,768,deathknight,unholy,12,8,4
Rimda,twisting-nether,768,deathknight,unholy,12,8,4
Шадоудез,gordunni,768,deathknight,unholy,12,8,4
Sanuky,blackrock,768,deathknight,unholy,18,8,10
Мионеелол,goldrinn,768,deathknight,unholy,18,8,10
Xisaark,blackrock,768,deathknight,unholy,18,8,10
Кромгак,soulflayer,768,deathknight,unholy,18,8,10
Abomination,emeriss,768,deathknight,unholy,18,8,10
Senkingodx,ravencrest,768,deathknight,unholy,24,8,16
Dreshtarg,draenor,768,deathknight,unholy,24,8,16
Zatrina,blackrock,768,deathknight,unholy,24,8,16
Amelia,ambossar,767,deathknight,unholy,12,8,4
Oßitø,ravencrest,767,deathknight,unholy,16,9,7
Apocalypse,ravencrest,767,deathknight,unholy,18,8,10
Cyliandra,silvermoon,767,deathknight,unholy,27,9,18
Nuadar,outland,767,deathknight,unholy,24,8,16
Payat,aegwynn,766,deathknight,unholy,12,8,4
Krinoe,dalaran,766,deathknight,unholy,18,8,10
Zombienatíon,silvermoon,766,deathknight,unholy,24,8,16
Zanretxd,outland,764,deathknight,unholy,20,8,12
Kazay,madmortem,763,deathknight,unholy,18,8,10
Badbrian,draenor,760,deathknight,unholy,12,8,4
Rognvald,les-sentinelles,755,deathknight,unholy,17,11,6
Ricardiob,argent-dawn,748,deathknight,unholy,16,9,7
Aldramil,gorgonnash,726,deathknight,unholy,24,9,15
Moonpoxdk,nerathor,672,deathknight,unholy,12,7,5
Raziee,twisting-nether,672,deathknight,unholy,12,7,5
Bølvar,zuljin,672,deathknight,unholy,12,7,5
Charlytango,archimonde,672,deathknight,unholy,12,7,5
Hyperflexz,blackrock,672,deathknight,unholy,14,7,7
Никнейм,gordunni,672,deathknight,unholy,18,7,11
Darkarthás,aegwynn,672,deathknight,unholy,18,7,11
Soulchaos,ravencrest,672,deathknight,unholy,18,7,11
Катаринья,howling-fjord,672,deathknight,unholy,18,7,11
Unholykebab,defias-brotherhood,672,deathknight,unholy,18,7,11
Gadres,aegwynn,672,deathknight,unholy,18,7,11
Чумазная,howling-fjord,672,deathknight,unholy,18,7,11
Sythuss,argent-dawn,672,deathknight,unholy,18,7,11
Шуршаня,blackscar,672,deathknight,unholy,18,7,11
Dimania,the-maelstrom,672,deathknight,unholy,24,7,17
Smightydk,kazzak,671,deathknight,unholy,12,7,5
Микелон,gordunni,671,deathknight,unholy,12,7,5
Grezak,defias-brotherhood,671,deathknight,unholy,12,7,5
Mcrune,ravencrest,671,deathknight,unholy,18,7,11
Ráisy,outland,671,deathknight,unholy,24,7,17
Crudelias,aegwynn,670,deathknight,unholy,12,7,5
Amencore,kazzak,670,deathknight,unholy,14,7,7
Feekus,deathwing,669,deathknight,unholy,12,7,5
Gothral,doomhammer,665,deathknight,unholy,12,7,5
Dekayo,blackrock,640,deathknight,unholy,16,7,9
Icyplague,ravencrest,638,deathknight,unholy,14,8,6
Ogomegee,ravencrest,638,deathknight,unholy,16,7,9
Анкара,ashenvale,622,deathknight,unholy,17,7,10
Vargass,darksorrow,598,deathknight,unholy,14,7,7
Dasvidania,ragnaros,576,deathknight,unholy,6,6,0
Feelmyfuri,mazrigos,576,deathknight,unholy,12,6,6
Nephalêm,thrall,576,deathknight,unholy,12,6,6
Sfintter,uldum,576,deathknight,unholy,12,6,6
Huxleeyys,draenor,576,deathknight,unholy,12,6,6
Gigadk,ragnaros,576,deathknight,unholy,12,6,6
Myeltior,kazzak,576,deathknight,unholy,12,6,6
Lemain,drakthul,576,deathknight,unholy,12,6,6
Duriel,stormscale,576,deathknight,unholy,12,6,6
Swordkill,drakthul,576,deathknight,unholy,12,6,6
Kebabpizza,argent-dawn,576,deathknight,unholy,12,6,6
Fatøumatata,archimonde,576,deathknight,unholy,12,6,6
Kurían,burning-legion,576,deathknight,unholy,12,6,6
Ketnissq,blackrock,576,deathknight,unholy,12,6,6
Petardodupy,burning-legion,576,deathknight,unholy,12,6,6
Stinglelz,chogall,576,deathknight,unholy,12,6,6
Mefhesto,tarren-mill,576,deathknight,unholy,12,6,6
Ðavy,silvermoon,576,deathknight,unholy,12,6,6
Petergrippin,dragonblight,576,deathknight,unholy,12,6,6
Fringles,twisting-nether,576,deathknight,unholy,12,6,6
Tombkeeper,silvermoon,576,deathknight,unholy,12,6,6
Keet,turalyon,576,deathknight,unholy,15,7,8
Critgødx,draenor,576,deathknight,unholy,13,6,7
Deathuss,silvermoon,576,deathknight,unholy,18,6,12
Armanelo,stormscale,576,deathknight,unholy,18,6,12
Valanaari,argent-dawn,576,deathknight,unholy,18,6,12
Itokawa,tarren-mill,576,deathknight,unholy,18,6,12
Tyranuse,kazzak,576,deathknight,unholy,18,6,12
Deathboost,archimonde,576,deathknight,unholy,18,6,12
Niex,destromath,576,deathknight,unholy,18,6,12
Pestikus,thrall,576,deathknight,unholy,18,6,12
Exult,twisting-nether,576,deathknight,unholy,18,6,12
Oxxöw,draenor,576,deathknight,unholy,18,6,12
Spøøk,defias-brotherhood,576,deathknight,unholy,18,6,12
Spom,elune,576,deathknight,unholy,24,6,18
Goùlag,culte-de-la-rive-noire,576,deathknight,unholy,24,6,18
Pangen,ravencrest,576,deathknight,unholy,36,6,30
Havi,thunderhorn,575,deathknight,unholy,12,6,6
Dekatos,twisting-nether,575,deathknight,unholy,12,6,6
Oldiseas,grim-batol,575,deathknight,unholy,12,6,6
Arrakìs,nemesis,575,deathknight,unholy,12,6,6
Nekote,silvermoon,575,deathknight,unholy,12,6,6
Feugen,hyjal,575,deathknight,unholy,12,6,6
Mosscraciun,kazzak,575,deathknight,unholy,12,6,6
Zóur,rajaxx,575,deathknight,unholy,12,6,6
Puppétmastér,kazzak,575,deathknight,unholy,18,6,12
Skeggjold,drakthul,574,deathknight,unholy,12,6,6
Nephenty,der-rat-von-dalaran,574,deathknight,unholy,12,6,6
Luciferyan,twisting-nether,574,deathknight,unholy,12,6,6
Fortinateur,dalaran,573,deathknight,unholy,12,6,6
Cervanteso,uldum,571,deathknight,unholy,12,6,6
Morssal,outland,559,deathknight,unholy,11,6,5
Homunculas,twisting-nether,559,deathknight,unholy,11,6,5
Агереро,howling-fjord,543,deathknight,unholy,17,6,11
Алкеокол,soulflayer,527,deathknight,unholy,21,6,15
Xawias,ulduar,522,deathknight,unholy,14,7,7
Deadpòól,twisting-nether,521,deathknight,unholy,33,7,26
Nirna,argent-dawn,514,deathknight,unholy,39,6,33
Rayliegh,silvermoon,511,deathknight,unholy,11,6,5
Seal,lightnings-blade,511,deathknight,unholy,26,9,17
Náthrakh,argent-dawn,480,deathknight,unholy,6,5,1
Scotty,ravencrest,480,deathknight,unholy,6,5,1
Theamine,silvermoon,480,deathknight,unholy,6,5,1
Quazy,draenor,480,deathknight,unholy,12,5,7
Dêeath,madmortem,480,deathknight,unholy,12,5,7
Elliipirelli,doomhammer,480,deathknight,unholy,12,5,7
Sipsip,tarren-mill,480,deathknight,unholy,12,5,7
Stipemiocic,nemesis,480,deathknight,unholy,12,5,7
Дядьдим,soulflayer,480,deathknight,unholy,12,5,7
Deathkanta,antonidas,480,deathknight,unholy,12,5,7
Luciferon,zenedar,480,deathknight,unholy,12,5,7
Kelebglin,silvermoon,480,deathknight,unholy,12,5,7
Morgianà,argent-dawn,480,deathknight,unholy,12,5,7
Shewoman,stormreaver,480,deathknight,unholy,12,5,7
Kaeyz,blackmoore,480,deathknight,unholy,12,5,7
Clérora,argent-dawn,480,deathknight,unholy,12,5,7
Миракл,howling-fjord,480,deathknight,unholy,12,5,7
Wttdmg,kazzak,480,deathknight,unholy,12,5,7
Cbalife,ragnaros,480,deathknight,unholy,12,5,7
Deathmonsta,auchindoun,480,deathknight,unholy,12,5,7
Gigacow,outland,480,deathknight,unholy,12,5,7
Шэйп,fordragon,480,deathknight,unholy,12,5,7
Zhugzug,ragnaros,480,deathknight,unholy,12,5,7
Dejkå,silvermoon,480,deathknight,unholy,12,5,7
Frostich,ragnaros,480,deathknight,unholy,12,5,7
Rêxaks,dun-modr,480,deathknight,unholy,12,5,7
Дкшрёдингера,gordunni,480,deathknight,unholy,12,5,7
Christldeath,blackrock,480,deathknight,unholy,12,5,7
Shining,blackrock,480,deathknight,unholy,21,6,15
Xad,blackrock,480,deathknight,unholy,18,5,13
Тоши,fordragon,480,deathknight,unholy,18,5,13
Helixsdk,outland,480,deathknight,unholy,20,5,15
Maxïmus,argent-dawn,480,deathknight,unholy,24,5,19
Skèltòn,rexxar,479,deathknight,unholy,6,5,1
Darkqüeen,sanguino,479,deathknight,unholy,12,5,7
Crostrike,kazzak,479,deathknight,unholy,12,5,7
Mjölnir,sanguino,479,deathknight,unholy,12,5,7
Еххел,soulflayer,479,deathknight,unholy,12,5,7
Kraken,aerie-peak,479,deathknight,unholy,18,5,13
Halohuntress,outland,479,deathknight,unholy,18,5,13
Hacknorris,aegwynn,478,deathknight,unholy,12,5,7
Mailasse,dalaran,476,deathknight,unholy,10,6,4
Jarhèad,grim-batol,476,deathknight,unholy,22,7,15
Kailara,draenor,463,deathknight,unholy,11,5,6
Ðaserka,blackrock,447,deathknight,unholy,11,5,6
Shadowgohst,dun-morogh,440,deathknight,unholy,14,6,8
Аданаэль,howling-fjord,425,deathknight,unholy,17,6,11
Ezlar,silvermoon,400,deathknight,unholy,7,5,2
Mateusz,lightbringer,384,deathknight,unholy,6,4,2
Krisigaped,blackhand,384,deathknight,unholy,6,4,2
Yggrauthr,argent-dawn,384,deathknight,unholy,6,4,2
Wesnoth,ravencrest,384,deathknight,unholy,6,4,2
Buldog,laughing-skull,384,deathknight,unholy,6,4,2
Neph,sanguino,384,deathknight,unholy,6,4,2
Tigros,burning-legion,384,deathknight,unholy,6,4,2
Zyôs,blackmoore,384,deathknight,unholy,6,4,2
Budgetarthas,arthas,384,deathknight,unholy,6,4,2
Stepknìght,draenor,384,deathknight,unholy,6,4,2
Sprangers,ravencrest,384,deathknight,unholy,6,4,2
Брюшина,gordunni,384,deathknight,unholy,6,4,2
Lichkunt,stormscale,384,deathknight,unholy,6,4,2
Cówboylayla,stormscale,384,deathknight,unholy,6,4,2
Mangemicro,archimonde,384,deathknight,unholy,6,4,2
Copium,hyjal,384,deathknight,unholy,6,4,2
Kãzan,archimonde,384,deathknight,unholy,6,4,2
Kalhyst,archimonde,384,deathknight,unholy,6,4,2
Redduck,silvermoon,384,deathknight,unholy,6,4,2
Shlongripper,silvermoon,384,deathknight,unholy,6,4,2
Helmich,frostmane,384,deathknight,unholy,6,4,2
Pängei,frostwolf,384,deathknight,unholy,12,4,8
Servein,stormscale,384,deathknight,unholy,12,4,8
Derimathras,stormscale,384,deathknight,unholy,12,4,8
Dreadmind,blackrock,384,deathknight,unholy,12,4,8
Виндрукс,soulflayer,384,deathknight,unholy,12,4,8
Volkovitch,archimonde,384,deathknight,unholy,12,4,8
Nathriel,stormscale,384,deathknight,unholy,12,4,8
Fatuglyrat,kazzak,384,deathknight,unholy,12,4,8
Mustakäsi,ravencrest,384,deathknight,unholy,12,4,8
Razdig,dun-modr,384,deathknight,unholy,12,4,8
Bubbledeath,tarren-mill,384,deathknight,unholy,12,4,8
Sekkah,tarren-mill,384,deathknight,unholy,12,4,8
Ecormcpz,eredar,384,deathknight,unholy,12,4,8
Thoir,ahnqiraj,384,deathknight,unholy,12,4,8
Хлопайпопой,howling-fjord,384,deathknight,unholy,12,4,8
Колхозник,howling-fjord,384,deathknight,unholy,12,4,8
Cervâ,twisting-nether,384,deathknight,unholy,12,4,8
Szayestra,draenor,384,deathknight,unholy,12,4,8
Сивкабурка,fordragon,384,deathknight,unholy,18,4,14
Форнителли,howling-fjord,384,deathknight,unholy,18,4,14
Dizin,ravencrest,384,deathknight,unholy,19,4,15
Zoombie,draenor,383,deathknight,unholy,6,4,2
Bargane,twilights-hammer,383,deathknight,unholy,6,4,2
Flippmo,argent-dawn,383,deathknight,unholy,9,5,4
Aczheron,argent-dawn,383,deathknight,unholy,12,4,8
Хворной,howling-fjord,383,deathknight,unholy,12,4,8
Darkangelina,aggra-português,378,deathknight,unholy,12,4,8
Варрлнишнс,soulflayer,367,deathknight,unholy,11,4,7
Millknight,norgannon,341,deathknight,unholy,15,6,9
Väkü,silvermoon,336,deathknight,unholy,9,5,4
Saryn,burning-steppes,304,deathknight,unholy,13,4,9
Randomdkxd,ravencrest,304,deathknight,unholy,13,4,9
Amentet,anetheron,288,deathknight,unholy,10,5,5
Gbdk,xavius,288,deathknight,unholy,6,3,3
Uridk,sanguino,288,deathknight,unholy,6,3,3
Zfeuda,azshara,288,deathknight,unholy,6,3,3
Bigbaboon,stormreaver,288,deathknight,unholy,6,3,3
Adlian,twisting-nether,288,deathknight,unholy,6,3,3
Krozzytwo,draenor,288,deathknight,unholy,6,3,3
Frostbone,ravencrest,288,deathknight,unholy,6,3,3
Løz,kazzak,288,deathknight,unholy,6,3,3
Rävjakt,twisting-nether,288,deathknight,unholy,6,3,3
Darknemesis,nemesis,288,deathknight,unholy,6,3,3
Masakryczny,burning-legion,288,deathknight,unholy,6,3,3
Merekx,emerald-dream,288,deathknight,unholy,6,3,3
Ikarack,twisting-nether,288,deathknight,unholy,6,3,3
Knoxhult,kazzak,288,deathknight,unholy,6,3,3
Grippyb,tarren-mill,288,deathknight,unholy,6,3,3
Zathy,twisting-nether,288,deathknight,unholy,6,3,3
Mocca,aegwynn,288,deathknight,unholy,6,3,3
Jénga,ghostlands,288,deathknight,unholy,6,3,3
Taylorswiftz,tarren-mill,288,deathknight,unholy,6,3,3
Galgalí,blackmoore,288,deathknight,unholy,6,3,3
Krookidk,archimonde,288,deathknight,unholy,6,3,3
Израф,soulflayer,288,deathknight,unholy,6,3,3
Darkrolexx,blackhand,288,deathknight,unholy,6,3,3
Vip,argent-dawn,288,deathknight,unholy,6,3,3
Tenzøftw,archimonde,288,deathknight,unholy,6,3,3
Альдафьод,howling-fjord,288,deathknight,unholy,6,3,3
Адэлина,soulflayer,288,deathknight,unholy,6,3,3
Dextroyersx,sanguino,288,deathknight,unholy,6,3,3
Wpízdu,aegwynn,288,deathknight,unholy,6,3,3
Ecoya,blackrock,288,deathknight,unholy,6,3,3
Heresjohny,stormrage,288,deathknight,unholy,6,3,3
Тряпьё,galakrond,288,deathknight,unholy,6,3,3
Latindvergur,sylvanas,288,deathknight,unholy,6,3,3
Fredriksend,argent-dawn,288,deathknight,unholy,6,3,3
Dakyforfun,ravencrest,288,deathknight,unholy,6,3,3
Babs,sylvanas,288,deathknight,unholy,6,3,3
Cyphîllyth,auchindoun,288,deathknight,unholy,6,3,3
Zêlëph,archimonde,288,deathknight,unholy,6,3,3
Карвалан,eversong,288,deathknight,unholy,6,3,3
Joyt,argent-dawn,288,deathknight,unholy,6,3,3
Dëmise,ravencrest,288,deathknight,unholy,6,3,3
Uvros,bloodhoof,288,deathknight,unholy,6,3,3
Небишоп,howling-fjord,288,deathknight,unholy,6,3,3
Nmedk,grim-batol,288,deathknight,unholy,15,4,11
Alakiah,khaz-modan,288,deathknight,unholy,12,3,9
Dagë,twisting-nether,288,deathknight,unholy,12,3,9
Морталес,azuregos,288,deathknight,unholy,12,3,9
Juicyjayho,stormscale,288,deathknight,unholy,12,3,9
Эвессом,goldrinn,288,deathknight,unholy,12,3,9
Plaguebones,ravencrest,288,deathknight,unholy,12,3,9
Ipanicfart,argent-dawn,288,deathknight,unholy,12,3,9
Sulf,burning-legion,288,deathknight,unholy,12,3,9
Cleverb,silvermoon,288,deathknight,unholy,12,3,9
Benetleilax,bronzebeard,288,deathknight,unholy,12,3,9
Worldwiynd,ravencrest,288,deathknight,unholy,12,3,9
Lair,shendralar,288,deathknight,unholy,12,3,9
Jodure,silvermoon,288,deathknight,unholy,12,3,9
Serelis,argent-dawn,288,deathknight,unholy,12,3,9
Drraugrinn,tarren-mill,288,deathknight,unholy,12,3,9
Ashgôrath,defias-brotherhood,288,deathknight,unholy,12,3,9
Whiskine,aggramar,288,deathknight,unholy,12,3,9
Zixcommixx,hyjal,288,deathknight,unholy,12,3,9
Chains,sanguino,288,deathknight,unholy,12,3,9
Kirkster,terokkar,287,deathknight,unholy,12,3,9
Каскадёрка,howling-fjord,287,deathknight,unholy,12,3,9
Mámmôn,malygos,287,deathknight,unholy,13,3,10
Alielib,eredar,287,deathknight,unholy,30,3,27
Aguroh,khaz-modan,286,deathknight,unholy,12,3,9
Abyad,dalaran,285,deathknight,unholy,12,3,9
Hateem,sylvanas,255,deathknight,unholy,11,3,8
Narrua,die-aldor,255,deathknight,unholy,11,3,8
Difestia,silvermoon,239,deathknight,unholy,5,3,2
Даркслэш,howling-fjord,234,deathknight,unholy,17,5,12
Charai,blackhand,234,deathknight,unholy,14,4,10
Жекабыкует,borean-tundra,223,deathknight,unholy,17,5,12
Nexium,outland,192,deathknight,unholy,4,3,1
Alameda,nathrezim,192,deathknight,unholy,6,2,4
Scareanger,argent-dawn,192,deathknight,unholy,6,2,4
Iziqroi,archimonde,192,deathknight,unholy,6,2,4
Draghonis,argent-dawn,192,deathknight,unholy,6,2,4
Barnalord,dentarg,192,deathknight,unholy,6,2,4
Eigrin,argent-dawn,192,deathknight,unholy,6,2,4
Letudra,outland,192,deathknight,unholy,6,2,4
Deadlyorca,tarren-mill,192,deathknight,unholy,6,2,4
Thryndiel,ravencrest,192,deathknight,unholy,6,2,4
Engelinä,ysondre,192,deathknight,unholy,6,2,4
Bigblackgrip,hyjal,192,deathknight,unholy,6,2,4
Mustapha,kazzak,192,deathknight,unholy,6,2,4
Haeydez,draenor,192,deathknight,unholy,6,2,4
Fdkgotbuffed,tarren-mill,192,deathknight,unholy,6,2,4
Valkion,nemesis,192,deathknight,unholy,6,2,4
Kacpèr,burning-legion,192,deathknight,unholy,6,2,4
Kromas,silvermoon,192,deathknight,unholy,6,2,4
Elendren,blackrock,192,deathknight,unholy,6,2,4
Unholyysteel,silvermoon,192,deathknight,unholy,6,2,4
Hoggster,kazzak,192,deathknight,unholy,6,2,4
Аэрит,howling-fjord,192,deathknight,unholy,6,2,4
Homelándér,blackmoore,192,deathknight,unholy,6,2,4
Glower,burning-blade,192,deathknight,unholy,6,2,4
Postura,kazzak,192,deathknight,unholy,6,2,4
Bårêlýgød,blackmoore,192,deathknight,unholy,6,2,4
Буризан,blackscar,192,deathknight,unholy,6,2,4
Njor,twisting-nether,192,deathknight,unholy,6,2,4
Clipe,sanguino,192,deathknight,unholy,6,2,4
Norux,alonsus,192,deathknight,unholy,6,2,4
Гнилец,soulflayer,192,deathknight,unholy,6,2,4
Dk,earthen-ring,192,deathknight,unholy,6,2,4
Scorbion,kilrogg,192,deathknight,unholy,6,2,4
Kaysto,blackrock,192,deathknight,unholy,6,2,4
Doubledead,the-maelstrom,192,deathknight,unholy,6,2,4
Urukaye,silvermoon,192,deathknight,unholy,6,2,4
Trashdk,blackrock,192,deathknight,unholy,6,2,4
Eli,dalaran,192,deathknight,unholy,6,2,4
Skypowerxx,darkspear,192,deathknight,unholy,6,2,4
Feldøøm,nemesis,192,deathknight,unholy,6,2,4
Nihilistyx,blackrock,192,deathknight,unholy,6,2,4
Lithics,blades-edge,192,deathknight,unholy,6,2,4
Amyntasz,twisting-nether,192,deathknight,unholy,6,2,4
Azrail,alonsus,192,deathknight,unholy,12,2,10
Pottifar,tarren-mill,192,deathknight,unholy,12,2,10
Vîrus,kazzak,192,deathknight,unholy,12,2,10
Goldins,doomhammer,192,deathknight,unholy,12,2,10
Luzifear,bloodscalp,192,deathknight,unholy,12,2,10
Carnificis,nefarian,192,deathknight,unholy,12,2,10
Arthaslegend,magtheridon,192,deathknight,unholy,12,2,10
Nellath,kazzak,192,deathknight,unholy,18,2,16
Гадиния,soulflayer,191,deathknight,unholy,4,3,1
Àragørn,blackrock,191,deathknight,unholy,6,2,4
Ândi,alleria,190,deathknight,unholy,12,2,10
Civilredevil,ravencrest,159,deathknight,unholy,5,2,3
Calhoun,teldrassil,159,deathknight,unholy,5,2,3
Dødsmanna,twisting-nether,144,deathknight,unholy,9,2,7
Elite,xavius,138,deathknight,unholy,6,3,3
Sämäël,outland,137,deathknight,unholy,8,3,5
Auto,hyjal,128,deathknight,unholy,4,2,2
Inmau,sanguino,96,deathknight,unholy,3,2,1
Yagashi,stormscale,96,deathknight,unholy,6,1,5
Gdubet,kazzak,96,deathknight,unholy,6,1,5
Rouskkoff,hyjal,96,deathknight,unholy,6,1,5
Муунрок,howling-fjord,96,deathknight,unholy,6,1,5
Madseason,burning-legion,96,deathknight,unholy,6,1,5
Кернесса,blackscar,96,deathknight,unholy,6,1,5
Verssatus,archimonde,96,deathknight,unholy,6,1,5
Drfatnuts,kazzak,96,deathknight,unholy,6,1,5
Grimgôr,kazzak,96,deathknight,unholy,6,1,5
Коилкоилкоил,blackscar,96,deathknight,unholy,6,1,5
Unholygunnds,ravencrest,96,deathknight,unholy,6,1,5
Micaiah,dun-modr,96,deathknight,unholy,6,1,5
Dumbclass,wildhammer,96,deathknight,unholy,6,1,5
Rongos,norgannon,96,deathknight,unholy,6,1,5
Cowsoup,stormscale,96,deathknight,unholy,6,1,5
Sìrmooalot,twisting-nether,96,deathknight,unholy,6,1,5
Cameltôe,frostwolf,96,deathknight,unholy,6,1,5
Auggee,ravencrest,96,deathknight,unholy,6,1,5
Antexdk,drakthul,96,deathknight,unholy,6,1,5
Dextèr,stormreaver,96,deathknight,unholy,6,1,5
Orrengo,blackrock,96,deathknight,unholy,6,1,5
Beliall,draenor,96,deathknight,unholy,6,1,5
Джеттар,howling-fjord,96,deathknight,unholy,6,1,5
Lieven,tarren-mill,96,deathknight,unholy,6,1,5
Madsgrip,tarren-mill,96,deathknight,unholy,6,1,5
Wavemaker,kazzak,96,deathknight,unholy,6,1,5
Peiie,ravencrest,96,deathknight,unholy,6,1,5
Bytedk,aggra-português,96,deathknight,unholy,6,1,5
Инфлюминс,soulflayer,96,deathknight,unholy,6,1,5
Eívór,garrosh,96,deathknight,unholy,6,1,5
Skrati,das-syndikat,96,deathknight,unholy,6,1,5
Depleterus,blackrock,96,deathknight,unholy,12,1,11
Gosting,kirin-tor,96,deathknight,unholy,12,1,11
Fixmybones,frostmane,96,deathknight,unholy,12,1,11
Fenixflexin,ravencrest,96,deathknight,unholy,12,1,11
Buzknight,twisting-nether,96,deathknight,unholy,12,1,11
Brasith,outland,96,deathknight,unholy,12,1,11
Bestiaccia,nemesis,95,deathknight,unholy,6,1,5
Necromedes,kazzak,64,deathknight,unholy,4,1,3
Шарабум,howling-fjord,16,deathknight,unholy,7,1,6
Никнейм,gordunni,2123,deathknight,frost,102,55,47
Garrinchá,stormscale,2040,deathknight,frost,60,36,24
Имерсий,gordunni,2033,deathknight,frost,54,33,21
Fdkgotbuffed,tarren-mill,2028,deathknight,frost,66,34,32
Anotherdkx,ravencrest,1997,deathknight,frost,60,36,24
Igetmount,draenor,1939,deathknight,frost,42,23,19
Viuff,kazzak,1894,deathknight,frost,42,23,19
Murbastic,draenor,1862,deathknight,frost,209,102,107
Nellion,kazzak,1845,deathknight,frost,54,21,33
Jeanice,blackhand,1833,deathknight,frost,42,23,19
Эриданс,gordunni,1806,deathknight,frost,48,32,16
Duriel,stormscale,1747,deathknight,frost,91,52,39
Малтель,howling-fjord,1724,deathknight,frost,42,22,20
Дарргг,ashenvale,1722,deathknight,frost,96,47,49
Ayro,aegwynn,1697,deathknight,frost,54,27,27
Mikagoddess,argent-dawn,1668,deathknight,frost,42,22,20
Винкис,gordunni,1641,deathknight,frost,60,36,24
Frostlux,archimonde,1635,deathknight,frost,467,225,242
Rêxaks,dun-modr,1630,deathknight,frost,42,19,23
Geunieve,ysondre,1621,deathknight,frost,60,23,37
Espatula,ravencrest,1619,deathknight,frost,48,23,25
Cyliandra,silvermoon,1615,deathknight,frost,48,27,21
Banishabomb,ragnaros,1615,deathknight,frost,78,39,39
Vidofnir,argent-dawn,1611,deathknight,frost,56,31,25
Xolaani,outland,1596,deathknight,frost,36,20,16
Deucàlyqt,nemesis,1589,deathknight,frost,64,28,36
Selena,blackmoore,1587,deathknight,frost,30,17,13
Arxelas,sylvanas,1580,deathknight,frost,166,86,80
Клиссанг,razuvious,1572,deathknight,frost,30,19,11
Frace,tyrande,1570,deathknight,frost,66,27,39
Kailara,draenor,1556,deathknight,frost,48,26,22
Arxelas,stormscale,1553,deathknight,frost,48,30,18
Gorobijec,drakthul,1550,deathknight,frost,156,73,83
Raylenx,uldaman,1543,deathknight,frost,63,31,32
Deucalyqt,nemesis,1538,deathknight,frost,66,31,35
Diogenisis,arthas,1530,deathknight,frost,36,16,20
Dripgrip,ravencrest,1529,deathknight,frost,77,36,41
Hatriox,outland,1511,deathknight,frost,129,70,59
Маклайкнайт,gordunni,1507,deathknight,frost,140,70,70
Chakko,ravencrest,1503,deathknight,frost,36,16,20
Brawlerbabe,stormscale,1502,deathknight,frost,126,56,70
Regniér,frostwolf,1501,deathknight,frost,128,60,68
Leónid,kazzak,1486,deathknight,frost,33,17,16
Катаринья,howling-fjord,1474,deathknight,frost,57,28,29
Forgive,blackrock,1439,deathknight,frost,46,24,22
Dktroll,blackmoore,1428,deathknight,frost,151,67,84
Stevensdk,darkspear,1427,deathknight,frost,36,17,19
Кулькулегал,ashenvale,1424,deathknight,frost,24,15,9
Neitoperho,frostmane,1422,deathknight,frost,36,15,21
Асаала,soulflayer,1419,deathknight,frost,27,19,8
Furleyc,argent-dawn,1405,deathknight,frost,60,34,26
Düksito,dun-modr,1392,deathknight,frost,63,32,31
Skorice,dalaran,1389,deathknight,frost,48,19,29
Fallenjaina,kazzak,1386,deathknight,frost,173,82,91
Флаттершайдк,booty-bay,1383,deathknight,frost,37,16,21
Фростмаран,soulflayer,1373,deathknight,frost,96,45,51
Ðeucaly,nemesis,1357,deathknight,frost,66,30,36
Mocca,aegwynn,1357,deathknight,frost,52,21,31
Keronaterol,blackhand,1352,deathknight,frost,54,31,23
Reezeer,stormscale,1351,deathknight,frost,30,15,15
Картафилиус,soulflayer,1341,deathknight,frost,36,15,21
Ihatelife,frostwolf,1328,deathknight,frost,78,39,39
Касуляпвнз,gordunni,1324,deathknight,frost,27,15,12
Comehere,norgannon,1321,deathknight,frost,30,19,11
Deucalygodx,nemesis,1301,deathknight,frost,60,22,38
Âlîce,culte-de-la-rive-noire,1297,deathknight,frost,54,26,28
Devilknight,dentarg,1282,deathknight,frost,60,31,29
Spøøk,defias-brotherhood,1270,deathknight,frost,120,55,65
Fixmybones,frostmane,1249,deathknight,frost,30,18,12
Døuffy,hyjal,1248,deathknight,frost,149,72,77
Sonnedeath,tarren-mill,1247,deathknight,frost,22,14,8
Elendren,blackrock,1247,deathknight,frost,24,13,11
Superere,hyjal,1241,deathknight,frost,120,62,58
Düks,dun-modr,1238,deathknight,frost,87,39,48
Arthasuk,dun-modr,1234,deathknight,frost,74,40,34
Twardobaba,burning-legion,1231,deathknight,frost,50,24,26
Satyriasis,twisting-nether,1224,deathknight,frost,28,16,12
Кроуфрост,gordunni,1219,deathknight,frost,48,21,27
Frostmommy,argent-dawn,1214,deathknight,frost,41,16,25
Êbøla,sanguino,1202,deathknight,frost,66,28,38
Krasny,hyjal,1179,deathknight,frost,78,42,36
Abnormus,tarren-mill,1179,deathknight,frost,72,38,34
Cayliadk,tarren-mill,1174,deathknight,frost,167,76,91
Zandruq,twisting-nether,1162,deathknight,frost,52,21,31
Aceléss,drakthul,1150,deathknight,frost,18,12,6
Tenzøftw,archimonde,1148,deathknight,frost,24,12,12
Nôsferatú,amanthul,1145,deathknight,frost,78,39,39
Darkchas,silvermoon,1144,deathknight,frost,24,12,12
Геннош,howling-fjord,1143,deathknight,frost,24,12,12
Zerodude,silvermoon,1142,deathknight,frost,60,30,30
Azrador,frostwolf,1140,deathknight,frost,54,21,33
Sipsip,tarren-mill,1139,deathknight,frost,24,12,12
Morgouse,kazzak,1139,deathknight,frost,89,38,51
Polimeh,draenor,1132,deathknight,frost,66,38,28
Mattesøs,drakthul,1130,deathknight,frost,36,13,23
Barathéøn,les-sentinelles,1118,deathknight,frost,35,12,23
Dkruffos,draenor,1114,deathknight,frost,60,24,36
Alastoras,nemesis,1108,deathknight,frost,37,19,18
Collinná,aegwynn,1104,deathknight,frost,36,13,23
Порция,greymane,1089,deathknight,frost,36,24,12
Thenrys,culte-de-la-rive-noire,1083,deathknight,frost,44,14,30
Woddey,blackrock,1073,deathknight,frost,48,22,26
Вафельнаяфея,blackscar,1073,deathknight,frost,43,17,26
Ivik,the-maelstrom,1058,deathknight,frost,50,30,20
Khelthalas,teldrassil,1053,deathknight,frost,25,18,7
Unaxito,sanguino,1052,deathknight,frost,24,11,13
Monkeydclaus,arathor,1010,deathknight,frost,24,11,13
Quantumshift,ravencrest,1004,deathknight,frost,17,11,6
Sooran,blackhand,994,deathknight,frost,24,16,8
Zioan,jaedenar,962,deathknight,frost,38,17,21
Dakyforfun,ravencrest,960,deathknight,frost,12,10,2
Flúrrý,kazzak,960,deathknight,frost,24,10,14
Kooklynn,aggra-português,955,deathknight,frost,18,10,8
Ubiystvo,kazzak,955,deathknight,frost,18,10,8
Môrgøth,nemesis,952,deathknight,frost,24,10,14
Dursall,thrall,912,deathknight,frost,119,56,63
Mauryr,drakthul,900,deathknight,frost,60,20,40
Нифер,deathguard,894,deathknight,frost,20,10,10
Карвалан,eversong,884,deathknight,frost,36,18,18
Peachvajz,turalyon,882,deathknight,frost,54,27,27
Kixx,bloodfeather,873,deathknight,frost,53,13,40
Fareast,nerathor,865,deathknight,frost,78,36,42
Mellion,ragnaros,864,deathknight,frost,12,9,3
ßambøøzle,draenor,864,deathknight,frost,18,9,9
Løz,kazzak,864,deathknight,frost,18,9,9
Zektal,thrall,864,deathknight,frost,18,9,9
Sinabre,eitrigg,863,deathknight,frost,12,9,3
Wrathlich,tyrande,863,deathknight,frost,18,9,9
Murky,kazzak,863,deathknight,frost,18,9,9
Asphyxias,alleria,863,deathknight,frost,18,9,9
Nymfo,tirion,862,deathknight,frost,12,9,3
Tofin,dunemaul,861,deathknight,frost,18,9,9
Neorteriona,argent-dawn,860,deathknight,frost,18,9,9
Vîrus,kazzak,859,deathknight,frost,18,9,9
Kãra,ysondre,859,deathknight,frost,18,9,9
Deathknight,spinebreaker,859,deathknight,frost,24,9,15
Zuggandk,tarren-mill,857,deathknight,frost,18,9,9
Rogerwaterz,twisting-nether,855,deathknight,frost,12,9,3
Belía,blackmoore,854,deathknight,frost,24,9,15
Deadkilla,stormreaver,851,deathknight,frost,18,9,9
Guillemet,turalyon,830,deathknight,frost,16,10,6
Elbaqwan,the-shatar,827,deathknight,frost,30,13,17
Craftmaker,eonar,816,deathknight,frost,44,19,25
Afadk,kazzak,802,deathknight,frost,48,18,30
Ниффер,deathguard,800,deathknight,frost,22,9,13
Iaccidens,stormscale,791,deathknight,frost,28,9,19
Селес,ashenvale,768,deathknight,frost,12,8,4
Tenzøjr,archimonde,768,deathknight,frost,12,8,4
Salaahadin,darkspear,768,deathknight,frost,18,8,10
Eynoway,blackmoore,768,deathknight,frost,18,8,10
Lylíth,archimonde,767,deathknight,frost,12,8,4
Blácked,draenor,767,deathknight,frost,12,8,4
Frostymel,ravencrest,767,deathknight,frost,24,8,16
Jollíe,tarren-mill,767,deathknight,frost,24,8,16
Zaouros,silvermoon,767,deathknight,frost,30,8,22
Leahthebad,sylvanas,766,deathknight,frost,18,8,10
Zombíe,laughing-skull,765,deathknight,frost,12,8,4
Арнорос,lich-king,764,deathknight,frost,12,8,4
Orcborg,zuljin,764,deathknight,frost,18,8,10
Bari,the-venture-co,763,deathknight,frost,18,8,10
Gageth,shadowsong,763,deathknight,frost,33,9,24
Fullbusterr,hyjal,761,deathknight,frost,12,8,4
Krylow,draenor,760,deathknight,frost,24,8,16
Zerdon,frostmane,756,deathknight,frost,12,8,4
Lichfils,chogall,745,deathknight,frost,27,8,19
Odaijini,archimonde,719,deathknight,frost,17,8,9
Gorefiend,kazzak,672,deathknight,frost,12,7,5
Madseason,burning-legion,672,deathknight,frost,12,7,5
Veneera,emeriss,672,deathknight,frost,12,7,5
Mâxî,hyjal,672,deathknight,frost,12,7,5
Wintersons,tarren-mill,671,deathknight,frost,12,7,5
Halohuntress,outland,671,deathknight,frost,18,7,11
Holîx,kazzak,671,deathknight,frost,30,7,23
Blurek,lordaeron,670,deathknight,frost,12,7,5
Меланндрис,gordunni,669,deathknight,frost,15,8,7
Moosbirne,blackhand,669,deathknight,frost,18,7,11
Gravehammer,sylvanas,663,deathknight,frost,12,7,5
Aczheron,argent-dawn,660,deathknight,frost,24,7,17
Antîlâ,antonidas,658,deathknight,frost,12,7,5
Wildsword,sylvanas,607,deathknight,frost,16,7,9
Diatriss,argent-dawn,584,deathknight,frost,19,8,11
Orangatang,dalaran,576,deathknight,frost,12,6,6
Планус,booty-bay,576,deathknight,frost,12,6,6
Narali,argent-dawn,576,deathknight,frost,12,6,6
Rubbann,ravencrest,576,deathknight,frost,12,6,6
Doping,eredar,576,deathknight,frost,12,6,6
Xeliora,ragnaros,576,deathknight,frost,15,7,8
Deathmike,steamwheedle-cartel,576,deathknight,frost,18,6,12
Worlviuz,argent-dawn,576,deathknight,frost,18,6,12
Rompå,ravencrest,576,deathknight,frost,18,6,12
Parayysite,eredar,576,deathknight,frost,18,6,12
Abadonn,archimonde,576,deathknight,frost,18,6,12
Qus,twisting-nether,576,deathknight,frost,18,6,12
Gotendk,draenor,575,deathknight,frost,12,6,6
Cdp,ragnaros,575,deathknight,frost,12,6,6
Tugarinzmey,tarren-mill,575,deathknight,frost,18,6,12
Фламмивир,gordunni,572,deathknight,frost,12,6,6
Izanagii,exodar,572,deathknight,frost,12,6,6
Tyranuse,kazzak,527,deathknight,frost,17,6,11
Фэйлстрайк,azuregos,510,deathknight,frost,14,6,8
Exodiuss,dalaran,510,deathknight,frost,16,6,10
Deckbulle,blackhand,480,deathknight,frost,6,5,1
Nifllheimr,outland,480,deathknight,frost,6,5,1
Thebangman,ravencrest,480,deathknight,frost,9,6,3
Ûñhølýðéåthj,tarren-mill,480,deathknight,frost,12,5,7
Leonis,arthas,480,deathknight,frost,12,5,7
Justaniceguy,silvermoon,480,deathknight,frost,12,5,7
Mcrune,ravencrest,480,deathknight,frost,12,5,7
Feelmyfuri,mazrigos,480,deathknight,frost,12,5,7
Руин,blackscar,480,deathknight,frost,12,5,7
Runepride,argent-dawn,480,deathknight,frost,12,5,7
Gringly,tarren-mill,480,deathknight,frost,12,5,7
Pestilerous,draenor,480,deathknight,frost,18,5,13
Nathriel,stormscale,479,deathknight,frost,12,5,7
Ostridz,grim-batol,479,deathknight,frost,12,5,7
Hellcrosser,blackrock,479,deathknight,frost,12,5,7
Sindó,blackrock,479,deathknight,frost,12,5,7
Xtream,blackmoore,479,deathknight,frost,12,5,7
Deadpòól,twisting-nether,479,deathknight,frost,18,5,13
Copium,hyjal,477,deathknight,frost,12,5,7
Fishtruction,tarren-mill,476,deathknight,frost,12,5,7
Kejpo,drakthul,473,deathknight,frost,12,5,7
Predatormkdd,ravencrest,429,deathknight,frost,11,5,6
Lemmegetuuh,chogall,384,deathknight,frost,6,4,2
Gauloupin,lightnings-blade,384,deathknight,frost,6,4,2
Indrette,archimonde,384,deathknight,frost,6,4,2
Oldiseas,grim-batol,384,deathknight,frost,6,4,2
Reann,argent-dawn,384,deathknight,frost,6,4,2
Gozuryu,kazzak,384,deathknight,frost,6,4,2
Enzy,drakthul,384,deathknight,frost,6,4,2
Wuurzaag,twisting-nether,384,deathknight,frost,6,4,2
Namzera,draenor,384,deathknight,frost,6,4,2
Вирко,eversong,384,deathknight,frost,9,5,4
Xenake,kazzak,384,deathknight,frost,12,4,8
Buldog,laughing-skull,384,deathknight,frost,12,4,8
Anasûrimbor,tarren-mill,384,deathknight,frost,12,4,8
Pawnzqtie,stormscale,384,deathknight,frost,12,4,8
Doodcraft,tarren-mill,384,deathknight,frost,12,4,8
Æew,kazzak,384,deathknight,frost,12,4,8
Prokszii,turalyon,384,deathknight,frost,12,4,8
Uthn,outland,384,deathknight,frost,12,4,8
Apraxia,ravencrest,384,deathknight,frost,12,4,8
Джайвана,soulflayer,384,deathknight,frost,12,4,8
Raihor,outland,384,deathknight,frost,14,4,10
Кокосоус,gordunni,384,deathknight,frost,17,4,13
Dzengiskhan,draenor,384,deathknight,frost,24,4,20
Beherith,sunstrider,383,deathknight,frost,6,4,2
Tÿnak,der-mithrilorden,383,deathknight,frost,9,4,5
Бранс,gordunni,383,deathknight,frost,12,4,8
Eckodk,aggra-português,383,deathknight,frost,12,4,8
Breeze,xavius,383,deathknight,frost,12,4,8
Arond,arygos,383,deathknight,frost,12,4,8
Гадиния,soulflayer,383,deathknight,frost,12,4,8
Kivo,marécage-de-zangar,383,deathknight,frost,12,4,8
Belâam,archimonde,383,deathknight,frost,24,4,20
Dànté,eitrigg,382,deathknight,frost,6,4,2
Дневнои,howling-fjord,382,deathknight,frost,12,4,8
Vicoperian,stormscale,382,deathknight,frost,12,4,8
Dreadnight,sanguino,351,deathknight,frost,8,5,3
Nîghtmáre,ravencrest,351,deathknight,frost,11,4,7
Dexterlul,blackmoore,288,deathknight,frost,6,3,3
Nexxel,blackhand,288,deathknight,frost,6,3,3
Whippy,ravencrest,288,deathknight,frost,6,3,3
Xanthic,ravencrest,288,deathknight,frost,6,3,3
Ogomegee,ravencrest,288,deathknight,frost,6,3,3
Cptneverdie,stormscale,288,deathknight,frost,6,3,3
Merdenhall,argent-dawn,288,deathknight,frost,6,3,3
Leyc,argent-dawn,288,deathknight,frost,6,3,3
Cyphîllyth,auchindoun,288,deathknight,frost,6,3,3
Vexxed,magtheridon,288,deathknight,frost,6,3,3
Keridíin,twisting-nether,288,deathknight,frost,6,3,3
Hellcrusher,kazzak,288,deathknight,frost,6,3,3
Ahnuk,aggra-português,288,deathknight,frost,6,3,3
Regys,argent-dawn,288,deathknight,frost,6,3,3
Soulrender,kirin-tor,288,deathknight,frost,6,3,3
Шэйп,fordragon,288,deathknight,frost,6,3,3
Persefal,nemesis,288,deathknight,frost,6,3,3
Necrozy,aggra-português,288,deathknight,frost,6,3,3
Madsgrip,tarren-mill,288,deathknight,frost,6,3,3
Vaanor,draenor,288,deathknight,frost,6,3,3
Джеттар,howling-fjord,288,deathknight,frost,6,3,3
Jumbogrip,tarren-mill,288,deathknight,frost,6,3,3
Petardodupy,burning-legion,288,deathknight,frost,6,3,3
Jjayker,kazzak,288,deathknight,frost,6,3,3
Nazgül,drakthul,288,deathknight,frost,6,3,3
Dextroyersx,sanguino,288,deathknight,frost,6,3,3
Modelo,twisting-nether,288,deathknight,frost,6,3,3
Kèén,kazzak,288,deathknight,frost,6,3,3
Moko,defias-brotherhood,288,deathknight,frost,6,3,3
Thilior,silvermoon,288,deathknight,frost,12,3,9
Chifuyu,azjolnerub,288,deathknight,frost,12,3,9
Klingenblut,blackrock,288,deathknight,frost,12,3,9
Тенелла,gordunni,288,deathknight,frost,12,3,9
Prekliatylad,burning-blade,288,deathknight,frost,12,3,9
Discochoppa,blackmoore,288,deathknight,frost,12,3,9
Thedk,voljin,288,deathknight,frost,12,3,9
Dämäger,proudmoore,288,deathknight,frost,12,3,9
Râke,teldrassil,288,deathknight,frost,12,3,9
Zoree,draenor,288,deathknight,frost,12,3,9
Balekouille,eldrethalas,287,deathknight,frost,6,3,3
Dekagramcz,drakthul,287,deathknight,frost,6,3,3
Sawishere,sanguino,287,deathknight,frost,12,3,9
Venthyrgwa,kazzak,284,deathknight,frost,7,5,2
Archdemonio,wildhammer,192,deathknight,frost,6,2,4
Babsyknight,wildhammer,192,deathknight,frost,6,2,4
Inaëlys,medivh,192,deathknight,frost,6,2,4
Bigspider,aggramar,192,deathknight,frost,6,2,4
Аирфрост,howling-fjord,192,deathknight,frost,6,2,4
Notstacy,dragonblight,192,deathknight,frost,6,2,4
Seasonfive,arathor,192,deathknight,frost,6,2,4
Doubledead,the-maelstrom,192,deathknight,frost,6,2,4
Nèrfx,ragnaros,192,deathknight,frost,6,2,4
Dreadmind,blackrock,192,deathknight,frost,6,2,4
Pandahapci,ragnaros,192,deathknight,frost,6,2,4
Vaffe,tarren-mill,192,deathknight,frost,6,2,4
Ilovegouàng,khaz-modan,192,deathknight,frost,6,2,4
Mennal,the-maelstrom,192,deathknight,frost,6,2,4
Сивкабурка,fordragon,192,deathknight,frost,6,2,4
Darksoulk,frostmane,192,deathknight,frost,6,2,4
Ratge,hyjal,192,deathknight,frost,6,2,4
Hordak,stormscale,192,deathknight,frost,6,2,4
Ullefuz,silvermoon,192,deathknight,frost,6,2,4
Royalcrown,stormscale,192,deathknight,frost,6,2,4
Necrossis,stormscale,192,deathknight,frost,6,2,4
Deathcardos,die-aldor,192,deathknight,frost,6,2,4
Køley,draenor,192,deathknight,frost,6,2,4
Ñogg,kazzak,192,deathknight,frost,6,2,4
Merdraut,alakir,192,deathknight,frost,6,2,4
Kane,destromath,192,deathknight,frost,6,2,4
Toffy,anetheron,192,deathknight,frost,6,2,4
Ilaenu,ravencrest,192,deathknight,frost,6,2,4
Doozz,draenor,192,deathknight,frost,6,2,4
Grumpykathi,blackmoore,192,deathknight,frost,6,2,4
Tyró,ravencrest,192,deathknight,frost,6,2,4
Deadlygnome,silvermoon,192,deathknight,frost,12,2,10
Eisentorte,nerathor,192,deathknight,frost,12,2,10
Adreak,defias-brotherhood,192,deathknight,frost,12,2,10
Narrua,die-aldor,192,deathknight,frost,12,2,10
Tüsa,exodar,192,deathknight,frost,18,2,16
Scorbion,kilrogg,191,deathknight,frost,7,2,5
Arthursq,stormscale,190,deathknight,frost,12,2,10
Endlesspain,burning-legion,138,deathknight,frost,8,3,5
Tzunâ,blackmoore,138,deathknight,frost,21,3,18
Бахлыщ,soulflayer,96,deathknight,frost,6,1,5
Veçh,turalyon,96,deathknight,frost,6,1,5
Thyrandre,khaz-modan,96,deathknight,frost,6,1,5
Arrèsted,aegwynn,96,deathknight,frost,6,1,5
Ischozâr,blackmoore,96,deathknight,frost,6,1,5
Feddk,stormscale,96,deathknight,frost,6,1,5
Gotbaked,outland,96,deathknight,frost,6,1,5
Pavkata,outland,96,deathknight,frost,6,1,5
Kaeyz,blackmoore,96,deathknight,frost,6,1,5
Thryndiel,ravencrest,96,deathknight,frost,6,1,5
Gigadk,ragnaros,96,deathknight,frost,6,1,5
Menacê,ravencrest,96,deathknight,frost,6,1,5
Armanelo,stormscale,96,deathknight,frost,6,1,5
Syncros,blackrock,96,deathknight,frost,6,1,5
Hydross,archimonde,96,deathknight,frost,6,1,5
Буризан,blackscar,96,deathknight,frost,6,1,5
Oj,darkspear,96,deathknight,frost,6,1,5
Jenkk,drakthul,96,deathknight,frost,6,1,5
Urukaye,silvermoon,96,deathknight,frost,6,1,5
Nelahh,the-maelstrom,96,deathknight,frost,6,1,5
Ezlar,silvermoon,96,deathknight,frost,6,1,5
Dïkcite,archimonde,96,deathknight,frost,6,1,5
Housemeyster,antonidas,96,deathknight,frost,6,1,5
Thínkk,ysondre,96,deathknight,frost,6,1,5
Slimez,magtheridon,96,deathknight,frost,6,1,5
Cleverb,silvermoon,96,deathknight,frost,6,1,5
Burebistà,eonar,96,deathknight,frost,12,1,11
Nirna,argent-dawn,96,deathknight,frost,18,1,17
Assølid,arathor,42,deathknight,frost,11,2,9
Elswavé,kazzak,2312,demonhunter,havoc,120,72,48
Zslebaans,dun-modr,2217,demonhunter,havoc,194,101,93
Itsdampbaby,kazzak,2211,demonhunter,havoc,115,62,53
Íllìðåñgøðx,twisting-nether,2196,demonhunter,havoc,88,48,40
Guësswho,twisting-nether,2193,demonhunter,havoc,87,47,40
Norgàn,die-aldor,2178,demonhunter,havoc,81,44,37
Ðesz,sanguino,2153,demonhunter,havoc,95,52,43
Enysia,twisting-nether,2127,demonhunter,havoc,122,62,60
Zuklio,ysondre,2125,demonhunter,havoc,146,74,72
Heatx,ysondre,2124,demonhunter,havoc,144,83,61
Melan,sanguino,2116,demonhunter,havoc,108,54,54
Évø,silvermoon,2114,demonhunter,havoc,107,54,53
Лфгхиро,soulflayer,2101,demonhunter,havoc,65,37,28
Razzagall,elune,2101,demonhunter,havoc,54,30,24
Boostbydh,archimonde,2101,demonhunter,havoc,219,115,104
Glìmpsêgøðx,twisting-nether,2057,demonhunter,havoc,65,35,30
Læsy,antonidas,2049,demonhunter,havoc,145,76,69
Badtime,malganis,2035,demonhunter,havoc,170,90,80
Battlebruh,ghostlands,2032,demonhunter,havoc,83,39,44
Demonalpha,stormscale,2018,demonhunter,havoc,61,34,27
Paschli,tarren-mill,2016,demonhunter,havoc,150,80,70
Cuddlypeanut,argent-dawn,2000,demonhunter,havoc,136,65,71
Veon,ravencrest,1988,demonhunter,havoc,281,136,145
Wibez,twisting-nether,1986,demonhunter,havoc,60,39,21
Norgan,die-aldor,1976,demonhunter,havoc,60,33,27
Brawndow,draenor,1976,demonhunter,havoc,99,53,46
Aiean,ravencrest,1973,demonhunter,havoc,162,81,81
Anabbele,kazzak,1968,demonhunter,havoc,96,52,44
Gilletteabdi,argent-dawn,1966,demonhunter,havoc,115,58,57
Ohseri,defias-brotherhood,1963,demonhunter,havoc,162,78,84
Delanoss,blackmoore,1956,demonhunter,havoc,97,55,42
Illislan,darksorrow,1955,demonhunter,havoc,209,109,100
Tyssra,argent-dawn,1955,demonhunter,havoc,192,93,99
Bxdh,outland,1952,demonhunter,havoc,75,36,39
Мортрэд,gordunni,1950,demonhunter,havoc,66,39,27
Sofun,stormscale,1950,demonhunter,havoc,110,56,54
Pipeandy,kazzak,1946,demonhunter,havoc,95,52,43
Battlebruuh,ghostlands,1935,demonhunter,havoc,66,27,39
Çøððøøððøøðð,blackmoore,1934,demonhunter,havoc,132,71,61
Scubaman,tarren-mill,1932,demonhunter,havoc,54,31,23
Iryut,onyxia,1932,demonhunter,havoc,84,45,39
Cydh,auchindoun,1917,demonhunter,havoc,90,45,45
Nèvér,silvermoon,1913,demonhunter,havoc,84,41,43
Damatche,outland,1910,demonhunter,havoc,136,68,68
Gíftig,ravencrest,1900,demonhunter,havoc,53,29,24
Истребитель,blackscar,1894,demonhunter,havoc,216,121,95
Майвэйх,soulflayer,1886,demonhunter,havoc,100,49,51
Skywålker,stormscale,1882,demonhunter,havoc,75,38,37
Ïîï,archimonde,1880,demonhunter,havoc,85,38,47
Walkmyshoes,twisting-nether,1877,demonhunter,havoc,102,51,51
Elipireli,doomhammer,1874,demonhunter,havoc,48,24,24
Mazöku,ravencrest,1873,demonhunter,havoc,86,51,35
Donkeydh,tarren-mill,1868,demonhunter,havoc,54,36,18
Màuul,ravencrest,1866,demonhunter,havoc,195,97,98
Tórstenstøck,ravencrest,1865,demonhunter,havoc,53,36,17
Oldforwow,outland,1865,demonhunter,havoc,174,91,83
Pulsefuzzy,burning-legion,1861,demonhunter,havoc,59,34,25
Betterevoker,outland,1860,demonhunter,havoc,144,75,69
Brolafsen,ravencrest,1859,demonhunter,havoc,66,32,34
Mittÿ,tarren-mill,1858,demonhunter,havoc,65,32,33
Apfelbaum,die-aldor,1857,demonhunter,havoc,60,40,20
Carboen,tarren-mill,1856,demonhunter,havoc,96,52,44
Fiveyearques,sylvanas,1856,demonhunter,havoc,102,49,53
Kebabidin,kazzak,1856,demonhunter,havoc,66,30,36
Mädchen,blackhand,1854,demonhunter,havoc,48,23,25
Smydi,blackmoore,1852,demonhunter,havoc,88,65,23
Dasein,tarren-mill,1852,demonhunter,havoc,54,29,25
Itadora,antonidas,1847,demonhunter,havoc,66,34,32
Аркантт,soulflayer,1847,demonhunter,havoc,183,88,95
Notlars,chamber-of-aspects,1846,demonhunter,havoc,53,31,22
Flyingwhale,terokkar,1846,demonhunter,havoc,75,43,32
Хэллшок,eversong,1843,demonhunter,havoc,48,28,20
Клопобойка,gordunni,1842,demonhunter,havoc,69,37,32
Bloodwatcher,twisting-nether,1842,demonhunter,havoc,54,27,27
Avye,tichondrius,1838,demonhunter,havoc,60,31,29
Fotmdehatwo,blackrock,1837,demonhunter,havoc,61,32,29
Ilovelilith,zuljin,1837,demonhunter,havoc,129,67,62
Nøbodyx,tarren-mill,1837,demonhunter,havoc,66,33,33
Xarôth,eredar,1837,demonhunter,havoc,66,32,34
Minifranger,archimonde,1835,demonhunter,havoc,87,47,40
Ðoksy,archimonde,1835,demonhunter,havoc,60,31,29
Zkrdh,kazzak,1835,demonhunter,havoc,65,33,32
Нэйтиси,soulflayer,1834,demonhunter,havoc,68,36,32
Zeroques,frostmane,1831,demonhunter,havoc,66,33,33
Сасун,galakrond,1831,demonhunter,havoc,69,32,37
Wibergdh,kazzak,1830,demonhunter,havoc,36,24,12
Supay,rexxar,1830,demonhunter,havoc,58,31,27
Charteryo,eredar,1829,demonhunter,havoc,60,35,25
Badtimes,malganis,1829,demonhunter,havoc,237,118,119
Yamehd,stormreaver,1827,demonhunter,havoc,42,26,16
Chxpo,twisting-nether,1826,demonhunter,havoc,89,47,42
Сибу,soulflayer,1825,demonhunter,havoc,48,21,27
Mürh,nordrassil,1824,demonhunter,havoc,54,25,29
Дантеллиан,gordunni,1823,demonhunter,havoc,135,77,58
Hopéless,aggra-português,1821,demonhunter,havoc,42,23,19
Khétí,tarren-mill,1821,demonhunter,havoc,101,53,48
Элизар,howling-fjord,1821,demonhunter,havoc,120,61,59
Dadøw,dun-modr,1820,demonhunter,havoc,66,31,35
Onof,hyjal,1820,demonhunter,havoc,96,43,53
Malignantx,ragnaros,1819,demonhunter,havoc,54,30,24
Razex,kazzak,1819,demonhunter,havoc,111,59,52
Stickidan,malganis,1819,demonhunter,havoc,72,36,36
Krm,dun-modr,1818,demonhunter,havoc,38,23,15
Amnésysx,ysondre,1818,demonhunter,havoc,72,35,37
Boxssabanned,archimonde,1818,demonhunter,havoc,119,56,63
Luwayne,blackmoore,1818,demonhunter,havoc,47,21,26
Dreamslash,tarren-mill,1817,demonhunter,havoc,52,29,23
Airelidari,tyrande,1817,demonhunter,havoc,149,76,73
Perna,ghostlands,1814,demonhunter,havoc,74,34,40
Unseenshadow,ragnaros,1813,demonhunter,havoc,60,25,35
Найтшифт,blackscar,1811,demonhunter,havoc,46,29,17
Elsynn,dalaran,1811,demonhunter,havoc,66,35,31
Vexanic,chamber-of-aspects,1811,demonhunter,havoc,93,49,44
Eyasluna,twisting-nether,1811,demonhunter,havoc,66,30,36
Djratatouill,kazzak,1810,demonhunter,havoc,42,27,15
Хменчик,soulflayer,1809,demonhunter,havoc,97,47,50
Yúki,blackrock,1809,demonhunter,havoc,48,23,25
Ææçëñ,ravencrest,1808,demonhunter,havoc,36,23,13
Çrymemøre,dun-modr,1808,demonhunter,havoc,60,32,28
Mandariâ,blackmoore,1808,demonhunter,havoc,60,32,28
Eurobeat,dun-modr,1807,demonhunter,havoc,102,60,42
Jumpmeister,ragnaros,1806,demonhunter,havoc,42,25,17
Possomhd,kazzak,1804,demonhunter,havoc,126,74,52
Gøat,nemesis,1804,demonhunter,havoc,96,55,41
Cláw,ravencrest,1804,demonhunter,havoc,90,45,45
Jawohunt,rexxar,1803,demonhunter,havoc,108,49,59
Дэн,blackscar,1802,demonhunter,havoc,48,28,20
Batik,blackmoore,1802,demonhunter,havoc,136,69,67
Phesxdh,sylvanas,1801,demonhunter,havoc,122,77,45
Barbarinjo,silvermoon,1800,demonhunter,havoc,36,22,14
Миелион,gordunni,1800,demonhunter,havoc,65,29,36
Kindablind,aggramar,1799,demonhunter,havoc,83,40,43
Ðemøñsåy,blackrock,1798,demonhunter,havoc,107,54,53
Grimjow,arthas,1798,demonhunter,havoc,67,31,36
Icekissl,hyjal,1797,demonhunter,havoc,40,20,20
Rvnx,archimonde,1796,demonhunter,havoc,209,115,94
Mongoose,drakthul,1796,demonhunter,havoc,154,78,76
Lassudan,stormreaver,1796,demonhunter,havoc,47,23,24
Finwe,outland,1795,demonhunter,havoc,51,31,20
Камуи,gordunni,1795,demonhunter,havoc,78,39,39
Anerana,malganis,1794,demonhunter,havoc,54,27,27
Лизарин,gordunni,1792,demonhunter,havoc,71,34,37
Satånist,outland,1789,demonhunter,havoc,114,59,55
Twopumpchump,twisting-nether,1788,demonhunter,havoc,48,28,20
Kostiq,kazzak,1787,demonhunter,havoc,59,30,29
Майотх,gordunni,1783,demonhunter,havoc,113,55,58
Spheria,outland,1780,demonhunter,havoc,123,63,60
Hunee,kazzak,1778,demonhunter,havoc,60,38,22
Çôæ,twisting-nether,1778,demonhunter,havoc,123,63,60
Найтбладия,gordunni,1774,demonhunter,havoc,48,29,19
Funkiller,stormscale,1774,demonhunter,havoc,58,30,28
Írony,draenor,1773,demonhunter,havoc,44,23,21
Felom,garona,1771,demonhunter,havoc,54,32,22
Автокикер,soulflayer,1771,demonhunter,havoc,54,31,23
Demonmatheo,stormscale,1771,demonhunter,havoc,54,31,23
Bojestvena,twisting-nether,1771,demonhunter,havoc,84,39,45
Mojothejojo,ravencrest,1769,demonhunter,havoc,67,37,30
Lagseven,ravencrest,1763,demonhunter,havoc,52,27,25
Jincksdh,kazzak,1762,demonhunter,havoc,49,24,25
Eyecandy,scarshield-legion,1760,demonhunter,havoc,60,29,31
Lelaniae,blackhand,1759,demonhunter,havoc,48,20,28
Мэйзиквин,howling-fjord,1755,demonhunter,havoc,54,31,23
Stazó,drakthul,1754,demonhunter,havoc,115,61,54
Shanaplow,hyjal,1754,demonhunter,havoc,72,33,39
Leýara,blackmoore,1753,demonhunter,havoc,38,23,15
Dhgoddess,kazzak,1752,demonhunter,havoc,42,21,21
Primolover,outland,1751,demonhunter,havoc,66,33,33
Badreal,sylvanas,1750,demonhunter,havoc,42,22,20
Calloww,kazzak,1750,demonhunter,havoc,37,19,18
Ehrin,lightbringer,1748,demonhunter,havoc,70,34,36
Культсмерти,howling-fjord,1748,demonhunter,havoc,66,27,39
Xotourlife,stormscale,1744,demonhunter,havoc,36,22,14
Billyhassan,kazzak,1742,demonhunter,havoc,48,31,17
Chàk,marécage-de-zangar,1741,demonhunter,havoc,83,34,49
Zerinitý,outland,1737,demonhunter,havoc,54,29,25
Stràt,ysondre,1737,demonhunter,havoc,48,20,28
Ranked,drakthul,1737,demonhunter,havoc,75,30,45
Jeannedäsh,archimonde,1736,demonhunter,havoc,48,24,24
Cuirnoir,ravencrest,1734,demonhunter,havoc,36,20,16
Ïfï,archimonde,1734,demonhunter,havoc,147,77,70
Smâshêd,stormscale,1731,demonhunter,havoc,45,30,15
Йактон,soulflayer,1731,demonhunter,havoc,42,20,22
Ewlyna,stormscale,1730,demonhunter,havoc,48,22,26
Daemonax,ragnaros,1729,demonhunter,havoc,48,24,24
Donipwnz,blackrock,1729,demonhunter,havoc,83,35,48
Uldren,defias-brotherhood,1728,demonhunter,havoc,182,90,92
Азместь,howling-fjord,1727,demonhunter,havoc,42,20,22
Trashcarlitô,eredar,1726,demonhunter,havoc,56,30,26
Alundil,ravencrest,1725,demonhunter,havoc,60,32,28
Киттигоплей,soulflayer,1725,demonhunter,havoc,78,41,37
Kinstak,sanguino,1725,demonhunter,havoc,54,27,27
Immørtaldh,tarren-mill,1723,demonhunter,havoc,48,23,25
Balberith,twisting-nether,1722,demonhunter,havoc,81,44,37
Smoothbraiin,ravencrest,1722,demonhunter,havoc,77,41,36
Shadyblady,nemesis,1721,demonhunter,havoc,82,42,40
Zedxx,kazzak,1719,demonhunter,havoc,78,38,40
Врежимеэтти,soulflayer,1718,demonhunter,havoc,52,26,26
Maevê,frostmourne,1712,demonhunter,havoc,37,19,18
Mavorz,blackhand,1709,demonhunter,havoc,30,18,12
Barneeéy,tarren-mill,1708,demonhunter,havoc,59,31,28
Depure,blackrock,1707,demonhunter,havoc,48,24,24
Alythes,stormscale,1706,demonhunter,havoc,73,41,32
Kïallz,hyjal,1706,demonhunter,havoc,277,146,131
Demonmancer,ravencrest,1705,demonhunter,havoc,168,91,77
Neralith,ravencrest,1703,demonhunter,havoc,107,56,51
Fazero,silvermoon,1703,demonhunter,havoc,72,37,35
Авилолз,gordunni,1702,demonhunter,havoc,48,25,23
Faufilé,garona,1701,demonhunter,havoc,115,57,58
Enfy,twisting-nether,1701,demonhunter,havoc,71,35,36
Merelini,twisting-nether,1699,demonhunter,havoc,34,19,15
Haldin,kazzak,1699,demonhunter,havoc,65,33,32
Belákor,twisting-nether,1698,demonhunter,havoc,187,95,92
Fruchtzwerg,tarren-mill,1697,demonhunter,havoc,54,31,23
Tanjero,stormscale,1696,demonhunter,havoc,53,36,17
Máédhros,ravencrest,1695,demonhunter,havoc,46,21,25
Yousaindh,blackrock,1694,demonhunter,havoc,66,29,37
Malabala,grim-batol,1693,demonhunter,havoc,29,19,10
Simshady,stormscale,1692,demonhunter,havoc,48,30,18
Yerla,burning-legion,1691,demonhunter,havoc,42,20,22
Âspen,archimonde,1690,demonhunter,havoc,66,42,24
Zhadrom,ragnaros,1690,demonhunter,havoc,54,24,30
Lanadelbae,teldrassil,1689,demonhunter,havoc,103,54,49
Dxæn,archimonde,1687,demonhunter,havoc,41,24,17
Bokajr,ragnaros,1687,demonhunter,havoc,36,21,15
Alareey,antonidas,1686,demonhunter,havoc,66,33,33
Demonkata,twisting-nether,1684,demonhunter,havoc,80,46,34
Susanoø,eredar,1684,demonhunter,havoc,177,96,81
Slutkitten,ravencrest,1684,demonhunter,havoc,48,21,27
Burchulica,sylvanas,1683,demonhunter,havoc,42,24,18
Soizis,drakthul,1682,demonhunter,havoc,42,23,19
Emurid,les-sentinelles,1682,demonhunter,havoc,54,26,28
Kezumå,tarren-mill,1681,demonhunter,havoc,54,27,27
Kékw,stormscale,1680,demonhunter,havoc,93,60,33
Aethinos,sylvanas,1678,demonhunter,havoc,42,27,15
Demonichanta,azjolnerub,1678,demonhunter,havoc,184,95,89
Зарах,gordunni,1677,demonhunter,havoc,36,18,18
Xekaul,tarren-mill,1676,demonhunter,havoc,211,102,109
Ryänåir,ravencrest,1675,demonhunter,havoc,72,42,30
Weez,kilrogg,1675,demonhunter,havoc,78,36,42
Maytherel,blackhand,1674,demonhunter,havoc,120,51,69
Шахдан,howling-fjord,1673,demonhunter,havoc,76,43,33
Demoncyka,twisting-nether,1673,demonhunter,havoc,60,22,38
Hialdoo,sylvanas,1672,demonhunter,havoc,66,29,37
Sayph,hyjal,1670,demonhunter,havoc,36,20,16
Felwinter,ravencrest,1670,demonhunter,havoc,84,40,44
Imslapping,draenor,1669,demonhunter,havoc,66,37,29
Indral,argent-dawn,1667,demonhunter,havoc,54,30,24
Mêgumi,kirin-tor,1664,demonhunter,havoc,110,59,51
Thingawoop,tarren-mill,1664,demonhunter,havoc,67,33,34
Jolyh,nemesis,1662,demonhunter,havoc,42,27,15
Nolitara,exodar,1662,demonhunter,havoc,70,38,32
Nyalah,eredar,1662,demonhunter,havoc,48,24,24
Nepthýs,blackhand,1662,demonhunter,havoc,57,25,32
Ðisgraze,argent-dawn,1660,demonhunter,havoc,60,35,25
Nuxzhell,tarren-mill,1659,demonhunter,havoc,204,99,105
Shaihulud,sanguino,1658,demonhunter,havoc,181,100,81
Nøvillain,blackrock,1657,demonhunter,havoc,102,59,43
Nyalaah,eredar,1657,demonhunter,havoc,42,23,19
Кейтпрнстарс,howling-fjord,1657,demonhunter,havoc,100,53,47
Netherim,twisting-nether,1657,demonhunter,havoc,92,38,54
Dpsspec,draenor,1657,demonhunter,havoc,48,19,29
Sailen,blackmoore,1656,demonhunter,havoc,48,21,27
Anubias,ravencrest,1654,demonhunter,havoc,60,25,35
Thorair,ravenholdt,1653,demonhunter,havoc,60,31,29
Felski,outland,1653,demonhunter,havoc,49,23,26
Cheetòs,blackmoore,1651,demonhunter,havoc,30,20,10
Xalgalor,silvermoon,1650,demonhunter,havoc,48,29,19
Velysaría,guldan,1650,demonhunter,havoc,46,25,21
Shabalda,dun-morogh,1647,demonhunter,havoc,52,26,26
Gigasloth,outland,1646,demonhunter,havoc,30,23,7
Lhya,tarren-mill,1645,demonhunter,havoc,60,32,28
Aofaye,aegwynn,1645,demonhunter,havoc,77,29,48
Rylqt,blackmoore,1644,demonhunter,havoc,67,33,34
Èfiie,culte-de-la-rive-noire,1644,demonhunter,havoc,41,19,22
Kâsúxôxô,ravencrest,1643,demonhunter,havoc,34,19,15
Azaleia,archimonde,1642,demonhunter,havoc,142,74,68
Cptncucumber,blackmoore,1642,demonhunter,havoc,78,39,39
Felen,zuljin,1642,demonhunter,havoc,136,64,72
Neunelfturbo,ravencrest,1641,demonhunter,havoc,24,21,3
Sepdy,draenor,1639,demonhunter,havoc,86,46,40
Boozlike,tarren-mill,1637,demonhunter,havoc,72,41,31
Picpouc,archimonde,1637,demonhunter,havoc,54,24,30
Rezer,stormscale,1637,demonhunter,havoc,66,29,37
Batx,ravencrest,1636,demonhunter,havoc,48,20,28
ßerdína,tarren-mill,1635,demonhunter,havoc,81,41,40
Riptos,blackhand,1635,demonhunter,havoc,46,22,24
Mazeeken,kazzak,1635,demonhunter,havoc,39,18,21
Azraethx,ravencrest,1633,demonhunter,havoc,60,35,25
Nisirae,argent-dawn,1633,demonhunter,havoc,129,74,55
Shadowjambo,twisting-nether,1633,demonhunter,havoc,51,27,24
Zahadius,silvermoon,1632,demonhunter,havoc,42,28,14
Havocer,burning-legion,1631,demonhunter,havoc,72,40,32
Temac,magtheridon,1630,demonhunter,havoc,42,22,20
Molntuss,ravencrest,1629,demonhunter,havoc,80,36,44
Reckqt,eredar,1628,demonhunter,havoc,30,17,13
Юзлескласс,gordunni,1627,demonhunter,havoc,36,20,16
Оригамушка,gordunni,1627,demonhunter,havoc,48,23,25
Xenits,kazzak,1627,demonhunter,havoc,51,24,27
Крикадский,howling-fjord,1626,demonhunter,havoc,90,54,36
Xetalar,burning-legion,1626,demonhunter,havoc,144,84,60
Despèradø,archimonde,1626,demonhunter,havoc,112,60,52
Omegapump,ravencrest,1626,demonhunter,havoc,36,19,17
Unkqt,dalaran,1625,demonhunter,havoc,36,20,16
Jumboo,tarren-mill,1625,demonhunter,havoc,53,29,24
Lindzor,frostmane,1624,demonhunter,havoc,47,32,15
Quazr,outland,1624,demonhunter,havoc,193,110,83
Drmanaburn,ravencrest,1624,demonhunter,havoc,30,17,13
Dominik,the-maelstrom,1623,demonhunter,havoc,126,73,53
Mentalìst,blackmoore,1623,demonhunter,havoc,69,38,31
Koomaliha,outland,1623,demonhunter,havoc,85,42,43
Edh,dalaran,1623,demonhunter,havoc,59,29,30
Demobob,tarren-mill,1623,demonhunter,havoc,42,20,22
Rabæ,blackhand,1622,demonhunter,havoc,48,23,25
Shtahuntna,tarren-mill,1618,demonhunter,havoc,156,90,66
Пибзянка,howling-fjord,1616,demonhunter,havoc,36,20,16
Ботология,gordunni,1616,demonhunter,havoc,78,37,41
Mønkeyx,kazzak,1614,demonhunter,havoc,24,17,7
Фэсс,soulflayer,1613,demonhunter,havoc,65,35,30
Rxor,eredar,1612,demonhunter,havoc,90,43,47
Thedudex,dunemaul,1612,demonhunter,havoc,44,21,23
Lilfly,twisting-nether,1611,demonhunter,havoc,30,17,13
Демонблэйдс,gordunni,1610,demonhunter,havoc,30,17,13
Gündüzgezen,silvermoon,1610,demonhunter,havoc,59,30,29
Ted,frostwolf,1610,demonhunter,havoc,36,17,19
Destinado,aggra-português,1609,demonhunter,havoc,42,24,18
Дайкиаомине,soulflayer,1609,demonhunter,havoc,36,19,17
Przemson,mazrigos,1607,demonhunter,havoc,42,22,20
Râindra,twisting-nether,1607,demonhunter,havoc,168,87,81
Øctågøñ,blackrock,1607,demonhunter,havoc,92,46,46
Майкелелекек,gordunni,1606,demonhunter,havoc,36,17,19
Glayvie,kazzak,1606,demonhunter,havoc,51,23,28
Ifeeldirty,draenor,1605,demonhunter,havoc,37,20,17
Èstefany,stormscale,1604,demonhunter,havoc,90,49,41
Zevsa,ravencrest,1604,demonhunter,havoc,48,25,23
Zayláh,ravencrest,1604,demonhunter,havoc,87,42,45
Nixzon,thrall,1604,demonhunter,havoc,78,31,47
Trashclass,draenor,1603,demonhunter,havoc,34,18,16
Уполномочен,howling-fjord,1602,demonhunter,havoc,36,20,16
Neverdance,ravencrest,1602,demonhunter,havoc,42,19,23
Zoyle,blackrock,1602,demonhunter,havoc,54,22,32
Nillrogthedh,stormscale,1600,demonhunter,havoc,120,73,47
Jórúnn,twisting-nether,1600,demonhunter,havoc,36,18,18
Ícéìnmývèins,stormscale,1600,demonhunter,havoc,45,20,25
Великаямыша,blackscar,1598,demonhunter,havoc,44,26,18
Gïzmó,tarren-mill,1598,demonhunter,havoc,42,21,21
Speedførce,antonidas,1598,demonhunter,havoc,84,36,48
Kins,dun-modr,1598,demonhunter,havoc,48,19,29
Рейз,howling-fjord,1597,demonhunter,havoc,138,67,71
Illidarisi,auchindoun,1597,demonhunter,havoc,66,32,34
Сосочков,soulflayer,1597,demonhunter,havoc,130,62,68
Deehâ,eredar,1596,demonhunter,havoc,30,17,13
Zamassu,kazzak,1596,demonhunter,havoc,42,21,21
Fellespont,hellscream,1594,demonhunter,havoc,60,27,33
Wyna,aggra-português,1593,demonhunter,havoc,89,39,50
Sebyk,doomhammer,1591,demonhunter,havoc,54,32,22
Akkita,ravencrest,1590,demonhunter,havoc,120,63,57
Hellwynne,archimonde,1587,demonhunter,havoc,23,19,4
Lghdtv,ravencrest,1587,demonhunter,havoc,78,40,38
Evil,uldum,1584,demonhunter,havoc,125,65,60
Camtoe,ravencrest,1583,demonhunter,havoc,131,70,61
Трукейт,gordunni,1582,demonhunter,havoc,56,33,23
Wojtall,silvermoon,1581,demonhunter,havoc,176,89,87
Ethína,kazzak,1577,demonhunter,havoc,42,19,23
Ignasei,archimonde,1576,demonhunter,havoc,59,25,34
Геммула,howling-fjord,1575,demonhunter,havoc,144,70,74
Shylaría,blackhand,1573,demonhunter,havoc,42,20,22
Eréthrus,ravencrest,1572,demonhunter,havoc,36,18,18
Zitx,ravencrest,1568,demonhunter,havoc,102,56,46
Dhqoo,blackrock,1565,demonhunter,havoc,42,18,24
Zireáel,stormscale,1562,demonhunter,havoc,32,18,14
Tamtheone,silvermoon,1562,demonhunter,havoc,90,46,44
Imsickleavme,draenor,1557,demonhunter,havoc,76,39,37
Valarauk,ravencrest,1556,demonhunter,havoc,145,84,61
Incanator,tarren-mill,1556,demonhunter,havoc,60,30,30
Zintu,draenor,1554,demonhunter,havoc,108,53,55
Thkingragnar,sanguino,1553,demonhunter,havoc,36,23,13
Dhzor,twisting-nether,1552,demonhunter,havoc,64,32,32
Luunz,argent-dawn,1552,demonhunter,havoc,54,19,35
Razrsolo,tarren-mill,1550,demonhunter,havoc,35,19,16
Cynmatic,kargath,1549,demonhunter,havoc,36,19,17
Safedaddy,silvermoon,1548,demonhunter,havoc,33,18,15
Lòsâng,sanguino,1546,demonhunter,havoc,56,22,34
Sweetpety,tarren-mill,1544,demonhunter,havoc,82,43,39
Malakbel,nemesis,1544,demonhunter,havoc,157,81,76
Däshgødx,stormscale,1543,demonhunter,havoc,54,31,23
Telarris,twisting-nether,1542,demonhunter,havoc,195,110,85
Pibzya,ravencrest,1542,demonhunter,havoc,39,19,20
Testôdh,blackrock,1542,demonhunter,havoc,48,17,31
Xenca,ravencrest,1540,demonhunter,havoc,71,42,29
Чанпэн,soulflayer,1539,demonhunter,havoc,128,68,60
Ноубрейндыха,gordunni,1539,demonhunter,havoc,100,51,49
Winxclub,ravencrest,1536,demonhunter,havoc,77,44,33
Roaf,twisting-nether,1536,demonhunter,havoc,99,48,51
Турбосвинья,gordunni,1535,demonhunter,havoc,108,54,54
Ambudh,kazzak,1533,demonhunter,havoc,30,16,14
Глефавочко,gordunni,1533,demonhunter,havoc,36,16,20
Exact,throkferoth,1532,demonhunter,havoc,29,17,12
Schejtan,blackmoore,1530,demonhunter,havoc,36,22,14
Цезарий,gordunni,1530,demonhunter,havoc,138,70,68
Akaria,blackrock,1529,demonhunter,havoc,70,46,24
Мишаметапамп,grom,1529,demonhunter,havoc,30,16,14
Sidekiq,silvermoon,1529,demonhunter,havoc,46,24,22
Oniramqt,aegwynn,1528,demonhunter,havoc,36,16,20
Ардатйякши,borean-tundra,1527,demonhunter,havoc,56,20,36
Alcóhon,ravencrest,1526,demonhunter,havoc,35,17,18
Crappyftw,ravencrest,1524,demonhunter,havoc,239,124,115
Glímpse,ravencrest,1524,demonhunter,havoc,66,32,34
Garoteromani,draenor,1523,demonhunter,havoc,72,41,31
Snitchezz,blackmoore,1523,demonhunter,havoc,102,55,47
Yeedhlol,blackmoore,1523,demonhunter,havoc,30,16,14
Азелира,gordunni,1523,demonhunter,havoc,66,35,31
Dânÿ,elune,1522,demonhunter,havoc,30,16,14
Sekørm,ragnaros,1522,demonhunter,havoc,30,16,14
Ranzerg,tarren-mill,1519,demonhunter,havoc,24,17,7
Bestro,tarren-mill,1519,demonhunter,havoc,30,16,14
Shylea,ravencrest,1519,demonhunter,havoc,108,56,52
Shadoss,ravencrest,1519,demonhunter,havoc,60,28,32
Guccibaby,silvermoon,1517,demonhunter,havoc,54,27,27
Ydrael,terokkar,1517,demonhunter,havoc,42,21,21
Jesana,argent-dawn,1515,demonhunter,havoc,120,64,56
Ferihokurva,outland,1515,demonhunter,havoc,30,16,14
Méruème,hyjal,1515,demonhunter,havoc,37,19,18
Azzïnoth,sargeras,1515,demonhunter,havoc,36,17,19
Mephîsto,sylvanas,1514,demonhunter,havoc,78,41,37
Мужичок,soulflayer,1514,demonhunter,havoc,119,62,57
Fullsënd,ragnaros,1514,demonhunter,havoc,110,49,61
Alithy,kazzak,1513,demonhunter,havoc,120,70,50
Vênedri,eredar,1511,demonhunter,havoc,45,26,19
Emerelle,die-aldor,1511,demonhunter,havoc,96,46,50
Slaanaesh,kazzak,1511,demonhunter,havoc,45,17,28
Draxie,turalyon,1509,demonhunter,havoc,28,17,11
Blacklidan,blackrock,1509,demonhunter,havoc,40,17,23
Faytundh,kult-der-verdammten,1508,demonhunter,havoc,36,16,20
Mâlefiz,blackmoore,1507,demonhunter,havoc,48,22,26
Khray,archimonde,1506,demonhunter,havoc,30,16,14
Solarae,silvermoon,1506,demonhunter,havoc,52,27,25
Theaisbae,twisting-nether,1504,demonhunter,havoc,48,22,26
Crylater,twisting-nether,1502,demonhunter,havoc,24,16,8
Geashy,blackmoore,1501,demonhunter,havoc,48,29,19
Цэрри,soulflayer,1501,demonhunter,havoc,60,30,30
Thehûnt,outland,1500,demonhunter,havoc,83,47,36
Íllìðåñgøðx,antonidas,1500,demonhunter,havoc,118,57,61
Bippsy,zuljin,1499,demonhunter,havoc,44,28,16
Nuitrayer,hyjal,1497,demonhunter,havoc,50,33,17
Этмер,soulflayer,1497,demonhunter,havoc,36,19,17
Hauntedseoul,grim-batol,1496,demonhunter,havoc,90,54,36
Dinastye,archimonde,1491,demonhunter,havoc,73,37,36
Øbsessiøn,kazzak,1490,demonhunter,havoc,89,46,43
Iphanaa,frostmane,1489,demonhunter,havoc,49,23,26
Échô,tarren-mill,1489,demonhunter,havoc,40,18,22
Brisingamen,outland,1488,demonhunter,havoc,48,25,23
Métakagoule,ysondre,1488,demonhunter,havoc,87,43,44
Kolrex,ragnaros,1488,demonhunter,havoc,53,26,27
Ziltush,archimonde,1487,demonhunter,havoc,137,69,68
Покахонта,soulflayer,1484,demonhunter,havoc,100,54,46
Pvpabuser,ravencrest,1483,demonhunter,havoc,47,27,20
Kïng,frostmane,1482,demonhunter,havoc,24,17,7
Oonn,outland,1482,demonhunter,havoc,45,21,24
Сложныйдх,howling-fjord,1480,demonhunter,havoc,30,19,11
Misli,stormscale,1480,demonhunter,havoc,54,29,25
Tenawees,blackmoore,1478,demonhunter,havoc,48,27,21
Oggidanbuu,tarren-mill,1478,demonhunter,havoc,49,22,27
Баттлрэп,soulflayer,1473,demonhunter,havoc,74,36,38
Vorbis,twisting-nether,1472,demonhunter,havoc,42,17,25
Treehunter,ravencrest,1470,demonhunter,havoc,30,16,14
Myztiko,hellscream,1470,demonhunter,havoc,140,72,68
Kayzel,argent-dawn,1468,demonhunter,havoc,138,66,72
Jco,kazzak,1466,demonhunter,havoc,32,16,16
Frevee,outland,1464,demonhunter,havoc,113,63,50
Убийца,soulflayer,1463,demonhunter,havoc,53,29,24
Рэгес,howling-fjord,1463,demonhunter,havoc,30,16,14
Darrkdemon,kazzak,1460,demonhunter,havoc,189,92,97
Actuallytrol,argent-dawn,1457,demonhunter,havoc,59,27,32
Фумиан,soulflayer,1457,demonhunter,havoc,64,28,36
Împd,ravencrest,1456,demonhunter,havoc,90,43,47
Sakumi,azshara,1456,demonhunter,havoc,122,54,68
Monkeypox,twisting-nether,1454,demonhunter,havoc,64,31,33
Cantseêyou,blackmoore,1453,demonhunter,havoc,54,29,25
Demøniac,ravencrest,1453,demonhunter,havoc,62,33,29
Мужна,grom,1452,demonhunter,havoc,34,19,15
Enthia,antonidas,1452,demonhunter,havoc,65,32,33
Duffin,doomhammer,1451,demonhunter,havoc,120,57,63
Arnokia,kazzak,1451,demonhunter,havoc,90,42,48
Ülquiorrä,kazzak,1450,demonhunter,havoc,53,34,19
Аянамирейко,blackscar,1450,demonhunter,havoc,60,36,24
Dyamo,sylvanas,1450,demonhunter,havoc,300,146,154
Кирсена,gordunni,1450,demonhunter,havoc,35,17,18
Adapterinput,auchindoun,1447,demonhunter,havoc,86,49,37
Dibo,blackmoore,1446,demonhunter,havoc,71,34,37
Azmodían,silvermoon,1446,demonhunter,havoc,41,17,24
Knùbbz,ravencrest,1444,demonhunter,havoc,63,29,34
Lasaka,stormscale,1442,demonhunter,havoc,48,28,20
Дашажмимету,blackscar,1439,demonhunter,havoc,32,16,16
Chotzbrocke,blackhand,1438,demonhunter,havoc,24,15,9
Ziplar,tarren-mill,1437,demonhunter,havoc,48,26,22
Blizdliksk,outland,1437,demonhunter,havoc,42,22,20
Onlyfangodx,antonidas,1436,demonhunter,havoc,30,15,15
Sturmimon,arthas,1436,demonhunter,havoc,36,15,21
Erzàuwu,silvermoon,1435,demonhunter,havoc,36,15,21
Shõ,twisting-nether,1433,demonhunter,havoc,42,15,27
Easywaay,kazzak,1432,demonhunter,havoc,36,21,15
Flaybalbooll,ragnaros,1432,demonhunter,havoc,132,69,63
Nvampire,draenor,1429,demonhunter,havoc,24,17,7
Afuwarrior,doomhammer,1425,demonhunter,havoc,57,31,26
Broglaive,sylvanas,1423,demonhunter,havoc,30,15,15
Culywurly,silvermoon,1423,demonhunter,havoc,60,28,32
Enhtailo,draenor,1421,demonhunter,havoc,24,15,9
Ilidrax,hyjal,1421,demonhunter,havoc,30,15,15
Tayo,dun-modr,1421,demonhunter,havoc,71,35,36
Cheethless,ragnaros,1420,demonhunter,havoc,48,26,22
Olddemon,ravencrest,1419,demonhunter,havoc,53,35,18
Doomcake,emeriss,1419,demonhunter,havoc,24,15,9
Иллиферрат,blackscar,1419,demonhunter,havoc,104,53,51
Zumei,stormreaver,1419,demonhunter,havoc,38,19,19
Эллий,blackscar,1419,demonhunter,havoc,36,15,21
Toddsnuggles,thrall,1414,demonhunter,havoc,36,23,13
Venatica,twisting-nether,1412,demonhunter,havoc,30,17,13
Illiada,spinebreaker,1411,demonhunter,havoc,30,15,15
Baball,kazzak,1410,demonhunter,havoc,57,31,26
Ibeem,dentarg,1408,demonhunter,havoc,45,31,14
Alury,blackrock,1407,demonhunter,havoc,36,20,16
Бельторо,soulflayer,1407,demonhunter,havoc,69,33,36
Blîndmaster,ravencrest,1407,demonhunter,havoc,82,39,43
Balsza,burning-legion,1406,demonhunter,havoc,30,17,13
Luzifer,ambossar,1406,demonhunter,havoc,147,77,70
Kanéki,sylvanas,1405,demonhunter,havoc,29,22,7
Tkr,zuljin,1404,demonhunter,havoc,96,51,45
Choclatballs,stormscale,1404,demonhunter,havoc,125,59,66
Garretos,senjin,1403,demonhunter,havoc,31,22,9
Felcaller,sylvanas,1403,demonhunter,havoc,54,28,26
Vaynahi,grim-batol,1401,demonhunter,havoc,72,36,36
Даблкорк,soulflayer,1400,demonhunter,havoc,107,63,44
Albunico,draenor,1400,demonhunter,havoc,141,73,68
Mareen,pozzo-delleternità,1400,demonhunter,havoc,42,21,21
Деструкцыя,howling-fjord,1399,demonhunter,havoc,45,24,21
Razziyel,ragnaros,1396,demonhunter,havoc,41,21,20
Дартарин,gordunni,1395,demonhunter,havoc,62,34,28
Aååááååââåâå,arygos,1394,demonhunter,havoc,24,15,9
Immune,aegwynn,1394,demonhunter,havoc,36,17,19
Келадор,soulflayer,1393,demonhunter,havoc,48,20,28
Тарапынька,gordunni,1392,demonhunter,havoc,88,51,37
Beerseewälk,ragnaros,1392,demonhunter,havoc,64,30,34
Läderjoel,ravencrest,1392,demonhunter,havoc,35,16,19
Brunhity,twisting-nether,1390,demonhunter,havoc,29,15,14
Yugsiturath,drakthul,1390,demonhunter,havoc,48,22,26
Adraelia,archimonde,1389,demonhunter,havoc,39,24,15
Thugrøse,blackrock,1389,demonhunter,havoc,126,63,63
Skyborn,tarren-mill,1386,demonhunter,havoc,27,16,11
Trinchensdh,blackhand,1386,demonhunter,havoc,42,18,24
Hatemrankone,outland,1383,demonhunter,havoc,51,23,28
Cptxo,tarren-mill,1382,demonhunter,havoc,35,16,19
Imlegalblind,ragnaros,1378,demonhunter,havoc,73,31,42
Keanujeeves,dentarg,1376,demonhunter,havoc,60,33,27
Daemonai,neptulon,1376,demonhunter,havoc,66,35,31
Itheos,kazzak,1374,demonhunter,havoc,119,59,60
Adalya,stormrage,1373,demonhunter,havoc,82,35,47
Persio,sanguino,1372,demonhunter,havoc,42,18,24
Pówèr,ravencrest,1371,demonhunter,havoc,54,29,25
Anstict,kazzak,1371,demonhunter,havoc,48,22,26
Шмальнуть,gordunni,1371,demonhunter,havoc,44,18,26
Súrinox,blackrock,1367,demonhunter,havoc,83,48,35
Seyran,silvermoon,1367,demonhunter,havoc,30,15,15
Iaml,ravencrest,1366,demonhunter,havoc,49,24,25
Poutanaola,twisting-nether,1365,demonhunter,havoc,30,15,15
Destructs,sylvanas,1364,demonhunter,havoc,37,20,17
Varedisa,kazzak,1363,demonhunter,havoc,47,22,25
Nezruslfive,dun-modr,1361,demonhunter,havoc,36,18,18
Phudi,tarren-mill,1361,demonhunter,havoc,83,36,47
Gonextbg,tarren-mill,1361,demonhunter,havoc,42,18,24
Khalestya,shendralar,1360,demonhunter,havoc,72,33,39
Stellarvore,nemesis,1358,demonhunter,havoc,90,39,51
Остроухйй,blackscar,1358,demonhunter,havoc,36,15,21
Wrakdh,archimonde,1355,demonhunter,havoc,56,34,22
Zakaji,blackmoore,1353,demonhunter,havoc,32,15,17
Агрочика,borean-tundra,1349,demonhunter,havoc,36,16,20
Thalamis,kazzak,1345,demonhunter,havoc,75,33,42
Ларэгар,azuregos,1343,demonhunter,havoc,70,28,42
Dantert,zuljin,1342,demonhunter,havoc,24,14,10
Illídana,azjolnerub,1340,demonhunter,havoc,62,32,30
Древиал,gordunni,1340,demonhunter,havoc,38,18,20
Rehagen,ysondre,1339,demonhunter,havoc,36,14,22
Hawoc,chamber-of-aspects,1334,demonhunter,havoc,42,26,16
Kanabiz,outland,1334,demonhunter,havoc,90,42,48
Soca,ysondre,1334,demonhunter,havoc,60,27,33
Sadzari,burning-legion,1333,demonhunter,havoc,24,14,10
Tylleröwittu,grim-batol,1333,demonhunter,havoc,24,14,10
Orochimaruu,kargath,1332,demonhunter,havoc,63,22,41
Irenzy,twisting-nether,1331,demonhunter,havoc,30,14,16
Notcrashy,eredar,1329,demonhunter,havoc,35,22,13
Checakore,argent-dawn,1329,demonhunter,havoc,66,34,32
Ðraudræm,ravencrest,1329,demonhunter,havoc,83,39,44
Kiirtach,dun-modr,1326,demonhunter,havoc,21,15,6
Louloulou,aegwynn,1326,demonhunter,havoc,93,52,41
Wintalker,nemesis,1324,demonhunter,havoc,30,14,16
Егордемон,soulflayer,1323,demonhunter,havoc,46,25,21
Lozakum,draenor,1323,demonhunter,havoc,60,30,30
Felleaf,ragnaros,1322,demonhunter,havoc,46,18,28
Геннитиро,deathguard,1321,demonhunter,havoc,24,14,10
Kâtsulol,ysondre,1321,demonhunter,havoc,30,14,16
Tharysan,sanguino,1320,demonhunter,havoc,48,31,17
Flowen,stormreaver,1320,demonhunter,havoc,48,21,27
Error,ravencrest,1319,demonhunter,havoc,30,14,16
Fruttidimare,frostwolf,1317,demonhunter,havoc,57,26,31
Yvrig,eredar,1313,demonhunter,havoc,24,14,10
Obey,exodar,1312,demonhunter,havoc,47,22,25
Délyria,blackhand,1311,demonhunter,havoc,54,32,22
Jayhan,chamber-of-aspects,1311,demonhunter,havoc,68,37,31
Obitum,burning-legion,1311,demonhunter,havoc,77,40,37
Bestdemon,tarren-mill,1311,demonhunter,havoc,39,20,19
Icelucard,argent-dawn,1309,demonhunter,havoc,65,31,34
Кельдарк,soulflayer,1309,demonhunter,havoc,106,44,62
Мицлейн,gordunni,1309,demonhunter,havoc,57,21,36
Demonk,nemesis,1308,demonhunter,havoc,31,19,12
Sinninse,blackmoore,1308,demonhunter,havoc,30,18,12
Lilydrop,varimathras,1308,demonhunter,havoc,33,15,18
Slowcuzclick,stormscale,1307,demonhunter,havoc,85,44,41
Luckertwo,tarren-mill,1307,demonhunter,havoc,109,55,54
Экселия,howling-fjord,1306,demonhunter,havoc,24,14,10
Кейсимег,soulflayer,1306,demonhunter,havoc,32,15,17
Yäkku,drakthul,1306,demonhunter,havoc,36,14,22
Breezzdh,twisting-nether,1305,demonhunter,havoc,29,14,15
Lexim,khaz-modan,1303,demonhunter,havoc,66,36,30
Каралас,soulflayer,1301,demonhunter,havoc,36,21,15
Kamaz,twisting-nether,1301,demonhunter,havoc,29,15,14
Chapzi,ragnaros,1300,demonhunter,havoc,42,23,19
Thëos,argent-dawn,1300,demonhunter,havoc,78,39,39
Demonsqueezy,nemesis,1299,demonhunter,havoc,28,16,12
Philona,die-aldor,1296,demonhunter,havoc,99,49,50
Morskivuk,draenor,1294,demonhunter,havoc,20,15,5
Дисофи,soulflayer,1294,demonhunter,havoc,59,26,33
Ayö,draenor,1293,demonhunter,havoc,39,19,20
Сумърак,grom,1292,demonhunter,havoc,61,27,34
Coltender,drakthul,1290,demonhunter,havoc,61,28,33
Gurvan,kazzak,1289,demonhunter,havoc,60,30,30
Kaizzy,twisting-nether,1288,demonhunter,havoc,102,54,48
Bläckdëvïl,uldum,1285,demonhunter,havoc,40,25,15
Momochi,silvermoon,1285,demonhunter,havoc,24,14,10
Сильверган,soulflayer,1284,demonhunter,havoc,120,62,58
Hellboii,kilrogg,1282,demonhunter,havoc,57,37,20
Billidan,eredar,1282,demonhunter,havoc,54,25,29
Ozeey,draenor,1280,demonhunter,havoc,29,14,15
Symbul,blackrock,1279,demonhunter,havoc,42,19,23
Полетела,gordunni,1278,demonhunter,havoc,30,15,15
Nasghul,drakthul,1278,demonhunter,havoc,36,15,21
Pleskdh,malganis,1272,demonhunter,havoc,48,20,28
Даргсайд,gordunni,1269,demonhunter,havoc,36,16,20
Sabe,ravencrest,1267,demonhunter,havoc,23,14,9
Juha,bronze-dragonflight,1267,demonhunter,havoc,43,26,17
Ämi,blackmoore,1267,demonhunter,havoc,76,31,45
Mèlfurion,hyjal,1261,demonhunter,havoc,73,34,39
Schahmiran,kargath,1252,demonhunter,havoc,30,14,16
Nanocsika,twisting-nether,1251,demonhunter,havoc,125,62,63
Jahannam,ysondre,1251,demonhunter,havoc,66,31,35
Demonronin,the-maelstrom,1250,demonhunter,havoc,56,31,25
Дикаяособа,howling-fjord,1248,demonhunter,havoc,27,14,13
Norac,silvermoon,1248,demonhunter,havoc,41,16,25
Illidrax,outland,1245,demonhunter,havoc,36,13,23
Kimberleh,doomhammer,1243,demonhunter,havoc,24,13,11
Thorno,argent-dawn,1243,demonhunter,havoc,36,13,23
Tdh,sanguino,1242,demonhunter,havoc,24,13,11
Itàchì,kazzak,1240,demonhunter,havoc,18,13,5
Felbannedguy,twisting-nether,1240,demonhunter,havoc,24,13,11
Onecho,ragnaros,1239,demonhunter,havoc,24,13,11
Коньх,goldrinn,1238,demonhunter,havoc,65,27,38
Netrisha,ravencrest,1236,demonhunter,havoc,36,13,23
Хингарский,deathguard,1234,demonhunter,havoc,24,13,11
Bøøgý,silvermoon,1234,demonhunter,havoc,42,19,23
Schonevrouw,aszune,1233,demonhunter,havoc,42,25,17
Titanslayyer,azjolnerub,1233,demonhunter,havoc,30,13,17
Ragnirok,deathwing,1232,demonhunter,havoc,120,54,66
Djaris,ghostlands,1228,demonhunter,havoc,18,13,5
Даудаев,gordunni,1225,demonhunter,havoc,36,19,17
Sindweller,arathi,1225,demonhunter,havoc,36,14,22
Hirbs,silvermoon,1222,demonhunter,havoc,61,25,36
Ashrena,ysondre,1218,demonhunter,havoc,18,13,5
Нксин,howling-fjord,1218,demonhunter,havoc,30,14,16
Lùcîfer,hellfire,1215,demonhunter,havoc,60,28,32
Betråyêr,draenor,1213,demonhunter,havoc,38,15,23
Féileacán,kazzak,1212,demonhunter,havoc,30,13,17
Kladius,skullcrusher,1210,demonhunter,havoc,27,15,12
Thegamesucks,ravencrest,1209,demonhunter,havoc,192,93,99
Ìllídán,ravencrest,1208,demonhunter,havoc,56,29,27
Тонниданза,howling-fjord,1208,demonhunter,havoc,30,14,16
Bessus,aggra-português,1207,demonhunter,havoc,48,24,24
Davidastt,drakthul,1207,demonhunter,havoc,35,13,22
Бропинг,soulflayer,1206,demonhunter,havoc,18,13,5
Maltok,ysondre,1206,demonhunter,havoc,43,21,22
Isila,alakir,1202,demonhunter,havoc,89,33,56
Ikari,neptulon,1200,demonhunter,havoc,23,13,10
Embruixada,sanguino,1197,demonhunter,havoc,32,19,13
Bicskas,ragnaros,1197,demonhunter,havoc,38,15,23
Vozol,stormscale,1195,demonhunter,havoc,30,20,10
Munja,hyjal,1195,demonhunter,havoc,176,91,85
Hellarious,ragnaros,1195,demonhunter,havoc,72,30,42
Giace,drakthul,1195,demonhunter,havoc,36,14,22
Aûrelian,kragjin,1189,demonhunter,havoc,33,15,18
Claere,blackhand,1184,demonhunter,havoc,87,45,42
Люцифэйль,gordunni,1184,demonhunter,havoc,32,15,17
Sua,outland,1184,demonhunter,havoc,54,25,29
Demonligos,draenor,1183,demonhunter,havoc,72,36,36
Konydh,outland,1182,demonhunter,havoc,17,13,4
Trekxx,ragnaros,1180,demonhunter,havoc,30,13,17
Fikyx,draenor,1177,demonhunter,havoc,32,14,18
Эндимэн,soulflayer,1172,demonhunter,havoc,44,24,20
Самфор,soulflayer,1172,demonhunter,havoc,84,41,43
Scarebearz,outland,1171,demonhunter,havoc,54,31,23
Änyä,ravencrest,1171,demonhunter,havoc,28,13,15
Kiriall,blackmoore,1166,demonhunter,havoc,78,36,42
Oxydh,ravencrest,1165,demonhunter,havoc,28,13,15
Дитяхаоса,howling-fjord,1165,demonhunter,havoc,42,15,27
Dämokröte,ambossar,1164,demonhunter,havoc,24,14,10
Lagordin,aggramar,1161,demonhunter,havoc,18,14,4
Athoribos,silvermoon,1160,demonhunter,havoc,60,32,28
Yuka,earthen-ring,1157,demonhunter,havoc,36,18,18
Wréckful,ravencrest,1155,demonhunter,havoc,48,17,31
Danedemlia,magtheridon,1154,demonhunter,havoc,43,18,25
Itsukix,stormscale,1153,demonhunter,havoc,36,21,15
Аоешный,howling-fjord,1152,demonhunter,havoc,24,12,12
Brainlessdmg,ragnaros,1151,demonhunter,havoc,18,12,6
Hagana,tirion,1151,demonhunter,havoc,24,12,12
Ûro,dun-modr,1151,demonhunter,havoc,30,12,18
Chïbrøne,archimonde,1151,demonhunter,havoc,36,12,24
Onlyw,ravencrest,1150,demonhunter,havoc,17,13,4
Azzinoth,outland,1150,demonhunter,havoc,57,20,37
Kerog,blackmoore,1149,demonhunter,havoc,18,12,6
Seleverkauft,antonidas,1149,demonhunter,havoc,18,12,6
Bigboychaos,twisting-nether,1149,demonhunter,havoc,36,19,17
Schøck,blackhand,1148,demonhunter,havoc,18,12,6
Blisdon,argent-dawn,1148,demonhunter,havoc,30,16,14
Brodor,alakir,1148,demonhunter,havoc,24,12,12
Sturmovik,ravencrest,1147,demonhunter,havoc,18,12,6
Åelita,burning-legion,1147,demonhunter,havoc,18,12,6
Exceltor,sanguino,1147,demonhunter,havoc,36,12,24
Øhka,outland,1146,demonhunter,havoc,36,12,24
Øutsider,blackmoore,1145,demonhunter,havoc,66,27,39
Satanmanna,twisting-nether,1145,demonhunter,havoc,30,12,18
Джигурдинец,gordunni,1144,demonhunter,havoc,30,17,13
Moonbeàm,kazzak,1144,demonhunter,havoc,24,12,12
Téthis,uldaman,1143,demonhunter,havoc,78,34,44
Anandria,blutkessel,1140,demonhunter,havoc,71,42,29
Fotmfgt,eredar,1139,demonhunter,havoc,24,12,12
Dreggath,doomhammer,1139,demonhunter,havoc,59,29,30
Hornyhexy,stormscale,1139,demonhunter,havoc,30,12,18
Gullveîg,archimonde,1136,demonhunter,havoc,24,12,12
Тушино,lich-king,1135,demonhunter,havoc,18,12,6
Mojois,ravenholdt,1131,demonhunter,havoc,69,37,32
Эридали,gordunni,1130,demonhunter,havoc,24,12,12
Pichkachu,sylvanas,1129,demonhunter,havoc,24,12,12
Gurthalak,alakir,1129,demonhunter,havoc,35,14,21
Бичерезх,soulflayer,1127,demonhunter,havoc,24,12,12
Tursal,dun-morogh,1125,demonhunter,havoc,27,14,13
Zyasea,blackmoore,1125,demonhunter,havoc,36,12,24
Picotea,argent-dawn,1124,demonhunter,havoc,18,12,6
Ávto,stormscale,1120,demonhunter,havoc,30,17,13
Sarissa,dun-modr,1120,demonhunter,havoc,26,14,12
Tokoloshë,ragnaros,1120,demonhunter,havoc,48,22,26
Amatèrasú,kazzak,1119,demonhunter,havoc,23,12,11
Mâdzylîa,archimonde,1118,demonhunter,havoc,23,12,11
Sharhan,sylvanas,1118,demonhunter,havoc,42,16,26
Шалдарон,howling-fjord,1112,demonhunter,havoc,22,12,10
Youjosenki,magtheridon,1111,demonhunter,havoc,23,15,8
Zulthealbino,tarren-mill,1110,demonhunter,havoc,20,13,7
Shizá,burning-legion,1110,demonhunter,havoc,79,34,45
Zengor,twilights-hammer,1109,demonhunter,havoc,28,14,14
Мотек,howling-fjord,1109,demonhunter,havoc,120,57,63
Typhoonxq,tarren-mill,1105,demonhunter,havoc,35,19,16
Lögan,uldum,1103,demonhunter,havoc,30,14,16
Айвэнгос,thermaplugg,1097,demonhunter,havoc,61,35,26
Twistyy,drakthul,1097,demonhunter,havoc,72,41,31
Allalina,draenor,1097,demonhunter,havoc,42,22,20
Нохелет,deepholm,1094,demonhunter,havoc,109,58,51
Аллилания,fordragon,1092,demonhunter,havoc,44,29,15
Kebiz,ragnaros,1090,demonhunter,havoc,23,12,11
Yousif,stormscale,1089,demonhunter,havoc,37,18,19
Eranduur,draenor,1088,demonhunter,havoc,24,13,11
Antrixa,ravencrest,1087,demonhunter,havoc,23,12,11
Âkazza,archimonde,1086,demonhunter,havoc,26,12,14
Tatsukiyuzu,hyjal,1085,demonhunter,havoc,30,22,8
Venøøm,eldrethalas,1084,demonhunter,havoc,90,40,50
Дэрзлорд,fordragon,1082,demonhunter,havoc,23,12,11
Asmedios,twisting-nether,1080,demonhunter,havoc,172,82,90
Stonebanker,turalyon,1079,demonhunter,havoc,23,14,9
Koiskdh,tarren-mill,1071,demonhunter,havoc,22,13,9
Dadicek,drakthul,1069,demonhunter,havoc,18,12,6
Gabquist,argent-dawn,1063,demonhunter,havoc,47,25,22
Dèathless,pozzo-delleternità,1062,demonhunter,havoc,31,13,18
Makkivar,terenas,1060,demonhunter,havoc,36,15,21
Happykx,draenor,1056,demonhunter,havoc,12,11,1
Ayyo,agamaggan,1056,demonhunter,havoc,24,11,13
Véin,stormscale,1056,demonhunter,havoc,30,11,19
Rïmðh,haomarush,1055,demonhunter,havoc,18,11,7
Dhlee,ravencrest,1055,demonhunter,havoc,18,11,7
Håssan,ravencrest,1055,demonhunter,havoc,18,11,7
Dedemøn,ysondre,1055,demonhunter,havoc,18,11,7
Draqula,ravencrest,1055,demonhunter,havoc,24,11,13
Jotaros,ravencrest,1055,demonhunter,havoc,30,11,19
Skippydemon,nozdormu,1055,demonhunter,havoc,30,11,19
Mooty,drekthar,1054,demonhunter,havoc,18,11,7
Maøu,hyjal,1054,demonhunter,havoc,18,11,7
Cappaowx,ravencrest,1054,demonhunter,havoc,18,11,7
Përry,archimonde,1054,demonhunter,havoc,24,11,13
Ultîma,hyjal,1054,demonhunter,havoc,30,11,19
Cayssaelle,argent-dawn,1053,demonhunter,havoc,18,11,7
Dragontwist,sylvanas,1053,demonhunter,havoc,24,11,13
Darktérror,silvermoon,1053,demonhunter,havoc,30,11,19
Никельдон,howling-fjord,1052,demonhunter,havoc,54,33,21
Шавермье,gordunni,1052,demonhunter,havoc,36,11,25
Demonbean,stormscale,1051,demonhunter,havoc,22,12,10
Squan,blackmoore,1050,demonhunter,havoc,20,12,8
Dhsheesh,draenor,1050,demonhunter,havoc,24,11,13
Aphulucky,kazzak,1050,demonhunter,havoc,30,11,19
Muharaar,ravencrest,1047,demonhunter,havoc,16,12,4
Shadowkick,archimonde,1047,demonhunter,havoc,156,76,80
Kainenn,silvermoon,1047,demonhunter,havoc,24,11,13
Äzräël,dun-modr,1047,demonhunter,havoc,30,11,19
Byakugaan,drakthul,1045,demonhunter,havoc,18,11,7
Алькирена,howling-fjord,1045,demonhunter,havoc,24,11,13
Noctilucent,executus,1044,demonhunter,havoc,78,42,36
Metadel,outland,1043,demonhunter,havoc,127,66,61
Ascanius,nemesis,1040,demonhunter,havoc,48,26,22
Kaitlyyn,norgannon,1038,demonhunter,havoc,30,11,19
Byah,kazzak,1037,demonhunter,havoc,85,37,48
Aamonath,tarren-mill,1030,demonhunter,havoc,30,16,14
Azazelkw,ragnaros,1026,demonhunter,havoc,48,23,25
Zy,ahnqiraj,1023,demonhunter,havoc,17,11,6
Cobayashi,der-mithrilorden,1023,demonhunter,havoc,38,21,17
Увиден,eversong,1023,demonhunter,havoc,53,25,28
Guanzho,silvermoon,1021,demonhunter,havoc,93,39,54
Vio,jaedenar,1011,demonhunter,havoc,24,14,10
Milkeyes,ravencrest,1011,demonhunter,havoc,66,32,34
Demontripo,silvermoon,1005,demonhunter,havoc,81,43,38
Флеркенкот,galakrond,1005,demonhunter,havoc,115,59,56
Delfee,twisting-nether,1005,demonhunter,havoc,54,25,29
Darkustos,blackrock,1001,demonhunter,havoc,20,12,8
Viridisignis,silvermoon,995,demonhunter,havoc,42,19,23
Гарнаш,howling-fjord,993,demonhunter,havoc,60,30,30
Teoma,hyjal,993,demonhunter,havoc,108,52,56
Hunterston,twisting-nether,992,demonhunter,havoc,68,38,30
Níghtwing,wildhammer,986,demonhunter,havoc,23,11,12
Straizo,malganis,984,demonhunter,havoc,26,11,15
Ravier,baelgun,980,demonhunter,havoc,63,34,29
Sintoraz,amanthul,975,demonhunter,havoc,36,21,15
Demonhyan,chants-éternels,975,demonhunter,havoc,55,26,29
Silan,kiljaeden,972,demonhunter,havoc,29,16,13
Johncoffèy,ragnaros,960,demonhunter,havoc,12,10,2
Дианист,gordunni,960,demonhunter,havoc,16,11,5
Reckqqt,eredar,960,demonhunter,havoc,18,10,8
Vaiprix,ragnaros,960,demonhunter,havoc,18,10,8
Keýrañe,ragnaros,960,demonhunter,havoc,18,10,8
Анхардх,gordunni,960,demonhunter,havoc,18,10,8
Hawek,madmortem,960,demonhunter,havoc,46,24,22
Krvckhead,hyjal,960,demonhunter,havoc,24,10,14
Iíïììïiíïìïï,alakir,960,demonhunter,havoc,24,10,14
Íamprepared,tarren-mill,960,demonhunter,havoc,30,10,20
Fishmicksh,twisting-nether,959,demonhunter,havoc,12,10,2
Nowhereturun,stormscale,959,demonhunter,havoc,12,10,2
Anzz,kazzak,959,demonhunter,havoc,18,10,8
Гранкрю,blackscar,959,demonhunter,havoc,18,10,8
Катякрылышки,gordunni,959,demonhunter,havoc,18,10,8
Lucianloco,dun-morogh,959,demonhunter,havoc,18,10,8
Völkswagen,dun-modr,959,demonhunter,havoc,18,10,8
Kéftëmé,ravencrest,959,demonhunter,havoc,18,10,8
Márcin,burning-legion,959,demonhunter,havoc,18,10,8
Yumhip,dun-modr,959,demonhunter,havoc,24,10,14
Demonicat,twisting-nether,959,demonhunter,havoc,24,10,14
Darnke,silvermoon,959,demonhunter,havoc,30,10,20
Аитерия,gordunni,958,demonhunter,havoc,12,10,2
Nekkëtsu,archimonde,958,demonhunter,havoc,18,10,8
Zamp,deathwing,958,demonhunter,havoc,18,10,8
Shivarræ,stormreaver,958,demonhunter,havoc,18,10,8
Critlerman,blackmoore,957,demonhunter,havoc,16,11,5
Vìdhar,tarren-mill,957,demonhunter,havoc,18,10,8
Skarvy,bronze-dragonflight,957,demonhunter,havoc,18,10,8
Aedilles,ravencrest,957,demonhunter,havoc,18,10,8
Bobdh,twisting-nether,957,demonhunter,havoc,35,10,25
Drilloz,ravencrest,956,demonhunter,havoc,18,10,8
Такетомии,gordunni,956,demonhunter,havoc,24,10,14
Morphiyy,tarren-mill,955,demonhunter,havoc,18,10,8
Эльгастон,howling-fjord,954,demonhunter,havoc,30,11,19
Argnils,tarren-mill,953,demonhunter,havoc,12,10,2
Эфемерид,howling-fjord,953,demonhunter,havoc,18,10,8
Шэдоуштормх,soulflayer,952,demonhunter,havoc,18,10,8
Цейн,azuregos,952,demonhunter,havoc,39,15,24
Jemoer,twisting-nether,951,demonhunter,havoc,20,13,7
Flamme,amanthul,951,demonhunter,havoc,18,11,7
Demogen,sylvanas,951,demonhunter,havoc,18,10,8
Pijvijie,shattrath,951,demonhunter,havoc,30,10,20
Иллидал,greymane,949,demonhunter,havoc,18,10,8
Никкэс,gordunni,949,demonhunter,havoc,24,10,14
Alandrisz,argent-dawn,949,demonhunter,havoc,30,10,20
Mamazboy,lightnings-blade,946,demonhunter,havoc,18,10,8
Demonpun,the-venture-co,946,demonhunter,havoc,22,11,11
Hannipham,silvermoon,944,demonhunter,havoc,21,11,10
Mcsmackface,hellfire,944,demonhunter,havoc,30,10,20
Ejder,anubarak,943,demonhunter,havoc,36,13,23
Sinthetyx,quelthalas,940,demonhunter,havoc,24,14,10
Shishiro,alakir,937,demonhunter,havoc,24,10,14
Nelairia,tarren-mill,931,demonhunter,havoc,18,10,8
Rockymarcia,archimonde,930,demonhunter,havoc,18,11,7
Zermut,culte-de-la-rive-noire,925,demonhunter,havoc,17,10,7
Maßik,terokkar,922,demonhunter,havoc,21,11,10
Огнод,gordunni,918,demonhunter,havoc,18,10,8
Noire,zuljin,917,demonhunter,havoc,29,10,19
Andij,frostwolf,913,demonhunter,havoc,29,11,18
Taliaa,drakthul,911,demonhunter,havoc,21,10,11
Lorcanmar,draenor,911,demonhunter,havoc,39,16,23
Skylinex,dentarg,909,demonhunter,havoc,66,33,33
Hicgidik,outland,905,demonhunter,havoc,24,11,13
Nuriia,arthas,904,demonhunter,havoc,42,22,20
Иланари,gordunni,903,demonhunter,havoc,17,10,7
Demonzeus,sylvanas,902,demonhunter,havoc,26,11,15
Kroepoeks,mazrigos,894,demonhunter,havoc,30,16,14
Jamule,dun-morogh,889,demonhunter,havoc,36,15,21
Shreddern,ragnaros,883,demonhunter,havoc,25,10,15
Stringsz,ragnaros,874,demonhunter,havoc,17,10,7
Фирулия,goldrinn,871,demonhunter,havoc,74,35,39
Legionek,burning-blade,866,demonhunter,havoc,20,11,9
Folygale,outland,864,demonhunter,havoc,12,9,3
Лфгнехиро,soulflayer,864,demonhunter,havoc,12,9,3
Dripcatchér,ravencrest,864,demonhunter,havoc,12,9,3
Zophý,ragnaros,864,demonhunter,havoc,18,9,9
Chosabreka,zuljin,864,demonhunter,havoc,18,9,9
Thulânn,twisting-nether,864,demonhunter,havoc,18,9,9
Смутсайбот,howling-fjord,864,demonhunter,havoc,18,9,9
Shattre,silvermoon,864,demonhunter,havoc,18,9,9
Эридари,blackscar,864,demonhunter,havoc,18,9,9
Raïley,archimonde,864,demonhunter,havoc,18,9,9
Солфдх,fordragon,864,demonhunter,havoc,18,9,9
Sghemon,pozzo-delleternità,864,demonhunter,havoc,18,9,9
Realtrance,sanguino,864,demonhunter,havoc,18,9,9
Saene,ravencrest,864,demonhunter,havoc,18,9,9
Toschadh,blackmoore,864,demonhunter,havoc,18,9,9
Insaneomg,blackmoore,864,demonhunter,havoc,18,9,9
Fuseton,kazzak,864,demonhunter,havoc,24,9,15
Bignugs,ravencrest,864,demonhunter,havoc,24,9,15
Míàkhãlîfâýð,stormscale,864,demonhunter,havoc,24,9,15
Schrewneil,twisting-nether,864,demonhunter,havoc,30,9,21
Солевыеглефы,gordunni,863,demonhunter,havoc,12,9,3
Sunestaa,kazzak,863,demonhunter,havoc,12,9,3
Lennöx,silvermoon,863,demonhunter,havoc,13,9,4
Guáca,draenor,863,demonhunter,havoc,15,10,5
Õmen,ravencrest,863,demonhunter,havoc,18,9,9
Sutures,ravencrest,863,demonhunter,havoc,18,9,9
Lawus,blackhand,863,demonhunter,havoc,18,9,9
Kenzaii,aegwynn,863,demonhunter,havoc,18,9,9
Illidaia,ravencrest,863,demonhunter,havoc,18,9,9
Ììîîííììîîíí,tarren-mill,863,demonhunter,havoc,18,9,9
Tachala,khaz-modan,863,demonhunter,havoc,18,9,9
Djdhh,draenor,863,demonhunter,havoc,20,9,11
Ruíko,dun-morogh,862,demonhunter,havoc,18,9,9
Bhaz,tichondrius,862,demonhunter,havoc,18,9,9
Zappikdh,silvermoon,862,demonhunter,havoc,18,9,9
Finstergraf,blackmoore,862,demonhunter,havoc,30,14,16
Illidián,chamber-of-aspects,862,demonhunter,havoc,24,9,15
Ilyerias,twisting-nether,862,demonhunter,havoc,24,9,15
Demonstorpix,drakthul,862,demonhunter,havoc,24,9,15
Tzklkn,sylvanas,861,demonhunter,havoc,12,9,3
Toonsdh,kazzak,861,demonhunter,havoc,12,9,3
Тэниан,gordunni,861,demonhunter,havoc,24,9,15
Letidyr,ravencrest,861,demonhunter,havoc,24,9,15
Кайриель,gordunni,860,demonhunter,havoc,18,9,9
Гарражж,howling-fjord,860,demonhunter,havoc,18,9,9
Wrathill,draenor,860,demonhunter,havoc,24,9,15
Овецловец,deathguard,859,demonhunter,havoc,18,9,9
Doobregeesy,burning-legion,859,demonhunter,havoc,21,10,11
Dmgchris,sylvanas,859,demonhunter,havoc,30,9,21
Арат,ashenvale,858,demonhunter,havoc,12,9,3
Deadskill,alexstrasza,858,demonhunter,havoc,54,21,33
Лолбичьпро,blackscar,856,demonhunter,havoc,18,9,9
Ladj,blackmoore,841,demonhunter,havoc,18,9,9
Subelsiu,alakir,840,demonhunter,havoc,63,26,37
Fckmlf,outland,839,demonhunter,havoc,21,12,9
Карнавалыч,gordunni,839,demonhunter,havoc,42,9,33
Backflipgødx,uldaman,832,demonhunter,havoc,22,9,13
Дантавул,gordunni,825,demonhunter,havoc,24,9,15
Dârhma,archimonde,822,demonhunter,havoc,17,9,8
Ataddcay,outland,820,demonhunter,havoc,29,12,17
Illidaniellé,tarren-mill,799,demonhunter,havoc,17,9,8
Blutox,antonidas,797,demonhunter,havoc,25,11,14
Deadhuntor,daggerspine,795,demonhunter,havoc,17,9,8
Xellnaga,twisting-nether,792,demonhunter,havoc,20,9,11
Dombra,kult-der-verdammten,788,demonhunter,havoc,11,9,2
Kundans,antonidas,787,demonhunter,havoc,17,9,8
Brawngodx,draenor,783,demonhunter,havoc,13,9,4
Кусьзакиску,soulflayer,781,demonhunter,havoc,22,9,13
Traumadh,tarren-mill,768,demonhunter,havoc,12,8,4
Enjøybrah,nemesis,768,demonhunter,havoc,12,8,4
Eysndh,blackrock,768,demonhunter,havoc,12,8,4
Dhamp,kazzak,768,demonhunter,havoc,12,8,4
Синтвеив,soulflayer,768,demonhunter,havoc,12,8,4
Mips,ghostlands,768,demonhunter,havoc,18,8,10
Saleny,blackrock,768,demonhunter,havoc,18,8,10
Mollamaija,defias-brotherhood,768,demonhunter,havoc,18,8,10
Nthday,draenor,768,demonhunter,havoc,18,8,10
Stinkymonkey,pozzo-delleternità,768,demonhunter,havoc,18,8,10
Praisethelrd,blackrock,768,demonhunter,havoc,18,8,10
Blæm,archimonde,768,demonhunter,havoc,18,8,10
Vayshi,turalyon,768,demonhunter,havoc,18,8,10
Höllymedx,blackmoore,768,demonhunter,havoc,18,8,10
Thestrength,twisting-nether,768,demonhunter,havoc,18,8,10
Perojeina,draenor,768,demonhunter,havoc,18,8,10
Bichmicher,earthen-ring,768,demonhunter,havoc,24,8,16
Rõb,magtheridon,768,demonhunter,havoc,24,8,16
Ninetzqp,tarren-mill,767,demonhunter,havoc,12,8,4
Grimberg,tarren-mill,767,demonhunter,havoc,12,8,4
Эска,razuvious,767,demonhunter,havoc,12,8,4
Baddxd,ragnaros,767,demonhunter,havoc,14,9,5
Felsbane,argent-dawn,767,demonhunter,havoc,15,9,6
Lilitlovesme,blackmoore,767,demonhunter,havoc,18,8,10
Hcsgötze,dalaran,767,demonhunter,havoc,18,8,10
Shax,hellscream,767,demonhunter,havoc,18,8,10
Onlytwokeys,dun-modr,767,demonhunter,havoc,18,8,10
Zmasteez,ahnqiraj,767,demonhunter,havoc,18,8,10
Bamßi,ragnaros,767,demonhunter,havoc,18,8,10
Kithan,zuljin,767,demonhunter,havoc,18,8,10
Ashcan,tarren-mill,767,demonhunter,havoc,18,8,10
Paindemon,outland,767,demonhunter,havoc,18,8,10
Tyhaxx,ravencrest,767,demonhunter,havoc,18,8,10
Calendith,arathor,767,demonhunter,havoc,21,9,12
Skrelarent,argent-dawn,766,demonhunter,havoc,12,8,4
Varthag,antonidas,766,demonhunter,havoc,18,8,10
Badgyalriri,hyjal,766,demonhunter,havoc,18,8,10
Illidanio,xavius,766,demonhunter,havoc,18,8,10
Demonjay,stormscale,766,demonhunter,havoc,22,9,13
Neiden,deathwing,766,demonhunter,havoc,24,8,16
Akäly,hyjal,765,demonhunter,havoc,19,9,10
Natazia,eredar,765,demonhunter,havoc,18,8,10
Aelzeran,stormscale,765,demonhunter,havoc,24,8,16
Ironjòe,eredar,764,demonhunter,havoc,18,8,10
Saìras,blackhand,763,demonhunter,havoc,18,8,10
Попкасиська,eversong,763,demonhunter,havoc,47,19,28
Covidian,kilrogg,762,demonhunter,havoc,12,8,4
Unsainted,blackhand,762,demonhunter,havoc,18,8,10
Darksink,kazzak,762,demonhunter,havoc,18,8,10
Amaterasù,alleria,761,demonhunter,havoc,18,8,10
Lovzuu,draenor,759,demonhunter,havoc,12,8,4
Цион,soulflayer,757,demonhunter,havoc,18,8,10
Meliòdas,draenor,757,demonhunter,havoc,25,8,17
Maryjane,nordrassil,756,demonhunter,havoc,18,8,10
Roostidh,shattered-hand,753,demonhunter,havoc,18,8,10
Pismanik,drakthul,752,demonhunter,havoc,12,8,4
Butcherr,ulduar,736,demonhunter,havoc,24,8,16
Quavanity,sylvanas,735,demonhunter,havoc,17,8,9
Zealdancer,veknilash,734,demonhunter,havoc,17,8,9
Dutchmadman,aerie-peak,722,demonhunter,havoc,18,8,10
Gushìñgwøuñð,blackmoore,719,demonhunter,havoc,11,8,3
Bezdna,stormrage,718,demonhunter,havoc,15,8,7
Makiu,archimonde,717,demonhunter,havoc,21,8,13
Liondam,pozzo-delleternità,696,demonhunter,havoc,24,8,16
Стрепа,grom,693,demonhunter,havoc,17,8,9
Maddificator,silvermoon,686,demonhunter,havoc,14,8,6
Herzbann,madmortem,676,demonhunter,havoc,19,8,11
Glevenuschii,blackmoore,672,demonhunter,havoc,12,7,5
Lirigizel,hellscream,672,demonhunter,havoc,12,7,5
Ðârksìðê,stormscale,672,demonhunter,havoc,12,7,5
Antrix,ravencrest,672,demonhunter,havoc,12,7,5
Ðêmønìnsìðê,blackmoore,672,demonhunter,havoc,12,7,5
Gandzsä,ragnaros,672,demonhunter,havoc,12,7,5
Ronstoppable,ravencrest,672,demonhunter,havoc,12,7,5
Hextechz,stormscale,672,demonhunter,havoc,12,7,5
Djdeathsweep,blackrock,672,demonhunter,havoc,12,7,5
Weback,ravencrest,672,demonhunter,havoc,12,7,5
Stonedaf,ravencrest,672,demonhunter,havoc,12,7,5
Jaquees,stormscale,672,demonhunter,havoc,12,7,5
Killia,lothar,672,demonhunter,havoc,12,7,5
Alied,burning-blade,672,demonhunter,havoc,12,7,5
Mür,nordrassil,672,demonhunter,havoc,12,7,5
Illyriel,antonidas,672,demonhunter,havoc,12,7,5
Bizl,arygos,672,demonhunter,havoc,12,7,5
Pepenger,kazzak,672,demonhunter,havoc,12,7,5
Atrikagodx,kazzak,672,demonhunter,havoc,12,7,5
Styxdh,blackhand,672,demonhunter,havoc,12,7,5
Esadeáth,ravencrest,672,demonhunter,havoc,12,7,5
Lemiisa,burning-blade,672,demonhunter,havoc,12,7,5
Caronte,los-errantes,672,demonhunter,havoc,12,7,5
Ozu,blackrock,672,demonhunter,havoc,12,7,5
Damnituther,kazzak,672,demonhunter,havoc,12,7,5
Yorxdh,eredar,672,demonhunter,havoc,12,7,5
Kekburagól,kazzak,672,demonhunter,havoc,15,8,7
Abigorien,blackmoore,672,demonhunter,havoc,18,7,11
Yukiz,ravencrest,672,demonhunter,havoc,18,7,11
Onizukadh,archimonde,672,demonhunter,havoc,18,7,11
Meleidar,kazzak,672,demonhunter,havoc,18,7,11
Илизарнный,gordunni,672,demonhunter,havoc,18,7,11
Chrístíe,sanguino,672,demonhunter,havoc,18,7,11
Satti,sargeras,672,demonhunter,havoc,18,7,11
Wrathia,rexxar,672,demonhunter,havoc,18,7,11
Viced,kazzak,672,demonhunter,havoc,18,7,11
Ayimprepared,ragnaros,672,demonhunter,havoc,18,7,11
Gnarpump,emeriss,672,demonhunter,havoc,18,7,11
Muyoni,eredar,672,demonhunter,havoc,18,7,11
Charleyzard,argent-dawn,672,demonhunter,havoc,18,7,11
Veryfunhaha,ravencrest,672,demonhunter,havoc,18,7,11
Крикетх,soulflayer,672,demonhunter,havoc,18,7,11
Келидаррия,soulflayer,672,demonhunter,havoc,18,7,11
Demondulle,kazzak,672,demonhunter,havoc,18,7,11
Jokas,archimonde,672,demonhunter,havoc,24,7,17
Iamayaqt,nemesis,672,demonhunter,havoc,24,7,17
Calcïum,archimonde,672,demonhunter,havoc,24,7,17
Рагнос,goldrinn,672,demonhunter,havoc,30,7,23
Youngboost,blackrock,671,demonhunter,havoc,12,7,5
Nxmpys,sanguino,671,demonhunter,havoc,12,7,5
Nerfy,silvermoon,671,demonhunter,havoc,12,7,5
Elfmonger,ravencrest,671,demonhunter,havoc,12,7,5
Selcan,archimonde,671,demonhunter,havoc,12,7,5
Kvye,archimonde,671,demonhunter,havoc,12,7,5
Ddvh,drakthul,671,demonhunter,havoc,12,7,5
Meji,ravencrest,671,demonhunter,havoc,12,7,5
Gruusha,kazzak,671,demonhunter,havoc,12,7,5
Morvash,nemesis,671,demonhunter,havoc,12,7,5
Rebelion,dun-modr,671,demonhunter,havoc,18,7,11
Lîllîv,wrathbringer,671,demonhunter,havoc,18,7,11
Norebb,sanguino,671,demonhunter,havoc,18,7,11
Хорбелий,deathguard,671,demonhunter,havoc,18,7,11
Corelly,ragnaros,671,demonhunter,havoc,18,7,11
Moojdh,malganis,671,demonhunter,havoc,18,7,11
Abrahêll,dun-modr,671,demonhunter,havoc,18,7,11
Gearuzaki,ghostlands,671,demonhunter,havoc,18,7,11
Aryuna,frostwolf,670,demonhunter,havoc,12,7,5
Милинайт,eversong,670,demonhunter,havoc,12,7,5
Hyunkél,kirin-tor,670,demonhunter,havoc,18,7,11
Cirino,defias-brotherhood,669,demonhunter,havoc,12,7,5
Necrotyle,twisting-nether,669,demonhunter,havoc,21,8,13
Kumoko,burning-legion,669,demonhunter,havoc,21,8,13
Valen,die-aldor,669,demonhunter,havoc,24,7,17
Liisza,blackhand,668,demonhunter,havoc,12,7,5
Nylaria,dethecus,668,demonhunter,havoc,12,7,5
Cassitä,chogall,668,demonhunter,havoc,18,7,11
Дядяэл,fordragon,667,demonhunter,havoc,24,7,17
Danshokudino,kazzak,665,demonhunter,havoc,18,7,11
Rúpél,thrall,664,demonhunter,havoc,24,7,17
Judderzz,bronze-dragonflight,658,demonhunter,havoc,12,7,5
Ёмайл,soulflayer,655,demonhunter,havoc,18,7,11
Kardyö,archimonde,655,demonhunter,havoc,23,7,16
Anishara,die-nachtwache,653,demonhunter,havoc,19,8,11
Kîrîto,nethersturm,639,demonhunter,havoc,29,7,22
Snelle,outland,624,demonhunter,havoc,15,7,8
Аллидариан,howling-fjord,623,demonhunter,havoc,17,7,10
Подкрадунзай,soulflayer,621,demonhunter,havoc,12,9,3
Makhabunda,terokkar,618,demonhunter,havoc,28,8,20
Inolia,argent-dawn,608,demonhunter,havoc,16,7,9
Phalekxox,ravencrest,607,demonhunter,havoc,11,7,4
Nahlendris,darkmoon-faire,596,demonhunter,havoc,16,7,9
Prouser,turalyon,588,demonhunter,havoc,21,8,13
Vengeful,alonsus,576,demonhunter,havoc,6,6,0
Fôns,sanguino,576,demonhunter,havoc,6,6,0
Alasune,twisting-nether,576,demonhunter,havoc,6,6,0
Mímð,ravencrest,576,demonhunter,havoc,6,6,0
Xyrs,draenor,576,demonhunter,havoc,12,6,6
Länika,drakthul,576,demonhunter,havoc,12,6,6
Анавеллка,howling-fjord,576,demonhunter,havoc,12,6,6
Størmrage,sanguino,576,demonhunter,havoc,12,6,6
Нулевыйчел,gordunni,576,demonhunter,havoc,12,6,6
Neonishh,twisting-nether,576,demonhunter,havoc,12,6,6
Desdh,blackmoore,576,demonhunter,havoc,12,6,6
Demonpegasus,draenor,576,demonhunter,havoc,12,6,6
Rhinozerg,kazzak,576,demonhunter,havoc,12,6,6
Lòsêr,ravencrest,576,demonhunter,havoc,12,6,6
Paîmon,hyjal,576,demonhunter,havoc,12,6,6
Friidaadh,lightbringer,576,demonhunter,havoc,12,6,6
Noovedh,ravencrest,576,demonhunter,havoc,12,6,6
Tëvnic,kazzak,576,demonhunter,havoc,12,6,6
Вафлистикус,ashenvale,576,demonhunter,havoc,12,6,6
Notapistol,outland,576,demonhunter,havoc,12,6,6
Муими,soulflayer,576,demonhunter,havoc,12,6,6
Soulmortal,draenor,576,demonhunter,havoc,12,6,6
Jaace,silvermoon,576,demonhunter,havoc,12,6,6
Calicó,draenor,576,demonhunter,havoc,12,6,6
Lanaël,kaelthas,576,demonhunter,havoc,12,6,6
Aeshalla,blackmoore,576,demonhunter,havoc,12,6,6
Stickihunt,malganis,576,demonhunter,havoc,12,6,6
Demonzøku,ravencrest,576,demonhunter,havoc,12,6,6
Lurtéx,kazzak,576,demonhunter,havoc,12,6,6
Lyzzra,blackmoore,576,demonhunter,havoc,12,6,6
Miyxcu,aegwynn,576,demonhunter,havoc,12,6,6
Сихая,howling-fjord,576,demonhunter,havoc,12,6,6
Ðêmønìç,area-52,576,demonhunter,havoc,12,6,6
Pyleá,malganis,576,demonhunter,havoc,12,6,6
Lezzo,tarren-mill,576,demonhunter,havoc,12,6,6
Peacedopice,drakthul,576,demonhunter,havoc,12,6,6
Брилаброви,soulflayer,576,demonhunter,havoc,12,6,6
Kyuzo,sanguino,576,demonhunter,havoc,12,6,6
Mettdaemon,ravencrest,576,demonhunter,havoc,18,6,12
Pinx,archimonde,576,demonhunter,havoc,18,6,12
Zaÿn,antonidas,576,demonhunter,havoc,18,6,12
Riñ,twisting-nether,576,demonhunter,havoc,18,6,12
Nøøßønline,hyjal,576,demonhunter,havoc,18,6,12
Alandiel,twisting-nether,576,demonhunter,havoc,18,6,12
Shyoxdh,twisting-nether,576,demonhunter,havoc,18,6,12
Bämbøué,hyjal,576,demonhunter,havoc,18,6,12
Dèsdemøna,nemesis,576,demonhunter,havoc,18,6,12
Стараятварь,thermaplugg,576,demonhunter,havoc,24,6,18
Redgi,tarren-mill,576,demonhunter,havoc,24,6,18
Pèpsì,kazzak,576,demonhunter,havoc,24,6,18
Shizuuli,outland,576,demonhunter,havoc,30,6,24
Smoochygodx,antonidas,575,demonhunter,havoc,12,6,6
Sayee,drakthul,575,demonhunter,havoc,12,6,6
Saftad,outland,575,demonhunter,havoc,12,6,6
Lailâh,blackmoore,575,demonhunter,havoc,12,6,6
Instinctivee,sylvanas,575,demonhunter,havoc,12,6,6
Daweeo,the-maelstrom,575,demonhunter,havoc,12,6,6
Valshatt,sanguino,575,demonhunter,havoc,12,6,6
Devilord,sanguino,575,demonhunter,havoc,12,6,6
Extraxtreme,ravencrest,575,demonhunter,havoc,12,6,6
Antidevil,kazzak,575,demonhunter,havoc,16,7,9
Wauway,ragnaros,575,demonhunter,havoc,14,6,8
Candylicks,kazzak,575,demonhunter,havoc,18,6,12
Joezus,draenor,575,demonhunter,havoc,18,6,12
Зедю,howling-fjord,575,demonhunter,havoc,18,6,12
Jyzu,festung-der-stürme,575,demonhunter,havoc,24,6,18
Максаналл,soulflayer,574,demonhunter,havoc,12,6,6
Sangita,tarren-mill,574,demonhunter,havoc,12,6,6
Alfazar,pozzo-delleternità,574,demonhunter,havoc,18,6,12
Ôlowain,blackmoore,574,demonhunter,havoc,18,6,12
Klave,argent-dawn,573,demonhunter,havoc,18,6,12
Dântés,silvermoon,572,demonhunter,havoc,24,6,18
Arxaxe,sanguino,571,demonhunter,havoc,12,6,6
Caria,twisting-nether,570,demonhunter,havoc,12,6,6
Bahmut,argent-dawn,569,demonhunter,havoc,12,6,6
Siscia,outland,569,demonhunter,havoc,12,6,6
Glerog,ragnaros,558,demonhunter,havoc,10,7,3
Kranta,blackmoore,544,demonhunter,havoc,16,8,8
Kalr,silvermoon,527,demonhunter,havoc,11,6,5
Хисаго,gordunni,522,demonhunter,havoc,15,7,8
Beraxulus,aegwynn,522,demonhunter,havoc,16,7,9
Алистреель,gordunni,521,demonhunter,havoc,13,7,6
Maurî,tarren-mill,511,demonhunter,havoc,14,6,8
Gnjurac,outland,511,demonhunter,havoc,14,6,8
Asperity,antonidas,511,demonhunter,havoc,18,6,12
Amionisiken,amanthul,496,demonhunter,havoc,13,6,7
Illidancz,thunderhorn,488,demonhunter,havoc,13,6,7
Morrion,blackmoore,480,demonhunter,havoc,6,5,1
Gixota,silvermoon,480,demonhunter,havoc,6,5,1
Táti,blackrock,480,demonhunter,havoc,6,5,1
Qqski,kazzak,480,demonhunter,havoc,6,5,1
Monion,defias-brotherhood,480,demonhunter,havoc,6,5,1
Nanába,draenor,480,demonhunter,havoc,6,5,1
Mouga,hyjal,480,demonhunter,havoc,6,5,1
Jugøbænned,blackrock,480,demonhunter,havoc,6,5,1
Avavidh,blackmoore,480,demonhunter,havoc,6,5,1
Guziel,kazzak,480,demonhunter,havoc,6,5,1
Randydhunt,draenor,480,demonhunter,havoc,6,5,1
Giboo,emerald-dream,480,demonhunter,havoc,6,5,1
Lesamaritain,ysondre,480,demonhunter,havoc,6,5,1
Подэхилла,galakrond,480,demonhunter,havoc,10,6,4
Revérse,stormscale,480,demonhunter,havoc,12,5,7
Tatoos,bronze-dragonflight,480,demonhunter,havoc,12,5,7
Grazax,lightnings-blade,480,demonhunter,havoc,12,5,7
Róxor,twisting-nether,480,demonhunter,havoc,12,5,7
Solrosfrön,stormscale,480,demonhunter,havoc,12,5,7
Lilithxz,blackmoore,480,demonhunter,havoc,12,5,7
Филеровщик,deathguard,480,demonhunter,havoc,12,5,7
Lyanadh,blackhand,480,demonhunter,havoc,12,5,7
Tastyblades,blackmoore,480,demonhunter,havoc,12,5,7
Takad,twisting-nether,480,demonhunter,havoc,12,5,7
Albdh,kazzak,480,demonhunter,havoc,12,5,7
Ferndejar,draenor,480,demonhunter,havoc,12,5,7
Blueformeld,draenor,480,demonhunter,havoc,12,5,7
Eibemme,alleria,480,demonhunter,havoc,12,5,7
Штормдоттэр,howling-fjord,480,demonhunter,havoc,12,5,7
Deathblades,twisting-nether,480,demonhunter,havoc,12,5,7
Khenetai,silvermoon,480,demonhunter,havoc,12,5,7
Giftìg,ravencrest,480,demonhunter,havoc,12,5,7
Нереалочка,blackscar,480,demonhunter,havoc,12,5,7
Tthic,shadowsong,480,demonhunter,havoc,12,5,7
Demondusk,silvermoon,480,demonhunter,havoc,12,5,7
Superchocowo,sanguino,480,demonhunter,havoc,12,5,7
Topg,bladefist,480,demonhunter,havoc,12,5,7
Sokal,dun-modr,480,demonhunter,havoc,12,5,7
Hakakuri,ravencrest,480,demonhunter,havoc,12,5,7
Korrupt,draenor,480,demonhunter,havoc,12,5,7
Zunada,ragnaros,480,demonhunter,havoc,12,5,7
Natzú,ravencrest,480,demonhunter,havoc,12,5,7
Tomkis,ravencrest,480,demonhunter,havoc,12,5,7
Zernoid,kazzak,480,demonhunter,havoc,12,5,7
Gamaö,khaz-modan,480,demonhunter,havoc,12,5,7
Sèptember,draenor,480,demonhunter,havoc,12,5,7
Spitface,aegwynn,480,demonhunter,havoc,12,5,7
Szopóvadász,ragnaros,480,demonhunter,havoc,12,5,7
Glìmpsêgøðx,antonidas,480,demonhunter,havoc,12,5,7
Gwoodza,archimonde,480,demonhunter,havoc,12,5,7
Nagh,archimonde,480,demonhunter,havoc,12,5,7
Nstea,cthun,480,demonhunter,havoc,12,5,7
Innostigma,dalaran,480,demonhunter,havoc,12,5,7
Thelyan,ravencrest,480,demonhunter,havoc,12,5,7
Дракомуфлон,gordunni,480,demonhunter,havoc,12,5,7
Dhaosh,nemesis,480,demonhunter,havoc,12,5,7
Caøtix,blackrock,480,demonhunter,havoc,12,5,7
Blind,kazzak,480,demonhunter,havoc,12,5,7
Shyynedh,grim-batol,480,demonhunter,havoc,15,6,9
Salamihexler,dun-morogh,480,demonhunter,havoc,17,5,12
Кайренсс,howling-fjord,480,demonhunter,havoc,18,5,13
Crushidemon,draenor,480,demonhunter,havoc,18,5,13
Natarásh,blackmoore,480,demonhunter,havoc,18,5,13
Ohshietwadap,twisting-nether,480,demonhunter,havoc,18,5,13
Aelina,area-52,480,demonhunter,havoc,18,5,13
Dübler,gorgonnash,480,demonhunter,havoc,18,5,13
Wajoglaive,blackhand,480,demonhunter,havoc,18,5,13
Lovesong,the-shatar,480,demonhunter,havoc,18,5,13
Talyrîs,aegwynn,480,demonhunter,havoc,18,5,13
Slizer,draenor,480,demonhunter,havoc,18,5,13
Broilerx,balnazzar,480,demonhunter,havoc,18,5,13
Каталейна,howling-fjord,480,demonhunter,havoc,24,5,19
Leloine,trollbane,479,demonhunter,havoc,6,5,1
Sholon,kiljaeden,479,demonhunter,havoc,6,5,1
Sephiris,argent-dawn,479,demonhunter,havoc,6,5,1
Ridweng,ravenholdt,479,demonhunter,havoc,7,5,2
Chàuvequipeu,dalaran,479,demonhunter,havoc,12,5,7
Макай,deathguard,479,demonhunter,havoc,12,5,7
Merilidan,blackrock,479,demonhunter,havoc,12,5,7
Demontevz,outland,479,demonhunter,havoc,12,5,7
Goatcorpse,blackmoore,479,demonhunter,havoc,12,5,7
Marsterkush,malygos,479,demonhunter,havoc,12,5,7
Gryphory,ravencrest,479,demonhunter,havoc,12,5,7
Aruzar,twisting-nether,479,demonhunter,havoc,12,5,7
Hupon,drakthul,479,demonhunter,havoc,12,5,7
Approxis,archimonde,479,demonhunter,havoc,12,5,7
Gigipletosu,ravencrest,479,demonhunter,havoc,18,5,13
Vaenil,hyjal,479,demonhunter,havoc,18,5,13
Скудайвер,gordunni,478,demonhunter,havoc,12,5,7
Besnik,stormscale,478,demonhunter,havoc,18,5,13
Kairidemon,eredar,477,demonhunter,havoc,12,5,7
Ànavar,twisting-nether,477,demonhunter,havoc,15,6,9
Winnztlol,chamber-of-aspects,477,demonhunter,havoc,15,5,10
Гёнке,gordunni,477,demonhunter,havoc,22,6,16
Гачирабыня,lich-king,477,demonhunter,havoc,30,5,25
Vincbengt,tarren-mill,476,demonhunter,havoc,12,5,7
Cometofloki,outland,475,demonhunter,havoc,12,5,7
Illikan,stormscale,474,demonhunter,havoc,12,5,7
Etraidor,turalyon,473,demonhunter,havoc,12,5,7
Omegasyx,dun-modr,448,demonhunter,havoc,10,5,5
Cameclc,hyjal,448,demonhunter,havoc,16,5,11
Slaanesh,xavius,447,demonhunter,havoc,11,5,6
Илнари,soulflayer,447,demonhunter,havoc,11,5,6
Majînßûü,ravencrest,447,demonhunter,havoc,11,5,6
Shaundead,drakthul,447,demonhunter,havoc,11,5,6
Иллианэль,howling-fjord,432,demonhunter,havoc,9,5,4
Bertori,dun-modr,416,demonhunter,havoc,10,5,5
Opmuch,eonar,416,demonhunter,havoc,10,5,5
Thorskinius,ravencrest,414,demonhunter,havoc,20,5,15
Véspé,naxxramas,384,demonhunter,havoc,6,4,2
Memedhbtw,outland,384,demonhunter,havoc,6,4,2
Itsfinee,outland,384,demonhunter,havoc,6,4,2
Lemondehunta,twisting-nether,384,demonhunter,havoc,6,4,2
Garra,chants-éternels,384,demonhunter,havoc,6,4,2
Illíllìllî,twisting-nether,384,demonhunter,havoc,6,4,2
Дезлее,gordunni,384,demonhunter,havoc,6,4,2
Atti,the-maelstrom,384,demonhunter,havoc,6,4,2
Marcellaa,ravencrest,384,demonhunter,havoc,6,4,2
Plagues,quelthalas,384,demonhunter,havoc,6,4,2
Exerzaria,twisting-nether,384,demonhunter,havoc,6,4,2
Adírael,cthun,384,demonhunter,havoc,6,4,2
Verybigdps,aegwynn,384,demonhunter,havoc,6,4,2
Ceyye,blackrock,384,demonhunter,havoc,6,4,2
Onebuttonxd,ravencrest,384,demonhunter,havoc,6,4,2
Maupau,ravencrest,384,demonhunter,havoc,6,4,2
Турботашш,soulflayer,384,demonhunter,havoc,6,4,2
Adexi,twisting-nether,384,demonhunter,havoc,6,4,2
Apsodemon,twisting-nether,384,demonhunter,havoc,6,4,2
Inasyndre,argent-dawn,384,demonhunter,havoc,6,4,2
Miscodedh,ravencrest,384,demonhunter,havoc,6,4,2
Mýg,ravencrest,384,demonhunter,havoc,6,4,2
Kriszidan,arathor,384,demonhunter,havoc,6,4,2
Niellarsc,ravencrest,384,demonhunter,havoc,6,4,2
Akaniiaa,blackmoore,384,demonhunter,havoc,6,4,2
Vidagín,blackmoore,384,demonhunter,havoc,6,4,2
Demonakis,twisting-nether,384,demonhunter,havoc,6,4,2
Талисзора,gordunni,384,demonhunter,havoc,6,4,2
Harha,stormscale,384,demonhunter,havoc,6,4,2
Davdavdh,tarren-mill,384,demonhunter,havoc,6,4,2
Ðevl,blackmoore,384,demonhunter,havoc,6,4,2
Jennyßright,sargeras,384,demonhunter,havoc,6,4,2
Diagonol,ragnaros,384,demonhunter,havoc,6,4,2
Greedsmoke,kazzak,384,demonhunter,havoc,6,4,2
Cielis,outland,384,demonhunter,havoc,6,4,2
Varonx,drakthul,384,demonhunter,havoc,6,4,2
Bud,lightnings-blade,384,demonhunter,havoc,6,4,2
Anklàr,blackrock,384,demonhunter,havoc,6,4,2
Iken,ragnaros,384,demonhunter,havoc,6,4,2
Tzs,blackrock,384,demonhunter,havoc,6,4,2
Милифесена,gordunni,384,demonhunter,havoc,6,4,2
Verrottung,blackhand,384,demonhunter,havoc,6,4,2
Demoncalle,the-maelstrom,384,demonhunter,havoc,6,4,2
Zelidh,korgall,384,demonhunter,havoc,6,4,2
Шизванаденс,gordunni,384,demonhunter,havoc,6,4,2
Arløw,archimonde,384,demonhunter,havoc,10,5,5
Brolycoly,stormscale,384,demonhunter,havoc,10,4,6
Freakerzoid,kazzak,384,demonhunter,havoc,11,4,7
Purpleturtle,blackrock,384,demonhunter,havoc,12,4,8
Dirtydoggy,dun-modr,384,demonhunter,havoc,12,4,8
Ascindra,kazzak,384,demonhunter,havoc,12,4,8
Valkorion,chamber-of-aspects,384,demonhunter,havoc,12,4,8
Cutforshred,zenedar,384,demonhunter,havoc,12,4,8
Хокану,gordunni,384,demonhunter,havoc,12,4,8
Reachfight,lothar,384,demonhunter,havoc,12,4,8
Floridaboy,ravencrest,384,demonhunter,havoc,12,4,8
Blüëräin,draenor,384,demonhunter,havoc,12,4,8
Maeltus,hyjal,384,demonhunter,havoc,12,4,8
Deadrawdh,aegwynn,384,demonhunter,havoc,12,4,8
Nørðìç,nordrassil,384,demonhunter,havoc,12,4,8
Nephylon,draenor,384,demonhunter,havoc,12,4,8
Ninjantiz,antonidas,384,demonhunter,havoc,12,4,8
Daekon,ahnqiraj,384,demonhunter,havoc,12,4,8
Bogren,sylvanas,384,demonhunter,havoc,12,4,8
Dannyp,ravencrest,384,demonhunter,havoc,12,4,8
Rúllio,rexxar,384,demonhunter,havoc,12,4,8
Becknárn,sylvanas,384,demonhunter,havoc,12,4,8
Stormshred,stormscale,384,demonhunter,havoc,12,4,8
Betterdk,twilights-hammer,384,demonhunter,havoc,12,4,8
Артёмблэйдх,blackscar,384,demonhunter,havoc,12,4,8
Deathbydeaf,terenas,384,demonhunter,havoc,12,4,8
Exodlia,silvermoon,384,demonhunter,havoc,12,4,8
Сочняга,gordunni,384,demonhunter,havoc,12,4,8
Mamio,chogall,384,demonhunter,havoc,12,4,8
Alleyezønme,outland,384,demonhunter,havoc,12,4,8
Leylas,nagrand,384,demonhunter,havoc,12,4,8
Innocuouss,twisting-nether,384,demonhunter,havoc,12,4,8
Rivy,magtheridon,384,demonhunter,havoc,12,4,8
Saikamango,blackhand,384,demonhunter,havoc,12,4,8
Akkixy,die-aldor,384,demonhunter,havoc,12,4,8
Saehila,kirin-tor,384,demonhunter,havoc,12,4,8
Frostidh,ysondre,384,demonhunter,havoc,12,4,8
Бистлайк,soulflayer,384,demonhunter,havoc,12,4,8
Лупидолх,soulflayer,384,demonhunter,havoc,12,4,8
Mempaan,magtheridon,384,demonhunter,havoc,12,4,8
Diabloman,stormscale,384,demonhunter,havoc,12,4,8
Одзангейра,blackscar,384,demonhunter,havoc,12,4,8
Хреньещёта,booty-bay,384,demonhunter,havoc,12,4,8
Arkta,kazzak,384,demonhunter,havoc,12,4,8
Valendriel,archimonde,384,demonhunter,havoc,12,4,8
Skajlan,burning-legion,384,demonhunter,havoc,18,4,14
Ekhlipz,ysondre,384,demonhunter,havoc,18,4,14
Sazukè,blackmoore,384,demonhunter,havoc,18,4,14
Némesîs,cthun,383,demonhunter,havoc,6,4,2
Rouzi,defias-brotherhood,383,demonhunter,havoc,6,4,2
Poliex,khaz-modan,383,demonhunter,havoc,6,4,2
Elindoria,dalaran,383,demonhunter,havoc,6,4,2
Сязекть,goldrinn,383,demonhunter,havoc,12,4,8
Vengatoria,cthun,383,demonhunter,havoc,12,4,8
Selvagg,archimonde,383,demonhunter,havoc,12,4,8
Elenastar,kazzak,383,demonhunter,havoc,12,4,8
Шоеррей,gordunni,383,demonhunter,havoc,12,4,8
Demoncancer,kazzak,382,demonhunter,havoc,6,4,2
Nazzan,destromath,382,demonhunter,havoc,6,4,2
Lailat,alexstrasza,381,demonhunter,havoc,10,5,5
Åáäàáåàáäàáå,dun-modr,377,demonhunter,havoc,15,6,9
Deamo,stormscale,367,demonhunter,havoc,11,4,7
Летучий,howling-fjord,351,demonhunter,havoc,8,5,3
Lexxdh,blackmoore,351,demonhunter,havoc,8,5,3
Greyfel,blackhand,351,demonhunter,havoc,12,5,7
Блэйденрифтс,soulflayer,351,demonhunter,havoc,11,4,7
Foxylama,stormscale,336,demonhunter,havoc,9,5,4
Nyxxeria,drakthul,336,demonhunter,havoc,15,4,11
Prismio,ysondre,335,demonhunter,havoc,9,4,5
Zephyrê,blackrock,329,demonhunter,havoc,16,8,8
Hyperflex,blackrock,320,demonhunter,havoc,10,4,6
Felwaifu,tarren-mill,319,demonhunter,havoc,8,4,4
Âstræa,antonidas,288,demonhunter,havoc,6,3,3
Songur,blackhand,288,demonhunter,havoc,6,3,3
Шрэдэр,thermaplugg,288,demonhunter,havoc,6,3,3
Julmia,dragonblight,288,demonhunter,havoc,6,3,3
Deschacke,eredar,288,demonhunter,havoc,6,3,3
Bayerd,burning-legion,288,demonhunter,havoc,6,3,3
Shinnu,antonidas,288,demonhunter,havoc,6,3,3
Periphere,eredar,288,demonhunter,havoc,6,3,3
Дэйнни,blackscar,288,demonhunter,havoc,6,3,3
Неффкодх,howling-fjord,288,demonhunter,havoc,6,3,3
Fantabolous,ragnaros,288,demonhunter,havoc,6,3,3
Nameerr,ragnaros,288,demonhunter,havoc,6,3,3
Makwah,kazzak,288,demonhunter,havoc,6,3,3
Calthmon,shattrath,288,demonhunter,havoc,6,3,3
Dadagodx,kazzak,288,demonhunter,havoc,6,3,3
Dzikalocha,burning-legion,288,demonhunter,havoc,6,3,3
Killaden,ravenholdt,288,demonhunter,havoc,6,3,3
Kritflake,blackrock,288,demonhunter,havoc,6,3,3
Zsídakabra,ragnaros,288,demonhunter,havoc,6,3,3
Youngfelrush,blackrock,288,demonhunter,havoc,6,3,3
Hárald,sanguino,288,demonhunter,havoc,6,3,3
Jellyjoker,malganis,288,demonhunter,havoc,6,3,3
Ravae,burning-legion,288,demonhunter,havoc,6,3,3
Скинр,soulflayer,288,demonhunter,havoc,6,3,3
Mortyb,kazzak,288,demonhunter,havoc,6,3,3
Rustedchurl,draenor,288,demonhunter,havoc,6,3,3
Shaadraz,stormscale,288,demonhunter,havoc,6,3,3
Vaterdenke,defias-brotherhood,288,demonhunter,havoc,6,3,3
Cánoo,blackhand,288,demonhunter,havoc,6,3,3
Cienlowczyni,silvermoon,288,demonhunter,havoc,6,3,3
Medievils,silvermoon,288,demonhunter,havoc,6,3,3
Akhyra,ysondre,288,demonhunter,havoc,6,3,3
Marilu,nathrezim,288,demonhunter,havoc,6,3,3
Lundí,tarren-mill,288,demonhunter,havoc,6,3,3
Xellidan,dun-modr,288,demonhunter,havoc,6,3,3
Lonedh,sylvanas,288,demonhunter,havoc,6,3,3
Yiùna,hyjal,288,demonhunter,havoc,6,3,3
Bossmac,mugthol,288,demonhunter,havoc,6,3,3
Версомния,gordunni,288,demonhunter,havoc,6,3,3
Kyoukaii,kazzak,288,demonhunter,havoc,6,3,3
Neony,blackmoore,288,demonhunter,havoc,6,3,3
Annaboliik,ravencrest,288,demonhunter,havoc,6,3,3
Чубрик,howling-fjord,288,demonhunter,havoc,6,3,3
Koger,twisting-nether,288,demonhunter,havoc,6,3,3
Сангвиннус,howling-fjord,288,demonhunter,havoc,6,3,3
Xénôns,archimonde,288,demonhunter,havoc,6,3,3
Bunzi,sylvanas,288,demonhunter,havoc,6,3,3
Mandemz,nagrand,288,demonhunter,havoc,6,3,3
Myuøu,hyjal,288,demonhunter,havoc,6,3,3
Imvnrcvr,dalaran,288,demonhunter,havoc,6,3,3
Alfaa,outland,288,demonhunter,havoc,6,3,3
Spiriteru,archimonde,288,demonhunter,havoc,6,3,3
Hellboi,dun-modr,288,demonhunter,havoc,6,3,3
Гневныймомон,soulflayer,288,demonhunter,havoc,6,3,3
Dàrknight,azjolnerub,288,demonhunter,havoc,6,3,3
Kätarïnas,confrérie-du-thorium,288,demonhunter,havoc,6,3,3
Extitan,twisting-nether,288,demonhunter,havoc,6,3,3
Schwitte,tichondrius,288,demonhunter,havoc,6,3,3
Posterboy,tarren-mill,288,demonhunter,havoc,6,3,3
Андрюхадх,soulflayer,288,demonhunter,havoc,6,3,3
Sandem,blackrock,288,demonhunter,havoc,6,3,3
Резако,soulflayer,288,demonhunter,havoc,6,3,3
Вскрыша,soulflayer,288,demonhunter,havoc,6,3,3
Hyonzyyesh,silvermoon,288,demonhunter,havoc,6,3,3
Naargof,outland,288,demonhunter,havoc,6,3,3
Izzidan,magtheridon,288,demonhunter,havoc,6,3,3
Cindras,turalyon,288,demonhunter,havoc,6,3,3
Ашерис,deathguard,288,demonhunter,havoc,6,3,3
Норилайнн,gordunni,288,demonhunter,havoc,6,3,3
Demonsushi,tarren-mill,288,demonhunter,havoc,6,3,3
Demonzeus,archimonde,288,demonhunter,havoc,6,3,3
Darkshadow,turalyon,288,demonhunter,havoc,6,3,3
Jyrpä,stormscale,288,demonhunter,havoc,6,3,3
Nehmarath,doomhammer,288,demonhunter,havoc,6,3,3
Zmemroo,magtheridon,288,demonhunter,havoc,6,3,3
Nerudas,blackhand,288,demonhunter,havoc,6,3,3
Sonnefel,tarren-mill,288,demonhunter,havoc,6,3,3
Ittas,archimonde,288,demonhunter,havoc,6,3,3
Aaryaa,archimonde,288,demonhunter,havoc,6,3,3
Cursedblade,archimonde,288,demonhunter,havoc,6,3,3
Froog,frostmane,288,demonhunter,havoc,6,3,3
Cnbâckbb,archimonde,288,demonhunter,havoc,6,3,3
Aethilios,silvermoon,288,demonhunter,havoc,11,3,8
Rapp,nemesis,288,demonhunter,havoc,12,3,9
Феяужаса,soulflayer,288,demonhunter,havoc,12,3,9
Linea,jaedenar,288,demonhunter,havoc,12,3,9
Valø,malganis,288,demonhunter,havoc,12,3,9
Domiinator,sylvanas,288,demonhunter,havoc,12,3,9
Lamello,nemesis,288,demonhunter,havoc,12,3,9
Самадиэль,soulflayer,288,demonhunter,havoc,12,3,9
Metaman,archimonde,288,demonhunter,havoc,12,3,9
Kruthor,taerar,288,demonhunter,havoc,12,3,9
Vulcaan,ravencrest,288,demonhunter,havoc,12,3,9
Bernhoftdh,ravencrest,288,demonhunter,havoc,12,3,9
Artwar,stormscale,288,demonhunter,havoc,12,3,9
Asporos,pozzo-delleternità,288,demonhunter,havoc,12,3,9
Laurana,argent-dawn,288,demonhunter,havoc,12,3,9
Vandazza,argent-dawn,288,demonhunter,havoc,12,3,9
Cmi,tarren-mill,288,demonhunter,havoc,12,3,9
Milanto,antonidas,288,demonhunter,havoc,12,3,9
Deathsnote,marécage-de-zangar,288,demonhunter,havoc,12,3,9
Mordaer,twisting-nether,288,demonhunter,havoc,12,3,9
Illidorie,twisting-nether,288,demonhunter,havoc,12,3,9
Хемах,howling-fjord,288,demonhunter,havoc,12,3,9
Bengleng,draenor,288,demonhunter,havoc,12,3,9
Välhöll,kirin-tor,288,demonhunter,havoc,12,3,9
Tuffêli,turalyon,288,demonhunter,havoc,12,3,9
Ïvø,sargeras,288,demonhunter,havoc,12,3,9
Rurt,sanguino,288,demonhunter,havoc,12,3,9
Nightwalk,blackmoore,288,demonhunter,havoc,12,3,9
Kãzïn,archimonde,288,demonhunter,havoc,12,3,9
Naturalis,die-todeskrallen,288,demonhunter,havoc,12,3,9
Demonwithin,nerathor,288,demonhunter,havoc,12,3,9
Cptgmiasbria,eredar,288,demonhunter,havoc,12,3,9
Tenaebris,silvermoon,288,demonhunter,havoc,12,3,9
Firebringer,silvermoon,288,demonhunter,havoc,12,3,9
Demoan,outland,288,demonhunter,havoc,12,3,9
Jimdh,quelthalas,288,demonhunter,havoc,18,3,15
Lasthija,dun-modr,288,demonhunter,havoc,18,3,15
Devildust,ravencrest,288,demonhunter,havoc,18,3,15
Dimonanta,grim-batol,287,demonhunter,havoc,6,3,3
Fugma,defias-brotherhood,287,demonhunter,havoc,6,3,3
Glaiverush,alakir,287,demonhunter,havoc,6,3,3
Saturnein,stormscale,287,demonhunter,havoc,6,3,3
Mormefiél,twisting-nether,287,demonhunter,havoc,6,3,3
Dethlyn,twisting-nether,287,demonhunter,havoc,6,3,3
Menutzdh,tarren-mill,287,demonhunter,havoc,6,3,3
Sìnbad,khaz-modan,286,demonhunter,havoc,6,3,3
Магнисс,fordragon,286,demonhunter,havoc,6,3,3
Dàrkinette,archimonde,286,demonhunter,havoc,6,3,3
Gêliôs,kazzak,271,demonhunter,havoc,11,3,8
Nithraim,kazzak,240,demonhunter,havoc,9,3,6
Xaro,quelthalas,239,demonhunter,havoc,5,3,2
Itskarmax,outland,239,demonhunter,havoc,5,3,2
Heàvic,outland,239,demonhunter,havoc,5,3,2
Ponn,blackmoore,239,demonhunter,havoc,5,3,2
Ñítøryù,ravencrest,234,demonhunter,havoc,10,4,6
Munamasa,archimonde,234,demonhunter,havoc,11,4,7
Illidankxx,sylvanas,208,demonhunter,havoc,7,3,4
Demoqt,ragnaros,192,demonhunter,havoc,4,3,1
Erenyeagerr,kazzak,192,demonhunter,havoc,4,3,1
Папичгодх,borean-tundra,192,demonhunter,havoc,6,2,4
Люблюмеф,gordunni,192,demonhunter,havoc,6,2,4
Alcadejas,pozzo-delleternità,192,demonhunter,havoc,6,2,4
Тэнсу,borean-tundra,192,demonhunter,havoc,6,2,4
Cíondra,aegwynn,192,demonhunter,havoc,6,2,4
Linkôs,aegwynn,192,demonhunter,havoc,6,2,4
Деорру,gordunni,192,demonhunter,havoc,6,2,4
Dikcitx,archimonde,192,demonhunter,havoc,6,2,4
Andariell,sylvanas,192,demonhunter,havoc,6,2,4
Stifeur,archimonde,192,demonhunter,havoc,6,2,4
Мэлифсб,blackscar,192,demonhunter,havoc,6,2,4
Zxcjklcasdlk,sylvanas,192,demonhunter,havoc,6,2,4
Harrah,archimonde,192,demonhunter,havoc,6,2,4
Grinchdemon,nagrand,192,demonhunter,havoc,6,2,4
Usaïnbolts,archimonde,192,demonhunter,havoc,6,2,4
Wolfex,hellfire,192,demonhunter,havoc,6,2,4
Mayzhi,hyjal,192,demonhunter,havoc,6,2,4
Ybou,archimonde,192,demonhunter,havoc,6,2,4
Datejust,archimonde,192,demonhunter,havoc,6,2,4
Крикетчсв,soulflayer,192,demonhunter,havoc,6,2,4
Беатриз,soulflayer,192,demonhunter,havoc,6,2,4
Zarkhyl,malygos,192,demonhunter,havoc,6,2,4
Янгфрукт,howling-fjord,192,demonhunter,havoc,6,2,4
Demontoolz,outland,192,demonhunter,havoc,6,2,4
Sajr,twisting-nether,192,demonhunter,havoc,6,2,4
Маскитол,soulflayer,192,demonhunter,havoc,6,2,4
Chlorel,arthas,192,demonhunter,havoc,6,2,4
Bhairav,silvermoon,192,demonhunter,havoc,6,2,4
Saphira,laughing-skull,192,demonhunter,havoc,6,2,4
Bhuta,aerie-peak,192,demonhunter,havoc,6,2,4
Шоксенсацияя,howling-fjord,192,demonhunter,havoc,6,2,4
Gnaget,the-maelstrom,192,demonhunter,havoc,6,2,4
Ourius,blackmoore,192,demonhunter,havoc,6,2,4
Ragnarak,amanthul,192,demonhunter,havoc,6,2,4
Riveén,blackhand,192,demonhunter,havoc,6,2,4
Lucziane,blackmoore,192,demonhunter,havoc,6,2,4
Mythisa,blackrock,192,demonhunter,havoc,6,2,4
Râny,blackmoore,192,demonhunter,havoc,6,2,4
Roxxis,mazrigos,192,demonhunter,havoc,6,2,4
Khinn,tyrande,192,demonhunter,havoc,6,2,4
Sephy,argent-dawn,192,demonhunter,havoc,6,2,4
Hamssterek,magtheridon,192,demonhunter,havoc,6,2,4
Dhslayer,magtheridon,192,demonhunter,havoc,6,2,4
Dionyz,magtheridon,192,demonhunter,havoc,6,2,4
Tzigonline,silvermoon,192,demonhunter,havoc,6,2,4
Haveadad,outland,192,demonhunter,havoc,6,2,4
Emkogødx,outland,192,demonhunter,havoc,6,2,4
Tacodhx,ravencrest,192,demonhunter,havoc,6,2,4
Anekk,kazzak,192,demonhunter,havoc,6,2,4
Kibiri,rajaxx,192,demonhunter,havoc,6,2,4
Nanana,doomhammer,192,demonhunter,havoc,6,2,4
Cøldlean,ravencrest,192,demonhunter,havoc,6,2,4
Disconecting,outland,192,demonhunter,havoc,6,2,4
Tvé,ravencrest,192,demonhunter,havoc,6,2,4
Czl,silvermoon,192,demonhunter,havoc,6,2,4
Omegahunterx,ravencrest,192,demonhunter,havoc,6,2,4
Sweåfy,outland,192,demonhunter,havoc,6,2,4
Pablino,darksorrow,192,demonhunter,havoc,6,2,4
Anödyth,kirin-tor,192,demonhunter,havoc,6,2,4
Zenô,antonidas,192,demonhunter,havoc,6,2,4
Jonasdh,antonidas,192,demonhunter,havoc,6,2,4
Barocs,antonidas,192,demonhunter,havoc,6,2,4
Martøsdh,uldum,192,demonhunter,havoc,6,2,4
Aggrodíte,antonidas,192,demonhunter,havoc,6,2,4
Khrum,rajaxx,192,demonhunter,havoc,6,2,4
Noitradh,zuljin,192,demonhunter,havoc,6,2,4
Bratti,kazzak,192,demonhunter,havoc,6,2,4
Scarath,eredar,192,demonhunter,havoc,6,2,4
Aytèè,eredar,192,demonhunter,havoc,6,2,4
Rybn,eredar,192,demonhunter,havoc,6,2,4
Malkyor,ysondre,192,demonhunter,havoc,6,2,4
Бабкамопед,howling-fjord,192,demonhunter,havoc,6,2,4
Sälexz,ysondre,192,demonhunter,havoc,6,2,4
Draneka,argent-dawn,192,demonhunter,havoc,6,2,4
Nörsedh,sanguino,192,demonhunter,havoc,6,2,4
Gorilla,korgall,192,demonhunter,havoc,6,2,4
Palaurx,kazzak,192,demonhunter,havoc,6,2,4
Kryshan,burning-legion,192,demonhunter,havoc,6,2,4
Hicke,burning-legion,192,demonhunter,havoc,6,2,4
Sñüîîâ,kazzak,192,demonhunter,havoc,6,2,4
Талона,fordragon,192,demonhunter,havoc,6,2,4
Мейьибейьи,howling-fjord,192,demonhunter,havoc,6,2,4
Biü,tarren-mill,192,demonhunter,havoc,6,2,4
Malzehar,tarren-mill,192,demonhunter,havoc,6,2,4
Kakovicz,gorgonnash,192,demonhunter,havoc,6,2,4
Sazzox,blackrock,192,demonhunter,havoc,6,2,4
Thilanea,emeriss,192,demonhunter,havoc,6,2,4
Newgens,kazzak,192,demonhunter,havoc,6,2,4
Karpandero,stormreaver,192,demonhunter,havoc,6,2,4
Ambodh,thrall,192,demonhunter,havoc,6,2,4
Jabuzi,drakthul,192,demonhunter,havoc,6,2,4
Zlett,draenor,192,demonhunter,havoc,6,2,4
Lexdh,blackrock,192,demonhunter,havoc,6,2,4
Cowardh,twisting-nether,192,demonhunter,havoc,6,2,4
Juicyglaives,ragnaros,192,demonhunter,havoc,6,2,4
Nairra,blackmoore,192,demonhunter,havoc,6,2,4
Schakalèn,ragnaros,192,demonhunter,havoc,6,2,4
Williamgrant,alonsus,192,demonhunter,havoc,6,2,4
Donstyle,anachronos,192,demonhunter,havoc,6,2,4
Êlva,alleria,192,demonhunter,havoc,6,2,4
Chaeeri,twisting-nether,192,demonhunter,havoc,6,2,4
Razzàl,sinstralis,192,demonhunter,havoc,6,2,4
Uthinare,silvermoon,192,demonhunter,havoc,8,2,6
Deehoh,twisting-nether,192,demonhunter,havoc,12,2,10
Inflection,ravencrest,192,demonhunter,havoc,12,2,10
Gagfordaddy,ravencrest,192,demonhunter,havoc,12,2,10
Tôx,dalaran,192,demonhunter,havoc,12,2,10
Qweasda,stormscale,192,demonhunter,havoc,12,2,10
Парагони,gordunni,192,demonhunter,havoc,12,2,10
Enygamy,frostmane,192,demonhunter,havoc,12,2,10
Badess,malfurion,192,demonhunter,havoc,12,2,10
Zaydra,the-maelstrom,192,demonhunter,havoc,12,2,10
Drâparn,sylvanas,192,demonhunter,havoc,12,2,10
Synistera,trollbane,192,demonhunter,havoc,12,2,10
Anayihh,dun-modr,192,demonhunter,havoc,12,2,10
Ayido,xavius,192,demonhunter,havoc,12,2,10
Gouteça,la-croisade-écarlate,192,demonhunter,havoc,12,2,10
Zynês,draenor,192,demonhunter,havoc,12,2,10
Spideymon,ragnaros,192,demonhunter,havoc,12,2,10
Tbomb,ragnaros,192,demonhunter,havoc,12,2,10
Tapio,burning-legion,192,demonhunter,havoc,18,2,16
Deathniresa,argent-dawn,191,demonhunter,havoc,6,2,4
Hellforce,nemesis,191,demonhunter,havoc,6,2,4
Noorrd,hyjal,191,demonhunter,havoc,12,2,10
Lilarii,argent-dawn,191,demonhunter,havoc,12,2,10
Manjirosano,blackmoore,191,demonhunter,havoc,12,2,10
Onorera,tarren-mill,160,demonhunter,havoc,10,2,8
Galafel,outland,159,demonhunter,havoc,5,2,3
Kélida,dun-modr,144,demonhunter,havoc,9,2,7
Зографос,fordragon,138,demonhunter,havoc,7,3,4
Джэкмэн,soulflayer,138,demonhunter,havoc,23,4,19
Amatèrasu,burning-legion,110,demonhunter,havoc,13,2,11
Ellare,burning-blade,96,demonhunter,havoc,6,1,5
Pkdaemon,draenor,96,demonhunter,havoc,6,1,5
Azkerash,draenor,96,demonhunter,havoc,6,1,5
Reikuel,nemesis,96,demonhunter,havoc,6,1,5
Найлинель,fordragon,96,demonhunter,havoc,6,1,5
Laethas,twisting-nether,96,demonhunter,havoc,6,1,5
Kiô,drakthul,96,demonhunter,havoc,6,1,5
Vrazjababa,dragonmaw,96,demonhunter,havoc,6,1,5
Ghetzlel,draenor,96,demonhunter,havoc,6,1,5
Vaco,la-croisade-écarlate,96,demonhunter,havoc,6,1,5
Malvax,tarren-mill,96,demonhunter,havoc,6,1,5
Cruptiq,kazzak,96,demonhunter,havoc,6,1,5
Burritodh,tarren-mill,96,demonhunter,havoc,6,1,5
Hørnyßæ,drakthul,96,demonhunter,havoc,6,1,5
Sgit,doomhammer,96,demonhunter,havoc,6,1,5
Nairu,doomhammer,96,demonhunter,havoc,6,1,5
Zarafel,hyjal,96,demonhunter,havoc,6,1,5
Askari,lothar,96,demonhunter,havoc,6,1,5
Соларт,howling-fjord,96,demonhunter,havoc,6,1,5
Stormma,kazzak,96,demonhunter,havoc,6,1,5
Максимлолпро,howling-fjord,96,demonhunter,havoc,6,1,5
Дронкрылатый,soulflayer,96,demonhunter,havoc,6,1,5
Azazël,turalyon,96,demonhunter,havoc,6,1,5
Jiínx,kazzak,96,demonhunter,havoc,6,1,5
Dhogus,twisting-nether,96,demonhunter,havoc,6,1,5
Dýlän,argent-dawn,96,demonhunter,havoc,6,1,5
Bradzdh,outland,96,demonhunter,havoc,6,1,5
Flasqo,eredar,96,demonhunter,havoc,6,1,5
Annee,eredar,96,demonhunter,havoc,6,1,5
Zyfu,antonidas,96,demonhunter,havoc,6,1,5
Demongorgon,arathor,96,demonhunter,havoc,6,1,5
Stàmàzza,nemesis,96,demonhunter,havoc,6,1,5
Bröwnye,dun-modr,96,demonhunter,havoc,6,1,5
Clexa,thrall,96,demonhunter,havoc,6,1,5
Ilovesabrina,dun-modr,96,demonhunter,havoc,6,1,5
Bitex,archimonde,96,demonhunter,havoc,6,1,5
Tòd,silvermoon,96,demonhunter,havoc,6,1,5
Saisahan,archimonde,96,demonhunter,havoc,6,1,5
Chancelvie,outland,96,demonhunter,havoc,6,1,5
Esthá,argent-dawn,96,demonhunter,havoc,6,1,5
Dhgoddess,ravencrest,96,demonhunter,havoc,6,1,5
Синнэрлити,soulflayer,96,demonhunter,havoc,6,1,5
Aygael,archimonde,96,demonhunter,havoc,6,1,5
Чесденьгамии,soulflayer,96,demonhunter,havoc,6,1,5
Akron,magtheridon,96,demonhunter,havoc,6,1,5
Ryuhayabusa,stormscale,96,demonhunter,havoc,6,1,5
Äzot,burning-legion,96,demonhunter,havoc,6,1,5
Camotheck,stormscale,96,demonhunter,havoc,6,1,5
Maikko,los-errantes,96,demonhunter,havoc,6,1,5
Illidarios,blackhand,96,demonhunter,havoc,6,1,5
Evlos,hyjal,96,demonhunter,havoc,6,1,5
Elenôy,malganis,96,demonhunter,havoc,6,1,5
Shaelby,archimonde,96,demonhunter,havoc,6,1,5
Blish,blackhand,96,demonhunter,havoc,6,1,5
Vg,blackhand,96,demonhunter,havoc,6,1,5
ßaßayaga,blackhand,96,demonhunter,havoc,6,1,5
Блъя,gordunni,96,demonhunter,havoc,6,1,5
Permachill,blackmoore,96,demonhunter,havoc,6,1,5
Louú,blackmoore,96,demonhunter,havoc,6,1,5
Аззазэль,howling-fjord,96,demonhunter,havoc,6,1,5
Blulake,silvermoon,96,demonhunter,havoc,6,1,5
Спокоивич,soulflayer,96,demonhunter,havoc,6,1,5
Вирбль,gordunni,96,demonhunter,havoc,6,1,5
Ганстапутин,howling-fjord,96,demonhunter,havoc,6,1,5
Tricki,kelthuzad,96,demonhunter,havoc,6,1,5
Niqel,blackrock,96,demonhunter,havoc,6,1,5
Mlecznygolem,silvermoon,96,demonhunter,havoc,6,1,5
Teimotevey,silvermoon,96,demonhunter,havoc,6,1,5
Gucknicht,blackrock,96,demonhunter,havoc,6,1,5
Ripgodx,bronzebeard,96,demonhunter,havoc,6,1,5
Wìxx,blackrock,96,demonhunter,havoc,6,1,5
Snibsxdh,silvermoon,96,demonhunter,havoc,6,1,5
Jásírá,shattrath,96,demonhunter,havoc,12,1,11
Dìus,blackmoore,96,demonhunter,havoc,12,1,11
Ecthelionn,outland,96,demonhunter,havoc,12,1,11
Kurox,drakthul,96,demonhunter,havoc,12,1,11
Babyyéah,sunstrider,96,demonhunter,havoc,12,1,11
Бонятяф,gordunni,96,demonhunter,havoc,12,1,11
Shinarei,silvermoon,95,demonhunter,havoc,6,1,5
Elldarion,blackhand,79,demonhunter,havoc,5,1,4
Caluxe,blackmoore,79,demonhunter,havoc,5,1,4
Devilmonkey,ambossar,72,demonhunter,havoc,36,7,29
Syonis,archimonde,48,demonhunter,havoc,3,1,2
Гадх,gordunni,42,demonhunter,havoc,8,2,6
Buttslapper,silvermoon,42,demonhunter,havoc,8,2,6
Sinjinzoo,blackrock,31,demonhunter,havoc,2,1,1
Vengeancezin,frostwhisper,2031,demonhunter,vengeance,138,74,64
Jedidiah,aggra-português,1518,demonhunter,vengeance,81,35,46
Strqt,archimonde,1509,demonhunter,vengeance,54,29,25
Zarín,outland,1394,demonhunter,vengeance,78,41,37
Paindemon,outland,1034,demonhunter,vengeance,18,11,7
Kubusz,ravencrest,856,demonhunter,vengeance,30,12,18
Kekburagól,kazzak,575,demonhunter,vengeance,12,6,6
Enithy,twisting-nether,573,demonhunter,vengeance,12,6,6
Demonlucy,colinas-pardas,287,demonhunter,vengeance,12,3,9
Askari,lothar,192,demonhunter,vengeance,6,2,4
Геммула,howling-fjord,192,demonhunter,vengeance,6,2,4
Camtoe,ravencrest,192,demonhunter,vengeance,6,2,4
Сумърак,grom,192,demonhunter,vengeance,12,2,10
Arussil,pozzo-delleternità,96,demonhunter,vengeance,6,1,5
Xenits,kazzak,96,demonhunter,vengeance,6,1,5
Zarafel,hyjal,95,demonhunter,vengeance,12,1,11
Hibibi,kazzak,2257,druid,restoration,113,66,47
Kev,elune,2190,druid,restoration,185,102,83
Pegasu,kelthuzad,2182,druid,restoration,114,66,48
Vanostboom,kazzak,2181,druid,restoration,88,50,38
Iloveher,ravencrest,2180,druid,restoration,160,89,71
Miouzy,archimonde,2156,druid,restoration,66,36,30
Unohanâ,archimonde,2103,druid,restoration,108,65,43
Nesedondon,stormscale,2086,druid,restoration,72,50,22
Årt,ravencrest,2071,druid,restoration,168,88,80
Trèes,outland,2059,druid,restoration,246,134,112
Drjmy,silvermoon,2053,druid,restoration,71,54,17
Dendariottvx,sunstrider,2042,druid,restoration,73,44,29
Bambambimbim,draenor,2023,druid,restoration,84,44,40
Afky,stormreaver,2013,druid,restoration,114,59,55
Surfingbirdx,ragnaros,2005,druid,restoration,48,25,23
Yoogy,ravencrest,1995,druid,restoration,60,37,23
Rives,sylvanas,1978,druid,restoration,78,46,32
Bloomitize,ravencrest,1967,druid,restoration,78,43,35
Tjxaxa,ravencrest,1966,druid,restoration,78,38,40
Galadronìa,aegwynn,1960,druid,restoration,65,38,27
Shinöbü,sanguino,1954,druid,restoration,87,49,38
Ovérheal,ravencrest,1953,druid,restoration,94,52,42
Mentallyill,ravencrest,1949,druid,restoration,204,106,98
Thysabtw,archimonde,1947,druid,restoration,65,40,25
Sheippi,stormreaver,1945,druid,restoration,54,31,23
Acondris,kazzak,1944,druid,restoration,126,60,66
Angrykejton,silvermoon,1940,druid,restoration,270,135,135
Håbibi,kazzak,1936,druid,restoration,48,25,23
Thotz,kazzak,1936,druid,restoration,150,73,77
Skrrlock,ravencrest,1923,druid,restoration,108,53,55
Kyomã,burning-legion,1915,druid,restoration,102,49,53
Syví,outland,1912,druid,restoration,59,29,30
Hånukkah,outland,1911,druid,restoration,58,29,29
Lunamimi,argent-dawn,1900,druid,restoration,314,161,153
Maxpojke,ravencrest,1876,druid,restoration,142,88,54
Amaré,burning-legion,1873,druid,restoration,54,28,26
Promethezine,tarren-mill,1872,druid,restoration,170,92,78
Dokixo,kazzak,1870,druid,restoration,41,24,17
Niksidruid,grim-batol,1868,druid,restoration,28,21,7
Ralaa,guldan,1865,druid,restoration,54,29,25
Arthéas,archimonde,1865,druid,restoration,174,89,85
Naffelle,ysondre,1862,druid,restoration,71,34,37
Theatrex,ravencrest,1856,druid,restoration,153,90,63
Druidrak,eredar,1855,druid,restoration,66,32,34
Panigale,dun-modr,1855,druid,restoration,48,22,26
Alolexx,archimonde,1851,druid,restoration,45,27,18
Lalalime,arthas,1851,druid,restoration,64,31,33
Clone,aegwynn,1849,druid,restoration,96,55,41
Nastycat,magtheridon,1849,druid,restoration,179,88,91
Druidello,stormscale,1845,druid,restoration,52,24,28
Åä,ravencrest,1837,druid,restoration,32,20,12
Thebiggest,ravencrest,1836,druid,restoration,42,25,17
Ammare,burning-legion,1834,druid,restoration,72,39,33
Josedudu,twisting-nether,1833,druid,restoration,66,33,33
Nantou,stormscale,1833,druid,restoration,59,28,31
Jmdr,silvermoon,1830,druid,restoration,71,31,40
Kìttÿ,dun-modr,1828,druid,restoration,66,41,25
Spamclone,draenor,1828,druid,restoration,57,30,27
Kanyevotèrx,ravencrest,1828,druid,restoration,54,25,29
Andr,voljin,1828,druid,restoration,78,34,44
Gummysnake,aszune,1823,druid,restoration,42,25,17
Zydrux,outland,1822,druid,restoration,48,36,12
Doodlez,blackrock,1820,druid,restoration,60,27,33
Baawz,blackmoore,1820,druid,restoration,60,25,35
Aesha,los-errantes,1819,druid,restoration,54,26,28
Metagrass,stormscale,1818,druid,restoration,129,59,70
Skadooshee,kazzak,1816,druid,restoration,36,19,17
Køngx,blackhand,1812,druid,restoration,125,64,61
Sorryblya,ravencrest,1809,druid,restoration,60,26,34
Uñsullied,kazzak,1806,druid,restoration,57,31,26
Morkius,ravencrest,1806,druid,restoration,36,19,17
Мафио,blackscar,1805,druid,restoration,48,25,23
Asaj,argent-dawn,1804,druid,restoration,189,106,83
Riplilpeep,grim-batol,1803,druid,restoration,54,28,26
Gaeldeth,silvermoon,1802,druid,restoration,105,63,42
Wraithshape,stormscale,1800,druid,restoration,60,32,28
Hadok,azjolnerub,1795,druid,restoration,155,70,85
Tedel,kazzak,1791,druid,restoration,53,33,20
Jìnró,ravencrest,1782,druid,restoration,129,63,66
Lexopewpew,ravencrest,1779,druid,restoration,47,22,25
Chacopic,archimonde,1777,druid,restoration,132,68,64
Chas,ravencrest,1776,druid,restoration,42,25,17
Jaytiz,ravencrest,1774,druid,restoration,47,22,25
Weezíng,ysondre,1771,druid,restoration,44,27,17
Skrood,kazzak,1771,druid,restoration,54,27,27
Дикаякиара,blackscar,1771,druid,restoration,223,107,116
Threesixnìne,dun-morogh,1768,druid,restoration,138,72,66
Heçtôr,silvermoon,1767,druid,restoration,60,27,33
Reins,silvermoon,1766,druid,restoration,94,49,45
Thugzie,kazzak,1765,druid,restoration,128,56,72
Bëstwôrld,archimonde,1763,druid,restoration,76,39,37
Friedbrocolí,tarren-mill,1762,druid,restoration,42,23,19
Gøðførm,silvermoon,1758,druid,restoration,118,63,55
Wéédmâñ,ravencrest,1756,druid,restoration,45,30,15
Slayced,blackrock,1756,druid,restoration,71,34,37
Cplazi,kazzak,1754,druid,restoration,36,21,15
Joksica,draenor,1751,druid,restoration,47,24,23
Hizzy,burning-legion,1751,druid,restoration,243,119,124
Lamatoes,ravencrest,1750,druid,restoration,59,24,35
Migami,nemesis,1748,druid,restoration,65,27,38
Matteps,outland,1742,druid,restoration,41,19,22
Улдрэйн,deathguard,1739,druid,restoration,66,38,28
Lifelover,outland,1734,druid,restoration,48,23,25
Orayin,ravencrest,1731,druid,restoration,96,65,31
Qjkuug,twisting-nether,1728,druid,restoration,148,87,61
Naraia,aegwynn,1726,druid,restoration,95,49,46
Крашдру,gordunni,1724,druid,restoration,64,38,26
Филавтия,gordunni,1724,druid,restoration,60,32,28
Druidella,stormscale,1716,druid,restoration,30,18,12
Treliuz,twilights-hammer,1710,druid,restoration,226,123,103
Muraebbasta,pozzo-delleternità,1709,druid,restoration,42,18,24
Hólo,blackrock,1706,druid,restoration,72,34,38
Sintiq,silvermoon,1705,druid,restoration,41,24,17
Wraithmoon,stormscale,1705,druid,restoration,36,18,18
Myndrá,varimathras,1695,druid,restoration,42,22,20
Treeførm,ravencrest,1694,druid,restoration,36,25,11
Zonsy,twisting-nether,1693,druid,restoration,42,24,18
Moonbee,burning-blade,1692,druid,restoration,72,41,31
Moondra,outland,1688,druid,restoration,95,39,56
Erika,vashj,1684,druid,restoration,72,38,34
Luhmanish,thunderhorn,1684,druid,restoration,102,52,50
Sangré,suramar,1670,druid,restoration,42,21,21
Praetorian,sylvanas,1668,druid,restoration,174,83,91
Eedaza,argent-dawn,1665,druid,restoration,75,38,37
Funnyjoker,outland,1665,druid,restoration,36,18,18
Fryén,archimonde,1665,druid,restoration,63,27,36
Elayria,blackmoore,1663,druid,restoration,36,19,17
Rozi,draenor,1660,druid,restoration,48,27,21
Builtdiffy,kazzak,1659,druid,restoration,190,98,92
Demerit,aegwynn,1657,druid,restoration,32,18,14
Sélia,sylvanas,1657,druid,restoration,116,57,59
Bâneth,destromath,1656,druid,restoration,60,33,27
Olaphy,elune,1653,druid,restoration,155,77,78
Catgirlx,ravencrest,1652,druid,restoration,42,26,16
Xalio,ravencrest,1652,druid,restoration,113,68,45
Чухх,howling-fjord,1649,druid,restoration,73,39,34
Pogoth,turalyon,1641,druid,restoration,72,38,34
Абраг,soulflayer,1637,druid,restoration,72,36,36
Drøødis,archimonde,1636,druid,restoration,42,24,18
Trèes,draenor,1636,druid,restoration,46,22,24
Adjaara,ravencrest,1635,druid,restoration,115,68,47
Pardus,ambossar,1635,druid,restoration,50,27,23
Rhonir,twisting-nether,1634,druid,restoration,53,22,31
Bellhooks,blackrock,1633,druid,restoration,30,18,12
Rawri,blackmoore,1633,druid,restoration,48,26,22
Рамзес,gordunni,1631,druid,restoration,30,20,10
Mafiasnipe,ravencrest,1630,druid,restoration,24,17,7
Asga,stormscale,1628,druid,restoration,30,17,13
Bêvêrly,ravencrest,1626,druid,restoration,46,26,20
Джелони,soulflayer,1626,druid,restoration,36,17,19
Mortalnight,sinstralis,1625,druid,restoration,194,99,95
Ёу,soulflayer,1624,druid,restoration,161,85,76
Jcpenney,xavius,1623,druid,restoration,181,93,88
Tropjeune,dalaran,1623,druid,restoration,36,17,19
Frances,auchindoun,1622,druid,restoration,51,30,21
Chaboom,hyjal,1622,druid,restoration,60,25,35
Tooclosex,outland,1621,druid,restoration,35,24,11
Bellatrx,darksorrow,1620,druid,restoration,36,21,15
Миледистайпи,gordunni,1619,druid,restoration,32,18,14
Bjútiful,silvermoon,1618,druid,restoration,41,23,18
Elu,eredar,1617,druid,restoration,48,28,20
Haszard,outland,1617,druid,restoration,134,68,66
Nancey,auchindoun,1617,druid,restoration,149,75,74
Wømbat,ravencrest,1616,druid,restoration,36,17,19
Goldrax,outland,1615,druid,restoration,24,17,7
Tåylor,laughing-skull,1615,druid,restoration,41,21,20
Драменбейз,gordunni,1615,druid,restoration,42,20,22
Ooktharg,turalyon,1614,druid,restoration,36,20,16
Kaamirach,blackmoore,1612,druid,restoration,90,64,26
Nímbs,tarren-mill,1612,druid,restoration,35,20,15
Zhosy,shattrath,1612,druid,restoration,61,22,39
Zevana,tarren-mill,1611,druid,restoration,30,18,12
Skipperd,blackmoore,1610,druid,restoration,42,17,25
Xoriauz,archimonde,1609,druid,restoration,78,37,41
Slaugh,zuljin,1608,druid,restoration,48,20,28
Опапенелопа,blackscar,1607,druid,restoration,39,27,12
Monatamis,kazzak,1607,druid,restoration,36,21,15
Велаине,soulflayer,1607,druid,restoration,133,77,56
Bigmeandruid,twisting-nether,1606,druid,restoration,30,17,13
Чекхмеаскохз,gordunni,1604,druid,restoration,36,21,15
Diolives,stormscale,1604,druid,restoration,204,106,98
Bîrke,blackrock,1604,druid,restoration,36,17,19
Diriculous,kazzak,1603,druid,restoration,60,20,40
Soguu,thrall,1601,druid,restoration,30,17,13
Watchmebear,stormscale,1601,druid,restoration,42,23,19
Ðarckness,kazzak,1600,druid,restoration,24,17,7
Swifte,argent-dawn,1600,druid,restoration,48,27,21
Akmón,tarren-mill,1600,druid,restoration,58,20,38
Dïsä,ravencrest,1599,druid,restoration,30,17,13
Davorian,frostmane,1596,druid,restoration,51,28,23
Ittei,korgall,1596,druid,restoration,120,63,57
Hyggefinger,ravencrest,1596,druid,restoration,42,19,23
Lunglung,blutkessel,1585,druid,restoration,42,22,20
Guccicken,garona,1580,druid,restoration,155,87,68
Naridruidx,eredar,1578,druid,restoration,42,26,16
Pawful,malganis,1578,druid,restoration,165,89,76
Øhshift,drakthul,1576,druid,restoration,41,20,21
Директорх,blackscar,1569,druid,restoration,35,19,16
Eyvimel,ravencrest,1569,druid,restoration,219,113,106
Ninadobrev,ragnaros,1568,druid,restoration,33,18,15
Andromedda,twisting-nether,1568,druid,restoration,132,70,62
Nasduck,ravencrest,1564,druid,restoration,88,52,36
Kheazar,blackmoore,1558,druid,restoration,103,61,42
Naturez,sylvanas,1557,druid,restoration,32,20,12
Уэсериктх,blackscar,1557,druid,restoration,45,26,19
Crïn,ravencrest,1553,druid,restoration,36,17,19
Druncha,sunstrider,1553,druid,restoration,189,74,115
Néllä,archimonde,1552,druid,restoration,36,25,11
Zaerox,ambossar,1550,druid,restoration,60,32,28
Bearform,blackhand,1548,druid,restoration,48,23,25
Legyna,ravencrest,1547,druid,restoration,65,40,25
Khunahype,thrall,1546,druid,restoration,88,48,40
Bammedrudu,archimonde,1541,druid,restoration,42,25,17
Атмос,deathguard,1541,druid,restoration,124,72,52
Scorlok,eredar,1538,druid,restoration,62,38,24
Нубстримсс,gordunni,1538,druid,restoration,82,38,44
Tôrmêñtêd,outland,1535,druid,restoration,99,62,37
Arogane,outland,1534,druid,restoration,69,36,33
Utopiah,ravencrest,1533,druid,restoration,30,20,10
Leyô,archimonde,1533,druid,restoration,30,16,14
Devióus,twilights-hammer,1533,druid,restoration,131,68,63
Kundz,dalaran,1530,druid,restoration,148,81,67
Eviscreator,stormscale,1529,druid,restoration,45,27,18
Kætachy,archimonde,1529,druid,restoration,42,16,26
Hasselhoof,eredar,1526,druid,restoration,63,26,37
Deluron,malganis,1525,druid,restoration,113,59,54
Lyvuni,blackmoore,1524,druid,restoration,54,33,21
Bjoernbrudn,ravencrest,1524,druid,restoration,30,16,14
Skillfall,ravencrest,1524,druid,restoration,42,16,26
Floka,archimonde,1523,druid,restoration,60,32,28
Аренатренер,gordunni,1523,druid,restoration,60,25,35
Вексиус,gordunni,1521,druid,restoration,42,24,18
Dwaokut,ravencrest,1514,druid,restoration,47,24,23
Zudwa,twisting-nether,1513,druid,restoration,26,16,10
Asanaria,ravencrest,1513,druid,restoration,56,25,31
Сладуляя,gordunni,1512,druid,restoration,53,23,30
Tînkerbèll,blackmoore,1511,druid,restoration,41,22,19
Bloomies,tarren-mill,1507,druid,restoration,100,59,41
Homek,eredar,1505,druid,restoration,42,24,18
Feelstreeman,twisting-nether,1504,druid,restoration,77,42,35
Lÿter,dun-modr,1502,druid,restoration,60,27,33
Buffbloom,auchindoun,1501,druid,restoration,135,70,65
Ráw,dun-modr,1498,druid,restoration,52,24,28
Setztes,tarren-mill,1494,druid,restoration,61,34,27
Hatecrew,twisting-nether,1494,druid,restoration,53,29,24
Kicki,outland,1494,druid,restoration,66,34,32
Маккаланн,soulflayer,1493,druid,restoration,48,30,18
Zaelitwo,archimonde,1490,druid,restoration,24,16,8
Rougetreize,khaz-modan,1490,druid,restoration,30,16,14
Shiftway,stormscale,1490,druid,restoration,30,16,14
Làhen,ravencrest,1490,druid,restoration,100,50,50
Atôtheex,kazzak,1488,druid,restoration,43,21,22
Reinulfen,blackmoore,1482,druid,restoration,60,33,27
Rytmusdudu,ragnaros,1478,druid,restoration,30,17,13
Supremecat,kazzak,1477,druid,restoration,66,38,28
Pureballs,twisting-nether,1477,druid,restoration,165,93,72
Nyxxz,shattered-hand,1477,druid,restoration,36,19,17
Xôárqt,aegwynn,1477,druid,restoration,72,33,39
Nasgra,malganis,1473,druid,restoration,41,17,24
Sandirion,silvermoon,1472,druid,restoration,434,216,218
Halyconwings,outland,1470,druid,restoration,57,29,28
Delviri,stormreaver,1467,druid,restoration,80,43,37
Trúdl,das-konsortium,1466,druid,restoration,24,18,6
Tunling,ravencrest,1466,druid,restoration,36,25,11
Trollisha,mannoroth,1465,druid,restoration,293,136,157
Drbse,silvermoon,1461,druid,restoration,56,28,28
Jtepdru,ravencrest,1460,druid,restoration,126,63,63
Lukass,drakthul,1459,druid,restoration,128,68,60
Styleexd,ragnaros,1458,druid,restoration,69,39,30
Spliçe,draenor,1458,druid,restoration,42,21,21
Arlandia,drakthul,1458,druid,restoration,42,17,25
Bakicadr,sylvanas,1454,druid,restoration,27,17,10
Cptfalcony,outland,1453,druid,restoration,42,24,18
Ööh,outland,1453,druid,restoration,48,25,23
Warami,eredar,1453,druid,restoration,54,24,30
Eaglefox,aszune,1452,druid,restoration,47,21,26
Euskal,chogall,1451,druid,restoration,42,18,24
Deltalol,blackmoore,1450,druid,restoration,48,25,23
Tamburoo,tarren-mill,1449,druid,restoration,119,52,67
Vashiko,tarren-mill,1446,druid,restoration,83,41,42
Brorsnor,ravencrest,1445,druid,restoration,86,38,48
Flum,darksorrow,1441,druid,restoration,148,77,71
Xyruden,kazzak,1441,druid,restoration,171,69,102
Ûnsullied,kazzak,1438,druid,restoration,30,15,15
Ына,gordunni,1438,druid,restoration,81,39,42
Síggíe,eredar,1436,druid,restoration,30,17,13
Shredzz,ravencrest,1436,druid,restoration,36,15,21
Dartdogg,sanguino,1436,druid,restoration,65,22,43
Блумха,howling-fjord,1435,druid,restoration,66,34,32
Scra,anubarak,1433,druid,restoration,107,55,52
Yunalaa,blackmoore,1432,druid,restoration,32,20,12
Kukisanban,stormscale,1432,druid,restoration,314,168,146
Evílz,kazzak,1431,druid,restoration,24,15,9
Брэвно,gordunni,1430,druid,restoration,225,116,109
Wenciorek,kazzak,1429,druid,restoration,93,47,46
Thanom,auchindoun,1428,druid,restoration,181,92,89
Kittý,terokkar,1427,druid,restoration,156,76,80
Analmonstret,shattered-hand,1427,druid,restoration,35,17,18
Melonmanx,outland,1424,druid,restoration,24,15,9
Weisslogia,aegwynn,1424,druid,restoration,30,15,15
Febricyla,blackmoore,1424,druid,restoration,48,23,25
Filyina,blackrock,1424,druid,restoration,105,46,59
Georn,sylvanas,1423,druid,restoration,36,15,21
Clovér,outland,1422,druid,restoration,47,22,25
Tokifong,kazzak,1419,druid,restoration,36,15,21
Eeivi,argent-dawn,1418,druid,restoration,135,70,65
Mindru,sylvanas,1417,druid,restoration,45,22,23
Lestty,the-maelstrom,1412,druid,restoration,30,19,11
Фапдрим,howling-fjord,1412,druid,restoration,66,32,34
Peerpope,draenor,1411,druid,restoration,122,69,53
Grololotte,dalaran,1411,druid,restoration,120,66,54
Antheiaa,frostmane,1411,druid,restoration,72,32,40
Maethar,stormrage,1410,druid,restoration,105,63,42
Ilyethea,earthen-ring,1408,druid,restoration,447,237,210
Plàntz,tarren-mill,1406,druid,restoration,79,39,40
Béccàbtw,draenor,1402,druid,restoration,30,16,14
Dûdûrînâ,blackrock,1400,druid,restoration,24,15,9
Ghaara,outland,1399,druid,restoration,46,28,18
Hellofresh,silvermoon,1399,druid,restoration,54,21,33
Kooglaash,kazzak,1395,druid,restoration,97,47,50
Wagoneis,grim-batol,1395,druid,restoration,58,28,30
Друлёнышь,eversong,1394,druid,restoration,125,65,60
Shufflê,blackmoore,1392,druid,restoration,125,57,68
Göli,argent-dawn,1390,druid,restoration,30,15,15
Bloompuf,draenor,1384,druid,restoration,60,23,37
Sertris,kazzak,1381,druid,restoration,52,21,31
Gandraste,neptulon,1379,druid,restoration,24,19,5
Азя,blackscar,1379,druid,restoration,54,22,32
Катяблум,gordunni,1375,druid,restoration,60,24,36
Kajiun,silvermoon,1373,druid,restoration,36,21,15
Badbloom,ravencrest,1370,druid,restoration,46,22,24
Erebear,ravencrest,1369,druid,restoration,59,34,25
Solàryx,hyjal,1367,druid,restoration,60,29,31
Мекс,gordunni,1366,druid,restoration,23,15,8
Balanc,ragnaros,1366,druid,restoration,42,22,20
Bägira,sylvanas,1366,druid,restoration,165,86,79
Hideme,tarren-mill,1366,druid,restoration,72,31,41
Pega,archimonde,1365,druid,restoration,41,15,26
Avimoo,tarren-mill,1364,druid,restoration,41,22,19
Bigßoi,stormscale,1364,druid,restoration,84,44,40
Ráay,blackrock,1362,druid,restoration,42,19,23
Cörelly,ravencrest,1358,druid,restoration,187,108,79
Wooshy,kazzak,1358,druid,restoration,40,17,23
Zwierzyniec,jaedenar,1357,druid,restoration,60,27,33
Naruhot,archimonde,1353,druid,restoration,25,15,10
Ивантяй,gordunni,1350,druid,restoration,113,55,58
Althei,argent-dawn,1349,druid,restoration,45,22,23
Wwvwwvwwvwvw,burning-legion,1347,druid,restoration,75,27,48
Rabacki,blackmoore,1346,druid,restoration,78,36,42
Feralgodx,quelthalas,1344,druid,restoration,27,16,11
Zaeli,archimonde,1344,druid,restoration,24,14,10
Cyclonebroo,blackmoore,1344,druid,restoration,29,15,14
Lindémann,blackhand,1343,druid,restoration,36,19,17
Acxaryl,ravencrest,1343,druid,restoration,30,14,16
Mòzat,stormscale,1342,druid,restoration,24,14,10
Asklepion,twisting-nether,1342,druid,restoration,30,14,16
Bibeed,blackmoore,1339,druid,restoration,36,14,22
Badbeliø,hyjal,1338,druid,restoration,76,27,49
Ванечка,razuvious,1337,druid,restoration,36,14,22
Hashtagone,ysondre,1336,druid,restoration,35,15,20
Shifthappénz,draenor,1334,druid,restoration,60,28,32
Вакидзами,gordunni,1331,druid,restoration,48,28,20
Fabsl,archimonde,1330,druid,restoration,30,14,16
Blacksage,dragonmaw,1327,druid,restoration,83,36,47
Scaleo,stormreaver,1326,druid,restoration,42,26,16
Друрашка,soulflayer,1325,druid,restoration,57,28,29
Jikuni,ravencrest,1325,druid,restoration,36,16,20
Knzm,dun-modr,1323,druid,restoration,120,62,58
Koemarkt,sunstrider,1319,druid,restoration,46,29,17
Endoplazmik,silvermoon,1319,druid,restoration,61,36,25
Крайсонг,soulflayer,1316,druid,restoration,36,18,18
Drukae,stormscale,1315,druid,restoration,30,14,16
Idect,silvermoon,1314,druid,restoration,106,55,51
Nizkul,dun-modr,1314,druid,restoration,68,33,35
Yenwe,kazzak,1311,druid,restoration,142,73,69
Nayokô,grim-batol,1310,druid,restoration,30,15,15
Mangy,xavius,1309,druid,restoration,78,39,39
Иггдрассиль,blackscar,1309,druid,restoration,30,15,15
Dafapa,twilights-hammer,1306,druid,restoration,30,14,16
Cultivatedz,twisting-nether,1306,druid,restoration,54,24,30
Basilethe,hyjal,1304,druid,restoration,30,17,13
Glaskål,draenor,1304,druid,restoration,48,17,31
Rrayed,kazzak,1303,druid,restoration,76,39,37
Wazam,kazzak,1302,druid,restoration,116,60,56
Rawillinen,kazzak,1302,druid,restoration,30,14,16
Boomayé,archimonde,1301,druid,restoration,56,34,22
Leliaen,sylvanas,1298,druid,restoration,63,34,29
Nuwell,arathor,1298,druid,restoration,72,31,41
Друидсимба,howling-fjord,1296,druid,restoration,99,52,47
Ekologiskxx,outland,1296,druid,restoration,85,40,45
Wannabanhere,outland,1295,druid,restoration,41,16,25
Callìa,sylvanas,1294,druid,restoration,36,18,18
Shelby,tirion,1291,druid,restoration,69,36,33
Рефикс,gordunni,1289,druid,restoration,97,60,37
Microw,ghostlands,1289,druid,restoration,105,55,50
Varrdru,kazzak,1288,druid,restoration,91,42,49
Feinberg,stormscale,1286,druid,restoration,42,14,28
Хуссипусси,galakrond,1285,druid,restoration,29,14,15
Kattig,grim-batol,1284,druid,restoration,44,21,23
Seikoo,defias-brotherhood,1284,druid,restoration,91,41,50
Yeats,blackmoore,1283,druid,restoration,42,17,25
Paawz,stormscale,1281,druid,restoration,65,33,32
Chinoiserie,aszune,1277,druid,restoration,156,83,73
Cubalitis,tarren-mill,1276,druid,restoration,39,24,15
Zaratras,arathor,1276,druid,restoration,79,39,40
Nøbødy,silvermoon,1276,druid,restoration,29,14,15
Урька,blackscar,1272,druid,restoration,59,26,33
Hanibalector,silvermoon,1269,druid,restoration,39,20,19
Mchots,ragnaros,1267,druid,restoration,95,42,53
Кнесис,howling-fjord,1266,druid,restoration,31,19,12
Nelffie,kazzak,1266,druid,restoration,43,25,18
Walexx,kazzak,1266,druid,restoration,44,25,19
Delmond,sylvanas,1266,druid,restoration,185,93,92
Nalreaa,kazzak,1265,druid,restoration,48,27,21
Lalon,blackrock,1265,druid,restoration,48,24,24
Noxlunaire,ravencrest,1265,druid,restoration,58,25,33
Elainx,thrall,1264,druid,restoration,30,16,14
Дюссельдорф,blackscar,1263,druid,restoration,30,19,11
Обейрин,gordunni,1261,druid,restoration,78,40,38
Cuxorb,rexxar,1259,druid,restoration,48,21,27
Delarion,nemesis,1258,druid,restoration,36,21,15
Lépaw,twisting-nether,1257,druid,restoration,71,36,35
Närthex,kazzak,1253,druid,restoration,24,14,10
Solstrale,ravencrest,1252,druid,restoration,67,29,38
Киберужас,gordunni,1250,druid,restoration,128,62,66
Випера,gordunni,1249,druid,restoration,36,19,17
Liquis,outland,1249,druid,restoration,109,56,53
Loleh,ragnaros,1247,druid,restoration,24,13,11
Deltsur,stormscale,1247,druid,restoration,35,17,18
Xomeboci,draenor,1246,druid,restoration,42,14,28
Doodougie,silvermoon,1245,druid,restoration,30,13,17
Mitnik,stormscale,1244,druid,restoration,122,71,51
Hotlotta,aegwynn,1244,druid,restoration,24,13,11
Naphé,ysondre,1243,druid,restoration,18,13,5
Crep,krasus,1243,druid,restoration,30,21,9
Kittyperry,tarren-mill,1243,druid,restoration,29,14,15
Erdnuckèl,antonidas,1242,druid,restoration,27,18,9
Gnaro,ragnaros,1242,druid,restoration,76,40,36
Bonza,agamaggan,1241,druid,restoration,36,17,19
Basajáun,dun-modr,1240,druid,restoration,48,17,31
Ironveins,ravencrest,1238,druid,restoration,42,28,14
Juicy,stormreaver,1237,druid,restoration,42,26,16
ßløøm,outland,1236,druid,restoration,24,16,8
Vanlise,ravencrest,1236,druid,restoration,54,26,28
Diastra,silvermoon,1232,druid,restoration,120,60,60
Midnightstry,alakir,1231,druid,restoration,259,137,122
Корнерит,gordunni,1229,druid,restoration,82,43,39
Acwi,dun-morogh,1226,druid,restoration,72,36,36
Ninø,gorgonnash,1226,druid,restoration,51,25,26
Weregoon,blackmoore,1225,druid,restoration,191,91,100
Sgtdrood,archimonde,1223,druid,restoration,30,13,17
Fettpumpad,karazhan,1221,druid,restoration,103,59,44
Harei,archimonde,1221,druid,restoration,24,13,11
Cazzette,grim-batol,1220,druid,restoration,40,24,16
Siako,sanguino,1218,druid,restoration,71,32,39
Tommix,ravencrest,1214,druid,restoration,26,14,12
Deretus,blackmoore,1213,druid,restoration,34,13,21
Kattbjörnen,ragnaros,1211,druid,restoration,66,34,32
Dreaddot,archimonde,1210,druid,restoration,24,13,11
Jehtrotull,nemesis,1210,druid,restoration,37,17,20
Autoritär,gilneas,1209,druid,restoration,49,26,23
Trõn,draenor,1208,druid,restoration,42,26,16
Aebí,dalaran,1208,druid,restoration,24,13,11
Shapeshafter,twisting-nether,1207,druid,restoration,114,56,58
Ubbeleg,kazzak,1206,druid,restoration,30,18,12
Zelíx,bronzebeard,1203,druid,restoration,47,29,18
Spacedout,taerar,1202,druid,restoration,55,28,27
Herbiko,turalyon,1201,druid,restoration,99,54,45
Julss,archimonde,1201,druid,restoration,48,21,27
Дилайт,blackscar,1201,druid,restoration,30,13,17
Namenloser,azshara,1200,druid,restoration,72,39,33
Goodzychoo,silvermoon,1199,druid,restoration,36,17,19
Weiden,twisting-nether,1199,druid,restoration,42,19,23
Karlsn,ravencrest,1197,druid,restoration,25,14,11
Amakary,blackrock,1193,druid,restoration,42,19,23
Tsurío,thrall,1191,druid,restoration,24,17,7
Vícvega,ravencrest,1189,druid,restoration,46,24,22
Plsbuffdruid,ravencrest,1189,druid,restoration,28,14,14
Yazari,nathrezim,1188,druid,restoration,36,14,22
Chable,hyjal,1187,druid,restoration,60,31,29
Jiujiteiro,tarren-mill,1184,druid,restoration,47,26,21
Collîî,aegwynn,1183,druid,restoration,44,25,19
Eko,auchindoun,1183,druid,restoration,87,40,47
Arear,frostmane,1183,druid,restoration,73,33,40
Røxhot,archimonde,1182,druid,restoration,23,13,10
Inkeyes,outland,1182,druid,restoration,107,45,62
Papanik,tarren-mill,1179,druid,restoration,54,30,24
Soratess,azshara,1179,druid,restoration,45,19,26
Amberleaff,auchindoun,1178,druid,restoration,31,16,15
Hílarío,sanguino,1174,druid,restoration,38,13,25
Кэлиборн,gordunni,1173,druid,restoration,29,14,15
Skailzdruid,hyjal,1172,druid,restoration,22,16,6
Didi,frostwhisper,1171,druid,restoration,74,33,41
Shinymoomoo,tarren-mill,1169,druid,restoration,27,14,13
Ceapamatii,sylvanas,1167,druid,restoration,36,19,17
Amoreah,silvermoon,1167,druid,restoration,70,28,42
Xdrus,argent-dawn,1166,druid,restoration,50,26,24
Halleyz,hyjal,1163,druid,restoration,135,70,65
Bynxx,antonidas,1163,druid,restoration,118,57,61
Дудумейстер,howling-fjord,1160,druid,restoration,144,60,84
Lucael,blackmoore,1160,druid,restoration,60,22,38
Zillo,stormscale,1159,druid,restoration,44,20,24
Makelsi,tarren-mill,1158,druid,restoration,36,15,21
Røsary,stormscale,1156,druid,restoration,81,43,38
Mochiløxz,tarren-mill,1155,druid,restoration,24,13,11
Walenok,thrall,1155,druid,restoration,185,90,95
Cäsïo,khaz-modan,1154,druid,restoration,54,32,22
Corias,blackmoore,1154,druid,restoration,42,14,28
Stevedru,ravencrest,1152,druid,restoration,18,12,6
Irondruid,silvermoon,1152,druid,restoration,87,46,41
Ÿdrassia,archimonde,1152,druid,restoration,44,17,27
Lfsecondreju,ravencrest,1151,druid,restoration,18,12,6
Mutato,draenor,1151,druid,restoration,174,95,79
Dyloxe,silvermoon,1151,druid,restoration,24,12,12
Hotop,draenor,1151,druid,restoration,30,12,18
Dreathqt,twisting-nether,1150,druid,restoration,24,12,12
Rozt,ravencrest,1150,druid,restoration,24,12,12
Khalec,silvermoon,1149,druid,restoration,34,20,14
Burattino,draenor,1147,druid,restoration,12,12,0
Bigdaddyshay,twisting-nether,1147,druid,restoration,18,12,6
Olympïee,archimonde,1147,druid,restoration,24,12,12
Elmáestró,aegwynn,1146,druid,restoration,24,12,12
Bigbones,frostwolf,1146,druid,restoration,60,22,38
Arazorwyn,ravencrest,1144,druid,restoration,42,27,15
Trànsformer,nemesis,1142,druid,restoration,30,12,18
Clownrad,tarren-mill,1141,druid,restoration,30,12,18
Ipossible,kazzak,1141,druid,restoration,30,12,18
Adiycrazy,outland,1138,druid,restoration,54,22,32
Hót,ravencrest,1138,druid,restoration,42,14,28
Karodoom,twisting-nether,1136,druid,restoration,24,13,11
Golddy,hyjal,1136,druid,restoration,80,38,42
Cliftshifter,outland,1134,druid,restoration,18,12,6
Kbåkå,ravencrest,1134,druid,restoration,24,13,11
Exïlla,archimonde,1134,druid,restoration,24,12,12
Exane,ragnaros,1132,druid,restoration,24,14,10
Spacenoub,archimonde,1130,druid,restoration,24,12,12
Bioházard,blackrock,1129,druid,restoration,30,17,13
Arfedan,kazzak,1128,druid,restoration,60,33,27
Saimdude,blackrock,1128,druid,restoration,30,16,14
Druibe,burning-legion,1127,druid,restoration,56,23,33
Simplydrood,archimonde,1127,druid,restoration,30,12,18
Dadud,twisting-nether,1126,druid,restoration,30,18,12
Zarlaac,ravencrest,1126,druid,restoration,60,26,34
Ковамедведь,borean-tundra,1125,druid,restoration,59,23,36
Tsuteymanga,veknilash,1123,druid,restoration,60,28,32
Maryjuanita,silvermoon,1122,druid,restoration,104,43,61
Vranz,draenor,1120,druid,restoration,67,32,35
Raysa,archimonde,1119,druid,restoration,69,35,34
Moonshîne,arygos,1117,druid,restoration,94,54,40
Kikinho,argent-dawn,1117,druid,restoration,24,12,12
Räysa,archimonde,1116,druid,restoration,196,96,100
Klerosa,moonglade,1114,druid,restoration,42,18,24
Fotmrerollér,darksorrow,1113,druid,restoration,57,34,23
Digestivebis,defias-brotherhood,1112,druid,restoration,85,50,35
Ndnd,drakthul,1112,druid,restoration,82,42,40
Legharta,ravencrest,1111,druid,restoration,84,31,53
Сваткумбрат,eversong,1110,druid,restoration,78,26,52
Mendozä,stormscale,1109,druid,restoration,70,35,35
Zirkuszwei,aegwynn,1102,druid,restoration,29,14,15
Эверих,soulflayer,1102,druid,restoration,28,13,15
Snowrk,hyjal,1101,druid,restoration,42,25,17
Vertymbras,hyjal,1101,druid,restoration,44,25,19
Ankhenature,outland,1100,druid,restoration,71,40,31
Shadowmeld,stormreaver,1100,druid,restoration,32,13,19
Catkayn,stormscale,1100,druid,restoration,36,12,24
Farodiin,blackmoore,1097,druid,restoration,84,43,41
Hopê,burning-legion,1096,druid,restoration,84,52,32
Ccmydcv,archimonde,1095,druid,restoration,25,13,12
Morfer,grim-batol,1093,druid,restoration,24,12,12
Tharandrél,argent-dawn,1092,druid,restoration,72,20,52
Древнина,gordunni,1089,druid,restoration,42,20,22
Mayte,ragnaros,1088,druid,restoration,23,14,9
Relache,twisting-nether,1086,druid,restoration,42,23,19
Petitchät,archimonde,1084,druid,restoration,28,15,13
Betelgues,kazzak,1083,druid,restoration,96,52,44
Арбузир,howling-fjord,1081,druid,restoration,36,13,23
Georn,bladefist,1079,druid,restoration,17,12,5
Vurgyl,hyjal,1079,druid,restoration,54,33,21
Kaod,outland,1078,druid,restoration,30,17,13
Drúídárn,talnivarr,1074,druid,restoration,54,26,28
Bloomly,tarren-mill,1073,druid,restoration,36,18,18
Jagerdog,archimonde,1072,druid,restoration,13,12,1
Алунар,lich-king,1070,druid,restoration,84,39,45
Дремлин,deathguard,1070,druid,restoration,71,31,40
Atsumåsterx,archimonde,1069,druid,restoration,34,13,21
Elanrya,argent-dawn,1066,druid,restoration,53,15,38
Gyvunas,silvermoon,1065,druid,restoration,43,25,18
Аматэррасу,blackscar,1065,druid,restoration,30,15,15
Shadowcat,archimonde,1063,druid,restoration,25,12,13
Mirana,drakthul,1057,druid,restoration,36,19,17
Justforgames,ravencrest,1056,druid,restoration,12,11,1
Degentiuso,alakir,1056,druid,restoration,30,21,9
Kobrá,ravencrest,1056,druid,restoration,18,11,7
Bananadru,stormscale,1056,druid,restoration,18,11,7
Niknoom,azjolnerub,1056,druid,restoration,54,32,22
Lïs,the-maelstrom,1056,druid,restoration,25,14,11
Trolléverte,archimonde,1056,druid,restoration,27,15,12
Taurvid,outland,1056,druid,restoration,24,11,13
Хлайси,gordunni,1056,druid,restoration,24,11,13
Sprøut,drakthul,1056,druid,restoration,24,11,13
Shufflebot,sylvanas,1055,druid,restoration,18,11,7
Badashellm,ravencrest,1055,druid,restoration,18,11,7
Дуггизавр,howling-fjord,1055,druid,restoration,24,11,13
Asøri,antonidas,1055,druid,restoration,30,11,19
Ðezo,stormscale,1055,druid,restoration,30,11,19
Oschlandor,blackmoore,1054,druid,restoration,12,11,1
Shenandoah,hyjal,1054,druid,restoration,30,14,16
Светдру,blackscar,1054,druid,restoration,24,11,13
Solern,ravencrest,1054,druid,restoration,24,11,13
Azchuk,blackmoore,1054,druid,restoration,24,11,13
Wernøs,archimonde,1054,druid,restoration,27,12,15
Тчаёк,gordunni,1052,druid,restoration,21,13,8
Phala,outland,1052,druid,restoration,24,11,13
Djungelgrabb,twisting-nether,1052,druid,restoration,42,19,23
Xenva,blackmoore,1052,druid,restoration,30,13,17
Benjosef,blackmoore,1051,druid,restoration,62,31,31
Druidenbeton,antonidas,1050,druid,restoration,24,13,11
Spidete,sanguino,1049,druid,restoration,78,41,37
Moonfan,darkmoon-faire,1049,druid,restoration,36,14,22
Влажныйдру,soulflayer,1048,druid,restoration,24,11,13
Felfran,ravencrest,1047,druid,restoration,36,13,23
Sodamncute,ravencrest,1046,druid,restoration,24,11,13
Вертуос,soulflayer,1044,druid,restoration,29,12,17
Жолудь,gordunni,1044,druid,restoration,42,15,27
Greengolly,argent-dawn,1042,druid,restoration,30,11,19
Luarbak,kazzak,1041,druid,restoration,18,11,7
Hypnosoad,outland,1039,druid,restoration,82,33,49
Folzenqt,archimonde,1038,druid,restoration,41,15,26
Cárnagè,stormscale,1034,druid,restoration,74,32,42
Xadidruîd,blackrock,1030,druid,restoration,42,11,31
Storpboom,drakthul,1028,druid,restoration,31,13,18
Chéchédroïd,marécage-de-zangar,1027,druid,restoration,64,30,34
Klørfem,draenor,1027,druid,restoration,36,13,23
Davincidru,tarren-mill,1026,druid,restoration,68,32,36
Pudseytree,doomhammer,1025,druid,restoration,60,33,27
Allod,stormscale,1025,druid,restoration,174,92,82
Кишкинахир,razuvious,1025,druid,restoration,33,16,17
Dreäms,ravencrest,1023,druid,restoration,66,37,29
Raysien,doomhammer,1021,druid,restoration,24,13,11
Shanikya,argent-dawn,1021,druid,restoration,44,20,24
Tângo,eredar,1019,druid,restoration,31,15,16
Wyngx,blackrock,1017,druid,restoration,24,14,10
Эмканегодяйк,galakrond,1016,druid,restoration,77,41,36
Омгдру,gordunni,1016,druid,restoration,117,53,64
Дела,eversong,1012,druid,restoration,24,16,8
Dobbmaster,aegwynn,1011,druid,restoration,244,121,123
Флиперкэт,howling-fjord,1010,druid,restoration,36,12,24
Wolfeiy,ravenholdt,1008,druid,restoration,90,50,40
Ukri,ravencrest,1008,druid,restoration,22,11,11
Akuda,blackrock,1004,druid,restoration,21,11,10
Feedbark,stormscale,1002,druid,restoration,23,13,10
Ушастикэ,gordunni,1001,druid,restoration,12,11,1
Zerschmatzen,aegwynn,1001,druid,restoration,63,18,45
Kirkey,terokkar,999,druid,restoration,65,33,32
Inspiredrood,archimonde,990,druid,restoration,71,41,30
Yespapa,kazzak,989,druid,restoration,190,99,91
Sooamazing,korgall,987,druid,restoration,27,15,12
Bearinator,aggramar,985,druid,restoration,57,26,31
Liloè,onyxia,984,druid,restoration,30,16,14
Sinestah,ravencrest,983,druid,restoration,55,24,31
Dirtyhacks,blackmoore,982,druid,restoration,24,12,12
Weremyst,outland,982,druid,restoration,32,11,21
Ellismera,argent-dawn,978,druid,restoration,36,17,19
Robutt,runetotem,976,druid,restoration,22,12,10
Мирафлоресс,booty-bay,973,druid,restoration,60,27,33
Spoco,defias-brotherhood,972,druid,restoration,84,43,41
Sinthorasia,blackrock,972,druid,restoration,28,12,16
Menolao,dun-morogh,970,druid,restoration,32,18,14
Цукерище,gordunni,969,druid,restoration,17,11,6
Jamburapro,sylvanas,964,druid,restoration,42,20,22
Jimmorris,eredar,964,druid,restoration,24,11,13
Wegian,sylvanas,962,druid,restoration,63,36,27
Foxyfeet,outland,960,druid,restoration,18,10,8
Блицклик,gordunni,959,druid,restoration,18,10,8
Snedden,silvermoon,959,druid,restoration,30,15,15
Flåppers,stormscale,959,druid,restoration,24,10,14
Siuo,ravencrest,959,druid,restoration,24,10,14
Zmira,outland,959,druid,restoration,30,10,20
Bäckey,silvermoon,958,druid,restoration,12,10,2
Rînaa,ravencrest,958,druid,restoration,18,10,8
Iqfrags,silvermoon,957,druid,restoration,21,14,7
Çãm,magtheridon,957,druid,restoration,18,10,8
Plúx,antonidas,956,druid,restoration,26,10,16
Элеарсия,gordunni,956,druid,restoration,42,15,27
Маминапуська,soulflayer,955,druid,restoration,18,10,8
Baldurix,blackrock,955,druid,restoration,27,12,15
Moonfetamine,silvermoon,954,druid,restoration,30,10,20
Энчантерес,gordunni,952,druid,restoration,30,10,20
Disclaimed,twisting-nether,951,druid,restoration,24,10,14
Ekaterina,dun-morogh,949,druid,restoration,18,10,8
Thieane,blackhand,948,druid,restoration,18,10,8
Johndru,kazzak,948,druid,restoration,71,26,45
Zêrg,ysondre,946,druid,restoration,18,10,8
Thélon,antonidas,945,druid,restoration,69,35,34
Bazilika,argent-dawn,944,druid,restoration,32,14,18
Cigamt,kazzak,943,druid,restoration,12,10,2
Bonsai,terrordar,943,druid,restoration,24,10,14
Muju,stormscale,942,druid,restoration,48,21,27
Erinark,aegwynn,940,druid,restoration,42,10,32
Zyska,outland,938,druid,restoration,193,83,110
Nimèl,argent-dawn,936,druid,restoration,42,18,24
Fubarmeep,outland,932,druid,restoration,42,22,20
Krollix,dun-morogh,929,druid,restoration,47,25,22
Loumpa,hyjal,928,druid,restoration,24,14,10
Racadruid,antonidas,928,druid,restoration,36,10,26
Maldrýn,stormscale,927,druid,restoration,17,10,7
Gribix,kazzak,927,druid,restoration,18,10,8
Ellinaki,neptulon,927,druid,restoration,84,42,42
Santamonica,blackrock,927,druid,restoration,30,10,20
Schwertlilie,aegwynn,925,druid,restoration,23,10,13
Buffspencer,ragnaros,923,druid,restoration,77,39,38
Missfar,doomhammer,923,druid,restoration,36,13,23
Kkriss,stormscale,918,druid,restoration,22,11,11
Shokazu,blackmoore,917,druid,restoration,64,29,35
Yesco,malganis,912,druid,restoration,33,10,23
Фэйблуд,blackscar,911,druid,restoration,108,51,57
Бехеровка,grom,910,druid,restoration,58,24,34
Kárél,drakthul,906,druid,restoration,24,12,12
Akifumi,archimonde,903,druid,restoration,35,11,24
Lyarx,ragnaros,902,druid,restoration,24,12,12
Sfarcolacul,tarren-mill,902,druid,restoration,52,25,27
Vioboomie,blackrock,901,druid,restoration,21,11,10
Jambonmaster,archimonde,899,druid,restoration,24,12,12
Celéry,silvermoon,896,druid,restoration,16,10,6
Panørax,archimonde,895,druid,restoration,17,10,7
Mw,dun-modr,893,druid,restoration,23,10,13
Feanthur,drakthul,886,druid,restoration,148,72,76
ßlackßåmßå,zuljin,886,druid,restoration,29,13,16
Domsz,dalaran,883,druid,restoration,27,10,17
Draneis,les-sentinelles,881,druid,restoration,32,16,16
Do,alakir,876,druid,restoration,24,10,14
Bunnykiss,kazzak,873,druid,restoration,24,10,14
Ratskrone,alleria,872,druid,restoration,66,30,36
Driiptoohard,turalyon,871,druid,restoration,68,29,39
Merakir,dun-modr,870,druid,restoration,66,22,44
Spaartaa,blackhand,870,druid,restoration,36,10,26
Dokus,grim-batol,866,druid,restoration,30,11,19
Healbrah,burning-blade,865,druid,restoration,54,10,44
Viggez,outland,864,druid,restoration,18,9,9
Иксвовски,gordunni,864,druid,restoration,18,9,9
Tjann,darksorrow,864,druid,restoration,18,9,9
Лабирон,soulflayer,864,druid,restoration,24,9,15
Crìmz,aszune,864,druid,restoration,30,9,21
Stonesight,argent-dawn,863,druid,restoration,12,9,3
Zuuhhl,ravencrest,863,druid,restoration,12,9,3
Elviiradruid,tarren-mill,863,druid,restoration,18,9,9
Místergreen,ravencrest,863,druid,restoration,18,9,9
Madmanul,draenor,863,druid,restoration,18,9,9
Jtsoigne,ysondre,863,druid,restoration,40,19,21
Synapes,outland,863,druid,restoration,24,9,15
Prayx,dalaran,863,druid,restoration,24,9,15
Yandris,argent-dawn,862,druid,restoration,18,9,9
Csmedruid,blackrock,862,druid,restoration,18,9,9
Smucka,ragnaros,861,druid,restoration,24,9,15
Fknmad,burning-blade,860,druid,restoration,12,9,3
Thardruid,stormscale,860,druid,restoration,18,9,9
Suunto,blackrock,859,druid,restoration,18,9,9
Shadraw,arakarahm,857,druid,restoration,24,9,15
Aivy,boulderfist,856,druid,restoration,34,16,18
Blazor,eredar,856,druid,restoration,24,9,15
Relxc,outland,854,druid,restoration,12,9,3
Борзойрог,soulflayer,854,druid,restoration,42,17,25
Happyhoter,blackrock,854,druid,restoration,24,9,15
Nious,kazzak,853,druid,restoration,24,9,15
Lunatrixs,dun-modr,852,druid,restoration,18,9,9
Maxekaxe,sylvanas,852,druid,restoration,24,9,15
Nachtelf,lightbringer,850,druid,restoration,84,29,55
Simouch,archimonde,848,druid,restoration,124,57,67
Theridrax,twisting-nether,846,druid,restoration,20,9,11
Chujogrzmot,kazzak,843,druid,restoration,23,9,14
Iprex,outland,841,druid,restoration,18,10,8
Houwalia,archimonde,840,druid,restoration,42,18,24
Kaydjan,elune,839,druid,restoration,18,10,8
Jagu,blackrock,839,druid,restoration,18,9,9
Triplej,twisting-nether,836,druid,restoration,18,9,9
Woodrla,sylvanas,833,druid,restoration,30,14,16
Lyndruid,sylvanas,833,druid,restoration,72,27,45
Robeala,twisting-nether,832,druid,restoration,42,17,25
Rááy,blackrock,831,druid,restoration,17,9,8
Ånåphorå,archimonde,830,druid,restoration,17,9,8
Malandrin,khazgoroth,830,druid,restoration,24,9,15
Omegaheals,scarshield-legion,826,druid,restoration,30,13,17
Nube,alonsus,826,druid,restoration,66,25,41
Ruap,blackmoore,822,druid,restoration,20,10,10
Blolzz,silvermoon,819,druid,restoration,24,9,15
Sorahe,arthas,818,druid,restoration,14,10,4
Hotouck,hyjal,817,druid,restoration,14,10,4
Metaboss,ravencrest,817,druid,restoration,71,24,47
Karvapersé,argent-dawn,816,druid,restoration,24,10,14
Macanbre,tarren-mill,813,druid,restoration,54,22,32
Droodfist,khaz-modan,805,druid,restoration,54,24,30
Инуараши,ashenvale,800,druid,restoration,32,11,21
Trytargetme,outland,796,druid,restoration,17,9,8
Spiralout,nemesis,789,druid,restoration,150,65,85
Gladyon,ravencrest,785,druid,restoration,24,9,15
Bidodici,nemesis,783,druid,restoration,135,57,78
Lynysae,blackmoore,782,druid,restoration,17,9,8
Buufu,kazzak,780,druid,restoration,19,9,10
Bunzor,sylvanas,768,druid,restoration,12,8,4
Dablol,draenor,768,druid,restoration,12,8,4
Ecological,outland,768,druid,restoration,12,8,4
Jin,the-venture-co,768,druid,restoration,18,8,10
Lyricx,kazzak,768,druid,restoration,18,8,10
Neverfall,aegwynn,768,druid,restoration,24,10,14
Skilloxus,gilneas,768,druid,restoration,105,35,70
Greenlips,ravencrest,768,druid,restoration,24,8,16
Alexialol,silvermoon,767,druid,restoration,12,8,4
Brindefolie,archimonde,767,druid,restoration,18,8,10
Fanboij,kazzak,767,druid,restoration,18,8,10
Jugaia,frostmourne,767,druid,restoration,18,8,10
Exilia,kragjin,767,druid,restoration,18,8,10
Saintbiose,dalaran,766,druid,restoration,12,8,4
Elysea,antonidas,766,druid,restoration,18,8,10
Crydotcom,aegwynn,765,druid,restoration,18,8,10
Memento,kazzak,765,druid,restoration,18,8,10
Ischumekcid,anubarak,765,druid,restoration,18,8,10
Silvyan,silvermoon,765,druid,restoration,21,8,13
Nutzlos,azshara,763,druid,restoration,84,24,60
Димитруа,howling-fjord,761,druid,restoration,18,8,10
Semiflora,silvermoon,757,druid,restoration,24,8,16
Лаегмерил,gordunni,756,druid,restoration,16,9,7
Mandy,spinebreaker,755,druid,restoration,18,8,10
Caturday,terrordar,755,druid,restoration,24,9,15
Nargaí,kargath,753,druid,restoration,18,8,10
Hootymactoot,magtheridon,752,druid,restoration,12,8,4
Karochi,kazzak,751,druid,restoration,12,8,4
Bug,eredar,747,druid,restoration,12,8,4
Foyboy,ravencrest,747,druid,restoration,62,13,49
Frostfox,ghostlands,741,druid,restoration,22,9,13
Haveacoffee,stormscale,739,druid,restoration,54,17,37
Ivysun,auchindoun,734,druid,restoration,20,9,11
Saxondale,aszune,729,druid,restoration,18,8,10
Лордсенка,eversong,721,druid,restoration,18,8,10
Høtbøt,ysera,719,druid,restoration,15,9,6
Yam,thrall,719,druid,restoration,17,8,9
Catman,eredar,717,druid,restoration,15,9,6
Avemonthemus,silvermoon,701,druid,restoration,23,9,14
Sylocin,earthen-ring,699,druid,restoration,16,8,8
Найтед,gordunni,678,druid,restoration,17,10,7
Магараганага,azuregos,675,druid,restoration,25,8,17
Treedog,ravencrest,672,druid,restoration,12,7,5
Bntyx,dun-modr,672,druid,restoration,12,7,5
Dortalon,outland,672,druid,restoration,12,7,5
Icecöld,silvermoon,672,druid,restoration,12,7,5
Maiverdr,ravencrest,672,druid,restoration,12,7,5
Zarune,sanguino,672,druid,restoration,12,7,5
Luuxiå,archimonde,672,druid,restoration,12,7,5
Druidomedio,pozzo-delleternità,672,druid,restoration,12,7,5
Jakeffsake,stormscale,672,druid,restoration,12,7,5
Isitbleedin,silvermoon,672,druid,restoration,12,7,5
Nozome,draenor,672,druid,restoration,18,7,11
Darkyblood,archimonde,672,druid,restoration,18,7,11
Pikkusuhnu,twisting-nether,672,druid,restoration,18,7,11
Drèamer,ravencrest,672,druid,restoration,18,7,11
Jackyblue,silvermoon,672,druid,restoration,18,7,11
Vinniehacker,archimonde,672,druid,restoration,18,7,11
Juhudy,kazzak,672,druid,restoration,18,7,11
Buzzlîghtyea,outland,672,druid,restoration,18,7,11
Smightydr,silvermoon,672,druid,restoration,18,7,11
Стомпбр,gordunni,672,druid,restoration,24,7,17
Yseraheal,drakthul,672,druid,restoration,24,7,17
Champaa,aggra-português,672,druid,restoration,24,7,17
Darktigrou,archimonde,671,druid,restoration,12,7,5
Norkenis,neptulon,671,druid,restoration,12,7,5
Мамамышь,gordunni,671,druid,restoration,12,7,5
Druidorie,ravencrest,671,druid,restoration,12,7,5
Séyla,blackrock,671,druid,restoration,12,7,5
Badballance,outland,671,druid,restoration,12,7,5
Pzyhlol,anetheron,671,druid,restoration,12,7,5
Тое,soulflayer,671,druid,restoration,12,7,5
Pomdöner,echsenkessel,671,druid,restoration,12,7,5
Scuta,sylvanas,671,druid,restoration,18,7,11
Царапкатян,gordunni,671,druid,restoration,18,7,11
Wizår,outland,671,druid,restoration,18,7,11
Zkasnoname,archimonde,671,druid,restoration,18,7,11
Bayerant,burning-legion,671,druid,restoration,24,7,17
Шеданна,gordunni,671,druid,restoration,24,7,17
Wrak,eonar,670,druid,restoration,12,7,5
Buckxxz,nazjatar,670,druid,restoration,12,7,5
Proxis,the-maelstrom,670,druid,restoration,18,7,11
Muffinjump,outland,670,druid,restoration,18,7,11
Soný,aegwynn,670,druid,restoration,18,7,11
Sâty,draenor,669,druid,restoration,18,7,11
Azenoir,ravencrest,669,druid,restoration,18,7,11
Ballosh,hyjal,669,druid,restoration,18,7,11
Gailiûga,kazzak,669,druid,restoration,25,8,17
Ultrassick,kazzak,668,druid,restoration,12,7,5
Kezbaniye,silvermoon,668,druid,restoration,12,7,5
Shäylä,sinstralis,667,druid,restoration,12,7,5
Thaeldres,argent-dawn,667,druid,restoration,18,7,11
Bepanten,azshara,665,druid,restoration,18,7,11
Çhuucky,khaz-modan,663,druid,restoration,30,7,23
Shaorma,ravencrest,661,druid,restoration,12,7,5
Druiddamage,the-maelstrom,660,druid,restoration,18,7,11
Rukashi,die-aldor,659,druid,restoration,12,7,5
Raktav,kazzak,659,druid,restoration,12,7,5
Сутулоерыгло,howling-fjord,658,druid,restoration,20,7,13
Arianator,culte-de-la-rive-noire,652,druid,restoration,18,7,11
Foaqi,aegwynn,639,druid,restoration,16,7,9
Lutzmiller,eredar,637,druid,restoration,39,14,25
Kùrámágødx,ravencrest,624,druid,restoration,17,7,10
Нюхнимедведя,blackscar,623,druid,restoration,11,7,4
Aolynk,twisting-nether,615,druid,restoration,23,8,15
ßïgßúll,twisting-nether,614,druid,restoration,19,8,11
Chainbrake,sylvanas,611,druid,restoration,21,10,11
Heavysmoker,emeriss,607,druid,restoration,11,7,4
Lorucka,die-nachtwache,607,druid,restoration,14,7,7
Метафрея,gordunni,605,druid,restoration,11,7,4
Medreas,argent-dawn,594,druid,restoration,16,7,9
Draxedin,kazzak,576,druid,restoration,6,6,0
Twerkdabooty,azjolnerub,576,druid,restoration,6,6,0
Jnzymiau,blackrock,576,druid,restoration,10,7,3
Ravnac,aegwynn,576,druid,restoration,12,6,6
Ghxsty,silvermoon,576,druid,restoration,12,6,6
Theforest,stormscale,576,druid,restoration,12,6,6
Telpha,onyxia,576,druid,restoration,12,6,6
Thorns,blackrock,576,druid,restoration,12,6,6
Felisin,ravencrest,576,druid,restoration,12,6,6
Kyssope,chants-éternels,576,druid,restoration,12,6,6
Muraglia,pozzo-delleternità,576,druid,restoration,12,6,6
Vacuumcleanr,ravencrest,576,druid,restoration,12,6,6
Cyriaan,eredar,576,druid,restoration,12,6,6
Афклалка,gordunni,576,druid,restoration,12,6,6
Zaelithree,archimonde,576,druid,restoration,12,6,6
Ferraribob,ravencrest,576,druid,restoration,12,6,6
Sakkosækk,ravencrest,576,druid,restoration,12,6,6
Vijaja,aegwynn,576,druid,restoration,12,6,6
Freddyßear,draenor,576,druid,restoration,12,6,6
Jincksdru,ravencrest,576,druid,restoration,12,6,6
Sálty,aegwynn,576,druid,restoration,12,6,6
Jhiun,ragnaros,576,druid,restoration,12,6,6
Vacaleiteira,aggra-português,576,druid,restoration,12,6,6
Layzz,archimonde,576,druid,restoration,12,6,6
Poporseven,archimonde,576,druid,restoration,12,6,6
Bøømerswågxx,twisting-nether,576,druid,restoration,12,6,6
Milkyheals,burning-blade,576,druid,restoration,12,6,6
Caldino,tarren-mill,576,druid,restoration,17,7,10
Pölkky,argent-dawn,576,druid,restoration,18,6,12
Джунали,howling-fjord,576,druid,restoration,18,6,12
Steuerung,twisting-nether,576,druid,restoration,18,6,12
Swisz,bronzebeard,576,druid,restoration,18,6,12
Neverpanic,stormscale,576,druid,restoration,18,6,12
Shaelx,nethersturm,576,druid,restoration,18,6,12
Tjillevippen,tarren-mill,576,druid,restoration,18,6,12
Eluñeãdore,silvermoon,575,druid,restoration,6,6,0
Chicobullz,ysondre,575,druid,restoration,12,6,6
Jinxaran,culte-de-la-rive-noire,575,druid,restoration,12,6,6
Geeorge,stormscale,575,druid,restoration,12,6,6
Eô,antonidas,575,druid,restoration,12,6,6
Лэвиш,blackscar,575,druid,restoration,12,6,6
Afret,kazzak,575,druid,restoration,12,6,6
Garbloom,silvermoon,575,druid,restoration,12,6,6
Mistgone,hyjal,575,druid,restoration,12,6,6
Shylanna,ragnaros,575,druid,restoration,12,6,6
Iamsocute,silvermoon,575,druid,restoration,12,6,6
Lucidor,frostmane,575,druid,restoration,12,6,6
Scarrymonsta,outland,575,druid,restoration,12,6,6
Telaroxx,die-nachtwache,575,druid,restoration,18,6,12
Sartipus,draenor,575,druid,restoration,18,6,12
Avilary,tarren-mill,575,druid,restoration,18,6,12
Pouletqt,archimonde,575,druid,restoration,18,6,12
Indann,kazzak,575,druid,restoration,18,6,12
Séifér,auchindoun,575,druid,restoration,18,6,12
Storfjåset,stormscale,575,druid,restoration,18,6,12
Mascraxx,earthen-ring,575,druid,restoration,18,6,12
Tsihsel,ravencrest,574,druid,restoration,12,6,6
Mcneil,wrathbringer,574,druid,restoration,12,6,6
Ruberg,kazzak,574,druid,restoration,12,6,6
Silverdice,thrall,574,druid,restoration,12,6,6
Spritzer,tarren-mill,574,druid,restoration,12,6,6
Bloomer,stormreaver,574,druid,restoration,18,6,12
Rìften,stormscale,574,druid,restoration,18,6,12
Зервес,gordunni,574,druid,restoration,24,6,18
Goatmeal,draenor,574,druid,restoration,24,6,18
Oaky,alonsus,573,druid,restoration,12,6,6
Dfjguidfg,baelgun,573,druid,restoration,18,6,12
Ragdru,twisting-nether,573,druid,restoration,24,6,18
Nøboorst,ravencrest,571,druid,restoration,12,6,6
Kirïllx,silvermoon,571,druid,restoration,12,6,6
Bearshift,aggra-português,571,druid,restoration,18,6,12
Pussn,twisting-nether,570,druid,restoration,18,6,12
Kelerun,blackhand,570,druid,restoration,24,6,18
Эгерме24FA33,howling-fjord,569,druid,restoration,12,6,6
Essya,earthen-ring,569,druid,restoration,31,7,24
Roséa,ravencrest,568,druid,restoration,18,6,12
Walkao,tarren-mill,566,druid,restoration,12,6,6
Wellsie,blackmoore,565,druid,restoration,18,6,12
Djclonex,archimonde,564,druid,restoration,18,6,12
Trayndaras,drakthul,543,druid,restoration,11,6,5
Vlookup,tarren-mill,543,druid,restoration,17,6,11
Siahra,khaz-modan,534,druid,restoration,48,6,42
Quorn,pozzo-delleternità,527,druid,restoration,13,7,6
Deliveru,outland,527,druid,restoration,17,6,11
Noodledru,tarren-mill,526,druid,restoration,21,6,15
Zagrem,antonidas,522,druid,restoration,16,7,9
Dablolo,ravencrest,521,druid,restoration,12,7,5
Auspicer,moonglade,519,druid,restoration,16,7,9
Nøkki,draenor,517,druid,restoration,21,8,13
Sethdr,hyjal,511,druid,restoration,20,6,14
Laserlars,blackrock,480,druid,restoration,6,5,1
Piñaclo,archimonde,480,druid,restoration,6,5,1
Mykk,ravencrest,480,druid,restoration,6,5,1
Мегабамбук,soulflayer,480,druid,restoration,6,5,1
Quadpulse,ravencrest,480,druid,restoration,6,5,1
Kvalitet,outland,480,druid,restoration,12,5,7
Nightmoon,hellscream,480,druid,restoration,12,5,7
Marmotini,the-maelstrom,480,druid,restoration,12,5,7
Slimp,the-maelstrom,480,druid,restoration,12,5,7
Holybarkz,aegwynn,480,druid,restoration,12,5,7
Druni,blackrock,480,druid,restoration,12,5,7
Higuys,the-maelstrom,480,druid,restoration,12,5,7
Horstyolo,blackrock,480,druid,restoration,12,5,7
Jenovas,argent-dawn,480,druid,restoration,12,5,7
Helløkittyßß,dun-modr,480,druid,restoration,12,5,7
Solutionx,aegwynn,480,druid,restoration,12,5,7
Animaldoh,kazzak,480,druid,restoration,12,5,7
Troc,karazhan,480,druid,restoration,12,5,7
Thatzdmg,blackmoore,480,druid,restoration,12,5,7
Crysís,sanguino,480,druid,restoration,12,5,7
Daisyx,eredar,480,druid,restoration,12,5,7
Duharbrahud,outland,480,druid,restoration,12,5,7
Druidicchi,stormscale,480,druid,restoration,12,5,7
Akasuky,thrall,480,druid,restoration,12,5,7
Skirr,kelthuzad,480,druid,restoration,12,5,7
Napsta,sylvanas,480,druid,restoration,12,5,7
Brosephiné,stormscale,480,druid,restoration,12,5,7
Epicskin,kazzak,480,druid,restoration,12,5,7
Kaher,ravencrest,480,druid,restoration,12,5,7
Solonely,argent-dawn,480,druid,restoration,12,5,7
Devastras,ravencrest,480,druid,restoration,12,5,7
Vaacku,stormreaver,480,druid,restoration,12,5,7
Madshad,draenor,480,druid,restoration,12,5,7
Jebaitor,tarren-mill,480,druid,restoration,12,5,7
Asude,outland,480,druid,restoration,12,5,7
Neshalry,blackhand,480,druid,restoration,13,5,8
Bigbaddream,stormscale,480,druid,restoration,18,5,13
Локотьдрева,gordunni,480,druid,restoration,18,5,13
Åzjôl,magtheridon,480,druid,restoration,18,5,13
Plantpuzzl,silvermoon,480,druid,restoration,18,5,13
Groundpovx,blackmoore,480,druid,restoration,18,5,13
Restaidpvs,wildhammer,480,druid,restoration,18,5,13
Subu,drakthul,480,druid,restoration,18,5,13
Spankproof,kazzak,479,druid,restoration,6,5,1
Клиптыч,soulflayer,479,druid,restoration,6,5,1
Alfrëd,quelthalas,479,druid,restoration,12,5,7
Bhorumir,colinas-pardas,479,druid,restoration,12,5,7
Inspira,teldrassil,479,druid,restoration,12,5,7
Greenthûmbs,sylvanas,479,druid,restoration,12,5,7
Delphina,dun-modr,479,druid,restoration,12,5,7
Reiss,tarren-mill,479,druid,restoration,12,5,7
Epidruid,stormrage,479,druid,restoration,12,5,7
Друоид,howling-fjord,479,druid,restoration,12,5,7
Nissemand,ravencrest,479,druid,restoration,12,5,7
Tanariel,ravencrest,479,druid,restoration,12,5,7
Sieur,archimonde,479,druid,restoration,12,5,7
Wiyah,hyjal,479,druid,restoration,12,5,7
Quiksx,blackrock,479,druid,restoration,13,5,8
Whiskers,emerald-dream,479,druid,restoration,16,6,10
Drix,frostwolf,479,druid,restoration,15,5,10
Jemyd,aegwynn,479,druid,restoration,24,5,19
Pakù,archimonde,478,druid,restoration,6,5,1
Kroshka,sylvanas,478,druid,restoration,12,5,7
Шмыгадру,eversong,478,druid,restoration,12,5,7
Yodox,kazzak,477,druid,restoration,6,5,1
Malfis,the-maelstrom,477,druid,restoration,12,5,7
Sýrês,malganis,475,druid,restoration,12,5,7
Prowlinger,silvermoon,473,druid,restoration,12,5,7
Voodoodrood,draenor,473,druid,restoration,30,5,25
Котанет,gordunni,472,druid,restoration,24,5,19
Iamtheone,ragnaros,463,druid,restoration,17,5,12
Krayzz,tarren-mill,448,druid,restoration,16,5,11
Márron,blackhand,447,druid,restoration,10,6,4
Druidicmorr,sylvanas,447,druid,restoration,10,5,5
Oyoyo,kaelthas,446,druid,restoration,8,6,2
Ambracer,silvermoon,444,druid,restoration,8,6,2
Исмалат,howling-fjord,429,druid,restoration,11,5,6
Pfandmalle,blackrock,426,druid,restoration,14,6,8
Qjkuug,ravencrest,416,druid,restoration,10,5,5
Meridus,thrall,400,druid,restoration,13,5,8
Bartoluca,twisting-nether,393,druid,restoration,34,6,28
Maghh,ravencrest,384,druid,restoration,6,4,2
Jellyxdd,silvermoon,384,druid,restoration,6,4,2
Cerius,drakthul,384,druid,restoration,6,4,2
Xandersito,sanguino,384,druid,restoration,6,4,2
Sensisdruid,blackmoore,384,druid,restoration,6,4,2
Híraad,blackmoore,384,druid,restoration,6,4,2
Mancy,silvermoon,384,druid,restoration,6,4,2
Heathen,defias-brotherhood,384,druid,restoration,6,4,2
Jimmyjam,archimonde,384,druid,restoration,6,4,2
Нагетсмяу,howling-fjord,384,druid,restoration,6,4,2
Stuu,nathrezim,384,druid,restoration,6,4,2
Kapidrooqt,suramar,384,druid,restoration,6,4,2
Druidka,grim-batol,384,druid,restoration,6,4,2
Марголав,gordunni,384,druid,restoration,6,4,2
Bilmo,ragnaros,384,druid,restoration,6,4,2
Stinka,ravencrest,384,druid,restoration,6,4,2
Zeroclones,the-maelstrom,384,druid,restoration,6,4,2
Jìnro,stormscale,384,druid,restoration,6,4,2
Greenberry,eonar,384,druid,restoration,6,4,2
Bigborst,ravencrest,384,druid,restoration,6,4,2
Koala,temple-noir,384,druid,restoration,6,4,2
Farmmygold,dun-modr,384,druid,restoration,12,4,8
Holybarkzqt,aegwynn,384,druid,restoration,12,4,8
Bulldócer,sanguino,384,druid,restoration,12,4,8
Sneedlewøødz,exodar,384,druid,restoration,12,4,8
Wakefields,dun-modr,384,druid,restoration,12,4,8
Hotsexpress,aegwynn,384,druid,restoration,12,4,8
Cumulisama,sylvanas,384,druid,restoration,12,4,8
Xanxiety,outland,384,druid,restoration,12,4,8
Daleen,silvermoon,384,druid,restoration,12,4,8
Swiftlife,blackrock,384,druid,restoration,12,4,8
Irrlycht,blackrock,384,druid,restoration,12,4,8
Vickepicke,stormreaver,384,druid,restoration,12,4,8
Kobra,twilights-hammer,384,druid,restoration,12,4,8
Murlwywy,blackmoore,384,druid,restoration,12,4,8
Toffyfee,anetheron,384,druid,restoration,12,4,8
Найадра,gordunni,384,druid,restoration,12,4,8
Biglet,tarren-mill,384,druid,restoration,12,4,8
Sqoopy,tarren-mill,384,druid,restoration,12,4,8
Ravenfel,argent-dawn,384,druid,restoration,12,4,8
Hotundwech,blackrock,384,druid,restoration,12,4,8
Fiq,silvermoon,384,druid,restoration,12,4,8
Àlec,silvermoon,384,druid,restoration,12,4,8
Farashh,archimonde,384,druid,restoration,12,4,8
Celtimi,antonidas,384,druid,restoration,12,4,8
Nediena,twisting-nether,384,druid,restoration,12,4,8
Baraforet,archimonde,384,druid,restoration,12,4,8
Meowu,twisting-nether,384,druid,restoration,12,4,8
Litany,drakthul,384,druid,restoration,13,4,9
Nezara,kazzak,384,druid,restoration,18,4,14
Hrz,kazzak,384,druid,restoration,18,4,14
Cmfg,blackrock,383,druid,restoration,6,4,2
Growiêlle,ravencrest,383,druid,restoration,6,4,2
Бабазарулем,fordragon,383,druid,restoration,6,4,2
Blackfür,sylvanas,383,druid,restoration,6,4,2
Restopesto,silvermoon,383,druid,restoration,6,4,2
Lathlas,defias-brotherhood,383,druid,restoration,6,4,2
Santoniq,dun-morogh,383,druid,restoration,6,4,2
Jabbah,defias-brotherhood,383,druid,restoration,6,4,2
Noxndruid,blackhand,383,druid,restoration,12,4,8
Arns,kazzak,383,druid,restoration,12,4,8
Mimisiek,burning-legion,383,druid,restoration,12,4,8
Xidenn,quelthalas,383,druid,restoration,12,4,8
Høpè,die-silberne-hand,383,druid,restoration,12,4,8
Semenisback,archimonde,383,druid,restoration,12,4,8
Прожималодру,deathguard,383,druid,restoration,12,4,8
Opla,nethersturm,383,druid,restoration,12,4,8
Leeonore,burning-legion,383,druid,restoration,18,4,14
Itê,dun-morogh,383,druid,restoration,18,4,14
Шикалат,howling-fjord,383,druid,restoration,24,4,20
Mongetout,ravencrest,382,druid,restoration,6,4,2
Nali,arthas,382,druid,restoration,6,4,2
Xele,destromath,382,druid,restoration,6,4,2
Pega,nazjatar,382,druid,restoration,12,4,8
Amalou,ravencrest,381,druid,restoration,12,4,8
Dolob,ragnaros,381,druid,restoration,18,4,14
Tranquillo,outland,379,druid,restoration,12,4,8
Jincksdru,anachronos,367,druid,restoration,11,4,7
Demerit,defias-brotherhood,351,druid,restoration,11,4,7
Biegel,ysera,351,druid,restoration,11,4,7
Fapmasterx,eredar,351,druid,restoration,23,4,19
Lyvaley,dun-modr,350,druid,restoration,16,4,12
Lyhene,outland,339,druid,restoration,32,8,24
Orgazmo,archimonde,335,druid,restoration,11,4,7
Wuppii,blackmoore,329,druid,restoration,10,6,4
Hubek,silvermoon,328,druid,restoration,8,6,2
Néøu,archimonde,288,druid,restoration,6,3,3
Eftersmak,ravencrest,288,druid,restoration,6,3,3
Owldschool,blackmoore,288,druid,restoration,6,3,3
Moonbloom,defias-brotherhood,288,druid,restoration,6,3,3
Miyá,sylvanas,288,druid,restoration,6,3,3
Nohos,blackrock,288,druid,restoration,6,3,3
Ghøstavdruid,ravencrest,288,druid,restoration,6,3,3
Sygko,kazzak,288,druid,restoration,6,3,3
Noobr,ravencrest,288,druid,restoration,6,3,3
Bêlion,dun-modr,288,druid,restoration,6,3,3
Hurutuk,ysondre,288,druid,restoration,6,3,3
Qwopeiqpwoid,kazzak,288,druid,restoration,6,3,3
Magiskeforme,draenor,288,druid,restoration,6,3,3
Skuhlxz,thrall,288,druid,restoration,6,3,3
Faustîno,dun-modr,288,druid,restoration,6,3,3
Wurzeldor,ravencrest,288,druid,restoration,6,3,3
Коляскальяс,howling-fjord,288,druid,restoration,6,3,3
Сайнтификх,gordunni,288,druid,restoration,6,3,3
Drozzie,twisting-nether,288,druid,restoration,6,3,3
Фонш,soulflayer,288,druid,restoration,6,3,3
Дробовик,soulflayer,288,druid,restoration,6,3,3
Vellusdruid,burning-legion,288,druid,restoration,6,3,3
Whitemaine,aggramar,288,druid,restoration,6,3,3
Lèafy,silvermoon,288,druid,restoration,6,3,3
Мехнакиске,howling-fjord,288,druid,restoration,6,3,3
Lolaven,turalyon,288,druid,restoration,6,3,3
Myos,conseil-des-ombres,288,druid,restoration,6,3,3
Biomat,norgannon,288,druid,restoration,6,3,3
Ксенона,gordunni,288,druid,restoration,6,3,3
Танганэку,howling-fjord,288,druid,restoration,6,3,3
Ipsdray,ysondre,288,druid,restoration,6,3,3
Dopadruid,ravencrest,288,druid,restoration,6,3,3
Fatøumatä,archimonde,288,druid,restoration,6,3,3
Zaethul,draenor,288,druid,restoration,6,3,3
Shadowdury,frostwolf,288,druid,restoration,6,3,3
Азазиона,gordunni,288,druid,restoration,6,3,3
Spielmann,ravencrest,288,druid,restoration,6,3,3
Tarshish,outland,288,druid,restoration,6,3,3
Cøwgirl,draenor,288,druid,restoration,6,3,3
Friyiee,stormscale,288,druid,restoration,6,3,3
Mnine,twisting-nether,288,druid,restoration,6,3,3
Milknosugar,tarren-mill,288,druid,restoration,6,3,3
Ripmacmiller,grim-batol,288,druid,restoration,6,3,3
Benzimaax,ragnaros,288,druid,restoration,6,3,3
Razudru,nerathor,288,druid,restoration,6,3,3
Fallken,burning-blade,288,druid,restoration,6,3,3
Malacella,marécage-de-zangar,288,druid,restoration,6,3,3
Shyni,outland,288,druid,restoration,6,3,3
Behemothe,dalaran,288,druid,restoration,6,3,3
Juhato,outland,288,druid,restoration,6,3,3
Зурсага,deathguard,288,druid,restoration,6,3,3
Derie,nazjatar,288,druid,restoration,6,3,3
Rumbus,sanguino,288,druid,restoration,7,3,4
Piñaclonada,archimonde,288,druid,restoration,9,3,6
Smarticle,aegwynn,288,druid,restoration,11,3,8
Draawun,burning-legion,288,druid,restoration,11,3,8
Harrasmoes,ravencrest,288,druid,restoration,12,3,9
Fajia,frostmane,288,druid,restoration,12,3,9
Lemicus,twisting-nether,288,druid,restoration,12,3,9
Jàgër,archimonde,288,druid,restoration,12,3,9
Mchøt,ravencrest,288,druid,restoration,12,3,9
Ezils,silvermoon,288,druid,restoration,12,3,9
Jàgêr,archimonde,288,druid,restoration,12,3,9
Navra,ravencrest,288,druid,restoration,12,3,9
Restodruidx,ravencrest,288,druid,restoration,12,3,9
Trolthelhas,chogall,288,druid,restoration,12,3,9
Nostigon,azshara,288,druid,restoration,12,3,9
Imoen,hyjal,288,druid,restoration,12,3,9
Ajaÿ,sylvanas,288,druid,restoration,12,3,9
Храмульчик,blackscar,288,druid,restoration,12,3,9
Ahuevshiy,wildhammer,288,druid,restoration,12,3,9
Teah,darkmoon-faire,288,druid,restoration,12,3,9
Areidhel,pozzo-delleternità,288,druid,restoration,12,3,9
Dêrbombär,guldan,288,druid,restoration,12,3,9
Taugenîchts,blackmoore,288,druid,restoration,12,3,9
Shiotake,hyjal,288,druid,restoration,12,3,9
Coínlíp,drakthul,288,druid,restoration,12,3,9
Arydan,quelthalas,288,druid,restoration,12,3,9
Eladhria,arakarahm,288,druid,restoration,12,3,9
Amstaffio,blackhand,288,druid,restoration,12,3,9
Lukøu,blackrock,288,druid,restoration,12,3,9
Marryat,argent-dawn,288,druid,restoration,12,3,9
Sharlla,burning-legion,288,druid,restoration,12,3,9
Yøungreidzz,blackrock,288,druid,restoration,18,3,15
Rakuy,thrall,288,druid,restoration,18,3,15
Kuhlheit,der-rat-von-dalaran,287,druid,restoration,6,3,3
Boompjeh,chamber-of-aspects,287,druid,restoration,6,3,3
Smittly,bloodhoof,287,druid,restoration,6,3,3
Taskingoman,twisting-nether,287,druid,restoration,6,3,3
Lundx,ravencrest,287,druid,restoration,6,3,3
Kuokkanen,azuremyst,287,druid,restoration,6,3,3
Krizak,eredar,287,druid,restoration,6,3,3
Wybsalt,dragonblight,287,druid,restoration,12,3,9
Clearwipe,thunderhorn,287,druid,restoration,12,3,9
Papalegba,kilrogg,287,druid,restoration,12,3,9
Seabath,kirin-tor,287,druid,restoration,12,3,9
Xulian,exodar,287,druid,restoration,12,3,9
Wildblu,nemesis,287,druid,restoration,12,3,9
Kebanos,ravencrest,286,druid,restoration,6,3,3
Paniel,amanthul,286,druid,restoration,6,3,3
Elônea,antonidas,285,druid,restoration,12,3,9
Bunga,quelthalas,255,druid,restoration,11,3,8
Duduque,twisting-nether,255,druid,restoration,11,3,8
Yopi,stormscale,240,druid,restoration,15,3,12
Потнаякиса,grom,239,druid,restoration,5,3,2
Amélor,ragnaros,239,druid,restoration,5,3,2
Thornat,chamber-of-aspects,239,druid,restoration,5,3,2
Акетчи,howling-fjord,239,druid,restoration,5,3,2
Òniz,hyjal,239,druid,restoration,6,3,3
Lxz,blackhand,234,druid,restoration,8,4,4
Izhusky,ravencrest,234,druid,restoration,8,4,4
Elsnorro,sylvanas,234,druid,restoration,14,4,10
Beerplusbeer,kazzak,234,druid,restoration,23,6,17
Адорабэль,deathguard,192,druid,restoration,6,2,4
Kkona,silvermoon,192,druid,restoration,6,2,4
Chrisdruid,argent-dawn,192,druid,restoration,6,2,4
Hidras,tarren-mill,192,druid,restoration,6,2,4
Pinkpanda,arthas,192,druid,restoration,6,2,4
Ðon,nemesis,192,druid,restoration,6,2,4
Sickomodê,blackmoore,192,druid,restoration,6,2,4
Drøda,aegwynn,192,druid,restoration,6,2,4
Инский,howling-fjord,192,druid,restoration,6,2,4
Berdix,ragnaros,192,druid,restoration,6,2,4
Palavanus,stormscale,192,druid,restoration,6,2,4
Шокоокулист,gordunni,192,druid,restoration,6,2,4
Traffix,outland,192,druid,restoration,6,2,4
Jyggz,azshara,192,druid,restoration,6,2,4
Zenkillers,outland,192,druid,restoration,6,2,4
Conn,ravencrest,192,druid,restoration,6,2,4
Morphael,ravencrest,192,druid,restoration,6,2,4
Huebbi,blackmoore,192,druid,restoration,6,2,4
Raila,pozzo-delleternità,192,druid,restoration,6,2,4
Nooz,thrall,192,druid,restoration,6,2,4
Gaiaa,kilrogg,192,druid,restoration,6,2,4
Rtxy,hyjal,192,druid,restoration,6,2,4
Nelfurion,twisting-nether,192,druid,restoration,6,2,4
Restoboi,stormscale,192,druid,restoration,6,2,4
Lavague,hyjal,192,druid,restoration,6,2,4
Xanánioma,ravencrest,192,druid,restoration,6,2,4
Midrialis,sinstralis,192,druid,restoration,6,2,4
Sekunden,ravencrest,192,druid,restoration,6,2,4
Revølter,kazzak,192,druid,restoration,6,2,4
Атитока,goldrinn,192,druid,restoration,6,2,4
Tàazz,sargeras,192,druid,restoration,6,2,4
Griminal,norgannon,192,druid,restoration,6,2,4
Moodee,kazzak,192,druid,restoration,6,2,4
Billydruida,sanguino,192,druid,restoration,6,2,4
Hydrochronic,ravencrest,192,druid,restoration,6,2,4
Zhiwé,ravencrest,192,druid,restoration,6,2,4
Громозилка,soulflayer,192,druid,restoration,6,2,4
Príimé,kazzak,192,druid,restoration,6,2,4
Skraks,ysondre,192,druid,restoration,6,2,4
Benjiee,kazzak,192,druid,restoration,6,2,4
Milkmepls,balnazzar,192,druid,restoration,6,2,4
Ymöthep,archimonde,192,druid,restoration,6,2,4
Zhényá,ravencrest,192,druid,restoration,6,2,4
Xerrean,ravencrest,192,druid,restoration,6,2,4
Sajlol,doomhammer,192,druid,restoration,6,2,4
Zadrood,rashgarroth,192,druid,restoration,6,2,4
Skavenlol,zuljin,192,druid,restoration,6,2,4
Fanso,burning-legion,192,druid,restoration,6,2,4
Shaggí,draenor,192,druid,restoration,11,2,9
Kizanimagus,magtheridon,192,druid,restoration,12,2,10
Estariol,auchindoun,192,druid,restoration,12,2,10
Anníe,tarren-mill,192,druid,restoration,12,2,10
Boomdruud,tarren-mill,192,druid,restoration,12,2,10
Álou,dalaran,192,druid,restoration,12,2,10
Piper,culte-de-la-rive-noire,192,druid,restoration,12,2,10
Nakkikastike,magtheridon,192,druid,restoration,12,2,10
Amaree,burning-legion,192,druid,restoration,12,2,10
Tyraloll,ghostlands,192,druid,restoration,12,2,10
Skorpo,blackrock,192,druid,restoration,12,2,10
Amaaja,blackmoore,192,druid,restoration,12,2,10
Салона,deathguard,192,druid,restoration,12,2,10
Lisovamavka,draenor,192,druid,restoration,12,2,10
Imperador,tyrande,192,druid,restoration,12,2,10
Swarmah,draenor,192,druid,restoration,12,2,10
Vertabrain,twilights-hammer,192,druid,restoration,12,2,10
Maceyx,ravencrest,192,druid,restoration,12,2,10
Blâckrök,blackhand,192,druid,restoration,12,2,10
Drâcâ,antonidas,192,druid,restoration,12,2,10
Qocotte,archimonde,192,druid,restoration,12,2,10
Testomake,kazzak,192,druid,restoration,12,2,10
Helpthebear,twisting-nether,192,druid,restoration,12,2,10
Bigstop,kazzak,192,druid,restoration,17,2,15
Quza,lightbringer,192,druid,restoration,18,2,16
Охломон,gordunni,192,druid,restoration,24,2,22
Dahelire,shendralar,191,druid,restoration,6,2,4
Siyoo,thrall,191,druid,restoration,6,2,4
Зулгасилич,howling-fjord,191,druid,restoration,6,2,4
Bingó,blutkessel,191,druid,restoration,6,2,4
Mômmôm,aggra-português,191,druid,restoration,12,2,10
Эхосна,howling-fjord,191,druid,restoration,12,2,10
Charlierunkl,gorgonnash,190,druid,restoration,18,2,16
Stkk,dun-modr,159,druid,restoration,5,2,3
Zayrok,throkferoth,159,druid,restoration,8,3,5
Сугрик,deathweaver,143,druid,restoration,15,2,13
Starcrash,amanthul,138,druid,restoration,6,3,3
Kokanine,ravencrest,138,druid,restoration,9,3,6
Watchmymoon,blackrock,138,druid,restoration,10,3,7
Prettysavage,blackhand,138,druid,restoration,19,3,16
Gargasina,colinas-pardas,136,druid,restoration,7,3,4
Ihatewhales,ravencrest,128,druid,restoration,4,2,2
Lynaee,cthun,128,druid,restoration,4,2,2
Thaiboimbyy,veknilash,127,druid,restoration,4,2,2
Jendiiss,drakthul,127,druid,restoration,4,2,2
Mímír,frostmane,127,druid,restoration,4,2,2
Xneji,sylvanas,111,druid,restoration,13,2,11
Trä,earthen-ring,96,druid,restoration,3,2,1
Kruwkamilka,burning-legion,96,druid,restoration,6,1,5
Elo,dun-morogh,96,druid,restoration,6,1,5
Enfy,lightbringer,96,druid,restoration,6,1,5
Blanoz,ravencrest,96,druid,restoration,6,1,5
Zulk,draenor,96,druid,restoration,6,1,5
Pølïna,ysondre,96,druid,restoration,6,1,5
Ka,the-maelstrom,96,druid,restoration,6,1,5
Zoura,ysondre,96,druid,restoration,6,1,5
Sozu,magtheridon,96,druid,restoration,6,1,5
Effi,aggramar,96,druid,restoration,6,1,5
Tilikum,stormscale,96,druid,restoration,6,1,5
Winstonka,doomhammer,96,druid,restoration,6,1,5
Biebear,sylvanas,96,druid,restoration,6,1,5
Vaizier,defias-brotherhood,96,druid,restoration,6,1,5
Marynlord,dalaran,96,druid,restoration,6,1,5
Sodapop,aszune,96,druid,restoration,6,1,5
Tshungubuäch,eredar,96,druid,restoration,6,1,5
Тианна,razuvious,96,druid,restoration,6,1,5
Teengirl,blackmoore,96,druid,restoration,6,1,5
Gintoni,dun-modr,96,druid,restoration,6,1,5
Nermax,kazzak,96,druid,restoration,6,1,5
Linkin,azshara,96,druid,restoration,6,1,5
Cowárd,blackmoore,96,druid,restoration,6,1,5
Seekíng,blackmoore,96,druid,restoration,6,1,5
Westbeast,doomhammer,96,druid,restoration,6,1,5
Tranduiil,drakthul,96,druid,restoration,6,1,5
Lyj,dalaran,96,druid,restoration,6,1,5
Thaïs,blackmoore,96,druid,restoration,6,1,5
Släshes,stormreaver,96,druid,restoration,6,1,5
Qdrood,quelthalas,96,druid,restoration,6,1,5
Meisterd,aegwynn,96,druid,restoration,6,1,5
Noggerglatze,blackrock,96,druid,restoration,6,1,5
Druidguden,tarren-mill,96,druid,restoration,6,1,5
Евангеллист,soulflayer,96,druid,restoration,6,1,5
Horadruid,silvermoon,96,druid,restoration,6,1,5
Nuggetspøwa,dalaran,96,druid,restoration,6,1,5
Madmoss,twisting-nether,96,druid,restoration,6,1,5
Naturaven,sylvanas,96,druid,restoration,6,1,5
Сейтил,deathguard,96,druid,restoration,6,1,5
Taicoo,outland,96,druid,restoration,6,1,5
Secô,sylvanas,96,druid,restoration,6,1,5
Nanuu,sylvanas,96,druid,restoration,6,1,5
Uuni,sylvanas,96,druid,restoration,6,1,5
Druvian,argent-dawn,96,druid,restoration,6,1,5
Sylindra,argent-dawn,96,druid,restoration,6,1,5
Søfiaa,argent-dawn,96,druid,restoration,6,1,5
Shapeshiptur,argent-dawn,96,druid,restoration,6,1,5
Злодзейка,gordunni,96,druid,restoration,6,1,5
Kerydwen,silvermoon,96,druid,restoration,6,1,5
Haginator,twisting-nether,96,druid,restoration,6,1,5
Xkirtach,dun-modr,96,druid,restoration,6,1,5
Мунпраид,gordunni,96,druid,restoration,6,1,5
Kisyqt,aegwynn,96,druid,restoration,6,1,5
Винш,grom,96,druid,restoration,6,1,5
Келиса,blackscar,96,druid,restoration,12,1,11
Athenex,azshara,96,druid,restoration,12,1,11
Püpply,antonidas,96,druid,restoration,12,1,11
Xilmai,darksorrow,96,druid,restoration,12,1,11
Mariss,chogall,96,druid,restoration,12,1,11
Natur,gorgonnash,96,druid,restoration,12,1,11
Avalora,the-maelstrom,96,druid,restoration,12,1,11
Лапунька,gordunni,96,druid,restoration,12,1,11
Acidbrate,aegwynn,90,druid,restoration,12,3,9
Pobrica,stormscale,79,druid,restoration,5,1,4
Rasserdruid,runetotem,63,druid,restoration,2,2,0
Quizdarude,draenor,42,druid,restoration,10,3,7
Therøn,dun-modr,42,druid,restoration,11,3,8
Growlithe,hellfire,42,druid,restoration,8,2,6
Feráx,doomhammer,42,druid,restoration,9,2,7
Chauntee,draenor,42,druid,restoration,9,2,7
Eceria,the-maelstrom,42,druid,restoration,9,2,7
Noxann,archimonde,42,druid,restoration,10,2,8
Onacor,stormrage,42,druid,restoration,10,2,8
Uniquz,sylvanas,42,druid,restoration,11,2,9
Vanarea,argent-dawn,42,druid,restoration,14,2,12
Druiden,the-maelstrom,31,druid,restoration,2,1,1
Djemdruid,argent-dawn,1585,druid,guardian,42,18,24
Bulleyo,ysondre,1508,druid,guardian,71,37,34
Windythemilf,stormscale,1303,druid,guardian,148,77,71
Rbgbear,blackhand,1156,druid,guardian,36,15,21
Rapatera,argent-dawn,1115,druid,guardian,24,12,12
Сверххищникк,soulflayer,1106,druid,guardian,32,13,19
Reshifted,sunstrider,1013,druid,guardian,30,11,19
Микайо,goldrinn,986,druid,guardian,41,17,24
Avior,eonar,972,druid,guardian,64,25,39
Avisa,blackhand,742,druid,guardian,36,10,26
Lioky,dun-modr,670,druid,guardian,12,7,5
Critter,kargath,661,druid,guardian,24,7,17
Bigdomas,sylvanas,613,druid,guardian,22,7,15
Crazydudu,tarren-mill,550,druid,guardian,27,8,19
Tigerbear,argent-dawn,384,druid,guardian,12,4,8
Horizonline,terokkar,350,druid,guardian,11,4,7
Фэк,eversong,288,druid,guardian,6,3,3
Sároman,ravencrest,192,druid,guardian,6,2,4
Kárrde,balnazzar,192,druid,guardian,6,2,4
Astralcore,stormscale,192,druid,guardian,6,2,4
Zinister,hyjal,192,druid,guardian,6,2,4
Silver,terokkar,192,druid,guardian,12,2,10
Fynvola,anubarak,192,druid,guardian,12,2,10
Nwal,thunderhorn,192,druid,guardian,12,2,10
Pumpick,doomhammer,191,druid,guardian,7,2,5
Pure,kul-tiras,190,druid,guardian,15,3,12
Ксидронис,eversong,127,druid,guardian,4,2,2
Leondir,quelthalas,96,druid,guardian,6,1,5
Almightydudu,draenor,96,druid,guardian,6,1,5
Beteralsjij,frostwhisper,96,druid,guardian,6,1,5
Oõ,aggra-português,96,druid,guardian,6,1,5
Win,hellscream,96,druid,guardian,12,1,11
Ktx,aegwynn,2238,druid,feral,84,50,34
Twinklex,ravencrest,2230,druid,feral,100,52,48
Xercas,outland,2166,druid,feral,65,39,26
Mabkferal,ravencrest,2146,druid,feral,133,67,66
Cataferal,ravencrest,2133,druid,feral,102,56,46
Desenlace,ravencrest,2127,druid,feral,149,82,67
Verycringe,ravencrest,2119,druid,feral,78,41,37
Tael,elune,2119,druid,feral,120,60,60
Dashfull,ravencrest,2112,druid,feral,173,97,76
Bloodyredlyx,ysera,2112,druid,feral,90,46,44
Brutaldamage,ravencrest,2090,druid,feral,78,39,39
Zøte,ravencrest,2083,druid,feral,84,43,41
Jakamx,ravencrest,2072,druid,feral,259,133,126
Crøwnd,twisting-nether,2056,druid,feral,54,34,20
Desenlace,silvermoon,2047,druid,feral,156,77,79
Tomyn,burning-legion,2033,druid,feral,72,43,29
Taladruide,archimonde,2030,druid,feral,78,39,39
Nìm,outland,2028,druid,feral,118,56,62
Uebiwe,silvermoon,2022,druid,feral,84,48,36
Rapatera,argent-dawn,2019,druid,feral,54,30,24
Houmrx,ravencrest,2018,druid,feral,60,33,27
Öøöøöøöøöøöø,anachronos,2003,druid,feral,48,31,17
Lxve,tarren-mill,1999,druid,feral,60,31,29
Djgírlßøssqt,argent-dawn,1997,druid,feral,108,55,53
Trøüpäx,outland,1994,druid,feral,84,43,41
Råñkønêbëår,ravencrest,1982,druid,feral,60,36,24
Mmlprox,burning-legion,1982,druid,feral,73,39,34
Gurranq,argent-dawn,1964,druid,feral,60,32,28
Ромкабикстар,gordunni,1952,druid,feral,60,30,30
Purgatxry,ravencrest,1926,druid,feral,383,192,191
Cløwnferalx,argent-dawn,1921,druid,feral,54,25,29
Lïved,nemesis,1919,druid,feral,48,33,15
Yone,blackmoore,1918,druid,feral,60,33,27
Cåssidy,archimonde,1911,druid,feral,72,32,40
Kàraba,archimonde,1909,druid,feral,94,47,47
Ðevilwhite,nemesis,1902,druid,feral,36,20,16
Nîîght,ravencrest,1895,druid,feral,54,26,28
Iminz,ravencrest,1892,druid,feral,191,88,103
Норланда,gordunni,1884,druid,feral,60,32,28
Опакот,howling-fjord,1879,druid,feral,68,30,38
Trauller,outland,1872,druid,feral,72,30,42
Symbiosa,silvermoon,1870,druid,feral,30,20,10
Alessathrina,argent-dawn,1864,druid,feral,87,44,43
Obeseferal,outland,1859,druid,feral,66,31,35
Boostedbear,ragnaros,1848,druid,feral,65,30,35
Minaervea,antonidas,1846,druid,feral,72,33,39
Kaldorei,nemesis,1843,druid,feral,38,21,17
Kattenvoer,stormscale,1842,druid,feral,36,27,9
Ethryl,ravencrest,1837,druid,feral,90,45,45
Skatch,sylvanas,1836,druid,feral,54,28,26
Elfsu,ravencrest,1833,druid,feral,71,40,31
Февти,gordunni,1828,druid,feral,59,34,25
Блюгилли,ashenvale,1826,druid,feral,86,40,46
Annksunamún,ysondre,1825,druid,feral,213,119,94
Jarethy,dun-modr,1824,druid,feral,111,54,57
Drbeef,sanguino,1823,druid,feral,45,28,17
Zelaron,twisting-nether,1823,druid,feral,42,22,20
Фейкхехе,gordunni,1822,druid,feral,48,27,21
Rheasilvià,silvermoon,1818,druid,feral,54,31,23
Fyrkax,aegwynn,1818,druid,feral,48,26,22
Kroñm,dun-modr,1818,druid,feral,60,25,35
Garbagemonky,amanthul,1814,druid,feral,124,78,46
Fendrïl,varimathras,1814,druid,feral,90,55,35
Nøfåmïly,silvermoon,1814,druid,feral,160,83,77
Nainket,ravencrest,1813,druid,feral,48,22,26
Mortality,proudmoore,1812,druid,feral,65,31,34
Moonkniight,ravencrest,1810,druid,feral,30,22,8
Nfxdruid,argent-dawn,1810,druid,feral,90,54,36
Coineagan,frostmourne,1807,druid,feral,46,20,26
Jhiun,ragnaros,1806,druid,feral,72,40,32
Tilikum,stormscale,1804,druid,feral,311,156,155
Bigangrycatx,ravencrest,1803,druid,feral,62,26,36
Mykk,ravencrest,1802,druid,feral,54,33,21
Ratsimulator,tarren-mill,1802,druid,feral,54,32,22
Skytek,silvermoon,1802,druid,feral,84,41,43
Мелталиора,soulflayer,1800,druid,feral,59,30,29
Jåkeferalta,outland,1787,druid,feral,63,32,31
Mysticalmoon,ravencrest,1784,druid,feral,66,29,37
Ålleyézoffme,ravencrest,1780,druid,feral,77,43,34
Yesbody,tarren-mill,1779,druid,feral,42,21,21
Catkovic,kult-der-verdammten,1777,druid,feral,47,24,23
Каергорн,soulflayer,1766,druid,feral,54,19,35
Kikihoux,ravencrest,1747,druid,feral,41,22,19
Elîas,kazzak,1745,druid,feral,42,25,17
Alexmeow,ravencrest,1739,druid,feral,36,24,12
Moldrokk,ravencrest,1739,druid,feral,52,31,21
Crazydos,tarren-mill,1739,druid,feral,42,22,20
Rubbershark,ravencrest,1737,druid,feral,52,38,14
Apuasaatana,stormreaver,1731,druid,feral,36,20,16
Jukeboks,silvermoon,1726,druid,feral,55,25,30
Yaddas,draenor,1722,druid,feral,48,25,23
Jabbari,outland,1720,druid,feral,138,72,66
Mutaattori,sylvanas,1720,druid,feral,37,18,19
Melsson,stormreaver,1714,druid,feral,48,22,26
Pänthërä,ravencrest,1711,druid,feral,36,18,18
Reward,ragnaros,1711,druid,feral,52,24,28
Degmond,silvermoon,1710,druid,feral,54,24,30
Babynaty,ravencrest,1705,druid,feral,90,41,49
Итильтириэль,gordunni,1704,druid,feral,68,29,39
Pilaf,emerald-dream,1702,druid,feral,103,47,56
Worgenshiftr,kazzak,1697,druid,feral,48,21,27
Ottur,argent-dawn,1695,druid,feral,30,18,12
Blvckðvitchz,ravencrest,1692,druid,feral,36,18,18
Natakis,blades-edge,1688,druid,feral,48,25,23
Shiftydruid,thunderhorn,1688,druid,feral,158,74,84
Doopdroo,tarren-mill,1687,druid,feral,48,20,28
Tangela,stormreaver,1684,druid,feral,24,18,6
Klaerke,tarren-mill,1682,druid,feral,47,20,27
ßgøðx,argent-dawn,1681,druid,feral,79,45,34
Feralwilder,turalyon,1676,druid,feral,159,70,89
Jellytardx,outland,1675,druid,feral,75,41,34
Paranoia,outland,1675,druid,feral,94,46,48
Freyanah,argent-dawn,1675,druid,feral,96,41,55
Zifr,dalaran,1675,druid,feral,66,22,44
Трэвисдог,gordunni,1673,druid,feral,35,18,17
Блиденг,gordunni,1672,druid,feral,51,26,25
Nouin,twisting-nether,1671,druid,feral,100,48,52
Phenova,sargeras,1671,druid,feral,99,41,58
Verbxp,kazzak,1668,druid,feral,30,20,10
Aedui,tarren-mill,1668,druid,feral,38,20,18
Ðrüid,ravencrest,1668,druid,feral,72,34,38
Rbgbot,ragnaros,1667,druid,feral,54,30,24
Dzandel,silvermoon,1667,druid,feral,383,187,196
Jgltrainer,archimonde,1666,druid,feral,53,31,22
Nøkki,draenor,1666,druid,feral,44,25,19
Nasukka,grim-batol,1666,druid,feral,78,42,36
Silksharp,ravencrest,1663,druid,feral,60,31,29
Bernfried,silvermoon,1661,druid,feral,58,25,33
Triluxa,blackmoore,1659,druid,feral,54,28,26
Adabsurdum,kazzak,1659,druid,feral,124,55,69
Unoseeme,outland,1655,druid,feral,66,29,37
Opresse,archimonde,1655,druid,feral,54,23,31
Indann,kazzak,1651,druid,feral,48,19,29
Yongala,archimonde,1650,druid,feral,48,29,19
Fückøff,ravencrest,1649,druid,feral,47,25,22
Sleepykitty,argent-dawn,1644,druid,feral,35,23,12
Kouda,draenor,1642,druid,feral,52,22,30
Simdruid,stormscale,1641,druid,feral,36,19,17
Bulan,ghostlands,1638,druid,feral,66,41,25
Goodtrip,archimonde,1636,druid,feral,104,50,54
Pitchou,karazhan,1633,druid,feral,60,31,29
Ñøpe,ravencrest,1630,druid,feral,30,17,13
Ddru,ravencrest,1629,druid,feral,36,20,16
Kärmä,eldrethalas,1628,druid,feral,71,40,31
Avanah,silvermoon,1628,druid,feral,60,29,31
Котосапенс,howling-fjord,1623,druid,feral,42,23,19
Dubakoo,outland,1617,druid,feral,81,46,35
Skypinho,blackhand,1616,druid,feral,48,22,26
Djmeowxd,blackrock,1616,druid,feral,69,30,39
Rayjinn,dun-modr,1613,druid,feral,36,17,19
Heyiamdan,tarren-mill,1611,druid,feral,124,71,53
Khunahype,thrall,1610,druid,feral,24,17,7
Zaibastus,doomhammer,1610,druid,feral,54,21,33
Hässelhoof,ragnaros,1610,druid,feral,54,18,36
Banzeye,nordrassil,1607,druid,feral,68,35,33
Тётявискас,howling-fjord,1606,druid,feral,36,23,13
Bigpapad,ravencrest,1605,druid,feral,36,19,17
Реалаг,howling-fjord,1604,druid,feral,47,20,27
Evilshade,ravencrest,1604,druid,feral,115,47,68
Raznos,ravencrest,1602,druid,feral,71,43,28
Акиша,deepholm,1602,druid,feral,44,21,23
Mcvøvà,kazzak,1601,druid,feral,30,17,13
Chronoqtxd,ravencrest,1601,druid,feral,52,24,28
Noé,aegwynn,1597,druid,feral,123,76,47
Thørkang,dun-modr,1593,druid,feral,30,19,11
Chiwsy,outland,1591,druid,feral,71,38,33
Narunis,tarren-mill,1583,druid,feral,72,33,39
Vëgâñgøðx,ragnaros,1582,druid,feral,170,90,80
Leylå,ravencrest,1578,druid,feral,42,19,23
Fürfur,ravencrest,1576,druid,feral,36,19,17
Sartipus,draenor,1575,druid,feral,48,24,24
Féral,hyjal,1573,druid,feral,89,43,46
Asçdruid,kazzak,1572,druid,feral,56,24,32
Rami,sylvanas,1567,druid,feral,72,33,39
Stopwatching,outland,1565,druid,feral,42,18,24
Fangornn,outland,1560,druid,feral,89,40,49
Риама,blackscar,1558,druid,feral,78,38,40
Jasperqt,silvermoon,1556,druid,feral,30,18,12
Злодзейка,gordunni,1556,druid,feral,90,43,47
Drylle,argent-dawn,1555,druid,feral,93,50,43
Adastroeolo,sanguino,1551,druid,feral,36,20,16
Smuktøs,twisting-nether,1546,druid,feral,47,28,19
Eranor,archimonde,1541,druid,feral,140,72,68
Clipsy,twilights-hammer,1536,druid,feral,155,77,78
Shyngodx,archimonde,1533,druid,feral,41,17,24
Fluffygoon,azjolnerub,1530,druid,feral,48,21,27
Maccín,draenor,1530,druid,feral,52,18,34
Tani,kazzak,1525,druid,feral,45,22,23
Sekunden,ravencrest,1522,druid,feral,42,21,21
Оудин,blackscar,1521,druid,feral,47,23,24
Kabraxis,silvermoon,1518,druid,feral,42,20,22
Goldrax,outland,1518,druid,feral,36,16,20
Larryburns,nathrezim,1517,druid,feral,65,34,31
Texoria,twisting-nether,1516,druid,feral,78,38,40
Мунпраид,gordunni,1514,druid,feral,72,35,37
Муумуумуу,howling-fjord,1512,druid,feral,108,49,59
Cubswansón,outland,1505,druid,feral,56,30,26
Jerrybeans,ravencrest,1504,druid,feral,120,57,63
Зонкс,gordunni,1501,druid,feral,92,47,45
Phïl,ravencrest,1496,druid,feral,48,22,26
Бобасик,fordragon,1491,druid,feral,54,27,27
Арбузег,gordunni,1491,druid,feral,64,31,33
Rollozuu,blackrock,1483,druid,feral,96,46,50
Màz,blackmoore,1480,druid,feral,140,64,76
Nå,outland,1477,druid,feral,96,47,49
Epicplays,sylvanas,1469,druid,feral,60,35,25
Муунфаер,gordunni,1469,druid,feral,66,31,35
Extracssion,ysondre,1468,druid,feral,44,17,27
Oleander,zuljin,1465,druid,feral,133,66,67
Грязныекогти,gordunni,1464,druid,feral,29,17,12
Hushorde,twisting-nether,1464,druid,feral,47,23,24
Паинтер,blackscar,1462,druid,feral,41,17,24
Zaethul,draenor,1460,druid,feral,30,20,10
Arlina,magtheridon,1454,druid,feral,57,26,31
Margueriti,the-maelstrom,1452,druid,feral,43,17,26
Baerminatør,blackrock,1451,druid,feral,60,26,34
Одряя,soulflayer,1446,druid,feral,42,24,18
Kimpine,kirin-tor,1444,druid,feral,73,41,32
Koumma,archimonde,1442,druid,feral,36,21,15
Bleêds,dun-modr,1438,druid,feral,24,15,9
Docmedlove,aegwynn,1437,druid,feral,36,15,21
Тёмныйзверь,borean-tundra,1435,druid,feral,42,18,24
Boomzter,frostmane,1433,druid,feral,75,36,39
Микайо,goldrinn,1432,druid,feral,167,79,88
Thaelyy,drakthul,1430,druid,feral,54,22,32
Беконайзер,howling-fjord,1427,druid,feral,40,20,20
Tazdino,destromath,1427,druid,feral,48,15,33
Arilíaxo,amanthul,1426,druid,feral,18,15,3
Enjoik,drakthul,1425,druid,feral,119,60,59
Phesxd,sylvanas,1425,druid,feral,42,21,21
Lugtedyr,draenor,1423,druid,feral,59,29,30
Vancis,ravencrest,1421,druid,feral,51,29,22
Mervend,tarren-mill,1420,druid,feral,41,15,26
Ephixa,burning-legion,1418,druid,feral,29,16,13
Calaftayou,ravencrest,1414,druid,feral,48,19,29
Luigina,blackmoore,1400,druid,feral,30,15,15
Bagheera,archimonde,1396,druid,feral,59,26,33
Seyyid,archimonde,1394,druid,feral,36,18,18
Neshalry,blackhand,1392,druid,feral,36,16,20
Sabertoon,argent-dawn,1391,druid,feral,153,67,86
Degentiuso,alakir,1390,druid,feral,90,50,40
Диаболус,gordunni,1390,druid,feral,44,24,20
Котфилин,gordunni,1389,druid,feral,78,44,34
Legitx,dentarg,1385,druid,feral,43,17,26
Tsopúnisher,twisting-nether,1383,druid,feral,46,20,26
Алексина,fordragon,1381,druid,feral,64,37,27
Liqoú,tarren-mill,1380,druid,feral,54,31,23
Ferøsse,hyjal,1374,druid,feral,42,21,21
Pipima,kazzak,1374,druid,feral,48,20,28
Bigdaddytate,kazzak,1372,druid,feral,35,20,15
Vlcák,drakthul,1371,druid,feral,128,62,66
Noxxìe,draenor,1371,druid,feral,32,15,17
Cörelly,ravencrest,1367,druid,feral,90,45,45
Snapzy,sylvanas,1366,druid,feral,18,15,3
Blintschiki,echsenkessel,1363,druid,feral,71,32,39
Эскоф,gordunni,1359,druid,feral,31,17,14
Tyldormeow,tarren-mill,1354,druid,feral,104,47,57
Криашин,goldrinn,1353,druid,feral,45,20,25
Manoestouro,draenor,1353,druid,feral,48,19,29
Carlitto,blackmoore,1351,druid,feral,27,19,8
Druidicmorr,sylvanas,1351,druid,feral,68,30,38
Ripgødx,outland,1350,druid,feral,124,64,60
Biffsteak,blackhand,1349,druid,feral,96,46,50
Chirnaruk,ravencrest,1349,druid,feral,48,21,27
Sÿlph,sylvanas,1348,druid,feral,102,51,51
Grimgoor,burning-legion,1347,druid,feral,94,52,42
Друличч,blackscar,1345,druid,feral,36,16,20
Buffshred,ravencrest,1343,druid,feral,18,14,4
Zechey,stormreaver,1343,druid,feral,24,14,10
Vulko,lightbringer,1343,druid,feral,24,14,10
Nzmdruid,burning-legion,1343,druid,feral,30,14,16
Chepochem,stormscale,1341,druid,feral,38,16,22
Gediminas,argent-dawn,1339,druid,feral,36,14,22
Нимир,soulflayer,1339,druid,feral,42,14,28
Фейк,howling-fjord,1337,druid,feral,36,14,22
Storslev,stormscale,1335,druid,feral,90,37,53
Äcajou,hyjal,1332,druid,feral,48,27,21
Rottweiler,doomhammer,1332,druid,feral,72,30,42
Mooncarnatio,burning-legion,1329,druid,feral,42,14,28
Elitarian,argent-dawn,1327,druid,feral,114,54,60
Starliner,ravencrest,1326,druid,feral,36,14,22
Vanhelsíng,dun-modr,1322,druid,feral,22,15,7
Hugepepega,ravencrest,1318,druid,feral,30,14,16
Crtx,blackhand,1317,druid,feral,54,33,21
Lukeyferalxo,argent-dawn,1317,druid,feral,162,75,87
Балаклаваа,soulflayer,1316,druid,feral,29,18,11
Kodobursto,stormscale,1314,druid,feral,58,33,25
Лякокля,soulflayer,1313,druid,feral,60,33,27
Droodae,hyjal,1313,druid,feral,35,19,16
Majokz,ravencrest,1307,druid,feral,44,23,21
Regelè,sylvanas,1305,druid,feral,86,45,41
Soléda,thrall,1305,druid,feral,90,43,47
Henessi,ragnaros,1302,druid,feral,30,14,16
Carakal,outland,1301,druid,feral,42,19,23
Donoz,ravencrest,1298,druid,feral,36,21,15
ßußßo,ravencrest,1294,druid,feral,24,19,5
Panthéra,ravencrest,1291,druid,feral,186,85,101
Kirmelastas,kazzak,1289,druid,feral,56,29,27
Weydjin,garona,1278,druid,feral,30,16,14
Ghettoven,kazzak,1276,druid,feral,42,18,24
Laguna,ravencrest,1271,druid,feral,41,14,27
Jxst,tarren-mill,1270,druid,feral,48,19,29
Migajde,stormscale,1262,druid,feral,59,35,24
Tîma,blackmoore,1259,druid,feral,144,67,77
Беркамп,howling-fjord,1257,druid,feral,111,45,66
Nalaa,festung-der-stürme,1255,druid,feral,100,43,57
Pepeja,doomhammer,1253,druid,feral,24,15,9
Dougi,argent-dawn,1252,druid,feral,60,28,32
Bignoober,blackrock,1248,druid,feral,29,13,16
Taigarus,aerie-peak,1246,druid,feral,72,34,38
Muckì,alleria,1246,druid,feral,30,13,17
Weedgras,eredar,1244,druid,feral,30,13,17
Shifthappens,dun-modr,1242,druid,feral,24,13,11
Millenia,darkmoon-faire,1239,druid,feral,121,63,58
Salseo,uldum,1239,druid,feral,33,14,19
Shinshìva,twisting-nether,1237,druid,feral,187,94,93
Cheddar,tyrande,1237,druid,feral,29,14,15
Cleandc,blackhand,1234,druid,feral,34,20,14
Кеорл,gordunni,1234,druid,feral,102,43,59
Twyty,khaz-modan,1232,druid,feral,127,61,66
Webla,blackmoore,1231,druid,feral,29,15,14
Deviantdruid,tarren-mill,1231,druid,feral,39,20,19
Bâbusch,blackmoore,1230,druid,feral,24,13,11
Катяблум,gordunni,1230,druid,feral,30,13,17
Shaggery,stormscale,1227,druid,feral,69,27,42
Whísperclaw,ravencrest,1226,druid,feral,41,21,20
Tussenfryd,draenor,1225,druid,feral,126,57,69
Jdogger,tarren-mill,1219,druid,feral,24,13,11
Chouan,marécage-de-zangar,1217,druid,feral,84,41,43
Drudonja,silvermoon,1217,druid,feral,36,15,21
Malfyurion,ragnaros,1216,druid,feral,66,31,35
Azmerloth,antonidas,1214,druid,feral,36,13,23
Смизм,gordunni,1209,druid,feral,38,19,19
Exortas,kazzak,1206,druid,feral,55,26,29
Dudeimgodly,ravencrest,1205,druid,feral,42,13,29
Mônchô,sanguino,1204,druid,feral,75,41,34
Stelthee,silvermoon,1202,druid,feral,54,21,33
Hönör,ysondre,1201,druid,feral,115,60,55
Defløwer,aegwynn,1201,druid,feral,30,15,15
Devonshira,ravencrest,1198,druid,feral,36,14,22
Liionheart,khaz-modan,1197,druid,feral,48,23,25
Богарт,soulflayer,1193,druid,feral,24,14,10
Zeyne,ravencrest,1193,druid,feral,24,14,10
Lorcàn,argent-dawn,1189,druid,feral,52,22,30
Herten,tarren-mill,1185,druid,feral,30,13,17
Shymä,hyjal,1174,druid,feral,79,32,47
Arnwaald,kaelthas,1173,druid,feral,30,16,14
Teacherr,quelthalas,1172,druid,feral,49,15,34
Dadzeus,khaz-modan,1170,druid,feral,23,13,10
Dirtyfantasy,alakir,1170,druid,feral,48,26,22
Kynji,twisting-nether,1169,druid,feral,60,27,33
Kittasek,drakthul,1167,druid,feral,36,23,13
Trusten,nemesis,1162,druid,feral,66,34,32
Nightfáll,tarren-mill,1157,druid,feral,36,13,23
Tl,archimonde,1153,druid,feral,58,25,33
Fzx,aegwynn,1152,druid,feral,24,12,12
Howtonio,archimonde,1151,druid,feral,18,12,6
Cocaqt,nemesis,1151,druid,feral,18,12,6
Lenyl,dun-modr,1151,druid,feral,24,12,12
Zbear,kazzak,1151,druid,feral,36,16,20
Fallken,burning-blade,1149,druid,feral,24,12,12
Drunosio,magtheridon,1147,druid,feral,30,12,18
Alcik,silvermoon,1147,druid,feral,48,12,36
Tibozx,stormscale,1146,druid,feral,36,21,15
Snootxt,blackmoore,1143,druid,feral,42,16,26
Veryfast,blackhand,1142,druid,feral,24,12,12
Hottad,tarren-mill,1140,druid,feral,90,45,45
Feraligator,sanguino,1138,druid,feral,158,75,83
Rootznloots,draenor,1137,druid,feral,36,22,14
Crow,saurfang,1136,druid,feral,26,12,14
Jinxaran,culte-de-la-rive-noire,1135,druid,feral,36,12,24
Blazor,eredar,1132,druid,feral,46,25,21
Moonpuff,kazzak,1131,druid,feral,33,17,16
Koffee,archimonde,1129,druid,feral,24,12,12
Кыцко,soulflayer,1124,druid,feral,24,12,12
Naheliaqt,outland,1121,druid,feral,24,12,12
Swagmode,draenor,1119,druid,feral,49,30,19
Malvakten,kazzak,1112,druid,feral,25,13,12
Jaghut,burning-legion,1109,druid,feral,18,12,6
Mudpie,stormscale,1100,druid,feral,55,23,32
Kintax,drakthul,1099,druid,feral,51,25,26
Mgelolaf,doomhammer,1096,druid,feral,18,12,6
Zivertgodx,argent-dawn,1093,druid,feral,48,23,25
Nicos,elune,1091,druid,feral,29,13,16
Zaltaruk,sanguino,1089,druid,feral,42,19,23
Vidlna,outland,1089,druid,feral,60,26,34
Йонарк,gordunni,1087,druid,feral,41,20,21
Tsajj,stormreaver,1083,druid,feral,39,23,16
Denadu,turalyon,1080,druid,feral,48,12,36
Kageioshi,kazzak,1070,druid,feral,56,28,28
Kyoshî,blackmoore,1062,druid,feral,124,60,64
Owling,antonidas,1061,druid,feral,48,24,24
Yøløswag,naxxramas,1060,druid,feral,71,38,33
Ripndip,eredar,1056,druid,feral,52,25,27
Derzis,eonar,1055,druid,feral,54,25,29
Salviaf,silvermoon,1055,druid,feral,94,43,51
Belsebub,ravencrest,1055,druid,feral,30,11,19
Frighton,ravencrest,1054,druid,feral,30,11,19
Liya,ravencrest,1054,druid,feral,30,11,19
Unreally,drakthul,1051,druid,feral,18,11,7
Togara,kazzak,1050,druid,feral,24,11,13
Amoonaa,kazzak,1049,druid,feral,48,26,22
Weedum,kazzak,1046,druid,feral,24,11,13
Battleray,twisting-nether,1040,druid,feral,57,25,32
Zokix,doomhammer,1040,druid,feral,30,12,18
Mpounia,twilights-hammer,1032,druid,feral,77,40,37
Kermit,die-aldor,1032,druid,feral,81,32,49
Hadesx,blackhand,1028,druid,feral,30,17,13
Eternas,elune,1027,druid,feral,82,37,45
Morfâns,ragnaros,1022,druid,feral,42,19,23
Phanterus,chamber-of-aspects,1012,druid,feral,24,11,13
Carldroid,sylvanas,1009,druid,feral,28,13,15
Lutis,magtheridon,1009,druid,feral,30,11,19
Tatabomba,archimonde,1008,druid,feral,60,30,30
Брэмблс,soulflayer,1008,druid,feral,35,15,20
Отхода,gordunni,1007,druid,feral,23,11,12
Bæghira,draenor,1005,druid,feral,46,25,21
Smittly,bloodhoof,1005,druid,feral,58,23,35
Tranduiil,drakthul,1002,druid,feral,42,23,19
Tyranderawr,ravencrest,999,druid,feral,27,12,15
Moonglade,deathwing,996,druid,feral,27,11,16
Boombassador,stormscale,992,druid,feral,24,14,10
Janjalism,silvermoon,973,druid,feral,63,34,29
Скагуар,blackscar,973,druid,feral,38,11,27
Descendance,ysondre,968,druid,feral,85,42,43
Tjxaxa,ravencrest,960,druid,feral,12,10,2
Cyborgz,archimonde,960,druid,feral,18,10,8
Nîghtz,ravencrest,960,druid,feral,18,10,8
Beerista,tarren-mill,959,druid,feral,24,11,13
Byet,kazzak,959,druid,feral,24,10,14
Hahafun,ravencrest,959,druid,feral,24,10,14
Luphrekfurry,ysondre,959,druid,feral,24,10,14
Nîchtsnutz,blackmoore,958,druid,feral,18,10,8
Cyph,shadowsong,958,druid,feral,18,10,8
Сириль,soulflayer,958,druid,feral,18,10,8
Dipz,frostwolf,958,druid,feral,18,10,8
Unlit,draenor,956,druid,feral,24,10,14
Zjukov,ragnaros,955,druid,feral,24,10,14
Corrupthz,outland,955,druid,feral,24,10,14
Béar,arathor,955,druid,feral,46,16,30
Snøwden,twisting-nether,952,druid,feral,18,10,8
Ефомитстерша,gordunni,952,druid,feral,24,10,14
Друлевой,greymane,948,druid,feral,24,12,12
Реептилоид,soulflayer,942,druid,feral,24,10,14
Paws,dun-modr,942,druid,feral,30,10,20
Käissi,blackmoore,940,druid,feral,24,10,14
Klatro,terokkar,936,druid,feral,18,11,7
Stéely,ravencrest,933,druid,feral,30,14,16
Azenoir,ravencrest,925,druid,feral,33,11,22
Erelae,twisting-nether,924,druid,feral,22,10,12
Rakuy,thrall,917,druid,feral,22,10,12
Teddîursa,kazzak,915,druid,feral,34,10,24
Маветт,blackscar,912,druid,feral,45,19,26
Blacksagex,dragonmaw,910,druid,feral,17,10,7
Джирас,gordunni,909,druid,feral,32,12,20
Phandris,argent-dawn,904,druid,feral,43,22,21
Lohki,eredar,895,druid,feral,21,12,9
Фаллендэл,gordunni,882,druid,feral,18,10,8
Verbat,cthun,878,druid,feral,42,21,21
Mommonga,onyxia,874,druid,feral,38,14,24
Wex,darksorrow,864,druid,feral,12,9,3
Quikahn,outland,864,druid,feral,12,9,3
Urfi,tyrande,864,druid,feral,12,9,3
Cocomojo,outland,864,druid,feral,18,9,9
Fyrka,aegwynn,864,druid,feral,18,9,9
Bignik,tarren-mill,864,druid,feral,18,9,9
Paramore,outland,864,druid,feral,18,9,9
Sixmonthbann,ravencrest,864,druid,feral,18,9,9
Aleatório,grim-batol,864,druid,feral,18,9,9
Furrykruger,the-maelstrom,864,druid,feral,18,9,9
Селфика,gordunni,864,druid,feral,36,9,27
Cjparker,archimonde,863,druid,feral,18,9,9
Deehe,thrall,863,druid,feral,18,9,9
Dureka,tarren-mill,863,druid,feral,18,9,9
Chexdruid,silvermoon,863,druid,feral,21,10,11
Rbg,dun-modr,863,druid,feral,22,10,12
Пиггипоп,soulflayer,863,druid,feral,24,9,15
Олежасутра,howling-fjord,863,druid,feral,30,9,21
Мунфайр,galakrond,862,druid,feral,18,9,9
Dilleydank,ravencrest,862,druid,feral,18,9,9
Кецян,gordunni,862,druid,feral,19,9,10
Snapeshifter,blackhand,859,druid,feral,18,9,9
Caèlas,outland,859,druid,feral,18,9,9
Nalreaa,kazzak,859,druid,feral,18,9,9
Бруан,gordunni,859,druid,feral,24,9,15
Hadespool,sanguino,859,druid,feral,24,9,15
Медверх,gordunni,858,druid,feral,30,9,21
Плагиат,grom,858,druid,feral,36,10,26
Collnaris,ravencrest,857,druid,feral,12,9,3
Noyake,ragnaros,854,druid,feral,24,9,15
Wainl,hyjal,854,druid,feral,30,9,21
Bgam,ravencrest,853,druid,feral,12,9,3
Trikill,hyjal,853,druid,feral,25,9,16
Plingan,argent-dawn,847,druid,feral,17,9,8
Progodd,silvermoon,833,druid,feral,24,9,15
Рефикс,gordunni,827,druid,feral,17,9,8
Kîñg,tarren-mill,821,druid,feral,70,30,40
Théó,grim-batol,818,druid,feral,41,18,23
Snupy,outland,815,druid,feral,17,9,8
Зенза,howling-fjord,815,druid,feral,27,9,18
Zulazain,bladefist,809,druid,feral,84,30,54
Йванныч,gordunni,793,druid,feral,26,9,17
Mikor,aegwynn,768,druid,feral,12,8,4
Snkxo,perenolde,768,druid,feral,12,8,4
Hakuchey,aegwynn,768,druid,feral,12,8,4
Wucherwurzel,eredar,768,druid,feral,18,8,10
Ashtral,kazzak,768,druid,feral,18,8,10
Nédith,archimonde,768,druid,feral,18,8,10
Zurllyn,ravencrest,768,druid,feral,18,8,10
Апвель,gordunni,768,druid,feral,18,8,10
Älênkâ,drakthul,768,druid,feral,24,8,16
Vargall,silvermoon,767,druid,feral,12,8,4
Kørnuto,nemesis,767,druid,feral,12,8,4
Mimir,la-croisade-écarlate,767,druid,feral,12,8,4
Seysso,silvermoon,767,druid,feral,18,8,10
Шэйпшифт,fordragon,767,druid,feral,18,8,10
Стэлларпауэр,gordunni,767,druid,feral,18,8,10
Jeezuschrist,archimonde,767,druid,feral,18,8,10
Laek,chogall,767,druid,feral,24,8,16
Pneuma,xavius,767,druid,feral,24,8,16
Acéré,archimonde,767,druid,feral,24,8,16
Thielyy,blackmoore,766,druid,feral,18,8,10
Dracaan,boulderfist,765,druid,feral,12,8,4
Krvopito,tarren-mill,765,druid,feral,12,8,4
Plankface,ravencrest,765,druid,feral,18,8,10
Koshde,blackrock,765,druid,feral,18,8,10
Chunkeykill,alonsus,765,druid,feral,18,8,10
Bâlou,nathrezim,764,druid,feral,18,8,10
Oblivark,draenor,764,druid,feral,18,8,10
Shuffey,frostmane,763,druid,feral,12,8,4
Dash,the-maelstrom,763,druid,feral,18,8,10
Lemmí,frostwolf,763,druid,feral,18,8,10
Holditorsken,grim-batol,761,druid,feral,18,8,10
Razorleaf,turalyon,761,druid,feral,24,8,16
Ziovris,silvermoon,761,druid,feral,27,8,19
Спэкк,gordunni,758,druid,feral,24,8,16
Terror,agamaggan,756,druid,feral,24,8,16
Jupter,burning-blade,755,druid,feral,18,8,10
Zhosy,shattrath,751,druid,feral,17,8,9
Neischa,das-konsortium,746,druid,feral,18,8,10
Жекакотик,eversong,745,druid,feral,18,8,10
Ytzù,archimonde,719,druid,feral,11,8,3
Cyriaan,eredar,719,druid,feral,17,8,9
Euskal,chogall,703,druid,feral,14,8,6
Xarxius,sanguino,699,druid,feral,32,8,24
Jincksdruid,anachronos,672,druid,feral,12,7,5
Zarc,stormreaver,672,druid,feral,12,7,5
Bomoth,kazzak,672,druid,feral,12,7,5
Kaÿn,tarren-mill,672,druid,feral,12,7,5
Àzà,dun-modr,672,druid,feral,12,7,5
Lolhaha,ravencrest,672,druid,feral,12,7,5
Fíja,blackmoore,672,druid,feral,12,7,5
Starasta,magtheridon,672,druid,feral,12,7,5
Диздру,howling-fjord,672,druid,feral,12,7,5
Goodtrip,hyjal,672,druid,feral,12,7,5
Snkyferalmov,aegwynn,672,druid,feral,12,7,5
Runeclaws,twisting-nether,672,druid,feral,12,7,5
Frs,bladefist,672,druid,feral,12,7,5
Loyoq,elune,672,druid,feral,12,7,5
Фекаллис,soulflayer,672,druid,feral,12,7,5
Druiidou,dalaran,672,druid,feral,18,7,11
Saabeq,hyjal,672,druid,feral,18,7,11
Feytique,aegwynn,672,druid,feral,18,7,11
Luveena,kazzak,672,druid,feral,18,7,11
Flawkin,kazzak,672,druid,feral,18,7,11
Coldkíng,twisting-nether,672,druid,feral,18,7,11
Sethread,ragnaros,672,druid,feral,18,7,11
Oni,kelthuzad,672,druid,feral,18,7,11
Liptonbite,blackhand,672,druid,feral,24,7,17
Sôalôgel,blackrock,671,druid,feral,12,7,5
Smellykitten,ravencrest,671,druid,feral,12,7,5
Enock,hyjal,671,druid,feral,12,7,5
Déme,twisting-nether,671,druid,feral,12,7,5
Druikraut,silvermoon,671,druid,feral,12,7,5
Calîmerô,blackrock,671,druid,feral,12,7,5
Bærbell,blackrock,671,druid,feral,18,7,11
Eltroncazo,sanguino,671,druid,feral,18,7,11
Toron,dalaran,671,druid,feral,18,7,11
Annksunamun,ysondre,671,druid,feral,18,7,11
Lazerbinks,blackmoore,671,druid,feral,24,7,17
Crisspurolss,ysondre,671,druid,feral,24,7,17
Noobbiiee,silvermoon,670,druid,feral,12,7,5
Biorythm,draenor,670,druid,feral,12,7,5
Maylon,darksorrow,670,druid,feral,18,7,11
Cøcøpøpsmøke,archimonde,670,druid,feral,18,7,11
Toredorxy,blackrock,669,druid,feral,12,7,5
Radime,khaz-modan,669,druid,feral,12,7,5
Терамин,howling-fjord,669,druid,feral,18,7,11
Itzferal,durotan,668,druid,feral,15,7,8
Грэкхэк,soulflayer,666,druid,feral,15,8,7
Kovlian,argent-dawn,655,druid,feral,17,7,10
Эвгедент,deathguard,646,druid,feral,30,7,23
Mordpaw,stormscale,639,druid,feral,14,8,6
Nspirit,ravencrest,639,druid,feral,17,7,10
Sìa,frostmane,639,druid,feral,23,7,16
Shalys,archimonde,622,druid,feral,11,7,4
Броодяга,razuvious,607,druid,feral,11,7,4
Nevercloneqt,argent-dawn,607,druid,feral,11,7,4
Àyóorts,archimonde,607,druid,feral,14,7,7
Mistic,twisting-nether,601,druid,feral,17,7,10
Hadoukan,ravencrest,576,druid,feral,6,6,0
Эриэс,gordunni,576,druid,feral,12,6,6
Amandial,silvermoon,576,druid,feral,12,6,6
Даркедес,gordunni,576,druid,feral,12,6,6
Сиэн,ashenvale,576,druid,feral,12,6,6
Hàlunkè,eredar,576,druid,feral,12,6,6
Arlandia,drakthul,576,druid,feral,12,6,6
Асония,deathguard,576,druid,feral,12,6,6
Tonycatmeow,ravencrest,576,druid,feral,12,6,6
Caprïsun,archimonde,576,druid,feral,12,6,6
Ataxyhehe,sylvanas,576,druid,feral,12,6,6
Moskaros,turalyon,576,druid,feral,12,6,6
Baccthana,auchindoun,576,druid,feral,12,6,6
Dragonferal,tarren-mill,576,druid,feral,12,6,6
Snkyexpress,aegwynn,576,druid,feral,12,6,6
Basedgôd,alakir,576,druid,feral,12,6,6
Forrest,bronze-dragonflight,576,druid,feral,12,6,6
Notsad,dun-modr,576,druid,feral,18,6,12
Hasted,kazzak,576,druid,feral,18,6,12
Radauronny,malganis,576,druid,feral,18,6,12
Хокан,deepholm,576,druid,feral,18,6,12
Bilis,nazjatar,576,druid,feral,18,6,12
Svass,ragnaros,576,druid,feral,18,6,12
Teknó,ragnaros,575,druid,feral,6,6,0
Леромейкен,fordragon,575,druid,feral,12,6,6
Broccoliform,eredar,575,druid,feral,12,6,6
Psixx,blackhand,575,druid,feral,12,6,6
Xurta,kazzak,575,druid,feral,12,6,6
Leidbulle,blackrock,575,druid,feral,12,6,6
Chinoiserie,aszune,575,druid,feral,12,6,6
Ivìs,nemesis,575,druid,feral,18,6,12
Скайтибрайдх,gordunni,575,druid,feral,24,6,18
Lunamimi,argent-dawn,574,druid,feral,12,6,6
Tricklou,tarren-mill,574,druid,feral,12,6,6
Hetalia,culte-de-la-rive-noire,571,druid,feral,12,6,6
Christàlyst,garona,559,druid,feral,11,6,5
Whiterun,pozzo-delleternità,555,druid,feral,19,7,12
Spangle,stormscale,554,druid,feral,21,7,14
Диджейкошка,howling-fjord,527,druid,feral,11,6,5
Nuashoa,argent-dawn,521,druid,feral,16,7,9
Lionquokk,azjolnerub,512,druid,feral,10,6,4
Firrothe,die-aldor,480,druid,feral,6,5,1
Ryselol,nemesis,480,druid,feral,6,5,1
Retzerbil,ravencrest,480,druid,feral,10,6,4
Shylovez,aegwynn,480,druid,feral,12,5,7
Оссава,blackscar,480,druid,feral,12,5,7
Hrabioid,burning-legion,480,druid,feral,12,5,7
Miracoplixx,blackrock,480,druid,feral,12,5,7
Siire,ravencrest,480,druid,feral,12,5,7
Erenalby,draenor,480,druid,feral,12,5,7
Hipølita,zuljin,480,druid,feral,12,5,7
Xilmai,darksorrow,480,druid,feral,12,5,7
Flum,darksorrow,480,druid,feral,12,5,7
Bloomly,tarren-mill,480,druid,feral,12,5,7
Hardbasior,burning-legion,480,druid,feral,12,5,7
Redlung,outland,480,druid,feral,12,5,7
Einsfünfkcat,madmortem,480,druid,feral,12,5,7
Шев,blackscar,480,druid,feral,12,5,7
Gató,kazzak,480,druid,feral,12,5,7
Rysejr,nemesis,480,druid,feral,12,5,7
Animålz,archimonde,480,druid,feral,12,5,7
Жеводанский,gordunni,480,druid,feral,12,5,7
Turkus,draenor,480,druid,feral,12,5,7
Sketz,stormscale,480,druid,feral,12,5,7
Arfgtdispo,hyjal,480,druid,feral,12,5,7
Sølaria,kazzak,480,druid,feral,12,5,7
Rapzr,argent-dawn,480,druid,feral,12,5,7
Rímeru,blackmoore,480,druid,feral,12,5,7
Ponshü,hyjal,480,druid,feral,12,5,7
Epidruid,stormrage,480,druid,feral,12,5,7
Pronkson,tarren-mill,480,druid,feral,12,5,7
Kardashìan,ravencrest,480,druid,feral,13,5,8
Yamkar,blackrock,480,druid,feral,18,5,13
Pethebär,tarren-mill,480,druid,feral,18,5,13
Wølveríne,frostmane,480,druid,feral,18,5,13
Derrezzed,stormscale,480,druid,feral,18,5,13
Nefertiti,baelgun,480,druid,feral,18,5,13
Yiradur,stormscale,480,druid,feral,18,5,13
Enylasi,hyjal,480,druid,feral,18,5,13
Mérias,archimonde,480,druid,feral,18,5,13
Outtanowhere,drakthul,480,druid,feral,18,5,13
Cdsxr,outland,480,druid,feral,24,5,19
Papan,sylvanas,479,druid,feral,6,5,1
Poskehh,outland,479,druid,feral,12,5,7
Mambalol,sanguino,479,druid,feral,12,5,7
Shifts,the-maelstrom,479,druid,feral,12,5,7
Telpha,onyxia,479,druid,feral,12,5,7
Шадараф,howling-fjord,479,druid,feral,15,6,9
Менстряк,howling-fjord,479,druid,feral,18,5,13
Alimona,the-venture-co,479,druid,feral,24,5,19
Yorashi,blackhand,478,druid,feral,6,5,1
Cattastrophe,bronzebeard,477,druid,feral,12,5,7
Mitomen,ragnaros,476,druid,feral,12,5,7
Skylarr,alexstrasza,475,druid,feral,12,5,7
Clawdiá,silvermoon,475,druid,feral,18,5,13
Apetino,dun-modr,447,druid,feral,11,5,6
Infêrno,twisting-nether,446,druid,feral,22,5,17
Sároman,ravencrest,431,druid,feral,11,5,6
Zynmeow,lordaeron,416,druid,feral,19,6,13
Бабакошка,gordunni,415,druid,feral,11,5,6
Nipply,ravencrest,415,druid,feral,15,6,9
Symbiosîs,stormscale,415,druid,feral,17,5,12
Sùmmèrz,ravencrest,384,druid,feral,6,4,2
Noxxzar,stormscale,384,druid,feral,6,4,2
Ábomínatíon,draenor,384,druid,feral,6,4,2
Diktus,outland,384,druid,feral,6,4,2
Shapeshifts,kul-tiras,384,druid,feral,6,4,2
Idraly,kirin-tor,384,druid,feral,6,4,2
Faveyo,die-nachtwache,384,druid,feral,6,4,2
Шабашиоргия,soulflayer,384,druid,feral,6,4,2
Osaviciosa,shendralar,384,druid,feral,6,4,2
Lakaport,dun-modr,384,druid,feral,6,4,2
Aslanah,hyjal,384,druid,feral,6,4,2
Knatch,outland,384,druid,feral,6,4,2
Minaye,hyjal,384,druid,feral,6,4,2
Kgn,blackmoore,384,druid,feral,6,4,2
Tróllinger,blackrock,384,druid,feral,6,4,2
Ryáanz,ravencrest,384,druid,feral,6,4,2
Ryseqt,nemesis,384,druid,feral,6,4,2
Seekx,silvermoon,384,druid,feral,6,4,2
Kowtuerz,silvermoon,384,druid,feral,6,4,2
Ведмедив,blackscar,384,druid,feral,6,4,2
Currare,aegwynn,384,druid,feral,6,4,2
Взп,gordunni,384,druid,feral,6,4,2
Takamizy,ysondre,384,druid,feral,6,4,2
Dystaleon,blackrock,384,druid,feral,6,4,2
Blakkowl,drakthul,384,druid,feral,6,4,2
Турбокалясик,gordunni,384,druid,feral,12,4,8
Giaya,turalyon,384,druid,feral,12,4,8
Hydorn,cthun,384,druid,feral,12,4,8
Nibbl,doomhammer,384,druid,feral,12,4,8
Andros,arathor,384,druid,feral,12,4,8
Mbk,kazzak,384,druid,feral,12,4,8
Фдру,eversong,384,druid,feral,12,4,8
Pitý,kaelthas,384,druid,feral,12,4,8
Goatmeal,draenor,384,druid,feral,12,4,8
Milkniatrump,tarren-mill,384,druid,feral,12,4,8
Noxxll,gorgonnash,384,druid,feral,12,4,8
Tenader,draenor,384,druid,feral,12,4,8
ßlackßåmßå,zuljin,384,druid,feral,12,4,8
Ялория,azuregos,384,druid,feral,12,4,8
Shiotake,hyjal,384,druid,feral,12,4,8
Carridwyn,argent-dawn,384,druid,feral,12,4,8
Plandros,draenor,384,druid,feral,18,4,14
Tombenuit,tarren-mill,383,druid,feral,6,4,2
Tsukuyómi,ragnaros,383,druid,feral,6,4,2
Bearshift,aggra-português,383,druid,feral,6,4,2
Nidaalee,thrall,383,druid,feral,6,4,2
Tastyrawr,blackhand,383,druid,feral,12,4,8
Loafy,the-maelstrom,383,druid,feral,12,4,8
Tettsu,silvermoon,383,druid,feral,12,4,8
Bumsbert,teldrassil,382,druid,feral,6,4,2
Altramuz,uldum,382,druid,feral,6,4,2
Viølin,silvermoon,381,druid,feral,12,4,8
Yopi,stormscale,351,druid,feral,11,4,7
Âltashamane,elune,351,druid,feral,11,4,7
Krekigaadzre,draenor,335,druid,feral,9,4,5
Wolfly,ravencrest,329,druid,feral,17,6,11
Halabanaha,silvermoon,319,druid,feral,5,4,1
Lybell,antonidas,319,druid,feral,8,4,4
Ðeathwatch,ravencrest,288,druid,feral,6,3,3
Fuzzylol,haomarush,288,druid,feral,6,3,3
Мивинчик,ashenvale,288,druid,feral,6,3,3
Ацкийдру,gordunni,288,druid,feral,6,3,3
Vãrima,ravencrest,288,druid,feral,6,3,3
Garfield,uldum,288,druid,feral,6,3,3
Aègon,ravencrest,288,druid,feral,6,3,3
Lyrasanna,argent-dawn,288,druid,feral,6,3,3
Fraptal,dalaran,288,druid,feral,6,3,3
Urgrull,baelgun,288,druid,feral,6,3,3
Beckett,aszune,288,druid,feral,6,3,3
Lunanikuya,ravencrest,288,druid,feral,6,3,3
Kørn,drakthul,288,druid,feral,6,3,3
Павлорион,gordunni,288,druid,feral,6,3,3
Nariah,silvermoon,288,druid,feral,6,3,3
Oddform,silvermoon,288,druid,feral,6,3,3
Druidou,kaelthas,288,druid,feral,6,3,3
Dianabigby,silvermoon,288,druid,feral,6,3,3
Ociroza,outland,288,druid,feral,6,3,3
Alkurosa,sylvanas,288,druid,feral,6,3,3
Syniixmeow,ravencrest,288,druid,feral,6,3,3
Nightdruidcz,turalyon,288,druid,feral,6,3,3
Madgazfanboi,ravencrest,288,druid,feral,6,3,3
Hundavidsad,quelthalas,288,druid,feral,6,3,3
Fearthecat,defias-brotherhood,288,druid,feral,6,3,3
Tropicqt,ravencrest,288,druid,feral,6,3,3
Wildthing,blackmoore,288,druid,feral,6,3,3
Mooqt,alexstrasza,288,druid,feral,6,3,3
Golddy,hyjal,288,druid,feral,6,3,3
Biggestnick,ravencrest,288,druid,feral,6,3,3
Yepnesse,khaz-modan,288,druid,feral,6,3,3
Roska,archimonde,288,druid,feral,6,3,3
Reservebär,blackhand,288,druid,feral,6,3,3
Miruush,malganis,288,druid,feral,6,3,3
Хённим,howling-fjord,288,druid,feral,6,3,3
Xercàs,outland,288,druid,feral,6,3,3
Blacknight,aggramar,288,druid,feral,6,3,3
Sylvy,dun-modr,288,druid,feral,6,3,3
Gargnda,tarren-mill,288,druid,feral,6,3,3
Kúùsh,frostwolf,288,druid,feral,6,3,3
Azyol,argent-dawn,288,druid,feral,6,3,3
Druidicchi,stormscale,288,druid,feral,6,3,3
Ferpylul,ragnaros,288,druid,feral,6,3,3
Muffler,ragnaros,288,druid,feral,6,3,3
Zantill,chamber-of-aspects,288,druid,feral,7,3,4
Shingeki,alonsus,288,druid,feral,8,3,5
Zink,sanguino,288,druid,feral,12,3,9
Myex,exodar,288,druid,feral,12,3,9
Lupa,drakthul,288,druid,feral,12,3,9
Kratzbeiß,blackmoore,288,druid,feral,12,3,9
Ferdax,outland,288,druid,feral,12,3,9
Лорья,azuregos,288,druid,feral,12,3,9
Фэк,eversong,288,druid,feral,12,3,9
Psychodeliya,ragnaros,288,druid,feral,12,3,9
Soofyan,kazzak,288,druid,feral,12,3,9
Saltow,archimonde,288,druid,feral,12,3,9
Bénjî,khazgoroth,288,druid,feral,12,3,9
Skywíng,stormscale,288,druid,feral,12,3,9
Vorag,dalaran,288,druid,feral,12,3,9
Tskilli,draenor,288,druid,feral,12,3,9
Kittyclâw,perenolde,288,druid,feral,12,3,9
Drocos,genjuros,288,druid,feral,12,3,9
Phòènìx,twisting-nether,288,druid,feral,12,3,9
Frincessa,burning-legion,288,druid,feral,18,3,15
Knææl,argent-dawn,288,druid,feral,18,3,15
Isaye,archimonde,288,druid,feral,18,3,15
Tallbutshort,stormscale,288,druid,feral,18,3,15
Giosis,stormscale,287,druid,feral,6,3,3
Cemendur,bronzebeard,287,druid,feral,6,3,3
Growshax,nerzhul,287,druid,feral,6,3,3
Khai,argent-dawn,287,druid,feral,6,3,3
Vólotyr,ravencrest,287,druid,feral,12,3,9
Greenfingerz,azjolnerub,287,druid,feral,12,3,9
Kyth,forscherliga,287,druid,feral,12,3,9
Vicendius,drakthul,287,druid,feral,12,3,9
Poxu,eredar,287,druid,feral,18,3,15
Zottelmahne,blackrock,286,druid,feral,6,3,3
Zhabka,silvermoon,286,druid,feral,6,3,3
Puuhalí,stormreaver,286,druid,feral,6,3,3
Bakar,ghostlands,286,druid,feral,6,3,3
Glanis,malorne,271,druid,feral,11,3,8
Bartax,culte-de-la-rive-noire,240,druid,feral,9,3,6
Shifabull,kazzak,239,druid,feral,5,3,2
Лорирэнд,gordunni,239,druid,feral,11,3,8
Anyône,dun-morogh,229,druid,feral,16,4,12
Neyok,blackrock,223,druid,feral,8,3,5
Tommyferal,outland,192,druid,feral,4,3,1
Канвус,gordunni,192,druid,feral,6,2,4
Трясишатай,gordunni,192,druid,feral,6,2,4
Lenzork,thrall,192,druid,feral,6,2,4
Рэво,gordunni,192,druid,feral,6,2,4
Кентухен,gordunni,192,druid,feral,6,2,4
Glyn,earthen-ring,192,druid,feral,6,2,4
Routasydän,shattered-hand,192,druid,feral,6,2,4
Вендьета,blackscar,192,druid,feral,6,2,4
Friidaf,lightbringer,192,druid,feral,6,2,4
Glenn,alakir,192,druid,feral,6,2,4
Nicodruid,ravencrest,192,druid,feral,6,2,4
Dwaokut,ravencrest,192,druid,feral,6,2,4
Lyvaley,dun-modr,192,druid,feral,6,2,4
Snûx,antonidas,192,druid,feral,6,2,4
Catwild,blackmoore,192,druid,feral,6,2,4
Santamonica,blackrock,192,druid,feral,6,2,4
Variolus,dun-modr,192,druid,feral,6,2,4
Metamø,blackrock,192,druid,feral,6,2,4
Melcow,eredar,192,druid,feral,6,2,4
Jokiri,argent-dawn,192,druid,feral,6,2,4
Rimpularaisa,grim-batol,192,druid,feral,6,2,4
Growlithe,hellfire,192,druid,feral,6,2,4
Nelfboyuk,tarren-mill,192,druid,feral,6,2,4
Bóssít,doomhammer,192,druid,feral,6,2,4
Сверххищникк,soulflayer,192,druid,feral,6,2,4
Druiddamage,the-maelstrom,192,druid,feral,6,2,4
Chikiz,ghostlands,192,druid,feral,6,2,4
Lilkâzzam,blackrock,192,druid,feral,6,2,4
Savagehèals,ravencrest,192,druid,feral,6,2,4
Feralsaber,ghostlands,192,druid,feral,6,2,4
Ckelf,ravencrest,192,druid,feral,6,2,4
Astlanes,ysondre,192,druid,feral,6,2,4
Seekíng,blackmoore,192,druid,feral,6,2,4
Garoh,dalaran,192,druid,feral,6,2,4
Citrus,sargeras,192,druid,feral,6,2,4
Rabatout,eitrigg,192,druid,feral,6,2,4
Mcservietsky,chogall,192,druid,feral,6,2,4
Shiningztar,twisting-nether,192,druid,feral,6,2,4
Tøpkittyg,twisting-nether,192,druid,feral,6,2,4
Zyron,sanguino,192,druid,feral,6,2,4
Kiizal,twisting-nether,192,druid,feral,6,2,4
Aryitu,blackrock,192,druid,feral,6,2,4
Samian,turalyon,192,druid,feral,6,2,4
Naetsch,blackrock,192,druid,feral,6,2,4
Erundrood,ysondre,192,druid,feral,6,2,4
Snuggums,argent-dawn,192,druid,feral,6,2,4
Вохако,howling-fjord,192,druid,feral,6,2,4
Voyerka,drakthul,192,druid,feral,6,2,4
Mímír,frostmane,192,druid,feral,6,2,4
Papírzsepi,ragnaros,192,druid,feral,6,2,4
Wuzzington,outland,192,druid,feral,6,2,4
Kisskossa,stormscale,192,druid,feral,6,2,4
Rabacki,blackmoore,192,druid,feral,6,2,4
Papjin,blackhand,192,druid,feral,6,2,4
Treepoloski,stormscale,192,druid,feral,6,2,4
Catbear,kazzak,192,druid,feral,6,2,4
Ringthaw,silvermoon,192,druid,feral,6,2,4
Pitsas,silvermoon,192,druid,feral,6,2,4
Sandirion,silvermoon,192,druid,feral,6,2,4
Nidra,silvermoon,192,druid,feral,6,2,4
Lechaource,silvermoon,192,druid,feral,6,2,4
Swagdemonxd,outland,192,druid,feral,6,2,4
Sheiheda,kazzak,192,druid,feral,6,2,4
Bullhoezerx,silvermoon,192,druid,feral,6,2,4
Jimmyxdd,kazzak,192,druid,feral,6,2,4
Docdruid,outland,192,druid,feral,6,2,4
Jamaican,outland,192,druid,feral,6,2,4
Spidete,sanguino,192,druid,feral,9,2,7
Vanarea,argent-dawn,192,druid,feral,12,2,10
Ellaria,burning-legion,192,druid,feral,12,2,10
Trànsformer,nemesis,192,druid,feral,12,2,10
Speegle,kazzak,192,druid,feral,12,2,10
Gachal,kazzak,192,druid,feral,12,2,10
Naturexbot,silvermoon,192,druid,feral,12,2,10
Erelieva,silvermoon,192,druid,feral,12,2,10
Feralzeus,sylvanas,192,druid,feral,12,2,10
Nicotex,draenor,192,druid,feral,12,2,10
Amoveo,argent-dawn,192,druid,feral,12,2,10
Nkoyi,argent-dawn,192,druid,feral,12,2,10
Yoshia,shadowsong,192,druid,feral,12,2,10
Линнер,lich-king,192,druid,feral,12,2,10
Rasgath,kazzak,192,druid,feral,12,2,10
Affines,the-maelstrom,192,druid,feral,12,2,10
Aaune,argent-dawn,192,druid,feral,12,2,10
Razoremperor,tarren-mill,192,druid,feral,12,2,10
Chrîslol,twisting-nether,192,druid,feral,12,2,10
Tigerroll,kazzak,192,druid,feral,18,2,16
Teám,tarren-mill,192,druid,feral,18,2,16
Jompemanfish,stormscale,191,druid,feral,6,2,4
Muju,stormscale,191,druid,feral,6,2,4
Ôpium,eldrethalas,191,druid,feral,6,2,4
Nayato,draenor,191,druid,feral,12,2,10
Maaghera,silvermoon,191,druid,feral,18,2,16
Loriann,twisting-nether,191,druid,feral,18,2,16
Meuhtéki,hyjal,190,druid,feral,13,3,10
Avisa,blackhand,190,druid,feral,12,2,10
Cosiris,elune,190,druid,feral,12,2,10
Shadøwdruid,silvermoon,190,druid,feral,18,2,16
Ilyethea,earthen-ring,175,druid,feral,11,2,9
Неваляка,gordunni,159,druid,feral,5,2,3
Hiloqtdruid,blackmoore,159,druid,feral,5,2,3
Muryo,der-rat-von-dalaran,159,druid,feral,5,2,3
Korkskruven,draenor,159,druid,feral,5,2,3
Bearfôrceône,blackrock,159,druid,feral,11,2,9
Grawlex,silvermoon,159,druid,feral,11,2,9
Найадра,gordunni,144,druid,feral,9,2,7
Azaría,aegwynn,128,druid,feral,4,2,2
Baniaucygana,draenor,127,druid,feral,4,2,2
Wurnas,silvermoon,121,druid,feral,15,3,12
Epikeks,blackmoore,96,druid,feral,4,2,2
Dèxò,blackmoore,96,druid,feral,11,4,7
Moderntalkin,aegwynn,96,druid,feral,17,4,13
Tshungubuäch,eredar,96,druid,feral,6,1,5
Tael,argent-dawn,96,druid,feral,6,1,5
Strand,ragnaros,96,druid,feral,6,1,5
Арбузир,howling-fjord,96,druid,feral,6,1,5
Awán,aegwynn,96,druid,feral,6,1,5
Kuw,archimonde,96,druid,feral,6,1,5
Горртек,howling-fjord,96,druid,feral,6,1,5
Ãnimal,argent-dawn,96,druid,feral,6,1,5
Sabresheep,twisting-nether,96,druid,feral,6,1,5
Yabooni,ravencrest,96,druid,feral,6,1,5
Jellybra,tarren-mill,96,druid,feral,6,1,5
Steakotaur,chamber-of-aspects,96,druid,feral,6,1,5
Hccl,blackhand,96,druid,feral,6,1,5
Gurudru,tarren-mill,96,druid,feral,6,1,5
Théodên,dalaran,96,druid,feral,6,1,5
Axiu,kazzak,96,druid,feral,6,1,5
Taurendruid,the-maelstrom,96,druid,feral,6,1,5
Benfufu,kazzak,96,druid,feral,6,1,5
Plàntz,tarren-mill,96,druid,feral,6,1,5
Catgirlx,ravencrest,96,druid,feral,6,1,5
Malfurryon,drakthul,96,druid,feral,6,1,5
Пивч,soulflayer,96,druid,feral,6,1,5
Venomjr,bloodhoof,96,druid,feral,6,1,5
Legyna,ravencrest,96,druid,feral,6,1,5
Zinister,hyjal,96,druid,feral,6,1,5
Aahboom,draenor,96,druid,feral,6,1,5
Мурталор,soulflayer,96,druid,feral,6,1,5
Xenrakh,blackhand,96,druid,feral,6,1,5
Majesty,nagrand,96,druid,feral,6,1,5
Haragmancs,arathor,96,druid,feral,6,1,5
Хэрес,gordunni,96,druid,feral,6,1,5
Vaalya,hyjal,96,druid,feral,6,1,5
Mãui,blackhand,96,druid,feral,6,1,5
Seraxi,der-mithrilorden,96,druid,feral,6,1,5
Sempai,hyjal,96,druid,feral,6,1,5
Jamera,stormscale,96,druid,feral,6,1,5
Yarrp,stormscale,96,druid,feral,6,1,5
Cesty,silvermoon,96,druid,feral,6,1,5
Zðe,la-croisade-écarlate,96,druid,feral,6,1,5
Saliencias,kazzak,96,druid,feral,6,1,5
Ayatola,conseil-des-ombres,96,druid,feral,6,1,5
Nidrien,doomhammer,96,druid,feral,6,1,5
Albinoape,doomhammer,96,druid,feral,6,1,5
Ragnai,emerald-dream,96,druid,feral,6,1,5
Thaneo,blackmoore,96,druid,feral,6,1,5
Heav,kiljaeden,96,druid,feral,6,1,5
Sadskia,sanguino,96,druid,feral,6,1,5
Hyza,bronzebeard,96,druid,feral,6,1,5
Imsothorny,genjuros,96,druid,feral,6,1,5
Fabulous,genjuros,96,druid,feral,6,1,5
Maräanhatähr,silvermoon,96,druid,feral,6,1,5
Markuslanz,blackrock,96,druid,feral,6,1,5
Nakkikastike,magtheridon,96,druid,feral,12,1,11
Veyronn,burning-legion,96,druid,feral,12,1,11
Staness,khaz-modan,96,druid,feral,12,1,11
Farnae,kirin-tor,96,druid,feral,12,1,11
Mäywen,ravencrest,96,druid,feral,12,1,11
Taco,eredar,96,druid,feral,12,1,11
Bidodici,nemesis,95,druid,feral,6,1,5
Allîyâ,archimonde,79,druid,feral,5,1,4
Forigiver,draenor,64,druid,feral,4,1,3
Прокси,gordunni,64,druid,feral,4,1,3
Muffinjump,outland,64,druid,feral,4,1,3
Lycal,chogall,63,druid,feral,2,2,0
Aendy,tarren-mill,48,druid,feral,3,1,2
Wadles,draenor,48,druid,feral,3,1,2
Cus,tarren-mill,48,druid,feral,3,1,2
Domänia,onyxia,16,druid,feral,7,1,6
Maroxd,stormscale,2337,druid,balance,94,65,29
Fuséton,tarren-mill,2332,druid,balance,197,120,77
Merceý,ravencrest,2288,druid,balance,87,59,28
Immuz,kazzak,2271,druid,balance,131,73,58
Kaabeedo,ravencrest,2229,druid,balance,90,50,40
Bd,stormscale,2225,druid,balance,83,49,34
Wriong,ravencrest,2224,druid,balance,135,82,53
Batboomie,zuljin,2198,druid,balance,280,156,124
Crippaa,tarren-mill,2185,druid,balance,104,69,35
Wwboomy,kazzak,2185,druid,balance,114,59,55
Norgand,die-aldor,2173,druid,balance,42,33,9
Flanagân,hyjal,2171,druid,balance,60,36,24
Skivesnulle,kazzak,2155,druid,balance,197,100,97
Thelire,silvermoon,2149,druid,balance,298,158,140
Positivîty,stormscale,2142,druid,balance,162,97,65
Sleepyhallow,blackmoore,2142,druid,balance,100,58,42
Eôxxd,blackrock,2135,druid,balance,95,63,32
Deép,nazjatar,2134,druid,balance,90,47,43
Agagagagagag,ravencrest,2129,druid,balance,108,59,49
Vabore,twisting-nether,2128,druid,balance,78,44,34
Isatá,ravencrest,2123,druid,balance,66,42,24
Mopboomkin,twisting-nether,2122,druid,balance,78,45,33
Ackiz,ravencrest,2121,druid,balance,69,42,27
Shayia,aegwynn,2121,druid,balance,119,65,54
Jwrld,stormscale,2121,druid,balance,66,35,31
Bumkin,bloodhoof,2120,druid,balance,72,41,31
Kirexz,blackrock,2118,druid,balance,83,55,28
Feelstreeman,twisting-nether,2115,druid,balance,54,33,21
Ursulaboomer,blackrock,2113,druid,balance,96,55,41
Winkler,kazzak,2109,druid,balance,50,38,12
Broccoliboy,sylvanas,2109,druid,balance,108,58,50
Sadgeconvoke,draenor,2103,druid,balance,166,111,55
Бубаджек,howling-fjord,2102,druid,balance,48,31,17
Gulmi,outland,2088,druid,balance,105,64,41
Tmeister,kazzak,2081,druid,balance,108,62,46
Ôwlnur,kult-der-verdammten,2080,druid,balance,85,50,35
Mephîs,ravencrest,2078,druid,balance,76,49,27
Shåmss,kazzak,2077,druid,balance,48,31,17
Eviscreator,stormscale,2076,druid,balance,120,76,44
Turtleform,blackrock,2063,druid,balance,101,49,52
Rexonadudu,kazzak,2061,druid,balance,147,87,60
Gonyogonyo,blackmoore,2061,druid,balance,66,38,28
Antahka,archimonde,2057,druid,balance,60,34,26
Oskol,tarren-mill,2057,druid,balance,70,37,33
Shivany,twisting-nether,2052,druid,balance,130,66,64
Dudukid,nemesis,2051,druid,balance,126,71,55
Saufeb,stormscale,2045,druid,balance,101,60,41
Hammd,kazzak,2040,druid,balance,113,70,43
Nutsnack,tarren-mill,2039,druid,balance,78,38,40
Рейзакх,howling-fjord,2036,druid,balance,114,63,51
Zødzin,kazzak,2028,druid,balance,84,44,40
Владисзади,gordunni,2024,druid,balance,101,55,46
Dezarden,die-aldor,2022,druid,balance,51,36,15
Akinimod,ravencrest,2017,druid,balance,74,47,27
Méáckós,aegwynn,2016,druid,balance,134,66,68
Dincks,draenor,2015,druid,balance,89,54,35
Rootzxx,ravencrest,2012,druid,balance,96,56,40
Secrägodx,ragnaros,2010,druid,balance,78,48,30
Muhammadali,ravencrest,2010,druid,balance,60,34,26
Shakso,stormscale,2004,druid,balance,66,42,24
Bulla,culte-de-la-rive-noire,2004,druid,balance,118,74,44
Handsoff,stormscale,1997,druid,balance,162,84,78
Newaccount,kazzak,1995,druid,balance,108,67,41
Catchmê,archimonde,1993,druid,balance,62,36,26
Yore,tichondrius,1991,druid,balance,90,61,29
Klimakleber,ravencrest,1991,druid,balance,152,75,77
Bittebads,stormscale,1987,druid,balance,54,35,19
Imperiusx,ravencrest,1972,druid,balance,221,125,96
Karvajyrä,stormreaver,1969,druid,balance,240,135,105
Starsy,frostmane,1966,druid,balance,72,32,40
Win,hellscream,1964,druid,balance,90,50,40
ßa,blackmoore,1960,druid,balance,59,38,21
Uglyrasputin,blackmoore,1960,druid,balance,156,94,62
Pvekek,stormscale,1953,druid,balance,68,45,23
Aggroasian,tarren-mill,1952,druid,balance,263,144,119
Fiskmåsn,twisting-nether,1951,druid,balance,155,92,63
Transmangodx,tarren-mill,1950,druid,balance,78,48,30
Disvikz,outland,1950,druid,balance,66,38,28
Bákhar,ravencrest,1950,druid,balance,101,52,49
Qtkitty,outland,1946,druid,balance,224,127,97
Néllÿ,elune,1942,druid,balance,102,51,51
Narq,sylvanas,1940,druid,balance,78,49,29
Даирлин,gordunni,1940,druid,balance,118,59,59
Ganqb,ravencrest,1939,druid,balance,345,193,152
Didiee,kazzak,1938,druid,balance,102,58,44
Izhusky,ravencrest,1937,druid,balance,67,41,26
Cassiddyy,draenor,1937,druid,balance,78,45,33
Рябчиик,blackscar,1935,druid,balance,146,87,59
Slaugh,zuljin,1935,druid,balance,89,48,41
Wizzlafa,ravencrest,1930,druid,balance,76,44,32
Muufasa,blackmoore,1929,druid,balance,176,92,84
Kruwkamilka,burning-legion,1928,druid,balance,122,68,54
Tommyruin,the-venture-co,1925,druid,balance,70,43,27
Veonski,argent-dawn,1925,druid,balance,105,57,48
Flæppy,blackmoore,1925,druid,balance,151,77,74
Mooskie,draenor,1921,druid,balance,54,37,17
Fredhqt,tarren-mill,1918,druid,balance,59,37,22
Lifeseed,ravencrest,1918,druid,balance,47,26,21
Laker,stormscale,1915,druid,balance,91,52,39
Cmfg,blackrock,1913,druid,balance,56,37,19
Laserchicken,malganis,1913,druid,balance,161,80,81
Greenful,drakthul,1908,druid,balance,78,45,33
Trntydr,senjin,1906,druid,balance,41,30,11
Найттир,gordunni,1905,druid,balance,66,37,29
Moodý,aegwynn,1904,druid,balance,47,33,14
Стомпбр,gordunni,1899,druid,balance,72,44,28
Zendda,hyjal,1896,druid,balance,61,30,31
Эё,howling-fjord,1895,druid,balance,66,44,22
Malex,auchindoun,1895,druid,balance,54,32,22
Knùbz,ravencrest,1895,druid,balance,77,40,37
Rek,sanguino,1893,druid,balance,57,33,24
Votionex,tarren-mill,1891,druid,balance,64,38,26
Hppsr,eredar,1889,druid,balance,66,35,31
Небесныйхант,soulflayer,1887,druid,balance,77,42,35
Ghostpaws,ravencrest,1885,druid,balance,78,42,36
Kankstery,stormscale,1882,druid,balance,65,44,21
Crnkie,sylvanas,1880,druid,balance,60,37,23
Blopstar,stormscale,1879,druid,balance,54,34,20
Mdrgtwo,ravencrest,1877,druid,balance,47,34,13
Grässoppa,tarren-mill,1877,druid,balance,53,29,24
Sentería,sylvanas,1876,druid,balance,60,30,30
Вбг,soulflayer,1873,druid,balance,60,35,25
Øncê,durotan,1871,druid,balance,54,29,25
Rbgkári,draenor,1870,druid,balance,72,45,27
Tobid,blackrock,1869,druid,balance,48,36,12
Boomjutzu,kazzak,1866,druid,balance,42,25,17
Øsbura,silvermoon,1864,druid,balance,48,28,20
Hunkex,frostmane,1862,druid,balance,81,44,37
Punxybear,ravencrest,1861,druid,balance,249,128,121
Millions,tarren-mill,1860,druid,balance,108,70,38
Flanagàn,hyjal,1860,druid,balance,58,31,27
ßoomin,tarren-mill,1859,druid,balance,48,25,23
Maijs,ravencrest,1857,druid,balance,66,31,35
Peaches,aerie-peak,1856,druid,balance,59,41,18
Starbro,grim-batol,1856,druid,balance,48,27,21
Ööh,outland,1855,druid,balance,54,29,25
Emmdru,silvermoon,1854,druid,balance,101,63,38
Snøø,frostwolf,1854,druid,balance,66,40,26
Howgh,destromath,1854,druid,balance,180,94,86
Näela,archimonde,1850,druid,balance,54,27,27
Øhmygød,stormscale,1849,druid,balance,60,32,28
Tzeeni,stormscale,1847,druid,balance,35,28,7
Mesmerizing,ravencrest,1847,druid,balance,60,34,26
Credenz,frostmane,1845,druid,balance,90,52,38
Xora,kazzak,1845,druid,balance,197,106,91
Арадия,gordunni,1843,druid,balance,66,35,31
Gipi,ravencrest,1843,druid,balance,60,31,29
Tuttu,kazzak,1841,druid,balance,60,32,28
Hrz,kazzak,1839,druid,balance,79,50,29
Starfallkey,dun-modr,1839,druid,balance,99,61,38
Pluginbaby,stormscale,1838,druid,balance,64,41,23
Ccoco,aegwynn,1838,druid,balance,66,35,31
Tjillevippen,tarren-mill,1836,druid,balance,36,23,13
Nassii,antonidas,1836,druid,balance,162,99,63
Connydor,stormscale,1836,druid,balance,48,29,19
Metamoo,tarren-mill,1835,druid,balance,47,36,11
Atrosity,ravencrest,1835,druid,balance,66,40,26
Rivella,blackrock,1834,druid,balance,51,29,22
Zuterlø,ragnaros,1834,druid,balance,54,28,26
Jøkèr,outland,1833,druid,balance,53,30,23
Кирукхэ,gordunni,1832,druid,balance,36,28,8
Nuvemone,stormscale,1832,druid,balance,90,51,39
Limme,ravencrest,1831,druid,balance,64,45,19
Tárzáñ,ravencrest,1831,druid,balance,60,37,23
Ezeke,eredar,1830,druid,balance,160,79,81
Kenzia,stormrage,1829,druid,balance,42,28,14
Lóvebeam,ravencrest,1829,druid,balance,42,26,16
Rngmåchinéx,ravencrest,1827,druid,balance,109,74,35
Celtimi,antonidas,1826,druid,balance,30,23,7
Nyndrà,archimonde,1826,druid,balance,135,66,69
Carnivals,twisting-nether,1825,druid,balance,54,31,23
Зетзул,grom,1825,druid,balance,242,131,111
Dizay,xavius,1823,druid,balance,60,40,20
Bearpawzz,kazzak,1823,druid,balance,48,29,19
Faxotium,argent-dawn,1822,druid,balance,30,21,9
Djemdruid,argent-dawn,1822,druid,balance,42,27,15
Kaalil,argent-dawn,1822,druid,balance,72,40,32
Ciucciotutto,nemesis,1821,druid,balance,30,24,6
Kjøttberit,moonglade,1820,druid,balance,36,26,10
Okøë,marécage-de-zangar,1820,druid,balance,42,26,16
Hyac,the-maelstrom,1819,druid,balance,42,29,13
Alxzdru,auchindoun,1819,druid,balance,135,83,52
Хальтенис,gordunni,1819,druid,balance,58,34,24
Травкер,howling-fjord,1818,druid,balance,239,118,121
Sunshinex,silvermoon,1818,druid,balance,96,47,49
Captaïn,twisting-nether,1816,druid,balance,36,27,9
Lunahu,argent-dawn,1816,druid,balance,72,42,30
Astrobazooka,stormreaver,1815,druid,balance,77,48,29
Миртлэкшн,gordunni,1815,druid,balance,71,38,33
Gambós,kazzak,1814,druid,balance,35,24,11
Wrathgodx,aegwynn,1814,druid,balance,36,24,12
Tallu,das-konsortium,1812,druid,balance,60,38,22
Flanders,blackrock,1811,druid,balance,36,25,11
Bashmac,mugthol,1811,druid,balance,72,49,23
Superchïcken,archimonde,1809,druid,balance,36,23,13
Juicypus,ragnaros,1809,druid,balance,48,29,19
Ferawri,draenor,1808,druid,balance,42,24,18
Scaleo,stormreaver,1808,druid,balance,90,48,42
Icek,outland,1806,druid,balance,54,33,21
Gehrkehotter,silvermoon,1805,druid,balance,90,58,32
Meowcry,outland,1804,druid,balance,66,39,27
Solariah,garona,1804,druid,balance,143,84,59
Cøntrol,argent-dawn,1804,druid,balance,60,34,26
Ruetinjeri,blackmoore,1804,druid,balance,73,38,35
Xyzy,burning-legion,1803,druid,balance,84,45,39
Wrldx,twisting-nether,1802,druid,balance,106,61,45
Geîl,blackrock,1801,druid,balance,42,24,18
Daÿdream,ravencrest,1800,druid,balance,60,39,21
Eselhirte,blackhand,1800,druid,balance,45,27,18
Bastodonte,skullcrusher,1799,druid,balance,166,84,82
Klappskaft,outland,1791,druid,balance,35,20,15
Moonhusky,blackrock,1789,druid,balance,60,36,24
Gurru,xavius,1789,druid,balance,131,65,66
Andreud,dunemaul,1788,druid,balance,71,33,38
Ventrìx,alleria,1787,druid,balance,84,43,41
Айрокси,blackscar,1786,druid,balance,42,24,18
Neirdá,hyjal,1785,druid,balance,167,91,76
Longhornjohn,ragnaros,1784,druid,balance,58,33,25
Trekkertt,zuljin,1784,druid,balance,53,28,25
Euphørie,twisting-nether,1783,druid,balance,163,94,69
Dyroxs,twisting-nether,1782,druid,balance,112,56,56
Gudñ,tarren-mill,1781,druid,balance,59,36,23
Morlán,blackmoore,1777,druid,balance,30,19,11
Sylvy,dun-modr,1777,druid,balance,112,62,50
Darktigrou,archimonde,1775,druid,balance,30,21,9
Zkrd,kazzak,1774,druid,balance,61,33,28
Мягкийвисп,howling-fjord,1773,druid,balance,60,37,23
Abyssaldepth,ravencrest,1768,druid,balance,84,58,26
Malvakten,kazzak,1768,druid,balance,164,84,80
Skarbowka,burning-legion,1766,druid,balance,24,20,4
Shiftowl,tarren-mill,1766,druid,balance,36,25,11
Mirynn,elune,1766,druid,balance,127,64,63
Asinistar,ravencrest,1764,druid,balance,56,32,24
Сосисосочка,gordunni,1761,druid,balance,66,32,34
Escaa,stormscale,1757,druid,balance,36,21,15
Taylorshîft,burning-legion,1757,druid,balance,60,31,29
Babynaty,ravencrest,1756,druid,balance,158,77,81
Melyssea,argent-dawn,1751,druid,balance,53,29,24
Pneuma,xavius,1749,druid,balance,117,67,50
Подпивасникх,gordunni,1747,druid,balance,36,24,12
Mqs,stormscale,1746,druid,balance,68,45,23
Ånaðeårmas,outland,1746,druid,balance,77,47,30
Starcowx,ragnaros,1746,druid,balance,63,33,30
Drooshy,ravencrest,1744,druid,balance,27,20,7
Bøøstèdtréè,ravencrest,1743,druid,balance,90,52,38
Mochiløxz,tarren-mill,1741,druid,balance,116,69,47
Meowmf,silvermoon,1739,druid,balance,60,39,21
Dràkàn,dethecus,1739,druid,balance,42,24,18
Gallokiriko,zuljin,1738,druid,balance,66,32,34
Cyriaan,eredar,1737,druid,balance,95,53,42
Qtrly,ravencrest,1737,druid,balance,44,21,23
Zaoow,stormscale,1736,druid,balance,42,26,16
Fuzzylol,haomarush,1736,druid,balance,41,24,17
Leqt,ravencrest,1736,druid,balance,84,49,35
Connorz,blackmoore,1735,druid,balance,42,25,17
Elunælle,les-sentinelles,1733,druid,balance,63,39,24
Bigbaddream,stormscale,1733,druid,balance,60,34,26
Jenovas,argent-dawn,1730,druid,balance,63,32,31
Imaginarý,ravencrest,1729,druid,balance,29,19,10
Трэйкотик,blackscar,1728,druid,balance,71,41,30
Balanc,ragnaros,1727,druid,balance,106,60,46
Kribie,aegwynn,1725,druid,balance,36,25,11
Pultsarí,tarren-mill,1725,druid,balance,39,24,15
Pouletqt,archimonde,1723,druid,balance,42,21,21
Píøøx,tarren-mill,1722,druid,balance,84,53,31
Oommis,outland,1722,druid,balance,48,28,20
Pwnylol,teldrassil,1721,druid,balance,70,46,24
Calê,blackrock,1720,druid,balance,69,44,25
Даена,razuvious,1719,druid,balance,30,24,6
Hugeragê,stormreaver,1719,druid,balance,71,33,38
Kalgarm,burning-legion,1719,druid,balance,66,29,37
Quadpulse,ravencrest,1718,druid,balance,36,18,18
Björnskift,tarren-mill,1717,druid,balance,48,26,22
Elissian,silvermoon,1717,druid,balance,199,106,93
Shakeme,zuljin,1716,druid,balance,48,25,23
Pikatwo,tyrande,1715,druid,balance,24,18,6
Orangeterror,stormscale,1714,druid,balance,48,30,18
Lilpumpz,outland,1714,druid,balance,36,21,15
Онличикен,gordunni,1714,druid,balance,108,54,54
Afret,kazzak,1714,druid,balance,275,136,139
Лёхалепеха,gordunni,1713,druid,balance,60,36,24
Kabuul,dun-modr,1712,druid,balance,119,74,45
Владибой,gordunni,1712,druid,balance,36,18,18
Justyo,archimonde,1711,druid,balance,57,36,21
Bîjaqt,blackmoore,1710,druid,balance,30,18,12
Legitx,dentarg,1710,druid,balance,54,28,26
Ахисса,gordunni,1709,druid,balance,48,24,24
Kørra,dun-modr,1707,druid,balance,73,42,31
Slahnesh,aegwynn,1706,druid,balance,48,26,22
Nizkul,dun-modr,1705,druid,balance,49,30,19
Linkin,azshara,1704,druid,balance,102,53,49
Naturez,sylvanas,1704,druid,balance,74,37,37
Mikhaili,stormreaver,1703,druid,balance,30,18,12
Hyperbêast,aegwynn,1701,druid,balance,23,19,4
Kabôôm,stormscale,1701,druid,balance,36,21,15
Neufcinqq,archimonde,1700,druid,balance,39,26,13
Yinx,darksorrow,1699,druid,balance,42,25,17
Thardruid,stormscale,1699,druid,balance,72,42,30
Blanoz,ravencrest,1699,druid,balance,48,21,27
Htxo,kazzak,1698,druid,balance,30,18,12
Sartipus,draenor,1696,druid,balance,30,19,11
Raykk,culte-de-la-rive-noire,1696,druid,balance,30,18,12
Shàal,ysondre,1696,druid,balance,105,53,52
Låsèrpêwpéw,tarren-mill,1694,druid,balance,36,24,12
Друлякич,gordunni,1694,druid,balance,37,21,16
Pyaw,kazzak,1693,druid,balance,48,30,18
Suprachybre,arathi,1692,druid,balance,42,29,13
Néxct,stormscale,1688,druid,balance,36,22,14
Zerozerosex,archimonde,1686,druid,balance,54,25,29
Güccïmane,twisting-nether,1685,druid,balance,72,53,19
Cowgurl,stormscale,1682,druid,balance,48,27,21
Mäismz,hyjal,1680,druid,balance,54,37,17
Bambye,stormscale,1680,druid,balance,60,39,21
Macron,terokkar,1677,druid,balance,52,30,22
Broflovskii,tarren-mill,1677,druid,balance,54,23,31
Highonfire,grim-batol,1676,druid,balance,60,41,19
Restaidpvs,wildhammer,1676,druid,balance,42,23,19
Boomky,blackmoore,1676,druid,balance,39,19,20
Dotclass,outland,1675,druid,balance,44,25,19
Sylindra,argent-dawn,1673,druid,balance,70,43,27
Horadruid,silvermoon,1673,druid,balance,226,128,98
Угощаюх,howling-fjord,1672,druid,balance,29,22,7
Сибирячечка,greymane,1672,druid,balance,89,48,41
Воому,soulflayer,1668,druid,balance,30,22,8
Мэдикейт,soulflayer,1668,druid,balance,54,33,21
Drcaøs,sanguino,1668,druid,balance,84,47,37
Aleza,tarren-mill,1667,druid,balance,45,26,19
Æøøm,blackmoore,1667,druid,balance,89,48,41
Esrín,the-maelstrom,1667,druid,balance,84,45,39
Taurendruid,the-maelstrom,1664,druid,balance,72,39,33
Ahuevshiy,wildhammer,1662,druid,balance,36,25,11
Слоич,howling-fjord,1661,druid,balance,117,57,60
Brîvaëlle,silvermoon,1660,druid,balance,24,18,6
Яммаккаасии,grom,1660,druid,balance,42,22,20
Shapeshift,sanguino,1659,druid,balance,62,34,28
Møømøø,tarren-mill,1658,druid,balance,30,18,12
Kaïnak,dalaran,1657,druid,balance,48,25,23
Jamzydruid,kazzak,1657,druid,balance,72,37,35
Shaakm,nerathor,1656,druid,balance,54,32,22
Hilom,grim-batol,1656,druid,balance,36,21,15
Jaycutler,archimonde,1655,druid,balance,66,34,32
Svend,kazzak,1653,druid,balance,59,36,23
Settembre,ragnaros,1652,druid,balance,39,25,14
Shreedex,blackmoore,1651,druid,balance,66,41,25
Dreathqt,twisting-nether,1651,druid,balance,66,28,38
Troc,karazhan,1648,druid,balance,30,21,9
Kabòöóm,outland,1647,druid,balance,42,25,17
Grisdrood,draenor,1647,druid,balance,161,82,79
Zevis,outland,1646,druid,balance,90,49,41
Zeptune,tarren-mill,1645,druid,balance,66,28,38
Ampdru,ravencrest,1644,druid,balance,23,18,5
Hyunâ,dalaran,1644,druid,balance,48,30,18
Cantdonothig,ravencrest,1644,druid,balance,203,109,94
Twitchmoney,archimonde,1643,druid,balance,32,24,8
Øffroadz,blackmoore,1643,druid,balance,30,20,10
Мэдикейт,gordunni,1643,druid,balance,48,27,21
Chäz,sanguino,1642,druid,balance,44,34,10
Halouest,archimonde,1642,druid,balance,71,42,29
Pradasurge,ravencrest,1642,druid,balance,149,81,68
Ploho,blackmoore,1642,druid,balance,39,19,20
Goom,rexxar,1641,druid,balance,208,122,86
Фигарофигаро,gordunni,1641,druid,balance,66,35,31
Хотдиллер,howling-fjord,1639,druid,balance,30,20,10
Zapx,hyjal,1639,druid,balance,90,50,40
Drutro,hellfire,1639,druid,balance,54,27,27
Blood,frostwolf,1638,druid,balance,42,24,18
Shiftcaster,ravencrest,1638,druid,balance,48,22,26
Yarinai,blackmoore,1637,druid,balance,54,29,25
Obrys,tarren-mill,1637,druid,balance,42,21,21
Grafíx,blackrock,1636,druid,balance,30,18,12
Derfaï,kaelthas,1636,druid,balance,41,21,20
Deví,twilights-hammer,1634,druid,balance,48,30,18
Bobcup,tarren-mill,1634,druid,balance,91,52,39
Naturalbeef,argent-dawn,1634,druid,balance,40,22,18
Kënzo,ravencrest,1632,druid,balance,55,35,20
Knuffle,eredar,1631,druid,balance,82,52,30
Rekked,alleria,1631,druid,balance,42,23,19
Masakrelol,sanguino,1631,druid,balance,36,18,18
Felysae,kazzak,1630,druid,balance,24,17,7
Squirtdogx,drakthul,1630,druid,balance,30,17,13
Feralenjoyer,drakthul,1630,druid,balance,30,17,13
Hotsincee,stormscale,1629,druid,balance,97,54,43
Èøèøèøèøè,stormscale,1627,druid,balance,18,17,1
Vulkayn,ysondre,1627,druid,balance,42,22,20
Shyngodx,archimonde,1625,druid,balance,48,29,19
Kokslina,sylvanas,1625,druid,balance,41,19,22
Kkona,silvermoon,1624,druid,balance,77,41,36
Лсдспайсы,soulflayer,1623,druid,balance,36,21,15
Çhîñêséðrüîð,kazzak,1623,druid,balance,36,21,15
Durkdriven,kazzak,1623,druid,balance,45,24,21
Kittyexpress,arygos,1623,druid,balance,48,25,23
Мунстрайк,borean-tundra,1622,druid,balance,35,23,12
Храш,gordunni,1622,druid,balance,29,18,11
Светдру,blackscar,1621,druid,balance,24,17,7
Trinket,frostmane,1620,druid,balance,36,26,10
Kåmen,ravenholdt,1620,druid,balance,91,53,38
Moonzysunzy,sylvanas,1620,druid,balance,30,17,13
Landesverrat,kazzak,1619,druid,balance,24,21,3
Nastyclones,kazzak,1619,druid,balance,24,17,7
Døttore,garona,1619,druid,balance,122,63,59
Whisker,outland,1618,druid,balance,24,17,7
Youngdinozzo,dalaran,1618,druid,balance,35,23,12
Damigjat,sylvanas,1618,druid,balance,215,123,92
Mendorin,stormrage,1618,druid,balance,69,36,33
Ícekiss,hyjal,1617,druid,balance,30,24,6
Tâliah,silvermoon,1616,druid,balance,36,23,13
Haanook,ravencrest,1616,druid,balance,54,31,23
Ryuzu,aegwynn,1616,druid,balance,79,45,34
Fabuboomy,blackrock,1616,druid,balance,30,17,13
Panpanqcul,archimonde,1615,druid,balance,52,31,21
Boomykush,twisting-nether,1615,druid,balance,59,35,24
Âlhajillo,dun-modr,1615,druid,balance,30,17,13
Rwq,outland,1614,druid,balance,51,28,23
Stepgødx,twisting-nether,1614,druid,balance,36,17,19
Happybear,outland,1613,druid,balance,63,46,17
Exilara,twisting-nether,1612,druid,balance,61,38,23
Cptnclone,blackmoore,1612,druid,balance,66,33,33
Hornykarenn,bladefist,1611,druid,balance,24,17,7
Rá,outland,1611,druid,balance,32,22,10
Xenuss,kazzak,1611,druid,balance,36,22,14
Pëchy,aggra-português,1611,druid,balance,60,36,24
Åkømo,aegwynn,1610,druid,balance,36,21,15
Аласторвов,deathweaver,1610,druid,balance,60,28,32
Deadmeøw,outland,1609,druid,balance,34,21,13
Yuhor,outland,1609,druid,balance,136,71,65
Större,twisting-nether,1607,druid,balance,42,28,14
Doncy,ragnaros,1607,druid,balance,54,24,30
Sqoopy,tarren-mill,1606,druid,balance,36,27,9
Ryng,nagrand,1606,druid,balance,60,41,19
Porzi,eredar,1606,druid,balance,66,41,25
Lillevän,tarren-mill,1606,druid,balance,30,18,12
ßoom,antonidas,1606,druid,balance,35,19,16
Teaser,dun-modr,1606,druid,balance,48,26,22
Scamlafsen,ragnaros,1606,druid,balance,42,22,20
Milkywáys,draenor,1606,druid,balance,112,58,54
Neverpanic,stormscale,1605,druid,balance,30,21,9
Isylia,twisting-nether,1605,druid,balance,72,36,36
Rode,magtheridon,1604,druid,balance,129,75,54
Fantomasik,drakthul,1604,druid,balance,105,50,55
Memphiswhx,drakthul,1603,druid,balance,42,20,22
Dematos,forscherliga,1602,druid,balance,114,68,46
Eddiethepunk,ravencrest,1601,druid,balance,113,66,47
Mopferal,twisting-nether,1599,druid,balance,36,28,8
Каралесер,gordunni,1598,druid,balance,109,59,50
Bigtouch,draenor,1597,druid,balance,54,31,23
Suevlaki,ragnaros,1596,druid,balance,102,63,39
Eärendir,ravencrest,1595,druid,balance,84,47,37
Pewpewdruid,blackmoore,1595,druid,balance,120,65,55
Hashishi,grim-batol,1594,druid,balance,72,40,32
Malfurien,magtheridon,1593,druid,balance,30,17,13
Gotnaga,silvermoon,1592,druid,balance,24,17,7
Жизэ,galakrond,1591,druid,balance,30,22,8
Saltymoo,tarren-mill,1589,druid,balance,41,24,17
Ôp,aegwynn,1589,druid,balance,65,31,34
Xä,bloodscalp,1587,druid,balance,159,86,73
Veyronn,burning-legion,1586,druid,balance,48,25,23
Vitaex,blackrock,1585,druid,balance,30,20,10
Arecsne,turalyon,1583,druid,balance,44,24,20
Shamerika,tarren-mill,1583,druid,balance,35,18,17
Rhaf,argent-dawn,1582,druid,balance,84,51,33
Iamobito,blackmoore,1582,druid,balance,30,18,12
Kl,archimonde,1577,druid,balance,72,31,41
Goüsta,archimonde,1576,druid,balance,60,35,25
Зенза,howling-fjord,1576,druid,balance,36,19,17
Ittei,korgall,1575,druid,balance,36,22,14
Amoveo,argent-dawn,1574,druid,balance,56,31,25
Deepqt,kargath,1573,druid,balance,36,20,16
Merawr,ravencrest,1573,druid,balance,129,66,63
Сансплэш,lich-king,1572,druid,balance,24,20,4
Rivenx,ravencrest,1570,druid,balance,36,24,12
Alamâ,madmortem,1570,druid,balance,36,17,19
Stinkyicky,sylvanas,1569,druid,balance,36,25,11
Grisdrood,ragnaros,1569,druid,balance,36,21,15
Bôoze,nathrezim,1569,druid,balance,36,19,17
Frikolina,outland,1568,druid,balance,80,41,39
Hirmo,ragnaros,1567,druid,balance,36,20,16
Detü,blackrock,1566,druid,balance,34,20,14
Topfrag,outland,1566,druid,balance,42,22,20
Gretathnberg,ravencrest,1565,druid,balance,32,17,15
Izzi,arathor,1562,druid,balance,48,28,20
Elodìa,antonidas,1561,druid,balance,30,21,9
Hotlife,ravencrest,1559,druid,balance,55,29,26
Starcrash,amanthul,1559,druid,balance,60,28,32
Бонони,booty-bay,1558,druid,balance,48,22,26
Sequisha,tarren-mill,1555,druid,balance,30,17,13
Sweetner,outland,1553,druid,balance,52,34,18
Whiskers,emerald-dream,1553,druid,balance,67,36,31
Урркке,soulflayer,1552,druid,balance,48,29,19
Obsessíon,kazzak,1551,druid,balance,42,21,21
Баттнэйкед,gordunni,1551,druid,balance,83,41,42
Wildmistake,argent-dawn,1550,druid,balance,35,17,18
Potatodru,ragnaros,1549,druid,balance,30,17,13
Грибомания,soulflayer,1548,druid,balance,35,18,17
Кыцко,soulflayer,1546,druid,balance,63,32,31
Xirbtihs,stormscale,1544,druid,balance,26,17,9
Niul,aegwynn,1541,druid,balance,134,75,59
Telbo,ravencrest,1540,druid,balance,68,38,30
Algír,argent-dawn,1539,druid,balance,107,53,54
Batmòn,stormscale,1539,druid,balance,45,18,27
Spaceshift,magtheridon,1537,druid,balance,87,51,36
Lazerbinks,blackmoore,1536,druid,balance,29,18,11
Azurai,blackmoore,1536,druid,balance,60,31,29
Jazzme,aegwynn,1535,druid,balance,24,16,8
Winarchikxxl,tarren-mill,1535,druid,balance,164,86,78
Sagezza,draenor,1534,druid,balance,126,66,60
Druidflight,ravencrest,1534,druid,balance,48,24,24
Seboom,outland,1533,druid,balance,96,56,40
Maaw,tarren-mill,1533,druid,balance,42,23,19
Thaeris,outland,1531,druid,balance,28,17,11
Leathy,eredar,1531,druid,balance,48,29,19
Gstahr,taerar,1529,druid,balance,58,31,27
Monkeynight,ambossar,1529,druid,balance,35,18,17
Majokz,ravencrest,1529,druid,balance,70,34,36
Ljóskan,kazzak,1528,druid,balance,36,16,20
Ðelix,ysera,1527,druid,balance,56,33,23
Schannine,archimonde,1526,druid,balance,35,18,17
Zhof,ravencrest,1524,druid,balance,112,53,59
Lisbethqt,nemesis,1523,druid,balance,24,16,8
Healol,sanguino,1523,druid,balance,57,33,24
Crackfat,stormscale,1521,druid,balance,52,34,18
Бамболони,gordunni,1521,druid,balance,74,46,28
Mjáy,tarren-mill,1521,druid,balance,30,16,14
Chansnax,thrall,1519,druid,balance,52,29,23
Exca,stormscale,1519,druid,balance,54,28,26
Brainjuice,blackrock,1517,druid,balance,30,16,14
Ylmh,archimonde,1516,druid,balance,24,16,8
Elrroir,dun-modr,1516,druid,balance,42,24,18
Brokul,kazzak,1516,druid,balance,48,25,23
Àspro,hyjal,1515,druid,balance,24,16,8
Муниня,gordunni,1515,druid,balance,54,30,24
Beanery,aegwynn,1512,druid,balance,24,16,8
Opla,nethersturm,1510,druid,balance,40,27,13
Loethen,argent-dawn,1509,druid,balance,36,26,10
Notmyfriend,sylvanas,1509,druid,balance,35,24,11
Ðrpressure,blackrock,1508,druid,balance,120,72,48
Aetheris,varimathras,1508,druid,balance,50,24,26
Druidka,grim-batol,1507,druid,balance,42,20,22
Gurudru,tarren-mill,1505,druid,balance,96,41,55
Hollymedx,blackmoore,1504,druid,balance,44,26,18
Zømßie,outland,1500,druid,balance,62,32,30
Trylune,blackmoore,1498,druid,balance,30,17,13
Uptoyou,defias-brotherhood,1497,druid,balance,47,28,19
Brandyballix,twisting-nether,1497,druid,balance,92,45,47
Thcpositiv,aegwynn,1496,druid,balance,42,16,26
Gorthunx,kazzak,1494,druid,balance,28,19,9
Гнетея,howling-fjord,1494,druid,balance,53,30,23
Carismatic,blackmoore,1494,druid,balance,224,116,108
Symbiosa,silvermoon,1491,druid,balance,24,18,6
Diggear,doomhammer,1490,druid,balance,24,16,8
Duskdawn,xavius,1490,druid,balance,48,26,22
Vaizier,defias-brotherhood,1490,druid,balance,113,58,55
Nøny,gorgonnash,1489,druid,balance,48,28,20
Quorn,pozzo-delleternità,1489,druid,balance,59,28,31
Jarko,ysondre,1489,druid,balance,64,30,34
Chouwa,korgall,1488,druid,balance,41,28,13
Cupoftea,drakthul,1488,druid,balance,59,35,24
Duis,twilights-hammer,1488,druid,balance,44,22,22
Jöggel,perenolde,1485,druid,balance,30,21,9
Грандал,howling-fjord,1484,druid,balance,52,22,30
Arkatt,outland,1482,druid,balance,36,24,12
Kolt,rajaxx,1481,druid,balance,62,32,30
Pyqmi,stormscale,1479,druid,balance,36,23,13
Mahist,archimonde,1479,druid,balance,42,26,16
Yiradur,stormscale,1479,druid,balance,90,47,43
Demonbalance,silvermoon,1478,druid,balance,64,39,25
Séxycàt,ravencrest,1476,druid,balance,87,46,41
Moffwastaken,kazzak,1473,druid,balance,90,41,49
Kbdd,outland,1472,druid,balance,36,16,20
Мантоя,gordunni,1471,druid,balance,83,47,36
Kubzii,archimonde,1469,druid,balance,30,16,14
Prinzfarming,mugthol,1469,druid,balance,57,29,28
Muhz,nathrezim,1467,druid,balance,46,24,22
Ziele,the-maelstrom,1465,druid,balance,40,23,17
Chillerin,draenor,1465,druid,balance,42,23,19
Dypas,chogall,1464,druid,balance,24,17,7
Pfandmalle,blackrock,1464,druid,balance,36,24,12
Sefinana,malganis,1463,druid,balance,132,60,72
Meatwallet,defias-brotherhood,1460,druid,balance,41,24,17
Magiskeforme,draenor,1459,druid,balance,32,22,10
Entas,kazzak,1459,druid,balance,36,24,12
Catmøm,blackmoore,1459,druid,balance,46,27,19
Primdâhl,ravencrest,1459,druid,balance,60,31,29
Fiomy,blackhand,1458,druid,balance,47,36,11
Convokeboost,archimonde,1457,druid,balance,126,77,49
Itadorikun,silvermoon,1456,druid,balance,43,29,14
Xyiz,ravencrest,1456,druid,balance,62,35,27
Dabudi,kazzak,1455,druid,balance,57,32,25
Meganfoxdq,sanguino,1454,druid,balance,61,36,25
Шубаиздуба,howling-fjord,1454,druid,balance,54,31,23
Aègon,ravencrest,1454,druid,balance,78,43,35
Viverion,ravencrest,1454,druid,balance,48,25,23
Wildanomaly,argent-dawn,1454,druid,balance,58,29,29
Mianmar,silvermoon,1453,druid,balance,77,50,27
Kuhgucci,blackmoore,1451,druid,balance,30,16,14
Shedzokey,tarren-mill,1450,druid,balance,24,17,7
Aik,gorgonnash,1448,druid,balance,60,30,30
Karolg,tyrande,1448,druid,balance,63,30,33
Tawaraki,outland,1444,druid,balance,156,84,72
Møønhorn,nemesis,1444,druid,balance,74,36,38
Andjuga,doomhammer,1442,druid,balance,64,26,38
Dudana,argent-dawn,1441,druid,balance,48,29,19
Duridlol,nemesis,1439,druid,balance,18,15,3
Lappe,stormreaver,1439,druid,balance,30,15,15
Ferraridudux,ravencrest,1437,druid,balance,18,15,3
Shuffey,frostmane,1437,druid,balance,45,24,21
Hillarious,blackmoore,1435,druid,balance,29,18,11
Karodoom,twisting-nether,1435,druid,balance,71,38,33
Druiddamage,the-maelstrom,1434,druid,balance,206,111,95
Restouz,twisting-nether,1433,druid,balance,57,27,30
Restromide,ravencrest,1432,druid,balance,30,15,15
Skywíng,stormscale,1432,druid,balance,42,19,23
Tøyz,stormscale,1431,druid,balance,18,15,3
Blackfür,sylvanas,1431,druid,balance,80,36,44
Farmerone,tarren-mill,1430,druid,balance,90,53,37
Rasgath,kazzak,1430,druid,balance,250,133,117
Tonutc,sanguino,1430,druid,balance,51,25,26
Ibnform,archimonde,1429,druid,balance,18,15,3
Lxz,blackhand,1429,druid,balance,52,23,29
Kazuid,argent-dawn,1428,druid,balance,38,24,14
Крейзикет,eversong,1427,druid,balance,24,15,9
Seudoz,silvermoon,1425,druid,balance,36,21,15
Däkk,draenor,1425,druid,balance,72,32,40
Eloahdruid,blackhand,1424,druid,balance,33,21,12
Rassia,blackrock,1424,druid,balance,36,20,16
Anabola,frostwhisper,1423,druid,balance,24,15,9
Inghlo,blackmoore,1423,druid,balance,53,29,24
Mørshac,blackrock,1422,druid,balance,24,15,9
Редмун,soulflayer,1422,druid,balance,78,41,37
Wize,pozzo-delleternità,1422,druid,balance,56,27,29
Bàrathrum,blackrock,1421,druid,balance,30,15,15
Dantet,the-maelstrom,1421,druid,balance,30,15,15
Petiteorange,archimonde,1420,druid,balance,24,16,8
Rilak,nordrassil,1419,druid,balance,58,31,27
Fransman,sylvanas,1419,druid,balance,41,19,22
Salseo,uldum,1418,druid,balance,54,38,16
Kanataka,stormscale,1418,druid,balance,54,32,22
Sodapop,aszune,1418,druid,balance,83,46,37
Guthíx,silvermoon,1418,druid,balance,60,26,34
Chrevarraige,saurfang,1417,druid,balance,102,56,46
Skadruid,blackmoore,1417,druid,balance,36,16,20
Levéltetü,ragnaros,1416,druid,balance,24,15,9
Icetep,sargeras,1416,druid,balance,54,28,26
Cptsponksa,tarren-mill,1416,druid,balance,65,33,32
Carebearlol,frostmane,1416,druid,balance,42,17,25
Hypam,archimonde,1413,druid,balance,42,19,23
Pawel,defias-brotherhood,1411,druid,balance,96,45,51
Mogi,pozzo-delleternità,1411,druid,balance,69,32,37
Fruitdealer,antonidas,1410,druid,balance,42,23,19
Whythis,archimonde,1409,druid,balance,88,42,46
Madhatterr,kazzak,1406,druid,balance,48,28,20
Anahots,silvermoon,1406,druid,balance,51,24,27
Strinx,ragnaros,1404,druid,balance,72,45,27
Stìck,archimonde,1402,druid,balance,53,30,23
Pitbull,archimonde,1402,druid,balance,30,15,15
Boomalot,auchindoun,1399,druid,balance,48,25,23
Littleneo,ambossar,1398,druid,balance,41,19,22
Asterism,stormscale,1397,druid,balance,105,57,48
Ramgis,sanguino,1397,druid,balance,36,17,19
Czarnykocur,burning-legion,1396,druid,balance,78,43,35
Kylaaz,die-ewige-wacht,1394,druid,balance,27,16,11
Lyø,draenor,1394,druid,balance,68,38,30
Nujus,kazzak,1394,druid,balance,30,15,15
Almrudi,blackrock,1394,druid,balance,36,16,20
Ddggss,ragnaros,1393,druid,balance,31,18,13
Kénshin,blackhand,1392,druid,balance,30,15,15
Irishdemón,ravencrest,1391,druid,balance,84,45,39
Santoniq,dun-morogh,1388,druid,balance,145,72,73
Keynn,kazzak,1388,druid,balance,36,15,21
Джоннчек,gordunni,1385,druid,balance,40,26,14
Ðiàblos,nemesis,1383,druid,balance,66,39,27
Moonwatcher,blackrock,1382,druid,balance,73,40,33
Mayhh,ragnaros,1379,druid,balance,120,68,52
Rbgbear,blackhand,1379,druid,balance,41,22,19
Rédbull,outland,1379,druid,balance,70,36,34
Rexiehunty,aszune,1376,druid,balance,59,28,31
Тёмныйзверь,borean-tundra,1373,druid,balance,84,43,41
Bløødax,hyjal,1372,druid,balance,130,63,67
Neova,dun-modr,1371,druid,balance,57,29,28
Hackamore,archimonde,1371,druid,balance,36,16,20
Pø,blackrock,1371,druid,balance,59,26,33
Chrîslol,twisting-nether,1370,druid,balance,63,29,34
Darksbear,draenor,1368,druid,balance,24,16,8
Drøøkîé,antonidas,1368,druid,balance,66,37,29
Pøpp,archimonde,1367,druid,balance,23,15,8
Arreton,silvermoon,1365,druid,balance,22,15,7
Shìrò,kelthuzad,1365,druid,balance,48,24,24
Frodds,grim-batol,1363,druid,balance,18,16,2
Heanra,frostmane,1363,druid,balance,35,22,13
Insølitø,sanguino,1363,druid,balance,69,35,34
Hisoca,tarren-mill,1362,druid,balance,61,35,26
Nyetoo,dun-modr,1355,druid,balance,85,38,47
Ennelle,silvermoon,1353,druid,balance,38,23,15
Kørn,drakthul,1353,druid,balance,43,17,26
Zhroomx,blackmoore,1351,druid,balance,44,20,24
Xclonedotcom,aegwynn,1348,druid,balance,42,27,15
Druidere,outland,1348,druid,balance,66,32,34
Chúcky,twisting-nether,1345,druid,balance,37,20,17
Bum,ravencrest,1344,druid,balance,18,14,4
Juicew,stormscale,1343,druid,balance,18,14,4
Divref,tarren-mill,1343,druid,balance,18,14,4
Broxisqt,blackrock,1343,druid,balance,24,14,10
Wenciorek,kazzak,1343,druid,balance,36,17,19
Melby,tarren-mill,1343,druid,balance,30,14,16
Krtt,tarren-mill,1343,druid,balance,105,47,58
Suppencaster,frostwolf,1342,druid,balance,18,14,4
Rosskemp,tarren-mill,1342,druid,balance,18,14,4
Pôpcorn,ragnaros,1342,druid,balance,54,33,21
Стампид,blackscar,1342,druid,balance,70,38,32
Embrangle,silvermoon,1341,druid,balance,18,14,4
Ravneskrig,ravencrest,1340,druid,balance,18,14,4
Druidboss,tarren-mill,1340,druid,balance,72,39,33
Zâe,archimonde,1339,druid,balance,24,14,10
Treesus,blackrock,1339,druid,balance,24,14,10
Huxleyys,draenor,1339,druid,balance,24,14,10
Seysso,silvermoon,1339,druid,balance,66,29,37
Kalthazar,twisting-nether,1338,druid,balance,24,14,10
Hadoukan,ravencrest,1337,druid,balance,35,21,14
Threesixnìne,dun-morogh,1337,druid,balance,36,14,22
Insanexp,antonidas,1336,druid,balance,18,14,4
Arrakiz,sanguino,1336,druid,balance,41,30,11
Nuqa,thrall,1336,druid,balance,21,15,6
Illebra,defias-brotherhood,1336,druid,balance,24,14,10
Heav,kiljaeden,1335,druid,balance,24,16,8
Ketama,sylvanas,1335,druid,balance,48,23,25
Beamgødx,thrall,1333,druid,balance,22,15,7
Забурсчу,howling-fjord,1333,druid,balance,30,20,10
Ххансолл,gordunni,1331,druid,balance,104,57,47
Sheâ,nemesis,1331,druid,balance,103,56,47
Soward,la-croisade-écarlate,1331,druid,balance,38,17,21
Oiseth,tarren-mill,1331,druid,balance,42,18,24
Sanaponic,burning-legion,1329,druid,balance,24,14,10
Kroaxs,draenor,1328,druid,balance,64,36,28
Couleaf,stormscale,1327,druid,balance,25,17,8
Wazam,kazzak,1325,druid,balance,26,19,7
Nømat,defias-brotherhood,1325,druid,balance,72,41,31
Catsgomeow,outland,1325,druid,balance,30,15,15
Экстазиус,borean-tundra,1321,druid,balance,42,14,28
Boomzter,frostmane,1319,druid,balance,36,16,20
Кекичшрекич,soulflayer,1318,druid,balance,54,25,29
Wildthing,blackmoore,1316,druid,balance,44,25,19
Pavesino,nemesis,1315,druid,balance,24,15,9
Megaball,sylvanas,1314,druid,balance,66,39,27
Silvix,blackrock,1314,druid,balance,30,14,16
Bashfui,draenor,1311,druid,balance,24,14,10
Усыильвиры,soulflayer,1309,druid,balance,30,14,16
Альмазар,lich-king,1306,druid,balance,54,27,27
Haginator,twisting-nether,1306,druid,balance,90,43,47
Fouser,shattered-hand,1305,druid,balance,30,14,16
Solarian,ravencrest,1304,druid,balance,42,26,16
Adizero,blackrock,1303,druid,balance,25,15,10
Elonax,eredar,1302,druid,balance,26,17,9
Шадарлогот,gordunni,1300,druid,balance,90,52,38
Droodfarm,hyjal,1300,druid,balance,46,26,20
Velnens,shattered-halls,1299,druid,balance,48,23,25
Zeifana,khaz-modan,1297,druid,balance,30,18,12
Callmev,hyjal,1294,druid,balance,18,14,4
Likwidator,stormscale,1293,druid,balance,41,20,21
Kittenmitten,ragnaros,1293,druid,balance,58,27,31
Buhuu,blackmoore,1290,druid,balance,48,21,27
Quiksx,blackrock,1286,druid,balance,43,20,23
Weisslogia,aegwynn,1286,druid,balance,48,18,30
Ralokian,drakthul,1285,druid,balance,53,34,19
Storpboom,drakthul,1285,druid,balance,66,37,29
Thielyy,blackmoore,1284,druid,balance,24,15,9
Limmiited,ravencrest,1284,druid,balance,42,24,18
Aryitu,blackrock,1282,druid,balance,44,21,23
Fhi,antonidas,1281,druid,balance,42,23,19
Myex,exodar,1280,druid,balance,30,14,16
Астраджет,gordunni,1279,druid,balance,30,15,15
Slurmms,sylvanas,1278,druid,balance,114,70,44
Fluffeh,doomhammer,1277,druid,balance,24,14,10
Кашаган,howling-fjord,1277,druid,balance,33,17,16
Zerofrenzy,hyjal,1277,druid,balance,48,17,31
Corrupthz,outland,1276,druid,balance,23,14,9
Meezy,ragnaros,1273,druid,balance,30,15,15
Rektjin,stormscale,1273,druid,balance,42,17,25
Àsúnâ,eredar,1272,druid,balance,42,15,27
Chugs,draenor,1271,druid,balance,30,16,14
Hardí,tarren-mill,1268,druid,balance,60,28,32
Kunya,tarren-mill,1267,druid,balance,66,28,38
Melyo,blackmoore,1265,druid,balance,36,21,15
Vulyr,outland,1265,druid,balance,42,21,21
Petju,darksorrow,1262,druid,balance,48,21,27
Æîîs,blackrock,1261,druid,balance,36,18,18
Киллиманжаро,howling-fjord,1261,druid,balance,98,47,51
Bambøué,khaz-modan,1260,druid,balance,24,14,10
Ilovedruid,forscherliga,1259,druid,balance,34,15,19
Hushorde,twisting-nether,1259,druid,balance,48,17,31
Makelsi,tarren-mill,1258,druid,balance,24,14,10
Fillet,aggra-português,1257,druid,balance,20,15,5
Rullader,draenor,1255,druid,balance,36,23,13
Нэйроуз,howling-fjord,1254,druid,balance,95,49,46
Medreas,argent-dawn,1253,druid,balance,71,46,25
Xora,aegwynn,1252,druid,balance,29,16,13
Ðãddy,ravencrest,1251,druid,balance,26,17,9
Tygra,blackrock,1248,druid,balance,18,13,5
Whêylon,ragnaros,1247,druid,balance,24,13,11
Rozi,draenor,1247,druid,balance,24,13,11
Valijan,blackrock,1247,druid,balance,28,14,14
Triskelion,burning-legion,1246,druid,balance,18,13,5
Mariss,chogall,1246,druid,balance,30,18,12
Mazalot,kazzak,1246,druid,balance,25,14,11
Ymagyne,frostmane,1246,druid,balance,24,13,11
Výragosa,der-rat-von-dalaran,1246,druid,balance,24,13,11
Xkirtach,dun-modr,1245,druid,balance,24,13,11
Stb,outland,1245,druid,balance,24,13,11
Frenkoz,outland,1244,druid,balance,18,13,5
Hotdóts,outland,1244,druid,balance,18,13,5
Eranor,archimonde,1243,druid,balance,18,13,5
Smittly,bloodhoof,1243,druid,balance,36,17,19
Guccicken,garona,1242,druid,balance,18,13,5
Uglydruid,drakthul,1242,druid,balance,56,32,24
Cioaralba,sylvanas,1242,druid,balance,24,13,11
Sazo,elune,1242,druid,balance,24,13,11
Clonorrhea,tarren-mill,1242,druid,balance,24,13,11
Kittyboomy,burning-blade,1242,druid,balance,63,30,33
Holziger,azshara,1241,druid,balance,18,13,5
Матумбо,razuvious,1240,druid,balance,234,110,124
Fangornn,outland,1239,druid,balance,30,13,17
Smuktøs,twisting-nether,1238,druid,balance,27,17,10
Buurzalbai,drakthul,1236,druid,balance,24,13,11
Yomosh,eredar,1235,druid,balance,30,14,16
Lèafy,silvermoon,1234,druid,balance,25,13,12
Mindruid,kazzak,1233,druid,balance,24,13,11
Amici,eredar,1232,druid,balance,24,13,11
Мунмунмун,gordunni,1229,druid,balance,43,19,24
Patchlølx,blackmoore,1228,druid,balance,21,15,6
Kermit,die-aldor,1228,druid,balance,24,13,11
Psycloniac,ravencrest,1228,druid,balance,24,13,11
Vrill,kazzak,1228,druid,balance,75,38,37
Oxox,defias-brotherhood,1227,druid,balance,24,14,10
Dudmæster,blackmoore,1227,druid,balance,27,14,13
Dêesse,archimonde,1221,druid,balance,36,18,18
Rayðii,archimonde,1219,druid,balance,44,24,20
Àlec,silvermoon,1217,druid,balance,114,61,53
Artío,the-maelstrom,1215,druid,balance,69,32,37
Vasilona,sanguino,1211,druid,balance,24,13,11
Мяурицао,howling-fjord,1210,druid,balance,92,51,41
Antiseptik,ysondre,1210,druid,balance,30,14,16
Cagaboliches,sanguino,1208,druid,balance,30,14,16
Eliaster,ysondre,1204,druid,balance,30,18,12
Bénjî,khazgoroth,1201,druid,balance,30,15,15
Abercrombx,thrall,1199,druid,balance,26,14,12
Shåmssz,kazzak,1194,druid,balance,20,15,5
Suitti,ravencrest,1191,druid,balance,23,13,10
Trollisha,mannoroth,1191,druid,balance,32,17,15
Mascraxx,earthen-ring,1191,druid,balance,67,33,34
Suranaelle,argent-dawn,1190,druid,balance,38,19,19
Fantaclause,tarren-mill,1184,druid,balance,112,52,60
Chulainn,sylvanas,1181,druid,balance,24,18,6
Deadmorph,ysondre,1178,druid,balance,27,14,13
Avior,eonar,1178,druid,balance,47,14,33
Farodiin,blackmoore,1177,druid,balance,48,18,30
Larbre,dalaran,1176,druid,balance,43,29,14
Forestrun,sylvanas,1174,druid,balance,30,17,13
Fey,stormrage,1174,druid,balance,35,13,22
Altix,blackmoore,1172,druid,balance,42,22,20
Cowárd,blackmoore,1172,druid,balance,26,13,13
Toxida,antonidas,1169,druid,balance,52,26,26
Maelinou,archimonde,1168,druid,balance,36,19,17
Сейтил,deathguard,1167,druid,balance,55,23,32
Ærîs,garona,1167,druid,balance,35,14,21
Whísperclaw,ravencrest,1166,druid,balance,24,13,11
Wartôn,blackhand,1161,druid,balance,34,19,15
Certton,arakarahm,1161,druid,balance,69,31,38
Bearcosby,burning-legion,1160,druid,balance,23,13,10
Northstar,sylvanas,1156,druid,balance,18,13,5
Gnotten,thunderhorn,1154,druid,balance,23,13,10
Conn,ravencrest,1153,druid,balance,27,16,11
Clonecity,ravencrest,1152,druid,balance,12,12,0
Lêviàthäñ,blackhand,1152,druid,balance,24,12,12
Minado,outland,1151,druid,balance,12,12,0
Vârima,ravencrest,1151,druid,balance,18,12,6
Øwlkin,ravencrest,1151,druid,balance,24,12,12
Friidaf,lightbringer,1151,druid,balance,24,12,12
Xerlog,thrall,1150,druid,balance,18,12,6
Хрофт,blackscar,1150,druid,balance,27,12,15
Owenwilson,twisting-nether,1149,druid,balance,18,12,6
Hymìr,silvermoon,1149,druid,balance,23,12,11
ßalmain,nethersturm,1148,druid,balance,30,17,13
Deblin,ragnaros,1148,druid,balance,41,23,18
Calambius,blackhand,1148,druid,balance,24,12,12
Leafsandstuf,ragnaros,1147,druid,balance,18,12,6
Wolfhealer,blackmoore,1147,druid,balance,30,16,14
Mnqn,ravencrest,1146,druid,balance,18,12,6
Ashär,kirin-tor,1146,druid,balance,75,33,42
Malammore,burning-legion,1144,druid,balance,48,33,15
Dancingrain,ravencrest,1144,druid,balance,24,12,12
Meuhtéki,hyjal,1143,druid,balance,18,12,6
Criaø,blackrock,1143,druid,balance,24,12,12
Ðoxi,draenor,1143,druid,balance,108,49,59
Requinymph,ravencrest,1141,druid,balance,24,12,12
Loriann,twisting-nether,1141,druid,balance,75,36,39
Jeesman,sylvanas,1140,druid,balance,60,29,31
Ibêx,blackmoore,1139,druid,balance,18,12,6
Gardenstate,silvermoon,1139,druid,balance,30,18,12
Shiotake,hyjal,1139,druid,balance,24,12,12
Zoxen,nefarian,1138,druid,balance,30,12,18
Bztémor,archimonde,1137,druid,balance,24,12,12
Дайтеполено,howling-fjord,1137,druid,balance,58,25,33
Tankis,dalaran,1132,druid,balance,39,25,14
Quoting,ravencrest,1132,druid,balance,29,12,17
Ohndankalan,kazzak,1128,druid,balance,30,12,18
Exactt,blackrock,1119,druid,balance,36,13,23
Tjoepert,azjolnerub,1117,druid,balance,72,28,44
Scottparker,sylvanas,1115,druid,balance,18,12,6
Bluebanana,bronzebeard,1115,druid,balance,31,13,18
Jabah,silvermoon,1111,druid,balance,18,12,6
Braokhull,stormscale,1111,druid,balance,30,14,16
Morlas,kazzak,1111,druid,balance,50,22,28
Hightotem,hakkar,1104,druid,balance,29,16,13
Ooxx,rashgarroth,1104,druid,balance,29,12,17
Rrayed,kazzak,1103,druid,balance,18,12,6
Ruberg,kazzak,1091,druid,balance,21,12,9
Amalou,ravencrest,1091,druid,balance,54,27,27
Бруан,gordunni,1088,druid,balance,41,20,21
Исмалат,howling-fjord,1088,druid,balance,51,24,27
Saabeq,hyjal,1082,druid,balance,20,12,8
Vaacku,stormreaver,1082,druid,balance,22,12,10
Bearhúg,kazzak,1082,druid,balance,29,12,17
Orchard,silvermoon,1080,druid,balance,24,13,11
Dobradoonga,exodar,1072,druid,balance,21,13,8
Alethorn,twisting-nether,1070,druid,balance,13,12,1
Buckshee,doomhammer,1066,druid,balance,47,25,22
Cubir,turalyon,1065,druid,balance,23,12,11
Elmunia,ravencrest,1065,druid,balance,29,14,15
Exiztenz,deathwing,1062,druid,balance,36,18,18
Colibrix,ravencrest,1057,druid,balance,56,20,36
Dakotaboomer,ravencrest,1056,druid,balance,18,11,7
Drmoe,blackmoore,1055,druid,balance,15,12,3
Gigacooker,ravencrest,1055,druid,balance,18,11,7
Høtpøket,ravencrest,1055,druid,balance,18,11,7
Buckmysallz,archimonde,1055,druid,balance,18,11,7
Shiffe,argent-dawn,1055,druid,balance,18,11,7
Píps,ravencrest,1055,druid,balance,18,11,7
Págánxø,kazzak,1054,druid,balance,18,11,7
Thundruid,archimonde,1054,druid,balance,18,11,7
Deetaa,eredar,1054,druid,balance,18,11,7
Teddyxbear,nefarian,1054,druid,balance,18,11,7
Drutiful,outland,1052,druid,balance,24,11,13
Pórts,kazzak,1051,druid,balance,24,11,13
Bigpopp,kazzak,1050,druid,balance,18,11,7
Taylorshift,argent-dawn,1050,druid,balance,18,11,7
Aimwaré,ravencrest,1050,druid,balance,24,11,13
Soguu,thrall,1049,druid,balance,18,11,7
Snedden,silvermoon,1049,druid,balance,24,11,13
Skyphi,silvermoon,1048,druid,balance,18,11,7
Tongá,draenor,1048,druid,balance,24,11,13
Alterejuv,ravencrest,1047,druid,balance,30,11,19
Hengst,laughing-skull,1046,druid,balance,24,11,13
Tchoubouléru,throkferoth,1045,druid,balance,36,13,23
Rorugo,sanguino,1044,druid,balance,18,11,7
Høtbøx,aegwynn,1044,druid,balance,33,11,22
Мутаборец,howling-fjord,1043,druid,balance,32,18,14
Hárty,tarren-mill,1035,druid,balance,24,11,13
Anerol,arthas,1031,druid,balance,36,19,17
Stêvé,silvermoon,1030,druid,balance,18,11,7
Diepauline,aegwynn,1030,druid,balance,42,22,20
Dudukush,eredar,1029,druid,balance,43,19,24
Ronî,arthas,1028,druid,balance,30,11,19
Кулунхе,soulflayer,1027,druid,balance,18,11,7
Smexim,dalaran,1026,druid,balance,47,25,22
Søfiaa,argent-dawn,1022,druid,balance,71,38,33
Bearhugzz,outland,1022,druid,balance,95,50,45
Nightingalee,stormscale,1018,druid,balance,24,12,12
Ambracer,silvermoon,1016,druid,balance,29,12,17
Bullmarkets,kazzak,1013,druid,balance,24,12,12
Лякокля,soulflayer,1013,druid,balance,30,12,18
Медведяра,howling-fjord,1009,druid,balance,35,16,19
Yolobolo,ragnaros,1007,druid,balance,17,11,6
Happysw,thrall,1006,druid,balance,38,11,27
Иггдрасиль,gordunni,1001,druid,balance,17,11,6
Ледруд,gordunni,991,druid,balance,26,11,15
Chadru,magtheridon,988,druid,balance,20,11,9
Skvll,silvermoon,987,druid,balance,26,11,15
Two,silvermoon,982,druid,balance,48,20,28
Bulvai,medivh,979,druid,balance,14,11,3
Nàaz,stormscale,960,druid,balance,12,10,2
Ноунэймбич,blackscar,960,druid,balance,12,10,2
Vamix,aegwynn,960,druid,balance,12,10,2
Bigfeeder,ravencrest,960,druid,balance,12,10,2
Nätsügødxqt,archimonde,960,druid,balance,12,10,2
Djfukface,ravencrest,960,druid,balance,18,10,8
Beutow,archimonde,960,druid,balance,18,10,8
Shroomdoom,ravencrest,960,druid,balance,24,10,14
Feralisser,ravencrest,959,druid,balance,12,10,2
Brovis,sylvanas,959,druid,balance,12,10,2
Ateli,kazzak,959,druid,balance,15,11,4
Ultrapoulet,archimonde,959,druid,balance,18,10,8
Slâkkxz,kazzak,959,druid,balance,18,10,8
Littlecok,blackmoore,959,druid,balance,18,10,8
Crunchtime,ragnaros,959,druid,balance,18,10,8
Tiktokstar,blackrock,959,druid,balance,18,10,8
Zarune,sanguino,959,druid,balance,18,10,8
Stalkdro,elune,959,druid,balance,18,10,8
Alessàsavage,nemesis,959,druid,balance,18,10,8
Veganvapex,draenor,959,druid,balance,18,10,8
Häggrä,dalaran,959,druid,balance,18,10,8
Sün,kazzak,959,druid,balance,18,10,8
Thepuma,dun-modr,958,druid,balance,12,10,2
Gallorath,draenor,958,druid,balance,18,10,8
Pèps,dalaran,958,druid,balance,18,10,8
Éatshiftndie,tarren-mill,958,druid,balance,18,10,8
Nelíno,twisting-nether,958,druid,balance,18,10,8
Barbielolz,archimonde,958,druid,balance,18,10,8
Хастла,galakrond,958,druid,balance,18,10,8
Élán,sylvanas,958,druid,balance,24,10,14
Elatadru,silvermoon,958,druid,balance,24,10,14
Coldleans,kazzak,957,druid,balance,12,10,2
Verenai,bloodfeather,957,druid,balance,12,10,2
Smøuler,sanguino,957,druid,balance,18,10,8
Ykg,twisting-nether,957,druid,balance,18,10,8
Gbq,ravencrest,957,druid,balance,18,10,8
Báco,dun-modr,957,druid,balance,24,10,14
Nefariz,dun-modr,956,druid,balance,18,10,8
Dingeren,stormscale,955,druid,balance,18,10,8
Feral,mazrigos,955,druid,balance,18,10,8
Sajlol,doomhammer,955,druid,balance,18,10,8
Hauntie,kazzak,954,druid,balance,18,10,8
Gluqt,outland,953,druid,balance,18,10,8
Zac,quelthalas,953,druid,balance,18,10,8
Bolskigg,stormreaver,953,druid,balance,24,10,14
Оудин,blackscar,952,druid,balance,18,10,8
Kaspurr,ravencrest,951,druid,balance,12,10,2
Hypnosoad,outland,951,druid,balance,24,10,14
Yeahbuddeh,draenor,951,druid,balance,28,11,17
Yepnesse,khaz-modan,946,druid,balance,18,10,8
Resthunor,draenor,935,druid,balance,18,10,8
Darisom,alexstrasza,931,druid,balance,141,73,68
Naone,silvermoon,929,druid,balance,24,10,14
Kotomer,defias-brotherhood,926,druid,balance,108,38,70
Calistane,silvermoon,926,druid,balance,69,24,45
Numberonebs,silvermoon,925,druid,balance,17,10,7
Жибка,howling-fjord,925,druid,balance,20,11,9
Revølter,kazzak,921,druid,balance,26,11,15
Zindaya,blades-edge,918,druid,balance,20,11,9
Saxondale,aszune,918,druid,balance,30,14,16
Mööñ,hyjal,917,druid,balance,16,11,5
Cöyote,hyjal,916,druid,balance,54,28,26
Kakaiy,shadowsong,916,druid,balance,78,39,39
Суггуторр,howling-fjord,909,druid,balance,87,42,45
Mushröøms,nemesis,904,druid,balance,27,13,14
Древнина,gordunni,901,druid,balance,21,10,11
Dao,aegwynn,893,druid,balance,20,10,10
Aastal,uldaman,876,druid,balance,25,10,15
Aggibääm,blackhand,868,druid,balance,24,12,12
Juvencus,twisting-nether,864,druid,balance,12,9,3
Slaskêt,tarren-mill,864,druid,balance,12,9,3
Lodikum,defias-brotherhood,864,druid,balance,12,9,3
Bakkú,ravencrest,864,druid,balance,12,9,3
Rudabaebey,draenor,864,druid,balance,12,9,3
Yshára,darkmoon-faire,864,druid,balance,12,9,3
Lazermonster,tarren-mill,864,druid,balance,12,9,3
Nevermeldx,blackrock,864,druid,balance,12,9,3
Bmybmybmybmy,outland,864,druid,balance,12,9,3
Rnkx,sanguino,864,druid,balance,12,9,3
Claynoe,blackmoore,864,druid,balance,15,10,5
Cowxoxo,twisting-nether,864,druid,balance,18,9,9
Tronchetto,nemesis,864,druid,balance,24,9,15
Óffstér,kazzak,864,druid,balance,36,9,27
Pezuñera,sanguino,863,druid,balance,12,9,3
Merq,ravencrest,863,druid,balance,12,9,3
Gòrgoth,pozzo-delleternità,863,druid,balance,12,9,3
Füsselviech,frostwolf,863,druid,balance,12,9,3
Óðinn,stormscale,863,druid,balance,12,9,3
Jengá,nagrand,863,druid,balance,12,9,3
Aolynk,twisting-nether,863,druid,balance,12,9,3
Morphael,ravencrest,863,druid,balance,18,9,9
Laødinay,hyjal,863,druid,balance,18,9,9
Croquetoro,sanguino,863,druid,balance,18,9,9
Nönö,tarren-mill,863,druid,balance,18,9,9
Lockied,eredar,863,druid,balance,18,9,9
Empi,sanguino,863,druid,balance,18,9,9
Bxxmkin,draenor,862,druid,balance,12,9,3
Jabbah,defias-brotherhood,862,druid,balance,18,9,9
Ábomínatíon,draenor,862,druid,balance,18,9,9
Metaboss,ravencrest,862,druid,balance,18,9,9
Qocotte,archimonde,862,druid,balance,18,9,9
Mercmydude,ravencrest,862,druid,balance,18,9,9
Angharradh,arthas,862,druid,balance,18,9,9
Амахасла,deathweaver,861,druid,balance,12,9,3
Gúccî,blackrock,861,druid,balance,12,9,3
Кортанус,gordunni,861,druid,balance,15,10,5
Noctilus,steamwheedle-cartel,861,druid,balance,18,9,9
Quza,lightbringer,861,druid,balance,18,9,9
Fruntimmern,sylvanas,861,druid,balance,18,9,9
Maurana,sylvanas,861,druid,balance,24,9,15
Spoco,defias-brotherhood,860,druid,balance,18,9,9
Drocos,genjuros,860,druid,balance,18,9,9
Rumjin,burning-blade,859,druid,balance,18,9,9
Corias,blackmoore,859,druid,balance,36,9,27
Kucsmagoomba,ragnaros,857,druid,balance,28,10,18
Grizzlyhills,silvermoon,856,druid,balance,12,9,3
Lunably,silvermoon,855,druid,balance,18,9,9
Balzàc,ravencrest,853,druid,balance,18,9,9
Trickpotato,terrordar,849,druid,balance,18,9,9
Máximus,blades-edge,844,druid,balance,30,9,21
Tombenuit,tarren-mill,843,druid,balance,18,9,9
Rockymarci,dalaran,840,druid,balance,12,9,3
Katharo,kult-der-verdammten,839,druid,balance,36,9,27
Tarâkings,outland,832,druid,balance,18,9,9
Lasertipu,tarren-mill,830,druid,balance,17,9,8
Théodên,dalaran,830,druid,balance,128,57,71
Сомеваск,deathweaver,830,druid,balance,23,9,14
Eikthyrson,nozdormu,829,druid,balance,16,10,6
Pretender,arathi,829,druid,balance,22,9,13
Tôrmêñtêd,outland,815,druid,balance,17,9,8
Ishaqu,bladefist,815,druid,balance,23,9,14
Nuggetspøwa,dalaran,814,druid,balance,17,9,8
Pikamoo,kazzak,799,druid,balance,17,9,8
Wildrice,blackhand,798,druid,balance,20,9,11
Fréki,ravenholdt,791,druid,balance,20,9,11
Meillaeth,sylvanas,768,druid,balance,12,8,4
Citróne,blackrock,768,druid,balance,12,8,4
Phobidru,thrall,768,druid,balance,12,8,4
Rifthy,nemesis,768,druid,balance,12,8,4
Sifferx,stormscale,768,druid,balance,12,8,4
Ðíør,ravencrest,768,druid,balance,12,8,4
Pjuske,silvermoon,768,druid,balance,12,8,4
Soofiaa,ravencrest,768,druid,balance,12,8,4
Kissaey,emeriss,768,druid,balance,12,8,4
Replicusowl,doomhammer,768,druid,balance,12,8,4
Ethiqd,aegwynn,768,druid,balance,12,8,4
Yiriy,baelgun,768,druid,balance,12,8,4
Positivity,stormscale,768,druid,balance,12,8,4
Elgatos,kazzak,768,druid,balance,12,8,4
Kikïnøu,garona,768,druid,balance,12,8,4
Клыкояр,goldrinn,768,druid,balance,12,8,4
Everdreamx,arathor,768,druid,balance,12,8,4
Jometatile,hyjal,768,druid,balance,12,8,4
Trytargetme,outland,768,druid,balance,12,8,4
Flukeyz,draenor,768,druid,balance,12,8,4
Renzay,ysondre,768,druid,balance,12,8,4
Emochicken,silvermoon,768,druid,balance,15,9,6
Mønrøe,ravencrest,768,druid,balance,15,9,6
Réhagen,archimonde,768,druid,balance,18,8,10
Epicplays,sylvanas,768,druid,balance,18,8,10
Boompjeh,chamber-of-aspects,768,druid,balance,18,8,10
Fabutwo,blackrock,768,druid,balance,18,8,10
Commonsense,kazzak,768,druid,balance,18,8,10
Malolepszy,burning-legion,768,druid,balance,18,8,10
Superpoulet,archimonde,768,druid,balance,18,8,10
Tulleku,azjolnerub,767,druid,balance,12,8,4
Sebikboomie,ravencrest,767,druid,balance,12,8,4
Kheleñ,blackrock,767,druid,balance,14,8,6
Ilovehannah,laughing-skull,767,druid,balance,18,8,10
Loswochos,blackmoore,767,druid,balance,18,8,10
Bigsmoké,die-aldor,767,druid,balance,18,8,10
Arydan,quelthalas,767,druid,balance,18,8,10
Екфта,gordunni,767,druid,balance,18,8,10
Bogahcan,twisting-nether,767,druid,balance,18,8,10
Drazefin,twisting-nether,767,druid,balance,24,8,16
Voorhess,blackmoore,767,druid,balance,24,8,16
Schebäb,blackhand,767,druid,balance,24,8,16
Benzinoid,silvermoon,766,druid,balance,12,8,4
Stormspirit,hellscream,766,druid,balance,12,8,4
Humanoidpt,aggra-português,766,druid,balance,12,8,4
Obois,archimonde,766,druid,balance,18,8,10
Doomkin,tichondrius,766,druid,balance,18,8,10
Wainl,hyjal,766,druid,balance,18,8,10
Lendron,malygos,766,druid,balance,23,8,15
Darthiud,outland,765,druid,balance,12,8,4
Machie,argent-dawn,765,druid,balance,18,8,10
When,kirin-tor,765,druid,balance,18,8,10
Arenshimoon,kazzak,765,druid,balance,18,8,10
Rinjindin,eredar,765,druid,balance,18,8,10
Zaratras,arathor,765,druid,balance,18,8,10
Druice,tyrande,763,druid,balance,12,8,4
Anchoring,argent-dawn,763,druid,balance,22,9,13
Blesya,ravencrest,763,druid,balance,24,8,16
Laiquaril,ravencrest,762,druid,balance,25,8,17
Sároman,ravencrest,761,druid,balance,24,8,16
Kizilbuka,ragnaros,756,druid,balance,12,8,4
Flume,chromaggus,754,druid,balance,18,8,10
Putzé,blackrock,749,druid,balance,20,8,12
Fakers,the-maelstrom,747,druid,balance,12,8,4
Ратататата,blackscar,734,druid,balance,14,9,5
Yaendra,dun-modr,722,druid,balance,17,8,9
Laylie,aegwynn,719,druid,balance,17,8,9
Maw,hellfire,717,druid,balance,11,8,3
Darkillaa,anetheron,717,druid,balance,17,8,9
Cörelly,ravencrest,715,druid,balance,15,9,6
Ohpfo,outland,703,druid,balance,11,8,3
Caltvalai,ravencrest,703,druid,balance,16,8,8
Durtidikdave,kazzak,703,druid,balance,17,8,9
Rønièl,tarren-mill,702,druid,balance,11,8,3
Papalegba,kilrogg,700,druid,balance,14,8,6
Tease,blackrock,672,druid,balance,12,7,5
Qyoon,argent-dawn,672,druid,balance,12,7,5
Mommymìlkers,archimonde,672,druid,balance,12,7,5
Locite,blackrock,672,druid,balance,12,7,5
Амераки,blackscar,672,druid,balance,12,7,5
Thornat,chamber-of-aspects,672,druid,balance,12,7,5
Fatfingerx,blackrock,672,druid,balance,12,7,5
Glúingél,tarren-mill,672,druid,balance,12,7,5
Shapees,sylvanas,672,druid,balance,12,7,5
Rofyx,twisting-nether,672,druid,balance,12,7,5
Hajlol,sylvanas,672,druid,balance,12,7,5
Kÿara,khaz-modan,672,druid,balance,12,7,5
Cotangens,tarren-mill,672,druid,balance,12,7,5
Kosadoodoo,sylvanas,672,druid,balance,12,7,5
Noggelicious,ragnaros,672,druid,balance,12,7,5
Twerkdabooty,azjolnerub,672,druid,balance,12,7,5
Yseraheal,drakthul,672,druid,balance,12,7,5
Trønchetto,nemesis,672,druid,balance,12,7,5
Harrydòtter,eredar,672,druid,balance,12,7,5
Owlcápown,ravencrest,672,druid,balance,12,7,5
Roroa,ravencrest,672,druid,balance,12,7,5
Mythiaran,argent-dawn,672,druid,balance,12,7,5
Deeizm,ravencrest,672,druid,balance,12,7,5
Yungtrappy,stormscale,672,druid,balance,12,7,5
Hïrøshïmå,malganis,672,druid,balance,12,7,5
Lörex,ravencrest,672,druid,balance,12,7,5
Delarion,nemesis,672,druid,balance,12,7,5
Owlbum,grim-batol,672,druid,balance,12,7,5
Sweedrood,hyjal,672,druid,balance,12,7,5
Klørfem,draenor,672,druid,balance,12,7,5
Schneéeule,blackrock,672,druid,balance,12,7,5
Surlax,defias-brotherhood,672,druid,balance,12,7,5
Pansaa,stormscale,672,druid,balance,15,8,7
Núri,lordaeron,672,druid,balance,18,7,11
Merfje,karazhan,672,druid,balance,18,7,11
Yungle,stormscale,672,druid,balance,18,7,11
Нортикус,soulflayer,672,druid,balance,18,7,11
Auches,argent-dawn,672,druid,balance,18,7,11
Avimoo,tarren-mill,672,druid,balance,18,7,11
Skirr,kelthuzad,672,druid,balance,18,7,11
Redyogurt,outland,672,druid,balance,18,7,11
Lilim,culte-de-la-rive-noire,672,druid,balance,18,7,11
Ravenfang,dun-modr,672,druid,balance,18,7,11
Kielorn,stormscale,671,druid,balance,12,7,5
Alexuwu,draenor,671,druid,balance,12,7,5
Rikayn,tarren-mill,671,druid,balance,12,7,5
Найадра,gordunni,671,druid,balance,12,7,5
Jatto,magtheridon,671,druid,balance,12,7,5
Maruuk,argent-dawn,671,druid,balance,12,7,5
Fesenjon,blackhand,671,druid,balance,18,7,11
Sháko,dun-modr,671,druid,balance,18,7,11
Fleq,antonidas,671,druid,balance,18,7,11
Felfran,ravencrest,671,druid,balance,18,7,11
Thunderzeus,mazrigos,671,druid,balance,18,7,11
Pansarbamse,outland,671,druid,balance,19,7,12
Släshes,stormreaver,670,druid,balance,12,7,5
Taskingoman,twisting-nether,670,druid,balance,12,7,5
Bulma,dun-modr,670,druid,balance,18,7,11
Challi,nordrassil,669,druid,balance,18,7,11
Sabresheep,twisting-nether,669,druid,balance,24,7,17
Thyanya,blackmoore,668,druid,balance,18,7,11
Drrestospec,tarren-mill,665,druid,balance,12,7,5
Freshener,antonidas,665,druid,balance,12,7,5
Thrynitie,les-sentinelles,663,druid,balance,12,7,5
Kawaíï,frostwolf,659,druid,balance,26,10,16
Ånåphorå,archimonde,624,druid,balance,15,7,8
Nille,tarren-mill,617,druid,balance,14,8,6
Blazek,sylvanas,617,druid,balance,14,8,6
Kidawi,frostwolf,617,druid,balance,16,8,8
Bubidiblumdr,twisting-nether,605,druid,balance,16,7,9
Rtfz,ravencrest,591,druid,balance,13,7,6
Qpoof,sylvanas,576,druid,balance,6,6,0
Teebeidl,tarren-mill,576,druid,balance,6,6,0
Moler,hyjal,576,druid,balance,6,6,0
Ухухуня,gordunni,576,druid,balance,6,6,0
Jerie,silvermoon,576,druid,balance,6,6,0
Nancey,auchindoun,576,druid,balance,12,6,6
Salvaga,outland,576,druid,balance,12,6,6
Nomilkforyou,steamwheedle-cartel,576,druid,balance,12,6,6
Pælter,draenor,576,druid,balance,12,6,6
Thefudge,silvermoon,576,druid,balance,12,6,6
Naturexbot,silvermoon,576,druid,balance,12,6,6
Kivimon,dun-modr,576,druid,balance,12,6,6
Fishanchips,archimonde,576,druid,balance,12,6,6
Degnosaur,outland,576,druid,balance,12,6,6
Islandbôy,blackrock,576,druid,balance,12,6,6
Зулкхаку,soulflayer,576,druid,balance,12,6,6
Vongihkuhher,blackmoore,576,druid,balance,12,6,6
Inbml,silvermoon,576,druid,balance,12,6,6
Illmíndofboo,twisting-nether,576,druid,balance,12,6,6
Knozylg,kazzak,576,druid,balance,12,6,6
Мунпраид,gordunni,576,druid,balance,12,6,6
Seraxi,der-mithrilorden,576,druid,balance,12,6,6
Teryx,blackmoore,576,druid,balance,12,6,6
Valoruk,ravencrest,576,druid,balance,12,6,6
Kahar,eredar,576,druid,balance,12,6,6
Kamenká,aegwynn,576,druid,balance,12,6,6
Лунныйфилин,deathguard,576,druid,balance,12,6,6
Diolives,stormscale,576,druid,balance,12,6,6
Quinten,ulduar,576,druid,balance,12,6,6
Sarkophag,blackrock,576,druid,balance,12,6,6
Forthis,frostmane,576,druid,balance,12,6,6
Ashkaxx,ragnaros,576,druid,balance,12,6,6
Mentaldead,tarren-mill,576,druid,balance,12,6,6
Clone,aegwynn,576,druid,balance,12,6,6
Wrx,sylvanas,576,druid,balance,12,6,6
Shoca,die-ewige-wacht,576,druid,balance,12,6,6
Layle,argent-dawn,576,druid,balance,12,6,6
Talressian,argent-dawn,576,druid,balance,12,6,6
Dyuuna,hyjal,576,druid,balance,12,6,6
Raízun,blackmoore,576,druid,balance,12,6,6
Bane,dun-modr,576,druid,balance,12,6,6
Featherfeet,kazzak,576,druid,balance,18,6,12
Doncaino,amanthul,576,druid,balance,18,6,12
Smedoge,outland,576,druid,balance,18,6,12
Applestrudle,blackrock,576,druid,balance,24,6,18
Praythysun,khaz-modan,575,druid,balance,12,6,6
Raxona,blackmoore,575,druid,balance,12,6,6
Tekal,vashj,575,druid,balance,12,6,6
Gruvkatt,stormscale,575,druid,balance,12,6,6
Orazien,ravencrest,575,druid,balance,12,6,6
Òniz,hyjal,575,druid,balance,12,6,6
Natoro,outland,575,druid,balance,12,6,6
Robinchwän,archimonde,575,druid,balance,18,6,12
Shag,archimonde,575,druid,balance,18,6,12
Moonsama,twisting-nether,575,druid,balance,18,6,12
Lúthiëñ,silvermoon,575,druid,balance,24,6,18
Momaa,neptulon,574,druid,balance,12,6,6
Shainá,dun-modr,574,druid,balance,12,6,6
Raciness,grim-batol,574,druid,balance,12,6,6
Тиликум,goldrinn,574,druid,balance,12,6,6
Видди,soulflayer,574,druid,balance,18,6,12
Жекакотик,eversong,574,druid,balance,24,6,18
Månljuset,outland,573,druid,balance,12,6,6
Kittasek,drakthul,572,druid,balance,12,6,6
Tarantinonon,kazzak,572,druid,balance,18,6,12
Metamorfurio,arthas,571,druid,balance,12,6,6
Delfin,aerie-peak,563,druid,balance,21,7,14
Thaiboimbyy,veknilash,558,druid,balance,29,10,19
Duwaz,blackmoore,543,druid,balance,14,7,7
Ancientix,burning-legion,543,druid,balance,17,6,11
Aionx,ravencrest,527,druid,balance,11,6,5
Lyøñ,dun-modr,527,druid,balance,11,6,5
Atbõs,stormscale,527,druid,balance,11,6,5
Humizon,silvermoon,522,druid,balance,15,7,8
Bubadruid,silvermoon,512,druid,balance,8,7,1
Khålêd,kazzak,480,druid,balance,6,5,1
Fapmasterx,eredar,480,druid,balance,6,5,1
Hashtagone,ysondre,480,druid,balance,6,5,1
Svartvit,sylvanas,480,druid,balance,6,5,1
Опущеныйкелх,gordunni,480,druid,balance,6,5,1
Maladorf,draenor,480,druid,balance,6,5,1
Smølboi,ravencrest,480,druid,balance,6,5,1
Ferdiboo,draenor,480,druid,balance,6,5,1
Fäcker,blackhand,480,druid,balance,6,5,1
Tubi,darksorrow,480,druid,balance,6,5,1
Súçúkbøømíe,aegwynn,480,druid,balance,6,5,1
Sofiadrood,stormreaver,480,druid,balance,6,5,1
Формен,howling-fjord,480,druid,balance,6,5,1
Tåylor,laughing-skull,480,druid,balance,6,5,1
Хлайси,gordunni,480,druid,balance,6,5,1
Vëgâñgøðx,ragnaros,480,druid,balance,6,5,1
Füllxtrap,hyjal,480,druid,balance,6,5,1
Huayhey,the-maelstrom,480,druid,balance,6,5,1
Stkk,sanguino,480,druid,balance,6,5,1
Cowieowie,draenor,480,druid,balance,6,5,1
Pinkpanda,arthas,480,druid,balance,6,5,1
Xoap,kazzak,480,druid,balance,6,5,1
Bighike,drakthul,480,druid,balance,6,5,1
Murdok,suramar,480,druid,balance,6,5,1
Deepak,nemesis,480,druid,balance,6,5,1
Corkiri,tarren-mill,480,druid,balance,6,5,1
Smøkyyd,eredar,480,druid,balance,6,5,1
Xtremeterror,blackmoore,480,druid,balance,6,5,1
Corkiy,tarren-mill,480,druid,balance,6,5,1
Eñzo,stormscale,480,druid,balance,6,5,1
Felicìty,draenor,480,druid,balance,6,5,1
Doup,alakir,480,druid,balance,12,5,7
Snoxy,wrathbringer,480,druid,balance,12,5,7
Yabbah,blackrock,480,druid,balance,12,5,7
Yunød,silvermoon,480,druid,balance,12,5,7
Grîsh,burning-legion,480,druid,balance,12,5,7
Acwi,dun-morogh,480,druid,balance,12,5,7
Kovalawa,archimonde,480,druid,balance,12,5,7
Mîraculix,dun-morogh,480,druid,balance,12,5,7
Yadon,the-maelstrom,480,druid,balance,12,5,7
Shreddies,the-maelstrom,480,druid,balance,12,5,7
Blark,sylvanas,480,druid,balance,12,5,7
Goated,stormscale,480,druid,balance,12,5,7
Elayria,blackmoore,480,druid,balance,12,5,7
Zomgcow,twisting-nether,480,druid,balance,12,5,7
Lifecycle,nemesis,480,druid,balance,12,5,7
Elrandir,tarren-mill,480,druid,balance,12,5,7
Флексим,soulflayer,480,druid,balance,12,5,7
Лолэтохег,soulflayer,480,druid,balance,12,5,7
Liiandri,khaz-modan,480,druid,balance,12,5,7
Quin,frostwolf,480,druid,balance,12,5,7
Dremdra,draenor,480,druid,balance,12,5,7
Eýesburn,silvermoon,480,druid,balance,12,5,7
Kittyperry,blackmoore,480,druid,balance,12,5,7
Còwgummi,blackhand,480,druid,balance,12,5,7
Bafere,twisting-nether,480,druid,balance,12,5,7
Pròtodrù,twisting-nether,480,druid,balance,12,5,7
Zebår,runetotem,480,druid,balance,12,5,7
Angrykejton,silvermoon,480,druid,balance,12,5,7
Naturina,shattered-hand,480,druid,balance,12,5,7
Fofosdru,kazzak,480,druid,balance,12,5,7
Krathar,kazzak,480,druid,balance,12,5,7
Balanced,blackhand,480,druid,balance,12,5,7
Blueedood,twisting-nether,480,druid,balance,12,5,7
Legyna,ravencrest,480,druid,balance,12,5,7
Vodibull,aegwynn,480,druid,balance,15,6,9
Qïx,outland,480,druid,balance,15,6,9
Lemonjohn,outland,480,druid,balance,14,5,9
Aloraysoda,doomhammer,480,druid,balance,18,5,13
Xaeia,aegwynn,479,druid,balance,6,5,1
Lootmann,die-silberne-hand,479,druid,balance,6,5,1
Trollskee,draenor,479,druid,balance,12,5,7
Larsia,nordrassil,479,druid,balance,12,5,7
Forigiver,draenor,479,druid,balance,12,5,7
Biologie,onyxia,479,druid,balance,12,5,7
Betol,das-konsortium,479,druid,balance,12,5,7
Elfsu,ravencrest,479,druid,balance,12,5,7
Músclébéach,silvermoon,479,druid,balance,18,5,13
Тахикамару,blackscar,479,druid,balance,18,5,13
Lysende,arathor,478,druid,balance,12,5,7
Чепенкос,gordunni,478,druid,balance,12,5,7
Барли,grom,478,druid,balance,16,6,10
Eyune,tarren-mill,478,druid,balance,18,5,13
Druvian,argent-dawn,478,druid,balance,24,5,19
Iamramen,blackmoore,477,druid,balance,30,5,25
Zenkay,naxxramas,476,druid,balance,16,6,10
Iskaarjx,archimonde,463,druid,balance,11,5,6
Chouan,marécage-de-zangar,457,druid,balance,21,7,14
Freakyo,blackrock,447,druid,balance,11,5,6
Пушистаялапа,blackscar,446,druid,balance,10,6,4
Athenã,blackmoore,446,druid,balance,17,5,12
Pine,aggramar,415,druid,balance,8,5,3
Foxîo,frostmane,415,druid,balance,8,5,3
Mlyzioz,ahnqiraj,414,druid,balance,8,5,3
Narkiza,blackhand,384,druid,balance,6,4,2
Fzx,aegwynn,384,druid,balance,6,4,2
Kattbjörnen,ragnaros,384,druid,balance,6,4,2
Ðevilwhite,nemesis,384,druid,balance,6,4,2
Kasugia,aegwynn,384,druid,balance,6,4,2
Izzyb,draenor,384,druid,balance,6,4,2
Vregord,twisting-nether,384,druid,balance,6,4,2
Lolaven,turalyon,384,druid,balance,6,4,2
Sunisan,stormscale,384,druid,balance,6,4,2
Fordragos,ravencrest,384,druid,balance,6,4,2
Seasexsune,antonidas,384,druid,balance,6,4,2
Msb,the-maelstrom,384,druid,balance,6,4,2
Daluria,malganis,384,druid,balance,6,4,2
Мариантус,greymane,384,druid,balance,6,4,2
Borticow,sanguino,384,druid,balance,6,4,2
Mylanqx,ragnaros,384,druid,balance,6,4,2
Kkriss,stormscale,384,druid,balance,6,4,2
Dikc,twisting-nether,384,druid,balance,6,4,2
Bearygrylls,sylvanas,384,druid,balance,6,4,2
Zootxd,ravencrest,384,druid,balance,6,4,2
Buikstuk,kilrogg,384,druid,balance,6,4,2
Pathetik,archimonde,384,druid,balance,6,4,2
Cpt,xavius,384,druid,balance,6,4,2
Oomhammer,darkspear,384,druid,balance,6,4,2
Freshpussyz,ravencrest,384,druid,balance,6,4,2
Rawr,dun-morogh,384,druid,balance,6,4,2
Wotahn,antonidas,384,druid,balance,6,4,2
Drufar,outland,384,druid,balance,6,4,2
Mâlcøm,archimonde,384,druid,balance,6,4,2
Weremyst,outland,384,druid,balance,6,4,2
Amellian,silvermoon,384,druid,balance,6,4,2
Dermegon,outland,384,druid,balance,6,4,2
Anpassad,outland,384,druid,balance,6,4,2
Bigbitez,kazzak,384,druid,balance,6,4,2
Rugsul,kazzak,384,druid,balance,6,4,2
Izzual,tarren-mill,384,druid,balance,6,4,2
Lakersinfive,argent-dawn,384,druid,balance,6,4,2
Vertabrain,twilights-hammer,384,druid,balance,6,4,2
Allîyâ,archimonde,384,druid,balance,6,4,2
Ragingmilker,tarren-mill,384,druid,balance,6,4,2
Xvmon,draenor,384,druid,balance,6,4,2
Ekologiskxx,outland,384,druid,balance,6,4,2
Jeaylqt,archimonde,384,druid,balance,6,4,2
Treebearded,agamaggan,384,druid,balance,6,4,2
Shiftmeow,tarren-mill,384,druid,balance,6,4,2
Druikraut,silvermoon,384,druid,balance,6,4,2
Mahwi,das-konsortium,384,druid,balance,6,4,2
Фамай,howling-fjord,384,druid,balance,8,4,4
Isuckdruid,aegwynn,384,druid,balance,12,4,8
Astralbody,auchindoun,384,druid,balance,12,4,8
Meretrizx,kazzak,384,druid,balance,12,4,8
Tmhaikyu,blackhand,384,druid,balance,12,4,8
Catten,sylvanas,384,druid,balance,12,4,8
Мукару,howling-fjord,384,druid,balance,12,4,8
Ibroninad,ragnaros,384,druid,balance,12,4,8
Yee,twisting-nether,384,druid,balance,12,4,8
Alanpapi,sanguino,384,druid,balance,12,4,8
Veijari,deathwing,384,druid,balance,12,4,8
Hugepepega,ravencrest,384,druid,balance,12,4,8
Tønychopper,sanguino,384,druid,balance,12,4,8
Sixtyinches,burning-blade,384,druid,balance,12,4,8
Piiti,burning-legion,384,druid,balance,12,4,8
Fortuma,eredar,384,druid,balance,12,4,8
Achre,thunderhorn,384,druid,balance,12,4,8
Axrae,ravencrest,384,druid,balance,12,4,8
Màlàkaii,hyjal,384,druid,balance,12,4,8
Lorucka,die-nachtwache,384,druid,balance,12,4,8
Царапкатян,gordunni,384,druid,balance,12,4,8
Феразинария,gordunni,384,druid,balance,12,4,8
Astracat,korgall,384,druid,balance,12,4,8
Druidytrudy,blackrock,384,druid,balance,12,4,8
Губкобоб,galakrond,384,druid,balance,16,4,12
Vigôuróuz,blackmoore,383,druid,balance,6,4,2
Herten,tarren-mill,383,druid,balance,6,4,2
Храмульчик,blackscar,383,druid,balance,6,4,2
Mongwau,blackrock,383,druid,balance,6,4,2
Celebras,chogall,383,druid,balance,6,4,2
Fluke,thrall,383,druid,balance,11,4,7
Moonpouk,archimonde,383,druid,balance,12,4,8
Ondope,blackmoore,383,druid,balance,12,4,8
Summertearz,thrall,383,druid,balance,12,4,8
Blablábla,silvermoon,383,druid,balance,12,4,8
Катафей,deathguard,382,druid,balance,6,4,2
Billybobb,dentarg,377,druid,balance,19,8,11
Ráw,dun-modr,367,druid,balance,11,4,7
Blakemonster,khaz-modan,351,druid,balance,8,5,3
Nightshaðe,argent-dawn,351,druid,balance,11,4,7
Zybri,ragnaros,351,druid,balance,11,4,7
Jaiyen,ravencrest,351,druid,balance,11,4,7
Blownaway,outland,336,druid,balance,9,4,5
Sketit,grim-batol,335,druid,balance,11,4,7
Hilliax,sanguino,330,druid,balance,13,5,8
Martinesämst,outland,320,druid,balance,10,4,6
Eclipße,silvermoon,319,druid,balance,5,4,1
Opathecool,bladefist,319,druid,balance,5,4,1
Holyconvoke,stormscale,319,druid,balance,5,4,1
Mehgyver,ravencrest,319,druid,balance,8,4,4
Chøpzjr,blackrock,288,druid,balance,6,3,3
Ullainho,stormscale,288,druid,balance,6,3,3
Drester,blackrock,288,druid,balance,6,3,3
Ellüna,ravencrest,288,druid,balance,6,3,3
Maelkan,sanguino,288,druid,balance,6,3,3
Блинчек,gordunni,288,druid,balance,6,3,3
Кеорл,gordunni,288,druid,balance,6,3,3
Néøu,archimonde,288,druid,balance,6,3,3
Maldrýn,stormscale,288,druid,balance,6,3,3
Hð,blackmoore,288,druid,balance,6,3,3
Svantte,stormreaver,288,druid,balance,6,3,3
Исканет,gordunni,288,druid,balance,6,3,3
Bäckey,silvermoon,288,druid,balance,6,3,3
Rêdx,archimonde,288,druid,balance,6,3,3
Quinteness,silvermoon,288,druid,balance,6,3,3
Smashella,pozzo-delleternità,288,druid,balance,6,3,3
Kamatea,eredar,288,druid,balance,6,3,3
Вооми,gordunni,288,druid,balance,6,3,3
Sweqt,argent-dawn,288,druid,balance,6,3,3
Ahylles,antonidas,288,druid,balance,6,3,3
Teldrastion,silvermoon,288,druid,balance,6,3,3
Srkameltouss,sanguino,288,druid,balance,6,3,3
Jirenthegrey,antonidas,288,druid,balance,6,3,3
Yeats,blackmoore,288,druid,balance,6,3,3
Leslra,agamaggan,288,druid,balance,6,3,3
Helguard,silvermoon,288,druid,balance,6,3,3
Àyóorts,archimonde,288,druid,balance,6,3,3
Zagrem,antonidas,288,druid,balance,6,3,3
Framoin,archimonde,288,druid,balance,6,3,3
Зонкс,gordunni,288,druid,balance,6,3,3
Barbulloup,hyjal,288,druid,balance,6,3,3
Sucukk,antonidas,288,druid,balance,6,3,3
Cáptnmorgan,blackmoore,288,druid,balance,6,3,3
Junglelist,antonidas,288,druid,balance,6,3,3
Лидир,blackscar,288,druid,balance,6,3,3
Fayn,aggra-português,288,druid,balance,6,3,3
Derie,nazjatar,288,druid,balance,6,3,3
Блиденг,gordunni,288,druid,balance,6,3,3
Катяблум,gordunni,288,druid,balance,6,3,3
Дарзамат,blackscar,288,druid,balance,6,3,3
Garbagemonky,amanthul,288,druid,balance,6,3,3
Flower,aggramar,288,druid,balance,6,3,3
Amakary,blackrock,288,druid,balance,6,3,3
Vandalís,garrosh,288,druid,balance,6,3,3
Coogee,malganis,288,druid,balance,6,3,3
Asura,nozdormu,288,druid,balance,6,3,3
Cryspie,hyjal,288,druid,balance,6,3,3
Lechaource,silvermoon,288,druid,balance,6,3,3
Bámbí,sylvanas,288,druid,balance,6,3,3
Lærken,the-maelstrom,288,druid,balance,6,3,3
Blietmachine,ravencrest,288,druid,balance,6,3,3
Jac,blackhand,288,druid,balance,6,3,3
Woodzey,sylvanas,288,druid,balance,6,3,3
Rbg,dun-modr,288,druid,balance,6,3,3
Аррерон,howling-fjord,288,druid,balance,6,3,3
Pogoth,turalyon,288,druid,balance,6,3,3
Tritit,marécage-de-zangar,288,druid,balance,6,3,3
Halfback,blackhand,288,druid,balance,6,3,3
Neincat,sylvanas,288,druid,balance,6,3,3
Ilus,outland,288,druid,balance,6,3,3
Druidat,kazzak,288,druid,balance,6,3,3
Mirâculixx,dethecus,288,druid,balance,6,3,3
Duhdudu,thrall,288,druid,balance,6,3,3
Hordepwnr,sylvanas,288,druid,balance,6,3,3
Byjiblznuk,kazzak,288,druid,balance,6,3,3
Yezzir,defias-brotherhood,288,druid,balance,6,3,3
Nareeik,tarren-mill,288,druid,balance,6,3,3
Sparkex,ravencrest,288,druid,balance,6,3,3
Djclonebot,kazzak,288,druid,balance,6,3,3
Auden,arathor,288,druid,balance,6,3,3
Veilath,tarren-mill,288,druid,balance,6,3,3
Kooglaash,kazzak,288,druid,balance,6,3,3
Xqzmybleedz,onyxia,288,druid,balance,6,3,3
Fishe,twisting-nether,288,druid,balance,6,3,3
Ciwone,blackrock,288,druid,balance,6,3,3
Siuo,ravencrest,288,druid,balance,6,3,3
Måckïngsx,the-maelstrom,288,druid,balance,6,3,3
Seey,thrall,288,druid,balance,6,3,3
Testopöllö,ravencrest,288,druid,balance,6,3,3
Dabulla,kazzak,288,druid,balance,6,3,3
Lushe,kazzak,288,druid,balance,6,3,3
Motry,tarren-mill,288,druid,balance,6,3,3
Magnusson,shadowsong,288,druid,balance,6,3,3
Furíouz,darksorrow,288,druid,balance,9,4,5
Bootydrooty,thrall,288,druid,balance,9,3,6
Аматэррасу,blackscar,288,druid,balance,12,3,9
Segundø,archimonde,288,druid,balance,12,3,9
Groncowski,blackmoore,288,druid,balance,12,3,9
Tayswiftmend,defias-brotherhood,288,druid,balance,12,3,9
Kivu,blackrock,288,druid,balance,12,3,9
Brujo,azjolnerub,288,druid,balance,12,3,9
Loverace,dun-modr,288,druid,balance,12,3,9
Thaneo,blackmoore,288,druid,balance,12,3,9
Baracüda,draenor,288,druid,balance,12,3,9
Chavinelf,twisting-nether,288,druid,balance,12,3,9
Crywingz,antonidas,288,druid,balance,12,3,9
Astralcaller,kazzak,288,druid,balance,12,3,9
Wardruíd,outland,288,druid,balance,12,3,9
Enolcyc,frostmane,288,druid,balance,12,3,9
Kidow,wrathbringer,288,druid,balance,12,3,9
Toffyfee,anetheron,287,druid,balance,6,3,3
Bigcappa,ahnqiraj,287,druid,balance,6,3,3
Lindémann,blackhand,287,druid,balance,6,3,3
Walkao,tarren-mill,287,druid,balance,6,3,3
Dasgrandeur,kazzak,287,druid,balance,6,3,3
Jhiun,ragnaros,256,druid,balance,4,4,0
Vaea,hyjal,255,druid,balance,14,4,10
Bóssít,doomhammer,255,druid,balance,11,3,8
Chispiwini,cthun,239,druid,balance,5,3,2
Sinyi,arathor,239,druid,balance,11,3,8
Melábufes,dun-modr,208,druid,balance,7,3,4
Euphoríax,ravencrest,192,druid,balance,4,3,1
Qoatazinha,malganis,192,druid,balance,4,3,1
Lïlara,elune,192,druid,balance,6,2,4
Saliencias,kazzak,192,druid,balance,6,2,4
Endoth,blackrock,192,druid,balance,6,2,4
Zuldram,uldaman,192,druid,balance,6,2,4
Rústy,baelgun,192,druid,balance,6,2,4
Снэйк,borean-tundra,192,druid,balance,6,2,4
Jimmyxdd,kazzak,192,druid,balance,6,2,4
Kaamirach,blackmoore,192,druid,balance,6,2,4
Уличныйиисус,azuregos,192,druid,balance,6,2,4
Fiberpäls,magtheridon,192,druid,balance,6,2,4
Hâyâbusa,antonidas,192,druid,balance,6,2,4
Akiíra,twisting-nether,192,druid,balance,6,2,4
Borne,aggra-português,192,druid,balance,6,2,4
Bidochonne,ravencrest,192,druid,balance,6,2,4
Wykked,outland,192,druid,balance,6,2,4
Versality,lightnings-blade,192,druid,balance,6,2,4
Старселлер,gordunni,192,druid,balance,6,2,4
Chupapoya,pozzo-delleternità,192,druid,balance,6,2,4
Canezmvp,blackrock,192,druid,balance,6,2,4
Jaffacakeqt,draenor,192,druid,balance,6,2,4
Nilatsfloda,quelthalas,192,druid,balance,6,2,4
Друнуар,gordunni,192,druid,balance,6,2,4
Duckiethotx,twisting-nether,192,druid,balance,6,2,4
Harrasmoes,ravencrest,192,druid,balance,6,2,4
Erkerkerk,twisting-nether,192,druid,balance,6,2,4
Thruf,nemesis,192,druid,balance,6,2,4
Энокей,gordunni,192,druid,balance,6,2,4
Fanboij,kazzak,192,druid,balance,6,2,4
Ipossible,kazzak,192,druid,balance,6,2,4
Nëko,chamber-of-aspects,192,druid,balance,6,2,4
Blackdrd,archimonde,192,druid,balance,6,2,4
Tadoson,blackmoore,192,druid,balance,6,2,4
Дробовик,soulflayer,192,druid,balance,6,2,4
Катали,soulflayer,192,druid,balance,6,2,4
Nolak,frostwolf,192,druid,balance,6,2,4
Gnoobr,ravencrest,192,druid,balance,6,2,4
Paulskinbak,tarren-mill,192,druid,balance,6,2,4
Tamburoo,tarren-mill,192,druid,balance,6,2,4
Zolduran,archimonde,192,druid,balance,6,2,4
Луноэльф,gordunni,192,druid,balance,6,2,4
Kasiopee,hyjal,192,druid,balance,6,2,4
Héryse,hyjal,192,druid,balance,6,2,4
Leliaen,sylvanas,192,druid,balance,6,2,4
Chzycow,twisting-nether,192,druid,balance,6,2,4
Pawnamera,norgannon,192,druid,balance,6,2,4
Twodaysordie,ravencrest,192,druid,balance,6,2,4
Luveena,kazzak,192,druid,balance,6,2,4
Noou,aegwynn,192,druid,balance,6,2,4
Baccon,ravencrest,192,druid,balance,6,2,4
Маалир,gordunni,192,druid,balance,6,2,4
Wheyproteín,dun-modr,192,druid,balance,6,2,4
Коктявзер,deathweaver,192,druid,balance,6,2,4
Kheluna,the-maelstrom,192,druid,balance,6,2,4
Meatus,ragnaros,192,druid,balance,6,2,4
Spidete,sanguino,192,druid,balance,6,2,4
Tranduiil,drakthul,192,druid,balance,6,2,4
Tallbutshort,stormscale,192,druid,balance,6,2,4
Kwenden,arygos,192,druid,balance,6,2,4
Druidbox,ravencrest,192,druid,balance,6,2,4
Kotkacy,silvermoon,192,druid,balance,6,2,4
Emidrem,ravencrest,192,druid,balance,6,2,4
Hotributionx,ravencrest,192,druid,balance,6,2,4
Димитруа,howling-fjord,192,druid,balance,6,2,4
Dresten,burning-blade,192,druid,balance,6,2,4
Filderah,doomhammer,192,druid,balance,6,2,4
Maxiturbogay,stormscale,192,druid,balance,6,2,4
Trueforms,ravencrest,192,druid,balance,6,2,4
Halfaway,ravencrest,192,druid,balance,6,2,4
Chickenboss,sanguino,192,druid,balance,6,2,4
Blacksage,dragonmaw,192,druid,balance,6,2,4
Rootbeamftw,ravencrest,192,druid,balance,6,2,4
Sorkoxd,silvermoon,192,druid,balance,6,2,4
Epidruid,stormrage,192,druid,balance,6,2,4
Gurranq,argent-dawn,192,druid,balance,11,3,8
Sodniss,aggra-português,192,druid,balance,8,2,6
Aceeu,dalaran,192,druid,balance,9,2,7
Trækvinden,ravencrest,192,druid,balance,12,2,10
Nctmé,tarren-mill,192,druid,balance,12,2,10
Leekroom,forscherliga,192,druid,balance,12,2,10
Fallingmoon,ravencrest,192,druid,balance,12,2,10
Broasted,stormscale,192,druid,balance,12,2,10
Shapeshiptur,argent-dawn,192,druid,balance,12,2,10
Darksthero,draenor,192,druid,balance,12,2,10
Catbear,kazzak,191,druid,balance,6,2,4
Millworgen,norgannon,191,druid,balance,6,2,4
Sumbahe,blackrock,191,druid,balance,6,2,4
Wuki,conseil-des-ombres,191,druid,balance,6,2,4
Silvacustos,teldrassil,191,druid,balance,12,2,10
Arrock,malfurion,191,druid,balance,12,2,10
Drix,frostwolf,175,druid,balance,11,2,9
Vendeqt,aegwynn,159,druid,balance,5,2,3
Иосси,soulflayer,138,druid,balance,9,5,4
Покусаютебя,gordunni,138,druid,balance,10,3,7
Tekilaz,sanguino,128,druid,balance,4,2,2
Ligoz,silvermoon,96,druid,balance,3,2,1
Ischumekcid,anubarak,96,druid,balance,3,2,1
Disclaimed,twisting-nether,96,druid,balance,3,2,1
Сверххищникк,soulflayer,96,druid,balance,6,1,5
Reyk,sunstrider,96,druid,balance,6,1,5
Lemónde,outland,96,druid,balance,6,1,5
Druidja,sylvanas,96,druid,balance,6,1,5
Siahra,khaz-modan,96,druid,balance,6,1,5
Lilkâzzam,blackrock,96,druid,balance,6,1,5
Tykè,outland,96,druid,balance,6,1,5
Cattdamon,outland,96,druid,balance,6,1,5
Bellatrx,darksorrow,96,druid,balance,6,1,5
Variolus,dun-modr,96,druid,balance,6,1,5
Panigale,dun-modr,96,druid,balance,6,1,5
Tigerbalm,ravenholdt,96,druid,balance,6,1,5
Ösdru,tarren-mill,96,druid,balance,6,1,5
Summër,los-errantes,96,druid,balance,6,1,5
Devióus,twilights-hammer,96,druid,balance,6,1,5
Brownny,dun-modr,96,druid,balance,6,1,5
Zaerox,ambossar,96,druid,balance,6,1,5
Tàazz,sargeras,96,druid,balance,6,1,5
Miyá,sylvanas,96,druid,balance,6,1,5
Ayven,kazzak,96,druid,balance,6,1,5
Garudax,blackrock,96,druid,balance,6,1,5
Druidlaba,drakthul,96,druid,balance,6,1,5
Nermax,kazzak,96,druid,balance,6,1,5
Арбузир,howling-fjord,96,druid,balance,6,1,5
Tortugo,dun-modr,96,druid,balance,6,1,5
Asrais,dun-modr,96,druid,balance,6,1,5
Nayemi,blackmoore,96,druid,balance,6,1,5
Маминапуська,soulflayer,96,druid,balance,6,1,5
Spielmann,ravencrest,96,druid,balance,6,1,5
Wolfverine,dentarg,96,druid,balance,6,1,5
Herekitykity,frostmane,96,druid,balance,6,1,5
Kaira,kazzak,96,druid,balance,6,1,5
Samuelito,ravencrest,96,druid,balance,6,1,5
Ãnimal,argent-dawn,96,druid,balance,6,1,5
Hotseîdank,blackrock,96,druid,balance,6,1,5
Eredhion,stormscale,96,druid,balance,6,1,5
Yööi,nemesis,96,druid,balance,6,1,5
Ipsdray,ysondre,96,druid,balance,6,1,5
Xwerzz,stormscale,96,druid,balance,6,1,5
Whelpss,archimonde,96,druid,balance,6,1,5
Razah,ravencrest,96,druid,balance,6,1,5
Blazor,eredar,96,druid,balance,6,1,5
Stuntgirlcat,pozzo-delleternità,96,druid,balance,6,1,5
Scarykejton,draenor,96,druid,balance,6,1,5
Ghxsty,silvermoon,96,druid,balance,6,1,5
Arún,nazjatar,96,druid,balance,6,1,5
Ghostdoggie,stormscale,96,druid,balance,6,1,5
Yosimoo,draenor,96,druid,balance,6,1,5
Liegremmah,blackmoore,96,druid,balance,6,1,5
Plankface,ravencrest,96,druid,balance,13,2,11
Mondino,blackrock,96,druid,balance,12,1,11
Negríno,cthun,95,druid,balance,3,2,1
Revoidý,blackmoore,79,druid,balance,5,1,4
Qb,blackrock,79,druid,balance,5,1,4
Mûcke,kazzak,79,druid,balance,5,1,4
Kodobursto,stormscale,79,druid,balance,6,1,5
Ушастикэ,gordunni,64,druid,balance,4,1,3
Makoes,tarren-mill,63,druid,balance,2,2,0
Madschinken,malganis,42,druid,balance,8,2,6
Melonjuicer,argent-dawn,42,druid,balance,9,2,7
Tiemyrôpe,outland,31,druid,balance,2,1,1
Nalreaa,kazzak,31,druid,balance,8,1,7
Báttlx,blackrock,16,druid,balance,7,1,6
Kankethyr,korgall,2241,evoker,preservation,107,64,43
Гачитварь,galakrond,2194,evoker,preservation,245,126,119
Nesedon,stormscale,2170,evoker,preservation,239,127,112
Bodytypezero,terenas,2169,evoker,preservation,110,62,48
Zychodrac,draenor,2145,evoker,preservation,148,74,74
Néthy,argent-dawn,2131,evoker,preservation,108,60,48
Бедныйгрузин,howling-fjord,2125,evoker,preservation,66,39,27
Sukkmymadnes,draenor,2120,evoker,preservation,79,39,40
Dn,shattered-hand,2111,evoker,preservation,89,46,43
Haxyia,outland,2083,evoker,preservation,120,63,57
Nerfevøker,ragnaros,2063,evoker,preservation,70,38,32
Dragonsweat,hyjal,2007,evoker,preservation,108,57,51
Sinéstrà,antonidas,2005,evoker,preservation,216,111,105
Gardennewt,ravencrest,2001,evoker,preservation,78,39,39
Kronata,sanguino,2000,evoker,preservation,84,36,48
Ripgódx,bronzebeard,1994,evoker,preservation,305,163,142
Drogon,shendralar,1992,evoker,preservation,84,48,36
Xays,ravencrest,1987,evoker,preservation,100,50,50
Theories,blackhand,1977,evoker,preservation,110,54,56
Puzikloh,ravencrest,1973,evoker,preservation,42,23,19
Smellybreath,ravencrest,1961,evoker,preservation,48,27,21
Amadeusx,ravencrest,1960,evoker,preservation,84,45,39
Шафлэнжоер,fordragon,1958,evoker,preservation,30,22,8
Dizablise,burning-legion,1954,evoker,preservation,59,33,26
Onelastdance,ravencrest,1922,evoker,preservation,71,61,10
Rvrsl,outland,1916,evoker,preservation,96,48,48
Waifuwu,blackhand,1900,evoker,preservation,175,85,90
Humòngóus,kazzak,1897,evoker,preservation,42,23,19
Lazey,stormscale,1891,evoker,preservation,54,30,24
Huxleysroar,draenor,1888,evoker,preservation,54,26,28
Ðåñîq,kazzak,1888,evoker,preservation,89,38,51
Phnx,blackrock,1886,evoker,preservation,246,125,121
Matrixslave,tarren-mill,1875,evoker,preservation,81,46,35
Vokedrak,eredar,1875,evoker,preservation,66,32,34
Jamesdéan,twisting-nether,1868,evoker,preservation,54,37,17
Ноубадиаттак,soulflayer,1867,evoker,preservation,90,39,51
Ipho,twisting-nether,1856,evoker,preservation,100,45,55
Bodytypefour,stormscale,1854,evoker,preservation,66,28,38
Dragondaddy,eredar,1853,evoker,preservation,66,35,31
Zimbello,nemesis,1849,evoker,preservation,54,34,20
Podonok,ravencrest,1849,evoker,preservation,72,36,36
Myshagini,ravencrest,1846,evoker,preservation,45,27,18
Æzorahai,area-52,1845,evoker,preservation,72,33,39
Сансетшторм,gordunni,1841,evoker,preservation,52,27,25
Bümber,stormscale,1835,evoker,preservation,129,64,65
Yulinex,argent-dawn,1833,evoker,preservation,160,92,68
Lurkî,blackhand,1831,evoker,preservation,101,49,52
Healevoker,aegwynn,1819,evoker,preservation,129,61,68
Jakelóng,ravencrest,1818,evoker,preservation,52,25,27
Smâûg,silvermoon,1812,evoker,preservation,48,27,21
Mixn,argent-dawn,1812,evoker,preservation,93,41,52
Gneltharion,draenor,1811,evoker,preservation,68,31,37
Infidus,ravencrest,1810,evoker,preservation,145,82,63
Puffthemagic,archimonde,1810,evoker,preservation,60,28,32
Dragonmeta,kazzak,1808,evoker,preservation,36,19,17
Dreamwalk,archimonde,1806,evoker,preservation,24,19,5
Wakûwakû,kazzak,1805,evoker,preservation,135,72,63
Evokis,tarren-mill,1804,evoker,preservation,71,40,31
Cptdrakon,twisting-nether,1802,evoker,preservation,77,43,34
Lerrastrasza,zirkel-des-cenarius,1802,evoker,preservation,48,24,24
Drakela,frostwhisper,1801,evoker,preservation,36,22,14
Talim,terrordar,1800,evoker,preservation,78,37,41
Seafolk,stormscale,1790,evoker,preservation,176,94,82
Лабирон,blackscar,1789,evoker,preservation,54,24,30
Titnoute,archimonde,1778,evoker,preservation,48,19,29
Baiyuekui,blackmoore,1776,evoker,preservation,363,179,184
Swainsupp,archimonde,1776,evoker,preservation,42,19,23
Justyowxs,archimonde,1771,evoker,preservation,67,38,29
Антошадф,gordunni,1760,evoker,preservation,54,29,25
Froststraza,chamber-of-aspects,1758,evoker,preservation,54,27,27
Asyncgosa,ravencrest,1749,evoker,preservation,60,25,35
Najikí,tarren-mill,1748,evoker,preservation,54,27,27
Kalevra,eredar,1737,evoker,preservation,105,56,49
Ezinice,hyjal,1726,evoker,preservation,64,30,34
Camdaddy,magtheridon,1715,evoker,preservation,117,60,57
Трейш,soulflayer,1714,evoker,preservation,72,29,43
Bugdul,twisting-nether,1713,evoker,preservation,74,46,28
Даэдра,gordunni,1712,evoker,preservation,186,94,92
Ранкондракон,lich-king,1712,evoker,preservation,95,42,53
Novvae,hyjal,1704,evoker,preservation,60,32,28
Themasktw,kazzak,1702,evoker,preservation,58,25,33
Nyghtx,sanguino,1698,evoker,preservation,100,45,55
Detdragetid,zenedar,1696,evoker,preservation,90,37,53
Tombeelee,kazzak,1687,evoker,preservation,36,21,15
Nivoker,kazzak,1687,evoker,preservation,51,24,27
Evoxter,twisting-nether,1686,evoker,preservation,36,26,10
Béatér,aegwynn,1686,evoker,preservation,42,21,21
Alusiedrake,ravencrest,1685,evoker,preservation,242,131,111
Ramfurry,kazzak,1684,evoker,preservation,55,24,31
Phyrrax,silvermoon,1678,evoker,preservation,30,18,12
Nakavoker,arygos,1676,evoker,preservation,46,18,28
Sính,ravencrest,1673,evoker,preservation,36,22,14
Häröpallo,stormscale,1669,evoker,preservation,75,44,31
Malboroasted,archimonde,1665,evoker,preservation,48,25,23
Драконсила,gordunni,1663,evoker,preservation,41,21,20
Eryot,aggra-português,1660,evoker,preservation,54,25,29
Setraxia,argent-dawn,1654,evoker,preservation,83,53,30
Branados,argent-dawn,1650,evoker,preservation,30,18,12
Штеци,howling-fjord,1650,evoker,preservation,307,150,157
Roth,stormreaver,1645,evoker,preservation,196,98,98
Devidra,defias-brotherhood,1645,evoker,preservation,111,47,64
Аскми,blackscar,1642,evoker,preservation,84,35,49
Âspên,archimonde,1639,evoker,preservation,51,24,27
Websensation,twisting-nether,1637,evoker,preservation,54,21,33
Nahfr,terenas,1633,evoker,preservation,49,23,26
Shroudflight,draenor,1632,evoker,preservation,54,23,31
Rüllatorsven,stormscale,1631,evoker,preservation,36,21,15
Тирэсплюс,soulflayer,1630,evoker,preservation,30,17,13
Kaipha,ravencrest,1630,evoker,preservation,59,29,30
Bònéz,blackmoore,1629,evoker,preservation,101,48,53
Kackaloch,tarren-mill,1625,evoker,preservation,69,37,32
Dwagonzuv,the-maelstrom,1624,evoker,preservation,60,36,24
Aeste,dun-modr,1624,evoker,preservation,42,23,19
Methamfetami,kazzak,1619,evoker,preservation,72,40,32
Mixoö,throkferoth,1619,evoker,preservation,60,28,32
Akaos,silvermoon,1613,evoker,preservation,38,20,18
Blueaizu,draenor,1612,evoker,preservation,137,78,59
Адоннис,gordunni,1611,evoker,preservation,30,17,13
Scarydragôn,draenor,1610,evoker,preservation,128,75,53
Thèrèse,hyjal,1607,evoker,preservation,36,17,19
Hjucen,twisting-nether,1603,evoker,preservation,90,49,41
Потныйдракон,soulflayer,1603,evoker,preservation,42,20,22
Gardenewt,ravencrest,1602,evoker,preservation,36,19,17
Пидрактир,soulflayer,1602,evoker,preservation,48,23,25
Castytopg,blackrock,1602,evoker,preservation,36,17,19
Bråckie,draenor,1600,evoker,preservation,84,49,35
Malowux,outland,1600,evoker,preservation,36,19,17
Dragnthsnuts,sylvanas,1590,evoker,preservation,50,26,24
Ystarblaze,tarren-mill,1590,evoker,preservation,57,26,31
Эндемический,soulflayer,1582,evoker,preservation,48,21,27
Хронолиса,blackscar,1580,evoker,preservation,186,91,95
Crocodeal,ysondre,1579,evoker,preservation,42,23,19
Ятромантис,gordunni,1576,evoker,preservation,406,210,196
Nahkiainen,darksorrow,1569,evoker,preservation,42,19,23
Kuramir,twisting-nether,1560,evoker,preservation,54,27,27
Eidachsal,antonidas,1558,evoker,preservation,66,24,42
Lytër,sanguino,1555,evoker,preservation,141,75,66
Vydrag,der-rat-von-dalaran,1553,evoker,preservation,29,17,12
Fearawr,malganis,1552,evoker,preservation,63,22,41
Бадикабаер,thermaplugg,1549,evoker,preservation,165,88,77
Fiiery,deathwing,1544,evoker,preservation,56,31,25
Zenvoker,silvermoon,1543,evoker,preservation,101,51,50
Vimoker,trollbane,1543,evoker,preservation,72,35,37
Kitoed,aegwynn,1541,evoker,preservation,36,22,14
Odensbest,silvermoon,1539,evoker,preservation,73,43,30
Antiflexx,ragnaros,1537,evoker,preservation,66,30,36
Valkroth,argent-dawn,1537,evoker,preservation,137,61,76
Нежныйболт,howling-fjord,1536,evoker,preservation,134,68,66
Torae,burning-legion,1535,evoker,preservation,48,23,25
Dârys,kazzak,1531,evoker,preservation,36,16,20
Nekrosdrake,tarren-mill,1529,evoker,preservation,48,24,24
Maxthecar,draenor,1526,evoker,preservation,89,54,35
Kirivoker,dun-modr,1526,evoker,preservation,65,31,34
Kharduk,outland,1525,evoker,preservation,40,19,21
Dragarius,tarren-mill,1521,evoker,preservation,42,16,26
Keñwøød,ysondre,1520,evoker,preservation,30,16,14
Sinistrea,conseil-des-ombres,1514,evoker,preservation,81,47,34
Omac,sylvanas,1510,evoker,preservation,30,16,14
Дарконикс,gordunni,1508,evoker,preservation,98,44,54
Drageye,tarren-mill,1497,evoker,preservation,54,34,20
Tenibris,die-nachtwache,1491,evoker,preservation,143,67,76
Féféledragon,archimonde,1491,evoker,preservation,44,18,26
Tobbebakar,silvermoon,1490,evoker,preservation,48,22,26
Luderx,outland,1489,evoker,preservation,66,38,28
Polzeig,dentarg,1487,evoker,preservation,45,19,26
Lazurius,ravencrest,1485,evoker,preservation,66,26,40
Rgedrake,blackrock,1482,evoker,preservation,28,18,10
Ацидракон,blackscar,1481,evoker,preservation,83,35,48
Sakade,archimonde,1480,evoker,preservation,40,18,22
Ámenó,stormscale,1476,evoker,preservation,48,25,23
Indragon,blackmoore,1471,evoker,preservation,63,29,34
Obbwoke,ravencrest,1471,evoker,preservation,90,37,53
Oldwhiteman,guldan,1465,evoker,preservation,52,25,27
Eagleflow,aszune,1458,evoker,preservation,43,20,23
Fubukinoryuu,frostwolf,1455,evoker,preservation,64,37,27
Madelynxoxo,draenor,1450,evoker,preservation,30,25,5
Dragoncya,archimonde,1447,evoker,preservation,72,33,39
Bigaluga,blackmoore,1446,evoker,preservation,54,22,32
Condrage,grim-batol,1445,evoker,preservation,42,22,20
Шкуроносец,gordunni,1442,evoker,preservation,36,20,16
Dazaar,kazzak,1435,evoker,preservation,30,21,9
Spiragon,ysondre,1434,evoker,preservation,72,37,35
Wernøker,archimonde,1431,evoker,preservation,36,15,21
Sedricae,twisting-nether,1429,evoker,preservation,131,67,64
Dokkàmxk,archimonde,1429,evoker,preservation,36,15,21
Nexxà,archimonde,1425,evoker,preservation,51,36,15
Орехдракона,gordunni,1418,evoker,preservation,30,16,14
Yeatsa,blackmoore,1417,evoker,preservation,24,15,9
Omnipøtens,silvermoon,1416,evoker,preservation,36,23,13
Th,stormscale,1415,evoker,preservation,48,32,16
Beefwing,xavius,1413,evoker,preservation,36,16,20
Lichbõrne,outland,1411,evoker,preservation,42,18,24
Skypov,sylvanas,1410,evoker,preservation,29,17,12
Dragio,blackrock,1410,evoker,preservation,42,23,19
Nanthira,darksorrow,1410,evoker,preservation,74,33,41
Evizard,nagrand,1407,evoker,preservation,53,30,23
Dracanus,bronze-dragonflight,1405,evoker,preservation,42,22,20
Evoketing,tarren-mill,1396,evoker,preservation,24,15,9
Loveheart,die-aldor,1396,evoker,preservation,82,37,45
Scalo,kazzak,1394,evoker,preservation,125,63,62
Динамика,borean-tundra,1391,evoker,preservation,33,17,16
Cragheart,ravencrest,1391,evoker,preservation,60,28,32
Nadoney,hyjal,1389,evoker,preservation,67,42,25
Ammendorn,blackrock,1384,evoker,preservation,46,27,19
Azorgaron,outland,1383,evoker,preservation,60,26,34
Asraestrasz,silvermoon,1380,evoker,preservation,38,24,14
Jamiewing,ravencrest,1380,evoker,preservation,42,25,17
Mortlalune,conseil-des-ombres,1371,evoker,preservation,136,74,62
Badrig,silvermoon,1365,evoker,preservation,134,65,69
Xiomarita,frostmane,1356,evoker,preservation,42,23,19
Matysniak,burning-legion,1355,evoker,preservation,51,24,27
Scalie,ravencrest,1353,evoker,preservation,54,31,23
Sarapakara,burning-blade,1351,evoker,preservation,36,18,18
Liliwood,ravencrest,1349,evoker,preservation,82,38,44
Aêro,malganis,1349,evoker,preservation,38,17,21
Evokazoran,dentarg,1349,evoker,preservation,78,27,51
Choubalo,archimonde,1348,evoker,preservation,60,33,27
Cinquanteuro,hyjal,1347,evoker,preservation,101,45,56
Rescuegirl,blackrock,1345,evoker,preservation,99,50,49
Varkoth,nemesis,1345,evoker,preservation,84,41,43
Breall,tarren-mill,1345,evoker,preservation,230,108,122
Pelington,silvermoon,1343,evoker,preservation,41,19,22
Didii,frostwhisper,1343,evoker,preservation,129,59,70
Cenca,blackmoore,1342,evoker,preservation,162,79,83
Adriia,draenor,1341,evoker,preservation,18,14,4
Drarent,hyjal,1340,evoker,preservation,54,24,30
Profdrake,zuluhed,1337,evoker,preservation,24,14,10
Thyrke,aegwynn,1334,evoker,preservation,53,28,25
Thellon,frostwolf,1329,evoker,preservation,65,34,31
Gissthebuzzy,dun-modr,1326,evoker,preservation,42,24,18
Tarecgosa,sanguino,1325,evoker,preservation,126,53,73
Smrdimipytel,drakthul,1323,evoker,preservation,40,15,25
Sorextrazy,twisting-nether,1318,evoker,preservation,64,27,37
Uroegevoker,twisting-nether,1316,evoker,preservation,68,36,32
Saga,aegwynn,1310,evoker,preservation,143,70,73
Nagimurr,kazzak,1308,evoker,preservation,69,39,30
Xerragon,ravencrest,1306,evoker,preservation,60,20,40
Fredgobrr,tarren-mill,1305,evoker,preservation,102,62,40
Whitelizzard,tarren-mill,1305,evoker,preservation,42,24,18
Wrcdragon,drakthul,1303,evoker,preservation,66,28,38
Geckonen,stormreaver,1299,evoker,preservation,111,61,50
Nonolildrake,ysondre,1297,evoker,preservation,82,46,36
Vahamut,argent-dawn,1297,evoker,preservation,42,22,20
Ludracy,antonidas,1294,evoker,preservation,77,41,36
Nazalath,eonar,1290,evoker,preservation,36,17,19
Aphelïon,dun-modr,1290,evoker,preservation,83,38,45
Flygfjås,stormscale,1288,evoker,preservation,57,28,29
Discodidling,silvermoon,1287,evoker,preservation,63,32,31
Malfø,exodar,1282,evoker,preservation,115,58,57
Draxaer,outland,1278,evoker,preservation,116,60,56
Superflyy,kazzak,1278,evoker,preservation,110,42,68
Lynastrasza,silvermoon,1274,evoker,preservation,147,78,69
Dragonerr,kiljaeden,1273,evoker,preservation,36,20,16
Vaermithor,tarren-mill,1270,evoker,preservation,59,33,26
Vyron,amanthul,1270,evoker,preservation,46,19,27
Drackheal,kaelthas,1269,evoker,preservation,35,21,14
Thundermifln,nemesis,1266,evoker,preservation,48,26,22
Howtodragon,twisting-nether,1262,evoker,preservation,48,26,22
Asinitaris,ravencrest,1259,evoker,preservation,59,31,28
Nagoli,silvermoon,1250,evoker,preservation,55,26,29
Dinotron,uldaman,1249,evoker,preservation,54,27,27
Драгоблуд,soulflayer,1249,evoker,preservation,42,20,22
Jkdrage,stormscale,1247,evoker,preservation,24,13,11
Chasxstrasza,ravencrest,1247,evoker,preservation,36,13,23
Патриотика,howling-fjord,1244,evoker,preservation,95,45,50
Crottedezen,archimonde,1243,evoker,preservation,30,13,17
Apaçi,ravencrest,1243,evoker,preservation,51,19,32
Chronowalker,ragnaros,1242,evoker,preservation,24,13,11
Ithijin,blackmoore,1241,evoker,preservation,59,27,32
Kymura,archimonde,1239,evoker,preservation,30,13,17
Тектрис,howling-fjord,1238,evoker,preservation,126,58,68
Jimmytrivet,archimonde,1237,evoker,preservation,45,20,25
Scarlexo,ravencrest,1237,evoker,preservation,35,14,21
Navilism,kazzak,1234,evoker,preservation,251,131,120
Beenus,doomhammer,1228,evoker,preservation,36,24,12
Âbs,archimonde,1227,evoker,preservation,99,41,58
Stjáuni,ravencrest,1219,evoker,preservation,58,29,29
Мвпгуччи,blackscar,1219,evoker,preservation,36,13,23
Hyggëê,sanguino,1218,evoker,preservation,36,14,22
Shnptyr,ragnaros,1215,evoker,preservation,42,22,20
Lojinevo,twisting-nether,1215,evoker,preservation,95,43,52
Ruinastrasza,silvermoon,1212,evoker,preservation,24,13,11
Varaug,veklor,1211,evoker,preservation,40,25,15
Groovyy,hyjal,1204,evoker,preservation,48,30,18
Muccavok,stormrage,1204,evoker,preservation,42,23,19
Amaterãsu,kazzak,1204,evoker,preservation,49,24,25
Erhvoker,veknilash,1199,evoker,preservation,111,47,64
Lynt,burning-blade,1198,evoker,preservation,48,23,25
Yeetsera,thrall,1195,evoker,preservation,58,25,33
Verithian,kazzak,1188,evoker,preservation,30,15,15
Sibvoker,kazzak,1188,evoker,preservation,108,52,56
Ohcaralho,outland,1188,evoker,preservation,39,16,23
Uztfuzt,blackmoore,1185,evoker,preservation,44,29,15
Evodorie,ravencrest,1182,evoker,preservation,20,13,7
Belkavoker,zirkel-des-cenarius,1177,evoker,preservation,42,14,28
Zethreus,silvermoon,1170,evoker,preservation,58,30,28
Dayandnight,quelthalas,1170,evoker,preservation,60,28,32
Aphi,frostwolf,1170,evoker,preservation,57,26,31
Saucy,sanguino,1166,evoker,preservation,43,26,17
Anso,sanguino,1164,evoker,preservation,53,26,27
Tennin,thrall,1157,evoker,preservation,45,27,18
Jmy,bloodhoof,1152,evoker,preservation,18,12,6
Dracum,kazzak,1152,evoker,preservation,24,12,12
Odiin,dun-modr,1151,evoker,preservation,21,13,8
Mistrßroducr,stormreaver,1151,evoker,preservation,24,12,12
Hehehihihaha,ravencrest,1151,evoker,preservation,24,12,12
Siìre,thrall,1150,evoker,preservation,12,12,0
Elleavo,tarren-mill,1149,evoker,preservation,30,12,18
Natashtrasza,tarren-mill,1148,evoker,preservation,30,12,18
Veryspikes,twisting-nether,1148,evoker,preservation,30,12,18
Dragawn,grim-batol,1147,evoker,preservation,73,41,32
Ladrieth,hyjal,1146,evoker,preservation,35,13,22
Uwudyret,tarren-mill,1145,evoker,preservation,30,12,18
Sinusiitiis,destromath,1142,evoker,preservation,18,12,6
Ryujíin,kazzak,1139,evoker,preservation,23,12,11
Nisiris,doomhammer,1139,evoker,preservation,58,29,29
Голденджо,gordunni,1136,evoker,preservation,35,12,23
Draevil,emerald-dream,1134,evoker,preservation,24,12,12
Donns,frostmane,1125,evoker,preservation,22,13,9
Adnoc,tarren-mill,1124,evoker,preservation,19,13,6
Djolero,silvermoon,1122,evoker,preservation,54,25,29
Jurrassic,defias-brotherhood,1119,evoker,preservation,33,20,13
Drachenglas,antonidas,1112,evoker,preservation,30,13,17
Алекстраса,blackscar,1097,evoker,preservation,30,16,14
Dmn,defias-brotherhood,1097,evoker,preservation,54,24,30
Saphirá,hyjal,1094,evoker,preservation,28,13,15
Wingzy,chogall,1090,evoker,preservation,188,89,99
Asgá,kazzak,1087,evoker,preservation,23,12,11
Antistrasza,argent-dawn,1085,evoker,preservation,42,20,22
Singe,nemesis,1081,evoker,preservation,48,12,36
Drakeish,kazzak,1077,evoker,preservation,29,13,16
Blackli,kazzak,1074,evoker,preservation,33,14,19
Tsukiko,archimonde,1074,evoker,preservation,31,12,19
Pikiscalez,bronzebeard,1072,evoker,preservation,24,12,12
Kurger,twisting-nether,1062,evoker,preservation,53,18,35
Lizardofoz,argent-dawn,1058,evoker,preservation,30,18,12
Вискписк,soulflayer,1056,evoker,preservation,12,11,1
Berlyvoke,stormscale,1056,evoker,preservation,18,11,7
Kremost,sylvanas,1056,evoker,preservation,30,11,19
Srache,frostwolf,1054,evoker,preservation,24,11,13
Samidr,ravencrest,1054,evoker,preservation,30,11,19
Bombrush,ragnaros,1052,evoker,preservation,27,15,12
Alamostrasza,doomhammer,1052,evoker,preservation,24,11,13
Darigo,ravencrest,1050,evoker,preservation,18,11,7
Dragonsimp,archimonde,1047,evoker,preservation,18,11,7
Уконэ,blackscar,1047,evoker,preservation,30,12,18
Nynnaydoth,drakthul,1046,evoker,preservation,18,11,7
Zeigrem,antonidas,1044,evoker,preservation,12,11,1
Predatax,drakthul,1039,evoker,preservation,142,71,71
Morlie,argent-dawn,1036,evoker,preservation,76,36,40
Deadfyre,dun-modr,1034,evoker,preservation,24,13,11
Rafale,the-maelstrom,1031,evoker,preservation,71,35,36
Chrisú,thrall,1029,evoker,preservation,30,12,18
Hios,twisting-nether,1028,evoker,preservation,18,13,5
Athyrstria,blackmoore,1028,evoker,preservation,65,18,47
Шадофдрагон,deathweaver,1027,evoker,preservation,36,24,12
Zathîel,argent-dawn,1026,evoker,preservation,149,64,85
Drazor,blackhand,1021,evoker,preservation,23,11,12
Spirow,archimonde,1019,evoker,preservation,24,14,10
Dreiwyn,kazzak,1017,evoker,preservation,18,12,6
Offering,ravencrest,1015,evoker,preservation,30,11,19
Viseron,zuljin,1010,evoker,preservation,75,25,50
Jaje,nerathor,1006,evoker,preservation,23,11,12
Chronicryder,draenor,1004,evoker,preservation,21,11,10
Dreamiee,kazzak,1004,evoker,preservation,30,11,19
Archont,eredar,999,evoker,preservation,42,12,30
Dragonna,argent-dawn,988,evoker,preservation,87,35,52
Tf,doomhammer,988,evoker,preservation,40,15,25
Palindre,argent-dawn,987,evoker,preservation,29,14,15
Zaverion,nathrezim,977,evoker,preservation,30,13,17
Hool,silvermoon,975,evoker,preservation,120,59,61
Kàzuée,outland,969,evoker,preservation,42,14,28
Мйлкйвей,deathguard,968,evoker,preservation,40,25,15
Reddeaddrago,silvermoon,966,evoker,preservation,44,24,20
Folevo,stormreaver,965,evoker,preservation,151,58,93
Алифсе,howling-fjord,965,evoker,preservation,84,23,61
Drakares,la-croisade-écarlate,962,evoker,preservation,54,19,35
Plogi,twisting-nether,960,evoker,preservation,18,10,8
Yavak,blackmoore,960,evoker,preservation,18,10,8
Ecovoker,outland,960,evoker,preservation,18,10,8
Salamanderx,stormscale,959,evoker,preservation,12,10,2
Mauül,ravencrest,959,evoker,preservation,12,10,2
Sârmikas,blackhand,959,evoker,preservation,18,10,8
Síire,ravencrest,958,evoker,preservation,12,10,2
Drachenlilie,aegwynn,958,evoker,preservation,18,10,8
Baszz,aegwynn,955,evoker,preservation,24,10,14
Kleftra,stormscale,954,evoker,preservation,18,10,8
Thymian,ambossar,951,evoker,preservation,104,48,56
Bobonakia,sylvanas,950,evoker,preservation,24,10,14
Raøug,blackmoore,950,evoker,preservation,30,10,20
Slashlowe,archimonde,948,evoker,preservation,40,18,22
Draklorn,moonglade,947,evoker,preservation,53,25,28
Scaleyfurry,azshara,941,evoker,preservation,21,12,9
Jhoanna,grim-batol,938,evoker,preservation,30,15,15
Lînkôs,aegwynn,938,evoker,preservation,71,35,36
Винтер,azuregos,935,evoker,preservation,19,11,8
Vozzat,stormscale,934,evoker,preservation,24,11,13
Morsan,tichondrius,931,evoker,preservation,36,19,17
Dracnass,silvermoon,930,evoker,preservation,18,10,8
Gilgakek,darksorrow,924,evoker,preservation,30,10,20
Drazikz,archimonde,916,evoker,preservation,46,22,24
Retyss,twisting-nether,916,evoker,preservation,302,144,158
Schenlong,kelthuzad,915,evoker,preservation,24,10,14
Thedrake,aegwynn,914,evoker,preservation,24,17,7
Vores,norgannon,908,evoker,preservation,59,26,33
Cárried,twilights-hammer,902,evoker,preservation,33,11,22
Hems,bronzebeard,900,evoker,preservation,15,11,4
Canitabravar,cthun,898,evoker,preservation,60,30,30
Marasz,silvermoon,893,evoker,preservation,42,22,20
Pigioto,silvermoon,891,evoker,preservation,168,78,90
Eosin,blackrock,890,evoker,preservation,23,10,13
Drakars,kazzak,886,evoker,preservation,62,27,35
Drachi,ambossar,880,evoker,preservation,78,35,43
Drâcarys,destromath,879,evoker,preservation,25,13,12
Mergwahlbark,hyjal,878,evoker,preservation,29,10,19
Dioni,sylvanas,873,evoker,preservation,39,15,24
Абьюз,galakrond,872,evoker,preservation,114,53,61
Jamesdouglas,eredar,867,evoker,preservation,18,10,8
Minikuja,culte-de-la-rive-noire,867,evoker,preservation,56,22,34
Antifightx,kazzak,864,evoker,preservation,12,9,3
Dekaralol,ravencrest,864,evoker,preservation,12,9,3
Drgigapump,blackmoore,864,evoker,preservation,18,9,9
Yayaxoxoxoxo,hyjal,864,evoker,preservation,18,9,9
Moondraka,outland,864,evoker,preservation,18,9,9
Мишанячешуя,gordunni,863,evoker,preservation,12,9,3
Sárkány,ravencrest,863,evoker,preservation,18,9,9
Reptak,stormscale,863,evoker,preservation,18,9,9
Valtion,stormscale,863,evoker,preservation,18,9,9
Nassuada,dalaran,863,evoker,preservation,18,9,9
Cupcâke,dalaran,863,evoker,preservation,18,9,9
Brynesuge,ragnaros,863,evoker,preservation,21,10,11
Lytër,dun-modr,863,evoker,preservation,19,9,10
Anlong,alakir,863,evoker,preservation,23,10,13
Teneja,malganis,863,evoker,preservation,24,9,15
Etier,aegwynn,862,evoker,preservation,18,9,9
Навидх,howling-fjord,862,evoker,preservation,24,9,15
Sissilisko,sylvanas,861,evoker,preservation,12,9,3
Blazeros,sylvanas,861,evoker,preservation,36,15,21
Mistvoke,kazzak,860,evoker,preservation,18,9,9
Lithnxv,bladefist,859,evoker,preservation,18,9,9
Evok,deathwing,858,evoker,preservation,24,10,14
Setoc,blackrock,857,evoker,preservation,19,9,10
Azurewings,argent-dawn,851,evoker,preservation,65,23,42
Javåscript,outland,849,evoker,preservation,18,9,9
Damssx,medivh,847,evoker,preservation,33,13,20
Kuubski,ravencrest,846,evoker,preservation,14,11,3
Sumo,burning-legion,841,evoker,preservation,36,16,20
Тирдде,deathweaver,839,evoker,preservation,84,36,48
Drâkarys,khaz-modan,839,evoker,preservation,35,10,25
Avizz,tarren-mill,837,evoker,preservation,23,12,11
Zerario,blackhand,827,evoker,preservation,23,9,14
Viseriðn,archimonde,827,evoker,preservation,24,9,15
Miumyuki,drakthul,815,evoker,preservation,54,21,33
Мэриджэин,soulflayer,809,evoker,preservation,21,9,12
Aayala,dalaran,806,evoker,preservation,21,9,12
Drgnokn,silvermoon,800,evoker,preservation,14,10,4
Yadormi,sylvanas,795,evoker,preservation,42,16,26
Nochance,dentarg,795,evoker,preservation,127,45,82
Dratheon,dun-modr,794,evoker,preservation,32,10,22
Верметор,soulflayer,773,evoker,preservation,90,27,63
Nhoru,stormscale,768,evoker,preservation,12,8,4
Kanketopg,kazzak,768,evoker,preservation,12,8,4
Zendaë,archimonde,768,evoker,preservation,12,8,4
Zemar,dalaran,768,evoker,preservation,12,8,4
Nst,zuljin,768,evoker,preservation,12,8,4
Ringil,tarren-mill,768,evoker,preservation,18,8,10
Àtòmìc,malorne,768,evoker,preservation,18,8,10
Korialstraz,aegwynn,767,evoker,preservation,12,8,4
Blyatcuka,kazzak,767,evoker,preservation,12,8,4
Drashiku,zuljin,767,evoker,preservation,18,8,10
Мефодийевок,howling-fjord,767,evoker,preservation,18,8,10
Draelaynex,eredar,767,evoker,preservation,24,8,16
Horiz,kazzak,766,evoker,preservation,24,8,16
Stormwing,twilights-hammer,765,evoker,preservation,12,8,4
Daracthyr,arathor,765,evoker,preservation,18,8,10
Mfdragon,grim-batol,765,evoker,preservation,24,8,16
Уполнамоченн,soulflayer,764,evoker,preservation,12,8,4
Mikevoker,aegwynn,763,evoker,preservation,12,8,4
Arecibo,tarren-mill,762,evoker,preservation,12,8,4
Kharalambos,stormscale,761,evoker,preservation,18,8,10
Эфирид,blackscar,760,evoker,preservation,53,17,36
Bestofriendo,eredar,758,evoker,preservation,18,8,10
Dragonrocker,silvermoon,757,evoker,preservation,24,8,16
Дрэгтир,lich-king,755,evoker,preservation,14,8,6
Nicholbolas,nordrassil,690,evoker,preservation,11,8,3
Sunfyres,frostmane,679,evoker,preservation,28,8,20
Blazelt,blackrock,672,evoker,preservation,12,7,5
Fûrý,twisting-nether,672,evoker,preservation,12,7,5
Evyzz,blackmoore,672,evoker,preservation,12,7,5
Stormnn,kazzak,672,evoker,preservation,12,7,5
Elcocodrilo,tarren-mill,672,evoker,preservation,12,7,5
Zarikus,argent-dawn,672,evoker,preservation,12,7,5
Buqxrawrr,antonidas,672,evoker,preservation,16,9,7
Sulführer,sanguino,672,evoker,preservation,18,7,11
Reska,archimonde,672,evoker,preservation,18,7,11
Spacebreath,ravencrest,672,evoker,preservation,18,7,11
Viseriøn,kazzak,672,evoker,preservation,24,7,17
Drakkujjer,twisting-nether,671,evoker,preservation,12,7,5
Dárnast,draenor,671,evoker,preservation,12,7,5
Rhaenîra,twisting-nether,671,evoker,preservation,12,7,5
Draaxy,twisting-nether,671,evoker,preservation,15,8,7
Fusanabide,kazzak,671,evoker,preservation,14,7,7
Karristrasza,silvermoon,671,evoker,preservation,18,7,11
Aezthaza,outland,671,evoker,preservation,18,7,11
Esalisko,kazzak,670,evoker,preservation,12,7,5
Dolphdrago,outland,670,evoker,preservation,12,7,5
Coaxoch,thunderhorn,670,evoker,preservation,12,7,5
Smokitor,kazzak,670,evoker,preservation,12,7,5
Leblon,stormreaver,670,evoker,preservation,12,7,5
Nedflanderss,silvermoon,670,evoker,preservation,12,7,5
Myszostrasza,burning-legion,670,evoker,preservation,12,7,5
Hakuzah,terokkar,670,evoker,preservation,18,7,11
Avemonetemus,silvermoon,669,evoker,preservation,18,7,11
Vatiras,magtheridon,669,evoker,preservation,24,7,17
Lapaneri,sylvanas,669,evoker,preservation,24,7,17
Prikkedøden,grim-batol,668,evoker,preservation,18,7,11
Dractarys,arathi,666,evoker,preservation,12,7,5
Hornbeam,tarren-mill,666,evoker,preservation,18,7,11
Acnologîa,ysondre,665,evoker,preservation,12,7,5
Gihzmo,tarren-mill,664,evoker,preservation,12,7,5
Эбиб,gordunni,664,evoker,preservation,18,7,11
Awfultrash,archimonde,655,evoker,preservation,23,7,16
Snällaldo,bladefist,639,evoker,preservation,10,8,2
Charezard,draenor,638,evoker,preservation,17,7,10
Parodize,thrall,576,evoker,preservation,12,6,6
Bluesaphir,ravencrest,576,evoker,preservation,12,6,6
Iandret,destromath,576,evoker,preservation,12,6,6
Rmplol,twisting-nether,576,evoker,preservation,12,6,6
Mesarin,eredar,576,evoker,preservation,12,6,6
Sindragonk,ravencrest,576,evoker,preservation,12,6,6
Dedx,sylvanas,576,evoker,preservation,12,6,6
Mìnos,drakthul,576,evoker,preservation,12,6,6
Talynn,sylvanas,576,evoker,preservation,12,6,6
Rømmegrøt,tarren-mill,576,evoker,preservation,12,6,6
Theories,aegwynn,576,evoker,preservation,12,6,6
Krayvoker,tarren-mill,576,evoker,preservation,12,6,6
Jacko,nemesis,576,evoker,preservation,12,6,6
Вексалис,gordunni,576,evoker,preservation,12,6,6
Zygumy,hyjal,576,evoker,preservation,12,6,6
Snipy,burning-legion,576,evoker,preservation,12,6,6
Darkevokoul,conseil-des-ombres,576,evoker,preservation,12,6,6
Yesdaddyowo,draenor,576,evoker,preservation,12,6,6
Viodragon,blackrock,576,evoker,preservation,16,6,10
Myntara,tarren-mill,576,evoker,preservation,18,6,12
Enzetrius,argent-dawn,576,evoker,preservation,18,6,12
Lolprevoker,outland,576,evoker,preservation,18,6,12
Discodraken,stormscale,576,evoker,preservation,18,6,12
Lìssàndra,argent-dawn,576,evoker,preservation,24,6,18
Pasqvoker,ravencrest,575,evoker,preservation,12,6,6
Nevara,ragnaros,575,evoker,preservation,12,6,6
Draccaris,silvermoon,575,evoker,preservation,12,6,6
Raegos,ravencrest,575,evoker,preservation,12,6,6
Iscale,twisting-nether,575,evoker,preservation,18,6,12
Nexevo,blackmoore,575,evoker,preservation,18,6,12
Drakpojke,stormscale,574,evoker,preservation,12,6,6
Kujira,draenor,574,evoker,preservation,12,6,6
Tarystrasza,blackrock,574,evoker,preservation,12,6,6
Kutdraak,laughing-skull,574,evoker,preservation,12,6,6
Dracarysfire,kazzak,573,evoker,preservation,12,6,6
Kaiser,trollbane,573,evoker,preservation,18,6,12
Ewings,archimonde,573,evoker,preservation,24,6,18
Steeken,haomarush,572,evoker,preservation,18,6,12
Büsselberg,blackmoore,570,evoker,preservation,12,6,6
Synhtol,ragnaros,564,evoker,preservation,18,6,12
ßëkûsåùrús,ragnaros,559,evoker,preservation,17,6,11
Rasalhague,uldum,522,evoker,preservation,15,6,9
Dracarysx,grim-batol,520,evoker,preservation,15,7,8
Drakthur,terenas,519,evoker,preservation,27,7,20
Tyuz,antonidas,509,evoker,preservation,14,6,8
Cokayn,eonar,496,evoker,preservation,13,6,7
Mugeki,burning-legion,489,evoker,preservation,15,8,7
Stêwpit,blackhand,480,evoker,preservation,6,5,1
Dåseskjuul,kazzak,480,evoker,preservation,6,5,1
Ralfferion,auchindoun,480,evoker,preservation,6,5,1
Diggidydract,silvermoon,480,evoker,preservation,6,5,1
Holyvoker,aegwynn,480,evoker,preservation,6,5,1
Sürion,grim-batol,480,evoker,preservation,6,5,1
Coarraze,eldrethalas,480,evoker,preservation,6,5,1
Jmyzard,tarren-mill,480,evoker,preservation,10,6,4
Flouzzx,blackmoore,480,evoker,preservation,12,5,7
Emeraldcomun,twisting-nether,480,evoker,preservation,12,5,7
Deathwingx,sylvanas,480,evoker,preservation,12,5,7
Corneflex,chogall,480,evoker,preservation,12,5,7
Evoris,frostmane,480,evoker,preservation,12,5,7
Lootharon,blackhand,480,evoker,preservation,12,5,7
Dragonsito,cthun,480,evoker,preservation,12,5,7
Fnom,hyjal,480,evoker,preservation,12,5,7
Óceiros,silvermoon,480,evoker,preservation,12,5,7
Alanikus,silvermoon,480,evoker,preservation,12,5,7
Cheryl,aggra-português,480,evoker,preservation,12,5,7
Катяламизил,howling-fjord,480,evoker,preservation,12,5,7
Iwaavoker,archimonde,480,evoker,preservation,12,5,7
Soupmah,silvermoon,480,evoker,preservation,12,5,7
Evokoloko,outland,480,evoker,preservation,12,5,7
Bigreddragon,outland,480,evoker,preservation,12,5,7
Dzin,burning-legion,480,evoker,preservation,12,5,7
Lacer,minahonda,480,evoker,preservation,12,5,7
Vizdraken,tarren-mill,480,evoker,preservation,12,5,7
Nemrák,blackmoore,480,evoker,preservation,12,5,7
Poporaight,archimonde,480,evoker,preservation,12,5,7
Draakoñ,outland,480,evoker,preservation,18,5,13
Xyphoo,kazzak,480,evoker,preservation,18,5,13
Rise,tarren-mill,480,evoker,preservation,24,5,19
Puffdaddyxd,twisting-nether,479,evoker,preservation,12,5,7
Luftwaffel,blackmoore,479,evoker,preservation,12,5,7
Sudrac,antonidas,479,evoker,preservation,12,5,7
Shosk,chamber-of-aspects,479,evoker,preservation,12,5,7
Dragondisnut,sylvanas,479,evoker,preservation,12,5,7
Scaleflux,argent-dawn,479,evoker,preservation,12,5,7
Kampe,nemesis,479,evoker,preservation,12,5,7
Naloqa,frostwolf,479,evoker,preservation,12,5,7
Zymotîx,stormscale,479,evoker,preservation,18,5,13
Baléryon,archimonde,478,evoker,preservation,6,5,1
Widow,chromaggus,478,evoker,preservation,12,5,7
Haawwt,eredar,478,evoker,preservation,12,5,7
Kärlethos,dun-modr,478,evoker,preservation,12,5,7
Bbuszek,outland,478,evoker,preservation,18,5,13
Fodom,medivh,477,evoker,preservation,12,5,7
Dragorasi,frostwolf,476,evoker,preservation,24,5,19
Гарил,grom,475,evoker,preservation,12,5,7
Fricandela,sanguino,472,evoker,preservation,12,5,7
Missnorway,blackmoore,447,evoker,preservation,11,5,6
Thyriån,kazzak,447,evoker,preservation,11,5,6
Wingard,twisting-nether,447,evoker,preservation,11,5,6
Jcloud,shattered-hand,432,evoker,preservation,15,5,10
Grajade,dun-modr,422,evoker,preservation,15,6,9
Alrakis,kragjin,415,evoker,preservation,16,5,11
Sebek,archimonde,384,evoker,preservation,6,4,2
Flatterhipy,blackrock,384,evoker,preservation,6,4,2
Roastedpig,kazzak,384,evoker,preservation,6,4,2
Drakatha,kazzak,384,evoker,preservation,6,4,2
Aymoreth,argent-dawn,384,evoker,preservation,6,4,2
Malfestio,zuljin,384,evoker,preservation,6,4,2
Pflanz,nozdormu,384,evoker,preservation,6,4,2
Dracthal,blackmoore,384,evoker,preservation,6,4,2
Pe,dalaran,384,evoker,preservation,6,4,2
Zaffira,kazzak,384,evoker,preservation,6,4,2
Snàx,aggra-português,384,evoker,preservation,6,4,2
Krakadayle,archimonde,384,evoker,preservation,6,4,2
Dracronix,the-maelstrom,384,evoker,preservation,6,4,2
Bindrasz,ahnqiraj,384,evoker,preservation,6,4,2
Mirajhti,blackrock,384,evoker,preservation,12,4,8
Toílet,blackmoore,384,evoker,preservation,12,4,8
Галактиг,thermaplugg,384,evoker,preservation,12,4,8
Evokker,antonidas,384,evoker,preservation,12,4,8
Deadwing,eonar,384,evoker,preservation,12,4,8
Feyrbrand,ysera,384,evoker,preservation,12,4,8
Sondosa,twisting-nether,384,evoker,preservation,12,4,8
Killafoolz,kazzak,384,evoker,preservation,12,4,8
Arniye,ravencrest,384,evoker,preservation,12,4,8
Drackarys,tarren-mill,384,evoker,preservation,12,4,8
Маркзук,gordunni,384,evoker,preservation,18,4,14
Fogwing,ravencrest,384,evoker,preservation,18,4,14
Entombevoker,twisting-nether,383,evoker,preservation,6,4,2
Кефтыме,soulflayer,383,evoker,preservation,6,4,2
Doriangray,drakthul,383,evoker,preservation,6,4,2
Timeshifter,stormscale,383,evoker,preservation,6,4,2
Nicnacx,stormscale,383,evoker,preservation,6,4,2
Zahaak,doomhammer,383,evoker,preservation,6,4,2
Ignisaureus,silvermoon,383,evoker,preservation,12,4,8
Drogøn,khaz-modan,383,evoker,preservation,12,4,8
Vereeza,draenor,383,evoker,preservation,12,4,8
Flawxy,blackmoore,383,evoker,preservation,12,4,8
Yaldthion,dun-modr,383,evoker,preservation,18,4,14
Steadyop,doomhammer,382,evoker,preservation,6,4,2
Dontiá,draenor,382,evoker,preservation,12,4,8
Dracwyn,shattrath,381,evoker,preservation,13,5,8
Dolceprada,stormscale,381,evoker,preservation,12,4,8
Valasthor,argent-dawn,379,evoker,preservation,12,4,8
Мизурион,gordunni,379,evoker,preservation,12,4,8
Blackwing,twilights-hammer,351,evoker,preservation,16,4,12
Sinastral,sanguino,350,evoker,preservation,11,4,7
Quewl,blackmoore,319,evoker,preservation,5,4,1
Meezyevo,ragnaros,288,evoker,preservation,6,3,3
Azwel,khaz-modan,288,evoker,preservation,6,3,3
Asrwea,draenor,288,evoker,preservation,6,3,3
Dangai,draenor,288,evoker,preservation,6,3,3
Бунтз,howling-fjord,288,evoker,preservation,6,3,3
Flowerscale,tarren-mill,288,evoker,preservation,6,3,3
Botomforgold,ravencrest,288,evoker,preservation,6,3,3
Distinkd,draenor,288,evoker,preservation,6,3,3
Сулистраза,blackscar,288,evoker,preservation,6,3,3
Jpeo,blackhand,288,evoker,preservation,6,3,3
Tactician,stormreaver,288,evoker,preservation,6,3,3
Escaaboy,stormscale,288,evoker,preservation,6,3,3
Ivokerz,tarren-mill,288,evoker,preservation,6,3,3
Ceroxs,aegwynn,288,evoker,preservation,6,3,3
Keizal,twisting-nether,288,evoker,preservation,6,3,3
Vyore,silvermoon,288,evoker,preservation,6,3,3
Evokimag,grim-batol,288,evoker,preservation,6,3,3
Kanketo,ravencrest,288,evoker,preservation,6,3,3
Soø,kazzak,288,evoker,preservation,6,3,3
Speckjarrow,blackrock,288,evoker,preservation,6,3,3
Mithrandir,marécage-de-zangar,288,evoker,preservation,6,3,3
Pruttburk,draenor,288,evoker,preservation,6,3,3
Моралдракон,soulflayer,288,evoker,preservation,6,3,3
Психея,soulflayer,288,evoker,preservation,6,3,3
Знамядрак,soulflayer,288,evoker,preservation,6,3,3
Dokkamok,hyjal,288,evoker,preservation,6,3,3
Niffdra,twisting-nether,288,evoker,preservation,6,3,3
Renalia,blackrock,288,evoker,preservation,6,3,3
Jmý,tarren-mill,288,evoker,preservation,6,3,3
Espâgnøl,hyjal,288,evoker,preservation,6,3,3
Nêóô,blackrock,288,evoker,preservation,6,3,3
Flâneur,ysondre,288,evoker,preservation,6,3,3
Eurydíke,blackhand,288,evoker,preservation,6,3,3
Icemushu,twisting-nether,288,evoker,preservation,6,3,3
Saphiraa,lightnings-blade,288,evoker,preservation,6,3,3
Rippo,tarren-mill,288,evoker,preservation,6,3,3
Alicendre,hyjal,288,evoker,preservation,6,3,3
Colacorta,zuljin,288,evoker,preservation,6,3,3
Konstraz,kazzak,288,evoker,preservation,6,3,3
Zordrach,quelthalas,288,evoker,preservation,6,3,3
Nezruslfarm,cthun,288,evoker,preservation,6,3,3
Zanarian,defias-brotherhood,288,evoker,preservation,6,3,3
Liroo,hyjal,288,evoker,preservation,6,3,3
Jackarlys,outland,288,evoker,preservation,6,3,3
Elderruan,shattered-hand,288,evoker,preservation,12,3,9
Cadwalader,blades-edge,288,evoker,preservation,12,3,9
Боевойхомякд,howling-fjord,288,evoker,preservation,12,3,9
Sysstrasza,archimonde,288,evoker,preservation,12,3,9
Dreamdoll,tarren-mill,288,evoker,preservation,12,3,9
Taktcik,archimonde,288,evoker,preservation,12,3,9
Monftroglou,archimonde,288,evoker,preservation,12,3,9
Bemil,twisting-nether,288,evoker,preservation,12,3,9
Reelona,silvermoon,288,evoker,preservation,12,3,9
Khaliy,blackrock,288,evoker,preservation,12,3,9
Moltenazo,dun-modr,288,evoker,preservation,13,3,10
Maverickx,nemesis,287,evoker,preservation,6,3,3
Милеис,soulflayer,287,evoker,preservation,6,3,3
Wywill,eitrigg,287,evoker,preservation,6,3,3
Elexatra,hyjal,287,evoker,preservation,12,3,9
Valystrá,die-aldor,285,evoker,preservation,24,3,21
Trellie,die-aldor,255,evoker,preservation,11,3,8
Балрогхаоса,gordunni,254,evoker,preservation,8,4,4
Agnî,sanguino,240,evoker,preservation,9,3,6
Smoochbumble,argent-dawn,240,evoker,preservation,9,3,6
Nêrifiel,hyjal,239,evoker,preservation,5,3,2
Ryujinx,blackhand,239,evoker,preservation,5,3,2
Drakutyr,defias-brotherhood,233,evoker,preservation,8,4,4
Baranzion,twisting-nether,207,evoker,preservation,8,3,5
Voldermort,ravencrest,192,evoker,preservation,6,2,4
Dragonzo,arathor,192,evoker,preservation,6,2,4
Rngmåchinè,ravencrest,192,evoker,preservation,6,2,4
Høt,nemesis,192,evoker,preservation,6,2,4
Язычник,thermaplugg,192,evoker,preservation,6,2,4
Myndragosa,varimathras,192,evoker,preservation,6,2,4
Flipflapflop,twisting-nether,192,evoker,preservation,6,2,4
Burndaddy,dun-modr,192,evoker,preservation,6,2,4
Garussy,draenor,192,evoker,preservation,6,2,4
Vermithors,ravencrest,192,evoker,preservation,6,2,4
Shinad,ravencrest,192,evoker,preservation,6,2,4
Mistime,twisting-nether,192,evoker,preservation,6,2,4
Dno,archimonde,192,evoker,preservation,6,2,4
Freesckretx,archimonde,192,evoker,preservation,6,2,4
Whatisthis,archimonde,192,evoker,preservation,6,2,4
Cousinbetty,defias-brotherhood,192,evoker,preservation,6,2,4
Puzzles,ravencrest,192,evoker,preservation,6,2,4
Adriia,ravencrest,192,evoker,preservation,6,2,4
Pureshot,archimonde,192,evoker,preservation,6,2,4
Crazylucifer,kazzak,192,evoker,preservation,6,2,4
Иванза,howling-fjord,192,evoker,preservation,6,2,4
Glurak,stormscale,192,evoker,preservation,6,2,4
Dragonlol,stormscale,192,evoker,preservation,6,2,4
Cothikos,ysondre,192,evoker,preservation,6,2,4
Arbîter,eredar,192,evoker,preservation,6,2,4
Soondeleted,eredar,192,evoker,preservation,6,2,4
Blamdrake,blackhand,192,evoker,preservation,6,2,4
Dägon,drakthul,192,evoker,preservation,6,2,4
Sheràqt,blackrock,192,evoker,preservation,6,2,4
Youzfull,blackrock,192,evoker,preservation,6,2,4
Azurog,blackmoore,192,evoker,preservation,6,2,4
Змийх,gordunni,192,evoker,preservation,6,2,4
Nordomu,silvermoon,192,evoker,preservation,6,2,4
Invinite,blackrock,192,evoker,preservation,6,2,4
Pico,madmortem,192,evoker,preservation,12,2,10
Margouillax,archimonde,192,evoker,preservation,12,2,10
Suicidel,silvermoon,192,evoker,preservation,12,2,10
Flametender,silvermoon,192,evoker,preservation,12,2,10
Dracipsouk,drakthul,192,evoker,preservation,18,2,16
Touge,varimathras,191,evoker,preservation,6,2,4
Yuyux,sanguino,191,evoker,preservation,6,2,4
Azza,uldum,191,evoker,preservation,12,2,10
Aevon,blackrock,191,evoker,preservation,18,2,16
Draktoros,kazzak,179,evoker,preservation,15,6,9
Eldrax,emerald-dream,159,evoker,preservation,5,2,3
Stinka,blackmoore,138,evoker,preservation,9,5,4
Asharys,argent-dawn,138,evoker,preservation,17,4,13
Primepewpew,ragnaros,138,evoker,preservation,15,3,12
Zzaazaa,argent-dawn,137,evoker,preservation,10,3,7
Huangzhang,burning-legion,96,evoker,preservation,6,1,5
Foldoudoune,archimonde,96,evoker,preservation,6,1,5
Targzæ,hyjal,96,evoker,preservation,6,1,5
Louzard,draenor,96,evoker,preservation,6,1,5
Oogabuga,outland,96,evoker,preservation,6,1,5
Chocodragon,blackmoore,96,evoker,preservation,6,1,5
Brystrasza,quelthalas,96,evoker,preservation,6,1,5
Mulqahdiiv,archimonde,96,evoker,preservation,6,1,5
Hizzo,burning-legion,96,evoker,preservation,6,1,5
Yaboismok,burning-legion,96,evoker,preservation,6,1,5
Dragonpro,kazzak,96,evoker,preservation,6,1,5
Awienz,kazzak,96,evoker,preservation,6,1,5
Belzilian,dalaran,96,evoker,preservation,6,1,5
Tályn,twisting-nether,96,evoker,preservation,6,1,5
Batmanjasii,eredar,96,evoker,preservation,6,1,5
Iblvicanfly,stormscale,96,evoker,preservation,6,1,5
Смехокрыл,deathguard,96,evoker,preservation,6,1,5
Drakenballen,ragnaros,96,evoker,preservation,6,1,5
Drakmool,ysondre,96,evoker,preservation,6,1,5
Ch,ghostlands,96,evoker,preservation,6,1,5
Kaezmasterx,blackrock,96,evoker,preservation,6,1,5
Alphabét,ravencrest,96,evoker,preservation,6,1,5
Lumberdrake,stormscale,96,evoker,preservation,6,1,5
Ceerdrogo,twisting-nether,96,evoker,preservation,9,1,8
Sopollina,draenor,96,evoker,preservation,12,1,11
Dragonban,tarren-mill,96,evoker,preservation,12,1,11
Macdrac,area-52,96,evoker,preservation,12,1,11
Frreeyya,silvermoon,96,evoker,preservation,12,1,11
Vullgred,sylvanas,96,evoker,preservation,12,1,11
Heidrun,ravenholdt,95,evoker,preservation,6,1,5
Kamings,outland,95,evoker,preservation,8,1,7
Fluffykoi,silvermoon,95,evoker,preservation,12,1,11
Gg,wildhammer,79,evoker,preservation,5,2,3
Imend,stormscale,79,evoker,preservation,5,1,4
Sentos,blackmoore,64,evoker,preservation,10,1,9
Drookun,outland,48,evoker,preservation,3,1,2
Taynia,stormscale,48,evoker,preservation,3,1,2
Faijer,blackmoore,42,evoker,preservation,10,3,7
Nickydragonx,stormscale,42,evoker,preservation,10,3,7
Ptipangoevok,dalaran,42,evoker,preservation,10,2,8
Пероник,gordunni,16,evoker,preservation,1,1,0
Rexzstrasza,eredar,2114,evoker,devastation,78,49,29
Sârmikas,blackhand,2113,evoker,devastation,120,67,53
Kàido,ravencrest,2110,evoker,devastation,360,185,175
Heõ,twisting-nether,2061,evoker,devastation,135,65,70
Twodeep,blackrock,2050,evoker,devastation,96,53,43
Babodrake,blackhand,2019,evoker,devastation,55,27,28
Ryujíin,kazzak,2015,evoker,devastation,83,55,28
Dracohfeu,archimonde,1994,evoker,devastation,66,40,26
Claxy,ragnaros,1952,evoker,devastation,72,38,34
Animenorgam,alakir,1940,evoker,devastation,66,51,15
Wexvoker,darksorrow,1936,evoker,devastation,109,59,50
Darkssoul,outland,1932,evoker,devastation,96,52,44
Drakenyasha,tarren-mill,1929,evoker,devastation,165,78,87
Brokz,twisting-nether,1906,evoker,devastation,106,54,52
Ízma,ravencrest,1894,evoker,devastation,192,99,93
Edvoker,twisting-nether,1879,evoker,devastation,102,53,49
Lesgrossman,ravencrest,1870,evoker,devastation,42,26,16
Hehehihihaha,ravencrest,1866,evoker,devastation,54,25,29
Meust,blackrock,1864,evoker,devastation,42,28,14
Eldunaries,argent-dawn,1863,evoker,devastation,90,48,42
Nigesaurus,burning-legion,1862,evoker,devastation,39,21,18
Enzetrius,argent-dawn,1861,evoker,devastation,36,22,14
Atoll,scarshield-legion,1858,evoker,devastation,55,29,26
Нерфсрочно,gordunni,1851,evoker,devastation,168,79,89
Frozendragon,twisting-nether,1849,evoker,devastation,45,32,13
Xzvoker,kazzak,1848,evoker,devastation,134,67,67
Кеннокс,soulflayer,1844,evoker,devastation,60,30,30
Calygosa,antonidas,1843,evoker,devastation,36,23,13
Ipanicsoar,tarren-mill,1840,evoker,devastation,104,51,53
Sagrax,silvermoon,1835,evoker,devastation,68,40,28
Mizamiza,blackrock,1832,evoker,devastation,142,75,67
Korvi,ravencrest,1830,evoker,devastation,44,25,19
Azorgaron,outland,1827,evoker,devastation,36,23,13
Lizardbøi,blackhand,1827,evoker,devastation,66,33,33
Ryuu,mazrigos,1823,evoker,devastation,41,22,19
Драгонтьма,gordunni,1823,evoker,devastation,71,36,35
Irvethius,argent-dawn,1822,evoker,devastation,203,103,100
Дракшотик,soulflayer,1817,evoker,devastation,30,19,11
Jamzyevoker,emerald-dream,1816,evoker,devastation,49,26,23
Ryuujin,outland,1815,evoker,devastation,66,30,36
Amadeusx,ravencrest,1810,evoker,devastation,55,30,25
Valdrakon,doomhammer,1807,evoker,devastation,66,39,27
Apacstrasza,ragnaros,1803,evoker,devastation,98,49,49
Bigmacfrite,ysondre,1794,evoker,devastation,76,38,38
Tremmérz,outland,1794,evoker,devastation,60,30,30
Avë,kazzak,1790,evoker,devastation,77,39,38
Diznutz,kazzak,1781,evoker,devastation,36,21,15
Hanoostrasz,tarren-mill,1771,evoker,devastation,103,61,42
Sawk,archimonde,1762,evoker,devastation,102,63,39
Lidldragon,argent-dawn,1760,evoker,devastation,26,20,6
Famouszorc,sanguino,1760,evoker,devastation,156,92,64
Obbwoke,ravencrest,1760,evoker,devastation,84,44,40
Дарратель,gordunni,1749,evoker,devastation,189,101,88
Hëroinhenry,tarren-mill,1738,evoker,devastation,42,28,14
Cinnannoe,tarren-mill,1729,evoker,devastation,121,72,49
Jeannedebruj,ravencrest,1726,evoker,devastation,117,57,60
Zmej,twisting-nether,1720,evoker,devastation,48,22,26
Oontäälihis,ravencrest,1718,evoker,devastation,121,60,61
Kymaíra,hyjal,1716,evoker,devastation,48,22,26
Melodio,outland,1713,evoker,devastation,60,37,23
Kôlaghan,archimonde,1713,evoker,devastation,35,20,15
Evøkergøðx,outland,1710,evoker,devastation,61,31,30
Jamiewing,ravencrest,1705,evoker,devastation,135,70,65
Rokki,blackrock,1701,evoker,devastation,82,45,37
Hollowbreath,sanguino,1699,evoker,devastation,191,92,99
Хетсв,gordunni,1691,evoker,devastation,96,55,41
Duvahkahr,ragnaros,1683,evoker,devastation,57,28,29
Amnevoker,dalaran,1671,evoker,devastation,30,18,12
Archdragon,argent-dawn,1658,evoker,devastation,79,45,34
Yuhabahha,kazzak,1653,evoker,devastation,166,87,79
Dispelgodx,eredar,1647,evoker,devastation,42,20,22
Wuiflyta,dun-modr,1647,evoker,devastation,41,18,23
Dracoli,eredar,1646,evoker,devastation,85,45,40
Homeoffice,zenedar,1644,evoker,devastation,30,18,12
Ларенил,gordunni,1644,evoker,devastation,54,23,31
Дреадди,soulflayer,1643,evoker,devastation,64,34,30
Sürion,grim-batol,1642,evoker,devastation,60,33,27
Ясъелинеры,gordunni,1640,evoker,devastation,54,31,23
Draxxys,blackmoore,1637,evoker,devastation,66,33,33
Dragonide,draenor,1636,evoker,devastation,35,20,15
Serulyon,draenor,1636,evoker,devastation,84,43,41
Voklath,kazzak,1636,evoker,devastation,61,30,31
Hyperan,twisting-nether,1635,evoker,devastation,82,40,42
Rzektwo,eredar,1634,evoker,devastation,54,24,30
Tezkaz,blackmoore,1633,evoker,devastation,238,122,116
Niddhøgg,ragnaros,1632,evoker,devastation,36,21,15
Piyuli,silvermoon,1632,evoker,devastation,47,27,20
Papayoyo,draenor,1630,evoker,devastation,156,75,81
Crueh,outland,1628,evoker,devastation,36,17,19
Evodraxx,hyjal,1627,evoker,devastation,36,17,19
Eskavoker,kazzak,1623,evoker,devastation,36,22,14
Саммеракс,gordunni,1619,evoker,devastation,60,25,35
Rahzk,twisting-nether,1616,evoker,devastation,30,17,13
Mazaw,burning-legion,1613,evoker,devastation,72,41,31
Batsquatch,argent-dawn,1612,evoker,devastation,36,23,13
Drazam,blackrock,1612,evoker,devastation,94,55,39
Zapaflap,silvermoon,1612,evoker,devastation,119,65,54
Balthinar,argent-dawn,1612,evoker,devastation,42,17,25
Denegos,sylvanas,1606,evoker,devastation,66,40,26
Ludwoker,tarren-mill,1605,evoker,devastation,67,44,23
Lizarduck,tarren-mill,1605,evoker,devastation,52,26,26
Аймбадикабтв,howling-fjord,1605,evoker,devastation,60,29,31
Гневиан,eversong,1603,evoker,devastation,48,23,25
Delorraine,burning-legion,1602,evoker,devastation,30,17,13
Flâneur,ysondre,1601,evoker,devastation,30,17,13
Släshés,ravencrest,1601,evoker,devastation,48,20,28
Мнякуня,howling-fjord,1600,evoker,devastation,46,24,22
Soleric,drakthul,1599,evoker,devastation,121,57,64
Fyndassil,blackrock,1599,evoker,devastation,48,17,31
Sintharion,ravencrest,1597,evoker,devastation,63,28,35
Pêengei,blackrock,1596,evoker,devastation,66,36,30
Gasparievok,sylvanas,1594,evoker,devastation,72,40,32
Shimmerscale,blackhand,1590,evoker,devastation,105,59,46
Krothus,outland,1590,evoker,devastation,124,67,57
Ðø,antonidas,1589,evoker,devastation,35,18,17
Скорукх,gordunni,1576,evoker,devastation,36,22,14
Фиамниэль,gordunni,1574,evoker,devastation,36,18,18
Øxyom,archimonde,1570,evoker,devastation,46,27,19
Инсейнмэн,soulflayer,1569,evoker,devastation,103,54,49
Углекислот,howling-fjord,1564,evoker,devastation,72,31,41
Ocanada,draenor,1563,evoker,devastation,84,45,39
Drakshoff,khaz-modan,1561,evoker,devastation,236,126,110
Touchmywings,ravencrest,1560,evoker,devastation,24,17,7
Ch,ghostlands,1551,evoker,devastation,41,20,21
Cûddles,hyjal,1548,evoker,devastation,132,68,64
Hömeöffice,sylvanas,1545,evoker,devastation,35,19,16
Tetsú,tarren-mill,1541,evoker,devastation,42,23,19
Kayly,twisting-nether,1540,evoker,devastation,42,29,13
Tiganj,silvermoon,1536,evoker,devastation,42,28,14
Dowaa,tarren-mill,1528,evoker,devastation,42,19,23
Ken,la-croisade-écarlate,1527,evoker,devastation,168,88,80
Merkels,blackmoore,1525,evoker,devastation,193,93,100
Hyperflexx,blackrock,1521,evoker,devastation,30,16,14
Phanex,bloodhoof,1520,evoker,devastation,42,17,25
Lilpooper,bloodhoof,1508,evoker,devastation,51,26,25
Tibimbo,blackrock,1506,evoker,devastation,68,39,29
Arbylegion,outland,1506,evoker,devastation,112,61,51
Ironwing,sanguino,1502,evoker,devastation,456,234,222
Bakspek,kilrogg,1498,evoker,devastation,24,16,8
Mommystrasza,dentarg,1493,evoker,devastation,86,43,43
Draghad,blackmoore,1493,evoker,devastation,70,34,36
Kuve,stormscale,1492,evoker,devastation,57,31,26
Ruinastrasza,silvermoon,1490,evoker,devastation,145,71,74
Agnî,sanguino,1490,evoker,devastation,82,40,42
Màlakir,chogall,1489,evoker,devastation,36,17,19
Kaynyxia,argent-dawn,1487,evoker,devastation,45,25,20
Emmagosa,argent-dawn,1484,evoker,devastation,66,35,31
Bodytypechad,ravencrest,1482,evoker,devastation,60,32,28
Dracyan,taerar,1479,evoker,devastation,42,24,18
Chuckyy,archimonde,1476,evoker,devastation,36,21,15
Draakoñ,outland,1473,evoker,devastation,42,18,24
Motloh,ravencrest,1468,evoker,devastation,42,20,22
Yol,bladefist,1468,evoker,devastation,48,21,27
Yála,anetheron,1464,evoker,devastation,220,112,108
Спайрок,gordunni,1464,evoker,devastation,133,61,72
Baroqs,antonidas,1456,evoker,devastation,24,18,6
Nagoli,silvermoon,1456,evoker,devastation,52,27,25
Кунидракон,gordunni,1453,evoker,devastation,80,37,43
Malfoyer,arathor,1452,evoker,devastation,54,30,24
Ghiscar,dentarg,1451,evoker,devastation,102,50,52
Stefanosxios,bloodfeather,1450,evoker,devastation,65,32,33
Parisinka,silvermoon,1444,evoker,devastation,233,120,113
Паунфаунд,eversong,1435,evoker,devastation,96,45,51
Feyrbrand,ysera,1434,evoker,devastation,92,48,44
Bindrasz,ahnqiraj,1433,evoker,devastation,30,15,15
Spýröo,kazzak,1432,evoker,devastation,60,39,21
Drakea,sanguino,1432,evoker,devastation,98,49,49
Pippomale,nemesis,1430,evoker,devastation,42,22,20
Лабриса,galakrond,1428,evoker,devastation,130,61,69
Caliss,archimonde,1427,evoker,devastation,71,38,33
Drákon,dalaran,1425,evoker,devastation,101,47,54
Nazalath,eonar,1418,evoker,devastation,91,46,45
Xtdrakaris,uldum,1417,evoker,devastation,401,199,202
Badrig,silvermoon,1415,evoker,devastation,63,35,28
Solandor,kazzak,1411,evoker,devastation,24,15,9
Flügelnix,blackmoore,1401,evoker,devastation,59,28,31
Драгтир,blackscar,1397,evoker,devastation,67,42,25
Ксдз,soulflayer,1397,evoker,devastation,54,27,27
Avizz,tarren-mill,1396,evoker,devastation,33,18,15
Magmarôs,argent-dawn,1395,evoker,devastation,61,36,25
Yaboismok,burning-legion,1393,evoker,devastation,47,22,25
Øseria,khaz-modan,1392,evoker,devastation,64,37,27
Tályn,twisting-nether,1385,evoker,devastation,48,25,23
Drunkino,aegwynn,1377,evoker,devastation,48,23,25
Nathraakhza,argent-dawn,1375,evoker,devastation,48,26,22
Dratheon,dun-modr,1375,evoker,devastation,39,20,19
Cuufizix,silvermoon,1372,evoker,devastation,58,31,27
Voldermort,ravencrest,1372,evoker,devastation,47,23,24
Honz,antonidas,1370,evoker,devastation,42,19,23
Seryphys,blackhand,1368,evoker,devastation,36,20,16
Sakade,archimonde,1359,evoker,devastation,66,22,44
Darktempest,onyxia,1357,evoker,devastation,54,28,26
Grillkylling,outland,1351,evoker,devastation,51,25,26
Keeqo,silvermoon,1348,evoker,devastation,42,26,16
Thyriån,kazzak,1344,evoker,devastation,42,19,23
Juicyjeffe,blackrock,1341,evoker,devastation,18,14,4
Yoshinora,archimonde,1337,evoker,devastation,30,15,15
Potéto,rashgarroth,1334,evoker,devastation,72,31,41
Fogwing,ravencrest,1330,evoker,devastation,29,15,14
Karnâks,silvermoon,1326,evoker,devastation,30,16,14
Димадракон,gordunni,1321,evoker,devastation,58,37,21
Йормунгандка,soulflayer,1313,evoker,devastation,33,16,17
Dakir,blackmoore,1312,evoker,devastation,38,26,12
Favill,blackhand,1312,evoker,devastation,69,30,39
Snoby,onyxia,1309,evoker,devastation,152,67,85
Childofdawn,blackmoore,1303,evoker,devastation,42,24,18
Draxone,malfurion,1297,evoker,devastation,54,33,21
Tenshà,nemesis,1297,evoker,devastation,34,16,18
Yaldthion,dun-modr,1295,evoker,devastation,42,18,24
Thavion,forscherliga,1291,evoker,devastation,30,14,16
Душнот,fordragon,1286,evoker,devastation,47,26,21
Airbourne,sanguino,1280,evoker,devastation,38,18,20
Dragonaked,silvermoon,1279,evoker,devastation,78,38,40
Sharaxis,blackmoore,1276,evoker,devastation,42,23,19
Драганайт,gordunni,1274,evoker,devastation,94,58,36
Rieper,twisting-nether,1273,evoker,devastation,153,76,77
Steeken,haomarush,1273,evoker,devastation,105,47,58
Shmog,stormscale,1272,evoker,devastation,41,15,26
Rowzy,sylvanas,1269,evoker,devastation,83,43,40
Ppiaxx,dalaran,1263,evoker,devastation,30,15,15
Gharløk,outland,1262,evoker,devastation,50,27,23
Echoker,stormscale,1261,evoker,devastation,31,16,15
Llael,blackhand,1259,evoker,devastation,86,36,50
Shoggoth,chogall,1258,evoker,devastation,126,59,67
Коляомон,gordunni,1256,evoker,devastation,71,38,33
Dragoncloak,blackrock,1248,evoker,devastation,94,55,39
Orazur,hyjal,1247,evoker,devastation,18,13,5
Swapxyevo,ravencrest,1246,evoker,devastation,24,13,11
Veo,aggra-português,1244,evoker,devastation,42,20,22
Flaminghot,stormreaver,1243,evoker,devastation,236,129,107
Доракарис,deathweaver,1243,evoker,devastation,42,20,22
Smegma,norgannon,1239,evoker,devastation,18,13,5
Woasid,outland,1239,evoker,devastation,18,13,5
Папиич,soulflayer,1239,evoker,devastation,41,15,26
Shenronblue,bloodscalp,1237,evoker,devastation,24,13,11
Lagerstrasza,stormreaver,1234,evoker,devastation,30,13,17
Oudwood,onyxia,1229,evoker,devastation,36,13,23
Xendrag,silvermoon,1227,evoker,devastation,96,45,51
Tokzestra,hyjal,1222,evoker,devastation,62,28,34
Шотнутый,soulflayer,1219,evoker,devastation,33,18,15
Isizzu,draenor,1205,evoker,devastation,73,37,36
Xfckd,ragnaros,1199,evoker,devastation,60,28,32
Mesmerìze,khaz-modan,1185,evoker,devastation,30,14,16
Ryújín,blackhand,1183,evoker,devastation,29,13,16
Dragomakry,blackmoore,1176,evoker,devastation,18,14,4
Hazzèr,blackrock,1176,evoker,devastation,28,14,14
Ольменго,fordragon,1175,evoker,devastation,28,13,15
Daboc,tarren-mill,1170,evoker,devastation,58,26,32
Thebigsmoke,lightbringer,1155,evoker,devastation,90,44,46
Sloeez,kazzak,1152,evoker,devastation,30,12,18
Kmzi,twisting-nether,1151,evoker,devastation,24,12,12
Nuvese,tarren-mill,1147,evoker,devastation,24,12,12
Zaralek,stormscale,1145,evoker,devastation,18,12,6
Imwhite,doomhammer,1144,evoker,devastation,48,22,26
Туймаада,soulflayer,1141,evoker,devastation,18,12,6
Kaìdo,tarren-mill,1140,evoker,devastation,24,12,12
Ahiresegyfej,ragnaros,1139,evoker,devastation,54,30,24
Ignisaureus,silvermoon,1133,evoker,devastation,30,13,17
Kirinde,draenor,1132,evoker,devastation,18,12,6
Алыйкиви,howling-fjord,1127,evoker,devastation,27,15,12
Sleepnot,argent-dawn,1121,evoker,devastation,18,12,6
Lektar,eredar,1118,evoker,devastation,29,13,16
Dragis,die-aldor,1116,evoker,devastation,30,15,15
Rytoshi,medivh,1111,evoker,devastation,72,25,47
Ayders,khaz-modan,1110,evoker,devastation,114,49,65
Lago,gorgonnash,1107,evoker,devastation,37,20,17
Theredpepper,outland,1104,evoker,devastation,30,12,18
Lugarius,gilneas,1098,evoker,devastation,33,17,16
Iolite,dun-modr,1087,evoker,devastation,72,35,37
Crygon,outland,1086,evoker,devastation,42,17,25
Padrepì,nemesis,1078,evoker,devastation,18,13,5
Ekko,nethersturm,1076,evoker,devastation,36,19,17
Syraxis,shadowsong,1074,evoker,devastation,22,12,10
Akúda,blackhand,1069,evoker,devastation,42,20,22
Sethos,dalaran,1068,evoker,devastation,36,13,23
Evojøa,tarren-mill,1056,evoker,devastation,18,11,7
Kamehaméha,outland,1055,evoker,devastation,24,11,13
Dragônslayer,amanthul,1054,evoker,devastation,24,14,10
Otr,draenor,1054,evoker,devastation,48,18,30
Jelboen,draenor,1053,evoker,devastation,22,13,9
Pêrcevâl,archimonde,1053,evoker,devastation,24,11,13
Dragonlia,blackrock,1052,evoker,devastation,18,11,7
Lecutos,sunstrider,1052,evoker,devastation,18,11,7
Skywitch,ragnaros,1052,evoker,devastation,30,11,19
Drackial,zuljin,1051,evoker,devastation,24,11,13
Deadlyvok,zenedar,1050,evoker,devastation,18,11,7
Nurilla,twisting-nether,1049,evoker,devastation,18,11,7
Azzul,teldrassil,1046,evoker,devastation,25,14,11
Raagnar,kazzak,1038,evoker,devastation,24,11,13
Yantaî,hyjal,1034,evoker,devastation,18,11,7
Рептилойдина,howling-fjord,1030,evoker,devastation,24,11,13
Elorand,ulduar,1025,evoker,devastation,78,29,49
Canitabravar,cthun,1023,evoker,devastation,48,23,25
Arella,mannoroth,1021,evoker,devastation,71,38,33
Pedogos,outland,1016,evoker,devastation,75,31,44
Emayra,argent-dawn,986,evoker,devastation,17,11,6
Rîncêwind,uldum,965,evoker,devastation,36,20,16
Rhegal,auchindoun,960,evoker,devastation,12,10,2
Spicylizard,stormscale,960,evoker,devastation,18,10,8
Пивнаябошка,soulflayer,960,evoker,devastation,18,10,8
Myxker,burning-legion,960,evoker,devastation,24,10,14
Jinthyr,anachronos,959,evoker,devastation,12,10,2
Lùñe,hyjal,959,evoker,devastation,12,10,2
Terradòr,die-aldor,959,evoker,devastation,18,10,8
Aegón,uldum,959,evoker,devastation,30,10,20
Nochance,dentarg,958,evoker,devastation,12,10,2
Волккейн,soulflayer,958,evoker,devastation,18,10,8
Лечулечу,blackscar,958,evoker,devastation,24,10,14
Evokimag,grim-batol,958,evoker,devastation,24,10,14
Tenkenfutsu,elune,958,evoker,devastation,54,21,33
Maccen,twisting-nether,955,evoker,devastation,18,10,8
Danaval,blackhand,955,evoker,devastation,18,10,8
Enzospatalo,nemesis,955,evoker,devastation,18,10,8
Grajade,dun-modr,954,evoker,devastation,18,10,8
Scalash,drakthul,950,evoker,devastation,36,20,16
Leskano,aegwynn,948,evoker,devastation,24,12,12
Evosker,zuljin,947,evoker,devastation,30,10,20
Алексатэтсуя,ashenvale,945,evoker,devastation,24,10,14
Быковскии,howling-fjord,939,evoker,devastation,60,34,26
Scalo,kazzak,935,evoker,devastation,17,10,7
Stormydude,doomhammer,907,evoker,devastation,24,13,11
Sleipnyr,garrosh,888,evoker,devastation,60,27,33
Donairian,doomhammer,885,evoker,devastation,60,29,31
Shaze,zuljin,879,evoker,devastation,17,10,7
Dragotar,malygos,868,evoker,devastation,64,31,33
Minikuja,culte-de-la-rive-noire,865,evoker,devastation,72,31,41
Deny,frostmane,864,evoker,devastation,12,9,3
Ralfferion,auchindoun,864,evoker,devastation,18,9,9
Yimvoker,blackrock,864,evoker,devastation,18,9,9
Juhadormu,stormreaver,864,evoker,devastation,18,9,9
Krazuntus,argent-dawn,864,evoker,devastation,18,9,9
Pinacóladaqt,stormscale,864,evoker,devastation,18,9,9
Féféledragon,archimonde,863,evoker,devastation,18,9,9
Рогатыйдебик,gordunni,863,evoker,devastation,18,9,9
Storhorn,silvermoon,863,evoker,devastation,30,9,21
Saragoza,kirin-tor,862,evoker,devastation,18,9,9
Abehethan,archimonde,862,evoker,devastation,18,9,9
Dreek,emerald-dream,861,evoker,devastation,12,9,3
Nanderoza,the-maelstrom,861,evoker,devastation,12,9,3
Hornytail,doomhammer,861,evoker,devastation,18,9,9
Ouaitamaman,draenor,861,evoker,devastation,18,9,9
Dschíses,malganis,858,evoker,devastation,18,9,9
Karistrasza,sylvanas,854,evoker,devastation,24,9,15
Elitedraach,tarren-mill,847,evoker,devastation,17,9,8
Oeos,dragonblight,843,evoker,devastation,30,9,21
Флардикас,gordunni,842,evoker,devastation,24,9,15
Vucashi,blackhand,834,evoker,devastation,28,9,19
Xatures,twisting-nether,832,evoker,devastation,24,14,10
Sivaas,arathi,832,evoker,devastation,60,29,31
Dragonhero,arygos,830,evoker,devastation,36,16,20
Thebabayag,kazzak,823,evoker,devastation,24,10,14
Crynerf,ravencrest,817,evoker,devastation,84,39,45
Kiwí,antonidas,768,evoker,devastation,12,8,4
Beeragos,deathwing,768,evoker,devastation,12,8,4
Tsunamì,ysondre,768,evoker,devastation,12,8,4
Gloombloom,emeriss,768,evoker,devastation,13,8,5
Súnny,archimonde,768,evoker,devastation,15,8,7
Zp,kazzak,768,evoker,devastation,18,8,10
Meust,destromath,768,evoker,devastation,18,8,10
Nekrosdrake,tarren-mill,768,evoker,devastation,18,8,10
Garussy,draenor,768,evoker,devastation,18,8,10
Lurkî,blackhand,768,evoker,devastation,18,8,10
Mazakqt,draenor,768,evoker,devastation,18,8,10
Fayral,blackmoore,767,evoker,devastation,12,8,4
Balerioon,draenor,767,evoker,devastation,12,8,4
Deathwingx,sylvanas,767,evoker,devastation,18,8,10
Tooltipshow,ragnaros,767,evoker,devastation,18,8,10
Antistrasza,argent-dawn,766,evoker,devastation,12,8,4
Loveheart,die-aldor,766,evoker,devastation,18,8,10
Flawxy,blackmoore,766,evoker,devastation,18,8,10
Гекаш,soulflayer,765,evoker,devastation,24,8,16
Leyca,outland,764,evoker,devastation,24,8,16
Firebutt,argent-dawn,763,evoker,devastation,12,8,4
Ogienoddech,silvermoon,762,evoker,devastation,18,8,10
Drakenballen,ragnaros,755,evoker,devastation,15,8,7
Mallor,kirin-tor,753,evoker,devastation,24,8,16
Davioncz,thunderhorn,749,evoker,devastation,12,8,4
Drakridarn,kazzak,733,evoker,devastation,17,8,9
Эбиб,gordunni,672,evoker,devastation,12,7,5
Lazurius,ravencrest,672,evoker,devastation,12,7,5
Varagon,rexxar,672,evoker,devastation,12,7,5
Gonzalo,dun-modr,672,evoker,devastation,12,7,5
Arecibo,tarren-mill,672,evoker,devastation,12,7,5
Sebek,archimonde,672,evoker,devastation,12,7,5
Zettaflare,nazjatar,672,evoker,devastation,12,7,5
Flythe,silvermoon,672,evoker,devastation,12,7,5
Styxev,blackhand,672,evoker,devastation,12,7,5
Saintly,kult-der-verdammten,672,evoker,devastation,18,7,11
Glurakk,aegwynn,672,evoker,devastation,18,7,11
Kábutø,antonidas,671,evoker,devastation,12,7,5
Evoslaps,norgannon,671,evoker,devastation,12,7,5
Mijähh,taerar,671,evoker,devastation,18,7,11
Stalkhyr,elune,671,evoker,devastation,18,7,11
Lizzardhero,kazzak,670,evoker,devastation,18,7,11
Enemi,twisting-nether,669,evoker,devastation,14,9,5
Kvothe,malygos,668,evoker,devastation,18,7,11
Ewoky,ravencrest,667,evoker,devastation,12,7,5
Fruhans,tarren-mill,667,evoker,devastation,12,7,5
Аверьятор,fordragon,663,evoker,devastation,18,7,11
Chrysaetor,argent-dawn,657,evoker,devastation,12,7,5
Kayizer,archimonde,657,evoker,devastation,12,7,5
Draknil,ysondre,640,evoker,devastation,16,7,9
Zharas,nemesis,623,evoker,devastation,11,7,4
Серцедраконн,gordunni,622,evoker,devastation,21,7,14
Morsan,tichondrius,619,evoker,devastation,11,7,4
Tendoker,ragnaros,606,evoker,devastation,11,7,4
Dovakin,arathi,601,evoker,devastation,14,7,7
Zpartadraga,ragnaros,584,evoker,devastation,9,8,1
Henmon,defias-brotherhood,576,evoker,devastation,6,6,0
Hodnsak,blackmoore,576,evoker,devastation,6,6,0
Telepathy,ravencrest,576,evoker,devastation,6,6,0
Dracalos,silvermoon,576,evoker,devastation,12,6,6
Xendragon,kazzak,576,evoker,devastation,12,6,6
Mattyastrasz,hyjal,576,evoker,devastation,12,6,6
Charezard,draenor,576,evoker,devastation,12,6,6
Фаламэйн,soulflayer,576,evoker,devastation,12,6,6
Terrorclaw,ragnaros,576,evoker,devastation,12,6,6
Khimari,xavius,576,evoker,devastation,12,6,6
Puffdaddyxd,twisting-nether,576,evoker,devastation,12,6,6
Scathethrel,draenor,576,evoker,devastation,12,6,6
Haltorr,ravencrest,576,evoker,devastation,18,6,12
Shumma,frostmane,576,evoker,devastation,18,6,12
Burnrate,draenor,576,evoker,devastation,20,6,14
Lifestrasza,drakthul,575,evoker,devastation,6,6,0
Chunlooi,baelgun,575,evoker,devastation,12,6,6
Meyowuo,doomhammer,575,evoker,devastation,14,6,8
Snitties,tarren-mill,575,evoker,devastation,18,6,12
Copíum,silvermoon,575,evoker,devastation,18,6,12
Mazzg,blackmoore,574,evoker,devastation,21,7,14
Morph,talnivarr,574,evoker,devastation,18,6,12
Firaxis,kazzak,573,evoker,devastation,12,6,6
Molem,defias-brotherhood,543,evoker,devastation,11,6,5
Филлид,gordunni,543,evoker,devastation,14,7,7
Lilvorki,silvermoon,543,evoker,devastation,17,6,11
Hekatonshire,hyjal,539,evoker,devastation,11,6,5
Ashlàr,earthen-ring,525,evoker,devastation,15,6,9
Rise,tarren-mill,522,evoker,devastation,12,7,5
Elvarg,ragnaros,480,evoker,devastation,6,5,1
Hösh,elune,480,evoker,devastation,6,5,1
Nyedrak,kilrogg,480,evoker,devastation,6,5,1
Tovaro,xavius,480,evoker,devastation,6,5,1
Cooperevoker,blackrock,480,evoker,devastation,12,5,7
Kda,die-nachtwache,480,evoker,devastation,12,5,7
Rekinn,tarren-mill,480,evoker,devastation,12,5,7
Сансетшторм,gordunni,480,evoker,devastation,12,5,7
Skulblakas,blackmoore,480,evoker,devastation,12,5,7
Arbîter,eredar,480,evoker,devastation,12,5,7
Dracnass,silvermoon,480,evoker,devastation,12,5,7
Spyro,bloodfeather,480,evoker,devastation,12,5,7
Pavelito,ysondre,480,evoker,devastation,12,5,7
Drexxe,boulderfist,480,evoker,devastation,12,5,7
Pandagos,archimonde,480,evoker,devastation,12,5,7
Niddhog,antonidas,480,evoker,devastation,12,5,7
Predictrash,archimonde,480,evoker,devastation,12,5,7
Леерустан,howling-fjord,480,evoker,devastation,12,5,7
Tilwahlzok,pozzo-delleternità,480,evoker,devastation,12,5,7
Dopëshow,drakthul,479,evoker,devastation,6,5,1
Vermithors,ravencrest,479,evoker,devastation,12,5,7
Magicae,drakthul,479,evoker,devastation,12,5,7
Кайрэс,gordunni,479,evoker,devastation,12,5,7
Mirazare,khadgar,478,evoker,devastation,12,5,7
Vanima,forscherliga,477,evoker,devastation,6,5,1
Shenrøn,garona,476,evoker,devastation,12,5,7
Acedragniir,khaz-modan,473,evoker,devastation,12,5,7
Julerion,draenor,472,evoker,devastation,12,5,7
Luu,the-maelstrom,384,evoker,devastation,6,4,2
Billyhassan,stormscale,384,evoker,devastation,6,4,2
Deathdream,stormscale,384,evoker,devastation,6,4,2
Iblvicanfly,stormscale,384,evoker,devastation,6,4,2
Bläckrow,tarren-mill,384,evoker,devastation,6,4,2
Dragorus,stormscale,384,evoker,devastation,6,4,2
Theralon,tarren-mill,384,evoker,devastation,6,4,2
Skiora,argent-dawn,384,evoker,devastation,6,4,2
Blamdrake,blackhand,384,evoker,devastation,6,4,2
Scalewind,twisting-nether,384,evoker,devastation,6,4,2
Notadvanced,draenor,384,evoker,devastation,6,4,2
Wurm,shadowsong,384,evoker,devastation,6,4,2
Advancedboy,archimonde,384,evoker,devastation,6,4,2
Штеци,howling-fjord,384,evoker,devastation,6,4,2
Gulimvoker,aegwynn,384,evoker,devastation,6,4,2
Zyevoker,silvermoon,384,evoker,devastation,6,4,2
Spyróò,ravencrest,384,evoker,devastation,12,4,8
Лавеон,gordunni,384,evoker,devastation,12,4,8
Ãbl,silvermoon,384,evoker,devastation,12,4,8
Dracofeuxd,archimonde,384,evoker,devastation,12,4,8
Huangzhang,burning-legion,384,evoker,devastation,12,4,8
Дракарус,soulflayer,384,evoker,devastation,12,4,8
Nynnaydoth,drakthul,384,evoker,devastation,12,4,8
Croker,ravencrest,384,evoker,devastation,12,4,8
Draconz,stormrage,384,evoker,devastation,12,4,8
Bæxo,blackrock,384,evoker,devastation,18,4,14
Jamesdouglas,eredar,383,evoker,devastation,6,4,2
Bombrush,ragnaros,383,evoker,devastation,9,5,4
Ominobari,silvermoon,383,evoker,devastation,18,4,14
Sheego,anetheron,382,evoker,devastation,6,4,2
Мизурион,gordunni,382,evoker,devastation,6,4,2
Calonddraig,turalyon,382,evoker,devastation,6,4,2
Flameclaw,argent-dawn,382,evoker,devastation,6,4,2
Dracsamdi,tarren-mill,367,evoker,devastation,11,4,7
Tremola,twisting-nether,320,evoker,devastation,10,4,6
Belkavoker,zirkel-des-cenarius,319,evoker,devastation,5,4,1
Somntersu,argent-dawn,319,evoker,devastation,5,4,1
Darthagos,outland,288,evoker,devastation,6,3,3
Paizz,tarren-mill,288,evoker,devastation,6,3,3
Навидх,howling-fjord,288,evoker,devastation,6,3,3
Drachenwut,aegwynn,288,evoker,devastation,6,3,3
Flippmoker,argent-dawn,288,evoker,devastation,6,3,3
Rosiash,auchindoun,288,evoker,devastation,6,3,3
Lìshrá,baelgun,288,evoker,devastation,6,3,3
Dalsath,silvermoon,288,evoker,devastation,6,3,3
Dracofion,ravencrest,288,evoker,devastation,6,3,3
Feinerkerl,blackmoore,288,evoker,devastation,6,3,3
Drôgon,archimonde,288,evoker,devastation,6,3,3
Azurog,blackmoore,288,evoker,devastation,6,3,3
Whaazzdragon,tarren-mill,288,evoker,devastation,6,3,3
Bestofriendo,eredar,288,evoker,devastation,6,3,3
Ðragøn,argent-dawn,288,evoker,devastation,6,3,3
Ripgódx,bronzebeard,288,evoker,devastation,6,3,3
Adônis,malorne,288,evoker,devastation,6,3,3
Норус,howling-fjord,288,evoker,devastation,6,3,3
Silvior,outland,288,evoker,devastation,6,3,3
Тектрис,howling-fjord,288,evoker,devastation,6,3,3
Fivebeers,silvermoon,288,evoker,devastation,6,3,3
Malowux,outland,288,evoker,devastation,6,3,3
Драккалис,eversong,288,evoker,devastation,6,3,3
Jrmdragik,kaelthas,288,evoker,devastation,6,3,3
Ughvoker,kazzak,288,evoker,devastation,6,3,3
Lajra,ragnaros,288,evoker,devastation,6,3,3
Jaykvoker,kazzak,288,evoker,devastation,6,3,3
Devoxz,tarren-mill,288,evoker,devastation,6,3,3
Nózdormuwu,argent-dawn,288,evoker,devastation,6,3,3
Alusiedrake,ravencrest,288,evoker,devastation,6,3,3
Drokki,burning-legion,288,evoker,devastation,6,3,3
Merqury,ravencrest,288,evoker,devastation,6,3,3
Nerõ,thrall,288,evoker,devastation,6,3,3
Hateroll,ravencrest,288,evoker,devastation,6,3,3
Azustraza,ysondre,288,evoker,devastation,6,3,3
Azzazed,dun-modr,288,evoker,devastation,6,3,3
Feldrac,ravencrest,288,evoker,devastation,6,3,3
Nørgan,die-aldor,288,evoker,devastation,6,3,3
Louzard,draenor,288,evoker,devastation,6,3,3
Mollÿ,sanguino,288,evoker,devastation,6,3,3
Nerfmeplze,outland,288,evoker,devastation,6,3,3
Geckonen,stormreaver,288,evoker,devastation,6,3,3
Эндемический,soulflayer,288,evoker,devastation,6,3,3
Shindragøsa,ysondre,288,evoker,devastation,12,3,9
Rhel,the-maelstrom,288,evoker,devastation,12,3,9
Valdrakken,anubarak,288,evoker,devastation,12,3,9
Hästdrake,the-maelstrom,288,evoker,devastation,12,3,9
Gailliade,archimonde,288,evoker,devastation,12,3,9
Kirkgon,terokkar,288,evoker,devastation,12,3,9
Tamargon,frostwhisper,288,evoker,devastation,12,3,9
Kharon,garrosh,288,evoker,devastation,18,3,15
Belianf,silvermoon,287,evoker,devastation,6,3,3
Sliimshady,dalaran,287,evoker,devastation,6,3,3
Drks,draenor,287,evoker,devastation,12,4,8
Aegonis,archimonde,287,evoker,devastation,12,3,9
Kirien,blackhand,234,evoker,devastation,22,4,18
Färsia,drakthul,223,evoker,devastation,8,3,5
Lelemion,arathor,192,evoker,devastation,6,2,4
Snàx,aggra-português,192,evoker,devastation,6,2,4
Kandragor,antonidas,192,evoker,devastation,6,2,4
Ellphi,illidan,192,evoker,devastation,6,2,4
Saratharion,argent-dawn,192,evoker,devastation,6,2,4
Митокада,soulflayer,192,evoker,devastation,6,2,4
Bittewhyally,grim-batol,192,evoker,devastation,6,2,4
Batmanjasii,eredar,192,evoker,devastation,6,2,4
Draaxy,twisting-nether,192,evoker,devastation,6,2,4
Adamâs,archimonde,192,evoker,devastation,6,2,4
Azzaanan,kirin-tor,192,evoker,devastation,6,2,4
Vynestria,argent-dawn,192,evoker,devastation,6,2,4
Shellfire,twisting-nether,192,evoker,devastation,6,2,4
Валказар,gordunni,192,evoker,devastation,6,2,4
Drevoker,daggerspine,192,evoker,devastation,6,2,4
Mørningstãr,ragnaros,192,evoker,devastation,6,2,4
Oogabuga,outland,192,evoker,devastation,6,2,4
Fueu,draenor,192,evoker,devastation,6,2,4
Bal,arakarahm,192,evoker,devastation,6,2,4
Reddeaddrago,silvermoon,192,evoker,devastation,6,2,4
Chürbis,blackmoore,192,evoker,devastation,6,2,4
Twokgbananas,blackhand,192,evoker,devastation,6,2,4
Exitelolx,blackrock,192,evoker,devastation,6,2,4
Raøug,blackmoore,192,evoker,devastation,6,2,4
Norskairline,kazzak,192,evoker,devastation,6,2,4
Niluslangbal,stormscale,192,evoker,devastation,6,2,4
Evøcado,blackmoore,192,evoker,devastation,6,2,4
Kroqmoo,drekthar,192,evoker,devastation,7,2,5
Lubyan,pozzo-delleternità,192,evoker,devastation,18,3,15
Jacra,twisting-nether,192,evoker,devastation,12,2,10
Andragosa,confrérie-du-thorium,192,evoker,devastation,12,2,10
Nybxx,frostmane,192,evoker,devastation,12,2,10
Erenhan,archimonde,192,evoker,devastation,12,2,10
Дракомант,eversong,192,evoker,devastation,12,2,10
Czerwonooki,turalyon,192,evoker,devastation,12,2,10
Kraakraa,turalyon,191,evoker,devastation,6,2,4
Deimong,khaz-modan,191,evoker,devastation,6,2,4
Эллъис,gordunni,160,evoker,devastation,22,3,19
Вжухкия,gordunni,159,evoker,devastation,5,2,3
Gypsydrake,tarren-mill,159,evoker,devastation,8,3,5
Rufistraz,burning-legion,96,evoker,devastation,3,2,1
Tneen,stormscale,96,evoker,devastation,3,2,1
Craycry,argent-dawn,96,evoker,devastation,6,1,5
Holdya,archimonde,96,evoker,devastation,6,1,5
Devanthar,argent-dawn,96,evoker,devastation,6,1,5
Zørix,hyjal,96,evoker,devastation,6,1,5
Terrorwings,twisting-nether,96,evoker,devastation,6,1,5
Rawrdragon,twisting-nether,96,evoker,devastation,6,1,5
Asharys,argent-dawn,96,evoker,devastation,6,1,5
Jetfqds,archimonde,96,evoker,devastation,6,1,5
Dracarysfire,kazzak,96,evoker,devastation,6,1,5
Zerario,blackhand,96,evoker,devastation,6,1,5
Jpeo,blackhand,96,evoker,devastation,6,1,5
Vahamut,argent-dawn,96,evoker,devastation,6,1,5
Eosin,blackrock,96,evoker,devastation,6,1,5
Barneyxx,tarren-mill,96,evoker,devastation,6,1,5
Oldlizard,blackrock,96,evoker,devastation,6,1,5
Retyss,twisting-nether,96,evoker,devastation,6,1,5
Ronmanarmy,blackrock,96,evoker,devastation,6,1,5
Skyfire,stormscale,96,evoker,devastation,6,1,5
Мельхиор,booty-bay,96,evoker,devastation,6,1,5
Малесиндра,gordunni,96,evoker,devastation,6,1,5
Suba,tarren-mill,96,evoker,devastation,6,1,5
Spioche,burning-legion,96,evoker,devastation,12,1,11
Setur,outland,96,evoker,devastation,12,1,11
Effrt,ravencrest,96,evoker,devastation,12,1,11
Xidalulz,sylvanas,63,evoker,devastation,2,2,0
Bulydracguir,kazzak,42,evoker,devastation,7,2,5
Abragan,aegwynn,31,evoker,devastation,2,1,1
Âspên,archimonde,31,evoker,devastation,2,1,1
Thundermifln,nemesis,16,evoker,devastation,1,1,0
Pjållistani,ravencrest,2004,hunter,marksmanship,155,85,70
Olyleskotch,ravencrest,1983,hunter,marksmanship,60,31,29
Nennimi,ravencrest,1978,hunter,marksmanship,87,44,43
Alêx,outland,1973,hunter,marksmanship,114,58,56
Yasuohasagi,archimonde,1967,hunter,marksmanship,60,30,30
Stavfel,kazzak,1965,hunter,marksmanship,95,49,46
Мартидэн,howling-fjord,1949,hunter,marksmanship,155,76,79
Drxta,blackrock,1937,hunter,marksmanship,72,36,36
Yezzu,sylvanas,1936,hunter,marksmanship,68,34,34
Wruck,echsenkessel,1930,hunter,marksmanship,114,65,49
Stylez,emeriss,1906,hunter,marksmanship,48,28,20
Huprah,ravencrest,1901,hunter,marksmanship,126,63,63
Matasso,burning-legion,1897,hunter,marksmanship,155,76,79
Ceitronox,argent-dawn,1852,hunter,marksmanship,48,27,21
Aimywinehaus,drakthul,1840,hunter,marksmanship,60,31,29
Душнила,razuvious,1840,hunter,marksmanship,101,51,50
Evacuatur,argent-dawn,1826,hunter,marksmanship,66,33,33
Wildheárt,aegwynn,1824,hunter,marksmanship,66,35,31
Ancalarion,tarren-mill,1824,hunter,marksmanship,54,26,28
Hï,eitrigg,1819,hunter,marksmanship,72,35,37
Cenaa,ragnaros,1816,hunter,marksmanship,25,19,6
Techpoint,silvermoon,1816,hunter,marksmanship,42,27,15
Crôwley,twisting-nether,1816,hunter,marksmanship,54,30,24
Skilachi,stormscale,1814,hunter,marksmanship,66,30,36
Xoarqt,aegwynn,1812,hunter,marksmanship,72,32,40
Áñmy,ravencrest,1804,hunter,marksmanship,53,28,25
Aimshotx,stormscale,1801,hunter,marksmanship,48,28,20
Mogwai,stormscale,1801,hunter,marksmanship,59,29,30
Passalaqua,aegwynn,1783,hunter,marksmanship,72,43,29
Warbringerx,stormscale,1782,hunter,marksmanship,36,19,17
Åíøñs,kazzak,1778,hunter,marksmanship,35,19,16
Myice,twisting-nether,1771,hunter,marksmanship,66,36,30
Buffrøgues,ravencrest,1768,hunter,marksmanship,157,80,77
Bestregards,ravencrest,1767,hunter,marksmanship,83,37,46
Johnreapèr,sylvanas,1751,hunter,marksmanship,71,33,38
Harrianlar,ravenholdt,1750,hunter,marksmanship,60,23,37
Ремонтлицаа,gordunni,1749,hunter,marksmanship,103,62,41
Mógwaí,stormscale,1739,hunter,marksmanship,54,29,25
Lenooby,blades-edge,1736,hunter,marksmanship,72,36,36
Murtagh,khaz-modan,1733,hunter,marksmanship,72,37,35
Лотариель,howling-fjord,1728,hunter,marksmanship,66,34,32
Trashcarlito,eredar,1725,hunter,marksmanship,36,23,13
Onlystuns,sylvanas,1720,hunter,marksmanship,47,22,25
Арамор,blackscar,1715,hunter,marksmanship,46,26,20
Hallé,frostmane,1714,hunter,marksmanship,78,43,35
Strikke,archimonde,1709,hunter,marksmanship,42,18,24
Amistat,kazzak,1699,hunter,marksmanship,84,41,43
Setyouintrap,ravencrest,1698,hunter,marksmanship,42,24,18
Xanter,blackrock,1698,hunter,marksmanship,62,29,33
Huntrag,tarren-mill,1696,hunter,marksmanship,241,119,122
Huntsmart,kazzak,1682,hunter,marksmanship,78,34,44
Lowcaskor,turalyon,1678,hunter,marksmanship,47,26,21
Dis,twilights-hammer,1675,hunter,marksmanship,47,22,25
Velrox,blackmoore,1674,hunter,marksmanship,60,30,30
Podroto,tyrande,1672,hunter,marksmanship,47,19,28
Bearmane,tarren-mill,1670,hunter,marksmanship,82,42,40
Jabela,eredar,1668,hunter,marksmanship,78,35,43
Rizlay,the-maelstrom,1663,hunter,marksmanship,84,38,46
Triggaz,stormscale,1661,hunter,marksmanship,79,38,41
Maticshorter,blackmoore,1660,hunter,marksmanship,29,18,11
Eldrekou,kazzak,1657,hunter,marksmanship,48,22,26
Murkek,drakthul,1653,hunter,marksmanship,42,26,16
Misstrap,drakthul,1652,hunter,marksmanship,35,22,13
Адвентурер,howling-fjord,1652,hunter,marksmanship,96,53,43
Speedhack,argent-dawn,1650,hunter,marksmanship,63,35,28
Xqzmytrapz,blackrock,1650,hunter,marksmanship,36,18,18
Dragnial,kazzak,1649,hunter,marksmanship,47,22,25
Травок,gordunni,1648,hunter,marksmanship,58,32,26
Dexter,ravencrest,1639,hunter,marksmanship,143,67,76
Sindorian,aggra-português,1638,hunter,marksmanship,36,19,17
Evengance,dragonblight,1637,hunter,marksmanship,54,38,16
Naid,lordaeron,1632,hunter,marksmanship,36,20,16
Амореселф,gordunni,1629,hunter,marksmanship,59,25,34
Куфачка,soulflayer,1627,hunter,marksmanship,36,17,19
Аккулэйд,blackscar,1625,hunter,marksmanship,48,21,27
Nidaliyae,archimonde,1624,hunter,marksmanship,42,20,22
Natchell,ysondre,1623,hunter,marksmanship,48,22,26
Ледо,deathguard,1621,hunter,marksmanship,42,19,23
Килофвратх,gordunni,1615,hunter,marksmanship,95,46,49
Jetay,silvermoon,1613,hunter,marksmanship,60,33,27
Играсломана,howling-fjord,1613,hunter,marksmanship,39,21,18
Khregan,aerie-peak,1612,hunter,marksmanship,36,17,19
Дарктеххно,howling-fjord,1611,hunter,marksmanship,30,17,13
Loretta,ragnaros,1609,hunter,marksmanship,47,27,20
Crétin,archimonde,1605,hunter,marksmanship,38,20,18
Streetxpres,nethersturm,1602,hunter,marksmanship,35,19,16
Gugenot,tarren-mill,1589,hunter,marksmanship,56,33,23
Desudi,tarren-mill,1588,hunter,marksmanship,59,30,29
Крой,howling-fjord,1588,hunter,marksmanship,83,40,43
Hotshòt,silvermoon,1587,hunter,marksmanship,96,52,44
Recrent,kazzak,1582,hunter,marksmanship,96,53,43
Nätzz,dun-modr,1581,hunter,marksmanship,43,20,23
Inayah,outland,1571,hunter,marksmanship,121,65,56
Scheixanter,drakthul,1570,hunter,marksmanship,146,72,74
Lebalaffré,arathi,1562,hunter,marksmanship,77,41,36
Лисатия,gordunni,1562,hunter,marksmanship,48,22,26
Minisay,magtheridon,1559,hunter,marksmanship,232,116,116
Vruh,antonidas,1557,hunter,marksmanship,48,28,20
Мизэрица,soulflayer,1556,hunter,marksmanship,66,32,34
Mantinell,hellfire,1553,hunter,marksmanship,36,20,16
Çryneth,ravencrest,1551,hunter,marksmanship,74,38,36
Hardscoped,tarren-mill,1550,hunter,marksmanship,58,27,31
Хальвеген,gordunni,1546,hunter,marksmanship,176,89,87
Миссклик,soulflayer,1544,hunter,marksmanship,54,33,21
Vangeroth,kazzak,1543,hunter,marksmanship,264,137,127
Elja,laughing-skull,1534,hunter,marksmanship,42,25,17
Mînérvá,blackhand,1530,hunter,marksmanship,60,38,22
Jamzyhunter,emerald-dream,1530,hunter,marksmanship,42,17,25
Miladinorc,azjolnerub,1524,hunter,marksmanship,42,26,16
Swïtchz,hyjal,1521,hunter,marksmanship,81,42,39
Kariss,khaz-modan,1521,hunter,marksmanship,143,71,72
Trytoconnect,ravencrest,1516,hunter,marksmanship,48,26,22
Eenel,twisting-nether,1513,hunter,marksmanship,30,16,14
Eferos,quelthalas,1513,hunter,marksmanship,60,26,34
Souljâh,ravencrest,1511,hunter,marksmanship,35,20,15
Deuterium,stormscale,1509,hunter,marksmanship,24,16,8
Jup,elune,1507,hunter,marksmanship,49,17,32
Focushunter,outland,1506,hunter,marksmanship,64,30,34
Ekz,twisting-nether,1504,hunter,marksmanship,40,20,20
Sizemattersx,kazzak,1503,hunter,marksmanship,38,16,22
Pickaboo,defias-brotherhood,1502,hunter,marksmanship,197,99,98
Rattentäter,alexstrasza,1498,hunter,marksmanship,54,28,26
Yarnvid,twisting-nether,1487,hunter,marksmanship,123,62,61
Surtfire,alonsus,1485,hunter,marksmanship,78,40,38
Chaussons,kazzak,1479,hunter,marksmanship,102,51,51
Àfpro,hyjal,1476,hunter,marksmanship,52,24,28
Афигеннски,ashenvale,1473,hunter,marksmanship,66,31,35
Emnia,argent-dawn,1470,hunter,marksmanship,78,37,41
Хжв,ashenvale,1469,hunter,marksmanship,56,28,28
Дисконнэктор,soulflayer,1467,hunter,marksmanship,72,27,45
Короткиствол,gordunni,1463,hunter,marksmanship,48,21,27
Smekminbåge,tarren-mill,1462,hunter,marksmanship,36,16,20
Jurá,perenolde,1457,hunter,marksmanship,47,20,27
Tntabsotrap,silvermoon,1455,hunter,marksmanship,82,44,38
Daela,elune,1455,hunter,marksmanship,77,32,45
Rex,chamber-of-aspects,1454,hunter,marksmanship,39,23,16
Autoturret,eredar,1454,hunter,marksmanship,48,24,24
Mizumo,burning-legion,1450,hunter,marksmanship,109,63,46
Bollo,malganis,1449,hunter,marksmanship,61,29,32
Meinkoenig,frostwolf,1448,hunter,marksmanship,48,30,18
Будкусломаю,grom,1447,hunter,marksmanship,77,35,42
Bapt,blackrock,1447,hunter,marksmanship,42,17,25
Hunsed,sanguino,1445,hunter,marksmanship,42,26,16
Balamut,aegwynn,1445,hunter,marksmanship,83,45,38
Carpante,nemesis,1442,hunter,marksmanship,72,34,38
Asthorio,stormscale,1442,hunter,marksmanship,89,39,50
Keskolica,outland,1441,hunter,marksmanship,42,20,22
Эльк,gordunni,1440,hunter,marksmanship,33,21,12
Barnabaz,skullcrusher,1439,hunter,marksmanship,30,16,14
Nanns,silvermoon,1439,hunter,marksmanship,53,26,27
Джоуе,ashenvale,1437,hunter,marksmanship,30,15,15
Luuszapfae,aegwynn,1436,hunter,marksmanship,29,16,13
Nagu,antonidas,1435,hunter,marksmanship,30,15,15
Skillzone,silvermoon,1432,hunter,marksmanship,36,15,21
Оленнька,howling-fjord,1431,hunter,marksmanship,48,30,18
Jeston,amanthul,1430,hunter,marksmanship,49,23,26
Summa,silvermoon,1424,hunter,marksmanship,60,27,33
Ønske,azjolnerub,1423,hunter,marksmanship,48,25,23
Mfbloom,blackmoore,1423,hunter,marksmanship,30,15,15
Ashimaru,sylvanas,1423,hunter,marksmanship,63,31,32
Lobos,ravencrest,1423,hunter,marksmanship,54,24,30
Shootingbob,blackrock,1421,hunter,marksmanship,42,23,19
Kravên,anubarak,1417,hunter,marksmanship,63,32,31
Zirilan,nemesis,1416,hunter,marksmanship,58,28,30
Kalima,malfurion,1416,hunter,marksmanship,72,28,44
Mindgap,pozzo-delleternità,1415,hunter,marksmanship,80,38,42
Firescorpion,onyxia,1414,hunter,marksmanship,30,19,11
Darts,outland,1414,hunter,marksmanship,30,15,15
Вееном,gordunni,1414,hunter,marksmanship,93,45,48
Аскентр,gordunni,1411,hunter,marksmanship,67,31,36
Elonyr,sanguino,1411,hunter,marksmanship,196,90,106
Имбакласс,howling-fjord,1407,hunter,marksmanship,36,20,16
Scatshot,grim-batol,1401,hunter,marksmanship,24,16,8
Еввнух,gordunni,1401,hunter,marksmanship,72,31,41
Hiðe,archimonde,1399,hunter,marksmanship,56,28,28
Ронингуд,gordunni,1398,hunter,marksmanship,30,16,14
Darm,sunstrider,1398,hunter,marksmanship,36,15,21
Meskette,ravencrest,1396,hunter,marksmanship,24,15,9
Длинноемоджо,soulflayer,1396,hunter,marksmanship,213,100,113
Begøne,draenor,1392,hunter,marksmanship,18,15,3
Ensomnia,silvermoon,1382,hunter,marksmanship,24,19,5
Gilgharsh,rajaxx,1380,hunter,marksmanship,42,20,22
Lincolne,ravencrest,1375,hunter,marksmanship,41,17,24
Stingarrow,stormscale,1374,hunter,marksmanship,42,24,18
Plzdontrun,sylvanas,1374,hunter,marksmanship,36,18,18
Lrr,grim-batol,1370,hunter,marksmanship,18,15,3
Vavabxl,ysondre,1370,hunter,marksmanship,102,47,55
Doncar,stormscale,1367,hunter,marksmanship,87,38,49
Mmaaee,ravencrest,1365,hunter,marksmanship,58,33,25
Aimnfire,anachronos,1363,hunter,marksmanship,46,24,22
Absolutnoob,blackrock,1362,hunter,marksmanship,38,21,17
Cutehuntér,ragnaros,1360,hunter,marksmanship,47,21,26
Slmao,tarren-mill,1357,hunter,marksmanship,60,27,33
Szybky,defias-brotherhood,1354,hunter,marksmanship,60,25,35
Crar,frostwolf,1347,hunter,marksmanship,38,21,17
Bøøgy,silvermoon,1347,hunter,marksmanship,116,60,56
Gromaya,elune,1342,hunter,marksmanship,47,23,24
Adariana,archimonde,1342,hunter,marksmanship,36,16,20
Скартэкс,howling-fjord,1340,hunter,marksmanship,26,18,8
Pekkoe,khaz-modan,1339,hunter,marksmanship,24,17,7
Xalaar,frostwolf,1339,hunter,marksmanship,62,33,29
Røxxilia,blackmoore,1339,hunter,marksmanship,60,26,34
Prodanhunts,frostmane,1336,hunter,marksmanship,66,32,34
Nirn,ravencrest,1335,hunter,marksmanship,30,14,16
Antiork,doomhammer,1335,hunter,marksmanship,48,22,26
Encore,sylvanas,1334,hunter,marksmanship,48,23,25
Rzeezznik,burning-legion,1333,hunter,marksmanship,24,14,10
Шимэйла,gordunni,1333,hunter,marksmanship,67,31,36
Moschtix,forscherliga,1333,hunter,marksmanship,48,20,28
Gunlaugr,defias-brotherhood,1331,hunter,marksmanship,27,14,13
Wmaximoff,tarren-mill,1331,hunter,marksmanship,56,20,36
Deadfire,hyjal,1325,hunter,marksmanship,42,20,22
Diapositiv,draenor,1325,hunter,marksmanship,30,14,16
Maroxy,ragnaros,1325,hunter,marksmanship,35,14,21
Selaesa,chamber-of-aspects,1321,hunter,marksmanship,45,22,23
Amphi,stormscale,1320,hunter,marksmanship,66,36,30
Zirgoo,outland,1320,hunter,marksmanship,66,28,38
Glad,argent-dawn,1320,hunter,marksmanship,77,32,45
Tupalax,outland,1320,hunter,marksmanship,52,20,32
Donneraàn,blackrock,1319,hunter,marksmanship,60,33,27
Abraxan,twisting-nether,1318,hunter,marksmanship,34,22,12
Smitheye,argent-dawn,1314,hunter,marksmanship,129,63,66
Роктджана,deathguard,1314,hunter,marksmanship,52,21,31
Narawinger,silvermoon,1310,hunter,marksmanship,36,21,15
Arrowdoxx,silvermoon,1310,hunter,marksmanship,117,51,66
Pappous,kul-tiras,1309,hunter,marksmanship,56,28,28
Høward,aegwynn,1300,hunter,marksmanship,36,20,16
Samhunt,blackrock,1299,hunter,marksmanship,29,14,15
Bobleearrow,darkspear,1294,hunter,marksmanship,47,22,25
Kyudo,ravencrest,1291,hunter,marksmanship,43,18,25
Yoúmad,draenor,1288,hunter,marksmanship,28,14,14
Rupeebtw,stormscale,1285,hunter,marksmanship,96,43,53
Rabiate,blackrock,1284,hunter,marksmanship,34,16,18
Zushji,ysondre,1284,hunter,marksmanship,51,17,34
Eskubar,burning-legion,1278,hunter,marksmanship,36,20,16
Babclaar,culte-de-la-rive-noire,1277,hunter,marksmanship,24,14,10
Fauda,hellscream,1277,hunter,marksmanship,30,15,15
Doomhorg,quelthalas,1276,hunter,marksmanship,60,30,30
Waltuhwhite,teldrassil,1275,hunter,marksmanship,20,14,6
Iòvól,azuremyst,1274,hunter,marksmanship,82,41,41
Boomkillshot,zuljin,1267,hunter,marksmanship,62,33,29
Silvyina,todeswache,1267,hunter,marksmanship,40,19,21
Zelira,boulderfist,1262,hunter,marksmanship,76,33,43
Klarix,outland,1258,hunter,marksmanship,28,14,14
Хантвкроксах,gordunni,1257,hunter,marksmanship,22,14,8
Феорика,grom,1257,hunter,marksmanship,66,33,33
Booms,eonar,1254,hunter,marksmanship,65,31,34
Mönster,ravenholdt,1248,hunter,marksmanship,27,14,13
Mspt,archimonde,1248,hunter,marksmanship,30,13,17
Lísy,hyjal,1244,hunter,marksmanship,24,13,11
Arung,ravencrest,1244,hunter,marksmanship,24,13,11
Iilac,argent-dawn,1242,hunter,marksmanship,184,104,80
Epheso,daggerspine,1242,hunter,marksmanship,24,13,11
Poatan,outland,1240,hunter,marksmanship,164,86,78
Арийская,gordunni,1238,hunter,marksmanship,59,26,33
Zeanoff,ravencrest,1236,hunter,marksmanship,18,13,5
Хантнерюга,gordunni,1236,hunter,marksmanship,24,13,11
Огнеборик,howling-fjord,1235,hunter,marksmanship,30,13,17
Shedzargo,twisting-nether,1234,hunter,marksmanship,24,13,11
Fränko,ravencrest,1234,hunter,marksmanship,30,13,17
Mainblu,nemesis,1231,hunter,marksmanship,30,14,16
Wowkulaka,kazzak,1228,hunter,marksmanship,24,13,11
Xesih,twisting-nether,1228,hunter,marksmanship,53,23,30
Sivoh,silvermoon,1227,hunter,marksmanship,50,23,27
Rmnsbm,blackmoore,1224,hunter,marksmanship,24,13,11
Andtamed,thunderhorn,1224,hunter,marksmanship,36,16,20
Mânhunt,blackhand,1222,hunter,marksmanship,24,13,11
Travels,tarren-mill,1222,hunter,marksmanship,30,13,17
Одисенс,eversong,1220,hunter,marksmanship,109,55,54
Redneckjoe,draenor,1219,hunter,marksmanship,41,18,23
Swáy,twisting-nether,1216,hunter,marksmanship,250,122,128
Elyxa,ysondre,1211,hunter,marksmanship,54,30,24
Ксидре,eversong,1210,hunter,marksmanship,36,16,20
Эвилтар,soulflayer,1206,hunter,marksmanship,26,14,12
Vïcødïnë,sinstralis,1205,hunter,marksmanship,48,20,28
Jðsi,dalaran,1205,hunter,marksmanship,54,22,32
Arize,quelthalas,1204,hunter,marksmanship,67,32,35
Skohal,draenor,1200,hunter,marksmanship,78,36,42
Хапмьюзик,howling-fjord,1199,hunter,marksmanship,54,20,34
Watty,chogall,1195,hunter,marksmanship,88,45,43
Fetts,silvermoon,1189,hunter,marksmanship,56,29,27
Bigfoot,argent-dawn,1189,hunter,marksmanship,129,56,73
Touscahunter,kazzak,1188,hunter,marksmanship,264,133,131
Féliché,elune,1188,hunter,marksmanship,72,27,45
Blowplac,moonglade,1183,hunter,marksmanship,52,21,31
Opsi,area-52,1182,hunter,marksmanship,60,25,35
Blackas,dun-modr,1180,hunter,marksmanship,60,27,33
Mántîs,argent-dawn,1174,hunter,marksmanship,43,20,23
Каизик,soulflayer,1173,hunter,marksmanship,35,14,21
Naven,minahonda,1170,hunter,marksmanship,36,15,21
Lillynahh,argent-dawn,1169,hunter,marksmanship,127,59,68
Rikishot,ravencrest,1167,hunter,marksmanship,40,18,22
Celtya,archimonde,1166,hunter,marksmanship,135,69,66
Tránsphobic,kilrogg,1162,hunter,marksmanship,36,17,19
Naghtel,die-silberne-hand,1159,hunter,marksmanship,36,22,14
Sâetha,dun-modr,1157,hunter,marksmanship,36,14,22
Taveon,turalyon,1154,hunter,marksmanship,36,13,23
Jodd,ragnaros,1152,hunter,marksmanship,24,12,12
Nharul,blackmoore,1149,hunter,marksmanship,24,12,12
Rêmøórsêlês,outland,1148,hunter,marksmanship,21,13,8
Klinksz,ysondre,1148,hunter,marksmanship,27,13,14
Kendow,blackrock,1148,hunter,marksmanship,60,27,33
Farmerjoee,alakir,1147,hunter,marksmanship,24,13,11
Piit,elune,1146,hunter,marksmanship,24,12,12
Migro,sylvanas,1145,hunter,marksmanship,24,12,12
Bgkrasavec,stormscale,1142,hunter,marksmanship,75,36,39
Белыйатомщик,howling-fjord,1142,hunter,marksmanship,30,12,18
Voitelka,terokkar,1141,hunter,marksmanship,62,32,30
Bæst,elune,1140,hunter,marksmanship,19,12,7
Breier,argent-dawn,1140,hunter,marksmanship,53,25,28
Survivr,frostmane,1139,hunter,marksmanship,24,14,10
Kakadoo,twisting-nether,1131,hunter,marksmanship,36,16,20
Дайпострелят,gordunni,1127,hunter,marksmanship,30,12,18
Anpaytoo,antonidas,1126,hunter,marksmanship,36,14,22
Lightarròw,nordrassil,1122,hunter,marksmanship,30,12,18
Cooroona,stormrage,1119,hunter,marksmanship,24,12,12
Serihu,cthun,1119,hunter,marksmanship,36,12,24
Akyra,runetotem,1115,hunter,marksmanship,30,12,18
Эннабонни,gordunni,1108,hunter,marksmanship,24,12,12
Hollabackgrl,outland,1105,hunter,marksmanship,42,18,24
Snaped,malganis,1105,hunter,marksmanship,29,12,17
Neosmoke,shadowsong,1101,hunter,marksmanship,48,19,29
Neldrassil,blackmoore,1100,hunter,marksmanship,35,18,17
Cpflex,arthas,1097,hunter,marksmanship,35,12,23
Azsräel,dalaran,1094,hunter,marksmanship,56,22,34
Анхантэй,lich-king,1092,hunter,marksmanship,136,69,67
Overhït,hyjal,1090,hunter,marksmanship,77,34,43
Йошумитсу,howling-fjord,1084,hunter,marksmanship,56,29,27
Robìnhood,nemesis,1080,hunter,marksmanship,42,22,20
Thelasiel,aerie-peak,1079,hunter,marksmanship,67,33,34
Лорбан,gordunni,1078,hunter,marksmanship,26,13,13
Bendit,eredar,1076,hunter,marksmanship,42,20,22
Narøs,blackhand,1076,hunter,marksmanship,76,31,45
Retroxia,stormreaver,1075,hunter,marksmanship,26,12,14
Sisilianno,khaz-modan,1073,hunter,marksmanship,124,55,69
Jozsiur,ragnaros,1071,hunter,marksmanship,18,12,6
Chassfurax,hyjal,1067,hunter,marksmanship,48,19,29
Bobihunt,argent-dawn,1066,hunter,marksmanship,24,12,12
Tinlop,ragnaros,1058,hunter,marksmanship,72,29,43
Ispo,frostwolf,1057,hunter,marksmanship,82,40,42
Chindala,zuljin,1056,hunter,marksmanship,24,11,13
Сандабар,borean-tundra,1055,hunter,marksmanship,41,20,21
Suchskill,stormreaver,1055,hunter,marksmanship,24,11,13
Nêzz,tarren-mill,1055,hunter,marksmanship,24,11,13
Vanstro,ragnaros,1055,hunter,marksmanship,24,11,13
Iceyx,stormscale,1055,hunter,marksmanship,30,11,19
Kayvaal,kaelthas,1052,hunter,marksmanship,18,11,7
Lonewolfe,ravencrest,1051,hunter,marksmanship,112,51,61
Kbesagrillo,sanguino,1050,hunter,marksmanship,24,11,13
Artémíss,kazzak,1050,hunter,marksmanship,24,11,13
Lennylynx,garrosh,1049,hunter,marksmanship,24,11,13
Слезыотлука,howling-fjord,1048,hunter,marksmanship,18,11,7
Laskoo,tarren-mill,1047,hunter,marksmanship,18,11,7
Zendar,blackmoore,1047,hunter,marksmanship,33,12,21
Blacksyo,elune,1042,hunter,marksmanship,27,11,16
Винтаж,deepholm,1041,hunter,marksmanship,59,26,33
Cêdric,alleria,1041,hunter,marksmanship,28,12,16
Oatmeal,dun-morogh,1039,hunter,marksmanship,65,33,32
Bélier,hyjal,1033,hunter,marksmanship,50,25,25
Arrown,outland,1033,hunter,marksmanship,29,12,17
Madtony,aegwynn,1029,hunter,marksmanship,24,11,13
Hoody,culte-de-la-rive-noire,1027,hunter,marksmanship,25,13,12
Sinsé,conseil-des-ombres,1026,hunter,marksmanship,22,12,10
Talcaliste,archimonde,1026,hunter,marksmanship,45,16,29
Dentaar,draenor,1025,hunter,marksmanship,101,48,53
Хакаар,grom,1025,hunter,marksmanship,49,20,29
Réja,norgannon,1024,hunter,marksmanship,25,11,14
Olnàk,ysondre,1023,hunter,marksmanship,60,32,28
Slicer,arthas,1023,hunter,marksmanship,73,31,42
Fèhn,krasus,1019,hunter,marksmanship,24,14,10
Noobatala,tarren-mill,1018,hunter,marksmanship,36,17,19
Crní,tarren-mill,1015,hunter,marksmanship,81,37,44
Tungusta,defias-brotherhood,1006,hunter,marksmanship,42,19,23
Nutzz,ragnaros,1006,hunter,marksmanship,41,15,26
Брухлянка,gordunni,1003,hunter,marksmanship,24,12,12
Ashkabous,kazzak,1000,hunter,marksmanship,36,19,17
Gilgalat,drakthul,997,hunter,marksmanship,41,16,25
Agarez,blackrock,996,hunter,marksmanship,36,18,18
Aratoxx,blackmoore,993,hunter,marksmanship,18,11,7
Jaýlah,draenor,991,hunter,marksmanship,54,24,30
Bonquiesha,tarren-mill,991,hunter,marksmanship,25,11,14
Lookmyezzy,ravencrest,990,hunter,marksmanship,20,11,9
Tomtus,aggramar,983,hunter,marksmanship,55,27,28
Hkizzler,kazzak,977,hunter,marksmanship,62,24,38
Ártemide,pozzo-delleternità,975,hunter,marksmanship,33,15,18
Jisila,ravencrest,973,hunter,marksmanship,51,22,29
Bekrepál,outland,960,hunter,marksmanship,18,10,8
Nyxìa,shattered-halls,960,hunter,marksmanship,18,10,8
Квит,blackscar,960,hunter,marksmanship,24,10,14
Littlerat,kult-der-verdammten,959,hunter,marksmanship,18,10,8
Amortên,silvermoon,959,hunter,marksmanship,18,10,8
Velites,aggra-português,959,hunter,marksmanship,18,10,8
Шотнес,gordunni,959,hunter,marksmanship,24,10,14
Тамирка,deathguard,958,hunter,marksmanship,12,10,2
Shaib,kazzak,958,hunter,marksmanship,18,10,8
Everya,ravencrest,958,hunter,marksmanship,18,10,8
Metalbaci,sylvanas,958,hunter,marksmanship,18,10,8
Birgitta,jaedenar,958,hunter,marksmanship,24,10,14
Yelanna,argent-dawn,957,hunter,marksmanship,18,10,8
Zlejkadlec,burning-blade,957,hunter,marksmanship,24,10,14
Huntazt,draenor,956,hunter,marksmanship,18,10,8
Tiidus,burning-legion,955,hunter,marksmanship,18,10,8
Zrijad,draenor,955,hunter,marksmanship,18,10,8
Johnydep,silvermoon,955,hunter,marksmanship,30,10,20
Setis,uldaman,955,hunter,marksmanship,36,10,26
Фузег,deathguard,953,hunter,marksmanship,18,10,8
Rediction,ravencrest,953,hunter,marksmanship,24,10,14
Phillon,blackrock,949,hunter,marksmanship,12,10,2
Aaryel,outland,948,hunter,marksmanship,18,10,8
Azaella,tarren-mill,948,hunter,marksmanship,18,10,8
Yanger,burning-legion,946,hunter,marksmanship,30,10,20
Freezyshinkn,blackrock,945,hunter,marksmanship,18,11,7
Ililivillumi,tarren-mill,945,hunter,marksmanship,24,10,14
Vèreesa,azjolnerub,940,hunter,marksmanship,30,10,20
Sogoru,dun-modr,937,hunter,marksmanship,33,19,14
Ayshæ,tarren-mill,937,hunter,marksmanship,41,21,20
Thauana,los-errantes,934,hunter,marksmanship,18,10,8
Mhood,dun-morogh,931,hunter,marksmanship,56,27,29
Ранбоу,howling-fjord,929,hunter,marksmanship,115,55,60
Wìndrunner,malfurion,922,hunter,marksmanship,83,40,43
Laara,khaz-modan,922,hunter,marksmanship,107,49,58
Madida,ravencrest,916,hunter,marksmanship,29,15,14
Zicko,argent-dawn,908,hunter,marksmanship,41,16,25
Isarnexx,dun-modr,907,hunter,marksmanship,35,16,19
Euphellius,darkmoon-faire,907,hunter,marksmanship,36,15,21
Амобарбиталх,gordunni,901,hunter,marksmanship,33,11,22
Tenkai,cthun,896,hunter,marksmanship,42,21,21
Burondeya,twisting-nether,886,hunter,marksmanship,30,13,17
Adventures,darkmoon-faire,881,hunter,marksmanship,18,10,8
Luckyshooter,nethersturm,877,hunter,marksmanship,71,32,39
Лордввт,howling-fjord,874,hunter,marksmanship,30,14,16
Mimiop,hyjal,872,hunter,marksmanship,42,20,22
Aszasi,azjolnerub,871,hunter,marksmanship,25,10,15
Krøsh,blackmoore,870,hunter,marksmanship,36,16,20
Aliyah,blackmoore,867,hunter,marksmanship,66,33,33
Nyjal,archimonde,864,hunter,marksmanship,12,9,3
Feelmyfurý,tarren-mill,864,hunter,marksmanship,12,9,3
Mòzetonq,ravencrest,864,hunter,marksmanship,18,9,9
Denkstah,tarren-mill,864,hunter,marksmanship,18,9,9
Watchouttah,the-maelstrom,864,hunter,marksmanship,24,9,15
Jeddaj,stormscale,863,hunter,marksmanship,18,9,9
Jayri,ravencrest,863,hunter,marksmanship,18,9,9
Dafhel,hyjal,863,hunter,marksmanship,18,9,9
Какжеплевать,gordunni,862,hunter,marksmanship,12,9,3
Doubletap,ysondre,862,hunter,marksmanship,12,9,3
Mervyl,burning-legion,862,hunter,marksmanship,18,9,9
Шамагута,gordunni,862,hunter,marksmanship,18,9,9
Eilyn,quelthalas,862,hunter,marksmanship,18,9,9
Grolmgar,malganis,862,hunter,marksmanship,18,9,9
Obii,stormscale,862,hunter,marksmanship,18,9,9
Theuzikat,ragnaros,861,hunter,marksmanship,24,9,15
Deathshots,aggra-português,860,hunter,marksmanship,30,9,21
Jalcer,draenor,860,hunter,marksmanship,30,9,21
Джимуха,soulflayer,859,hunter,marksmanship,30,15,15
Gorá,dethecus,858,hunter,marksmanship,12,9,3
Sallina,blutkessel,858,hunter,marksmanship,18,9,9
Bazrzokh,elune,858,hunter,marksmanship,18,9,9
Gwalëndil,hyjal,858,hunter,marksmanship,24,9,15
Honzu,silvermoon,857,hunter,marksmanship,18,9,9
Krippie,dun-modr,857,hunter,marksmanship,36,16,20
Gintønic,blackmoore,857,hunter,marksmanship,36,9,27
Qmbonboni,ravencrest,855,hunter,marksmanship,24,9,15
Baraduh,sylvanas,853,hunter,marksmanship,18,9,9
Baldazr,shadowsong,853,hunter,marksmanship,24,9,15
Rivery,azjolnerub,852,hunter,marksmanship,18,10,8
Eldrilaon,arthas,852,hunter,marksmanship,39,18,21
Zerkarok,draenor,851,hunter,marksmanship,30,9,21
Фридор,deathguard,850,hunter,marksmanship,24,10,14
Omixloua,ragnaros,844,hunter,marksmanship,24,9,15
Ямакасси,thermaplugg,844,hunter,marksmanship,42,9,33
Bluetiger,azshara,842,hunter,marksmanship,22,10,12
Calea,zirkel-des-cenarius,835,hunter,marksmanship,30,13,17
Heavenlyx,area-52,835,hunter,marksmanship,36,9,27
Куфа,blackscar,831,hunter,marksmanship,20,10,10
Jibolad,stormreaver,831,hunter,marksmanship,18,9,9
Faelhorn,archimonde,831,hunter,marksmanship,18,9,9
Hylzen,outland,828,hunter,marksmanship,17,9,8
Rollei,uldum,816,hunter,marksmanship,18,9,9
Killitoss,blackmoore,815,hunter,marksmanship,21,9,12
Grafhunter,antonidas,814,hunter,marksmanship,69,32,37
Ímpulsion,stormscale,799,hunter,marksmanship,20,9,11
Nightshäde,aggra-português,797,hunter,marksmanship,28,9,19
Эксп,ashenvale,784,hunter,marksmanship,25,9,16
Väärä,stormscale,780,hunter,marksmanship,22,9,13
Greel,saurfang,778,hunter,marksmanship,60,24,36
Bøost,stormscale,768,hunter,marksmanship,12,8,4
Luzivar,malganis,768,hunter,marksmanship,12,8,4
Wolfud,pozzo-delleternità,768,hunter,marksmanship,18,8,10
Рбг,blackscar,768,hunter,marksmanship,18,8,10
Carre,twilights-hammer,768,hunter,marksmanship,18,8,10
Lègolas,sylvanas,768,hunter,marksmanship,18,8,10
Celesticx,chamber-of-aspects,768,hunter,marksmanship,18,8,10
Луврен,deepholm,768,hunter,marksmanship,30,8,22
Mareyn,argent-dawn,767,hunter,marksmanship,12,8,4
Llaz,silvermoon,767,hunter,marksmanship,12,8,4
Sylverain,silvermoon,767,hunter,marksmanship,12,8,4
Reyst,moonglade,767,hunter,marksmanship,12,8,4
Кривоватый,galakrond,767,hunter,marksmanship,12,8,4
Screewu,twisting-nether,767,hunter,marksmanship,18,8,10
Thallia,todeswache,767,hunter,marksmanship,18,8,10
Yunalèsca,eredar,767,hunter,marksmanship,18,8,10
Raegal,sanguino,767,hunter,marksmanship,18,8,10
Dasimir,blackrock,767,hunter,marksmanship,18,8,10
Skitari,draenor,767,hunter,marksmanship,18,8,10
Иоссифсталин,soulflayer,767,hunter,marksmanship,24,8,16
Silvyn,pozzo-delleternità,766,hunter,marksmanship,12,8,4
Ëluna,burning-legion,766,hunter,marksmanship,12,8,4
Shoót,blackmoore,766,hunter,marksmanship,18,8,10
Argahnim,azjolnerub,766,hunter,marksmanship,18,8,10
Kokowawaa,kazzak,766,hunter,marksmanship,24,8,16
Makaxx,stormscale,766,hunter,marksmanship,24,8,16
Ixôn,tarren-mill,765,hunter,marksmanship,24,8,16
Aourön,archimonde,764,hunter,marksmanship,18,8,10
Hunterdream,aszune,764,hunter,marksmanship,19,8,11
Juliã,dalaran,763,hunter,marksmanship,12,8,4
Talanar,tarren-mill,762,hunter,marksmanship,12,8,4
Shibai,outland,762,hunter,marksmanship,18,8,10
Серргио,soulflayer,761,hunter,marksmanship,12,8,4
Hunterhouse,draenor,761,hunter,marksmanship,23,8,15
Loca,twilights-hammer,760,hunter,marksmanship,24,8,16
Wetto,ravencrest,759,hunter,marksmanship,18,8,10
Енвина,gordunni,759,hunter,marksmanship,18,8,10
Gorett,kazzak,756,hunter,marksmanship,24,8,16
Thrund,burning-legion,751,hunter,marksmanship,12,8,4
Armoredtiger,grim-batol,748,hunter,marksmanship,18,8,10
Спелла,goldrinn,748,hunter,marksmanship,29,8,21
Erestor,hellfire,747,hunter,marksmanship,12,8,4
Ønur,twisting-nether,747,hunter,marksmanship,18,8,10
Sharpeyezz,ravencrest,728,hunter,marksmanship,29,10,19
Deathøfrats,ravencrest,719,hunter,marksmanship,11,8,3
Загзигзаг,soulflayer,710,hunter,marksmanship,21,9,12
Rèyz,blackhand,703,hunter,marksmanship,16,8,8
Hesuss,kazzak,672,hunter,marksmanship,12,7,5
Merquryh,ravencrest,672,hunter,marksmanship,12,7,5
Monnee,outland,672,hunter,marksmanship,12,7,5
Costner,darksorrow,672,hunter,marksmanship,12,7,5
Гусецап,gordunni,672,hunter,marksmanship,12,7,5
Sùnzí,alakir,672,hunter,marksmanship,12,7,5
Blackbane,ravencrest,672,hunter,marksmanship,12,7,5
Хвоостт,gordunni,672,hunter,marksmanship,12,7,5
Агелетка,gordunni,672,hunter,marksmanship,12,7,5
Dtq,silvermoon,672,hunter,marksmanship,12,7,5
Avaren,archimonde,672,hunter,marksmanship,12,7,5
Fluttershy,terokkar,672,hunter,marksmanship,12,7,5
Thugzilla,auchindoun,672,hunter,marksmanship,12,7,5
Spoonfingers,ravencrest,672,hunter,marksmanship,12,7,5
Xrey,ragnaros,672,hunter,marksmanship,12,7,5
Bigbowyahurd,draenor,672,hunter,marksmanship,12,7,5
Killershadow,twisting-nether,672,hunter,marksmanship,12,7,5
Weilerz,drakthul,672,hunter,marksmanship,12,7,5
Mclooving,runetotem,672,hunter,marksmanship,18,7,11
Трольболь,eversong,672,hunter,marksmanship,18,7,11
Påtrîckbátém,ravencrest,672,hunter,marksmanship,18,7,11
Джарвиз,soulflayer,672,hunter,marksmanship,18,7,11
Ahrtemís,destromath,672,hunter,marksmanship,18,7,11
Землепух,howling-fjord,672,hunter,marksmanship,18,7,11
Medgical,outland,672,hunter,marksmanship,18,7,11
Ixxmhunt,blackrock,672,hunter,marksmanship,18,7,11
Corrupth,outland,672,hunter,marksmanship,21,8,13
Манаррия,soulflayer,672,hunter,marksmanship,24,7,17
Griffithstew,blackmoore,672,hunter,marksmanship,24,7,17
Онкьяр,gordunni,672,hunter,marksmanship,24,7,17
Qiruun,draenor,671,hunter,marksmanship,12,7,5
Халикер,soulflayer,671,hunter,marksmanship,12,7,5
Kaktus,shattered-hand,671,hunter,marksmanship,12,7,5
Rísu,argent-dawn,671,hunter,marksmanship,12,7,5
Недоношенная,howling-fjord,671,hunter,marksmanship,12,7,5
Ôrïøn,archimonde,671,hunter,marksmanship,12,7,5
Maknamara,tarren-mill,671,hunter,marksmanship,12,7,5
Ashrak,frostmourne,671,hunter,marksmanship,18,7,11
Guerrilla,stormscale,671,hunter,marksmanship,18,7,11
Snaptrap,eredar,671,hunter,marksmanship,18,7,11
Aureboby,hyjal,671,hunter,marksmanship,24,7,17
Sjufemman,ravencrest,671,hunter,marksmanship,24,7,17
Faenor,arygos,671,hunter,marksmanship,24,7,17
Pewpewshotz,stormscale,670,hunter,marksmanship,12,7,5
Deathtrapper,bronzebeard,670,hunter,marksmanship,12,7,5
Bulseye,kilrogg,670,hunter,marksmanship,18,7,11
Spêctrâ,sylvanas,670,hunter,marksmanship,18,7,11
Yip,twisting-nether,670,hunter,marksmanship,18,7,11
Helioshin,pozzo-delleternità,670,hunter,marksmanship,18,7,11
Ruppig,nozdormu,669,hunter,marksmanship,18,7,11
Kaudza,archimonde,669,hunter,marksmanship,18,7,11
Jaggatee,senjin,668,hunter,marksmanship,12,7,5
Wishmeweed,kazzak,668,hunter,marksmanship,18,7,11
Panfilmaaj,burning-legion,667,hunter,marksmanship,18,7,11
Nìsalle,argent-dawn,666,hunter,marksmanship,18,7,11
Nezuqo,archimonde,666,hunter,marksmanship,24,7,17
Hanzolo,uldum,664,hunter,marksmanship,24,7,17
Eilaa,ravencrest,662,hunter,marksmanship,18,7,11
Fernetcola,los-errantes,661,hunter,marksmanship,12,7,5
Arkman,malganis,660,hunter,marksmanship,30,7,23
Shokre,silvermoon,657,hunter,marksmanship,12,7,5
Breezhunt,twisting-nether,655,hunter,marksmanship,17,7,10
Есселин,thermaplugg,650,hunter,marksmanship,18,7,11
Aadarshh,turalyon,645,hunter,marksmanship,18,7,11
Lofiv,turalyon,639,hunter,marksmanship,16,7,9
Digsholes,ravencrest,638,hunter,marksmanship,11,7,4
Samuru,auchindoun,623,hunter,marksmanship,17,7,10
Элфй,gordunni,623,hunter,marksmanship,21,7,14
Scark,tarren-mill,621,hunter,marksmanship,11,7,4
Miezuu,ravencrest,620,hunter,marksmanship,15,7,8
Iniduhr,dalaran,617,hunter,marksmanship,21,8,13
Sylasteria,twisting-nether,617,hunter,marksmanship,22,8,14
Zion,kul-tiras,608,hunter,marksmanship,16,7,9
Trachunt,twisting-nether,607,hunter,marksmanship,11,7,4
Weridia,der-rat-von-dalaran,607,hunter,marksmanship,11,7,4
Øßlíck,ysondre,607,hunter,marksmanship,16,7,9
Chizuna,dun-morogh,606,hunter,marksmanship,14,7,7
Connyrövöga,draenor,576,hunter,marksmanship,6,6,0
Ofortuna,silvermoon,576,hunter,marksmanship,6,6,0
Grandiosity,tarren-mill,576,hunter,marksmanship,12,6,6
Axran,ravencrest,576,hunter,marksmanship,12,6,6
Hurion,sanguino,576,hunter,marksmanship,12,6,6
Джинксан,blackscar,576,hunter,marksmanship,12,6,6
Jettraichu,aggra-português,576,hunter,marksmanship,12,6,6
Fantus,sylvanas,576,hunter,marksmanship,12,6,6
Crudeconzept,talnivarr,576,hunter,marksmanship,12,6,6
Djidawn,ysondre,576,hunter,marksmanship,12,6,6
Aenina,kazzak,576,hunter,marksmanship,12,6,6
Gramyr,ysondre,576,hunter,marksmanship,12,6,6
Shína,argent-dawn,576,hunter,marksmanship,12,6,6
Madjia,ravencrest,576,hunter,marksmanship,12,6,6
Stamzer,drakthul,576,hunter,marksmanship,12,6,6
Hunlin,kazzak,576,hunter,marksmanship,12,6,6
Jamesie,ravencrest,576,hunter,marksmanship,12,6,6
Sketana,silvermoon,576,hunter,marksmanship,12,6,6
Vorsia,tarren-mill,576,hunter,marksmanship,12,6,6
Pantero,kazzak,576,hunter,marksmanship,12,6,6
Инкризшот,gordunni,576,hunter,marksmanship,12,6,6
Freexkite,aegwynn,576,hunter,marksmanship,14,6,8
Vandathien,stormrage,576,hunter,marksmanship,18,6,12
Imfiné,outland,576,hunter,marksmanship,18,6,12
Сашатетива,gordunni,576,hunter,marksmanship,18,6,12
Такувами,gordunni,576,hunter,marksmanship,18,6,12
Naizoo,doomhammer,575,hunter,marksmanship,6,6,0
Ina,tarren-mill,575,hunter,marksmanship,12,6,6
Xeragon,frostwolf,575,hunter,marksmanship,12,6,6
Fugass,ragnaros,575,hunter,marksmanship,12,6,6
Чизано,deathguard,575,hunter,marksmanship,12,6,6
Tolkienn,archimonde,575,hunter,marksmanship,12,6,6
Kilölek,ragnaros,575,hunter,marksmanship,12,6,6
Oneeyedjoe,the-maelstrom,575,hunter,marksmanship,12,6,6
Muddí,ravencrest,575,hunter,marksmanship,12,6,6
Pøca,kaelthas,575,hunter,marksmanship,12,6,6
Ruger,hyjal,575,hunter,marksmanship,12,6,6
Elladiel,blackmoore,575,hunter,marksmanship,12,6,6
Noxxen,burning-legion,575,hunter,marksmanship,12,6,6
Dirtydolores,thrall,575,hunter,marksmanship,12,6,6
Deneja,kilrogg,575,hunter,marksmanship,18,6,12
Dritzdòurden,dun-modr,575,hunter,marksmanship,18,6,12
Løløsifredo,ysondre,574,hunter,marksmanship,12,6,6
Longshot,burning-legion,574,hunter,marksmanship,12,6,6
Egy,the-maelstrom,574,hunter,marksmanship,12,6,6
Seariko,draenor,574,hunter,marksmanship,18,6,12
Ixlxlxlxl,kazzak,573,hunter,marksmanship,12,6,6
Orcgun,mugthol,572,hunter,marksmanship,18,6,12
Selini,bloodfeather,570,hunter,marksmanship,12,6,6
Kartouche,culte-de-la-rive-noire,565,hunter,marksmanship,12,6,6
Sauer,stormreaver,564,hunter,marksmanship,18,6,12
Mooj,malganis,559,hunter,marksmanship,11,6,5
Matarmeya,los-errantes,539,hunter,marksmanship,16,7,9
Rockymarciaa,dalaran,527,hunter,marksmanship,21,6,15
Кисяныч,gordunni,522,hunter,marksmanship,15,7,8
Лордорион,gordunni,520,hunter,marksmanship,11,6,5
Фэйсконтроль,azuregos,506,hunter,marksmanship,20,6,14
Toptìérgoðx,drakthul,480,hunter,marksmanship,6,5,1
Ðarrk,tarren-mill,480,hunter,marksmanship,6,5,1
Сальверди,gordunni,480,hunter,marksmanship,6,5,1
Hawkinstinct,tarren-mill,480,hunter,marksmanship,6,5,1
Akkixz,antonidas,480,hunter,marksmanship,6,5,1
Srédder,defias-brotherhood,480,hunter,marksmanship,6,5,1
Elyar,eredar,480,hunter,marksmanship,6,5,1
Ormsliskaren,shattered-hand,480,hunter,marksmanship,6,5,1
Hollyz,auchindoun,480,hunter,marksmanship,6,5,1
Soloist,sylvanas,480,hunter,marksmanship,6,5,1
Îløvémêld,kazzak,480,hunter,marksmanship,6,5,1
Полития,azuregos,480,hunter,marksmanship,9,6,3
Spitchy,kazzak,480,hunter,marksmanship,12,5,7
Huntardös,outland,480,hunter,marksmanship,12,5,7
Brk,dun-modr,480,hunter,marksmanship,12,5,7
Geete,kazzak,480,hunter,marksmanship,12,5,7
Duckling,argent-dawn,480,hunter,marksmanship,12,5,7
Carrilynn,blackrock,480,hunter,marksmanship,12,5,7
Deathmarks,blackrock,480,hunter,marksmanship,12,5,7
Agbaba,twisting-nether,480,hunter,marksmanship,12,5,7
Zajaczek,burning-legion,480,hunter,marksmanship,12,5,7
Кайсго,gordunni,480,hunter,marksmanship,12,5,7
Shieryu,archimonde,480,hunter,marksmanship,12,5,7
Leílah,kazzak,480,hunter,marksmanship,12,5,7
Meetyour,stormscale,480,hunter,marksmanship,12,5,7
Mazhug,stormreaver,480,hunter,marksmanship,12,5,7
Kundra,ravencrest,480,hunter,marksmanship,12,5,7
Donfabio,norgannon,480,hunter,marksmanship,12,5,7
Куников,booty-bay,480,hunter,marksmanship,12,5,7
Jomerin,thrall,480,hunter,marksmanship,12,5,7
Denaik,ravencrest,480,hunter,marksmanship,12,5,7
Fylealaes,ravencrest,480,hunter,marksmanship,12,5,7
Sashobg,aerie-peak,480,hunter,marksmanship,12,5,7
Nothrokh,auchindoun,480,hunter,marksmanship,12,5,7
Galou,ghostlands,480,hunter,marksmanship,12,5,7
Ghøst,madmortem,480,hunter,marksmanship,12,5,7
Lourse,ysondre,480,hunter,marksmanship,12,5,7
Sloee,sylvanas,480,hunter,marksmanship,12,5,7
Scartet,blackmoore,480,hunter,marksmanship,12,5,7
Мафчик,razuvious,480,hunter,marksmanship,12,5,7
Bladewing,archimonde,480,hunter,marksmanship,12,5,7
Tavira,zuljin,480,hunter,marksmanship,12,5,7
Ðõt,ravencrest,480,hunter,marksmanship,12,5,7
Angelcr,uldum,480,hunter,marksmanship,12,5,7
Meghanmarkle,tarren-mill,480,hunter,marksmanship,13,5,8
Hÿyrøk,ysondre,480,hunter,marksmanship,18,5,13
Dramin,defias-brotherhood,480,hunter,marksmanship,18,5,13
Тэуреэль,gordunni,480,hunter,marksmanship,18,5,13
Triggery,ravencrest,480,hunter,marksmanship,18,5,13
Tetiscaza,sanguino,480,hunter,marksmanship,24,5,19
Hitscan,ravencrest,479,hunter,marksmanship,6,5,1
Grimazg,chogall,479,hunter,marksmanship,12,5,7
Nígruløl,arthas,479,hunter,marksmanship,12,5,7
Bicepz,azjolnerub,479,hunter,marksmanship,12,5,7
Zäyk,zuljin,479,hunter,marksmanship,12,5,7
Whereismypet,azjolnerub,479,hunter,marksmanship,12,5,7
Lunalai,antonidas,479,hunter,marksmanship,12,5,7
Зиргус,gordunni,479,hunter,marksmanship,18,5,13
Honilsom,thunderhorn,479,hunter,marksmanship,18,5,13
Nightarrows,ravencrest,478,hunter,marksmanship,6,5,1
Bæbåk,frostmane,478,hunter,marksmanship,6,5,1
Áragorn,frostmane,478,hunter,marksmanship,12,5,7
Tiph,argent-dawn,478,hunter,marksmanship,12,5,7
Thebalrog,korgall,478,hunter,marksmanship,12,5,7
Kliantra,wildhammer,478,hunter,marksmanship,12,5,7
Bloodshot,nethersturm,477,hunter,marksmanship,12,5,7
Miisakaa,antonidas,477,hunter,marksmanship,12,5,7
Klittcrit,bloodhoof,475,hunter,marksmanship,12,5,7
Robros,dentarg,475,hunter,marksmanship,12,5,7
Sixty,rajaxx,474,hunter,marksmanship,18,5,13
Karmios,drakthul,473,hunter,marksmanship,12,5,7
Juki,pozzo-delleternità,472,hunter,marksmanship,12,5,7
Brønkø,azshara,463,hunter,marksmanship,17,5,12
Rdevill,outland,448,hunter,marksmanship,16,5,11
Шэнчи,greymane,447,hunter,marksmanship,11,6,5
Littlenugget,ravencrest,447,hunter,marksmanship,11,5,6
Urith,les-clairvoyants,447,hunter,marksmanship,14,6,8
Haleth,uldum,447,hunter,marksmanship,17,5,12
Thedanchodak,stormrage,440,hunter,marksmanship,11,5,6
Jocitwitch,ragnaros,432,hunter,marksmanship,9,6,3
Crowsza,archimonde,431,hunter,marksmanship,11,5,6
Zaragattas,aggra-português,426,hunter,marksmanship,17,7,10
Quinty,durotan,414,hunter,marksmanship,8,5,3
Пушкабомби,soulflayer,409,hunter,marksmanship,14,5,9
Хантероо,gordunni,384,hunter,marksmanship,6,4,2
Destynarîa,illidan,384,hunter,marksmanship,6,4,2
Earlyspring,ragnaros,384,hunter,marksmanship,6,4,2
Benbutton,antonidas,384,hunter,marksmanship,6,4,2
Unßørn,archimonde,384,hunter,marksmanship,6,4,2
Hntudwn,azshara,384,hunter,marksmanship,6,4,2
Burninghunt,ravencrest,384,hunter,marksmanship,6,4,2
Luzivarus,malganis,384,hunter,marksmanship,6,4,2
Comegetme,auchindoun,384,hunter,marksmanship,6,4,2
Roke,malganis,384,hunter,marksmanship,6,4,2
Gaudio,outland,384,hunter,marksmanship,6,4,2
Сацыви,gordunni,384,hunter,marksmanship,6,4,2
Yuptae,alonsus,384,hunter,marksmanship,6,4,2
Bosseleon,blackrock,384,hunter,marksmanship,6,4,2
Ðæom,outland,384,hunter,marksmanship,6,4,2
Aidsmacka,shattered-hand,384,hunter,marksmanship,6,4,2
Оверман,azuregos,384,hunter,marksmanship,6,4,2
Sandchaton,ragnaros,384,hunter,marksmanship,6,4,2
Zoêva,blackhand,384,hunter,marksmanship,6,4,2
Mendinar,sylvanas,384,hunter,marksmanship,6,4,2
Jägarenen,kazzak,384,hunter,marksmanship,6,4,2
Xzmiq,outland,384,hunter,marksmanship,6,4,2
Intoxd,sylvanas,384,hunter,marksmanship,6,4,2
Tonttulul,draenor,384,hunter,marksmanship,6,4,2
Slo,sylvanas,384,hunter,marksmanship,6,4,2
Metak,auchindoun,384,hunter,marksmanship,6,4,2
Ðøper,hyjal,384,hunter,marksmanship,6,4,2
Bluelol,ravencrest,384,hunter,marksmanship,6,4,2
Likandria,blackmoore,384,hunter,marksmanship,6,4,2
Zulthat,thrall,384,hunter,marksmanship,6,4,2
Øtemløol,sanguino,384,hunter,marksmanship,6,4,2
Myoui,silvermoon,384,hunter,marksmanship,6,4,2
Bøgs,the-maelstrom,384,hunter,marksmanship,6,4,2
Nßatrapper,outland,384,hunter,marksmanship,6,4,2
Kikilirilivi,ysondre,384,hunter,marksmanship,6,4,2
Nöbody,khaz-modan,384,hunter,marksmanship,6,4,2
Thain,stormscale,384,hunter,marksmanship,6,4,2
Сынсема,blackscar,384,hunter,marksmanship,6,4,2
Snipinx,draenor,384,hunter,marksmanship,6,4,2
Kragán,silvermoon,384,hunter,marksmanship,6,4,2
Doloresman,tarren-mill,384,hunter,marksmanship,6,4,2
Dariusmm,silvermoon,384,hunter,marksmanship,6,4,2
Velen,pozzo-delleternità,384,hunter,marksmanship,6,4,2
Niffe,stormscale,384,hunter,marksmanship,6,4,2
Rymous,nemesis,384,hunter,marksmanship,6,4,2
Джеймсфранко,blackscar,384,hunter,marksmanship,6,4,2
Galadris,kirin-tor,384,hunter,marksmanship,6,4,2
Тумбаюмб,howling-fjord,384,hunter,marksmanship,6,4,2
Darllene,kazzak,384,hunter,marksmanship,6,4,2
Yoey,tarren-mill,384,hunter,marksmanship,6,4,2
Draknik,nemesis,384,hunter,marksmanship,10,5,5
Wîldhunt,burning-legion,384,hunter,marksmanship,11,4,7
Noobhuntress,norgannon,384,hunter,marksmanship,12,4,8
Hashaya,hyjal,384,hunter,marksmanship,12,4,8
Абунай,soulflayer,384,hunter,marksmanship,12,4,8
Narziel,die-todeskrallen,384,hunter,marksmanship,12,4,8
Thengill,draenor,384,hunter,marksmanship,12,4,8
Darkshe,dun-modr,384,hunter,marksmanship,12,4,8
Переферия,galakrond,384,hunter,marksmanship,12,4,8
Egodennis,frostwolf,384,hunter,marksmanship,12,4,8
Oròg,hyjal,384,hunter,marksmanship,12,4,8
Fennecshand,colinas-pardas,384,hunter,marksmanship,12,4,8
Shadowxx,silvermoon,384,hunter,marksmanship,12,4,8
Darilli,wildhammer,384,hunter,marksmanship,12,4,8
Vallêria,malganis,384,hunter,marksmanship,12,4,8
Tytoyz,khaz-modan,384,hunter,marksmanship,12,4,8
Jskey,aggramar,384,hunter,marksmanship,12,4,8
Tartaupommes,hyjal,384,hunter,marksmanship,12,4,8
Becoming,burning-legion,384,hunter,marksmanship,12,4,8
Zurzok,blackrock,384,hunter,marksmanship,12,4,8
Йинги,gordunni,384,hunter,marksmanship,12,4,8
Querro,azshara,384,hunter,marksmanship,12,4,8
Spirys,drakthul,384,hunter,marksmanship,12,4,8
Bugspitz,outland,384,hunter,marksmanship,12,4,8
Sharún,sylvanas,384,hunter,marksmanship,12,4,8
Свадебная,gordunni,384,hunter,marksmanship,12,4,8
Naestra,tarren-mill,384,hunter,marksmanship,12,4,8
Peonfarmer,argent-dawn,384,hunter,marksmanship,12,4,8
Dangerousfoe,argent-dawn,384,hunter,marksmanship,12,4,8
Ozaï,eredar,384,hunter,marksmanship,12,4,8
Odyzeus,drakthul,384,hunter,marksmanship,12,4,8
Døømslayer,nemesis,384,hunter,marksmanship,12,4,8
Nyri,drakthul,384,hunter,marksmanship,12,4,8
Kanlina,ravencrest,384,hunter,marksmanship,12,4,8
Deeparrow,stormscale,384,hunter,marksmanship,12,4,8
Rapid,sylvanas,384,hunter,marksmanship,12,4,8
Gødzftw,kazzak,384,hunter,marksmanship,14,4,10
Kêêpsmile,blackmoore,384,hunter,marksmanship,18,4,14
Enÿo,ysondre,384,hunter,marksmanship,18,4,14
Elektrô,blackmoore,384,hunter,marksmanship,21,4,17
Конар,soulflayer,383,hunter,marksmanship,6,4,2
Amiosi,sanguino,383,hunter,marksmanship,10,5,5
Penelopé,darkmoon-faire,383,hunter,marksmanship,12,4,8
Zirriath,mazrigos,383,hunter,marksmanship,12,4,8
Kyéra,kirin-tor,383,hunter,marksmanship,12,4,8
Amsterdamer,sylvanas,383,hunter,marksmanship,12,4,8
Anguerande,khaz-modan,383,hunter,marksmanship,12,4,8
Meletis,stormreaver,383,hunter,marksmanship,12,4,8
Koreic,silvermoon,383,hunter,marksmanship,18,4,14
Agnõr,chants-éternels,382,hunter,marksmanship,6,4,2
Banshees,sylvanas,382,hunter,marksmanship,6,4,2
Bulhumt,draenor,382,hunter,marksmanship,6,4,2
Бурбоньчик,soulflayer,382,hunter,marksmanship,12,4,8
Dødshøt,twisting-nether,382,hunter,marksmanship,12,4,8
Saccä,ysondre,381,hunter,marksmanship,12,4,8
Skapig,frostwolf,381,hunter,marksmanship,12,4,8
Lumidii,burning-legion,379,hunter,marksmanship,12,4,8
Pâthfînder,destromath,379,hunter,marksmanship,12,4,8
Éddiémórphín,kazzak,367,hunter,marksmanship,11,4,7
Boehelientje,defias-brotherhood,351,hunter,marksmanship,11,4,7
Rea,archimonde,350,hunter,marksmanship,16,4,12
Shadoox,argent-dawn,335,hunter,marksmanship,11,4,7
Arwenna,argent-dawn,328,hunter,marksmanship,11,6,5
Bloópy,silvermoon,320,hunter,marksmanship,10,4,6
Lioness,ahnqiraj,288,hunter,marksmanship,6,3,3
Антисерт,ashenvale,288,hunter,marksmanship,6,3,3
Aimshot,ravencrest,288,hunter,marksmanship,6,3,3
Zøk,stormscale,288,hunter,marksmanship,6,3,3
Ев,lich-king,288,hunter,marksmanship,6,3,3
Zugzlug,tarren-mill,288,hunter,marksmanship,6,3,3
Pläpp,stormscale,288,hunter,marksmanship,6,3,3
Aamön,tarren-mill,288,hunter,marksmanship,6,3,3
Kahbe,ravencrest,288,hunter,marksmanship,6,3,3
Ozzaty,drekthar,288,hunter,marksmanship,6,3,3
Ökisek,drakthul,288,hunter,marksmanship,6,3,3
Phinecone,stormscale,288,hunter,marksmanship,6,3,3
Ayiu,argent-dawn,288,hunter,marksmanship,6,3,3
Lani,talnivarr,288,hunter,marksmanship,6,3,3
Яроняютрапу,gordunni,288,hunter,marksmanship,6,3,3
Elonmask,argent-dawn,288,hunter,marksmanship,6,3,3
Экономист,fordragon,288,hunter,marksmanship,6,3,3
Комомура,soulflayer,288,hunter,marksmanship,6,3,3
Dreemshoot,stormscale,288,hunter,marksmanship,6,3,3
Velne,ravencrest,288,hunter,marksmanship,6,3,3
Viséeauto,confrérie-du-thorium,288,hunter,marksmanship,6,3,3
Attileus,ragnaros,288,hunter,marksmanship,6,3,3
Razzét,stormscale,288,hunter,marksmanship,6,3,3
Трапавграунд,howling-fjord,288,hunter,marksmanship,6,3,3
Storphunt,drakthul,288,hunter,marksmanship,6,3,3
Atranex,ravencrest,288,hunter,marksmanship,6,3,3
Snipar,chogall,288,hunter,marksmanship,6,3,3
Neescafe,sylvanas,288,hunter,marksmanship,6,3,3
Eéilin,the-maelstrom,288,hunter,marksmanship,6,3,3
Люблюлюбовь,gordunni,288,hunter,marksmanship,6,3,3
Колякилшот,gordunni,288,hunter,marksmanship,6,3,3
Techpøint,silvermoon,288,hunter,marksmanship,6,3,3
Bocek,silvermoon,288,hunter,marksmanship,6,3,3
Kaminôr,antonidas,288,hunter,marksmanship,6,3,3
Eliune,silvermoon,288,hunter,marksmanship,6,3,3
Kfcmanagerx,silvermoon,288,hunter,marksmanship,6,3,3
Burbutsuluki,silvermoon,288,hunter,marksmanship,6,3,3
Sissnik,thrall,288,hunter,marksmanship,6,3,3
Evelhunter,kargath,288,hunter,marksmanship,6,3,3
Osie,kazzak,288,hunter,marksmanship,6,3,3
Deadluck,kazzak,288,hunter,marksmanship,6,3,3
Лесбиянюсь,gordunni,288,hunter,marksmanship,6,3,3
Oneeyed,kazzak,288,hunter,marksmanship,6,3,3
Barbrady,nethersturm,288,hunter,marksmanship,6,3,3
Каэсс,gordunni,288,hunter,marksmanship,6,3,3
Lithell,kazzak,288,hunter,marksmanship,6,3,3
Snipèr,blackmoore,288,hunter,marksmanship,6,3,3
Threeguns,blackrock,288,hunter,marksmanship,6,3,3
Feyoonxx,blackrock,288,hunter,marksmanship,6,3,3
Huntaloko,outland,288,hunter,marksmanship,6,3,3
Samasukë,grim-batol,288,hunter,marksmanship,6,3,3
Lilsnuss,outland,288,hunter,marksmanship,6,3,3
Dedral,aegwynn,288,hunter,marksmanship,6,3,3
Andrøk,archimonde,288,hunter,marksmanship,6,3,3
ßæro,hyjal,288,hunter,marksmanship,6,3,3
Nerdhark,hyjal,288,hunter,marksmanship,6,3,3
Fize,blackmoore,288,hunter,marksmanship,6,3,3
Ashide,dun-modr,288,hunter,marksmanship,6,3,3
Celebor,sanguino,288,hunter,marksmanship,6,3,3
Djøgi,archimonde,288,hunter,marksmanship,6,3,3
Brûmovitch,archimonde,288,hunter,marksmanship,6,3,3
Nightarrowq,tarren-mill,288,hunter,marksmanship,9,4,5
Amdéa,boulderfist,288,hunter,marksmanship,10,4,6
Beaupapa,archimonde,288,hunter,marksmanship,8,3,5
Нойран,eversong,288,hunter,marksmanship,9,3,6
Secrety,doomhammer,288,hunter,marksmanship,11,3,8
Missdarkness,shattered-hand,288,hunter,marksmanship,12,3,9
Ceres,kaelthas,288,hunter,marksmanship,12,3,9
Ghenter,sargeras,288,hunter,marksmanship,12,3,9
Outkást,sylvanas,288,hunter,marksmanship,12,3,9
Хедшоттер,blackscar,288,hunter,marksmanship,12,3,9
Bowgamerx,ravencrest,288,hunter,marksmanship,12,3,9
Жабра,gordunni,288,hunter,marksmanship,12,3,9
Нэвлоск,gordunni,288,hunter,marksmanship,12,3,9
Fatfrumos,twisting-nether,288,hunter,marksmanship,12,3,9
Oduross,minahonda,288,hunter,marksmanship,12,3,9
Grinfall,archimonde,288,hunter,marksmanship,12,3,9
Haraigoshí,grim-batol,288,hunter,marksmanship,12,3,9
Bgxd,tarren-mill,288,hunter,marksmanship,12,3,9
Deify,grim-batol,288,hunter,marksmanship,12,3,9
Бубунн,howling-fjord,288,hunter,marksmanship,12,3,9
Скадхи,blackscar,288,hunter,marksmanship,12,3,9
Deahtviper,blackmoore,288,hunter,marksmanship,12,3,9
Астериел,blackscar,288,hunter,marksmanship,12,3,9
Thalanel,arthas,288,hunter,marksmanship,12,3,9
Spakster,blackrock,288,hunter,marksmanship,12,3,9
Naaztko,stormscale,288,hunter,marksmanship,12,3,9
Jakis,silvermoon,288,hunter,marksmanship,12,3,9
Augie,kazzak,288,hunter,marksmanship,12,3,9
Ричардн,howling-fjord,288,hunter,marksmanship,12,3,9
Lùchiean,kazzak,288,hunter,marksmanship,12,3,9
Mewithoutyou,ragnaros,288,hunter,marksmanship,12,3,9
Akù,magtheridon,288,hunter,marksmanship,12,3,9
Incompetence,argent-dawn,288,hunter,marksmanship,12,3,9
Zubro,kazzak,288,hunter,marksmanship,12,3,9
Nutshotx,stormscale,288,hunter,marksmanship,12,3,9
Gyldain,argent-dawn,288,hunter,marksmanship,12,3,9
Foxmis,kazzak,288,hunter,marksmanship,12,3,9
Nezekielle,drekthar,288,hunter,marksmanship,12,3,9
Chassuu,khaz-modan,288,hunter,marksmanship,12,3,9
Robingood,alexstrasza,288,hunter,marksmanship,17,4,13
Tsía,ysondre,288,hunter,marksmanship,17,3,14
Apolix,ragnaros,288,hunter,marksmanship,18,3,15
Showdope,drakthul,288,hunter,marksmanship,18,3,15
Marcher,aggra-português,288,hunter,marksmanship,18,3,15
Shademd,ahnqiraj,288,hunter,marksmanship,18,3,15
Enablee,lightbringer,288,hunter,marksmanship,18,3,15
Kilshot,burning-legion,287,hunter,marksmanship,6,3,3
Анариэлль,gordunni,287,hunter,marksmanship,6,3,3
Titanx,sylvanas,287,hunter,marksmanship,6,3,3
Оркос,deathweaver,287,hunter,marksmanship,6,3,3
Мокку,howling-fjord,287,hunter,marksmanship,6,3,3
Turkos,krasus,287,hunter,marksmanship,6,3,3
Pylos,azshara,287,hunter,marksmanship,6,3,3
Dwoas,darkspear,287,hunter,marksmanship,12,3,9
Jomoguin,stormscale,286,hunter,marksmanship,6,3,3
Millhunter,norgannon,284,hunter,marksmanship,12,3,9
Najetazruda,drakthul,255,hunter,marksmanship,10,3,7
Мальберна,eversong,255,hunter,marksmanship,11,3,8
Jaguarundy,dun-modr,239,hunter,marksmanship,5,3,2
Incrediown,tarren-mill,234,hunter,marksmanship,7,4,3
Twinshot,anetheron,234,hunter,marksmanship,10,4,6
Cais,drakthul,234,hunter,marksmanship,12,4,8
Dampfwâlzê,nozdormu,223,hunter,marksmanship,14,3,11
Skarra,zuljin,208,hunter,marksmanship,7,3,4
Darkshàdow,archimonde,192,hunter,marksmanship,6,2,4
Охотуначал,soulflayer,192,hunter,marksmanship,6,2,4
Шергала,soulflayer,192,hunter,marksmanship,6,2,4
Darkstripe,turalyon,192,hunter,marksmanship,6,2,4
Фетсол,soulflayer,192,hunter,marksmanship,6,2,4
Foxhunt,turalyon,192,hunter,marksmanship,6,2,4
Sayn,la-croisade-écarlate,192,hunter,marksmanship,6,2,4
Dola,archimonde,192,hunter,marksmanship,6,2,4
Deadyeyez,doomhammer,192,hunter,marksmanship,6,2,4
Notikâ,aegwynn,192,hunter,marksmanship,6,2,4
Brizza,talnivarr,192,hunter,marksmanship,6,2,4
Зихантер,soulflayer,192,hunter,marksmanship,6,2,4
Rafaela,genjuros,192,hunter,marksmanship,6,2,4
Tórbjorn,argent-dawn,192,hunter,marksmanship,6,2,4
Flick,auchindoun,192,hunter,marksmanship,6,2,4
Zulldek,sanguino,192,hunter,marksmanship,6,2,4
Galintzor,area-52,192,hunter,marksmanship,6,2,4
Aliriana,doomhammer,192,hunter,marksmanship,6,2,4
Bláckheart,doomhammer,192,hunter,marksmanship,6,2,4
Maeba,shendralar,192,hunter,marksmanship,6,2,4
Hapocalypt,pozzo-delleternità,192,hunter,marksmanship,6,2,4
Beletor,medivh,192,hunter,marksmanship,6,2,4
Garrash,teldrassil,192,hunter,marksmanship,6,2,4
Hadto,der-rat-von-dalaran,192,hunter,marksmanship,6,2,4
Хисдед,howling-fjord,192,hunter,marksmanship,6,2,4
Slayman,kazzak,192,hunter,marksmanship,6,2,4
Miracleh,tarren-mill,192,hunter,marksmanship,6,2,4
Sarblade,bronze-dragonflight,192,hunter,marksmanship,6,2,4
Маори,deepholm,192,hunter,marksmanship,6,2,4
Bobshmurda,defias-brotherhood,192,hunter,marksmanship,6,2,4
Jamais02AEE6,stormscale,192,hunter,marksmanship,6,2,4
Corrwus,argent-dawn,192,hunter,marksmanship,6,2,4
Nnoyk,defias-brotherhood,192,hunter,marksmanship,6,2,4
Sebrienne,defias-brotherhood,192,hunter,marksmanship,6,2,4
Doknak,gilneas,192,hunter,marksmanship,6,2,4
Sjins,draenor,192,hunter,marksmanship,6,2,4
Sylverein,silvermoon,192,hunter,marksmanship,6,2,4
Elvyns,silvermoon,192,hunter,marksmanship,6,2,4
Olrik,dentarg,192,hunter,marksmanship,6,2,4
Gotha,festung-der-stürme,192,hunter,marksmanship,6,2,4
Greenstar,twisting-nether,192,hunter,marksmanship,6,2,4
Bowner,frostmane,192,hunter,marksmanship,6,2,4
Traenuss,azuremyst,192,hunter,marksmanship,6,2,4
Domsín,ravencrest,192,hunter,marksmanship,6,2,4
Ecthelione,the-venture-co,192,hunter,marksmanship,6,2,4
Majuli,stormrage,192,hunter,marksmanship,6,2,4
Themehdi,silvermoon,192,hunter,marksmanship,6,2,4
Hvnn,stormscale,192,hunter,marksmanship,6,2,4
Isokrates,das-syndikat,192,hunter,marksmanship,6,2,4
Bóssit,skullcrusher,192,hunter,marksmanship,6,2,4
Nimri,kazzak,192,hunter,marksmanship,6,2,4
Hnut,kazzak,192,hunter,marksmanship,6,2,4
Sloe,sylvanas,192,hunter,marksmanship,6,2,4
Imonér,frostmane,192,hunter,marksmanship,6,2,4
Carioca,blackhand,192,hunter,marksmanship,6,2,4
Chenony,ravencrest,192,hunter,marksmanship,6,2,4
Kodakcrack,draenor,192,hunter,marksmanship,6,2,4
Zinà,naxxramas,192,hunter,marksmanship,6,2,4
Velvett,blackmoore,192,hunter,marksmanship,6,2,4
Трисциллочка,howling-fjord,192,hunter,marksmanship,6,2,4
Tòràk,twisting-nether,192,hunter,marksmanship,6,2,4
Mobshot,twisting-nether,192,hunter,marksmanship,6,2,4
Vâleriaa,blackrock,192,hunter,marksmanship,6,2,4
Slinkywinky,eonar,192,hunter,marksmanship,6,2,4
Bellecoq,arathi,192,hunter,marksmanship,6,2,4
Lilsnipè,outland,192,hunter,marksmanship,6,2,4
Хароко,gordunni,192,hunter,marksmanship,6,2,4
Realme,blackrock,192,hunter,marksmanship,6,2,4
Rhyle,hyjal,192,hunter,marksmanship,6,2,4
Bärberøusse,illidan,192,hunter,marksmanship,6,2,4
Viktorijå,draenor,192,hunter,marksmanship,6,2,4
Frágile,drakthul,192,hunter,marksmanship,6,2,4
Nelf,shattered-hand,192,hunter,marksmanship,6,2,4
Othellö,kazzak,192,hunter,marksmanship,6,2,4
Горгудц,gordunni,192,hunter,marksmanship,6,2,4
Huntbeard,ragnaros,192,hunter,marksmanship,6,2,4
Рэкрэйван,gordunni,192,hunter,marksmanship,6,2,4
Silverinn,turalyon,192,hunter,marksmanship,6,2,4
Rixxâr,blackrock,192,hunter,marksmanship,6,2,4
Aspergun,ragnaros,192,hunter,marksmanship,6,2,4
Corrector,outland,192,hunter,marksmanship,6,2,4
Уайлен,gordunni,192,hunter,marksmanship,6,2,4
Anklar,blackrock,192,hunter,marksmanship,6,2,4
Silenta,outland,192,hunter,marksmanship,6,2,4
Eilosh,outland,192,hunter,marksmanship,6,2,4
Traplørdx,sylvanas,192,hunter,marksmanship,6,2,4
Anoroxx,arthas,192,hunter,marksmanship,6,2,4
Powerofanime,drakthul,192,hunter,marksmanship,6,2,4
Kerrveros,ravencrest,192,hunter,marksmanship,6,2,4
Андреймвп,galakrond,192,hunter,marksmanship,9,2,7
Ghostriders,archimonde,192,hunter,marksmanship,11,2,9
Friskì,draenor,192,hunter,marksmanship,12,2,10
Banglor,shattered-hand,192,hunter,marksmanship,12,2,10
Weedonyhunt,hyjal,192,hunter,marksmanship,12,2,10
Katharyne,argent-dawn,192,hunter,marksmanship,12,2,10
Meläna,ysondre,192,hunter,marksmanship,12,2,10
Krypzit,garona,192,hunter,marksmanship,12,2,10
Headshota,stormscale,192,hunter,marksmanship,12,2,10
Cazaó,sanguino,192,hunter,marksmanship,12,2,10
Dmanite,ravencrest,192,hunter,marksmanship,12,2,10
Muckel,area-52,192,hunter,marksmanship,12,2,10
Ruhen,aegwynn,192,hunter,marksmanship,12,2,10
Explicits,stormscale,192,hunter,marksmanship,12,2,10
Stormhoofd,bloodhoof,191,hunter,marksmanship,6,2,4
Downpipe,shattered-hand,191,hunter,marksmanship,6,2,4
Milandria,antonidas,191,hunter,marksmanship,6,2,4
Rockét,malorne,191,hunter,marksmanship,6,2,4
Sushimän,kaelthas,191,hunter,marksmanship,6,2,4
Chalyto,dun-morogh,191,hunter,marksmanship,12,2,10
Kure,blackrock,191,hunter,marksmanship,12,2,10
Doojas,archimonde,159,hunter,marksmanship,5,2,3
Jaguàr,kazzak,159,hunter,marksmanship,5,2,3
Buttsnipe,sylvanas,159,hunter,marksmanship,5,2,3
Spagooters,argent-dawn,138,hunter,marksmanship,11,3,8
Neremyn,sylvanas,138,hunter,marksmanship,15,3,12
Chrishyh,blackrock,112,hunter,marksmanship,7,2,5
Tryx,darksorrow,96,hunter,marksmanship,3,2,1
Akahr,thrall,96,hunter,marksmanship,3,2,1
Tyrone,saurfang,96,hunter,marksmanship,9,2,7
Tillhunt,kargath,96,hunter,marksmanship,6,1,5
Cléò,kazzak,96,hunter,marksmanship,6,1,5
Oneofus,malygos,96,hunter,marksmanship,6,1,5
Desow,blackrock,96,hunter,marksmanship,6,1,5
Avizi,anachronos,96,hunter,marksmanship,6,1,5
Санзи,howling-fjord,96,hunter,marksmanship,6,1,5
Лсныйпамп,howling-fjord,96,hunter,marksmanship,6,1,5
Almêryck,ysondre,96,hunter,marksmanship,6,1,5
Killzo,sylvanas,96,hunter,marksmanship,6,1,5
Nethria,antonidas,96,hunter,marksmanship,6,1,5
Castbuny,drakthul,96,hunter,marksmanship,6,1,5
Jimbow,blackrock,96,hunter,marksmanship,6,1,5
Deadlymayhem,dragonblight,96,hunter,marksmanship,6,1,5
Коватори,borean-tundra,96,hunter,marksmanship,6,1,5
Metapouk,archimonde,96,hunter,marksmanship,6,1,5
Лиасон,howling-fjord,96,hunter,marksmanship,6,1,5
Наладдчик,howling-fjord,96,hunter,marksmanship,6,1,5
Cendrac,ravencrest,96,hunter,marksmanship,6,1,5
Cxc,dun-modr,96,hunter,marksmanship,6,1,5
Statik,deathwing,96,hunter,marksmanship,6,1,5
Hallem,karazhan,96,hunter,marksmanship,6,1,5
Nalys,argent-dawn,96,hunter,marksmanship,6,1,5
Eowale,outland,96,hunter,marksmanship,6,1,5
Leaxs,onyxia,96,hunter,marksmanship,6,1,5
Faccacamoale,twisting-nether,96,hunter,marksmanship,6,1,5
Ihateyoumore,ravencrest,96,hunter,marksmanship,6,1,5
Kolgrim,temple-noir,96,hunter,marksmanship,6,1,5
Akaname,ravencrest,96,hunter,marksmanship,6,1,5
Crowcifer,argent-dawn,96,hunter,marksmanship,6,1,5
Delanoche,exodar,96,hunter,marksmanship,6,1,5
Гижуна,howling-fjord,96,hunter,marksmanship,6,1,5
Spacenøub,archimonde,96,hunter,marksmanship,6,1,5
Cítyzens,drakthul,96,hunter,marksmanship,6,1,5
Wèdra,hyjal,96,hunter,marksmanship,6,1,5
Roupinol,aggra-português,96,hunter,marksmanship,6,1,5
Wàterloo,marécage-de-zangar,96,hunter,marksmanship,6,1,5
Elaresas,argent-dawn,96,hunter,marksmanship,6,1,5
Badkirves,kazzak,96,hunter,marksmanship,6,1,5
Drolarin,zuljin,96,hunter,marksmanship,6,1,5
Sinplify,emeriss,96,hunter,marksmanship,6,1,5
Raverave,burning-legion,96,hunter,marksmanship,6,1,5
Jiton,grim-batol,96,hunter,marksmanship,6,1,5
Ренектон,soulflayer,96,hunter,marksmanship,6,1,5
Drágø,blackmoore,96,hunter,marksmanship,6,1,5
Хантунец,soulflayer,96,hunter,marksmanship,6,1,5
Syx,amanthul,96,hunter,marksmanship,6,1,5
Fayenia,ravencrest,96,hunter,marksmanship,6,1,5
Xaraimz,ravencrest,96,hunter,marksmanship,6,1,5
Toulouki,silvermoon,96,hunter,marksmanship,6,1,5
Pennymarks,blackhand,96,hunter,marksmanship,6,1,5
Chantalia,ravencrest,96,hunter,marksmanship,6,1,5
Salie,argent-dawn,96,hunter,marksmanship,6,1,5
Камсшотт,gordunni,96,hunter,marksmanship,6,1,5
Nortroll,draenor,96,hunter,marksmanship,6,1,5
Chaydee,stormscale,96,hunter,marksmanship,6,1,5
Wolfmcquade,draenor,96,hunter,marksmanship,6,1,5
Zwerglogan,amanthul,96,hunter,marksmanship,6,1,5
Mexine,dun-morogh,96,hunter,marksmanship,6,1,5
Feedbackloop,silvermoon,96,hunter,marksmanship,6,1,5
Mehtäsika,xavius,96,hunter,marksmanship,6,1,5
Frapt,dalaran,96,hunter,marksmanship,6,1,5
Applix,tarren-mill,96,hunter,marksmanship,6,1,5
Tuljan,ravencrest,96,hunter,marksmanship,6,1,5
Superfacial,twisting-nether,96,hunter,marksmanship,6,1,5
Tesourinho,aggra-português,96,hunter,marksmanship,6,1,5
Hanzú,argent-dawn,96,hunter,marksmanship,6,1,5
Горгонт,blackscar,96,hunter,marksmanship,6,1,5
Pestilencio,shendralar,96,hunter,marksmanship,6,1,5
Cowmelk,stormscale,96,hunter,marksmanship,6,1,5
Фаффурион,gordunni,96,hunter,marksmanship,6,1,5
Tiguy,archimonde,96,hunter,marksmanship,12,1,11
Artexxia,kazzak,96,hunter,marksmanship,12,1,11
Ggproiettili,pozzo-delleternità,96,hunter,marksmanship,12,1,11
Donáldtrúmp,tarren-mill,96,hunter,marksmanship,12,1,11
Sekeh,ragnaros,96,hunter,marksmanship,12,1,11
Kratozs,outland,96,hunter,marksmanship,13,1,12
Denixxia,bronzebeard,95,hunter,marksmanship,3,2,1
Magahra,thrall,95,hunter,marksmanship,6,1,5
Gettóbuxa,arathor,79,hunter,marksmanship,5,1,4
Dréws,kazzak,64,hunter,marksmanship,4,1,3
Draugrinnh,tarren-mill,48,hunter,marksmanship,3,1,2
Nimrod,norgannon,48,hunter,marksmanship,3,1,2
Merveilleux,hyjal,42,hunter,marksmanship,11,3,8
Imortaltroll,kazzak,16,hunter,marksmanship,1,1,0
Elgango,blackrock,16,hunter,marksmanship,1,1,0
Uglybaboon,draenor,2187,hunter,survival,185,94,91
Bonquiesha,tarren-mill,2163,hunter,survival,120,69,51
Gíggí,malganis,2155,hunter,survival,72,40,32
Pridz,archimonde,2137,hunter,survival,150,76,74
Rynex,festung-der-stürme,2134,hunter,survival,78,45,33
Harrianlar,ravenholdt,2128,hunter,survival,166,84,82
Nikzeubii,archimonde,2113,hunter,survival,66,39,27
Corossity,blackmoore,2107,hunter,survival,101,67,34
Pokefangirlx,grim-batol,2107,hunter,survival,209,121,88
Razoorine,blackrock,2102,hunter,survival,156,87,69
Fíng,tarren-mill,2079,hunter,survival,216,109,107
Belaux,archimonde,2038,hunter,survival,149,73,76
Götdelen,kult-der-verdammten,2023,hunter,survival,110,59,51
Yeezu,sylvanas,2009,hunter,survival,66,36,30
Macrolaim,outland,2009,hunter,survival,174,84,90
Jànet,ravencrest,2002,hunter,survival,66,33,33
Mestar,outland,2001,hunter,survival,199,100,99
Huntity,kazzak,1994,hunter,survival,95,51,44
Crucfixion,kazzak,1993,hunter,survival,60,35,25
Mspt,archimonde,1985,hunter,survival,120,59,61
Booxun,sylvanas,1982,hunter,survival,133,68,65
Yemistar,archimonde,1980,hunter,survival,78,43,35
Zhulk,los-errantes,1966,hunter,survival,102,52,50
Gukexa,outland,1965,hunter,survival,66,39,27
Josethepimpo,stormscale,1960,hunter,survival,96,47,49
Лесбиянюсь,gordunni,1945,hunter,survival,126,70,56
Stormblãze,ravencrest,1944,hunter,survival,143,66,77
Hyderr,aegwynn,1939,hunter,survival,42,27,15
Kagrot,silvermoon,1936,hunter,survival,90,46,44
Rayadz,nethersturm,1929,hunter,survival,156,76,80
Dyndns,blackmoore,1927,hunter,survival,72,36,36
Exquisitor,draenor,1910,hunter,survival,157,84,73
Aboleon,ragnaros,1903,hunter,survival,68,36,32
Горгонт,blackscar,1897,hunter,survival,132,72,60
Jackjager,ravencrest,1894,hunter,survival,51,32,19
Sneakyshøt,nemesis,1894,hunter,survival,263,137,126
Momohenní,archimonde,1871,hunter,survival,156,86,70
Scypher,ragnaros,1864,hunter,survival,50,33,17
Lágåta,outland,1864,hunter,survival,53,27,26
Djheartstrng,argent-dawn,1862,hunter,survival,61,36,25
Ryomen,garona,1862,hunter,survival,189,99,90
Øvade,argent-dawn,1861,hunter,survival,67,41,26
Brkh,ravencrest,1857,hunter,survival,54,30,24
Earfalass,twisting-nether,1856,hunter,survival,125,71,54
Mogumogu,blackhand,1848,hunter,survival,54,29,25
Kyosoku,silvermoon,1845,hunter,survival,57,28,29
Madzynette,archimonde,1842,hunter,survival,67,40,27
Feignfisto,draenor,1840,hunter,survival,33,20,13
Djshibalxd,argent-dawn,1840,hunter,survival,54,29,25
Lugnåls,hyjal,1838,hunter,survival,89,46,43
Zerberas,blackrock,1835,hunter,survival,60,32,28
Åíøñs,kazzak,1834,hunter,survival,42,26,16
Квит,blackscar,1832,hunter,survival,30,20,10
Glosendra,ravencrest,1831,hunter,survival,66,41,25
Vunter,malganis,1828,hunter,survival,48,26,22
Dabeszt,draenor,1827,hunter,survival,60,38,22
Avaren,archimonde,1826,hunter,survival,118,61,57
Calesthas,tarren-mill,1825,hunter,survival,84,44,40
Ravebae,silvermoon,1822,hunter,survival,138,69,69
Dackeldustin,norgannon,1821,hunter,survival,42,38,4
Pwon,ravencrest,1811,hunter,survival,236,125,111
Frog,crushridge,1810,hunter,survival,78,46,32
Thugzilla,auchindoun,1810,hunter,survival,71,40,31
Polaqu,burning-legion,1809,hunter,survival,60,37,23
Betarayjinx,kazzak,1804,hunter,survival,51,31,20
Nwnw,tarren-mill,1802,hunter,survival,30,19,11
Zpf,silvermoon,1801,hunter,survival,56,30,26
Lagich,stormscale,1799,hunter,survival,34,24,10
Raelaf,zuljin,1798,hunter,survival,36,19,17
Зеленыйиисус,gordunni,1789,hunter,survival,147,80,67
Fatbushpig,stormscale,1786,hunter,survival,30,19,11
Minibicmex,aegwynn,1784,hunter,survival,59,31,28
Onlylfg,drakthul,1772,hunter,survival,68,35,33
Dreämhäck,ravencrest,1768,hunter,survival,78,47,31
Sneakyshoot,nemesis,1767,hunter,survival,59,31,28
Saliressa,ravencrest,1767,hunter,survival,66,32,34
Akronis,outland,1767,hunter,survival,66,29,37
Летмимейт,howling-fjord,1759,hunter,survival,96,53,43
Cjezka,blackmoore,1757,hunter,survival,54,26,28
Easyclass,hyjal,1756,hunter,survival,78,40,38
Obbnfriends,ravencrest,1749,hunter,survival,66,30,36
Clifton,archimonde,1748,hunter,survival,42,27,15
Eunte,archimonde,1747,hunter,survival,66,34,32
Closeenought,ravencrest,1746,hunter,survival,72,40,32
Burbutsuluki,silvermoon,1739,hunter,survival,42,23,19
Hunjo,quelthalas,1739,hunter,survival,90,40,50
Draxil,archimonde,1737,hunter,survival,58,33,25
Døvah,argent-dawn,1737,hunter,survival,54,30,24
Alexdi,kazzak,1736,hunter,survival,60,25,35
Subha,quelthalas,1731,hunter,survival,48,31,17
Kalthrog,ragnaros,1731,hunter,survival,66,37,29
Svetlanatrap,stormscale,1729,hunter,survival,42,23,19
Avizi,anachronos,1724,hunter,survival,78,41,37
Yosia,draenor,1723,hunter,survival,60,31,29
Иснсейшн,soulflayer,1718,hunter,survival,53,31,22
Curbý,blackhand,1718,hunter,survival,36,20,16
Mmkekw,guldan,1716,hunter,survival,30,22,8
Boops,ragnaros,1714,hunter,survival,30,18,12
Rewgodxq,ravencrest,1713,hunter,survival,84,35,49
Sorozo,aegwynn,1712,hunter,survival,90,47,43
Moustø,archimonde,1710,hunter,survival,35,21,14
Sipsomewater,ravencrest,1707,hunter,survival,36,21,15
Hühneknubbel,blackmoore,1707,hunter,survival,42,24,18
Løvebombing,ravencrest,1706,hunter,survival,24,18,6
Marvelmary,ravencrest,1703,hunter,survival,47,22,25
Леоа,howling-fjord,1703,hunter,survival,54,24,30
Хансбург,howling-fjord,1701,hunter,survival,54,26,28
Razôr,blackhand,1700,hunter,survival,30,18,12
Киссмайпет,howling-fjord,1700,hunter,survival,60,34,26
Разплюханка,howling-fjord,1699,hunter,survival,108,56,52
Оскорбление,howling-fjord,1697,hunter,survival,66,34,32
Rubydacherrý,argent-dawn,1696,hunter,survival,30,21,9
Yazqua,deathwing,1696,hunter,survival,70,42,28
Fusko,ysondre,1695,hunter,survival,54,29,25
Qwèrts,stormscale,1695,hunter,survival,42,21,21
Búddhìst,ravencrest,1694,hunter,survival,48,22,26
Slizzle,sporeggar,1676,hunter,survival,60,33,27
Yemmeth,argent-dawn,1676,hunter,survival,210,108,102
Snippy,sanguino,1674,hunter,survival,108,50,58
Arrcher,thrall,1670,hunter,survival,36,26,10
Ódelagga,sylvanas,1669,hunter,survival,96,55,41
Knokkelmann,outland,1668,hunter,survival,36,24,12
Epicsurvive,ravencrest,1667,hunter,survival,42,22,20
Axehead,outland,1664,hunter,survival,42,22,20
Gedept,blackrock,1663,hunter,survival,62,33,29
Zøk,stormscale,1662,hunter,survival,83,49,34
Kurkelx,ravencrest,1661,hunter,survival,48,30,18
Стингергодх,gordunni,1660,hunter,survival,51,27,24
Lukez,ravencrest,1656,hunter,survival,48,28,20
Бомбетта,grom,1656,hunter,survival,78,37,41
Monkeytrapz,norgannon,1655,hunter,survival,42,23,19
Zäroury,ravencrest,1653,hunter,survival,64,32,32
Nemámponetí,drakthul,1649,hunter,survival,54,33,21
Xiumiune,antonidas,1648,hunter,survival,69,40,29
Ksreport,stormscale,1647,hunter,survival,40,18,22
Бубунн,howling-fjord,1646,hunter,survival,81,47,34
Mewithoutyou,ragnaros,1645,hunter,survival,205,95,110
Чууч,blackscar,1645,hunter,survival,111,51,60
Xamisch,eredar,1644,hunter,survival,34,22,12
Wonkeedx,ravencrest,1641,hunter,survival,42,21,21
Halfogre,draenor,1640,hunter,survival,30,20,10
Майен,thermaplugg,1640,hunter,survival,48,21,27
Zulldek,sanguino,1638,hunter,survival,78,42,36
Fablet,draenor,1637,hunter,survival,42,24,18
Микихаса,galakrond,1636,hunter,survival,69,36,33
Xexhel,twisting-nether,1634,hunter,survival,45,26,19
Robzyhunter,kazzak,1632,hunter,survival,54,32,22
Maiverx,ravencrest,1631,hunter,survival,24,17,7
Tillhunt,kargath,1630,hunter,survival,63,40,23
Renathir,argent-dawn,1628,hunter,survival,50,28,22
Skyh,outland,1628,hunter,survival,101,48,53
Кулерквест,soulflayer,1627,hunter,survival,85,46,39
Véncsótány,ragnaros,1624,hunter,survival,30,18,12
Løwg,drekthar,1622,hunter,survival,36,20,16
Kajtarn,outland,1621,hunter,survival,60,27,33
Копия,azuregos,1619,hunter,survival,42,18,24
Ntwoõ,ravencrest,1615,hunter,survival,65,37,28
Pizzafanatic,blackrock,1614,hunter,survival,49,25,24
Losiané,thrall,1613,hunter,survival,94,48,46
Regale,archimonde,1608,hunter,survival,36,17,19
Ruxhunter,sanguino,1607,hunter,survival,90,50,40
Iceyx,stormscale,1606,hunter,survival,37,21,16
Cira,archimonde,1606,hunter,survival,48,24,24
Гудхантер,blackscar,1605,hunter,survival,66,38,28
Ищименявтени,gordunni,1604,hunter,survival,65,36,29
Raztreadör,dun-modr,1604,hunter,survival,231,122,109
Жэш,howling-fjord,1602,hunter,survival,42,21,21
Сабакаа,borean-tundra,1600,hunter,survival,78,44,34
Субоота,gordunni,1600,hunter,survival,65,32,33
Darllene,kazzak,1599,hunter,survival,101,46,55
Dariusmm,silvermoon,1598,hunter,survival,58,32,26
Lìmpy,stormreaver,1597,hunter,survival,30,17,13
Defjacks,argent-dawn,1597,hunter,survival,62,31,31
Оути,azuregos,1594,hunter,survival,84,49,35
Calyssae,shattered-halls,1591,hunter,survival,99,58,41
Aspergun,ragnaros,1590,hunter,survival,46,22,24
Танчибосс,soulflayer,1589,hunter,survival,92,47,45
Noop,sylvanas,1587,hunter,survival,42,20,22
Sznxøxo,ravencrest,1585,hunter,survival,42,24,18
Saejku,archimonde,1585,hunter,survival,69,36,33
Миаур,gordunni,1583,hunter,survival,42,19,23
Unsáinted,ravencrest,1578,hunter,survival,129,67,62
Ázurâ,blackhand,1578,hunter,survival,116,56,60
Nienel,archimonde,1577,hunter,survival,83,34,49
Свадебная,gordunni,1572,hunter,survival,148,78,70
Хантзер,howling-fjord,1568,hunter,survival,80,39,41
Sunyjuyono,ravencrest,1565,hunter,survival,42,19,23
Suzumebachi,twisting-nether,1562,hunter,survival,54,34,20
Marryme,blackhand,1561,hunter,survival,44,26,18
Næ,kazzak,1561,hunter,survival,97,54,43
Turdy,executus,1559,hunter,survival,40,23,17
Zeer,sylvanas,1558,hunter,survival,105,46,59
Killitoss,blackmoore,1554,hunter,survival,42,23,19
Ðarrk,tarren-mill,1551,hunter,survival,66,35,31
Westcøãst,archimonde,1550,hunter,survival,54,32,22
Âmalphy,ravencrest,1549,hunter,survival,42,17,25
Skydraz,ysondre,1548,hunter,survival,48,25,23
Фломидзе,gordunni,1546,hunter,survival,65,39,26
Rizlay,the-maelstrom,1546,hunter,survival,72,34,38
Смолильщик,gordunni,1542,hunter,survival,45,22,23
Psychotik,stormreaver,1540,hunter,survival,94,50,44
Wikariusz,kazzak,1540,hunter,survival,66,27,39
Sarrow,ravencrest,1535,hunter,survival,69,36,33
Knoxblå,stormscale,1533,hunter,survival,24,16,8
Garxzhunter,tarren-mill,1528,hunter,survival,30,16,14
Sphexya,ravencrest,1528,hunter,survival,30,16,14
Bren,shattrath,1526,hunter,survival,43,20,23
Babûsch,blackmoore,1524,hunter,survival,42,17,25
Глаззалмаз,howling-fjord,1519,hunter,survival,34,21,13
Capd,kazzak,1519,hunter,survival,36,21,15
Albumx,hyjal,1513,hunter,survival,217,108,109
Jakis,silvermoon,1513,hunter,survival,35,17,18
Zacxx,ravencrest,1512,hunter,survival,47,33,14
Fmatzen,the-maelstrom,1503,hunter,survival,30,16,14
Lottemor,tarren-mill,1502,hunter,survival,41,28,13
Jailevaccin,khaz-modan,1500,hunter,survival,73,34,39
Галятрицепс,eversong,1494,hunter,survival,38,19,19
Clicker,runetotem,1494,hunter,survival,54,25,29
Hakkoti,argent-dawn,1486,hunter,survival,66,33,33
Riema,ragnaros,1483,hunter,survival,76,34,42
Lxoh,turalyon,1478,hunter,survival,191,90,101
Urtanis,stormscale,1477,hunter,survival,72,35,37
Rasmi,kazzak,1477,hunter,survival,38,17,21
Horxxa,kul-tiras,1476,hunter,survival,72,43,29
Штынь,gordunni,1471,hunter,survival,36,17,19
Хитвейн,gordunni,1469,hunter,survival,48,20,28
Комомура,soulflayer,1467,hunter,survival,59,31,28
Kürze,silvermoon,1467,hunter,survival,52,26,26
Melissax,silvermoon,1464,hunter,survival,40,17,23
Яшатаю,soulflayer,1463,hunter,survival,39,26,13
Notikâ,aegwynn,1461,hunter,survival,66,33,33
Sayn,la-croisade-écarlate,1460,hunter,survival,44,23,21
Frapt,dalaran,1459,hunter,survival,28,16,12
Clydefrog,outland,1459,hunter,survival,40,16,24
Atalnta,ravencrest,1451,hunter,survival,69,28,41
Gradevine,twisting-nether,1449,hunter,survival,32,20,12
Nalys,argent-dawn,1447,hunter,survival,64,36,28
Makeawish,antonidas,1444,hunter,survival,64,37,27
Olk,stormscale,1439,hunter,survival,24,15,9
Iòvól,azuremyst,1439,hunter,survival,31,17,14
Wastage,draenor,1439,hunter,survival,48,25,23
Islide,ravencrest,1438,hunter,survival,36,15,21
Oggi,draenor,1429,hunter,survival,42,21,21
Kalani,la-croisade-écarlate,1428,hunter,survival,117,55,62
Nurki,the-maelstrom,1427,hunter,survival,30,15,15
Тэуреэль,gordunni,1426,hunter,survival,66,26,40
Hoffen,dentarg,1414,hunter,survival,24,18,6
Тэмплест,howling-fjord,1411,hunter,survival,24,15,9
Arykes,drakthul,1409,hunter,survival,59,27,32
Juniorm,kazzak,1407,hunter,survival,30,15,15
Capullospawn,dun-morogh,1406,hunter,survival,24,15,9
Boggy,outland,1405,hunter,survival,36,19,17
Шадак,soulflayer,1405,hunter,survival,47,24,23
Китас,soulflayer,1404,hunter,survival,80,48,32
Shoty,zuluhed,1402,hunter,survival,106,50,56
Andjelaa,kazzak,1398,hunter,survival,30,15,15
Feignindeath,twisting-nether,1396,hunter,survival,38,23,15
Crème,blackrock,1395,hunter,survival,65,26,39
Ballistix,elune,1394,hunter,survival,30,15,15
Кфоззи,soulflayer,1391,hunter,survival,30,15,15
Йинги,gordunni,1390,hunter,survival,64,34,30
Dorota,auchindoun,1388,hunter,survival,30,16,14
Taurïel,stormscale,1385,hunter,survival,50,28,22
Slagatronic,ragnaros,1378,hunter,survival,96,53,43
Ajko,blackmoore,1378,hunter,survival,60,33,27
Сильвиина,eversong,1372,hunter,survival,36,17,19
Ðrãke,blackmoore,1370,hunter,survival,30,15,15
Hunttes,nagrand,1365,hunter,survival,29,15,14
Shootingu,aegwynn,1364,hunter,survival,96,49,47
Vengefull,draenor,1363,hunter,survival,150,76,74
Suxino,doomhammer,1360,hunter,survival,82,37,45
Zwerghauer,arthas,1358,hunter,survival,30,17,13
Стивстифлер,razuvious,1357,hunter,survival,60,33,27
Tortillia,madmortem,1357,hunter,survival,48,22,26
Мандалорецц,soulflayer,1356,hunter,survival,92,44,48
Santiägø,archimonde,1353,hunter,survival,54,30,24
Abovival,ragnaros,1349,hunter,survival,30,20,10
Skyyw,tarren-mill,1348,hunter,survival,62,34,28
Malgorn,burning-legion,1341,hunter,survival,40,27,13
Icetrapped,eredar,1341,hunter,survival,30,14,16
Xaone,blackrock,1340,hunter,survival,18,14,4
Вандамос,soulflayer,1340,hunter,survival,55,28,27
Killerkatze,outland,1340,hunter,survival,30,14,16
Айхана,gordunni,1337,hunter,survival,53,30,23
Satantrapbot,outland,1337,hunter,survival,30,14,16
Savageone,frostwhisper,1336,hunter,survival,24,14,10
Itchy,das-syndikat,1336,hunter,survival,36,16,20
Kobayashi,arathor,1331,hunter,survival,89,40,49
Jamalinho,silvermoon,1322,hunter,survival,60,38,22
Zaphody,doomhammer,1322,hunter,survival,57,29,28
Карвинн,soulflayer,1321,hunter,survival,30,14,16
Ðoñko,hyjal,1316,hunter,survival,141,65,76
Zehned,ysondre,1316,hunter,survival,57,25,32
Ниалла,thermaplugg,1316,hunter,survival,48,19,29
Bigmøist,ravencrest,1315,hunter,survival,36,17,19
Vâleriaa,blackrock,1314,hunter,survival,30,14,16
Littlhuntard,tarren-mill,1306,hunter,survival,24,14,10
Karabeg,twisting-nether,1301,hunter,survival,53,22,31
Steezowl,kazzak,1297,hunter,survival,47,20,27
Prodanhunts,frostmane,1296,hunter,survival,30,14,16
Wôôdsy,blackrock,1291,hunter,survival,30,14,16
Torrë,sanguino,1289,hunter,survival,29,14,15
Kasperle,frostwolf,1281,hunter,survival,24,14,10
Sasquaczek,burning-legion,1278,hunter,survival,30,17,13
Getsniffarn,sylvanas,1277,hunter,survival,36,18,18
Daweí,draenor,1275,hunter,survival,40,15,25
Tyrone,saurfang,1264,hunter,survival,30,14,16
Pentaboule,archimonde,1263,hunter,survival,78,36,42
Nvukaze,argent-dawn,1262,hunter,survival,33,22,11
Cásper,tarren-mill,1261,hunter,survival,42,20,22
Huntiika,silvermoon,1257,hunter,survival,64,27,37
Куджикс,soulflayer,1248,hunter,survival,18,13,5
Zudith,sanguino,1248,hunter,survival,24,14,10
Spitchy,kazzak,1248,hunter,survival,36,17,19
Jumong,ragnaros,1246,hunter,survival,24,13,11
Vargar,arygos,1245,hunter,survival,24,13,11
Foxyfoxo,guldan,1245,hunter,survival,41,19,22
Guanchin,silvermoon,1245,hunter,survival,42,16,26
Kydérr,aegwynn,1243,hunter,survival,24,13,11
Paxiwtf,eredar,1242,hunter,survival,22,14,8
Bicepspump,dun-morogh,1240,hunter,survival,30,13,17
Hreo,twisting-nether,1234,hunter,survival,24,13,11
Jomoguin,stormscale,1225,hunter,survival,48,23,25
Гаррельд,blackscar,1219,hunter,survival,30,13,17
Thëoden,cthun,1217,hunter,survival,24,13,11
Herubin,doomhammer,1217,hunter,survival,45,20,25
Тике,soulflayer,1215,hunter,survival,38,19,19
Ägris,die-todeskrallen,1212,hunter,survival,41,21,20
Caelas,outland,1210,hunter,survival,24,13,11
Ashablack,argent-dawn,1208,hunter,survival,107,52,55
Bloodxx,ragnaros,1201,hunter,survival,72,33,39
Sainttcc,thrall,1195,hunter,survival,54,25,29
Kazzaak,kazzak,1188,hunter,survival,72,26,46
Ketaminösa,zuljin,1151,hunter,survival,18,12,6
Sláyer,the-shatar,1151,hunter,survival,40,21,19
Ähäkutti,kazzak,1151,hunter,survival,30,12,18
Скадхи,blackscar,1150,hunter,survival,24,12,12
Nkl,archimonde,1150,hunter,survival,24,12,12
Grulog,kazzak,1150,hunter,survival,30,12,18
Skârlock,blackmoore,1149,hunter,survival,24,12,12
Natchell,ysondre,1148,hunter,survival,24,12,12
Rettoo,aszune,1146,hunter,survival,19,12,7
Звериныйпапа,gordunni,1146,hunter,survival,24,12,12
Yake,kazzak,1140,hunter,survival,40,15,25
Gilzog,exodar,1138,hunter,survival,30,12,18
Cabaim,eredar,1137,hunter,survival,18,12,6
Floris,outland,1126,hunter,survival,24,12,12
Cämper,aegwynn,1124,hunter,survival,24,12,12
Gakco,twisting-nether,1120,hunter,survival,24,12,12
Stuckstepbro,silvermoon,1119,hunter,survival,29,12,17
Absolutnoob,blackrock,1100,hunter,survival,38,19,19
Apachy,amanthul,1100,hunter,survival,29,12,17
Aszasi,azjolnerub,1096,hunter,survival,23,12,11
Пятницкий,soulflayer,1092,hunter,survival,21,12,9
Himba,dentarg,1088,hunter,survival,36,18,18
Djsecousse,hyjal,1056,hunter,survival,18,11,7
Guccyfied,blackrock,1056,hunter,survival,18,11,7
Lutza,sanguino,1056,hunter,survival,24,11,13
Dedral,aegwynn,1055,hunter,survival,18,11,7
Djtrápálót,dragonmaw,1055,hunter,survival,18,11,7
Shiceloch,blackmoore,1055,hunter,survival,18,11,7
Аркеро,soulflayer,1054,hunter,survival,24,11,13
Éddiémórphín,kazzak,1053,hunter,survival,24,11,13
Coromant,blackrock,1053,hunter,survival,26,11,15
Cataleýà,outland,1052,hunter,survival,18,11,7
Твояпомощь,gordunni,1052,hunter,survival,18,11,7
Skzu,archimonde,1050,hunter,survival,18,11,7
Jalcer,draenor,1050,hunter,survival,21,12,9
Huntoruu,outland,1041,hunter,survival,101,44,57
Doru,silvermoon,1025,hunter,survival,24,11,13
Dragonflayer,sylvanas,1021,hunter,survival,18,11,7
Szybky,defias-brotherhood,1017,hunter,survival,18,11,7
Voltár,antonidas,1017,hunter,survival,30,11,19
Killdembro,sunstrider,1015,hunter,survival,60,17,43
Giobi,draenor,996,hunter,survival,24,13,11
Animàl,argent-dawn,988,hunter,survival,22,11,11
Änubïs,culte-de-la-rive-noire,973,hunter,survival,28,12,16
Крысюкпифпаф,blackscar,971,hunter,survival,19,11,8
Reviam,ravencrest,960,hunter,survival,12,10,2
Bnak,thrall,960,hunter,survival,12,10,2
Tayu,throkferoth,960,hunter,survival,12,10,2
Kukenisluken,stormscale,960,hunter,survival,18,10,8
Fwaffidack,tarren-mill,960,hunter,survival,18,10,8
Мигнитюша,blackscar,960,hunter,survival,18,10,8
Neddly,draenor,960,hunter,survival,24,10,14
Xallis,outland,959,hunter,survival,18,10,8
Morkahs,dalaran,959,hunter,survival,18,10,8
Terrorduni,tarren-mill,959,hunter,survival,24,10,14
Cadier,argent-dawn,959,hunter,survival,24,10,14
Менстряк,deathguard,958,hunter,survival,18,10,8
Amilienne,nozdormu,958,hunter,survival,27,11,16
Барабаша,deathguard,957,hunter,survival,24,10,14
Mcgloebels,archimonde,956,hunter,survival,21,11,10
Binhoker,argent-dawn,953,hunter,survival,12,10,2
Vorsord,zuljin,952,hunter,survival,24,10,14
Memli,uldaman,950,hunter,survival,18,10,8
Marluxiâ,archimonde,947,hunter,survival,30,11,19
Zipzâp,blackrock,936,hunter,survival,18,10,8
Neilime,marécage-de-zangar,936,hunter,survival,74,33,41
Pechvogel,blackmoore,910,hunter,survival,17,10,7
Ирртой,grom,885,hunter,survival,24,10,14
Nttcoopzz,silvermoon,864,hunter,survival,12,9,3
Ðévi,ravencrest,864,hunter,survival,12,9,3
Urrane,archimonde,864,hunter,survival,12,9,3
Bicmex,ravencrest,864,hunter,survival,14,9,5
Svinrbglol,arygos,864,hunter,survival,18,9,9
Mortybeans,ravencrest,864,hunter,survival,18,9,9
Agnêas,silvermoon,864,hunter,survival,18,9,9
Nooksem,blackrock,864,hunter,survival,18,9,9
Krakenaspect,kazzak,864,hunter,survival,18,9,9
Bùddhíst,ravencrest,864,hunter,survival,18,9,9
Murkek,drakthul,863,hunter,survival,12,9,3
Mileysaures,stormscale,863,hunter,survival,12,9,3
Zapzy,ravencrest,863,hunter,survival,18,9,9
Ashendan,silvermoon,863,hunter,survival,24,9,15
Тиометра,gordunni,862,hunter,survival,12,9,3
Sarttrap,aerie-peak,862,hunter,survival,12,9,3
Крэин,howling-fjord,862,hunter,survival,18,9,9
Skumrask,outland,862,hunter,survival,24,9,15
Rollin,khaz-modan,861,hunter,survival,12,9,3
Вилдфлекс,gordunni,861,hunter,survival,12,9,3
Tôm,ravencrest,860,hunter,survival,12,9,3
Занзуолли,howling-fjord,860,hunter,survival,18,9,9
Норапина,eversong,857,hunter,survival,24,12,12
Бандерака,goldrinn,857,hunter,survival,18,9,9
Milandra,the-maelstrom,851,hunter,survival,18,9,9
Ilovejwrld,dun-modr,810,hunter,survival,22,10,12
Drolig,blackmoore,793,hunter,survival,17,9,8
Maiver,ravencrest,768,hunter,survival,12,8,4
Velen,pozzo-delleternità,768,hunter,survival,12,8,4
Djfortnite,ravencrest,768,hunter,survival,12,8,4
Poggersdaddy,kazzak,768,hunter,survival,12,8,4
Патчхороший,howling-fjord,768,hunter,survival,12,8,4
Erhu,drakthul,768,hunter,survival,12,8,4
Jaggy,hyjal,768,hunter,survival,12,8,4
Bittercoast,stormscale,768,hunter,survival,17,8,9
Фираналь,blackscar,768,hunter,survival,18,8,10
Jäinenool,outland,768,hunter,survival,18,8,10
Рэдхаант,soulflayer,768,hunter,survival,18,8,10
Пьёт,gordunni,768,hunter,survival,18,8,10
Bø,burning-blade,768,hunter,survival,18,8,10
Epicsurvive,kazzak,768,hunter,survival,24,8,16
Øpedro,kirin-tor,767,hunter,survival,12,8,4
Luftikuss,arthas,767,hunter,survival,12,8,4
Nokti,die-ewige-wacht,767,hunter,survival,12,8,4
Тиандриса,soulflayer,767,hunter,survival,12,8,4
Mclooving,runetotem,767,hunter,survival,13,8,5
Akasa,twilights-hammer,767,hunter,survival,18,8,10
Survsen,kazzak,767,hunter,survival,18,8,10
Querro,azshara,767,hunter,survival,24,8,16
Trapfish,dalaran,766,hunter,survival,12,8,4
Bowmasterjay,kazzak,764,hunter,survival,18,8,10
Harmonía,outland,764,hunter,survival,24,8,16
Eledanu,blackmoore,762,hunter,survival,12,8,4
Harrak,ysondre,761,hunter,survival,12,8,4
Хантероо,gordunni,756,hunter,survival,18,8,10
Powerhord,burning-legion,751,hunter,survival,18,8,10
Оверман,azuregos,735,hunter,survival,26,9,17
Ватмано,gordunni,718,hunter,survival,11,8,3
Reefa,the-maelstrom,702,hunter,survival,11,8,3
Bnak,die-ewige-wacht,672,hunter,survival,12,7,5
Gukéx,stormscale,672,hunter,survival,12,7,5
Vincex,ravencrest,672,hunter,survival,12,7,5
Wórldz,dun-modr,672,hunter,survival,12,7,5
Amadia,defias-brotherhood,672,hunter,survival,12,7,5
Motri,tarren-mill,672,hunter,survival,12,7,5
Dauria,blackhand,672,hunter,survival,12,7,5
Xelsera,antonidas,672,hunter,survival,12,7,5
Jamboss,twisting-nether,672,hunter,survival,12,7,5
Snôptas,blackmoore,672,hunter,survival,12,7,5
Глефард,fordragon,672,hunter,survival,12,7,5
Tomorrow,ravencrest,672,hunter,survival,12,7,5
Blvckjvckz,ravencrest,672,hunter,survival,12,7,5
Davidghettô,dalaran,672,hunter,survival,12,7,5
Nulles,ravencrest,672,hunter,survival,12,7,5
Robinbuds,stormscale,672,hunter,survival,12,7,5
Burninghunt,ravencrest,672,hunter,survival,12,7,5
Katzila,outland,672,hunter,survival,12,7,5
Волкорн,gordunni,672,hunter,survival,12,7,5
Ilovemax,archimonde,672,hunter,survival,12,7,5
Neyv,blackmoore,672,hunter,survival,15,8,7
Avashah,ravencrest,672,hunter,survival,16,7,9
Doraxa,sanguino,672,hunter,survival,18,7,11
Niro,argent-dawn,672,hunter,survival,18,7,11
Artemisïa,archimonde,672,hunter,survival,18,7,11
Fyoni,silvermoon,671,hunter,survival,12,7,5
Rolky,silvermoon,671,hunter,survival,12,7,5
Flamehand,kazzak,671,hunter,survival,12,7,5
Raenard,ragnaros,671,hunter,survival,15,8,7
Алестея,gordunni,671,hunter,survival,18,7,11
Виралатта,gordunni,671,hunter,survival,18,7,11
Blackox,zirkel-des-cenarius,670,hunter,survival,12,7,5
Мертвыйпсарь,soulflayer,670,hunter,survival,12,7,5
Renegansnipe,silvermoon,670,hunter,survival,18,7,11
Bairex,magtheridon,666,hunter,survival,12,7,5
Skyythe,dun-morogh,649,hunter,survival,18,7,11
Bowkeeper,kazzak,642,hunter,survival,24,7,17
Wicmex,archimonde,624,hunter,survival,9,8,1
Bugspitz,outland,622,hunter,survival,11,7,4
Onefatalshot,the-maelstrom,617,hunter,survival,14,8,6
Haileyjones,darkmoon-faire,576,hunter,survival,6,6,0
Alissón,aegwynn,576,hunter,survival,6,6,0
Iloveluna,silvermoon,576,hunter,survival,6,6,0
Gitanìlla,dun-modr,576,hunter,survival,6,6,0
Kfcmanagerx,silvermoon,576,hunter,survival,10,7,3
Torelk,dalaran,576,hunter,survival,12,6,6
Mouganstine,archimonde,576,hunter,survival,12,6,6
Nirn,ravencrest,576,hunter,survival,12,6,6
Xxø,ravencrest,576,hunter,survival,12,6,6
Jamoneame,sanguino,576,hunter,survival,12,6,6
Seandeluxe,defias-brotherhood,576,hunter,survival,12,6,6
Uranîa,blackmoore,576,hunter,survival,12,6,6
Snoude,silvermoon,576,hunter,survival,12,6,6
Maddoqx,frostwolf,576,hunter,survival,12,6,6
Autoturret,eredar,576,hunter,survival,12,6,6
Weraxo,ravencrest,576,hunter,survival,12,6,6
Nunziatellà,nemesis,576,hunter,survival,12,6,6
Bicmeks,ravencrest,576,hunter,survival,12,6,6
Jónes,dunemaul,576,hunter,survival,12,6,6
Alibigjungle,ravencrest,576,hunter,survival,12,6,6
Kirax,ravencrest,576,hunter,survival,15,7,8
Куджикс,gordunni,576,hunter,survival,20,7,13
Huntanova,antonidas,576,hunter,survival,18,6,12
Grimazg,chogall,575,hunter,survival,12,6,6
Pãstèque,ravencrest,575,hunter,survival,12,6,6
Nektard,ravencrest,575,hunter,survival,12,6,6
Orcpie,defias-brotherhood,575,hunter,survival,12,6,6
Hevl,silvermoon,575,hunter,survival,12,6,6
Junglez,nagrand,575,hunter,survival,12,6,6
Йеттеринг,deathweaver,575,hunter,survival,15,7,8
Риппер,gordunni,575,hunter,survival,18,6,12
Enistee,silvermoon,575,hunter,survival,18,6,12
Bôbby,kelthuzad,575,hunter,survival,18,6,12
Дондонандон,gordunni,575,hunter,survival,18,6,12
Sekkeh,ragnaros,575,hunter,survival,18,6,12
Amjamh,hyjal,575,hunter,survival,18,6,12
Васябицепс,howling-fjord,574,hunter,survival,18,6,12
Vuloshi,twisting-nether,573,hunter,survival,18,6,12
Санясурв,gordunni,569,hunter,survival,19,11,8
Shanè,blackrock,557,hunter,survival,17,6,11
Mâjôô,blackhand,544,hunter,survival,10,6,4
Боцекабузер,galakrond,543,hunter,survival,11,6,5
Chillibetv,blackrock,543,hunter,survival,16,7,9
Reðrighthånð,throkferoth,528,hunter,survival,9,6,3
Pôîson,kazzak,514,hunter,survival,30,7,23
Hotgrillexde,sylvanas,511,hunter,survival,11,6,5
Musen,draenor,480,hunter,survival,6,5,1
Cenesthesia,draenor,480,hunter,survival,6,5,1
Glama,archimonde,480,hunter,survival,6,5,1
Sebikh,ravencrest,480,hunter,survival,6,5,1
Vilopez,arthas,480,hunter,survival,6,5,1
Mòzetónq,ravencrest,480,hunter,survival,6,5,1
Dheredre,silvermoon,480,hunter,survival,6,5,1
Röwene,argent-dawn,480,hunter,survival,6,5,1
Deek,ysera,480,hunter,survival,6,5,1
Smellygroin,darksorrow,480,hunter,survival,6,5,1
Lísy,hyjal,480,hunter,survival,6,5,1
Coopatron,silvermoon,480,hunter,survival,12,5,7
Baconflips,ravencrest,480,hunter,survival,12,5,7
Ormassey,drakthul,480,hunter,survival,12,5,7
Вкинулматрас,gordunni,480,hunter,survival,12,5,7
Эвилтар,soulflayer,480,hunter,survival,12,5,7
Ector,silvermoon,480,hunter,survival,12,5,7
Unferth,the-venture-co,480,hunter,survival,12,5,7
Abeba,grim-batol,480,hunter,survival,12,5,7
Noneedtotrap,darksorrow,480,hunter,survival,12,5,7
Мэйвиан,gordunni,480,hunter,survival,12,5,7
Yakayoshi,kazzak,480,hunter,survival,12,5,7
Moscowmule,tarren-mill,480,hunter,survival,12,5,7
Аскентр,gordunni,480,hunter,survival,12,5,7
Horku,kazzak,480,hunter,survival,12,5,7
Doloresman,tarren-mill,480,hunter,survival,12,5,7
Grusijohn,executus,480,hunter,survival,12,5,7
Hunterado,burning-legion,480,hunter,survival,12,5,7
Discoråttan,stormscale,480,hunter,survival,12,5,7
Aequitaz,blackhand,480,hunter,survival,18,5,13
Skewdar,hyjal,480,hunter,survival,18,5,13
Badboyxoxo,stormscale,479,hunter,survival,6,5,1
Daltyr,ravencrest,479,hunter,survival,12,5,7
Cazados,shendralar,479,hunter,survival,16,6,10
Сногивкабину,soulflayer,479,hunter,survival,18,5,13
Mahemi,mazrigos,478,hunter,survival,24,5,19
Jabela,eredar,447,hunter,survival,11,5,6
Axiøs,thrall,431,hunter,survival,11,5,6
Azuren,twisting-nether,430,hunter,survival,11,5,6
Куфа,blackscar,384,hunter,survival,6,4,2
Speartusk,blackhand,384,hunter,survival,6,4,2
Shøt,stormreaver,384,hunter,survival,6,4,2
Giggiwho,malganis,384,hunter,survival,6,4,2
Psghunt,argent-dawn,384,hunter,survival,6,4,2
Youngbepse,blackrock,384,hunter,survival,6,4,2
Shenra,argent-dawn,384,hunter,survival,6,4,2
Bièretrand,les-clairvoyants,384,hunter,survival,6,4,2
Аминотоксид,blackscar,384,hunter,survival,6,4,2
Mooj,malganis,384,hunter,survival,6,4,2
Chrønôs,archimonde,384,hunter,survival,6,4,2
Nyxìa,shattered-halls,384,hunter,survival,6,4,2
Repap,defias-brotherhood,384,hunter,survival,6,4,2
Trappewpew,blackmoore,384,hunter,survival,6,4,2
Oldlynx,ravencrest,384,hunter,survival,6,4,2
Ледо,deathguard,384,hunter,survival,6,4,2
Zion,kul-tiras,384,hunter,survival,6,4,2
Double,sylvanas,384,hunter,survival,6,4,2
Trapandstun,aszune,384,hunter,survival,6,4,2
Djøgi,archimonde,384,hunter,survival,6,4,2
Virzion,silvermoon,384,hunter,survival,6,4,2
Thresha,ravenholdt,384,hunter,survival,6,4,2
Хикази,soulflayer,384,hunter,survival,6,4,2
Fyrya,ravencrest,384,hunter,survival,6,4,2
Cinnè,frostwolf,384,hunter,survival,6,4,2
Nomorex,frostwhisper,384,hunter,survival,6,4,2
Shubou,silvermoon,384,hunter,survival,6,4,2
Himpy,twisting-nether,384,hunter,survival,6,4,2
Gogolehunt,archimonde,384,hunter,survival,6,4,2
Vádîazmeý,twisting-nether,384,hunter,survival,6,4,2
Критпояйцам,howling-fjord,384,hunter,survival,6,4,2
Abgeherjoe,antonidas,384,hunter,survival,12,4,8
Salie,argent-dawn,384,hunter,survival,12,4,8
Фурболгов,gordunni,384,hunter,survival,12,4,8
Clicktrap,runetotem,384,hunter,survival,12,4,8
Sharpeyezz,ravencrest,384,hunter,survival,12,4,8
Eâgleêyê,frostwolf,384,hunter,survival,12,4,8
Fíwhale,tarren-mill,384,hunter,survival,12,4,8
Magicnanø,nemesis,384,hunter,survival,12,4,8
Waziralwazar,auchindoun,384,hunter,survival,12,4,8
Вуйчеч,howling-fjord,384,hunter,survival,12,4,8
Esperion,ragnaros,384,hunter,survival,12,4,8
Voldagor,hyjal,384,hunter,survival,12,4,8
Beaststeaks,thrall,384,hunter,survival,12,4,8
Dettas,silvermoon,384,hunter,survival,12,4,8
Wärft,arathi,384,hunter,survival,12,4,8
Fiskerr,darksorrow,384,hunter,survival,12,4,8
Marchik,outland,384,hunter,survival,12,4,8
Døømslayer,nemesis,383,hunter,survival,6,4,2
Platza,ragnaros,383,hunter,survival,12,4,8
Одисенс,eversong,383,hunter,survival,12,4,8
Bâng,zuljin,383,hunter,survival,12,4,8
Hanibale,burning-blade,382,hunter,survival,18,4,14
Thëhunter,tyrande,367,hunter,survival,11,4,7
Abeji,malygos,351,hunter,survival,11,4,7
Thalanos,blackmoore,335,hunter,survival,11,4,7
Ghob,kazzak,330,hunter,survival,8,5,3
Sùnzí,alakir,319,hunter,survival,6,4,2
Engetsu,drakthul,288,hunter,survival,6,3,3
Zwergjäger,aegwynn,288,hunter,survival,6,3,3
Ремонтлицаа,gordunni,288,hunter,survival,6,3,3
Rákthar,blackmoore,288,hunter,survival,6,3,3
Паркх,soulflayer,288,hunter,survival,6,3,3
Unöhänä,archimonde,288,hunter,survival,6,3,3
Solotrap,kazzak,288,hunter,survival,6,3,3
Jäegarn,ravencrest,288,hunter,survival,6,3,3
Himatoumi,elune,288,hunter,survival,6,3,3
Scecxla,doomhammer,288,hunter,survival,6,3,3
Simppeli,sylvanas,288,hunter,survival,6,3,3
Crispystix,draenor,288,hunter,survival,6,3,3
Hépheistos,kelthuzad,288,hunter,survival,6,3,3
Fjarla,aegwynn,288,hunter,survival,6,3,3
Jorhan,ravencrest,288,hunter,survival,6,3,3
Assaultrifle,frostmane,288,hunter,survival,6,3,3
Schwabbels,silvermoon,288,hunter,survival,6,3,3
Lightxyz,ravencrest,288,hunter,survival,6,3,3
Loading,garrosh,288,hunter,survival,6,3,3
Huntsmart,kazzak,288,hunter,survival,6,3,3
Tràpz,archimonde,288,hunter,survival,6,3,3
Goblinstyle,kazzak,288,hunter,survival,6,3,3
Нойран,eversong,288,hunter,survival,6,3,3
Prinzz,blackmoore,288,hunter,survival,6,3,3
Oneeyedjoe,the-maelstrom,288,hunter,survival,6,3,3
Faccacamoale,twisting-nether,288,hunter,survival,6,3,3
Kapowz,kazzak,288,hunter,survival,6,3,3
Spakster,blackrock,288,hunter,survival,6,3,3
Arrowknee,outland,288,hunter,survival,6,3,3
Natheldir,silvermoon,288,hunter,survival,6,3,3
Likandria,blackmoore,288,hunter,survival,6,3,3
Myoui,silvermoon,288,hunter,survival,6,3,3
Sworra,silvermoon,288,hunter,survival,6,3,3
Geevhunt,hyjal,288,hunter,survival,6,3,3
Deskö,shendralar,288,hunter,survival,6,3,3
Aidsmacka,shattered-hand,288,hunter,survival,6,3,3
Nobuno,dun-modr,288,hunter,survival,6,3,3
Hræsvëlg,archimonde,288,hunter,survival,6,3,3
Daddytrap,burning-legion,288,hunter,survival,6,3,3
Jayquillen,sylvanas,288,hunter,survival,6,3,3
Helvetiya,sylvanas,288,hunter,survival,6,3,3
Eazzyy,auchindoun,288,hunter,survival,6,3,3
Варкраб,blackscar,288,hunter,survival,6,3,3
Kleiar,dun-modr,288,hunter,survival,6,3,3
Shanndu,ravencrest,288,hunter,survival,12,3,9
Jeddaj,stormscale,288,hunter,survival,12,3,9
Àfpro,hyjal,288,hunter,survival,12,3,9
Beletor,medivh,288,hunter,survival,12,3,9
Bláckthorn,ravencrest,288,hunter,survival,12,3,9
Nestór,todeswache,288,hunter,survival,12,3,9
Aleenya,dalaran,288,hunter,survival,12,3,9
Síraw,tarren-mill,288,hunter,survival,12,3,9
Bigfoot,argent-dawn,288,hunter,survival,12,3,9
Согекхей,gordunni,288,hunter,survival,12,3,9
Шмалетар,gordunni,288,hunter,survival,12,3,9
Charlet,archimonde,287,hunter,survival,6,3,3
Lezigoulleur,marécage-de-zangar,287,hunter,survival,6,3,3
Leemool,ysondre,287,hunter,survival,6,3,3
Trabucones,sanguino,287,hunter,survival,12,3,9
Twinkhunter,pozzo-delleternità,256,hunter,survival,10,3,7
Fãdê,ravencrest,255,hunter,survival,8,4,4
Bowtreat,aggramar,239,hunter,survival,5,3,2
Arrowboss,kazzak,239,hunter,survival,5,3,2
Jeanpisse,hyjal,239,hunter,survival,5,3,2
Beersalma,arathor,239,hunter,survival,5,3,2
Дочьпескова,gordunni,239,hunter,survival,5,3,2
Sizemattersx,kazzak,239,hunter,survival,11,3,8
Gharzok,blackrock,234,hunter,survival,8,4,4
Хантвкроксах,gordunni,208,hunter,survival,7,3,4
Eromoar,outland,192,hunter,survival,6,2,4
Flexifys,tarren-mill,192,hunter,survival,6,2,4
Adram,burning-legion,192,hunter,survival,6,2,4
Наладдчик,howling-fjord,192,hunter,survival,6,2,4
Fajitax,lightbringer,192,hunter,survival,6,2,4
Draugrinnh,tarren-mill,192,hunter,survival,6,2,4
Roscke,drakthul,192,hunter,survival,6,2,4
Lithell,kazzak,192,hunter,survival,6,2,4
Steffxd,twisting-nether,192,hunter,survival,6,2,4
Kinaou,sargeras,192,hunter,survival,6,2,4
Zøøkëëper,silvermoon,192,hunter,survival,6,2,4
Gerzyy,drakthul,192,hunter,survival,6,2,4
Ammò,kazzak,192,hunter,survival,6,2,4
Gynax,hyjal,192,hunter,survival,6,2,4
Evazeonhunt,antonidas,192,hunter,survival,6,2,4
Rølyn,hyjal,192,hunter,survival,6,2,4
Tdapills,sanguino,192,hunter,survival,6,2,4
Brindefolìe,archimonde,192,hunter,survival,6,2,4
Vasco,chogall,192,hunter,survival,6,2,4
Arkeye,draenor,192,hunter,survival,6,2,4
Buoma,kazzak,192,hunter,survival,6,2,4
Grundibg,chamber-of-aspects,192,hunter,survival,6,2,4
Mufassa,sinstralis,192,hunter,survival,6,2,4
Valtondre,argent-dawn,192,hunter,survival,6,2,4
Wuad,silvermoon,192,hunter,survival,6,2,4
Неужто,deathguard,192,hunter,survival,6,2,4
Jarekk,auchindoun,192,hunter,survival,6,2,4
Daarkkhunter,twisting-nether,192,hunter,survival,6,2,4
Ilòóll,veknilash,192,hunter,survival,6,2,4
Robosexual,ravencrest,192,hunter,survival,6,2,4
Yezzu,sylvanas,192,hunter,survival,6,2,4
Bèâr,stormscale,192,hunter,survival,6,2,4
Sakaryali,silvermoon,192,hunter,survival,6,2,4
Aggrobatics,blackmoore,192,hunter,survival,6,2,4
Ecthelione,the-venture-co,192,hunter,survival,12,2,10
Réja,norgannon,192,hunter,survival,12,2,10
Дэнитрехо,soulflayer,192,hunter,survival,12,2,10
Keinzira,hyjal,192,hunter,survival,12,2,10
Whyareurunin,silvermoon,192,hunter,survival,12,2,10
Haskeer,shattrath,192,hunter,survival,12,2,10
Yinn,kilrogg,192,hunter,survival,18,2,16
Sixty,rajaxx,192,hunter,survival,18,2,16
Bélier,hyjal,191,hunter,survival,6,2,4
Akibane,blackmoore,159,hunter,survival,8,3,5
Rdwlf,draenor,138,hunter,survival,8,3,5
Marvii,drakthul,96,hunter,survival,6,1,5
Ryztik,garona,96,hunter,survival,6,1,5
Panzershot,hyjal,96,hunter,survival,6,1,5
Leaxs,onyxia,96,hunter,survival,6,1,5
Nixerious,alakir,96,hunter,survival,6,1,5
Katzchen,burning-legion,96,hunter,survival,6,1,5
Brattamer,twisting-nether,96,hunter,survival,6,1,5
Leviáckerman,ravencrest,96,hunter,survival,6,1,5
Danissia,argent-dawn,96,hunter,survival,6,1,5
Aimywinehaus,drakthul,96,hunter,survival,6,1,5
Lowfet,neptulon,96,hunter,survival,6,1,5
Escaflôwn,aegwynn,96,hunter,survival,6,1,5
Saksa,blackrock,96,hunter,survival,6,1,5
Zárnah,defias-brotherhood,96,hunter,survival,6,1,5
Куоль,gordunni,96,hunter,survival,6,1,5
Supcuz,stormscale,96,hunter,survival,6,1,5
Zuggi,defias-brotherhood,96,hunter,survival,6,1,5
Grollar,ragnaros,96,hunter,survival,6,1,5
Fantus,sylvanas,96,hunter,survival,6,1,5
Zynga,sylvanas,96,hunter,survival,6,1,5
Illnysa,silvermoon,96,hunter,survival,6,1,5
Cryts,dun-modr,96,hunter,survival,6,1,5
Серомиг,eversong,96,hunter,survival,6,1,5
Эннабонни,gordunni,79,hunter,survival,5,1,4
Рангмар,howling-fjord,79,hunter,survival,5,1,4
Jacobszy,outland,63,hunter,survival,2,2,0
Velrhegal,tarren-mill,16,hunter,survival,7,1,6
Mariabanks,aegwynn,2278,hunter,beastmastery,222,118,104
Brokeasalwys,ravencrest,2164,hunter,beastmastery,84,46,38
Cbã,ravencrest,2156,hunter,beastmastery,60,32,28
Hypse,kazzak,2144,hunter,beastmastery,244,120,124
Куфа,blackscar,2132,hunter,beastmastery,54,32,22
Eldrekou,kazzak,2117,hunter,beastmastery,90,53,37
Nelida,ragnaros,2105,hunter,beastmastery,60,32,28
Plugonbaby,hyjal,2035,hunter,beastmastery,77,37,40
Kfcmanagerx,silvermoon,2024,hunter,beastmastery,90,42,48
Esperion,ragnaros,2007,hunter,beastmastery,138,66,72
Baltímore,stormscale,2006,hunter,beastmastery,77,35,42
Тружка,soulflayer,2000,hunter,beastmastery,96,44,52
Doghxnter,ravencrest,1989,hunter,beastmastery,60,29,31
Берх,gordunni,1984,hunter,beastmastery,136,66,70
Trend,silvermoon,1975,hunter,beastmastery,130,66,64
Jambomambo,twisting-nether,1973,hunter,beastmastery,66,33,33
Gernoqz,frostwolf,1973,hunter,beastmastery,107,51,56
Ynv,argent-dawn,1956,hunter,beastmastery,134,69,65
Truejkee,silvermoon,1956,hunter,beastmastery,125,64,61
Онкьяр,gordunni,1949,hunter,beastmastery,69,40,29
Feevah,frostmane,1947,hunter,beastmastery,272,137,135
Sipsomewater,ravencrest,1943,hunter,beastmastery,69,36,33
Easyclass,hyjal,1928,hunter,beastmastery,144,87,57
Teals,blackrock,1925,hunter,beastmastery,57,31,26
Twineyes,ravencrest,1921,hunter,beastmastery,106,55,51
Odeôn,twisting-nether,1921,hunter,beastmastery,65,27,38
Мираклдримз,gordunni,1919,hunter,beastmastery,72,38,34
Fãdê,ravencrest,1908,hunter,beastmastery,84,52,32
Safnirx,tarren-mill,1908,hunter,beastmastery,72,32,40
Zyphx,der-rat-von-dalaran,1907,hunter,beastmastery,132,60,72
Aimshots,twisting-nether,1906,hunter,beastmastery,66,36,30
Ataxyz,draenor,1906,hunter,beastmastery,60,30,30
Libanais,archimonde,1905,hunter,beastmastery,251,119,132
Баянист,soulflayer,1905,hunter,beastmastery,72,34,38
Sukzess,antonidas,1902,hunter,beastmastery,60,32,28
Thing,kazzak,1900,hunter,beastmastery,36,21,15
Trapgoddxx,archimonde,1894,hunter,beastmastery,65,44,21
Гринмех,gordunni,1893,hunter,beastmastery,66,35,31
Биско,gordunni,1890,hunter,beastmastery,80,40,40
Rndhunt,shattrath,1889,hunter,beastmastery,72,35,37
Manj,blackhand,1888,hunter,beastmastery,54,29,25
Nivshot,kazzak,1887,hunter,beastmastery,48,26,22
Tagz,ravencrest,1887,hunter,beastmastery,60,29,31
Blackszpak,jaedenar,1876,hunter,beastmastery,42,23,19
Eazzyy,auchindoun,1876,hunter,beastmastery,84,44,40
Дианнесса,howling-fjord,1876,hunter,beastmastery,77,38,39
Noorky,kazzak,1870,hunter,beastmastery,60,31,29
Евилик,gordunni,1870,hunter,beastmastery,66,31,35
Kachaxa,kazzak,1869,hunter,beastmastery,70,33,37
Jàsøn,ravencrest,1867,hunter,beastmastery,72,33,39
Phesx,sylvanas,1865,hunter,beastmastery,54,27,27
Ígrågøßñø,silvermoon,1864,hunter,beastmastery,44,30,14
Breezme,twisting-nether,1864,hunter,beastmastery,72,33,39
Hanuong,ragnaros,1862,hunter,beastmastery,36,20,16
Moscowmule,tarren-mill,1859,hunter,beastmastery,59,29,30
Krampack,dun-modr,1858,hunter,beastmastery,54,31,23
Draxil,archimonde,1855,hunter,beastmastery,54,24,30
Найстити,deathguard,1854,hunter,beastmastery,66,31,35
Nexztwo,blackrock,1852,hunter,beastmastery,69,33,36
Dìgítal,twisting-nether,1851,hunter,beastmastery,48,27,21
Chillbroo,twisting-nether,1851,hunter,beastmastery,71,33,38
Jägarnmt,twisting-nether,1848,hunter,beastmastery,77,33,44
Âmalphy,ravencrest,1846,hunter,beastmastery,47,23,24
Колякилшот,gordunni,1844,hunter,beastmastery,60,29,31
Nyzuri,die-aldor,1843,hunter,beastmastery,54,26,28
Luzivarus,malganis,1842,hunter,beastmastery,59,29,30
Scrubbi,destromath,1840,hunter,beastmastery,59,30,29
Wilfyre,twisting-nether,1840,hunter,beastmastery,75,36,39
Лесбиянюсь,gordunni,1838,hunter,beastmastery,60,43,17
Thogel,hyjal,1838,hunter,beastmastery,72,33,39
Dheredre,silvermoon,1835,hunter,beastmastery,48,27,21
Miløø,silvermoon,1835,hunter,beastmastery,48,26,22
Hlogic,tarren-mill,1834,hunter,beastmastery,108,51,57
Rákthar,blackmoore,1832,hunter,beastmastery,66,32,34
Kabaro,rajaxx,1830,hunter,beastmastery,60,27,33
Рагнарианх,gordunni,1829,hunter,beastmastery,105,48,57
Кразайс,ashenvale,1829,hunter,beastmastery,91,39,52
Silverwolfa,dun-modr,1827,hunter,beastmastery,75,42,33
Orcji,blackhand,1827,hunter,beastmastery,83,42,41
Samanou,kazzak,1826,hunter,beastmastery,88,41,47
Bilbohunter,draenor,1825,hunter,beastmastery,48,27,21
Горгонт,blackscar,1825,hunter,beastmastery,47,25,22
Saggymilkies,outland,1825,hunter,beastmastery,72,33,39
Burninghunt,ravencrest,1822,hunter,beastmastery,60,32,28
Wêskêr,tarren-mill,1821,hunter,beastmastery,66,31,35
Куроните,howling-fjord,1820,hunter,beastmastery,48,27,21
Roarmantic,blackrock,1820,hunter,beastmastery,54,26,28
Bynen,tarren-mill,1819,hunter,beastmastery,77,33,44
Dogetrainer,silvermoon,1818,hunter,beastmastery,175,90,85
Jawox,antonidas,1817,hunter,beastmastery,60,27,33
Bíllybobbs,argent-dawn,1815,hunter,beastmastery,36,19,17
Пожилойпупь,soulflayer,1815,hunter,beastmastery,66,32,34
Ooh,doomhammer,1815,hunter,beastmastery,120,56,64
Jabela,eredar,1814,hunter,beastmastery,53,39,14
Трапгодикс,eversong,1814,hunter,beastmastery,173,95,78
Pussirotta,stormreaver,1814,hunter,beastmastery,54,27,27
Лордсахарок,gordunni,1814,hunter,beastmastery,90,40,50
Alpharaven,ravencrest,1812,hunter,beastmastery,60,31,29
Dréws,kazzak,1811,hunter,beastmastery,58,26,32
Shroomynuts,kazzak,1810,hunter,beastmastery,114,68,46
Марчик,blackscar,1810,hunter,beastmastery,42,19,23
Gaeln,outland,1809,hunter,beastmastery,174,84,90
Corossity,blackmoore,1808,hunter,beastmastery,30,19,11
Hiddenx,blackmoore,1808,hunter,beastmastery,42,21,21
Sparcùs,stormreaver,1807,hunter,beastmastery,140,79,61
Поппишот,blackscar,1806,hunter,beastmastery,36,19,17
Цитрукс,gordunni,1806,hunter,beastmastery,90,47,43
Huntchonk,kazzak,1806,hunter,beastmastery,53,27,26
Spirys,drakthul,1806,hunter,beastmastery,47,20,27
Пивопьюня,ashenvale,1805,hunter,beastmastery,53,27,26
Hacz,bronzebeard,1804,hunter,beastmastery,138,70,68
Lysanhunt,zuljin,1804,hunter,beastmastery,54,27,27
Crippa,tarren-mill,1803,hunter,beastmastery,54,28,26
Играсломана,howling-fjord,1802,hunter,beastmastery,54,36,18
Qtìp,aegwynn,1798,hunter,beastmastery,89,42,47
Izmad,archimonde,1796,hunter,beastmastery,245,138,107
Fluphy,thrall,1794,hunter,beastmastery,70,41,29
Wodhunterxdd,outland,1788,hunter,beastmastery,53,25,28
Вождь,howling-fjord,1787,hunter,beastmastery,53,27,26
Appirc,tarren-mill,1785,hunter,beastmastery,48,24,24
Wîldhunt,burning-legion,1781,hunter,beastmastery,161,76,85
Jamesyy,ravencrest,1776,hunter,beastmastery,60,28,32
Painaldeepz,stormscale,1775,hunter,beastmastery,36,22,14
Babýrage,twisting-nether,1774,hunter,beastmastery,42,21,21
Unßørn,archimonde,1774,hunter,beastmastery,90,38,52
Gucçi,kazzak,1773,hunter,beastmastery,73,42,31
Luzivar,malganis,1770,hunter,beastmastery,54,21,33
Erethrus,ravencrest,1769,hunter,beastmastery,48,19,29
Fanjah,sylvanas,1767,hunter,beastmastery,63,36,27
Amyndôr,ravencrest,1767,hunter,beastmastery,48,27,21
Pryse,hyjal,1767,hunter,beastmastery,42,21,21
Séyena,outland,1764,hunter,beastmastery,42,19,23
Fullxtrap,hyjal,1763,hunter,beastmastery,41,19,22
Jamzyhunter,emerald-dream,1762,hunter,beastmastery,48,24,24
Скадхи,blackscar,1762,hunter,beastmastery,88,42,46
Dafhel,hyjal,1762,hunter,beastmastery,95,44,51
Шергала,soulflayer,1759,hunter,beastmastery,262,127,135
Nimhunt,dentarg,1759,hunter,beastmastery,65,29,36
Futureman,blackrock,1758,hunter,beastmastery,54,31,23
Imcuteandfun,ravencrest,1757,hunter,beastmastery,93,45,48
Irefutabilâ,outland,1756,hunter,beastmastery,120,57,63
Порошокк,gordunni,1756,hunter,beastmastery,69,29,40
Riflur,stormscale,1755,hunter,beastmastery,42,21,21
Мэлвиса,borean-tundra,1754,hunter,beastmastery,90,50,40
Ilovemax,archimonde,1750,hunter,beastmastery,46,20,26
Mekerosh,burning-legion,1749,hunter,beastmastery,46,23,23
Hugø,twisting-nether,1749,hunter,beastmastery,78,28,50
Мориартис,ashenvale,1748,hunter,beastmastery,71,37,34
Экономист,fordragon,1745,hunter,beastmastery,48,27,21
Фираналь,blackscar,1743,hunter,beastmastery,69,35,34
Expiraa,twisting-nether,1742,hunter,beastmastery,48,25,23
Haltrâdar,archimonde,1742,hunter,beastmastery,63,30,33
Åsynåmvp,twisting-nether,1742,hunter,beastmastery,65,29,36
Carioca,blackhand,1741,hunter,beastmastery,66,30,36
Treaz,sanguino,1739,hunter,beastmastery,66,33,33
Tyranski,ravencrest,1738,hunter,beastmastery,75,40,35
Hawkeyé,forscherliga,1737,hunter,beastmastery,71,28,43
Nèxz,blackrock,1732,hunter,beastmastery,77,33,44
Valkrys,die-aldor,1726,hunter,beastmastery,70,35,35
Duppdupp,eredar,1726,hunter,beastmastery,84,38,46
Brokenpetman,defias-brotherhood,1725,hunter,beastmastery,30,18,12
Гигапупсх,howling-fjord,1725,hunter,beastmastery,131,77,54
Oldbear,frostmane,1725,hunter,beastmastery,70,38,32
Priceqtxd,ravencrest,1722,hunter,beastmastery,115,68,47
Misstrap,nemesis,1722,hunter,beastmastery,60,28,32
Mtrider,twisting-nether,1721,hunter,beastmastery,105,50,55
Kestlér,outland,1717,hunter,beastmastery,54,22,32
Laserkamel,aegwynn,1716,hunter,beastmastery,24,18,6
Stingsz,chogall,1716,hunter,beastmastery,58,24,34
Дашатрирубля,soulflayer,1715,hunter,beastmastery,42,21,21
Irefutabil,stormscale,1715,hunter,beastmastery,60,25,35
Noversia,aegwynn,1714,hunter,beastmastery,71,33,38
Moistmán,kazzak,1710,hunter,beastmastery,122,65,57
Jägarntwo,stormscale,1710,hunter,beastmastery,51,20,31
Mogwai,stormscale,1709,hunter,beastmastery,42,18,24
Адыгах,blackscar,1707,hunter,beastmastery,37,25,12
Omegakek,madmortem,1707,hunter,beastmastery,46,23,23
Diktatos,kazzak,1707,hunter,beastmastery,52,24,28
Ryxzn,eredar,1706,hunter,beastmastery,42,18,24
Impxgodx,outland,1704,hunter,beastmastery,51,24,27
Dmanite,ravencrest,1703,hunter,beastmastery,96,53,43
Parhainkoira,argent-dawn,1701,hunter,beastmastery,66,38,28
Kafkules,outland,1700,hunter,beastmastery,137,78,59
Spinella,antonidas,1700,hunter,beastmastery,72,38,34
Shinkichi,archimonde,1699,hunter,beastmastery,30,18,12
Elamondria,outland,1699,hunter,beastmastery,72,42,30
Sznxøxo,ravencrest,1699,hunter,beastmastery,54,29,25
Fatmum,magtheridon,1698,hunter,beastmastery,33,19,14
Zanpa,archimonde,1695,hunter,beastmastery,104,48,56
Merquryh,ravencrest,1693,hunter,beastmastery,48,27,21
Naraxis,blackrock,1692,hunter,beastmastery,54,27,27
Idtrapthat,nagrand,1692,hunter,beastmastery,78,37,41
Akaris,archimonde,1692,hunter,beastmastery,66,31,35
Krix,ragnaros,1691,hunter,beastmastery,54,34,20
Пихпахах,gordunni,1691,hunter,beastmastery,82,43,39
Paimen,darksorrow,1690,hunter,beastmastery,96,54,42
Fize,blackmoore,1690,hunter,beastmastery,65,30,35
Pawzz,kazzak,1687,hunter,beastmastery,54,25,29
Mânhunt,blackhand,1683,hunter,beastmastery,346,171,175
Letsrock,outland,1682,hunter,beastmastery,33,20,13
Liquidhunter,quelthalas,1681,hunter,beastmastery,42,25,17
Vajraw,blackrock,1679,hunter,beastmastery,111,54,57
Nestór,todeswache,1678,hunter,beastmastery,47,28,19
Sïmc,archimonde,1678,hunter,beastmastery,102,55,47
Erilis,twisting-nether,1676,hunter,beastmastery,37,22,15
Отерон,gordunni,1676,hunter,beastmastery,134,77,57
Murtagh,khaz-modan,1674,hunter,beastmastery,36,20,16
Raindra,twisting-nether,1672,hunter,beastmastery,42,20,22
Забзаб,soulflayer,1671,hunter,beastmastery,51,25,26
Father,auchindoun,1670,hunter,beastmastery,77,39,38
Lobo,kazzak,1670,hunter,beastmastery,60,24,36
Techpøint,silvermoon,1669,hunter,beastmastery,35,18,17
Janko,ravencrest,1667,hunter,beastmastery,210,109,101
Zubro,kazzak,1666,hunter,beastmastery,60,31,29
Kamar,archimonde,1665,hunter,beastmastery,60,39,21
Triggaz,stormscale,1665,hunter,beastmastery,216,109,107
Nystaleoss,grim-batol,1665,hunter,beastmastery,219,104,115
Grynu,kazzak,1662,hunter,beastmastery,60,24,36
Trenesta,tarren-mill,1659,hunter,beastmastery,34,18,16
Крайдершот,howling-fjord,1659,hunter,beastmastery,41,21,20
Næmes,hyjal,1659,hunter,beastmastery,48,22,26
Pérnix,tarren-mill,1657,hunter,beastmastery,30,18,12
Klausmanne,blackrock,1657,hunter,beastmastery,164,75,89
Anklar,blackrock,1657,hunter,beastmastery,53,24,29
Lofiel,blackrock,1656,hunter,beastmastery,77,40,37
Cnby,stormscale,1652,hunter,beastmastery,43,26,17
Røzy,twisting-nether,1647,hunter,beastmastery,48,35,13
Oldcocknbals,silvermoon,1645,hunter,beastmastery,100,54,46
Nîøssx,blackrock,1644,hunter,beastmastery,53,28,25
Блэкстейдж,howling-fjord,1642,hunter,beastmastery,48,27,21
Nkdchef,outland,1642,hunter,beastmastery,54,29,25
Ericspet,stormscale,1641,hunter,beastmastery,36,24,12
Astari,outland,1641,hunter,beastmastery,48,21,27
Askaway,sylvanas,1639,hunter,beastmastery,42,31,11
Povish,twisting-nether,1639,hunter,beastmastery,49,25,24
Kerólus,blackhand,1639,hunter,beastmastery,48,18,30
Traplørdx,sylvanas,1638,hunter,beastmastery,48,21,27
Drøøðqt,blackrock,1637,hunter,beastmastery,60,31,29
Blupo,stormscale,1636,hunter,beastmastery,50,27,23
Poupoune,uldum,1635,hunter,beastmastery,42,20,22
Yolofant,blackhand,1634,hunter,beastmastery,36,22,14
Wlâd,archimonde,1634,hunter,beastmastery,35,21,14
Snaipergirl,twisting-nether,1634,hunter,beastmastery,42,20,22
Zuxz,blackmoore,1632,hunter,beastmastery,60,29,31
Bebiyo,sanguino,1631,hunter,beastmastery,94,45,49
Horhyndan,ragnaros,1631,hunter,beastmastery,51,24,27
Nollieflip,stormscale,1630,hunter,beastmastery,54,32,22
Hîldegard,todeswache,1629,hunter,beastmastery,42,20,22
Ingvi,antonidas,1629,hunter,beastmastery,66,28,38
Ðesøtø,frostwolf,1628,hunter,beastmastery,66,33,33
Ðéadsøulz,stormscale,1627,hunter,beastmastery,123,64,59
Trapzila,aggra-português,1626,hunter,beastmastery,90,50,40
Eggcowmeow,azjolnerub,1626,hunter,beastmastery,42,22,20
Pewpewshotz,stormscale,1626,hunter,beastmastery,126,61,65
Порошокк,howling-fjord,1625,hunter,beastmastery,30,17,13
Дэнвин,deathweaver,1625,hunter,beastmastery,42,22,20
Gibiswag,outland,1625,hunter,beastmastery,36,17,19
Uglybaboon,draenor,1625,hunter,beastmastery,42,17,25
Lambo,laughing-skull,1624,hunter,beastmastery,36,17,19
Sicktrapbtw,hyjal,1624,hunter,beastmastery,42,17,25
Chúx,twisting-nether,1623,hunter,beastmastery,48,24,24
Jêsslíne,ravencrest,1622,hunter,beastmastery,36,20,16
Bebar,kazzak,1622,hunter,beastmastery,120,62,58
Índigo,kazzak,1620,hunter,beastmastery,56,30,26
Vezeka,ravencrest,1618,hunter,beastmastery,42,26,16
Dhadhar,kazzak,1618,hunter,beastmastery,41,20,21
Djøgi,archimonde,1617,hunter,beastmastery,42,22,20
Pfizershotx,khaz-modan,1617,hunter,beastmastery,36,17,19
Notdilly,varimathras,1617,hunter,beastmastery,48,20,28
Ганидони,soulflayer,1616,hunter,beastmastery,59,23,36
Lufreak,ravencrest,1614,hunter,beastmastery,30,23,7
Missmytraps,ravencrest,1613,hunter,beastmastery,39,20,19
Aroeris,ravencrest,1611,hunter,beastmastery,57,32,25
Chenony,ravencrest,1611,hunter,beastmastery,60,30,30
Ixix,blackhand,1611,hunter,beastmastery,48,23,25
Pekaxôxô,sanguino,1609,hunter,beastmastery,48,34,14
Nordafrøst,antonidas,1609,hunter,beastmastery,66,27,39
Eaglexx,twisting-nether,1608,hunter,beastmastery,78,39,39
Axran,ravencrest,1607,hunter,beastmastery,52,23,29
Lowfet,neptulon,1606,hunter,beastmastery,108,61,47
Эвилтар,soulflayer,1605,hunter,beastmastery,66,34,32
Smegmagol,baelgun,1605,hunter,beastmastery,41,20,21
Taoshii,die-aldor,1604,hunter,beastmastery,66,36,30
Céah,blackrock,1604,hunter,beastmastery,54,28,26
Chasseurcool,argent-dawn,1603,hunter,beastmastery,50,28,22
Bànsundara,hyjal,1603,hunter,beastmastery,97,53,44
Pluttbug,xavius,1602,hunter,beastmastery,32,19,13
Оути,azuregos,1601,hunter,beastmastery,51,28,23
Nottberozz,silvermoon,1601,hunter,beastmastery,146,72,74
Douglas,die-silberne-hand,1601,hunter,beastmastery,36,17,19
Brisbya,khaz-modan,1600,hunter,beastmastery,29,21,8
Stickey,antonidas,1600,hunter,beastmastery,66,34,32
Eagletalon,twisting-nether,1594,hunter,beastmastery,45,22,23
Homesz,blackmoore,1593,hunter,beastmastery,30,19,11
Memehunter,aegwynn,1591,hunter,beastmastery,66,41,25
Meghanmarkle,tarren-mill,1590,hunter,beastmastery,35,18,17
Зоотян,gordunni,1589,hunter,beastmastery,111,55,56
Каосси,gordunni,1589,hunter,beastmastery,43,19,24
Каоссхант,howling-fjord,1585,hunter,beastmastery,29,20,9
Акройя,gordunni,1585,hunter,beastmastery,36,20,16
Charleramsey,outland,1584,hunter,beastmastery,36,20,16
Xxiioo,ravencrest,1583,hunter,beastmastery,79,46,33
Búddhá,stormscale,1581,hunter,beastmastery,186,88,98
Kachaxaa,ravencrest,1581,hunter,beastmastery,42,18,24
Diapositiv,draenor,1580,hunter,beastmastery,60,33,27
Тиблэк,soulflayer,1579,hunter,beastmastery,101,51,50
Orcoro,ysondre,1579,hunter,beastmastery,157,78,79
Æblesaft,stormscale,1578,hunter,beastmastery,46,21,25
Nallepuuoh,outland,1577,hunter,beastmastery,105,54,51
Bigdog,eredar,1577,hunter,beastmastery,65,26,39
Xiioo,ravencrest,1574,hunter,beastmastery,71,30,41
Леао,howling-fjord,1571,hunter,beastmastery,45,30,15
Мунлэс,lich-king,1569,hunter,beastmastery,69,30,39
Bøøya,aegwynn,1569,hunter,beastmastery,42,18,24
Комомура,soulflayer,1568,hunter,beastmastery,53,24,29
Valldes,argent-dawn,1565,hunter,beastmastery,39,18,21
Sagethunt,blackrock,1565,hunter,beastmastery,41,17,24
Ariabeast,archimonde,1564,hunter,beastmastery,36,17,19
Gnouminøu,archimonde,1563,hunter,beastmastery,103,57,46
Engetsu,drakthul,1561,hunter,beastmastery,42,22,20
Pkz,dun-modr,1561,hunter,beastmastery,41,17,24
Nolove,burning-legion,1557,hunter,beastmastery,137,67,70
Жокра,greymane,1557,hunter,beastmastery,42,19,23
Shkorvi,drakthul,1555,hunter,beastmastery,36,17,19
Søuïlløn,archimonde,1553,hunter,beastmastery,48,30,18
Gunde,kazzak,1551,hunter,beastmastery,102,52,50
Sharún,sylvanas,1548,hunter,beastmastery,56,27,29
Gedzer,silvermoon,1547,hunter,beastmastery,40,19,21
Calutis,blackmoore,1546,hunter,beastmastery,48,28,20
Wèndy,blackrock,1546,hunter,beastmastery,76,36,40
Nickyhunt,stormscale,1545,hunter,beastmastery,59,28,31
Хантунец,soulflayer,1544,hunter,beastmastery,30,17,13
Пулявзубах,gordunni,1544,hunter,beastmastery,98,52,46
Feralhound,exodar,1543,hunter,beastmastery,144,72,72
Ledrox,ravencrest,1543,hunter,beastmastery,48,24,24
Grusijohn,executus,1543,hunter,beastmastery,72,35,37
Bobon,stormscale,1540,hunter,beastmastery,36,17,19
Антисерт,ashenvale,1538,hunter,beastmastery,70,33,37
Snipertjuh,silvermoon,1537,hunter,beastmastery,55,27,28
Bortian,argent-dawn,1536,hunter,beastmastery,73,41,32
Arcø,dun-modr,1535,hunter,beastmastery,30,16,14
Hultasy,outland,1535,hunter,beastmastery,122,58,64
Corrupth,outland,1533,hunter,beastmastery,36,18,18
Sonìc,kazzak,1531,hunter,beastmastery,44,25,19
Jeeso,baelgun,1530,hunter,beastmastery,106,48,58
Tayaa,draenor,1528,hunter,beastmastery,91,47,44
Córelly,outland,1527,hunter,beastmastery,119,57,62
Coldmonster,tarren-mill,1526,hunter,beastmastery,139,78,61
Almogrote,sanguino,1526,hunter,beastmastery,42,21,21
Lascazador,dun-modr,1526,hunter,beastmastery,74,32,42
Vaelyste,doomhammer,1524,hunter,beastmastery,59,31,28
Sarrow,ravencrest,1523,hunter,beastmastery,77,41,36
Tigerups,burning-legion,1522,hunter,beastmastery,40,19,21
Palaur,kazzak,1519,hunter,beastmastery,94,50,44
Ryuwen,dun-modr,1517,hunter,beastmastery,60,28,32
Vrikenh,tarren-mill,1516,hunter,beastmastery,48,27,21
Reptile,outland,1514,hunter,beastmastery,30,18,12
Cubro,sanguino,1512,hunter,beastmastery,66,33,33
Draugrinnh,tarren-mill,1511,hunter,beastmastery,66,29,37
Кежма,howling-fjord,1507,hunter,beastmastery,42,26,16
Trapyx,malganis,1507,hunter,beastmastery,177,85,92
Avatarofwoe,blackmoore,1507,hunter,beastmastery,48,20,28
Icetrapped,eredar,1502,hunter,beastmastery,41,25,16
Leriath,shadowsong,1502,hunter,beastmastery,89,52,37
Druckwelle,frostwolf,1502,hunter,beastmastery,62,25,37
Slmao,tarren-mill,1501,hunter,beastmastery,37,17,20
Sayn,la-croisade-écarlate,1501,hunter,beastmastery,41,16,25
Encore,sylvanas,1500,hunter,beastmastery,113,60,53
Chasxc,kazzak,1499,hunter,beastmastery,30,16,14
Gumm,gorgonnash,1496,hunter,beastmastery,30,17,13
Funkalation,ravencrest,1495,hunter,beastmastery,36,20,16
Sníper,aggra-português,1491,hunter,beastmastery,91,44,47
Solot,silvermoon,1490,hunter,beastmastery,54,24,30
Laoriane,hyjal,1489,hunter,beastmastery,51,28,23
Трэйсх,howling-fjord,1487,hunter,beastmastery,36,17,19
Eufumo,sanguino,1485,hunter,beastmastery,76,44,32
Снюсинка,gordunni,1485,hunter,beastmastery,41,21,20
Ahlgood,stormscale,1484,hunter,beastmastery,30,16,14
Аллони,booty-bay,1484,hunter,beastmastery,108,50,58
Spidak,stormscale,1481,hunter,beastmastery,30,16,14
Raxedo,blackrock,1481,hunter,beastmastery,30,16,14
Wingclip,ravencrest,1472,hunter,beastmastery,40,17,23
Bastianapa,twisting-nether,1471,hunter,beastmastery,66,31,35
Aenina,kazzak,1466,hunter,beastmastery,30,19,11
Råhl,zuljin,1466,hunter,beastmastery,41,17,24
Baileé,onyxia,1464,hunter,beastmastery,50,30,20
Куоль,gordunni,1463,hunter,beastmastery,47,21,26
Huntma,kazzak,1462,hunter,beastmastery,73,36,37
Ázurâ,blackhand,1458,hunter,beastmastery,75,39,36
Johnwick,aerie-peak,1457,hunter,beastmastery,42,24,18
Камшотовна,blackscar,1455,hunter,beastmastery,87,51,36
Yoggys,outland,1451,hunter,beastmastery,36,18,18
Shawnrai,drakthul,1449,hunter,beastmastery,44,24,20
Толяарканшот,razuvious,1448,hunter,beastmastery,36,20,16
Rynx,hellfire,1446,hunter,beastmastery,42,16,26
Neíth,the-maelstrom,1445,hunter,beastmastery,57,26,31
Ayyubi,blackrock,1440,hunter,beastmastery,65,33,32
Kásúxôxô,ravencrest,1439,hunter,beastmastery,30,15,15
Ghost,tarren-mill,1439,hunter,beastmastery,30,15,15
Kondy,twisting-nether,1438,hunter,beastmastery,25,16,9
Ilovekatsu,archimonde,1437,hunter,beastmastery,24,15,9
Waalth,ragnaros,1437,hunter,beastmastery,76,37,39
Такувами,gordunni,1437,hunter,beastmastery,36,15,21
Яроняютрапу,gordunni,1436,hunter,beastmastery,30,20,10
Vinsanity,dunemaul,1436,hunter,beastmastery,36,15,21
Mágaz,draenor,1435,hunter,beastmastery,48,26,22
Zäyk,zuljin,1432,hunter,beastmastery,31,17,14
Badboybørge,draenor,1432,hunter,beastmastery,30,15,15
Tukene,kazzak,1432,hunter,beastmastery,45,17,28
Shoranon,stormscale,1431,hunter,beastmastery,30,15,15
Rdom,stormreaver,1431,hunter,beastmastery,74,36,38
Strélka,blackrock,1431,hunter,beastmastery,36,16,20
Fotmrerollér,aegwynn,1430,hunter,beastmastery,30,15,15
Badkirves,kazzak,1430,hunter,beastmastery,78,35,43
Khatia,blackrock,1429,hunter,beastmastery,36,18,18
Dzikapumpa,burning-legion,1429,hunter,beastmastery,39,18,21
Jomerin,thrall,1429,hunter,beastmastery,36,15,21
Афонадзе,gordunni,1428,hunter,beastmastery,66,33,33
Жмыххунтер,howling-fjord,1428,hunter,beastmastery,42,16,26
Anjeschka,nemesis,1427,hunter,beastmastery,40,24,16
Gondoo,tarren-mill,1427,hunter,beastmastery,30,15,15
Ххун,gordunni,1426,hunter,beastmastery,34,18,16
Fåded,ravencrest,1425,hunter,beastmastery,31,16,15
Dragosvis,arathor,1423,hunter,beastmastery,24,15,9
Anca,aegwynn,1422,hunter,beastmastery,84,39,45
Metalmaison,archimonde,1422,hunter,beastmastery,76,33,43
Rhee,the-maelstrom,1421,hunter,beastmastery,90,39,51
Øô,dun-morogh,1420,hunter,beastmastery,24,15,9
Kethos,draenor,1420,hunter,beastmastery,48,25,23
Jas,kargath,1420,hunter,beastmastery,78,40,38
Mariehunt,blackmoore,1420,hunter,beastmastery,108,52,56
Vypaz,twisting-nether,1419,hunter,beastmastery,54,26,28
Jarekk,auchindoun,1417,hunter,beastmastery,35,19,16
Andjelaa,kazzak,1417,hunter,beastmastery,38,19,19
Зуланария,howling-fjord,1416,hunter,beastmastery,24,15,9
Kalt,twisting-nether,1412,hunter,beastmastery,54,30,24
Wolfster,kazzak,1412,hunter,beastmastery,36,15,21
Velocity,nagrand,1411,hunter,beastmastery,41,19,22
Фетсол,soulflayer,1408,hunter,beastmastery,24,15,9
Hruon,sporeggar,1407,hunter,beastmastery,36,17,19
Unrealy,grim-batol,1406,hunter,beastmastery,96,53,43
Маунтдроп,gordunni,1405,hunter,beastmastery,97,50,47
Mytown,hyjal,1404,hunter,beastmastery,102,50,52
Váal,dun-modr,1401,hunter,beastmastery,63,36,27
Xüscha,ysera,1401,hunter,beastmastery,78,33,45
Geete,kazzak,1400,hunter,beastmastery,30,17,13
Phinecone,stormscale,1399,hunter,beastmastery,42,18,24
Дафирия,deathguard,1395,hunter,beastmastery,58,31,27
Gigamesh,sporeggar,1394,hunter,beastmastery,36,17,19
Бубунн,howling-fjord,1394,hunter,beastmastery,96,42,54
Metsänmies,defias-brotherhood,1393,hunter,beastmastery,46,27,19
Xystîco,thrall,1393,hunter,beastmastery,54,26,28
Честнный,howling-fjord,1392,hunter,beastmastery,135,62,73
Шионо,howling-fjord,1391,hunter,beastmastery,56,29,27
Desow,blackrock,1390,hunter,beastmastery,42,25,17
Афигеннски,ashenvale,1387,hunter,beastmastery,54,25,29
Acmé,kazzak,1385,hunter,beastmastery,36,15,21
Pancakesgo,twilights-hammer,1383,hunter,beastmastery,53,22,31
Hammertime,sanguino,1382,hunter,beastmastery,53,26,27
Туруханец,gordunni,1380,hunter,beastmastery,108,59,49
Beardmastery,auchindoun,1380,hunter,beastmastery,36,16,20
Lokiis,hyjal,1379,hunter,beastmastery,42,23,19
Drestan,drakthul,1379,hunter,beastmastery,48,22,26
Bambamgalke,antonidas,1378,hunter,beastmastery,72,34,38
Cor,ravencrest,1378,hunter,beastmastery,41,16,25
Pumbuboo,deathwing,1377,hunter,beastmastery,30,15,15
Стреладемона,gordunni,1376,hunter,beastmastery,63,36,27
Loógosh,blackmoore,1375,hunter,beastmastery,66,32,34
Esgar,blackrock,1374,hunter,beastmastery,74,34,40
Felorya,kazzak,1372,hunter,beastmastery,41,23,18
Boulaax,ysondre,1372,hunter,beastmastery,118,66,52
Raymear,kazzak,1370,hunter,beastmastery,30,16,14
Mètrolog,twisting-nether,1368,hunter,beastmastery,84,38,46
Drigs,blackrock,1362,hunter,beastmastery,56,25,31
Zúzú,hyjal,1358,hunter,beastmastery,54,32,22
Kravchenko,draenor,1358,hunter,beastmastery,27,15,12
Nycrom,ravencrest,1354,hunter,beastmastery,32,15,17
Киборка,howling-fjord,1352,hunter,beastmastery,30,15,15
Шэйдуокер,gordunni,1347,hunter,beastmastery,223,107,116
Straybullet,kazzak,1347,hunter,beastmastery,107,50,57
Meskette,ravencrest,1347,hunter,beastmastery,62,27,35
Sylariel,die-aldor,1346,hunter,beastmastery,34,17,17
Чапуршилов,lich-king,1346,hunter,beastmastery,106,50,56
Porch,dragonmaw,1345,hunter,beastmastery,31,16,15
Grrizzly,kazzak,1344,hunter,beastmastery,37,19,18
Tåxi,silvermoon,1344,hunter,beastmastery,150,73,77
Ashily,blackhand,1343,hunter,beastmastery,24,14,10
Ðoxz,blackrock,1342,hunter,beastmastery,24,14,10
Jungletime,outland,1341,hunter,beastmastery,24,14,10
Travels,tarren-mill,1341,hunter,beastmastery,93,47,46
Elsasehunter,zuljin,1341,hunter,beastmastery,120,52,68
Sentriks,tarren-mill,1340,hunter,beastmastery,30,14,16
Zantorious,ravencrest,1339,hunter,beastmastery,51,30,21
Joshalama,quelthalas,1339,hunter,beastmastery,35,19,16
Lolez,dun-modr,1339,hunter,beastmastery,36,14,22
Vilopez,arthas,1337,hunter,beastmastery,18,14,4
Saromán,ravencrest,1336,hunter,beastmastery,36,19,17
Иоссифсталин,soulflayer,1336,hunter,beastmastery,30,14,16
Notikâ,aegwynn,1336,hunter,beastmastery,48,20,28
Антошадпс,gordunni,1335,hunter,beastmastery,24,14,10
Mehtäsika,xavius,1335,hunter,beastmastery,27,15,12
Dramin,defias-brotherhood,1334,hunter,beastmastery,192,100,92
Traktorr,stormscale,1333,hunter,beastmastery,84,39,45
Дзэнмашина,booty-bay,1331,hunter,beastmastery,42,23,19
Trapwann,argent-dawn,1329,hunter,beastmastery,24,14,10
Feignindeath,twisting-nether,1328,hunter,beastmastery,60,35,25
Poatan,outland,1323,hunter,beastmastery,60,35,25
Жэш,howling-fjord,1322,hunter,beastmastery,39,25,14
Amitar,tarren-mill,1321,hunter,beastmastery,24,15,9
Hantro,argent-dawn,1321,hunter,beastmastery,30,18,12
Luniel,gilneas,1321,hunter,beastmastery,24,14,10
Flunkytim,blackmoore,1320,hunter,beastmastery,84,44,40
Ríckybobby,kazzak,1319,hunter,beastmastery,43,22,21
Hogar,frostwolf,1317,hunter,beastmastery,24,14,10
Чизано,deathguard,1315,hunter,beastmastery,47,21,26
Dotkor,laughing-skull,1314,hunter,beastmastery,42,21,21
Øßlíck,ysondre,1314,hunter,beastmastery,30,14,16
Meredo,burning-legion,1313,hunter,beastmastery,64,33,31
Muspigen,tarren-mill,1313,hunter,beastmastery,81,37,44
Pammycakes,bronze-dragonflight,1311,hunter,beastmastery,182,89,93
Люблюлюбовь,gordunni,1310,hunter,beastmastery,42,27,15
Platzpatron,eredar,1310,hunter,beastmastery,69,30,39
Belorgrim,kirin-tor,1306,hunter,beastmastery,30,16,14
Bravestarr,blades-edge,1306,hunter,beastmastery,60,30,30
Showerhead,silvermoon,1305,hunter,beastmastery,32,14,18
Талигар,razuvious,1302,hunter,beastmastery,60,21,39
Asousa,stormscale,1297,hunter,beastmastery,60,30,30
Bigfoot,argent-dawn,1294,hunter,beastmastery,48,21,27
Sixty,rajaxx,1293,hunter,beastmastery,30,16,14
Crippler,arthas,1288,hunter,beastmastery,22,15,7
Zerisi,silvermoon,1288,hunter,beastmastery,35,21,14
Salvia,chromaggus,1288,hunter,beastmastery,96,51,45
Benbutton,antonidas,1286,hunter,beastmastery,46,22,24
Maknamara,tarren-mill,1284,hunter,beastmastery,60,31,29
Chagaure,hyjal,1283,hunter,beastmastery,30,14,16
Кулинарк,howling-fjord,1282,hunter,beastmastery,60,29,31
Cobra,magtheridon,1282,hunter,beastmastery,71,30,41
Сатарр,gordunni,1280,hunter,beastmastery,136,63,73
Ägris,die-todeskrallen,1277,hunter,beastmastery,144,70,74
Cêleste,kaelthas,1277,hunter,beastmastery,46,22,24
Oife,auchindoun,1276,hunter,beastmastery,35,16,19
Bluefluclue,draenor,1274,hunter,beastmastery,38,14,24
Rushgarroth,ravencrest,1271,hunter,beastmastery,96,44,52
Tháyn,tarren-mill,1268,hunter,beastmastery,23,14,9
Kiingsane,archimonde,1268,hunter,beastmastery,33,15,18
Whatifany,tarren-mill,1267,hunter,beastmastery,72,26,46
Blastarrow,the-maelstrom,1264,hunter,beastmastery,66,26,40
Bøwjøb,arthas,1258,hunter,beastmastery,30,16,14
Waidø,blackhand,1256,hunter,beastmastery,24,14,10
Linchpin,dentarg,1255,hunter,beastmastery,62,28,34
Pareia,blackrock,1248,hunter,beastmastery,18,13,5
Oliene,twisting-nether,1248,hunter,beastmastery,58,27,31
Ðowz,ysondre,1248,hunter,beastmastery,30,13,17
Rïm,haomarush,1247,hunter,beastmastery,24,13,11
Pagman,thrall,1247,hunter,beastmastery,30,13,17
Petshopgirl,ravencrest,1246,hunter,beastmastery,24,13,11
Símpíng,tarren-mill,1245,hunter,beastmastery,18,13,5
Наспидахх,blackscar,1245,hunter,beastmastery,18,13,5
Ommadawn,dun-modr,1244,hunter,beastmastery,72,33,39
Brawnshunt,stormscale,1244,hunter,beastmastery,30,13,17
Сотк,howling-fjord,1242,hunter,beastmastery,24,13,11
Thogelle,hyjal,1242,hunter,beastmastery,30,13,17
Survabuse,silvermoon,1240,hunter,beastmastery,21,14,7
Blazeityolo,outland,1240,hunter,beastmastery,36,13,23
Lusifa,antonidas,1239,hunter,beastmastery,74,40,34
Basìcs,nemesis,1239,hunter,beastmastery,48,24,24
Halgen,medivh,1237,hunter,beastmastery,88,37,51
Neescafe,sylvanas,1236,hunter,beastmastery,27,14,13
Jyenety,stormscale,1233,hunter,beastmastery,36,18,18
Bufosh,twisting-nether,1232,hunter,beastmastery,86,43,43
Rxr,kazzak,1232,hunter,beastmastery,30,13,17
Shaznak,argent-dawn,1231,hunter,beastmastery,36,17,19
Skidzo,alakir,1231,hunter,beastmastery,32,15,17
Bibsy,tarren-mill,1228,hunter,beastmastery,24,13,11
Shieryu,archimonde,1228,hunter,beastmastery,36,13,23
Qmbonboni,ravencrest,1226,hunter,beastmastery,55,32,23
Toralfmoralf,aegwynn,1225,hunter,beastmastery,24,13,11
Kyliun,frostmane,1225,hunter,beastmastery,41,18,23
Viktorijå,draenor,1224,hunter,beastmastery,24,13,11
Davíncí,tarren-mill,1224,hunter,beastmastery,77,41,36
Neeske,sylvanas,1224,hunter,beastmastery,30,13,17
Jaky,illidan,1222,hunter,beastmastery,131,75,56
Vexhh,outland,1221,hunter,beastmastery,24,13,11
Балласкиндер,gordunni,1219,hunter,beastmastery,66,36,30
Stogie,auchindoun,1217,hunter,beastmastery,24,13,11
Snipingdog,stormscale,1209,hunter,beastmastery,36,18,18
Verathelon,drakthul,1208,hunter,beastmastery,39,17,22
Heylie,senjin,1206,hunter,beastmastery,47,16,31
Diac,dalaran,1201,hunter,beastmastery,18,13,5
Анютикус,gordunni,1199,hunter,beastmastery,60,34,26
Bicmax,archimonde,1196,hunter,beastmastery,33,14,19
Slojork,thrall,1190,hunter,beastmastery,92,40,52
Ashjen,aszune,1188,hunter,beastmastery,29,18,11
Eddy,the-maelstrom,1187,hunter,beastmastery,36,20,16
Быщь,gordunni,1186,hunter,beastmastery,29,14,15
Loyalman,blackmoore,1180,hunter,beastmastery,24,15,9
Винченцо,blackscar,1180,hunter,beastmastery,27,13,14
Harpin,azuremyst,1179,hunter,beastmastery,65,32,33
Haleth,uldum,1177,hunter,beastmastery,29,13,16
Амобарбиталх,gordunni,1173,hunter,beastmastery,39,20,19
Skullstah,ravencrest,1169,hunter,beastmastery,24,13,11
Olamay,blackmoore,1159,hunter,beastmastery,56,29,27
Oròme,pozzo-delleternità,1157,hunter,beastmastery,60,31,29
Velites,aggra-português,1155,hunter,beastmastery,27,15,12
Rafizox,kazzak,1152,hunter,beastmastery,18,12,6
Lajnus,frostmane,1152,hunter,beastmastery,24,12,12
Hypsenn,kazzak,1152,hunter,beastmastery,24,12,12
Jeskö,tarren-mill,1151,hunter,beastmastery,24,12,12
Mufdii,sylvanas,1151,hunter,beastmastery,24,12,12
Karuso,ravencrest,1151,hunter,beastmastery,24,12,12
Dohter,kazzak,1151,hunter,beastmastery,25,12,13
Duïvell,grim-batol,1151,hunter,beastmastery,30,12,18
Digimørtal,kazzak,1150,hunter,beastmastery,18,12,6
Raythe,argent-dawn,1150,hunter,beastmastery,24,12,12
Leza,kult-der-verdammten,1150,hunter,beastmastery,24,12,12
Galileo,sanguino,1150,hunter,beastmastery,26,12,14
Bujie,ragnaros,1150,hunter,beastmastery,30,12,18
Амореселф,gordunni,1150,hunter,beastmastery,30,12,18
Mâjôô,blackhand,1149,hunter,beastmastery,22,13,9
Lòò,aegwynn,1148,hunter,beastmastery,18,12,6
Мэдраэль,deathguard,1148,hunter,beastmastery,39,18,21
Freebïrd,shattered-hand,1147,hunter,beastmastery,18,12,6
Ловихимеру,soulflayer,1145,hunter,beastmastery,18,12,6
Лсныйпамп,howling-fjord,1145,hunter,beastmastery,24,12,12
Dariatate,eredar,1145,hunter,beastmastery,36,17,19
Ezelina,lightnings-blade,1144,hunter,beastmastery,48,26,22
Fiftyóne,festung-der-stürme,1144,hunter,beastmastery,30,12,18
Artemisas,draenor,1144,hunter,beastmastery,36,12,24
Spycke,dalaran,1142,hunter,beastmastery,27,19,8
Синглшот,blackscar,1141,hunter,beastmastery,24,12,12
Djbombastic,archimonde,1140,hunter,beastmastery,18,12,6
Tempestes,tarren-mill,1139,hunter,beastmastery,75,38,37
Zpy,blackmoore,1137,hunter,beastmastery,18,12,6
Лёт,azuregos,1137,hunter,beastmastery,19,12,7
Vimd,archimonde,1135,hunter,beastmastery,30,12,18
Abovival,ragnaros,1134,hunter,beastmastery,24,12,12
Бирмингем,ashenvale,1131,hunter,beastmastery,24,12,12
Джантига,howling-fjord,1128,hunter,beastmastery,24,12,12
Pigoen,sporeggar,1128,hunter,beastmastery,89,40,49
Cityhunter,archimonde,1128,hunter,beastmastery,58,26,32
Karstarkk,sanguino,1115,hunter,beastmastery,47,20,27
Juha,the-maelstrom,1111,hunter,beastmastery,26,13,13
Koopo,stormreaver,1110,hunter,beastmastery,27,13,14
Cinan,twisting-nether,1104,hunter,beastmastery,75,36,39
Куфачка,soulflayer,1103,hunter,beastmastery,17,12,5
Cruelsummer,kul-tiras,1100,hunter,beastmastery,48,17,31
Savori,kazzak,1096,hunter,beastmastery,31,18,13
Atraxi,aegwynn,1096,hunter,beastmastery,64,28,36
Nerfjuice,silvermoon,1094,hunter,beastmastery,33,18,15
Goonii,bronzebeard,1094,hunter,beastmastery,24,12,12
Ládysháyà,blackrock,1093,hunter,beastmastery,36,18,18
Tsoutsoukoss,silvermoon,1091,hunter,beastmastery,89,42,47
Ertestuing,tarren-mill,1090,hunter,beastmastery,30,14,16
Luckyhunty,dalaran,1086,hunter,beastmastery,36,15,21
Dioxis,silvermoon,1085,hunter,beastmastery,72,35,37
Brometheus,sylvanas,1083,hunter,beastmastery,41,15,26
Janjal,silvermoon,1081,hunter,beastmastery,60,22,38
Amdonesia,ravencrest,1078,hunter,beastmastery,45,13,32
Pawder,silvermoon,1077,hunter,beastmastery,42,15,27
Cosmol,kazzak,1075,hunter,beastmastery,23,12,11
Nieki,eitrigg,1070,hunter,beastmastery,80,30,50
Spiritshot,baelgun,1066,hunter,beastmastery,34,14,20
Ridlas,silvermoon,1064,hunter,beastmastery,30,12,18
Venkox,archimonde,1062,hunter,beastmastery,79,42,37
Schnezzler,nerathor,1061,hunter,beastmastery,86,42,44
Deblaze,aegwynn,1056,hunter,beastmastery,18,11,7
Vargar,arygos,1056,hunter,beastmastery,24,11,13
Trapgodxx,archimonde,1056,hunter,beastmastery,24,11,13
Noxin,blackrock,1055,hunter,beastmastery,18,11,7
Atrisi,tarren-mill,1055,hunter,beastmastery,18,11,7
Smhx,stormscale,1055,hunter,beastmastery,18,11,7
Хастла,greymane,1055,hunter,beastmastery,24,11,13
Ysina,arathi,1055,hunter,beastmastery,24,11,13
Ansâvage,ravencrest,1055,hunter,beastmastery,30,11,19
Simpyani,silvermoon,1054,hunter,beastmastery,18,11,7
Drewsx,ravencrest,1054,hunter,beastmastery,18,11,7
Bazouf,outland,1054,hunter,beastmastery,18,11,7
Gorgorm,ravencrest,1054,hunter,beastmastery,24,11,13
Daveq,drakthul,1054,hunter,beastmastery,24,11,13
Трапча,soulflayer,1053,hunter,beastmastery,18,11,7
Earlygrey,ravencrest,1053,hunter,beastmastery,24,11,13
Зимняясказка,soulflayer,1053,hunter,beastmastery,29,11,18
Xraay,stormscale,1051,hunter,beastmastery,22,12,10
Arrechus,khaz-modan,1051,hunter,beastmastery,80,36,44
Darllene,kazzak,1051,hunter,beastmastery,30,11,19
Pilogbueferd,silvermoon,1050,hunter,beastmastery,18,11,7
Spizglub,defias-brotherhood,1049,hunter,beastmastery,24,11,13
Коблазнх,howling-fjord,1048,hunter,beastmastery,24,11,13
Sourxete,silvermoon,1048,hunter,beastmastery,24,11,13
Toxical,ragnaros,1047,hunter,beastmastery,18,11,7
Дипшот,deathguard,1047,hunter,beastmastery,24,11,13
Shinibon,blackmoore,1044,hunter,beastmastery,36,11,25
Yukina,frostmourne,1038,hunter,beastmastery,28,13,15
Cäri,colinas-pardas,1037,hunter,beastmastery,30,12,18
Arnatti,tyrande,1036,hunter,beastmastery,28,16,12
Tedohunter,ragnaros,1036,hunter,beastmastery,30,12,18
Pumukle,madmortem,1035,hunter,beastmastery,34,15,19
Lustor,ravencrest,1035,hunter,beastmastery,54,19,35
Faze,hellfire,1031,hunter,beastmastery,24,13,11
Айлиси,soulflayer,1031,hunter,beastmastery,43,11,32
Румлис,gordunni,1029,hunter,beastmastery,29,14,15
Soulshoot,khaz-modan,1027,hunter,beastmastery,64,30,34
Wodlenprince,draenor,1026,hunter,beastmastery,36,11,25
Øutkast,silvermoon,1021,hunter,beastmastery,23,13,10
Ветиринарша,gordunni,1020,hunter,beastmastery,30,11,19
Leemool,ysondre,1017,hunter,beastmastery,24,12,12
Grollar,ragnaros,1014,hunter,beastmastery,80,42,38
Arakton,drakthul,1008,hunter,beastmastery,46,23,23
Altimor,blackmoore,1007,hunter,beastmastery,23,11,12
Ønur,twisting-nether,1001,hunter,beastmastery,42,17,25
Shpider,burning-blade,1000,hunter,beastmastery,52,22,30
Feigur,sanguino,999,hunter,beastmastery,47,24,23
Sinux,lordaeron,995,hunter,beastmastery,17,11,6
Grandiosity,tarren-mill,992,hunter,beastmastery,17,11,6
Enanorabioso,minahonda,991,hunter,beastmastery,30,12,18
Frencharena,the-venture-co,990,hunter,beastmastery,29,11,18
Traenuss,azuremyst,989,hunter,beastmastery,30,12,18
Вагар,blackscar,974,hunter,beastmastery,18,12,6
Kikijojo,ravencrest,971,hunter,beastmastery,30,16,14
Kure,blackrock,962,hunter,beastmastery,67,30,37
Missmytrap,archimonde,960,hunter,beastmastery,12,10,2
Clickbile,twisting-nether,960,hunter,beastmastery,12,10,2
Торая,gordunni,960,hunter,beastmastery,12,10,2
Dathrixjr,ravencrest,960,hunter,beastmastery,12,10,2
Kásúxøxø,ravencrest,960,hunter,beastmastery,16,11,5
Mòzetonq,ravencrest,960,hunter,beastmastery,18,10,8
Hasáblover,ragnaros,960,hunter,beastmastery,18,10,8
Solò,eredar,960,hunter,beastmastery,18,10,8
Akhtabot,twisting-nether,960,hunter,beastmastery,18,10,8
Zeanort,nordrassil,960,hunter,beastmastery,24,10,14
Hollyz,auchindoun,960,hunter,beastmastery,24,10,14
Jägarn,stormscale,960,hunter,beastmastery,24,10,14
Deathcode,stormscale,960,hunter,beastmastery,24,10,14
Jackjager,ravencrest,960,hunter,beastmastery,24,10,14
Келен,blackscar,959,hunter,beastmastery,12,10,2
Infléx,silvermoon,959,hunter,beastmastery,18,10,8
Thinkerer,silvermoon,959,hunter,beastmastery,18,10,8
Spider,zuljin,959,hunter,beastmastery,18,10,8
Lëgølåslõrdx,blackrock,959,hunter,beastmastery,18,10,8
Grabbin,silvermoon,959,hunter,beastmastery,24,10,14
Wrongtarget,auchindoun,959,hunter,beastmastery,24,10,14
Йокуя,blackscar,958,hunter,beastmastery,12,10,2
Rikitikii,burning-legion,958,hunter,beastmastery,15,11,4
Siegbald,ragnaros,958,hunter,beastmastery,24,10,14
Blainehunts,arathor,958,hunter,beastmastery,36,11,25
Vescar,argent-dawn,958,hunter,beastmastery,36,10,26
Choukzt,archimonde,957,hunter,beastmastery,18,10,8
Nandrohunt,dalaran,957,hunter,beastmastery,24,10,14
Beletor,medivh,956,hunter,beastmastery,18,10,8
Хлопс,howling-fjord,956,hunter,beastmastery,24,10,14
Dirtydolores,thrall,955,hunter,beastmastery,18,10,8
Pufyrella,kilrogg,955,hunter,beastmastery,18,10,8
Berkobaggins,twisting-nether,955,hunter,beastmastery,24,10,14
Herpray,blackmoore,953,hunter,beastmastery,18,10,8
Magarosh,eredar,953,hunter,beastmastery,24,10,14
Ecalter,dun-modr,951,hunter,beastmastery,18,10,8
Darkdexou,defias-brotherhood,951,hunter,beastmastery,18,10,8
Lioness,ahnqiraj,951,hunter,beastmastery,24,10,14
Dùmbo,khaz-modan,951,hunter,beastmastery,24,10,14
Nidromel,stormscale,951,hunter,beastmastery,84,34,50
Zappikhunter,silvermoon,950,hunter,beastmastery,24,10,14
Nerdhark,hyjal,950,hunter,beastmastery,27,11,16
Гримкааг,eversong,947,hunter,beastmastery,21,11,10
Zarlena,tarren-mill,947,hunter,beastmastery,43,19,24
Lemeric,blackmoore,942,hunter,beastmastery,19,10,9
Безос,soulflayer,942,hunter,beastmastery,24,10,14
Deadlysnîpe,antonidas,941,hunter,beastmastery,16,11,5
Guanchin,silvermoon,938,hunter,beastmastery,30,10,20
Paînfull,kazzak,926,hunter,beastmastery,23,10,13
Goliathoz,blackmoore,917,hunter,beastmastery,35,19,16
Stjordal,chamber-of-aspects,917,hunter,beastmastery,63,30,33
Happyrme,thrall,916,hunter,beastmastery,24,12,12
Kronzucker,eredar,914,hunter,beastmastery,36,16,20
Mottorhead,kazzak,912,hunter,beastmastery,15,11,4
Marlaska,exodar,912,hunter,beastmastery,28,15,13
Allcollapse,outland,910,hunter,beastmastery,21,11,10
Adram,burning-legion,909,hunter,beastmastery,17,10,7
Mankkis,stormscale,909,hunter,beastmastery,48,14,34
Bjarnhild,die-aldor,906,hunter,beastmastery,24,11,13
Llamp,draenor,906,hunter,beastmastery,48,21,27
Johntoffee,eredar,905,hunter,beastmastery,29,11,18
Halessia,ravencrest,901,hunter,beastmastery,27,10,17
Zoomiesuwu,antonidas,895,hunter,beastmastery,17,10,7
Draknik,nemesis,895,hunter,beastmastery,39,10,29
Fizè,blackmoore,894,hunter,beastmastery,17,10,7
Teacee,twisting-nether,894,hunter,beastmastery,29,13,16
Kënshiro,kazzak,893,hunter,beastmastery,20,10,10
Bornum,khaz-modan,892,hunter,beastmastery,31,10,21
Floppybobby,burning-blade,890,hunter,beastmastery,23,10,13
Catmother,grim-batol,886,hunter,beastmastery,20,12,8
Nixxay,antonidas,882,hunter,beastmastery,30,15,15
Eenel,twisting-nether,864,hunter,beastmastery,12,9,3
Hispanøxd,sanguino,864,hunter,beastmastery,12,9,3
Lilpancake,kazzak,864,hunter,beastmastery,12,9,3
Grapemint,blackrock,864,hunter,beastmastery,12,9,3
Тирин,ashenvale,864,hunter,beastmastery,12,9,3
Fendros,kazzak,864,hunter,beastmastery,12,9,3
Kayluh,sylvanas,864,hunter,beastmastery,12,9,3
Kapowz,kazzak,864,hunter,beastmastery,12,9,3
Lísy,hyjal,864,hunter,beastmastery,18,9,9
Dwgkia,ravencrest,864,hunter,beastmastery,18,9,9
Xenvantoss,silvermoon,864,hunter,beastmastery,18,9,9
Negz,eredar,864,hunter,beastmastery,18,9,9
Dogwatcher,outland,864,hunter,beastmastery,18,9,9
Miraculous,dalaran,864,hunter,beastmastery,21,10,11
Piranhaa,archimonde,864,hunter,beastmastery,21,9,12
Denkstah,tarren-mill,864,hunter,beastmastery,24,9,15
Valhnir,sanguino,864,hunter,beastmastery,24,9,15
Downey,azshara,864,hunter,beastmastery,24,9,15
Леоа,howling-fjord,864,hunter,beastmastery,27,10,17
Nillaxy,blackmoore,863,hunter,beastmastery,18,9,9
Sallya,kazzak,863,hunter,beastmastery,18,9,9
Xéraphine,mannoroth,863,hunter,beastmastery,18,9,9
Paraskámu,twisting-nether,863,hunter,beastmastery,18,9,9
Кишмякхант,howling-fjord,863,hunter,beastmastery,18,9,9
Fléxyz,sylvanas,863,hunter,beastmastery,18,9,9
Weiaw,blackmoore,863,hunter,beastmastery,18,9,9
Jahunter,aggra-português,863,hunter,beastmastery,18,9,9
Nettie,arathor,863,hunter,beastmastery,24,9,15
Massimox,draenor,862,hunter,beastmastery,12,9,3
Vyrê,ghostlands,862,hunter,beastmastery,18,9,9
Arrowman,burning-legion,862,hunter,beastmastery,18,9,9
Noréaga,suramar,862,hunter,beastmastery,18,9,9
Buc,burning-legion,862,hunter,beastmastery,28,9,19
Tsivoula,twisting-nether,861,hunter,beastmastery,12,9,3
Settisetä,defias-brotherhood,861,hunter,beastmastery,18,9,9
Mordhunterx,draenor,861,hunter,beastmastery,18,9,9
Lissudarlin,stormreaver,858,hunter,beastmastery,78,38,40
Darilli,wildhammer,858,hunter,beastmastery,19,9,10
Câonimâ,twisting-nether,858,hunter,beastmastery,24,9,15
Mînérvá,blackhand,857,hunter,beastmastery,18,9,9
Бруксиан,fordragon,857,hunter,beastmastery,19,9,10
Sika,nozdormu,857,hunter,beastmastery,24,9,15
Nesthor,sinstralis,856,hunter,beastmastery,24,9,15
Jollis,argent-dawn,855,hunter,beastmastery,27,10,17
Ulyash,ysondre,854,hunter,beastmastery,18,9,9
Towu,archimonde,849,hunter,beastmastery,24,9,15
Zinnady,outland,846,hunter,beastmastery,12,9,3
Greenstar,twisting-nether,846,hunter,beastmastery,27,10,17
Kagan,nemesis,843,hunter,beastmastery,12,9,3
Гоу,fordragon,843,hunter,beastmastery,30,9,21
Venõm,pozzo-delleternità,832,hunter,beastmastery,21,11,10
Гримнар,borean-tundra,831,hunter,beastmastery,17,9,8
Ruffixvs,blackrock,831,hunter,beastmastery,17,9,8
Enty,blackrock,830,hunter,beastmastery,14,10,4
Deathmarks,blackrock,830,hunter,beastmastery,29,9,20
Sithrom,blackmoore,829,hunter,beastmastery,22,9,13
Võnbødefeld,frostmourne,827,hunter,beastmastery,17,9,8
Anoroxx,arthas,815,hunter,beastmastery,17,9,8
Шаурмэ,gordunni,815,hunter,beastmastery,21,9,12
Kreiden,twisting-nether,810,hunter,beastmastery,34,11,23
Mirmona,stormscale,799,hunter,beastmastery,22,9,13
Colth,hyjal,799,hunter,beastmastery,29,9,20
Slaghunter,argent-dawn,798,hunter,beastmastery,17,9,8
Gbureczka,burning-legion,798,hunter,beastmastery,20,9,11
Aneji,hyjal,797,hunter,beastmastery,14,9,5
Vystrelil,drakthul,785,hunter,beastmastery,61,27,34
Grokis,blackhand,782,hunter,beastmastery,67,28,39
Spergmeister,argent-dawn,768,hunter,beastmastery,12,8,4
Poggelicious,terenas,768,hunter,beastmastery,12,8,4
Suffrebobbs,ravencrest,768,hunter,beastmastery,12,8,4
Сенджогахара,greymane,768,hunter,beastmastery,12,8,4
Jaxteller,archimonde,768,hunter,beastmastery,12,8,4
Irükandji,chants-éternels,768,hunter,beastmastery,12,8,4
Ebobuss,tarren-mill,768,hunter,beastmastery,12,8,4
Weoneshot,ravencrest,768,hunter,beastmastery,12,8,4
Sejkxi,malganis,768,hunter,beastmastery,12,8,4
Mettämies,twisting-nether,768,hunter,beastmastery,12,8,4
Vasco,chogall,768,hunter,beastmastery,18,8,10
Ishotharambe,doomhammer,768,hunter,beastmastery,18,8,10
Guccihuntlol,ravencrest,768,hunter,beastmastery,18,8,10
Dispairge,antonidas,768,hunter,beastmastery,18,8,10
Рафлекс,eversong,768,hunter,beastmastery,18,8,10
Krâýnn,aegwynn,768,hunter,beastmastery,18,8,10
Snarthelg,tarren-mill,768,hunter,beastmastery,18,8,10
Pewpewstuff,draenor,768,hunter,beastmastery,18,8,10
Krakenaspect,kazzak,768,hunter,beastmastery,18,8,10
Appollo,magtheridon,768,hunter,beastmastery,18,8,10
Freakyhoe,twisting-nether,768,hunter,beastmastery,18,8,10
Reyko,stormscale,768,hunter,beastmastery,24,8,16
Hyunkies,ysondre,768,hunter,beastmastery,24,8,16
Mogumogu,blackhand,768,hunter,beastmastery,24,8,16
Fridion,argent-dawn,768,hunter,beastmastery,24,8,16
Devøurer,blackmoore,767,hunter,beastmastery,12,8,4
Awoe,blackrock,767,hunter,beastmastery,12,8,4
Hlynsson,tarren-mill,767,hunter,beastmastery,12,8,4
Huntyadaun,blackrock,767,hunter,beastmastery,12,8,4
Kuljaa,ravencrest,767,hunter,beastmastery,12,8,4
Earnzie,outland,767,hunter,beastmastery,18,8,10
Солевойй,gordunni,767,hunter,beastmastery,18,8,10
Môrkh,sanguino,767,hunter,beastmastery,18,8,10
Анариэльсин,soulflayer,767,hunter,beastmastery,18,8,10
Prodanhunts,frostmane,767,hunter,beastmastery,24,8,16
Vassiliadis,bronze-dragonflight,767,hunter,beastmastery,24,8,16
Шурикцаревич,galakrond,767,hunter,beastmastery,24,8,16
Michaelvm,ravencrest,766,hunter,beastmastery,12,8,4
Birdseye,thrall,766,hunter,beastmastery,18,8,10
Druvnik,zenedar,766,hunter,beastmastery,18,8,10
Rdwlf,draenor,766,hunter,beastmastery,18,8,10
Miracleh,tarren-mill,766,hunter,beastmastery,18,8,10
Sillychilly,frostwolf,766,hunter,beastmastery,24,8,16
Rickh,ravencrest,765,hunter,beastmastery,12,8,4
Лузановка,gordunni,765,hunter,beastmastery,18,8,10
Mykris,aegwynn,765,hunter,beastmastery,86,34,52
Джэромо,gordunni,765,hunter,beastmastery,24,8,16
Hunterbeck,ravencrest,764,hunter,beastmastery,24,8,16
Фаталлити,grom,763,hunter,beastmastery,12,8,4
Laerya,les-clairvoyants,763,hunter,beastmastery,18,8,10
Spineshot,thrall,762,hunter,beastmastery,30,8,22
Plong,argent-dawn,761,hunter,beastmastery,12,8,4
Vachekiki,archimonde,759,hunter,beastmastery,12,8,4
Dravara,blackmoore,755,hunter,beastmastery,24,8,16
Sushimän,kaelthas,751,hunter,beastmastery,12,8,4
Lynx,garona,751,hunter,beastmastery,44,11,33
Bouboule,elune,748,hunter,beastmastery,12,8,4
Rubyblack,archimonde,748,hunter,beastmastery,18,8,10
Begehunter,sylvanas,740,hunter,beastmastery,18,8,10
Remiss,sanguino,738,hunter,beastmastery,22,10,12
Ремонтлицаа,gordunni,735,hunter,beastmastery,17,8,9
Брзенк,gordunni,734,hunter,beastmastery,28,8,20
Пушкабомби,soulflayer,716,hunter,beastmastery,64,23,41
Бей,gordunni,703,hunter,beastmastery,14,8,6
Glizzygobblr,kazzak,703,hunter,beastmastery,16,8,8
Sélenaé,hyjal,703,hunter,beastmastery,16,8,8
Feyoonx,blackrock,703,hunter,beastmastery,23,9,14
Kruk,blackhand,698,hunter,beastmastery,16,8,8
Huntbeard,aegwynn,695,hunter,beastmastery,22,8,14
Elledrin,argent-dawn,680,hunter,beastmastery,21,11,10
Nukenfoobs,draenor,672,hunter,beastmastery,12,7,5
Dåo,doomhammer,672,hunter,beastmastery,12,7,5
Slejpy,drakthul,672,hunter,beastmastery,12,7,5
Найтсол,greymane,672,hunter,beastmastery,12,7,5
Alexdi,kazzak,672,hunter,beastmastery,12,7,5
Лиор,howling-fjord,672,hunter,beastmastery,12,7,5
Morìtz,ravencrest,672,hunter,beastmastery,12,7,5
Jèrsèy,draenor,672,hunter,beastmastery,12,7,5
Beorind,frostwolf,672,hunter,beastmastery,12,7,5
Виралатта,gordunni,672,hunter,beastmastery,12,7,5
Razuye,nerathor,672,hunter,beastmastery,12,7,5
Bigramy,sanguino,672,hunter,beastmastery,12,7,5
Kissay,blackmoore,672,hunter,beastmastery,12,7,5
Utoast,ravencrest,672,hunter,beastmastery,12,7,5
Ufecläimbe,eredar,672,hunter,beastmastery,12,7,5
Подлыйстарик,gordunni,672,hunter,beastmastery,12,7,5
Загзигзаг,soulflayer,672,hunter,beastmastery,12,7,5
Rakeesh,hyjal,672,hunter,beastmastery,12,7,5
Stamzer,drakthul,672,hunter,beastmastery,12,7,5
Hunttes,nagrand,672,hunter,beastmastery,12,7,5
Haxaids,sylvanas,672,hunter,beastmastery,12,7,5
Marcsman,blackrock,672,hunter,beastmastery,12,7,5
Knokkelmann,outland,672,hunter,beastmastery,12,7,5
Ulfrîc,exodar,672,hunter,beastmastery,12,7,5
Onof,archimonde,672,hunter,beastmastery,12,7,5
Potatobeast,twisting-nether,672,hunter,beastmastery,12,7,5
Сашказнаток,azuregos,672,hunter,beastmastery,12,7,5
Garfie,tarren-mill,672,hunter,beastmastery,12,7,5
Reshka,dunemaul,672,hunter,beastmastery,12,7,5
Ahotnik,aegwynn,672,hunter,beastmastery,12,7,5
Fôx,frostmane,672,hunter,beastmastery,12,7,5
Belaux,archimonde,672,hunter,beastmastery,12,7,5
Hask,pozzo-delleternità,672,hunter,beastmastery,15,7,8
Outkást,sylvanas,672,hunter,beastmastery,18,7,11
Géeked,ravencrest,672,hunter,beastmastery,18,7,11
Svolatch,blackrock,672,hunter,beastmastery,18,7,11
Sauce,alonsus,672,hunter,beastmastery,18,7,11
Hunterstein,archimonde,672,hunter,beastmastery,18,7,11
Düivell,grim-batol,672,hunter,beastmastery,18,7,11
Гунныч,grom,672,hunter,beastmastery,18,7,11
Ромкола,gordunni,672,hunter,beastmastery,18,7,11
Boybiron,silvermoon,672,hunter,beastmastery,18,7,11
Zublime,dragonblight,672,hunter,beastmastery,18,7,11
Raggeh,frostwhisper,672,hunter,beastmastery,18,7,11
Дэментед,soulflayer,672,hunter,beastmastery,18,7,11
Дьярэ,gordunni,672,hunter,beastmastery,18,7,11
Вееном,gordunni,672,hunter,beastmastery,18,7,11
Gitanìlla,dun-modr,672,hunter,beastmastery,18,7,11
Lurigalinda,twisting-nether,672,hunter,beastmastery,18,7,11
Tràxes,quelthalas,672,hunter,beastmastery,18,7,11
Lis,gorgonnash,672,hunter,beastmastery,24,7,17
Coltan,nemesis,672,hunter,beastmastery,24,7,17
Setyouintrap,ravencrest,672,hunter,beastmastery,24,7,17
Летмимейт,howling-fjord,672,hunter,beastmastery,26,7,19
Doubleoseven,frostmane,671,hunter,beastmastery,12,7,5
Mazekhin,khaz-modan,671,hunter,beastmastery,12,7,5
Cxc,dun-modr,671,hunter,beastmastery,12,7,5
Strade,argent-dawn,671,hunter,beastmastery,12,7,5
Jaydogg,lightbringer,671,hunter,beastmastery,12,7,5
Glorfindhel,archimonde,671,hunter,beastmastery,12,7,5
Ashryqt,ravencrest,671,hunter,beastmastery,12,7,5
Tomli,nemesis,671,hunter,beastmastery,12,7,5
Døømslayer,nemesis,671,hunter,beastmastery,12,7,5
Akkonas,antonidas,671,hunter,beastmastery,12,7,5
Бэталол,gordunni,671,hunter,beastmastery,12,7,5
Lunaunii,argent-dawn,671,hunter,beastmastery,12,7,5
Ubietza,aegwynn,671,hunter,beastmastery,18,7,11
Orian,argent-dawn,671,hunter,beastmastery,18,7,11
Castbuny,drakthul,671,hunter,beastmastery,18,7,11
Dràcula,tarren-mill,671,hunter,beastmastery,18,7,11
Rifle,dun-morogh,671,hunter,beastmastery,18,7,11
Mindgap,pozzo-delleternità,671,hunter,beastmastery,18,7,11
Блудитролль,soulflayer,671,hunter,beastmastery,18,7,11
Tstigaard,argent-dawn,671,hunter,beastmastery,24,7,17
Løløsifredo,ysondre,671,hunter,beastmastery,24,7,17
Epheso,daggerspine,670,hunter,beastmastery,12,7,5
Paradisiaco,sanguino,670,hunter,beastmastery,24,7,17
Gladiátor,kult-der-verdammten,669,hunter,beastmastery,12,7,5
Cernunnos,auchindoun,669,hunter,beastmastery,13,7,6
Orgasmatronn,stormscale,669,hunter,beastmastery,18,7,11
Casey,zuluhed,669,hunter,beastmastery,18,7,11
Nelerias,defias-brotherhood,669,hunter,beastmastery,24,7,17
Asharial,twisting-nether,668,hunter,beastmastery,21,8,13
Rollei,uldum,666,hunter,beastmastery,12,7,5
Aroldo,kazzak,665,hunter,beastmastery,12,7,5
Саэсантессис,howling-fjord,665,hunter,beastmastery,18,7,11
Electrastar,illidan,664,hunter,beastmastery,12,7,5
Сяову,gordunni,643,hunter,beastmastery,30,7,23
Notchan,stormscale,639,hunter,beastmastery,11,7,4
Domnite,ravencrest,638,hunter,beastmastery,22,7,15
Ayaille,marécage-de-zangar,635,hunter,beastmastery,22,7,15
Johnblønn,stormscale,624,hunter,beastmastery,15,7,8
Zwergnàse,thrall,616,hunter,beastmastery,23,7,16
Luke,chromaggus,576,hunter,beastmastery,6,6,0
Callmepapi,kazzak,576,hunter,beastmastery,6,6,0
Magicnanø,nemesis,576,hunter,beastmastery,12,6,6
Dregor,nemesis,576,hunter,beastmastery,12,6,6
Guidomista,drakthul,576,hunter,beastmastery,12,6,6
Therakal,culte-de-la-rive-noire,576,hunter,beastmastery,12,6,6
Asery,blackmoore,576,hunter,beastmastery,12,6,6
Autopilot,aegwynn,576,hunter,beastmastery,12,6,6
Iuyiuy,dalaran,576,hunter,beastmastery,12,6,6
Шмыгахант,gordunni,576,hunter,beastmastery,12,6,6
Хантнерюга,gordunni,576,hunter,beastmastery,12,6,6
Vepzen,haomarush,576,hunter,beastmastery,12,6,6
Leonidazar,draenor,576,hunter,beastmastery,12,6,6
Burbutsuluki,silvermoon,576,hunter,beastmastery,12,6,6
Holdmypurse,kazzak,576,hunter,beastmastery,12,6,6
Petitsui,zuljin,576,hunter,beastmastery,12,6,6
Стёпкахант,gordunni,576,hunter,beastmastery,12,6,6
Vu,shattered-hand,576,hunter,beastmastery,12,6,6
Showdope,drakthul,576,hunter,beastmastery,12,6,6
Razoorine,blackrock,576,hunter,beastmastery,12,6,6
Darkstripe,turalyon,576,hunter,beastmastery,12,6,6
Lothram,les-sentinelles,576,hunter,beastmastery,12,6,6
Raegal,sanguino,576,hunter,beastmastery,12,6,6
Fogknows,ravencrest,576,hunter,beastmastery,12,6,6
Gîsh,burning-legion,576,hunter,beastmastery,12,6,6
Ângell,kirin-tor,576,hunter,beastmastery,12,6,6
Toptìérgoðx,drakthul,576,hunter,beastmastery,12,6,6
Skarra,zuljin,576,hunter,beastmastery,12,6,6
Зеленыйиисус,gordunni,576,hunter,beastmastery,12,6,6
Cítyzens,drakthul,576,hunter,beastmastery,12,6,6
Chïefhunt,twisting-nether,576,hunter,beastmastery,12,6,6
Dtq,silvermoon,576,hunter,beastmastery,12,6,6
Badhunt,stormscale,576,hunter,beastmastery,12,6,6
Nagu,antonidas,576,hunter,beastmastery,12,6,6
Wödën,argent-dawn,576,hunter,beastmastery,12,6,6
Assbúrgers,silvermoon,576,hunter,beastmastery,12,6,6
Flytomars,ravencrest,576,hunter,beastmastery,12,6,6
Ausgefuchst,forscherliga,576,hunter,beastmastery,12,6,6
Dorkos,sanguino,576,hunter,beastmastery,12,6,6
Беспокойный,soulflayer,576,hunter,beastmastery,12,6,6
Дайсё,soulflayer,576,hunter,beastmastery,12,6,6
Metalbaci,sylvanas,576,hunter,beastmastery,12,6,6
Logales,dragonblight,576,hunter,beastmastery,12,6,6
Jónes,dunemaul,576,hunter,beastmastery,12,6,6
Saymqt,blackrock,576,hunter,beastmastery,15,7,8
Lsa,kazzak,576,hunter,beastmastery,18,6,12
Vhalín,magtheridon,576,hunter,beastmastery,18,6,12
Disyö,kazzak,576,hunter,beastmastery,18,6,12
Realme,blackrock,576,hunter,beastmastery,18,6,12
Свадебная,gordunni,576,hunter,beastmastery,18,6,12
Cicatrice,kazzak,576,hunter,beastmastery,18,6,12
Матанал,gordunni,576,hunter,beastmastery,18,6,12
Wetto,ravencrest,576,hunter,beastmastery,18,6,12
Uselessx,kazzak,576,hunter,beastmastery,18,6,12
Azrhu,ravencrest,576,hunter,beastmastery,18,6,12
Suisiide,antonidas,576,hunter,beastmastery,18,6,12
Yryyh,silvermoon,576,hunter,beastmastery,24,6,18
Darkhunt,ysondre,575,hunter,beastmastery,12,6,6
Truedetectiv,aggramar,575,hunter,beastmastery,12,6,6
Krasavcik,shattrath,575,hunter,beastmastery,12,6,6
Puska,gilneas,575,hunter,beastmastery,12,6,6
Robingood,alexstrasza,575,hunter,beastmastery,12,6,6
Hunterizi,silvermoon,575,hunter,beastmastery,12,6,6
Nosfuratu,stormscale,575,hunter,beastmastery,12,6,6
Maglór,senjin,575,hunter,beastmastery,12,6,6
Nårgai,kargath,575,hunter,beastmastery,12,6,6
Ghanik,draenor,575,hunter,beastmastery,12,6,6
Абунай,soulflayer,575,hunter,beastmastery,12,6,6
Gløbi,malfurion,575,hunter,beastmastery,12,6,6
Karên,blackmoore,575,hunter,beastmastery,18,6,12
Akù,magtheridon,575,hunter,beastmastery,18,6,12
Footsy,twisting-nether,575,hunter,beastmastery,18,6,12
Фузег,deathguard,575,hunter,beastmastery,18,6,12
Täpy,arathor,575,hunter,beastmastery,18,6,12
Hitray,stormscale,575,hunter,beastmastery,18,6,12
Okumo,the-maelstrom,574,hunter,beastmastery,12,6,6
Boompuf,draenor,574,hunter,beastmastery,18,6,12
Kannon,twisting-nether,574,hunter,beastmastery,18,6,12
Penelopé,darkmoon-faire,573,hunter,beastmastery,12,6,6
Jsâ,blackmoore,571,hunter,beastmastery,12,6,6
Rachelgg,ravencrest,543,hunter,beastmastery,11,6,5
Dreemshoot,stormscale,542,hunter,beastmastery,11,6,5
Archfiend,stormscale,527,hunter,beastmastery,11,6,5
Kukenisluken,stormscale,527,hunter,beastmastery,11,6,5
Barzti,thrall,526,hunter,beastmastery,11,6,5
Braatski,stormscale,526,hunter,beastmastery,18,7,11
Фэннон,gordunni,522,hunter,beastmastery,15,8,7
Zevlove,kazzak,511,hunter,beastmastery,14,6,8
Attileus,ragnaros,495,hunter,beastmastery,11,6,5
Connyrövöga,draenor,480,hunter,beastmastery,6,5,1
Dogliz,stormscale,480,hunter,beastmastery,6,5,1
Wellocérapt,confrérie-du-thorium,480,hunter,beastmastery,6,5,1
Jinxbomber,draenor,480,hunter,beastmastery,6,5,1
Ветрослав,thermaplugg,480,hunter,beastmastery,6,5,1
Мунмейстер,blackscar,480,hunter,beastmastery,6,5,1
Jakis,silvermoon,480,hunter,beastmastery,6,5,1
Hidethegun,draenor,480,hunter,beastmastery,6,5,1
Smokerofweed,kazzak,480,hunter,beastmastery,6,5,1
Tøkÿöghøül,ravencrest,480,hunter,beastmastery,7,5,2
Mdmalol,malganis,480,hunter,beastmastery,12,5,7
Hõth,kazzak,480,hunter,beastmastery,12,5,7
Yésdave,stormscale,480,hunter,beastmastery,12,5,7
Notley,thrall,480,hunter,beastmastery,12,5,7
Bubbahubba,ragnaros,480,hunter,beastmastery,12,5,7
Tiendat,kazzak,480,hunter,beastmastery,12,5,7
Bogüen,sanguino,480,hunter,beastmastery,12,5,7
Tizzlbang,ragnaros,480,hunter,beastmastery,12,5,7
Jimbowjones,antonidas,480,hunter,beastmastery,12,5,7
Jins,illidan,480,hunter,beastmastery,12,5,7
Shantala,frostwolf,480,hunter,beastmastery,12,5,7
Келкузд,howling-fjord,480,hunter,beastmastery,12,5,7
Вуйчеч,howling-fjord,480,hunter,beastmastery,12,5,7
Palomo,argent-dawn,480,hunter,beastmastery,12,5,7
Wolfyx,cthun,480,hunter,beastmastery,12,5,7
Pilpetra,tarren-mill,480,hunter,beastmastery,12,5,7
Xeld,outland,480,hunter,beastmastery,12,5,7
Seviaz,draenor,480,hunter,beastmastery,12,5,7
Elvenian,twisting-nether,480,hunter,beastmastery,12,5,7
Crasharrow,stormscale,480,hunter,beastmastery,12,5,7
Aamön,tarren-mill,480,hunter,beastmastery,12,5,7
Khort,twisting-nether,480,hunter,beastmastery,12,5,7
Waneìs,stormscale,480,hunter,beastmastery,12,5,7
Speartusk,blackhand,480,hunter,beastmastery,12,5,7
Tracrium,hyjal,480,hunter,beastmastery,12,5,7
Makaxx,stormscale,480,hunter,beastmastery,12,5,7
Hahahxd,ragnaros,480,hunter,beastmastery,12,5,7
Dyve,antonidas,480,hunter,beastmastery,12,5,7
Китас,soulflayer,480,hunter,beastmastery,12,5,7
Naposin,ragnaros,480,hunter,beastmastery,12,5,7
Тандеркейдж,gordunni,480,hunter,beastmastery,12,5,7
Квит,blackscar,480,hunter,beastmastery,12,5,7
Silvos,blackrock,480,hunter,beastmastery,12,5,7
Джеймсфранко,blackscar,480,hunter,beastmastery,12,5,7
Yamadorî,blackrock,480,hunter,beastmastery,12,5,7
Bubby,burning-legion,480,hunter,beastmastery,16,6,10
Latschodives,malorne,480,hunter,beastmastery,15,5,10
Begøne,draenor,480,hunter,beastmastery,18,5,13
Craná,blackrock,480,hunter,beastmastery,18,5,13
Chrishyh,blackrock,480,hunter,beastmastery,18,5,13
Rheyl,dun-morogh,480,hunter,beastmastery,24,5,19
Doômzi,ysondre,479,hunter,beastmastery,6,5,1
Eluun,saurfang,479,hunter,beastmastery,12,5,7
Swïtchz,hyjal,479,hunter,beastmastery,12,5,7
Ivanrockstar,draenor,479,hunter,beastmastery,12,5,7
Ninjaskillss,ravencrest,479,hunter,beastmastery,12,5,7
Sokyokuh,burning-legion,479,hunter,beastmastery,12,5,7
Arhyah,medivh,479,hunter,beastmastery,12,5,7
Енвина,gordunni,479,hunter,beastmastery,12,5,7
Droubidi,garona,479,hunter,beastmastery,12,5,7
Killzo,sylvanas,479,hunter,beastmastery,12,5,7
Straikkeri,draenor,479,hunter,beastmastery,12,5,7
Sàclak,ysondre,479,hunter,beastmastery,12,5,7
Djzntrap,outland,479,hunter,beastmastery,12,5,7
Tremby,kazzak,479,hunter,beastmastery,15,6,9
Фитьфитий,howling-fjord,479,hunter,beastmastery,18,5,13
Arielowy,doomhammer,479,hunter,beastmastery,18,5,13
Cliff,kiljaeden,479,hunter,beastmastery,24,5,19
Kepâssa,ysondre,478,hunter,beastmastery,12,5,7
Добрыйклыкач,gordunni,478,hunter,beastmastery,12,5,7
Бодрыйсэм,soulflayer,477,hunter,beastmastery,12,5,7
Xyrone,bladefist,476,hunter,beastmastery,12,5,7
Ghostaim,kazzak,475,hunter,beastmastery,10,6,4
Chipok,outland,474,hunter,beastmastery,17,5,12
Ahilleaa,aegwynn,472,hunter,beastmastery,12,5,7
Poine,sylvanas,472,hunter,beastmastery,12,5,7
Ferax,alleria,472,hunter,beastmastery,12,5,7
Ozunâ,blackmoore,468,hunter,beastmastery,23,8,15
Momohenní,archimonde,448,hunter,beastmastery,10,5,5
Bellecoq,arathi,447,hunter,beastmastery,11,5,6
Аквилеон,gordunni,447,hunter,beastmastery,11,5,6
Angeedau,kazzak,431,hunter,beastmastery,11,5,6
Såvëâmäzøñíà,stormscale,431,hunter,beastmastery,11,5,6
Grufflin,bronzebeard,430,hunter,beastmastery,11,5,6
Fahin,draenor,425,hunter,beastmastery,14,6,8
Swâân,sanguino,425,hunter,beastmastery,15,6,9
Truxp,tarren-mill,416,hunter,beastmastery,10,5,5
Topbow,talnivarr,415,hunter,beastmastery,10,5,5
Darkshe,dun-modr,415,hunter,beastmastery,14,5,9
Ghõst,frostmane,384,hunter,beastmastery,6,4,2
Нью,soulflayer,384,hunter,beastmastery,6,4,2
Jaxxoo,outland,384,hunter,beastmastery,6,4,2
Varkiza,sylvanas,384,hunter,beastmastery,6,4,2
Thursty,twisting-nether,384,hunter,beastmastery,6,4,2
Srvol,dun-modr,384,hunter,beastmastery,6,4,2
Zigi,grim-batol,384,hunter,beastmastery,6,4,2
Machinedream,sylvanas,384,hunter,beastmastery,6,4,2
Armanny,sylvanas,384,hunter,beastmastery,6,4,2
Патапум,deathguard,384,hunter,beastmastery,6,4,2
Xndr,sanguino,384,hunter,beastmastery,6,4,2
Khregan,aerie-peak,384,hunter,beastmastery,6,4,2
Nocturr,ragnaros,384,hunter,beastmastery,6,4,2
Xiviora,archimonde,384,hunter,beastmastery,6,4,2
Zugmypole,stormscale,384,hunter,beastmastery,6,4,2
Кайсго,gordunni,384,hunter,beastmastery,6,4,2
Murkek,drakthul,384,hunter,beastmastery,6,4,2
Azzazeal,drakthul,384,hunter,beastmastery,6,4,2
Nulldmgmaker,malganis,384,hunter,beastmastery,6,4,2
Robbingyou,tarren-mill,384,hunter,beastmastery,6,4,2
Dêstiny,dun-modr,384,hunter,beastmastery,6,4,2
Разплюханка,howling-fjord,384,hunter,beastmastery,6,4,2
Bloodymarìe,kelthuzad,384,hunter,beastmastery,6,4,2
Трисциллочка,howling-fjord,384,hunter,beastmastery,6,4,2
Hetzenauer,nathrezim,384,hunter,beastmastery,6,4,2
Mckanê,ysondre,384,hunter,beastmastery,6,4,2
Illaice,antonidas,384,hunter,beastmastery,6,4,2
Hølinkasbabe,blackmoore,384,hunter,beastmastery,6,4,2
Lultrap,nemesis,384,hunter,beastmastery,6,4,2
Celebor,sanguino,384,hunter,beastmastery,6,4,2
Nith,ungoro,384,hunter,beastmastery,6,4,2
Riema,ragnaros,384,hunter,beastmastery,6,4,2
Nomorepain,outland,384,hunter,beastmastery,6,4,2
Mestar,outland,384,hunter,beastmastery,6,4,2
Вихтриэль,gordunni,384,hunter,beastmastery,6,4,2
Kareltje,stormscale,384,hunter,beastmastery,6,4,2
Zyprix,blackrock,384,hunter,beastmastery,6,4,2
Skeng,xavius,384,hunter,beastmastery,6,4,2
Komesz,ragnaros,384,hunter,beastmastery,6,4,2
Djurmästaren,ravencrest,384,hunter,beastmastery,6,4,2
Хантвкроксах,gordunni,384,hunter,beastmastery,6,4,2
Mothmanx,kazzak,384,hunter,beastmastery,6,4,2
Garratha,burning-legion,384,hunter,beastmastery,6,4,2
Quoicoubèh,hyjal,384,hunter,beastmastery,6,4,2
Chindaliña,zuljin,384,hunter,beastmastery,6,4,2
Zanéy,ravencrest,384,hunter,beastmastery,6,4,2
Няшуличка,gordunni,384,hunter,beastmastery,6,4,2
Healscare,dalaran,384,hunter,beastmastery,10,5,5
Lännennopein,outland,384,hunter,beastmastery,17,6,11
Zakert,zuljin,384,hunter,beastmastery,12,4,8
Sharpeneye,ragnaros,384,hunter,beastmastery,12,4,8
Monnee,outland,384,hunter,beastmastery,12,4,8
Khyleanqt,dun-modr,384,hunter,beastmastery,12,4,8
Aléxy,sanguino,384,hunter,beastmastery,12,4,8
Mobshot,twisting-nether,384,hunter,beastmastery,12,4,8
Гернриета,gordunni,384,hunter,beastmastery,12,4,8
Thérón,ravencrest,384,hunter,beastmastery,12,4,8
Zynga,sylvanas,384,hunter,beastmastery,12,4,8
Dissectiøn,hyjal,384,hunter,beastmastery,12,4,8
Horxxa,kul-tiras,384,hunter,beastmastery,12,4,8
Brønkø,azshara,384,hunter,beastmastery,12,4,8
Nîco,nathrezim,384,hunter,beastmastery,12,4,8
Pergola,spinebreaker,384,hunter,beastmastery,12,4,8
Catman,stormreaver,384,hunter,beastmastery,12,4,8
Tøixøna,tyrande,384,hunter,beastmastery,12,4,8
Sylphie,dalaran,384,hunter,beastmastery,12,4,8
Ætå,blackmoore,384,hunter,beastmastery,12,4,8
Valomeere,tarren-mill,384,hunter,beastmastery,12,4,8
Дэлмор,greymane,384,hunter,beastmastery,12,4,8
Marzenielas,silvermoon,384,hunter,beastmastery,12,4,8
Amigoss,argent-dawn,384,hunter,beastmastery,12,4,8
Saiko,kazzak,384,hunter,beastmastery,12,4,8
Nßatrapper,outland,384,hunter,beastmastery,12,4,8
Zippyzen,twisting-nether,384,hunter,beastmastery,12,4,8
Øï,outland,384,hunter,beastmastery,12,4,8
Neocb,ravencrest,384,hunter,beastmastery,12,4,8
Exwifey,ravencrest,384,hunter,beastmastery,12,4,8
Вейзу,ashenvale,384,hunter,beastmastery,12,4,8
Sjufemman,ravencrest,384,hunter,beastmastery,12,4,8
Ниамх,blackscar,384,hunter,beastmastery,12,4,8
Navarro,nemesis,384,hunter,beastmastery,12,4,8
Keinzira,hyjal,384,hunter,beastmastery,16,4,12
Bláckheart,doomhammer,384,hunter,beastmastery,18,4,14
Хедшоттер,blackscar,384,hunter,beastmastery,18,4,14
Swargano,archimonde,384,hunter,beastmastery,18,4,14
Bemtistaru,draenor,384,hunter,beastmastery,18,4,14
Wayland,dalaran,384,hunter,beastmastery,18,4,14
Tervueren,burning-blade,384,hunter,beastmastery,18,4,14
Mævis,ravencrest,384,hunter,beastmastery,18,4,14
Kayvaal,kaelthas,384,hunter,beastmastery,18,4,14
Jelezenchuk,outland,383,hunter,beastmastery,6,4,2
Xscaper,twilights-hammer,383,hunter,beastmastery,6,4,2
Resonate,stormreaver,383,hunter,beastmastery,6,4,2
Lalluna,malganis,383,hunter,beastmastery,12,4,8
Delazi,proudmoore,383,hunter,beastmastery,12,4,8
Doguago,draenor,383,hunter,beastmastery,12,4,8
Oldrocker,sylvanas,383,hunter,beastmastery,12,4,8
Mugiwaras,eldrethalas,383,hunter,beastmastery,18,4,14
Beerox,ysondre,382,hunter,beastmastery,12,4,8
Neuwi,stormreaver,382,hunter,beastmastery,12,4,8
Адула,eversong,379,hunter,beastmastery,12,4,8
Thelasiel,aerie-peak,379,hunter,beastmastery,12,4,8
Balthazzarxx,ravencrest,351,hunter,beastmastery,23,4,19
Harpers,kazzak,336,hunter,beastmastery,15,4,11
Dorollo,khaz-modan,332,hunter,beastmastery,11,4,7
Skyh,outland,330,hunter,beastmastery,16,5,11
Скукота,grom,288,hunter,beastmastery,6,3,3
Marsian,lordaeron,288,hunter,beastmastery,6,3,3
Ekz,twisting-nether,288,hunter,beastmastery,6,3,3
Nervetøxin,ravencrest,288,hunter,beastmastery,6,3,3
Колтрэйнборз,blackscar,288,hunter,beastmastery,6,3,3
Труласек,blackscar,288,hunter,beastmastery,6,3,3
Yümekø,khaz-modan,288,hunter,beastmastery,6,3,3
Доррети,howling-fjord,288,hunter,beastmastery,6,3,3
Klèo,frostwhisper,288,hunter,beastmastery,6,3,3
Abonah,khaz-modan,288,hunter,beastmastery,6,3,3
Трапавграунд,howling-fjord,288,hunter,beastmastery,6,3,3
Styxht,blackhand,288,hunter,beastmastery,6,3,3
Thekev,ravencrest,288,hunter,beastmastery,6,3,3
Bòw,antonidas,288,hunter,beastmastery,6,3,3
Kronkh,nemesis,288,hunter,beastmastery,6,3,3
Visas,burning-legion,288,hunter,beastmastery,6,3,3
Donbonz,blackmoore,288,hunter,beastmastery,6,3,3
Будкусломаю,grom,288,hunter,beastmastery,6,3,3
Sebikh,ravencrest,288,hunter,beastmastery,6,3,3
Leáa,eredar,288,hunter,beastmastery,6,3,3
Келентори,gordunni,288,hunter,beastmastery,6,3,3
Natashä,area-52,288,hunter,beastmastery,6,3,3
Zinco,ravencrest,288,hunter,beastmastery,6,3,3
Xðxðxðxðxðxð,sylvanas,288,hunter,beastmastery,6,3,3
Katzchen,burning-legion,288,hunter,beastmastery,6,3,3
Natchell,ysondre,288,hunter,beastmastery,6,3,3
Боураш,gordunni,288,hunter,beastmastery,6,3,3
Dealtqt,ysondre,288,hunter,beastmastery,6,3,3
Daela,elune,288,hunter,beastmastery,6,3,3
Jimpage,eredar,288,hunter,beastmastery,6,3,3
Svinrbglol,arygos,288,hunter,beastmastery,6,3,3
Aldra,kelthuzad,288,hunter,beastmastery,6,3,3
Оксанчек,howling-fjord,288,hunter,beastmastery,6,3,3
Anhur,blackmoore,288,hunter,beastmastery,6,3,3
Valtondre,argent-dawn,288,hunter,beastmastery,6,3,3
Hattorisama,ghostlands,288,hunter,beastmastery,6,3,3
Darksmoke,forscherliga,288,hunter,beastmastery,6,3,3
Nestereo,zirkel-des-cenarius,288,hunter,beastmastery,6,3,3
Живучийорех,gordunni,288,hunter,beastmastery,6,3,3
Ayiu,argent-dawn,288,hunter,beastmastery,6,3,3
Midist,stormscale,288,hunter,beastmastery,6,3,3
Lûnelle,argent-dawn,288,hunter,beastmastery,6,3,3
Haggy,die-nachtwache,288,hunter,beastmastery,6,3,3
Hunterlolz,tarren-mill,288,hunter,beastmastery,6,3,3
Шеннокс,howling-fjord,288,hunter,beastmastery,6,3,3
Hallem,karazhan,288,hunter,beastmastery,6,3,3
Enthur,sylvanas,288,hunter,beastmastery,6,3,3
Наладдчик,howling-fjord,288,hunter,beastmastery,6,3,3
Shedzargo,twisting-nether,288,hunter,beastmastery,6,3,3
Козладой,gordunni,288,hunter,beastmastery,6,3,3
Yoey,tarren-mill,288,hunter,beastmastery,6,3,3
Кискавтесте,gordunni,288,hunter,beastmastery,6,3,3
Lioneli,sylvanas,288,hunter,beastmastery,6,3,3
Mooj,malganis,288,hunter,beastmastery,6,3,3
Retroxia,stormreaver,288,hunter,beastmastery,6,3,3
Cryptomars,twisting-nether,288,hunter,beastmastery,6,3,3
Kairrux,twisting-nether,288,hunter,beastmastery,6,3,3
Blmlooter,stormreaver,288,hunter,beastmastery,6,3,3
Оркос,deathweaver,288,hunter,beastmastery,6,3,3
Taurïel,stormscale,288,hunter,beastmastery,6,3,3
Kaballa,ahnqiraj,288,hunter,beastmastery,6,3,3
Ipad,cthun,288,hunter,beastmastery,6,3,3
Рофшор,gordunni,288,hunter,beastmastery,6,3,3
Eyetto,dun-modr,288,hunter,beastmastery,6,3,3
Arsola,sylvanas,288,hunter,beastmastery,6,3,3
Kanwfulldmg,stormscale,288,hunter,beastmastery,6,3,3
Papisbae,stormscale,288,hunter,beastmastery,6,3,3
Djtrapyasis,blackmoore,288,hunter,beastmastery,6,3,3
Джарвиз,soulflayer,288,hunter,beastmastery,6,3,3
Демела,gordunni,288,hunter,beastmastery,6,3,3
Beefchops,draenor,288,hunter,beastmastery,6,3,3
Bråndy,draenor,288,hunter,beastmastery,6,3,3
Kondirox,twisting-nether,288,hunter,beastmastery,6,3,3
Zêrøtwø,draenor,288,hunter,beastmastery,6,3,3
Микихаса,galakrond,288,hunter,beastmastery,6,3,3
Flugsmälla,kazzak,288,hunter,beastmastery,6,3,3
Blazeblue,hyjal,288,hunter,beastmastery,6,3,3
Chasseeur,archimonde,288,hunter,beastmastery,6,3,3
Thebigboom,outland,288,hunter,beastmastery,6,3,3
Artze,outland,288,hunter,beastmastery,6,3,3
Niedzwiedzor,silvermoon,288,hunter,beastmastery,6,3,3
Chrønôs,archimonde,288,hunter,beastmastery,6,3,3
Bârli,amanthul,288,hunter,beastmastery,6,3,3
Bugspitz,outland,288,hunter,beastmastery,6,3,3
Iliíilíiílíl,outland,288,hunter,beastmastery,6,3,3
Kragán,silvermoon,288,hunter,beastmastery,6,3,3
Zercore,echsenkessel,288,hunter,beastmastery,6,3,3
Palav,outland,288,hunter,beastmastery,6,3,3
Weedonyhunt,hyjal,288,hunter,beastmastery,6,3,3
Sakaryali,silvermoon,288,hunter,beastmastery,6,3,3
Bnji,hyjal,288,hunter,beastmastery,6,3,3
Zoophobiaqt,silvermoon,288,hunter,beastmastery,6,3,3
Scräppÿ,kazzak,288,hunter,beastmastery,6,3,3
Baïonnettex,archimonde,288,hunter,beastmastery,6,3,3
Huntness,kazzak,288,hunter,beastmastery,6,3,3
Imonér,frostmane,288,hunter,beastmastery,6,3,3
Yssup,frostmane,288,hunter,beastmastery,6,3,3
Fedya,kazzak,288,hunter,beastmastery,6,3,3
Kxx,kazzak,288,hunter,beastmastery,6,3,3
Хантероо,gordunni,288,hunter,beastmastery,8,3,5
Mârked,argent-dawn,288,hunter,beastmastery,12,3,9
Xoarqt,aegwynn,288,hunter,beastmastery,12,3,9
Sylverein,silvermoon,288,hunter,beastmastery,12,3,9
Stuckstepbro,silvermoon,288,hunter,beastmastery,12,3,9
Spakster,blackrock,288,hunter,beastmastery,12,3,9
Phillon,blackrock,288,hunter,beastmastery,12,3,9
Rrushi,argent-dawn,288,hunter,beastmastery,12,3,9
Jellyfat,silvermoon,288,hunter,beastmastery,12,3,9
Quasar,ravencrest,288,hunter,beastmastery,12,3,9
Zárnah,defias-brotherhood,288,hunter,beastmastery,12,3,9
Хансбург,howling-fjord,288,hunter,beastmastery,12,3,9
Mââl,archimonde,288,hunter,beastmastery,12,3,9
Headhunterzz,dun-modr,288,hunter,beastmastery,12,3,9
Jaguarundy,dun-modr,288,hunter,beastmastery,12,3,9
Coôkie,ysondre,288,hunter,beastmastery,12,3,9
Frikandelli,outland,288,hunter,beastmastery,12,3,9
Huntardxx,outland,288,hunter,beastmastery,12,3,9
Rachelzane,blackrock,288,hunter,beastmastery,12,3,9
Gzà,kazzak,288,hunter,beastmastery,12,3,9
Shalinda,azshara,288,hunter,beastmastery,12,3,9
Narziel,die-todeskrallen,288,hunter,beastmastery,12,3,9
Ímpulsion,stormscale,288,hunter,beastmastery,12,3,9
Demónhunter,frostmane,288,hunter,beastmastery,12,3,9
Nerøz,ravencrest,288,hunter,beastmastery,12,3,9
Krëmpai,frostmane,288,hunter,beastmastery,12,3,9
Jamesbownd,ravencrest,288,hunter,beastmastery,12,3,9
Andraz,burning-legion,288,hunter,beastmastery,12,3,9
Riik,ragnaros,288,hunter,beastmastery,12,3,9
Drakess,daggerspine,288,hunter,beastmastery,12,3,9
Soen,zuljin,288,hunter,beastmastery,12,3,9
Дварфмэн,gordunni,288,hunter,beastmastery,13,3,10
Tràpz,archimonde,288,hunter,beastmastery,14,3,11
Ohwagga,pozzo-delleternità,287,hunter,beastmastery,6,3,3
Voraxh,draenor,287,hunter,beastmastery,12,3,9
Asca,eldrethalas,287,hunter,beastmastery,12,3,9
Oatmeal,dun-morogh,287,hunter,beastmastery,12,3,9
Winfar,draenor,287,hunter,beastmastery,12,3,9
Jolox,blackrock,286,hunter,beastmastery,6,3,3
Aryaae,les-clairvoyants,286,hunter,beastmastery,7,3,4
Trapgodz,ragnaros,271,hunter,beastmastery,11,3,8
Lightrandom,kazzak,269,hunter,beastmastery,11,3,8
Ватмано,gordunni,255,hunter,beastmastery,8,4,4
Sarblade,bronze-dragonflight,255,hunter,beastmastery,11,3,8
Zakos,kirin-tor,255,hunter,beastmastery,11,3,8
Graltar,tarren-mill,255,hunter,beastmastery,11,3,8
Shoothim,destromath,254,hunter,beastmastery,8,4,4
Кулерквест,soulflayer,240,hunter,beastmastery,9,3,6
Dybhalsma,outland,239,hunter,beastmastery,5,3,2
Bigbababotan,blackrock,234,hunter,beastmastery,9,4,5
Слышумертвых,gordunni,234,hunter,beastmastery,15,5,10
Shagora,dalaran,223,hunter,beastmastery,8,3,5
Sacroz,frostwhisper,223,hunter,beastmastery,8,3,5
Musraah,zuljin,192,hunter,beastmastery,5,3,2
Генрах,soulflayer,192,hunter,beastmastery,6,2,4
Comegetme,auchindoun,192,hunter,beastmastery,6,2,4
Wolfariana,chamber-of-aspects,192,hunter,beastmastery,6,2,4
Серцебиение,soulflayer,192,hunter,beastmastery,6,2,4
Ecthelione,the-venture-co,192,hunter,beastmastery,6,2,4
Dahunter,blackmoore,192,hunter,beastmastery,6,2,4
Shademd,ahnqiraj,192,hunter,beastmastery,6,2,4
Luuszapfae,aegwynn,192,hunter,beastmastery,6,2,4
Спелла,goldrinn,192,hunter,beastmastery,6,2,4
Смертонносна,lich-king,192,hunter,beastmastery,6,2,4
Dragoki,blackmoore,192,hunter,beastmastery,6,2,4
Orosko,archimonde,192,hunter,beastmastery,6,2,4
Droz,blackmoore,192,hunter,beastmastery,6,2,4
Waveshoot,hyjal,192,hunter,beastmastery,6,2,4
Sarbacanes,hyjal,192,hunter,beastmastery,6,2,4
Jarran,karazhan,192,hunter,beastmastery,6,2,4
Pets,aegwynn,192,hunter,beastmastery,6,2,4
Avp,sylvanas,192,hunter,beastmastery,6,2,4
Níne,sylvanas,192,hunter,beastmastery,6,2,4
Anghron,minahonda,192,hunter,beastmastery,6,2,4
Bradunov,sylvanas,192,hunter,beastmastery,6,2,4
Ренектон,soulflayer,192,hunter,beastmastery,6,2,4
Phyllobates,blackrock,192,hunter,beastmastery,6,2,4
Olddèath,archimonde,192,hunter,beastmastery,6,2,4
Jayyke,frostmane,192,hunter,beastmastery,6,2,4
Ефрейя,gordunni,192,hunter,beastmastery,6,2,4
Díkembe,aegwynn,192,hunter,beastmastery,6,2,4
Silencxz,aegwynn,192,hunter,beastmastery,6,2,4
Gandro,blackmoore,192,hunter,beastmastery,6,2,4
Foleck,aegwynn,192,hunter,beastmastery,6,2,4
Holytrapqt,aegwynn,192,hunter,beastmastery,6,2,4
Bówyóurfácé,outland,192,hunter,beastmastery,6,2,4
Ketator,archimonde,192,hunter,beastmastery,6,2,4
Zusale,azshara,192,hunter,beastmastery,6,2,4
Sarganno,archimonde,192,hunter,beastmastery,6,2,4
Nikzeubii,archimonde,192,hunter,beastmastery,6,2,4
Nythilia,blackrock,192,hunter,beastmastery,6,2,4
Инкризшот,gordunni,192,hunter,beastmastery,6,2,4
Lágåta,outland,192,hunter,beastmastery,6,2,4
Ridbàck,archimonde,192,hunter,beastmastery,6,2,4
Samodiva,twisting-nether,192,hunter,beastmastery,6,2,4
Sekzpitch,blackmoore,192,hunter,beastmastery,6,2,4
Naid,lordaeron,192,hunter,beastmastery,6,2,4
Dola,archimonde,192,hunter,beastmastery,6,2,4
Yoüllsuffer,twisting-nether,192,hunter,beastmastery,6,2,4
Aliyaan,twisting-nether,192,hunter,beastmastery,6,2,4
Фэйсконтроль,azuregos,192,hunter,beastmastery,6,2,4
Травок,gordunni,192,hunter,beastmastery,6,2,4
Риперквин,gordunni,192,hunter,beastmastery,6,2,4
Nómarak,drakthul,192,hunter,beastmastery,6,2,4
Abraxan,twisting-nether,192,hunter,beastmastery,6,2,4
Sylasteria,twisting-nether,192,hunter,beastmastery,6,2,4
Тофуитер,howling-fjord,192,hunter,beastmastery,6,2,4
Drennak,kult-der-verdammten,192,hunter,beastmastery,6,2,4
Arykes,drakthul,192,hunter,beastmastery,6,2,4
Focùs,eredar,192,hunter,beastmastery,6,2,4
Ancalarion,tarren-mill,192,hunter,beastmastery,6,2,4
Lifeiscool,drakthul,192,hunter,beastmastery,6,2,4
Gunmeister,bronzebeard,192,hunter,beastmastery,6,2,4
Fofoulinaki,silvermoon,192,hunter,beastmastery,6,2,4
Dentaar,draenor,192,hunter,beastmastery,6,2,4
Bethenny,draenor,192,hunter,beastmastery,6,2,4
Raztreadör,dun-modr,192,hunter,beastmastery,6,2,4
Doraxa,sanguino,192,hunter,beastmastery,6,2,4
Dis,twilights-hammer,192,hunter,beastmastery,6,2,4
Имбакласс,howling-fjord,192,hunter,beastmastery,6,2,4
Talanar,tarren-mill,192,hunter,beastmastery,6,2,4
Bodytypedog,ragnaros,192,hunter,beastmastery,6,2,4
Willzz,ravencrest,192,hunter,beastmastery,6,2,4
Wülfhart,argent-dawn,192,hunter,beastmastery,6,2,4
Wildwingsebb,nazjatar,192,hunter,beastmastery,6,2,4
Furian,der-rat-von-dalaran,192,hunter,beastmastery,6,2,4
Privelle,argent-dawn,192,hunter,beastmastery,6,2,4
Feedbackloop,silvermoon,192,hunter,beastmastery,6,2,4
Zetaph,argent-dawn,192,hunter,beastmastery,6,2,4
Xeragon,frostwolf,192,hunter,beastmastery,6,2,4
Kanzlerkohl,frostwolf,192,hunter,beastmastery,6,2,4
Patrouifort,ysondre,192,hunter,beastmastery,6,2,4
Malromero,outland,192,hunter,beastmastery,6,2,4
Wøden,ysondre,192,hunter,beastmastery,6,2,4
Legolex,burning-blade,192,hunter,beastmastery,6,2,4
Kirinó,ragnaros,192,hunter,beastmastery,6,2,4
Tillhunt,kargath,192,hunter,beastmastery,6,2,4
Maeba,shendralar,192,hunter,beastmastery,6,2,4
Erenjaeger,onyxia,192,hunter,beastmastery,6,2,4
Stronkbeast,kazzak,192,hunter,beastmastery,6,2,4
Azahunt,kazzak,192,hunter,beastmastery,6,2,4
Bernhardoder,blackhand,192,hunter,beastmastery,6,2,4
Kabá,eredar,192,hunter,beastmastery,6,2,4
Penehuntos,eredar,192,hunter,beastmastery,6,2,4
Thecorruptor,skullcrusher,192,hunter,beastmastery,6,2,4
Wodhunterjr,ravencrest,192,hunter,beastmastery,6,2,4
As,kazzak,192,hunter,beastmastery,6,2,4
Pixxeel,khaz-modan,192,hunter,beastmastery,6,2,4
Scatterinc,antonidas,192,hunter,beastmastery,6,2,4
Pennymarks,blackhand,192,hunter,beastmastery,6,2,4
Zulldek,sanguino,192,hunter,beastmastery,6,2,4
Vorthrax,drakthul,192,hunter,beastmastery,6,2,4
Ataxyjr,ravencrest,192,hunter,beastmastery,6,2,4
Dogstrust,stormscale,192,hunter,beastmastery,6,2,4
Eredark,zuljin,192,hunter,beastmastery,6,2,4
Marryme,blackhand,192,hunter,beastmastery,6,2,4
Deskö,shendralar,192,hunter,beastmastery,6,2,4
Vör,drakthul,192,hunter,beastmastery,6,2,4
Medûse,stormscale,192,hunter,beastmastery,6,2,4
Sotu,stormscale,192,hunter,beastmastery,6,2,4
Phantoprowl,stormscale,192,hunter,beastmastery,6,2,4
Aughtism,turalyon,192,hunter,beastmastery,6,2,4
Yakayoshi,kazzak,192,hunter,beastmastery,6,2,4
Næ,kazzak,192,hunter,beastmastery,6,2,4
Korrekt,stormscale,192,hunter,beastmastery,6,2,4
Куджикс,soulflayer,192,hunter,beastmastery,19,4,15
Waraëlle,dalaran,192,hunter,beastmastery,12,2,10
Swallowbaby,lothar,192,hunter,beastmastery,12,2,10
Calesthas,tarren-mill,192,hunter,beastmastery,12,2,10
Кертион,howling-fjord,192,hunter,beastmastery,12,2,10
Кронн,howling-fjord,192,hunter,beastmastery,12,2,10
Örrn,ragnaros,192,hunter,beastmastery,12,2,10
Elja,laughing-skull,192,hunter,beastmastery,12,2,10
Psailaa,azjolnerub,192,hunter,beastmastery,12,2,10
Tiguy,archimonde,192,hunter,beastmastery,12,2,10
Krâven,ysondre,192,hunter,beastmastery,12,2,10
Willýs,ysondre,192,hunter,beastmastery,12,2,10
Biorson,silvermoon,192,hunter,beastmastery,12,2,10
Pôîson,kazzak,192,hunter,beastmastery,12,2,10
Corrwus,argent-dawn,192,hunter,beastmastery,12,2,10
Talmïr,archimonde,192,hunter,beastmastery,12,2,10
Hêndricks,eredar,192,hunter,beastmastery,12,2,10
Schräubchen,antonidas,192,hunter,beastmastery,12,2,10
Neuromancien,archimonde,192,hunter,beastmastery,12,2,10
Slayman,kazzak,192,hunter,beastmastery,18,2,16
Charlet,archimonde,191,hunter,beastmastery,6,2,4
Сливочкии,goldrinn,191,hunter,beastmastery,6,2,4
Uab,dun-morogh,191,hunter,beastmastery,6,2,4
Traknard,confrérie-du-thorium,191,hunter,beastmastery,6,2,4
Kizscamander,magtheridon,191,hunter,beastmastery,12,2,10
Eilosh,outland,160,hunter,beastmastery,10,2,8
Guna,aggra-português,159,hunter,beastmastery,5,2,3
Rakmo,blackmoore,159,hunter,beastmastery,5,2,3
Phinox,sanguino,159,hunter,beastmastery,11,2,9
Åånei,twisting-nether,144,hunter,beastmastery,9,2,7
Cazados,shendralar,138,hunter,beastmastery,10,4,6
Enîgmatîke,archimonde,138,hunter,beastmastery,9,3,6
Тауриэлль,soulflayer,138,hunter,beastmastery,9,3,6
Belgorin,alexstrasza,136,hunter,beastmastery,10,4,6
Deathøfrats,ravencrest,128,hunter,beastmastery,4,2,2
Elnazar,archimonde,128,hunter,beastmastery,4,2,2
Huntinger,twisting-nether,96,hunter,beastmastery,3,2,1
Valiriz,blackmoore,96,hunter,beastmastery,6,1,5
Vandathien,stormrage,96,hunter,beastmastery,6,1,5
Dasmusdrückn,antonidas,96,hunter,beastmastery,6,1,5
Imahuntard,frostmane,96,hunter,beastmastery,6,1,5
Буреклык,gordunni,96,hunter,beastmastery,6,1,5
Zergst,nathrezim,96,hunter,beastmastery,6,1,5
Дочьпескова,gordunni,96,hunter,beastmastery,6,1,5
Gramzy,blackmoore,96,hunter,beastmastery,6,1,5
Bloodking,madmortem,96,hunter,beastmastery,6,1,5
Crittix,kiljaeden,96,hunter,beastmastery,6,1,5
Hechozar,kazzak,96,hunter,beastmastery,6,1,5
Jägerjokke,blackrock,96,hunter,beastmastery,6,1,5
Táráh,proudmoore,96,hunter,beastmastery,6,1,5
Derhùnethàl,hyjal,96,hunter,beastmastery,6,1,5
Jâyranger,ravencrest,96,hunter,beastmastery,6,1,5
Ichbringbier,blackrock,96,hunter,beastmastery,6,1,5
Jozsiur,ragnaros,96,hunter,beastmastery,6,1,5
Oou,auchindoun,96,hunter,beastmastery,6,1,5
Sokrám,sanguino,96,hunter,beastmastery,6,1,5
Pjållistani,ravencrest,96,hunter,beastmastery,6,1,5
Эннабонни,gordunni,96,hunter,beastmastery,6,1,5
Weafster,outland,96,hunter,beastmastery,6,1,5
Øô,blackrock,96,hunter,beastmastery,6,1,5
Betarayjinx,kazzak,96,hunter,beastmastery,6,1,5
Runescimmy,twisting-nether,96,hunter,beastmastery,6,1,5
Darkray,dalaran,96,hunter,beastmastery,6,1,5
Hairyplottér,kazzak,96,hunter,beastmastery,6,1,5
Сочнаятурель,howling-fjord,96,hunter,beastmastery,6,1,5
Nyght,ravencrest,96,hunter,beastmastery,6,1,5
Gurkans,aggramar,96,hunter,beastmastery,6,1,5
Anhyzer,nemesis,96,hunter,beastmastery,6,1,5
Ventaric,pozzo-delleternità,96,hunter,beastmastery,6,1,5
Nicoh,elune,96,hunter,beastmastery,6,1,5
Traptard,blackrock,96,hunter,beastmastery,6,1,5
Justchill,ravencrest,96,hunter,beastmastery,6,1,5
Bloodpanter,ragnaros,96,hunter,beastmastery,6,1,5
Ynfik,sinstralis,96,hunter,beastmastery,6,1,5
Grigur,dalaran,96,hunter,beastmastery,6,1,5
Hashaya,hyjal,96,hunter,beastmastery,6,1,5
Круперок,howling-fjord,96,hunter,beastmastery,6,1,5
Fizí,stormscale,96,hunter,beastmastery,6,1,5
Itzcritch,tarren-mill,96,hunter,beastmastery,6,1,5
Anun,magtheridon,96,hunter,beastmastery,6,1,5
Bobletty,tarren-mill,96,hunter,beastmastery,6,1,5
Steez,hyjal,96,hunter,beastmastery,6,1,5
Bensoussan,archimonde,96,hunter,beastmastery,6,1,5
Achiles,die-todeskrallen,96,hunter,beastmastery,6,1,5
Trollohunt,twisting-nether,96,hunter,beastmastery,6,1,5
Hÿyrøk,ysondre,96,hunter,beastmastery,6,1,5
Exorbitant,blackrock,96,hunter,beastmastery,6,1,5
Beastmaster,ragnaros,96,hunter,beastmastery,6,1,5
Zurzok,blackrock,96,hunter,beastmastery,6,1,5
Zugzlug,tarren-mill,96,hunter,beastmastery,6,1,5
Huntarbeît,eredar,96,hunter,beastmastery,6,1,5
Wórldz,dun-modr,96,hunter,beastmastery,6,1,5
Bobtroll,twisting-nether,96,hunter,beastmastery,6,1,5
Nomorex,frostwhisper,96,hunter,beastmastery,6,1,5
Chambiann,tarren-mill,96,hunter,beastmastery,6,1,5
Zogzøg,draenor,96,hunter,beastmastery,6,1,5
Zulô,rexxar,96,hunter,beastmastery,6,1,5
Hntudwn,azshara,96,hunter,beastmastery,6,1,5
Tsyapka,tarren-mill,96,hunter,beastmastery,12,1,11
Jamaro,dun-modr,96,hunter,beastmastery,12,1,11
Críted,blackmoore,96,hunter,beastmastery,12,1,11
Thóorin,ravencrest,96,hunter,beastmastery,12,1,11
Сыньйорита,howling-fjord,96,hunter,beastmastery,12,1,11
Milandria,antonidas,96,hunter,beastmastery,18,1,17
Халфен,eversong,79,hunter,beastmastery,5,1,4
Jaszczomp,magtheridon,64,hunter,beastmastery,4,1,3
Youngjinh,ravencrest,64,hunter,beastmastery,4,1,3
Yahamenistos,ysondre,64,hunter,beastmastery,4,1,3
Focuslhunt,archimonde,63,hunter,beastmastery,2,2,0
Illnysa,silvermoon,48,hunter,beastmastery,3,1,2
Voldtzeig,dentarg,42,hunter,beastmastery,13,4,9
Liscie,silvermoon,42,hunter,beastmastery,14,2,12
Котюнечка,gordunni,31,hunter,beastmastery,2,1,1
Ôrly,outland,31,hunter,beastmastery,2,1,1
Tunhaa,arthas,16,hunter,beastmastery,1,1,0
Random,sylvanas,16,hunter,beastmastery,1,1,0
Gwaan,outland,9,hunter,beastmastery,6,2,4
Aleç,ravencrest,1932,mage,arcane,60,31,29
Choll,stormscale,1866,mage,arcane,30,20,10
Нефростмаг,gordunni,1843,mage,arcane,138,73,65
Wàneís,ravencrest,1843,mage,arcane,78,38,40
Castorcato,kazzak,1841,mage,arcane,60,34,26
Aleteia,stormscale,1829,mage,arcane,64,33,31
Фоулли,howling-fjord,1794,mage,arcane,54,28,26
Ephreaym,stormscale,1784,mage,arcane,65,30,35
Bebenm,archimonde,1762,mage,arcane,105,47,58
Obbjob,ravencrest,1748,mage,arcane,60,30,30
Lemaroxd,draenor,1747,mage,arcane,53,29,24
Derett,stormscale,1725,mage,arcane,48,22,26
Raíku,ravencrest,1723,mage,arcane,30,18,12
Tokerlol,stormscale,1722,mage,arcane,89,53,36
Непутевыймаг,gordunni,1715,mage,arcane,24,23,1
Mercem,stormscale,1711,mage,arcane,30,21,9
Wracrz,argent-dawn,1704,mage,arcane,90,50,40
Persi,dentarg,1702,mage,arcane,192,97,95
Radagulf,outland,1691,mage,arcane,85,43,42
Shirrunn,the-maelstrom,1687,mage,arcane,38,19,19
Frostseeker,tarren-mill,1684,mage,arcane,30,18,12
Dardíe,ravencrest,1681,mage,arcane,54,31,23
Cubis,archimonde,1667,mage,arcane,42,19,23
Fearbeäch,ravencrest,1666,mage,arcane,52,25,27
Сизаам,howling-fjord,1665,mage,arcane,35,20,15
Dárdie,ravencrest,1662,mage,arcane,40,21,19
Sallesauruus,outland,1651,mage,arcane,54,26,28
Covran,stormscale,1650,mage,arcane,65,29,36
Шттрвблнкт,soulflayer,1644,mage,arcane,83,41,42
Alustrasz,skullcrusher,1641,mage,arcane,88,49,39
Magijoana,silvermoon,1629,mage,arcane,32,18,14
Sérc,ravencrest,1626,mage,arcane,30,17,13
Burstology,kazzak,1624,mage,arcane,66,35,31
Orkamor,sylvanas,1622,mage,arcane,42,17,25
Манкай,fordragon,1591,mage,arcane,147,82,65
Belthesad,twisting-nether,1562,mage,arcane,28,19,9
Ecovation,tarren-mill,1532,mage,arcane,80,40,40
Absie,tarren-mill,1520,mage,arcane,54,35,19
Poochmage,archimonde,1516,mage,arcane,66,31,35
Ekron,sanguino,1508,mage,arcane,188,96,92
Nakamura,outland,1486,mage,arcane,344,171,173
Samirra,stormscale,1485,mage,arcane,60,32,28
Waterhagx,tarren-mill,1462,mage,arcane,23,16,7
Portal,scarshield-legion,1446,mage,arcane,48,27,21
Ogarcanefist,outland,1424,mage,arcane,69,35,34
Раканчик,gordunni,1406,mage,arcane,86,42,44
Sukalamink,alonsus,1405,mage,arcane,48,22,26
Trucy,eredar,1400,mage,arcane,150,72,78
Манаманна,gordunni,1395,mage,arcane,251,129,122
Lusionator,defias-brotherhood,1394,mage,arcane,54,31,23
Jhawkwizard,draenor,1380,mage,arcane,133,69,64
Barspin,lightnings-blade,1370,mage,arcane,90,48,42
Másterdukè,silvermoon,1365,mage,arcane,36,15,21
Ðøæø,twisting-nether,1346,mage,arcane,93,46,47
Tnhigh,blackrock,1343,mage,arcane,57,31,26
Проблембойх,gordunni,1343,mage,arcane,30,14,16
Весиал,deathguard,1342,mage,arcane,48,28,20
Elor,eredar,1331,mage,arcane,33,17,16
Diper,burning-legion,1328,mage,arcane,36,15,21
Nefrendel,kazzak,1299,mage,arcane,68,33,35
Валбериса,deepholm,1298,mage,arcane,60,39,21
Akâri,silvermoon,1293,mage,arcane,42,24,18
Pradapimp,ravencrest,1286,mage,arcane,32,15,17
Nimdáá,stormscale,1286,mage,arcane,54,24,30
Sadrã,kazzak,1275,mage,arcane,51,22,29
Magikere,tarren-mill,1273,mage,arcane,83,48,35
Kazeen,silvermoon,1272,mage,arcane,64,38,26
Tokyodes,twisting-nether,1262,mage,arcane,67,30,37
Arkeus,turalyon,1260,mage,arcane,35,22,13
Нормалмап,soulflayer,1243,mage,arcane,48,18,30
Meolchum,outland,1237,mage,arcane,45,22,23
Nïo,ravencrest,1236,mage,arcane,75,27,48
Nécrømage,confrérie-du-thorium,1235,mage,arcane,18,13,5
Léa,rashgarroth,1235,mage,arcane,48,21,27
Scaleeth,kazzak,1233,mage,arcane,30,13,17
Rezre,stormscale,1212,mage,arcane,54,28,26
Venchimage,silvermoon,1200,mage,arcane,50,17,33
Sszz,ravencrest,1197,mage,arcane,84,47,37
Канеллис,howling-fjord,1197,mage,arcane,37,14,23
Hruon,ravenholdt,1195,mage,arcane,30,14,16
Xiaomofashi,quelthalas,1191,mage,arcane,102,50,52
Ozdewish,hyjal,1183,mage,arcane,118,55,63
Burnqq,twisting-nether,1167,mage,arcane,35,18,17
Scaless,stormscale,1157,mage,arcane,52,19,33
Demizboub,archimonde,1154,mage,arcane,168,85,83
Tiqma,sylvanas,1151,mage,arcane,24,12,12
Paradigma,sylvanas,1142,mage,arcane,24,12,12
Mäalaka,archimonde,1122,mage,arcane,36,12,24
Fôôxy,aegwynn,1104,mage,arcane,30,15,15
Noarcane,twisting-nether,1087,mage,arcane,60,33,27
Hardways,archimonde,1087,mage,arcane,135,57,78
Gorn,ravencrest,1086,mage,arcane,24,14,10
Sulteaxion,garrosh,1085,mage,arcane,24,12,12
Nelfchewer,ravencrest,1068,mage,arcane,23,12,11
Макотшельник,gordunni,1056,mage,arcane,12,11,1
Медивера,gordunni,1056,mage,arcane,12,11,1
Vxvfrowstxvx,jaedenar,1053,mage,arcane,18,11,7
Roulettefar,kazzak,1038,mage,arcane,24,11,13
Mylord,bronze-dragonflight,993,mage,arcane,53,21,32
Iwannakissu,gorgonnash,992,mage,arcane,29,15,14
Дантрий,gordunni,985,mage,arcane,30,16,14
Рбгпотаскуха,gordunni,959,mage,arcane,12,10,2
Banjó,twilights-hammer,959,mage,arcane,12,10,2
Arcticfury,ravencrest,959,mage,arcane,18,10,8
Fadi,anachronos,959,mage,arcane,18,10,8
Krykz,sanguino,955,mage,arcane,24,10,14
Иссэя,borean-tundra,954,mage,arcane,37,21,16
Plor,exodar,940,mage,arcane,20,11,9
Zezt,tarren-mill,939,mage,arcane,30,10,20
Frostdeath,medivh,906,mage,arcane,24,10,14
Mannenye,stormscale,899,mage,arcane,30,11,19
Исусина,borean-tundra,877,mage,arcane,23,11,12
Вадимодесса,soulflayer,877,mage,arcane,61,28,33
Fuhry,tarren-mill,864,mage,arcane,12,9,3
Puni,emerald-dream,864,mage,arcane,12,9,3
Gnarrly,tarren-mill,863,mage,arcane,15,9,6
Bullegong,archimonde,863,mage,arcane,18,9,9
Nvpk,blackrock,863,mage,arcane,24,9,15
Azuredragon,tarren-mill,861,mage,arcane,18,9,9
Дырявка,galakrond,859,mage,arcane,24,9,15
Kobrass,spinebreaker,855,mage,arcane,30,9,21
Merlïne,les-clairvoyants,838,mage,arcane,54,22,32
Roughfked,silvermoon,835,mage,arcane,29,13,16
Diaflash,silvermoon,809,mage,arcane,30,12,18
Mageé,argent-dawn,807,mage,arcane,23,9,14
Zimbabweborc,burning-legion,768,mage,arcane,12,8,4
Яшабурстх,blackscar,768,mage,arcane,18,8,10
Даанрен,galakrond,767,mage,arcane,18,8,10
Zehnvonzehn,antonidas,767,mage,arcane,18,8,10
Sapien,sanguino,766,mage,arcane,22,9,13
Aeghis,darkspear,765,mage,arcane,18,8,10
Angélique,ragnaros,763,mage,arcane,24,8,16
Ímnotback,outland,718,mage,arcane,23,8,15
Freshforces,ragnaros,703,mage,arcane,22,8,14
Doryy,silvermoon,672,mage,arcane,12,7,5
Jengele,argent-dawn,672,mage,arcane,12,7,5
Wanrltw,ragnaros,672,mage,arcane,12,7,5
Pizwiz,kazzak,672,mage,arcane,16,8,8
Antaos,drakthul,671,mage,arcane,12,7,5
Nötmârtònxø,ragnaros,671,mage,arcane,12,7,5
Thorstäin,ragnaros,670,mage,arcane,18,7,11
Кронни,razuvious,662,mage,arcane,17,7,10
Зухвала,howling-fjord,655,mage,arcane,29,8,21
Brugg,antonidas,651,mage,arcane,18,7,11
Димаскунфу,howling-fjord,640,mage,arcane,22,7,15
Uknowhowwedu,blackrock,576,mage,arcane,6,6,0
Pyllymake,kazzak,576,mage,arcane,12,6,6
Tarovan,defias-brotherhood,575,mage,arcane,12,6,6
Карраско,soulflayer,575,mage,arcane,12,6,6
Aod,chogall,575,mage,arcane,12,6,6
Spicymash,chogall,575,mage,arcane,12,6,6
Sticlachivas,stormscale,575,mage,arcane,18,6,12
Окости,howling-fjord,574,mage,arcane,12,6,6
Sarjeta,grim-batol,572,mage,arcane,18,6,12
Сморгонец,gordunni,571,mage,arcane,12,6,6
Aletheía,stormscale,480,mage,arcane,6,5,1
Rmnzr,blackrock,480,mage,arcane,6,5,1
Tamtheone,frostwhisper,480,mage,arcane,6,5,1
Alarak,drakthul,480,mage,arcane,12,5,7
Pwntt,terenas,480,mage,arcane,12,5,7
Seraf,argent-dawn,480,mage,arcane,12,5,7
Barryscótt,stormscale,480,mage,arcane,12,5,7
Astrryy,burning-legion,480,mage,arcane,12,5,7
Magevnr,hyjal,480,mage,arcane,12,5,7
Vaerén,malganis,480,mage,arcane,12,5,7
Soulraider,tarren-mill,480,mage,arcane,12,5,7
Ледянойкекс,gordunni,480,mage,arcane,18,5,13
Mðj,kazzak,480,mage,arcane,18,5,13
Ewina,twisting-nether,479,mage,arcane,6,5,1
Winterblues,frostmourne,479,mage,arcane,12,5,7
Mortlol,chamber-of-aspects,479,mage,arcane,12,5,7
Папущенный,soulflayer,458,mage,arcane,20,7,13
Estelliên,burning-legion,432,mage,arcane,9,5,4
Yunox,stormscale,384,mage,arcane,6,4,2
Letsa,stormscale,384,mage,arcane,6,4,2
Apollohouse,ravencrest,384,mage,arcane,6,4,2
Adetin,tarren-mill,384,mage,arcane,6,4,2
Бигдикмаг,soulflayer,384,mage,arcane,6,4,2
Pyroden,stormscale,384,mage,arcane,6,4,2
Mysticbeard,argent-dawn,384,mage,arcane,6,4,2
Hexmath,tarren-mill,384,mage,arcane,6,4,2
Rizzlybear,outland,384,mage,arcane,6,4,2
Мглавечная,azuregos,384,mage,arcane,6,4,2
Mupana,nagrand,384,mage,arcane,12,4,8
Magiwan,silvermoon,384,mage,arcane,12,4,8
Zoot,ravencrest,384,mage,arcane,12,4,8
Uskomaaginen,ravencrest,384,mage,arcane,12,4,8
Cysbb,arathi,384,mage,arcane,12,4,8
Uní,emerald-dream,384,mage,arcane,12,4,8
Boogeyone,drakthul,384,mage,arcane,12,4,8
Säga,the-venture-co,384,mage,arcane,18,4,14
Mikaelà,blackmoore,383,mage,arcane,6,4,2
Némmesis,zuljin,378,mage,arcane,12,4,8
Bigshape,frostwolf,351,mage,arcane,11,4,7
Nelluc,turalyon,319,mage,arcane,8,4,4
Roxolani,defias-brotherhood,303,mage,arcane,14,4,10
Astroknight,silvermoon,288,mage,arcane,6,3,3
Gagaj,ravencrest,288,mage,arcane,6,3,3
Choise,stormscale,288,mage,arcane,6,3,3
Ovrpwrdxd,kazzak,288,mage,arcane,6,3,3
Hachiro,onyxia,288,mage,arcane,6,3,3
Onlymage,outland,288,mage,arcane,6,3,3
Dcolon,tarren-mill,288,mage,arcane,6,3,3
Råståfåri,uldum,288,mage,arcane,6,3,3
Bmbiscuit,ravencrest,288,mage,arcane,6,3,3
Deadtedd,twisting-nether,288,mage,arcane,6,3,3
Brokenlegman,defias-brotherhood,288,mage,arcane,6,3,3
Kyrn,zuljin,288,mage,arcane,6,3,3
Radiantfury,outland,288,mage,arcane,6,3,3
Khoshgele,draenor,288,mage,arcane,6,3,3
Euphorie,twisting-nether,288,mage,arcane,6,3,3
Æskalatîøn,blackmoore,288,mage,arcane,6,3,3
Auchenax,argent-dawn,288,mage,arcane,6,3,3
Aristarco,outland,288,mage,arcane,6,3,3
Serctheone,ravencrest,288,mage,arcane,9,4,5
Хблэйз,howling-fjord,288,mage,arcane,12,3,9
Kudakto,ravencrest,288,mage,arcane,12,3,9
Arcadua,sanguino,287,mage,arcane,6,3,3
Burnem,kult-der-verdammten,287,mage,arcane,6,3,3
Магборода,soulflayer,287,mage,arcane,6,3,3
Malshash,outland,287,mage,arcane,6,3,3
Neséri,blackmoore,287,mage,arcane,10,3,7
Kasus,sporeggar,286,mage,arcane,6,3,3
Sparrowixx,turalyon,254,mage,arcane,8,4,4
Naween,hyjal,239,mage,arcane,5,3,2
Kuhwar,echsenkessel,192,mage,arcane,6,2,4
Teeclis,twisting-nether,192,mage,arcane,6,2,4
Noxkin,stormscale,192,mage,arcane,6,2,4
Kjh,twisting-nether,192,mage,arcane,6,2,4
Ãshs,archimonde,192,mage,arcane,6,2,4
Drinte,blackmoore,192,mage,arcane,6,2,4
Миднаит,gordunni,192,mage,arcane,6,2,4
Галадриелька,gordunni,192,mage,arcane,6,2,4
Phyzed,archimonde,192,mage,arcane,6,2,4
Леракобольд,gordunni,192,mage,arcane,6,2,4
Azoru,twisting-nether,192,mage,arcane,6,2,4
Superduck,ragnaros,192,mage,arcane,6,2,4
Зерагуд,eversong,192,mage,arcane,6,2,4
Rommelo,ravencrest,192,mage,arcane,6,2,4
Линклер,fordragon,192,mage,arcane,6,2,4
Kold,stormscale,192,mage,arcane,6,2,4
Arimila,sylvanas,192,mage,arcane,6,2,4
Ryûblast,archimonde,192,mage,arcane,6,2,4
Imbatto,quelthalas,192,mage,arcane,6,2,4
Shockólot,outland,192,mage,arcane,6,2,4
Shiranize,aegwynn,192,mage,arcane,6,2,4
Nerzzhul,burning-legion,192,mage,arcane,6,2,4
Naomypayton,tarren-mill,192,mage,arcane,6,2,4
Schøkø,eredar,192,mage,arcane,6,2,4
Versachi,neptulon,192,mage,arcane,6,2,4
Sheeptowin,thrall,192,mage,arcane,6,2,4
Baravar,blackrock,192,mage,arcane,6,2,4
Kbd,outland,192,mage,arcane,6,2,4
Æones,kult-der-verdammten,192,mage,arcane,12,2,10
Smlx,outland,192,mage,arcane,12,2,10
Magse,kirin-tor,191,mage,arcane,6,2,4
Icx,tarren-mill,191,mage,arcane,6,2,4
Veveroiu,defias-brotherhood,191,mage,arcane,6,2,4
Roslinda,outland,191,mage,arcane,6,2,4
Anderl,kirin-tor,191,mage,arcane,12,2,10
Jamzymage,emerald-dream,96,mage,arcane,3,2,1
Moosemæn,stormscale,96,mage,arcane,6,1,5
Nohbrain,blackmoore,96,mage,arcane,6,1,5
Azakadabra,ysondre,96,mage,arcane,6,1,5
Старкскрим,gordunni,96,mage,arcane,6,1,5
Thelastmage,outland,96,mage,arcane,6,1,5
Yungbambix,twisting-nether,96,mage,arcane,6,1,5
Sorrow,outland,96,mage,arcane,6,1,5
Мерац,howling-fjord,96,mage,arcane,6,1,5
Zerøsílgødx,antonidas,96,mage,arcane,6,1,5
Animaze,argent-dawn,96,mage,arcane,6,1,5
Døomey,ravencrest,96,mage,arcane,6,1,5
Hólmess,silvermoon,96,mage,arcane,6,1,5
Souldemon,burning-legion,96,mage,arcane,6,1,5
Sidildur,ravencrest,96,mage,arcane,6,1,5
Buttet,blackmoore,96,mage,arcane,12,1,11
Magicpowers,silvermoon,96,mage,arcane,12,1,11
Манднесс,azuregos,79,mage,arcane,11,1,10
Slôw,kazzak,2085,mage,fire,53,35,18
Gelußaßa,ravencrest,2076,mage,fire,77,42,35
Twizzkek,silvermoon,2066,mage,fire,106,53,53
Håtsu,ravencrest,2060,mage,fire,78,39,39
Ráìkù,ravencrest,2021,mage,fire,60,32,28
Диссоциация,greymane,1976,mage,fire,65,39,26
Реордиан,gordunni,1975,mage,fire,86,38,48
Рофкастер,gordunni,1929,mage,fire,113,53,60
Tommy,laughing-skull,1928,mage,fire,60,34,26
Rizzlybear,outland,1918,mage,fire,75,35,40
Laynerz,kazzak,1917,mage,fire,27,21,6
Milkenjoyer,ravencrest,1906,mage,fire,47,30,17
Mssilvy,sylvanas,1901,mage,fire,216,118,98
Шипми,gordunni,1893,mage,fire,90,46,44
Hatsu,kazzak,1884,mage,fire,60,32,28
Ygø,hyjal,1884,mage,fire,150,75,75
Uknowhowwedu,aegwynn,1879,mage,fire,36,20,16
Altraftw,archimonde,1871,mage,fire,77,52,25
Яшабурстх,blackscar,1870,mage,fire,107,53,54
Smlx,outland,1860,mage,fire,60,35,25
Hey,khazgoroth,1857,mage,fire,54,35,19
Uniquenoodle,alakir,1857,mage,fire,72,34,38
Frøstqt,ravencrest,1851,mage,fire,65,30,35
Cörnflekz,stormscale,1850,mage,fire,44,28,16
Dardie,ravencrest,1849,mage,fire,48,30,18
Hazewrld,ravencrest,1848,mage,fire,132,62,70
Lotharie,aegwynn,1847,mage,fire,36,23,13
Spelltastíc,blackmoore,1844,mage,fire,54,34,20
Isenhour,frostmane,1843,mage,fire,168,86,82
Dazz,ravencrest,1841,mage,fire,60,30,30
Libre,stormscale,1837,mage,fire,118,70,48
Wàneís,ravencrest,1831,mage,fire,40,25,15
Archíques,kazzak,1831,mage,fire,46,24,22
Zzpf,silvermoon,1831,mage,fire,72,37,35
Wizzárd,ravencrest,1830,mage,fire,42,23,19
Твейзи,blackscar,1823,mage,fire,40,24,16
Evohz,stormscale,1822,mage,fire,66,33,33
Nøw,kazzak,1816,mage,fire,48,29,19
Elmaestró,aegwynn,1815,mage,fire,48,30,18
Bigkent,stormscale,1814,mage,fire,62,27,35
Jíncks,draenor,1812,mage,fire,30,19,11
Nihilvm,dalaran,1812,mage,fire,46,26,20
Jirt,stormscale,1809,mage,fire,59,35,24
Cienaños,outland,1807,mage,fire,102,59,43
Divey,draenor,1805,mage,fire,304,166,138
Urkela,sylvanas,1804,mage,fire,72,40,32
Medivqt,ragnaros,1792,mage,fire,42,33,9
Djflashz,archimonde,1779,mage,fire,46,24,22
Nøw,ravencrest,1779,mage,fire,69,35,34
Reyown,archimonde,1777,mage,fire,54,40,14
Ókamí,ravencrest,1776,mage,fire,115,59,56
Ширм,blackscar,1774,mage,fire,42,22,20
Dxdxdxdxdx,drakthul,1772,mage,fire,54,32,22
Ðevlqt,blackmoore,1771,mage,fire,48,30,18
Thegoodoctor,kazzak,1762,mage,fire,138,67,71
Hólmess,silvermoon,1761,mage,fire,96,46,50
Choll,stormscale,1760,mage,fire,54,29,25
Sanjoop,tarren-mill,1756,mage,fire,48,25,23
Dizzy,ahnqiraj,1751,mage,fire,78,35,43
Frozentwink,kul-tiras,1749,mage,fire,58,29,29
Naps,argent-dawn,1742,mage,fire,92,57,35
Гекомория,fordragon,1736,mage,fire,65,26,39
Достижений,soulflayer,1733,mage,fire,66,30,36
Excuséme,ravencrest,1732,mage,fire,35,20,15
Asterixus,sylvanas,1728,mage,fire,72,44,28
Cesi,silvermoon,1728,mage,fire,60,26,34
Siérra,outland,1708,mage,fire,119,70,49
Rekzaop,ravencrest,1700,mage,fire,28,19,9
Czd,outland,1695,mage,fire,71,29,42
Underscore,outland,1689,mage,fire,47,26,21
Fuego,sylvanas,1689,mage,fire,79,43,36
Auchenax,argent-dawn,1686,mage,fire,40,25,15
Jumpfanqt,stormscale,1685,mage,fire,30,23,7
Авгурей,howling-fjord,1681,mage,fire,124,60,64
Aryasa,silvermoon,1676,mage,fire,30,18,12
Spelltastìc,blackmoore,1675,mage,fire,36,18,18
Аквамэрис,gordunni,1658,mage,fire,36,21,15
Skylezy,blackrock,1654,mage,fire,35,18,17
Magethings,kazzak,1649,mage,fire,72,40,32
Tiáno,drakthul,1649,mage,fire,54,22,32
Isildurone,ragnaros,1648,mage,fire,44,24,20
Файрус,soulflayer,1647,mage,fire,36,18,18
Itrius,tarren-mill,1647,mage,fire,54,26,28
Quentin,grim-batol,1646,mage,fire,62,33,29
Elldiamage,draenor,1639,mage,fire,41,23,18
Petar,tarren-mill,1638,mage,fire,97,52,45
Magenerfed,archimonde,1637,mage,fire,42,21,21
Magão,frostmane,1636,mage,fire,36,20,16
Nùts,archimonde,1636,mage,fire,42,20,22
Прауз,soulflayer,1633,mage,fire,39,20,19
Witak,ysondre,1632,mage,fire,72,37,35
Dantiqa,ravencrest,1632,mage,fire,244,125,119
Mikefires,blackrock,1630,mage,fire,32,21,11
Fuhrem,blackrock,1630,mage,fire,36,23,13
Ayken,burning-legion,1628,mage,fire,42,26,16
Råståfåri,uldum,1627,mage,fire,87,47,40
Ênizt,archimonde,1626,mage,fire,52,31,21
Roxxis,kazzak,1625,mage,fire,30,17,13
Radiantfury,outland,1623,mage,fire,82,38,44
Skrex,blackrock,1621,mage,fire,168,91,77
Evovar,silvermoon,1621,mage,fire,40,18,22
Macheat,kazzak,1619,mage,fire,48,25,23
Lilblinks,silvermoon,1616,mage,fire,126,67,59
Hooksclay,archimonde,1614,mage,fire,42,22,20
Síckmode,khadgar,1612,mage,fire,24,17,7
Enandia,darksorrow,1608,mage,fire,92,48,44
Insaneex,aegwynn,1607,mage,fire,36,20,16
Obbjob,ravencrest,1607,mage,fire,108,54,54
Sheepmeepbip,ravencrest,1604,mage,fire,87,37,50
Whats,korgall,1602,mage,fire,112,61,51
Айслэнц,howling-fjord,1602,mage,fire,42,21,21
Doonii,ragnaros,1596,mage,fire,47,20,27
Âcryz,blackrock,1594,mage,fire,36,17,19
Consquens,aszune,1591,mage,fire,36,21,15
Texmexguden,tarren-mill,1583,mage,fire,54,28,26
Zíru,outland,1572,mage,fire,63,32,31
Stoychav,outland,1572,mage,fire,84,42,42
Hardtimes,blackhand,1556,mage,fire,74,38,36
Camiina,shattered-hand,1554,mage,fire,113,62,51
Babidi,nemesis,1544,mage,fire,42,23,19
Игрдлпдров,gordunni,1544,mage,fire,150,81,69
Triplesevenx,silvermoon,1544,mage,fire,144,76,68
Вовзон,howling-fjord,1540,mage,fire,35,19,16
Gagaj,ravencrest,1534,mage,fire,42,20,22
Calientay,ragnaros,1533,mage,fire,42,21,21
Anthrex,drakthul,1528,mage,fire,48,21,27
Фоулли,howling-fjord,1526,mage,fire,30,16,14
Prácticemàge,archimonde,1524,mage,fire,24,16,8
Hexmath,tarren-mill,1518,mage,fire,53,30,23
Htwhy,kazzak,1518,mage,fire,72,35,37
Hil,blackrock,1516,mage,fire,30,19,11
Glïder,archimonde,1516,mage,fire,42,20,22
Экзорсус,goldrinn,1504,mage,fire,146,73,73
Carinuz,blackmoore,1503,mage,fire,49,22,27
Terlon,ragnaros,1493,mage,fire,42,24,18
Cheerió,aggramar,1493,mage,fire,52,27,25
Firedeáth,kazzak,1489,mage,fire,46,24,22
Ghalanz,ravencrest,1482,mage,fire,107,53,54
Insanewizard,kazzak,1480,mage,fire,59,30,29
Thughunterqt,silvermoon,1470,mage,fire,153,77,76
Двинск,soulflayer,1469,mage,fire,42,16,26
Aimaniac,stormscale,1461,mage,fire,137,75,62
Aikamie,draenor,1456,mage,fire,77,40,37
Дрраго,greymane,1449,mage,fire,112,58,54
Caesarclown,silvermoon,1447,mage,fire,123,74,49
Yshax,malganis,1446,mage,fire,67,26,41
Secretagent,aegwynn,1439,mage,fire,66,37,29
Mäalaka,archimonde,1439,mage,fire,54,29,25
Shahnoza,thrall,1428,mage,fire,24,15,9
Neird,sinstralis,1428,mage,fire,72,38,34
Гнилоглазка,howling-fjord,1427,mage,fire,71,36,35
Plætinum,ravencrest,1427,mage,fire,110,55,55
Колдрагос,gordunni,1426,mage,fire,60,27,33
Fireblood,runetotem,1426,mage,fire,36,15,21
Shizzy,onyxia,1423,mage,fire,57,30,27
Chucknoir,draenor,1420,mage,fire,30,16,14
Rayniß,blackmoore,1419,mage,fire,72,34,38
Robowhoore,silvermoon,1416,mage,fire,30,16,14
Аквамелис,gordunni,1416,mage,fire,36,15,21
Lokilus,dalaran,1413,mage,fire,48,27,21
Baxeraa,draenor,1410,mage,fire,49,28,21
Symera,dun-modr,1407,mage,fire,30,15,15
Kappotjeplif,ravencrest,1404,mage,fire,114,60,54
Mieria,argent-dawn,1404,mage,fire,42,20,22
Intz,twisting-nether,1397,mage,fire,39,16,23
Apócalyptic,tarren-mill,1393,mage,fire,141,70,71
Razrkh,ragnaros,1391,mage,fire,66,34,32
Ледянойкекс,gordunni,1390,mage,fire,52,26,26
Mëgu,silvermoon,1385,mage,fire,257,133,124
Рифтиг,howling-fjord,1384,mage,fire,65,30,35
Gnomag,argent-dawn,1378,mage,fire,95,45,50
Линклер,fordragon,1374,mage,fire,24,15,9
Bloodycast,archimonde,1370,mage,fire,46,19,27
Atixx,aegwynn,1369,mage,fire,48,20,28
Vzrmage,antonidas,1366,mage,fire,126,54,72
Zensheep,silvermoon,1364,mage,fire,30,15,15
Bonto,tarren-mill,1364,mage,fire,48,23,25
Töframaður,draenor,1362,mage,fire,34,21,13
Noviina,argent-dawn,1360,mage,fire,43,24,19
Tiltedpapi,ravencrest,1348,mage,fire,47,20,27
Bclaudiu,terokkar,1347,mage,fire,44,21,23
Pisini,tarren-mill,1342,mage,fire,30,14,16
Zestrax,kazzak,1339,mage,fire,42,29,13
Feuererdnuss,blackhand,1338,mage,fire,42,24,18
Mauvé,blades-edge,1338,mage,fire,59,33,26
Нереварин,soulflayer,1338,mage,fire,27,15,12
Gaárá,stormscale,1338,mage,fire,126,54,72
Aulny,kaelthas,1338,mage,fire,52,22,30
Reqwyz,ragnaros,1337,mage,fire,32,16,16
Wenndrid,draenor,1336,mage,fire,88,47,41
Мозифорест,gordunni,1336,mage,fire,42,15,27
Mons,the-venture-co,1333,mage,fire,60,27,33
Sukalamink,alonsus,1328,mage,fire,42,22,20
Rewq,twisting-nether,1326,mage,fire,24,14,10
Magicalmig,draenor,1323,mage,fire,126,75,51
Utarii,deathwing,1323,mage,fire,24,14,10
Darríck,argent-dawn,1323,mage,fire,41,16,25
Vulcanô,sanguino,1323,mage,fire,36,14,22
Aronnax,ravencrest,1319,mage,fire,34,15,19
Goomba,tarren-mill,1319,mage,fire,49,15,34
Momomagic,silvermoon,1318,mage,fire,64,31,33
Zéngã,kazzak,1318,mage,fire,43,19,24
Stylaaz,twisting-nether,1317,mage,fire,35,18,17
Деозар,eversong,1317,mage,fire,150,71,79
Imtrynasheep,kazzak,1311,mage,fire,24,14,10
Gerdâ,chants-éternels,1305,mage,fire,71,38,33
Liendri,aegwynn,1305,mage,fire,30,14,16
Skarxaa,sanguino,1305,mage,fire,66,29,37
Fiveboyjr,tarren-mill,1302,mage,fire,54,29,25
Bobbasor,defias-brotherhood,1299,mage,fire,45,21,24
Аваон,deathguard,1289,mage,fire,136,67,69
Эстерленс,gordunni,1285,mage,fire,40,26,14
Быкуня,gordunni,1276,mage,fire,36,20,16
Magmarro,burning-legion,1276,mage,fire,83,40,43
Dóncójones,blackrock,1276,mage,fire,77,37,40
Tûttifrutti,ravencrest,1274,mage,fire,36,14,22
Cyrîll,malygos,1263,mage,fire,133,75,58
Nocturnes,sylvanas,1262,mage,fire,31,14,17
Cinoox,blackrock,1259,mage,fire,78,41,37
Varenca,blackrock,1256,mage,fire,75,35,40
Manvo,bloodscalp,1252,mage,fire,60,29,31
Wizmec,silvermoon,1248,mage,fire,102,47,55
Фрозитв,blackscar,1247,mage,fire,18,13,5
Møøk,magtheridon,1246,mage,fire,18,13,5
Lemaroxd,draenor,1246,mage,fire,27,14,13
Fingolfin,amanthul,1246,mage,fire,237,111,126
Arcticfury,ravencrest,1245,mage,fire,18,13,5
Larmp,outland,1245,mage,fire,24,13,11
Yanir,die-arguswacht,1245,mage,fire,24,13,11
Johnnydeepp,archimonde,1244,mage,fire,18,13,5
Haxyo,twisting-nether,1244,mage,fire,18,13,5
Pyrobomb,sylvanas,1242,mage,fire,24,13,11
Quiwi,dun-modr,1241,mage,fire,27,18,9
Pandathis,frostwolf,1233,mage,fire,18,13,5
Elcølgaø,sanguino,1233,mage,fire,30,13,17
Вселениум,razuvious,1232,mage,fire,63,32,31
Смилер,gordunni,1231,mage,fire,24,13,11
Tokerlol,stormscale,1231,mage,fire,27,13,14
Faunas,kazzak,1230,mage,fire,46,27,19
Elesios,blackmoore,1230,mage,fire,30,13,17
Estelliên,burning-legion,1229,mage,fire,30,13,17
Warwizz,sanguino,1226,mage,fire,24,13,11
Anshara,stormscale,1224,mage,fire,60,37,23
Pewwpewwpeww,doomhammer,1224,mage,fire,41,16,25
Ryzea,ravencrest,1223,mage,fire,53,23,30
Calegos,twisting-nether,1219,mage,fire,24,13,11
Ràyden,khaz-modan,1219,mage,fire,36,18,18
Nuvx,ravencrest,1212,mage,fire,72,39,33
Maggresive,sylvanas,1207,mage,fire,30,13,17
Romethito,dun-modr,1203,mage,fire,24,17,7
Immortanjoe,thrall,1203,mage,fire,54,24,30
Fenrirson,drakthul,1198,mage,fire,79,40,39
Wîtchcurse,dentarg,1197,mage,fire,36,15,21
Rictue,silvermoon,1195,mage,fire,31,16,15
Freeyourmind,kazzak,1194,mage,fire,44,19,25
Critr,sylvanas,1188,mage,fire,128,66,62
Dobbite,archimonde,1178,mage,fire,30,21,9
Athenå,dalaran,1176,mage,fire,48,21,27
Blitzo,madmortem,1174,mage,fire,53,29,24
Slashkiiss,archimonde,1162,mage,fire,42,22,20
Nilitar,kazzak,1152,mage,fire,24,12,12
Whócárés,dragonmaw,1151,mage,fire,18,12,6
Kaki,stormscale,1150,mage,fire,30,16,14
Azulêera,archimonde,1149,mage,fire,24,12,12
Wizarð,archimonde,1149,mage,fire,28,13,15
Emoden,silvermoon,1147,mage,fire,24,12,12
Demensida,ravencrest,1145,mage,fire,28,13,15
Büyübaba,twisting-nether,1145,mage,fire,30,12,18
Avakadaver,draenor,1143,mage,fire,24,12,12
Revanov,outland,1142,mage,fire,18,12,6
Røvso,ragnaros,1141,mage,fire,30,12,18
Themagicguy,silvermoon,1140,mage,fire,24,12,12
Skitsó,shadowsong,1139,mage,fire,48,29,19
Sylvîe,tarren-mill,1139,mage,fire,24,12,12
Eddiee,outland,1137,mage,fire,24,12,12
Fäust,drakthul,1136,mage,fire,52,16,36
Rockyballboa,silvermoon,1135,mage,fire,24,12,12
Ziscine,tarren-mill,1134,mage,fire,24,12,12
Frostytutes,ragnaros,1128,mage,fire,24,12,12
Lybazinga,frostmane,1118,mage,fire,37,16,21
Дмблдр,soulflayer,1116,mage,fire,33,14,19
Fritmckhaine,archimonde,1114,mage,fire,48,27,21
Rapidfrost,drakthul,1104,mage,fire,34,21,13
Nezousta,sinstralis,1094,mage,fire,24,12,12
Gorleg,draenor,1072,mage,fire,47,17,30
Worstlove,blackrock,1070,mage,fire,38,19,19
Newtwo,ravencrest,1070,mage,fire,25,12,13
Icx,tarren-mill,1062,mage,fire,102,54,48
Mowns,ravencrest,1056,mage,fire,24,11,13
Uknowhowwedu,blackrock,1056,mage,fire,24,11,13
Твейдей,blackscar,1056,mage,fire,24,11,13
Sleepingfate,stormscale,1055,mage,fire,18,11,7
Cornfloax,ravencrest,1055,mage,fire,18,11,7
Anisovsky,archimonde,1055,mage,fire,24,11,13
Magnobi,sanguino,1054,mage,fire,18,11,7
Laetitiah,archimonde,1042,mage,fire,26,11,15
Mikaelà,blackmoore,1040,mage,fire,18,11,7
Larah,les-clairvoyants,1038,mage,fire,18,11,7
Джеззабэль,ashenvale,1036,mage,fire,18,11,7
Dyx,nemesis,1035,mage,fire,77,36,41
Hahahehe,aegwynn,1033,mage,fire,24,11,13
Searchy,blackhand,1027,mage,fire,21,12,9
Freezeballs,blackmoore,1017,mage,fire,37,12,25
Pablø,blackrock,1014,mage,fire,31,15,16
Drunkpunk,kazzak,974,mage,fire,18,11,7
Sukmikok,twisting-nether,960,mage,fire,12,10,2
Drè,daggerspine,959,mage,fire,18,10,8
Zivac,kazzak,959,mage,fire,18,10,8
Magijoana,silvermoon,959,mage,fire,36,10,26
Akâri,silvermoon,958,mage,fire,18,10,8
Rambau,archimonde,958,mage,fire,18,10,8
Ахиригиз,gordunni,958,mage,fire,18,10,8
Mejtschazor,twisting-nether,957,mage,fire,18,10,8
Charizard,emerald-dream,956,mage,fire,15,11,4
Arandartis,kazzak,954,mage,fire,18,10,8
Jaídy,aegwynn,953,mage,fire,24,10,14
Firen,thrall,952,mage,fire,24,13,11
Çana,thrall,952,mage,fire,30,10,20
Leontus,outland,951,mage,fire,12,10,2
Зубарол,gordunni,951,mage,fire,37,17,20
Shealá,blackhand,951,mage,fire,24,10,14
Firewitch,blackhand,950,mage,fire,24,10,14
Kuríbo,gorgonnash,944,mage,fire,21,11,10
Pyro,daggerspine,937,mage,fire,48,26,22
Santoz,blackrock,931,mage,fire,70,36,34
Häddës,archimonde,925,mage,fire,24,14,10
Freezandrun,tarren-mill,918,mage,fire,47,21,26
Netherstorm,chogall,896,mage,fire,66,30,36
Nåzmyz,outland,891,mage,fire,17,10,7
Sagregas,silvermoon,866,mage,fire,83,36,47
Dyen,hyjal,864,mage,fire,12,9,3
Grumpié,ravencrest,864,mage,fire,12,9,3
Magerocks,ragnaros,864,mage,fire,12,9,3
Turbomedusa,draenor,864,mage,fire,12,9,3
Spacehoe,stormscale,864,mage,fire,18,9,9
Tagrine,kaelthas,863,mage,fire,12,9,3
Smíte,kazzak,863,mage,fire,12,9,3
Kurtcobain,draenor,863,mage,fire,12,9,3
Sakuranosuke,twisting-nether,863,mage,fire,18,9,9
Бингчилинг,howling-fjord,863,mage,fire,18,9,9
Säroumäne,archimonde,863,mage,fire,18,9,9
Steveishigh,tarren-mill,863,mage,fire,19,9,10
Weedup,zuljin,862,mage,fire,18,9,9
Rilac,nordrassil,862,mage,fire,18,9,9
Morphis,talnivarr,862,mage,fire,18,9,9
Hokuspokicus,ravencrest,862,mage,fire,24,9,15
Мерджреквест,howling-fjord,861,mage,fire,18,9,9
Silatara,twisting-nether,860,mage,fire,18,9,9
Sadrã,kazzak,860,mage,fire,24,9,15
Чоуза,gordunni,858,mage,fire,24,9,15
Løxyy,ysondre,852,mage,fire,26,11,15
Rmforever,archimonde,842,mage,fire,18,9,9
Bigbazzabean,silvermoon,840,mage,fire,36,13,23
Takayaki,terokkar,783,mage,fire,19,9,10
Sèrum,drakthul,777,mage,fire,23,10,13
Nuj,blackrock,768,mage,fire,12,8,4
Apollohouse,ravencrest,768,mage,fire,12,8,4
Hiryú,kazzak,768,mage,fire,12,8,4
Yésdávé,stormscale,768,mage,fire,12,8,4
Ввнд,galakrond,768,mage,fire,12,8,4
Mlodysimba,burning-legion,768,mage,fire,12,8,4
Ilikesheep,blackmoore,768,mage,fire,12,8,4
Fakeklepter,sylvanas,768,mage,fire,12,8,4
Matsuratkø,nemesis,768,mage,fire,12,8,4
Sölø,stormscale,768,mage,fire,12,8,4
Незерёб,soulflayer,768,mage,fire,18,8,10
Octtmiss,twisting-nether,768,mage,fire,18,8,10
Zelimeth,outland,768,mage,fire,18,8,10
Airo,drakthul,768,mage,fire,24,8,16
Zoot,ravencrest,768,mage,fire,24,8,16
Mðj,kazzak,768,mage,fire,24,8,16
Azakadabra,ysondre,767,mage,fire,12,8,4
Alyraza,chamber-of-aspects,767,mage,fire,18,8,10
Dynamica,ravencrest,767,mage,fire,18,8,10
Эммилиарда,gordunni,767,mage,fire,18,8,10
Dauwen,silvermoon,767,mage,fire,18,8,10
Pluggis,the-maelstrom,767,mage,fire,18,8,10
Алаурс,howling-fjord,767,mage,fire,18,8,10
Codeincassie,blackhand,767,mage,fire,18,8,10
Магмагистр,blackscar,767,mage,fire,24,8,16
Takiix,antonidas,766,mage,fire,12,8,4
Versachi,neptulon,766,mage,fire,18,8,10
Exitelol,blackrock,764,mage,fire,18,8,10
Estwald,arathor,763,mage,fire,18,8,10
Iamslow,sylvanas,762,mage,fire,12,8,4
Вельдрик,soulflayer,762,mage,fire,24,8,16
Majinbo,doomhammer,760,mage,fire,18,8,10
Blasic,stormscale,760,mage,fire,24,8,16
Arcadua,sanguino,758,mage,fire,12,8,4
Фиеран,grom,747,mage,fire,26,10,16
Rasputina,blackrock,744,mage,fire,35,12,23
Kalyypso,arygos,735,mage,fire,16,9,7
Magicspark,madmortem,735,mage,fire,77,35,42
Mitchmage,ravencrest,732,mage,fire,17,8,9
Tóadette,die-aldor,694,mage,fire,22,8,14
Pàntera,blackmoore,683,mage,fire,31,8,23
Pïeck,archimonde,672,mage,fire,12,7,5
Equálity,blackrock,672,mage,fire,12,7,5
Iconic,eredar,672,mage,fire,12,7,5
Мосгормаг,gordunni,672,mage,fire,12,7,5
Oseri,defias-brotherhood,672,mage,fire,12,7,5
Wheí,ravencrest,672,mage,fire,12,7,5
Анзот,howling-fjord,672,mage,fire,18,7,11
Anaxtra,guldan,672,mage,fire,18,7,11
Mangiafuoco,nemesis,672,mage,fire,18,7,11
Zaci,argent-dawn,671,mage,fire,12,7,5
Arcann,ravencrest,671,mage,fire,12,7,5
Wizkidcutt,tarren-mill,671,mage,fire,12,7,5
Spellfaker,drakthul,671,mage,fire,12,7,5
Barspin,lightnings-blade,671,mage,fire,12,7,5
Azîlko,frostwolf,671,mage,fire,12,7,5
Magicuze,argent-dawn,671,mage,fire,18,7,11
Camelshaver,tarren-mill,671,mage,fire,18,7,11
Ustafrr,argent-dawn,670,mage,fire,13,7,6
Mirobol,hyjal,670,mage,fire,18,7,11
Жгумпель,howling-fjord,670,mage,fire,24,7,17
Magikere,tarren-mill,639,mage,fire,17,7,10
Vulcanx,stormscale,638,mage,fire,17,7,10
Bezelgeuse,pozzo-delleternità,623,mage,fire,17,7,10
Chrismage,argent-dawn,606,mage,fire,20,7,13
Luxxurious,xavius,576,mage,fire,6,6,0
Apcg,sylvanas,576,mage,fire,6,6,0
Randommagexd,ravencrest,576,mage,fire,6,6,0
Zimbabweborc,burning-legion,576,mage,fire,12,6,6
Serctheone,ravencrest,576,mage,fire,12,6,6
Feath,ravencrest,576,mage,fire,12,6,6
Qwibbly,kazzak,576,mage,fire,12,6,6
Macey,ravencrest,576,mage,fire,12,6,6
Titarie,ravencrest,576,mage,fire,12,6,6
Витуз,gordunni,576,mage,fire,12,6,6
Rhodghar,ravencrest,576,mage,fire,12,6,6
Canceled,kazzak,576,mage,fire,12,6,6
Pradapimp,ravencrest,576,mage,fire,12,6,6
Nihilum,dalaran,576,mage,fire,12,6,6
Skylez,blackrock,576,mage,fire,12,6,6
Wormhole,kazzak,576,mage,fire,18,6,12
Relik,sylvanas,576,mage,fire,18,6,12
Тудысюдым,eversong,575,mage,fire,12,6,6
Akhali,chamber-of-aspects,575,mage,fire,12,6,6
Arhi,silvermoon,575,mage,fire,12,6,6
Saturator,burning-legion,575,mage,fire,18,6,12
Zuckerzimt,ravencrest,575,mage,fire,18,6,12
Lupuus,anubarak,575,mage,fire,24,6,18
Explosìve,arthas,574,mage,fire,12,6,6
Durdi,silvermoon,574,mage,fire,12,6,6
Shâykó,sylvanas,573,mage,fire,12,6,6
Melimar,khaz-modan,572,mage,fire,12,6,6
Поймайбелку,booty-bay,572,mage,fire,12,6,6
Hidrax,outland,543,mage,fire,16,6,10
Nâmiz,blackrock,528,mage,fire,9,6,3
Zeklo,frostmane,521,mage,fire,20,7,13
Jél,stormscale,480,mage,fire,6,5,1
Феновар,goldrinn,480,mage,fire,6,5,1
Dcolon,tarren-mill,480,mage,fire,6,5,1
Yoku,nethersturm,480,mage,fire,6,5,1
Bzzr,tarren-mill,480,mage,fire,6,5,1
Schøkø,eredar,480,mage,fire,12,5,7
Moleester,twisting-nether,480,mage,fire,12,5,7
Brokenlegman,defias-brotherhood,480,mage,fire,12,5,7
Wenant,ravencrest,480,mage,fire,12,5,7
Arcandor,tarren-mill,480,mage,fire,12,5,7
Magechonk,kazzak,480,mage,fire,12,5,7
Røysi,ravencrest,480,mage,fire,12,5,7
Cleancc,blackhand,480,mage,fire,12,5,7
Runbabyrun,hyjal,480,mage,fire,12,5,7
Teeclis,twisting-nether,480,mage,fire,12,5,7
Gadeplan,sylvanas,480,mage,fire,12,5,7
Sheepwithmeh,blackrock,480,mage,fire,12,5,7
Проблембойх,gordunni,480,mage,fire,12,5,7
Интровертка,blackscar,480,mage,fire,16,6,10
Backped,kazzak,480,mage,fire,18,5,13
Айсбоунт,eversong,480,mage,fire,18,5,13
Валбериса,deepholm,479,mage,fire,6,5,1
Асидочка,soulflayer,479,mage,fire,12,5,7
Spispi,burning-legion,479,mage,fire,15,6,9
Нетлель,soulflayer,479,mage,fire,18,5,13
Nohbrain,blackmoore,479,mage,fire,18,5,13
Iceorb,azshara,479,mage,fire,24,5,19
Spader,argent-dawn,478,mage,fire,12,5,7
Комонщик,howling-fjord,478,mage,fire,18,5,13
Illiaria,antonidas,478,mage,fire,18,5,13
Exorifrigo,dun-modr,477,mage,fire,22,5,17
Eldiablo,dun-modr,476,mage,fire,12,5,7
Хээйлии,goldrinn,476,mage,fire,12,5,7
Draenaya,forscherliga,473,mage,fire,21,6,15
Nabucor,culte-de-la-rive-noire,468,mage,fire,19,6,13
Mínêrvâ,blackrock,431,mage,fire,11,5,6
Buuszek,outland,430,mage,fire,11,5,6
Darkoftw,ysondre,400,mage,fire,13,5,8
Нефростмаг,gordunni,384,mage,fire,6,4,2
Gennésïs,darksorrow,384,mage,fire,6,4,2
Feuern,antonidas,384,mage,fire,6,4,2
Praison,defias-brotherhood,384,mage,fire,6,4,2
Гандолъер,soulflayer,384,mage,fire,6,4,2
Нехай,ashenvale,384,mage,fire,6,4,2
Blinker,frostwhisper,384,mage,fire,6,4,2
Фюртэ,howling-fjord,384,mage,fire,6,4,2
Zyreanx,blackrock,384,mage,fire,6,4,2
Pavlé,draenor,384,mage,fire,6,4,2
Farmassist,stormscale,384,mage,fire,6,4,2
Файрусх,deathguard,384,mage,fire,6,4,2
Waterhagx,tarren-mill,384,mage,fire,6,4,2
Rotøk,burning-legion,384,mage,fire,6,4,2
Kkohp,ravencrest,384,mage,fire,6,4,2
Cardioexpert,ravencrest,384,mage,fire,6,4,2
Dibzz,sanguino,384,mage,fire,6,4,2
Шуткам,gordunni,384,mage,fire,6,4,2
Mnday,ravencrest,384,mage,fire,6,4,2
Kitchimage,ravencrest,384,mage,fire,6,4,2
Botbotamba,hyjal,384,mage,fire,6,4,2
Naween,hyjal,384,mage,fire,6,4,2
Ovrpwrdxd,kazzak,384,mage,fire,6,4,2
Saryotheone,silvermoon,384,mage,fire,6,4,2
Drewna,silvermoon,384,mage,fire,6,4,2
Doryy,silvermoon,384,mage,fire,6,4,2
Gidsor,silvermoon,384,mage,fire,6,4,2
Бабайбайкала,gordunni,384,mage,fire,12,4,8
Викликс,borean-tundra,384,mage,fire,12,4,8
Раканчик,gordunni,384,mage,fire,12,4,8
Деорро,gordunni,384,mage,fire,12,4,8
Kazeen,silvermoon,384,mage,fire,12,4,8
Гелиадо,soulflayer,384,mage,fire,12,4,8
Genviedgiclé,arathi,384,mage,fire,12,4,8
Rooven,aegwynn,384,mage,fire,12,4,8
Popbg,outland,384,mage,fire,12,4,8
Aarcheon,kazzak,384,mage,fire,12,4,8
Lusionator,defias-brotherhood,384,mage,fire,18,4,14
Birdlort,draenor,383,mage,fire,6,4,2
Texhex,ahnqiraj,383,mage,fire,12,4,8
Мэджиксул,grom,383,mage,fire,12,4,8
Ildrøv,stormscale,383,mage,fire,12,4,8
Lusifera,outland,336,mage,fire,9,4,5
Niivel,ysondre,336,mage,fire,15,4,11
Мэдраша,gordunni,335,mage,fire,17,4,13
Tigerblod,tarren-mill,330,mage,fire,10,5,5
Shinigamí,blackrock,288,mage,fire,6,3,3
Даатхедра,booty-bay,288,mage,fire,6,3,3
Maveya,blackmoore,288,mage,fire,6,3,3
Росвенд,gordunni,288,mage,fire,6,3,3
Мэджу,gordunni,288,mage,fire,6,3,3
Trowbe,blackmoore,288,mage,fire,6,3,3
Макотшельник,gordunni,288,mage,fire,6,3,3
Wankel,blackmoore,288,mage,fire,6,3,3
Salvadordalí,ravencrest,288,mage,fire,6,3,3
Netrinkuet,outland,288,mage,fire,6,3,3
Shermî,blackrock,288,mage,fire,6,3,3
Сизаам,howling-fjord,288,mage,fire,6,3,3
Akrapovic,drakthul,288,mage,fire,6,3,3
Funkyfriday,twisting-nether,288,mage,fire,6,3,3
Narexa,silvermoon,288,mage,fire,6,3,3
Frøstdream,dun-modr,288,mage,fire,6,3,3
Driana,dragonmaw,288,mage,fire,6,3,3
Fuchso,area-52,288,mage,fire,6,3,3
Balderk,sanguino,288,mage,fire,6,3,3
Nàtcho,tichondrius,288,mage,fire,6,3,3
Modrone,ragnaros,288,mage,fire,6,3,3
Namemage,stormscale,288,mage,fire,6,3,3
Ørka,stormscale,288,mage,fire,6,3,3
Bebenm,archimonde,288,mage,fire,6,3,3
Xhal,hyjal,288,mage,fire,6,3,3
Noxkin,stormscale,288,mage,fire,6,3,3
Marøjuniõr,draenor,288,mage,fire,6,3,3
Sonybonanza,kazzak,288,mage,fire,6,3,3
Michellee,ravencrest,288,mage,fire,6,3,3
Coachrmp,ravencrest,288,mage,fire,6,3,3
Botstyle,ravencrest,288,mage,fire,6,3,3
Ãzi,ravencrest,288,mage,fire,6,3,3
Adetin,tarren-mill,288,mage,fire,6,3,3
Capphaow,ravencrest,288,mage,fire,6,3,3
Uwutehe,ravencrest,288,mage,fire,6,3,3
Máximus,ravencrest,288,mage,fire,6,3,3
Alterwhite,archimonde,288,mage,fire,6,3,3
Melíssa,silvermoon,288,mage,fire,6,3,3
Fleurdelacur,ravencrest,288,mage,fire,6,3,3
Êgôn,perenolde,288,mage,fire,6,3,3
Дантрий,gordunni,288,mage,fire,6,3,3
Lëyra,ysondre,288,mage,fire,6,3,3
Mága,grim-batol,288,mage,fire,6,3,3
Meign,eredar,288,mage,fire,6,3,3
Zøe,aggra-português,288,mage,fire,6,3,3
Хблэйз,howling-fjord,288,mage,fire,9,4,5
Sokardes,the-maelstrom,288,mage,fire,10,4,6
Колтрэйн,blackscar,288,mage,fire,9,3,6
Kyrn,zuljin,288,mage,fire,10,3,7
Tsubas,blackmoore,288,mage,fire,12,3,9
Frökenfrost,stormscale,288,mage,fire,12,3,9
Oblív,ravencrest,288,mage,fire,12,3,9
Milton,dunemaul,288,mage,fire,12,3,9
Овеча,gordunni,288,mage,fire,12,3,9
Waan,sylvanas,288,mage,fire,12,3,9
Aylan,kazzak,288,mage,fire,12,3,9
Beardmorph,auchindoun,288,mage,fire,12,3,9
Saivedija,blackmoore,288,mage,fire,12,3,9
Rasaku,argent-dawn,288,mage,fire,12,3,9
Trenpapi,twisting-nether,288,mage,fire,12,3,9
Труупоед,borean-tundra,287,mage,fire,6,3,3
Ceanna,argent-dawn,287,mage,fire,12,3,9
Smî,aegwynn,286,mage,fire,6,3,3
Regenn,kazzak,286,mage,fire,6,3,3
Венлич,gordunni,271,mage,fire,9,4,5
Mimicassa,defias-brotherhood,234,mage,fire,10,5,5
Сморгонец,gordunni,222,mage,fire,8,3,5
Worstwòrld,draenor,208,mage,fire,7,3,4
Dnt,twilights-hammer,192,mage,fire,6,2,4
Lìx,ravencrest,192,mage,fire,6,2,4
Zazatorica,tarren-mill,192,mage,fire,6,2,4
Letitsnow,ravencrest,192,mage,fire,6,2,4
Xatures,tarren-mill,192,mage,fire,6,2,4
Kilféfroid,ysondre,192,mage,fire,6,2,4
Shifteurprõ,hyjal,192,mage,fire,6,2,4
Abêj,malygos,192,mage,fire,6,2,4
Sickßlink,outland,192,mage,fire,6,2,4
Hopewell,aszune,192,mage,fire,6,2,4
Watchmeclic,archimonde,192,mage,fire,6,2,4
Malshash,outland,192,mage,fire,6,2,4
Дэката,grom,192,mage,fire,6,2,4
Magenox,blackrock,192,mage,fire,6,2,4
Калихор,gordunni,192,mage,fire,6,2,4
Covran,stormscale,192,mage,fire,6,2,4
Gregoss,elune,192,mage,fire,6,2,4
Quínt,blackhand,192,mage,fire,6,2,4
Alarak,drakthul,192,mage,fire,6,2,4
Lisanalgaib,kilrogg,192,mage,fire,6,2,4
Milminmage,ravencrest,192,mage,fire,6,2,4
Vantimere,twisting-nether,192,mage,fire,6,2,4
Ôbsury,hyjal,192,mage,fire,6,2,4
Solitaria,tarren-mill,192,mage,fire,6,2,4
Roberx,sanguino,192,mage,fire,6,2,4
Puracz,defias-brotherhood,192,mage,fire,6,2,4
Atzin,sanguino,192,mage,fire,6,2,4
Zerobelow,silvermoon,192,mage,fire,6,2,4
Jokiss,draenor,192,mage,fire,6,2,4
Димаскунфу,howling-fjord,192,mage,fire,6,2,4
Transformo,draenor,192,mage,fire,6,2,4
Szarbán,ragnaros,192,mage,fire,6,2,4
Ikefire,draenor,192,mage,fire,6,2,4
Elynaé,draenor,192,mage,fire,6,2,4
Eksl,draenor,192,mage,fire,6,2,4
Nötmârtònxø,ragnaros,192,mage,fire,12,2,10
Mesvef,archimonde,192,mage,fire,12,2,10
Çatàclysmík,kazzak,192,mage,fire,12,2,10
Firelight,argent-dawn,192,mage,fire,12,2,10
Symbiano,twisting-nether,192,mage,fire,12,2,10
Kyani,mannoroth,192,mage,fire,12,2,10
Laviathan,die-aldor,191,mage,fire,6,2,4
Veveroiu,defias-brotherhood,191,mage,fire,6,2,4
Shockólot,outland,159,mage,fire,5,2,3
Wëylin,chogall,128,mage,fire,4,2,2
Burstology,kazzak,128,mage,fire,4,2,2
Ice,sargeras,96,mage,fire,3,2,1
Zakardo,kazzak,96,mage,fire,6,1,5
Maybeblood,kazzak,96,mage,fire,6,1,5
Tsungy,twisting-nether,96,mage,fire,6,1,5
Infamage,draenor,96,mage,fire,6,1,5
Bekkmzi,drakthul,96,mage,fire,6,1,5
Radagulf,outland,96,mage,fire,6,1,5
Satheril,argent-dawn,96,mage,fire,6,1,5
Zalfax,sinstralis,96,mage,fire,6,1,5
Kjh,twisting-nether,96,mage,fire,6,1,5
Фантомланс,howling-fjord,96,mage,fire,6,1,5
Unhedged,eredar,96,mage,fire,6,1,5
Alaster,culte-de-la-rive-noire,96,mage,fire,6,1,5
Halbattar,garona,96,mage,fire,6,1,5
Mexxî,thrall,96,mage,fire,6,1,5
Tarryxa,kazzak,96,mage,fire,6,1,5
Ckrax,sanguino,96,mage,fire,6,1,5
Slashlife,wrathbringer,96,mage,fire,6,1,5
Mogettemagic,ysondre,96,mage,fire,6,1,5
Roey,defias-brotherhood,96,mage,fire,6,1,5
Polÿmorph,stormscale,96,mage,fire,6,1,5
Пламяорды,soulflayer,96,mage,fire,6,1,5
Wwjd,darksorrow,96,mage,fire,6,1,5
Миднаит,gordunni,96,mage,fire,6,1,5
Dingin,bronze-dragonflight,96,mage,fire,6,1,5
Дизордерх,gordunni,96,mage,fire,6,1,5
Одз,grom,96,mage,fire,6,1,5
Nodnarb,dragonblight,96,mage,fire,6,1,5
Símple,sylvanas,96,mage,fire,6,1,5
Akadran,blackmoore,96,mage,fire,6,1,5
Варриморыч,soulflayer,96,mage,fire,6,1,5
Phenoxi,sylvanas,96,mage,fire,6,1,5
Megancox,blackmoore,96,mage,fire,6,1,5
Мизерун,deathguard,96,mage,fire,13,2,11
Plexyoo,thrall,96,mage,fire,12,1,11
Kenny,nerzhul,96,mage,fire,12,1,11
Mallphass,dalaran,96,mage,fire,12,1,11
Shâdozy,blackmoore,89,mage,fire,6,3,3
Incenia,ravencrest,79,mage,fire,5,1,4
Hecht,burning-legion,64,mage,fire,4,1,3
Preí,archimonde,42,mage,fire,12,3,9
Озобочений,greymane,31,mage,fire,2,1,1
Ðøæø,twisting-nether,16,mage,fire,1,1,0
Partypower,twisting-nether,2251,mage,frost,171,89,82
Chikounet,archimonde,2188,mage,frost,150,78,72
Tommy,laughing-skull,2144,mage,frost,88,45,43
Ðeejkñ,archimonde,2139,mage,frost,72,45,27
Avizura,kazzak,2134,mage,frost,60,35,25
Dastion,ravencrest,2105,mage,frost,91,45,46
Макотшельник,gordunni,2091,mage,frost,85,54,31
Søz,agamaggan,2089,mage,frost,119,60,59
Медивера,gordunni,2076,mage,frost,95,50,45
Laynerz,kazzak,2065,mage,frost,61,34,27
Fakér,ravencrest,2058,mage,frost,184,88,96
Watchmeclic,archimonde,2053,mage,frost,96,46,50
Sóz,ravencrest,2033,mage,frost,109,51,58
Oseri,defias-brotherhood,2028,mage,frost,143,72,71
Serctheone,ravencrest,2019,mage,frost,179,88,91
Naynn,archimonde,1997,mage,frost,70,39,31
Барсуктри,deathguard,1984,mage,frost,60,30,30
Kalamaras,quelthalas,1982,mage,frost,56,29,27
Evovar,silvermoon,1981,mage,frost,119,59,60
Oscarwizyo,ravencrest,1968,mage,frost,77,36,41
Øscarwizyo,ravencrest,1962,mage,frost,60,30,30
Gavno,ravencrest,1955,mage,frost,54,26,28
Efes,dun-modr,1934,mage,frost,58,32,26
Setyouoncs,ravencrest,1927,mage,frost,84,42,42
Sukmikok,twisting-nether,1911,mage,frost,190,94,96
Nilitar,kazzak,1910,mage,frost,60,24,36
Watchmeclick,archimonde,1909,mage,frost,36,20,16
Akyrâz,blackrock,1886,mage,frost,70,31,39
Mgtowforlife,ravencrest,1885,mage,frost,104,57,47
Santriss,defias-brotherhood,1883,mage,frost,72,36,36
Cleophe,burning-legion,1879,mage,frost,63,36,27
Abovè,outland,1877,mage,frost,48,20,28
Kurtkiels,draenor,1872,mage,frost,60,29,31
Auchenax,argent-dawn,1871,mage,frost,155,79,76
Ввнд,galakrond,1869,mage,frost,60,27,33
Voerk,twisting-nether,1866,mage,frost,70,36,34
Onnÿy,dun-modr,1866,mage,frost,68,34,34
Praison,defias-brotherhood,1863,mage,frost,54,32,22
Emoden,silvermoon,1861,mage,frost,255,135,120
Henqo,burning-legion,1856,mage,frost,64,30,34
Shíróyama,ravencrest,1849,mage,frost,132,77,55
Arkhaen,archimonde,1848,mage,frost,59,30,29
Whïm,ysondre,1848,mage,frost,77,34,43
Незерёб,soulflayer,1845,mage,frost,78,38,40
Drfeeldgoodd,mazrigos,1843,mage,frost,84,38,46
Aìnz,hyjal,1837,mage,frost,60,27,33
Chazs,kazzak,1836,mage,frost,60,32,28
Gossipgirlz,outland,1836,mage,frost,238,121,117
Exone,sylvanas,1828,mage,frost,66,32,34
Bebenm,archimonde,1827,mage,frost,36,24,12
Rosady,ragnaros,1826,mage,frost,101,51,50
Lyndsey,dalaran,1826,mage,frost,65,31,34
Laurents,silvermoon,1825,mage,frost,128,86,42
Èverix,ravencrest,1823,mage,frost,106,47,59
Goneforever,draenor,1820,mage,frost,42,27,15
Мэдвэйз,gordunni,1819,mage,frost,48,31,17
Crylz,kazzak,1813,mage,frost,59,28,31
Djdankzter,outland,1812,mage,frost,42,19,23
Máximus,ravencrest,1809,mage,frost,53,27,26
Zhodusqt,ragnaros,1808,mage,frost,48,24,24
Reflexz,thrall,1805,mage,frost,42,25,17
Xmoo,blackrock,1805,mage,frost,48,24,24
Novaco,ravencrest,1805,mage,frost,59,29,30
Baconlance,stormscale,1803,mage,frost,42,23,19
Tellysia,blackmoore,1802,mage,frost,47,26,21
Símple,sylvanas,1802,mage,frost,60,27,33
Kiirin,drakthul,1801,mage,frost,57,34,23
Lidely,kazzak,1800,mage,frost,30,19,11
Zøe,aggra-português,1800,mage,frost,54,34,20
Whócárés,dragonmaw,1798,mage,frost,45,32,13
Stickiburn,malganis,1797,mage,frost,69,33,36
Knometsj,ravencrest,1796,mage,frost,48,26,22
Løwskìll,outland,1795,mage,frost,95,53,42
Einsmagus,blackrock,1793,mage,frost,60,31,29
Rekzaop,ravencrest,1778,mage,frost,108,48,60
Bombswag,bloodhoof,1776,mage,frost,65,33,32
Polÿmorph,stormscale,1774,mage,frost,59,30,29
Medara,darkspear,1768,mage,frost,72,38,34
Darkoftw,ysondre,1768,mage,frost,71,33,38
Ovrpwrdxd,kazzak,1763,mage,frost,24,20,4
Wmp,ravencrest,1763,mage,frost,42,23,19
Sorrow,outland,1762,mage,frost,84,39,45
Shakéx,outland,1758,mage,frost,51,26,25
Sâkuya,blackrock,1756,mage,frost,122,60,62
Sunehx,blackrock,1753,mage,frost,54,30,24
Колинас,soulflayer,1748,mage,frost,101,50,51
Nightfee,eredar,1745,mage,frost,42,21,21
Mlodysimba,burning-legion,1743,mage,frost,52,28,24
Raíner,eredar,1735,mage,frost,72,42,30
Jirø,cthun,1733,mage,frost,88,44,44
Soloqtarget,archimonde,1730,mage,frost,110,55,55
Nozarashí,hyjal,1726,mage,frost,76,38,38
Neymar,aszune,1725,mage,frost,35,24,11
Blackfirez,ravencrest,1725,mage,frost,30,18,12
Silverlining,ravencrest,1722,mage,frost,133,66,67
Sylbris,outland,1722,mage,frost,131,62,69
Mexxî,thrall,1719,mage,frost,72,37,35
Tánu,quelthalas,1717,mage,frost,66,32,34
Äntigood,outland,1716,mage,frost,89,48,41
Anaxtra,guldan,1714,mage,frost,81,41,40
Lorothar,blackhand,1712,mage,frost,60,24,36
Rambau,archimonde,1711,mage,frost,180,88,92
Tagrine,kaelthas,1709,mage,frost,84,42,42
Shalien,tarren-mill,1704,mage,frost,65,35,30
Tfmchamp,ravencrest,1698,mage,frost,33,22,11
Ishimura,eredar,1697,mage,frost,54,31,23
Леракобольд,gordunni,1695,mage,frost,41,20,21
Slobbery,aggramar,1694,mage,frost,54,29,25
Мэтаскрим,soulflayer,1694,mage,frost,60,23,37
Axhole,darksorrow,1693,mage,frost,42,20,22
Jaimey,blackhand,1690,mage,frost,161,75,86
Ãshs,archimonde,1690,mage,frost,48,20,28
Frostgodxqt,ravencrest,1689,mage,frost,105,58,47
Alearis,die-aldor,1688,mage,frost,60,32,28
Pryt,ragnaros,1686,mage,frost,113,61,52
Алаурс,howling-fjord,1686,mage,frost,42,22,20
Ironhood,nemesis,1685,mage,frost,36,21,15
Swizzy,arathor,1685,mage,frost,64,35,29
Jenggot,ravencrest,1681,mage,frost,35,18,17
Missl,draenor,1680,mage,frost,32,19,13
Vilain,tarren-mill,1678,mage,frost,35,18,17
Hógwarts,aegwynn,1677,mage,frost,60,34,26
Zimbabweborc,burning-legion,1675,mage,frost,64,37,27
Zoot,ravencrest,1674,mage,frost,60,22,38
Tiqma,sylvanas,1673,mage,frost,42,23,19
Саваннхмаег,blackscar,1665,mage,frost,57,34,23
Quinella,ravencrest,1663,mage,frost,84,46,38
Vilenciaga,kazzak,1659,mage,frost,66,35,31
Калихор,gordunni,1657,mage,frost,36,24,12
Gensorèd,darksorrow,1655,mage,frost,74,36,38
Layzzy,kazzak,1655,mage,frost,108,50,58
Гекомория,fordragon,1654,mage,frost,74,39,35
Манакса,gordunni,1654,mage,frost,54,24,30
Bigkent,stormscale,1653,mage,frost,48,22,26
Thinamerican,defias-brotherhood,1649,mage,frost,30,20,10
Djflashz,archimonde,1644,mage,frost,42,18,24
Firebaw,tarren-mill,1643,mage,frost,36,25,11
Nickg,ravencrest,1636,mage,frost,42,21,21
Magerocks,ragnaros,1635,mage,frost,36,20,16
Sondremage,outland,1635,mage,frost,134,60,74
Pezi,outland,1634,mage,frost,50,31,19
Xall,silvermoon,1631,mage,frost,36,23,13
Ёкай,soulflayer,1631,mage,frost,151,88,63
Манахк,gordunni,1631,mage,frost,42,19,23
Asiman,eredar,1631,mage,frost,51,22,29
Thesiôu,ravencrest,1629,mage,frost,36,20,16
Buddi,burning-blade,1629,mage,frost,287,148,139
Озобочений,greymane,1628,mage,frost,49,24,25
Bestial,alexstrasza,1627,mage,frost,94,43,51
Unsaìntly,kult-der-verdammten,1625,mage,frost,37,17,20
Glowie,stormreaver,1623,mage,frost,36,20,16
Xenant,ravencrest,1623,mage,frost,42,18,24
Blasty,guldan,1622,mage,frost,57,25,32
Sykz,hyjal,1617,mage,frost,65,35,30
Digi,ravencrest,1617,mage,frost,57,22,35
Mumage,blackrock,1614,mage,frost,24,17,7
Covran,stormscale,1614,mage,frost,30,17,13
Манаксаа,gordunni,1612,mage,frost,45,21,24
Trowbe,blackmoore,1611,mage,frost,42,23,19
Xæll,silvermoon,1611,mage,frost,114,61,53
Leafløver,ravencrest,1610,mage,frost,47,25,22
Itzlucky,twisting-nether,1610,mage,frost,141,72,69
Fireblood,runetotem,1610,mage,frost,48,21,27
Lo,kilrogg,1608,mage,frost,75,33,42
Mupana,nagrand,1607,mage,frost,150,76,74
Espressno,ravencrest,1606,mage,frost,30,19,11
Tills,kargath,1606,mage,frost,42,20,22
Jamzymage,emerald-dream,1604,mage,frost,30,17,13
Copyright,deathwing,1604,mage,frost,36,17,19
Mxrrz,kazzak,1603,mage,frost,193,104,89
Noxkin,stormscale,1603,mage,frost,36,17,19
Magethings,kazzak,1603,mage,frost,54,25,29
Bzzr,tarren-mill,1601,mage,frost,54,35,19
Réd,earthen-ring,1601,mage,frost,77,36,41
Mecharience,rexxar,1597,mage,frost,33,18,15
Iroya,festung-der-stürme,1597,mage,frost,179,90,89
Girldalf,silvermoon,1597,mage,frost,161,80,81
Xirrasho,argent-dawn,1596,mage,frost,36,17,19
Nimdáá,stormscale,1594,mage,frost,194,109,85
Вольняша,azuregos,1591,mage,frost,112,49,63
Okayhehexd,dun-morogh,1586,mage,frost,90,51,39
Plætinum,ravencrest,1585,mage,frost,168,89,79
Joulz,ravencrest,1583,mage,frost,194,91,103
Sheepthrillz,blackmoore,1578,mage,frost,36,21,15
Boomboomciao,nemesis,1577,mage,frost,66,31,35
Óuíja,outland,1576,mage,frost,45,28,17
Esscheppert,blackrock,1576,mage,frost,42,17,25
Takayaki,terokkar,1575,mage,frost,60,31,29
Мибринк,soulflayer,1575,mage,frost,72,32,40
Dubbleblast,draenor,1570,mage,frost,48,25,23
Petepan,argent-dawn,1570,mage,frost,109,53,56
Ингилейф,howling-fjord,1570,mage,frost,46,18,28
Datpolytho,twisting-nether,1567,mage,frost,54,36,18
Левелнес,howling-fjord,1567,mage,frost,74,32,42
Wracrz,argent-dawn,1565,mage,frost,36,17,19
Ceillech,blackrock,1564,mage,frost,76,38,38
Sheepmaster,aegwynn,1563,mage,frost,36,19,17
Icydeadsheep,draenor,1563,mage,frost,42,17,25
Smashdown,blackrock,1562,mage,frost,36,19,17
Ôbsury,hyjal,1561,mage,frost,82,43,39
Chareyla,argent-dawn,1558,mage,frost,83,42,41
Afterimage,zuljin,1556,mage,frost,122,57,65
Gaduz,kazzak,1556,mage,frost,72,31,41
Elynaé,draenor,1550,mage,frost,42,20,22
Ghalanz,ravencrest,1545,mage,frost,60,29,31
Sekulicgoga,draenor,1544,mage,frost,285,157,128
Бингчилинг,howling-fjord,1543,mage,frost,64,30,34
Старкскрим,gordunni,1542,mage,frost,100,48,52
Necizbored,tarren-mill,1539,mage,frost,48,30,18
Reðemption,dun-modr,1538,mage,frost,23,17,6
Beaun,tarren-mill,1535,mage,frost,70,38,32
Sakuranosuke,twisting-nether,1534,mage,frost,36,20,16
Elcritadoré,ragnaros,1533,mage,frost,45,22,23
Alluryeine,draenor,1531,mage,frost,59,34,25
Tromie,archimonde,1531,mage,frost,59,32,27
Jocelynn,aggramar,1530,mage,frost,36,16,20
Фоулли,howling-fjord,1528,mage,frost,34,17,17
Denaleidi,stormscale,1525,mage,frost,24,17,7
Fullpolly,twisting-nether,1525,mage,frost,36,23,13
Миднаит,gordunni,1525,mage,frost,87,38,49
Rihnou,blackmoore,1523,mage,frost,77,33,44
Manafuzz,outland,1521,mage,frost,36,17,19
Фемна,soulflayer,1519,mage,frost,83,47,36
Únna,sanguino,1517,mage,frost,75,42,33
Rankonedeep,kazzak,1516,mage,frost,24,16,8
Phélenia,sargeras,1516,mage,frost,60,30,30
Widmage,silvermoon,1513,mage,frost,108,48,60
Nebbur,dun-modr,1512,mage,frost,36,16,20
Helminsterr,archimonde,1511,mage,frost,30,16,14
Ímnotback,outland,1511,mage,frost,186,97,89
Райоми,fordragon,1511,mage,frost,139,68,71
Kaì,twisting-nether,1508,mage,frost,54,33,21
Gêrky,drakthul,1507,mage,frost,90,47,43
Rexør,frostwolf,1505,mage,frost,54,31,23
Isralysa,ravencrest,1504,mage,frost,185,98,87
Homellander,silvermoon,1503,mage,frost,128,69,59
Hernêise,silvermoon,1502,mage,frost,149,80,69
Dzikk,silvermoon,1502,mage,frost,66,34,32
Comodus,ragnaros,1500,mage,frost,84,40,44
Spellcast,ravencrest,1496,mage,frost,33,18,15
Excuses,chamber-of-aspects,1495,mage,frost,183,87,96
Сосулькина,gordunni,1488,mage,frost,95,50,45
Surlancealot,outland,1488,mage,frost,41,17,24
Azakadabra,ysondre,1483,mage,frost,43,27,16
Корадо,gordunni,1483,mage,frost,120,54,66
Нонекс,soulflayer,1481,mage,frost,54,27,27
Scaleeth,kazzak,1479,mage,frost,40,18,22
Datakrigern,tarren-mill,1478,mage,frost,36,19,17
Тачмахал,soulflayer,1478,mage,frost,60,31,29
Демолюшн,soulflayer,1478,mage,frost,109,49,60
Qqpwn,ragnaros,1477,mage,frost,65,32,33
Octtmiss,twisting-nether,1476,mage,frost,33,17,16
Psika,kazzak,1476,mage,frost,65,29,36
Tàylerdarden,nemesis,1472,mage,frost,47,22,25
Джейнанис,gordunni,1471,mage,frost,58,30,28
Tôke,kaelthas,1467,mage,frost,66,38,28
Вендайса,soulflayer,1467,mage,frost,240,135,105
Shainax,dun-modr,1466,mage,frost,88,45,43
Novalia,wrathbringer,1464,mage,frost,54,32,22
Fïttan,stormscale,1464,mage,frost,44,20,24
Arimila,sylvanas,1463,mage,frost,106,47,59
Borêta,blackrock,1459,mage,frost,84,38,46
Walian,burning-blade,1457,mage,frost,30,17,13
Azkarr,stormscale,1456,mage,frost,41,24,17
Hambones,outland,1456,mage,frost,38,16,22
Оай,gordunni,1456,mage,frost,48,19,29
Jokiss,draenor,1454,mage,frost,62,30,32
Lesoleil,archimonde,1453,mage,frost,30,19,11
Дарнивил,gordunni,1452,mage,frost,167,85,82
Iulie,kazzak,1451,mage,frost,120,62,58
Dllarky,drakthul,1448,mage,frost,48,24,24
Khivax,twisting-nether,1448,mage,frost,66,27,39
Woorm,sylvanas,1446,mage,frost,76,44,32
Afklow,pozzo-delleternità,1442,mage,frost,39,21,18
Maquiwizz,aggra-português,1442,mage,frost,48,24,24
Eldariel,ravencrest,1442,mage,frost,83,39,44
Shnitz,stormscale,1436,mage,frost,24,15,9
Hayaka,sanguino,1435,mage,frost,59,30,29
Charliezard,argent-dawn,1435,mage,frost,36,15,21
Quadekun,tarren-mill,1432,mage,frost,30,15,15
Stillfrostin,blackrock,1430,mage,frost,60,38,22
Mßs,outland,1429,mage,frost,36,15,21
Demensida,ravencrest,1428,mage,frost,148,72,76
Alkhazzar,defias-brotherhood,1428,mage,frost,84,37,47
Аваон,deathguard,1423,mage,frost,60,28,32
Samath,conseil-des-ombres,1421,mage,frost,36,15,21
Frostjävel,grim-batol,1418,mage,frost,29,17,12
Absoluteswag,tarren-mill,1416,mage,frost,33,16,17
Koreanbbq,outland,1414,mage,frost,36,15,21
Hexmath,tarren-mill,1413,mage,frost,30,15,15
Nutsa,silvermoon,1412,mage,frost,24,15,9
Bebarz,darksorrow,1412,mage,frost,89,47,42
Messatsux,tarren-mill,1411,mage,frost,30,15,15
Pipihu,silvermoon,1409,mage,frost,54,27,27
Elcølgaø,sanguino,1406,mage,frost,90,39,51
Apeex,chamber-of-aspects,1405,mage,frost,36,15,21
Shinzel,hyjal,1403,mage,frost,54,24,30
Sixx,aegwynn,1400,mage,frost,41,19,22
Shagee,stormscale,1399,mage,frost,30,16,14
Pluribusunum,outland,1398,mage,frost,38,17,21
Find,archimonde,1398,mage,frost,80,34,46
Фиджарь,soulflayer,1397,mage,frost,72,39,33
Синийлед,galakrond,1394,mage,frost,78,37,41
Shüri,kazzak,1391,mage,frost,72,41,31
Ymirë,khaz-modan,1391,mage,frost,45,20,25
Alktraz,outland,1388,mage,frost,60,28,32
Орижн,howling-fjord,1387,mage,frost,41,24,17
Quail,anubarak,1378,mage,frost,88,42,46
Icefix,dun-modr,1377,mage,frost,59,29,30
Dabka,argent-dawn,1374,mage,frost,121,59,62
Caesarclown,silvermoon,1372,mage,frost,125,63,62
Lsdt,stormscale,1372,mage,frost,42,16,26
Цепнойпёс,goldrinn,1371,mage,frost,34,17,17
Imbatto,quelthalas,1370,mage,frost,30,16,14
Iceorb,azshara,1364,mage,frost,114,52,62
Fractox,ysondre,1360,mage,frost,106,56,50
Cheerió,aggramar,1360,mage,frost,254,118,136
Magitron,wildhammer,1358,mage,frost,29,17,12
Smöked,tarren-mill,1350,mage,frost,252,128,124
Morphees,twisting-nether,1345,mage,frost,36,22,14
Manvo,bloodscalp,1345,mage,frost,60,23,37
Jíncks,anachronos,1344,mage,frost,24,14,10
Preí,archimonde,1344,mage,frost,37,15,22
Пиньон,borean-tundra,1342,mage,frost,24,15,9
Obbjob,ravencrest,1342,mage,frost,30,14,16
Firehasse,draenor,1341,mage,frost,92,49,43
Dmmeforcam,archimonde,1340,mage,frost,26,15,11
Apócalyptic,tarren-mill,1340,mage,frost,64,36,28
Immobilizer,eredar,1339,mage,frost,78,39,39
Cinoox,blackrock,1337,mage,frost,34,15,19
Nevaehine,ravencrest,1336,mage,frost,90,48,42
Animaze,argent-dawn,1335,mage,frost,149,85,64
Spelltastíc,blackmoore,1333,mage,frost,24,14,10
Däpper,ragnaros,1332,mage,frost,36,15,21
Karstnstenzl,blackrock,1331,mage,frost,24,14,10
Кройзис,howling-fjord,1328,mage,frost,80,46,34
Игрдлпдров,gordunni,1327,mage,frost,72,34,38
Phenoxi,sylvanas,1325,mage,frost,24,14,10
Laenadria,argent-dawn,1325,mage,frost,71,28,43
Tìnder,tarren-mill,1324,mage,frost,60,31,29
Discomorph,the-maelstrom,1322,mage,frost,24,14,10
Katarapower,silvermoon,1322,mage,frost,144,67,77
Sused,outland,1321,mage,frost,30,16,14
Jedite,die-todeskrallen,1321,mage,frost,170,86,84
Alicánte,silvermoon,1320,mage,frost,48,18,30
Гунмаказ,soulflayer,1318,mage,frost,22,16,6
Iggilaus,blackhand,1318,mage,frost,265,132,133
Mdog,stormreaver,1317,mage,frost,68,35,33
Морозящий,howling-fjord,1316,mage,frost,72,43,29
Гатмир,gordunni,1316,mage,frost,219,105,114
Rodatudo,ravencrest,1316,mage,frost,36,14,22
Nups,ravencrest,1315,mage,frost,60,24,36
Лутиум,howling-fjord,1313,mage,frost,181,100,81
Hetaxata,kazzak,1313,mage,frost,32,16,16
Iceym,ravencrest,1313,mage,frost,41,17,24
Søphiâ,thrall,1308,mage,frost,63,33,30
Illius,kelthuzad,1308,mage,frost,31,16,15
Snowsánji,blackmoore,1307,mage,frost,29,14,15
Shroomie,eredar,1305,mage,frost,36,16,20
Kaaguraa,ravencrest,1301,mage,frost,117,62,55
Iceterror,ravencrest,1300,mage,frost,24,15,9
Oiklo,eitrigg,1300,mage,frost,55,24,31
Psychosiss,kazzak,1298,mage,frost,49,27,22
Rektd,blackhand,1297,mage,frost,87,41,46
Криолетта,gordunni,1295,mage,frost,42,19,23
Bolesnimage,draenor,1292,mage,frost,24,14,10
Магсимум,ashenvale,1292,mage,frost,35,18,17
Winterblues,frostmourne,1291,mage,frost,36,20,16
Iceiceice,stormscale,1289,mage,frost,36,17,19
Abolf,twisting-nether,1288,mage,frost,30,16,14
Dsmoke,ravencrest,1287,mage,frost,33,14,19
Zoubaz,archimonde,1286,mage,frost,31,16,15
Анзот,howling-fjord,1284,mage,frost,28,15,13
Velâska,malganis,1280,mage,frost,39,22,17
Asteria,twisting-nether,1280,mage,frost,42,17,25
Destruct,doomhammer,1277,mage,frost,30,18,12
Kleini,die-aldor,1273,mage,frost,23,15,8
Gacosane,chamber-of-aspects,1272,mage,frost,39,17,22
Teuboku,ysondre,1271,mage,frost,43,27,16
Bceps,stormscale,1271,mage,frost,48,27,21
Tradez,norgannon,1271,mage,frost,42,17,25
Scaless,stormscale,1268,mage,frost,64,32,32
Tacto,ravencrest,1267,mage,frost,142,75,67
Justleblanc,dalaran,1267,mage,frost,42,16,26
Qtiepatootie,silvermoon,1266,mage,frost,97,55,42
Левченкопро,soulflayer,1266,mage,frost,136,69,67
Дырявка,galakrond,1263,mage,frost,54,23,31
Braxxorz,chamber-of-aspects,1261,mage,frost,36,24,12
Corpusqq,eredar,1261,mage,frost,36,15,21
Lovësosa,hyjal,1260,mage,frost,41,20,21
Daneliam,outland,1259,mage,frost,36,15,21
Dyx,nemesis,1257,mage,frost,67,29,38
Boredpeon,burning-legion,1254,mage,frost,54,29,25
Akúmã,stormscale,1251,mage,frost,138,67,71
Pwntt,terenas,1248,mage,frost,39,15,24
Johnnydeepp,archimonde,1247,mage,frost,24,13,11
Misscandy,doomhammer,1247,mage,frost,72,35,37
Emerlyn,ragnaros,1246,mage,frost,24,13,11
Jackin,burning-legion,1246,mage,frost,60,27,33
Bengé,ragnaros,1245,mage,frost,22,14,8
Dènzx,ravencrest,1244,mage,frost,18,13,5
Xânârchy,minahonda,1242,mage,frost,72,33,39
Melíssa,silvermoon,1240,mage,frost,18,13,5
Iverson,kazzak,1240,mage,frost,33,14,19
Crackheads,hyjal,1239,mage,frost,36,14,22
Titanshao,silvermoon,1237,mage,frost,24,16,8
Smõóve,hyjal,1237,mage,frost,33,15,18
Вайконд,howling-fjord,1236,mage,frost,50,23,27
Seelengott,onyxia,1224,mage,frost,145,72,73
Pyroden,stormscale,1224,mage,frost,42,18,24
Gliffy,terokkar,1222,mage,frost,49,29,20
Хблэйз,howling-fjord,1222,mage,frost,36,14,22
Tarkún,dun-modr,1219,mage,frost,42,23,19
Zzombi,sylvanas,1219,mage,frost,63,32,31
Suidas,auchindoun,1217,mage,frost,66,28,38
Flakeh,outland,1217,mage,frost,36,15,21
Yenkonidas,blackmoore,1216,mage,frost,36,16,20
Lupuus,anubarak,1215,mage,frost,24,13,11
Faycia,blackhand,1212,mage,frost,72,30,42
Máurus,antonidas,1212,mage,frost,36,13,23
Silvariy,stormscale,1204,mage,frost,100,48,52
Zevúlòs,ravencrest,1202,mage,frost,42,28,14
Jaghahah,tarren-mill,1190,mage,frost,48,29,19
Вескнам,lich-king,1188,mage,frost,72,30,42
Сибиди,gordunni,1185,mage,frost,24,13,11
Vathalis,zuluhed,1183,mage,frost,53,19,34
Fleurdelacur,ravencrest,1182,mage,frost,57,29,28
Jodiefroster,bronzebeard,1180,mage,frost,42,24,18
Хируэль,gordunni,1180,mage,frost,98,47,51
Гаразлик,howling-fjord,1180,mage,frost,60,22,38
Tiltedpapi,ravencrest,1172,mage,frost,34,19,15
Zvuta,sanguino,1166,mage,frost,18,14,4
Айсвеном,gordunni,1166,mage,frost,36,16,20
Icekíss,hyjal,1162,mage,frost,22,13,9
Shivah,onyxia,1161,mage,frost,70,25,45
Bossgb,twisting-nether,1160,mage,frost,27,15,12
Flamya,stormscale,1160,mage,frost,47,20,27
Baravar,blackrock,1155,mage,frost,35,14,21
Айсбоунт,eversong,1151,mage,frost,49,27,22
Valyndra,twisting-nether,1150,mage,frost,18,12,6
Amicuta,ravencrest,1150,mage,frost,48,24,24
Xep,ragnaros,1150,mage,frost,24,12,12
Arcticfury,ravencrest,1149,mage,frost,24,12,12
Anamalhoa,aggra-português,1147,mage,frost,30,15,15
Koreanbbq,kazzak,1146,mage,frost,18,12,6
Sukky,todeswache,1146,mage,frost,24,12,12
Ayoubz,outland,1145,mage,frost,24,12,12
Kippercarry,outland,1144,mage,frost,24,12,12
Zionw,frostwolf,1142,mage,frost,24,12,12
Qulinx,kazzak,1142,mage,frost,29,13,16
Saphiregos,dalaran,1139,mage,frost,82,41,41
Esculapìo,nemesis,1139,mage,frost,60,30,30
Arlunea,blackmoore,1138,mage,frost,30,12,18
Oathkeepper,silvermoon,1135,mage,frost,124,60,64
Latiny,destromath,1135,mage,frost,47,21,26
Iamslow,sylvanas,1130,mage,frost,18,12,6
Stryee,ragnaros,1128,mage,frost,24,12,12
Ewina,twisting-nether,1128,mage,frost,24,12,12
Momotemp,emerald-dream,1128,mage,frost,92,45,47
Вельдрик,soulflayer,1127,mage,frost,85,41,44
Dabina,sanguino,1120,mage,frost,30,13,17
Килавый,eversong,1119,mage,frost,18,15,3
Lêgólás,blackmoore,1119,mage,frost,24,12,12
Lifemagic,chamber-of-aspects,1118,mage,frost,81,43,38
Pinkis,darkmoon-faire,1116,mage,frost,79,40,39
Луциаз,gordunni,1104,mage,frost,41,24,17
Aileean,burning-legion,1101,mage,frost,42,18,24
Zaruna,arathor,1094,mage,frost,27,13,14
Pruneau,hyjal,1094,mage,frost,30,12,18
Snakebit,kazzak,1092,mage,frost,29,12,17
Rafaeala,argent-dawn,1084,mage,frost,82,41,41
Goeb,kazzak,1083,mage,frost,35,14,21
Niivel,ysondre,1082,mage,frost,120,68,52
Roughfked,silvermoon,1082,mage,frost,48,27,21
Саназэр,soulflayer,1079,mage,frost,60,26,34
Aelire,die-aldor,1077,mage,frost,33,12,21
Zwölfte,outland,1076,mage,frost,52,26,26
Дедамаг,eversong,1064,mage,frost,36,18,18
Лемозяра,gordunni,1056,mage,frost,12,11,1
Soz,agamaggan,1056,mage,frost,18,11,7
Sìsia,ragnaros,1056,mage,frost,18,11,7
Dastion,sylvanas,1056,mage,frost,24,11,13
Buffenhance,ravencrest,1056,mage,frost,36,11,25
Xläderz,ravencrest,1055,mage,frost,18,11,7
Hazzá,ravencrest,1055,mage,frost,18,11,7
Evilmagíc,tarren-mill,1055,mage,frost,18,11,7
Гелиадо,soulflayer,1055,mage,frost,30,11,19
Síckmode,khadgar,1055,mage,frost,36,11,25
Rere,zenedar,1054,mage,frost,26,13,13
Grömit,drakthul,1053,mage,frost,18,11,7
Kapueca,jaedenar,1053,mage,frost,33,20,13
Гамаюнх,deathguard,1053,mage,frost,24,11,13
Викликс,borean-tundra,1052,mage,frost,22,13,9
Винилочка,deathguard,1051,mage,frost,24,11,13
Sangumage,silvermoon,1051,mage,frost,24,11,13
Бальзамон,eversong,1051,mage,frost,37,15,22
Destrech,aggra-português,1050,mage,frost,18,11,7
Файрусх,blackscar,1049,mage,frost,18,11,7
Ryzea,ravencrest,1047,mage,frost,23,15,8
Риктусемпра,ashenvale,1047,mage,frost,18,11,7
Tainted,eredar,1047,mage,frost,24,11,13
Schtenen,silvermoon,1047,mage,frost,140,64,76
Irreversal,ravencrest,1045,mage,frost,41,18,23
Férécide,ysondre,1045,mage,frost,30,11,19
Qwixxis,sylvanas,1043,mage,frost,75,33,42
Thry,bronzebeard,1042,mage,frost,30,11,19
Khoshgele,draenor,1039,mage,frost,24,11,13
Miidi,doomhammer,1036,mage,frost,30,16,14
Heavyfire,kazzak,1034,mage,frost,18,11,7
Clonefcf,sylvanas,1032,mage,frost,55,31,24
Forestie,silvermoon,1032,mage,frost,50,23,27
Snowrain,chogall,1030,mage,frost,47,23,24
Pinguíni,aegwynn,1030,mage,frost,36,17,19
Ramcoz,twisting-nether,1029,mage,frost,30,15,15
Ananaskana,ragnaros,1025,mage,frost,18,11,7
Коласольдом,gordunni,1024,mage,frost,24,11,13
Tomuru,draenor,1020,mage,frost,21,14,7
Yasheaa,ysondre,1020,mage,frost,23,11,12
Илайла,booty-bay,1007,mage,frost,15,12,3
Haljina,kazzak,1006,mage,frost,243,113,130
Derbomber,guldan,1003,mage,frost,29,11,18
Этридемус,howling-fjord,1000,mage,frost,42,11,31
Erzà,todeswache,991,mage,frost,35,18,17
Инкрионити,gordunni,989,mage,frost,17,11,6
Блья,howling-fjord,984,mage,frost,36,21,15
Kumakara,archimonde,981,mage,frost,24,12,12
Zedsdeadbaby,argent-dawn,980,mage,frost,49,22,27
Broduy,draenor,980,mage,frost,54,19,35
Fashes,sunstrider,977,mage,frost,75,36,39
Dnt,twilights-hammer,974,mage,frost,24,11,13
Acx,drakthul,960,mage,frost,18,10,8
Crzyubrdrver,blackrock,960,mage,frost,18,10,8
Vannq,silvermoon,959,mage,frost,18,10,8
Тортикток,soulflayer,959,mage,frost,24,10,14
Джинетикс,deathguard,958,mage,frost,18,10,8
Track,blackhand,958,mage,frost,24,10,14
Ízumi,stormscale,958,mage,frost,24,10,14
Фростидзе,gordunni,956,mage,frost,24,10,14
Råståfåri,uldum,956,mage,frost,30,10,20
Zenó,blackrock,956,mage,frost,30,10,20
Quincy,frostwolf,951,mage,frost,18,10,8
Nightplays,sylvanas,951,mage,frost,18,10,8
Бабайбайкала,gordunni,951,mage,frost,36,10,26
Celdra,blackrock,949,mage,frost,24,10,14
Maybeblood,kazzak,946,mage,frost,28,11,17
Frisstana,outland,946,mage,frost,30,10,20
Evuryl,nemesis,944,mage,frost,24,10,14
Мрперут,eversong,938,mage,frost,90,48,42
Nazø,archimonde,932,mage,frost,36,10,26
Tiefkühler,norgannon,931,mage,frost,24,11,13
Jobarttrach,les-clairvoyants,930,mage,frost,71,35,36
Margistikus,die-aldor,928,mage,frost,110,57,53
Speedshatter,aegwynn,928,mage,frost,22,10,12
Chogger,blackmoore,924,mage,frost,24,14,10
Мосгормаг,gordunni,924,mage,frost,23,10,13
Ghostgivree,archimonde,917,mage,frost,30,16,14
Teals,turalyon,915,mage,frost,48,16,32
Юлианх,gordunni,910,mage,frost,244,113,131
Toxttr,drakthul,908,mage,frost,18,11,7
Magicoliwia,ysera,905,mage,frost,24,13,11
Pharohe,stormscale,905,mage,frost,28,11,17
Døliprane,garona,900,mage,frost,36,19,17
Pickaachu,doomhammer,893,mage,frost,30,15,15
Çana,thrall,893,mage,frost,22,10,12
Wopi,sylvanas,890,mage,frost,36,13,23
Êmmá,blackmoore,885,mage,frost,54,22,32
Piego,turalyon,882,mage,frost,46,24,22
Sammelbot,kargath,872,mage,frost,42,21,21
Lexalia,blackmoore,869,mage,frost,32,14,18
Xæl,ravencrest,866,mage,frost,57,27,30
Oblív,ravencrest,864,mage,frost,12,9,3
Fakeklepter,sylvanas,864,mage,frost,12,9,3
Ney,drakthul,864,mage,frost,12,9,3
Abruaa,tarren-mill,864,mage,frost,12,9,3
Arnoldkelly,tarren-mill,864,mage,frost,12,9,3
Philoû,archimonde,864,mage,frost,18,9,9
Ephixis,ravencrest,864,mage,frost,24,9,15
Qtpoof,sylvanas,863,mage,frost,18,9,9
Scoodles,kazzak,863,mage,frost,18,9,9
Qqcult,ravencrest,863,mage,frost,18,9,9
Muchmage,silvermoon,863,mage,frost,24,9,15
Слизерин,gordunni,863,mage,frost,24,9,15
Chililol,dun-modr,862,mage,frost,18,9,9
Манднесс,azuregos,861,mage,frost,18,9,9
Strychne,ragnaros,860,mage,frost,12,9,3
Енотмаг,gordunni,860,mage,frost,18,9,9
Raikøn,blackmoore,860,mage,frost,18,9,9
Amazona,veklor,859,mage,frost,38,18,20
Klésh,nemesis,858,mage,frost,18,9,9
Meydoum,archimonde,858,mage,frost,18,9,9
Naote,blackhand,858,mage,frost,18,9,9
Vexperious,tarren-mill,857,mage,frost,12,9,3
Suikune,twisting-nether,857,mage,frost,12,9,3
Markasaura,kazzak,856,mage,frost,38,11,27
Voralastor,doomhammer,855,mage,frost,12,9,3
Fujitoras,khaz-modan,855,mage,frost,24,10,14
Farrä,dun-modr,854,mage,frost,53,26,27
Iceicebáby,draenor,845,mage,frost,24,9,15
Ezzekkiel,elune,835,mage,frost,18,9,9
Лордбелиал,soulflayer,834,mage,frost,24,9,15
Olivaresa,ravencrest,824,mage,frost,32,10,22
Ттэль,gordunni,820,mage,frost,34,14,20
Kelthuzed,twisting-nether,814,mage,frost,21,9,12
Aerius,lightnings-blade,813,mage,frost,21,9,12
Isolia,silvermoon,810,mage,frost,23,9,14
Фрайбл,gordunni,808,mage,frost,19,10,9
Lemonshelo,archimonde,806,mage,frost,27,9,18
Frigus,khaz-modan,804,mage,frost,27,9,18
Venu,dun-modr,800,mage,frost,18,9,9
Hooffer,stormscale,797,mage,frost,28,9,19
Akâri,silvermoon,784,mage,frost,25,9,16
Wýr,archimonde,768,mage,frost,12,8,4
Фирдаркнесс,howling-fjord,768,mage,frost,12,8,4
Séxmachiné,draenor,768,mage,frost,12,8,4
Arunx,magtheridon,768,mage,frost,12,8,4
Subzeraxo,archimonde,768,mage,frost,12,8,4
Serclulz,ravencrest,768,mage,frost,12,8,4
Dubstep,blackrock,768,mage,frost,12,8,4
Jezí,ghostlands,768,mage,frost,18,8,10
Nelfchewer,ravencrest,768,mage,frost,18,8,10
Mðj,kazzak,768,mage,frost,18,8,10
Transformo,draenor,768,mage,frost,18,8,10
Гдедипфриз,soulflayer,768,mage,frost,18,8,10
Väänik,draenor,768,mage,frost,18,8,10
Zelimeth,outland,768,mage,frost,24,8,16
Нереварин,soulflayer,768,mage,frost,24,8,16
Чистокрут,gordunni,768,mage,frost,24,8,16
Tajos,drakthul,767,mage,frost,12,8,4
Gagaj,ravencrest,767,mage,frost,12,8,4
Ia,kirin-tor,767,mage,frost,12,8,4
Xyfys,azshara,767,mage,frost,12,8,4
Zili,draenor,767,mage,frost,12,8,4
Chicke,outland,767,mage,frost,12,8,4
Bumbumdead,sylvanas,767,mage,frost,18,8,10
Goodheadcake,ragnaros,767,mage,frost,18,8,10
Insanewizard,kazzak,766,mage,frost,12,8,4
Nïo,ravencrest,766,mage,frost,12,8,4
Ãzi,ravencrest,766,mage,frost,12,8,4
Quilava,ghostlands,766,mage,frost,12,8,4
Anoez,kargath,766,mage,frost,18,8,10
Tirenia,bloodfeather,766,mage,frost,29,8,21
Illiaria,antonidas,765,mage,frost,12,8,4
Ærrflôw,frostwolf,765,mage,frost,18,8,10
Xakiha,kazzak,764,mage,frost,18,8,10
Vignoni,the-maelstrom,764,mage,frost,18,8,10
Skarxaa,sanguino,763,mage,frost,18,8,10
Кельтузат,azuregos,762,mage,frost,12,8,4
Dominos,medivh,762,mage,frost,18,8,10
Мерджреквест,howling-fjord,745,mage,frost,17,8,9
Fôôxy,aegwynn,745,mage,frost,23,8,15
Qqlool,draenor,735,mage,frost,23,8,15
Amalou,stormscale,729,mage,frost,32,9,23
Zenoss,khaz-modan,719,mage,frost,18,8,10
Clitch,blutkessel,715,mage,frost,20,9,11
Hagiko,archimonde,713,mage,frost,15,9,6
Blinklet,twisting-nether,713,mage,frost,17,10,7
Kaeki,khaz-modan,708,mage,frost,20,10,10
Emesarry,scarshield-legion,703,mage,frost,11,8,3
Rayniß,blackmoore,702,mage,frost,20,8,12
Cardioexpert,ravencrest,688,mage,frost,13,8,5
Щавзорву,gordunni,686,mage,frost,16,8,8
Wortyvery,outland,672,mage,frost,12,7,5
Njl,blackmoore,672,mage,frost,12,7,5
Anthrex,drakthul,672,mage,frost,12,7,5
Skyblink,hyjal,672,mage,frost,12,7,5
Lyès,uldaman,672,mage,frost,12,7,5
Yobys,burning-legion,672,mage,frost,12,7,5
Fîsheye,blackrock,672,mage,frost,12,7,5
Glindalefay,silvermoon,672,mage,frost,12,7,5
Agus,ravencrest,672,mage,frost,12,7,5
Альмодера,gordunni,672,mage,frost,12,7,5
Bumboozling,kazzak,672,mage,frost,12,7,5
Icéy,kazzak,672,mage,frost,12,7,5
Tenetic,thrall,672,mage,frost,14,7,7
Vinlimar,drakthul,672,mage,frost,18,7,11
Drwrey,tarren-mill,672,mage,frost,18,7,11
Løgi,drakthul,672,mage,frost,18,7,11
Blinkfloyd,blackmoore,672,mage,frost,18,7,11
Mageyreid,quelthalas,672,mage,frost,18,7,11
Lolmageop,aegwynn,672,mage,frost,18,7,11
Kèj,kazzak,672,mage,frost,18,7,11
Drandis,blackmoore,672,mage,frost,18,7,11
Aterso,azshara,672,mage,frost,21,8,13
Krookéd,tarren-mill,672,mage,frost,24,7,17
Wàneís,ravencrest,672,mage,frost,24,7,17
Qùb,eldrethalas,671,mage,frost,12,7,5
Geepie,twisting-nether,671,mage,frost,12,7,5
Nàtcho,tichondrius,671,mage,frost,12,7,5
Митгори,gordunni,671,mage,frost,12,7,5
Badphaz,frostmane,671,mage,frost,12,7,5
Møstwãntêd,aegwynn,671,mage,frost,12,7,5
Aern,sinstralis,671,mage,frost,18,7,11
Ice,sargeras,671,mage,frost,18,7,11
Kyrn,zuljin,671,mage,frost,18,7,11
Lylla,cthun,671,mage,frost,18,7,11
Frostvirgin,twisting-nether,671,mage,frost,18,7,11
Chread,bronze-dragonflight,671,mage,frost,18,7,11
Shanny,argent-dawn,670,mage,frost,12,7,5
Hotpotatox,ravencrest,670,mage,frost,13,7,6
Unreadyx,archimonde,670,mage,frost,18,7,11
Nery,ravencrest,670,mage,frost,18,7,11
Crematorium,argent-dawn,669,mage,frost,19,7,12
Lenycz,burning-blade,668,mage,frost,18,7,11
Lukewizard,twisting-nether,668,mage,frost,18,7,11
Aériza,silvermoon,667,mage,frost,12,7,5
Yojimbot,archimonde,667,mage,frost,30,7,23
Умелецмаг,gordunni,665,mage,frost,12,7,5
Vurtnez,kazzak,665,mage,frost,15,7,8
Vamelia,blackmoore,660,mage,frost,24,7,17
Helloimgone,blackmoore,655,mage,frost,17,7,10
Stîckî,malganis,639,mage,frost,23,7,16
Mutly,kazzak,633,mage,frost,14,8,6
Lìx,ravencrest,623,mage,frost,11,7,4
Skæde,ravencrest,618,mage,frost,17,11,6
Аресуперпрес,gordunni,618,mage,frost,22,8,14
Jockin,stormrage,616,mage,frost,19,8,11
Kadsy,tarren-mill,600,mage,frost,23,8,15
Rinuria,blackrock,576,mage,frost,6,6,0
Estonka,ravencrest,576,mage,frost,6,6,0
Escapematrix,ravencrest,576,mage,frost,6,6,0
Skdroople,ravencrest,576,mage,frost,12,6,6
Sainth,sanguino,576,mage,frost,12,6,6
Ecnaclappy,blackrock,576,mage,frost,12,6,6
Миллерфест,howling-fjord,576,mage,frost,12,6,6
Sickofme,blackmoore,576,mage,frost,12,6,6
Сизаам,howling-fjord,576,mage,frost,12,6,6
Nécrømage,confrérie-du-thorium,576,mage,frost,12,6,6
Диппро,soulflayer,576,mage,frost,12,6,6
Titarie,ravencrest,576,mage,frost,12,6,6
Frostyfart,tarren-mill,576,mage,frost,12,6,6
Insømnium,stormscale,576,mage,frost,12,6,6
Glöden,ravencrest,576,mage,frost,12,6,6
Lepronsito,kazzak,576,mage,frost,12,6,6
Creden,frostmane,576,mage,frost,12,6,6
Tvångstralla,tarren-mill,576,mage,frost,12,6,6
Eléaena,argent-dawn,576,mage,frost,12,6,6
Magicdingo,lightnings-blade,576,mage,frost,12,6,6
Kurtcobain,draenor,576,mage,frost,12,6,6
Froststarr,burning-legion,576,mage,frost,12,6,6
Marybaguette,archimonde,576,mage,frost,18,6,12
Ury,hyjal,576,mage,frost,18,6,12
Reeroll,arthas,576,mage,frost,18,6,12
Articunoh,ravencrest,576,mage,frost,18,6,12
Shakeándbake,ravencrest,576,mage,frost,18,6,12
Yshax,malganis,576,mage,frost,24,6,18
Pitbones,archimonde,575,mage,frost,12,6,6
Metaboi,ragnaros,575,mage,frost,12,6,6
Моритакаа,gordunni,575,mage,frost,12,6,6
Partagedeco,dalaran,575,mage,frost,12,6,6
Длинныеухи,blackscar,575,mage,frost,18,6,12
Kaptenski,stormscale,575,mage,frost,18,6,12
Saturator,burning-legion,575,mage,frost,18,6,12
Вхламинка,howling-fjord,574,mage,frost,12,6,6
Bhaâl,hyjal,574,mage,frost,12,6,6
Stilnox,nemesis,574,mage,frost,18,6,12
Rintoh,pozzo-delleternità,568,mage,frost,24,6,18
Xatures,tarren-mill,559,mage,frost,17,6,11
Maran,outland,555,mage,frost,24,6,18
Чогоце,eversong,553,mage,frost,24,6,18
Mínêrvâ,blackrock,528,mage,frost,15,7,8
Lidin,draenor,527,mage,frost,11,6,5
Escobar,frostmane,527,mage,frost,14,7,7
Avb,twisting-nether,527,mage,frost,17,6,11
Tschelo,eredar,512,mage,frost,16,6,10
Miihawkk,khaz-modan,510,mage,frost,20,6,14
Trøll,nemesis,480,mage,frost,6,5,1
Tjayy,kazzak,480,mage,frost,6,5,1
Hérä,archimonde,480,mage,frost,6,5,1
Zehnvonzehn,antonidas,480,mage,frost,6,5,1
Chucknoir,draenor,480,mage,frost,6,5,1
Veemi,blackmoore,480,mage,frost,6,5,1
Magnopvp,sanguino,480,mage,frost,10,6,4
Gàtsby,outland,480,mage,frost,12,5,7
Milkenjoyer,ravencrest,480,mage,frost,12,5,7
Ikefire,draenor,480,mage,frost,12,5,7
Moleester,twisting-nether,480,mage,frost,12,5,7
Venque,blackrock,480,mage,frost,12,5,7
Thelastmage,outland,480,mage,frost,12,5,7
Magenox,blackrock,480,mage,frost,12,5,7
Médivh,archimonde,480,mage,frost,12,5,7
Zyxiie,sylvanas,480,mage,frost,12,5,7
Kleptomania,archimonde,480,mage,frost,12,5,7
Adagar,chamber-of-aspects,480,mage,frost,12,5,7
Betomage,blackmoore,480,mage,frost,12,5,7
Spell,blackmoore,480,mage,frost,12,5,7
Leontus,outland,480,mage,frost,12,5,7
Bamz,malganis,480,mage,frost,12,5,7
Okey,frostwhisper,480,mage,frost,12,5,7
Vapurx,blackmoore,480,mage,frost,12,5,7
Antaos,drakthul,480,mage,frost,12,5,7
Pixlet,kazzak,480,mage,frost,12,5,7
Marikisanx,blackmoore,480,mage,frost,12,5,7
Saucise,hyjal,480,mage,frost,12,5,7
Chrømy,twisting-nether,480,mage,frost,12,5,7
Funkyfriday,twisting-nether,480,mage,frost,12,5,7
Primodious,kazzak,480,mage,frost,12,5,7
Zaurok,sanguino,480,mage,frost,12,5,7
Moffmage,sylvanas,480,mage,frost,12,5,7
Shøcked,blackrock,480,mage,frost,18,5,13
Wukidiwn,draenor,480,mage,frost,18,5,13
Wenndrid,draenor,480,mage,frost,18,5,13
Ioriyagami,dragonmaw,480,mage,frost,18,5,13
Intêrnet,archimonde,480,mage,frost,20,5,15
Restinnpiss,twisting-nether,479,mage,frost,6,5,1
Шиллаа,blackscar,479,mage,frost,6,5,1
Archilól,drakthul,479,mage,frost,12,5,7
Zionara,stormscale,479,mage,frost,12,5,7
Allotropia,ravencrest,479,mage,frost,12,5,7
Полеморв,soulflayer,479,mage,frost,12,5,7
Çxçx,dun-modr,479,mage,frost,12,5,7
Xýton,azjolnerub,479,mage,frost,12,5,7
Coldstormz,terenas,479,mage,frost,12,5,7
Popixx,magtheridon,479,mage,frost,18,5,13
Xèrec,ysondre,479,mage,frost,18,5,13
Deletron,ragnaros,479,mage,frost,18,5,13
Feuerflamme,theradras,478,mage,frost,12,5,7
Dumbledores,aegwynn,478,mage,frost,18,5,13
Gønzô,blackmoore,477,mage,frost,18,5,13
Rifinouu,archimonde,476,mage,frost,12,5,7
Polflop,sylvanas,476,mage,frost,12,5,7
Phibonaci,sylvanas,475,mage,frost,12,5,7
Soulcatcheus,archimonde,473,mage,frost,18,5,13
Mystto,silvermoon,472,mage,frost,12,5,7
Иксайс,soulflayer,468,mage,frost,23,8,15
Blinkinggoat,ragnaros,448,mage,frost,16,5,11
Swemagus,outland,432,mage,frost,9,5,4
Shunii,ravencrest,431,mage,frost,11,5,6
Hbarftw,ravencrest,426,mage,frost,14,6,8
Euklid,ravencrest,416,mage,frost,10,5,5
Shakamage,grim-batol,415,mage,frost,10,5,5
Xerathon,ravencrest,414,mage,frost,16,5,11
Leylus,blackmoore,399,mage,frost,5,5,0
Kaeser,ravencrest,384,mage,frost,6,4,2
Nötmârtònxø,ragnaros,384,mage,frost,6,4,2
Ahøllic,frostwolf,384,mage,frost,6,4,2
Унитазныймаг,howling-fjord,384,mage,frost,6,4,2
Leonora,blackhand,384,mage,frost,6,4,2
Sylvîe,tarren-mill,384,mage,frost,6,4,2
Proudmøøre,argent-dawn,384,mage,frost,6,4,2
Friedkek,ravencrest,384,mage,frost,6,4,2
Noviina,argent-dawn,384,mage,frost,6,4,2
Botanicula,the-maelstrom,384,mage,frost,6,4,2
Sneakii,the-maelstrom,384,mage,frost,6,4,2
Ðíø,twisting-nether,384,mage,frost,6,4,2
Arcitech,tarren-mill,384,mage,frost,6,4,2
Scoxywoxy,ragnaros,384,mage,frost,6,4,2
Drmng,stormscale,384,mage,frost,6,4,2
Cosmostms,ravencrest,384,mage,frost,6,4,2
Meign,eredar,384,mage,frost,6,4,2
Fuhry,tarren-mill,384,mage,frost,6,4,2
Jodíefroster,doomhammer,384,mage,frost,6,4,2
Ðazzftw,archimonde,384,mage,frost,6,4,2
Шанлис,gordunni,384,mage,frost,6,4,2
Qwibbly,kazzak,384,mage,frost,6,4,2
Pinkusbruh,aggra-português,384,mage,frost,6,4,2
Cesi,silvermoon,384,mage,frost,6,4,2
Doryy,silvermoon,384,mage,frost,6,4,2
Nightcàller,pozzo-delleternità,384,mage,frost,6,4,2
Zerobelow,silvermoon,384,mage,frost,6,4,2
Ón,burning-steppes,384,mage,frost,6,4,2
Razzìatore,pozzo-delleternità,384,mage,frost,7,4,3
Ahdetärjag,silvermoon,384,mage,frost,12,4,8
Tærrëñshíll,tarren-mill,384,mage,frost,12,4,8
Facerollyo,tarren-mill,384,mage,frost,12,4,8
Fyriel,burning-legion,384,mage,frost,12,4,8
Lambaa,thrall,384,mage,frost,12,4,8
Zikyo,silvermoon,384,mage,frost,12,4,8
Jazzi,blackrock,384,mage,frost,12,4,8
Faunas,kazzak,384,mage,frost,12,4,8
Muntiks,ravencrest,384,mage,frost,12,4,8
Newtwo,ravencrest,384,mage,frost,12,4,8
Mopus,ravencrest,384,mage,frost,12,4,8
Proffset,outland,384,mage,frost,12,4,8
Roberx,sanguino,384,mage,frost,12,4,8
Ðarkreaver,kaelthas,384,mage,frost,12,4,8
Xoouuboo,eredar,384,mage,frost,12,4,8
Tarovan,defias-brotherhood,384,mage,frost,12,4,8
Oizar,hyjal,384,mage,frost,12,4,8
Шипкастермвп,howling-fjord,384,mage,frost,12,4,8
Lillelord,defias-brotherhood,384,mage,frost,12,4,8
Elldiamage,draenor,384,mage,frost,12,4,8
Пламяорды,soulflayer,384,mage,frost,12,4,8
Fikkamika,ragnaros,384,mage,frost,12,4,8
Acclay,malganis,384,mage,frost,12,4,8
Stellarie,sylvanas,384,mage,frost,12,4,8
Wwjd,darksorrow,384,mage,frost,12,4,8
Юджегс,soulflayer,384,mage,frost,12,4,8
Ruténa,aegwynn,384,mage,frost,18,4,14
Blinkmehome,silvermoon,384,mage,frost,18,4,14
Cavadrex,arathor,384,mage,frost,18,4,14
Wuffwuffspik,grim-batol,383,mage,frost,6,4,2
Nandie,stormreaver,383,mage,frost,12,4,8
Juntara,stormscale,383,mage,frost,12,4,8
Brandonjames,ragnaros,383,mage,frost,12,4,8
Kyrox,ysondre,383,mage,frost,18,4,14
Mimicassa,defias-brotherhood,371,mage,frost,22,9,13
Whosthemage,kazzak,351,mage,frost,8,5,3
Nebby,argent-dawn,351,mage,frost,11,4,7
Trais,blackrock,336,mage,frost,9,5,4
Hidrax,outland,330,mage,frost,9,6,3
Zagori,sylvanas,330,mage,frost,10,5,5
Tsubas,blackmoore,330,mage,frost,15,5,10
Sleîhg,sanguino,320,mage,frost,10,4,6
Regenn,kazzak,318,mage,frost,5,4,1
Coldnight,uldum,301,mage,frost,13,4,9
Труупоед,borean-tundra,288,mage,frost,6,3,3
Haginatorr,twisting-nether,288,mage,frost,6,3,3
Tommyboy,dragonblight,288,mage,frost,6,3,3
Vodjka,nemesis,288,mage,frost,6,3,3
Brunettdelux,archimonde,288,mage,frost,6,3,3
Kilstine,outland,288,mage,frost,6,3,3
Сэрруденкент,soulflayer,288,mage,frost,6,3,3
Frígíd,outland,288,mage,frost,6,3,3
Dragotus,dragonblight,288,mage,frost,6,3,3
Волшебну,soulflayer,288,mage,frost,6,3,3
Gladxp,outland,288,mage,frost,6,3,3
Amaterâsu,antonidas,288,mage,frost,6,3,3
Illîllîllî,blackrock,288,mage,frost,6,3,3
Mobjar,twisting-nether,288,mage,frost,6,3,3
Siérra,outland,288,mage,frost,6,3,3
Bóósh,alakir,288,mage,frost,6,3,3
Arandartis,kazzak,288,mage,frost,6,3,3
Bænoß,ravencrest,288,mage,frost,6,3,3
Orelox,kazzak,288,mage,frost,6,3,3
Drinte,blackmoore,288,mage,frost,6,3,3
Zlacked,tarren-mill,288,mage,frost,6,3,3
Nevertøxic,ravencrest,288,mage,frost,6,3,3
Narcîsa,sanguino,288,mage,frost,6,3,3
Xhal,hyjal,288,mage,frost,6,3,3
Microsmag,thrall,288,mage,frost,6,3,3
Лакифриз,gordunni,288,mage,frost,6,3,3
Suitx,draenor,288,mage,frost,6,3,3
Luckydo,turalyon,288,mage,frost,6,3,3
Sozie,tarren-mill,288,mage,frost,6,3,3
Milminmage,ravencrest,288,mage,frost,6,3,3
Ghayaa,defias-brotherhood,288,mage,frost,6,3,3
Aestus,outland,288,mage,frost,6,3,3
Gotone,tarren-mill,288,mage,frost,6,3,3
Frökenfrost,stormscale,288,mage,frost,6,3,3
Rèkt,lightbringer,288,mage,frost,6,3,3
Magekaoz,sylvanas,288,mage,frost,6,3,3
Ørixx,blackhand,288,mage,frost,6,3,3
Snowberry,blackrock,288,mage,frost,6,3,3
Onegaisenpai,ragnaros,288,mage,frost,6,3,3
Dumblemore,ragnaros,288,mage,frost,6,3,3
Bisuke,stormscale,288,mage,frost,6,3,3
Овеча,gordunni,288,mage,frost,6,3,3
Учительйода,ashenvale,288,mage,frost,6,3,3
Fboltprocd,ragnaros,288,mage,frost,6,3,3
Lyramage,draenor,288,mage,frost,6,3,3
Muuckie,blackrock,288,mage,frost,6,3,3
Trashmage,blackrock,288,mage,frost,6,3,3
Broccosoup,kazzak,288,mage,frost,6,3,3
Schmutzki,eredar,288,mage,frost,6,3,3
Justvik,eredar,288,mage,frost,6,3,3
Merlín,malganis,288,mage,frost,6,3,3
Zyllu,argent-dawn,288,mage,frost,6,3,3
Frèézê,frostwolf,288,mage,frost,6,3,3
Wormhole,kazzak,288,mage,frost,6,3,3
Eliosia,drakthul,288,mage,frost,6,3,3
Bigburns,draenor,288,mage,frost,6,3,3
Нефростмаг,gordunni,288,mage,frost,6,3,3
Kryptass,aegwynn,288,mage,frost,12,3,9
Kaiyn,argent-dawn,288,mage,frost,12,3,9
Imasheeper,silvermoon,288,mage,frost,12,3,9
Эммилиарда,gordunni,288,mage,frost,12,3,9
Деметрадон,gordunni,288,mage,frost,12,3,9
Vioulette,elune,288,mage,frost,12,3,9
Потныйдпс,eversong,288,mage,frost,12,3,9
Subtempo,silvermoon,288,mage,frost,12,3,9
Waterhagx,tarren-mill,288,mage,frost,12,3,9
Paradigma,sylvanas,288,mage,frost,12,3,9
Voraxma,draenor,288,mage,frost,12,3,9
Crayz,magtheridon,288,mage,frost,12,3,9
Naween,hyjal,288,mage,frost,12,3,9
Скайлуйт,gordunni,288,mage,frost,12,3,9
Gogara,kazzak,288,mage,frost,12,3,9
Tadaa,blackmoore,288,mage,frost,12,3,9
Xeldary,blackmoore,288,mage,frost,12,3,9
Ripdeepfreez,culte-de-la-rive-noire,288,mage,frost,12,3,9
Wambamm,ravencrest,288,mage,frost,12,3,9
Hacimari,hyjal,288,mage,frost,12,3,9
Sérc,ravencrest,288,mage,frost,12,3,9
Ахиригиз,gordunni,288,mage,frost,12,3,9
Fernandéz,ravencrest,288,mage,frost,12,3,9
Micklolz,blackmoore,288,mage,frost,12,3,9
Consquens,aszune,288,mage,frost,12,3,9
Котофайв,howling-fjord,288,mage,frost,12,3,9
Phonkim,stormscale,288,mage,frost,12,3,9
Faitha,ravencrest,288,mage,frost,12,3,9
Wslyx,dun-morogh,288,mage,frost,18,3,15
Magó,eredar,287,mage,frost,6,3,3
Fumachustas,kazzak,287,mage,frost,6,3,3
Valtarisoo,amanthul,287,mage,frost,6,3,3
Magjaw,twisting-nether,287,mage,frost,6,3,3
Sylênna,kazzak,287,mage,frost,9,4,5
Kasus,sporeggar,287,mage,frost,12,3,9
Familyfrost,thunderhorn,287,mage,frost,12,3,9
Freeto,blackmoore,286,mage,frost,6,3,3
Rosenkrauz,kul-tiras,280,mage,frost,26,3,23
Torryel,silvermoon,256,mage,frost,10,3,7
Колдунская,gordunni,255,mage,frost,11,3,8
Ëloenn,dalaran,255,mage,frost,11,3,8
Iif,zirkel-des-cenarius,239,mage,frost,5,3,2
Райдзен,greymane,234,mage,frost,21,4,17
Setyon,burning-legion,223,mage,frost,8,3,5
Шеллестун,soulflayer,208,mage,frost,7,3,4
Viro,defias-brotherhood,192,mage,frost,9,3,6
Dalaras,archimonde,192,mage,frost,6,2,4
Magovix,archimonde,192,mage,frost,6,2,4
Perfection,cthun,192,mage,frost,6,2,4
Feath,ravencrest,192,mage,frost,6,2,4
Swørd,aggra-português,192,mage,frost,6,2,4
Grönmonster,shattered-hand,192,mage,frost,6,2,4
Банана,lich-king,192,mage,frost,6,2,4
Creak,blackhand,192,mage,frost,6,2,4
Doidadetanga,aggra-português,192,mage,frost,6,2,4
Флоой,gordunni,192,mage,frost,6,2,4
Barspin,lightnings-blade,192,mage,frost,6,2,4
Nøxas,archimonde,192,mage,frost,6,2,4
Frostbringer,archimonde,192,mage,frost,6,2,4
Labius,dun-modr,192,mage,frost,6,2,4
Infamage,draenor,192,mage,frost,6,2,4
Lïppoutou,archimonde,192,mage,frost,6,2,4
Fearbeäch,ravencrest,192,mage,frost,6,2,4
Bloodymage,zenedar,192,mage,frost,6,2,4
Ckrax,sanguino,192,mage,frost,6,2,4
Ehbehad,doomhammer,192,mage,frost,6,2,4
Галадриелька,gordunni,192,mage,frost,6,2,4
Mezaiyh,blackmoore,192,mage,frost,6,2,4
Warwizz,sanguino,192,mage,frost,6,2,4
Proxanlulz,ravencrest,192,mage,frost,6,2,4
Etherìon,los-errantes,192,mage,frost,6,2,4
Meteofrost,draenor,192,mage,frost,6,2,4
Shealá,blackhand,192,mage,frost,6,2,4
Blastus,ragnaros,192,mage,frost,6,2,4
Ingibjorg,auchindoun,192,mage,frost,6,2,4
Yunion,burning-legion,192,mage,frost,6,2,4
Бд,blackscar,192,mage,frost,6,2,4
Smokedaddy,stormscale,192,mage,frost,6,2,4
Xblaz,draenor,192,mage,frost,6,2,4
Maestrá,outland,192,mage,frost,6,2,4
Elor,eredar,192,mage,frost,6,2,4
Estupen,sanguino,192,mage,frost,6,2,4
Zheakz,kazzak,192,mage,frost,6,2,4
Ðøæø,twisting-nether,192,mage,frost,6,2,4
Sperow,marécage-de-zangar,192,mage,frost,6,2,4
Beardyman,haomarush,192,mage,frost,6,2,4
Brutal,thrall,192,mage,frost,6,2,4
Delvir,stormreaver,192,mage,frost,6,2,4
Chíefsheep,thrall,192,mage,frost,6,2,4
Thegoodoctor,kazzak,192,mage,frost,6,2,4
Dxdxdxdxdx,drakthul,192,mage,frost,6,2,4
Løxyy,ysondre,192,mage,frost,6,2,4
Naldora,turalyon,192,mage,frost,6,2,4
Sebers,kazzak,192,mage,frost,6,2,4
Maveya,blackmoore,192,mage,frost,6,2,4
Burnem,kult-der-verdammten,192,mage,frost,6,2,4
Tomia,burning-legion,192,mage,frost,6,2,4
Rizzlybear,outland,192,mage,frost,6,2,4
Kobrass,spinebreaker,192,mage,frost,6,2,4
Pumpzy,tarren-mill,192,mage,frost,6,2,4
Alieni,stormreaver,192,mage,frost,6,2,4
Gameart,alexstrasza,192,mage,frost,6,2,4
Cortis,outland,192,mage,frost,6,2,4
Welt,drakthul,192,mage,frost,6,2,4
Alleii,kazzak,192,mage,frost,6,2,4
Zerøsílgødx,antonidas,192,mage,frost,6,2,4
Xenodike,blackrock,192,mage,frost,6,2,4
Adetin,tarren-mill,192,mage,frost,6,2,4
Laciee,silvermoon,192,mage,frost,6,2,4
Frazztato,tarren-mill,192,mage,frost,6,2,4
Balmak,doomhammer,192,mage,frost,6,2,4
Tygaone,tirion,192,mage,frost,6,2,4
Ørcan,azshara,192,mage,frost,12,2,10
Xawokem,outland,192,mage,frost,12,2,10
Freezeballs,blackmoore,192,mage,frost,12,2,10
Shizzy,onyxia,192,mage,frost,12,2,10
Illiot,twisting-nether,192,mage,frost,12,2,10
Магниффика,blackscar,192,mage,frost,12,2,10
Mariujana,ravencrest,192,mage,frost,12,2,10
Rapidfrost,drakthul,192,mage,frost,12,2,10
Myriel,thrall,192,mage,frost,12,2,10
Portnography,draenor,192,mage,frost,12,2,10
Bêta,dun-modr,192,mage,frost,12,2,10
Pogmage,blackrock,192,mage,frost,12,2,10
Shallari,argent-dawn,192,mage,frost,12,2,10
Braínfreeze,kazzak,192,mage,frost,12,2,10
Flamê,ragnaros,192,mage,frost,12,2,10
Funakin,blackrock,192,mage,frost,12,2,10
Boned,ravencrest,192,mage,frost,12,2,10
Hruon,ravenholdt,192,mage,frost,15,2,13
Malicä,ravencrest,192,mage,frost,18,2,16
Aaropalli,kazzak,191,mage,frost,6,2,4
Makkertje,silvermoon,191,mage,frost,6,2,4
Faithseed,dun-modr,191,mage,frost,6,2,4
Illusionx,grim-batol,191,mage,frost,6,2,4
Mátraxx,silvermoon,191,mage,frost,12,2,10
Magipus,anetheron,190,mage,frost,12,2,10
Azadan,pozzo-delleternità,159,mage,frost,5,2,3
Ivailo,ravencrest,159,mage,frost,5,2,3
Dødo,archimonde,159,mage,frost,5,2,3
Aerathâ,blackrock,159,mage,frost,5,2,3
Kyan,burning-legion,159,mage,frost,5,2,3
Codeincassie,blackhand,138,mage,frost,10,4,6
Zôot,ravencrest,138,mage,frost,11,4,7
Ehren,ravencrest,138,mage,frost,10,3,7
Distrophy,vashj,138,mage,frost,12,3,9
Xyhno,eredar,137,mage,frost,7,3,4
Klivapå,aggramar,128,mage,frost,4,2,2
Skitsó,shadowsong,127,mage,frost,4,2,2
Arghen,nemesis,105,mage,frost,13,3,10
Firestárter,ravencrest,96,mage,frost,3,2,1
Ntintsec,tarren-mill,96,mage,frost,3,2,1
Лрее,gordunni,96,mage,frost,6,1,5
Aarcheon,kazzak,96,mage,frost,6,1,5
Stace,area-52,96,mage,frost,6,1,5
Rezre,stormscale,96,mage,frost,6,1,5
Atírpá,doomhammer,96,mage,frost,6,1,5
Dyen,hyjal,96,mage,frost,6,1,5
Alphaburstqx,ragnaros,96,mage,frost,6,1,5
Graell,archimonde,96,mage,frost,6,1,5
Niladyel,hyjal,96,mage,frost,6,1,5
Dzomage,kazzak,96,mage,frost,6,1,5
Saytmage,ragnaros,96,mage,frost,6,1,5
Nåzmyz,outland,96,mage,frost,6,1,5
Rilac,nordrassil,96,mage,frost,6,1,5
Larmp,outland,96,mage,frost,6,1,5
Teeclis,twisting-nether,96,mage,frost,6,1,5
Nullso,zuljin,96,mage,frost,6,1,5
Capz,outland,96,mage,frost,6,1,5
Kosso,twisting-nether,96,mage,frost,6,1,5
Arogance,archimonde,96,mage,frost,6,1,5
Romaga,quelthalas,96,mage,frost,6,1,5
Loskapaska,stormreaver,96,mage,frost,6,1,5
Vali,drakthul,96,mage,frost,6,1,5
Homeessa,stormreaver,96,mage,frost,6,1,5
Testoletku,twisting-nether,96,mage,frost,6,1,5
Колтрэйн,blackscar,96,mage,frost,6,1,5
Dwarfyy,frostmane,96,mage,frost,6,1,5
Mystikj,arathor,96,mage,frost,6,1,5
Statîc,bronzebeard,96,mage,frost,6,1,5
Sheeptonreup,archimonde,96,mage,frost,6,1,5
Кагумми,gordunni,96,mage,frost,6,1,5
Devòna,silvermoon,96,mage,frost,6,1,5
Squìshy,magtheridon,96,mage,frost,6,1,5
Nekroulis,agamaggan,96,mage,frost,6,1,5
Fumandalonso,sanguino,96,mage,frost,6,1,5
Kpacey,guldan,96,mage,frost,6,1,5
Холдми,gordunni,96,mage,frost,6,1,5
Одз,grom,96,mage,frost,6,1,5
Mëgu,silvermoon,96,mage,frost,6,1,5
Luxxurious,xavius,96,mage,frost,6,1,5
Деорро,gordunni,96,mage,frost,6,1,5
Luckymango,alakir,96,mage,frost,6,1,5
Froostii,aegwynn,96,mage,frost,6,1,5
Мэджиксул,grom,96,mage,frost,6,1,5
Petri,laughing-skull,96,mage,frost,6,1,5
Fîrestorm,doomhammer,96,mage,frost,6,1,5
Jonku,tarren-mill,96,mage,frost,6,1,5
Spamblink,archimonde,96,mage,frost,9,1,8
Snowy,sargeras,96,mage,frost,12,1,11
Kyraja,arthas,96,mage,frost,12,1,11
Ploufatak,hyjal,96,mage,frost,18,1,17
Aurayaa,teldrassil,95,mage,frost,11,1,10
Elkayizer,archimonde,95,mage,frost,12,1,11
Bagss,ysondre,95,mage,frost,12,1,11
Nalord,saurfang,95,mage,frost,12,1,11
Milhoux,ysondre,79,mage,frost,5,1,4
Maege,ragnaros,63,mage,frost,2,2,0
Magebraín,ravencrest,63,mage,frost,2,2,0
Gocu,tarren-mill,63,mage,frost,2,2,0
Holginho,twilights-hammer,42,mage,frost,17,7,10
Aeghis,darkspear,42,mage,frost,10,3,7
Mayreel,antonidas,42,mage,frost,11,3,8
Интровертка,blackscar,31,mage,frost,2,1,1
Yoxt,blackhand,31,mage,frost,2,1,1
Flizwiz,ragnaros,16,mage,frost,7,1,6
Xaramael,colinas-pardas,8,mage,frost,9,3,6
Fisterino,zuljin,2304,monk,mistweaver,54,42,12
Cocojones,tarren-mill,2286,monk,mistweaver,108,76,32
Nnsstt,zuljin,2277,monk,mistweaver,104,64,40
Bankmw,tarren-mill,2265,monk,mistweaver,77,52,25
Brickedup,twisting-nether,2246,monk,mistweaver,139,81,58
Fister,zuljin,2219,monk,mistweaver,65,43,22
Ballademager,magtheridon,2218,monk,mistweaver,96,59,37
Montex,stormscale,2210,monk,mistweaver,96,53,43
Lp,mugthol,2206,monk,mistweaver,78,52,26
Онимэшнеца,gordunni,2170,monk,mistweaver,77,48,29
Zaerin,eredar,2155,monk,mistweaver,67,39,28
Quendiz,frostwolf,2152,monk,mistweaver,90,49,41
Iminar,blackrock,2149,monk,mistweaver,72,45,27
Вульфхильда,soulflayer,2146,monk,mistweaver,246,144,102
Nawak,archimonde,2144,monk,mistweaver,201,108,93
Vivie,destromath,2142,monk,mistweaver,72,46,26
Çoomðragon,stormscale,2139,monk,mistweaver,48,33,15
Akanetsu,kazzak,2139,monk,mistweaver,138,80,58
Monkield,kazzak,2136,monk,mistweaver,182,120,62
Chsx,ravencrest,2134,monk,mistweaver,90,64,26
Mønkeÿ,ravencrest,2130,monk,mistweaver,70,42,28
Ltmxy,ravencrest,2127,monk,mistweaver,66,40,26
Umadbrohuh,outland,2126,monk,mistweaver,66,39,27
Meliowo,ravencrest,2125,monk,mistweaver,90,51,39
Фунтос,soulflayer,2124,monk,mistweaver,66,41,25
Chichigneux,hyjal,2123,monk,mistweaver,87,60,27
Tryhârdx,stormscale,2122,monk,mistweaver,84,45,39
Trashcarlita,eredar,2120,monk,mistweaver,84,48,36
Beetlejuicé,stormscale,2118,monk,mistweaver,42,28,14
Loofey,ragnaros,2117,monk,mistweaver,218,128,90
Vanost,kazzak,2114,monk,mistweaver,90,45,45
Bighealz,aggra-português,2113,monk,mistweaver,77,43,34
Bigbøøty,silvermoon,2112,monk,mistweaver,90,46,44
Cranex,terenas,2109,monk,mistweaver,118,72,46
Glooni,blackrock,2108,monk,mistweaver,75,46,29
Кимлейн,blackscar,2108,monk,mistweaver,48,29,19
Shonbadatret,argent-dawn,2108,monk,mistweaver,90,54,36
Donitrivegas,blackrock,2106,monk,mistweaver,126,85,41
Bobthewild,draenor,2104,monk,mistweaver,449,233,216
Sinted,blackmoore,2103,monk,mistweaver,83,52,31
Lifelessons,blackrock,2103,monk,mistweaver,57,34,23
Swoshz,ragnaros,2103,monk,mistweaver,66,33,33
Mibe,alonsus,2103,monk,mistweaver,108,53,55
Blubberwurst,gorgonnash,2102,monk,mistweaver,130,74,56
Flowy,uldum,2101,monk,mistweaver,60,31,29
Kêkburagol,kazzak,2100,monk,mistweaver,126,83,43
Глитч,deepholm,2100,monk,mistweaver,66,43,23
Yellowtape,kiljaeden,2100,monk,mistweaver,215,127,88
Commadore,draenor,2097,monk,mistweaver,84,39,45
Хапаюивтыкаю,gordunni,2094,monk,mistweaver,60,41,19
Botweaver,tarren-mill,2091,monk,mistweaver,48,32,16
Kêkbûrâgól,kazzak,2090,monk,mistweaver,133,76,57
Lylleri,darksorrow,2089,monk,mistweaver,68,40,28
Tímmz,blackrock,2088,monk,mistweaver,96,56,40
Lyashi,dalaran,2077,monk,mistweaver,84,45,39
Леолайт,borean-tundra,2075,monk,mistweaver,118,68,50
Kurbanov,stormscale,2069,monk,mistweaver,75,40,35
Pizzabud,ravencrest,2068,monk,mistweaver,64,43,21
Øllen,stormscale,2062,monk,mistweaver,71,41,30
Webhottie,twisting-nether,2061,monk,mistweaver,96,56,40
Wajoba,blackhand,2061,monk,mistweaver,102,51,51
Joke,ragnaros,2059,monk,mistweaver,102,51,51
Monkrah,blackmoore,2047,monk,mistweaver,60,35,25
Tigermw,twisting-nether,2040,monk,mistweaver,67,45,22
Monkeyi,silvermoon,2040,monk,mistweaver,108,57,51
Zevenblad,stormscale,2036,monk,mistweaver,82,43,39
Loiyah,dun-modr,2034,monk,mistweaver,60,34,26
Turricane,blackmoore,2031,monk,mistweaver,96,46,50
Mergina,silvermoon,2026,monk,mistweaver,66,37,29
Pennyflame,stormscale,2026,monk,mistweaver,125,67,58
Cítysushi,draenor,2023,monk,mistweaver,57,37,20
Seeyoulater,nemesis,2021,monk,mistweaver,246,125,121
Adgoh,tarren-mill,2018,monk,mistweaver,58,43,15
Stringg,zuljin,2016,monk,mistweaver,306,169,137
Кулакх,blackscar,2012,monk,mistweaver,106,59,47
Ðalvan,blackrock,2011,monk,mistweaver,78,39,39
Fåtjøë,ravencrest,2010,monk,mistweaver,48,31,17
Flandersmonk,ravencrest,2008,monk,mistweaver,90,57,33
Шортмневноги,howling-fjord,2008,monk,mistweaver,137,74,63
Qwertyxo,draenor,2005,monk,mistweaver,111,71,40
Monkeystar,archimonde,2004,monk,mistweaver,66,38,28
Ouhmaikgød,dun-modr,2003,monk,mistweaver,94,48,46
Суммрачная,gordunni,2002,monk,mistweaver,144,89,55
Inlakech,auchindoun,1992,monk,mistweaver,129,73,56
Mösêê,eredar,1992,monk,mistweaver,88,39,49
Couchfrmikea,twisting-nether,1991,monk,mistweaver,78,42,36
Brxndimonk,antonidas,1990,monk,mistweaver,63,35,28
Teampro,ragnaros,1990,monk,mistweaver,258,138,120
Pyrìt,blackhand,1985,monk,mistweaver,54,39,15
Holyrop,aegwynn,1982,monk,mistweaver,36,25,11
Môûsè,ravencrest,1981,monk,mistweaver,102,62,40
Mememaster,blackhand,1981,monk,mistweaver,112,68,44
Skailzkrtwo,hyjal,1979,monk,mistweaver,66,39,27
Zeoverx,ragnaros,1977,monk,mistweaver,78,36,42
Uao,tarren-mill,1971,monk,mistweaver,66,31,35
Loiyh,dun-modr,1969,monk,mistweaver,72,35,37
Calmed,tarren-mill,1968,monk,mistweaver,202,123,79
Bigbummer,blackmoore,1968,monk,mistweaver,120,68,52
Veganweaver,ravencrest,1966,monk,mistweaver,60,37,23
Manatoiled,draenor,1961,monk,mistweaver,54,34,20
Vienuolè,silvermoon,1961,monk,mistweaver,54,30,24
Ruurruuru,archimonde,1960,monk,mistweaver,78,52,26
Jemp,ravencrest,1960,monk,mistweaver,401,236,165
Howtoown,burning-legion,1960,monk,mistweaver,60,34,26
Bmane,archimonde,1960,monk,mistweaver,53,29,24
Kapud,twisting-nether,1958,monk,mistweaver,84,47,37
Arenatwo,outland,1957,monk,mistweaver,81,51,30
Karsat,hyjal,1954,monk,mistweaver,431,227,204
Sofunny,blackrock,1953,monk,mistweaver,86,50,36
Roadrunnér,ravencrest,1952,monk,mistweaver,66,35,31
Mharlie,stormscale,1948,monk,mistweaver,131,70,61
Zonsym,twisting-nether,1948,monk,mistweaver,72,38,34
Residùe,kazzak,1946,monk,mistweaver,84,50,34
Коконгкд,blackscar,1946,monk,mistweaver,292,158,134
Beili,ravencrest,1946,monk,mistweaver,79,42,37
Brickeduptwo,twisting-nether,1945,monk,mistweaver,54,48,6
Siphem,ravencrest,1935,monk,mistweaver,191,107,84
Yuukiiqt,kult-der-verdammten,1934,monk,mistweaver,83,47,36
Homes,blackmoore,1933,monk,mistweaver,84,50,34
Dmonkz,magtheridon,1932,monk,mistweaver,36,26,10
Ltmdwarf,ravencrest,1932,monk,mistweaver,72,36,36
Кулачонка,blackscar,1928,monk,mistweaver,42,23,19
Monkeymain,tarren-mill,1926,monk,mistweaver,53,29,24
Stemanit,draenor,1920,monk,mistweaver,65,40,25
Halùnkè,eredar,1917,monk,mistweaver,147,84,63
Gronkr,draenor,1916,monk,mistweaver,94,50,44
Djsqx,outland,1915,monk,mistweaver,30,20,10
Ashm,shattered-halls,1915,monk,mistweaver,60,30,30
Гроксси,howling-fjord,1914,monk,mistweaver,128,79,49
Ûnknöw,archimonde,1910,monk,mistweaver,66,39,27
Srdarr,kazzak,1910,monk,mistweaver,72,39,33
Ганссмонк,blackscar,1909,monk,mistweaver,54,28,26
Bigmilkies,ysondre,1907,monk,mistweaver,72,39,33
Meemyo,blackmoore,1904,monk,mistweaver,83,34,49
Dragzol,tarren-mill,1903,monk,mistweaver,114,59,55
Moariann,drakthul,1902,monk,mistweaver,120,64,56
Muchobijca,defias-brotherhood,1900,monk,mistweaver,78,44,34
Shirkán,ragnaros,1899,monk,mistweaver,162,90,72
Subàru,draenor,1898,monk,mistweaver,93,60,33
Рендикаое,soulflayer,1897,monk,mistweaver,181,104,77
Боецкфц,soulflayer,1897,monk,mistweaver,58,33,25
Seventhirty,ravencrest,1896,monk,mistweaver,36,20,16
Capkum,dun-modr,1895,monk,mistweaver,84,44,40
Pwner,daggerspine,1893,monk,mistweaver,281,146,135
Æøwyn,ragnaros,1892,monk,mistweaver,88,61,27
Zanzetsu,twisting-nether,1891,monk,mistweaver,137,76,61
Dmonk,aegwynn,1891,monk,mistweaver,100,46,54
Manjini,blackhand,1889,monk,mistweaver,59,31,28
Neszesmonk,ragnaros,1888,monk,mistweaver,181,98,83
Voltzeig,dentarg,1888,monk,mistweaver,252,131,121
Melysà,antonidas,1885,monk,mistweaver,45,27,18
Tierrax,cthun,1880,monk,mistweaver,71,36,35
Deepl,dun-modr,1880,monk,mistweaver,54,27,27
Donkeymønk,hyjal,1874,monk,mistweaver,338,187,151
Wwvwwvwwvwwv,ragnaros,1874,monk,mistweaver,84,36,48
Ðurîmar,ravencrest,1873,monk,mistweaver,39,24,15
Yoghurtz,frostmourne,1873,monk,mistweaver,150,85,65
Rolxx,twisting-nether,1871,monk,mistweaver,86,44,42
Monkeycoke,ragnaros,1870,monk,mistweaver,35,21,14
Haìryplotter,kazzak,1869,monk,mistweaver,117,67,50
Strillen,twisting-nether,1869,monk,mistweaver,67,35,32
Inuria,ravencrest,1867,monk,mistweaver,78,54,24
Uwû,ravencrest,1866,monk,mistweaver,77,56,21
Ræïzò,dun-morogh,1865,monk,mistweaver,58,34,24
Blantai,tarren-mill,1865,monk,mistweaver,72,35,37
Тащунаскилле,thermaplugg,1862,monk,mistweaver,62,39,23
Jiafei,tarren-mill,1862,monk,mistweaver,42,25,17
Hiryu,argent-dawn,1862,monk,mistweaver,53,31,22
Effeots,blackrock,1862,monk,mistweaver,222,116,106
Zoida,azuremyst,1862,monk,mistweaver,114,59,55
Cptsensey,draenor,1861,monk,mistweaver,42,29,13
Chazu,outland,1861,monk,mistweaver,66,36,30
Youkâi,blackrock,1859,monk,mistweaver,48,31,17
Savagex,sanguino,1859,monk,mistweaver,66,35,31
Rullsimpa,ravencrest,1858,monk,mistweaver,77,34,43
Shadezz,blackmoore,1857,monk,mistweaver,52,36,16
Digzzy,draenor,1856,monk,mistweaver,63,35,28
Waramow,eredar,1855,monk,mistweaver,36,25,11
Supercoach,blackrock,1855,monk,mistweaver,111,65,46
Yexìu,kult-der-verdammten,1855,monk,mistweaver,42,23,19
Фейкнаут,soulflayer,1855,monk,mistweaver,108,57,51
Døk,twisting-nether,1852,monk,mistweaver,36,24,12
Perelman,burning-legion,1851,monk,mistweaver,84,48,36
Дамбмонк,blackscar,1849,monk,mistweaver,41,24,17
Magixc,drakthul,1849,monk,mistweaver,68,39,29
Perceptîon,thrall,1849,monk,mistweaver,71,40,31
Øméga,ravencrest,1848,monk,mistweaver,116,82,34
Sugra,frostwolf,1847,monk,mistweaver,57,36,21
Керизз,gordunni,1846,monk,mistweaver,42,27,15
Alprox,moonglade,1846,monk,mistweaver,158,83,75
Timmzý,blackmoore,1845,monk,mistweaver,48,34,14
Yamqt,thrall,1845,monk,mistweaver,42,27,15
Neisha,drakthul,1843,monk,mistweaver,102,63,39
Enveløp,stormscale,1842,monk,mistweaver,42,29,13
Pizelx,alakir,1842,monk,mistweaver,54,28,26
Musclemage,turalyon,1841,monk,mistweaver,60,31,29
Yungsooth,stormscale,1838,monk,mistweaver,53,37,16
Kratzl,blackrock,1838,monk,mistweaver,42,27,15
Pøhx,ragnaros,1837,monk,mistweaver,87,51,36
Shimmichanga,blackrock,1836,monk,mistweaver,65,42,23
Людзяо,galakrond,1836,monk,mistweaver,66,39,27
Crôcøpx,blackhand,1836,monk,mistweaver,66,33,33
Monkdrak,eredar,1835,monk,mistweaver,39,24,15
Jades,emeriss,1835,monk,mistweaver,198,99,99
Toram,burning-legion,1833,monk,mistweaver,60,29,31
Monkbtw,kazzak,1831,monk,mistweaver,36,27,9
Ønlyfäns,kazzak,1831,monk,mistweaver,112,67,45
Jamiedhism,ravencrest,1831,monk,mistweaver,54,28,26
Pitrols,twisting-nether,1830,monk,mistweaver,225,127,98
Siignmonk,ravencrest,1829,monk,mistweaver,72,38,34
Shortinlegs,silvermoon,1828,monk,mistweaver,48,28,20
Chanzey,silvermoon,1828,monk,mistweaver,228,125,103
Нубстриимс,gordunni,1828,monk,mistweaver,62,33,29
Mistyfox,aszune,1828,monk,mistweaver,95,45,50
Koguosa,outland,1827,monk,mistweaver,42,32,10
Véxyra,draenor,1827,monk,mistweaver,48,32,16
Lanory,blackmoore,1827,monk,mistweaver,42,26,16
Chitea,argent-dawn,1827,monk,mistweaver,53,30,23
Wrv,kazzak,1827,monk,mistweaver,205,109,96
Мефодийкун,howling-fjord,1826,monk,mistweaver,108,63,45
Playbîrd,archimonde,1826,monk,mistweaver,100,54,46
Brxmonki,antonidas,1826,monk,mistweaver,48,25,23
Notachi,doomhammer,1825,monk,mistweaver,243,135,108
Porcman,archimonde,1825,monk,mistweaver,141,71,70
Элонхаск,gordunni,1824,monk,mistweaver,54,29,25
Swagmonk,silvermoon,1824,monk,mistweaver,56,30,26
Cåpybårå,outland,1824,monk,mistweaver,249,131,118
Mbynxtlife,draenor,1824,monk,mistweaver,48,25,23
Vizfist,tarren-mill,1823,monk,mistweaver,54,26,28
Legsweep,blackhand,1822,monk,mistweaver,109,74,35
Taeyhung,thrall,1822,monk,mistweaver,75,47,28
Lildaddymonk,ravencrest,1822,monk,mistweaver,54,24,30
Astromune,draenor,1821,monk,mistweaver,53,32,21
Амаранточка,howling-fjord,1820,monk,mistweaver,60,38,22
Luru,outland,1820,monk,mistweaver,53,33,20
Trollroll,defias-brotherhood,1820,monk,mistweaver,132,74,58
Mobrac,twisting-nether,1820,monk,mistweaver,50,26,24
Marqinio,archimonde,1820,monk,mistweaver,60,31,29
Анстапоблх,grom,1820,monk,mistweaver,54,24,30
Hurri,krasus,1819,monk,mistweaver,36,25,11
Doffm,auchindoun,1819,monk,mistweaver,60,39,21
Bicmex,archimonde,1819,monk,mistweaver,90,42,48
Swaghäuser,blackmoore,1816,monk,mistweaver,168,94,74
Motang,blackmoore,1816,monk,mistweaver,62,34,28
Mugenzen,sanguino,1816,monk,mistweaver,36,19,17
Polch,archimonde,1816,monk,mistweaver,78,38,40
Твикса,soulflayer,1816,monk,mistweaver,114,54,60
Zulein,defias-brotherhood,1814,monk,mistweaver,36,21,15
Тамаз,gordunni,1814,monk,mistweaver,59,24,35
Шэганэ,deathguard,1813,monk,mistweaver,62,40,22
Crñ,blackmoore,1813,monk,mistweaver,44,26,18
Basilbrushxd,stormscale,1813,monk,mistweaver,48,27,21
Santoron,baelgun,1812,monk,mistweaver,63,30,33
Onlyfist,stormscale,1811,monk,mistweaver,42,28,14
Sugermum,outland,1811,monk,mistweaver,54,31,23
Claudiå,kazzak,1811,monk,mistweaver,54,27,27
Yäffa,archimonde,1809,monk,mistweaver,126,71,55
Karmasnitch,antonidas,1808,monk,mistweaver,66,38,28
Лиянь,soulflayer,1807,monk,mistweaver,96,56,40
Kilograme,tarren-mill,1806,monk,mistweaver,66,36,30
Kîrânâ,eredar,1806,monk,mistweaver,54,29,25
Aromipesäx,outland,1806,monk,mistweaver,59,31,28
Ранки,lich-king,1806,monk,mistweaver,60,27,33
Lmnsx,ravencrest,1805,monk,mistweaver,30,19,11
Fullzi,dalaran,1805,monk,mistweaver,30,19,11
Panson,twisting-nether,1804,monk,mistweaver,54,28,26
Dollyqt,ravencrest,1803,monk,mistweaver,48,28,20
Monkgolitaxd,dun-modr,1803,monk,mistweaver,198,111,87
Yum,anetheron,1803,monk,mistweaver,90,46,44
Vanicweaver,aegwynn,1802,monk,mistweaver,36,26,10
Fùckaround,emeriss,1802,monk,mistweaver,60,37,23
Notzaele,zuljin,1802,monk,mistweaver,42,23,19
Monkler,blackhand,1802,monk,mistweaver,90,43,47
Bossmanfred,outland,1801,monk,mistweaver,84,56,28
Jinxini,twisting-nether,1800,monk,mistweaver,24,19,5
Callysra,archimonde,1800,monk,mistweaver,42,30,12
Pudgefeed,silvermoon,1800,monk,mistweaver,72,42,30
Monknice,sylvanas,1800,monk,mistweaver,77,40,37
Hurricaine,hyjal,1799,monk,mistweaver,30,19,11
Brewnox,ragnaros,1797,monk,mistweaver,59,30,29
Нимбмонк,soulflayer,1796,monk,mistweaver,53,25,28
Wiwâ,outland,1794,monk,mistweaver,55,31,24
Mistyhoe,twisting-nether,1794,monk,mistweaver,83,42,41
Shurdax,silvermoon,1793,monk,mistweaver,90,49,41
Butterbean,conseil-des-ombres,1792,monk,mistweaver,45,28,17
Luvmollý,silvermoon,1787,monk,mistweaver,114,57,57
Jorahmarmond,tarren-mill,1786,monk,mistweaver,48,35,13
Threesíxníne,dun-morogh,1783,monk,mistweaver,42,22,20
Loobee,ravencrest,1782,monk,mistweaver,48,24,24
Shâng,blackhand,1780,monk,mistweaver,42,23,19
Key,stormreaver,1779,monk,mistweaver,60,40,20
Birgitbuddha,gorgonnash,1776,monk,mistweaver,84,48,36
Zöumi,ravencrest,1776,monk,mistweaver,60,31,29
Egg,frostmane,1770,monk,mistweaver,36,22,14
Lildaddymunk,ravencrest,1766,monk,mistweaver,36,21,15
Фунтих,soulflayer,1764,monk,mistweaver,40,21,19
Nêøø,blackrock,1760,monk,mistweaver,156,105,51
Барлиос,soulflayer,1760,monk,mistweaver,265,141,124
Brysiqtx,aegwynn,1760,monk,mistweaver,63,31,32
Bammemw,archimonde,1760,monk,mistweaver,54,25,29
Théverre,uldaman,1759,monk,mistweaver,165,107,58
Lünara,ambossar,1759,monk,mistweaver,78,45,33
Tráïner,madmortem,1759,monk,mistweaver,125,64,61
Räpeltäjä,stormreaver,1757,monk,mistweaver,30,24,6
Errowin,blackmoore,1756,monk,mistweaver,102,63,39
Neash,silvermoon,1756,monk,mistweaver,60,36,24
Sîono,antonidas,1755,monk,mistweaver,48,34,14
Кодизи,gordunni,1755,monk,mistweaver,35,23,12
Holyropx,aegwynn,1755,monk,mistweaver,42,25,17
Sniffn,ravencrest,1754,monk,mistweaver,54,35,19
Limbaskalol,dun-modr,1754,monk,mistweaver,181,90,91
Blamethegame,hyjal,1753,monk,mistweaver,35,24,11
Actionsusi,area-52,1753,monk,mistweaver,48,27,21
Stifmeister,tarren-mill,1750,monk,mistweaver,94,50,44
Milkhy,minahonda,1750,monk,mistweaver,82,43,39
Эрмилинда,gordunni,1749,monk,mistweaver,54,26,28
Kaezm,blackrock,1746,monk,mistweaver,42,26,16
Xámell,ravencrest,1746,monk,mistweaver,36,19,17
Seandyche,ravencrest,1744,monk,mistweaver,34,23,11
Dewamønk,blackmoore,1744,monk,mistweaver,40,23,17
Mafiazøo,hyjal,1743,monk,mistweaver,66,43,23
Simòna,dun-modr,1743,monk,mistweaver,216,115,101
Papimonkx,garona,1743,monk,mistweaver,42,20,22
Mcscrub,ragnaros,1742,monk,mistweaver,35,24,11
Jerymonk,tarren-mill,1742,monk,mistweaver,162,91,71
Kickin,burning-legion,1740,monk,mistweaver,40,26,14
Xoconut,kazzak,1739,monk,mistweaver,232,126,106
Shyheimyo,outland,1739,monk,mistweaver,48,23,25
Mugotea,twisting-nether,1736,monk,mistweaver,60,33,27
Fatdad,magtheridon,1735,monk,mistweaver,83,41,42
Nsq,ravencrest,1731,monk,mistweaver,48,26,22
Greentape,kiljaeden,1730,monk,mistweaver,42,27,15
Prototyp,burning-legion,1729,monk,mistweaver,36,23,13
Grauwe,stormscale,1728,monk,mistweaver,39,25,14
Konnîchîwa,kazzak,1727,monk,mistweaver,125,70,55
Эифорйя,howling-fjord,1726,monk,mistweaver,58,25,33
Cykatea,dun-modr,1725,monk,mistweaver,348,190,158
Yadokaí,darkmoon-faire,1724,monk,mistweaver,48,23,25
Myeers,dun-modr,1723,monk,mistweaver,153,79,74
Wajøba,blackhand,1722,monk,mistweaver,36,18,18
Séi,kazzak,1721,monk,mistweaver,36,18,18
Mwrbg,shadowsong,1720,monk,mistweaver,113,63,50
Poohya,silvermoon,1720,monk,mistweaver,36,18,18
Chimara,kazzak,1718,monk,mistweaver,79,45,34
Déffly,ravencrest,1717,monk,mistweaver,24,18,6
Аскмилол,deathweaver,1717,monk,mistweaver,60,35,25
Kóan,stormscale,1717,monk,mistweaver,93,45,48
Мичан,howling-fjord,1716,monk,mistweaver,114,65,49
Минимонахх,blackscar,1714,monk,mistweaver,48,30,18
Alë,argent-dawn,1714,monk,mistweaver,105,65,40
Blacktee,eredar,1714,monk,mistweaver,36,21,15
Merína,ragnaros,1714,monk,mistweaver,207,109,98
Olympiiee,archimonde,1713,monk,mistweaver,293,157,136
Ashjaxa,silvermoon,1710,monk,mistweaver,42,18,24
Enoffovicz,archimonde,1709,monk,mistweaver,48,34,14
Meldi,ravencrest,1709,monk,mistweaver,42,24,18
Ivanzamonka,stormscale,1708,monk,mistweaver,71,47,24
Babbub,tarren-mill,1707,monk,mistweaver,60,36,24
Tjann,stormscale,1706,monk,mistweaver,48,33,15
Бладмонки,soulflayer,1706,monk,mistweaver,60,38,22
Shyheim,outland,1705,monk,mistweaver,48,36,12
Öhlinmonk,outland,1704,monk,mistweaver,42,24,18
Adis,nerathor,1703,monk,mistweaver,48,28,20
Moontríx,kazzak,1703,monk,mistweaver,48,21,27
Djpunchable,blackrock,1701,monk,mistweaver,35,26,9
Chünlii,dun-modr,1701,monk,mistweaver,54,25,29
Shigong,hellscream,1700,monk,mistweaver,66,36,30
Артэкрио,soulflayer,1699,monk,mistweaver,42,32,10
Trifogeorge,archimonde,1699,monk,mistweaver,36,21,15
Ziibaa,outland,1698,monk,mistweaver,42,28,14
Evad,kazzak,1698,monk,mistweaver,66,41,25
Wernos,archimonde,1698,monk,mistweaver,48,25,23
ßojo,kazzak,1697,monk,mistweaver,75,51,24
Rullefald,stormscale,1697,monk,mistweaver,102,57,45
Акли,gordunni,1696,monk,mistweaver,36,24,12
Stramonk,nemesis,1696,monk,mistweaver,189,94,95
Quendi,frostwolf,1695,monk,mistweaver,36,23,13
Вакидзави,gordunni,1694,monk,mistweaver,48,31,17
Кикподхвост,blackscar,1694,monk,mistweaver,60,26,34
Jabington,aegwynn,1693,monk,mistweaver,87,51,36
Milkabtw,kazzak,1692,monk,mistweaver,39,25,14
Фучой,howling-fjord,1692,monk,mistweaver,57,34,23
Táuriéll,eredar,1692,monk,mistweaver,36,18,18
Кербю,gordunni,1690,monk,mistweaver,42,23,19
Irêfutabil,sylvanas,1688,monk,mistweaver,63,34,29
Skïrmíshgødx,ravencrest,1688,monk,mistweaver,48,20,28
Kebabrolle,blackrock,1685,monk,mistweaver,36,20,16
Kukn,twisting-nether,1683,monk,mistweaver,69,35,34
Fìstpwnjk,forscherliga,1681,monk,mistweaver,110,71,39
Suliya,zuluhed,1681,monk,mistweaver,48,28,20
Cdriscas,aggra-português,1681,monk,mistweaver,59,32,27
Mîstxd,kazzak,1679,monk,mistweaver,53,30,23
Sadmw,archimonde,1679,monk,mistweaver,36,20,16
Oikodomos,twisting-nether,1679,monk,mistweaver,53,28,25
Papours,ysondre,1676,monk,mistweaver,30,22,8
Rogvi,argent-dawn,1674,monk,mistweaver,156,74,82
Monkwithlove,blackhand,1673,monk,mistweaver,48,27,21
Pogimonkey,ragnaros,1673,monk,mistweaver,48,25,23
Dog,garona,1672,monk,mistweaver,48,20,28
Аци,blackscar,1671,monk,mistweaver,47,31,16
Dokternelg,silvermoon,1671,monk,mistweaver,36,23,13
Hokespokus,silvermoon,1671,monk,mistweaver,59,37,22
Ipmanlol,archimonde,1670,monk,mistweaver,102,60,42
Gréèñðrägôñ,stormscale,1668,monk,mistweaver,30,22,8
Bullergøjen,ravencrest,1668,monk,mistweaver,78,52,26
Elmezz,burning-legion,1668,monk,mistweaver,39,19,20
Zorkev,dun-modr,1667,monk,mistweaver,113,63,50
Dearmw,silvermoon,1666,monk,mistweaver,90,50,40
Áyell,archimonde,1665,monk,mistweaver,81,52,29
Rngmåchínè,ravencrest,1665,monk,mistweaver,54,30,24
Steveé,kazzak,1664,monk,mistweaver,36,25,11
Cøcøøn,blackrock,1664,monk,mistweaver,38,20,18
Piednuques,archimonde,1664,monk,mistweaver,42,19,23
Féfè,archimonde,1663,monk,mistweaver,42,22,20
Onlyfunn,sanguino,1661,monk,mistweaver,60,33,27
Insømnia,ragnaros,1660,monk,mistweaver,34,21,13
Jacksa,bronze-dragonflight,1660,monk,mistweaver,152,74,78
Jolude,nemesis,1659,monk,mistweaver,72,37,35
Heramonk,dun-modr,1659,monk,mistweaver,46,22,24
Pamtu,dun-modr,1658,monk,mistweaver,66,41,25
Elvand,twisting-nether,1656,monk,mistweaver,66,39,27
Репаблликуес,gordunni,1656,monk,mistweaver,34,20,14
Varyat,uldum,1656,monk,mistweaver,41,24,17
Trollandroll,stormscale,1655,monk,mistweaver,131,71,60
Эддрос,gordunni,1655,monk,mistweaver,66,35,31
Mangi,rexxar,1655,monk,mistweaver,72,37,35
Meltfistqt,ravencrest,1654,monk,mistweaver,112,52,60
Maikez,stormreaver,1654,monk,mistweaver,46,19,27
Koraxx,blackmoore,1652,monk,mistweaver,78,41,37
Ínsanez,dun-modr,1651,monk,mistweaver,36,18,18
Джулибубба,borean-tundra,1650,monk,mistweaver,48,30,18
Handarbetare,ravencrest,1650,monk,mistweaver,52,24,28
Skailzkrt,hyjal,1649,monk,mistweaver,43,19,24
Hôn,sanguino,1648,monk,mistweaver,35,25,10
Бадика,howling-fjord,1648,monk,mistweaver,174,96,78
Yukimøn,hyjal,1646,monk,mistweaver,74,54,20
Pikemi,dun-modr,1646,monk,mistweaver,66,40,26
Fulgrem,stormscale,1646,monk,mistweaver,63,38,25
Otemøøn,sanguino,1646,monk,mistweaver,45,25,20
Diffenbachia,outland,1645,monk,mistweaver,81,54,27
Imeon,dun-modr,1644,monk,mistweaver,30,18,12
Эрмонд,soulflayer,1644,monk,mistweaver,44,23,21
Unsanegodx,ravencrest,1643,monk,mistweaver,48,35,13
Eugenn,alonsus,1643,monk,mistweaver,52,29,23
Нийтринно,howling-fjord,1643,monk,mistweaver,36,19,17
Jingfeng,arthas,1643,monk,mistweaver,131,60,71
Nepho,twisting-nether,1642,monk,mistweaver,38,23,15
Hamsster,ravencrest,1641,monk,mistweaver,96,49,47
Hajlong,outland,1641,monk,mistweaver,42,21,21
Binkote,zuljin,1640,monk,mistweaver,101,59,42
Mer,outland,1640,monk,mistweaver,44,24,20
Fistify,destromath,1639,monk,mistweaver,24,20,4
Saneshayne,ravencrest,1639,monk,mistweaver,29,18,11
Timboqt,blackmoore,1638,monk,mistweaver,70,43,27
Uftis,thrall,1637,monk,mistweaver,77,56,21
Uckkm,ragnaros,1637,monk,mistweaver,42,24,18
Apolskis,ravencrest,1636,monk,mistweaver,42,30,12
Karoou,kelthuzad,1635,monk,mistweaver,89,48,41
Soulring,kazzak,1634,monk,mistweaver,51,23,28
Orfantal,ravencrest,1631,monk,mistweaver,60,38,22
Bonk,defias-brotherhood,1631,monk,mistweaver,47,22,25
Монккд,gordunni,1630,monk,mistweaver,165,94,71
Orcimon,draenor,1630,monk,mistweaver,30,17,13
Youssee,silvermoon,1629,monk,mistweaver,186,102,84
Pe,blackhand,1628,monk,mistweaver,66,37,29
Ryx,twisting-nether,1628,monk,mistweaver,49,22,27
Løta,blackmoore,1627,monk,mistweaver,30,20,10
Papermakerx,blackrock,1627,monk,mistweaver,46,28,18
Patiencebro,archimonde,1627,monk,mistweaver,48,23,25
Problematic,blackmoore,1626,monk,mistweaver,30,17,13
Soulxq,blackrock,1626,monk,mistweaver,135,74,61
Twistie,aegwynn,1626,monk,mistweaver,36,17,19
Йорита,soulflayer,1625,monk,mistweaver,30,17,13
Старыйхиро,gordunni,1624,monk,mistweaver,24,17,7
Yotke,ravencrest,1624,monk,mistweaver,48,30,18
Yto,gorgonnash,1624,monk,mistweaver,30,17,13
Sâu,twisting-nether,1623,monk,mistweaver,30,17,13
Akkadianx,ravencrest,1622,monk,mistweaver,53,30,23
Ultdave,eredar,1622,monk,mistweaver,105,58,47
Elhäbedehä,eredar,1622,monk,mistweaver,182,90,92
Happymonktwo,ravencrest,1621,monk,mistweaver,112,59,53
Kapitan,sanguino,1620,monk,mistweaver,75,48,27
Issho,der-rat-von-dalaran,1620,monk,mistweaver,36,19,17
Almonkdiga,sanguino,1620,monk,mistweaver,42,19,23
Quickmist,draenor,1617,monk,mistweaver,83,50,33
Jpstwo,gorgonnash,1617,monk,mistweaver,54,28,26
Jetleê,eredar,1617,monk,mistweaver,138,71,67
Saáru,argent-dawn,1616,monk,mistweaver,42,26,16
Mistïnguette,dalaran,1616,monk,mistweaver,144,87,57
Sushiroller,blackrock,1616,monk,mistweaver,30,17,13
Kwa,grim-batol,1616,monk,mistweaver,69,37,32
Fansolini,burning-legion,1616,monk,mistweaver,46,22,24
Vasknem,hyjal,1615,monk,mistweaver,66,45,21
Ceeja,blackmoore,1615,monk,mistweaver,137,76,61
Extrimist,sylvanas,1615,monk,mistweaver,99,52,47
Kaizetsu,drakthul,1614,monk,mistweaver,36,27,9
Wwception,blackrock,1614,monk,mistweaver,38,22,16
Sensorium,ravencrest,1614,monk,mistweaver,108,59,49
Watchmedamp,draenor,1613,monk,mistweaver,176,104,72
Sart,aerie-peak,1612,monk,mistweaver,42,22,20
Correforrest,dun-modr,1611,monk,mistweaver,57,42,15
Zodyiac,blackrock,1611,monk,mistweaver,41,29,12
Jayber,laughing-skull,1611,monk,mistweaver,36,22,14
Сэм,gordunni,1610,monk,mistweaver,30,21,9
Kåýðø,archimonde,1610,monk,mistweaver,72,42,30
Биак,howling-fjord,1609,monk,mistweaver,38,23,15
Kitingbuddha,aegwynn,1609,monk,mistweaver,114,62,52
Plebmonkx,frostmane,1609,monk,mistweaver,185,98,87
Nirexi,blackrock,1609,monk,mistweaver,63,32,31
Zanizu,blackhand,1608,monk,mistweaver,48,27,21
Chiuna,sylvanas,1608,monk,mistweaver,36,20,16
Ignygodx,ragnaros,1608,monk,mistweaver,35,19,16
Cerrya,silvermoon,1608,monk,mistweaver,48,21,27
Xameht,the-maelstrom,1607,monk,mistweaver,86,42,44
Vanoarabidze,ravencrest,1607,monk,mistweaver,54,25,29
Ulns,blackrock,1607,monk,mistweaver,60,25,35
Òó,vashj,1606,monk,mistweaver,66,33,33
Igozoom,draenor,1604,monk,mistweaver,36,29,7
Crazydingo,lightnings-blade,1604,monk,mistweaver,72,51,21
Riendy,silvermoon,1604,monk,mistweaver,164,92,72
Coularx,stormscale,1603,monk,mistweaver,30,17,13
Амаззонния,soulflayer,1603,monk,mistweaver,168,86,82
Xurf,draenor,1602,monk,mistweaver,30,22,8
Lizardspock,hyjal,1602,monk,mistweaver,30,17,13
Räyh,outland,1602,monk,mistweaver,57,31,26
Ричфлекс,howling-fjord,1601,monk,mistweaver,170,103,67
Zýru,ragnaros,1601,monk,mistweaver,65,38,27
Lanvia,argent-dawn,1601,monk,mistweaver,54,28,26
Yörg,eredar,1600,monk,mistweaver,51,30,21
Snookzlol,aegwynn,1600,monk,mistweaver,65,38,27
Setup,thrall,1600,monk,mistweaver,197,111,86
Jyll,malganis,1598,monk,mistweaver,77,31,46
Hardi,chamber-of-aspects,1597,monk,mistweaver,90,44,46
Dicedkiwi,quelthalas,1596,monk,mistweaver,149,85,64
Факенщет,soulflayer,1596,monk,mistweaver,36,20,16
Monkymonka,antonidas,1596,monk,mistweaver,99,52,47
Pitit,outland,1596,monk,mistweaver,66,25,41
Фапдао,howling-fjord,1594,monk,mistweaver,230,122,108
Brewstea,kazzak,1594,monk,mistweaver,66,29,37
Zenfir,sylvanas,1593,monk,mistweaver,74,46,28
Chàrràth,blackmoore,1593,monk,mistweaver,121,62,59
Crymonkya,aegwynn,1592,monk,mistweaver,102,61,41
Bigdaddypump,blackmoore,1590,monk,mistweaver,30,17,13
Elmonkodonko,draenor,1590,monk,mistweaver,30,17,13
Brüderlichke,elune,1590,monk,mistweaver,42,19,23
Jeydi,ravencrest,1586,monk,mistweaver,74,44,30
Çz,tarren-mill,1585,monk,mistweaver,30,17,13
Слишкомхорош,thermaplugg,1580,monk,mistweaver,23,17,6
Fisterinos,blackrock,1580,monk,mistweaver,84,54,30
Barracüs,dun-modr,1580,monk,mistweaver,48,29,19
Monkim,chogall,1579,monk,mistweaver,42,24,18
Fungku,azjolnerub,1577,monk,mistweaver,237,124,113
Belärus,outland,1573,monk,mistweaver,36,19,17
Warsox,aegwynn,1570,monk,mistweaver,48,26,22
Namelessmist,drakthul,1569,monk,mistweaver,42,26,16
Orgasmix,tarren-mill,1569,monk,mistweaver,42,21,21
Kirkeý,ravencrest,1568,monk,mistweaver,49,29,20
Dosakua,silvermoon,1563,monk,mistweaver,66,38,28
Лолидевочка,soulflayer,1563,monk,mistweaver,55,21,34
Gronoz,drakthul,1562,monk,mistweaver,66,43,23
Rhatid,twisting-nether,1561,monk,mistweaver,78,42,36
Shiftkin,stormscale,1560,monk,mistweaver,42,18,24
Jasonbbmist,stormscale,1558,monk,mistweaver,36,21,15
Drugashe,archimonde,1558,monk,mistweaver,192,88,104
Bitbird,zirkel-des-cenarius,1557,monk,mistweaver,42,25,17
Mushush,draenor,1557,monk,mistweaver,52,29,23
Arimira,outland,1556,monk,mistweaver,50,29,21
Musslee,elune,1556,monk,mistweaver,105,54,51
Isadri,madmortem,1555,monk,mistweaver,36,21,15
Rzi,amanthul,1555,monk,mistweaver,143,80,63
Campix,blackmoore,1555,monk,mistweaver,54,29,25
Sindresa,outland,1553,monk,mistweaver,48,25,23
Endorrphine,ravencrest,1552,monk,mistweaver,86,36,50
Idrdob,kazzak,1548,monk,mistweaver,140,78,62
Zuvzuv,the-maelstrom,1548,monk,mistweaver,42,19,23
Taìka,archimonde,1546,monk,mistweaver,27,17,10
Prettysus,silvermoon,1546,monk,mistweaver,66,41,25
Macpunchy,defias-brotherhood,1545,monk,mistweaver,30,18,12
Rulletunna,grim-batol,1545,monk,mistweaver,30,17,13
Авентусс,howling-fjord,1544,monk,mistweaver,30,22,8
Whoszeus,archimonde,1544,monk,mistweaver,72,44,28
Кулаквнос,gordunni,1543,monk,mistweaver,60,30,30
Вдыхайтуман,gordunni,1542,monk,mistweaver,96,52,44
Тевикс,gordunni,1542,monk,mistweaver,60,30,30
Индоран,howling-fjord,1541,monk,mistweaver,66,47,19
Самадайка,howling-fjord,1539,monk,mistweaver,128,69,59
Botspec,twisting-nether,1537,monk,mistweaver,40,27,13
Mmrkick,kazzak,1537,monk,mistweaver,36,18,18
Cubw,archimonde,1537,monk,mistweaver,36,17,19
Ticktak,archimonde,1536,monk,mistweaver,50,36,14
Wørsthealxd,alakir,1536,monk,mistweaver,34,24,10
Kushvendorx,silvermoon,1535,monk,mistweaver,41,22,19
Absolutezen,tarren-mill,1535,monk,mistweaver,66,34,32
Фуфинус,gordunni,1535,monk,mistweaver,36,16,20
Smâsh,blackhand,1534,monk,mistweaver,64,41,23
Pembi,blades-edge,1534,monk,mistweaver,80,39,41
Vitnam,auchindoun,1533,monk,mistweaver,84,51,33
Ashenore,outland,1533,monk,mistweaver,42,17,25
Прогреслал,blackscar,1532,monk,mistweaver,54,28,26
Mankee,kazzak,1531,monk,mistweaver,86,41,45
Shokko,uldaman,1530,monk,mistweaver,30,17,13
Milksbtw,kazzak,1529,monk,mistweaver,47,38,9
Windspiritt,ragnaros,1529,monk,mistweaver,54,28,26
Mistbringer,kazzak,1528,monk,mistweaver,244,130,114
Saitamä,archimonde,1528,monk,mistweaver,98,45,53
Freyas,outland,1527,monk,mistweaver,53,29,24
Urbàs,blackmoore,1526,monk,mistweaver,42,29,13
Àjay,outland,1526,monk,mistweaver,24,16,8
Elity,archimonde,1525,monk,mistweaver,70,49,21
Scribzw,twisting-nether,1525,monk,mistweaver,24,16,8
Visk,blackmoore,1525,monk,mistweaver,95,54,41
Shkorwi,drakthul,1525,monk,mistweaver,30,17,13
Musashiden,twisting-nether,1525,monk,mistweaver,42,23,19
Hollymêdx,blackmoore,1521,monk,mistweaver,37,22,15
Darkkmonk,dun-modr,1521,monk,mistweaver,77,40,37
Notdearmw,shattered-hand,1520,monk,mistweaver,24,16,8
Plaguer,nordrassil,1519,monk,mistweaver,30,18,12
Eynodiggity,blackmoore,1519,monk,mistweaver,48,26,22
Kæmará,blackrock,1519,monk,mistweaver,30,16,14
Erannas,turalyon,1517,monk,mistweaver,29,16,13
Dmonk,alakir,1517,monk,mistweaver,72,34,38
Misthera,burning-legion,1517,monk,mistweaver,72,32,40
Eckø,rashgarroth,1515,monk,mistweaver,64,39,25
Sobadzlolz,alexstrasza,1515,monk,mistweaver,60,28,32
Notfist,kazzak,1513,monk,mistweaver,54,35,19
Xiaokingqvq,silvermoon,1512,monk,mistweaver,78,41,37
Kegrøll,doomhammer,1511,monk,mistweaver,42,24,18
Германика,soulflayer,1511,monk,mistweaver,86,43,43
Loddarita,ravencrest,1510,monk,mistweaver,36,28,8
Medovic,blackmoore,1510,monk,mistweaver,156,89,67
Лалафест,soulflayer,1510,monk,mistweaver,46,25,21
Oneshotmacro,spinebreaker,1509,monk,mistweaver,24,16,8
Encanthar,blackhand,1508,monk,mistweaver,219,116,103
Orkiya,archimonde,1507,monk,mistweaver,324,170,154
Saduh,thrall,1506,monk,mistweaver,30,16,14
Spoompls,argent-dawn,1505,monk,mistweaver,54,24,30
Incapme,outland,1504,monk,mistweaver,109,64,45
Gravityfist,aegwynn,1503,monk,mistweaver,36,18,18
Caniluvz,eredar,1501,monk,mistweaver,24,16,8
Гачитварина,galakrond,1499,monk,mistweaver,24,16,8
Benenutz,archimonde,1498,monk,mistweaver,36,27,9
Calmpalms,tarren-mill,1496,monk,mistweaver,63,33,30
Njursten,twilights-hammer,1496,monk,mistweaver,189,94,95
Miînd,tarren-mill,1494,monk,mistweaver,54,32,22
Monkzdino,destromath,1494,monk,mistweaver,47,24,23
Лабирончик,blackscar,1492,monk,mistweaver,22,17,5
Civix,sanguino,1492,monk,mistweaver,116,69,47
Zukatan,tarren-mill,1491,monk,mistweaver,81,45,36
Chakuro,ravencrest,1488,monk,mistweaver,30,20,10
Thuz,kazzak,1488,monk,mistweaver,63,34,29
Oregan,conseil-des-ombres,1487,monk,mistweaver,36,19,17
Moveietss,stormscale,1485,monk,mistweaver,18,16,2
Olgachocolat,blackmoore,1485,monk,mistweaver,48,39,9
Bóber,kazzak,1485,monk,mistweaver,42,22,20
Waitaminute,outland,1484,monk,mistweaver,96,58,38
Sneezao,ravencrest,1484,monk,mistweaver,150,82,68
Psychocop,drakthul,1484,monk,mistweaver,125,63,62
Leblatt,blackhand,1481,monk,mistweaver,36,24,12
Неэверида,deepholm,1480,monk,mistweaver,156,83,73
Vooxis,drakthul,1479,monk,mistweaver,30,17,13
Okdontnerf,kazzak,1478,monk,mistweaver,72,35,37
Kreynich,blackhand,1477,monk,mistweaver,36,25,11
Dìó,tarren-mill,1477,monk,mistweaver,210,117,93
Leôlulu,blackmoore,1476,monk,mistweaver,36,27,9
Lukeybabyy,defias-brotherhood,1476,monk,mistweaver,30,20,10
Влажныйтач,soulflayer,1475,monk,mistweaver,30,19,11
Fatskeleton,stormreaver,1475,monk,mistweaver,427,198,229
Quezatrix,ravencrest,1473,monk,mistweaver,132,69,63
Lacasyto,sanguino,1470,monk,mistweaver,24,17,7
Wushin,antonidas,1470,monk,mistweaver,27,17,10
Jinhee,nemesis,1468,monk,mistweaver,41,27,14
Inthepoopa,outland,1468,monk,mistweaver,96,54,42
Moistweaver,hellfire,1468,monk,mistweaver,84,44,40
Zenified,ragnaros,1468,monk,mistweaver,82,40,42
Zinnout,twisting-nether,1467,monk,mistweaver,36,26,10
Тучковский,lich-king,1464,monk,mistweaver,48,28,20
Shiesel,draenor,1464,monk,mistweaver,36,20,16
Meuhporgg,hyjal,1463,monk,mistweaver,36,25,11
Mimimatrick,hyjal,1462,monk,mistweaver,30,16,14
Zenmastêr,twisting-nether,1461,monk,mistweaver,172,95,77
Slugerpigen,stormscale,1461,monk,mistweaver,225,124,101
Endir,mazrigos,1459,monk,mistweaver,54,31,23
Pøwcow,blackrock,1459,monk,mistweaver,113,61,52
Noni,gorgonnash,1459,monk,mistweaver,65,31,34
Bullbøx,chamber-of-aspects,1459,monk,mistweaver,81,31,50
Timmyßênz,kaelthas,1456,monk,mistweaver,42,26,16
Bambøuéqtz,khaz-modan,1452,monk,mistweaver,42,27,15
Heartless,sporeggar,1448,monk,mistweaver,36,28,8
Suggy,kilrogg,1447,monk,mistweaver,36,20,16
Dekaramw,ravencrest,1439,monk,mistweaver,18,15,3
Demakis,stormscale,1439,monk,mistweaver,47,29,18
Jam,aerie-peak,1437,monk,mistweaver,18,15,3
Moohamood,argent-dawn,1436,monk,mistweaver,54,22,32
Cbmonk,sylvanas,1435,monk,mistweaver,30,21,9
Chikokon,silvermoon,1435,monk,mistweaver,43,28,15
Kungfupandy,blackmoore,1435,monk,mistweaver,145,84,61
Poyi,ravencrest,1434,monk,mistweaver,24,15,9
Подвижник,soulflayer,1434,monk,mistweaver,24,15,9
Frónzy,kazzak,1432,monk,mistweaver,53,29,24
Daitaro,ravencrest,1431,monk,mistweaver,36,21,15
Tokz,ravencrest,1430,monk,mistweaver,30,19,11
Erapanzon,nemesis,1430,monk,mistweaver,24,15,9
Nievah,argent-dawn,1430,monk,mistweaver,39,24,15
Malkaviano,kazzak,1430,monk,mistweaver,80,46,34
Striptina,blackmoore,1429,monk,mistweaver,78,45,33
Saliya,draenor,1428,monk,mistweaver,34,16,18
Puddinpop,auchindoun,1427,monk,mistweaver,61,29,32
Gigilonis,korgall,1424,monk,mistweaver,146,78,68
Farmander,silvermoon,1423,monk,mistweaver,91,57,34
Evâ,stormscale,1423,monk,mistweaver,24,15,9
Linshai,eredar,1423,monk,mistweaver,24,15,9
Yarie,blackmoore,1423,monk,mistweaver,78,39,39
Shiguru,dun-morogh,1422,monk,mistweaver,65,37,28
Xianxiaa,ravencrest,1420,monk,mistweaver,88,51,37
Panicfist,stormscale,1419,monk,mistweaver,39,19,20
Calli,auchindoun,1418,monk,mistweaver,40,16,24
Тадоичи,soulflayer,1415,monk,mistweaver,54,33,21
Biftas,nagrand,1415,monk,mistweaver,27,16,11
Bleja,blackhand,1415,monk,mistweaver,100,53,47
Eedaza,blackrock,1414,monk,mistweaver,30,20,10
Mistsen,kazzak,1414,monk,mistweaver,81,47,34
Aryaz,ravencrest,1414,monk,mistweaver,46,17,29
Vivir,stormreaver,1413,monk,mistweaver,103,58,45
Zenzu,blackmoore,1411,monk,mistweaver,30,20,10
Melamonk,ravencrest,1411,monk,mistweaver,228,111,117
Mistfistmw,outland,1410,monk,mistweaver,42,18,24
Gråce,nemesis,1408,monk,mistweaver,78,47,31
Kéza,culte-de-la-rive-noire,1407,monk,mistweaver,28,16,12
Applestrûdel,blackrock,1406,monk,mistweaver,39,23,16
Freemann,archimonde,1404,monk,mistweaver,189,102,87
Inear,chogall,1403,monk,mistweaver,133,67,66
Kify,dun-modr,1402,monk,mistweaver,33,19,14
Pandacus,silvermoon,1401,monk,mistweaver,78,35,43
Guanglee,silvermoon,1399,monk,mistweaver,34,25,9
Kroyus,antonidas,1399,monk,mistweaver,114,58,56
Saolin,emeriss,1397,monk,mistweaver,42,24,18
Benzzy,ragnaros,1394,monk,mistweaver,25,16,9
Woushou,outland,1393,monk,mistweaver,54,33,21
Løsang,blackrock,1392,monk,mistweaver,107,69,38
Caskgut,ravencrest,1391,monk,mistweaver,83,49,34
Popcornn,archimonde,1389,monk,mistweaver,54,29,25
Haxxo,die-nachtwache,1387,monk,mistweaver,32,22,10
Badcøwboy,archimonde,1387,monk,mistweaver,122,54,68
Rymz,sanguino,1385,monk,mistweaver,85,50,35
Xplosiv,twisting-nether,1384,monk,mistweaver,46,28,18
Scare,stormreaver,1384,monk,mistweaver,43,23,20
Pundok,blackrock,1383,monk,mistweaver,65,37,28
Umagon,chogall,1383,monk,mistweaver,60,29,31
Marielo,blackmoore,1382,monk,mistweaver,24,17,7
Bigballs,ysera,1382,monk,mistweaver,36,15,21
Brewzleè,ravencrest,1380,monk,mistweaver,46,22,24
Allosthenos,ravencrest,1379,monk,mistweaver,27,18,9
Kruemelkeks,frostwolf,1378,monk,mistweaver,57,33,24
Amélith,kirin-tor,1378,monk,mistweaver,42,23,19
Mommymonk,outland,1378,monk,mistweaver,33,15,18
Onlyvegan,ravencrest,1375,monk,mistweaver,28,16,12
Venac,burning-legion,1374,monk,mistweaver,101,64,37
Monarko,twisting-nether,1374,monk,mistweaver,26,16,10
Dumplings,earthen-ring,1374,monk,mistweaver,42,24,18
Dudulinda,silvermoon,1373,monk,mistweaver,72,36,36
Tetetete,silvermoon,1372,monk,mistweaver,64,30,34
Гиббискус,gordunni,1370,monk,mistweaver,30,16,14
Сильфиета,gordunni,1369,monk,mistweaver,41,26,15
Faa,archimonde,1367,monk,mistweaver,23,17,6
Beaglemo,blackrock,1366,monk,mistweaver,35,15,20
Мирюзаки,gordunni,1365,monk,mistweaver,46,24,22
Zaïn,hyjal,1364,monk,mistweaver,29,19,10
Coollann,drakthul,1364,monk,mistweaver,58,26,32
Discoelysia,outland,1363,monk,mistweaver,54,26,28
Brêwjob,archimonde,1356,monk,mistweaver,34,20,14
Pandimaci,ragnaros,1355,monk,mistweaver,89,49,40
Thayne,blades-edge,1354,monk,mistweaver,30,15,15
Romk,darkspear,1352,monk,mistweaver,36,25,11
Патаомальчик,blackscar,1352,monk,mistweaver,35,15,20
Yahní,eredar,1347,monk,mistweaver,65,37,28
Makïi,archimonde,1344,monk,mistweaver,131,73,58
Rokobasilisk,outland,1343,monk,mistweaver,24,14,10
Snówtea,silvermoon,1343,monk,mistweaver,24,14,10
Coopers,hyjal,1343,monk,mistweaver,29,16,13
Ultrasense,outland,1342,monk,mistweaver,24,14,10
Akuuji,silvermoon,1342,monk,mistweaver,24,14,10
Zagar,emeriss,1342,monk,mistweaver,24,14,10
Ipmonk,outland,1341,monk,mistweaver,18,14,4
Çheeks,kazzak,1341,monk,mistweaver,30,14,16
Tyzin,blackrock,1340,monk,mistweaver,30,17,13
Cybert,blackmoore,1339,monk,mistweaver,35,15,20
Simonex,ravencrest,1338,monk,mistweaver,18,14,4
Jeññie,stormscale,1337,monk,mistweaver,18,14,4
Teacup,aegwynn,1337,monk,mistweaver,48,32,16
Kaàli,pozzo-delleternità,1337,monk,mistweaver,24,14,10
Aseidith,tarren-mill,1337,monk,mistweaver,24,14,10
Oddessa,ravenholdt,1337,monk,mistweaver,131,69,62
Fistingfury,burning-blade,1337,monk,mistweaver,82,37,45
Rocknreroll,executus,1336,monk,mistweaver,30,14,16
Sînê,archimonde,1334,monk,mistweaver,33,19,14
Boomboôom,outland,1332,monk,mistweaver,24,14,10
Keksmash,ravencrest,1332,monk,mistweaver,30,15,15
Xarêlla,aegwynn,1332,monk,mistweaver,36,14,22
Hvnm,ravencrest,1331,monk,mistweaver,117,68,49
Acidflexx,kazzak,1331,monk,mistweaver,35,17,18
Sajin,la-croisade-écarlate,1329,monk,mistweaver,36,15,21
Ohmegah,frostmane,1327,monk,mistweaver,18,14,4
Mischenka,thrall,1327,monk,mistweaver,48,26,22
Frednmonk,twisting-nether,1327,monk,mistweaver,30,14,16
Maesha,ahnqiraj,1326,monk,mistweaver,30,14,16
Krylin,antonidas,1322,monk,mistweaver,93,45,48
Sÿldae,dun-modr,1321,monk,mistweaver,24,18,6
Kungfubatti,stormscale,1321,monk,mistweaver,73,38,35
Kwacisawhe,die-aldor,1321,monk,mistweaver,51,21,30
Vladikus,tarren-mill,1320,monk,mistweaver,105,50,55
Akalaja,alakir,1316,monk,mistweaver,34,19,15
Rebekko,pozzo-delleternità,1316,monk,mistweaver,60,22,38
Yulonian,argent-dawn,1315,monk,mistweaver,24,14,10
Genjosanso,kazzak,1315,monk,mistweaver,177,97,80
Bluum,ravencrest,1315,monk,mistweaver,42,19,23
Thegrudge,dragonblight,1315,monk,mistweaver,42,16,26
Рекилоллз,gordunni,1313,monk,mistweaver,41,22,19
Shreckmonk,burning-blade,1313,monk,mistweaver,30,14,16
Brewswíllis,tarren-mill,1312,monk,mistweaver,18,14,4
Lfmasctop,ravencrest,1312,monk,mistweaver,22,16,6
Rèddit,kazzak,1310,monk,mistweaver,78,37,41
Трикленд,azuregos,1305,monk,mistweaver,42,21,21
Onlyfísts,stormscale,1304,monk,mistweaver,48,16,32
Bizzet,jaedenar,1303,monk,mistweaver,27,17,10
Jarô,silvermoon,1301,monk,mistweaver,36,14,22
Monkgd,sylvanas,1300,monk,mistweaver,128,73,55
Quendi,arthas,1300,monk,mistweaver,191,97,94
Moinalisaa,outland,1299,monk,mistweaver,30,18,12
Vetocorleone,kazzak,1299,monk,mistweaver,123,64,59
Джоский,borean-tundra,1299,monk,mistweaver,60,23,37
Larå,ravencrest,1298,monk,mistweaver,149,76,73
Камикадзэн,gordunni,1296,monk,mistweaver,24,15,9
Mestro,argent-dawn,1296,monk,mistweaver,154,87,67
Lanuia,aegwynn,1295,monk,mistweaver,21,14,7
Rgkekw,dun-modr,1294,monk,mistweaver,54,36,18
Zenmist,kazzak,1294,monk,mistweaver,23,14,9
Guthäxlul,khazgoroth,1294,monk,mistweaver,144,75,69
Mareki,nethersturm,1293,monk,mistweaver,44,22,22
Moonica,zenedar,1291,monk,mistweaver,26,17,9
Хэйхати,gordunni,1289,monk,mistweaver,53,26,27
Tsifsakari,silvermoon,1289,monk,mistweaver,66,24,42
Loreo,burning-legion,1285,monk,mistweaver,87,50,37
Carnat,blackrock,1284,monk,mistweaver,30,17,13
Trivi,blackrock,1284,monk,mistweaver,45,24,21
Drboombay,kazzak,1283,monk,mistweaver,38,21,17
Monkehst,dun-modr,1282,monk,mistweaver,66,31,35
Jetchi,twisting-nether,1279,monk,mistweaver,101,59,42
Marrave,chogall,1279,monk,mistweaver,90,37,53
Boomshaq,defias-brotherhood,1278,monk,mistweaver,48,24,24
Numpys,sanguino,1277,monk,mistweaver,29,14,15
Bruceflea,blackrock,1275,monk,mistweaver,156,83,73
Ugras,auchindoun,1273,monk,mistweaver,36,14,22
Daltailr,silvermoon,1271,monk,mistweaver,42,17,25
Bloodpanci,ragnaros,1270,monk,mistweaver,57,32,25
Mishax,draenor,1268,monk,mistweaver,78,38,40
Boredom,wildhammer,1266,monk,mistweaver,60,35,25
Szilvia,sylvanas,1263,monk,mistweaver,48,25,23
Evelios,blackmoore,1262,monk,mistweaver,41,23,18
Baddany,sanguino,1260,monk,mistweaver,60,30,30
Nîcko,ravencrest,1259,monk,mistweaver,24,14,10
Macgyverr,outland,1258,monk,mistweaver,24,14,10
Taylorghost,ravencrest,1257,monk,mistweaver,17,14,3
Chígoku,grim-batol,1257,monk,mistweaver,52,23,29
Vanquishlølz,archimonde,1255,monk,mistweaver,45,21,24
Ðëvx,argent-dawn,1253,monk,mistweaver,90,47,43
Putrezitu,ragnaros,1252,monk,mistweaver,27,17,10
Namitsa,trollbane,1250,monk,mistweaver,30,16,14
Sheishot,kazzak,1249,monk,mistweaver,31,15,16
Katmunk,kazzak,1248,monk,mistweaver,18,13,5
Supaverli,archimonde,1248,monk,mistweaver,18,13,5
Angeryw,kazzak,1248,monk,mistweaver,18,13,5
Hialdó,sylvanas,1248,monk,mistweaver,24,14,10
Dr,sylvanas,1247,monk,mistweaver,18,13,5
Jackål,silvermoon,1247,monk,mistweaver,21,14,7
Sonydl,archimonde,1247,monk,mistweaver,22,14,8
Worf,haomarush,1247,monk,mistweaver,54,30,24
Мистерхюй,gordunni,1247,monk,mistweaver,36,16,20
Loiythree,dun-modr,1247,monk,mistweaver,30,13,17
Thiiogg,archimonde,1247,monk,mistweaver,30,13,17
Xdhehehexd,twisting-nether,1246,monk,mistweaver,18,13,5
Natsuø,nemesis,1246,monk,mistweaver,18,13,5
Йуппи,galakrond,1246,monk,mistweaver,24,13,11
Nesthorian,draenor,1246,monk,mistweaver,123,61,62
Репабликус,gordunni,1246,monk,mistweaver,30,13,17
Jiuhjitsu,blackmoore,1245,monk,mistweaver,24,13,11
Ana,eredar,1244,monk,mistweaver,24,13,11
Кубермонкер,gordunni,1243,monk,mistweaver,24,13,11
Risesx,blackmoore,1243,monk,mistweaver,24,13,11
Nìkâ,blackmoore,1243,monk,mistweaver,57,29,28
Yeetkunmeep,outland,1243,monk,mistweaver,54,25,29
Bigmckoy,kazzak,1242,monk,mistweaver,21,14,7
Ouaipäül,archimonde,1241,monk,mistweaver,24,13,11
Schane,zuluhed,1240,monk,mistweaver,18,13,5
Chibuku,burning-legion,1240,monk,mistweaver,24,13,11
Hydrôlîcz,blackrock,1238,monk,mistweaver,24,13,11
Янезнаюкенни,soulflayer,1238,monk,mistweaver,30,16,14
Kayen,frostwhisper,1238,monk,mistweaver,46,23,23
Drpajhiwo,burning-legion,1234,monk,mistweaver,52,30,22
Schaulong,blackmoore,1233,monk,mistweaver,48,21,27
Maiver,stormscale,1230,monk,mistweaver,24,14,10
Chainster,defias-brotherhood,1229,monk,mistweaver,70,35,35
Wteg,emerald-dream,1220,monk,mistweaver,30,14,16
Tripitakâ,dun-modr,1220,monk,mistweaver,65,30,35
Akùmawíns,archimonde,1218,monk,mistweaver,30,13,17
Fistus,dentarg,1214,monk,mistweaver,29,13,16
Bhasundara,turalyon,1212,monk,mistweaver,88,51,37
Badonkamonk,twilights-hammer,1209,monk,mistweaver,42,26,16
Mofisto,bladefist,1208,monk,mistweaver,60,29,31
Highmonktain,alakir,1207,monk,mistweaver,24,18,6
Mondrim,burning-legion,1207,monk,mistweaver,99,43,56
Toon,eredar,1203,monk,mistweaver,118,56,62
Ivi,neptulon,1197,monk,mistweaver,58,29,29
Ksll,silvermoon,1189,monk,mistweaver,36,17,19
Assfist,drakthul,1188,monk,mistweaver,90,51,39
Zeldrís,ragnaros,1188,monk,mistweaver,72,32,40
Nyrkkiseski,outland,1183,monk,mistweaver,17,13,4
Lcflay,archimonde,1183,monk,mistweaver,75,37,38
Siamesedream,outland,1182,monk,mistweaver,30,19,11
Phrynè,silvermoon,1182,monk,mistweaver,31,16,15
Sosyc,malganis,1181,monk,mistweaver,23,13,10
Creatinin,ragnaros,1177,monk,mistweaver,36,18,18
Elainmonk,thrall,1175,monk,mistweaver,17,13,4
Carloz,drakthul,1174,monk,mistweaver,30,16,14
Torqualis,kazzak,1174,monk,mistweaver,114,53,61
Stolas,spinebreaker,1172,monk,mistweaver,24,14,10
Fistweavr,antonidas,1171,monk,mistweaver,36,14,22
Heretogo,draenor,1170,monk,mistweaver,60,34,26
Nevelbeast,rexxar,1169,monk,mistweaver,51,27,24
Boozmoo,stormscale,1166,monk,mistweaver,22,16,6
Tintatama,aszune,1157,monk,mistweaver,87,39,48
Xwtdreamz,hyjal,1156,monk,mistweaver,36,14,22
Yuuhai,ravencrest,1152,monk,mistweaver,18,12,6
Phyxone,twisting-nether,1151,monk,mistweaver,24,12,12
Kôtsvlêkjê,outland,1151,monk,mistweaver,24,12,12
Shixen,ragnaros,1151,monk,mistweaver,24,12,12
Zesha,zuljin,1151,monk,mistweaver,30,12,18
Xado,aegwynn,1150,monk,mistweaver,18,12,6
Loorda,neptulon,1150,monk,mistweaver,24,13,11
Нунтяк,gordunni,1150,monk,mistweaver,24,12,12
Ness,hyjal,1150,monk,mistweaver,24,12,12
Ciridely,thrall,1149,monk,mistweaver,18,12,6
Bamiegoreng,aegwynn,1148,monk,mistweaver,24,12,12
Aryphus,blackmoore,1148,monk,mistweaver,24,12,12
Nrafflig,draenor,1147,monk,mistweaver,18,12,6
Kalet,ragnaros,1147,monk,mistweaver,53,26,27
Yumhai,dun-modr,1146,monk,mistweaver,24,12,12
Aeolôs,hyjal,1145,monk,mistweaver,18,12,6
Telder,sylvanas,1145,monk,mistweaver,24,12,12
Awesomebrah,the-maelstrom,1144,monk,mistweaver,18,12,6
Nimander,burning-legion,1144,monk,mistweaver,24,12,12
Tokkz,eredar,1143,monk,mistweaver,16,13,3
Shiftchenko,stormscale,1142,monk,mistweaver,42,24,18
Graffy,eonar,1141,monk,mistweaver,36,23,13
Sydras,silvermoon,1141,monk,mistweaver,134,67,67
Icantstopme,argent-dawn,1139,monk,mistweaver,18,12,6
Cicera,kazzak,1138,monk,mistweaver,30,12,18
Syyrø,silvermoon,1137,monk,mistweaver,36,12,24
Fellatia,garrosh,1134,monk,mistweaver,36,24,12
Gantz,blackhand,1134,monk,mistweaver,72,28,44
Lökmedsmör,draenor,1133,monk,mistweaver,18,12,6
Lubeï,kirin-tor,1131,monk,mistweaver,34,21,13
Bensó,stormscale,1129,monk,mistweaver,18,15,3
Galaxyfist,ragnaros,1128,monk,mistweaver,102,50,52
Friartucker,bloodhoof,1126,monk,mistweaver,51,32,19
Arathos,tichondrius,1122,monk,mistweaver,51,29,22
Dipdop,blackhand,1120,monk,mistweaver,75,39,36
Nasaislying,grim-batol,1119,monk,mistweaver,34,14,20
Trnd,draenor,1119,monk,mistweaver,41,15,26
Dharmå,norgannon,1118,monk,mistweaver,20,13,7
Jumper,xavius,1118,monk,mistweaver,24,12,12
Akiiro,aegwynn,1118,monk,mistweaver,36,15,21
Cudworth,silvermoon,1116,monk,mistweaver,18,14,4
Tsouli,twilights-hammer,1116,monk,mistweaver,24,12,12
Brünó,kazzak,1113,monk,mistweaver,54,36,18
Zøubida,draenor,1111,monk,mistweaver,24,12,12
Ляосинь,deepholm,1099,monk,mistweaver,24,12,12
Kano,burning-legion,1097,monk,mistweaver,21,13,8
Carcasce,la-croisade-écarlate,1096,monk,mistweaver,38,22,16
Alphafist,argent-dawn,1093,monk,mistweaver,24,12,12
Loctak,nathrezim,1075,monk,mistweaver,54,38,16
Celestine,mugthol,1072,monk,mistweaver,84,42,42
Bobbyknuckls,ravencrest,1064,monk,mistweaver,54,17,37
Äcé,sylvanas,1063,monk,mistweaver,31,12,19
Ninpou,blackrock,1060,monk,mistweaver,17,12,5
Enceladion,burning-legion,1060,monk,mistweaver,48,21,27
Birdymonk,boulderfist,1059,monk,mistweaver,49,31,18
Salsina,nemesis,1058,monk,mistweaver,103,54,49
Precocconx,stormreaver,1056,monk,mistweaver,18,11,7
Traickomonk,eredar,1056,monk,mistweaver,18,11,7
Izuwumi,ragnaros,1056,monk,mistweaver,18,11,7
Diorc,outland,1056,monk,mistweaver,18,11,7
Vöyage,kazzak,1056,monk,mistweaver,18,11,7
Darkmonkky,tarren-mill,1056,monk,mistweaver,24,11,13
Ffxivrefugee,argent-dawn,1056,monk,mistweaver,24,11,13
Kakor,gorgonnash,1055,monk,mistweaver,18,11,7
Taekwonroll,stormscale,1055,monk,mistweaver,18,11,7
Jûzô,illidan,1055,monk,mistweaver,18,11,7
Clemoine,archimonde,1055,monk,mistweaver,18,11,7
Darlaa,ravencrest,1055,monk,mistweaver,18,11,7
Piedliés,ravencrest,1055,monk,mistweaver,24,11,13
Bluran,dalaran,1055,monk,mistweaver,24,11,13
Cochonhalall,archimonde,1055,monk,mistweaver,24,11,13
Jakethestake,twilights-hammer,1054,monk,mistweaver,12,11,1
Rashakura,blackrock,1054,monk,mistweaver,18,11,7
Neehl,aegwynn,1054,monk,mistweaver,18,11,7
Дилейнх,gordunni,1054,monk,mistweaver,18,11,7
Hærleyquin,ravencrest,1054,monk,mistweaver,18,11,7
Lillklappz,outland,1053,monk,mistweaver,12,11,1
Psychømonk,antonidas,1053,monk,mistweaver,18,11,7
Shàká,stormscale,1052,monk,mistweaver,12,11,1
Pepesmacks,kazzak,1052,monk,mistweaver,18,11,7
Rebeka,dun-modr,1052,monk,mistweaver,18,11,7
Basthek,blackhand,1052,monk,mistweaver,30,11,19
Lambofmonkz,stormscale,1052,monk,mistweaver,36,11,25
Dachilla,gilneas,1051,monk,mistweaver,22,12,10
Achtal,blackmoore,1050,monk,mistweaver,18,11,7
Brewmâster,kazzak,1050,monk,mistweaver,24,11,13
Sandrafarm,ragnaros,1049,monk,mistweaver,30,19,11
Bukkits,argent-dawn,1048,monk,mistweaver,24,11,13
Fisticuffs,tarren-mill,1048,monk,mistweaver,24,11,13
Mjaweaver,stormscale,1046,monk,mistweaver,62,23,39
Snack,mannoroth,1045,monk,mistweaver,18,11,7
Blinkër,sanguino,1044,monk,mistweaver,18,11,7
Irphan,ravencrest,1042,monk,mistweaver,18,11,7
Ívó,ragnaros,1039,monk,mistweaver,24,11,13
Gozgajr,twisting-nether,1039,monk,mistweaver,24,11,13
Monkypunch,tarren-mill,1039,monk,mistweaver,28,12,16
Mcronald,blackhand,1031,monk,mistweaver,46,23,23
Yèna,pozzo-delleternità,1030,monk,mistweaver,114,42,72
Dèathpunch,doomhammer,1025,monk,mistweaver,54,26,28
Ugotcraned,tarren-mill,1019,monk,mistweaver,72,27,45
Zedruu,tarren-mill,1015,monk,mistweaver,24,12,12
Shoshin,stormscale,1009,monk,mistweaver,66,37,29
Октай,gordunni,1008,monk,mistweaver,18,11,7
Mwmkgodxz,archimonde,1007,monk,mistweaver,15,12,3
Ivnatorx,outland,1006,monk,mistweaver,17,11,6
Апесиинка,gordunni,1002,monk,mistweaver,24,11,13
Zenchî,ysondre,1001,monk,mistweaver,22,13,9
Fistíe,sylvanas,1001,monk,mistweaver,21,12,9
Roidcarry,blackrock,1001,monk,mistweaver,35,12,23
Lucebree,nozdormu,999,monk,mistweaver,48,18,30
Kégman,silvermoon,992,monk,mistweaver,33,18,15
Xladerzz,kazzak,991,monk,mistweaver,17,11,6
Sanhollo,stormscale,989,monk,mistweaver,17,11,6
Kelechi,stormreaver,988,monk,mistweaver,26,11,15
Wangho,magtheridon,986,monk,mistweaver,96,40,56
Heäléna,ragnaros,979,monk,mistweaver,21,15,6
Keeba,kirin-tor,965,monk,mistweaver,185,89,96
Suchergebnis,tarren-mill,964,monk,mistweaver,66,23,43
Kz,culte-de-la-rive-noire,960,monk,mistweaver,12,10,2
Vadrigar,drakthul,960,monk,mistweaver,12,10,2
Habmit,ravencrest,960,monk,mistweaver,12,10,2
Glaphan,the-maelstrom,960,monk,mistweaver,12,10,2
Dihsa,ragnaros,960,monk,mistweaver,12,10,2
Лемонк,gordunni,960,monk,mistweaver,18,10,8
Chisurgeon,outland,960,monk,mistweaver,18,10,8
Ofwgkta,moonglade,960,monk,mistweaver,18,10,8
Xoleck,aegwynn,960,monk,mistweaver,24,10,14
Citamonk,blackmoore,959,monk,mistweaver,12,10,2
Mâjô,blackhand,959,monk,mistweaver,18,10,8
Såvonnette,ysondre,959,monk,mistweaver,18,10,8
Zlodey,laughing-skull,959,monk,mistweaver,18,10,8
Valdaras,runetotem,959,monk,mistweaver,18,10,8
Xadoqt,aegwynn,959,monk,mistweaver,18,10,8
Stanimirov,outland,959,monk,mistweaver,24,10,14
Якунка,soulflayer,959,monk,mistweaver,24,10,14
Ðéliora,la-croisade-écarlate,959,monk,mistweaver,30,10,20
Zappikmonk,silvermoon,958,monk,mistweaver,12,10,2
Yuyuni,laughing-skull,958,monk,mistweaver,18,10,8
Búns,draenor,958,monk,mistweaver,18,10,8
Паклюха,howling-fjord,958,monk,mistweaver,18,10,8
Fettakules,eredar,958,monk,mistweaver,18,10,8
Doingmaster,blackrock,958,monk,mistweaver,18,10,8
Уиннии,soulflayer,958,monk,mistweaver,18,10,8
Folfimo,silvermoon,957,monk,mistweaver,18,10,8
Imamonk,tarren-mill,957,monk,mistweaver,24,10,14
Soyuz,die-aldor,956,monk,mistweaver,12,10,2
Erenaar,nemesis,956,monk,mistweaver,12,10,2
Rheinair,antonidas,956,monk,mistweaver,24,10,14
Ossifist,blackhand,955,monk,mistweaver,24,10,14
Zikzer,darksorrow,955,monk,mistweaver,24,10,14
Bruceliam,emerald-dream,955,monk,mistweaver,24,10,14
Bottomoré,silvermoon,955,monk,mistweaver,71,24,47
Applemonk,tarren-mill,954,monk,mistweaver,18,10,8
Йомо,borean-tundra,954,monk,mistweaver,30,10,20
Garmuth,tarren-mill,952,monk,mistweaver,20,10,10
Tojokirumi,dalaran,951,monk,mistweaver,12,10,2
Bèfmoka,sargeras,951,monk,mistweaver,179,85,94
Monkyd,stormscale,950,monk,mistweaver,18,10,8
Brucechi,kargath,946,monk,mistweaver,12,10,2
Gammelbruno,azshara,942,monk,mistweaver,18,10,8
Serylliah,aegwynn,942,monk,mistweaver,24,10,14
Ariä,marécage-de-zangar,930,monk,mistweaver,24,13,11
Mugn,sanguino,927,monk,mistweaver,14,11,3
Pawfong,draenor,923,monk,mistweaver,18,10,8
Ronanze,silvermoon,918,monk,mistweaver,60,30,30
Siouxxsie,thunderhorn,918,monk,mistweaver,42,10,32
Blackeyé,malganis,914,monk,mistweaver,47,25,22
Dícxi,ravencrest,910,monk,mistweaver,17,10,7
Myfresh,ysondre,910,monk,mistweaver,26,11,15
Yøøps,dalaran,908,monk,mistweaver,27,13,14
Behrens,defias-brotherhood,905,monk,mistweaver,21,11,10
Indris,dun-modr,895,monk,mistweaver,17,10,7
Changzu,sanguino,894,monk,mistweaver,30,15,15
Мишапяточка,howling-fjord,890,monk,mistweaver,12,11,1
Адскиймех,deathweaver,889,monk,mistweaver,17,10,7
Eclipsè,dragonmaw,889,monk,mistweaver,17,10,7
Rokux,kazzak,880,monk,mistweaver,19,10,9
Тиктокмонк,gordunni,877,monk,mistweaver,20,11,9
Sanchios,twisting-nether,864,monk,mistweaver,12,9,3
Remyhadley,dun-modr,864,monk,mistweaver,12,9,3
Djsnake,blackrock,864,monk,mistweaver,12,9,3
Raveleth,silvermoon,864,monk,mistweaver,12,9,3
Killibrew,ravencrest,864,monk,mistweaver,12,9,3
Tidemist,argent-dawn,864,monk,mistweaver,12,9,3
Iixil,sylvanas,864,monk,mistweaver,12,9,3
Kaguræ,hyjal,864,monk,mistweaver,18,9,9
Jiest,outland,864,monk,mistweaver,18,9,9
Zóma,ragnaros,864,monk,mistweaver,18,9,9
Monkasape,nemesis,864,monk,mistweaver,18,9,9
Lurklee,blackhand,864,monk,mistweaver,18,9,9
Flowey,uldum,864,monk,mistweaver,24,9,15
Balia,blackrock,864,monk,mistweaver,24,9,15
Lovange,silvermoon,863,monk,mistweaver,12,9,3
Backseatgmr,ravencrest,863,monk,mistweaver,12,9,3
Shabaz,draenor,863,monk,mistweaver,12,9,3
Pô,sanguino,863,monk,mistweaver,12,9,3
Kyleestrutt,stormscale,863,monk,mistweaver,18,9,9
Kattlåda,darkspear,863,monk,mistweaver,18,9,9
Torinia,madmortem,863,monk,mistweaver,18,9,9
Córporation,outland,863,monk,mistweaver,18,9,9
Ilovesnoopy,blackmoore,863,monk,mistweaver,18,9,9
Hoppinxd,burning-blade,863,monk,mistweaver,18,9,9
Zaiyox,thrall,863,monk,mistweaver,24,9,15
Rminto,twisting-nether,863,monk,mistweaver,24,9,15
Missfist,stormscale,862,monk,mistweaver,12,9,3
Niborc,doomhammer,862,monk,mistweaver,12,9,3
Beerbringer,kazzak,862,monk,mistweaver,12,9,3
Monkjakt,draenor,862,monk,mistweaver,18,9,9
Puñolou,sanguino,861,monk,mistweaver,12,9,3
Mwsama,stormscale,861,monk,mistweaver,12,9,3
Konexzx,blackmoore,861,monk,mistweaver,12,9,3
Koldar,grim-batol,861,monk,mistweaver,17,12,5
Mistréss,silvermoon,858,monk,mistweaver,18,9,9
Herdom,blackmoore,856,monk,mistweaver,12,9,3
Алли,lich-king,853,monk,mistweaver,30,9,21
Blackmonk,chromaggus,852,monk,mistweaver,18,9,9
Pafia,sargeras,852,monk,mistweaver,25,12,13
Liwong,antonidas,850,monk,mistweaver,12,9,3
Geckazz,kazzak,847,monk,mistweaver,12,9,3
ßæutiful,silvermoon,835,monk,mistweaver,30,13,17
Tèam,defias-brotherhood,810,monk,mistweaver,15,9,6
Nouraxo,kazzak,809,monk,mistweaver,22,10,12
Xalyà,archimonde,803,monk,mistweaver,18,12,6
Extaszeh,turalyon,802,monk,mistweaver,17,11,6
Jînex,shattrath,784,monk,mistweaver,13,9,4
Kradder,nordrassil,768,monk,mistweaver,12,8,4
Fckisrael,archimonde,768,monk,mistweaver,12,8,4
Дилдобойс,gordunni,768,monk,mistweaver,12,8,4
Гуппер,howling-fjord,768,monk,mistweaver,12,8,4
Бэккс,howling-fjord,768,monk,mistweaver,12,8,4
Savvuzzino,nemesis,768,monk,mistweaver,12,8,4
Yayaxoxoxo,archimonde,768,monk,mistweaver,12,8,4
Miamalkøva,nemesis,768,monk,mistweaver,12,8,4
Ikuyaa,ravencrest,768,monk,mistweaver,12,8,4
Wisebeb,les-clairvoyants,768,monk,mistweaver,12,8,4
Shyrea,nazjatar,768,monk,mistweaver,12,8,4
Brutamonk,blackmoore,768,monk,mistweaver,12,8,4
Zødiac,quelthalas,768,monk,mistweaver,12,8,4
Mvm,outland,768,monk,mistweaver,12,8,4
Kragor,eredar,768,monk,mistweaver,12,8,4
Hurjat,stormreaver,768,monk,mistweaver,12,8,4
Mialena,eredar,768,monk,mistweaver,12,8,4
Adrianchase,ravencrest,768,monk,mistweaver,12,8,4
Cattleyah,ysondre,768,monk,mistweaver,12,8,4
Mástermônkèy,tarren-mill,768,monk,mistweaver,12,8,4
Orki,ragnaros,768,monk,mistweaver,18,8,10
Ronkingkong,ravencrest,768,monk,mistweaver,18,8,10
Adamlól,tarren-mill,768,monk,mistweaver,18,8,10
Tøxicweaver,kazzak,768,monk,mistweaver,18,8,10
Nillebpgodx,kazzak,768,monk,mistweaver,18,8,10
Xerzulo,silvermoon,767,monk,mistweaver,12,8,4
Lin,nathrezim,767,monk,mistweaver,12,8,4
Maigraith,malganis,767,monk,mistweaver,12,8,4
Skusle,defias-brotherhood,767,monk,mistweaver,12,8,4
Adzk,tarren-mill,767,monk,mistweaver,12,8,4
Edll,silvermoon,767,monk,mistweaver,12,8,4
Мистхоррор,gordunni,767,monk,mistweaver,12,8,4
Truelo,eredar,767,monk,mistweaver,12,8,4
Souhei,drakthul,767,monk,mistweaver,12,8,4
Luciellie,archimonde,767,monk,mistweaver,18,8,10
Gízmö,tarren-mill,767,monk,mistweaver,18,8,10
Nexyyfist,kazzak,767,monk,mistweaver,18,8,10
Lerouxx,archimonde,767,monk,mistweaver,18,8,10
Musaya,chamber-of-aspects,767,monk,mistweaver,18,8,10
Asho,outland,767,monk,mistweaver,18,8,10
Qî,ravencrest,767,monk,mistweaver,24,8,16
Sinzy,dentarg,766,monk,mistweaver,12,8,4
Riip,ysondre,766,monk,mistweaver,12,8,4
Nulojeu,archimonde,766,monk,mistweaver,12,8,4
Astolfochan,silvermoon,766,monk,mistweaver,18,8,10
Nela,sanguino,766,monk,mistweaver,18,8,10
Gakunie,blackhand,766,monk,mistweaver,18,8,10
Ariluna,tarren-mill,766,monk,mistweaver,18,8,10
Скорпин,ashenvale,766,monk,mistweaver,20,8,12
Kegbrew,kazzak,765,monk,mistweaver,12,8,4
Hersmonk,drakthul,765,monk,mistweaver,12,8,4
Каземат,booty-bay,765,monk,mistweaver,18,8,10
Lûxz,ragnaros,765,monk,mistweaver,18,8,10
Lilniccí,blackrock,764,monk,mistweaver,12,8,4
Saintmoon,drakthul,762,monk,mistweaver,18,8,10
Pekinn,sanguino,761,monk,mistweaver,18,8,10
Karmasfist,ravencrest,760,monk,mistweaver,12,8,4
Сукавкимоно,soulflayer,758,monk,mistweaver,18,8,10
Fetchd,blackmoore,733,monk,mistweaver,16,8,8
ßam,ravencrest,726,monk,mistweaver,23,8,15
Kameltreiba,antonidas,719,monk,mistweaver,17,8,9
Moreløs,stormscale,710,monk,mistweaver,24,10,14
Hidekami,archimonde,702,monk,mistweaver,22,8,14
Kîârâ,frostwolf,701,monk,mistweaver,11,8,3
Merçury,dun-morogh,672,monk,mistweaver,12,7,5
Capwouk,tarren-mill,672,monk,mistweaver,12,7,5
Wåñmëíßãøx,sylvanas,672,monk,mistweaver,12,7,5
Yoogychi,ravencrest,672,monk,mistweaver,12,7,5
Fugmonk,ravencrest,672,monk,mistweaver,12,7,5
Fshn,sylvanas,672,monk,mistweaver,12,7,5
Lamasauce,ravencrest,672,monk,mistweaver,12,7,5
Soulcháos,ravencrest,672,monk,mistweaver,12,7,5
Dodomino,archimonde,672,monk,mistweaver,12,7,5
Yulon,blackrock,672,monk,mistweaver,12,7,5
Frajer,auchindoun,672,monk,mistweaver,12,7,5
Irønmaxx,die-aldor,672,monk,mistweaver,12,7,5
Mêshuggâh,malganis,672,monk,mistweaver,12,7,5
Vingurd,terokkar,672,monk,mistweaver,12,7,5
Bekachu,ragnaros,672,monk,mistweaver,12,7,5
Tøwtc,outland,672,monk,mistweaver,12,7,5
Prismaticx,ravencrest,672,monk,mistweaver,12,7,5
Monkel,frostwolf,672,monk,mistweaver,12,7,5
Podrugabomja,outland,672,monk,mistweaver,12,7,5
Kbwser,silvermoon,672,monk,mistweaver,12,7,5
Hessuzen,stormreaver,672,monk,mistweaver,12,7,5
Teamviewer,blackmoore,672,monk,mistweaver,12,7,5
Demmonkz,stormreaver,672,monk,mistweaver,12,7,5
Фистингкоуч,gordunni,672,monk,mistweaver,12,7,5
Bigchaz,outland,672,monk,mistweaver,12,7,5
Flexify,outland,672,monk,mistweaver,12,7,5
Mjoo,blackrock,672,monk,mistweaver,12,7,5
Вхукьютиикс,howling-fjord,672,monk,mistweaver,13,7,6
Ajay,outland,672,monk,mistweaver,18,7,11
Exru,draenor,672,monk,mistweaver,18,7,11
Fistweavingg,tarren-mill,672,monk,mistweaver,18,7,11
Stdzym,tarren-mill,672,monk,mistweaver,18,7,11
Dråf,ysondre,672,monk,mistweaver,18,7,11
Boîndíl,malfurion,672,monk,mistweaver,18,7,11
Scz,draenor,672,monk,mistweaver,18,7,11
Abdulhealer,stormscale,672,monk,mistweaver,18,7,11
Кисеч,soulflayer,671,monk,mistweaver,12,7,5
Chigee,kazzak,671,monk,mistweaver,12,7,5
Gumar,antonidas,671,monk,mistweaver,12,7,5
Bîgmø,blades-edge,671,monk,mistweaver,12,7,5
Anadia,blackrock,671,monk,mistweaver,12,7,5
Jagermonk,doomhammer,671,monk,mistweaver,12,7,5
Åshêrs,stormscale,671,monk,mistweaver,12,7,5
Lobnx,kazzak,671,monk,mistweaver,12,7,5
Conguitø,colinas-pardas,671,monk,mistweaver,12,7,5
Fonk,blades-edge,671,monk,mistweaver,12,7,5
Алунам,soulflayer,671,monk,mistweaver,18,7,11
Uncleheal,tarren-mill,671,monk,mistweaver,18,7,11
Lazuros,auchindoun,671,monk,mistweaver,18,7,11
Hittokick,draenor,671,monk,mistweaver,18,7,11
Zendyy,argent-dawn,670,monk,mistweaver,12,7,5
Ytonie,gorgonnash,670,monk,mistweaver,12,7,5
Monkinamight,turalyon,670,monk,mistweaver,12,7,5
Joübar,archimonde,670,monk,mistweaver,12,7,5
Bréwsléé,ragnaros,670,monk,mistweaver,12,7,5
Rhuru,argent-dawn,670,monk,mistweaver,14,7,7
Rumiñawi,ravencrest,670,monk,mistweaver,18,7,11
Chimonk,ravencrest,668,monk,mistweaver,12,7,5
Zywoo,emerald-dream,668,monk,mistweaver,18,7,11
Senseithai,trollbane,665,monk,mistweaver,18,7,11
Wuchanglan,blackmoore,665,monk,mistweaver,18,7,11
Fistarfrans,sylvanas,639,monk,mistweaver,8,8,0
Klischi,taerar,639,monk,mistweaver,17,7,10
Lylaei,argent-dawn,639,monk,mistweaver,17,7,10
Vatsmijter,silvermoon,623,monk,mistweaver,11,7,4
Monkadorie,twisting-nether,622,monk,mistweaver,11,7,4
Quotes,darksorrow,618,monk,mistweaver,22,9,13
Tanyà,hyjal,617,monk,mistweaver,12,8,4
Ronocs,turalyon,606,monk,mistweaver,14,7,7
Саас,gordunni,585,monk,mistweaver,17,8,9
Althéia,dalaran,576,monk,mistweaver,6,6,0
Garuda,darkspear,576,monk,mistweaver,6,6,0
Chìless,shadowsong,576,monk,mistweaver,6,6,0
Lilithrevan,frostmourne,576,monk,mistweaver,6,6,0
Кувырбек,howling-fjord,576,monk,mistweaver,6,6,0
Barbielølz,archimonde,576,monk,mistweaver,6,6,0
Mowì,stormscale,576,monk,mistweaver,6,6,0
Redundänt,kazzak,576,monk,mistweaver,6,6,0
Флориусс,soulflayer,576,monk,mistweaver,6,6,0
Djalexmw,kazzak,576,monk,mistweaver,6,6,0
Deepênd,antonidas,576,monk,mistweaver,12,6,6
Onaiâ,ravencrest,576,monk,mistweaver,12,6,6
Mistur,blackrock,576,monk,mistweaver,12,6,6
Chexmonk,silvermoon,576,monk,mistweaver,12,6,6
Mørbradgryde,silvermoon,576,monk,mistweaver,12,6,6
Faki,eredar,576,monk,mistweaver,12,6,6
Gruslinovica,archimonde,576,monk,mistweaver,12,6,6
Sinnermonkk,outland,576,monk,mistweaver,12,6,6
Garfunkel,emeriss,576,monk,mistweaver,12,6,6
Rollsamdi,tarren-mill,576,monk,mistweaver,12,6,6
Annoyingtwo,archimonde,576,monk,mistweaver,12,6,6
Миражмонк,howling-fjord,576,monk,mistweaver,12,6,6
Maybeexm,ravencrest,576,monk,mistweaver,12,6,6
Mozzi,frostmane,576,monk,mistweaver,12,6,6
Bâsarä,archimonde,576,monk,mistweaver,12,6,6
Potkuri,stormreaver,576,monk,mistweaver,12,6,6
Vàlky,outland,576,monk,mistweaver,12,6,6
Oiorie,twisting-nether,576,monk,mistweaver,12,6,6
Leashed,blackmoore,576,monk,mistweaver,12,6,6
Кончеглаз,soulflayer,576,monk,mistweaver,12,6,6
Iliketofist,ravencrest,576,monk,mistweaver,12,6,6
Deliveroo,twisting-nether,576,monk,mistweaver,12,6,6
Aritisi,tarren-mill,576,monk,mistweaver,12,6,6
Bigkim,khadgar,576,monk,mistweaver,12,6,6
Goamix,ravencrest,576,monk,mistweaver,12,6,6
Kammia,drekthar,576,monk,mistweaver,12,6,6
Yez,azjolnerub,576,monk,mistweaver,12,6,6
Vedak,stormreaver,576,monk,mistweaver,12,6,6
Lazyslooth,ravencrest,576,monk,mistweaver,12,6,6
Pivomamrad,drakthul,576,monk,mistweaver,12,6,6
Åmba,blackrock,576,monk,mistweaver,12,6,6
Mahøni,malganis,576,monk,mistweaver,12,6,6
Tiddor,burning-legion,576,monk,mistweaver,12,6,6
Päws,kazzak,576,monk,mistweaver,12,6,6
Коумана,gordunni,576,monk,mistweaver,15,7,8
Торен,soulflayer,576,monk,mistweaver,18,6,12
Renegatt,twisting-nether,576,monk,mistweaver,18,6,12
Modequillo,blackmoore,576,monk,mistweaver,18,6,12
Itsthemonkky,tarren-mill,576,monk,mistweaver,24,6,18
Heyami,ravencrest,576,monk,mistweaver,24,6,18
Smitheal,outland,575,monk,mistweaver,6,6,0
Fraideberoa,ravencrest,575,monk,mistweaver,6,6,0
Shenyen,silvermoon,575,monk,mistweaver,12,6,6
Тэсси,blackscar,575,monk,mistweaver,12,6,6
Tily,stormreaver,575,monk,mistweaver,12,6,6
Фериго,gordunni,575,monk,mistweaver,12,6,6
Samie,ravencrest,575,monk,mistweaver,12,6,6
Drír,archimonde,575,monk,mistweaver,12,6,6
Vexzen,tarren-mill,575,monk,mistweaver,12,6,6
Drlyn,blackmoore,575,monk,mistweaver,12,6,6
Skonk,frostmane,575,monk,mistweaver,12,6,6
Rakowo,arthas,575,monk,mistweaver,12,6,6
Mulana,sanguino,575,monk,mistweaver,18,6,12
Latify,todeswache,575,monk,mistweaver,18,6,12
Painswîft,blackhand,575,monk,mistweaver,18,6,12
Othalain,silvermoon,574,monk,mistweaver,12,6,6
Irishdëmon,ravencrest,574,monk,mistweaver,16,6,10
Gârdt,blackmoore,573,monk,mistweaver,6,6,0
Katse,eredar,571,monk,mistweaver,21,7,14
Candypoppe,argent-dawn,565,monk,mistweaver,20,6,14
Psychö,zuljin,538,monk,mistweaver,17,6,11
Gingerbrew,hyjal,528,monk,mistweaver,9,7,2
Lidalol,silvermoon,527,monk,mistweaver,9,7,2
Trymax,blackmoore,522,monk,mistweaver,17,7,10
Leïsha,ysondre,522,monk,mistweaver,18,7,11
Dánný,antonidas,494,monk,mistweaver,13,6,7
Tarzaki,hyjal,494,monk,mistweaver,13,6,7
Marvboy,aegwynn,480,monk,mistweaver,6,5,1
Fistpunk,kazzak,480,monk,mistweaver,6,5,1
Kaowar,nerzhul,480,monk,mistweaver,6,5,1
Veladana,chamber-of-aspects,480,monk,mistweaver,6,5,1
Plancton,kazzak,480,monk,mistweaver,6,5,1
Gaalon,ravencrest,480,monk,mistweaver,6,5,1
Sloopkogel,tarren-mill,480,monk,mistweaver,6,5,1
Muix,draenor,480,monk,mistweaver,6,5,1
Dukhi,kazzak,480,monk,mistweaver,6,5,1
Malfius,shadowsong,480,monk,mistweaver,6,5,1
Подорожнник,gordunni,480,monk,mistweaver,6,5,1
Watschensepp,arthas,480,monk,mistweaver,6,5,1
Ørcqt,tarren-mill,480,monk,mistweaver,6,5,1
Павнмонкх,gordunni,480,monk,mistweaver,6,5,1
Stromon,silvermoon,480,monk,mistweaver,6,5,1
Такиера,gordunni,480,monk,mistweaver,6,5,1
Sio,dentarg,480,monk,mistweaver,6,5,1
Хромдар,gordunni,480,monk,mistweaver,9,6,3
Erandja,silvermoon,480,monk,mistweaver,12,5,7
Tîptap,blackrock,480,monk,mistweaver,12,5,7
Risomonk,blackrock,480,monk,mistweaver,12,5,7
Siezlebabo,blackrock,480,monk,mistweaver,12,5,7
Ayanaami,pozzo-delleternità,480,monk,mistweaver,12,5,7
Mickjabber,aegwynn,480,monk,mistweaver,12,5,7
Aebì,dalaran,480,monk,mistweaver,12,5,7
Chinmachine,kazzak,480,monk,mistweaver,12,5,7
Kispiszock,bloodscalp,480,monk,mistweaver,12,5,7
Gemil,argent-dawn,480,monk,mistweaver,12,5,7
Kandislee,ravencrest,480,monk,mistweaver,12,5,7
Chijis,blackmoore,480,monk,mistweaver,12,5,7
Hoibglotzn,antonidas,480,monk,mistweaver,12,5,7
Bountyño,dun-modr,480,monk,mistweaver,12,5,7
Ðrçleañ,stormreaver,480,monk,mistweaver,12,5,7
Slizzlie,outland,480,monk,mistweaver,12,5,7
Místborn,ravencrest,480,monk,mistweaver,12,5,7
Jacm,blackhand,480,monk,mistweaver,12,5,7
Srav,archimonde,480,monk,mistweaver,12,5,7
Minervaez,grim-batol,480,monk,mistweaver,12,5,7
Jodeen,shadowsong,480,monk,mistweaver,12,5,7
Diabolùs,blackmoore,480,monk,mistweaver,18,5,13
Whytoosxy,silvermoon,480,monk,mistweaver,18,5,13
Drumonk,kelthuzad,480,monk,mistweaver,18,5,13
Копытька,gordunni,480,monk,mistweaver,18,5,13
Wkiller,outland,480,monk,mistweaver,18,5,13
Madraven,ravencrest,480,monk,mistweaver,18,5,13
Proxxona,eredar,479,monk,mistweaver,6,5,1
Pämella,alleria,479,monk,mistweaver,6,5,1
Kakos,eldrethalas,479,monk,mistweaver,6,5,1
Atenazadonte,sanguino,479,monk,mistweaver,9,6,3
Дарума,grom,479,monk,mistweaver,12,5,7
Jackamonk,kazzak,479,monk,mistweaver,12,5,7
Яутжа,soulflayer,479,monk,mistweaver,12,5,7
Loma,drakthul,479,monk,mistweaver,12,5,7
Sotqyy,stormscale,479,monk,mistweaver,12,5,7
Luigimonk,dun-modr,479,monk,mistweaver,12,5,7
Knotze,eredar,479,monk,mistweaver,18,5,13
Добраядушка,gordunni,479,monk,mistweaver,18,5,13
Toaborsten,tarren-mill,478,monk,mistweaver,6,5,1
Брэйки,lich-king,478,monk,mistweaver,18,5,13
Cheriedevile,drakthul,478,monk,mistweaver,18,5,13
Nathaanel,argent-dawn,476,monk,mistweaver,12,5,7
Drugarix,uldaman,475,monk,mistweaver,12,5,7
Mistyheals,nagrand,474,monk,mistweaver,12,5,7
Chucknorrís,kilrogg,474,monk,mistweaver,18,7,11
Jsuispasheal,dalaran,473,monk,mistweaver,12,5,7
Filomenata,rexxar,469,monk,mistweaver,19,5,14
Zinzyo,aegwynn,447,monk,mistweaver,11,5,6
Pìmpìnelle,garona,432,monk,mistweaver,9,6,3
Ygêrne,archimonde,426,monk,mistweaver,15,6,9
Dræk,twisting-nether,426,monk,mistweaver,19,6,13
Pandasia,kargath,419,monk,mistweaver,26,8,18
Годъяр,gordunni,415,monk,mistweaver,8,5,3
Олежатоксик,gordunni,384,monk,mistweaver,6,4,2
Spiritualia,kazzak,384,monk,mistweaver,6,4,2
Punkfukanda,drakthul,384,monk,mistweaver,6,4,2
Spánkproóf,kazzak,384,monk,mistweaver,6,4,2
Camlen,draenor,384,monk,mistweaver,6,4,2
Callim,blackrock,384,monk,mistweaver,6,4,2
Alomonk,archimonde,384,monk,mistweaver,6,4,2
Trancendent,silvermoon,384,monk,mistweaver,6,4,2
Meineaugen,blackhand,384,monk,mistweaver,6,4,2
Nihao,tarren-mill,384,monk,mistweaver,6,4,2
Jlo,stormscale,384,monk,mistweaver,6,4,2
Wrox,sylvanas,384,monk,mistweaver,6,4,2
Foaqer,aegwynn,384,monk,mistweaver,6,4,2
Miquella,scarshield-legion,384,monk,mistweaver,6,4,2
Peaceweaver,ravencrest,384,monk,mistweaver,6,4,2
Даопецдын,howling-fjord,384,monk,mistweaver,6,4,2
Фешнмонк,soulflayer,384,monk,mistweaver,6,4,2
Highline,draenor,384,monk,mistweaver,6,4,2
Леобтв,soulflayer,384,monk,mistweaver,6,4,2
Shenexo,kazzak,384,monk,mistweaver,6,4,2
Agodx,sanguino,384,monk,mistweaver,6,4,2
Molgar,tarren-mill,384,monk,mistweaver,6,4,2
Ryac,defias-brotherhood,384,monk,mistweaver,6,4,2
Ennamoly,blackmoore,384,monk,mistweaver,6,4,2
Missislee,aegwynn,384,monk,mistweaver,6,4,2
Woguo,drakthul,384,monk,mistweaver,6,4,2
Karatekickyo,ravencrest,384,monk,mistweaver,6,4,2
Муррчалкин,howling-fjord,384,monk,mistweaver,6,4,2
Mistfeeder,burning-blade,384,monk,mistweaver,6,4,2
Xevol,burning-legion,384,monk,mistweaver,6,4,2
Plånck,archimonde,384,monk,mistweaver,6,4,2
Jemijedno,drakthul,384,monk,mistweaver,6,4,2
Claww,blackrock,384,monk,mistweaver,6,4,2
Nêrfmeta,kazzak,384,monk,mistweaver,6,4,2
Rotkäppchen,blackmoore,384,monk,mistweaver,6,4,2
Эрумонк,gordunni,384,monk,mistweaver,6,4,2
Bjj,blackrock,384,monk,mistweaver,6,4,2
Roudious,arathi,384,monk,mistweaver,6,4,2
Escopetin,los-errantes,384,monk,mistweaver,6,4,2
Bréwmáster,silvermoon,384,monk,mistweaver,6,4,2
Bhrag,die-aldor,384,monk,mistweaver,6,4,2
Dath,outland,384,monk,mistweaver,6,4,2
Kazéshini,doomhammer,384,monk,mistweaver,6,4,2
Naìsh,arygos,384,monk,mistweaver,6,4,2
Bigflex,conseil-des-ombres,384,monk,mistweaver,6,4,2
Cocacolazeró,draenor,384,monk,mistweaver,6,4,2
Bratana,dun-morogh,384,monk,mistweaver,6,4,2
Monkersquad,doomhammer,384,monk,mistweaver,6,4,2
Jifun,kazzak,384,monk,mistweaver,6,4,2
Starside,tarren-mill,384,monk,mistweaver,6,4,2
Slokwerk,dentarg,384,monk,mistweaver,6,4,2
Gangichi,blackhand,384,monk,mistweaver,9,5,4
Kunolis,kazzak,384,monk,mistweaver,8,4,4
Päätöksiä,defias-brotherhood,384,monk,mistweaver,12,4,8
Invsionrush,crushridge,384,monk,mistweaver,12,4,8
Audaz,dun-modr,384,monk,mistweaver,12,4,8
Nebelwandler,blackhand,384,monk,mistweaver,12,4,8
Bruceli,darkmoon-faire,384,monk,mistweaver,12,4,8
Monkmonkesen,stormscale,384,monk,mistweaver,12,4,8
Eth,nagrand,384,monk,mistweaver,12,4,8
Тсайм,howling-fjord,384,monk,mistweaver,12,4,8
Suhnukka,stormscale,384,monk,mistweaver,12,4,8
Bûl,blackmoore,384,monk,mistweaver,12,4,8
Слишкомхорош,howling-fjord,384,monk,mistweaver,12,4,8
Subzxftw,archimonde,384,monk,mistweaver,12,4,8
Woofi,tarren-mill,384,monk,mistweaver,12,4,8
Mécagnóme,dalaran,384,monk,mistweaver,12,4,8
Dromarch,dun-modr,384,monk,mistweaver,12,4,8
Supwithat,kazzak,383,monk,mistweaver,6,4,2
Vzan,kazzak,383,monk,mistweaver,6,4,2
Wrathing,tarren-mill,383,monk,mistweaver,6,4,2
Velicko,ravencrest,383,monk,mistweaver,12,4,8
Eucalyptuz,draenor,383,monk,mistweaver,12,4,8
Doneithné,stormscale,383,monk,mistweaver,12,4,8
Liathina,sylvanas,383,monk,mistweaver,12,4,8
Korrok,sanguino,383,monk,mistweaver,12,4,8
Gnomebrew,ravencrest,383,monk,mistweaver,12,4,8
Xentimus,kazzak,383,monk,mistweaver,12,4,8
Fkflying,defias-brotherhood,381,monk,mistweaver,12,4,8
Geeberz,twisting-nether,380,monk,mistweaver,12,4,8
Hullumunkki,blackmoore,352,monk,mistweaver,10,4,6
Matrim,arathor,351,monk,mistweaver,8,5,3
Chiá,tarren-mill,351,monk,mistweaver,11,4,7
Thiccbaby,kazzak,336,monk,mistweaver,9,4,5
Yøda,malganis,335,monk,mistweaver,9,4,5
Buckersxo,kazzak,330,monk,mistweaver,11,6,5
Монкиннияя,gordunni,330,monk,mistweaver,21,6,15
Midgetyoda,outland,330,monk,mistweaver,22,5,17
Zaalleh,draenor,319,monk,mistweaver,5,4,1
Ilikeducks,ravencrest,319,monk,mistweaver,5,4,1
Uggs,hyjal,288,monk,mistweaver,6,3,3
Neptulion,ravencrest,288,monk,mistweaver,6,3,3
Leikô,grim-batol,288,monk,mistweaver,6,3,3
Deadlywuu,antonidas,288,monk,mistweaver,6,3,3
Wèéman,grim-batol,288,monk,mistweaver,6,3,3
Atommyran,frostmane,288,monk,mistweaver,6,3,3
Chichi,ravencrest,288,monk,mistweaver,6,3,3
Moistweaver,drakthul,288,monk,mistweaver,6,3,3
Koba,frostwolf,288,monk,mistweaver,6,3,3
Ninetz,tarren-mill,288,monk,mistweaver,6,3,3
Coalsack,outland,288,monk,mistweaver,6,3,3
Mickeyworms,archimonde,288,monk,mistweaver,6,3,3
Fluxqt,ravencrest,288,monk,mistweaver,6,3,3
Baisi,blackhand,288,monk,mistweaver,6,3,3
Fistwave,malganis,288,monk,mistweaver,6,3,3
Киликххл,deathguard,288,monk,mistweaver,6,3,3
Loempia,outland,288,monk,mistweaver,6,3,3
Trubushatal,ravencrest,288,monk,mistweaver,6,3,3
Kaizenthor,runetotem,288,monk,mistweaver,6,3,3
Mythadeya,stormscale,288,monk,mistweaver,6,3,3
Màlydôr,outland,288,monk,mistweaver,6,3,3
Andelicek,burning-blade,288,monk,mistweaver,6,3,3
Shoskio,chamber-of-aspects,288,monk,mistweaver,6,3,3
Carlteaz,drakthul,288,monk,mistweaver,6,3,3
Shàolïn,dalaran,288,monk,mistweaver,6,3,3
Callmeks,stormscale,288,monk,mistweaver,6,3,3
Родо,blackscar,288,monk,mistweaver,6,3,3
Похмелись,blackscar,288,monk,mistweaver,6,3,3
Тайви,deepholm,288,monk,mistweaver,6,3,3
Yutahon,azjolnerub,288,monk,mistweaver,6,3,3
Hon,sanguino,288,monk,mistweaver,6,3,3
Píco,gorgonnash,288,monk,mistweaver,6,3,3
Kätelyys,dun-modr,288,monk,mistweaver,6,3,3
Crommul,burning-legion,288,monk,mistweaver,6,3,3
Rípple,alakir,288,monk,mistweaver,6,3,3
Totemlygodx,alakir,288,monk,mistweaver,6,3,3
Perikencito,dun-modr,288,monk,mistweaver,6,3,3
Norbii,twisting-nether,288,monk,mistweaver,6,3,3
Mønkek,kazzak,288,monk,mistweaver,6,3,3
Shoryugrops,chants-éternels,288,monk,mistweaver,6,3,3
Коррелир,howling-fjord,288,monk,mistweaver,6,3,3
Louiemon,outland,288,monk,mistweaver,6,3,3
Viggex,outland,288,monk,mistweaver,6,3,3
Fairhand,emerald-dream,288,monk,mistweaver,6,3,3
Zyrosmonk,blackmoore,288,monk,mistweaver,6,3,3
Kylâas,die-ewige-wacht,288,monk,mistweaver,6,3,3
Friidam,lightbringer,288,monk,mistweaver,6,3,3
Craneovic,kult-der-verdammten,288,monk,mistweaver,6,3,3
Yogi,defias-brotherhood,288,monk,mistweaver,6,3,3
Nexìan,kazzak,288,monk,mistweaver,6,3,3
Mistless,ragnaros,288,monk,mistweaver,6,3,3
Lassador,onyxia,288,monk,mistweaver,6,3,3
Mecin,ragnaros,288,monk,mistweaver,6,3,3
Domedagsdamp,draenor,288,monk,mistweaver,6,3,3
Xanderpowa,sanguino,288,monk,mistweaver,6,3,3
Toweliè,thrall,288,monk,mistweaver,6,3,3
Culiacàn,blackmoore,288,monk,mistweaver,6,3,3
Jackíechen,draenor,288,monk,mistweaver,6,3,3
Cmgxbrew,blackrock,288,monk,mistweaver,6,3,3
Relentlessly,blackrock,288,monk,mistweaver,6,3,3
Askmeout,ravencrest,288,monk,mistweaver,7,3,4
Xvll,kaelthas,288,monk,mistweaver,12,3,9
Olîvê,ravencrest,288,monk,mistweaver,12,3,9
Lonechi,sylvanas,288,monk,mistweaver,12,3,9
Drunklee,aegwynn,288,monk,mistweaver,12,3,9
Tossen,ragnaros,288,monk,mistweaver,12,3,9
Jinora,theradras,288,monk,mistweaver,12,3,9
Fistmeg,grim-batol,288,monk,mistweaver,12,3,9
Brewdooms,laughing-skull,288,monk,mistweaver,12,3,9
Leøni,malfurion,288,monk,mistweaver,12,3,9
Justfistyoux,archimonde,288,monk,mistweaver,12,3,9
Løkî,culte-de-la-rive-noire,288,monk,mistweaver,12,3,9
Velita,dun-modr,288,monk,mistweaver,18,3,15
Спартаннка,gordunni,287,monk,mistweaver,6,3,3
Playboicarti,frostwolf,287,monk,mistweaver,6,3,3
Bo,malorne,287,monk,mistweaver,6,3,3
Brizs,outland,287,monk,mistweaver,6,3,3
Vørdèthxd,outland,287,monk,mistweaver,6,3,3
Ryanshazier,eredar,287,monk,mistweaver,6,3,3
Edenbllow,twisting-nether,287,monk,mistweaver,12,3,9
Hanumahn,kilrogg,287,monk,mistweaver,12,3,9
Pepefocho,sanguino,286,monk,mistweaver,6,3,3
Mossadjr,blackmoore,256,monk,mistweaver,4,4,0
Maharaj,terenas,255,monk,mistweaver,11,3,8
Trlmøna,gorgonnash,240,monk,mistweaver,9,4,5
Skaadoosh,aggra-português,240,monk,mistweaver,9,3,6
Pikajeww,kazzak,239,monk,mistweaver,5,3,2
Mouhous,hellscream,234,monk,mistweaver,13,4,9
Арнольдовна,blackscar,234,monk,mistweaver,17,4,13
Colita,kazzak,233,monk,mistweaver,16,5,11
Mynaira,tarren-mill,208,monk,mistweaver,25,3,22
Sioumoo,malganis,192,monk,mistweaver,4,3,1
Liluzi,aszune,192,monk,mistweaver,6,2,4
Jolifine,alleria,192,monk,mistweaver,6,2,4
Kûngfu,tarren-mill,192,monk,mistweaver,6,2,4
Tøngpø,argent-dawn,192,monk,mistweaver,6,2,4
Syy,medivh,192,monk,mistweaver,6,2,4
Wifeeagro,doomhammer,192,monk,mistweaver,6,2,4
Mutai,tarren-mill,192,monk,mistweaver,6,2,4
Bakersdozen,tarren-mill,192,monk,mistweaver,6,2,4
Jetsweep,kazzak,192,monk,mistweaver,6,2,4
Nephi,kirin-tor,192,monk,mistweaver,6,2,4
Exbuddhist,outland,192,monk,mistweaver,6,2,4
Justacomma,outland,192,monk,mistweaver,6,2,4
Rbgmachine,burning-legion,192,monk,mistweaver,6,2,4
Люсилью,howling-fjord,192,monk,mistweaver,6,2,4
Kmorhin,antonidas,192,monk,mistweaver,6,2,4
Acbcz,draenor,192,monk,mistweaver,6,2,4
Obeliskbrew,kazzak,192,monk,mistweaver,6,2,4
Altairan,ragnaros,192,monk,mistweaver,6,2,4
Fistandfury,outland,192,monk,mistweaver,6,2,4
Wilymonka,dalaran,192,monk,mistweaver,6,2,4
Axilane,outland,192,monk,mistweaver,6,2,4
Jcchi,xavius,192,monk,mistweaver,6,2,4
Trippyv,ragnaros,192,monk,mistweaver,6,2,4
Mystize,shattered-hand,192,monk,mistweaver,6,2,4
Yokuboo,ysondre,192,monk,mistweaver,6,2,4
Jadefain,argent-dawn,192,monk,mistweaver,6,2,4
Chegweaver,ravencrest,192,monk,mistweaver,6,2,4
Loveít,blackrock,192,monk,mistweaver,6,2,4
Ebonymilfy,archimonde,192,monk,mistweaver,6,2,4
Sashun,blackmoore,192,monk,mistweaver,6,2,4
Cranecannon,aegwynn,192,monk,mistweaver,6,2,4
Fènja,kult-der-verdammten,192,monk,mistweaver,6,2,4
Brewsmaster,archimonde,192,monk,mistweaver,6,2,4
Леронтас,gordunni,192,monk,mistweaver,6,2,4
Ninjasven,bladefist,192,monk,mistweaver,6,2,4
Shynlee,frostwhisper,192,monk,mistweaver,6,2,4
Auaaua,ravencrest,192,monk,mistweaver,6,2,4
Chun,arathor,192,monk,mistweaver,6,2,4
Yinsho,stormscale,192,monk,mistweaver,6,2,4
Fisterxd,blackrock,192,monk,mistweaver,6,2,4
Dunkfjås,stormscale,192,monk,mistweaver,6,2,4
Houzagackel,blackrock,192,monk,mistweaver,6,2,4
Scorpìon,blackrock,192,monk,mistweaver,6,2,4
Orenjis,kazzak,192,monk,mistweaver,6,2,4
Кулаквтебе,borean-tundra,192,monk,mistweaver,6,2,4
Sînge,archimonde,192,monk,mistweaver,6,2,4
Espectrå,dun-modr,192,monk,mistweaver,6,2,4
Domingovivas,dun-modr,192,monk,mistweaver,6,2,4
Xùen,blackrock,192,monk,mistweaver,6,2,4
Flyingraven,magtheridon,192,monk,mistweaver,6,2,4
Durand,blackhand,192,monk,mistweaver,6,2,4
Faustíne,blackmoore,192,monk,mistweaver,6,2,4
Merlyñ,blackmoore,192,monk,mistweaver,6,2,4
Watermelon,laughing-skull,192,monk,mistweaver,6,2,4
Dennismansix,sylvanas,192,monk,mistweaver,6,2,4
ßountÿ,kazzak,192,monk,mistweaver,6,2,4
Зараз,gordunni,192,monk,mistweaver,6,2,4
Monkfriend,quelthalas,192,monk,mistweaver,6,2,4
Dalaipyjama,quelthalas,192,monk,mistweaver,6,2,4
Pleasure,laughing-skull,192,monk,mistweaver,6,2,4
Brixelol,kazzak,192,monk,mistweaver,12,2,10
Ascrem,ragnaros,192,monk,mistweaver,12,2,10
Chîca,ysondre,192,monk,mistweaver,12,2,10
Johnsôn,blackmoore,192,monk,mistweaver,12,2,10
Sargnorak,dalaran,191,monk,mistweaver,6,2,4
Hisagi,khaz-modan,191,monk,mistweaver,6,2,4
Fréýáá,blackrock,191,monk,mistweaver,6,2,4
Чвка,booty-bay,191,monk,mistweaver,6,2,4
Andrah,blackmoore,185,monk,mistweaver,14,4,10
Facetimee,ahnqiraj,159,monk,mistweaver,5,2,3
Киото,ashenvale,159,monk,mistweaver,5,2,3
Swiftmonky,azuremyst,159,monk,mistweaver,5,2,3
Bigdickmonk,blackmoore,144,monk,mistweaver,3,3,0
Зрти,gordunni,138,monk,mistweaver,12,4,8
Saïtama,krasus,138,monk,mistweaver,10,3,7
Ghettomonk,blackmoore,138,monk,mistweaver,11,3,8
Shenlong,burning-blade,138,monk,mistweaver,14,3,11
Wraq,tarren-mill,128,monk,mistweaver,4,2,2
Cheechong,grim-batol,127,monk,mistweaver,8,2,6
Invadem,shattered-hand,96,monk,mistweaver,3,2,1
Nåwãk,archimonde,96,monk,mistweaver,3,2,1
Assaalaria,argent-dawn,96,monk,mistweaver,6,1,5
Glivilalis,drekthar,96,monk,mistweaver,6,1,5
Missblack,zuljin,96,monk,mistweaver,6,1,5
Backbone,auchindoun,96,monk,mistweaver,6,1,5
Ätishâ,archimonde,96,monk,mistweaver,6,1,5
Антошамв,gordunni,96,monk,mistweaver,6,1,5
Whywalker,silvermoon,96,monk,mistweaver,6,1,5
Àómìñêdâìkí,lightnings-blade,96,monk,mistweaver,6,1,5
Botsmw,kazzak,96,monk,mistweaver,6,1,5
Monkolben,blackmoore,96,monk,mistweaver,6,1,5
Ytjin,draenor,96,monk,mistweaver,6,1,5
Legpunch,the-maelstrom,96,monk,mistweaver,6,1,5
Monkinator,stormreaver,96,monk,mistweaver,6,1,5
Bovinebuddha,stormscale,96,monk,mistweaver,6,1,5
Fapmaster,aegwynn,96,monk,mistweaver,6,1,5
Jusex,stormreaver,96,monk,mistweaver,6,1,5
Shîïna,ysondre,96,monk,mistweaver,6,1,5
Havefunguys,alakir,96,monk,mistweaver,6,1,5
Lìlíy,taerar,96,monk,mistweaver,6,1,5
Butrinto,hellfire,96,monk,mistweaver,6,1,5
Jessiemonk,blackhand,96,monk,mistweaver,6,1,5
Itxelita,zuljin,96,monk,mistweaver,6,1,5
Bænkai,naxxramas,96,monk,mistweaver,6,1,5
Skadchi,blackhand,96,monk,mistweaver,6,1,5
Brandy,kazzak,96,monk,mistweaver,6,1,5
Mongretod,ravencrest,96,monk,mistweaver,6,1,5
Chakarma,twisting-nether,96,monk,mistweaver,6,1,5
Konïï,dalaran,96,monk,mistweaver,6,1,5
Moorf,ravencrest,96,monk,mistweaver,6,1,5
Rostick,drakthul,96,monk,mistweaver,6,1,5
Pream,blackrock,96,monk,mistweaver,6,1,5
Brewbunnyqt,thrall,96,monk,mistweaver,6,1,5
Smlpp,kazzak,96,monk,mistweaver,6,1,5
Capos,wrathbringer,96,monk,mistweaver,11,1,10
Xiâomèi,dun-modr,96,monk,mistweaver,12,1,11
Upbringer,ragnaros,96,monk,mistweaver,12,1,11
Christien,ungoro,95,monk,mistweaver,6,1,5
Nïkaa,dun-modr,84,monk,mistweaver,9,5,4
Griffens,argent-dawn,79,monk,mistweaver,5,1,4
Rsk,antonidas,42,monk,mistweaver,10,3,7
Johnnybgood,tarren-mill,42,monk,mistweaver,10,3,7
Monkeykung,defias-brotherhood,40,monk,mistweaver,16,3,13
Winchun,ravencrest,782,monk,brewmaster,26,11,15
Padawang,twisting-nether,767,monk,brewmaster,24,8,16
Комбатпро,borean-tundra,729,monk,brewmaster,24,9,15
Jademyst,outland,671,monk,brewmaster,18,7,11
Shirôhige,zirkel-des-cenarius,288,monk,brewmaster,6,3,3
Tauroné,draenor,288,monk,brewmaster,12,3,9
Tayoo,aegwynn,192,monk,brewmaster,6,2,4
Fullzi,dalaran,192,monk,brewmaster,6,2,4
Sinpho,ahnqiraj,96,monk,brewmaster,6,1,5
Mezz,ahnqiraj,96,monk,brewmaster,6,1,5
Tylee,tarren-mill,96,monk,brewmaster,6,1,5
Lubeï,kirin-tor,96,monk,brewmaster,6,1,5
Badcøwboy,archimonde,96,monk,brewmaster,6,1,5
Lòthbar,confrérie-du-thorium,63,monk,brewmaster,2,2,0
Fistyw,stormscale,2313,monk,windwalker,104,60,44
Rmtexter,ravencrest,2294,monk,windwalker,125,69,56
Sîxmonths,stormscale,2263,monk,windwalker,72,48,24
Senretsu,shattered-halls,2230,monk,windwalker,90,50,40
Queteapie,stormscale,2215,monk,windwalker,88,50,38
Elinalia,burning-legion,2178,monk,windwalker,96,52,44
Plaww,dalaran,2172,monk,windwalker,120,75,45
Monkmeta,frostwolf,2171,monk,windwalker,114,70,44
Daosh,nemesis,2137,monk,windwalker,91,48,43
Stepsyzz,stormscale,2134,monk,windwalker,113,57,56
Ilovehim,antonidas,2127,monk,windwalker,72,43,29
Tabetai,tarren-mill,2125,monk,windwalker,90,46,44
Lilcatlife,tyrande,2123,monk,windwalker,66,36,30
Brñ,twisting-nether,2121,monk,windwalker,72,39,33
Ewynamonk,silvermoon,2121,monk,windwalker,102,51,51
Unpruneable,stormscale,2120,monk,windwalker,132,67,65
Нелегитимный,howling-fjord,2118,monk,windwalker,250,133,117
Rivazsunkick,archimonde,2117,monk,windwalker,160,80,80
Redundänt,kazzak,2114,monk,windwalker,72,42,30
Váinz,ravencrest,2112,monk,windwalker,78,41,37
Pichouhuahua,elune,2096,monk,windwalker,120,63,57
Hitsuwalker,archimonde,2091,monk,windwalker,150,84,66
Snusochnocco,the-maelstrom,2088,monk,windwalker,84,41,43
Fistinguhuhu,outland,2067,monk,windwalker,84,45,39
Edenwalker,dun-morogh,2035,monk,windwalker,84,40,44
Щищ,gordunni,2013,monk,windwalker,144,81,63
Niamix,archimonde,2008,monk,windwalker,188,94,94
Yassøux,archimonde,2007,monk,windwalker,208,110,98
Keeferslover,dun-morogh,1997,monk,windwalker,48,28,20
Enerchi,ravencrest,1988,monk,windwalker,72,42,30
Мистмастер,soulflayer,1984,monk,windwalker,48,30,18
Инрэйджинкап,soulflayer,1979,monk,windwalker,120,61,59
Eth,nagrand,1975,monk,windwalker,84,42,42
Jájsemshadow,drakthul,1971,monk,windwalker,66,36,30
Balia,blackrock,1971,monk,windwalker,60,29,31
Deretrox,twisting-nether,1962,monk,windwalker,60,36,24
Ladderfiend,stormscale,1961,monk,windwalker,65,28,37
Soulja,bloodfeather,1959,monk,windwalker,178,96,82
Melyda,ravencrest,1951,monk,windwalker,138,75,63
Zukatan,tarren-mill,1951,monk,windwalker,105,54,51
Theoww,dragonblight,1937,monk,windwalker,66,31,35
Dänÿww,elune,1926,monk,windwalker,62,32,30
Ztl,twisting-nether,1922,monk,windwalker,119,70,49
Bulluh,blackmoore,1919,monk,windwalker,47,27,20
Pandamoniun,aggra-português,1917,monk,windwalker,158,79,79
Sørann,drekthar,1916,monk,windwalker,88,48,40
Hefners,grim-batol,1915,monk,windwalker,59,30,29
Troopmonk,ravencrest,1907,monk,windwalker,141,69,72
Muix,draenor,1906,monk,windwalker,30,20,10
Riskcapcap,dentarg,1905,monk,windwalker,72,37,35
Ksâin,ravencrest,1896,monk,windwalker,66,34,32
Ninadobrév,stormscale,1894,monk,windwalker,121,72,49
Gyto,archimonde,1893,monk,windwalker,54,33,21
Копытька,gordunni,1889,monk,windwalker,63,35,28
Муррчалкин,howling-fjord,1880,monk,windwalker,48,28,20
Ellipirelli,doomhammer,1880,monk,windwalker,70,30,40
Минимонахх,blackscar,1879,monk,windwalker,57,29,28
Stillwater,thrall,1876,monk,windwalker,131,68,63
Санварион,eversong,1875,monk,windwalker,72,36,36
Аррани,thermaplugg,1874,monk,windwalker,58,33,25
Devilmønk,thrall,1874,monk,windwalker,84,44,40
Domww,outland,1871,monk,windwalker,108,59,49
Pitball,ravencrest,1871,monk,windwalker,66,32,34
Nicesky,ravencrest,1870,monk,windwalker,72,36,36
Wonkeed,hyjal,1867,monk,windwalker,42,24,18
Erazhen,blackrock,1867,monk,windwalker,48,25,23
Projectasura,draenor,1866,monk,windwalker,126,67,59
Rivaz,archimonde,1865,monk,windwalker,54,31,23
Эльморо,goldrinn,1865,monk,windwalker,54,30,24
Ãmaterasû,kazzak,1864,monk,windwalker,61,30,31
Имортарион,howling-fjord,1860,monk,windwalker,42,25,17
Hurricrane,kazzak,1859,monk,windwalker,225,111,114
Juujika,ravencrest,1858,monk,windwalker,41,25,16
Edenmonk,dun-morogh,1855,monk,windwalker,48,27,21
Tinjihn,magtheridon,1855,monk,windwalker,72,35,37
Маруты,soulflayer,1855,monk,windwalker,88,35,53
Vexíllum,sylvanas,1850,monk,windwalker,54,29,25
Kokushibo,cthun,1850,monk,windwalker,54,28,26
Яагрессивный,howling-fjord,1850,monk,windwalker,74,36,38
Gararasu,eredar,1846,monk,windwalker,42,22,20
Flunkefar,defias-brotherhood,1845,monk,windwalker,90,42,48
Fabrina,blackrock,1844,monk,windwalker,54,31,23
Iceym,stormscale,1840,monk,windwalker,63,33,30
Тихийпук,deathguard,1839,monk,windwalker,164,92,72
Santanax,ravencrest,1834,monk,windwalker,42,27,15
Kitcheneer,twisting-nether,1832,monk,windwalker,65,37,28
Peaceweaver,ravencrest,1832,monk,windwalker,88,50,38
Linuxx,ravencrest,1832,monk,windwalker,90,45,45
Toyless,ravencrest,1831,monk,windwalker,54,27,27
Tommypistol,runetotem,1829,monk,windwalker,126,63,63
Shînøbi,dalaran,1826,monk,windwalker,48,27,21
Sobadzlolz,alexstrasza,1824,monk,windwalker,172,95,77
Monkini,kazzak,1823,monk,windwalker,54,27,27
Sororicide,stormscale,1822,monk,windwalker,161,81,80
Klumpenx,draenor,1821,monk,windwalker,80,43,37
Iminzww,ravencrest,1819,monk,windwalker,90,45,45
Monkees,twisting-nether,1815,monk,windwalker,65,33,32
Beernie,tarren-mill,1812,monk,windwalker,54,33,21
Калестонз,howling-fjord,1811,monk,windwalker,54,31,23
Lullerull,silvermoon,1810,monk,windwalker,51,31,20
Shpunk,ravencrest,1810,monk,windwalker,102,47,55
Mónkâs,tarren-mill,1810,monk,windwalker,72,32,40
Orkamonka,burning-legion,1809,monk,windwalker,30,19,11
Фодз,soulflayer,1809,monk,windwalker,58,26,32
Рэйвх,howling-fjord,1808,monk,windwalker,36,19,17
Fotmwalker,ragnaros,1808,monk,windwalker,185,93,92
Sushiroll,stormrage,1808,monk,windwalker,111,55,56
Эльторо,goldrinn,1807,monk,windwalker,54,25,29
Niyka,silvermoon,1805,monk,windwalker,60,34,26
Mebrin,ragnaros,1805,monk,windwalker,71,37,34
Åbyssgòd,kazzak,1805,monk,windwalker,60,24,36
Unangebracht,silvermoon,1803,monk,windwalker,227,121,106
Mosch,blackrock,1802,monk,windwalker,48,30,18
Saltotriks,tarren-mill,1802,monk,windwalker,62,28,34
Notmelo,dun-modr,1801,monk,windwalker,48,25,23
Rismonk,twisting-nether,1801,monk,windwalker,60,30,30
Wolmachégodx,archimonde,1800,monk,windwalker,36,22,14
Windwanker,eredar,1800,monk,windwalker,36,22,14
Teressah,argent-dawn,1800,monk,windwalker,42,22,20
Reõ,argent-dawn,1797,monk,windwalker,101,60,41
Sayozz,hyjal,1797,monk,windwalker,174,85,89
Carbozø,archimonde,1794,monk,windwalker,83,50,33
Twinny,drakthul,1793,monk,windwalker,90,52,38
Karmaisabich,ragnaros,1792,monk,windwalker,30,19,11
Yukfou,tarren-mill,1792,monk,windwalker,59,28,31
Yacum,blackrock,1791,monk,windwalker,65,31,34
Mikedcrybaby,tarren-mill,1790,monk,windwalker,131,69,62
Pàrádìsé,ravencrest,1787,monk,windwalker,119,60,59
Healbotzweik,frostwolf,1782,monk,windwalker,54,24,30
Джэкичача,soulflayer,1781,monk,windwalker,48,25,23
Skailzkrt,hyjal,1779,monk,windwalker,42,22,20
Freehelper,stormscale,1779,monk,windwalker,60,24,36
Möîne,arathi,1775,monk,windwalker,60,31,29
Jinpachi,ravencrest,1772,monk,windwalker,42,19,23
Tenshinhann,outland,1768,monk,windwalker,54,28,26
Sponkas,tarren-mill,1768,monk,windwalker,42,20,22
Тэсти,blackscar,1766,monk,windwalker,58,30,28
Ароба,blackscar,1766,monk,windwalker,90,42,48
Диванн,howling-fjord,1761,monk,windwalker,47,22,25
Heran,ravencrest,1761,monk,windwalker,111,50,61
Madelnheaven,burning-legion,1760,monk,windwalker,47,26,21
Moultsou,hyjal,1758,monk,windwalker,66,33,33
Chaospilot,sylvanas,1756,monk,windwalker,74,35,39
Ackken,twisting-nether,1748,monk,windwalker,51,26,25
Shaolinthug,stormscale,1744,monk,windwalker,54,26,28
Rorkito,sanguino,1742,monk,windwalker,54,26,28
Pazü,ysondre,1741,monk,windwalker,113,56,57
Кианасоломид,gordunni,1739,monk,windwalker,98,50,48
Dwdw,aerie-peak,1737,monk,windwalker,54,28,26
Mionoor,aegwynn,1737,monk,windwalker,208,103,105
Pwaff,kazzak,1736,monk,windwalker,72,37,35
Lonechi,sylvanas,1733,monk,windwalker,36,21,15
Лазанья,grom,1731,monk,windwalker,66,30,36
Виндволкерша,gordunni,1725,monk,windwalker,54,31,23
Locotommy,blackrock,1721,monk,windwalker,42,21,21
Гладастар,soulflayer,1719,monk,windwalker,78,41,37
Трэйци,blackscar,1716,monk,windwalker,39,23,16
Yiannischan,draenor,1715,monk,windwalker,92,49,43
Narstie,kazzak,1714,monk,windwalker,71,36,35
Виноипиво,soulflayer,1713,monk,windwalker,60,30,30
Ютуми,soulflayer,1712,monk,windwalker,48,24,24
Aslêyia,antonidas,1709,monk,windwalker,49,26,23
Dansaam,tarren-mill,1706,monk,windwalker,24,18,6
Cheethfu,ragnaros,1705,monk,windwalker,42,29,13
Yungdrippy,eredar,1705,monk,windwalker,52,26,26
Moistpocket,stormscale,1705,monk,windwalker,54,22,32
Rêshi,draenor,1700,monk,windwalker,78,48,30
Xiâomèi,dun-modr,1700,monk,windwalker,78,35,43
Gaehitmonlee,ravencrest,1699,monk,windwalker,158,90,68
Kaijam,argent-dawn,1699,monk,windwalker,48,21,27
Megatazz,hyjal,1697,monk,windwalker,40,23,17
Faxax,draenor,1696,monk,windwalker,48,23,25
Меняубило,howling-fjord,1696,monk,windwalker,78,37,41
Osalot,ravencrest,1695,monk,windwalker,60,30,30
Testmonial,hyjal,1694,monk,windwalker,48,21,27
Idiot,outland,1691,monk,windwalker,54,28,26
Ashânti,eredar,1691,monk,windwalker,62,30,32
Димакарма,howling-fjord,1691,monk,windwalker,83,35,48
Shoenk,blackhand,1689,monk,windwalker,30,18,12
Bugrika,tarren-mill,1689,monk,windwalker,30,18,12
Gonkun,outland,1688,monk,windwalker,67,35,32
Tisaki,blackhand,1680,monk,windwalker,41,25,16
Hilzaxsub,archimonde,1679,monk,windwalker,47,29,18
Morslee,burning-legion,1679,monk,windwalker,61,28,33
Fistofrage,ravencrest,1677,monk,windwalker,42,25,17
Sàitama,hyjal,1676,monk,windwalker,42,18,24
Doktormonk,blackrock,1675,monk,windwalker,142,77,65
Ratslayerz,dun-modr,1669,monk,windwalker,42,24,18
Chigre,hyjal,1667,monk,windwalker,36,21,15
Vtx,blackrock,1662,monk,windwalker,30,18,12
Hybridtheory,doomhammer,1659,monk,windwalker,77,41,36
Mollytov,tarren-mill,1659,monk,windwalker,53,22,31
Kåýðø,archimonde,1658,monk,windwalker,50,25,25
Trendyroxy,blackrock,1658,monk,windwalker,42,19,23
Zéroneufsix,silvermoon,1658,monk,windwalker,50,19,31
Shardonay,ravencrest,1655,monk,windwalker,42,26,16
Saduh,thrall,1653,monk,windwalker,44,20,24
Bîmbâmboom,blackmoore,1650,monk,windwalker,48,25,23
Thérez,les-sentinelles,1648,monk,windwalker,42,22,20
Pili,aegwynn,1647,monk,windwalker,36,21,15
Hunkfur,ravencrest,1647,monk,windwalker,44,25,19
Бадхидхаарма,booty-bay,1647,monk,windwalker,78,32,46
Кишмякмонк,howling-fjord,1646,monk,windwalker,60,31,29
Такюн,howling-fjord,1646,monk,windwalker,140,69,71
Гуппер,howling-fjord,1646,monk,windwalker,54,23,31
Alkanphel,kazzak,1641,monk,windwalker,30,20,10
Miløøx,silvermoon,1641,monk,windwalker,76,40,36
Naschitüte,blackrock,1639,monk,windwalker,210,109,101
Tianzu,twisting-nether,1638,monk,windwalker,42,18,24
Bastos,blackrock,1636,monk,windwalker,304,158,146
Yeratel,argent-dawn,1633,monk,windwalker,90,39,51
Jafandmeja,tarren-mill,1629,monk,windwalker,100,60,40
Sylicia,alleria,1628,monk,windwalker,102,49,53
Wuux,tarren-mill,1627,monk,windwalker,60,33,27
Notsmol,quelthalas,1627,monk,windwalker,42,21,21
Yobo,archimonde,1626,monk,windwalker,47,23,24
Akhlÿs,ysondre,1624,monk,windwalker,30,17,13
Mîsts,aszune,1624,monk,windwalker,35,18,17
Anteric,sylvanas,1623,monk,windwalker,30,20,10
Bossdog,mugthol,1623,monk,windwalker,33,21,12
Hôllowx,archimonde,1621,monk,windwalker,30,17,13
Iastyn,kazzak,1620,monk,windwalker,99,50,49
Ocëane,sanguino,1619,monk,windwalker,72,36,36
Sérrè,tarren-mill,1618,monk,windwalker,48,25,23
Ilovealicia,ragnaros,1618,monk,windwalker,36,17,19
Catchmee,agamaggan,1616,monk,windwalker,30,17,13
Тринх,ashenvale,1613,monk,windwalker,54,31,23
Saisha,defias-brotherhood,1613,monk,windwalker,36,20,16
Heyami,ravencrest,1613,monk,windwalker,36,17,19
Ravelbaby,blackrock,1613,monk,windwalker,45,21,24
Zandoy,draenor,1611,monk,windwalker,58,29,29
Цеска,howling-fjord,1611,monk,windwalker,42,20,22
Erenaar,nemesis,1608,monk,windwalker,48,37,11
Йетисан,gordunni,1607,monk,windwalker,77,42,35
Nigu,dun-modr,1606,monk,windwalker,67,38,29
Pandafuki,ravencrest,1606,monk,windwalker,44,21,23
Venrea,archimonde,1605,monk,windwalker,36,20,16
Vayarah,antonidas,1605,monk,windwalker,54,28,26
Рокебайбейби,howling-fjord,1605,monk,windwalker,131,67,64
Акумах,blackscar,1605,monk,windwalker,99,48,51
Valduri,stormscale,1604,monk,windwalker,60,27,33
Fistu,silvermoon,1602,monk,windwalker,31,18,13
Faustix,blackmoore,1602,monk,windwalker,78,42,36
Милыйколян,soulflayer,1601,monk,windwalker,42,19,23
Mynokxu,blackmoore,1598,monk,windwalker,32,23,9
Pelou,culte-de-la-rive-noire,1597,monk,windwalker,48,25,23
Thyf,drakthul,1596,monk,windwalker,48,20,28
Pêterpump,blackrock,1591,monk,windwalker,42,19,23
Луэнн,gordunni,1590,monk,windwalker,114,62,52
Дуэльныйчел,howling-fjord,1590,monk,windwalker,104,53,51
Venuki,blackrock,1582,monk,windwalker,30,19,11
Skiplegsweeb,stormscale,1579,monk,windwalker,30,21,9
Эвэйжион,gordunni,1579,monk,windwalker,42,25,17
Hosh,ysondre,1569,monk,windwalker,48,23,25
Сандерстрайк,howling-fjord,1567,monk,windwalker,51,28,23
Fln,blackrock,1565,monk,windwalker,36,18,18
Soxx,arthas,1563,monk,windwalker,74,41,33
Янакаблуках,howling-fjord,1562,monk,windwalker,177,98,79
Jeydi,ravencrest,1556,monk,windwalker,56,37,19
Sòftx,stormscale,1549,monk,windwalker,34,22,12
Rayokhen,kazzak,1546,monk,windwalker,30,17,13
Steros,die-aldor,1546,monk,windwalker,36,17,19
Akuuji,silvermoon,1544,monk,windwalker,36,17,19
Xullon,dragonblight,1542,monk,windwalker,60,27,33
Lycké,silvermoon,1538,monk,windwalker,48,29,19
Fistedx,twisting-nether,1537,monk,windwalker,87,36,51
Djshady,sylvanas,1536,monk,windwalker,48,23,25
Хекмуги,borean-tundra,1535,monk,windwalker,91,44,47
Муайтайец,howling-fjord,1533,monk,windwalker,41,18,23
Chireapz,blackrock,1532,monk,windwalker,48,25,23
Samantonah,nemesis,1531,monk,windwalker,34,22,12
Тшейши,howling-fjord,1526,monk,windwalker,54,28,26
Scribzw,twisting-nether,1524,monk,windwalker,24,16,8
Agitoyamissj,burning-legion,1524,monk,windwalker,114,56,58
Монголгодх,howling-fjord,1520,monk,windwalker,162,91,71
Bèrïth,kazzak,1517,monk,windwalker,36,18,18
Анпапаяя,galakrond,1507,monk,windwalker,47,26,21
Дивипи,blackscar,1506,monk,windwalker,54,24,30
Artharox,anachronos,1501,monk,windwalker,36,22,14
Galaxyfists,blackhand,1501,monk,windwalker,114,60,54
Jolbucheron,hyjal,1500,monk,windwalker,93,48,45
Wakmo,bladefist,1497,monk,windwalker,61,35,26
Kármo,thrall,1495,monk,windwalker,29,16,13
Eonyzi,kazzak,1491,monk,windwalker,42,20,22
Wwisalright,burning-legion,1490,monk,windwalker,30,16,14
Plsnerfmemor,hyjal,1480,monk,windwalker,64,32,32
Darré,sylvanas,1473,monk,windwalker,169,82,87
Vuzashiji,argent-dawn,1473,monk,windwalker,36,17,19
Xuuan,argent-dawn,1472,monk,windwalker,101,57,44
Ìnconnu,dalaran,1468,monk,windwalker,30,17,13
Senshí,stormscale,1468,monk,windwalker,42,20,22
Крутотимс,howling-fjord,1463,monk,windwalker,47,18,29
Fungamelol,blackhand,1459,monk,windwalker,30,19,11
Fantazero,burning-legion,1459,monk,windwalker,35,16,19
Sagewhisper,ravencrest,1458,monk,windwalker,57,27,30
Lucaspires,sylvanas,1455,monk,windwalker,60,22,38
Boxpunchkick,kazzak,1452,monk,windwalker,56,27,29
Fratznkicker,blackhand,1449,monk,windwalker,79,44,35
Nggz,archimonde,1444,monk,windwalker,66,44,22
Дезмимонк,ashenvale,1438,monk,windwalker,34,16,18
Артемиоксх,blackscar,1437,monk,windwalker,37,15,22
Флурсон,gordunni,1434,monk,windwalker,24,15,9
Oberháupt,blackrock,1432,monk,windwalker,30,15,15
Домудароги,gordunni,1431,monk,windwalker,60,29,31
Gresmar,defias-brotherhood,1429,monk,windwalker,30,15,15
Embodimonk,twisting-nether,1429,monk,windwalker,54,26,28
Томтью,gordunni,1427,monk,windwalker,71,36,35
Jukei,blackmoore,1425,monk,windwalker,30,15,15
Anhox,ragnaros,1425,monk,windwalker,30,15,15
Misutò,tarren-mill,1416,monk,windwalker,30,19,11
Mink,uldum,1412,monk,windwalker,30,15,15
Dræk,twisting-nether,1410,monk,windwalker,116,60,56
Shirkán,ragnaros,1409,monk,windwalker,30,15,15
Ryle,forscherliga,1409,monk,windwalker,30,15,15
Vibé,blackmoore,1407,monk,windwalker,30,17,13
Kyraxs,silvermoon,1406,monk,windwalker,48,24,24
Добраядушка,gordunni,1400,monk,windwalker,36,19,17
Ívó,ragnaros,1400,monk,windwalker,48,20,28
Akÿo,archimonde,1399,monk,windwalker,35,15,20
Pipatvs,drakthul,1398,monk,windwalker,31,21,10
Azato,hyjal,1398,monk,windwalker,48,23,25
Räudiger,nazjatar,1397,monk,windwalker,72,35,37
Nikchi,destromath,1397,monk,windwalker,60,26,34
Fífrelin,archimonde,1394,monk,windwalker,48,24,24
Vixia,outland,1390,monk,windwalker,29,15,14
Doobly,kazzak,1390,monk,windwalker,95,48,47
Bakash,ysondre,1382,monk,windwalker,134,61,73
Keskonriz,ysondre,1381,monk,windwalker,84,36,48
Кюзичка,gordunni,1379,monk,windwalker,83,38,45
Swiftmonky,azuremyst,1376,monk,windwalker,48,27,21
Spinntowin,blackmoore,1376,monk,windwalker,75,35,40
Recklusa,stormscale,1374,monk,windwalker,69,39,30
Yesman,quelthalas,1361,monk,windwalker,122,64,58
Nodzomi,shadowsong,1360,monk,windwalker,52,28,24
Shagzy,ravencrest,1358,monk,windwalker,23,15,8
Îrønfist,blackmoore,1358,monk,windwalker,29,17,12
Bandiya,archimonde,1358,monk,windwalker,61,28,33
Mirôku,onyxia,1352,monk,windwalker,42,22,20
Boutarzi,hyjal,1347,monk,windwalker,54,25,29
Icecoldish,tarren-mill,1344,monk,windwalker,78,41,37
Omnibar,kazzak,1343,monk,windwalker,24,14,10
Rismonk,frostmane,1343,monk,windwalker,24,14,10
Dêsmî,ravencrest,1342,monk,windwalker,22,15,7
Xinxanxonxin,zuljin,1342,monk,windwalker,30,14,16
Exikûsh,frostwolf,1341,monk,windwalker,30,16,14
Kyujushigu,silvermoon,1340,monk,windwalker,42,23,19
Schmidti,kazzak,1340,monk,windwalker,30,14,16
Domiqx,blackhand,1339,monk,windwalker,30,14,16
Piedliés,ravencrest,1336,monk,windwalker,30,14,16
Smørc,the-maelstrom,1336,monk,windwalker,30,14,16
Undefinedid,ravencrest,1335,monk,windwalker,110,57,53
Moonkeeye,stormscale,1332,monk,windwalker,60,36,24
Lesauceboss,kazzak,1332,monk,windwalker,30,14,16
Бладмонки,soulflayer,1328,monk,windwalker,36,15,21
Matlahon,kazzak,1325,monk,windwalker,71,32,39
Øbamakush,archimonde,1323,monk,windwalker,36,17,19
Коркирас,howling-fjord,1322,monk,windwalker,84,47,37
Tempestu,twisting-nether,1319,monk,windwalker,30,14,16
Hazmad,archimonde,1318,monk,windwalker,42,22,20
Gatyz,archimonde,1317,monk,windwalker,33,14,19
Fûràxx,hyjal,1314,monk,windwalker,60,31,29
Intensivee,silvermoon,1313,monk,windwalker,53,23,30
Kîngjungeîle,dalaran,1301,monk,windwalker,24,14,10
Djînns,blackmoore,1296,monk,windwalker,30,15,15
Miyaghï,dun-modr,1290,monk,windwalker,73,37,36
Яшкациган,howling-fjord,1290,monk,windwalker,46,19,27
Hampocket,ravencrest,1290,monk,windwalker,38,15,23
Mycki,dalaran,1289,monk,windwalker,29,15,14
Kanõ,outland,1280,monk,windwalker,65,31,34
Lemmeportbk,ravencrest,1279,monk,windwalker,32,15,17
Bobbyknuckls,ravencrest,1278,monk,windwalker,96,41,55
Mønkeydluffy,blackmoore,1269,monk,windwalker,66,33,33
Kungfumite,twisting-nether,1266,monk,windwalker,83,42,41
Likethat,hyjal,1255,monk,windwalker,53,23,30
Malutkie,defias-brotherhood,1252,monk,windwalker,144,68,76
Thänkky,kazzak,1247,monk,windwalker,18,13,5
Djpunchable,blackrock,1247,monk,windwalker,24,13,11
Ðâvàizskÿ,ysondre,1247,monk,windwalker,24,13,11
Fijiwater,draenor,1246,monk,windwalker,18,13,5
Fatlazypanda,argent-dawn,1245,monk,windwalker,38,23,15
Rerowine,magtheridon,1245,monk,windwalker,30,13,17
Brandy,kazzak,1242,monk,windwalker,30,13,17
Pacimaru,silvermoon,1242,monk,windwalker,30,13,17
Чвка,booty-bay,1240,monk,windwalker,37,19,18
Мионелолл,goldrinn,1239,monk,windwalker,24,13,11
Pandermann,antonidas,1238,monk,windwalker,30,16,14
Kouradoskylo,twisting-nether,1234,monk,windwalker,29,16,13
Meltfistqt,ravencrest,1234,monk,windwalker,30,13,17
Fablemayfly,tarren-mill,1233,monk,windwalker,30,13,17
Янасру,gordunni,1232,monk,windwalker,273,136,137
Kegrøll,doomhammer,1231,monk,windwalker,42,21,21
Gorskie,silvermoon,1230,monk,windwalker,27,13,14
Greytail,argent-dawn,1230,monk,windwalker,30,13,17
Phyllochinon,blackrock,1227,monk,windwalker,30,19,11
Пампич,borean-tundra,1227,monk,windwalker,30,13,17
Votbo,kazzak,1226,monk,windwalker,36,13,23
Cac,argent-dawn,1226,monk,windwalker,45,14,31
Bal,tyrande,1222,monk,windwalker,27,17,10
Bruzuh,outland,1215,monk,windwalker,31,15,16
Vushao,blackmoore,1215,monk,windwalker,174,81,93
Кирокко,gordunni,1211,monk,windwalker,24,16,8
Blumonk,argent-dawn,1209,monk,windwalker,84,40,44
Euronymesis,silvermoon,1208,monk,windwalker,32,15,17
Imvengeance,stormscale,1204,monk,windwalker,28,14,14
Lòthbar,confrérie-du-thorium,1192,monk,windwalker,41,22,19
Yøøps,dalaran,1191,monk,windwalker,71,33,38
Bogey,ragnaros,1182,monk,windwalker,26,13,13
Билльбо,fordragon,1176,monk,windwalker,90,43,47
Gúerrilla,tarren-mill,1174,monk,windwalker,78,42,36
Vercya,dun-morogh,1168,monk,windwalker,37,19,18
Брысьли,howling-fjord,1162,monk,windwalker,32,14,18
Bellarika,nemesis,1152,monk,windwalker,12,12,0
Shoura,blackmoore,1151,monk,windwalker,18,12,6
Tðptier,drakthul,1151,monk,windwalker,18,12,6
Kungfuhkyou,tarren-mill,1151,monk,windwalker,18,12,6
Uwuhehe,ravencrest,1151,monk,windwalker,18,12,6
Arsonists,argent-dawn,1151,monk,windwalker,18,12,6
Çhina,twisting-nether,1151,monk,windwalker,24,12,12
Mezz,ahnqiraj,1151,monk,windwalker,24,12,12
Jeppehmonk,stormscale,1151,monk,windwalker,24,12,12
Adrianchase,ravencrest,1151,monk,windwalker,24,12,12
Mutah,arathor,1150,monk,windwalker,18,12,6
Bigfistah,tarren-mill,1150,monk,windwalker,24,12,12
Elfisto,baelgun,1149,monk,windwalker,26,13,13
Monk,dun-modr,1148,monk,windwalker,24,12,12
Brorsantuck,frostmane,1147,monk,windwalker,18,12,6
Траблы,howling-fjord,1147,monk,windwalker,24,12,12
Sesi,drakthul,1147,monk,windwalker,42,12,30
Joaquuin,sylvanas,1146,monk,windwalker,36,16,20
Ролитта,gordunni,1144,monk,windwalker,18,12,6
Халиосфа,gordunni,1129,monk,windwalker,30,12,18
Malarie,magtheridon,1128,monk,windwalker,96,52,44
Jesmander,kazzak,1114,monk,windwalker,24,12,12
Stronkman,frostwhisper,1109,monk,windwalker,24,16,8
Noodlesauce,silvermoon,1100,monk,windwalker,15,12,3
Непорядочная,gordunni,1094,monk,windwalker,42,17,25
Bænkai,naxxramas,1090,monk,windwalker,23,12,11
Ехерех,blackscar,1084,monk,windwalker,36,21,15
Xialongbao,khaz-modan,1083,monk,windwalker,29,12,17
Løwping,blackmoore,1079,monk,windwalker,47,13,34
Jayline,kazzak,1069,monk,windwalker,48,18,30
Daybaobao,the-maelstrom,1062,monk,windwalker,22,12,10
Одиниз,gordunni,1059,monk,windwalker,54,34,20
Dévíllíá,ragnaros,1056,monk,windwalker,24,11,13
Зестус,galakrond,1056,monk,windwalker,24,11,13
Hôllowx,throkferoth,1056,monk,windwalker,24,11,13
Mabkww,ravencrest,1055,monk,windwalker,18,11,7
Cirixx,outland,1055,monk,windwalker,18,11,7
Mcflaïe,ysondre,1055,monk,windwalker,24,11,13
Форгетх,soulflayer,1055,monk,windwalker,24,11,13
Leolilu,ravencrest,1054,monk,windwalker,18,11,7
Shapzxd,archimonde,1054,monk,windwalker,18,11,7
Futtefut,ravencrest,1054,monk,windwalker,30,11,19
Tiaqa,aegwynn,1053,monk,windwalker,12,11,1
Inkegomonk,draenor,1053,monk,windwalker,36,11,25
Cleør,blackmoore,1052,monk,windwalker,18,11,7
Realiaze,tichondrius,1051,monk,windwalker,30,11,19
Вамптолкер,howling-fjord,1049,monk,windwalker,18,11,7
Chígoku,grim-batol,1048,monk,windwalker,24,11,13
Kneecapper,ravencrest,1047,monk,windwalker,24,11,13
Dokuziq,twisting-nether,1046,monk,windwalker,28,12,16
Klapptoast,blackmoore,1036,monk,windwalker,24,11,13
Napqi,malganis,1023,monk,windwalker,17,11,6
Broner,dunemaul,1022,monk,windwalker,23,11,12
Trunks,turalyon,1014,monk,windwalker,24,11,13
Buggaa,dalaran,996,monk,windwalker,23,11,12
Dionee,twisting-nether,992,monk,windwalker,27,14,13
Marcianorock,archimonde,987,monk,windwalker,30,13,17
Agress,sanguino,984,monk,windwalker,72,33,39
Вагонюлеера,howling-fjord,974,monk,windwalker,22,11,11
Bonepalm,kazzak,960,monk,windwalker,12,10,2
Sqoobie,tarren-mill,960,monk,windwalker,18,10,8
Rìnox,blackmoore,960,monk,windwalker,18,10,8
Plånck,archimonde,960,monk,windwalker,18,10,8
Mcscrub,ragnaros,960,monk,windwalker,18,10,8
Ðävàizskó,ysondre,960,monk,windwalker,18,10,8
Laggedfist,kazzak,960,monk,windwalker,24,10,14
Nycea,blackrock,959,monk,windwalker,18,10,8
Fullzi,dalaran,959,monk,windwalker,18,10,8
Faustux,blackmoore,959,monk,windwalker,18,10,8
Атакцуки,gordunni,959,monk,windwalker,18,10,8
Andyww,doomhammer,958,monk,windwalker,36,10,26
Heffertonne,eredar,957,monk,windwalker,18,10,8
Permagone,argent-dawn,956,monk,windwalker,24,10,14
Монахнехилит,howling-fjord,956,monk,windwalker,30,10,20
Sebbii,twisting-nether,927,monk,windwalker,23,10,13
Wazari,nemesis,922,monk,windwalker,23,10,13
Karmachi,ravencrest,910,monk,windwalker,29,10,19
Chilleê,blackmoore,909,monk,windwalker,17,10,7
Korié,ravencrest,864,monk,windwalker,12,9,3
Tauti,dun-morogh,864,monk,windwalker,12,9,3
Denji,kargath,864,monk,windwalker,12,9,3
Blizò,tarren-mill,864,monk,windwalker,18,9,9
Gankplank,nemesis,864,monk,windwalker,18,9,9
Zmile,ragnaros,864,monk,windwalker,18,9,9
Snookzlol,aegwynn,864,monk,windwalker,18,9,9
Goldengem,silvermoon,864,monk,windwalker,18,9,9
Weaverman,ragnaros,864,monk,windwalker,18,9,9
Lrizz,argent-dawn,864,monk,windwalker,18,9,9
Flowér,auchindoun,864,monk,windwalker,24,9,15
Coollann,drakthul,864,monk,windwalker,24,9,15
Фортрен,deepholm,864,monk,windwalker,24,9,15
Alandriai,blackmoore,863,monk,windwalker,12,9,3
Bloodfist,zuljin,863,monk,windwalker,16,10,6
Otp,hyjal,863,monk,windwalker,18,9,9
Fisty,lightbringer,863,monk,windwalker,24,9,15
Nouraxo,kazzak,862,monk,windwalker,18,9,9
Nolo,outland,862,monk,windwalker,24,9,15
Lin,nathrezim,861,monk,windwalker,18,9,9
Monkgol,stormscale,861,monk,windwalker,18,9,9
Linocence,draenor,860,monk,windwalker,95,47,48
Tetetete,silvermoon,858,monk,windwalker,18,9,9
Somonks,twisting-nether,857,monk,windwalker,18,9,9
Kylerøne,hyjal,856,monk,windwalker,24,9,15
Patadademijo,tarren-mill,855,monk,windwalker,24,9,15
Mozzaks,doomhammer,852,monk,windwalker,12,9,3
Клепер,soulflayer,852,monk,windwalker,18,9,9
Vivvy,argent-dawn,842,monk,windwalker,23,11,12
Gidmonk,darkspear,836,monk,windwalker,18,9,9
Apprentice,ravencrest,815,monk,windwalker,17,9,8
Yamo,blackrock,814,monk,windwalker,17,9,8
Okilexsan,sanguino,797,monk,windwalker,11,9,2
Karatiy,doomhammer,795,monk,windwalker,99,33,66
Ðìør,kazzak,768,monk,windwalker,12,8,4
Slayh,archimonde,768,monk,windwalker,12,8,4
Gøøgodx,tarren-mill,768,monk,windwalker,12,8,4
Karels,archimonde,768,monk,windwalker,12,8,4
Fistyfast,hyjal,768,monk,windwalker,12,8,4
Wladqz,stormscale,768,monk,windwalker,12,8,4
Eggroll,archimonde,768,monk,windwalker,12,8,4
Vajawalkerx,twisting-nether,768,monk,windwalker,12,8,4
Такиера,gordunni,768,monk,windwalker,12,8,4
Лагвай,gordunni,768,monk,windwalker,12,8,4
Runefists,twisting-nether,768,monk,windwalker,12,8,4
Sultanofrizz,draenor,768,monk,windwalker,12,8,4
Monk,shattered-hand,768,monk,windwalker,18,8,10
Vandamme,archimonde,768,monk,windwalker,18,8,10
Kåtsumi,sanguino,768,monk,windwalker,18,8,10
Gdkz,tarren-mill,768,monk,windwalker,18,8,10
Jamiedhism,ravencrest,768,monk,windwalker,18,8,10
Ijji,argent-dawn,768,monk,windwalker,18,8,10
Stÿvww,archimonde,768,monk,windwalker,24,8,16
ßibip,hyjal,767,monk,windwalker,14,10,4
Монашкасюэ,howling-fjord,767,monk,windwalker,12,8,4
Nízra,archimonde,767,monk,windwalker,12,8,4
Hazzat,nordrassil,767,monk,windwalker,12,8,4
Merilwyn,argent-dawn,767,monk,windwalker,12,8,4
Earendil,culte-de-la-rive-noire,767,monk,windwalker,12,8,4
Дыня,gordunni,767,monk,windwalker,12,8,4
Risomonk,blackrock,767,monk,windwalker,18,8,10
Silvrt,tarren-mill,767,monk,windwalker,18,8,10
Johnsôn,blackmoore,767,monk,windwalker,18,8,10
Kryzu,ragnaros,767,monk,windwalker,18,8,10
Wilywolxx,silvermoon,766,monk,windwalker,12,8,4
Pocaa,arakarahm,766,monk,windwalker,18,8,10
Rollah,ravencrest,765,monk,windwalker,18,8,10
Verfa,twisting-nether,765,monk,windwalker,18,8,10
Kaipo,ragnaros,765,monk,windwalker,24,8,16
Néroburnsred,eredar,763,monk,windwalker,27,9,18
Czvibuh,drakthul,763,monk,windwalker,24,8,16
Апесиинка,gordunni,758,monk,windwalker,14,8,6
Fredder,blackrock,701,monk,windwalker,23,8,15
Sàlêxz,ysondre,672,monk,windwalker,12,7,5
Âdonis,twisting-nether,672,monk,windwalker,12,7,5
Tortasauro,sanguino,672,monk,windwalker,12,7,5
Azangar,kazzak,672,monk,windwalker,12,7,5
Вэилэй,gordunni,672,monk,windwalker,12,7,5
Bryggarn,draenor,672,monk,windwalker,12,7,5
Vixiatwo,outland,672,monk,windwalker,12,7,5
Zenothar,ravencrest,672,monk,windwalker,12,7,5
Yipmaan,kazzak,672,monk,windwalker,12,7,5
Njursten,twilights-hammer,672,monk,windwalker,12,7,5
Melaz,ravencrest,672,monk,windwalker,12,7,5
Saodiseng,outland,672,monk,windwalker,12,7,5
Arthanaar,drakthul,672,monk,windwalker,12,7,5
Potsymist,twisting-nether,672,monk,windwalker,12,7,5
Chanzey,silvermoon,672,monk,windwalker,12,7,5
Chiscake,blackrock,672,monk,windwalker,12,7,5
Dopi,frostmane,672,monk,windwalker,12,7,5
Galexuz,blackrock,672,monk,windwalker,18,7,11
Elababe,ravencrest,672,monk,windwalker,18,7,11
Armutschkerl,blackhand,672,monk,windwalker,18,7,11
Тифуя,gordunni,672,monk,windwalker,18,7,11
Волкейн,soulflayer,672,monk,windwalker,18,7,11
Mefîsto,blackrock,672,monk,windwalker,18,7,11
Quï,hyjal,672,monk,windwalker,18,7,11
Эзархадон,lich-king,671,monk,windwalker,12,7,5
Dubhira,blackmoore,671,monk,windwalker,12,7,5
Mystikmonk,blackrock,671,monk,windwalker,12,7,5
Teztouza,kazzak,671,monk,windwalker,12,7,5
Bierdame,blackhand,671,monk,windwalker,12,7,5
Chæli,tarren-mill,671,monk,windwalker,12,7,5
Sonofelrond,twisting-nether,671,monk,windwalker,12,7,5
Arshy,silvermoon,671,monk,windwalker,18,7,11
Discosean,frostmane,671,monk,windwalker,18,7,11
Duches,tarren-mill,671,monk,windwalker,18,7,11
Zhiothe,argent-dawn,670,monk,windwalker,12,7,5
Mwoinesamdi,hyjal,670,monk,windwalker,18,7,11
Dummars,ragnaros,670,monk,windwalker,18,7,11
Kirara,talnivarr,668,monk,windwalker,12,7,5
Panzeerotto,nemesis,667,monk,windwalker,30,7,23
Martial,arthas,636,monk,windwalker,17,7,10
Fusetonww,tarren-mill,623,monk,windwalker,11,7,4
Ahlu,argent-dawn,623,monk,windwalker,21,7,14
Ktrina,ravencrest,618,monk,windwalker,21,9,12
Sori,mazrigos,592,monk,windwalker,19,7,12
Rezuz,draenor,576,monk,windwalker,6,6,0
Tecisharmony,ravencrest,576,monk,windwalker,12,6,6
Xàrslòulolz,kazzak,576,monk,windwalker,12,6,6
Niyatî,draenor,576,monk,windwalker,12,6,6
Pabu,emeriss,576,monk,windwalker,12,6,6
Níko,korgall,576,monk,windwalker,12,6,6
Мэрджик,soulflayer,576,monk,windwalker,12,6,6
Gîø,blackmoore,576,monk,windwalker,12,6,6
Fistenjoyer,outland,576,monk,windwalker,12,6,6
Weezé,outland,576,monk,windwalker,12,6,6
Yeol,ravencrest,576,monk,windwalker,12,6,6
Ilovecravmag,draenor,576,monk,windwalker,12,6,6
Turbofistsqt,kazzak,576,monk,windwalker,12,6,6
Baltimore,stormscale,576,monk,windwalker,12,6,6
Geezer,the-maelstrom,576,monk,windwalker,12,6,6
Rhâzalgûl,khaz-modan,576,monk,windwalker,12,6,6
Ferree,tarren-mill,576,monk,windwalker,12,6,6
Geeér,outland,576,monk,windwalker,12,6,6
Rainymonday,ravencrest,576,monk,windwalker,12,6,6
Ampm,ravencrest,576,monk,windwalker,12,6,6
Whoszeus,archimonde,576,monk,windwalker,12,6,6
Miridius,silvermoon,576,monk,windwalker,12,6,6
Tenszangetsu,ragnaros,576,monk,windwalker,12,6,6
Waaks,archimonde,576,monk,windwalker,12,6,6
Nyrkkikylpy,ravencrest,576,monk,windwalker,12,6,6
Brüshïë,kazzak,576,monk,windwalker,12,6,6
Humpenpower,blackhand,576,monk,windwalker,12,6,6
Nightingalê,silvermoon,576,monk,windwalker,12,6,6
Luckyjones,tarren-mill,576,monk,windwalker,12,6,6
Balance,laughing-skull,576,monk,windwalker,12,6,6
Jollyzug,blackrock,576,monk,windwalker,12,6,6
Купейчик,gordunni,576,monk,windwalker,12,6,6
Däemon,twisting-nether,576,monk,windwalker,15,7,8
Bbcmonkinc,aegwynn,576,monk,windwalker,16,7,9
Мишадуротар,borean-tundra,576,monk,windwalker,16,7,9
Blickx,draenor,576,monk,windwalker,18,6,12
Desmî,ravencrest,576,monk,windwalker,18,6,12
Лаодзы,deathguard,576,monk,windwalker,18,6,12
Fiststowin,blackrock,576,monk,windwalker,18,6,12
Norgamx,alakir,576,monk,windwalker,18,6,12
Mynaira,tarren-mill,576,monk,windwalker,19,6,13
Кримсон,blackscar,575,monk,windwalker,6,6,0
Fantasiløs,twisting-nether,575,monk,windwalker,12,6,6
Raychi,draenor,575,monk,windwalker,12,6,6
Iluvatareru,twisting-nether,575,monk,windwalker,12,6,6
Chiroidz,kazzak,575,monk,windwalker,12,6,6
Teetoor,argent-dawn,575,monk,windwalker,12,6,6
Woknroll,draenor,575,monk,windwalker,12,6,6
Doreese,moonglade,575,monk,windwalker,12,6,6
Enjàz,sylvanas,575,monk,windwalker,12,6,6
Jaylée,thrall,574,monk,windwalker,12,6,6
Veila,the-maelstrom,573,monk,windwalker,12,6,6
Mönchdog,blackmoore,573,monk,windwalker,12,6,6
Mullan,eonar,573,monk,windwalker,24,6,18
Monkiatsu,turalyon,571,monk,windwalker,12,6,6
Жарптыца,gordunni,559,monk,windwalker,17,6,11
Cptfist,argent-dawn,543,monk,windwalker,17,6,11
Dianly,ravencrest,543,monk,windwalker,23,6,17
Шейдла,soulflayer,527,monk,windwalker,11,6,5
Merjis,stormscale,527,monk,windwalker,11,6,5
Жекадобряк,howling-fjord,503,monk,windwalker,15,7,8
Nastyvibes,dun-modr,480,monk,windwalker,6,5,1
Capedbaldy,blackhand,480,monk,windwalker,6,5,1
Killabees,stormscale,480,monk,windwalker,6,5,1
Ванфист,gordunni,480,monk,windwalker,6,5,1
Emptyeyés,kazzak,480,monk,windwalker,6,5,1
Kapud,twisting-nether,480,monk,windwalker,6,5,1
Hàtéppl,ravencrest,480,monk,windwalker,6,5,1
Энвишь,soulflayer,480,monk,windwalker,6,5,1
Монкигодх,howling-fjord,480,monk,windwalker,6,5,1
Larsowns,ragnaros,480,monk,windwalker,6,5,1
Ноупэйн,soulflayer,480,monk,windwalker,6,5,1
Bwayn,blackhand,480,monk,windwalker,12,5,7
Мяуки,soulflayer,480,monk,windwalker,12,5,7
Grintilif,malygos,480,monk,windwalker,12,5,7
Bansheerrz,hyjal,480,monk,windwalker,12,5,7
Nevertouch,blackrock,480,monk,windwalker,12,5,7
Bimberta,argent-dawn,480,monk,windwalker,12,5,7
Diagmonk,kazzak,480,monk,windwalker,12,5,7
Aljabbar,ravencrest,480,monk,windwalker,12,5,7
Nerd,argent-dawn,480,monk,windwalker,12,5,7
Ànklar,blackrock,480,monk,windwalker,12,5,7
Tubørg,ravencrest,480,monk,windwalker,12,5,7
Archnun,stormscale,480,monk,windwalker,12,5,7
Fistus,dentarg,480,monk,windwalker,12,5,7
Mayliene,stormscale,480,monk,windwalker,12,5,7
Investing,silvermoon,480,monk,windwalker,12,5,7
Jjslag,stormscale,480,monk,windwalker,12,5,7
Wreckpuss,tarren-mill,480,monk,windwalker,12,5,7
Blyatfast,draenor,480,monk,windwalker,12,5,7
Babyfax,draenor,480,monk,windwalker,12,5,7
Áutumnfalls,stormscale,480,monk,windwalker,12,5,7
Enrookiejr,aegwynn,480,monk,windwalker,12,5,7
Kenjibsen,blackhand,480,monk,windwalker,12,5,7
Кунфумастер,gordunni,480,monk,windwalker,12,5,7
Feyzmonk,ysondre,480,monk,windwalker,12,5,7
Badcøwboy,archimonde,480,monk,windwalker,12,5,7
Qtv,arthas,480,monk,windwalker,12,5,7
Kaelwind,burning-legion,480,monk,windwalker,12,5,7
Greenshortea,aegwynn,480,monk,windwalker,12,5,7
Pîna,onyxia,480,monk,windwalker,12,5,7
Drfistalot,blackrock,480,monk,windwalker,12,5,7
Onlypressw,tarren-mill,480,monk,windwalker,12,5,7
Käsefäuste,azshara,480,monk,windwalker,12,5,7
Анике,howling-fjord,480,monk,windwalker,21,6,15
Sigath,emeriss,480,monk,windwalker,18,5,13
Nicetrybuddy,draenor,480,monk,windwalker,18,5,13
Немонахх,howling-fjord,480,monk,windwalker,18,5,13
Диксэш,ashenvale,479,monk,windwalker,12,5,7
Alopécida,voljin,479,monk,windwalker,15,6,9
Effeots,blackrock,479,monk,windwalker,18,5,13
Øñ,cthun,479,monk,windwalker,18,5,13
Концептуалик,gordunni,477,monk,windwalker,9,6,3
Khrylx,twisting-nether,473,monk,windwalker,16,10,6
Sadwhi,turalyon,472,monk,windwalker,12,5,7
Lqp,outland,447,monk,windwalker,11,5,6
Wodniuch,defias-brotherhood,447,monk,windwalker,11,5,6
Chulli,stormscale,432,monk,windwalker,9,6,3
Dushimonk,runetotem,416,monk,windwalker,10,5,5
Камагами,howling-fjord,400,monk,windwalker,7,5,2
Theoalt,dragonblight,399,monk,windwalker,5,5,0
Twdabuser,tarren-mill,384,monk,windwalker,6,4,2
Mickjabber,aegwynn,384,monk,windwalker,6,4,2
Palarîns,dalaran,384,monk,windwalker,6,4,2
Vetocorleone,kazzak,384,monk,windwalker,6,4,2
Windvibes,antonidas,384,monk,windwalker,6,4,2
Monkflexi,draenor,384,monk,windwalker,6,4,2
Rugys,ravenholdt,384,monk,windwalker,6,4,2
Hertel,boulderfist,384,monk,windwalker,6,4,2
Baisi,blackhand,384,monk,windwalker,6,4,2
Silcet,stormscale,384,monk,windwalker,6,4,2
Orenichi,antonidas,384,monk,windwalker,6,4,2
Wingwalker,twisting-nether,384,monk,windwalker,6,4,2
Styxmk,blackhand,384,monk,windwalker,6,4,2
Venersere,eitrigg,384,monk,windwalker,6,4,2
Dadrael,argent-dawn,384,monk,windwalker,6,4,2
Blazeuu,drakthul,384,monk,windwalker,6,4,2
Windstormcro,ragnaros,384,monk,windwalker,6,4,2
Twinkletoe,twisting-nether,384,monk,windwalker,6,4,2
Sêssai,outland,384,monk,windwalker,6,4,2
Disciprín,tarren-mill,384,monk,windwalker,6,4,2
Onn,outland,384,monk,windwalker,6,4,2
Orênda,silvermoon,384,monk,windwalker,6,4,2
Clìtfister,silvermoon,384,monk,windwalker,6,4,2
Нежненький,gordunni,384,monk,windwalker,6,4,2
Møønkëy,archimonde,384,monk,windwalker,6,4,2
Емопацан,gordunni,384,monk,windwalker,6,4,2
Piednuques,archimonde,384,monk,windwalker,6,4,2
Tysonwonka,thrall,384,monk,windwalker,6,4,2
Пашаскороход,gordunni,384,monk,windwalker,6,4,2
Wushin,antonidas,384,monk,windwalker,6,4,2
Thekaj,kazzak,384,monk,windwalker,6,4,2
Okpm,marécage-de-zangar,384,monk,windwalker,6,4,2
Gramkin,ravencrest,384,monk,windwalker,6,4,2
Diagmonk,arathi,384,monk,windwalker,6,4,2
Màlydôr,outland,384,monk,windwalker,6,4,2
Soulspar,ragnaros,384,monk,windwalker,6,4,2
Tàlo,anachronos,384,monk,windwalker,6,4,2
Vjelan,forscherliga,384,monk,windwalker,6,4,2
Jessie,bloodscalp,384,monk,windwalker,12,4,8
Кириешек,deathguard,384,monk,windwalker,12,4,8
Scribzz,twisting-nether,384,monk,windwalker,12,4,8
Аоепуп,soulflayer,384,monk,windwalker,12,4,8
Goremancey,draenor,384,monk,windwalker,12,4,8
Räyh,outland,384,monk,windwalker,12,4,8
Байтли,gordunni,384,monk,windwalker,12,4,8
Bigkim,khadgar,384,monk,windwalker,12,4,8
Blutáar,khazgoroth,384,monk,windwalker,12,4,8
Aesthetìc,draenor,384,monk,windwalker,12,4,8
Hoøo,hyjal,384,monk,windwalker,12,4,8
Risingspud,frostmane,384,monk,windwalker,12,4,8
Ragobd,argent-dawn,384,monk,windwalker,12,4,8
Andrah,blackmoore,384,monk,windwalker,12,4,8
Dëvilliä,ragnaros,384,monk,windwalker,12,4,8
Крэйзимедвед,howling-fjord,384,monk,windwalker,12,4,8
Bbinzu,lothar,383,monk,windwalker,6,4,2
Югэн,azuregos,383,monk,windwalker,12,4,8
Undgrund,burning-legion,382,monk,windwalker,12,4,8
Broussly,voljin,380,monk,windwalker,12,4,8
Youngmonk,tarren-mill,351,monk,windwalker,17,4,13
Benkkei,ysondre,336,monk,windwalker,15,4,11
Choje,blackmoore,319,monk,windwalker,5,4,1
Alë,argent-dawn,319,monk,windwalker,8,4,4
Tjmnk,ravencrest,288,monk,windwalker,6,3,3
Dasjinso,blackhand,288,monk,windwalker,6,3,3
Zunixxww,terrordar,288,monk,windwalker,6,3,3
Междунамиад,gordunni,288,monk,windwalker,6,3,3
Пингкин,deathweaver,288,monk,windwalker,6,3,3
Monkelibonk,ravencrest,288,monk,windwalker,6,3,3
Notadrâgon,sylvanas,288,monk,windwalker,6,3,3
Lokregar,blackmoore,288,monk,windwalker,6,3,3
Бичмэн,deathguard,288,monk,windwalker,6,3,3
Daltailr,silvermoon,288,monk,windwalker,6,3,3
Adewelee,dalaran,288,monk,windwalker,6,3,3
Zelraqt,burning-steppes,288,monk,windwalker,6,3,3
Расселкроу,galakrond,288,monk,windwalker,6,3,3
Kungf,twisting-nether,288,monk,windwalker,6,3,3
Bluumorc,ravencrest,288,monk,windwalker,6,3,3
Dennismansix,sylvanas,288,monk,windwalker,6,3,3
Velduin,dun-modr,288,monk,windwalker,6,3,3
Ellevance,draenor,288,monk,windwalker,6,3,3
Авентусс,howling-fjord,288,monk,windwalker,6,3,3
Iluvfistinjk,sylvanas,288,monk,windwalker,6,3,3
Realfighter,arathor,288,monk,windwalker,6,3,3
Ogelele,twisting-nether,288,monk,windwalker,6,3,3
Hästgodx,the-maelstrom,288,monk,windwalker,6,3,3
Sajin,la-croisade-écarlate,288,monk,windwalker,6,3,3
Рендикаое,soulflayer,288,monk,windwalker,6,3,3
Atrøciøus,ravencrest,288,monk,windwalker,6,3,3
Møngøwéávé,argent-dawn,288,monk,windwalker,6,3,3
Despéradø,archimonde,288,monk,windwalker,6,3,3
Joshxao,blackmoore,288,monk,windwalker,6,3,3
Blyadislav,ravencrest,288,monk,windwalker,6,3,3
Qdwdwqerdads,ravencrest,288,monk,windwalker,6,3,3
Monkacek,drakthul,288,monk,windwalker,6,3,3
Lørðbrøñkø,blackrock,288,monk,windwalker,6,3,3
Xpobak,ravencrest,288,monk,windwalker,6,3,3
Traxxus,sanguino,288,monk,windwalker,6,3,3
Zéná,gilneas,288,monk,windwalker,6,3,3
Сугробикк,soulflayer,288,monk,windwalker,6,3,3
Räpeltäjä,stormreaver,288,monk,windwalker,6,3,3
Koot,ragnaros,288,monk,windwalker,6,3,3
Shoelaren,ragnaros,288,monk,windwalker,6,3,3
Ðoom,sylvanas,288,monk,windwalker,6,3,3
Shaol,stormreaver,288,monk,windwalker,6,3,3
Fapmaster,aegwynn,288,monk,windwalker,6,3,3
Zìnko,eredar,288,monk,windwalker,6,3,3
Homelanderxx,tarren-mill,288,monk,windwalker,6,3,3
Ybnobama,outland,288,monk,windwalker,6,3,3
Droozy,silvermoon,288,monk,windwalker,6,3,3
Sizok,blackmoore,288,monk,windwalker,6,3,3
Arisua,blackhand,288,monk,windwalker,6,3,3
Bonkboi,tarren-mill,288,monk,windwalker,6,3,3
Bg,blackhand,288,monk,windwalker,6,3,3
Ratfacè,outland,288,monk,windwalker,6,3,3
Jakfuki,ragnaros,288,monk,windwalker,6,3,3
Xamaan,sanguino,288,monk,windwalker,6,3,3
Bobblasfists,tarren-mill,288,monk,windwalker,6,3,3
Zenified,ragnaros,288,monk,windwalker,6,3,3
Askarg,khaz-modan,288,monk,windwalker,6,3,3
Aaronm,tarren-mill,288,monk,windwalker,6,3,3
Balkanbeastt,draenor,288,monk,windwalker,10,4,6
Howkong,archimonde,288,monk,windwalker,12,3,9
Clamps,darkspear,288,monk,windwalker,12,3,9
Dòrâ,archimonde,288,monk,windwalker,12,3,9
Arachmk,drakthul,288,monk,windwalker,12,3,9
Mönchfatih,blackhand,288,monk,windwalker,12,3,9
Roxmonk,ravencrest,288,monk,windwalker,12,3,9
Barylen,outland,288,monk,windwalker,12,3,9
Cøbrakaï,archimonde,288,monk,windwalker,12,3,9
Mongole,hellscream,288,monk,windwalker,12,3,9
Monkiki,hyjal,288,monk,windwalker,12,3,9
Geliôs,kazzak,288,monk,windwalker,12,3,9
Ikasama,culte-de-la-rive-noire,288,monk,windwalker,12,3,9
Мистерхюй,gordunni,288,monk,windwalker,18,3,15
Ayyee,blackmoore,288,monk,windwalker,18,3,15
Lewimoäne,khaz-modan,287,monk,windwalker,6,3,3
Brucilli,dalaran,287,monk,windwalker,6,3,3
Syaóran,exodar,286,monk,windwalker,12,3,9
Пкмлкм,gordunni,255,monk,windwalker,11,3,8
Dolkenm,tarren-mill,240,monk,windwalker,9,4,5
Zerno,archimonde,239,monk,windwalker,5,3,2
Iamzra,kazzak,239,monk,windwalker,11,3,8
Trolleurz,archimonde,224,monk,windwalker,16,3,13
Idointcare,ravencrest,192,monk,windwalker,4,3,1
Bignessb,draenor,192,monk,windwalker,4,3,1
Kano,burning-legion,192,monk,windwalker,9,3,6
Jkmonkyo,blackrock,192,monk,windwalker,6,2,4
Dodoglad,hyjal,192,monk,windwalker,6,2,4
Eynodiggity,blackmoore,192,monk,windwalker,6,2,4
Belobe,stormscale,192,monk,windwalker,6,2,4
Jackonk,eredar,192,monk,windwalker,6,2,4
Bensil,ravencrest,192,monk,windwalker,6,2,4
Walterwayne,blackrock,192,monk,windwalker,6,2,4
Gabbah,blackrock,192,monk,windwalker,6,2,4
Майамибитч,howling-fjord,192,monk,windwalker,6,2,4
Friidam,lightbringer,192,monk,windwalker,6,2,4
Lxq,blackhand,192,monk,windwalker,6,2,4
Ревенджж,howling-fjord,192,monk,windwalker,6,2,4
Orcword,ragnaros,192,monk,windwalker,6,2,4
Fistingfury,burning-blade,192,monk,windwalker,6,2,4
Panicfist,stormscale,192,monk,windwalker,6,2,4
Brevduwan,ragnaros,192,monk,windwalker,6,2,4
Хзт,howling-fjord,192,monk,windwalker,6,2,4
Tyrastel,dalaran,192,monk,windwalker,6,2,4
Deathpùlse,ravencrest,192,monk,windwalker,6,2,4
Brewroll,ravencrest,192,monk,windwalker,6,2,4
Såliten,tarren-mill,192,monk,windwalker,6,2,4
Loriodas,tarren-mill,192,monk,windwalker,6,2,4
Drýton,blackrock,192,monk,windwalker,6,2,4
Bloodychi,ravencrest,192,monk,windwalker,6,2,4
Xoconut,ravencrest,192,monk,windwalker,6,2,4
Senniñ,ravencrest,192,monk,windwalker,6,2,4
Thungara,emerald-dream,192,monk,windwalker,6,2,4
Joachi,outland,192,monk,windwalker,6,2,4
Dankiron,darksorrow,192,monk,windwalker,6,2,4
Mtmonk,tarren-mill,192,monk,windwalker,6,2,4
Îreful,tarren-mill,192,monk,windwalker,6,2,4
Akkadianx,ravencrest,192,monk,windwalker,6,2,4
Awesomebrah,the-maelstrom,192,monk,windwalker,6,2,4
Musclorww,ysondre,192,monk,windwalker,6,2,4
Stenhård,azjolnerub,192,monk,windwalker,6,2,4
Khirazim,ysondre,192,monk,windwalker,6,2,4
Frajer,auchindoun,192,monk,windwalker,6,2,4
Shïma,sargeras,192,monk,windwalker,6,2,4
Yaevinn,burning-legion,192,monk,windwalker,6,2,4
Lildaddymonk,ravencrest,192,monk,windwalker,6,2,4
Miamausebär,blackmoore,192,monk,windwalker,6,2,4
Zýru,ragnaros,192,monk,windwalker,6,2,4
Mezeko,stormscale,192,monk,windwalker,6,2,4
Geochi,tarren-mill,192,monk,windwalker,6,2,4
Yaxleyx,dragonblight,192,monk,windwalker,6,2,4
Джийви,goldrinn,192,monk,windwalker,6,2,4
Niborc,doomhammer,192,monk,windwalker,6,2,4
Tjukkas,bloodhoof,192,monk,windwalker,6,2,4
Savecdfornxt,blackmoore,192,monk,windwalker,6,2,4
Bobthewild,draenor,192,monk,windwalker,6,2,4
Tayoo,aegwynn,192,monk,windwalker,6,2,4
Lollonko,kazzak,192,monk,windwalker,6,2,4
Ráây,blackrock,192,monk,windwalker,6,2,4
Woalter,silvermoon,192,monk,windwalker,6,2,4
Barneyzan,tarren-mill,192,monk,windwalker,6,2,4
Påiñ,silvermoon,192,monk,windwalker,6,2,4
Legeend,dun-modr,192,monk,windwalker,6,2,4
Øåæøæøåæ,kazzak,192,monk,windwalker,6,2,4
Latify,todeswache,192,monk,windwalker,6,2,4
Bamboosnack,kazzak,192,monk,windwalker,6,2,4
Tongat,ravencrest,192,monk,windwalker,12,2,10
Yianjih,blackmoore,191,monk,windwalker,6,2,4
Соловьюх,gordunni,191,monk,windwalker,6,2,4
Roptoglad,hyjal,159,monk,windwalker,5,2,3
Óó,los-errantes,144,monk,windwalker,9,2,7
Uftis,thrall,127,monk,windwalker,8,2,6
Циорех,gordunni,96,monk,windwalker,3,2,1
Degentz,alakir,96,monk,windwalker,3,2,1
Umbrâsyl,ravencrest,96,monk,windwalker,6,1,5
Yvètte,ravencrest,96,monk,windwalker,6,1,5
Bâsarä,archimonde,96,monk,windwalker,6,1,5
Cumspiller,ravencrest,96,monk,windwalker,6,1,5
Musaya,chamber-of-aspects,96,monk,windwalker,6,1,5
Draina,archimonde,96,monk,windwalker,6,1,5
Gøsù,antonidas,96,monk,windwalker,6,1,5
Kinføu,hyjal,96,monk,windwalker,6,1,5
Жъёь,howling-fjord,96,monk,windwalker,6,1,5
Konnîchîwa,kazzak,96,monk,windwalker,6,1,5
Lîlpumpx,outland,96,monk,windwalker,6,1,5
Dadeldo,blackrock,96,monk,windwalker,6,1,5
Бумчака,blackscar,96,monk,windwalker,6,1,5
Drlightorc,tarren-mill,96,monk,windwalker,6,1,5
Kickboxer,burning-legion,96,monk,windwalker,6,1,5
Bluum,ravencrest,96,monk,windwalker,6,1,5
Olympeá,silvermoon,96,monk,windwalker,6,1,5
Мяяумяу,gordunni,96,monk,windwalker,6,1,5
Dìó,tarren-mill,96,monk,windwalker,6,1,5
Родиер,gordunni,96,monk,windwalker,6,1,5
Kazéshini,doomhammer,96,monk,windwalker,6,1,5
Pandarok,argent-dawn,96,monk,windwalker,6,1,5
Betelgeuse,jaedenar,96,monk,windwalker,6,1,5
Mìcrøb,blackmoore,96,monk,windwalker,6,1,5
Mjaweaver,stormscale,96,monk,windwalker,6,1,5
Реброперо,gordunni,96,monk,windwalker,6,1,5
Smâsh,blackhand,96,monk,windwalker,6,1,5
Olgachocolat,blackmoore,96,monk,windwalker,6,1,5
Тиронфлакс,soulflayer,96,monk,windwalker,6,1,5
Zugzuwg,ahnqiraj,96,monk,windwalker,6,1,5
Butrinto,hellfire,96,monk,windwalker,6,1,5
Zymonks,silvermoon,96,monk,windwalker,6,1,5
Синнэрли,soulflayer,96,monk,windwalker,6,1,5
Kaizenthor,runetotem,96,monk,windwalker,6,1,5
Onisakebi,nemesis,96,monk,windwalker,10,1,9
Xtcc,kazzak,79,monk,windwalker,5,1,4
Odanobunaga,ravencrest,79,monk,windwalker,5,1,4
Tenzen,dun-modr,79,monk,windwalker,11,1,10
Scedadle,outland,48,monk,windwalker,3,1,2
Xámell,ravencrest,48,monk,windwalker,3,1,2
Огненныйкит,blackscar,48,monk,windwalker,3,1,2
Shamarinator,kazzak,42,monk,windwalker,9,2,7
Monkinko,tarren-mill,42,monk,windwalker,10,2,8
Åbx,argent-dawn,2191,paladin,holy,113,59,54
Crewxdlolz,frostmane,2123,paladin,holy,211,118,93
Likkik,ravencrest,2121,paladin,holy,86,42,44
Wiriday,draenor,2120,paladin,holy,269,137,132
Алексендлер,howling-fjord,2038,paladin,holy,350,190,160
Ranchiek,ravencrest,2019,paladin,holy,60,31,29
Lickssi,outland,2001,paladin,holy,94,56,38
Goyimslayer,ravencrest,1975,paladin,holy,108,59,49
Måvé,tarren-mill,1943,paladin,holy,84,51,33
Kyoma,burning-legion,1917,paladin,holy,129,61,68
Jìmjim,ysondre,1916,paladin,holy,114,53,61
Zabrok,outland,1898,paladin,holy,42,25,17
Svyata,twisting-nether,1888,paladin,holy,83,43,40
Nemesisbot,dun-modr,1874,paladin,holy,72,40,32
Vaîjin,aegwynn,1867,paladin,holy,130,66,64
Pointguard,blackrock,1862,paladin,holy,54,28,26
Tipmax,ravencrest,1856,paladin,holy,61,37,24
Goodpeace,kazzak,1855,paladin,holy,73,35,38
Niwariel,silvermoon,1852,paladin,holy,60,37,23
Типмакс,howling-fjord,1851,paladin,holy,42,25,17
Áftershøck,ravencrest,1850,paladin,holy,60,32,28
Wheelybin,argent-dawn,1843,paladin,holy,53,23,30
Optîmuslîme,veklor,1835,paladin,holy,42,27,15
Seabrook,stormscale,1830,paladin,holy,84,32,52
Phalphlingo,stormscale,1824,paladin,holy,84,40,44
Wokyo,tarren-mill,1823,paladin,holy,231,134,97
Jeø,stormscale,1823,paladin,holy,54,28,26
Eldorín,blackmoore,1823,paladin,holy,54,20,34
Kianpal,silvermoon,1818,paladin,holy,158,89,69
Galaxys,blackhand,1818,paladin,holy,128,62,66
Pêacerainer,stormscale,1817,paladin,holy,168,71,97
Neverlostx,ravencrest,1816,paladin,holy,48,31,17
Popecrusade,archimonde,1813,paladin,holy,107,66,41
Ránchìek,ravencrest,1812,paladin,holy,54,26,28
Welivewewin,defias-brotherhood,1811,paladin,holy,151,78,73
Rekieuna,archimonde,1808,paladin,holy,330,173,157
Runtheshôw,tarren-mill,1790,paladin,holy,72,34,38
Jûliâ,archimonde,1777,paladin,holy,88,49,39
Pignonn,dalaran,1775,paladin,holy,95,51,44
Edelarøs,ysondre,1771,paladin,holy,54,27,27
Aww,anachronos,1770,paladin,holy,108,51,57
Shufflenjoyr,argent-dawn,1758,paladin,holy,101,49,52
Макстипчик,howling-fjord,1758,paladin,holy,63,29,34
Valia,argent-dawn,1754,paladin,holy,63,36,27
Danipaladin,tarren-mill,1749,paladin,holy,54,30,24
Holysacx,aegwynn,1745,paladin,holy,42,25,17
Rettyfield,blackrock,1744,paladin,holy,42,23,19
Powertilt,ravencrest,1743,paladin,holy,141,64,77
Гигашмяк,howling-fjord,1742,paladin,holy,221,115,106
Wollymolly,ravencrest,1741,paladin,holy,60,30,30
Everflame,blackmoore,1739,paladin,holy,84,50,34
Dbblou,draenor,1739,paladin,holy,42,20,22
Vindîcator,defias-brotherhood,1736,paladin,holy,191,91,100
Emloses,outland,1731,paladin,holy,246,130,116
Лайтпалочка,soulflayer,1731,paladin,holy,167,85,82
Аришалисичка,blackscar,1727,paladin,holy,70,36,34
Holylightxz,runetotem,1720,paladin,holy,87,41,46
Skyf,outland,1717,paladin,holy,239,116,123
Tyrsa,defias-brotherhood,1715,paladin,holy,53,23,30
Haylø,archimonde,1714,paladin,holy,45,24,21
Kwinn,aggra-português,1713,paladin,holy,36,18,18
Pigpiss,ravencrest,1707,paladin,holy,46,19,27
Beefcrusher,outland,1704,paladin,holy,42,18,24
Faíren,mugthol,1697,paladin,holy,66,36,30
Emlight,kazzak,1693,paladin,holy,53,32,21
Акунделар,gordunni,1689,paladin,holy,119,59,60
Arysur,defias-brotherhood,1684,paladin,holy,203,100,103
Lycerax,antonidas,1677,paladin,holy,42,24,18
Voklane,tarren-mill,1676,paladin,holy,48,23,25
Itsjulie,sylvanas,1675,paladin,holy,82,42,40
Narkal,archimonde,1672,paladin,holy,99,51,48
Думгохан,howling-fjord,1670,paladin,holy,42,18,24
Holysac,aegwynn,1669,paladin,holy,48,26,22
Thaderyl,auchindoun,1663,paladin,holy,150,73,77
Kakii,gorgonnash,1645,paladin,holy,59,24,35
Tibelious,ravencrest,1635,paladin,holy,84,34,50
Holychît,sanguino,1631,paladin,holy,111,53,58
Baazil,ragnaros,1631,paladin,holy,84,38,46
Chowo,argent-dawn,1631,paladin,holy,63,26,37
Insanevegan,ravencrest,1628,paladin,holy,66,33,33
Shabbyy,bronzebeard,1627,paladin,holy,96,54,42
Holeck,aegwynn,1627,paladin,holy,66,26,40
Máttés,antonidas,1626,paladin,holy,59,21,38
Chryme,thrall,1625,paladin,holy,60,33,27
Ajani,la-croisade-écarlate,1624,paladin,holy,42,17,25
Mðnsterz,archimonde,1619,paladin,holy,48,20,28
Blazerlolz,kazzak,1616,paladin,holy,60,33,27
Athenewins,tarren-mill,1616,paladin,holy,400,210,190
Lexolex,ravencrest,1616,paladin,holy,36,17,19
Percocetx,tarren-mill,1613,paladin,holy,54,24,30
Nezâ,thrall,1613,paladin,holy,52,23,29
Buntqt,kazzak,1612,paladin,holy,100,54,46
ßestsacjk,kazzak,1610,paladin,holy,54,22,32
Pisr,draenor,1607,paladin,holy,48,21,27
Острит,gordunni,1605,paladin,holy,78,45,33
Dàrckness,ravencrest,1605,paladin,holy,249,132,117
Джонниджага,blackscar,1604,paladin,holy,58,28,30
Lexó,ravencrest,1604,paladin,holy,42,20,22
Fleshgraft,drakthul,1602,paladin,holy,42,22,20
Stepsislana,tarren-mill,1601,paladin,holy,30,17,13
Hirolde,zenedar,1601,paladin,holy,116,60,56
Judgejuryexe,kazzak,1600,paladin,holy,92,44,48
Easypala,blackrock,1595,paladin,holy,114,50,64
Сэлфхил,gordunni,1591,paladin,holy,107,47,60
Neverbuble,archimonde,1590,paladin,holy,41,20,21
Erathoor,grim-batol,1589,paladin,holy,66,32,34
Потокденег,howling-fjord,1589,paladin,holy,128,60,68
Astollfo,hyjal,1588,paladin,holy,42,26,16
Ìschtarsdad,blackrock,1588,paladin,holy,180,90,90
Мифариан,blackscar,1582,paladin,holy,60,32,28
Smightypal,silvermoon,1582,paladin,holy,123,62,61
Xenyaa,arygos,1581,paladin,holy,103,53,50
Louiepal,outland,1580,paladin,holy,41,25,16
Myssa,uldum,1577,paladin,holy,42,21,21
Andûrîl,tarren-mill,1576,paladin,holy,89,42,47
Umirinbruv,zenedar,1573,paladin,holy,50,20,30
Jeromesavile,tarren-mill,1571,paladin,holy,66,26,40
Грор,galakrond,1565,paladin,holy,34,21,13
Isøri,antonidas,1562,paladin,holy,96,45,51
Femaleelf,eredar,1561,paladin,holy,48,20,28
Aiyäna,argent-dawn,1560,paladin,holy,66,33,33
Fourshaw,ravencrest,1558,paladin,holy,149,77,72
Skurly,ragnaros,1551,paladin,holy,42,19,23
Asenae,draenor,1550,paladin,holy,54,22,32
Deodas,kazzak,1548,paladin,holy,178,87,91
Алукартик,deathguard,1546,paladin,holy,89,44,45
Strûgglebûs,outland,1543,paladin,holy,47,25,22
Срувтапкизз,blackscar,1543,paladin,holy,83,29,54
Тошанич,soulflayer,1539,paladin,holy,54,24,30
Gasilol,frostwolf,1537,paladin,holy,81,41,40
Aíe,draenor,1536,paladin,holy,45,28,17
Andronar,blackmoore,1536,paladin,holy,66,29,37
Drdeus,kazzak,1535,paladin,holy,110,55,55
Pooncy,ragnaros,1530,paladin,holy,60,27,33
Бадбх,howling-fjord,1527,paladin,holy,90,39,51
Rùfus,tarren-mill,1521,paladin,holy,144,76,68
Флэшкапро,soulflayer,1521,paladin,holy,190,95,95
Callístó,amanthul,1521,paladin,holy,169,78,91
Tuoppi,steamwheedle-cartel,1513,paladin,holy,41,20,21
Rotana,eredar,1511,paladin,holy,36,24,12
Powerpufgirl,blackrock,1511,paladin,holy,36,19,17
Jambbo,twisting-nether,1508,paladin,holy,103,54,49
Sonil,les-sentinelles,1507,paladin,holy,57,24,33
Erao,the-maelstrom,1506,paladin,holy,42,19,23
Jaesa,lordaeron,1502,paladin,holy,59,26,33
Nåmï,culte-de-la-rive-noire,1501,paladin,holy,30,18,12
Aese,dun-modr,1499,paladin,holy,102,51,51
Sübôvîñ,ravencrest,1497,paladin,holy,117,60,57
Delmothounet,ysondre,1496,paladin,holy,46,28,18
Devinèqt,tarren-mill,1496,paladin,holy,49,28,21
Bécasszelium,varimathras,1495,paladin,holy,123,64,59
Мылонеуроних,deathguard,1495,paladin,holy,36,16,20
Cozm,silvermoon,1493,paladin,holy,36,18,18
Xsÿde,archimonde,1489,paladin,holy,48,17,31
Chocòbon,archimonde,1487,paladin,holy,36,21,15
Fløcki,blackhand,1483,paladin,holy,42,21,21
Chosenlight,darkspear,1481,paladin,holy,103,40,63
Эллиарэй,gordunni,1478,paladin,holy,95,46,49
Curtfizzle,kazzak,1478,paladin,holy,59,26,33
Fannypoo,sylvanas,1475,paladin,holy,167,77,90
Hpal,aegwynn,1469,paladin,holy,93,42,51
Jajmentx,kazzak,1459,paladin,holy,78,40,38
Emistesía,stormscale,1459,paladin,holy,42,18,24
Blessedpapi,draenor,1457,paladin,holy,66,31,35
Kristelle,argent-dawn,1456,paladin,holy,36,17,19
Lóde,silvermoon,1454,paladin,holy,84,42,42
Mitsaklas,grim-batol,1453,paladin,holy,73,32,41
Realpalla,ravenholdt,1452,paladin,holy,126,62,64
Крусейдор,soulflayer,1452,paladin,holy,61,25,36
Archaegis,silvermoon,1452,paladin,holy,48,19,29
Enemylosers,stormscale,1448,paladin,holy,60,30,30
Scrimple,stormscale,1447,paladin,holy,73,35,38
Европпа,soulflayer,1447,paladin,holy,51,16,35
Curufin,grim-batol,1445,paladin,holy,47,25,22
Dathróhán,silvermoon,1445,paladin,holy,249,123,126
Mercedes,arthas,1443,paladin,holy,35,20,15
Паладинас,lich-king,1440,paladin,holy,64,21,43
Глиндес,gordunni,1439,paladin,holy,168,80,88
Vadomar,emerald-dream,1439,paladin,holy,60,25,35
Уретроград,soulflayer,1436,paladin,holy,72,36,36
Injection,khaz-modan,1436,paladin,holy,75,34,41
Rïzé,ravencrest,1436,paladin,holy,36,15,21
Dömötörp,ragnaros,1430,paladin,holy,63,28,35
Marygueguete,archimonde,1429,paladin,holy,66,29,37
Sacbøt,stormscale,1427,paladin,holy,259,132,127
Ekzykes,ravencrest,1427,paladin,holy,48,21,27
Séphiran,hyjal,1426,paladin,holy,53,28,25
Ðeswynd,hyjal,1425,paladin,holy,56,25,31
Taiso,alonsus,1422,paladin,holy,132,64,68
Holydawnx,kazzak,1422,paladin,holy,50,23,27
Phalex,outland,1416,paladin,holy,36,23,13
Preyy,eredar,1414,paladin,holy,54,30,24
Хегия,gordunni,1414,paladin,holy,30,15,15
Эсерпи,gordunni,1413,paladin,holy,142,73,69
Zilu,kazzak,1413,paladin,holy,47,24,23
Wepalapvpbop,ravencrest,1413,paladin,holy,30,15,15
Présidential,grim-batol,1413,paladin,holy,48,22,26
Blazeberg,tirion,1411,paladin,holy,36,20,16
Сашафистинг,gordunni,1411,paladin,holy,159,77,82
Fatmidget,kazzak,1410,paladin,holy,42,27,15
Skinstructor,silvermoon,1410,paladin,holy,48,21,27
Sofishoida,blackmoore,1409,paladin,holy,42,24,18
Ðenlox,destromath,1408,paladin,holy,104,53,51
Diamir,rajaxx,1404,paladin,holy,75,55,20
Sncx,ravencrest,1404,paladin,holy,30,15,15
Салфеточник,thermaplugg,1403,paladin,holy,60,23,37
Wíw,kazzak,1402,paladin,holy,65,26,39
Аяпал,blackscar,1401,paladin,holy,72,39,33
Jcbubs,xavius,1398,paladin,holy,82,35,47
Витёнокь,howling-fjord,1394,paladin,holy,44,29,15
Hazø,silvermoon,1394,paladin,holy,48,26,22
Honeygodx,antonidas,1393,paladin,holy,33,20,13
Stinkepieet,blackmoore,1390,paladin,holy,48,20,28
Реколори,gordunni,1389,paladin,holy,165,90,75
Kantfyrste,ravencrest,1388,paladin,holy,139,59,80
Expot,blackmoore,1387,paladin,holy,54,31,23
Jüther,pozzo-delleternità,1387,paladin,holy,29,15,14
Beecq,tarren-mill,1386,paladin,holy,36,20,16
Vivalabeef,stormscale,1384,paladin,holy,48,21,27
Noliferx,ravencrest,1383,paladin,holy,82,49,33
Rullstolen,the-maelstrom,1382,paladin,holy,48,28,20
Danepala,defias-brotherhood,1378,paladin,holy,59,29,30
Rëtnuhka,drakthul,1378,paladin,holy,50,24,26
Zycqo,silvermoon,1377,paladin,holy,174,84,90
Wingcomandêr,aegwynn,1377,paladin,holy,36,15,21
Леонящер,gordunni,1376,paladin,holy,169,89,80
Gabriev,twisting-nether,1376,paladin,holy,49,25,24
Watras,drakthul,1370,paladin,holy,66,25,41
Maitrelampe,argent-dawn,1369,paladin,holy,72,34,38
Mestgone,dalaran,1367,paladin,holy,59,26,33
Locofatguy,drakthul,1366,paladin,holy,60,26,34
Mecah,hyjal,1365,paladin,holy,42,21,21
Pullheavy,silvermoon,1363,paladin,holy,89,38,51
Xelqt,draenor,1361,paladin,holy,36,15,21
Claudîax,kazzak,1361,paladin,holy,72,29,43
Ramos,aggra-português,1360,paladin,holy,60,22,38
Fenye,twisting-nether,1358,paladin,holy,57,25,32
Ostardo,blackhand,1357,paladin,holy,24,15,9
Xenaké,kazzak,1356,paladin,holy,101,40,61
Бэнкли,soulflayer,1355,paladin,holy,36,23,13
Shakalol,dun-modr,1355,paladin,holy,60,23,37
Cykadin,dun-modr,1355,paladin,holy,66,25,41
Emistesia,stormscale,1354,paladin,holy,35,16,19
Heilgaharald,blackrock,1351,paladin,holy,110,51,59
Снупарь,blackscar,1351,paladin,holy,45,18,27
Mikemyers,blackhand,1350,paladin,holy,42,20,22
Lastaid,azshara,1350,paladin,holy,108,51,57
Talimañ,kazzak,1349,paladin,holy,42,23,19
Кольт,borean-tundra,1346,paladin,holy,79,40,39
Pussdocta,ravencrest,1345,paladin,holy,89,48,41
Alldo,drakthul,1345,paladin,holy,102,48,54
Arlette,moonglade,1345,paladin,holy,72,32,40
Nudzolini,tarren-mill,1344,paladin,holy,36,22,14
Jerryhârvey,kazzak,1342,paladin,holy,24,14,10
Keele,stormscale,1341,paladin,holy,69,32,37
Hotub,twisting-nether,1340,paladin,holy,83,41,42
Vonat,outland,1340,paladin,holy,42,16,26
Arenalena,sylvanas,1338,paladin,holy,154,74,80
Freaak,dethecus,1337,paladin,holy,60,24,36
Holypapa,argent-dawn,1336,paladin,holy,54,24,30
Sangriul,outland,1336,paladin,holy,93,37,56
Лимфома,goldrinn,1334,paladin,holy,65,25,40
Mistsx,kazzak,1331,paladin,holy,30,14,16
Steggeh,argent-dawn,1331,paladin,holy,120,48,72
Lightbrîng,hyjal,1327,paladin,holy,53,26,27
Norandel,turalyon,1326,paladin,holy,36,14,22
Nde,silvermoon,1320,paladin,holy,47,20,27
Даниэль,howling-fjord,1319,paladin,holy,66,36,30
Alard,sanguino,1319,paladin,holy,96,42,54
Lazyknight,silvermoon,1316,paladin,holy,60,25,35
Crusherpala,laughing-skull,1316,paladin,holy,83,33,50
Goodbit,dentarg,1315,paladin,holy,41,25,16
Itsgossiplol,twisting-nether,1315,paladin,holy,151,76,75
Neyd,hyjal,1314,paladin,holy,60,21,39
Arkkipiispa,outland,1312,paladin,holy,54,28,26
Gucix,sylvanas,1312,paladin,holy,54,20,34
Necrozi,stormscale,1311,paladin,holy,60,35,25
Agadin,ysondre,1310,paladin,holy,35,19,16
Bigfailure,blackmoore,1309,paladin,holy,65,21,44
Bagull,zuljin,1308,paladin,holy,94,45,49
Daizen,blackrock,1306,paladin,holy,67,45,22
Skengdaddy,ragnaros,1306,paladin,holy,84,39,45
Рэймета,soulflayer,1306,paladin,holy,42,16,26
Wrathlol,ravencrest,1300,paladin,holy,183,90,93
Bovinequeef,twisting-nether,1298,paladin,holy,42,21,21
Vuup,silvermoon,1295,paladin,holy,44,25,19
Matagladis,dun-modr,1294,paladin,holy,84,42,42
Kerven,doomhammer,1293,paladin,holy,54,22,32
Polydeukis,stormscale,1288,paladin,holy,78,29,49
Badckes,sylvanas,1287,paladin,holy,74,30,44
Keltinne,ysondre,1286,paladin,holy,24,15,9
Подлыйдим,fordragon,1286,paladin,holy,66,24,42
Strudell,terrordar,1284,paladin,holy,54,29,25
Алекхей,gordunni,1282,paladin,holy,66,28,38
Нинтендо,grom,1282,paladin,holy,84,35,49
Ugolf,kazzak,1280,paladin,holy,42,22,20
Paellysuir,blackmoore,1280,paladin,holy,38,19,19
Ggiwastheret,kazzak,1277,paladin,holy,23,14,9
Ниссида,blackscar,1274,paladin,holy,58,28,30
Albertina,silvermoon,1271,paladin,holy,38,19,19
Toradin,thunderhorn,1268,paladin,holy,49,22,27
Делатор,gordunni,1267,paladin,holy,48,22,26
Trisunonvaki,khazgoroth,1266,paladin,holy,144,78,66
Tyktyk,draenor,1264,paladin,holy,30,17,13
Regis,dragonblight,1264,paladin,holy,61,34,27
Ztiina,tarren-mill,1263,paladin,holy,42,16,26
Tíep,blackmoore,1262,paladin,holy,71,36,35
Pajtash,doomhammer,1261,paladin,holy,59,29,30
Amolan,drakthul,1259,paladin,holy,39,24,15
Bloodsoldier,twisting-nether,1258,paladin,holy,88,45,43
Kaitlyne,tarren-mill,1254,paladin,holy,97,49,48
Slezz,tarren-mill,1252,paladin,holy,156,74,82
Анбели,gordunni,1252,paladin,holy,60,24,36
Hîfi,blackmoore,1251,paladin,holy,136,73,63
Ginbeam,aegwynn,1251,paladin,holy,100,48,52
Hogma,hyjal,1250,paladin,holy,36,14,22
Luraa,drakthul,1249,paladin,holy,42,21,21
Opopoï,dalaran,1247,paladin,holy,24,15,9
Tibælius,ravencrest,1245,paladin,holy,24,13,11
Uzuriel,chogall,1245,paladin,holy,298,134,164
Schrikii,archimonde,1245,paladin,holy,54,22,32
Papasito,tarren-mill,1245,paladin,holy,42,13,29
Valkhana,draenor,1244,paladin,holy,58,29,29
Stratarxis,kazzak,1243,paladin,holy,24,13,11
Tommoffwarrs,archimonde,1241,paladin,holy,53,24,29
Hawki,blackmoore,1240,paladin,holy,18,13,5
Demonskiller,alakir,1240,paladin,holy,83,44,39
Kayndornek,ravencrest,1240,paladin,holy,54,25,29
Зондарк,booty-bay,1239,paladin,holy,65,23,42
Neithi,twisting-nether,1238,paladin,holy,42,20,22
Pupsihasi,kelthuzad,1237,paladin,holy,29,16,13
Skailzpal,hyjal,1236,paladin,holy,36,21,15
Pablok,minahonda,1236,paladin,holy,42,13,29
Serim,dun-modr,1235,paladin,holy,102,51,51
Nerdpallyx,tarren-mill,1234,paladin,holy,30,13,17
Jaezlin,tarren-mill,1232,paladin,holy,130,70,60
Reeley,drakthul,1231,paladin,holy,30,15,15
Reudi,argent-dawn,1230,paladin,holy,54,28,26
Farata,ravencrest,1230,paladin,holy,160,78,82
Aelly,hyjal,1227,paladin,holy,58,30,28
Elians,outland,1225,paladin,holy,30,13,17
Taligon,arathor,1224,paladin,holy,24,13,11
Emilíá,kazzak,1223,paladin,holy,24,13,11
Alastrr,hyjal,1219,paladin,holy,67,40,27
Darkironpala,argent-dawn,1219,paladin,holy,47,26,21
Ritiv,stormreaver,1219,paladin,holy,72,30,42
Fleny,thrall,1215,paladin,holy,24,13,11
Paladins,archimonde,1214,paladin,holy,38,20,18
Weserwehr,laughing-skull,1214,paladin,holy,54,27,27
Lightmamba,draenor,1214,paladin,holy,48,16,32
Cmelacek,wildhammer,1212,paladin,holy,30,18,12
Ромерл,gordunni,1210,paladin,holy,223,103,120
Babybeater,outland,1210,paladin,holy,65,30,35
Stuzzyy,ravencrest,1209,paladin,holy,36,16,20
Kapikøoqt,suramar,1206,paladin,holy,128,66,62
Rébél,argent-dawn,1206,paladin,holy,42,17,25
Xastur,rexxar,1201,paladin,holy,33,17,16
Lianndrin,blackhand,1201,paladin,holy,40,16,24
Demecir,twisting-nether,1198,paladin,holy,186,87,99
Holymax,gorgonnash,1188,paladin,holy,45,25,20
Boric,bloodhoof,1184,paladin,holy,29,16,13
Crispydixx,draenor,1183,paladin,holy,59,29,30
Keryann,argent-dawn,1183,paladin,holy,108,53,55
Baubble,silvermoon,1181,paladin,holy,24,14,10
Сашокс,gordunni,1180,paladin,holy,42,17,25
Lightmachine,kirin-tor,1179,paladin,holy,42,28,14
Ninko,sylvanas,1178,paladin,holy,24,13,11
Rivanii,kazzak,1175,paladin,holy,114,54,60
Shiidori,aegwynn,1175,paladin,holy,57,23,34
Kiyam,kelthuzad,1174,paladin,holy,18,13,5
Skolisse,kazzak,1174,paladin,holy,87,44,43
Rhulana,blackrock,1171,paladin,holy,62,38,24
Dawnforged,stormscale,1170,paladin,holy,78,34,44
Manole,ravencrest,1168,paladin,holy,35,17,18
Первыйпал,blackscar,1166,paladin,holy,71,40,31
Pokébowl,outland,1166,paladin,holy,30,14,16
Puiçanpal,archimonde,1163,paladin,holy,30,15,15
Elohim,echsenkessel,1163,paladin,holy,154,71,83
Mjabubble,stormscale,1158,paladin,holy,78,44,34
Paidi,die-todeskrallen,1155,paladin,holy,30,15,15
Taraniah,argent-dawn,1154,paladin,holy,71,36,35
Kaki,gorgonnash,1151,paladin,holy,18,12,6
Wedervärdig,twilights-hammer,1151,paladin,holy,54,23,31
Lrnz,tarren-mill,1151,paladin,holy,30,12,18
Алексендлерх,soulflayer,1149,paladin,holy,18,12,6
Elsewhere,archimonde,1146,paladin,holy,30,12,18
Rookbeef,eredar,1145,paladin,holy,18,12,6
Quezkal,dun-modr,1144,paladin,holy,39,18,21
Faildin,arathor,1144,paladin,holy,84,37,47
Leon,veknilash,1144,paladin,holy,93,39,54
Коварное,borean-tundra,1141,paladin,holy,24,12,12
Trolladincho,twisting-nether,1141,paladin,holy,54,25,29
Gromezrael,elune,1141,paladin,holy,42,19,23
Truthbearer,darksorrow,1141,paladin,holy,72,32,40
Thickets,argent-dawn,1140,paladin,holy,38,18,20
Strykar,aggra-português,1139,paladin,holy,48,23,25
Konane,drekthar,1139,paladin,holy,31,12,19
Minouminou,archimonde,1136,paladin,holy,24,13,11
Lezoom,draenor,1136,paladin,holy,79,40,39
Flowerbud,tarren-mill,1135,paladin,holy,24,12,12
Cadila,silvermoon,1134,paladin,holy,54,25,29
Kambood,twisting-nether,1134,paladin,holy,141,60,81
Jasiv,draenor,1132,paladin,holy,36,14,22
Palix,dalaran,1132,paladin,holy,36,12,24
Darvius,auchindoun,1129,paladin,holy,69,34,35
Trístesse,tarren-mill,1129,paladin,holy,106,52,54
Satipal,sargeras,1127,paladin,holy,98,38,60
Fleshoflight,arathor,1127,paladin,holy,72,26,46
Sweestance,minahonda,1125,paladin,holy,41,13,28
Zebramann,silvermoon,1121,paladin,holy,48,20,28
Striike,drakthul,1117,paladin,holy,29,12,17
Guidone,sylvanas,1116,paladin,holy,30,13,17
Kanina,outland,1114,paladin,holy,58,23,35
Feldrøider,nemesis,1109,paladin,holy,24,15,9
Tscheba,kazzak,1109,paladin,holy,82,42,40
Holyppower,frostmane,1109,paladin,holy,29,12,17
Dunka,twisting-nether,1107,paladin,holy,118,60,58
Unithral,durotan,1107,paladin,holy,24,12,12
Zerfleddern,aegwynn,1104,paladin,holy,107,51,56
Xaérulus,draenor,1101,paladin,holy,23,12,11
Джонигодх,gordunni,1100,paladin,holy,21,12,9
Minui,onyxia,1100,paladin,holy,30,12,18
Bàldur,dalaran,1099,paladin,holy,36,20,16
Xray,ahnqiraj,1099,paladin,holy,23,12,11
Catali,sanguino,1099,paladin,holy,112,54,58
Deathsfate,defias-brotherhood,1095,paladin,holy,21,12,9
Кукусяшка,gordunni,1094,paladin,holy,32,12,20
Ampoula,ravencrest,1088,paladin,holy,28,12,16
Nosn,ravencrest,1087,paladin,holy,66,34,32
Johnaggro,outland,1087,paladin,holy,34,15,19
Dabstar,antonidas,1086,paladin,holy,88,41,47
Rejst,drakthul,1085,paladin,holy,35,12,23
Ларенси,gordunni,1084,paladin,holy,35,15,20
Echooes,ravencrest,1084,paladin,holy,201,83,118
Кейлол,soulflayer,1083,paladin,holy,27,12,15
Ragua,tarren-mill,1082,paladin,holy,66,23,43
Ashmaden,tarren-mill,1077,paladin,holy,87,49,38
Ðuïvel,grim-batol,1076,paladin,holy,28,12,16
Kaleto,ragnaros,1068,paladin,holy,42,24,18
Vintar,quelthalas,1058,paladin,holy,57,31,26
Casmira,blackrock,1055,paladin,holy,18,11,7
Palanolmal,dun-modr,1055,paladin,holy,45,22,23
Дарксайгн,gordunni,1054,paladin,holy,36,11,25
Swâpxy,proudmoore,1053,paladin,holy,18,11,7
Heyley,twisting-nether,1053,paladin,holy,18,11,7
Ирестли,azuregos,1053,paladin,holy,18,11,7
Çrúsader,frostmane,1053,paladin,holy,24,14,10
Kaktuszfüge,ragnaros,1052,paladin,holy,58,35,23
Spinne,tarren-mill,1052,paladin,holy,24,11,13
Elvandara,blackmoore,1052,paladin,holy,30,11,19
Дезоиль,gordunni,1052,paladin,holy,30,11,19
Astarox,kazzak,1052,paladin,holy,42,11,31
Whatisapalla,ragnaros,1051,paladin,holy,30,11,19
Mozzie,archimonde,1048,paladin,holy,100,41,59
Rdypaladin,ravencrest,1047,paladin,holy,24,11,13
Rekolon,garrosh,1047,paladin,holy,42,16,26
Cmen,silvermoon,1043,paladin,holy,109,54,55
Фломастер,gordunni,1043,paladin,holy,54,23,31
Grimbold,hellfire,1042,paladin,holy,18,11,7
Karnwield,kirin-tor,1039,paladin,holy,34,16,18
Kuhs,eredar,1038,paladin,holy,59,23,36
Flashyplays,silvermoon,1037,paladin,holy,30,21,9
Sheldon,sylvanas,1034,paladin,holy,35,14,21
Billkop,silvermoon,1030,paladin,holy,43,20,23
Høpé,malganis,1028,paladin,holy,68,32,36
Випанк,howling-fjord,1026,paladin,holy,76,24,52
Mjølnîr,eredar,1025,paladin,holy,36,12,24
Drohim,aegwynn,1022,paladin,holy,22,11,11
Jessìca,ravenholdt,1019,paladin,holy,48,23,25
Darhuun,antonidas,1012,paladin,holy,60,23,37
Mowik,archimonde,1011,paladin,holy,54,22,32
Palir,ysondre,1010,paladin,holy,24,11,13
Golldy,burning-legion,1008,paladin,holy,21,12,9
Paliester,stormscale,1007,paladin,holy,18,12,6
Ланиакеа,deathguard,1007,paladin,holy,24,12,12
Arand,blackrock,999,paladin,holy,15,11,4
Флаила,ashenvale,999,paladin,holy,36,18,18
Satip,archimonde,993,paladin,holy,36,22,14
Паландис,howling-fjord,990,paladin,holy,24,11,13
Poundcake,stormscale,990,paladin,holy,68,30,38
Buddy,conseil-des-ombres,988,paladin,holy,50,24,26
Marik,argent-dawn,987,paladin,holy,17,11,6
Ryuzu,khazgoroth,985,paladin,holy,41,20,21
Legenda,grim-batol,979,paladin,holy,30,14,16
Cerseï,frostmane,979,paladin,holy,41,13,28
Purificatoru,draenor,973,paladin,holy,48,21,27
Psycholas,ysondre,969,paladin,holy,23,11,12
Tömmÿ,draenor,966,paladin,holy,42,20,22
Øsirix,archimonde,966,paladin,holy,66,26,40
Ударник,soulflayer,964,paladin,holy,54,30,24
Rafox,malygos,964,paladin,holy,42,17,25
Byoß,ravencrest,960,paladin,holy,18,10,8
Majör,ysondre,959,paladin,holy,30,10,20
Lofotof,silvermoon,958,paladin,holy,12,10,2
Sorfalik,silvermoon,958,paladin,holy,18,10,8
Herayo,aegwynn,958,paladin,holy,24,10,14
Kapsloch,twisting-nether,958,paladin,holy,36,10,26
Whórainzóne,eredar,958,paladin,holy,36,10,26
Demytxx,silvermoon,957,paladin,holy,30,10,20
Crashband,bronzebeard,956,paladin,holy,18,10,8
Shockhoe,tarren-mill,955,paladin,holy,24,10,14
Crusadelight,alakir,953,paladin,holy,80,35,45
Roshï,tarren-mill,953,paladin,holy,30,10,20
Perpon,exodar,950,paladin,holy,33,14,19
Bcrp,ragnaros,950,paladin,holy,30,10,20
Skwáru,burning-legion,949,paladin,holy,24,10,14
Datz,nerathor,943,paladin,holy,24,10,14
Paliat,silvermoon,943,paladin,holy,25,10,15
Мэйр,howling-fjord,941,paladin,holy,24,10,14
Groove,colinas-pardas,941,paladin,holy,34,11,23
Messîah,outland,939,paladin,holy,43,19,24
Clerik,eredar,934,paladin,holy,64,30,34
Paladons,darksorrow,933,paladin,holy,41,22,19
Menagron,tarren-mill,932,paladin,holy,31,14,17
Yasmira,frostmourne,930,paladin,holy,30,16,14
Ridethelight,nemesis,922,paladin,holy,30,15,15
Santtox,dun-modr,919,paladin,holy,34,11,23
Миллагрессия,soulflayer,917,paladin,holy,107,46,61
Imaturtle,darksorrow,915,paladin,holy,41,10,31
Reeceboss,ravencrest,906,paladin,holy,29,12,17
Cøllinz,ragnaros,904,paladin,holy,21,10,11
Öbedö,malganis,902,paladin,holy,27,10,17
Veléxis,outland,900,paladin,holy,19,11,8
Nykothpn,ghostlands,899,paladin,holy,54,18,36
Кузнейц,borean-tundra,890,paladin,holy,30,10,20
Selenaluna,turalyon,888,paladin,holy,30,10,20
Яполковник,gordunni,887,paladin,holy,53,30,23
Theisixtus,drakthul,883,paladin,holy,23,12,11
Silvers,steamwheedle-cartel,880,paladin,holy,76,22,54
Kaputs,twisting-nether,864,paladin,holy,12,9,3
Nstea,zuljin,864,paladin,holy,12,9,3
Рустиктоп,gordunni,864,paladin,holy,18,9,9
Hairybabe,outland,862,paladin,holy,12,9,3
Ashbrìnger,aegwynn,861,paladin,holy,18,9,9
Niou,alleria,861,paladin,holy,24,9,15
Ванябублгам,soulflayer,861,paladin,holy,24,9,15
Mohamedx,tarren-mill,861,paladin,holy,24,9,15
Calipse,outland,860,paladin,holy,24,9,15
Smirk,aggra-português,857,paladin,holy,12,9,3
Elganwar,hyjal,856,paladin,holy,18,9,9
Ауё,blackscar,855,paladin,holy,18,9,9
Kocovic,tarren-mill,855,paladin,holy,24,9,15
Burkaal,antonidas,852,paladin,holy,24,9,15
Qyrija,malganis,845,paladin,holy,18,9,9
Vanghelie,doomhammer,843,paladin,holy,24,11,13
Fract,aggramar,838,paladin,holy,18,9,9
Bjammin,burning-legion,832,paladin,holy,36,11,25
Veelris,kazzak,825,paladin,holy,72,33,39
Odensson,sylvanas,823,paladin,holy,30,9,21
Chantal,gilneas,818,paladin,holy,36,15,21
Salubrifie,archimonde,817,paladin,holy,18,9,9
Palolog,burning-legion,817,paladin,holy,43,9,34
Thaifo,silvermoon,814,paladin,holy,15,10,5
Syrenia,die-silberne-hand,814,paladin,holy,40,9,31
Lapew,eredar,813,paladin,holy,15,10,5
Eastranspal,ravencrest,810,paladin,holy,30,10,20
Lèonarth,pozzo-delleternità,794,paladin,holy,22,10,12
Pölark,archimonde,790,paladin,holy,41,14,27
Zendæ,archimonde,768,paladin,holy,12,8,4
Meldi,dalaran,768,paladin,holy,12,8,4
Gayestpala,ravencrest,768,paladin,holy,18,8,10
Derpe,hellscream,768,paladin,holy,18,8,10
Crucifiction,balnazzar,768,paladin,holy,24,8,16
Darkoulipal,ravencrest,767,paladin,holy,12,8,4
Böllerbarbie,silvermoon,767,paladin,holy,12,8,4
Demytx,burning-legion,767,paladin,holy,16,9,7
Micrøsi,thrall,767,paladin,holy,18,8,10
Dogmatic,blackmoore,767,paladin,holy,18,8,10
Qpax,twisting-nether,767,paladin,holy,18,8,10
Dunutunicorn,argent-dawn,766,paladin,holy,12,8,4
Tytharion,silvermoon,766,paladin,holy,18,8,10
Bezvakost,thunderhorn,766,paladin,holy,18,8,10
Rookzter,sylvanas,765,paladin,holy,12,8,4
Coopz,defias-brotherhood,765,paladin,holy,18,8,10
Bighammerx,ravencrest,765,paladin,holy,18,8,10
Анофарин,gordunni,765,paladin,holy,18,8,10
Спэнсэр,gordunni,764,paladin,holy,12,8,4
Verianer,shadowsong,760,paladin,holy,12,8,4
Ikbenmani,tarren-mill,760,paladin,holy,18,8,10
Galadørn,elune,760,paladin,holy,24,8,16
Эвердрим,soulflayer,756,paladin,holy,30,12,18
Anemonaa,argent-dawn,722,paladin,holy,18,8,10
Hëüss,suramar,718,paladin,holy,17,8,9
Áfx,blackmoore,714,paladin,holy,38,14,24
Churrucuca,minahonda,713,paladin,holy,15,9,6
Gegge,kazzak,701,paladin,holy,32,8,24
Debts,aggramar,700,paladin,holy,28,8,20
Haros,xavius,686,paladin,holy,13,8,5
Вертуосгодх,soulflayer,683,paladin,holy,19,8,11
Kárlsberg,aegwynn,683,paladin,holy,32,13,19
Shamoo,archimonde,672,paladin,holy,12,7,5
Gtgpiscine,kirin-tor,672,paladin,holy,12,7,5
Нетораре,howling-fjord,672,paladin,holy,18,7,11
Istani,twisting-nether,672,paladin,holy,18,7,11
Брилз,soulflayer,672,paladin,holy,18,7,11
Shaevira,ravencrest,672,paladin,holy,18,7,11
Djalex,kazzak,672,paladin,holy,18,7,11
Faíren,blackrock,672,paladin,holy,18,7,11
Вивай,howling-fjord,672,paladin,holy,18,7,11
Tiffanyqt,frostwolf,671,paladin,holy,12,7,5
Daddysiliam,ravencrest,671,paladin,holy,12,7,5
Tepowze,twisting-nether,671,paladin,holy,12,7,5
Ämkaz,archimonde,671,paladin,holy,18,7,11
Toohotty,archimonde,671,paladin,holy,18,7,11
Skatiaringos,silvermoon,671,paladin,holy,18,7,11
Dimetrix,stormscale,671,paladin,holy,18,7,11
Eline,zenedar,671,paladin,holy,24,7,17
Hølymaid,blackmoore,670,paladin,holy,12,7,5
Lènnja,baelgun,670,paladin,holy,18,7,11
Skarn,pozzo-delleternità,670,paladin,holy,18,7,11
Pârabellum,the-maelstrom,670,paladin,holy,18,7,11
Iauna,tarren-mill,670,paladin,holy,24,7,17
Seinz,talnivarr,668,paladin,holy,18,7,11
Maxôr,norgannon,668,paladin,holy,18,7,11
Rubadubskrub,silvermoon,668,paladin,holy,18,7,11
Макспал,lich-king,667,paladin,holy,12,7,5
Edwín,tichondrius,667,paladin,holy,12,7,5
Luminix,ragnaros,667,paladin,holy,12,7,5
Tärkan,chogall,667,paladin,holy,18,7,11
Warkyria,sanguino,665,paladin,holy,19,8,11
Leadfoot,argent-dawn,665,paladin,holy,24,7,17
Juicemachine,silvermoon,663,paladin,holy,12,7,5
Nicewar,silvermoon,663,paladin,holy,18,7,11
Langibo,malfurion,658,paladin,holy,12,7,5
Ázot,burning-legion,656,paladin,holy,24,7,17
Rezilience,archimonde,639,paladin,holy,10,7,3
Moeixu,kazzak,624,paladin,holy,15,7,8
Торсгард,howling-fjord,622,paladin,holy,15,8,7
Meive,sanguino,622,paladin,holy,17,7,10
Fluentx,ravencrest,618,paladin,holy,22,8,14
Ubiquitous,kazzak,606,paladin,holy,17,7,10
Bapêe,thrall,576,paladin,holy,12,6,6
Kiingen,ragnaros,576,paladin,holy,12,6,6
Verlinya,archimonde,576,paladin,holy,12,6,6
Holyfuchsia,ravencrest,576,paladin,holy,12,6,6
Mamporro,dun-modr,576,paladin,holy,12,6,6
Nádrüstál,kazzak,576,paladin,holy,12,6,6
Irefutabila,stormscale,576,paladin,holy,12,6,6
Roqu,nathrezim,576,paladin,holy,12,6,6
Ben,ghostlands,576,paladin,holy,12,6,6
Jinyssa,silvermoon,576,paladin,holy,12,6,6
Cerinae,tarren-mill,576,paladin,holy,15,6,9
Westranspal,ravencrest,576,paladin,holy,18,6,12
Язвавгорле,soulflayer,576,paladin,holy,18,6,12
Rezvaya,tarren-mill,576,paladin,holy,18,6,12
Мускатер,gordunni,576,paladin,holy,18,6,12
Демига,ashenvale,576,paladin,holy,18,6,12
Elfaza,uldum,576,paladin,holy,24,6,18
Amôn,outland,576,paladin,holy,28,6,22
Kraajp,stormscale,575,paladin,holy,12,6,6
Malodos,archimonde,575,paladin,holy,12,6,6
Scholzpala,twisting-nether,575,paladin,holy,12,6,6
Dragonwingz,kazzak,575,paladin,holy,12,6,6
Pallnatoke,silvermoon,575,paladin,holy,18,6,12
Холиэвил,gordunni,575,paladin,holy,18,6,12
Pussas,burning-legion,575,paladin,holy,18,6,12
Lichbörnè,outland,575,paladin,holy,18,6,12
Masuroc,antonidas,574,paladin,holy,12,6,6
Palaadschin,festung-der-stürme,574,paladin,holy,12,6,6
Holyherb,the-maelstrom,574,paladin,holy,12,6,6
Elsirosel,dun-modr,574,paladin,holy,12,6,6
Jeyløl,antonidas,574,paladin,holy,12,6,6
Slistrash,outland,574,paladin,holy,12,6,6
Aéther,quelthalas,574,paladin,holy,15,7,8
Darthdin,stormscale,572,paladin,holy,12,6,6
Rosemary,mugthol,570,paladin,holy,12,6,6
Кизарыч,galakrond,528,paladin,holy,27,6,21
Nam,culte-de-la-rive-noire,527,paladin,holy,11,6,5
Heavel,thrall,527,paladin,holy,17,6,11
Holÿbeard,ravencrest,495,paladin,holy,19,6,13
Аидахо,gordunni,489,paladin,holy,27,9,18
Æffy,nemesis,480,paladin,holy,6,5,1
Висперок,soulflayer,480,paladin,holy,6,5,1
Tejbzx,blackmoore,480,paladin,holy,6,5,1
Teksor,frostmourne,480,paladin,holy,6,5,1
Ðelusion,sanguino,480,paladin,holy,6,5,1
Cunix,draenor,480,paladin,holy,6,5,1
Аффикстинка,soulflayer,480,paladin,holy,12,5,7
Dimdon,silvermoon,480,paladin,holy,12,5,7
Chodegobbler,draenor,480,paladin,holy,12,5,7
Padrak,eredar,480,paladin,holy,12,5,7
Alennya,dalaran,480,paladin,holy,12,5,7
Zunis,jaedenar,480,paladin,holy,12,5,7
Санэрдин,soulflayer,480,paladin,holy,12,5,7
Holydeals,silvermoon,480,paladin,holy,12,5,7
Лайхтни,gordunni,480,paladin,holy,12,5,7
Morthiel,burning-blade,480,paladin,holy,12,5,7
Bossedin,aszune,480,paladin,holy,12,5,7
Fluv,ravencrest,480,paladin,holy,12,5,7
Docoùla,twisting-nether,480,paladin,holy,12,5,7
Snoogléface,grim-batol,480,paladin,holy,14,5,9
Holydhanas,outland,480,paladin,holy,18,5,13
Гола,gordunni,480,paladin,holy,18,5,13
Zymotíx,stormscale,480,paladin,holy,18,5,13
Omgimapala,kazzak,480,paladin,holy,20,5,15
Heldarim,ysondre,480,paladin,holy,30,5,25
Tarhal,guldan,479,paladin,holy,6,5,1
Paluladin,turalyon,479,paladin,holy,12,5,7
Малимон,soulflayer,479,paladin,holy,12,5,7
Sixtynien,outland,479,paladin,holy,12,5,7
Gavril,bloodfeather,479,paladin,holy,12,5,7
Trastos,wildhammer,479,paladin,holy,12,5,7
Brøadway,eredar,479,paladin,holy,12,5,7
Руслаанеш,soulflayer,479,paladin,holy,12,5,7
Stinkytoes,draenor,479,paladin,holy,12,5,7
Liadry,sylvanas,479,paladin,holy,12,5,7
Dreamwatcher,outland,479,paladin,holy,12,5,7
Лазуриса,deathguard,479,paladin,holy,12,5,7
Sultaani,ravencrest,479,paladin,holy,18,5,13
Bellamy,vashj,479,paladin,holy,18,5,13
Brölin,sanguino,479,paladin,holy,18,5,13
Vulgati,kazzak,479,paladin,holy,18,5,13
Пегая,soulflayer,478,paladin,holy,6,5,1
Radhya,sargeras,478,paladin,holy,12,5,7
Bubblegum,dentarg,478,paladin,holy,18,5,13
Kaedena,kaelthas,476,paladin,holy,12,5,7
Styflor,dalaran,476,paladin,holy,18,5,13
Jargot,antonidas,472,paladin,holy,12,5,7
Лералучшая,gordunni,464,paladin,holy,19,7,12
Святстраж,gordunni,447,paladin,holy,20,6,14
Árcangel,minahonda,447,paladin,holy,17,5,12
Memewings,tarren-mill,426,paladin,holy,17,7,10
Тейдехан,gordunni,426,paladin,holy,21,6,15
Ralo,shattrath,415,paladin,holy,16,5,11
Yimnotprot,ravencrest,384,paladin,holy,6,4,2
Djalexx,kazzak,384,paladin,holy,6,4,2
Listina,twisting-nether,384,paladin,holy,6,4,2
Chewwaka,bloodhoof,384,paladin,holy,6,4,2
Rikiji,ravencrest,384,paladin,holy,6,4,2
Wiffy,ravencrest,384,paladin,holy,6,4,2
Bloednicht,dentarg,384,paladin,holy,6,4,2
Jokkepaappa,darksorrow,384,paladin,holy,6,4,2
Idontknow,nemesis,384,paladin,holy,6,4,2
Dragg,kirin-tor,384,paladin,holy,6,4,2
Elp,ysondre,384,paladin,holy,6,4,2
Ellisdee,kazzak,384,paladin,holy,6,4,2
Sebatrøz,ravencrest,384,paladin,holy,12,4,8
Divinemove,stormscale,384,paladin,holy,12,4,8
Shívah,auchindoun,384,paladin,holy,12,4,8
Freý,ravencrest,384,paladin,holy,12,4,8
Askmy,stormscale,384,paladin,holy,12,4,8
Cahirs,ravencrest,384,paladin,holy,12,4,8
Tyrø,ravencrest,384,paladin,holy,12,4,8
Hammarfall,ravencrest,384,paladin,holy,12,4,8
Fedaikin,stormscale,384,paladin,holy,12,4,8
Небулариум,howling-fjord,384,paladin,holy,12,4,8
Imitrex,hyjal,384,paladin,holy,12,4,8
Vânwêêd,thrall,384,paladin,holy,12,4,8
Psikatchuu,hyjal,384,paladin,holy,12,4,8
Pâmê,kazzak,384,paladin,holy,12,4,8
Visersion,tarren-mill,384,paladin,holy,12,4,8
Akazâ,ysondre,384,paladin,holy,12,4,8
Chopocrisp,dun-modr,384,paladin,holy,12,4,8
Дэнриэль,howling-fjord,384,paladin,holy,12,4,8
Талрэн,howling-fjord,384,paladin,holy,18,4,14
Djaléxx,kazzak,384,paladin,holy,18,4,14
Gloonî,blackmoore,384,paladin,holy,18,4,14
Лортремар,howling-fjord,384,paladin,holy,18,4,14
Gardaken,draenor,384,paladin,holy,18,4,14
Гниленький,razuvious,384,paladin,holy,24,4,20
Tôra,hyjal,383,paladin,holy,6,4,2
Milesteris,medivh,383,paladin,holy,6,4,2
Caumon,los-errantes,383,paladin,holy,12,4,8
Кэлви,blackscar,383,paladin,holy,12,4,8
Thorhum,moonglade,383,paladin,holy,12,4,8
Aggressìon,twisting-nether,383,paladin,holy,12,4,8
Anfe,silvermoon,383,paladin,holy,12,4,8
Superpaladin,draenor,383,paladin,holy,18,4,14
Scissors,dun-morogh,383,paladin,holy,18,4,14
Palafrugell,sanguino,382,paladin,holy,6,4,2
Zetla,khaz-modan,382,paladin,holy,12,4,8
Avengilo,silvermoon,382,paladin,holy,12,4,8
Овахус,soulflayer,382,paladin,holy,12,4,8
Nêkro,dun-modr,382,paladin,holy,18,4,14
Àkí,blackmoore,380,paladin,holy,18,4,14
Konpala,blackmoore,367,paladin,holy,11,4,7
Justyowx,archimonde,352,paladin,holy,16,5,11
Yezel,dalaran,335,paladin,holy,11,4,7
Pepegasensei,ravencrest,330,paladin,holy,7,5,2
Zeret,twisting-nether,329,paladin,holy,16,6,10
Ysnee,sanguino,320,paladin,holy,16,4,12
Lògàn,pozzo-delleternità,288,paladin,holy,6,3,3
Mearsheimer,ysondre,288,paladin,holy,6,3,3
Kherathan,argent-dawn,288,paladin,holy,6,3,3
Imapala,tarren-mill,288,paladin,holy,6,3,3
Penthxoxo,outland,288,paladin,holy,6,3,3
Tyn,dragonmaw,288,paladin,holy,6,3,3
Preamx,blackrock,288,paladin,holy,6,3,3
Solumon,gorgonnash,288,paladin,holy,6,3,3
Vôltuxx,outland,288,paladin,holy,6,3,3
Delicztwo,der-rat-von-dalaran,288,paladin,holy,6,3,3
Jogging,thrall,288,paladin,holy,6,3,3
Unhittable,draenor,288,paladin,holy,6,3,3
Гиркин,ashenvale,288,paladin,holy,6,3,3
Lofé,drakthul,288,paladin,holy,6,3,3
Tacodin,blackrock,288,paladin,holy,6,3,3
Kiwia,burning-legion,288,paladin,holy,6,3,3
Bandrogina,shattered-hand,288,paladin,holy,6,3,3
Zunis,ravencrest,288,paladin,holy,6,3,3
Zondãn,blackrock,288,paladin,holy,6,3,3
Grafes,sanguino,288,paladin,holy,6,3,3
Sínístèr,kazzak,288,paladin,holy,6,3,3
Бладиполи,soulflayer,288,paladin,holy,6,3,3
Breez,die-aldor,288,paladin,holy,6,3,3
Rohanan,blackrock,288,paladin,holy,6,3,3
Yungboii,kazzak,288,paladin,holy,6,3,3
Wäsabi,khaz-modan,288,paladin,holy,6,3,3
Íva,twisting-nether,288,paladin,holy,6,3,3
Волнысвета,howling-fjord,288,paladin,holy,6,3,3
Holynoby,kazzak,288,paladin,holy,6,3,3
Lunalovesyou,blackmoore,288,paladin,holy,6,3,3
Drdeus,silvermoon,288,paladin,holy,6,3,3
Гуэргос,gordunni,288,paladin,holy,12,3,9
Баблейми,gordunni,288,paladin,holy,12,3,9
Tyraïa,archimonde,288,paladin,holy,12,3,9
Zerohour,kilrogg,288,paladin,holy,12,3,9
Сакон,borean-tundra,288,paladin,holy,12,3,9
Jctp,ravencrest,288,paladin,holy,12,3,9
Kelmarr,blackmoore,288,paladin,holy,12,3,9
Krayzier,nordrassil,288,paladin,holy,12,3,9
Mythsion,blackmoore,288,paladin,holy,12,3,9
Azthin,outland,288,paladin,holy,12,3,9
Taxpayer,aegwynn,288,paladin,holy,12,3,9
Эскейпми,howling-fjord,288,paladin,holy,12,3,9
Arbuzno,draenor,288,paladin,holy,12,3,9
Mirabol,hyjal,288,paladin,holy,12,3,9
Hotchíck,outland,288,paladin,holy,12,3,9
Telarii,die-nachtwache,288,paladin,holy,12,3,9
Влажныйбоб,soulflayer,288,paladin,holy,12,3,9
Linxo,argent-dawn,288,paladin,holy,12,3,9
Bigdamjudge,argent-dawn,288,paladin,holy,12,3,9
Monaatamis,kazzak,288,paladin,holy,12,3,9
Kaelorian,silvermoon,288,paladin,holy,18,3,15
Averyholycow,the-maelstrom,287,paladin,holy,6,3,3
Auliæ,chogall,287,paladin,holy,6,3,3
Thranduïl,tarren-mill,287,paladin,holy,12,3,9
Kcore,blackrock,287,paladin,holy,12,3,9
Даурия,soulflayer,287,paladin,holy,12,3,9
Toxií,argent-dawn,287,paladin,holy,12,3,9
Мерасфард,howling-fjord,287,paladin,holy,18,3,15
Zàrílâ,dun-morogh,286,paladin,holy,6,3,3
Gaskohle,blackmoore,255,paladin,holy,11,3,8
Æmiø,blackmoore,239,paladin,holy,5,3,2
Flamxd,blackmoore,234,paladin,holy,10,5,5
Тамерланх,gordunni,234,paladin,holy,9,4,5
Xila,blackrock,234,paladin,holy,9,4,5
Mustardio,tarren-mill,234,paladin,holy,14,4,10
Dewastør,blackmoore,234,paladin,holy,15,4,11
Пауэрлайт,blackscar,234,paladin,holy,22,5,17
Battalgazi,azjolnerub,233,paladin,holy,17,5,12
Faranume,sylvanas,233,paladin,holy,16,4,12
Axpala,ragnaros,192,paladin,holy,6,2,4
Chusterb,draenor,192,paladin,holy,6,2,4
Realdeal,argent-dawn,192,paladin,holy,6,2,4
Benedikt,stormscale,192,paladin,holy,6,2,4
Bígmachine,draenor,192,paladin,holy,6,2,4
Сатангодх,gordunni,192,paladin,holy,6,2,4
Pagadi,blackhand,192,paladin,holy,6,2,4
Envli,ragnaros,192,paladin,holy,6,2,4
Прожектор,gordunni,192,paladin,holy,6,2,4
Böbble,twisting-nether,192,paladin,holy,6,2,4
Dafukx,ragnaros,192,paladin,holy,6,2,4
Pegason,twisting-nether,192,paladin,holy,6,2,4
Shaggybeard,frostmane,192,paladin,holy,6,2,4
Nirvanä,drakthul,192,paladin,holy,6,2,4
Wvwwvwvwvwwv,ravencrest,192,paladin,holy,6,2,4
Teflonmagìc,ravencrest,192,paladin,holy,6,2,4
Pátish,terenas,192,paladin,holy,6,2,4
Bàrlo,kazzak,192,paladin,holy,6,2,4
Aranael,nemesis,192,paladin,holy,6,2,4
Léinãd,kazzak,192,paladin,holy,6,2,4
Keyla,los-errantes,192,paladin,holy,6,2,4
Conker,malganis,192,paladin,holy,6,2,4
Rulîx,blackmoore,192,paladin,holy,6,2,4
Elrack,blackhand,192,paladin,holy,6,2,4
Дюве,blackscar,192,paladin,holy,6,2,4
Бэдмэн,deathguard,192,paladin,holy,6,2,4
Lafrogge,culte-de-la-rive-noire,192,paladin,holy,6,2,4
Паблойд,deathguard,192,paladin,holy,6,2,4
Alisonquínn,defias-brotherhood,192,paladin,holy,6,2,4
Edgï,confrérie-du-thorium,192,paladin,holy,6,2,4
Lompe,karazhan,192,paladin,holy,6,2,4
Padraic,scarshield-legion,192,paladin,holy,6,2,4
Exødus,defias-brotherhood,192,paladin,holy,6,2,4
Justix,arathor,192,paladin,holy,6,2,4
Alphä,auchindoun,192,paladin,holy,6,2,4
Poonky,dun-modr,192,paladin,holy,6,2,4
Palaneuía,antonidas,192,paladin,holy,6,2,4
Andokaî,blackrock,192,paladin,holy,6,2,4
Lxvideoscom,blackrock,192,paladin,holy,6,2,4
Ришардебюр,soulflayer,192,paladin,holy,6,2,4
Astridx,kazzak,192,paladin,holy,6,2,4
Durnell,sylvanas,192,paladin,holy,6,2,4
Truko,frostwolf,192,paladin,holy,6,2,4
Galadrion,dun-modr,192,paladin,holy,6,2,4
Holycoomer,silvermoon,192,paladin,holy,6,2,4
Lacertosus,nemesis,192,paladin,holy,6,2,4
Tsomoo,antonidas,192,paladin,holy,6,2,4
Edyk,silvermoon,192,paladin,holy,6,2,4
Brutalmate,burning-blade,192,paladin,holy,8,2,6
Tsukaima,uldaman,192,paladin,holy,12,2,10
Холидугги,howling-fjord,192,paladin,holy,12,2,10
Pichuflor,sanguino,192,paladin,holy,12,2,10
Essina,argent-dawn,192,paladin,holy,12,2,10
Croptol,dun-modr,192,paladin,holy,12,2,10
Zeleron,darksorrow,192,paladin,holy,12,2,10
Týr,forscherliga,192,paladin,holy,12,2,10
Кирюшафридом,gordunni,192,paladin,holy,13,2,11
Eky,stormreaver,192,paladin,holy,18,2,16
Harycon,thrall,192,paladin,holy,24,2,22
Zuplex,deathwing,191,paladin,holy,6,2,4
Tiboeufpéi,archimonde,191,paladin,holy,6,2,4
Chasie,antonidas,191,paladin,holy,12,2,10
Droseros,sylvanas,175,paladin,holy,23,2,21
Browario,burning-legion,159,paladin,holy,5,2,3
Orogerrabbit,archimonde,144,paladin,holy,3,3,0
Drylink,kazzak,138,paladin,holy,11,3,8
Pïñkñætðøðÿ,tarren-mill,138,paladin,holy,14,3,11
Paladzor,twisting-nether,128,paladin,holy,4,2,2
Minirempart,khaz-modan,96,paladin,holy,6,1,5
Înphy,cthun,96,paladin,holy,6,1,5
Whiskeypal,draenor,96,paladin,holy,6,1,5
Colpadeltank,kazzak,96,paladin,holy,6,1,5
Andrøiz,dun-modr,96,paladin,holy,6,1,5
Xzarat,kazzak,96,paladin,holy,6,1,5
Zerafic,sylvanas,96,paladin,holy,6,1,5
Elfaza,dun-modr,96,paladin,holy,6,1,5
Enriel,temple-noir,96,paladin,holy,6,1,5
Dobbygotsock,kazzak,96,paladin,holy,6,1,5
Shiøn,zuljin,96,paladin,holy,6,1,5
Bubbleheart,ahnqiraj,96,paladin,holy,6,1,5
Синерина,blackscar,96,paladin,holy,6,1,5
Buladin,darkspear,96,paladin,holy,6,1,5
Yokurolel,sanguino,96,paladin,holy,6,1,5
Switchflip,frostmane,96,paladin,holy,6,1,5
Agorasieya,frostwolf,96,paladin,holy,6,1,5
Aienest,ragnaros,96,paladin,holy,6,1,5
Shanik,zuljin,96,paladin,holy,6,1,5
Penth,doomhammer,96,paladin,holy,6,1,5
Xephiroxus,the-venture-co,96,paladin,holy,6,1,5
Flashhèart,draenor,96,paladin,holy,6,1,5
Bittersweex,stormscale,96,paladin,holy,6,1,5
Rehtu,malganis,96,paladin,holy,6,1,5
Playprist,aegwynn,96,paladin,holy,6,1,5
Dedicatèd,draenor,96,paladin,holy,6,1,5
Holysheto,sanguino,96,paladin,holy,6,1,5
Ornosh,draenor,96,paladin,holy,6,1,5
Iamyellow,silvermoon,96,paladin,holy,6,1,5
Хочусметанки,howling-fjord,96,paladin,holy,6,1,5
Bubblebun,kazzak,96,paladin,holy,6,1,5
Wingcomander,aegwynn,96,paladin,holy,6,1,5
Holyfalls,blackmoore,96,paladin,holy,6,1,5
Visaria,twisting-nether,96,paladin,holy,6,1,5
Vissticks,nagrand,96,paladin,holy,6,1,5
Fükdîscláss,ravencrest,96,paladin,holy,6,1,5
Whatapity,silvermoon,96,paladin,holy,6,1,5
Biót,tarren-mill,96,paladin,holy,6,1,5
Hÿrrøkk,ysondre,96,paladin,holy,6,1,5
Tacita,nazjatar,96,paladin,holy,6,1,5
Пепсекольный,soulflayer,96,paladin,holy,6,1,5
Mybadvibes,tarren-mill,96,paladin,holy,6,1,5
Ахрониус,soulflayer,96,paladin,holy,12,1,11
Goldenstern,blackhand,96,paladin,holy,12,1,11
Lunaary,antonidas,96,paladin,holy,12,1,11
Лейфи,howling-fjord,96,paladin,holy,12,1,11
Hasler,drakthul,96,paladin,holy,12,1,11
Pigma,outland,96,paladin,holy,12,1,11
Fúrion,burning-blade,96,paladin,holy,12,1,11
Callon,das-syndikat,95,paladin,holy,6,1,5
Hancipapa,ragnaros,95,paladin,holy,6,1,5
Shaxxzii,kazzak,79,paladin,holy,5,1,4
Hitaki,tarren-mill,64,paladin,holy,4,1,3
Míxu,stormreaver,42,paladin,holy,11,3,8
Holymerda,grim-batol,42,paladin,holy,8,2,6
Jâybee,ravencrest,42,paladin,holy,8,2,6
Xonika,outland,42,paladin,holy,9,2,7
Waltgyubeef,argent-dawn,42,paladin,holy,9,2,7
Bämbunga,madmortem,42,paladin,holy,10,2,8
Zeiserig,antonidas,42,paladin,holy,11,2,9
Acongojante,zuljin,42,paladin,holy,15,2,13
Cosmicstâr,kazzak,2190,paladin,retribution,130,68,62
Stracciatell,archimonde,2177,paladin,retribution,79,64,15
Ctierpala,ravencrest,2161,paladin,retribution,90,47,43
Bigspin,ravencrest,2145,paladin,retribution,126,69,57
Shinøaa,wrathbringer,2135,paladin,retribution,95,57,38
Steelsuit,argent-dawn,2132,paladin,retribution,176,98,78
Ðâny,elune,2128,paladin,retribution,135,68,67
Royki,the-maelstrom,2127,paladin,retribution,186,95,91
Drkp,blackrock,2126,paladin,retribution,61,42,19
Отловщик,gordunni,2123,paladin,retribution,82,43,39
Mcweedy,aegwynn,2108,paladin,retribution,84,42,42
Аеррис,gordunni,2106,paladin,retribution,113,57,56
Pïkachû,ravencrest,2105,paladin,retribution,60,33,27
Miilicium,archimonde,2091,paladin,retribution,83,41,42
Peiker,blackrock,2073,paladin,retribution,112,54,58
Ricexoxo,blackhand,2066,paladin,retribution,98,48,50
Elypsia,tarren-mill,2058,paladin,retribution,104,53,51
Mýstíc,ravencrest,2049,paladin,retribution,118,56,62
Davewins,dragonblight,2033,paladin,retribution,42,34,8
Nedith,pozzo-delleternità,2026,paladin,retribution,168,89,79
Ufø,magtheridon,2025,paladin,retribution,96,48,48
Miriokekw,archimonde,2020,paladin,retribution,96,45,51
Sacredwrath,burning-legion,2017,paladin,retribution,59,30,29
Qshadow,frostwhisper,2015,paladin,retribution,94,45,49
Vadya,ravencrest,2007,paladin,retribution,125,70,55
Kazuroo,blackmoore,2005,paladin,retribution,78,44,34
Стимулин,howling-fjord,2004,paladin,retribution,90,48,42
Sonne,tarren-mill,2004,paladin,retribution,90,44,46
Nîhil,silvermoon,2004,paladin,retribution,88,43,45
Xourens,twisting-nether,2003,paladin,retribution,73,33,40
Rankoneretri,arathor,2002,paladin,retribution,54,30,24
Msharix,kazzak,2002,paladin,retribution,78,41,37
Retwar,ravencrest,1986,paladin,retribution,77,49,28
Rùuru,archimonde,1984,paladin,retribution,90,41,49
Агинон,gordunni,1981,paladin,retribution,60,30,30
Нейтхигерс,howling-fjord,1974,paladin,retribution,83,43,40
Синодх,eversong,1974,paladin,retribution,101,46,55
Аполодориан,gordunni,1972,paladin,retribution,120,64,56
Sitekx,burning-legion,1968,paladin,retribution,99,45,54
Spacknas,blackmoore,1961,paladin,retribution,96,56,40
Jowanno,stormscale,1958,paladin,retribution,95,49,46
Monkeytm,archimonde,1957,paladin,retribution,58,27,31
Littlelíght,silvermoon,1954,paladin,retribution,78,41,37
Greywords,silvermoon,1952,paladin,retribution,53,30,23
Wingsteak,draenor,1951,paladin,retribution,75,41,34
Мрч,howling-fjord,1947,paladin,retribution,60,31,29
Günykoloke,blackrock,1939,paladin,retribution,54,33,21
Kriszi,burning-legion,1938,paladin,retribution,90,39,51
Bigdblaster,twisting-nether,1935,paladin,retribution,102,49,53
Запалтосик,blackscar,1934,paladin,retribution,36,23,13
Syruplol,blackrock,1932,paladin,retribution,58,32,26
Xillindion,blackhand,1932,paladin,retribution,266,133,133
Альмор,blackscar,1927,paladin,retribution,42,22,20
Fullsendbro,ravencrest,1922,paladin,retribution,65,40,25
Kírin,drakthul,1921,paladin,retribution,66,32,34
Retbùll,stormscale,1919,paladin,retribution,37,29,8
Âlßêdø,ravencrest,1919,paladin,retribution,129,59,70
Milkyavenger,sylvanas,1915,paladin,retribution,107,71,36
Franclovis,hyjal,1915,paladin,retribution,45,21,24
Harridin,ravencrest,1913,paladin,retribution,108,50,58
Nastalia,elune,1909,paladin,retribution,66,37,29
Pâsla,hyjal,1909,paladin,retribution,137,72,65
Mélli,eredar,1907,paladin,retribution,99,55,44
Yungboihoj,twisting-nether,1905,paladin,retribution,155,78,77
Mcret,ravencrest,1904,paladin,retribution,76,34,42
Prex,dun-modr,1900,paladin,retribution,66,36,30
Rígel,silvermoon,1899,paladin,retribution,58,35,23
Mhehø,hyjal,1899,paladin,retribution,256,130,126
Legodudex,ravencrest,1898,paladin,retribution,66,33,33
Ðeathron,blackmoore,1898,paladin,retribution,128,62,66
Стьюпидбой,howling-fjord,1896,paladin,retribution,143,74,69
Лиспорий,gordunni,1894,paladin,retribution,60,29,31
Beautýbeast,ravencrest,1893,paladin,retribution,89,45,44
Brassaren,stormscale,1890,paladin,retribution,67,36,31
Carlá,silvermoon,1890,paladin,retribution,73,37,36
Pancakee,the-maelstrom,1889,paladin,retribution,66,32,34
Tj,dun-modr,1887,paladin,retribution,48,23,25
Bersercute,sylvanas,1882,paladin,retribution,124,60,64
Толвард,gordunni,1881,paladin,retribution,25,21,4
Tj,sanguino,1881,paladin,retribution,42,20,22
Bakawolf,burning-legion,1879,paladin,retribution,66,32,34
Melantus,eredar,1878,paladin,retribution,83,41,42
Mayhemx,ravencrest,1878,paladin,retribution,200,98,102
Saygexx,draenor,1875,paladin,retribution,57,34,23
Extremnäsa,outland,1874,paladin,retribution,84,38,46
Molgran,defias-brotherhood,1872,paladin,retribution,60,31,29
Crysania,twisting-nether,1872,paladin,retribution,60,27,33
Zerørespect,ravencrest,1868,paladin,retribution,113,51,62
Hódle,silvermoon,1867,paladin,retribution,66,40,26
Vabz,blackrock,1867,paladin,retribution,47,23,24
Дэнискарз,gordunni,1866,paladin,retribution,48,26,22
Thyrec,blackmoore,1865,paladin,retribution,54,32,22
Yungboii,kazzak,1864,paladin,retribution,83,53,30
Swahadon,stormscale,1862,paladin,retribution,60,29,31
Bernhoftxd,ravencrest,1862,paladin,retribution,206,94,112
Freshreroll,tarren-mill,1860,paladin,retribution,48,30,18
Smirk,aggra-português,1860,paladin,retribution,102,46,56
Smilé,sylvanas,1859,paladin,retribution,60,34,26
Réfractio,die-aldor,1858,paladin,retribution,48,23,25
Chyve,tarren-mill,1855,paladin,retribution,66,28,38
Vanthael,chamber-of-aspects,1853,paladin,retribution,201,115,86
Phix,outland,1853,paladin,retribution,165,81,84
Alphaladin,stormscale,1852,paladin,retribution,54,31,23
Jicob,ravencrest,1851,paladin,retribution,48,30,18
Zion,runetotem,1851,paladin,retribution,42,25,17
Dasar,twisting-nether,1851,paladin,retribution,72,31,41
Súnshìne,blackhand,1850,paladin,retribution,42,29,13
Jedzy,ragnaros,1850,paladin,retribution,36,22,14
Pallyprinces,dentarg,1850,paladin,retribution,60,25,35
Pætter,aggra-português,1849,paladin,retribution,60,34,26
Jessrabit,tarren-mill,1848,paladin,retribution,54,25,29
Nein,blackhand,1848,paladin,retribution,102,47,55
Мевар,gordunni,1847,paladin,retribution,48,21,27
Dibzi,argent-dawn,1845,paladin,retribution,54,27,27
Mezor,dun-modr,1845,paladin,retribution,130,62,68
Djstompyamom,stormscale,1845,paladin,retribution,99,47,52
Nabbi,ravencrest,1845,paladin,retribution,60,25,35
Risingfi,kult-der-verdammten,1844,paladin,retribution,78,47,31
Модрит,soulflayer,1843,paladin,retribution,58,40,18
Palior,sylvanas,1841,paladin,retribution,54,31,23
Инфернох,howling-fjord,1841,paladin,retribution,114,63,51
Hornyret,kazzak,1839,paladin,retribution,96,46,50
Wingsmode,kazzak,1839,paladin,retribution,90,36,54
Tadashì,aegwynn,1836,paladin,retribution,72,31,41
Antimov,twisting-nether,1835,paladin,retribution,156,77,79
Murkyxd,sanguino,1835,paladin,retribution,66,30,36
Yuber,ravencrest,1833,paladin,retribution,78,34,44
Сотранокинг,soulflayer,1832,paladin,retribution,36,20,16
Miju,blackmoore,1831,paladin,retribution,51,28,23
Daybreak,kazzak,1831,paladin,retribution,57,30,27
Calaestra,twisting-nether,1831,paladin,retribution,57,29,28
Ilòvekris,draenor,1831,paladin,retribution,195,99,96
Holysiah,kazzak,1831,paladin,retribution,90,42,48
Skyf,outland,1831,paladin,retribution,68,27,41
Exolix,archimonde,1830,paladin,retribution,42,23,19
Baxuz,draenor,1830,paladin,retribution,64,33,31
Декионзхц,howling-fjord,1830,paladin,retribution,78,29,49
Ðaegos,blackmoore,1829,paladin,retribution,107,49,58
Hojinson,blackrock,1828,paladin,retribution,48,34,14
Skyrose,ravencrest,1827,paladin,retribution,150,82,68
Denastys,nemesis,1827,paladin,retribution,72,31,41
Dréamypie,silvermoon,1827,paladin,retribution,65,26,39
Holzer,azshara,1826,paladin,retribution,65,35,30
Tròth,twisting-nether,1826,paladin,retribution,48,23,25
Tremelay,silvermoon,1825,paladin,retribution,240,122,118
Eimaqt,stormscale,1825,paladin,retribution,70,33,37
Игры,gordunni,1823,paladin,retribution,76,39,37
Cqt,ravencrest,1823,paladin,retribution,66,30,36
Byths,blackmoore,1823,paladin,retribution,68,28,40
Keinah,silvermoon,1822,paladin,retribution,54,36,18
Lorex,grim-batol,1821,paladin,retribution,54,26,28
Tazken,tarren-mill,1820,paladin,retribution,78,36,42
Foreskinx,draenor,1819,paladin,retribution,42,25,17
Номос,soulflayer,1819,paladin,retribution,72,41,31
Arígato,argent-dawn,1819,paladin,retribution,173,95,78
Дюрьвючыф,razuvious,1819,paladin,retribution,143,74,69
Âtlas,ragnaros,1819,paladin,retribution,48,24,24
Nìcky,stormscale,1819,paladin,retribution,83,37,46
Bulkpwders,burning-legion,1818,paladin,retribution,42,20,22
Wingsgodx,archimonde,1818,paladin,retribution,60,28,32
Кошкотяночка,ashenvale,1818,paladin,retribution,54,23,31
Taurski,sylvanas,1817,paladin,retribution,48,35,13
Thedarksteel,ravencrest,1817,paladin,retribution,70,34,36
Astragore,archimonde,1817,paladin,retribution,71,30,41
Кхабелех,howling-fjord,1817,paladin,retribution,78,32,46
Angryturk,ravencrest,1816,paladin,retribution,36,19,17
Martoretard,archimonde,1815,paladin,retribution,304,149,155
Фемдом,blackscar,1814,paladin,retribution,48,27,21
Morri,ravencrest,1814,paladin,retribution,171,83,88
Durenai,aegwynn,1814,paladin,retribution,119,53,66
Déna,draenor,1813,paladin,retribution,52,29,23
Ktk,ravencrest,1813,paladin,retribution,121,67,54
Granfort,argent-dawn,1813,paladin,retribution,114,55,59
Saabnaab,outland,1812,paladin,retribution,156,93,63
Doomsoom,kazzak,1810,paladin,retribution,34,26,8
Коварное,borean-tundra,1810,paladin,retribution,66,36,30
Halevia,kazzak,1810,paladin,retribution,53,26,27
Alloüt,outland,1809,paladin,retribution,37,20,17
Ironquist,doomhammer,1809,paladin,retribution,42,22,20
Делимнаноль,blackscar,1809,paladin,retribution,90,46,44
Zscrew,nemesis,1807,paladin,retribution,30,19,11
Nizzlee,eredar,1807,paladin,retribution,54,30,24
Васапрагиб,howling-fjord,1806,paladin,retribution,60,35,25
Bregowine,doomhammer,1806,paladin,retribution,243,137,106
Réaxon,archimonde,1806,paladin,retribution,69,30,39
Matriarchxd,kazzak,1805,paladin,retribution,48,24,24
Vhardan,archimonde,1805,paladin,retribution,143,71,72
Geneundreitt,dethecus,1805,paladin,retribution,54,26,28
Магрейм,gordunni,1805,paladin,retribution,77,35,42
Taneren,argent-dawn,1804,paladin,retribution,48,29,19
Tsorig,tarren-mill,1804,paladin,retribution,177,98,79
Zarrex,blackrock,1804,paladin,retribution,54,28,26
Netharia,antonidas,1804,paladin,retribution,120,59,61
Aqualisse,hyjal,1804,paladin,retribution,66,30,36
Kiriel,dun-modr,1803,paladin,retribution,66,28,38
Selina,burning-legion,1802,paladin,retribution,111,59,52
Antou,twisting-nether,1802,paladin,retribution,211,108,103
Meruem,blackrock,1802,paladin,retribution,53,26,27
Karadøc,archimonde,1802,paladin,retribution,90,41,49
Lesterqt,thrall,1801,paladin,retribution,114,54,60
Vatix,trollbane,1801,paladin,retribution,54,25,29
Delgato,kazzak,1800,paladin,retribution,152,80,72
Zachäus,kirin-tor,1800,paladin,retribution,114,57,57
Timmes,blackhand,1800,paladin,retribution,42,19,23
Tauskiz,sylvanas,1800,paladin,retribution,48,19,29
Мидэас,gordunni,1798,paladin,retribution,96,44,52
Icekissz,hyjal,1795,paladin,retribution,24,19,5
Pestomp,tarren-mill,1789,paladin,retribution,65,28,37
Ниашес,howling-fjord,1788,paladin,retribution,65,29,36
Nikkibenzqt,blackmoore,1788,paladin,retribution,78,31,47
Simjon,defias-brotherhood,1787,paladin,retribution,181,102,79
Батллграунд,soulflayer,1787,paladin,retribution,72,40,32
ßlacklight,archimonde,1787,paladin,retribution,66,26,40
Astilia,sylvanas,1785,paladin,retribution,90,44,46
Kayllan,ravencrest,1784,paladin,retribution,113,65,48
Apolloos,grim-batol,1782,paladin,retribution,47,24,23
Деленка,gordunni,1779,paladin,retribution,106,61,45
Vylnoa,twisting-nether,1779,paladin,retribution,115,56,59
Herrius,ravencrest,1779,paladin,retribution,48,21,27
Lightlogic,ravencrest,1778,paladin,retribution,59,28,31
Ças,quelthalas,1776,paladin,retribution,60,26,34
Valkûn,rexxar,1775,paladin,retribution,60,28,32
Posttal,aggra-português,1775,paladin,retribution,42,19,23
Vankwok,stormscale,1771,paladin,retribution,33,20,13
Kêkbûrâgol,kazzak,1769,paladin,retribution,36,24,12
Galenhad,kazzak,1766,paladin,retribution,66,29,37
Алепос,soulflayer,1766,paladin,retribution,54,21,33
Valterus,burning-legion,1765,paladin,retribution,84,40,44
Elganwar,hyjal,1760,paladin,retribution,101,63,38
Sofhiya,silvermoon,1759,paladin,retribution,42,24,18
Блэканус,blackscar,1759,paladin,retribution,54,25,29
Xsÿde,archimonde,1759,paladin,retribution,84,36,48
Опгоп,gordunni,1758,paladin,retribution,89,45,44
Tanny,kazzak,1758,paladin,retribution,66,29,37
Rekktadin,grim-batol,1757,paladin,retribution,131,65,66
Madmartigane,ysondre,1755,paladin,retribution,78,27,51
Ганка,blackscar,1754,paladin,retribution,71,25,46
Zubxp,ravencrest,1753,paladin,retribution,76,37,39
Данхайк,gordunni,1750,paladin,retribution,114,68,46
Surian,kazzak,1749,paladin,retribution,54,33,21
Pârabellum,the-maelstrom,1749,paladin,retribution,58,25,33
Gluttön,tarren-mill,1748,paladin,retribution,46,24,22
Riares,darkspear,1746,paladin,retribution,42,22,20
Hýox,malganis,1745,paladin,retribution,55,27,28
Torvik,eredar,1744,paladin,retribution,66,35,31
Flaapz,hyjal,1743,paladin,retribution,71,46,25
Малиновыйбох,gordunni,1741,paladin,retribution,111,61,50
Ollebala,ravencrest,1740,paladin,retribution,79,48,31
Justyowx,archimonde,1740,paladin,retribution,42,20,22
Hammerzemall,tarren-mill,1739,paladin,retribution,53,27,26
Анофарин,gordunni,1738,paladin,retribution,102,46,56
Мегопалл,blackscar,1738,paladin,retribution,90,38,52
Kinvqt,tarren-mill,1737,paladin,retribution,64,31,33
Exolia,archimonde,1736,paladin,retribution,48,25,23
Охоху,gordunni,1735,paladin,retribution,95,52,43
Liendry,antonidas,1735,paladin,retribution,53,28,25
Солошафл,howling-fjord,1735,paladin,retribution,48,24,24
Guilt,aegwynn,1735,paladin,retribution,60,26,34
Торсгард,howling-fjord,1733,paladin,retribution,66,27,39
Пинкпуссибой,howling-fjord,1732,paladin,retribution,55,31,24
Katanaclówn,eredar,1732,paladin,retribution,100,55,45
Qarak,argent-dawn,1732,paladin,retribution,65,30,35
Zazalamel,hyjal,1731,paladin,retribution,48,28,20
Ÿani,argent-dawn,1730,paladin,retribution,42,25,17
Refuse,blackrock,1730,paladin,retribution,77,36,41
Чупаа,howling-fjord,1728,paladin,retribution,88,47,41
Elitest,hyjal,1727,paladin,retribution,67,29,38
Caladys,silvermoon,1725,paladin,retribution,56,31,25
Thórvaldr,argent-dawn,1724,paladin,retribution,36,24,12
Атмх,soulflayer,1723,paladin,retribution,42,23,19
Zayaka,ragnaros,1723,paladin,retribution,72,24,48
Rli,twisting-nether,1721,paladin,retribution,74,39,35
Djrayk,archimonde,1721,paladin,retribution,36,18,18
Malthred,ravenholdt,1720,paladin,retribution,141,73,68
Miru,defias-brotherhood,1719,paladin,retribution,30,18,12
Exolis,archimonde,1719,paladin,retribution,42,21,21
Xeaa,tarren-mill,1718,paladin,retribution,42,18,24
Beigerbala,blackrock,1715,paladin,retribution,42,18,24
Dannyvye,outland,1712,paladin,retribution,48,21,27
Ruath,xavius,1710,paladin,retribution,101,51,50
Slapmedaddy,die-ewige-wacht,1709,paladin,retribution,54,29,25
Deidâra,blackhand,1709,paladin,retribution,42,18,24
Shockashy,stormscale,1708,paladin,retribution,56,31,25
Odin,silvermoon,1707,paladin,retribution,36,22,14
Wickedret,kazzak,1707,paladin,retribution,30,18,12
Deadholland,ravencrest,1707,paladin,retribution,116,62,54
Tsunà,antonidas,1705,paladin,retribution,42,18,24
Mistérion,archimonde,1705,paladin,retribution,48,20,28
Naneno,silvermoon,1704,paladin,retribution,57,27,30
Nutqtgodx,archimonde,1702,paladin,retribution,36,21,15
Gwynel,argent-dawn,1702,paladin,retribution,60,28,32
Winkz,rajaxx,1701,paladin,retribution,36,18,18
Cowwithspell,stormscale,1701,paladin,retribution,122,60,62
Ðenlox,destromath,1699,paladin,retribution,72,29,43
Namapala,silvermoon,1698,paladin,retribution,56,28,28
Crusshqt,silvermoon,1697,paladin,retribution,84,45,39
Smirky,silvermoon,1697,paladin,retribution,42,20,22
Rettalius,ravencrest,1697,paladin,retribution,87,38,49
Rullatôrsven,stormscale,1697,paladin,retribution,48,18,30
Salti,magtheridon,1693,paladin,retribution,142,77,65
Gimly,anachronos,1693,paladin,retribution,60,24,36
Bluehustler,tarren-mill,1693,paladin,retribution,78,31,47
Сводимиаое,soulflayer,1692,paladin,retribution,52,24,28
Lecutus,sunstrider,1691,paladin,retribution,75,30,45
Dalemiar,ravencrest,1690,paladin,retribution,81,34,47
Sstalowy,silvermoon,1689,paladin,retribution,112,58,54
Staticdeath,ravencrest,1689,paladin,retribution,192,99,93
Eysn,blackrock,1689,paladin,retribution,42,20,22
Зондарк,booty-bay,1687,paladin,retribution,59,24,35
Losër,ravencrest,1687,paladin,retribution,54,20,34
Holyshet,blackrock,1686,paladin,retribution,79,44,35
Bigbuffdaddy,draenor,1685,paladin,retribution,268,133,135
Ønlyfâns,dragonblight,1685,paladin,retribution,66,30,36
Mommyret,draenor,1683,paladin,retribution,42,27,15
Somixd,ragnaros,1683,paladin,retribution,99,54,45
Johannx,tarren-mill,1682,paladin,retribution,168,79,89
Агинон,howling-fjord,1680,paladin,retribution,36,18,18
Sünlight,nemesis,1680,paladin,retribution,77,35,42
Dudjaw,stormscale,1679,paladin,retribution,90,35,55
Obackbarama,outland,1678,paladin,retribution,42,23,19
Reito,eredar,1678,paladin,retribution,54,26,28
Panicmaker,ravencrest,1677,paladin,retribution,30,23,7
Instaquez,stormscale,1676,paladin,retribution,71,37,34
Кавайнекс,azuregos,1676,paladin,retribution,104,53,51
Gùtz,xavius,1676,paladin,retribution,51,23,28
Lílou,blackmoore,1674,paladin,retribution,51,28,23
Xairo,twisting-nether,1674,paladin,retribution,42,20,22
Mcfëë,ysondre,1673,paladin,retribution,77,41,36
Утипутя,goldrinn,1672,paladin,retribution,36,20,16
Wootschi,arthas,1672,paladin,retribution,59,30,29
Dainan,blackmoore,1671,paladin,retribution,66,30,36
Shmndr,kazzak,1670,paladin,retribution,42,24,18
Starworkal,ragnaros,1670,paladin,retribution,58,29,29
Mordar,ravencrest,1670,paladin,retribution,61,29,32
Kaileena,archimonde,1669,paladin,retribution,42,25,17
Bullsy,kazzak,1669,paladin,retribution,62,32,30
Mâttyy,stormscale,1669,paladin,retribution,48,20,28
Isora,twisting-nether,1669,paladin,retribution,84,34,50
Hammarfall,ravencrest,1668,paladin,retribution,96,51,45
Saintseiya,pozzo-delleternità,1667,paladin,retribution,36,23,13
Hèllkeepêr,archimonde,1666,paladin,retribution,41,20,21
Testør,ragnaros,1665,paladin,retribution,65,24,41
Tcret,sanguino,1664,paladin,retribution,36,19,17
Davoss,outland,1664,paladin,retribution,45,18,27
Bloodaxjr,archimonde,1663,paladin,retribution,116,66,50
Vickdicator,stormscale,1663,paladin,retribution,68,30,38
Шакиори,gordunni,1662,paladin,retribution,46,25,21
Deriøt,dun-modr,1662,paladin,retribution,54,27,27
Pruntadin,silvermoon,1661,paladin,retribution,78,36,42
Muhnnin,archimonde,1660,paladin,retribution,48,24,24
Sigmud,turalyon,1659,paladin,retribution,36,20,16
Akoumb,twisting-nether,1659,paladin,retribution,66,34,32
Drakingsang,blackhand,1657,paladin,retribution,84,35,49
Auriuss,defias-brotherhood,1656,paladin,retribution,177,95,82
Kouyhalaide,hyjal,1656,paladin,retribution,48,24,24
Ayylmeow,tarren-mill,1656,paladin,retribution,44,20,24
Darkkissret,lightbringer,1655,paladin,retribution,42,22,20
Telionrootan,die-aldor,1655,paladin,retribution,58,29,29
Glàdiator,outland,1655,paladin,retribution,71,31,40
Сёмаигрок,soulflayer,1654,paladin,retribution,54,26,28
Akrobatka,sanguino,1654,paladin,retribution,54,23,31
Zynuwu,blackmoore,1653,paladin,retribution,42,22,20
Exolie,archimonde,1653,paladin,retribution,36,18,18
Valin,frostmane,1653,paladin,retribution,66,29,37
Íbossít,doomhammer,1652,paladin,retribution,66,36,30
Русэльф,howling-fjord,1652,paladin,retribution,87,45,42
Yana,blackrock,1652,paladin,retribution,43,22,21
Xila,blackrock,1652,paladin,retribution,60,24,36
Xciepo,rexxar,1651,paladin,retribution,60,24,36
Kjn,tarren-mill,1650,paladin,retribution,36,21,15
Gaalarr,burning-legion,1650,paladin,retribution,36,20,16
Zuveron,the-maelstrom,1650,paladin,retribution,54,23,31
Screws,dun-modr,1650,paladin,retribution,54,22,32
Aederec,argent-dawn,1649,paladin,retribution,78,42,36
Shenwarr,twisting-nether,1649,paladin,retribution,36,19,17
Хаспадин,gordunni,1649,paladin,retribution,42,21,21
Batteldin,blackmoore,1648,paladin,retribution,117,71,46
Spegepølse,silvermoon,1647,paladin,retribution,74,42,32
Wakke,outland,1646,paladin,retribution,32,23,9
Trølled,aegwynn,1646,paladin,retribution,120,55,65
Сандалар,gordunni,1646,paladin,retribution,54,24,30
Cîzzar,burning-legion,1644,paladin,retribution,153,85,68
Highfivè,ravencrest,1643,paladin,retribution,30,18,12
Sübôvîñ,ravencrest,1643,paladin,retribution,47,28,19
Bjornulfr,ravencrest,1643,paladin,retribution,101,42,59
Neiiz,ragnaros,1643,paladin,retribution,52,20,32
Zeggayodax,nemesis,1642,paladin,retribution,36,21,15
Дракула,howling-fjord,1641,paladin,retribution,96,49,47
Саймум,blackscar,1641,paladin,retribution,57,29,28
Dacilez,ravencrest,1641,paladin,retribution,54,22,32
Powerpuffret,antonidas,1640,paladin,retribution,72,40,32
Tyri,silvermoon,1640,paladin,retribution,90,46,44
Иев,howling-fjord,1640,paladin,retribution,53,23,30
Димасгачи,gordunni,1638,paladin,retribution,42,32,10
Аскеттх,gordunni,1638,paladin,retribution,66,33,33
Brabop,zirkel-des-cenarius,1637,paladin,retribution,42,22,20
Trenvendor,ravencrest,1635,paladin,retribution,33,22,11
Valhella,stormscale,1635,paladin,retribution,115,60,55
Arturius,ravencrest,1634,paladin,retribution,60,30,30
Breakdøwñ,blackrock,1634,paladin,retribution,148,63,85
Palagray,blackmoore,1633,paladin,retribution,173,100,73
Retaxx,outland,1633,paladin,retribution,36,19,17
Прожектор,gordunni,1633,paladin,retribution,48,25,23
Gladiator,die-aldor,1633,paladin,retribution,42,21,21
Azûl,archimonde,1632,paladin,retribution,102,54,48
Afhvahj,tichondrius,1632,paladin,retribution,95,50,45
Jout,tarren-mill,1632,paladin,retribution,132,65,67
Flipzz,blackrock,1631,paladin,retribution,26,18,8
Needel,argent-dawn,1631,paladin,retribution,47,26,21
Draizor,twisting-nether,1631,paladin,retribution,89,42,47
Djcurry,archimonde,1630,paladin,retribution,30,17,13
Lightsaint,kazzak,1630,paladin,retribution,54,29,25
Antsh,nemesis,1629,paladin,retribution,36,22,14
Bobiwan,ravencrest,1629,paladin,retribution,30,17,13
Krîstal,aegwynn,1629,paladin,retribution,41,20,21
Gilet,argent-dawn,1628,paladin,retribution,30,18,12
Carlash,draenor,1628,paladin,retribution,84,48,36
Wyllian,grim-batol,1628,paladin,retribution,48,23,25
Lazaraat,antonidas,1628,paladin,retribution,47,21,26
Коссандра,greymane,1628,paladin,retribution,47,21,26
Фэйсрол,gordunni,1628,paladin,retribution,59,21,38
Guccishock,twisting-nether,1627,paladin,retribution,79,46,33
Galaadh,archimonde,1627,paladin,retribution,42,17,25
Zeusp,archimonde,1626,paladin,retribution,42,21,21
Lisma,bloodfeather,1623,paladin,retribution,47,26,21
Bigducc,draenor,1623,paladin,retribution,41,20,21
Brecs,frostmourne,1623,paladin,retribution,84,36,48
Elesmerias,dalaran,1622,paladin,retribution,35,22,13
Niou,alleria,1622,paladin,retribution,47,24,23
Saintys,sylvanas,1621,paladin,retribution,44,24,20
Kraakz,sanguino,1621,paladin,retribution,35,18,17
Анастэриан,thermaplugg,1621,paladin,retribution,78,39,39
Dreamwatcher,outland,1621,paladin,retribution,48,21,27
Mâterîa,antonidas,1620,paladin,retribution,78,42,36
Ajkulaa,kazzak,1620,paladin,retribution,74,35,39
Combinecka,chamber-of-aspects,1619,paladin,retribution,118,60,58
Elisabeth,kazzak,1619,paladin,retribution,60,24,36
Charmxx,stormscale,1618,paladin,retribution,30,18,12
Lonesolo,sylvanas,1618,paladin,retribution,36,20,16
Bloodsworn,stormrage,1617,paladin,retribution,90,58,32
Владыкасвета,borean-tundra,1617,paladin,retribution,108,59,49
Фатумм,howling-fjord,1617,paladin,retribution,36,18,18
Соулерт,ashenvale,1617,paladin,retribution,36,17,19
Ertheus,argent-dawn,1617,paladin,retribution,48,21,27
Tyrael,darksorrow,1616,paladin,retribution,188,94,94
Holyblast,archimonde,1615,paladin,retribution,42,22,20
Blówout,tarren-mill,1614,paladin,retribution,36,22,14
Mirøku,silvermoon,1614,paladin,retribution,42,18,24
Kayøz,aegwynn,1613,paladin,retribution,72,36,36
Leoxander,outland,1613,paladin,retribution,42,21,21
Nanisunda,thrall,1613,paladin,retribution,132,63,69
Бэйгреон,gordunni,1612,paladin,retribution,98,58,40
Milkadìn,twisting-nether,1612,paladin,retribution,60,31,29
Nergigante,drekthar,1612,paladin,retribution,48,23,25
Paradoxiâ,thrall,1612,paladin,retribution,60,28,32
Ослепителен,eversong,1612,paladin,retribution,42,17,25
Аилерия,howling-fjord,1611,paladin,retribution,206,111,95
Warmâchiine,burning-legion,1611,paladin,retribution,84,44,40
Wellmetqt,aegwynn,1611,paladin,retribution,95,40,55
Karyouka,archimonde,1610,paladin,retribution,54,33,21
Яправ,borean-tundra,1610,paladin,retribution,48,26,22
Мяумяухх,soulflayer,1610,paladin,retribution,196,104,92
Discølove,blackmoore,1610,paladin,retribution,43,21,22
Grimstark,argent-dawn,1609,paladin,retribution,36,23,13
Ryxxii,ravencrest,1609,paladin,retribution,42,20,22
Racduck,dunemaul,1609,paladin,retribution,64,30,34
Snødunkern,outland,1609,paladin,retribution,96,41,55
Mystixd,talnivarr,1608,paladin,retribution,42,31,11
Hølypowah,tarren-mill,1608,paladin,retribution,24,17,7
Elbígotes,dun-modr,1608,paladin,retribution,30,20,10
Alammar,burning-legion,1608,paladin,retribution,30,18,12
Vodax,argent-dawn,1608,paladin,retribution,60,31,29
Elohim,echsenkessel,1608,paladin,retribution,75,36,39
Холихит,gordunni,1608,paladin,retribution,54,24,30
Рикшак,howling-fjord,1608,paladin,retribution,42,17,25
Biggboii,twisting-nether,1608,paladin,retribution,48,19,29
Koly,dun-modr,1607,paladin,retribution,30,17,13
Ревирант,gordunni,1607,paladin,retribution,39,21,18
Nøvå,ravencrest,1607,paladin,retribution,42,18,24
Angelisho,zuljin,1607,paladin,retribution,60,24,36
Belnadris,eredar,1606,paladin,retribution,52,31,21
Fisslol,kazzak,1606,paladin,retribution,66,31,35
Misako,sanguino,1605,paladin,retribution,118,57,61
Frankostyle,sanguino,1605,paladin,retribution,59,28,31
Ярослэйв,howling-fjord,1605,paladin,retribution,51,23,28
Tìtan,ravencrest,1604,paladin,retribution,48,25,23
Кронкс,howling-fjord,1604,paladin,retribution,141,73,68
Tinyandy,blackrock,1604,paladin,retribution,48,21,27
Галиор,soulflayer,1602,paladin,retribution,24,17,7
Bíceron,sanguino,1602,paladin,retribution,52,26,26
Hargreeve,ravencrest,1602,paladin,retribution,48,24,24
Синодушка,blackscar,1602,paladin,retribution,40,19,21
Fordragon,twisting-nether,1602,paladin,retribution,54,21,33
Ёйхйё,blackscar,1601,paladin,retribution,79,45,34
Pappnas,aegwynn,1601,paladin,retribution,30,17,13
Quasimod,ravencrest,1601,paladin,retribution,30,17,13
Thun,azjolnerub,1601,paladin,retribution,36,17,19
Zwergicus,alexstrasza,1601,paladin,retribution,65,30,35
Âyasê,blackhand,1600,paladin,retribution,30,17,13
Skippadin,ravencrest,1600,paladin,retribution,59,30,29
Батллграунт,soulflayer,1599,paladin,retribution,95,60,35
Djcrusade,twisting-nether,1599,paladin,retribution,140,77,63
Daoht,ysondre,1599,paladin,retribution,54,28,26
Хексали,soulflayer,1599,paladin,retribution,45,23,22
Рамзеса,soulflayer,1599,paladin,retribution,48,22,26
Earendìl,blackmoore,1597,paladin,retribution,42,23,19
Диманватикан,howling-fjord,1596,paladin,retribution,48,21,27
Dankin,pozzo-delleternità,1595,paladin,retribution,40,20,20
Palwig,tarren-mill,1594,paladin,retribution,136,70,66
Ïdø,hyjal,1594,paladin,retribution,108,46,62
Crohnox,nemesis,1593,paladin,retribution,62,30,32
Jualom,colinas-pardas,1592,paladin,retribution,32,18,14
Justivo,tarren-mill,1592,paladin,retribution,55,29,26
Данбро,borean-tundra,1592,paladin,retribution,42,18,24
Sántouryu,ravencrest,1591,paladin,retribution,163,76,87
Dabeefchief,outland,1590,paladin,retribution,28,21,7
Gigasack,ravencrest,1590,paladin,retribution,30,20,10
Атикинс,gordunni,1590,paladin,retribution,114,54,60
Zaaen,burning-legion,1589,paladin,retribution,42,23,19
Raoun,archimonde,1588,paladin,retribution,45,22,23
Оззмо,howling-fjord,1588,paladin,retribution,66,32,34
Телканапалке,blackscar,1587,paladin,retribution,30,21,9
Altundrdel,ravencrest,1587,paladin,retribution,60,31,29
Swàyz,archimonde,1587,paladin,retribution,84,36,48
Асканиэль,howling-fjord,1586,paladin,retribution,84,37,47
Meìster,blackmoore,1586,paladin,retribution,48,20,28
Eniste,silvermoon,1585,paladin,retribution,74,33,41
Девствениица,gordunni,1584,paladin,retribution,36,22,14
Lawtõn,argent-dawn,1584,paladin,retribution,120,64,56
Джамбит,howling-fjord,1584,paladin,retribution,42,22,20
Мистеравадон,gordunni,1584,paladin,retribution,78,34,44
Slump,ravencrest,1582,paladin,retribution,67,35,32
Дезоиль,gordunni,1582,paladin,retribution,42,19,23
Okcså,ragnaros,1582,paladin,retribution,58,21,37
Ämÿcüs,zuljin,1581,paladin,retribution,66,37,29
Promise,dun-modr,1579,paladin,retribution,48,25,23
Asærý,blackmoore,1578,paladin,retribution,36,20,16
Uliko,twisting-nether,1577,paladin,retribution,48,26,22
Bagok,drakthul,1576,paladin,retribution,42,26,16
Korendil,frostmane,1576,paladin,retribution,48,19,29
Báldür,silvermoon,1574,paladin,retribution,60,30,30
Lazone,ysondre,1574,paladin,retribution,40,20,20
Opsyoudie,kazzak,1573,paladin,retribution,111,51,60
Yo,azshara,1570,paladin,retribution,33,18,15
Йосяфлексер,howling-fjord,1569,paladin,retribution,102,56,46
Luhae,archimonde,1568,paladin,retribution,72,44,28
Биоразлагаем,gordunni,1568,paladin,retribution,78,41,37
Ulrhik,nemesis,1568,paladin,retribution,69,29,40
Paakz,stormscale,1567,paladin,retribution,149,73,76
Budgetcara,stormscale,1566,paladin,retribution,29,17,12
Ficsuur,ragnaros,1566,paladin,retribution,145,77,68
Mograine,die-aldor,1565,paladin,retribution,88,48,40
Lightbrîng,hyjal,1564,paladin,retribution,60,28,32
Kathí,kazzak,1563,paladin,retribution,24,18,6
Trixzie,blackhand,1563,paladin,retribution,36,18,18
Jiraaqi,silvermoon,1562,paladin,retribution,53,27,26
Azlaya,sargeras,1562,paladin,retribution,99,46,53
Pallidino,antonidas,1562,paladin,retribution,41,18,23
Lyraestra,hyjal,1562,paladin,retribution,54,20,34
Qïkarï,antonidas,1561,paladin,retribution,61,35,26
Seraphyonhd,blackmoore,1561,paladin,retribution,46,26,20
Руказакона,deathguard,1561,paladin,retribution,53,26,27
Slayfer,dun-modr,1561,paladin,retribution,48,22,26
Malianterø,ravencrest,1560,paladin,retribution,117,54,63
Kaitlyne,tarren-mill,1556,paladin,retribution,163,80,83
Vleisboom,ravencrest,1555,paladin,retribution,36,21,15
Røck,aggra-português,1555,paladin,retribution,131,72,59
Theodór,antonidas,1555,paladin,retribution,59,24,35
Kaleyra,argent-dawn,1555,paladin,retribution,42,17,25
Emostylex,draenor,1555,paladin,retribution,89,33,56
Ùthér,sylvanas,1554,paladin,retribution,43,22,21
Siorraidh,archimonde,1553,paladin,retribution,30,17,13
Cauze,ravencrest,1553,paladin,retribution,132,69,63
Cilise,bronzebeard,1553,paladin,retribution,48,20,28
Unschúld,blackrock,1552,paladin,retribution,97,53,44
Taiso,alonsus,1552,paladin,retribution,59,30,29
Кузькинамать,greymane,1552,paladin,retribution,84,34,50
Johnßlake,dun-modr,1551,paladin,retribution,78,40,38
Knigh,draenor,1551,paladin,retribution,84,43,41
Elyox,ravencrest,1551,paladin,retribution,36,18,18
Эллесар,blackscar,1550,paladin,retribution,79,33,46
Holymerda,grim-batol,1549,paladin,retribution,35,17,18
Ahpoual,archimonde,1547,paladin,retribution,28,20,8
Honorkill,silvermoon,1547,paladin,retribution,145,79,66
Лаитнем,gordunni,1546,paladin,retribution,60,37,23
Bloodyret,outland,1546,paladin,retribution,54,25,29
Nashret,kazzak,1545,paladin,retribution,42,20,22
Gulinborsti,aegwynn,1544,paladin,retribution,48,32,16
Райтивуд,howling-fjord,1544,paladin,retribution,74,36,38
Мизуриэль,howling-fjord,1543,paladin,retribution,42,24,18
Timal,eitrigg,1543,paladin,retribution,67,35,32
Maybach,onyxia,1543,paladin,retribution,66,31,35
Xëlâ,archimonde,1542,paladin,retribution,51,26,25
Раффаэло,borean-tundra,1542,paladin,retribution,84,40,44
Kènpachî,blackrock,1542,paladin,retribution,48,22,26
Obsidyen,outland,1541,paladin,retribution,38,17,21
Zeldalòl,outland,1541,paladin,retribution,59,25,34
Гневнебес,howling-fjord,1541,paladin,retribution,78,33,45
Threathor,outland,1539,paladin,retribution,93,48,45
Havefunzqt,archimonde,1538,paladin,retribution,23,17,6
Aethelwold,ragnaros,1537,paladin,retribution,126,52,74
Темплеар,gordunni,1537,paladin,retribution,48,17,31
Rugila,ragnaros,1536,paladin,retribution,87,50,37
Râoh,arathi,1536,paladin,retribution,66,34,32
Addwyr,blackrock,1536,paladin,retribution,45,22,23
Retstarr,draenor,1536,paladin,retribution,66,32,34
Ceccil,dun-modr,1534,paladin,retribution,36,25,11
Zarron,blackrock,1534,paladin,retribution,36,16,20
Энилейт,lich-king,1533,paladin,retribution,59,40,19
Orti,sanguino,1533,paladin,retribution,59,33,26
Ibnkrook,archimonde,1533,paladin,retribution,36,16,20
Modeladin,ragnaros,1533,paladin,retribution,42,17,25
Enveador,garrosh,1532,paladin,retribution,54,33,21
Giroud,dalaran,1532,paladin,retribution,30,16,14
Runhexi,silvermoon,1532,paladin,retribution,96,48,48
Jorhall,antonidas,1531,paladin,retribution,103,54,49
Splasher,grim-batol,1531,paladin,retribution,54,27,27
Tharizod,nagrand,1530,paladin,retribution,68,34,34
Вайлдбебриз,eversong,1529,paladin,retribution,24,17,7
Ришардебюр,soulflayer,1528,paladin,retribution,71,34,37
Lättäkamerus,ravencrest,1528,paladin,retribution,48,16,32
Ophillan,draenor,1526,paladin,retribution,36,16,20
Xawier,ghostlands,1524,paladin,retribution,54,28,26
Lightwitcher,silvermoon,1524,paladin,retribution,54,20,34
Wingzy,hyjal,1523,paladin,retribution,36,16,20
Shroomez,frostmane,1522,paladin,retribution,46,23,23
Retdead,nordrassil,1522,paladin,retribution,36,16,20
Créo,draenor,1520,paladin,retribution,36,17,19
Vitacé,burning-legion,1520,paladin,retribution,36,17,19
Campo,tarren-mill,1519,paladin,retribution,48,20,28
Dalbo,aegwynn,1518,paladin,retribution,24,19,5
Таптыгин,gordunni,1518,paladin,retribution,36,16,20
Codindio,silvermoon,1516,paladin,retribution,76,39,37
Emìnem,kazzak,1516,paladin,retribution,39,18,21
Rapwnzel,sylvanas,1515,paladin,retribution,60,30,30
Mofawilli,blackrock,1514,paladin,retribution,30,20,10
Hys,stormscale,1514,paladin,retribution,42,23,19
Волатбай,gordunni,1513,paladin,retribution,48,29,19
Jøøs,sargeras,1513,paladin,retribution,63,38,25
Эеомли,blackscar,1512,paladin,retribution,45,22,23
Arayël,archimonde,1510,paladin,retribution,30,16,14
Impaross,shattrath,1509,paladin,retribution,159,87,72
Mooses,stormscale,1509,paladin,retribution,66,34,32
Hàsbulla,khaz-modan,1508,paladin,retribution,65,37,28
Wannabis,twisting-nether,1507,paladin,retribution,35,18,17
Истенен,blackscar,1507,paladin,retribution,90,39,51
Notpitball,kazzak,1506,paladin,retribution,36,16,20
Paradoax,quelthalas,1505,paladin,retribution,30,16,14
Tazkaz,archimonde,1505,paladin,retribution,56,27,29
Термотравка,grom,1504,paladin,retribution,144,67,77
Борссалино,gordunni,1503,paladin,retribution,87,41,46
Séanors,archimonde,1502,paladin,retribution,22,17,5
Osïrïs,kazzak,1502,paladin,retribution,35,17,18
Elrandil,kazzak,1501,paladin,retribution,78,35,43
Wuzzle,azshara,1499,paladin,retribution,24,16,8
Nexzz,outland,1498,paladin,retribution,29,20,9
Jathx,silvermoon,1498,paladin,retribution,62,36,26
Ralphias,tarren-mill,1498,paladin,retribution,72,32,40
Rafflesia,sanguino,1498,paladin,retribution,47,16,31
Mattiesko,kazzak,1496,paladin,retribution,139,72,67
Колсет,soulflayer,1496,paladin,retribution,43,20,23
Варблэйз,gordunni,1495,paladin,retribution,30,16,14
Hornybìlly,stormscale,1494,paladin,retribution,42,16,26
Маркант,gordunni,1493,paladin,retribution,72,42,30
Тьёрн,gordunni,1493,paladin,retribution,48,26,22
Bubblebuttx,ghostlands,1493,paladin,retribution,42,22,20
Ben,ghostlands,1492,paladin,retribution,24,16,8
Mangz,ysondre,1492,paladin,retribution,24,16,8
Майлайт,gordunni,1491,paladin,retribution,70,40,30
Násty,twisting-nether,1491,paladin,retribution,137,68,69
Wyzpal,archimonde,1490,paladin,retribution,30,18,12
Selaphíel,kazzak,1489,paladin,retribution,138,72,66
Galevar,argent-dawn,1489,paladin,retribution,60,30,30
Pliscken,kazzak,1489,paladin,retribution,35,17,18
Sonarix,blackrock,1488,paladin,retribution,51,26,25
Lawlight,frostmane,1488,paladin,retribution,69,35,34
Bloodpaly,silvermoon,1488,paladin,retribution,48,20,28
Менетиил,galakrond,1488,paladin,retribution,52,17,35
Баблспула,soulflayer,1487,paladin,retribution,91,45,46
Adiútrix,silvermoon,1486,paladin,retribution,42,26,16
Хоулик,howling-fjord,1485,paladin,retribution,53,31,22
Whitebreeze,sanguino,1485,paladin,retribution,42,24,18
Humphry,vashj,1485,paladin,retribution,42,21,21
Сангвиний,howling-fjord,1485,paladin,retribution,71,27,44
Baldivar,silvermoon,1484,paladin,retribution,66,38,28
Benno,dun-modr,1483,paladin,retribution,46,20,26
Catar,arathor,1482,paladin,retribution,157,87,70
Argonak,sanguino,1480,paladin,retribution,30,20,10
Ratklng,ravencrest,1480,paladin,retribution,30,19,11
Uxxer,sanguino,1479,paladin,retribution,41,23,18
Portgas,hyjal,1479,paladin,retribution,48,24,24
Романтик,deathweaver,1477,paladin,retribution,42,18,24
Briman,neptulon,1475,paladin,retribution,36,20,16
Blekadin,ragnaros,1475,paladin,retribution,44,22,22
Àræs,archimonde,1475,paladin,retribution,54,22,32
Шэйкер,blackscar,1475,paladin,retribution,47,17,30
Santaclaus,zuljin,1474,paladin,retribution,30,19,11
Boomboomciao,draenor,1473,paladin,retribution,30,21,9
Snibsxpala,silvermoon,1473,paladin,retribution,41,20,21
Aleixodolphi,argent-dawn,1472,paladin,retribution,104,43,61
Tóxicpaladín,kazzak,1471,paladin,retribution,85,39,46
Arfeniel,stormscale,1470,paladin,retribution,66,27,39
Craaw,archimonde,1468,paladin,retribution,71,28,43
Sieghard,aegwynn,1467,paladin,retribution,108,53,55
Ромерл,gordunni,1467,paladin,retribution,36,16,20
Вэис,borean-tundra,1465,paladin,retribution,35,18,17
Gazïel,kaelthas,1464,paladin,retribution,60,32,28
Хамили,gordunni,1464,paladin,retribution,42,18,24
Deloréane,archimonde,1463,paladin,retribution,39,17,22
Gymly,kazzak,1462,paladin,retribution,156,87,69
Chíllpills,silvermoon,1462,paladin,retribution,48,20,28
Sickbolt,eredar,1461,paladin,retribution,84,47,37
Malemanlad,silvermoon,1460,paladin,retribution,132,67,65
Teryanna,ragnaros,1460,paladin,retribution,74,29,45
Tuppo,argent-dawn,1459,paladin,retribution,79,35,44
Válé,silvermoon,1459,paladin,retribution,86,38,48
Zanreti,outland,1458,paladin,retribution,110,57,53
Ysell,sargeras,1458,paladin,retribution,38,18,20
Xyzl,argent-dawn,1457,paladin,retribution,54,30,24
Grobididi,malygos,1457,paladin,retribution,54,28,26
Jaro,alleria,1457,paladin,retribution,33,16,17
Кветирон,soulflayer,1457,paladin,retribution,96,45,51
Paellysuir,blackmoore,1457,paladin,retribution,90,41,49
Hydrath,ysondre,1457,paladin,retribution,48,21,27
Ветрум,gordunni,1456,paladin,retribution,36,18,18
Moodý,ragnaros,1455,paladin,retribution,88,43,45
Elinmogz,kazzak,1454,paladin,retribution,26,16,10
Серёжблондин,gordunni,1454,paladin,retribution,42,23,19
Синфуледи,gordunni,1454,paladin,retribution,48,17,31
Kawabanga,the-maelstrom,1452,paladin,retribution,34,18,16
Лусейд,howling-fjord,1451,paladin,retribution,35,24,11
Тюрр,lich-king,1450,paladin,retribution,49,23,26
Uraraka,burning-blade,1449,paladin,retribution,30,22,8
Wadey,tarren-mill,1449,paladin,retribution,54,25,29
Oldsqlmofu,blackrock,1448,paladin,retribution,36,17,19
Apokalipsnik,drakthul,1448,paladin,retribution,36,16,20
Lukeus,the-maelstrom,1447,paladin,retribution,66,37,29
Teìltaus,eredar,1446,paladin,retribution,60,28,32
Leeroyjinks,twisting-nether,1445,paladin,retribution,30,18,12
Finñ,sylvanas,1445,paladin,retribution,59,29,30
Doomgape,alakir,1445,paladin,retribution,54,19,35
Gashqx,hyjal,1443,paladin,retribution,39,26,13
Valarians,nemesis,1443,paladin,retribution,30,16,14
Nothonnest,archimonde,1440,paladin,retribution,34,23,11
Io,frostwolf,1440,paladin,retribution,143,63,80
Меварх,howling-fjord,1439,paladin,retribution,30,15,15
Nlyrld,magtheridon,1438,paladin,retribution,24,15,9
Hogan,blackmoore,1438,paladin,retribution,36,20,16
Dinønuggets,ravencrest,1438,paladin,retribution,30,15,15
Youmistpew,antonidas,1438,paladin,retribution,36,15,21
Holyhi,silvermoon,1437,paladin,retribution,47,25,22
Exceed,blackmoore,1436,paladin,retribution,30,15,15
Arrious,frostmane,1436,paladin,retribution,35,17,18
Jac,nemesis,1436,paladin,retribution,86,40,46
Холишокович,deathweaver,1436,paladin,retribution,36,16,20
Rullatorsvèn,stormscale,1436,paladin,retribution,36,15,21
Alvagur,zirkel-des-cenarius,1435,paladin,retribution,40,23,17
Shröömïë,silvermoon,1435,paladin,retribution,134,66,68
Sletlana,burning-blade,1434,paladin,retribution,24,15,9
Крода,deepholm,1434,paladin,retribution,36,18,18
Mimsy,dalaran,1434,paladin,retribution,59,27,32
Lipsvirgin,kazzak,1433,paladin,retribution,30,15,15
Lightstrike,stormrage,1432,paladin,retribution,30,17,13
Syracx,blackhand,1432,paladin,retribution,47,22,25
Merkury,sanguino,1432,paladin,retribution,36,15,21
Alithyra,earthen-ring,1431,paladin,retribution,85,42,43
Saedrick,nemesis,1431,paladin,retribution,36,15,21
Duckiboy,ragnaros,1430,paladin,retribution,90,52,38
Argentø,ravencrest,1430,paladin,retribution,95,46,49
Mazekiel,archimonde,1429,paladin,retribution,30,16,14
Evililz,kazzak,1429,paladin,retribution,55,27,28
Сазар,gordunni,1426,paladin,retribution,51,21,30
Ðivine,stormscale,1424,paladin,retribution,48,26,22
Rhyvar,outland,1424,paladin,retribution,30,15,15
Росиель,soulflayer,1424,paladin,retribution,50,22,28
Джагадаптер,gordunni,1422,paladin,retribution,47,28,19
Auryel,nemesis,1422,paladin,retribution,38,18,20
Nillenkäse,antonidas,1421,paladin,retribution,24,15,9
Flaweldin,ravencrest,1420,paladin,retribution,18,15,3
Seductîve,kazzak,1419,paladin,retribution,48,28,20
Olivaresx,ravencrest,1418,paladin,retribution,54,19,35
Ayàhuazka,ysondre,1417,paladin,retribution,54,23,31
Diamir,rajaxx,1417,paladin,retribution,51,20,31
Fryl,quelthalas,1416,paladin,retribution,66,37,29
Offa,draenor,1416,paladin,retribution,48,23,25
Братстепина,gordunni,1415,paladin,retribution,36,15,21
Dvouklik,burning-blade,1413,paladin,retribution,41,24,17
Аниф,ashenvale,1413,paladin,retribution,36,15,21
Imoss,hyjal,1412,paladin,retribution,24,19,5
Kaizêr,silvermoon,1409,paladin,retribution,85,44,41
Йзериль,howling-fjord,1408,paladin,retribution,18,15,3
Bajheeroth,kazzak,1408,paladin,retribution,24,15,9
Holyblast,shattered-hand,1407,paladin,retribution,30,23,7
Блейзерфайт,eversong,1407,paladin,retribution,36,17,19
Taiiki,archimonde,1406,paladin,retribution,66,39,27
Maltazar,arygos,1404,paladin,retribution,24,15,9
Hagën,minahonda,1404,paladin,retribution,47,26,21
Ashent,stormscale,1404,paladin,retribution,76,38,38
Shtaladin,sylvanas,1404,paladin,retribution,95,43,52
Crazzylight,kazzak,1403,paladin,retribution,74,35,39
Avalindro,wrathbringer,1403,paladin,retribution,36,15,21
Vaako,blackrock,1402,paladin,retribution,24,15,9
Loscar,silvermoon,1402,paladin,retribution,30,15,15
Swan,chogall,1402,paladin,retribution,48,23,25
Ahnaa,argent-dawn,1401,paladin,retribution,75,40,35
Zélix,bronzebeard,1401,paladin,retribution,36,18,18
Albz,laughing-skull,1401,paladin,retribution,30,15,15
Veckra,kazzak,1401,paladin,retribution,36,17,19
Logikoma,tarren-mill,1400,paladin,retribution,24,15,9
Joniopala,stormreaver,1399,paladin,retribution,35,15,20
Ekzykes,ravencrest,1397,paladin,retribution,24,15,9
Thazyru,frostmane,1395,paladin,retribution,24,16,8
Teho,dragonblight,1395,paladin,retribution,97,51,46
Jimrogier,argent-dawn,1395,paladin,retribution,36,15,21
Trisunonvaki,khazgoroth,1394,paladin,retribution,95,49,46
Хиккудоджер,eversong,1393,paladin,retribution,89,49,40
Dantrag,eredar,1391,paladin,retribution,42,15,27
Jackub,draenor,1390,paladin,retribution,44,24,20
Айэмбомб,howling-fjord,1390,paladin,retribution,30,15,15
Aisnil,twilights-hammer,1390,paladin,retribution,83,41,42
Windsor,argent-dawn,1389,paladin,retribution,66,31,35
Wisupl,silvermoon,1387,paladin,retribution,42,29,13
Shrøømz,antonidas,1386,paladin,retribution,48,25,23
Zandorath,argent-dawn,1386,paladin,retribution,54,24,30
Iagö,argent-dawn,1386,paladin,retribution,35,15,20
Nînaninja,silvermoon,1385,paladin,retribution,30,15,15
Rudî,sanguino,1384,paladin,retribution,34,25,9
Unkillablee,stormscale,1384,paladin,retribution,64,34,30
Ljumá,kazzak,1384,paladin,retribution,69,31,38
Izolated,aegwynn,1383,paladin,retribution,60,24,36
Aumium,sunstrider,1380,paladin,retribution,72,29,43
Террорх,blackscar,1380,paladin,retribution,48,18,30
Zebramann,silvermoon,1379,paladin,retribution,57,31,26
Vlodthar,uldum,1378,paladin,retribution,24,15,9
Perrinaybull,magtheridon,1378,paladin,retribution,44,18,26
Lééroÿ,sylvanas,1377,paladin,retribution,54,25,29
Tríbunus,blackmoore,1376,paladin,retribution,31,17,14
Gavril,bloodfeather,1376,paladin,retribution,36,18,18
Frutte,malganis,1375,paladin,retribution,24,15,9
Walladin,stormscale,1375,paladin,retribution,87,42,45
Morniarn,argent-dawn,1374,paladin,retribution,54,29,25
Zehnya,grim-batol,1373,paladin,retribution,64,33,31
Forneus,nemesis,1372,paladin,retribution,76,43,33
Джибути,soulflayer,1372,paladin,retribution,89,41,48
Telredor,rexxar,1372,paladin,retribution,42,15,27
Forja,silvermoon,1370,paladin,retribution,27,15,12
Hazorarh,argent-dawn,1370,paladin,retribution,31,17,14
Hella,dunemaul,1368,paladin,retribution,47,26,21
Goldhand,vashj,1368,paladin,retribution,66,31,35
Uwelist,arathor,1368,paladin,retribution,67,31,36
Aeyalana,ragnaros,1367,paladin,retribution,35,17,18
Svetijuju,kazzak,1367,paladin,retribution,60,29,31
Vendikor,nemesis,1367,paladin,retribution,132,56,76
Raweo,kilrogg,1366,paladin,retribution,72,47,25
Белкоксю,booty-bay,1366,paladin,retribution,60,27,33
Nfxx,argent-dawn,1365,paladin,retribution,24,15,9
Rodakinos,outland,1365,paladin,retribution,52,30,22
Günselsen,antonidas,1364,paladin,retribution,168,84,84
Holÿbeard,ravencrest,1362,paladin,retribution,30,18,12
Ямыч,ashenvale,1362,paladin,retribution,34,17,17
Xavios,eredar,1362,paladin,retribution,36,16,20
Флаила,ashenvale,1361,paladin,retribution,54,33,21
Vorsip,tarren-mill,1360,paladin,retribution,42,19,23
Эзарх,gordunni,1359,paladin,retribution,58,29,29
Horgar,nagrand,1359,paladin,retribution,82,40,42
Riskha,archimonde,1358,paladin,retribution,21,15,6
Radamanthes,ysondre,1358,paladin,retribution,55,27,28
Тромбб,soulflayer,1358,paladin,retribution,36,15,21
Denlow,silvermoon,1357,paladin,retribution,66,32,34
Гучив,howling-fjord,1354,paladin,retribution,48,27,21
Apolomaeuz,blackhand,1354,paladin,retribution,36,20,16
Retgaffeooku,conseil-des-ombres,1353,paladin,retribution,36,19,17
Aasimar,twilights-hammer,1353,paladin,retribution,140,72,68
Curtwizz,silvermoon,1353,paladin,retribution,39,19,20
Рэгнволд,deathguard,1352,paladin,retribution,52,25,27
Iamnami,earthen-ring,1351,paladin,retribution,58,23,35
Илюшагодх,gordunni,1349,paladin,retribution,48,26,22
Boabux,draenor,1349,paladin,retribution,80,40,40
Koami,blackmoore,1348,paladin,retribution,30,15,15
Købìtø,archimonde,1348,paladin,retribution,42,20,22
Nomurabeta,naxxramas,1348,paladin,retribution,38,17,21
Милостьрока,gordunni,1347,paladin,retribution,30,15,15
Stelanâal,archimonde,1346,paladin,retribution,68,33,35
Боевикс,ashenvale,1343,paladin,retribution,24,15,9
Inkzen,silvermoon,1343,paladin,retribution,24,14,10
Qpala,quelthalas,1343,paladin,retribution,24,14,10
Mashijudge,blackhand,1343,paladin,retribution,54,28,26
Rulîx,blackmoore,1343,paladin,retribution,51,16,35
Тайронх,soulflayer,1341,paladin,retribution,30,14,16
Chocbear,tarren-mill,1341,paladin,retribution,30,14,16
Yunax,silvermoon,1340,paladin,retribution,24,17,7
Zeyz,defias-brotherhood,1340,paladin,retribution,42,21,21
Wingsuit,eredar,1339,paladin,retribution,32,14,18
Витурус,howling-fjord,1339,paladin,retribution,42,14,28
Гуэргос,gordunni,1338,paladin,retribution,30,14,16
Umîrînbrah,twisting-nether,1337,paladin,retribution,22,15,7
Mustach,aggra-português,1337,paladin,retribution,41,20,21
Razrpal,tarren-mill,1337,paladin,retribution,30,14,16
Stavrosy,outland,1337,paladin,retribution,36,14,22
Торсгад,gordunni,1336,paladin,retribution,24,14,10
Proletardk,draenor,1336,paladin,retribution,102,51,51
Shakkur,varimathras,1335,paladin,retribution,24,14,10
Blakethorn,silvermoon,1335,paladin,retribution,30,14,16
Мэибибэиби,howling-fjord,1335,paladin,retribution,36,14,22
Apolytos,laughing-skull,1335,paladin,retribution,36,14,22
Zipoohun,arathor,1334,paladin,retribution,97,52,45
Синдикатх,soulflayer,1334,paladin,retribution,83,44,39
Gigajudge,ravencrest,1333,paladin,retribution,24,14,10
Хилерскийхил,soulflayer,1332,paladin,retribution,32,14,18
Ibuc,blackrock,1331,paladin,retribution,24,14,10
Thàø,chants-éternels,1331,paladin,retribution,30,14,16
Baxxster,blackhand,1331,paladin,retribution,36,14,22
Guskey,draenor,1330,paladin,retribution,30,14,16
Рашенс,gordunni,1329,paladin,retribution,42,18,24
Unohana,shattered-halls,1329,paladin,retribution,100,40,60
Lycasia,hyjal,1329,paladin,retribution,36,14,22
Ædrenn,archimonde,1329,paladin,retribution,42,14,28
Primle,thrall,1328,paladin,retribution,60,32,28
Brölin,sanguino,1326,paladin,retribution,36,16,20
Âlßêdø,silvermoon,1325,paladin,retribution,60,30,30
Doubtfire,tarren-mill,1325,paladin,retribution,30,14,16
Кливерти,gordunni,1325,paladin,retribution,36,14,22
Хеллкик,howling-fjord,1325,paladin,retribution,37,14,23
Enriel,temple-noir,1324,paladin,retribution,30,16,14
Yaoiri,argent-dawn,1323,paladin,retribution,23,15,8
Sødaz,hyjal,1322,paladin,retribution,47,21,26
Hydarr,twisting-nether,1320,paladin,retribution,50,27,23
Vvaarok,blackmoore,1320,paladin,retribution,71,30,41
Rothmans,aggra-português,1319,paladin,retribution,36,20,16
Klittsurf,bloodhoof,1317,paladin,retribution,60,36,24
Sebatrøz,ravencrest,1315,paladin,retribution,24,14,10
Legendaryxw,drakthul,1315,paladin,retribution,30,14,16
Sparrda,dun-modr,1314,paladin,retribution,48,24,24
Синерина,blackscar,1314,paladin,retribution,47,20,27
Balthassar,kirin-tor,1314,paladin,retribution,42,17,25
Foxare,burning-legion,1312,paladin,retribution,53,29,24
Пепсекольный,soulflayer,1312,paladin,retribution,48,25,23
Viiri,burning-legion,1311,paladin,retribution,71,40,31
Малоко,thermaplugg,1311,paladin,retribution,30,14,16
Мизиола,galakrond,1310,paladin,retribution,60,30,30
Mendril,malorne,1309,paladin,retribution,36,23,13
Артреал,blackscar,1309,paladin,retribution,66,36,30
Nardindindou,ysondre,1309,paladin,retribution,158,80,78
Melior,skullcrusher,1309,paladin,retribution,34,16,18
Gonhilda,kazzak,1303,paladin,retribution,42,23,19
Беймикс,gordunni,1303,paladin,retribution,72,36,36
Fumaça,dun-modr,1301,paladin,retribution,49,28,21
Aegend,antonidas,1301,paladin,retribution,163,77,86
Booyaahh,ravencrest,1301,paladin,retribution,36,17,19
Диваин,gordunni,1300,paladin,retribution,36,17,19
Fredas,hyjal,1299,paladin,retribution,54,26,28
Darhuun,antonidas,1299,paladin,retribution,99,47,52
Jackypala,ravencrest,1297,paladin,retribution,36,19,17
Iljanaqt,blackrock,1297,paladin,retribution,34,15,19
Barakisback,silvermoon,1296,paladin,retribution,30,17,13
Elení,thrall,1296,paladin,retribution,37,15,22
Ретриванлав,gordunni,1296,paladin,retribution,72,24,48
Jagen,tyrande,1295,paladin,retribution,57,28,29
Ëlësilf,sanguino,1293,paladin,retribution,30,15,15
Erin,wildhammer,1293,paladin,retribution,45,22,23
Варасса,grom,1293,paladin,retribution,30,14,16
Orseis,anubarak,1291,paladin,retribution,29,15,14
Mantinel,hellfire,1290,paladin,retribution,32,20,12
Sagittaxx,kazzak,1290,paladin,retribution,44,21,23
Ocgynle,alonsus,1286,paladin,retribution,57,36,21
Epoke,archimonde,1285,paladin,retribution,36,21,15
Nazdarvole,drakthul,1284,paladin,retribution,42,23,19
Angrykorean,blackmoore,1284,paladin,retribution,59,28,31
Holylimx,draenor,1283,paladin,retribution,114,56,58
Корсаро,deepholm,1282,paladin,retribution,47,18,29
Dieversity,stormscale,1280,paladin,retribution,41,16,25
Aikm,tarren-mill,1277,paladin,retribution,62,30,32
Jâybee,ravencrest,1277,paladin,retribution,30,14,16
Imaturtle,darksorrow,1273,paladin,retribution,42,15,27
Iklohz,sanguino,1272,paladin,retribution,42,21,21
Æthëlflæd,ravencrest,1271,paladin,retribution,39,24,15
Lightmonger,drakthul,1271,paladin,retribution,30,17,13
Hammexõr,sylvanas,1271,paladin,retribution,87,39,48
Cästiël,arathor,1269,paladin,retribution,41,21,20
Asorte,chants-éternels,1269,paladin,retribution,60,23,37
Yrgin,ravencrest,1268,paladin,retribution,96,48,48
Эльбабло,lich-king,1268,paladin,retribution,45,21,24
Перизкопец,gordunni,1267,paladin,retribution,30,16,14
Auditõr,argent-dawn,1267,paladin,retribution,85,32,53
Ventsi,kazzak,1266,paladin,retribution,90,47,43
Самерваль,borean-tundra,1265,paladin,retribution,64,37,27
Kreyvin,argent-dawn,1265,paladin,retribution,71,29,42
Хен,blackscar,1264,paladin,retribution,44,22,22
Draìgo,nemesis,1262,paladin,retribution,23,14,9
Светонносец,gordunni,1262,paladin,retribution,42,14,28
Owiganowi,ulduar,1260,paladin,retribution,30,19,11
Sumecbtw,aegwynn,1260,paladin,retribution,37,14,23
Teogrim,blackmoore,1259,paladin,retribution,54,32,22
Hemdâl,kirin-tor,1259,paladin,retribution,60,31,29
Icearth,pozzo-delleternità,1259,paladin,retribution,114,53,61
Émøùki,dalaran,1258,paladin,retribution,41,19,22
Edyk,silvermoon,1257,paladin,retribution,71,41,30
Mataleo,archimonde,1256,paladin,retribution,54,33,21
Миоцуки,gordunni,1254,paladin,retribution,82,37,45
Faithsmemory,silvermoon,1254,paladin,retribution,74,31,43
Джекадамс,gordunni,1254,paladin,retribution,171,63,108
Nevermoore,doomhammer,1253,paladin,retribution,36,16,20
Tønyx,les-clairvoyants,1253,paladin,retribution,32,14,18
Хоулишит,blackscar,1251,paladin,retribution,24,16,8
Hollylady,outland,1251,paladin,retribution,30,19,11
Snottybrat,draenor,1249,paladin,retribution,86,45,41
Mainôs,ravencrest,1248,paladin,retribution,24,13,11
Lübu,archimonde,1248,paladin,retribution,30,13,17
Retdream,nemesis,1247,paladin,retribution,18,13,5
Zóran,kazzak,1247,paladin,retribution,24,13,11
Ërzã,outland,1247,paladin,retribution,30,13,17
Тардариус,gordunni,1247,paladin,retribution,30,13,17
Hislifelmao,kazzak,1247,paladin,retribution,30,13,17
Paladiodinos,hyjal,1247,paladin,retribution,42,16,26
Блэкхарм,gordunni,1247,paladin,retribution,36,13,23
Retforlife,sylvanas,1246,paladin,retribution,24,13,11
Bonzai,blackrock,1246,paladin,retribution,54,24,30
Gromzed,ravencrest,1245,paladin,retribution,30,13,17
Hito,sylvanas,1245,paladin,retribution,30,13,17
Ассайоу,soulflayer,1245,paladin,retribution,42,13,29
Hülä,antonidas,1244,paladin,retribution,24,13,11
Bezúziusz,ragnaros,1244,paladin,retribution,36,16,20
Sukinsin,aegwynn,1244,paladin,retribution,30,13,17
Marthawise,eredar,1244,paladin,retribution,30,13,17
Proxidus,blackmoore,1244,paladin,retribution,41,16,25
Zeroeffect,blackhand,1243,paladin,retribution,24,13,11
Tîrana,ysondre,1243,paladin,retribution,30,13,17
Goofymits,twisting-nether,1242,paladin,retribution,30,13,17
Endar,drakthul,1242,paladin,retribution,36,14,22
Juliea,aegwynn,1242,paladin,retribution,54,20,34
Arkura,nozdormu,1241,paladin,retribution,24,14,10
Joelosteen,neptulon,1241,paladin,retribution,54,29,25
Ilikejudge,blackmoore,1241,paladin,retribution,42,13,29
Raerion,ragnaros,1240,paladin,retribution,30,21,9
Mma,sylvanas,1240,paladin,retribution,48,24,24
Ïnata,khaz-modan,1240,paladin,retribution,36,15,21
Jdizzy,tarren-mill,1239,paladin,retribution,24,13,11
Clamjam,sylvanas,1239,paladin,retribution,36,13,23
Geilershrimp,blackrock,1239,paladin,retribution,42,13,29
Nowitzki,sanguino,1238,paladin,retribution,18,13,5
Молотоборец,gordunni,1238,paladin,retribution,68,36,32
Truezero,draenor,1237,paladin,retribution,36,18,18
Cianna,shattered-hand,1237,paladin,retribution,40,13,27
Æe,blackmoore,1236,paladin,retribution,37,22,15
Teliriyon,blackrock,1236,paladin,retribution,32,14,18
Lewp,tarren-mill,1234,paladin,retribution,18,13,5
Troublebuble,silvermoon,1234,paladin,retribution,24,13,11
Anatorka,drakthul,1234,paladin,retribution,78,39,39
Akelad,arathor,1234,paladin,retribution,48,13,35
Aurroraa,doomhammer,1233,paladin,retribution,27,14,13
Valpen,veknilash,1233,paladin,retribution,30,15,15
Annyaiva,outland,1233,paladin,retribution,36,13,23
Lamohru,argent-dawn,1233,paladin,retribution,36,13,23
Nessùm,hyjal,1232,paladin,retribution,60,22,38
Цвандр,gordunni,1231,paladin,retribution,64,30,34
Bornir,khaz-modan,1230,paladin,retribution,59,27,32
Wumbo,sinstralis,1229,paladin,retribution,36,19,17
Flawx,blackmoore,1228,paladin,retribution,24,13,11
Наваляка,deathguard,1228,paladin,retribution,24,13,11
Zâre,sanguino,1228,paladin,retribution,58,27,31
Painshield,outland,1228,paladin,retribution,41,13,28
Walorez,ragnaros,1227,paladin,retribution,23,13,10
Tillak,draenor,1227,paladin,retribution,24,13,11
Llya,blackrock,1227,paladin,retribution,26,14,12
Вандиир,soulflayer,1226,paladin,retribution,24,13,11
Atomicbubble,balnazzar,1225,paladin,retribution,54,26,28
Pytha,nozdormu,1224,paladin,retribution,79,43,36
Nollieflip,tarren-mill,1224,paladin,retribution,30,15,15
Bootybanger,thrall,1223,paladin,retribution,24,13,11
Масачусетсс,gordunni,1223,paladin,retribution,33,17,16
Patsani,twilights-hammer,1222,paladin,retribution,54,31,23
Velkar,frostmane,1221,paladin,retribution,50,26,24
Swagged,kazzak,1220,paladin,retribution,46,21,25
Юлец,galakrond,1220,paladin,retribution,30,13,17
Lagaminë,dalaran,1219,paladin,retribution,111,53,58
Dinøx,archimonde,1219,paladin,retribution,126,60,66
Freyjä,turalyon,1218,paladin,retribution,96,44,52
Lumino,twilights-hammer,1218,paladin,retribution,35,16,19
Ragnarük,khaz-modan,1217,paladin,retribution,42,20,22
Beastyblodne,sylvanas,1215,paladin,retribution,30,17,13
Helmed,tarren-mill,1215,paladin,retribution,57,31,26
Leyawin,sanguino,1215,paladin,retribution,36,18,18
Shorella,malganis,1214,paladin,retribution,30,17,13
Rilledread,stormscale,1214,paladin,retribution,114,57,57
Jynxedxoxo,blackrock,1214,paladin,retribution,36,16,20
Ункаль,ashenvale,1213,paladin,retribution,114,54,60
Hornox,ragnaros,1213,paladin,retribution,48,22,26
Takaret,hyjal,1213,paladin,retribution,85,38,47
Messîah,outland,1210,paladin,retribution,86,49,37
Keith,dragonmaw,1210,paladin,retribution,30,14,16
Альфазеро,howling-fjord,1208,paladin,retribution,28,13,15
Kýrp,stormreaver,1207,paladin,retribution,43,16,27
Makiwara,emeriss,1206,paladin,retribution,49,26,23
Светлыйкит,blackscar,1204,paladin,retribution,48,25,23
Лютыйчпок,fordragon,1200,paladin,retribution,76,34,42
Блэквилл,howling-fjord,1200,paladin,retribution,72,30,42
Лейфи,howling-fjord,1199,paladin,retribution,36,15,21
Lightppl,outland,1198,paladin,retribution,48,23,25
Палочка,howling-fjord,1198,paladin,retribution,60,26,34
Andocay,das-syndikat,1197,paladin,retribution,42,14,28
Seigi,tarren-mill,1195,paladin,retribution,30,15,15
Dragonous,darkmoon-faire,1195,paladin,retribution,96,40,56
Beyma,twisting-nether,1193,paladin,retribution,23,13,10
Whiffy,silvermoon,1193,paladin,retribution,36,13,23
Hïto,dun-modr,1189,paladin,retribution,24,14,10
Shuler,silvermoon,1189,paladin,retribution,46,26,20
Carpetcummer,ravencrest,1189,paladin,retribution,30,13,17
Syng,garona,1186,paladin,retribution,36,14,22
Mughena,kazzak,1185,paladin,retribution,30,13,17
Raê,hyjal,1185,paladin,retribution,54,20,34
Perfectum,burning-legion,1182,paladin,retribution,28,13,15
Steakenstein,nathrezim,1181,paladin,retribution,30,14,16
Irinor,rashgarroth,1181,paladin,retribution,30,14,16
Memororo,stormscale,1181,paladin,retribution,32,13,19
Cigyal,hyjal,1178,paladin,retribution,42,23,19
Mystíque,die-todeskrallen,1177,paladin,retribution,48,27,21
Ylvannka,blackmoore,1177,paladin,retribution,48,23,25
Angelcore,tarren-mill,1177,paladin,retribution,96,44,52
Palitard,turalyon,1176,paladin,retribution,48,27,21
Pitusá,dun-modr,1176,paladin,retribution,48,16,32
Summuno,eredar,1174,paladin,retribution,54,18,36
Hypothalamus,silvermoon,1173,paladin,retribution,30,14,16
Rileys,turalyon,1173,paladin,retribution,54,25,29
Тэмплари,galakrond,1168,paladin,retribution,51,21,30
Allenn,tarren-mill,1166,paladin,retribution,23,13,10
Khrotos,draenor,1166,paladin,retribution,66,30,36
Zemoss,kazzak,1164,paladin,retribution,24,14,10
Пропала,greymane,1161,paladin,retribution,60,28,32
Holybubo,tarren-mill,1160,paladin,retribution,66,34,32
Judgement,quelthalas,1158,paladin,retribution,30,20,10
Obé,argent-dawn,1158,paladin,retribution,124,67,57
Vrgingamer,kazzak,1158,paladin,retribution,48,16,32
Pery,malganis,1157,paladin,retribution,48,28,20
Stepamusicz,stormreaver,1154,paladin,retribution,30,15,15
Conserva,jaedenar,1153,paladin,retribution,40,22,18
Yanisx,burning-legion,1153,paladin,retribution,28,14,14
Ixøne,kazzak,1152,paladin,retribution,18,12,6
Clessington,die-aldor,1152,paladin,retribution,18,12,6
Harlequina,argent-dawn,1151,paladin,retribution,18,12,6
Vorthir,khaz-modan,1151,paladin,retribution,32,16,16
Реальныйпал,gordunni,1151,paladin,retribution,24,12,12
Ттиаматт,howling-fjord,1151,paladin,retribution,24,12,12
Dízeltekurva,ragnaros,1151,paladin,retribution,24,12,12
Ezetrol,xavius,1151,paladin,retribution,24,12,12
Строу,blackscar,1150,paladin,retribution,18,12,6
Heallgodxx,ragnaros,1150,paladin,retribution,18,12,6
Антисеептик,gordunni,1150,paladin,retribution,42,21,21
Hirako,nemesis,1150,paladin,retribution,24,12,12
Ruotollo,ravencrest,1150,paladin,retribution,24,12,12
Monkeylight,ambossar,1150,paladin,retribution,37,15,22
Knusern,dunemaul,1150,paladin,retribution,30,12,18
Jannene,draenor,1150,paladin,retribution,30,12,18
Bätïk,blackmoore,1150,paladin,retribution,30,12,18
Menephannt,outland,1150,paladin,retribution,33,13,20
Dominikcro,sylvanas,1149,paladin,retribution,24,12,12
Djandja,blackrock,1149,paladin,retribution,24,12,12
Strykar,aggra-português,1149,paladin,retribution,24,12,12
Badbuññy,sylvanas,1149,paladin,retribution,36,12,24
Júdger,twisting-nether,1148,paladin,retribution,18,12,6
Keft,twisting-nether,1148,paladin,retribution,24,12,12
Búbbles,nerathor,1147,paladin,retribution,18,12,6
Unzufrieden,silvermoon,1147,paladin,retribution,24,12,12
Varunyyo,blackrock,1147,paladin,retribution,30,12,18
Supergallows,shattered-hand,1147,paladin,retribution,30,12,18
Aylion,blackrock,1146,paladin,retribution,18,12,6
Algoric,suramar,1146,paladin,retribution,24,12,12
Хельдотер,howling-fjord,1146,paladin,retribution,25,12,13
Kreselia,ravencrest,1146,paladin,retribution,30,12,18
Retenki,silvermoon,1146,paladin,retribution,30,12,18
Иродиада,gordunni,1146,paladin,retribution,30,12,18
Azhrei,archimonde,1145,paladin,retribution,30,12,18
Palyx,cthun,1144,paladin,retribution,18,12,6
Trefino,blackrock,1144,paladin,retribution,18,12,6
Kollak,dun-modr,1144,paladin,retribution,42,18,24
Цитрон,blackscar,1143,paladin,retribution,18,12,6
Rînedaman,ysondre,1143,paladin,retribution,24,12,12
Асшура,howling-fjord,1143,paladin,retribution,24,12,12
Bigdamjudge,argent-dawn,1142,paladin,retribution,18,12,6
Rayshield,tarren-mill,1142,paladin,retribution,47,23,24
Raerk,dalaran,1142,paladin,retribution,43,21,22
Bärghest,sanguino,1141,paladin,retribution,30,16,14
Eywinn,silvermoon,1141,paladin,retribution,30,12,18
Pállis,ravencrest,1139,paladin,retribution,18,12,6
Dijkie,boulderfist,1139,paladin,retribution,30,12,18
Càrláßrùní,hyjal,1138,paladin,retribution,18,12,6
Exiztant,ravencrest,1138,paladin,retribution,36,19,17
Platanid,doomhammer,1137,paladin,retribution,46,25,21
Thorold,earthen-ring,1136,paladin,retribution,52,28,24
Гарраж,howling-fjord,1134,paladin,retribution,24,12,12
Хампал,howling-fjord,1134,paladin,retribution,29,12,17
Krïstâlùlz,archimonde,1132,paladin,retribution,58,30,28
Kirkmeister,terokkar,1131,paladin,retribution,29,14,15
Questos,burning-legion,1130,paladin,retribution,45,25,20
Aisolôn,thrall,1130,paladin,retribution,24,12,12
Nelasson,eredar,1126,paladin,retribution,26,13,13
Vaníos,nazjatar,1126,paladin,retribution,24,12,12
Deathzinger,aszune,1126,paladin,retribution,24,12,12
Buckfizz,ysondre,1121,paladin,retribution,24,16,8
Mosih,bloodfeather,1121,paladin,retribution,50,29,21
Bulle,the-venture-co,1121,paladin,retribution,24,12,12
Burstyléz,silvermoon,1121,paladin,retribution,24,12,12
Sylazz,blackrock,1121,paladin,retribution,115,53,62
Veshnu,blackrock,1119,paladin,retribution,38,15,23
Dafe,zuluhed,1113,paladin,retribution,50,21,29
Troj,ahnqiraj,1112,paladin,retribution,30,14,16
Ghostfacê,khaz-modan,1105,paladin,retribution,36,17,19
Shädyss,hyjal,1105,paladin,retribution,76,34,42
Raptasenda,archimonde,1104,paladin,retribution,56,23,33
Kuhfleisch,eredar,1104,paladin,retribution,30,12,18
Наолина,gordunni,1104,paladin,retribution,35,12,23
Palabido,nemesis,1102,paladin,retribution,119,49,70
Sunsaiy,doomhammer,1099,paladin,retribution,72,39,33
Baldarlyset,tarren-mill,1099,paladin,retribution,39,13,26
Kaljir,archimonde,1098,paladin,retribution,21,13,8
Yull,twisting-nether,1097,paladin,retribution,17,12,5
Zaatar,stormscale,1097,paladin,retribution,23,12,11
Îiî,archimonde,1097,paladin,retribution,33,13,20
Runkpaladin,kazzak,1096,paladin,retribution,60,32,28
Gnarlds,doomhammer,1094,paladin,retribution,42,24,18
Retrystyle,ragnaros,1093,paladin,retribution,53,24,29
Jebenatreba,sporeggar,1091,paladin,retribution,29,12,17
Твойвайб,gordunni,1090,paladin,retribution,27,13,14
Milojcica,kazzak,1087,paladin,retribution,17,12,5
Lavawraith,argent-dawn,1086,paladin,retribution,22,12,10
Opgezwolle,draenor,1085,paladin,retribution,56,35,21
Diøstemplar,dun-modr,1085,paladin,retribution,28,14,14
Azzael,thrall,1085,paladin,retribution,95,35,60
Valgar,ragnaros,1081,paladin,retribution,17,12,5
Sandorr,area-52,1079,paladin,retribution,30,17,13
Aerathil,nethersturm,1079,paladin,retribution,41,22,19
Böb,garona,1078,paladin,retribution,36,14,22
Goungokuhrbo,doomhammer,1077,paladin,retribution,40,24,16
Fleshoflight,arathor,1077,paladin,retribution,27,14,13
Trainingdumy,aszune,1076,paladin,retribution,24,12,12
Samail,malganis,1076,paladin,retribution,30,13,17
Мистерху,gordunni,1074,paladin,retribution,97,45,52
Starstríder,aszune,1073,paladin,retribution,24,12,12
Quoque,turalyon,1069,paladin,retribution,45,24,21
Блатш,greymane,1069,paladin,retribution,43,12,31
Durwin,mazrigos,1065,paladin,retribution,33,13,20
Wexo,frostwolf,1065,paladin,retribution,40,12,28
Dildotbagins,argent-dawn,1064,paladin,retribution,52,32,20
Lliissaa,kazzak,1059,paladin,retribution,54,31,23
Lytza,frostwolf,1059,paladin,retribution,30,15,15
Judgemented,turalyon,1059,paladin,retribution,30,12,18
Sheïkka,hyjal,1057,paladin,retribution,62,29,33
Papichuló,aegwynn,1056,paladin,retribution,18,11,7
Soossi,silvermoon,1056,paladin,retribution,18,11,7
Franzîskûs,blackmoore,1056,paladin,retribution,24,11,13
Pia,twisting-nether,1056,paladin,retribution,24,11,13
Сакон,borean-tundra,1056,paladin,retribution,24,11,13
Pog,azshara,1056,paladin,retribution,30,11,19
Nyxbane,kazzak,1056,paladin,retribution,30,11,19
Ilealstras,twisting-nether,1056,paladin,retribution,30,11,19
Socx,outland,1056,paladin,retribution,30,11,19
Mimð,kazzak,1055,paladin,retribution,18,11,7
Cursedd,sanguino,1055,paladin,retribution,18,11,7
Holydhanas,outland,1055,paladin,retribution,18,11,7
Erasdin,silvermoon,1055,paladin,retribution,18,11,7
Eléndrên,blackrock,1055,paladin,retribution,18,11,7
Талрэн,howling-fjord,1055,paladin,retribution,18,11,7
Terrozina,stormscale,1055,paladin,retribution,18,11,7
Stukker,silvermoon,1055,paladin,retribution,24,11,13
Kalimgor,theradras,1055,paladin,retribution,24,11,13
Roostersucka,stormreaver,1055,paladin,retribution,24,11,13
Vvsdiamonds,archimonde,1055,paladin,retribution,24,11,13
Relius,outland,1055,paladin,retribution,30,11,19
Almighty,ravencrest,1055,paladin,retribution,30,11,19
Bázer,antonidas,1055,paladin,retribution,30,11,19
Screâm,eredar,1055,paladin,retribution,36,11,25
Zialo,ravencrest,1055,paladin,retribution,36,11,25
Myridan,bloodhoof,1054,paladin,retribution,18,11,7
Sinthoràs,shattered-hand,1054,paladin,retribution,36,20,16
Blademàster,twisting-nether,1054,paladin,retribution,22,12,10
Palidos,blackrock,1054,paladin,retribution,24,11,13
Aguerx,alleria,1054,paladin,retribution,24,11,13
Jíyü,blackmoore,1054,paladin,retribution,24,11,13
Нормвал,gordunni,1054,paladin,retribution,24,11,13
Думклиф,gordunni,1054,paladin,retribution,30,11,19
Fleckige,nethersturm,1054,paladin,retribution,30,11,19
Phalex,outland,1054,paladin,retribution,30,11,19
Хилоретка,blackscar,1053,paladin,retribution,18,11,7
Ridethelight,nemesis,1053,paladin,retribution,21,12,9
Deceneü,kazzak,1053,paladin,retribution,24,11,13
Беспощадие,gordunni,1053,paladin,retribution,24,11,13
Mufuqa,ragnaros,1053,paladin,retribution,24,11,13
Tyristrum,kilrogg,1053,paladin,retribution,30,11,19
Chelan,thrall,1053,paladin,retribution,30,11,19
Bullstorm,burning-legion,1052,paladin,retribution,24,11,13
Alard,sanguino,1052,paladin,retribution,30,11,19
Imreallybadx,blackrock,1051,paladin,retribution,18,11,7
Llaynn,argent-dawn,1051,paladin,retribution,36,11,25
Notdeadfred,silvermoon,1050,paladin,retribution,18,11,7
Рипкарт,gordunni,1050,paladin,retribution,18,11,7
Hugins,chamber-of-aspects,1050,paladin,retribution,24,11,13
Plato,arthas,1049,paladin,retribution,30,16,14
Sangiorgio,nemesis,1049,paladin,retribution,24,11,13
Ironstealman,shattered-hand,1049,paladin,retribution,30,11,19
Valerner,argent-dawn,1048,paladin,retribution,18,11,7
Âchîle,garona,1048,paladin,retribution,55,31,24
Huhuu,outland,1048,paladin,retribution,24,11,13
Crazybones,marécage-de-zangar,1047,paladin,retribution,36,16,20
Romfis,arathor,1046,paladin,retribution,18,11,7
Spizz,dun-modr,1046,paladin,retribution,30,11,19
Krustenkaese,kelthuzad,1045,paladin,retribution,18,11,7
Palakag,blackhand,1045,paladin,retribution,42,12,30
Jooki,drakthul,1044,paladin,retribution,18,11,7
Kaelron,sanguino,1044,paladin,retribution,18,11,7
Traqnbilkarq,stormscale,1044,paladin,retribution,24,12,12
Grapaladin,sanguino,1044,paladin,retribution,24,11,13
Darnero,blackrock,1043,paladin,retribution,18,11,7
Петуретрик,gordunni,1042,paladin,retribution,30,11,19
Harycon,thrall,1041,paladin,retribution,30,11,19
Línke,sanguino,1040,paladin,retribution,25,12,13
Mattüsälëmm,sanguino,1038,paladin,retribution,19,13,6
Vâskt,dun-modr,1038,paladin,retribution,24,11,13
Killa,stormrage,1038,paladin,retribution,24,11,13
Мильфорд,eversong,1038,paladin,retribution,24,11,13
Sessian,bronze-dragonflight,1037,paladin,retribution,54,27,27
Kaedena,kaelthas,1035,paladin,retribution,18,11,7
Saró,ravencrest,1035,paladin,retribution,22,12,10
Лефша,soulflayer,1034,paladin,retribution,18,11,7
Nenenita,cthun,1034,paladin,retribution,61,29,32
Fëanôr,tarren-mill,1033,paladin,retribution,182,91,91
Фокспро,lich-king,1032,paladin,retribution,24,11,13
Gôdfâthér,kazzak,1031,paladin,retribution,23,11,12
Snaty,khaz-modan,1024,paladin,retribution,77,40,37
Арморих,gordunni,1024,paladin,retribution,22,11,11
Hateless,tarren-mill,1024,paladin,retribution,28,11,17
Zanathos,onyxia,1023,paladin,retribution,30,20,10
Kealen,nemesis,1020,paladin,retribution,66,25,41
Gerannan,kirin-tor,1018,paladin,retribution,30,14,16
Eleiktra,suramar,1018,paladin,retribution,30,11,19
Quasimotto,turalyon,1014,paladin,retribution,36,13,23
Paladie,dalaran,1013,paladin,retribution,141,72,69
Crynó,blackmoore,1010,paladin,retribution,30,13,17
Nomeel,twisting-nether,1009,paladin,retribution,115,60,55
Zarispal,tarren-mill,1007,paladin,retribution,21,12,9
Kipperb,kazzak,1007,paladin,retribution,23,11,12
Renaseh,twisting-nether,1007,paladin,retribution,23,11,12
Siuras,blackmoore,1006,paladin,retribution,17,11,6
Limitles,nemesis,1006,paladin,retribution,33,11,22
Ilovemylay,area-52,1004,paladin,retribution,21,11,10
Монбиин,soulflayer,1001,paladin,retribution,24,12,12
Нэксти,howling-fjord,1001,paladin,retribution,29,11,18
Rêmo,blackrock,999,paladin,retribution,18,11,7
Tomales,aggramar,998,paladin,retribution,36,18,18
Killtauren,kazzak,998,paladin,retribution,78,36,42
Эксвайп,howling-fjord,997,paladin,retribution,23,11,12
Bryllks,die-todeskrallen,996,paladin,retribution,42,25,17
Paillasson,nerzhul,994,paladin,retribution,34,16,18
Leilak,draenor,993,paladin,retribution,30,17,13
Crazypits,silvermoon,993,paladin,retribution,36,14,22
Malagat,die-todeskrallen,991,paladin,retribution,35,11,24
Vibeer,ravencrest,989,paladin,retribution,70,36,34
Zerohour,kilrogg,987,paladin,retribution,34,11,23
Kyrokonserve,blackmoore,983,paladin,retribution,24,12,12
Aégon,archimonde,983,paladin,retribution,48,18,30
Bomsamdi,draenor,977,paladin,retribution,47,17,30
Almohalhil,tarren-mill,972,paladin,retribution,24,13,11
Zoltes,twisting-nether,971,paladin,retribution,25,11,14
Адептустер,gordunni,966,paladin,retribution,26,11,15
Eltruite,archimonde,962,paladin,retribution,60,25,35
Vonryan,defias-brotherhood,961,paladin,retribution,36,12,24
Shatar,culte-de-la-rive-noire,960,paladin,retribution,12,10,2
Roklim,blackhand,960,paladin,retribution,18,10,8
Cheradin,ragnaros,960,paladin,retribution,18,10,8
Vhalkur,dun-modr,960,paladin,retribution,18,10,8
Dodgerwilly,outland,960,paladin,retribution,18,10,8
Blazerlolz,kazzak,960,paladin,retribution,18,10,8
Weekly,outland,960,paladin,retribution,18,10,8
Daveboss,dragonblight,960,paladin,retribution,24,10,14
Наспидах,grom,960,paladin,retribution,24,10,14
Sulask,argent-dawn,960,paladin,retribution,24,10,14
Rqd,blackrock,960,paladin,retribution,24,10,14
Dioxius,stormscale,960,paladin,retribution,24,10,14
Садистка,soulflayer,960,paladin,retribution,30,10,20
Oliverrar,blackrock,960,paladin,retribution,30,10,20
Neverknõw,draenor,959,paladin,retribution,12,10,2
Lonesoul,tarren-mill,959,paladin,retribution,18,10,8
Bunurata,silvermoon,959,paladin,retribution,18,10,8
Makakí,twisting-nether,959,paladin,retribution,18,10,8
Dìe,silvermoon,959,paladin,retribution,18,10,8
Gangb,ravencrest,959,paladin,retribution,18,10,8
Thaddios,burning-blade,959,paladin,retribution,24,10,14
Ustex,argent-dawn,959,paladin,retribution,24,10,14
Croptol,dun-modr,959,paladin,retribution,24,10,14
Plarbo,blackmoore,959,paladin,retribution,24,10,14
Shanice,twilights-hammer,959,paladin,retribution,24,10,14
Vanithar,thrall,959,paladin,retribution,24,10,14
Нижмубабл,soulflayer,959,paladin,retribution,27,11,16
Sharkayne,anubarak,959,paladin,retribution,30,10,20
Arcardi,dun-morogh,958,paladin,retribution,18,10,8
Valanysa,blackmoore,958,paladin,retribution,18,10,8
Béhèlit,sargeras,958,paladin,retribution,18,10,8
Леаркус,blackscar,958,paladin,retribution,24,10,14
Naexea,archimonde,958,paladin,retribution,30,10,20
Dimes,argent-dawn,957,paladin,retribution,12,10,2
Жанож,gordunni,957,paladin,retribution,18,10,8
Franc,aggra-português,957,paladin,retribution,24,10,14
Ðøñe,draenor,957,paladin,retribution,24,10,14
Ayoub,argent-dawn,956,paladin,retribution,18,10,8
Injustice,chamber-of-aspects,956,paladin,retribution,25,11,14
Aipal,silvermoon,956,paladin,retribution,24,10,14
Løøktår,ysondre,955,paladin,retribution,18,10,8
Akâshi,dalaran,955,paladin,retribution,18,10,8
Josuaa,ragnaros,955,paladin,retribution,54,24,30
Juozas,argent-dawn,955,paladin,retribution,24,10,14
Torpala,burning-legion,955,paladin,retribution,24,10,14
Holypurger,shattered-hand,955,paladin,retribution,25,10,15
Calluk,turalyon,955,paladin,retribution,29,11,18
Грузор,gordunni,954,paladin,retribution,18,10,8
Iqso,argent-dawn,953,paladin,retribution,18,10,8
Kyríé,tarren-mill,953,paladin,retribution,18,10,8
Dwangl,silvermoon,952,paladin,retribution,24,10,14
Nözderg,archimonde,951,paladin,retribution,30,10,20
Cáli,forscherliga,949,paladin,retribution,18,10,8
Ukey,sanguino,947,paladin,retribution,18,12,6
Xemoth,kazzak,947,paladin,retribution,18,10,8
Morhgain,kazzak,947,paladin,retribution,36,16,20
Buddabob,antonidas,946,paladin,retribution,56,12,44
Ziggyz,kul-tiras,945,paladin,retribution,19,10,9
Thëone,exodar,945,paladin,retribution,22,11,11
Ghallandre,khaz-modan,943,paladin,retribution,18,10,8
Patzi,die-todeskrallen,941,paladin,retribution,67,33,34
Kawakii,outland,940,paladin,retribution,18,10,8
Dewios,silvermoon,934,paladin,retribution,24,10,14
Zelphyr,pozzo-delleternità,933,paladin,retribution,26,12,14
Gxdéon,hyjal,932,paladin,retribution,19,10,9
Danneris,sanguino,931,paladin,retribution,25,12,13
Mírato,blackhand,929,paladin,retribution,24,10,14
Lifepower,nemesis,927,paladin,retribution,16,10,6
Justrhino,kazzak,927,paladin,retribution,23,10,13
Грайндсет,galakrond,927,paladin,retribution,23,10,13
Lightblaze,doomhammer,924,paladin,retribution,54,18,36
Eatfasteatas,doomhammer,923,paladin,retribution,12,10,2
Immortalkrux,archimonde,923,paladin,retribution,59,20,39
Luxor,sporeggar,919,paladin,retribution,24,14,10
Coelslaw,azjolnerub,915,paladin,retribution,29,10,19
Akeemys,ragnaros,910,paladin,retribution,17,10,7
Схемас,gordunni,910,paladin,retribution,36,14,22
Vuzetevacabo,doomhammer,907,paladin,retribution,96,45,51
Ashernos,tarren-mill,906,paladin,retribution,23,10,13
Ranish,aegwynn,906,paladin,retribution,33,11,22
Tomkü,burning-legion,902,paladin,retribution,28,12,16
Gurutze,ragnaros,896,paladin,retribution,16,10,6
Klikas,twisting-nether,896,paladin,retribution,30,14,16
Tigerherz,antonidas,895,paladin,retribution,28,10,18
Lolladin,blackmoore,894,paladin,retribution,26,10,16
Лакоста,ashenvale,894,paladin,retribution,26,10,16
Vanyon,malganis,892,paladin,retribution,20,10,10
Vexxus,blackrock,892,paladin,retribution,48,22,26
Milicos,sylvanas,891,paladin,retribution,42,21,21
Singedth,defias-brotherhood,888,paladin,retribution,16,10,6
Tánk,twilights-hammer,888,paladin,retribution,48,22,26
Romkaq,silvermoon,884,paladin,retribution,18,11,7
Pepsimaxpvp,blackmoore,880,paladin,retribution,25,10,15
Êxood,archimonde,879,paladin,retribution,26,10,16
Baé,drakthul,878,paladin,retribution,25,10,15
Fardahr,ravencrest,877,paladin,retribution,24,10,14
Supou,twisting-nether,876,paladin,retribution,18,10,8
Fufenzee,stormscale,875,paladin,retribution,77,33,44
Бунча,gordunni,872,paladin,retribution,54,13,41
Сынбогов,gordunni,864,paladin,retribution,12,9,3
Jacadin,sunstrider,864,paladin,retribution,12,9,3
Camusa,kazzak,864,paladin,retribution,12,9,3
Unleashed,antonidas,864,paladin,retribution,12,9,3
Holysnickers,tarren-mill,864,paladin,retribution,12,9,3
Фэнон,gordunni,864,paladin,retribution,12,9,3
Stitchup,argent-dawn,864,paladin,retribution,12,9,3
Duno,archimonde,864,paladin,retribution,12,9,3
Elisight,ravencrest,864,paladin,retribution,18,9,9
Hølypwnjk,forscherliga,864,paladin,retribution,18,9,9
Kaarsius,defias-brotherhood,864,paladin,retribution,18,9,9
Loratheon,stormscale,864,paladin,retribution,18,9,9
Мэднессх,howling-fjord,864,paladin,retribution,18,9,9
Mitsoû,archimonde,864,paladin,retribution,18,9,9
Kilô,sylvanas,864,paladin,retribution,18,9,9
Retgodx,eredar,864,paladin,retribution,18,9,9
Paterymon,ravencrest,864,paladin,retribution,18,9,9
Cùpìdstunt,draenor,864,paladin,retribution,18,9,9
Loani,dalaran,864,paladin,retribution,18,9,9
Pesterci,draenor,864,paladin,retribution,18,9,9
Feelmylight,tarren-mill,864,paladin,retribution,24,9,15
Thoriz,elune,864,paladin,retribution,24,9,15
Kæycc,blackmoore,864,paladin,retribution,24,9,15
Amburet,kazzak,864,paladin,retribution,24,9,15
Лакостик,howling-fjord,864,paladin,retribution,24,9,15
Sunhalo,twisting-nether,864,paladin,retribution,24,9,15
Tekåpal,tarren-mill,864,paladin,retribution,24,9,15
Wordup,senjin,864,paladin,retribution,24,9,15
Святстраж,gordunni,864,paladin,retribution,27,10,17
Umirinbruv,zenedar,864,paladin,retribution,30,9,21
Møøgødx,bronzebeard,864,paladin,retribution,36,9,27
Irini,sylvanas,863,paladin,retribution,12,9,3
Mácá,outland,863,paladin,retribution,12,9,3
Vootele,draenor,863,paladin,retribution,12,9,3
Nakedholy,draenor,863,paladin,retribution,12,9,3
Durnell,sylvanas,863,paladin,retribution,18,9,9
Trollilolz,eredar,863,paladin,retribution,18,9,9
Sildrit,draenor,863,paladin,retribution,18,9,9
Fujszi,arathor,863,paladin,retribution,18,9,9
Draeymora,thrall,863,paladin,retribution,18,9,9
Nordkreuz,aegwynn,863,paladin,retribution,18,9,9
Dälaghetto,kilrogg,863,paladin,retribution,18,9,9
Lestaf,the-maelstrom,863,paladin,retribution,18,9,9
Jeriiret,khaz-modan,863,paladin,retribution,18,9,9
Níthag,ragnaros,863,paladin,retribution,18,9,9
Axone,ravencrest,863,paladin,retribution,24,9,15
Каштоуны,soulflayer,863,paladin,retribution,24,9,15
Palarezz,ysondre,863,paladin,retribution,24,9,15
Asgardietis,kazzak,863,paladin,retribution,27,10,17
Dananas,draenor,863,paladin,retribution,30,9,21
Kabóm,kazzak,862,paladin,retribution,12,9,3
Ephialtis,hyjal,862,paladin,retribution,12,9,3
Blatrix,kazzak,862,paladin,retribution,12,9,3
Darkenorr,silvermoon,862,paladin,retribution,18,9,9
Yæø,archimonde,862,paladin,retribution,18,9,9
Lìmier,ysondre,862,paladin,retribution,18,9,9
Shadderkpal,draenor,862,paladin,retribution,18,9,9
Шоринг,gordunni,862,paladin,retribution,18,9,9
Slipoj,blackhand,862,paladin,retribution,18,9,9
Velikor,dun-modr,862,paladin,retribution,18,9,9
Роллита,gordunni,862,paladin,retribution,24,9,15
Skittlespala,twisting-nether,861,paladin,retribution,12,9,3
Кранштейн,gordunni,861,paladin,retribution,18,10,8
Jpally,ravencrest,861,paladin,retribution,18,9,9
Panthalassá,argent-dawn,861,paladin,retribution,18,9,9
Valerionn,blackmoore,861,paladin,retribution,18,9,9
Retributon,madmortem,861,paladin,retribution,18,9,9
Sölaria,silvermoon,860,paladin,retribution,18,9,9
Straxotia,twisting-nether,860,paladin,retribution,18,9,9
Banister,eredar,860,paladin,retribution,24,9,15
Jêzus,blackrock,858,paladin,retribution,12,9,3
Rètbull,blackhand,858,paladin,retribution,18,9,9
Ènyalius,silvermoon,858,paladin,retribution,24,9,15
Кенториус,soulflayer,855,paladin,retribution,12,9,3
Сапфирия,galakrond,855,paladin,retribution,30,9,21
Баблыч,borean-tundra,854,paladin,retribution,24,11,13
Bubblemama,aegwynn,853,paladin,retribution,18,9,9
Sufrion,outland,853,paladin,retribution,24,11,13
Ericafontës,kazzak,846,paladin,retribution,23,9,14
Knygnesys,silvermoon,844,paladin,retribution,15,11,4
Cydor,khaz-modan,844,paladin,retribution,24,9,15
Duralyon,marécage-de-zangar,844,paladin,retribution,24,9,15
Öwai,dun-modr,843,paladin,retribution,23,12,11
Драгун,gordunni,839,paladin,retribution,49,21,28
Dadpally,shattered-hand,839,paladin,retribution,24,9,15
Тельбрук,gordunni,832,paladin,retribution,22,9,13
Claymore,ravenholdt,831,paladin,retribution,29,9,20
Dôrä,ysondre,830,paladin,retribution,23,9,14
Pàlàthor,khaz-modan,826,paladin,retribution,18,9,9
Helvirya,defias-brotherhood,817,paladin,retribution,142,58,84
Ultrabenzo,ravencrest,815,paladin,retribution,17,9,8
Pak,amanthul,814,paladin,retribution,27,10,17
Ararion,tarren-mill,809,paladin,retribution,18,10,8
Khadet,draenor,809,paladin,retribution,22,10,12
Sunfather,twilights-hammer,807,paladin,retribution,48,22,26
Mimkoo,wildhammer,806,paladin,retribution,15,10,5
Choyoki,blackmoore,802,paladin,retribution,26,9,17
Jcpd,drakthul,800,paladin,retribution,22,9,13
Vanques,burning-legion,799,paladin,retribution,17,9,8
Салутан,thermaplugg,798,paladin,retribution,32,9,23
Altrazel,archimonde,795,paladin,retribution,20,10,10
Pyrogon,malorne,786,paladin,retribution,109,48,61
Дохлаяженах,gordunni,768,paladin,retribution,12,8,4
Фантаззер,soulflayer,768,paladin,retribution,12,8,4
Хентайбогиня,ashenvale,768,paladin,retribution,12,8,4
Øttøø,outland,768,paladin,retribution,12,8,4
Pakór,blackrock,768,paladin,retribution,12,8,4
Khyleancbum,sanguino,768,paladin,retribution,12,8,4
Biqmac,mugthol,768,paladin,retribution,12,8,4
Jïncks,anachronos,768,paladin,retribution,12,8,4
Этокомедия,howling-fjord,768,paladin,retribution,12,8,4
Vindicatê,stormscale,768,paladin,retribution,12,8,4
Irenita,kazzak,768,paladin,retribution,18,8,10
Goüstà,ysondre,768,paladin,retribution,18,8,10
Hydrolic,blackrock,768,paladin,retribution,18,8,10
Babyboo,aggra-português,768,paladin,retribution,18,8,10
Milipal,hyjal,768,paladin,retribution,18,8,10
Endavour,ravencrest,768,paladin,retribution,18,8,10
Círuq,eredar,768,paladin,retribution,18,8,10
Valiscar,antonidas,768,paladin,retribution,18,8,10
Bâbass,sargeras,768,paladin,retribution,18,8,10
Akaasix,stormscale,768,paladin,retribution,18,8,10
Teshkipowa,kazzak,768,paladin,retribution,18,8,10
Кисаммэ,howling-fjord,768,paladin,retribution,18,8,10
Enmà,archimonde,768,paladin,retribution,18,8,10
Gìne,archimonde,768,paladin,retribution,18,8,10
Spiritbreak,archimonde,768,paladin,retribution,18,8,10
Cracish,ragnaros,768,paladin,retribution,18,8,10
Iiwar,silvermoon,768,paladin,retribution,18,8,10
Xanrian,kazzak,768,paladin,retribution,18,8,10
Bubblor,ravencrest,768,paladin,retribution,18,8,10
Abbendis,twisting-nether,768,paladin,retribution,18,8,10
Sekztokio,blackmoore,768,paladin,retribution,18,8,10
Легейнда,soulflayer,768,paladin,retribution,18,8,10
Чемеряк,gordunni,768,paladin,retribution,18,8,10
Holyinstinct,bronze-dragonflight,768,paladin,retribution,18,8,10
Dadyolimp,kazzak,768,paladin,retribution,18,8,10
Thmas,tarren-mill,768,paladin,retribution,18,8,10
Rinocerb,ravencrest,768,paladin,retribution,18,8,10
Sinclo,hyjal,768,paladin,retribution,20,8,12
Powerphally,outland,768,paladin,retribution,24,8,16
Lezira,ravencrest,768,paladin,retribution,24,8,16
Tjabo,burning-blade,768,paladin,retribution,24,8,16
Annurra,quelthalas,768,paladin,retribution,24,8,16
Wankerjim,ghostlands,768,paladin,retribution,24,8,16
Mouku,stormreaver,768,paladin,retribution,24,8,16
Døgpaladin,outland,768,paladin,retribution,24,8,16
Vilayesyo,ravencrest,768,paladin,retribution,24,8,16
Benzimus,ragnaros,768,paladin,retribution,24,8,16
Toxií,argent-dawn,768,paladin,retribution,30,8,22
ßancu,ragnaros,768,paladin,retribution,30,8,22
Atanasum,dun-modr,767,paladin,retribution,12,8,4
Hutimeni,turalyon,767,paladin,retribution,12,8,4
Mugraine,ravencrest,767,paladin,retribution,12,8,4
Serenityxo,twisting-nether,767,paladin,retribution,12,8,4
Zneeks,shattered-hand,767,paladin,retribution,12,8,4
Blagori,blackhand,767,paladin,retribution,12,8,4
Unforsakenx,silvermoon,767,paladin,retribution,12,8,4
Khaelor,frostwolf,767,paladin,retribution,12,8,4
Hippiehuman,darkspear,767,paladin,retribution,12,8,4
Londonn,silvermoon,767,paladin,retribution,12,8,4
Crossfaded,azjolnerub,767,paladin,retribution,12,8,4
Spinzr,draenor,767,paladin,retribution,12,8,4
Acp,twisting-nether,767,paladin,retribution,12,8,4
Dawnnslayer,kazzak,767,paladin,retribution,12,8,4
Ruftadin,ragnaros,767,paladin,retribution,18,8,10
Samuel,ahnqiraj,767,paladin,retribution,18,8,10
Snackzy,twisting-nether,767,paladin,retribution,18,8,10
Belight,burning-legion,767,paladin,retribution,18,8,10
Byakkospal,tarren-mill,767,paladin,retribution,18,8,10
Baxteria,dun-modr,767,paladin,retribution,18,8,10
Pný,silvermoon,767,paladin,retribution,18,8,10
Nicolae,colinas-pardas,767,paladin,retribution,18,8,10
Dideta,colinas-pardas,767,paladin,retribution,18,8,10
Xersys,draenor,767,paladin,retribution,18,8,10
Dimdon,silvermoon,767,paladin,retribution,18,8,10
Justïce,twisting-nether,767,paladin,retribution,18,8,10
Hèmera,archimonde,767,paladin,retribution,18,8,10
Hôrrible,ravencrest,767,paladin,retribution,18,8,10
Xtekz,tarren-mill,767,paladin,retribution,18,8,10
Lusugo,alakir,767,paladin,retribution,24,8,16
Puré,festung-der-stürme,767,paladin,retribution,24,8,16
Pav,eredar,767,paladin,retribution,24,8,16
Thoreas,perenolde,767,paladin,retribution,24,8,16
Saath,malfurion,767,paladin,retribution,24,8,16
Ludø,ysondre,766,paladin,retribution,12,8,4
Fremuduin,argent-dawn,766,paladin,retribution,12,8,4
Laugan,ysondre,766,paladin,retribution,12,8,4
Ryozupala,frostwolf,766,paladin,retribution,12,8,4
Konithis,doomhammer,766,paladin,retribution,12,8,4
Noxxiê,blackmoore,766,paladin,retribution,18,8,10
Chimurei,silvermoon,766,paladin,retribution,18,8,10
Støøk,shendralar,766,paladin,retribution,18,8,10
Викиллер,grom,765,paladin,retribution,18,8,10
Mikipaki,tarren-mill,765,paladin,retribution,18,8,10
Bitether,burning-legion,765,paladin,retribution,18,8,10
Trøllørd,shattrath,764,paladin,retribution,18,8,10
Eagleone,shattrath,764,paladin,retribution,18,8,10
Luridity,argent-dawn,764,paladin,retribution,24,8,16
Ahritea,blackrock,763,paladin,retribution,12,8,4
Lewanor,tarren-mill,763,paladin,retribution,12,8,4
Wingedguard,ragnaros,763,paladin,retribution,12,8,4
Гермесиус,deepholm,763,paladin,retribution,18,8,10
Donttaskwhy,sylvanas,763,paladin,retribution,24,8,16
Nauriell,blackmoore,762,paladin,retribution,12,8,4
Vondarkmoor,magtheridon,761,paladin,retribution,18,8,10
Antidrasi,turalyon,761,paladin,retribution,30,8,22
Torczy,frostwhisper,760,paladin,retribution,12,8,4
Tripani,twisting-nether,760,paladin,retribution,18,8,10
Rivela,bloodhoof,758,paladin,retribution,18,8,10
Orelius,guldan,755,paladin,retribution,36,12,24
Nazaninez,tarren-mill,749,paladin,retribution,18,8,10
Lawrence,deathwing,748,paladin,retribution,24,8,16
Танси,fordragon,747,paladin,retribution,12,8,4
Grayparser,silvermoon,735,paladin,retribution,14,9,5
Lynaé,blackhand,735,paladin,retribution,13,8,5
Nollieflipx,tarren-mill,735,paladin,retribution,17,8,9
Guckzu,malganis,733,paladin,retribution,19,8,11
Töphuria,silvermoon,718,paladin,retribution,17,8,9
Unbreakable,eredar,717,paladin,retribution,15,8,7
Darkironpala,argent-dawn,717,paladin,retribution,21,8,13
Äthénâ,archimonde,713,paladin,retribution,23,9,14
Aelthir,kazzak,703,paladin,retribution,11,8,3
Wellick,ravencrest,703,paladin,retribution,17,8,9
Myxas,tarren-mill,702,paladin,retribution,14,8,6
Demsi,ravencrest,702,paladin,retribution,14,8,6
Ericpala,turalyon,702,paladin,retribution,17,8,9
Zerad,quelthalas,702,paladin,retribution,44,8,36
Angelepetit,hyjal,701,paladin,retribution,16,8,8
Gradepal,drakthul,687,paladin,retribution,19,8,11
Thebestpala,tarren-mill,686,paladin,retribution,19,8,11
Нефростинг,gordunni,672,paladin,retribution,12,7,5
Проверялка,thermaplugg,672,paladin,retribution,12,7,5
Quelän,draenor,672,paladin,retribution,12,7,5
Malapal,hyjal,672,paladin,retribution,12,7,5
Даракар,deathguard,672,paladin,retribution,12,7,5
Ginka,blackrock,672,paladin,retribution,12,7,5
Turskah,shattered-hand,672,paladin,retribution,12,7,5
Миллиционер,razuvious,672,paladin,retribution,12,7,5
Кинбул,ashenvale,672,paladin,retribution,12,7,5
Дорогаснега,gordunni,672,paladin,retribution,12,7,5
Misú,ravencrest,672,paladin,retribution,12,7,5
Sunwalker,bronzebeard,672,paladin,retribution,12,7,5
Якунии,blackscar,672,paladin,retribution,12,7,5
Mîakhalîfa,tarren-mill,672,paladin,retribution,12,7,5
Neicha,trollbane,672,paladin,retribution,12,7,5
Lighteousnes,blackmoore,672,paladin,retribution,12,7,5
Sloug,archimonde,672,paladin,retribution,12,7,5
Neverdeath,stormscale,672,paladin,retribution,12,7,5
Miriem,twisting-nether,672,paladin,retribution,12,7,5
Ellünca,ravencrest,672,paladin,retribution,12,7,5
Ilpreside,nemesis,672,paladin,retribution,12,7,5
Fatherabdul,ravencrest,672,paladin,retribution,12,7,5
Ðeusvult,draenor,672,paladin,retribution,12,7,5
Shjami,rexxar,672,paladin,retribution,12,7,5
Palaradis,doomhammer,672,paladin,retribution,12,7,5
Anatollia,silvermoon,672,paladin,retribution,12,7,5
Лиривель,howling-fjord,672,paladin,retribution,12,7,5
Moarcry,outland,672,paladin,retribution,12,7,5
Hammertime,guldan,672,paladin,retribution,12,7,5
Grìmmjøw,silvermoon,672,paladin,retribution,12,7,5
Dragon,zenedar,672,paladin,retribution,12,7,5
Swânn,sanguino,672,paladin,retribution,12,7,5
Fabsy,frostwolf,672,paladin,retribution,12,7,5
Hetrox,silvermoon,672,paladin,retribution,12,7,5
Qpalax,outland,672,paladin,retribution,12,7,5
Drownlord,eredar,672,paladin,retribution,12,7,5
Archibäld,silvermoon,672,paladin,retribution,12,7,5
Curt,sanguino,672,paladin,retribution,12,7,5
Uriens,zuljin,672,paladin,retribution,12,7,5
Vircy,outland,672,paladin,retribution,12,7,5
Gojesi,silvermoon,672,paladin,retribution,12,7,5
Блудиз,howling-fjord,672,paladin,retribution,12,7,5
Apocalypsé,twisting-nether,672,paladin,retribution,18,7,11
Krýptø,ravencrest,672,paladin,retribution,18,7,11
Холирайз,gordunni,672,paladin,retribution,18,7,11
Tezmodian,antonidas,672,paladin,retribution,18,7,11
Galadrion,dun-modr,672,paladin,retribution,18,7,11
Refléx,zirkel-des-cenarius,672,paladin,retribution,18,7,11
Pìnkyy,draenor,672,paladin,retribution,18,7,11
Winterwall,sylvanas,672,paladin,retribution,18,7,11
Arbuzno,draenor,672,paladin,retribution,18,7,11
Norganpala,die-aldor,672,paladin,retribution,18,7,11
Бэкворд,soulflayer,672,paladin,retribution,18,7,11
Shownómercy,stormscale,672,paladin,retribution,18,7,11
Мериатас,soulflayer,672,paladin,retribution,18,7,11
Валькирия,grom,672,paladin,retribution,18,7,11
Phaewingsftw,kazzak,672,paladin,retribution,18,7,11
Lysander,antonidas,672,paladin,retribution,18,7,11
Ivarladin,draenor,672,paladin,retribution,18,7,11
Lindrone,aggra-português,672,paladin,retribution,18,7,11
Melyntholdra,argent-dawn,672,paladin,retribution,18,7,11
Ritaora,aggramar,672,paladin,retribution,18,7,11
Littlenight,emerald-dream,672,paladin,retribution,18,7,11
Scairtin,ravencrest,672,paladin,retribution,18,7,11
Атмта,razuvious,672,paladin,retribution,18,7,11
Kjobergen,tarren-mill,672,paladin,retribution,18,7,11
Arshiaa,ravencrest,672,paladin,retribution,21,8,13
Глаймис,gordunni,672,paladin,retribution,22,8,14
Далходж,soulflayer,672,paladin,retribution,24,7,17
Bubbledøtcøm,blackmoore,672,paladin,retribution,24,7,17
Jaegeer,draenor,672,paladin,retribution,24,7,17
Релаин,gordunni,672,paladin,retribution,24,7,17
Vivike,silvermoon,672,paladin,retribution,24,7,17
Saulencio,zuljin,672,paladin,retribution,24,7,17
Ящеры,gordunni,672,paladin,retribution,24,7,17
Zerlat,twisting-nether,672,paladin,retribution,24,7,17
Омникнайтх,howling-fjord,672,paladin,retribution,24,7,17
Aranael,nemesis,672,paladin,retribution,30,7,23
Zycqo,silvermoon,672,paladin,retribution,31,7,24
Sakred,hellscream,671,paladin,retribution,12,7,5
Kolts,ragnaros,671,paladin,retribution,12,7,5
Catsnek,darksorrow,671,paladin,retribution,12,7,5
Wolfpala,drakthul,671,paladin,retribution,12,7,5
Samueel,blackmoore,671,paladin,retribution,12,7,5
Gbejr,xavius,671,paladin,retribution,12,7,5
Lovetospoonn,ravencrest,671,paladin,retribution,12,7,5
Palahôlika,antonidas,671,paladin,retribution,12,7,5
Bubblefett,ysera,671,paladin,retribution,12,7,5
Liliána,ragnaros,671,paladin,retribution,12,7,5
Liamisi,blackhand,671,paladin,retribution,12,7,5
Архемор,ashenvale,671,paladin,retribution,12,7,5
Artorya,outland,671,paladin,retribution,12,7,5
Bloodlord,twisting-nether,671,paladin,retribution,15,8,7
Olaghkan,dun-modr,671,paladin,retribution,14,7,7
Alvíss,sanguino,671,paladin,retribution,18,7,11
Konori,mannoroth,671,paladin,retribution,18,7,11
Спидфрик,blackscar,671,paladin,retribution,18,7,11
Laenira,nemesis,671,paladin,retribution,18,7,11
Fishnchips,twisting-nether,671,paladin,retribution,18,7,11
Eken,hyjal,671,paladin,retribution,18,7,11
Dufftroll,kazzak,671,paladin,retribution,18,7,11
Labier,tarren-mill,671,paladin,retribution,18,7,11
Thrinea,blackrock,671,paladin,retribution,18,7,11
Öbedö,malganis,671,paladin,retribution,24,7,17
Neltix,blackrock,671,paladin,retribution,24,7,17
Atrexie,lightbringer,670,paladin,retribution,12,7,5
Keol,sanguino,670,paladin,retribution,12,7,5
Thandoro,amanthul,670,paladin,retribution,18,7,11
Lighttitan,ravencrest,670,paladin,retribution,18,7,11
Aistor,burning-legion,670,paladin,retribution,18,7,11
Solarouz,draenor,669,paladin,retribution,12,7,5
Sinalia,shattrath,669,paladin,retribution,18,7,11
Toshvarak,turalyon,669,paladin,retribution,18,7,11
Baymanda,tarren-mill,669,paladin,retribution,18,7,11
Rangorian,defias-brotherhood,669,paladin,retribution,24,7,17
Bandaga,sanguino,668,paladin,retribution,12,7,5
Эррор,azuregos,668,paladin,retribution,18,7,11
Shennzo,wildhammer,667,paladin,retribution,12,7,5
Rocaviva,sanguino,666,paladin,retribution,12,7,5
Ксинем,howling-fjord,666,paladin,retribution,16,8,8
Шелволк,eversong,665,paladin,retribution,18,7,11
Pallido,exodar,664,paladin,retribution,12,7,5
Zealotic,doomhammer,664,paladin,retribution,12,7,5
Chikaz,archimonde,664,paladin,retribution,20,10,10
Halimox,terokkar,664,paladin,retribution,18,7,11
Wolya,blackrock,663,paladin,retribution,15,8,7
Purpledurple,twisting-nether,663,paladin,retribution,18,7,11
Sarinise,draenor,662,paladin,retribution,12,7,5
Mechoka,auchindoun,661,paladin,retribution,13,7,6
Belzed,draenor,660,paladin,retribution,15,8,7
Bigdamjudgee,outland,655,paladin,retribution,17,7,10
Ryüü,uldaman,647,paladin,retribution,30,8,22
Benkenoah,ragnaros,641,paladin,retribution,30,7,23
Keele,stormscale,639,paladin,retribution,17,7,10
Arear,kazzak,624,paladin,retribution,15,8,7
Denounce,defias-brotherhood,624,paladin,retribution,21,7,14
Samànta,nemesis,623,paladin,retribution,11,7,4
Rustig,talnivarr,623,paladin,retribution,11,7,4
Lerie,ravencrest,623,paladin,retribution,15,7,8
Séphiran,hyjal,618,paladin,retribution,15,9,6
Goofyaf,ravencrest,618,paladin,retribution,16,9,7
Mariaremarc,silvermoon,617,paladin,retribution,25,8,17
Ressler,tichondrius,616,paladin,retribution,15,7,8
Ренегадер,thermaplugg,615,paladin,retribution,12,8,4
Skénder,kazzak,615,paladin,retribution,35,8,27
Assyr,blackmoore,606,paladin,retribution,11,7,4
Ahramanyu,blackrock,606,paladin,retribution,14,7,7
Milisha,the-maelstrom,604,paladin,retribution,20,7,13
Medieh,ravencrest,592,paladin,retribution,15,7,8
Алланор,fordragon,584,paladin,retribution,13,8,5
Viffi,darkspear,576,paladin,retribution,6,6,0
Xinze,ravencrest,576,paladin,retribution,6,6,0
Lóyal,kazzak,576,paladin,retribution,6,6,0
Нурти,gordunni,576,paladin,retribution,6,6,0
Zatoxi,frostmane,576,paladin,retribution,6,6,0
Twomog,ravencrest,576,paladin,retribution,6,6,0
Greko,ysera,576,paladin,retribution,12,6,6
Mipendz,draenor,576,paladin,retribution,12,6,6
Blindhoj,ravencrest,576,paladin,retribution,12,6,6
Tarenath,aegwynn,576,paladin,retribution,12,6,6
Neêsoldr,blackmoore,576,paladin,retribution,12,6,6
Krakr,ravencrest,576,paladin,retribution,12,6,6
Leroya,blackrock,576,paladin,retribution,12,6,6
Bloodbeard,twisting-nether,576,paladin,retribution,12,6,6
Palamanyaka,kazzak,576,paladin,retribution,12,6,6
Palamauka,kazzak,576,paladin,retribution,12,6,6
Vuutnëx,twisting-nether,576,paladin,retribution,12,6,6
Bikkuz,kazzak,576,paladin,retribution,12,6,6
Ryaz,blackrock,576,paladin,retribution,12,6,6
Pallachyrk,kazzak,576,paladin,retribution,12,6,6
Wingdude,ysera,576,paladin,retribution,12,6,6
Blubbajoe,blackmoore,576,paladin,retribution,12,6,6
Pabló,azshara,576,paladin,retribution,12,6,6
Mouncake,archimonde,576,paladin,retribution,12,6,6
Divineovic,ravencrest,576,paladin,retribution,12,6,6
Elyrax,nemesis,576,paladin,retribution,12,6,6
Mekluba,twisting-nether,576,paladin,retribution,12,6,6
Stève,ravencrest,576,paladin,retribution,12,6,6
Snowife,drakthul,576,paladin,retribution,12,6,6
Скварлетх,howling-fjord,576,paladin,retribution,12,6,6
Naree,stormreaver,576,paladin,retribution,12,6,6
Зена,gordunni,576,paladin,retribution,12,6,6
Mawrâ,twisting-nether,576,paladin,retribution,12,6,6
Yséria,kirin-tor,576,paladin,retribution,12,6,6
Диджейнобабл,howling-fjord,576,paladin,retribution,12,6,6
Luciter,silvermoon,576,paladin,retribution,12,6,6
Vysavo,draenor,576,paladin,retribution,12,6,6
Plainrage,blackrock,576,paladin,retribution,12,6,6
Gucix,sylvanas,576,paladin,retribution,12,6,6
Ríppex,kazzak,576,paladin,retribution,12,6,6
Alersia,twisting-nether,576,paladin,retribution,12,6,6
Cycodin,garrosh,576,paladin,retribution,12,6,6
Melverti,kazzak,576,paladin,retribution,12,6,6
Rothus,bronze-dragonflight,576,paladin,retribution,12,6,6
Shaylaru,tarren-mill,576,paladin,retribution,12,6,6
Seekêr,tarren-mill,576,paladin,retribution,12,6,6
Керантий,gordunni,576,paladin,retribution,12,6,6
Deresos,anetheron,576,paladin,retribution,12,6,6
Eldrial,argent-dawn,576,paladin,retribution,12,6,6
Drdax,wildhammer,576,paladin,retribution,12,6,6
Sämaelia,ysondre,576,paladin,retribution,12,6,6
Søulréaper,stormscale,576,paladin,retribution,12,6,6
Qotro,ravencrest,576,paladin,retribution,12,6,6
Veejxo,silvermoon,576,paladin,retribution,12,6,6
Lbj,eredar,576,paladin,retribution,12,6,6
Ibanez,lightnings-blade,576,paladin,retribution,12,6,6
Bigdaddypump,ravencrest,576,paladin,retribution,12,6,6
Alâkir,kazzak,576,paladin,retribution,12,6,6
Proximo,burning-legion,576,paladin,retribution,12,6,6
Rétalin,blackhand,576,paladin,retribution,12,6,6
Armion,stormscale,576,paladin,retribution,12,6,6
Erethes,magtheridon,576,paladin,retribution,12,6,6
Paliax,outland,576,paladin,retribution,12,6,6
Mudan,stormscale,576,paladin,retribution,12,6,6
Nanduil,stormscale,576,paladin,retribution,12,6,6
Elendíl,azjolnerub,576,paladin,retribution,12,6,6
Raceper,the-maelstrom,576,paladin,retribution,12,6,6
Gabrîel,sanguino,576,paladin,retribution,12,6,6
Waaynejudgeu,blackhand,576,paladin,retribution,12,6,6
Bothways,stormscale,576,paladin,retribution,12,6,6
Tharduk,outland,576,paladin,retribution,12,6,6
Ærîo,dalaran,576,paladin,retribution,12,6,6
Askmy,stormscale,576,paladin,retribution,12,6,6
Notnerb,outland,576,paladin,retribution,12,6,6
Ruggero,stormscale,576,paladin,retribution,12,6,6
Бэнсон,ashenvale,576,paladin,retribution,12,6,6
Fatâl,antonidas,576,paladin,retribution,15,7,8
Aimee,draenor,576,paladin,retribution,16,7,9
Кольт,borean-tundra,576,paladin,retribution,16,6,10
Hermmes,alakir,576,paladin,retribution,18,6,12
Celerius,trollbane,576,paladin,retribution,18,6,12
Hegazy,darkmoon-faire,576,paladin,retribution,18,6,12
Budweison,silvermoon,576,paladin,retribution,18,6,12
Redeem,nemesis,576,paladin,retribution,18,6,12
Kelduril,draenor,576,paladin,retribution,18,6,12
Nurix,dun-modr,576,paladin,retribution,18,6,12
Czachadymii,defias-brotherhood,576,paladin,retribution,18,6,12
Serratus,thunderhorn,576,paladin,retribution,18,6,12
Diaéna,kirin-tor,576,paladin,retribution,18,6,12
Vazayo,ravencrest,576,paladin,retribution,18,6,12
Tosá,antonidas,576,paladin,retribution,18,6,12
Генатрамбон,howling-fjord,576,paladin,retribution,18,6,12
Blademasteer,jaedenar,576,paladin,retribution,18,6,12
Ironkra,stormscale,576,paladin,retribution,18,6,12
Thickets,argent-dawn,576,paladin,retribution,18,6,12
Âtom,outland,576,paladin,retribution,18,6,12
Lagrops,chants-éternels,576,paladin,retribution,18,6,12
Hideinlight,hellscream,576,paladin,retribution,18,6,12
Sîlversun,grim-batol,576,paladin,retribution,18,6,12
Mâêdhrøsx,ravencrest,576,paladin,retribution,18,6,12
Freeloliipop,darksorrow,576,paladin,retribution,18,6,12
Sacredlol,blackmoore,576,paladin,retribution,24,6,18
Huevo,frostmane,576,paladin,retribution,24,6,18
Actionjack,area-52,576,paladin,retribution,24,6,18
Eleuterus,bloodfeather,576,paladin,retribution,24,6,18
Berethas,darksorrow,575,paladin,retribution,6,6,0
Skieras,draenor,575,paladin,retribution,12,6,6
Trollarage,confrérie-du-thorium,575,paladin,retribution,12,6,6
Faventu,ragnaros,575,paladin,retribution,12,6,6
Holycide,twisting-nether,575,paladin,retribution,12,6,6
Rohb,blackmoore,575,paladin,retribution,12,6,6
Storpixpala,drakthul,575,paladin,retribution,12,6,6
Sanduciorba,chamber-of-aspects,575,paladin,retribution,12,6,6
Névér,steamwheedle-cartel,575,paladin,retribution,12,6,6
Kendomendo,ravencrest,575,paladin,retribution,12,6,6
Bcrp,ragnaros,575,paladin,retribution,12,6,6
Йенфира,gordunni,575,paladin,retribution,12,6,6
Antón,dun-modr,575,paladin,retribution,12,6,6
Tehdark,outland,575,paladin,retribution,12,6,6
Pewpews,twisting-nether,575,paladin,retribution,12,6,6
Тамплиир,gordunni,575,paladin,retribution,12,6,6
Phillipe,illidan,575,paladin,retribution,12,6,6
Blazix,kazzak,575,paladin,retribution,12,6,6
Zulem,grim-batol,575,paladin,retribution,12,6,6
Celsia,blackrock,575,paladin,retribution,12,6,6
Gotra,stormscale,575,paladin,retribution,21,7,14
Edathar,argent-dawn,575,paladin,retribution,24,6,18
Nykothpn,ghostlands,574,paladin,retribution,6,6,0
Revinox,silvermoon,574,paladin,retribution,12,6,6
Mormazor,outland,574,paladin,retribution,12,6,6
Dönki,hyjal,574,paladin,retribution,12,6,6
Fintros,silvermoon,574,paladin,retribution,18,6,12
Babarush,nozdormu,574,paladin,retribution,18,6,12
Humaladi,draenor,574,paladin,retribution,18,6,12
Таурмакус,howling-fjord,574,paladin,retribution,18,6,12
Thoorval,silvermoon,574,paladin,retribution,18,6,12
Jelcz,burning-legion,574,paladin,retribution,24,6,18
Cpsuper,azuremyst,573,paladin,retribution,12,6,6
Cinderlight,aszune,573,paladin,retribution,12,6,6
Windîr,draenor,573,paladin,retribution,18,6,12
Moriex,drakthul,573,paladin,retribution,24,6,18
Renalex,ravencrest,572,paladin,retribution,12,6,6
Themlstake,kazzak,572,paladin,retribution,12,6,6
Nhum,destromath,572,paladin,retribution,12,6,6
Virusee,doomhammer,571,paladin,retribution,12,6,6
Taomeba,runetotem,571,paladin,retribution,12,6,6
Boaka,outland,571,paladin,retribution,18,6,12
Phaenre,pozzo-delleternità,570,paladin,retribution,18,6,12
Elannor,sylvanas,569,paladin,retribution,12,6,6
Nicgr,nemesis,566,paladin,retribution,12,6,6
Fumatelo,tyrande,566,paladin,retribution,12,6,6
Vengryn,turalyon,566,paladin,retribution,37,8,29
Shendis,uldaman,565,paladin,retribution,12,6,6
Toruk,burning-legion,559,paladin,retribution,15,7,8
Иусто,howling-fjord,559,paladin,retribution,17,6,11
Bugo,drakthul,559,paladin,retribution,17,6,11
Enîgmä,ravencrest,559,paladin,retribution,23,6,17
Ràwx,twisting-nether,559,paladin,retribution,23,6,17
Uriziel,the-shatar,558,paladin,retribution,18,6,12
Tavyy,sylvanas,551,paladin,retribution,15,9,6
Wlåð,archimonde,543,paladin,retribution,17,6,11
Valnyr,the-maelstrom,543,paladin,retribution,17,6,11
Rdmhrvojehr,tarren-mill,541,paladin,retribution,10,7,3
Thesavage,magtheridon,527,paladin,retribution,11,6,5
Plsdøntusemd,ravencrest,522,paladin,retribution,17,8,9
Митахо,gordunni,522,paladin,retribution,21,7,14
Тошши,soulflayer,522,paladin,retribution,28,8,20
Uriel,scarshield-legion,520,paladin,retribution,16,8,8
Råckamoo,emerald-dream,512,paladin,retribution,22,6,16
Vell,bronze-dragonflight,511,paladin,retribution,11,6,5
Babypic,ambossar,511,paladin,retribution,14,6,8
Penknife,ravencrest,511,paladin,retribution,14,6,8
Hanterus,antonidas,507,paladin,retribution,14,6,8
Palädörette,dalaran,506,paladin,retribution,11,6,5
Rockymarcian,hyjal,506,paladin,retribution,16,6,10
Animouse,drakthul,480,paladin,retribution,6,5,1
Vedaar,dun-modr,480,paladin,retribution,6,5,1
Пивняк,eversong,480,paladin,retribution,6,5,1
Ландри,greymane,480,paladin,retribution,6,5,1
Röland,sanguino,480,paladin,retribution,6,5,1
Тенькопыт,howling-fjord,480,paladin,retribution,6,5,1
Elendor,shadowsong,480,paladin,retribution,6,5,1
Percocetx,tarren-mill,480,paladin,retribution,6,5,1
Tryggt,the-shatar,480,paladin,retribution,6,5,1
Touch,vashj,480,paladin,retribution,6,5,1
Dàrkùsh,archimonde,480,paladin,retribution,6,5,1
Gavain,blackhand,480,paladin,retribution,6,5,1
Kanyewesh,dalaran,480,paladin,retribution,6,5,1
Voycetwo,frostwolf,480,paladin,retribution,6,5,1
Splendida,festung-der-stürme,480,paladin,retribution,6,5,1
Feaná,silvermoon,480,paladin,retribution,6,5,1
Abukasol,kazzak,480,paladin,retribution,6,5,1
Sabríel,ragnaros,480,paladin,retribution,6,5,1
Biggerspin,ravencrest,480,paladin,retribution,6,5,1
Антрасс,soulflayer,480,paladin,retribution,6,5,1
Ryven,stormscale,480,paladin,retribution,6,5,1
Xoriun,norgannon,480,paladin,retribution,6,5,1
Vardin,sanguino,480,paladin,retribution,6,5,1
Demecir,twisting-nether,480,paladin,retribution,6,5,1
Rimva,alleria,480,paladin,retribution,6,5,1
Yezitzme,blackrock,480,paladin,retribution,6,5,1
Derian,antonidas,480,paladin,retribution,6,5,1
Wälläce,sanguino,480,paladin,retribution,6,5,1
Daj,draenor,480,paladin,retribution,6,5,1
Eulion,burning-legion,480,paladin,retribution,6,5,1
Retgrets,kazzak,480,paladin,retribution,6,5,1
Melvòó,blackrock,480,paladin,retribution,9,6,3
Zethadin,kazzak,480,paladin,retribution,9,6,3
Pigma,outland,480,paladin,retribution,13,7,6
Drivenlight,twisting-nether,480,paladin,retribution,12,5,7
Onishu,blackhand,480,paladin,retribution,12,5,7
Ênma,archimonde,480,paladin,retribution,12,5,7
Keladen,burning-legion,480,paladin,retribution,12,5,7
Ноулайфир,eversong,480,paladin,retribution,12,5,7
Bobjohnny,bloodfeather,480,paladin,retribution,12,5,7
Hännó,malganis,480,paladin,retribution,12,5,7
Takezop,dun-modr,480,paladin,retribution,12,5,7
Sikthorlan,ravencrest,480,paladin,retribution,12,5,7
Альбусор,galakrond,480,paladin,retribution,12,5,7
Måxrajoy,dun-modr,480,paladin,retribution,12,5,7
Arator,terenas,480,paladin,retribution,12,5,7
Serjudge,kazzak,480,paladin,retribution,12,5,7
Hipo,zuljin,480,paladin,retribution,12,5,7
Cameron,taerar,480,paladin,retribution,12,5,7
Ritoru,drekthar,480,paladin,retribution,12,5,7
Mögräine,grim-batol,480,paladin,retribution,12,5,7
Zethhx,stormscale,480,paladin,retribution,12,5,7
Lyan,archimonde,480,paladin,retribution,12,5,7
Андерлайт,azuregos,480,paladin,retribution,12,5,7
Zaopink,blackhand,480,paladin,retribution,12,5,7
Mecah,hyjal,480,paladin,retribution,12,5,7
Salelol,ravencrest,480,paladin,retribution,12,5,7
Equityy,burning-legion,480,paladin,retribution,12,5,7
Skølir,rashgarroth,480,paladin,retribution,12,5,7
Krisbull,kazzak,480,paladin,retribution,12,5,7
Destroyér,blackmoore,480,paladin,retribution,12,5,7
Roflemente,bladefist,480,paladin,retribution,12,5,7
Hifyve,kazzak,480,paladin,retribution,12,5,7
Bumboombeem,stormscale,480,paladin,retribution,12,5,7
Гниленький,razuvious,480,paladin,retribution,12,5,7
Mozaiczny,burning-legion,480,paladin,retribution,12,5,7
Emloses,outland,480,paladin,retribution,12,5,7
Llighthand,ravencrest,480,paladin,retribution,12,5,7
Zhaz,blackmoore,480,paladin,retribution,12,5,7
Chillmachine,stormscale,480,paladin,retribution,12,5,7
Vaalé,aegwynn,480,paladin,retribution,12,5,7
Dobbygotsock,kazzak,480,paladin,retribution,12,5,7
Fotoniy,kazzak,480,paladin,retribution,12,5,7
Sheaps,les-sentinelles,480,paladin,retribution,12,5,7
Ínvi,aegwynn,480,paladin,retribution,12,5,7
Bancu,outland,480,paladin,retribution,12,5,7
Bascelik,outland,480,paladin,retribution,12,5,7
Jkøø,sanguino,480,paladin,retribution,12,5,7
Bobilous,twisting-nether,480,paladin,retribution,12,5,7
Evölution,frostmane,480,paladin,retribution,12,5,7
Swapxyr,aegwynn,480,paladin,retribution,12,5,7
Retrehsacul,blackrock,480,paladin,retribution,12,5,7
Lôrelei,blackrock,480,paladin,retribution,12,5,7
Yuvile,destromath,480,paladin,retribution,12,5,7
Célésté,ravencrest,480,paladin,retribution,12,5,7
Апония,gordunni,480,paladin,retribution,12,5,7
Freedomwinds,kazzak,480,paladin,retribution,12,5,7
Сладупся,gordunni,480,paladin,retribution,12,5,7
Тевеон,gordunni,480,paladin,retribution,12,5,7
Retlikeme,ravencrest,480,paladin,retribution,12,5,7
Kylaz,die-ewige-wacht,480,paladin,retribution,12,5,7
Alatie,dentarg,480,paladin,retribution,12,5,7
Meriween,ravencrest,480,paladin,retribution,12,5,7
Hazura,blackmoore,480,paladin,retribution,12,5,7
Ksama,ysondre,480,paladin,retribution,12,5,7
Angelynor,ysondre,480,paladin,retribution,12,5,7
Архэла,gordunni,480,paladin,retribution,12,5,7
Нойззмс,gordunni,480,paladin,retribution,12,5,7
Ranitwo,tarren-mill,480,paladin,retribution,12,5,7
Sytrexxer,frostwolf,480,paladin,retribution,12,5,7
Takálus,eredar,480,paladin,retribution,12,5,7
Маразоточка,howling-fjord,480,paladin,retribution,12,5,7
Palachdinka,drakthul,480,paladin,retribution,12,5,7
Пашштет,gordunni,480,paladin,retribution,12,5,7
Cheesus,argent-dawn,480,paladin,retribution,12,5,7
Froxies,drakthul,480,paladin,retribution,12,5,7
Wtfudo,sylvanas,480,paladin,retribution,12,5,7
Milenia,nemesis,480,paladin,retribution,12,5,7
Скадих,soulflayer,480,paladin,retribution,12,5,7
Morggann,drakthul,480,paladin,retribution,12,5,7
Nalaea,arathor,480,paladin,retribution,12,5,7
Shanderhilo,pozzo-delleternità,480,paladin,retribution,12,5,7
Babaluga,blackrock,480,paladin,retribution,12,5,7
Боремир,borean-tundra,480,paladin,retribution,12,5,7
Fufth,pozzo-delleternità,480,paladin,retribution,12,5,7
Cêa,blackrock,480,paladin,retribution,12,5,7
Héphäistos,silvermoon,480,paladin,retribution,12,5,7
Valaeryanae,nemesis,480,paladin,retribution,12,5,7
Vallorum,ravencrest,480,paladin,retribution,12,5,7
Drylands,ravencrest,480,paladin,retribution,12,5,7
Сакермвп,howling-fjord,480,paladin,retribution,12,5,7
Dêstî,silvermoon,480,paladin,retribution,12,5,7
Ретроградий,howling-fjord,480,paladin,retribution,12,5,7
Xinxin,azshara,480,paladin,retribution,12,5,7
Aresian,burning-legion,480,paladin,retribution,13,5,8
Rafistor,khaz-modan,480,paladin,retribution,19,6,13
Juicycheeks,frostwolf,480,paladin,retribution,18,5,13
Nëphilim,arakarahm,480,paladin,retribution,18,5,13
Boyard,silvermoon,480,paladin,retribution,18,5,13
Копранесса,soulflayer,480,paladin,retribution,18,5,13
Ketherian,blutkessel,480,paladin,retribution,18,5,13
Cøctab,kirin-tor,480,paladin,retribution,18,5,13
Retisfine,silvermoon,480,paladin,retribution,18,5,13
Strätholme,drakthul,480,paladin,retribution,18,5,13
Powericius,drakthul,480,paladin,retribution,18,5,13
Xiuya,dun-modr,480,paladin,retribution,18,5,13
Вэндрик,azuregos,480,paladin,retribution,18,5,13
Quaterbâck,antonidas,480,paladin,retribution,18,5,13
Rizzdaddy,outland,480,paladin,retribution,18,5,13
Ywrow,burning-blade,480,paladin,retribution,18,5,13
Phorios,agamaggan,480,paladin,retribution,18,5,13
Ramhal,stormscale,480,paladin,retribution,18,5,13
Starcker,sanguino,480,paladin,retribution,18,5,13
Øsgar,dun-modr,480,paladin,retribution,18,5,13
Cøygonne,archimonde,480,paladin,retribution,18,5,13
Exobyte,stormscale,480,paladin,retribution,24,5,19
Itsgossiplol,twisting-nether,480,paladin,retribution,24,5,19
Ликанн,soulflayer,480,paladin,retribution,24,5,19
Grynd,blackmoore,479,paladin,retribution,6,5,1
Zvirblis,chamber-of-aspects,479,paladin,retribution,9,6,3
Scarabeus,ravencrest,479,paladin,retribution,10,6,4
Сасмен,blackscar,479,paladin,retribution,12,5,7
Dykopala,doomhammer,479,paladin,retribution,12,5,7
Эллессар,howling-fjord,479,paladin,retribution,12,5,7
Solyra,blackhand,479,paladin,retribution,12,5,7
Ðarkjøjø,hyjal,479,paladin,retribution,12,5,7
Gropleindsup,ysondre,479,paladin,retribution,12,5,7
Rettarded,draenor,479,paladin,retribution,12,5,7
Edwards,sanguino,479,paladin,retribution,12,5,7
Notholy,defias-brotherhood,479,paladin,retribution,12,5,7
Bakasnoop,hyjal,479,paladin,retribution,12,5,7
Майнстер,gordunni,479,paladin,retribution,12,5,7
Benø,malganis,479,paladin,retribution,12,5,7
Taffz,burning-legion,479,paladin,retribution,12,5,7
Gaab,aggra-português,479,paladin,retribution,12,5,7
Aelaris,dunemaul,479,paladin,retribution,18,5,13
Сенторин,borean-tundra,479,paladin,retribution,18,5,13
Медверус,gordunni,479,paladin,retribution,24,5,19
Hazeman,colinas-pardas,478,paladin,retribution,6,5,1
Mysticlight,sylvanas,478,paladin,retribution,18,8,10
Mickeyvorace,archimonde,478,paladin,retribution,12,5,7
Azlan,nagrand,478,paladin,retribution,12,5,7
Glarcouf,eldrethalas,478,paladin,retribution,12,5,7
Nerdcore,blackrock,478,paladin,retribution,12,5,7
Mirelaw,drakthul,478,paladin,retribution,12,5,7
Kanot,outland,478,paladin,retribution,12,5,7
Четкийчервь,soulflayer,478,paladin,retribution,18,5,13
Apoffis,burning-legion,477,paladin,retribution,12,5,7
Jenyu,sanguino,477,paladin,retribution,12,5,7
Zantria,alleria,476,paladin,retribution,12,5,7
Hateze,kazzak,472,paladin,retribution,12,5,7
Zingler,norgannon,472,paladin,retribution,12,5,7
Yeohinyiu,khaz-modan,472,paladin,retribution,12,5,7
Legitpower,silvermoon,456,paladin,retribution,33,14,19
Slayton,twisting-nether,447,paladin,retribution,11,5,6
Гкм,howling-fjord,447,paladin,retribution,11,5,6
Veliios,silvermoon,447,paladin,retribution,14,6,8
Kevlar,frostmane,446,paladin,retribution,12,6,6
Schôck,eredar,432,paladin,retribution,9,5,4
Æïs,blackrock,432,paladin,retribution,9,5,4
Sunnyboy,tarren-mill,431,paladin,retribution,11,5,6
Mozg,silvermoon,431,paladin,retribution,11,5,6
Миссйеллоу,gordunni,431,paladin,retribution,11,5,6
Dragonwingz,kazzak,431,paladin,retribution,11,5,6
Theodun,xavius,430,paladin,retribution,11,5,6
Авереон,gordunni,426,paladin,retribution,23,6,17
Émilia,frostwolf,416,paladin,retribution,10,5,5
Нероблр,gordunni,416,paladin,retribution,10,5,5
Dd,blackmoore,416,paladin,retribution,16,5,11
Lògàn,pozzo-delleternità,415,paladin,retribution,8,5,3
Caleel,nemesis,400,paladin,retribution,7,5,2
Сильвернайт,soulflayer,400,paladin,retribution,13,5,8
Ðesolace,twisting-nether,384,paladin,retribution,6,4,2
Òlymp,blackhand,384,paladin,retribution,6,4,2
Azaël,illidan,384,paladin,retribution,6,4,2
Ultimatix,stormscale,384,paladin,retribution,6,4,2
Joti,proudmoore,384,paladin,retribution,6,4,2
Lévrone,alexstrasza,384,paladin,retribution,6,4,2
Лиадринель,howling-fjord,384,paladin,retribution,6,4,2
Raek,stormscale,384,paladin,retribution,6,4,2
Arcillus,stormscale,384,paladin,retribution,6,4,2
Aderos,sylvanas,384,paladin,retribution,6,4,2
Судья,greymane,384,paladin,retribution,6,4,2
Кэшбэкер,fordragon,384,paladin,retribution,6,4,2
Petsadin,ravencrest,384,paladin,retribution,6,4,2
Cildan,talnivarr,384,paladin,retribution,6,4,2
Адвакаад,soulflayer,384,paladin,retribution,6,4,2
Necadin,ravencrest,384,paladin,retribution,6,4,2
Shevøçk,ravencrest,384,paladin,retribution,6,4,2
Skrýmir,marécage-de-zangar,384,paladin,retribution,6,4,2
Бабичпал,soulflayer,384,paladin,retribution,6,4,2
Pompée,dalaran,384,paladin,retribution,6,4,2
Retqt,eredar,384,paladin,retribution,6,4,2
Madarä,arathi,384,paladin,retribution,6,4,2
Mcnnuggets,ravencrest,384,paladin,retribution,6,4,2
Tdchopa,ravencrest,384,paladin,retribution,6,4,2
Elenia,baelgun,384,paladin,retribution,6,4,2
Pâlâpâm,blackmoore,384,paladin,retribution,6,4,2
Mullinsilmä,stormreaver,384,paladin,retribution,6,4,2
Erthelios,silvermoon,384,paladin,retribution,6,4,2
Blakkjack,xavius,384,paladin,retribution,6,4,2
Zeportpala,archimonde,384,paladin,retribution,6,4,2
Clementine,spinebreaker,384,paladin,retribution,6,4,2
Missmyhoj,archimonde,384,paladin,retribution,6,4,2
Позабытый,deathweaver,384,paladin,retribution,6,4,2
Palacetámol,gorgonnash,384,paladin,retribution,6,4,2
Zhàø,ysondre,384,paladin,retribution,6,4,2
Angeal,ysondre,384,paladin,retribution,6,4,2
Imtheßoss,pozzo-delleternità,384,paladin,retribution,6,4,2
Wiither,argent-dawn,384,paladin,retribution,6,4,2
Кукусяшка,gordunni,384,paladin,retribution,6,4,2
Nyren,guldan,384,paladin,retribution,6,4,2
Khoping,silvermoon,384,paladin,retribution,6,4,2
Dragongîrl,lothar,384,paladin,retribution,6,4,2
Алепос,gordunni,384,paladin,retribution,6,4,2
Röcc,draenor,384,paladin,retribution,6,4,2
Эвангер,gordunni,384,paladin,retribution,6,4,2
Cattelsaan,hyjal,384,paladin,retribution,6,4,2
Athain,sanguino,384,paladin,retribution,6,4,2
Mariahuana,sanguino,384,paladin,retribution,6,4,2
Kurøneko,hyjal,384,paladin,retribution,6,4,2
Rölfchen,frostwolf,384,paladin,retribution,6,4,2
Кериас,gordunni,384,paladin,retribution,6,4,2
Veldora,zuljin,384,paladin,retribution,6,4,2
Superhick,veknilash,384,paladin,retribution,6,4,2
Tigurius,zuljin,384,paladin,retribution,6,4,2
Marmotaxx,dun-modr,384,paladin,retribution,6,4,2
Sunstrider,quelthalas,384,paladin,retribution,6,4,2
Volkai,zuljin,384,paladin,retribution,6,4,2
Érléuchtas,kazzak,384,paladin,retribution,6,4,2
Colpadeltank,kazzak,384,paladin,retribution,6,4,2
Sabriaña,silvermoon,384,paladin,retribution,6,4,2
Hanknpank,quelthalas,384,paladin,retribution,6,4,2
Jaime,magtheridon,384,paladin,retribution,6,4,2
ßrav,hyjal,384,paladin,retribution,6,4,2
Leith,neptulon,384,paladin,retribution,6,4,2
Бляля,gordunni,384,paladin,retribution,6,4,2
Phiana,blackmoore,384,paladin,retribution,6,4,2
Luckyman,aszune,384,paladin,retribution,6,4,2
Cake,alakir,384,paladin,retribution,6,4,2
Morsadin,burning-legion,384,paladin,retribution,6,4,2
Paduj,kazzak,384,paladin,retribution,6,4,2
Kralenko,archimonde,384,paladin,retribution,6,4,2
Timoxas,kazzak,384,paladin,retribution,6,4,2
Boaz,norgannon,384,paladin,retribution,6,4,2
Kaähz,archimonde,384,paladin,retribution,6,4,2
Davè,blackmoore,384,paladin,retribution,6,4,2
Darkdeal,tarren-mill,384,paladin,retribution,6,4,2
Dornu,tarren-mill,384,paladin,retribution,6,4,2
Uragan,blackmoore,384,paladin,retribution,6,4,2
Kazui,lordaeron,384,paladin,retribution,6,4,2
Zeggayoda,nemesis,384,paladin,retribution,6,4,2
Daddyolimpp,kazzak,384,paladin,retribution,6,4,2
Драгмитухел,gordunni,384,paladin,retribution,6,4,2
Hiloqtpala,blackmoore,384,paladin,retribution,6,4,2
Naizem,dun-modr,384,paladin,retribution,6,4,2
Blader,darksorrow,384,paladin,retribution,6,4,2
Daicic,kazzak,384,paladin,retribution,6,4,2
Blazeer,pozzo-delleternità,384,paladin,retribution,6,4,2
Sølitude,kazzak,384,paladin,retribution,6,4,2
Keem,aszune,384,paladin,retribution,6,4,2
Crusxder,kazzak,384,paladin,retribution,6,4,2
Crussaden,stormscale,384,paladin,retribution,7,4,3
Mooriel,burning-legion,384,paladin,retribution,9,5,4
Kreozz,destromath,384,paladin,retribution,9,4,5
Shoogle,alonsus,384,paladin,retribution,9,4,5
Beefdaddyy,kazzak,384,paladin,retribution,17,7,10
Хилвкд,blackscar,384,paladin,retribution,11,4,7
Athênâ,azjolnerub,384,paladin,retribution,15,5,10
Minfa,argent-dawn,384,paladin,retribution,12,4,8
Sorkara,argent-dawn,384,paladin,retribution,12,4,8
Grymbol,boulderfist,384,paladin,retribution,12,4,8
Bugohoss,nathrezim,384,paladin,retribution,12,4,8
Madeofsteel,silvermoon,384,paladin,retribution,12,4,8
Styxpl,blackhand,384,paladin,retribution,12,4,8
Karsini,arathor,384,paladin,retribution,12,4,8
Perxx,stormscale,384,paladin,retribution,12,4,8
Heidfield,draenor,384,paladin,retribution,12,4,8
Zarifence,ragnaros,384,paladin,retribution,12,4,8
Decain,twisting-nether,384,paladin,retribution,12,4,8
Ippex,silvermoon,384,paladin,retribution,12,4,8
Uthelf,ragnaros,384,paladin,retribution,12,4,8
Kyrín,onyxia,384,paladin,retribution,12,4,8
Shuukz,blackmoore,384,paladin,retribution,12,4,8
Xòtrios,argent-dawn,384,paladin,retribution,12,4,8
Crowdev,zuljin,384,paladin,retribution,12,4,8
Aleya,arathor,384,paladin,retribution,12,4,8
Stjusmussel,ragnaros,384,paladin,retribution,12,4,8
Artoriaz,ravencrest,384,paladin,retribution,12,4,8
Ekber,ravencrest,384,paladin,retribution,12,4,8
Eîon,argent-dawn,384,paladin,retribution,12,4,8
Typhadin,sylvanas,384,paladin,retribution,12,4,8
Cyban,twisting-nether,384,paladin,retribution,12,4,8
Highcrown,argent-dawn,384,paladin,retribution,12,4,8
Øazimutø,archimonde,384,paladin,retribution,12,4,8
Rosallyn,argent-dawn,384,paladin,retribution,12,4,8
Prínce,blackmoore,384,paladin,retribution,12,4,8
Somaxpala,burning-legion,384,paladin,retribution,12,4,8
Yaloh,sylvanas,384,paladin,retribution,12,4,8
Trixbunny,arathor,384,paladin,retribution,12,4,8
Krullfar,ravencrest,384,paladin,retribution,12,4,8
Arkkipiispa,outland,384,paladin,retribution,12,4,8
Æfhm,blackrock,384,paladin,retribution,12,4,8
Thaldrael,colinas-pardas,384,paladin,retribution,12,4,8
Valzyffs,twisting-nether,384,paladin,retribution,12,4,8
Cáranthír,draenor,384,paladin,retribution,12,4,8
Stoneð,antonidas,384,paladin,retribution,12,4,8
Ardalìon,archimonde,384,paladin,retribution,12,4,8
Dennyboy,sylvanas,384,paladin,retribution,12,4,8
Phazio,twisting-nether,384,paladin,retribution,12,4,8
Ревирант,howling-fjord,384,paladin,retribution,12,4,8
Yasfy,stormscale,384,paladin,retribution,12,4,8
Зираэлис,gordunni,384,paladin,retribution,12,4,8
Бладриус,howling-fjord,384,paladin,retribution,12,4,8
Поддыхдам,gordunni,384,paladin,retribution,12,4,8
Popelarr,burning-blade,384,paladin,retribution,12,4,8
Retfull,sylvanas,384,paladin,retribution,12,4,8
Hasart,tarren-mill,384,paladin,retribution,12,4,8
Розовыйбабл,gordunni,384,paladin,retribution,12,4,8
Myû,die-aldor,384,paladin,retribution,12,4,8
Avengence,dragonblight,384,paladin,retribution,12,4,8
Mareshki,outland,384,paladin,retribution,12,4,8
Hisblade,emerald-dream,384,paladin,retribution,12,4,8
Sgiach,draenor,384,paladin,retribution,12,4,8
Andrøiz,dun-modr,384,paladin,retribution,12,4,8
Thiccdeeps,aegwynn,384,paladin,retribution,12,4,8
Киилаа,gordunni,384,paladin,retribution,12,4,8
Dêadgame,aegwynn,384,paladin,retribution,12,4,8
Lucretius,kilrogg,384,paladin,retribution,12,4,8
Badtrip,bloodscalp,384,paladin,retribution,12,4,8
Galerian,twilights-hammer,384,paladin,retribution,12,4,8
Serim,dun-modr,384,paladin,retribution,12,4,8
Ragonas,mannoroth,384,paladin,retribution,12,4,8
Naenel,dun-modr,384,paladin,retribution,12,4,8
Drhammerdin,antonidas,384,paladin,retribution,12,4,8
Blessmedaddy,tarren-mill,384,paladin,retribution,12,4,8
Quarrel,kul-tiras,384,paladin,retribution,12,4,8
Alawdi,ysondre,384,paladin,retribution,12,4,8
Palandiade,draenor,384,paladin,retribution,12,4,8
Vhestas,dun-modr,384,paladin,retribution,12,4,8
Lopal,silvermoon,384,paladin,retribution,12,4,8
Moløk,ysondre,384,paladin,retribution,12,4,8
Xerya,dun-modr,384,paladin,retribution,12,4,8
Waks,dalaran,384,paladin,retribution,12,4,8
Pålegg,emerald-dream,384,paladin,retribution,12,4,8
Gunpowderx,silvermoon,384,paladin,retribution,12,4,8
Trainors,chamber-of-aspects,384,paladin,retribution,12,4,8
Ngel,marécage-de-zangar,384,paladin,retribution,12,4,8
Bundagains,silvermoon,384,paladin,retribution,12,4,8
Âgreë,frostwhisper,384,paladin,retribution,12,4,8
Inkuboss,nemesis,384,paladin,retribution,12,4,8
Yakuron,blackhand,384,paladin,retribution,12,4,8
Palapaye,archimonde,384,paladin,retribution,12,4,8
Pecar,stormscale,384,paladin,retribution,12,4,8
Douglazz,tarren-mill,384,paladin,retribution,13,4,9
Artonus,sylvanas,384,paladin,retribution,14,4,10
Алекхей,gordunni,384,paladin,retribution,18,4,14
Pepegasensei,ravencrest,384,paladin,retribution,18,4,14
Forthy,drakthul,384,paladin,retribution,18,4,14
Greyeyed,kazzak,384,paladin,retribution,18,4,14
Защешот,gordunni,384,paladin,retribution,18,4,14
Астарин,gordunni,384,paladin,retribution,18,4,14
Masuroc,antonidas,384,paladin,retribution,18,4,14
Cadearas,antonidas,384,paladin,retribution,18,4,14
Orbia,draenor,384,paladin,retribution,18,4,14
Galaerøn,elune,384,paladin,retribution,18,4,14
Anesthesiax,ravencrest,384,paladin,retribution,18,4,14
Halldòr,ravencrest,384,paladin,retribution,18,4,14
Neyd,hyjal,384,paladin,retribution,18,4,14
Supersnubben,grim-batol,383,paladin,retribution,6,4,2
Tank,uldum,383,paladin,retribution,6,4,2
Fannii,ravencrest,383,paladin,retribution,6,4,2
Krögerelf,garrosh,383,paladin,retribution,6,4,2
Stêx,anubarak,383,paladin,retribution,6,4,2
Lancelhot,archimonde,383,paladin,retribution,6,4,2
Рукаф,soulflayer,383,paladin,retribution,6,4,2
Tobebryant,eonar,383,paladin,retribution,6,4,2
Цитри,borean-tundra,383,paladin,retribution,6,4,2
Fløki,blackrock,383,paladin,retribution,6,4,2
Buddy,conseil-des-ombres,383,paladin,retribution,9,5,4
Paladoon,ravencrest,383,paladin,retribution,12,4,8
Ressurection,outland,383,paladin,retribution,12,4,8
Omixlis,ragnaros,383,paladin,retribution,12,4,8
Donfilippo,burning-legion,383,paladin,retribution,12,4,8
Giuliagirod,kazzak,383,paladin,retribution,12,4,8
Ashreaver,burning-legion,383,paladin,retribution,12,4,8
Hilkisen,ragnaros,383,paladin,retribution,12,4,8
Käylä,silvermoon,383,paladin,retribution,12,4,8
Chunpala,silvermoon,383,paladin,retribution,12,4,8
Ратомир,howling-fjord,383,paladin,retribution,14,4,10
Anamary,ravencrest,383,paladin,retribution,15,4,11
Ságé,thrall,383,paladin,retribution,16,4,12
Lavacalistar,turalyon,383,paladin,retribution,21,5,16
Shurikèn,khaz-modan,382,paladin,retribution,6,4,2
Севенола,galakrond,381,paladin,retribution,12,4,8
Куоширо,goldrinn,381,paladin,retribution,12,4,8
Palastratos,turalyon,379,paladin,retribution,12,4,8
Bellight,sinstralis,376,paladin,retribution,19,4,15
Errn,ragnaros,367,paladin,retribution,11,4,7
Spóntaneous,ravencrest,351,paladin,retribution,8,5,3
Emakk,darksorrow,351,paladin,retribution,8,5,3
Олегсудья,howling-fjord,351,paladin,retribution,11,4,7
Madzy,archimonde,351,paladin,retribution,11,4,7
Joeintkaa,ragnaros,351,paladin,retribution,11,4,7
Kantfyrste,ravencrest,351,paladin,retribution,11,4,7
Strcker,sylvanas,336,paladin,retribution,9,4,5
Serawyn,twisting-nether,336,paladin,retribution,9,4,5
Freemain,doomhammer,336,paladin,retribution,9,4,5
Нимбоо,soulflayer,335,paladin,retribution,11,4,7
Sunsera,blackrock,330,paladin,retribution,8,5,3
Alanore,tarren-mill,330,paladin,retribution,13,6,7
Каплясвета,gordunni,330,paladin,retribution,15,5,10
Enary,zuljin,330,paladin,retribution,15,5,10
Moraru,neptulon,330,paladin,retribution,16,5,11
Matharr,kazzak,330,paladin,retribution,19,5,14
Stonebeard,ahnqiraj,329,paladin,retribution,25,5,20
Bafbaf,arathi,329,paladin,retribution,30,5,25
Reiwyn,archimonde,320,paladin,retribution,10,4,6
Glâdiatør,blackrock,320,paladin,retribution,10,4,6
Kyazar,sylvanas,319,paladin,retribution,5,4,1
Strìke,ragnaros,319,paladin,retribution,8,4,4
Kýríl,antonidas,319,paladin,retribution,14,4,10
Артуроэльф,eversong,318,paladin,retribution,11,4,7
Majk,hellscream,304,paladin,retribution,19,4,15
Dominoeffect,sylvanas,288,paladin,retribution,6,3,3
Lotheirid,antonidas,288,paladin,retribution,6,3,3
Azzaelea,tarren-mill,288,paladin,retribution,6,3,3
Véngeance,twilights-hammer,288,paladin,retribution,6,3,3
Tyn,dragonmaw,288,paladin,retribution,6,3,3
Retroxy,stormreaver,288,paladin,retribution,6,3,3
Holythore,shadowsong,288,paladin,retribution,6,3,3
Sparckqt,nemesis,288,paladin,retribution,6,3,3
Xirac,antonidas,288,paladin,retribution,6,3,3
Partur,stormreaver,288,paladin,retribution,6,3,3
Eyebluee,tarren-mill,288,paladin,retribution,6,3,3
Redex,tarren-mill,288,paladin,retribution,6,3,3
Дджаб,booty-bay,288,paladin,retribution,6,3,3
Gulyas,tarren-mill,288,paladin,retribution,6,3,3
Ðåøóýöøðí,ravencrest,288,paladin,retribution,6,3,3
Steínsgate,ravencrest,288,paladin,retribution,6,3,3
Watchmestomp,draenor,288,paladin,retribution,6,3,3
Рукибудды,soulflayer,288,paladin,retribution,6,3,3
Джедай,blackscar,288,paladin,retribution,6,3,3
Glorfindel,tarren-mill,288,paladin,retribution,6,3,3
Æternal,arathor,288,paladin,retribution,6,3,3
Faté,madmortem,288,paladin,retribution,6,3,3
Razztafari,tarren-mill,288,paladin,retribution,6,3,3
Hanksolos,drakthul,288,paladin,retribution,6,3,3
Kelsumi,draenor,288,paladin,retribution,6,3,3
Djpalacinka,drakthul,288,paladin,retribution,6,3,3
Veo,sylvanas,288,paladin,retribution,6,3,3
Vultrix,tarren-mill,288,paladin,retribution,6,3,3
Киръпич,grom,288,paladin,retribution,6,3,3
Eärendil,drakthul,288,paladin,retribution,6,3,3
Arkhàn,ravencrest,288,paladin,retribution,6,3,3
Sakulchan,antonidas,288,paladin,retribution,6,3,3
Рамстафарай,gordunni,288,paladin,retribution,6,3,3
Isgarot,pozzo-delleternità,288,paladin,retribution,6,3,3
Khredo,eredar,288,paladin,retribution,6,3,3
Windwings,drakthul,288,paladin,retribution,6,3,3
Nympa,sylvanas,288,paladin,retribution,6,3,3
Akcope,thunderhorn,288,paladin,retribution,6,3,3
Cloudlight,argent-dawn,288,paladin,retribution,6,3,3
Roxian,burning-blade,288,paladin,retribution,6,3,3
Leouric,argent-dawn,288,paladin,retribution,6,3,3
Madman,drakthul,288,paladin,retribution,6,3,3
Gaizilla,burning-blade,288,paladin,retribution,6,3,3
Brinkz,argent-dawn,288,paladin,retribution,6,3,3
Ïrönhämmër,argent-dawn,288,paladin,retribution,6,3,3
Юримия,blackscar,288,paladin,retribution,6,3,3
Neoz,ravencrest,288,paladin,retribution,6,3,3
Бигтедо,gordunni,288,paladin,retribution,6,3,3
Зеппели,gordunni,288,paladin,retribution,6,3,3
Xônia,sylvanas,288,paladin,retribution,6,3,3
Noanoshy,eredar,288,paladin,retribution,6,3,3
Stocks,burning-blade,288,paladin,retribution,6,3,3
Лайсен,gordunni,288,paladin,retribution,6,3,3
Lyrïcs,ysondre,288,paladin,retribution,6,3,3
Grial,eredar,288,paladin,retribution,6,3,3
Exero,frostmane,288,paladin,retribution,6,3,3
Ruben,kirin-tor,288,paladin,retribution,6,3,3
Lightstorm,voljin,288,paladin,retribution,6,3,3
Sixtynien,outland,288,paladin,retribution,6,3,3
Divinemove,stormscale,288,paladin,retribution,6,3,3
Retrigodx,ragnaros,288,paladin,retribution,6,3,3
Shaká,ravencrest,288,paladin,retribution,6,3,3
Zeltose,uldaman,288,paladin,retribution,6,3,3
Tonynox,hyjal,288,paladin,retribution,6,3,3
Hondur,blackmoore,288,paladin,retribution,6,3,3
Fløcki,blackhand,288,paladin,retribution,6,3,3
Tjú,mannoroth,288,paladin,retribution,6,3,3
Sarunan,ravencrest,288,paladin,retribution,6,3,3
Astralenigma,hyjal,288,paladin,retribution,6,3,3
Лантана,howling-fjord,288,paladin,retribution,6,3,3
Holyhäätz,aegwynn,288,paladin,retribution,6,3,3
Fumbz,alakir,288,paladin,retribution,6,3,3
Eldivin,hyjal,288,paladin,retribution,6,3,3
Мортлайт,soulflayer,288,paladin,retribution,6,3,3
Sérath,twisting-nether,288,paladin,retribution,6,3,3
Kishijoten,archimonde,288,paladin,retribution,6,3,3
Paidi,die-todeskrallen,288,paladin,retribution,6,3,3
Baltyros,thrall,288,paladin,retribution,6,3,3
Wtyou,blackhand,288,paladin,retribution,6,3,3
Thalyia,neptulon,288,paladin,retribution,6,3,3
Киэрсис,howling-fjord,288,paladin,retribution,6,3,3
Astralz,aegwynn,288,paladin,retribution,6,3,3
Prâtox,blackmoore,288,paladin,retribution,6,3,3
Yaldly,dun-modr,288,paladin,retribution,6,3,3
Shealby,thrall,288,paladin,retribution,6,3,3
Pallajalla,the-maelstrom,288,paladin,retribution,6,3,3
Tyranius,bronzebeard,288,paladin,retribution,6,3,3
Khrogan,bronzebeard,288,paladin,retribution,6,3,3
Gx6F92B6,draenor,288,paladin,retribution,6,3,3
Bämschi,blackrock,288,paladin,retribution,6,3,3
Ñusret,aegwynn,288,paladin,retribution,6,3,3
Muieiulica,twisting-nether,288,paladin,retribution,6,3,3
Mayhem,area-52,288,paladin,retribution,6,3,3
Holyshêêt,draenor,288,paladin,retribution,6,3,3
Кс,greymane,288,paladin,retribution,6,3,3
Raketenreiko,blackrock,288,paladin,retribution,6,3,3
Gipas,quelthalas,288,paladin,retribution,6,3,3
Stárchy,terenas,288,paladin,retribution,6,3,3
Bogrács,silvermoon,288,paladin,retribution,6,3,3
Ozen,blackrock,288,paladin,retribution,6,3,3
Lóde,silvermoon,288,paladin,retribution,6,3,3
Strangerx,blackrock,288,paladin,retribution,6,3,3
Freakks,twisting-nether,288,paladin,retribution,6,3,3
ßßæßßæßß,stormscale,288,paladin,retribution,6,3,3
Cilodin,blackrock,288,paladin,retribution,6,3,3
Xirôs,zirkel-des-cenarius,288,paladin,retribution,6,3,3
Palapouffe,khaz-modan,288,paladin,retribution,6,3,3
Dédoniste,archimonde,288,paladin,retribution,6,3,3
Neithi,twisting-nether,288,paladin,retribution,6,3,3
Hione,burning-legion,288,paladin,retribution,6,3,3
Zondãn,blackrock,288,paladin,retribution,6,3,3
Rômtone,dalaran,288,paladin,retribution,6,3,3
Minirempart,khaz-modan,288,paladin,retribution,6,3,3
Blookedaro,sanguino,288,paladin,retribution,6,3,3
Emet,twisting-nether,288,paladin,retribution,6,3,3
Poutoux,archimonde,288,paladin,retribution,6,3,3
Dyonisøs,archimonde,288,paladin,retribution,6,3,3
Partysyster,defias-brotherhood,288,paladin,retribution,6,3,3
Bangßros,archimonde,288,paladin,retribution,6,3,3
Ønyxqt,archimonde,288,paladin,retribution,6,3,3
Sekoran,sunstrider,288,paladin,retribution,6,3,3
Myradur,burning-legion,288,paladin,retribution,6,3,3
Bootysmasher,silvermoon,288,paladin,retribution,6,3,3
Yurinovsky,aggra-português,288,paladin,retribution,6,3,3
Vaciusta,silvermoon,288,paladin,retribution,6,3,3
Reptoglad,archimonde,288,paladin,retribution,6,3,3
Moolurk,stormscale,288,paladin,retribution,6,3,3
Golgel,turalyon,288,paladin,retribution,6,3,3
Lolsurprise,twisting-nether,288,paladin,retribution,6,3,3
Répo,twisting-nether,288,paladin,retribution,6,3,3
Nam,culte-de-la-rive-noire,288,paladin,retribution,6,3,3
Hium,zuljin,288,paladin,retribution,6,3,3
Xalthan,defias-brotherhood,288,paladin,retribution,6,3,3
Silverglaze,defias-brotherhood,288,paladin,retribution,6,3,3
Synexy,kazzak,288,paladin,retribution,6,3,3
Animegifx,ragnaros,288,paladin,retribution,6,3,3
Darnito,blackmoore,288,paladin,retribution,6,3,3
Lixîa,hyjal,288,paladin,retribution,6,3,3
Synthesis,uldum,288,paladin,retribution,6,3,3
Fogell,ravencrest,288,paladin,retribution,6,3,3
Taukkï,kazzak,288,paladin,retribution,6,3,3
Kielonpala,kazzak,288,paladin,retribution,6,3,3
Môdhân,archimonde,288,paladin,retribution,6,3,3
Aoldur,ragnaros,288,paladin,retribution,6,3,3
Zetnic,kazzak,288,paladin,retribution,6,3,3
Gambá,stormscale,288,paladin,retribution,6,3,3
Aklime,blackmoore,288,paladin,retribution,6,3,3
Palá,dun-modr,288,paladin,retribution,6,3,3
Milkzaddy,kazzak,288,paladin,retribution,6,3,3
Fahrèl,hyjal,288,paladin,retribution,6,3,3
Illmindofyou,twisting-nether,288,paladin,retribution,6,3,3
Ljusbågen,silvermoon,288,paladin,retribution,7,3,4
Dorlen,argent-dawn,288,paladin,retribution,10,4,6
Rubína,aegwynn,288,paladin,retribution,8,3,5
Aenhel,zuljin,288,paladin,retribution,11,4,7
Parlma,naxxramas,288,paladin,retribution,13,4,9
Dragg,kirin-tor,288,paladin,retribution,10,3,7
Trollpaladin,blackmoore,288,paladin,retribution,12,3,9
Turbopal,burning-blade,288,paladin,retribution,12,3,9
Razzim,eredar,288,paladin,retribution,12,3,9
Manole,ravencrest,288,paladin,retribution,12,3,9
Cigoveth,sylvanas,288,paladin,retribution,12,3,9
Lacrossé,kazzak,288,paladin,retribution,12,3,9
Dalaly,kazzak,288,paladin,retribution,12,3,9
Mandingbull,stormscale,288,paladin,retribution,12,3,9
Кесару,goldrinn,288,paladin,retribution,12,3,9
Byczorek,turalyon,288,paladin,retribution,12,3,9
Strikè,stormscale,288,paladin,retribution,12,3,9
Simsaii,stormscale,288,paladin,retribution,12,3,9
Djuwuu,twisting-nether,288,paladin,retribution,12,3,9
Nîcolascage,stormscale,288,paladin,retribution,12,3,9
Boscho,argent-dawn,288,paladin,retribution,12,3,9
Аладушок,gordunni,288,paladin,retribution,12,3,9
Dathea,aegwynn,288,paladin,retribution,12,3,9
Whórainzóne,eredar,288,paladin,retribution,12,3,9
Daddysiliam,ravencrest,288,paladin,retribution,12,3,9
Kypamop,argent-dawn,288,paladin,retribution,12,3,9
Arthàs,blackmoore,288,paladin,retribution,12,3,9
Deldrina,nozdormu,288,paladin,retribution,12,3,9
Flogiston,burning-legion,288,paladin,retribution,12,3,9
Dmascus,blackrock,288,paladin,retribution,12,3,9
Sangaro,ragnaros,288,paladin,retribution,12,3,9
Бетте,gordunni,288,paladin,retribution,12,3,9
Астта,fordragon,288,paladin,retribution,12,3,9
Kiytrew,ravencrest,288,paladin,retribution,12,3,9
Lylennâ,argent-dawn,288,paladin,retribution,12,3,9
Arethos,twisting-nether,288,paladin,retribution,12,3,9
Legâin,twisting-nether,288,paladin,retribution,12,3,9
Ahreesh,blackrock,288,paladin,retribution,12,3,9
Найдэкер,gordunni,288,paladin,retribution,12,3,9
Ragen,kazzak,288,paladin,retribution,12,3,9
Pascual,magtheridon,288,paladin,retribution,12,3,9
Çolette,silvermoon,288,paladin,retribution,12,3,9
Janky,draenor,288,paladin,retribution,12,3,9
Skuzee,archimonde,288,paladin,retribution,12,3,9
Xzpal,silvermoon,288,paladin,retribution,12,3,9
Дэвсон,greymane,288,paladin,retribution,12,3,9
Synáx,blackhand,288,paladin,retribution,12,3,9
Wolluna,frostwolf,288,paladin,retribution,12,3,9
Miqee,burning-legion,288,paladin,retribution,12,3,9
Lucyd,stormscale,288,paladin,retribution,12,3,9
Blecheîmer,aegwynn,288,paladin,retribution,12,3,9
Cilla,kult-der-verdammten,288,paladin,retribution,12,3,9
Загошслакер,howling-fjord,288,paladin,retribution,12,3,9
Ашилолпро,soulflayer,288,paladin,retribution,12,3,9
Ауё,blackscar,288,paladin,retribution,12,3,9
Pikoman,hellfire,288,paladin,retribution,12,3,9
Diccari,stormreaver,288,paladin,retribution,12,3,9
Izelv,dalaran,288,paladin,retribution,12,3,9
Ваэлин,deathweaver,288,paladin,retribution,12,3,9
Popolelo,dun-modr,288,paladin,retribution,12,3,9
Галлионн,gordunni,288,paladin,retribution,12,3,9
Inmortality,sanguino,288,paladin,retribution,12,3,9
Nordiusek,drakthul,288,paladin,retribution,12,3,9
Japsee,runetotem,288,paladin,retribution,12,3,9
Deholyloa,frostwhisper,288,paladin,retribution,12,3,9
Мува,soulflayer,288,paladin,retribution,14,3,11
Ulderoth,dun-modr,288,paladin,retribution,18,3,15
Skemfar,sanguino,288,paladin,retribution,18,3,15
Símp,grim-batol,288,paladin,retribution,18,3,15
Fenik,dun-modr,288,paladin,retribution,18,3,15
Ллосла,howling-fjord,288,paladin,retribution,18,3,15
Mêyra,blackhand,288,paladin,retribution,20,3,17
Malzj,garrosh,287,paladin,retribution,6,3,3
Хеллпанч,howling-fjord,287,paladin,retribution,6,3,3
Blinklys,ragnaros,287,paladin,retribution,6,3,3
Flashyplays,silvermoon,287,paladin,retribution,6,3,3
Sìegfrìed,sargeras,287,paladin,retribution,6,3,3
Sindur,perenolde,287,paladin,retribution,6,3,3
Bedrock,kirin-tor,287,paladin,retribution,6,3,3
Arthane,frostmane,287,paladin,retribution,6,3,3
Ïwâ,hyjal,287,paladin,retribution,6,3,3
Айронс,ashenvale,287,paladin,retribution,6,3,3
Hrubo,drakthul,287,paladin,retribution,6,3,3
Bore,culte-de-la-rive-noire,287,paladin,retribution,12,3,9
Cajikpal,drakthul,287,paladin,retribution,12,3,9
Thardran,ravencrest,287,paladin,retribution,12,3,9
Voraxpa,draenor,287,paladin,retribution,12,3,9
Trevorion,argent-dawn,287,paladin,retribution,12,3,9
Grundgron,burning-legion,287,paladin,retribution,15,3,12
Rsanchez,frostwolf,286,paladin,retribution,6,3,3
Yeretria,krasus,286,paladin,retribution,6,3,3
Fortplus,pozzo-delleternità,272,paladin,retribution,14,6,8
Рбгхил,howling-fjord,271,paladin,retribution,11,3,8
Tofrus,kazzak,271,paladin,retribution,11,3,8
Brictom,tarren-mill,271,paladin,retribution,11,3,8
Spánkit,stormscale,255,paladin,retribution,8,4,4
Davairabotai,kazzak,255,paladin,retribution,14,4,10
Msammus,kazzak,255,paladin,retribution,11,3,8
Erannor,kirin-tor,239,paladin,retribution,5,3,2
Crîîngêr,blackhand,239,paladin,retribution,5,3,2
Pooncy,ragnaros,239,paladin,retribution,5,3,2
Papel,kul-tiras,239,paladin,retribution,5,3,2
Tivv,blackhand,239,paladin,retribution,5,3,2
Manyouk,kazzak,239,paladin,retribution,5,3,2
Loire,blackmoore,239,paladin,retribution,5,3,2
Gõm,aegwynn,239,paladin,retribution,5,3,2
Sàbèr,blackmoore,239,paladin,retribution,11,3,8
Tÿy,sylvanas,234,paladin,retribution,8,4,4
Pelbo,ravencrest,234,paladin,retribution,9,4,5
Dørvâp,culte-de-la-rive-noire,234,paladin,retribution,11,4,7
Bigwings,stormscale,208,paladin,retribution,7,3,4
Denko,ravencrest,192,paladin,retribution,4,3,1
Йёкипавер,gordunni,192,paladin,retribution,4,3,1
Fîzè,blackmoore,192,paladin,retribution,4,3,1
Pitux,dun-modr,192,paladin,retribution,4,3,1
Rimlod,saurfang,192,paladin,retribution,6,2,4
Jÿnxx,hyjal,192,paladin,retribution,6,2,4
Gryan,stormscale,192,paladin,retribution,6,2,4
Дрейв,soulflayer,192,paladin,retribution,6,2,4
Kael,darkspear,192,paladin,retribution,6,2,4
Vans,nazjatar,192,paladin,retribution,6,2,4
Загадзуга,howling-fjord,192,paladin,retribution,6,2,4
Retrikuc,stormscale,192,paladin,retribution,6,2,4
Clerik,eredar,192,paladin,retribution,6,2,4
Grømit,drakthul,192,paladin,retribution,6,2,4
Светочпок,howling-fjord,192,paladin,retribution,6,2,4
Daizen,blackrock,192,paladin,retribution,6,2,4
Daviaa,silvermoon,192,paladin,retribution,6,2,4
Logmár,sanguino,192,paladin,retribution,6,2,4
Frías,zuljin,192,paladin,retribution,6,2,4
Сильверный,gordunni,192,paladin,retribution,6,2,4
Strøb,antonidas,192,paladin,retribution,6,2,4
Ôrâ,archimonde,192,paladin,retribution,6,2,4
Holybubble,stormscale,192,paladin,retribution,6,2,4
Туларион,grom,192,paladin,retribution,6,2,4
Бойкийкот,eversong,192,paladin,retribution,6,2,4
Némesis,frostmane,192,paladin,retribution,6,2,4
Холигор,deathguard,192,paladin,retribution,6,2,4
Alus,blackmoore,192,paladin,retribution,6,2,4
Raigun,sylvanas,192,paladin,retribution,6,2,4
Pipifeng,silvermoon,192,paladin,retribution,6,2,4
Trainwréck,ravencrest,192,paladin,retribution,6,2,4
Drasir,nemesis,192,paladin,retribution,6,2,4
Pyronort,eredar,192,paladin,retribution,6,2,4
Aal,eredar,192,paladin,retribution,6,2,4
Unogym,dragonblight,192,paladin,retribution,6,2,4
Vikingensven,silvermoon,192,paladin,retribution,6,2,4
Beiluoshimen,archimonde,192,paladin,retribution,6,2,4
Dàk,grim-batol,192,paladin,retribution,6,2,4
Ньюзеропал,howling-fjord,192,paladin,retribution,6,2,4
Fannypoo,sylvanas,192,paladin,retribution,6,2,4
Shápzx,draenor,192,paladin,retribution,6,2,4
Tsomoo,antonidas,192,paladin,retribution,6,2,4
Paladéán,malganis,192,paladin,retribution,6,2,4
Snowlyi,stormscale,192,paladin,retribution,6,2,4
Эйлара,howling-fjord,192,paladin,retribution,6,2,4
Ijego,silvermoon,192,paladin,retribution,6,2,4
Ðeswynd,hyjal,192,paladin,retribution,6,2,4
Onys,onyxia,192,paladin,retribution,6,2,4
Quennten,grim-batol,192,paladin,retribution,6,2,4
Shufflee,drakthul,192,paladin,retribution,6,2,4
Zuldekk,sanguino,192,paladin,retribution,6,2,4
Starr,confrérie-du-thorium,192,paladin,retribution,6,2,4
Aïzo,archimonde,192,paladin,retribution,6,2,4
Фэрплэйн,gordunni,192,paladin,retribution,6,2,4
Zbykmasta,burning-legion,192,paladin,retribution,6,2,4
Azraise,stormscale,192,paladin,retribution,6,2,4
Гачипаладинн,galakrond,192,paladin,retribution,6,2,4
Легионор,galakrond,192,paladin,retribution,6,2,4
Бордюрчег,howling-fjord,192,paladin,retribution,6,2,4
Stinkytoes,draenor,192,paladin,retribution,6,2,4
Sawier,ragnaros,192,paladin,retribution,6,2,4
Ghéttørèt,das-konsortium,192,paladin,retribution,6,2,4
Потрепал,blackscar,192,paladin,retribution,6,2,4
Nikibrahboi,outland,192,paladin,retribution,6,2,4
Пепескарлет,howling-fjord,192,paladin,retribution,6,2,4
Кизайрус,soulflayer,192,paladin,retribution,6,2,4
Palacheatlol,ysondre,192,paladin,retribution,6,2,4
Cripxoo,sanguino,192,paladin,retribution,6,2,4
Slageth,argent-dawn,192,paladin,retribution,6,2,4
Dehanath,draenor,192,paladin,retribution,6,2,4
Tybrain,blackhand,192,paladin,retribution,6,2,4
Caribbean,outland,192,paladin,retribution,6,2,4
Всеволорд,howling-fjord,192,paladin,retribution,6,2,4
Canihavesome,sylvanas,192,paladin,retribution,6,2,4
Dollicia,outland,192,paladin,retribution,6,2,4
Bozznamaan,thrall,192,paladin,retribution,6,2,4
Xephiroxus,the-venture-co,192,paladin,retribution,6,2,4
Kerplonk,burning-legion,192,paladin,retribution,6,2,4
Noxy,thrall,192,paladin,retribution,6,2,4
Sertoli,frostwhisper,192,paladin,retribution,6,2,4
Drjudge,draenor,192,paladin,retribution,6,2,4
Lowen,deathwing,192,paladin,retribution,6,2,4
Paradice,ragnaros,192,paladin,retribution,6,2,4
Bpontes,aggra-português,192,paladin,retribution,6,2,4
Leelemon,frostmane,192,paladin,retribution,6,2,4
Soralî,dethecus,192,paladin,retribution,6,2,4
Flashhèart,draenor,192,paladin,retribution,6,2,4
Palek,burning-legion,192,paladin,retribution,6,2,4
Almiraj,conseil-des-ombres,192,paladin,retribution,6,2,4
Doormat,stormreaver,192,paladin,retribution,6,2,4
Zixxo,outland,192,paladin,retribution,6,2,4
Víii,outland,192,paladin,retribution,6,2,4
Meneth,elune,192,paladin,retribution,6,2,4
Héraclèss,marécage-de-zangar,192,paladin,retribution,6,2,4
Harnêlia,marécage-de-zangar,192,paladin,retribution,6,2,4
Афликтшаман,howling-fjord,192,paladin,retribution,6,2,4
Dáimion,defias-brotherhood,192,paladin,retribution,6,2,4
Serkunkoira,emeriss,192,paladin,retribution,6,2,4
Oldsurehand,blackmoore,192,paladin,retribution,6,2,4
Вишенций,howling-fjord,192,paladin,retribution,6,2,4
Postî,eredar,192,paladin,retribution,6,2,4
Azapala,kazzak,192,paladin,retribution,6,2,4
Blurengo,blackrock,192,paladin,retribution,6,2,4
Waramo,eredar,192,paladin,retribution,6,2,4
Fortination,dalaran,192,paladin,retribution,6,2,4
Tomforøl,aggramar,192,paladin,retribution,6,2,4
Atemes,malorne,192,paladin,retribution,6,2,4
Paxillustral,twisting-nether,192,paladin,retribution,6,2,4
Serethor,blackrock,192,paladin,retribution,6,2,4
Lightsimper,silvermoon,192,paladin,retribution,6,2,4
Slymm,archimonde,192,paladin,retribution,6,2,4
Wingsftw,blackhand,192,paladin,retribution,6,2,4
Nozgot,chromaggus,192,paladin,retribution,6,2,4
Destroyer,archimonde,192,paladin,retribution,6,2,4
Кадаврициан,howling-fjord,192,paladin,retribution,6,2,4
Yømø,antonidas,192,paladin,retribution,6,2,4
Zephale,sunstrider,192,paladin,retribution,6,2,4
Millianoxys,norgannon,192,paladin,retribution,6,2,4
Антитеррор,greymane,192,paladin,retribution,6,2,4
Скруддж,howling-fjord,192,paladin,retribution,6,2,4
Arthacalan,silvermoon,192,paladin,retribution,6,2,4
Kapaeus,aggramar,192,paladin,retribution,6,2,4
Altoangelo,outland,192,paladin,retribution,6,2,4
Docoùla,twisting-nether,192,paladin,retribution,6,2,4
Blazeê,blackrock,192,paladin,retribution,6,2,4
Valanyr,kazzak,192,paladin,retribution,6,2,4
Everessa,sylvanas,192,paladin,retribution,6,2,4
Blazkowicz,twisting-nether,192,paladin,retribution,6,2,4
Eneomaos,blackrock,192,paladin,retribution,6,2,4
Spellcrow,argent-dawn,192,paladin,retribution,6,2,4
Necrozi,stormscale,192,paladin,retribution,6,2,4
Mathrixo,silvermoon,192,paladin,retribution,6,2,4
Ashariah,die-aldor,192,paladin,retribution,6,2,4
Gornim,die-nachtwache,192,paladin,retribution,6,2,4
Maxximuss,drekthar,192,paladin,retribution,6,2,4
Yuri,voljin,192,paladin,retribution,6,2,4
Yumhi,dun-modr,192,paladin,retribution,6,2,4
Элестаге,gordunni,192,paladin,retribution,6,2,4
Djstompyasis,blackmoore,192,paladin,retribution,6,2,4
Vrotkarpala,azjolnerub,192,paladin,retribution,6,2,4
Legrandnain,archimonde,192,paladin,retribution,6,2,4
Palaur,silvermoon,192,paladin,retribution,6,2,4
Eldrielle,culte-de-la-rive-noire,192,paladin,retribution,6,2,4
Drident,die-nachtwache,192,paladin,retribution,6,2,4
Ярлд,gordunni,192,paladin,retribution,6,2,4
Bigolcritty,silvermoon,192,paladin,retribution,6,2,4
Malvax,ragnaros,192,paladin,retribution,6,2,4
Ainnamash,twisting-nether,192,paladin,retribution,6,2,4
Myrmidan,magtheridon,192,paladin,retribution,6,2,4
Дэвайнэвил,gordunni,192,paladin,retribution,6,2,4
Shassera,ravencrest,192,paladin,retribution,6,2,4
Heilgaharald,blackrock,192,paladin,retribution,6,2,4
Panomecon,magtheridon,192,paladin,retribution,6,2,4
Blinkdrink,ragnaros,192,paladin,retribution,6,2,4
Vcd,kazzak,192,paladin,retribution,6,2,4
Halori,ragnaros,192,paladin,retribution,6,2,4
Samypalouf,naxxramas,192,paladin,retribution,6,2,4
Rdypaladin,ravencrest,192,paladin,retribution,6,2,4
Nasrudan,ravenholdt,192,paladin,retribution,6,2,4
Razarus,sylvanas,192,paladin,retribution,6,2,4
Maxunius,antonidas,192,paladin,retribution,6,2,4
Teenage,colinas-pardas,192,paladin,retribution,6,2,4
Tópgee,ravencrest,192,paladin,retribution,6,2,4
Holyape,argent-dawn,192,paladin,retribution,6,2,4
Pallyman,arthas,192,paladin,retribution,6,2,4
Ríék,lightbringer,192,paladin,retribution,6,2,4
Alto,nordrassil,192,paladin,retribution,6,2,4
Bálerion,bronze-dragonflight,192,paladin,retribution,6,2,4
Yaxz,ravencrest,192,paladin,retribution,6,2,4
Breakafly,doomhammer,192,paladin,retribution,6,2,4
Fizzyy,ragnaros,192,paladin,retribution,6,2,4
Аргонис,gordunni,192,paladin,retribution,6,2,4
Тайела,gordunni,192,paladin,retribution,10,3,7
Votiones,tarren-mill,192,paladin,retribution,7,2,5
Плат,gordunni,192,paladin,retribution,7,2,5
Holymolee,blackmoore,192,paladin,retribution,9,2,7
Whitebronco,tarren-mill,192,paladin,retribution,12,2,10
Hordium,doomhammer,192,paladin,retribution,12,2,10
Лимфома,goldrinn,192,paladin,retribution,12,2,10
Rîex,alleria,192,paladin,retribution,12,2,10
Lihli,wildhammer,192,paladin,retribution,12,2,10
Samious,draenor,192,paladin,retribution,12,2,10
Docdoolittle,magtheridon,192,paladin,retribution,12,2,10
Muuclear,twisting-nether,192,paladin,retribution,12,2,10
Svddendeäthx,ragnaros,192,paladin,retribution,12,2,10
Remedios,archimonde,192,paladin,retribution,12,2,10
Lightian,twisting-nether,192,paladin,retribution,12,2,10
Мунрейм,gordunni,192,paladin,retribution,12,2,10
Chitanta,sylvanas,192,paladin,retribution,12,2,10
Paladinslaye,dun-modr,192,paladin,retribution,12,2,10
Ragneal,hyjal,192,paladin,retribution,12,2,10
Leriell,ravencrest,192,paladin,retribution,12,2,10
Tressðr,dun-modr,192,paladin,retribution,12,2,10
Reinwaltz,the-maelstrom,192,paladin,retribution,12,2,10
Angeliqué,alakir,192,paladin,retribution,12,2,10
Cunix,draenor,192,paladin,retribution,12,2,10
Crawini,ragnaros,192,paladin,retribution,12,2,10
Poloqq,burning-legion,192,paladin,retribution,12,2,10
Djasuo,burning-blade,192,paladin,retribution,12,2,10
Konardos,burning-legion,192,paladin,retribution,12,2,10
Verix,thrall,192,paladin,retribution,12,2,10
Lowfi,argent-dawn,192,paladin,retribution,12,2,10
Larialaya,thrall,192,paladin,retribution,12,2,10
Erathör,sanguino,192,paladin,retribution,12,2,10
Хадакур,howling-fjord,192,paladin,retribution,12,2,10
Rhyua,eredar,192,paladin,retribution,12,2,10
Mariuhûna,blackmoore,192,paladin,retribution,12,2,10
Wigbilly,tarren-mill,192,paladin,retribution,12,2,10
Luzk,sanguino,192,paladin,retribution,12,2,10
Pârâsite,hyjal,192,paladin,retribution,12,2,10
Кхарнх,soulflayer,192,paladin,retribution,12,2,10
Kökslaktarn,sylvanas,192,paladin,retribution,21,3,18
Stillgard,ghostlands,192,paladin,retribution,15,2,13
Cyxanacma,silvermoon,192,paladin,retribution,18,2,16
Onestone,wrathbringer,192,paladin,retribution,18,2,16
Snakedubaby,blackrock,192,paladin,retribution,24,2,22
Broziopath,blackrock,191,paladin,retribution,6,2,4
Ârthâstrâs,terrordar,191,paladin,retribution,6,2,4
Duckula,ravenholdt,191,paladin,retribution,6,2,4
Palazs,ravencrest,191,paladin,retribution,6,2,4
Derbrècher,azshara,191,paladin,retribution,6,2,4
Maitrelampe,argent-dawn,180,paladin,retribution,29,7,22
Thelronis,kelthuzad,175,paladin,retribution,11,2,9
Riukÿ,nemesis,159,paladin,retribution,5,2,3
Geronimooh,vashj,159,paladin,retribution,5,2,3
Софилион,gordunni,159,paladin,retribution,5,2,3
Taigetos,draenor,159,paladin,retribution,5,2,3
Heiemdall,azuremyst,159,paladin,retribution,5,2,3
Serita,archimonde,159,paladin,retribution,11,2,9
Trístesse,tarren-mill,159,paladin,retribution,11,2,9
Kelianna,drakthul,144,paladin,retribution,6,3,3
Амнон,goldrinn,144,paladin,retribution,9,2,7
Dodgemyhoj,kazzak,144,paladin,retribution,15,2,13
Tayun,blackmoore,144,paladin,retribution,21,2,19
Еребор,howling-fjord,143,paladin,retribution,15,2,13
Braiinafk,thrall,138,paladin,retribution,6,3,3
Скелфер,soulflayer,138,paladin,retribution,8,3,5
Jesamine,blackmoore,138,paladin,retribution,9,3,6
Gerisha,blackrock,138,paladin,retribution,9,3,6
Qpax,twisting-nether,128,paladin,retribution,4,2,2
Гацкан,gordunni,128,paladin,retribution,4,2,2
Mouzimaru,tarren-mill,128,paladin,retribution,10,2,8
Zenfuki,draenor,96,paladin,retribution,3,2,1
Маефис,gordunni,96,paladin,retribution,3,2,1
Aalyaah,zirkel-des-cenarius,96,paladin,retribution,3,2,1
Thaderyl,auchindoun,96,paladin,retribution,6,1,5
Morninnstaar,kazzak,96,paladin,retribution,6,1,5
Старыйграф,gordunni,96,paladin,retribution,6,1,5
Szaporító,ragnaros,96,paladin,retribution,6,1,5
Defuzes,twisting-nether,96,paladin,retribution,6,1,5
Édèn,les-sentinelles,96,paladin,retribution,6,1,5
Hølyshøckz,blackmoore,96,paladin,retribution,6,1,5
Пилоттыч,gordunni,96,paladin,retribution,6,1,5
Моррзито,soulflayer,96,paladin,retribution,6,1,5
Fraubest,antonidas,96,paladin,retribution,6,1,5
Ellisdee,kazzak,96,paladin,retribution,6,1,5
Zeroskills,tarren-mill,96,paladin,retribution,6,1,5
Vindorus,archimonde,96,paladin,retribution,6,1,5
Holyhannes,blackmoore,96,paladin,retribution,6,1,5
Shanilia,argent-dawn,96,paladin,retribution,6,1,5
Paladzor,twisting-nether,96,paladin,retribution,6,1,5
Эльтарус,soulflayer,96,paladin,retribution,6,1,5
Ragie,twisting-nether,96,paladin,retribution,6,1,5
Notingvar,doomhammer,96,paladin,retribution,6,1,5
Kefalas,ravencrest,96,paladin,retribution,6,1,5
Humbatäterä,blackmoore,96,paladin,retribution,6,1,5
Rekkt,ravenholdt,96,paladin,retribution,6,1,5
Røse,argent-dawn,96,paladin,retribution,6,1,5
Tozzey,defias-brotherhood,96,paladin,retribution,6,1,5
Хилтонепта,gordunni,96,paladin,retribution,6,1,5
Methynox,khaz-modan,96,paladin,retribution,6,1,5
Naska,nemesis,96,paladin,retribution,6,1,5
Miawyn,blackmoore,96,paladin,retribution,6,1,5
Xôpâl,kazzak,96,paladin,retribution,6,1,5
Graphpora,argent-dawn,96,paladin,retribution,6,1,5
Thozne,cthun,96,paladin,retribution,6,1,5
Мэркес,fordragon,96,paladin,retribution,6,1,5
Bráders,thunderhorn,96,paladin,retribution,6,1,5
Lezoom,draenor,96,paladin,retribution,6,1,5
Holyloa,laughing-skull,96,paladin,retribution,6,1,5
Donpascualo,dun-modr,96,paladin,retribution,6,1,5
Syfaria,eldrethalas,96,paladin,retribution,6,1,5
Brightgrove,silvermoon,96,paladin,retribution,6,1,5
Päyback,nagrand,96,paladin,retribution,6,1,5
Dänie,silvermoon,96,paladin,retribution,6,1,5
Mèlow,dalaran,96,paladin,retribution,6,1,5
Trwwsano,stormscale,96,paladin,retribution,6,1,5
Vokesh,silvermoon,96,paladin,retribution,6,1,5
Aggressìon,twisting-nether,96,paladin,retribution,6,1,5
Balderstomp,jaedenar,96,paladin,retribution,6,1,5
Artplex,ravencrest,96,paladin,retribution,6,1,5
Atacan,twisting-nether,96,paladin,retribution,6,1,5
Palamaister,stormscale,96,paladin,retribution,6,1,5
Kambood,twisting-nether,96,paladin,retribution,6,1,5
Astolfia,silvermoon,96,paladin,retribution,6,1,5
Bôomayé,archimonde,96,paladin,retribution,6,1,5
Évo,drakthul,96,paladin,retribution,6,1,5
Týrone,blackrock,96,paladin,retribution,6,1,5
Monmo,emerald-dream,96,paladin,retribution,6,1,5
Stabilisator,blackrock,96,paladin,retribution,6,1,5
Istani,twisting-nether,96,paladin,retribution,6,1,5
Винзерг,ashenvale,96,paladin,retribution,6,1,5
Eylina,ragnaros,96,paladin,retribution,6,1,5
Taptreus,antonidas,96,paladin,retribution,6,1,5
Sanctùs,argent-dawn,96,paladin,retribution,6,1,5
Highlòrd,silvermoon,96,paladin,retribution,6,1,5
Friemelaar,silvermoon,96,paladin,retribution,6,1,5
Dildodin,ravencrest,96,paladin,retribution,6,1,5
Jûliâ,archimonde,96,paladin,retribution,6,1,5
Stealop,malfurion,96,paladin,retribution,6,1,5
Saiyaan,silvermoon,96,paladin,retribution,6,1,5
Zandathor,chamber-of-aspects,96,paladin,retribution,6,1,5
Møg,blackrock,96,paladin,retribution,6,1,5
Ibubbleqt,outland,96,paladin,retribution,6,1,5
Subzery,blackrock,96,paladin,retribution,6,1,5
Kimozabie,ravencrest,96,paladin,retribution,6,1,5
Jehovaa,ragnaros,96,paladin,retribution,6,1,5
Taraniah,argent-dawn,96,paladin,retribution,6,1,5
Pussas,burning-legion,96,paladin,retribution,6,1,5
Skullreaper,mannoroth,96,paladin,retribution,6,1,5
Блейзр,ashenvale,96,paladin,retribution,6,1,5
Omranator,stormscale,96,paladin,retribution,6,1,5
Aluzza,sylvanas,96,paladin,retribution,6,1,5
Scorebit,draenor,96,paladin,retribution,6,1,5
Nexo,bloodscalp,96,paladin,retribution,6,1,5
Bergalerga,frostmane,96,paladin,retribution,6,1,5
Serberen,ravencrest,96,paladin,retribution,6,1,5
Mearsheimer,ysondre,96,paladin,retribution,6,1,5
Flashyo,archimonde,96,paladin,retribution,6,1,5
Hiilton,silvermoon,96,paladin,retribution,6,1,5
Aludra,twisting-nether,96,paladin,retribution,6,1,5
Karo,wildhammer,96,paladin,retribution,6,1,5
Dawnbringer,stormscale,96,paladin,retribution,6,1,5
Nijówka,burning-legion,96,paladin,retribution,6,1,5
Grannybash,silvermoon,96,paladin,retribution,6,1,5
Azmocore,blackhand,96,paladin,retribution,6,1,5
Hyggë,sanguino,96,paladin,retribution,6,1,5
Battlelord,terokkar,96,paladin,retribution,6,1,5
Akagami,ysondre,96,paladin,retribution,6,1,5
Leoniidas,cthun,96,paladin,retribution,6,1,5
Cazzanova,draenor,96,paladin,retribution,6,1,5
Tamuz,chamber-of-aspects,96,paladin,retribution,6,1,5
Brechtje,nagrand,96,paladin,retribution,6,1,5
Sínístre,hyjal,96,paladin,retribution,6,1,5
Amoxapine,hyjal,96,paladin,retribution,6,1,5
Хам,razuvious,96,paladin,retribution,6,1,5
Sèrgàs,blackhand,96,paladin,retribution,6,1,5
Amadeo,genjuros,96,paladin,retribution,6,1,5
Starcheto,silvermoon,96,paladin,retribution,6,1,5
Styleez,blackrock,96,paladin,retribution,6,1,5
Светиздырки,howling-fjord,96,paladin,retribution,6,1,5
Holyherb,the-maelstrom,96,paladin,retribution,6,1,5
Bighugg,draenor,96,paladin,retribution,6,1,5
Rataxes,stormreaver,96,paladin,retribution,6,1,5
Aion,chamber-of-aspects,96,paladin,retribution,6,1,5
Harvel,outland,96,paladin,retribution,6,1,5
Bigfatpig,ravencrest,96,paladin,retribution,6,1,5
Skarium,hyjal,96,paladin,retribution,6,1,5
Tíríón,nethersturm,96,paladin,retribution,6,1,5
Steelrose,auchindoun,96,paladin,retribution,6,1,5
Destya,eredar,96,paladin,retribution,6,1,5
Zlätän,outland,96,paladin,retribution,6,1,5
Dumbala,ravencrest,96,paladin,retribution,6,1,5
Phlakorn,blackhand,96,paladin,retribution,6,1,5
Пчелодин,howling-fjord,96,paladin,retribution,6,1,5
Tibiscovus,silvermoon,96,paladin,retribution,6,1,5
Fatalism,draenor,96,paladin,retribution,6,1,5
Pianiste,sinstralis,96,paladin,retribution,6,1,5
Tifer,sanguino,96,paladin,retribution,6,1,5
Traxxces,ravencrest,96,paladin,retribution,6,1,5
Ansonia,ravencrest,96,paladin,retribution,6,1,5
Vali,burning-blade,96,paladin,retribution,6,1,5
Diggs,draenor,96,paladin,retribution,6,1,5
Жмышенко,gordunni,96,paladin,retribution,6,1,5
Bobsing,silvermoon,96,paladin,retribution,6,1,5
Késha,malganis,96,paladin,retribution,6,1,5
Ilaris,amanthul,96,paladin,retribution,6,1,5
Sâfcon,eredar,96,paladin,retribution,7,1,6
Borons,silvermoon,96,paladin,retribution,9,1,8
Xvoodoo,antonidas,96,paladin,retribution,11,1,10
Agrkan,defias-brotherhood,96,paladin,retribution,11,1,10
Jaexpaladin,draenor,96,paladin,retribution,12,1,11
Kavíár,kazzak,96,paladin,retribution,12,1,11
Zyklôn,antonidas,96,paladin,retribution,12,1,11
Lylu,aggramar,96,paladin,retribution,12,1,11
Kaelorian,silvermoon,96,paladin,retribution,12,1,11
Akinret,twisting-nether,96,paladin,retribution,12,1,11
Korgant,burning-legion,96,paladin,retribution,12,1,11
Jayce,durotan,96,paladin,retribution,12,1,11
Wftw,draenor,96,paladin,retribution,12,1,11
Purgator,sanguino,96,paladin,retribution,12,1,11
Nauy,korgall,96,paladin,retribution,12,1,11
Charlybrown,archimonde,95,paladin,retribution,6,1,5
Rhauk,dun-modr,79,paladin,retribution,5,1,4
Albertina,silvermoon,79,paladin,retribution,5,1,4
Snobypala,onyxia,64,paladin,retribution,4,1,3
Pastaflwras,twisting-nether,64,paladin,retribution,4,1,3
Lafrogge,culte-de-la-rive-noire,48,paladin,retribution,3,1,2
Reliikt,blackrock,48,paladin,retribution,3,1,2
Leköngen,ravencrest,48,paladin,retribution,3,1,2
Doruk,stormscale,48,paladin,retribution,9,1,8
Блейзблю,howling-fjord,42,paladin,retribution,8,2,6
Окилан,gordunni,42,paladin,retribution,9,2,7
Alïstia,archimonde,42,paladin,retribution,10,2,8
Böserbube,tarren-mill,42,paladin,retribution,13,2,11
Pratt,deathwing,31,paladin,retribution,2,1,1
Irondawg,rajaxx,31,paladin,retribution,8,1,7
Exødius,sinstralis,16,paladin,retribution,1,1,0
Паланр,fordragon,16,paladin,retribution,1,1,0
Davidas,drakthul,16,paladin,retribution,1,1,0
Ornsein,sylvanas,16,paladin,retribution,1,1,0
Arbuzno,draenor,1955,paladin,protection,72,53,19
Âmba,blackrock,1751,paladin,protection,69,45,24
Sterben,aegwynn,1750,paladin,protection,72,35,37
Leotheron,boulderfist,1736,paladin,protection,180,114,66
Sartshield,aerie-peak,1734,paladin,protection,54,34,20
Гниленький,razuvious,1712,paladin,protection,29,20,9
Maximumtaste,ravencrest,1662,paladin,protection,30,22,8
Tippressure,ravencrest,1630,paladin,protection,40,26,14
Elitest,hyjal,1560,paladin,protection,195,75,120
Schrikii,archimonde,1556,paladin,protection,72,44,28
Collinnawin,aegwynn,1550,paladin,protection,189,96,93
Phlakorn,blackhand,1525,paladin,protection,48,29,19
Bariy,auchindoun,1521,paladin,protection,42,28,14
Силугор,soulflayer,1498,paladin,protection,48,26,22
Gabubex,tarren-mill,1482,paladin,protection,135,83,52
Uswieconyra,silvermoon,1464,paladin,protection,59,28,31
Mocnyreka,silvermoon,1460,paladin,protection,47,26,21
Haringoth,argent-dawn,1459,paladin,protection,66,35,31
Ðivine,stormscale,1433,paladin,protection,84,40,44
Justífiéd,kazzak,1430,paladin,protection,30,15,15
Ðizzmo,bloodfeather,1421,paladin,protection,46,23,23
Galevar,argent-dawn,1416,paladin,protection,134,65,69
Swiatlomiecz,silvermoon,1407,paladin,protection,42,17,25
Lóu,hyjal,1394,paladin,protection,59,33,26
Ichbin,sanguino,1370,paladin,protection,171,76,95
Medium,frostwolf,1362,paladin,protection,29,15,14
Velkar,frostmane,1353,paladin,protection,94,48,46
Vangorn,burning-legion,1334,paladin,protection,58,29,29
Statscowski,thrall,1332,paladin,protection,24,14,10
Galadrion,dun-modr,1321,paladin,protection,23,14,9
Milliemaître,elune,1313,paladin,protection,84,41,43
Zerhakz,ysondre,1310,paladin,protection,78,38,40
Jûstice,kirin-tor,1307,paladin,protection,96,44,52
Бранв,gordunni,1305,paladin,protection,54,30,24
Trufetteuh,hyjal,1283,paladin,protection,178,90,88
Leadfoot,argent-dawn,1279,paladin,protection,39,25,14
Augroni,antonidas,1271,paladin,protection,99,44,55
Manupierre,ysondre,1270,paladin,protection,48,22,26
Faranume,sylvanas,1227,paladin,protection,24,16,8
Проц,soulflayer,1219,paladin,protection,42,18,24
Yunalêsca,mugthol,1216,paladin,protection,54,28,26
Valeriu,stormreaver,1205,paladin,protection,36,14,22
Xrules,blackhand,1201,paladin,protection,47,21,26
Flakkson,stormscale,1161,paladin,protection,89,31,58
Oldsqlmofu,blackrock,1142,paladin,protection,19,12,7
Helladin,haomarush,1102,paladin,protection,30,13,17
Sonnywalkman,twisting-nether,1055,paladin,protection,12,11,1
Shybia,kirin-tor,1048,paladin,protection,24,11,13
Vladium,argent-dawn,1046,paladin,protection,24,11,13
Lotheriem,argent-dawn,992,paladin,protection,42,11,31
Толинель,soulflayer,990,paladin,protection,17,11,6
Savión,silvermoon,957,paladin,protection,12,10,2
Timbadin,frostwolf,768,paladin,protection,12,8,4
Fumbz,alakir,767,paladin,protection,12,8,4
Whiteraven,rexxar,763,paladin,protection,18,8,10
Tíríón,nethersturm,763,paladin,protection,18,8,10
Kraljevic,silvermoon,672,paladin,protection,12,7,5
Ванябублгам,soulflayer,672,paladin,protection,18,7,11
Marihuána,ragnaros,576,paladin,protection,18,6,12
Ekenpala,kazzak,575,paladin,protection,12,6,6
Lägolas,thrall,511,paladin,protection,11,6,5
Arkera,blackrock,494,paladin,protection,19,6,13
Supremerage,silvermoon,480,paladin,protection,12,5,7
Ragonas,mannoroth,479,paladin,protection,12,5,7
Onefrostyboi,defias-brotherhood,479,paladin,protection,12,5,7
Elkka,azjolnerub,415,paladin,protection,17,5,12
Testos,ulduar,384,paladin,protection,6,4,2
Fleshoflight,arathor,384,paladin,protection,6,4,2
Røse,argent-dawn,384,paladin,protection,12,4,8
Gaffel,dethecus,335,paladin,protection,11,4,7
Figustyle,archimonde,318,paladin,protection,10,4,6
Aarrb,sylvanas,302,paladin,protection,13,4,9
Æero,blackhand,288,paladin,protection,6,3,3
Swäagg,hyjal,288,paladin,protection,6,3,3
Zuplex,deathwing,288,paladin,protection,6,3,3
Снайпик,azuregos,288,paladin,protection,6,3,3
Craft,frostwolf,288,paladin,protection,6,3,3
Aümagad,confrérie-du-thorium,288,paladin,protection,6,3,3
Thrinea,blackrock,288,paladin,protection,6,3,3
Biffle,korgall,288,paladin,protection,12,3,9
Kawakai,blackrock,287,paladin,protection,12,3,9
Meneth,elune,240,paladin,protection,9,3,6
Yourmomz,kazzak,239,paladin,protection,5,3,2
Синерина,blackscar,192,paladin,protection,6,2,4
Emakk,darksorrow,192,paladin,protection,6,2,4
Gornim,die-nachtwache,192,paladin,protection,6,2,4
Derina,silvermoon,192,paladin,protection,6,2,4
Khrak,conseil-des-ombres,192,paladin,protection,12,2,10
Quantox,frostwolf,192,paladin,protection,12,2,10
Valädar,sanguino,159,paladin,protection,5,2,3
Exion,ravenholdt,159,paladin,protection,5,2,3
Taptreus,antonidas,96,paladin,protection,6,1,5
Чиксапомойка,gordunni,96,paladin,protection,6,1,5
Thôrwald,les-sentinelles,96,paladin,protection,12,1,11
Lokinder,pozzo-delleternità,96,paladin,protection,12,1,11
Bobilous,twisting-nether,79,paladin,protection,5,1,4
Солошафл,howling-fjord,42,paladin,protection,12,4,8
Candrä,archimonde,2213,priest,holy,96,52,44
Køzukï,ravencrest,2133,priest,holy,161,78,83
Leadeur,kazzak,2111,priest,holy,134,68,66
Yötönyö,ravencrest,2043,priest,holy,60,32,28
Itsmeminglee,ravencrest,2020,priest,holy,78,38,40
Výra,der-rat-von-dalaran,1939,priest,holy,71,46,25
Ladá,stormscale,1939,priest,holy,138,73,65
Кальвейт,deathweaver,1910,priest,holy,147,70,77
Lenyp,sanguino,1902,priest,holy,138,71,67
Boonlai,ravencrest,1897,priest,holy,47,25,22
Grafius,stormscale,1885,priest,holy,48,26,22
Гоплзнекст,gordunni,1881,priest,holy,324,172,152
Testdeath,ravencrest,1875,priest,holy,54,31,23
Шотыказау,blackscar,1865,priest,holy,96,51,45
Weezing,ysondre,1851,priest,holy,132,66,66
Servêy,twisting-nether,1845,priest,holy,42,22,20
Dmnz,blackrock,1836,priest,holy,87,39,48
Yateh,blackmoore,1824,priest,holy,62,32,30
Катккат,soulflayer,1823,priest,holy,48,27,21
Лоаресс,gordunni,1820,priest,holy,90,40,50
Sayne,arathor,1815,priest,holy,168,91,77
Maruh,malganis,1812,priest,holy,113,60,53
Dmnz,antonidas,1811,priest,holy,40,22,18
Eriónd,ravencrest,1811,priest,holy,66,34,32
Cosines,ravencrest,1810,priest,holy,71,33,38
Kaalu,frostmane,1809,priest,holy,254,131,123
Muchos,blackrock,1807,priest,holy,66,31,35
Lîrana,ravencrest,1803,priest,holy,136,82,54
Teatime,aegwynn,1800,priest,holy,84,42,42
Kunen,sanguino,1789,priest,holy,138,77,61
Imbitterx,stormscale,1777,priest,holy,30,21,9
Carlitastock,eredar,1777,priest,holy,41,22,19
Tangent,ravencrest,1766,priest,holy,146,75,71
Bigwik,tarren-mill,1764,priest,holy,77,36,41
Друмги,gordunni,1763,priest,holy,161,73,88
Basilette,hyjal,1761,priest,holy,48,27,21
Holyholy,stormscale,1761,priest,holy,62,24,38
Kaiikoo,ravencrest,1757,priest,holy,48,27,21
Weezïng,ysondre,1742,priest,holy,108,60,48
Мамкалол,soulflayer,1741,priest,holy,84,43,41
Siign,ravencrest,1740,priest,holy,72,32,40
Servey,twisting-nether,1721,priest,holy,42,18,24
Jim,saurfang,1711,priest,holy,257,127,130
Dolens,argent-dawn,1699,priest,holy,112,55,57
Shizzlol,silvermoon,1691,priest,holy,142,66,76
Myste,nemesis,1687,priest,holy,77,40,37
Meanbabe,argent-dawn,1683,priest,holy,48,22,26
Gladíator,blackhand,1677,priest,holy,102,58,44
Lmnsqzy,ravencrest,1676,priest,holy,46,22,24
Phobò,blackrock,1676,priest,holy,66,30,36
Каткааткат,soulflayer,1674,priest,holy,48,23,25
Kÿokó,ravencrest,1670,priest,holy,72,40,32
Psi,hakkar,1662,priest,holy,241,129,112
Gokumødex,outland,1662,priest,holy,42,21,21
Stickpas,ysondre,1661,priest,holy,41,18,23
Møhammed,wrathbringer,1654,priest,holy,185,93,92
Alpháømegá,outland,1653,priest,holy,81,42,39
Oide,area-52,1653,priest,holy,54,28,26
Ksn,silvermoon,1649,priest,holy,80,45,35
Câlyr,ragnaros,1647,priest,holy,48,21,27
Ilenna,dun-morogh,1646,priest,holy,66,39,27
Sisko,stormscale,1645,priest,holy,36,19,17
Beatrixz,twisting-nether,1645,priest,holy,315,155,160
Tmnstrtw,alakir,1641,priest,holy,36,18,18
Anníng,tarren-mill,1637,priest,holy,150,86,64
Çhéåtçødé,ravencrest,1636,priest,holy,66,32,34
Løøney,kazzak,1635,priest,holy,36,25,11
Budgetdp,archimonde,1631,priest,holy,48,20,28
Gnomemonk,stormscale,1618,priest,holy,150,74,76
Adare,sanguino,1618,priest,holy,48,22,26
Xxmybaxxo,archimonde,1617,priest,holy,30,21,9
Alchemïst,ravencrest,1617,priest,holy,46,21,25
Smïlë,ravencrest,1616,priest,holy,204,102,102
Dranbor,argent-dawn,1615,priest,holy,82,43,39
Coolwnbnamex,ravencrest,1614,priest,holy,36,19,17
Sehlia,kazzak,1613,priest,holy,138,74,64
Affro,drakthul,1613,priest,holy,54,27,27
Sïxsïxsïx,ravencrest,1613,priest,holy,43,21,22
Shanya,thrall,1612,priest,holy,251,124,127
Pigdestroyin,frostmane,1611,priest,holy,42,22,20
Нубстрим,gordunni,1611,priest,holy,60,28,32
Harmónia,outland,1609,priest,holy,78,41,37
Stinkydog,kazzak,1608,priest,holy,220,107,113
Salvatíon,sanguino,1607,priest,holy,106,46,60
Prëdz,stormscale,1606,priest,holy,238,129,109
Eox,kazzak,1602,priest,holy,42,23,19
Zxø,ravencrest,1601,priest,holy,160,88,72
Cleoana,blackhand,1600,priest,holy,42,23,19
Aykò,blackmoore,1588,priest,holy,90,42,48
Calithria,kazzak,1583,priest,holy,142,74,68
Dény,ravencrest,1573,priest,holy,102,56,46
Xzklol,twisting-nether,1572,priest,holy,62,31,31
Cølï,ravencrest,1572,priest,holy,55,25,30
Highn,anetheron,1570,priest,holy,60,33,27
Sausageboy,tarren-mill,1569,priest,holy,57,21,36
Anabananaa,ravencrest,1561,priest,holy,40,24,16
Wåtrux,alakir,1561,priest,holy,279,142,137
Elmaestrø,aegwynn,1558,priest,holy,48,25,23
Преттисмайл,gordunni,1555,priest,holy,108,46,62
Goofdookie,outland,1554,priest,holy,30,18,12
Jiffie,twisting-nether,1548,priest,holy,42,17,25
Hiimgreen,blackhand,1546,priest,holy,42,18,24
Phobò,antonidas,1545,priest,holy,170,79,91
Senkín,aegwynn,1542,priest,holy,161,78,83
Isadriel,madmortem,1541,priest,holy,52,31,21
Evabae,the-maelstrom,1537,priest,holy,54,29,25
Hyonra,kazzak,1536,priest,holy,66,34,32
Vregoa,twisting-nether,1532,priest,holy,36,17,19
Aethanira,ravencrest,1532,priest,holy,60,27,33
Atiyesh,arthas,1528,priest,holy,213,115,98
Xzklolz,twisting-nether,1527,priest,holy,59,28,31
Xianxia,twisting-nether,1523,priest,holy,90,41,49
Malaki,ysondre,1522,priest,holy,51,25,26
Koíré,defias-brotherhood,1520,priest,holy,125,69,56
Divinetouch,ravencrest,1516,priest,holy,78,35,43
Dokkaebì,kazzak,1514,priest,holy,135,67,68
Dairox,blackrock,1508,priest,holy,84,44,40
Thalane,das-konsortium,1504,priest,holy,48,23,25
Инзора,gordunni,1503,priest,holy,99,51,48
Wilby,archimonde,1503,priest,holy,48,21,27
Joeasaurs,ragnaros,1503,priest,holy,70,29,41
Voodoo,the-maelstrom,1502,priest,holy,96,40,56
Fjonnski,blackmoore,1500,priest,holy,61,33,28
Rines,thrall,1497,priest,holy,165,83,82
Usw,outland,1496,priest,holy,69,23,46
Заволончик,blackscar,1494,priest,holy,102,48,54
Suxino,stormscale,1487,priest,holy,180,93,87
Alizeé,nazjatar,1486,priest,holy,143,77,66
Camina,shattered-hand,1484,priest,holy,69,36,33
Zlejkadlec,drakthul,1476,priest,holy,93,47,46
Sïlvëräzz,drekthar,1472,priest,holy,53,25,28
Maah,defias-brotherhood,1471,priest,holy,80,46,34
Mylini,silvermoon,1466,priest,holy,198,111,87
Gratcrug,stormrage,1462,priest,holy,36,17,19
Liquoriced,tarren-mill,1460,priest,holy,43,23,20
Symbolofhope,ravencrest,1460,priest,holy,117,62,55
Mcdeady,tarren-mill,1454,priest,holy,42,19,23
Hmanco,burning-legion,1453,priest,holy,144,84,60
Gï,blackmoore,1451,priest,holy,48,30,18
Mezegis,draenor,1449,priest,holy,48,26,22
Lylska,stormreaver,1437,priest,holy,36,15,21
Slakkieslak,archimonde,1435,priest,holy,67,39,28
Иссатея,galakrond,1434,priest,holy,48,23,25
Cartøøns,ravencrest,1432,priest,holy,48,27,21
Hoeneygodx,antonidas,1432,priest,holy,36,16,20
Góldfinger,norgannon,1428,priest,holy,72,33,39
Fizzlesp,tarren-mill,1425,priest,holy,30,15,15
Alphacub,ragnaros,1425,priest,holy,82,36,46
Эилинг,gordunni,1423,priest,holy,92,53,39
Lómesilme,dun-modr,1419,priest,holy,217,112,105
Kbakå,kazzak,1419,priest,holy,78,37,41
Rägà,archimonde,1416,priest,holy,79,44,35
Пингзеро,soulflayer,1415,priest,holy,68,32,36
Markianos,silvermoon,1412,priest,holy,114,58,56
Ankî,aegwynn,1411,priest,holy,30,15,15
Nastylex,magtheridon,1410,priest,holy,24,15,9
Мектран,gordunni,1408,priest,holy,54,27,27
Hara,elune,1407,priest,holy,47,20,27
Bifs,blackmoore,1405,priest,holy,50,32,18
Scartay,outland,1405,priest,holy,29,15,14
Вакидзачи,gordunni,1402,priest,holy,209,105,104
Kubbarn,stormscale,1401,priest,holy,50,28,22
Elunos,blackrock,1400,priest,holy,106,55,51
Neoark,archimonde,1397,priest,holy,164,83,81
Elessee,the-maelstrom,1395,priest,holy,83,38,45
Momopriesto,draenor,1395,priest,holy,42,17,25
Zorea,twisting-nether,1391,priest,holy,42,22,20
Fabs,laughing-skull,1390,priest,holy,55,35,20
Womanwonderf,ravencrest,1388,priest,holy,65,31,34
Jaz,ysondre,1388,priest,holy,42,20,22
Karpiest,stormscale,1386,priest,holy,48,26,22
Phénylanine,khaz-modan,1386,priest,holy,212,109,103
Хасгерион,gordunni,1381,priest,holy,60,26,34
Cøvu,draenor,1378,priest,holy,94,41,53
Hereticroka,ysondre,1374,priest,holy,56,26,30
Madcole,blackhand,1371,priest,holy,85,43,42
Алеброн,gordunni,1370,priest,holy,30,16,14
Midycine,ysondre,1370,priest,holy,157,81,76
Konstigadan,twisting-nether,1369,priest,holy,56,26,30
Seladine,ravencrest,1367,priest,holy,125,64,61
Hyonzy,silvermoon,1365,priest,holy,78,39,39
Tyrhaa,blackmoore,1364,priest,holy,118,60,58
Nomakprst,sanguino,1362,priest,holy,60,31,29
Pasqualz,ravencrest,1358,priest,holy,48,23,25
Tëmärï,ravencrest,1356,priest,holy,72,46,26
Возхд,soulflayer,1356,priest,holy,48,27,21
Certe,twisting-nether,1354,priest,holy,109,52,57
Ebolaidman,ravencrest,1353,priest,holy,24,15,9
Virginmaris,sanguino,1351,priest,holy,65,37,28
Delphina,archimonde,1349,priest,holy,174,93,81
Veurjin,uldaman,1347,priest,holy,35,16,19
Pridepriest,twisting-nether,1346,priest,holy,84,42,42
Shaniqua,saurfang,1340,priest,holy,90,50,40
Moirgana,minahonda,1340,priest,holy,43,21,22
Byzzi,draenor,1335,priest,holy,125,63,62
Nino,gorgonnash,1335,priest,holy,66,30,36
Chibrausorus,archimonde,1333,priest,holy,46,24,22
Ezechiel,twisting-nether,1331,priest,holy,47,28,19
Ангеланика,gordunni,1330,priest,holy,29,18,11
Fedorah,ragnaros,1330,priest,holy,114,63,51
Orcid,chogall,1327,priest,holy,146,75,71
Malkàv,hyjal,1324,priest,holy,24,14,10
Libetha,ysondre,1323,priest,holy,41,23,18
Migam,kazzak,1321,priest,holy,60,27,33
Lazheal,khaz-modan,1317,priest,holy,23,17,6
Alros,elune,1315,priest,holy,60,28,32
Lasuora,nemesis,1315,priest,holy,60,26,34
Angrk,kazzak,1307,priest,holy,60,34,26
Cherron,argent-dawn,1305,priest,holy,61,27,34
Велост,gordunni,1303,priest,holy,54,27,27
Stàrlîght,chants-éternels,1300,priest,holy,30,17,13
Catstretch,ravencrest,1300,priest,holy,89,38,51
Åluneth,kazzak,1297,priest,holy,162,80,82
Nálá,nethersturm,1293,priest,holy,57,29,28
Tyene,voljin,1287,priest,holy,36,19,17
Sodatsu,cthun,1284,priest,holy,30,15,15
Gloxina,argent-dawn,1280,priest,holy,72,36,36
Papadrak,kazzak,1278,priest,holy,83,43,40
Síuu,kazzak,1277,priest,holy,72,35,37
Tomassur,drakthul,1276,priest,holy,61,31,30
Draconux,terenas,1273,priest,holy,48,18,30
Wintercurse,twisting-nether,1272,priest,holy,52,24,28
Djdesha,tarren-mill,1272,priest,holy,35,16,19
Zakhun,stormrage,1271,priest,holy,82,42,40
Asare,outland,1269,priest,holy,124,66,58
Ethery,argent-dawn,1266,priest,holy,65,33,32
Lykarion,argent-dawn,1265,priest,holy,72,37,35
Misscure,draenor,1261,priest,holy,118,54,64
Yuhé,elune,1256,priest,holy,26,14,12
Nosgot,earthen-ring,1251,priest,holy,66,32,34
Tudiiheals,frostwolf,1250,priest,holy,77,40,37
Soapie,defias-brotherhood,1249,priest,holy,24,14,10
Zên,argent-dawn,1248,priest,holy,21,14,7
Avelynn,ravencrest,1248,priest,holy,85,38,47
Maybelline,ravencrest,1245,priest,holy,48,23,25
Seeyae,archimonde,1242,priest,holy,24,13,11
Åzjol,magtheridon,1235,priest,holy,30,13,17
Holydolly,doomhammer,1222,priest,holy,30,18,12
Иннерон,soulflayer,1214,priest,holy,160,80,80
Neenä,ravencrest,1214,priest,holy,50,25,25
Hydraximus,garrosh,1213,priest,holy,495,237,258
Dúréx,sanguino,1212,priest,holy,42,28,14
Harlemsfnest,blackrock,1204,priest,holy,21,13,8
Snåttabaias,stormscale,1202,priest,holy,23,13,10
Хилтихон,howling-fjord,1200,priest,holy,42,26,16
Скартэикс,howling-fjord,1200,priest,holy,42,20,22
Kbakå,stormscale,1193,priest,holy,65,27,38
Benificent,argent-dawn,1192,priest,holy,76,38,38
Emipriest,tarren-mill,1192,priest,holy,71,28,43
Lhyria,baelgun,1189,priest,holy,48,21,27
Brigied,turalyon,1186,priest,holy,96,43,53
Карнотит,howling-fjord,1182,priest,holy,48,16,32
Morrydin,stormreaver,1177,priest,holy,66,25,41
Nykah,antonidas,1177,priest,holy,73,26,47
Ниеса,lich-king,1174,priest,holy,110,52,58
Bubbleup,defias-brotherhood,1174,priest,holy,30,13,17
Alú,draenor,1171,priest,holy,105,48,57
Sohryø,drekthar,1168,priest,holy,36,18,18
Голнар,deathguard,1168,priest,holy,32,15,17
Torcena,garrosh,1166,priest,holy,141,70,71
Meatyshaft,doomhammer,1166,priest,holy,51,19,32
Dathlight,argent-dawn,1165,priest,holy,95,48,47
Бенигана,soulflayer,1165,priest,holy,30,14,16
Nemista,hyjal,1160,priest,holy,66,24,42
Voreno,alonsus,1160,priest,holy,53,18,35
Jaisuu,ravencrest,1152,priest,holy,18,12,6
Sàweetie,archimonde,1151,priest,holy,24,12,12
Stanyú,tarren-mill,1151,priest,holy,36,12,24
Lyla,frostwolf,1149,priest,holy,48,27,21
Асггард,borean-tundra,1134,priest,holy,39,25,14
Andreel,ravencrest,1131,priest,holy,24,12,12
Meowcakes,stormscale,1127,priest,holy,54,30,24
Nou,aegwynn,1127,priest,holy,30,12,18
Sücre,dalaran,1125,priest,holy,30,16,14
Elynä,silvermoon,1121,priest,holy,50,32,18
Morphuz,tarren-mill,1117,priest,holy,138,62,76
Jarnary,blackmoore,1116,priest,holy,31,13,18
Eazzyy,kazzak,1115,priest,holy,27,12,15
Mcmuffin,runetotem,1109,priest,holy,18,12,6
Penitence,drekthar,1108,priest,holy,32,13,19
Anàriel,elune,1100,priest,holy,42,16,26
Kímbérléy,argent-dawn,1093,priest,holy,74,39,35
Holypowér,twisting-nether,1088,priest,holy,30,17,13
Ломаюключики,gordunni,1081,priest,holy,45,22,23
Deeforce,argent-dawn,1072,priest,holy,97,53,44
Crimatoriá,rajaxx,1069,priest,holy,42,22,20
Xxanthos,ysondre,1067,priest,holy,48,30,18
Ludriel,turalyon,1056,priest,holy,54,26,28
Zen,talnivarr,1056,priest,holy,24,11,13
Boomixed,twisting-nether,1055,priest,holy,18,11,7
Луилэнс,howling-fjord,1055,priest,holy,18,11,7
Pandakhlys,ysondre,1055,priest,holy,24,11,13
Штанга,blackscar,1055,priest,holy,29,12,17
Laewen,die-aldor,1054,priest,holy,45,22,23
Тевтонка,goldrinn,1054,priest,holy,54,25,29
Рейеан,soulflayer,1054,priest,holy,24,11,13
Uro,tirion,1053,priest,holy,30,11,19
Elinaa,die-aldor,1050,priest,holy,24,11,13
Penvon,ravencrest,1049,priest,holy,42,11,31
Ripjuice,sylvanas,1046,priest,holy,34,14,20
Copperplume,ravenholdt,1039,priest,holy,66,23,43
Türapea,draenor,1033,priest,holy,18,12,6
Leyea,kazzak,1029,priest,holy,49,24,25
Nathamo,archimonde,1028,priest,holy,24,11,13
Haregnor,gorgonnash,1028,priest,holy,42,16,26
Baabaak,frostmane,1026,priest,holy,57,34,23
Covidios,twisting-nether,1020,priest,holy,81,39,42
Orcü,tarren-mill,1020,priest,holy,48,21,27
Ankhepope,outland,1013,priest,holy,56,33,23
Lobogaust,kargath,1012,priest,holy,60,32,28
Ptiteminette,archimonde,1012,priest,holy,26,12,14
Kæos,blackrock,1011,priest,holy,73,31,42
Asraje,eredar,1007,priest,holy,21,16,5
Маракеда,soulflayer,1004,priest,holy,29,11,18
Dampfwalze,nozdormu,1002,priest,holy,38,19,19
Alloktonos,ravencrest,994,priest,holy,92,38,54
Nerfnerf,kazzak,990,priest,holy,39,21,18
Hipnotika,nemesis,988,priest,holy,53,18,35
Краббожий,greymane,987,priest,holy,29,11,18
Valtessian,medivh,983,priest,holy,69,33,36
Naieli,antonidas,972,priest,holy,33,16,17
Archangel,terokkar,971,priest,holy,48,26,22
Siarai,pozzo-delleternità,964,priest,holy,43,21,22
Maxý,ravencrest,963,priest,holy,42,18,24
Goytka,tarren-mill,959,priest,holy,18,10,8
Ksn,argent-dawn,959,priest,holy,24,10,14
Эльдиремонт,gordunni,959,priest,holy,24,10,14
Xlhealscptn,arathor,959,priest,holy,60,19,41
Mesticore,nethersturm,958,priest,holy,24,10,14
Lenneyqt,blackmoore,958,priest,holy,24,10,14
Kotipope,silvermoon,956,priest,holy,24,10,14
Rennic,stormscale,955,priest,holy,18,10,8
Sickheals,doomhammer,954,priest,holy,36,20,16
Speltmor,stormscale,953,priest,holy,24,10,14
Melancholly,thunderhorn,951,priest,holy,41,19,22
Discxqt,ysondre,924,priest,holy,14,11,3
Thingsy,draenor,912,priest,holy,59,27,32
Balin,veklor,910,priest,holy,21,10,11
Infinitiy,sylvanas,905,priest,holy,36,18,18
Zêlestia,antonidas,905,priest,holy,22,11,11
Rahela,dun-modr,897,priest,holy,23,11,12
Eurydike,blackrock,887,priest,holy,16,10,6
Rhæveth,ravencrest,864,priest,holy,18,9,9
Peisetti,stormscale,864,priest,holy,18,9,9
Wèèzing,ysondre,863,priest,holy,12,9,3
Azeeza,stormscale,863,priest,holy,12,9,3
Âlolexx,archimonde,863,priest,holy,12,9,3
Ghettothug,darksorrow,863,priest,holy,24,9,15
Dìsclol,draenor,862,priest,holy,18,9,9
Faelvirin,aegwynn,861,priest,holy,18,9,9
Marey,blackmoore,860,priest,holy,24,9,15
Athissa,draenor,857,priest,holy,18,9,9
Холимыша,blackscar,856,priest,holy,18,9,9
Omnissiiah,silvermoon,856,priest,holy,24,9,15
Xal,drekthar,840,priest,holy,48,17,31
Beatla,khaz-modan,833,priest,holy,24,9,15
Kanki,haomarush,828,priest,holy,60,25,35
Dotzey,outland,768,priest,holy,12,8,4
Evílz,tarren-mill,768,priest,holy,12,8,4
Vitae,gorgonnash,768,priest,holy,18,8,10
Ltmp,ravencrest,768,priest,holy,18,8,10
Ÿolo,nemesis,768,priest,holy,24,8,16
Iliridan,pozzo-delleternità,768,priest,holy,96,31,65
Маквиэлла,howling-fjord,767,priest,holy,12,8,4
Badguymike,ragnaros,767,priest,holy,18,8,10
Sak,uldaman,767,priest,holy,18,8,10
Mianxpriest,tarren-mill,766,priest,holy,18,8,10
Weedony,hyjal,766,priest,holy,18,8,10
Knóld,draenor,766,priest,holy,24,8,16
Krilight,sargeras,765,priest,holy,24,8,16
Melissasky,ragnaros,760,priest,holy,60,22,38
Båbak,frostmane,759,priest,holy,12,8,4
Fratio,krasus,758,priest,holy,18,8,10
Avinci,blackrock,757,priest,holy,18,8,10
Englishheart,auchindoun,734,priest,holy,17,8,9
Carbonic,khaz-modan,718,priest,holy,17,8,9
Dôppler,archimonde,703,priest,holy,11,8,3
Valentinus,dragonmaw,702,priest,holy,26,8,18
Mélínâ,blackmoore,691,priest,holy,28,9,19
Ladderpolice,blackmoore,672,priest,holy,12,7,5
Gøkumodex,tarren-mill,672,priest,holy,12,7,5
Ainadaxz,ravencrest,672,priest,holy,12,7,5
Darkoul,conseil-des-ombres,672,priest,holy,12,7,5
Willzah,outland,672,priest,holy,12,7,5
Jedimind,kazzak,672,priest,holy,12,7,5
Seanoob,turalyon,672,priest,holy,12,7,5
Гшд,gordunni,672,priest,holy,12,7,5
Valinoru,silvermoon,672,priest,holy,18,7,11
Sehrhübsch,malygos,672,priest,holy,18,7,11
Gintøníc,blackmoore,671,priest,holy,12,7,5
Skíps,sylvanas,671,priest,holy,12,7,5
Bobitä,ravencrest,671,priest,holy,12,7,5
Vibby,moonglade,671,priest,holy,18,7,11
Zloop,tarren-mill,670,priest,holy,12,7,5
Smolbøi,tarren-mill,670,priest,holy,24,7,17
Quatorze,voljin,669,priest,holy,12,7,5
Nicksiz,silvermoon,669,priest,holy,18,7,11
Zinary,silvermoon,667,priest,holy,18,7,11
Ledarz,dun-morogh,658,priest,holy,12,7,5
Sarafîsthole,ysondre,655,priest,holy,18,7,11
Killtrewerty,stormscale,638,priest,holy,17,7,10
Sâtânica,kelthuzad,610,priest,holy,27,8,19
Blâdes,gorgonnash,589,priest,holy,17,7,10
Nancey,draenor,576,priest,holy,12,6,6
Danina,outland,576,priest,holy,12,6,6
Ahilarry,tarren-mill,576,priest,holy,12,6,6
Hotforus,silvermoon,576,priest,holy,12,6,6
Найтингеилл,gordunni,576,priest,holy,12,6,6
Zoophobîa,stormscale,576,priest,holy,12,6,6
Darkoul,ravencrest,576,priest,holy,12,6,6
Yamai,thrall,576,priest,holy,12,6,6
Bij,outland,576,priest,holy,12,6,6
Мотд,gordunni,576,priest,holy,18,6,12
Gød,magtheridon,576,priest,holy,24,6,18
Waters,lightbringer,575,priest,holy,12,6,6
Healiea,outland,575,priest,holy,18,6,12
Dokurochan,tarren-mill,575,priest,holy,24,6,18
Sîanah,archimonde,572,priest,holy,18,6,12
Spàgno,nemesis,571,priest,holy,18,6,12
Proxypriest,the-maelstrom,571,priest,holy,20,6,14
Valves,saurfang,569,priest,holy,12,6,6
Bloodelfoula,draenor,563,priest,holy,18,6,12
Nakkenils,tarren-mill,559,priest,holy,11,6,5
Swd,burning-blade,544,priest,holy,16,6,10
Priestxx,twilights-hammer,543,priest,holy,11,6,5
Dotreveal,ravencrest,521,priest,holy,20,7,13
Avtarra,ravencrest,510,priest,holy,16,6,10
Ralek,hyjal,495,priest,holy,17,6,11
Secundis,silvermoon,480,priest,holy,6,5,1
Felaenna,argent-dawn,480,priest,holy,6,5,1
Èlysium,grim-batol,480,priest,holy,6,5,1
Amanthus,draenor,480,priest,holy,11,5,6
Caz,cthun,480,priest,holy,12,5,7
Shâru,frostmourne,480,priest,holy,12,5,7
Darkoulito,dalaran,480,priest,holy,12,5,7
Ogiez,sylvanas,480,priest,holy,12,5,7
Judâspriest,twisting-nether,480,priest,holy,12,5,7
Nýkah,antonidas,480,priest,holy,12,5,7
Velenthan,ragnaros,480,priest,holy,12,5,7
Mazeari,sylvanas,480,priest,holy,12,5,7
Cãlyr,ragnaros,480,priest,holy,12,5,7
Bamboleon,blackrock,480,priest,holy,12,5,7
Holymamba,silvermoon,480,priest,holy,12,5,7
Purist,arthas,480,priest,holy,12,5,7
Quiwzx,blackrock,480,priest,holy,12,5,7
Jagardoden,stormscale,480,priest,holy,18,5,13
Vannax,arygos,479,priest,holy,6,5,1
Árcadoom,quelthalas,479,priest,holy,12,5,7
Двакамня,soulflayer,479,priest,holy,12,5,7
Inzané,doomhammer,479,priest,holy,12,5,7
Alaeddin,kazzak,479,priest,holy,24,5,19
Amemiya,ragnaros,478,priest,holy,12,5,7
Laxara,arthas,478,priest,holy,12,5,7
Applecrumßle,ragnaros,477,priest,holy,12,5,7
Xaeo,burning-legion,477,priest,holy,26,5,21
Azaza,burning-legion,472,priest,holy,12,5,7
Nannymcfee,stormscale,414,priest,holy,11,5,6
Dazé,ravencrest,413,priest,holy,21,9,12
Larisä,uldum,391,priest,holy,30,6,24
Justheal,stormscale,384,priest,holy,6,4,2
Arithon,blackrock,384,priest,holy,6,4,2
Burnesenbois,chogall,384,priest,holy,6,4,2
Byebee,stormscale,384,priest,holy,6,4,2
Gigamind,blackrock,384,priest,holy,6,4,2
Daftî,twisting-nether,384,priest,holy,6,4,2
Wixzyx,ravencrest,384,priest,holy,6,4,2
Yredias,dalaran,384,priest,holy,6,4,2
Russianpvp,outland,384,priest,holy,6,4,2
Shanny,kazzak,384,priest,holy,6,4,2
Experimentix,silvermoon,384,priest,holy,6,4,2
Пристотян,gordunni,384,priest,holy,6,4,2
Даймэн,gordunni,384,priest,holy,6,4,2
Indrades,blackmoore,384,priest,holy,6,4,2
Disillusíon,tarren-mill,384,priest,holy,12,4,8
Sayash,chamber-of-aspects,384,priest,holy,12,4,8
Flurri,tarren-mill,384,priest,holy,12,4,8
Blazekk,sylvanas,384,priest,holy,12,4,8
Egozyp,kazzak,384,priest,holy,12,4,8
Missdemerè,nemesis,384,priest,holy,12,4,8
Zarez,stormscale,384,priest,holy,12,4,8
Bebwaz,kazzak,384,priest,holy,12,4,8
Aladriela,exodar,384,priest,holy,12,4,8
Gertie,blackhand,384,priest,holy,12,4,8
Ripperdepip,magtheridon,384,priest,holy,12,4,8
Clergy,hellfire,384,priest,holy,12,4,8
Skytheory,eredar,384,priest,holy,13,4,9
Крайл,blackscar,384,priest,holy,17,4,13
Ømegagødx,outland,384,priest,holy,18,4,14
Virgosenpai,silvermoon,384,priest,holy,18,4,14
Кэндимен,gordunni,384,priest,holy,18,4,14
Ðlcz,blackrock,384,priest,holy,18,4,14
Allwhitte,confrérie-du-thorium,383,priest,holy,6,4,2
Ynnaria,blackmoore,383,priest,holy,12,4,8
Blackwidow,chromaggus,383,priest,holy,12,4,8
Ruebi,blackmoore,383,priest,holy,12,4,8
Protegee,draenor,383,priest,holy,18,4,14
Hodza,frostmane,382,priest,holy,6,4,2
Centauria,burning-legion,381,priest,holy,24,4,20
Эгнерия,eversong,367,priest,holy,17,4,13
Nxtlvl,stormscale,352,priest,holy,10,5,5
Apuessii,dun-modr,351,priest,holy,11,4,7
Rezzurrectum,doomhammer,336,priest,holy,9,4,5
Waycrest,ravencrest,329,priest,holy,8,5,3
Shyvi,ravencrest,319,priest,holy,5,4,1
Shmoly,stormscale,288,priest,holy,6,3,3
Jeboc,ravencrest,288,priest,holy,6,3,3
Nimsi,ravencrest,288,priest,holy,6,3,3
Миррен,gordunni,288,priest,holy,6,3,3
Fareeya,thrall,288,priest,holy,6,3,3
Hilerki,draenor,288,priest,holy,6,3,3
Arabpriest,draenor,288,priest,holy,6,3,3
Dãrkmedic,silvermoon,288,priest,holy,6,3,3
Фионыч,blackscar,288,priest,holy,6,3,3
Carnacia,tarren-mill,288,priest,holy,6,3,3
Холихэйт,howling-fjord,288,priest,holy,6,3,3
Tribz,kargath,288,priest,holy,6,3,3
Pinkfloydx,lightbringer,288,priest,holy,6,3,3
ßestworld,draenor,288,priest,holy,6,3,3
Pyropenance,twisting-nether,288,priest,holy,6,3,3
Alaelis,burning-legion,288,priest,holy,6,3,3
Namsolo,kazzak,288,priest,holy,6,3,3
Ariyia,argent-dawn,288,priest,holy,6,3,3
Holyheartx,argent-dawn,288,priest,holy,6,3,3
Salzholy,malygos,288,priest,holy,6,3,3
Góli,argent-dawn,288,priest,holy,6,3,3
Redy,drakthul,288,priest,holy,6,3,3
Atremius,dragonmaw,288,priest,holy,6,3,3
Drdiscospec,tarren-mill,288,priest,holy,6,3,3
Bambus,shattered-hand,288,priest,holy,6,3,3
Novella,kult-der-verdammten,288,priest,holy,6,3,3
Sebbepriest,twisting-nether,288,priest,holy,10,3,7
Eihran,stormscale,288,priest,holy,12,3,9
Javvi,sylvanas,288,priest,holy,12,3,9
Quami,dun-modr,288,priest,holy,12,3,9
Suili,twisting-nether,288,priest,holy,12,3,9
Fatherliam,emerald-dream,288,priest,holy,12,3,9
Lurri,tarren-mill,288,priest,holy,12,3,9
Drminduskâ,ysondre,288,priest,holy,12,3,9
Farae,arathor,288,priest,holy,24,3,21
Ларуса,gordunni,287,priest,holy,6,3,3
Naid,exodar,286,priest,holy,12,3,9
Besmrtna,saurfang,271,priest,holy,11,3,8
Lr,aszune,240,priest,holy,9,3,6
Ibunnyqt,aegwynn,192,priest,holy,6,2,4
Асуартхас,gordunni,192,priest,holy,6,2,4
Lutzki,the-maelstrom,192,priest,holy,6,2,4
Люблюкофе,deathguard,192,priest,holy,6,2,4
Priesless,sylvanas,192,priest,holy,6,2,4
Burnex,thrall,192,priest,holy,6,2,4
Soül,sylvanas,192,priest,holy,6,2,4
Zuniya,tarren-mill,192,priest,holy,6,2,4
Dertar,archimonde,192,priest,holy,6,2,4
Fízwow,stormscale,192,priest,holy,6,2,4
Dangerfred,stormscale,192,priest,holy,6,2,4
Ihefyehvjrm,ravencrest,192,priest,holy,6,2,4
Zellita,ravencrest,192,priest,holy,6,2,4
Noukeé,blackrock,192,priest,holy,6,2,4
Dîakon,antonidas,192,priest,holy,6,2,4
Jinxies,twisting-nether,192,priest,holy,6,2,4
Owait,tarren-mill,192,priest,holy,6,2,4
Micix,tarren-mill,192,priest,holy,6,2,4
Troedelsuppe,destromath,192,priest,holy,6,2,4
Grøums,blackmoore,192,priest,holy,6,2,4
Yukirito,drakthul,192,priest,holy,6,2,4
Cheefto,blackmoore,192,priest,holy,6,2,4
Келебриана,deepholm,192,priest,holy,6,2,4
Llounal,silvermoon,192,priest,holy,6,2,4
Dami,defias-brotherhood,192,priest,holy,6,2,4
Prästpojken,frostwhisper,192,priest,holy,6,2,4
Djingischan,twisting-nether,192,priest,holy,6,2,4
Krematorio,twisting-nether,192,priest,holy,6,2,4
Notatrap,outland,192,priest,holy,6,2,4
Eyllise,ragnaros,192,priest,holy,6,2,4
Discobrill,silvermoon,192,priest,holy,6,2,4
Marrisa,khaz-modan,192,priest,holy,6,2,4
Qazar,draenor,192,priest,holy,6,2,4
Haxxøn,die-nachtwache,192,priest,holy,6,2,4
Korzec,dun-modr,192,priest,holy,6,2,4
Mayalolz,chogall,192,priest,holy,8,2,6
Бранлор,howling-fjord,192,priest,holy,8,2,6
Nøfear,tarren-mill,192,priest,holy,11,2,9
Hónòr,sylvanas,192,priest,holy,12,2,10
Køzøxîä,dalaran,192,priest,holy,12,2,10
Mundwerk,malganis,192,priest,holy,12,2,10
Ittei,stormscale,192,priest,holy,12,2,10
Eternitiy,auchindoun,191,priest,holy,6,2,4
Meynola,ysondre,191,priest,holy,6,2,4
Rankonejames,silvermoon,159,priest,holy,5,2,3
Spae,twisting-nether,138,priest,holy,11,4,7
Пейлон,howling-fjord,137,priest,holy,10,4,6
Mavisqt,draenor,128,priest,holy,4,2,2
Harukaa,aggra-português,96,priest,holy,6,1,5
Isendriel,outland,96,priest,holy,6,1,5
Kakuzuke,nemesis,96,priest,holy,6,1,5
Tÿona,hyjal,96,priest,holy,6,1,5
Батлджес,gordunni,96,priest,holy,6,1,5
Lujka,outland,96,priest,holy,6,1,5
Laadyybirkee,blackhand,96,priest,holy,6,1,5
Goupillou,hyjal,96,priest,holy,6,1,5
Сакредлайв,gordunni,96,priest,holy,6,1,5
Elfhelp,ravencrest,96,priest,holy,6,1,5
Jaatjak,ravencrest,96,priest,holy,6,1,5
Slêq,antonidas,96,priest,holy,6,1,5
Ximenia,eredar,96,priest,holy,6,1,5
Яестькенни,soulflayer,96,priest,holy,6,1,5
Clerìc,argent-dawn,96,priest,holy,6,1,5
Resuscitator,spinebreaker,96,priest,holy,6,1,5
Borá,twisting-nether,96,priest,holy,6,1,5
Jaesabøyx,twisting-nether,96,priest,holy,6,1,5
Herwin,twisting-nether,96,priest,holy,6,1,5
Itstooney,doomhammer,96,priest,holy,6,1,5
Systerstål,twisting-nether,96,priest,holy,6,1,5
Ylenae,twisting-nether,96,priest,holy,6,1,5
Alshah,emerald-dream,96,priest,holy,6,1,5
Myrrha,les-sentinelles,96,priest,holy,6,1,5
Эллвинг,howling-fjord,96,priest,holy,6,1,5
Pattie,ragnaros,96,priest,holy,6,1,5
Spoc,blackrock,96,priest,holy,6,1,5
Wrongwrong,draenor,96,priest,holy,6,1,5
Iirina,draenor,96,priest,holy,6,1,5
Saheila,defias-brotherhood,96,priest,holy,6,1,5
Shicu,blackmoore,96,priest,holy,6,1,5
Remkoja,blackrock,96,priest,holy,6,1,5
Bowie,frostwhisper,96,priest,holy,6,1,5
Zongiz,azjolnerub,96,priest,holy,6,1,5
Doublehealix,argent-dawn,96,priest,holy,12,1,11
Felvytwo,stormscale,96,priest,holy,12,1,11
Åme,kirin-tor,96,priest,holy,12,1,11
Plaguestrike,darkspear,96,priest,holy,12,1,11
Kæzm,blackrock,96,priest,holy,12,1,11
Mswagner,outland,79,priest,holy,5,1,4
Darkyos,azshara,42,priest,holy,6,2,4
Priestyo,blackrock,42,priest,holy,10,2,8
Bøij,pozzo-delleternità,42,priest,holy,10,2,8
Gaalonikus,blackmoore,2235,priest,discipline,92,54,38
Vanostsp,kazzak,2230,priest,discipline,102,56,46
Prêtresacré,archimonde,2212,priest,discipline,78,46,32
Jayti,ravencrest,2205,priest,discipline,115,65,50
Èfflux,ravencrest,2172,priest,discipline,86,54,32
Monopolygoat,arathor,2167,priest,discipline,147,74,73
Bedfirez,ravencrest,2161,priest,discipline,211,122,89
Jtî,ravencrest,2134,priest,discipline,72,47,25
Saentainen,kazzak,2133,priest,discipline,95,68,27
Cylizx,stormscale,2133,priest,discipline,114,62,52
Jackiqt,nemesis,2132,priest,discipline,113,73,40
Moonriver,archimonde,2132,priest,discipline,66,39,27
Artle,sanguino,2131,priest,discipline,83,44,39
Efflúx,ravencrest,2128,priest,discipline,124,71,53
Azrpr,ravencrest,2128,priest,discipline,82,45,37
Wetnpuffy,ravencrest,2127,priest,discipline,268,143,125
Dripcheck,draenor,2127,priest,discipline,223,118,105
Релакз,soulflayer,2124,priest,discipline,120,66,54
Vengefulmaze,ravencrest,2124,priest,discipline,108,55,53
Rébörn,tarren-mill,2123,priest,discipline,71,44,27
Jidammy,ravencrest,2120,priest,discipline,80,41,39
Jacknapier,kazzak,2117,priest,discipline,66,39,27
Rñd,ravencrest,2117,priest,discipline,78,40,38
Holypoppa,ravencrest,2112,priest,discipline,133,71,62
Leahbtw,ravencrest,2106,priest,discipline,150,85,65
Sfÿ,ysondre,2106,priest,discipline,84,43,41
Swdswdswdswd,blackmoore,2105,priest,discipline,94,51,43
Klonyaryk,ravencrest,2100,priest,discipline,78,47,31
Øbserverx,stormscale,2100,priest,discipline,114,61,53
Nêxt,ravencrest,2088,priest,discipline,84,62,22
Sèco,sylvanas,2085,priest,discipline,84,44,40
Gudóngmae,ravencrest,2076,priest,discipline,48,32,16
Duckiethotx,ragnaros,2070,priest,discipline,78,40,38
Mentalboom,emerald-dream,2060,priest,discipline,185,94,91
Lloreen,ravencrest,2053,priest,discipline,84,47,37
Izzý,antonidas,2044,priest,discipline,78,47,31
Boltygnome,blades-edge,2044,priest,discipline,72,43,29
Loví,twisting-nether,2043,priest,discipline,83,43,40
Plsdontnerf,onyxia,2039,priest,discipline,95,55,40
Twinkboyx,ragnaros,2039,priest,discipline,123,62,61
Мамкалол,soulflayer,2038,priest,discipline,258,136,122
Imprøved,outland,2036,priest,discipline,102,70,32
Thelïght,ravencrest,2034,priest,discipline,111,54,57
Unréål,ravencrest,2033,priest,discipline,186,92,94
Duckiethot,twisting-nether,2031,priest,discipline,166,81,85
Bindw,tarren-mill,2025,priest,discipline,41,22,19
Faithz,ragnaros,2023,priest,discipline,84,39,45
Mavisqt,draenor,2022,priest,discipline,102,55,47
Crinji,blackmoore,2021,priest,discipline,157,77,80
Pheen,kazzak,2019,priest,discipline,197,105,92
Ðontargueok,blackmoore,2018,priest,discipline,66,37,29
Ananous,hyjal,2017,priest,discipline,121,69,52
Гопикзашквар,blackscar,2017,priest,discipline,104,47,57
Priestqtx,kelthuzad,2016,priest,discipline,60,34,26
Kleot,ragnaros,2016,priest,discipline,273,142,131
Wet,twisting-nether,2015,priest,discipline,90,41,49
Shøy,nemesis,2014,priest,discipline,180,91,89
Villagebike,shadowsong,2012,priest,discipline,42,22,20
Разрухаз,gordunni,2011,priest,discipline,95,48,47
Trialight,ravencrest,2009,priest,discipline,89,57,32
Ilumiinatrix,dun-modr,2009,priest,discipline,467,235,232
Билетлолпро,borean-tundra,2008,priest,discipline,149,71,78
Ävbmârsík,kazzak,2006,priest,discipline,143,80,63
Drlovke,stormscale,2005,priest,discipline,84,47,37
Хомячпочка,gordunni,2003,priest,discipline,76,40,36
Tanlytwo,ravencrest,2003,priest,discipline,76,38,38
Timbsheal,tarren-mill,2001,priest,discipline,132,69,63
Shmoly,stormscale,2001,priest,discipline,91,47,44
Chasx,ravencrest,1998,priest,discipline,95,44,51
Vajadisc,twisting-nether,1993,priest,discipline,130,56,74
Neverdome,ravencrest,1992,priest,discipline,188,104,84
Фастэксп,razuvious,1992,priest,discipline,185,97,88
Stavfel,stormscale,1990,priest,discipline,117,63,54
Jaywie,twisting-nether,1989,priest,discipline,84,39,45
Dabalthazar,ravencrest,1985,priest,discipline,163,83,80
Dpriesta,aegwynn,1979,priest,discipline,88,52,36
Acondisc,kazzak,1977,priest,discipline,76,43,33
Ekman,twisting-nether,1977,priest,discipline,128,67,61
Zularia,rexxar,1976,priest,discipline,96,54,42
Oioiio,kazzak,1975,priest,discipline,84,42,42
Infamoussftw,drakthul,1975,priest,discipline,210,104,106
Sinetrax,tarren-mill,1973,priest,discipline,96,57,39
Хомяктьмы,gordunni,1971,priest,discipline,102,53,49
Mercilégion,sargeras,1971,priest,discipline,66,34,32
Lyrvanax,ravencrest,1970,priest,discipline,229,113,116
Charlotten,shattered-hand,1963,priest,discipline,84,42,42
Djsüssi,frostwolf,1963,priest,discipline,163,76,87
Eau,quelthalas,1962,priest,discipline,124,60,64
Synxii,ravencrest,1961,priest,discipline,64,35,29
Kangaroogodx,ravencrest,1961,priest,discipline,84,39,45
Spinebuster,frostwolf,1958,priest,discipline,78,38,40
Puckhorde,outland,1957,priest,discipline,90,57,33
Lolylights,tarren-mill,1956,priest,discipline,78,41,37
Önnÿ,dun-modr,1956,priest,discipline,89,46,43
Healseri,defias-brotherhood,1953,priest,discipline,204,106,98
Hukkuvahirvi,ravencrest,1953,priest,discipline,81,38,43
Mainputa,pozzo-delleternità,1952,priest,discipline,82,38,44
Mentalist,dun-modr,1952,priest,discipline,129,59,70
Sleepypriest,frostmane,1951,priest,discipline,42,24,18
Rhâpsødy,ravencrest,1950,priest,discipline,71,42,29
Rlyeh,argent-dawn,1949,priest,discipline,65,35,30
Алинкалол,howling-fjord,1948,priest,discipline,162,96,66
Salvinia,kelthuzad,1948,priest,discipline,114,57,57
Primayodbain,archimonde,1947,priest,discipline,58,33,25
Bølzer,blackrock,1942,priest,discipline,234,119,115
Syreet,silvermoon,1941,priest,discipline,398,205,193
Kekkons,sylvanas,1941,priest,discipline,119,61,58
Ebuglatatrov,ravencrest,1941,priest,discipline,120,57,63
Concetto,nazjatar,1939,priest,discipline,48,27,21
Mysterymucus,draenor,1938,priest,discipline,102,61,41
Porkhunt,stormscale,1938,priest,discipline,90,52,38
Senga,kazzak,1937,priest,discipline,78,38,40
Summerfinn,ravencrest,1937,priest,discipline,93,44,49
Gerryqt,draenor,1931,priest,discipline,54,30,24
Свэпи,blackscar,1929,priest,discipline,65,34,31
Rngånxiety,ravencrest,1927,priest,discipline,106,54,52
Psyheea,stormscale,1926,priest,discipline,139,62,77
Лёнятреппер,blackscar,1925,priest,discipline,183,102,81
Mswagner,outland,1924,priest,discipline,59,33,26
Akaria,kelthuzad,1922,priest,discipline,66,30,36
Jagardoden,stormscale,1920,priest,discipline,65,38,27
Arthezz,ravencrest,1920,priest,discipline,92,50,42
Sharkouly,blackmoore,1920,priest,discipline,54,27,27
Asanti,die-aldor,1919,priest,discipline,132,75,57
Фанпау,soulflayer,1919,priest,discipline,72,34,38
Reflector,sunstrider,1918,priest,discipline,66,29,37
Niniell,blackmoore,1915,priest,discipline,66,43,23
Zêxy,stormscale,1915,priest,discipline,71,41,30
Råcòøñ,ravencrest,1915,priest,discipline,55,26,29
Tacochrist,kazzak,1914,priest,discipline,102,59,43
Dermaul,kazzak,1913,priest,discipline,42,24,18
Aeogon,kazzak,1913,priest,discipline,149,68,81
ßrb,sylvanas,1912,priest,discipline,150,87,63
Eestpr,tarren-mill,1908,priest,discipline,69,37,32
Uwuslayerx,stormscale,1908,priest,discipline,59,31,28
Mafakor,ravencrest,1907,priest,discipline,213,109,104
Jâde,bloodhoof,1907,priest,discipline,177,90,87
Georgeshxx,ravencrest,1903,priest,discipline,95,50,45
Flongoletta,xavius,1903,priest,discipline,120,62,58
Kevinsorbo,destromath,1899,priest,discipline,66,35,31
Donvyto,blackmoore,1899,priest,discipline,48,24,24
Maxfly,archimonde,1898,priest,discipline,54,29,25
Rîeka,antonidas,1897,priest,discipline,83,40,43
Verti,outland,1896,priest,discipline,106,50,56
Kêkwshádêzz,blackmoore,1895,priest,discipline,54,27,27
Discishârd,ravencrest,1893,priest,discipline,117,60,57
Eliriya,thrall,1892,priest,discipline,276,144,132
Разорлайтх,gordunni,1890,priest,discipline,29,21,8
Entenpanda,kazzak,1889,priest,discipline,68,41,27
Ronnyvandamm,destromath,1887,priest,discipline,88,58,30
Voxtwo,blackrock,1887,priest,discipline,42,26,16
Xghj,sylvanas,1887,priest,discipline,72,36,36
Clapped,ravencrest,1887,priest,discipline,72,32,40
Voideffsucks,stormscale,1881,priest,discipline,60,32,28
Merylle,ragnaros,1880,priest,discipline,60,29,31
Ziknait,sargeras,1879,priest,discipline,48,29,19
Sathie,ravencrest,1879,priest,discipline,66,33,33
Underdogx,eredar,1879,priest,discipline,359,179,180
Goldensp,sanguino,1878,priest,discipline,81,47,34
Бенджаминлол,blackscar,1875,priest,discipline,54,23,31
Ðènnis,argent-dawn,1874,priest,discipline,133,69,64
Secø,sylvanas,1873,priest,discipline,42,22,20
Hampådenbååd,kazzak,1873,priest,discipline,42,20,22
Elethia,blackmoore,1872,priest,discipline,38,21,17
Yeetedmycat,stormscale,1872,priest,discipline,66,34,32
Imsaltyxd,tarren-mill,1871,priest,discipline,66,39,27
Svakkanxd,kazzak,1871,priest,discipline,70,33,37
Cdïs,tyrande,1870,priest,discipline,54,36,18
Cellia,antonidas,1870,priest,discipline,30,20,10
Egî,azshara,1870,priest,discipline,42,20,22
Depridolens,argent-dawn,1869,priest,discipline,42,27,15
Limerençe,ravencrest,1869,priest,discipline,44,25,19
Ðês,ravencrest,1869,priest,discipline,96,52,44
Интеллиджент,gordunni,1868,priest,discipline,42,24,18
Zhadow,outland,1868,priest,discipline,150,78,72
Suxino,stormscale,1865,priest,discipline,199,127,72
Saniqt,kazzak,1865,priest,discipline,57,35,22
Phosdia,festung-der-stürme,1864,priest,discipline,36,24,12
Painchampion,draenor,1864,priest,discipline,54,23,31
Rpriest,outland,1863,priest,discipline,54,32,22
Asdfghqwezxc,twisting-nether,1863,priest,discipline,65,35,30
Neffty,aegwynn,1863,priest,discipline,138,73,65
Прощайдуде,gordunni,1863,priest,discipline,65,34,31
Kâiøxx,outland,1862,priest,discipline,157,81,76
Asyncx,ravencrest,1862,priest,discipline,68,35,33
Pricemg,thrall,1860,priest,discipline,48,29,19
Virulence,twisting-nether,1860,priest,discipline,199,113,86
Flao,ravencrest,1860,priest,discipline,52,28,24
Кошечка,deathguard,1860,priest,discipline,41,21,20
Thalanas,ravencrest,1859,priest,discipline,158,90,68
Sublab,kazzak,1859,priest,discipline,60,33,27
Artìst,ravencrest,1858,priest,discipline,30,20,10
Citadelle,blackmoore,1858,priest,discipline,59,36,23
Мефодийприст,howling-fjord,1858,priest,discipline,102,62,40
Wernou,archimonde,1858,priest,discipline,48,29,19
Cdplz,archimonde,1858,priest,discipline,119,59,60
Bigextendo,blackmoore,1857,priest,discipline,66,35,31
Rickerstrike,stormscale,1857,priest,discipline,108,57,51
Onyoureyebal,vashj,1857,priest,discipline,72,31,41
Unfaithful,twisting-nether,1854,priest,discipline,70,43,27
Listrix,frostmane,1854,priest,discipline,120,58,62
Shadothat,turalyon,1853,priest,discipline,48,29,19
Dieterdose,tarren-mill,1852,priest,discipline,44,29,15
Crushmyballs,ravencrest,1852,priest,discipline,60,36,24
Лэсивэснэс,soulflayer,1852,priest,discipline,72,30,42
Галюхах,soulflayer,1851,priest,discipline,42,22,20
Eukmassus,archimonde,1849,priest,discipline,70,36,34
Rynnegan,zuljin,1849,priest,discipline,72,31,41
Çhåosgòddess,kazzak,1848,priest,discipline,42,25,17
Карпинчо,soulflayer,1848,priest,discipline,186,91,95
Mentaldeadp,draenor,1846,priest,discipline,123,80,43
Sdn,twisting-nether,1846,priest,discipline,94,49,45
Geforcès,archimonde,1846,priest,discipline,71,31,40
Andrë,ragnaros,1845,priest,discipline,46,29,17
Kuusistöö,kazzak,1845,priest,discipline,92,49,43
Soyloverjuan,auchindoun,1843,priest,discipline,52,27,25
Bæsts,ravencrest,1842,priest,discipline,47,35,12
Minilove,ravencrest,1842,priest,discipline,36,22,14
Maulerion,tarren-mill,1842,priest,discipline,92,53,39
Debeo,ragnaros,1842,priest,discipline,121,67,54
Kianprie,silvermoon,1842,priest,discipline,101,46,55
Trolldý,outland,1841,priest,discipline,54,33,21
Ssjfoxyo,sylvanas,1841,priest,discipline,101,51,50
Mend,tarren-mill,1841,priest,discipline,77,34,43
Луилэнс,howling-fjord,1840,priest,discipline,82,46,36
Twinkerz,ravencrest,1839,priest,discipline,114,70,44
Klered,ragnaros,1839,priest,discipline,52,31,21
Kàrèm,blutkessel,1839,priest,discipline,48,28,20
Potatojuicer,argent-dawn,1839,priest,discipline,117,56,61
Shîn,zirkel-des-cenarius,1839,priest,discipline,72,32,40
Втильте,blackscar,1838,priest,discipline,138,77,61
Fearxyz,aegwynn,1838,priest,discipline,60,31,29
Rezzdar,lightnings-blade,1838,priest,discipline,95,49,46
Sheelah,ravencrest,1838,priest,discipline,66,32,34
Nasdaq,ravencrest,1837,priest,discipline,60,30,30
Делреона,blackscar,1836,priest,discipline,60,34,26
Azoran,dentarg,1836,priest,discipline,72,33,39
Nevercared,aegwynn,1835,priest,discipline,30,25,5
Shonsized,argent-dawn,1835,priest,discipline,142,82,60
Giatros,kazzak,1835,priest,discipline,89,48,41
Scortie,blackrock,1835,priest,discipline,49,25,24
Видзар,blackscar,1834,priest,discipline,42,27,15
Alwaysøøm,kazzak,1834,priest,discipline,120,77,43
Owrly,bladefist,1834,priest,discipline,172,88,84
Luvdisc,ysondre,1834,priest,discipline,68,34,34
Dendegodx,kazzak,1833,priest,discipline,114,62,52
Azaciúx,sylvanas,1832,priest,discipline,48,29,19
Yzïam,ravencrest,1832,priest,discipline,68,36,32
Feeqamikka,ragnaros,1832,priest,discipline,61,32,29
Sazuki,sylvanas,1830,priest,discipline,119,71,48
Hamsicam,frostwolf,1830,priest,discipline,140,67,73
Kaizza,burning-legion,1829,priest,discipline,48,30,18
Alusiepriest,ravencrest,1829,priest,discipline,164,102,62
Chnechnechne,outland,1829,priest,discipline,58,35,23
Bijaqt,blackmoore,1829,priest,discipline,54,27,27
Swiftdemise,sylvanas,1829,priest,discipline,142,67,75
Akeno,sylvanas,1829,priest,discipline,70,31,39
Pradrak,eredar,1828,priest,discipline,54,31,23
Chivalryy,argent-dawn,1828,priest,discipline,119,64,55
Ingelosi,eredar,1828,priest,discipline,220,118,102
Sláin,outland,1828,priest,discipline,90,47,43
Jconnelly,antonidas,1828,priest,discipline,62,32,30
Itayyxd,doomhammer,1828,priest,discipline,66,34,32
Blazingad,kazzak,1827,priest,discipline,173,93,80
Ltmp,ravencrest,1827,priest,discipline,48,24,24
Nadøney,hyjal,1826,priest,discipline,172,87,85
Nissha,stormscale,1826,priest,discipline,66,32,34
Двачх,soulflayer,1826,priest,discipline,66,32,34
Sinetrax,draenor,1825,priest,discipline,48,30,18
Асверай,howling-fjord,1825,priest,discipline,90,55,35
Bebydaniwey,eredar,1825,priest,discipline,48,27,21
Alicanx,silvermoon,1824,priest,discipline,123,77,46
Faderfarbror,tarren-mill,1824,priest,discipline,103,63,40
Ayõu,ravencrest,1824,priest,discipline,60,36,24
Nalakis,archimonde,1824,priest,discipline,109,62,47
Src,ravencrest,1824,priest,discipline,95,54,41
Myggsparv,stormscale,1824,priest,discipline,54,30,24
Collinna,aegwynn,1824,priest,discipline,105,57,48
Lanata,blackrock,1823,priest,discipline,60,34,26
Мухаглот,soulflayer,1823,priest,discipline,71,37,34
Cnqz,archimonde,1823,priest,discipline,72,34,38
Sovereignp,aegwynn,1823,priest,discipline,60,28,32
Mamaa,stormscale,1822,priest,discipline,72,40,32
Tecc,draenor,1822,priest,discipline,130,65,65
Mèlindra,tarren-mill,1821,priest,discipline,35,28,7
Билет,borean-tundra,1821,priest,discipline,42,26,16
Aâraks,khaz-modan,1821,priest,discipline,134,82,52
Tribz,kargath,1821,priest,discipline,36,22,14
Mommymilkrx,argent-dawn,1821,priest,discipline,239,124,115
Miklós,die-aldor,1821,priest,discipline,54,28,26
Scaryolol,blackmoore,1821,priest,discipline,161,83,78
Таравера,soulflayer,1821,priest,discipline,113,57,56
Yamai,thrall,1820,priest,discipline,42,24,18
Gaussqt,ravencrest,1820,priest,discipline,84,44,40
Yunusgødx,kazzak,1819,priest,discipline,102,65,37
Kripteksx,ravencrest,1819,priest,discipline,47,27,20
Омилая,gordunni,1819,priest,discipline,42,24,18
Rippertmepls,ravencrest,1819,priest,discipline,95,52,43
Дорогасмеха,howling-fjord,1819,priest,discipline,66,36,30
Felaenna,argent-dawn,1819,priest,discipline,139,75,64
Swoptoplong,blackhand,1819,priest,discipline,493,261,232
Ilovelily,antonidas,1819,priest,discipline,60,30,30
Vibéz,outland,1819,priest,discipline,54,27,27
Kimspriest,ragnaros,1818,priest,discipline,42,24,18
Wangewover,ravencrest,1818,priest,discipline,129,70,59
Egi,lothar,1818,priest,discipline,51,27,24
Monsterzx,outland,1818,priest,discipline,90,44,46
Невертрикахд,gordunni,1818,priest,discipline,83,37,46
Spiritina,darkmoon-faire,1817,priest,discipline,76,52,24
Inhibitor,tarren-mill,1817,priest,discipline,48,29,19
Holycuddles,ysondre,1817,priest,discipline,78,47,31
Blessedmix,korgall,1817,priest,discipline,48,26,22
Ashenflexj,draenor,1817,priest,discipline,226,115,111
Deadandugly,eredar,1817,priest,discipline,84,36,48
Swd,dun-morogh,1816,priest,discipline,36,23,13
Hanniri,archimonde,1816,priest,discipline,48,28,20
Aenon,argent-dawn,1816,priest,discipline,129,72,57
Соникида,gordunni,1816,priest,discipline,76,39,37
Semper,sylvanas,1816,priest,discipline,52,26,26
Thaeres,stormscale,1816,priest,discipline,65,31,34
Оченьнеочень,howling-fjord,1816,priest,discipline,72,33,39
Свдпро,soulflayer,1816,priest,discipline,120,53,67
Fandac,sylvanas,1815,priest,discipline,60,39,21
Moglimeister,blackrock,1815,priest,discipline,42,27,15
Jowaba,ravencrest,1815,priest,discipline,60,38,22
Виллавелл,blackscar,1815,priest,discipline,48,24,24
Zyzx,blackrock,1815,priest,discipline,66,29,37
Анстахоуп,grom,1814,priest,discipline,192,121,71
Discusting,anachronos,1814,priest,discipline,66,34,32
Prsx,ravencrest,1814,priest,discipline,108,55,53
Jamienism,ravencrest,1814,priest,discipline,54,23,31
Mobcal,twisting-nether,1814,priest,discipline,66,28,38
Daniweyy,eredar,1813,priest,discipline,30,19,11
Elsuzette,hyjal,1813,priest,discipline,46,27,19
Deathgodx,archimonde,1813,priest,discipline,140,78,62
Iwariel,blackmoore,1813,priest,discipline,102,55,47
Dhassy,sanguino,1812,priest,discipline,71,44,27
Elataqt,silvermoon,1812,priest,discipline,79,45,34
Gødsfåvørite,blackrock,1812,priest,discipline,86,48,38
Viiu,eredar,1812,priest,discipline,45,25,20
Eedazap,argent-dawn,1812,priest,discipline,58,32,26
ßlinkytwinky,outland,1812,priest,discipline,36,19,17
Discoqt,aegwynn,1812,priest,discipline,60,30,30
Isalvation,stormscale,1812,priest,discipline,78,38,40
Mïserygødx,nemesis,1811,priest,discipline,84,57,27
Maxmoto,blackrock,1811,priest,discipline,92,56,36
Антошашвп,azuregos,1811,priest,discipline,42,25,17
Cæsifer,blackrock,1811,priest,discipline,100,55,45
Leahuwu,ravencrest,1811,priest,discipline,72,37,35
Miraña,kazzak,1810,priest,discipline,24,19,5
Jellypie,blackrock,1810,priest,discipline,36,25,11
Holyshiiet,stormscale,1810,priest,discipline,138,81,57
Xrq,stormscale,1809,priest,discipline,36,27,9
Delftware,tarren-mill,1809,priest,discipline,36,27,9
Thedisco,kazzak,1809,priest,discipline,84,56,28
Leahx,dalvengyr,1809,priest,discipline,46,25,21
Джагонх,soulflayer,1809,priest,discipline,60,31,29
Undeathy,ravencrest,1809,priest,discipline,54,27,27
Kuxk,stormscale,1809,priest,discipline,48,24,24
Fønss,sanguino,1809,priest,discipline,77,34,43
Stola,archimonde,1809,priest,discipline,101,41,60
Xutira,silvermoon,1808,priest,discipline,195,109,86
Ohlinsqt,outland,1808,priest,discipline,66,36,30
Tazn,thrall,1808,priest,discipline,36,19,17
Уровеньб,soulflayer,1808,priest,discipline,114,60,54
Aòo,twisting-nether,1808,priest,discipline,89,45,44
Aprilfalls,blackmoore,1808,priest,discipline,54,25,29
Chaxxpriest,blackrock,1808,priest,discipline,113,51,62
Ÿolo,nemesis,1807,priest,discipline,80,47,33
Вашачесть,gordunni,1807,priest,discipline,156,84,72
Immortalled,twisting-nether,1807,priest,discipline,144,77,67
Raw,dragonblight,1807,priest,discipline,72,36,36
Seasonf,tarren-mill,1807,priest,discipline,60,28,32
Hexybtw,stormscale,1806,priest,discipline,30,19,11
Zarahard,draenor,1806,priest,discipline,120,65,55
Zeruhphin,eredar,1806,priest,discipline,54,28,26
Lucksy,antonidas,1806,priest,discipline,60,31,29
Karmev,twisting-nether,1806,priest,discipline,53,26,27
Brigittë,ravencrest,1806,priest,discipline,66,29,37
Светжрец,blackscar,1805,priest,discipline,36,26,10
Tattum,ragnaros,1805,priest,discipline,84,57,27
Eolîn,draenor,1805,priest,discipline,48,27,21
Поршкаенн,gordunni,1805,priest,discipline,60,32,28
Andaar,ravencrest,1805,priest,discipline,60,32,28
Comedii,blackmoore,1805,priest,discipline,399,201,198
Ipâ,hyjal,1805,priest,discipline,417,207,210
Jeanprêtre,ysondre,1805,priest,discipline,66,30,36
Neems,twisting-nether,1805,priest,discipline,42,19,23
Шкурюклады,gordunni,1805,priest,discipline,60,27,33
Ïcön,ravencrest,1804,priest,discipline,60,43,17
Priestdos,sanguino,1804,priest,discipline,48,31,17
Bennyjamin,kazzak,1804,priest,discipline,74,45,29
Floyyd,kazzak,1804,priest,discipline,42,24,18
Nooxid,eredar,1804,priest,discipline,159,86,73
Xzep,archimonde,1804,priest,discipline,223,114,109
Remkoja,blackrock,1804,priest,discipline,102,52,50
Altruistx,ravencrest,1804,priest,discipline,78,39,39
Chochoo,argent-dawn,1804,priest,discipline,60,25,35
Fogel,turalyon,1803,priest,discipline,96,82,14
Frëija,ravencrest,1803,priest,discipline,59,37,22
Kàalyx,archimonde,1803,priest,discipline,107,55,52
Místerbiceps,outland,1803,priest,discipline,60,30,30
Lunatique,shadowsong,1803,priest,discipline,56,28,28
Gehrke,silvermoon,1803,priest,discipline,105,51,54
Djswdgodx,twisting-nether,1803,priest,discipline,66,32,34
Ebiso,ravencrest,1803,priest,discipline,90,41,49
Assiduous,stormreaver,1802,priest,discipline,40,25,15
Bassepriest,tarren-mill,1802,priest,discipline,101,53,48
Cx,mazrigos,1801,priest,discipline,65,42,23
Sydnex,blackmoore,1801,priest,discipline,65,42,23
Shínx,illidan,1801,priest,discipline,90,52,38
Rabbai,twisting-nether,1801,priest,discipline,66,37,29
Artístx,twisting-nether,1801,priest,discipline,53,29,24
Cyabish,twisting-nether,1801,priest,discipline,257,138,119
Зулфар,razuvious,1800,priest,discipline,48,36,12
Wardshield,ravencrest,1800,priest,discipline,29,20,9
Felwy,stormscale,1800,priest,discipline,48,31,17
Hasnoaim,dun-morogh,1800,priest,discipline,66,41,25
Wóllo,stormscale,1800,priest,discipline,66,36,30
Mautiya,blackrock,1800,priest,discipline,96,52,44
Mpßx,tarren-mill,1800,priest,discipline,39,21,18
Enteja,outland,1800,priest,discipline,586,299,287
Некрогуро,gordunni,1800,priest,discipline,54,27,27
Lazyx,tarren-mill,1800,priest,discipline,59,29,30
Mcdodgens,auchindoun,1800,priest,discipline,233,112,121
Rhauru,tyrande,1800,priest,discipline,59,26,33
Gothicpriest,blackrock,1799,priest,discipline,54,34,20
Grouptherpst,draenor,1798,priest,discipline,238,117,121
Фенджидисплх,blackscar,1798,priest,discipline,114,54,60
Alessana,antonidas,1796,priest,discipline,47,30,17
Georgesheenx,ravencrest,1796,priest,discipline,190,90,100
Bigballer,stormscale,1795,priest,discipline,51,26,25
Keijunâ,ravencrest,1794,priest,discipline,41,21,20
Некронево,howling-fjord,1793,priest,discipline,45,27,18
Racecar,executus,1792,priest,discipline,144,71,73
Ihefyehvjrm,ravencrest,1792,priest,discipline,113,55,58
Artle,dun-modr,1789,priest,discipline,52,36,16
Nàlak,archimonde,1789,priest,discipline,54,25,29
Drillinx,tarren-mill,1788,priest,discipline,66,32,34
Hopesallgone,stormscale,1787,priest,discipline,96,58,38
Talbyslegacý,blackmoore,1784,priest,discipline,108,60,48
Андерприст,soulflayer,1782,priest,discipline,152,81,71
Utrd,kazzak,1782,priest,discipline,209,102,107
Maikzky,stormreaver,1780,priest,discipline,36,19,17
Zèl,blackmoore,1780,priest,discipline,52,26,26
Illuminarexo,sylvanas,1779,priest,discipline,109,62,47
Enilion,draenor,1779,priest,discipline,50,24,26
Flensu,stormscale,1778,priest,discipline,76,42,34
Ferpy,ragnaros,1778,priest,discipline,60,27,33
Tiphereth,blackmoore,1777,priest,discipline,36,19,17
Spaanseslof,silvermoon,1776,priest,discipline,126,58,68
Lakeworth,argent-dawn,1776,priest,discipline,134,61,73
Vespbruv,kazzak,1773,priest,discipline,36,25,11
Doublefreak,draenor,1773,priest,discipline,72,44,28
Смотривнебоь,soulflayer,1773,priest,discipline,117,60,57
Mndvx,sylvanas,1773,priest,discipline,80,40,40
Hellhammer,stormreaver,1772,priest,discipline,154,82,72
Aêalama,argent-dawn,1770,priest,discipline,48,25,23
Prådâshådëzz,blackmoore,1769,priest,discipline,41,26,15
Skitspill,ravencrest,1769,priest,discipline,72,30,42
Holyholy,stormscale,1768,priest,discipline,54,36,18
Neliica,silvermoon,1768,priest,discipline,66,27,39
Magetrainer,tarren-mill,1765,priest,discipline,60,42,18
Líluqt,sanguino,1765,priest,discipline,42,24,18
Yugata,archimonde,1765,priest,discipline,63,28,35
Ohiofromntty,ravencrest,1764,priest,discipline,24,20,4
Menarille,kazzak,1764,priest,discipline,24,20,4
Nameit,eredar,1763,priest,discipline,194,91,103
Aruna,ravencrest,1761,priest,discipline,70,35,35
Ladderpolice,blackmoore,1761,priest,discipline,54,26,28
Evpisces,archimonde,1760,priest,discipline,219,100,119
Kenzah,ysondre,1759,priest,discipline,30,20,10
Susaj,tarren-mill,1759,priest,discipline,41,23,18
Dès,ravencrest,1759,priest,discipline,105,50,55
Filthyzx,argent-dawn,1758,priest,discipline,54,27,27
Hinorist,kazzak,1758,priest,discipline,94,46,48
Legiondisc,blackmoore,1758,priest,discipline,157,71,86
Ironqt,malfurion,1758,priest,discipline,112,48,64
Sekker,silvermoon,1757,priest,discipline,303,161,142
Отклонен,soulflayer,1757,priest,discipline,48,23,25
Fitu,drakthul,1755,priest,discipline,155,77,78
Aelisendi,draenor,1754,priest,discipline,77,43,34
Dreifearfünf,arygos,1754,priest,discipline,90,50,40
Angrypiex,stormscale,1754,priest,discipline,65,32,33
Duelistfied,blackrock,1754,priest,discipline,50,24,26
Dállas,ravencrest,1753,priest,discipline,66,40,26
Needsboorst,ravencrest,1753,priest,discipline,60,32,28
Oscoolytb,archimonde,1752,priest,discipline,114,54,60
ßçøûzýìñ,ravencrest,1751,priest,discipline,28,21,7
Merylle,outland,1751,priest,discipline,41,27,14
Kîlo,sylvanas,1750,priest,discipline,42,19,23
Chechenkata,ravencrest,1750,priest,discipline,48,21,27
Hoses,twisting-nether,1749,priest,discipline,149,73,76
Iloveilka,madmortem,1747,priest,discipline,29,19,10
Gajos,frostwolf,1747,priest,discipline,96,56,40
Pikaboom,the-maelstrom,1747,priest,discipline,48,27,21
Kèvin,das-syndikat,1746,priest,discipline,89,54,35
Devoura,sylvanas,1746,priest,discipline,48,23,25
Notnøw,silvermoon,1744,priest,discipline,41,26,15
Mystz,dun-modr,1744,priest,discipline,63,34,29
Ödriaell,the-venture-co,1744,priest,discipline,102,53,49
Pestmorran,sylvanas,1742,priest,discipline,306,149,157
Abømination,hyjal,1740,priest,discipline,123,69,54
Holytop,aegwynn,1740,priest,discipline,48,25,23
Emryth,blackhand,1740,priest,discipline,258,131,127
Øxxgodx,blackrock,1740,priest,discipline,87,43,44
Pâww,kazzak,1740,priest,discipline,54,26,28
Touchmypink,ragnaros,1740,priest,discipline,177,83,94
Xeldrania,azshara,1739,priest,discipline,41,22,19
Justyø,archimonde,1738,priest,discipline,148,88,60
Lyrina,twisting-nether,1738,priest,discipline,364,199,165
Qhub,sylvanas,1738,priest,discipline,154,83,71
Eagrh,ravencrest,1737,priest,discipline,260,152,108
Бенджаминлол,deathguard,1737,priest,discipline,48,26,22
Антошашвп,gordunni,1737,priest,discipline,48,25,23
Фокусшвд,soulflayer,1735,priest,discipline,132,68,64
Sausageboy,tarren-mill,1734,priest,discipline,54,30,24
Obnoxious,sunstrider,1734,priest,discipline,132,66,66
Zërøx,ysondre,1733,priest,discipline,77,30,47
Aetas,hyjal,1732,priest,discipline,72,41,31
Lilypalmer,stormscale,1731,priest,discipline,72,36,36
Jøjmenejøj,ravencrest,1731,priest,discipline,150,73,77
Vigoria,stormreaver,1731,priest,discipline,101,49,52
Drillin,ravencrest,1731,priest,discipline,42,19,23
Tÿona,hyjal,1730,priest,discipline,176,101,75
Preme,blackhand,1730,priest,discipline,72,34,38
Snuskong,kazzak,1730,priest,discipline,54,25,29
Uppiediscyo,ravencrest,1729,priest,discipline,267,149,118
Denunciation,argent-dawn,1727,priest,discipline,191,101,90
Demora,ysondre,1726,priest,discipline,36,22,14
Ostrogami,silvermoon,1726,priest,discipline,327,154,173
Prips,bladefist,1725,priest,discipline,213,108,105
Stazqt,conseil-des-ombres,1725,priest,discipline,220,111,109
Felvytwo,stormscale,1725,priest,discipline,48,24,24
Justdänce,hyjal,1723,priest,discipline,46,23,23
Аскеронх,howling-fjord,1723,priest,discipline,87,41,46
Xians,alakir,1722,priest,discipline,30,18,12
Plsdontcry,blackrock,1722,priest,discipline,54,27,27
Healêl,sanguino,1722,priest,discipline,65,31,34
Skevitche,hyjal,1721,priest,discipline,208,108,100
Folelli,ysondre,1720,priest,discipline,113,58,55
Eliana,blackrock,1720,priest,discipline,109,53,56
Elsieexø,ravencrest,1720,priest,discipline,60,28,32
Pinipom,kazzak,1719,priest,discipline,38,26,12
Kedrack,draenor,1719,priest,discipline,42,27,15
Leffie,outland,1719,priest,discipline,51,26,25
Nirvz,silvermoon,1716,priest,discipline,42,29,13
Cylantharia,eredar,1716,priest,discipline,102,57,45
Fuzzymerge,ravencrest,1716,priest,discipline,76,42,34
Spìrít,ghostlands,1716,priest,discipline,48,24,24
Smiteyoudown,blackrock,1716,priest,discipline,42,21,21
Looney,shadowsong,1715,priest,discipline,36,25,11
Seherbazqt,twisting-nether,1714,priest,discipline,118,61,57
Akzar,blackrock,1714,priest,discipline,432,221,211
Holysjodin,tarren-mill,1714,priest,discipline,36,18,18
Lowhealing,kazzak,1713,priest,discipline,42,25,17
Артжрец,soulflayer,1713,priest,discipline,76,43,33
Нед,greymane,1713,priest,discipline,243,136,107
Mitha,tarren-mill,1713,priest,discipline,74,41,33
Дъикиймвп,deepholm,1713,priest,discipline,42,22,20
Darktemplarx,magtheridon,1713,priest,discipline,129,64,65
Echonic,aegwynn,1712,priest,discipline,177,88,89
Baptized,baelgun,1712,priest,discipline,102,47,55
Hannirï,archimonde,1711,priest,discipline,89,62,27
Roxeal,archimonde,1711,priest,discipline,192,107,85
Darkshdwbrst,malorne,1711,priest,discipline,205,113,92
Roshmanoff,stormscale,1711,priest,discipline,42,20,22
Эвэргарден,eversong,1711,priest,discipline,96,40,56
Ðarkan,kaelthas,1709,priest,discipline,132,76,56
Mindx,sylvanas,1709,priest,discipline,155,76,79
Trashpriest,blackrock,1708,priest,discipline,47,19,28
Nihpolz,ragnaros,1707,priest,discipline,87,49,38
Kijhun,uldaman,1707,priest,discipline,72,40,32
Xaey,ravencrest,1707,priest,discipline,174,90,84
Лизагодх,howling-fjord,1707,priest,discipline,241,123,118
Holó,stormscale,1707,priest,discipline,36,18,18
Deoxx,kazzak,1707,priest,discipline,108,45,63
Нтти,soulflayer,1706,priest,discipline,30,18,12
Zuniqa,die-aldor,1706,priest,discipline,191,93,98
Samaya,blackrock,1705,priest,discipline,123,56,67
Yukasa,silvermoon,1705,priest,discipline,78,34,44
Kaldhor,ysondre,1705,priest,discipline,71,29,42
Sokratina,ragnaros,1704,priest,discipline,88,58,30
Fulgus,sanguino,1704,priest,discipline,156,77,79
Priewyn,ragnaros,1703,priest,discipline,258,137,121
Убикрофт,soulflayer,1703,priest,discipline,49,24,25
Ampara,thrall,1703,priest,discipline,84,41,43
Psjk,blackrock,1702,priest,discipline,94,49,45
Bockx,ragnaros,1702,priest,discipline,66,27,39
Bekznfiend,ragnaros,1701,priest,discipline,48,22,26
Babybeyle,arakarahm,1701,priest,discipline,77,35,42
Gurgaue,argent-dawn,1701,priest,discipline,53,24,29
Noxr,ravencrest,1701,priest,discipline,68,28,40
Kapts,twisting-nether,1700,priest,discipline,30,18,12
Cctw,archimonde,1699,priest,discipline,42,22,20
Nancey,draenor,1699,priest,discipline,36,18,18
Kirtarah,aegwynn,1699,priest,discipline,148,72,76
Verjin,kazzak,1699,priest,discipline,90,36,54
Кирюшасэмпай,gordunni,1698,priest,discipline,81,42,39
Jämar,archimonde,1698,priest,discipline,60,29,31
Закс,blackscar,1698,priest,discipline,48,22,26
Areyqt,ravencrest,1697,priest,discipline,36,22,14
Gòldfinger,norgannon,1697,priest,discipline,162,76,86
Døppëlápfèl,tarren-mill,1696,priest,discipline,30,20,10
Kahir,ravencrest,1696,priest,discipline,98,52,46
Ssjx,ravencrest,1696,priest,discipline,48,25,23
Kolinamenuss,dun-morogh,1696,priest,discipline,60,27,33
Cptisus,draenor,1696,priest,discipline,72,31,41
Mixoo,throkferoth,1696,priest,discipline,95,40,55
Swdommeil,aegwynn,1695,priest,discipline,48,24,24
Mcdeady,tarren-mill,1695,priest,discipline,72,34,38
Flào,draenor,1694,priest,discipline,42,20,22
Jpucciù,ysondre,1694,priest,discipline,42,18,24
Arlekin,ravencrest,1693,priest,discipline,114,70,44
Nimb,blackrock,1693,priest,discipline,48,24,24
Сонясоукьют,gordunni,1693,priest,discipline,54,26,28
Verweven,twisting-nether,1692,priest,discipline,47,26,21
Efeslol,dun-modr,1692,priest,discipline,190,95,95
Pierrebourne,blackmoore,1692,priest,discipline,48,23,25
Шаастраха,gordunni,1692,priest,discipline,97,44,53
Rêstlêss,blackrock,1690,priest,discipline,65,36,29
Шестьнадцать,gordunni,1689,priest,discipline,107,60,47
Smilézz,eredar,1689,priest,discipline,102,49,53
Wérrýxs,kazzak,1688,priest,discipline,148,83,65
Афганский,gordunni,1688,priest,discipline,46,24,22
Znàdix,silvermoon,1688,priest,discipline,234,122,112
Hrtbrxkn,ravencrest,1687,priest,discipline,64,39,25
Приствалера,howling-fjord,1687,priest,discipline,284,142,142
Mantra,blackmoore,1687,priest,discipline,174,87,87
Berseenreikä,the-venture-co,1687,priest,discipline,60,29,31
Giggí,malganis,1686,priest,discipline,83,44,39
Менестрели,gordunni,1684,priest,discipline,196,118,78
Lerdameur,arakarahm,1684,priest,discipline,36,18,18
Naphell,outland,1684,priest,discipline,102,50,52
Maerlene,nemesis,1684,priest,discipline,57,24,33
Niagarafalls,ragnaros,1683,priest,discipline,72,39,33
Barackomana,blackrock,1683,priest,discipline,114,53,61
Hwren,auchindoun,1682,priest,discipline,90,41,49
Amtoxic,stormscale,1681,priest,discipline,371,186,185
Пустотность,gordunni,1681,priest,discipline,309,152,157
Lizka,kazzak,1681,priest,discipline,54,26,28
Marôs,antonidas,1681,priest,discipline,60,26,34
Donipriest,ravencrest,1680,priest,discipline,66,39,27
Ljusmor,silvermoon,1680,priest,discipline,57,33,24
Swdommeil,blackrock,1680,priest,discipline,36,19,17
Lobbygriefer,ravencrest,1680,priest,discipline,275,144,131
Rngamer,silvermoon,1679,priest,discipline,24,18,6
Sheeash,kazzak,1679,priest,discipline,36,18,18
ßrûm,archimonde,1679,priest,discipline,48,23,25
Mythrixia,draenor,1678,priest,discipline,69,39,30
Sutenör,kazzak,1678,priest,discipline,108,43,65
Kyderr,blackrock,1677,priest,discipline,54,31,23
Шайтсунг,soulflayer,1677,priest,discipline,56,30,26
Ptrspriest,twisting-nether,1676,priest,discipline,117,60,57
Clownspec,twisting-nether,1676,priest,discipline,54,26,28
Jaytï,ravencrest,1675,priest,discipline,36,22,14
Holytopp,aegwynn,1675,priest,discipline,42,25,17
Meltmvp,thrall,1675,priest,discipline,48,25,23
Scarletstory,ravencrest,1675,priest,discipline,148,70,78
Apuessii,dun-modr,1675,priest,discipline,83,36,47
Файкахохо,soulflayer,1675,priest,discipline,59,24,35
Kuraimb,the-maelstrom,1674,priest,discipline,51,26,25
Разрухаовнз,gordunni,1673,priest,discipline,30,22,8
Inoru,stormreaver,1673,priest,discipline,150,79,71
Minipõppy,ravencrest,1673,priest,discipline,196,98,98
Scurrp,aegwynn,1673,priest,discipline,72,36,36
Scarified,aggramar,1673,priest,discipline,48,23,25
Keryin,draenor,1673,priest,discipline,126,52,74
Devotedape,draenor,1672,priest,discipline,83,45,38
Carnegi,burning-legion,1672,priest,discipline,78,42,36
Byef,kazzak,1671,priest,discipline,56,31,25
Kæzm,blackrock,1671,priest,discipline,77,42,35
Anotu,tarren-mill,1670,priest,discipline,36,21,15
Zaak,kazzak,1670,priest,discipline,59,26,33
Traxtoor,tarren-mill,1669,priest,discipline,33,23,10
Mèix,ysondre,1669,priest,discipline,66,39,27
Enzineum,twisting-nether,1669,priest,discipline,36,20,16
Csúforck,ragnaros,1669,priest,discipline,48,26,22
Karanas,archimonde,1669,priest,discipline,54,27,27
Ðiiez,ysondre,1669,priest,discipline,69,33,36
Mohammedx,tarren-mill,1669,priest,discipline,107,50,57
Aist,ragnaros,1669,priest,discipline,48,22,26
Norganp,die-aldor,1668,priest,discipline,74,40,34
Pokahonta,silvermoon,1668,priest,discipline,249,131,118
Títarie,aegwynn,1668,priest,discipline,42,22,20
Jarvinia,blackmoore,1668,priest,discipline,58,28,30
Lindvorm,tarren-mill,1667,priest,discipline,120,61,59
Såra,ravencrest,1667,priest,discipline,54,27,27
Kevokko,silvermoon,1667,priest,discipline,54,23,31
Nolnilian,archimonde,1666,priest,discipline,42,23,19
Lekken,kazzak,1666,priest,discipline,48,26,22
Kollis,twilights-hammer,1666,priest,discipline,243,123,120
Coqa,blackrock,1666,priest,discipline,42,21,21
Salvatíon,sanguino,1666,priest,discipline,236,105,131
Trntypr,senjin,1665,priest,discipline,84,48,36
Bilbobanging,aggramar,1665,priest,discipline,36,19,17
Obbdasknob,ravencrest,1665,priest,discipline,100,51,49
Gehrketwo,silvermoon,1664,priest,discipline,42,24,18
Cathocrasty,draenor,1664,priest,discipline,104,58,46
Worldgamer,blackrock,1664,priest,discipline,84,43,41
Fatalx,grim-batol,1664,priest,discipline,52,23,29
Anheduanna,outland,1663,priest,discipline,763,380,383
Alahkazam,alakir,1663,priest,discipline,56,24,32
Xraid,blackmoore,1662,priest,discipline,42,23,19
Sikaanyo,blackhand,1662,priest,discipline,72,38,34
Эридия,soulflayer,1662,priest,discipline,42,22,20
Dìsclol,draenor,1662,priest,discipline,55,28,27
Cätälin,twisting-nether,1662,priest,discipline,181,88,93
Kaksel,blackrock,1661,priest,discipline,72,38,34
Slimcharles,ravencrest,1660,priest,discipline,201,108,93
Алеброн,gordunni,1660,priest,discipline,54,25,29
Wikpriest,ravencrest,1660,priest,discipline,58,26,32
Twosugars,sylvanas,1659,priest,discipline,120,65,55
Krystynal,archimonde,1659,priest,discipline,47,24,23
Artì,kazzak,1659,priest,discipline,95,45,50
Trashedd,outland,1659,priest,discipline,75,32,43
Holymoly,talnivarr,1659,priest,discipline,96,40,56
Seranà,hyjal,1658,priest,discipline,96,51,45
Yugemilkers,kazzak,1658,priest,discipline,131,66,65
Dispelgodxx,eredar,1658,priest,discipline,54,25,29
Brilho,frostmane,1658,priest,discipline,111,51,60
Ew,shattered-halls,1658,priest,discipline,58,26,32
Nyxoqtxd,ravencrest,1657,priest,discipline,76,43,33
Glyss,draenor,1657,priest,discipline,66,36,30
Bizqit,tarren-mill,1657,priest,discipline,185,99,86
Krottus,antonidas,1657,priest,discipline,53,28,25
Assacine,aegwynn,1657,priest,discipline,59,31,28
Violentha,kazzak,1657,priest,discipline,114,59,55
Вакариия,soulflayer,1657,priest,discipline,35,18,17
Nocdsusage,draenor,1657,priest,discipline,214,107,107
Lorimac,dun-modr,1656,priest,discipline,183,90,93
Kaleycuoco,blackrock,1656,priest,discipline,78,36,42
Swdjack,blackrock,1655,priest,discipline,174,85,89
Wasnezov,blackhand,1654,priest,discipline,82,39,43
Hexonite,burning-legion,1653,priest,discipline,42,25,17
Йефа,gordunni,1653,priest,discipline,42,23,19
Lowery,argent-dawn,1653,priest,discipline,48,22,26
Ayoutbt,ravencrest,1652,priest,discipline,42,22,20
Mysticmäc,aegwynn,1652,priest,discipline,54,26,28
Tryhàrdx,stormscale,1652,priest,discipline,54,25,29
Blackbertha,ravencrest,1652,priest,discipline,144,66,78
Youngfade,twisting-nether,1652,priest,discipline,52,21,31
Danina,outland,1651,priest,discipline,76,44,32
Alesthion,silvermoon,1651,priest,discipline,110,62,48
Syntara,twisting-nether,1651,priest,discipline,394,207,187
Danucd,ragnaros,1650,priest,discipline,206,124,82
Pedopräst,stormscale,1650,priest,discipline,72,39,33
Неох,gordunni,1650,priest,discipline,54,29,25
Llamamepadre,dun-modr,1650,priest,discipline,54,28,26
Olurin,rajaxx,1650,priest,discipline,60,25,35
Zoophobîa,stormscale,1649,priest,discipline,42,22,20
Dathanosp,outland,1649,priest,discipline,48,25,23
Элишана,deathguard,1649,priest,discipline,111,54,57
Wonderdispel,ragnaros,1649,priest,discipline,78,31,47
Chèéks,kazzak,1648,priest,discipline,72,43,29
Gravebrain,draenor,1648,priest,discipline,226,112,114
Joeelz,blackmoore,1647,priest,discipline,36,25,11
Mopriest,eredar,1647,priest,discipline,50,31,19
Ðæððÿsgïrl,ravencrest,1647,priest,discipline,171,89,82
Targolina,argent-dawn,1647,priest,discipline,265,134,131
Ahpøual,archimonde,1647,priest,discipline,180,89,91
Sills,twisting-nether,1647,priest,discipline,53,23,30
Følísh,hyjal,1646,priest,discipline,54,38,16
Strawhât,eredar,1646,priest,discipline,53,31,22
Tøxicboy,ravencrest,1646,priest,discipline,89,48,41
Watchmedark,ravencrest,1646,priest,discipline,42,21,21
Yzina,archimonde,1646,priest,discipline,48,21,27
Èzì,burning-legion,1645,priest,discipline,118,60,58
Zyrean,bronzebeard,1645,priest,discipline,52,25,27
Gødisc,blackrock,1644,priest,discipline,36,23,13
Rmt,darksorrow,1644,priest,discipline,42,23,19
Freddyprinze,ravencrest,1643,priest,discipline,75,42,33
Awcute,kazzak,1643,priest,discipline,244,118,126
Shadowbread,tarren-mill,1642,priest,discipline,90,47,43
Пристижнаяя,gordunni,1642,priest,discipline,85,43,42
Cinnamoroll,ravencrest,1642,priest,discipline,54,26,28
Walkmydome,twisting-nether,1641,priest,discipline,144,73,71
Virdeo,aegwynn,1641,priest,discipline,48,24,24
Репабликуес,gordunni,1641,priest,discipline,36,18,18
Trevorlahey,draenor,1641,priest,discipline,94,46,48
Duqes,stormreaver,1640,priest,discipline,24,19,5
Xtracheesy,ragnaros,1640,priest,discipline,72,45,27
Fluvnidi,ravencrest,1640,priest,discipline,66,38,28
Azrella,ravencrest,1640,priest,discipline,48,25,23
Phucme,deathwing,1640,priest,discipline,54,23,31
Pentøs,archimonde,1639,priest,discipline,32,18,14
Сосиска,deathguard,1639,priest,discipline,35,18,17
Vigodis,alleria,1638,priest,discipline,150,83,67
Dzyxx,ravencrest,1638,priest,discipline,42,23,19
Eliverax,outland,1638,priest,discipline,122,58,64
Zanshin,ravencrest,1637,priest,discipline,29,18,11
Legitha,blackmoore,1637,priest,discipline,39,22,17
Tuitio,blackmoore,1637,priest,discipline,83,46,37
Gimeurgold,aegwynn,1637,priest,discipline,42,21,21
Schlämpie,blackmoore,1637,priest,discipline,73,32,41
Randmbare,nemesis,1636,priest,discipline,36,21,15
Ванальная,soulflayer,1636,priest,discipline,42,21,21
Milania,ravencrest,1636,priest,discipline,118,57,61
Waaqa,outland,1636,priest,discipline,69,28,41
Réquell,twisting-nether,1635,priest,discipline,30,19,11
Nintendó,sylvanas,1635,priest,discipline,90,46,44
Yûnalescá,blackmoore,1634,priest,discipline,82,44,38
Аая,blackscar,1634,priest,discipline,96,49,47
Wraithtrippz,stormscale,1634,priest,discipline,210,105,105
Tansk,stormscale,1633,priest,discipline,150,87,63
Kuqezi,archimonde,1633,priest,discipline,72,41,31
Jhaazx,nemesis,1633,priest,discipline,209,113,96
Toxp,kazzak,1633,priest,discipline,74,32,42
Аэтпио,soulflayer,1633,priest,discipline,54,23,31
Yameru,stormreaver,1633,priest,discipline,60,22,38
Misántropo,dun-modr,1632,priest,discipline,59,38,21
Хербоб,howling-fjord,1632,priest,discipline,108,54,54
Sakulus,malganis,1632,priest,discipline,42,21,21
Rankoneprazt,stormscale,1632,priest,discipline,77,37,40
Babywayn,onyxia,1631,priest,discipline,194,105,89
Eyecry,sylvanas,1631,priest,discipline,81,43,38
Nooway,kazzak,1631,priest,discipline,108,55,53
Snutz,draenor,1631,priest,discipline,42,21,21
Ankus,tarren-mill,1631,priest,discipline,48,23,25
Eluveitieq,kazzak,1630,priest,discipline,101,54,47
Luckystar,grim-batol,1630,priest,discipline,65,33,32
Choron,kult-der-verdammten,1630,priest,discipline,107,50,57
Burnesenbois,chogall,1630,priest,discipline,47,18,29
Vregoa,twisting-nether,1629,priest,discipline,71,42,29
Bebwaz,kazzak,1629,priest,discipline,60,33,27
Kolinamenus,dun-morogh,1629,priest,discipline,142,73,69
Acidrops,hyjal,1629,priest,discipline,48,22,26
Frojka,outland,1629,priest,discipline,42,19,23
Japral,blackhand,1628,priest,discipline,36,25,11
Мэдсанван,howling-fjord,1628,priest,discipline,132,75,57
Leviakerman,blackrock,1628,priest,discipline,42,18,24
Шатолюгран,soulflayer,1627,priest,discipline,82,55,27
Sølvfox,stormscale,1627,priest,discipline,42,25,17
Bambus,shattered-hand,1627,priest,discipline,48,28,20
Нз,soulflayer,1627,priest,discipline,47,23,24
Kaiikoo,ravencrest,1627,priest,discipline,36,17,19
Aleluia,alonsus,1627,priest,discipline,99,43,56
Epa,zuljin,1626,priest,discipline,54,32,22
Tylér,stormscale,1626,priest,discipline,90,52,38
Хомие,soulflayer,1626,priest,discipline,85,44,41
Élsias,blackmoore,1626,priest,discipline,42,21,21
Discxqt,ysondre,1625,priest,discipline,83,51,32
Asgà,stormscale,1625,priest,discipline,30,17,13
Pepeflex,draenor,1625,priest,discipline,79,38,41
Luuña,ravencrest,1624,priest,discipline,161,92,69
Garsdal,tarren-mill,1624,priest,discipline,78,43,35
Alicewhydel,blackhand,1624,priest,discipline,46,23,23
Farae,arathor,1624,priest,discipline,44,19,25
Spbosse,aszune,1623,priest,discipline,54,33,21
Fricia,zuljin,1623,priest,discipline,65,38,27
Artist,outland,1623,priest,discipline,30,17,13
Nelielto,stormscale,1622,priest,discipline,28,21,7
Djleffe,stormscale,1622,priest,discipline,39,23,16
Lerión,ravencrest,1622,priest,discipline,104,60,44
Mnu,blackrock,1622,priest,discipline,52,30,22
Мплехибои,gordunni,1622,priest,discipline,54,30,24
Feed,burning-legion,1622,priest,discipline,84,45,39
Кролс,gordunni,1622,priest,discipline,42,22,20
Двелегитоп,howling-fjord,1621,priest,discipline,36,23,13
Zinzor,archimonde,1621,priest,discipline,61,37,24
Babybelle,arakarahm,1621,priest,discipline,61,33,28
Sotriggered,sylvanas,1621,priest,discipline,36,17,19
Mindfiend,stormscale,1621,priest,discipline,81,37,44
Angelofdeàth,kazzak,1620,priest,discipline,120,72,48
Mautijr,blackrock,1620,priest,discipline,284,153,131
Shallteár,doomhammer,1620,priest,discipline,192,94,98
Outtloor,twisting-nether,1619,priest,discipline,39,25,14
Holyasprin,sylvanas,1619,priest,discipline,48,27,21
Wifta,ravencrest,1619,priest,discipline,54,30,24
Szelén,ragnaros,1619,priest,discipline,54,29,25
Abudhabi,blackhand,1619,priest,discipline,374,187,187
Melord,thunderhorn,1618,priest,discipline,44,27,17
Mønsterx,kazzak,1618,priest,discipline,64,37,27
Fainttnt,stormscale,1618,priest,discipline,54,22,32
Medipack,khaz-modan,1617,priest,discipline,54,38,16
Stargal,blackmoore,1617,priest,discipline,30,21,9
Prost,aerie-peak,1617,priest,discipline,71,47,24
Yoii,nemesis,1617,priest,discipline,40,26,14
Uivi,azjolnerub,1617,priest,discipline,30,17,13
Hamati,blackhand,1617,priest,discipline,138,77,61
Valadaris,outland,1617,priest,discipline,48,26,22
Cultaken,kazzak,1617,priest,discipline,58,30,28
Asherá,kazzak,1617,priest,discipline,94,41,53
Notnowelf,silvermoon,1617,priest,discipline,48,20,28
Mikeypi,laughing-skull,1616,priest,discipline,36,25,11
Isweariheal,twisting-nether,1616,priest,discipline,58,37,21
Kekkonh,sylvanas,1616,priest,discipline,30,17,13
Blerd,eredar,1616,priest,discipline,41,23,18
Saniss,tarren-mill,1616,priest,discipline,78,39,39
Binder,tarren-mill,1616,priest,discipline,60,26,34
Krolox,blackhand,1616,priest,discipline,60,25,35
Èightsix,draenor,1615,priest,discipline,161,88,73
Athelsta,alleria,1615,priest,discipline,81,43,38
Pshan,blackmoore,1615,priest,discipline,170,87,83
Tricavla,frostmane,1615,priest,discipline,90,45,45
Pehmoinen,korgall,1615,priest,discipline,108,53,55
Nzothapostle,baelgun,1615,priest,discipline,183,86,97
Mythasz,archimonde,1615,priest,discipline,52,21,31
Kavrack,dalaran,1614,priest,discipline,30,17,13
Jmp,tarren-mill,1614,priest,discipline,40,21,19
Feardotexe,frostwolf,1614,priest,discipline,163,82,81
Çiione,archimonde,1614,priest,discipline,47,20,27
Seemedotin,aegwynn,1613,priest,discipline,24,17,7
Gnzysan,blackrock,1613,priest,discipline,66,39,27
Targoviste,archimonde,1613,priest,discipline,389,210,179
Jp,gorgonnash,1613,priest,discipline,42,21,21
Zýgzäg,hyjal,1613,priest,discipline,172,81,91
Burningheatx,kazzak,1612,priest,discipline,65,44,21
Cptatonement,draenor,1612,priest,discipline,60,30,30
Xoxogg,burning-blade,1611,priest,discipline,108,69,39
Matwucss,outland,1611,priest,discipline,42,25,17
Verminous,ravencrest,1611,priest,discipline,68,38,30
Shadowboness,twisting-nether,1611,priest,discipline,58,31,27
Cestrial,sylvanas,1611,priest,discipline,50,26,24
Judgementdaý,kazzak,1610,priest,discipline,30,20,10
Holyblóod,kazzak,1610,priest,discipline,30,17,13
Liviúss,draenor,1610,priest,discipline,90,49,41
Jibrael,draenor,1610,priest,discipline,84,40,44
Viu,eredar,1610,priest,discipline,51,22,29
Zychopriest,antonidas,1610,priest,discipline,42,17,25
Holyshiz,stormrage,1609,priest,discipline,42,24,18
Kdot,drakthul,1609,priest,discipline,86,48,38
Fazzy,nagrand,1609,priest,discipline,76,41,35
Babibayle,arakarahm,1609,priest,discipline,36,17,19
Жентельмен,deathguard,1609,priest,discipline,66,24,42
Tremrfinger,dun-modr,1608,priest,discipline,104,60,44
Fakecats,sargeras,1608,priest,discipline,51,22,29
Zehakky,tarren-mill,1607,priest,discipline,145,82,63
Aurosa,argent-dawn,1607,priest,discipline,117,61,56
Шмэтар,gordunni,1607,priest,discipline,48,25,23
Bercxu,ragnaros,1607,priest,discipline,87,45,42
Cizer,kazzak,1607,priest,discipline,116,57,59
Zloyvrach,ravencrest,1607,priest,discipline,126,60,66
Tepevelf,dun-modr,1607,priest,discipline,153,68,85
Whýççpèrx,ravencrest,1606,priest,discipline,36,20,16
Solaçe,antonidas,1606,priest,discipline,48,26,22
Deepsea,kazzak,1606,priest,discipline,395,191,204
Диспайзх,gordunni,1606,priest,discipline,186,88,98
Тыкофка,gordunni,1606,priest,discipline,113,52,61
Anabølixx,ravencrest,1605,priest,discipline,36,23,13
Gotikaa,blackrock,1604,priest,discipline,48,29,19
Saénna,burning-legion,1604,priest,discipline,44,22,22
Laonar,silvermoon,1603,priest,discipline,127,79,48
Thejambura,ragnaros,1603,priest,discipline,116,71,45
Tabaç,stormscale,1603,priest,discipline,36,21,15
Mcdced,archimonde,1603,priest,discipline,90,45,45
Хилботгодикс,borean-tundra,1602,priest,discipline,42,32,10
Iløvelena,ravencrest,1602,priest,discipline,39,23,16
Zurlyne,ravencrest,1602,priest,discipline,39,22,17
Хеликси,gordunni,1602,priest,discipline,235,127,108
Cadierna,argent-dawn,1602,priest,discipline,42,19,23
Flygar,outland,1602,priest,discipline,60,27,33
Jackboss,draenor,1602,priest,discipline,74,31,43
Alpháømegá,outland,1602,priest,discipline,42,17,25
Lahammy,kazzak,1601,priest,discipline,50,30,20
Tritíana,blackrock,1601,priest,discipline,186,107,79
Ashuramaru,drakthul,1601,priest,discipline,47,24,23
Tingoess,silvermoon,1601,priest,discipline,42,21,21
Мастди,ashenvale,1601,priest,discipline,41,20,21
Xîz,silvermoon,1601,priest,discipline,66,32,34
Yro,gorgonnash,1601,priest,discipline,42,20,22
Stampo,draenor,1601,priest,discipline,70,32,38
Enzysama,sanguino,1601,priest,discipline,48,21,27
Киллус,ashenvale,1601,priest,discipline,72,29,43
Lgbtgodx,archimonde,1600,priest,discipline,61,45,16
Ellfle,kazzak,1600,priest,discipline,42,26,16
Trì,thrall,1600,priest,discipline,35,20,15
Dêrbómbêr,guldan,1600,priest,discipline,54,30,24
Sinîra,frostwolf,1600,priest,discipline,110,59,51
Anaqt,silvermoon,1600,priest,discipline,290,151,139
Shinjicum,kazzak,1600,priest,discipline,126,65,61
Darkprist,sanguino,1600,priest,discipline,66,34,32
Xangha,burning-legion,1600,priest,discipline,264,133,131
Foh,antonidas,1600,priest,discipline,36,17,19
Interrupted,kazzak,1600,priest,discipline,66,30,36
Shento,blackhand,1600,priest,discipline,48,21,27
Noviriel,argent-dawn,1600,priest,discipline,47,19,28
Marícanqt,tarren-mill,1599,priest,discipline,30,23,7
Подчинись,ashenvale,1599,priest,discipline,110,67,43
Géèk,alakir,1599,priest,discipline,100,52,48
Yungblessing,stormscale,1599,priest,discipline,36,17,19
Fäke,dunemaul,1598,priest,discipline,71,45,26
Horrðr,kazzak,1597,priest,discipline,102,55,47
Savagex,dun-modr,1597,priest,discipline,102,52,50
Semagdnim,aggra-português,1597,priest,discipline,51,19,32
Sebikpri,ravencrest,1596,priest,discipline,60,34,26
Coldyxz,blackrock,1596,priest,discipline,36,19,17
Lauriinda,culte-de-la-rive-noire,1596,priest,discipline,159,82,77
Баблби,soulflayer,1596,priest,discipline,169,73,96
Aédeira,blackhand,1596,priest,discipline,47,20,27
Alèxy,tarren-mill,1596,priest,discipline,48,19,29
Dush,draenor,1595,priest,discipline,56,31,25
Shalvy,aegwynn,1595,priest,discipline,206,105,101
Ислейн,howling-fjord,1595,priest,discipline,53,19,34
Eyllise,ragnaros,1594,priest,discipline,285,148,137
Hâlez,antonidas,1594,priest,discipline,392,202,190
Padisonfire,blackmoore,1593,priest,discipline,48,19,29
Lavendertown,tarren-mill,1592,priest,discipline,38,22,16
Øk,draenor,1592,priest,discipline,42,22,20
Badorange,kazzak,1592,priest,discipline,59,29,30
Артфуул,howling-fjord,1591,priest,discipline,36,17,19
Yacine,blackrock,1591,priest,discipline,102,48,54
Øbz,sylvanas,1591,priest,discipline,72,31,41
Absôlutvôdka,twisting-nether,1588,priest,discipline,54,30,24
Nexìan,ravencrest,1588,priest,discipline,48,23,25
Beabanane,aegwynn,1588,priest,discipline,103,48,55
Yøløswagg,silvermoon,1588,priest,discipline,54,25,29
Foobi,the-maelstrom,1587,priest,discipline,340,181,159
Vänskap,kazzak,1587,priest,discipline,132,65,67
Darknun,aggra-português,1587,priest,discipline,65,29,36
Tâmshi,dun-modr,1586,priest,discipline,30,17,13
Gepeitschter,frostwolf,1586,priest,discipline,191,98,93
Toba,hellscream,1585,priest,discipline,113,65,48
Sosabgd,azjolnerub,1585,priest,discipline,30,17,13
Grimdream,ragnaros,1585,priest,discipline,176,87,89
Sahorie,archimonde,1584,priest,discipline,135,79,56
Copperpriest,draenor,1584,priest,discipline,68,35,33
Skynoxx,ragnaros,1584,priest,discipline,114,56,58
Vanillå,silvermoon,1584,priest,discipline,70,34,36
Dreythan,stormrage,1584,priest,discipline,74,33,41
Олдмэнсэйд,soulflayer,1583,priest,discipline,122,63,59
Dotzey,outland,1583,priest,discipline,41,19,22
Blazekk,sylvanas,1583,priest,discipline,91,41,50
Соулвардинг,soulflayer,1583,priest,discipline,60,26,34
Logath,archimonde,1582,priest,discipline,30,17,13
Rylpriest,blackmoore,1582,priest,discipline,30,17,13
Phamy,antonidas,1582,priest,discipline,41,21,20
Healdeal,stormscale,1582,priest,discipline,244,115,129
Амберис,gordunni,1581,priest,discipline,54,27,27
Nÿpô,hyjal,1581,priest,discipline,50,25,25
Чилюнахиле,gordunni,1581,priest,discipline,71,23,48
Botstyleswdx,ravencrest,1580,priest,discipline,154,70,84
Slikjar,stormscale,1580,priest,discipline,58,24,34
Raffá,blackhand,1579,priest,discipline,68,27,41
Алуан,blackscar,1579,priest,discipline,48,17,31
Fsnx,sylvanas,1578,priest,discipline,34,22,12
Holineß,burning-blade,1578,priest,discipline,84,51,33
Lethalhealz,outland,1578,priest,discipline,223,115,108
Blindmymind,malganis,1578,priest,discipline,59,30,29
Riptile,outland,1578,priest,discipline,70,33,37
Averagenoob,ragnaros,1578,priest,discipline,54,25,29
Maccz,hyjal,1577,priest,discipline,68,32,36
Bengtas,ravencrest,1577,priest,discipline,111,47,64
Shadowfishey,grim-batol,1577,priest,discipline,42,17,25
Макимасама,gordunni,1576,priest,discipline,49,26,23
Parzivál,argent-dawn,1576,priest,discipline,101,44,57
Флафика,deathguard,1575,priest,discipline,78,45,33
Skyløl,dun-modr,1575,priest,discipline,36,19,17
Leyasu,eredar,1574,priest,discipline,57,31,26
Alexpriest,twisting-nether,1574,priest,discipline,322,164,158
Люблюкофе,deathguard,1574,priest,discipline,65,32,33
Aia,tyrande,1573,priest,discipline,88,41,47
Patriamore,jaedenar,1572,priest,discipline,34,18,16
Nyarlatothep,boulderfist,1572,priest,discipline,148,77,71
Limeslayerx,veklor,1571,priest,discipline,36,20,16
Yîrâ,antonidas,1571,priest,discipline,60,31,29
Jempi,argent-dawn,1570,priest,discipline,78,45,33
Colèy,blackhand,1570,priest,discipline,126,71,55
Miikkap,blackhand,1570,priest,discipline,60,29,31
Holysheett,magtheridon,1569,priest,discipline,102,58,44
Hèmera,tichondrius,1568,priest,discipline,55,41,14
Pipperxp,ravencrest,1568,priest,discipline,48,31,17
Yënâs,hyjal,1567,priest,discipline,109,63,46
Døgfîsh,stormscale,1567,priest,discipline,36,19,17
Trénboloné,tarren-mill,1567,priest,discipline,36,18,18
Smitebone,tarren-mill,1567,priest,discipline,72,29,43
Lilpi,rexxar,1566,priest,discipline,93,52,41
Southyz,stormscale,1566,priest,discipline,105,58,47
Denyz,blackrock,1566,priest,discipline,54,21,33
Aternia,draenor,1565,priest,discipline,83,45,38
Waffur,twisting-nether,1565,priest,discipline,35,18,17
Mysticforces,silvermoon,1564,priest,discipline,72,32,40
Симпоз,howling-fjord,1564,priest,discipline,48,19,29
Tifa,ravencrest,1563,priest,discipline,60,35,25
Acrio,die-ewige-wacht,1563,priest,discipline,66,33,33
Alicanx,twisting-nether,1563,priest,discipline,84,37,47
Unfaker,drakthul,1562,priest,discipline,36,23,13
Mamabeer,draenor,1561,priest,discipline,78,48,30
Neverlandx,bladefist,1561,priest,discipline,36,21,15
Uo,kilrogg,1561,priest,discipline,78,40,38
Veltrag,sanguino,1560,priest,discipline,60,34,26
Fantästic,kazzak,1559,priest,discipline,122,69,53
Рвотка,gordunni,1559,priest,discipline,124,68,56
Architectx,ravencrest,1559,priest,discipline,63,28,35
Prästmåns,tarren-mill,1558,priest,discipline,84,35,49
Rasha,kazzak,1557,priest,discipline,93,55,38
Anbish,burning-legion,1557,priest,discipline,134,74,60
Lishado,twisting-nether,1557,priest,discipline,96,49,47
Wencis,kazzak,1557,priest,discipline,66,33,33
Пальтишко,howling-fjord,1557,priest,discipline,96,45,51
Raawri,blackmoore,1557,priest,discipline,54,24,30
Tamy,draenor,1556,priest,discipline,62,33,29
Träskfarfar,tarren-mill,1556,priest,discipline,42,20,22
Валифа,gordunni,1555,priest,discipline,50,32,18
Enimao,tarren-mill,1555,priest,discipline,43,24,19
Vhim,hyjal,1555,priest,discipline,52,24,28
Fearadelia,thrall,1554,priest,discipline,24,18,6
Frednshield,tarren-mill,1554,priest,discipline,69,34,35
Gød,magtheridon,1554,priest,discipline,102,46,56
Edoran,ragnaros,1553,priest,discipline,91,49,42
Рэйкар,razuvious,1553,priest,discipline,65,33,32
Khâléd,kazzak,1553,priest,discipline,36,17,19
Dîablø,eredar,1553,priest,discipline,42,19,23
Juggster,bloodhoof,1552,priest,discipline,174,91,83
Простосори,gordunni,1552,priest,discipline,456,221,235
Cinri,argent-dawn,1552,priest,discipline,223,108,115
Cresellia,twisting-nether,1552,priest,discipline,170,81,89
Deathspren,stormscale,1552,priest,discipline,42,19,23
Holycrapx,chromaggus,1551,priest,discipline,80,41,39
Расспутана,howling-fjord,1551,priest,discipline,320,158,162
Korzec,dun-modr,1550,priest,discipline,108,57,51
Jandice,blackrock,1550,priest,discipline,36,18,18
Glaedahr,blackmoore,1550,priest,discipline,42,18,24
Pewpewpew,krasus,1549,priest,discipline,30,20,10
Надийя,gordunni,1549,priest,discipline,120,68,52
Evõmax,sylvanas,1549,priest,discipline,161,87,74
Xaerah,blackmoore,1549,priest,discipline,78,41,37
Skaliq,tarren-mill,1549,priest,discipline,147,77,70
Arkkinunna,outland,1549,priest,discipline,124,59,65
Légít,argent-dawn,1549,priest,discipline,84,32,52
Húlda,auchindoun,1548,priest,discipline,48,24,24
Sbeecha,argent-dawn,1548,priest,discipline,54,26,28
Sonics,antonidas,1548,priest,discipline,66,31,35
Bandulskii,twisting-nether,1548,priest,discipline,239,111,128
Troedelsuppe,destromath,1548,priest,discipline,162,67,95
Джахия,soulflayer,1547,priest,discipline,151,83,68
Snusprällen,sylvanas,1547,priest,discipline,47,22,25
Bubbelchên,blackhand,1547,priest,discipline,66,28,38
Systerstål,twisting-nether,1546,priest,discipline,84,48,36
Árî,dun-modr,1546,priest,discipline,117,66,51
Forcedtoheal,sylvanas,1546,priest,discipline,55,31,24
Anarame,silvermoon,1546,priest,discipline,45,24,21
Exoduz,stormscale,1546,priest,discipline,169,84,85
Poonies,silvermoon,1546,priest,discipline,124,61,63
Effectx,stormscale,1546,priest,discipline,78,37,41
Alphabreyf,tarren-mill,1545,priest,discipline,83,43,40
Labadudala,aegwynn,1544,priest,discipline,48,32,16
Hérune,outland,1544,priest,discipline,51,25,26
Diszi,norgannon,1544,priest,discipline,58,28,30
Rezzurrectum,doomhammer,1544,priest,discipline,81,39,42
Bunnydisc,outland,1543,priest,discipline,36,17,19
Mêmphìs,twisting-nether,1543,priest,discipline,83,38,45
Admiration,eredar,1542,priest,discipline,47,23,24
Батямелднул,blackscar,1541,priest,discipline,60,36,24
Mtbalt,tarren-mill,1541,priest,discipline,120,71,49
Gingerflexay,archimonde,1541,priest,discipline,36,21,15
Dreamscapez,tarren-mill,1541,priest,discipline,47,26,21
Toorree,stormscale,1541,priest,discipline,113,62,51
Tjat,silvermoon,1540,priest,discipline,66,34,32
Whiskie,twisting-nether,1540,priest,discipline,60,30,30
Soraal,argent-dawn,1540,priest,discipline,54,27,27
Psi,hakkar,1540,priest,discipline,36,18,18
Nubso,aegwynn,1540,priest,discipline,36,18,18
Grzmocillaa,burning-legion,1540,priest,discipline,54,26,28
Voidsnitch,antonidas,1540,priest,discipline,66,30,36
Safemode,ravencrest,1539,priest,discipline,42,24,18
Aasgard,frostwolf,1539,priest,discipline,78,40,38
Keyfear,kazzak,1539,priest,discipline,87,44,43
Grautesk,chogall,1539,priest,discipline,48,23,25
Disillusíon,tarren-mill,1539,priest,discipline,102,48,54
Влажныйшп,soulflayer,1538,priest,discipline,66,37,29
Alsalty,stormscale,1538,priest,discipline,43,18,25
Ptsd,argent-dawn,1537,priest,discipline,96,46,50
Aphroditê,blackrock,1536,priest,discipline,34,19,15
Softie,zuljin,1536,priest,discipline,66,34,32
Dnsxx,thrall,1536,priest,discipline,491,247,244
Styilepriest,twisting-nether,1536,priest,discipline,36,18,18
Drpaw,tarren-mill,1536,priest,discipline,86,39,47
Verzeichnis,thrall,1535,priest,discipline,130,76,54
Saintpri,twisting-nether,1535,priest,discipline,96,52,44
Avgenjoyer,kazzak,1535,priest,discipline,162,77,85
Chamelthoe,the-maelstrom,1535,priest,discipline,108,51,57
Sorrybowtdat,tarren-mill,1535,priest,discipline,66,31,35
Goblex,hyjal,1535,priest,discipline,63,28,35
Майндоф,howling-fjord,1534,priest,discipline,60,34,26
Discomacka,twisting-nether,1534,priest,discipline,48,26,22
Scodây,blackmoore,1534,priest,discipline,230,117,113
Buan,blackmoore,1533,priest,discipline,63,39,24
Aêbi,dalaran,1533,priest,discipline,36,21,15
Tinre,ravenholdt,1533,priest,discipline,48,23,25
Valnor,pozzo-delleternità,1532,priest,discipline,57,27,30
Фыбра,soulflayer,1531,priest,discipline,30,16,14
Вилайф,galakrond,1531,priest,discipline,64,32,32
Darkprofit,aegwynn,1531,priest,discipline,113,56,57
Wiildsy,tarren-mill,1531,priest,discipline,53,24,29
Shielddanke,blackmoore,1531,priest,discipline,48,21,27
Ectria,ravencrest,1531,priest,discipline,54,22,32
Амбракадабра,blackscar,1530,priest,discipline,36,26,10
Lurri,tarren-mill,1530,priest,discipline,108,56,52
Tutoress,stormscale,1530,priest,discipline,48,23,25
Swallowship,twisting-nether,1530,priest,discipline,36,16,20
Omgitshuux,blackmoore,1530,priest,discipline,54,23,31
Remkojatwo,blackrock,1529,priest,discipline,30,16,14
Devilitry,tarren-mill,1529,priest,discipline,129,62,67
Onelovexx,thrall,1529,priest,discipline,60,28,32
Srakabot,burning-legion,1529,priest,discipline,72,33,39
Уэйнестелл,booty-bay,1529,priest,discipline,36,16,20
Ihaveibs,doomhammer,1528,priest,discipline,53,26,27
Nevor,nemesis,1528,priest,discipline,124,57,67
Anyndra,twisting-nether,1527,priest,discipline,36,22,14
Keewix,ysondre,1527,priest,discipline,84,43,41
Dêxter,hyjal,1527,priest,discipline,102,51,51
Интенси,gordunni,1527,priest,discipline,84,39,45
Aïezn,culte-de-la-rive-noire,1527,priest,discipline,194,88,106
Nightreaver,argent-dawn,1526,priest,discipline,57,32,25
Dyliz,stormscale,1526,priest,discipline,99,50,49
Ohbenji,ravencrest,1526,priest,discipline,122,59,63
Sethp,hyjal,1525,priest,discipline,30,21,9
Huffinctus,tarren-mill,1525,priest,discipline,112,59,53
Terno,sylvanas,1525,priest,discipline,309,152,157
Nurbanu,ravencrest,1524,priest,discipline,77,49,28
Sebekklawl,wrathbringer,1524,priest,discipline,52,29,23
Enoriya,blackrock,1524,priest,discipline,259,140,119
Elämäntypy,stormscale,1524,priest,discipline,90,45,45
Teradros,blackhand,1523,priest,discipline,30,16,14
Zoe,aegwynn,1523,priest,discipline,213,112,101
Chôrdi,aegwynn,1523,priest,discipline,154,76,78
Cyberlunatic,antonidas,1523,priest,discipline,144,65,79
Виспх,eversong,1523,priest,discipline,269,120,149
Dtpe,kazzak,1522,priest,discipline,81,50,31
Raeratwo,archimonde,1522,priest,discipline,30,16,14
Lythi,eredar,1522,priest,discipline,118,52,66
Гачибунта,blackscar,1521,priest,discipline,101,61,40
Ёджих,blackscar,1521,priest,discipline,109,55,54
Prästpojken,frostwhisper,1521,priest,discipline,137,65,72
Sehek,sanguino,1521,priest,discipline,48,21,27
Ostberger,twisting-nether,1520,priest,discipline,197,112,85
Drxz,twilights-hammer,1520,priest,discipline,46,24,22
Chrispriest,argent-dawn,1520,priest,discipline,38,18,20
Mamis,anetheron,1520,priest,discipline,48,22,26
Dalylla,aggra-português,1519,priest,discipline,94,52,42
Hateyeleison,burning-legion,1519,priest,discipline,72,34,38
Cbsad,madmortem,1518,priest,discipline,78,45,33
Durmadanbas,ravencrest,1518,priest,discipline,51,28,23
Шпангл,gordunni,1518,priest,discipline,143,74,69
Трихоманиаз,ashenvale,1518,priest,discipline,48,23,25
Luziaa,outland,1518,priest,discipline,72,31,41
Ssol,tarren-mill,1517,priest,discipline,49,29,20
Freaki,blackrock,1517,priest,discipline,48,28,20
Eördög,ragnaros,1516,priest,discipline,54,30,24
Lemontea,frostwolf,1515,priest,discipline,36,21,15
Shyria,argent-dawn,1515,priest,discipline,53,25,28
Lukéy,silvermoon,1514,priest,discipline,66,33,33
Sicarium,aegwynn,1514,priest,discipline,60,29,31
Makemyday,dun-modr,1514,priest,discipline,58,27,31
Raesd,argent-dawn,1513,priest,discipline,58,30,28
Женяшилд,howling-fjord,1513,priest,discipline,185,88,97
Yonkerz,frostmane,1513,priest,discipline,186,86,100
Kratzîgel,blackmoore,1512,priest,discipline,120,69,51
Grêy,dun-modr,1512,priest,discipline,47,24,23
Erupyks,archimonde,1512,priest,discipline,36,18,18
Ciri,die-aldor,1511,priest,discipline,31,18,13
Lïnkz,kazzak,1511,priest,discipline,60,32,28
Kyseki,ravencrest,1511,priest,discipline,448,227,221
Aestina,silvermoon,1511,priest,discipline,120,58,62
Winnever,dun-modr,1510,priest,discipline,246,135,111
Опрометчивый,soulflayer,1510,priest,discipline,42,19,23
Pumpkin,aggramar,1509,priest,discipline,30,19,11
Galadrielkä,drakthul,1509,priest,discipline,85,51,34
Ledania,aegwynn,1508,priest,discipline,37,25,12
Knazh,twisting-nether,1508,priest,discipline,36,20,16
Arkatina,outland,1508,priest,discipline,70,38,32
Axla,stormscale,1508,priest,discipline,59,29,30
Gulch,blackmoore,1508,priest,discipline,84,40,44
Chabih,ravencrest,1508,priest,discipline,42,16,26
Crims,twisting-nether,1507,priest,discipline,108,62,46
Flurri,tarren-mill,1507,priest,discipline,126,69,57
Healicious,teldrassil,1507,priest,discipline,30,16,14
Remlos,der-rat-von-dalaran,1507,priest,discipline,48,22,26
Tinpr,sanguino,1507,priest,discipline,105,48,57
Zealtron,darksorrow,1507,priest,discipline,47,19,28
Ínsäníty,outland,1506,priest,discipline,24,18,6
Апититька,soulflayer,1506,priest,discipline,126,64,62
Kurt,blackrock,1506,priest,discipline,114,55,59
Исусиприст,deepholm,1506,priest,discipline,42,20,22
Dotreveal,ravencrest,1506,priest,discipline,71,33,38
Shînnøk,silvermoon,1505,priest,discipline,113,59,54
Смайтвайфу,howling-fjord,1505,priest,discipline,54,27,27
Мдзшка,gordunni,1505,priest,discipline,403,200,203
Burnex,thrall,1505,priest,discipline,72,34,38
Mortarz,ragnaros,1505,priest,discipline,71,31,40
Dench,azjolnerub,1505,priest,discipline,60,25,35
Остроухх,howling-fjord,1504,priest,discipline,88,49,39
Senpumara,malganis,1502,priest,discipline,282,141,141
Мэдмод,gordunni,1502,priest,discipline,142,64,78
Mackópriest,ragnaros,1502,priest,discipline,100,44,56
Xaridan,thrall,1501,priest,discipline,48,31,17
Paìnz,blackhand,1501,priest,discipline,56,34,22
Ripperdepip,magtheridon,1501,priest,discipline,123,73,50
Мьюсх,deathguard,1500,priest,discipline,77,42,35
Cúrt,sanguino,1500,priest,discipline,60,29,31
Alinone,uldum,1500,priest,discipline,69,33,36
Dreamhatcher,deathwing,1500,priest,discipline,42,18,24
Elwing,darkmoon-faire,1500,priest,discipline,48,18,30
Cursedme,blackrock,1499,priest,discipline,42,24,18
Ræpriestx,ragnaros,1499,priest,discipline,117,66,51
Laërhia,archimonde,1499,priest,discipline,48,18,30
Sickwill,blackrock,1498,priest,discipline,46,26,20
Mungam,draenor,1498,priest,discipline,63,31,32
Diarolz,sanguino,1497,priest,discipline,81,46,35
Rizzlerx,blackmoore,1496,priest,discipline,60,34,26
Властьтени,gordunni,1496,priest,discipline,36,18,18
Alz,rashgarroth,1496,priest,discipline,140,68,72
Холиблэк,blackscar,1496,priest,discipline,36,16,20
Castpenance,blackrock,1496,priest,discipline,77,33,44
Шимату,howling-fjord,1495,priest,discipline,72,25,47
Onetwo,silvermoon,1494,priest,discipline,30,18,12
Drawun,burning-legion,1494,priest,discipline,116,67,49
Ballsbrawlz,sylvanas,1494,priest,discipline,42,24,18
Sheshan,destromath,1494,priest,discipline,53,29,24
Hïstërïä,silvermoon,1494,priest,discipline,57,28,29
Blackbox,burning-legion,1494,priest,discipline,127,59,68
Olio,outland,1494,priest,discipline,76,35,41
Tarîs,archimonde,1494,priest,discipline,72,31,41
Soulreapper,blackhand,1493,priest,discipline,189,103,86
Vorynax,silvermoon,1493,priest,discipline,86,40,46
Cav,archimonde,1493,priest,discipline,95,44,51
Staatsfeind,blackmoore,1492,priest,discipline,68,40,28
Karoopi,ysondre,1492,priest,discipline,197,103,94
Kamiyasa,blackmoore,1492,priest,discipline,109,55,54
Aurunea,blackrock,1490,priest,discipline,45,30,15
Golletz,twisting-nether,1490,priest,discipline,48,29,19
Littleflash,lightbringer,1490,priest,discipline,87,43,44
Holycrit,aszune,1490,priest,discipline,53,26,27
Nêlumar,aegwynn,1490,priest,discipline,48,21,27
Лилатэль,blackscar,1489,priest,discipline,132,58,74
Ceraghk,tichondrius,1488,priest,discipline,144,76,68
Khazidhea,frostwolf,1488,priest,discipline,87,41,46
Céph,sylvanas,1487,priest,discipline,42,21,21
Fiskpung,draenor,1486,priest,discipline,48,28,20
Raezi,defias-brotherhood,1486,priest,discipline,97,51,46
Nomakprst,sanguino,1486,priest,discipline,130,63,67
Mewpew,azjolnerub,1486,priest,discipline,54,23,31
Buzzy,twisting-nether,1485,priest,discipline,96,51,45
Stevep,tarren-mill,1485,priest,discipline,60,30,30
Rher,blackmoore,1484,priest,discipline,30,21,9
Moarein,twisting-nether,1484,priest,discipline,66,30,36
Йуп,ashenvale,1483,priest,discipline,28,17,11
Daddyfinger,argent-dawn,1483,priest,discipline,109,63,46
Тэтэшник,ashenvale,1482,priest,discipline,170,89,81
Jazzmind,stormscale,1482,priest,discipline,90,47,43
Akemmì,sylvanas,1482,priest,discipline,150,75,75
Jumperlawl,khaz-modan,1481,priest,discipline,48,26,22
Rikipope,ravencrest,1480,priest,discipline,42,25,17
Avengëd,nagrand,1480,priest,discipline,50,24,26
Kalestharia,blackmoore,1480,priest,discipline,54,24,30
Джелесана,gordunni,1479,priest,discipline,99,45,54
Ziv,grim-batol,1478,priest,discipline,98,58,40
Сашадвасм,gordunni,1478,priest,discipline,93,53,40
Deadwen,stormscale,1478,priest,discipline,167,92,75
Yhraeliaegh,defias-brotherhood,1478,priest,discipline,69,26,43
Эйвиг,blackscar,1477,priest,discipline,60,28,32
Scréam,eredar,1477,priest,discipline,72,33,39
Laxímink,sylvanas,1477,priest,discipline,71,27,44
Dairox,blackrock,1476,priest,discipline,124,67,57
Zzbleh,stormscale,1476,priest,discipline,30,16,14
Woodywoodpkr,senjin,1476,priest,discipline,60,31,29
Могулас,soulflayer,1476,priest,discipline,376,188,188
Cajolîne,archimonde,1476,priest,discipline,126,57,69
Mortex,nemesis,1475,priest,discipline,36,23,13
Mzpriest,dalaran,1474,priest,discipline,76,41,35
Prezica,stormscale,1474,priest,discipline,137,72,65
Aboû,archimonde,1474,priest,discipline,48,25,23
Redøm,stormreaver,1474,priest,discipline,36,18,18
Licktheheal,outland,1473,priest,discipline,30,17,13
Torî,blackrock,1473,priest,discipline,36,17,19
Джулибуба,borean-tundra,1473,priest,discipline,57,26,31
Chimara,eredar,1472,priest,discipline,166,89,77
Санггвиний,soulflayer,1472,priest,discipline,90,46,44
Marllen,twisting-nether,1472,priest,discipline,139,68,71
Sctheal,outland,1472,priest,discipline,42,18,24
Sháady,ravencrest,1471,priest,discipline,60,29,31
Themistia,kazzak,1471,priest,discipline,151,70,81
Niholie,sinstralis,1471,priest,discipline,48,18,30
Porklifer,tarren-mill,1470,priest,discipline,54,32,22
Reticlel,kazzak,1470,priest,discipline,81,47,34
Neagica,kazzak,1470,priest,discipline,48,26,22
Maneipriest,drakthul,1470,priest,discipline,65,35,30
Slasherh,ravencrest,1470,priest,discipline,145,74,71
Pìkachù,stormscale,1470,priest,discipline,54,27,27
Loarderonx,stormscale,1470,priest,discipline,35,16,19
Eleatros,blackrock,1470,priest,discipline,58,25,33
Bleedingeyes,tarren-mill,1469,priest,discipline,45,23,22
Agatioxd,dun-modr,1468,priest,discipline,48,31,17
Lapinvicieux,archimonde,1468,priest,discipline,54,31,23
Battra,argent-dawn,1468,priest,discipline,78,41,37
Unpsofablé,outland,1468,priest,discipline,52,27,25
Drwlad,archimonde,1468,priest,discipline,66,26,40
Noobpriest,blackrock,1467,priest,discipline,94,43,51
Brutapriestx,stormscale,1467,priest,discipline,35,16,19
Emon,nemesis,1466,priest,discipline,54,32,22
Spoggle,kazzak,1466,priest,discipline,102,51,51
Panoio,aggra-português,1466,priest,discipline,77,33,44
Yákizå,darksorrow,1466,priest,discipline,72,30,42
Kanî,eredar,1465,priest,discipline,78,35,43
Sochnaochen,outland,1464,priest,discipline,84,48,36
Gïanna,archimonde,1464,priest,discipline,96,52,44
Jupiter,silvermoon,1464,priest,discipline,125,67,58
Angelic,ragnaros,1464,priest,discipline,143,69,74
Syrell,sanguino,1464,priest,discipline,35,16,19
Geierlol,blackrock,1464,priest,discipline,42,17,25
Простойа,deathguard,1463,priest,discipline,86,50,36
Scade,kazzak,1463,priest,discipline,98,47,51
Eßola,silvermoon,1463,priest,discipline,38,18,20
Krasawìtch,onyxia,1463,priest,discipline,107,49,58
Мненосина,goldrinn,1462,priest,discipline,46,21,25
Ботхесатва,deepholm,1462,priest,discipline,77,35,42
Amoxkys,nemesis,1462,priest,discipline,86,39,47
Sameec,drakthul,1462,priest,discipline,84,37,47
Krayziest,tarren-mill,1461,priest,discipline,42,26,16
Lyés,uldaman,1461,priest,discipline,148,91,57
Íhðly,silvermoon,1461,priest,discipline,84,42,42
Ahmnesia,archimonde,1460,priest,discipline,138,72,66
Трэй,deathguard,1459,priest,discipline,90,50,40
Ðiscobiscuit,argent-dawn,1459,priest,discipline,104,55,49
Elfarity,tarren-mill,1458,priest,discipline,35,21,14
Ivysaurus,ravencrest,1458,priest,discipline,74,42,32
Ruly,ragnaros,1458,priest,discipline,51,25,26
Makesnosense,kilrogg,1458,priest,discipline,54,26,28
Antainis,silvermoon,1456,priest,discipline,131,71,60
Enigam,alakir,1456,priest,discipline,72,38,34
Dotdotggwp,stormscale,1456,priest,discipline,84,39,45
Péntagón,festung-der-stürme,1456,priest,discipline,48,19,29
Nyxalia,silvermoon,1455,priest,discipline,30,18,12
Kåstå,archimonde,1455,priest,discipline,92,51,41
Nerfnerf,kazzak,1455,priest,discipline,465,235,230
Massbimba,tarren-mill,1454,priest,discipline,144,78,66
Фейкай,blackscar,1454,priest,discipline,54,28,26
Disturbdtwo,archimonde,1454,priest,discipline,66,31,35
Èlysium,grim-batol,1454,priest,discipline,48,20,28
Reäzx,archimonde,1453,priest,discipline,42,26,16
Tynsxd,silvermoon,1453,priest,discipline,72,40,32
Svevo,ravencrest,1453,priest,discipline,94,49,45
Jakeow,auchindoun,1453,priest,discipline,75,39,36
Алуриэлия,gordunni,1453,priest,discipline,83,40,43
Skarnir,uldaman,1453,priest,discipline,87,34,53
Mvuu,kazzak,1452,priest,discipline,42,25,17
Gûardianwisp,ravencrest,1452,priest,discipline,199,98,101
Astralscare,outland,1451,priest,discipline,42,25,17
Kätsulol,ysondre,1451,priest,discipline,48,24,24
Arize,dun-modr,1450,priest,discipline,42,21,21
Jerzay,hyjal,1449,priest,discipline,64,30,34
Шарадин,gordunni,1448,priest,discipline,110,59,51
Kimozabi,ravencrest,1448,priest,discipline,50,25,25
Schmatzy,blackmoore,1448,priest,discipline,48,24,24
Олегстразза,howling-fjord,1448,priest,discipline,99,46,53
Тенсаи,howling-fjord,1447,priest,discipline,70,38,32
Mòly,archimonde,1446,priest,discipline,27,17,10
Kâltak,aegwynn,1446,priest,discipline,48,24,24
Sáshagrey,arathor,1446,priest,discipline,49,24,25
Neoni,blackmoore,1446,priest,discipline,148,72,76
Devot,outland,1445,priest,discipline,102,55,47
Серыйлог,galakrond,1444,priest,discipline,90,49,41
Spirítbox,argent-dawn,1444,priest,discipline,106,54,52
Amysantiàgo,sylvanas,1444,priest,discipline,95,48,47
Cryksî,eredar,1444,priest,discipline,84,41,43
Troublemaker,durotan,1443,priest,discipline,60,33,27
Chankilolx,dun-modr,1443,priest,discipline,169,78,91
Nahni,teldrassil,1443,priest,discipline,132,55,77
Sombralúz,sanguino,1442,priest,discipline,36,20,16
Shanny,kazzak,1442,priest,discipline,89,43,46
Durinko,thunderhorn,1442,priest,discipline,60,27,33
Nerfpriest,tarren-mill,1442,priest,discipline,42,17,25
Ykiotonegawa,twisting-nether,1442,priest,discipline,78,25,53
Aeritha,blackmoore,1441,priest,discipline,30,19,11
Laurent,sanguino,1441,priest,discipline,36,16,20
Svistis,ravencrest,1440,priest,discipline,28,20,8
Смегмачет,soulflayer,1440,priest,discipline,122,63,59
Yesdaddypls,draenor,1439,priest,discipline,36,21,15
Voxqt,blackrock,1439,priest,discipline,30,15,15
Cáss,archimonde,1439,priest,discipline,30,15,15
Bedkara,ravencrest,1439,priest,discipline,30,15,15
Zedrus,azshara,1439,priest,discipline,111,53,58
Wâneis,stormscale,1438,priest,discipline,53,32,21
Stormmyy,kazzak,1438,priest,discipline,30,15,15
Juliane,trollbane,1438,priest,discipline,60,23,37
Hopeso,silvermoon,1437,priest,discipline,18,15,3
Åshbé,archimonde,1437,priest,discipline,18,15,3
Kavrack,sargeras,1437,priest,discipline,24,15,9
Joxdox,archimonde,1437,priest,discipline,36,20,16
Gbpjr,xavius,1437,priest,discipline,193,94,99
Rmpriest,blackhand,1436,priest,discipline,30,15,15
Dzoo,kazzak,1436,priest,discipline,58,27,31
Kbakå,stormscale,1436,priest,discipline,84,37,47
Ylvanna,arthas,1436,priest,discipline,40,17,23
Pàndoràh,nemesis,1435,priest,discipline,42,22,20
Carolyna,ravencrest,1435,priest,discipline,36,15,21
Mindcrackr,stormscale,1434,priest,discipline,36,22,14
Ruderali,blackmoore,1434,priest,discipline,116,66,50
Yvaini,xavius,1434,priest,discipline,78,42,36
Kæyc,blackmoore,1434,priest,discipline,71,35,36
Healbotmvp,ravencrest,1433,priest,discipline,24,15,9
Bubidiblumpr,twisting-nether,1433,priest,discipline,66,40,26
Villagegirlx,stormscale,1433,priest,discipline,30,18,12
Selëne,blackrock,1433,priest,discipline,42,22,20
Prayxlol,outland,1433,priest,discipline,30,15,15
Bochonok,stormrage,1433,priest,discipline,36,15,21
Dimsim,kazzak,1432,priest,discipline,24,15,9
Kobri,gilneas,1432,priest,discipline,48,23,25
Swera,twisting-nether,1431,priest,discipline,24,15,9
Tarellia,argent-dawn,1431,priest,discipline,181,105,76
Ebashuvkashu,stormscale,1431,priest,discipline,45,24,21
Nazhara,hyjal,1431,priest,discipline,30,15,15
Eyesønyou,nemesis,1430,priest,discipline,27,16,11
Vaetrilla,doomhammer,1430,priest,discipline,37,20,17
Ðeep,archimonde,1430,priest,discipline,30,15,15
Lanaineuwu,archimonde,1429,priest,discipline,32,22,10
Eladri,silvermoon,1429,priest,discipline,24,15,9
Iqr,blackmoore,1429,priest,discipline,30,16,14
Fancytrash,ravencrest,1429,priest,discipline,30,15,15
Covidisc,outland,1429,priest,discipline,36,15,21
Yurrij,thrall,1428,priest,discipline,39,23,16
Noodlesoup,daggerspine,1428,priest,discipline,67,37,30
Макстин,howling-fjord,1428,priest,discipline,30,15,15
Savta,ravencrest,1428,priest,discipline,36,15,21
Diddlefiddle,stormscale,1427,priest,discipline,64,36,28
Putinkuilo,outland,1427,priest,discipline,48,25,23
Klituriis,twisting-nether,1427,priest,discipline,89,44,45
Discobrill,silvermoon,1427,priest,discipline,48,19,29
Randomm,shadowsong,1427,priest,discipline,60,23,37
Ylenae,twisting-nether,1427,priest,discipline,42,15,27
Amanojakü,ravencrest,1426,priest,discipline,48,34,14
Faintly,emeriss,1426,priest,discipline,30,15,15
Arkkupiispa,stormreaver,1426,priest,discipline,329,160,169
Joeasaurs,ragnaros,1426,priest,discipline,33,16,17
Viagrà,outland,1426,priest,discipline,120,53,67
Emala,hyjal,1426,priest,discipline,35,15,20
Acik,bladefist,1426,priest,discipline,53,22,31
Ashérs,ravencrest,1425,priest,discipline,57,37,20
Massdispell,silvermoon,1425,priest,discipline,34,20,14
Dímension,ragnaros,1425,priest,discipline,79,46,33
Yuukii,kult-der-verdammten,1425,priest,discipline,30,15,15
Урголиафа,howling-fjord,1425,priest,discipline,54,25,29
Miris,ysondre,1425,priest,discipline,48,21,27
Maidie,stormscale,1424,priest,discipline,66,41,25
Whiskeyhaze,burning-legion,1424,priest,discipline,78,42,36
Orophar,antonidas,1424,priest,discipline,167,83,84
Zymai,ravencrest,1424,priest,discipline,42,15,27
Discipleotl,stormscale,1423,priest,discipline,44,27,17
Synoé,la-croisade-écarlate,1423,priest,discipline,83,41,42
Nirsis,dun-modr,1423,priest,discipline,63,30,33
Nyxém,blackmoore,1423,priest,discipline,36,15,21
Phreyst,draenor,1422,priest,discipline,177,91,86
Созвонимся,gordunni,1422,priest,discipline,57,29,28
Avaichquirit,tarren-mill,1422,priest,discipline,54,24,30
Halastrâ,tarren-mill,1420,priest,discipline,44,30,14
Arjak,stormscale,1420,priest,discipline,30,15,15
Zarez,stormscale,1420,priest,discipline,50,17,33
Natapriest,antonidas,1419,priest,discipline,180,97,83
Meanazer,antonidas,1419,priest,discipline,60,27,33
Destinychild,norgannon,1419,priest,discipline,35,15,20
Hlyhoe,silvermoon,1418,priest,discipline,60,35,25
Zarozina,pozzo-delleternità,1418,priest,discipline,30,16,14
Нэстикус,gordunni,1418,priest,discipline,30,16,14
Медиив,deepholm,1418,priest,discipline,66,32,34
Jaatjak,ravencrest,1418,priest,discipline,54,26,28
Пакетикдот,gordunni,1417,priest,discipline,177,101,76
Bekareth,archimonde,1417,priest,discipline,78,44,34
Sprutch,kazzak,1417,priest,discipline,56,30,26
Блексебет,soulflayer,1417,priest,discipline,90,46,44
Vividots,draenor,1417,priest,discipline,42,20,22
Mjamc,stormscale,1417,priest,discipline,87,37,50
Phèbz,archimonde,1416,priest,discipline,42,28,14
Barcodes,kazzak,1415,priest,discipline,39,25,14
Axxul,blackrock,1415,priest,discipline,30,15,15
Xdthe,tarren-mill,1415,priest,discipline,54,25,29
Pmh,kazzak,1415,priest,discipline,60,25,35
Bakony,ravencrest,1414,priest,discipline,60,41,19
Yukíø,antonidas,1414,priest,discipline,30,18,12
Praybro,blackmoore,1414,priest,discipline,41,24,17
Gilfir,stormscale,1414,priest,discipline,42,20,22
Vynivan,korgall,1414,priest,discipline,54,24,30
Kaeldara,ysondre,1413,priest,discipline,24,15,9
Zïn,silvermoon,1413,priest,discipline,58,29,29
Indicta,darksorrow,1413,priest,discipline,33,16,17
Oxborn,thrall,1413,priest,discipline,83,40,43
Joseantuan,sanguino,1412,priest,discipline,30,18,12
Asolan,drakthul,1412,priest,discipline,60,35,25
Vqny,archimonde,1412,priest,discipline,153,85,68
Sémi,twisting-nether,1412,priest,discipline,48,26,22
Ghostroller,ravencrest,1412,priest,discipline,43,22,21
Híppokrates,dethecus,1412,priest,discipline,55,24,31
Батлграунтт,soulflayer,1411,priest,discipline,36,24,12
Rwaphouu,ysondre,1410,priest,discipline,66,39,27
Ецци,howling-fjord,1410,priest,discipline,44,23,21
Уноханагодх,howling-fjord,1410,priest,discipline,50,26,24
Faelvirin,aegwynn,1410,priest,discipline,41,21,20
Joniop,stormreaver,1410,priest,discipline,60,29,31
Shanya,thrall,1410,priest,discipline,42,20,22
Jóhnnybravó,kazzak,1410,priest,discipline,36,16,20
Getötet,blackrock,1409,priest,discipline,36,21,15
Бомжскадилом,gordunni,1409,priest,discipline,237,125,112
Dunderprälle,outland,1409,priest,discipline,30,15,15
Deathchicka,draenor,1408,priest,discipline,52,31,21
Lévention,stormscale,1408,priest,discipline,36,20,16
Cring,kirin-tor,1407,priest,discipline,108,62,46
Unholyfield,draenor,1407,priest,discipline,96,45,51
Aldebrand,dun-modr,1407,priest,discipline,48,15,33
Gothixs,draenor,1406,priest,discipline,44,26,18
Garfriest,aggra-português,1406,priest,discipline,78,46,32
Syro,defias-brotherhood,1406,priest,discipline,39,22,17
Tyrhaa,blackmoore,1406,priest,discipline,30,16,14
Трезида,gordunni,1406,priest,discipline,36,18,18
Sensor,kazzak,1406,priest,discipline,69,34,35
Alterlight,twisting-nether,1406,priest,discipline,124,48,76
Medivs,blackmoore,1405,priest,discipline,30,17,13
Qïx,ravencrest,1405,priest,discipline,39,22,17
Illüminaty,sylvanas,1405,priest,discipline,50,26,24
Kappa,darksorrow,1405,priest,discipline,54,28,26
Anzil,dun-modr,1405,priest,discipline,96,43,53
Invexx,tarren-mill,1405,priest,discipline,113,47,66
Эннхэтэуэй,soulflayer,1404,priest,discipline,54,28,26
Dragovic,chogall,1404,priest,discipline,80,38,42
Flaskandeux,tarren-mill,1404,priest,discipline,194,76,118
Arctoczax,ravencrest,1404,priest,discipline,60,22,38
Chuckline,eredar,1403,priest,discipline,70,36,34
Frekio,eitrigg,1403,priest,discipline,143,71,72
Саммерфинн,gordunni,1403,priest,discipline,40,17,23
Eileengu,silvermoon,1402,priest,discipline,70,42,28
Kbakå,kazzak,1402,priest,discipline,32,15,17
Castalia,ravencrest,1402,priest,discipline,52,24,28
Dejica,kult-der-verdammten,1402,priest,discipline,102,46,56
Acidpills,hyjal,1402,priest,discipline,40,17,23
Virulent,nemesis,1402,priest,discipline,36,15,21
Dysko,alakir,1401,priest,discipline,30,15,15
Shieldyblaze,frostwolf,1400,priest,discipline,95,55,40
Silvdarr,hyjal,1400,priest,discipline,91,47,44
Hunfall,stormscale,1400,priest,discipline,30,15,15
Вурти,howling-fjord,1400,priest,discipline,65,28,37
Banshzz,ragnaros,1400,priest,discipline,71,27,44
Chibrausorus,archimonde,1399,priest,discipline,54,22,32
Laadyybirkee,blackhand,1398,priest,discipline,140,70,70
Avázàr,stormscale,1398,priest,discipline,36,16,20
Fiilaaja,stormreaver,1397,priest,discipline,42,26,16
Tiktokdancér,kazzak,1397,priest,discipline,102,58,44
Menda,eredar,1397,priest,discipline,130,68,62
Diva,malfurion,1397,priest,discipline,46,21,25
Холишитс,gordunni,1396,priest,discipline,115,64,51
Sebatröz,ravencrest,1396,priest,discipline,42,23,19
Noany,ravencrest,1396,priest,discipline,72,37,35
Rahan,stormscale,1396,priest,discipline,93,46,47
Darkest,ysondre,1396,priest,discipline,83,37,46
Derylium,kazzak,1395,priest,discipline,47,29,18
Deadpxlz,ravencrest,1395,priest,discipline,30,17,13
Madkes,ravencrest,1395,priest,discipline,48,22,26
Miileys,arthas,1394,priest,discipline,24,16,8
Alakkiria,ravencrest,1394,priest,discipline,77,38,39
Fåtkidx,ravencrest,1394,priest,discipline,79,35,44
Kroa,ragnaros,1393,priest,discipline,24,15,9
Dankopriest,drakthul,1393,priest,discipline,48,24,24
Fireflowers,silvermoon,1393,priest,discipline,48,24,24
Littleheal,ghostlands,1393,priest,discipline,43,21,22
Phasmöphobia,zuljin,1392,priest,discipline,96,38,58
Sweetxq,tarren-mill,1391,priest,discipline,66,37,29
Animepfp,stormreaver,1391,priest,discipline,140,67,73
Zombîe,draenor,1390,priest,discipline,42,16,26
Hardcode,twisting-nether,1389,priest,discipline,96,45,51
Hashoko,draenor,1388,priest,discipline,30,22,8
Aaron,aegwynn,1388,priest,discipline,31,20,11
Крашдайс,soulflayer,1388,priest,discipline,61,27,34
Hidr,nemesis,1387,priest,discipline,84,46,38
Barracuda,burning-legion,1387,priest,discipline,86,45,41
Asprine,kazzak,1386,priest,discipline,42,30,12
Nakali,the-maelstrom,1386,priest,discipline,30,16,14
Альфреска,gordunni,1386,priest,discipline,94,48,46
Дядяврач,howling-fjord,1386,priest,discipline,60,28,32
Pyropenance,twisting-nether,1386,priest,discipline,83,35,48
Гшд,gordunni,1385,priest,discipline,78,43,35
Sppid,sanguino,1384,priest,discipline,261,124,137
Snuffanious,ragnaros,1384,priest,discipline,60,26,34
Sharae,malfurion,1382,priest,discipline,64,39,25
Tarana,mannoroth,1382,priest,discipline,29,15,14
Adev,drakthul,1382,priest,discipline,53,27,26
Tintapri,aszune,1382,priest,discipline,122,62,60
Naïlu,hyjal,1381,priest,discipline,66,38,28
Soupana,darksorrow,1381,priest,discipline,79,42,37
Selenee,scarshield-legion,1381,priest,discipline,102,47,55
Ilovedisc,kazzak,1379,priest,discipline,44,25,19
Micobra,dalaran,1379,priest,discipline,41,22,19
Хаварь,gordunni,1378,priest,discipline,87,49,38
Маимморта,howling-fjord,1378,priest,discipline,66,37,29
Щакактрахнем,gordunni,1378,priest,discipline,66,36,30
Vaewyn,ravencrest,1378,priest,discipline,79,42,37
Лимоняшечка,soulflayer,1378,priest,discipline,110,58,52
Streety,nethersturm,1378,priest,discipline,90,43,47
Evolís,blackmoore,1378,priest,discipline,66,29,37
Gangreana,kazzak,1377,priest,discipline,78,42,36
Anubisones,uldum,1377,priest,discipline,65,32,33
Disconsick,vashj,1377,priest,discipline,76,26,50
Carnacia,tarren-mill,1376,priest,discipline,84,48,36
Annisa,kazzak,1376,priest,discipline,131,71,60
Holypepper,outland,1376,priest,discipline,95,47,48
Эстрогенс,gordunni,1376,priest,discipline,60,22,38
Preachyjeg,ravencrest,1376,priest,discipline,84,30,54
Dolifrius,dalaran,1375,priest,discipline,50,30,20
Levy,azuremyst,1375,priest,discipline,31,18,13
Symeria,sylvanas,1374,priest,discipline,42,23,19
Psyfir,outland,1374,priest,discipline,224,117,107
Spiriman,zuljin,1374,priest,discipline,30,15,15
Otheym,the-maelstrom,1374,priest,discipline,39,18,21
Pocketissue,ravencrest,1373,priest,discipline,32,21,11
Sytawa,blackmoore,1373,priest,discipline,98,53,45
Crazyname,outland,1373,priest,discipline,78,39,39
Chaosxo,draenor,1373,priest,discipline,82,38,44
Blackheal,sanguino,1373,priest,discipline,68,29,39
Nietzsche,area-52,1373,priest,discipline,54,23,31
Rabbît,stormscale,1372,priest,discipline,82,42,40
Hiereia,khadgar,1372,priest,discipline,139,61,78
Geesuz,outland,1372,priest,discipline,39,16,23
Kutjeskopper,silvermoon,1371,priest,discipline,36,19,17
Скизма,gordunni,1370,priest,discipline,42,25,17
Norlyset,silvermoon,1370,priest,discipline,48,27,21
Ahree,sargeras,1370,priest,discipline,190,93,97
Anotherdisc,aegwynn,1370,priest,discipline,66,24,42
Kotipope,silvermoon,1369,priest,discipline,83,49,34
Кэндимен,gordunni,1369,priest,discipline,172,87,85
Elosen,darkspear,1368,priest,discipline,36,20,16
Xieen,outland,1368,priest,discipline,156,81,75
Aykò,blackmoore,1368,priest,discipline,38,16,22
Apøcalypso,antonidas,1367,priest,discipline,108,53,55
Salzgehalt,antonidas,1366,priest,discipline,58,38,20
Noreal,twisting-nether,1366,priest,discipline,30,18,12
Hellsaya,ysondre,1366,priest,discipline,34,19,15
Mamaoh,ravencrest,1366,priest,discipline,69,34,35
Aéríthx,ravencrest,1365,priest,discipline,42,16,26
Chodia,silvermoon,1364,priest,discipline,59,35,24
Durness,argent-dawn,1363,priest,discipline,84,42,42
Raî,durotan,1363,priest,discipline,48,24,24
Priszt,arathor,1363,priest,discipline,36,15,21
Xyfas,azshara,1362,priest,discipline,54,25,29
ßabylexa,ravencrest,1362,priest,discipline,35,15,20
Grausami,zuluhed,1361,priest,discipline,48,24,24
Aisha,rajaxx,1361,priest,discipline,69,32,37
Alliora,dalaran,1361,priest,discipline,105,44,61
Kaémon,twisting-nether,1361,priest,discipline,106,44,62
Stargóddess,kazzak,1360,priest,discipline,90,52,38
Hidary,ysondre,1360,priest,discipline,49,21,28
Evilangèl,ravenholdt,1359,priest,discipline,47,25,22
Dooga,draenor,1359,priest,discipline,30,15,15
Enduring,darksorrow,1359,priest,discipline,72,33,39
Reìdood,stormscale,1358,priest,discipline,86,49,37
Matsipri,sylvanas,1358,priest,discipline,84,44,40
Prellish,draenor,1358,priest,discipline,72,33,39
Priesless,sylvanas,1357,priest,discipline,34,20,14
Benificent,argent-dawn,1357,priest,discipline,195,95,100
Wish,blackmoore,1357,priest,discipline,116,56,60
Tallzoné,ravencrest,1356,priest,discipline,63,32,31
Nuklash,burning-legion,1356,priest,discipline,39,18,21
Äkvä,ragnaros,1356,priest,discipline,66,26,40
Bomzhik,silvermoon,1355,priest,discipline,179,101,78
Rzpa,blackhand,1355,priest,discipline,51,27,24
Smilyface,sylvanas,1355,priest,discipline,49,22,27
Paterpaisios,kazzak,1355,priest,discipline,54,20,34
Nésha,dun-modr,1354,priest,discipline,41,21,20
Byxoph,sanguino,1353,priest,discipline,66,32,34
Solarïah,garona,1352,priest,discipline,32,19,13
Littlehelper,shendralar,1352,priest,discipline,39,16,23
Chealsey,thrall,1351,priest,discipline,57,36,21
Isore,culte-de-la-rive-noire,1351,priest,discipline,34,20,14
Давалкасвета,gordunni,1351,priest,discipline,74,32,42
Feelmypainn,kazzak,1350,priest,discipline,42,23,19
Chilie,ravencrest,1350,priest,discipline,36,17,19
Chowhone,archimonde,1349,priest,discipline,100,53,47
Convulsiveq,silvermoon,1349,priest,discipline,297,148,149
Dstars,archimonde,1348,priest,discipline,42,16,26
Fatishcribe,twisting-nether,1347,priest,discipline,261,135,126
Valythria,blackhand,1347,priest,discipline,62,31,31
Greedyaf,stormscale,1347,priest,discipline,101,48,53
Brênos,blackmoore,1346,priest,discipline,29,17,12
Sphero,kazzak,1346,priest,discipline,42,24,18
Holyfussell,antonidas,1346,priest,discipline,80,38,42
Iamfrosty,draenor,1346,priest,discipline,66,31,35
Pwjetlifelol,grim-batol,1345,priest,discipline,97,52,45
Sâtânica,kelthuzad,1345,priest,discipline,72,33,39
Huhu,defias-brotherhood,1344,priest,discipline,30,16,14
Batsu,hyjal,1344,priest,discipline,94,43,51
Chuckbarry,kazzak,1342,priest,discipline,24,15,9
Krematorio,twisting-nether,1342,priest,discipline,24,14,10
Lothyf,archimonde,1342,priest,discipline,34,19,15
Spiochpr,burning-legion,1342,priest,discipline,84,44,40
Karmasmom,kazzak,1342,priest,discipline,30,14,16
Xandrial,blackmoore,1342,priest,discipline,30,14,16
Поднялбабки,deathguard,1342,priest,discipline,36,14,22
Smitey,terenas,1341,priest,discipline,58,32,26
Haligato,archimonde,1341,priest,discipline,88,45,43
Blackchrist,uldum,1340,priest,discipline,54,28,26
Cutename,burning-blade,1340,priest,discipline,36,18,18
Sephìrøth,malganis,1340,priest,discipline,66,32,34
Далайна,galakrond,1340,priest,discipline,36,14,22
Дармирэль,gordunni,1340,priest,discipline,65,25,40
Wodpriest,ravencrest,1339,priest,discipline,18,14,4
Yânux,aegwynn,1339,priest,discipline,30,14,16
Dènna,eldrethalas,1339,priest,discipline,42,15,27
Tumlaa,ravencrest,1337,priest,discipline,56,31,25
Snuifje,azjolnerub,1337,priest,discipline,129,58,71
Radegast,jaedenar,1337,priest,discipline,77,31,46
Sariss,ravencrest,1336,priest,discipline,24,14,10
Cedifanboyx,archimonde,1336,priest,discipline,30,14,16
Makkesfil,stormscale,1335,priest,discipline,24,14,10
Kojee,blackrock,1335,priest,discipline,48,18,30
Biscuits,ravencrest,1335,priest,discipline,48,14,34
Юлих,booty-bay,1333,priest,discipline,100,42,58
Radiance,emeriss,1333,priest,discipline,40,15,25
Ciordel,draenor,1332,priest,discipline,47,23,24
Cleancf,blackhand,1332,priest,discipline,220,100,120
Hewwo,sylvanas,1331,priest,discipline,66,36,30
Rosalina,ravencrest,1331,priest,discipline,175,89,86
Xubeqi,kazzak,1331,priest,discipline,134,68,66
Waafa,kazzak,1331,priest,discipline,42,14,28
Jetlìfe,ysondre,1330,priest,discipline,24,14,10
Happyprocs,dun-modr,1330,priest,discipline,29,15,14
Valaç,turalyon,1330,priest,discipline,131,67,64
Тодохил,gordunni,1330,priest,discipline,89,39,50
Tlc,dragonmaw,1329,priest,discipline,55,28,27
Vanillahaze,sylvanas,1328,priest,discipline,24,16,8
Rose8FB527,silvermoon,1328,priest,discipline,37,21,16
Heilerharry,blackmoore,1328,priest,discipline,28,15,13
Peersh,ahnqiraj,1327,priest,discipline,18,14,4
Ràthaløs,sanguino,1327,priest,discipline,52,31,21
Nou,aegwynn,1327,priest,discipline,36,14,22
Vedina,bronze-dragonflight,1326,priest,discipline,84,42,42
Bromine,twisting-nether,1325,priest,discipline,23,17,6
Ximenia,eredar,1325,priest,discipline,43,25,18
Seinaruki,emerald-dream,1325,priest,discipline,34,18,16
Skrnz,turalyon,1325,priest,discipline,59,26,33
Mewdewrewrx,arathor,1324,priest,discipline,54,34,20
Германий,deathguard,1324,priest,discipline,35,21,14
Buszeekk,outland,1324,priest,discipline,34,19,15
Jodge,ravencrest,1324,priest,discipline,48,26,22
Styrbjörn,shattered-hand,1324,priest,discipline,73,38,35
Kalisy,ravencrest,1324,priest,discipline,52,27,25
Pandalulz,turalyon,1323,priest,discipline,58,33,25
Bolflo,khaz-modan,1323,priest,discipline,141,77,64
Lexojam,ravencrest,1323,priest,discipline,29,14,15
Levinson,zuljin,1322,priest,discipline,42,30,12
Sadkitten,sylvanas,1322,priest,discipline,187,102,85
Ixdeadxl,stormscale,1321,priest,discipline,38,21,17
Bublelicious,silvermoon,1321,priest,discipline,30,14,16
Девственен,soulflayer,1321,priest,discipline,48,22,26
Nirvánabang,sylvanas,1320,priest,discipline,42,21,21
Докторпэйн,howling-fjord,1320,priest,discipline,128,60,68
Xypri,nordrassil,1320,priest,discipline,97,44,53
Fùkøff,stormscale,1319,priest,discipline,32,19,13
Paine,pozzo-delleternità,1319,priest,discipline,49,27,22
Babbúb,tarren-mill,1318,priest,discipline,35,14,21
Papynou,garona,1317,priest,discipline,24,14,10
Helikipope,kazzak,1317,priest,discipline,24,14,10
Apeist,outland,1317,priest,discipline,92,48,44
Rodshun,dun-modr,1317,priest,discipline,76,34,42
Jackyz,tarren-mill,1317,priest,discipline,48,14,34
Cntrl,frostmane,1316,priest,discipline,72,39,33
Keppas,doomhammer,1315,priest,discipline,37,21,16
Darkweed,twilights-hammer,1315,priest,discipline,54,30,24
Pristerline,antonidas,1314,priest,discipline,25,15,10
Sabaxdxd,dun-modr,1314,priest,discipline,84,38,46
Yugo,outland,1314,priest,discipline,41,15,26
Shilôz,hyjal,1313,priest,discipline,59,29,30
Relaxmom,bloodhoof,1312,priest,discipline,30,14,16
Форсибучи,soulflayer,1312,priest,discipline,66,30,36
Quisira,aegwynn,1311,priest,discipline,24,16,8
Ассарх,lich-king,1311,priest,discipline,78,39,39
Grravehheart,kazzak,1311,priest,discipline,62,31,31
Флэнсер,soulflayer,1311,priest,discipline,218,105,113
Spèrman,frostwolf,1311,priest,discipline,42,15,27
Suzziee,silvermoon,1310,priest,discipline,48,25,23
Æternadead,nemesis,1310,priest,discipline,110,57,53
Violentha,silvermoon,1310,priest,discipline,30,15,15
Nûwa,draenor,1309,priest,discipline,42,25,17
Benau,aegwynn,1309,priest,discipline,24,14,10
Empí,sanguino,1309,priest,discipline,42,23,19
Clua,draenor,1309,priest,discipline,66,35,31
Лайбаси,howling-fjord,1309,priest,discipline,30,15,15
Cheja,ravencrest,1308,priest,discipline,60,30,30
Ruîzz,sanguino,1308,priest,discipline,61,28,33
Eowins,blackmoore,1307,priest,discipline,76,40,36
Mirelaw,stormscale,1307,priest,discipline,125,65,60
Dirtydoc,area-52,1307,priest,discipline,39,20,19
Щявыхилим,howling-fjord,1306,priest,discipline,49,31,18
Eldrathir,burning-legion,1306,priest,discipline,30,14,16
Buzzingg,tarren-mill,1305,priest,discipline,41,26,15
Lalgorithme,hyjal,1305,priest,discipline,24,14,10
Асади,gordunni,1305,priest,discipline,60,33,27
Elûnä,ysondre,1305,priest,discipline,288,150,138
Filtro,eredar,1305,priest,discipline,73,37,36
Shadowmend,aegwynn,1305,priest,discipline,29,14,15
Skuhlx,blackrock,1305,priest,discipline,90,39,51
Ангеланика,gordunni,1304,priest,discipline,42,22,20
Fakebob,draenor,1304,priest,discipline,30,15,15
Boulotpas,hyjal,1302,priest,discipline,72,47,25
Fkup,twisting-nether,1302,priest,discipline,36,20,16
Sykra,magtheridon,1302,priest,discipline,76,41,35
Muncett,dun-modr,1301,priest,discipline,23,16,7
Missdreavus,draenor,1301,priest,discipline,40,24,16
Enerpriest,ysondre,1301,priest,discipline,36,20,16
Overhealzz,blackmoore,1301,priest,discipline,126,59,67
Centaurio,nemesis,1300,priest,discipline,134,65,69
Curlo,ravencrest,1300,priest,discipline,42,20,22
Thrakoun,twilights-hammer,1299,priest,discipline,188,90,98
Eksel,silvermoon,1299,priest,discipline,42,20,22
Fatherliam,emerald-dream,1299,priest,discipline,54,24,30
Sebbepriest,twisting-nether,1298,priest,discipline,24,14,10
Agorasii,frostwolf,1298,priest,discipline,42,22,20
Voidvania,drakthul,1298,priest,discipline,35,18,17
Nimuëh,ragnaros,1298,priest,discipline,52,24,28
Ranevskiy,kazzak,1298,priest,discipline,38,16,22
Pocketsimp,stormscale,1297,priest,discipline,36,16,20
Matiagmenh,stormscale,1297,priest,discipline,42,18,24
Шкуропльот,gordunni,1296,priest,discipline,88,46,42
Vannax,arygos,1295,priest,discipline,78,35,43
Voidwaffel,blackmoore,1295,priest,discipline,38,17,21
Elderath,eredar,1295,priest,discipline,60,22,38
Dinma,argent-dawn,1294,priest,discipline,167,91,76
Aeo,twisting-nether,1294,priest,discipline,83,43,40
Ministry,tirion,1294,priest,discipline,36,15,21
Duaijhutari,outland,1293,priest,discipline,52,30,22
Oohopeoo,blackmoore,1293,priest,discipline,42,23,19
Pl,sunstrider,1293,priest,discipline,42,22,20
Credor,blackrock,1293,priest,discipline,42,19,23
Jerolol,sanguino,1293,priest,discipline,68,28,40
Shadowpeste,aggra-português,1292,priest,discipline,144,81,63
Nikotyna,doomhammer,1292,priest,discipline,107,51,56
Onicolla,terokkar,1292,priest,discipline,126,60,66
Bandgap,antonidas,1292,priest,discipline,98,44,54
Асуартхас,gordunni,1292,priest,discipline,84,31,53
Mustatomi,stormreaver,1291,priest,discipline,27,14,13
Chuwbakka,kazzak,1290,priest,discipline,34,22,12
Sílvana,nordrassil,1290,priest,discipline,118,61,57
Sissi,blackmoore,1290,priest,discipline,108,53,55
Alfaböna,outland,1289,priest,discipline,122,66,56
Yuuvi,ravencrest,1289,priest,discipline,83,37,46
Brainwash,darksorrow,1289,priest,discipline,53,18,35
Jerichó,blackmoore,1288,priest,discipline,36,24,12
Zaradana,tarren-mill,1288,priest,discipline,78,40,38
Ebolaidman,ravencrest,1288,priest,discipline,48,24,24
Tristar,nethersturm,1287,priest,discipline,35,19,16
Dartheon,twisting-nether,1287,priest,discipline,83,36,47
Pregrip,twisting-nether,1284,priest,discipline,236,116,120
Deneye,thunderhorn,1282,priest,discipline,42,28,14
Pleistras,magtheridon,1282,priest,discipline,154,88,66
Mynameisebe,twisting-nether,1282,priest,discipline,42,18,24
Glärë,burning-legion,1281,priest,discipline,81,50,31
Jimmyhoffa,stormscale,1281,priest,discipline,54,32,22
Møldark,silvermoon,1281,priest,discipline,101,43,58
Инстенли,howling-fjord,1281,priest,discipline,60,25,35
Superfelyn,ragnaros,1280,priest,discipline,51,27,24
Doncamïllo,blackrock,1280,priest,discipline,47,22,25
Olereo,blackhand,1280,priest,discipline,84,39,45
Purityn,blackhand,1280,priest,discipline,42,14,28
Тэвиель,gordunni,1279,priest,discipline,78,30,48
Hetha9DB102,argent-dawn,1278,priest,discipline,80,52,28
Kïmbo,kazzak,1278,priest,discipline,65,26,39
Wortgottes,blackrock,1277,priest,discipline,28,16,12
Nomorelight,stormscale,1277,priest,discipline,85,44,41
Valeriana,stormreaver,1277,priest,discipline,96,47,49
Genthus,kazzak,1277,priest,discipline,72,34,38
Juhduss,tarren-mill,1276,priest,discipline,30,17,13
Fullymetalz,defias-brotherhood,1276,priest,discipline,64,34,30
Ùçù,dalaran,1276,priest,discipline,52,26,26
Asuriyan,grim-batol,1276,priest,discipline,69,34,35
Necronidas,burning-legion,1275,priest,discipline,20,14,6
Zenoo,argent-dawn,1275,priest,discipline,36,22,14
Hardloker,ravencrest,1275,priest,discipline,84,38,46
Aroghul,eredar,1275,priest,discipline,96,42,54
Capriestun,hellfire,1274,priest,discipline,34,20,14
Aladorius,la-croisade-écarlate,1273,priest,discipline,46,25,21
Velles,nazjatar,1273,priest,discipline,363,181,182
Nuvie,ravencrest,1273,priest,discipline,60,28,32
Relöaded,kazzak,1273,priest,discipline,54,18,36
Yassjr,archimonde,1272,priest,discipline,26,14,12
Фурлена,blackscar,1272,priest,discipline,97,49,48
Overshadowed,kazzak,1272,priest,discipline,175,80,95
Yante,ragnaros,1271,priest,discipline,36,18,18
Jeuhy,talnivarr,1271,priest,discipline,89,43,46
Fleamana,stormscale,1271,priest,discipline,36,17,19
Filit,hyjal,1271,priest,discipline,36,15,21
Mishas,draenor,1270,priest,discipline,42,24,18
Nerul,twisting-nether,1270,priest,discipline,70,35,35
Zùt,ysondre,1269,priest,discipline,48,28,20
Outcast,korgall,1269,priest,discipline,60,30,30
Мегаствол,howling-fjord,1269,priest,discipline,60,28,32
Дюрэкс,soulflayer,1268,priest,discipline,48,22,26
Теньраа,soulflayer,1268,priest,discipline,42,14,28
Elderiel,turalyon,1267,priest,discipline,219,109,110
Alaeddin,kazzak,1266,priest,discipline,362,173,189
Zofa,sunstrider,1266,priest,discipline,38,18,20
Пофанчику,gordunni,1266,priest,discipline,58,27,31
Blagovesta,ravencrest,1266,priest,discipline,42,14,28
Aerosoll,drakthul,1265,priest,discipline,36,20,16
Hêsêkiêl,eredar,1265,priest,discipline,48,23,25
Mallkie,ysondre,1264,priest,discipline,30,18,12
Bigfnatlund,silvermoon,1264,priest,discipline,35,17,18
Акктуальная,deepholm,1263,priest,discipline,48,25,23
Kaktosz,ragnaros,1263,priest,discipline,66,26,40
Svartochelak,stormscale,1262,priest,discipline,42,16,26
Pètunia,ravencrest,1260,priest,discipline,216,113,103
Аквариусс,gordunni,1260,priest,discipline,60,30,30
Nøheall,ysondre,1260,priest,discipline,83,30,53
Søînx,archimonde,1259,priest,discipline,27,17,10
Liasanya,kelthuzad,1259,priest,discipline,30,18,12
Veýýon,blackmoore,1259,priest,discipline,36,19,17
Alexnator,malganis,1258,priest,discipline,54,22,32
Flokz,archimonde,1257,priest,discipline,24,14,10
Añgêl,ravencrest,1257,priest,discipline,117,60,57
Euphorius,blackmoore,1257,priest,discipline,54,26,28
Jordí,darkspear,1257,priest,discipline,191,88,103
Healy,blackrock,1257,priest,discipline,60,27,33
Dotsin,kazzak,1256,priest,discipline,196,102,94
Argaar,burning-legion,1256,priest,discipline,54,28,26
Holybunny,blackrock,1255,priest,discipline,66,34,32
Фрустрациия,soulflayer,1255,priest,discipline,34,17,17
Míllerzz,ragnaros,1255,priest,discipline,54,22,32
Praystatîon,dragonblight,1254,priest,discipline,132,80,52
Удзумукец,howling-fjord,1254,priest,discipline,102,42,60
Mournus,defias-brotherhood,1253,priest,discipline,47,35,12
Liliashet,sanguino,1253,priest,discipline,50,28,22
Nukksch,antonidas,1253,priest,discipline,176,80,96
Ufos,stormscale,1253,priest,discipline,42,15,27
Mercies,kazzak,1252,priest,discipline,23,14,9
Torcena,garrosh,1252,priest,discipline,48,16,32
Kelras,grim-batol,1251,priest,discipline,104,63,41
Lalola,tarren-mill,1251,priest,discipline,54,30,24
Даркфолс,soulflayer,1251,priest,discipline,59,30,29
Spoc,blackrock,1250,priest,discipline,53,29,24
Seneth,twisting-nether,1250,priest,discipline,35,15,20
Lzmad,archimonde,1249,priest,discipline,60,34,26
Jeuwls,argent-dawn,1249,priest,discipline,109,60,49
Howaya,la-croisade-écarlate,1249,priest,discipline,60,32,28
Arenarooky,eredar,1249,priest,discipline,42,22,20
Buan,outland,1248,priest,discipline,18,13,5
Suprenext,draenor,1248,priest,discipline,24,13,11
Mazikeen,stormscale,1248,priest,discipline,24,13,11
Mediumheals,tarren-mill,1248,priest,discipline,99,48,51
Stmichael,silvermoon,1248,priest,discipline,38,15,23
Dêmôn,stormscale,1247,priest,discipline,18,13,5
Zathada,twisting-nether,1247,priest,discipline,30,19,11
Swdömmel,aegwynn,1247,priest,discipline,24,13,11
Feedergodx,dun-modr,1247,priest,discipline,24,13,11
Krokkete,hyjal,1247,priest,discipline,24,13,11
Mgx,defias-brotherhood,1247,priest,discipline,30,13,17
Noukeé,blackrock,1247,priest,discipline,36,13,23
Sùzy,ravencrest,1247,priest,discipline,36,13,23
Maylà,aegwynn,1247,priest,discipline,60,20,40
Эмжи,howling-fjord,1246,priest,discipline,18,13,5
Ørrak,hyjal,1246,priest,discipline,24,14,10
Mirupriest,sanguino,1246,priest,discipline,24,13,11
Ishkà,stormscale,1246,priest,discipline,24,13,11
Brach,nazjatar,1246,priest,discipline,84,43,41
Perdítá,thrall,1246,priest,discipline,213,106,107
Quepimquepam,tarren-mill,1246,priest,discipline,41,18,23
Deliâz,aegwynn,1246,priest,discipline,36,14,22
Syntaria,pozzo-delleternità,1245,priest,discipline,24,13,11
Леддигага,gordunni,1245,priest,discipline,24,13,11
Доминантрикс,soulflayer,1245,priest,discipline,46,22,24
Supemi,stormscale,1245,priest,discipline,30,13,17
Undeadpriest,aegwynn,1245,priest,discipline,36,13,23
Theycmedotin,blackhand,1245,priest,discipline,42,13,29
Elyradp,dun-modr,1244,priest,discipline,60,34,26
Hotdog,kult-der-verdammten,1244,priest,discipline,30,17,13
Egî,lothar,1244,priest,discipline,24,13,11
Virgosenpai,silvermoon,1244,priest,discipline,48,23,25
Louiepr,outland,1244,priest,discipline,30,13,17
Jumby,outland,1244,priest,discipline,30,13,17
Tackerjoè,eredar,1244,priest,discipline,48,20,28
Шадоухоррор,gordunni,1244,priest,discipline,51,20,31
Wedoburgers,ravencrest,1243,priest,discipline,18,13,5
Takeoff,dun-morogh,1243,priest,discipline,36,23,13
Vokuheala,tarren-mill,1243,priest,discipline,29,16,13
Monataamis,kazzak,1243,priest,discipline,30,13,17
Dreê,hyjal,1243,priest,discipline,30,13,17
Stahpit,twisting-nether,1243,priest,discipline,36,13,23
Roxxes,kazzak,1242,priest,discipline,24,13,11
Gumer,antonidas,1242,priest,discipline,24,13,11
Chîllipriest,draenor,1242,priest,discipline,24,13,11
Ecg,silvermoon,1242,priest,discipline,30,13,17
Gudrinieks,shattered-halls,1242,priest,discipline,38,16,22
Bjornqt,ragnaros,1242,priest,discipline,48,17,31
Romero,sylvanas,1241,priest,discipline,18,13,5
Серью,booty-bay,1241,priest,discipline,18,13,5
Holybestie,eredar,1241,priest,discipline,24,16,8
Oecgreg,ysondre,1241,priest,discipline,24,13,11
Shdwxy,blackrock,1240,priest,discipline,24,13,11
Вутитути,howling-fjord,1240,priest,discipline,30,13,17
Злюкыч,gordunni,1239,priest,discipline,60,29,31
Gøðlìke,aegwynn,1239,priest,discipline,60,23,37
Mamasmilk,draenor,1238,priest,discipline,40,25,15
Дайбчик,gordunni,1238,priest,discipline,34,21,13
Apèx,blackrock,1238,priest,discipline,78,40,38
Новокшан,soulflayer,1237,priest,discipline,36,18,18
Фрит,lich-king,1236,priest,discipline,63,35,28
Héntai,argent-dawn,1236,priest,discipline,30,15,15
Crazypablito,burning-legion,1236,priest,discipline,59,25,34
Jbte,silvermoon,1235,priest,discipline,102,57,45
Speltmor,stormscale,1235,priest,discipline,24,13,11
Discovery,aggra-português,1235,priest,discipline,54,28,26
Mivale,aszune,1234,priest,discipline,26,15,11
Holyswift,dun-morogh,1234,priest,discipline,173,91,82
Héternel,ysondre,1234,priest,discipline,56,27,29
Shadoomed,kazzak,1234,priest,discipline,66,27,39
Divaz,eredar,1234,priest,discipline,48,18,30
Nestélle,drakthul,1233,priest,discipline,105,49,56
Wandéline,arathi,1233,priest,discipline,59,26,33
Pretee,nemesis,1233,priest,discipline,30,13,17
Anotherlife,stormscale,1232,priest,discipline,18,13,5
Janinw,sylvanas,1232,priest,discipline,30,13,17
Samtig,malganis,1232,priest,discipline,57,23,34
Dibelo,eredar,1232,priest,discipline,35,14,21
Лютаяшиза,gordunni,1231,priest,discipline,24,13,11
Várósh,blackmoore,1231,priest,discipline,42,19,23
Lucianßk,sanguino,1230,priest,discipline,48,27,21
Appox,amanthul,1229,priest,discipline,24,13,11
Пенансиня,gordunni,1229,priest,discipline,36,13,23
Топчикс,gordunni,1228,priest,discipline,94,46,48
Ggsus,outland,1228,priest,discipline,66,25,41
Enzyme,drakthul,1227,priest,discipline,18,13,5
Myrmeen,silvermoon,1227,priest,discipline,85,43,42
Shomäre,ysondre,1226,priest,discipline,30,16,14
Seum,ravencrest,1226,priest,discipline,86,45,41
Darkheall,sanguino,1226,priest,discipline,75,32,43
Killerkende,ragnaros,1226,priest,discipline,40,17,23
Aiewn,elune,1225,priest,discipline,63,35,28
Netomv,kazzak,1225,priest,discipline,35,18,17
Duem,kazzak,1225,priest,discipline,54,27,27
Triksas,sylvanas,1224,priest,discipline,36,26,10
Saat,dalaran,1224,priest,discipline,26,18,8
Baglet,ravencrest,1224,priest,discipline,24,13,11
Miralou,ravencrest,1224,priest,discipline,240,126,114
Healyourmum,stormscale,1224,priest,discipline,72,36,36
Drennaria,draenor,1224,priest,discipline,65,31,34
Therezzer,burning-legion,1224,priest,discipline,36,16,20
Liaru,aegwynn,1224,priest,discipline,42,13,29
Gertie,blackhand,1223,priest,discipline,52,32,20
Gobie,sunstrider,1223,priest,discipline,30,13,17
Goodgirl,frostmane,1222,priest,discipline,22,14,8
Kizzorde,ragnaros,1222,priest,discipline,60,32,28
Perimortal,norgannon,1221,priest,discipline,51,24,27
Nérôck,frostwolf,1221,priest,discipline,39,16,23
Zolfiqar,tarren-mill,1220,priest,discipline,18,14,4
Vès,stormscale,1220,priest,discipline,72,37,35
Øwlsoo,confrérie-du-thorium,1220,priest,discipline,130,66,64
Amphôra,archimonde,1220,priest,discipline,30,14,16
Карнотит,howling-fjord,1219,priest,discipline,180,82,98
Xghazo,sylvanas,1218,priest,discipline,45,25,20
Лолиэль,soulflayer,1218,priest,discipline,57,31,26
Talonjean,conseil-des-ombres,1218,priest,discipline,24,13,11
Ginebra,archimonde,1217,priest,discipline,24,14,10
Unleet,sylvanas,1217,priest,discipline,62,30,32
Attenna,ravencrest,1217,priest,discipline,81,34,47
Nìak,ysondre,1217,priest,discipline,100,39,61
Капляболи,gordunni,1216,priest,discipline,51,28,23
Yojoyo,draenor,1216,priest,discipline,143,67,76
Xarxis,twisting-nether,1216,priest,discipline,42,13,29
Diçkhëad,ravencrest,1215,priest,discipline,61,31,30
Türapea,draenor,1215,priest,discipline,116,57,59
Feydottir,draenor,1214,priest,discipline,36,19,17
Nymrasus,ravencrest,1213,priest,discipline,24,13,11
Sandaal,drakthul,1213,priest,discipline,72,36,36
Lãwh,hyjal,1213,priest,discipline,89,43,46
Taiyöshin,silvermoon,1212,priest,discipline,42,14,28
Ðøð,dalaran,1210,priest,discipline,54,33,21
Firstkiss,rexxar,1210,priest,discipline,36,22,14
Selenar,neptulon,1210,priest,discipline,48,26,22
Vempress,neptulon,1210,priest,discipline,48,24,24
Drë,daggerspine,1209,priest,discipline,29,13,16
Nëophytë,zuljin,1207,priest,discipline,72,35,37
Eník,blackrock,1206,priest,discipline,36,15,21
Thyrandis,dragonblight,1206,priest,discipline,34,14,20
Nostramo,kirin-tor,1206,priest,discipline,54,19,35
Nethenielle,malganis,1205,priest,discipline,42,20,22
Linara,frostmane,1204,priest,discipline,18,13,5
Littleabs,the-maelstrom,1204,priest,discipline,71,35,36
Nazo,sylvanas,1203,priest,discipline,77,43,34
Simbaba,archimonde,1203,priest,discipline,36,19,17
Nioubèy,archimonde,1203,priest,discipline,29,15,14
Жрицазла,soulflayer,1203,priest,discipline,54,25,29
Werita,frostmane,1203,priest,discipline,122,54,68
Свежага,howling-fjord,1203,priest,discipline,76,33,43
Umbraya,blackhand,1203,priest,discipline,78,26,52
Beaglep,blackrock,1203,priest,discipline,53,13,40
Janclod,pozzo-delleternità,1202,priest,discipline,24,14,10
Healsquad,draenor,1202,priest,discipline,32,16,16
Phórkys,kazzak,1201,priest,discipline,197,100,97
Swtt,sanguino,1201,priest,discipline,72,36,36
Акимбопушка,howling-fjord,1201,priest,discipline,44,17,27
Dementzia,argent-dawn,1200,priest,discipline,89,43,46
Marylin,senjin,1200,priest,discipline,114,52,62
Leprie,draenor,1199,priest,discipline,39,15,24
Джейнкелли,borean-tundra,1198,priest,discipline,138,81,57
Csiillux,ragnaros,1198,priest,discipline,36,19,17
Carrhyks,archimonde,1198,priest,discipline,72,31,41
Drtickomaru,drakthul,1197,priest,discipline,32,16,16
Rightx,outland,1197,priest,discipline,84,38,46
Wynkx,zuljin,1196,priest,discipline,66,24,42
Тварьгосподя,gordunni,1195,priest,discipline,281,136,145
Яестькенни,soulflayer,1193,priest,discipline,30,16,14
Vicwix,draenor,1192,priest,discipline,23,13,10
Lyim,stormscale,1192,priest,discipline,23,13,10
Bellanote,dalaran,1192,priest,discipline,83,41,42
Дракулесса,gordunni,1191,priest,discipline,51,24,27
Pvpriestess,silvermoon,1190,priest,discipline,114,53,61
Uro,tirion,1190,priest,discipline,41,14,27
Deppara,twisting-nether,1189,priest,discipline,24,15,9
Zergo,karazhan,1189,priest,discipline,52,18,34
Скорояпомощь,gordunni,1187,priest,discipline,54,33,21
Megalodön,draenor,1187,priest,discipline,45,17,28
Kårejonny,tarren-mill,1186,priest,discipline,55,28,27
Sacerfull,sanguino,1186,priest,discipline,83,39,44
Lillthya,kazzak,1186,priest,discipline,58,24,34
Zranda,magtheridon,1185,priest,discipline,78,36,42
Verrottênd,frostwolf,1185,priest,discipline,64,27,37
Dazé,ravencrest,1184,priest,discipline,41,32,9
Devîlcry,nordrassil,1184,priest,discipline,96,55,41
Lighter,dragonblight,1183,priest,discipline,58,35,23
Obito,outland,1183,priest,discipline,23,13,10
Freezydot,silvermoon,1183,priest,discipline,87,49,38
Летиин,gordunni,1183,priest,discipline,65,27,38
Sickz,blackrock,1183,priest,discipline,42,15,27
Забвениеждёт,gordunni,1182,priest,discipline,41,16,25
Аэрэта,deathguard,1181,priest,discipline,24,15,9
Jokaël,ysondre,1181,priest,discipline,42,13,29
Angusbeêf,blackrock,1180,priest,discipline,136,71,65
Valnaya,draenor,1179,priest,discipline,61,34,27
Камшотхил,gordunni,1179,priest,discipline,42,23,19
Lekadolplusc,doomhammer,1178,priest,discipline,230,123,107
Jaimeê,der-rat-von-dalaran,1177,priest,discipline,31,16,15
Nnaoy,ysondre,1177,priest,discipline,26,13,13
Whitepitch,doomhammer,1177,priest,discipline,89,39,50
Snoopqt,dalaran,1177,priest,discipline,43,14,29
Loetharion,archimonde,1174,priest,discipline,71,36,35
Nelvor,silvermoon,1174,priest,discipline,42,21,21
Rashyd,sylvanas,1173,priest,discipline,42,24,18
Володябигуди,howling-fjord,1172,priest,discipline,29,13,16
Парикнахер,soulflayer,1171,priest,discipline,36,23,13
Ksiadzrydzyk,draenor,1171,priest,discipline,30,17,13
Captn,draenor,1171,priest,discipline,54,22,32
Drioz,ysondre,1170,priest,discipline,72,40,32
Cøøbrà,hyjal,1170,priest,discipline,70,38,32
Petshopboi,sylvanas,1170,priest,discipline,27,14,13
Palitox,kazzak,1170,priest,discipline,30,14,16
Àri,magtheridon,1170,priest,discipline,41,15,26
Allisandre,hellscream,1169,priest,discipline,24,13,11
Ноубадди,howling-fjord,1169,priest,discipline,67,32,35
Eremit,silvermoon,1168,priest,discipline,61,29,32
Chocopríest,blackmoore,1168,priest,discipline,30,13,17
Elclasico,blackrock,1168,priest,discipline,62,25,37
Drsmort,blackrock,1166,priest,discipline,78,37,41
Эски,howling-fjord,1165,priest,discipline,36,13,23
Plaguetale,archimonde,1164,priest,discipline,59,33,26
Flyingdutch,tarren-mill,1164,priest,discipline,247,115,132
Монесса,howling-fjord,1164,priest,discipline,44,20,24
Olîra,hyjal,1163,priest,discipline,30,14,16
Soehzz,khaz-modan,1163,priest,discipline,48,21,27
Desperion,ragnaros,1163,priest,discipline,79,34,45
Stclemens,defias-brotherhood,1162,priest,discipline,39,19,20
Blàckângel,blackrock,1161,priest,discipline,312,156,156
Klaura,blackmoore,1161,priest,discipline,30,15,15
Javvi,sylvanas,1158,priest,discipline,78,44,34
Goldenapples,ravencrest,1158,priest,discipline,39,21,18
Vebbysor,sylvanas,1158,priest,discipline,30,15,15
Veecna,the-maelstrom,1158,priest,discipline,60,27,33
Гуляль,howling-fjord,1157,priest,discipline,76,43,33
Nunnis,kazzak,1157,priest,discipline,198,111,87
Kyrédan,dalaran,1157,priest,discipline,133,69,64
Brunestùd,pozzo-delleternità,1157,priest,discipline,68,33,35
Mjölkpelle,twisting-nether,1156,priest,discipline,24,18,6
Réborn,tarren-mill,1156,priest,discipline,36,19,17
Divinekat,tarren-mill,1155,priest,discipline,22,13,9
Jezlung,frostmane,1154,priest,discipline,48,26,22
Chega,malganis,1154,priest,discipline,84,34,50
Гундяй,soulflayer,1153,priest,discipline,51,28,23
Karellian,silvermoon,1153,priest,discipline,36,17,19
Neytirinqt,doomhammer,1153,priest,discipline,54,25,29
Незерхэвэн,soulflayer,1152,priest,discipline,24,12,12
Найтингеилл,gordunni,1152,priest,discipline,24,12,12
Djros,magtheridon,1152,priest,discipline,24,12,12
Cringê,ravencrest,1152,priest,discipline,24,12,12
Donpedrila,kazzak,1152,priest,discipline,24,12,12
Djrussia,tarren-mill,1152,priest,discipline,30,12,18
Djokui,uldum,1152,priest,discipline,30,12,18
Uncreative,ravencrest,1151,priest,discipline,18,12,6
Sloee,kazzak,1151,priest,discipline,18,12,6
Junglemafia,nemesis,1151,priest,discipline,18,12,6
Deadsloth,hyjal,1151,priest,discipline,24,12,12
Arythc,ahnqiraj,1151,priest,discipline,24,12,12
Ксенонх,gordunni,1151,priest,discipline,24,12,12
Shadeblaze,draenor,1151,priest,discipline,38,16,22
Nothappy,ragnaros,1151,priest,discipline,30,12,18
Shììnx,hyjal,1151,priest,discipline,30,12,18
Fléxéd,burning-legion,1150,priest,discipline,24,12,12
Davóss,outland,1150,priest,discipline,24,12,12
Naomirussell,sylvanas,1150,priest,discipline,24,12,12
Изишвд,gordunni,1150,priest,discipline,30,12,18
Nuriva,frostmane,1150,priest,discipline,36,12,24
Windywendy,blackrock,1149,priest,discipline,18,12,6
Chukapi,stormscale,1149,priest,discipline,24,13,11
Floorpovx,blackmoore,1149,priest,discipline,24,12,12
Soloqbob,kazzak,1149,priest,discipline,30,12,18
Iyannà,blackrock,1148,priest,discipline,18,12,6
Discmoo,kazzak,1148,priest,discipline,20,12,8
Faouzia,argent-dawn,1148,priest,discipline,30,12,18
Deicidex,blackrock,1147,priest,discipline,36,12,24
Badguymike,ragnaros,1146,priest,discipline,18,12,6
Elronmcbông,ravencrest,1146,priest,discipline,53,20,33
Docpower,twisting-nether,1145,priest,discipline,24,12,12
Фикспрайз,gordunni,1145,priest,discipline,24,12,12
Kilrog,blackrock,1145,priest,discipline,24,12,12
Johnnypleb,blackrock,1144,priest,discipline,114,58,56
Hötchick,outland,1144,priest,discipline,24,12,12
Blacklemons,thrall,1144,priest,discipline,24,12,12
Intentoso,nemesis,1144,priest,discipline,30,12,18
Loliheal,blackmoore,1144,priest,discipline,34,13,21
Ilovechildrn,silvermoon,1143,priest,discipline,18,12,6
Utsuro,stormscale,1142,priest,discipline,24,12,12
Саня,razuvious,1142,priest,discipline,24,12,12
Manau,culte-de-la-rive-noire,1142,priest,discipline,30,12,18
Noskan,silvermoon,1141,priest,discipline,21,13,8
Kínson,the-maelstrom,1141,priest,discipline,42,24,18
Karzin,aggra-português,1141,priest,discipline,66,32,34
Daesa,defias-brotherhood,1140,priest,discipline,24,14,10
Убивал,soulflayer,1140,priest,discipline,24,12,12
Dotterin,draenor,1140,priest,discipline,24,12,12
Canthms,twisting-nether,1139,priest,discipline,42,25,17
Mädmän,draenor,1139,priest,discipline,72,38,34
Dezriah,tarren-mill,1139,priest,discipline,76,39,37
Kaydenkross,eredar,1139,priest,discipline,42,12,30
Bacberon,skullcrusher,1138,priest,discipline,18,12,6
Quinax,shattered-hand,1138,priest,discipline,24,12,12
Boyraz,argent-dawn,1138,priest,discipline,48,21,27
Clapclap,frostmourne,1138,priest,discipline,34,13,21
Chankro,sanguino,1137,priest,discipline,24,12,12
Drüdkh,tarren-mill,1137,priest,discipline,36,12,24
Keimohansio,twisting-nether,1136,priest,discipline,48,23,25
Seras,bloodfeather,1136,priest,discipline,102,46,56
Jagersmite,twisting-nether,1136,priest,discipline,55,24,31
Guerilagusto,draenor,1136,priest,discipline,30,12,18
Drissz,archimonde,1135,priest,discipline,24,12,12
Holyschidt,amanthul,1135,priest,discipline,247,120,127
Nygel,kazzak,1134,priest,discipline,27,14,13
Joncartagena,sanguino,1133,priest,discipline,24,12,12
Velosp,defias-brotherhood,1133,priest,discipline,30,12,18
Deliverme,frostmane,1132,priest,discipline,18,12,6
Zák,sylvanas,1131,priest,discipline,24,12,12
Arklim,burning-blade,1130,priest,discipline,32,12,20
Anaalipeura,stormreaver,1130,priest,discipline,36,12,24
Gromalia,hyjal,1129,priest,discipline,24,12,12
Balhlin,argent-dawn,1129,priest,discipline,24,12,12
Jeez,twilights-hammer,1127,priest,discipline,36,12,24
Crazyhemsire,twisting-nether,1125,priest,discipline,24,14,10
Курумничек,gordunni,1124,priest,discipline,18,12,6
Frittê,anetheron,1124,priest,discipline,57,29,28
Elfdarkholme,stormscale,1124,priest,discipline,30,13,17
Calsote,sanguino,1124,priest,discipline,36,12,24
Rog,norgannon,1123,priest,discipline,24,12,12
Kiieevv,blackrock,1123,priest,discipline,90,35,55
Spookyfive,blackhand,1123,priest,discipline,73,26,47
Zerula,outland,1122,priest,discipline,167,81,86
Kurtse,archimonde,1121,priest,discipline,28,14,14
Biblebabe,tarren-mill,1121,priest,discipline,24,12,12
Марджелла,howling-fjord,1119,priest,discipline,28,13,15
Iømÿnudir,archimonde,1119,priest,discipline,30,13,17
Limpopon,doomhammer,1119,priest,discipline,39,15,24
Thiela,ravencrest,1117,priest,discipline,20,13,7
Spooka,ravencrest,1117,priest,discipline,23,12,11
Pontifex,baelgun,1116,priest,discipline,42,25,17
Nyell,silvermoon,1115,priest,discipline,22,12,10
Klaniara,silvermoon,1115,priest,discipline,28,15,13
Мазка,galakrond,1115,priest,discipline,30,12,18
Bigwoopsie,stormscale,1114,priest,discipline,24,14,10
Bluxon,kazzak,1113,priest,discipline,22,12,10
Qsandria,ravencrest,1112,priest,discipline,50,24,26
Залупский,gordunni,1111,priest,discipline,24,12,12
Milessa,steamwheedle-cartel,1111,priest,discipline,48,18,30
Nykothp,ghostlands,1110,priest,discipline,30,12,18
Baddly,silvermoon,1110,priest,discipline,35,12,23
Fetuz,ravenholdt,1109,priest,discipline,48,20,28
Kranrekan,archimonde,1109,priest,discipline,37,12,25
Стаминабаф,gordunni,1108,priest,discipline,21,13,8
Taili,ysondre,1107,priest,discipline,32,13,19
Nigellä,azjolnerub,1107,priest,discipline,36,12,24
Deckardkain,pozzo-delleternità,1105,priest,discipline,60,33,27
Thörbjorn,confrérie-du-thorium,1105,priest,discipline,30,15,15
Valente,twisting-nether,1105,priest,discipline,60,22,38
Elyssez,thrall,1104,priest,discipline,61,22,39
Lydîâ,blackhand,1102,priest,discipline,23,12,11
Dqt,ragnaros,1102,priest,discipline,29,12,17
Shadowlander,dun-modr,1100,priest,discipline,27,12,15
Möd,ragnaros,1100,priest,discipline,30,13,17
Popegoat,ragnaros,1099,priest,discipline,35,26,9
Neosix,sanguino,1098,priest,discipline,24,13,11
Шэдоура,gordunni,1098,priest,discipline,27,13,14
Vaurork,stormscale,1096,priest,discipline,23,12,11
Xakala,cthun,1095,priest,discipline,67,34,33
Хильдинда,soulflayer,1095,priest,discipline,48,22,26
Praywingsebb,nazjatar,1091,priest,discipline,24,13,11
Мояродная,howling-fjord,1091,priest,discipline,43,13,30
Malyzion,draenor,1090,priest,discipline,72,33,39
Anethron,ragnaros,1089,priest,discipline,72,39,33
Necromania,cthun,1089,priest,discipline,123,58,65
Попячебрило,gordunni,1088,priest,discipline,60,31,29
Латрам,greymane,1084,priest,discipline,82,30,52
Prognosis,frostwhisper,1083,priest,discipline,36,17,19
Таймыр,gordunni,1082,priest,discipline,107,46,61
Nellytaa,dalaran,1080,priest,discipline,33,17,16
Sisdenna,doomhammer,1080,priest,discipline,203,102,101
Waxosc,silvermoon,1080,priest,discipline,68,28,40
Salskagripme,ragnaros,1079,priest,discipline,18,12,6
Гомотряс,howling-fjord,1079,priest,discipline,102,54,48
Roshaltar,argent-dawn,1078,priest,discipline,48,29,19
Bálíé,blackmoore,1078,priest,discipline,72,35,37
Yelowsnowman,burning-legion,1078,priest,discipline,48,22,26
Оуаы,soulflayer,1076,priest,discipline,39,15,24
Mocnymaco,burning-blade,1075,priest,discipline,145,75,70
Prïstië,drakthul,1074,priest,discipline,57,29,28
Dirim,silvermoon,1074,priest,discipline,54,16,38
Deathspawn,hellscream,1073,priest,discipline,69,37,32
Ünholy,burning-legion,1071,priest,discipline,29,14,15
Szalsza,arathor,1071,priest,discipline,48,20,28
Seanoob,turalyon,1071,priest,discipline,31,12,19
Discoprillan,twisting-nether,1069,priest,discipline,43,23,20
Lunairess,silvermoon,1069,priest,discipline,84,28,56
Nobbisnice,drakthul,1067,priest,discipline,76,33,43
Deeforce,argent-dawn,1067,priest,discipline,74,29,45
Эйнрив,howling-fjord,1066,priest,discipline,113,53,60
Юкич,soulflayer,1065,priest,discipline,34,12,22
Celero,silvermoon,1063,priest,discipline,54,23,31
Prazefin,twisting-nether,1060,priest,discipline,22,13,9
Ãbømînåtîøn,blackrock,1059,priest,discipline,28,22,6
Ожившийприст,soulflayer,1059,priest,discipline,93,46,47
Свапмиплиз,gordunni,1058,priest,discipline,107,51,56
Yânùx,aegwynn,1056,priest,discipline,12,11,1
Swpain,argent-dawn,1056,priest,discipline,12,11,1
Lmnsqzy,ravencrest,1056,priest,discipline,18,11,7
Daskemaskinx,the-maelstrom,1056,priest,discipline,18,11,7
Schwypsvnr,garona,1056,priest,discipline,18,11,7
Bindww,tarren-mill,1056,priest,discipline,18,11,7
Drnoob,tarren-mill,1056,priest,discipline,50,25,25
Ðanilosp,dun-modr,1056,priest,discipline,24,11,13
Carpathîan,blackhand,1056,priest,discipline,72,25,47
Garie,thrall,1056,priest,discipline,38,13,25
Батлджес,gordunni,1055,priest,discipline,18,11,7
Pilgram,twilights-hammer,1055,priest,discipline,18,11,7
Kenobai,kazzak,1055,priest,discipline,18,11,7
Гоплзнекст,gordunni,1055,priest,discipline,18,11,7
Dealtime,ysondre,1055,priest,discipline,18,11,7
Céira,malganis,1055,priest,discipline,18,11,7
Milchzáhn,frostwolf,1055,priest,discipline,20,11,9
Ahun,taerar,1055,priest,discipline,24,11,13
Squishylol,tarren-mill,1055,priest,discipline,24,11,13
Eitukaeitai,outland,1055,priest,discipline,24,11,13
Pureàngel,ravencrest,1055,priest,discipline,24,11,13
Manäka,hyjal,1055,priest,discipline,24,11,13
Swkunz,dun-modr,1055,priest,discipline,24,11,13
Qpapi,quelthalas,1055,priest,discipline,24,11,13
Enaches,twisting-nether,1055,priest,discipline,43,18,25
Voidjutsu,draenor,1055,priest,discipline,74,30,44
Reckxp,twisting-nether,1055,priest,discipline,30,11,19
Deshka,tarren-mill,1055,priest,discipline,30,11,19
Bigwik,tarren-mill,1055,priest,discipline,36,11,25
Ytsal,stormscale,1055,priest,discipline,36,11,25
Dubai,silvermoon,1055,priest,discipline,36,11,25
Leleg,blackhand,1054,priest,discipline,18,11,7
Piperxp,ravencrest,1054,priest,discipline,18,11,7
Metapri,blackhand,1054,priest,discipline,23,14,9
Arya,dunemaul,1054,priest,discipline,24,11,13
Bäckay,silvermoon,1054,priest,discipline,24,11,13
Hòllymèdx,blackmoore,1054,priest,discipline,24,11,13
Anzee,tarren-mill,1054,priest,discipline,24,11,13
Бонзайка,blackscar,1054,priest,discipline,30,11,19
Азмоддан,azuregos,1054,priest,discipline,36,11,25
Szycho,burning-legion,1054,priest,discipline,36,11,25
Zeatt,ysera,1053,priest,discipline,18,11,7
Cøvu,draenor,1053,priest,discipline,18,11,7
Miliane,twisting-nether,1053,priest,discipline,24,11,13
Holynelph,kazzak,1053,priest,discipline,24,11,13
Tsunadesaama,silvermoon,1053,priest,discipline,24,11,13
Towelie,stormscale,1053,priest,discipline,24,11,13
Залик,soulflayer,1053,priest,discipline,29,12,17
Aléhyl,la-croisade-écarlate,1053,priest,discipline,72,28,44
Drwho,zuljin,1053,priest,discipline,33,12,21
Draenera,silvermoon,1052,priest,discipline,59,25,34
Chokmâh,sanguino,1051,priest,discipline,18,11,7
Пристохилю,gordunni,1051,priest,discipline,24,14,10
Inaeries,argent-dawn,1051,priest,discipline,35,20,15
Nevermyndz,blackmoore,1051,priest,discipline,24,11,13
Deki,outland,1051,priest,discipline,30,11,19
Fakéy,draenor,1050,priest,discipline,12,11,1
Cahuña,thrall,1050,priest,discipline,33,19,14
Junglepriest,ravencrest,1050,priest,discipline,24,11,13
Kitanai,silvermoon,1050,priest,discipline,24,11,13
Smokäy,blackhand,1050,priest,discipline,24,11,13
Baloopriest,grim-batol,1050,priest,discipline,30,11,19
Zatón,dun-modr,1050,priest,discipline,30,11,19
Lacrum,ragnaros,1049,priest,discipline,26,15,11
Goosebot,stormscale,1049,priest,discipline,24,11,13
Soupriest,ysondre,1049,priest,discipline,27,12,15
Icyc,outland,1049,priest,discipline,42,11,31
Nøwénna,ravencrest,1049,priest,discipline,42,11,31
Ehther,dun-modr,1048,priest,discipline,18,11,7
Sophoula,silvermoon,1048,priest,discipline,18,11,7
Sanril,ragnaros,1048,priest,discipline,24,11,13
Diskogoblin,drakthul,1048,priest,discipline,24,11,13
Axewound,neptulon,1048,priest,discipline,25,11,14
Neseig,blutkessel,1047,priest,discipline,18,11,7
Deadthicc,hyjal,1047,priest,discipline,18,11,7
Blasfemo,nemesis,1047,priest,discipline,24,11,13
Drumont,kelthuzad,1047,priest,discipline,24,11,13
Ilostmybible,runetotem,1047,priest,discipline,28,12,16
Mambanero,nemesis,1047,priest,discipline,93,38,55
Мерседулька,howling-fjord,1046,priest,discipline,22,12,10
Ichpvpeuch,eredar,1046,priest,discipline,24,11,13
Болътвоя,gordunni,1045,priest,discipline,18,11,7
Jeanpipe,khaz-modan,1044,priest,discipline,12,11,1
Pescá,cthun,1044,priest,discipline,25,13,12
Needmana,hyjal,1044,priest,discipline,36,15,21
Kaos,anetheron,1043,priest,discipline,15,13,2
Ráka,earthen-ring,1043,priest,discipline,26,13,13
Ticklebell,ravencrest,1042,priest,discipline,90,47,43
Эллвинг,howling-fjord,1042,priest,discipline,23,12,11
Treen,silvermoon,1042,priest,discipline,27,11,16
Rhésùs,archimonde,1041,priest,discipline,44,25,19
Holyskull,magtheridon,1041,priest,discipline,124,51,73
Medycus,blackrock,1040,priest,discipline,18,11,7
Khato,rexxar,1040,priest,discipline,21,12,9
Whitemané,argent-dawn,1040,priest,discipline,56,28,28
Swdscript,drakthul,1039,priest,discipline,24,11,13
Worstdisceu,draenor,1039,priest,discipline,24,11,13
Joebando,ravencrest,1038,priest,discipline,62,29,33
Priestar,madmortem,1038,priest,discipline,24,11,13
Celiara,argent-dawn,1038,priest,discipline,34,12,22
Myskou,ragnaros,1037,priest,discipline,12,11,1
Fingerblast,sanguino,1037,priest,discipline,24,12,12
Педаньтяйка,gordunni,1036,priest,discipline,71,45,26
Sytrix,frostwolf,1034,priest,discipline,18,11,7
Trimégiste,hyjal,1033,priest,discipline,112,57,55
Hónòr,sylvanas,1031,priest,discipline,41,11,30
Pasalacabra,zuljin,1030,priest,discipline,24,11,13
Jonnyklebrig,aegwynn,1030,priest,discipline,35,13,22
Îndura,drakthul,1029,priest,discipline,70,33,37
Nupzie,stormscale,1029,priest,discipline,39,15,24
Kreem,frostmane,1028,priest,discipline,18,11,7
Rydzyk,laughing-skull,1028,priest,discipline,24,13,11
Barbiemeth,silvermoon,1026,priest,discipline,66,25,41
Leønix,malfurion,1025,priest,discipline,21,12,9
Bakris,twisting-nether,1024,priest,discipline,24,11,13
Noserenity,outland,1023,priest,discipline,17,11,6
Tmnewho,outland,1022,priest,discipline,22,12,10
Stigy,auchindoun,1022,priest,discipline,24,11,13
Tori,marécage-de-zangar,1021,priest,discipline,20,12,8
Psychoboris,outland,1020,priest,discipline,127,67,60
Sòsò,archimonde,1018,priest,discipline,60,25,35
Grgovan,kazzak,1017,priest,discipline,15,12,3
Junkz,eredar,1016,priest,discipline,18,11,7
Morgoh,die-arguswacht,1016,priest,discipline,156,80,76
Rexxár,aszune,1016,priest,discipline,121,58,63
Sphard,ysondre,1015,priest,discipline,80,25,55
Xanndro,argent-dawn,1014,priest,discipline,34,13,21
Gronni,argent-dawn,1012,priest,discipline,30,15,15
Ghorfindel,kaelthas,1012,priest,discipline,23,11,12
Morrydin,stormreaver,1009,priest,discipline,22,11,11
Yøzø,blackhand,1009,priest,discipline,63,27,36
Apóllyon,antonidas,1009,priest,discipline,40,15,25
Discoruzki,ravencrest,1007,priest,discipline,23,11,12
Howlscastie,stormscale,1007,priest,discipline,54,22,32
Malapriest,dalaran,1005,priest,discipline,23,11,12
Jeus,malganis,1005,priest,discipline,30,11,19
Телоури,galakrond,1004,priest,discipline,27,12,15
Boomhilde,aegwynn,1003,priest,discipline,182,89,93
Kallsen,ravencrest,1002,priest,discipline,45,28,17
Stahj,sanguino,1002,priest,discipline,23,11,12
Uncleben,grim-batol,1002,priest,discipline,23,11,12
Sixeus,outland,1002,priest,discipline,26,12,14
Séfaron,blackmoore,1001,priest,discipline,16,12,4
Steadyog,doomhammer,1000,priest,discipline,24,16,8
Mijuuk,zuljin,1000,priest,discipline,36,23,13
Buzzard,frostmourne,1000,priest,discipline,24,15,9
Rrpriest,silvermoon,998,priest,discipline,68,23,45
Вальдемарс,howling-fjord,996,priest,discipline,29,11,18
Kenderke,ragnaros,994,priest,discipline,23,11,12
Confess,archimonde,994,priest,discipline,24,11,13
Negativeapm,archimonde,991,priest,discipline,17,11,6
Therealopa,blackmoore,991,priest,discipline,104,48,56
Absinthamos,eredar,989,priest,discipline,22,11,11
Góldfinger,norgannon,988,priest,discipline,27,11,16
Healheal,outland,986,priest,discipline,42,18,24
Hinkelstein,defias-brotherhood,983,priest,discipline,44,23,21
Huzlin,kazzak,983,priest,discipline,28,11,17
Lichtelaaie,quelthalas,980,priest,discipline,24,15,9
Satanspawn,neptulon,977,priest,discipline,64,23,41
Арабет,galakrond,975,priest,discipline,107,57,50
Priincess,ragnaros,974,priest,discipline,28,13,15
Maskinjundre,bronzebeard,974,priest,discipline,27,12,15
Vepa,blackrock,972,priest,discipline,52,27,25
Borrex,sanguino,971,priest,discipline,13,11,2
Shalacho,blackrock,970,priest,discipline,52,23,29
Эрьеро,gordunni,970,priest,discipline,36,11,25
Hugeaf,antonidas,969,priest,discipline,13,11,2
Васпохилить,howling-fjord,969,priest,discipline,32,15,17
Teyranamin,defias-brotherhood,965,priest,discipline,25,11,14
Paradigma,outland,964,priest,discipline,35,19,16
Äwësömë,aggra-português,962,priest,discipline,24,12,12
Holyheartx,argent-dawn,962,priest,discipline,34,12,22
Presbyter,mazrigos,961,priest,discipline,21,11,10
Didinini,outland,961,priest,discipline,46,24,22
Níghty,ravencrest,960,priest,discipline,12,10,2
Ghettonelf,sylvanas,960,priest,discipline,12,10,2
Lanat,ravencrest,960,priest,discipline,12,10,2
Piccolamorte,ysondre,960,priest,discipline,12,10,2
Sebbi,ragnaros,960,priest,discipline,18,10,8
Mindhøven,veklor,960,priest,discipline,18,10,8
Asýnc,ravencrest,960,priest,discipline,18,10,8
Sadsadsad,ravencrest,960,priest,discipline,18,10,8
Пухлаясвинка,fordragon,960,priest,discipline,18,10,8
Theythem,stormscale,960,priest,discipline,18,10,8
Wyrofear,ragnaros,960,priest,discipline,18,10,8
Ринкуку,howling-fjord,960,priest,discipline,18,10,8
Lucìanà,blackmoore,960,priest,discipline,18,10,8
Фотосз,soulflayer,960,priest,discipline,18,10,8
Khristo,illidan,960,priest,discipline,18,10,8
Деадхостх,soulflayer,960,priest,discipline,18,10,8
Ykwah,kazzak,960,priest,discipline,24,10,14
ßestworld,draenor,960,priest,discipline,24,10,14
Deathblind,blackmoore,960,priest,discipline,24,10,14
Casic,blackhand,959,priest,discipline,12,10,2
Spánkproof,kazzak,959,priest,discipline,18,10,8
Pouffi,garona,959,priest,discipline,18,10,8
Striderz,outland,959,priest,discipline,18,10,8
Ðaala,blackrock,959,priest,discipline,18,10,8
Yaoz,sanguino,959,priest,discipline,18,10,8
Animalrescue,draenor,959,priest,discipline,18,10,8
Рыжаякискис,soulflayer,959,priest,discipline,18,10,8
Døtgdx,archimonde,959,priest,discipline,18,10,8
Lèss,ysondre,959,priest,discipline,18,10,8
Grimezot,ragnaros,959,priest,discipline,24,10,14
Ivÿx,ravencrest,959,priest,discipline,24,10,14
Phyxiusx,stormscale,959,priest,discipline,24,10,14
Aurorä,burning-legion,959,priest,discipline,24,10,14
Sosûke,archimonde,959,priest,discipline,24,10,14
Zackshock,sanguino,959,priest,discipline,30,10,20
Mêduse,ravencrest,959,priest,discipline,39,11,28
Выдокбля,soulflayer,958,priest,discipline,12,10,2
Awakenedmyth,draenor,958,priest,discipline,12,10,2
Misspingle,sunstrider,958,priest,discipline,18,10,8
Vo,dentarg,958,priest,discipline,18,10,8
Elinaa,die-aldor,958,priest,discipline,18,10,8
Sadgelands,outland,958,priest,discipline,18,10,8
Goldgot,tarren-mill,958,priest,discipline,18,10,8
Ezcobar,twilights-hammer,958,priest,discipline,18,10,8
Thicolascage,draenor,958,priest,discipline,24,10,14
Ømñyx,outland,958,priest,discipline,24,10,14
Faíht,blackrock,958,priest,discipline,24,10,14
Radiancekey,sanguino,958,priest,discipline,24,10,14
Sws,throkferoth,957,priest,discipline,12,10,2
Nudavbrne,drakthul,957,priest,discipline,12,10,2
Priezeke,aggramar,957,priest,discipline,36,21,15
Aviz,tarren-mill,957,priest,discipline,18,10,8
Пеппаслав,soulflayer,957,priest,discipline,18,10,8
Dexodus,sylvanas,957,priest,discipline,24,10,14
Mandarinee,blackmoore,957,priest,discipline,24,10,14
Вейтарен,gordunni,957,priest,discipline,30,10,20
Zaein,malganis,956,priest,discipline,18,10,8
Cidrea,saurfang,956,priest,discipline,18,10,8
Nastynina,frostwhisper,956,priest,discipline,24,10,14
Ompala,shattered-hand,955,priest,discipline,18,10,8
Vadhänder,the-maelstrom,955,priest,discipline,24,10,14
Miraev,argent-dawn,955,priest,discipline,24,10,14
Пэйтен,deathguard,955,priest,discipline,24,10,14
Ensamstående,twisting-nether,955,priest,discipline,24,10,14
Evangelyne,tarren-mill,955,priest,discipline,24,10,14
Jcnun,xavius,955,priest,discipline,30,10,20
Zyrexan,defias-brotherhood,955,priest,discipline,30,10,20
Texstil,blackmoore,954,priest,discipline,18,10,8
Suchetto,kazzak,954,priest,discipline,24,10,14
Hempukka,spinebreaker,954,priest,discipline,24,10,14
Chilltcaster,blackrock,954,priest,discipline,26,10,16
Юбич,soulflayer,953,priest,discipline,18,10,8
Tigrok,burning-legion,952,priest,discipline,18,10,8
Votiqt,tarren-mill,952,priest,discipline,18,10,8
Boniesmack,stormscale,951,priest,discipline,24,10,14
Фионыч,blackscar,951,priest,discipline,24,10,14
Nasirjones,outland,950,priest,discipline,18,10,8
Дэтметал,grom,950,priest,discipline,24,10,14
Guérissolog,kaelthas,950,priest,discipline,24,10,14
Chris,laughing-skull,948,priest,discipline,12,10,2
Libido,outland,948,priest,discipline,18,10,8
Perxonx,twisting-nether,946,priest,discipline,12,10,2
Pínx,nerathor,946,priest,discipline,24,10,14
Vecaya,blackrock,945,priest,discipline,18,10,8
Feriant,argent-dawn,944,priest,discipline,23,10,13
Заплетальщик,howling-fjord,942,priest,discipline,40,20,20
Mønti,onyxia,942,priest,discipline,35,17,18
Togx,silvermoon,942,priest,discipline,24,10,14
Pabli,argent-dawn,942,priest,discipline,24,10,14
Asnur,argent-dawn,942,priest,discipline,24,10,14
Lèviåthån,stormscale,942,priest,discipline,29,10,19
Søb,silvermoon,942,priest,discipline,29,10,19
Perlo,sanguino,940,priest,discipline,89,47,42
Moinmeister,frostmourne,939,priest,discipline,29,15,14
Hèlp,sanguino,937,priest,discipline,18,10,8
Khai,tarren-mill,935,priest,discipline,65,27,38
Eleveno,ravencrest,934,priest,discipline,54,26,28
Sednâ,conseil-des-ombres,931,priest,discipline,23,10,13
Chukwundi,ravencrest,929,priest,discipline,84,29,55
Goatz,ragnaros,928,priest,discipline,21,16,5
Pavyone,twisting-nether,926,priest,discipline,23,10,13
Aliasus,archimonde,924,priest,discipline,17,10,7
Meodor,antonidas,923,priest,discipline,24,14,10
Havanna,dethecus,923,priest,discipline,24,13,11
Flaylol,stormscale,923,priest,discipline,23,10,13
Felbs,defias-brotherhood,923,priest,discipline,63,21,42
Kashmirweed,ravencrest,921,priest,discipline,54,20,34
Pulttipiispa,ravencrest,916,priest,discipline,23,10,13
Elba,defias-brotherhood,916,priest,discipline,24,10,14
Аргла,soulflayer,912,priest,discipline,66,24,42
Zzoska,burning-legion,911,priest,discipline,17,10,7
Архиэрей,soulflayer,911,priest,discipline,21,10,11
Psíquica,sanguino,910,priest,discipline,21,10,11
Zthul,draenor,909,priest,discipline,27,11,16
Titibolls,sanguino,908,priest,discipline,23,10,13
Immórtal,tarren-mill,908,priest,discipline,30,10,20
Mércíless,ravencrest,905,priest,discipline,17,10,7
Shnookfour,agamaggan,903,priest,discipline,52,27,25
Theunknown,stormscale,903,priest,discipline,29,11,18
Rosilana,blackrock,902,priest,discipline,23,10,13
Wørmiexz,stormscale,895,priest,discipline,20,10,10
Undeabniss,nathrezim,894,priest,discipline,17,10,7
Koderpl,burning-legion,894,priest,discipline,31,16,15
Amoxí,blackmoore,892,priest,discipline,18,10,8
Aliciakeys,twilights-hammer,892,priest,discipline,28,10,18
Dotctor,ysondre,891,priest,discipline,25,11,14
Narkofashist,sanguino,891,priest,discipline,36,10,26
Nosgot,earthen-ring,889,priest,discipline,30,14,16
Minnaq,burning-legion,888,priest,discipline,24,10,14
Chandria,veknilash,886,priest,discipline,54,24,30
Daria,teldrassil,880,priest,discipline,145,69,76
Blååb,draenor,879,priest,discipline,19,10,9
Chillx,blackmoore,878,priest,discipline,85,45,40
Zdrowíé,todeswache,877,priest,discipline,36,17,19
Amaretta,perenolde,872,priest,discipline,32,13,19
Borgír,burning-legion,871,priest,discipline,27,11,16
Toks,stormscale,871,priest,discipline,45,10,35
Elfiontko,burning-legion,870,priest,discipline,24,11,13
Monflouz,archimonde,864,priest,discipline,12,9,3
Priestyboyuk,tarren-mill,864,priest,discipline,12,9,3
Priéstitude,kazzak,864,priest,discipline,12,9,3
Lidlpriest,frostwolf,864,priest,discipline,12,9,3
Slovak,stormscale,864,priest,discipline,12,9,3
Cyúxyúvteea,ravencrest,864,priest,discipline,12,9,3
Pohja,veknilash,864,priest,discipline,12,9,3
Ahilarry,tarren-mill,864,priest,discipline,12,9,3
Ratapain,argent-dawn,864,priest,discipline,12,9,3
Exola,outland,864,priest,discipline,12,9,3
Byzzi,draenor,864,priest,discipline,12,9,3
Cbbigbape,thrall,864,priest,discipline,12,9,3
Chimpanzoo,kazzak,864,priest,discipline,12,9,3
Dexlolo,stormscale,864,priest,discipline,18,9,9
Yroe,gorgonnash,864,priest,discipline,18,9,9
Lâñàt,ravencrest,864,priest,discipline,18,9,9
Gloffoló,ragnaros,864,priest,discipline,18,9,9
Heavensfire,twisting-nether,864,priest,discipline,18,9,9
Furtnajebany,tarren-mill,864,priest,discipline,18,9,9
Prästpåven,stormscale,864,priest,discipline,18,9,9
Lexìì,archimonde,864,priest,discipline,18,9,9
Muant,twisting-nether,864,priest,discipline,18,9,9
Infandus,pozzo-delleternità,864,priest,discipline,18,9,9
Størmblaze,stormreaver,864,priest,discipline,18,9,9
Indrades,blackmoore,864,priest,discipline,18,9,9
Brutalmaze,archimonde,864,priest,discipline,18,9,9
Shaneya,silvermoon,864,priest,discipline,18,9,9
Schattenface,blackmoore,864,priest,discipline,18,9,9
Svetozarov,wildhammer,864,priest,discipline,18,9,9
Hyw,hyjal,864,priest,discipline,18,9,9
Sørcedote,dun-modr,864,priest,discipline,18,9,9
Heab,aegwynn,864,priest,discipline,18,9,9
Ynys,dentarg,864,priest,discipline,18,9,9
Jtep,ravencrest,864,priest,discipline,18,9,9
Itsdiscobaby,auchindoun,864,priest,discipline,24,9,15
Víd,dun-morogh,864,priest,discipline,24,9,15
Падлез,howling-fjord,864,priest,discipline,24,9,15
Próxs,ravencrest,864,priest,discipline,24,9,15
Frígídhealz,outland,864,priest,discipline,24,9,15
Chocomiette,archimonde,864,priest,discipline,25,9,16
Isendth,archimonde,864,priest,discipline,30,9,21
Leykop,ravencrest,864,priest,discipline,30,9,21
Klugzy,silvermoon,864,priest,discipline,30,9,21
Spezzato,nemesis,864,priest,discipline,30,9,21
Devastris,ravencrest,864,priest,discipline,30,9,21
Simza,azuremyst,863,priest,discipline,12,9,3
Barnicha,grim-batol,863,priest,discipline,12,9,3
Eustâche,suramar,863,priest,discipline,12,9,3
Klosso,anachronos,863,priest,discipline,12,9,3
Grishnat,ragnaros,863,priest,discipline,12,9,3
Qjju,blackmoore,863,priest,discipline,12,9,3
Justtpro,twisting-nether,863,priest,discipline,12,9,3
Pollution,ragnaros,863,priest,discipline,18,9,9
Woid,aegwynn,863,priest,discipline,18,9,9
Mïxa,eitrigg,863,priest,discipline,18,9,9
Rotzpippn,blackhand,863,priest,discipline,18,9,9
Sacreth,ragnaros,863,priest,discipline,18,9,9
Ratingfeeder,tarren-mill,863,priest,discipline,18,9,9
Ribberull,burning-blade,863,priest,discipline,18,9,9
Giily,archimonde,863,priest,discipline,18,9,9
Дакимакурах,gordunni,863,priest,discipline,18,9,9
Nilera,frostwolf,863,priest,discipline,18,9,9
Saitani,stormscale,863,priest,discipline,18,9,9
Markianos,silvermoon,863,priest,discipline,18,9,9
Coldxzera,tarren-mill,863,priest,discipline,18,9,9
Fabuliciøus,blackrock,863,priest,discipline,18,9,9
Naberus,ragnaros,863,priest,discipline,19,9,10
Xyliqa,aegwynn,863,priest,discipline,24,9,15
Bornxgood,kazzak,863,priest,discipline,24,9,15
Колдрексх,deathguard,863,priest,discipline,24,9,15
Senza,ysondre,863,priest,discipline,24,9,15
Rixis,la-croisade-écarlate,863,priest,discipline,24,9,15
Artymox,sylvanas,863,priest,discipline,24,9,15
Skinandbones,sylvanas,863,priest,discipline,30,9,21
Gnomeeater,silvermoon,862,priest,discipline,12,9,3
Joeshmoex,blackrock,862,priest,discipline,12,9,3
Rawelf,ravencrest,862,priest,discipline,12,9,3
Søkariss,elune,862,priest,discipline,12,9,3
Jána,argent-dawn,862,priest,discipline,12,9,3
Broer,twisting-nether,862,priest,discipline,12,9,3
Vandansk,kazzak,862,priest,discipline,12,9,3
Бахчи,thermaplugg,862,priest,discipline,18,9,9
Hiimpinxî,ragnaros,862,priest,discipline,18,9,9
Sandcastles,ravencrest,862,priest,discipline,18,9,9
Carlye,stormreaver,862,priest,discipline,18,9,9
Widöw,cthun,862,priest,discipline,18,9,9
Leerzeichen,aegwynn,862,priest,discipline,18,9,9
Skyalpha,silvermoon,862,priest,discipline,18,9,9
Kämels,ravencrest,862,priest,discipline,24,9,15
Сегуната,howling-fjord,862,priest,discipline,24,9,15
Mxcey,ravencrest,862,priest,discipline,24,9,15
Merrysmiting,ravencrest,862,priest,discipline,30,9,21
Vædan,drakthul,861,priest,discipline,12,9,3
Ghostee,twisting-nether,861,priest,discipline,12,9,3
Vierfingerjo,eredar,861,priest,discipline,18,9,9
Юлечка,blackscar,861,priest,discipline,18,9,9
Manuba,antonidas,860,priest,discipline,18,9,9
Жариха,gordunni,860,priest,discipline,18,9,9
Synteria,gilneas,860,priest,discipline,36,9,27
Shidori,dalaran,859,priest,discipline,18,9,9
ßlowska,hyjal,859,priest,discipline,24,9,15
Nhajÿ,hyjal,859,priest,discipline,24,9,15
Lenanitro,blackrock,859,priest,discipline,24,9,15
Novilas,thrall,858,priest,discipline,12,9,3
Priestige,spinebreaker,858,priest,discipline,18,9,9
Saskiaa,doomhammer,858,priest,discipline,54,24,30
Dorisdiesel,ravencrest,858,priest,discipline,24,9,15
Dotmaker,sanguino,858,priest,discipline,24,9,15
Omnissiiah,silvermoon,858,priest,discipline,30,9,21
Healpapa,blackhand,857,priest,discipline,18,9,9
Fatalyse,ysondre,857,priest,discipline,36,16,20
Самурайко,booty-bay,857,priest,discipline,24,9,15
Piitixd,burning-legion,857,priest,discipline,24,9,15
Zentro,turalyon,857,priest,discipline,29,9,20
Chaendral,darkmoon-faire,856,priest,discipline,18,9,9
Гролгул,eversong,856,priest,discipline,18,9,9
Slyntan,ragnaros,856,priest,discipline,18,9,9
Pénancé,defias-brotherhood,856,priest,discipline,24,9,15
Lunarg,die-ewige-wacht,855,priest,discipline,18,9,9
Calenberhtil,burning-legion,855,priest,discipline,18,9,9
Bzets,jaedenar,854,priest,discipline,12,9,3
Rredss,ravencrest,852,priest,discipline,12,9,3
Шадия,ashenvale,852,priest,discipline,21,12,9
Rhåenyra,ravencrest,851,priest,discipline,18,9,9
Reighl,drakthul,850,priest,discipline,18,9,9
Ruebi,blackmoore,848,priest,discipline,18,9,9
Drynte,blackmoore,847,priest,discipline,23,9,14
Aprima,culte-de-la-rive-noire,842,priest,discipline,24,9,15
Clergy,nagrand,842,priest,discipline,24,9,15
Nynren,doomhammer,840,priest,discipline,24,9,15
Seiigops,ysondre,839,priest,discipline,12,9,3
Evastemplar,turalyon,836,priest,discipline,24,9,15
Socratés,antonidas,834,priest,discipline,66,27,39
Tinypump,silvermoon,832,priest,discipline,16,9,7
Valinoru,silvermoon,831,priest,discipline,17,9,8
Mílérí,ravencrest,830,priest,discipline,23,9,14
Тэслос,howling-fjord,829,priest,discipline,23,9,14
Waikiki,ambossar,827,priest,discipline,16,10,6
Flayin,kazzak,822,priest,discipline,21,10,11
Ladá,stormscale,815,priest,discipline,19,9,10
Squidlicker,twisting-nether,814,priest,discipline,17,9,8
Luxumbra,quelthalas,813,priest,discipline,27,10,17
Sologrifer,sylvanas,810,priest,discipline,21,10,11
Biophyzix,aegwynn,810,priest,discipline,23,10,13
Bolíngbroke,argent-dawn,809,priest,discipline,35,9,26
Solaní,antonidas,808,priest,discipline,26,11,15
Clutchp,blackmoore,807,priest,discipline,15,10,5
Majestíc,blackmoore,802,priest,discipline,27,10,17
Rhanira,aegwynn,800,priest,discipline,17,9,8
Pillian,nordrassil,799,priest,discipline,16,9,7
Iloa,dun-morogh,799,priest,discipline,17,9,8
Shikibu,sylvanas,798,priest,discipline,11,9,2
Roqu,ravencrest,792,priest,discipline,15,10,5
Nilsatis,grim-batol,786,priest,discipline,65,25,40
Gandzaa,silvermoon,785,priest,discipline,21,9,12
Протомуу,gordunni,783,priest,discipline,11,9,2
Homxcxde,ravencrest,777,priest,discipline,26,10,16
Ewamlf,drakthul,768,priest,discipline,12,8,4
Katleiya,ysondre,768,priest,discipline,12,8,4
Bammerr,stormscale,768,priest,discipline,12,8,4
Mewdi,outland,768,priest,discipline,12,8,4
Dezless,tarren-mill,768,priest,discipline,12,8,4
Anabølix,ravencrest,768,priest,discipline,12,8,4
Gerrylol,draenor,768,priest,discipline,12,8,4
Ltr,tarren-mill,768,priest,discipline,12,8,4
Killafoolx,silvermoon,768,priest,discipline,12,8,4
Joeblowx,blackrock,768,priest,discipline,12,8,4
Krecik,deathwing,768,priest,discipline,12,8,4
Oldnbad,archimonde,768,priest,discipline,12,8,4
Aerael,auchindoun,768,priest,discipline,12,8,4
Tobadforglad,khaz-modan,768,priest,discipline,12,8,4
Балантайсх,soulflayer,768,priest,discipline,12,8,4
Gobblestick,draenor,768,priest,discipline,12,8,4
Türsteherxxl,mannoroth,768,priest,discipline,12,8,4
Soylaleche,ravencrest,768,priest,discipline,12,8,4
Orkanwal,ravencrest,768,priest,discipline,12,8,4
Nitroze,stormscale,768,priest,discipline,12,8,4
Siign,ravencrest,768,priest,discipline,16,9,7
Quïzzler,ragnaros,768,priest,discipline,18,8,10
Nstp,zuljin,768,priest,discipline,18,8,10
Dokwhite,blackrock,768,priest,discipline,18,8,10
Naripriest,eredar,768,priest,discipline,18,8,10
Xianstwo,alakir,768,priest,discipline,18,8,10
Shieldyman,silvermoon,768,priest,discipline,18,8,10
Kristianburn,arathi,768,priest,discipline,18,8,10
Aelíth,archimonde,768,priest,discipline,18,8,10
Awön,stormscale,768,priest,discipline,18,8,10
Moyoo,kazzak,768,priest,discipline,18,8,10
Theblank,pozzo-delleternità,768,priest,discipline,18,8,10
Uanna,ravencrest,768,priest,discipline,18,8,10
Redempt,nemesis,768,priest,discipline,18,8,10
Alexwinkwink,kazzak,768,priest,discipline,18,8,10
Azpr,ravencrest,768,priest,discipline,18,8,10
Hurtless,ravencrest,768,priest,discipline,21,8,13
Дцевгений,gordunni,768,priest,discipline,24,8,16
Rmp,stormscale,768,priest,discipline,24,8,16
Trickyteè,tarren-mill,768,priest,discipline,24,8,16
Prestigé,vashj,768,priest,discipline,24,8,16
Сандейрейн,gordunni,768,priest,discipline,24,8,16
Skylar,xavius,767,priest,discipline,12,8,4
Talyie,argent-dawn,767,priest,discipline,12,8,4
Neeti,kazzak,767,priest,discipline,12,8,4
Ingvár,blackrock,767,priest,discipline,12,8,4
Rihx,ysondre,767,priest,discipline,12,8,4
Vanadii,blackhand,767,priest,discipline,12,8,4
Ðelftware,tarren-mill,767,priest,discipline,12,8,4
Vaßpera,tarren-mill,767,priest,discipline,12,8,4
Unckus,defias-brotherhood,767,priest,discipline,12,8,4
Cainactor,drakthul,767,priest,discipline,12,8,4
Bonzux,dethecus,767,priest,discipline,12,8,4
Leçke,ravencrest,767,priest,discipline,12,8,4
Kletroll,archimonde,767,priest,discipline,12,8,4
Daddydisc,tarren-mill,767,priest,discipline,16,9,7
Arwén,zuljin,767,priest,discipline,18,8,10
Saurap,uldum,767,priest,discipline,18,8,10
Tryingtomc,archimonde,767,priest,discipline,18,8,10
Khaag,korgall,767,priest,discipline,18,8,10
Luminouzilla,tarren-mill,767,priest,discipline,18,8,10
Clastro,outland,767,priest,discipline,18,8,10
Brelett,the-maelstrom,767,priest,discipline,18,8,10
Holyshifts,silvermoon,767,priest,discipline,18,8,10
Bejud,tarren-mill,767,priest,discipline,18,8,10
Célaz,blackmoore,767,priest,discipline,18,8,10
Isadian,kazzak,767,priest,discipline,18,8,10
Prästbaazil,ragnaros,767,priest,discipline,18,8,10
Dathanosx,outland,767,priest,discipline,18,8,10
Anadyia,aegwynn,767,priest,discipline,24,8,16
Healenax,ravencrest,767,priest,discipline,24,8,16
Pakmopriest,ragnaros,767,priest,discipline,24,8,16
Hopsalopsa,argent-dawn,766,priest,discipline,12,8,4
Smålbenör,stormreaver,766,priest,discipline,12,8,4
Dalyn,zuljin,766,priest,discipline,12,8,4
Chrissirr,culte-de-la-rive-noire,766,priest,discipline,12,8,4
Кфень,soulflayer,766,priest,discipline,16,9,7
Gailiugà,kazzak,766,priest,discipline,16,9,7
Malíficent,draenor,766,priest,discipline,18,8,10
Børisheal,draenor,766,priest,discipline,18,8,10
Chuntriest,shadowsong,766,priest,discipline,18,8,10
Letmehêal,archimonde,766,priest,discipline,18,8,10
Сайларс,howling-fjord,766,priest,discipline,18,8,10
Lianny,sylvanas,766,priest,discipline,18,8,10
Hellscon,kazzak,766,priest,discipline,18,8,10
Lunegrise,archimonde,766,priest,discipline,24,8,16
Sazo,drakthul,766,priest,discipline,24,8,16
Addickted,defias-brotherhood,765,priest,discipline,12,8,4
Pure,kazzak,765,priest,discipline,12,8,4
Baybe,ravencrest,765,priest,discipline,12,8,4
Akadras,blackmoore,765,priest,discipline,12,8,4
Amambo,chamber-of-aspects,765,priest,discipline,12,8,4
Simplesam,ravencrest,765,priest,discipline,18,8,10
Julianpriest,nethersturm,765,priest,discipline,22,9,13
Ноатоэль,gordunni,765,priest,discipline,24,8,16
Thakjing,bladefist,765,priest,discipline,24,8,16
Uglypriest,grim-batol,764,priest,discipline,12,8,4
Buttafly,archimonde,764,priest,discipline,18,8,10
Izaa,silvermoon,764,priest,discipline,18,8,10
Irenedwen,silvermoon,764,priest,discipline,18,8,10
Kinn,kaelthas,763,priest,discipline,12,8,4
Inoy,dun-modr,763,priest,discipline,18,8,10
Áphrodite,outland,763,priest,discipline,18,8,10
Mefeon,draenor,763,priest,discipline,18,8,10
Nightshådøw,silvermoon,762,priest,discipline,22,10,12
Styleexdd,ragnaros,762,priest,discipline,18,8,10
Xmassdispel,tarren-mill,762,priest,discipline,18,8,10
Urticaire,arathi,761,priest,discipline,18,8,10
Келебриана,deepholm,759,priest,discipline,12,8,4
Sîanah,archimonde,754,priest,discipline,12,8,4
Shattow,ravencrest,751,priest,discipline,17,8,9
Omened,nemesis,751,priest,discipline,17,8,9
Tïniebla,dun-modr,750,priest,discipline,18,8,10
Carcaz,blackmoore,750,priest,discipline,23,10,13
Seypercillo,dun-modr,746,priest,discipline,24,8,16
Lazzariah,ravencrest,742,priest,discipline,18,8,10
Лин,howling-fjord,735,priest,discipline,16,8,8
Banaynay,bronzebeard,735,priest,discipline,23,8,15
Blorpan,tarren-mill,734,priest,discipline,26,9,17
Amoorâ,twisting-nether,732,priest,discipline,11,8,3
Jashmin,eredar,732,priest,discipline,35,10,25
Killermoon,rexxar,728,priest,discipline,16,8,8
Cthultist,dun-modr,728,priest,discipline,26,9,17
Abstauberin,blackrock,723,priest,discipline,22,8,14
Pnsl,dun-morogh,723,priest,discipline,36,11,25
Stormééz,bronzebeard,722,priest,discipline,32,9,23
Coldyx,blackrock,719,priest,discipline,11,8,3
Judine,kazzak,719,priest,discipline,11,8,3
Otacon,burning-legion,719,priest,discipline,15,8,7
Меинбиг,gordunni,719,priest,discipline,17,8,9
Sneed,moonglade,718,priest,discipline,36,9,27
Jaesabøyx,twisting-nether,712,priest,discipline,22,9,13
Telpriest,blackrock,710,priest,discipline,25,9,16
Anariell,ravencrest,706,priest,discipline,19,9,10
Greenlizard,stormreaver,704,priest,discipline,22,8,14
Tyog,khazgoroth,703,priest,discipline,16,8,8
Sacerdotini,outland,702,priest,discipline,19,9,10
Ehrmantràut,draenor,699,priest,discipline,16,8,8
Sapieha,burning-legion,687,priest,discipline,11,8,3
Pxescalol,aegwynn,687,priest,discipline,11,8,3
Trixix,ragnaros,684,priest,discipline,14,8,6
Seidel,aggramar,682,priest,discipline,16,8,8
Holymoni,ragnaros,680,priest,discipline,16,8,8
Gudjon,dragonblight,672,priest,discipline,12,7,5
Rixfoulah,ysondre,672,priest,discipline,12,7,5
Ahrimal,turalyon,672,priest,discipline,12,7,5
Pattie,ragnaros,672,priest,discipline,12,7,5
Sinnestrike,tarren-mill,672,priest,discipline,12,7,5
Monstretpr,dragonblight,672,priest,discipline,12,7,5
Skallya,ysondre,672,priest,discipline,12,7,5
Discobeb,les-clairvoyants,672,priest,discipline,12,7,5
Longheals,stormscale,672,priest,discipline,12,7,5
Petitogré,silvermoon,672,priest,discipline,12,7,5
Womanwonderf,ravencrest,672,priest,discipline,12,7,5
Moppriest,twisting-nether,672,priest,discipline,12,7,5
Binkx,tarren-mill,672,priest,discipline,12,7,5
Mdmaster,stormreaver,672,priest,discipline,12,7,5
Wurstpriest,silvermoon,672,priest,discipline,12,7,5
Magiclands,twisting-nether,672,priest,discipline,12,7,5
Unstopp,blackhand,672,priest,discipline,12,7,5
Êva,ravencrest,672,priest,discipline,12,7,5
Morphics,silvermoon,672,priest,discipline,12,7,5
Leronia,stormscale,672,priest,discipline,12,7,5
Nishto,twisting-nether,672,priest,discipline,12,7,5
Yarok,anubarak,672,priest,discipline,12,7,5
Xethh,stormscale,672,priest,discipline,12,7,5
Agms,sanguino,672,priest,discipline,12,7,5
Gladíator,blackhand,672,priest,discipline,12,7,5
Sneboldìs,sylvanas,672,priest,discipline,12,7,5
Còsmo,ravencrest,672,priest,discipline,12,7,5
Ganakenp,tarren-mill,672,priest,discipline,12,7,5
Фалд,gordunni,672,priest,discipline,12,7,5
Shuya,archimonde,672,priest,discipline,12,7,5
Smiteweaver,drakthul,672,priest,discipline,12,7,5
Voleck,aegwynn,672,priest,discipline,12,7,5
Danglar,defias-brotherhood,672,priest,discipline,12,7,5
Wiwzi,outland,672,priest,discipline,12,7,5
Feniyxa,die-aldor,672,priest,discipline,12,7,5
Отменяю,howling-fjord,672,priest,discipline,12,7,5
Nightsøul,ragnaros,672,priest,discipline,12,7,5
Fkitweball,argent-dawn,672,priest,discipline,12,7,5
Cvp,twisting-nether,672,priest,discipline,12,7,5
Dombili,frostmane,672,priest,discipline,12,7,5
Somai,aegwynn,672,priest,discipline,12,7,5
Plåster,dunemaul,672,priest,discipline,12,7,5
Yungmazikeen,archimonde,672,priest,discipline,12,7,5
Fåye,ravencrest,672,priest,discipline,12,7,5
Zælÿ,archimonde,672,priest,discipline,12,7,5
Kosa,tarren-mill,672,priest,discipline,12,7,5
Goodra,sylvanas,672,priest,discipline,12,7,5
Evypriest,draenor,672,priest,discipline,12,7,5
Touchypunk,ravencrest,672,priest,discipline,12,7,5
Bunnygxrl,ravencrest,672,priest,discipline,12,7,5
Pflanzenmann,nozdormu,672,priest,discipline,12,7,5
Ziz,outland,672,priest,discipline,12,7,5
Дефаенс,soulflayer,672,priest,discipline,12,7,5
Uadedez,tarren-mill,672,priest,discipline,13,7,6
Roskva,archimonde,672,priest,discipline,15,8,7
Xourin,blackrock,672,priest,discipline,16,8,8
Soziy,silvermoon,672,priest,discipline,15,7,8
Ominoushell,twisting-nether,672,priest,discipline,15,7,8
Halysis,chamber-of-aspects,672,priest,discipline,16,7,9
Valfore,eldrethalas,672,priest,discipline,20,8,12
Bij,outland,672,priest,discipline,18,7,11
Dxlkekss,blackmoore,672,priest,discipline,18,7,11
Comple,kazzak,672,priest,discipline,18,7,11
Disclol,aegwynn,672,priest,discipline,18,7,11
Lasyran,outland,672,priest,discipline,18,7,11
Wyroofear,ragnaros,672,priest,discipline,18,7,11
Redlight,ysondre,672,priest,discipline,18,7,11
Toxicx,aegwynn,672,priest,discipline,18,7,11
Touchmé,blackmoore,672,priest,discipline,18,7,11
Shyiox,frostwolf,672,priest,discipline,18,7,11
Stepsisstuck,ragnaros,672,priest,discipline,18,7,11
Paterfisl,ragnaros,672,priest,discipline,18,7,11
Sardine,ravencrest,672,priest,discipline,18,7,11
Cház,sanguino,672,priest,discipline,18,7,11
Bubblebuddy,draenor,672,priest,discipline,18,7,11
Byez,kazzak,672,priest,discipline,18,7,11
Nidetha,draenor,672,priest,discipline,18,7,11
Zivl,blackrock,672,priest,discipline,18,7,11
Shockpriest,grim-batol,672,priest,discipline,18,7,11
Rytmusqt,outland,672,priest,discipline,18,7,11
Ijzerehenk,outland,672,priest,discipline,18,7,11
Bebsenpai,hyjal,672,priest,discipline,18,7,11
Lunærÿ,hyjal,672,priest,discipline,24,7,17
Sweity,dun-modr,672,priest,discipline,24,7,17
Chekkó,blackrock,672,priest,discipline,24,7,17
Exaneo,ragnaros,672,priest,discipline,24,7,17
Dogfx,blackhand,672,priest,discipline,30,7,23
Ylivoima,stormscale,671,priest,discipline,12,7,5
Schnîttchen,blackrock,671,priest,discipline,12,7,5
Rines,thrall,671,priest,discipline,12,7,5
Quecum,draenor,671,priest,discipline,12,7,5
Köftemcc,blackrock,671,priest,discipline,12,7,5
Thorhammer,turalyon,671,priest,discipline,12,7,5
Flode,draenor,671,priest,discipline,12,7,5
Xvpr,trollbane,671,priest,discipline,12,7,5
Löspajen,stormscale,671,priest,discipline,12,7,5
Fargall,eonar,671,priest,discipline,12,7,5
Gagai,ravencrest,671,priest,discipline,12,7,5
Phoskitos,sanguino,671,priest,discipline,12,7,5
Колабезгаза,howling-fjord,671,priest,discipline,12,7,5
Lish,dun-modr,671,priest,discipline,12,7,5
Saltfeskball,tarren-mill,671,priest,discipline,12,7,5
Ezhealing,ravencrest,671,priest,discipline,12,7,5
Chayz,thrall,671,priest,discipline,12,7,5
Reól,blackmoore,671,priest,discipline,12,7,5
Bloodie,drakthul,671,priest,discipline,12,7,5
Àlucárd,blackhand,671,priest,discipline,12,7,5
Zazeriño,dun-modr,671,priest,discipline,13,7,6
Xharyo,ravencrest,671,priest,discipline,16,7,9
Ziap,dentarg,671,priest,discipline,20,8,12
Yorap,blackrock,671,priest,discipline,18,7,11
Lezz,ragnaros,671,priest,discipline,18,7,11
Lysium,sylvanas,671,priest,discipline,18,7,11
Pixa,dalaran,671,priest,discipline,18,7,11
Viì,ravencrest,671,priest,discipline,18,7,11
Lillaego,ragnaros,671,priest,discipline,18,7,11
Discgodx,ravencrest,671,priest,discipline,18,7,11
Kenzaiq,aegwynn,671,priest,discipline,18,7,11
Рукатёмная,soulflayer,671,priest,discipline,18,7,11
Kasuny,outland,671,priest,discipline,18,7,11
Elusivv,blackhand,671,priest,discipline,18,7,11
Débthèønë,ravencrest,671,priest,discipline,18,7,11
Abdibio,twisting-nether,671,priest,discipline,18,7,11
Психоз,gordunni,671,priest,discipline,18,7,11
Mylini,silvermoon,671,priest,discipline,18,7,11
Hauntzer,veknilash,671,priest,discipline,24,7,17
Pandariel,argent-dawn,671,priest,discipline,24,7,17
Orqz,anetheron,670,priest,discipline,12,7,5
Noralía,die-aldor,670,priest,discipline,12,7,5
Reizer,argent-dawn,670,priest,discipline,12,7,5
Raptichou,hyjal,670,priest,discipline,12,7,5
Byshadow,silvermoon,670,priest,discipline,12,7,5
Fathermaxii,stormrage,670,priest,discipline,12,7,5
Joblob,guldan,670,priest,discipline,12,7,5
Navid,ravencrest,670,priest,discipline,12,7,5
Хемех,soulflayer,670,priest,discipline,12,7,5
Magnificito,silvermoon,670,priest,discipline,12,7,5
Olikharma,archimonde,670,priest,discipline,18,7,11
Aggresivdisc,hyjal,670,priest,discipline,18,7,11
Teologen,outland,670,priest,discipline,18,7,11
Makkalisser,kazzak,670,priest,discipline,24,7,17
Enlîl,zuljin,669,priest,discipline,12,7,5
Belithia,argent-dawn,669,priest,discipline,12,7,5
Sadira,malganis,669,priest,discipline,18,7,11
Dizdae,rashgarroth,669,priest,discipline,18,7,11
Дэйвора,ashenvale,669,priest,discipline,18,7,11
Абсорберша,gordunni,668,priest,discipline,12,7,5
Mescaminator,blackmoore,668,priest,discipline,18,7,11
Isoris,hyjal,668,priest,discipline,18,7,11
Lacaena,deathwing,668,priest,discipline,18,7,11
Míjagí,blackhand,668,priest,discipline,22,8,14
Romelu,archimonde,666,priest,discipline,18,7,11
Avor,hellfire,665,priest,discipline,12,7,5
Attiny,draenor,665,priest,discipline,36,7,29
Timmemeep,outland,663,priest,discipline,18,7,11
Malorian,khadgar,662,priest,discipline,18,7,11
Camellight,stormscale,661,priest,discipline,18,7,11
Lubdub,drakthul,659,priest,discipline,18,7,11
Vatizinium,veklor,655,priest,discipline,17,7,10
Хилогайка,howling-fjord,652,priest,discipline,33,11,22
Samimnot,ravencrest,639,priest,discipline,14,8,6
Dapope,drakthul,639,priest,discipline,17,7,10
Kayeenie,bloodscalp,639,priest,discipline,22,7,15
Yazzyz,eredar,639,priest,discipline,23,7,16
Rulz,zuluhed,636,priest,discipline,17,7,10
Sigor,hellfire,634,priest,discipline,11,7,4
Nepheliel,ysondre,628,priest,discipline,12,8,4
Ysteriagødx,twisting-nether,624,priest,discipline,15,8,7
Submexoxo,archimonde,624,priest,discipline,15,7,8
Spaghettoni,tarren-mill,623,priest,discipline,17,7,10
Cezzar,kazzak,622,priest,discipline,11,7,4
Якакиисус,gordunni,622,priest,discipline,21,7,14
Darktattoo,twisting-nether,621,priest,discipline,21,8,13
Argôs,ravencrest,620,priest,discipline,14,8,6
Voilencia,kazzak,620,priest,discipline,21,7,14
Makrophage,mannoroth,618,priest,discipline,16,8,8
Triuna,sylvanas,618,priest,discipline,23,9,14
Shymouni,norgannon,606,priest,discipline,13,8,5
Ziaz,the-maelstrom,606,priest,discipline,16,7,9
Atibarát,hellfire,605,priest,discipline,16,7,9
Пофанчику,soulflayer,597,priest,discipline,35,14,21
Трахмэйстер,gordunni,596,priest,discipline,11,7,4
Lyrvatwo,ravencrest,592,priest,discipline,13,7,6
Diccen,twilights-hammer,592,priest,discipline,13,7,6
Papkalácss,hellfire,591,priest,discipline,11,7,4
Andhoras,dalaran,591,priest,discipline,11,7,4
Leåh,ravencrest,576,priest,discipline,6,6,0
Vèrcs,silvermoon,576,priest,discipline,6,6,0
Illiest,ravencrest,576,priest,discipline,6,6,0
Táliss,arthas,576,priest,discipline,6,6,0
Deyxq,lothar,576,priest,discipline,6,6,0
Scrubydoo,ravencrest,576,priest,discipline,6,6,0
Grandpatea,silvermoon,576,priest,discipline,6,6,0
Nadoreille,hyjal,576,priest,discipline,6,6,0
Brainwashed,malorne,576,priest,discipline,10,7,3
Randpriets,nemesis,576,priest,discipline,12,6,6
Ballarr,burning-legion,576,priest,discipline,12,6,6
Ahyha,ravencrest,576,priest,discipline,12,6,6
Jesper,outland,576,priest,discipline,12,6,6
Sensimiya,dalaran,576,priest,discipline,12,6,6
Rune,ravencrest,576,priest,discipline,12,6,6
Lafap,eredar,576,priest,discipline,12,6,6
Nyxara,outland,576,priest,discipline,12,6,6
Nelyø,destromath,576,priest,discipline,12,6,6
Popor,archimonde,576,priest,discipline,12,6,6
Becknarbritt,stormscale,576,priest,discipline,12,6,6
Родохрозит,blackscar,576,priest,discipline,12,6,6
Calah,frostwhisper,576,priest,discipline,12,6,6
Azazzel,nathrezim,576,priest,discipline,12,6,6
Zeksii,kazzak,576,priest,discipline,12,6,6
Resuscitator,spinebreaker,576,priest,discipline,12,6,6
Jaylove,frostwolf,576,priest,discipline,12,6,6
Boysa,earthen-ring,576,priest,discipline,12,6,6
Fästrak,dalaran,576,priest,discipline,12,6,6
Wush,tarren-mill,576,priest,discipline,12,6,6
Redpriestess,kazzak,576,priest,discipline,12,6,6
Йодтс,soulflayer,576,priest,discipline,12,6,6
Ranagöl,ragnaros,576,priest,discipline,12,6,6
Ryyne,ravencrest,576,priest,discipline,12,6,6
Stee,sylvanas,576,priest,discipline,12,6,6
Whattson,colinas-pardas,576,priest,discipline,12,6,6
Alshah,emerald-dream,576,priest,discipline,12,6,6
Johnblack,dun-morogh,576,priest,discipline,12,6,6
Vladhealsyou,outland,576,priest,discipline,12,6,6
Sinfulmaze,outland,576,priest,discipline,12,6,6
Shadowzrip,twilights-hammer,576,priest,discipline,12,6,6
Vorsie,tarren-mill,576,priest,discipline,12,6,6
Vendormeq,darkspear,576,priest,discipline,12,6,6
Pøh,kilrogg,576,priest,discipline,12,6,6
Peign,eredar,576,priest,discipline,12,6,6
Mitasdi,stormscale,576,priest,discipline,12,6,6
Dunkelseele,ahnqiraj,576,priest,discipline,12,6,6
Challengepro,burning-legion,576,priest,discipline,12,6,6
Adolin,onyxia,576,priest,discipline,12,6,6
Bonzu,ravencrest,576,priest,discipline,12,6,6
Vallstwo,zuljin,576,priest,discipline,12,6,6
Kaylaylaylay,draenor,576,priest,discipline,12,6,6
Zyreenx,blackrock,576,priest,discipline,12,6,6
Steroidkidx,ravencrest,576,priest,discipline,12,6,6
Kankstery,kazzak,576,priest,discipline,12,6,6
Chrònos,das-konsortium,576,priest,discipline,12,6,6
Claudefrollo,the-maelstrom,576,priest,discipline,12,6,6
Lectrá,kazzak,576,priest,discipline,12,6,6
Melcarth,blades-edge,576,priest,discipline,12,6,6
Целитель,gordunni,576,priest,discipline,12,6,6
Shadowburst,archimonde,576,priest,discipline,12,6,6
Gwinzy,blackmoore,576,priest,discipline,12,6,6
Sejká,malganis,576,priest,discipline,12,6,6
Jaduheart,ravencrest,576,priest,discipline,12,6,6
Visàge,silvermoon,576,priest,discipline,12,6,6
Healmebaby,kiljaeden,576,priest,discipline,12,6,6
Eviscerätor,draenor,576,priest,discipline,12,6,6
Whynolove,ragnaros,576,priest,discipline,12,6,6
Ðèvì,ravencrest,576,priest,discipline,12,6,6
Rotulos,stormrage,576,priest,discipline,12,6,6
Seemywatch,ungoro,576,priest,discipline,12,6,6
Supernal,twisting-nether,576,priest,discipline,12,6,6
Msbald,shattered-hand,576,priest,discipline,12,6,6
Dødy,hyjal,576,priest,discipline,12,6,6
Juîcycheeks,frostwolf,576,priest,discipline,12,6,6
Scarylol,blackmoore,576,priest,discipline,12,6,6
Димавампирик,howling-fjord,576,priest,discipline,12,6,6
Stuhlgänger,blackhand,576,priest,discipline,12,6,6
Whitemask,kazzak,576,priest,discipline,12,6,6
Skjelett,stormscale,576,priest,discipline,12,6,6
Healinrbglol,blackmoore,576,priest,discipline,12,6,6
Abyl,nethersturm,576,priest,discipline,12,6,6
Tâssên,kazzak,576,priest,discipline,12,6,6
Neverswap,blackmoore,576,priest,discipline,12,6,6
Chalecø,dun-modr,576,priest,discipline,12,6,6
Ènma,archimonde,576,priest,discipline,12,6,6
Thaykza,blackmoore,576,priest,discipline,12,6,6
Kintsugí,ragnaros,576,priest,discipline,12,6,6
Vulreth,culte-de-la-rive-noire,576,priest,discipline,12,6,6
Yllaenia,twisting-nether,576,priest,discipline,12,6,6
Vhis,ragnaros,576,priest,discipline,12,6,6
Ilovepmr,outland,576,priest,discipline,12,6,6
Nolosme,blackrock,576,priest,discipline,12,6,6
Вакидзачи,gordunni,576,priest,discipline,12,6,6
Iqy,kazzak,576,priest,discipline,15,7,8
Naìt,ragnaros,576,priest,discipline,15,7,8
Wixzyx,ravencrest,576,priest,discipline,16,6,10
Волия,gordunni,576,priest,discipline,17,6,11
Prarch,sylvanas,576,priest,discipline,18,6,12
Hazedoktor,twisting-nether,576,priest,discipline,18,6,12
Zinzo,frostwolf,576,priest,discipline,18,6,12
Altargirl,defias-brotherhood,576,priest,discipline,18,6,12
Veilon,defias-brotherhood,576,priest,discipline,18,6,12
Nakenhäst,ravencrest,576,priest,discipline,18,6,12
Limbas,dun-modr,576,priest,discipline,18,6,12
Сашашвд,howling-fjord,576,priest,discipline,18,6,12
Vrêth,blackmoore,576,priest,discipline,18,6,12
Abrakahudder,tarren-mill,576,priest,discipline,18,6,12
Frida,blackrock,576,priest,discipline,18,6,12
Бичиотаке,azuregos,576,priest,discipline,18,6,12
Alros,elune,576,priest,discipline,18,6,12
Deadbishop,kazzak,576,priest,discipline,18,6,12
Brainbadly,aegwynn,576,priest,discipline,18,6,12
Швдшка,howling-fjord,576,priest,discipline,18,6,12
Sordag,lordaeron,576,priest,discipline,18,6,12
Униакт,gordunni,576,priest,discipline,18,6,12
Onaltnoqs,silvermoon,576,priest,discipline,18,6,12
Velri,runetotem,576,priest,discipline,18,6,12
Eclaír,blackhand,576,priest,discipline,18,6,12
Декорий,soulflayer,576,priest,discipline,18,6,12
Yoloswaglørd,blackmoore,576,priest,discipline,18,6,12
Cinjá,thrall,576,priest,discipline,19,6,13
Alwiel,kazzak,576,priest,discipline,24,6,18
Adallon,blackmoore,576,priest,discipline,24,6,18
Dunbaltaris,blackrock,576,priest,discipline,24,6,18
Deadonmyscrn,ravencrest,575,priest,discipline,6,6,0
Holytang,grim-batol,575,priest,discipline,6,6,0
Sørney,aegwynn,575,priest,discipline,9,7,2
Ðotgød,nemesis,575,priest,discipline,12,6,6
Hâmmel,blackrock,575,priest,discipline,12,6,6
Hmanco,burning-legion,575,priest,discipline,12,6,6
Brronxx,frostwolf,575,priest,discipline,12,6,6
Grazz,grim-batol,575,priest,discipline,12,6,6
Hailor,blackmoore,575,priest,discipline,12,6,6
Tira,darksorrow,575,priest,discipline,12,6,6
Kipnuggetz,burning-legion,575,priest,discipline,12,6,6
Vastüdö,ragnaros,575,priest,discipline,12,6,6
Priestvnr,hyjal,575,priest,discipline,12,6,6
Ezrox,neptulon,575,priest,discipline,12,6,6
Hensynsløs,draenor,575,priest,discipline,12,6,6
Ponpon,onyxia,575,priest,discipline,12,6,6
Кравос,soulflayer,575,priest,discipline,12,6,6
Derathon,eredar,575,priest,discipline,12,6,6
Lichtl,ysera,575,priest,discipline,12,6,6
Allotment,silvermoon,575,priest,discipline,12,6,6
Makariotatos,xavius,575,priest,discipline,12,6,6
Zembowae,drakthul,575,priest,discipline,12,6,6
Скорлупкина,gordunni,575,priest,discipline,12,6,6
Чикхоп,blackscar,575,priest,discipline,12,6,6
Handmännchen,kelthuzad,575,priest,discipline,12,6,6
Noxxill,eredar,575,priest,discipline,12,6,6
Tëmärï,ravencrest,575,priest,discipline,12,6,6
Flackiepi,tarren-mill,575,priest,discipline,12,6,6
Hypnòz,archimonde,575,priest,discipline,12,6,6
Îlkari,hyjal,575,priest,discipline,12,6,6
Лерасапорт,gordunni,575,priest,discipline,12,6,6
Highlightss,outland,575,priest,discipline,12,6,6
Mertérésa,hyjal,575,priest,discipline,12,6,6
Bauscia,nemesis,575,priest,discipline,12,6,6
Могвайи,soulflayer,575,priest,discipline,12,6,6
Insicompany,antonidas,575,priest,discipline,12,6,6
Bigbootyheal,silvermoon,575,priest,discipline,12,6,6
Thehealer,twisting-nether,575,priest,discipline,18,6,12
Crop,nemesis,575,priest,discipline,18,6,12
Dilbert,twilights-hammer,575,priest,discipline,18,6,12
Каэден,blackscar,575,priest,discipline,18,6,12
Castêr,silvermoon,575,priest,discipline,18,6,12
Juco,draenor,575,priest,discipline,18,6,12
Priestbiyy,sunstrider,575,priest,discipline,18,6,12
Вэстервилли,howling-fjord,575,priest,discipline,24,6,18
Tindoriel,bronzebeard,574,priest,discipline,12,6,6
Leonard,nemesis,574,priest,discipline,12,6,6
Vebuya,blackmoore,574,priest,discipline,12,6,6
Preacia,twisting-nether,574,priest,discipline,12,6,6
Dontouch,nemesis,574,priest,discipline,12,6,6
Fimor,die-nachtwache,574,priest,discipline,12,6,6
Faderken,tarren-mill,574,priest,discipline,12,6,6
Velanrous,kazzak,574,priest,discipline,12,6,6
Pilip,dragonmaw,574,priest,discipline,12,6,6
Avinci,blackrock,574,priest,discipline,12,6,6
Zielonymisiu,burning-legion,574,priest,discipline,12,6,6
Prigart,sylvanas,574,priest,discipline,18,6,12
Pæx,antonidas,574,priest,discipline,18,6,12
Muftl,thrall,574,priest,discipline,18,6,12
Easxyx,veklor,573,priest,discipline,6,6,0
Tycrael,hyjal,573,priest,discipline,12,6,6
Këller,hyjal,573,priest,discipline,12,6,6
Snowlhad,argent-dawn,573,priest,discipline,18,6,12
Lolenjoyer,ravencrest,573,priest,discipline,18,6,12
Priestmrt,doomhammer,573,priest,discipline,18,6,12
Hólyeárth,twisting-nether,573,priest,discipline,18,6,12
Wanah,ravencrest,573,priest,discipline,24,6,18
Kelthurus,die-nachtwache,572,priest,discipline,12,6,6
Eronnsalis,burning-legion,572,priest,discipline,12,6,6
Jimcarre,eredar,572,priest,discipline,12,6,6
Loriny,ragnaros,572,priest,discipline,14,6,8
Sildane,kirin-tor,572,priest,discipline,18,6,12
Glutenhode,stormscale,571,priest,discipline,12,6,6
Lunacarle,zuljin,571,priest,discipline,17,7,10
Крайне,soulflayer,571,priest,discipline,18,6,12
Chaniu,throkferoth,571,priest,discipline,18,6,12
Thechieftain,twilights-hammer,570,priest,discipline,12,6,6
Bojestvena,neptulon,570,priest,discipline,18,6,12
Mijola,thrall,565,priest,discipline,12,6,6
Adolosh,thrall,560,priest,discipline,18,6,12
Ahbe,stormscale,559,priest,discipline,11,6,5
Døline,hyjal,543,priest,discipline,11,6,5
Jumpaxx,archimonde,543,priest,discipline,17,6,11
Jasty,nemesis,543,priest,discipline,23,6,17
Clescy,ravencrest,542,priest,discipline,11,6,5
Lemowae,doomhammer,542,priest,discipline,22,6,16
Nàvy,archimonde,528,priest,discipline,15,6,9
Nécromant,frostwolf,527,priest,discipline,9,7,2
Adare,sanguino,527,priest,discipline,11,6,5
Cárith,nemesis,522,priest,discipline,16,7,9
Demmi,dun-modr,522,priest,discipline,22,7,15
Hiliom,ahnqiraj,522,priest,discipline,29,9,20
Полуниця,galakrond,522,priest,discipline,23,7,16
Xotz,thrall,521,priest,discipline,15,8,7
Isson,earthen-ring,519,priest,discipline,19,7,12
Cummask,silvermoon,512,priest,discipline,16,6,10
Никорете,soulflayer,511,priest,discipline,11,6,5
Duwendu,drakthul,510,priest,discipline,11,6,5
Thimble,blackhand,510,priest,discipline,19,6,13
Figpucker,silvermoon,496,priest,discipline,13,6,7
Гачидварфич,gordunni,480,priest,discipline,6,5,1
Loldisc,arthas,480,priest,discipline,6,5,1
Sorchad,hyjal,480,priest,discipline,6,5,1
Warm,auchindoun,480,priest,discipline,6,5,1
Eagleess,silvermoon,480,priest,discipline,6,5,1
Нэриэлл,gordunni,480,priest,discipline,6,5,1
Darkfreak,malygos,480,priest,discipline,6,5,1
Whopzi,blackmoore,480,priest,discipline,6,5,1
Ounxx,blackrock,480,priest,discipline,6,5,1
Trippinorbs,stormscale,480,priest,discipline,6,5,1
Instantcasts,ravencrest,480,priest,discipline,6,5,1
Bec,ragnaros,480,priest,discipline,6,5,1
Usermane,ravencrest,480,priest,discipline,6,5,1
Nttyfromohio,ravencrest,480,priest,discipline,6,5,1
Finiskram,sylvanas,480,priest,discipline,6,5,1
Dhalsim,the-shatar,480,priest,discipline,6,5,1
Söultaker,ravencrest,480,priest,discipline,6,5,1
Lamp,terokkar,480,priest,discipline,6,5,1
Êliten,tarren-mill,480,priest,discipline,6,5,1
Vampiro,blackhand,480,priest,discipline,6,5,1
Ronnmoss,defias-brotherhood,480,priest,discipline,6,5,1
Nayballistic,tarren-mill,480,priest,discipline,6,5,1
Moonacky,bronze-dragonflight,480,priest,discipline,6,5,1
Jesslol,archimonde,480,priest,discipline,6,5,1
Daniriuz,minahonda,480,priest,discipline,6,5,1
Swep,ragnaros,480,priest,discipline,6,5,1
Insaner,ahnqiraj,480,priest,discipline,6,5,1
Playax,silvermoon,480,priest,discipline,12,5,7
Radulfus,stormrage,480,priest,discipline,12,5,7
Krìnzy,illidan,480,priest,discipline,12,5,7
Jupilen,chogall,480,priest,discipline,12,5,7
Chebaben,argent-dawn,480,priest,discipline,12,5,7
Seskipr,stormreaver,480,priest,discipline,12,5,7
Faloty,draenor,480,priest,discipline,12,5,7
Selí,die-aldor,480,priest,discipline,12,5,7
Wontdispel,ravencrest,480,priest,discipline,12,5,7
Pwsx,draenor,480,priest,discipline,12,5,7
Allaría,bronze-dragonflight,480,priest,discipline,12,5,7
Sbj,bronze-dragonflight,480,priest,discipline,12,5,7
Dsyleixa,archimonde,480,priest,discipline,12,5,7
Libertero,drakthul,480,priest,discipline,12,5,7
Chaapsbbq,archimonde,480,priest,discipline,12,5,7
Вегельдэрс,gordunni,480,priest,discipline,12,5,7
Rabbai,ravencrest,480,priest,discipline,12,5,7
Hyonra,kazzak,480,priest,discipline,12,5,7
Urizal,defias-brotherhood,480,priest,discipline,12,5,7
Djleapgødx,twisting-nether,480,priest,discipline,12,5,7
Suaakypriest,tyrande,480,priest,discipline,12,5,7
Skyland,emeriss,480,priest,discipline,12,5,7
Akhaida,argent-dawn,480,priest,discipline,12,5,7
Kolsy,twisting-nether,480,priest,discipline,12,5,7
Moeshy,kazzak,480,priest,discipline,12,5,7
Discgødx,thrall,480,priest,discipline,12,5,7
Healysith,archimonde,480,priest,discipline,12,5,7
Bonsoin,kirin-tor,480,priest,discipline,12,5,7
Funzies,doomhammer,480,priest,discipline,12,5,7
Merkabah,azjolnerub,480,priest,discipline,12,5,7
Litera,silvermoon,480,priest,discipline,12,5,7
Саксесфул,howling-fjord,480,priest,discipline,12,5,7
Haffination,frostmane,480,priest,discipline,12,5,7
Delinsx,outland,480,priest,discipline,12,5,7
Gorti,ravencrest,480,priest,discipline,12,5,7
Muradawg,nemesis,480,priest,discipline,12,5,7
Shadew,stormscale,480,priest,discipline,12,5,7
Shyvi,ravencrest,480,priest,discipline,12,5,7
Bimbax,dun-modr,480,priest,discipline,12,5,7
Missbarbados,blackmoore,480,priest,discipline,12,5,7
Вайтбласт,howling-fjord,480,priest,discipline,12,5,7
Roylian,ravencrest,480,priest,discipline,12,5,7
Nakenhäst,stormscale,480,priest,discipline,12,5,7
Æøí,blackmoore,480,priest,discipline,12,5,7
Twitty,argent-dawn,480,priest,discipline,12,5,7
Graveyards,tarren-mill,480,priest,discipline,12,5,7
Kryckmongo,tarren-mill,480,priest,discipline,12,5,7
Donbas,tarren-mill,480,priest,discipline,12,5,7
Khoria,drakthul,480,priest,discipline,12,5,7
Massasax,kazzak,480,priest,discipline,12,5,7
Cronershadow,stormscale,480,priest,discipline,12,5,7
Ajaxfreak,blackmoore,480,priest,discipline,12,5,7
Yö,stormscale,480,priest,discipline,12,5,7
Абсорбиболь,howling-fjord,480,priest,discipline,12,5,7
Tessaben,silvermoon,480,priest,discipline,12,5,7
Miabelle,argent-dawn,480,priest,discipline,12,5,7
Meheal,lothar,480,priest,discipline,12,5,7
Jeboc,ravencrest,480,priest,discipline,12,5,7
Katsikatsika,silvermoon,480,priest,discipline,12,5,7
Späxxi,amanthul,480,priest,discipline,12,5,7
Navihato,silvermoon,480,priest,discipline,12,5,7
Saphèa,burning-legion,480,priest,discipline,12,5,7
Borgamor,frostmane,480,priest,discipline,12,5,7
Лизота,gordunni,480,priest,discipline,12,5,7
Babloche,archimonde,480,priest,discipline,12,5,7
Karpi,twisting-nether,480,priest,discipline,12,5,7
Уер,galakrond,480,priest,discipline,12,5,7
Hollylicious,kazzak,480,priest,discipline,12,5,7
Grozozo,tarren-mill,480,priest,discipline,12,5,7
Holydoughnut,stormscale,480,priest,discipline,12,5,7
Æðwyñ,ragnaros,480,priest,discipline,12,5,7
Люциусмелфой,howling-fjord,480,priest,discipline,12,5,7
Bibleenjoyer,blackmoore,480,priest,discipline,12,5,7
Забейка,howling-fjord,480,priest,discipline,12,5,7
Kaleshiry,kazzak,480,priest,discipline,12,5,7
Mariahscarey,blackhand,480,priest,discipline,12,5,7
Døtzillah,kazzak,480,priest,discipline,12,5,7
Tothegrave,draenor,480,priest,discipline,12,5,7
Mayday,silvermoon,480,priest,discipline,12,5,7
Ghettothug,darksorrow,480,priest,discipline,12,5,7
Nyù,kazzak,480,priest,discipline,12,5,7
Brøwney,blackmoore,480,priest,discipline,12,5,7
Tsipaz,outland,480,priest,discipline,12,5,7
Nayballsp,tarren-mill,480,priest,discipline,12,5,7
Seankingkong,ravencrest,480,priest,discipline,12,5,7
Cirøpriest,ravencrest,480,priest,discipline,12,5,7
Djplay,aegwynn,480,priest,discipline,12,5,7
Magthalor,twisting-nether,480,priest,discipline,12,5,7
Luxør,blackrock,480,priest,discipline,12,5,7
Yukîna,blackrock,480,priest,discipline,12,5,7
Terstyana,hyjal,480,priest,discipline,12,5,7
Lunatrix,sanguino,480,priest,discipline,12,5,7
Ameja,sylvanas,480,priest,discipline,13,5,8
Avp,the-maelstrom,480,priest,discipline,18,5,13
Kehz,ysondre,480,priest,discipline,18,5,13
Góli,argent-dawn,480,priest,discipline,18,5,13
Momopriesto,draenor,480,priest,discipline,18,5,13
Taimani,burning-legion,480,priest,discipline,18,5,13
Savíour,kazzak,480,priest,discipline,18,5,13
Карбонит,fordragon,480,priest,discipline,18,5,13
Iskáral,frostmourne,480,priest,discipline,18,5,13
Элизабетшорт,soulflayer,480,priest,discipline,18,5,13
Zeslash,suramar,480,priest,discipline,18,5,13
Kalór,kult-der-verdammten,480,priest,discipline,18,5,13
Ча,thermaplugg,480,priest,discipline,18,5,13
Sarinà,archimonde,480,priest,discipline,24,5,19
Blackwidow,chromaggus,480,priest,discipline,24,5,19
Elpitiimigré,sinstralis,479,priest,discipline,6,5,1
Colte,dalaran,479,priest,discipline,6,5,1
Shyvannas,antonidas,479,priest,discipline,12,5,7
Darknëss,malganis,479,priest,discipline,12,5,7
Haiga,zuljin,479,priest,discipline,12,5,7
Pontiff,the-maelstrom,479,priest,discipline,12,5,7
Kaladriel,die-aldor,479,priest,discipline,12,5,7
Flappí,argent-dawn,479,priest,discipline,12,5,7
Tedcrilly,dentarg,479,priest,discipline,12,5,7
Pluf,nefarian,479,priest,discipline,12,5,7
Røläck,ragnaros,479,priest,discipline,12,5,7
Elunerei,tarren-mill,479,priest,discipline,12,5,7
Aethiel,drakthul,479,priest,discipline,12,5,7
Upsbro,outland,479,priest,discipline,12,5,7
Helming,magtheridon,479,priest,discipline,12,5,7
Sanoe,twisting-nether,479,priest,discipline,12,5,7
Jessicar,the-maelstrom,479,priest,discipline,12,5,7
Шпалкоклоб,soulflayer,479,priest,discipline,12,5,7
Cobrix,nemesis,479,priest,discipline,12,5,7
Ethylene,ysondre,479,priest,discipline,12,5,7
Renesmè,archimonde,479,priest,discipline,12,5,7
Velenthøs,argent-dawn,479,priest,discipline,12,5,7
Bòóny,ravencrest,479,priest,discipline,12,5,7
Konantenshi,doomhammer,479,priest,discipline,12,5,7
Haigoku,archimonde,479,priest,discipline,12,5,7
Sewerperson,doomhammer,479,priest,discipline,12,5,7
Piotrek,hyjal,479,priest,discipline,12,5,7
Tota,frostmane,479,priest,discipline,12,5,7
Zonar,eitrigg,479,priest,discipline,12,5,7
Obeliskprist,kazzak,479,priest,discipline,12,5,7
Velenthan,stormrage,479,priest,discipline,12,5,7
Slight,aggra-português,479,priest,discipline,12,5,7
Bldnl,ragnaros,479,priest,discipline,15,6,9
Dúréx,sanguino,479,priest,discipline,15,6,9
Warkez,terokkar,479,priest,discipline,14,5,9
Lightless,baelgun,479,priest,discipline,17,5,12
Seehz,ysondre,479,priest,discipline,18,5,13
Antiexhile,kazzak,479,priest,discipline,18,5,13
Floory,twisting-nether,479,priest,discipline,18,5,13
Aká,kazzak,479,priest,discipline,18,5,13
Sleeyz,blackmoore,479,priest,discipline,24,5,19
Avesatana,khadgar,478,priest,discipline,6,5,1
Hotwheal,ysondre,478,priest,discipline,12,5,7
Patoroch,terokkar,478,priest,discipline,18,5,13
Oknelim,blackmoore,477,priest,discipline,12,5,7
Arathiell,nordrassil,477,priest,discipline,12,5,7
Feloriya,antonidas,476,priest,discipline,12,5,7
Phosphorus,blackhand,476,priest,discipline,12,5,7
Ifkströmsund,stormscale,476,priest,discipline,12,5,7
Rettsche,eredar,475,priest,discipline,12,5,7
Wipipi,draenor,474,priest,discipline,12,5,7
Regenerous,bloodhoof,471,priest,discipline,12,5,7
Рнкх,lich-king,448,priest,discipline,16,5,11
Zakkypriest,tarren-mill,447,priest,discipline,11,5,6
Hitaro,antonidas,447,priest,discipline,11,5,6
Dhed,turalyon,447,priest,discipline,14,6,8
Chooser,stormscale,447,priest,discipline,14,6,8
Sandgambler,draenor,432,priest,discipline,9,5,4
Äliénør,khaz-modan,426,priest,discipline,17,7,10
Kak,gorgonnash,426,priest,discipline,19,6,13
Holybøi,ragnaros,426,priest,discipline,29,7,22
Шруня,howling-fjord,400,priest,discipline,24,5,19
Stàrlîght,chants-éternels,399,priest,discipline,5,5,0
Erfofthesop,chants-éternels,384,priest,discipline,6,4,2
Barbïelolz,sargeras,384,priest,discipline,6,4,2
Zumbae,tarren-mill,384,priest,discipline,6,4,2
Mit,tarren-mill,384,priest,discipline,6,4,2
Priesturz,aggramar,384,priest,discipline,6,4,2
Хъи,gordunni,384,priest,discipline,6,4,2
Møelester,antonidas,384,priest,discipline,6,4,2
Darkoulito,dalaran,384,priest,discipline,6,4,2
Goblingøs,ravencrest,384,priest,discipline,6,4,2
Vizire,ravencrest,384,priest,discipline,6,4,2
Dshara,the-maelstrom,384,priest,discipline,6,4,2
Papêrcut,kazzak,384,priest,discipline,6,4,2
Toasttwo,kazzak,384,priest,discipline,6,4,2
Above,hyjal,384,priest,discipline,6,4,2
Imaut,emerald-dream,384,priest,discipline,6,4,2
Priestutute,tarren-mill,384,priest,discipline,6,4,2
Experimentix,silvermoon,384,priest,discipline,6,4,2
Discomarcel,burning-legion,384,priest,discipline,6,4,2
Buerak,tarren-mill,384,priest,discipline,6,4,2
Cheesegód,outland,384,priest,discipline,6,4,2
Pisso,outland,384,priest,discipline,6,4,2
Discih,ragnaros,384,priest,discipline,6,4,2
Pankp,kazzak,384,priest,discipline,6,4,2
Robiee,twisting-nether,384,priest,discipline,6,4,2
Deadlyhealer,draenor,384,priest,discipline,6,4,2
Бархомелфой,gordunni,384,priest,discipline,6,4,2
Sîlfa,hyjal,384,priest,discipline,6,4,2
Badballs,doomhammer,384,priest,discipline,6,4,2
Sede,silvermoon,384,priest,discipline,6,4,2
Кхарли,howling-fjord,384,priest,discipline,6,4,2
Yukirito,drakthul,384,priest,discipline,6,4,2
Luxurygirl,nemesis,384,priest,discipline,6,4,2
Ilovecala,ravencrest,384,priest,discipline,6,4,2
Xqzmydotz,outland,384,priest,discipline,6,4,2
Binno,outland,384,priest,discipline,6,4,2
Lergdaddy,zenedar,384,priest,discipline,6,4,2
Cerdapriesst,dun-modr,384,priest,discipline,6,4,2
Onceup,thrall,384,priest,discipline,6,4,2
Flaynbones,tarren-mill,384,priest,discipline,6,4,2
Mvce,outland,384,priest,discipline,6,4,2
Rýzera,tarren-mill,384,priest,discipline,6,4,2
Topdamage,stormscale,384,priest,discipline,6,4,2
Nesar,stormscale,384,priest,discipline,6,4,2
Dimentions,sylvanas,384,priest,discipline,6,4,2
Данке,soulflayer,384,priest,discipline,6,4,2
Gimcho,magtheridon,384,priest,discipline,6,4,2
Challa,magtheridon,384,priest,discipline,6,4,2
Appraiser,draenor,384,priest,discipline,6,4,2
Gravedoll,draenor,384,priest,discipline,6,4,2
Ocastia,antonidas,384,priest,discipline,6,4,2
Malfredx,stormscale,384,priest,discipline,6,4,2
ßlinkywinky,outland,384,priest,discipline,6,4,2
Belfu,twisting-nether,384,priest,discipline,6,4,2
Sïgmund,draenor,384,priest,discipline,6,4,2
Jaisuu,ravencrest,384,priest,discipline,6,4,2
Thean,twilights-hammer,384,priest,discipline,6,4,2
Bosco,kult-der-verdammten,384,priest,discipline,6,4,2
Prioheal,hyjal,384,priest,discipline,6,4,2
Umbralx,ragnaros,384,priest,discipline,6,4,2
Ðapperðan,draenor,384,priest,discipline,6,4,2
Çhéåtçødé,ravencrest,384,priest,discipline,6,4,2
Iirina,draenor,384,priest,discipline,6,4,2
Piixld,aegwynn,384,priest,discipline,6,4,2
Félrebarmok,ragnaros,384,priest,discipline,6,4,2
Sleepzqt,blackrock,384,priest,discipline,6,4,2
Mylox,blackrock,384,priest,discipline,6,4,2
Bhlad,silvermoon,384,priest,discipline,6,4,2
Acarru,stormscale,384,priest,discipline,6,4,2
Frekko,outland,384,priest,discipline,6,4,2
Madclownz,blackrock,384,priest,discipline,6,4,2
Giffelgrethe,sylvanas,384,priest,discipline,6,4,2
Hadk,blackrock,384,priest,discipline,6,4,2
Büssi,blackrock,384,priest,discipline,6,4,2
Babambaba,sylvanas,384,priest,discipline,6,4,2
Magicstarss,the-maelstrom,384,priest,discipline,6,4,2
Sàyaa,draenor,384,priest,discipline,6,4,2
Xsp,dun-modr,384,priest,discipline,6,4,2
Pdead,kazzak,384,priest,discipline,6,4,2
Noxoth,amanthul,384,priest,discipline,6,4,2
Purplex,aggra-português,384,priest,discipline,6,4,2
Nällytq,nefarian,384,priest,discipline,6,4,2
Srysx,nazjatar,384,priest,discipline,6,4,2
Abî,frostwolf,384,priest,discipline,9,5,4
Shadowuknow,silvermoon,384,priest,discipline,9,4,5
Dominos,thrall,384,priest,discipline,12,4,8
Xaeroow,archimonde,384,priest,discipline,12,4,8
Amèn,archimonde,384,priest,discipline,12,4,8
Sabakk,archimonde,384,priest,discipline,12,4,8
Ankî,aegwynn,384,priest,discipline,12,4,8
Drdré,blackrock,384,priest,discipline,12,4,8
Raybangx,blackrock,384,priest,discipline,12,4,8
Hombre,anetheron,384,priest,discipline,12,4,8
Crenî,blackrock,384,priest,discipline,12,4,8
Thesunbeam,silvermoon,384,priest,discipline,12,4,8
Арейша,gordunni,384,priest,discipline,12,4,8
Велост,gordunni,384,priest,discipline,12,4,8
Priestqt,kelthuzad,384,priest,discipline,12,4,8
Whatspray,drakthul,384,priest,discipline,12,4,8
Shîn,aegwynn,384,priest,discipline,12,4,8
Sorrop,sanguino,384,priest,discipline,12,4,8
Solerona,blackmoore,384,priest,discipline,12,4,8
Zastyx,drakthul,384,priest,discipline,12,4,8
Holyorshadow,drakthul,384,priest,discipline,12,4,8
Mercila,drakthul,384,priest,discipline,12,4,8
Mariio,blackmoore,384,priest,discipline,12,4,8
Soleyy,outland,384,priest,discipline,12,4,8
Фруктовыйса,gordunni,384,priest,discipline,12,4,8
Sls,sylvanas,384,priest,discipline,12,4,8
Марина,howling-fjord,384,priest,discipline,12,4,8
Lothbruke,twisting-nether,384,priest,discipline,12,4,8
Absolution,stormscale,384,priest,discipline,12,4,8
Johen,terenas,384,priest,discipline,12,4,8
Seskip,stormreaver,384,priest,discipline,12,4,8
Corthas,sporeggar,384,priest,discipline,12,4,8
Holykebab,defias-brotherhood,384,priest,discipline,12,4,8
Mérce,kazzak,384,priest,discipline,12,4,8
Druzhok,sylvanas,384,priest,discipline,12,4,8
Ojh,defias-brotherhood,384,priest,discipline,12,4,8
Иннрей,soulflayer,384,priest,discipline,12,4,8
Lalock,grim-batol,384,priest,discipline,12,4,8
Predpriest,twisting-nether,384,priest,discipline,12,4,8
Azriael,draenor,384,priest,discipline,12,4,8
Rîîper,khaz-modan,384,priest,discipline,12,4,8
Xýz,tarren-mill,384,priest,discipline,12,4,8
Goatrocker,kazzak,384,priest,discipline,12,4,8
Chigreru,uldum,384,priest,discipline,12,4,8
Luznywiesiek,burning-legion,384,priest,discipline,12,4,8
Çelph,silvermoon,384,priest,discipline,12,4,8
Toasttrii,outland,384,priest,discipline,12,4,8
Asdfsds,kazzak,384,priest,discipline,12,4,8
Ревентонх,howling-fjord,384,priest,discipline,12,4,8
Tjackmackann,kazzak,384,priest,discipline,12,4,8
Capslk,ravencrest,384,priest,discipline,12,4,8
Заак,howling-fjord,384,priest,discipline,12,4,8
Vicetøne,stormscale,384,priest,discipline,12,4,8
Сайлентхилл,howling-fjord,384,priest,discipline,12,4,8
Deathtrapx,draenor,384,priest,discipline,12,4,8
Hanrej,ravencrest,384,priest,discipline,12,4,8
Kyuuma,ravencrest,384,priest,discipline,12,4,8
Asdfgfhtjy,stormscale,384,priest,discipline,12,4,8
Rafaled,ravencrest,384,priest,discipline,12,4,8
Xayona,argent-dawn,384,priest,discipline,12,4,8
Braingames,kazzak,384,priest,discipline,12,4,8
Mukkin,tarren-mill,384,priest,discipline,12,4,8
Nordrenalin,tarren-mill,384,priest,discipline,12,4,8
Celestias,sanguino,384,priest,discipline,15,4,11
Mythaaz,archimonde,384,priest,discipline,15,4,11
Zeröone,silvermoon,384,priest,discipline,17,4,13
Shyvàree,les-clairvoyants,384,priest,discipline,18,4,14
Ulquiørra,blackmoore,384,priest,discipline,18,4,14
Sbubbi,ravencrest,384,priest,discipline,18,4,14
Superdude,stormscale,384,priest,discipline,20,4,16
Tsuser,blackrock,384,priest,discipline,24,4,20
Нуннчи,howling-fjord,383,priest,discipline,6,4,2
Enchanttress,burning-legion,383,priest,discipline,6,4,2
Plzhealme,stormscale,383,priest,discipline,6,4,2
Destally,kirin-tor,383,priest,discipline,6,4,2
Tarik,nemesis,383,priest,discipline,6,4,2
Ravend,sylvanas,383,priest,discipline,6,4,2
Hðly,doomhammer,383,priest,discipline,6,4,2
Pownme,blackmoore,383,priest,discipline,6,4,2
Дуззер,howling-fjord,383,priest,discipline,6,4,2
Vishnoo,hyjal,383,priest,discipline,6,4,2
Moonary,ravencrest,383,priest,discipline,6,4,2
Bénjamín,outland,383,priest,discipline,12,4,8
Побьюкадилом,gordunni,383,priest,discipline,12,4,8
Sânyâ,antonidas,383,priest,discipline,12,4,8
Xpect,terokkar,383,priest,discipline,12,4,8
Miriàl,outland,383,priest,discipline,12,4,8
Søs,eldrethalas,383,priest,discipline,12,4,8
Idén,quelthalas,383,priest,discipline,12,4,8
Selryna,silvermoon,383,priest,discipline,13,4,9
Mwxz,ravencrest,383,priest,discipline,18,4,14
Nefertítí,frostmane,382,priest,discipline,6,4,2
Тэтсу,greymane,382,priest,discipline,12,4,8
Muxi,kazzak,382,priest,discipline,12,4,8
Lierie,kazzak,382,priest,discipline,24,4,20
Grommyr,eredar,381,priest,discipline,12,4,8
Tephutes,ravencrest,367,priest,discipline,11,4,7
Thanil,bloodfeather,367,priest,discipline,11,4,7
Øxx,blackrock,351,priest,discipline,11,4,7
Yummelol,dun-modr,351,priest,discipline,11,4,7
Pjuww,outland,351,priest,discipline,11,4,7
Sickbo,eredar,351,priest,discipline,11,4,7
Dondonne,garona,349,priest,discipline,17,4,13
Doxxi,argent-dawn,336,priest,discipline,9,5,4
Salvatör,quelthalas,336,priest,discipline,15,5,10
Quintanaro,thrall,336,priest,discipline,15,4,11
Amanojaku,archimonde,335,priest,discipline,12,5,7
Vicønia,tarren-mill,335,priest,discipline,11,4,7
Omejan,frostmane,330,priest,discipline,8,5,3
Runay,draenor,330,priest,discipline,13,5,8
Impmvp,kazzak,330,priest,discipline,17,6,11
Косн,razuvious,330,priest,discipline,16,5,11
Valirda,twisting-nether,330,priest,discipline,18,5,13
Brainðead,aegwynn,319,priest,discipline,5,4,1
Avane,outland,319,priest,discipline,5,4,1
Tony,agamaggan,304,priest,discipline,7,4,3
Krazuk,theradras,304,priest,discipline,13,4,9
Jumpàxx,archimonde,288,priest,discipline,6,3,3
Nelakya,blackmoore,288,priest,discipline,6,3,3
Lolipopheal,blackmoore,288,priest,discipline,6,3,3
Ðeswynds,hyjal,288,priest,discipline,6,3,3
Justjuice,hyjal,288,priest,discipline,6,3,3
Bridélight,archimonde,288,priest,discipline,6,3,3
Rektom,archimonde,288,priest,discipline,6,3,3
Dãrkmedic,silvermoon,288,priest,discipline,6,3,3
Mydianá,aegwynn,288,priest,discipline,6,3,3
Beefs,blackmoore,288,priest,discipline,6,3,3
Mariahcarey,blackmoore,288,priest,discipline,6,3,3
Pwatheism,blackmoore,288,priest,discipline,6,3,3
Elmaestrø,aegwynn,288,priest,discipline,6,3,3
Hængøver,blackmoore,288,priest,discipline,6,3,3
Holymamba,silvermoon,288,priest,discipline,6,3,3
Sapue,aegwynn,288,priest,discipline,6,3,3
Caipiwtf,eredar,288,priest,discipline,6,3,3
Spklooril,hyjal,288,priest,discipline,6,3,3
Cheefto,blackmoore,288,priest,discipline,6,3,3
Ollithepope,defias-brotherhood,288,priest,discipline,6,3,3
Bottemg,defias-brotherhood,288,priest,discipline,6,3,3
Luphriest,ravencrest,288,priest,discipline,6,3,3
Sâmba,pozzo-delleternità,288,priest,discipline,6,3,3
Nabira,pozzo-delleternità,288,priest,discipline,6,3,3
Milderyp,kazzak,288,priest,discipline,6,3,3
Ònasou,silvermoon,288,priest,discipline,6,3,3
Nedex,thrall,288,priest,discipline,6,3,3
Чилюотферала,eversong,288,priest,discipline,6,3,3
Munchies,scarshield-legion,288,priest,discipline,6,3,3
Pixe,argent-dawn,288,priest,discipline,6,3,3
Missandeí,frostmane,288,priest,discipline,6,3,3
Lerissea,argent-dawn,288,priest,discipline,6,3,3
Mäésia,hyjal,288,priest,discipline,6,3,3
Тесира,blackscar,288,priest,discipline,6,3,3
Pooñ,silvermoon,288,priest,discipline,6,3,3
Биркох,blackscar,288,priest,discipline,6,3,3
ßøunty,dun-modr,288,priest,discipline,6,3,3
Santainphy,cthun,288,priest,discipline,6,3,3
Ríeka,proudmoore,288,priest,discipline,6,3,3
Холигард,grom,288,priest,discipline,6,3,3
Кхайла,blackscar,288,priest,discipline,6,3,3
Аридел,ashenvale,288,priest,discipline,6,3,3
Zofiiee,tarren-mill,288,priest,discipline,6,3,3
Ardeë,dun-modr,288,priest,discipline,6,3,3
Artemïsïa,ravencrest,288,priest,discipline,6,3,3
Permapsqtx,tarren-mill,288,priest,discipline,6,3,3
Laradiel,dun-modr,288,priest,discipline,6,3,3
Pietyberi,tichondrius,288,priest,discipline,6,3,3
Henreita,darksorrow,288,priest,discipline,6,3,3
Shieldop,eredar,288,priest,discipline,6,3,3
Nephotko,ravencrest,288,priest,discipline,6,3,3
Kamiðßlesing,sanguino,288,priest,discipline,6,3,3
Хальтэнис,gordunni,288,priest,discipline,6,3,3
Streptococus,sanguino,288,priest,discipline,6,3,3
Jazty,sanguino,288,priest,discipline,6,3,3
Zkàrb,hyjal,288,priest,discipline,6,3,3
Tyarande,tarren-mill,288,priest,discipline,6,3,3
Josva,sanguino,288,priest,discipline,6,3,3
Ästûr,sanguino,288,priest,discipline,6,3,3
Куольхд,gordunni,288,priest,discipline,6,3,3
Yillva,darkspear,288,priest,discipline,6,3,3
Shádøwx,ravencrest,288,priest,discipline,6,3,3
Seeyae,archimonde,288,priest,discipline,6,3,3
Шлёндрик,gordunni,288,priest,discipline,6,3,3
Balboa,archimonde,288,priest,discipline,6,3,3
Aethana,ravencrest,288,priest,discipline,6,3,3
Tzúú,ravencrest,288,priest,discipline,6,3,3
Besmrtna,saurfang,288,priest,discipline,6,3,3
Applepiez,ravencrest,288,priest,discipline,6,3,3
Figoluh,hyjal,288,priest,discipline,6,3,3
Felon,burning-legion,288,priest,discipline,6,3,3
Нагп,gordunni,288,priest,discipline,6,3,3
Penánce,auchindoun,288,priest,discipline,6,3,3
Hôllÿ,ysondre,288,priest,discipline,6,3,3
Ðopebwøy,burning-legion,288,priest,discipline,6,3,3
Unfayth,sylvanas,288,priest,discipline,6,3,3
Grainbames,sylvanas,288,priest,discipline,6,3,3
Zikár,kazzak,288,priest,discipline,6,3,3
Trasslarn,tarren-mill,288,priest,discipline,6,3,3
Moistmidget,frostmane,288,priest,discipline,6,3,3
Discisiipeli,sylvanas,288,priest,discipline,6,3,3
Hôtseitdank,blackrock,288,priest,discipline,6,3,3
Flet,emerald-dream,288,priest,discipline,6,3,3
Giibboo,emerald-dream,288,priest,discipline,6,3,3
Asapheal,blackmoore,288,priest,discipline,6,3,3
Rhàenyra,ravencrest,288,priest,discipline,6,3,3
Bonifacio,la-croisade-écarlate,288,priest,discipline,6,3,3
Pøsæ,uldaman,288,priest,discipline,6,3,3
Unrèål,ravencrest,288,priest,discipline,6,3,3
Balin,veklor,288,priest,discipline,6,3,3
Myrann,ravencrest,288,priest,discipline,6,3,3
Hardbowl,teldrassil,288,priest,discipline,6,3,3
Indîcâ,outland,288,priest,discipline,6,3,3
Purpl,tarren-mill,288,priest,discipline,6,3,3
Bigdamsmitex,draenor,288,priest,discipline,6,3,3
Dead,argent-dawn,288,priest,discipline,6,3,3
Åtømîç,kazzak,288,priest,discipline,6,3,3
Аферона,soulflayer,288,priest,discipline,6,3,3
Хэвидрим,soulflayer,288,priest,discipline,6,3,3
Либертадор,howling-fjord,288,priest,discipline,6,3,3
Ылрйкпмитьхх,soulflayer,288,priest,discipline,6,3,3
Ábomínatíøn,ravencrest,288,priest,discipline,6,3,3
Sehnsucht,kazzak,288,priest,discipline,6,3,3
Qzrx,draenor,288,priest,discipline,6,3,3
Noonex,hakkar,288,priest,discipline,6,3,3
Zhenni,ravencrest,288,priest,discipline,6,3,3
Decimerad,kazzak,288,priest,discipline,6,3,3
Ансор,lich-king,288,priest,discipline,6,3,3
Starships,kazzak,288,priest,discipline,6,3,3
Preodek,kazzak,288,priest,discipline,6,3,3
Nefufangirl,ravencrest,288,priest,discipline,6,3,3
Maiel,die-aldor,288,priest,discipline,6,3,3
Xixaol,drakthul,288,priest,discipline,6,3,3
Eros,illidan,288,priest,discipline,6,3,3
Zennen,ragnaros,288,priest,discipline,6,3,3
Holycowheals,the-maelstrom,288,priest,discipline,6,3,3
Zeuws,kazzak,288,priest,discipline,6,3,3
Swaggodx,blackrock,288,priest,discipline,6,3,3
Psychout,ravencrest,288,priest,discipline,6,3,3
Fatyoyo,frostwolf,288,priest,discipline,6,3,3
Discokuken,outland,288,priest,discipline,6,3,3
Iluvkiids,blackhand,288,priest,discipline,6,3,3
Lxl,veknilash,288,priest,discipline,6,3,3
Paphahaha,ragnaros,288,priest,discipline,6,3,3
Hanagaki,ragnaros,288,priest,discipline,6,3,3
Акушер,howling-fjord,288,priest,discipline,6,3,3
Микаса,howling-fjord,288,priest,discipline,6,3,3
Uwugodx,outland,288,priest,discipline,6,3,3
Depleeky,blackmoore,288,priest,discipline,6,3,3
Russianpvp,outland,288,priest,discipline,6,3,3
Qpops,twisting-nether,288,priest,discipline,6,3,3
Zorea,twisting-nether,288,priest,discipline,6,3,3
Disfinkacze,drakthul,288,priest,discipline,6,3,3
Immutable,twisting-nether,288,priest,discipline,6,3,3
Greyanna,twisting-nether,288,priest,discipline,6,3,3
Enova,twisting-nether,288,priest,discipline,6,3,3
Windieqt,drakthul,288,priest,discipline,6,3,3
Effot,twisting-nether,288,priest,discipline,6,3,3
Mahist,ravencrest,288,priest,discipline,6,3,3
Shadoxx,malganis,288,priest,discipline,6,3,3
Rustyroll,stormscale,288,priest,discipline,6,3,3
Watchmepray,stormscale,288,priest,discipline,6,3,3
Demorgon,twisting-nether,288,priest,discipline,6,3,3
Deternity,stormscale,288,priest,discipline,6,3,3
Upo,kazzak,288,priest,discipline,6,3,3
Pristel,twisting-nether,288,priest,discipline,6,3,3
Spektros,drakthul,288,priest,discipline,6,3,3
Sastry,drakthul,288,priest,discipline,6,3,3
Spatzdom,malygos,288,priest,discipline,6,3,3
Velyrium,dalaran,288,priest,discipline,6,3,3
Tsunê,ysondre,288,priest,discipline,6,3,3
Iceys,stormscale,288,priest,discipline,6,3,3
Palrins,dalaran,288,priest,discipline,6,3,3
Dumix,shadowsong,288,priest,discipline,6,3,3
Dannebrog,eonar,288,priest,discipline,6,3,3
Mindflayér,stormscale,288,priest,discipline,6,3,3
Têmplârx,stormscale,288,priest,discipline,6,3,3
Kimlie,baelgun,288,priest,discipline,10,4,6
Kasáya,thrall,288,priest,discipline,8,3,5
Priestpvp,dun-modr,288,priest,discipline,10,3,7
Madreöscura,cthun,288,priest,discipline,15,4,11
Kátîè,draenor,288,priest,discipline,12,3,9
Koshmår,stormscale,288,priest,discipline,12,3,9
Ælæx,alleria,288,priest,discipline,12,3,9
Tazting,stormscale,288,priest,discipline,12,3,9
Smitelord,outland,288,priest,discipline,12,3,9
Kalamh,marécage-de-zangar,288,priest,discipline,12,3,9
Ilovedomo,stormscale,288,priest,discipline,12,3,9
Doombrew,blackmoore,288,priest,discipline,12,3,9
Julieta,dalaran,288,priest,discipline,12,3,9
Pidarkgogo,stormscale,288,priest,discipline,12,3,9
Rennic,stormscale,288,priest,discipline,12,3,9
Momomomomomo,blackrock,288,priest,discipline,12,3,9
Biierlip,twisting-nether,288,priest,discipline,12,3,9
Raphyx,blackhand,288,priest,discipline,12,3,9
Smiteyoudown,aegwynn,288,priest,discipline,12,3,9
Голнар,deathguard,288,priest,discipline,12,3,9
Pèrejoe,arathi,288,priest,discipline,12,3,9
Riseandshine,draenor,288,priest,discipline,12,3,9
Tubercurass,hyjal,288,priest,discipline,12,3,9
Arathelle,chromaggus,288,priest,discipline,12,3,9
Saucebauss,ravencrest,288,priest,discipline,12,3,9
Djezà,archimonde,288,priest,discipline,12,3,9
Аматури,soulflayer,288,priest,discipline,12,3,9
Scarlovni,archimonde,288,priest,discipline,12,3,9
Хуанкарлосс,soulflayer,288,priest,discipline,12,3,9
Výra,der-rat-von-dalaran,288,priest,discipline,12,3,9
Crazyhealsqt,hellfire,288,priest,discipline,12,3,9
Èlvis,dun-morogh,288,priest,discipline,12,3,9
Sins,defias-brotherhood,288,priest,discipline,12,3,9
Gaehla,silvermoon,288,priest,discipline,12,3,9
Malaboost,archimonde,288,priest,discipline,12,3,9
Orkall,sylvanas,288,priest,discipline,12,3,9
Toratorap,burning-legion,288,priest,discipline,12,3,9
Déxguard,silvermoon,288,priest,discipline,12,3,9
Dizzaer,terokkar,288,priest,discipline,12,3,9
Эсминза,gordunni,288,priest,discipline,12,3,9
Ксайфир,gordunni,288,priest,discipline,12,3,9
Yaaoz,dun-modr,288,priest,discipline,12,3,9
Ðìscòñiz,hyjal,288,priest,discipline,12,3,9
Knobibobby,blackrock,288,priest,discipline,12,3,9
Absórb,quelthalas,288,priest,discipline,12,3,9
Niikki,blackrock,288,priest,discipline,12,3,9
Realdead,blackrock,288,priest,discipline,12,3,9
Венэма,azuregos,288,priest,discipline,12,3,9
Bacovia,tarren-mill,288,priest,discipline,12,3,9
Maybeexp,ravencrest,288,priest,discipline,12,3,9
Kyojin,pozzo-delleternità,288,priest,discipline,12,3,9
Løs,argent-dawn,288,priest,discipline,12,3,9
Honompa,darkmoon-faire,288,priest,discipline,12,3,9
Iòól,veknilash,288,priest,discipline,12,3,9
Krãtos,kazzak,288,priest,discipline,12,3,9
Recast,outland,288,priest,discipline,12,3,9
Хомячише,lich-king,288,priest,discipline,12,3,9
Kilmin,ravencrest,288,priest,discipline,12,3,9
Âlígés,outland,288,priest,discipline,12,3,9
Kaazaam,eredar,288,priest,discipline,12,3,9
Arttos,antonidas,288,priest,discipline,12,3,9
Moth,kazzak,288,priest,discipline,12,3,9
Mazzekeen,burning-legion,288,priest,discipline,13,3,10
Fictus,tarren-mill,288,priest,discipline,18,3,15
Holyarnold,silvermoon,288,priest,discipline,18,3,15
Methslinger,draenor,288,priest,discipline,18,3,15
Sussane,burning-blade,287,priest,discipline,6,3,3
Satyxian,draenor,287,priest,discipline,6,3,3
Hulluh,tarren-mill,287,priest,discipline,6,3,3
Bunetu,blackmoore,287,priest,discipline,6,3,3
Xkv,blackmoore,287,priest,discipline,6,3,3
Eritreea,stormscale,287,priest,discipline,12,3,9
Opknapcamper,twisting-nether,287,priest,discipline,12,3,9
Tíffanny,ragnaros,287,priest,discipline,12,3,9
Fuwafuwaneko,sanguino,287,priest,discipline,12,3,9
Sacabocaos,dun-modr,287,priest,discipline,12,3,9
Orioz,tarren-mill,287,priest,discipline,12,3,9
Smallpox,blackrock,287,priest,discipline,12,3,9
Elraine,ravencrest,287,priest,discipline,12,3,9
Rotems,korgall,287,priest,discipline,12,3,9
Willibad,executus,286,priest,discipline,6,3,3
Sleeg,tarren-mill,271,priest,discipline,11,3,8
Priestin,dun-modr,271,priest,discipline,11,3,8
Czee,draenor,255,priest,discipline,11,3,8
Zlothax,blackrock,255,priest,discipline,11,3,8
Lînda,steamwheedle-cartel,255,priest,discipline,11,3,8
Alphakillerz,sanguino,255,priest,discipline,11,3,8
Æsia,archimonde,240,priest,discipline,9,4,5
Yourholiness,rexxar,240,priest,discipline,9,3,6
Sánta,blackmoore,240,priest,discipline,9,3,6
Kikoke,sanguino,240,priest,discipline,9,3,6
Блэкхэйло,gordunni,239,priest,discipline,5,3,2
Zemo,argent-dawn,239,priest,discipline,5,3,2
Tyeldine,ragnaros,239,priest,discipline,9,4,5
Паратузов,gordunni,239,priest,discipline,29,3,26
Bigspudly,sylvanas,234,priest,discipline,8,4,4
Zargoss,sylvanas,234,priest,discipline,8,4,4
Zxèlá,tarren-mill,234,priest,discipline,13,6,7
Paandosa,outland,234,priest,discipline,9,4,5
Katwizro,hyjal,234,priest,discipline,16,6,10
Mineshadow,argent-dawn,234,priest,discipline,11,4,7
Jael,frostmane,234,priest,discipline,14,4,10
Krakjak,twisting-nether,234,priest,discipline,15,4,11
Randomfanboy,sylvanas,234,priest,discipline,15,4,11
Jaheim,tarren-mill,234,priest,discipline,17,4,13
Goldische,dun-morogh,234,priest,discipline,20,4,16
Пахад,blackscar,233,priest,discipline,9,4,5
Flexelzz,argent-dawn,227,priest,discipline,18,6,12
Blúefox,malfurion,223,priest,discipline,14,3,11
Tomoty,ravencrest,208,priest,discipline,7,3,4
Curer,stormscale,208,priest,discipline,7,3,4
Angelkiss,blackmoore,192,priest,discipline,4,3,1
Saru,uldaman,192,priest,discipline,4,3,1
Dutchstuff,karazhan,192,priest,discipline,4,3,1
Skytheory,eredar,192,priest,discipline,6,2,4
Lirrydoz,ravencrest,192,priest,discipline,6,2,4
Katrynax,ravencrest,192,priest,discipline,6,2,4
Ølle,ravencrest,192,priest,discipline,6,2,4
Tacøgxd,ravencrest,192,priest,discipline,6,2,4
Qku,ravencrest,192,priest,discipline,6,2,4
Yzunaxd,ravencrest,192,priest,discipline,6,2,4
Quvi,frostwolf,192,priest,discipline,6,2,4
Elfhelp,ravencrest,192,priest,discipline,6,2,4
Nálá,nethersturm,192,priest,discipline,6,2,4
Stanyú,tarren-mill,192,priest,discipline,6,2,4
Giesix,frostwolf,192,priest,discipline,6,2,4
Discolilly,tarren-mill,192,priest,discipline,6,2,4
Ascindra,ravencrest,192,priest,discipline,6,2,4
Quencher,outland,192,priest,discipline,6,2,4
Amayko,kazzak,192,priest,discipline,6,2,4
Fatboyswagx,tarren-mill,192,priest,discipline,6,2,4
Jupiminaj,tarren-mill,192,priest,discipline,6,2,4
Stazia,ravencrest,192,priest,discipline,6,2,4
Saemyra,tarren-mill,192,priest,discipline,6,2,4
Jäý,ravencrest,192,priest,discipline,6,2,4
Proxsjr,ravencrest,192,priest,discipline,6,2,4
Cptmoigx,antonidas,192,priest,discipline,6,2,4
Bigpinkballs,tarren-mill,192,priest,discipline,6,2,4
Sebiarchie,lightnings-blade,192,priest,discipline,6,2,4
Priestchonk,kazzak,192,priest,discipline,6,2,4
Insufrible,minahonda,192,priest,discipline,6,2,4
Emabi,tarren-mill,192,priest,discipline,6,2,4
Mcpriestgodx,blackrock,192,priest,discipline,6,2,4
Ponting,kazzak,192,priest,discipline,6,2,4
Føxy,emerald-dream,192,priest,discipline,6,2,4
Nekros,agamaggan,192,priest,discipline,6,2,4
Cartøøns,ravencrest,192,priest,discipline,6,2,4
Aridarpriest,silvermoon,192,priest,discipline,6,2,4
Grduebel,tirion,192,priest,discipline,6,2,4
Maquivel,aggra-português,192,priest,discipline,6,2,4
Atremius,dragonmaw,192,priest,discipline,6,2,4
Elëctra,vashj,192,priest,discipline,6,2,4
Zxø,ravencrest,192,priest,discipline,6,2,4
Tiefergelegt,arthas,192,priest,discipline,6,2,4
Фадб,howling-fjord,192,priest,discipline,6,2,4
Zackalls,hyjal,192,priest,discipline,6,2,4
Phantombride,silvermoon,192,priest,discipline,6,2,4
Prodan,frostmane,192,priest,discipline,6,2,4
Rallzken,stormscale,192,priest,discipline,6,2,4
Mcx,stormscale,192,priest,discipline,6,2,4
Tofsy,stormscale,192,priest,discipline,6,2,4
Numa,stormscale,192,priest,discipline,6,2,4
Hormgal,blackmoore,192,priest,discipline,6,2,4
Fadehojwnabe,the-shatar,192,priest,discipline,6,2,4
Míriêl,blackhand,192,priest,discipline,6,2,4
Kopfsache,blackmoore,192,priest,discipline,6,2,4
Тейдехан,howling-fjord,192,priest,discipline,6,2,4
Aidkit,burning-legion,192,priest,discipline,6,2,4
Jubinjo,hyjal,192,priest,discipline,6,2,4
Zârvâjh,aszune,192,priest,discipline,6,2,4
Protege,shadowsong,192,priest,discipline,6,2,4
Jell,stormscale,192,priest,discipline,6,2,4
Veryssra,archimonde,192,priest,discipline,6,2,4
Marypops,outland,192,priest,discipline,6,2,4
Kíssme,archimonde,192,priest,discipline,6,2,4
Taschigi,rexxar,192,priest,discipline,6,2,4
Ifeared,stormscale,192,priest,discipline,6,2,4
Sasabsi,malorne,192,priest,discipline,6,2,4
Pristara,bloodhoof,192,priest,discipline,6,2,4
Scalir,blackmoore,192,priest,discipline,6,2,4
Рэпру,galakrond,192,priest,discipline,6,2,4
Winlove,outland,192,priest,discipline,6,2,4
Tinúvielle,dalaran,192,priest,discipline,6,2,4
Zaqsn,blackrock,192,priest,discipline,6,2,4
Tokkzz,ragnaros,192,priest,discipline,6,2,4
Sipriest,silvermoon,192,priest,discipline,6,2,4
Zéró,gorgonnash,192,priest,discipline,6,2,4
Soreboners,stormscale,192,priest,discipline,6,2,4
Mqsx,stormscale,192,priest,discipline,6,2,4
Piedl,aegwynn,192,priest,discipline,6,2,4
Shaomi,eldrethalas,192,priest,discipline,6,2,4
Dunderpriest,silvermoon,192,priest,discipline,6,2,4
Spectriums,twisting-nether,192,priest,discipline,6,2,4
Kamish,twisting-nether,192,priest,discipline,6,2,4
Chópsuey,stormscale,192,priest,discipline,6,2,4
Groaxx,ragnaros,192,priest,discipline,6,2,4
Zoose,silvermoon,192,priest,discipline,6,2,4
Hoon,destromath,192,priest,discipline,6,2,4
Ниомана,gordunni,192,priest,discipline,6,2,4
Anvena,elune,192,priest,discipline,6,2,4
Scrotoepalle,nemesis,192,priest,discipline,6,2,4
Zhest,nemesis,192,priest,discipline,6,2,4
Maleapriest,blackhand,192,priest,discipline,6,2,4
Shalabox,twisting-nether,192,priest,discipline,6,2,4
Sachikø,sylvanas,192,priest,discipline,6,2,4
Arendt,blackhand,192,priest,discipline,6,2,4
Iloveadri,outland,192,priest,discipline,6,2,4
Rickermortis,defias-brotherhood,192,priest,discipline,6,2,4
Jheimer,twisting-nether,192,priest,discipline,6,2,4
Kironm,kazzak,192,priest,discipline,6,2,4
Кейсия,fordragon,192,priest,discipline,6,2,4
Superogór,burning-legion,192,priest,discipline,6,2,4
Calling,nozdormu,192,priest,discipline,6,2,4
Servaas,silvermoon,192,priest,discipline,6,2,4
Draconux,terenas,192,priest,discipline,6,2,4
Уци,howling-fjord,192,priest,discipline,6,2,4
Зашохэйт,soulflayer,192,priest,discipline,6,2,4
Scràppy,malganis,192,priest,discipline,6,2,4
Ичисанчик,howling-fjord,192,priest,discipline,6,2,4
Артэта,blackscar,192,priest,discipline,6,2,4
Remyy,jaedenar,192,priest,discipline,6,2,4
Kaamiluus,burning-legion,192,priest,discipline,6,2,4
Попистовали,soulflayer,192,priest,discipline,6,2,4
Prällë,draenor,192,priest,discipline,6,2,4
Discolata,silvermoon,192,priest,discipline,6,2,4
Missright,ragnaros,192,priest,discipline,6,2,4
Сёдзира,gordunni,192,priest,discipline,6,2,4
Supwithatt,kazzak,192,priest,discipline,6,2,4
Маджори,azuregos,192,priest,discipline,6,2,4
Adägïo,dun-modr,192,priest,discipline,6,2,4
Unreal,nagrand,192,priest,discipline,6,2,4
Discostu,kazzak,192,priest,discipline,6,2,4
Merk,kazzak,192,priest,discipline,6,2,4
Оути,gordunni,192,priest,discipline,6,2,4
Пристник,gordunni,192,priest,discipline,6,2,4
Leahlimit,kazzak,192,priest,discipline,6,2,4
Perrín,blackrock,192,priest,discipline,6,2,4
Колдунская,soulflayer,192,priest,discipline,6,2,4
Имудонка,gordunni,192,priest,discipline,6,2,4
Wumtris,ragnaros,192,priest,discipline,6,2,4
Templanzaa,cthun,192,priest,discipline,6,2,4
Prîëstìtütê,doomhammer,192,priest,discipline,6,2,4
Mlii,the-maelstrom,192,priest,discipline,6,2,4
Susee,nozdormu,192,priest,discipline,6,2,4
Прристуха,gordunni,192,priest,discipline,6,2,4
Prencø,sanguino,192,priest,discipline,6,2,4
Titiqr,naxxramas,192,priest,discipline,6,2,4
Attís,the-maelstrom,192,priest,discipline,6,2,4
Touddixz,blackrock,192,priest,discipline,6,2,4
Mehhx,burning-legion,192,priest,discipline,6,2,4
Voodoo,the-maelstrom,192,priest,discipline,6,2,4
Refuze,blackrock,192,priest,discipline,6,2,4
Ptöheal,zuljin,192,priest,discipline,6,2,4
Menie,draenor,192,priest,discipline,6,2,4
Axyze,draenor,192,priest,discipline,6,2,4
Alamonte,darksorrow,192,priest,discipline,6,2,4
Ralaya,ravencrest,192,priest,discipline,7,2,5
Meatyshaft,doomhammer,192,priest,discipline,11,3,8
Иванвай,soulflayer,192,priest,discipline,9,2,7
Stroggftw,archimonde,192,priest,discipline,9,2,7
Xblue,outland,192,priest,discipline,12,2,10
Petjouli,darksorrow,192,priest,discipline,12,2,10
Trickfulzqt,stormscale,192,priest,discipline,12,2,10
Shacoat,draenor,192,priest,discipline,12,2,10
Zubrowkâ,kazzak,192,priest,discipline,12,2,10
Tartaroula,twisting-nether,192,priest,discipline,12,2,10
Æxø,draenor,192,priest,discipline,12,2,10
Xlia,argent-dawn,192,priest,discipline,12,2,10
Boarheals,blackmoore,192,priest,discipline,12,2,10
Ballepresten,outland,192,priest,discipline,12,2,10
Schnüschnü,blackmoore,192,priest,discipline,12,2,10
Holzí,frostmourne,192,priest,discipline,12,2,10
Zêlða,ravencrest,192,priest,discipline,12,2,10
Chenandler,aggra-português,192,priest,discipline,12,2,10
Sevinho,twisting-nether,192,priest,discipline,12,2,10
Poqer,silvermoon,192,priest,discipline,12,2,10
Shadowp,aegwynn,192,priest,discipline,12,2,10
Miind,tarren-mill,192,priest,discipline,12,2,10
Sybred,tarren-mill,192,priest,discipline,12,2,10
Notatrap,outland,192,priest,discipline,12,2,10
Cherrylipz,runetotem,192,priest,discipline,12,2,10
Ulfsarkaom,turalyon,192,priest,discipline,12,2,10
Darthdots,outland,192,priest,discipline,12,2,10
Prostamolle,conseil-des-ombres,192,priest,discipline,12,2,10
Balan,argent-dawn,192,priest,discipline,12,2,10
Chizu,alakir,192,priest,discipline,12,2,10
Norah,kirin-tor,192,priest,discipline,12,2,10
Chevappi,turalyon,192,priest,discipline,12,2,10
Xhortas,thrall,192,priest,discipline,18,2,16
Zinary,silvermoon,192,priest,discipline,18,2,16
Лилинтель,gordunni,192,priest,discipline,18,2,16
Wigo,twisting-nether,175,priest,discipline,11,2,9
Têhïcâ,dun-modr,169,priest,discipline,10,5,5
Galpriest,tarren-mill,159,priest,discipline,5,2,3
Zumítø,zuljin,159,priest,discipline,5,2,3
Smyx,blackhand,159,priest,discipline,5,2,3
Munche,blackmoore,159,priest,discipline,5,2,3
Gerz,draenor,159,priest,discipline,11,2,9
Djem,argent-dawn,144,priest,discipline,3,3,0
Keizir,hyjal,144,priest,discipline,3,3,0
Sotanax,khazgoroth,144,priest,discipline,9,2,7
Discopriestt,outland,144,priest,discipline,9,2,7
Magister,sanguino,138,priest,discipline,9,4,5
Заволончик,blackscar,138,priest,discipline,8,3,5
Xire,outland,138,priest,discipline,8,3,5
Ohhowpretty,ravencrest,138,priest,discipline,11,4,7
Шорон,howling-fjord,138,priest,discipline,11,3,8
Fluxyqt,ravencrest,138,priest,discipline,17,4,13
Kitazu,draenor,138,priest,discipline,15,3,12
Rushax,ravencrest,137,priest,discipline,7,3,4
Nyygalease,burning-legion,128,priest,discipline,4,2,2
Quars,burning-legion,128,priest,discipline,4,2,2
Darzul,conseil-des-ombres,127,priest,discipline,8,2,6
Lucerna,defias-brotherhood,112,priest,discipline,7,2,5
Gojó,outland,96,priest,discipline,3,2,1
Midy,drakthul,96,priest,discipline,3,2,1
Sdw,kargath,96,priest,discipline,3,2,1
Wizzp,magtheridon,96,priest,discipline,9,2,7
Guiliman,chamber-of-aspects,96,priest,discipline,11,2,9
Йоййо,gordunni,96,priest,discipline,6,1,5
Миррен,gordunni,96,priest,discipline,6,1,5
Sonyl,les-sentinelles,96,priest,discipline,6,1,5
Жрецдуши,gordunni,96,priest,discipline,6,1,5
Ripjuice,sylvanas,96,priest,discipline,6,1,5
Оумега,gordunni,96,priest,discipline,6,1,5
Myxeh,ravencrest,96,priest,discipline,6,1,5
Holyshiët,sylvanas,96,priest,discipline,6,1,5
Redblue,onyxia,96,priest,discipline,6,1,5
Idontknow,sanguino,96,priest,discipline,6,1,5
Немонте,gordunni,96,priest,discipline,6,1,5
Larisä,uldum,96,priest,discipline,6,1,5
Хоббитсон,soulflayer,96,priest,discipline,6,1,5
Grimveil,sylvanas,96,priest,discipline,6,1,5
Stickpas,ysondre,96,priest,discipline,6,1,5
Героиннарбг,soulflayer,96,priest,discipline,6,1,5
Dionegativ,draenor,96,priest,discipline,6,1,5
Erkay,kazzak,96,priest,discipline,6,1,5
Pristürk,burning-legion,96,priest,discipline,6,1,5
Elessee,the-maelstrom,96,priest,discipline,6,1,5
Discmojo,draenor,96,priest,discipline,6,1,5
Шишищ,gordunni,96,priest,discipline,6,1,5
Jaimee,zirkel-des-cenarius,96,priest,discipline,6,1,5
Namï,darksorrow,96,priest,discipline,6,1,5
Rafikii,eredar,96,priest,discipline,6,1,5
Hyldenward,dun-modr,96,priest,discipline,6,1,5
Бидоноприст,fordragon,96,priest,discipline,6,1,5
Сумрачнная,gordunni,96,priest,discipline,6,1,5
Jônb,tarren-mill,96,priest,discipline,6,1,5
Oöm,hyjal,96,priest,discipline,6,1,5
Vampirito,ragnaros,96,priest,discipline,6,1,5
Zcrit,kazzak,96,priest,discipline,6,1,5
Sprife,ragnaros,96,priest,discipline,6,1,5
Idjut,kazzak,96,priest,discipline,6,1,5
Марриаза,blackscar,96,priest,discipline,6,1,5
Ascendare,tarren-mill,96,priest,discipline,6,1,5
Rachelsz,ravencrest,96,priest,discipline,6,1,5
Скартэикс,howling-fjord,96,priest,discipline,6,1,5
Лисовен,blackscar,96,priest,discipline,6,1,5
Kangkong,ravencrest,96,priest,discipline,6,1,5
Jayreaper,hyjal,96,priest,discipline,6,1,5
Emyriool,hyjal,96,priest,discipline,6,1,5
Mojotore,blackhand,96,priest,discipline,6,1,5
Kourguette,hyjal,96,priest,discipline,6,1,5
Nakrga,twisting-nether,96,priest,discipline,6,1,5
Юкелла,gordunni,96,priest,discipline,6,1,5
Teri,taerar,96,priest,discipline,6,1,5
Dami,defias-brotherhood,96,priest,discipline,6,1,5
Töxìc,outland,96,priest,discipline,6,1,5
Liendro,stormscale,96,priest,discipline,6,1,5
Broncos,twisting-nether,96,priest,discipline,6,1,5
Fluffipriest,draenor,96,priest,discipline,6,1,5
Shedzinty,tarren-mill,96,priest,discipline,6,1,5
Djkushad,twisting-nether,96,priest,discipline,6,1,5
Madcole,blackhand,96,priest,discipline,6,1,5
Fluffedup,twisting-nether,96,priest,discipline,6,1,5
Senkín,aegwynn,96,priest,discipline,6,1,5
Iovely,stormscale,96,priest,discipline,6,1,5
Inzàné,kazzak,96,priest,discipline,6,1,5
Supfamskrrt,stormscale,96,priest,discipline,6,1,5
Sayala,dalaran,96,priest,discipline,6,1,5
Neardeath,stormscale,96,priest,discipline,6,1,5
Shinesomnya,aegwynn,96,priest,discipline,6,1,5
Anniegelic,ravencrest,96,priest,discipline,6,1,5
Listenlisten,archimonde,96,priest,discipline,6,1,5
Yogastretch,ravencrest,96,priest,discipline,6,1,5
Xyret,blackmoore,96,priest,discipline,6,1,5
Peez,stormscale,96,priest,discipline,6,1,5
Iololololxd,eredar,96,priest,discipline,6,1,5
Emi,blackmoore,96,priest,discipline,6,1,5
Skitzypriest,stormscale,96,priest,discipline,6,1,5
Tobijara,proudmoore,96,priest,discipline,6,1,5
Æphilis,outland,96,priest,discipline,6,1,5
Miraçlê,kazzak,96,priest,discipline,6,1,5
Sanetsuna,archimonde,96,priest,discipline,6,1,5
Yixi,blackmoore,96,priest,discipline,6,1,5
Shucks,stormscale,96,priest,discipline,6,1,5
Récko,blackmoore,96,priest,discipline,6,1,5
Missah,archimonde,96,priest,discipline,6,1,5
Cysco,blackmoore,96,priest,discipline,6,1,5
Caramello,stormscale,96,priest,discipline,6,1,5
Mickyjames,blackmoore,96,priest,discipline,6,1,5
Xälis,ysondre,96,priest,discipline,6,1,5
Teleriah,blackmoore,96,priest,discipline,6,1,5
Pellé,stormscale,96,priest,discipline,6,1,5
Promiqt,drakthul,96,priest,discipline,6,1,5
Cptncarrot,blackmoore,96,priest,discipline,6,1,5
Snullerheals,kazzak,96,priest,discipline,6,1,5
Shuturmouth,ravencrest,96,priest,discipline,6,1,5
Ildïmnöll,drakthul,96,priest,discipline,6,1,5
Lyssandre,stormreaver,96,priest,discipline,6,1,5
Dakystepmom,stormreaver,96,priest,discipline,6,1,5
Penvon,ravencrest,96,priest,discipline,6,1,5
Hoeneygodx,antonidas,96,priest,discipline,6,1,5
Réaper,twilights-hammer,96,priest,discipline,6,1,5
Nondi,frostmane,96,priest,discipline,6,1,5
Sende,tarren-mill,96,priest,discipline,6,1,5
Olqp,tarren-mill,96,priest,discipline,6,1,5
Imhotép,anubarak,96,priest,discipline,6,1,5
Shiggsi,die-silberne-hand,96,priest,discipline,6,1,5
Tîwele,dalvengyr,96,priest,discipline,6,1,5
Menjo,silvermoon,96,priest,discipline,6,1,5
Sorprendente,cthun,96,priest,discipline,12,1,11
Ansträ,dun-modr,96,priest,discipline,12,1,11
Pera,nemesis,96,priest,discipline,12,1,11
Preterovka,nemesis,96,priest,discipline,12,1,11
Epokalarm,ragnaros,96,priest,discipline,12,1,11
Kelarai,azjolnerub,96,priest,discipline,12,1,11
Эгнерия,eversong,96,priest,discipline,12,1,11
Ccatchme,sylvanas,96,priest,discipline,18,1,17
Injahla,thrall,95,priest,discipline,6,1,5
Elián,silvermoon,79,priest,discipline,5,1,4
Tiinia,hyjal,74,priest,discipline,13,3,10
Tronte,dun-modr,64,priest,discipline,4,1,3
Faithful,emerald-dream,64,priest,discipline,8,1,7
Nâmîz,blackrock,48,priest,discipline,3,1,2
Bossku,kazzak,48,priest,discipline,3,1,2
Piacolada,aegwynn,48,priest,discipline,3,1,2
Pushup,drakthul,48,priest,discipline,3,1,2
Synck,kazzak,42,priest,discipline,9,3,6
Triip,argent-dawn,42,priest,discipline,7,2,5
Хаахаахаа,gordunni,42,priest,discipline,11,3,8
Atax,kazzak,42,priest,discipline,8,2,6
Ægirl,chamber-of-aspects,42,priest,discipline,8,2,6
Ronk,outland,42,priest,discipline,9,2,7
Xxddxd,draenor,42,priest,discipline,17,3,14
Vileehnius,alleria,42,priest,discipline,17,2,15
Hanic,kazzak,2326,priest,shadow,92,57,35
Syedi,drakthul,2270,priest,shadow,213,108,105
Хедмэнмвп,gordunni,2241,priest,shadow,180,93,87
Yggdra,ragnaros,2229,priest,shadow,66,44,22
Permafeetup,aegwynn,2229,priest,shadow,90,50,40
Dbeezy,tarren-mill,2217,priest,shadow,100,53,47
Cheesecake,defias-brotherhood,2188,priest,shadow,84,50,34
Tentoumushi,ravencrest,2153,priest,shadow,72,42,30
Dollyboo,tarren-mill,2152,priest,shadow,125,77,48
Ilovemycat,silvermoon,2152,priest,shadow,78,47,31
Польскийбуль,gordunni,2148,priest,shadow,84,46,38
Shåmssv,kazzak,2146,priest,shadow,72,41,31
Crainoo,ravencrest,2137,priest,shadow,158,80,78
Blacktrain,burning-blade,2136,priest,shadow,118,60,58
Bönfire,silvermoon,2125,priest,shadow,212,111,101
Rrj,ravencrest,2124,priest,shadow,82,51,31
Mérce,kazzak,2123,priest,shadow,78,43,35
Notsoholy,blackmoore,2123,priest,shadow,102,56,46
Xsß,dun-modr,2116,priest,shadow,107,59,48
Èxtêrmìnätör,kazzak,2114,priest,shadow,84,47,37
Voidfi,kult-der-verdammten,2111,priest,shadow,114,64,50
Standtall,blackrock,2111,priest,shadow,126,66,60
Rzkp,eredar,2110,priest,shadow,93,50,43
Yuzuflex,hyjal,2110,priest,shadow,81,43,38
Даняпампгодх,soulflayer,2109,priest,shadow,175,88,87
Bidraget,ravencrest,2105,priest,shadow,88,55,33
Thanatae,kazzak,2105,priest,shadow,85,50,35
Nousey,twisting-nether,2104,priest,shadow,108,62,46
Sphero,earthen-ring,2101,priest,shadow,130,73,57
Сделайсам,gordunni,2100,priest,shadow,99,55,44
Stjärtsten,tarren-mill,2087,priest,shadow,219,125,94
Шадоупуз,soulflayer,2083,priest,shadow,71,38,33
Purpl,tarren-mill,2076,priest,shadow,138,75,63
Walterwhite,stormscale,2052,priest,shadow,84,42,42
Liptonolda,blackhand,2049,priest,shadow,94,52,42
Pu,outland,2039,priest,shadow,90,43,47
Миладиель,gordunni,2034,priest,shadow,113,58,55
Deathlý,blackrock,2028,priest,shadow,78,40,38
Zhadum,stormscale,2025,priest,shadow,118,64,54
Pepeshadow,twisting-nether,2020,priest,shadow,93,48,45
Медовыедотки,soulflayer,2019,priest,shadow,82,41,41
Zoodiacp,blackrock,2016,priest,shadow,88,43,45
Destinyhero,aegwynn,2007,priest,shadow,87,44,43
Ekkfwiedrice,ragnaros,2000,priest,shadow,54,38,16
Безрассудица,howling-fjord,1995,priest,shadow,73,38,35
Slimcharles,ravencrest,1990,priest,shadow,101,60,41
Синфал,blackscar,1990,priest,shadow,102,51,51
Infuséd,aegwynn,1989,priest,shadow,60,32,28
Rzktwo,eredar,1988,priest,shadow,59,33,26
Swdjkbad,kazzak,1982,priest,shadow,66,37,29
Sethÿr,sanguino,1982,priest,shadow,126,66,60
Justtpro,twisting-nether,1977,priest,shadow,169,100,69
Енотхд,soulflayer,1969,priest,shadow,60,35,25
Akibom,drakthul,1963,priest,shadow,83,49,34
Rnkz,sanguino,1961,priest,shadow,66,41,25
Melábufeis,dun-modr,1960,priest,shadow,66,39,27
Bréézee,ravencrest,1959,priest,shadow,77,38,39
Bluxon,kazzak,1955,priest,shadow,101,62,39
Ottii,thrall,1954,priest,shadow,65,39,26
Moretti,ravencrest,1953,priest,shadow,54,32,22
Qoryn,ravencrest,1952,priest,shadow,66,38,28
Rýzera,aegwynn,1950,priest,shadow,36,25,11
Prøphetx,thrall,1945,priest,shadow,141,73,68
Vaccineboost,silvermoon,1944,priest,shadow,90,43,47
Devoura,sylvanas,1943,priest,shadow,54,32,22
Dhurza,shendralar,1938,priest,shadow,66,39,27
Duzurîx,burning-blade,1938,priest,shadow,54,29,25
Хьёх,blackscar,1935,priest,shadow,60,36,24
Djalex,ravencrest,1934,priest,shadow,71,40,31
Rãpidi,hyjal,1932,priest,shadow,89,56,33
Buøbuarns,sanguino,1930,priest,shadow,63,31,32
Айсиоу,howling-fjord,1929,priest,shadow,42,26,16
Бвонсаамди,soulflayer,1928,priest,shadow,131,70,61
Zodzín,ragnaros,1916,priest,shadow,48,24,24
Estragon,quelthalas,1912,priest,shadow,75,40,35
Dippy,blackrock,1910,priest,shadow,42,27,15
Nabøøbies,blackmoore,1910,priest,shadow,62,34,28
Lâughing,ravencrest,1906,priest,shadow,87,46,41
Heal,hyjal,1900,priest,shadow,248,137,111
Velence,ravencrest,1897,priest,shadow,60,38,22
Hansmaul,thrall,1897,priest,shadow,36,20,16
Døubtful,kazzak,1890,priest,shadow,36,20,16
Mýxir,burning-legion,1890,priest,shadow,71,38,33
Эсдаль,howling-fjord,1889,priest,shadow,60,41,19
Shádówý,kazzak,1889,priest,shadow,36,20,16
Sÿrax,ysondre,1883,priest,shadow,55,33,22
Ûñträînablê,outland,1882,priest,shadow,60,42,18
Genjutzux,kazzak,1882,priest,shadow,54,32,22
Heffer,outland,1880,priest,shadow,93,58,35
Drarianna,nemesis,1868,priest,shadow,30,22,8
Vilayetko,ravencrest,1868,priest,shadow,48,25,23
Knútx,stormscale,1867,priest,shadow,60,30,30
Râvyn,silvermoon,1866,priest,shadow,44,35,9
Pandacore,frostmane,1864,priest,shadow,54,28,26
Simôc,eredar,1864,priest,shadow,66,34,32
Weekfortyone,blackhand,1864,priest,shadow,56,27,29
Minblock,sanguino,1864,priest,shadow,90,43,47
Perché,silvermoon,1863,priest,shadow,54,39,15
Zuhä,twisting-nether,1861,priest,shadow,60,34,26
Angsty,blackrock,1860,priest,shadow,52,30,22
Léandrä,magtheridon,1860,priest,shadow,60,28,32
Xayona,argent-dawn,1858,priest,shadow,54,26,28
Milkysmite,twisting-nether,1856,priest,shadow,52,32,20
Ансор,lich-king,1856,priest,shadow,89,50,39
Iodjsaiojoij,kazzak,1856,priest,shadow,54,30,24
Rockness,blackmoore,1854,priest,shadow,137,91,46
Ptxd,alakir,1853,priest,shadow,64,38,26
Liloz,eredar,1852,priest,shadow,59,34,25
Milania,ravencrest,1851,priest,shadow,42,33,9
Yoe,twisting-nether,1851,priest,shadow,48,26,22
Physxd,blackrock,1848,priest,shadow,36,28,8
Dingopriest,blackrock,1848,priest,shadow,78,46,32
Either,kazzak,1848,priest,shadow,65,36,29
Blindöts,tarren-mill,1847,priest,shadow,47,27,20
Animesenpai,kazzak,1847,priest,shadow,60,32,28
Versio,dalvengyr,1847,priest,shadow,54,28,26
Akolyte,blackmoore,1843,priest,shadow,36,22,14
Trisks,ravencrest,1843,priest,shadow,34,20,14
Бхонсамди,blackscar,1842,priest,shadow,71,42,29
Voidgodx,blackrock,1842,priest,shadow,41,24,17
Пристатеист,howling-fjord,1842,priest,shadow,72,35,37
Theoniss,draenor,1841,priest,shadow,90,54,36
Arendt,blackhand,1837,priest,shadow,48,29,19
Johnnybanana,argent-dawn,1835,priest,shadow,36,26,10
Даняпимпгадх,soulflayer,1835,priest,shadow,48,28,20
Sadix,ravencrest,1835,priest,shadow,66,38,28
Yêl,thrall,1834,priest,shadow,189,108,81
Ымц,gordunni,1832,priest,shadow,66,33,33
Sakuyasp,blackrock,1830,priest,shadow,96,53,43
Shadowmate,silvermoon,1829,priest,shadow,56,31,25
Schmetter,tarren-mill,1829,priest,shadow,65,29,36
Selëne,blackrock,1827,priest,shadow,72,43,29
Megamann,dun-morogh,1827,priest,shadow,54,32,22
Игорянатакуе,eversong,1826,priest,shadow,154,86,68
Rakamain,ravencrest,1825,priest,shadow,48,31,17
Zindrix,silvermoon,1825,priest,shadow,84,50,34
Anateoris,turalyon,1825,priest,shadow,76,43,33
Gorholm,argent-dawn,1825,priest,shadow,105,57,48
Quezaris,stormscale,1825,priest,shadow,48,23,25
Nyotux,blackrock,1824,priest,shadow,66,45,21
Cantsqell,silvermoon,1823,priest,shadow,48,34,14
Термидор,booty-bay,1823,priest,shadow,95,57,38
Староезло,gordunni,1821,priest,shadow,68,33,35
Yirico,argent-dawn,1820,priest,shadow,47,31,16
Blóódfart,kazzak,1819,priest,shadow,89,43,46
Marbellexd,pozzo-delleternità,1818,priest,shadow,157,91,66
Voidshuffle,laughing-skull,1818,priest,shadow,42,24,18
Aliocha,dalaran,1817,priest,shadow,42,22,20
Randyrhoads,kazzak,1816,priest,shadow,35,22,13
Omedo,stormscale,1816,priest,shadow,36,19,17
Raikup,ravencrest,1816,priest,shadow,41,19,22
Криптика,soulflayer,1815,priest,shadow,42,27,15
Backpedaling,kazzak,1815,priest,shadow,84,42,42
Theunknown,thrall,1814,priest,shadow,42,30,12
Genjutzu,kazzak,1814,priest,shadow,36,19,17
Voldemort,blackrock,1813,priest,shadow,30,19,11
Stèálth,sylvanas,1812,priest,shadow,24,19,5
Luvlyrah,draenor,1812,priest,shadow,81,52,29
Mackings,the-maelstrom,1811,priest,shadow,112,65,47
Namsolo,kazzak,1811,priest,shadow,78,42,36
Mafiasnipers,ravencrest,1810,priest,shadow,30,19,11
Shiannâ,malganis,1810,priest,shadow,38,21,17
Skillmåsterx,ravencrest,1810,priest,shadow,54,29,25
Maryhugette,archimonde,1810,priest,shadow,138,67,71
Gymbró,kazzak,1809,priest,shadow,54,31,23
Magicstarss,the-maelstrom,1809,priest,shadow,78,42,36
Garycash,outland,1809,priest,shadow,88,47,41
Necrofeel,silvermoon,1807,priest,shadow,30,20,10
Salkerer,stormscale,1807,priest,shadow,30,19,11
Sepharis,runetotem,1807,priest,shadow,179,107,72
Becknarbritt,stormscale,1807,priest,shadow,196,115,81
Синатро,deathguard,1806,priest,shadow,190,119,71
Птумерианец,gordunni,1806,priest,shadow,52,31,21
Kujiua,ravencrest,1806,priest,shadow,113,64,49
Snarks,sylvanas,1806,priest,shadow,36,20,16
Claritycraft,twisting-nether,1805,priest,shadow,36,22,14
Galatea,les-sentinelles,1805,priest,shadow,78,44,34
Vajainap,outland,1804,priest,shadow,30,19,11
Máv,tarren-mill,1804,priest,shadow,85,53,32
Zeythz,ravencrest,1804,priest,shadow,156,90,66
Mataî,kazzak,1803,priest,shadow,84,49,35
Stazia,ravencrest,1802,priest,shadow,36,22,14
Margots,kazzak,1802,priest,shadow,42,22,20
Mizulol,ravencrest,1801,priest,shadow,80,42,38
Akroama,archimonde,1801,priest,shadow,92,46,46
Maedhrós,ravencrest,1800,priest,shadow,30,24,6
Cnsnn,ysondre,1797,priest,shadow,102,69,33
Homxcxde,ravencrest,1794,priest,shadow,42,24,18
Djops,outland,1792,priest,shadow,78,41,37
Ølle,ravencrest,1784,priest,shadow,72,42,30
Свдпрох,soulflayer,1781,priest,shadow,51,26,25
Raisedbyrap,blackrock,1776,priest,shadow,54,32,22
Talbatex,blackmoore,1776,priest,shadow,54,24,30
Tremrfinger,dun-modr,1769,priest,shadow,98,53,45
Трейдарк,blackscar,1769,priest,shadow,54,28,26
Мистериум,howling-fjord,1766,priest,shadow,65,38,27
Vibéz,outland,1765,priest,shadow,48,24,24
Stümpý,ravencrest,1762,priest,shadow,46,26,20
Fakecastguru,ravencrest,1761,priest,shadow,66,37,29
Ezlife,blackrock,1760,priest,shadow,72,36,36
Bigdogone,arathor,1758,priest,shadow,42,24,18
Darthmantle,silvermoon,1758,priest,shadow,59,29,30
Magicalme,kult-der-verdammten,1756,priest,shadow,36,22,14
Shuturmouth,ravencrest,1754,priest,shadow,66,38,28
Ninjajane,sylvanas,1753,priest,shadow,53,32,21
Фиброз,blackscar,1751,priest,shadow,114,67,47
Иннрей,soulflayer,1751,priest,shadow,69,29,40
Yaboyboompie,blackrock,1750,priest,shadow,54,26,28
Erenndriel,twisting-nether,1749,priest,shadow,78,44,34
Fläschheal,aegwynn,1746,priest,shadow,30,21,9
Flexzpriest,destromath,1746,priest,shadow,96,53,43
Voodkaa,drakthul,1743,priest,shadow,69,42,27
Spherics,ravencrest,1743,priest,shadow,54,27,27
Staljon,burning-legion,1742,priest,shadow,54,32,22
Anabølix,ravencrest,1741,priest,shadow,48,27,21
Ecquidozx,ravencrest,1741,priest,shadow,35,19,16
Räke,blackrock,1738,priest,shadow,60,27,33
Cathrix,kazzak,1733,priest,shadow,42,24,18
Lindp,stormreaver,1732,priest,shadow,66,42,24
Hasa,stormreaver,1730,priest,shadow,66,36,30
Smxkÿÿ,eredar,1729,priest,shadow,36,25,11
Zhyn,turalyon,1729,priest,shadow,110,65,45
Dreamhatcher,deathwing,1729,priest,shadow,54,29,25
Xiä,archimonde,1729,priest,shadow,42,21,21
Actionjezuz,shattered-hand,1727,priest,shadow,42,24,18
Kylähullu,ravencrest,1726,priest,shadow,68,37,31
Ounxx,blackrock,1723,priest,shadow,29,21,8
Казуямисима,gordunni,1723,priest,shadow,170,93,77
Ксерф,soulflayer,1723,priest,shadow,114,58,56
Sinthaa,mannoroth,1720,priest,shadow,36,18,18
Nanna,agamaggan,1719,priest,shadow,84,39,45
Кломми,gordunni,1718,priest,shadow,84,45,39
Перекованный,soulflayer,1716,priest,shadow,129,69,60
Alfredosauce,ravencrest,1716,priest,shadow,46,22,24
Всезнайка,soulflayer,1715,priest,shadow,114,61,53
Lostcause,alakir,1714,priest,shadow,48,29,19
Kiesp,tarren-mill,1713,priest,shadow,90,51,39
Æßsåløønå,la-croisade-écarlate,1712,priest,shadow,30,18,12
Dakotapriest,ravencrest,1706,priest,shadow,30,18,12
Ageyr,ragnaros,1705,priest,shadow,65,40,25
Dümbledore,aggra-português,1704,priest,shadow,24,18,6
Tbs,sylvanas,1704,priest,shadow,83,48,35
Facemeltina,kiljaeden,1704,priest,shadow,36,18,18
Ankî,aegwynn,1703,priest,shadow,84,44,40
Cthultist,dun-modr,1703,priest,shadow,54,26,28
Helín,hellfire,1702,priest,shadow,84,48,36
Rumbo,lightnings-blade,1700,priest,shadow,42,26,16
Adub,tarren-mill,1700,priest,shadow,36,21,15
Atahalni,argent-dawn,1700,priest,shadow,144,67,77
Sheto,burning-legion,1699,priest,shadow,138,71,67
Lr,aszune,1696,priest,shadow,24,18,6
Shadowvoice,outland,1696,priest,shadow,30,20,10
Svettvrede,sylvanas,1693,priest,shadow,63,32,31
Klosso,anachronos,1693,priest,shadow,168,78,90
Schizophrens,outland,1692,priest,shadow,42,24,18
Kamish,twisting-nether,1690,priest,shadow,138,74,64
Solaclypsa,destromath,1689,priest,shadow,24,18,6
Andreel,ravencrest,1689,priest,shadow,66,34,32
Iessei,outland,1687,priest,shadow,78,39,39
Kêrrýgold,blackrock,1686,priest,shadow,91,54,37
Скайвэйуокер,howling-fjord,1684,priest,shadow,65,38,27
Víppe,stormreaver,1682,priest,shadow,53,32,21
Ihu,nazjatar,1682,priest,shadow,107,53,54
Geløpr,eredar,1681,priest,shadow,36,23,13
Spklooril,hyjal,1681,priest,shadow,277,144,133
Spamplague,stormscale,1678,priest,shadow,48,26,22
Barthólomew,doomhammer,1678,priest,shadow,64,34,30
Tupal,ysondre,1678,priest,shadow,54,26,28
Dianaxd,dun-modr,1676,priest,shadow,29,18,11
Клаима,soulflayer,1676,priest,shadow,55,33,22
Zabpriest,blackhand,1672,priest,shadow,36,24,12
Raspberrypíe,silvermoon,1672,priest,shadow,78,46,32
Everdark,twisting-nether,1670,priest,shadow,160,89,71
Papie,kazzak,1670,priest,shadow,42,23,19
Tsunadesaama,silvermoon,1668,priest,shadow,63,32,31
Levitation,alakir,1665,priest,shadow,72,42,30
Raitwo,kazzak,1663,priest,shadow,101,55,46
Rakkha,ravencrest,1663,priest,shadow,54,28,26
Jóhnnybravó,kazzak,1662,priest,shadow,34,23,11
Goodsuck,tarren-mill,1662,priest,shadow,54,29,25
Tosem,antonidas,1661,priest,shadow,30,19,11
Imaut,emerald-dream,1659,priest,shadow,40,22,18
Офелла,howling-fjord,1659,priest,shadow,241,131,110
Киндзер,blackscar,1658,priest,shadow,54,29,25
Buffholy,dun-modr,1657,priest,shadow,66,39,27
Mojibien,burning-legion,1656,priest,shadow,122,68,54
Dotreveal,ravencrest,1656,priest,shadow,42,23,19
Skeida,bloodhoof,1655,priest,shadow,35,18,17
Anexxia,outland,1654,priest,shadow,42,20,22
Rasha,kazzak,1653,priest,shadow,62,35,27
Ктулсотум,soulflayer,1652,priest,shadow,40,24,16
Healzonwiilz,tarren-mill,1652,priest,shadow,30,18,12
Финдовский,gordunni,1649,priest,shadow,102,54,48
Ruhe,silvermoon,1648,priest,shadow,48,27,21
Cdplz,archimonde,1647,priest,shadow,30,20,10
Carmechanic,defias-brotherhood,1646,priest,shadow,42,23,19
Empz,thrall,1644,priest,shadow,101,48,53
Djariisimp,tarren-mill,1643,priest,shadow,36,21,15
Weebi,silvermoon,1640,priest,shadow,65,39,26
Milo,argent-dawn,1640,priest,shadow,102,61,41
Priestfive,stormscale,1638,priest,shadow,48,28,20
Mikizu,die-aldor,1638,priest,shadow,42,21,21
Momomomomomo,blackrock,1637,priest,shadow,118,61,57
Dezerta,nozdormu,1636,priest,shadow,74,39,35
Undefined,chamber-of-aspects,1634,priest,shadow,40,28,12
Lênax,arthas,1633,priest,shadow,40,23,17
Дикаях,gordunni,1633,priest,shadow,106,51,55
Тарренмилл,gordunni,1632,priest,shadow,42,23,19
Darthlie,draenor,1630,priest,shadow,30,17,13
Jaimë,ravencrest,1630,priest,shadow,30,17,13
Ðanilox,dun-modr,1629,priest,shadow,24,17,7
Donenigma,stormscale,1628,priest,shadow,36,23,13
Peprama,stormscale,1628,priest,shadow,54,31,23
Framesxøxø,ravencrest,1627,priest,shadow,42,24,18
Билетлолпро,borean-tundra,1627,priest,shadow,30,17,13
Aaj,twisting-nether,1627,priest,shadow,42,22,20
Strunkiin,defias-brotherhood,1624,priest,shadow,96,53,43
Affex,tarren-mill,1622,priest,shadow,30,18,12
Tacøgxd,ravencrest,1621,priest,shadow,30,21,9
Voidlink,kazzak,1621,priest,shadow,30,17,13
Luphriest,ravencrest,1621,priest,shadow,36,17,19
Asterixsu,sylvanas,1619,priest,shadow,36,25,11
Toesxcker,stormscale,1616,priest,shadow,35,21,14
Priestazie,madmortem,1616,priest,shadow,96,57,39
Mehtz,ravencrest,1615,priest,shadow,186,90,96
Knoffp,blackhand,1614,priest,shadow,72,41,31
Marsheil,blackhand,1612,priest,shadow,48,28,20
Ревентонх,howling-fjord,1611,priest,shadow,136,75,61
Bigblackdot,grim-batol,1610,priest,shadow,30,17,13
Baldracca,shendralar,1610,priest,shadow,78,42,36
Insanious,skullcrusher,1609,priest,shadow,30,17,13
Петушшара,gordunni,1609,priest,shadow,39,17,22
Tùcøcø,archimonde,1607,priest,shadow,48,21,27
Ансарм,gordunni,1604,priest,shadow,36,23,13
Bownsamdi,tarren-mill,1604,priest,shadow,33,21,12
Æäõ,turalyon,1604,priest,shadow,36,19,17
Vavulya,blackhand,1603,priest,shadow,87,52,35
Violatio,aegwynn,1603,priest,shadow,64,37,27
Trancemaster,dun-modr,1602,priest,shadow,30,18,12
Sebbepriest,twisting-nether,1602,priest,shadow,149,83,66
Basicpr,ravencrest,1601,priest,shadow,45,30,15
Sudeki,blackmoore,1601,priest,shadow,42,20,22
Miruh,malganis,1600,priest,shadow,113,73,40
Toba,hellscream,1600,priest,shadow,42,23,19
Llothx,ravencrest,1597,priest,shadow,62,34,28
Daspyen,silvermoon,1596,priest,shadow,38,20,18
Трубишоп,howling-fjord,1595,priest,shadow,88,43,45
Babarøqa,blackmoore,1592,priest,shadow,163,85,78
Vatikanet,ravencrest,1589,priest,shadow,87,52,35
Brøwnyez,zuljin,1589,priest,shadow,60,27,33
Pombär,ragnaros,1587,priest,shadow,54,36,18
Mightyfool,aegwynn,1586,priest,shadow,60,32,28
Genthus,kazzak,1586,priest,shadow,78,41,37
Axelbre,blackrock,1585,priest,shadow,30,19,11
Vaßpera,tarren-mill,1585,priest,shadow,60,33,27
Амбрелка,fordragon,1584,priest,shadow,58,28,30
Faminé,outland,1584,priest,shadow,65,29,36
Соргоху,gordunni,1583,priest,shadow,30,18,12
Meshen,ysondre,1582,priest,shadow,194,109,85
Phplaravel,tarren-mill,1582,priest,shadow,42,21,21
Asträlaws,archimonde,1581,priest,shadow,52,27,25
Cryptoflame,silvermoon,1579,priest,shadow,45,25,20
Mukkin,tarren-mill,1578,priest,shadow,36,22,14
Meatyshaft,doomhammer,1578,priest,shadow,59,36,23
Sakanade,twisting-nether,1576,priest,shadow,42,34,8
Milamati,kazzak,1576,priest,shadow,60,28,32
Charmebolzen,blackrock,1571,priest,shadow,36,18,18
Lowisa,sylvanas,1565,priest,shadow,70,41,29
Terrored,ravencrest,1565,priest,shadow,36,17,19
Ephara,outland,1562,priest,shadow,53,29,24
Insaniro,argent-dawn,1562,priest,shadow,66,34,32
Рэнфан,fordragon,1558,priest,shadow,52,35,17
Cykdwojeczka,burning-legion,1558,priest,shadow,72,36,36
Absolution,stormscale,1557,priest,shadow,209,111,98
Эззи,soulflayer,1556,priest,shadow,90,50,40
Бомжскадилом,gordunni,1556,priest,shadow,72,39,33
Neitter,zuljin,1556,priest,shadow,54,29,25
Shivaja,aegwynn,1555,priest,shadow,30,17,13
Seneth,twisting-nether,1553,priest,shadow,60,31,29
Xangha,burning-legion,1551,priest,shadow,72,41,31
Chinko,blackmoore,1550,priest,shadow,54,36,18
Anathemas,draenor,1548,priest,shadow,42,30,12
Imøteph,ragnaros,1546,priest,shadow,71,40,31
Nûtqt,archimonde,1545,priest,shadow,64,32,32
Baihoi,twilights-hammer,1544,priest,shadow,84,53,31
Sandcastles,ravencrest,1544,priest,shadow,72,45,27
Snoopý,dun-modr,1544,priest,shadow,42,20,22
Coupdekaraté,sylvanas,1543,priest,shadow,36,18,18
Xooxl,ragnaros,1542,priest,shadow,102,60,42
Hâicu,antonidas,1540,priest,shadow,60,38,22
Кхэрри,goldrinn,1540,priest,shadow,30,19,11
Амгар,galakrond,1540,priest,shadow,125,69,56
Holyshadów,azjolnerub,1539,priest,shadow,71,37,34
Hellscon,kazzak,1538,priest,shadow,125,62,63
Ankhh,bloodscalp,1538,priest,shadow,72,33,39
Pedopräst,stormscale,1537,priest,shadow,38,25,13
Sweetepi,blackmoore,1537,priest,shadow,36,18,18
Саксесфул,howling-fjord,1535,priest,shadow,97,53,44
Uselessxasel,sanguino,1534,priest,shadow,24,16,8
Bøts,ravencrest,1534,priest,shadow,55,27,28
Kantar,ragnaros,1533,priest,shadow,64,35,29
Valirda,twisting-nether,1533,priest,shadow,80,40,40
Zekonja,doomhammer,1532,priest,shadow,82,42,40
Деплитфофан,gordunni,1530,priest,shadow,77,48,29
Skypray,burning-legion,1530,priest,shadow,89,46,43
Kightz,twisting-nether,1530,priest,shadow,63,32,31
Ðrwiz,ravencrest,1528,priest,shadow,30,16,14
Jonesy,blackmoore,1527,priest,shadow,40,22,18
Zayden,ragnaros,1527,priest,shadow,65,31,34
Мишатемный,gordunni,1526,priest,shadow,42,25,17
Thmas,outland,1525,priest,shadow,71,32,39
Lilakaii,chamber-of-aspects,1523,priest,shadow,72,38,34
Psycos,kazzak,1523,priest,shadow,66,33,33
Sháady,ravencrest,1522,priest,shadow,54,28,26
Kellen,burning-blade,1521,priest,shadow,193,106,87
Прыст,howling-fjord,1519,priest,shadow,24,16,8
Basxcbxtchx,ravencrest,1518,priest,shadow,24,16,8
Priestgrade,darkspear,1517,priest,shadow,30,16,14
Øxytøcin,ravencrest,1514,priest,shadow,93,45,48
Umbralx,ragnaros,1513,priest,shadow,77,45,32
Selaria,magtheridon,1512,priest,shadow,30,16,14
Daisyduke,veknilash,1511,priest,shadow,30,16,14
Энвиньяттар,howling-fjord,1510,priest,shadow,35,23,12
Jingling,kazzak,1509,priest,shadow,24,16,8
Zászàsmaster,kazzak,1509,priest,shadow,96,55,41
Beonin,tarren-mill,1508,priest,shadow,43,26,17
Hemaplex,dun-modr,1508,priest,shadow,35,21,14
Megajuicy,blackmoore,1508,priest,shadow,168,88,80
Cylantharia,eredar,1506,priest,shadow,30,16,14
Йоййо,gordunni,1506,priest,shadow,76,40,36
Даняпампх,soulflayer,1505,priest,shadow,179,96,83
Ormarn,twisting-nether,1503,priest,shadow,48,28,20
Dyshexia,bronze-dragonflight,1503,priest,shadow,78,39,39
Shadowplay,theradras,1502,priest,shadow,64,30,34
Fiftyfives,hyjal,1496,priest,shadow,51,25,26
Люблюкофе,deathguard,1495,priest,shadow,50,30,20
Bubbleup,defias-brotherhood,1494,priest,shadow,30,21,9
Chrønös,hyjal,1494,priest,shadow,125,64,61
Äiri,blackmoore,1492,priest,shadow,30,17,13
Nygel,kazzak,1492,priest,shadow,95,51,44
Healiea,outland,1492,priest,shadow,71,27,44
Blasphemiia,outland,1491,priest,shadow,72,44,28
Kajifoxi,frostmane,1490,priest,shadow,60,38,22
Skûggpräst,silvermoon,1490,priest,shadow,41,22,19
Sanebassoff,kazzak,1488,priest,shadow,112,65,47
Bercxu,ragnaros,1487,priest,shadow,60,34,26
Bierbändiger,blackhand,1487,priest,shadow,30,17,13
Shinesomnya,aegwynn,1478,priest,shadow,40,23,17
Kurzik,zuljin,1477,priest,shadow,40,28,12
Зонкк,thermaplugg,1477,priest,shadow,114,62,52
Lightform,twisting-nether,1476,priest,shadow,39,26,13
Akris,ragnaros,1476,priest,shadow,60,32,28
Massbimba,tarren-mill,1475,priest,shadow,41,19,22
Melanore,sylvanas,1474,priest,shadow,90,46,44
Pregrip,twisting-nether,1473,priest,shadow,43,21,22
Thawx,stormscale,1472,priest,shadow,30,16,14
Kisala,kazzak,1470,priest,shadow,47,32,15
Castêr,silvermoon,1468,priest,shadow,36,19,17
Êttân,ravencrest,1467,priest,shadow,50,25,25
Youguessedit,twisting-nether,1466,priest,shadow,36,16,20
Spideypap,ragnaros,1464,priest,shadow,58,33,25
Mozahn,ragnaros,1464,priest,shadow,39,20,19
Карбираторх,gordunni,1462,priest,shadow,41,21,20
Maxhima,defias-brotherhood,1461,priest,shadow,72,39,33
Putríd,sylvanas,1457,priest,shadow,24,16,8
Tyene,voljin,1456,priest,shadow,64,37,27
Xîneâ,outland,1456,priest,shadow,30,16,14
Celz,kazzak,1455,priest,shadow,30,18,12
Nahyra,dalaran,1455,priest,shadow,71,39,32
Hemovoid,nagrand,1454,priest,shadow,24,17,7
Îndura,drakthul,1454,priest,shadow,44,26,18
Vedina,bronze-dragonflight,1453,priest,shadow,105,49,56
Mylini,silvermoon,1450,priest,shadow,89,49,40
Zevulós,ravencrest,1449,priest,shadow,54,20,34
Cinaedus,stormreaver,1444,priest,shadow,63,33,30
Cringelørd,alakir,1442,priest,shadow,42,27,15
Palitox,kazzak,1439,priest,shadow,70,38,32
Ondskabsfuld,kazzak,1439,priest,shadow,30,15,15
Newkidx,draenor,1438,priest,shadow,24,15,9
Otecduchovny,burning-blade,1437,priest,shadow,24,15,9
Chaddius,stormscale,1437,priest,shadow,49,26,23
Morseeii,baelgun,1435,priest,shadow,24,15,9
Taeraz,archimonde,1435,priest,shadow,24,15,9
Unerfedsp,archimonde,1432,priest,shadow,94,44,50
Valdiona,tarren-mill,1431,priest,shadow,36,22,14
Psycoscream,blackmoore,1431,priest,shadow,41,19,22
Debbski,tarren-mill,1430,priest,shadow,24,17,7
Smiles,burning-steppes,1430,priest,shadow,36,20,16
Yaoshih,draenor,1430,priest,shadow,53,28,25
Hörror,twisting-nether,1430,priest,shadow,42,21,21
Billybay,argent-dawn,1429,priest,shadow,18,15,3
Makethemstop,bronzebeard,1427,priest,shadow,30,23,7
Lothlórien,dun-modr,1426,priest,shadow,24,18,6
Lamaovic,archimonde,1426,priest,shadow,59,31,28
Jaimee,zirkel-des-cenarius,1425,priest,shadow,24,15,9
Warplague,argent-dawn,1424,priest,shadow,24,15,9
Kourroucé,archimonde,1424,priest,shadow,71,39,32
Fnúggí,kazzak,1423,priest,shadow,36,18,18
Sharmidix,kazzak,1419,priest,shadow,30,15,15
Dotsin,kazzak,1419,priest,shadow,113,56,57
Ladouce,archimonde,1418,priest,shadow,33,17,16
Vhayna,kazzak,1417,priest,shadow,53,32,21
Varjomies,ragnaros,1417,priest,shadow,78,38,40
Kayeenie,bloodscalp,1417,priest,shadow,48,21,27
Kwolinger,norgannon,1416,priest,shadow,30,15,15
Hoon,destromath,1415,priest,shadow,42,25,17
Dazé,ravencrest,1413,priest,shadow,40,21,19
Энмунд,borean-tundra,1412,priest,shadow,30,21,9
Cannapriest,frostwolf,1412,priest,shadow,24,15,9
Îzî,sanguino,1412,priest,shadow,42,23,19
Shopify,nagrand,1412,priest,shadow,30,15,15
Simplesam,ravencrest,1412,priest,shadow,76,35,41
Flayin,kazzak,1411,priest,shadow,48,29,19
Wingufreebrø,sanguino,1411,priest,shadow,70,31,39
Saintethérez,archimonde,1410,priest,shadow,45,30,15
Dípp,ravencrest,1409,priest,shadow,24,15,9
Сашашвд,howling-fjord,1407,priest,shadow,42,22,20
Dopey,kazzak,1406,priest,shadow,24,17,7
Whocare,tarren-mill,1406,priest,shadow,30,15,15
Isusgaspodi,argent-dawn,1405,priest,shadow,78,45,33
Experimentix,silvermoon,1402,priest,shadow,30,16,14
Voidbro,grim-batol,1401,priest,shadow,29,15,14
Adägïo,dun-modr,1401,priest,shadow,90,41,49
Baptizer,nemesis,1400,priest,shadow,83,53,30
Nightshådøw,silvermoon,1398,priest,shadow,122,64,58
Ryik,ravencrest,1395,priest,shadow,60,29,31
Sxynix,thrall,1394,priest,shadow,35,21,14
Rogmisa,cthun,1394,priest,shadow,48,28,20
Fåith,twilights-hammer,1391,priest,shadow,30,20,10
Дэспира,howling-fjord,1391,priest,shadow,28,16,12
Squîzz,archimonde,1389,priest,shadow,39,18,21
Lapinvicieux,archimonde,1388,priest,shadow,47,21,26
Whynolove,ragnaros,1387,priest,shadow,42,24,18
Ðotgød,nemesis,1385,priest,shadow,24,18,6
Hek,sylvanas,1384,priest,shadow,72,36,36
Lëshder,sanguino,1382,priest,shadow,72,34,38
Nicorøbin,uldum,1381,priest,shadow,36,23,13
Damyo,eredar,1381,priest,shadow,54,29,25
Piixld,aegwynn,1376,priest,shadow,36,22,14
Sodomix,tarren-mill,1370,priest,shadow,130,73,57
Hòllymèdx,blackmoore,1368,priest,shadow,22,15,7
Дикрия,eversong,1368,priest,shadow,42,20,22
Ggdoll,twisting-nether,1367,priest,shadow,148,78,70
Atheniss,drakthul,1366,priest,shadow,54,31,23
Shifune,blackhand,1365,priest,shadow,48,25,23
Eryxial,antonidas,1365,priest,shadow,47,22,25
Shizo,blutkessel,1364,priest,shadow,29,20,9
Bimboxo,argent-dawn,1363,priest,shadow,137,78,59
Sucukpriest,blackrock,1363,priest,shadow,42,23,19
Erkay,kazzak,1362,priest,shadow,36,17,19
Mundwerk,malganis,1361,priest,shadow,93,43,50
Багбери,eversong,1360,priest,shadow,204,107,97
Daltheria,daggerspine,1358,priest,shadow,65,38,27
Søcrax,blackrock,1357,priest,shadow,42,23,19
Офинсия,deathguard,1354,priest,shadow,47,18,29
Вексион,goldrinn,1353,priest,shadow,36,19,17
Самаэльз,blackscar,1353,priest,shadow,30,15,15
Aleetheia,silvermoon,1350,priest,shadow,38,18,20
Ankus,tarren-mill,1350,priest,shadow,42,19,23
Nyróx,malganis,1349,priest,shadow,110,53,57
Shinígamí,frostmane,1346,priest,shadow,48,24,24
Gumayusi,ravencrest,1344,priest,shadow,24,14,10
Даркфолс,soulflayer,1343,priest,shadow,36,17,19
Холихэйт,howling-fjord,1342,priest,shadow,18,14,4
Huffle,argent-dawn,1342,priest,shadow,21,15,6
Некрозмх,soulflayer,1342,priest,shadow,24,14,10
Возрождающее,soulflayer,1342,priest,shadow,30,14,16
Apuessii,dun-modr,1340,priest,shadow,59,31,28
Astangia,nemesis,1339,priest,shadow,165,87,78
Velenthøs,argent-dawn,1338,priest,shadow,41,23,18
Pennywïse,kargath,1338,priest,shadow,30,14,16
Hecaté,blackhand,1337,priest,shadow,55,31,24
Seni,gilneas,1336,priest,shadow,55,26,29
Solaní,antonidas,1336,priest,shadow,47,21,26
Chillx,blackmoore,1335,priest,shadow,126,74,52
Settemsen,tarren-mill,1334,priest,shadow,18,14,4
Bubidiblumpr,twisting-nether,1333,priest,shadow,48,28,20
Lynseanna,ravencrest,1331,priest,shadow,24,14,10
Broncos,twisting-nether,1331,priest,shadow,58,33,25
Inei,doomhammer,1331,priest,shadow,48,25,23
Donkyrobert,tarren-mill,1331,priest,shadow,30,14,16
Caera,blackrock,1328,priest,shadow,24,14,10
Dumámày,silvermoon,1326,priest,shadow,24,17,7
Cronershadow,stormscale,1326,priest,shadow,29,15,14
Poposy,hyjal,1324,priest,shadow,24,14,10
Ваккарий,gordunni,1324,priest,shadow,70,39,31
Grouptherpst,draenor,1323,priest,shadow,24,14,10
Kertith,argent-dawn,1323,priest,shadow,153,75,78
Mellandoh,tarren-mill,1322,priest,shadow,41,25,16
Shîn,aegwynn,1322,priest,shadow,71,36,35
Сэлунна,goldrinn,1321,priest,shadow,36,14,22
Kendea,silvermoon,1317,priest,shadow,105,54,51
Littlebugger,argent-dawn,1317,priest,shadow,63,28,35
Míjagí,blackhand,1314,priest,shadow,59,30,29
Meløø24FBC1,dalaran,1313,priest,shadow,103,54,49
Lathas,bloodfeather,1311,priest,shadow,36,23,13
Prästpojken,frostwhisper,1311,priest,shadow,36,19,17
Lurmus,outland,1311,priest,shadow,30,15,15
Xxede,dun-modr,1310,priest,shadow,81,37,44
Kasyrra,sylvanas,1309,priest,shadow,79,42,37
Battlefog,turalyon,1307,priest,shadow,48,26,22
Secundis,silvermoon,1305,priest,shadow,30,16,14
Saviour,spinebreaker,1302,priest,shadow,36,20,16
Kåz,argent-dawn,1301,priest,shadow,35,21,14
Synexia,sylvanas,1299,priest,shadow,39,24,15
Ammp,outland,1298,priest,shadow,92,51,41
Farseerx,ravencrest,1297,priest,shadow,114,67,47
Сариандра,gordunni,1295,priest,shadow,24,15,9
Рейвор,gordunni,1295,priest,shadow,23,14,9
Hexmon,tarren-mill,1292,priest,shadow,30,21,9
Цитамин,deathguard,1291,priest,shadow,85,39,46
Waycrest,ravencrest,1287,priest,shadow,29,15,14
Prøfesor,nemesis,1284,priest,shadow,33,15,18
Morteous,twisting-nether,1278,priest,shadow,247,125,122
Babarøga,blackrock,1274,priest,shadow,23,14,9
Voidlord,hyjal,1274,priest,shadow,58,30,28
Seehz,ysondre,1271,priest,shadow,35,14,21
Имморталрё,galakrond,1267,priest,shadow,30,20,10
Gauge,frostmane,1267,priest,shadow,104,52,52
Odium,alakir,1264,priest,shadow,36,18,18
Nûwa,draenor,1263,priest,shadow,18,15,3
Васпохилить,howling-fjord,1262,priest,shadow,79,33,46
Evilspel,ravencrest,1261,priest,shadow,33,18,15
Controlled,tarren-mill,1261,priest,shadow,65,32,33
Onskansmoder,shattered-hand,1257,priest,shadow,52,24,28
Hëllokitty,sanguino,1253,priest,shadow,86,42,44
Cornflays,outland,1248,priest,shadow,18,13,5
Cutepangolin,khaz-modan,1247,priest,shadow,18,13,5
Been,ravencrest,1247,priest,shadow,18,13,5
Shyvi,ravencrest,1246,priest,shadow,18,13,5
Rubzler,ravencrest,1246,priest,shadow,18,13,5
Testorwp,ragnaros,1245,priest,shadow,48,30,18
Lebronjay,ravencrest,1245,priest,shadow,24,13,11
Majinmadara,ravencrest,1245,priest,shadow,28,14,14
Kíssme,archimonde,1244,priest,shadow,18,14,4
Because,nemesis,1244,priest,shadow,18,13,5
Пристаболик,gordunni,1242,priest,shadow,18,13,5
Drakzx,kazzak,1242,priest,shadow,18,13,5
Ruojatar,stormreaver,1241,priest,shadow,18,13,5
Greyford,blackhand,1240,priest,shadow,18,13,5
Kimosabee,kazzak,1240,priest,shadow,24,13,11
Peikkousva,twisting-nether,1240,priest,shadow,24,13,11
Lilyrosemary,arathor,1239,priest,shadow,24,13,11
Jonig,blackmoore,1237,priest,shadow,30,13,17
Fordöbroo,ragnaros,1236,priest,shadow,96,47,49
Adssdfhjgh,outland,1235,priest,shadow,20,14,6
Morsy,alleria,1235,priest,shadow,27,14,13
Ariyáh,antonidas,1228,priest,shadow,24,13,11
Chowhone,archimonde,1227,priest,shadow,30,13,17
Clergy,hellfire,1226,priest,shadow,32,18,14
Daretox,turalyon,1225,priest,shadow,30,13,17
Wérrýxs,kazzak,1224,priest,shadow,24,13,11
Seum,ravencrest,1218,priest,shadow,30,13,17
Tesz,perenolde,1217,priest,shadow,36,16,20
Bromiaris,dun-morogh,1217,priest,shadow,30,13,17
Damnedangel,drakthul,1212,priest,shadow,30,13,17
Mirelaw,stormscale,1210,priest,shadow,78,50,28
Ulquiørra,blackmoore,1210,priest,shadow,30,13,17
Thergozar,stormscale,1208,priest,shadow,48,33,15
Vilhiil,darksorrow,1208,priest,shadow,29,13,16
Zedrus,azshara,1206,priest,shadow,29,13,16
Kristiflicka,kazzak,1196,priest,shadow,36,20,16
Veshania,blackhand,1194,priest,shadow,56,25,31
Nagatary,blackmoore,1192,priest,shadow,48,23,25
Bonbonici,sylvanas,1187,priest,shadow,24,17,7
Флэшх,soulflayer,1177,priest,shadow,22,13,9
Leckpriest,sanguino,1173,priest,shadow,28,13,15
Cthulou,tarren-mill,1170,priest,shadow,146,75,71
Tiinia,hyjal,1165,priest,shadow,40,15,25
Angleka,argent-dawn,1162,priest,shadow,83,38,45
Holymonstah,sanguino,1161,priest,shadow,46,24,22
Sayash,chamber-of-aspects,1158,priest,shadow,26,13,13
Scaryman,ravencrest,1157,priest,shadow,23,14,9
Hotdog,kult-der-verdammten,1152,priest,shadow,42,20,22
Julîane,aegwynn,1151,priest,shadow,18,12,6
Satin,twilights-hammer,1151,priest,shadow,18,12,6
Grayraven,azjolnerub,1151,priest,shadow,36,12,24
Jacep,kazzak,1150,priest,shadow,18,12,6
Виталябард,gordunni,1150,priest,shadow,24,12,12
Avatars,kirin-tor,1149,priest,shadow,36,18,18
Onlyfansp,ravencrest,1149,priest,shadow,30,12,18
Voidpbody,nerathor,1148,priest,shadow,18,12,6
Caballococo,dun-modr,1148,priest,shadow,88,36,52
Tweenitopg,les-clairvoyants,1146,priest,shadow,18,12,6
Kirrako,tarren-mill,1145,priest,shadow,24,12,12
Отчепадре,gordunni,1145,priest,shadow,24,12,12
Abjure,silvermoon,1144,priest,shadow,24,12,12
Cederpriest,tarren-mill,1143,priest,shadow,39,13,26
Lasdrael,dun-modr,1140,priest,shadow,24,14,10
Inzàné,kazzak,1138,priest,shadow,34,16,18
Hârlequin,draenor,1137,priest,shadow,203,102,101
Eliana,blackrock,1136,priest,shadow,18,12,6
Cabalist,silvermoon,1135,priest,shadow,96,49,47
Fuzzydude,ravencrest,1135,priest,shadow,36,12,24
Evypriest,draenor,1133,priest,shadow,24,12,12
Kdot,drakthul,1132,priest,shadow,18,12,6
Cerbero,doomhammer,1128,priest,shadow,18,12,6
Maximandreic,kazzak,1124,priest,shadow,42,13,29
Jønnybanana,blackrock,1118,priest,shadow,23,12,11
Malisna,argent-dawn,1115,priest,shadow,23,12,11
Sacher,shendralar,1111,priest,shadow,60,29,31
Cptnahab,blackmoore,1106,priest,shadow,19,17,2
Nellytaa,dalaran,1103,priest,shadow,35,18,17
Yonaka,amanthul,1102,priest,shadow,66,22,44
Yuhé,elune,1100,priest,shadow,24,16,8
Ðizzi,dun-modr,1096,priest,shadow,21,14,7
Crishroc,stormreaver,1084,priest,shadow,36,17,19
Frëyha,archimonde,1081,priest,shadow,43,25,18
Ниомана,gordunni,1077,priest,shadow,28,17,11
Абасали,howling-fjord,1077,priest,shadow,36,13,23
Амфетаминная,howling-fjord,1076,priest,shadow,32,18,14
Bodeeney,hellfire,1075,priest,shadow,54,23,31
Harukaa,aggra-português,1072,priest,shadow,18,14,4
Depridolens,argent-dawn,1071,priest,shadow,19,12,7
Phasmofobia,ragnaros,1058,priest,shadow,32,17,15
Shåmssp,kazzak,1056,priest,shadow,12,11,1
Equalìzer,ravencrest,1056,priest,shadow,12,11,1
Nukyo,blackmoore,1056,priest,shadow,18,11,7
Draryanna,nemesis,1056,priest,shadow,18,11,7
Alexwinkwink,kazzak,1056,priest,shadow,18,11,7
Emilyvvillis,outland,1055,priest,shadow,30,11,19
Azæriø,rashgarroth,1054,priest,shadow,18,11,7
Zultor,ragnaros,1054,priest,shadow,25,11,14
Шанэкс,howling-fjord,1053,priest,shadow,12,11,1
Dexploit,frostwolf,1053,priest,shadow,18,11,7
Umyqt,ragnaros,1053,priest,shadow,18,11,7
Yoggies,tarren-mill,1053,priest,shadow,21,12,9
Санятруу,blackscar,1053,priest,shadow,78,42,36
Triinkett,doomhammer,1053,priest,shadow,64,27,37
Блюмсик,blackscar,1052,priest,shadow,30,18,12
Xyo,alleria,1052,priest,shadow,24,11,13
Lousp,tarren-mill,1052,priest,shadow,30,11,19
Phobò,blackrock,1050,priest,shadow,24,11,13
Xatori,arthas,1047,priest,shadow,24,11,13
Zubrowkâ,kazzak,1043,priest,shadow,24,11,13
Holypowér,twisting-nether,1041,priest,shadow,24,11,13
ßeastx,nethersturm,1037,priest,shadow,24,11,13
Atelstan,drakthul,1034,priest,shadow,54,20,34
Дитеприста,greymane,1025,priest,shadow,18,11,7
Festiz,tichondrius,1024,priest,shadow,30,14,16
Ixdeadxl,stormscale,1022,priest,shadow,24,11,13
Кинраналь,eversong,1021,priest,shadow,30,17,13
Mynithir,chants-éternels,1020,priest,shadow,24,11,13
Soulsuckerr,silvermoon,1019,priest,shadow,30,11,19
Minabonxx,silvermoon,1007,priest,shadow,75,26,49
Froffzy,tarren-mill,1002,priest,shadow,30,12,18
Тэтсу,greymane,1001,priest,shadow,30,16,14
Fanberra,the-venture-co,1001,priest,shadow,24,11,13
Hellena,neptulon,1001,priest,shadow,30,13,17
Mydianá,aegwynn,999,priest,shadow,23,14,9
Hypnocat,blackrock,991,priest,shadow,22,11,11
Pipen,stormscale,990,priest,shadow,29,11,18
Asdaprice,hellfire,986,priest,shadow,18,12,6
Mylox,blackrock,984,priest,shadow,17,11,6
Kuddles,hyjal,981,priest,shadow,20,12,8
Уртримас,gordunni,975,priest,shadow,30,11,19
Zargoss,sylvanas,974,priest,shadow,19,11,8
Мргорсан,eversong,974,priest,shadow,30,16,14
Sinsofmany,ragnaros,960,priest,shadow,12,10,2
Ðrßøtÿcûs,la-croisade-écarlate,960,priest,shadow,12,10,2
Suitenatacho,archimonde,960,priest,shadow,12,10,2
Infernión,tarren-mill,960,priest,shadow,18,10,8
Lløthx,ravencrest,960,priest,shadow,18,10,8
Gbc,emerald-dream,960,priest,shadow,18,10,8
Tekdogx,blackmoore,960,priest,shadow,18,10,8
Achára,ravencrest,960,priest,shadow,18,10,8
Rippeep,emerald-dream,960,priest,shadow,18,10,8
Shøana,archimonde,960,priest,shadow,30,10,20
Øhlø,ysondre,959,priest,shadow,12,10,2
Tribz,kargath,959,priest,shadow,12,10,2
Pórt,kazzak,959,priest,shadow,15,11,4
Aiewn,elune,959,priest,shadow,18,12,6
Пампнавечерх,blackscar,959,priest,shadow,18,10,8
Goodison,outland,959,priest,shadow,24,10,14
Supriest,alakir,959,priest,shadow,24,10,14
Xceliann,stormscale,958,priest,shadow,12,10,2
Miruvai,tarren-mill,958,priest,shadow,18,10,8
Diha,argent-dawn,958,priest,shadow,18,10,8
Qiandra,argent-dawn,958,priest,shadow,24,10,14
Zeto,blackmoore,957,priest,shadow,12,10,2
Juxtapose,argent-dawn,957,priest,shadow,12,10,2
Seenoend,neptulon,957,priest,shadow,18,10,8
Nomorelight,stormscale,957,priest,shadow,24,10,14
Dayowe,antonidas,956,priest,shadow,118,58,60
Shadowsister,burning-blade,955,priest,shadow,18,10,8
Neychen,blackrock,952,priest,shadow,18,10,8
Powna,blackrock,947,priest,shadow,18,10,8
Иннй,howling-fjord,947,priest,shadow,24,11,13
Силабездны,deathguard,946,priest,shadow,38,20,18
Brainmuscle,ravencrest,945,priest,shadow,12,10,2
Szpinx,stormscale,942,priest,shadow,30,10,20
Серебрия,gordunni,937,priest,shadow,51,27,24
Syfl,defias-brotherhood,935,priest,shadow,24,10,14
Ruhoniy,ysondre,934,priest,shadow,30,17,13
Abrakahudder,tarren-mill,927,priest,shadow,17,10,7
Умом,gordunni,927,priest,shadow,26,11,15
Aezef,ysondre,926,priest,shadow,26,11,15
Fârge,elune,911,priest,shadow,17,10,7
Priestoll,draenor,911,priest,shadow,21,10,11
Акциуми,howling-fjord,909,priest,shadow,18,10,8
Reckpump,twisting-nether,891,priest,shadow,23,10,13
Эсттелла,gordunni,890,priest,shadow,48,19,29
Pneumay,tarren-mill,878,priest,shadow,18,10,8
Tailjob,silvermoon,864,priest,shadow,12,9,3
Døtgdx,archimonde,864,priest,shadow,12,9,3
Anabølixx,ravencrest,864,priest,shadow,12,9,3
Maysiex,twisting-nether,864,priest,shadow,12,9,3
Hanyk,kazzak,864,priest,shadow,12,9,3
Tylb,tarren-mill,864,priest,shadow,12,9,3
Svagis,draenor,864,priest,shadow,18,9,9
Shucks,stormscale,864,priest,shadow,18,9,9
Felaenna,argent-dawn,864,priest,shadow,18,9,9
Dogstav,kazzak,864,priest,shadow,18,9,9
Scade,kazzak,864,priest,shadow,18,9,9
Spyrono,kazzak,864,priest,shadow,18,9,9
Manyus,archimonde,864,priest,shadow,18,9,9
Widdlprest,sylvanas,864,priest,shadow,18,9,9
Dingqt,chogall,864,priest,shadow,18,9,9
Fjonnski,blackmoore,864,priest,shadow,21,10,11
Schmatzy,blackmoore,864,priest,shadow,24,9,15
Späxxi,amanthul,863,priest,shadow,12,9,3
Henaheals,ragnaros,863,priest,shadow,12,9,3
Statìk,outland,863,priest,shadow,12,9,3
Филяфан,gordunni,863,priest,shadow,18,9,9
Txypii,dun-modr,863,priest,shadow,18,9,9
Jadæ,ragnaros,863,priest,shadow,18,9,9
Wtrix,stormscale,863,priest,shadow,18,9,9
Наярда,howling-fjord,863,priest,shadow,18,9,9
Rházael,blackrock,863,priest,shadow,24,9,15
Skaliq,tarren-mill,862,priest,shadow,12,9,3
Kaleycuoco,blackrock,862,priest,shadow,12,9,3
Элдерле,gordunni,862,priest,shadow,18,9,9
Ilostmybible,runetotem,862,priest,shadow,24,9,15
Khäñ,ravencrest,862,priest,shadow,30,9,21
Хоозяин,blackscar,861,priest,shadow,12,9,3
Dívíne,ravenholdt,861,priest,shadow,12,9,3
Kavie,ravencrest,861,priest,shadow,18,9,9
Dutchstuff,karazhan,861,priest,shadow,18,9,9
Pristara,bloodhoof,860,priest,shadow,12,9,3
Wewo,drakthul,860,priest,shadow,21,10,11
Дроус,borean-tundra,858,priest,shadow,30,12,18
Elfriede,twisting-nether,856,priest,shadow,12,9,3
Zák,sylvanas,843,priest,shadow,18,9,9
Mimox,kaelthas,832,priest,shadow,18,9,9
Shaddyr,thrall,828,priest,shadow,17,9,8
Endchor,eredar,826,priest,shadow,37,16,21
Kloown,conseil-des-ombres,820,priest,shadow,23,10,13
Driptoohard,archimonde,815,priest,shadow,11,9,2
Csksablanca,sargeras,815,priest,shadow,11,9,2
Happychap,stormreaver,815,priest,shadow,21,9,12
Stoffig,aggramar,806,priest,shadow,18,9,9
Sigor,hellfire,802,priest,shadow,23,9,14
Bäckay,silvermoon,799,priest,shadow,16,9,7
Õðæßìùa,kazzak,799,priest,shadow,17,9,8
Arunp,magtheridon,799,priest,shadow,26,9,17
Alicanx,silvermoon,798,priest,shadow,17,9,8
Sypnos,zuljin,797,priest,shadow,16,9,7
Shyasianpr,area-52,768,priest,shadow,12,8,4
Demølishes,ravencrest,768,priest,shadow,12,8,4
Nätrix,tarren-mill,768,priest,shadow,12,8,4
Voideffsucks,stormscale,768,priest,shadow,12,8,4
Waltergoblin,sylvanas,768,priest,shadow,12,8,4
Balthe,defias-brotherhood,768,priest,shadow,12,8,4
Raëkon,nemesis,768,priest,shadow,12,8,4
Inavea,hyjal,768,priest,shadow,12,8,4
Vtspam,stormscale,768,priest,shadow,12,8,4
Djstache,tarren-mill,768,priest,shadow,12,8,4
Syreet,silvermoon,768,priest,shadow,12,8,4
Nøwmäck,archimonde,768,priest,shadow,15,9,6
Хелектро,deathweaver,768,priest,shadow,18,8,10
Waina,defias-brotherhood,768,priest,shadow,18,8,10
Jellypie,blackrock,768,priest,shadow,18,8,10
Hilerki,draenor,768,priest,shadow,18,8,10
Jaanny,defias-brotherhood,768,priest,shadow,18,8,10
Önnÿ,dun-modr,768,priest,shadow,24,8,16
Джианитто,borean-tundra,767,priest,shadow,12,8,4
Холиспирт,deathguard,767,priest,shadow,12,8,4
Jegred,draenor,767,priest,shadow,12,8,4
Zappikpriest,silvermoon,767,priest,shadow,12,8,4
Holineß,burning-blade,767,priest,shadow,12,8,4
Leleg,blackhand,767,priest,shadow,15,9,6
Kagarr,kazzak,767,priest,shadow,14,8,6
Aereza,darkspear,767,priest,shadow,18,8,10
Unreal,nagrand,767,priest,shadow,18,8,10
Venomspawn,ragnaros,767,priest,shadow,18,8,10
Dimorinny,silvermoon,767,priest,shadow,18,8,10
Bigdumber,kazzak,767,priest,shadow,18,8,10
Priestlolx,aegwynn,767,priest,shadow,24,8,16
Maskinjundre,bronzebeard,767,priest,shadow,24,8,16
Aducanpea,blackmoore,766,priest,shadow,12,8,4
Kumpi,azjolnerub,766,priest,shadow,12,8,4
Mavaai,burning-legion,766,priest,shadow,12,8,4
Ехереу,blackscar,766,priest,shadow,12,8,4
Ihaveibs,doomhammer,766,priest,shadow,19,9,10
Darkmayham,silvermoon,766,priest,shadow,18,8,10
Dvärg,ravencrest,766,priest,shadow,18,8,10
Johnnysp,eredar,765,priest,shadow,12,8,4
Чикхоп,blackscar,765,priest,shadow,12,8,4
Шаасит,soulflayer,765,priest,shadow,18,8,10
Géèk,alakir,765,priest,shadow,19,8,11
Holyface,twisting-nether,764,priest,shadow,12,8,4
Sammel,moonglade,763,priest,shadow,18,8,10
Zathada,twisting-nether,763,priest,shadow,18,8,10
Omnissiiah,silvermoon,763,priest,shadow,24,8,16
Skuggzter,outland,761,priest,shadow,12,8,4
Семмэр,gordunni,759,priest,shadow,27,9,18
Gwyneth,archimonde,753,priest,shadow,12,8,4
Намдандар,howling-fjord,753,priest,shadow,18,8,10
Barcodes,kazzak,749,priest,shadow,20,9,11
Teleriah,blackmoore,735,priest,shadow,17,8,9
Shíàpríést,kazzak,734,priest,shadow,29,8,21
Aeo,twisting-nether,732,priest,shadow,17,8,9
Røst,ravencrest,719,priest,shadow,11,8,3
Valdemar,alakir,706,priest,shadow,21,8,13
Malaíka,silvermoon,703,priest,shadow,11,8,3
Raetwo,stormscale,703,priest,shadow,14,8,6
Даркхон,howling-fjord,702,priest,shadow,14,8,6
Reptika,tichondrius,696,priest,shadow,16,8,8
Galilea,sanguino,672,priest,shadow,9,8,1
Fueguchi,anubarak,672,priest,shadow,12,7,5
Mcdutchy,arygos,672,priest,shadow,12,7,5
Libstik,hyjal,672,priest,shadow,12,7,5
Systerstål,twisting-nether,672,priest,shadow,12,7,5
Lavidu,antonidas,672,priest,shadow,12,7,5
Dolens,argent-dawn,672,priest,shadow,12,7,5
Æåeåeåé,twisting-nether,672,priest,shadow,12,7,5
Gyom,sargeras,672,priest,shadow,12,7,5
Kíguwu,draenor,672,priest,shadow,12,7,5
Sadgepriest,draenor,672,priest,shadow,12,7,5
Миррен,gordunni,672,priest,shadow,12,7,5
Fairylite,outland,672,priest,shadow,12,7,5
Laradiel,dun-modr,672,priest,shadow,12,7,5
Говорун,grom,672,priest,shadow,12,7,5
Aritrosp,kargath,672,priest,shadow,12,7,5
Xùÿø,culte-de-la-rive-noire,672,priest,shadow,12,7,5
Bizzlebabe,lightbringer,672,priest,shadow,12,7,5
Vladï,conseil-des-ombres,672,priest,shadow,12,7,5
Nordrenalin,tarren-mill,672,priest,shadow,12,7,5
Vittelk,stormscale,672,priest,shadow,12,7,5
Uria,moonglade,672,priest,shadow,12,7,5
Bensherman,dalaran,672,priest,shadow,12,7,5
Марриаза,blackscar,672,priest,shadow,12,7,5
Sundae,nemesis,672,priest,shadow,12,7,5
Gød,magtheridon,672,priest,shadow,12,7,5
Leggat,draenor,672,priest,shadow,15,8,7
Uzü,ysondre,672,priest,shadow,16,8,8
Heygoogle,ravencrest,672,priest,shadow,18,7,11
Majinbuù,sargeras,672,priest,shadow,18,7,11
Aíushtha,frostmane,672,priest,shadow,18,7,11
Irlfatguy,ravencrest,672,priest,shadow,20,7,13
Syam,dun-morogh,672,priest,shadow,24,7,17
Hiyahen,silvermoon,671,priest,shadow,12,7,5
Shadowchunks,argent-dawn,671,priest,shadow,12,7,5
Kogarrashi,aegwynn,671,priest,shadow,12,7,5
Plimpi,blackmoore,671,priest,shadow,12,7,5
Слышуфонк,howling-fjord,671,priest,shadow,12,7,5
Karnatia,burning-legion,671,priest,shadow,12,7,5
Badomens,draenor,671,priest,shadow,12,7,5
Абсорб,gordunni,671,priest,shadow,12,7,5
Scorbute,conseil-des-ombres,671,priest,shadow,12,7,5
Cryptoniite,kazzak,671,priest,shadow,12,7,5
Elarya,zenedar,671,priest,shadow,12,7,5
Мариаглорум,gordunni,671,priest,shadow,12,7,5
Freshpope,ravencrest,671,priest,shadow,16,8,8
Skypez,blackhand,671,priest,shadow,18,7,11
Gooflord,ravencrest,671,priest,shadow,18,7,11
Neggan,chamber-of-aspects,671,priest,shadow,18,7,11
Mirill,tarren-mill,671,priest,shadow,18,7,11
Deriont,argent-dawn,671,priest,shadow,18,7,11
Jerolol,sanguino,671,priest,shadow,18,7,11
Hiela,outland,670,priest,shadow,12,7,5
Haxxøn,die-nachtwache,670,priest,shadow,12,7,5
Calor,nemesis,670,priest,shadow,12,7,5
Morgoh,die-arguswacht,670,priest,shadow,12,7,5
Ittei,stormscale,670,priest,shadow,12,7,5
Kitasia,tarren-mill,670,priest,shadow,12,7,5
Psystorm,frostmane,670,priest,shadow,18,7,11
Sáro,ravencrest,669,priest,shadow,12,7,5
Hotsanddots,auchindoun,668,priest,shadow,12,7,5
Madizuluka,aggra-português,668,priest,shadow,21,8,13
Некросиний,eversong,667,priest,shadow,12,7,5
Hulluh,tarren-mill,665,priest,shadow,12,7,5
Nerfnerf,kazzak,663,priest,shadow,22,10,12
Redfield,frostmane,663,priest,shadow,24,7,17
Spaghettoni,tarren-mill,662,priest,shadow,12,7,5
Vregoa,twisting-nether,639,priest,shadow,17,7,10
Sadskîx,dun-modr,624,priest,shadow,9,8,1
Brainwash,darksorrow,608,priest,shadow,16,7,9
Reeflix,blackmoore,607,priest,shadow,17,8,9
Lipzip,twisting-nether,591,priest,shadow,19,7,12
Physx,blackrock,576,priest,shadow,6,6,0
Shacoat,draenor,576,priest,shadow,6,6,0
Шандресса,deepholm,576,priest,shadow,6,6,0
Deadandugly,eredar,576,priest,shadow,6,6,0
Deform,argent-dawn,576,priest,shadow,6,6,0
Viánná,sylvanas,576,priest,shadow,10,7,3
Despéri,ysondre,576,priest,shadow,12,6,6
Peep,emerald-dream,576,priest,shadow,12,6,6
Arratør,ysondre,576,priest,shadow,12,6,6
Kunayu,ravencrest,576,priest,shadow,12,6,6
Vardrium,antonidas,576,priest,shadow,12,6,6
Fluffieh,ravencrest,576,priest,shadow,12,6,6
Бранлор,howling-fjord,576,priest,shadow,12,6,6
Cultist,defias-brotherhood,576,priest,shadow,12,6,6
Wakizashi,ravencrest,576,priest,shadow,12,6,6
Babydark,ravencrest,576,priest,shadow,12,6,6
Noreal,twisting-nether,576,priest,shadow,12,6,6
Farotep,tarren-mill,576,priest,shadow,12,6,6
Prästjäväln,stormscale,576,priest,shadow,12,6,6
Saliâ,blackmoore,576,priest,shadow,12,6,6
Skyfour,blackmoore,576,priest,shadow,12,6,6
Hizumi,stormreaver,576,priest,shadow,12,6,6
Shadoxx,malganis,576,priest,shadow,12,6,6
Шучунекошмар,soulflayer,576,priest,shadow,12,6,6
Lilsayx,blackrock,576,priest,shadow,12,6,6
Ellfle,kazzak,576,priest,shadow,12,6,6
Umayyaa,sylvanas,576,priest,shadow,12,6,6
Miraçlê,kazzak,576,priest,shadow,12,6,6
Kraanocska,outland,576,priest,shadow,12,6,6
Oniakusa,outland,576,priest,shadow,12,6,6
Landliebe,outland,576,priest,shadow,12,6,6
Cluelêss,blackrock,576,priest,shadow,12,6,6
Wixzyx,ravencrest,576,priest,shadow,18,6,12
Файерин,soulflayer,576,priest,shadow,18,6,12
Apèx,blackrock,576,priest,shadow,18,6,12
Eytrhfb,stormscale,575,priest,shadow,12,6,6
Attaxx,dragonmaw,575,priest,shadow,12,6,6
Нитровина,howling-fjord,575,priest,shadow,12,6,6
Princéssà,aegwynn,575,priest,shadow,12,6,6
Wintercurse,twisting-nether,575,priest,shadow,18,6,12
Söörpriest,the-maelstrom,574,priest,shadow,12,6,6
Sacreth,ragnaros,574,priest,shadow,24,6,18
Bloodimand,terenas,572,priest,shadow,12,6,6
Karmapollys,silvermoon,570,priest,shadow,12,6,6
Trencharse,draenor,559,priest,shadow,17,6,11
Fumiiko,stormscale,543,priest,shadow,20,7,13
Valaç,turalyon,528,priest,shadow,15,6,9
Манддалорец,gordunni,512,priest,shadow,16,6,10
Lildiggy,outland,511,priest,shadow,14,6,8
Graveyards,tarren-mill,480,priest,shadow,6,5,1
Easyc,gorgonnash,480,priest,shadow,6,5,1
Gladíator,blackhand,480,priest,shadow,6,5,1
Attilerg,stormscale,480,priest,shadow,6,5,1
Potati,defias-brotherhood,480,priest,shadow,6,5,1
Nøskillzz,nemesis,480,priest,shadow,6,5,1
Disillusíon,tarren-mill,480,priest,shadow,6,5,1
Voidis,hyjal,480,priest,shadow,6,5,1
Rinkahands,silvermoon,480,priest,shadow,6,5,1
Алуриэлия,gordunni,480,priest,shadow,6,5,1
Pizzagigante,kazzak,480,priest,shadow,6,5,1
Darkqt,ravencrest,480,priest,shadow,6,5,1
Tigrok,burning-legion,480,priest,shadow,6,5,1
Bonifacio,la-croisade-écarlate,480,priest,shadow,6,5,1
Скизма,gordunni,480,priest,shadow,6,5,1
Зоргдаркнесс,howling-fjord,480,priest,shadow,6,5,1
Сакта,howling-fjord,480,priest,shadow,6,5,1
Mojoo,aggramar,480,priest,shadow,6,5,1
Mephiras,kult-der-verdammten,480,priest,shadow,6,5,1
Sleypriest,draenor,480,priest,shadow,6,5,1
Beasteaksx,thrall,480,priest,shadow,6,5,1
Pâww,kazzak,480,priest,shadow,6,5,1
Bazazath,thrall,480,priest,shadow,9,6,3
Mcdced,archimonde,480,priest,shadow,8,5,3
Mentax,kazzak,480,priest,shadow,12,5,7
Xelathor,twisting-nether,480,priest,shadow,12,5,7
Низара,deathguard,480,priest,shadow,12,5,7
Môrtïciâ,tarren-mill,480,priest,shadow,12,5,7
Korzec,dun-modr,480,priest,shadow,12,5,7
Svenskabarn,twisting-nether,480,priest,shadow,12,5,7
Alterspflege,eredar,480,priest,shadow,12,5,7
Nairima,argent-dawn,480,priest,shadow,12,5,7
Øro,ysondre,480,priest,shadow,12,5,7
Rovensin,ravencrest,480,priest,shadow,12,5,7
Lillclubbina,stormscale,480,priest,shadow,12,5,7
Darrianna,outland,480,priest,shadow,12,5,7
Tokkz,kelthuzad,480,priest,shadow,12,5,7
Shadowleech,ragnaros,480,priest,shadow,12,5,7
Smâshëd,stormscale,480,priest,shadow,12,5,7
Löspajen,stormscale,480,priest,shadow,12,5,7
Lyssandre,stormreaver,480,priest,shadow,12,5,7
Дакимакурах,gordunni,480,priest,shadow,12,5,7
Kidkuddo,blackmoore,480,priest,shadow,12,5,7
Raeratwo,archimonde,480,priest,shadow,12,5,7
Darkmus,quelthalas,480,priest,shadow,12,5,7
Sopsy,stormscale,480,priest,shadow,12,5,7
Jarkk,ysondre,480,priest,shadow,12,5,7
Taikki,stormreaver,480,priest,shadow,12,5,7
Shadowful,drakthul,480,priest,shadow,12,5,7
Slimshadey,malganis,480,priest,shadow,12,5,7
Bonsoin,kirin-tor,480,priest,shadow,12,5,7
Neverfade,dun-modr,480,priest,shadow,12,5,7
Cmonbro,hyjal,480,priest,shadow,12,5,7
Taxthepoor,blackhand,480,priest,shadow,12,5,7
Rokil,ravencrest,480,priest,shadow,12,5,7
Drakharys,dun-modr,480,priest,shadow,12,5,7
Singularity,ravencrest,480,priest,shadow,12,5,7
Qwertyuioasd,ravencrest,480,priest,shadow,12,5,7
Claudefrollo,the-maelstrom,480,priest,shadow,13,5,8
Elderath,eredar,480,priest,shadow,17,5,12
Moogie,archimonde,480,priest,shadow,18,5,13
Malip,ragnaros,480,priest,shadow,21,5,16
Лайкшеди,soulflayer,479,priest,shadow,6,5,1
Вэйворс,blackscar,479,priest,shadow,10,6,4
Балзик,blackscar,479,priest,shadow,12,5,7
Блэксикер,greymane,479,priest,shadow,12,5,7
Xieraxe,ravencrest,479,priest,shadow,12,5,7
Gimcho,magtheridon,479,priest,shadow,12,5,7
Heinricht,ragnaros,479,priest,shadow,12,5,7
Delaiya,antonidas,479,priest,shadow,18,6,12
Ethalia,kirin-tor,478,priest,shadow,12,5,7
Falbäla,suramar,473,priest,shadow,12,5,7
Ftiersp,ravencrest,463,priest,shadow,11,5,6
Sàd,thrall,447,priest,shadow,11,5,6
Chas,argent-dawn,432,priest,shadow,9,5,4
Sunehxp,blackrock,431,priest,shadow,11,5,6
Twisty,malganis,426,priest,shadow,17,9,8
Fathedead,stormreaver,426,priest,shadow,18,7,11
Deadlymoda,zenedar,415,priest,shadow,8,5,3
Grainbames,sylvanas,384,priest,shadow,6,4,2
Трихоманиаз,ashenvale,384,priest,shadow,6,4,2
Spae,twisting-nether,384,priest,shadow,6,4,2
Azazoth,sylvanas,384,priest,shadow,6,4,2
Virtualworld,ragnaros,384,priest,shadow,6,4,2
Lorthonor,silvermoon,384,priest,shadow,6,4,2
Олдмэнсэйд,soulflayer,384,priest,shadow,6,4,2
Mysticforces,silvermoon,384,priest,shadow,6,4,2
Jpxoxo,blackhand,384,priest,shadow,6,4,2
Alicanx,twisting-nether,384,priest,shadow,6,4,2
Nebunia,twisting-nether,384,priest,shadow,6,4,2
Satànâs,twisting-nether,384,priest,shadow,6,4,2
Lysium,sylvanas,384,priest,shadow,6,4,2
Старлайтх,gordunni,384,priest,shadow,6,4,2
Shadowboness,twisting-nether,384,priest,shadow,6,4,2
Tarantos,uldum,384,priest,shadow,6,4,2
Jeppehpräst,stormscale,384,priest,shadow,6,4,2
Daftî,twisting-nether,384,priest,shadow,6,4,2
Coqa,blackrock,384,priest,shadow,6,4,2
Drë,daggerspine,384,priest,shadow,6,4,2
Pangoffy,burning-legion,384,priest,shadow,6,4,2
Ylenae,twisting-nether,384,priest,shadow,6,4,2
Calsote,sanguino,384,priest,shadow,6,4,2
Éllipses,kazzak,384,priest,shadow,6,4,2
Вэстервилли,howling-fjord,384,priest,shadow,6,4,2
Elnyashka,ravencrest,384,priest,shadow,6,4,2
Temtem,ravencrest,384,priest,shadow,6,4,2
Looó,los-errantes,384,priest,shadow,6,4,2
Atropin,silvermoon,384,priest,shadow,6,4,2
Kobiden,stormreaver,384,priest,shadow,6,4,2
Awator,ysondre,384,priest,shadow,6,4,2
Usw,outland,384,priest,shadow,6,4,2
Jyugins,alonsus,384,priest,shadow,6,4,2
Syrïal,hyjal,384,priest,shadow,6,4,2
Dokurochan,tarren-mill,384,priest,shadow,6,4,2
Jesuispasbon,hyjal,384,priest,shadow,6,4,2
Evílshadows,tarren-mill,384,priest,shadow,6,4,2
Floodey,defias-brotherhood,384,priest,shadow,6,4,2
Balan,argent-dawn,384,priest,shadow,6,4,2
Roastie,frostmane,384,priest,shadow,6,4,2
Deethraa,argent-dawn,384,priest,shadow,6,4,2
Majestíc,blackmoore,384,priest,shadow,6,4,2
Azsaryn,magtheridon,384,priest,shadow,6,4,2
Vantek,antonidas,384,priest,shadow,6,4,2
Alinfinito,ravencrest,384,priest,shadow,6,4,2
Appraiser,draenor,384,priest,shadow,6,4,2
Thogrey,archimonde,384,priest,shadow,6,4,2
Yixi,blackmoore,384,priest,shadow,6,4,2
Torino,kazzak,384,priest,shadow,6,4,2
Cyrená,ravencrest,384,priest,shadow,6,4,2
Alusiepriest,ravencrest,384,priest,shadow,6,4,2
Spum,ravencrest,384,priest,shadow,6,4,2
Êlectron,ravencrest,384,priest,shadow,6,4,2
Lumex,aegwynn,384,priest,shadow,6,4,2
Thebesp,ravencrest,384,priest,shadow,6,4,2
Strvnge,stormreaver,384,priest,shadow,11,4,7
Nìak,ysondre,384,priest,shadow,15,5,10
Dotmaster,darkspear,384,priest,shadow,12,4,8
Cizer,kazzak,384,priest,shadow,12,4,8
Bacovia,tarren-mill,384,priest,shadow,12,4,8
Æro,malganis,384,priest,shadow,12,4,8
Shadøwz,grim-batol,384,priest,shadow,12,4,8
Fùkøff,stormscale,384,priest,shadow,12,4,8
Voidknight,darkspear,384,priest,shadow,12,4,8
Созвонимся,gordunni,384,priest,shadow,12,4,8
Khålyst,archimonde,384,priest,shadow,12,4,8
Umbrazoid,sanguino,384,priest,shadow,12,4,8
Swoptoplong,blackhand,384,priest,shadow,12,4,8
Xalgâzor,zuljin,384,priest,shadow,12,4,8
Арлектакль,blackscar,384,priest,shadow,12,4,8
Dpriesta,aegwynn,384,priest,shadow,12,4,8
Lenneyqt,blackmoore,384,priest,shadow,12,4,8
Самоэль,gordunni,384,priest,shadow,12,4,8
Gerase,blackrock,384,priest,shadow,12,4,8
Zaoza,dentarg,384,priest,shadow,12,4,8
Niikki,blackrock,384,priest,shadow,12,4,8
Lfgarcatraz,aegwynn,384,priest,shadow,12,4,8
Blååb,draenor,384,priest,shadow,12,4,8
Ларчшп,gordunni,384,priest,shadow,12,4,8
Ризорпанда,soulflayer,384,priest,shadow,12,4,8
Chlorohhkine,chogall,384,priest,shadow,13,4,9
Tobirama,stormscale,384,priest,shadow,17,4,13
Абрасд,gordunni,384,priest,shadow,18,4,14
Zerim,blackmoore,384,priest,shadow,18,4,14
Дикосвет,howling-fjord,384,priest,shadow,18,4,14
Boomhilde,aegwynn,383,priest,shadow,6,4,2
Newik,burning-legion,383,priest,shadow,6,4,2
Darettii,blackrock,383,priest,shadow,6,4,2
Abnórmus,tarren-mill,383,priest,shadow,6,4,2
Shikamarudmx,burning-legion,383,priest,shadow,15,5,10
Sphard,ysondre,383,priest,shadow,12,4,8
Мараес,howling-fjord,382,priest,shadow,6,4,2
Perchédue,silvermoon,367,priest,shadow,11,4,7
Levitating,argent-dawn,336,priest,shadow,9,5,4
Zennen,ragnaros,336,priest,shadow,13,5,8
Tweediertie,argent-dawn,335,priest,shadow,11,4,7
Shaaq,stormscale,330,priest,shadow,6,5,1
Prìestìalìty,draenor,330,priest,shadow,11,6,5
Holybestie,eredar,288,priest,shadow,6,3,3
Papynou,garona,288,priest,shadow,6,3,3
Stepsisstuck,ragnaros,288,priest,shadow,6,3,3
Iceys,stormscale,288,priest,shadow,6,3,3
Ahle,darkspear,288,priest,shadow,6,3,3
Cloudfactory,ravencrest,288,priest,shadow,6,3,3
Zøid,ysondre,288,priest,shadow,6,3,3
Neopriest,stormscale,288,priest,shadow,6,3,3
Moonword,archimonde,288,priest,shadow,6,3,3
Nitza,silvermoon,288,priest,shadow,6,3,3
Freezydot,silvermoon,288,priest,shadow,6,3,3
Xpy,kazzak,288,priest,shadow,6,3,3
Roxfer,ysondre,288,priest,shadow,6,3,3
Skillmåster,ravencrest,288,priest,shadow,6,3,3
Sàyaa,draenor,288,priest,shadow,6,3,3
Stinkycreep,executus,288,priest,shadow,6,3,3
Voidkäfer,ravencrest,288,priest,shadow,6,3,3
Cðsima,blackmoore,288,priest,shadow,6,3,3
Пристотян,gordunni,288,priest,shadow,6,3,3
Notra,shattrath,288,priest,shadow,6,3,3
Swl,blackrock,288,priest,shadow,6,3,3
Grocx,kazzak,288,priest,shadow,6,3,3
Marcellina,argent-dawn,288,priest,shadow,6,3,3
Yazh,argent-dawn,288,priest,shadow,6,3,3
Pbwser,silvermoon,288,priest,shadow,6,3,3
Лиройгеморой,gordunni,288,priest,shadow,6,3,3
Linara,frostmane,288,priest,shadow,6,3,3
Montane,wrathbringer,288,priest,shadow,6,3,3
Mindboorst,kazzak,288,priest,shadow,6,3,3
Drynte,blackmoore,288,priest,shadow,6,3,3
Miikkap,blackhand,288,priest,shadow,6,3,3
Xaviá,blackrock,288,priest,shadow,6,3,3
Taklamakan,alakir,288,priest,shadow,6,3,3
Kallsen,ravencrest,288,priest,shadow,6,3,3
Нечавкай,deathweaver,288,priest,shadow,6,3,3
Chandria,veknilash,288,priest,shadow,6,3,3
Momet,defias-brotherhood,288,priest,shadow,6,3,3
Bonka,sanguino,288,priest,shadow,6,3,3
Maela,uldum,288,priest,shadow,6,3,3
Vampiro,blackhand,288,priest,shadow,6,3,3
Vividots,draenor,288,priest,shadow,6,3,3
Morzâr,outland,288,priest,shadow,6,3,3
Eyvvah,twisting-nether,288,priest,shadow,6,3,3
Oggiz,archimonde,288,priest,shadow,6,3,3
Poonies,silvermoon,288,priest,shadow,6,3,3
Ragwitch,draenor,288,priest,shadow,6,3,3
Oblivita,twisting-nether,288,priest,shadow,6,3,3
Wkid,draenor,288,priest,shadow,6,3,3
Lethaa,twisting-nether,288,priest,shadow,6,3,3
Zzoska,burning-legion,288,priest,shadow,6,3,3
Syntara,twisting-nether,288,priest,shadow,6,3,3
Shasdöw,hyjal,288,priest,shadow,6,3,3
Liliashet,sanguino,288,priest,shadow,6,3,3
Imadîa,dalaran,288,priest,shadow,6,3,3
Skymning,tarren-mill,288,priest,shadow,6,3,3
Lovelessp,stormscale,288,priest,shadow,6,3,3
Wizarxmentar,stormscale,288,priest,shadow,6,3,3
Susaj,tarren-mill,288,priest,shadow,6,3,3
Nhajÿ,hyjal,288,priest,shadow,6,3,3
Sweedensp,hyjal,288,priest,shadow,6,3,3
Abyssonmind,dun-modr,288,priest,shadow,6,3,3
Флэнсер,soulflayer,288,priest,shadow,6,3,3
Voilencia,kazzak,288,priest,shadow,6,3,3
Emala,hyjal,288,priest,shadow,6,3,3
Presbyter,mazrigos,288,priest,shadow,6,3,3
Sleeg,tarren-mill,288,priest,shadow,6,3,3
Неприст,ashenvale,288,priest,shadow,6,3,3
Dboi,tarren-mill,288,priest,shadow,6,3,3
Exörcíst,outland,288,priest,shadow,6,3,3
Дюрэкс,soulflayer,288,priest,shadow,6,3,3
Talandra,drakthul,288,priest,shadow,6,3,3
Смегмачет,soulflayer,288,priest,shadow,6,3,3
Ggsus,outland,288,priest,shadow,6,3,3
Chaarronn,drakthul,288,priest,shadow,6,3,3
Bhlad,silvermoon,288,priest,shadow,6,3,3
Allanna,talnivarr,288,priest,shadow,6,3,3
Lutzki,the-maelstrom,288,priest,shadow,6,3,3
Dunkelseele,ahnqiraj,288,priest,shadow,6,3,3
Peaksp,stormscale,288,priest,shadow,6,3,3
Trinnity,drakthul,288,priest,shadow,6,3,3
Jlox,stormscale,288,priest,shadow,9,4,5
Kopfsache,blackmoore,288,priest,shadow,7,3,4
Kåstå,archimonde,288,priest,shadow,11,3,8
Aaluvor,blackmoore,288,priest,shadow,12,3,9
Supermacy,eredar,288,priest,shadow,12,3,9
Elumi,the-maelstrom,288,priest,shadow,12,3,9
Xrystal,wrathbringer,288,priest,shadow,12,3,9
Nesar,stormscale,288,priest,shadow,12,3,9
Shreedz,blackmoore,288,priest,shadow,12,3,9
Hâstur,ravencrest,288,priest,shadow,12,3,9
Лейля,goldrinn,288,priest,shadow,12,3,9
Preast,aegwynn,288,priest,shadow,12,3,9
Goldische,dun-morogh,288,priest,shadow,12,3,9
Kaenlin,the-maelstrom,288,priest,shadow,18,3,15
Lisua,blackmoore,288,priest,shadow,18,3,15
Farilight,draenor,287,priest,shadow,6,3,3
Jês,thrall,287,priest,shadow,6,3,3
Rulna,die-aldor,287,priest,shadow,12,3,9
Nuger,tarren-mill,286,priest,shadow,6,3,3
Irrtum,nozdormu,286,priest,shadow,6,3,3
Жруля,ashenvale,286,priest,shadow,18,3,15
Czikibriki,ravenholdt,256,priest,shadow,4,4,0
Willzah,outland,240,priest,shadow,9,3,6
Løxi,blackmoore,239,priest,shadow,5,3,2
Guccimaane,twisting-nether,239,priest,shadow,5,3,2
Caski,stormreaver,239,priest,shadow,5,3,2
Herro,thrall,239,priest,shadow,5,3,2
Deeforce,argent-dawn,234,priest,shadow,6,4,2
Фьюриреидж,soulflayer,234,priest,shadow,8,4,4
Ðarcø,archimonde,208,priest,shadow,13,3,10
Shadowflamè,outland,192,priest,shadow,4,3,1
Szycho,burning-legion,192,priest,shadow,9,3,6
Lugburzz,draenor,192,priest,shadow,6,2,4
Yugata,archimonde,192,priest,shadow,6,2,4
Omejan,frostmane,192,priest,shadow,6,2,4
Daven,ysondre,192,priest,shadow,6,2,4
Xaeroow,archimonde,192,priest,shadow,6,2,4
Ximenia,eredar,192,priest,shadow,6,2,4
Ohboy,eredar,192,priest,shadow,6,2,4
Bandgap,antonidas,192,priest,shadow,6,2,4
Zikár,kazzak,192,priest,shadow,6,2,4
Calïxløve,der-rat-von-dalaran,192,priest,shadow,6,2,4
Wiglere,argent-dawn,192,priest,shadow,6,2,4
Phobò,antonidas,192,priest,shadow,6,2,4
Velansera,argent-dawn,192,priest,shadow,6,2,4
Alpharîus,argent-dawn,192,priest,shadow,6,2,4
Chekkó,blackrock,192,priest,shadow,6,2,4
Datscrazi,ravencrest,192,priest,shadow,6,2,4
Aruna,ravencrest,192,priest,shadow,6,2,4
Brobox,blackmoore,192,priest,shadow,6,2,4
Forhandleren,draenor,192,priest,shadow,6,2,4
Wsp,tarren-mill,192,priest,shadow,6,2,4
Vengigodxx,ravencrest,192,priest,shadow,6,2,4
Reïny,tarren-mill,192,priest,shadow,6,2,4
Bòóny,ravencrest,192,priest,shadow,6,2,4
Mahist,ravencrest,192,priest,shadow,6,2,4
Harleyquiñ,burning-legion,192,priest,shadow,6,2,4
Buan,blackmoore,192,priest,shadow,6,2,4
Oknelim,blackmoore,192,priest,shadow,6,2,4
Lythra,burning-legion,192,priest,shadow,6,2,4
Периссвет,thermaplugg,192,priest,shadow,6,2,4
Rustyroll,stormscale,192,priest,shadow,6,2,4
Mømmymilkers,archimonde,192,priest,shadow,6,2,4
Lèviåthån,stormscale,192,priest,shadow,6,2,4
Rallzken,stormscale,192,priest,shadow,6,2,4
Zakkonnik,burning-legion,192,priest,shadow,6,2,4
Crzzy,dun-modr,192,priest,shadow,6,2,4
Esthea,malganis,192,priest,shadow,6,2,4
Clemexyo,stormscale,192,priest,shadow,6,2,4
Шарадин,gordunni,192,priest,shadow,6,2,4
Nomarak,drakthul,192,priest,shadow,6,2,4
Cto,gorgonnash,192,priest,shadow,6,2,4
Amáni,die-aldor,192,priest,shadow,6,2,4
Ørbänvîktôrx,ragnaros,192,priest,shadow,6,2,4
Мсикатана,gordunni,192,priest,shadow,6,2,4
Безмездная,gordunni,192,priest,shadow,6,2,4
Дашажмитучу,howling-fjord,192,priest,shadow,6,2,4
Сорвиголов,howling-fjord,192,priest,shadow,6,2,4
Getitoffme,auchindoun,192,priest,shadow,6,2,4
Tankeløs,kazzak,192,priest,shadow,6,2,4
Pepitzaftw,sylvanas,192,priest,shadow,6,2,4
Ичисанчик,howling-fjord,192,priest,shadow,6,2,4
Tuljan,twisting-nether,192,priest,shadow,6,2,4
Sotriggered,sylvanas,192,priest,shadow,6,2,4
Crazyname,outland,192,priest,shadow,6,2,4
Verbs,kazzak,192,priest,shadow,6,2,4
Elëctra,vashj,192,priest,shadow,6,2,4
Ràthaløs,sanguino,192,priest,shadow,6,2,4
Turah,the-maelstrom,192,priest,shadow,6,2,4
Joezero,the-maelstrom,192,priest,shadow,6,2,4
Makemyday,dun-modr,192,priest,shadow,6,2,4
Misántropo,dun-modr,192,priest,shadow,6,2,4
Andérsón,magtheridon,192,priest,shadow,6,2,4
Otheym,the-maelstrom,192,priest,shadow,6,2,4
Illordz,nemesis,192,priest,shadow,6,2,4
Sephìrøth,malganis,192,priest,shadow,6,2,4
Hadsup,stormscale,192,priest,shadow,6,2,4
Notdespo,kazzak,192,priest,shadow,6,2,4
Kaleshiry,kazzak,192,priest,shadow,6,2,4
Keijuna,kazzak,192,priest,shadow,6,2,4
Бихар,gordunni,192,priest,shadow,10,2,8
Господствуй,gordunni,192,priest,shadow,12,2,10
Suurona,die-aldor,192,priest,shadow,12,2,10
Edoran,ragnaros,159,priest,shadow,5,2,3
Girlidlion,twisting-nether,159,priest,shadow,5,2,3
Shidoya,tarren-mill,159,priest,shadow,5,2,3
Qku,ravencrest,144,priest,shadow,9,3,6
Alswynn,draenor,138,priest,shadow,13,3,10
Inferius,shadowsong,138,priest,shadow,16,3,13
Heeyø,drakthul,128,priest,shadow,4,2,2
Yologrumples,tarren-mill,128,priest,shadow,4,2,2
Vampirski,kazzak,96,priest,shadow,3,2,1
Попячебрило,gordunni,96,priest,shadow,6,1,5
Kales,grim-batol,96,priest,shadow,6,1,5
Löô,archimonde,96,priest,shadow,6,1,5
Gobie,sunstrider,96,priest,shadow,6,1,5
Nelpriest,hyjal,96,priest,shadow,6,1,5
Noir,nemesis,96,priest,shadow,6,1,5
Bij,outland,96,priest,shadow,6,1,5
Vtqt,outland,96,priest,shadow,6,1,5
Jakepriest,twisting-nether,96,priest,shadow,6,1,5
Stola,archimonde,96,priest,shadow,6,1,5
Абсорбиболь,howling-fjord,96,priest,shadow,6,1,5
Hampådenbååd,kazzak,96,priest,shadow,6,1,5
Míllerzz,ragnaros,96,priest,shadow,6,1,5
Uwucatgir,silvermoon,96,priest,shadow,6,1,5
Maddøc,die-aldor,96,priest,shadow,6,1,5
Мегаствол,howling-fjord,96,priest,shadow,6,1,5
Abudhabi,blackhand,96,priest,shadow,6,1,5
Príêstjklòl,stormscale,96,priest,shadow,6,1,5
Vès,stormscale,96,priest,shadow,6,1,5
Tryagain,ravencrest,96,priest,shadow,6,1,5
Skitcy,ghostlands,96,priest,shadow,6,1,5
Alaeddin,kazzak,96,priest,shadow,6,1,5
Anariell,ravencrest,96,priest,shadow,6,1,5
Ghostroller,ravencrest,96,priest,shadow,6,1,5
Катранасс,eversong,96,priest,shadow,6,1,5
Nukksch,antonidas,96,priest,shadow,6,1,5
Baltrom,ravencrest,96,priest,shadow,6,1,5
Chimara,eredar,96,priest,shadow,6,1,5
Anglaran,hellscream,96,priest,shadow,6,1,5
Higgle,argent-dawn,96,priest,shadow,6,1,5
Shonsized,argent-dawn,96,priest,shadow,6,1,5
Soulmedic,draenor,96,priest,shadow,6,1,5
Nestélle,drakthul,96,priest,shadow,6,1,5
Zukatana,tarren-mill,96,priest,shadow,6,1,5
Xanelor,tarren-mill,96,priest,shadow,6,1,5
Rines,thrall,96,priest,shadow,6,1,5
Rehpotsirhc,blackrock,96,priest,shadow,6,1,5
Kianprie,silvermoon,96,priest,shadow,6,1,5
Corefusion,blackrock,96,priest,shadow,6,1,5
Adev,drakthul,96,priest,shadow,6,1,5
Winstõn,sanguino,96,priest,shadow,6,1,5
Deicidex,blackrock,96,priest,shadow,6,1,5
Bädx,silvermoon,96,priest,shadow,6,1,5
Ölümsüz,blackmoore,96,priest,shadow,6,1,5
Koíré,defias-brotherhood,96,priest,shadow,6,1,5
Arliston,draenor,96,priest,shadow,6,1,5
Enduring,darksorrow,96,priest,shadow,6,1,5
Prostamolle,conseil-des-ombres,96,priest,shadow,6,1,5
Tiras,argent-dawn,96,priest,shadow,12,1,11
Peesussy,kazzak,79,priest,shadow,5,1,4
Gandals,shadowsong,64,priest,shadow,4,1,3
Xavyos,eredar,64,priest,shadow,4,1,3
Xharyo,ravencrest,64,priest,shadow,4,1,3
Eslo,outland,63,priest,shadow,2,2,0
Achesita,sylvanas,48,priest,shadow,3,1,2
Holyhigh,baelgun,31,priest,shadow,2,1,1
Mjuk,tarren-mill,16,priest,shadow,1,1,0
Rãz,stormscale,2130,rogue,outlaw,66,36,30
Макевин,gordunni,1816,rogue,outlaw,70,32,38
Krixor,ravencrest,1804,rogue,outlaw,78,36,42
Kekuriix,vashj,1796,rogue,outlaw,130,66,64
Дизелюжн,howling-fjord,1744,rogue,outlaw,236,116,120
Феинт,galakrond,1739,rogue,outlaw,48,19,29
Yessa,argent-dawn,1721,rogue,outlaw,36,18,18
Radiogodx,stormscale,1682,rogue,outlaw,139,68,71
Koopa,argent-dawn,1666,rogue,outlaw,60,29,31
Kreayx,ysondre,1666,rogue,outlaw,42,19,23
Scotlander,argent-dawn,1627,rogue,outlaw,60,34,26
Kreay,ysondre,1620,rogue,outlaw,42,20,22
Estriil,dalaran,1618,rogue,outlaw,36,22,14
Jalsket,tarren-mill,1609,rogue,outlaw,42,21,21
Lidiaubaro,ravencrest,1593,rogue,outlaw,290,144,146
Kreay,tarren-mill,1576,rogue,outlaw,40,29,11
Syrn,ravencrest,1551,rogue,outlaw,60,27,33
Izzmonab,blackmoore,1519,rogue,outlaw,24,16,8
Ранконх,lich-king,1502,rogue,outlaw,50,17,33
Зувер,blackscar,1494,rogue,outlaw,106,57,49
Deevoll,tarren-mill,1481,rogue,outlaw,102,45,57
Sigleif,argent-dawn,1471,rogue,outlaw,111,57,54
Nèwt,aggramar,1469,rogue,outlaw,114,57,57
Bonelesschic,silvermoon,1446,rogue,outlaw,125,67,58
Loubina,silvermoon,1446,rogue,outlaw,36,16,20
Zbojník,ravencrest,1434,rogue,outlaw,36,15,21
Jasolo,silvermoon,1429,rogue,outlaw,305,166,139
Déjávu,ravencrest,1426,rogue,outlaw,30,15,15
Shredfngrz,garona,1416,rogue,outlaw,38,18,20
Bannedfrigid,outland,1409,rogue,outlaw,42,15,27
Carvyn,defias-brotherhood,1382,rogue,outlaw,81,42,39
Delrøq,draenor,1373,rogue,outlaw,60,30,30
Cryneth,ravencrest,1373,rogue,outlaw,51,25,26
Åråmsëß,grim-batol,1355,rogue,outlaw,24,15,9
Tidløs,dun-morogh,1349,rogue,outlaw,65,28,37
Murkyy,gilneas,1329,rogue,outlaw,32,16,16
Djeud,archimonde,1325,rogue,outlaw,64,34,30
Ålûñàhlulz,kilrogg,1320,rogue,outlaw,24,14,10
Chillo,ravencrest,1259,rogue,outlaw,34,15,19
Mawrat,mazrigos,1248,rogue,outlaw,30,13,17
Röguetönerö,dun-modr,1240,rogue,outlaw,36,13,23
Sqz,archimonde,1222,rogue,outlaw,30,18,12
Шторкаа,gordunni,1214,rogue,outlaw,33,19,14
Jinzou,blackmoore,1200,rogue,outlaw,51,27,24
Rasponi,ragnaros,1176,rogue,outlaw,36,17,19
Xsanji,kazzak,1140,rogue,outlaw,30,12,18
Rivso,auchindoun,1118,rogue,outlaw,41,14,27
Spiochrr,burning-legion,1064,rogue,outlaw,44,17,27
Lättja,hyjal,1059,rogue,outlaw,24,12,12
Eukaryot,aggra-português,1054,rogue,outlaw,24,11,13
Bxtchslayer,blackmoore,1044,rogue,outlaw,35,21,14
Génn,silvermoon,1041,rogue,outlaw,44,21,23
Svddendeath,ragnaros,1034,rogue,outlaw,24,11,13
Melahl,kazzak,1005,rogue,outlaw,45,26,19
Soothinqq,emerald-dream,963,rogue,outlaw,23,15,8
Lïke,frostwolf,960,rogue,outlaw,18,10,8
Omgjkgtfo,ravencrest,952,rogue,outlaw,24,10,14
Foulsteel,stormscale,951,rogue,outlaw,18,10,8
Omuspan,magtheridon,891,rogue,outlaw,60,26,34
Pistolpete,grim-batol,864,rogue,outlaw,24,9,15
Hânnäh,hyjal,805,rogue,outlaw,42,18,24
Callmerose,ravencrest,768,rogue,outlaw,12,8,4
Zep,auchindoun,768,rogue,outlaw,12,8,4
Bikrut,hyjal,768,rogue,outlaw,12,8,4
Gerzy,drakthul,768,rogue,outlaw,18,8,10
Vokhun,outland,768,rogue,outlaw,18,8,10
Джулт,soulflayer,767,rogue,outlaw,24,8,16
Okani,hyjal,761,rogue,outlaw,18,8,10
Blàckbèàrd,silvermoon,753,rogue,outlaw,36,13,23
Shichi,archimonde,751,rogue,outlaw,23,8,15
Dían,ravencrest,672,rogue,outlaw,12,7,5
Dêlaral,der-rat-von-dalaran,672,rogue,outlaw,16,8,8
Rogiko,twisting-nether,672,rogue,outlaw,18,7,11
Kidneyou,ragnaros,672,rogue,outlaw,18,7,11
Ðaegr,ravencrest,671,rogue,outlaw,12,7,5
Жижель,howling-fjord,671,rogue,outlaw,12,7,5
Trixnaz,silvermoon,671,rogue,outlaw,18,7,11
Badabôôm,wrathbringer,670,rogue,outlaw,18,7,11
Cornvus,burning-legion,658,rogue,outlaw,12,7,5
Фофламидзе,gordunni,611,rogue,outlaw,15,7,8
Shåð,zuljin,576,rogue,outlaw,12,6,6
Маллестар,ashenvale,575,rogue,outlaw,12,6,6
Cipusan,kazzak,575,rogue,outlaw,12,6,6
Anom,kargath,575,rogue,outlaw,12,6,6
Pidroseus,argent-dawn,575,rogue,outlaw,12,6,6
Noodlegoose,tarren-mill,575,rogue,outlaw,12,6,6
Кингксу,gordunni,575,rogue,outlaw,24,6,18
Rã,archimonde,574,rogue,outlaw,12,6,6
Тимареканец,eversong,572,rogue,outlaw,18,6,12
Zômbiê,blackrock,491,rogue,outlaw,13,6,7
Tåxic,sylvanas,480,rogue,outlaw,6,5,1
Featfawkes,ragnaros,480,rogue,outlaw,12,5,7
Faoil,defias-brotherhood,480,rogue,outlaw,12,5,7
Fivepoint,blackmoore,480,rogue,outlaw,12,5,7
Ладжо,gordunni,480,rogue,outlaw,18,5,13
Dredge,kaelthas,479,rogue,outlaw,12,5,7
Nocrath,blades-edge,479,rogue,outlaw,12,5,7
Djsapblindx,archimonde,479,rogue,outlaw,18,5,13
Hosenpinkler,lordaeron,478,rogue,outlaw,12,5,7
Örog,hyjal,425,rogue,outlaw,14,6,8
Darkchomeur,archimonde,384,rogue,outlaw,6,4,2
Machmacan,thrall,384,rogue,outlaw,12,4,8
Synexo,sylvanas,384,rogue,outlaw,12,4,8
Mïta,blackmoore,383,rogue,outlaw,6,4,2
Alena,arathi,383,rogue,outlaw,6,4,2
Groendienst,quelthalas,381,rogue,outlaw,12,4,8
Trímønâ,gorgonnash,351,rogue,outlaw,11,4,7
Masteez,ahnqiraj,318,rogue,outlaw,5,4,1
Cigarette,emeriss,288,rogue,outlaw,6,3,3
Skygann,burning-legion,288,rogue,outlaw,6,3,3
Mol,defias-brotherhood,288,rogue,outlaw,6,3,3
Onlyluvhurt,dun-modr,288,rogue,outlaw,6,3,3
Играючестно,howling-fjord,288,rogue,outlaw,6,3,3
Shadxwstep,ravencrest,288,rogue,outlaw,6,3,3
Szpachela,burning-legion,288,rogue,outlaw,12,3,9
Finisher,sanguino,288,rogue,outlaw,12,3,9
Pasarelo,dun-modr,288,rogue,outlaw,12,3,9
Cobaka,blackrock,288,rogue,outlaw,12,3,9
Heulleise,die-ewige-wacht,288,rogue,outlaw,12,3,9
Ванэйти,gordunni,287,rogue,outlaw,6,3,3
Mcgora,doomhammer,286,rogue,outlaw,6,3,3
Blackmetall,aegwynn,286,rogue,outlaw,12,3,9
Dawnsaber,argent-dawn,192,rogue,outlaw,6,2,4
Nyxal,argent-dawn,192,rogue,outlaw,6,2,4
Razaah,ravencrest,192,rogue,outlaw,6,2,4
Оргельна,gordunni,192,rogue,outlaw,6,2,4
Shåggy,vashj,192,rogue,outlaw,6,2,4
Zind,dalaran,192,rogue,outlaw,6,2,4
Banaulikode,twisting-nether,192,rogue,outlaw,6,2,4
Sneakysteve,bloodfeather,192,rogue,outlaw,6,2,4
Paralisis,zuljin,192,rogue,outlaw,6,2,4
Zyhmø,archimonde,192,rogue,outlaw,6,2,4
Nomota,sanguino,192,rogue,outlaw,6,2,4
Stunlock,silvermoon,192,rogue,outlaw,6,2,4
Snøv,outland,192,rogue,outlaw,6,2,4
Berneo,burning-legion,192,rogue,outlaw,6,2,4
Alvoriace,hyjal,192,rogue,outlaw,12,2,10
Valtesse,medivh,159,rogue,outlaw,5,2,3
Геопанк,howling-fjord,144,rogue,outlaw,3,3,0
Zyreanxy,blackrock,138,rogue,outlaw,10,3,7
Tipok,tarren-mill,136,rogue,outlaw,14,3,11
Cardsharkjoe,argent-dawn,127,rogue,outlaw,8,2,6
Ñøway,archimonde,96,rogue,outlaw,3,2,1
Vaze,ravencrest,96,rogue,outlaw,6,1,5
Yüm,burning-blade,96,rogue,outlaw,6,1,5
Sty,aerie-peak,96,rogue,outlaw,6,1,5
Ciaordel,sylvanas,96,rogue,outlaw,6,1,5
Ótsutsukí,kazzak,96,rogue,outlaw,6,1,5
Dritzdourden,dun-modr,96,rogue,outlaw,6,1,5
Mallaurya,dalaran,96,rogue,outlaw,6,1,5
Леронда,deepholm,96,rogue,outlaw,6,1,5
Jester,bladefist,96,rogue,outlaw,12,1,11
Tiltman,dun-morogh,79,rogue,outlaw,5,1,4
Nabatean,magtheridon,48,rogue,outlaw,3,1,2
Getbleeded,stormscale,31,rogue,outlaw,2,1,1
Naláa,ravencrest,2346,rogue,subtlety,92,54,38
Cazzette,ravencrest,2204,rogue,subtlety,81,48,33
Asumah,ravencrest,2200,rogue,subtlety,90,55,35
Ncrø,aszune,2182,rogue,subtlety,73,46,27
Howton,archimonde,2177,rogue,subtlety,60,39,21
Лолелт,borean-tundra,2131,rogue,subtlety,104,53,51
Ewynarog,silvermoon,2129,rogue,subtlety,65,37,28
Lfgenjoyer,tarren-mill,2114,rogue,subtlety,126,77,49
Denjinx,culte-de-la-rive-noire,2107,rogue,subtlety,78,43,35
Pridå,thrall,2107,rogue,subtlety,78,41,37
Vulkos,lightbringer,2040,rogue,subtlety,99,50,49
Nàsklolz,hyjal,2035,rogue,subtlety,66,35,31
Chatdisabled,drakthul,2021,rogue,subtlety,167,89,78
Sunø,archimonde,2018,rogue,subtlety,163,78,85
Эмилилавс,galakrond,2015,rogue,subtlety,182,107,75
Magepèt,tarren-mill,2004,rogue,subtlety,112,66,46
Troxerboxer,tarren-mill,2000,rogue,subtlety,60,32,28
Lówskill,outland,1990,rogue,subtlety,222,119,103
Nothingleft,draenor,1981,rogue,subtlety,72,43,29
Смертьвсмоке,gordunni,1981,rogue,subtlety,284,141,143
Пожилойпупь,gordunni,1971,rogue,subtlety,47,29,18
Renhri,burning-legion,1968,rogue,subtlety,220,122,98
Makethemrog,archimonde,1966,rogue,subtlety,84,40,44
Aythusha,twisting-nether,1957,rogue,subtlety,54,31,23
Guççí,blackrock,1953,rogue,subtlety,65,39,26
Сильфитт,gordunni,1945,rogue,subtlety,76,44,32
Флексити,soulflayer,1939,rogue,subtlety,114,59,55
Drydamage,kazzak,1930,rogue,subtlety,119,62,57
Smøkyyx,eredar,1930,rogue,subtlety,54,26,28
Unìque,sylvanas,1918,rogue,subtlety,96,51,45
Îlîlîlîlîlî,azuremyst,1915,rogue,subtlety,164,94,70
Asterisyup,silvermoon,1909,rogue,subtlety,89,55,34
Zuqzwang,outland,1901,rogue,subtlety,54,30,24
Clawdíte,blackrock,1895,rogue,subtlety,48,21,27
Çhimaev,ravencrest,1886,rogue,subtlety,28,21,7
Tracersxrude,ravencrest,1881,rogue,subtlety,101,45,56
Rãz,stormscale,1880,rogue,subtlety,48,31,17
Sapécomejaja,archimonde,1866,rogue,subtlety,38,24,14
Shadowprank,ravencrest,1860,rogue,subtlety,72,41,31
Brensø,nemesis,1857,rogue,subtlety,99,60,39
Иждолк,gordunni,1853,rogue,subtlety,66,40,26
Âkame,argent-dawn,1853,rogue,subtlety,59,32,27
Chatbann,blackrock,1852,rogue,subtlety,160,89,71
Shoxy,ravencrest,1852,rogue,subtlety,58,32,26
Nahj,ravencrest,1851,rogue,subtlety,42,28,14
Malasap,archimonde,1848,rogue,subtlety,187,103,84
Asm,the-maelstrom,1848,rogue,subtlety,64,31,33
Лолелт,howling-fjord,1846,rogue,subtlety,42,25,17
Shadezlöl,ravencrest,1832,rogue,subtlety,262,131,131
Terrorman,ravencrest,1829,rogue,subtlety,36,24,12
Nøctürnë,archimonde,1829,rogue,subtlety,42,26,16
Bleakhøuse,ravencrest,1829,rogue,subtlety,58,29,29
Illmatíc,ravencrest,1828,rogue,subtlety,56,29,27
Lízåriñ,ravencrest,1827,rogue,subtlety,48,38,10
Лайнэл,deathweaver,1827,rogue,subtlety,54,35,19
Insomnla,silvermoon,1827,rogue,subtlety,108,59,49
Chizué,sylvanas,1824,rogue,subtlety,54,34,20
Noraex,silvermoon,1822,rogue,subtlety,81,47,34
Тохуо,lich-king,1822,rogue,subtlety,42,20,22
Погибайдуде,gordunni,1821,rogue,subtlety,41,34,7
Radiogodx,stormscale,1817,rogue,subtlety,60,31,29
Abej,malygos,1813,rogue,subtlety,48,23,25
Iqws,ravencrest,1811,rogue,subtlety,54,29,25
Lilaven,turalyon,1810,rogue,subtlety,84,43,41
Çåñçér,sylvanas,1810,rogue,subtlety,66,30,36
Ладжо,gordunni,1808,rogue,subtlety,108,54,54
Gløøm,ravencrest,1806,rogue,subtlety,42,23,19
Xtoyo,zuljin,1804,rogue,subtlety,54,29,25
Pulvèr,dalaran,1801,rogue,subtlety,54,29,25
Ålleyézonme,ravencrest,1791,rogue,subtlety,137,64,73
Subzerõ,archimonde,1791,rogue,subtlety,184,85,99
Sly,emerald-dream,1789,rogue,subtlety,66,36,30
Stonyhavana,ravencrest,1785,rogue,subtlety,84,49,35
Lkzx,archimonde,1780,rogue,subtlety,59,24,35
Социалистсс,gordunni,1779,rogue,subtlety,60,31,29
Keeganx,tarren-mill,1778,rogue,subtlety,65,35,30
Sariena,sylvanas,1773,rogue,subtlety,95,52,43
Kenjí,silvermoon,1769,rogue,subtlety,131,66,65
Роземсти,gordunni,1759,rogue,subtlety,132,70,62
Knutten,wildhammer,1753,rogue,subtlety,59,39,20
Lhitriân,saurfang,1753,rogue,subtlety,36,20,16
Stråwberrý,archimonde,1753,rogue,subtlety,57,28,29
Keophz,tarren-mill,1752,rogue,subtlety,92,64,28
Trîçk,aegwynn,1751,rogue,subtlety,60,34,26
Naïmitsu,hyjal,1748,rogue,subtlety,90,48,42
Cheapshôt,archimonde,1747,rogue,subtlety,135,76,59
Инфера,lich-king,1741,rogue,subtlety,72,33,39
Zzemzza,kazzak,1738,rogue,subtlety,53,32,21
Путьказаха,gordunni,1737,rogue,subtlety,54,31,23
Røgger,ragnaros,1734,rogue,subtlety,125,59,66
Cheapshotwin,nethersturm,1733,rogue,subtlety,36,20,16
Ccedox,stormscale,1729,rogue,subtlety,30,20,10
Китей,howling-fjord,1723,rogue,subtlety,78,40,38
Хавиа,gordunni,1720,rogue,subtlety,47,32,15
Ninjaassasin,aegwynn,1718,rogue,subtlety,100,60,40
Брайнз,gordunni,1716,rogue,subtlety,78,53,25
Sábros,ravencrest,1714,rogue,subtlety,108,50,58
Rinj,antonidas,1712,rogue,subtlety,42,22,20
Handuil,blackmoore,1706,rogue,subtlety,175,95,80
Sfyr,ysondre,1702,rogue,subtlety,46,27,19
Randomidiot,ravencrest,1700,rogue,subtlety,42,25,17
Yumiee,arygos,1697,rogue,subtlety,80,44,36
Sbx,alakir,1689,rogue,subtlety,48,28,20
Rindar,dun-modr,1685,rogue,subtlety,56,35,21
Pridå,ravencrest,1685,rogue,subtlety,34,19,15
Бладстейн,blackscar,1684,rogue,subtlety,70,40,30
Vensq,drakthul,1680,rogue,subtlety,42,23,19
Xzr,stormscale,1668,rogue,subtlety,36,27,9
Воронкхал,ashenvale,1668,rogue,subtlety,60,29,31
Memphismp,drakthul,1667,rogue,subtlety,35,18,17
Ccedolol,stormscale,1666,rogue,subtlety,71,38,33
Rhayesh,silvermoon,1665,rogue,subtlety,100,47,53
Knoffchad,blackhand,1660,rogue,subtlety,116,61,55
Fivepoint,blackmoore,1652,rogue,subtlety,30,20,10
Subsònik,tarren-mill,1645,rogue,subtlety,52,31,21
Featfawkes,ragnaros,1641,rogue,subtlety,48,23,25
Getschwîfty,ravencrest,1639,rogue,subtlety,27,18,9
Namelless,twisting-nether,1639,rogue,subtlety,78,38,40
Tanssy,ragnaros,1638,rogue,subtlety,56,32,24
Dancex,kazzak,1634,rogue,subtlety,42,28,14
Дэмайо,gordunni,1632,rogue,subtlety,42,25,17
Nippzy,twisting-nether,1628,rogue,subtlety,54,39,15
Denjastwo,archimonde,1628,rogue,subtlety,24,17,7
Doritomix,dun-modr,1628,rogue,subtlety,44,26,18
Anr,burning-legion,1627,rogue,subtlety,35,20,15
Lânnïster,kazzak,1626,rogue,subtlety,42,20,22
Physic,silvermoon,1623,rogue,subtlety,34,21,13
Ÿøßø,archimonde,1623,rogue,subtlety,42,24,18
Whîspyr,blackmoore,1623,rogue,subtlety,42,21,21
Tinylol,dun-morogh,1620,rogue,subtlety,54,32,22
Морзо,howling-fjord,1617,rogue,subtlety,72,43,29
Ishízu,exodar,1612,rogue,subtlety,72,32,40
Meccura,silvermoon,1607,rogue,subtlety,93,53,40
Royalflüx,grim-batol,1605,rogue,subtlety,45,26,19
Háttori,twisting-nether,1604,rogue,subtlety,42,24,18
Ratirl,kult-der-verdammten,1603,rogue,subtlety,30,19,11
Aszaryn,magtheridon,1601,rogue,subtlety,54,32,22
Calestrian,tarren-mill,1601,rogue,subtlety,42,21,21
Эдкенуэй,gordunni,1600,rogue,subtlety,125,73,52
Кишмякх,howling-fjord,1599,rogue,subtlety,72,24,48
Moroz,ravencrest,1598,rogue,subtlety,36,20,16
Trapstar,stormscale,1596,rogue,subtlety,60,32,28
Mâêl,blackmoore,1593,rogue,subtlety,125,62,63
Monero,thrall,1590,rogue,subtlety,55,34,21
Dìsørderx,ravencrest,1590,rogue,subtlety,48,26,22
Txm,argent-dawn,1590,rogue,subtlety,36,18,18
Alexandra,kazzak,1589,rogue,subtlety,66,32,34
Lotorr,burning-legion,1587,rogue,subtlety,35,19,16
Sniiky,kazzak,1586,rogue,subtlety,138,76,62
Evivalarte,burning-legion,1585,rogue,subtlety,61,34,27
Baldoh,kazzak,1584,rogue,subtlety,36,24,12
Вр,blackscar,1582,rogue,subtlety,30,18,12
Oxyrog,ravencrest,1580,rogue,subtlety,42,22,20
Nihilix,dalaran,1577,rogue,subtlety,66,32,34
Хасилей,booty-bay,1575,rogue,subtlety,68,34,34
Shyy,dun-modr,1572,rogue,subtlety,54,26,28
Madisonivyqt,blackmoore,1570,rogue,subtlety,54,29,25
Liarø,archimonde,1570,rogue,subtlety,147,75,72
Grindz,ravencrest,1568,rogue,subtlety,232,126,106
Djswaghetti,stormscale,1566,rogue,subtlety,36,18,18
Azirios,kazzak,1565,rogue,subtlety,42,20,22
Зорго,deathguard,1564,rogue,subtlety,60,34,26
Zilemjr,stormscale,1561,rogue,subtlety,68,40,28
Cøntrøl,stormreaver,1559,rogue,subtlety,96,53,43
Norlix,ravencrest,1555,rogue,subtlety,48,25,23
Fivepointx,blackmoore,1554,rogue,subtlety,48,25,23
Kickcake,ravencrest,1553,rogue,subtlety,48,23,25
Exanimu,ravencrest,1550,rogue,subtlety,132,58,74
Starfighter,pozzo-delleternità,1548,rogue,subtlety,61,30,31
Huej,tarren-mill,1544,rogue,subtlety,120,75,45
Voki,dalaran,1543,rogue,subtlety,93,52,41
Ipresskidney,tarren-mill,1542,rogue,subtlety,129,71,58
Droomprins,stormscale,1541,rogue,subtlety,42,23,19
Jaikka,archimonde,1539,rogue,subtlety,36,24,12
Meldee,burning-legion,1539,rogue,subtlety,42,21,21
Mxx,stormscale,1537,rogue,subtlety,151,89,62
Dölf,archimonde,1535,rogue,subtlety,113,65,48
Sinist,twisting-nether,1531,rogue,subtlety,50,23,27
Susquehanna,ragnaros,1527,rogue,subtlety,48,22,26
Kidknee,outland,1522,rogue,subtlety,36,18,18
Rogueas,stormscale,1521,rogue,subtlety,41,25,16
Бэрнии,howling-fjord,1521,rogue,subtlety,114,57,57
Loopermann,silvermoon,1520,rogue,subtlety,58,31,27
Skýfire,ravencrest,1519,rogue,subtlety,60,28,32
Шадовкилер,blackscar,1517,rogue,subtlety,90,48,42
Nopzs,outland,1516,rogue,subtlety,48,27,21
Zodracir,scarshield-legion,1512,rogue,subtlety,36,17,19
Pfourtwenty,eredar,1511,rogue,subtlety,30,16,14
Xãwé,kazzak,1509,rogue,subtlety,45,26,19
Yourexwifey,ravencrest,1508,rogue,subtlety,92,52,40
Säxnthecrity,blackmoore,1495,rogue,subtlety,261,130,131
Эренх,gordunni,1493,rogue,subtlety,132,69,63
Winwin,silvermoon,1492,rogue,subtlety,136,85,51
Абисиан,soulflayer,1490,rogue,subtlety,78,42,36
Quq,kazzak,1490,rogue,subtlety,105,56,49
Dødgez,cthun,1489,rogue,subtlety,28,16,12
Akwaaba,ravencrest,1489,rogue,subtlety,81,38,43
Шпилля,gordunni,1487,rogue,subtlety,77,38,39
Tonaxstab,ragnaros,1484,rogue,subtlety,36,19,17
Miiløx,silvermoon,1484,rogue,subtlety,47,20,27
Tinyshank,drakthul,1483,rogue,subtlety,45,27,18
Opaska,ravencrest,1479,rogue,subtlety,36,18,18
Kire,daggerspine,1478,rogue,subtlety,65,30,35
Ramses,onyxia,1478,rogue,subtlety,60,25,35
Shaeni,silvermoon,1473,rogue,subtlety,102,54,48
Распяздяй,gordunni,1469,rogue,subtlety,48,30,18
Críppléz,ravencrest,1468,rogue,subtlety,84,43,41
Calpic,sanguino,1465,rogue,subtlety,83,47,36
Tripleníne,silvermoon,1464,rogue,subtlety,59,34,25
Lilrookie,argent-dawn,1458,rogue,subtlety,92,56,36
Счастливое,howling-fjord,1458,rogue,subtlety,44,21,23
Sashikorosu,archimonde,1457,rogue,subtlety,110,62,48
Saptrinket,stormscale,1457,rogue,subtlety,270,125,145
Ванэйти,gordunni,1456,rogue,subtlety,286,147,139
Johnnyprep,ravencrest,1454,rogue,subtlety,54,29,25
Sacrehptit,naxxramas,1450,rogue,subtlety,42,26,16
Nightq,tarren-mill,1450,rogue,subtlety,57,34,23
Chimp,darksorrow,1449,rogue,subtlety,41,22,19
Critmaker,outland,1448,rogue,subtlety,24,16,8
Onlyluvhurt,dun-modr,1448,rogue,subtlety,88,47,41
Mortnoïre,naxxramas,1444,rogue,subtlety,54,27,27
Zømbië,kazzak,1442,rogue,subtlety,164,75,89
Rat,mazrigos,1440,rogue,subtlety,24,15,9
Inyria,outland,1438,rogue,subtlety,118,61,57
Dêlaral,blackhand,1437,rogue,subtlety,30,15,15
Jáyjay,antonidas,1437,rogue,subtlety,54,23,31
Тира,grom,1436,rogue,subtlety,30,15,15
Jëllyxøxø,twisting-nether,1435,rogue,subtlety,41,21,20
Ruck,madmortem,1434,rogue,subtlety,30,18,12
Achterom,tarren-mill,1432,rogue,subtlety,122,56,66
Morgan,argent-dawn,1431,rogue,subtlety,60,35,25
Strangeboy,ravencrest,1430,rogue,subtlety,24,15,9
Absol,hellscream,1430,rogue,subtlety,36,22,14
Spr,malfurion,1430,rogue,subtlety,82,45,37
Анивиана,howling-fjord,1430,rogue,subtlety,72,34,38
Daggerdashx,ravencrest,1429,rogue,subtlety,300,164,136
Sapperinö,sylvanas,1428,rogue,subtlety,100,52,48
Rakzena,ravencrest,1427,rogue,subtlety,24,15,9
Zayøn,outland,1425,rogue,subtlety,24,15,9
Grifika,outland,1425,rogue,subtlety,47,25,22
Veryscaryguý,twisting-nether,1423,rogue,subtlety,42,26,16
Zx,frostmane,1420,rogue,subtlety,36,17,19
Nâzaar,antonidas,1419,rogue,subtlety,36,23,13
Смекрус,soulflayer,1416,rogue,subtlety,79,41,38
Сармонн,howling-fjord,1414,rogue,subtlety,24,18,6
Elfreyja,archimonde,1413,rogue,subtlety,63,30,33
Svddendeath,ragnaros,1412,rogue,subtlety,59,30,29
Maroshko,argent-dawn,1411,rogue,subtlety,30,16,14
Дернирог,howling-fjord,1411,rogue,subtlety,55,28,27
Сабик,howling-fjord,1410,rogue,subtlety,24,17,7
Wraithh,minahonda,1409,rogue,subtlety,42,25,17
Grzech,burning-legion,1408,rogue,subtlety,60,28,32
Zourkan,archimonde,1406,rogue,subtlety,181,99,82
Teba,cthun,1404,rogue,subtlety,40,19,21
Binbág,draenor,1402,rogue,subtlety,48,33,15
Sumsarx,ravencrest,1400,rogue,subtlety,77,38,39
Зенофар,soulflayer,1397,rogue,subtlety,138,64,74
Ñavy,archimonde,1391,rogue,subtlety,66,29,37
Cortzy,stormscale,1391,rogue,subtlety,40,15,25
Жабоклик,gordunni,1390,rogue,subtlety,80,40,40
Старллесс,gordunni,1389,rogue,subtlety,164,86,78
Zeiden,sanguino,1388,rogue,subtlety,42,20,22
Billybang,outland,1387,rogue,subtlety,88,48,40
Бэтх,soulflayer,1386,rogue,subtlety,48,29,19
Лютьер,soulflayer,1386,rogue,subtlety,43,22,21
Jaqenhghar,pozzo-delleternità,1384,rogue,subtlety,48,26,22
Дакоока,soulflayer,1378,rogue,subtlety,24,16,8
Местьбучи,howling-fjord,1374,rogue,subtlety,60,30,30
Trímønâ,gorgonnash,1374,rogue,subtlety,36,16,20
Crimatoria,rajaxx,1373,rogue,subtlety,51,23,28
Appatras,tarren-mill,1369,rogue,subtlety,23,15,8
Behindü,frostmane,1368,rogue,subtlety,54,27,27
Levíeus,blackrock,1366,rogue,subtlety,120,69,51
Gankbang,frostmane,1363,rogue,subtlety,78,35,43
Dópamine,hyjal,1362,rogue,subtlety,28,15,13
Nìghtwalker,ravencrest,1360,rogue,subtlety,70,35,35
Gamezcorex,aegwynn,1353,rogue,subtlety,52,22,30
Кэйтлис,howling-fjord,1353,rogue,subtlety,42,17,25
Trimøná,gorgonnash,1351,rogue,subtlety,24,15,9
Xblackhole,tarren-mill,1351,rogue,subtlety,92,44,48
Dàwn,boulderfist,1349,rogue,subtlety,46,25,21
Daekrun,argent-dawn,1344,rogue,subtlety,50,26,24
Såj,tarren-mill,1343,rogue,subtlety,30,14,16
Lilbubblegum,emerald-dream,1342,rogue,subtlety,24,14,10
Tripx,ravencrest,1340,rogue,subtlety,121,64,57
Kryptonite,nemesis,1340,rogue,subtlety,46,23,23
Lechatbotté,tarren-mill,1339,rogue,subtlety,24,16,8
Rantie,eredar,1336,rogue,subtlety,24,14,10
Jqmie,ravencrest,1335,rogue,subtlety,30,15,15
Ömme,archimonde,1334,rogue,subtlety,42,18,24
Yakio,silvermoon,1334,rogue,subtlety,48,19,29
Althieves,ravencrest,1333,rogue,subtlety,59,33,26
Aläen,ravencrest,1332,rogue,subtlety,31,16,15
Monoxid,eredar,1330,rogue,subtlety,39,20,19
Bleeds,thrall,1324,rogue,subtlety,47,24,23
Солевыегубки,gordunni,1322,rogue,subtlety,24,14,10
Silnce,outland,1322,rogue,subtlety,54,27,27
Roguebot,draenor,1320,rogue,subtlety,47,24,23
Azovrouge,terokkar,1318,rogue,subtlety,108,57,51
Ворейн,howling-fjord,1318,rogue,subtlety,54,24,30
Deathcvlt,hyjal,1316,rogue,subtlety,172,82,90
Leepz,outland,1314,rogue,subtlety,30,17,13
Xeggy,turalyon,1312,rogue,subtlety,94,56,38
Ibizå,ravencrest,1311,rogue,subtlety,40,19,21
Nexieane,ravencrest,1308,rogue,subtlety,120,62,58
Моямайя,eversong,1306,rogue,subtlety,24,14,10
Sicariø,argent-dawn,1301,rogue,subtlety,53,25,28
Akira,outland,1300,rogue,subtlety,60,36,24
Luckeri,antonidas,1300,rogue,subtlety,66,32,34
Пораменяться,gordunni,1299,rogue,subtlety,111,51,60
Latscholol,malorne,1298,rogue,subtlety,70,39,31
Flambî,dalaran,1294,rogue,subtlety,24,14,10
Tyrly,ravencrest,1294,rogue,subtlety,76,37,39
Mercyã,outland,1289,rogue,subtlety,48,25,23
Yokze,ravencrest,1287,rogue,subtlety,36,15,21
Qiiss,stormscale,1285,rogue,subtlety,36,20,16
Прошмандэ,gordunni,1282,rogue,subtlety,30,15,15
Fugly,ragnaros,1281,rogue,subtlety,37,14,23
Gingahboy,doomhammer,1280,rogue,subtlety,83,50,33
Swâggerino,kazzak,1280,rogue,subtlety,62,32,30
Subzy,burning-legion,1278,rogue,subtlety,64,36,28
Zerozsub,tarren-mill,1276,rogue,subtlety,57,31,26
Pixelrogue,argent-dawn,1274,rogue,subtlety,34,20,14
Backcracker,thunderhorn,1274,rogue,subtlety,30,15,15
Guiltythief,stormscale,1272,rogue,subtlety,37,18,19
Шикорро,soulflayer,1266,rogue,subtlety,36,18,18
Янимагу,soulflayer,1262,rogue,subtlety,53,22,31
Usainßreak,chogall,1258,rogue,subtlety,24,14,10
Callboy,turalyon,1256,rogue,subtlety,42,20,22
Exbandit,sanguino,1251,rogue,subtlety,30,19,11
Рестинписер,soulflayer,1249,rogue,subtlety,114,57,57
Änanké,outland,1248,rogue,subtlety,30,13,17
Crøweta,argent-dawn,1247,rogue,subtlety,18,13,5
Pcessleia,twisting-nether,1247,rogue,subtlety,24,13,11
Sunå,archimonde,1247,rogue,subtlety,24,13,11
Slapshot,das-konsortium,1247,rogue,subtlety,24,13,11
Roanz,stormreaver,1244,rogue,subtlety,31,14,17
Тучёна,soulflayer,1243,rogue,subtlety,42,25,17
Neirdà,hyjal,1242,rogue,subtlety,30,13,17
Cørek,blackhand,1241,rogue,subtlety,24,13,11
Isucu,burning-legion,1240,rogue,subtlety,24,14,10
Лэйкиро,gordunni,1239,rogue,subtlety,24,13,11
Ézzah,blackhand,1236,rogue,subtlety,75,30,45
Лиргенвард,deathguard,1236,rogue,subtlety,64,25,39
Sénsorium,draenor,1235,rogue,subtlety,89,41,48
Xaiko,baelgun,1232,rogue,subtlety,27,19,8
Smeyra,magtheridon,1232,rogue,subtlety,84,47,37
Diazz,aegwynn,1231,rogue,subtlety,24,13,11
Alekkush,silvermoon,1231,rogue,subtlety,30,13,17
Jugalos,ravencrest,1230,rogue,subtlety,35,13,22
Kïdney,stormscale,1228,rogue,subtlety,48,26,22
Zanaken,stormscale,1220,rogue,subtlety,111,53,58
Эквалири,gordunni,1219,rogue,subtlety,36,14,22
Evasión,aegwynn,1217,rogue,subtlety,24,13,11
Djeud,archimonde,1213,rogue,subtlety,59,36,23
Ксионас,gordunni,1212,rogue,subtlety,82,36,46
Sambä,sanguino,1209,rogue,subtlety,42,20,22
Wøølfgang,archimonde,1209,rogue,subtlety,66,30,36
Architeggt,eredar,1209,rogue,subtlety,38,14,24
Gansull,nemesis,1207,rogue,subtlety,30,13,17
Arrzhan,silvermoon,1206,rogue,subtlety,40,26,14
Kidneyyou,blackmoore,1203,rogue,subtlety,35,13,22
Ganker,antonidas,1202,rogue,subtlety,30,15,15
Avøry,antonidas,1201,rogue,subtlety,30,13,17
Mckk,tarren-mill,1196,rogue,subtlety,30,17,13
Releaserage,draenor,1196,rogue,subtlety,27,14,13
Ryzem,archimonde,1191,rogue,subtlety,238,122,116
Maxtnulaujeu,archimonde,1190,rogue,subtlety,59,29,30
Чайрлайн,blackscar,1190,rogue,subtlety,40,17,23
Thehand,eonar,1182,rogue,subtlety,54,32,22
Ракфорн,howling-fjord,1182,rogue,subtlety,93,40,53
Hashlund,stormscale,1181,rogue,subtlety,38,17,21
Buttonsfly,silvermoon,1180,rogue,subtlety,68,45,23
Tripoid,draenor,1179,rogue,subtlety,36,13,23
Фирмиана,howling-fjord,1177,rogue,subtlety,30,15,15
Zôuloulou,archimonde,1174,rogue,subtlety,17,13,4
Rhûlf,ravencrest,1173,rogue,subtlety,40,16,24
Сладкийперец,borean-tundra,1172,rogue,subtlety,52,24,28
Rogueseanne,blackrock,1171,rogue,subtlety,72,32,40
Smoothiè,twisting-nether,1168,rogue,subtlety,64,29,35
Stin,blackrock,1155,rogue,subtlety,82,31,51
Cesârion,antonidas,1154,rogue,subtlety,153,68,85
Скорпеон,deathguard,1152,rogue,subtlety,48,32,16
Skitzo,ravencrest,1152,rogue,subtlety,24,12,12
Azziinoth,ragnaros,1151,rogue,subtlety,30,12,18
Salakelmi,sylvanas,1149,rogue,subtlety,18,12,6
Zerotyluv,silvermoon,1149,rogue,subtlety,18,12,6
Zergroidz,kazzak,1148,rogue,subtlety,89,39,50
Darkxenojiva,blackmoore,1146,rogue,subtlety,24,12,12
Коффемолка,ashenvale,1146,rogue,subtlety,66,26,40
Röguelol,outland,1145,rogue,subtlety,24,12,12
Jaydeeñ,ravencrest,1142,rogue,subtlety,30,12,18
Sâybyëbæ,dun-modr,1142,rogue,subtlety,30,12,18
Jomoama,norgannon,1142,rogue,subtlety,36,14,22
Lêmon,argent-dawn,1139,rogue,subtlety,18,12,6
Turrok,ravencrest,1139,rogue,subtlety,36,17,19
Adwl,archimonde,1134,rogue,subtlety,129,58,71
Ithilyien,blackmoore,1134,rogue,subtlety,62,21,41
Ambushmike,gorgonnash,1126,rogue,subtlety,39,16,23
Faelylanea,argent-dawn,1122,rogue,subtlety,36,16,20
Попочке,soulflayer,1116,rogue,subtlety,18,13,5
Skillissuex,tarren-mill,1114,rogue,subtlety,147,75,72
Xkebyzlobg,outland,1112,rogue,subtlety,23,12,11
Coronababy,argent-dawn,1111,rogue,subtlety,24,13,11
Siktiritos,malganis,1109,rogue,subtlety,30,12,18
Lêgòlàs,blackmoore,1105,rogue,subtlety,56,31,25
Unreallx,silvermoon,1102,rogue,subtlety,80,36,44
Ултра,gordunni,1100,rogue,subtlety,105,45,60
Fullblind,tarren-mill,1100,rogue,subtlety,28,12,16
Stuxothug,silvermoon,1097,rogue,subtlety,61,33,28
Ithru,twisting-nether,1095,rogue,subtlety,150,78,72
Jailkaz,thrall,1093,rogue,subtlety,29,13,16
ßøß,ysondre,1092,rogue,subtlety,56,25,31
Koutzai,stormscale,1090,rogue,subtlety,53,20,33
Darkan,kaelthas,1087,rogue,subtlety,54,29,25
Yüm,burning-blade,1087,rogue,subtlety,59,25,34
Fodepalmas,sanguino,1086,rogue,subtlety,41,18,23
Blantek,defias-brotherhood,1083,rogue,subtlety,30,16,14
Fastspectre,ravencrest,1077,rogue,subtlety,54,29,25
Stâr,archimonde,1077,rogue,subtlety,28,13,15
Whaiipy,ravencrest,1075,rogue,subtlety,89,51,38
Löka,amanthul,1071,rogue,subtlety,117,59,58
Псиихооз,eversong,1070,rogue,subtlety,25,13,12
Copoka,dun-morogh,1063,rogue,subtlety,30,16,14
Erenyeagerx,kazzak,1061,rogue,subtlety,60,23,37
Elnyasha,ravencrest,1056,rogue,subtlety,24,11,13
Roundrobin,ravencrest,1056,rogue,subtlety,30,11,19
Kallelelel,tarren-mill,1055,rogue,subtlety,18,11,7
Vögue,burning-legion,1055,rogue,subtlety,18,11,7
Флеймсфорт,gordunni,1055,rogue,subtlety,35,16,19
Kleptomancy,sylvanas,1054,rogue,subtlety,18,11,7
Ziqqi,thrall,1054,rogue,subtlety,18,11,7
Exiv,ragnaros,1053,rogue,subtlety,30,11,19
Nirvána,outland,1051,rogue,subtlety,53,26,27
Пузэн,howling-fjord,1050,rogue,subtlety,44,28,16
Obsçuritý,ragnaros,1050,rogue,subtlety,44,23,21
Tomassian,veknilash,1049,rogue,subtlety,18,11,7
Reprouvette,dalaran,1047,rogue,subtlety,18,11,7
Maam,ravencrest,1046,rogue,subtlety,18,11,7
Розбэйник,gordunni,1039,rogue,subtlety,30,16,14
Pochîta,blackrock,1038,rogue,subtlety,53,24,29
Taniwa,archimonde,1037,rogue,subtlety,36,12,24
Drakaess,archimonde,1032,rogue,subtlety,24,11,13
Protolink,zuljin,1032,rogue,subtlety,64,25,39
Горланг,ashenvale,1031,rogue,subtlety,29,15,14
Byonics,durotan,1024,rogue,subtlety,18,11,7
Зебол,howling-fjord,1024,rogue,subtlety,36,17,19
Yamoshí,sanguino,1024,rogue,subtlety,34,15,19
Рэйбэк,howling-fjord,1024,rogue,subtlety,30,11,19
Sebik,ravencrest,1023,rogue,subtlety,17,11,6
Fizgaroth,argent-dawn,1022,rogue,subtlety,37,23,14
Cuckboy,chogall,1022,rogue,subtlety,49,29,20
Lovetospoon,ravencrest,1013,rogue,subtlety,31,13,18
Mercìles,kazzak,1009,rogue,subtlety,37,22,15
Сабанутый,howling-fjord,1002,rogue,subtlety,72,38,34
Sênsus,antonidas,1001,rogue,subtlety,85,30,55
Skankky,ragnaros,1000,rogue,subtlety,18,12,6
Беточка,gordunni,998,rogue,subtlety,36,19,17
Leylaris,argent-dawn,998,rogue,subtlety,30,12,18
Sassasine,amanthul,997,rogue,subtlety,40,17,23
Drakhez,sanguino,995,rogue,subtlety,18,12,6
Hemorhoid,outland,985,rogue,subtlety,84,46,38
Peechiyy,blackmoore,982,rogue,subtlety,21,12,9
Thicck,twisting-nether,980,rogue,subtlety,48,13,35
Mâtâtâ,die-ewige-wacht,979,rogue,subtlety,23,15,8
Narar,stormscale,974,rogue,subtlety,18,11,7
Pitmaster,burning-legion,973,rogue,subtlety,36,17,19
Тайнушка,soulflayer,973,rogue,subtlety,42,17,25
Ratolí,dun-modr,970,rogue,subtlety,18,12,6
Mannheim,kazzak,968,rogue,subtlety,42,23,19
Çvß,kazzak,960,rogue,subtlety,12,10,2
Ripuli,alakir,960,rogue,subtlety,18,10,8
Sákiqt,ravencrest,960,rogue,subtlety,18,10,8
Fîññ,ravencrest,960,rogue,subtlety,18,10,8
Нойсеен,gordunni,960,rogue,subtlety,18,10,8
Katarïnä,khaz-modan,960,rogue,subtlety,36,19,17
Noboorstsub,ravencrest,959,rogue,subtlety,12,10,2
Sÿkz,hyjal,959,rogue,subtlety,18,10,8
Notôríous,ravencrest,959,rogue,subtlety,18,10,8
Dígga,nemesis,957,rogue,subtlety,18,10,8
Meshay,kazzak,956,rogue,subtlety,13,10,3
Clinz,ravencrest,956,rogue,subtlety,24,10,14
Ilyrya,azuremyst,955,rogue,subtlety,18,10,8
Øê,ravencrest,955,rogue,subtlety,21,10,11
Rêve,the-maelstrom,954,rogue,subtlety,18,10,8
Asine,boulderfist,954,rogue,subtlety,24,10,14
Káríc,draenor,953,rogue,subtlety,18,10,8
Oazo,ysondre,951,rogue,subtlety,35,13,22
Mishøna,kazzak,939,rogue,subtlety,73,41,32
Rêdbello,dun-morogh,937,rogue,subtlety,36,20,16
Frequenzalfa,silvermoon,926,rogue,subtlety,22,11,11
Снарки,booty-bay,925,rogue,subtlety,46,21,25
Kezaay,silvermoon,923,rogue,subtlety,24,13,11
Mortdorei,argent-dawn,920,rogue,subtlety,30,16,14
Sycko,alakir,908,rogue,subtlety,36,19,17
Smílèy,ravencrest,906,rogue,subtlety,24,11,13
Wìzléy,ravencrest,904,rogue,subtlety,30,16,14
Sentaria,argent-dawn,903,rogue,subtlety,36,18,18
Niinim,draenor,901,rogue,subtlety,105,52,53
Bloodsmell,outland,892,rogue,subtlety,17,10,7
Saroumani,eitrigg,891,rogue,subtlety,30,16,14
Aeønaxx,hyjal,886,rogue,subtlety,70,31,39
Ecray,burning-legion,877,rogue,subtlety,30,14,16
Kouru,outland,871,rogue,subtlety,25,10,15
Liquidgaba,ravencrest,868,rogue,subtlety,72,33,39
Ncroxd,ravencrest,864,rogue,subtlety,12,9,3
Whaazlysnipz,tarren-mill,864,rogue,subtlety,12,9,3
Фрозенденс,gordunni,864,rogue,subtlety,12,9,3
Kostik,ravencrest,864,rogue,subtlety,12,9,3
Axroa,blackmoore,864,rogue,subtlety,18,9,9
Ðéstr,ravencrest,864,rogue,subtlety,18,9,9
Deadraw,aegwynn,864,rogue,subtlety,18,9,9
Geá,ravencrest,864,rogue,subtlety,18,9,9
Amén,sanguino,864,rogue,subtlety,24,9,15
Ruckusxx,ravencrest,863,rogue,subtlety,12,9,3
Lenani,blackrock,863,rogue,subtlety,18,9,9
Márto,archimonde,863,rogue,subtlety,24,9,15
Ryvz,ravencrest,863,rogue,subtlety,24,9,15
Рели,blackscar,863,rogue,subtlety,24,9,15
Shízzel,blackhand,862,rogue,subtlety,18,9,9
Crixor,blackrock,861,rogue,subtlety,12,9,3
Синграйм,soulflayer,861,rogue,subtlety,18,10,8
Duffbeer,silvermoon,861,rogue,subtlety,18,9,9
Eightball,frostmane,859,rogue,subtlety,18,9,9
Ванябигпуш,blackscar,859,rogue,subtlety,24,9,15
Shâdowfreeze,onyxia,859,rogue,subtlety,24,9,15
Niapro,dun-morogh,858,rogue,subtlety,18,9,9
Sequoja,blackrock,858,rogue,subtlety,24,9,15
Finkle,blackmoore,856,rogue,subtlety,24,9,15
Антиппод,razuvious,854,rogue,subtlety,15,10,5
Vampor,sylvanas,852,rogue,subtlety,30,9,21
Gimliwitdega,doomhammer,842,rogue,subtlety,16,10,6
Charbiya,silvermoon,841,rogue,subtlety,18,9,9
Zelìx,frostmane,841,rogue,subtlety,18,9,9
Dainhek,gilneas,841,rogue,subtlety,31,14,17
Муфдшы,gordunni,823,rogue,subtlety,16,10,6
Duzhel,kazzak,812,rogue,subtlety,17,9,8
Cozu,stormrage,799,rogue,subtlety,34,14,20
Aouron,archimonde,789,rogue,subtlety,19,10,9
Skene,sanguino,780,rogue,subtlety,35,13,22
Faable,silvermoon,778,rogue,subtlety,53,19,34
Heskmad,kazzak,777,rogue,subtlety,20,10,10
Djdillá,kazzak,768,rogue,subtlety,12,8,4
Devourswine,argent-dawn,768,rogue,subtlety,12,8,4
Фрозенблейдс,gordunni,768,rogue,subtlety,12,8,4
Danori,grim-batol,768,rogue,subtlety,12,8,4
Whoton,archimonde,768,rogue,subtlety,16,9,7
Ач,gordunni,768,rogue,subtlety,18,8,10
Teskes,tyrande,768,rogue,subtlety,18,8,10
Slonerbrah,ravencrest,768,rogue,subtlety,18,8,10
Amuini,magtheridon,768,rogue,subtlety,18,8,10
Zygzäg,hyjal,768,rogue,subtlety,18,8,10
Xiro,dalaran,768,rogue,subtlety,24,8,16
Løre,blackrock,768,rogue,subtlety,24,8,16
Ferrãof,aggra-português,767,rogue,subtlety,12,8,4
Zëkke,sanguino,767,rogue,subtlety,12,8,4
Misantropia,nemesis,767,rogue,subtlety,12,8,4
Bamsejuicee,kazzak,767,rogue,subtlety,12,8,4
Txf,aegwynn,767,rogue,subtlety,12,8,4
Neyokqt,blackrock,767,rogue,subtlety,12,8,4
Subhub,ragnaros,767,rogue,subtlety,18,8,10
Mdadx,stormreaver,767,rogue,subtlety,18,8,10
Aahz,tarren-mill,767,rogue,subtlety,18,8,10
Jenz,blackmoore,767,rogue,subtlety,18,8,10
Unbanmepls,ravencrest,767,rogue,subtlety,18,8,10
Mns,drakthul,767,rogue,subtlety,24,8,16
Vanéry,ravencrest,766,rogue,subtlety,12,8,4
Jkrx,draenor,766,rogue,subtlety,18,8,10
Cnac,stormscale,766,rogue,subtlety,18,8,10
Sokillu,silvermoon,766,rogue,subtlety,18,8,10
Midoa,nerathor,765,rogue,subtlety,12,8,4
Люняшка,booty-bay,765,rogue,subtlety,18,8,10
Poughkeepsie,outland,765,rogue,subtlety,18,8,10
Zavebe,nathrezim,765,rogue,subtlety,24,8,16
Pirry,sanguino,764,rogue,subtlety,12,8,4
Purexrogue,dragonblight,764,rogue,subtlety,18,8,10
Berneo,burning-legion,764,rogue,subtlety,24,8,16
Ojisanx,outland,764,rogue,subtlety,24,8,16
Deprress,silvermoon,762,rogue,subtlety,12,8,4
Anala,stormreaver,761,rogue,subtlety,12,8,4
Lenwe,blackmoore,755,rogue,subtlety,18,8,10
Всечтобыло,howling-fjord,748,rogue,subtlety,12,8,4
Strikes,eredar,747,rogue,subtlety,12,8,4
Drspectres,tarren-mill,747,rogue,subtlety,48,13,35
Tnk,twisting-nether,743,rogue,subtlety,12,8,4
Abomïñatïøñ,ravencrest,735,rogue,subtlety,30,10,20
Rmp,khaz-modan,720,rogue,subtlety,30,9,21
Cabalion,draenor,719,rogue,subtlety,18,8,10
Petsakos,ravencrest,713,rogue,subtlety,21,9,12
Nakli,antonidas,713,rogue,subtlety,21,9,12
Anklash,blackrock,711,rogue,subtlety,33,9,24
Войенх,gordunni,703,rogue,subtlety,22,8,14
Naiikaii,aegwynn,688,rogue,subtlety,14,8,6
Рэкрейвон,gordunni,672,rogue,subtlety,12,7,5
Steal,nemesis,672,rogue,subtlety,12,7,5
Byebyé,ravencrest,672,rogue,subtlety,12,7,5
Oczku,burning-legion,672,rogue,subtlety,12,7,5
Cucumber,laughing-skull,672,rogue,subtlety,12,7,5
Зити,blackscar,672,rogue,subtlety,12,7,5
Bountyhunter,malygos,672,rogue,subtlety,12,7,5
Adskydroch,ravencrest,672,rogue,subtlety,12,7,5
Кумоо,gordunni,672,rogue,subtlety,12,7,5
Ripcurll,grim-batol,672,rogue,subtlety,12,7,5
Rímen,archimonde,672,rogue,subtlety,18,7,11
Belwarx,darksorrow,672,rogue,subtlety,18,7,11
Hyake,zuljin,671,rogue,subtlety,12,7,5
Faptastíc,blackmoore,671,rogue,subtlety,12,7,5
Nairobii,tarren-mill,671,rogue,subtlety,12,7,5
Qylu,argent-dawn,671,rogue,subtlety,12,7,5
Sheldowws,tarren-mill,671,rogue,subtlety,12,7,5
Roronao,sanguino,671,rogue,subtlety,18,7,11
Сабстил,soulflayer,671,rogue,subtlety,18,7,11
Helcof,emerald-dream,671,rogue,subtlety,18,7,11
Snack,burning-legion,671,rogue,subtlety,18,7,11
Teralala,kazzak,671,rogue,subtlety,18,7,11
Vexior,argent-dawn,671,rogue,subtlety,18,7,11
Daggoth,kiljaeden,671,rogue,subtlety,24,7,17
Cataleýa,outland,670,rogue,subtlety,12,7,5
Lepreuchan,archimonde,669,rogue,subtlety,12,7,5
Axeldarq,draenor,669,rogue,subtlety,27,7,20
Elnos,conseil-des-ombres,668,rogue,subtlety,12,7,5
Mïta,blackmoore,668,rogue,subtlety,18,7,11
Pepperbox,twisting-nether,667,rogue,subtlety,12,7,5
Shanos,ravencrest,667,rogue,subtlety,12,7,5
Cacucoxpahu,kazzak,666,rogue,subtlety,12,7,5
Garretygdar,nazjatar,659,rogue,subtlety,18,7,11
Davshadows,magtheridon,657,rogue,subtlety,18,7,11
Waluuz,silvermoon,655,rogue,subtlety,11,7,4
Nineball,frostmane,638,rogue,subtlety,17,7,10
Wurzelzepp,blackrock,622,rogue,subtlety,17,7,10
Actualcarry,dentarg,617,rogue,subtlety,12,8,4
Zervi,silvermoon,586,rogue,subtlety,13,7,6
Thiranor,cthun,583,rogue,subtlety,13,7,6
Wítchblades,ravencrest,576,rogue,subtlety,6,6,0
Whøråcle,tarren-mill,576,rogue,subtlety,6,6,0
Naiikaii,antonidas,576,rogue,subtlety,6,6,0
Dimidimi,wildhammer,576,rogue,subtlety,12,6,6
Àlleyezonme,ravencrest,576,rogue,subtlety,12,6,6
Draytonlove,nemesis,576,rogue,subtlety,12,6,6
Denjas,archimonde,576,rogue,subtlety,12,6,6
Jabbz,blackhand,576,rogue,subtlety,12,6,6
Режупополам,howling-fjord,576,rogue,subtlety,12,6,6
Ðelvin,dalaran,576,rogue,subtlety,12,6,6
Feradelia,thrall,576,rogue,subtlety,12,6,6
Carvyn,defias-brotherhood,576,rogue,subtlety,12,6,6
Kyssme,archimonde,576,rogue,subtlety,12,6,6
Jljr,twisting-nether,576,rogue,subtlety,12,6,6
Radgaa,draenor,576,rogue,subtlety,12,6,6
Nitroxygen,outland,576,rogue,subtlety,12,6,6
Ibizà,ravencrest,576,rogue,subtlety,12,6,6
Bizzarerogue,tarren-mill,576,rogue,subtlety,12,6,6
Интерфи,blackscar,576,rogue,subtlety,12,6,6
Deceptionz,ravencrest,576,rogue,subtlety,12,6,6
Nøtiçe,kazzak,576,rogue,subtlety,18,6,12
Decrios,outland,576,rogue,subtlety,18,6,12
Kerìon,nemesis,576,rogue,subtlety,18,6,12
Andrizle,blackmoore,576,rogue,subtlety,18,6,12
Instealth,draenor,576,rogue,subtlety,24,6,18
Blihhubba,silvermoon,576,rogue,subtlety,24,6,18
Stabymoose,draenor,575,rogue,subtlety,12,6,6
Пусякиллерх,gordunni,575,rogue,subtlety,12,6,6
Botnet,blackmoore,575,rogue,subtlety,12,6,6
Melfîce,blackhand,575,rogue,subtlety,12,6,6
Igel,antonidas,575,rogue,subtlety,12,6,6
Фордрэн,deathguard,575,rogue,subtlety,16,7,9
Эрихард,howling-fjord,575,rogue,subtlety,17,6,11
Coolspot,archimonde,575,rogue,subtlety,18,6,12
Varne,les-sentinelles,575,rogue,subtlety,18,6,12
Zëd,draenor,574,rogue,subtlety,12,6,6
Hersuub,blackmoore,574,rogue,subtlety,12,6,6
Валанбалас,soulflayer,574,rogue,subtlety,12,6,6
Jisz,doomhammer,574,rogue,subtlety,12,6,6
Celendyl,ravencrest,571,rogue,subtlety,12,6,6
Freddybst,twisting-nether,571,rogue,subtlety,12,6,6
Streîk,hyjal,571,rogue,subtlety,24,6,18
Lêvî,sanguino,569,rogue,subtlety,12,6,6
Geroge,sylvanas,566,rogue,subtlety,12,6,6
Rhaacvar,magtheridon,566,rogue,subtlety,12,6,6
Grikra,argent-dawn,566,rogue,subtlety,12,6,6
Frézzer,tirion,566,rogue,subtlety,12,6,6
Grekén,bronze-dragonflight,558,rogue,subtlety,17,6,11
Puge,norgannon,557,rogue,subtlety,23,6,17
Pavlo,nathrezim,543,rogue,subtlety,17,6,11
Zobrak,twisting-nether,542,rogue,subtlety,14,7,7
Weird,blackmoore,512,rogue,subtlety,10,6,4
Xulem,silvermoon,511,rogue,subtlety,10,6,4
Malignance,drakthul,511,rogue,subtlety,14,7,7
Knifeex,ravencrest,509,rogue,subtlety,20,6,14
Araniana,kazzak,480,rogue,subtlety,6,5,1
Hængøver,antonidas,480,rogue,subtlety,6,5,1
Bruckmann,ragnaros,480,rogue,subtlety,6,5,1
Бонястелс,gordunni,480,rogue,subtlety,6,5,1
Фэйкуои,gordunni,480,rogue,subtlety,6,5,1
Xyzonk,kazzak,480,rogue,subtlety,6,5,1
Zep,auchindoun,480,rogue,subtlety,6,5,1
Beefboss,neptulon,480,rogue,subtlety,6,5,1
Chazsakaï,chogall,480,rogue,subtlety,6,5,1
Чернабаев,soulflayer,480,rogue,subtlety,6,5,1
ßuha,stormscale,480,rogue,subtlety,12,5,7
Фрозеншедов,gordunni,480,rogue,subtlety,12,5,7
Mzaa,ravencrest,480,rogue,subtlety,12,5,7
Blazestórm,stormscale,480,rogue,subtlety,12,5,7
Кашеварить,gordunni,480,rogue,subtlety,12,5,7
Khazren,ravencrest,480,rogue,subtlety,12,5,7
Slicéndicé,wildhammer,480,rogue,subtlety,12,5,7
Deevoll,tarren-mill,480,rogue,subtlety,12,5,7
Кмска,soulflayer,480,rogue,subtlety,12,5,7
Jdç,tarren-mill,480,rogue,subtlety,12,5,7
Akyô,archimonde,480,rogue,subtlety,12,5,7
Shinkillua,archimonde,480,rogue,subtlety,12,5,7
Стеллакокс,howling-fjord,480,rogue,subtlety,12,5,7
Kleptomaniac,aggra-português,480,rogue,subtlety,12,5,7
Decoyed,sylvanas,480,rogue,subtlety,12,5,7
Xatra,hyjal,480,rogue,subtlety,12,5,7
Xeløe,hyjal,480,rogue,subtlety,12,5,7
Loznah,outland,480,rogue,subtlety,12,5,7
Darkveil,xavius,480,rogue,subtlety,12,5,7
Киднитучер,fordragon,480,rogue,subtlety,12,5,7
Lurk,saurfang,480,rogue,subtlety,12,5,7
Slimshadyqt,terokkar,480,rogue,subtlety,12,5,7
Srtumor,zuljin,480,rogue,subtlety,12,5,7
Khepaso,sanguino,480,rogue,subtlety,12,5,7
Lëmönhäzë,dun-modr,480,rogue,subtlety,12,5,7
Ðefsmøkêz,tyrande,480,rogue,subtlety,12,5,7
Monstermads,kazzak,480,rogue,subtlety,12,5,7
Aluneran,silvermoon,480,rogue,subtlety,12,5,7
Slayered,burning-legion,480,rogue,subtlety,18,5,13
Ajwenx,ravencrest,480,rogue,subtlety,18,5,13
Jabbo,silvermoon,480,rogue,subtlety,18,5,13
Ôzzi,draenor,479,rogue,subtlety,12,5,7
Eriksonn,drakthul,479,rogue,subtlety,12,5,7
Houston,aegwynn,479,rogue,subtlety,12,5,7
Smorcoolio,stormscale,479,rogue,subtlety,12,5,7
Nanary,blackrock,479,rogue,subtlety,12,5,7
Ryxon,arathor,479,rogue,subtlety,12,5,7
Grocco,doomhammer,479,rogue,subtlety,12,5,7
Smøth,ysondre,479,rogue,subtlety,15,6,9
Lylestra,neptulon,479,rogue,subtlety,18,5,13
Zyklvn,zuljin,479,rogue,subtlety,18,5,13
Sayy,nemesis,479,rogue,subtlety,18,5,13
Пандафей,deathweaver,478,rogue,subtlety,12,5,7
Mojojina,theradras,478,rogue,subtlety,12,5,7
Mozenn,draenor,478,rogue,subtlety,19,5,14
Эльтаэрон,gordunni,477,rogue,subtlety,12,5,7
Приколдэсса,gordunni,477,rogue,subtlety,18,5,13
Зацеп,gordunni,476,rogue,subtlety,12,5,7
Kikkshifter,zuluhed,474,rogue,subtlety,12,5,7
Mallaurya,dalaran,474,rogue,subtlety,12,5,7
Snogri,burning-legion,474,rogue,subtlety,18,5,13
Jénny,sylvanas,473,rogue,subtlety,12,5,7
Natekoti,kazzak,473,rogue,subtlety,24,5,19
Darkral,nemesis,463,rogue,subtlety,12,6,6
Кумаме,howling-fjord,447,rogue,subtlety,11,5,6
Райан,fordragon,431,rogue,subtlety,11,5,6
Briggo,silvermoon,426,rogue,subtlety,17,6,11
Эбиб,soulflayer,416,rogue,subtlety,10,5,5
Algopyrin,ragnaros,396,rogue,subtlety,13,5,8
Mol,defias-brotherhood,384,rogue,subtlety,6,4,2
Sensule,darkspear,384,rogue,subtlety,6,4,2
Ocklol,archimonde,384,rogue,subtlety,6,4,2
Pérplèxîty,thrall,384,rogue,subtlety,6,4,2
Marcel,blackrock,384,rogue,subtlety,6,4,2
Blckrogue,bloodfeather,384,rogue,subtlety,6,4,2
Seeralex,anetheron,384,rogue,subtlety,6,4,2
Ënd,ravencrest,384,rogue,subtlety,6,4,2
Snýz,darksorrow,384,rogue,subtlety,6,4,2
Fragmint,aggra-português,384,rogue,subtlety,6,4,2
Elyndri,archimonde,384,rogue,subtlety,6,4,2
Kilabre,twisting-nether,384,rogue,subtlety,6,4,2
Ðazzrog,archimonde,384,rogue,subtlety,6,4,2
Møgzu,blackmoore,384,rogue,subtlety,6,4,2
Inextricabil,stormscale,384,rogue,subtlety,6,4,2
Smörkniven,argent-dawn,384,rogue,subtlety,6,4,2
Læffgøðx,stormscale,384,rogue,subtlety,6,4,2
Shreya,blackrock,384,rogue,subtlety,6,4,2
Nxnja,silvermoon,384,rogue,subtlety,6,4,2
Джеанит,gordunni,384,rogue,subtlety,6,4,2
Mega,nordrassil,384,rogue,subtlety,6,4,2
Siele,twisting-nether,384,rogue,subtlety,6,4,2
Kerim,antonidas,384,rogue,subtlety,6,4,2
Йованов,gordunni,384,rogue,subtlety,6,4,2
Served,twisting-nether,384,rogue,subtlety,6,4,2
Cawzi,silvermoon,384,rogue,subtlety,6,4,2
Ciosy,blackrock,384,rogue,subtlety,6,4,2
Zyhmø,archimonde,384,rogue,subtlety,6,4,2
Shadôwcraft,outland,384,rogue,subtlety,6,4,2
Darx,sunstrider,384,rogue,subtlety,6,4,2
Rubberducky,argent-dawn,384,rogue,subtlety,6,4,2
Okiboo,silvermoon,384,rogue,subtlety,6,4,2
Doxxei,draenor,384,rogue,subtlety,6,4,2
Pinnar,blackmoore,384,rogue,subtlety,6,4,2
Takiya,ysondre,384,rogue,subtlety,6,4,2
Дракакула,blackscar,384,rogue,subtlety,9,5,4
Xoxoxoxoxoxö,archimonde,384,rogue,subtlety,8,4,4
Нунас,soulflayer,384,rogue,subtlety,12,4,8
Huprâ,ravencrest,384,rogue,subtlety,12,4,8
Zappsarap,onyxia,384,rogue,subtlety,12,4,8
Máuul,ravencrest,384,rogue,subtlety,12,4,8
Reezr,stormscale,384,rogue,subtlety,12,4,8
Bloodwraith,stormscale,384,rogue,subtlety,12,4,8
Бейнс,howling-fjord,384,rogue,subtlety,12,4,8
Dedka,hyjal,384,rogue,subtlety,12,4,8
Kurichu,archimonde,384,rogue,subtlety,12,4,8
Whiteløtûs,dun-modr,384,rogue,subtlety,12,4,8
Later,saurfang,384,rogue,subtlety,12,4,8
Asmodal,antonidas,384,rogue,subtlety,12,4,8
Szabina,outland,384,rogue,subtlety,12,4,8
Sátyrícon,ravencrest,384,rogue,subtlety,12,4,8
Xanders,draenor,384,rogue,subtlety,12,4,8
Saryotv,silvermoon,384,rogue,subtlety,12,4,8
Zordochrog,kazzak,384,rogue,subtlety,12,4,8
Sxpped,stormscale,384,rogue,subtlety,12,4,8
Taishani,thrall,384,rogue,subtlety,12,4,8
Plot,zenedar,384,rogue,subtlety,18,4,14
Бллейз,gordunni,384,rogue,subtlety,18,4,14
Очч,blackscar,384,rogue,subtlety,18,4,14
Galore,azjolnerub,384,rogue,subtlety,18,4,14
Haregan,gorgonnash,383,rogue,subtlety,6,4,2
Reginlief,argent-dawn,383,rogue,subtlety,6,4,2
Бекро,gordunni,383,rogue,subtlety,6,4,2
Vanishdotcom,blackrock,383,rogue,subtlety,6,4,2
Akcell,silvermoon,383,rogue,subtlety,6,4,2
Paveli,ravencrest,383,rogue,subtlety,12,4,8
Helsperd,draenor,383,rogue,subtlety,12,4,8
Belina,draenor,382,rogue,subtlety,6,4,2
Ashâa,hyjal,382,rogue,subtlety,6,4,2
Lolblizard,gorgonnash,382,rogue,subtlety,6,4,2
Adelr,onyxia,382,rogue,subtlety,12,4,8
Nekros,chromaggus,379,rogue,subtlety,12,4,8
Opiïum,ysondre,303,rogue,subtlety,7,4,3
Gøldzahn,antonidas,288,rogue,subtlety,6,3,3
Horvathzu,ravencrest,288,rogue,subtlety,6,3,3
Mekóz,draenor,288,rogue,subtlety,6,3,3
Knifeparty,silvermoon,288,rogue,subtlety,6,3,3
Qira,burning-blade,288,rogue,subtlety,6,3,3
Pretylo,marécage-de-zangar,288,rogue,subtlety,6,3,3
Baradiir,defias-brotherhood,288,rogue,subtlety,6,3,3
Лофиан,gordunni,288,rogue,subtlety,6,3,3
Roguanal,hyjal,288,rogue,subtlety,6,3,3
Кейнилин,gordunni,288,rogue,subtlety,6,3,3
Arydir,quelthalas,288,rogue,subtlety,6,3,3
Synthaetic,draenor,288,rogue,subtlety,6,3,3
Peeon,drakthul,288,rogue,subtlety,6,3,3
Wraiith,chogall,288,rogue,subtlety,6,3,3
Ezk,eredar,288,rogue,subtlety,6,3,3
Sneakysáp,ravencrest,288,rogue,subtlety,6,3,3
Waakie,frostmane,288,rogue,subtlety,6,3,3
Swiftyfan,silvermoon,288,rogue,subtlety,6,3,3
Disembowel,ravencrest,288,rogue,subtlety,6,3,3
Vanisshh,hyjal,288,rogue,subtlety,6,3,3
Kohakugawa,kazzak,288,rogue,subtlety,6,3,3
Кеспул,soulflayer,288,rogue,subtlety,6,3,3
Nezukóchan,ravencrest,288,rogue,subtlety,6,3,3
Finanzamtlg,blackrock,288,rogue,subtlety,6,3,3
Shâdow,ravenholdt,288,rogue,subtlety,6,3,3
Rexore,ravencrest,288,rogue,subtlety,6,3,3
Rúckus,ravencrest,288,rogue,subtlety,6,3,3
Jawen,silvermoon,288,rogue,subtlety,6,3,3
Shadxwstep,ravencrest,288,rogue,subtlety,6,3,3
Kolto,argent-dawn,288,rogue,subtlety,6,3,3
Seregolas,argent-dawn,288,rogue,subtlety,6,3,3
Axelaz,ravencrest,288,rogue,subtlety,6,3,3
Isodad,kazzak,288,rogue,subtlety,6,3,3
Candyshot,thrall,288,rogue,subtlety,6,3,3
Røguøross,archimonde,288,rogue,subtlety,6,3,3
Элисандресса,gordunni,288,rogue,subtlety,6,3,3
Tason,argent-dawn,288,rogue,subtlety,6,3,3
Pocketpaw,stormreaver,288,rogue,subtlety,6,3,3
Checkormate,aegwynn,288,rogue,subtlety,6,3,3
Стэйм,gordunni,288,rogue,subtlety,6,3,3
Xhemil,tarren-mill,288,rogue,subtlety,6,3,3
Halucinogeno,silvermoon,288,rogue,subtlety,6,3,3
Nerica,kazzak,288,rogue,subtlety,6,3,3
Nhèl,stormscale,288,rogue,subtlety,6,3,3
Viiltäjäjack,stormscale,288,rogue,subtlety,6,3,3
Missesinvis,blackmoore,288,rogue,subtlety,6,3,3
Sadgexd,draenor,288,rogue,subtlety,6,3,3
Natsukage,blackmoore,288,rogue,subtlety,6,3,3
Nícks,tarren-mill,288,rogue,subtlety,6,3,3
Izzyb,auchindoun,288,rogue,subtlety,6,3,3
Ámbush,sylvanas,288,rogue,subtlety,6,3,3
Garou,blackhand,288,rogue,subtlety,6,3,3
Sutisong,dun-modr,288,rogue,subtlety,6,3,3
Cylizr,stormscale,288,rogue,subtlety,6,3,3
Uareincombat,drakthul,288,rogue,subtlety,11,3,8
Bú,nemesis,288,rogue,subtlety,12,3,9
Kongnognog,ragnaros,288,rogue,subtlety,12,3,9
Lookbehîndu,aegwynn,288,rogue,subtlety,12,3,9
Xyúmopjoßblú,ravencrest,288,rogue,subtlety,12,3,9
Skíll,sanguino,288,rogue,subtlety,12,3,9
Pestctrl,argent-dawn,288,rogue,subtlety,12,3,9
Nÿst,khaz-modan,288,rogue,subtlety,12,3,9
Izame,archimonde,288,rogue,subtlety,12,3,9
Princip,drakthul,288,rogue,subtlety,12,3,9
Chipson,kazzak,288,rogue,subtlety,12,3,9
Йзвинись,howling-fjord,288,rogue,subtlety,12,3,9
Ристоврация,gordunni,288,rogue,subtlety,12,3,9
Envenoman,ravencrest,288,rogue,subtlety,12,3,9
Ñú,ravencrest,288,rogue,subtlety,12,3,9
Snøv,outland,288,rogue,subtlety,12,3,9
Xéshon,tarren-mill,288,rogue,subtlety,12,3,9
Rufinol,twisting-nether,288,rogue,subtlety,12,3,9
Воробнальщик,soulflayer,288,rogue,subtlety,12,3,9
Vancleéf,sylvanas,288,rogue,subtlety,12,3,9
Djinnx,malganis,288,rogue,subtlety,12,3,9
Kïbs,dalaran,288,rogue,subtlety,12,3,9
Zoldyck,bloodhoof,288,rogue,subtlety,12,3,9
Cbrook,sylvanas,288,rogue,subtlety,12,3,9
Liirja,twisting-nether,288,rogue,subtlety,18,3,15
Sinxgødx,outland,288,rogue,subtlety,18,3,15
Téhashcéé,archimonde,287,rogue,subtlety,6,3,3
Умбрен,lich-king,287,rogue,subtlety,6,3,3
Demonrok,stormscale,287,rogue,subtlety,6,3,3
Styggvanas,tarren-mill,287,rogue,subtlety,15,4,11
Боузи,howling-fjord,287,rogue,subtlety,12,3,9
Котуй,borean-tundra,287,rogue,subtlety,12,3,9
Skeeto,blackmoore,287,rogue,subtlety,12,3,9
Furrooscuro,sanguino,287,rogue,subtlety,18,3,15
Cesar,blackhand,286,rogue,subtlety,6,3,3
Auarg,argent-dawn,286,rogue,subtlety,6,3,3
Ракельяр,blackscar,286,rogue,subtlety,6,3,3
Jontor,deathwing,286,rogue,subtlety,12,3,9
Owlcat,argent-dawn,284,rogue,subtlety,12,3,9
Madlain,jaedenar,255,rogue,subtlety,8,4,4
Machmacan,thrall,239,rogue,subtlety,5,3,2
Juuzou,outland,239,rogue,subtlety,5,3,2
Iwillberone,ravencrest,239,rogue,subtlety,11,3,8
Boornys,burning-legion,224,rogue,subtlety,10,3,7
Imnotnice,terenas,192,rogue,subtlety,9,3,6
Stealthyist,darkmoon-faire,192,rogue,subtlety,6,2,4
Кеонетво,howling-fjord,192,rogue,subtlety,6,2,4
Yakku,drakthul,192,rogue,subtlety,6,2,4
Selecta,bloodhoof,192,rogue,subtlety,6,2,4
Sohnisch,azshara,192,rogue,subtlety,6,2,4
Le,stormreaver,192,rogue,subtlety,6,2,4
Røxxilly,blackmoore,192,rogue,subtlety,6,2,4
Ýýçyka,kazzak,192,rogue,subtlety,6,2,4
Wrathed,stormreaver,192,rogue,subtlety,6,2,4
Zte,frostmane,192,rogue,subtlety,6,2,4
Senorino,tarren-mill,192,rogue,subtlety,6,2,4
Stigh,twisting-nether,192,rogue,subtlety,6,2,4
Рогаупорога,howling-fjord,192,rogue,subtlety,6,2,4
Brinvilliers,aegwynn,192,rogue,subtlety,6,2,4
Voices,dentarg,192,rogue,subtlety,6,2,4
Aikaza,blackmoore,192,rogue,subtlety,6,2,4
Botsrogue,kazzak,192,rogue,subtlety,6,2,4
Lenây,blackmoore,192,rogue,subtlety,6,2,4
Deadchivalry,argent-dawn,192,rogue,subtlety,6,2,4
Fatnutsac,eredar,192,rogue,subtlety,6,2,4
Evilbiscuit,quelthalas,192,rogue,subtlety,6,2,4
Saanka,eredar,192,rogue,subtlety,6,2,4
Abrhykoo,hyjal,192,rogue,subtlety,6,2,4
Canelitae,minahonda,192,rogue,subtlety,6,2,4
Katara,antonidas,192,rogue,subtlety,6,2,4
Reyzumi,antonidas,192,rogue,subtlety,6,2,4
Kyupi,hyjal,192,rogue,subtlety,6,2,4
Pøggerhontas,antonidas,192,rogue,subtlety,6,2,4
Bananashow,aegwynn,192,rogue,subtlety,6,2,4
Грустныйрог,gordunni,192,rogue,subtlety,6,2,4
Sigleif,argent-dawn,192,rogue,subtlety,6,2,4
Ggyoulowbro,blackmoore,192,rogue,subtlety,6,2,4
Иордани,gordunni,192,rogue,subtlety,6,2,4
Гамбиит,gordunni,192,rogue,subtlety,6,2,4
Inviscuz,draenor,192,rogue,subtlety,6,2,4
Ksunq,hyjal,192,rogue,subtlety,6,2,4
Stormhardt,stormscale,192,rogue,subtlety,6,2,4
Скиррона,gordunni,192,rogue,subtlety,6,2,4
Рикимартини,gordunni,192,rogue,subtlety,6,2,4
Byaow,ravencrest,192,rogue,subtlety,6,2,4
Giftknirps,silvermoon,192,rogue,subtlety,6,2,4
Soulriver,kelthuzad,192,rogue,subtlety,6,2,4
Jæto,ravencrest,192,rogue,subtlety,6,2,4
Blóodless,stormscale,192,rogue,subtlety,6,2,4
Голадриель,gordunni,192,rogue,subtlety,6,2,4
Gosleep,stormscale,192,rogue,subtlety,6,2,4
Ît,stormscale,192,rogue,subtlety,6,2,4
Ellira,stormscale,192,rogue,subtlety,6,2,4
Recondite,doomhammer,192,rogue,subtlety,6,2,4
Feylia,terenas,192,rogue,subtlety,6,2,4
Johncéná,stormscale,192,rogue,subtlety,6,2,4
Vanisha,outland,192,rogue,subtlety,6,2,4
Idkwatocall,stormscale,192,rogue,subtlety,6,2,4
Chuckloriss,garona,192,rogue,subtlety,6,2,4
Navaton,sanguino,192,rogue,subtlety,6,2,4
Skaterboy,stormscale,192,rogue,subtlety,6,2,4
Oldschool,sanguino,192,rogue,subtlety,6,2,4
Duo,karazhan,192,rogue,subtlety,6,2,4
Isseen,burning-legion,192,rogue,subtlety,6,2,4
Gameøvr,sanguino,192,rogue,subtlety,6,2,4
Fatedancer,outland,192,rogue,subtlety,6,2,4
Trashbàg,alakir,192,rogue,subtlety,6,2,4
Haikyu,blackhand,192,rogue,subtlety,6,2,4
Kylìemirogue,blackrock,192,rogue,subtlety,6,2,4
Дзендэр,soulflayer,192,rogue,subtlety,6,2,4
Шмарамышь,soulflayer,192,rogue,subtlety,6,2,4
Greiskull,cthun,192,rogue,subtlety,15,3,12
Shibaii,archimonde,192,rogue,subtlety,12,2,10
Bauwten,ravencrest,192,rogue,subtlety,12,2,10
Acheravar,antonidas,192,rogue,subtlety,12,2,10
Кингксу,gordunni,192,rogue,subtlety,12,2,10
Nomad,sylvanas,192,rogue,subtlety,12,2,10
Delenor,stormscale,192,rogue,subtlety,12,2,10
Celenium,chogall,192,rogue,subtlety,12,2,10
Jackpot,sargeras,192,rogue,subtlety,12,2,10
Snake,nethersturm,192,rogue,subtlety,12,2,10
Shacopaco,zuljin,192,rogue,subtlety,12,2,10
Pandagonstab,shadowsong,192,rogue,subtlety,12,2,10
Destrektor,kazzak,192,rogue,subtlety,12,2,10
Verstopt,azjolnerub,192,rogue,subtlety,12,2,10
Refundlands,kazzak,192,rogue,subtlety,12,2,10
Chipicaua,silvermoon,192,rogue,subtlety,12,2,10
Энвитио,gordunni,191,rogue,subtlety,6,2,4
Mamus,tarren-mill,191,rogue,subtlety,6,2,4
Singularität,silvermoon,191,rogue,subtlety,6,2,4
Killboom,rexxar,191,rogue,subtlety,12,2,10
Scratcheye,twisting-nether,191,rogue,subtlety,12,2,10
Gizr,haomarush,190,rogue,subtlety,12,2,10
Cutscene,argent-dawn,159,rogue,subtlety,5,2,3
Kidneyqt,thrall,159,rogue,subtlety,5,2,3
Julekos,ravenholdt,159,rogue,subtlety,5,2,3
Feinted,kazzak,159,rogue,subtlety,11,2,9
Biggut,khadgar,144,rogue,subtlety,3,3,0
Paranoiaqt,outland,144,rogue,subtlety,9,2,7
Sicu,malganis,138,rogue,subtlety,10,4,6
Projectindex,malganis,138,rogue,subtlety,10,4,6
Núb,burning-blade,138,rogue,subtlety,15,3,12
Bandèra,ragnaros,138,rogue,subtlety,15,3,12
Idrîl,rashgarroth,137,rogue,subtlety,9,3,6
Zenajlz,outland,128,rogue,subtlety,4,2,2
Earnedblood,kazzak,128,rogue,subtlety,4,2,2
Hahårry,ravencrest,127,rogue,subtlety,8,2,6
Ripinpiece,outland,112,rogue,subtlety,7,2,5
Loom,sylvanas,96,rogue,subtlety,3,2,1
Pzylol,anetheron,96,rogue,subtlety,3,2,1
Songoro,tirion,96,rogue,subtlety,3,2,1
Invisage,grim-batol,96,rogue,subtlety,6,1,5
Vellira,khaz-modan,96,rogue,subtlety,6,1,5
Twinkyzzö,archimonde,96,rogue,subtlety,6,1,5
Edaniel,draenor,96,rogue,subtlety,6,1,5
Korteina,darkmoon-faire,96,rogue,subtlety,6,1,5
Kkraken,dalaran,96,rogue,subtlety,6,1,5
Retaya,draenor,96,rogue,subtlety,6,1,5
Hyrule,onyxia,96,rogue,subtlety,6,1,5
Outride,outland,96,rogue,subtlety,6,1,5
Тварьебаная,howling-fjord,96,rogue,subtlety,6,1,5
Verk,twilights-hammer,96,rogue,subtlety,6,1,5
Tøxykø,archimonde,96,rogue,subtlety,6,1,5
Darkkstep,blackmoore,96,rogue,subtlety,6,1,5
Tàazz,archimonde,96,rogue,subtlety,6,1,5
Sørä,ragnaros,96,rogue,subtlety,6,1,5
Jorppe,kazzak,96,rogue,subtlety,6,1,5
Àrléngødx,kazzak,96,rogue,subtlety,6,1,5
Мадарец,howling-fjord,96,rogue,subtlety,6,1,5
Kidneyou,ragnaros,96,rogue,subtlety,6,1,5
Cabbagerolls,argent-dawn,96,rogue,subtlety,6,1,5
Nohks,blackmoore,96,rogue,subtlety,6,1,5
Xý,ysondre,96,rogue,subtlety,6,1,5
Førtñîtégøðx,eredar,96,rogue,subtlety,6,1,5
Sumcrit,ravencrest,96,rogue,subtlety,6,1,5
Nerkmind,ragnaros,96,rogue,subtlety,6,1,5
Настябэкстаб,gordunni,96,rogue,subtlety,6,1,5
Элонли,gordunni,96,rogue,subtlety,6,1,5
Loulina,outland,96,rogue,subtlety,6,1,5
Menzo,ravencrest,96,rogue,subtlety,6,1,5
Chililôl,dun-modr,96,rogue,subtlety,6,1,5
Гламурятина,gordunni,96,rogue,subtlety,6,1,5
Malborko,ravencrest,96,rogue,subtlety,6,1,5
Shiverbane,sargeras,96,rogue,subtlety,6,1,5
Fintex,ravencrest,96,rogue,subtlety,6,1,5
Stealthi,stormscale,96,rogue,subtlety,6,1,5
Letheus,stormscale,96,rogue,subtlety,6,1,5
Backstabjr,blackmoore,96,rogue,subtlety,6,1,5
Neskagrall,aegwynn,96,rogue,subtlety,6,1,5
Chøsen,stormscale,96,rogue,subtlety,6,1,5
Takenòtes,nemesis,96,rogue,subtlety,6,1,5
Mealy,auchindoun,96,rogue,subtlety,6,1,5
Kunigunde,shattered-hand,96,rogue,subtlety,6,1,5
Nomota,sanguino,96,rogue,subtlety,6,1,5
Стронг,soulflayer,96,rogue,subtlety,6,1,5
Könän,dalaran,96,rogue,subtlety,6,1,5
Sizzurp,kargath,96,rogue,subtlety,6,1,5
Mestarikélmi,ravencrest,96,rogue,subtlety,9,1,8
Gífti,norgannon,96,rogue,subtlety,12,1,11
Azzineth,silvermoon,96,rogue,subtlety,12,1,11
Rnghero,blackmoore,96,rogue,subtlety,12,1,11
Critneyspear,runetotem,96,rogue,subtlety,12,1,11
Calmrusgirl,ravenholdt,96,rogue,subtlety,12,1,11
Альдинг,howling-fjord,96,rogue,subtlety,12,1,11
Stabie,twisting-nether,96,rogue,subtlety,12,1,11
Owoaho,eonar,95,rogue,subtlety,6,1,5
Deadlybrew,twisting-nether,79,rogue,subtlety,5,1,4
Digmorre,drakthul,79,rogue,subtlety,5,1,4
Nesth,silvermoon,79,rogue,subtlety,5,1,4
Domiqs,blackhand,63,rogue,subtlety,2,2,0
Ридлли,soulflayer,48,rogue,subtlety,3,1,2
Macon,arthas,42,rogue,subtlety,12,3,9
Dendriodidit,kazzak,31,rogue,subtlety,2,1,1
Mortecieca,ravencrest,2198,rogue,assassination,108,56,52
Bestjkbetter,ravencrest,2155,rogue,assassination,111,57,54
Shadeniz,ravencrest,2137,rogue,assassination,113,57,56
Aæ,stormscale,2112,rogue,assassination,125,65,60
Rightplay,outland,2112,rogue,assassination,90,45,45
Naláa,ravencrest,2107,rogue,assassination,88,45,43
Shadenox,ravencrest,2104,rogue,assassination,329,164,165
Ewyna,silvermoon,2103,rogue,assassination,93,49,44
Fánsly,silvermoon,2102,rogue,assassination,78,40,38
Vayyel,silvermoon,2080,rogue,assassination,266,136,130
Snøv,outland,1994,rogue,assassination,72,34,38
Mentol,stormscale,1985,rogue,assassination,59,45,14
Visuáls,antonidas,1950,rogue,assassination,81,38,43
Buffassa,ravencrest,1943,rogue,assassination,113,68,45
Sub,kazzak,1927,rogue,assassination,78,35,43
Tyreall,drakthul,1910,rogue,assassination,89,42,47
Watchmeyoe,ravencrest,1904,rogue,assassination,78,44,34
Vulrin,argent-dawn,1899,rogue,assassination,77,44,33
Oggish,tarren-mill,1890,rogue,assassination,72,28,44
Venomblood,sanguino,1872,rogue,assassination,65,29,36
Chínerox,thunderhorn,1864,rogue,assassination,200,98,102
Asàd,draenor,1841,rogue,assassination,47,30,17
Baboonx,burning-legion,1839,rogue,assassination,72,31,41
Kidneyou,ragnaros,1816,rogue,assassination,48,31,17
Sadgexd,draenor,1814,rogue,assassination,52,26,26
Pheq,ravencrest,1814,rogue,assassination,78,33,45
Prei,hyjal,1812,rogue,assassination,84,42,42
Shadeco,ravencrest,1811,rogue,assassination,60,29,31
Пожилойпуп,gordunni,1811,rogue,assassination,54,26,28
Pyridoxin,blackmoore,1810,rogue,assassination,60,29,31
Shipshot,blackrock,1809,rogue,assassination,62,37,25
Çhïñêsémøñkè,argent-dawn,1808,rogue,assassination,238,128,110
Lookåtme,ravencrest,1808,rogue,assassination,48,20,28
Eiscreme,blackmoore,1802,rogue,assassination,95,50,45
Heavý,argent-dawn,1802,rogue,assassination,97,46,51
Ohdaesu,aegwynn,1798,rogue,assassination,114,49,65
Precious,sylvanas,1792,rogue,assassination,190,96,94
Ридлли,soulflayer,1783,rogue,assassination,59,29,30
Blindlol,emerald-dream,1778,rogue,assassination,107,56,51
Fíìp,drakthul,1778,rogue,assassination,234,113,121
Dáydreamín,draenor,1772,rogue,assassination,60,27,33
Naiikaii,antonidas,1751,rogue,assassination,54,23,31
Gøldzahn,antonidas,1736,rogue,assassination,106,48,58
Riskyx,draenor,1727,rogue,assassination,49,19,30
Shadenax,ravencrest,1722,rogue,assassination,36,18,18
Awaaylol,stormscale,1719,rogue,assassination,154,73,81
Youcrymydear,outland,1711,rogue,assassination,66,31,35
Lacusdark,draenor,1708,rogue,assassination,59,29,30
Слаадкий,gordunni,1708,rogue,assassination,123,57,66
Aknana,vashj,1704,rogue,assassination,42,21,21
Richï,outland,1700,rogue,assassination,81,34,47
Røler,ravencrest,1693,rogue,assassination,42,18,24
Rinj,antonidas,1693,rogue,assassination,89,37,52
Акиоми,gordunni,1691,rogue,assassination,102,57,45
Çhïñêsérøqüè,tarren-mill,1691,rogue,assassination,77,33,44
Sotro,dun-modr,1690,rogue,assassination,66,26,40
Mazeken,kazzak,1688,rogue,assassination,53,21,32
Играючестно,howling-fjord,1686,rogue,assassination,30,19,11
Limítless,tarren-mill,1684,rogue,assassination,42,27,15
Drenched,turalyon,1676,rogue,assassination,161,78,83
Trollmeat,twisting-nether,1663,rogue,assassination,66,25,41
Peeon,drakthul,1659,rogue,assassination,73,26,47
Йа,gordunni,1658,rogue,assassination,63,33,30
Мастдаггер,goldrinn,1655,rogue,assassination,59,34,25
Cander,kazzak,1654,rogue,assassination,90,42,48
Yopti,tarren-mill,1647,rogue,assassination,90,32,58
Justkiddning,blackmoore,1641,rogue,assassination,102,60,42
Ockzy,archimonde,1639,rogue,assassination,105,56,49
Skali,tarren-mill,1639,rogue,assassination,92,45,47
Войенх,gordunni,1636,rogue,assassination,218,105,113
Варэль,borean-tundra,1631,rogue,assassination,209,104,105
Monski,ravencrest,1631,rogue,assassination,54,21,33
Inly,ysondre,1627,rogue,assassination,74,33,41
Кэпс,blackscar,1625,rogue,assassination,66,39,27
Howfastiam,ravencrest,1624,rogue,assassination,108,55,53
Мистеркрэпс,howling-fjord,1624,rogue,assassination,47,19,28
Костялом,howling-fjord,1623,rogue,assassination,36,17,19
Keeke,outland,1619,rogue,assassination,60,31,29
Shikamouflé,archimonde,1619,rogue,assassination,148,74,74
Shøz,kazzak,1616,rogue,assassination,98,43,55
Shookyz,zuljin,1615,rogue,assassination,54,27,27
Iwillcapyou,twisting-nether,1614,rogue,assassination,54,25,29
Пусякиллерх,gordunni,1614,rogue,assassination,85,37,48
Únk,dalaran,1611,rogue,assassination,63,32,31
Ру,galakrond,1610,rogue,assassination,42,22,20
Warbell,ravencrest,1606,rogue,assassination,96,35,61
Sumiftw,drakthul,1601,rogue,assassination,48,18,30
ßênz,archimonde,1600,rogue,assassination,120,63,57
Nîllá,blackmoore,1600,rogue,assassination,42,18,24
Кайсити,gordunni,1593,rogue,assassination,36,20,16
Twitchful,kazzak,1593,rogue,assassination,36,20,16
Семёнтус,gordunni,1584,rogue,assassination,26,18,8
Hoodrogue,blackrock,1580,rogue,assassination,53,29,24
Silesi,kazzak,1575,rogue,assassination,142,76,66
Ач,gordunni,1566,rogue,assassination,54,24,30
Miiløx,silvermoon,1558,rogue,assassination,54,30,24
Npkx,outland,1550,rogue,assassination,48,21,27
Lannon,sylvanas,1547,rogue,assassination,44,18,26
Kãlí,blackmoore,1534,rogue,assassination,211,104,107
Cntrlld,ravencrest,1532,rogue,assassination,36,16,20
Knutten,wildhammer,1526,rogue,assassination,102,47,55
Shaokiz,sylvanas,1523,rogue,assassination,54,29,25
Шмарамышь,soulflayer,1521,rogue,assassination,72,36,36
Reyzumi,antonidas,1516,rogue,assassination,48,25,23
Flogue,area-52,1514,rogue,assassination,79,30,49
Tez,malganis,1511,rogue,assassination,59,29,30
Weakrat,kult-der-verdammten,1508,rogue,assassination,36,22,14
Synergize,stormreaver,1508,rogue,assassination,115,54,61
Vennomous,darkspear,1507,rogue,assassination,190,98,92
Argapu,stormscale,1503,rogue,assassination,78,32,46
Artésia,archimonde,1502,rogue,assassination,54,30,24
Zaintsas,tarren-mill,1500,rogue,assassination,62,31,31
Nùgz,area-52,1498,rogue,assassination,119,65,54
Hidinginash,twisting-nether,1486,rogue,assassination,56,31,25
Søsaboy,nemesis,1483,rogue,assassination,60,29,31
Hopejé,ravencrest,1482,rogue,assassination,50,27,23
Волнорес,eversong,1481,rogue,assassination,76,39,37
Eizan,outland,1478,rogue,assassination,48,27,21
Pieksig,blackmoore,1478,rogue,assassination,60,28,32
Ритор,deathguard,1477,rogue,assassination,48,22,26
Candycc,burning-legion,1475,rogue,assassination,67,38,29
Diazz,aegwynn,1473,rogue,assassination,119,56,63
Xeeana,ravencrest,1472,rogue,assassination,83,44,39
Лёнтролль,blackscar,1461,rogue,assassination,63,30,33
Роземсти,gordunni,1457,rogue,assassination,87,52,35
Редфилд,blackscar,1456,rogue,assassination,42,22,20
Intecto,twisting-nether,1445,rogue,assassination,64,37,27
Dnee,ravencrest,1435,rogue,assassination,18,15,3
Alnaddafrog,outland,1433,rogue,assassination,58,36,22
Axoic,ravencrest,1433,rogue,assassination,48,23,25
Ppollito,hyjal,1429,rogue,assassination,96,49,47
Moneylake,stormscale,1428,rogue,assassination,24,15,9
Nìghtwalker,ravencrest,1428,rogue,assassination,50,24,26
Freemmr,draenor,1426,rogue,assassination,101,53,48
Arkblenderx,silvermoon,1426,rogue,assassination,94,48,46
Luftpumpe,blackrock,1425,rogue,assassination,63,35,28
Teseiga,aegwynn,1424,rogue,assassination,128,55,73
Belsazar,azshara,1418,rogue,assassination,138,67,71
Загляденье,gordunni,1418,rogue,assassination,42,15,27
Poughkeepsie,outland,1417,rogue,assassination,30,16,14
Sadìra,echsenkessel,1414,rogue,assassination,36,15,21
Recondite,doomhammer,1411,rogue,assassination,35,22,13
Ropedrink,stormscale,1409,rogue,assassination,30,19,11
Grzech,burning-legion,1408,rogue,assassination,76,40,36
Koreanrogue,archimonde,1406,rogue,assassination,24,15,9
Synthaetic,draenor,1403,rogue,assassination,100,54,46
Патайчик,soulflayer,1403,rogue,assassination,60,32,28
Ванэйти,gordunni,1401,rogue,assassination,84,42,42
Lelíth,ravencrest,1397,rogue,assassination,59,30,29
Траста,fordragon,1384,rogue,assassination,54,16,38
Lastsight,burning-legion,1382,rogue,assassination,33,16,17
Roguening,tarren-mill,1381,rogue,assassination,65,23,42
Piñotxo,sanguino,1377,rogue,assassination,41,17,24
Erion,silvermoon,1375,rogue,assassination,60,23,37
Zobrak,twisting-nether,1373,rogue,assassination,66,33,33
Ciaordel,sylvanas,1372,rogue,assassination,75,36,39
Unshaken,dun-modr,1370,rogue,assassination,42,15,27
Nuguri,blackrock,1359,rogue,assassination,39,20,19
Orcrogue,khadgar,1356,rogue,assassination,29,15,14
Haikyu,blackhand,1354,rogue,assassination,72,31,41
Синигурай,soulflayer,1353,rogue,assassination,36,18,18
Sneakysloth,ravencrest,1352,rogue,assassination,35,15,20
Dirtyz,dun-modr,1351,rogue,assassination,67,35,32
Cýphia,amanthul,1351,rogue,assassination,69,32,37
Асиксх,blackscar,1347,rogue,assassination,73,35,38
Batsu,alleria,1346,rogue,assassination,42,18,24
Yvÿ,archimonde,1343,rogue,assassination,36,22,14
Botsrogue,kazzak,1342,rogue,assassination,24,14,10
Markø,twisting-nether,1341,rogue,assassination,54,22,32
Stråt,ysondre,1340,rogue,assassination,36,14,22
Civarea,blackrock,1339,rogue,assassination,39,15,24
Кайдарра,eversong,1335,rogue,assassination,42,21,21
Lixht,the-maelstrom,1332,rogue,assassination,42,24,18
Stabbinu,burning-legion,1332,rogue,assassination,30,14,16
Finanzamtlg,blackrock,1328,rogue,assassination,36,19,17
Борщичок,gordunni,1324,rogue,assassination,50,30,20
Akira,outland,1323,rogue,assassination,36,19,17
Dé,ragnaros,1323,rogue,assassination,30,14,16
Стеллакокс,howling-fjord,1311,rogue,assassination,38,14,24
Minjeaca,silvermoon,1311,rogue,assassination,42,14,28
Sigleif,argent-dawn,1309,rogue,assassination,61,28,33
Givewallet,ravencrest,1308,rogue,assassination,24,14,10
Имилиона,blackscar,1298,rogue,assassination,31,18,13
Pathicus,stormreaver,1297,rogue,assassination,64,32,32
Röllz,ysondre,1295,rogue,assassination,42,17,25
Gadûz,kazzak,1295,rogue,assassination,44,17,27
Flawlesser,kazzak,1294,rogue,assassination,39,19,20
Effectz,ragnaros,1290,rogue,assassination,55,28,27
Zizmo,deathwing,1284,rogue,assassination,60,20,40
Элирэй,fordragon,1282,rogue,assassination,35,14,21
Raiyqyu,archimonde,1279,rogue,assassination,105,50,55
Djnelly,stormreaver,1278,rogue,assassination,48,29,19
Фикция,greymane,1270,rogue,assassination,37,15,22
Izze,thrall,1265,rogue,assassination,48,17,31
Yokze,ravencrest,1260,rogue,assassination,74,32,42
Veronkierto,stormreaver,1259,rogue,assassination,78,42,36
Negrim,dun-modr,1249,rogue,assassination,86,33,53
Snulle,ravencrest,1248,rogue,assassination,24,13,11
Сайгакк,galakrond,1248,rogue,assassination,58,30,28
Mystykal,twisting-nether,1248,rogue,assassination,42,17,25
Rubberducky,argent-dawn,1245,rogue,assassination,18,13,5
Satiiva,terokkar,1242,rogue,assassination,66,29,37
Zerocell,kazzak,1240,rogue,assassination,60,29,31
Mexxn,antonidas,1240,rogue,assassination,43,20,23
Dime,silvermoon,1239,rogue,assassination,90,47,43
Noxxra,blackhand,1239,rogue,assassination,47,17,30
Education,aegwynn,1238,rogue,assassination,24,13,11
Mewen,sanguino,1233,rogue,assassination,30,13,17
Sáinz,malganis,1233,rogue,assassination,35,15,20
Raetoc,turalyon,1230,rogue,assassination,30,15,15
Gankbang,frostmane,1225,rogue,assassination,54,21,33
Nukubu,draenor,1224,rogue,assassination,88,35,53
Trollohlol,malganis,1220,rogue,assassination,36,17,19
Sneakypeeki,sylvanas,1217,rogue,assassination,29,13,16
Behörnchen,eredar,1217,rogue,assassination,40,17,23
Pitøu,outland,1205,rogue,assassination,48,23,25
Kariinthuul,aegwynn,1205,rogue,assassination,48,20,28
Bennyweth,argent-dawn,1205,rogue,assassination,42,16,26
Килларан,howling-fjord,1200,rogue,assassination,29,16,13
Narsoule,ysondre,1194,rogue,assassination,25,14,11
Sùbzerø,archimonde,1186,rogue,assassination,23,13,10
Chiàntì,blackrock,1179,rogue,assassination,65,33,32
Экичу,howling-fjord,1177,rogue,assassination,48,28,20
Azovrouge,terokkar,1172,rogue,assassination,30,18,12
Swarge,silvermoon,1161,rogue,assassination,235,113,122
Kuttunga,ravencrest,1161,rogue,assassination,41,18,23
Ingesa,blackhand,1155,rogue,assassination,36,17,19
Цилана,gordunni,1153,rogue,assassination,42,23,19
Jeruna,veklor,1152,rogue,assassination,24,12,12
Grøax,ragnaros,1151,rogue,assassination,24,12,12
Watodoo,kazzak,1150,rogue,assassination,32,13,19
Зоти,lich-king,1146,rogue,assassination,24,12,12
Unterweger,die-aldor,1145,rogue,assassination,23,13,10
Bonejaw,tarren-mill,1137,rogue,assassination,30,14,16
Zokush,archimonde,1134,rogue,assassination,39,15,24
Pizzayamyam,aegwynn,1133,rogue,assassination,30,12,18
Stôrpîx,drakthul,1131,rogue,assassination,26,12,14
Скулипёс,howling-fjord,1124,rogue,assassination,23,15,8
Phaîne,outland,1124,rogue,assassination,24,12,12
Krimos,archimonde,1119,rogue,assassination,54,30,24
Missesinvis,blackmoore,1118,rogue,assassination,25,14,11
Petsakos,ravencrest,1113,rogue,assassination,35,12,23
Sênsus,antonidas,1110,rogue,assassination,54,21,33
Чернаясоска,eversong,1106,rogue,assassination,83,48,35
Oshä,dalaran,1102,rogue,assassination,30,13,17
Elûnè,silvermoon,1097,rogue,assassination,30,14,16
Gravestam,sunstrider,1085,rogue,assassination,36,17,19
Veliza,twisting-nether,1083,rogue,assassination,48,20,28
Tootskie,outland,1076,rogue,assassination,66,27,39
Lovetospoon,ravencrest,1067,rogue,assassination,66,34,32
Nighteshift,silvermoon,1064,rogue,assassination,36,14,22
Jæto,ravencrest,1062,rogue,assassination,27,14,13
Azonaticus,hyjal,1059,rogue,assassination,28,13,15
Deadlybrew,twisting-nether,1056,rogue,assassination,24,11,13
Goshîmoshî,stormscale,1056,rogue,assassination,30,11,19
Undxrwrld,sylvanas,1055,rogue,assassination,18,11,7
Fatnutsac,eredar,1055,rogue,assassination,24,11,13
Бонасера,blackscar,1052,rogue,assassination,24,11,13
Umciz,archimonde,1052,rogue,assassination,30,11,19
Jimaal,stormscale,1051,rogue,assassination,30,11,19
Dîspatchx,defias-brotherhood,1046,rogue,assassination,24,11,13
Zélla,twisting-nether,1044,rogue,assassination,24,11,13
Pasarelo,dun-modr,1041,rogue,assassination,95,45,50
Madlain,jaedenar,1041,rogue,assassination,24,11,13
Кэйлфрут,gordunni,1040,rogue,assassination,18,11,7
Subyo,eredar,1038,rogue,assassination,30,11,19
Nevelon,chogall,1033,rogue,assassination,78,33,45
Sladen,ghostlands,1032,rogue,assassination,24,11,13
Tre,eredar,1030,rogue,assassination,47,22,25
Jupitor,argent-dawn,1030,rogue,assassination,36,16,20
Idkwatocall,stormscale,1029,rogue,assassination,72,25,47
Seleyese,draenor,1027,rogue,assassination,36,15,21
Dykumah,sanguino,1016,rogue,assassination,24,11,13
Maroshko,argent-dawn,1015,rogue,assassination,23,11,12
Фуллблайнд,gordunni,1006,rogue,assassination,27,11,16
Dezxxyox,dun-modr,1001,rogue,assassination,56,29,27
Alltaïr,ravencrest,1000,rogue,assassination,115,58,57
Boskönigt,ragnaros,998,rogue,assassination,46,20,26
Undîsputed,blackmoore,994,rogue,assassination,39,12,27
Brunhityx,ravencrest,991,rogue,assassination,17,11,6
Майндтрикс,blackscar,991,rogue,assassination,26,11,15
Imdma,defias-brotherhood,986,rogue,assassination,36,17,19
Lesale,turalyon,977,rogue,assassination,42,18,24
Изифаза,deathguard,960,rogue,assassination,18,10,8
Awakeaf,outland,960,rogue,assassination,24,10,14
Gorgeousred,aegwynn,960,rogue,assassination,24,10,14
Ежикх,soulflayer,960,rogue,assassination,30,10,20
Blawann,argent-dawn,959,rogue,assassination,18,10,8
Miistermaen,outland,959,rogue,assassination,30,10,20
Intrix,draenor,959,rogue,assassination,30,10,20
Koopa,argent-dawn,959,rogue,assassination,42,10,32
Гесху,eversong,956,rogue,assassination,24,10,14
Gârrík,blackhand,954,rogue,assassination,18,10,8
Eightball,frostmane,954,rogue,assassination,18,10,8
Lírìa,argent-dawn,954,rogue,assassination,24,10,14
Szabina,outland,953,rogue,assassination,18,10,8
Джэкман,soulflayer,950,rogue,assassination,12,10,2
Tirgo,aegwynn,946,rogue,assassination,138,67,71
Джоннималыш,eversong,942,rogue,assassination,18,10,8
Прнхабочка,gordunni,941,rogue,assassination,36,20,16
Coastguard,twisting-nether,937,rogue,assassination,24,11,13
Eniyah,tarren-mill,927,rogue,assassination,17,10,7
Snakeshiv,ravenholdt,919,rogue,assassination,24,12,12
Dredge,kaelthas,919,rogue,assassination,43,14,29
Вотымразь,howling-fjord,916,rogue,assassination,33,15,18
Jústina,die-aldor,897,rogue,assassination,66,28,38
Márto,archimonde,896,rogue,assassination,22,10,12
Ороти,greymane,891,rogue,assassination,20,12,8
Darkkstep,blackmoore,890,rogue,assassination,24,11,13
Макггара,soulflayer,884,rogue,assassination,137,61,76
Pinchoto,sanguino,883,rogue,assassination,54,24,30
Løuvees,archimonde,881,rogue,assassination,64,29,35
Kaigodd,twisting-nether,879,rogue,assassination,38,20,18
Dallrend,stormscale,875,rogue,assassination,60,22,38
Tranxéne,hyjal,874,rogue,assassination,24,11,13
Scorpionkk,blackrock,873,rogue,assassination,34,16,18
Bauwten,ravencrest,866,rogue,assassination,24,12,12
Skýhigh,ravencrest,864,rogue,assassination,12,9,3
Watergirlx,ravencrest,864,rogue,assassination,18,9,9
Ålùnæh,azjolnerub,864,rogue,assassination,18,9,9
Sotri,dun-modr,864,rogue,assassination,24,9,15
Angeldarky,silvermoon,864,rogue,assassination,24,9,15
Фанфистинга,gordunni,863,rogue,assassination,30,9,21
Purplereign,frostmane,860,rogue,assassination,84,40,44
Silksneak,kazzak,856,rogue,assassination,18,9,9
Babysteps,the-maelstrom,856,rogue,assassination,18,9,9
Norlix,ravencrest,856,rogue,assassination,18,9,9
Chalkbag,blackrock,852,rogue,assassination,30,9,21
Kuxion,zuljin,847,rogue,assassination,24,10,14
Ressputini,emeriss,841,rogue,assassination,17,9,8
Паштетмашин,booty-bay,841,rogue,assassination,18,9,9
Dmfd,darksorrow,837,rogue,assassination,106,43,63
Lorena,ravencrest,826,rogue,assassination,17,9,8
Reginlief,argent-dawn,824,rogue,assassination,50,24,26
Îlihad,zuljin,824,rogue,assassination,42,16,26
Yuffi,ysondre,803,rogue,assassination,23,11,12
Hadúr,stormscale,802,rogue,assassination,28,11,17
Lilze,ravencrest,791,rogue,assassination,54,21,33
Nojdobra,tarren-mill,782,rogue,assassination,19,9,10
Mores,anetheron,781,rogue,assassination,24,9,15
Sospiro,nemesis,779,rogue,assassination,22,9,13
Gillette,guldan,773,rogue,assassination,78,29,49
Caská,blackhand,768,rogue,assassination,18,8,10
Tallac,drekthar,768,rogue,assassination,18,8,10
Onlyluvhurt,dun-modr,768,rogue,assassination,24,8,16
Lôre,blackrock,768,rogue,assassination,30,8,22
Jaxck,sylvanas,767,rogue,assassination,12,8,4
Xalupa,dun-modr,767,rogue,assassination,18,8,10
Эксплис,ashenvale,767,rogue,assassination,18,8,10
Meldee,burning-legion,767,rogue,assassination,18,8,10
Milenia,thrall,767,rogue,assassination,18,8,10
Shadowcralls,blackmoore,767,rogue,assassination,18,8,10
Röguelol,outland,767,rogue,assassination,18,8,10
Bronxbomber,tarren-mill,766,rogue,assassination,18,8,10
Менрэйз,gordunni,766,rogue,assassination,18,8,10
Flaskan,tarren-mill,766,rogue,assassination,18,8,10
Mol,defias-brotherhood,766,rogue,assassination,24,8,16
Obsçuritý,ragnaros,765,rogue,assassination,16,9,7
Revelith,nemesis,764,rogue,assassination,17,8,9
Giftknirps,silvermoon,758,rogue,assassination,18,8,10
Parker,frostmane,758,rogue,assassination,24,8,16
Куррвабобер,borean-tundra,756,rogue,assassination,18,8,10
Deragur,antonidas,733,rogue,assassination,18,8,10
Cbrook,sylvanas,733,rogue,assassination,23,8,15
Griveous,kazzak,732,rogue,assassination,14,9,5
Rahes,stormscale,731,rogue,assassination,35,8,27
Ninieu,kirin-tor,686,rogue,assassination,13,8,5
Djpiglet,outland,672,rogue,assassination,12,7,5
Dreathefox,drakthul,672,rogue,assassination,12,7,5
Like,aegwynn,672,rogue,assassination,12,7,5
Лиринэлла,soulflayer,672,rogue,assassination,12,7,5
Eeros,kazzak,672,rogue,assassination,18,7,11
Köna,archimonde,672,rogue,assassination,18,7,11
Zilemjr,stormscale,672,rogue,assassination,18,7,11
Совечица,gordunni,672,rogue,assassination,18,7,11
Scørp,ravencrest,672,rogue,assassination,18,7,11
Jaqenhghar,pozzo-delleternità,672,rogue,assassination,24,7,17
Luketherogue,twisting-nether,672,rogue,assassination,24,7,17
Ámbush,sylvanas,672,rogue,assassination,30,7,23
Rikdy,kazzak,672,rogue,assassination,30,7,23
Rîg,draenor,671,rogue,assassination,18,7,11
Kuzmin,die-aldor,671,rogue,assassination,18,7,11
Yassu,archimonde,671,rogue,assassination,18,7,11
Поздоровайся,howling-fjord,670,rogue,assassination,12,7,5
Julyshadows,kazzak,669,rogue,assassination,12,7,5
Shinigamî,nemesis,668,rogue,assassination,12,7,5
Fizzkhalifa,zuljin,667,rogue,assassination,25,9,16
Rogunelf,stormreaver,666,rogue,assassination,12,7,5
Ashami,genjuros,666,rogue,assassination,18,7,11
Sessanali,silvermoon,655,rogue,assassination,30,7,23
Niapro,dun-morogh,653,rogue,assassination,17,7,10
Rêdbello,dun-morogh,651,rogue,assassination,18,7,11
Ripgore,sylvanas,639,rogue,assassination,17,7,10
Якунька,soulflayer,637,rogue,assassination,17,7,10
Mozenn,draenor,622,rogue,assassination,15,7,8
Bensollo,tarren-mill,622,rogue,assassination,17,7,10
Jamesdarmody,twisting-nether,589,rogue,assassination,21,7,14
Soulriver,kelthuzad,576,rogue,assassination,12,6,6
Attylaria,rexxar,576,rogue,assassination,12,6,6
Wrestlér,sylvanas,576,rogue,assassination,12,6,6
Mollyperph,ravencrest,576,rogue,assassination,12,6,6
Лиргенвард,deathguard,576,rogue,assassination,12,6,6
Myk,ravencrest,576,rogue,assassination,12,6,6
Necroli,kazzak,576,rogue,assassination,12,6,6
Blade,stormscale,576,rogue,assassination,12,6,6
Amý,grim-batol,576,rogue,assassination,12,6,6
Sachsun,outland,576,rogue,assassination,12,6,6
Flopsy,archimonde,576,rogue,assassination,12,6,6
Бейнс,howling-fjord,576,rogue,assassination,12,6,6
Remindful,ravencrest,576,rogue,assassination,12,6,6
Voetdown,blackmoore,576,rogue,assassination,12,6,6
Lildretch,dun-morogh,576,rogue,assassination,12,6,6
Diagnoze,silvermoon,576,rogue,assassination,12,6,6
Blooddance,ragnaros,576,rogue,assassination,18,6,12
Vâleera,kazzak,576,rogue,assassination,18,6,12
Dnw,ravencrest,576,rogue,assassination,18,6,12
Zte,frostmane,576,rogue,assassination,18,6,12
Piperx,ravencrest,576,rogue,assassination,24,6,18
Rbgdowngrade,ravencrest,575,rogue,assassination,12,6,6
Peqpen,ravencrest,575,rogue,assassination,12,6,6
Hmwow,kazzak,575,rogue,assassination,12,6,6
Malvaxxs,tarren-mill,575,rogue,assassination,12,6,6
Zyrogue,silvermoon,575,rogue,assassination,12,6,6
Ноубрэйкс,blackscar,575,rogue,assassination,12,6,6
Stonecold,twilights-hammer,575,rogue,assassination,24,6,18
Fkuwu,dalaran,575,rogue,assassination,24,6,18
Yasmineskye,silvermoon,574,rogue,assassination,12,6,6
Outofstuns,earthen-ring,574,rogue,assassination,18,7,11
Dahlinska,ravencrest,574,rogue,assassination,18,6,12
Tubes,dun-morogh,573,rogue,assassination,6,6,0
Whiss,blackmoore,573,rogue,assassination,12,6,6
Letheus,stormscale,573,rogue,assassination,18,6,12
Оскархартман,gordunni,572,rogue,assassination,12,6,6
Whiz,alexstrasza,572,rogue,assassination,21,7,14
Matarocho,ravencrest,572,rogue,assassination,18,6,12
Ranjual,blackhand,571,rogue,assassination,12,6,6
Mythicog,twisting-nether,570,rogue,assassination,18,6,12
Вальпургина,borean-tundra,569,rogue,assassination,12,6,6
Симус,lich-king,568,rogue,assassination,12,6,6
Tc,doomhammer,568,rogue,assassination,12,6,6
Dimah,blackmoore,563,rogue,assassination,18,6,12
Наджийа,lich-king,560,rogue,assassination,18,6,12
Ûltraaxx,ysondre,528,rogue,assassination,15,6,9
Stonyhavana,ravencrest,527,rogue,assassination,11,6,5
Vaeira,ravencrest,527,rogue,assassination,17,6,11
Vanisha,outland,496,rogue,assassination,13,6,7
Babouill,ysondre,480,rogue,assassination,6,5,1
Ðescartes,antonidas,480,rogue,assassination,6,5,1
Kendyx,kirin-tor,480,rogue,assassination,12,5,7
Fixsap,aegwynn,480,rogue,assassination,12,5,7
Gögel,draenor,480,rogue,assassination,12,5,7
Ghðst,stormscale,480,rogue,assassination,12,5,7
Trickfulz,stormscale,480,rogue,assassination,12,5,7
Babøønx,burning-legion,480,rogue,assassination,12,5,7
Кишмякх,howling-fjord,480,rogue,assassination,12,5,7
Йоио,howling-fjord,480,rogue,assassination,12,5,7
Liraia,eredar,480,rogue,assassination,12,5,7
Psg,argent-dawn,480,rogue,assassination,12,5,7
Morgan,argent-dawn,480,rogue,assassination,12,5,7
Uzrigu,tarren-mill,480,rogue,assassination,12,5,7
Hì,bronzebeard,480,rogue,assassination,12,5,7
Malatang,thrall,480,rogue,assassination,12,5,7
Aikaza,blackmoore,480,rogue,assassination,12,5,7
Snurry,tarren-mill,480,rogue,assassination,12,5,7
Томасмразь,blackscar,480,rogue,assassination,12,5,7
Patryk,silvermoon,480,rogue,assassination,12,5,7
Nippzy,twisting-nether,480,rogue,assassination,12,5,7
Эрихард,howling-fjord,480,rogue,assassination,12,5,7
Иллвилл,soulflayer,480,rogue,assassination,12,5,7
Calve,tarren-mill,480,rogue,assassination,12,5,7
Скварлет,howling-fjord,480,rogue,assassination,12,5,7
Anhduy,blackrock,480,rogue,assassination,12,5,7
Exiv,ragnaros,480,rogue,assassination,12,5,7
Рэкрейвон,gordunni,480,rogue,assassination,12,5,7
Kenjí,silvermoon,480,rogue,assassination,18,5,13
Featfawkes,ragnaros,480,rogue,assassination,18,5,13
Аязлаая,blackscar,480,rogue,assassination,18,5,13
Ambushgirl,ravencrest,480,rogue,assassination,18,5,13
Exanimu,ravencrest,480,rogue,assassination,18,5,13
Waltër,tyrande,480,rogue,assassination,18,5,13
Wrathed,stormreaver,480,rogue,assassination,18,5,13
Republicano,cthun,480,rogue,assassination,18,5,13
Stealthi,stormscale,480,rogue,assassination,18,5,13
Vizifyx,ravencrest,480,rogue,assassination,24,5,19
Finisher,sanguino,479,rogue,assassination,6,5,1
Хэресс,soulflayer,479,rogue,assassination,6,5,1
Leÿji,archimonde,479,rogue,assassination,12,5,7
Nargun,archimonde,479,rogue,assassination,12,5,7
Shadowfangs,ravencrest,479,rogue,assassination,12,5,7
Jimzopf,eredar,479,rogue,assassination,12,5,7
Imissmop,darkspear,479,rogue,assassination,18,5,13
Astefion,dalaran,479,rogue,assassination,24,5,19
Jacksoon,dun-morogh,477,rogue,assassination,18,5,13
Razboy,dun-morogh,475,rogue,assassination,12,5,7
Owlcat,argent-dawn,475,rogue,assassination,12,5,7
Rossaporcona,nemesis,475,rogue,assassination,24,5,19
Blackone,nemesis,473,rogue,assassination,18,5,13
Liøø,antonidas,447,rogue,assassination,11,5,6
Deevoll,tarren-mill,447,rogue,assassination,20,6,14
Bhabì,uldaman,431,rogue,assassination,11,5,6
Rhâpsødýx,twisting-nether,426,rogue,assassination,14,6,8
Refundlands,kazzak,426,rogue,assassination,15,6,9
Mâêl,blackmoore,426,rogue,assassination,16,6,10
Bluehell,sanguino,415,rogue,assassination,10,5,5
Døpegame,ravencrest,400,rogue,assassination,13,5,8
Zzippi,blackmoore,399,rogue,assassination,13,5,8
Mouchess,hyjal,384,rogue,assassination,6,4,2
Mituxararr,blackrock,384,rogue,assassination,6,4,2
Красаа,soulflayer,384,rogue,assassination,6,4,2
Дикийминус,howling-fjord,384,rogue,assassination,6,4,2
Eltitoedu,dun-modr,384,rogue,assassination,6,4,2
Backstabjr,blackmoore,384,rogue,assassination,6,4,2
Sayianwho,ravencrest,384,rogue,assassination,6,4,2
Мёртвыйанарх,soulflayer,384,rogue,assassination,6,4,2
Whosmanz,ragnaros,384,rogue,assassination,6,4,2
Sîccarîus,ravencrest,384,rogue,assassination,6,4,2
Путьказаха,gordunni,384,rogue,assassination,6,4,2
Ebayscammer,ravencrest,384,rogue,assassination,6,4,2
Parawietje,twilights-hammer,384,rogue,assassination,6,4,2
Meccura,silvermoon,384,rogue,assassination,6,4,2
Биокарлик,soulflayer,384,rogue,assassination,6,4,2
Nineball,frostmane,384,rogue,assassination,6,4,2
Mïkasa,ysondre,384,rogue,assassination,6,4,2
Gâla,elune,384,rogue,assassination,6,4,2
Painkeeper,stormscale,384,rogue,assassination,6,4,2
Obstechhawi,argent-dawn,384,rogue,assassination,6,4,2
Tyranoxoth,stormscale,384,rogue,assassination,6,4,2
Tebzr,ravencrest,384,rogue,assassination,6,4,2
Zerfex,eredar,384,rogue,assassination,6,4,2
Brñ,ravencrest,384,rogue,assassination,6,4,2
Fûckínggød,outland,384,rogue,assassination,6,4,2
Barkai,kazzak,384,rogue,assassination,12,4,8
Kallelelel,tarren-mill,384,rogue,assassination,12,4,8
Juxtapose,ravencrest,384,rogue,assassination,12,4,8
Noxxy,archimonde,384,rogue,assassination,12,4,8
Givilwtf,eredar,384,rogue,assassination,12,4,8
Meimei,sanguino,384,rogue,assassination,12,4,8
Fálke,dun-modr,384,rogue,assassination,12,4,8
Paidaki,kazzak,384,rogue,assassination,12,4,8
Гранетанцор,blackscar,384,rogue,assassination,12,4,8
Mtb,ravencrest,384,rogue,assassination,12,4,8
Kïdney,stormscale,384,rogue,assassination,12,4,8
Röguetönerö,dun-modr,384,rogue,assassination,12,4,8
Sharkøo,eredar,384,rogue,assassination,12,4,8
Stepbrogue,tarren-mill,384,rogue,assassination,12,4,8
Feucht,argent-dawn,384,rogue,assassination,12,4,8
Crimatoria,rajaxx,384,rogue,assassination,12,4,8
Bijâ,aegwynn,384,rogue,assassination,12,4,8
Галиновна,soulflayer,384,rogue,assassination,12,4,8
Norpz,aggra-português,384,rogue,assassination,12,4,8
Izzyb,auchindoun,384,rogue,assassination,12,4,8
Achterom,tarren-mill,384,rogue,assassination,12,4,8
Wééselby,blackrock,384,rogue,assassination,12,4,8
Ryxon,arathor,384,rogue,assassination,12,4,8
Ра,gordunni,384,rogue,assassination,12,4,8
Stepkickgodx,blackmoore,384,rogue,assassination,12,4,8
Shènz,ysondre,384,rogue,assassination,12,4,8
Darkchomeur,archimonde,384,rogue,assassination,12,4,8
Honeycakes,ravencrest,384,rogue,assassination,12,4,8
Ddhelpra,blackrock,384,rogue,assassination,12,4,8
Doomdagger,chamber-of-aspects,384,rogue,assassination,12,4,8
Zerö,tarren-mill,384,rogue,assassination,18,4,14
Ibizà,ravencrest,384,rogue,assassination,18,4,14
Gorgeousréd,aegwynn,384,rogue,assassination,18,4,14
Sythex,archimonde,384,rogue,assassination,18,4,14
Лайнэл,deathweaver,384,rogue,assassination,18,4,14
Saboteur,antonidas,384,rogue,assassination,18,4,14
Vexedancer,stormscale,383,rogue,assassination,6,4,2
Opiïum,ysondre,383,rogue,assassination,6,4,2
Elysm,stormscale,383,rogue,assassination,6,4,2
Algopyrin,ragnaros,383,rogue,assassination,12,4,8
Obbexd,outland,383,rogue,assassination,12,4,8
Töbïï,sylvanas,383,rogue,assassination,12,4,8
Sæqq,blackmoore,383,rogue,assassination,12,4,8
Kyzzo,dalaran,383,rogue,assassination,12,4,8
Twinkyzzö,archimonde,382,rogue,assassination,12,4,8
Pumpy,blades-edge,381,rogue,assassination,12,4,8
Møkkagnom,darkspear,381,rogue,assassination,12,4,8
Easy,kult-der-verdammten,376,rogue,assassination,18,4,14
Stealtheous,arathor,367,rogue,assassination,11,4,7
Стронг,soulflayer,352,rogue,assassination,10,4,6
Stælf,argent-dawn,352,rogue,assassination,16,4,12
Lilbubblegum,emerald-dream,351,rogue,assassination,11,4,7
Клозо,galakrond,351,rogue,assassination,17,4,13
Морзо,howling-fjord,351,rogue,assassination,17,4,13
Voraq,blackhand,350,rogue,assassination,11,4,7
Bamboozledx,draenor,319,rogue,assassination,5,4,1
Fz,chants-éternels,319,rogue,assassination,16,5,11
Jupezii,stormreaver,288,rogue,assassination,6,3,3
Tasster,frostwolf,288,rogue,assassination,6,3,3
Luciferx,stormscale,288,rogue,assassination,6,3,3
Stroògz,ysondre,288,rogue,assassination,6,3,3
Mordred,stormscale,288,rogue,assassination,6,3,3
Illmindofboo,twisting-nether,288,rogue,assassination,6,3,3
Nevazutu,twisting-nether,288,rogue,assassination,6,3,3
Smorcoolio,stormscale,288,rogue,assassination,6,3,3
Котянкахд,howling-fjord,288,rogue,assassination,6,3,3
Охотникведьм,soulflayer,288,rogue,assassination,6,3,3
Lämä,stormreaver,288,rogue,assassination,6,3,3
Ракфорн,howling-fjord,288,rogue,assassination,6,3,3
Nezukóchan,ravencrest,288,rogue,assassination,6,3,3
Keexy,ravencrest,288,rogue,assassination,6,3,3
Zigaretz,ravencrest,288,rogue,assassination,6,3,3
Lïhtêñßërg,ravencrest,288,rogue,assassination,6,3,3
Rodént,argent-dawn,288,rogue,assassination,6,3,3
Myxx,ravencrest,288,rogue,assassination,6,3,3
Gitguduwu,tarren-mill,288,rogue,assassination,6,3,3
Зорго,deathguard,288,rogue,assassination,6,3,3
Stealthyist,darkmoon-faire,288,rogue,assassination,6,3,3
Labronka,sanguino,288,rogue,assassination,6,3,3
Artyzoo,tarren-mill,288,rogue,assassination,6,3,3
Erdin,ravencrest,288,rogue,assassination,6,3,3
Reaventis,ravencrest,288,rogue,assassination,6,3,3
Sâtýr,ravencrest,288,rogue,assassination,6,3,3
Laojin,kiljaeden,288,rogue,assassination,6,3,3
Brazi,dalaran,288,rogue,assassination,6,3,3
Jsprxo,stormscale,288,rogue,assassination,6,3,3
Nightnelly,archimonde,288,rogue,assassination,6,3,3
Redcutter,silvermoon,288,rogue,assassination,6,3,3
Некролз,gordunni,288,rogue,assassination,6,3,3
Langneurr,archimonde,288,rogue,assassination,6,3,3
Xãwé,kazzak,288,rogue,assassination,6,3,3
Lättja,hyjal,288,rogue,assassination,6,3,3
Sussulto,nemesis,288,rogue,assassination,6,3,3
Tiazx,outland,288,rogue,assassination,6,3,3
Ocklol,archimonde,288,rogue,assassination,11,3,8
Psybelette,khaz-modan,288,rogue,assassination,15,4,11
Madisonivyqt,blackmoore,288,rogue,assassination,12,3,9
Kyropth,eredar,288,rogue,assassination,12,3,9
Mindset,eredar,288,rogue,assassination,12,3,9
Bumaqt,silvermoon,288,rogue,assassination,12,3,9
Hersuub,blackmoore,288,rogue,assassination,12,3,9
Netreck,dun-modr,288,rogue,assassination,12,3,9
Teldã,archimonde,288,rogue,assassination,12,3,9
Nezuko,gilneas,288,rogue,assassination,12,3,9
Horvathzu,ravencrest,288,rogue,assassination,12,3,9
Ryurfy,archimonde,288,rogue,assassination,12,3,9
Eriksonn,drakthul,288,rogue,assassination,12,3,9
Курога,howling-fjord,288,rogue,assassination,12,3,9
Fushimi,ravencrest,288,rogue,assassination,12,3,9
Zeiden,sanguino,288,rogue,assassination,12,3,9
Sickko,stormscale,288,rogue,assassination,12,3,9
Smokeyx,outland,288,rogue,assassination,12,3,9
Persës,outland,288,rogue,assassination,12,3,9
Gløck,die-aldor,288,rogue,assassination,12,3,9
Drillss,ravencrest,288,rogue,assassination,22,4,18
Memphismp,drakthul,288,rogue,assassination,18,3,15
Jáyjay,antonidas,288,rogue,assassination,18,3,15
Yubleeding,kazzak,287,rogue,assassination,6,3,3
Willin,kazzak,287,rogue,assassination,6,3,3
Killboom,rexxar,287,rogue,assassination,6,3,3
Гламурятина,gordunni,287,rogue,assassination,6,3,3
Sïdr,marécage-de-zangar,287,rogue,assassination,6,3,3
Vendox,defias-brotherhood,287,rogue,assassination,12,3,9
Nastyrogue,burning-legion,287,rogue,assassination,12,3,9
Krymziàâ,hyjal,287,rogue,assassination,18,3,15
Фоксивнир,soulflayer,286,rogue,assassination,6,3,3
Twotimess,stormscale,286,rogue,assassination,6,3,3
Clapslap,blackmoore,286,rogue,assassination,6,3,3
Ecilaa,conseil-des-ombres,285,rogue,assassination,12,3,9
Verbb,turalyon,284,rogue,assassination,12,3,9
Jumbovanish,tarren-mill,271,rogue,assassination,12,4,8
Layson,les-clairvoyants,271,rogue,assassination,11,3,8
Blckrogue,bloodfeather,240,rogue,assassination,9,3,6
Alpinestars,dun-modr,239,rogue,assassination,5,3,2
Starkad,archimonde,239,rogue,assassination,5,3,2
Kebabgodx,sanguino,223,rogue,assassination,8,3,5
Лунари,blackscar,192,rogue,assassination,6,2,4
Китей,howling-fjord,192,rogue,assassination,6,2,4
Garou,blackhand,192,rogue,assassination,6,2,4
Droomprins,stormscale,192,rogue,assassination,6,2,4
Bloodwraith,stormscale,192,rogue,assassination,6,2,4
Rãz,stormscale,192,rogue,assassination,6,2,4
Люняшка,booty-bay,192,rogue,assassination,6,2,4
Redork,twisting-nether,192,rogue,assassination,6,2,4
Хемофилия,grom,192,rogue,assassination,6,2,4
Хулиганнчег,galakrond,192,rogue,assassination,6,2,4
Mallaurya,dalaran,192,rogue,assassination,6,2,4
Кашеварить,gordunni,192,rogue,assassination,6,2,4
Warbell,stormscale,192,rogue,assassination,6,2,4
Zyphion,ragnaros,192,rogue,assassination,6,2,4
Сильфитт,gordunni,192,rogue,assassination,6,2,4
Maxrizzx,ravencrest,192,rogue,assassination,6,2,4
Саулите,deathguard,192,rogue,assassination,6,2,4
Hideout,ravencrest,192,rogue,assassination,6,2,4
Sanzsa,ravencrest,192,rogue,assassination,6,2,4
Habba,dragonblight,192,rogue,assassination,6,2,4
Ðelvin,dalaran,192,rogue,assassination,6,2,4
Сабстрайк,soulflayer,192,rogue,assassination,6,2,4
Althieves,ravencrest,192,rogue,assassination,6,2,4
Hardkølle,ravencrest,192,rogue,assassination,6,2,4
Аренатрюки,soulflayer,192,rogue,assassination,6,2,4
Jonewrld,ravencrest,192,rogue,assassination,6,2,4
Нойсеен,gordunni,192,rogue,assassination,6,2,4
Synexo,sylvanas,192,rogue,assassination,6,2,4
Katara,antonidas,192,rogue,assassination,6,2,4
Schníttchen,antonidas,192,rogue,assassination,6,2,4
Noilek,sylvanas,192,rogue,assassination,6,2,4
Tofix,tarren-mill,192,rogue,assassination,6,2,4
Brazzersx,antonidas,192,rogue,assassination,6,2,4
Xeggy,turalyon,192,rogue,assassination,6,2,4
Shúrae,blackmoore,192,rogue,assassination,6,2,4
Rearmer,burning-legion,192,rogue,assassination,6,2,4
Ikaze,kazzak,192,rogue,assassination,6,2,4
Niagram,dun-modr,192,rogue,assassination,6,2,4
Highz,zenedar,192,rogue,assassination,6,2,4
Naí,zuljin,192,rogue,assassination,6,2,4
Gane,sanguino,192,rogue,assassination,6,2,4
Maedyv,magtheridon,192,rogue,assassination,6,2,4
Helcof,emerald-dream,192,rogue,assassination,6,2,4
Sokillu,silvermoon,192,rogue,assassination,6,2,4
Yanlu,ysondre,192,rogue,assassination,6,2,4
Gigarogue,defias-brotherhood,192,rogue,assassination,6,2,4
Vessel,tarren-mill,192,rogue,assassination,6,2,4
Reáper,frostwolf,192,rogue,assassination,6,2,4
Kikitaklk,uldum,192,rogue,assassination,6,2,4
Zømbië,kazzak,192,rogue,assassination,6,2,4
Xanyy,bloodfeather,192,rogue,assassination,6,2,4
Isucu,burning-legion,192,rogue,assassination,6,2,4
Diliu,doomhammer,192,rogue,assassination,6,2,4
Saix,blackrock,192,rogue,assassination,6,2,4
Mobrac,silvermoon,192,rogue,assassination,6,2,4
Næylá,kult-der-verdammten,192,rogue,assassination,6,2,4
Sycko,alakir,192,rogue,assassination,6,2,4
Bórgós,blackrock,192,rogue,assassination,6,2,4
Díddz,tarren-mill,192,rogue,assassination,6,2,4
Oczku,burning-legion,192,rogue,assassination,6,2,4
Eazmode,outland,192,rogue,assassination,6,2,4
Grüeßseebach,todeswache,192,rogue,assassination,6,2,4
Ichiegoichie,draenor,192,rogue,assassination,6,2,4
Redrumx,outland,192,rogue,assassination,6,2,4
Halucinogeno,silvermoon,192,rogue,assassination,6,2,4
Edaniel,draenor,192,rogue,assassination,6,2,4
Ghøstkid,blackrock,192,rogue,assassination,6,2,4
Henlh,turalyon,192,rogue,assassination,6,2,4
Nudelholz,blackrock,192,rogue,assassination,6,2,4
Fälke,dun-modr,192,rogue,assassination,6,2,4
Tinta,aszune,192,rogue,assassination,6,2,4
Bangerstab,draenor,192,rogue,assassination,6,2,4
Xanders,draenor,192,rogue,assassination,6,2,4
Vezinia,ravencrest,192,rogue,assassination,12,2,10
Sheyrrà,aegwynn,192,rogue,assassination,12,2,10
Neirdà,hyjal,192,rogue,assassination,12,2,10
Mingzhu,ravencrest,192,rogue,assassination,12,2,10
Azzmodia,aegwynn,192,rogue,assassination,12,2,10
Romiel,ravencrest,192,rogue,assassination,12,2,10
Лэйкиро,gordunni,192,rogue,assassination,12,2,10
Винерджи,gordunni,192,rogue,assassination,12,2,10
Cacucoxpahu,kazzak,192,rogue,assassination,12,2,10
Sneakzy,sylvanas,192,rogue,assassination,12,2,10
Hitogoroshi,hyjal,192,rogue,assassination,12,2,10
Coopér,argent-dawn,192,rogue,assassination,18,2,16
Hanzo,vashj,192,rogue,assassination,18,2,16
Токссиси,gordunni,191,rogue,assassination,6,2,4
Nhot,kazzak,191,rogue,assassination,6,2,4
Drexxo,drakthul,191,rogue,assassination,6,2,4
Eljana,amanthul,185,rogue,assassination,14,4,10
Icyicé,kazzak,175,rogue,assassination,11,2,9
Sanzoo,blackmoore,175,rogue,assassination,11,2,9
Элиссенда,deathguard,159,rogue,assassination,5,2,3
Nÿst,khaz-modan,159,rogue,assassination,11,2,9
Ilrunne,silvermoon,144,rogue,assassination,3,3,0
Arathir,ravencrest,138,rogue,assassination,9,3,6
Shâdowfreeze,onyxia,138,rogue,assassination,22,4,18
Knockyz,khaz-modan,135,rogue,assassination,13,3,10
Зайт,howling-fjord,126,rogue,assassination,8,2,6
Mythmatical,tarren-mill,96,rogue,assassination,3,2,1
Ynohtna,blackhand,96,rogue,assassination,3,2,1
Totentánz,silvermoon,96,rogue,assassination,9,2,7
Msrogue,eredar,96,rogue,assassination,6,1,5
Møtivate,ragnaros,96,rogue,assassination,6,1,5
Кейнилин,gordunni,96,rogue,assassination,6,1,5
Rasponi,ragnaros,96,rogue,assassination,6,1,5
Sly,emerald-dream,96,rogue,assassination,6,1,5
Hallowéén,turalyon,96,rogue,assassination,6,1,5
Wøølfgang,archimonde,96,rogue,assassination,6,1,5
Ønlylovcindy,drekthar,96,rogue,assassination,6,1,5
Invisage,grim-batol,96,rogue,assassination,6,1,5
Royalflüx,grim-batol,96,rogue,assassination,6,1,5
Shåkø,tarren-mill,96,rogue,assassination,6,1,5
Myk,xavius,96,rogue,assassination,6,1,5
Ogc,draenor,96,rogue,assassination,6,1,5
Sbx,alakir,96,rogue,assassination,6,1,5
Pfaded,steamwheedle-cartel,96,rogue,assassination,6,1,5
Finfcyn,burning-legion,96,rogue,assassination,6,1,5
Nesä,hyjal,96,rogue,assassination,6,1,5
Ðiè,frostmane,96,rogue,assassination,6,1,5
Kilabre,twisting-nether,96,rogue,assassination,6,1,5
Janx,aegwynn,96,rogue,assassination,6,1,5
Chøsen,stormscale,96,rogue,assassination,6,1,5
Deceptionz,ravencrest,96,rogue,assassination,6,1,5
Hendrikske,aggramar,96,rogue,assassination,6,1,5
Yamoshí,sanguino,96,rogue,assassination,6,1,5
Roronao,sanguino,96,rogue,assassination,6,1,5
Azotix,archimonde,96,rogue,assassination,6,1,5
Takiya,ysondre,96,rogue,assassination,6,1,5
Vanisshh,hyjal,96,rogue,assassination,6,1,5
Flêxô,antonidas,96,rogue,assassination,6,1,5
Asmodal,antonidas,96,rogue,assassination,6,1,5
Yörgs,eredar,96,rogue,assassination,6,1,5
Penetrantos,eredar,96,rogue,assassination,6,1,5
Jáckz,twisting-nether,96,rogue,assassination,6,1,5
Thiranor,cthun,96,rogue,assassination,6,1,5
Zajii,eredar,96,rogue,assassination,6,1,5
Kronin,arakarahm,96,rogue,assassination,6,1,5
Ohmydotz,archimonde,96,rogue,assassination,6,1,5
Ñavy,archimonde,96,rogue,assassination,6,1,5
Mekóz,draenor,96,rogue,assassination,6,1,5
Missàh,archimonde,96,rogue,assassination,6,1,5
Chokee,blackrock,96,rogue,assassination,6,1,5
Hanteran,magtheridon,96,rogue,assassination,6,1,5
Трисися,gordunni,96,rogue,assassination,6,1,5
Ристоврация,gordunni,96,rogue,assassination,6,1,5
Dravenfoot,defias-brotherhood,96,rogue,assassination,6,1,5
Frequenzalfa,silvermoon,96,rogue,assassination,6,1,5
Kenko,aerie-peak,96,rogue,assassination,6,1,5
Рестинписер,soulflayer,96,rogue,assassination,6,1,5
Метаболикх,gordunni,96,rogue,assassination,6,1,5
Распяздяй,gordunni,96,rogue,assassination,7,1,6
Мелеша,blackscar,96,rogue,assassination,12,1,11
Роророл,gordunni,96,rogue,assassination,12,1,11
Jawen,silvermoon,96,rogue,assassination,12,1,11
Tybiereus,argent-dawn,96,rogue,assassination,12,1,11
Altaár,dun-modr,96,rogue,assassination,12,1,11
Kyoukaî,archimonde,96,rogue,assassination,12,1,11
Xlongman,blackhand,96,rogue,assassination,12,1,11
Barbuniarz,shadowsong,96,rogue,assassination,12,1,11
Hâlya,hyjal,96,rogue,assassination,18,1,17
Ravéñ,silvermoon,96,rogue,assassination,24,1,23
Snikrot,karazhan,95,rogue,assassination,6,1,5
Belina,draenor,95,rogue,assassination,6,1,5
Elvís,chamber-of-aspects,95,rogue,assassination,6,1,5
Медиивэл,deepholm,79,rogue,assassination,5,1,4
Trashcarlitâ,eredar,79,rogue,assassination,5,1,4
Nià,argent-dawn,79,rogue,assassination,5,1,4
Maelithas,archimonde,79,rogue,assassination,11,1,10
Vound,tarren-mill,64,rogue,assassination,4,1,3
Elgande,stormrage,63,rogue,assassination,2,2,0
Latscholol,malorne,42,rogue,assassination,12,3,9
Kkraken,dalaran,41,rogue,assassination,10,2,8
Дольчих,deathguard,2217,shaman,restoration,188,98,90
Josë,twisting-nether,2146,shaman,restoration,131,71,60
Shadrak,eredar,2123,shaman,restoration,84,46,38
Терату,howling-fjord,2118,shaman,restoration,84,46,38
Crnine,pozzo-delleternità,2112,shaman,restoration,75,49,26
Benpai,eredar,2076,shaman,restoration,72,36,36
Драгенхз,gordunni,2069,shaman,restoration,369,191,178
Ultrahound,twisting-nether,2057,shaman,restoration,48,39,9
Мефодийшаман,howling-fjord,2054,shaman,restoration,95,63,32
Trashgame,kazzak,2050,shaman,restoration,66,36,30
Джексобед,soulflayer,2026,shaman,restoration,132,69,63
Chäväman,archimonde,2025,shaman,restoration,150,72,78
Carlpeant,drakthul,2020,shaman,restoration,161,87,74
Daretodream,blackrock,1996,shaman,restoration,53,29,24
Lavalavalava,blackrock,1993,shaman,restoration,447,244,203
Frshprn,hyjal,1982,shaman,restoration,90,51,39
Jackypink,ragnaros,1968,shaman,restoration,189,96,93
Bmbx,archimonde,1954,shaman,restoration,367,187,180
Deepwithyou,blackhand,1953,shaman,restoration,153,83,70
Epsylone,kazzak,1953,shaman,restoration,101,51,50
Linkx,stormscale,1948,shaman,restoration,40,22,18
Bytheway,aegwynn,1940,shaman,restoration,79,39,40
Adroda,kazzak,1939,shaman,restoration,117,66,51
Valko,hellfire,1931,shaman,restoration,42,27,15
Lavelover,tarren-mill,1927,shaman,restoration,66,41,25
Tallyx,ravencrest,1926,shaman,restoration,90,44,46
Цукерок,soulflayer,1922,shaman,restoration,119,72,47
Yararsiz,twisting-nether,1922,shaman,restoration,213,110,103
Señordoge,kazzak,1917,shaman,restoration,54,28,26
Skreewu,outland,1908,shaman,restoration,78,37,41
Libanô,archimonde,1907,shaman,restoration,353,170,183
Greggyb,twisting-nether,1904,shaman,restoration,48,27,21
Natasz,burning-legion,1903,shaman,restoration,135,80,55
Bobanrajovic,silvermoon,1898,shaman,restoration,42,28,14
Cylantarus,blackrock,1896,shaman,restoration,89,52,37
Трс,razuvious,1892,shaman,restoration,122,69,53
Эоя,howling-fjord,1889,shaman,restoration,182,97,85
Ripperdoc,stormreaver,1888,shaman,restoration,72,34,38
Swineflowing,ysondre,1880,shaman,restoration,54,28,26
Thunderrock,stormreaver,1880,shaman,restoration,211,102,109
Mininini,ravencrest,1880,shaman,restoration,60,29,31
Sèfìx,tarren-mill,1879,shaman,restoration,38,21,17
Hugox,outland,1876,shaman,restoration,270,131,139
Midgetfizzle,kazzak,1872,shaman,restoration,164,85,79
Kïllard,archimonde,1872,shaman,restoration,80,40,40
Кенкерх,gordunni,1871,shaman,restoration,84,38,46
Timide,ravencrest,1870,shaman,restoration,48,28,20
Rheax,tarren-mill,1868,shaman,restoration,60,27,33
Ggnore,kazzak,1866,shaman,restoration,96,61,35
Teldathree,archimonde,1866,shaman,restoration,101,54,47
Owrly,stormscale,1866,shaman,restoration,136,65,71
Zhull,ravencrest,1864,shaman,restoration,232,110,122
Keenxd,burning-legion,1861,shaman,restoration,42,23,19
Sentûn,blackrock,1861,shaman,restoration,121,61,60
Louler,ragnaros,1860,shaman,restoration,124,69,55
Онеоне,deathweaver,1858,shaman,restoration,59,35,24
Wíllz,ravencrest,1858,shaman,restoration,54,29,25
Yachiru,sylvanas,1854,shaman,restoration,73,59,14
Sinzzu,ragnaros,1852,shaman,restoration,199,102,97
Swkx,dun-modr,1848,shaman,restoration,58,34,24
Sugarfreé,ragnaros,1848,shaman,restoration,48,26,22
Zaru,sanguino,1846,shaman,restoration,63,31,32
Kisshots,the-maelstrom,1844,shaman,restoration,78,40,38
Cæsífer,blackrock,1844,shaman,restoration,72,32,40
Helloiamdoni,ravencrest,1843,shaman,restoration,101,63,38
Fufupartyxx,blackrock,1840,shaman,restoration,54,32,22
Cherepaha,stormscale,1838,shaman,restoration,70,32,38
Кодитян,gordunni,1837,shaman,restoration,60,30,30
Centralc,twisting-nether,1833,shaman,restoration,41,26,15
Inspektør,kazzak,1833,shaman,restoration,59,37,22
Fotmherøqtx,ravencrest,1832,shaman,restoration,96,51,45
Shiranoye,blackrock,1831,shaman,restoration,120,65,55
Jawje,tarren-mill,1831,shaman,restoration,102,49,53
Shamuunn,ravencrest,1830,shaman,restoration,54,28,26
Sethrøllins,hyjal,1829,shaman,restoration,114,53,61
Fitnessdavid,ravencrest,1826,shaman,restoration,53,29,24
Askagain,sylvanas,1825,shaman,restoration,52,28,24
Zergønk,ravencrest,1824,shaman,restoration,42,28,14
Bladeyx,ragnaros,1824,shaman,restoration,207,117,90
Lunarsloths,hyjal,1823,shaman,restoration,48,28,20
Bezixx,ravencrest,1823,shaman,restoration,192,111,81
Asynchund,ravencrest,1821,shaman,restoration,42,26,16
Nickygodx,stormscale,1819,shaman,restoration,54,27,27
Светшамка,howling-fjord,1817,shaman,restoration,30,19,11
Вишняблэйз,soulflayer,1817,shaman,restoration,59,31,28
Shamrockx,outland,1816,shaman,restoration,83,42,41
Sûckmytotem,ragnaros,1815,shaman,restoration,72,35,37
Meöw,nemesis,1813,shaman,restoration,232,120,112
Shockmelone,blackrock,1812,shaman,restoration,84,45,39
Carpetmaster,ragnaros,1812,shaman,restoration,51,27,24
Нойзблок,gordunni,1811,shaman,restoration,36,19,17
Tidepog,ravencrest,1810,shaman,restoration,60,28,32
Remony,pozzo-delleternità,1808,shaman,restoration,128,83,45
Fuzzynuts,ravencrest,1808,shaman,restoration,132,74,58
Yannkee,ravencrest,1808,shaman,restoration,48,24,24
Gargro,kazzak,1808,shaman,restoration,89,42,47
Nokster,twisting-nether,1806,shaman,restoration,84,60,24
Voodoonerd,twisting-nether,1803,shaman,restoration,47,24,23
Neou,archimonde,1803,shaman,restoration,54,27,27
Luckymê,blackrock,1802,shaman,restoration,51,27,24
Милфшама,blackscar,1802,shaman,restoration,239,123,116
Stensham,stormreaver,1801,shaman,restoration,48,28,20
Kiansham,silvermoon,1801,shaman,restoration,47,26,21
Rckfeller,burning-legion,1801,shaman,restoration,60,31,29
Squixi,tarren-mill,1799,shaman,restoration,60,33,27
Tentacruel,sylvanas,1798,shaman,restoration,79,53,26
Killrogge,kazzak,1794,shaman,restoration,25,22,3
Phaynozx,cthun,1790,shaman,restoration,90,38,52
Aciel,magtheridon,1788,shaman,restoration,48,35,13
Vivaldi,varimathras,1785,shaman,restoration,38,19,19
Hexe,kazzak,1783,shaman,restoration,75,32,43
Awcchampion,stormscale,1779,shaman,restoration,257,144,113
Holytidezx,aegwynn,1775,shaman,restoration,40,26,14
Szellento,darksorrow,1769,shaman,restoration,96,47,49
Johncoltrane,archimonde,1768,shaman,restoration,126,78,48
Bstr,frostmane,1763,shaman,restoration,60,30,30
Ihealbro,blackrock,1762,shaman,restoration,66,41,25
Kreamcake,bladefist,1759,shaman,restoration,126,56,70
Windfúhrèr,tarren-mill,1759,shaman,restoration,60,26,34
Wernøz,archimonde,1755,shaman,restoration,68,28,40
Westide,conseil-des-ombres,1754,shaman,restoration,42,21,21
Turboeddy,blackmoore,1750,shaman,restoration,67,44,23
Learningsham,destromath,1749,shaman,restoration,48,29,19
Vajaele,twisting-nether,1747,shaman,restoration,101,52,49
Harmony,outland,1746,shaman,restoration,30,22,8
Kraksham,ravencrest,1745,shaman,restoration,112,60,52
Eurocad,draenor,1744,shaman,restoration,36,21,15
Purgeluxe,aegwynn,1740,shaman,restoration,59,32,27
Hexewar,kazzak,1740,shaman,restoration,77,39,38
Donv,blackmoore,1739,shaman,restoration,42,26,16
Rottulos,stormrage,1739,shaman,restoration,65,35,30
Shamidrak,eredar,1739,shaman,restoration,48,25,23
Somethingnew,azuremyst,1739,shaman,restoration,52,25,27
Ixxmre,blackrock,1738,shaman,restoration,173,93,80
Waramors,eredar,1738,shaman,restoration,125,62,63
Machmacan,argent-dawn,1735,shaman,restoration,86,47,39
Nübs,aegwynn,1735,shaman,restoration,95,43,52
Kalypsø,arthas,1734,shaman,restoration,60,30,30
Korvsnärten,outland,1734,shaman,restoration,77,37,40
Чинанрук,howling-fjord,1731,shaman,restoration,113,57,56
Tùiðhânâ,ravencrest,1730,shaman,restoration,107,58,49
Jíkkz,aegwynn,1729,shaman,restoration,66,32,34
Darnast,draenor,1727,shaman,restoration,70,31,39
Агентхолинки,gordunni,1726,shaman,restoration,24,18,6
Bullezno,kazzak,1725,shaman,restoration,111,66,45
Izir,archimonde,1725,shaman,restoration,54,24,30
Arslos,twisting-nether,1723,shaman,restoration,30,24,6
Sheargodx,blackmoore,1723,shaman,restoration,42,21,21
Wess,archimonde,1722,shaman,restoration,36,18,18
Snusy,stormscale,1722,shaman,restoration,36,18,18
Morkyy,thrall,1721,shaman,restoration,38,19,19
Mltx,twilights-hammer,1714,shaman,restoration,44,19,25
Shamolili,stormscale,1713,shaman,restoration,108,52,56
Lahey,draenor,1711,shaman,restoration,140,73,67
Вавувоух,howling-fjord,1711,shaman,restoration,36,18,18
Totembaws,blackmoore,1708,shaman,restoration,54,26,28
Holytidez,aegwynn,1707,shaman,restoration,48,24,24
Nizzarrathur,argent-dawn,1706,shaman,restoration,30,18,12
Jelincic,ravencrest,1706,shaman,restoration,60,26,34
Hydrolîc,blackrock,1705,shaman,restoration,66,36,30
Connecting,hyjal,1704,shaman,restoration,39,21,18
Incase,burning-legion,1701,shaman,restoration,53,30,23
Ларкуш,howling-fjord,1701,shaman,restoration,118,61,57
Unbrokeñ,stormscale,1701,shaman,restoration,41,18,23
Thyroideus,argent-dawn,1700,shaman,restoration,198,115,83
Мвнз,soulflayer,1700,shaman,restoration,54,22,32
Variablelol,outland,1697,shaman,restoration,46,32,14
Nestre,kazzak,1697,shaman,restoration,36,18,18
Nêmônin,perenolde,1694,shaman,restoration,44,28,16
Karakoram,ysondre,1694,shaman,restoration,131,68,63
Igly,antonidas,1694,shaman,restoration,42,21,21
Nellytko,aegwynn,1693,shaman,restoration,57,32,25
Dóómhammer,jaedenar,1693,shaman,restoration,142,74,68
Bâbbub,tarren-mill,1692,shaman,restoration,33,21,12
Сорит,blackscar,1692,shaman,restoration,51,31,20
Wacomtablet,kazzak,1690,shaman,restoration,24,18,6
Dmgaddict,kazzak,1689,shaman,restoration,48,28,20
Redomsh,stormreaver,1689,shaman,restoration,54,28,26
Goeller,stormscale,1687,shaman,restoration,54,29,25
Виелетта,gordunni,1684,shaman,restoration,30,18,12
Phoenííx,twisting-nether,1684,shaman,restoration,305,149,156
Djosershamy,draenor,1679,shaman,restoration,84,42,42
Lexxthree,blackrock,1677,shaman,restoration,36,23,13
Keisser,ravencrest,1674,shaman,restoration,48,26,22
Mbembe,blackhand,1674,shaman,restoration,48,26,22
Porkzzila,aggra-português,1671,shaman,restoration,60,34,26
Skrewu,stormscale,1671,shaman,restoration,79,39,40
Snickersx,blackrock,1670,shaman,restoration,78,46,32
Кикподхвост,soulflayer,1670,shaman,restoration,54,26,28
Wotan,ysondre,1669,shaman,restoration,54,32,22
Palfe,khaz-modan,1669,shaman,restoration,118,56,62
Sérx,sanguino,1669,shaman,restoration,47,20,27
Yakee,doomhammer,1668,shaman,restoration,50,25,25
Reäz,archimonde,1665,shaman,restoration,42,21,21
Héxdóctór,ravencrest,1664,shaman,restoration,86,48,38
Bîlunder,arygos,1664,shaman,restoration,53,25,28
Startdie,kazzak,1664,shaman,restoration,96,44,52
Atwâ,ravencrest,1663,shaman,restoration,51,31,20
Brandiløve,nemesis,1663,shaman,restoration,36,19,17
Questionable,antonidas,1660,shaman,restoration,54,24,30
Carlitosham,eredar,1657,shaman,restoration,50,19,31
Fapmasterz,eredar,1656,shaman,restoration,48,23,25
Mamacitá,eredar,1656,shaman,restoration,377,178,199
Мвнзх,gordunni,1656,shaman,restoration,54,24,30
Rexatar,blackrock,1655,shaman,restoration,120,67,53
Hypéra,kazzak,1655,shaman,restoration,156,84,72
Thald,ragnaros,1653,shaman,restoration,90,56,34
Рамаксбосс,gordunni,1651,shaman,restoration,36,22,14
Maestralink,aegwynn,1651,shaman,restoration,35,20,15
Ðenlos,destromath,1650,shaman,restoration,174,86,88
Rapedtide,thrall,1650,shaman,restoration,78,34,44
Crasherz,sanguino,1648,shaman,restoration,75,44,31
Prizærn,tarren-mill,1647,shaman,restoration,96,44,52
Shamandoino,wildhammer,1644,shaman,restoration,198,91,107
Allysidewtf,archimonde,1642,shaman,restoration,34,23,11
Bonshaman,ahnqiraj,1642,shaman,restoration,120,55,65
Coöld,archimonde,1640,shaman,restoration,36,19,17
Jps,gorgonnash,1638,shaman,restoration,89,42,47
Octon,dun-modr,1637,shaman,restoration,46,23,23
Árés,sanguino,1635,shaman,restoration,42,22,20
Rxs,thunderhorn,1635,shaman,restoration,54,28,26
Aioñ,kazzak,1635,shaman,restoration,51,22,29
Jenkem,hyjal,1632,shaman,restoration,42,20,22
Pøwertoto,dalaran,1632,shaman,restoration,60,27,33
Сладкийстас,soulflayer,1632,shaman,restoration,54,21,33
Oldandslow,sylvanas,1631,shaman,restoration,42,21,21
Invadé,stormscale,1630,shaman,restoration,30,17,13
Elmie,outland,1629,shaman,restoration,30,17,13
Shockair,frostwolf,1629,shaman,restoration,109,54,55
Draáx,ravencrest,1628,shaman,restoration,30,19,11
Elmezz,aggra-português,1628,shaman,restoration,30,17,13
Bloodvaron,zuljin,1628,shaman,restoration,53,23,30
Søtêx,ravencrest,1627,shaman,restoration,35,23,12
Putzè,blackrock,1625,shaman,restoration,61,38,23
Urshak,alleria,1624,shaman,restoration,30,20,10
Xhanon,kazzak,1624,shaman,restoration,36,20,16
Fersok,zuljin,1624,shaman,restoration,36,17,19
Labûche,chogall,1623,shaman,restoration,36,24,12
Indeed,frostmourne,1623,shaman,restoration,42,24,18
Atomstrom,frostwolf,1621,shaman,restoration,62,34,28
Инкуль,howling-fjord,1621,shaman,restoration,42,20,22
Hexmeqt,frostwolf,1619,shaman,restoration,107,59,48
Tether,twisting-nether,1619,shaman,restoration,48,26,22
Wåvex,archimonde,1619,shaman,restoration,42,22,20
Тубалкайн,soulflayer,1619,shaman,restoration,36,17,19
Shman,blackrock,1618,shaman,restoration,58,39,19
Sanamaxx,colinas-pardas,1618,shaman,restoration,56,31,25
Тафельшпиц,soulflayer,1617,shaman,restoration,40,18,22
Torxii,antonidas,1616,shaman,restoration,93,53,40
Earthhulk,thrall,1615,shaman,restoration,89,52,37
Velkin,thrall,1615,shaman,restoration,141,76,65
Maelynda,argent-dawn,1614,shaman,restoration,42,18,24
Urzza,stormscale,1611,shaman,restoration,24,20,4
Makkalisse,kazzak,1609,shaman,restoration,24,17,7
Upisi,burning-legion,1609,shaman,restoration,84,42,42
Blowlips,argent-dawn,1609,shaman,restoration,42,17,25
Faridstreng,blackmoore,1607,shaman,restoration,58,30,28
Reitar,burning-blade,1607,shaman,restoration,72,29,43
Ezilol,blackhand,1606,shaman,restoration,77,46,31
Denastyo,nemesis,1605,shaman,restoration,83,44,39
Хужик,gordunni,1604,shaman,restoration,36,21,15
Blowxd,aegwynn,1604,shaman,restoration,134,75,59
Xtremeshaman,blackmoore,1604,shaman,restoration,42,22,20
Schamaster,antonidas,1604,shaman,restoration,120,59,61
Khroni,tarren-mill,1602,shaman,restoration,66,35,31
Agnøt,khaz-modan,1601,shaman,restoration,42,26,16
Zorcs,silvermoon,1600,shaman,restoration,177,89,88
Whiskiy,kazzak,1598,shaman,restoration,26,18,8
Lechii,stormscale,1598,shaman,restoration,95,51,44
Martuscielöl,drakthul,1598,shaman,restoration,88,32,56
Jawj,tarren-mill,1597,shaman,restoration,53,19,34
Mjukiz,tarren-mill,1594,shaman,restoration,279,158,121
Incredibade,stormscale,1594,shaman,restoration,42,20,22
Laskopivo,doomhammer,1593,shaman,restoration,60,37,23
Kyogre,auchindoun,1592,shaman,restoration,48,23,25
Thorenal,blackmoore,1588,shaman,restoration,67,41,26
Firenanajkm,dun-modr,1586,shaman,restoration,48,28,20
Paidactor,kazzak,1586,shaman,restoration,239,126,113
Vioception,blackrock,1584,shaman,restoration,48,19,29
Lilcake,ravencrest,1583,shaman,restoration,36,20,16
Mìcrøs,thrall,1581,shaman,restoration,53,30,23
Huux,blackmoore,1579,shaman,restoration,42,21,21
Yzeldan,hyjal,1578,shaman,restoration,248,142,106
Psychototem,twisting-nether,1577,shaman,restoration,78,26,52
Djtidex,conseil-des-ombres,1576,shaman,restoration,30,18,12
Koraél,dun-modr,1572,shaman,restoration,66,26,40
Mydpsrbad,stormscale,1571,shaman,restoration,148,81,67
Zinjk,nemesis,1570,shaman,restoration,256,132,124
Sixtyone,stormscale,1569,shaman,restoration,75,42,33
Kardris,nemesis,1568,shaman,restoration,46,22,24
Шсаваннх,blackscar,1566,shaman,restoration,165,83,82
Zwergmann,blackrock,1565,shaman,restoration,60,37,23
Uzze,drakthul,1564,shaman,restoration,60,26,34
Pacho,alakir,1563,shaman,restoration,48,21,27
Tupato,kazzak,1560,shaman,restoration,80,39,41
Bahane,frostwolf,1559,shaman,restoration,75,36,39
Cobbel,argent-dawn,1557,shaman,restoration,168,92,76
Sebubu,twisting-nether,1556,shaman,restoration,38,23,15
Nexian,kazzak,1554,shaman,restoration,59,32,27
Shuzman,emeriss,1550,shaman,restoration,48,23,25
Melàniewalsh,archimonde,1548,shaman,restoration,54,30,24
Beastmodex,eredar,1548,shaman,restoration,263,134,129
Noneedshaman,stormscale,1547,shaman,restoration,35,18,17
Zanezu,stormscale,1547,shaman,restoration,102,45,57
Reilah,drakthul,1546,shaman,restoration,66,33,33
Märthalouise,twisting-nether,1546,shaman,restoration,43,18,25
Linkedink,tarren-mill,1545,shaman,restoration,23,17,6
Kuhnedy,blackrock,1545,shaman,restoration,100,52,48
Bullfox,aszune,1545,shaman,restoration,66,28,38
Gjernhard,stormreaver,1542,shaman,restoration,60,30,30
Кичисанчик,howling-fjord,1541,shaman,restoration,126,57,69
Ларисашерсть,blackscar,1539,shaman,restoration,29,21,8
Yomuchacha,dun-modr,1537,shaman,restoration,100,48,52
Grumhild,blackmoore,1537,shaman,restoration,62,28,34
Niesel,ravencrest,1536,shaman,restoration,60,29,31
Coldlean,haomarush,1535,shaman,restoration,200,98,102
Xerinas,eredar,1534,shaman,restoration,63,20,43
Ugard,burning-legion,1533,shaman,restoration,37,18,19
Mypakypa,outland,1532,shaman,restoration,48,20,28
Alanus,draenor,1531,shaman,restoration,24,16,8
Collînna,aegwynn,1529,shaman,restoration,62,34,28
Kacamaz,twisting-nether,1529,shaman,restoration,75,34,41
Pädagogeig,antonidas,1528,shaman,restoration,66,36,30
Monstacookie,stormreaver,1527,shaman,restoration,48,20,28
Bumblebeec,tarren-mill,1526,shaman,restoration,60,32,28
Tommin,silvermoon,1526,shaman,restoration,30,16,14
Reezex,silvermoon,1526,shaman,restoration,65,34,31
Bzglsnkh,ravencrest,1525,shaman,restoration,36,16,20
Lupisregina,silvermoon,1524,shaman,restoration,36,17,19
Bombasthicc,ravencrest,1523,shaman,restoration,30,16,14
Ярусскийй,howling-fjord,1523,shaman,restoration,181,89,92
Remkoo,blackrock,1522,shaman,restoration,30,20,10
Ilovejamie,sylvanas,1522,shaman,restoration,54,30,24
Schain,eredar,1518,shaman,restoration,36,24,12
Horokeu,blackrock,1516,shaman,restoration,71,36,35
Bomjspomoiki,outland,1516,shaman,restoration,35,16,19
Arshak,stormscale,1514,shaman,restoration,33,17,16
Багсбанних,soulflayer,1512,shaman,restoration,72,28,44
Отчима,howling-fjord,1511,shaman,restoration,119,61,58
Ebøbøla,terokkar,1511,shaman,restoration,187,84,103
Kuis,sanguino,1510,shaman,restoration,66,28,38
Gronash,sunstrider,1507,shaman,restoration,30,23,7
Discoranger,ravencrest,1507,shaman,restoration,186,91,95
Nogag,kazzak,1507,shaman,restoration,72,35,37
Enzopotenzo,blackrock,1506,shaman,restoration,42,22,20
Vaizii,silvermoon,1505,shaman,restoration,53,26,27
Духсалата,grom,1503,shaman,restoration,59,29,30
Biggiebig,ravencrest,1502,shaman,restoration,60,32,28
Нитрочка,soulflayer,1501,shaman,restoration,51,27,24
Cannotdoit,burning-legion,1499,shaman,restoration,59,32,27
Mcktavish,silvermoon,1495,shaman,restoration,89,46,43
Crmx,blackrock,1494,shaman,restoration,72,31,41
Anöuchkâ,ysondre,1493,shaman,restoration,78,35,43
Хэйзл,ashenvale,1492,shaman,restoration,74,32,42
Shocklet,twisting-nether,1490,shaman,restoration,24,18,6
Lexos,ravencrest,1490,shaman,restoration,30,16,14
Чанголист,soulflayer,1489,shaman,restoration,65,28,37
Diix,archimonde,1489,shaman,restoration,66,27,39
Nassîî,antonidas,1489,shaman,restoration,101,38,63
Kalaris,stormscale,1488,shaman,restoration,36,20,16
Superthomas,archimonde,1488,shaman,restoration,41,19,22
Светшам,howling-fjord,1486,shaman,restoration,29,16,13
Neovim,trollbane,1486,shaman,restoration,48,21,27
Tartorno,antonidas,1485,shaman,restoration,71,26,45
Antey,ravencrest,1483,shaman,restoration,132,72,60
Hexoffender,alakir,1483,shaman,restoration,112,54,58
Yemo,alonsus,1482,shaman,restoration,24,20,4
Dremlok,burning-legion,1480,shaman,restoration,24,16,8
Murmaiderz,draenor,1479,shaman,restoration,96,52,44
Ronell,argent-dawn,1479,shaman,restoration,96,52,44
Djxyoloswag,silvermoon,1477,shaman,restoration,93,43,50
Miesepeter,mannoroth,1475,shaman,restoration,48,29,19
Gützli,blackmoore,1474,shaman,restoration,93,35,58
Criæ,blackrock,1472,shaman,restoration,24,17,7
Cleptocracy,draenor,1472,shaman,restoration,35,18,17
Orcinterface,tarren-mill,1471,shaman,restoration,38,22,16
Кразтор,howling-fjord,1469,shaman,restoration,59,30,29
Шарюпокд,soulflayer,1468,shaman,restoration,42,22,20
Kêêqo,blackrock,1468,shaman,restoration,48,23,25
Eisei,stormscale,1467,shaman,restoration,42,23,19
Daykên,kazzak,1465,shaman,restoration,56,21,35
Ünknownz,archimonde,1464,shaman,restoration,71,37,34
Kunsum,twisting-nether,1464,shaman,restoration,81,35,46
Hjod,outland,1463,shaman,restoration,87,46,41
Courtney,sylvanas,1462,shaman,restoration,240,114,126
Vickeshaman,stormreaver,1462,shaman,restoration,41,16,25
Shafallen,tarren-mill,1461,shaman,restoration,26,18,8
Strïvïse,ysondre,1460,shaman,restoration,41,20,21
Fridafrog,malganis,1459,shaman,restoration,79,43,36
Theshammy,vashj,1459,shaman,restoration,60,32,28
Yasharshammy,tarren-mill,1459,shaman,restoration,60,28,32
Redoms,stormreaver,1458,shaman,restoration,81,40,41
Andról,stormscale,1455,shaman,restoration,36,17,19
Cuzzer,drakthul,1454,shaman,restoration,77,39,38
Zlingx,auchindoun,1454,shaman,restoration,48,22,26
Pacio,alakir,1452,shaman,restoration,93,46,47
Waterboi,blackmoore,1449,shaman,restoration,56,22,34
Makaria,emerald-dream,1448,shaman,restoration,114,64,50
Назульчике,razuvious,1448,shaman,restoration,41,22,19
Сёмабро,ashenvale,1447,shaman,restoration,229,127,102
Gspót,twisting-nether,1447,shaman,restoration,98,47,51
Sucøre,die-nachtwache,1444,shaman,restoration,52,27,25
Bonraptor,kirin-tor,1443,shaman,restoration,41,20,21
Flowèn,twisting-nether,1442,shaman,restoration,45,26,19
Артёмлобов,gordunni,1442,shaman,restoration,59,28,31
Дагод,booty-bay,1441,shaman,restoration,36,27,9
Schweízer,blackrock,1441,shaman,restoration,102,45,57
Бомжмувис,howling-fjord,1440,shaman,restoration,24,15,9
Seasick,frostmane,1440,shaman,restoration,106,53,53
Helloitsmee,thrall,1439,shaman,restoration,40,20,20
Hímars,ragnaros,1439,shaman,restoration,30,15,15
Nyzo,tarren-mill,1438,shaman,restoration,30,15,15
Боунсе,howling-fjord,1438,shaman,restoration,36,15,21
Vioceptîon,blackrock,1437,shaman,restoration,30,22,8
Schamfxx,blackrock,1436,shaman,restoration,84,42,42
Roineé,draenor,1436,shaman,restoration,30,15,15
Okdar,stormscale,1435,shaman,restoration,54,34,20
Yarali,argent-dawn,1435,shaman,restoration,24,15,9
Shamnox,blackrock,1435,shaman,restoration,57,34,23
Emochka,ravencrest,1435,shaman,restoration,130,60,70
Kataretic,kazzak,1433,shaman,restoration,24,17,7
Htagagain,archimonde,1433,shaman,restoration,24,15,9
Zaiyoxgodx,thrall,1433,shaman,restoration,49,26,23
Vorkanyx,ysondre,1433,shaman,restoration,70,36,34
Odiuum,draenor,1432,shaman,restoration,87,46,41
Lustmasterx,grim-batol,1428,shaman,restoration,153,78,75
Stòrmbreakèr,nemesis,1427,shaman,restoration,91,42,49
Shemanrolf,outland,1426,shaman,restoration,63,29,34
Mcbloob,kazzak,1425,shaman,restoration,40,19,21
Saamira,pozzo-delleternità,1424,shaman,restoration,60,31,29
Mightgethexd,tarren-mill,1423,shaman,restoration,33,18,15
Skrimisher,draenor,1422,shaman,restoration,54,30,24
Juyina,ravencrest,1420,shaman,restoration,30,15,15
Кислаябуба,howling-fjord,1420,shaman,restoration,172,81,91
Ripstorm,sylvanas,1420,shaman,restoration,37,16,21
Pocahøntas,archimonde,1420,shaman,restoration,50,20,30
Венжии,soulflayer,1418,shaman,restoration,54,18,36
Madytz,eredar,1416,shaman,restoration,24,15,9
Pcr,archimonde,1416,shaman,restoration,81,37,44
Winøxiide,archimonde,1415,shaman,restoration,29,16,13
Goldhand,ravencrest,1415,shaman,restoration,69,24,45
Diya,karazhan,1414,shaman,restoration,72,33,39
Imshocky,burning-legion,1413,shaman,restoration,83,47,36
Jazzrod,stormscale,1413,shaman,restoration,216,107,109
Vaweñ,ravencrest,1413,shaman,restoration,36,15,21
Deadstill,ysondre,1412,shaman,restoration,24,15,9
Wôdân,blackrock,1412,shaman,restoration,54,21,33
Fuzzywaagh,silvermoon,1411,shaman,restoration,58,26,32
Kneggebrot,blackmoore,1411,shaman,restoration,72,32,40
Wylly,aegwynn,1409,shaman,restoration,55,35,20
Patuljak,outland,1409,shaman,restoration,91,48,43
Zhulnaar,hyjal,1409,shaman,restoration,42,21,21
Bénathon,ravencrest,1407,shaman,restoration,33,21,12
Gaelic,frostmourne,1402,shaman,restoration,84,43,41
Tèysh,ysondre,1402,shaman,restoration,126,64,62
Splashgodx,frostwolf,1401,shaman,restoration,29,15,14
Smørbar,kazzak,1399,shaman,restoration,42,31,11
Trustlemac,onyxia,1399,shaman,restoration,50,30,20
Greatørc,tarren-mill,1399,shaman,restoration,35,17,18
Viallinen,stormreaver,1399,shaman,restoration,35,15,20
Orcshaman,the-maelstrom,1398,shaman,restoration,33,20,13
Yois,nemesis,1393,shaman,restoration,66,37,29
Glopper,ravencrest,1391,shaman,restoration,65,29,36
Sjamanisme,silvermoon,1390,shaman,restoration,114,60,54
Ironkraw,stormscale,1390,shaman,restoration,84,31,53
Johnblånn,stormscale,1389,shaman,restoration,51,30,21
Apaorkaxyz,ragnaros,1388,shaman,restoration,96,41,55
Gnackbretzn,eredar,1383,shaman,restoration,95,46,49
Daboó,vashj,1381,shaman,restoration,109,61,48
Джонпсинаа,gordunni,1379,shaman,restoration,36,18,18
Axemodels,archimonde,1376,shaman,restoration,32,16,16
Nwäar,archimonde,1375,shaman,restoration,66,36,30
Warianis,ravencrest,1374,shaman,restoration,51,27,24
Elamentaly,draenor,1371,shaman,restoration,54,29,25
Phêbz,archimonde,1371,shaman,restoration,48,25,23
Bresidendo,frostwhisper,1369,shaman,restoration,66,26,40
Slowtem,draenor,1364,shaman,restoration,77,40,37
Hulcky,grim-batol,1363,shaman,restoration,48,27,21
Alàstor,kazzak,1363,shaman,restoration,43,20,23
Akrobata,silvermoon,1360,shaman,restoration,180,83,97
Bíìerlip,twisting-nether,1357,shaman,restoration,35,20,15
Shinds,archimonde,1356,shaman,restoration,48,21,27
Elombrion,destromath,1355,shaman,restoration,30,16,14
Ketzersend,alleria,1351,shaman,restoration,30,18,12
Krovogor,silvermoon,1351,shaman,restoration,60,34,26
Straehne,malganis,1351,shaman,restoration,72,29,43
Rhakhatheckh,nemesis,1349,shaman,restoration,46,22,24
Beyp,sylvanas,1348,shaman,restoration,61,33,28
Ruvxy,twisting-nether,1347,shaman,restoration,53,31,22
Asumix,illidan,1347,shaman,restoration,71,38,33
Шиока,borean-tundra,1345,shaman,restoration,47,26,21
Сновидений,soulflayer,1344,shaman,restoration,49,23,26
Invade,darkspear,1343,shaman,restoration,18,14,4
Reidzls,kazzak,1343,shaman,restoration,24,14,10
Intoxed,sylvanas,1343,shaman,restoration,48,27,21
Shrekcho,twisting-nether,1342,shaman,restoration,36,25,11
Turbobaboon,hyjal,1342,shaman,restoration,30,18,12
Kryuxs,blackrock,1340,shaman,restoration,36,20,16
Kaptt,twisting-nether,1340,shaman,restoration,30,14,16
Schïps,kirin-tor,1339,shaman,restoration,54,31,23
Showman,archimonde,1339,shaman,restoration,209,104,105
Fußpilzmann,blackmoore,1338,shaman,restoration,139,76,63
Brokgar,ragnaros,1337,shaman,restoration,24,14,10
Goodieesham,burning-blade,1336,shaman,restoration,24,15,9
Shapperdin,darksorrow,1336,shaman,restoration,24,14,10
Kivra,burning-legion,1336,shaman,restoration,83,37,46
Freizeitler,antonidas,1335,shaman,restoration,78,37,41
Damex,thunderhorn,1334,shaman,restoration,131,48,83
Exolnard,twisting-nether,1333,shaman,restoration,89,40,49
Lariralol,malorne,1332,shaman,restoration,67,37,30
Shamingu,arathor,1332,shaman,restoration,112,58,54
Ксмо,gordunni,1331,shaman,restoration,24,14,10
Vuls,blackmoore,1331,shaman,restoration,87,48,39
Beardling,auchindoun,1329,shaman,restoration,24,15,9
Powerhq,thrall,1329,shaman,restoration,24,14,10
Крэгнор,gordunni,1329,shaman,restoration,129,68,61
Jenyo,alakir,1327,shaman,restoration,24,14,10
Братишкапинг,soulflayer,1327,shaman,restoration,110,56,54
Vodoochild,hyjal,1327,shaman,restoration,55,23,32
Jarvís,gilneas,1327,shaman,restoration,50,19,31
Sadfemecraft,aggramar,1326,shaman,restoration,105,45,60
Tjpimp,draenor,1323,shaman,restoration,24,14,10
Henchtotem,draenor,1323,shaman,restoration,44,24,20
Schaname,rajaxx,1323,shaman,restoration,30,14,16
Bedouín,draenor,1321,shaman,restoration,91,51,40
Lerosh,twisting-nether,1321,shaman,restoration,54,30,24
Mjöllnir,blackrock,1321,shaman,restoration,108,56,52
Vaaggu,stormreaver,1321,shaman,restoration,36,14,22
Jimtrespies,dun-modr,1318,shaman,restoration,24,14,10
Corintho,blackmoore,1316,shaman,restoration,46,25,21
Threshðld,dun-modr,1316,shaman,restoration,30,14,16
Ivøryz,arthas,1315,shaman,restoration,24,14,10
Mestgonee,draenor,1314,shaman,restoration,24,14,10
Kbakasham,ravencrest,1312,shaman,restoration,50,24,26
Samantouz,archimonde,1312,shaman,restoration,97,45,52
Xamic,twisting-nether,1311,shaman,restoration,36,17,19
Awwey,stormscale,1310,shaman,restoration,18,14,4
Navezi,twisting-nether,1310,shaman,restoration,72,41,31
Linknvm,thrall,1309,shaman,restoration,51,35,16
Alishie,outland,1308,shaman,restoration,52,29,23
Captaínduck,garrosh,1308,shaman,restoration,53,28,25
Aceofraphy,thrall,1308,shaman,restoration,125,53,72
Cudntreskobe,kazzak,1307,shaman,restoration,34,18,16
Shamhingo,stormscale,1306,shaman,restoration,42,14,28
Fernashaman,aggra-português,1305,shaman,restoration,30,15,15
Durek,aerie-peak,1304,shaman,restoration,24,14,10
Deadwoodz,tarren-mill,1304,shaman,restoration,100,48,52
Panicsc,twisting-nether,1303,shaman,restoration,129,63,66
Littledorf,ravencrest,1301,shaman,restoration,90,47,43
Monstermunch,ravencrest,1301,shaman,restoration,110,50,60
Ironmack,outland,1301,shaman,restoration,36,16,20
Panicblast,stormscale,1299,shaman,restoration,44,27,17
Шаеман,soulflayer,1298,shaman,restoration,36,20,16
Ærthgød,stormscale,1297,shaman,restoration,24,17,7
Kìra,darkmoon-faire,1296,shaman,restoration,51,28,23
Enïgma,sylvanas,1294,shaman,restoration,35,18,17
Fünkchn,zuluhed,1293,shaman,restoration,46,24,22
Shamanmode,twisting-nether,1292,shaman,restoration,42,17,25
Deaslow,hyjal,1291,shaman,restoration,30,21,9
Eduorde,silvermoon,1290,shaman,restoration,37,22,15
Onlytides,doomhammer,1290,shaman,restoration,36,14,22
Chadshaman,antonidas,1284,shaman,restoration,55,24,31
Morty,tarren-mill,1279,shaman,restoration,59,27,32
Umbraverfaa,twisting-nether,1278,shaman,restoration,36,15,21
Iamnyka,blackrock,1276,shaman,restoration,24,17,7
Shago,archimonde,1276,shaman,restoration,124,54,70
Виртуосгодх,soulflayer,1272,shaman,restoration,42,17,25
Shôk,ravencrest,1271,shaman,restoration,74,37,37
Шайнинлайт,soulflayer,1271,shaman,restoration,107,42,65
Ishkadar,twisting-nether,1270,shaman,restoration,33,15,18
Crymere,chamber-of-aspects,1268,shaman,restoration,36,17,19
Thundersioux,ravencrest,1267,shaman,restoration,57,33,24
Жижелье,howling-fjord,1263,shaman,restoration,52,28,24
Yuliy,arathor,1263,shaman,restoration,108,50,58
Watashij,outland,1262,shaman,restoration,63,34,29
Dregú,draenor,1261,shaman,restoration,81,44,37
Малекулакота,soulflayer,1261,shaman,restoration,35,14,21
Azifox,hyjal,1260,shaman,restoration,25,14,11
Mvvp,stormscale,1256,shaman,restoration,35,14,21
Cømedian,ragnaros,1252,shaman,restoration,27,15,12
Asaakira,blackmoore,1247,shaman,restoration,45,28,17
Arathoir,ravencrest,1247,shaman,restoration,24,13,11
Karlurban,outland,1247,shaman,restoration,30,13,17
Reparagos,sanguino,1246,shaman,restoration,25,14,11
Руикси,howling-fjord,1246,shaman,restoration,30,13,17
Велоун,soulflayer,1246,shaman,restoration,32,13,19
Icozy,stormscale,1245,shaman,restoration,45,26,19
Loltotem,outland,1243,shaman,restoration,18,13,5
Shambulancex,tarren-mill,1243,shaman,restoration,24,13,11
Kvolt,ysondre,1243,shaman,restoration,30,13,17
Harptwo,eredar,1242,shaman,restoration,35,20,15
Dgshîtdwarf,ravencrest,1242,shaman,restoration,30,13,17
Anlaki,silvermoon,1241,shaman,restoration,18,13,5
Leunam,draenor,1241,shaman,restoration,52,26,26
Wieszcz,kazzak,1241,shaman,restoration,39,17,22
Ninetzj,tarren-mill,1240,shaman,restoration,24,13,11
Bufuxx,kazzak,1238,shaman,restoration,18,13,5
Sîggý,eredar,1237,shaman,restoration,24,13,11
Costakislolz,twisting-nether,1236,shaman,restoration,18,13,5
Abercrômbx,blackmoore,1235,shaman,restoration,24,13,11
Manitus,sylvanas,1235,shaman,restoration,58,30,28
Alakan,saurfang,1235,shaman,restoration,58,26,32
Kaletore,ragnaros,1233,shaman,restoration,48,28,20
Санрэйн,soulflayer,1233,shaman,restoration,36,19,17
Aldron,tirion,1233,shaman,restoration,30,15,15
Carnágé,blackrock,1230,shaman,restoration,42,24,18
Shamtrix,drakthul,1229,shaman,restoration,66,28,38
Sugardad,khaz-modan,1228,shaman,restoration,189,90,99
Alisàn,teldrassil,1228,shaman,restoration,127,57,70
Shamins,outland,1227,shaman,restoration,51,23,28
Alexmiamosch,thrall,1226,shaman,restoration,78,48,30
Ogrilza,uldaman,1226,shaman,restoration,79,45,34
Düsterlotus,dalvengyr,1223,shaman,restoration,30,18,12
Roverlos,blackrock,1223,shaman,restoration,48,23,25
Fulminare,ravencrest,1221,shaman,restoration,78,39,39
Nybz,sylvanas,1221,shaman,restoration,42,18,24
Murmelï,stormreaver,1220,shaman,restoration,99,46,53
Schnessert,silvermoon,1220,shaman,restoration,30,13,17
Kelshaj,thrall,1219,shaman,restoration,27,14,13
Bigrambo,draenor,1218,shaman,restoration,65,37,28
Qjie,argent-dawn,1218,shaman,restoration,134,73,61
Юляукраинка,gordunni,1216,shaman,restoration,55,24,31
Sickbrain,silvermoon,1216,shaman,restoration,45,19,26
Lechirurgien,elune,1215,shaman,restoration,95,48,47
Начилибосе,gordunni,1214,shaman,restoration,24,13,11
Dergat,pozzo-delleternità,1214,shaman,restoration,26,14,12
Перегной,ashenvale,1212,shaman,restoration,93,39,54
Гвинневра,azuregos,1210,shaman,restoration,49,28,21
Thuknala,tarren-mill,1210,shaman,restoration,46,26,20
Kickvando,blackmoore,1209,shaman,restoration,44,22,22
Jimmybuffett,kazzak,1209,shaman,restoration,92,45,47
Sdkpwns,draenor,1209,shaman,restoration,30,13,17
Ephase,burning-blade,1207,shaman,restoration,55,16,39
Xetri,ragnaros,1206,shaman,restoration,41,22,19
Morttes,burning-legion,1205,shaman,restoration,27,14,13
Nakenfeigy,stormreaver,1204,shaman,restoration,29,16,13
Mwnci,anachronos,1204,shaman,restoration,93,48,45
Roxxo,frostwolf,1200,shaman,restoration,30,16,14
Blöödfist,drakthul,1200,shaman,restoration,35,14,21
Teccatwo,outland,1198,shaman,restoration,100,48,52
Snobas,kazzak,1198,shaman,restoration,29,13,16
Semrix,blackhand,1197,shaman,restoration,90,36,54
Lolafløres,dun-modr,1194,shaman,restoration,53,37,16
Nextlvlplz,draenor,1194,shaman,restoration,54,22,32
Иоч,soulflayer,1187,shaman,restoration,23,13,10
Swedishmeat,kazzak,1184,shaman,restoration,78,36,42
Oldrym,blackrock,1183,shaman,restoration,64,25,39
Biztor,jaedenar,1178,shaman,restoration,48,26,22
Rêêza,blackhand,1177,shaman,restoration,42,24,18
Egí,azshara,1177,shaman,restoration,38,14,24
Kvekkis,argent-dawn,1175,shaman,restoration,30,17,13
Darnok,quelthalas,1173,shaman,restoration,60,29,31
Praise,auchindoun,1172,shaman,restoration,35,14,21
Elijaá,nordrassil,1169,shaman,restoration,60,33,27
Tegellera,ravencrest,1168,shaman,restoration,53,27,26
Dwarfofwar,ravencrest,1165,shaman,restoration,80,43,37
Bèx,twisting-nether,1159,shaman,restoration,30,13,17
Pituu,tarren-mill,1158,shaman,restoration,36,15,21
Hunorth,stormscale,1156,shaman,restoration,29,15,14
Shinui,twisting-nether,1156,shaman,restoration,45,23,22
Poggsham,twisting-nether,1156,shaman,restoration,33,14,19
Ðøminantx,stormscale,1155,shaman,restoration,30,14,16
Mostachin,dun-modr,1155,shaman,restoration,64,28,36
Alcam,twisting-nether,1154,shaman,restoration,77,33,44
Zimoneris,blackmoore,1152,shaman,restoration,18,12,6
Olînours,archimonde,1152,shaman,restoration,36,20,16
Nafay,lordaeron,1152,shaman,restoration,54,27,27
Быковат,booty-bay,1152,shaman,restoration,123,61,62
Snovii,drakthul,1152,shaman,restoration,30,12,18
Weraeth,drakthul,1151,shaman,restoration,36,19,17
Sprühkot,aegwynn,1151,shaman,restoration,24,12,12
Shockjob,kazzak,1151,shaman,restoration,24,12,12
Teldarian,archimonde,1151,shaman,restoration,24,12,12
Dêblâzê,thrall,1151,shaman,restoration,24,12,12
Sørum,grim-batol,1151,shaman,restoration,30,12,18
Souqixo,drakthul,1150,shaman,restoration,18,12,6
Zelent,thrall,1150,shaman,restoration,18,12,6
Moistpuss,kazzak,1150,shaman,restoration,18,12,6
Sparkygrill,eredar,1150,shaman,restoration,24,12,12
Lolalovexo,kazzak,1150,shaman,restoration,30,14,16
Killatotem,kazzak,1150,shaman,restoration,30,12,18
Balthasa,blackhand,1149,shaman,restoration,18,12,6
Dmgccbot,outland,1149,shaman,restoration,30,12,18
Mefl,tarren-mill,1148,shaman,restoration,24,12,12
Kharvo,draenor,1148,shaman,restoration,24,12,12
Kaherad,antonidas,1148,shaman,restoration,72,33,39
Pilinham,aggra-português,1148,shaman,restoration,30,12,18
Bezixx,argent-dawn,1148,shaman,restoration,30,12,18
Kärríegold,blackrock,1146,shaman,restoration,18,12,6
Sêrø,eredar,1146,shaman,restoration,24,12,12
Wibra,nagrand,1146,shaman,restoration,30,12,18
Charquanda,argent-dawn,1146,shaman,restoration,30,12,18
Schamazon,tarren-mill,1145,shaman,restoration,18,12,6
Tarchoanvahg,ragnaros,1145,shaman,restoration,24,12,12
Drman,shattered-hand,1143,shaman,restoration,60,33,27
Gehrké,silvermoon,1142,shaman,restoration,18,12,6
Jävlajävel,draenor,1142,shaman,restoration,58,32,26
Vengatrox,antonidas,1136,shaman,restoration,24,12,12
Laïnàà,archimonde,1136,shaman,restoration,65,27,38
Tomtefaan,sylvanas,1135,shaman,restoration,19,13,6
Macchiavelli,blades-edge,1134,shaman,restoration,83,33,50
Cloovster,magtheridon,1132,shaman,restoration,24,12,12
Omgodofwar,burning-blade,1132,shaman,restoration,90,33,57
Suntpraf,kazzak,1131,shaman,restoration,35,14,21
Arabesk,arygos,1130,shaman,restoration,108,50,58
Knasta,malygos,1129,shaman,restoration,36,16,20
Quîn,defias-brotherhood,1127,shaman,restoration,30,15,15
Holshammy,nemesis,1127,shaman,restoration,90,39,51
Bruhin,ravencrest,1127,shaman,restoration,36,13,23
Vulkan,kirin-tor,1124,shaman,restoration,30,15,15
Jimkopf,eredar,1123,shaman,restoration,24,14,10
Lanzatotems,dun-modr,1115,shaman,restoration,66,31,35
Raincaller,archimonde,1115,shaman,restoration,35,12,23
Lemontea,burning-blade,1112,shaman,restoration,30,12,18
Corbo,ysondre,1108,shaman,restoration,69,40,29
Woade,silvermoon,1108,shaman,restoration,30,12,18
Quòr,antonidas,1106,shaman,restoration,36,24,12
Polystrath,silvermoon,1106,shaman,restoration,30,14,16
Sáltý,ravencrest,1103,shaman,restoration,21,12,9
Garifus,dun-modr,1102,shaman,restoration,132,70,62
Bluefacebaby,nemesis,1100,shaman,restoration,77,33,44
Ivaccineyou,blackmoore,1099,shaman,restoration,24,12,12
Undin,burning-legion,1098,shaman,restoration,60,33,27
Thenasil,stormscale,1097,shaman,restoration,64,28,36
Ibkdalen,stormscale,1096,shaman,restoration,30,14,16
Thuns,stormscale,1093,shaman,restoration,29,14,15
Gunhyld,hyjal,1090,shaman,restoration,29,12,17
Baelee,sylvanas,1085,shaman,restoration,108,47,61
Spartecøbra,dalaran,1083,shaman,restoration,36,16,20
Bennycooch,silvermoon,1081,shaman,restoration,107,42,65
Понбарон,gordunni,1079,shaman,restoration,40,14,26
Hazufel,kaelthas,1072,shaman,restoration,44,19,25
Moonbotico,blackrock,1071,shaman,restoration,109,49,60
Smyke,magtheridon,1069,shaman,restoration,66,34,32
Сорнинай,soulflayer,1068,shaman,restoration,41,18,23
Checkpoint,defias-brotherhood,1065,shaman,restoration,30,15,15
Hikigane,marécage-de-zangar,1061,shaman,restoration,48,17,31
Yashëa,ysondre,1055,shaman,restoration,18,11,7
Iloveléa,ravencrest,1055,shaman,restoration,24,11,13
Garuga,dun-morogh,1055,shaman,restoration,24,11,13
Thundrkrakn,blackhand,1055,shaman,restoration,36,14,22
Xelgrin,silvermoon,1055,shaman,restoration,30,11,19
Shakgor,draenor,1054,shaman,restoration,48,27,21
Mêrowinger,blackhand,1054,shaman,restoration,24,11,13
Elshamino,ravencrest,1054,shaman,restoration,24,11,13
Blóúb,blackmoore,1054,shaman,restoration,24,11,13
Tiddles,arathor,1053,shaman,restoration,18,11,7
Salatmayoo,alakir,1053,shaman,restoration,27,12,15
Hyflex,alakir,1053,shaman,restoration,30,11,19
Muril,argent-dawn,1052,shaman,restoration,30,11,19
Kelvok,silvermoon,1051,shaman,restoration,18,11,7
Rouwa,korgall,1051,shaman,restoration,18,11,7
Zackboing,thrall,1051,shaman,restoration,75,38,37
Aliates,sanguino,1051,shaman,restoration,24,11,13
Tingyspanky,twisting-nether,1051,shaman,restoration,33,12,21
Kíkjo,aegwynn,1050,shaman,restoration,18,11,7
Quizx,blackrock,1050,shaman,restoration,24,11,13
Оперочек,howling-fjord,1050,shaman,restoration,42,12,30
Slingz,auchindoun,1048,shaman,restoration,24,11,13
Flikus,aggra-português,1048,shaman,restoration,30,11,19
Oscar,khaz-modan,1046,shaman,restoration,18,11,7
Tyralià,draenor,1046,shaman,restoration,18,11,7
Chokeonme,blackrock,1046,shaman,restoration,63,37,26
Protv,ravencrest,1045,shaman,restoration,18,15,3
Megumín,darksorrow,1045,shaman,restoration,18,11,7
Tosaá,antonidas,1042,shaman,restoration,18,11,7
Mandoloriana,sylvanas,1041,shaman,restoration,24,11,13
Munjar,korgall,1039,shaman,restoration,24,11,13
Waskoelement,archimonde,1038,shaman,restoration,30,17,13
Idkteam,stormscale,1037,shaman,restoration,24,11,13
Slutie,stormscale,1036,shaman,restoration,23,11,12
Gushgush,draenor,1032,shaman,restoration,18,11,7
Shèshe,uldaman,1032,shaman,restoration,18,11,7
Moglibard,grim-batol,1028,shaman,restoration,18,11,7
Лялори,gordunni,1025,shaman,restoration,60,28,32
Daseus,malygos,1021,shaman,restoration,30,14,16
Рёнтар,howling-fjord,1021,shaman,restoration,30,13,17
Hexinreflect,silvermoon,1021,shaman,restoration,96,41,55
Saviothewise,aggra-português,1020,shaman,restoration,18,11,7
Dasce,sylvanas,1017,shaman,restoration,30,14,16
Ухмылк,azuregos,1013,shaman,restoration,125,71,54
Mantoon,doomhammer,1013,shaman,restoration,30,12,18
Grîzzou,les-clairvoyants,1012,shaman,restoration,36,21,15
Cukkerberg,ragnaros,1010,shaman,restoration,48,19,29
Rokatotem,ysondre,1006,shaman,restoration,21,11,10
Blainehammer,arathor,1006,shaman,restoration,30,12,18
Saamjai,turalyon,1005,shaman,restoration,30,17,13
Noulol,aegwynn,1005,shaman,restoration,23,12,11
Subaki,die-aldor,1003,shaman,restoration,17,11,6
Skunazo,sanguino,995,shaman,restoration,18,14,4
Мезонет,soulflayer,992,shaman,restoration,24,13,11
Haginathor,twisting-nether,989,shaman,restoration,78,41,37
Teada,aegwynn,980,shaman,restoration,34,12,22
Flambusier,hyjal,977,shaman,restoration,64,40,24
Ambrosioss,kazzak,975,shaman,restoration,30,17,13
Patites,twisting-nether,970,shaman,restoration,24,13,11
Schamannen,outland,970,shaman,restoration,43,23,20
Mearu,bronze-dragonflight,961,shaman,restoration,30,18,12
Милжон,soulflayer,961,shaman,restoration,31,17,14
Qobq,ravencrest,960,shaman,restoration,12,10,2
Puffeh,emeriss,960,shaman,restoration,18,10,8
Domo,stormscale,960,shaman,restoration,18,10,8
Còób,ravencrest,960,shaman,restoration,27,10,17
Nosql,draenor,959,shaman,restoration,12,10,2
Ðtxkeks,onyxia,959,shaman,restoration,13,10,3
Bananis,outland,959,shaman,restoration,18,10,8
Raketenrieke,blackrock,959,shaman,restoration,18,10,8
Teldatwo,archimonde,959,shaman,restoration,18,10,8
Reinu,ragnaros,959,shaman,restoration,18,10,8
Crysisx,sanguino,959,shaman,restoration,18,10,8
Ugáa,malganis,959,shaman,restoration,24,10,14
Amnéshaman,ysondre,959,shaman,restoration,24,10,14
Loay,blackrock,959,shaman,restoration,24,10,14
Vemvardetsom,stormreaver,958,shaman,restoration,12,10,2
Diosberi,tichondrius,958,shaman,restoration,12,10,2
Greenswag,drakthul,958,shaman,restoration,18,10,8
Bliksem,tarren-mill,958,shaman,restoration,18,10,8
Drohx,ysondre,958,shaman,restoration,18,10,8
Bosskwtt,kazzak,958,shaman,restoration,18,10,8
Чаиро,howling-fjord,958,shaman,restoration,24,10,14
Soger,mannoroth,958,shaman,restoration,24,10,14
Neejtjak,ravencrest,958,shaman,restoration,24,10,14
Thecallviper,blackmoore,957,shaman,restoration,18,10,8
Samant,neptulon,957,shaman,restoration,36,17,19
Bumbersham,stormscale,957,shaman,restoration,24,10,14
Гарантийный,lich-king,957,shaman,restoration,24,10,14
Zoolza,kirin-tor,957,shaman,restoration,36,10,26
Drakahaar,burning-blade,956,shaman,restoration,30,10,20
Swahilishock,the-maelstrom,955,shaman,restoration,30,10,20
Rhun,garona,954,shaman,restoration,18,10,8
Shámpain,antonidas,950,shaman,restoration,18,10,8
Valdraxx,ravencrest,946,shaman,restoration,171,83,88
Эрэвия,gordunni,939,shaman,restoration,24,13,11
Vukroth,argent-dawn,934,shaman,restoration,60,30,30
Nexolok,alleria,933,shaman,restoration,54,30,24
Bullvai,dun-morogh,929,shaman,restoration,74,34,40
Goldva,outland,928,shaman,restoration,79,42,37
Fivezax,tarren-mill,924,shaman,restoration,18,10,8
Hacyria,archimonde,924,shaman,restoration,24,13,11
Qusek,turalyon,923,shaman,restoration,72,34,38
Zeidek,nemesis,922,shaman,restoration,60,33,27
Selrin,blackrock,915,shaman,restoration,84,30,54
Xpone,blackrock,914,shaman,restoration,24,12,12
Xogor,kazzak,911,shaman,restoration,27,10,17
Suculenta,zuljin,902,shaman,restoration,29,14,15
Georgianaa,skullcrusher,900,shaman,restoration,84,40,44
Foxfyre,tarren-mill,893,shaman,restoration,18,10,8
Xoxoxoxoa,twisting-nether,885,shaman,restoration,47,12,35
Snackerella,blackrock,864,shaman,restoration,12,9,3
Zuly,grim-batol,864,shaman,restoration,12,9,3
Mysterqt,nemesis,864,shaman,restoration,12,9,3
Batmanmain,twisting-nether,864,shaman,restoration,16,10,6
Феанорситх,gordunni,864,shaman,restoration,18,9,9
Holyshamixz,dun-modr,864,shaman,restoration,18,9,9
Defonceboby,archimonde,864,shaman,restoration,18,9,9
Shounx,hyjal,864,shaman,restoration,18,9,9
Shamiinn,ravencrest,864,shaman,restoration,18,9,9
Фатнир,soulflayer,864,shaman,restoration,18,9,9
Nothexy,stormscale,864,shaman,restoration,18,9,9
Котенокмур,soulflayer,864,shaman,restoration,24,9,15
Hexalicius,sylvanas,864,shaman,restoration,24,9,15
Bigdamshear,outland,864,shaman,restoration,24,9,15
Blamy,auchindoun,863,shaman,restoration,12,9,3
Geminate,stormscale,863,shaman,restoration,12,9,3
Shamantistik,ravencrest,863,shaman,restoration,12,9,3
Bobaléh,ravencrest,863,shaman,restoration,18,9,9
Shoxý,draenor,863,shaman,restoration,18,9,9
Gønuts,sylvanas,863,shaman,restoration,18,9,9
Dréa,draenor,863,shaman,restoration,18,9,9
Yàra,throkferoth,863,shaman,restoration,42,18,24
Loktarogar,sunstrider,863,shaman,restoration,24,9,15
Thanasiss,kazzak,863,shaman,restoration,24,9,15
Fatmikex,stormreaver,863,shaman,restoration,30,9,21
Naphe,ysondre,863,shaman,restoration,30,9,21
Милыйдед,gordunni,863,shaman,restoration,36,9,27
Bakuga,ragnaros,862,shaman,restoration,12,9,3
Doriana,dalaran,862,shaman,restoration,18,9,9
Syreer,silvermoon,862,shaman,restoration,19,9,10
Pprx,tarren-mill,862,shaman,restoration,24,9,15
Salmôn,twisting-nether,862,shaman,restoration,24,9,15
Tonifo,nemesis,861,shaman,restoration,12,9,3
Cjay,dunemaul,861,shaman,restoration,12,9,3
Shamanopaf,tarren-mill,861,shaman,restoration,18,9,9
Vanquïsh,archimonde,861,shaman,restoration,18,9,9
Amu,ravencrest,860,shaman,restoration,18,9,9
Mansquidgoat,darksorrow,859,shaman,restoration,15,10,5
Orchal,defias-brotherhood,859,shaman,restoration,18,9,9
Stkk,ravencrest,859,shaman,restoration,98,46,52
Sunsham,illidan,858,shaman,restoration,18,9,9
Jhaky,dun-modr,857,shaman,restoration,24,9,15
Wayoa,defias-brotherhood,856,shaman,restoration,12,9,3
Дисмон,ashenvale,852,shaman,restoration,18,9,9
Psyforce,argent-dawn,850,shaman,restoration,12,9,3
Numdog,stormreaver,831,shaman,restoration,17,9,8
Bluelasso,ysondre,824,shaman,restoration,29,9,20
Дрфэка,soulflayer,815,shaman,restoration,36,9,27
Bountiti,dun-modr,810,shaman,restoration,18,10,8
Viinny,dun-modr,810,shaman,restoration,30,10,20
Crixuss,argent-dawn,809,shaman,restoration,17,9,8
Pvegame,tarren-mill,809,shaman,restoration,20,10,10
Bomboclat,azjolnerub,806,shaman,restoration,23,9,14
Shinigamy,kazzak,800,shaman,restoration,26,10,16
Akwa,stormscale,799,shaman,restoration,20,9,11
Gerlo,thrall,797,shaman,restoration,25,11,14
Gards,sylvanas,795,shaman,restoration,32,9,23
Isìs,norgannon,773,shaman,restoration,36,9,27
Socialfailur,archimonde,768,shaman,restoration,12,8,4
Wolkî,aegwynn,768,shaman,restoration,12,8,4
Vibesham,outland,768,shaman,restoration,12,8,4
Simiann,outland,768,shaman,restoration,12,8,4
Ivnashaman,drakthul,768,shaman,restoration,12,8,4
Rostislav,ravencrest,768,shaman,restoration,12,8,4
Vërÿßåðxd,silvermoon,768,shaman,restoration,12,8,4
Wawawoowee,archimonde,768,shaman,restoration,12,8,4
Enchancement,ragnaros,768,shaman,restoration,12,8,4
Öyama,sinstralis,768,shaman,restoration,12,8,4
Squixi,ravencrest,768,shaman,restoration,12,8,4
Lontarita,tarren-mill,768,shaman,restoration,12,8,4
Shoqt,les-sentinelles,768,shaman,restoration,12,8,4
Navajito,tarren-mill,768,shaman,restoration,12,8,4
Кодишам,howling-fjord,768,shaman,restoration,12,8,4
Mustabrutus,tarren-mill,768,shaman,restoration,16,9,7
Тотембот,soulflayer,768,shaman,restoration,18,8,10
Nøraa,ravencrest,768,shaman,restoration,18,8,10
Дыркавауре,soulflayer,768,shaman,restoration,18,8,10
Infinitetide,doomhammer,768,shaman,restoration,18,8,10
Qoekke,uldum,768,shaman,restoration,18,8,10
Зачикинимся,howling-fjord,768,shaman,restoration,18,8,10
Lorko,twisting-nether,768,shaman,restoration,18,8,10
Googleme,veklor,768,shaman,restoration,24,8,16
Meneswave,blackhand,768,shaman,restoration,24,8,16
Jänis,ragnaros,767,shaman,restoration,12,8,4
Vallhur,burning-legion,767,shaman,restoration,12,8,4
Dapawz,defias-brotherhood,767,shaman,restoration,12,8,4
Magma,kazzak,767,shaman,restoration,12,8,4
Berasham,dalaran,767,shaman,restoration,12,8,4
Aliatës,sanguino,767,shaman,restoration,18,8,10
Hàrdstûkgødx,uldaman,767,shaman,restoration,18,8,10
Nøxylol,veklor,767,shaman,restoration,18,8,10
Iwaa,dalaran,767,shaman,restoration,18,8,10
Lickmytôtem,frostmane,767,shaman,restoration,18,8,10
Bloodseeker,tarren-mill,767,shaman,restoration,18,8,10
Gungo,deathwing,767,shaman,restoration,18,8,10
Chamika,dentarg,767,shaman,restoration,24,8,16
Sniipy,blackmoore,767,shaman,restoration,24,8,16
Foxy,alakir,767,shaman,restoration,24,8,16
Джоукх,howling-fjord,766,shaman,restoration,12,8,4
Stivishamy,blackmoore,766,shaman,restoration,12,8,4
Eero,darksorrow,766,shaman,restoration,12,8,4
Hephaisto,defias-brotherhood,766,shaman,restoration,12,8,4
Cleansing,nemesis,766,shaman,restoration,12,8,4
Robbie,dentarg,766,shaman,restoration,12,8,4
Shamone,stormreaver,766,shaman,restoration,12,8,4
Kéimohansio,draenor,766,shaman,restoration,24,8,16
Binslagala,zuljin,765,shaman,restoration,12,8,4
Størmbølt,draenor,765,shaman,restoration,18,8,10
Whatsup,aggramar,765,shaman,restoration,18,8,10
Nephylim,grim-batol,765,shaman,restoration,18,8,10
Suze,hellfire,765,shaman,restoration,18,8,10
Naargie,outland,765,shaman,restoration,20,8,12
Ironspine,sylvanas,764,shaman,restoration,18,8,10
Khattla,outland,763,shaman,restoration,12,8,4
Gundersen,stormscale,763,shaman,restoration,18,8,10
Eveeöe,outland,763,shaman,restoration,18,8,10
Rórekk,aegwynn,761,shaman,restoration,18,8,10
Zerwurster,thrall,760,shaman,restoration,18,8,10
Towokk,kazzak,757,shaman,restoration,12,8,4
Sakoon,twisting-nether,751,shaman,restoration,18,8,10
Øzy,sanguino,749,shaman,restoration,14,8,6
Picklechris,tarren-mill,748,shaman,restoration,18,8,10
Thunderberg,antonidas,746,shaman,restoration,24,8,16
Дарьюша,fordragon,744,shaman,restoration,12,8,4
Kuubskii,ravencrest,719,shaman,restoration,11,8,3
Агмень,howling-fjord,717,shaman,restoration,39,8,31
Purgérkíng,silvermoon,713,shaman,restoration,15,9,6
Stolen,skullcrusher,712,shaman,restoration,15,9,6
Onkens,ravencrest,712,shaman,restoration,21,9,12
Lauree,terokkar,710,shaman,restoration,23,9,14
Thangog,ragnaros,703,shaman,restoration,16,8,8
Тотемвуман,soulflayer,703,shaman,restoration,22,8,14
Грейсаша,howling-fjord,695,shaman,restoration,22,8,14
Robgon,aggra-português,689,shaman,restoration,23,8,15
Turbohulk,blackrock,688,shaman,restoration,13,8,5
Cumulichan,ragnaros,687,shaman,restoration,11,8,3
Esher,frostwolf,672,shaman,restoration,12,7,5
Dôppel,archimonde,672,shaman,restoration,12,7,5
Popopopopor,archimonde,672,shaman,restoration,12,7,5
Qoleck,aegwynn,672,shaman,restoration,12,7,5
Gigawashed,archimonde,672,shaman,restoration,12,7,5
Djtomp,kazzak,672,shaman,restoration,12,7,5
Blackbeardxd,stormscale,672,shaman,restoration,12,7,5
Koruga,frostwolf,672,shaman,restoration,12,7,5
Spiirit,tarren-mill,672,shaman,restoration,12,7,5
Iamshamon,kazzak,672,shaman,restoration,12,7,5
Pogchampz,nemesis,672,shaman,restoration,12,7,5
Qicholardon,archimonde,672,shaman,restoration,12,7,5
Alëxx,hyjal,672,shaman,restoration,12,7,5
Awumbahway,outland,672,shaman,restoration,12,7,5
Ånny,blackmoore,672,shaman,restoration,12,7,5
Роджермур,howling-fjord,672,shaman,restoration,12,7,5
Pepegahex,blackmoore,672,shaman,restoration,12,7,5
Cahyr,ravencrest,672,shaman,restoration,12,7,5
Rôwdy,kazzak,672,shaman,restoration,12,7,5
Winshear,twisting-nether,672,shaman,restoration,12,7,5
Raintlordx,twisting-nether,672,shaman,restoration,12,7,5
Prøxxy,ravencrest,672,shaman,restoration,12,7,5
Yegera,stormscale,672,shaman,restoration,12,7,5
Berly,stormscale,672,shaman,restoration,12,7,5
Horcsog,ravencrest,672,shaman,restoration,18,7,11
Horiq,kazzak,672,shaman,restoration,18,7,11
Triplewhoppa,thrall,672,shaman,restoration,18,7,11
Крэйвхх,howling-fjord,672,shaman,restoration,18,7,11
Zulylol,outland,672,shaman,restoration,18,7,11
Oningodx,drakthul,672,shaman,restoration,18,7,11
Kataclysm,nemesis,672,shaman,restoration,18,7,11
Levarázsol,outland,672,shaman,restoration,18,7,11
Barbebiendur,archimonde,672,shaman,restoration,18,7,11
Sháme,azjolnerub,672,shaman,restoration,18,7,11
Átòmíc,eredar,672,shaman,restoration,18,7,11
Agrok,jaedenar,672,shaman,restoration,18,7,11
Kimsshaman,ragnaros,672,shaman,restoration,18,7,11
Raiden,aegwynn,672,shaman,restoration,18,7,11
Reticlol,kazzak,672,shaman,restoration,18,7,11
Çøynx,aegwynn,672,shaman,restoration,20,7,13
Recov,draenor,672,shaman,restoration,22,7,15
Shamansh,draenor,671,shaman,restoration,14,9,5
Rooske,draenor,671,shaman,restoration,12,7,5
Elshimano,ravencrest,671,shaman,restoration,12,7,5
Matsudah,ragnaros,671,shaman,restoration,12,7,5
Jochenzulauf,blackrock,671,shaman,restoration,12,7,5
Geneazytwo,silvermoon,671,shaman,restoration,13,7,6
Brocksamson,dentarg,671,shaman,restoration,14,7,7
Glak,draenor,671,shaman,restoration,18,7,11
Indennacken,blackmoore,671,shaman,restoration,18,7,11
Xentic,kazzak,671,shaman,restoration,18,7,11
Bordellgast,thrall,671,shaman,restoration,18,7,11
Nïshä,twisting-nether,671,shaman,restoration,18,7,11
Zahké,stormscale,671,shaman,restoration,18,7,11
Zippidizap,ulduar,671,shaman,restoration,18,7,11
Shâdôwlîght,antonidas,671,shaman,restoration,18,7,11
Skullføck,argent-dawn,671,shaman,restoration,21,8,13
Mòónz,kazzak,671,shaman,restoration,24,7,17
Plùx,antonidas,670,shaman,restoration,12,7,5
Bjorhuk,ravencrest,670,shaman,restoration,12,7,5
Tidors,burning-legion,670,shaman,restoration,12,7,5
Abx,draenor,670,shaman,restoration,18,7,11
Shamaxwell,blackhand,669,shaman,restoration,12,7,5
Woew,tarren-mill,669,shaman,restoration,12,7,5
Shacharcaspi,blackmoore,669,shaman,restoration,24,7,17
Simph,uldum,669,shaman,restoration,24,7,17
Temeres,drakthul,668,shaman,restoration,12,7,5
Bloggurt,tarren-mill,668,shaman,restoration,18,7,11
Aveet,kazzak,667,shaman,restoration,18,7,11
Millacki,blackrock,667,shaman,restoration,18,7,11
Omeletteoeuf,silvermoon,666,shaman,restoration,12,7,5
Briindead,archimonde,665,shaman,restoration,12,7,5
Sneggels,wrathbringer,665,shaman,restoration,21,8,13
Mosterx,stormscale,664,shaman,restoration,18,7,11
Bogmagnus,the-maelstrom,659,shaman,restoration,39,13,26
Ayesapik,dalaran,657,shaman,restoration,12,7,5
Неерззул,soulflayer,639,shaman,restoration,17,7,10
Zenzua,twisting-nether,638,shaman,restoration,11,7,4
Nojiko,blackrock,638,shaman,restoration,17,7,10
Altesh,die-todeskrallen,634,shaman,restoration,16,7,9
Енотикусь,soulflayer,618,shaman,restoration,12,8,4
Disharmony,outland,618,shaman,restoration,12,8,4
Randomuwu,stormscale,616,shaman,restoration,22,8,14
Мке,howling-fjord,615,shaman,restoration,29,11,18
Martiinii,dragonmaw,606,shaman,restoration,11,7,4
Zhead,aggramar,584,shaman,restoration,16,9,7
Yacuzwerg,blackrock,576,shaman,restoration,6,6,0
Ethixx,outland,576,shaman,restoration,6,6,0
Imdarat,hyjal,576,shaman,restoration,6,6,0
Wíwi,kazzak,576,shaman,restoration,6,6,0
Oldveteran,eredar,576,shaman,restoration,6,6,0
Lortihalsen,outland,576,shaman,restoration,12,6,6
Katwio,hyjal,576,shaman,restoration,12,6,6
Purgecleave,dalvengyr,576,shaman,restoration,12,6,6
Stormfreg,quelthalas,576,shaman,restoration,12,6,6
Ambuu,kazzak,576,shaman,restoration,12,6,6
Cardeâ,blackhand,576,shaman,restoration,12,6,6
Skottkärrà,ravencrest,576,shaman,restoration,12,6,6
Runbrorun,hyjal,576,shaman,restoration,12,6,6
Groquick,dalaran,576,shaman,restoration,12,6,6
Kaluna,outland,576,shaman,restoration,12,6,6
Гоэл,ashenvale,576,shaman,restoration,12,6,6
Канамаш,borean-tundra,576,shaman,restoration,12,6,6
Chamanox,dalaran,576,shaman,restoration,12,6,6
Dimront,gorgonnash,576,shaman,restoration,12,6,6
Blipster,tarren-mill,576,shaman,restoration,12,6,6
Erepmad,ravencrest,576,shaman,restoration,12,6,6
Bigdaddyxo,tarren-mill,576,shaman,restoration,12,6,6
Thaw,sylvanas,576,shaman,restoration,12,6,6
Goodevening,tarren-mill,576,shaman,restoration,12,6,6
Kocaina,kazzak,576,shaman,restoration,12,6,6
Wintradezki,tarren-mill,576,shaman,restoration,12,6,6
Kilninshape,archimonde,576,shaman,restoration,12,6,6
Enoughh,the-maelstrom,576,shaman,restoration,12,6,6
Monamour,twisting-nether,576,shaman,restoration,12,6,6
Neverqueue,defias-brotherhood,576,shaman,restoration,12,6,6
Mýthaz,archimonde,576,shaman,restoration,12,6,6
Jodel,tarren-mill,576,shaman,restoration,12,6,6
Thatstheswag,blackmoore,576,shaman,restoration,12,6,6
Qwázú,silvermoon,576,shaman,restoration,12,6,6
Shmøn,outland,576,shaman,restoration,12,6,6
Elmezz,outland,576,shaman,restoration,12,6,6
Lmnn,ravencrest,576,shaman,restoration,12,6,6
Løktarøgàr,archimonde,576,shaman,restoration,12,6,6
Draredemolen,archimonde,576,shaman,restoration,12,6,6
Vælcya,archimonde,576,shaman,restoration,12,6,6
Komodski,kazzak,576,shaman,restoration,12,6,6
Хоупосх,gordunni,576,shaman,restoration,12,6,6
Embodiment,blackrock,576,shaman,restoration,12,6,6
Lågertha,sanguino,576,shaman,restoration,12,6,6
Ðevi,ravencrest,576,shaman,restoration,12,6,6
Shäman,burning-blade,576,shaman,restoration,12,6,6
Gromaburst,stormscale,576,shaman,restoration,12,6,6
Khidon,silvermoon,576,shaman,restoration,12,6,6
Амальтейх,soulflayer,576,shaman,restoration,12,6,6
Rëazx,archimonde,576,shaman,restoration,12,6,6
Floki,emerald-dream,576,shaman,restoration,18,6,12
Kioterasham,conseil-des-ombres,576,shaman,restoration,18,6,12
Patsham,wildhammer,576,shaman,restoration,18,6,12
Nyfario,marécage-de-zangar,576,shaman,restoration,18,6,12
Sarkathi,kazzak,576,shaman,restoration,18,6,12
Thefirebird,blackhand,576,shaman,restoration,18,6,12
Heyzal,aegwynn,576,shaman,restoration,20,6,14
Tauridus,blackrock,575,shaman,restoration,12,6,6
Ongewasgone,defias-brotherhood,575,shaman,restoration,12,6,6
Безрукан,howling-fjord,575,shaman,restoration,12,6,6
Stortvloed,twisting-nether,575,shaman,restoration,12,6,6
Sikro,frostwolf,575,shaman,restoration,12,6,6
Sjearthen,defias-brotherhood,575,shaman,restoration,12,6,6
Kyaz,ravencrest,575,shaman,restoration,12,6,6
Pakasschami,frostwolf,575,shaman,restoration,12,6,6
Shazefin,twisting-nether,575,shaman,restoration,12,6,6
Outerspace,silvermoon,575,shaman,restoration,12,6,6
Shamtime,aegwynn,575,shaman,restoration,12,6,6
Aesonis,kazzak,575,shaman,restoration,14,6,8
Mystico,sanguino,575,shaman,restoration,18,6,12
Джусипуси,gordunni,575,shaman,restoration,18,6,12
Lorthargol,chamber-of-aspects,575,shaman,restoration,18,6,12
Турелька,blackscar,575,shaman,restoration,18,6,12
Shadî,kiljaeden,574,shaman,restoration,12,6,6
Tidushears,thrall,574,shaman,restoration,12,6,6
Shamandeadly,aggra-português,574,shaman,restoration,12,6,6
Turbokrapka,tarren-mill,574,shaman,restoration,12,6,6
Kongapenes,tarren-mill,574,shaman,restoration,12,6,6
Pépón,dun-modr,574,shaman,restoration,18,6,12
Notwhoheals,executus,574,shaman,restoration,18,6,12
Dobbi,dethecus,573,shaman,restoration,12,6,6
Bolski,stormreaver,573,shaman,restoration,12,6,6
Shammzy,mannoroth,573,shaman,restoration,24,6,18
Amarök,nerzhul,571,shaman,restoration,12,6,6
Alïsyo,nemesis,570,shaman,restoration,18,6,12
Zuggerberg,defias-brotherhood,558,shaman,restoration,17,6,11
Ongedierte,tarren-mill,543,shaman,restoration,11,6,5
Greenguard,argent-dawn,540,shaman,restoration,23,6,17
Totemglad,drakthul,528,shaman,restoration,9,7,2
Whibbler,ravencrest,528,shaman,restoration,21,7,14
Télapou,ragnaros,527,shaman,restoration,11,6,5
Randomshamx,ravencrest,527,shaman,restoration,11,6,5
Манрото,soulflayer,526,shaman,restoration,9,6,3
Mycameltotem,ravencrest,522,shaman,restoration,21,7,14
Arigolds,twilights-hammer,511,shaman,restoration,11,6,5
Jakesmistake,stormscale,494,shaman,restoration,11,7,4
Эйвуа,gordunni,486,shaman,restoration,22,8,14
Shamsteaks,thrall,480,shaman,restoration,6,5,1
Hyperieon,antonidas,480,shaman,restoration,6,5,1
Meeq,deathwing,480,shaman,restoration,6,5,1
Antikahraman,blackrock,480,shaman,restoration,6,5,1
Keiro,burning-blade,480,shaman,restoration,6,5,1
Ub,garona,480,shaman,restoration,6,5,1
Doubleshamz,the-maelstrom,480,shaman,restoration,6,5,1
Djschamihaar,blackrock,480,shaman,restoration,6,5,1
Aeldrid,argent-dawn,480,shaman,restoration,6,5,1
Qwauzinator,silvermoon,480,shaman,restoration,6,5,1
Xêra,burning-legion,480,shaman,restoration,10,6,4
Дрекрош,howling-fjord,480,shaman,restoration,12,5,7
Zæus,ragnaros,480,shaman,restoration,12,5,7
Papskalla,ravencrest,480,shaman,restoration,12,5,7
Thyeori,stormscale,480,shaman,restoration,12,5,7
Бунтх,howling-fjord,480,shaman,restoration,12,5,7
Unleashme,sylvanas,480,shaman,restoration,12,5,7
Ghorall,ragnaros,480,shaman,restoration,12,5,7
Kemmi,dalaran,480,shaman,restoration,12,5,7
Lontarsdaddy,twisting-nether,480,shaman,restoration,12,5,7
Hakunax,twisting-nether,480,shaman,restoration,12,5,7
Nøný,gorgonnash,480,shaman,restoration,12,5,7
Jakeir,auchindoun,480,shaman,restoration,12,5,7
Tooltip,tarren-mill,480,shaman,restoration,12,5,7
Hogmodig,tarren-mill,480,shaman,restoration,12,5,7
Бьерн,deepholm,480,shaman,restoration,12,5,7
Volwerin,blackhand,480,shaman,restoration,12,5,7
Lumière,alonsus,480,shaman,restoration,12,5,7
Pakxø,malganis,480,shaman,restoration,12,5,7
Adzkímo,tarren-mill,480,shaman,restoration,12,5,7
Kïtten,tarren-mill,480,shaman,restoration,12,5,7
Uanl,stormscale,480,shaman,restoration,12,5,7
Slasket,bloodscalp,480,shaman,restoration,12,5,7
Évileye,silvermoon,480,shaman,restoration,12,5,7
Shamarco,nemesis,480,shaman,restoration,12,5,7
Nevagonalink,archimonde,480,shaman,restoration,12,5,7
Egor,alakir,480,shaman,restoration,12,5,7
Leafplsx,blackrock,480,shaman,restoration,12,5,7
Ravenshock,bloodfeather,480,shaman,restoration,12,5,7
Totemiclol,aegwynn,480,shaman,restoration,12,5,7
Tigo,tarren-mill,480,shaman,restoration,12,5,7
Riptidegodx,archimonde,480,shaman,restoration,12,5,7
Spaceboy,archimonde,480,shaman,restoration,12,5,7
Caliqueños,sanguino,480,shaman,restoration,12,5,7
Hexftw,khaz-modan,480,shaman,restoration,12,5,7
Qishwilu,ravencrest,480,shaman,restoration,12,5,7
Libano,archimonde,480,shaman,restoration,12,5,7
Asschick,outland,480,shaman,restoration,12,5,7
Craisaz,nemesis,480,shaman,restoration,12,5,7
Markboymint,earthen-ring,480,shaman,restoration,12,5,7
Chilliajin,tarren-mill,480,shaman,restoration,12,5,7
Aesa,dun-modr,480,shaman,restoration,12,5,7
Styllz,uldaman,480,shaman,restoration,12,5,7
Zougzy,uldaman,480,shaman,restoration,12,5,7
Burrowabuser,nemesis,480,shaman,restoration,12,5,7
Sliiderr,draenor,480,shaman,restoration,12,5,7
Flandersx,ravencrest,480,shaman,restoration,12,5,7
Kempfer,blackrock,480,shaman,restoration,12,5,7
Evííl,tarren-mill,480,shaman,restoration,12,5,7
Bandyy,magtheridon,480,shaman,restoration,12,5,7
Aeknor,ravencrest,480,shaman,restoration,12,5,7
Cheerz,ravencrest,480,shaman,restoration,12,5,7
Papaver,zirkel-des-cenarius,480,shaman,restoration,12,5,7
Кенниарт,howling-fjord,480,shaman,restoration,18,5,13
Селфлессх,soulflayer,480,shaman,restoration,18,5,13
Bruho,mazrigos,480,shaman,restoration,18,5,13
Nêgan,ravencrest,480,shaman,restoration,22,5,17
Savan,darkspear,480,shaman,restoration,24,5,19
Banilikum,tarren-mill,480,shaman,restoration,24,5,19
Rawtex,draenor,480,shaman,restoration,26,5,21
Axéron,blackhand,479,shaman,restoration,12,5,7
Amnistia,ragnaros,479,shaman,restoration,12,5,7
Babyboomz,bronze-dragonflight,479,shaman,restoration,12,5,7
Obêlixx,blackmoore,479,shaman,restoration,12,5,7
Ominouslove,twisting-nether,479,shaman,restoration,12,5,7
Sakar,auchindoun,479,shaman,restoration,12,5,7
Weho,kazzak,479,shaman,restoration,12,5,7
Donnerbubele,aegwynn,479,shaman,restoration,12,5,7
Ошибся,deathguard,479,shaman,restoration,12,5,7
Gelaende,thrall,479,shaman,restoration,12,5,7
Manolaz,kazzak,479,shaman,restoration,12,5,7
Scoobsz,thrall,479,shaman,restoration,15,5,10
Yasunari,sanguino,479,shaman,restoration,18,5,13
Rixxa,stormscale,478,shaman,restoration,18,5,13
Jotuna,argent-dawn,478,shaman,restoration,18,5,13
Thrallallero,pozzo-delleternità,477,shaman,restoration,12,5,7
Xenda,blackrock,477,shaman,restoration,12,5,7
Thaun,blackrock,477,shaman,restoration,18,5,13
Killhorn,malganis,474,shaman,restoration,12,5,7
Wanryoku,kaelthas,472,shaman,restoration,12,5,7
Shamanarama,sylvanas,463,shaman,restoration,23,5,18
Asahi,arthas,447,shaman,restoration,11,5,6
Cotêaz,thrall,446,shaman,restoration,10,5,5
Shamakerr,tarren-mill,426,shaman,restoration,17,7,10
Äppelpaj,earthen-ring,426,shaman,restoration,15,6,9
Ulrichh,twisting-nether,415,shaman,restoration,8,5,3
Blixtlasse,magtheridon,400,shaman,restoration,13,5,8
Littletrall,outland,384,shaman,restoration,6,4,2
Onionz,stormreaver,384,shaman,restoration,6,4,2
Shamanash,kazzak,384,shaman,restoration,6,4,2
Thriveqt,nemesis,384,shaman,restoration,6,4,2
Gotta,dethecus,384,shaman,restoration,6,4,2
Электро,thermaplugg,384,shaman,restoration,6,4,2
Sanktyx,blackhand,384,shaman,restoration,6,4,2
Silden,thrall,384,shaman,restoration,6,4,2
Cuchullaín,blackmoore,384,shaman,restoration,6,4,2
Flùffy,nemesis,384,shaman,restoration,6,4,2
Хотдевил,gordunni,384,shaman,restoration,6,4,2
Фредуизли,howling-fjord,384,shaman,restoration,6,4,2
Keräx,cthun,384,shaman,restoration,6,4,2
Kundt,dalaran,384,shaman,restoration,6,4,2
Tsugu,kazzak,384,shaman,restoration,6,4,2
Johnnysîns,blackhand,384,shaman,restoration,6,4,2
Artîe,archimonde,384,shaman,restoration,6,4,2
Skoddy,blackmoore,384,shaman,restoration,6,4,2
Громкеш,howling-fjord,384,shaman,restoration,6,4,2
Toasterbread,kazzak,384,shaman,restoration,6,4,2
Eras,ragnaros,384,shaman,restoration,6,4,2
Hamuksha,nerathor,384,shaman,restoration,6,4,2
Imdax,hyjal,384,shaman,restoration,6,4,2
Lingz,auchindoun,384,shaman,restoration,6,4,2
Bandulski,twisting-nether,384,shaman,restoration,6,4,2
Eaglhex,silvermoon,384,shaman,restoration,6,4,2
Waterboy,tarren-mill,384,shaman,restoration,6,4,2
Bloodburst,stormscale,384,shaman,restoration,6,4,2
Pank,kazzak,384,shaman,restoration,6,4,2
Soffsittaren,kazzak,384,shaman,restoration,6,4,2
Totembeard,frostmourne,384,shaman,restoration,6,4,2
Ptiloup,varimathras,384,shaman,restoration,6,4,2
Kekke,uldum,384,shaman,restoration,6,4,2
Prup,tarren-mill,384,shaman,restoration,6,4,2
Grimn,burning-legion,384,shaman,restoration,6,4,2
Shàyâ,ysondre,384,shaman,restoration,6,4,2
Yozgatlilan,aegwynn,384,shaman,restoration,6,4,2
Criticalx,eredar,384,shaman,restoration,15,5,10
Keén,burning-legion,384,shaman,restoration,12,4,8
Меготип,deathweaver,384,shaman,restoration,12,4,8
Zídané,antonidas,384,shaman,restoration,12,4,8
Drumx,aegwynn,384,shaman,restoration,12,4,8
Numbs,tarren-mill,384,shaman,restoration,12,4,8
Voodz,nathrezim,384,shaman,restoration,12,4,8
Kerfo,ragnaros,384,shaman,restoration,12,4,8
Sempaihentai,draenor,384,shaman,restoration,12,4,8
Abdegor,burning-legion,384,shaman,restoration,12,4,8
Maluch,burning-legion,384,shaman,restoration,12,4,8
Анашишка,borean-tundra,384,shaman,restoration,12,4,8
Gharn,sanguino,384,shaman,restoration,12,4,8
Archsha,burning-legion,384,shaman,restoration,12,4,8
Kaffekask,stormscale,384,shaman,restoration,12,4,8
Guayotta,sanguino,384,shaman,restoration,12,4,8
Lavababe,blackmoore,384,shaman,restoration,12,4,8
Pasjeop,ravencrest,384,shaman,restoration,12,4,8
Drakamaa,ravencrest,384,shaman,restoration,12,4,8
Kalhoznik,ravencrest,384,shaman,restoration,12,4,8
Tteïl,archimonde,384,shaman,restoration,12,4,8
Bolg,veklor,384,shaman,restoration,12,4,8
Vey,hyjal,384,shaman,restoration,12,4,8
Ранняяпташка,soulflayer,384,shaman,restoration,12,4,8
Chimey,frostmane,384,shaman,restoration,12,4,8
Shamdren,outland,384,shaman,restoration,12,4,8
Gauss,agamaggan,384,shaman,restoration,12,4,8
Serasol,sylvanas,384,shaman,restoration,12,4,8
Энхай,azuregos,384,shaman,restoration,12,4,8
Kuyamii,blackrock,384,shaman,restoration,12,4,8
Daklickshamy,blackmoore,384,shaman,restoration,12,4,8
Bigfatjay,stormscale,384,shaman,restoration,12,4,8
Zyphiz,twisting-nether,384,shaman,restoration,12,4,8
Götveren,eredar,384,shaman,restoration,12,4,8
Wagaluu,ravencrest,384,shaman,restoration,12,4,8
Smahamtwo,stormscale,384,shaman,restoration,12,4,8
Kashnar,tarren-mill,384,shaman,restoration,12,4,8
Jarona,twisting-nether,384,shaman,restoration,12,4,8
Saksyl,zuljin,384,shaman,restoration,12,4,8
Frosthamer,ragnaros,383,shaman,restoration,6,4,2
Darthshox,outland,383,shaman,restoration,10,5,5
Cisd,tarren-mill,383,shaman,restoration,12,4,8
Manush,aszune,383,shaman,restoration,12,4,8
Sleyvarian,chamber-of-aspects,383,shaman,restoration,12,4,8
Slippyjim,azshara,382,shaman,restoration,12,4,8
Avatarroku,blackhand,382,shaman,restoration,12,4,8
Icytide,kazzak,378,shaman,restoration,18,7,11
Wakka,wildhammer,378,shaman,restoration,30,4,26
Zboubii,archimonde,351,shaman,restoration,17,4,13
Krootox,sunstrider,320,shaman,restoration,16,4,12
Schamitwo,twisting-nether,319,shaman,restoration,5,4,1
Murog,dalaran,319,shaman,restoration,8,4,4
Faìnt,stormscale,288,shaman,restoration,6,3,3
Muddy,argent-dawn,288,shaman,restoration,6,3,3
Bingo,tarren-mill,288,shaman,restoration,6,3,3
Asstroy,sanguino,288,shaman,restoration,6,3,3
Ixthus,varimathras,288,shaman,restoration,6,3,3
Shamamamin,argent-dawn,288,shaman,restoration,6,3,3
Oroastbeef,archimonde,288,shaman,restoration,6,3,3
Brandbombe,frostwolf,288,shaman,restoration,6,3,3
Nohealtilt,stormscale,288,shaman,restoration,6,3,3
ßiggie,garona,288,shaman,restoration,6,3,3
Chainbeef,blackmoore,288,shaman,restoration,6,3,3
Crazywitcho,archimonde,288,shaman,restoration,6,3,3
Abalenn,kazzak,288,shaman,restoration,6,3,3
Shamoobob,archimonde,288,shaman,restoration,6,3,3
Видсон,soulflayer,288,shaman,restoration,6,3,3
Votie,tarren-mill,288,shaman,restoration,6,3,3
Ragnesch,aegwynn,288,shaman,restoration,6,3,3
Shànnón,kazzak,288,shaman,restoration,6,3,3
Вэллкомм,gordunni,288,shaman,restoration,6,3,3
Rna,ragnaros,288,shaman,restoration,6,3,3
Драмкул,soulflayer,288,shaman,restoration,6,3,3
Kilazz,twisting-nether,288,shaman,restoration,6,3,3
Ticutashaman,argent-dawn,288,shaman,restoration,6,3,3
Corlysvelary,doomhammer,288,shaman,restoration,6,3,3
Bharudor,antonidas,288,shaman,restoration,6,3,3
Bandiitti,darksorrow,288,shaman,restoration,6,3,3
Jazzcore,twisting-nether,288,shaman,restoration,6,3,3
Bûttâ,archimonde,288,shaman,restoration,6,3,3
Cristhor,nemesis,288,shaman,restoration,6,3,3
Ridemytotem,blackrock,288,shaman,restoration,6,3,3
Surge,darksorrow,288,shaman,restoration,6,3,3
Søljar,draenor,288,shaman,restoration,6,3,3
Maburst,silvermoon,288,shaman,restoration,6,3,3
Stinkyfînger,draenor,288,shaman,restoration,6,3,3
Елемчикх,gordunni,288,shaman,restoration,6,3,3
Cøkka,hyjal,288,shaman,restoration,6,3,3
Бриз,blackscar,288,shaman,restoration,6,3,3
Stibs,silvermoon,288,shaman,restoration,6,3,3
Kalinn,sylvanas,288,shaman,restoration,6,3,3
Ýípìÿøû,dun-modr,288,shaman,restoration,6,3,3
Shamatto,nemesis,288,shaman,restoration,6,3,3
Grosgourdin,la-croisade-écarlate,288,shaman,restoration,6,3,3
Wealey,drakthul,288,shaman,restoration,6,3,3
Origins,archimonde,288,shaman,restoration,6,3,3
Гарантииный,lich-king,288,shaman,restoration,6,3,3
Tenror,ragnaros,288,shaman,restoration,6,3,3
Kimunamatata,draenor,288,shaman,restoration,6,3,3
Soulsh,die-ewige-wacht,288,shaman,restoration,6,3,3
Rkeev,blackrock,288,shaman,restoration,6,3,3
Tarzh,dalaran,288,shaman,restoration,6,3,3
Majinbeb,hyjal,288,shaman,restoration,6,3,3
Groundcslol,kazzak,288,shaman,restoration,6,3,3
Oldmanrena,stormscale,288,shaman,restoration,6,3,3
Zapyboye,grim-batol,288,shaman,restoration,6,3,3
Blboz,grim-batol,288,shaman,restoration,6,3,3
Totemboyuk,tarren-mill,288,shaman,restoration,6,3,3
Ønepåc,hyjal,288,shaman,restoration,6,3,3
Кхуздуфар,blackscar,288,shaman,restoration,6,3,3
Ханикс,blackscar,288,shaman,restoration,6,3,3
Rndshaman,thrall,288,shaman,restoration,6,3,3
Jilyu,blackmoore,288,shaman,restoration,6,3,3
Prepegahex,blackmoore,288,shaman,restoration,6,3,3
Icecold,grim-batol,288,shaman,restoration,6,3,3
Pyrotoad,blackmoore,288,shaman,restoration,6,3,3
Richtigfies,kazzak,288,shaman,restoration,6,3,3
Моралсидней,blackscar,288,shaman,restoration,6,3,3
Kuzsham,archimonde,288,shaman,restoration,12,3,9
Arîya,blackrock,288,shaman,restoration,12,3,9
Feizhousa,outland,288,shaman,restoration,12,3,9
Aboveaverage,stormscale,288,shaman,restoration,12,3,9
Mazu,spinebreaker,288,shaman,restoration,12,3,9
Hastabasta,sylvanas,288,shaman,restoration,12,3,9
Nixxy,magtheridon,288,shaman,restoration,12,3,9
Бэкдафакапп,blackscar,288,shaman,restoration,12,3,9
Happyjuice,silvermoon,288,shaman,restoration,12,3,9
Kandrox,blackmoore,288,shaman,restoration,12,3,9
Krugx,draenor,288,shaman,restoration,12,3,9
Wtbtoes,ravencrest,288,shaman,restoration,12,3,9
Thrallotido,sanguino,288,shaman,restoration,12,3,9
Thísisrestø,sanguino,288,shaman,restoration,12,3,9
Flameshock,area-52,288,shaman,restoration,12,3,9
Hobblefoot,stormscale,288,shaman,restoration,12,3,9
Threnesham,kazzak,288,shaman,restoration,12,3,9
Madrävëngodx,ragnaros,288,shaman,restoration,12,3,9
Carthis,silvermoon,288,shaman,restoration,12,3,9
Ríleyx,twisting-nether,288,shaman,restoration,12,3,9
Volstorm,ysondre,288,shaman,restoration,12,3,9
Magicflames,draenor,288,shaman,restoration,12,3,9
Billburr,aegwynn,288,shaman,restoration,12,3,9
Колбаскофф,gordunni,288,shaman,restoration,12,3,9
Spitta,ysondre,288,shaman,restoration,12,3,9
Pòcho,kazzak,288,shaman,restoration,17,3,14
Sorcerus,burning-legion,288,shaman,restoration,18,3,15
Áchilleus,kazzak,288,shaman,restoration,18,3,15
Quiec,kazzak,288,shaman,restoration,18,3,15
Frise,archimonde,287,shaman,restoration,6,3,3
Zeiger,minahonda,287,shaman,restoration,12,3,9
Deeblu,nemesis,287,shaman,restoration,12,3,9
Rbghêâl,blackrock,287,shaman,restoration,18,3,15
Mimsy,hyjal,285,shaman,restoration,12,3,9
Localicious,ragnaros,255,shaman,restoration,11,3,8
Crazypurgeqt,arathor,255,shaman,restoration,17,3,14
Brigantino,burning-legion,239,shaman,restoration,5,3,2
Tickly,blackhand,239,shaman,restoration,5,3,2
Elliesham,kazzak,239,shaman,restoration,5,3,2
Grübxxgg,frostmane,239,shaman,restoration,11,3,8
Æxs,archimonde,234,shaman,restoration,8,4,4
Yukîmøn,hyjal,234,shaman,restoration,11,4,7
Ikó,kazzak,234,shaman,restoration,22,6,16
Lexus,nordrassil,192,shaman,restoration,6,2,4
Grende,sylvanas,192,shaman,restoration,6,2,4
Kevox,malganis,192,shaman,restoration,6,2,4
Imbahlink,draenor,192,shaman,restoration,6,2,4
Tobbey,tarren-mill,192,shaman,restoration,6,2,4
Пучмек,gordunni,192,shaman,restoration,6,2,4
Renátosz,ragnaros,192,shaman,restoration,6,2,4
Agorasiya,frostwolf,192,shaman,restoration,6,2,4
Элементаликс,ashenvale,192,shaman,restoration,6,2,4
Basegrandpa,ravencrest,192,shaman,restoration,6,2,4
Тотемо,gordunni,192,shaman,restoration,6,2,4
Smorclelx,khadgar,192,shaman,restoration,6,2,4
Palarins,dalaran,192,shaman,restoration,6,2,4
Srøgg,archimonde,192,shaman,restoration,6,2,4
Nailos,dun-modr,192,shaman,restoration,6,2,4
Bumbummann,blackmoore,192,shaman,restoration,6,2,4
Reinssay,ysondre,192,shaman,restoration,6,2,4
Kàji,ravencrest,192,shaman,restoration,6,2,4
Wåe,outland,192,shaman,restoration,6,2,4
Pûrge,tarren-mill,192,shaman,restoration,6,2,4
Naneunsanai,jaedenar,192,shaman,restoration,6,2,4
Narevoqi,madmortem,192,shaman,restoration,6,2,4
Демианна,eversong,192,shaman,restoration,6,2,4
Jacquisham,archimonde,192,shaman,restoration,6,2,4
Nassîî,blackhand,192,shaman,restoration,6,2,4
Shupp,stormscale,192,shaman,restoration,6,2,4
Mikhey,archimonde,192,shaman,restoration,6,2,4
Бичпак,howling-fjord,192,shaman,restoration,6,2,4
Урахарочка,soulflayer,192,shaman,restoration,6,2,4
Cragouz,archimonde,192,shaman,restoration,6,2,4
Juicyy,ravencrest,192,shaman,restoration,6,2,4
Maab,arathor,192,shaman,restoration,6,2,4
Oladoda,archimonde,192,shaman,restoration,6,2,4
Gevitomeraw,sylvanas,192,shaman,restoration,6,2,4
Ånný,blackmoore,192,shaman,restoration,6,2,4
Wahya,stormscale,192,shaman,restoration,6,2,4
Rihi,twisting-nether,192,shaman,restoration,6,2,4
Pip,outland,192,shaman,restoration,6,2,4
Enkou,blackmoore,192,shaman,restoration,6,2,4
Чиллаут,howling-fjord,192,shaman,restoration,6,2,4
Khayac,ravencrest,192,shaman,restoration,6,2,4
Guccishadezz,blackmoore,192,shaman,restoration,6,2,4
Maybeyes,twisting-nether,192,shaman,restoration,6,2,4
Sàs,zuljin,192,shaman,restoration,6,2,4
Боргирх,soulflayer,192,shaman,restoration,6,2,4
Lêss,ysondre,192,shaman,restoration,6,2,4
Berascendz,argent-dawn,192,shaman,restoration,6,2,4
Roxyzwergal,aegwynn,192,shaman,restoration,6,2,4
Dàazle,ravencrest,192,shaman,restoration,6,2,4
Medistød,draenor,192,shaman,restoration,6,2,4
Shàwyn,sylvanas,192,shaman,restoration,6,2,4
Jsham,blackmoore,192,shaman,restoration,6,2,4
Lycburst,twisting-nether,192,shaman,restoration,6,2,4
Liferqt,nemesis,192,shaman,restoration,6,2,4
Джейджона,soulflayer,192,shaman,restoration,6,2,4
Sablolix,ravencrest,192,shaman,restoration,6,2,4
Schmamane,blutkessel,192,shaman,restoration,6,2,4
Baboss,blutkessel,192,shaman,restoration,6,2,4
Ðiezz,ysondre,192,shaman,restoration,6,2,4
Vyrá,onyxia,192,shaman,restoration,6,2,4
Pumanii,silvermoon,192,shaman,restoration,6,2,4
Anteja,kazzak,192,shaman,restoration,6,2,4
Totemino,silvermoon,192,shaman,restoration,6,2,4
Voodude,blackrock,192,shaman,restoration,6,2,4
Smightys,kazzak,192,shaman,restoration,6,2,4
Pebble,blackrock,192,shaman,restoration,6,2,4
Chêlëx,silvermoon,192,shaman,restoration,6,2,4
Noxl,gorgonnash,192,shaman,restoration,6,2,4
Hìrnfrost,blackrock,192,shaman,restoration,6,2,4
Oyuun,rajaxx,192,shaman,restoration,6,2,4
Lausimhaus,blackrock,192,shaman,restoration,6,2,4
Ninffø,dun-modr,192,shaman,restoration,20,4,16
Mêkyra,blackmoore,192,shaman,restoration,12,2,10
Samisu,blackmoore,192,shaman,restoration,12,2,10
Saarroo,ravencrest,192,shaman,restoration,12,2,10
Epicoverlord,tarren-mill,192,shaman,restoration,12,2,10
Ekxr,kazzak,192,shaman,restoration,12,2,10
Nêôô,blackrock,192,shaman,restoration,12,2,10
Zënga,kazzak,192,shaman,restoration,12,2,10
Muntark,thrall,192,shaman,restoration,12,2,10
Zeltron,grim-batol,192,shaman,restoration,12,2,10
Ezpz,frostmourne,192,shaman,restoration,12,2,10
Cptnkirby,malganis,192,shaman,restoration,12,2,10
Fatflop,sylvanas,192,shaman,restoration,12,2,10
Zarschu,burning-legion,192,shaman,restoration,12,2,10
Nuekx,sanguino,192,shaman,restoration,12,2,10
Kavyzyoyo,twisting-nether,192,shaman,restoration,12,2,10
Ozzlac,thrall,192,shaman,restoration,12,2,10
Soyun,frostwhisper,192,shaman,restoration,12,2,10
Masham,darkspear,192,shaman,restoration,12,2,10
Kanuw,kilrogg,191,shaman,restoration,6,2,4
Valuriya,blackhand,191,shaman,restoration,6,2,4
Jøw,dun-modr,191,shaman,restoration,6,2,4
Koothe,dun-modr,191,shaman,restoration,6,2,4
Katzubushi,pozzo-delleternità,191,shaman,restoration,12,2,10
Geishablue,defias-brotherhood,191,shaman,restoration,12,2,10
Penumbrah,kazzak,191,shaman,restoration,26,2,24
Zhangliyi,ravencrest,169,shaman,restoration,9,5,4
Säphïr,hyjal,160,shaman,restoration,10,3,7
Ghafo,norgannon,159,shaman,restoration,5,2,3
Jecastyle,sanguino,138,shaman,restoration,8,3,5
Ruzgork,nerzhul,138,shaman,restoration,9,3,6
Mcgrêgor,aegwynn,138,shaman,restoration,15,4,11
Elunaxcc,eredar,137,shaman,restoration,11,4,7
Cardenus,los-errantes,137,shaman,restoration,15,3,12
Belldandý,archimonde,128,shaman,restoration,4,2,2
Shamaray,stormscale,127,shaman,restoration,8,2,6
Deesham,blackmoore,127,shaman,restoration,14,2,12
Rahuna,darksorrow,96,shaman,restoration,6,1,5
Geifmeat,kazzak,96,shaman,restoration,6,1,5
Chênoya,blackrock,96,shaman,restoration,6,1,5
Xilquid,darksorrow,96,shaman,restoration,6,1,5
Kimpa,minahonda,96,shaman,restoration,6,1,5
Smorcxx,kazzak,96,shaman,restoration,6,1,5
Касьянкочка,blackscar,96,shaman,restoration,6,1,5
Zimzalabling,kazzak,96,shaman,restoration,6,1,5
Hotstorm,bronzebeard,96,shaman,restoration,6,1,5
Aguero,aegwynn,96,shaman,restoration,6,1,5
Reflux,outland,96,shaman,restoration,6,1,5
Efdemin,blackmoore,96,shaman,restoration,6,1,5
Девлиниум,fordragon,96,shaman,restoration,6,1,5
Dvrg,antonidas,96,shaman,restoration,6,1,5
Ohheck,outland,96,shaman,restoration,6,1,5
Elchivo,blackrock,96,shaman,restoration,6,1,5
Сатангодхх,howling-fjord,96,shaman,restoration,6,1,5
Lunarsloth,hyjal,96,shaman,restoration,6,1,5
Moonlanced,aegwynn,96,shaman,restoration,6,1,5
Nashashuk,runetotem,96,shaman,restoration,6,1,5
Eclaîr,thrall,96,shaman,restoration,6,1,5
Таззикшок,soulflayer,96,shaman,restoration,6,1,5
Фистинктотем,soulflayer,96,shaman,restoration,6,1,5
Bullit,zuljin,96,shaman,restoration,6,1,5
Shammynox,draenor,96,shaman,restoration,6,1,5
Garulf,twisting-nether,96,shaman,restoration,6,1,5
Try,zuluhed,96,shaman,restoration,6,1,5
Ниарата,greymane,96,shaman,restoration,6,1,5
Shamgott,silvermoon,96,shaman,restoration,6,1,5
Cupído,malganis,96,shaman,restoration,6,1,5
Zethh,antonidas,96,shaman,restoration,6,1,5
Cy,aszune,96,shaman,restoration,6,1,5
Anieszka,malganis,96,shaman,restoration,6,1,5
Energised,alonsus,96,shaman,restoration,6,1,5
Porke,moonglade,96,shaman,restoration,6,1,5
Diabolous,drakthul,96,shaman,restoration,6,1,5
Jaeslin,tarren-mill,96,shaman,restoration,6,1,5
Dälon,thrall,96,shaman,restoration,6,1,5
Cptcutíe,antonidas,96,shaman,restoration,6,1,5
Cirøsham,ravencrest,96,shaman,restoration,6,1,5
Fuchifu,eredar,96,shaman,restoration,6,1,5
Greenbo,burning-blade,96,shaman,restoration,6,1,5
Ulfuz,silvermoon,96,shaman,restoration,6,1,5
Clearwaters,tarren-mill,96,shaman,restoration,6,1,5
Tiamât,culte-de-la-rive-noire,96,shaman,restoration,12,1,11
Freeleys,silvermoon,96,shaman,restoration,12,1,11
Akuha,dun-modr,96,shaman,restoration,12,1,11
Porre,zuljin,96,shaman,restoration,12,1,11
Theodorix,silvermoon,96,shaman,restoration,12,1,11
Anstra,colinas-pardas,96,shaman,restoration,12,1,11
Nizty,tarren-mill,96,shaman,restoration,12,1,11
Aluweckerl,eredar,96,shaman,restoration,12,1,11
Íss,cthun,96,shaman,restoration,12,1,11
Ikeaboy,eredar,96,shaman,restoration,12,1,11
Chunkss,argent-dawn,96,shaman,restoration,12,1,11
Kvelertak,guldan,96,shaman,restoration,18,1,17
Hairball,turalyon,95,shaman,restoration,6,2,4
Twotwozero,defias-brotherhood,95,shaman,restoration,6,1,5
Taiki,sylvanas,90,shaman,restoration,13,4,9
Jamienisme,ravencrest,79,shaman,restoration,5,1,4
Realiz,ysondre,79,shaman,restoration,5,1,4
Drê,daggerspine,64,shaman,restoration,4,1,3
Nowái,tarren-mill,64,shaman,restoration,4,1,3
Destrosoul,kazzak,64,shaman,restoration,4,1,3
Zourhia,garona,48,shaman,restoration,3,1,2
Icanbreathe,ravencrest,42,shaman,restoration,9,2,7
Pandatrials,turalyon,42,shaman,restoration,10,2,8
Strikerz,aggra-português,42,shaman,restoration,11,2,9
Shammez,ravencrest,42,shaman,restoration,11,2,9
Drøgøs,dun-modr,42,shaman,restoration,12,2,10
Rngo,blackrock,2366,shaman,elemental,120,73,47
Rungõo,blackrock,2337,shaman,elemental,120,71,49
Silden,thrall,2303,shaman,elemental,121,72,49
Reibanit,twisting-nether,2284,shaman,elemental,147,86,61
Bärtigeberta,aegwynn,2261,shaman,elemental,78,46,32
Shiggenbasta,kazzak,2255,shaman,elemental,90,52,38
Proccit,blackrock,2226,shaman,elemental,90,50,40
Lexila,doomhammer,2225,shaman,elemental,215,122,93
Eupra,archimonde,2221,shaman,elemental,84,46,38
Drshock,blackmoore,2220,shaman,elemental,107,56,51
Lavaole,blackrock,2185,shaman,elemental,78,42,36
Tommybanger,kazzak,2158,shaman,elemental,75,49,26
Shamanazor,twisting-nether,2153,shaman,elemental,66,41,25
Baldcreep,blackrock,2147,shaman,elemental,54,35,19
Space,stormscale,2144,shaman,elemental,126,66,60
Trickful,kazzak,2136,shaman,elemental,60,42,18
Ghostwolfgg,archimonde,2134,shaman,elemental,66,38,28
Edshearen,stormscale,2127,shaman,elemental,68,42,26
Blyatifulday,malganis,2127,shaman,elemental,96,53,43
Theglue,kilrogg,2124,shaman,elemental,60,36,24
Mcmxcvi,ravencrest,2123,shaman,elemental,77,48,29
Uselesslaso,sanguino,2123,shaman,elemental,100,50,50
Guzzelinare,tarren-mill,2115,shaman,elemental,48,30,18
Smorchamp,sanguino,2110,shaman,elemental,84,44,40
Wisplol,ravencrest,2082,shaman,elemental,178,94,84
Båkka,ysondre,2074,shaman,elemental,54,32,22
Pleasehealme,ravencrest,2067,shaman,elemental,42,33,9
Маигваза,soulflayer,2067,shaman,elemental,54,37,17
Lavayoshi,kazzak,2026,shaman,elemental,72,48,24
Mjorè,twisting-nether,2025,shaman,elemental,97,51,46
Eyi,ambossar,2005,shaman,elemental,92,50,42
Agrero,auchindoun,2004,shaman,elemental,72,39,33
Rottulos,stormrage,2000,shaman,elemental,60,33,27
Ìløvêxÿú,ravencrest,1997,shaman,elemental,66,38,28
Jelvin,tarren-mill,1992,shaman,elemental,60,33,27
Kärríegold,blackrock,1984,shaman,elemental,243,130,113
Autopanne,malganis,1981,shaman,elemental,30,21,9
Onceinalife,ambossar,1978,shaman,elemental,155,83,72
Punished,blackrock,1973,shaman,elemental,101,58,43
Langedinho,stormscale,1957,shaman,elemental,72,35,37
Ryysham,ravencrest,1955,shaman,elemental,75,43,32
Pipousham,blackhand,1954,shaman,elemental,47,26,21
Flanax,hyjal,1951,shaman,elemental,54,36,18
Mèåtbåll,ravencrest,1935,shaman,elemental,59,36,23
Blackyx,cthun,1921,shaman,elemental,54,35,19
Suldaro,aegwynn,1913,shaman,elemental,67,36,31
Owrly,stormscale,1908,shaman,elemental,60,32,28
Matmonai,hyjal,1908,shaman,elemental,72,34,38
Teslashock,outland,1901,shaman,elemental,36,22,14
Nekhros,sargeras,1896,shaman,elemental,145,79,66
Raintlordx,twisting-nether,1894,shaman,elemental,30,25,5
Thyeori,stormscale,1893,shaman,elemental,48,24,24
Woof,culte-de-la-rive-noire,1890,shaman,elemental,42,23,19
Satisfya,ambossar,1889,shaman,elemental,101,53,48
Totemlié,ravencrest,1887,shaman,elemental,42,27,15
Elegodx,ravencrest,1885,shaman,elemental,59,34,25
Nokster,twisting-nether,1880,shaman,elemental,48,32,16
Gungo,deathwing,1880,shaman,elemental,36,20,16
Obryss,tarren-mill,1876,shaman,elemental,36,20,16
Psyku,outland,1875,shaman,elemental,42,20,22
Nevershearx,blackrock,1873,shaman,elemental,48,25,23
Хеллбат,howling-fjord,1869,shaman,elemental,36,24,12
Valgø,twisting-nether,1859,shaman,elemental,124,76,48
Borbor,argent-dawn,1858,shaman,elemental,46,23,23
Tellý,blackmoore,1846,shaman,elemental,53,31,22
Eppîx,lightnings-blade,1844,shaman,elemental,58,29,29
Haumx,blackrock,1844,shaman,elemental,60,29,31
Sajma,silvermoon,1842,shaman,elemental,57,40,17
Élé,twisting-nether,1842,shaman,elemental,48,31,17
Tasoro,sanguino,1840,shaman,elemental,71,34,37
Paulbaniel,alonsus,1837,shaman,elemental,66,32,34
Doyah,eredar,1834,shaman,elemental,54,33,21
Bambustic,kazzak,1833,shaman,elemental,41,25,16
Dräpàrn,sylvanas,1833,shaman,elemental,60,32,28
Pheazka,outland,1829,shaman,elemental,59,29,30
Crazyshaman,ravencrest,1829,shaman,elemental,53,26,27
Hugebuttman,silvermoon,1829,shaman,elemental,78,37,41
Crespó,alakir,1827,shaman,elemental,54,25,29
Transcendent,malorne,1826,shaman,elemental,84,63,21
Kæzx,blackrock,1822,shaman,elemental,78,45,33
Ejx,arthas,1821,shaman,elemental,52,30,22
Fabslx,archimonde,1821,shaman,elemental,81,36,45
Novoz,ysondre,1819,shaman,elemental,59,31,28
Raknoxye,blackrock,1816,shaman,elemental,36,28,8
Murdá,ravencrest,1815,shaman,elemental,60,29,31
Achtungblitz,blackrock,1813,shaman,elemental,42,33,9
Штормкрашер,howling-fjord,1810,shaman,elemental,48,30,18
Chamel,draenor,1808,shaman,elemental,30,19,11
Kenaz,outland,1808,shaman,elemental,37,22,15
Kailash,defias-brotherhood,1808,shaman,elemental,54,26,28
Smorclelx,khadgar,1807,shaman,elemental,158,83,75
Nykhara,sanguino,1805,shaman,elemental,54,30,24
Barbarra,stormscale,1802,shaman,elemental,54,28,26
Lianitus,tarren-mill,1802,shaman,elemental,58,30,28
Eledelede,blackhand,1801,shaman,elemental,48,28,20
Burstraze,tarren-mill,1801,shaman,elemental,58,32,26
Jøhnnwick,archimonde,1801,shaman,elemental,53,27,26
Spajry,drakthul,1800,shaman,elemental,48,32,16
Nalaadu,stormscale,1800,shaman,elemental,42,26,16
Sïmp,blackrock,1798,shaman,elemental,24,19,5
Iavalavalava,tarren-mill,1792,shaman,elemental,42,21,21
Psÿkz,kazzak,1790,shaman,elemental,57,25,32
Healyoa,blackmoore,1786,shaman,elemental,147,71,76
Pitsamestari,frostmane,1780,shaman,elemental,122,68,54
Monsuunibaba,tarren-mill,1777,shaman,elemental,51,26,25
Naskezz,kazzak,1776,shaman,elemental,89,42,47
Suirz,dun-modr,1774,shaman,elemental,59,40,19
Anqe,twisting-nether,1772,shaman,elemental,78,39,39
Zaledria,argent-dawn,1770,shaman,elemental,54,35,19
Euprâ,archimonde,1767,shaman,elemental,35,22,13
Hothand,thrall,1764,shaman,elemental,42,21,21
Volcanò,outland,1763,shaman,elemental,193,95,98
Шумноватт,howling-fjord,1753,shaman,elemental,48,23,25
Voydetesto,sanguino,1753,shaman,elemental,84,39,45
Rungozvs,blackrock,1745,shaman,elemental,42,25,17
Pxsquals,ravencrest,1743,shaman,elemental,48,28,20
Earthhulk,thrall,1739,shaman,elemental,42,27,15
Earthtjockis,ragnaros,1739,shaman,elemental,41,20,21
Prêxy,kazzak,1737,shaman,elemental,47,21,26
Vivaldi,varimathras,1734,shaman,elemental,42,21,21
Hanatopikeur,grim-batol,1728,shaman,elemental,35,19,16
Djlavaburst,malganis,1718,shaman,elemental,203,99,104
Starelement,draenor,1716,shaman,elemental,42,18,24
Ungabungha,stormscale,1714,shaman,elemental,114,66,48
Jamzyshaman,emerald-dream,1713,shaman,elemental,30,19,11
Totemlyhot,blackrock,1713,shaman,elemental,48,28,20
Ðreamz,kaelthas,1713,shaman,elemental,42,21,21
Nyzo,tarren-mill,1711,shaman,elemental,36,18,18
Nöyrä,argent-dawn,1710,shaman,elemental,36,25,11
Карбонатрикс,soulflayer,1710,shaman,elemental,41,24,17
Xtremeshaman,blackmoore,1709,shaman,elemental,24,18,6
Mezzoblu,sanguino,1706,shaman,elemental,168,90,78
Чойсе,deathguard,1706,shaman,elemental,81,39,42
Дашажмихекс,howling-fjord,1704,shaman,elemental,42,24,18
Xorron,archimonde,1702,shaman,elemental,113,53,60
Houmpf,hyjal,1697,shaman,elemental,36,20,16
Thorleíf,silvermoon,1693,shaman,elemental,78,38,40
Lavatherapy,grim-batol,1689,shaman,elemental,60,34,26
Braíntas,norgannon,1686,shaman,elemental,84,39,45
Chênoya,blackrock,1684,shaman,elemental,73,30,43
Seriux,twisting-nether,1683,shaman,elemental,42,29,13
Sáàd,ravencrest,1681,shaman,elemental,42,20,22
Lantbruk,twisting-nether,1676,shaman,elemental,40,23,17
Kohnân,hyjal,1676,shaman,elemental,54,27,27
Zest,hyjal,1672,shaman,elemental,53,26,27
Huyø,stormscale,1671,shaman,elemental,84,38,46
Obesisham,outland,1670,shaman,elemental,54,22,32
Naorgot,uldaman,1669,shaman,elemental,84,38,46
Козаностро,howling-fjord,1668,shaman,elemental,30,19,11
Regnever,draenor,1667,shaman,elemental,125,53,72
Esal,blackrock,1665,shaman,elemental,31,21,10
Faridstreng,blackmoore,1661,shaman,elemental,30,21,9
Smashz,stormscale,1661,shaman,elemental,81,44,37
Elrayitos,shendralar,1659,shaman,elemental,114,63,51
Daemp,draenor,1658,shaman,elemental,24,18,6
Agreró,auchindoun,1658,shaman,elemental,27,19,8
Sourens,twisting-nether,1656,shaman,elemental,39,20,19
Deeck,ravencrest,1651,shaman,elemental,77,50,27
Malybou,ysondre,1651,shaman,elemental,36,18,18
Liluzivert,mannoroth,1648,shaman,elemental,35,20,15
Электро,thermaplugg,1648,shaman,elemental,47,24,23
Sunsong,twisting-nether,1642,shaman,elemental,54,30,24
Axahavregryn,kazzak,1640,shaman,elemental,66,40,26
Urshak,alleria,1639,shaman,elemental,36,24,12
Zaarok,voljin,1639,shaman,elemental,91,41,50
Кирагаз,gordunni,1637,shaman,elemental,64,32,32
Dakyele,ravencrest,1636,shaman,elemental,35,20,15
Proccq,twisting-nether,1632,shaman,elemental,34,18,16
Tteïl,archimonde,1629,shaman,elemental,54,30,24
Rrtyui,twisting-nether,1628,shaman,elemental,30,17,13
Shåmssagat,kazzak,1627,shaman,elemental,36,17,19
Testpapi,twisting-nether,1618,shaman,elemental,75,42,33
Microb,blackmoore,1617,shaman,elemental,48,26,22
Basiletta,hyjal,1613,shaman,elemental,49,34,15
Ânuk,blackrock,1612,shaman,elemental,162,78,84
Ангустиа,galakrond,1610,shaman,elemental,29,20,9
Vanrake,ravencrest,1610,shaman,elemental,78,44,34
Kemurus,kazzak,1610,shaman,elemental,77,42,35
Shibol,ravencrest,1609,shaman,elemental,46,23,23
Aviciix,sanguino,1605,shaman,elemental,84,36,48
Connecting,hyjal,1604,shaman,elemental,36,19,17
Mcbloob,kazzak,1602,shaman,elemental,70,36,34
Zðhan,azshara,1599,shaman,elemental,34,20,14
Adamyo,stormscale,1598,shaman,elemental,36,17,19
Elektron,malganis,1597,shaman,elemental,90,46,44
Lavalava,blackmoore,1596,shaman,elemental,42,22,20
Jâydizzle,draenor,1594,shaman,elemental,101,42,59
Shamatto,nemesis,1593,shaman,elemental,58,37,21
Wàve,stormscale,1593,shaman,elemental,36,18,18
Løun,archimonde,1588,shaman,elemental,66,36,30
Гудлаик,soulflayer,1584,shaman,elemental,58,32,26
Ашьф,gordunni,1583,shaman,elemental,35,17,18
Kapïtão,aggra-português,1579,shaman,elemental,36,19,17
Brugdar,tarren-mill,1574,shaman,elemental,30,22,8
Xelphia,frostmane,1574,shaman,elemental,35,17,18
Twiva,silvermoon,1572,shaman,elemental,76,45,31
Blízzilassø,malygos,1572,shaman,elemental,179,93,86
Anøüchkä,ysondre,1572,shaman,elemental,42,21,21
Solosüper,ravencrest,1572,shaman,elemental,42,19,23
Neotrax,outland,1571,shaman,elemental,60,31,29
Афтршок,soulflayer,1570,shaman,elemental,39,19,20
Haasshaman,ravencrest,1568,shaman,elemental,109,47,62
Robofat,ravencrest,1564,shaman,elemental,36,21,15
Тессельхоф,howling-fjord,1564,shaman,elemental,46,23,23
Shocknrun,sylvanas,1559,shaman,elemental,42,18,24
Harod,suramar,1558,shaman,elemental,66,34,32
Hapkin,defias-brotherhood,1558,shaman,elemental,54,27,27
Òoòoòoòoòoòo,silvermoon,1557,shaman,elemental,48,21,27
Canjo,aegwynn,1550,shaman,elemental,63,33,30
Waaghbozz,eredar,1547,shaman,elemental,66,38,28
Incredibade,stormscale,1542,shaman,elemental,36,20,16
Acces,stormscale,1541,shaman,elemental,30,20,10
Rennji,argent-dawn,1540,shaman,elemental,48,24,24
Мистеркутёж,gordunni,1537,shaman,elemental,71,35,36
Batan,kazzak,1535,shaman,elemental,71,31,40
Kankxx,stormscale,1534,shaman,elemental,24,16,8
Stickix,malganis,1529,shaman,elemental,24,16,8
Yiiro,argent-dawn,1529,shaman,elemental,30,16,14
Feetenjoyerx,kazzak,1529,shaman,elemental,30,16,14
Gúîtårgøð,sanguino,1529,shaman,elemental,36,17,19
Lilmarco,stormreaver,1526,shaman,elemental,36,16,20
Johncoltrane,archimonde,1525,shaman,elemental,24,18,6
Дестройбэйби,gordunni,1525,shaman,elemental,78,46,32
Davinshhe,kazzak,1525,shaman,elemental,36,16,20
Essneces,burning-legion,1523,shaman,elemental,36,18,18
Jímmy,frostwhisper,1518,shaman,elemental,48,30,18
Máui,korgall,1518,shaman,elemental,96,49,47
Mariomental,draenor,1517,shaman,elemental,36,16,20
Fattmorte,hyjal,1516,shaman,elemental,21,17,4
Fúth,ysondre,1516,shaman,elemental,52,28,24
Pórçé,shattered-hand,1515,shaman,elemental,125,70,55
Zna,archimonde,1513,shaman,elemental,94,48,46
Belsazar,frostwolf,1511,shaman,elemental,48,20,28
Тыщатристах,howling-fjord,1505,shaman,elemental,56,38,18
Милфшама,blackscar,1505,shaman,elemental,35,17,18
Reignisover,silvermoon,1504,shaman,elemental,39,21,18
Zoomar,tarren-mill,1503,shaman,elemental,30,16,14
Shammyammy,tarren-mill,1502,shaman,elemental,81,44,37
Naturexz,silvermoon,1495,shaman,elemental,32,18,14
Хэйзл,ashenvale,1490,shaman,elemental,44,25,19
Voltyum,zuljin,1490,shaman,elemental,81,32,49
Касикандрэра,soulflayer,1488,shaman,elemental,192,101,91
Magnetoe,ravencrest,1480,shaman,elemental,66,34,32
Shaakez,kazzak,1476,shaman,elemental,35,17,18
Hemradi,blackmoore,1467,shaman,elemental,36,23,13
Ralokar,blackrock,1465,shaman,elemental,48,25,23
Valunii,lordaeron,1465,shaman,elemental,195,90,105
Alèks,forscherliga,1461,shaman,elemental,86,53,33
Bigrambo,draenor,1460,shaman,elemental,41,20,21
Teccatwo,outland,1458,shaman,elemental,52,28,24
Гексанол,soulflayer,1457,shaman,elemental,58,30,28
Athul,theradras,1456,shaman,elemental,43,23,20
Mikecrybaby,tarren-mill,1454,shaman,elemental,36,16,20
Томёрк,gordunni,1448,shaman,elemental,118,55,63
Sgf,stormscale,1445,shaman,elemental,47,25,22
Faydasizsham,twisting-nether,1440,shaman,elemental,52,27,25
Çð,ravencrest,1439,shaman,elemental,30,15,15
Lafia,blackrock,1438,shaman,elemental,60,21,39
Baarona,neptulon,1434,shaman,elemental,27,17,10
Thëtis,chogall,1434,shaman,elemental,28,16,12
Ædshearan,blackmoore,1434,shaman,elemental,60,30,30
Тмх,ashenvale,1431,shaman,elemental,38,20,18
Skrbkic,tarren-mill,1429,shaman,elemental,91,48,43
Murmelï,stormreaver,1427,shaman,elemental,18,15,3
Cracklord,outland,1427,shaman,elemental,30,17,13
Amanishama,twisting-nether,1426,shaman,elemental,78,43,35
Alwaysangry,silvermoon,1425,shaman,elemental,78,37,41
Wylly,aegwynn,1418,shaman,elemental,24,15,9
Tvådje,silvermoon,1407,shaman,elemental,29,16,13
Ласара,eversong,1406,shaman,elemental,36,15,21
Flubberman,blackrock,1402,shaman,elemental,33,18,15
Olawizard,draenor,1401,shaman,elemental,43,22,21
Nerekiclej,ravencrest,1400,shaman,elemental,41,23,18
Støya,archimonde,1400,shaman,elemental,48,18,30
Sniffix,ysondre,1395,shaman,elemental,121,56,65
Xesti,twisting-nether,1394,shaman,elemental,63,32,31
Kimpa,minahonda,1393,shaman,elemental,78,44,34
Torouk,rashgarroth,1393,shaman,elemental,30,16,14
Сепич,gordunni,1389,shaman,elemental,54,32,22
Couldar,stormscale,1387,shaman,elemental,24,16,8
Furrymane,blackmoore,1382,shaman,elemental,51,27,24
Rekhtar,burning-legion,1381,shaman,elemental,134,74,60
Bangou,archimonde,1380,shaman,elemental,45,22,23
Vulcainn,marécage-de-zangar,1374,shaman,elemental,93,59,34
Rohknar,ragnaros,1374,shaman,elemental,30,17,13
Sojee,ysondre,1367,shaman,elemental,36,16,20
Думсия,gordunni,1359,shaman,elemental,37,15,22
Chøurøx,hyjal,1358,shaman,elemental,37,21,16
Rakzhaza,blackmoore,1351,shaman,elemental,36,18,18
Sunraiser,blackmoore,1349,shaman,elemental,67,36,31
Screwz,archimonde,1348,shaman,elemental,73,36,37
Tempest,kul-tiras,1346,shaman,elemental,41,23,18
Blancc,kazzak,1346,shaman,elemental,84,47,37
Kirak,anetheron,1346,shaman,elemental,102,51,51
Nowmack,archimonde,1343,shaman,elemental,18,14,4
Tâsty,blackmoore,1343,shaman,elemental,24,14,10
Volhalo,blackmoore,1343,shaman,elemental,24,14,10
Херург,soulflayer,1342,shaman,elemental,30,14,16
Horizons,the-maelstrom,1338,shaman,elemental,24,14,10
Sshaasam,tarren-mill,1337,shaman,elemental,24,14,10
Fâro,dun-modr,1335,shaman,elemental,41,18,23
Lêmberger,eredar,1330,shaman,elemental,30,15,15
Smort,frostwolf,1320,shaman,elemental,30,14,16
Ulfax,argent-dawn,1319,shaman,elemental,36,14,22
Elemefayo,outland,1318,shaman,elemental,30,15,15
Carusø,thrall,1315,shaman,elemental,55,34,21
Bâllz,anetheron,1314,shaman,elemental,54,23,31
Doneteasy,blackrock,1310,shaman,elemental,52,24,28
Флоррэт,gordunni,1310,shaman,elemental,120,53,67
Lechirurgien,elune,1307,shaman,elemental,144,73,71
Aldonatello,blackrock,1306,shaman,elemental,30,17,13
Élémentyum,archimonde,1306,shaman,elemental,42,18,24
Zengã,kazzak,1304,shaman,elemental,35,14,21
Hotis,onyxia,1302,shaman,elemental,42,14,28
Lavamann,blackmoore,1295,shaman,elemental,42,20,22
Alfang,turalyon,1294,shaman,elemental,41,16,25
Dropdattotem,stormscale,1292,shaman,elemental,54,23,31
Griins,ravencrest,1289,shaman,elemental,36,20,16
Dëlkö,ravencrest,1286,shaman,elemental,36,16,20
Hatyatya,ragnaros,1284,shaman,elemental,30,16,14
Elshifotrem,throkferoth,1282,shaman,elemental,52,28,24
Noyá,argent-dawn,1280,shaman,elemental,36,17,19
Snusyy,ravencrest,1279,shaman,elemental,26,14,12
Xfiles,garona,1278,shaman,elemental,48,24,24
Onlyfansmod,uldum,1278,shaman,elemental,65,28,37
Tiqle,blackmoore,1277,shaman,elemental,65,31,34
Apolomaeuz,frostwolf,1267,shaman,elemental,53,26,27
Blackmuamba,tarren-mill,1264,shaman,elemental,66,36,30
Blackyx,dun-modr,1247,shaman,elemental,18,13,5
Dretch,dun-morogh,1247,shaman,elemental,24,13,11
Ludo,lothar,1246,shaman,elemental,22,14,8
Starpior,stormscale,1246,shaman,elemental,33,14,19
Quizx,blackrock,1245,shaman,elemental,60,25,35
Гивми,blackscar,1244,shaman,elemental,22,14,8
Aspên,archimonde,1244,shaman,elemental,24,13,11
Fullavaids,grim-batol,1243,shaman,elemental,24,13,11
Gagné,hyjal,1239,shaman,elemental,24,13,11
Pawsh,dun-modr,1238,shaman,elemental,51,24,27
Makgoa,ysondre,1237,shaman,elemental,18,13,5
Лукаджун,howling-fjord,1231,shaman,elemental,18,13,5
Vladraxes,draenor,1222,shaman,elemental,18,13,5
Gorpdorp,ravencrest,1222,shaman,elemental,98,51,47
Bigheal,quelthalas,1222,shaman,elemental,30,13,17
Dawzed,hyjal,1221,shaman,elemental,24,13,11
Waterboi,blackmoore,1219,shaman,elemental,24,13,11
Эфирад,blackscar,1217,shaman,elemental,103,51,52
Сосмыслом,howling-fjord,1217,shaman,elemental,30,13,17
Сарцек,howling-fjord,1215,shaman,elemental,48,28,20
Tiamât,culte-de-la-rive-noire,1215,shaman,elemental,66,34,32
Maggoshishi,blackmoore,1214,shaman,elemental,66,34,32
Roxìe,blackmoore,1207,shaman,elemental,18,13,5
Bigboisham,outland,1202,shaman,elemental,65,28,37
Mö,ragnaros,1193,shaman,elemental,78,38,40
Märthalouise,twisting-nether,1191,shaman,elemental,29,15,14
Scot,blackhand,1191,shaman,elemental,29,13,16
Targoel,blackmoore,1190,shaman,elemental,35,13,22
Valdera,dun-morogh,1189,shaman,elemental,24,14,10
Scurvy,malganis,1179,shaman,elemental,128,66,62
Procdaddy,eredar,1170,shaman,elemental,42,14,28
Крто,thermaplugg,1169,shaman,elemental,54,28,26
Zhinjo,kazzak,1166,shaman,elemental,36,19,17
Фистинктотем,soulflayer,1162,shaman,elemental,35,16,19
Велгур,soulflayer,1161,shaman,elemental,50,23,27
Azmerloth,outland,1152,shaman,elemental,18,12,6
Neverplayele,kazzak,1151,shaman,elemental,24,12,12
Georgewhat,defias-brotherhood,1151,shaman,elemental,24,12,12
Ogkûshgödx,sylvanas,1150,shaman,elemental,18,12,6
Bûsta,ravencrest,1150,shaman,elemental,24,12,12
Nobrac,rajaxx,1150,shaman,elemental,24,12,12
Мэморисс,gordunni,1149,shaman,elemental,24,12,12
Justweirdaf,blackmoore,1148,shaman,elemental,45,20,25
Nachtary,blackmoore,1147,shaman,elemental,18,12,6
Muscade,silvermoon,1147,shaman,elemental,18,12,6
Legended,tarren-mill,1147,shaman,elemental,24,12,12
Дзод,deathweaver,1146,shaman,elemental,24,12,12
Diaba,sylvanas,1146,shaman,elemental,24,12,12
Dzielnysham,silvermoon,1145,shaman,elemental,21,13,8
Headthirst,ragnaros,1145,shaman,elemental,24,12,12
Skeiilz,hyjal,1142,shaman,elemental,30,12,18
Voymir,kazzak,1138,shaman,elemental,18,12,6
Oddsocks,stormscale,1138,shaman,elemental,37,15,22
Boxo,frostwolf,1137,shaman,elemental,70,38,32
Leash,blackmoore,1137,shaman,elemental,24,12,12
Дрекрош,howling-fjord,1136,shaman,elemental,37,14,23
Mòra,silvermoon,1134,shaman,elemental,35,15,20
Djent,outland,1133,shaman,elemental,24,12,12
Bowtenstorm,ravencrest,1120,shaman,elemental,25,16,9
Farùk,ravencrest,1102,shaman,elemental,21,13,8
Озверею,goldrinn,1090,shaman,elemental,24,14,10
Kneggebrot,blackmoore,1090,shaman,elemental,27,13,14
Aureo,dun-modr,1085,shaman,elemental,22,12,10
Gnark,dun-modr,1078,shaman,elemental,26,15,11
Ankzul,exodar,1067,shaman,elemental,38,12,26
Cleandann,stormscale,1063,shaman,elemental,27,12,15
Nyed,hyjal,1056,shaman,elemental,18,11,7
Replicusele,doomhammer,1056,shaman,elemental,18,11,7
Trixxsham,twisting-nether,1056,shaman,elemental,18,11,7
Matmons,hyjal,1056,shaman,elemental,24,11,13
Gojõ,dun-modr,1055,shaman,elemental,24,11,13
Cismine,twisting-nether,1054,shaman,elemental,16,12,4
Porthex,kazzak,1054,shaman,elemental,18,11,7
Aylar,zenedar,1054,shaman,elemental,18,11,7
Furthehorde,frostmane,1054,shaman,elemental,18,11,7
Bigfrigid,outland,1054,shaman,elemental,24,11,13
Èrò,blackhand,1053,shaman,elemental,24,11,13
Manaphi,arthas,1052,shaman,elemental,24,11,13
Naphe,ysondre,1052,shaman,elemental,30,11,19
Whizjy,sanguino,1051,shaman,elemental,18,11,7
Louler,ragnaros,1049,shaman,elemental,24,11,13
Kylas,die-ewige-wacht,1047,shaman,elemental,18,11,7
Superkee,kazzak,1047,shaman,elemental,143,69,74
Tpainx,kazzak,1043,shaman,elemental,24,11,13
Mynutz,outland,1043,shaman,elemental,36,11,25
Альтегро,blackscar,1040,shaman,elemental,24,11,13
Jagblade,neptulon,1039,shaman,elemental,22,12,10
Kapplos,gorgonnash,1039,shaman,elemental,23,11,12
Магмарончик,gordunni,1035,shaman,elemental,60,21,39
Laquium,blackmoore,1032,shaman,elemental,37,15,22
Goromar,kirin-tor,1031,shaman,elemental,79,31,48
Ormanthep,hyjal,1029,shaman,elemental,18,11,7
Flochy,argent-dawn,1027,shaman,elemental,53,31,22
Magath,nethersturm,1027,shaman,elemental,24,11,13
Bluéshirtguy,blackhand,1020,shaman,elemental,30,14,16
Treizelol,ysondre,1014,shaman,elemental,24,11,13
Zanyun,burning-legion,988,shaman,elemental,26,11,15
Thunderstryk,sylvanas,985,shaman,elemental,54,27,27
Hugzy,argent-dawn,977,shaman,elemental,36,20,16
Aslakki,turalyon,975,shaman,elemental,42,11,31
Shrmful,dun-modr,960,shaman,elemental,12,10,2
Nëllaqt,archimonde,960,shaman,elemental,18,10,8
Kilazz,twisting-nether,960,shaman,elemental,18,10,8
Theodorix,silvermoon,960,shaman,elemental,24,10,14
Dumpaman,frostmane,959,shaman,elemental,18,10,8
Milotem,ysondre,959,shaman,elemental,18,10,8
Rawside,thrall,959,shaman,elemental,24,10,14
Xereús,kazzak,959,shaman,elemental,28,11,17
Blover,drakthul,958,shaman,elemental,12,10,2
Ðãvê,veknilash,958,shaman,elemental,18,10,8
Kønat,blackmoore,958,shaman,elemental,24,10,14
Minasa,saurfang,958,shaman,elemental,30,10,20
Руннольв,galakrond,957,shaman,elemental,18,10,8
Raïgo,hyjal,957,shaman,elemental,18,10,8
Atuaßëlha,grim-batol,957,shaman,elemental,24,10,14
Jazzrod,stormscale,957,shaman,elemental,24,10,14
Elevlach,drakthul,957,shaman,elemental,30,10,20
Гидрокорыто,gordunni,956,shaman,elemental,18,10,8
Saqerr,kazzak,956,shaman,elemental,24,10,14
Nolawii,ragnaros,955,shaman,elemental,18,10,8
Klunkespiser,stormscale,955,shaman,elemental,24,10,14
Xhahal,hyjal,952,shaman,elemental,12,10,2
Unangemessen,silvermoon,951,shaman,elemental,18,10,8
Ххенеси,soulflayer,947,shaman,elemental,24,10,14
Zbysiu,ravencrest,938,shaman,elemental,24,10,14
Smorcxx,kazzak,934,shaman,elemental,30,10,20
Orishimaru,blackrock,932,shaman,elemental,23,10,13
Klicken,tarren-mill,926,shaman,elemental,17,10,7
Федосик,galakrond,922,shaman,elemental,36,15,21
Шоу,gordunni,906,shaman,elemental,27,11,16
Monstermunch,ravencrest,903,shaman,elemental,34,11,23
Ximid,doomhammer,897,shaman,elemental,71,31,40
Ríleyx,twisting-nether,889,shaman,elemental,17,10,7
Tukino,burning-legion,864,shaman,elemental,12,9,3
Foxxyluv,stormscale,864,shaman,elemental,12,9,3
Инимал,deathweaver,864,shaman,elemental,12,9,3
Rolftheswine,defias-brotherhood,864,shaman,elemental,12,9,3
Plazmorc,stormscale,864,shaman,elemental,12,9,3
ßaraky,kazzak,864,shaman,elemental,12,9,3
Kelvok,silvermoon,864,shaman,elemental,18,9,9
Elvalya,archimonde,864,shaman,elemental,18,9,9
Jøhnwick,ysondre,864,shaman,elemental,18,9,9
Kwanah,kaelthas,864,shaman,elemental,18,9,9
Blush,blackhand,864,shaman,elemental,24,9,15
Gammeldunder,shattered-hand,864,shaman,elemental,30,9,21
Homesickx,blackrock,863,shaman,elemental,12,9,3
Navyblue,sylvanas,863,shaman,elemental,18,9,9
Drainergødx,ragnaros,863,shaman,elemental,18,9,9
Luzzilol,garrosh,863,shaman,elemental,18,9,9
Рэйвантотем,soulflayer,862,shaman,elemental,18,9,9
Shkook,archimonde,862,shaman,elemental,24,9,15
Bunnz,kazzak,861,shaman,elemental,12,9,3
Xiomora,argent-dawn,860,shaman,elemental,18,9,9
Djbruggìe,bloodhoof,860,shaman,elemental,24,9,15
Beefnale,bladefist,859,shaman,elemental,30,9,21
Штормбайт,azuregos,858,shaman,elemental,12,9,3
Naix,silvermoon,858,shaman,elemental,24,9,15
Nïà,kaelthas,854,shaman,elemental,20,9,11
Незнаком,booty-bay,811,shaman,elemental,30,12,18
Holdafstand,tarren-mill,798,shaman,elemental,14,9,5
Jåime,ravencrest,768,shaman,elemental,12,8,4
Ezala,blackhand,768,shaman,elemental,12,8,4
Grapefruit,blackmoore,768,shaman,elemental,12,8,4
Flam,outland,768,shaman,elemental,12,8,4
Visboer,stormscale,768,shaman,elemental,12,8,4
Strór,twisting-nether,768,shaman,elemental,12,8,4
Stromdi,azshara,768,shaman,elemental,16,9,7
Mehboul,hyjal,768,shaman,elemental,18,8,10
Кислаябуба,howling-fjord,768,shaman,elemental,18,8,10
Thundergødx,nemesis,768,shaman,elemental,18,8,10
Retuu,uldaman,768,shaman,elemental,18,8,10
Lathisi,zenedar,768,shaman,elemental,19,8,11
Thorunir,sylvanas,768,shaman,elemental,24,8,16
Yang,der-rat-von-dalaran,767,shaman,elemental,12,8,4
Hobblefoot,stormscale,767,shaman,elemental,12,8,4
Sinirli,ravencrest,767,shaman,elemental,18,8,10
Totempoo,the-maelstrom,766,shaman,elemental,12,8,4
Grambozz,blackrock,765,shaman,elemental,12,8,4
Parthon,ravencrest,765,shaman,elemental,12,8,4
Thrallotido,sanguino,765,shaman,elemental,30,8,22
Itsnasty,blackmoore,753,shaman,elemental,18,8,10
Arabesk,arygos,748,shaman,elemental,23,8,15
Соленый,booty-bay,744,shaman,elemental,110,45,65
Экслайнер,deathweaver,713,shaman,elemental,29,10,19
Boiblaster,argent-dawn,703,shaman,elemental,11,8,3
Wacomtablet,kazzak,703,shaman,elemental,11,8,3
Fàkecast,outland,702,shaman,elemental,22,8,14
Thatamazing,korgall,695,shaman,elemental,15,8,7
Шиока,borean-tundra,685,shaman,elemental,13,9,4
Dòrfy,silvermoon,672,shaman,elemental,12,7,5
Eneru,nemesis,672,shaman,elemental,12,7,5
Shamandoino,wildhammer,672,shaman,elemental,12,7,5
Bosslikex,ravencrest,672,shaman,elemental,12,7,5
Yraxara,draenor,672,shaman,elemental,12,7,5
Dócshock,blackmoore,672,shaman,elemental,12,7,5
Preciousxo,auchindoun,672,shaman,elemental,12,7,5
Kæde,dun-morogh,672,shaman,elemental,12,7,5
Koífish,ravencrest,672,shaman,elemental,12,7,5
Fakehex,blackrock,672,shaman,elemental,12,7,5
Jehae,archimonde,672,shaman,elemental,12,7,5
Rockstéady,outland,672,shaman,elemental,12,7,5
Hekzen,tarren-mill,672,shaman,elemental,12,7,5
Eðualc,hyjal,672,shaman,elemental,12,7,5
Thordes,forscherliga,672,shaman,elemental,12,7,5
Labûche,chogall,672,shaman,elemental,12,7,5
Гарбаджи,galakrond,672,shaman,elemental,12,7,5
Ehlaina,outland,672,shaman,elemental,12,7,5
Vamali,draenor,672,shaman,elemental,12,7,5
Bigblué,tarren-mill,672,shaman,elemental,12,7,5
Reburdacoxis,sanguino,672,shaman,elemental,12,7,5
Chinozukems,sanguino,672,shaman,elemental,12,7,5
Shammehboi,auchindoun,672,shaman,elemental,15,8,7
Rexonaone,silvermoon,672,shaman,elemental,18,7,11
Paidactor,kazzak,672,shaman,elemental,18,7,11
Endry,elune,672,shaman,elemental,18,7,11
Дваллинн,gordunni,672,shaman,elemental,18,7,11
Djogg,sunstrider,672,shaman,elemental,18,7,11
Thriveqt,nemesis,672,shaman,elemental,24,7,17
Dando,silvermoon,671,shaman,elemental,12,7,5
Baschúrr,blackrock,671,shaman,elemental,15,8,7
Рокутаро,gordunni,670,shaman,elemental,12,7,5
Dðt,stormscale,670,shaman,elemental,13,7,6
Kiirø,ysondre,666,shaman,elemental,12,7,5
Lavalampa,magtheridon,665,shaman,elemental,12,7,5
Watson,conseil-des-ombres,660,shaman,elemental,18,7,11
Takkenuma,hyjal,640,shaman,elemental,22,7,15
Blyátmán,twisting-nether,638,shaman,elemental,14,8,6
Pvpshaman,aszune,638,shaman,elemental,17,7,10
Yalac,archimonde,637,shaman,elemental,14,8,6
Айвимэдисон,howling-fjord,623,shaman,elemental,17,7,10
Вудвин,soulflayer,621,shaman,elemental,26,7,19
Easyplay,kazzak,607,shaman,elemental,14,7,7
Captaînhuge,dunemaul,576,shaman,elemental,6,6,0
Trastamar,dun-modr,576,shaman,elemental,6,6,0
Lavelover,tarren-mill,576,shaman,elemental,6,6,0
Cïgänää,archimonde,576,shaman,elemental,12,6,6
Gomoth,kazzak,576,shaman,elemental,12,6,6
Yzeldan,hyjal,576,shaman,elemental,12,6,6
Totemkahmun,kazzak,576,shaman,elemental,12,6,6
Windfúhrèr,tarren-mill,576,shaman,elemental,12,6,6
Forrak,argent-dawn,576,shaman,elemental,12,6,6
Windspêaker,outland,576,shaman,elemental,12,6,6
Shayal,defias-brotherhood,576,shaman,elemental,12,6,6
Шлолка,gordunni,576,shaman,elemental,12,6,6
Jacklupin,ravencrest,576,shaman,elemental,12,6,6
Веег,deathweaver,576,shaman,elemental,12,6,6
Jíkkz,aegwynn,576,shaman,elemental,12,6,6
Simppe,stormreaver,576,shaman,elemental,12,6,6
Шутках,gordunni,576,shaman,elemental,12,6,6
Eddiemorphin,kazzak,576,shaman,elemental,12,6,6
Linshock,tarren-mill,576,shaman,elemental,12,6,6
Electronova,magtheridon,576,shaman,elemental,12,6,6
Localicious,ragnaros,576,shaman,elemental,12,6,6
Nerdshockz,blackhand,576,shaman,elemental,12,6,6
Dsgrc,tarren-mill,576,shaman,elemental,18,6,12
Unding,azshara,576,shaman,elemental,24,6,18
Helloitsmee,thrall,575,shaman,elemental,12,6,6
Syndia,das-konsortium,575,shaman,elemental,12,6,6
Layonne,ysondre,575,shaman,elemental,12,6,6
Fosterzz,ravencrest,575,shaman,elemental,18,6,12
Drækthør,thrall,574,shaman,elemental,13,8,5
Derblitz,baelgun,574,shaman,elemental,12,6,6
Fimir,archimonde,573,shaman,elemental,12,6,6
Zuman,the-maelstrom,573,shaman,elemental,12,6,6
Louisvgaal,kazzak,572,shaman,elemental,12,6,6
Isheartears,outland,543,shaman,elemental,11,6,5
Rezervoir,bladefist,522,shaman,elemental,15,9,6
Turbokrapka,tarren-mill,522,shaman,elemental,17,8,9
Cloony,khaz-modan,480,shaman,elemental,6,5,1
Squixi,tarren-mill,480,shaman,elemental,6,5,1
Elemane,kazzak,480,shaman,elemental,6,5,1
Efdemin,blackmoore,480,shaman,elemental,6,5,1
Minimalist,stormscale,480,shaman,elemental,6,5,1
Hexina,ragnaros,480,shaman,elemental,6,5,1
Bumstead,ragnaros,480,shaman,elemental,6,5,1
Izosha,hyjal,480,shaman,elemental,6,5,1
Эртирон,howling-fjord,480,shaman,elemental,6,5,1
ßakingsoda,tarren-mill,480,shaman,elemental,6,5,1
Phobiatics,thrall,480,shaman,elemental,6,5,1
Смоуктли,howling-fjord,480,shaman,elemental,6,5,1
Oldaang,ravencrest,480,shaman,elemental,6,5,1
Меменосный,gordunni,480,shaman,elemental,6,5,1
Highfaî,tarren-mill,480,shaman,elemental,6,5,1
Тандерхх,howling-fjord,480,shaman,elemental,6,5,1
Rhonix,blackmoore,480,shaman,elemental,6,5,1
Shambulançe,silvermoon,480,shaman,elemental,6,5,1
Lovelyshaman,silvermoon,480,shaman,elemental,7,5,2
Neystee,archimonde,480,shaman,elemental,12,5,7
Loshohealva,stormscale,480,shaman,elemental,12,5,7
Бумбумпаузр,borean-tundra,480,shaman,elemental,12,5,7
Matmodir,hyjal,480,shaman,elemental,12,5,7
Stòrm,ravencrest,480,shaman,elemental,12,5,7
Swapxy,outland,480,shaman,elemental,12,5,7
Skullføck,argent-dawn,480,shaman,elemental,12,5,7
Velkin,thrall,480,shaman,elemental,12,5,7
Amcin,stormreaver,480,shaman,elemental,12,5,7
Flaskmus,haomarush,480,shaman,elemental,12,5,7
Cptcutíe,antonidas,480,shaman,elemental,12,5,7
Наладчик,gordunni,480,shaman,elemental,12,5,7
Dregú,draenor,480,shaman,elemental,12,5,7
Inyra,eredar,480,shaman,elemental,12,5,7
Rykarn,eredar,480,shaman,elemental,12,5,7
Talg,sylvanas,480,shaman,elemental,15,5,10
Clickerboy,ravencrest,480,shaman,elemental,18,5,13
Fûchsí,blackhand,479,shaman,elemental,6,5,1
Destructør,norgannon,479,shaman,elemental,12,5,7
Amarök,nerzhul,479,shaman,elemental,12,5,7
Burnprof,nethersturm,479,shaman,elemental,12,5,7
Sinwithin,ravencrest,478,shaman,elemental,12,5,7
Loserlol,das-syndikat,478,shaman,elemental,12,5,7
Kobeye,thrall,474,shaman,elemental,12,5,7
Chispa,darkmoon-faire,447,shaman,elemental,11,5,6
Novka,eredar,447,shaman,elemental,11,5,6
Disharmony,outland,426,shaman,elemental,13,6,7
Blùé,tarren-mill,399,shaman,elemental,5,5,0
Tóuka,uldum,384,shaman,elemental,6,4,2
Selonthyx,ravencrest,384,shaman,elemental,6,4,2
Kraksham,ravencrest,384,shaman,elemental,6,4,2
Trustlemac,onyxia,384,shaman,elemental,6,4,2
Sebubu,twisting-nether,384,shaman,elemental,6,4,2
Grimtol,magtheridon,384,shaman,elemental,6,4,2
Zippidizap,ulduar,384,shaman,elemental,6,4,2
Shafallen,tarren-mill,384,shaman,elemental,6,4,2
Lizoo,ravencrest,384,shaman,elemental,6,4,2
Jacc,sunstrider,384,shaman,elemental,6,4,2
Kévinn,draenor,384,shaman,elemental,6,4,2
Schamîx,blackrock,384,shaman,elemental,6,4,2
Tiji,eredar,384,shaman,elemental,6,4,2
Yerlas,burning-legion,384,shaman,elemental,6,4,2
Ruvxy,twisting-nether,384,shaman,elemental,6,4,2
Rahuna,darksorrow,384,shaman,elemental,6,4,2
Hispanoxd,sanguino,384,shaman,elemental,6,4,2
Lavadrak,eredar,384,shaman,elemental,6,4,2
Føxï,pozzo-delleternità,384,shaman,elemental,6,4,2
Anubisll,hyjal,384,shaman,elemental,6,4,2
Alëxx,hyjal,384,shaman,elemental,6,4,2
Shamurky,kazzak,384,shaman,elemental,6,4,2
Xatis,aegwynn,384,shaman,elemental,6,4,2
Hotsincezero,archimonde,384,shaman,elemental,6,4,2
Bkdgoodz,aegwynn,384,shaman,elemental,6,4,2
Øwlïshâm,archimonde,384,shaman,elemental,6,4,2
Zoolza,kirin-tor,384,shaman,elemental,12,4,8
Magicmekoz,draenor,384,shaman,elemental,12,4,8
Réläx,kazzak,384,shaman,elemental,12,4,8
Rocktopus,outland,384,shaman,elemental,12,4,8
Dogfrog,silvermoon,384,shaman,elemental,12,4,8
Xyckas,terrordar,384,shaman,elemental,12,4,8
Goitbate,azuremyst,384,shaman,elemental,12,4,8
Chrached,kargath,384,shaman,elemental,12,4,8
Hí,bronzebeard,384,shaman,elemental,12,4,8
Setac,stormscale,384,shaman,elemental,12,4,8
Апинсмок,soulflayer,384,shaman,elemental,12,4,8
Karissah,silvermoon,384,shaman,elemental,12,4,8
Saggrox,kazzak,384,shaman,elemental,12,4,8
Swart,hyjal,384,shaman,elemental,12,4,8
Вензеро,howling-fjord,384,shaman,elemental,12,4,8
Gensehaut,aegwynn,384,shaman,elemental,12,4,8
Tism,stormscale,384,shaman,elemental,12,4,8
Zapper,blackrock,384,shaman,elemental,12,4,8
Eskìmo,malganis,384,shaman,elemental,12,4,8
Raoult,ravencrest,384,shaman,elemental,12,4,8
Snusy,stormscale,384,shaman,elemental,12,4,8
Zaappyboii,azjolnerub,384,shaman,elemental,14,4,10
Pedrototem,silvermoon,383,shaman,elemental,6,4,2
Zokah,emeriss,383,shaman,elemental,6,4,2
Dudoras,doomhammer,383,shaman,elemental,18,4,14
Kennyo,uldum,379,shaman,elemental,12,4,8
Khalamity,ravencrest,330,shaman,elemental,14,6,8
Fotmglad,blackrock,320,shaman,elemental,10,4,6
ßaßystärz,hyjal,319,shaman,elemental,5,4,1
Dûmah,sanguino,304,shaman,elemental,7,4,3
Zarakuda,magtheridon,296,shaman,elemental,20,5,15
Энхай,azuregos,288,shaman,elemental,6,3,3
Firella,the-maelstrom,288,shaman,elemental,6,3,3
Bas,nagrand,288,shaman,elemental,6,3,3
Дудивтф,soulflayer,288,shaman,elemental,6,3,3
Санрэйн,soulflayer,288,shaman,elemental,6,3,3
Реалайзер,blackscar,288,shaman,elemental,6,3,3
Родохрозид,blackscar,288,shaman,elemental,6,3,3
Nightingäle,silvermoon,288,shaman,elemental,6,3,3
Херургх,soulflayer,288,shaman,elemental,6,3,3
Царьбер,soulflayer,288,shaman,elemental,6,3,3
Spruehkot,aegwynn,288,shaman,elemental,6,3,3
Bhargonen,silvermoon,288,shaman,elemental,6,3,3
Dünnbier,blackhand,288,shaman,elemental,6,3,3
Peneapunta,nemesis,288,shaman,elemental,6,3,3
Fufupartyxx,blackrock,288,shaman,elemental,6,3,3
Rhastafarian,stormscale,288,shaman,elemental,6,3,3
Momine,stormscale,288,shaman,elemental,6,3,3
Hotstorm,bronzebeard,288,shaman,elemental,6,3,3
Gravépàct,blackrock,288,shaman,elemental,6,3,3
Bharudor,antonidas,288,shaman,elemental,6,3,3
Shaulic,ravencrest,288,shaman,elemental,6,3,3
Gissary,drakthul,288,shaman,elemental,6,3,3
Hethne,kazzak,288,shaman,elemental,6,3,3
Lunarsloth,hyjal,288,shaman,elemental,6,3,3
Qenninka,drakthul,288,shaman,elemental,6,3,3
Berith,spinebreaker,288,shaman,elemental,6,3,3
Amu,ravencrest,288,shaman,elemental,6,3,3
Khaleeya,blackmoore,288,shaman,elemental,6,3,3
Faroh,ravencrest,288,shaman,elemental,6,3,3
Bammë,archimonde,288,shaman,elemental,6,3,3
Shamuzan,malfurion,288,shaman,elemental,6,3,3
Tornado,ravencrest,288,shaman,elemental,6,3,3
Dobär,madmortem,288,shaman,elemental,6,3,3
Another,hakkar,288,shaman,elemental,6,3,3
Volvíc,tichondrius,288,shaman,elemental,6,3,3
Peaktrim,tarren-mill,288,shaman,elemental,6,3,3
Joeyexe,outland,288,shaman,elemental,6,3,3
Mjukiz,tarren-mill,288,shaman,elemental,6,3,3
Caro,tarren-mill,288,shaman,elemental,6,3,3
Pooch,archimonde,288,shaman,elemental,6,3,3
Dagra,twisting-nether,288,shaman,elemental,6,3,3
Asiorr,silvermoon,288,shaman,elemental,6,3,3
Kärdyo,archimonde,288,shaman,elemental,6,3,3
Tiâna,archimonde,288,shaman,elemental,6,3,3
Ironbuttrfly,magtheridon,288,shaman,elemental,6,3,3
Jeelypink,dalaran,288,shaman,elemental,6,3,3
Kónjo,kazzak,288,shaman,elemental,6,3,3
Shoewalker,ragnaros,288,shaman,elemental,6,3,3
Vukroth,argent-dawn,288,shaman,elemental,6,3,3
Brandbombe,frostwolf,288,shaman,elemental,6,3,3
Shamanmans,grim-batol,288,shaman,elemental,6,3,3
Babathar,ysondre,288,shaman,elemental,6,3,3
Symy,draenor,288,shaman,elemental,6,3,3
Vix,argent-dawn,288,shaman,elemental,6,3,3
Estexxsham,kazzak,288,shaman,elemental,6,3,3
Bigpinkpig,thunderhorn,288,shaman,elemental,7,3,4
Jaeslin,tarren-mill,288,shaman,elemental,12,3,9
Gethrok,rajaxx,288,shaman,elemental,12,3,9
Tir,auchindoun,288,shaman,elemental,12,3,9
Elemania,mugthol,288,shaman,elemental,12,3,9
Woolysocks,draenor,288,shaman,elemental,12,3,9
Samlik,antonidas,288,shaman,elemental,12,3,9
Qwunjin,ragnaros,288,shaman,elemental,12,3,9
Nitronigi,malganis,288,shaman,elemental,12,3,9
Tonto,frostmane,288,shaman,elemental,12,3,9
Sayokô,grim-batol,288,shaman,elemental,12,3,9
Corlysvelary,doomhammer,288,shaman,elemental,12,3,9
Fouchin,outland,288,shaman,elemental,12,3,9
Rharhahra,archimonde,288,shaman,elemental,18,3,15
Megaherz,sanguino,287,shaman,elemental,6,3,3
Bogatyrk,twisting-nether,287,shaman,elemental,6,3,3
Kcarlina,uldum,287,shaman,elemental,6,3,3
Twotwozero,defias-brotherhood,286,shaman,elemental,6,3,3
Zalacrass,sanguino,286,shaman,elemental,6,3,3
Вещун,deathguard,284,shaman,elemental,12,3,9
Mareaspibas,zuljin,239,shaman,elemental,5,3,2
Stíckíx,malganis,192,shaman,elemental,4,3,1
Krahg,garona,192,shaman,elemental,4,3,1
Гленкуллен,blackscar,192,shaman,elemental,6,2,4
Smashsmash,the-maelstrom,192,shaman,elemental,6,2,4
Ishkadar,twisting-nether,192,shaman,elemental,6,2,4
Cöökiekeeper,twisting-nether,192,shaman,elemental,6,2,4
Nnekalol,twisting-nether,192,shaman,elemental,6,2,4
Лартисс,howling-fjord,192,shaman,elemental,6,2,4
Schockolade,blackmoore,192,shaman,elemental,6,2,4
Yiyi,boulderfist,192,shaman,elemental,6,2,4
Шаеман,soulflayer,192,shaman,elemental,6,2,4
Драгенхз,gordunni,192,shaman,elemental,6,2,4
Macetoyaface,darksorrow,192,shaman,elemental,6,2,4
Joeculdacier,hyjal,192,shaman,elemental,6,2,4
Бурехлест,howling-fjord,192,shaman,elemental,6,2,4
Зуфар,howling-fjord,192,shaman,elemental,6,2,4
Beletili,chogall,192,shaman,elemental,6,2,4
Thomz,aggra-português,192,shaman,elemental,6,2,4
Дагод,booty-bay,192,shaman,elemental,6,2,4
Apád,ragnaros,192,shaman,elemental,6,2,4
Талиесин,grom,192,shaman,elemental,6,2,4
Девлиниум,fordragon,192,shaman,elemental,6,2,4
Präsi,die-aldor,192,shaman,elemental,6,2,4
Rakermän,dun-modr,192,shaman,elemental,6,2,4
Yezu,medivh,192,shaman,elemental,6,2,4
Rindenmulch,eredar,192,shaman,elemental,6,2,4
Cloovster,magtheridon,192,shaman,elemental,6,2,4
Nuekx,sanguino,192,shaman,elemental,6,2,4
Quartodebue,nemesis,192,shaman,elemental,6,2,4
Attm,twisting-nether,192,shaman,elemental,6,2,4
Nuvet,argent-dawn,192,shaman,elemental,6,2,4
Ahrim,argent-dawn,192,shaman,elemental,6,2,4
Naathir,magtheridon,192,shaman,elemental,6,2,4
Garakh,argent-dawn,192,shaman,elemental,6,2,4
Krovogor,silvermoon,192,shaman,elemental,6,2,4
Squixi,ravencrest,192,shaman,elemental,6,2,4
Mehex,tarren-mill,192,shaman,elemental,6,2,4
Zackyboi,tarren-mill,192,shaman,elemental,6,2,4
Ratatakéas,archimonde,192,shaman,elemental,6,2,4
Undae,ravencrest,192,shaman,elemental,6,2,4
Лаваяшка,gordunni,192,shaman,elemental,6,2,4
Djxyoloswag,silvermoon,192,shaman,elemental,6,2,4
Amonshokz,tarren-mill,192,shaman,elemental,6,2,4
Renegad,archimonde,192,shaman,elemental,6,2,4
Zinlay,tarren-mill,192,shaman,elemental,6,2,4
Dormido,sanguino,192,shaman,elemental,6,2,4
Beven,stormscale,192,shaman,elemental,6,2,4
Тандерхем,gordunni,192,shaman,elemental,6,2,4
Melliska,silvermoon,192,shaman,elemental,6,2,4
Fuzzbolt,silvermoon,192,shaman,elemental,6,2,4
Biccon,silvermoon,192,shaman,elemental,6,2,4
Kappatotem,silvermoon,192,shaman,elemental,6,2,4
Vandouille,archimonde,192,shaman,elemental,6,2,4
Thornyberrý,outland,192,shaman,elemental,6,2,4
Purgegødxx,aegwynn,192,shaman,elemental,6,2,4
Dodododfewal,stormscale,192,shaman,elemental,6,2,4
Albatroz,the-maelstrom,192,shaman,elemental,6,2,4
Haarold,sylvanas,192,shaman,elemental,6,2,4
Сновидений,soulflayer,192,shaman,elemental,6,2,4
Rok,darkspear,192,shaman,elemental,6,2,4
Shàmeonyou,dun-morogh,192,shaman,elemental,6,2,4
Kolchidyalah,la-croisade-écarlate,192,shaman,elemental,6,2,4
Rompelukt,auchindoun,192,shaman,elemental,6,2,4
Shockbestie,eredar,192,shaman,elemental,7,2,5
Lampard,magtheridon,192,shaman,elemental,11,2,9
Виспепешам,gordunni,192,shaman,elemental,12,2,10
Sweetcåndy,stormscale,192,shaman,elemental,12,2,10
Zíp,archimonde,192,shaman,elemental,12,2,10
Lycburst,twisting-nether,192,shaman,elemental,12,2,10
Avarela,argent-dawn,192,shaman,elemental,12,2,10
Nakenfeigy,stormreaver,192,shaman,elemental,12,2,10
Ærö,outland,192,shaman,elemental,12,2,10
Максобман,howling-fjord,192,shaman,elemental,12,2,10
Ghostx,nemesis,192,shaman,elemental,18,2,16
Aspirio,ravencrest,175,shaman,elemental,11,2,9
Kortën,khaz-modan,159,shaman,elemental,10,2,8
Lavaburstx,antonidas,138,shaman,elemental,10,3,7
Amiashaman,stormscale,138,shaman,elemental,16,3,13
Ulfuz,silvermoon,128,shaman,elemental,4,2,2
Thorcasso,azuremyst,96,shaman,elemental,3,2,1
Simpledream,tarren-mill,96,shaman,elemental,3,2,1
Zadrams,argent-dawn,96,shaman,elemental,3,2,1
Bram,aggra-português,96,shaman,elemental,3,2,1
Nopivøt,hyjal,96,shaman,elemental,7,2,5
Growlêy,draenor,96,shaman,elemental,6,1,5
Flurpz,outland,96,shaman,elemental,6,1,5
Zaffyboi,draenor,96,shaman,elemental,6,1,5
Eleurii,burning-blade,96,shaman,elemental,6,1,5
Dizhkameduu,terokkar,96,shaman,elemental,6,1,5
Shamsteaks,ysera,96,shaman,elemental,6,1,5
Пэппивкашке,howling-fjord,96,shaman,elemental,6,1,5
Vodoochild,hyjal,96,shaman,elemental,6,1,5
Châmanco,dun-modr,96,shaman,elemental,6,1,5
Newÿorc,dalaran,96,shaman,elemental,6,1,5
Jumbototem,tarren-mill,96,shaman,elemental,6,1,5
Skailzcham,hyjal,96,shaman,elemental,6,1,5
Moglibard,grim-batol,96,shaman,elemental,6,1,5
Nìtratx,archimonde,96,shaman,elemental,6,1,5
Magmamartin,antonidas,96,shaman,elemental,6,1,5
Stiflersmôm,antonidas,96,shaman,elemental,6,1,5
Shaminista,ravencrest,96,shaman,elemental,6,1,5
Zeiger,minahonda,96,shaman,elemental,6,1,5
Elijaá,nordrassil,96,shaman,elemental,6,1,5
Shamira,nethersturm,96,shaman,elemental,6,1,5
Heheheyup,ravencrest,96,shaman,elemental,6,1,5
Papaver,zirkel-des-cenarius,96,shaman,elemental,6,1,5
Izir,archimonde,96,shaman,elemental,6,1,5
Dergat,pozzo-delleternità,96,shaman,elemental,6,1,5
Ânne,blackrock,96,shaman,elemental,6,1,5
Bonestompamc,blackmoore,96,shaman,elemental,6,1,5
Samisu,blackmoore,96,shaman,elemental,6,1,5
Dwarfofwar,ravencrest,96,shaman,elemental,6,1,5
Pasjeop,ravencrest,96,shaman,elemental,6,1,5
Неерззул,soulflayer,96,shaman,elemental,6,1,5
Fatflop,sylvanas,96,shaman,elemental,6,1,5
Зэстус,soulflayer,96,shaman,elemental,6,1,5
Freexx,aegwynn,96,shaman,elemental,6,1,5
Felcrushed,stormscale,96,shaman,elemental,6,1,5
Pomegranate,arthas,96,shaman,elemental,6,1,5
Depucova,silvermoon,96,shaman,elemental,6,1,5
Aguero,aegwynn,96,shaman,elemental,6,1,5
Лучшийшаман,soulflayer,96,shaman,elemental,6,1,5
Сентес,soulflayer,96,shaman,elemental,6,1,5
Hästdvärg,the-maelstrom,96,shaman,elemental,6,1,5
Леланай,blackscar,96,shaman,elemental,6,1,5
Cazzari,thrall,96,shaman,elemental,6,1,5
Champïx,archimonde,96,shaman,elemental,15,2,13
Zappypewpew,drakthul,96,shaman,elemental,12,1,11
Amaizin,stormscale,96,shaman,elemental,12,1,11
Kyst,elune,95,shaman,elemental,6,1,5
Torepåsporet,deathwing,79,shaman,elemental,5,1,4
Rãgnãr,frostwolf,64,shaman,elemental,4,1,3
Thazra,zirkel-des-cenarius,63,shaman,elemental,2,2,0
Shammolino,nemesis,41,shaman,elemental,7,3,4
Obêlixx,blackmoore,31,shaman,elemental,2,1,1
Gushgush,draenor,31,shaman,elemental,2,1,1
Memourian,drakthul,16,shaman,elemental,7,1,6
Mûnch,kazzak,2369,shaman,enhancement,110,73,37
Крааули,soulflayer,2322,shaman,enhancement,234,123,111
Bredare,ravencrest,2295,shaman,enhancement,100,79,21
Strippzz,stormscale,2238,shaman,enhancement,102,62,40
Fatpig,stormscale,2238,shaman,enhancement,83,47,36
Hermerejildo,stormscale,2231,shaman,enhancement,96,52,44
Axdn,ravencrest,2229,shaman,enhancement,80,47,33
Blaukraut,stormscale,2206,shaman,enhancement,97,61,36
Avines,twisting-nether,2205,shaman,enhancement,200,103,97
Китрасст,soulflayer,2184,shaman,enhancement,72,38,34
Azifox,hyjal,2175,shaman,enhancement,96,49,47
Lizoo,ravencrest,2169,shaman,enhancement,102,66,36
Baconbazooka,tarren-mill,2147,shaman,enhancement,101,60,41
Áä,stormscale,2146,shaman,enhancement,48,42,6
Voodoodoouu,stormscale,2136,shaman,enhancement,95,55,40
Sillaas,ysondre,2131,shaman,enhancement,102,50,52
Shïnnkøk,stormscale,2130,shaman,enhancement,72,43,29
Myguns,silvermoon,2130,shaman,enhancement,122,68,54
Dennismanone,tarren-mill,2129,shaman,enhancement,96,48,48
Mustakrakish,terokkar,2127,shaman,enhancement,78,53,25
Smorcshamyy,kazzak,2127,shaman,enhancement,111,63,48
Fckumen,blackmoore,2124,shaman,enhancement,106,61,45
Stribbzz,stormscale,2123,shaman,enhancement,196,116,80
Joeyexe,outland,2119,shaman,enhancement,84,48,36
Shadi,stormscale,2119,shaman,enhancement,84,44,40
Maelstrom,eredar,2113,shaman,enhancement,300,167,133
Lovèless,stormscale,2111,shaman,enhancement,36,26,10
Ruffepuffe,twisting-nether,2109,shaman,enhancement,192,107,85
Buffdraventy,archimonde,2105,shaman,enhancement,66,40,26
Sparkyxd,twisting-nether,2102,shaman,enhancement,78,40,38
Shambolicc,kazzak,2098,shaman,enhancement,78,44,34
Дудивтф,soulflayer,2085,shaman,enhancement,147,76,71
Trulylove,tarren-mill,2085,shaman,enhancement,66,34,32
Feetaddict,kazzak,2082,shaman,enhancement,70,45,25
Zró,blackrock,2072,shaman,enhancement,96,53,43
Hexmex,stormreaver,2044,shaman,enhancement,124,69,55
Milheroj,tarren-mill,2043,shaman,enhancement,93,53,40
Yashëa,ysondre,2042,shaman,enhancement,67,55,12
Wishsteen,stormscale,2039,shaman,enhancement,71,42,29
Читорра,gordunni,2038,shaman,enhancement,96,51,45
Karpsham,stormscale,2033,shaman,enhancement,115,57,58
Etox,darksorrow,2015,shaman,enhancement,96,48,48
Uhøfligeulf,draenor,2013,shaman,enhancement,65,35,30
Arslos,twisting-nether,2010,shaman,enhancement,50,39,11
Пеклоь,soulflayer,2010,shaman,enhancement,106,57,49
Gúîtårgøð,sanguino,2010,shaman,enhancement,82,41,41
Shamanyxx,tarren-mill,2007,shaman,enhancement,78,42,36
Nopre,blackrock,2005,shaman,enhancement,166,93,73
Нарленд,gordunni,2003,shaman,enhancement,114,61,53
Lokes,drakthul,2001,shaman,enhancement,160,89,71
Yüri,stormscale,1998,shaman,enhancement,265,132,133
Shukhevych,kazzak,1993,shaman,enhancement,65,40,25
Бафамет,blackscar,1992,shaman,enhancement,48,27,21
Acidtrips,thrall,1985,shaman,enhancement,54,30,24
Инсэйнгод,soulflayer,1983,shaman,enhancement,63,32,31
Testosterone,dun-modr,1980,shaman,enhancement,71,44,27
Viablous,ravencrest,1977,shaman,enhancement,148,96,52
Turbostruck,ravencrest,1977,shaman,enhancement,102,46,56
Treyway,dun-modr,1974,shaman,enhancement,54,40,14
Тиидишам,blackscar,1973,shaman,enhancement,84,45,39
Shïnnøk,stormscale,1970,shaman,enhancement,328,166,162
Oldveteran,eredar,1968,shaman,enhancement,90,56,34
Plsdontpress,stormscale,1968,shaman,enhancement,91,53,38
Swapxy,ravencrest,1961,shaman,enhancement,36,26,10
Deaslow,hyjal,1952,shaman,enhancement,131,76,55
Ниу,thermaplugg,1949,shaman,enhancement,54,32,22
Shadiqt,stormscale,1942,shaman,enhancement,60,31,29
Morguk,zuljin,1936,shaman,enhancement,91,53,38
Tosemist,stormscale,1932,shaman,enhancement,58,35,23
Brokenguyman,defias-brotherhood,1924,shaman,enhancement,52,31,21
Kweng,stormreaver,1915,shaman,enhancement,74,39,35
Alterem,kazzak,1914,shaman,enhancement,84,48,36
Qnanen,blackmoore,1909,shaman,enhancement,41,29,12
Тандерстарк,howling-fjord,1905,shaman,enhancement,119,65,54
Pusspatrol,kazzak,1904,shaman,enhancement,66,32,34
Arhitopg,silvermoon,1903,shaman,enhancement,120,64,56
Panzarkamp,stormscale,1894,shaman,enhancement,95,58,37
Gottiy,blackhand,1893,shaman,enhancement,102,50,52
Gromzog,twisting-nether,1890,shaman,enhancement,48,31,17
Horelio,sanguino,1887,shaman,enhancement,123,72,51
Shamarach,sylvanas,1884,shaman,enhancement,42,29,13
Blitzmann,outland,1879,shaman,enhancement,54,30,24
Enhshamanop,draenor,1876,shaman,enhancement,144,72,72
Чаапалах,blackscar,1874,shaman,enhancement,109,56,53
Sozetwo,tarren-mill,1873,shaman,enhancement,34,24,10
Xa,blackrock,1873,shaman,enhancement,54,31,23
Shambolicc,ravencrest,1872,shaman,enhancement,65,29,36
Jtouni,outland,1869,shaman,enhancement,72,37,35
Skullstorm,talnivarr,1868,shaman,enhancement,62,37,25
Ятебясмету,gordunni,1867,shaman,enhancement,48,32,16
Jäy,twisting-nether,1867,shaman,enhancement,58,31,27
Ниокумибейт,soulflayer,1866,shaman,enhancement,52,34,18
Бренненд,howling-fjord,1865,shaman,enhancement,128,71,57
Falseshepard,kazzak,1863,shaman,enhancement,54,29,25
Disciplé,blackmoore,1862,shaman,enhancement,65,34,31
Nuarishaman,kazzak,1858,shaman,enhancement,36,25,11
Naochí,silvermoon,1857,shaman,enhancement,35,23,12
Hanrej,draenor,1856,shaman,enhancement,60,37,23
Radåhn,outland,1854,shaman,enhancement,72,44,28
Tâktoukâ,archimonde,1851,shaman,enhancement,82,48,34
Frankone,outland,1851,shaman,enhancement,138,79,59
Ryhèn,stormscale,1850,shaman,enhancement,158,94,64
Boombastíc,ravencrest,1850,shaman,enhancement,95,48,47
Chatbanned,blackmoore,1849,shaman,enhancement,42,25,17
Вацунвец,goldrinn,1849,shaman,enhancement,133,70,63
Toteemikylpy,argent-dawn,1848,shaman,enhancement,54,38,16
Totemofgreed,rexxar,1843,shaman,enhancement,84,40,44
Сахарокь,soulflayer,1840,shaman,enhancement,42,27,15
Shrektar,outland,1839,shaman,enhancement,36,22,14
Sangoma,frostmane,1838,shaman,enhancement,178,88,90
Actionhank,area-52,1834,shaman,enhancement,57,30,27
Zetorgg,burning-legion,1832,shaman,enhancement,71,36,35
Critonian,twisting-nether,1831,shaman,enhancement,54,27,27
Херургх,soulflayer,1828,shaman,enhancement,74,48,26
Друггрумилей,soulflayer,1828,shaman,enhancement,42,24,18
Mírídíuss,silvermoon,1827,shaman,enhancement,35,25,10
Salvadr,zuljin,1827,shaman,enhancement,62,35,27
Stormkiler,defias-brotherhood,1826,shaman,enhancement,83,36,47
Шаманмиша,gordunni,1825,shaman,enhancement,36,25,11
Ananasanax,twisting-nether,1823,shaman,enhancement,114,63,51
Chakafuyo,dun-modr,1822,shaman,enhancement,42,25,17
Floorislava,culte-de-la-rive-noire,1822,shaman,enhancement,84,43,41
Grende,sylvanas,1820,shaman,enhancement,90,49,41
Talrall,twisting-nether,1820,shaman,enhancement,66,35,31
Asaakira,blackmoore,1819,shaman,enhancement,175,87,88
Senroxx,blackrock,1818,shaman,enhancement,48,32,16
Пэппивкашке,howling-fjord,1818,shaman,enhancement,38,23,15
Argotan,drakthul,1817,shaman,enhancement,71,43,28
Mckoy,kazzak,1816,shaman,enhancement,40,27,13
Bullx,magtheridon,1815,shaman,enhancement,78,43,35
Marohk,uldum,1815,shaman,enhancement,42,22,20
Слакербэдбой,gordunni,1814,shaman,enhancement,78,35,43
Bikdig,dun-modr,1812,shaman,enhancement,78,47,31
Mèátßãllgøðx,kazzak,1812,shaman,enhancement,129,65,64
Zulren,draenor,1811,shaman,enhancement,42,23,19
Вацустайл,goldrinn,1810,shaman,enhancement,48,32,16
Dshaman,aegwynn,1810,shaman,enhancement,36,23,13
Вудумастер,gordunni,1810,shaman,enhancement,83,48,35
Taktouka,archimonde,1810,shaman,enhancement,54,24,30
Wishstêên,stormscale,1809,shaman,enhancement,64,29,35
Pumpzuat,khadgar,1808,shaman,enhancement,24,20,4
Xestil,blackmoore,1808,shaman,enhancement,67,36,31
Yombaï,archimonde,1808,shaman,enhancement,108,48,60
Wóllff,archimonde,1806,shaman,enhancement,48,24,24
Реактиватор,soulflayer,1803,shaman,enhancement,47,27,20
Wúh,twisting-nether,1802,shaman,enhancement,78,48,30
Syllaas,ysondre,1800,shaman,enhancement,54,28,26
Calvey,magtheridon,1799,shaman,enhancement,82,37,45
Rabalalaha,twisting-nether,1798,shaman,enhancement,146,78,68
Proccq,twisting-nether,1795,shaman,enhancement,48,24,24
Shamflurry,ravencrest,1793,shaman,enhancement,42,29,13
Veloudinos,twisting-nether,1793,shaman,enhancement,107,71,36
Kulefesk,grim-batol,1793,shaman,enhancement,60,30,30
Zarkab,ysondre,1792,shaman,enhancement,64,45,19
Yacu,blackrock,1785,shaman,enhancement,65,37,28
Æerømachine,outland,1784,shaman,enhancement,45,22,23
Rëalg,zuljin,1783,shaman,enhancement,65,43,22
Moini,eredar,1783,shaman,enhancement,54,28,26
Obrijames,tarren-mill,1776,shaman,enhancement,64,40,24
Pumpcok,durotan,1774,shaman,enhancement,42,30,12
Шаманутый,soulflayer,1774,shaman,enhancement,107,54,53
Basz,aegwynn,1773,shaman,enhancement,53,30,23
Pýthøn,silvermoon,1772,shaman,enhancement,54,27,27
Ázøk,stormscale,1771,shaman,enhancement,142,72,70
Spicemélange,archimonde,1769,shaman,enhancement,52,30,22
Azrs,ravencrest,1768,shaman,enhancement,90,50,40
Phobiatics,thrall,1766,shaman,enhancement,35,25,10
Sígrun,aegwynn,1758,shaman,enhancement,42,28,14
Lavadelrey,drakthul,1758,shaman,enhancement,42,21,21
Китраст,soulflayer,1756,shaman,enhancement,34,19,15
Видарх,soulflayer,1756,shaman,enhancement,42,20,22
Echoingshock,argent-dawn,1746,shaman,enhancement,48,32,16
Doomëd,drakthul,1746,shaman,enhancement,42,24,18
Medistød,draenor,1742,shaman,enhancement,68,48,20
Stormdrak,eredar,1741,shaman,enhancement,42,29,13
Agathoulis,burning-legion,1741,shaman,enhancement,42,28,14
Vayshibro,turalyon,1741,shaman,enhancement,54,29,25
Автозакзак,soulflayer,1741,shaman,enhancement,53,25,28
Рэггдолл,soulflayer,1739,shaman,enhancement,84,34,50
Painshock,outland,1736,shaman,enhancement,60,36,24
Wacomtablet,kazzak,1736,shaman,enhancement,36,19,17
Tobanga,malganis,1730,shaman,enhancement,48,29,19
Халльбьерн,howling-fjord,1726,shaman,enhancement,60,36,24
Sswf,kazzak,1725,shaman,enhancement,24,18,6
Madboys,kazzak,1723,shaman,enhancement,72,39,33
Ñøs,blackrock,1721,shaman,enhancement,96,51,45
Xôàrqt,eredar,1719,shaman,enhancement,209,110,99
Snëakyboom,stormscale,1717,shaman,enhancement,96,46,50
Daybidaybi,stormscale,1716,shaman,enhancement,34,19,15
Тралси,howling-fjord,1715,shaman,enhancement,24,18,6
Ozilie,khaz-modan,1714,shaman,enhancement,53,34,19
Stormbreáker,twisting-nether,1711,shaman,enhancement,172,101,71
Mehex,tarren-mill,1711,shaman,enhancement,42,21,21
Stalkun,elune,1708,shaman,enhancement,30,19,11
Enhx,ravencrest,1707,shaman,enhancement,36,23,13
Zulmalis,twisting-nether,1707,shaman,enhancement,46,25,21
Trulylove,outland,1706,shaman,enhancement,59,25,34
Joanna,frostwolf,1705,shaman,enhancement,60,28,32
Fotmburstwin,blackmoore,1704,shaman,enhancement,42,27,15
Fözk,outland,1704,shaman,enhancement,42,24,18
Matchstíck,draenor,1702,shaman,enhancement,42,21,21
Monamour,twisting-nether,1698,shaman,enhancement,66,40,26
Lersham,the-maelstrom,1698,shaman,enhancement,54,32,22
Enhahaha,tarren-mill,1697,shaman,enhancement,36,23,13
Nerfrets,malganis,1696,shaman,enhancement,72,46,26
Altarian,nemesis,1695,shaman,enhancement,42,21,21
Hezdnalien,aegwynn,1694,shaman,enhancement,89,48,41
Masztaar,ragnaros,1691,shaman,enhancement,94,49,45
Халльбиорн,gordunni,1691,shaman,enhancement,67,32,35
Максобман,howling-fjord,1690,shaman,enhancement,30,18,12
Царьбер,soulflayer,1690,shaman,enhancement,80,45,35
Spetsnazz,archimonde,1689,shaman,enhancement,182,90,92
Ripstorm,sylvanas,1685,shaman,enhancement,48,24,24
Blastoiselol,ragnaros,1683,shaman,enhancement,34,22,12
Chêlëx,silvermoon,1682,shaman,enhancement,164,89,75
Kæzx,blackrock,1681,shaman,enhancement,36,22,14
Tinysalmon,hyjal,1681,shaman,enhancement,30,18,12
Kilomanjaro,bloodfeather,1680,shaman,enhancement,54,30,24
Взалходил,soulflayer,1680,shaman,enhancement,41,21,20
Wheygodx,ravencrest,1679,shaman,enhancement,87,46,41
Greythunda,archimonde,1672,shaman,enhancement,36,23,13
Гоэл,ashenvale,1672,shaman,enhancement,42,26,16
Makaar,blackrock,1672,shaman,enhancement,48,26,22
Bluetide,ravencrest,1671,shaman,enhancement,51,34,17
Lurkmon,twisting-nether,1671,shaman,enhancement,100,53,47
Javaburst,ragnaros,1670,shaman,enhancement,72,39,33
Vartarius,arthas,1669,shaman,enhancement,66,34,32
Pontifhkas,ragnaros,1666,shaman,enhancement,51,33,18
Isucklasso,aegwynn,1664,shaman,enhancement,54,32,22
Cåmilis,archimonde,1664,shaman,enhancement,60,33,27
Kynaz,sanguino,1664,shaman,enhancement,105,48,57
Neurax,sanguino,1663,shaman,enhancement,88,47,41
Recaim,outland,1663,shaman,enhancement,36,19,17
Khelyyn,tarren-mill,1662,shaman,enhancement,76,39,37
Rayoton,burning-legion,1662,shaman,enhancement,72,35,37
Sybred,twisting-nether,1660,shaman,enhancement,66,41,25
Nibblez,aegwynn,1659,shaman,enhancement,78,50,28
Narevoqi,madmortem,1658,shaman,enhancement,34,22,12
Nînadobrevx,stormscale,1657,shaman,enhancement,135,77,58
Smozze,grim-batol,1657,shaman,enhancement,129,68,61
Darkning,kazzak,1656,shaman,enhancement,36,23,13
Faxsham,draenor,1655,shaman,enhancement,30,20,10
Tito,stormscale,1653,shaman,enhancement,48,20,28
Tartakos,ravencrest,1652,shaman,enhancement,61,36,25
Ludwigson,tarren-mill,1652,shaman,enhancement,98,57,41
Лолимин,borean-tundra,1651,shaman,enhancement,51,33,18
Purgelord,tarren-mill,1650,shaman,enhancement,74,46,28
Tdogfx,blackhand,1650,shaman,enhancement,42,26,16
Turbopuddi,kazzak,1650,shaman,enhancement,77,39,38
Шанья,gordunni,1650,shaman,enhancement,84,39,45
Spaltbart,blackmoore,1648,shaman,enhancement,48,26,22
Nevergroundx,perenolde,1646,shaman,enhancement,30,21,9
Kachori,eredar,1645,shaman,enhancement,48,22,26
Kanaky,hyjal,1644,shaman,enhancement,42,24,18
Элементи,gordunni,1642,shaman,enhancement,107,63,44
Pumanii,silvermoon,1642,shaman,enhancement,54,28,26
Spacelazers,twisting-nether,1641,shaman,enhancement,29,19,10
Энха,howling-fjord,1641,shaman,enhancement,36,21,15
Typhoön,sanguino,1640,shaman,enhancement,199,102,97
Порнёреф,howling-fjord,1638,shaman,enhancement,165,98,67
Shambamm,stormscale,1637,shaman,enhancement,54,31,23
Tornis,terokkar,1637,shaman,enhancement,102,55,47
Androck,tarren-mill,1637,shaman,enhancement,42,22,20
Elemoont,tarren-mill,1633,shaman,enhancement,48,28,20
Legitbro,ravencrest,1633,shaman,enhancement,48,22,26
Argarok,argent-dawn,1630,shaman,enhancement,36,22,14
Plockepinn,ravencrest,1630,shaman,enhancement,48,20,28
Shamrún,sylvanas,1629,shaman,enhancement,60,37,23
Lilmozart,twisting-nether,1628,shaman,enhancement,35,18,17
Láynert,dun-modr,1628,shaman,enhancement,294,145,149
Johncoltrane,archimonde,1626,shaman,enhancement,54,36,18
Voodoohexman,kazzak,1626,shaman,enhancement,60,37,23
Äijä,chromaggus,1626,shaman,enhancement,72,41,31
Ùseless,archimonde,1626,shaman,enhancement,36,20,16
Traktorchox,draenor,1626,shaman,enhancement,45,24,21
Funkins,hyjal,1625,shaman,enhancement,49,25,24
Volvíc,tichondrius,1625,shaman,enhancement,36,18,18
Канамаш,borean-tundra,1624,shaman,enhancement,42,27,15
Chamkalix,sanguino,1623,shaman,enhancement,72,37,35
Brenhilda,blackmoore,1622,shaman,enhancement,42,32,10
Reparagos,sanguino,1622,shaman,enhancement,47,27,20
Úpli,blackmoore,1621,shaman,enhancement,30,18,12
Testogodx,defias-brotherhood,1621,shaman,enhancement,63,35,28
Gelthan,zuljin,1620,shaman,enhancement,122,63,59
Shamtard,frostwhisper,1620,shaman,enhancement,145,67,78
Kosface,tarren-mill,1619,shaman,enhancement,100,55,45
Elèon,blackrock,1619,shaman,enhancement,113,54,59
Khrin,blackmoore,1618,shaman,enhancement,36,21,15
Hexwife,archimonde,1618,shaman,enhancement,97,51,46
Madmadbro,tarren-mill,1617,shaman,enhancement,171,92,79
Зэбой,howling-fjord,1616,shaman,enhancement,50,33,17
Werdup,sunstrider,1616,shaman,enhancement,44,19,25
Иннреи,howling-fjord,1614,shaman,enhancement,75,46,29
Царьколтрэйн,blackscar,1613,shaman,enhancement,107,56,51
Defiaz,stormscale,1612,shaman,enhancement,46,34,12
Tiuzzo,alakir,1612,shaman,enhancement,30,19,11
Naïda,conseil-des-ombres,1612,shaman,enhancement,162,79,83
Ореганно,howling-fjord,1611,shaman,enhancement,72,40,32
Jondil,das-syndikat,1611,shaman,enhancement,71,37,34
Toxicnux,nemesis,1610,shaman,enhancement,48,28,20
Dóómd,kazzak,1610,shaman,enhancement,30,17,13
Paintball,kazzak,1610,shaman,enhancement,90,49,41
Чухансмент,gordunni,1610,shaman,enhancement,63,33,30
Totemticks,aegwynn,1609,shaman,enhancement,48,25,23
Шокмужик,gordunni,1608,shaman,enhancement,60,28,32
Voodooms,laughing-skull,1607,shaman,enhancement,77,47,30
Ancestro,kazzak,1606,shaman,enhancement,60,32,28
Calveyy,magtheridon,1604,shaman,enhancement,24,17,7
Grrud,draenor,1604,shaman,enhancement,42,23,19
Sêarix,aegwynn,1603,shaman,enhancement,48,31,17
Shocktopussi,stormscale,1603,shaman,enhancement,51,32,19
Moaxtyr,blackmoore,1601,shaman,enhancement,42,29,13
Estasham,stormscale,1601,shaman,enhancement,120,68,52
Venomos,kazzak,1601,shaman,enhancement,39,18,21
Wertih,burning-legion,1600,shaman,enhancement,50,33,17
Mmsalatik,nemesis,1600,shaman,enhancement,36,19,17
Sndheal,kazzak,1596,shaman,enhancement,24,19,5
Jabaraklol,stormscale,1596,shaman,enhancement,88,54,34
Patsham,wildhammer,1595,shaman,enhancement,125,72,53
Ekinoz,outland,1593,shaman,enhancement,38,20,18
Belroc,ravencrest,1591,shaman,enhancement,36,19,17
Zakgar,ysondre,1589,shaman,enhancement,42,23,19
Eysns,blackrock,1589,shaman,enhancement,42,21,21
Ecclîpce,archimonde,1585,shaman,enhancement,78,44,34
Epicenter,bloodscalp,1584,shaman,enhancement,48,24,24
Kammek,tarren-mill,1583,shaman,enhancement,81,48,33
Krassus,drakthul,1583,shaman,enhancement,53,31,22
Цс,azuregos,1579,shaman,enhancement,116,63,53
Voodoodocter,kazzak,1579,shaman,enhancement,41,17,24
Эбгерсон,soulflayer,1576,shaman,enhancement,126,68,58
Raveell,defias-brotherhood,1575,shaman,enhancement,76,36,40
Commadore,korgall,1574,shaman,enhancement,36,18,18
Hayvaan,blackrock,1573,shaman,enhancement,120,72,48
Ubies,silvermoon,1573,shaman,enhancement,81,45,36
Arashi,rashgarroth,1571,shaman,enhancement,48,29,19
Azzizael,argent-dawn,1566,shaman,enhancement,108,55,53
Vulkân,silvermoon,1565,shaman,enhancement,136,76,60
Earthhulk,thrall,1564,shaman,enhancement,40,21,19
Grytkungen,daggerspine,1563,shaman,enhancement,32,18,14
Маелштромс,soulflayer,1563,shaman,enhancement,36,18,18
Tescriamelio,ysondre,1561,shaman,enhancement,30,19,11
Pvegame,tarren-mill,1561,shaman,enhancement,42,22,20
Mõrax,ysondre,1558,shaman,enhancement,85,41,44
Bumbummann,blackmoore,1557,shaman,enhancement,106,52,54
Thalir,aegwynn,1556,shaman,enhancement,45,20,25
Ашхикиган,howling-fjord,1556,shaman,enhancement,54,19,35
Szublime,stormscale,1550,shaman,enhancement,48,27,21
Чесп,ashenvale,1550,shaman,enhancement,42,21,21
Megazz,drakthul,1548,shaman,enhancement,48,26,22
Zayliha,ravencrest,1547,shaman,enhancement,36,20,16
Rocktopus,outland,1547,shaman,enhancement,51,27,24
Apexpredlol,blackmoore,1546,shaman,enhancement,90,42,48
Элетеми,soulflayer,1545,shaman,enhancement,71,38,33
Kenseienh,kazzak,1545,shaman,enhancement,180,96,84
Kættmæck,tarren-mill,1545,shaman,enhancement,58,29,29
Griins,ravencrest,1542,shaman,enhancement,54,33,21
Mesrines,archimonde,1536,shaman,enhancement,42,22,20
Hermerejildo,tarren-mill,1535,shaman,enhancement,24,16,8
Skyróxx,blackrock,1535,shaman,enhancement,36,18,18
Garulf,twisting-nether,1532,shaman,enhancement,42,19,23
Шампуньхан,blackscar,1532,shaman,enhancement,65,28,37
Kutipaperi,stormscale,1530,shaman,enhancement,42,23,19
Онеоне,deathweaver,1530,shaman,enhancement,36,17,19
Sonnestorm,tarren-mill,1528,shaman,enhancement,24,16,8
Explôsive,silvermoon,1527,shaman,enhancement,48,23,25
Soomx,hyjal,1526,shaman,enhancement,42,22,20
Depucova,silvermoon,1525,shaman,enhancement,36,24,12
Blackibird,garona,1525,shaman,enhancement,57,29,28
Cripxo,sanguino,1523,shaman,enhancement,18,16,2
Chendra,scarshield-legion,1521,shaman,enhancement,119,57,62
Krovn,aszune,1521,shaman,enhancement,60,27,33
Babalahziz,ysondre,1520,shaman,enhancement,35,26,9
Kaimountain,defias-brotherhood,1519,shaman,enhancement,30,16,14
Nejbegrov,ravencrest,1515,shaman,enhancement,42,20,22
Juicewillis,defias-brotherhood,1510,shaman,enhancement,54,36,18
Tarantan,eredar,1510,shaman,enhancement,61,32,29
Benderbub,blackhand,1510,shaman,enhancement,112,58,54
Вандерласт,howling-fjord,1508,shaman,enhancement,24,16,8
Gøretterøg,ysondre,1507,shaman,enhancement,25,16,9
Kijin,kirin-tor,1506,shaman,enhancement,60,30,30
Gerethor,burning-legion,1504,shaman,enhancement,63,29,34
Dalgia,tarren-mill,1498,shaman,enhancement,30,16,14
Gandy,the-maelstrom,1497,shaman,enhancement,90,42,48
Îzanami,ravencrest,1495,shaman,enhancement,114,62,52
Heeze,doomhammer,1494,shaman,enhancement,112,60,52
Sházam,destromath,1493,shaman,enhancement,24,16,8
Alethea,frostmane,1491,shaman,enhancement,66,33,33
Rakermän,dun-modr,1490,shaman,enhancement,30,17,13
Buuddha,drakthul,1490,shaman,enhancement,59,29,30
Nexdown,archimonde,1490,shaman,enhancement,57,28,29
Atée,silvermoon,1490,shaman,enhancement,87,42,45
Crowness,ragnaros,1488,shaman,enhancement,24,16,8
Vascodagama,twisting-nether,1488,shaman,enhancement,48,28,20
Ewion,dalvengyr,1486,shaman,enhancement,18,16,2
Totemlover,draenor,1483,shaman,enhancement,88,52,36
Гусан,booty-bay,1483,shaman,enhancement,55,26,29
Oronakgladx,ravencrest,1480,shaman,enhancement,66,33,33
Hulcky,grim-batol,1479,shaman,enhancement,60,32,28
Shyrion,onyxia,1478,shaman,enhancement,72,33,39
Xxloon,blackrock,1477,shaman,enhancement,54,33,21
Пивототем,gordunni,1476,shaman,enhancement,26,18,8
Chimp,lightnings-blade,1475,shaman,enhancement,36,21,15
Yaar,alleria,1474,shaman,enhancement,82,49,33
Enigmar,stormscale,1471,shaman,enhancement,93,43,50
Mcbloob,kazzak,1469,shaman,enhancement,81,39,42
Shamãn,draenor,1467,shaman,enhancement,42,19,23
Моктрогтар,ashenvale,1466,shaman,enhancement,36,23,13
Shockxy,norgannon,1464,shaman,enhancement,34,16,18
Bourdieu,thrall,1461,shaman,enhancement,39,23,16
Justweirdaf,blackmoore,1460,shaman,enhancement,48,26,22
Людоед,thermaplugg,1460,shaman,enhancement,60,30,30
Ïï,archimonde,1455,shaman,enhancement,111,54,57
Nyxoqtx,draenor,1454,shaman,enhancement,24,21,3
Trenhard,wildhammer,1454,shaman,enhancement,41,27,14
Chaeemerok,dun-modr,1453,shaman,enhancement,42,16,26
Palmalecki,ravencrest,1453,shaman,enhancement,42,16,26
Durek,sylvanas,1451,shaman,enhancement,41,28,13
Шторсонг,gordunni,1451,shaman,enhancement,74,48,26
Экспатриот,greymane,1451,shaman,enhancement,54,30,24
Løktarøgàr,archimonde,1448,shaman,enhancement,47,25,22
Nubokesel,ragnaros,1447,shaman,enhancement,61,32,29
Thorâ,frostmane,1445,shaman,enhancement,36,24,12
Alphas,draenor,1445,shaman,enhancement,44,26,18
Pilcosham,frostwhisper,1443,shaman,enhancement,35,17,18
Shockthat,draenor,1442,shaman,enhancement,64,40,24
Shawck,ravencrest,1441,shaman,enhancement,30,16,14
Furrymane,blackmoore,1439,shaman,enhancement,36,24,12
Arkaos,exodar,1439,shaman,enhancement,43,24,19
Perunya,tarren-mill,1438,shaman,enhancement,53,27,26
Shaayys,archimonde,1438,shaman,enhancement,78,35,43
Watzocham,archimonde,1437,shaman,enhancement,42,22,20
Corvux,tarren-mill,1436,shaman,enhancement,30,15,15
Kyshka,tarren-mill,1436,shaman,enhancement,30,15,15
Nnele,sanguino,1435,shaman,enhancement,30,15,15
Амг,booty-bay,1433,shaman,enhancement,62,38,24
Lokresh,azjolnerub,1433,shaman,enhancement,30,18,12
Axemodels,archimonde,1429,shaman,enhancement,30,15,15
Jeki,ysondre,1429,shaman,enhancement,108,47,61
Dcanne,outland,1428,shaman,enhancement,99,52,47
Yurkën,uldum,1428,shaman,enhancement,60,29,31
Курси,gordunni,1428,shaman,enhancement,146,70,76
Tijae,ravencrest,1426,shaman,enhancement,18,15,3
Wolfwesti,outland,1425,shaman,enhancement,36,25,11
Twam,outland,1425,shaman,enhancement,24,16,8
Elektrikci,silvermoon,1425,shaman,enhancement,54,26,28
Атл,deathguard,1423,shaman,enhancement,50,35,15
Kezron,aegwynn,1422,shaman,enhancement,24,15,9
Дромгрон,howling-fjord,1422,shaman,enhancement,36,18,18
Lavarage,kazzak,1421,shaman,enhancement,24,15,9
Лапища,soulflayer,1421,shaman,enhancement,60,33,27
Twists,sylvanas,1420,shaman,enhancement,24,15,9
Zuvx,ravencrest,1420,shaman,enhancement,66,38,28
Bolgrath,blackmoore,1420,shaman,enhancement,88,42,46
Procdaddy,eredar,1419,shaman,enhancement,30,16,14
Mèshuggáh,ravencrest,1419,shaman,enhancement,36,17,19
Барракудах,gordunni,1418,shaman,enhancement,170,76,94
Stromkek,eredar,1417,shaman,enhancement,41,22,19
Дефибо,howling-fjord,1416,shaman,enhancement,117,57,60
Romacherry,aegwynn,1415,shaman,enhancement,89,47,42
Плаглорд,howling-fjord,1410,shaman,enhancement,60,30,30
Deathshamãn,stormscale,1400,shaman,enhancement,30,15,15
Lumii,azshara,1399,shaman,enhancement,48,21,27
Argonautt,drakthul,1394,shaman,enhancement,119,52,67
Neptun,twisting-nether,1393,shaman,enhancement,107,53,54
Laix,khaz-modan,1392,shaman,enhancement,36,17,19
Chämalö,archimonde,1385,shaman,enhancement,133,70,63
Nwäar,archimonde,1384,shaman,enhancement,30,15,15
Rether,nemesis,1384,shaman,enhancement,59,25,34
Priora,argent-dawn,1383,shaman,enhancement,52,33,19
Хрофайс,soulflayer,1379,shaman,enhancement,24,17,7
Палачок,eversong,1374,shaman,enhancement,48,27,21
Гексанол,soulflayer,1374,shaman,enhancement,48,23,25
Залатар,howling-fjord,1374,shaman,enhancement,45,18,27
Arabesk,arygos,1372,shaman,enhancement,78,47,31
Tahsus,blackmoore,1372,shaman,enhancement,42,20,22
Кинговели,soulflayer,1372,shaman,enhancement,101,47,54
Твалор,soulflayer,1371,shaman,enhancement,38,20,18
Cahuna,stormscale,1371,shaman,enhancement,63,24,39
Panicblast,stormscale,1366,shaman,enhancement,35,15,20
Exolnard,twisting-nether,1364,shaman,enhancement,36,21,15
Notoxus,antonidas,1364,shaman,enhancement,78,39,39
Sangvinus,outland,1364,shaman,enhancement,42,18,24
Ðezûga,antonidas,1361,shaman,enhancement,48,22,26
Trîkill,hyjal,1360,shaman,enhancement,60,28,32
Björnbritta,outland,1359,shaman,enhancement,30,16,14
Ørgus,aegwynn,1358,shaman,enhancement,220,122,98
Lavashnikov,burning-legion,1357,shaman,enhancement,132,70,62
Басари,gordunni,1357,shaman,enhancement,41,20,21
Noiduttu,tarren-mill,1356,shaman,enhancement,82,50,32
Тленозавр,gordunni,1352,shaman,enhancement,93,46,47
Filigran,ragnaros,1350,shaman,enhancement,36,18,18
Nakenfeigy,stormreaver,1349,shaman,enhancement,54,32,22
Bacheebg,darksorrow,1348,shaman,enhancement,77,42,35
Boulggour,chogall,1347,shaman,enhancement,30,15,15
Лэнгипас,gordunni,1344,shaman,enhancement,131,70,61
Tyrox,kirin-tor,1344,shaman,enhancement,36,18,18
Faydé,stormscale,1343,shaman,enhancement,30,14,16
Mcslammer,kazzak,1342,shaman,enhancement,90,39,51
Lassolasse,sylvanas,1341,shaman,enhancement,18,14,4
Дрегтан,howling-fjord,1341,shaman,enhancement,71,28,43
Stensham,stormreaver,1340,shaman,enhancement,24,14,10
Casualhex,argent-dawn,1340,shaman,enhancement,155,71,84
Ghostkod,burning-legion,1338,shaman,enhancement,46,25,21
Fingor,tarren-mill,1336,shaman,enhancement,24,17,7
Gurtok,drakthul,1336,shaman,enhancement,36,22,14
Dhedge,draenor,1336,shaman,enhancement,24,14,10
Idxbi,kazzak,1333,shaman,enhancement,78,47,31
Boidarbre,sargeras,1331,shaman,enhancement,42,15,27
Faltygo,drakthul,1330,shaman,enhancement,30,14,16
Moodoo,antonidas,1328,shaman,enhancement,53,20,33
Sparkarse,argent-dawn,1327,shaman,enhancement,54,30,24
Апинсмок,soulflayer,1326,shaman,enhancement,59,29,30
Thralgr,sylvanas,1326,shaman,enhancement,30,14,16
Thrâwl,kazzak,1324,shaman,enhancement,18,14,4
Kanabi,darkspear,1322,shaman,enhancement,30,14,16
Ошиндра,gordunni,1320,shaman,enhancement,28,15,13
Mazokuu,ragnaros,1320,shaman,enhancement,123,64,59
Clembute,cthun,1319,shaman,enhancement,48,28,20
Срувтапкии,deathguard,1318,shaman,enhancement,42,24,18
Броаркар,razuvious,1316,shaman,enhancement,82,46,36
Jasnäh,ysondre,1315,shaman,enhancement,30,14,16
Шабыч,deathguard,1312,shaman,enhancement,60,25,35
Maajo,tarren-mill,1309,shaman,enhancement,54,21,33
Qauter,hellfire,1305,shaman,enhancement,30,14,16
Другалёк,howling-fjord,1299,shaman,enhancement,36,21,15
Wedís,outland,1299,shaman,enhancement,42,22,20
Sunetee,kazzak,1294,shaman,enhancement,54,23,31
Verlas,kazzak,1293,shaman,enhancement,52,26,26
Hexd,defias-brotherhood,1291,shaman,enhancement,66,28,38
Trollomatic,das-syndikat,1289,shaman,enhancement,36,19,17
Igniis,frostmane,1286,shaman,enhancement,30,19,11
Juliaroberts,ragnaros,1282,shaman,enhancement,93,46,47
Manrod,tarren-mill,1279,shaman,enhancement,66,34,32
Zandali,tarren-mill,1278,shaman,enhancement,66,38,28
Katastrofuss,stormscale,1273,shaman,enhancement,35,21,14
Shamomo,hyjal,1271,shaman,enhancement,43,17,26
Shamaray,stormscale,1270,shaman,enhancement,48,27,21
Delgagalduos,kazzak,1267,shaman,enhancement,48,25,23
Blautorkel,amanthul,1265,shaman,enhancement,29,14,15
Prømetheüs,sanguino,1262,shaman,enhancement,58,35,23
Shamaneo,outland,1260,shaman,enhancement,39,26,13
Чернышус,soulflayer,1259,shaman,enhancement,42,19,23
Gõðzilla,blackmoore,1253,shaman,enhancement,34,17,17
Simularcum,kazzak,1252,shaman,enhancement,36,18,18
Worstshamy,sanguino,1246,shaman,enhancement,18,13,5
Экспл,ashenvale,1245,shaman,enhancement,30,13,17
Thossa,draenor,1244,shaman,enhancement,76,43,33
Meatballspam,stormscale,1244,shaman,enhancement,30,13,17
Stormasaurus,anachronos,1242,shaman,enhancement,22,14,8
Kedall,archimonde,1242,shaman,enhancement,30,13,17
Krishun,blackmoore,1242,shaman,enhancement,30,13,17
Hichibane,archimonde,1242,shaman,enhancement,30,13,17
Nêmônin,perenolde,1241,shaman,enhancement,18,13,5
Enoughh,the-maelstrom,1241,shaman,enhancement,24,13,11
Loshohealva,stormscale,1239,shaman,enhancement,24,13,11
Ubramovitch,hyjal,1239,shaman,enhancement,24,13,11
Trollden,silvermoon,1239,shaman,enhancement,24,13,11
Vforvendeta,defias-brotherhood,1237,shaman,enhancement,24,13,11
Shambambum,blackrock,1237,shaman,enhancement,77,33,44
Чёкнутое,soulflayer,1236,shaman,enhancement,45,26,19
Movex,arathor,1235,shaman,enhancement,24,13,11
Enkzäm,archimonde,1235,shaman,enhancement,47,23,24
Видсон,soulflayer,1234,shaman,enhancement,30,14,16
Kargos,stormscale,1234,shaman,enhancement,30,13,17
Жуксик,greymane,1233,shaman,enhancement,30,13,17
Convîcted,grim-batol,1230,shaman,enhancement,22,14,8
Элетар,gordunni,1228,shaman,enhancement,48,20,28
Волкк,soulflayer,1226,shaman,enhancement,31,18,13
Blitzviech,aegwynn,1226,shaman,enhancement,29,14,15
Dendyre,outland,1214,shaman,enhancement,29,13,16
Beletili,chogall,1212,shaman,enhancement,55,21,34
Treizelol,ysondre,1210,shaman,enhancement,24,13,11
Rhakhatheckh,nemesis,1208,shaman,enhancement,30,13,17
Yeemayne,outland,1206,shaman,enhancement,18,13,5
Шамяра,blackscar,1199,shaman,enhancement,18,13,5
Литлсмурф,gordunni,1198,shaman,enhancement,45,18,27
Kuzsham,archimonde,1195,shaman,enhancement,27,13,14
Saduria,antonidas,1194,shaman,enhancement,78,44,34
Sinkero,hellscream,1192,shaman,enhancement,44,17,27
Allakbarz,stormscale,1190,shaman,enhancement,94,39,55
Kunancementa,ravencrest,1189,shaman,enhancement,29,13,16
Talf,tarren-mill,1186,shaman,enhancement,23,13,10
Виндфуриа,gordunni,1185,shaman,enhancement,60,29,31
Быковат,booty-bay,1176,shaman,enhancement,42,16,26
Tashunka,twisting-nether,1175,shaman,enhancement,106,47,59
Grimtøtem,defias-brotherhood,1173,shaman,enhancement,42,18,24
Wolfshade,aggra-português,1172,shaman,enhancement,23,13,10
Yasan,kazzak,1171,shaman,enhancement,37,15,22
Nurychic,twisting-nether,1154,shaman,enhancement,51,18,33
Crespouu,doomhammer,1153,shaman,enhancement,47,25,22
Даркгрон,thermaplugg,1153,shaman,enhancement,36,15,21
Teknorave,dun-modr,1152,shaman,enhancement,18,12,6
Onebutton,archimonde,1152,shaman,enhancement,18,12,6
Fyrkaz,aegwynn,1152,shaman,enhancement,18,12,6
Тыпроиграл,gordunni,1152,shaman,enhancement,24,12,12
Eclaîr,thrall,1152,shaman,enhancement,24,12,12
Cløke,stormscale,1151,shaman,enhancement,18,12,6
Aswøg,kazzak,1151,shaman,enhancement,18,12,6
Chancè,tarren-mill,1151,shaman,enhancement,24,12,12
Caelx,ragnaros,1150,shaman,enhancement,18,12,6
Møldør,tarren-mill,1150,shaman,enhancement,18,12,6
Hassebolt,draenor,1150,shaman,enhancement,18,12,6
Altotem,blackmoore,1150,shaman,enhancement,18,12,6
Darkstrong,alakir,1150,shaman,enhancement,24,13,11
Ganachimby,zuljin,1149,shaman,enhancement,18,12,6
Shammyenh,burning-legion,1149,shaman,enhancement,18,12,6
Litenrolixd,tarren-mill,1149,shaman,enhancement,18,12,6
Dmgaddict,kazzak,1149,shaman,enhancement,24,12,12
Shamira,nethersturm,1148,shaman,enhancement,30,12,18
Porphy,kazzak,1147,shaman,enhancement,18,12,6
Famepolîce,blackrock,1147,shaman,enhancement,18,12,6
Yogan,dun-modr,1147,shaman,enhancement,24,12,12
Kirtach,dun-modr,1146,shaman,enhancement,18,12,6
Maurrigan,rashgarroth,1142,shaman,enhancement,18,12,6
Shock,magtheridon,1140,shaman,enhancement,29,17,12
Aquæ,suramar,1140,shaman,enhancement,111,59,52
Enormo,eredar,1140,shaman,enhancement,24,12,12
Patites,twisting-nether,1139,shaman,enhancement,30,13,17
Ipbar,blackrock,1137,shaman,enhancement,24,13,11
Sg,la-croisade-écarlate,1135,shaman,enhancement,37,18,19
Zzadoxor,doomhammer,1134,shaman,enhancement,24,12,12
Secramas,ragnaros,1134,shaman,enhancement,30,12,18
Arcura,twisting-nether,1127,shaman,enhancement,24,13,11
Плюжка,greymane,1127,shaman,enhancement,122,62,60
Stormrex,magtheridon,1124,shaman,enhancement,60,31,29
Киллдрак,howling-fjord,1118,shaman,enhancement,24,12,12
Precíous,sporeggar,1115,shaman,enhancement,34,19,15
Windfury,sylvanas,1113,shaman,enhancement,47,22,25
Juniyaa,blackrock,1112,shaman,enhancement,26,13,13
Tremuchamy,tyrande,1110,shaman,enhancement,17,13,4
Акер,deathguard,1108,shaman,enhancement,24,14,10
Боргрим,eversong,1104,shaman,enhancement,46,17,29
Dakotasham,ravencrest,1102,shaman,enhancement,17,12,5
Eneruswag,draenor,1098,shaman,enhancement,29,14,15
Janserey,burning-legion,1090,shaman,enhancement,30,12,18
Obryss,tarren-mill,1086,shaman,enhancement,17,12,5
Kringspierce,twisting-nether,1086,shaman,enhancement,55,34,21
Rhastasho,archimonde,1086,shaman,enhancement,30,13,17
Хмелецкий,soulflayer,1085,shaman,enhancement,30,18,12
Wargriman,kelthuzad,1081,shaman,enhancement,24,15,9
Bábbajaggí,blackrock,1077,shaman,enhancement,30,13,17
Zmech,chamber-of-aspects,1068,shaman,enhancement,25,12,13
Харрум,soulflayer,1060,shaman,enhancement,44,23,21
Kärmá,stormscale,1056,shaman,enhancement,18,11,7
Axiiom,draenor,1056,shaman,enhancement,18,11,7
Enh,archimonde,1056,shaman,enhancement,18,11,7
Fòóxi,ravencrest,1056,shaman,enhancement,156,82,74
Ипа,thermaplugg,1056,shaman,enhancement,30,15,15
Pay,stormscale,1055,shaman,enhancement,18,11,7
Kelvok,silvermoon,1055,shaman,enhancement,18,11,7
Юрахафанбой,blackscar,1055,shaman,enhancement,18,11,7
Roxâm,hyjal,1055,shaman,enhancement,18,11,7
Shámi,gilneas,1055,shaman,enhancement,24,11,13
Иллюминэйшн,soulflayer,1055,shaman,enhancement,24,11,13
Trobø,ravencrest,1055,shaman,enhancement,33,12,21
Kolbászlelkü,ragnaros,1054,shaman,enhancement,18,11,7
Ойрхин,greymane,1054,shaman,enhancement,24,11,13
Elémenta,turalyon,1053,shaman,enhancement,18,11,7
Razush,draenor,1053,shaman,enhancement,18,11,7
Hitmeagain,blackhand,1053,shaman,enhancement,24,11,13
Hopefully,eredar,1050,shaman,enhancement,18,11,7
Foulecamp,archimonde,1050,shaman,enhancement,24,11,13
Rorenth,blackhand,1049,shaman,enhancement,68,35,33
Erupted,draenor,1049,shaman,enhancement,30,11,19
Щцц,soulflayer,1047,shaman,enhancement,18,11,7
Navy,frostwolf,1046,shaman,enhancement,18,11,7
Chamirox,ysondre,1046,shaman,enhancement,30,11,19
Frostýx,draenor,1045,shaman,enhancement,27,12,15
Biglynx,sanguino,1044,shaman,enhancement,96,52,44
Shamrøck,archimonde,1042,shaman,enhancement,30,15,15
Éàsy,blackmoore,1042,shaman,enhancement,24,11,13
Vrontes,kazzak,1042,shaman,enhancement,24,11,13
Quartodebue,nemesis,1041,shaman,enhancement,18,11,7
Burghezu,magtheridon,1038,shaman,enhancement,36,20,16
Roastbeef,blackrock,1030,shaman,enhancement,18,11,7
Barbebiendur,archimonde,1027,shaman,enhancement,30,13,17
Мсет,soulflayer,1023,shaman,enhancement,17,11,6
Øzy,sanguino,1016,shaman,enhancement,18,12,6
Kushme,silvermoon,1014,shaman,enhancement,84,36,48
Джаабб,booty-bay,1014,shaman,enhancement,35,11,24
Eliaap,antonidas,1008,shaman,enhancement,108,47,61
Chamtroulku,ysondre,1001,shaman,enhancement,23,11,12
Khamo,twisting-nether,990,shaman,enhancement,17,11,6
Шалман,thermaplugg,979,shaman,enhancement,221,100,121
Yunero,argent-dawn,975,shaman,enhancement,19,11,8
Esciamano,nemesis,961,shaman,enhancement,23,14,9
Dumhuvud,stormscale,960,shaman,enhancement,12,10,2
Gorogoró,kazzak,960,shaman,enhancement,12,10,2
Tätschentim,blackrock,960,shaman,enhancement,12,10,2
Getahex,ravencrest,960,shaman,enhancement,12,10,2
Robzn,blackrock,960,shaman,enhancement,12,10,2
Kishock,tarren-mill,960,shaman,enhancement,18,10,8
Crysis,sanguino,960,shaman,enhancement,18,10,8
Биттерлинкс,blackscar,960,shaman,enhancement,18,10,8
Dumbasha,ravencrest,960,shaman,enhancement,18,10,8
Mëditåtïøñ,blackrock,960,shaman,enhancement,24,10,14
Otacboziji,sylvanas,959,shaman,enhancement,18,10,8
Sûckmytotem,ragnaros,959,shaman,enhancement,18,10,8
Lavalordd,tarren-mill,959,shaman,enhancement,18,10,8
Satanloveme,stormscale,959,shaman,enhancement,24,10,14
Dirtymiké,tarren-mill,959,shaman,enhancement,24,10,14
Numeschnäu,eredar,958,shaman,enhancement,12,10,2
Evííl,tarren-mill,958,shaman,enhancement,12,10,2
Ugory,die-aldor,958,shaman,enhancement,12,10,2
Myngo,thrall,958,shaman,enhancement,18,10,8
Miriam,stormreaver,957,shaman,enhancement,18,10,8
Pushs,archimonde,956,shaman,enhancement,18,10,8
Towi,krasus,955,shaman,enhancement,12,10,2
Ashmantle,twisting-nether,955,shaman,enhancement,18,10,8
Tism,stormscale,955,shaman,enhancement,19,10,9
Nâs,kazzak,955,shaman,enhancement,24,10,14
Tufftnamn,frostmane,955,shaman,enhancement,24,10,14
Pureflame,silvermoon,955,shaman,enhancement,24,10,14
Тандерхем,gordunni,951,shaman,enhancement,18,10,8
Nazma,blackhand,949,shaman,enhancement,12,10,2
Rushfabi,aegwynn,948,shaman,enhancement,24,10,14
Wuchtzwerg,terrordar,945,shaman,enhancement,12,10,2
Xakum,stormscale,944,shaman,enhancement,12,10,2
Krakennm,dalaran,940,shaman,enhancement,55,24,31
Wioda,silvermoon,937,shaman,enhancement,23,12,11
Чухмандос,gordunni,932,shaman,enhancement,23,11,12
Cementatar,burning-blade,931,shaman,enhancement,24,10,14
Nethershock,blackmoore,928,shaman,enhancement,84,44,40
Bobonbu,forscherliga,927,shaman,enhancement,17,10,7
Бойкийкот,gordunni,926,shaman,enhancement,24,10,14
Izaarleus,argent-dawn,920,shaman,enhancement,23,10,13
Ryujìñjakka,culte-de-la-rive-noire,919,shaman,enhancement,24,12,12
Blutschrei,tarren-mill,917,shaman,enhancement,42,10,32
Sardemar,defias-brotherhood,914,shaman,enhancement,24,13,11
Twotwozero,defias-brotherhood,908,shaman,enhancement,35,14,21
Тыщатристах,howling-fjord,903,shaman,enhancement,18,11,7
Kireekoura,tarren-mill,901,shaman,enhancement,21,10,11
Cimer,sargeras,888,shaman,enhancement,81,33,48
Mimsy,hyjal,876,shaman,enhancement,53,21,32
Chronochrome,chamber-of-aspects,872,shaman,enhancement,63,29,34
Mendoz,nazjatar,869,shaman,enhancement,72,33,39
Blackyx,dun-modr,864,shaman,enhancement,12,9,3
Axilary,tarren-mill,864,shaman,enhancement,12,9,3
Shootinguard,kazzak,864,shaman,enhancement,12,9,3
Exysen,kazzak,864,shaman,enhancement,12,9,3
Martini,tichondrius,864,shaman,enhancement,15,10,5
Ostosmvp,ravencrest,864,shaman,enhancement,18,9,9
Politemanner,stormscale,864,shaman,enhancement,18,9,9
Dwarfovic,ravencrest,864,shaman,enhancement,18,9,9
Чифсоса,soulflayer,864,shaman,enhancement,18,9,9
Chehkhan,archimonde,864,shaman,enhancement,19,9,10
Morkyy,thrall,863,shaman,enhancement,12,9,3
Stormlash,shattered-halls,863,shaman,enhancement,12,9,3
Maddogxz,frostwolf,863,shaman,enhancement,12,9,3
Electricgødx,tarren-mill,863,shaman,enhancement,12,9,3
Itswoland,tarren-mill,863,shaman,enhancement,16,10,6
Shyne,vashj,863,shaman,enhancement,18,9,9
Lava,haomarush,863,shaman,enhancement,18,9,9
Gnubbzer,antonidas,863,shaman,enhancement,18,9,9
Nìno,azshara,863,shaman,enhancement,18,9,9
Zðhan,azshara,863,shaman,enhancement,18,9,9
Громовойбро,blackscar,863,shaman,enhancement,18,9,9
Mulf,darksorrow,863,shaman,enhancement,18,9,9
Taraesh,blackhand,863,shaman,enhancement,18,9,9
Jhagy,archimonde,863,shaman,enhancement,18,9,9
Shockrates,pozzo-delleternità,863,shaman,enhancement,18,9,9
Irønythar,drakthul,863,shaman,enhancement,18,9,9
Sgtspyke,ragnaros,863,shaman,enhancement,24,9,15
Nøve,nemesis,862,shaman,enhancement,12,9,3
Tuncha,runetotem,862,shaman,enhancement,18,9,9
Hailele,argent-dawn,862,shaman,enhancement,18,9,9
Pissluffer,tarren-mill,862,shaman,enhancement,18,9,9
Brigantino,burning-legion,862,shaman,enhancement,18,9,9
Fatflop,sylvanas,862,shaman,enhancement,18,9,9
Puumbaa,defias-brotherhood,862,shaman,enhancement,18,9,9
Ордосус,gordunni,862,shaman,enhancement,24,9,15
Apekeeper,silvermoon,862,shaman,enhancement,30,9,21
Yabadabadoo,burning-legion,861,shaman,enhancement,18,9,9
Relampago,eredar,861,shaman,enhancement,18,9,9
Jockin,tarren-mill,860,shaman,enhancement,24,9,15
Ягном,soulflayer,860,shaman,enhancement,24,9,15
Doclava,twisting-nether,859,shaman,enhancement,18,9,9
Shockaibo,drakthul,859,shaman,enhancement,24,9,15
Furioous,ravencrest,857,shaman,enhancement,18,9,9
Yzeed,argent-dawn,856,shaman,enhancement,18,9,9
Humming,sanguino,851,shaman,enhancement,18,9,9
Vaesk,auchindoun,850,shaman,enhancement,18,9,9
Рэйпушка,gordunni,847,shaman,enhancement,23,9,14
Stubby,nagrand,843,shaman,enhancement,25,11,14
Dzandell,silvermoon,831,shaman,enhancement,17,9,8
Jaykezap,kazzak,831,shaman,enhancement,17,9,8
Мигнтз,soulflayer,831,shaman,enhancement,17,9,8
Deeblu,nemesis,821,shaman,enhancement,24,9,15
Zugzie,draenor,820,shaman,enhancement,30,9,21
Эсфира,ashenvale,810,shaman,enhancement,22,9,13
Рокмару,soulflayer,808,shaman,enhancement,29,11,18
Nuluadroguri,twisting-nether,793,shaman,enhancement,22,9,13
Koiru,argent-dawn,782,shaman,enhancement,19,9,10
Бурапи,howling-fjord,768,shaman,enhancement,12,8,4
Dêblâzê,thrall,768,shaman,enhancement,12,8,4
Trulor,stormscale,768,shaman,enhancement,12,8,4
Lytningx,ravencrest,768,shaman,enhancement,12,8,4
Qätär,ravencrest,768,shaman,enhancement,12,8,4
Noboorst,stormscale,768,shaman,enhancement,12,8,4
Thunderdøme,stormscale,768,shaman,enhancement,12,8,4
Khorgam,twisting-nether,768,shaman,enhancement,12,8,4
Groyaboý,blackrock,768,shaman,enhancement,12,8,4
Драгенхз,gordunni,768,shaman,enhancement,12,8,4
Achtungblitz,blackrock,768,shaman,enhancement,12,8,4
Maksimon,blackrock,768,shaman,enhancement,12,8,4
Cocolopez,tichondrius,768,shaman,enhancement,12,8,4
Sleven,twisting-nether,768,shaman,enhancement,12,8,4
Healníx,ravencrest,768,shaman,enhancement,12,8,4
Drade,aegwynn,768,shaman,enhancement,14,8,6
Bmtotem,twisting-nether,768,shaman,enhancement,18,8,10
Gnomecake,vashj,768,shaman,enhancement,18,8,10
Paschol,aegwynn,768,shaman,enhancement,18,8,10
Babal,outland,768,shaman,enhancement,24,8,16
Darhgan,argent-dawn,767,shaman,enhancement,12,8,4
Wawawoowee,archimonde,767,shaman,enhancement,12,8,4
Wonderman,jaedenar,767,shaman,enhancement,12,8,4
Complete,hyjal,767,shaman,enhancement,12,8,4
Windshockah,tarren-mill,767,shaman,enhancement,12,8,4
Yasaburo,silvermoon,767,shaman,enhancement,12,8,4
Szamanito,turalyon,767,shaman,enhancement,18,8,10
Carlos,magtheridon,767,shaman,enhancement,18,8,10
Лаваяшка,gordunni,767,shaman,enhancement,18,8,10
Tschacô,malganis,767,shaman,enhancement,18,8,10
Persaunne,archimonde,766,shaman,enhancement,12,8,4
Draugrinns,tarren-mill,766,shaman,enhancement,12,8,4
Târu,blackrock,766,shaman,enhancement,24,8,16
Goatsandoats,doomhammer,765,shaman,enhancement,12,8,4
Lôù,archimonde,765,shaman,enhancement,18,8,10
Ronctaha,blackrock,764,shaman,enhancement,12,8,4
Carusø,thrall,764,shaman,enhancement,18,8,10
Strygwyrl,doomhammer,764,shaman,enhancement,18,8,10
Рыргаск,howling-fjord,764,shaman,enhancement,18,8,10
Biphrost,nemesis,764,shaman,enhancement,24,9,15
Hectoraïus,ysondre,763,shaman,enhancement,18,8,10
Murog,dalaran,762,shaman,enhancement,12,8,4
Maulstrom,pozzo-delleternità,762,shaman,enhancement,12,8,4
Gibspark,twisting-nether,762,shaman,enhancement,12,8,4
Korzo,amanthul,761,shaman,enhancement,12,8,4
Тенав,blackscar,759,shaman,enhancement,24,8,16
Hyamala,chamber-of-aspects,757,shaman,enhancement,18,8,10
Шамблабла,soulflayer,756,shaman,enhancement,30,8,22
Pøllemodex,frostwhisper,750,shaman,enhancement,19,9,10
Madbud,stormscale,750,shaman,enhancement,17,8,9
Fotmslave,laughing-skull,749,shaman,enhancement,15,10,5
Asogg,archimonde,743,shaman,enhancement,24,9,15
Åkra,kazzak,735,shaman,enhancement,16,8,8
Gälädhan,ysondre,733,shaman,enhancement,18,8,10
Тотемныйчад,gordunni,731,shaman,enhancement,16,8,8
Negårn,tarren-mill,719,shaman,enhancement,11,8,3
Ihealbro,blackrock,714,shaman,enhancement,16,11,5
Shds,blackmoore,714,shaman,enhancement,21,11,10
Pospodrol,ragnaros,704,shaman,enhancement,16,8,8
Faridstreng,blackmoore,703,shaman,enhancement,11,8,3
Lavashock,tarren-mill,700,shaman,enhancement,28,8,20
Chàrlord,twisting-nether,688,shaman,enhancement,19,8,11
Tiamât,culte-de-la-rive-noire,685,shaman,enhancement,19,8,11
Charth,ravencrest,677,shaman,enhancement,25,8,17
Bärtigeberta,aegwynn,672,shaman,enhancement,10,8,2
Roineé,draenor,672,shaman,enhancement,12,7,5
Djonebutton,kazzak,672,shaman,enhancement,12,7,5
Proper,tichondrius,672,shaman,enhancement,12,7,5
Trixey,mazrigos,672,shaman,enhancement,12,7,5
Aspên,archimonde,672,shaman,enhancement,12,7,5
Akatuseiwah,blackrock,672,shaman,enhancement,12,7,5
Metalbeef,xavius,672,shaman,enhancement,12,7,5
Turbostuck,ravencrest,672,shaman,enhancement,12,7,5
Propanengtmr,stormscale,672,shaman,enhancement,12,7,5
Инсэйнгодх,soulflayer,672,shaman,enhancement,12,7,5
Likê,aegwynn,672,shaman,enhancement,12,7,5
Jarrek,draenor,672,shaman,enhancement,12,7,5
Relentlessqt,aegwynn,672,shaman,enhancement,12,7,5
Virrogs,argent-dawn,672,shaman,enhancement,12,7,5
Vutututututu,ragnaros,672,shaman,enhancement,12,7,5
Сидог,soulflayer,672,shaman,enhancement,12,7,5
Preams,blackrock,672,shaman,enhancement,12,7,5
Philcallings,tarren-mill,672,shaman,enhancement,12,7,5
Windypops,tarren-mill,672,shaman,enhancement,12,7,5
Eomsham,magtheridon,672,shaman,enhancement,12,7,5
Нерезшок,soulflayer,672,shaman,enhancement,18,7,11
Irmax,stormscale,672,shaman,enhancement,18,7,11
Tzivati,draenor,672,shaman,enhancement,18,7,11
Horiq,kazzak,672,shaman,enhancement,18,7,11
Earthshot,magtheridon,672,shaman,enhancement,18,7,11
Swoltz,argent-dawn,672,shaman,enhancement,24,7,17
Stormfury,balnazzar,671,shaman,enhancement,12,7,5
Thalmorius,argent-dawn,671,shaman,enhancement,12,7,5
Spajry,drakthul,671,shaman,enhancement,12,7,5
Dwarfofwar,ravencrest,671,shaman,enhancement,12,7,5
Джоннси,howling-fjord,671,shaman,enhancement,12,7,5
Puncochar,zuljin,671,shaman,enhancement,12,7,5
Birnenpfeffi,malfurion,671,shaman,enhancement,12,7,5
Rutil,blackhand,671,shaman,enhancement,12,7,5
Ðexx,stormscale,671,shaman,enhancement,12,7,5
Splat,burning-blade,671,shaman,enhancement,12,7,5
Okmogar,khaz-modan,671,shaman,enhancement,12,7,5
Dénekha,zuljin,671,shaman,enhancement,12,7,5
Skut,zuljin,671,shaman,enhancement,18,7,11
Cbshaman,sylvanas,671,shaman,enhancement,18,7,11
Bigmassage,blackmoore,671,shaman,enhancement,18,7,11
Stratholmee,drakthul,671,shaman,enhancement,18,7,11
Götveren,eredar,671,shaman,enhancement,18,7,11
Sajma,silvermoon,671,shaman,enhancement,18,7,11
Promethxis,silvermoon,671,shaman,enhancement,18,7,11
Florgegoyd,eredar,670,shaman,enhancement,12,7,5
Valaya,archimonde,670,shaman,enhancement,12,7,5
Elijaá,nordrassil,670,shaman,enhancement,18,7,11
Sacrx,dalaran,670,shaman,enhancement,24,7,17
Shreks,frostmane,668,shaman,enhancement,18,7,11
Spirites,drakthul,667,shaman,enhancement,12,7,5
Wartay,doomhammer,667,shaman,enhancement,12,7,5
Viandehachee,dalaran,667,shaman,enhancement,12,7,5
Welgor,kult-der-verdammten,667,shaman,enhancement,12,7,5
Bumm,twisting-nether,665,shaman,enhancement,24,7,17
Maskiimon,blackrock,639,shaman,enhancement,14,8,6
Ивми,gordunni,623,shaman,enhancement,11,7,4
Cealdlynn,blackmoore,623,shaman,enhancement,11,7,4
Oldstorm,ravencrest,618,shaman,enhancement,22,10,12
Skillxdxdxd,outland,608,shaman,enhancement,16,7,9
Psychobarbie,outland,606,shaman,enhancement,11,7,4
Hamstéole,hyjal,604,shaman,enhancement,10,7,3
Nòrgan,die-aldor,592,shaman,enhancement,7,7,0
Shamhaár,blackmoore,576,shaman,enhancement,6,6,0
Акаварри,gordunni,576,shaman,enhancement,6,6,0
Ðrshock,blackmoore,576,shaman,enhancement,6,6,0
Miøn,kazzak,576,shaman,enhancement,6,6,0
Mowjo,la-croisade-écarlate,576,shaman,enhancement,6,6,0
Krónm,dun-modr,576,shaman,enhancement,6,6,0
Procctor,kazzak,576,shaman,enhancement,6,6,0
Pinkylol,stormscale,576,shaman,enhancement,12,6,6
Dami,die-aldor,576,shaman,enhancement,12,6,6
Lafia,blackrock,576,shaman,enhancement,12,6,6
Amelie,burning-steppes,576,shaman,enhancement,12,6,6
Kral,defias-brotherhood,576,shaman,enhancement,12,6,6
Purada,blackrock,576,shaman,enhancement,12,6,6
Tharma,blackmoore,576,shaman,enhancement,12,6,6
Dwarfstil,blackmoore,576,shaman,enhancement,12,6,6
Imotii,burning-legion,576,shaman,enhancement,12,6,6
Gruggosh,argent-dawn,576,shaman,enhancement,12,6,6
Purgerooni,haomarush,576,shaman,enhancement,12,6,6
Thëhêxfäçtør,tarren-mill,576,shaman,enhancement,12,6,6
Агмень,howling-fjord,576,shaman,enhancement,12,6,6
Azrodas,defias-brotherhood,576,shaman,enhancement,12,6,6
Биттерлинкс,soulflayer,576,shaman,enhancement,12,6,6
Detestable,eredar,576,shaman,enhancement,12,6,6
Вайгачи,soulflayer,576,shaman,enhancement,12,6,6
Elemefayoh,tarren-mill,576,shaman,enhancement,12,6,6
ßaßystärz,hyjal,576,shaman,enhancement,12,6,6
Searfang,korgall,576,shaman,enhancement,12,6,6
Tzaish,blackmoore,576,shaman,enhancement,12,6,6
Thunderwill,sanguino,576,shaman,enhancement,12,6,6
Szelenamoonx,outland,576,shaman,enhancement,12,6,6
Haasshaman,ravencrest,576,shaman,enhancement,18,6,12
Finni,hyjal,575,shaman,enhancement,12,6,6
Мамонтшам,howling-fjord,575,shaman,enhancement,12,6,6
Rink,frostmane,575,shaman,enhancement,12,6,6
Apolomaeuz,frostwolf,575,shaman,enhancement,12,6,6
Интендо,soulflayer,575,shaman,enhancement,12,6,6
Dergat,pozzo-delleternità,575,shaman,enhancement,12,6,6
Shawnmendes,kazzak,575,shaman,enhancement,15,7,8
Hexrated,draenor,575,shaman,enhancement,15,7,8
Rykarn,eredar,575,shaman,enhancement,15,7,8
Hatchum,les-sentinelles,575,shaman,enhancement,24,6,18
Hedjin,argent-dawn,574,shaman,enhancement,12,6,6
Mahlga,argent-dawn,574,shaman,enhancement,18,6,12
Zuziki,argent-dawn,573,shaman,enhancement,12,6,6
Shamsterr,karazhan,573,shaman,enhancement,12,6,6
Дядяшаман,gordunni,573,shaman,enhancement,24,6,18
Shaminista,ravencrest,571,shaman,enhancement,12,6,6
Xilz,twisting-nether,558,shaman,enhancement,17,6,11
Guqin,ravencrest,543,shaman,enhancement,16,6,10
Капарис,deathweaver,527,shaman,enhancement,15,6,9
Teyshtwö,archimonde,522,shaman,enhancement,14,7,7
Whizjy,sanguino,521,shaman,enhancement,22,9,13
Тмх,ashenvale,512,shaman,enhancement,16,6,10
Guzguzguz,blackhand,511,shaman,enhancement,14,6,8
Ruintotems,twisting-nether,510,shaman,enhancement,11,7,4
Synergizer,kazzak,480,shaman,enhancement,6,5,1
Podoroschnik,blackmoore,480,shaman,enhancement,6,5,1
Wooyoungsham,sylvanas,480,shaman,enhancement,6,5,1
Nargaz,burning-legion,480,shaman,enhancement,6,5,1
Earthquaker,the-maelstrom,480,shaman,enhancement,6,5,1
Windsòng,stormscale,480,shaman,enhancement,6,5,1
Пойдипокури,howling-fjord,480,shaman,enhancement,6,5,1
Medoje,argent-dawn,480,shaman,enhancement,6,5,1
Øutfox,silvermoon,480,shaman,enhancement,6,5,1
Таиров,soulflayer,480,shaman,enhancement,6,5,1
Velkin,thrall,480,shaman,enhancement,6,5,1
Silden,thrall,480,shaman,enhancement,6,5,1
Berserked,emeriss,480,shaman,enhancement,6,5,1
Genrok,burning-blade,480,shaman,enhancement,6,5,1
Ðevi,ravencrest,480,shaman,enhancement,6,5,1
Bowtenstorm,ravencrest,480,shaman,enhancement,12,5,7
Neroty,blackmoore,480,shaman,enhancement,12,5,7
Mistahbeard,stormscale,480,shaman,enhancement,12,5,7
Neystee,archimonde,480,shaman,enhancement,12,5,7
Hobblefoot,stormscale,480,shaman,enhancement,12,5,7
Grolifer,archimonde,480,shaman,enhancement,12,5,7
Эрхус,soulflayer,480,shaman,enhancement,12,5,7
Кгб,greymane,480,shaman,enhancement,12,5,7
Purgey,ravencrest,480,shaman,enhancement,12,5,7
Hiron,sylvanas,480,shaman,enhancement,12,5,7
Дротчим,soulflayer,480,shaman,enhancement,12,5,7
Kabard,silvermoon,480,shaman,enhancement,12,5,7
Rejrax,ravencrest,480,shaman,enhancement,12,5,7
Grosgourdin,la-croisade-écarlate,480,shaman,enhancement,12,5,7
Duhdelido,ravencrest,480,shaman,enhancement,12,5,7
Fanatroka,ravencrest,480,shaman,enhancement,12,5,7
Rahtafary,sanguino,480,shaman,enhancement,12,5,7
Schoølbøyq,blackrock,480,shaman,enhancement,12,5,7
Batan,kazzak,480,shaman,enhancement,12,5,7
Ñax,silvermoon,480,shaman,enhancement,12,5,7
Tonifo,nemesis,480,shaman,enhancement,12,5,7
Xelphia,frostmane,480,shaman,enhancement,12,5,7
Iicks,blackrock,480,shaman,enhancement,12,5,7
Volcanò,outland,480,shaman,enhancement,12,5,7
Zarosh,los-errantes,480,shaman,enhancement,12,5,7
Fiden,drakthul,480,shaman,enhancement,12,5,7
Teaboï,hyjal,480,shaman,enhancement,12,5,7
Sitkosham,burning-blade,480,shaman,enhancement,12,5,7
Pank,kazzak,480,shaman,enhancement,12,5,7
Lilmarco,stormreaver,480,shaman,enhancement,12,5,7
Ogmehu,stormreaver,480,shaman,enhancement,12,5,7
Tordenlars,ragnaros,480,shaman,enhancement,12,5,7
Zaappyboii,azjolnerub,480,shaman,enhancement,12,5,7
Slaphappy,hellscream,480,shaman,enhancement,15,6,9
Halliane,ysondre,480,shaman,enhancement,18,5,13
Shaakez,kazzak,480,shaman,enhancement,18,5,13
Brassefrasse,shattered-hand,479,shaman,enhancement,6,5,1
Tornadozzer,burning-legion,479,shaman,enhancement,12,5,7
Durotansan,ragnaros,479,shaman,enhancement,12,5,7
Zerodown,outland,479,shaman,enhancement,12,5,7
Chamrøck,hyjal,479,shaman,enhancement,12,5,7
Фролыч,deathguard,479,shaman,enhancement,12,5,7
Kaybiel,magtheridon,478,shaman,enhancement,12,5,7
Asstroy,sanguino,477,shaman,enhancement,6,5,1
Залазани,soulflayer,474,shaman,enhancement,12,5,7
Shockdx,dun-modr,463,shaman,enhancement,11,5,6
Buldozar,blackmoore,448,shaman,enhancement,16,5,11
Zaffyboi,draenor,448,shaman,enhancement,16,5,11
Tookaageeroo,burning-legion,446,shaman,enhancement,14,6,8
Macoox,drakthul,432,shaman,enhancement,9,5,4
Monstermunch,ravencrest,432,shaman,enhancement,15,5,10
Даблпамп,howling-fjord,431,shaman,enhancement,17,5,12
Electrical,kazzak,426,shaman,enhancement,15,6,9
Hodir,bronzebeard,415,shaman,enhancement,10,5,5
Nargrul,tarren-mill,415,shaman,enhancement,11,5,6
Gigamuscle,ravencrest,400,shaman,enhancement,13,5,8
Thoshir,silvermoon,399,shaman,enhancement,5,5,0
Хаммерн,gordunni,384,shaman,enhancement,6,4,2
Tempóralex,blackhand,384,shaman,enhancement,6,4,2
Россаврн,galakrond,384,shaman,enhancement,6,4,2
Олешао,howling-fjord,384,shaman,enhancement,6,4,2
Xalta,eldrethalas,384,shaman,enhancement,6,4,2
Bærserker,blackmoore,384,shaman,enhancement,6,4,2
Rèxxar,stormscale,384,shaman,enhancement,6,4,2
Baldurr,sylvanas,384,shaman,enhancement,6,4,2
Raindx,draenor,384,shaman,enhancement,6,4,2
Buzz,stormscale,384,shaman,enhancement,6,4,2
Nøxz,blackmoore,384,shaman,enhancement,6,4,2
Aitch,blackmoore,384,shaman,enhancement,6,4,2
Шамунчез,gordunni,384,shaman,enhancement,6,4,2
Runè,azjolnerub,384,shaman,enhancement,6,4,2
Abdegor,burning-legion,384,shaman,enhancement,6,4,2
Sinwithin,ravencrest,384,shaman,enhancement,6,4,2
Faroh,ravencrest,384,shaman,enhancement,6,4,2
Abordoga,twisting-nether,384,shaman,enhancement,6,4,2
Totems,the-venture-co,384,shaman,enhancement,6,4,2
Krytonian,twisting-nether,384,shaman,enhancement,6,4,2
Мистерэнх,soulflayer,384,shaman,enhancement,6,4,2
Piripolkka,defias-brotherhood,384,shaman,enhancement,6,4,2
Нийрагонго,gordunni,384,shaman,enhancement,6,4,2
Apócalypsee,ravencrest,384,shaman,enhancement,6,4,2
Bantzer,twisting-nether,384,shaman,enhancement,6,4,2
Ql,twisting-nether,384,shaman,enhancement,6,4,2
Rodneymullen,tarren-mill,384,shaman,enhancement,6,4,2
Mustabrutus,tarren-mill,384,shaman,enhancement,6,4,2
Pyrabolt,ravencrest,384,shaman,enhancement,6,4,2
Cch,kazzak,384,shaman,enhancement,6,4,2
Drexx,thrall,384,shaman,enhancement,6,4,2
Ilkim,hyjal,384,shaman,enhancement,6,4,2
Ayrá,ulduar,384,shaman,enhancement,6,4,2
Frrostshockk,outland,384,shaman,enhancement,6,4,2
Thornaim,hyjal,384,shaman,enhancement,6,4,2
Jaydc,silvermoon,384,shaman,enhancement,6,4,2
Richtigfies,kazzak,384,shaman,enhancement,6,4,2
Isogrind,archimonde,384,shaman,enhancement,6,4,2
Gyuksz,arathor,384,shaman,enhancement,9,4,5
Бигмамуля,booty-bay,384,shaman,enhancement,12,4,8
Powder,tichondrius,384,shaman,enhancement,12,4,8
Sûmmêrz,ravencrest,384,shaman,enhancement,12,4,8
Yelawolf,shattered-hand,384,shaman,enhancement,12,4,8
Blixtnedslag,shattered-hand,384,shaman,enhancement,12,4,8
Türak,tarren-mill,384,shaman,enhancement,12,4,8
Yasunari,sanguino,384,shaman,enhancement,12,4,8
Holten,outland,384,shaman,enhancement,12,4,8
Jaéto,ravencrest,384,shaman,enhancement,12,4,8
Courtney,sylvanas,384,shaman,enhancement,12,4,8
Kertunsisko,emeriss,384,shaman,enhancement,12,4,8
Asçele,kazzak,384,shaman,enhancement,12,4,8
Votie,tarren-mill,384,shaman,enhancement,12,4,8
Rykon,teldrassil,384,shaman,enhancement,12,4,8
Johnisplay,tarren-mill,384,shaman,enhancement,12,4,8
Claodze,stormscale,384,shaman,enhancement,12,4,8
Brooce,sylvanas,384,shaman,enhancement,12,4,8
Дюнволкер,razuvious,384,shaman,enhancement,12,4,8
Zevissh,outland,384,shaman,enhancement,12,4,8
Kiwanuká,draenor,384,shaman,enhancement,12,4,8
Waterboi,blackmoore,384,shaman,enhancement,12,4,8
Réläx,kazzak,384,shaman,enhancement,12,4,8
Nuclearjohny,eredar,384,shaman,enhancement,18,4,14
Derryo,silvermoon,384,shaman,enhancement,18,4,14
Jorny,burning-legion,384,shaman,enhancement,18,4,14
Скерлайн,blackscar,384,shaman,enhancement,18,4,14
Domiro,ravencrest,384,shaman,enhancement,18,4,14
Fàkecast,outland,384,shaman,enhancement,18,4,14
Karnox,tarren-mill,384,shaman,enhancement,18,4,14
Naahma,hyjal,384,shaman,enhancement,18,4,14
Bubbschock,antonidas,383,shaman,enhancement,6,4,2
Màverìck,nemesis,383,shaman,enhancement,6,4,2
Goblaman,pozzo-delleternità,383,shaman,enhancement,6,4,2
Wolkano,zuljin,383,shaman,enhancement,10,5,5
Châmanco,dun-modr,383,shaman,enhancement,12,4,8
Аеесо,gordunni,383,shaman,enhancement,12,4,8
Bachetobg,darksorrow,383,shaman,enhancement,12,4,8
Blutshock,zuluhed,382,shaman,enhancement,12,4,8
Nalàar,hyjal,368,shaman,enhancement,11,6,5
Lekthar,draenor,361,shaman,enhancement,18,6,12
Johnyexe,drakthul,328,shaman,enhancement,8,5,3
Hurtigtotem,ravencrest,320,shaman,enhancement,10,4,6
Ромчи,gordunni,320,shaman,enhancement,10,4,6
Cowkiller,minahonda,319,shaman,enhancement,5,4,1
Freizeitler,antonidas,319,shaman,enhancement,5,4,1
Razgriz,confrérie-du-thorium,304,shaman,enhancement,7,4,3
Magosh,blackmoore,288,shaman,enhancement,6,3,3
Sodor,laughing-skull,288,shaman,enhancement,6,3,3
Ostbumsdirne,stormscale,288,shaman,enhancement,6,3,3
Lahur,blackmoore,288,shaman,enhancement,6,3,3
Yacuzwerg,blackrock,288,shaman,enhancement,6,3,3
Kulho,stormscale,288,shaman,enhancement,6,3,3
Ccedtodeath,sylvanas,288,shaman,enhancement,6,3,3
Nekmay,archimonde,288,shaman,enhancement,6,3,3
Shadijr,stormscale,288,shaman,enhancement,6,3,3
Zutemaster,stormscale,288,shaman,enhancement,6,3,3
Айбьорн,gordunni,288,shaman,enhancement,6,3,3
Lilkazamm,blackrock,288,shaman,enhancement,6,3,3
Джусипуси,gordunni,288,shaman,enhancement,6,3,3
Неутолимыйх,blackscar,288,shaman,enhancement,6,3,3
Рыганский,blackscar,288,shaman,enhancement,6,3,3
Shooktide,blackrock,288,shaman,enhancement,6,3,3
Zahadumia,blackrock,288,shaman,enhancement,6,3,3
Blazingfiré,tarren-mill,288,shaman,enhancement,6,3,3
Freekster,die-ewige-wacht,288,shaman,enhancement,6,3,3
Ñtk,dun-modr,288,shaman,enhancement,6,3,3
Totoostoy,burning-legion,288,shaman,enhancement,6,3,3
Keisys,kazzak,288,shaman,enhancement,6,3,3
Olej,burning-legion,288,shaman,enhancement,6,3,3
Cillysha,ravencrest,288,shaman,enhancement,6,3,3
Getahex,draenor,288,shaman,enhancement,6,3,3
Shoewalker,ragnaros,288,shaman,enhancement,6,3,3
Ðelenis,dun-modr,288,shaman,enhancement,6,3,3
Vainzxsham,ravencrest,288,shaman,enhancement,6,3,3
Millesabords,dun-morogh,288,shaman,enhancement,6,3,3
Wiev,blackmoore,288,shaman,enhancement,6,3,3
Wakoteh,quelthalas,288,shaman,enhancement,6,3,3
Мэлик,howling-fjord,288,shaman,enhancement,6,3,3
Pelicius,sanguino,288,shaman,enhancement,6,3,3
Malcolmhex,ysondre,288,shaman,enhancement,6,3,3
Рэкквием,howling-fjord,288,shaman,enhancement,6,3,3
Kemurus,kazzak,288,shaman,enhancement,6,3,3
Cptcutíe,antonidas,288,shaman,enhancement,6,3,3
Tatyabis,drekthar,288,shaman,enhancement,6,3,3
Nëÿrën,drakthul,288,shaman,enhancement,6,3,3
Uomae,dun-modr,288,shaman,enhancement,6,3,3
Håõkåh,hyjal,288,shaman,enhancement,6,3,3
Hansdieter,antonidas,288,shaman,enhancement,6,3,3
Xesti,twisting-nether,288,shaman,enhancement,6,3,3
Kafese,uldaman,288,shaman,enhancement,6,3,3
Ønlýsîn,eredar,288,shaman,enhancement,6,3,3
Reggard,drakthul,288,shaman,enhancement,6,3,3
Lurtax,outland,288,shaman,enhancement,6,3,3
Chrisbrownx,outland,288,shaman,enhancement,6,3,3
Fattywopwop,alakir,288,shaman,enhancement,6,3,3
Zokah,emeriss,288,shaman,enhancement,6,3,3
Borbor,argent-dawn,288,shaman,enhancement,6,3,3
Yerlas,burning-legion,288,shaman,enhancement,6,3,3
Varagun,argent-dawn,288,shaman,enhancement,6,3,3
Xfiles,garona,288,shaman,enhancement,6,3,3
Tswiftx,tarren-mill,288,shaman,enhancement,6,3,3
Vaexi,doomhammer,288,shaman,enhancement,6,3,3
Hurb,malorne,288,shaman,enhancement,6,3,3
Анашишка,borean-tundra,288,shaman,enhancement,12,3,9
Dastarus,archimonde,288,shaman,enhancement,12,3,9
Avattar,twisting-nether,288,shaman,enhancement,12,3,9
Hurbi,twisting-nether,288,shaman,enhancement,12,3,9
Занги,soulflayer,288,shaman,enhancement,12,3,9
Amonshokz,tarren-mill,288,shaman,enhancement,12,3,9
Lorthargol,chamber-of-aspects,288,shaman,enhancement,12,3,9
Teldathree,archimonde,288,shaman,enhancement,12,3,9
Shambamty,thrall,288,shaman,enhancement,12,3,9
Tryor,darksorrow,288,shaman,enhancement,12,3,9
Maybeyes,twisting-nether,288,shaman,enhancement,12,3,9
Garash,draenor,288,shaman,enhancement,12,3,9
Veteroth,argent-dawn,288,shaman,enhancement,12,3,9
Boulestraan,silvermoon,288,shaman,enhancement,12,3,9
Brunütansol,sylvanas,288,shaman,enhancement,12,3,9
Æskalatiøn,aegwynn,288,shaman,enhancement,12,3,9
Georgewhat,defias-brotherhood,288,shaman,enhancement,12,3,9
Ashgar,drakthul,288,shaman,enhancement,12,3,9
Kappatotem,silvermoon,288,shaman,enhancement,12,3,9
Dökowski,nemesis,288,shaman,enhancement,18,3,15
Лорикок,grom,288,shaman,enhancement,18,3,15
Nothìnto,pozzo-delleternità,287,shaman,enhancement,6,3,3
Грейсаша,howling-fjord,287,shaman,enhancement,6,3,3
Trotzig,aegwynn,287,shaman,enhancement,6,3,3
Lilbantu,ravencrest,287,shaman,enhancement,6,3,3
Slappybag,ravencrest,287,shaman,enhancement,6,3,3
Eleboss,frostwolf,287,shaman,enhancement,6,3,3
Стакок,soulflayer,287,shaman,enhancement,6,3,3
Laghärta,dun-modr,286,shaman,enhancement,6,3,3
Daelements,shadowsong,256,shaman,enhancement,10,4,6
Jehae,archimonde,239,shaman,enhancement,5,3,2
Xhahal,hyjal,234,shaman,enhancement,13,4,9
Pocahøntas,archimonde,234,shaman,enhancement,15,4,11
Mooshock,balnazzar,223,shaman,enhancement,8,3,5
Nefasti,stormscale,223,shaman,enhancement,8,3,5
Elektekk,blackrock,192,shaman,enhancement,4,3,1
Sourens,twisting-nether,192,shaman,enhancement,6,2,4
Xharnel,defias-brotherhood,192,shaman,enhancement,6,2,4
Eshami,tarren-mill,192,shaman,enhancement,6,2,4
Tâw,blackhand,192,shaman,enhancement,6,2,4
Pulvêrizêr,agamaggan,192,shaman,enhancement,6,2,4
Sgf,stormscale,192,shaman,enhancement,6,2,4
Destroilleur,archimonde,192,shaman,enhancement,6,2,4
Barneyflight,ravencrest,192,shaman,enhancement,6,2,4
Elé,ravenholdt,192,shaman,enhancement,6,2,4
Kohzen,outland,192,shaman,enhancement,6,2,4
Kassyoh,hyjal,192,shaman,enhancement,6,2,4
Crazo,tarren-mill,192,shaman,enhancement,6,2,4
Restmuell,blackmoore,192,shaman,enhancement,6,2,4
Søló,stormscale,192,shaman,enhancement,6,2,4
Urshak,alleria,192,shaman,enhancement,6,2,4
Skullføck,argent-dawn,192,shaman,enhancement,6,2,4
Råkk,argent-dawn,192,shaman,enhancement,6,2,4
Spiritualx,argent-dawn,192,shaman,enhancement,6,2,4
Бьерн,deepholm,192,shaman,enhancement,6,2,4
Acces,stormscale,192,shaman,enhancement,6,2,4
Thunderstørm,chogall,192,shaman,enhancement,6,2,4
Bonethugdex,bladefist,192,shaman,enhancement,6,2,4
Yezu,medivh,192,shaman,enhancement,6,2,4
Aubesombre,dalaran,192,shaman,enhancement,6,2,4
Gaerth,aggramar,192,shaman,enhancement,6,2,4
Pakasschami,frostwolf,192,shaman,enhancement,6,2,4
Louvreparis,frostwolf,192,shaman,enhancement,6,2,4
Layonne,ysondre,192,shaman,enhancement,6,2,4
Diya,karazhan,192,shaman,enhancement,6,2,4
Khon,eredar,192,shaman,enhancement,6,2,4
Shoockwave,twisting-nether,192,shaman,enhancement,6,2,4
Bram,aggra-português,192,shaman,enhancement,6,2,4
Gundsthunder,ravencrest,192,shaman,enhancement,6,2,4
Cuchullaín,blackmoore,192,shaman,enhancement,6,2,4
Dalgorr,magtheridon,192,shaman,enhancement,6,2,4
Haugren,eredar,192,shaman,enhancement,6,2,4
Snapbábe,blackmoore,192,shaman,enhancement,6,2,4
Lëvi,archimonde,192,shaman,enhancement,6,2,4
Stiflersmôm,antonidas,192,shaman,enhancement,6,2,4
Schamikraut,silvermoon,192,shaman,enhancement,6,2,4
Ishokyou,thrall,192,shaman,enhancement,6,2,4
Madzÿ,archimonde,192,shaman,enhancement,6,2,4
Какашисан,howling-fjord,192,shaman,enhancement,6,2,4
Nìtratx,archimonde,192,shaman,enhancement,6,2,4
Elsassi,ravencrest,192,shaman,enhancement,6,2,4
Lokkrag,archimonde,192,shaman,enhancement,6,2,4
Shamalamadi,ragnaros,192,shaman,enhancement,6,2,4
Yobro,archimonde,192,shaman,enhancement,6,2,4
Thunderpath,ragnaros,192,shaman,enhancement,6,2,4
Kuubskii,ravencrest,192,shaman,enhancement,6,2,4
Sswfx,kazzak,192,shaman,enhancement,6,2,4
Lumpp,kazzak,192,shaman,enhancement,6,2,4
Elementhor,archimonde,192,shaman,enhancement,6,2,4
Bladeyx,ragnaros,192,shaman,enhancement,6,2,4
Cheetooth,ragnaros,192,shaman,enhancement,6,2,4
Lovros,kazzak,192,shaman,enhancement,6,2,4
Ironsidé,ragnaros,192,shaman,enhancement,6,2,4
Baineoof,tarren-mill,192,shaman,enhancement,6,2,4
Haldrim,blackmoore,192,shaman,enhancement,6,2,4
Palarins,dalaran,192,shaman,enhancement,6,2,4
Kwitnac,silvermoon,192,shaman,enhancement,6,2,4
Саксаул,fordragon,192,shaman,enhancement,6,2,4
Cleptocracy,draenor,192,shaman,enhancement,6,2,4
Locosonik,kazzak,192,shaman,enhancement,6,2,4
Fufupartyxx,blackrock,192,shaman,enhancement,6,2,4
Dogfrog,silvermoon,192,shaman,enhancement,6,2,4
Родохрозид,blackscar,192,shaman,enhancement,6,2,4
Volkar,auchindoun,192,shaman,enhancement,6,2,4
Azzizael,chamber-of-aspects,192,shaman,enhancement,6,2,4
Nínive,zuljin,192,shaman,enhancement,6,2,4
Реалайзер,blackscar,192,shaman,enhancement,6,2,4
Hightotem,sanguino,192,shaman,enhancement,6,2,4
Savan,darkspear,192,shaman,enhancement,6,2,4
Shiggenbasta,kazzak,192,shaman,enhancement,6,2,4
Rodfrugten,draenor,192,shaman,enhancement,6,2,4
Амфеминка,gordunni,192,shaman,enhancement,6,2,4
Bennycooch,silvermoon,192,shaman,enhancement,6,2,4
Turbinká,burning-legion,192,shaman,enhancement,6,2,4
Lavalew,lightbringer,192,shaman,enhancement,12,2,10
Isladinks,draenor,192,shaman,enhancement,12,2,10
Sïlvek,sanguino,192,shaman,enhancement,12,2,10
Khakazis,ravencrest,192,shaman,enhancement,12,2,10
Shamaniak,tarren-mill,192,shaman,enhancement,12,2,10
Borindor,silvermoon,192,shaman,enhancement,12,2,10
Ластыч,borean-tundra,191,shaman,enhancement,6,2,4
Tianoele,drakthul,144,shaman,enhancement,3,3,0
Nuao,perenolde,138,shaman,enhancement,9,3,6
Bux,khaz-modan,127,shaman,enhancement,10,2,8
Zerak,twisting-nether,96,shaman,enhancement,3,2,1
Lawdjeezes,draenor,96,shaman,enhancement,6,1,5
Eneel,blackmoore,96,shaman,enhancement,6,1,5
Zoélement,nerzhul,96,shaman,enhancement,6,1,5
Bambustic,kazzak,96,shaman,enhancement,6,1,5
Amarök,nerzhul,96,shaman,enhancement,6,1,5
Élémentyum,archimonde,96,shaman,enhancement,6,1,5
Maskinett,stormscale,96,shaman,enhancement,6,1,5
Preshear,twisting-nether,96,shaman,enhancement,6,1,5
Agrok,jaedenar,96,shaman,enhancement,6,1,5
Grabmytotemz,tarren-mill,96,shaman,enhancement,6,1,5
Mikecrybaby,tarren-mill,96,shaman,enhancement,6,1,5
Ghaargrim,tarren-mill,96,shaman,enhancement,6,1,5
Casarú,arthas,96,shaman,enhancement,6,1,5
Epicoverlord,tarren-mill,96,shaman,enhancement,6,1,5
Raíndra,twisting-nether,96,shaman,enhancement,6,1,5
Thoranis,kazzak,96,shaman,enhancement,6,1,5
Cryptotem,ragnaros,96,shaman,enhancement,6,1,5
Bonestompamc,blackmoore,96,shaman,enhancement,6,1,5
Gagné,hyjal,96,shaman,enhancement,6,1,5
Weaslêy,frostwolf,96,shaman,enhancement,6,1,5
Hazles,ragnaros,96,shaman,enhancement,6,1,5
Zoogang,ragnaros,96,shaman,enhancement,6,1,5
Heálmaster,sanguino,96,shaman,enhancement,6,1,5
Goldhand,ravencrest,96,shaman,enhancement,6,1,5
Urubus,kazzak,96,shaman,enhancement,6,1,5
Elcoustillou,throkferoth,96,shaman,enhancement,6,1,5
Shøckz,azjolnerub,96,shaman,enhancement,6,1,5
Stòrm,ravencrest,96,shaman,enhancement,6,1,5
Vladraxes,draenor,96,shaman,enhancement,6,1,5
Sparkygødx,twisting-nether,96,shaman,enhancement,6,1,5
Guzz,cthun,96,shaman,enhancement,6,1,5
Exinos,sylvanas,96,shaman,enhancement,8,1,7
Freexx,aegwynn,96,shaman,enhancement,8,1,7
Ymiras,argent-dawn,96,shaman,enhancement,12,1,11
Awsomo,ravencrest,96,shaman,enhancement,12,1,11
Choltaj,burning-legion,79,shaman,enhancement,7,1,6
Rký,outland,48,shaman,enhancement,3,1,2
Wenesday,ysondre,48,shaman,enhancement,3,1,2
Lesnitt,kazzak,42,shaman,enhancement,9,2,7
Hanumanas,kazzak,31,shaman,enhancement,2,1,1
Vix,argent-dawn,31,shaman,enhancement,2,1,1
Pogbõss,kazzak,2250,warlock,demonology,123,67,56
Млечный,blackscar,2233,warlock,demonology,155,88,67
Locktrainer,tarren-mill,2230,warlock,demonology,152,80,72
Rikkërt,draenor,2207,warlock,demonology,89,49,40
Dotjürgen,blackrock,2205,warlock,demonology,84,48,36
Whøknøws,twisting-nether,2176,warlock,demonology,84,45,39
Tuskawl,stormreaver,2154,warlock,demonology,91,51,40
Nayolana,argent-dawn,2150,warlock,demonology,72,46,26
Kimkold,twisting-nether,2146,warlock,demonology,102,61,41
Firochektro,ravencrest,2141,warlock,demonology,69,42,27
Sad,lightnings-blade,2134,warlock,demonology,178,97,81
Britneÿ,stormscale,2133,warlock,demonology,78,42,36
Maintarget,blackrock,2131,warlock,demonology,159,85,74
Lankycheese,kazzak,2121,warlock,demonology,83,46,37
Dæhli,argent-dawn,2120,warlock,demonology,90,48,42
Syntaxzwo,blackmoore,2116,warlock,demonology,78,44,34
Dotyboi,tarren-mill,2115,warlock,demonology,72,44,28
Rumour,sunstrider,2115,warlock,demonology,72,39,33
Supergeîl,blackrock,2112,warlock,demonology,71,38,33
Xerkh,thrall,2111,warlock,demonology,78,43,35
Malddog,turalyon,2087,warlock,demonology,60,38,22
Voldby,kazzak,2083,warlock,demonology,55,34,21
Anthh,doomhammer,2076,warlock,demonology,66,36,30
Ambitions,hyjal,2063,warlock,demonology,76,42,34
Амеаль,eversong,2057,warlock,demonology,285,147,138
Cørpse,burning-legion,2054,warlock,demonology,91,51,40
Firochek,ravencrest,2041,warlock,demonology,78,42,36
Ðïÿëñbïëñfüû,suramar,2038,warlock,demonology,87,46,41
Zerulian,ragnaros,2035,warlock,demonology,78,48,30
Shablagoo,twisting-nether,2032,warlock,demonology,90,51,39
Хаосболик,gordunni,2032,warlock,demonology,78,43,35
Bibiflexberg,eredar,2011,warlock,demonology,47,30,17
Britneý,stormscale,2008,warlock,demonology,118,58,60
Raspalakuja,kazzak,2002,warlock,demonology,66,32,34
Apple,scarshield-legion,1991,warlock,demonology,115,62,53
Jimboneutron,stormscale,1988,warlock,demonology,35,23,12
Thardik,azuremyst,1986,warlock,demonology,60,32,28
Badapow,stormscale,1971,warlock,demonology,54,29,25
Адво,howling-fjord,1970,warlock,demonology,65,35,30
Rïñ,ravencrest,1968,warlock,demonology,60,28,32
Аоепампгодх,howling-fjord,1967,warlock,demonology,36,24,12
Krøl,nemesis,1966,warlock,demonology,48,31,17
Ишла,gordunni,1959,warlock,demonology,77,41,36
Конидэмико,blackscar,1954,warlock,demonology,83,38,45
Capsloq,la-croisade-écarlate,1950,warlock,demonology,60,34,26
Purplemonkey,burning-blade,1946,warlock,demonology,41,25,16
Онлидемон,gordunni,1946,warlock,demonology,56,33,23
Dabezdwl,outland,1946,warlock,demonology,66,38,28
Nyotu,antonidas,1937,warlock,demonology,60,32,28
Onlylock,outland,1934,warlock,demonology,48,32,16
Døwz,ysondre,1932,warlock,demonology,60,30,30
Khavar,antonidas,1931,warlock,demonology,36,23,13
Xenastro,silvermoon,1931,warlock,demonology,54,30,24
Lokmonji,perenolde,1923,warlock,demonology,60,34,26
Juicybolt,chogall,1917,warlock,demonology,76,43,33
Favorizlmp,archimonde,1914,warlock,demonology,84,56,28
Kamorilock,blackhand,1912,warlock,demonology,36,20,16
Demoner,tarren-mill,1910,warlock,demonology,108,52,56
Shadowvirus,auchindoun,1908,warlock,demonology,41,23,18
Anúki,kazzak,1900,warlock,demonology,25,21,4
Ravendoor,grim-batol,1900,warlock,demonology,76,39,37
Bonnieparkêr,onyxia,1898,warlock,demonology,48,26,22
Дёмын,howling-fjord,1890,warlock,demonology,96,46,50
Alotami,frostwolf,1889,warlock,demonology,42,27,15
Кварий,howling-fjord,1880,warlock,demonology,293,148,145
Stafar,kazzak,1875,warlock,demonology,60,33,27
Шекигами,gordunni,1874,warlock,demonology,48,33,15
Höfmänn,kazzak,1865,warlock,demonology,39,25,14
Dispeluapls,blackmoore,1865,warlock,demonology,54,28,26
Delius,eitrigg,1863,warlock,demonology,67,47,20
Tyrantlol,sylvanas,1862,warlock,demonology,54,32,22
Bluh,twisting-nether,1860,warlock,demonology,36,22,14
Setyouinfear,ravencrest,1856,warlock,demonology,42,23,19
Оброссыш,gordunni,1855,warlock,demonology,60,34,26
Dhärc,sanguino,1854,warlock,demonology,54,31,23
Fearrari,ragnaros,1853,warlock,demonology,54,32,22
Smaúg,archimonde,1851,warlock,demonology,60,28,32
Stalowwy,silvermoon,1849,warlock,demonology,108,59,49
Ägony,blackrock,1848,warlock,demonology,54,31,23
Höfmänn,grim-batol,1847,warlock,demonology,48,31,17
Shakuroz,frostwolf,1847,warlock,demonology,68,41,27
Динодотз,howling-fjord,1847,warlock,demonology,54,27,27
Vultzbolt,draenor,1840,warlock,demonology,60,31,29
Désolaté,kazzak,1839,warlock,demonology,41,26,15
Attritiona,stormscale,1838,warlock,demonology,60,32,28
Инфезиус,deathweaver,1834,warlock,demonology,59,33,26
Outofcurses,earthen-ring,1834,warlock,demonology,83,42,41
Zouglougou,archimonde,1829,warlock,demonology,48,25,23
Neinbosa,tarren-mill,1829,warlock,demonology,48,24,24
Weso,grim-batol,1828,warlock,demonology,54,29,25
Benne,stormscale,1825,warlock,demonology,49,31,18
Malificus,silvermoon,1823,warlock,demonology,114,67,47
Kennyfõx,ysondre,1819,warlock,demonology,24,19,5
Ismenia,silvermoon,1819,warlock,demonology,60,39,21
Cellfear,kazzak,1818,warlock,demonology,42,24,18
Skrana,kazzak,1818,warlock,demonology,47,25,22
Musallat,argent-dawn,1818,warlock,demonology,65,34,31
Stankaemayne,blackhand,1817,warlock,demonology,49,29,20
Hellguards,silvermoon,1817,warlock,demonology,60,33,27
Painowgee,kazzak,1816,warlock,demonology,36,20,16
Crathar,kazzak,1816,warlock,demonology,76,38,38
Bualock,tarren-mill,1815,warlock,demonology,36,22,14
Devilfluffy,blackhand,1815,warlock,demonology,59,35,24
Cigänä,archimonde,1815,warlock,demonology,36,19,17
Blackdog,argent-dawn,1814,warlock,demonology,48,23,25
Malzeva,ravencrest,1813,warlock,demonology,71,33,38
Kopfkissen,azshara,1810,warlock,demonology,51,29,22
Smâûhg,blackrock,1807,warlock,demonology,42,28,14
Lúcìfér,stormscale,1806,warlock,demonology,66,34,32
Фэлмор,howling-fjord,1805,warlock,demonology,48,30,18
Nerigo,senjin,1805,warlock,demonology,48,24,24
Dontargetme,draenor,1804,warlock,demonology,38,26,12
Nemwl,draenor,1804,warlock,demonology,66,36,30
Splicer,eredar,1803,warlock,demonology,49,29,20
Киёкка,howling-fjord,1803,warlock,demonology,90,53,37
Cònq,tarren-mill,1802,warlock,demonology,42,22,20
Arkanyks,dalaran,1802,warlock,demonology,72,32,40
Htaedfo,tarren-mill,1802,warlock,demonology,74,32,42
Мутгодх,soulflayer,1800,warlock,demonology,30,19,11
Санявахтовик,blackscar,1800,warlock,demonology,60,32,28
Кайзершлафен,fordragon,1800,warlock,demonology,58,28,30
Dâedra,argent-dawn,1793,warlock,demonology,54,31,23
Mustasheen,stormscale,1790,warlock,demonology,36,21,15
Тьмазвёздная,gordunni,1790,warlock,demonology,69,35,34
Ffpiiras,dunemaul,1790,warlock,demonology,60,27,33
Fiveyearque,sylvanas,1773,warlock,demonology,48,30,18
Годнодх,gordunni,1773,warlock,demonology,36,21,15
Shadowflamez,argent-dawn,1771,warlock,demonology,30,27,3
Keybump,outland,1759,warlock,demonology,36,29,7
Tjockoloco,tarren-mill,1754,warlock,demonology,128,73,55
Catchlock,tarren-mill,1752,warlock,demonology,36,20,16
Sanguinis,theradras,1749,warlock,demonology,48,28,20
Kennÿfõx,ysondre,1732,warlock,demonology,24,19,5
Lïñglïñg,twisting-nether,1730,warlock,demonology,30,22,8
Naarnust,defias-brotherhood,1727,warlock,demonology,42,28,14
Adafbhf,tichondrius,1723,warlock,demonology,41,22,19
Dalamon,draenor,1721,warlock,demonology,48,24,24
Храбзар,gordunni,1721,warlock,demonology,112,51,61
Endherkonk,sanguino,1718,warlock,demonology,36,24,12
Zelieknight,ysondre,1711,warlock,demonology,60,28,32
Glavy,burning-legion,1710,warlock,demonology,77,42,35
Зажиженный,soulflayer,1707,warlock,demonology,40,26,14
Císuh,stormreaver,1706,warlock,demonology,30,18,12
Drerlord,tarren-mill,1699,warlock,demonology,48,21,27
Totephia,kazzak,1696,warlock,demonology,72,33,39
Rune,aegwynn,1695,warlock,demonology,52,29,23
Synlockiax,silvermoon,1691,warlock,demonology,38,30,8
Malowix,outland,1690,warlock,demonology,42,20,22
Redshíne,hyjal,1687,warlock,demonology,51,24,27
Jinusek,burning-legion,1682,warlock,demonology,43,23,20
Grêenbull,eredar,1680,warlock,demonology,49,27,22
Помечте,soulflayer,1680,warlock,demonology,70,28,42
Nécron,ysondre,1677,warlock,demonology,42,22,20
Жериновсский,gordunni,1677,warlock,demonology,36,18,18
Bloodlock,onyxia,1670,warlock,demonology,42,22,20
Alphalock,mannoroth,1669,warlock,demonology,45,22,23
Osbaa,bladefist,1668,warlock,demonology,42,22,20
Tekron,blackhand,1666,warlock,demonology,48,34,14
Proßlock,kazzak,1666,warlock,demonology,69,42,27
Гурджес,soulflayer,1666,warlock,demonology,71,39,32
Impaler,tarren-mill,1664,warlock,demonology,188,91,97
Xtyran,blackmoore,1661,warlock,demonology,42,20,22
Kemel,thrall,1655,warlock,demonology,30,21,9
Нафлэпил,gordunni,1655,warlock,demonology,54,31,23
Niyyu,blackmoore,1654,warlock,demonology,48,22,26
Shugglock,draenor,1653,warlock,demonology,42,23,19
Äåäåäåäåäåäå,ravencrest,1652,warlock,demonology,35,20,15
Djshyasiañ,perenolde,1650,warlock,demonology,170,88,82
Chromagnus,drakthul,1649,warlock,demonology,36,21,15
Тёмабиль,gordunni,1648,warlock,demonology,242,122,120
Louên,dun-modr,1648,warlock,demonology,42,21,21
Utsus,tarren-mill,1645,warlock,demonology,36,23,13
Yamadea,stormscale,1644,warlock,demonology,42,23,19
Fandirxd,draenor,1643,warlock,demonology,90,41,49
Requeims,outland,1638,warlock,demonology,48,22,26
Fîgøk,conseil-des-ombres,1638,warlock,demonology,48,21,27
Snackstickz,twisting-nether,1637,warlock,demonology,42,26,16
Tiffyilock,blackrock,1637,warlock,demonology,42,20,22
Thugsupreme,ravencrest,1633,warlock,demonology,41,23,18
Zzooxx,silvermoon,1631,warlock,demonology,30,17,13
Ájszmen,ravencrest,1629,warlock,demonology,54,30,24
Лвнг,gordunni,1628,warlock,demonology,48,29,19
Dimmybyrger,stormreaver,1627,warlock,demonology,30,17,13
Abdelkarime,khaz-modan,1627,warlock,demonology,42,23,19
Summonit,blackmoore,1627,warlock,demonology,54,29,25
Interceptêr,blackrock,1627,warlock,demonology,42,22,20
Егосяхаос,soulflayer,1627,warlock,demonology,120,61,59
Neuth,draenor,1627,warlock,demonology,50,21,29
Indrâxx,hyjal,1626,warlock,demonology,18,17,1
Scottware,draenor,1626,warlock,demonology,26,19,7
Erkai,kazzak,1624,warlock,demonology,45,24,21
Dasda,defias-brotherhood,1623,warlock,demonology,89,49,40
Мешшугга,howling-fjord,1623,warlock,demonology,38,20,18
Dualla,aegwynn,1623,warlock,demonology,36,17,19
Элси,howling-fjord,1622,warlock,demonology,30,17,13
Zehirisalari,twisting-nether,1622,warlock,demonology,30,17,13
Нэкрил,howling-fjord,1621,warlock,demonology,35,22,13
Icò,ravencrest,1620,warlock,demonology,36,17,19
Darcîa,destromath,1619,warlock,demonology,96,53,43
Itspoint,draenor,1618,warlock,demonology,59,32,27
Auxi,the-maelstrom,1617,warlock,demonology,84,48,36
Kazzy,grim-batol,1616,warlock,demonology,24,17,7
Nâzgrel,tarren-mill,1616,warlock,demonology,42,22,20
Eroszakolock,ragnaros,1611,warlock,demonology,24,17,7
Kody,blackmoore,1609,warlock,demonology,24,17,7
Ahollic,frostwolf,1606,warlock,demonology,30,19,11
Shuggul,draenor,1606,warlock,demonology,37,22,15
Demonjoker,blackhand,1604,warlock,demonology,51,31,20
Deaddydoo,kazzak,1604,warlock,demonology,42,20,22
Kolskegg,doomhammer,1603,warlock,demonology,48,22,26
Havexis,tichondrius,1602,warlock,demonology,42,32,10
Despépêche,garona,1601,warlock,demonology,30,19,11
Prekt,ragnaros,1601,warlock,demonology,36,19,17
Hellbboy,azjolnerub,1599,warlock,demonology,73,41,32
Gemors,ravenholdt,1599,warlock,demonology,72,38,34
Erøne,archimonde,1599,warlock,demonology,187,97,90
Moffguldan,sanguino,1597,warlock,demonology,30,20,10
Гвоздяшка,blackscar,1597,warlock,demonology,47,22,25
Eleriya,argent-dawn,1596,warlock,demonology,69,33,36
Eluinees,silvermoon,1595,warlock,demonology,30,20,10
Vêzor,twisting-nether,1592,warlock,demonology,30,17,13
Hâres,anetheron,1588,warlock,demonology,164,78,86
Sedryn,turalyon,1584,warlock,demonology,468,241,227
Potatowl,ravencrest,1582,warlock,demonology,36,18,18
Míkæ,ravencrest,1582,warlock,demonology,72,34,38
Мамхаус,howling-fjord,1579,warlock,demonology,36,22,14
Règis,antonidas,1579,warlock,demonology,36,19,17
Zatella,ravencrest,1566,warlock,demonology,66,31,35
Silenozz,ragnaros,1564,warlock,demonology,91,49,42
Импака,howling-fjord,1563,warlock,demonology,174,90,84
Golborg,draenor,1562,warlock,demonology,69,28,41
Altffeer,blackmoore,1561,warlock,demonology,41,25,16
Dotsyoudown,kelthuzad,1560,warlock,demonology,36,18,18
Mendozaah,kazzak,1555,warlock,demonology,94,42,52
Zypzanti,antonidas,1552,warlock,demonology,96,58,38
Sublînê,blackmoore,1552,warlock,demonology,64,31,33
Nerzhull,stormscale,1539,warlock,demonology,87,44,43
Solitariøus,arathi,1536,warlock,demonology,60,30,30
Synthiax,silvermoon,1534,warlock,demonology,24,16,8
Hypotax,ragnaros,1534,warlock,demonology,42,23,19
Fsandtwo,ravencrest,1534,warlock,demonology,30,16,14
Sïlïthuss,ravencrest,1534,warlock,demonology,102,54,48
Felburrn,twisting-nether,1532,warlock,demonology,65,33,32
Харакула,fordragon,1531,warlock,demonology,24,17,7
Tonin,antonidas,1528,warlock,demonology,41,25,16
Priszcilla,twisting-nether,1523,warlock,demonology,96,56,40
Indiasummerx,turalyon,1521,warlock,demonology,46,26,20
Гулдарий,howling-fjord,1520,warlock,demonology,171,94,77
Srhal,blackmoore,1518,warlock,demonology,85,48,37
Deamonsmith,silvermoon,1518,warlock,demonology,36,20,16
Seriasa,blackmoore,1511,warlock,demonology,66,27,39
Зарлог,soulflayer,1508,warlock,demonology,36,18,18
Theolock,ragnaros,1508,warlock,demonology,60,28,32
Kalinowa,burning-legion,1507,warlock,demonology,83,45,38
Варикай,gordunni,1506,warlock,demonology,24,16,8
Wëndigo,stormscale,1500,warlock,demonology,35,17,18
Morgan,jaedenar,1491,warlock,demonology,66,28,38
Dabulock,blackmoore,1487,warlock,demonology,33,17,16
Эволюционист,gordunni,1483,warlock,demonology,42,22,20
Паникс,gordunni,1480,warlock,demonology,36,17,19
Khalkazar,darkspear,1477,warlock,demonology,30,16,14
Roedin,tarren-mill,1477,warlock,demonology,112,43,69
Иллугис,gordunni,1468,warlock,demonology,36,17,19
Бельведерчи,blackscar,1462,warlock,demonology,60,32,28
Mephysteroth,dalaran,1462,warlock,demonology,30,16,14
Absúrd,turalyon,1461,warlock,demonology,174,99,75
Kaamosliha,frostwhisper,1456,warlock,demonology,71,33,38
Gulzot,turalyon,1452,warlock,demonology,24,16,8
Шэдоубёрн,soulflayer,1449,warlock,demonology,48,27,21
Ilarizium,ysondre,1449,warlock,demonology,53,29,24
Нгага,howling-fjord,1443,warlock,demonology,227,111,116
Esgül,draenor,1442,warlock,demonology,76,40,36
Jesez,aegwynn,1436,warlock,demonology,24,15,9
Ayóó,doomhammer,1432,warlock,demonology,233,117,116
Corbiejr,tarren-mill,1425,warlock,demonology,70,29,41
Hyphonos,blackmoore,1422,warlock,demonology,30,15,15
Ruinovino,outland,1422,warlock,demonology,42,18,24
Джердхаус,fordragon,1419,warlock,demonology,30,15,15
Épidémie,outland,1419,warlock,demonology,47,18,29
Nattû,outland,1415,warlock,demonology,30,15,15
Tsumde,dalaran,1415,warlock,demonology,54,26,28
Malganas,sylvanas,1414,warlock,demonology,95,42,53
Panic,stormrage,1412,warlock,demonology,114,61,53
Lottopallo,arathor,1410,warlock,demonology,44,29,15
Rpez,archimonde,1410,warlock,demonology,154,81,73
Dedalus,zuluhed,1408,warlock,demonology,124,74,50
Tudii,frostwolf,1401,warlock,demonology,54,32,22
Profylaxis,arathor,1396,warlock,demonology,46,23,23
Nimh,azjolnerub,1393,warlock,demonology,33,20,13
Bakýra,dun-modr,1389,warlock,demonology,48,29,19
Dominvs,silvermoon,1388,warlock,demonology,106,55,51
Peremi,grim-batol,1388,warlock,demonology,30,15,15
Môrgán,draenor,1387,warlock,demonology,106,45,61
Расмурът,soulflayer,1375,warlock,demonology,42,23,19
Sineko,twisting-nether,1375,warlock,demonology,130,61,69
Jondi,blackmoore,1373,warlock,demonology,31,17,14
Wítchær,blackhand,1370,warlock,demonology,48,28,20
Valadair,sanguino,1367,warlock,demonology,108,60,48
Sevastus,argent-dawn,1363,warlock,demonology,96,48,48
Ädarä,cthun,1359,warlock,demonology,54,27,27
Mesîkatayut,outland,1351,warlock,demonology,75,43,32
Cahoa,archimonde,1349,warlock,demonology,24,15,9
Olsel,draenor,1349,warlock,demonology,36,16,20
Афинц,deathguard,1343,warlock,demonology,24,14,10
Jopasiski,draenor,1343,warlock,demonology,30,14,16
Gulldan,bloodfeather,1342,warlock,demonology,48,25,23
Warth,silvermoon,1339,warlock,demonology,18,14,4
Razzguul,blackmoore,1337,warlock,demonology,28,15,13
Evilbuba,burning-legion,1337,warlock,demonology,58,30,28
Tomlingen,terenas,1335,warlock,demonology,48,25,23
Darkdagor,blackrock,1334,warlock,demonology,24,14,10
Фортэр,ashenvale,1332,warlock,demonology,30,14,16
Stormytrumpy,twisting-nether,1331,warlock,demonology,27,15,12
Xanatas,nemesis,1328,warlock,demonology,24,14,10
Stormblast,azshara,1321,warlock,demonology,30,19,11
Kwanzaa,ravencrest,1319,warlock,demonology,24,14,10
Wåfa,kazzak,1318,warlock,demonology,30,17,13
Forthewin,stormreaver,1313,warlock,demonology,30,15,15
Sargaerot,draenor,1301,warlock,demonology,40,20,20
Lokko,nemesis,1298,warlock,demonology,47,19,28
Cmzdalock,ravencrest,1279,warlock,demonology,36,23,13
Waltrude,conseil-des-ombres,1261,warlock,demonology,48,16,32
Инсип,blackscar,1256,warlock,demonology,42,18,24
Eatherial,twilights-hammer,1255,warlock,demonology,30,18,12
Trellaras,bloodfeather,1249,warlock,demonology,29,14,15
Rikkért,draenor,1248,warlock,demonology,24,13,11
Zoreck,uldum,1247,warlock,demonology,24,13,11
Droguri,darkspear,1245,warlock,demonology,18,13,5
Бриант,gordunni,1245,warlock,demonology,35,14,21
Greeylock,blackhand,1243,warlock,demonology,24,13,11
Стокыч,soulflayer,1241,warlock,demonology,36,13,23
Чутьчутьзлая,gordunni,1237,warlock,demonology,24,13,11
Kukcaryfuk,drakthul,1235,warlock,demonology,24,13,11
Andid,frostwolf,1231,warlock,demonology,38,18,20
Skitless,blackmoore,1230,warlock,demonology,33,14,19
Honetia,ravencrest,1225,warlock,demonology,29,13,16
Qullnius,kazzak,1215,warlock,demonology,24,13,11
Rüwel,mannoroth,1214,warlock,demonology,47,20,27
Netcownt,silvermoon,1199,warlock,demonology,31,15,16
Azraëlle,drekthar,1195,warlock,demonology,21,14,7
Nekrosd,tarren-mill,1193,warlock,demonology,27,14,13
Vorgoth,argent-dawn,1179,warlock,demonology,28,13,15
Decayez,thrall,1168,warlock,demonology,19,13,6
Sabiocalvo,dun-modr,1157,warlock,demonology,36,19,17
Lyndi,nerathor,1152,warlock,demonology,18,12,6
Ðåñtåy,ravencrest,1152,warlock,demonology,18,12,6
Scallington,shattered-hand,1152,warlock,demonology,18,12,6
Benvyx,twisting-nether,1152,warlock,demonology,24,12,12
Инфес,deathweaver,1151,warlock,demonology,18,12,6
Fedpikkefar,kazzak,1151,warlock,demonology,24,12,12
Nargøf,outland,1151,warlock,demonology,24,12,12
Парачо,eversong,1151,warlock,demonology,24,12,12
Майдум,soulflayer,1150,warlock,demonology,18,12,6
Kûraiko,blackrock,1150,warlock,demonology,24,12,12
Desolador,tyrande,1148,warlock,demonology,30,12,18
Vanskor,argent-dawn,1147,warlock,demonology,24,12,12
Дуклок,howling-fjord,1147,warlock,demonology,30,13,17
Ashzu,quelthalas,1145,warlock,demonology,24,12,12
Lifesteal,auchindoun,1145,warlock,demonology,30,13,17
Сладкийпир,soulflayer,1139,warlock,demonology,24,12,12
Арон,soulflayer,1119,warlock,demonology,23,12,11
Erwynna,conseil-des-ombres,1118,warlock,demonology,30,12,18
Tripleshache,elune,1101,warlock,demonology,66,33,33
Flocca,archimonde,1085,warlock,demonology,26,12,14
Lunden,drakthul,1073,warlock,demonology,34,12,22
Bicuriousdad,tarren-mill,1056,warlock,demonology,12,11,1
Glooness,burning-legion,1056,warlock,demonology,18,11,7
Adellara,draenor,1056,warlock,demonology,18,11,7
Dotosgyörgy,ragnaros,1056,warlock,demonology,18,11,7
Ravenglass,argent-dawn,1056,warlock,demonology,24,11,13
Tamatóax,tarren-mill,1055,warlock,demonology,12,11,1
Dirtytyrant,sanguino,1055,warlock,demonology,18,11,7
Lonelock,blackrock,1055,warlock,demonology,24,11,13
Tiendi,blackhand,1055,warlock,demonology,24,11,13
Bunne,twisting-nether,1055,warlock,demonology,30,11,19
Tìdùs,nethersturm,1054,warlock,demonology,12,11,1
Dàrksoul,thrall,1054,warlock,demonology,18,11,7
Algolagniac,stormscale,1054,warlock,demonology,18,11,7
Idezis,ragnaros,1054,warlock,demonology,18,11,7
Froschhaxen,blackhand,1054,warlock,demonology,18,11,7
Katâra,tarren-mill,1054,warlock,demonology,24,11,13
Longdickie,ravencrest,1053,warlock,demonology,18,11,7
Tochka,archimonde,1051,warlock,demonology,24,11,13
Емс,gordunni,1051,warlock,demonology,24,11,13
Hamnam,blackrock,1050,warlock,demonology,24,11,13
Zanzarismo,nemesis,1049,warlock,demonology,21,12,9
Ambralia,blackmoore,1048,warlock,demonology,24,12,12
Силаскверна,deathguard,1039,warlock,demonology,24,11,13
Remthorn,frostmane,1022,warlock,demonology,36,19,17
Aldhelm,draenor,980,warlock,demonology,22,11,11
Yumiblood,tarren-mill,974,warlock,demonology,17,11,6
Blacklock,argent-dawn,960,warlock,demonology,12,10,2
Демоник,deathguard,960,warlock,demonology,18,10,8
Quadraxer,antonidas,960,warlock,demonology,18,10,8
Oggelock,tarren-mill,960,warlock,demonology,18,10,8
Кьютсанни,howling-fjord,960,warlock,demonology,24,10,14
Oozi,tarren-mill,959,warlock,demonology,12,10,2
Нэваблэйз,howling-fjord,959,warlock,demonology,18,10,8
Davyjonessx,twisting-nether,958,warlock,demonology,18,10,8
Pipoûc,archimonde,958,warlock,demonology,24,10,14
Kawapow,azjolnerub,952,warlock,demonology,18,10,8
Migyardondup,exodar,947,warlock,demonology,60,33,27
Ablas,bladefist,940,warlock,demonology,35,10,25
Fearmydear,alleria,926,warlock,demonology,17,10,7
Vreyax,aegwynn,911,warlock,demonology,17,10,7
Acuacx,drakthul,909,warlock,demonology,17,10,7
Rngmåchinêx,ravencrest,896,warlock,demonology,16,10,6
Snoggä,antonidas,885,warlock,demonology,36,17,19
Aladèèn,tarren-mill,864,warlock,demonology,12,9,3
Öbsury,hyjal,864,warlock,demonology,12,9,3
Yazurí,ravencrest,864,warlock,demonology,12,9,3
Syntax,blackmoore,864,warlock,demonology,12,9,3
Ooroothothz,frostwolf,864,warlock,demonology,12,9,3
Простохаос,howling-fjord,864,warlock,demonology,12,9,3
Stafar,outland,864,warlock,demonology,12,9,3
Omnípotens,silvermoon,864,warlock,demonology,12,9,3
Dadylock,silvermoon,864,warlock,demonology,12,9,3
Нистл,gordunni,864,warlock,demonology,12,9,3
Boomlok,tarren-mill,864,warlock,demonology,18,9,9
Darksoll,hyjal,864,warlock,demonology,24,9,15
Beloezoloto,deathwing,863,warlock,demonology,18,9,9
Nosoulnoprob,sylvanas,863,warlock,demonology,24,9,15
Xoky,argent-dawn,861,warlock,demonology,18,9,9
Screamo,sylvanas,844,warlock,demonology,18,9,9
Анрали,soulflayer,831,warlock,demonology,17,9,8
Гупперлок,howling-fjord,810,warlock,demonology,27,12,15
Бирел,soulflayer,799,warlock,demonology,16,9,7
Fuark,teldrassil,798,warlock,demonology,11,9,2
Простоседой,gordunni,798,warlock,demonology,23,9,14
Staenkymayne,blackhand,768,warlock,demonology,12,8,4
Killning,medivh,768,warlock,demonology,12,8,4
Devildodo,elune,768,warlock,demonology,12,8,4
Topmodelx,eredar,768,warlock,demonology,12,8,4
Котрх,gordunni,768,warlock,demonology,12,8,4
Аскамардва,gordunni,768,warlock,demonology,12,8,4
Rozn,ravencrest,768,warlock,demonology,12,8,4
Igõr,draenor,768,warlock,demonology,12,8,4
Nàughty,ragnaros,768,warlock,demonology,15,8,7
Koldarr,blackmoore,768,warlock,demonology,18,8,10
Djezzick,stormscale,768,warlock,demonology,18,8,10
Jarodshadow,stormscale,768,warlock,demonology,18,8,10
Idkdot,ravencrest,768,warlock,demonology,18,8,10
Biest,drakthul,768,warlock,demonology,18,8,10
Slockoló,ragnaros,768,warlock,demonology,24,8,16
Tojezlo,drakthul,767,warlock,demonology,12,8,4
Sovrìn,blackrock,767,warlock,demonology,12,8,4
Nuwdles,tarren-mill,767,warlock,demonology,18,8,10
Chimera,mugthol,767,warlock,demonology,18,8,10
Alotadot,ravencrest,767,warlock,demonology,18,8,10
Otemlock,sanguino,766,warlock,demonology,12,8,4
Guccie,ravencrest,766,warlock,demonology,17,10,7
Britneyféars,emeriss,766,warlock,demonology,18,8,10
Zeddy,draenor,766,warlock,demonology,18,8,10
Merzavka,kazzak,765,warlock,demonology,12,8,4
Rövsmärta,ragnaros,765,warlock,demonology,15,9,6
Njutbar,ragnaros,765,warlock,demonology,18,8,10
Kharless,kazzak,765,warlock,demonology,18,8,10
Йотунхейм,ashenvale,763,warlock,demonology,18,8,10
Thyron,gorgonnash,762,warlock,demonology,18,8,10
Ясяшотлав,soulflayer,761,warlock,demonology,22,11,11
Wanderingowl,blackmoore,760,warlock,demonology,12,8,4
Nedivh,stormscale,751,warlock,demonology,23,8,15
Warlockyo,blackrock,735,warlock,demonology,17,8,9
Tunrîda,illidan,733,warlock,demonology,21,8,13
Dotwhat,ravencrest,719,warlock,demonology,17,8,9
Themengh,stormscale,715,warlock,demonology,27,8,19
Dreamnyâsha,tarren-mill,714,warlock,demonology,15,10,5
Этожедру,howling-fjord,703,warlock,demonology,11,8,3
Lifetap,tarren-mill,703,warlock,demonology,14,8,6
Фламмэнх,soulflayer,688,warlock,demonology,13,8,5
Plâytïmè,stormscale,672,warlock,demonology,12,7,5
Spongebobx,kazzak,672,warlock,demonology,12,7,5
Fearfearfear,archimonde,672,warlock,demonology,12,7,5
Zagreos,tarren-mill,672,warlock,demonology,12,7,5
Hannens,blackrock,672,warlock,demonology,12,7,5
Ballerlock,ravencrest,672,warlock,demonology,12,7,5
Bigbagelbob,archimonde,672,warlock,demonology,12,7,5
Khaleth,dun-modr,672,warlock,demonology,12,7,5
Dryaxc,frostwolf,672,warlock,demonology,12,7,5
Framelock,draenor,672,warlock,demonology,12,7,5
Sizezero,tarren-mill,672,warlock,demonology,12,7,5
Immolleria,frostmane,672,warlock,demonology,12,7,5
Iskieel,ravencrest,672,warlock,demonology,12,7,5
Ipetsincl,kazzak,672,warlock,demonology,12,7,5
Morgána,outland,672,warlock,demonology,12,7,5
Astéfion,dalaran,672,warlock,demonology,12,7,5
Kosfáce,tarren-mill,672,warlock,demonology,12,7,5
Blekspel,outland,672,warlock,demonology,12,7,5
Guldchan,drakthul,672,warlock,demonology,12,7,5
Eviloverlord,silvermoon,672,warlock,demonology,12,7,5
Wiitchdoktor,twisting-nether,672,warlock,demonology,12,7,5
Shortyi,thrall,672,warlock,demonology,18,7,11
Klaab,hyjal,672,warlock,demonology,18,7,11
Fearu,kazzak,672,warlock,demonology,18,7,11
Cringetamer,silvermoon,672,warlock,demonology,18,7,11
Lockaria,zuljin,671,warlock,demonology,12,7,5
Dedobozhe,ravencrest,671,warlock,demonology,12,7,5
Валентинчик,galakrond,671,warlock,demonology,12,7,5
Güulran,les-clairvoyants,671,warlock,demonology,12,7,5
Адилея,howling-fjord,671,warlock,demonology,12,7,5
Enviroq,burning-legion,671,warlock,demonology,12,7,5
Penske,sanguino,671,warlock,demonology,24,7,17
Bewbys,draenor,671,warlock,demonology,24,7,17
Williamford,dun-modr,669,warlock,demonology,18,7,11
Truckpunch,defias-brotherhood,669,warlock,demonology,24,7,17
Kavalierr,stormscale,624,warlock,demonology,21,8,13
Kïng,elune,622,warlock,demonology,15,8,7
Warlockxx,ravencrest,607,warlock,demonology,11,7,4
Грешъник,gordunni,592,warlock,demonology,13,7,6
Makkez,outland,576,warlock,demonology,6,6,0
Dogdrakex,tarren-mill,576,warlock,demonology,6,6,0
Тапкидеда,gordunni,576,warlock,demonology,6,6,0
Onewarlock,kazzak,576,warlock,demonology,6,6,0
Devour,magtheridon,576,warlock,demonology,12,6,6
Jegfaller,wildhammer,576,warlock,demonology,12,6,6
Gruldran,khaz-modan,576,warlock,demonology,12,6,6
Lacape,dalaran,576,warlock,demonology,12,6,6
Rivmuu,argent-dawn,576,warlock,demonology,12,6,6
Армдэд,galakrond,576,warlock,demonology,12,6,6
Vîmø,antonidas,576,warlock,demonology,12,6,6
Dracsu,dun-modr,576,warlock,demonology,12,6,6
Mombo,the-maelstrom,576,warlock,demonology,12,6,6
Rîas,hyjal,576,warlock,demonology,12,6,6
Lifedriller,drakthul,576,warlock,demonology,12,6,6
Lamboo,tarren-mill,576,warlock,demonology,12,6,6
Darcol,archimonde,576,warlock,demonology,12,6,6
Wacamolymojo,tarren-mill,576,warlock,demonology,12,6,6
Zerx,malganis,576,warlock,demonology,12,6,6
Smallpee,kazzak,576,warlock,demonology,12,6,6
Ðêmøñîc,ravencrest,576,warlock,demonology,12,6,6
Rikmeyzter,burning-blade,576,warlock,demonology,12,6,6
Narsok,blackrock,576,warlock,demonology,12,6,6
Nephystø,archimonde,576,warlock,demonology,12,6,6
Ogrez,nemesis,576,warlock,demonology,12,6,6
Тевон,gordunni,576,warlock,demonology,12,6,6
Sokyra,tarren-mill,576,warlock,demonology,18,6,12
Morwëk,ysondre,576,warlock,demonology,18,6,12
Фэлдред,soulflayer,576,warlock,demonology,18,6,12
Oldasianman,blackrock,576,warlock,demonology,18,6,12
Agathaharkne,minahonda,576,warlock,demonology,18,6,12
Xanatar,blackhand,576,warlock,demonology,18,6,12
Deadleth,blackrock,575,warlock,demonology,10,7,3
Факлок,gordunni,575,warlock,demonology,12,6,6
Xerxia,blackrock,575,warlock,demonology,18,6,12
Ахпорбес,gordunni,574,warlock,demonology,10,7,3
Methmuncher,twisting-nether,574,warlock,demonology,24,6,18
Jag,neptulon,573,warlock,demonology,12,6,6
Absurdd,turalyon,568,warlock,demonology,14,9,5
Аттропа,gordunni,567,warlock,demonology,12,6,6
Raez,burning-blade,559,warlock,demonology,17,6,11
Tvmpzwl,ravencrest,527,warlock,demonology,17,6,11
Shazem,tarren-mill,522,warlock,demonology,12,7,5
Lockmex,outland,512,warlock,demonology,10,6,4
Мембер,thermaplugg,511,warlock,demonology,20,6,14
Rektube,sanguino,480,warlock,demonology,6,5,1
Mércé,stormscale,480,warlock,demonology,6,5,1
Felgødx,nemesis,480,warlock,demonology,6,5,1
Jinxme,tarren-mill,480,warlock,demonology,6,5,1
Chromex,dentarg,480,warlock,demonology,6,5,1
Bibilockbert,aegwynn,480,warlock,demonology,6,5,1
Miauwu,stormscale,480,warlock,demonology,6,5,1
Gattlingan,eredar,480,warlock,demonology,6,5,1
Köftemec,blackrock,480,warlock,demonology,6,5,1
Velativ,silvermoon,480,warlock,demonology,6,5,1
Xarica,garona,480,warlock,demonology,6,5,1
Hiloqtlock,blackmoore,480,warlock,demonology,6,5,1
Øupas,ysondre,480,warlock,demonology,6,5,1
Boomloc,tarren-mill,480,warlock,demonology,6,5,1
Swagzz,silvermoon,480,warlock,demonology,6,5,1
Фирвебало,soulflayer,480,warlock,demonology,6,5,1
Deadmanwlkin,aggra-português,480,warlock,demonology,6,5,1
Racursed,outland,480,warlock,demonology,6,5,1
Hannen,blackrock,480,warlock,demonology,6,5,1
Moslock,kazzak,480,warlock,demonology,12,5,7
Durátor,ravencrest,480,warlock,demonology,12,5,7
Векстах,gordunni,480,warlock,demonology,12,5,7
Msßeckinsale,tarren-mill,480,warlock,demonology,12,5,7
Heximexi,malganis,480,warlock,demonology,12,5,7
Felsturm,twisting-nether,480,warlock,demonology,12,5,7
Törtidotcom,blackrock,480,warlock,demonology,12,5,7
Gulderrf,kirin-tor,480,warlock,demonology,12,5,7
Agaton,twisting-nether,480,warlock,demonology,12,5,7
Khâmélÿa,culte-de-la-rive-noire,480,warlock,demonology,12,5,7
Nastychâtøn,ysondre,480,warlock,demonology,12,5,7
Nécromancér,doomhammer,480,warlock,demonology,12,5,7
Purepkbob,quelthalas,480,warlock,demonology,12,5,7
Morshax,ysondre,480,warlock,demonology,12,5,7
Tepelkwastje,twisting-nether,480,warlock,demonology,12,5,7
Bachmut,ravencrest,480,warlock,demonology,12,5,7
Kosoki,burning-legion,480,warlock,demonology,12,5,7
Søcraqt,blackrock,480,warlock,demonology,13,5,8
Déemón,draenor,480,warlock,demonology,18,5,13
Zartax,kazzak,480,warlock,demonology,18,5,13
Délidumrul,stormscale,480,warlock,demonology,18,5,13
Gúldn,outland,480,warlock,demonology,18,5,13
Brodoh,dun-modr,480,warlock,demonology,18,5,13
Vanmorgoth,nazjatar,480,warlock,demonology,18,5,13
Ezekîél,blackhand,479,warlock,demonology,6,5,1
Gunca,sylvanas,479,warlock,demonology,12,5,7
Lewd,dragonblight,479,warlock,demonology,12,5,7
Mundunugu,sanguino,400,warlock,demonology,7,5,2
Papilena,turalyon,400,warlock,demonology,13,5,8
Nagash,zuljin,399,warlock,demonology,5,5,0
Chedipes,stormscale,384,warlock,demonology,6,4,2
Freyzul,twisting-nether,384,warlock,demonology,6,4,2
Llilithh,draenor,384,warlock,demonology,6,4,2
Незерлок,soulflayer,384,warlock,demonology,6,4,2
Cleyandra,arathor,384,warlock,demonology,6,4,2
Flxzshort,kazzak,384,warlock,demonology,6,4,2
Tropìcal,grim-batol,384,warlock,demonology,6,4,2
Lugdan,blackmoore,384,warlock,demonology,6,4,2
Nekhar,twisting-nether,384,warlock,demonology,6,4,2
Bluenote,colinas-pardas,384,warlock,demonology,6,4,2
Bitshlog,draenor,384,warlock,demonology,6,4,2
Fujiitøra,ysondre,384,warlock,demonology,6,4,2
Watii,stormscale,384,warlock,demonology,6,4,2
Absurdity,twisting-nether,384,warlock,demonology,6,4,2
Fredé,kazzak,384,warlock,demonology,6,4,2
Nekrofille,outland,384,warlock,demonology,6,4,2
Hokoreuw,echsenkessel,384,warlock,demonology,6,4,2
Aniq,eredar,384,warlock,demonology,6,4,2
Vornex,sporeggar,384,warlock,demonology,6,4,2
Roglash,eredar,384,warlock,demonology,6,4,2
Bigballerguy,sylvanas,384,warlock,demonology,6,4,2
Lémonz,stormscale,384,warlock,demonology,6,4,2
Æternallock,nemesis,384,warlock,demonology,6,4,2
Ahollic,antonidas,384,warlock,demonology,6,4,2
Thereya,dun-morogh,384,warlock,demonology,6,4,2
Gödisdëäd,sanguino,384,warlock,demonology,6,4,2
Zàkx,silvermoon,384,warlock,demonology,6,4,2
Zzooxxie,silvermoon,384,warlock,demonology,6,4,2
Carlss,sanguino,384,warlock,demonology,6,4,2
Bankstair,stormscale,384,warlock,demonology,6,4,2
Cosec,silvermoon,384,warlock,demonology,6,4,2
Marador,drakthul,384,warlock,demonology,6,4,2
Likeqtz,thrall,384,warlock,demonology,6,4,2
Demosteaks,thrall,384,warlock,demonology,6,4,2
Felhaen,silvermoon,384,warlock,demonology,6,4,2
Куськысь,gordunni,384,warlock,demonology,9,5,4
Babayagâ,sanguino,384,warlock,demonology,12,4,8
Nazw,ravencrest,384,warlock,demonology,12,4,8
Acererak,thunderhorn,384,warlock,demonology,12,4,8
Nulo,aggra-português,384,warlock,demonology,12,4,8
Tuz,blackrock,384,warlock,demonology,12,4,8
Lagyna,wildhammer,384,warlock,demonology,12,4,8
Hsp,dun-modr,384,warlock,demonology,12,4,8
Graveshaker,quelthalas,384,warlock,demonology,12,4,8
Kfo,ragnaros,384,warlock,demonology,12,4,8
Millhaus,gorgonnash,384,warlock,demonology,18,4,14
Alucena,silvermoon,384,warlock,demonology,18,4,14
Monroé,hellfire,367,warlock,demonology,11,4,7
Nili,dethecus,351,warlock,demonology,11,4,7
Amrafel,draenor,335,warlock,demonology,15,5,10
Floriae,silvermoon,329,warlock,demonology,13,5,8
Shadaw,kilrogg,319,warlock,demonology,5,4,1
Osyx,ravencrest,288,warlock,demonology,6,3,3
Landii,ragnaros,288,warlock,demonology,6,3,3
Рашчер,gordunni,288,warlock,demonology,6,3,3
Xiraq,nathrezim,288,warlock,demonology,6,3,3
Ilililii,ravencrest,288,warlock,demonology,6,3,3
Сантизи,gordunni,288,warlock,demonology,6,3,3
Pidka,drakthul,288,warlock,demonology,6,3,3
Gyroib,stormscale,288,warlock,demonology,6,3,3
Локистраик,borean-tundra,288,warlock,demonology,6,3,3
Afflimoomoo,tarren-mill,288,warlock,demonology,6,3,3
Mingingclass,stormscale,288,warlock,demonology,6,3,3
Sleethy,destromath,288,warlock,demonology,6,3,3
Sipsirica,ragnaros,288,warlock,demonology,6,3,3
Nineinchlock,silvermoon,288,warlock,demonology,6,3,3
Sofias,tarren-mill,288,warlock,demonology,6,3,3
Noobgg,kazzak,288,warlock,demonology,6,3,3
Sidragasoss,drakthul,288,warlock,demonology,6,3,3
Dispelpls,dun-morogh,288,warlock,demonology,6,3,3
Waîdo,blackhand,288,warlock,demonology,6,3,3
Ronniee,moonglade,288,warlock,demonology,6,3,3
Hasselbalch,azshara,288,warlock,demonology,6,3,3
Immaginare,sylvanas,288,warlock,demonology,6,3,3
Zeromaker,kazzak,288,warlock,demonology,6,3,3
Alcringe,kazzak,288,warlock,demonology,6,3,3
Väladar,sanguino,288,warlock,demonology,6,3,3
Дядяджонн,gordunni,288,warlock,demonology,6,3,3
Xjms,darksorrow,288,warlock,demonology,6,3,3
Theronas,tarren-mill,288,warlock,demonology,6,3,3
Legiozock,draenor,288,warlock,demonology,6,3,3
Infernion,stormscale,288,warlock,demonology,6,3,3
Bionic,eredar,288,warlock,demonology,6,3,3
Wendetta,stormreaver,288,warlock,demonology,6,3,3
Opiumers,kazzak,288,warlock,demonology,6,3,3
Hotdogvendor,kazzak,288,warlock,demonology,6,3,3
Bono,frostwhisper,288,warlock,demonology,6,3,3
Vladov,ravencrest,288,warlock,demonology,6,3,3
Buserella,eredar,288,warlock,demonology,6,3,3
Дотботх,howling-fjord,288,warlock,demonology,6,3,3
Antuan,sanguino,288,warlock,demonology,6,3,3
Mefistosx,draenor,288,warlock,demonology,6,3,3
Malkoran,sylvanas,288,warlock,demonology,6,3,3
Zèlêph,archimonde,288,warlock,demonology,6,3,3
ßualock,sylvanas,288,warlock,demonology,6,3,3
Xenq,ravencrest,288,warlock,demonology,6,3,3
Talindra,stormscale,288,warlock,demonology,6,3,3
Flamidien,archimonde,288,warlock,demonology,6,3,3
Комочеро,soulflayer,288,warlock,demonology,6,3,3
Lebaa,burning-steppes,288,warlock,demonology,6,3,3
Horststenzl,blackrock,288,warlock,demonology,6,3,3
Suucc,draenor,288,warlock,demonology,6,3,3
Kuloo,blackmoore,288,warlock,demonology,6,3,3
Лысыйлокоть,soulflayer,288,warlock,demonology,6,3,3
Matheus,zenedar,288,warlock,demonology,6,3,3
Ezy,auchindoun,288,warlock,demonology,6,3,3
Wombsa,blackmoore,288,warlock,demonology,6,3,3
Shjzzkl,blackmoore,288,warlock,demonology,6,3,3
Cainn,kilrogg,288,warlock,demonology,6,3,3
Askanios,twisting-nether,288,warlock,demonology,6,3,3
Dernaxz,argent-dawn,288,warlock,demonology,6,3,3
Myliege,kilrogg,288,warlock,demonology,6,3,3
Elmîr,blackmoore,288,warlock,demonology,6,3,3
Moelock,frostmane,288,warlock,demonology,6,3,3
Rushkush,ravencrest,288,warlock,demonology,7,3,4
Kamí,sanguino,288,warlock,demonology,12,3,9
Ïvar,ysondre,288,warlock,demonology,12,3,9
Dardec,hyjal,288,warlock,demonology,12,3,9
Cassen,outland,288,warlock,demonology,12,3,9
Эссминет,soulflayer,288,warlock,demonology,12,3,9
Laveau,outland,288,warlock,demonology,12,3,9
Ftpete,argent-dawn,288,warlock,demonology,12,3,9
Ydidntuwait,ragnaros,288,warlock,demonology,18,3,15
Hartee,argent-dawn,288,warlock,demonology,18,3,15
Petrosk,sanguino,287,warlock,demonology,6,3,3
Dust,argent-dawn,287,warlock,demonology,12,3,9
Кхадгард,howling-fjord,256,warlock,demonology,10,3,7
Hasla,stormreaver,256,warlock,demonology,10,3,7
Calypso,korgall,239,warlock,demonology,5,3,2
Ánderx,dun-modr,239,warlock,demonology,5,3,2
Infïnitýx,silvermoon,223,warlock,demonology,8,3,5
Muninnus,archimonde,192,warlock,demonology,9,3,6
Iblis,grim-batol,192,warlock,demonology,6,2,4
Fatkkroth,ravencrest,192,warlock,demonology,6,2,4
Ukjjkhj,frostmane,192,warlock,demonology,6,2,4
Kaobolt,archimonde,192,warlock,demonology,6,2,4
Ekispekis,tarren-mill,192,warlock,demonology,6,2,4
Artys,tarren-mill,192,warlock,demonology,6,2,4
Hodille,argent-dawn,192,warlock,demonology,6,2,4
Salvatoríy,outland,192,warlock,demonology,6,2,4
Indifférence,archimonde,192,warlock,demonology,6,2,4
Fortheend,twisting-nether,192,warlock,demonology,6,2,4
Heexmex,blackmoore,192,warlock,demonology,6,2,4
Fløkee,blackmoore,192,warlock,demonology,6,2,4
Andrealphus,outland,192,warlock,demonology,6,2,4
Скверногрик,fordragon,192,warlock,demonology,6,2,4
Nerfwarriors,stormscale,192,warlock,demonology,6,2,4
Irnx,tarren-mill,192,warlock,demonology,6,2,4
Oldasiangirl,blackrock,192,warlock,demonology,6,2,4
Liwerno,dunemaul,192,warlock,demonology,6,2,4
Àbraxàs,nemesis,192,warlock,demonology,6,2,4
Repah,doomhammer,192,warlock,demonology,6,2,4
Azgaroth,kazzak,192,warlock,demonology,6,2,4
Belzedan,blackrock,192,warlock,demonology,6,2,4
Fearlessgødx,ravencrest,192,warlock,demonology,6,2,4
Retrosatanas,archimonde,192,warlock,demonology,6,2,4
Sneptics,draenor,192,warlock,demonology,6,2,4
Вериберри,gordunni,192,warlock,demonology,6,2,4
Jkz,blackrock,192,warlock,demonology,6,2,4
Bowti,ravencrest,192,warlock,demonology,6,2,4
Cali,ahnqiraj,192,warlock,demonology,6,2,4
Бешентумай,goldrinn,192,warlock,demonology,6,2,4
Azurma,tarren-mill,192,warlock,demonology,6,2,4
Flatwolenzy,blackrock,192,warlock,demonology,6,2,4
Stromzii,silvermoon,192,warlock,demonology,6,2,4
Kumamoto,tarren-mill,192,warlock,demonology,6,2,4
Zyréx,eredar,192,warlock,demonology,6,2,4
Epoku,stormscale,192,warlock,demonology,6,2,4
Cräwley,ragnaros,192,warlock,demonology,6,2,4
Democraft,the-maelstrom,192,warlock,demonology,6,2,4
Baradür,sanguino,192,warlock,demonology,6,2,4
Slowfatlock,ravencrest,192,warlock,demonology,6,2,4
Kasztyk,grim-batol,192,warlock,demonology,6,2,4
Luckylocked,kazzak,192,warlock,demonology,6,2,4
Incesticide,ragnaros,192,warlock,demonology,6,2,4
Кайрана,blackscar,192,warlock,demonology,6,2,4
Destroc,blackrock,192,warlock,demonology,6,2,4
Médeâ,ravencrest,192,warlock,demonology,6,2,4
Amerihell,pozzo-delleternità,192,warlock,demonology,6,2,4
Seldonn,pozzo-delleternità,192,warlock,demonology,6,2,4
Branduir,ragnaros,192,warlock,demonology,6,2,4
Bu,zirkel-des-cenarius,192,warlock,demonology,6,2,4
Surfingbirdz,ragnaros,192,warlock,demonology,6,2,4
Prestige,nemesis,192,warlock,demonology,6,2,4
Хэлласс,blackscar,192,warlock,demonology,6,2,4
Gammalgubbe,stormscale,192,warlock,demonology,6,2,4
Imadovich,silvermoon,192,warlock,demonology,6,2,4
Gtxtreme,kazzak,192,warlock,demonology,6,2,4
Drith,blades-edge,192,warlock,demonology,6,2,4
Lokelicious,ragnaros,192,warlock,demonology,6,2,4
Анрали,deathguard,192,warlock,demonology,6,2,4
Chram,uldum,192,warlock,demonology,7,2,5
Saruna,azshara,192,warlock,demonology,12,2,10
Arciam,kazzak,192,warlock,demonology,12,2,10
Henriett,ravencrest,192,warlock,demonology,12,2,10
Déadwish,ravencrest,192,warlock,demonology,12,2,10
Grimmwald,stormreaver,192,warlock,demonology,12,2,10
Rayanna,twisting-nether,192,warlock,demonology,18,2,16
Letzterlude,thrall,159,warlock,demonology,5,2,3
Yamajii,krasus,137,warlock,demonology,11,4,7
Happycadaver,blackrock,96,warlock,demonology,3,2,1
Lovromalt,kazzak,96,warlock,demonology,6,1,5
Darkbazul,burning-legion,96,warlock,demonology,6,1,5
Catherine,garrosh,96,warlock,demonology,6,1,5
Árkan,thrall,96,warlock,demonology,6,1,5
Krútéús,perenolde,96,warlock,demonology,6,1,5
Prestoc,wrathbringer,96,warlock,demonology,6,1,5
Wspolnax,ravencrest,96,warlock,demonology,6,1,5
Ароматныйх,howling-fjord,96,warlock,demonology,6,1,5
Utuklululu,archimonde,96,warlock,demonology,6,1,5
Méetoo,thrall,96,warlock,demonology,6,1,5
Marann,dun-morogh,96,warlock,demonology,6,1,5
Necroless,shadowsong,96,warlock,demonology,6,1,5
Bolt,stormscale,96,warlock,demonology,6,1,5
Militianu,sylvanas,96,warlock,demonology,6,1,5
Zebauron,twisting-nether,96,warlock,demonology,6,1,5
Tid,burning-legion,96,warlock,demonology,6,1,5
Divvaa,tarren-mill,96,warlock,demonology,6,1,5
Бестий,fordragon,96,warlock,demonology,6,1,5
Ðßøhßäøùí,blackmoore,96,warlock,demonology,6,1,5
Melfos,blackmoore,96,warlock,demonology,6,1,5
Маверрикк,gordunni,96,warlock,demonology,6,1,5
Кусокплети,grom,63,warlock,demonology,2,2,0
Xydar,stormscale,42,warlock,demonology,10,2,8
Lollock,teldrassil,31,warlock,demonology,2,1,1
Loghit,ravencrest,16,warlock,demonology,1,1,0
Inferniøn,ravencrest,2422,warlock,destruction,93,68,25
Infý,ravencrest,2379,warlock,destruction,102,65,37
Jâzggz,twisting-nether,2317,warlock,destruction,78,51,27
Tjl,kazzak,2305,warlock,destruction,95,57,38
Creatúre,drakthul,2290,warlock,destruction,54,42,12
Тагочи,gordunni,2281,warlock,destruction,110,62,48
Erutaerc,drakthul,2278,warlock,destruction,60,40,20
Lopari,aegwynn,2275,warlock,destruction,106,65,41
Bóbtown,stormscale,2270,warlock,destruction,180,107,73
Canabolic,stormscale,2269,warlock,destruction,90,55,35
Indraxx,hyjal,2266,warlock,destruction,110,60,50
Боуман,howling-fjord,2243,warlock,destruction,96,56,40
Xeremas,blackrock,2237,warlock,destruction,83,62,21
Acentro,stormscale,2231,warlock,destruction,71,46,25
Rootzlx,ravencrest,2216,warlock,destruction,114,68,46
Voldby,kazzak,2213,warlock,destruction,102,56,46
Azurma,tarren-mill,2211,warlock,destruction,78,47,31
Yùna,frostwolf,2209,warlock,destruction,72,48,24
Dæhli,argent-dawn,2204,warlock,destruction,102,56,46
Snapperz,stormscale,2202,warlock,destruction,138,76,62
Anihli,kazzak,2199,warlock,destruction,126,68,58
Steckenpferd,blackmoore,2190,warlock,destruction,54,37,17
Фримех,soulflayer,2167,warlock,destruction,65,51,14
Handicapped,burning-legion,2158,warlock,destruction,78,47,31
Rexløck,nozdormu,2156,warlock,destruction,111,76,35
Zèlêph,archimonde,2151,warlock,destruction,180,114,66
Glooness,burning-legion,2151,warlock,destruction,78,43,35
Amdead,sylvanas,2150,warlock,destruction,84,60,24
Bäle,stormreaver,2150,warlock,destruction,107,64,43
Фаерморн,blackscar,2148,warlock,destruction,78,49,29
Absurdity,twisting-nether,2148,warlock,destruction,102,53,49
Tekrowdy,blackmoore,2144,warlock,destruction,48,33,15
Ilovemimi,hyjal,2144,warlock,destruction,65,38,27
Kimkold,twisting-nether,2144,warlock,destruction,96,50,46
Djdampening,bloodhoof,2141,warlock,destruction,130,84,46
Телола,gordunni,2141,warlock,destruction,102,61,41
Tópdogg,twisting-nether,2140,warlock,destruction,54,43,11
Veganlifter,blackhand,2136,warlock,destruction,72,45,27
Lockisbadx,draenor,2132,warlock,destruction,72,43,29
Эвилакс,gordunni,2131,warlock,destruction,78,50,28
Legionlockxd,twisting-nether,2129,warlock,destruction,88,48,40
Brokenearman,defias-brotherhood,2127,warlock,destruction,35,31,4
Varaxxis,twisting-nether,2127,warlock,destruction,102,60,42
Шархихохо,gordunni,2125,warlock,destruction,102,53,49
Nògg,frostwhisper,2120,warlock,destruction,66,42,24
Gulwer,blackmoore,2120,warlock,destruction,66,40,26
Vîmø,antonidas,2120,warlock,destruction,203,123,80
Rune,aegwynn,2118,warlock,destruction,72,51,21
Malddog,turalyon,2118,warlock,destruction,90,56,34
Dayken,silvermoon,2117,warlock,destruction,63,44,19
Блакхен,blackscar,2117,warlock,destruction,66,38,28
Рашчер,gordunni,2116,warlock,destruction,101,58,43
Zilalol,sylvanas,2115,warlock,destruction,78,46,32
Djmcwarlock,kazzak,2115,warlock,destruction,68,40,28
Velv,nagrand,2112,warlock,destruction,90,45,45
Рауваскх,howling-fjord,2110,warlock,destruction,53,31,22
Cryzzbad,stormscale,2109,warlock,destruction,36,29,7
Nellyvato,eredar,2109,warlock,destruction,90,53,37
Zélroth,argent-dawn,2108,warlock,destruction,162,92,70
Bankstair,stormscale,2105,warlock,destruction,66,44,22
Hladankurac,twisting-nether,2105,warlock,destruction,60,35,25
Drainsouls,stormscale,2105,warlock,destruction,189,105,84
Lywov,stormscale,2103,warlock,destruction,60,34,26
Wldot,ravencrest,2102,warlock,destruction,84,53,31
Umbraz,blackmoore,2102,warlock,destruction,72,40,32
Артик,gordunni,2101,warlock,destruction,48,37,11
Ìpen,bloodfeather,2101,warlock,destruction,77,43,34
Bfaexpert,ravencrest,2099,warlock,destruction,48,29,19
Блудгэнг,blackscar,2086,warlock,destruction,60,44,16
Císuh,stormreaver,2082,warlock,destruction,108,61,47
Sehk,stormreaver,2077,warlock,destruction,60,43,17
Dabzw,twisting-nether,2075,warlock,destruction,67,43,24
Nògg,kazzak,2075,warlock,destruction,60,33,27
Паилка,galakrond,2075,warlock,destruction,135,74,61
Chaosbuster,magtheridon,2069,warlock,destruction,114,72,42
Haedache,tarren-mill,2069,warlock,destruction,101,57,44
Bualock,sylvanas,2068,warlock,destruction,60,33,27
Ánderxyo,dun-modr,2065,warlock,destruction,42,32,10
Xesh,kiljaeden,2064,warlock,destruction,96,54,42
Bewegen,frostwolf,2061,warlock,destruction,90,50,40
Necromanya,ravencrest,2056,warlock,destruction,174,100,74
Aestheatic,draenor,2054,warlock,destruction,269,144,125
Простишутках,gordunni,2051,warlock,destruction,48,30,18
Rhüd,twisting-nether,2050,warlock,destruction,95,54,41
Kerídiin,twisting-nether,2048,warlock,destruction,84,47,37
Arfdispo,hyjal,2048,warlock,destruction,125,64,61
Sterlock,sylvanas,2046,warlock,destruction,67,37,30
Héffer,outland,2044,warlock,destruction,121,80,41
Bigbolt,arathor,2042,warlock,destruction,95,53,42
Whatamellown,aegwynn,2037,warlock,destruction,60,37,23
Кириланскил,gordunni,2031,warlock,destruction,54,33,21
Pørtal,aggra-português,2030,warlock,destruction,83,47,36
Koisk,tarren-mill,2028,warlock,destruction,70,39,31
Онлидемон,gordunni,2028,warlock,destruction,153,81,72
Válýrá,blackhand,2027,warlock,destruction,59,41,18
Alphazero,zuluhed,2026,warlock,destruction,77,43,34
Кишмякхб,howling-fjord,2024,warlock,destruction,91,47,44
Влицотьмой,gordunni,2023,warlock,destruction,66,37,29
Superlocken,ragnaros,2022,warlock,destruction,65,37,28
Portlock,kazzak,2021,warlock,destruction,72,43,29
Bualock,stormscale,2019,warlock,destruction,53,30,23
Кенгарь,howling-fjord,2019,warlock,destruction,132,72,60
Felcamino,outland,2019,warlock,destruction,72,36,36
Obrusik,burning-legion,2017,warlock,destruction,71,35,36
Ryûsuke,dun-modr,2015,warlock,destruction,78,46,32
Geluwu,tarren-mill,2015,warlock,destruction,60,35,25
Vvj,ravencrest,2014,warlock,destruction,132,71,61
Vitus,malganis,2011,warlock,destruction,150,84,66
Жасминдос,blackscar,2006,warlock,destruction,63,42,21
Decimus,darkspear,2006,warlock,destruction,132,78,54
Tàkaz,drekthar,1998,warlock,destruction,88,54,34
Isuckwarlock,aegwynn,1994,warlock,destruction,66,34,32
Rockbèll,blackmoore,1992,warlock,destruction,48,36,12
Силорий,howling-fjord,1992,warlock,destruction,61,38,23
Johanan,ravencrest,1987,warlock,destruction,30,24,6
Gøzù,antonidas,1985,warlock,destruction,54,32,22
Kwoleriker,norgannon,1985,warlock,destruction,70,39,31
Påsqúåls,ravencrest,1984,warlock,destruction,72,41,31
Corbbolt,drakthul,1984,warlock,destruction,84,46,38
Инферналках,gordunni,1983,warlock,destruction,59,39,20
Shangalar,burning-legion,1980,warlock,destruction,90,51,39
Supergeîl,blackrock,1980,warlock,destruction,84,46,38
Sqx,veklor,1978,warlock,destruction,60,39,21
Beebs,aegwynn,1977,warlock,destruction,58,40,18
Bluefungirl,stormscale,1976,warlock,destruction,72,46,26
Hotdoghomie,tarren-mill,1974,warlock,destruction,36,28,8
Xwíng,stormscale,1974,warlock,destruction,48,35,13
Laedreth,argent-dawn,1973,warlock,destruction,140,79,61
Ffpiiras,dunemaul,1972,warlock,destruction,63,37,26
Madridistaß,outland,1971,warlock,destruction,96,49,47
Asáel,blackrock,1968,warlock,destruction,84,47,37
Lhestér,outland,1967,warlock,destruction,57,35,22
Wällaar,ragnaros,1964,warlock,destruction,78,47,31
Mangolicious,twisting-nether,1964,warlock,destruction,102,55,47
Zàkx,silvermoon,1962,warlock,destruction,308,168,140
Gogmorok,dunemaul,1962,warlock,destruction,154,80,74
Zarisya,blackmoore,1961,warlock,destruction,48,29,19
Drowlý,twisting-nether,1961,warlock,destruction,54,32,22
Мспечень,howling-fjord,1960,warlock,destruction,48,36,12
Looneytoonz,blackrock,1956,warlock,destruction,84,50,34
Malgarøth,tarren-mill,1955,warlock,destruction,60,28,32
Сумракк,gordunni,1954,warlock,destruction,66,35,31
Nayolana,argent-dawn,1954,warlock,destruction,87,45,42
Stefcheto,twilights-hammer,1953,warlock,destruction,78,43,35
Whakkx,blackrock,1953,warlock,destruction,72,39,33
Tikondrus,ravencrest,1952,warlock,destruction,42,28,14
Ashlÿn,draenor,1952,warlock,destruction,47,31,16
Habdruck,blackmoore,1950,warlock,destruction,104,73,31
Kumamoto,tarren-mill,1950,warlock,destruction,48,32,16
Achluophobiå,ravencrest,1949,warlock,destruction,43,27,16
Tschapatalpi,blackhand,1947,warlock,destruction,70,35,35
Nëismz,hyjal,1944,warlock,destruction,48,28,20
Сильвиос,howling-fjord,1943,warlock,destruction,100,49,51
Logicdotexé,tarren-mill,1940,warlock,destruction,61,39,22
Cujo,draenor,1937,warlock,destruction,84,42,42
Boltilicious,kazzak,1936,warlock,destruction,54,35,19
Ashmodéus,defias-brotherhood,1935,warlock,destruction,53,32,21
Взорг,soulflayer,1931,warlock,destruction,90,49,41
Suprezz,sylvanas,1929,warlock,destruction,60,36,24
Fornaio,nemesis,1927,warlock,destruction,36,24,12
Wester,blackmoore,1926,warlock,destruction,78,40,38
Fîgøk,conseil-des-ombres,1923,warlock,destruction,108,63,45
Garlan,dun-modr,1918,warlock,destruction,202,109,93
Sjödin,tarren-mill,1917,warlock,destruction,30,24,6
Boltzer,archimonde,1916,warlock,destruction,78,46,32
Kuckacocucka,outland,1915,warlock,destruction,65,38,27
Blakstorm,archimonde,1915,warlock,destruction,60,35,25
Smaúg,archimonde,1913,warlock,destruction,87,45,42
Mxdojsrvqxzq,ravencrest,1911,warlock,destruction,77,43,34
Drututt,the-maelstrom,1910,warlock,destruction,54,30,24
Vøid,hellscream,1910,warlock,destruction,53,26,27
Necorinexx,silvermoon,1909,warlock,destruction,30,20,10
Magonyth,ravencrest,1909,warlock,destruction,90,49,41
Djhanzó,outland,1907,warlock,destruction,45,28,17
Lyâ,ravencrest,1905,warlock,destruction,36,23,13
Zoodíac,blackrock,1904,warlock,destruction,48,32,16
Healylockx,stormscale,1904,warlock,destruction,48,28,20
Buâlock,stormscale,1900,warlock,destruction,24,20,4
Dsï,outland,1900,warlock,destruction,59,33,26
Тьмазвёздная,gordunni,1898,warlock,destruction,60,43,17
Laokoon,blackmoore,1897,warlock,destruction,48,33,15
Rúbs,sylvanas,1897,warlock,destruction,102,55,47
Mxxmmllm,kargath,1896,warlock,destruction,101,62,39
Kaktakto,ravencrest,1895,warlock,destruction,54,30,24
Andtheysay,outland,1894,warlock,destruction,170,96,74
Vregor,twisting-nether,1892,warlock,destruction,36,26,10
Twisted,malganis,1891,warlock,destruction,90,51,39
Fearo,kazzak,1888,warlock,destruction,65,38,27
Juhpz,blackrock,1888,warlock,destruction,52,24,28
Veridy,kazzak,1887,warlock,destruction,46,29,17
Feardotbye,stormscale,1886,warlock,destruction,49,30,19
Salvabolter,outland,1885,warlock,destruction,54,34,20
Deßra,stormscale,1885,warlock,destruction,60,33,27
Whøîäm,kazzak,1883,warlock,destruction,42,31,11
Hânex,ravencrest,1883,warlock,destruction,42,28,14
Exitlock,thrall,1882,warlock,destruction,60,35,25
Someonepro,tarren-mill,1882,warlock,destruction,89,41,48
Immaginare,sylvanas,1881,warlock,destruction,90,54,36
Avogeiñ,tarren-mill,1881,warlock,destruction,47,24,23
Mafteryo,blackrock,1880,warlock,destruction,66,37,29
Deadlyrust,ragnaros,1880,warlock,destruction,66,32,34
Henmur,stormscale,1879,warlock,destruction,64,37,27
Carelock,chamber-of-aspects,1878,warlock,destruction,42,28,14
Deathfløw,draenor,1878,warlock,destruction,78,51,27
Eboyclass,twisting-nether,1875,warlock,destruction,33,23,10
Ulora,zirkel-des-cenarius,1875,warlock,destruction,59,33,26
Kitchiarû,uldaman,1874,warlock,destruction,42,27,15
Noomaca,drakthul,1873,warlock,destruction,108,59,49
Ðènnis,tarren-mill,1870,warlock,destruction,42,28,14
Èmøgøðqt,ravencrest,1870,warlock,destruction,54,28,26
Xxjz,ravencrest,1869,warlock,destruction,90,47,43
Dooms,antonidas,1868,warlock,destruction,42,31,11
Dersdog,twisting-nether,1867,warlock,destruction,45,26,19
Аоепампгодх,howling-fjord,1866,warlock,destruction,82,58,24
Rohyna,archimonde,1865,warlock,destruction,36,27,9
Limoges,archimonde,1865,warlock,destruction,35,26,9
Extingul,tarren-mill,1865,warlock,destruction,59,38,21
Èlton,tarren-mill,1864,warlock,destruction,114,67,47
Якурюимнепох,gordunni,1864,warlock,destruction,149,82,67
Spookytouch,draenor,1864,warlock,destruction,94,47,47
Sheitana,ysondre,1863,warlock,destruction,60,39,21
Rokkarn,kazzak,1863,warlock,destruction,48,29,19
Osbaa,darksorrow,1861,warlock,destruction,50,31,19
Phoyk,blackmoore,1859,warlock,destruction,48,29,19
Блейдап,razuvious,1859,warlock,destruction,54,31,23
Sluba,stormscale,1859,warlock,destruction,104,57,47
Drdoit,blackrock,1859,warlock,destruction,60,31,29
Temnamagna,silvermoon,1858,warlock,destruction,41,28,13
Homerbamboom,hyjal,1857,warlock,destruction,41,32,9
Kurono,silvermoon,1857,warlock,destruction,54,31,23
Kayloo,archimonde,1856,warlock,destruction,54,34,20
Zâyo,ravencrest,1856,warlock,destruction,54,31,23
Cmdxo,malganis,1856,warlock,destruction,71,38,33
Hairyporta,blackmoore,1855,warlock,destruction,101,59,42
Djfearbot,kazzak,1854,warlock,destruction,78,49,29
Xunzu,drakthul,1854,warlock,destruction,54,27,27
Darksoll,hyjal,1853,warlock,destruction,41,31,10
Jawoxoxo,rexxar,1852,warlock,destruction,48,20,28
Laolife,twisting-nether,1851,warlock,destruction,66,33,33
Tuplajekku,sylvanas,1851,warlock,destruction,59,29,30
Johnylock,draenor,1850,warlock,destruction,116,71,45
Debbskidjur,tarren-mill,1850,warlock,destruction,85,49,36
Depressedkid,ravencrest,1850,warlock,destruction,60,30,30
Chaoscrit,eredar,1848,warlock,destruction,85,48,37
Themut,draenor,1847,warlock,destruction,76,49,27
Руктал,howling-fjord,1847,warlock,destruction,54,34,20
Кобре,howling-fjord,1847,warlock,destruction,42,26,16
Ayperos,tyrande,1847,warlock,destruction,72,38,34
Шрэкс,blackscar,1846,warlock,destruction,42,22,20
Gorillabolts,tarren-mill,1846,warlock,destruction,48,21,27
Gis,laughing-skull,1843,warlock,destruction,54,31,23
Rumour,sunstrider,1843,warlock,destruction,54,30,24
Dogoon,sylvanas,1842,warlock,destruction,179,100,79
Attilergg,stormscale,1839,warlock,destruction,32,23,9
Ecoxx,aegwynn,1839,warlock,destruction,48,34,14
Fiddyp,kazzak,1839,warlock,destruction,42,28,14
Ñila,ravencrest,1839,warlock,destruction,36,23,13
Ripnsew,ravencrest,1839,warlock,destruction,41,26,15
Syviwl,outland,1839,warlock,destruction,53,30,23
Ceu,tarren-mill,1838,warlock,destruction,99,58,41
Nutyx,twisting-nether,1838,warlock,destruction,78,40,38
Tharaqt,kazzak,1837,warlock,destruction,41,26,15
Zelieknight,ysondre,1837,warlock,destruction,114,68,46
Junakot,silvermoon,1837,warlock,destruction,48,27,21
Dogdrakex,tarren-mill,1837,warlock,destruction,52,28,24
Ispankmysuc,korgall,1836,warlock,destruction,69,42,27
Vultzbolt,draenor,1835,warlock,destruction,117,72,45
Belial,minahonda,1835,warlock,destruction,57,33,24
Гивмисоул,soulflayer,1835,warlock,destruction,54,31,23
Bobop,sanguino,1834,warlock,destruction,106,60,46
Médeâ,ravencrest,1834,warlock,destruction,76,42,34
Kiwibob,defias-brotherhood,1832,warlock,destruction,65,41,24
Ftpete,argent-dawn,1831,warlock,destruction,98,58,40
Lémonz,stormscale,1831,warlock,destruction,52,26,26
Shadöwmäre,draenor,1830,warlock,destruction,54,31,23
Veríty,kazzak,1829,warlock,destruction,30,20,10
Ícekíss,hyjal,1828,warlock,destruction,48,33,15
Lsr,argent-dawn,1828,warlock,destruction,65,35,30
Coilxo,ravencrest,1827,warlock,destruction,52,36,16
Mohihi,ravencrest,1827,warlock,destruction,54,25,29
Brainac,blackrock,1826,warlock,destruction,36,24,12
Plaguee,outland,1826,warlock,destruction,62,37,25
Freddaxd,outland,1825,warlock,destruction,52,33,19
Соргосор,gordunni,1825,warlock,destruction,53,30,23
Saffíe,ravencrest,1825,warlock,destruction,64,36,28
Imforcedtowl,aegwynn,1824,warlock,destruction,42,31,11
Asilock,eredar,1824,warlock,destruction,48,32,16
Worse,kazzak,1823,warlock,destruction,48,29,19
Benne,stormscale,1823,warlock,destruction,42,24,18
Coeurnichon,archimonde,1823,warlock,destruction,58,32,26
Maderto,burning-legion,1823,warlock,destruction,185,101,84
Visceris,ravencrest,1822,warlock,destruction,42,20,22
Killáksi,ravencrest,1821,warlock,destruction,42,26,16
Korupcijax,kazzak,1820,warlock,destruction,36,21,15
Merçedesa,tarren-mill,1820,warlock,destruction,35,20,15
Mocha,ravencrest,1819,warlock,destruction,48,31,17
Reznör,archimonde,1819,warlock,destruction,30,19,11
Incesticide,ragnaros,1819,warlock,destruction,60,37,23
Juppi,blackrock,1819,warlock,destruction,138,82,56
Fizzydark,malganis,1819,warlock,destruction,60,30,30
Ethiq,blackrock,1818,warlock,destruction,30,19,11
Lockróck,silvermoon,1817,warlock,destruction,30,22,8
Jupp,blackrock,1817,warlock,destruction,48,29,19
Srkzlol,durotan,1817,warlock,destruction,66,35,31
Alcringe,kazzak,1816,warlock,destruction,158,90,68
Porchpirate,draenor,1816,warlock,destruction,72,41,31
Schrimz,blackrock,1816,warlock,destruction,54,26,28
Matsuei,tarren-mill,1816,warlock,destruction,48,23,25
Barneyboi,tarren-mill,1815,warlock,destruction,87,59,28
Louloudots,ragnaros,1815,warlock,destruction,36,22,14
Kivilock,dun-modr,1815,warlock,destruction,79,48,31
Vileclass,ravencrest,1815,warlock,destruction,44,26,18
Tehkorrum,archimonde,1815,warlock,destruction,53,30,23
Jappér,silvermoon,1814,warlock,destruction,36,30,6
Olsel,draenor,1814,warlock,destruction,47,30,17
Panda,aegwynn,1814,warlock,destruction,36,22,14
Delumia,tarren-mill,1814,warlock,destruction,108,62,46
Nemwl,draenor,1814,warlock,destruction,66,31,35
Oldasianman,blackrock,1813,warlock,destruction,24,19,5
Kamoriwl,blackhand,1813,warlock,destruction,30,19,11
Nyotu,antonidas,1813,warlock,destruction,42,25,17
Bónz,outland,1813,warlock,destruction,42,25,17
Doodle,the-maelstrom,1813,warlock,destruction,66,38,28
Tbs,blackhand,1813,warlock,destruction,54,25,29
Slytherim,stormscale,1812,warlock,destruction,87,57,30
Todesgurke,alleria,1812,warlock,destruction,36,22,14
Whisperer,defias-brotherhood,1812,warlock,destruction,54,29,25
Neoe,stormscale,1812,warlock,destruction,64,34,30
Linuviel,argent-dawn,1811,warlock,destruction,41,29,12
Bono,frostwhisper,1811,warlock,destruction,86,54,32
Osîrîs,aegwynn,1811,warlock,destruction,66,30,36
Gregwyn,hellscream,1809,warlock,destruction,24,19,5
Makîø,hyjal,1809,warlock,destruction,130,62,68
Davyjonessx,twisting-nether,1809,warlock,destruction,86,35,51
Fiearstyle,tarren-mill,1808,warlock,destruction,30,23,7
Senbolts,tarren-mill,1808,warlock,destruction,42,27,15
Pederpan,stormscale,1808,warlock,destruction,30,19,11
Darkleci,archimonde,1808,warlock,destruction,60,34,26
Purexlock,dragonblight,1807,warlock,destruction,53,34,19
Бауглирх,howling-fjord,1807,warlock,destruction,71,38,33
Raepist,terokkar,1806,warlock,destruction,54,33,21
Titimon,tarren-mill,1806,warlock,destruction,94,52,42
Rûttna,kazzak,1806,warlock,destruction,53,27,26
Pumpelumpe,twisting-nether,1806,warlock,destruction,45,20,25
Yøshinø,wildhammer,1805,warlock,destruction,48,36,12
Lockchonk,kazzak,1805,warlock,destruction,84,52,32
Хауда,gordunni,1805,warlock,destruction,59,35,24
Aniq,eredar,1805,warlock,destruction,54,26,28
Osbaa,bladefist,1804,warlock,destruction,48,31,17
Sïeur,archimonde,1804,warlock,destruction,113,69,44
Bryanz,sanguino,1804,warlock,destruction,46,25,21
Фирбог,soulflayer,1804,warlock,destruction,60,31,29
Klnr,ravencrest,1803,warlock,destruction,32,22,10
Ertogrul,draenor,1802,warlock,destruction,24,19,5
Richerdgir,ravencrest,1802,warlock,destruction,39,25,14
Loel,blackrock,1802,warlock,destruction,36,23,13
Pornhubx,stormscale,1802,warlock,destruction,48,30,18
Pilock,stormscale,1802,warlock,destruction,36,22,14
Avenueat,kazzak,1802,warlock,destruction,45,24,21
Артисона,gordunni,1802,warlock,destruction,48,25,23
Zxò,twisting-nether,1801,warlock,destruction,129,69,60
Skrana,kazzak,1800,warlock,destruction,65,39,26
Ganjubass,tarren-mill,1800,warlock,destruction,85,50,35
Anabolicbaby,draenor,1799,warlock,destruction,30,23,7
Daubi,ravencrest,1796,warlock,destruction,48,28,20
Skillførçé,kazzak,1795,warlock,destruction,36,27,9
Koldarr,blackmoore,1793,warlock,destruction,82,50,32
Bàbyløck,archimonde,1792,warlock,destruction,72,41,31
Robertóó,burning-legion,1792,warlock,destruction,64,34,30
Xiraq,nathrezim,1790,warlock,destruction,36,19,17
Guciflipflop,twisting-nether,1787,warlock,destruction,54,29,25
Nekrosd,tarren-mill,1787,warlock,destruction,132,69,63
Whøknøws,twisting-nether,1786,warlock,destruction,36,25,11
Sad,lightnings-blade,1785,warlock,destruction,48,29,19
Ërîkå,ravencrest,1785,warlock,destruction,99,59,40
Soulboltx,ragnaros,1784,warlock,destruction,48,27,21
Кейкегенкай,gordunni,1783,warlock,destruction,135,72,63
Knoxwhite,stormscale,1781,warlock,destruction,42,28,14
Orgebixx,blackmoore,1781,warlock,destruction,42,26,16
Plâytïmè,stormscale,1780,warlock,destruction,66,30,36
Elyö,dalaran,1778,warlock,destruction,197,96,101
Kikeri,blackhand,1775,warlock,destruction,42,26,16
Diablist,kazzak,1775,warlock,destruction,118,64,54
Conditions,tarren-mill,1775,warlock,destruction,65,30,35
Theronas,tarren-mill,1774,warlock,destruction,48,28,20
Brødo,dun-modr,1774,warlock,destruction,42,24,18
Alxor,archimonde,1774,warlock,destruction,72,40,32
Noobgg,kazzak,1773,warlock,destruction,54,33,21
Tajit,eredar,1773,warlock,destruction,66,32,34
Crse,antonidas,1772,warlock,destruction,79,52,27
Trainindummy,ravencrest,1771,warlock,destruction,71,53,18
Sharhý,kazzak,1770,warlock,destruction,34,21,13
Gjallarbrù,archimonde,1769,warlock,destruction,45,27,18
Demoner,tarren-mill,1769,warlock,destruction,156,90,66
Motcha,kazzak,1769,warlock,destruction,36,20,16
Nybbx,frostmane,1769,warlock,destruction,165,84,81
Onuurbro,kult-der-verdammten,1765,warlock,destruction,42,28,14
Marador,drakthul,1764,warlock,destruction,47,26,21
Olympïe,archimonde,1763,warlock,destruction,70,44,26
Демоник,deathguard,1763,warlock,destruction,42,24,18
Autocannon,stormscale,1763,warlock,destruction,60,32,28
Hebbxw,kazzak,1762,warlock,destruction,78,46,32
Ниезвестнно,soulflayer,1761,warlock,destruction,41,22,19
Tuskawl,stormreaver,1760,warlock,destruction,30,19,11
Бжк,gordunni,1759,warlock,destruction,144,77,67
Zila,sylvanas,1759,warlock,destruction,47,24,23
Khoug,blackmoore,1758,warlock,destruction,48,26,22
Vmorghuliss,sanguino,1757,warlock,destruction,84,38,46
Likeqtz,thrall,1755,warlock,destruction,38,23,15
Mønarch,argent-dawn,1755,warlock,destruction,67,40,27
Ðemonsoul,stormscale,1755,warlock,destruction,204,102,102
Holiax,archimonde,1754,warlock,destruction,36,19,17
Jegfaller,wildhammer,1754,warlock,destruction,206,105,101
Ez,emeriss,1752,warlock,destruction,30,21,9
Testoorc,frostwolf,1750,warlock,destruction,80,46,34
Abbzey,tarren-mill,1750,warlock,destruction,72,38,34
Хирацука,howling-fjord,1749,warlock,destruction,45,31,14
Orcwarlock,khadgar,1749,warlock,destruction,54,32,22
Mércé,stormscale,1748,warlock,destruction,30,22,8
Kalwyn,stormscale,1748,warlock,destruction,30,22,8
Høliax,archimonde,1746,warlock,destruction,36,27,9
Warlockery,argent-dawn,1746,warlock,destruction,60,36,24
Bianchii,stormscale,1743,warlock,destruction,27,20,7
Pixelz,twisting-nether,1743,warlock,destruction,36,19,17
Fearfearfear,archimonde,1743,warlock,destruction,84,41,43
Guldån,twisting-nether,1741,warlock,destruction,42,24,18
Asbest,blackrock,1741,warlock,destruction,60,31,29
Trashløckx,blackrock,1740,warlock,destruction,36,26,10
Limity,nozdormu,1739,warlock,destruction,78,45,33
Ванадий,soulflayer,1739,warlock,destruction,47,23,24
Kalaslars,draenor,1738,warlock,destruction,48,24,24
Wintheirl,argent-dawn,1737,warlock,destruction,112,61,51
Сумракз,soulflayer,1736,warlock,destruction,36,19,17
Fiddlestickz,gilneas,1734,warlock,destruction,48,27,21
Dotalike,kazzak,1734,warlock,destruction,42,22,20
Vankraken,silvermoon,1733,warlock,destruction,30,21,9
Десло,thermaplugg,1731,warlock,destruction,42,25,17
Keybump,outland,1730,warlock,destruction,126,71,55
Upsahl,twisting-nether,1729,warlock,destruction,110,61,49
Isodjdojk,ravencrest,1727,warlock,destruction,24,22,2
Kerway,outland,1727,warlock,destruction,72,39,33
Depressor,ragnaros,1727,warlock,destruction,90,44,46
Кериген,gordunni,1726,warlock,destruction,30,18,12
Ôlo,rajaxx,1726,warlock,destruction,42,25,17
Жизньтлён,gordunni,1726,warlock,destruction,60,35,25
Ghachi,draenor,1726,warlock,destruction,54,27,27
Yukokotier,archimonde,1725,warlock,destruction,120,67,53
Айхопъюдай,blackscar,1724,warlock,destruction,30,18,12
Darlih,ravencrest,1724,warlock,destruction,67,31,36
Senkai,kelthuzad,1723,warlock,destruction,36,24,12
Äåäåäåäåäåäå,ravencrest,1723,warlock,destruction,30,18,12
Fluugew,tarren-mill,1723,warlock,destruction,48,24,24
Lichlolocked,outland,1721,warlock,destruction,72,40,32
Shadowrey,blackrock,1721,warlock,destruction,40,21,19
Killerbolt,blackmoore,1720,warlock,destruction,42,28,14
Uzzi,dun-modr,1720,warlock,destruction,80,46,34
Raverboyy,blackrock,1720,warlock,destruction,42,23,19
Лордандрюха,soulflayer,1719,warlock,destruction,36,23,13
Чудастрх,azuregos,1719,warlock,destruction,30,18,12
Silmerion,twilights-hammer,1719,warlock,destruction,54,32,22
Forcas,archimonde,1718,warlock,destruction,89,54,35
Helldoom,drakthul,1718,warlock,destruction,159,77,82
Rabasta,blackmoore,1717,warlock,destruction,24,18,6
Worgonzolâ,madmortem,1717,warlock,destruction,143,91,52
Acanthis,outland,1717,warlock,destruction,30,18,12
Fyxs,talnivarr,1716,warlock,destruction,24,18,6
Belastiz,blackmoore,1716,warlock,destruction,54,33,21
Öbsury,hyjal,1715,warlock,destruction,49,26,23
Tôpsecret,aegwynn,1714,warlock,destruction,30,24,6
Æhtrex,blackrock,1714,warlock,destruction,56,38,18
Ignittes,ragnaros,1713,warlock,destruction,42,29,13
Reidonk,blackrock,1713,warlock,destruction,30,18,12
Dualla,aegwynn,1712,warlock,destruction,96,52,44
Ilovebronko,blackrock,1712,warlock,destruction,95,51,44
Ràzek,kazzak,1712,warlock,destruction,77,38,39
Soundmagic,silvermoon,1711,warlock,destruction,36,22,14
Wankdiesel,der-rat-von-dalaran,1711,warlock,destruction,132,62,70
Fatburner,draenor,1710,warlock,destruction,42,26,16
Fløkee,blackmoore,1710,warlock,destruction,36,19,17
Shádóws,nagrand,1709,warlock,destruction,101,57,44
Büm,kazzak,1708,warlock,destruction,72,36,36
Fsandtwo,ravencrest,1707,warlock,destruction,36,25,11
Boumbye,ysondre,1707,warlock,destruction,38,23,15
Malame,hyjal,1707,warlock,destruction,72,40,32
Læsy,archimonde,1706,warlock,destruction,24,18,6
Кюратор,howling-fjord,1706,warlock,destruction,42,22,20
Ðôtgøðx,ravencrest,1705,warlock,destruction,48,24,24
Sneptics,draenor,1704,warlock,destruction,121,75,46
Исверон,howling-fjord,1704,warlock,destruction,30,18,12
Nineinchlock,silvermoon,1704,warlock,destruction,42,18,24
Andrewdaniel,twisting-nether,1703,warlock,destruction,48,24,24
Коилсестры,blackscar,1702,warlock,destruction,39,24,15
Isata,ravencrest,1702,warlock,destruction,96,58,38
Omegazero,zuluhed,1701,warlock,destruction,36,18,18
Twork,tarren-mill,1699,warlock,destruction,36,20,16
Tîllz,kargath,1698,warlock,destruction,24,22,2
Kenachaos,twisting-nether,1698,warlock,destruction,119,66,53
Çamille,ulduar,1698,warlock,destruction,69,36,33
Тумнуктхай,gordunni,1697,warlock,destruction,36,23,13
Twiseqtt,stormscale,1697,warlock,destruction,30,18,12
Xfz,stormscale,1697,warlock,destruction,36,20,16
Amited,drakthul,1696,warlock,destruction,54,32,22
Framelock,draenor,1695,warlock,destruction,36,27,9
Limecqt,dun-morogh,1694,warlock,destruction,40,19,21
Morcey,sylvanas,1692,warlock,destruction,47,29,18
Destinyz,dun-modr,1691,warlock,destruction,36,27,9
Marti,blackrock,1691,warlock,destruction,42,27,15
Xarfoul,grim-batol,1691,warlock,destruction,36,22,14
Таксидермия,gordunni,1691,warlock,destruction,49,29,20
Ekispekis,tarren-mill,1690,warlock,destruction,36,22,14
Väladar,sanguino,1690,warlock,destruction,47,23,24
Killning,medivh,1689,warlock,destruction,138,72,66
Kmeta,twilights-hammer,1687,warlock,destruction,42,23,19
Инфезиус,deathweaver,1686,warlock,destruction,30,18,12
Véstheim,saurfang,1685,warlock,destruction,48,29,19
Krestox,blackmoore,1684,warlock,destruction,77,44,33
Opiumers,kazzak,1684,warlock,destruction,107,55,52
Fredé,kazzak,1684,warlock,destruction,47,24,23
Wewondak,drakthul,1683,warlock,destruction,148,82,66
Verson,silvermoon,1682,warlock,destruction,66,35,31
Аймох,gordunni,1681,warlock,destruction,36,23,13
Lolock,archimonde,1681,warlock,destruction,32,19,13
Domdon,stormscale,1680,warlock,destruction,36,20,16
Anniefuchsia,ravencrest,1680,warlock,destruction,42,23,19
Røiheenøk,archimonde,1680,warlock,destruction,114,54,60
Doturanal,blackmoore,1678,warlock,destruction,36,20,16
Óop,outland,1678,warlock,destruction,54,28,26
Trîppîn,blackrock,1677,warlock,destruction,30,18,12
Whiteðevil,draenor,1677,warlock,destruction,36,21,15
Morathy,drekthar,1676,warlock,destruction,28,19,9
Acidmvp,ravencrest,1676,warlock,destruction,72,38,34
Danidelarge,aegwynn,1676,warlock,destruction,70,36,34
Uddze,pozzo-delleternità,1676,warlock,destruction,47,23,24
Шедон,soulflayer,1675,warlock,destruction,30,22,8
Deezbolts,kazzak,1675,warlock,destruction,36,22,14
Spectarlock,tarren-mill,1675,warlock,destruction,36,18,18
Nunomendes,archimonde,1674,warlock,destruction,36,21,15
Xuthil,korgall,1674,warlock,destruction,60,33,27
Чупачупакаб,soulflayer,1674,warlock,destruction,47,24,23
Wåfa,kazzak,1673,warlock,destruction,24,18,6
Cencible,twisting-nether,1672,warlock,destruction,90,49,41
Boomsparkle,blackrock,1671,warlock,destruction,36,23,13
Zloezlo,ravencrest,1670,warlock,destruction,96,54,42
Gogonash,ravencrest,1670,warlock,destruction,48,20,28
Колодун,gordunni,1669,warlock,destruction,36,20,16
Xerxeus,drakthul,1668,warlock,destruction,24,22,2
Sargus,drakthul,1668,warlock,destruction,110,50,60
Алистрен,fordragon,1665,warlock,destruction,60,33,27
Shadock,scarshield-legion,1664,warlock,destruction,30,20,10
Wilog,silvermoon,1664,warlock,destruction,33,21,12
Rêctûmsêêkêr,ravencrest,1664,warlock,destruction,36,19,17
Dotshok,aegwynn,1664,warlock,destruction,42,22,20
Watchdots,blackrock,1663,warlock,destruction,42,24,18
Nqa,outland,1663,warlock,destruction,35,18,17
Brútality,nethersturm,1663,warlock,destruction,66,28,38
Aajora,malganis,1662,warlock,destruction,84,53,31
Ragdoll,twisting-nether,1662,warlock,destruction,36,22,14
Danidelarge,kazzak,1662,warlock,destruction,38,23,15
Хастла,ashenvale,1661,warlock,destruction,42,23,19
Oggelock,tarren-mill,1661,warlock,destruction,57,28,29
Беллулар,howling-fjord,1660,warlock,destruction,36,22,14
Rivmuu,argent-dawn,1660,warlock,destruction,94,55,39
Dotsyoudown,kelthuzad,1660,warlock,destruction,85,49,36
Bloodworth,arathor,1660,warlock,destruction,54,28,26
Síggýy,eredar,1659,warlock,destruction,41,21,20
Bh,ragnaros,1656,warlock,destruction,41,26,15
Chaozvx,kazzak,1656,warlock,destruction,71,41,30
Strikeførce,ravencrest,1656,warlock,destruction,59,34,25
Rustos,ravencrest,1654,warlock,destruction,36,21,15
Mallevs,outland,1654,warlock,destruction,72,40,32
Фейкгодх,soulflayer,1654,warlock,destruction,42,22,20
Nijva,silvermoon,1653,warlock,destruction,60,29,31
Magonyth,tarren-mill,1652,warlock,destruction,31,22,9
Deathcoîl,the-maelstrom,1652,warlock,destruction,42,22,20
Despayr,tarren-mill,1652,warlock,destruction,48,24,24
Worro,eredar,1651,warlock,destruction,42,23,19
Koffey,twisting-nether,1650,warlock,destruction,36,25,11
Kaspersdame,ravencrest,1650,warlock,destruction,47,24,23
Profesorr,defias-brotherhood,1650,warlock,destruction,42,21,21
Murdee,kazzak,1650,warlock,destruction,54,22,32
Acilock,outland,1649,warlock,destruction,36,19,17
Psýcholoc,kazzak,1648,warlock,destruction,38,25,13
Jawdrop,blackrock,1648,warlock,destruction,51,31,20
Quarimathras,antonidas,1648,warlock,destruction,54,28,26
Ltheory,aegwynn,1647,warlock,destruction,54,32,22
Nëismz,ravencrest,1646,warlock,destruction,31,18,13
Zekarat,blackrock,1646,warlock,destruction,60,30,30
Armellixd,dun-modr,1646,warlock,destruction,45,22,23
Nøl,sargeras,1645,warlock,destruction,339,172,167
Lugnalennart,tarren-mill,1644,warlock,destruction,78,42,36
Slf,the-maelstrom,1644,warlock,destruction,54,23,31
Cigarrette,draenor,1642,warlock,destruction,42,21,21
Skyamino,hyjal,1641,warlock,destruction,42,27,15
Lovromalt,kazzak,1641,warlock,destruction,48,29,19
Кале,goldrinn,1640,warlock,destruction,60,43,17
Shérlock,ravencrest,1640,warlock,destruction,42,22,20
Døtàndrun,archimonde,1637,warlock,destruction,36,21,15
Mihø,hyjal,1637,warlock,destruction,78,42,36
Shugglock,draenor,1636,warlock,destruction,42,23,19
Nerfmebro,tarren-mill,1635,warlock,destruction,24,19,5
Justfamous,archimonde,1634,warlock,destruction,30,23,7
Elvània,eredar,1633,warlock,destruction,54,31,23
Nitmoredots,dun-modr,1631,warlock,destruction,42,22,20
Funcky,terokkar,1630,warlock,destruction,48,19,29
Kasualdot,stormscale,1629,warlock,destruction,24,17,7
Telodotto,nemesis,1629,warlock,destruction,30,17,13
Raxan,stormscale,1628,warlock,destruction,29,19,10
Порртвейн,howling-fjord,1628,warlock,destruction,29,18,11
Pprwl,tarren-mill,1628,warlock,destruction,90,52,38
Rakshazza,eredar,1628,warlock,destruction,96,52,44
Salvatoríy,outland,1628,warlock,destruction,41,21,20
Lonelock,blackrock,1627,warlock,destruction,45,29,16
Litox,twisting-nether,1627,warlock,destruction,63,32,31
Fandirxd,draenor,1626,warlock,destruction,65,38,27
Áutísm,silvermoon,1626,warlock,destruction,120,64,56
Sleethy,destromath,1626,warlock,destruction,42,20,22
Соикулейн,gordunni,1625,warlock,destruction,29,23,6
Korbendallas,anubarak,1625,warlock,destruction,24,17,7
Dótstuff,draenor,1625,warlock,destruction,30,17,13
Bmblockerina,blackrock,1624,warlock,destruction,54,35,19
Kalagorn,azshara,1623,warlock,destruction,24,17,7
Quickccast,draenor,1623,warlock,destruction,97,58,39
Нгага,howling-fjord,1623,warlock,destruction,166,89,77
Weso,grim-batol,1623,warlock,destruction,55,28,27
Ketamol,ravencrest,1622,warlock,destruction,52,30,22
Isata,blackhand,1622,warlock,destruction,36,20,16
Hongkonger,kazzak,1622,warlock,destruction,194,102,92
Kasztyk,grim-batol,1621,warlock,destruction,47,27,20
Essealaes,stormscale,1621,warlock,destruction,35,18,17
Kìmar,amanthul,1620,warlock,destruction,78,42,36
Wumz,sylvanas,1620,warlock,destruction,47,25,22
Neburlock,dun-modr,1620,warlock,destruction,42,21,21
Beåtrìce,archimonde,1620,warlock,destruction,57,28,29
Shutupkid,ravencrest,1619,warlock,destruction,36,22,14
Reeween,argent-dawn,1619,warlock,destruction,30,18,12
Evylock,draenor,1619,warlock,destruction,30,17,13
Zikozor,ravencrest,1618,warlock,destruction,28,18,10
Willthehoe,alonsus,1618,warlock,destruction,29,18,11
Saloninus,argent-dawn,1618,warlock,destruction,48,27,21
Pöhz,archimonde,1618,warlock,destruction,36,20,16
Börsenborisq,aegwynn,1618,warlock,destruction,35,19,16
Aspass,kazzak,1617,warlock,destruction,83,44,39
Thebigsuck,tarren-mill,1616,warlock,destruction,76,42,34
Nerfbolts,archimonde,1615,warlock,destruction,24,17,7
Rénio,stormrage,1615,warlock,destruction,24,17,7
Laciewaifu,silvermoon,1615,warlock,destruction,36,20,16
Spõk,ysondre,1615,warlock,destruction,161,89,72
Biest,drakthul,1615,warlock,destruction,36,17,19
Neirah,stormscale,1614,warlock,destruction,41,22,19
Azthral,nemesis,1614,warlock,destruction,247,125,122
Jisera,kiljaeden,1614,warlock,destruction,36,17,19
Грань,ashenvale,1613,warlock,destruction,188,104,84
Artys,tarren-mill,1612,warlock,destruction,24,17,7
Gusvitori,sanguino,1612,warlock,destruction,36,20,16
Bonemetz,blackmoore,1612,warlock,destruction,95,52,43
Jûgøbænned,aegwynn,1611,warlock,destruction,33,24,9
Импака,howling-fjord,1611,warlock,destruction,198,106,92
Chaosxd,outland,1609,warlock,destruction,24,17,7
Meatbot,tarren-mill,1609,warlock,destruction,46,31,15
Lockyswag,draenor,1609,warlock,destruction,66,37,29
Badguldan,blackmoore,1609,warlock,destruction,39,20,19
Skrabblel,tarren-mill,1609,warlock,destruction,36,18,18
Fatzké,kargath,1609,warlock,destruction,83,39,44
Boltonez,outland,1609,warlock,destruction,66,29,37
Ryssäbotti,stormscale,1608,warlock,destruction,31,23,8
Esmuel,argent-dawn,1608,warlock,destruction,71,43,28
Spykoosi,stormscale,1608,warlock,destruction,40,24,16
Lockdest,outland,1608,warlock,destruction,35,20,15
Bazoo,nathrezim,1608,warlock,destruction,102,51,51
Селикта,gordunni,1607,warlock,destruction,30,17,13
Letswreck,outland,1607,warlock,destruction,42,22,20
Stromzii,silvermoon,1607,warlock,destruction,108,53,55
Maxlox,tarren-mill,1607,warlock,destruction,35,17,18
Dotsfired,aegwynn,1607,warlock,destruction,60,26,34
Kognah,defias-brotherhood,1606,warlock,destruction,30,21,9
Zoradiale,twisting-nether,1606,warlock,destruction,36,24,12
Мицуру,howling-fjord,1606,warlock,destruction,100,59,41
Ðêmøñîc,ravencrest,1606,warlock,destruction,30,17,13
Ðîâblô,silvermoon,1606,warlock,destruction,41,22,19
Lockukaracha,malganis,1605,warlock,destruction,27,22,5
Zeinth,sanguino,1603,warlock,destruction,36,23,13
Dreamnyâsha,tarren-mill,1603,warlock,destruction,42,19,23
Gishor,burning-legion,1602,warlock,destruction,24,19,5
Imbalockzwei,aegwynn,1602,warlock,destruction,24,17,7
Xtleonidas,uldum,1602,warlock,destruction,78,41,37
Sickening,twilights-hammer,1601,warlock,destruction,55,38,17
Ìzanamí,archimonde,1601,warlock,destruction,48,33,15
Flawzo,blackmoore,1601,warlock,destruction,30,19,11
Skrikipanik,kazzak,1601,warlock,destruction,36,21,15
Sirmic,hyjal,1601,warlock,destruction,72,37,35
Dastey,stormscale,1601,warlock,destruction,36,18,18
Gigachaos,outland,1600,warlock,destruction,59,39,20
Kenthal,nemesis,1599,warlock,destruction,57,28,29
Macchíato,ragnaros,1598,warlock,destruction,42,20,22
Моргоника,howling-fjord,1598,warlock,destruction,72,33,39
Schøkøbasher,blackrock,1596,warlock,destruction,36,20,16
Napoloen,kazzak,1596,warlock,destruction,36,19,17
Nherthul,sanguino,1596,warlock,destruction,174,89,85
Zetsubo,drakthul,1595,warlock,destruction,55,34,21
Edrahil,lordaeron,1595,warlock,destruction,60,33,27
Mizxxta,zuljin,1593,warlock,destruction,29,19,10
Nøxxlock,blackhand,1592,warlock,destruction,82,47,35
Bolt,stormscale,1591,warlock,destruction,82,50,32
Шеизла,borean-tundra,1590,warlock,destruction,60,37,23
Zarastro,sunstrider,1590,warlock,destruction,87,44,43
Героуд,howling-fjord,1587,warlock,destruction,64,41,23
Ajgreedyy,grim-batol,1586,warlock,destruction,30,18,12
Wisdomness,aszune,1586,warlock,destruction,48,25,23
Réxz,ravencrest,1586,warlock,destruction,72,36,36
Dödkärringx,auchindoun,1585,warlock,destruction,30,19,11
Zoh,archimonde,1585,warlock,destruction,66,35,31
Kenjix,blackrock,1584,warlock,destruction,54,23,31
Banishedone,stormreaver,1583,warlock,destruction,92,51,41
Hellguards,silvermoon,1583,warlock,destruction,83,38,45
Aloof,outland,1582,warlock,destruction,201,105,96
Icritmore,stormscale,1582,warlock,destruction,72,37,35
Proßlock,kazzak,1582,warlock,destruction,96,46,50
Oz,uldum,1581,warlock,destruction,78,49,29
Idfearthat,ragnaros,1580,warlock,destruction,48,28,20
Plamena,neptulon,1579,warlock,destruction,43,29,14
Hachishaku,ravencrest,1577,warlock,destruction,36,20,16
Ludé,eredar,1577,warlock,destruction,66,32,34
Htaedfo,tarren-mill,1576,warlock,destruction,102,45,57
Mariahscary,auchindoun,1575,warlock,destruction,36,21,15
Fearlessgødx,ravencrest,1575,warlock,destruction,76,37,39
Muleerox,kazzak,1573,warlock,destruction,30,18,12
Ánárchy,stormscale,1572,warlock,destruction,42,22,20
Nitecro,blackmoore,1571,warlock,destruction,37,22,15
Spoíl,tarren-mill,1571,warlock,destruction,48,27,21
Wryy,nemesis,1568,warlock,destruction,26,18,8
Noahh,kazzak,1567,warlock,destruction,101,60,41
Warlololock,malganis,1567,warlock,destruction,36,19,17
Xenq,ravencrest,1566,warlock,destruction,36,21,15
Fatkkroth,ravencrest,1565,warlock,destruction,49,30,19
Gimlidota,tarren-mill,1565,warlock,destruction,59,35,24
Necrobtch,quelthalas,1564,warlock,destruction,30,19,11
Jetsetmehmet,aegwynn,1564,warlock,destruction,48,20,28
Kerthan,malorne,1563,warlock,destruction,42,29,13
Fluch,area-52,1563,warlock,destruction,48,19,29
Пъё,howling-fjord,1559,warlock,destruction,42,20,22
Иренхх,gordunni,1558,warlock,destruction,42,19,23
Rackare,darksorrow,1556,warlock,destruction,27,19,8
Nerfwarriors,stormscale,1556,warlock,destruction,36,21,15
Britneyfears,burning-legion,1556,warlock,destruction,36,18,18
Balgo,blackmoore,1554,warlock,destruction,48,29,19
Aspas,outland,1554,warlock,destruction,42,23,19
Joemontana,blackrock,1552,warlock,destruction,36,17,19
Päwzy,kazzak,1550,warlock,destruction,48,25,23
Белвет,blackscar,1550,warlock,destruction,51,25,26
Nekros,archimonde,1549,warlock,destruction,42,25,17
Zéphon,blades-edge,1549,warlock,destruction,76,35,41
Chaosboltlol,ravencrest,1547,warlock,destruction,36,22,14
Lysanruth,la-croisade-écarlate,1547,warlock,destruction,96,47,49
Dzey,drakthul,1546,warlock,destruction,63,35,28
Chubson,tarren-mill,1545,warlock,destruction,50,23,27
Chaøs,thrall,1543,warlock,destruction,24,19,5
Gulleigh,draenor,1543,warlock,destruction,40,19,21
Rawsauce,outland,1542,warlock,destruction,20,17,3
Yoplen,drakthul,1537,warlock,destruction,86,48,38
Pipêz,blackmoore,1536,warlock,destruction,71,45,26
Anderxyo,sanguino,1535,warlock,destruction,24,16,8
Faermorn,kazzak,1535,warlock,destruction,24,16,8
Nkwango,blackmoore,1535,warlock,destruction,24,16,8
Tanón,sanguino,1535,warlock,destruction,30,19,11
Nebulus,lightnings-blade,1535,warlock,destruction,56,30,26
Shortyi,thrall,1533,warlock,destruction,24,16,8
Zamahell,marécage-de-zangar,1532,warlock,destruction,24,17,7
Delru,aegwynn,1532,warlock,destruction,24,16,8
Höfmänn,kazzak,1532,warlock,destruction,55,35,20
Debz,twisting-nether,1531,warlock,destruction,25,16,9
Notben,outland,1529,warlock,destruction,18,16,2
Aoea,draenor,1529,warlock,destruction,24,16,8
Felcollíns,ravencrest,1529,warlock,destruction,24,16,8
Chyther,ragnaros,1528,warlock,destruction,42,26,16
Slëydark,sanguino,1528,warlock,destruction,32,17,15
Turbonion,archimonde,1528,warlock,destruction,54,28,26
Маларгас,soulflayer,1527,warlock,destruction,84,48,36
Nospamcliqu,ysondre,1527,warlock,destruction,30,16,14
Husaì,laughing-skull,1526,warlock,destruction,43,32,11
Shaterz,dun-modr,1524,warlock,destruction,18,16,2
Critchlock,tarren-mill,1524,warlock,destruction,29,17,12
Moelock,frostmane,1523,warlock,destruction,105,56,49
Garbageclass,outland,1523,warlock,destruction,30,16,14
Nÿhf,kirin-tor,1523,warlock,destruction,47,21,26
Naemys,archimonde,1522,warlock,destruction,51,34,17
Sadixxqt,ravencrest,1521,warlock,destruction,24,16,8
Bisacodyl,outland,1521,warlock,destruction,101,53,48
Сорзи,thermaplugg,1521,warlock,destruction,41,20,21
Malinki,silvermoon,1521,warlock,destruction,42,20,22
Stepwarlock,kazzak,1521,warlock,destruction,36,16,20
Grôteskûs,tarren-mill,1520,warlock,destruction,54,34,20
Fatbëlly,argent-dawn,1518,warlock,destruction,97,47,50
Salazaros,die-silberne-hand,1517,warlock,destruction,60,33,27
Farlier,draenor,1516,warlock,destruction,89,45,44
Horsewarlock,stormscale,1516,warlock,destruction,71,34,37
Lottopallo,arathor,1514,warlock,destruction,24,16,8
Uneedtherapy,silvermoon,1514,warlock,destruction,30,19,11
Kigro,burning-legion,1514,warlock,destruction,54,25,29
Usianbølts,blackmoore,1513,warlock,destruction,30,16,14
Mellisandre,hellfire,1510,warlock,destruction,42,25,17
Woòkz,argent-dawn,1510,warlock,destruction,77,44,33
Konradcurz,silvermoon,1510,warlock,destruction,36,16,20
Contemtus,frostwhisper,1508,warlock,destruction,24,16,8
Jinxme,tarren-mill,1508,warlock,destruction,83,44,39
Deathscréam,burning-legion,1508,warlock,destruction,84,41,43
Darcîa,destromath,1507,warlock,destruction,30,19,11
Atraped,zuljin,1507,warlock,destruction,84,45,39
Kasuni,sanguino,1507,warlock,destruction,72,30,42
Чернокнжник,soulflayer,1506,warlock,destruction,42,22,20
Sylvxgodx,kazzak,1505,warlock,destruction,54,34,20
Exorbïtant,blackrock,1503,warlock,destruction,124,62,62
Lokibra,antonidas,1501,warlock,destruction,42,27,15
Tzeeñtch,tarren-mill,1501,warlock,destruction,65,31,34
Voidislife,alakir,1499,warlock,destruction,201,104,97
Mazaear,stormscale,1498,warlock,destruction,40,23,17
Stürmer,thrall,1497,warlock,destruction,54,31,23
Lînden,magtheridon,1496,warlock,destruction,30,16,14
Егосяхаос,soulflayer,1496,warlock,destruction,48,25,23
Interceptêr,blackrock,1496,warlock,destruction,36,18,18
Jumbodot,tarren-mill,1493,warlock,destruction,44,23,21
Voltadol,dun-modr,1493,warlock,destruction,120,61,59
Warlocat,the-maelstrom,1493,warlock,destruction,72,34,38
Ноубрейкс,blackscar,1491,warlock,destruction,52,33,19
Ketriicken,argent-dawn,1490,warlock,destruction,78,42,36
Дэнаа,fordragon,1490,warlock,destruction,94,44,50
Chaosprophet,argent-dawn,1489,warlock,destruction,50,28,22
Brokengodx,dun-modr,1489,warlock,destruction,30,16,14
Asmonmald,stormscale,1489,warlock,destruction,136,72,64
Fiveyearque,sylvanas,1489,warlock,destruction,36,16,20
Onetwobolt,archimonde,1487,warlock,destruction,119,61,58
Kamí,sanguino,1487,warlock,destruction,53,24,29
Спаводах,soulflayer,1486,warlock,destruction,23,16,7
Babáyàgá,blackhand,1486,warlock,destruction,54,37,17
Variu,blackhand,1486,warlock,destruction,106,61,45
Зеленаямразь,soulflayer,1486,warlock,destruction,33,16,17
Juïcylucy,kazzak,1484,warlock,destruction,34,21,13
Xârtôr,blackrock,1482,warlock,destruction,170,93,77
Колдунишка,fordragon,1480,warlock,destruction,111,58,53
Articfox,outland,1480,warlock,destruction,83,41,42
Czx,twisting-nether,1479,warlock,destruction,36,22,14
Сайзэр,soulflayer,1479,warlock,destruction,63,31,32
Иванфаков,soulflayer,1475,warlock,destruction,29,17,12
Sertdene,ravencrest,1475,warlock,destruction,42,24,18
Diablotiin,hyjal,1473,warlock,destruction,175,91,84
Samyoung,kazzak,1470,warlock,destruction,60,35,25
Baz,frostmane,1470,warlock,destruction,78,41,37
Бомбшелл,soulflayer,1469,warlock,destruction,38,17,21
Kïng,elune,1467,warlock,destruction,54,27,27
Kartanos,stormscale,1466,warlock,destruction,23,16,7
Magicstick,eredar,1466,warlock,destruction,54,24,30
Robertóoo,burning-legion,1465,warlock,destruction,35,18,17
Helkásh,tarren-mill,1465,warlock,destruction,48,23,25
Jaimê,thrall,1464,warlock,destruction,65,35,30
Адоха,howling-fjord,1464,warlock,destruction,48,25,23
Holaw,tarren-mill,1464,warlock,destruction,84,41,43
Алхун,razuvious,1463,warlock,destruction,30,17,13
Snackstickz,twisting-nether,1461,warlock,destruction,48,25,23
Mvpðøtx,ravencrest,1459,warlock,destruction,34,22,12
Marieejoana,nozdormu,1458,warlock,destruction,42,19,23
Unrealia,hyjal,1457,warlock,destruction,96,50,46
Kaedinx,twisting-nether,1457,warlock,destruction,271,138,133
Zeddy,draenor,1456,warlock,destruction,114,63,51
Nosoulnoprob,sylvanas,1455,warlock,destruction,36,19,17
Aleê,twisting-nether,1454,warlock,destruction,47,23,24
Lockybàlboa,tarren-mill,1453,warlock,destruction,48,29,19
Moonpoxlock,nerathor,1453,warlock,destruction,38,20,18
Славеномен,howling-fjord,1452,warlock,destruction,143,70,73
Lókkíi,silvermoon,1451,warlock,destruction,81,45,36
Nimbin,taerar,1451,warlock,destruction,89,48,41
Shaxlock,draenor,1451,warlock,destruction,82,43,39
Wicherson,burning-legion,1451,warlock,destruction,37,18,19
Blackiouz,stormscale,1449,warlock,destruction,78,32,46
Whitebøy,hyjal,1447,warlock,destruction,27,16,11
Раздирающая,gordunni,1443,warlock,destruction,29,20,9
Birimbau,outland,1442,warlock,destruction,67,32,35
Tóuché,aegwynn,1442,warlock,destruction,54,24,30
Nèrfxløl,ragnaros,1441,warlock,destruction,24,19,5
Trickyy,azjolnerub,1440,warlock,destruction,30,20,10
Dotzéro,ravencrest,1440,warlock,destruction,30,16,14
Dreadnogg,tarren-mill,1440,warlock,destruction,88,46,42
Боуманн,howling-fjord,1439,warlock,destruction,30,15,15
Chromosomex,dentarg,1438,warlock,destruction,18,15,3
Хйу,galakrond,1438,warlock,destruction,24,15,9
Eviil,tarren-mill,1438,warlock,destruction,24,15,9
Enyras,nemesis,1438,warlock,destruction,24,15,9
Envizer,ravencrest,1438,warlock,destruction,24,15,9
Vicktorious,stormscale,1438,warlock,destruction,66,37,29
Ignorantduck,sunstrider,1438,warlock,destruction,51,25,26
Flocca,archimonde,1438,warlock,destruction,35,16,19
Corano,ravencrest,1437,warlock,destruction,18,15,3
Nádjá,ravencrest,1437,warlock,destruction,24,15,9
Ñøêssä,outland,1437,warlock,destruction,24,15,9
Thugsupreme,ravencrest,1437,warlock,destruction,78,41,37
Veoxohr,argent-dawn,1436,warlock,destruction,93,57,36
Sznyes,ragnaros,1435,warlock,destruction,24,15,9
Kiritsugi,aszune,1433,warlock,destruction,51,30,21
Noxsix,gorgonnash,1433,warlock,destruction,54,28,26
Vulluin,blackrock,1433,warlock,destruction,30,15,15
Calli,blackrock,1432,warlock,destruction,22,16,6
Datendariza,kazzak,1432,warlock,destruction,104,53,51
Nedivh,stormscale,1432,warlock,destruction,35,17,18
Slavecry,silvermoon,1430,warlock,destruction,24,15,9
Peardrax,draenor,1430,warlock,destruction,67,34,33
Cørleen,eredar,1430,warlock,destruction,64,23,41
Valcan,ragnaros,1429,warlock,destruction,73,41,32
Kwoh,saurfang,1429,warlock,destruction,30,15,15
Blackwizard,theradras,1428,warlock,destruction,39,21,18
Nerzhull,stormscale,1427,warlock,destruction,121,58,63
Lewdrumpslap,kazzak,1425,warlock,destruction,48,31,17
Shufflous,ghostlands,1424,warlock,destruction,28,16,12
Sesoumaru,azshara,1424,warlock,destruction,42,16,26
Акэти,borean-tundra,1422,warlock,destruction,30,15,15
Satanizm,silvermoon,1422,warlock,destruction,66,32,34
Belnea,draenor,1421,warlock,destruction,24,15,9
Ablas,bladefist,1421,warlock,destruction,118,53,65
Demonkïng,archimonde,1420,warlock,destruction,60,32,28
Сатенекс,soulflayer,1419,warlock,destruction,59,36,23
Kospar,dun-morogh,1417,warlock,destruction,56,32,24
Waandi,ravencrest,1415,warlock,destruction,34,20,14
Wauwish,stormscale,1415,warlock,destruction,41,24,17
Cráxx,onyxia,1415,warlock,destruction,80,41,39
Zebauron,twisting-nether,1415,warlock,destruction,30,15,15
Frilante,terokkar,1410,warlock,destruction,33,24,9
Nibblez,shadowsong,1410,warlock,destruction,61,34,27
Barro,das-syndikat,1410,warlock,destruction,32,17,15
Бирел,soulflayer,1409,warlock,destruction,24,15,9
Azzoaa,defias-brotherhood,1409,warlock,destruction,48,23,25
Falel,das-konsortium,1406,warlock,destruction,18,15,3
Kumas,hyjal,1406,warlock,destruction,30,16,14
Beepbepp,grim-batol,1405,warlock,destruction,31,21,10
Zlohell,drakthul,1405,warlock,destruction,48,30,18
Evaksiá,draenor,1405,warlock,destruction,48,23,25
Enydible,frostmane,1403,warlock,destruction,24,15,9
Proctolock,garona,1403,warlock,destruction,34,20,14
Гупперлок,howling-fjord,1400,warlock,destruction,48,21,27
Faro,trollbane,1398,warlock,destruction,98,42,56
Wedlock,stormscale,1397,warlock,destruction,48,28,20
Моориус,soulflayer,1397,warlock,destruction,30,15,15
Dhraven,thrall,1395,warlock,destruction,96,53,43
Dobonard,sylvanas,1395,warlock,destruction,38,19,19
Lokic,draenor,1394,warlock,destruction,34,15,19
Çhãøsførÿã,blackmoore,1392,warlock,destruction,90,43,47
Blackmagic,stormscale,1392,warlock,destruction,78,36,42
Zollon,norgannon,1389,warlock,destruction,23,17,6
Zivalelia,silvermoon,1389,warlock,destruction,102,49,53
Lynchian,draenor,1387,warlock,destruction,49,26,23
Gehirnwäsche,frostwolf,1385,warlock,destruction,28,18,10
Acrion,blackrock,1385,warlock,destruction,33,16,17
Dracsu,dun-modr,1383,warlock,destruction,49,26,23
Gengada,blackhand,1382,warlock,destruction,36,19,17
Natsume,ragnaros,1382,warlock,destruction,37,17,20
Sublînê,blackmoore,1379,warlock,destruction,87,51,36
Pogrom,burning-legion,1377,warlock,destruction,30,17,13
Kosfáce,tarren-mill,1377,warlock,destruction,77,35,42
Dzimmi,kazzak,1375,warlock,destruction,36,17,19
Вроман,fordragon,1373,warlock,destruction,32,22,10
Smíkz,blackhand,1371,warlock,destruction,23,15,8
Pookabee,ravencrest,1369,warlock,destruction,36,19,17
Sidragasoss,drakthul,1369,warlock,destruction,30,15,15
Qaripidia,ravencrest,1368,warlock,destruction,28,15,13
Holodream,stormreaver,1366,warlock,destruction,48,22,26
Vakgu,blackmoore,1362,warlock,destruction,47,28,19
Sotapen,ragnaros,1361,warlock,destruction,22,16,6
Nyriat,tarren-mill,1361,warlock,destruction,24,16,8
Quasimodó,aegwynn,1361,warlock,destruction,48,29,19
Gricorby,drakthul,1360,warlock,destruction,23,16,7
Lockedaway,ravencrest,1359,warlock,destruction,42,22,20
Кискатёмная,blackscar,1356,warlock,destruction,48,25,23
Islazoldyck,draenor,1356,warlock,destruction,78,33,45
Demoz,sanguino,1354,warlock,destruction,70,40,30
Запрещаю,galakrond,1353,warlock,destruction,36,19,17
Dreamage,exodar,1347,warlock,destruction,42,24,18
Nëismz,azuremyst,1344,warlock,destruction,18,14,4
Dotloca,draenor,1344,warlock,destruction,30,15,15
Zýø,aegwynn,1343,warlock,destruction,18,14,4
Anthraxus,argent-dawn,1343,warlock,destruction,24,14,10
Pelkopeelo,tarren-mill,1343,warlock,destruction,29,15,14
Divvaa,tarren-mill,1343,warlock,destruction,89,44,45
Setyouinfear,ravencrest,1343,warlock,destruction,30,14,16
Инсинирейтх,gordunni,1342,warlock,destruction,18,14,4
Cigänä,archimonde,1342,warlock,destruction,24,14,10
Badapow,stormscale,1342,warlock,destruction,24,14,10
Haltros,stormscale,1341,warlock,destruction,24,14,10
Pommeslock,blackmoore,1341,warlock,destruction,30,15,15
Gorthunz,kazzak,1341,warlock,destruction,30,14,16
Alphå,blackmoore,1340,warlock,destruction,18,14,4
Rensayy,ysondre,1340,warlock,destruction,18,14,4
Visable,kazzak,1340,warlock,destruction,24,14,10
Dimmybyrger,stormreaver,1339,warlock,destruction,30,14,16
Ryurans,cthun,1338,warlock,destruction,98,49,49
Кварий,howling-fjord,1337,warlock,destruction,36,14,22
Plööp,malganis,1335,warlock,destruction,48,26,22
Rúbedo,thrall,1334,warlock,destruction,24,14,10
Anomen,sanguino,1334,warlock,destruction,30,14,16
Boglock,argent-dawn,1333,warlock,destruction,24,14,10
Chroll,nerathor,1329,warlock,destruction,34,23,11
Ínsidióus,tarren-mill,1329,warlock,destruction,24,14,10
Äsmødée,dalaran,1328,warlock,destruction,54,31,23
Fêars,blackrock,1328,warlock,destruction,56,32,24
Nàughty,ragnaros,1328,warlock,destruction,67,28,39
Benzakenta,sylvanas,1327,warlock,destruction,24,14,10
Kaamosliha,frostwhisper,1326,warlock,destruction,31,17,14
Tsumde,dalaran,1326,warlock,destruction,44,24,20
Diåbló,stormscale,1321,warlock,destruction,66,35,31
Mempricious,ravencrest,1318,warlock,destruction,30,14,16
Soulgünter,blackmoore,1317,warlock,destruction,34,23,11
Exitumos,eredar,1316,warlock,destruction,24,14,10
Tuz,blackrock,1316,warlock,destruction,90,40,50
Diablesse,dun-modr,1315,warlock,destruction,47,19,28
Blackjackk,tarren-mill,1315,warlock,destruction,66,26,40
Ghostfiend,tarren-mill,1313,warlock,destruction,21,15,6
Nerokin,blackrock,1313,warlock,destruction,54,37,17
Dìablò,sylvanas,1312,warlock,destruction,54,32,22
Morgan,jaedenar,1312,warlock,destruction,24,14,10
Mýlìfêbélike,kazzak,1311,warlock,destruction,20,15,5
Chram,uldum,1311,warlock,destruction,53,33,20
Chaoxz,outland,1311,warlock,destruction,36,19,17
Starlok,nemesis,1309,warlock,destruction,23,14,9
Somanydots,twisting-nether,1309,warlock,destruction,90,44,46
Rotinhell,kazzak,1309,warlock,destruction,123,57,66
Sinsemilla,turalyon,1305,warlock,destruction,47,24,23
Lokajci,outland,1302,warlock,destruction,37,22,15
Covariance,nemesis,1302,warlock,destruction,36,14,22
Lodem,darksorrow,1298,warlock,destruction,36,15,21
Kïrah,ysondre,1296,warlock,destruction,50,18,32
Dexterr,sylvanas,1295,warlock,destruction,110,55,55
Биохозард,deathguard,1290,warlock,destruction,33,18,15
Skruios,anetheron,1290,warlock,destruction,34,16,18
Azrail,anubarak,1290,warlock,destruction,66,31,35
Galath,wrathbringer,1289,warlock,destruction,64,32,32
Карьерщица,booty-bay,1288,warlock,destruction,55,30,25
Sorxez,thrall,1287,warlock,destruction,42,19,23
Märtas,burning-blade,1283,warlock,destruction,35,14,21
Manhart,burning-legion,1281,warlock,destruction,28,15,13
Unkash,zuljin,1280,warlock,destruction,60,32,28
Sylrathas,burning-legion,1279,warlock,destruction,75,41,34
Docik,kazzak,1279,warlock,destruction,31,15,16
Southylol,stormscale,1278,warlock,destruction,17,14,3
Nopower,dun-morogh,1277,warlock,destruction,35,20,15
Ocaya,kazzak,1275,warlock,destruction,30,16,14
Делегент,deathguard,1272,warlock,destruction,84,34,50
Shinamna,tarren-mill,1270,warlock,destruction,30,15,15
Oloki,kazzak,1269,warlock,destruction,44,24,20
Zacurse,kazzak,1267,warlock,destruction,24,15,9
Zeelotko,drakthul,1265,warlock,destruction,30,15,15
Чиназис,gordunni,1265,warlock,destruction,102,49,53
Sovrìn,blackrock,1264,warlock,destruction,20,14,6
Tabarnak,archimonde,1264,warlock,destruction,30,14,16
Гангстахохо,soulflayer,1263,warlock,destruction,40,16,24
Хиёрис,eversong,1260,warlock,destruction,51,29,22
Üserper,chamber-of-aspects,1259,warlock,destruction,143,64,79
Блэкмайндер,howling-fjord,1257,warlock,destruction,26,16,10
Untactful,tarren-mill,1253,warlock,destruction,53,31,22
Jobbymancer,twisting-nether,1252,warlock,destruction,42,25,17
Askanios,twisting-nether,1252,warlock,destruction,61,34,27
Terris,khaz-modan,1249,warlock,destruction,75,36,39
Kaeb,archimonde,1248,warlock,destruction,18,13,5
Mudwalkin,ravencrest,1248,warlock,destruction,24,13,11
Анрали,deathguard,1247,warlock,destruction,18,13,5
Latia,argent-dawn,1247,warlock,destruction,22,14,8
Flyingjakob,argent-dawn,1247,warlock,destruction,24,13,11
Nyiks,blackhand,1247,warlock,destruction,24,13,11
Dotg,blackrock,1247,warlock,destruction,24,13,11
Kresyda,dun-modr,1247,warlock,destruction,30,13,17
Hellíc,kazzak,1246,warlock,destruction,24,13,11
Парачо,eversong,1246,warlock,destruction,24,13,11
Эннинотбэд,howling-fjord,1246,warlock,destruction,24,13,11
Osyx,ravencrest,1246,warlock,destruction,28,15,13
Lifetapped,tarren-mill,1246,warlock,destruction,30,13,17
Rozibolt,draenor,1245,warlock,destruction,18,13,5
Mobikagodx,drakthul,1245,warlock,destruction,18,13,5
Zuldanius,stormscale,1245,warlock,destruction,24,13,11
Neffy,sinstralis,1245,warlock,destruction,70,30,40
Withered,nagrand,1244,warlock,destruction,18,13,5
Krachol,emeriss,1244,warlock,destruction,24,13,11
Холичорт,howling-fjord,1243,warlock,destruction,24,13,11
Asmodaî,anubarak,1243,warlock,destruction,32,17,15
Ødräcïe,twisting-nether,1243,warlock,destruction,30,13,17
Cajnik,sylvanas,1242,warlock,destruction,24,13,11
Rakoru,blackmoore,1242,warlock,destruction,24,13,11
Filianore,azjolnerub,1242,warlock,destruction,55,25,30
Berkobaggins,ravencrest,1242,warlock,destruction,30,13,17
Wlistoohard,stormscale,1242,warlock,destruction,30,13,17
Salouppio,archimonde,1242,warlock,destruction,30,13,17
Cursecannon,outland,1241,warlock,destruction,18,13,5
Pyroplasmic,tarren-mill,1241,warlock,destruction,59,37,22
Misscringe,silvermoon,1241,warlock,destruction,24,13,11
Drfóx,draenor,1240,warlock,destruction,41,16,25
Boltexpert,twisting-nether,1239,warlock,destruction,24,13,11
Ragequit,xavius,1238,warlock,destruction,24,13,11
Unstablemind,nemesis,1238,warlock,destruction,27,14,13
Кулутха,soulflayer,1237,warlock,destruction,18,13,5
Fynxo,blackmoore,1236,warlock,destruction,18,13,5
Scrim,laughing-skull,1236,warlock,destruction,20,14,6
Jossim,outland,1234,warlock,destruction,54,31,23
Siyruz,eredar,1234,warlock,destruction,24,13,11
Valkiá,earthen-ring,1234,warlock,destruction,30,16,14
Apôpis,archimonde,1233,warlock,destruction,30,17,13
Zhoxx,outland,1233,warlock,destruction,30,13,17
Pensiblesie,runetotem,1232,warlock,destruction,294,142,152
Wurdulock,silvermoon,1231,warlock,destruction,24,13,11
Инсип,blackscar,1230,warlock,destruction,24,14,10
Ayóó,doomhammer,1230,warlock,destruction,101,56,45
Левсекси,eversong,1230,warlock,destruction,27,14,13
Zuyox,silvermoon,1229,warlock,destruction,47,18,29
Rottend,aggra-português,1228,warlock,destruction,81,35,46
Wolferand,argent-dawn,1228,warlock,destruction,42,17,25
Азерок,howling-fjord,1226,warlock,destruction,24,13,11
Гулдас,thermaplugg,1221,warlock,destruction,42,21,21
Drillingsdad,dun-morogh,1220,warlock,destruction,30,14,16
Chickoz,eredar,1219,warlock,destruction,103,54,49
Babayagâ,sanguino,1218,warlock,destruction,24,14,10
Stunspectoo,turalyon,1217,warlock,destruction,24,17,7
Westfaliu,blackhand,1217,warlock,destruction,66,24,42
Borrìs,blackhand,1216,warlock,destruction,142,74,68
Oldemoilépti,hyjal,1216,warlock,destruction,30,14,16
Thorenss,medivh,1215,warlock,destruction,54,25,29
Арцах,soulflayer,1215,warlock,destruction,30,13,17
Эктос,soulflayer,1213,warlock,destruction,18,13,5
Artyrus,burning-legion,1212,warlock,destruction,96,49,47
Guntok,tarren-mill,1211,warlock,destruction,37,22,15
Oxypvp,ravencrest,1207,warlock,destruction,51,19,32
Felbunni,silvermoon,1206,warlock,destruction,57,24,33
Lokko,nemesis,1205,warlock,destruction,42,23,19
Niszoght,dun-modr,1203,warlock,destruction,53,36,17
Kääk,sylvanas,1203,warlock,destruction,45,22,23
Symbiosis,kazzak,1203,warlock,destruction,78,36,42
Chaotìc,nemesis,1201,warlock,destruction,18,13,5
Vegetita,stormscale,1200,warlock,destruction,133,65,68
Pekkoperkele,ravenholdt,1200,warlock,destruction,48,20,28
Demirchayan,twisting-nether,1199,warlock,destruction,42,25,17
Zenondoros,arthas,1195,warlock,destruction,21,13,8
Vulgrim,kirin-tor,1193,warlock,destruction,39,18,21
Hejhana,drakthul,1193,warlock,destruction,48,17,31
Emoriy,blackmoore,1190,warlock,destruction,64,34,30
Corbiejr,tarren-mill,1187,warlock,destruction,50,31,19
Neetlock,suramar,1185,warlock,destruction,30,14,16
Mîjagî,blackhand,1183,warlock,destruction,24,14,10
Nicolino,doomhammer,1179,warlock,destruction,42,23,19
Kaeos,ravencrest,1176,warlock,destruction,24,15,9
Lovrog,twisting-nether,1169,warlock,destruction,21,13,8
Fathernurgle,hellfire,1168,warlock,destruction,47,27,20
Lockteb,tarren-mill,1167,warlock,destruction,23,13,10
Løckwood,blackrock,1166,warlock,destruction,23,14,9
Diseased,darksorrow,1165,warlock,destruction,66,40,26
Kritcheq,alakir,1163,warlock,destruction,89,44,45
Rizzbolt,ravencrest,1161,warlock,destruction,81,37,44
Локкрис,blackscar,1160,warlock,destruction,24,14,10
Saereda,kazzak,1160,warlock,destruction,42,20,22
Lzoo,ravencrest,1152,warlock,destruction,12,12,0
Hulagirl,ravencrest,1152,warlock,destruction,18,12,6
Навидд,howling-fjord,1152,warlock,destruction,18,12,6
Dotjürgen,blackrock,1152,warlock,destruction,18,12,6
Rmpfarmer,kazzak,1152,warlock,destruction,18,12,6
Fearbeachx,ravencrest,1152,warlock,destruction,18,12,6
Teiser,nemesis,1152,warlock,destruction,24,12,12
Ekàti,ravencrest,1152,warlock,destruction,24,12,12
Консидёро,gordunni,1152,warlock,destruction,30,12,18
Badloljk,stormscale,1151,warlock,destruction,18,12,6
Leman,sylvanas,1151,warlock,destruction,18,12,6
Jkz,blackrock,1151,warlock,destruction,21,13,8
Elldialock,draenor,1151,warlock,destruction,24,12,12
Zenii,nemesis,1150,warlock,destruction,18,12,6
Hannahowo,garona,1150,warlock,destruction,18,12,6
Shadeisblack,tarren-mill,1150,warlock,destruction,18,12,6
Kikaikek,stormscale,1150,warlock,destruction,18,12,6
Estefanía,tarren-mill,1150,warlock,destruction,18,12,6
Kyliân,blackmoore,1150,warlock,destruction,24,12,12
Scadar,kazzak,1149,warlock,destruction,18,12,6
Gravedîgger,aggra-português,1149,warlock,destruction,24,12,12
Maikus,stormscale,1148,warlock,destruction,18,12,6
Exiled,dragonblight,1148,warlock,destruction,22,13,9
Favorizlmp,archimonde,1146,warlock,destruction,24,12,12
Puujäbäxd,stormscale,1145,warlock,destruction,30,12,18
Jinxzed,frostwhisper,1143,warlock,destruction,18,12,6
Зажиженный,soulflayer,1142,warlock,destruction,21,12,9
Hipiwl,silvermoon,1142,warlock,destruction,24,12,12
Lobotomic,argent-dawn,1140,warlock,destruction,18,12,6
Parley,frostmane,1138,warlock,destruction,30,12,18
Deruud,defias-brotherhood,1138,warlock,destruction,30,12,18
Скул,soulflayer,1137,warlock,destruction,30,12,18
Féar,doomhammer,1136,warlock,destruction,24,12,12
Pcbbwarlock,sylvanas,1136,warlock,destruction,30,12,18
Cozyboi,thrall,1135,warlock,destruction,26,15,11
Talriun,kazzak,1130,warlock,destruction,32,12,20
Toffifae,argent-dawn,1129,warlock,destruction,18,12,6
Fivestars,tarren-mill,1128,warlock,destruction,28,13,15
Mîtskî,argent-dawn,1125,warlock,destruction,30,14,16
Riitaall,khaz-modan,1125,warlock,destruction,49,18,31
Fromfuneral,anetheron,1123,warlock,destruction,101,58,43
Marann,dun-morogh,1122,warlock,destruction,38,25,13
Shadeshanox,blackmoore,1121,warlock,destruction,18,12,6
Darkà,rexxar,1121,warlock,destruction,24,13,11
Insanely,kazzak,1121,warlock,destruction,63,34,29
Shagrab,nemesis,1119,warlock,destruction,33,17,16
Paranoid,sylvanas,1119,warlock,destruction,24,12,12
Fiddlock,draenor,1117,warlock,destruction,22,13,9
Míkæ,ravencrest,1115,warlock,destruction,30,12,18
Marklock,drakthul,1114,warlock,destruction,14,13,1
Lánfeár,draenor,1114,warlock,destruction,29,12,17
Yhwäch,archimonde,1114,warlock,destruction,30,12,18
Demohoror,stormscale,1113,warlock,destruction,30,12,18
Maxxilla,twisting-nether,1109,warlock,destruction,125,57,68
Règis,antonidas,1102,warlock,destruction,21,13,8
Razek,eredar,1086,warlock,destruction,23,12,11
Buserella,eredar,1085,warlock,destruction,30,12,18
Atruruz,antonidas,1084,warlock,destruction,59,29,30
Oxsen,hyjal,1082,warlock,destruction,30,12,18
Ruul,sanguino,1079,warlock,destruction,50,20,30
Makaspam,stormscale,1074,warlock,destruction,34,12,22
Thicklock,twisting-nether,1071,warlock,destruction,24,12,12
Whitebanshee,turalyon,1069,warlock,destruction,30,18,12
Troyana,chants-éternels,1067,warlock,destruction,26,19,7
Batráz,tarren-mill,1057,warlock,destruction,48,16,32
Redshíne,hyjal,1056,warlock,destruction,12,11,1
Exephia,laughing-skull,1056,warlock,destruction,12,11,1
Bustabrinka,aggra-português,1056,warlock,destruction,12,11,1
Calypso,korgall,1056,warlock,destruction,18,11,7
Fjutta,outland,1056,warlock,destruction,18,11,7
Кремация,blackscar,1056,warlock,destruction,18,11,7
Secretx,kazzak,1056,warlock,destruction,18,11,7
Jadesud,archimonde,1056,warlock,destruction,18,11,7
Oarz,blackrock,1056,warlock,destruction,18,11,7
Sëngir,drakthul,1056,warlock,destruction,24,11,13
Resterx,blackhand,1055,warlock,destruction,12,11,1
Razzalock,eredar,1055,warlock,destruction,18,11,7
Raknoxyeyeye,blackrock,1055,warlock,destruction,18,11,7
Flatwolenzy,blackrock,1055,warlock,destruction,18,11,7
Fulcanelli,sargeras,1055,warlock,destruction,18,11,7
Flockyy,draenor,1055,warlock,destruction,22,12,10
Shena,chogall,1055,warlock,destruction,24,11,13
Dalyvan,blackrock,1055,warlock,destruction,24,11,13
Rotangel,ragnaros,1055,warlock,destruction,24,11,13
Naniika,blackmoore,1054,warlock,destruction,36,24,12
Denasty,nemesis,1054,warlock,destruction,18,11,7
Jørdanna,blackrock,1054,warlock,destruction,18,11,7
Smegwlock,tarren-mill,1054,warlock,destruction,18,11,7
Urururustyle,hyjal,1054,warlock,destruction,24,11,13
Hydrôlîc,blackrock,1054,warlock,destruction,24,11,13
Nàchtt,archimonde,1053,warlock,destruction,18,11,7
Trickslock,kazzak,1053,warlock,destruction,18,11,7
Finsterfluch,conseil-des-ombres,1053,warlock,destruction,24,11,13
Vimb,archimonde,1053,warlock,destruction,24,11,13
Boomlock,dun-morogh,1052,warlock,destruction,18,11,7
Katâra,tarren-mill,1051,warlock,destruction,30,11,19
Peterpaîn,blackmoore,1050,warlock,destruction,22,14,8
Whine,uldum,1050,warlock,destruction,54,24,30
Gâlvâtorix,frostmourne,1050,warlock,destruction,52,23,29
Setta,argent-dawn,1050,warlock,destruction,30,11,19
Gåylørd,ravencrest,1050,warlock,destruction,30,11,19
Bangbrös,stormscale,1049,warlock,destruction,18,11,7
Яжбатько,howling-fjord,1048,warlock,destruction,30,11,19
Yénnéfér,ravencrest,1046,warlock,destruction,33,11,22
Калестонх,soulflayer,1044,warlock,destruction,18,11,7
Patirass,sanguino,1042,warlock,destruction,18,11,7
Surfot,kazzak,1041,warlock,destruction,30,11,19
Orisess,bronze-dragonflight,1036,warlock,destruction,77,40,37
Бигтедок,gordunni,1036,warlock,destruction,129,64,65
Demonoulis,bloodhoof,1026,warlock,destruction,18,11,7
Öyo,outland,1025,warlock,destruction,102,47,55
Гринлайм,howling-fjord,1023,warlock,destruction,21,12,9
Salastro,ragnaros,1022,warlock,destruction,17,11,6
Omnigul,grim-batol,1010,warlock,destruction,36,14,22
Zardøx,khaz-modan,1009,warlock,destruction,18,12,6
Daeyon,ravencrest,1008,warlock,destruction,21,11,10
Онлифан,soulflayer,1006,warlock,destruction,17,11,6
Satyrilian,tarren-mill,1006,warlock,destruction,17,11,6
Jaqqy,blackmoore,1005,warlock,destruction,18,12,6
Babayagaa,drakthul,1002,warlock,destruction,26,11,15
Xoram,kult-der-verdammten,1000,warlock,destruction,18,12,6
Iltharian,die-todeskrallen,1000,warlock,destruction,17,11,6
Alucena,silvermoon,1000,warlock,destruction,28,13,15
Loveløck,blackrock,991,warlock,destruction,29,11,18
Yudy,burning-legion,987,warlock,destruction,20,11,9
Lynchéd,argent-dawn,986,warlock,destruction,17,11,6
Äbsalom,hyjal,973,warlock,destruction,56,30,26
Dubbzy,outland,973,warlock,destruction,26,11,15
Demox,arathor,962,warlock,destruction,26,11,15
Invoke,burning-blade,960,warlock,destruction,12,10,2
Graystache,blackhand,960,warlock,destruction,12,10,2
Nerfmeplz,archimonde,960,warlock,destruction,12,10,2
Slomg,sylvanas,960,warlock,destruction,12,10,2
Jazggzkxx,twisting-nether,960,warlock,destruction,12,10,2
Kozaras,tarren-mill,960,warlock,destruction,12,10,2
Hopéléss,aggra-português,960,warlock,destruction,12,10,2
Veganlifter,ravencrest,960,warlock,destruction,12,10,2
Harefrøken,ravencrest,960,warlock,destruction,12,10,2
Eltharis,burning-legion,960,warlock,destruction,12,10,2
Ñia,ravencrest,960,warlock,destruction,12,10,2
Korialstraz,sylvanas,960,warlock,destruction,12,10,2
Destrolockz,tarren-mill,960,warlock,destruction,16,11,5
Turdy,sylvanas,960,warlock,destruction,18,10,8
Pinacholadá,norgannon,960,warlock,destruction,18,10,8
Trickytée,tarren-mill,960,warlock,destruction,18,10,8
Brodoh,dun-modr,960,warlock,destruction,18,10,8
Adoxilock,twisting-nether,960,warlock,destruction,18,10,8
Balding,blackhand,960,warlock,destruction,18,10,8
Chaotick,burning-legion,960,warlock,destruction,18,10,8
Akumako,stormscale,960,warlock,destruction,18,10,8
Mirenli,kazzak,960,warlock,destruction,18,10,8
Lìmè,silvermoon,960,warlock,destruction,18,10,8
Gödisdëäd,sanguino,960,warlock,destruction,18,10,8
Kyiüû,archimonde,960,warlock,destruction,22,12,10
Flatulenzus,blackrock,960,warlock,destruction,24,10,14
Bailerlock,antonidas,960,warlock,destruction,24,10,14
Deadpapi,outland,959,warlock,destruction,12,10,2
Boterham,kilrogg,959,warlock,destruction,12,10,2
Cringelord,vashj,959,warlock,destruction,12,10,2
Ammilock,aszune,959,warlock,destruction,12,10,2
Zízýéró,sylvanas,959,warlock,destruction,12,10,2
Dotáhoe,twisting-nether,959,warlock,destruction,18,10,8
Kekbólt,twisting-nether,959,warlock,destruction,18,10,8
Bruzzlbube,blackhand,959,warlock,destruction,18,10,8
Alexindorf,silvermoon,959,warlock,destruction,18,10,8
Shóx,blackmoore,959,warlock,destruction,18,10,8
Póssiblyreef,silvermoon,959,warlock,destruction,18,10,8
Chaosborn,ravencrest,959,warlock,destruction,24,10,14
Adipure,blackrock,959,warlock,destruction,24,10,14
Shadaw,kilrogg,958,warlock,destruction,12,10,2
Slâyâ,blackrock,958,warlock,destruction,12,10,2
Kenybalajze,the-maelstrom,958,warlock,destruction,18,10,8
Адво,howling-fjord,958,warlock,destruction,18,10,8
Annihilatîon,aegwynn,958,warlock,destruction,18,10,8
Phît,kilrogg,958,warlock,destruction,18,10,8
Baloc,kirin-tor,957,warlock,destruction,18,10,8
Zöyarüm,outland,957,warlock,destruction,18,10,8
Schmexer,blutkessel,957,warlock,destruction,18,10,8
Tomiaa,burning-legion,957,warlock,destruction,24,10,14
Afflimoomoo,tarren-mill,957,warlock,destruction,30,10,20
Yenéx,blackhand,956,warlock,destruction,26,11,15
Èrmes,eldrethalas,956,warlock,destruction,24,10,14
Absurdd,turalyon,955,warlock,destruction,16,11,5
Vâgg,blackmoore,955,warlock,destruction,24,10,14
Shêrlöck,stormscale,955,warlock,destruction,24,10,14
Thranerm,ravencrest,955,warlock,destruction,24,10,14
Realshady,kazzak,954,warlock,destruction,18,10,8
Chlöê,hyjal,954,warlock,destruction,18,10,8
Gerart,tarren-mill,953,warlock,destruction,18,10,8
Millhaus,gorgonnash,952,warlock,destruction,18,10,8
Scandalfogel,frostmane,952,warlock,destruction,18,10,8
Zøhaz,burning-legion,952,warlock,destruction,30,13,17
Aftxrlife,arathor,951,warlock,destruction,16,11,5
Zow,dun-modr,950,warlock,destruction,24,10,14
Synnox,blackrock,949,warlock,destruction,24,11,13
Fbomber,ravencrest,948,warlock,destruction,12,10,2
Àtreyù,daggerspine,948,warlock,destruction,46,13,33
Крутизол,fordragon,944,warlock,destruction,25,11,14
Xydar,stormscale,941,warlock,destruction,24,10,14
Rüjï,sanguino,938,warlock,destruction,30,10,20
Artannas,elune,937,warlock,destruction,19,13,6
Äzarel,khaz-modan,933,warlock,destruction,12,10,2
Eisenkiefer,thrall,933,warlock,destruction,71,24,47
Racursed,outland,927,warlock,destruction,16,10,6
Oddchap,magtheridon,910,warlock,destruction,41,16,25
Demowlition,archimonde,908,warlock,destruction,24,10,14
Maveri,tarren-mill,903,warlock,destruction,21,10,11
Hamskurken,silvermoon,895,warlock,destruction,16,10,6
Bèkshà,blackrock,894,warlock,destruction,20,10,10
Julsey,kazzak,892,warlock,destruction,11,10,1
Buddyparty,blackrock,892,warlock,destruction,14,10,4
Felcollins,sylvanas,892,warlock,destruction,20,10,10
Arlu,blackrock,891,warlock,destruction,36,16,20
Predlocktwo,twisting-nether,864,warlock,destruction,12,9,3
Fakegodx,ravencrest,864,warlock,destruction,12,9,3
Веномхх,lich-king,864,warlock,destruction,12,9,3
Letmecast,sylvanas,864,warlock,destruction,12,9,3
Reizouka,twisting-nether,864,warlock,destruction,12,9,3
Tessalizz,aegwynn,864,warlock,destruction,12,9,3
Инкубычь,gordunni,864,warlock,destruction,12,9,3
Qwyncess,archimonde,864,warlock,destruction,12,9,3
Boltmaster,burning-legion,864,warlock,destruction,12,9,3
Elmáestro,aegwynn,864,warlock,destruction,12,9,3
Hømïcîðæl,ravencrest,864,warlock,destruction,12,9,3
Märkähuikka,stormreaver,864,warlock,destruction,12,9,3
Chàsx,archimonde,864,warlock,destruction,12,9,3
Надсх,soulflayer,864,warlock,destruction,12,9,3
Vamanos,stormscale,864,warlock,destruction,12,9,3
Darkwíngduck,aegwynn,864,warlock,destruction,12,9,3
Araqt,thrall,864,warlock,destruction,12,9,3
Øßey,magtheridon,864,warlock,destruction,12,9,3
Howtofake,doomhammer,864,warlock,destruction,12,9,3
Lcollector,outland,864,warlock,destruction,12,9,3
Ìambottger,silvermoon,864,warlock,destruction,12,9,3
Габана,gordunni,864,warlock,destruction,12,9,3
Ironserious,blackrock,864,warlock,destruction,12,9,3
Dst,ravencrest,864,warlock,destruction,12,9,3
Ghastlyy,aggra-português,864,warlock,destruction,12,9,3
Peon,blackrock,864,warlock,destruction,12,9,3
Mïllâïneeqtx,archimonde,864,warlock,destruction,12,9,3
Aggressivé,twisting-nether,864,warlock,destruction,17,9,8
Potatowl,ragnaros,864,warlock,destruction,18,9,9
Bionic,eredar,864,warlock,destruction,18,9,9
Чернокок,blackscar,864,warlock,destruction,18,9,9
Southylolz,stormscale,864,warlock,destruction,18,9,9
Joleptem,outland,864,warlock,destruction,18,9,9
Gulzot,turalyon,864,warlock,destruction,18,9,9
Plocke,aegwynn,864,warlock,destruction,18,9,9
Fearfearfear,blackhand,864,warlock,destruction,18,9,9
Köftemec,blackrock,864,warlock,destruction,18,9,9
Doomwrath,tarren-mill,864,warlock,destruction,18,9,9
Stopdaddyplz,ravencrest,864,warlock,destruction,18,9,9
Hardnes,kazzak,864,warlock,destruction,24,9,15
Cruckz,nathrezim,863,warlock,destruction,12,9,3
Cørpse,burning-legion,863,warlock,destruction,12,9,3
Phicon,silvermoon,863,warlock,destruction,12,9,3
Zelyx,archimonde,863,warlock,destruction,12,9,3
Voukserys,tarren-mill,863,warlock,destruction,12,9,3
Narzok,kazzak,863,warlock,destruction,12,9,3
Sneps,azshara,863,warlock,destruction,12,9,3
Höglund,twisting-nether,863,warlock,destruction,12,9,3
Elerodril,ysondre,863,warlock,destruction,12,9,3
Mooncrushed,stormscale,863,warlock,destruction,12,9,3
Lyconidas,magtheridon,863,warlock,destruction,12,9,3
Муза,gordunni,863,warlock,destruction,12,9,3
Pelea,silvermoon,863,warlock,destruction,18,9,9
Marenov,kazzak,863,warlock,destruction,18,9,9
Гвоздяшка,blackscar,863,warlock,destruction,18,9,9
Keibo,drakthul,863,warlock,destruction,18,9,9
Burningdemon,kazzak,863,warlock,destruction,18,9,9
Andrealphus,outland,863,warlock,destruction,18,9,9
Nazrõth,stormscale,863,warlock,destruction,18,9,9
Brugo,zuljin,863,warlock,destruction,18,9,9
Drakedoge,draenor,863,warlock,destruction,18,9,9
Törtidotcom,blackrock,863,warlock,destruction,18,9,9
Getfeared,draenor,863,warlock,destruction,24,9,15
Miltuast,blackrock,862,warlock,destruction,12,9,3
Woudstok,ysondre,862,warlock,destruction,12,9,3
Bíggun,outland,862,warlock,destruction,12,9,3
Nokickplz,nemesis,862,warlock,destruction,18,9,9
Банкапевка,howling-fjord,862,warlock,destruction,18,9,9
Otemlock,sanguino,862,warlock,destruction,18,9,9
Janemba,ysondre,862,warlock,destruction,18,9,9
Kvanmor,kaelthas,862,warlock,destruction,24,9,15
Xhartus,argent-dawn,860,warlock,destruction,18,9,9
Arnoediad,twisting-nether,860,warlock,destruction,18,9,9
Noctiz,pozzo-delleternità,860,warlock,destruction,19,9,10
Adafbhf,tichondrius,859,warlock,destruction,18,9,9
Íntikam,blackrock,858,warlock,destruction,18,9,9
Gillgarres,twisting-nether,858,warlock,destruction,24,9,15
Soultwist,twisting-nether,858,warlock,destruction,24,9,15
Castingsmth,draenor,855,warlock,destruction,15,11,4
Kharzug,alakir,854,warlock,destruction,21,10,11
Solomohn,steamwheedle-cartel,853,warlock,destruction,12,9,3
Modzal,kazzak,853,warlock,destruction,18,9,9
Ternisia,draenor,846,warlock,destruction,20,10,10
Геролин,goldrinn,837,warlock,destruction,37,13,24
Fêâr,dun-modr,832,warlock,destruction,10,10,0
Архидрако,gordunni,832,warlock,destruction,24,9,15
Epzi,outland,831,warlock,destruction,17,9,8
Fearing,malganis,831,warlock,destruction,23,9,14
Tid,burning-legion,830,warlock,destruction,17,9,8
Zengrow,ravencrest,815,warlock,destruction,15,10,5
Indynamo,blackrock,815,warlock,destruction,17,9,8
Shakuroz,frostwolf,815,warlock,destruction,27,10,17
Narkstzhki,kazzak,814,warlock,destruction,14,10,4
Xshay,dun-modr,814,warlock,destruction,27,10,17
Вешка,azuregos,811,warlock,destruction,15,9,6
Merloc,magtheridon,801,warlock,destruction,20,10,10
Nephystø,archimonde,768,warlock,destruction,12,8,4
Миражлок,gordunni,768,warlock,destruction,12,8,4
Psychoduck,stormscale,768,warlock,destruction,12,8,4
Detoxa,outland,768,warlock,destruction,12,8,4
Wårlørd,ragnaros,768,warlock,destruction,12,8,4
Dadylock,silvermoon,768,warlock,destruction,12,8,4
Freshademic,tarren-mill,768,warlock,destruction,12,8,4
Dejin,tarren-mill,768,warlock,destruction,12,8,4
Квейдсан,howling-fjord,768,warlock,destruction,12,8,4
Sizexl,silvermoon,768,warlock,destruction,12,8,4
Oldasiangirl,blackrock,768,warlock,destruction,12,8,4
Fearu,kazzak,768,warlock,destruction,12,8,4
Overbuffed,wildhammer,768,warlock,destruction,12,8,4
Thesnakë,ravencrest,768,warlock,destruction,12,8,4
Brodir,aszune,768,warlock,destruction,12,8,4
Dmonlock,hyjal,768,warlock,destruction,12,8,4
Boltgodx,thrall,768,warlock,destruction,12,8,4
Némésiø,archimonde,768,warlock,destruction,12,8,4
Dotbotx,grim-batol,768,warlock,destruction,12,8,4
Imissbfa,stormscale,768,warlock,destruction,12,8,4
Crunel,ragnaros,768,warlock,destruction,12,8,4
Gambos,kazzak,768,warlock,destruction,12,8,4
Boccebelle,pozzo-delleternità,768,warlock,destruction,12,8,4
Кром,howling-fjord,768,warlock,destruction,12,8,4
Wìtçhßlåðes,ysondre,768,warlock,destruction,12,8,4
Youngtyrant,blackrock,768,warlock,destruction,12,8,4
Trembly,alakir,768,warlock,destruction,12,8,4
Firecast,kazzak,768,warlock,destruction,12,8,4
Nodavé,stormscale,768,warlock,destruction,12,8,4
Sniffy,stormreaver,768,warlock,destruction,12,8,4
Supermaus,blackrock,768,warlock,destruction,12,8,4
Vezmollo,stormscale,768,warlock,destruction,12,8,4
Dbwl,kazzak,768,warlock,destruction,12,8,4
Onono,eredar,768,warlock,destruction,12,8,4
Fearoclock,nemesis,768,warlock,destruction,18,8,10
Horststenzl,blackrock,768,warlock,destruction,18,8,10
Dirtyjoe,doomhammer,768,warlock,destruction,18,8,10
Odenbest,silvermoon,768,warlock,destruction,18,8,10
ßenäfflock,ragnaros,768,warlock,destruction,18,8,10
Loulou,nagrand,768,warlock,destruction,18,8,10
Helvetica,darksorrow,768,warlock,destruction,18,8,10
Hexdoctor,ravencrest,768,warlock,destruction,24,8,16
Ammathrel,moonglade,767,warlock,destruction,12,8,4
Gimmê,dun-morogh,767,warlock,destruction,12,8,4
Wushi,aggra-português,767,warlock,destruction,12,8,4
Fearster,twisting-nether,767,warlock,destruction,12,8,4
Sopingsop,chants-éternels,767,warlock,destruction,12,8,4
Shadowburst,outland,767,warlock,destruction,12,8,4
Nili,dethecus,767,warlock,destruction,12,8,4
Palatical,terokkar,767,warlock,destruction,12,8,4
Яичнаялапша,soulflayer,767,warlock,destruction,12,8,4
Ромзесхх,howling-fjord,767,warlock,destruction,12,8,4
Warlockholms,archimonde,767,warlock,destruction,12,8,4
Экспло,ashenvale,767,warlock,destruction,12,8,4
Eotlid,shattered-hand,767,warlock,destruction,12,8,4
Allêgrâ,blackrock,767,warlock,destruction,12,8,4
Goodclass,tarren-mill,767,warlock,destruction,12,8,4
Lorelèi,silvermoon,767,warlock,destruction,12,8,4
Ragïa,archimonde,767,warlock,destruction,12,8,4
Redroach,doomhammer,767,warlock,destruction,12,8,4
Finlock,kult-der-verdammten,767,warlock,destruction,15,9,6
Kromosonen,ravencrest,767,warlock,destruction,18,8,10
Chochliko,silvermoon,767,warlock,destruction,18,8,10
Микурочка,gordunni,767,warlock,destruction,18,8,10
Hell,twisting-nether,767,warlock,destruction,18,8,10
Hokmor,blutkessel,767,warlock,destruction,18,8,10
Wichtl,die-ewige-wacht,767,warlock,destruction,18,8,10
Donmajor,amanthul,767,warlock,destruction,24,8,16
Ädarä,cthun,766,warlock,destruction,12,8,4
Puppylover,outland,766,warlock,destruction,12,8,4
Antoniolm,cthun,766,warlock,destruction,16,9,7
Backdrip,ragnaros,766,warlock,destruction,18,8,10
Mavelya,blackmoore,766,warlock,destruction,24,8,16
Drestan,twisting-nether,765,warlock,destruction,18,8,10
Ezekîél,blackhand,764,warlock,destruction,24,8,16
Тарналор,gordunni,763,warlock,destruction,18,8,10
Staynecro,malfurion,763,warlock,destruction,18,8,10
Юникна,gordunni,763,warlock,destruction,24,8,16
Nava,stormscale,760,warlock,destruction,22,9,13
Oonz,sylvanas,759,warlock,destruction,24,8,16
Shutdown,sylvanas,756,warlock,destruction,18,8,10
Shaodul,stormscale,735,warlock,destruction,17,8,9
Mty,bronze-dragonflight,734,warlock,destruction,17,8,9
Salvatoriy,outland,719,warlock,destruction,11,8,3
Warlocklordx,ravencrest,713,warlock,destruction,22,9,13
Amyw,magtheridon,712,warlock,destruction,20,9,11
Джастсак,gordunni,703,warlock,destruction,11,8,3
Rikta,stormscale,703,warlock,destruction,11,8,3
Kycknosa,archimonde,703,warlock,destruction,20,8,12
Dotrulez,nemesis,688,warlock,destruction,13,8,5
Verixdots,antonidas,672,warlock,destruction,12,7,5
Psykøø,shendralar,672,warlock,destruction,12,7,5
Anicetuslol,lightnings-blade,672,warlock,destruction,12,7,5
Aoeenjoer,tarren-mill,672,warlock,destruction,12,7,5
Xoraith,runetotem,672,warlock,destruction,12,7,5
Wacastwo,tarren-mill,672,warlock,destruction,12,7,5
Xjay,malorne,672,warlock,destruction,12,7,5
Qumbaja,alleria,672,warlock,destruction,12,7,5
Chapo,alleria,672,warlock,destruction,12,7,5
Filippö,eredar,672,warlock,destruction,12,7,5
Exhäle,archimonde,672,warlock,destruction,12,7,5
Numwiki,draenor,672,warlock,destruction,12,7,5
Nobodyknows,outland,672,warlock,destruction,12,7,5
Nicodemo,tarren-mill,672,warlock,destruction,12,7,5
Simony,ravencrest,672,warlock,destruction,12,7,5
Aljohno,twisting-nether,672,warlock,destruction,12,7,5
Мэрджис,soulflayer,672,warlock,destruction,12,7,5
Незерлок,soulflayer,672,warlock,destruction,12,7,5
Vilenia,doomhammer,672,warlock,destruction,12,7,5
Altffeer,blackmoore,672,warlock,destruction,12,7,5
Матрикспз,soulflayer,672,warlock,destruction,12,7,5
Mowxll,blackrock,672,warlock,destruction,12,7,5
Анкхзул,howling-fjord,672,warlock,destruction,12,7,5
Aunsá,archimonde,672,warlock,destruction,12,7,5
Lúcìfér,stormscale,672,warlock,destruction,12,7,5
Precogbtw,ravencrest,672,warlock,destruction,12,7,5
Midnigthh,sanguino,672,warlock,destruction,12,7,5
Тарои,howling-fjord,672,warlock,destruction,12,7,5
Slipx,aegwynn,672,warlock,destruction,12,7,5
Entropyboost,stormscale,672,warlock,destruction,12,7,5
Scud,frostwolf,672,warlock,destruction,12,7,5
Bladey,ragnaros,672,warlock,destruction,12,7,5
Sneltjej,draenor,672,warlock,destruction,12,7,5
Abdulrahim,archimonde,672,warlock,destruction,12,7,5
Çüñ,shattered-hand,672,warlock,destruction,12,7,5
Ronniee,moonglade,672,warlock,destruction,12,7,5
Fellord,chants-éternels,672,warlock,destruction,12,7,5
Dobromír,kazzak,672,warlock,destruction,12,7,5
Inflicts,frostmane,672,warlock,destruction,12,7,5
Fraky,frostwhisper,672,warlock,destruction,12,7,5
Cursedotexe,ragnaros,672,warlock,destruction,18,7,11
Локизло,gordunni,672,warlock,destruction,18,7,11
Mocfernando,ravencrest,672,warlock,destruction,18,7,11
Mewarlock,bronze-dragonflight,672,warlock,destruction,18,7,11
Belakh,draenor,672,warlock,destruction,18,7,11
Hædês,antonidas,672,warlock,destruction,18,7,11
Topmodelx,eredar,672,warlock,destruction,18,7,11
Chromagnus,drakthul,672,warlock,destruction,18,7,11
Banelock,dentarg,672,warlock,destruction,18,7,11
Britnèyfears,twisting-nether,672,warlock,destruction,18,7,11
Milfhaunter,aegwynn,672,warlock,destruction,18,7,11
Haccu,ragnaros,672,warlock,destruction,18,7,11
Valthorion,arthas,672,warlock,destruction,18,7,11
Kar,haomarush,672,warlock,destruction,18,7,11
Marripa,sanguino,672,warlock,destruction,24,7,17
Barbyqueue,kazzak,671,warlock,destruction,10,8,2
Xlara,argent-dawn,671,warlock,destruction,12,7,5
Mystereo,bloodscalp,671,warlock,destruction,12,7,5
Afflicted,trollbane,671,warlock,destruction,12,7,5
Cømps,blackrock,671,warlock,destruction,12,7,5
Zillinzy,frostmane,671,warlock,destruction,12,7,5
Trivalis,frostwolf,671,warlock,destruction,12,7,5
Zaruman,turalyon,671,warlock,destruction,12,7,5
Fauxshow,ravencrest,671,warlock,destruction,12,7,5
Yôi,nemesis,671,warlock,destruction,12,7,5
Panicbolt,ravencrest,671,warlock,destruction,12,7,5
Talindra,stormscale,671,warlock,destruction,12,7,5
Jillyãen,hyjal,671,warlock,destruction,12,7,5
Postymalony,kazzak,671,warlock,destruction,12,7,5
Cahetel,nemesis,671,warlock,destruction,12,7,5
Galardodric,outland,671,warlock,destruction,12,7,5
Saadq,draenor,671,warlock,destruction,12,7,5
Proflock,drakthul,671,warlock,destruction,12,7,5
Gigabolt,turalyon,671,warlock,destruction,12,7,5
Jimbrown,eredar,671,warlock,destruction,12,7,5
Baladas,nemesis,671,warlock,destruction,12,7,5
Vengidotcom,outland,671,warlock,destruction,18,7,11
Margincalled,kazzak,671,warlock,destruction,18,7,11
Cancerdotcom,kazzak,671,warlock,destruction,18,7,11
Enragelock,tarren-mill,671,warlock,destruction,18,7,11
Гнумосятина,booty-bay,671,warlock,destruction,18,7,11
Eriken,tarren-mill,671,warlock,destruction,24,7,17
Verderbnis,malganis,670,warlock,destruction,12,7,5
Drthc,kazzak,670,warlock,destruction,12,7,5
Нафлэпил,gordunni,670,warlock,destruction,12,7,5
Qloss,burning-legion,670,warlock,destruction,12,7,5
Зародыш,razuvious,670,warlock,destruction,18,7,11
Necrolock,tarren-mill,669,warlock,destruction,18,7,11
Samigina,argent-dawn,669,warlock,destruction,24,7,17
Sheshii,argent-dawn,669,warlock,destruction,24,7,17
Mortori,tarren-mill,668,warlock,destruction,12,7,5
Мракодел,deathguard,668,warlock,destruction,18,7,11
Buzztoon,doomhammer,668,warlock,destruction,24,7,17
Vladlevad,argent-dawn,667,warlock,destruction,12,7,5
Johntrabolta,chogall,667,warlock,destruction,12,7,5
Ахпорбес,gordunni,661,warlock,destruction,12,7,5
Destri,blackmoore,660,warlock,destruction,12,7,5
Aurelíá,ravencrest,654,warlock,destruction,17,7,10
Cronice,ravencrest,639,warlock,destruction,14,8,6
Lokelicious,ragnaros,639,warlock,destruction,17,7,10
Alsseharr,blackhand,623,warlock,destruction,11,7,4
Kaijim,aegwynn,622,warlock,destruction,11,7,4
Garimberas,silvermoon,618,warlock,destruction,20,8,12
Tydra,die-aldor,618,warlock,destruction,20,8,12
Érunali,archimonde,607,warlock,destruction,11,7,4
Krokator,draenor,605,warlock,destruction,11,7,4
Esthrella,thrall,584,warlock,destruction,13,7,6
Sulnar,burning-legion,576,warlock,destruction,6,6,0
Phobilock,guldan,576,warlock,destruction,6,6,0
Catchlock,tarren-mill,576,warlock,destruction,6,6,0
Sinofbum,stormscale,576,warlock,destruction,6,6,0
Jinckslock,anachronos,576,warlock,destruction,6,6,0
Greeylock,blackhand,576,warlock,destruction,6,6,0
Agonymaster,twisting-nether,576,warlock,destruction,6,6,0
Bedep,sanguino,576,warlock,destruction,6,6,0
Luwuock,twisting-nether,576,warlock,destruction,6,6,0
Hibachi,twisting-nether,576,warlock,destruction,6,6,0
Popecandy,archimonde,576,warlock,destruction,6,6,0
Smileyfacè,silvermoon,576,warlock,destruction,6,6,0
Demonqueens,kazzak,576,warlock,destruction,6,6,0
Søulcä,uldum,576,warlock,destruction,6,6,0
Whaii,ravencrest,576,warlock,destruction,6,6,0
Skuvee,archimonde,576,warlock,destruction,6,6,0
Cafardcancer,archimonde,576,warlock,destruction,6,6,0
Ceryss,argent-dawn,576,warlock,destruction,6,6,0
Happsõr,eredar,576,warlock,destruction,6,6,0
Solosuperr,ravencrest,576,warlock,destruction,6,6,0
Yamadea,stormscale,576,warlock,destruction,6,6,0
Peacedust,grim-batol,576,warlock,destruction,6,6,0
Простишуткаь,gordunni,576,warlock,destruction,6,6,0
Klaier,dun-modr,576,warlock,destruction,9,7,2
Kukkojapallo,ravencrest,576,warlock,destruction,12,6,6
Edgyrpname,argent-dawn,576,warlock,destruction,12,6,6
Zartax,kazzak,576,warlock,destruction,12,6,6
Ooze,kazzak,576,warlock,destruction,12,6,6
Felgød,ravencrest,576,warlock,destruction,12,6,6
Moardotts,ravencrest,576,warlock,destruction,12,6,6
Gatewatcher,argent-dawn,576,warlock,destruction,12,6,6
Ezdotggwp,stormscale,576,warlock,destruction,12,6,6
Олдхалапеньо,soulflayer,576,warlock,destruction,12,6,6
Mayden,uldum,576,warlock,destruction,12,6,6
Embercurse,ravencrest,576,warlock,destruction,12,6,6
Enaio,mannoroth,576,warlock,destruction,12,6,6
Drainforlife,blackrock,576,warlock,destruction,12,6,6
Мураса,grom,576,warlock,destruction,12,6,6
Cali,ahnqiraj,576,warlock,destruction,12,6,6
Ðåñtåy,ravencrest,576,warlock,destruction,12,6,6
Issyl,kazzak,576,warlock,destruction,12,6,6
Rádiz,blackhand,576,warlock,destruction,12,6,6
Mothor,blackrock,576,warlock,destruction,12,6,6
Warlockyo,blackrock,576,warlock,destruction,12,6,6
Hepheisto,blackmoore,576,warlock,destruction,12,6,6
Diabolics,twisting-nether,576,warlock,destruction,12,6,6
Хубаскис,soulflayer,576,warlock,destruction,12,6,6
Ilikebolts,blackmoore,576,warlock,destruction,12,6,6
Súícìdèbøy,colinas-pardas,576,warlock,destruction,12,6,6
Chafir,kazzak,576,warlock,destruction,12,6,6
Skarløck,blackmoore,576,warlock,destruction,12,6,6
Ðuß,nemesis,576,warlock,destruction,12,6,6
Ðiavel,kazzak,576,warlock,destruction,12,6,6
Koramu,blackrock,576,warlock,destruction,12,6,6
Noskillfox,outland,576,warlock,destruction,12,6,6
Shazem,tarren-mill,576,warlock,destruction,12,6,6
Dotacy,kazzak,576,warlock,destruction,12,6,6
Noobtamer,kazzak,576,warlock,destruction,12,6,6
Михасяпевпев,gordunni,576,warlock,destruction,12,6,6
Halacska,arathor,576,warlock,destruction,12,6,6
Dèv,draenor,576,warlock,destruction,12,6,6
Staudi,eredar,576,warlock,destruction,12,6,6
Laanik,twisting-nether,576,warlock,destruction,12,6,6
Forgepower,ghostlands,576,warlock,destruction,12,6,6
Mosslock,silvermoon,576,warlock,destruction,12,6,6
Dmnw,antonidas,576,warlock,destruction,12,6,6
Silenozz,ragnaros,576,warlock,destruction,12,6,6
Melforius,tarren-mill,576,warlock,destruction,12,6,6
Krebares,draenor,576,warlock,destruction,12,6,6
Liwerno,dunemaul,576,warlock,destruction,12,6,6
Нежныйафлик,gordunni,576,warlock,destruction,12,6,6
Jjejo,ragnaros,576,warlock,destruction,12,6,6
Телкадрейнх,gordunni,576,warlock,destruction,15,7,8
Klasikas,kazzak,576,warlock,destruction,16,7,9
Kieman,tarren-mill,576,warlock,destruction,18,6,12
Naitix,argent-dawn,576,warlock,destruction,18,6,12
Tartaros,bronzebeard,576,warlock,destruction,18,6,12
Zerx,malganis,576,warlock,destruction,18,6,12
Shreedlock,blackmoore,576,warlock,destruction,18,6,12
Icq,ravencrest,576,warlock,destruction,18,6,12
Lazyblue,hyjal,576,warlock,destruction,29,6,23
Шелруа,howling-fjord,575,warlock,destruction,10,7,3
Brarvile,zuljin,575,warlock,destruction,12,6,6
Rhaznor,frostwolf,575,warlock,destruction,12,6,6
Sweetfire,ragnaros,575,warlock,destruction,12,6,6
Swagzz,silvermoon,575,warlock,destruction,12,6,6
Arkatraz,blackhand,575,warlock,destruction,12,6,6
Zevil,emerald-dream,575,warlock,destruction,12,6,6
Warlockzor,auchindoun,575,warlock,destruction,12,6,6
Baalthazar,jaedenar,575,warlock,destruction,12,6,6
Softcøre,blackmoore,575,warlock,destruction,12,6,6
Дракшара,soulflayer,575,warlock,destruction,12,6,6
Nemssy,dun-modr,575,warlock,destruction,18,6,12
Klone,die-todeskrallen,575,warlock,destruction,18,6,12
Ramurox,rexxar,575,warlock,destruction,18,6,12
Lucîfear,silvermoon,574,warlock,destruction,12,6,6
Sitosa,todeswache,572,warlock,destruction,12,6,6
Шайтанарба,blackscar,571,warlock,destruction,18,6,12
Nomakqlock,dun-modr,542,warlock,destruction,14,7,7
Pouletmicuie,archimonde,527,warlock,destruction,11,6,5
Стафилокок,deepholm,527,warlock,destruction,11,6,5
Rozn,ravencrest,527,warlock,destruction,11,6,5
Nagassh,arathor,527,warlock,destruction,11,6,5
Sicktir,aerie-peak,527,warlock,destruction,11,6,5
Yasa,khaz-modan,526,warlock,destruction,17,6,11
Брузир,gordunni,522,warlock,destruction,15,7,8
Baxiaz,kazzak,511,warlock,destruction,11,6,5
Diddia,malganis,511,warlock,destruction,11,6,5
Evilhippie,kazzak,511,warlock,destruction,11,6,5
Wanhëda,tarren-mill,511,warlock,destruction,11,6,5
Kelthedral,tarren-mill,511,warlock,destruction,14,6,8
Demonmilf,ysondre,480,warlock,destruction,6,5,1
Sgaitxd,ravencrest,480,warlock,destruction,6,5,1
ßualock,sylvanas,480,warlock,destruction,6,5,1
Purplemafia,burning-blade,480,warlock,destruction,6,5,1
Drexo,drakthul,480,warlock,destruction,6,5,1
Levinbrz,ravencrest,480,warlock,destruction,6,5,1
Mazuto,outland,480,warlock,destruction,6,5,1
Lísbeth,sylvanas,480,warlock,destruction,6,5,1
Kaakmasta,der-abyssische-rat,480,warlock,destruction,6,5,1
Asreaël,uldum,480,warlock,destruction,6,5,1
Trollgubbe,twilights-hammer,480,warlock,destruction,6,5,1
Sâlty,stormscale,480,warlock,destruction,6,5,1
Boyyano,tarren-mill,480,warlock,destruction,6,5,1
Precogdiet,draenor,480,warlock,destruction,6,5,1
Журанайсбой,blackscar,480,warlock,destruction,6,5,1
Lazytown,silvermoon,480,warlock,destruction,6,5,1
Tierzxc,ravencrest,480,warlock,destruction,6,5,1
Dogbolt,stormscale,480,warlock,destruction,6,5,1
Smallpee,kazzak,480,warlock,destruction,6,5,1
Тевон,gordunni,480,warlock,destruction,6,5,1
Sgait,ravencrest,480,warlock,destruction,6,5,1
Destrodmitri,blackmoore,480,warlock,destruction,6,5,1
Zurael,mannoroth,480,warlock,destruction,6,5,1
Yzzie,drakthul,480,warlock,destruction,6,5,1
Djolagourde,archimonde,480,warlock,destruction,6,5,1
Wÿvërnn,archimonde,480,warlock,destruction,6,5,1
Failtráin,blackhand,480,warlock,destruction,6,5,1
Altfdrölf,blackhand,480,warlock,destruction,6,5,1
Pôhzz,archimonde,480,warlock,destruction,6,5,1
Jamb,bloodfeather,480,warlock,destruction,6,5,1
Lilbolty,outland,480,warlock,destruction,6,5,1
Файрусх,soulflayer,480,warlock,destruction,6,5,1
Avadakèdavra,kazzak,480,warlock,destruction,6,5,1
Sumstone,kazzak,480,warlock,destruction,6,5,1
Shoøt,dalaran,480,warlock,destruction,6,5,1
Андаинг,soulflayer,480,warlock,destruction,6,5,1
Jpjpjp,gorgonnash,480,warlock,destruction,6,5,1
Buffdemolock,executus,480,warlock,destruction,6,5,1
Wreky,thrall,480,warlock,destruction,6,5,1
Кореопсис,azuregos,480,warlock,destruction,6,5,1
Verminosiss,stormscale,480,warlock,destruction,6,5,1
Lyndi,nerathor,480,warlock,destruction,6,5,1
Aritrosyo,ravencrest,480,warlock,destruction,6,5,1
Веберх,howling-fjord,480,warlock,destruction,6,5,1
Náwwk,blackmoore,480,warlock,destruction,6,5,1
Höfmänn,grim-batol,480,warlock,destruction,6,5,1
Chaosbolt,kelthuzad,480,warlock,destruction,6,5,1
Møärdötd,aggra-português,480,warlock,destruction,6,5,1
Xeró,quelthalas,480,warlock,destruction,6,5,1
Stazox,drakthul,480,warlock,destruction,6,5,1
Бриант,gordunni,480,warlock,destruction,6,5,1
Uralya,kazzak,480,warlock,destruction,6,5,1
Hotdogvendor,kazzak,480,warlock,destruction,6,5,1
Bufflockspls,outland,480,warlock,destruction,6,5,1
Trooverx,ravencrest,480,warlock,destruction,6,5,1
Drainurlife,zenedar,480,warlock,destruction,6,5,1
Måracujå,kazzak,480,warlock,destruction,6,5,1
Hyphonos,blackmoore,480,warlock,destruction,6,5,1
Mellown,blackrock,480,warlock,destruction,6,5,1
Ампе,blackscar,480,warlock,destruction,6,5,1
Fearpuss,dun-modr,480,warlock,destruction,6,5,1
Djløckgødx,ravencrest,480,warlock,destruction,6,5,1
Trimar,archimonde,480,warlock,destruction,6,5,1
Arthesia,archimonde,480,warlock,destruction,12,5,7
Аркейнмизери,howling-fjord,480,warlock,destruction,12,5,7
Kimwexler,ravencrest,480,warlock,destruction,12,5,7
Nanotrik,draenor,480,warlock,destruction,12,5,7
Pewmlock,antonidas,480,warlock,destruction,12,5,7
Southyx,stormscale,480,warlock,destruction,12,5,7
Golgir,draenor,480,warlock,destruction,12,5,7
Bajsibyx,tarren-mill,480,warlock,destruction,12,5,7
Käristäjä,outland,480,warlock,destruction,12,5,7
Asper,ragnaros,480,warlock,destruction,12,5,7
Yokûjin,twisting-nether,480,warlock,destruction,12,5,7
Fluxlight,frostmourne,480,warlock,destruction,12,5,7
Claralock,silvermoon,480,warlock,destruction,12,5,7
Shadowscurse,sylvanas,480,warlock,destruction,12,5,7
Yeluna,alleria,480,warlock,destruction,12,5,7
Snoreghast,tarren-mill,480,warlock,destruction,12,5,7
Branduir,ragnaros,480,warlock,destruction,12,5,7
Vanmorgoth,nazjatar,480,warlock,destruction,12,5,7
Zêngâ,kazzak,480,warlock,destruction,12,5,7
Voodooskull,kazzak,480,warlock,destruction,12,5,7
Sokyra,tarren-mill,480,warlock,destruction,12,5,7
Cerberus,anetheron,480,warlock,destruction,12,5,7
Динодотз,howling-fjord,480,warlock,destruction,12,5,7
Bricktot,ragnaros,480,warlock,destruction,12,5,7
Zeanort,zuljin,480,warlock,destruction,12,5,7
Voidzero,hyjal,480,warlock,destruction,12,5,7
Baskakov,zuljin,480,warlock,destruction,12,5,7
Pliagaa,drakthul,480,warlock,destruction,12,5,7
Zerozwolf,tarren-mill,480,warlock,destruction,12,5,7
Rikudoua,malfurion,480,warlock,destruction,12,5,7
Hexdoc,alakir,480,warlock,destruction,12,5,7
Corruptcoil,argent-dawn,480,warlock,destruction,12,5,7
Braegnok,ravencrest,480,warlock,destruction,12,5,7
Tiwtera,draenor,480,warlock,destruction,12,5,7
Мегаклещ,soulflayer,480,warlock,destruction,12,5,7
Infïnitýx,silvermoon,480,warlock,destruction,12,5,7
Koonlock,kazzak,480,warlock,destruction,12,5,7
Cursè,stormscale,480,warlock,destruction,12,5,7
Sindown,the-maelstrom,480,warlock,destruction,18,5,13
Maledictio,blackrock,480,warlock,destruction,18,5,13
Infectius,kazzak,480,warlock,destruction,18,5,13
Fredysimo,silvermoon,479,warlock,destruction,6,5,1
Сенсация,ashenvale,479,warlock,destruction,12,5,7
Mohawkyz,chamber-of-aspects,479,warlock,destruction,12,5,7
Sehere,ragnaros,479,warlock,destruction,12,5,7
Archélion,silvermoon,479,warlock,destruction,12,5,7
Kokonix,defias-brotherhood,479,warlock,destruction,12,5,7
Bope,the-maelstrom,479,warlock,destruction,18,5,13
Happysrme,thrall,479,warlock,destruction,24,5,19
Слававдвх,blackscar,478,warlock,destruction,6,5,1
Лавамес,eversong,478,warlock,destruction,10,6,4
Soulsdeads,sylvanas,478,warlock,destruction,12,5,7
Снчч,soulflayer,463,warlock,destruction,11,5,6
Silkgates,kazzak,463,warlock,destruction,17,5,12
Favris,antonidas,447,warlock,destruction,11,5,6
Шадофлок,deathweaver,447,warlock,destruction,11,5,6
Hahahahah,draenor,447,warlock,destruction,11,5,6
Winterx,argent-dawn,447,warlock,destruction,11,5,6
Силксонг,soulflayer,431,warlock,destruction,11,5,6
Chornota,ravencrest,431,warlock,destruction,17,5,12
Augge,tarren-mill,416,warlock,destruction,10,5,5
Hønneyjckk,hyjal,415,warlock,destruction,8,5,3
Charmine,tarren-mill,400,warlock,destruction,7,5,2
Fearylia,aegwynn,393,warlock,destruction,11,8,3
Кичи,gordunni,384,warlock,destruction,6,4,2
Gentoo,xavius,384,warlock,destruction,6,4,2
Простшутка,gordunni,384,warlock,destruction,6,4,2
Шархилол,gordunni,384,warlock,destruction,6,4,2
Flayør,ravencrest,384,warlock,destruction,6,4,2
Discordîân,twisting-nether,384,warlock,destruction,6,4,2
Xskyrov,blackmoore,384,warlock,destruction,6,4,2
Äri,blackmoore,384,warlock,destruction,6,4,2
Uqrlock,twisting-nether,384,warlock,destruction,6,4,2
Feyreah,blackmoore,384,warlock,destruction,6,4,2
Warchilly,twisting-nether,384,warlock,destruction,6,4,2
Rayfears,draenor,384,warlock,destruction,6,4,2
Dotritos,tarren-mill,384,warlock,destruction,6,4,2
Wspolnax,ravencrest,384,warlock,destruction,6,4,2
Uezzalock,nemesis,384,warlock,destruction,6,4,2
Deathmahed,kazzak,384,warlock,destruction,6,4,2
Nãshor,kazzak,384,warlock,destruction,6,4,2
Ðênnis,tarren-mill,384,warlock,destruction,6,4,2
Hiloqtlock,blackmoore,384,warlock,destruction,6,4,2
Elissa,skullcrusher,384,warlock,destruction,6,4,2
Царьдарк,soulflayer,384,warlock,destruction,6,4,2
Анрали,soulflayer,384,warlock,destruction,6,4,2
Xarica,garona,384,warlock,destruction,6,4,2
Mikthelock,nemesis,384,warlock,destruction,6,4,2
Пчелокнижник,howling-fjord,384,warlock,destruction,6,4,2
Yifu,ravencrest,384,warlock,destruction,6,4,2
Критокнижник,lich-king,384,warlock,destruction,6,4,2
Jägerlock,draenor,384,warlock,destruction,6,4,2
Boltsofdoom,kazzak,384,warlock,destruction,6,4,2
Zilthon,dragonblight,384,warlock,destruction,6,4,2
Воттоваара,azuregos,384,warlock,destruction,6,4,2
Nechli,malganis,384,warlock,destruction,6,4,2
Droguri,darkspear,384,warlock,destruction,6,4,2
Drshegs,darkspear,384,warlock,destruction,6,4,2
Unfeared,blackhand,384,warlock,destruction,6,4,2
Scallington,shattered-hand,384,warlock,destruction,6,4,2
Xenastro,silvermoon,384,warlock,destruction,6,4,2
Striks,ragnaros,384,warlock,destruction,6,4,2
Nilsa,eredar,384,warlock,destruction,6,4,2
Nosferatia,kult-der-verdammten,384,warlock,destruction,6,4,2
Kavalierr,stormscale,384,warlock,destruction,6,4,2
Apeliction,eredar,384,warlock,destruction,6,4,2
Siyaa,eredar,384,warlock,destruction,6,4,2
Boltyboi,chamber-of-aspects,384,warlock,destruction,6,4,2
Blyskawicar,silvermoon,384,warlock,destruction,6,4,2
Rikkai,anubarak,384,warlock,destruction,6,4,2
Kankbae,stormscale,384,warlock,destruction,6,4,2
Notloveless,stormscale,384,warlock,destruction,6,4,2
Sïlïthuss,ravencrest,384,warlock,destruction,6,4,2
Zzooxxie,silvermoon,384,warlock,destruction,6,4,2
Darkwìngduck,ravencrest,384,warlock,destruction,6,4,2
Rngmåchinêx,ravencrest,384,warlock,destruction,6,4,2
Cursier,blackmoore,384,warlock,destruction,6,4,2
Iulu,sylvanas,384,warlock,destruction,6,4,2
Nefalya,hyjal,384,warlock,destruction,6,4,2
Rénna,twisting-nether,384,warlock,destruction,6,4,2
Krastey,malfurion,384,warlock,destruction,6,4,2
Mcdotnálds,thrall,384,warlock,destruction,6,4,2
Deathwísh,doomhammer,384,warlock,destruction,6,4,2
Cokkà,dalaran,384,warlock,destruction,6,4,2
Wizdoom,outland,384,warlock,destruction,6,4,2
Skâald,senjin,384,warlock,destruction,6,4,2
Azae,outland,384,warlock,destruction,6,4,2
Монтадон,howling-fjord,384,warlock,destruction,6,4,2
Gango,outland,384,warlock,destruction,6,4,2
Anyfears,outland,384,warlock,destruction,6,4,2
Déemón,draenor,384,warlock,destruction,6,4,2
Døxz,blackrock,384,warlock,destruction,6,4,2
Aldiac,aegwynn,384,warlock,destruction,6,4,2
Ilovethena,hyjal,384,warlock,destruction,6,4,2
Smithlock,blackrock,384,warlock,destruction,6,4,2
Hehexd,steamwheedle-cartel,384,warlock,destruction,6,4,2
Rohlikov,drakthul,384,warlock,destruction,6,4,2
Vae,doomhammer,384,warlock,destruction,6,4,2
Ez,frostmane,384,warlock,destruction,6,4,2
Onekxz,blackrock,384,warlock,destruction,6,4,2
Hydrochloric,emerald-dream,384,warlock,destruction,6,4,2
Cloud,kazzak,384,warlock,destruction,6,4,2
Purplemonkey,burning-blade,384,warlock,destruction,6,4,2
Vêzor,twisting-nether,384,warlock,destruction,6,4,2
Smoudini,blackrock,384,warlock,destruction,6,4,2
Raddikal,archimonde,384,warlock,destruction,6,4,2
Zéik,archimonde,384,warlock,destruction,6,4,2
Shreklock,burning-blade,384,warlock,destruction,6,4,2
Рыжевласочка,eversong,384,warlock,destruction,9,5,4
Omnípotens,silvermoon,384,warlock,destruction,12,6,6
Kaobolt,archimonde,384,warlock,destruction,12,4,8
Sellinia,culte-de-la-rive-noire,384,warlock,destruction,12,4,8
Legiozock,draenor,384,warlock,destruction,12,4,8
Уфц,grom,384,warlock,destruction,12,4,8
Azmondan,ahnqiraj,384,warlock,destruction,12,4,8
Novkan,eredar,384,warlock,destruction,12,4,8
Harrydotterx,alakir,384,warlock,destruction,12,4,8
Vsmna,ragnaros,384,warlock,destruction,12,4,8
Oimera,frostwolf,384,warlock,destruction,12,4,8
Darkmaw,drakthul,384,warlock,destruction,12,4,8
Closetlock,the-maelstrom,384,warlock,destruction,12,4,8
Бешентумай,goldrinn,384,warlock,destruction,12,4,8
Alexcurse,draenor,384,warlock,destruction,12,4,8
Lockpup,draenor,384,warlock,destruction,12,4,8
Tekron,blackhand,384,warlock,destruction,12,4,8
Roedin,tarren-mill,384,warlock,destruction,12,4,8
Impvader,argent-dawn,384,warlock,destruction,12,4,8
Nicetime,nefarian,384,warlock,destruction,12,4,8
Shadowflare,blackmoore,384,warlock,destruction,12,4,8
Стокыч,soulflayer,384,warlock,destruction,12,4,8
Sædotern,stormscale,384,warlock,destruction,12,4,8
Palihatschi,eredar,384,warlock,destruction,12,4,8
Mustalol,outland,384,warlock,destruction,12,4,8
Ksenìa,khaz-modan,384,warlock,destruction,12,4,8
Tentigo,blackmoore,384,warlock,destruction,12,4,8
Чиззихаос,soulflayer,384,warlock,destruction,12,4,8
Yandihimir,silvermoon,384,warlock,destruction,12,4,8
Thigh,burning-legion,384,warlock,destruction,12,4,8
Waryald,dun-modr,384,warlock,destruction,12,4,8
Axy,dun-modr,384,warlock,destruction,12,4,8
Tokodi,ragnaros,384,warlock,destruction,12,4,8
Demoncius,dun-modr,384,warlock,destruction,12,4,8
Hòbó,outland,384,warlock,destruction,12,4,8
Лоллиторпеда,gordunni,384,warlock,destruction,12,4,8
Nahamma,tarren-mill,384,warlock,destruction,12,4,8
Мазаффак,gordunni,384,warlock,destruction,12,4,8
Ieatfel,archimonde,384,warlock,destruction,12,4,8
Angrynoob,silvermoon,383,warlock,destruction,6,4,2
Подликерная,howling-fjord,383,warlock,destruction,6,4,2
Injecter,stormscale,383,warlock,destruction,6,4,2
Okulus,quelthalas,383,warlock,destruction,6,4,2
Dathos,ragnaros,383,warlock,destruction,12,4,8
Olympos,draenor,383,warlock,destruction,12,4,8
Pidka,drakthul,382,warlock,destruction,6,4,2
Britneyfear,aegwynn,351,warlock,destruction,8,5,3
Khano,twisting-nether,336,warlock,destruction,15,4,11
Auxi,the-maelstrom,330,warlock,destruction,7,5,2
Рейнджр,eversong,330,warlock,destruction,15,6,9
Lockpz,sylvanas,330,warlock,destruction,18,5,13
Лвнг,gordunni,320,warlock,destruction,10,4,6
Malganas,sylvanas,320,warlock,destruction,16,4,12
Chev,nemesis,319,warlock,destruction,5,4,1
Würrzag,kazzak,319,warlock,destruction,5,4,1
Sapheâ,burning-legion,319,warlock,destruction,5,4,1
Pumpfake,ravencrest,319,warlock,destruction,5,4,1
Grolder,terokkar,319,warlock,destruction,8,4,4
Líok,eredar,319,warlock,destruction,11,4,7
Empra,stormscale,304,warlock,destruction,7,4,3
Mightnáré,tarren-mill,288,warlock,destruction,6,3,3
Arizyoxot,twisting-nether,288,warlock,destruction,6,3,3
Lockskalle,tarren-mill,288,warlock,destruction,6,3,3
Bte,draenor,288,warlock,destruction,6,3,3
Bluh,twisting-nether,288,warlock,destruction,6,3,3
Adreal,burning-legion,288,warlock,destruction,6,3,3
Кайдзуки,howling-fjord,288,warlock,destruction,6,3,3
Elmîr,blackmoore,288,warlock,destruction,6,3,3
Maquan,blackmoore,288,warlock,destruction,6,3,3
Глотающий,gordunni,288,warlock,destruction,6,3,3
Нэрфир,soulflayer,288,warlock,destruction,6,3,3
Cpump,twisting-nether,288,warlock,destruction,6,3,3
Динодотх,gordunni,288,warlock,destruction,6,3,3
Vladov,ravencrest,288,warlock,destruction,6,3,3
Флорэтт,gordunni,288,warlock,destruction,6,3,3
Besthun,drakthul,288,warlock,destruction,6,3,3
Fearbót,kazzak,288,warlock,destruction,6,3,3
Lamboo,tarren-mill,288,warlock,destruction,6,3,3
Demónfire,sylvanas,288,warlock,destruction,6,3,3
Saymore,ragnaros,288,warlock,destruction,6,3,3
Aches,sylvanas,288,warlock,destruction,6,3,3
Dexterlol,blackmoore,288,warlock,destruction,6,3,3
Lünatix,archimonde,288,warlock,destruction,6,3,3
Djwarlock,kazzak,288,warlock,destruction,6,3,3
Fandusttwo,drakthul,288,warlock,destruction,6,3,3
Mortuáry,drakthul,288,warlock,destruction,6,3,3
Frankieboi,drakthul,288,warlock,destruction,6,3,3
Фламмэнх,soulflayer,288,warlock,destruction,6,3,3
Sécret,blackmoore,288,warlock,destruction,6,3,3
Hiroyukí,frostmane,288,warlock,destruction,6,3,3
Винстролман,blackscar,288,warlock,destruction,6,3,3
Yippz,kazzak,288,warlock,destruction,6,3,3
Toskanoamani,blackmoore,288,warlock,destruction,6,3,3
Колмидедди,gordunni,288,warlock,destruction,6,3,3
Nêstêe,archimonde,288,warlock,destruction,6,3,3
Légréy,blackmoore,288,warlock,destruction,6,3,3
Brudergottes,blackmoore,288,warlock,destruction,6,3,3
Amdownbad,kazzak,288,warlock,destruction,6,3,3
Ремайка,gordunni,288,warlock,destruction,6,3,3
Dmger,twisting-nether,288,warlock,destruction,6,3,3
Phántom,frostmane,288,warlock,destruction,6,3,3
Hammern,haomarush,288,warlock,destruction,6,3,3
Blazed,dentarg,288,warlock,destruction,6,3,3
Læssêkøñgð,twisting-nether,288,warlock,destruction,6,3,3
Xoregar,nemesis,288,warlock,destruction,6,3,3
Вериберри,gordunni,288,warlock,destruction,6,3,3
Hasselbalch,azshara,288,warlock,destruction,6,3,3
Doublebolt,the-maelstrom,288,warlock,destruction,6,3,3
Дядяджонн,gordunni,288,warlock,destruction,6,3,3
Sîlverdîze,thrall,288,warlock,destruction,6,3,3
Kolosh,twisting-nether,288,warlock,destruction,6,3,3
Drozhna,kaelthas,288,warlock,destruction,6,3,3
Soulslugger,twisting-nether,288,warlock,destruction,6,3,3
Truckpunch,defias-brotherhood,288,warlock,destruction,6,3,3
Gravemxney,tarren-mill,288,warlock,destruction,6,3,3
Hairylock,outland,288,warlock,destruction,6,3,3
Dieger,thunderhorn,288,warlock,destruction,6,3,3
Исусилок,deathguard,288,warlock,destruction,6,3,3
Krøl,nemesis,288,warlock,destruction,6,3,3
Kwei,nemesis,288,warlock,destruction,6,3,3
Zzooxx,silvermoon,288,warlock,destruction,6,3,3
Sateerik,draenor,288,warlock,destruction,6,3,3
Epoku,stormscale,288,warlock,destruction,6,3,3
Heximexi,malganis,288,warlock,destruction,6,3,3
Dottad,silvermoon,288,warlock,destruction,6,3,3
Zabani,das-syndikat,288,warlock,destruction,6,3,3
Boltez,twisting-nether,288,warlock,destruction,6,3,3
Feardotfive,frostwolf,288,warlock,destruction,6,3,3
Brolter,blackhand,288,warlock,destruction,6,3,3
Dragmetohêll,blackhand,288,warlock,destruction,6,3,3
Irukandji,chants-éternels,288,warlock,destruction,6,3,3
Misleev,pozzo-delleternità,288,warlock,destruction,6,3,3
Jiruga,blackrock,288,warlock,destruction,6,3,3
Stopfëar,ysondre,288,warlock,destruction,6,3,3
Djshyasiañ,perenolde,288,warlock,destruction,6,3,3
Poulebar,ysondre,288,warlock,destruction,6,3,3
Wajiggity,ravencrest,288,warlock,destruction,6,3,3
Impsgalore,ravencrest,288,warlock,destruction,6,3,3
Talt,dalaran,288,warlock,destruction,6,3,3
Dement,sanguino,288,warlock,destruction,6,3,3
Skizofrenia,zuljin,288,warlock,destruction,6,3,3
Huaraches,stormscale,288,warlock,destruction,6,3,3
Wdauwg,nazjatar,288,warlock,destruction,6,3,3
Lisànna,nemesis,288,warlock,destruction,6,3,3
Cálamity,magtheridon,288,warlock,destruction,6,3,3
Dekawa,ravencrest,288,warlock,destruction,6,3,3
Huaian,darksorrow,288,warlock,destruction,6,3,3
Nargøf,outland,288,warlock,destruction,6,3,3
Anniemoon,silvermoon,288,warlock,destruction,6,3,3
Kuntdotz,draenor,288,warlock,destruction,6,3,3
Rokudaime,stormscale,288,warlock,destruction,6,3,3
Maxiabe,hyjal,288,warlock,destruction,6,3,3
Deamheòlas,ravencrest,288,warlock,destruction,6,3,3
Herador,draenor,288,warlock,destruction,6,3,3
Gacknur,zuljin,288,warlock,destruction,6,3,3
Maevex,stormscale,288,warlock,destruction,6,3,3
Wäisted,ravencrest,288,warlock,destruction,6,3,3
Flaming,ravencrest,288,warlock,destruction,6,3,3
Tibzx,stormscale,288,warlock,destruction,6,3,3
Seldonn,pozzo-delleternità,288,warlock,destruction,6,3,3
Ruinovino,outland,288,warlock,destruction,6,3,3
Mootay,drekthar,288,warlock,destruction,6,3,3
Xaok,dun-modr,288,warlock,destruction,6,3,3
Tschiko,blackrock,288,warlock,destruction,6,3,3
Jörd,ravencrest,288,warlock,destruction,6,3,3
Aghmar,ravencrest,288,warlock,destruction,6,3,3
Ghosthound,stormscale,288,warlock,destruction,6,3,3
Drith,blades-edge,288,warlock,destruction,6,3,3
Lockki,blades-edge,288,warlock,destruction,6,3,3
Lubomirek,turalyon,288,warlock,destruction,6,3,3
Palmtri,stormscale,288,warlock,destruction,6,3,3
Ánderx,dun-modr,288,warlock,destruction,6,3,3
Ðanilock,dun-modr,288,warlock,destruction,6,3,3
Phéar,deathwing,288,warlock,destruction,12,3,9
Пучкова,azuregos,288,warlock,destruction,12,3,9
Peggybrown,turalyon,288,warlock,destruction,12,3,9
Jaír,turalyon,288,warlock,destruction,12,3,9
Werlock,sanguino,288,warlock,destruction,12,3,9
Tepelkwastje,twisting-nether,288,warlock,destruction,12,3,9
Tiffyilock,blackrock,288,warlock,destruction,12,3,9
Ladodida,darkspear,288,warlock,destruction,12,3,9
Nathgar,drakthul,288,warlock,destruction,12,3,9
Leatherfvce,blackmoore,288,warlock,destruction,12,3,9
Voib,silvermoon,288,warlock,destruction,12,3,9
Lockned,outland,288,warlock,destruction,12,3,9
Sebi,kirin-tor,288,warlock,destruction,12,3,9
Jaines,forscherliga,288,warlock,destruction,12,3,9
Svartalfen,outland,288,warlock,destruction,12,3,9
Mitrela,ravencrest,288,warlock,destruction,12,3,9
Варикай,gordunni,288,warlock,destruction,12,3,9
Skyrender,argent-dawn,288,warlock,destruction,12,3,9
Quief,silvermoon,288,warlock,destruction,12,3,9
Dotzillâ,blackhand,288,warlock,destruction,12,3,9
Merelock,eonar,288,warlock,destruction,12,3,9
Killerbeez,burning-blade,288,warlock,destruction,12,3,9
Haedri,kazzak,288,warlock,destruction,12,3,9
Ðæthpäct,dalaran,288,warlock,destruction,12,3,9
Gnargamehl,nemesis,288,warlock,destruction,12,3,9
Дольпико,howling-fjord,288,warlock,destruction,12,3,9
Мирмех,gordunni,288,warlock,destruction,12,3,9
Шейп,fordragon,288,warlock,destruction,12,3,9
Yasagoth,chamber-of-aspects,288,warlock,destruction,12,3,9
Aloxer,sanguino,288,warlock,destruction,12,3,9
Dreameater,twilights-hammer,288,warlock,destruction,12,3,9
Fewton,eonar,288,warlock,destruction,18,3,15
Nirây,thrall,288,warlock,destruction,19,3,16
Грашек,soulflayer,287,warlock,destruction,6,3,3
Senaida,sylvanas,287,warlock,destruction,6,3,3
Lárgo,chamber-of-aspects,271,warlock,destruction,11,3,8
Vinilio,kazzak,240,warlock,destruction,9,3,6
Insertchaos,draenor,239,warlock,destruction,5,3,2
Tarhatar,tarren-mill,239,warlock,destruction,5,3,2
Jamzywarlock,kazzak,239,warlock,destruction,5,3,2
Brushiè,kazzak,239,warlock,destruction,5,3,2
Kelek,anachronos,239,warlock,destruction,5,3,2
Telaldrah,argent-dawn,239,warlock,destruction,5,3,2
Darthdotz,outland,234,warlock,destruction,7,4,3
Diemilch,blackmoore,234,warlock,destruction,8,4,4
Grumrah,argent-dawn,234,warlock,destruction,11,4,7
Watchlock,burning-legion,206,warlock,destruction,7,3,4
Mosskok,kazzak,192,warlock,destruction,4,3,1
Zombpunk,sanguino,192,warlock,destruction,9,3,6
Vortëxx,tarren-mill,192,warlock,destruction,9,3,6
Vexsir,kazzak,192,warlock,destruction,9,3,6
Zenaidaa,doomhammer,192,warlock,destruction,6,2,4
Vitrolizz,twilights-hammer,192,warlock,destruction,6,2,4
Ðaddyy,stormscale,192,warlock,destruction,6,2,4
Jaliyah,outland,192,warlock,destruction,6,2,4
Malfari,zuljin,192,warlock,destruction,6,2,4
Shelbys,tyrande,192,warlock,destruction,6,2,4
Astralvoid,outland,192,warlock,destruction,6,2,4
Merengue,uldum,192,warlock,destruction,6,2,4
Kuzimu,aerie-peak,192,warlock,destruction,6,2,4
Snoggä,antonidas,192,warlock,destruction,6,2,4
Ght,outland,192,warlock,destruction,6,2,4
Kemel,thrall,192,warlock,destruction,6,2,4
Костикк,howling-fjord,192,warlock,destruction,6,2,4
Beerdurschd,antonidas,192,warlock,destruction,6,2,4
Zòóf,stormscale,192,warlock,destruction,6,2,4
Necrofearz,sylvanas,192,warlock,destruction,6,2,4
Wezen,stormscale,192,warlock,destruction,6,2,4
Absúrd,turalyon,192,warlock,destruction,6,2,4
Уставок,soulflayer,192,warlock,destruction,6,2,4
Öhö,blackrock,192,warlock,destruction,6,2,4
Cosec,silvermoon,192,warlock,destruction,6,2,4
Shuggul,draenor,192,warlock,destruction,6,2,4
Piouturass,hyjal,192,warlock,destruction,6,2,4
Seagelock,silvermoon,192,warlock,destruction,6,2,4
Raddock,ysondre,192,warlock,destruction,6,2,4
Ravendoor,grim-batol,192,warlock,destruction,6,2,4
Avati,sargeras,192,warlock,destruction,6,2,4
Colevid,blackmoore,192,warlock,destruction,6,2,4
Warlockxx,ravencrest,192,warlock,destruction,6,2,4
Houndread,kazzak,192,warlock,destruction,6,2,4
Nerflocks,aggra-português,192,warlock,destruction,6,2,4
Selur,ragnaros,192,warlock,destruction,6,2,4
Lokmonji,perenolde,192,warlock,destruction,6,2,4
Degdeehei,draenor,192,warlock,destruction,6,2,4
Horridum,draenor,192,warlock,destruction,6,2,4
Æyna,thrall,192,warlock,destruction,6,2,4
Prydzor,archimonde,192,warlock,destruction,6,2,4
Muninnus,archimonde,192,warlock,destruction,6,2,4
Whydidudotha,ravencrest,192,warlock,destruction,6,2,4
Melow,sanguino,192,warlock,destruction,6,2,4
Elfex,ragnaros,192,warlock,destruction,6,2,4
Kabowie,twisting-nether,192,warlock,destruction,6,2,4
Werkx,archimonde,192,warlock,destruction,6,2,4
Mákas,draenor,192,warlock,destruction,6,2,4
Vextalock,drakthul,192,warlock,destruction,6,2,4
Zmataryn,doomhammer,192,warlock,destruction,6,2,4
Siìre,ravencrest,192,warlock,destruction,6,2,4
Saabnoolock,ragnaros,192,warlock,destruction,6,2,4
Daeneerys,skullcrusher,192,warlock,destruction,6,2,4
Ívânguldán,twisting-nether,192,warlock,destruction,6,2,4
Bulgyeøng,archimonde,192,warlock,destruction,6,2,4
Zagana,neptulon,192,warlock,destruction,6,2,4
Шэдоубёрн,soulflayer,192,warlock,destruction,6,2,4
Smoulville,sanguino,192,warlock,destruction,6,2,4
Guldän,quelthalas,192,warlock,destruction,6,2,4
Kotihoitaja,stormreaver,192,warlock,destruction,6,2,4
Laynih,blackrock,192,warlock,destruction,6,2,4
Kedrat,die-aldor,192,warlock,destruction,6,2,4
Cindela,eredar,192,warlock,destruction,6,2,4
Benztruck,blackhand,192,warlock,destruction,6,2,4
Belzedan,blackrock,192,warlock,destruction,6,2,4
Hodille,argent-dawn,192,warlock,destruction,6,2,4
Майдум,soulflayer,192,warlock,destruction,6,2,4
Yourdeaath,ravencrest,192,warlock,destruction,6,2,4
Zigfipszen,blackmoore,192,warlock,destruction,6,2,4
Velativ,silvermoon,192,warlock,destruction,6,2,4
Boohyakka,tarren-mill,192,warlock,destruction,6,2,4
Guldãn,silvermoon,192,warlock,destruction,6,2,4
Creamcleaner,tarren-mill,192,warlock,destruction,6,2,4
Zkrwl,kazzak,192,warlock,destruction,6,2,4
Cptdotalot,tarren-mill,192,warlock,destruction,6,2,4
Haxs,ravencrest,192,warlock,destruction,6,2,4
Prestige,nemesis,192,warlock,destruction,6,2,4
Мерседэсс,gordunni,192,warlock,destruction,6,2,4
Хашонмвп,gordunni,192,warlock,destruction,6,2,4
Negoda,defias-brotherhood,192,warlock,destruction,6,2,4
Lightswitchz,ravencrest,192,warlock,destruction,6,2,4
Олимта,blackscar,192,warlock,destruction,6,2,4
Tolgaa,draenor,192,warlock,destruction,6,2,4
Bloodysûgar,blackmoore,192,warlock,destruction,6,2,4
Kleing,dragonblight,192,warlock,destruction,6,2,4
Splojf,the-maelstrom,192,warlock,destruction,6,2,4
Tragus,ghostlands,192,warlock,destruction,6,2,4
Grandulf,ravencrest,192,warlock,destruction,6,2,4
Pederlock,defias-brotherhood,192,warlock,destruction,6,2,4
Levitibus,argent-dawn,192,warlock,destruction,6,2,4
Hheavens,ragnaros,192,warlock,destruction,6,2,4
Sargal,sylvanas,192,warlock,destruction,6,2,4
Faustes,alakir,192,warlock,destruction,6,2,4
Kontanthjælp,tarren-mill,192,warlock,destruction,6,2,4
Емс,gordunni,192,warlock,destruction,6,2,4
Schöp,der-rat-von-dalaran,192,warlock,destruction,6,2,4
Lokicica,karazhan,192,warlock,destruction,6,2,4
Sinlockz,tarren-mill,192,warlock,destruction,6,2,4
Нагибатель,howling-fjord,192,warlock,destruction,6,2,4
Locknroll,terokkar,192,warlock,destruction,6,2,4
Валак,greymane,192,warlock,destruction,6,2,4
Евнухоидизм,gordunni,192,warlock,destruction,6,2,4
Nâzgrel,tarren-mill,192,warlock,destruction,6,2,4
Rojas,trollbane,192,warlock,destruction,6,2,4
Darthvder,sylvanas,192,warlock,destruction,6,2,4
Thîras,tarren-mill,192,warlock,destruction,7,2,5
Dededimons,stormscale,192,warlock,destruction,8,2,6
Kokainas,dun-modr,192,warlock,destruction,12,2,10
Srhal,blackmoore,192,warlock,destruction,12,2,10
Nazmordith,argent-dawn,192,warlock,destruction,12,2,10
Titoss,archimonde,192,warlock,destruction,12,2,10
Línkéd,blackmoore,192,warlock,destruction,12,2,10
Нэйрокризиз,howling-fjord,192,warlock,destruction,12,2,10
Kopfkissen,azshara,192,warlock,destruction,12,2,10
Amnésïa,eldrethalas,192,warlock,destruction,12,2,10
Agathaharkne,minahonda,192,warlock,destruction,12,2,10
Easybolt,blackrock,192,warlock,destruction,12,2,10
Àbraxàs,nemesis,192,warlock,destruction,12,2,10
Nimwyn,argent-dawn,192,warlock,destruction,12,2,10
Punishteens,blackmoore,192,warlock,destruction,12,2,10
Мглавечная,soulflayer,192,warlock,destruction,12,2,10
Zùrghan,elune,191,warlock,destruction,4,3,1
Vraduk,malygos,191,warlock,destruction,6,2,4
Karjarock,hyjal,191,warlock,destruction,12,2,10
Helikopter,shattered-hand,175,warlock,destruction,6,3,3
Lockbubs,draenor,175,warlock,destruction,11,2,9
Pewnedmpx,archimonde,159,warlock,destruction,5,2,3
Dony,dun-morogh,159,warlock,destruction,5,2,3
Jiltoks,blackmoore,159,warlock,destruction,5,2,3
Lemonzx,stormscale,159,warlock,destruction,5,2,3
Hp,ysondre,159,warlock,destruction,5,2,3
Grimlòck,antonidas,159,warlock,destruction,5,2,3
Vahk,uldum,138,warlock,destruction,7,3,4
Rb,anachronos,138,warlock,destruction,8,3,5
Hhogyoku,dentarg,138,warlock,destruction,10,3,7
Cooldowns,ravencrest,136,warlock,destruction,13,4,9
Llilithh,draenor,128,warlock,destruction,4,2,2
Delen,ravencrest,128,warlock,destruction,4,2,2
Перегном,blackscar,127,warlock,destruction,8,2,6
Mqsxw,stormscale,112,warlock,destruction,7,2,5
Mulimarus,die-todeskrallen,96,warlock,destruction,3,2,1
Dannyboi,drakthul,96,warlock,destruction,3,2,1
Âkâl,ravencrest,96,warlock,destruction,3,2,1
Mergon,ravencrest,96,warlock,destruction,3,2,1
Иммолэйтх,gordunni,96,warlock,destruction,6,1,5
Ackorax,kilrogg,96,warlock,destruction,6,1,5
Lomendro,blackmoore,96,warlock,destruction,6,1,5
Daemonic,shattered-hand,96,warlock,destruction,6,1,5
Mursha,auchindoun,96,warlock,destruction,6,1,5
Azgaroth,kazzak,96,warlock,destruction,6,1,5
Aenygma,jaedenar,96,warlock,destruction,6,1,5
Fuglylock,the-maelstrom,96,warlock,destruction,6,1,5
Trinox,teldrassil,96,warlock,destruction,6,1,5
Камнилока,booty-bay,96,warlock,destruction,6,1,5
Маверрикк,gordunni,96,warlock,destruction,6,1,5
Tanatos,tarren-mill,96,warlock,destruction,6,1,5
Язлаякиска,soulflayer,96,warlock,destruction,6,1,5
Eleriya,argent-dawn,96,warlock,destruction,6,1,5
Wt,twisting-nether,96,warlock,destruction,6,1,5
Walchia,kazzak,96,warlock,destruction,6,1,5
Стоишьвфире,gordunni,96,warlock,destruction,6,1,5
Mortvivants,kirin-tor,96,warlock,destruction,6,1,5
Musallat,argent-dawn,96,warlock,destruction,6,1,5
Elnïa,conseil-des-ombres,96,warlock,destruction,6,1,5
Neuth,draenor,96,warlock,destruction,6,1,5
Tiig,blackrock,96,warlock,destruction,6,1,5
Gulzgan,kazzak,96,warlock,destruction,6,1,5
Satânius,les-sentinelles,96,warlock,destruction,6,1,5
Indifférence,archimonde,96,warlock,destruction,6,1,5
Lilskunk,draenor,96,warlock,destruction,6,1,5
Thaliä,tarren-mill,96,warlock,destruction,6,1,5
Kærastan,sylvanas,96,warlock,destruction,6,1,5
Utuklululu,archimonde,96,warlock,destruction,6,1,5
Tropìcal,grim-batol,96,warlock,destruction,6,1,5
Bytethisx,aggra-português,96,warlock,destruction,6,1,5
Redî,kazzak,96,warlock,destruction,6,1,5
Chaostheory,stormscale,96,warlock,destruction,6,1,5
Nulo,aggra-português,96,warlock,destruction,6,1,5
Empod,ragnaros,96,warlock,destruction,6,1,5
Shompaqzan,kazzak,96,warlock,destruction,6,1,5
Raest,arygos,96,warlock,destruction,6,1,5
Krabauf,eredar,96,warlock,destruction,6,1,5
Bigbabalock,frostwolf,96,warlock,destruction,6,1,5
Chaotick,bronze-dragonflight,96,warlock,destruction,6,1,5
Ramuhn,antonidas,96,warlock,destruction,6,1,5
Ariyala,alleria,96,warlock,destruction,6,1,5
Dalfgan,wildhammer,96,warlock,destruction,6,1,5
Puiia,draenor,96,warlock,destruction,6,1,5
Yerslock,twisting-nether,96,warlock,destruction,6,1,5
Kneereap,antonidas,96,warlock,destruction,6,1,5
Армдэд,galakrond,96,warlock,destruction,6,1,5
Snollerboy,antonidas,96,warlock,destruction,6,1,5
Pichwise,draenor,96,warlock,destruction,6,1,5
Növnöv,madmortem,96,warlock,destruction,6,1,5
Xanth,eldrethalas,96,warlock,destruction,6,1,5
Dabezdwl,outland,96,warlock,destruction,6,1,5
Seriasa,blackmoore,96,warlock,destruction,6,1,5
Gothgul,sanguino,96,warlock,destruction,6,1,5
Киёкка,howling-fjord,96,warlock,destruction,6,1,5
Shallän,dun-modr,96,warlock,destruction,6,1,5
Hørcrux,ravencrest,96,warlock,destruction,6,1,5
Czteryka,silvermoon,96,warlock,destruction,6,1,5
Deamions,ravencrest,96,warlock,destruction,6,1,5
Сквиртонитх,howling-fjord,96,warlock,destruction,6,1,5
Matheus,zenedar,96,warlock,destruction,6,1,5
Mahishi,ravencrest,96,warlock,destruction,6,1,5
Rigour,silvermoon,96,warlock,destruction,6,1,5
Malagate,sylvanas,96,warlock,destruction,12,1,11
Democraft,the-maelstrom,96,warlock,destruction,12,1,11
Keilahkang,aerie-peak,96,warlock,destruction,12,1,11
Wuahlock,doomhammer,96,warlock,destruction,12,1,11
Alithia,sylvanas,96,warlock,destruction,12,1,11
Grêenbull,eredar,96,warlock,destruction,15,1,14
Magosnik,archimonde,79,warlock,destruction,5,1,4
Néca,blackmoore,64,warlock,destruction,4,1,3
Weexi,kazzak,63,warlock,destruction,2,2,0
Craynos,die-arguswacht,63,warlock,destruction,2,2,0
Coblac,outland,48,warlock,destruction,3,1,2
Ruvy,twisting-nether,48,warlock,destruction,3,1,2
Anthor,tarren-mill,42,warlock,destruction,8,2,6
Obichamcici,tarren-mill,42,warlock,destruction,8,2,6
Stonedup,alonsus,42,warlock,destruction,8,2,6
Zuldiá,stormscale,32,warlock,destruction,2,2,0
Chandelierh,kazzak,31,warlock,destruction,2,1,1
Reconnected,drakthul,31,warlock,destruction,2,1,1
Orkamorfin,silvermoon,16,warlock,destruction,1,1,0
Kemmler,steamwheedle-cartel,16,warlock,destruction,1,1,0
Langneur,ysondre,2225,warlock,affliction,102,56,46
Bualock,sylvanas,2167,warlock,affliction,84,52,32
Tágsy,ravencrest,2130,warlock,affliction,90,47,43
Micol,doomhammer,2035,warlock,affliction,78,39,39
Arukekz,blackmoore,2022,warlock,affliction,78,40,38
Kärme,archimonde,2017,warlock,affliction,263,136,127
Southylolz,stormscale,2015,warlock,affliction,71,36,35
Darksooul,xavius,1987,warlock,affliction,60,38,22
Chobitas,ravencrest,1975,warlock,affliction,96,48,48
Härèsß,dun-modr,1967,warlock,affliction,78,43,35
Nickrosh,terokkar,1945,warlock,affliction,60,36,24
Garebigger,blackrock,1944,warlock,affliction,102,49,53
Kaspersdame,ravencrest,1932,warlock,affliction,120,60,60
Southyx,stormscale,1928,warlock,affliction,77,40,37
Qyburn,drekthar,1923,warlock,affliction,66,40,26
Southy,stormscale,1918,warlock,affliction,48,25,23
Kasoy,doomhammer,1911,warlock,affliction,103,58,45
Southylol,stormscale,1892,warlock,affliction,66,34,32
Infernion,stormscale,1891,warlock,affliction,51,33,18
Nesme,sylvanas,1890,warlock,affliction,59,28,31
Gulzot,turalyon,1866,warlock,affliction,71,37,34
Steckenpferd,blackmoore,1862,warlock,affliction,42,24,18
Plsdîe,twisting-nether,1862,warlock,affliction,65,37,28
Perpetual,eredar,1857,warlock,affliction,42,23,19
Gezer,tarren-mill,1849,warlock,affliction,86,47,39
Skrumpis,draenor,1848,warlock,affliction,113,57,56
Блудгэнг,blackscar,1847,warlock,affliction,48,21,27
Angryfránk,outland,1842,warlock,affliction,143,69,74
Cassen,outland,1833,warlock,affliction,60,31,29
Пчелокнижник,howling-fjord,1831,warlock,affliction,42,25,17
Mediumpotato,blackhand,1824,warlock,affliction,48,26,22
Rutena,ravencrest,1823,warlock,affliction,60,31,29
Hædês,antonidas,1823,warlock,affliction,54,27,27
Xvq,twisting-nether,1819,warlock,affliction,106,67,39
Infïnitýx,silvermoon,1814,warlock,affliction,77,42,35
Nightìngale,silvermoon,1808,warlock,affliction,92,51,41
Xfz,stormscale,1808,warlock,affliction,84,46,38
Alliyâh,archimonde,1806,warlock,affliction,89,40,49
Monsterz,archimonde,1801,warlock,affliction,88,47,41
Celebí,blackmoore,1796,warlock,affliction,30,19,11
Mïta,hyjal,1788,warlock,affliction,36,19,17
Wldot,ravencrest,1786,warlock,affliction,36,23,13
Bankstair,stormscale,1779,warlock,affliction,105,58,47
Fruits,ysondre,1764,warlock,affliction,47,21,26
Fsandtwo,ravencrest,1755,warlock,affliction,48,25,23
Malddog,turalyon,1750,warlock,affliction,66,40,26
Debz,twisting-nether,1725,warlock,affliction,84,49,35
Trâshxd,sanguino,1719,warlock,affliction,66,42,24
Zodiiacc,ravencrest,1712,warlock,affliction,48,23,25
Sad,lightnings-blade,1711,warlock,affliction,58,21,37
Oldboy,auchindoun,1705,warlock,affliction,30,19,11
Neoe,stormscale,1705,warlock,affliction,84,42,42
Graveflesh,burning-blade,1700,warlock,affliction,191,93,98
Modernmisery,kazzak,1697,warlock,affliction,90,49,41
Limoges,archimonde,1692,warlock,affliction,36,23,13
Vasileon,stormscale,1687,warlock,affliction,42,27,15
Methroz,burning-legion,1680,warlock,affliction,48,25,23
Bäle,stormreaver,1677,warlock,affliction,30,20,10
Fear,auchindoun,1676,warlock,affliction,41,22,19
Vîmø,antonidas,1658,warlock,affliction,96,53,43
Dondot,frostmane,1657,warlock,affliction,42,28,14
Emreys,argent-dawn,1656,warlock,affliction,139,73,66
Magonyth,tarren-mill,1650,warlock,affliction,29,18,11
Архкингсдум,galakrond,1648,warlock,affliction,46,19,27
Nekrosd,tarren-mill,1639,warlock,affliction,36,22,14
Acentro,stormscale,1633,warlock,affliction,30,23,7
Getfaked,nordrassil,1621,warlock,affliction,30,17,13
Prelest,arathor,1620,warlock,affliction,24,17,7
Винстролман,blackscar,1615,warlock,affliction,60,45,15
Htaedfo,tarren-mill,1612,warlock,affliction,60,34,26
Mîná,ravencrest,1607,warlock,affliction,51,30,21
Асальвэйд,gordunni,1600,warlock,affliction,58,32,26
Shayexen,tarren-mill,1596,warlock,affliction,47,28,19
Ремайка,gordunni,1593,warlock,affliction,123,62,61
Ржоммба,soulflayer,1588,warlock,affliction,60,34,26
Termss,ravencrest,1581,warlock,affliction,158,82,76
Ketzu,hyjal,1569,warlock,affliction,112,54,58
Jlcreverso,eredar,1563,warlock,affliction,28,18,10
Сзот,howling-fjord,1561,warlock,affliction,36,18,18
Прогнившая,blackscar,1559,warlock,affliction,79,51,28
Ascètic,kazzak,1557,warlock,affliction,48,26,22
Trevium,nemesis,1555,warlock,affliction,76,43,33
Smøkê,tarren-mill,1555,warlock,affliction,214,116,98
Lollock,teldrassil,1549,warlock,affliction,24,17,7
Yosiya,draenor,1546,warlock,affliction,69,34,35
Rottndot,stormscale,1541,warlock,affliction,60,31,29
Osyx,ravencrest,1534,warlock,affliction,30,16,14
Magonyth,ravencrest,1533,warlock,affliction,24,16,8
Itiswhatitis,ravencrest,1532,warlock,affliction,36,16,20
Vregor,twisting-nether,1527,warlock,affliction,28,17,11
Wezen,stormscale,1516,warlock,affliction,77,44,33
Nightsnake,deathwing,1516,warlock,affliction,114,50,64
Dezznut,blackhand,1512,warlock,affliction,53,30,23
Hivxherpes,ravencrest,1505,warlock,affliction,78,38,40
Olympïe,archimonde,1500,warlock,affliction,42,17,25
Gneticz,aegwynn,1499,warlock,affliction,30,18,12
Drekkrog,chogall,1490,warlock,affliction,30,16,14
Zakuri,blackmoore,1487,warlock,affliction,42,30,12
Zetsubo,drakthul,1487,warlock,affliction,83,47,36
Боризыч,gordunni,1487,warlock,affliction,125,67,58
Zèlêph,archimonde,1483,warlock,affliction,24,19,5
Exorbïtant,blackrock,1477,warlock,affliction,150,76,74
Лысыйлокоть,soulflayer,1475,warlock,affliction,36,18,18
Mty,bronze-dragonflight,1475,warlock,affliction,105,51,54
Lucîfear,silvermoon,1470,warlock,affliction,103,60,43
Spiritawayx,lightbringer,1467,warlock,affliction,24,18,6
Floron,silvermoon,1465,warlock,affliction,67,33,34
Сайденас,gordunni,1461,warlock,affliction,35,16,19
Адоха,howling-fjord,1460,warlock,affliction,42,22,20
Titoss,archimonde,1451,warlock,affliction,78,40,38
Nerfwarriors,stormscale,1450,warlock,affliction,24,17,7
Potterhotter,outland,1446,warlock,affliction,57,30,27
Belíos,stormscale,1445,warlock,affliction,39,24,15
Gaminex,kazzak,1443,warlock,affliction,66,33,33
Soezzlock,archimonde,1440,warlock,affliction,111,58,53
Azurma,tarren-mill,1439,warlock,affliction,24,15,9
Dispellthat,burning-legion,1438,warlock,affliction,31,16,15
Ebolara,aegwynn,1427,warlock,affliction,47,23,24
Нафлэпил,gordunni,1425,warlock,affliction,59,32,27
Apokalyps,eldrethalas,1423,warlock,affliction,238,125,113
Marklock,drakthul,1412,warlock,affliction,60,37,23
Talt,dalaran,1406,warlock,affliction,56,34,22
Oarz,blackrock,1387,warlock,affliction,30,15,15
Äsmødée,dalaran,1381,warlock,affliction,137,67,70
Колдунишка,fordragon,1380,warlock,affliction,89,55,34
Depresive,aggra-português,1380,warlock,affliction,101,54,47
Kavalierr,stormscale,1377,warlock,affliction,70,35,35
Teddyruineur,khaz-modan,1376,warlock,affliction,42,25,17
Rottenbooty,argent-dawn,1374,warlock,affliction,30,15,15
Lánfeár,draenor,1372,warlock,affliction,127,61,66
Zêngâ,kazzak,1370,warlock,affliction,36,18,18
Nate,stormscale,1370,warlock,affliction,52,23,29
Infectius,kazzak,1367,warlock,affliction,61,30,31
Délidumrul,stormscale,1364,warlock,affliction,30,20,10
Axapnon,ragnaros,1364,warlock,affliction,117,53,64
Øprøx,sanguino,1356,warlock,affliction,17,15,2
Nîghtmare,outland,1353,warlock,affliction,35,20,15
Jegfaller,wildhammer,1346,warlock,affliction,66,35,31
Whaii,ravencrest,1339,warlock,affliction,24,14,10
Anabolicbaby,draenor,1339,warlock,affliction,27,15,12
Degdeehei,draenor,1339,warlock,affliction,58,30,28
Itsfiftycent,outland,1337,warlock,affliction,66,36,30
Orsoyopoyo,nemesis,1334,warlock,affliction,18,14,4
Gryme,dalaran,1333,warlock,affliction,66,27,39
Лейссина,eversong,1327,warlock,affliction,89,43,46
Sublînê,blackmoore,1325,warlock,affliction,42,16,26
Themits,executus,1314,warlock,affliction,34,15,19
Phelola,sylvanas,1312,warlock,affliction,36,17,19
Dracsu,dun-modr,1309,warlock,affliction,96,45,51
Tarilinwelli,les-sentinelles,1307,warlock,affliction,88,48,40
Sleethy,destromath,1306,warlock,affliction,36,18,18
Nihale,arakarahm,1304,warlock,affliction,64,29,35
Gash,malganis,1298,warlock,affliction,91,44,47
Сентимент,gordunni,1298,warlock,affliction,36,14,22
Katâra,tarren-mill,1297,warlock,affliction,32,15,17
Перегном,blackscar,1296,warlock,affliction,48,21,27
Bästkusten,kazzak,1294,warlock,affliction,28,16,12
Solitariøus,arathi,1283,warlock,affliction,24,15,9
Voost,aegwynn,1275,warlock,affliction,43,15,28
Pcbbwarlock,sylvanas,1269,warlock,affliction,139,75,64
Kakiamagisa,twisting-nether,1267,warlock,affliction,30,19,11
Warlokk,tarren-mill,1263,warlock,affliction,72,34,38
Diseez,bronzebeard,1262,warlock,affliction,45,24,21
Mooncrásh,blackrock,1261,warlock,affliction,66,32,34
Vaukras,stormscale,1251,warlock,affliction,50,25,25
Стафилокок,deepholm,1248,warlock,affliction,36,19,17
Mayline,kult-der-verdammten,1245,warlock,affliction,24,14,10
Fearing,malganis,1239,warlock,affliction,30,13,17
Sïeur,archimonde,1238,warlock,affliction,24,13,11
Kerthan,malorne,1237,warlock,affliction,68,31,37
Ukicha,burning-blade,1234,warlock,affliction,36,15,21
Hiimsûso,dun-modr,1231,warlock,affliction,29,16,13
Сартеккс,gordunni,1228,warlock,affliction,18,13,5
Dotieks,draenor,1228,warlock,affliction,114,58,56
Soultire,ravencrest,1227,warlock,affliction,66,29,37
Slf,the-maelstrom,1222,warlock,affliction,19,14,5
Nexyra,silvermoon,1216,warlock,affliction,130,63,67
Swagzz,silvermoon,1215,warlock,affliction,54,31,23
Локистраик,borean-tundra,1214,warlock,affliction,47,19,28
Robodot,eredar,1211,warlock,affliction,24,13,11
Tiwtera,draenor,1211,warlock,affliction,30,13,17
Xerxia,blackrock,1205,warlock,affliction,42,25,17
Etsanctum,blackmoore,1204,warlock,affliction,42,14,28
Pokifanone,tarren-mill,1198,warlock,affliction,23,13,10
Âkâl,ravencrest,1194,warlock,affliction,23,13,10
Kyiüû,archimonde,1194,warlock,affliction,27,14,13
Qena,outland,1194,warlock,affliction,36,15,21
Malagate,sylvanas,1190,warlock,affliction,42,17,25
Sunetta,silvermoon,1182,warlock,affliction,68,34,34
Walchia,kazzak,1178,warlock,affliction,77,42,35
Mæphysto,blackrock,1174,warlock,affliction,29,16,13
Huaian,darksorrow,1170,warlock,affliction,56,26,30
Roglash,eredar,1169,warlock,affliction,36,16,20
Blackmagic,stormscale,1168,warlock,affliction,66,33,33
Gamunkul,destromath,1155,warlock,affliction,49,17,32
Yamadea,stormscale,1151,warlock,affliction,18,12,6
Sehk,stormreaver,1151,warlock,affliction,18,12,6
Toppluva,shattered-hand,1151,warlock,affliction,21,13,8
Xskyrov,blackmoore,1151,warlock,affliction,24,12,12
Darkrorr,drakthul,1150,warlock,affliction,24,12,12
Ketem,zuljin,1148,warlock,affliction,36,15,21
Cdztuwu,outland,1147,warlock,affliction,18,12,6
Dhraven,thrall,1145,warlock,affliction,75,35,40
Trinox,teldrassil,1144,warlock,affliction,24,15,9
Suskive,kaelthas,1141,warlock,affliction,24,12,12
Zeotrixie,stormscale,1138,warlock,affliction,24,12,12
Томрэдл,howling-fjord,1134,warlock,affliction,138,68,70
Yahata,nethersturm,1133,warlock,affliction,24,15,9
Requeims,outland,1119,warlock,affliction,22,12,10
Nydek,cthun,1116,warlock,affliction,30,13,17
Squadala,kaelthas,1115,warlock,affliction,30,15,15
Slowfatlock,ravencrest,1115,warlock,affliction,24,12,12
Draklack,turalyon,1115,warlock,affliction,48,22,26
Felboar,quelthalas,1113,warlock,affliction,24,15,9
Cokoladuocka,silvermoon,1107,warlock,affliction,42,18,24
Cahoa,archimonde,1093,warlock,affliction,39,17,22
Горенджо,eversong,1092,warlock,affliction,26,13,13
Cutt,chogall,1090,warlock,affliction,47,23,24
Fraky,frostwhisper,1087,warlock,affliction,23,16,7
Сувала,soulflayer,1082,warlock,affliction,17,12,5
Diegomojes,silvermoon,1080,warlock,affliction,98,53,45
Favris,antonidas,1073,warlock,affliction,92,45,47
Auxi,the-maelstrom,1067,warlock,affliction,25,15,10
Rhyana,sylvanas,1065,warlock,affliction,28,12,16
ßualock,sylvanas,1056,warlock,affliction,18,11,7
Рашчер,gordunni,1056,warlock,affliction,24,11,13
Дотдозор,howling-fjord,1051,warlock,affliction,24,11,13
Venoc,kazzak,1039,warlock,affliction,54,28,26
Vahgaz,burning-legion,1038,warlock,affliction,71,34,37
Selenene,norgannon,1036,warlock,affliction,51,25,26
Gate,blackrock,1022,warlock,affliction,17,11,6
Олдриг,ashenvale,1013,warlock,affliction,39,18,21
Xlara,argent-dawn,1010,warlock,affliction,94,44,50
Skufi,uldum,1004,warlock,affliction,42,20,22
Sovrìn,blackrock,1002,warlock,affliction,23,11,12
Yokûjin,twisting-nether,1002,warlock,affliction,31,12,19
Dannyel,mazrigos,996,warlock,affliction,24,12,12
Ladodida,darkspear,993,warlock,affliction,18,11,7
Бестий,fordragon,989,warlock,affliction,14,11,3
Brítneyfears,azjolnerub,986,warlock,affliction,17,11,6
Bluenote,colinas-pardas,972,warlock,affliction,42,20,22
Шайтанарба,blackscar,971,warlock,affliction,24,14,10
Qullnius,kazzak,971,warlock,affliction,34,12,22
Fealer,magtheridon,968,warlock,affliction,136,67,69
Peonpedro,malganis,960,warlock,affliction,12,10,2
Murdee,kazzak,960,warlock,affliction,18,10,8
Dreamnyâsha,tarren-mill,960,warlock,affliction,18,10,8
Thereya,dun-morogh,960,warlock,affliction,18,10,8
Hannen,blackrock,959,warlock,affliction,24,10,14
Drstyx,anetheron,959,warlock,affliction,30,10,20
Zeinth,sanguino,958,warlock,affliction,18,10,8
Flyps,stormscale,958,warlock,affliction,18,10,8
Коплюнапони,blackscar,958,warlock,affliction,18,10,8
Vivek,grim-batol,957,warlock,affliction,24,10,14
Yowifeinmedm,draenor,957,warlock,affliction,30,10,20
Снэйк,deathguard,956,warlock,affliction,18,10,8
Brustlino,nemesis,955,warlock,affliction,18,10,8
Møärdötd,aggra-português,955,warlock,affliction,18,10,8
Shakuroz,frostwolf,955,warlock,affliction,22,11,11
Sylrathas,burning-legion,953,warlock,affliction,24,10,14
Carlman,hyjal,940,warlock,affliction,18,10,8
Darkháte,blackhand,936,warlock,affliction,18,10,8
Richrichy,outland,921,warlock,affliction,36,15,21
Слававдвх,blackscar,914,warlock,affliction,53,25,28
Letoupet,la-croisade-écarlate,904,warlock,affliction,42,21,21
Oonz,sylvanas,895,warlock,affliction,50,25,25
Nukeem,karazhan,869,warlock,affliction,109,50,59
Boogeyboyx,stormscale,864,warlock,affliction,12,9,3
Парачо,eversong,864,warlock,affliction,12,9,3
Mowxll,blackrock,864,warlock,affliction,18,9,9
Gøzù,antonidas,864,warlock,affliction,18,9,9
Císuh,stormreaver,863,warlock,affliction,12,9,3
Mortvivants,kirin-tor,863,warlock,affliction,12,9,3
Mundunugu,sanguino,863,warlock,affliction,18,9,9
Mykóla,terokkar,863,warlock,affliction,18,9,9
Gaargamelo,blackmoore,863,warlock,affliction,24,9,15
Bh,ragnaros,862,warlock,affliction,18,9,9
Esmuel,argent-dawn,862,warlock,affliction,18,9,9
Aagon,antonidas,862,warlock,affliction,24,9,15
Hitomitanaká,kazzak,862,warlock,affliction,28,9,19
Ívânguldán,twisting-nether,861,warlock,affliction,12,9,3
Zelhala,draenor,861,warlock,affliction,18,9,9
Clungesuck,argent-dawn,861,warlock,affliction,18,9,9
Mumutoaster,blackrock,860,warlock,affliction,12,9,3
Graell,drakthul,860,warlock,affliction,12,9,3
Actelia,the-venture-co,860,warlock,affliction,20,9,11
Deathpoid,draenor,860,warlock,affliction,24,9,15
Izyguldamn,blackmoore,860,warlock,affliction,36,9,27
Blaizen,outland,859,warlock,affliction,18,9,9
Iml,grim-batol,859,warlock,affliction,28,10,18
Gulgash,blackrock,854,warlock,affliction,18,9,9
Iyna,blackmoore,853,warlock,affliction,18,9,9
Alithia,sylvanas,851,warlock,affliction,12,9,3
Sinsemilla,kazzak,846,warlock,affliction,18,9,9
Luckriel,draenor,839,warlock,affliction,18,9,9
Shazem,tarren-mill,830,warlock,affliction,23,9,14
Lockwkrok,burning-legion,805,warlock,affliction,28,10,18
Pipêz,blackmoore,795,warlock,affliction,28,9,19
Sakkrethxd,hyjal,768,warlock,affliction,12,8,4
Noxtarius,thrall,768,warlock,affliction,12,8,4
Rudikiaz,sanguino,768,warlock,affliction,18,8,10
Jinchi,outland,767,warlock,affliction,18,8,10
Dreggsow,blackmoore,767,warlock,affliction,24,8,16
Dondada,aggra-português,766,warlock,affliction,18,8,10
Deamheòlas,ravencrest,765,warlock,affliction,18,8,10
Hacklock,silvermoon,764,warlock,affliction,18,8,10
Hòbó,outland,764,warlock,affliction,18,8,10
Promethazine,nemesis,764,warlock,affliction,18,8,10
Hatenkou,silvermoon,764,warlock,affliction,18,8,10
Tzimice,hyjal,763,warlock,affliction,18,8,10
Matheus,zenedar,763,warlock,affliction,18,8,10
Bu,zirkel-des-cenarius,762,warlock,affliction,12,8,4
Аксиманд,howling-fjord,762,warlock,affliction,12,8,4
Savith,defias-brotherhood,721,warlock,affliction,24,8,16
Diwi,area-52,718,warlock,affliction,72,23,49
Langneur,archimonde,672,warlock,affliction,12,7,5
Консидёро,gordunni,672,warlock,affliction,12,7,5
Kimkold,twisting-nether,672,warlock,affliction,12,7,5
Purplemafia,burning-blade,672,warlock,affliction,12,7,5
Gnargamehl,nemesis,672,warlock,affliction,12,7,5
Ilikebolts,blackmoore,672,warlock,affliction,12,7,5
Mønarch,argent-dawn,672,warlock,affliction,18,7,11
Tanón,sanguino,672,warlock,affliction,18,7,11
Мрорбит,howling-fjord,672,warlock,affliction,18,7,11
Кокобан,howling-fjord,672,warlock,affliction,18,7,11
Dxz,silvermoon,672,warlock,affliction,18,7,11
Муза,gordunni,672,warlock,affliction,18,7,11
Äri,blackmoore,671,warlock,affliction,12,7,5
Azalock,ragnaros,671,warlock,affliction,12,7,5
Yôi,nemesis,671,warlock,affliction,12,7,5
Whocarezlock,stormscale,671,warlock,affliction,18,7,11
Разъелвал,blackscar,670,warlock,affliction,12,7,5
Lockgamerx,ravencrest,670,warlock,affliction,12,7,5
Urssul,kazzak,670,warlock,affliction,12,7,5
Proctolock,garona,670,warlock,affliction,12,7,5
Grimréaper,outland,670,warlock,affliction,18,7,11
Eveline,onyxia,670,warlock,affliction,28,8,20
Greenlock,la-croisade-écarlate,668,warlock,affliction,12,7,5
Нэйрокризиз,howling-fjord,668,warlock,affliction,12,7,5
Дольпико,howling-fjord,665,warlock,affliction,12,7,5
Uthdae,archimonde,664,warlock,affliction,18,7,11
Nicetime,nefarian,663,warlock,affliction,18,7,11
Vinilio,kazzak,660,warlock,affliction,18,7,11
Krismer,silvermoon,618,warlock,affliction,19,8,11
Zevil,emerald-dream,576,warlock,affliction,12,6,6
Soffie,blackrock,576,warlock,affliction,12,6,6
Бенлоел,borean-tundra,576,warlock,affliction,12,6,6
Christoph,tichondrius,576,warlock,affliction,12,6,6
Нэрфир,soulflayer,576,warlock,affliction,12,6,6
Multibuyer,tarren-mill,576,warlock,affliction,12,6,6
Hasla,stormreaver,576,warlock,affliction,12,6,6
Dededot,ysondre,576,warlock,affliction,12,6,6
Dimmybyrger,stormreaver,576,warlock,affliction,12,6,6
Nicker,antonidas,576,warlock,affliction,12,6,6
Nineinchlock,silvermoon,576,warlock,affliction,12,6,6
Çüñ,shattered-hand,576,warlock,affliction,12,6,6
Snackstickz,twisting-nether,576,warlock,affliction,12,6,6
Shaarak,blackrock,576,warlock,affliction,12,6,6
Alcringe,kazzak,576,warlock,affliction,12,6,6
Aches,sylvanas,576,warlock,affliction,15,7,8
Kresyda,dun-modr,576,warlock,affliction,18,6,12
Дакиса,gordunni,576,warlock,affliction,24,6,18
Guccie,ravencrest,575,warlock,affliction,12,6,6
Talindra,stormscale,575,warlock,affliction,12,6,6
Saraconnor,burning-legion,575,warlock,affliction,12,6,6
Vladov,ravencrest,575,warlock,affliction,18,6,12
Toskanoamani,blackmoore,575,warlock,affliction,18,6,12
Lulokko,nemesis,574,warlock,affliction,18,6,12
Wedlock,stormscale,573,warlock,affliction,12,6,6
Глянемче,deathguard,573,warlock,affliction,12,6,6
Lökjävel,twisting-nether,572,warlock,affliction,12,6,6
Цветника,deathguard,569,warlock,affliction,12,6,6
Cencible,twisting-nether,564,warlock,affliction,16,9,7
Parley,frostmane,542,warlock,affliction,16,6,10
Мракодел,deathguard,539,warlock,affliction,10,7,3
Бриант,gordunni,512,warlock,affliction,22,6,16
Скверногрик,fordragon,511,warlock,affliction,10,6,4
Upsahl,twisting-nether,480,warlock,affliction,6,5,1
Ranchiëk,ravencrest,480,warlock,affliction,6,5,1
Uqrlock,twisting-nether,480,warlock,affliction,6,5,1
Saymore,ragnaros,480,warlock,affliction,6,5,1
Dualla,aegwynn,480,warlock,affliction,6,5,1
Pumpfake,ravencrest,480,warlock,affliction,12,5,7
Chaozvx,kazzak,480,warlock,affliction,12,5,7
Daubi,ravencrest,480,warlock,affliction,12,5,7
Chaøsbølt,archimonde,480,warlock,affliction,12,5,7
Kwoleriker,norgannon,480,warlock,affliction,12,5,7
Werkx,archimonde,480,warlock,affliction,12,5,7
Grimus,azuremyst,480,warlock,affliction,12,5,7
Wällaar,ragnaros,480,warlock,affliction,12,5,7
Bwc,aegwynn,480,warlock,affliction,12,5,7
Baz,anubarak,480,warlock,affliction,12,5,7
Druno,archimonde,480,warlock,affliction,12,5,7
Sesshouin,alakir,480,warlock,affliction,12,5,7
Hyøsei,hyjal,480,warlock,affliction,12,5,7
Exerji,twisting-nether,480,warlock,affliction,12,5,7
Ethiq,blackrock,480,warlock,affliction,12,5,7
Iatedora,ahnqiraj,480,warlock,affliction,12,5,7
Covidbolt,outland,480,warlock,affliction,12,5,7
Zukau,argent-dawn,480,warlock,affliction,12,5,7
Affllction,auchindoun,480,warlock,affliction,18,5,13
Wumz,sylvanas,480,warlock,affliction,18,5,13
Lókí,nagrand,479,warlock,affliction,6,5,1
Dreamage,exodar,479,warlock,affliction,12,5,7
Jacobí,defias-brotherhood,479,warlock,affliction,12,5,7
Demonflickan,silvermoon,479,warlock,affliction,12,5,7
Consfearacy,executus,479,warlock,affliction,18,5,13
Dótcom,draenor,478,warlock,affliction,12,5,7
Üserper,chamber-of-aspects,478,warlock,affliction,30,5,25
Hunbeliever,ragnaros,477,warlock,affliction,6,5,1
Principle,dunemaul,477,warlock,affliction,6,5,1
Lemuriel,arthas,477,warlock,affliction,16,5,11
Warlocker,anachronos,475,warlock,affliction,12,5,7
Ashgron,burning-legion,474,warlock,affliction,12,5,7
Arlu,blackrock,472,warlock,affliction,12,5,7
Nøx,quelthalas,447,warlock,affliction,9,6,3
Trythislock,crushridge,431,warlock,affliction,11,5,6
Márinho,aggra-português,426,warlock,affliction,14,6,8
Danidelarge,blackmoore,426,warlock,affliction,21,6,15
Migyardondup,exodar,416,warlock,affliction,14,6,8
Lazyblue,hyjal,415,warlock,affliction,14,5,9
Stromzii,silvermoon,400,warlock,affliction,7,5,2
Hazelock,draenor,384,warlock,affliction,6,4,2
Lockyy,karazhan,384,warlock,affliction,6,4,2
Wizdoom,outland,384,warlock,affliction,6,4,2
Дестроварлок,blackscar,384,warlock,affliction,6,4,2
Hopéléss,aggra-português,384,warlock,affliction,6,4,2
Solomohn,steamwheedle-cartel,384,warlock,affliction,6,4,2
Патокдрысни,howling-fjord,384,warlock,affliction,6,4,2
Ashhlock,silvermoon,384,warlock,affliction,6,4,2
Ашимал,soulflayer,384,warlock,affliction,6,4,2
Фейкгодх,soulflayer,384,warlock,affliction,6,4,2
Tekrowdy,blackmoore,384,warlock,affliction,6,4,2
Шизуи,borean-tundra,384,warlock,affliction,6,4,2
Heavylock,sylvanas,384,warlock,affliction,6,4,2
Diablotiin,hyjal,384,warlock,affliction,6,4,2
Adotroz,magtheridon,384,warlock,affliction,6,4,2
Helventti,sylvanas,384,warlock,affliction,6,4,2
Dotritos,tarren-mill,384,warlock,affliction,6,4,2
Friendlylock,quelthalas,384,warlock,affliction,6,4,2
Psychoduck,stormscale,384,warlock,affliction,7,4,3
Muninnus,archimonde,384,warlock,affliction,12,4,8
Zoh,archimonde,384,warlock,affliction,12,4,8
Сатенекс,soulflayer,384,warlock,affliction,12,4,8
Corbbolt,drakthul,384,warlock,affliction,12,4,8
Braneiotqq,kazzak,384,warlock,affliction,12,4,8
Zatella,ravencrest,384,warlock,affliction,12,4,8
Kyyuss,burning-legion,384,warlock,affliction,12,4,8
Samigina,argent-dawn,384,warlock,affliction,12,4,8
Mortibal,dalvengyr,384,warlock,affliction,12,4,8
Thepureone,blades-edge,384,warlock,affliction,12,4,8
Xyzzy,silvermoon,384,warlock,affliction,12,4,8
Doomkicksin,haomarush,384,warlock,affliction,12,4,8
Náwwk,blackmoore,384,warlock,affliction,12,4,8
Zeddy,draenor,384,warlock,affliction,12,4,8
Eleriya,argent-dawn,384,warlock,affliction,12,4,8
Maderaloco,silvermoon,384,warlock,affliction,12,4,8
Waryald,dun-modr,384,warlock,affliction,12,4,8
Sanas,blackhand,384,warlock,affliction,18,4,14
Nokzhul,blackrock,384,warlock,affliction,18,4,14
Roedin,tarren-mill,384,warlock,affliction,18,4,14
Lokic,draenor,384,warlock,affliction,18,4,14
Phéar,deathwing,383,warlock,affliction,6,4,2
Whisperswerd,blackrock,383,warlock,affliction,6,4,2
Divvaa,tarren-mill,383,warlock,affliction,12,4,8
Modéus,ysondre,383,warlock,affliction,12,4,8
Lünatix,archimonde,383,warlock,affliction,18,4,14
Аннирина,eversong,382,warlock,affliction,6,4,2
Sladurana,eredar,379,warlock,affliction,12,4,8
Gonzoqt,tarren-mill,352,warlock,affliction,10,5,5
Dotyboi,tarren-mill,351,warlock,affliction,8,5,3
Fearu,kazzak,336,warlock,affliction,15,4,11
Marakh,stormscale,320,warlock,affliction,10,4,6
Mjuklock,ravencrest,319,warlock,affliction,14,4,10
Demónfire,sylvanas,288,warlock,affliction,6,3,3
Veoxohr,argent-dawn,288,warlock,affliction,6,3,3
Slavecry,silvermoon,288,warlock,affliction,6,3,3
Babayagâ,sanguino,288,warlock,affliction,6,3,3
Xristianos,ravencrest,288,warlock,affliction,6,3,3
Madridistaß,outland,288,warlock,affliction,6,3,3
Sazamia,ravencrest,288,warlock,affliction,6,3,3
Demonoulis,bloodhoof,288,warlock,affliction,6,3,3
Dontargetme,draenor,288,warlock,affliction,6,3,3
Darkgrave,the-maelstrom,288,warlock,affliction,6,3,3
Zzooxx,silvermoon,288,warlock,affliction,6,3,3
Siyaa,eredar,288,warlock,affliction,6,3,3
Демоник,deathguard,288,warlock,affliction,6,3,3
Зензирил,galakrond,288,warlock,affliction,6,3,3
Beleghost,sylvanas,288,warlock,affliction,6,3,3
Smoulville,sanguino,288,warlock,affliction,6,3,3
Mariahscary,auchindoun,288,warlock,affliction,6,3,3
Zélroth,argent-dawn,288,warlock,affliction,6,3,3
Manikalinka,stormscale,288,warlock,affliction,6,3,3
Джастсак,gordunni,288,warlock,affliction,6,3,3
Imphugger,kazzak,288,warlock,affliction,6,3,3
Kitingguru,stormscale,288,warlock,affliction,6,3,3
Dubbzy,outland,288,warlock,affliction,6,3,3
Bakal,vashj,288,warlock,affliction,6,3,3
Nayolana,argent-dawn,288,warlock,affliction,6,3,3
Шрэкс,blackscar,288,warlock,affliction,6,3,3
Drainsouls,stormscale,288,warlock,affliction,6,3,3
Ðæthpäct,dalaran,288,warlock,affliction,6,3,3
Azmondan,ahnqiraj,288,warlock,affliction,6,3,3
Dxfive,tarren-mill,288,warlock,affliction,6,3,3
Demonologyz,ravencrest,288,warlock,affliction,6,3,3
Bigdamndots,twisting-nether,288,warlock,affliction,6,3,3
Датри,grom,288,warlock,affliction,6,3,3
Marenov,kazzak,288,warlock,affliction,6,3,3
Nybbx,frostmane,288,warlock,affliction,6,3,3
Darksoll,hyjal,288,warlock,affliction,6,3,3
Drozhna,kaelthas,288,warlock,affliction,6,3,3
Eldrinar,twisting-nether,288,warlock,affliction,6,3,3
Полтарашкаа,blackscar,288,warlock,affliction,6,3,3
Kenthal,nemesis,288,warlock,affliction,6,3,3
Kumamoto,tarren-mill,288,warlock,affliction,6,3,3
Absúrd,turalyon,288,warlock,affliction,6,3,3
Skuvee,archimonde,288,warlock,affliction,6,3,3
Ooze,kazzak,288,warlock,affliction,6,3,3
Gigabolt,turalyon,288,warlock,affliction,6,3,3
Фримех,soulflayer,288,warlock,affliction,6,3,3
Smaúg,archimonde,288,warlock,affliction,6,3,3
Retrosatanas,archimonde,288,warlock,affliction,6,3,3
Damira,blackmoore,288,warlock,affliction,6,3,3
Feyreah,blackmoore,288,warlock,affliction,6,3,3
Славеномен,howling-fjord,288,warlock,affliction,6,3,3
Bixik,ravencrest,288,warlock,affliction,8,3,5
Влицотьмой,gordunni,288,warlock,affliction,12,3,9
Сварожевич,galakrond,288,warlock,affliction,12,3,9
Zdrac,stormscale,288,warlock,affliction,12,3,9
Этожедру,howling-fjord,288,warlock,affliction,12,3,9
Likee,eredar,288,warlock,affliction,12,3,9
Priszcilla,twisting-nether,287,warlock,affliction,6,3,3
Lifesteal,auchindoun,287,warlock,affliction,6,3,3
Smuutil,drakthul,287,warlock,affliction,6,3,3
Vendømlørd,archimonde,287,warlock,affliction,6,3,3
Juod,frostmane,287,warlock,affliction,6,3,3
Pøzzi,hyjal,287,warlock,affliction,6,3,3
Lewdrumpslap,kazzak,287,warlock,affliction,9,4,5
Prekt,ragnaros,239,warlock,affliction,5,3,2
Franta,chromaggus,239,warlock,affliction,5,3,2
Snaga,culte-de-la-rive-noire,233,warlock,affliction,15,5,10
Lockas,ravencrest,222,warlock,affliction,8,3,5
Dotsfired,aegwynn,192,warlock,affliction,6,2,4
Tokarrus,blackmoore,192,warlock,affliction,6,2,4
Ðankan,aegwynn,192,warlock,affliction,6,2,4
Bigbagelbob,archimonde,192,warlock,affliction,6,2,4
Djadizpunish,stormscale,192,warlock,affliction,6,2,4
Healél,sanguino,192,warlock,affliction,6,2,4
Endherkonk,sanguino,192,warlock,affliction,6,2,4
Irnx,tarren-mill,192,warlock,affliction,6,2,4
Supergeîl,blackrock,192,warlock,affliction,6,2,4
Purplemonkey,burning-blade,192,warlock,affliction,6,2,4
Жериновсский,gordunni,192,warlock,affliction,6,2,4
Цзинкэ,gordunni,192,warlock,affliction,6,2,4
Гумал,howling-fjord,192,warlock,affliction,6,2,4
Slàsh,hyjal,192,warlock,affliction,6,2,4
Скверножмых,gordunni,192,warlock,affliction,6,2,4
Kotihoitaja,stormreaver,192,warlock,affliction,6,2,4
Turdy,sylvanas,192,warlock,affliction,6,2,4
Kivilock,dun-modr,192,warlock,affliction,6,2,4
Necroless,shadowsong,192,warlock,affliction,6,2,4
Tørcal,hyjal,192,warlock,affliction,6,2,4
Фламмэнх,soulflayer,192,warlock,affliction,6,2,4
Millhaus,gorgonnash,192,warlock,affliction,6,2,4
Чернокнжник,soulflayer,192,warlock,affliction,6,2,4
Бирел,soulflayer,192,warlock,affliction,6,2,4
Маларгас,soulflayer,192,warlock,affliction,6,2,4
Крэдоу,soulflayer,192,warlock,affliction,6,2,4
Legend,trollbane,192,warlock,affliction,6,2,4
Therelda,sanguino,192,warlock,affliction,6,2,4
Kastón,dun-modr,192,warlock,affliction,6,2,4
Hellcatherin,ghostlands,192,warlock,affliction,6,2,4
Berkobaggins,ravencrest,192,warlock,affliction,6,2,4
Shreklock,burning-blade,192,warlock,affliction,6,2,4
ßatocko,kazzak,192,warlock,affliction,6,2,4
Хастла,ashenvale,192,warlock,affliction,6,2,4
Алануэйк,deathguard,192,warlock,affliction,6,2,4
Marroux,malganis,192,warlock,affliction,6,2,4
Potatowl,ravencrest,192,warlock,affliction,6,2,4
Soundmagic,silvermoon,192,warlock,affliction,6,2,4
Fredé,kazzak,192,warlock,affliction,6,2,4
Flockyy,draenor,192,warlock,affliction,6,2,4
Razkann,confrérie-du-thorium,192,warlock,affliction,6,2,4
Elvània,eredar,192,warlock,affliction,6,2,4
Désolaté,kazzak,192,warlock,affliction,6,2,4
Enviroq,burning-legion,192,warlock,affliction,6,2,4
Yhazel,archimonde,192,warlock,affliction,6,2,4
Wutili,dun-morogh,192,warlock,affliction,6,2,4
Zartax,kazzak,192,warlock,affliction,6,2,4
Venaarus,antonidas,192,warlock,affliction,6,2,4
Adafbhf,tichondrius,192,warlock,affliction,8,2,6
Рыжевласочка,eversong,192,warlock,affliction,12,2,10
Müsli,kiljaeden,192,warlock,affliction,12,2,10
Dupony,antonidas,192,warlock,affliction,12,2,10
Pøx,nemesis,192,warlock,affliction,12,2,10
Ryurans,cthun,159,warlock,affliction,5,2,3
Overbuffed,wildhammer,159,warlock,affliction,5,2,3
Аоепампгодх,howling-fjord,159,warlock,affliction,11,2,9
Malariaa,defias-brotherhood,128,warlock,affliction,4,2,2
Hokoreuw,echsenkessel,112,warlock,affliction,7,2,5
Nainbusdemil,dalaran,112,warlock,affliction,7,2,5
Infernó,aerie-peak,96,warlock,affliction,3,2,1
Laokoon,blackmoore,96,warlock,affliction,3,2,1
Mergon,ravencrest,96,warlock,affliction,3,2,1
Carelock,chamber-of-aspects,96,warlock,affliction,3,2,1
Icritmore,stormscale,96,warlock,affliction,6,1,5
Guttate,chamber-of-aspects,96,warlock,affliction,6,1,5
Vicktorious,stormscale,96,warlock,affliction,6,1,5
Mendozaah,kazzak,96,warlock,affliction,6,1,5
Blackwizard,theradras,96,warlock,affliction,6,1,5
Mîjagî,blackhand,96,warlock,affliction,6,1,5
Kretuss,silvermoon,96,warlock,affliction,6,1,5
Klone,die-todeskrallen,96,warlock,affliction,6,1,5
Fearrari,ragnaros,96,warlock,affliction,6,1,5
Nevergladtra,darksorrow,96,warlock,affliction,6,1,5
Усубени,greymane,96,warlock,affliction,6,1,5
Goefaz,blackrock,96,warlock,affliction,6,1,5
Branduir,ragnaros,96,warlock,affliction,6,1,5
Jagerlock,doomhammer,96,warlock,affliction,6,1,5
Cringetamer,silvermoon,96,warlock,affliction,6,1,5
Belial,minahonda,96,warlock,affliction,6,1,5
Noahh,kazzak,96,warlock,affliction,6,1,5
Robertóó,burning-legion,96,warlock,affliction,6,1,5
Бигсмоук,howling-fjord,96,warlock,affliction,6,1,5
Tsumde,dalaran,96,warlock,affliction,6,1,5
Adøume,ysondre,96,warlock,affliction,15,1,14
Poulebar,ysondre,64,warlock,affliction,4,1,3
Natpoesje,azjolnerub,64,warlock,affliction,4,1,3
Akdan,ragnaros,64,warlock,affliction,4,1,3
Nedivh,stormscale,48,warlock,affliction,3,1,2
Petrosk,sanguino,42,warlock,affliction,6,2,4
Tepelkwastje,twisting-nether,31,warlock,affliction,8,1,7
Dõxlol,kazzak,2179,warrior,fury,72,45,27
Dyingdog,kazzak,2173,warrior,fury,67,38,29
Gottdustin,lothar,2124,warrior,fury,143,78,65
Quanny,die-aldor,2102,warrior,fury,114,67,47
Níghtfúry,ravencrest,2102,warrior,fury,84,43,41
Ðunhammer,blackmoore,2100,warrior,fury,114,67,47
Vitezandro,stormscale,2013,warrior,fury,54,40,14
Corvínus,blackrock,1992,warrior,fury,138,72,66
Syltetballe,kazzak,1962,warrior,fury,48,37,11
Dyingdogs,kazzak,1945,warrior,fury,60,32,28
Schultze,kazzak,1941,warrior,fury,113,49,64
Thezug,blackmoore,1935,warrior,fury,96,48,48
Sublex,blackrock,1933,warrior,fury,60,34,26
Thorana,twisting-nether,1929,warrior,fury,349,169,180
Uretirips,archimonde,1928,warrior,fury,120,70,50
Дахирарг,fordragon,1911,warrior,fury,66,35,31
Gregorez,silvermoon,1910,warrior,fury,96,53,43
Sockerbagarn,zenedar,1906,warrior,fury,91,47,44
Варплеер,gordunni,1875,warrior,fury,58,30,28
Schlauberg,azshara,1864,warrior,fury,54,33,21
Insanedmg,dun-modr,1864,warrior,fury,72,40,32
Émalkay,tarren-mill,1863,warrior,fury,48,26,22
Bloodhorn,blackhand,1857,warrior,fury,54,36,18
Brythwyn,blackrock,1856,warrior,fury,54,30,24
Wruxar,bronzebeard,1856,warrior,fury,54,29,25
Pflanzling,nozdormu,1851,warrior,fury,84,41,43
Kwesta,kazzak,1850,warrior,fury,60,34,26
Morganãrogán,ragnaros,1850,warrior,fury,42,23,19
Yaler,alakir,1847,warrior,fury,48,33,15
Cesr,bloodhoof,1847,warrior,fury,126,71,55
Jeco,tarren-mill,1846,warrior,fury,66,39,27
Yawalad,stormscale,1845,warrior,fury,66,35,31
Sublex,aegwynn,1838,warrior,fury,60,36,24
Robycoleman,nemesis,1837,warrior,fury,165,88,77
Frozenliøn,twisting-nether,1836,warrior,fury,48,32,16
Elsensør,thrall,1832,warrior,fury,63,32,31
Faraam,sunstrider,1832,warrior,fury,45,21,24
Méido,argent-dawn,1830,warrior,fury,307,163,144
Imolderthenu,blackrock,1825,warrior,fury,166,91,75
Kenryu,argent-dawn,1825,warrior,fury,60,32,28
Sonnyzz,sanguino,1824,warrior,fury,36,21,15
Timewarrior,ravencrest,1824,warrior,fury,54,30,24
Deatheart,ysondre,1824,warrior,fury,76,41,35
Трэйдар,blackscar,1823,warrior,fury,48,27,21
Sporctaco,nemesis,1822,warrior,fury,142,72,70
Gladius,blutkessel,1819,warrior,fury,156,80,76
Letiis,blackrock,1816,warrior,fury,105,57,48
Geez,burning-blade,1815,warrior,fury,36,21,15
Adian,ravencrest,1813,warrior,fury,42,26,16
Zednos,twilights-hammer,1812,warrior,fury,184,102,82
Xzwarr,silvermoon,1810,warrior,fury,38,21,17
Мигнт,howling-fjord,1810,warrior,fury,42,23,19
Hawkman,outland,1809,warrior,fury,41,25,16
Capitalista,das-konsortium,1809,warrior,fury,90,51,39
Clellin,silvermoon,1807,warrior,fury,139,80,59
Späns,ragnaros,1807,warrior,fury,71,34,37
Zyalen,stormscale,1806,warrior,fury,60,32,28
Âshnâzgðûr,burning-blade,1806,warrior,fury,87,43,44
Warrez,azuremyst,1804,warrior,fury,113,67,46
Kizzyo,draenor,1804,warrior,fury,96,51,45
Nóvamh,draenor,1802,warrior,fury,42,24,18
Kocmochka,tarren-mill,1802,warrior,fury,60,32,28
Heartmemphis,stormscale,1801,warrior,fury,41,24,17
Sonnylolxd,dun-modr,1800,warrior,fury,54,29,25
Badon,burning-legion,1783,warrior,fury,54,35,19
Castlevania,ravencrest,1782,warrior,fury,72,37,35
Zadirich,burning-blade,1774,warrior,fury,66,35,31
Tóffèl,thrall,1773,warrior,fury,48,32,16
Rïmxøxø,haomarush,1773,warrior,fury,48,32,16
Ryonâgai,aegwynn,1773,warrior,fury,54,30,24
Luxurious,argent-dawn,1770,warrior,fury,72,40,32
Злопиканка,gordunni,1769,warrior,fury,61,31,30
Xark,drakthul,1767,warrior,fury,78,41,37
Elsensor,sylvanas,1760,warrior,fury,66,27,39
Xeraaya,kirin-tor,1757,warrior,fury,78,39,39
Unstopablle,twisting-nether,1755,warrior,fury,78,47,31
Футжисубо,razuvious,1753,warrior,fury,60,32,28
Honzakesl,drakthul,1751,warrior,fury,51,32,19
Irontouch,draenor,1742,warrior,fury,48,29,19
Zidbi,argent-dawn,1740,warrior,fury,84,44,40
Biturboo,blackrock,1740,warrior,fury,58,29,29
Релайк,gordunni,1739,warrior,fury,48,26,22
Рыгатрон,galakrond,1732,warrior,fury,36,19,17
Plackø,draenor,1731,warrior,fury,68,36,32
Dreams,auchindoun,1727,warrior,fury,36,23,13
Читора,blackscar,1726,warrior,fury,47,27,20
Walexmaryk,ragnaros,1726,warrior,fury,125,71,54
Råzor,blackhand,1726,warrior,fury,203,113,90
Juna,hellscream,1726,warrior,fury,91,47,44
Даймонддогс,gordunni,1725,warrior,fury,64,36,28
Lair,zuljin,1721,warrior,fury,94,57,37
Elian,ragnaros,1721,warrior,fury,54,24,30
Грамол,soulflayer,1719,warrior,fury,66,36,30
Кавайтити,blackscar,1718,warrior,fury,39,19,20
Варынеопэ,gordunni,1717,warrior,fury,65,35,30
Dronikos,ravencrest,1712,warrior,fury,42,28,14
Тьмасвятая,gordunni,1710,warrior,fury,42,22,20
Протектор,soulflayer,1710,warrior,fury,130,66,64
Кладбошаа,gordunni,1706,warrior,fury,100,52,48
Stansmash,kazzak,1704,warrior,fury,30,18,12
Cuzyxtwo,blackrock,1704,warrior,fury,48,27,21
Дарккардинал,deathguard,1699,warrior,fury,76,38,38
Violentfunky,ravencrest,1697,warrior,fury,84,40,44
Luigistar,naxxramas,1696,warrior,fury,30,18,12
Discoklaus,blackmoore,1695,warrior,fury,168,86,82
Margon,aegwynn,1692,warrior,fury,36,23,13
Bananapower,aszune,1692,warrior,fury,54,30,24
Yodabär,blackmoore,1690,warrior,fury,120,62,58
Котаче,soulflayer,1680,warrior,fury,78,42,36
Slaycon,sanguino,1680,warrior,fury,63,26,37
Gôrilla,kazzak,1674,warrior,fury,32,19,13
Даркслеерх,howling-fjord,1674,warrior,fury,36,18,18
Бубаигавар,gordunni,1673,warrior,fury,42,22,20
Neopronouns,stormscale,1672,warrior,fury,36,22,14
Гринфинч,galakrond,1670,warrior,fury,82,44,38
Ifir,hyjal,1670,warrior,fury,52,25,27
Vÿnk,ysondre,1669,warrior,fury,80,45,35
Pouckette,hyjal,1668,warrior,fury,54,29,25
Osha,hyjal,1668,warrior,fury,219,111,108
Harbee,stormscale,1667,warrior,fury,141,82,59
Ranmaru,kazzak,1665,warrior,fury,97,46,51
Broley,blackhand,1663,warrior,fury,46,30,16
Vegilhenvin,stormscale,1663,warrior,fury,60,38,22
Níká,bronzebeard,1663,warrior,fury,52,30,22
Susugar,ysondre,1663,warrior,fury,40,21,19
Gamesucks,silvermoon,1662,warrior,fury,52,31,21
Берззлой,gordunni,1661,warrior,fury,52,30,22
Averenx,frostwolf,1659,warrior,fury,110,57,53
Stephabibi,kazzak,1655,warrior,fury,34,23,11
Vesnãpusic,draenor,1655,warrior,fury,51,32,19
Iagô,argent-dawn,1655,warrior,fury,60,35,25
Wgdx,ravencrest,1655,warrior,fury,36,18,18
Azazelslayer,dethecus,1652,warrior,fury,54,38,16
Очепенец,soulflayer,1652,warrior,fury,129,66,63
Дейдулус,soulflayer,1651,warrior,fury,36,19,17
Noproblem,ragnaros,1650,warrior,fury,65,34,31
Хенгард,gordunni,1648,warrior,fury,54,29,25
Swayzze,frostwolf,1642,warrior,fury,48,27,21
Mybigcow,darkspear,1638,warrior,fury,47,22,25
Боссберс,soulflayer,1637,warrior,fury,48,29,19
Вадло,soulflayer,1635,warrior,fury,54,27,27
Bastquirage,dalaran,1633,warrior,fury,42,24,18
Jaý,draenor,1632,warrior,fury,39,23,16
Ðènlos,destromath,1632,warrior,fury,84,43,41
Soakmybeet,archimonde,1632,warrior,fury,47,23,24
Pizdatos,ravencrest,1631,warrior,fury,48,26,22
Sanngridr,defias-brotherhood,1629,warrior,fury,66,32,34
Peli,burning-blade,1628,warrior,fury,228,114,114
Nerfrend,stormscale,1627,warrior,fury,30,17,13
Megalann,silvermoon,1627,warrior,fury,84,41,43
Криккс,greymane,1625,warrior,fury,66,32,34
Ðønøvan,sanguino,1624,warrior,fury,58,32,26
Roxxyy,stormreaver,1621,warrior,fury,53,31,22
Borndet,eredar,1618,warrior,fury,33,22,11
Discølove,frostwolf,1615,warrior,fury,35,19,16
Zerberos,drakthul,1615,warrior,fury,89,47,42
Yserá,auchindoun,1615,warrior,fury,36,17,19
Вундеркитти,soulflayer,1611,warrior,fury,66,35,31
Celn,silvermoon,1608,warrior,fury,145,80,65
Элинглир,gordunni,1608,warrior,fury,57,30,27
Koljach,sylvanas,1608,warrior,fury,133,69,64
Шлифую,howling-fjord,1608,warrior,fury,66,32,34
Байсал,gordunni,1607,warrior,fury,48,26,22
Хёда,eversong,1607,warrior,fury,60,32,28
Boos,burning-legion,1605,warrior,fury,30,17,13
Jetman,ravencrest,1605,warrior,fury,40,19,21
Joeférnandes,ragnaros,1604,warrior,fury,30,19,11
Halfbroken,moonglade,1602,warrior,fury,66,31,35
Ebonheart,argent-dawn,1599,warrior,fury,59,32,27
Dödgrävarn,stormscale,1597,warrior,fury,65,36,29
Narukeratnik,draenor,1596,warrior,fury,60,36,24
Abnôrmus,tarren-mill,1594,warrior,fury,114,53,61
Zhenshii,blackmoore,1593,warrior,fury,53,28,25
Эйримор,gordunni,1593,warrior,fury,137,68,69
Lífelover,tarren-mill,1593,warrior,fury,66,30,36
Methodxd,outland,1592,warrior,fury,78,38,40
Bartins,magtheridon,1591,warrior,fury,48,31,17
Hanìbal,ravencrest,1590,warrior,fury,36,18,18
Zupkaztrópka,burning-legion,1587,warrior,fury,89,47,42
Мамкингерой,howling-fjord,1585,warrior,fury,36,21,15
Добиватель,howling-fjord,1583,warrior,fury,54,33,21
Bønecleaver,blackrock,1583,warrior,fury,86,45,41
Thundersword,sylvanas,1582,warrior,fury,42,21,21
Wornag,argent-dawn,1578,warrior,fury,83,40,43
Fizzywarrior,blackmoore,1576,warrior,fury,42,23,19
Латахо,gordunni,1574,warrior,fury,54,27,27
Grâkul,twisting-nether,1571,warrior,fury,139,73,66
Asmoche,archimonde,1571,warrior,fury,60,29,31
Beasterbunny,outland,1569,warrior,fury,26,18,8
Garlogar,twisting-nether,1569,warrior,fury,108,59,49
Тегриско,goldrinn,1568,warrior,fury,54,27,27
Stahlhund,silvermoon,1564,warrior,fury,87,47,40
Rofos,hellscream,1563,warrior,fury,49,25,24
Касюлин,gordunni,1562,warrior,fury,53,31,22
Æç,argent-dawn,1562,warrior,fury,36,19,17
Alexandrrior,rexxar,1561,warrior,fury,57,35,22
Сариату,soulflayer,1556,warrior,fury,72,34,38
Waralert,kazzak,1553,warrior,fury,36,19,17
Titza,silvermoon,1551,warrior,fury,50,19,31
Альмас,galakrond,1548,warrior,fury,42,21,21
Jyukei,archimonde,1546,warrior,fury,30,23,7
Horovoko,kazzak,1541,warrior,fury,24,18,6
Rimvar,alleria,1541,warrior,fury,54,27,27
Slidmacka,twisting-nether,1539,warrior,fury,36,24,12
Dævedoff,sanguino,1537,warrior,fury,36,20,16
Ананаслорд,blackscar,1535,warrior,fury,26,18,8
Jinrok,turalyon,1535,warrior,fury,42,27,15
Wabisabì,silvermoon,1534,warrior,fury,35,18,17
Hejduk,frostmane,1533,warrior,fury,30,20,10
Вменяемый,gordunni,1533,warrior,fury,88,44,44
Белославный,gordunni,1532,warrior,fury,55,38,17
ßbç,ysondre,1532,warrior,fury,84,41,43
Gronos,silvermoon,1531,warrior,fury,54,29,25
Kiha,argent-dawn,1527,warrior,fury,30,16,14
Telrion,silvermoon,1525,warrior,fury,30,16,14
Hynish,doomhammer,1524,warrior,fury,40,21,19
Неуно,howling-fjord,1522,warrior,fury,54,32,22
Inconcussae,drakthul,1519,warrior,fury,30,19,11
Mirpz,doomhammer,1519,warrior,fury,47,24,23
Bözzy,stormreaver,1518,warrior,fury,120,60,60
Skylexs,burning-legion,1517,warrior,fury,36,16,20
Perinel,draenor,1514,warrior,fury,76,30,46
Dizzyndumb,draenor,1513,warrior,fury,141,79,62
Zwecko,malganis,1513,warrior,fury,30,16,14
Pokopo,blackrock,1510,warrior,fury,42,23,19
Kwedrowar,burning-legion,1510,warrior,fury,99,48,51
Втораянатура,howling-fjord,1508,warrior,fury,36,22,14
Thagzar,burning-legion,1508,warrior,fury,83,41,42
Мурмадонио,soulflayer,1507,warrior,fury,60,26,34
Kibb,sylvanas,1505,warrior,fury,23,17,6
Темнозорь,ashenvale,1504,warrior,fury,30,16,14
Truckfury,ravencrest,1504,warrior,fury,88,46,42
Jarggyül,culte-de-la-rive-noire,1500,warrior,fury,36,21,15
Crriminal,ravencrest,1498,warrior,fury,24,16,8
Sebastian,ravencrest,1498,warrior,fury,60,29,31
Auglok,twisting-nether,1496,warrior,fury,84,44,40
Certavus,antonidas,1494,warrior,fury,42,21,21
Enzja,nazjatar,1492,warrior,fury,31,18,13
Evrybodydown,draenor,1492,warrior,fury,148,77,71
Bigbibbs,tarren-mill,1488,warrior,fury,62,28,34
Лимор,howling-fjord,1488,warrior,fury,42,16,26
Гронвер,soulflayer,1487,warrior,fury,92,50,42
Thorken,ragnaros,1487,warrior,fury,48,21,27
Ärmodäuss,norgannon,1486,warrior,fury,69,34,35
Варрвик,howling-fjord,1486,warrior,fury,45,22,23
Груббоб,booty-bay,1484,warrior,fury,72,36,36
Jorund,archimonde,1482,warrior,fury,54,26,28
Gids,silvermoon,1478,warrior,fury,28,18,10
Wøokz,argent-dawn,1475,warrior,fury,142,69,73
Zaximos,twisting-nether,1475,warrior,fury,51,24,27
Eygón,silvermoon,1474,warrior,fury,54,23,31
Antismoke,silvermoon,1473,warrior,fury,81,41,40
Gromrigg,draenor,1467,warrior,fury,35,17,18
Nurti,silvermoon,1465,warrior,fury,36,21,15
Craghak,twisting-nether,1463,warrior,fury,76,38,38
Straya,malorne,1463,warrior,fury,60,30,30
Roidspam,outland,1463,warrior,fury,53,18,35
Нордгаар,howling-fjord,1462,warrior,fury,30,18,12
Chrissey,argent-dawn,1462,warrior,fury,39,18,21
Bukisan,sylvanas,1461,warrior,fury,48,25,23
Анакронокс,howling-fjord,1461,warrior,fury,58,29,29
Hrodulf,moonglade,1461,warrior,fury,83,38,45
Zeliøn,elune,1460,warrior,fury,72,44,28
Grubshak,burning-legion,1460,warrior,fury,47,22,25
Kobeni,ysondre,1457,warrior,fury,50,30,20
Oravedenes,draenor,1457,warrior,fury,98,58,40
Bobitybob,ravencrest,1457,warrior,fury,48,28,20
Nobodyx,tarren-mill,1455,warrior,fury,48,25,23
Èscøbar,dalaran,1454,warrior,fury,49,23,26
Indicaflower,ahnqiraj,1453,warrior,fury,41,18,23
Zugbro,stormscale,1452,warrior,fury,48,25,23
Bravestar,ungoro,1451,warrior,fury,54,25,29
Corrin,frostmourne,1449,warrior,fury,104,58,46
Thrallhall,kazzak,1449,warrior,fury,84,34,50
Gìlgamesh,dun-modr,1444,warrior,fury,55,30,25
Rîiper,ysondre,1444,warrior,fury,42,22,20
Чпонькмашина,soulflayer,1443,warrior,fury,74,43,31
Baldemort,antonidas,1441,warrior,fury,43,21,22
Спайкуссь,goldrinn,1440,warrior,fury,36,21,15
Dragão,kazzak,1440,warrior,fury,60,28,32
Tatabaf,ysondre,1437,warrior,fury,42,23,19
Старопрамен,thermaplugg,1435,warrior,fury,172,92,80
Tweegles,argent-dawn,1433,warrior,fury,65,31,34
Xalont,doomhammer,1431,warrior,fury,36,17,19
Borntothis,zuljin,1429,warrior,fury,74,44,30
Whimbux,stormscale,1429,warrior,fury,45,22,23
Pinkíe,blackmoore,1428,warrior,fury,30,15,15
Thaddaus,ravencrest,1428,warrior,fury,51,25,26
Fridaax,lightbringer,1427,warrior,fury,24,15,9
Хуфхорнс,soulflayer,1425,warrior,fury,27,16,11
Reidunøks,kazzak,1422,warrior,fury,59,32,27
Madaxe,kazzak,1421,warrior,fury,24,15,9
Picciocino,nemesis,1421,warrior,fury,36,15,21
Arthoc,sanguino,1420,warrior,fury,30,15,15
Profär,archimonde,1419,warrior,fury,30,16,14
Goomby,argent-dawn,1418,warrior,fury,36,15,21
Blaktarr,dunemaul,1416,warrior,fury,33,17,16
Warinator,ravencrest,1414,warrior,fury,31,23,8
Stratoz,ragnaros,1412,warrior,fury,33,16,17
Æsterius,blackmoore,1411,warrior,fury,95,47,48
Mustar,alexstrasza,1407,warrior,fury,65,37,28
Артен,ashenvale,1407,warrior,fury,32,15,17
Tigron,burning-legion,1404,warrior,fury,42,28,14
Ganaroth,tarren-mill,1403,warrior,fury,30,18,12
Krieg,garrosh,1403,warrior,fury,53,19,34
Torok,antonidas,1402,warrior,fury,36,25,11
Faylania,tarren-mill,1402,warrior,fury,30,18,12
Krauus,silvermoon,1402,warrior,fury,103,56,47
Ralzung,twisting-nether,1400,warrior,fury,36,18,18
Akînos,kazzak,1400,warrior,fury,57,27,30
Hidaykus,bronzebeard,1399,warrior,fury,70,35,35
Нириэла,howling-fjord,1396,warrior,fury,66,31,35
Арестант,soulflayer,1395,warrior,fury,119,64,55
Wärlør,ravencrest,1391,warrior,fury,54,33,21
Keriane,garona,1389,warrior,fury,65,33,32
Штормскейл,soulflayer,1388,warrior,fury,30,16,14
Fîlzlaus,area-52,1386,warrior,fury,63,29,34
Skefe,archimonde,1382,warrior,fury,40,26,14
Reccey,blackrock,1379,warrior,fury,30,16,14
Ligthblâd,hyjal,1378,warrior,fury,45,25,20
Rèckless,argent-dawn,1377,warrior,fury,24,18,6
Terisá,blackmoore,1377,warrior,fury,40,20,20
Скехит,blackscar,1377,warrior,fury,54,23,31
Shán,defias-brotherhood,1375,warrior,fury,48,27,21
Rommick,guldan,1372,warrior,fury,54,24,30
Yousainsbolt,blackrock,1371,warrior,fury,36,15,21
Zêke,thrall,1369,warrior,fury,18,16,2
Васильна,soulflayer,1369,warrior,fury,36,21,15
Touguro,aggra-português,1366,warrior,fury,45,18,27
Gruttak,aegwynn,1361,warrior,fury,24,16,8
Toundrâa,archimonde,1360,warrior,fury,105,51,54
Wärfäcë,blades-edge,1357,warrior,fury,40,23,17
Ribastur,blackmoore,1355,warrior,fury,168,89,79
Rìsàs,draenor,1354,warrior,fury,131,63,68
Oughn,silvermoon,1352,warrior,fury,57,30,27
Risara,outland,1350,warrior,fury,25,15,10
Somalisktjur,tarren-mill,1347,warrior,fury,54,28,26
Botgrinder,blackhand,1344,warrior,fury,35,22,13
Løktær,blackmoore,1342,warrior,fury,24,14,10
Zíreael,ravencrest,1342,warrior,fury,60,29,31
Wodwod,kazzak,1341,warrior,fury,18,14,4
Vykoz,sylvanas,1341,warrior,fury,24,14,10
Stretch,thrall,1341,warrior,fury,31,15,16
Mitu,sanguino,1338,warrior,fury,24,14,10
Prîde,kazzak,1337,warrior,fury,30,17,13
Moggorr,nemesis,1334,warrior,fury,46,24,22
Kundrak,blackhand,1334,warrior,fury,37,19,18
Killhound,argent-dawn,1332,warrior,fury,24,14,10
Акози,fordragon,1332,warrior,fury,60,33,27
Unchåined,burning-legion,1330,warrior,fury,51,23,28
Kragar,anetheron,1329,warrior,fury,45,25,20
Жироштемп,gordunni,1329,warrior,fury,34,15,19
Роконишу,gordunni,1326,warrior,fury,30,18,12
Слайдус,gordunni,1326,warrior,fury,50,28,22
Джелорд,howling-fjord,1326,warrior,fury,30,14,16
Tweran,drakthul,1323,warrior,fury,29,14,15
Ðèxs,ravencrest,1318,warrior,fury,30,17,13
Buzzingwarr,tarren-mill,1318,warrior,fury,60,29,31
Svênsk,argent-dawn,1317,warrior,fury,32,17,15
Achonar,draenor,1317,warrior,fury,29,15,14
Xsasuke,ragnaros,1317,warrior,fury,36,17,19
Agitoyami,defias-brotherhood,1314,warrior,fury,91,52,39
Вархаус,blackscar,1313,warrior,fury,39,21,18
Offpants,drakthul,1313,warrior,fury,48,22,26
Барабумм,soulflayer,1310,warrior,fury,77,41,36
Ælvstan,argent-dawn,1310,warrior,fury,59,30,29
Ryù,dun-modr,1310,warrior,fury,30,14,16
Midvînter,silvermoon,1307,warrior,fury,33,15,18
Grimli,burning-legion,1303,warrior,fury,42,24,18
Bigrooster,argent-dawn,1303,warrior,fury,102,52,50
Schuy,silvermoon,1303,warrior,fury,48,24,24
Realz,malganis,1302,warrior,fury,66,33,33
Reckless,tarren-mill,1300,warrior,fury,42,22,20
Luunk,ravencrest,1300,warrior,fury,42,20,22
Tragix,hyjal,1300,warrior,fury,42,18,24
Умфи,howling-fjord,1299,warrior,fury,83,46,37
Килджаеден,deathguard,1298,warrior,fury,28,15,13
Wilæm,argent-dawn,1290,warrior,fury,59,29,30
Машамеч,blackscar,1289,warrior,fury,84,42,42
Ninja,bronze-dragonflight,1288,warrior,fury,93,44,49
Buzzingorc,tarren-mill,1285,warrior,fury,60,32,28
Usz,thunderhorn,1284,warrior,fury,30,19,11
Суммрак,grom,1284,warrior,fury,30,15,15
Unn,ragnaros,1282,warrior,fury,69,34,35
Sammäel,eldrethalas,1281,warrior,fury,36,19,17
Runkkusukka,defias-brotherhood,1280,warrior,fury,54,31,23
Haewon,burning-legion,1280,warrior,fury,53,25,28
Trollboii,ravencrest,1274,warrior,fury,27,14,13
Exeldians,burning-legion,1273,warrior,fury,20,14,6
Wariio,khaz-modan,1272,warrior,fury,47,27,20
Skaurmosh,argent-dawn,1272,warrior,fury,54,26,28
Furyre,ysondre,1271,warrior,fury,37,17,20
Honeymew,draenor,1271,warrior,fury,66,27,39
Watntietnn,burning-blade,1268,warrior,fury,49,24,25
Deusi,garrosh,1265,warrior,fury,60,32,28
Аесоо,gordunni,1263,warrior,fury,60,28,32
Zerm,draenor,1262,warrior,fury,24,15,9
Gritzi,dragonblight,1262,warrior,fury,60,29,31
Tarrior,shattered-halls,1261,warrior,fury,44,21,23
Бормормуш,gordunni,1261,warrior,fury,73,30,43
Ouryuu,hyjal,1260,warrior,fury,40,20,20
Mortalclaw,kazzak,1256,warrior,fury,57,24,33
Dundulinka,outland,1255,warrior,fury,46,17,29
Toughwar,tarren-mill,1253,warrior,fury,66,35,31
Immørtálx,tarren-mill,1248,warrior,fury,30,13,17
Рагнарульв,gordunni,1248,warrior,fury,36,15,21
Optimai,kazzak,1248,warrior,fury,44,18,26
Stóna,blackmoore,1247,warrior,fury,36,13,23
Warrzor,auchindoun,1246,warrior,fury,30,13,17
Tàuruss,blackhand,1241,warrior,fury,34,18,16
Рсдрпб,eversong,1241,warrior,fury,30,15,15
Timidman,kazzak,1240,warrior,fury,24,13,11
Lâmy,khaz-modan,1240,warrior,fury,60,26,34
Astreimehns,sanguino,1239,warrior,fury,18,13,5
Lepetitwar,hyjal,1237,warrior,fury,30,13,17
Mamox,archimonde,1236,warrior,fury,25,14,11
Alevucerdaa,draenor,1236,warrior,fury,36,15,21
Azzog,archimonde,1234,warrior,fury,80,44,36
Ragnurk,draenor,1233,warrior,fury,30,13,17
Thors,deathwing,1229,warrior,fury,93,47,46
Кимиюки,gordunni,1228,warrior,fury,30,13,17
Skullfondler,argent-dawn,1226,warrior,fury,24,13,11
Quigatron,frostmane,1225,warrior,fury,42,25,17
Schmetterina,proudmoore,1223,warrior,fury,49,28,21
Warrmax,darksorrow,1223,warrior,fury,78,41,37
Vhy,antonidas,1223,warrior,fury,36,17,19
Zetsurin,sylvanas,1223,warrior,fury,48,18,30
Anubisra,alakir,1220,warrior,fury,26,16,10
Kebra,blackmoore,1220,warrior,fury,87,49,38
Coyle,eredar,1220,warrior,fury,122,55,67
Shieldlord,kazzak,1218,warrior,fury,129,59,70
Bolss,silvermoon,1215,warrior,fury,61,23,38
Дедсдрыном,howling-fjord,1214,warrior,fury,39,19,20
Sekecmazec,turalyon,1213,warrior,fury,30,13,17
Аштау,howling-fjord,1210,warrior,fury,121,54,67
Delinde,cthun,1209,warrior,fury,93,45,48
Yildiz,kargath,1204,warrior,fury,103,57,46
Warriorc,hellfire,1203,warrior,fury,36,20,16
Toporceanul,kazzak,1201,warrior,fury,41,14,27
Ragecap,rexxar,1198,warrior,fury,36,16,20
Отнулядоста,gordunni,1198,warrior,fury,61,25,36
Жужащий,howling-fjord,1197,warrior,fury,74,31,43
Hatenest,argent-dawn,1195,warrior,fury,58,19,39
Blaying,ravencrest,1192,warrior,fury,23,13,10
Kirkwood,terokkar,1192,warrior,fury,71,34,37
Nubá,burning-legion,1187,warrior,fury,36,24,12
Азктор,soulflayer,1186,warrior,fury,35,15,20
Bigmercy,ragnaros,1184,warrior,fury,29,15,14
Aleextrasza,silvermoon,1181,warrior,fury,20,13,7
Джэкмен,soulflayer,1175,warrior,fury,22,14,8
Hobbó,draenor,1175,warrior,fury,48,13,35
Номер,eversong,1174,warrior,fury,126,56,70
Gardom,doomhammer,1171,warrior,fury,42,26,16
Nmwar,turalyon,1169,warrior,fury,30,13,17
Tato,frostmourne,1165,warrior,fury,23,13,10
Saey,malorne,1162,warrior,fury,50,21,29
Säl,ragnaros,1160,warrior,fury,31,17,14
Tanja,bronzebeard,1151,warrior,fury,24,12,12
Исскатель,gordunni,1150,warrior,fury,12,12,0
Slamborghini,twisting-nether,1150,warrior,fury,18,12,6
Linzao,archimonde,1150,warrior,fury,24,12,12
Toptier,drakthul,1149,warrior,fury,18,12,6
Иктиннос,gordunni,1149,warrior,fury,28,13,15
Oxascand,kazzak,1149,warrior,fury,75,31,44
Явараа,howling-fjord,1148,warrior,fury,18,12,6
Spitonem,blackrock,1148,warrior,fury,24,12,12
Zbra,draenor,1147,warrior,fury,24,12,12
Neoballâc,uldum,1144,warrior,fury,24,12,12
Baoni,hyjal,1144,warrior,fury,30,12,18
Uwuwarrior,alleria,1143,warrior,fury,24,12,12
Bluemango,ragnaros,1141,warrior,fury,24,12,12
Itchiiz,alonsus,1138,warrior,fury,24,12,12
Андервульф,booty-bay,1137,warrior,fury,30,12,18
Exhumator,blackhand,1135,warrior,fury,36,12,24
Кровостокхх,gordunni,1132,warrior,fury,30,12,18
Tyrâdus,kiljaeden,1128,warrior,fury,24,12,12
Sadjoke,draenor,1125,warrior,fury,30,13,17
Well,kult-der-verdammten,1121,warrior,fury,24,12,12
Nykyro,draenor,1119,warrior,fury,60,26,34
Dríppy,aegwynn,1118,warrior,fury,21,13,8
Moustachu,kirin-tor,1118,warrior,fury,27,14,13
Antraex,zuljin,1118,warrior,fury,24,12,12
Rayeron,sanguino,1115,warrior,fury,54,24,30
Izmadfurax,archimonde,1110,warrior,fury,24,13,11
Grobler,blackhand,1110,warrior,fury,36,14,22
Красемир,deepholm,1097,warrior,fury,47,23,24
Sabrewølf,blackmoore,1096,warrior,fury,48,24,24
Shalren,nordrassil,1092,warrior,fury,44,23,21
Floppikatten,kazzak,1091,warrior,fury,18,13,5
Mistawolf,ravencrest,1090,warrior,fury,30,16,14
Копенгаген,ashenvale,1087,warrior,fury,30,16,14
Dramiél,tarren-mill,1083,warrior,fury,23,13,10
Shadowcacau,aggra-português,1079,warrior,fury,23,12,11
Seka,nozdormu,1072,warrior,fury,72,38,34
Saîx,garrosh,1058,warrior,fury,43,15,28
Зенобий,gordunni,1055,warrior,fury,12,11,1
Eddíemòrphin,kazzak,1055,warrior,fury,18,11,7
Maroux,malganis,1055,warrior,fury,18,11,7
Vágópityu,ragnaros,1055,warrior,fury,18,11,7
Hirbz,silvermoon,1055,warrior,fury,24,13,11
Prixor,grim-batol,1055,warrior,fury,24,11,13
Notvisionary,ravencrest,1055,warrior,fury,24,11,13
Ntouziera,silvermoon,1055,warrior,fury,30,11,19
Мастерион,soulflayer,1054,warrior,fury,18,11,7
Chidòri,tarren-mill,1054,warrior,fury,18,11,7
Spokowar,hyjal,1054,warrior,fury,18,11,7
Snuzzygeezer,ravencrest,1053,warrior,fury,18,11,7
Circumcist,dragonblight,1053,warrior,fury,18,11,7
Zwareboy,frostmane,1053,warrior,fury,24,11,13
Oksimbillah,blackrock,1053,warrior,fury,24,11,13
Cocojumbo,azuremyst,1051,warrior,fury,18,11,7
Sairos,kirin-tor,1051,warrior,fury,60,33,27
Amagaddon,draenor,1050,warrior,fury,28,12,16
Ranndall,blackrock,1050,warrior,fury,30,12,18
Enderyx,blackhand,1048,warrior,fury,24,11,13
Mezen,stormscale,1048,warrior,fury,24,11,13
Xiny,blackrock,1048,warrior,fury,24,11,13
Diioxyde,temple-noir,1047,warrior,fury,18,11,7
Barsok,sanguino,1046,warrior,fury,18,11,7
Buffury,twisting-nether,1045,warrior,fury,18,11,7
Whysospicey,lightbringer,1043,warrior,fury,21,12,9
Ragnòk,eredar,1043,warrior,fury,54,20,34
Вардеспетчер,razuvious,1040,warrior,fury,24,11,13
Hangovar,thrall,1035,warrior,fury,21,12,9
Tdanielt,burning-legion,1032,warrior,fury,18,11,7
Falaliss,elune,1030,warrior,fury,36,18,18
Macgull,ysondre,1028,warrior,fury,30,12,18
Valhrann,dalaran,1024,warrior,fury,24,11,13
Помойник,gordunni,1021,warrior,fury,101,57,44
Orcgrim,nozdormu,1019,warrior,fury,42,20,22
Gabbz,aggra-português,1018,warrior,fury,27,12,15
Жиестьдон,soulflayer,1015,warrior,fury,38,17,21
Nogo,nagrand,1010,warrior,fury,44,27,17
Edwsan,cthun,1010,warrior,fury,18,11,7
Kungeen,silvermoon,1010,warrior,fury,36,12,24
Zalumorth,magtheridon,1006,warrior,fury,24,12,12
Fknmoo,kazzak,997,warrior,fury,78,39,39
Kurko,blackmoore,997,warrior,fury,23,11,12
Fatspacka,argent-dawn,989,warrior,fury,20,11,9
Niozihex,the-maelstrom,984,warrior,fury,36,15,21
Solatika,alexstrasza,980,warrior,fury,114,61,53
Krlebajker,tarren-mill,977,warrior,fury,27,14,13
Sperta,frostmourne,968,warrior,fury,41,21,20
Snoopdad,ravencrest,966,warrior,fury,27,15,12
Эребб,howling-fjord,966,warrior,fury,60,29,31
Fenr,sanguino,961,warrior,fury,23,13,10
Pj,sanguino,960,warrior,fury,12,10,2
Brigitá,argent-dawn,960,warrior,fury,18,10,8
Ástriax,ravencrest,960,warrior,fury,18,10,8
Ibunnyone,blackrock,960,warrior,fury,18,10,8
Féélmyfury,tarren-mill,959,warrior,fury,17,10,7
Solaje,dun-modr,959,warrior,fury,18,10,8
Scelletonx,silvermoon,959,warrior,fury,18,10,8
Tenicx,ravencrest,959,warrior,fury,18,10,8
Highoverlord,aggra-português,959,warrior,fury,18,10,8
Мундэфэндэр,lich-king,959,warrior,fury,24,10,14
Xåb,dun-morogh,959,warrior,fury,32,10,22
Monbun,silvermoon,958,warrior,fury,18,10,8
Taaø,ravencrest,958,warrior,fury,24,10,14
Тактоядобрый,ashenvale,958,warrior,fury,30,10,20
Budwise,stormscale,957,warrior,fury,18,10,8
Едигейй,gordunni,957,warrior,fury,18,10,8
Settin,silvermoon,956,warrior,fury,18,10,8
Jisoowar,blackhand,956,warrior,fury,24,10,14
Thodak,blackrock,956,warrior,fury,30,10,20
Kurenn,tarren-mill,956,warrior,fury,30,10,20
Onga,frostwolf,954,warrior,fury,18,10,8
Xugzug,blackmoore,954,warrior,fury,24,10,14
Борзило,howling-fjord,953,warrior,fury,18,10,8
Murgrimm,die-silberne-hand,953,warrior,fury,57,29,28
Xonnico,ravencrest,953,warrior,fury,30,11,19
Grák,bronze-dragonflight,952,warrior,fury,18,10,8
Darriuso,kazzak,952,warrior,fury,24,10,14
Cuuz,outland,951,warrior,fury,24,10,14
Drolaret,zuljin,950,warrior,fury,21,10,11
Лизерус,eversong,949,warrior,fury,12,10,2
Flaggerware,stormscale,948,warrior,fury,24,10,14
Draxxann,ravencrest,946,warrior,fury,12,10,2
Hazl,balnazzar,945,warrior,fury,29,17,12
Taurras,nathrezim,945,warrior,fury,62,33,29
Xaturesw,twisting-nether,943,warrior,fury,12,10,2
Tiapollo,dun-modr,932,warrior,fury,29,10,19
Rédsonja,chamber-of-aspects,922,warrior,fury,48,24,24
Dirtybugga,nagrand,916,warrior,fury,16,11,5
Stroj,aerie-peak,916,warrior,fury,59,31,28
Дерзкаяфурия,gordunni,913,warrior,fury,23,10,13
Ogerit,blackmoore,898,warrior,fury,30,14,16
Суферна,howling-fjord,894,warrior,fury,27,13,14
Каган,gordunni,890,warrior,fury,17,10,7
Bëlzé,les-clairvoyants,887,warrior,fury,38,14,24
Mélin,ravencrest,876,warrior,fury,19,10,9
Jâbs,hyjal,875,warrior,fury,36,11,25
Sparkzu,twisting-nether,864,warrior,fury,12,9,3
Kihili,twisting-nether,864,warrior,fury,12,9,3
Licious,outland,864,warrior,fury,12,9,3
Warzzor,auchindoun,864,warrior,fury,18,9,9
Xzurgster,twisting-nether,864,warrior,fury,18,9,9
Bigbugatti,draenor,864,warrior,fury,24,9,15
Рэйвисмашина,gordunni,864,warrior,fury,24,9,15
Luphrek,ysondre,864,warrior,fury,24,9,15
Broksigarr,ragnaros,863,warrior,fury,12,9,3
Веоленс,gordunni,863,warrior,fury,12,9,3
Raynhorn,silvermoon,863,warrior,fury,18,9,9
Habaneroo,zuljin,863,warrior,fury,18,9,9
Showerfresh,silvermoon,863,warrior,fury,18,9,9
Нейв,blackscar,863,warrior,fury,18,9,9
Grimic,quelthalas,863,warrior,fury,18,9,9
Tandrall,rexxar,863,warrior,fury,24,9,15
Inflacija,grim-batol,863,warrior,fury,24,9,15
Zyzie,argent-dawn,863,warrior,fury,24,9,15
Cianna,silvermoon,862,warrior,fury,12,9,3
Vandalismee,draenor,862,warrior,fury,12,9,3
Grimleaper,twisting-nether,862,warrior,fury,18,9,9
Denshyel,dun-modr,861,warrior,fury,15,10,5
Throck,drakthul,861,warrior,fury,18,9,9
Madhardy,chamber-of-aspects,860,warrior,fury,18,9,9
Hellguarrd,silvermoon,860,warrior,fury,24,9,15
Эфириад,soulflayer,859,warrior,fury,18,9,9
Toecutter,defias-brotherhood,859,warrior,fury,21,10,11
Valkirya,arthas,859,warrior,fury,24,9,15
Rqyz,tarren-mill,856,warrior,fury,18,9,9
Saykage,blackhand,854,warrior,fury,18,9,9
Блиблоб,eversong,852,warrior,fury,18,9,9
Pollverizer,ghostlands,851,warrior,fury,36,16,20
Sparkss,sylvanas,850,warrior,fury,18,9,9
Спунжио,ashenvale,848,warrior,fury,18,9,9
Killpieric,krasus,848,warrior,fury,30,9,21
Ânaxi,silvermoon,831,warrior,fury,14,10,4
Громорашман,grom,829,warrior,fury,14,10,4
Warallari,khaz-modan,829,warrior,fury,18,9,9
Tiscanno,nemesis,828,warrior,fury,24,11,13
Jøtawarrior,sanguino,815,warrior,fury,17,9,8
Варриорнир,howling-fjord,814,warrior,fury,14,10,4
Kerando,tirion,814,warrior,fury,17,9,8
Wotulko,blackrock,793,warrior,fury,17,9,8
Gamepresa,silvermoon,783,warrior,fury,13,9,4
Jokkul,tarren-mill,768,warrior,fury,12,8,4
Blizo,tarren-mill,768,warrior,fury,12,8,4
Ciuez,tarren-mill,768,warrior,fury,12,8,4
Punks,ravencrest,768,warrior,fury,12,8,4
Jengaa,draenor,768,warrior,fury,12,8,4
Aléxsandra,ravencrest,768,warrior,fury,12,8,4
Crîxús,silvermoon,768,warrior,fury,12,8,4
Shilix,twisting-nether,768,warrior,fury,12,8,4
Oowar,burning-legion,768,warrior,fury,12,8,4
Zern,draenor,768,warrior,fury,12,8,4
Krathox,kazzak,768,warrior,fury,18,8,10
Pòóòóòóòópz,dun-modr,768,warrior,fury,18,8,10
Joéfernandés,sylvanas,768,warrior,fury,18,8,10
Alpairx,aegwynn,768,warrior,fury,24,8,16
Míngxuan,tarren-mill,767,warrior,fury,12,8,4
Skeptikal,argent-dawn,767,warrior,fury,12,8,4
Баджераа,soulflayer,767,warrior,fury,12,8,4
Wätras,drakthul,767,warrior,fury,12,8,4
Мастерпве,blackscar,767,warrior,fury,12,8,4
Báshx,outland,767,warrior,fury,12,8,4
Youups,twisting-nether,767,warrior,fury,12,8,4
Skillclapped,ravencrest,767,warrior,fury,15,9,6
Онатолька,eversong,767,warrior,fury,16,9,7
Rëvenge,burning-legion,767,warrior,fury,18,8,10
Ðíscøwârrìør,nethersturm,767,warrior,fury,18,8,10
Dallion,azjolnerub,767,warrior,fury,18,8,10
Elainax,eredar,767,warrior,fury,18,8,10
Ødên,frostmane,767,warrior,fury,18,8,10
Rowr,argent-dawn,767,warrior,fury,18,8,10
Divyx,tarren-mill,767,warrior,fury,18,8,10
Глинм,gordunni,767,warrior,fury,24,8,16
Thebiggreen,twisting-nether,766,warrior,fury,12,8,4
Ампутиль,gordunni,766,warrior,fury,12,8,4
Лазба,gordunni,766,warrior,fury,16,9,7
Arlan,dragonblight,766,warrior,fury,30,8,22
Сэч,gordunni,765,warrior,fury,12,8,4
Насувака,deathguard,765,warrior,fury,18,8,10
Malasortë,sylvanas,764,warrior,fury,18,8,10
Andij,blackmoore,764,warrior,fury,18,8,10
Drswing,kazzak,764,warrior,fury,24,8,16
Greatsword,turalyon,763,warrior,fury,12,8,4
Ipes,blackmoore,763,warrior,fury,15,9,6
Kllinac,kazzak,763,warrior,fury,18,8,10
Cazzpowa,frostmane,762,warrior,fury,12,8,4
Kaerz,ysondre,762,warrior,fury,18,8,10
Ikkr,kazzak,762,warrior,fury,24,8,16
Khaalo,blackhand,760,warrior,fury,12,8,4
Destrzadora,exodar,750,warrior,fury,18,8,10
Aedin,ravencrest,734,warrior,fury,17,8,9
Арнвальд,galakrond,728,warrior,fury,18,8,10
Kabbuki,die-aldor,726,warrior,fury,18,8,10
Вагранна,soulflayer,719,warrior,fury,17,8,9
Осгаард,gordunni,711,warrior,fury,21,10,11
Kilkov,emeriss,701,warrior,fury,16,8,8
Дмидрашх,howling-fjord,672,warrior,fury,10,8,2
Bourbimrgllr,hyjal,672,warrior,fury,12,7,5
Duarel,blackmoore,672,warrior,fury,12,7,5
Quadfather,kazzak,672,warrior,fury,12,7,5
Xxeqtr,kazzak,672,warrior,fury,12,7,5
Seraphys,ravencrest,672,warrior,fury,12,7,5
Фомори,howling-fjord,672,warrior,fury,12,7,5
Где,blackscar,672,warrior,fury,12,7,5
Tidarius,twisting-nether,672,warrior,fury,12,7,5
Senshin,sanguino,672,warrior,fury,12,7,5
Avgorcgodx,stormscale,672,warrior,fury,12,7,5
Waroworgen,terokkar,672,warrior,fury,12,7,5
Седунг,gordunni,672,warrior,fury,12,7,5
Eekz,haomarush,672,warrior,fury,12,7,5
Lyrv,ravencrest,672,warrior,fury,12,7,5
Dõxqt,kazzak,672,warrior,fury,12,7,5
Nerfslam,stormscale,672,warrior,fury,17,8,9
Gramrosh,eredar,672,warrior,fury,18,7,11
Theolcostaud,archimonde,672,warrior,fury,18,7,11
Shintuargar,blackrock,672,warrior,fury,18,7,11
Emcix,aszune,672,warrior,fury,18,7,11
Grulbash,stormscale,672,warrior,fury,18,7,11
Кэйкан,gordunni,672,warrior,fury,18,7,11
Sniperwølf,tyrande,671,warrior,fury,12,7,5
Sargonas,burning-blade,671,warrior,fury,12,7,5
Dgyfh,dun-morogh,671,warrior,fury,12,7,5
Broknagar,draenor,671,warrior,fury,12,7,5
Теокрафт,howling-fjord,671,warrior,fury,12,7,5
Flexecutie,silvermoon,671,warrior,fury,12,7,5
Zehirjin,sargeras,671,warrior,fury,12,7,5
Obox,ravencrest,671,warrior,fury,12,7,5
Лаинвуд,soulflayer,671,warrior,fury,15,8,7
Sköldpaddor,tarren-mill,671,warrior,fury,16,8,8
Hagoxfit,los-errantes,671,warrior,fury,18,7,11
Kolxoz,doomhammer,671,warrior,fury,18,7,11
Jaowa,blackmoore,671,warrior,fury,18,7,11
Ульданианин,gordunni,670,warrior,fury,12,7,5
Напутанность,soulflayer,670,warrior,fury,18,7,11
Giimlii,hyjal,668,warrior,fury,24,7,17
Thibow,hyjal,667,warrior,fury,12,7,5
Téldrus,blackrock,667,warrior,fury,12,7,5
Garosh,drakthul,666,warrior,fury,12,7,5
Solidier,archimonde,666,warrior,fury,18,7,11
Whiteebeardd,draenor,664,warrior,fury,18,7,11
Ocelote,elune,660,warrior,fury,12,7,5
Flexbot,blackmoore,659,warrior,fury,20,10,10
Merdé,blackhand,658,warrior,fury,12,7,5
Zeppek,dalaran,650,warrior,fury,18,7,11
Autümn,argent-dawn,618,warrior,fury,21,8,13
Scofiéld,lordaeron,601,warrior,fury,11,7,4
Parteyunques,sanguino,592,warrior,fury,13,7,6
Quarantino,ysondre,590,warrior,fury,23,7,16
Артэкриогг,soulflayer,576,warrior,fury,6,6,0
Erosdulko,silvermoon,576,warrior,fury,12,6,6
Omcat,dun-modr,576,warrior,fury,12,6,6
Nallepúh,silvermoon,576,warrior,fury,12,6,6
Crandalius,kazzak,576,warrior,fury,12,6,6
Aurélus,rexxar,576,warrior,fury,12,6,6
Rarcus,chamber-of-aspects,576,warrior,fury,12,6,6
Rândy,confrérie-du-thorium,576,warrior,fury,12,6,6
Sakumo,sylvanas,576,warrior,fury,12,6,6
Faithless,azshara,576,warrior,fury,12,6,6
Vatolocoese,dun-morogh,576,warrior,fury,12,6,6
Gnomet,auchindoun,576,warrior,fury,12,6,6
Humanboi,ravencrest,576,warrior,fury,12,6,6
Dhloos,kazzak,576,warrior,fury,12,6,6
Zkb,zuljin,576,warrior,fury,12,6,6
Stanfury,sylvanas,576,warrior,fury,12,6,6
Рэйлет,gordunni,576,warrior,fury,12,6,6
Ellissari,tirion,576,warrior,fury,12,6,6
Rudvard,hyjal,576,warrior,fury,12,6,6
Dírectdash,draenor,576,warrior,fury,12,6,6
Redwraith,stormscale,576,warrior,fury,12,6,6
Shurubel,outland,576,warrior,fury,12,6,6
Асгинор,gordunni,576,warrior,fury,12,6,6
Waterquéen,outland,576,warrior,fury,12,6,6
Timagno,nemesis,576,warrior,fury,12,6,6
Silq,zuljin,576,warrior,fury,18,6,12
Сталиран,gordunni,576,warrior,fury,18,6,12
Mazzkze,silvermoon,576,warrior,fury,18,6,12
Nemecic,arathor,576,warrior,fury,18,6,12
Prettyangel,aegwynn,576,warrior,fury,18,6,12
Razoo,stormscale,576,warrior,fury,18,6,12
Bäiley,drakthul,576,warrior,fury,24,6,18
Nighat,sanguino,575,warrior,fury,6,6,0
Jâmâli,malganis,575,warrior,fury,12,6,6
Esegryel,argent-dawn,575,warrior,fury,12,6,6
Bloódángel,frostwolf,575,warrior,fury,12,6,6
Конвержн,howling-fjord,575,warrior,fury,12,6,6
Nihroxis,blackrock,575,warrior,fury,12,6,6
Richymorty,los-errantes,575,warrior,fury,12,6,6
Zulien,sanguino,575,warrior,fury,12,6,6
Daramir,turalyon,575,warrior,fury,12,6,6
Nicperh,dun-modr,575,warrior,fury,12,6,6
Gahal,tyrande,575,warrior,fury,12,6,6
Leorx,draenor,575,warrior,fury,12,6,6
Fightinghell,stormrage,575,warrior,fury,12,6,6
Durrüti,sanguino,575,warrior,fury,12,6,6
Akäme,ysondre,575,warrior,fury,18,6,12
Вкусныисыр,soulflayer,574,warrior,fury,12,6,6
Lobotomywar,drakthul,573,warrior,fury,6,6,0
Kharzak,ungoro,573,warrior,fury,12,6,6
Зарган,howling-fjord,573,warrior,fury,24,6,18
Джомалкович,deathweaver,572,warrior,fury,12,6,6
Guinnasse,khaz-modan,567,warrior,fury,12,6,6
Miina,blutkessel,566,warrior,fury,12,6,6
Khrund,burning-legion,566,warrior,fury,14,6,8
Piinte,naxxramas,536,warrior,fury,14,7,7
Skeptikal,tarren-mill,527,warrior,fury,11,6,5
Narkololzz,marécage-de-zangar,527,warrior,fury,15,6,9
Balsor,frostmane,526,warrior,fury,11,6,5
Retmain,draenor,522,warrior,fury,20,8,12
Ragedotcom,archimonde,511,warrior,fury,16,6,10
Blutwar,kazzak,499,warrior,fury,25,11,14
Вульфычч,gordunni,480,warrior,fury,6,5,1
Xtu,kazzak,480,warrior,fury,6,5,1
Fivejee,ravencrest,480,warrior,fury,6,5,1
Кроуфури,gordunni,480,warrior,fury,6,5,1
Ганахан,soulflayer,480,warrior,fury,6,5,1
Easypoîntsx,tarren-mill,480,warrior,fury,6,5,1
Timmyda,dalaran,480,warrior,fury,6,5,1
Megabrux,colinas-pardas,480,warrior,fury,6,5,1
Propanex,kazzak,480,warrior,fury,6,5,1
Röell,draenor,480,warrior,fury,6,5,1
Ézélya,dalaran,480,warrior,fury,6,5,1
Дайбек,howling-fjord,480,warrior,fury,6,5,1
Therealskull,grim-batol,480,warrior,fury,6,5,1
Raicho,dentarg,480,warrior,fury,6,5,1
Jeronimoe,blackmoore,480,warrior,fury,6,5,1
Dontrundie,kazzak,480,warrior,fury,6,5,1
Bârney,ravencrest,480,warrior,fury,6,5,1
Ptp,argent-dawn,480,warrior,fury,6,5,1
Брокскрим,soulflayer,480,warrior,fury,6,5,1
Lzdmfckmeazy,blackmoore,480,warrior,fury,9,6,3
Stkacha,sanguino,480,warrior,fury,12,5,7
Savarøx,blackmoore,480,warrior,fury,12,5,7
Suknur,silvermoon,480,warrior,fury,12,5,7
Léonie,arakarahm,480,warrior,fury,12,5,7
Delonathor,drakthul,480,warrior,fury,12,5,7
Soullmike,drakthul,480,warrior,fury,12,5,7
Кэфтэмэ,soulflayer,480,warrior,fury,12,5,7
Nightmareb,magtheridon,480,warrior,fury,12,5,7
Kondomi,stormreaver,480,warrior,fury,12,5,7
Bløckqt,archimonde,480,warrior,fury,12,5,7
Helleon,twisting-nether,480,warrior,fury,12,5,7
Bîmbämboom,blackmoore,480,warrior,fury,12,5,7
Dauderup,aerie-peak,480,warrior,fury,12,5,7
Гатал,howling-fjord,480,warrior,fury,12,5,7
Магрейн,grom,480,warrior,fury,12,5,7
Petrixens,drakthul,480,warrior,fury,12,5,7
Arthayl,eredar,480,warrior,fury,12,5,7
Rohc,kazzak,480,warrior,fury,12,5,7
Cemule,doomhammer,480,warrior,fury,12,5,7
Darthmalgus,stormscale,480,warrior,fury,12,5,7
Hellocritty,blackmoore,480,warrior,fury,12,5,7
Jugg,emerald-dream,480,warrior,fury,12,5,7
Bøgatyr,draenor,480,warrior,fury,12,5,7
Massiveape,argent-dawn,480,warrior,fury,12,5,7
Килоагр,gordunni,480,warrior,fury,12,5,7
Ulthrak,archimonde,480,warrior,fury,12,5,7
Corlo,uldaman,480,warrior,fury,12,5,7
Beznacaj,outland,480,warrior,fury,12,5,7
Armirtile,twisting-nether,480,warrior,fury,12,5,7
Punahabe,draenor,480,warrior,fury,12,5,7
Wallach,darkspear,480,warrior,fury,12,5,7
Deadwaifu,ragnaros,480,warrior,fury,12,5,7
Axamo,ragnaros,480,warrior,fury,12,5,7
Rageaholic,blackmoore,480,warrior,fury,12,5,7
Orkoje,argent-dawn,480,warrior,fury,12,5,7
Kagsteelfist,twisting-nether,480,warrior,fury,12,5,7
Лысыч,gordunni,480,warrior,fury,12,5,7
Ruixxted,stormreaver,480,warrior,fury,12,5,7
Bindera,silvermoon,480,warrior,fury,18,5,13
Artheim,silvermoon,480,warrior,fury,18,5,13
Fluffeh,argent-dawn,480,warrior,fury,18,5,13
Ukloth,sanguino,480,warrior,fury,18,5,13
Sodium,pozzo-delleternità,480,warrior,fury,18,5,13
Honör,sylvanas,480,warrior,fury,18,5,13
Czarian,ragnaros,480,warrior,fury,24,5,19
Haregos,gorgonnash,479,warrior,fury,6,5,1
Telamonas,haomarush,479,warrior,fury,6,5,1
Marklarstar,ragnaros,479,warrior,fury,12,5,7
Cosmoses,mazrigos,479,warrior,fury,12,5,7
Prime,outland,479,warrior,fury,12,5,7
Luciferkhan,twisting-nether,479,warrior,fury,12,5,7
Motorhead,tirion,479,warrior,fury,12,5,7
Варёнок,soulflayer,479,warrior,fury,12,5,7
Keaile,tarren-mill,479,warrior,fury,12,5,7
Wilmazutschn,nethersturm,479,warrior,fury,12,5,7
Элейд,thermaplugg,479,warrior,fury,12,5,7
Amsti,doomhammer,477,warrior,fury,6,5,1
Roostai,shattered-hand,476,warrior,fury,12,5,7
Albabhaltair,quelthalas,476,warrior,fury,12,5,7
Mane,thunderhorn,475,warrior,fury,12,5,7
Quickblade,perenolde,472,warrior,fury,12,5,7
Horymir,ravencrest,463,warrior,fury,11,5,6
Wrathchild,blackrock,447,warrior,fury,11,5,6
Valrathion,ravencrest,426,warrior,fury,17,8,9
Yugoslav,argent-dawn,426,warrior,fury,16,6,10
Djranji,kazzak,416,warrior,fury,10,5,5
Xguildone,magtheridon,409,warrior,fury,14,5,9
Famous,argent-dawn,400,warrior,fury,7,5,2
Extasceh,turalyon,384,warrior,fury,6,4,2
Warbigboss,draenor,384,warrior,fury,6,4,2
Orkboii,ravencrest,384,warrior,fury,6,4,2
Satabasse,marécage-de-zangar,384,warrior,fury,6,4,2
Кайзерчиф,soulflayer,384,warrior,fury,6,4,2
Oluwafunmila,tarren-mill,384,warrior,fury,6,4,2
Chipstjuven,tarren-mill,384,warrior,fury,6,4,2
Нерморрог,howling-fjord,384,warrior,fury,6,4,2
Daldiee,ravencrest,384,warrior,fury,6,4,2
Infernall,burning-legion,384,warrior,fury,6,4,2
Hofftor,eredar,384,warrior,fury,6,4,2
Ronipickerin,stormscale,384,warrior,fury,6,4,2
Stickifrån,darkspear,384,warrior,fury,6,4,2
Lôreex,ravencrest,384,warrior,fury,6,4,2
Bravest,ragnaros,384,warrior,fury,6,4,2
Dominow,ysondre,384,warrior,fury,6,4,2
Кофесмолоком,ashenvale,384,warrior,fury,6,4,2
Søil,tarren-mill,384,warrior,fury,6,4,2
Madvlad,twisting-nether,384,warrior,fury,6,4,2
Nobelisarius,norgannon,384,warrior,fury,6,4,2
Gotnuub,tarren-mill,384,warrior,fury,6,4,2
Asuross,dalaran,384,warrior,fury,6,4,2
Saurens,twisting-nether,384,warrior,fury,6,4,2
Vivaladirt,argent-dawn,384,warrior,fury,6,4,2
Вульрайс,deepholm,384,warrior,fury,6,4,2
Hangart,argent-dawn,384,warrior,fury,6,4,2
Tsu,karazhan,384,warrior,fury,6,4,2
Zeldius,ravencrest,384,warrior,fury,6,4,2
Zimbabakunda,ravencrest,384,warrior,fury,6,4,2
Bersurker,draenor,384,warrior,fury,6,4,2
Ränchiëk,ravencrest,384,warrior,fury,6,4,2
Executte,zuljin,384,warrior,fury,6,4,2
Roadsick,outland,384,warrior,fury,6,4,2
Цикламея,blackscar,384,warrior,fury,6,4,2
Pierøne,nemesis,384,warrior,fury,6,4,2
Vullgrîm,blackmoore,384,warrior,fury,6,4,2
Gandosh,blackmoore,384,warrior,fury,6,4,2
Ryghar,silvermoon,384,warrior,fury,6,4,2
Imora,silvermoon,384,warrior,fury,6,4,2
Shuriká,blackmoore,384,warrior,fury,6,4,2
Razzani,nathrezim,384,warrior,fury,6,4,2
Thôras,anetheron,384,warrior,fury,6,4,2
Впижаме,gordunni,384,warrior,fury,6,4,2
Стано,booty-bay,384,warrior,fury,6,4,2
Suzzon,hyjal,384,warrior,fury,6,4,2
Truepassion,outland,384,warrior,fury,6,4,2
Unqlolz,kazzak,384,warrior,fury,6,4,2
Mórdér,blackmoore,384,warrior,fury,6,4,2
Deamonn,kazzak,384,warrior,fury,6,4,2
Swàck,mazrigos,384,warrior,fury,6,4,2
Histe,thrall,384,warrior,fury,6,4,2
Lôcutus,thrall,384,warrior,fury,6,4,2
Dollystyle,kazzak,384,warrior,fury,6,4,2
Sanhaevel,ravencrest,384,warrior,fury,10,4,6
Деспазитыч,fordragon,384,warrior,fury,12,4,8
Bwonsàmdí,ragnaros,384,warrior,fury,12,4,8
Katmos,baelgun,384,warrior,fury,12,4,8
Изберг,soulflayer,384,warrior,fury,12,4,8
Янесними,soulflayer,384,warrior,fury,12,4,8
Aprilis,thrall,384,warrior,fury,12,4,8
Råkeff,tarren-mill,384,warrior,fury,12,4,8
Andjuu,doomhammer,384,warrior,fury,12,4,8
Basiletha,hyjal,384,warrior,fury,12,4,8
Poniroula,burning-legion,384,warrior,fury,12,4,8
Аркашевич,gordunni,384,warrior,fury,12,4,8
Nekerka,burning-legion,384,warrior,fury,12,4,8
Tanalias,outland,384,warrior,fury,12,4,8
Painswift,blackhand,384,warrior,fury,12,4,8
Hulkzmash,tarren-mill,384,warrior,fury,12,4,8
Fistawarrior,nemesis,384,warrior,fury,12,4,8
Fortressa,ravencrest,384,warrior,fury,12,4,8
Têtebruler,archimonde,384,warrior,fury,12,4,8
Bulletpants,argent-dawn,384,warrior,fury,12,4,8
Колобочек,eversong,384,warrior,fury,12,4,8
Garradoom,stormscale,384,warrior,fury,17,5,12
Romanondo,doomhammer,383,warrior,fury,6,4,2
Siltiel,marécage-de-zangar,383,warrior,fury,6,4,2
Bulbumbo,twisting-nether,383,warrior,fury,6,4,2
Gudvin,terokkar,383,warrior,fury,6,4,2
Xhasan,sylvanas,383,warrior,fury,12,4,8
Dullegriet,veknilash,383,warrior,fury,12,4,8
Onslaught,pozzo-delleternità,383,warrior,fury,12,4,8
Grenad,kazzak,383,warrior,fury,12,4,8
Kratosz,bloodscalp,382,warrior,fury,6,4,2
Ruuddy,draenor,382,warrior,fury,12,4,8
Inexo,blackrock,382,warrior,fury,12,4,8
Торакусу,gordunni,380,warrior,fury,12,4,8
Colliderbody,dun-modr,367,warrior,fury,9,5,4
Beogor,grim-batol,367,warrior,fury,11,4,7
Pitii,burning-legion,351,warrior,fury,8,5,3
Toxîn,dalaran,351,warrior,fury,11,4,7
Greensmash,hyjal,351,warrior,fury,14,5,9
Hembränt,hellfire,351,warrior,fury,17,4,13
Bossít,doomhammer,336,warrior,fury,9,4,5
Blackseven,ravencrest,330,warrior,fury,9,6,3
Skillissues,argent-dawn,330,warrior,fury,11,7,4
Gnompower,archimonde,319,warrior,fury,5,4,1
Manelar,draenor,319,warrior,fury,8,4,4
Хоркан,blackscar,319,warrior,fury,8,4,4
Anaba,voljin,318,warrior,fury,10,4,6
Neíd,malganis,288,warrior,fury,6,3,3
Инкула,gordunni,288,warrior,fury,6,3,3
Mumbojumbo,uldum,288,warrior,fury,6,3,3
Hazarku,colinas-pardas,288,warrior,fury,6,3,3
Гацс,soulflayer,288,warrior,fury,6,3,3
Rägnât,dun-modr,288,warrior,fury,6,3,3
Friendlytwo,quelthalas,288,warrior,fury,6,3,3
Nifrediel,trollbane,288,warrior,fury,6,3,3
Васяжелезо,gordunni,288,warrior,fury,6,3,3
Skullsmasher,stormscale,288,warrior,fury,6,3,3
Bonnejournée,stormscale,288,warrior,fury,6,3,3
Wunderwaffle,xavius,288,warrior,fury,6,3,3
Uncledazzo,quelthalas,288,warrior,fury,6,3,3
Donvasto,sylvanas,288,warrior,fury,6,3,3
Izrael,alakir,288,warrior,fury,6,3,3
Thorgaz,blackmoore,288,warrior,fury,6,3,3
Kronmw,dun-modr,288,warrior,fury,6,3,3
Снакихснаки,gordunni,288,warrior,fury,6,3,3
Gypsykìng,darksorrow,288,warrior,fury,6,3,3
Bstgame,frostmane,288,warrior,fury,6,3,3
Whàtsup,stormscale,288,warrior,fury,6,3,3
Mfdoöm,draenor,288,warrior,fury,6,3,3
Kapuchino,twisting-nether,288,warrior,fury,6,3,3
Dangeruos,ragnaros,288,warrior,fury,6,3,3
Sargul,ragnaros,288,warrior,fury,6,3,3
Jamiex,marécage-de-zangar,288,warrior,fury,6,3,3
Goorila,kazzak,288,warrior,fury,6,3,3
Geicoo,dalaran,288,warrior,fury,6,3,3
Sulemanslay,silvermoon,288,warrior,fury,6,3,3
Грош,deepholm,288,warrior,fury,6,3,3
Cryze,ravencrest,288,warrior,fury,6,3,3
Blackwólf,bloodhoof,288,warrior,fury,6,3,3
Immera,silvermoon,288,warrior,fury,6,3,3
Taeshalach,der-abyssische-rat,288,warrior,fury,6,3,3
Balltas,drakthul,288,warrior,fury,6,3,3
Khrtw,silvermoon,288,warrior,fury,6,3,3
Lâppön,blackmoore,288,warrior,fury,6,3,3
Nitheriá,draenor,288,warrior,fury,6,3,3
Damonx,draenor,288,warrior,fury,6,3,3
Hortswarr,drakthul,288,warrior,fury,6,3,3
Dajnatarcze,burning-legion,288,warrior,fury,6,3,3
Kopfnusskali,thrall,288,warrior,fury,6,3,3
Smâllpackage,silvermoon,288,warrior,fury,6,3,3
Ivailowar,ravencrest,288,warrior,fury,6,3,3
Grinrok,thrall,288,warrior,fury,6,3,3
Morishcrak,kazzak,288,warrior,fury,6,3,3
Afk,emeriss,288,warrior,fury,6,3,3
Didgedelik,archimonde,288,warrior,fury,6,3,3
Vory,ravencrest,288,warrior,fury,6,3,3
Peon,eredar,288,warrior,fury,6,3,3
Azotz,archimonde,288,warrior,fury,6,3,3
Manký,kazzak,288,warrior,fury,6,3,3
Frankytank,antonidas,288,warrior,fury,6,3,3
Barrocket,aegwynn,288,warrior,fury,6,3,3
Sørêy,aegwynn,288,warrior,fury,6,3,3
Berzzerker,tarren-mill,288,warrior,fury,6,3,3
Aìrwave,blackmoore,288,warrior,fury,6,3,3
Eiche,kazzak,288,warrior,fury,6,3,3
Kristinas,tarren-mill,288,warrior,fury,6,3,3
Eleborn,tarren-mill,288,warrior,fury,6,3,3
Cleavyera,tarren-mill,288,warrior,fury,6,3,3
Tabboonishka,draenor,288,warrior,fury,6,3,3
Cøbain,eredar,288,warrior,fury,6,3,3
Xerone,doomhammer,288,warrior,fury,6,3,3
Mïîäm,archimonde,288,warrior,fury,6,3,3
Anakhas,archimonde,288,warrior,fury,6,3,3
Drfeelgud,twisting-nether,288,warrior,fury,6,3,3
Ganzaésábi,aggra-português,288,warrior,fury,6,3,3
Septymyya,eredar,288,warrior,fury,9,4,5
Bigpapapap,kazzak,288,warrior,fury,10,3,7
Mouldyclunge,argent-dawn,288,warrior,fury,11,3,8
Ganian,stormscale,288,warrior,fury,12,3,9
Nightvision,skullcrusher,288,warrior,fury,12,3,9
Dabliu,burning-legion,288,warrior,fury,12,3,9
Zyn,outland,288,warrior,fury,12,3,9
Aphae,defias-brotherhood,288,warrior,fury,12,3,9
Grommer,dentarg,288,warrior,fury,12,3,9
Pamila,outland,288,warrior,fury,12,3,9
Zionto,draenor,288,warrior,fury,12,3,9
Gèrralt,hyjal,288,warrior,fury,12,3,9
Учихагодх,howling-fjord,288,warrior,fury,12,3,9
Джондо,gordunni,288,warrior,fury,12,3,9
Confliction,outland,288,warrior,fury,12,3,9
Conânan,blackrock,288,warrior,fury,12,3,9
Urabrask,stormscale,288,warrior,fury,12,3,9
Malvred,eredar,288,warrior,fury,12,3,9
Ireincarnate,argent-dawn,288,warrior,fury,12,3,9
Zercher,tarren-mill,288,warrior,fury,12,3,9
Kiryn,draenor,288,warrior,fury,12,3,9
Skykrow,ysondre,288,warrior,fury,12,3,9
Theunknown,eonar,288,warrior,fury,12,3,9
Valldi,argent-dawn,288,warrior,fury,12,3,9
Jasonnes,argent-dawn,288,warrior,fury,17,3,14
Atelier,magtheridon,287,warrior,fury,6,3,3
Gartenzwerge,kelthuzad,287,warrior,fury,6,3,3
Titanhaut,frostwolf,287,warrior,fury,6,3,3
Arnnau,dun-modr,287,warrior,fury,6,3,3
Agunnai,karazhan,286,warrior,fury,6,3,3
Raffael,pozzo-delleternità,286,warrior,fury,12,3,9
Bubbsi,turalyon,284,warrior,fury,12,3,9
Execute,sanguino,239,warrior,fury,5,3,2
Xqt,laughing-skull,234,warrior,fury,9,4,5
Iarsonn,drakthul,223,warrior,fury,8,3,5
Флокт,howling-fjord,208,warrior,fury,7,3,4
Имбанутыйвар,soulflayer,192,warrior,fury,4,3,1
Mudryk,burning-blade,192,warrior,fury,4,3,1
Балласёж,gordunni,192,warrior,fury,9,3,6
Crocbait,ravencrest,192,warrior,fury,6,2,4
Врэкклив,gordunni,192,warrior,fury,6,2,4
Mash,hyjal,192,warrior,fury,6,2,4
Джоулирэдблу,howling-fjord,192,warrior,fury,6,2,4
Lánse,ravencrest,192,warrior,fury,6,2,4
Amédé,ysondre,192,warrior,fury,6,2,4
Wembley,proudmoore,192,warrior,fury,6,2,4
Illydan,turalyon,192,warrior,fury,6,2,4
Moonkak,hyjal,192,warrior,fury,6,2,4
Kalakalle,twisting-nether,192,warrior,fury,6,2,4
Malalulu,burning-legion,192,warrior,fury,6,2,4
Suichôken,archimonde,192,warrior,fury,6,2,4
Evilweraz,turalyon,192,warrior,fury,6,2,4
Walkers,frostmane,192,warrior,fury,6,2,4
Yaune,ravencrest,192,warrior,fury,6,2,4
Jambaz,ravencrest,192,warrior,fury,6,2,4
Gregórry,eredar,192,warrior,fury,6,2,4
Hördê,zuljin,192,warrior,fury,6,2,4
Piixxz,hyjal,192,warrior,fury,6,2,4
Mîcî,tarren-mill,192,warrior,fury,6,2,4
Velgur,ravencrest,192,warrior,fury,6,2,4
Holdemhammer,sanguino,192,warrior,fury,6,2,4
Sefty,tarren-mill,192,warrior,fury,6,2,4
Чюнилингус,soulflayer,192,warrior,fury,6,2,4
Fookyoup,stormscale,192,warrior,fury,6,2,4
Alxqt,outland,192,warrior,fury,6,2,4
Cortix,blackmoore,192,warrior,fury,6,2,4
Aler,alakir,192,warrior,fury,6,2,4
Nexyycleave,kazzak,192,warrior,fury,6,2,4
Shownomercy,blackrock,192,warrior,fury,6,2,4
Khòrne,sanguino,192,warrior,fury,6,2,4
Rayyes,stormscale,192,warrior,fury,6,2,4
Warfield,draenor,192,warrior,fury,6,2,4
Гудмунт,borean-tundra,192,warrior,fury,6,2,4
Zargala,stormscale,192,warrior,fury,6,2,4
Fuwy,argent-dawn,192,warrior,fury,6,2,4
Apacolata,outland,192,warrior,fury,6,2,4
Саркон,ashenvale,192,warrior,fury,6,2,4
Jeembo,blackmoore,192,warrior,fury,6,2,4
Picklejuicer,argent-dawn,192,warrior,fury,6,2,4
Xiiver,burning-legion,192,warrior,fury,6,2,4
Qiz,silvermoon,192,warrior,fury,6,2,4
Whitescale,silvermoon,192,warrior,fury,6,2,4
Siuzy,blackrock,192,warrior,fury,6,2,4
Buntstift,thrall,192,warrior,fury,6,2,4
Gomblin,blackmoore,192,warrior,fury,6,2,4
Ragelust,twisting-nether,192,warrior,fury,6,2,4
Sgàthach,silvermoon,192,warrior,fury,6,2,4
Maidenless,quelthalas,192,warrior,fury,6,2,4
Admiràl,azuremyst,192,warrior,fury,6,2,4
Souler,burning-legion,192,warrior,fury,6,2,4
Onykat,aegwynn,192,warrior,fury,6,2,4
Искристый,howling-fjord,192,warrior,fury,6,2,4
Zirvey,tarren-mill,192,warrior,fury,6,2,4
Freddie,baelgun,192,warrior,fury,6,2,4
Ruz,defias-brotherhood,192,warrior,fury,6,2,4
Brutalz,kazzak,192,warrior,fury,6,2,4
Кунгфурик,soulflayer,192,warrior,fury,6,2,4
Nokturnâl,silvermoon,192,warrior,fury,6,2,4
Jriddyzug,ravencrest,192,warrior,fury,6,2,4
Maniaco,kazzak,192,warrior,fury,6,2,4
Nabucadnozor,illidan,192,warrior,fury,6,2,4
Tyranitar,pozzo-delleternità,192,warrior,fury,6,2,4
Basingaa,pozzo-delleternità,192,warrior,fury,6,2,4
Lianore,sanguino,192,warrior,fury,6,2,4
Антурим,howling-fjord,192,warrior,fury,6,2,4
Zalazain,burning-legion,192,warrior,fury,6,2,4
Pemex,stormreaver,192,warrior,fury,6,2,4
Miotyz,ahnqiraj,192,warrior,fury,6,2,4
Кентафурик,soulflayer,192,warrior,fury,6,2,4
Eyolf,thunderhorn,192,warrior,fury,6,2,4
Schneklinge,blutkessel,192,warrior,fury,8,2,6
Ikaroshi,silvermoon,192,warrior,fury,9,2,7
Thordis,sylvanas,192,warrior,fury,11,2,9
Altroox,malorne,192,warrior,fury,12,2,10
Pakusrage,defias-brotherhood,192,warrior,fury,12,2,10
Minotaureeni,silvermoon,192,warrior,fury,12,2,10
Andrjuscha,blackrock,192,warrior,fury,12,2,10
Frowenn,ravencrest,192,warrior,fury,12,2,10
Angrethar,tarren-mill,192,warrior,fury,12,2,10
Arzes,draenor,192,warrior,fury,12,2,10
Sycon,chamber-of-aspects,192,warrior,fury,12,2,10
Korova,blackrock,192,warrior,fury,12,2,10
Alvis,nathrezim,191,warrior,fury,6,2,4
Dorinaz,die-aldor,191,warrior,fury,6,2,4
Dj,ragnaros,191,warrior,fury,6,2,4
Krirlok,draenor,191,warrior,fury,6,2,4
Tömahawk,defias-brotherhood,191,warrior,fury,6,2,4
Omosha,burning-legion,191,warrior,fury,6,2,4
Loty,drakthul,175,warrior,fury,11,2,9
Кереешка,howling-fjord,175,warrior,fury,11,2,9
Limejuicer,argent-dawn,169,warrior,fury,12,5,7
Brülldozer,kargath,159,warrior,fury,5,2,3
Vlaax,ravencrest,138,warrior,fury,14,3,11
Æxcoast,ravencrest,128,warrior,fury,4,2,2
Krunchä,ragnaros,96,warrior,fury,3,2,1
Текайко,eversong,96,warrior,fury,3,2,1
Temprament,ravencrest,96,warrior,fury,6,1,5
Hammerfall,uldum,96,warrior,fury,6,1,5
Galenthor,ravencrest,96,warrior,fury,6,1,5
Sorkk,kazzak,96,warrior,fury,6,1,5
Wifioffline,silvermoon,96,warrior,fury,6,1,5
Woghard,drakthul,96,warrior,fury,6,1,5
Xenowarr,tarren-mill,96,warrior,fury,6,1,5
Stratic,blackmoore,96,warrior,fury,6,1,5
Mot,terenas,96,warrior,fury,6,1,5
Riptide,aggra-português,96,warrior,fury,6,1,5
Luw,twisting-nether,96,warrior,fury,6,1,5
Wanzzeur,hyjal,96,warrior,fury,6,1,5
Slayfox,dun-morogh,96,warrior,fury,6,1,5
Киссмиплис,gordunni,96,warrior,fury,6,1,5
Raakalainen,vashj,96,warrior,fury,6,1,5
Oxandrolona,argent-dawn,96,warrior,fury,6,1,5
Marícan,blackmoore,96,warrior,fury,6,1,5
Feltias,drakthul,96,warrior,fury,6,1,5
Dp,area-52,96,warrior,fury,6,1,5
Bladewound,draenor,96,warrior,fury,6,1,5
Wiliamwalace,zuljin,96,warrior,fury,6,1,5
Malebolia,mugthol,96,warrior,fury,6,1,5
Naspy,stormscale,96,warrior,fury,6,1,5
Moldamis,blackhand,96,warrior,fury,6,1,5
Corpsecount,stormrage,96,warrior,fury,6,1,5
Utharis,stormscale,96,warrior,fury,6,1,5
Grisettê,archimonde,96,warrior,fury,6,1,5
Moknar,alonsus,96,warrior,fury,6,1,5
Dyspó,sanguino,96,warrior,fury,6,1,5
Рагкар,gordunni,96,warrior,fury,6,1,5
Spacemachine,kazzak,96,warrior,fury,6,1,5
Greekazi,kazzak,96,warrior,fury,6,1,5
Coldstory,draenor,96,warrior,fury,6,1,5
Kronstris,veklor,96,warrior,fury,6,1,5
Elesharde,sanguino,96,warrior,fury,6,1,5
Azrail,xavius,96,warrior,fury,6,1,5
Raixxon,ragnaros,96,warrior,fury,6,1,5
Narkzsthki,kazzak,96,warrior,fury,6,1,5
Dolora,ragnaros,96,warrior,fury,6,1,5
Juanvaco,tarren-mill,96,warrior,fury,6,1,5
Swordluw,argent-dawn,96,warrior,fury,6,1,5
Армапипец,soulflayer,96,warrior,fury,6,1,5
Денеур,gordunni,96,warrior,fury,6,1,5
Фиббоначи,deathguard,96,warrior,fury,6,1,5
Анстасмэш,soulflayer,96,warrior,fury,6,1,5
Høxy,outland,96,warrior,fury,6,1,5
Furyfame,darksorrow,96,warrior,fury,6,1,5
Синнэр,blackscar,96,warrior,fury,6,1,5
Wardruine,dun-modr,96,warrior,fury,6,1,5
Спаццифика,soulflayer,96,warrior,fury,6,1,5
Grimmrock,gorgonnash,96,warrior,fury,6,1,5
Hágríd,ragnaros,96,warrior,fury,12,1,11
Kaodes,outland,96,warrior,fury,17,1,16
Pufy,ravencrest,79,warrior,fury,11,1,10
Krachz,draenor,63,warrior,fury,2,2,0
Elkatar,stormscale,46,warrior,fury,23,6,17
Lykevil,medivh,31,warrior,fury,2,1,1
Vivrya,silvermoon,31,warrior,fury,2,1,1
Marcus,ravencrest,2254,warrior,arms,150,79,71
Réckx,twisting-nether,2233,warrior,arms,93,52,41
Midgetdamis,blackhand,2230,warrior,arms,119,81,38
Scardrex,defias-brotherhood,2172,warrior,arms,94,49,45
Sickjackenn,executus,2166,warrior,arms,111,58,53
Seifcham,ragnaros,2156,warrior,arms,168,85,83
Thomasman,nerathor,2145,warrior,arms,96,48,48
Gewyon,ragnaros,2137,warrior,arms,66,40,26
Blîxtgordon,tarren-mill,2133,warrior,arms,78,42,36
Elwarroo,dun-modr,2125,warrior,arms,166,93,73
Palianytsia,ravencrest,2125,warrior,arms,77,40,37
Noragrets,stormscale,2116,warrior,arms,80,41,39
Regnarok,sylvanas,2115,warrior,arms,154,90,64
Скварх,howling-fjord,2112,warrior,arms,120,74,46
Savesta,dalaran,2112,warrior,arms,156,83,73
Yorgal,arakarahm,2106,warrior,arms,90,44,46
Grkpwh,silvermoon,2105,warrior,arms,88,48,40
Immørtálx,tarren-mill,2102,warrior,arms,72,38,34
Nikkí,naxxramas,2074,warrior,arms,96,50,46
Кокдиллак,soulflayer,2073,warrior,arms,122,62,60
Оркабал,howling-fjord,2045,warrior,arms,124,68,56
Dunecrab,tarren-mill,2042,warrior,arms,113,63,50
Cerry,ravencrest,2016,warrior,arms,123,63,60
Sharpen,chamber-of-aspects,2013,warrior,arms,86,43,43
Theryk,sanguino,2012,warrior,arms,119,58,61
Trâshwarriør,blackhand,1998,warrior,arms,62,27,35
Joeférnandes,ragnaros,1996,warrior,arms,77,38,39
Ulrid,draenor,1993,warrior,arms,78,40,38
Вэшикх,soulflayer,1984,warrior,arms,89,48,41
Zak,stormscale,1980,warrior,arms,96,43,53
Schwän,twisting-nether,1979,warrior,arms,36,25,11
Karny,ravencrest,1973,warrior,arms,66,39,27
Eidzo,tarren-mill,1970,warrior,arms,54,36,18
Qtcockxx,stormscale,1969,warrior,arms,66,33,33
Schaufelørc,blackrock,1966,warrior,arms,72,40,32
Markers,twisting-nether,1965,warrior,arms,91,41,50
Quotx,stormscale,1960,warrior,arms,118,54,64
Manaskhan,tarren-mill,1959,warrior,arms,174,90,84
Mitu,sanguino,1959,warrior,arms,239,120,119
Merked,kazzak,1958,warrior,arms,72,34,38
Thenx,tarren-mill,1956,warrior,arms,135,67,68
Shilix,twisting-nether,1956,warrior,arms,139,65,74
Pentagramlol,twisting-nether,1955,warrior,arms,64,34,30
Nedåh,blackrock,1954,warrior,arms,84,46,38
Purporcc,archimonde,1950,warrior,arms,63,32,31
Disarmed,auchindoun,1945,warrior,arms,54,31,23
Otp,ravencrest,1944,warrior,arms,96,50,46
Gabrijel,draenor,1939,warrior,arms,131,60,71
Dabr,stormscale,1938,warrior,arms,42,24,18
Myonmyonmyon,blackmoore,1937,warrior,arms,68,41,27
Wràthfúl,kazzak,1937,warrior,arms,137,69,68
Benzemá,sanguino,1936,warrior,arms,58,40,18
Rhâpsodyw,ravencrest,1935,warrior,arms,76,42,34
Zugzugcleave,blackrock,1931,warrior,arms,54,35,19
Kapuchino,twisting-nether,1921,warrior,arms,48,27,21
Aerês,tarren-mill,1912,warrior,arms,138,72,66
Комочекгнева,howling-fjord,1912,warrior,arms,139,70,69
Timpey,kazzak,1911,warrior,arms,54,30,24
Naronnas,drakthul,1910,warrior,arms,104,58,46
Ragestarved,ragnaros,1908,warrior,arms,83,40,43
Summerkarma,wildhammer,1904,warrior,arms,88,47,41
Apacolata,outland,1903,warrior,arms,57,29,28
Wargoth,draenor,1901,warrior,arms,57,34,23
Длоордпро,soulflayer,1900,warrior,arms,65,29,36
Фокатоп,blackscar,1895,warrior,arms,54,28,26
Saurens,twisting-nether,1895,warrior,arms,84,38,46
Çatàclysmíc,kazzak,1894,warrior,arms,102,51,51
Julololo,archimonde,1893,warrior,arms,72,40,32
Xvlanter,silvermoon,1892,warrior,arms,93,50,43
Galeron,kazzak,1892,warrior,arms,60,30,30
Куртфорренс,gordunni,1891,warrior,arms,67,28,39
Courageous,ravencrest,1889,warrior,arms,66,39,27
Bàrbandit,archimonde,1889,warrior,arms,90,44,46
Notthateasy,blackrock,1887,warrior,arms,42,24,18
Лилиофаныч,soulflayer,1886,warrior,arms,53,29,24
Alegral,ravencrest,1886,warrior,arms,189,91,98
Drclapit,blackrock,1884,warrior,arms,42,23,19
Ozrenac,kazzak,1883,warrior,arms,131,70,61
Sagethi,blackrock,1883,warrior,arms,77,37,40
Tsuperman,tarren-mill,1880,warrior,arms,54,31,23
Куесэс,howling-fjord,1880,warrior,arms,36,20,16
Gnømércy,stormscale,1878,warrior,arms,42,22,20
Cathériné,drakthul,1875,warrior,arms,48,27,21
Purpórc,archimonde,1875,warrior,arms,54,30,24
Бэнчпресс,soulflayer,1875,warrior,arms,60,29,31
Oswáld,defias-brotherhood,1874,warrior,arms,50,37,13
Doomqt,terokkar,1873,warrior,arms,47,27,20
Kartha,stormscale,1873,warrior,arms,54,28,26
Hellguard,archimonde,1872,warrior,arms,84,47,37
Liptonxecute,blackhand,1872,warrior,arms,48,26,22
Emix,arygos,1871,warrior,arms,54,31,23
Lostday,blackrock,1871,warrior,arms,111,56,55
Хиро,deathweaver,1870,warrior,arms,66,34,32
Regnarøk,sylvanas,1869,warrior,arms,71,44,27
Nassir,stormscale,1869,warrior,arms,78,42,36
Zhoti,outland,1866,warrior,arms,64,33,31
Mercey,stormscale,1865,warrior,arms,47,24,23
Брокскрим,soulflayer,1861,warrior,arms,60,30,30
Javakt,stormscale,1859,warrior,arms,174,82,92
Sekwar,twisting-nether,1858,warrior,arms,42,21,21
Mastodøntes,hyjal,1858,warrior,arms,67,32,35
Dõxqt,kazzak,1857,warrior,arms,56,30,26
Europ,silvermoon,1857,warrior,arms,162,78,84
Бодибилдерыч,gordunni,1855,warrior,arms,101,57,44
Mômsboy,tarren-mill,1853,warrior,arms,64,33,31
Ланро,gordunni,1853,warrior,arms,65,33,32
Àlexander,ravencrest,1852,warrior,arms,35,20,15
Infernion,jaedenar,1851,warrior,arms,36,23,13
Valoo,malganis,1850,warrior,arms,68,35,33
Skorm,mugthol,1849,warrior,arms,36,27,9
Reckqtw,eredar,1849,warrior,arms,92,50,42
Downpipe,twisting-nether,1849,warrior,arms,102,54,48
Xxeqtr,kazzak,1849,warrior,arms,95,45,50
Аоетакси,soulflayer,1848,warrior,arms,104,59,45
Хэйре,howling-fjord,1847,warrior,arms,148,78,70
Krônm,dun-modr,1847,warrior,arms,78,33,45
Nihe,stormreaver,1846,warrior,arms,66,30,36
Kaieh,argent-dawn,1844,warrior,arms,48,31,17
Nerfmyrage,hyjal,1844,warrior,arms,66,39,27
Messermozart,blackmoore,1844,warrior,arms,48,25,23
Civok,kult-der-verdammten,1844,warrior,arms,66,31,35
Крипочёк,gordunni,1842,warrior,arms,42,25,17
Wasro,norgannon,1841,warrior,arms,70,35,35
Daredevìl,eredar,1841,warrior,arms,101,49,52
Jriddyzug,ravencrest,1840,warrior,arms,62,33,29
Enøt,kazzak,1839,warrior,arms,53,25,28
Ässholedamis,blackhand,1837,warrior,arms,48,35,13
Sneakydrm,kazzak,1837,warrior,arms,40,23,17
Gguts,archimonde,1837,warrior,arms,85,46,39
Khalimov,tarren-mill,1837,warrior,arms,96,51,45
Nukerz,kirin-tor,1836,warrior,arms,60,34,26
Аэска,deathweaver,1836,warrior,arms,60,28,32
Tozzhug,ragnaros,1835,warrior,arms,48,28,20
Kanté,burning-blade,1834,warrior,arms,41,24,17
Chaddimus,draenor,1833,warrior,arms,42,28,14
Æriø,dalaran,1833,warrior,arms,48,27,21
Compétiteub,archimonde,1833,warrior,arms,60,29,31
Blåvingad,kazzak,1831,warrior,arms,56,34,22
Боссберс,soulflayer,1831,warrior,arms,89,44,45
Watrux,outland,1831,warrior,arms,66,31,35
Trapoulas,kazzak,1831,warrior,arms,83,36,47
Воинлета,howling-fjord,1830,warrior,arms,101,60,41
Khÿze,ysondre,1829,warrior,arms,58,39,19
Klearr,silvermoon,1829,warrior,arms,91,56,35
Agoen,silvermoon,1829,warrior,arms,48,23,25
Ønogal,archimonde,1829,warrior,arms,66,31,35
Endagon,ravencrest,1828,warrior,arms,61,29,32
Kamked,burning-legion,1828,warrior,arms,107,50,57
Blazefüry,ravencrest,1827,warrior,arms,61,33,28
Rînus,aegwynn,1827,warrior,arms,54,26,28
Wuifly,dun-modr,1826,warrior,arms,69,35,34
Варбоссец,soulflayer,1825,warrior,arms,66,35,31
Nurekin,argent-dawn,1825,warrior,arms,66,32,34
Соджиро,howling-fjord,1825,warrior,arms,54,26,28
Lanstus,silvermoon,1823,warrior,arms,78,45,33
Ðior,bronze-dragonflight,1822,warrior,arms,53,29,24
Марльин,howling-fjord,1822,warrior,arms,59,29,30
Crîxús,silvermoon,1822,warrior,arms,60,25,35
Rngmonster,kazzak,1820,warrior,arms,100,68,32
Uzamaki,bronzebeard,1820,warrior,arms,48,32,16
Knutrex,tarren-mill,1820,warrior,arms,61,35,26
Лимпс,gordunni,1819,warrior,arms,30,19,11
Flinta,blackmoore,1819,warrior,arms,90,51,39
Флагмэн,gordunni,1819,warrior,arms,65,36,29
Maarshl,ysondre,1819,warrior,arms,225,121,104
Ðênnis,ravencrest,1818,warrior,arms,30,19,11
Pürporcc,archimonde,1818,warrior,arms,97,48,49
Мелькорт,gordunni,1817,warrior,arms,48,29,19
Prymebeevz,blackmoore,1816,warrior,arms,47,32,15
Экзекьютлол,soulflayer,1816,warrior,arms,47,25,22
Joéfernandés,sylvanas,1816,warrior,arms,36,19,17
Fruiittyy,ravencrest,1815,warrior,arms,66,37,29
Klonyarik,ravencrest,1815,warrior,arms,36,19,17
Hasbullá,kazzak,1815,warrior,arms,206,106,100
Aeyon,burning-blade,1814,warrior,arms,45,27,18
Thorana,twisting-nether,1814,warrior,arms,59,32,27
Naskez,kazzak,1814,warrior,arms,81,41,40
Darshan,grim-batol,1814,warrior,arms,66,33,33
Leethal,outland,1814,warrior,arms,60,27,33
Juank,minahonda,1814,warrior,arms,48,21,27
Doloresvp,zuljin,1813,warrior,arms,66,36,30
Pummelthru,burning-legion,1813,warrior,arms,65,32,33
Vic,tarren-mill,1813,warrior,arms,47,20,27
Zcell,kazzak,1812,warrior,arms,36,23,13
Jenkinzz,stormscale,1812,warrior,arms,60,34,26
Лёшавор,howling-fjord,1812,warrior,arms,36,19,17
Mystylez,silvermoon,1812,warrior,arms,60,28,32
Gucciwarrior,blackhand,1812,warrior,arms,90,41,49
Vvulf,eredar,1812,warrior,arms,60,25,35
Axinit,blackrock,1811,warrior,arms,42,23,19
Idiotplay,drekthar,1811,warrior,arms,42,19,23
Johnmeadows,ravencrest,1810,warrior,arms,36,23,13
Ðiscordia,blackhand,1810,warrior,arms,84,43,41
Jokkul,tarren-mill,1810,warrior,arms,46,21,25
Connorzw,blackmoore,1809,warrior,arms,36,23,13
Cherserker,ragnaros,1809,warrior,arms,69,41,28
Drilley,blackmoore,1807,warrior,arms,50,34,16
Oldchap,nordrassil,1807,warrior,arms,48,31,17
Олдборовс,soulflayer,1807,warrior,arms,53,29,24
Zeddone,drakthul,1807,warrior,arms,90,46,44
Damagz,tarren-mill,1807,warrior,arms,83,42,41
Bloodhorn,blackhand,1807,warrior,arms,107,54,53
Velcorn,ravencrest,1807,warrior,arms,42,19,23
Варзила,blackscar,1807,warrior,arms,53,22,31
Nìmera,nemesis,1806,warrior,arms,36,26,10
Yelanx,twisting-nether,1806,warrior,arms,48,34,14
Гатсберсерк,gordunni,1806,warrior,arms,167,91,76
Wayneson,tarren-mill,1806,warrior,arms,108,58,50
Книфэк,howling-fjord,1806,warrior,arms,76,40,36
Brutilda,antonidas,1806,warrior,arms,53,25,28
Дуглимон,gordunni,1805,warrior,arms,65,37,28
Palmexwar,drakthul,1805,warrior,arms,54,29,25
Toscothegoat,ravencrest,1804,warrior,arms,36,24,12
Greenblób,kazzak,1804,warrior,arms,66,27,39
Hanìbal,ravencrest,1803,warrior,arms,60,32,28
Ghakra,kazzak,1802,warrior,arms,36,25,11
Westwyde,hyjal,1802,warrior,arms,48,30,18
Thyréc,blackmoore,1802,warrior,arms,60,34,26
Маклецкий,gordunni,1802,warrior,arms,144,68,76
Purporcfr,archimonde,1801,warrior,arms,47,25,22
Shortcvnt,ravencrest,1800,warrior,arms,48,28,20
Phalek,argent-dawn,1800,warrior,arms,48,28,20
Azudaddy,blackmoore,1800,warrior,arms,59,34,25
Böggzbunny,tarren-mill,1800,warrior,arms,42,24,18
Dairøx,blackrock,1800,warrior,arms,60,31,29
Ástriax,ravencrest,1799,warrior,arms,159,77,82
Kamatâ,kazzak,1796,warrior,arms,60,32,28
Pivcuga,kazzak,1795,warrior,arms,237,118,119
Рвбстох,blackscar,1794,warrior,arms,60,32,28
Zhangbeihai,ravencrest,1794,warrior,arms,60,30,30
Злопиканка,gordunni,1794,warrior,arms,58,29,29
Atrôcithy,silvermoon,1791,warrior,arms,48,25,23
Mckinseybcg,outland,1790,warrior,arms,77,49,28
Brogre,stormrage,1790,warrior,arms,53,31,22
Kënnyföx,ysondre,1789,warrior,arms,36,19,17
Zheaks,kazzak,1785,warrior,arms,95,45,50
Røidrage,stormscale,1785,warrior,arms,72,33,39
Древилгод,gordunni,1783,warrior,arms,57,31,26
Kennyföx,ysondre,1782,warrior,arms,38,24,14
Шурпач,deathguard,1781,warrior,arms,48,24,24
Selenez,outland,1779,warrior,arms,67,30,37
Shookyx,ravencrest,1775,warrior,arms,42,24,18
Gigadot,arathor,1775,warrior,arms,168,87,81
Джерамин,blackscar,1775,warrior,arms,48,24,24
Троммтар,howling-fjord,1774,warrior,arms,94,41,53
Zombossio,tarren-mill,1773,warrior,arms,74,38,36
Stupidz,hyjal,1773,warrior,arms,48,21,27
Kiyomaro,stormscale,1771,warrior,arms,48,25,23
Вандэрбой,howling-fjord,1770,warrior,arms,180,85,95
Mazaharine,archimonde,1769,warrior,arms,54,26,28
Lyriae,argent-dawn,1768,warrior,arms,66,39,27
Jengaa,draenor,1768,warrior,arms,108,56,52
Hulkensmash,kazzak,1768,warrior,arms,169,85,84
Prøject,archimonde,1768,warrior,arms,54,27,27
Cerßere,archimonde,1767,warrior,arms,108,54,54
Komissarecks,aegwynn,1767,warrior,arms,63,31,32
Pangowar,elune,1766,warrior,arms,69,38,31
Dnoire,ravencrest,1766,warrior,arms,54,25,29
Chucho,argent-dawn,1761,warrior,arms,48,26,22
Bigboomer,frostmane,1761,warrior,arms,180,81,99
Nitheriá,draenor,1759,warrior,arms,286,145,141
Reccey,blackrock,1755,warrior,arms,134,67,67
Grimlok,sylvanas,1754,warrior,arms,65,27,38
Kelhim,blackrock,1753,warrior,arms,66,37,29
Cleaver,tarren-mill,1752,warrior,arms,54,29,25
Ущипнузатитю,deathguard,1752,warrior,arms,66,29,37
Yosiwa,draenor,1751,warrior,arms,78,45,33
Trôth,kazzak,1750,warrior,arms,36,23,13
Skylåw,archimonde,1750,warrior,arms,109,52,57
Pj,sanguino,1750,warrior,arms,68,30,38
Nardoch,archimonde,1748,warrior,arms,94,50,44
Thrux,dalaran,1747,warrior,arms,60,35,25
Заликмортал,soulflayer,1746,warrior,arms,78,44,34
Arms,earthen-ring,1746,warrior,arms,56,29,27
Grimogør,stormscale,1745,warrior,arms,36,22,14
Blademir,blackrock,1739,warrior,arms,41,26,15
Bigboyx,kazzak,1739,warrior,arms,44,23,21
Mojotsche,taerar,1738,warrior,arms,64,36,28
Cesr,bloodhoof,1738,warrior,arms,106,47,59
Cisataker,hyjal,1737,warrior,arms,24,20,4
Rageco,ravencrest,1737,warrior,arms,48,31,17
Oluwafunmila,tarren-mill,1737,warrior,arms,56,29,27
Bôlufonâ,dun-modr,1732,warrior,arms,59,31,28
Wake,eredar,1731,warrior,arms,42,23,19
Magnî,auchindoun,1731,warrior,arms,54,29,25
Døkidøki,silvermoon,1731,warrior,arms,80,40,40
Ezøn,aegwynn,1730,warrior,arms,65,32,33
Mirpz,doomhammer,1723,warrior,arms,36,22,14
Oplarxigos,kazzak,1723,warrior,arms,48,20,28
Dannyp,twisting-nether,1722,warrior,arms,36,18,18
Shchoor,ravencrest,1722,warrior,arms,36,18,18
Bigdamtosco,ravencrest,1721,warrior,arms,30,18,12
Bruxus,blackhand,1721,warrior,arms,190,101,89
Hunkz,sylvanas,1721,warrior,arms,53,26,27
Hasmocaru,silvermoon,1720,warrior,arms,42,25,17
Naskwar,archimonde,1720,warrior,arms,48,24,24
Skädy,dun-modr,1720,warrior,arms,48,23,25
Fantasý,burning-legion,1720,warrior,arms,71,28,43
Crawly,aegwynn,1719,warrior,arms,129,67,62
Urasli,doomhammer,1717,warrior,arms,42,24,18
Стилерин,gordunni,1717,warrior,arms,36,18,18
Æç,argent-dawn,1716,warrior,arms,66,33,33
Барсток,soulflayer,1716,warrior,arms,107,53,54
Corlo,uldaman,1713,warrior,arms,44,23,21
Nozuki,archimonde,1713,warrior,arms,231,115,116
Brizeis,malganis,1711,warrior,arms,79,41,38
Dógmòdex,stormscale,1710,warrior,arms,48,30,18
Mertik,twisting-nether,1710,warrior,arms,48,28,20
Mintys,sylvanas,1710,warrior,arms,62,33,29
Palmsweaty,stormrage,1710,warrior,arms,72,31,41
Karuck,tarren-mill,1709,warrior,arms,30,19,11
Juggernãut,ravencrest,1709,warrior,arms,36,20,16
Bordi,nemesis,1709,warrior,arms,137,61,76
Фктпх,blackscar,1708,warrior,arms,48,29,19
Ахиллслэм,howling-fjord,1708,warrior,arms,59,24,35
Avalinqt,blackrock,1706,warrior,arms,44,32,12
Bélløne,dalaran,1706,warrior,arms,66,33,33
Goorila,kazzak,1706,warrior,arms,36,18,18
ßloodz,hyjal,1706,warrior,arms,72,35,37
Poolboyx,tarren-mill,1704,warrior,arms,123,63,60
Вокилог,soulflayer,1704,warrior,arms,386,190,196
Wardruine,dun-modr,1704,warrior,arms,107,52,55
Thebigshow,the-maelstrom,1702,warrior,arms,94,41,53
Хеликат,soulflayer,1701,warrior,arms,60,27,33
Learningwarr,eredar,1700,warrior,arms,44,24,20
Therealman,kazzak,1699,warrior,arms,38,23,15
Klonyarika,ravencrest,1699,warrior,arms,36,20,16
Augustus,runetotem,1697,warrior,arms,36,23,13
Yellowjuice,stormscale,1697,warrior,arms,126,74,52
Krionos,ravencrest,1697,warrior,arms,42,22,20
Люцц,gordunni,1696,warrior,arms,82,43,39
Voxz,stormscale,1696,warrior,arms,189,92,97
Xendyo,frostmourne,1696,warrior,arms,107,50,57
Donquiexote,ravencrest,1695,warrior,arms,78,43,35
Sorkk,kazzak,1694,warrior,arms,80,44,36
Solezte,tarren-mill,1693,warrior,arms,90,54,36
Вуриор,howling-fjord,1692,warrior,arms,84,44,40
Брок,soulflayer,1692,warrior,arms,96,39,57
Дайбайхенд,howling-fjord,1691,warrior,arms,60,30,30
Xgs,archimonde,1690,warrior,arms,204,104,100
Zexa,tarren-mill,1690,warrior,arms,42,21,21
Vayné,ravencrest,1690,warrior,arms,78,35,43
Blayr,tarren-mill,1689,warrior,arms,77,38,39
Rivah,tarren-mill,1689,warrior,arms,51,25,26
Urmack,ravencrest,1688,warrior,arms,36,27,9
Brunodressed,aegwynn,1688,warrior,arms,36,19,17
Fràgile,ravencrest,1687,warrior,arms,89,45,44
Hangart,argent-dawn,1687,warrior,arms,48,20,28
Crandalius,kazzak,1686,warrior,arms,81,49,32
Spártacus,kazzak,1686,warrior,arms,88,40,48
Дугмар,gordunni,1685,warrior,arms,158,79,79
Warounet,hyjal,1685,warrior,arms,36,18,18
Noxeeql,tarren-mill,1684,warrior,arms,48,35,13
Кладбошаа,gordunni,1684,warrior,arms,114,61,53
Pazùzu,twisting-nether,1684,warrior,arms,54,24,30
Nipes,nozdormu,1683,warrior,arms,36,20,16
Nargez,outland,1682,warrior,arms,36,22,14
Toroespaña,draenor,1682,warrior,arms,60,33,27
Rbbx,tarren-mill,1682,warrior,arms,44,24,20
Shooky,blackrock,1681,warrior,arms,41,22,19
Tyrasîà,hyjal,1680,warrior,arms,54,24,30
Kronmw,dun-modr,1680,warrior,arms,54,20,34
Shhimbanned,doomhammer,1679,warrior,arms,60,31,29
Sørêy,aegwynn,1679,warrior,arms,72,37,35
Белхэнд,soulflayer,1679,warrior,arms,127,61,66
Wigsplitterx,twisting-nether,1679,warrior,arms,72,33,39
Zoefernandes,kazzak,1679,warrior,arms,66,28,38
Ридиусх,gordunni,1678,warrior,arms,43,24,19
Kragrâu,kazzak,1676,warrior,arms,45,24,21
Орданис,deathguard,1675,warrior,arms,48,23,25
Jackyred,silvermoon,1673,warrior,arms,60,24,36
Woobaby,outland,1672,warrior,arms,54,30,24
Имеравета,gordunni,1672,warrior,arms,90,35,55
Gatts,krasus,1671,warrior,arms,282,134,148
Nîmera,nemesis,1670,warrior,arms,24,19,5
Бисовыйармен,soulflayer,1670,warrior,arms,42,23,19
Гримг,lich-king,1670,warrior,arms,63,33,30
Dríx,hyjal,1669,warrior,arms,66,34,32
Guts,frostwhisper,1668,warrior,arms,161,79,82
Chromoly,aegwynn,1668,warrior,arms,72,34,38
Nikoma,silvermoon,1667,warrior,arms,36,20,16
Enzja,nazjatar,1666,warrior,arms,48,24,24
Maldark,scarshield-legion,1666,warrior,arms,118,55,63
Демолишеер,howling-fjord,1666,warrior,arms,53,23,30
Фрейз,blackscar,1665,warrior,arms,48,20,28
Secondwarri,frostwolf,1664,warrior,arms,54,30,24
Трешконтент,gordunni,1664,warrior,arms,96,50,46
Mirageous,tarren-mill,1664,warrior,arms,53,25,28
Mortalfist,stormscale,1662,warrior,arms,31,19,12
Atlizz,twisting-nether,1662,warrior,arms,84,45,39
Màb,antonidas,1660,warrior,arms,60,34,26
Vullgrîm,blackmoore,1660,warrior,arms,78,42,36
Reapersrage,twisting-nether,1660,warrior,arms,45,22,23
Downpippuri,silvermoon,1659,warrior,arms,26,21,5
Huscar,thrall,1659,warrior,arms,58,31,27
Erikeverhard,nathrezim,1659,warrior,arms,42,20,22
Lazytowl,outland,1658,warrior,arms,118,61,57
Khanox,twisting-nether,1658,warrior,arms,136,70,66
Морнстар,gordunni,1658,warrior,arms,91,45,46
Fruitdealer,shattrath,1658,warrior,arms,58,25,33
Cassândrä,dalaran,1658,warrior,arms,60,24,36
Maikouyes,archimonde,1657,warrior,arms,71,36,35
Saidi,outland,1657,warrior,arms,67,22,45
Кибервайфу,howling-fjord,1656,warrior,arms,36,22,14
Денеур,gordunni,1656,warrior,arms,60,23,37
Mazutov,outland,1655,warrior,arms,36,25,11
Дроктул,howling-fjord,1655,warrior,arms,242,119,123
Anthalar,argent-dawn,1655,warrior,arms,60,27,33
Asquare,stormscale,1655,warrior,arms,40,18,22
Луновоин,gordunni,1654,warrior,arms,54,35,19
Facestomper,onyxia,1654,warrior,arms,72,41,31
Skillissues,argent-dawn,1653,warrior,arms,48,26,22
Киссмиплис,gordunni,1653,warrior,arms,75,38,37
Spartaz,eredar,1653,warrior,arms,60,28,32
Zeepp,ravencrest,1653,warrior,arms,42,19,23
Blackbiird,blackmoore,1649,warrior,arms,47,23,24
Planina,ravencrest,1649,warrior,arms,47,23,24
Cazaril,kazzak,1649,warrior,arms,137,67,70
Ðezia,tarren-mill,1648,warrior,arms,114,61,53
Warmâchine,burning-legion,1648,warrior,arms,136,63,73
Drahkor,baelgun,1646,warrior,arms,36,24,12
Blizo,tarren-mill,1646,warrior,arms,42,21,21
Поршекаен,howling-fjord,1645,warrior,arms,71,29,42
Туранк,howling-fjord,1644,warrior,arms,145,73,72
Morbaac,archimonde,1644,warrior,arms,54,22,32
Ехрерау,gordunni,1644,warrior,arms,54,21,33
Doksziqqt,ragnaros,1642,warrior,arms,36,22,14
Çon,ravencrest,1642,warrior,arms,103,54,49
Artøria,archimonde,1641,warrior,arms,36,20,16
Vallahan,argent-dawn,1641,warrior,arms,173,87,86
Remen,archimonde,1641,warrior,arms,84,37,47
Picciocino,nemesis,1641,warrior,arms,88,36,52
Diamonddogs,draenor,1640,warrior,arms,52,32,20
Balltas,drakthul,1640,warrior,arms,86,41,45
Blackfrosty,stormscale,1639,warrior,arms,62,35,27
Renwíck,burning-legion,1639,warrior,arms,35,18,17
Фенилэфрин,gordunni,1639,warrior,arms,128,65,63
Оргрриммар,soulflayer,1639,warrior,arms,245,122,123
Paranoiás,ragnaros,1639,warrior,arms,50,22,28
Samîr,arthas,1638,warrior,arms,36,21,15
Béastmødexz,eredar,1638,warrior,arms,41,20,21
Sefty,tarren-mill,1638,warrior,arms,46,18,28
Babovic,aegwynn,1636,warrior,arms,42,29,13
Lizzybigtits,kazzak,1636,warrior,arms,60,40,20
Bronix,blackrock,1636,warrior,arms,78,40,38
Lyes,uldaman,1636,warrior,arms,155,79,76
Ítikovan,aegwynn,1636,warrior,arms,156,73,83
Grántor,eredar,1635,warrior,arms,54,33,21
Тролльвоен,gordunni,1635,warrior,arms,51,31,20
Sydian,burning-legion,1635,warrior,arms,36,21,15
Ryofu,stormscale,1635,warrior,arms,42,22,20
Килафх,blackscar,1635,warrior,arms,84,41,43
Sobii,ravencrest,1634,warrior,arms,35,22,13
Off,archimonde,1634,warrior,arms,30,18,12
Istyos,hyjal,1634,warrior,arms,54,22,32
Riptack,anetheron,1633,warrior,arms,124,70,54
Lyroe,blackrock,1633,warrior,arms,42,21,21
Capigo,tarren-mill,1632,warrior,arms,30,19,11
Incendix,stormscale,1632,warrior,arms,60,34,26
Reapo,blackhand,1632,warrior,arms,137,67,70
Orn,tarren-mill,1632,warrior,arms,54,24,30
Фелпир,soulflayer,1631,warrior,arms,108,60,48
Shiqo,ravencrest,1631,warrior,arms,58,26,32
Naait,draenor,1630,warrior,arms,51,28,23
Атаир,deathweaver,1630,warrior,arms,58,30,28
Malebolia,mugthol,1630,warrior,arms,163,83,80
Robou,hyjal,1630,warrior,arms,145,63,82
Gonutz,sylvanas,1627,warrior,arms,36,20,16
Iameconomist,twisting-nether,1627,warrior,arms,36,17,19
Vôx,sylvanas,1627,warrior,arms,48,22,26
Klinga,bladefist,1626,warrior,arms,42,24,18
Sickjackenx,executus,1626,warrior,arms,30,17,13
Xzm,stormscale,1626,warrior,arms,33,18,15
Xanco,ravencrest,1626,warrior,arms,42,22,20
Agoobagoo,alakir,1626,warrior,arms,41,20,21
Ebonheart,argent-dawn,1626,warrior,arms,104,50,54
Amokdamis,blackhand,1626,warrior,arms,45,21,24
Beevzyn,blackmoore,1624,warrior,arms,24,17,7
Xiiver,burning-legion,1624,warrior,arms,125,68,57
Gely,silvermoon,1624,warrior,arms,101,52,49
Watashilfy,ravencrest,1624,warrior,arms,48,24,24
Wlãð,archimonde,1624,warrior,arms,48,23,25
Makgorei,outland,1624,warrior,arms,81,38,43
Frozenliøn,twisting-nether,1624,warrior,arms,42,19,23
Xurainlol,eredar,1623,warrior,arms,30,17,13
Lusan,sylvanas,1623,warrior,arms,42,21,21
Донтрелиз,howling-fjord,1622,warrior,arms,42,22,20
Мастерион,soulflayer,1622,warrior,arms,54,28,26
Ajax,defias-brotherhood,1622,warrior,arms,89,45,44
Фурианка,galakrond,1622,warrior,arms,63,31,32
Prestà,archimonde,1621,warrior,arms,51,28,23
Xurainzone,eredar,1619,warrior,arms,30,17,13
Hitt,ysondre,1618,warrior,arms,36,17,19
Ignyz,stormscale,1617,warrior,arms,36,20,16
Cyruk,blackmoore,1617,warrior,arms,111,54,57
Carljøhnson,dalaran,1616,warrior,arms,108,55,53
Shavoi,die-aldor,1616,warrior,arms,47,21,26
Gladius,ysera,1615,warrior,arms,86,43,43
Manoito,argent-dawn,1615,warrior,arms,48,22,26
Lyarinsky,tyrande,1614,warrior,arms,96,58,38
Riyan,lothar,1614,warrior,arms,42,24,18
Daigoro,ravencrest,1614,warrior,arms,30,17,13
Untiltèd,ravencrest,1613,warrior,arms,89,60,29
Hamez,thunderhorn,1613,warrior,arms,70,34,36
Termonsa,stormscale,1611,warrior,arms,42,25,17
Lockmagewar,burning-legion,1611,warrior,arms,45,22,23
Cráft,silvermoon,1611,warrior,arms,48,23,25
Штурмгешутц,deathweaver,1610,warrior,arms,120,63,57
Куэсес,howling-fjord,1610,warrior,arms,39,19,20
Strife,ravencrest,1609,warrior,arms,81,51,30
Ragëë,tarren-mill,1609,warrior,arms,72,40,32
Wismerx,kazzak,1609,warrior,arms,42,20,22
Whoosah,ragnaros,1608,warrior,arms,105,54,51
Caméltoe,frostwolf,1608,warrior,arms,143,67,76
Кофесмолоком,ashenvale,1608,warrior,arms,53,20,33
Mellîødas,blackmoore,1607,warrior,arms,42,23,19
Nightmareowl,tarren-mill,1607,warrior,arms,95,48,47
Jambaz,ravencrest,1607,warrior,arms,47,23,24
Krew,drakthul,1607,warrior,arms,78,38,40
Pawnerlol,mannoroth,1607,warrior,arms,35,17,18
Kurbá,stormscale,1606,warrior,arms,30,19,11
Убитаякорова,soulflayer,1606,warrior,arms,36,20,16
Banîsher,drakthul,1606,warrior,arms,64,23,41
Напутанность,soulflayer,1605,warrior,arms,371,194,177
Haraldjuhnke,frostwolf,1605,warrior,arms,53,27,26
Nakro,hyjal,1604,warrior,arms,24,18,6
Exoblade,silvermoon,1604,warrior,arms,76,35,41
Okcool,twisting-nether,1603,warrior,arms,30,19,11
Андреевич,blackscar,1603,warrior,arms,146,74,72
Mypzo,kazzak,1603,warrior,arms,90,44,46
Batïk,blackmoore,1603,warrior,arms,71,31,40
Eselhirte,blackmoore,1602,warrior,arms,85,46,39
Wítts,ravencrest,1601,warrior,arms,30,20,10
Kupr,outland,1601,warrior,arms,40,21,19
Asenine,sylvanas,1600,warrior,arms,295,142,153
Вагранна,soulflayer,1597,warrior,arms,54,26,28
Оксенфурт,soulflayer,1597,warrior,arms,90,38,52
Sumprunkare,stormscale,1596,warrior,arms,46,26,20
Шагах,soulflayer,1596,warrior,arms,122,58,64
Arandyr,archimonde,1596,warrior,arms,60,24,36
Kobeni,ysondre,1595,warrior,arms,85,40,45
Bursch,ravencrest,1595,warrior,arms,48,22,26
Everdipper,outland,1595,warrior,arms,50,21,29
Бурчун,deathguard,1594,warrior,arms,54,34,20
Phóó,thrall,1593,warrior,arms,72,32,40
Gargaflike,aggra-português,1593,warrior,arms,72,30,42
Haanok,ravencrest,1591,warrior,arms,59,34,25
Spijkerbroek,alakir,1591,warrior,arms,149,77,72
Aestheticon,burning-blade,1589,warrior,arms,30,19,11
Conanh,pozzo-delleternità,1589,warrior,arms,98,56,42
Skrawarr,das-syndikat,1589,warrior,arms,90,47,43
Седлайккеану,howling-fjord,1589,warrior,arms,69,34,35
Neoballac,uldum,1589,warrior,arms,36,17,19
Rilor,burning-legion,1589,warrior,arms,124,53,71
Noitoved,outland,1589,warrior,arms,44,18,26
Thundersword,sylvanas,1589,warrior,arms,84,30,54
Ммайдаен,goldrinn,1588,warrior,arms,30,18,12
Evrybodydown,draenor,1588,warrior,arms,56,30,26
Alexandrrior,rexxar,1588,warrior,arms,66,31,35
Btr,archimonde,1588,warrior,arms,42,19,23
Геркавоин,eversong,1588,warrior,arms,48,20,28
Héda,tarren-mill,1587,warrior,arms,49,22,27
Aeldran,argent-dawn,1586,warrior,arms,48,25,23
Chadsmorc,twisting-nether,1585,warrior,arms,96,50,46
Skokuxx,silvermoon,1585,warrior,arms,42,20,22
Venres,blackhand,1583,warrior,arms,40,21,19
Кхаррнн,gordunni,1583,warrior,arms,54,22,32
Hortswarr,drakthul,1582,warrior,arms,37,24,13
Fragmeista,ragnaros,1582,warrior,arms,36,17,19
Krigipigi,antonidas,1582,warrior,arms,48,20,28
Xecutie,antonidas,1581,warrior,arms,47,25,22
Витодпс,howling-fjord,1581,warrior,arms,48,20,28
Dragoons,tyrande,1580,warrior,arms,56,26,30
Каосвар,howling-fjord,1579,warrior,arms,30,19,11
Bamme,archimonde,1579,warrior,arms,41,20,21
Philatou,antonidas,1577,warrior,arms,47,27,20
Омепразол,gordunni,1577,warrior,arms,179,87,92
Екзобайт,gordunni,1577,warrior,arms,48,20,28
Thaldrys,blackhand,1576,warrior,arms,149,74,75
Taistelumage,stormreaver,1576,warrior,arms,35,17,18
Furukawa,ravencrest,1575,warrior,arms,51,24,27
Erotixboi,blackrock,1573,warrior,arms,48,29,19
Оргнар,ashenvale,1573,warrior,arms,48,27,21
Lpa,stormscale,1573,warrior,arms,71,37,34
Креспекс,soulflayer,1572,warrior,arms,56,19,37
Monbun,silvermoon,1570,warrior,arms,101,51,50
Natis,drakthul,1570,warrior,arms,78,28,50
Rîdler,ravencrest,1569,warrior,arms,193,97,96
Devidz,outland,1569,warrior,arms,48,18,30
Icybladez,kazzak,1568,warrior,arms,102,55,47
Perinel,draenor,1567,warrior,arms,42,21,21
Дейдулус,soulflayer,1566,warrior,arms,78,33,45
Shirøx,blackrock,1565,warrior,arms,73,40,33
Архиватор,gordunni,1565,warrior,arms,78,41,37
ßamßam,draenor,1565,warrior,arms,40,21,19
Serastul,rajaxx,1565,warrior,arms,86,42,44
Giannizugzug,nemesis,1565,warrior,arms,60,29,31
Giganza,outland,1565,warrior,arms,66,29,37
Hellespont,hellscream,1565,warrior,arms,77,29,48
Едигейй,gordunni,1564,warrior,arms,58,32,26
Abrash,ysondre,1564,warrior,arms,78,36,42
Nevergladx,kazzak,1564,warrior,arms,54,23,31
Billorc,twisting-nether,1563,warrior,arms,51,24,27
Stepa,sylvanas,1562,warrior,arms,54,28,26
Geforce,hellscream,1562,warrior,arms,112,56,56
Néxtlølz,twisting-nether,1561,warrior,arms,62,29,33
Bigdstance,outland,1561,warrior,arms,42,18,24
Daýz,draenor,1561,warrior,arms,48,18,30
Craghak,twisting-nether,1560,warrior,arms,163,84,79
Протектор,soulflayer,1560,warrior,arms,60,29,31
Хэлслэйтэр,gordunni,1559,warrior,arms,130,65,65
Khireebonk,hyjal,1558,warrior,arms,30,19,11
Tarkosha,terokkar,1558,warrior,arms,334,169,165
Imfiñe,outland,1558,warrior,arms,107,51,56
Phovoss,stormscale,1557,warrior,arms,54,22,32
Boldinq,ravencrest,1556,warrior,arms,84,34,50
Gìlgamesh,dun-modr,1555,warrior,arms,65,32,33
Ogurok,frostwolf,1555,warrior,arms,39,18,21
Ball,zirkel-des-cenarius,1553,warrior,arms,80,45,35
Raley,ragnaros,1553,warrior,arms,102,53,49
Nalx,tarren-mill,1553,warrior,arms,45,23,22
Reider,twisting-nether,1553,warrior,arms,119,47,72
Cirenax,draenor,1551,warrior,arms,48,23,25
Puremëtal,silvermoon,1550,warrior,arms,42,18,24
Krîspie,archimonde,1549,warrior,arms,41,22,19
Genjutsubeat,blackmoore,1548,warrior,arms,54,31,23
Trenôdeca,stormscale,1546,warrior,arms,42,20,22
Deadlyanger,kazzak,1545,warrior,arms,36,19,17
Sahl,sylvanas,1545,warrior,arms,160,79,81
Morthôr,grim-batol,1545,warrior,arms,69,34,35
Oxay,alakir,1545,warrior,arms,64,26,38
Maniackz,tarren-mill,1544,warrior,arms,36,19,17
Massiveape,argent-dawn,1544,warrior,arms,69,35,34
Мираксус,soulflayer,1544,warrior,arms,36,18,18
Jumpilawl,khaz-modan,1544,warrior,arms,50,18,32
Darksídex,silvermoon,1543,warrior,arms,251,129,122
Troma,archimonde,1542,warrior,arms,48,19,29
Wrynir,archimonde,1541,warrior,arms,78,38,40
Pachipachi,blackmoore,1540,warrior,arms,32,17,15
Rakuna,tarren-mill,1540,warrior,arms,114,55,59
Grezlyk,drakthul,1540,warrior,arms,72,33,39
Crystallake,blackrock,1540,warrior,arms,66,26,40
Rumer,tarren-mill,1540,warrior,arms,59,23,36
Ahzrok,draenor,1539,warrior,arms,36,23,13
Derentis,echsenkessel,1539,warrior,arms,84,38,46
Blackwólf,bloodhoof,1538,warrior,arms,118,56,62
Гуорг,howling-fjord,1538,warrior,arms,81,35,46
Ganzaésábi,aggra-português,1537,warrior,arms,84,44,40
Lrb,tarren-mill,1537,warrior,arms,70,33,37
Ironbutter,ravencrest,1536,warrior,arms,56,35,21
Èzekiel,dalaran,1536,warrior,arms,90,46,44
Armsbull,twisting-nether,1536,warrior,arms,66,32,34
Нифро,fordragon,1535,warrior,arms,29,18,11
Diz,terokkar,1535,warrior,arms,97,58,39
Anakhas,archimonde,1535,warrior,arms,30,16,14
Bstgame,frostmane,1535,warrior,arms,36,17,19
Hobo,ravencrest,1535,warrior,arms,71,32,39
Luffydono,stormscale,1535,warrior,arms,66,28,38
Akenrun,eredar,1533,warrior,arms,40,21,19
Gigasmash,pozzo-delleternità,1533,warrior,arms,144,67,77
Nàsher,frostwolf,1533,warrior,arms,47,21,26
Acaleus,the-maelstrom,1533,warrior,arms,42,18,24
Tiwâz,eredar,1532,warrior,arms,75,39,36
Áäáäáäáä,aegwynn,1529,warrior,arms,30,16,14
Nyxz,blackhand,1529,warrior,arms,32,17,15
Громпузан,galakrond,1529,warrior,arms,60,27,33
Bullrug,blackrock,1528,warrior,arms,36,18,18
Mtc,blackrock,1527,warrior,arms,30,16,14
Eren,todeswache,1527,warrior,arms,54,28,26
Mentôr,sargeras,1527,warrior,arms,41,21,20
Gravityfalls,blackmoore,1527,warrior,arms,78,39,39
Zirêael,kazzak,1527,warrior,arms,42,16,26
Wtchmyblade,blackmoore,1526,warrior,arms,79,46,33
Грэйм,gordunni,1526,warrior,arms,52,28,24
Solaje,dun-modr,1526,warrior,arms,30,16,14
Lollydhur,nemesis,1526,warrior,arms,54,28,26
Bumoletroll,draenor,1526,warrior,arms,33,17,16
Nexpwns,blackhand,1525,warrior,arms,126,64,62
Odenscolddry,kazzak,1525,warrior,arms,119,54,65
Vilass,silvermoon,1523,warrior,arms,36,19,17
Jøtawarrior,sanguino,1523,warrior,arms,36,18,18
Pathocend,kazzak,1523,warrior,arms,36,16,20
Skullrage,tarren-mill,1523,warrior,arms,53,22,31
Chargeurface,ragnaros,1522,warrior,arms,24,16,8
Zheq,ragnaros,1522,warrior,arms,30,16,14
Shrekwarr,kazzak,1522,warrior,arms,137,67,70
Norwegian,silvermoon,1521,warrior,arms,80,37,43
Endeawour,ravencrest,1520,warrior,arms,177,100,77
Devilpanic,outland,1520,warrior,arms,30,16,14
Arcreign,kazzak,1520,warrior,arms,78,37,41
Gervvand,burning-legion,1519,warrior,arms,42,23,19
Мэйрил,lich-king,1519,warrior,arms,190,99,91
Nighat,sanguino,1519,warrior,arms,162,83,79
Grroom,tarren-mill,1519,warrior,arms,45,23,22
Shownomercy,blackrock,1519,warrior,arms,48,23,25
Стенденсх,howling-fjord,1519,warrior,arms,41,19,22
Authar,tarren-mill,1518,warrior,arms,61,33,28
Yukizz,ravencrest,1518,warrior,arms,30,16,14
Zëhef,hyjal,1516,warrior,arms,66,34,32
Wazraf,khaz-modan,1516,warrior,arms,108,54,54
Mfdoöm,draenor,1516,warrior,arms,143,71,72
Азаргатан,soulflayer,1515,warrior,arms,30,18,12
Spärtan,dun-modr,1515,warrior,arms,66,34,32
Gozga,twisting-nether,1515,warrior,arms,147,74,73
Hollydeffs,blackmoore,1515,warrior,arms,60,25,35
Адво,gordunni,1514,warrior,arms,78,41,37
Trashman,bronzebeard,1513,warrior,arms,84,39,45
Mezugzugyou,draenor,1512,warrior,arms,44,23,21
Velinde,outland,1512,warrior,arms,40,20,20
Думхаммер,howling-fjord,1511,warrior,arms,71,42,29
Ødên,frostmane,1511,warrior,arms,30,16,14
Aizy,blackhand,1510,warrior,arms,24,16,8
Ragnou,tarren-mill,1510,warrior,arms,67,31,36
Mazzkze,silvermoon,1509,warrior,arms,237,122,115
Bastrick,argent-dawn,1508,warrior,arms,99,48,51
Gipsyjoe,ragnaros,1507,warrior,arms,76,36,40
Scarloc,archimonde,1507,warrior,arms,62,28,34
Liferuiner,rexxar,1507,warrior,arms,61,26,35
Sonìe,kazzak,1506,warrior,arms,89,51,38
Eskiler,burning-legion,1506,warrior,arms,36,16,20
Bloodbrother,blackmoore,1505,warrior,arms,56,28,28
Zergalot,stormscale,1505,warrior,arms,35,17,18
Raakalainen,vashj,1504,warrior,arms,59,29,30
Riann,silvermoon,1504,warrior,arms,36,17,19
Melliug,ysondre,1504,warrior,arms,46,19,27
Savh,silvermoon,1503,warrior,arms,48,28,20
Тише,deathweaver,1503,warrior,arms,30,16,14
Агрегат,goldrinn,1501,warrior,arms,77,34,43
Ronoh,kazzak,1500,warrior,arms,30,16,14
Svënja,ysondre,1500,warrior,arms,132,61,71
Ninebites,chamber-of-aspects,1498,warrior,arms,89,53,36
Скрежет,gordunni,1498,warrior,arms,54,25,29
Crriminal,ravencrest,1498,warrior,arms,48,20,28
Kantarion,stormscale,1497,warrior,arms,42,19,23
Pptickler,argent-dawn,1496,warrior,arms,59,28,31
Trilon,blackrock,1496,warrior,arms,44,17,27
Duncán,auchindoun,1495,warrior,arms,29,17,12
Киллдекс,gordunni,1495,warrior,arms,96,43,53
Slidmacka,twisting-nether,1495,warrior,arms,97,42,55
Ordwinz,silvermoon,1494,warrior,arms,63,35,28
Icekissx,hyjal,1494,warrior,arms,117,58,59
Furanos,blackrock,1494,warrior,arms,41,18,23
Aurélus,rexxar,1493,warrior,arms,36,22,14
Ricssonz,burning-legion,1493,warrior,arms,48,25,23
Nameless,ysondre,1492,warrior,arms,30,16,14
Bladrun,frostmane,1492,warrior,arms,36,16,20
Заверчу,soulflayer,1491,warrior,arms,60,32,28
Divyx,tarren-mill,1491,warrior,arms,60,31,29
Pumpadzhîja,outland,1491,warrior,arms,66,32,34
Irén,hellfire,1490,warrior,arms,57,28,29
Ryle,anubarak,1490,warrior,arms,100,44,56
Calmdownbrú,frostmane,1489,warrior,arms,59,30,29
Hefthyn,sanguino,1488,warrior,arms,36,20,16
Рыгулька,gordunni,1488,warrior,arms,96,44,52
Gorocpt,doomhammer,1488,warrior,arms,44,20,24
Teronth,burning-legion,1488,warrior,arms,48,17,31
Kestialezin,archimonde,1487,warrior,arms,60,39,21
Hindbærsaft,stormscale,1487,warrior,arms,55,32,23
Phenowarri,blackhand,1487,warrior,arms,103,55,48
Friskos,dalaran,1487,warrior,arms,106,50,56
Paow,tarren-mill,1487,warrior,arms,41,19,22
Сика,blackscar,1487,warrior,arms,66,30,36
Голдибитч,gordunni,1486,warrior,arms,84,41,43
Rohc,kazzak,1485,warrior,arms,52,23,29
Ilovealma,kiljaeden,1485,warrior,arms,57,24,33
Omgihithard,draenor,1484,warrior,arms,48,23,25
Fizzywarrior,blackmoore,1484,warrior,arms,63,29,34
Джасткипинг,gordunni,1483,warrior,arms,185,100,85
Yeahq,kazzak,1483,warrior,arms,102,45,57
Gromkarg,draenor,1482,warrior,arms,54,18,36
Gramr,silvermoon,1481,warrior,arms,47,24,23
Heltslut,tarren-mill,1481,warrior,arms,42,16,26
Altimáte,antonidas,1479,warrior,arms,30,18,12
Boshim,ravencrest,1477,warrior,arms,36,20,16
Арткес,gordunni,1477,warrior,arms,51,26,25
Rázgriz,argent-dawn,1477,warrior,arms,54,24,30
Trenbullone,kazzak,1476,warrior,arms,51,32,19
Notinfa,draenor,1476,warrior,arms,132,69,63
Pajalousta,elune,1476,warrior,arms,102,47,55
Rabaozi,blackhand,1475,warrior,arms,77,34,43
Llestatl,hyjal,1474,warrior,arms,71,38,33
Zhulgar,azjolnerub,1474,warrior,arms,42,21,21
Leomance,hyjal,1473,warrior,arms,30,18,12
Marcnky,stormscale,1472,warrior,arms,98,51,47
Bluto,dunemaul,1471,warrior,arms,157,78,79
Tmp,blackrock,1470,warrior,arms,42,22,20
Thiccbra,burning-legion,1470,warrior,arms,54,27,27
Clellin,silvermoon,1469,warrior,arms,75,37,38
Hackamore,suramar,1468,warrior,arms,84,41,43
Rogersrage,ragnaros,1466,warrior,arms,60,30,30
Dárkhammer,tarren-mill,1465,warrior,arms,54,24,30
Royoxo,blackrock,1464,warrior,arms,53,31,22
Thâarnar,frostwolf,1463,warrior,arms,48,21,27
Nèssa,outland,1462,warrior,arms,41,16,25
Шлифую,howling-fjord,1461,warrior,arms,31,19,12
Hôrn,stormscale,1461,warrior,arms,66,37,29
Hoomeer,sylvanas,1461,warrior,arms,72,34,38
Tealbell,chamber-of-aspects,1460,warrior,arms,107,58,49
Reider,kazzak,1460,warrior,arms,57,29,28
Brutøs,conseil-des-ombres,1460,warrior,arms,36,18,18
Romanul,terokkar,1460,warrior,arms,48,22,26
Togas,silvermoon,1459,warrior,arms,182,93,89
Bloodmyst,kazzak,1459,warrior,arms,54,26,28
Pakusrage,defias-brotherhood,1459,warrior,arms,80,38,42
Ckz,ysondre,1455,warrior,arms,24,16,8
Рагаксес,blackscar,1455,warrior,arms,46,19,27
Kleidaria,stormscale,1452,warrior,arms,30,16,14
Farrusco,nemesis,1451,warrior,arms,83,40,43
Гардринг,howling-fjord,1450,warrior,arms,96,56,40
Miko,ysondre,1449,warrior,arms,102,47,55
Fedevalverde,sanguino,1448,warrior,arms,46,32,14
Carras,confrérie-du-thorium,1448,warrior,arms,154,75,79
Alborozie,archimonde,1448,warrior,arms,48,22,26
Norinhell,ravencrest,1448,warrior,arms,48,20,28
Jigsar,argent-dawn,1447,warrior,arms,111,63,48
Onee,terrordar,1446,warrior,arms,37,21,16
Endan,kelthuzad,1446,warrior,arms,66,37,29
Dokô,twisting-nether,1446,warrior,arms,72,36,36
Informatica,doomhammer,1445,warrior,arms,48,25,23
Megtorló,ragnaros,1445,warrior,arms,74,37,37
Faustà,nemesis,1445,warrior,arms,54,23,31
Дообрыйшмель,soulflayer,1443,warrior,arms,51,32,19
Trajkovic,ravencrest,1441,warrior,arms,106,60,46
Gridra,dun-morogh,1441,warrior,arms,54,26,28
Liper,silvermoon,1441,warrior,arms,49,23,26
Cryhoof,ragnaros,1441,warrior,arms,46,20,26
Wolvéshôwl,aegwynn,1441,warrior,arms,68,28,40
Эпитафорх,blackscar,1440,warrior,arms,29,16,13
Karimlebrave,hyjal,1440,warrior,arms,68,33,35
Luphrek,ysondre,1439,warrior,arms,24,15,9
Shadowbôxer,onyxia,1439,warrior,arms,56,27,29
Акумираг,soulflayer,1439,warrior,arms,54,22,32
Makerrw,ravencrest,1438,warrior,arms,50,26,24
Dortenz,ragnaros,1438,warrior,arms,30,15,15
Juoppó,tarren-mill,1437,warrior,arms,92,48,44
Ardmoo,burning-legion,1437,warrior,arms,39,20,19
Jakim,tarren-mill,1437,warrior,arms,118,57,61
Нунара,eversong,1437,warrior,arms,47,19,28
Mélindà,silvermoon,1436,warrior,arms,27,17,10
Kaîsaschnitt,malganis,1436,warrior,arms,94,47,47
Alyx,mugthol,1436,warrior,arms,66,33,33
Pokopo,blackrock,1436,warrior,arms,217,107,110
Dzvenyhora,darkspear,1436,warrior,arms,95,44,51
Varyian,sporeggar,1436,warrior,arms,131,59,72
Gëaldýr,kazzak,1436,warrior,arms,48,21,27
Сладкаяхурма,howling-fjord,1436,warrior,arms,42,15,27
Lachandrius,blackhand,1435,warrior,arms,72,33,39
Geckoo,emerald-dream,1435,warrior,arms,48,20,28
Balthew,defias-brotherhood,1435,warrior,arms,36,15,21
Garouzo,hellfire,1434,warrior,arms,53,26,27
Dafok,rashgarroth,1434,warrior,arms,42,19,23
Sjozug,tarren-mill,1434,warrior,arms,36,15,21
Hílfiger,kazzak,1433,warrior,arms,59,24,35
Азктор,soulflayer,1432,warrior,arms,28,16,12
Dranush,onyxia,1432,warrior,arms,134,70,64
Jínro,draenor,1432,warrior,arms,36,15,21
Elder,darkmoon-faire,1431,warrior,arms,66,28,38
Dragão,kazzak,1431,warrior,arms,42,17,25
Otiep,blackmoore,1430,warrior,arms,36,24,12
Ènteqt,antonidas,1430,warrior,arms,49,32,17
Dataçasé,silvermoon,1430,warrior,arms,24,15,9
Андэрс,gordunni,1429,warrior,arms,106,51,55
Tamesulo,silvermoon,1429,warrior,arms,53,24,29
Ormert,sylvanas,1429,warrior,arms,42,18,24
Spridan,ravencrest,1428,warrior,arms,42,15,27
Qvate,twisting-nether,1427,warrior,arms,59,31,28
Alinash,aegwynn,1427,warrior,arms,51,24,27
Ràkar,stormscale,1427,warrior,arms,54,25,29
Arreat,chogall,1427,warrior,arms,130,59,71
Mëc,twisting-nether,1426,warrior,arms,36,23,13
Bráïnléss,silvermoon,1426,warrior,arms,36,17,19
Zerberos,drakthul,1425,warrior,arms,76,37,39
Alpairx,aegwynn,1425,warrior,arms,50,18,32
Matrafox,stormscale,1423,warrior,arms,43,24,19
Rodenet,dun-modr,1423,warrior,arms,54,28,26
Айфилшок,gordunni,1423,warrior,arms,30,15,15
Doba,madmortem,1422,warrior,arms,71,32,39
Smoothbrian,ravencrest,1421,warrior,arms,24,15,9
Crissx,silvermoon,1421,warrior,arms,30,15,15
Skumslag,blackmoore,1421,warrior,arms,42,15,27
Murandin,outland,1420,warrior,arms,30,17,13
Zetorc,burning-legion,1420,warrior,arms,65,31,34
Zellxd,stormscale,1418,warrior,arms,36,20,16
Valíon,outland,1418,warrior,arms,88,48,40
Avelyr,pozzo-delleternità,1418,warrior,arms,30,15,15
Мерсилессх,gordunni,1418,warrior,arms,84,39,45
Tarbhfathach,draenor,1417,warrior,arms,30,17,13
Srbinator,turalyon,1417,warrior,arms,66,33,33
Nuclearrage,outland,1417,warrior,arms,40,16,24
Nuahka,blackmoore,1416,warrior,arms,28,17,11
Malalulu,burning-legion,1416,warrior,arms,125,61,64
Газрош,howling-fjord,1416,warrior,arms,46,22,24
Dargonedt,blackrock,1416,warrior,arms,36,16,20
Жестокус,gordunni,1415,warrior,arms,30,15,15
Madaxe,kazzak,1414,warrior,arms,24,20,4
Katxirulo,tyrande,1414,warrior,arms,42,23,19
Berzzerker,tarren-mill,1414,warrior,arms,66,35,31
Raizy,frostwolf,1413,warrior,arms,54,30,24
Oruka,mannoroth,1412,warrior,arms,48,27,21
Ugardosh,burning-legion,1412,warrior,arms,40,16,24
Tucomessuelo,cthun,1411,warrior,arms,47,25,22
Drushíí,shattrath,1411,warrior,arms,35,17,18
Vratranzhul,kirin-tor,1411,warrior,arms,229,108,121
Зеленыйжмых,thermaplugg,1411,warrior,arms,45,21,24
Паракур,soulflayer,1410,warrior,arms,84,40,44
Ferpylél,ragnaros,1408,warrior,arms,31,17,14
Deadyet,mugthol,1407,warrior,arms,24,15,9
Yuriko,onyxia,1407,warrior,arms,42,22,20
Fáro,ravencrest,1407,warrior,arms,40,16,24
Nocton,blackhand,1406,warrior,arms,66,32,34
Кефтеме,fordragon,1406,warrior,arms,105,49,56
Spargebuci,draenor,1406,warrior,arms,48,17,31
Esegryel,argent-dawn,1405,warrior,arms,59,23,36
Medaur,frostmane,1404,warrior,arms,38,20,18
Mograinê,blackmoore,1404,warrior,arms,120,62,58
Warrouner,khaz-modan,1404,warrior,arms,65,31,34
Stormfist,tarren-mill,1403,warrior,arms,36,19,17
Bjösk,stormscale,1403,warrior,arms,45,23,22
Asuramaru,aegwynn,1403,warrior,arms,65,32,33
Mgw,blackrock,1402,warrior,arms,30,17,13
Espröc,kazzak,1402,warrior,arms,167,87,80
Cutting,burning-legion,1402,warrior,arms,55,25,30
Lostbull,kazzak,1402,warrior,arms,36,16,20
Fraggiz,auchindoun,1402,warrior,arms,36,16,20
Saofang,twisting-nether,1401,warrior,arms,30,15,15
Chakrator,la-croisade-écarlate,1401,warrior,arms,60,29,31
Северот,deepholm,1401,warrior,arms,35,16,19
Golonko,burning-legion,1400,warrior,arms,24,15,9
Peldreas,silvermoon,1400,warrior,arms,64,31,33
Казгримм,howling-fjord,1400,warrior,arms,48,23,25
Zosska,burning-legion,1400,warrior,arms,48,23,25
Synrosh,hyjal,1399,warrior,arms,39,23,16
Olesbawro,ragnaros,1399,warrior,arms,78,32,46
Weareinspace,stormscale,1397,warrior,arms,63,36,27
Doxinator,silvermoon,1396,warrior,arms,81,33,48
ßladex,azshara,1395,warrior,arms,41,24,17
Cássándráh,argent-dawn,1395,warrior,arms,91,46,45
Zbra,draenor,1395,warrior,arms,65,32,33
Абабоба,gordunni,1395,warrior,arms,48,23,25
Hellrokk,drakthul,1394,warrior,arms,24,15,9
Bládez,ravencrest,1394,warrior,arms,66,36,30
Waf,hakkar,1394,warrior,arms,78,42,36
Nekerka,burning-legion,1394,warrior,arms,65,33,32
Jáson,kazzak,1394,warrior,arms,65,29,36
Papipulki,zuljin,1394,warrior,arms,56,23,33
Leroxius,ragnaros,1393,warrior,arms,144,73,71
Мобсто,soulflayer,1392,warrior,arms,47,23,24
Grahatia,magtheridon,1391,warrior,arms,93,52,41
Алексвайтт,gordunni,1391,warrior,arms,47,23,24
Hradball,twilights-hammer,1390,warrior,arms,60,28,32
Okoru,stormscale,1390,warrior,arms,57,22,35
Jumbodolmen,tarren-mill,1389,warrior,arms,30,16,14
Arithael,dun-modr,1385,warrior,arms,168,85,83
Nucleargrab,twilights-hammer,1385,warrior,arms,109,53,56
Дикийппц,gordunni,1384,warrior,arms,54,30,24
Diástasi,twisting-nether,1384,warrior,arms,90,48,42
Казньшалав,gordunni,1383,warrior,arms,69,33,36
Кэфтэмэ,soulflayer,1382,warrior,arms,73,35,38
Mysteryman,defias-brotherhood,1381,warrior,arms,36,23,13
Faugh,tarren-mill,1380,warrior,arms,54,32,22
Halsandre,hyjal,1380,warrior,arms,42,17,25
Nøcturnaqq,silvermoon,1378,warrior,arms,30,15,15
Неосим,gordunni,1377,warrior,arms,42,25,17
Xaheld,blackrock,1376,warrior,arms,30,16,14
Варгана,soulflayer,1376,warrior,arms,76,35,41
Temprament,ravencrest,1375,warrior,arms,36,21,15
Zaatar,draenor,1375,warrior,arms,108,58,50
Mljecho,kazzak,1375,warrior,arms,131,65,66
Cléàvage,silvermoon,1374,warrior,arms,81,32,49
Beelzebuu,blackhand,1373,warrior,arms,55,29,26
Iljaana,blackrock,1373,warrior,arms,60,30,30
Hogu,nemesis,1373,warrior,arms,54,21,33
Bleckwarrior,ravencrest,1372,warrior,arms,84,42,42
Xanatos,khazgoroth,1372,warrior,arms,48,16,32
Éls,argent-dawn,1371,warrior,arms,42,19,23
Taylorswifty,twisting-nether,1370,warrior,arms,90,48,42
Equality,ragnaros,1370,warrior,arms,52,24,28
Rakwarrior,blackhand,1369,warrior,arms,30,20,10
Oneshót,norgannon,1369,warrior,arms,30,17,13
Shïn,kaelthas,1366,warrior,arms,42,15,27
Erzotz,kazzak,1365,warrior,arms,33,20,13
Kaliroll,ysondre,1365,warrior,arms,48,24,24
Mortalgrim,ravencrest,1364,warrior,arms,48,23,25
Gacel,dun-modr,1364,warrior,arms,54,24,30
Lyfttokyo,tarren-mill,1363,warrior,arms,60,28,32
Propanex,kazzak,1361,warrior,arms,42,26,16
Vølverinwar,thrall,1361,warrior,arms,82,37,45
Kymari,sanguino,1361,warrior,arms,58,26,32
Nabul,thunderhorn,1359,warrior,arms,30,16,14
Panggy,ragnaros,1359,warrior,arms,36,15,21
Glørïn,hyjal,1358,warrior,arms,30,16,14
Zargor,kazzak,1354,warrior,arms,52,31,21
Bxnx,aegwynn,1353,warrior,arms,36,21,15
Авентадорх,deathguard,1352,warrior,arms,89,35,54
Tedbuckland,blackrock,1351,warrior,arms,30,19,11
Leonidæs,frostwolf,1351,warrior,arms,47,21,26
Tolga,draenor,1350,warrior,arms,30,15,15
Mogolaki,twilights-hammer,1349,warrior,arms,126,60,66
Qiz,silvermoon,1347,warrior,arms,134,68,66
Garganelli,tarren-mill,1347,warrior,arms,57,27,30
Einherjer,burning-legion,1346,warrior,arms,58,32,26
Tazkax,archimonde,1346,warrior,arms,52,23,29
Мускулатор,soulflayer,1345,warrior,arms,126,58,68
Raixxon,ragnaros,1345,warrior,arms,94,42,52
Pummelpete,grim-batol,1344,warrior,arms,24,14,10
Трафалльгар,gordunni,1344,warrior,arms,80,44,36
Pazl,outland,1344,warrior,arms,36,17,19
Ayelsyssup,silvermoon,1343,warrior,arms,97,46,51
Tyëlin,elune,1343,warrior,arms,107,50,57
Colard,ravencrest,1343,warrior,arms,30,14,16
Belattor,silvermoon,1343,warrior,arms,30,14,16
Buyya,ravencrest,1342,warrior,arms,58,31,27
Hulksmsh,hyjal,1342,warrior,arms,36,14,22
Architectman,twisting-nether,1341,warrior,arms,95,42,53
Zzeed,auchindoun,1341,warrior,arms,48,19,29
Loty,drakthul,1341,warrior,arms,36,14,22
Pag,hyjal,1339,warrior,arms,23,15,8
Feckdech,blackrock,1339,warrior,arms,24,14,10
Hoxxywar,drakthul,1339,warrior,arms,59,33,26
Luusto,stormscale,1339,warrior,arms,36,15,21
Pinkblast,sylvanas,1339,warrior,arms,36,14,22
Vory,ravencrest,1338,warrior,arms,18,14,4
Hli,tarren-mill,1337,warrior,arms,24,14,10
Thisguyfax,the-venture-co,1337,warrior,arms,60,32,28
Агтеррокк,deathweaver,1337,warrior,arms,54,26,28
Cyanerd,bronzebeard,1337,warrior,arms,30,14,16
Staribrko,outland,1337,warrior,arms,188,87,101
Gantsrip,stormscale,1336,warrior,arms,22,15,7
Littlebugger,ravencrest,1336,warrior,arms,24,14,10
Neverkind,twisting-nether,1336,warrior,arms,84,47,37
Jimei,temple-noir,1333,warrior,arms,24,14,10
Taikyokuken,hyjal,1333,warrior,arms,60,27,33
Zool,madmortem,1332,warrior,arms,56,27,29
Geraltf,tarren-mill,1332,warrior,arms,101,48,53
Bufdefstance,kazzak,1332,warrior,arms,30,14,16
Hatefury,twisting-nether,1332,warrior,arms,96,44,52
Флэксик,soulflayer,1331,warrior,arms,24,14,10
Heubba,hyjal,1331,warrior,arms,36,14,22
Dirtyjoe,khaz-modan,1330,warrior,arms,180,90,90
Sepuko,stormscale,1330,warrior,arms,30,14,16
Grimzot,ragnaros,1328,warrior,arms,24,14,10
Mfull,tarren-mill,1328,warrior,arms,54,28,26
Shádówfáxí,outland,1328,warrior,arms,30,14,16
Лисерк,howling-fjord,1328,warrior,arms,36,14,22
Haewon,burning-legion,1328,warrior,arms,42,16,26
Хазгора,howling-fjord,1327,warrior,arms,82,45,37
Behemothwr,kazzak,1327,warrior,arms,75,37,38
Greekazi,kazzak,1327,warrior,arms,57,26,31
Dundulinka,outland,1327,warrior,arms,45,19,26
Chádtóurps,drakthul,1326,warrior,arms,29,14,15
Swefy,sanguino,1326,warrior,arms,139,62,77
Shará,eredar,1325,warrior,arms,24,14,10
Vagor,aegwynn,1325,warrior,arms,102,49,53
Нетконечно,howling-fjord,1325,warrior,arms,30,14,16
Iuska,malganis,1325,warrior,arms,48,18,30
Раздолбатель,razuvious,1324,warrior,arms,31,17,14
Mortalik,silvermoon,1324,warrior,arms,166,77,89
Ähäkutti,frostmane,1323,warrior,arms,42,23,19
Highz,grim-batol,1323,warrior,arms,36,18,18
Gorchak,blackmoore,1323,warrior,arms,125,58,67
Tontonsmoky,hyjal,1323,warrior,arms,73,32,41
Агамемнан,soulflayer,1322,warrior,arms,141,70,71
Puurplecloud,kazzak,1322,warrior,arms,36,15,21
Nelthôr,alleria,1321,warrior,arms,71,34,37
Ashiku,zuljin,1321,warrior,arms,54,23,31
Ansi,argent-dawn,1321,warrior,arms,36,14,22
Crayz,twisting-nether,1320,warrior,arms,30,14,16
Throck,drakthul,1320,warrior,arms,41,18,23
Proxxyyqt,blackrock,1318,warrior,arms,36,14,22
Grimhew,argent-dawn,1317,warrior,arms,42,17,25
Kilsorrow,silvermoon,1317,warrior,arms,42,14,28
Astven,blackmoore,1316,warrior,arms,40,16,24
Gorzan,dragonmaw,1316,warrior,arms,59,21,38
Peack,ravencrest,1315,warrior,arms,137,68,69
Guruntar,kirin-tor,1315,warrior,arms,62,29,33
Ангрол,grom,1315,warrior,arms,47,20,27
Ràgnarok,chogall,1314,warrior,arms,72,39,33
Imora,silvermoon,1314,warrior,arms,36,18,18
Franzbardon,archimonde,1314,warrior,arms,108,50,58
Kmica,khadgar,1314,warrior,arms,61,27,34
Strapnslap,argent-dawn,1314,warrior,arms,78,30,48
Blitz,archimonde,1313,warrior,arms,24,14,10
Mercedesamg,blackmoore,1313,warrior,arms,44,20,24
Stormcoil,stormscale,1313,warrior,arms,33,15,18
Shoesmith,outland,1313,warrior,arms,54,15,39
Ankzz,archimonde,1312,warrior,arms,24,15,9
Issatank,frostmane,1312,warrior,arms,42,21,21
Meistarinn,draenor,1312,warrior,arms,42,14,28
Оморальный,soulflayer,1311,warrior,arms,88,39,49
Nicperh,dun-modr,1310,warrior,arms,66,29,37
Slunecniq,azjolnerub,1310,warrior,arms,36,14,22
Megatronman,ravencrest,1309,warrior,arms,24,14,10
Roctah,auchindoun,1309,warrior,arms,46,24,22
Aggamemnus,ravencrest,1308,warrior,arms,44,28,16
Narkololzz,marécage-de-zangar,1308,warrior,arms,50,22,28
Gamöra,kirin-tor,1307,warrior,arms,60,28,32
Ovcharq,steamwheedle-cartel,1306,warrior,arms,67,34,33
Bonesz,jaedenar,1305,warrior,arms,117,58,59
Lûckystríké,blackmoore,1305,warrior,arms,52,25,27
Ingensan,lightbringer,1305,warrior,arms,75,35,40
Pied,krasus,1305,warrior,arms,30,14,16
Скользкийбро,gordunni,1305,warrior,arms,84,39,45
Палачубийца,deathguard,1303,warrior,arms,91,47,44
Youokhun,kazzak,1302,warrior,arms,54,27,27
Fàlconry,kazzak,1302,warrior,arms,120,51,69
Bossít,doomhammer,1301,warrior,arms,80,44,36
Ragnacore,ravencrest,1301,warrior,arms,53,29,24
Reichas,ragnaros,1301,warrior,arms,37,20,17
Atus,dun-modr,1301,warrior,arms,71,37,34
Kianit,ravencrest,1301,warrior,arms,127,57,70
Tazdingowar,antonidas,1301,warrior,arms,58,23,35
Leopoldx,outland,1299,warrior,arms,28,15,13
Shuraj,hyjal,1299,warrior,arms,46,24,22
Elénir,dalaran,1297,warrior,arms,24,15,9
Borga,blackrock,1297,warrior,arms,42,19,23
Cárbo,silvermoon,1296,warrior,arms,61,34,27
Eekz,haomarush,1296,warrior,arms,30,16,14
Yayoflauta,sanguino,1296,warrior,arms,36,16,20
Армсец,howling-fjord,1296,warrior,arms,42,16,26
Seliasbro,kazzak,1295,warrior,arms,30,15,15
Сэлфиш,lich-king,1295,warrior,arms,29,14,15
Chippéd,draenor,1294,warrior,arms,23,14,9
Рестат,soulflayer,1294,warrior,arms,107,43,64
Безбожник,eversong,1293,warrior,arms,54,29,25
Maidenlless,ravencrest,1293,warrior,arms,68,27,41
Faløn,archimonde,1293,warrior,arms,62,24,38
Давилкагеев,howling-fjord,1292,warrior,arms,37,16,21
Kultigin,ravencrest,1292,warrior,arms,79,32,47
Semanor,aegwynn,1291,warrior,arms,30,16,14
Kravaiski,argent-dawn,1291,warrior,arms,90,44,46
Zeroskllz,outland,1291,warrior,arms,76,36,40
Inelegant,tarren-mill,1290,warrior,arms,60,32,28
Ghorglukk,lightnings-blade,1290,warrior,arms,60,28,32
Nixtor,defias-brotherhood,1290,warrior,arms,43,19,24
Perkoulator,archimonde,1290,warrior,arms,69,30,39
Piksitron,silvermoon,1289,warrior,arms,60,37,23
Степанычь,gordunni,1288,warrior,arms,41,22,19
Вениамин,deathweaver,1288,warrior,arms,47,15,32
Lexras,blackhand,1285,warrior,arms,38,20,18
Ylana,eldrethalas,1283,warrior,arms,111,48,63
Bluntsword,twisting-nether,1282,warrior,arms,36,17,19
Silabozija,ravencrest,1281,warrior,arms,64,32,32
Bonnaventure,hyjal,1281,warrior,arms,66,32,34
Гогрикк,ashenvale,1279,warrior,arms,72,35,37
Malevolént,silvermoon,1279,warrior,arms,54,25,29
Kloppnîx,blackmoore,1278,warrior,arms,50,31,19
Фикпопадешь,lich-king,1278,warrior,arms,45,17,28
Lácrima,dun-modr,1277,warrior,arms,30,15,15
Tyragon,thrall,1275,warrior,arms,30,17,13
Pacosky,burning-legion,1275,warrior,arms,57,28,29
Инелутабл,eversong,1273,warrior,arms,23,14,9
Xunaakt,nemesis,1273,warrior,arms,69,34,35
Rahaaxhia,kaelthas,1271,warrior,arms,24,15,9
Bigboibeeper,draenor,1271,warrior,arms,48,17,31
Kirowarrior,silvermoon,1270,warrior,arms,62,30,32
Elyrax,dun-modr,1270,warrior,arms,30,14,16
Джондо,gordunni,1269,warrior,arms,30,14,16
Nårgaí,kargath,1269,warrior,arms,78,36,42
Холипротовар,fordragon,1268,warrior,arms,42,20,22
Eyesonly,blackmoore,1267,warrior,arms,36,17,19
Чпокерз,gordunni,1265,warrior,arms,76,35,41
Unarde,silvermoon,1264,warrior,arms,173,85,88
Aliasus,outland,1264,warrior,arms,36,16,20
Ranran,emerald-dream,1264,warrior,arms,32,14,18
Orwêll,uldum,1264,warrior,arms,69,30,39
Mödhan,archimonde,1263,warrior,arms,82,39,43
Colosius,stormscale,1262,warrior,arms,48,29,19
Abnôrmus,tarren-mill,1262,warrior,arms,48,25,23
Sertigan,dun-modr,1262,warrior,arms,39,16,23
Rochful,frostwolf,1260,warrior,arms,42,23,19
Exot,eredar,1257,warrior,arms,48,26,22
Apôlyon,antonidas,1256,warrior,arms,29,14,15
Почтитайсон,howling-fjord,1255,warrior,arms,29,14,15
Narox,arathor,1255,warrior,arms,56,26,30
Кентаныч,howling-fjord,1254,warrior,arms,48,22,26
Buntstift,thrall,1254,warrior,arms,42,14,28
Morrzerk,sylvanas,1253,warrior,arms,35,20,15
Dicaprios,silvermoon,1252,warrior,arms,60,30,30
Клайминг,soulflayer,1251,warrior,arms,36,24,12
Lebronjones,sylvanas,1251,warrior,arms,72,34,38
Semmino,nemesis,1248,warrior,arms,24,13,11
Vagor,draenor,1248,warrior,arms,39,18,21
Contrariety,ravencrest,1247,warrior,arms,47,26,21
Leeches,aggramar,1247,warrior,arms,24,13,11
Aixer,archimonde,1247,warrior,arms,30,13,17
Kásúxøxøw,ravencrest,1247,warrior,arms,30,13,17
Wingüi,dun-modr,1247,warrior,arms,36,13,23
Абырабыр,howling-fjord,1246,warrior,arms,18,13,5
Hirurg,thrall,1246,warrior,arms,24,13,11
Bîmbämboom,blackmoore,1246,warrior,arms,48,24,24
Sponkss,tarren-mill,1246,warrior,arms,30,13,17
Bloodx,archimonde,1245,warrior,arms,18,13,5
Luunk,ravencrest,1245,warrior,arms,72,40,32
Grinrok,thrall,1245,warrior,arms,78,36,42
Garosh,drakthul,1244,warrior,arms,66,33,33
Kiriwarr,dun-modr,1243,warrior,arms,24,13,11
Zaerna,draenor,1243,warrior,arms,24,13,11
Ральдвин,gordunni,1243,warrior,arms,71,37,34
Buckiesøde,twisting-nether,1243,warrior,arms,30,13,17
Tinkaton,sylvanas,1243,warrior,arms,30,13,17
Slowann,argent-dawn,1243,warrior,arms,30,13,17
Soundso,blackmoore,1242,warrior,arms,26,15,11
Narcx,kazzak,1242,warrior,arms,24,13,11
Хоркан,blackscar,1242,warrior,arms,24,13,11
Nazhar,kult-der-verdammten,1242,warrior,arms,24,13,11
Átlás,blackmoore,1242,warrior,arms,43,19,24
Asipositas,eredar,1242,warrior,arms,30,13,17
Notvisionary,ravencrest,1241,warrior,arms,24,13,11
Eyeslicer,quelthalas,1241,warrior,arms,24,13,11
Wørgenn,hyjal,1241,warrior,arms,38,19,19
Кимиюки,gordunni,1241,warrior,arms,38,17,21
Jonukas,argent-dawn,1241,warrior,arms,30,13,17
Balyndâ,aegwynn,1240,warrior,arms,38,21,17
Rumbldore,ragnaros,1240,warrior,arms,24,13,11
Laavapoeg,outland,1240,warrior,arms,24,13,11
Jaru,alleria,1240,warrior,arms,51,27,24
Serakhan,argent-dawn,1239,warrior,arms,36,20,16
Shædøw,archimonde,1238,warrior,arms,24,13,11
Fiveboy,tarren-mill,1238,warrior,arms,24,13,11
Skorz,kazzak,1238,warrior,arms,30,13,17
Bloodrain,twilights-hammer,1237,warrior,arms,24,13,11
Rorix,blackrock,1237,warrior,arms,24,13,11
Hellzint,sanguino,1237,warrior,arms,189,81,108
Tahzwolf,stormscale,1236,warrior,arms,18,13,5
Fractale,kirin-tor,1236,warrior,arms,22,14,8
Gakgora,twisting-nether,1236,warrior,arms,24,13,11
Etelä,stormreaver,1236,warrior,arms,30,16,14
Smackaroon,draenor,1235,warrior,arms,24,13,11
Mävïs,ravencrest,1235,warrior,arms,41,16,25
Aiarm,twisting-nether,1234,warrior,arms,84,48,36
Batalius,dalaran,1234,warrior,arms,36,14,22
Plt,talnivarr,1233,warrior,arms,41,25,16
Funknîco,wrathbringer,1233,warrior,arms,37,19,18
Donátos,aegwynn,1233,warrior,arms,62,28,34
Palthor,drakthul,1233,warrior,arms,51,18,33
Szelenamoon,outland,1232,warrior,arms,32,14,18
Dreamkil,archimonde,1229,warrior,arms,161,81,80
Kurzen,voljin,1229,warrior,arms,53,25,28
Xennor,argent-dawn,1229,warrior,arms,30,13,17
Тандэр,borean-tundra,1229,warrior,arms,30,13,17
Rayguerrero,blackrock,1229,warrior,arms,36,13,23
Diggawhat,antonidas,1228,warrior,arms,66,29,37
Thehans,grim-batol,1228,warrior,arms,44,18,26
Soulcleaver,stormreaver,1227,warrior,arms,62,31,31
Flurie,sylvanas,1227,warrior,arms,30,13,17
Кизуми,gordunni,1227,warrior,arms,33,14,19
Pelicos,grim-batol,1226,warrior,arms,24,13,11
Mifuune,argent-dawn,1225,warrior,arms,43,23,20
Элейд,thermaplugg,1225,warrior,arms,47,23,24
Мэднас,howling-fjord,1225,warrior,arms,30,13,17
Izestyi,blackrock,1224,warrior,arms,90,39,51
Cramatao,shadowsong,1223,warrior,arms,41,16,25
Solaría,garona,1222,warrior,arms,30,15,15
Nurychïc,twisting-nether,1221,warrior,arms,27,16,11
Iluwar,ragnaros,1221,warrior,arms,184,82,102
Gèrralt,hyjal,1221,warrior,arms,41,16,25
Wolfgladius,cthun,1220,warrior,arms,24,13,11
Goldenward,silvermoon,1220,warrior,arms,42,21,21
Kardinell,blackhand,1219,warrior,arms,36,15,21
Raznon,magtheridon,1218,warrior,arms,36,13,23
Joka,dun-modr,1217,warrior,arms,43,22,21
Ragark,quelthalas,1217,warrior,arms,63,32,31
Крешер,howling-fjord,1217,warrior,arms,35,17,18
Jisoowar,blackhand,1217,warrior,arms,54,23,31
Ghostwarx,blackmoore,1215,warrior,arms,38,19,19
Hatethisgame,frostwolf,1215,warrior,arms,82,34,48
Zuggizug,draenor,1214,warrior,arms,54,27,27
Джагенвард,soulflayer,1214,warrior,arms,36,18,18
Zøom,ysondre,1213,warrior,arms,82,41,41
Киефси,howling-fjord,1212,warrior,arms,66,38,28
Oldcockball,argent-dawn,1212,warrior,arms,26,14,12
Hørror,nemesis,1211,warrior,arms,30,13,17
Рагнарг,goldrinn,1208,warrior,arms,30,17,13
Asmongnome,ravencrest,1208,warrior,arms,24,13,11
Ðræms,eldrethalas,1208,warrior,arms,77,34,43
Lûxn,silvermoon,1205,warrior,arms,134,65,69
Дрейсен,gordunni,1204,warrior,arms,42,18,24
Excutíé,twisting-nether,1202,warrior,arms,30,18,12
Крахгал,soulflayer,1201,warrior,arms,159,80,79
Mañtís,argent-dawn,1198,warrior,arms,80,41,39
Rayeron,sanguino,1198,warrior,arms,39,16,23
Mozterwar,ravencrest,1197,warrior,arms,66,28,38
Mllmmxxm,kargath,1197,warrior,arms,36,13,23
Brondir,archimonde,1196,warrior,arms,29,14,15
Phantastix,dun-modr,1195,warrior,arms,24,15,9
Berserkpwnz,silvermoon,1194,warrior,arms,60,32,28
Nøiir,malfurion,1194,warrior,arms,30,15,15
Rèâpèr,kazzak,1193,warrior,arms,42,27,15
Etharedon,kul-tiras,1192,warrior,arms,42,19,23
Wutend,nemesis,1190,warrior,arms,23,13,10
Slaughteredd,kazzak,1190,warrior,arms,54,20,34
Kllinac,kazzak,1189,warrior,arms,71,33,38
Kerisandra,silvermoon,1188,warrior,arms,37,22,15
Crotoss,ravencrest,1185,warrior,arms,31,15,16
Pyret,outland,1185,warrior,arms,40,14,26
Scrèàm,tarren-mill,1184,warrior,arms,67,29,38
Gathika,arathor,1183,warrior,arms,24,14,10
Belver,argent-dawn,1183,warrior,arms,26,14,12
Maggisauce,aegwynn,1181,warrior,arms,75,40,35
Jasperr,nemesis,1181,warrior,arms,85,43,42
Доминатори,grom,1181,warrior,arms,37,15,22
Sýkz,exodar,1181,warrior,arms,35,13,22
Белриэль,gordunni,1181,warrior,arms,36,13,23
Neltharon,silvermoon,1179,warrior,arms,27,17,10
Rhonack,ragnaros,1178,warrior,arms,36,13,23
Виднокрай,gordunni,1177,warrior,arms,36,13,23
Beans,argent-dawn,1175,warrior,arms,102,42,60
Tempii,ragnaros,1175,warrior,arms,36,13,23
Elyalol,ragnaros,1174,warrior,arms,33,15,18
Бавовник,howling-fjord,1169,warrior,arms,38,13,25
Farianna,burning-legion,1168,warrior,arms,27,15,12
Роккар,gordunni,1168,warrior,arms,42,22,20
Атон,gordunni,1168,warrior,arms,80,35,45
Uclat,archimonde,1167,warrior,arms,78,36,42
Azëlls,archimonde,1166,warrior,arms,94,46,48
Whàtsup,stormscale,1166,warrior,arms,36,17,19
Sistabossen,magtheridon,1165,warrior,arms,24,13,11
Галактозар,soulflayer,1165,warrior,arms,126,56,70
Daguangming,outland,1165,warrior,arms,59,23,36
Goldins,drakthul,1164,warrior,arms,29,13,16
Smeshh,burning-legion,1162,warrior,arms,24,15,9
Râsk,kazzak,1162,warrior,arms,26,15,11
Слуфен,galakrond,1158,warrior,arms,24,14,10
Дрейтон,eversong,1157,warrior,arms,42,20,22
Regna,eredar,1157,warrior,arms,90,42,48
Sway,eonar,1154,warrior,arms,93,41,52
Акнаранд,soulflayer,1152,warrior,arms,18,12,6
Belfodiris,stormscale,1152,warrior,arms,18,12,6
Azotz,archimonde,1152,warrior,arms,24,12,12
Dõxlol,kazzak,1152,warrior,arms,24,12,12
Uselessblâme,archimonde,1152,warrior,arms,24,12,12
Мираккл,borean-tundra,1151,warrior,arms,18,12,6
Andzone,alakir,1151,warrior,arms,24,12,12
Oktharu,silvermoon,1151,warrior,arms,24,12,12
Konebankærn,ravencrest,1151,warrior,arms,30,12,18
Eidzø,tarren-mill,1150,warrior,arms,18,12,6
Wutraa,kazzak,1150,warrior,arms,18,12,6
Zidbi,argent-dawn,1150,warrior,arms,24,12,12
Crazykind,kazzak,1150,warrior,arms,24,12,12
Veav,norgannon,1150,warrior,arms,36,12,24
Warmegedon,frostmane,1149,warrior,arms,18,12,6
Crushonyou,aegwynn,1149,warrior,arms,24,12,12
Dominikhasek,outland,1149,warrior,arms,24,12,12
Azjolnerub,kazzak,1149,warrior,arms,30,12,18
Kâine,blackmoore,1149,warrior,arms,68,27,41
ßigarms,ravencrest,1148,warrior,arms,18,12,6
Соловейч,howling-fjord,1148,warrior,arms,24,13,11
Jonalina,gilneas,1148,warrior,arms,84,42,42
Blondboomer,neptulon,1148,warrior,arms,24,12,12
Karden,doomhammer,1148,warrior,arms,48,17,31
Chillycheesy,blackmoore,1148,warrior,arms,42,12,30
Рекиро,blackscar,1147,warrior,arms,24,12,12
Ïnahö,hyjal,1147,warrior,arms,24,12,12
Zwerk,rajaxx,1147,warrior,arms,24,12,12
Wargak,stormscale,1147,warrior,arms,24,12,12
Josem,sanguino,1147,warrior,arms,33,13,20
Neoh,onyxia,1146,warrior,arms,51,29,22
Ragedotcom,archimonde,1146,warrior,arms,30,16,14
Draemmer,minahonda,1146,warrior,arms,30,15,15
Senshin,sanguino,1146,warrior,arms,24,12,12
Audítóre,proudmoore,1145,warrior,arms,24,12,12
Ríta,silvermoon,1145,warrior,arms,24,12,12
Martøswarr,uldum,1145,warrior,arms,24,12,12
Argaskurken,ravencrest,1145,warrior,arms,24,12,12
Ladoz,ragnaros,1145,warrior,arms,24,12,12
Breaken,silvermoon,1145,warrior,arms,24,12,12
Argadea,archimonde,1145,warrior,arms,42,19,23
Orgi,drakthul,1145,warrior,arms,36,12,24
Garodis,blackmoore,1144,warrior,arms,24,12,12
Whimbux,stormscale,1144,warrior,arms,32,13,19
Gpointt,lordaeron,1144,warrior,arms,42,17,25
Bucketheadde,thrall,1144,warrior,arms,36,12,24
Hùmøngöúslåm,ravencrest,1143,warrior,arms,18,12,6
Mesmash,uldum,1143,warrior,arms,30,12,18
Séphi,archimonde,1143,warrior,arms,30,12,18
Despacitus,burning-legion,1143,warrior,arms,47,15,32
Brahlus,frostwolf,1142,warrior,arms,31,13,18
Zyzy,arathor,1141,warrior,arms,24,12,12
Kioskmupp,ravencrest,1141,warrior,arms,42,14,28
Cloudstomper,ravenholdt,1140,warrior,arms,41,17,24
Alphachadwar,azjolnerub,1140,warrior,arms,30,12,18
Ironsteve,blackmoore,1139,warrior,arms,225,100,125
Daddie,silvermoon,1139,warrior,arms,33,13,20
Баварриор,greymane,1137,warrior,arms,30,12,18
Kromt,shendralar,1136,warrior,arms,24,15,9
Toby,rexxar,1135,warrior,arms,18,12,6
Addy,twisting-nether,1135,warrior,arms,24,12,12
Mkazy,kirin-tor,1135,warrior,arms,24,12,12
Téldrus,blackrock,1135,warrior,arms,24,12,12
Погоныч,soulflayer,1135,warrior,arms,30,13,17
Гетрайт,galakrond,1134,warrior,arms,24,12,12
Vandnox,nozdormu,1133,warrior,arms,28,13,15
Arriess,drakthul,1132,warrior,arms,24,12,12
Wanzzeur,hyjal,1132,warrior,arms,35,12,23
Crook,doomhammer,1132,warrior,arms,48,15,33
Medov,outland,1130,warrior,arms,48,20,28
Sphínxx,malfurion,1128,warrior,arms,32,13,19
Razzimak,eredar,1126,warrior,arms,16,13,3
Tajiri,alakir,1126,warrior,arms,64,32,32
Pawn,twisting-nether,1122,warrior,arms,30,12,18
Yüle,uldaman,1121,warrior,arms,30,15,15
Satanås,silvermoon,1120,warrior,arms,36,19,17
Meistersykes,silvermoon,1118,warrior,arms,26,13,13
Euforija,kazzak,1118,warrior,arms,30,12,18
Draktul,aegwynn,1116,warrior,arms,24,14,10
Wyshh,silvermoon,1115,warrior,arms,63,27,36
Varzeluu,sylvanas,1113,warrior,arms,24,12,12
Draleckx,sanguino,1112,warrior,arms,118,51,67
Rühlsbester,thrall,1110,warrior,arms,48,18,30
Sûgma,blackhand,1108,warrior,arms,44,23,21
Gnarok,archimonde,1106,warrior,arms,23,13,10
Quarantino,ysondre,1105,warrior,arms,110,49,61
Doveloo,kazzak,1104,warrior,arms,31,16,15
Миранир,soulflayer,1102,warrior,arms,62,30,32
Røiivar,hyjal,1102,warrior,arms,169,74,95
Rutrah,ysondre,1099,warrior,arms,30,12,18
Crixusxx,sanguino,1096,warrior,arms,25,13,12
Diliul,doomhammer,1095,warrior,arms,34,16,18
Фастод,greymane,1095,warrior,arms,54,24,30
Sloppychoppy,silvermoon,1093,warrior,arms,47,19,28
Garwarr,twisting-nether,1092,warrior,arms,25,13,12
Crasher,dentarg,1091,warrior,arms,42,21,21
Opseagull,defias-brotherhood,1091,warrior,arms,24,12,12
Копенгаген,ashenvale,1091,warrior,arms,33,13,20
Krostapunk,colinas-pardas,1085,warrior,arms,30,13,17
Basemode,twisting-nether,1082,warrior,arms,28,12,16
Бежа,gordunni,1081,warrior,arms,39,23,16
Atelier,magtheridon,1078,warrior,arms,42,22,20
Inticam,durotan,1077,warrior,arms,37,20,17
Dodgeslam,eredar,1077,warrior,arms,28,12,16
Stuble,blackhand,1076,warrior,arms,41,19,22
Piedbot,archimonde,1076,warrior,arms,45,14,31
Chépérøs,kaelthas,1075,warrior,arms,36,13,23
Cárlsberg,pozzo-delleternità,1073,warrior,arms,36,12,24
Teraa,the-maelstrom,1072,warrior,arms,54,30,24
Difalco,archimonde,1069,warrior,arms,89,43,46
Зарган,howling-fjord,1069,warrior,arms,35,14,21
Téarz,blackrock,1068,warrior,arms,42,15,27
Gladiattus,drakthul,1067,warrior,arms,36,16,20
Monsterborn,bloodhoof,1066,warrior,arms,33,13,20
Endermite,magtheridon,1065,warrior,arms,59,26,33
Дикийлёха,soulflayer,1064,warrior,arms,36,18,18
Fdmachine,kazzak,1063,warrior,arms,36,14,22
Obscurìa,argent-dawn,1062,warrior,arms,172,80,92
Noomel,twisting-nether,1059,warrior,arms,30,14,16
Keksparrow,antonidas,1059,warrior,arms,36,16,20
Fullkraft,tarren-mill,1058,warrior,arms,42,20,22
Áosr,ravencrest,1057,warrior,arms,47,24,23
Nøøbisator,archimonde,1057,warrior,arms,30,13,17
Рексторм,soulflayer,1056,warrior,arms,12,11,1
Klnrk,ravencrest,1056,warrior,arms,18,11,7
Rexonawarr,kazzak,1056,warrior,arms,18,11,7
Dariusvolt,argent-dawn,1056,warrior,arms,59,31,28
Êphêý,kazzak,1056,warrior,arms,24,11,13
Proeliator,argent-dawn,1056,warrior,arms,24,11,13
Asç,kazzak,1056,warrior,arms,24,11,13
Anahkas,archimonde,1056,warrior,arms,24,11,13
Jessicaday,archimonde,1056,warrior,arms,24,11,13
Tranqtum,ravencrest,1056,warrior,arms,25,11,14
Xåb,dun-morogh,1056,warrior,arms,36,11,25
Biggerer,blackrock,1055,warrior,arms,18,11,7
Анархорок,howling-fjord,1055,warrior,arms,18,11,7
Sanerion,antonidas,1055,warrior,arms,18,11,7
Тарартзу,soulflayer,1055,warrior,arms,18,11,7
Quotxwar,stormscale,1055,warrior,arms,24,11,13
Huyer,stormscale,1055,warrior,arms,24,11,13
Scormash,burning-legion,1055,warrior,arms,24,11,13
Nonow,silvermoon,1055,warrior,arms,24,11,13
Justyòqt,archimonde,1055,warrior,arms,24,11,13
Амаззони,howling-fjord,1055,warrior,arms,24,11,13
Fulgrimu,archimonde,1055,warrior,arms,27,11,16
Bracki,ysondre,1054,warrior,arms,18,11,7
Иктиннос,gordunni,1054,warrior,arms,18,11,7
Kotechnik,ysondre,1054,warrior,arms,18,11,7
Aemox,silvermoon,1054,warrior,arms,18,11,7
Markorok,kazzak,1054,warrior,arms,18,11,7
Râmi,perenolde,1054,warrior,arms,24,11,13
Apollos,der-mithrilorden,1054,warrior,arms,30,11,19
Bulduzer,kazzak,1054,warrior,arms,35,12,23
Vallenwar,twisting-nether,1053,warrior,arms,18,11,7
Merdé,blackhand,1053,warrior,arms,123,62,61
Skaylulz,ragnaros,1053,warrior,arms,24,11,13
Arnoldr,ysondre,1053,warrior,arms,24,11,13
Khoroc,die-aldor,1053,warrior,arms,30,11,19
Scusi,burning-blade,1053,warrior,arms,30,11,19
Salamandar,zenedar,1053,warrior,arms,36,11,25
Swayzze,frostwolf,1052,warrior,arms,30,11,19
Gnomekek,sylvanas,1052,warrior,arms,30,11,19
Deathwingx,azuremyst,1052,warrior,arms,33,12,21
Ramhadat,hyjal,1051,warrior,arms,18,11,7
Deviousjr,ragnaros,1051,warrior,arms,18,11,7
Ssnakeess,silvermoon,1051,warrior,arms,18,11,7
Succel,drakthul,1051,warrior,arms,24,11,13
Шорпит,howling-fjord,1051,warrior,arms,66,26,40
Chrekk,khaz-modan,1050,warrior,arms,24,11,13
Grimarg,drakthul,1050,warrior,arms,24,11,13
Ironsíde,alakir,1050,warrior,arms,30,11,19
Leàn,nemesis,1050,warrior,arms,30,11,19
Grumpy,lightbringer,1050,warrior,arms,30,11,19
Мастхэв,gordunni,1049,warrior,arms,18,11,7
Лютобор,gordunni,1049,warrior,arms,30,11,19
Sokarbey,twisting-nether,1048,warrior,arms,18,11,7
Warrmax,darksorrow,1048,warrior,arms,24,11,13
Matchoo,archimonde,1048,warrior,arms,24,11,13
Larkor,frostwolf,1048,warrior,arms,46,16,30
Cliwar,ragnaros,1047,warrior,arms,24,15,9
Bellator,arakarahm,1047,warrior,arms,24,11,13
Krigsdunken,draenor,1047,warrior,arms,48,15,33
Darksworn,alleria,1046,warrior,arms,18,11,7
Kugghalfswor,doomhammer,1046,warrior,arms,255,117,138
Тычо,soulflayer,1046,warrior,arms,36,15,21
Addicty,sylvanas,1045,warrior,arms,49,23,26
Ninja,bronze-dragonflight,1045,warrior,arms,24,11,13
Roponmatsu,draenor,1045,warrior,arms,24,11,13
Perry,proudmoore,1044,warrior,arms,18,11,7
Arkcules,ghostlands,1044,warrior,arms,24,11,13
Pitii,burning-legion,1044,warrior,arms,26,11,15
Razoo,stormscale,1044,warrior,arms,36,11,25
Zeldaixi,twisting-nether,1043,warrior,arms,18,11,7
Ordínaryname,blackrock,1043,warrior,arms,329,165,164
Lomu,bloodscalp,1042,warrior,arms,24,11,13
Ethem,twisting-nether,1041,warrior,arms,91,50,41
Rutch,hyjal,1041,warrior,arms,30,11,19
Pips,minahonda,1041,warrior,arms,42,13,29
Nokturnâl,silvermoon,1037,warrior,arms,18,11,7
Pwettygal,tarren-mill,1037,warrior,arms,36,13,23
Koorkhan,outland,1036,warrior,arms,24,11,13
Ruga,echsenkessel,1034,warrior,arms,37,20,17
Kval,kazzak,1034,warrior,arms,24,11,13
Starscourge,tarren-mill,1033,warrior,arms,12,11,1
Ferrum,sunstrider,1033,warrior,arms,24,11,13
Katzz,dun-morogh,1031,warrior,arms,24,11,13
Claytøn,khaz-modan,1031,warrior,arms,28,11,17
Brvbert,antonidas,1029,warrior,arms,24,11,13
Ezsnacks,blackrock,1027,warrior,arms,20,12,8
Talaganos,twisting-nether,1024,warrior,arms,24,13,11
Lakes,eredar,1023,warrior,arms,35,11,24
Carsannies,stormscale,1022,warrior,arms,121,53,68
Kalacher,draenor,1022,warrior,arms,32,12,20
Xyum,pozzo-delleternità,1021,warrior,arms,24,13,11
Ijzerekast,sylvanas,1021,warrior,arms,32,12,20
Dreadshanks,doomhammer,1020,warrior,arms,48,27,21
Oralinde,silvermoon,1017,warrior,arms,78,43,35
Ironfists,kilrogg,1017,warrior,arms,24,11,13
Methaniwths,twisting-nether,1017,warrior,arms,30,11,19
Jebzmiecza,kazzak,1015,warrior,arms,24,11,13
Tercio,exodar,1015,warrior,arms,91,38,53
Dagouor,twisting-nether,1013,warrior,arms,35,11,24
Rabiolika,sanguino,1012,warrior,arms,23,11,12
Gunka,tarren-mill,1012,warrior,arms,24,11,13
Shinydjuwlz,turalyon,1008,warrior,arms,18,11,7
Bòónki,ravencrest,1008,warrior,arms,46,22,24
Whitebêârd,antonidas,1007,warrior,arms,34,12,22
Khilax,ragnaros,1006,warrior,arms,29,12,17
Gilettepenge,draenor,1005,warrior,arms,52,19,33
Antraex,zuljin,1004,warrior,arms,30,13,17
Braûsepulver,guldan,1002,warrior,arms,24,13,11
Gatlok,kazzak,1001,warrior,arms,24,11,13
Rejectofrage,ragnaros,1000,warrior,arms,30,15,15
Manymen,outland,998,warrior,arms,48,21,27
Seraphys,ravencrest,998,warrior,arms,28,12,16
Sanhaevel,ravencrest,997,warrior,arms,27,13,14
Adrï,draenor,993,warrior,arms,64,35,29
Ezjau,blackmoore,993,warrior,arms,90,45,45
Hammerfíst,kazzak,993,warrior,arms,71,35,36
Reysleys,mazrigos,992,warrior,arms,28,11,17
Морталвлицо,gordunni,991,warrior,arms,17,11,6
Sepsys,eredar,991,warrior,arms,48,15,33
Nezruslone,dun-modr,990,warrior,arms,17,11,6
Малаятварь,gordunni,990,warrior,arms,22,11,11
Stancenation,draenor,990,warrior,arms,28,11,17
Geicoo,dalaran,988,warrior,arms,56,29,27
Brandylover,outland,984,warrior,arms,20,11,9
Odonko,blackmoore,982,warrior,arms,42,20,22
Chilp,archimonde,981,warrior,arms,25,12,13
Oldhatreds,twisting-nether,979,warrior,arms,22,11,11
Корофер,galakrond,978,warrior,arms,23,13,10
Зед,blackscar,977,warrior,arms,25,13,12
Fairly,burning-blade,977,warrior,arms,24,12,12
Beserk,defias-brotherhood,969,warrior,arms,20,13,7
Chipstjuven,tarren-mill,963,warrior,arms,25,11,14
Wintertimex,stormscale,960,warrior,arms,12,10,2
Bigschnäbi,blackhand,960,warrior,arms,12,10,2
Schero,aegwynn,960,warrior,arms,12,10,2
Whýsøsîleñt,ragnaros,960,warrior,arms,16,11,5
Бигдэмс,soulflayer,960,warrior,arms,18,10,8
Broarextiger,ragnaros,960,warrior,arms,18,10,8
Каоссвар,howling-fjord,960,warrior,arms,18,10,8
Jake,rajaxx,960,warrior,arms,18,10,8
Milant,antonidas,960,warrior,arms,18,10,8
Salpaaja,frostwhisper,960,warrior,arms,24,10,14
Элетий,soulflayer,960,warrior,arms,24,10,14
Bravopla,silvermoon,960,warrior,arms,24,10,14
Даскул,gordunni,960,warrior,arms,24,10,14
Andabad,silvermoon,960,warrior,arms,24,10,14
Jaythegodx,blackrock,960,warrior,arms,30,10,20
Sindrener,ysondre,960,warrior,arms,30,10,20
Mbappé,dragonblight,959,warrior,arms,12,10,2
Axxtm,ravencrest,959,warrior,arms,18,10,8
Ym,twisting-nether,959,warrior,arms,18,10,8
Экспла,ashenvale,959,warrior,arms,18,10,8
Fearmedear,sylvanas,959,warrior,arms,18,10,8
Jailapatate,khaz-modan,959,warrior,arms,18,10,8
Duckyone,zenedar,959,warrior,arms,18,10,8
Chadgrave,argent-dawn,959,warrior,arms,18,10,8
Badwarr,blackhand,959,warrior,arms,18,10,8
Zdi,blackrock,959,warrior,arms,18,10,8
Rookian,blackrock,959,warrior,arms,24,10,14
Kryszii,ragnaros,959,warrior,arms,24,10,14
Оманко,howling-fjord,959,warrior,arms,24,10,14
Péridotruite,hyjal,959,warrior,arms,30,10,20
Micromachine,argent-dawn,959,warrior,arms,30,10,20
Gorlemar,blackmoore,958,warrior,arms,18,10,8
Krônôs,thrall,958,warrior,arms,18,10,8
Bj,blackrock,958,warrior,arms,18,10,8
Hamilton,bronzebeard,958,warrior,arms,18,10,8
Braindeady,burning-legion,958,warrior,arms,18,10,8
Earshy,ragnaros,958,warrior,arms,18,10,8
Nukebomb,dun-modr,958,warrior,arms,18,10,8
Настрамо,gordunni,958,warrior,arms,18,10,8
Fiverare,stormscale,958,warrior,arms,18,10,8
Bérsérk,blackmoore,958,warrior,arms,19,10,9
Gruxx,ragnaros,958,warrior,arms,24,10,14
Leapling,blackmoore,958,warrior,arms,24,10,14
Adamchen,blackmoore,958,warrior,arms,24,10,14
Hatestørm,kazzak,958,warrior,arms,24,10,14
Vymd,archimonde,958,warrior,arms,28,11,17
Geroldius,silvermoon,958,warrior,arms,30,10,20
Rowr,argent-dawn,958,warrior,arms,30,10,20
Testonator,outland,957,warrior,arms,24,10,14
Frézzér,blackrock,957,warrior,arms,24,10,14
Alexamazing,lordaeron,957,warrior,arms,27,11,16
Латексник,booty-bay,957,warrior,arms,30,10,20
Roshas,twisting-nether,956,warrior,arms,18,10,8
Lucasqt,magtheridon,956,warrior,arms,18,10,8
Utero,drakthul,956,warrior,arms,24,10,14
Ciocaboca,draenor,955,warrior,arms,18,10,8
Deanx,ragnaros,955,warrior,arms,18,10,8
Xarmog,hyjal,955,warrior,arms,24,10,14
Gramrosh,eredar,955,warrior,arms,24,10,14
Genç,ysondre,955,warrior,arms,24,10,14
Neíd,malganis,955,warrior,arms,30,10,20
Katyparry,ragnaros,955,warrior,arms,30,10,20
Brutalz,kazzak,954,warrior,arms,18,10,8
Lapyy,drakthul,954,warrior,arms,30,16,14
Труперсила,howling-fjord,954,warrior,arms,24,10,14
Kosttya,argent-dawn,954,warrior,arms,24,10,14
Ôwndbylx,aegwynn,954,warrior,arms,27,11,16
Stweye,frostmane,953,warrior,arms,18,10,8
Blanchysnow,hyjal,952,warrior,arms,18,10,8
Fokra,draenor,952,warrior,arms,18,10,8
Orcanism,nozdormu,952,warrior,arms,18,10,8
Unkmòr,pozzo-delleternità,952,warrior,arms,42,22,20
Warriornrv,ysondre,950,warrior,arms,18,10,8
Волрок,howling-fjord,950,warrior,arms,25,13,12
Thiccrich,argent-dawn,949,warrior,arms,12,10,2
Zerm,draenor,949,warrior,arms,18,10,8
Taurosk,burning-legion,949,warrior,arms,24,10,14
Warsky,archimonde,948,warrior,arms,18,12,6
Зуботычник,gordunni,948,warrior,arms,18,10,8
Axedingus,tarren-mill,947,warrior,arms,18,10,8
Omglolnoob,magtheridon,946,warrior,arms,26,10,16
Pedergun,defias-brotherhood,940,warrior,arms,18,10,8
Mågne,tarren-mill,939,warrior,arms,30,10,20
Ruppydeluxe,frostwolf,936,warrior,arms,26,11,15
Bubciu,burning-legion,932,warrior,arms,30,10,20
Tabboonishka,draenor,927,warrior,arms,16,11,5
Ganik,malganis,927,warrior,arms,23,10,13
Banshor,ysondre,925,warrior,arms,14,11,3
Arowpoint,doomhammer,925,warrior,arms,23,10,13
Raldjorn,hyjal,924,warrior,arms,18,10,8
Léonie,arakarahm,924,warrior,arms,23,10,13
Тибат,howling-fjord,924,warrior,arms,23,10,13
Dearmooses,stormscale,920,warrior,arms,36,18,18
Shãne,ysondre,918,warrior,arms,22,10,12
Avgålöfvén,stormscale,912,warrior,arms,15,11,4
Matti,magtheridon,911,warrior,arms,17,10,7
Zugstorm,outland,911,warrior,arms,27,11,16
Durmithor,silvermoon,906,warrior,arms,35,10,25
Энлами,gordunni,905,warrior,arms,21,10,11
Искристый,howling-fjord,903,warrior,arms,18,11,7
Cryze,ravencrest,903,warrior,arms,21,10,11
Данилатитич,howling-fjord,901,warrior,arms,21,10,11
Cowlunderowl,tarren-mill,900,warrior,arms,32,11,21
Razecraz,ysondre,894,warrior,arms,18,11,7
Shihoh,blackhand,892,warrior,arms,32,10,22
Orchëstre,eitrigg,890,warrior,arms,84,43,41
Perseó,minahonda,888,warrior,arms,54,16,38
Рагнарульв,gordunni,885,warrior,arms,14,10,4
Дотрен,galakrond,883,warrior,arms,42,20,22
Xxoorrwarr,tarren-mill,881,warrior,arms,16,10,6
Обиванкенобя,soulflayer,879,warrior,arms,32,10,22
Pigleto,ravencrest,870,warrior,arms,22,12,10
Sangarane,archimonde,868,warrior,arms,27,14,13
Bazsika,ragnaros,866,warrior,arms,54,17,37
Marqinios,archimonde,864,warrior,arms,12,9,3
Wetrx,stormscale,864,warrior,arms,12,9,3
Hannìbal,ravencrest,864,warrior,arms,12,9,3
Imondiet,ragnaros,864,warrior,arms,12,9,3
Kfc,chamber-of-aspects,864,warrior,arms,12,9,3
Zaedt,tarren-mill,864,warrior,arms,12,9,3
Preliator,outland,864,warrior,arms,12,9,3
Zäløøpå,kazzak,864,warrior,arms,12,9,3
Jackzx,twisting-nether,864,warrior,arms,12,9,3
Antìcìdè,ravencrest,864,warrior,arms,12,9,3
Jethiss,ravencrest,864,warrior,arms,12,9,3
Drvx,twisting-nether,864,warrior,arms,12,9,3
Tynyas,dalaran,864,warrior,arms,24,12,12
Ken,twisting-nether,864,warrior,arms,18,9,9
Saetásh,argent-dawn,864,warrior,arms,18,9,9
Bâyer,burning-legion,864,warrior,arms,18,9,9
Gulläx,burning-legion,864,warrior,arms,18,9,9
Marex,grim-batol,864,warrior,arms,18,9,9
Джамалли,howling-fjord,864,warrior,arms,18,9,9
Allthèwayup,kazzak,864,warrior,arms,18,9,9
Кимлий,deathweaver,864,warrior,arms,18,9,9
Whýsøsîlêñt,ragnaros,864,warrior,arms,18,9,9
Necrio,kazzak,864,warrior,arms,18,9,9
Quadfather,kazzak,864,warrior,arms,18,9,9
Данзетар,howling-fjord,864,warrior,arms,18,9,9
Лилиофанныч,soulflayer,864,warrior,arms,18,9,9
Багрон,goldrinn,864,warrior,arms,18,9,9
Belfodil,outland,864,warrior,arms,18,9,9
Jeax,rexxar,864,warrior,arms,18,9,9
Ranoth,hellfire,864,warrior,arms,18,9,9
Tenthøusand,sylvanas,864,warrior,arms,24,9,15
Dmgsponge,stormscale,864,warrior,arms,24,9,15
Vikktor,doomhammer,864,warrior,arms,24,9,15
Rhagnok,archimonde,864,warrior,arms,24,9,15
Brigitá,argent-dawn,864,warrior,arms,24,9,15
Raikaz,ravencrest,864,warrior,arms,24,9,15
Renbaka,marécage-de-zangar,863,warrior,arms,12,9,3
Пиапиа,gordunni,863,warrior,arms,12,9,3
Ølolo,stormscale,863,warrior,arms,12,9,3
Suksori,kazzak,863,warrior,arms,18,9,9
Punisherhulk,stormscale,863,warrior,arms,18,9,9
Tonifox,nemesis,863,warrior,arms,18,9,9
Bladesmiths,argent-dawn,863,warrior,arms,18,9,9
Malgár,argent-dawn,863,warrior,arms,18,9,9
Opticsynfel,argent-dawn,863,warrior,arms,18,9,9
Vathaleron,alakir,863,warrior,arms,18,9,9
Олдизаер,soulflayer,863,warrior,arms,18,9,9
Drahtalger,hyjal,863,warrior,arms,18,9,9
Trust,darksorrow,863,warrior,arms,18,9,9
Дейниксис,howling-fjord,863,warrior,arms,18,9,9
Ajhogan,ravencrest,863,warrior,arms,18,9,9
Warbigboss,draenor,863,warrior,arms,18,9,9
Miz,dun-modr,863,warrior,arms,21,9,12
Johnfogerty,twisting-nether,863,warrior,arms,24,9,15
Nârmøra,thrall,863,warrior,arms,24,9,15
Reb,thunderhorn,862,warrior,arms,12,9,3
Ratko,blackmoore,862,warrior,arms,20,12,8
Moowar,defias-brotherhood,862,warrior,arms,18,9,9
Bobloblaww,doomhammer,862,warrior,arms,18,9,9
Aemirage,doomhammer,862,warrior,arms,37,18,19
Kímó,silvermoon,862,warrior,arms,24,9,15
Шизам,howling-fjord,862,warrior,arms,24,9,15
Velikan,tarren-mill,862,warrior,arms,24,9,15
Fluffycute,blackhand,862,warrior,arms,24,9,15
Démigodx,stormscale,862,warrior,arms,24,9,15
Bekkey,lightbringer,862,warrior,arms,24,9,15
Clukao,kazzak,862,warrior,arms,24,9,15
Realdrdob,kazzak,862,warrior,arms,24,9,15
Slowfeet,stormscale,861,warrior,arms,12,9,3
Kolxoz,doomhammer,861,warrior,arms,18,9,9
Nêgan,stormscale,861,warrior,arms,18,9,9
Üs,ravencrest,861,warrior,arms,24,9,15
Amar,defias-brotherhood,861,warrior,arms,29,10,19
Bigbaduglyy,twisting-nether,861,warrior,arms,30,9,21
Bezark,kazzak,860,warrior,arms,18,9,9
Andoror,nemesis,860,warrior,arms,18,9,9
Unstorm,drakthul,860,warrior,arms,24,9,15
Woopzi,twisting-nether,860,warrior,arms,36,9,27
Atälànte,ysondre,859,warrior,arms,18,9,9
Stits,chromaggus,859,warrior,arms,18,9,9
Антурим,howling-fjord,859,warrior,arms,24,9,15
Маханхет,soulflayer,859,warrior,arms,24,9,15
Дрекзот,howling-fjord,858,warrior,arms,15,10,5
Crud,die-silberne-hand,858,warrior,arms,18,9,9
Варбыкмашина,howling-fjord,857,warrior,arms,18,9,9
Krigarjag,kazzak,857,warrior,arms,18,9,9
Marcusk,thunderhorn,857,warrior,arms,24,9,15
Vegäpunk,nemesis,857,warrior,arms,24,9,15
Kixx,twisting-nether,855,warrior,arms,30,14,16
Pøps,hyjal,854,warrior,arms,18,9,9
Discogoon,twilights-hammer,854,warrior,arms,87,32,55
Kriegerkraut,silvermoon,853,warrior,arms,12,9,3
Tommia,burning-legion,853,warrior,arms,24,9,15
Syforce,ravencrest,850,warrior,arms,18,9,9
Sfarpi,burning-legion,850,warrior,arms,18,9,9
Nakroll,sanguino,850,warrior,arms,24,9,15
Blufurys,nemesis,849,warrior,arms,26,9,17
Goodvibez,silvermoon,848,warrior,arms,24,9,15
Bashion,ghostlands,846,warrior,arms,30,10,20
Bigtulipe,archimonde,842,warrior,arms,17,9,8
Marciano,dalaran,835,warrior,arms,18,9,9
Abelgf,exodar,832,warrior,arms,26,11,15
Ajgreedy,grim-batol,829,warrior,arms,23,9,14
Greeneroi,khaz-modan,829,warrior,arms,35,9,26
Overdose,anetheron,827,warrior,arms,17,10,7
Prag,silvermoon,823,warrior,arms,16,10,6
Nelfx,aggra-português,819,warrior,arms,42,18,24
Alothar,khaz-modan,816,warrior,arms,24,11,13
Greenpanzer,archimonde,815,warrior,arms,15,9,6
Airowar,drakthul,815,warrior,arms,17,9,8
Tanoras,kazzak,815,warrior,arms,17,9,8
Mölntuss,emeriss,815,warrior,arms,23,9,14
Vegilhenvin,stormscale,815,warrior,arms,27,9,18
Eggsecutor,stormscale,810,warrior,arms,23,11,12
Actuallyorc,twisting-nether,799,warrior,arms,14,9,5
Бижек,gordunni,799,warrior,arms,14,9,5
Vyctimz,ravencrest,799,warrior,arms,16,9,7
Xaqt,die-nachtwache,798,warrior,arms,17,9,8
Bumbx,kazzak,796,warrior,arms,14,9,5
Vannié,blackhand,794,warrior,arms,22,9,13
Knego,ragnaros,793,warrior,arms,11,9,2
Klanky,draenor,793,warrior,arms,26,9,17
Авврорра,gordunni,789,warrior,arms,24,10,14
Кейнорин,howling-fjord,789,warrior,arms,28,9,19
Pyrul,antonidas,784,warrior,arms,19,9,10
Finalsmasher,thrall,784,warrior,arms,42,16,26
Лысыч,gordunni,778,warrior,arms,19,9,10
Dlstroyer,eonar,776,warrior,arms,24,10,14
Psinovich,sylvanas,768,warrior,arms,12,8,4
Doritoslove,sanguino,768,warrior,arms,12,8,4
Smorccroms,stormscale,768,warrior,arms,12,8,4
Chíppéd,draenor,768,warrior,arms,12,8,4
Curelia,malganis,768,warrior,arms,12,8,4
Mâlitek,archimonde,768,warrior,arms,12,8,4
Kultywator,silvermoon,768,warrior,arms,12,8,4
Rayner,illidan,768,warrior,arms,12,8,4
Surthur,magtheridon,768,warrior,arms,12,8,4
Bulfwart,zuljin,768,warrior,arms,12,8,4
Ballin,dragonblight,768,warrior,arms,12,8,4
Éliøkor,outland,768,warrior,arms,12,8,4
Liked,tarren-mill,768,warrior,arms,12,8,4
Norganw,die-aldor,768,warrior,arms,12,8,4
Бигдэм,howling-fjord,768,warrior,arms,12,8,4
Shorrag,outland,768,warrior,arms,12,8,4
Muyubu,eredar,768,warrior,arms,12,8,4
Maisner,stormscale,768,warrior,arms,15,9,6
Madßud,ravencrest,768,warrior,arms,14,8,6
Horsewarrior,stormscale,768,warrior,arms,18,8,10
Xdpromtius,dun-modr,768,warrior,arms,18,8,10
Vlorgboi,drakthul,768,warrior,arms,18,8,10
Aauv,twisting-nether,768,warrior,arms,18,8,10
Роули,blackscar,768,warrior,arms,18,8,10
Dedewawa,ysondre,768,warrior,arms,18,8,10
Daymio,twisting-nether,768,warrior,arms,18,8,10
Yarilolx,outland,768,warrior,arms,18,8,10
Dreadbanga,blackmoore,768,warrior,arms,18,8,10
Земибор,soulflayer,768,warrior,arms,18,8,10
Visari,kiljaeden,768,warrior,arms,18,8,10
Arsinal,blackhand,768,warrior,arms,18,8,10
Cavo,drakthul,768,warrior,arms,18,8,10
Borndet,eredar,768,warrior,arms,18,8,10
Yaune,ravencrest,768,warrior,arms,18,8,10
Анакронокс,howling-fjord,768,warrior,arms,18,8,10
Kamilfury,burning-legion,768,warrior,arms,22,9,13
Уэсгар,blackscar,768,warrior,arms,24,8,16
Fosler,frostmane,768,warrior,arms,24,8,16
Elinyar,aegwynn,768,warrior,arms,24,8,16
Shaked,dun-modr,768,warrior,arms,24,8,16
Heavenheart,bronzebeard,767,warrior,arms,13,9,4
Prolyx,doomhammer,767,warrior,arms,12,8,4
Yoilenno,argent-dawn,767,warrior,arms,12,8,4
Ludjack,tarren-mill,767,warrior,arms,15,8,7
Draer,sanguino,767,warrior,arms,17,9,8
Recklessness,drakthul,767,warrior,arms,18,8,10
Folsack,sanguino,767,warrior,arms,18,8,10
Shagara,defias-brotherhood,767,warrior,arms,18,8,10
Akim,ysondre,767,warrior,arms,18,8,10
Øfè,ysondre,767,warrior,arms,18,8,10
Tomhankz,ravencrest,767,warrior,arms,18,8,10
Арбузикхаха,soulflayer,767,warrior,arms,18,8,10
Waegon,twisting-nether,767,warrior,arms,18,8,10
Каутто,howling-fjord,767,warrior,arms,18,8,10
Lortèn,stormscale,767,warrior,arms,18,8,10
Horseye,eredar,767,warrior,arms,18,8,10
Jjokkerr,magtheridon,767,warrior,arms,18,8,10
Футжисубо,razuvious,767,warrior,arms,18,8,10
Broxiw,darkspear,767,warrior,arms,18,8,10
Ericmontana,draenor,767,warrior,arms,18,8,10
Becca,rexxar,767,warrior,arms,18,8,10
Hermosse,dalaran,767,warrior,arms,18,8,10
Bämoida,eredar,767,warrior,arms,18,8,10
Alexwar,draenor,767,warrior,arms,18,8,10
Разрубателл,soulflayer,767,warrior,arms,18,8,10
Бокалпивка,soulflayer,767,warrior,arms,21,9,12
Èscøbar,dalaran,767,warrior,arms,21,9,12
Swaxx,ravencrest,767,warrior,arms,24,8,16
Keksspec,ungoro,767,warrior,arms,24,8,16
Pegazón,outland,766,warrior,arms,12,8,4
Shehalk,stormscale,766,warrior,arms,12,8,4
Aomen,ravencrest,766,warrior,arms,12,8,4
Newgáte,silvermoon,766,warrior,arms,12,8,4
Celean,darksorrow,766,warrior,arms,12,8,4
Bonkonator,stormscale,766,warrior,arms,12,8,4
Gíu,blackhand,766,warrior,arms,18,8,10
Beamis,ragnaros,766,warrior,arms,18,8,10
Vohok,jaedenar,766,warrior,arms,18,8,10
Rageaholic,blackmoore,766,warrior,arms,18,8,10
Booj,silvermoon,766,warrior,arms,18,8,10
Minoke,antonidas,766,warrior,arms,18,8,10
Jeronimoe,blackmoore,766,warrior,arms,19,8,11
Нэиро,howling-fjord,766,warrior,arms,24,8,16
Exeqty,the-maelstrom,765,warrior,arms,18,8,10
Wärfäcë,blades-edge,765,warrior,arms,18,8,10
Zhenshii,blackmoore,765,warrior,arms,18,8,10
Анманерка,ashenvale,765,warrior,arms,24,8,16
Hirbus,ravencrest,765,warrior,arms,25,8,17
Lucciouss,sylvanas,764,warrior,arms,12,8,4
Lìón,blackhand,764,warrior,arms,24,8,16
Ireincarnate,argent-dawn,763,warrior,arms,18,8,10
Giggadaddy,tarren-mill,763,warrior,arms,18,8,10
Leyon,blades-edge,762,warrior,arms,12,8,4
Fatbeard,twilights-hammer,762,warrior,arms,18,8,10
Rogirb,drakthul,762,warrior,arms,18,8,10
Suolijumppa,stormreaver,762,warrior,arms,18,8,10
Korvjnus,burning-blade,762,warrior,arms,18,8,10
Koliastra,magtheridon,761,warrior,arms,16,9,7
Øruch,draenor,761,warrior,arms,18,8,10
Gnuhl,eredar,760,warrior,arms,21,9,12
Грруд,galakrond,760,warrior,arms,24,8,16
Машамеч,blackscar,760,warrior,arms,30,8,22
Freestýlz,archimonde,759,warrior,arms,12,8,4
Falcowar,minahonda,758,warrior,arms,18,8,10
Upturn,ravencrest,757,warrior,arms,24,8,16
Ispor,shattered-halls,753,warrior,arms,67,31,36
Craanked,aegwynn,751,warrior,arms,17,8,9
Calipp,die-aldor,750,warrior,arms,24,8,16
Batourga,marécage-de-zangar,749,warrior,arms,23,8,15
Shadrassil,eonar,747,warrior,arms,18,8,10
Дедсдрыном,howling-fjord,747,warrior,arms,23,8,15
Рф,thermaplugg,745,warrior,arms,26,9,17
Smkw,kazzak,738,warrior,arms,18,8,10
Furraxx,elune,736,warrior,arms,18,8,10
Broarexlion,ragnaros,735,warrior,arms,23,8,15
Hazzaogx,draenor,735,warrior,arms,23,8,15
Tinkley,quelthalas,734,warrior,arms,16,8,8
Megaloddon,ravencrest,734,warrior,arms,17,8,9
Orgazam,xavius,734,warrior,arms,17,8,9
Grimsong,antonidas,733,warrior,arms,14,9,5
Madict,outland,733,warrior,arms,18,8,10
Takashia,ravencrest,731,warrior,arms,16,9,7
Grolbein,blackhand,719,warrior,arms,17,9,8
Karbeg,ravencrest,718,warrior,arms,21,8,13
Spoofie,doomhammer,718,warrior,arms,21,8,13
Zíreael,ravencrest,718,warrior,arms,29,8,21
Железныйбард,gordunni,717,warrior,arms,23,8,15
Zelwar,drakthul,714,warrior,arms,14,10,4
Чухануспрайм,howling-fjord,714,warrior,arms,22,9,13
Ugbruk,blackhand,707,warrior,arms,21,9,12
Ferv,tarren-mill,703,warrior,arms,17,8,9
Xorlog,thrall,702,warrior,arms,17,9,8
Daxhter,sanguino,702,warrior,arms,20,8,12
Parabellum,dun-modr,701,warrior,arms,14,8,6
Agamemnon,frostmane,701,warrior,arms,14,8,6
Punishers,ysondre,699,warrior,arms,126,45,81
Stratic,blackmoore,697,warrior,arms,26,8,18
Melców,eredar,687,warrior,arms,11,8,3
Матумбо,gordunni,687,warrior,arms,20,8,12
Pemex,stormreaver,686,warrior,arms,13,8,5
Xiennas,stormscale,679,warrior,arms,19,9,10
Unbrauchbar,silvermoon,672,warrior,arms,10,8,2
Cleppepx,blackmoore,672,warrior,arms,12,7,5
Orelus,darkspear,672,warrior,arms,12,7,5
Dréngr,blackrock,672,warrior,arms,12,7,5
Бардеон,gordunni,672,warrior,arms,12,7,5
Kriticah,sanguino,672,warrior,arms,12,7,5
Orcassmus,blackrock,672,warrior,arms,12,7,5
Tandrak,ravencrest,672,warrior,arms,12,7,5
Zellóx,stormscale,672,warrior,arms,12,7,5
Трэйдар,blackscar,672,warrior,arms,12,7,5
Sreym,dun-modr,672,warrior,arms,12,7,5
Creekwarrior,twisting-nether,672,warrior,arms,12,7,5
Ufu,outland,672,warrior,arms,12,7,5
Ragelol,aegwynn,672,warrior,arms,12,7,5
Midnightrain,archimonde,672,warrior,arms,12,7,5
Ayasana,argent-dawn,672,warrior,arms,12,7,5
Engalxsol,tarren-mill,672,warrior,arms,12,7,5
Tbomb,stormscale,672,warrior,arms,12,7,5
Хашонвар,gordunni,672,warrior,arms,12,7,5
Rongh,saurfang,672,warrior,arms,12,7,5
Арсон,soulflayer,672,warrior,arms,12,7,5
Devìlscandy,stormscale,672,warrior,arms,12,7,5
Imglad,ragnaros,672,warrior,arms,12,7,5
Cleavnseagal,ravencrest,672,warrior,arms,12,7,5
Тьмасвятая,gordunni,672,warrior,arms,12,7,5
Thebigtosco,ravencrest,672,warrior,arms,12,7,5
Faimy,tarren-mill,672,warrior,arms,12,7,5
Джераса,borean-tundra,672,warrior,arms,12,7,5
Boonur,arthas,672,warrior,arms,12,7,5
Pexqt,blackmoore,672,warrior,arms,12,7,5
Crøwñd,twisting-nether,672,warrior,arms,12,7,5
Masakerr,ragnaros,672,warrior,arms,12,7,5
Ðalf,sargeras,672,warrior,arms,12,7,5
Minimcgregor,sanguino,672,warrior,arms,12,7,5
Warriovar,draenor,672,warrior,arms,12,7,5
Deathgreyø,nemesis,672,warrior,arms,12,7,5
Каррагор,howling-fjord,672,warrior,arms,12,7,5
Bubawarrior,silvermoon,672,warrior,arms,12,7,5
Azarek,blackmoore,672,warrior,arms,12,7,5
Âdept,tarren-mill,672,warrior,arms,12,7,5
Xiro,hellscream,672,warrior,arms,12,7,5
Jäky,ragnaros,672,warrior,arms,12,7,5
Roadsick,outland,672,warrior,arms,12,7,5
Unverbal,silvermoon,672,warrior,arms,12,7,5
Shînsø,dalaran,672,warrior,arms,12,7,5
Psychlolz,burning-legion,672,warrior,arms,12,7,5
Ironmásk,tarren-mill,672,warrior,arms,12,7,5
Neíd,antonidas,672,warrior,arms,12,7,5
Minitizzr,stormscale,672,warrior,arms,12,7,5
Tenvee,outland,672,warrior,arms,12,7,5
Kwasimodo,blackmoore,672,warrior,arms,12,7,5
Bronn,defias-brotherhood,672,warrior,arms,12,7,5
Lisera,thrall,672,warrior,arms,12,7,5
Antïsøcial,thrall,672,warrior,arms,12,7,5
Biscuitoliva,hyjal,672,warrior,arms,12,7,5
Smèdbérg,ravencrest,672,warrior,arms,12,7,5
Slâkkxz,outland,672,warrior,arms,12,7,5
Tìera,ravencrest,672,warrior,arms,15,8,7
Jeonsoyeon,argent-dawn,672,warrior,arms,18,7,11
Warhero,burning-legion,672,warrior,arms,18,7,11
Ghettogødx,outland,672,warrior,arms,18,7,11
Slappcuzz,blackrock,672,warrior,arms,18,7,11
Reacôn,twisting-nether,672,warrior,arms,18,7,11
Silencxý,blackrock,672,warrior,arms,18,7,11
Manký,kazzak,672,warrior,arms,18,7,11
Tomsom,sanguino,672,warrior,arms,18,7,11
Warristyles,arygos,672,warrior,arms,18,7,11
Imorphius,silvermoon,672,warrior,arms,18,7,11
Dragnil,twisting-nether,672,warrior,arms,18,7,11
Swàck,mazrigos,672,warrior,arms,18,7,11
Kåïdø,ravencrest,672,warrior,arms,18,7,11
Rightversion,sylvanas,672,warrior,arms,18,7,11
Kamapulya,ravencrest,672,warrior,arms,18,7,11
Twoonewin,ragnaros,672,warrior,arms,18,7,11
Стефанидзе,soulflayer,672,warrior,arms,18,7,11
Skullsmasher,stormscale,672,warrior,arms,18,7,11
Kiha,argent-dawn,672,warrior,arms,18,7,11
Zugzugernaut,stormscale,672,warrior,arms,18,7,11
Delfrion,pozzo-delleternità,672,warrior,arms,18,7,11
Nyamnyamnyam,blackmoore,672,warrior,arms,18,7,11
Nímera,nemesis,672,warrior,arms,18,7,11
Warrieron,stormscale,672,warrior,arms,18,7,11
Chàrgex,blackrock,672,warrior,arms,21,8,13
Luxurious,argent-dawn,672,warrior,arms,27,8,19
Vøidwalker,ragnaros,672,warrior,arms,24,7,17
Anahkäs,archimonde,672,warrior,arms,24,7,17
Gôrilla,kazzak,672,warrior,arms,30,7,23
Hexzo,ravencrest,671,warrior,arms,12,7,5
Reykingar,outland,671,warrior,arms,12,7,5
Shedzo,tarren-mill,671,warrior,arms,12,7,5
Gùts,stormreaver,671,warrior,arms,12,7,5
Lågærtha,blackmoore,671,warrior,arms,12,7,5
Schneklinge,blutkessel,671,warrior,arms,12,7,5
Greifax,eredar,671,warrior,arms,12,7,5
Nightbeard,twisting-nether,671,warrior,arms,12,7,5
Xensation,kult-der-verdammten,671,warrior,arms,12,7,5
Kriegernuss,blackmoore,671,warrior,arms,12,7,5
Wvanp,tarren-mill,671,warrior,arms,12,7,5
Escà,archimonde,671,warrior,arms,12,7,5
Dosenbier,gorgonnash,671,warrior,arms,12,7,5
Hades,kazzak,671,warrior,arms,12,7,5
Sàt,kazzak,671,warrior,arms,12,7,5
Bendeur,ysondre,671,warrior,arms,12,7,5
Fluxerella,azjolnerub,671,warrior,arms,12,7,5
Rawne,kirin-tor,671,warrior,arms,12,7,5
Aëne,kirin-tor,671,warrior,arms,12,7,5
Stèalthy,stormscale,671,warrior,arms,12,7,5
Vez,arathor,671,warrior,arms,12,7,5
Schawar,draenor,671,warrior,arms,12,7,5
Skullcrasher,draenor,671,warrior,arms,12,7,5
Wårlord,ragnaros,671,warrior,arms,12,7,5
Когарт,gordunni,671,warrior,arms,12,7,5
Gamôrà,eitrigg,671,warrior,arms,12,7,5
Dukhe,sanguino,671,warrior,arms,12,7,5
Дисфория,soulflayer,671,warrior,arms,15,8,7
Segovaxx,twisting-nether,671,warrior,arms,18,7,11
Gachiwarri,blackhand,671,warrior,arms,18,7,11
Haris,malganis,671,warrior,arms,18,7,11
Radge,hyjal,671,warrior,arms,18,7,11
Sinbuay,malygos,671,warrior,arms,18,7,11
Williamx,archimonde,671,warrior,arms,18,7,11
Akáme,frostwolf,671,warrior,arms,18,7,11
Kishkamen,ravencrest,671,warrior,arms,18,7,11
Pavard,arakarahm,671,warrior,arms,18,7,11
Sydre,nerathor,671,warrior,arms,18,7,11
Adzipotlewap,burning-legion,671,warrior,arms,18,7,11
Sadex,blackmoore,671,warrior,arms,24,7,17
Бубаигавар,gordunni,671,warrior,arms,24,7,17
Шпингалетыч,howling-fjord,671,warrior,arms,24,7,17
Ismellurfeet,ravencrest,670,warrior,arms,12,7,5
Eldfast,bladefist,670,warrior,arms,12,7,5
Grunwi,burning-legion,670,warrior,arms,12,7,5
Lightit,aegwynn,670,warrior,arms,12,7,5
Gucix,tarren-mill,670,warrior,arms,12,7,5
Haymaker,auchindoun,670,warrior,arms,12,7,5
Prs,defias-brotherhood,670,warrior,arms,12,7,5
Kilsera,blackmoore,670,warrior,arms,12,7,5
Cortix,blackmoore,670,warrior,arms,16,8,8
Ozok,blackrock,670,warrior,arms,18,7,11
Jackycoke,blackhand,670,warrior,arms,18,7,11
Befit,quelthalas,670,warrior,arms,18,7,11
Gakosh,sanguino,669,warrior,arms,12,7,5
Laude,ragnaros,669,warrior,arms,12,7,5
Infusione,nemesis,669,warrior,arms,12,7,5
Slappie,kiljaeden,669,warrior,arms,18,7,11
Сырилисуп,soulflayer,669,warrior,arms,18,7,11
Мутобой,soulflayer,669,warrior,arms,18,7,11
Pyxis,argent-dawn,669,warrior,arms,18,7,11
Lø,chogall,669,warrior,arms,20,7,13
Ruuster,norgannon,669,warrior,arms,24,7,17
Warclone,ravencrest,668,warrior,arms,12,7,5
Méfiat,hyjal,668,warrior,arms,12,7,5
Árkantos,ravencrest,668,warrior,arms,12,7,5
Тонкрик,goldrinn,668,warrior,arms,12,7,5
Woukong,blackmoore,668,warrior,arms,18,7,11
Releave,draenor,668,warrior,arms,18,7,11
Zêrklatscher,lordaeron,668,warrior,arms,24,7,17
Muetzchen,blackhand,667,warrior,arms,12,7,5
Piixxz,hyjal,667,warrior,arms,12,7,5
Математик,razuvious,667,warrior,arms,12,7,5
Papati,twisting-nether,667,warrior,arms,18,7,11
Badazz,thunderhorn,666,warrior,arms,18,7,11
Глинм,gordunni,663,warrior,arms,30,7,23
Милославский,gordunni,662,warrior,arms,18,7,11
Dorya,aegwynn,655,warrior,arms,17,7,10
Xienia,dun-morogh,655,warrior,arms,24,7,17
Grimoire,drakthul,639,warrior,arms,14,8,6
Мегаяйца,gordunni,639,warrior,arms,23,7,16
Xiny,blackrock,638,warrior,arms,17,7,10
Боевыещёчки,eversong,627,warrior,arms,22,11,11
Rødprincê,ravencrest,624,warrior,arms,9,7,2
Wasdwarr,aegwynn,623,warrior,arms,11,7,4
Керсантус,gordunni,623,warrior,arms,11,7,4
Bloodeater,sylvanas,623,warrior,arms,15,7,8
Набосуюногу,gordunni,623,warrior,arms,17,7,10
Dolforden,burning-legion,622,warrior,arms,17,7,10
Vaxillium,argent-dawn,621,warrior,arms,17,7,10
Hoggle,runetotem,616,warrior,arms,15,7,8
Kwesta,kazzak,607,warrior,arms,11,7,4
Matatorero,uldum,607,warrior,arms,16,7,9
Trundledaddy,silvermoon,607,warrior,arms,17,7,10
Ехасе,gordunni,605,warrior,arms,16,7,9
Spartazo,turalyon,593,warrior,arms,24,7,17
Lynton,sylvanas,592,warrior,arms,13,7,6
Olriksen,dentarg,590,warrior,arms,19,8,11
Bavet,sylvanas,589,warrior,arms,19,7,12
Cêlty,aegwynn,576,warrior,arms,6,6,0
Dulex,draenor,576,warrior,arms,6,6,0
Watergate,ysondre,576,warrior,arms,6,6,0
Lubcifer,emeriss,576,warrior,arms,6,6,0
Мадс,howling-fjord,576,warrior,arms,6,6,0
Gidra,stormscale,576,warrior,arms,6,6,0
Беренса,howling-fjord,576,warrior,arms,9,7,2
Bjergo,drakthul,576,warrior,arms,10,7,3
Гатсх,blackscar,576,warrior,arms,12,6,6
Waranach,drakthul,576,warrior,arms,12,6,6
Sickslamzyø,ravencrest,576,warrior,arms,12,6,6
Slám,burning-legion,576,warrior,arms,12,6,6
Arktharion,antonidas,576,warrior,arms,12,6,6
Deymio,defias-brotherhood,576,warrior,arms,12,6,6
Oneoneseven,archimonde,576,warrior,arms,12,6,6
Wärlør,ravencrest,576,warrior,arms,12,6,6
Majestatix,doomhammer,576,warrior,arms,12,6,6
Hacci,ragnaros,576,warrior,arms,12,6,6
Kleckzz,blackmoore,576,warrior,arms,12,6,6
Fonky,sylvanas,576,warrior,arms,12,6,6
Juggawumba,kazzak,576,warrior,arms,12,6,6
Qurujaa,kirin-tor,576,warrior,arms,12,6,6
Earthshatter,emeriss,576,warrior,arms,12,6,6
Irherklek,stormscale,576,warrior,arms,12,6,6
Fookyoup,stormscale,576,warrior,arms,12,6,6
Bourbimrgllr,hyjal,576,warrior,arms,12,6,6
Taoke,ravencrest,576,warrior,arms,12,6,6
Jerololz,dun-modr,576,warrior,arms,12,6,6
Belov,hyjal,576,warrior,arms,12,6,6
Toscow,ravencrest,576,warrior,arms,12,6,6
Hycate,blackrock,576,warrior,arms,12,6,6
Askawar,sylvanas,576,warrior,arms,12,6,6
Knoutt,burning-legion,576,warrior,arms,12,6,6
Kaloche,hyjal,576,warrior,arms,12,6,6
Tddyy,silvermoon,576,warrior,arms,12,6,6
Kehnan,blackrock,576,warrior,arms,12,6,6
Psychðtïc,archimonde,576,warrior,arms,12,6,6
Melfis,aegwynn,576,warrior,arms,12,6,6
Тассэй,eversong,576,warrior,arms,12,6,6
Astost,silvermoon,576,warrior,arms,12,6,6
Capitalista,das-konsortium,576,warrior,arms,12,6,6
Нерморрог,howling-fjord,576,warrior,arms,12,6,6
Finmajor,frostwhisper,576,warrior,arms,12,6,6
Rakhaldin,blackhand,576,warrior,arms,12,6,6
Vakios,confrérie-du-thorium,576,warrior,arms,12,6,6
Jà,kazzak,576,warrior,arms,12,6,6
Ðrews,kazzak,576,warrior,arms,12,6,6
Brutarius,scarshield-legion,576,warrior,arms,12,6,6
Coolaa,kazzak,576,warrior,arms,12,6,6
Radîtz,blackmoore,576,warrior,arms,12,6,6
Xqt,laughing-skull,576,warrior,arms,12,6,6
Goringbame,draenor,576,warrior,arms,12,6,6
Darkseid,burning-legion,576,warrior,arms,12,6,6
Toqk,draenor,576,warrior,arms,12,6,6
Skelash,blackhand,576,warrior,arms,12,6,6
Terisá,blackmoore,576,warrior,arms,12,6,6
Wøokz,argent-dawn,576,warrior,arms,12,6,6
Thegullet,draenor,576,warrior,arms,12,6,6
Nørst,draenor,576,warrior,arms,12,6,6
Teliese,argent-dawn,576,warrior,arms,12,6,6
Tùcky,ysondre,576,warrior,arms,12,6,6
Brutalizar,draenor,576,warrior,arms,12,6,6
Keshâr,blackhand,576,warrior,arms,12,6,6
Darlith,azshara,576,warrior,arms,12,6,6
Moldamis,blackhand,576,warrior,arms,12,6,6
Hyogan,malganis,576,warrior,arms,12,6,6
Leetzorz,aszune,576,warrior,arms,12,6,6
Scràvity,blackhand,576,warrior,arms,12,6,6
Kirmizikafa,twisting-nether,576,warrior,arms,12,6,6
Únkqt,dalaran,576,warrior,arms,12,6,6
Долирия,gordunni,576,warrior,arms,12,6,6
Братишкаа,gordunni,576,warrior,arms,12,6,6
Fankululu,kragjin,576,warrior,arms,12,6,6
Kekrah,burning-legion,576,warrior,arms,12,6,6
Reìvah,silvermoon,576,warrior,arms,15,7,8
Crizby,twisting-nether,576,warrior,arms,18,6,12
Sidiøøus,hyjal,576,warrior,arms,18,6,12
Leroyluca,gilneas,576,warrior,arms,18,6,12
Ezop,burning-blade,576,warrior,arms,18,6,12
Apacho,outland,576,warrior,arms,18,6,12
Repó,twisting-nether,576,warrior,arms,18,6,12
Ragoar,blackmoore,576,warrior,arms,18,6,12
Jeriko,archimonde,576,warrior,arms,18,6,12
Fracto,draenor,576,warrior,arms,18,6,12
Smkms,kazzak,576,warrior,arms,18,6,12
Nocturia,archimonde,576,warrior,arms,18,6,12
Stillpetao,dun-modr,576,warrior,arms,18,6,12
Chazeryu,stormreaver,576,warrior,arms,18,6,12
Foxxzorr,aszune,576,warrior,arms,18,6,12
Amarthon,sylvanas,576,warrior,arms,18,6,12
Duce,kirin-tor,576,warrior,arms,18,6,12
Zkou,wrathbringer,576,warrior,arms,18,6,12
Мопк,howling-fjord,576,warrior,arms,18,6,12
Kronstris,veklor,576,warrior,arms,18,6,12
Artheim,silvermoon,576,warrior,arms,18,6,12
Salpaaja,tarren-mill,576,warrior,arms,18,6,12
Autumnfálls,kazzak,576,warrior,arms,18,6,12
Steroidkidx,stormscale,576,warrior,arms,24,6,18
Luckysop,chants-éternels,576,warrior,arms,24,6,18
Topozugzug,tarren-mill,576,warrior,arms,24,6,18
Pesroc,blackmoore,575,warrior,arms,9,7,2
Беспонятия,blackscar,575,warrior,arms,10,7,3
Zalhym,archimonde,575,warrior,arms,12,6,6
Imafk,darksorrow,575,warrior,arms,12,6,6
Lupacha,exodar,575,warrior,arms,12,6,6
Soofies,madmortem,575,warrior,arms,12,6,6
Høxy,outland,575,warrior,arms,12,6,6
Wærriør,argent-dawn,575,warrior,arms,12,6,6
Arnnau,dun-modr,575,warrior,arms,12,6,6
Акози,fordragon,575,warrior,arms,12,6,6
Думрайт,gordunni,575,warrior,arms,12,6,6
Bzezita,hyjal,575,warrior,arms,12,6,6
Cogne,illidan,575,warrior,arms,12,6,6
Rawi,antonidas,575,warrior,arms,12,6,6
Djpuggerino,outland,575,warrior,arms,12,6,6
Pra,antonidas,575,warrior,arms,12,6,6
Bravest,ragnaros,575,warrior,arms,12,6,6
Judditsbx,draenor,575,warrior,arms,12,6,6
Wfx,kazzak,575,warrior,arms,12,6,6
Valus,earthen-ring,575,warrior,arms,12,6,6
Sigmundsdotr,outland,575,warrior,arms,12,6,6
Fótm,sylvanas,575,warrior,arms,12,6,6
Previse,argent-dawn,575,warrior,arms,12,6,6
Thráll,aszune,575,warrior,arms,12,6,6
Aza,burning-blade,575,warrior,arms,12,6,6
Thorast,argent-dawn,575,warrior,arms,12,6,6
Uwazu,kazzak,575,warrior,arms,12,6,6
Zutto,conseil-des-ombres,575,warrior,arms,12,6,6
Critycall,drakthul,575,warrior,arms,12,6,6
Бэдбрэйнс,soulflayer,575,warrior,arms,12,6,6
Ghostlord,dunemaul,575,warrior,arms,12,6,6
Grafted,argent-dawn,575,warrior,arms,12,6,6
Ràgnàmetàl,tarren-mill,575,warrior,arms,12,6,6
Vauster,draenor,575,warrior,arms,16,7,9
Xraider,ragnaros,575,warrior,arms,18,6,12
Утонаган,fordragon,575,warrior,arms,18,6,12
Отнулядоста,gordunni,575,warrior,arms,18,6,12
Ruioz,draenor,575,warrior,arms,18,6,12
Kydecnick,kazzak,575,warrior,arms,24,6,18
Fugrim,draenor,574,warrior,arms,12,6,6
Nakkelam,twisting-nether,574,warrior,arms,12,6,6
Truxiw,silvermoon,574,warrior,arms,12,6,6
Solatika,alexstrasza,574,warrior,arms,12,6,6
Kvanyrius,archimonde,574,warrior,arms,18,6,12
Zogyall,ysondre,574,warrior,arms,18,6,12
Bolski,ravencrest,574,warrior,arms,18,6,12
Maxeyn,kazzak,574,warrior,arms,27,7,20
Sztixi,silvermoon,574,warrior,arms,24,6,18
Бачус,eversong,573,warrior,arms,18,6,12
Årxex,stormscale,572,warrior,arms,12,6,6
Raduriel,antonidas,571,warrior,arms,12,6,6
Kundan,antonidas,571,warrior,arms,12,6,6
Dazed,kazzak,570,warrior,arms,12,6,6
Anaxiam,drakthul,569,warrior,arms,21,8,13
Dj,ragnaros,568,warrior,arms,12,6,6
Rãgè,tarren-mill,559,warrior,arms,17,6,11
Wahney,thrall,543,warrior,arms,8,7,1
Omaahton,magtheridon,543,warrior,arms,11,6,5
Fion,kult-der-verdammten,543,warrior,arms,14,7,7
Krevó,ragnaros,543,warrior,arms,17,6,11
Kalarar,blackrock,543,warrior,arms,26,7,19
Energo,drakthul,542,warrior,arms,12,6,6
Koruds,outland,528,warrior,arms,9,6,3
Kåñéthy,outland,528,warrior,arms,15,7,8
Tyrax,blackrock,527,warrior,arms,11,6,5
Imabeatyoass,kazzak,527,warrior,arms,11,6,5
Манндалорец,gordunni,527,warrior,arms,15,6,9
Titanhaut,frostwolf,525,warrior,arms,11,6,5
Богадорога,howling-fjord,522,warrior,arms,17,8,9
Nuckii,antonidas,521,warrior,arms,21,7,14
Monifes,kazzak,520,warrior,arms,18,8,10
Брамон,gordunni,512,warrior,arms,10,6,4
Креспекс,gordunni,512,warrior,arms,16,6,10
Dzamtule,ravencrest,511,warrior,arms,8,6,2
Hasira,xavius,511,warrior,arms,10,6,4
Isoton,kazzak,511,warrior,arms,14,6,8
Блэйзерх,gordunni,496,warrior,arms,19,6,13
Фоссбро,gordunni,494,warrior,arms,21,6,15
Ocecute,tarren-mill,480,warrior,arms,6,5,1
Høtsky,twisting-nether,480,warrior,arms,6,5,1
Víoceptíon,blackrock,480,warrior,arms,6,5,1
Манхув,gordunni,480,warrior,arms,6,5,1
Lurion,malganis,480,warrior,arms,6,5,1
Хэрест,gordunni,480,warrior,arms,6,5,1
Serbia,blackrock,480,warrior,arms,6,5,1
Tørøg,eredar,480,warrior,arms,6,5,1
Warbringer,burning-blade,480,warrior,arms,6,5,1
Chabonara,blackmoore,480,warrior,arms,6,5,1
Empero,draenor,480,warrior,arms,6,5,1
Cuzyxtwo,blackrock,480,warrior,arms,6,5,1
Hópbóp,magtheridon,480,warrior,arms,6,5,1
Himarsenko,silvermoon,480,warrior,arms,6,5,1
Mumbojumbo,uldum,480,warrior,arms,6,5,1
Hubq,burning-legion,480,warrior,arms,6,5,1
Дядядмг,blackscar,480,warrior,arms,6,5,1
Quateh,silvermoon,480,warrior,arms,6,5,1
Revoidnvm,blackmoore,480,warrior,arms,6,5,1
Фокатопх,blackscar,480,warrior,arms,6,5,1
Rockygifll,sinstralis,480,warrior,arms,6,5,1
Tørrminator,stormscale,480,warrior,arms,6,5,1
Karmaloop,stormscale,480,warrior,arms,6,5,1
Jhoakim,argent-dawn,480,warrior,arms,6,5,1
Remylacroix,blackrock,480,warrior,arms,6,5,1
Valí,drakthul,480,warrior,arms,6,5,1
Pihvikostaja,stormreaver,480,warrior,arms,6,5,1
Murp,lightnings-blade,480,warrior,arms,6,5,1
Bashuk,grim-batol,480,warrior,arms,6,5,1
Vayndral,kazzak,480,warrior,arms,6,5,1
Slg,tarren-mill,480,warrior,arms,6,5,1
Asasius,ravencrest,480,warrior,arms,6,5,1
Гневныйвиги,howling-fjord,480,warrior,arms,6,5,1
Tekmali,archimonde,480,warrior,arms,6,5,1
Herigan,burning-legion,480,warrior,arms,9,6,3
Tishues,kazzak,480,warrior,arms,8,5,3
Ginjó,blackhand,480,warrior,arms,12,5,7
Sanca,naxxramas,480,warrior,arms,12,5,7
Asintended,draenor,480,warrior,arms,12,5,7
Mugteef,der-rat-von-dalaran,480,warrior,arms,12,5,7
Deathbleeder,argent-dawn,480,warrior,arms,12,5,7
Strengjahz,ragnaros,480,warrior,arms,12,5,7
Ój,ravencrest,480,warrior,arms,12,5,7
Шифик,soulflayer,480,warrior,arms,12,5,7
Garthro,antonidas,480,warrior,arms,12,5,7
Кисямур,soulflayer,480,warrior,arms,12,5,7
Gritch,ysondre,480,warrior,arms,12,5,7
Gerrmund,silvermoon,480,warrior,arms,12,5,7
Lîlsaint,dun-morogh,480,warrior,arms,12,5,7
Пробуюстерву,soulflayer,480,warrior,arms,12,5,7
Xintha,frostwolf,480,warrior,arms,12,5,7
Lüund,ravencrest,480,warrior,arms,12,5,7
Zarrgash,blackhand,480,warrior,arms,12,5,7
Mërkürÿ,draenor,480,warrior,arms,12,5,7
Thirtynine,daggerspine,480,warrior,arms,12,5,7
Teramuhl,eredar,480,warrior,arms,12,5,7
Whiteowlx,argent-dawn,480,warrior,arms,12,5,7
Kennzz,ravencrest,480,warrior,arms,12,5,7
Хэлвид,soulflayer,480,warrior,arms,12,5,7
Lïyah,eldrethalas,480,warrior,arms,12,5,7
Сашарбгх,soulflayer,480,warrior,arms,12,5,7
Steelstormz,ravencrest,480,warrior,arms,12,5,7
Garradoom,stormscale,480,warrior,arms,12,5,7
Kalopsia,drakthul,480,warrior,arms,12,5,7
Klonyarikjr,ravencrest,480,warrior,arms,12,5,7
Huxies,draenor,480,warrior,arms,12,5,7
Buffury,twisting-nether,480,warrior,arms,12,5,7
Rohäc,drakthul,480,warrior,arms,12,5,7
Sonnethrash,tarren-mill,480,warrior,arms,12,5,7
Рэйердан,howling-fjord,480,warrior,arms,12,5,7
Elbutanero,tarren-mill,480,warrior,arms,12,5,7
Binsaueramk,ravencrest,480,warrior,arms,12,5,7
Erickson,tarren-mill,480,warrior,arms,12,5,7
Budwise,stormscale,480,warrior,arms,12,5,7
Vitezandro,stormscale,480,warrior,arms,12,5,7
Zarad,stormreaver,480,warrior,arms,12,5,7
Adamastos,ragnaros,480,warrior,arms,12,5,7
Raidek,dragonmaw,480,warrior,arms,12,5,7
Taskov,tarren-mill,480,warrior,arms,12,5,7
Cythae,ravencrest,480,warrior,arms,12,5,7
Sergra,ysondre,480,warrior,arms,12,5,7
Гопниг,deepholm,480,warrior,arms,12,5,7
Thravaeg,draenor,480,warrior,arms,12,5,7
Najjs,eredar,480,warrior,arms,12,5,7
Ragingclue,draenor,480,warrior,arms,12,5,7
Zerxees,tarren-mill,480,warrior,arms,12,5,7
Oplix,antonidas,480,warrior,arms,12,5,7
Brasta,malganis,480,warrior,arms,12,5,7
Coko,kirin-tor,480,warrior,arms,12,5,7
Dtraque,kaelthas,480,warrior,arms,12,5,7
Victôr,silvermoon,480,warrior,arms,12,5,7
Stepmomgodx,kazzak,480,warrior,arms,12,5,7
Тевивар,gordunni,480,warrior,arms,12,5,7
Rylbrah,blackmoore,480,warrior,arms,12,5,7
Síúkanto,blackrock,480,warrior,arms,12,5,7
Møgwai,sanguino,480,warrior,arms,12,5,7
Бейлеор,gordunni,480,warrior,arms,12,5,7
Анжинерх,gordunni,480,warrior,arms,12,5,7
Warclodo,la-croisade-écarlate,480,warrior,arms,12,5,7
Ernexpóc,silvermoon,480,warrior,arms,12,5,7
Salsetti,nemesis,480,warrior,arms,12,5,7
Zugzugsmash,thrall,480,warrior,arms,12,5,7
Zirriox,wildhammer,480,warrior,arms,12,5,7
Caltan,wildhammer,480,warrior,arms,12,5,7
Scud,frostwhisper,480,warrior,arms,12,5,7
Ràgê,silvermoon,480,warrior,arms,12,5,7
Matrixer,aegwynn,480,warrior,arms,12,5,7
Keäghan,kazzak,480,warrior,arms,12,5,7
Supersonîc,aegwynn,480,warrior,arms,12,5,7
Schlierkamp,aegwynn,480,warrior,arms,12,5,7
Kramix,thrall,480,warrior,arms,12,5,7
Zeneve,auchindoun,480,warrior,arms,12,5,7
Humanoç,dun-modr,480,warrior,arms,12,5,7
Plzdontkite,blackrock,480,warrior,arms,12,5,7
Horizonx,blackrock,480,warrior,arms,12,5,7
Whysobold,quelthalas,480,warrior,arms,12,5,7
Steelian,kazzak,480,warrior,arms,12,5,7
Nadelicious,kazzak,480,warrior,arms,12,5,7
Zeryyo,blackrock,480,warrior,arms,12,5,7
Threnewar,kazzak,480,warrior,arms,12,5,7
Gamesucks,silvermoon,480,warrior,arms,12,5,7
Фуджитаку,gordunni,480,warrior,arms,12,5,7
Nazgrosh,burning-legion,480,warrior,arms,12,5,7
Arakhu,blackmoore,480,warrior,arms,12,5,7
ßzv,veklor,480,warrior,arms,12,5,7
Loliclapper,grim-batol,480,warrior,arms,12,5,7
Hitmanler,frostmane,480,warrior,arms,12,5,7
Развалочка,howling-fjord,480,warrior,arms,16,6,10
Roykór,auchindoun,480,warrior,arms,18,5,13
Solgud,bloodfeather,480,warrior,arms,18,5,13
Lahzar,krasus,480,warrior,arms,18,5,13
Savedsky,zuljin,480,warrior,arms,18,5,13
Æxcoast,ravencrest,480,warrior,arms,18,5,13
Asçrðth,kazzak,480,warrior,arms,18,5,13
Синнэр,blackscar,480,warrior,arms,18,5,13
Larrydankin,draenor,480,warrior,arms,18,5,13
Айсиёу,howling-fjord,480,warrior,arms,18,5,13
Unßörn,archimonde,480,warrior,arms,18,5,13
Zhrey,stormscale,480,warrior,arms,18,5,13
Redow,stormreaver,480,warrior,arms,18,5,13
Belzebud,kazzak,480,warrior,arms,18,5,13
Курящийпро,blackscar,480,warrior,arms,18,5,13
Santorro,drakthul,480,warrior,arms,18,5,13
Huullkk,nazjatar,480,warrior,arms,18,5,13
Voidteen,argent-dawn,480,warrior,arms,18,5,13
Gnolimits,antonidas,480,warrior,arms,24,5,19
Jorund,archimonde,480,warrior,arms,24,5,19
Vhy,antonidas,480,warrior,arms,25,5,20
Saey,malorne,479,warrior,arms,6,5,1
Ceteris,eredar,479,warrior,arms,6,5,1
Bangbros,archimonde,479,warrior,arms,6,5,1
Xtu,kazzak,479,warrior,arms,6,5,1
Maxilanthis,eonar,479,warrior,arms,12,5,7
Swtparanoid,sylvanas,479,warrior,arms,12,5,7
Relüx,ragnaros,479,warrior,arms,12,5,7
Joesalamanca,ragnaros,479,warrior,arms,12,5,7
Svinks,sylvanas,479,warrior,arms,12,5,7
Dúg,tarren-mill,479,warrior,arms,12,5,7
Спарттанка,gordunni,479,warrior,arms,12,5,7
Shpitzu,stormscale,479,warrior,arms,12,5,7
Troncodepino,nemesis,479,warrior,arms,12,5,7
Crocbait,ravencrest,479,warrior,arms,12,5,7
Grèèn,turalyon,479,warrior,arms,12,5,7
Brokenqt,ravencrest,479,warrior,arms,12,5,7
Auggies,outland,479,warrior,arms,12,5,7
Voodoowarr,rexxar,479,warrior,arms,12,5,7
Meresin,madmortem,479,warrior,arms,12,5,7
Pappkopf,rexxar,479,warrior,arms,12,5,7
Qvil,sanguino,479,warrior,arms,24,5,19
Farxy,dun-modr,478,warrior,arms,12,5,7
Нириэла,howling-fjord,478,warrior,arms,18,5,13
Swordluw,argent-dawn,478,warrior,arms,18,5,13
Hammerfall,uldum,478,warrior,arms,18,5,13
Sahaminho,draenor,478,warrior,arms,18,5,13
Shinnok,stormreaver,477,warrior,arms,6,5,1
Nierninwa,silvermoon,477,warrior,arms,12,5,7
Лидоний,gordunni,477,warrior,arms,12,5,7
Olagkhan,minahonda,476,warrior,arms,10,6,4
Àke,darksorrow,476,warrior,arms,18,5,13
Sheriff,dragonblight,475,warrior,arms,12,5,7
Execútioner,sylvanas,463,warrior,arms,11,5,6
Otzi,sargeras,463,warrior,arms,23,5,18
Duarel,blackmoore,448,warrior,arms,10,5,5
Henzelhoff,stormreaver,447,warrior,arms,10,5,5
Takethisduck,stormscale,447,warrior,arms,11,5,6
Midgardsormr,blackrock,447,warrior,arms,11,5,6
Kviqr,auchindoun,447,warrior,arms,11,5,6
Чпонькмашина,soulflayer,447,warrior,arms,17,5,12
Vizn,emerald-dream,447,warrior,arms,23,5,18
Kitano,garona,447,warrior,arms,23,5,18
Madswarrior,tarren-mill,431,warrior,arms,11,5,6
Warriar,sylvanas,426,warrior,arms,17,7,10
Bismárck,nathrezim,426,warrior,arms,15,6,9
Leizey,stormscale,426,warrior,arms,15,6,9
Knî,archimonde,426,warrior,arms,15,6,9
Rathis,arathor,426,warrior,arms,24,6,18
Battlemaster,die-aldor,416,warrior,arms,10,5,5
Prime,outland,416,warrior,arms,16,5,11
Kìrìtosan,pozzo-delleternità,415,warrior,arms,8,5,3
Brabüs,kazzak,415,warrior,arms,8,5,3
Rhxy,burning-legion,415,warrior,arms,10,5,5
Brùtus,exodar,415,warrior,arms,11,5,6
Getsmokedjr,ravencrest,415,warrior,arms,14,5,9
Suduri,drakthul,415,warrior,arms,14,5,9
Мембершримп,howling-fjord,415,warrior,arms,14,5,9
Danx,culte-de-la-rive-noire,413,warrior,arms,16,5,11
Varkoz,sylvanas,400,warrior,arms,7,5,2
Жекабустер,borean-tundra,399,warrior,arms,7,5,2
Cryonix,drakthul,384,warrior,arms,11,8,3
Ddfxz,draenor,384,warrior,arms,6,4,2
Donfidel,tarren-mill,384,warrior,arms,6,4,2
Fizé,blackmoore,384,warrior,arms,6,4,2
Drbanner,hyjal,384,warrior,arms,6,4,2
Zonash,kazzak,384,warrior,arms,6,4,2
Xtazen,draenor,384,warrior,arms,6,4,2
Susugar,ysondre,384,warrior,arms,6,4,2
Lakri,chants-éternels,384,warrior,arms,6,4,2
Sucemabanner,hyjal,384,warrior,arms,6,4,2
Shreedshot,blackmoore,384,warrior,arms,6,4,2
Имяужезанято,gordunni,384,warrior,arms,6,4,2
Rastaj,defias-brotherhood,384,warrior,arms,6,4,2
Anndersen,defias-brotherhood,384,warrior,arms,6,4,2
Goretterog,ysondre,384,warrior,arms,6,4,2
Agres,zuluhed,384,warrior,arms,6,4,2
Swig,twisting-nether,384,warrior,arms,6,4,2
Forsi,draenor,384,warrior,arms,6,4,2
Berree,outland,384,warrior,arms,6,4,2
Highbuffalo,kazzak,384,warrior,arms,6,4,2
Тандеракс,soulflayer,384,warrior,arms,6,4,2
Garad,frostmane,384,warrior,arms,6,4,2
Spiokra,hellscream,384,warrior,arms,6,4,2
Ahmedmohsen,kazzak,384,warrior,arms,6,4,2
Gór,area-52,384,warrior,arms,6,4,2
Lanahan,argent-dawn,384,warrior,arms,6,4,2
Reckxpeep,twisting-nether,384,warrior,arms,6,4,2
Beznacaj,outland,384,warrior,arms,6,4,2
Фиббоначи,deathguard,384,warrior,arms,6,4,2
Olfik,drakthul,384,warrior,arms,6,4,2
Mokrakh,blackmoore,384,warrior,arms,6,4,2
Pappyza,hyjal,384,warrior,arms,6,4,2
Zéox,baelgun,384,warrior,arms,6,4,2
Rebiy,ravencrest,384,warrior,arms,6,4,2
Heatingbeef,kazzak,384,warrior,arms,6,4,2
Bìgre,la-croisade-écarlate,384,warrior,arms,6,4,2
Voi,jaedenar,384,warrior,arms,6,4,2
Alaerion,magtheridon,384,warrior,arms,6,4,2
Swaàg,archimonde,384,warrior,arms,6,4,2
Qvicfrito,ravencrest,384,warrior,arms,6,4,2
Warzër,archimonde,384,warrior,arms,6,4,2
Polak,tirion,384,warrior,arms,6,4,2
Grdez,archimonde,384,warrior,arms,6,4,2
Baluste,culte-de-la-rive-noire,384,warrior,arms,6,4,2
Dallion,azjolnerub,384,warrior,arms,6,4,2
Ansàvage,kazzak,384,warrior,arms,6,4,2
Bhallts,tarren-mill,384,warrior,arms,6,4,2
Ollyaa,ravencrest,384,warrior,arms,6,4,2
Kevlarsusan,the-maelstrom,384,warrior,arms,6,4,2
Oweiko,blackrock,384,warrior,arms,6,4,2
Rimvar,alleria,384,warrior,arms,6,4,2
Takeashower,hyjal,384,warrior,arms,6,4,2
Braveorc,kazzak,384,warrior,arms,6,4,2
Гигасмэш,gordunni,384,warrior,arms,6,4,2
Ricovega,kazzak,384,warrior,arms,6,4,2
Unchåined,burning-legion,384,warrior,arms,6,4,2
Thorbjør,silvermoon,384,warrior,arms,6,4,2
Sveñor,the-maelstrom,384,warrior,arms,6,4,2
Abunai,thrall,384,warrior,arms,6,4,2
Bigbosscho,draenor,384,warrior,arms,6,4,2
Кринжеверт,howling-fjord,384,warrior,arms,6,4,2
Xladérz,ravencrest,384,warrior,arms,6,4,2
Racore,aegwynn,384,warrior,arms,6,4,2
Youstupide,drekthar,384,warrior,arms,6,4,2
Elsiâs,aegwynn,384,warrior,arms,6,4,2
Bonza,blackrock,384,warrior,arms,6,4,2
Cmonbrah,ravencrest,384,warrior,arms,6,4,2
Eseishard,hyjal,384,warrior,arms,6,4,2
Xeonair,kazzak,384,warrior,arms,6,4,2
Litlijón,ravencrest,384,warrior,arms,6,4,2
Ceen,alakir,384,warrior,arms,6,4,2
Wïn,silvermoon,384,warrior,arms,6,4,2
Måydåy,twisting-nether,384,warrior,arms,6,4,2
Proffsét,ravencrest,384,warrior,arms,6,4,2
Kaylì,ravencrest,384,warrior,arms,6,4,2
Trembolonio,sanguino,384,warrior,arms,6,4,2
Doragon,nemesis,384,warrior,arms,6,4,2
Dräparren,ragnaros,384,warrior,arms,6,4,2
Yseras,aegwynn,384,warrior,arms,6,4,2
Metawar,blackhand,384,warrior,arms,6,4,2
Arinator,les-sentinelles,384,warrior,arms,6,4,2
Hamonbophis,kirin-tor,384,warrior,arms,6,4,2
Ветросвист,gordunni,384,warrior,arms,6,4,2
Pillu,stormscale,384,warrior,arms,6,4,2
Dianâ,der-abyssische-rat,384,warrior,arms,6,4,2
Ragetotem,doomhammer,384,warrior,arms,6,4,2
Лагалиер,borean-tundra,384,warrior,arms,6,4,2
Mayback,pozzo-delleternità,384,warrior,arms,6,4,2
Abrogatio,emeriss,384,warrior,arms,6,4,2
Meovv,saurfang,384,warrior,arms,6,4,2
Ginò,stormscale,384,warrior,arms,6,4,2
Tirex,stormscale,384,warrior,arms,6,4,2
Chmg,kirin-tor,384,warrior,arms,6,4,2
Фрейз,deathweaver,384,warrior,arms,6,4,2
Epyøn,stormscale,384,warrior,arms,6,4,2
Merkakis,argent-dawn,384,warrior,arms,15,5,10
Дахирарг,fordragon,384,warrior,arms,12,4,8
Gorok,culte-de-la-rive-noire,384,warrior,arms,12,4,8
Aesiva,die-aldor,384,warrior,arms,12,4,8
Bladestorm,dun-morogh,384,warrior,arms,12,4,8
Minetaur,burning-legion,384,warrior,arms,12,4,8
Gromock,the-maelstrom,384,warrior,arms,12,4,8
Модныйклык,eversong,384,warrior,arms,12,4,8
Веоленс,gordunni,384,warrior,arms,12,4,8
Vooice,sylvanas,384,warrior,arms,12,4,8
Хамерртайм,goldrinn,384,warrior,arms,12,4,8
Вамвоосна,gordunni,384,warrior,arms,12,4,8
Gkhan,draenor,384,warrior,arms,12,4,8
Анусбрейкер,soulflayer,384,warrior,arms,12,4,8
Péter,arathor,384,warrior,arms,12,4,8
Totenkrieger,draenor,384,warrior,arms,12,4,8
Haldrium,malganis,384,warrior,arms,12,4,8
Илди,soulflayer,384,warrior,arms,12,4,8
Rngcarrier,sylvanas,384,warrior,arms,12,4,8
Eldaroar,draenor,384,warrior,arms,12,4,8
Ærion,die-aldor,384,warrior,arms,12,4,8
Брозя,gordunni,384,warrior,arms,12,4,8
Xavari,twisting-nether,384,warrior,arms,12,4,8
Karadayii,blackmoore,384,warrior,arms,12,4,8
Willadimore,ravencrest,384,warrior,arms,12,4,8
Osteskanken,ravencrest,384,warrior,arms,12,4,8
Oglisten,archimonde,384,warrior,arms,12,4,8
Йомхар,howling-fjord,384,warrior,arms,12,4,8
Adorlyna,silvermoon,384,warrior,arms,12,4,8
Rïven,los-errantes,384,warrior,arms,12,4,8
Yakhshar,silvermoon,384,warrior,arms,12,4,8
Linberg,ysondre,384,warrior,arms,12,4,8
Flugan,vashj,384,warrior,arms,12,4,8
Blackzor,ragnaros,384,warrior,arms,12,4,8
Jesuisgaydsl,archimonde,384,warrior,arms,12,4,8
Xaah,dun-modr,384,warrior,arms,12,4,8
Läerezh,ysondre,384,warrior,arms,12,4,8
Khvor,blackmoore,384,warrior,arms,12,4,8
Borion,blackmoore,384,warrior,arms,12,4,8
Dwarfdruine,dun-modr,384,warrior,arms,12,4,8
Críxus,eredar,384,warrior,arms,12,4,8
Grokalus,eredar,384,warrior,arms,12,4,8
Marablind,drakthul,384,warrior,arms,12,4,8
Woghard,drakthul,384,warrior,arms,12,4,8
Dataproffs,outland,384,warrior,arms,12,4,8
Lithanør,silvermoon,384,warrior,arms,12,4,8
Hiraclès,archimonde,384,warrior,arms,12,4,8
Deckluhm,sinstralis,384,warrior,arms,12,4,8
Arxnamus,silvermoon,384,warrior,arms,12,4,8
Sebotagelol,twisting-nether,384,warrior,arms,12,4,8
Hubusan,blackmoore,384,warrior,arms,12,4,8
Zeover,ragnaros,384,warrior,arms,12,4,8
Luciferkhan,twisting-nether,384,warrior,arms,12,4,8
Oesche,frostmourne,384,warrior,arms,12,4,8
Rfgpwhfgjawr,ravencrest,384,warrior,arms,12,4,8
Wilko,twisting-nether,384,warrior,arms,12,4,8
Rieku,kazzak,384,warrior,arms,12,4,8
Redcloak,outland,384,warrior,arms,12,4,8
Xállek,veknilash,384,warrior,arms,12,4,8
Фаталлес,galakrond,384,warrior,arms,12,4,8
Schjøtt,ravencrest,384,warrior,arms,12,4,8
Frankius,ravencrest,384,warrior,arms,12,4,8
Фаллопиев,borean-tundra,384,warrior,arms,12,4,8
Heclatos,hyjal,384,warrior,arms,12,4,8
Grunkor,eldrethalas,384,warrior,arms,12,4,8
Stanislav,tarren-mill,384,warrior,arms,12,4,8
Skyrrskyr,blackrock,384,warrior,arms,12,4,8
Craftorar,defias-brotherhood,384,warrior,arms,12,4,8
Mórghúlís,aegwynn,384,warrior,arms,12,4,8
Lazaza,tarren-mill,384,warrior,arms,12,4,8
Raynorwarr,tarren-mill,384,warrior,arms,12,4,8
Stuffed,blackrock,384,warrior,arms,12,4,8
Starkz,hellscream,384,warrior,arms,12,4,8
Kgx,argent-dawn,384,warrior,arms,12,4,8
Onidrake,nemesis,384,warrior,arms,12,4,8
Athérøs,outland,384,warrior,arms,12,4,8
Farewe,lightbringer,384,warrior,arms,12,4,8
Brisky,tarren-mill,384,warrior,arms,12,4,8
Nerfslam,stormscale,384,warrior,arms,12,4,8
Syel,sinstralis,384,warrior,arms,12,4,8
Fattysw,argent-dawn,384,warrior,arms,12,4,8
Darkchao,madmortem,384,warrior,arms,12,4,8
Ðræberen,kazzak,384,warrior,arms,12,4,8
Mortus,baelgun,384,warrior,arms,12,4,8
Auguston,argent-dawn,384,warrior,arms,12,4,8
Istenn,stormscale,384,warrior,arms,12,4,8
Huuln,outland,384,warrior,arms,12,4,8
Sorô,antonidas,384,warrior,arms,12,4,8
Альмас,galakrond,384,warrior,arms,12,4,8
Executorä,stormscale,384,warrior,arms,12,4,8
Invictàs,hyjal,384,warrior,arms,12,4,8
Ellissari,tirion,384,warrior,arms,12,4,8
Gigac,ragnaros,384,warrior,arms,12,4,8
Whyduck,silvermoon,384,warrior,arms,12,4,8
Ambraxon,blackmoore,384,warrior,arms,12,4,8
Kirus,ravencrest,384,warrior,arms,12,4,8
Mârcxb,antonidas,384,warrior,arms,12,4,8
Creezê,blackmoore,384,warrior,arms,12,4,8
Phalek,ravencrest,384,warrior,arms,14,4,10
Маллал,soulflayer,384,warrior,arms,18,4,14
Pantsupic,archimonde,384,warrior,arms,18,4,14
Rukkeg,silvermoon,384,warrior,arms,18,4,14
Jastreb,blackrock,384,warrior,arms,18,4,14
Vazzle,nethersturm,384,warrior,arms,18,4,14
Xxenaa,drakthul,384,warrior,arms,18,4,14
Erololi,sanguino,384,warrior,arms,18,4,14
Borthuk,tarren-mill,384,warrior,arms,18,4,14
Wifioffline,silvermoon,384,warrior,arms,18,4,14
Vanaxd,blackrock,384,warrior,arms,20,4,16
Kreaten,chamber-of-aspects,384,warrior,arms,25,4,21
Adelphi,blackrock,383,warrior,arms,6,4,2
Vcorvin,dun-modr,383,warrior,arms,6,4,2
Димаджер,razuvious,383,warrior,arms,6,4,2
Angrytmyself,silvermoon,383,warrior,arms,6,4,2
Ironstep,silvermoon,383,warrior,arms,6,4,2
Sandalwood,wildhammer,383,warrior,arms,9,5,4
Халиоссф,gordunni,383,warrior,arms,9,5,4
Иалаи,howling-fjord,383,warrior,arms,8,4,4
Familyguy,sylvanas,383,warrior,arms,12,4,8
Hofftor,eredar,383,warrior,arms,12,4,8
Dundee,sanguino,383,warrior,arms,12,4,8
Scill,silvermoon,383,warrior,arms,12,4,8
Nélow,khaz-modan,383,warrior,arms,12,4,8
Alhexander,dun-modr,383,warrior,arms,12,4,8
Варзибейра,blackscar,383,warrior,arms,12,4,8
Sudosolo,burning-blade,383,warrior,arms,18,4,14
Nêithan,dun-modr,383,warrior,arms,18,4,14
Xonnico,ravencrest,383,warrior,arms,18,4,14
Dracos,mannoroth,383,warrior,arms,18,4,14
Aethwa,stormscale,382,warrior,arms,6,4,2
Maxai,outland,382,warrior,arms,6,4,2
Fatbud,tarren-mill,382,warrior,arms,6,4,2
Rimz,blackmoore,382,warrior,arms,12,4,8
Nuxx,tarren-mill,382,warrior,arms,12,4,8
Wïnqlùlz,archimonde,382,warrior,arms,24,4,20
Аскольд,deathguard,379,warrior,arms,12,4,8
Отсекатель,howling-fjord,367,warrior,arms,17,4,13
Oxascand,kazzak,367,warrior,arms,17,4,13
Илийя,razuvious,367,warrior,arms,17,4,13
Mocka,veknilash,352,warrior,arms,10,4,6
Свинореззка,howling-fjord,352,warrior,arms,10,4,6
Shînta,hyjal,351,warrior,arms,11,4,7
Dasbiest,malorne,351,warrior,arms,11,4,7
Upholder,xavius,351,warrior,arms,11,4,7
Mynoona,stormscale,351,warrior,arms,11,4,7
Schmelzlord,thrall,336,warrior,arms,9,4,5
Hofmanntv,alakir,336,warrior,arms,15,4,11
Josgrout,silvermoon,336,warrior,arms,15,4,11
Scarlettjo,outland,320,warrior,arms,10,4,6
Párta,ravencrest,320,warrior,arms,10,4,6
Dyingdog,kazzak,320,warrior,arms,10,4,6
Eragdagh,thrall,319,warrior,arms,14,4,10
Savaski,thrall,304,warrior,arms,7,4,3
Warrez,azuremyst,304,warrior,arms,7,4,3
Экзекуторх,gordunni,288,warrior,arms,6,3,3
Melogranod,nemesis,288,warrior,arms,6,3,3
Retter,ravencrest,288,warrior,arms,6,3,3
Онлихелл,howling-fjord,288,warrior,arms,6,3,3
Суферна,howling-fjord,288,warrior,arms,6,3,3
Кроуфури,gordunni,288,warrior,arms,6,3,3
Venturez,stormscale,288,warrior,arms,6,3,3
Xqty,ravencrest,288,warrior,arms,6,3,3
Mauricet,elune,288,warrior,arms,6,3,3
Robitusin,ragnaros,288,warrior,arms,6,3,3
Стальнойорех,gordunni,288,warrior,arms,6,3,3
Tankdepalo,sanguino,288,warrior,arms,6,3,3
Razyk,zuljin,288,warrior,arms,6,3,3
Waescanor,ragnaros,288,warrior,arms,6,3,3
Ваншотч,blackscar,288,warrior,arms,6,3,3
Неомх,howling-fjord,288,warrior,arms,6,3,3
Tiopollo,sanguino,288,warrior,arms,6,3,3
Инкула,gordunni,288,warrior,arms,6,3,3
Kheiden,silvermoon,288,warrior,arms,6,3,3
Bânkai,aegwynn,288,warrior,arms,6,3,3
Aedin,ravencrest,288,warrior,arms,6,3,3
Розети,gordunni,288,warrior,arms,6,3,3
Boig,ragnaros,288,warrior,arms,6,3,3
Styxwr,blackhand,288,warrior,arms,6,3,3
Toleck,aegwynn,288,warrior,arms,6,3,3
Tinydik,stormscale,288,warrior,arms,6,3,3
Gaisorg,die-aldor,288,warrior,arms,6,3,3
Бравурный,gordunni,288,warrior,arms,6,3,3
Deniosan,blackhand,288,warrior,arms,6,3,3
Ididntbindit,stormscale,288,warrior,arms,6,3,3
Frenzyqt,zuljin,288,warrior,arms,6,3,3
Barbatos,saurfang,288,warrior,arms,6,3,3
Дзертуф,fordragon,288,warrior,arms,6,3,3
Топлюзаорду,borean-tundra,288,warrior,arms,6,3,3
Precel,burning-legion,288,warrior,arms,6,3,3
Whátsup,stormscale,288,warrior,arms,6,3,3
Bigmalx,darkspear,288,warrior,arms,6,3,3
Maraximus,ragnaros,288,warrior,arms,6,3,3
Rasvamaksa,stormscale,288,warrior,arms,6,3,3
Legendfury,ravencrest,288,warrior,arms,6,3,3
Изикол,blackscar,288,warrior,arms,6,3,3
Fantawesome,ragnaros,288,warrior,arms,6,3,3
Indiannaa,draenor,288,warrior,arms,6,3,3
Nofêar,anubarak,288,warrior,arms,6,3,3
Alvis,nathrezim,288,warrior,arms,6,3,3
Tojaraa,kazzak,288,warrior,arms,6,3,3
Cerßêre,archimonde,288,warrior,arms,6,3,3
Contdem,kazzak,288,warrior,arms,6,3,3
Kindface,the-maelstrom,288,warrior,arms,6,3,3
Elainax,eredar,288,warrior,arms,6,3,3
Rådne,argent-dawn,288,warrior,arms,6,3,3
Féélmyfury,tarren-mill,288,warrior,arms,6,3,3
Sïmstärxzy,hakkar,288,warrior,arms,6,3,3
Thickslam,argent-dawn,288,warrior,arms,6,3,3
Spearmisser,argent-dawn,288,warrior,arms,6,3,3
Khorgash,ravencrest,288,warrior,arms,6,3,3
Slayermaxx,kazzak,288,warrior,arms,6,3,3
Rianhh,tarren-mill,288,warrior,arms,6,3,3
Даммодар,howling-fjord,288,warrior,arms,6,3,3
Iamouz,ravencrest,288,warrior,arms,6,3,3
Klistertejp,argent-dawn,288,warrior,arms,6,3,3
Ckx,kazzak,288,warrior,arms,6,3,3
Enkö,twisting-nether,288,warrior,arms,6,3,3
Тягуч,howling-fjord,288,warrior,arms,6,3,3
Chazbo,arakarahm,288,warrior,arms,6,3,3
Mightyzuv,the-maelstrom,288,warrior,arms,6,3,3
Warricious,outland,288,warrior,arms,6,3,3
Sharn,emeriss,288,warrior,arms,6,3,3
Фогивэн,gordunni,288,warrior,arms,6,3,3
Virginity,sylvanas,288,warrior,arms,6,3,3
Lydianite,stormrage,288,warrior,arms,6,3,3
Arashicage,emeriss,288,warrior,arms,6,3,3
Dðni,archimonde,288,warrior,arms,6,3,3
Leelazero,argent-dawn,288,warrior,arms,6,3,3
Nostrawolf,sylvanas,288,warrior,arms,6,3,3
Pwncallxx,kazzak,288,warrior,arms,6,3,3
Afes,kazzak,288,warrior,arms,6,3,3
Sktnsilv,malfurion,288,warrior,arms,6,3,3
Mukcho,sylvanas,288,warrior,arms,6,3,3
Zleyni,blackrock,288,warrior,arms,6,3,3
Methodxd,outland,288,warrior,arms,6,3,3
Mønzie,outland,288,warrior,arms,6,3,3
Грассфеникс,gordunni,288,warrior,arms,6,3,3
Møtomoto,defias-brotherhood,288,warrior,arms,6,3,3
Кунгфурик,soulflayer,288,warrior,arms,6,3,3
Krisusama,ravencrest,288,warrior,arms,6,3,3
Brrochacho,defias-brotherhood,288,warrior,arms,6,3,3
Fidicenz,ysondre,288,warrior,arms,6,3,3
Jayus,stormrage,288,warrior,arms,6,3,3
Whiskes,silvermoon,288,warrior,arms,6,3,3
Варбаул,soulflayer,288,warrior,arms,6,3,3
Lìcious,outland,288,warrior,arms,6,3,3
Resttanis,arathor,288,warrior,arms,6,3,3
Xaidos,antonidas,288,warrior,arms,6,3,3
Airethon,proudmoore,288,warrior,arms,6,3,3
Warriorri,haomarush,288,warrior,arms,6,3,3
Hanna,argent-dawn,288,warrior,arms,6,3,3
Bigbanz,outland,288,warrior,arms,6,3,3
Morgendämeru,baelgun,288,warrior,arms,6,3,3
Hydracleave,ravencrest,288,warrior,arms,6,3,3
Warriur,outland,288,warrior,arms,6,3,3
Greatsword,turalyon,288,warrior,arms,6,3,3
Zalameh,sylvanas,288,warrior,arms,6,3,3
Lepka,drakthul,288,warrior,arms,6,3,3
Gorejaws,draenor,288,warrior,arms,6,3,3
Raivorouva,stormreaver,288,warrior,arms,6,3,3
Чтота,gordunni,288,warrior,arms,6,3,3
Luckyfelix,blackmoore,288,warrior,arms,6,3,3
Ashkandur,antonidas,288,warrior,arms,6,3,3
Randix,antonidas,288,warrior,arms,6,3,3
Bootyclapper,runetotem,288,warrior,arms,6,3,3
Hemèra,hyjal,288,warrior,arms,6,3,3
Stompare,tarren-mill,288,warrior,arms,6,3,3
Kundrakiz,kazzak,288,warrior,arms,6,3,3
Waron,dalaran,288,warrior,arms,6,3,3
Rhinobob,kazzak,288,warrior,arms,6,3,3
Bundo,outland,288,warrior,arms,6,3,3
Eradya,ravencrest,288,warrior,arms,6,3,3
Träglik,thrall,288,warrior,arms,6,3,3
Raïgã,hyjal,288,warrior,arms,6,3,3
Sóuler,blackhand,288,warrior,arms,6,3,3
Farnorn,kazzak,288,warrior,arms,6,3,3
Gregórry,eredar,288,warrior,arms,6,3,3
Blinkcharge,frostmane,288,warrior,arms,6,3,3
Koffìe,tarren-mill,288,warrior,arms,6,3,3
Sonyd,tarren-mill,288,warrior,arms,6,3,3
Topur,defias-brotherhood,288,warrior,arms,6,3,3
Mightyrage,draenor,288,warrior,arms,6,3,3
Fnoon,taerar,288,warrior,arms,6,3,3
Moorgoth,ysondre,288,warrior,arms,6,3,3
Jammy,dentarg,288,warrior,arms,6,3,3
Nahkampfnoob,blackmoore,288,warrior,arms,6,3,3
Instamerk,doomhammer,288,warrior,arms,6,3,3
Raistwar,magtheridon,288,warrior,arms,6,3,3
Xiphiatwo,ravencrest,288,warrior,arms,6,3,3
Smásher,thrall,288,warrior,arms,6,3,3
Drengr,blackhand,288,warrior,arms,6,3,3
Tiimbs,tarren-mill,288,warrior,arms,6,3,3
Smaxi,kazzak,288,warrior,arms,6,3,3
Дуухаст,gordunni,288,warrior,arms,6,3,3
Lacos,drakthul,288,warrior,arms,6,3,3
Spaceløl,archimonde,288,warrior,arms,6,3,3
Warwarsat,ysondre,288,warrior,arms,6,3,3
Lödbrök,dalaran,288,warrior,arms,6,3,3
Qweoamsd,sylvanas,288,warrior,arms,6,3,3
Mobyl,twisting-nether,288,warrior,arms,6,3,3
Goochi,turalyon,288,warrior,arms,6,3,3
Rézinplin,archimonde,288,warrior,arms,6,3,3
Alphyn,veknilash,288,warrior,arms,6,3,3
Ttz,tarren-mill,288,warrior,arms,6,3,3
Zersei,los-errantes,288,warrior,arms,6,3,3
Gabbz,aggra-português,288,warrior,arms,6,3,3
Twelvearmsun,tarren-mill,288,warrior,arms,6,3,3
Suizix,blackrock,288,warrior,arms,6,3,3
Miniwitts,ravencrest,288,warrior,arms,6,3,3
Hatefull,onyxia,288,warrior,arms,6,3,3
Tweran,drakthul,288,warrior,arms,6,3,3
Hanibalbarca,tarren-mill,288,warrior,arms,6,3,3
Somalisktjur,tarren-mill,288,warrior,arms,6,3,3
Ланат,ashenvale,288,warrior,arms,6,3,3
Titanioa,draenor,288,warrior,arms,6,3,3
Flürix,outland,288,warrior,arms,6,3,3
Béhrus,blackmoore,288,warrior,arms,6,3,3
Ragnärey,voljin,288,warrior,arms,6,3,3
Rîiper,ysondre,288,warrior,arms,6,3,3
Хирошка,gordunni,288,warrior,arms,6,3,3
Willywolxx,silvermoon,288,warrior,arms,6,3,3
Issus,aggra-português,288,warrior,arms,6,3,3
Pector,grim-batol,288,warrior,arms,6,3,3
Kunodontas,draenor,288,warrior,arms,6,3,3
Risara,outland,288,warrior,arms,6,3,3
Imherhusband,ravencrest,288,warrior,arms,6,3,3
Ëlränger,dun-modr,288,warrior,arms,9,4,5
Alopunch,kazzak,288,warrior,arms,9,4,5
Suwarri,antonidas,288,warrior,arms,9,4,5
Elesharde,sanguino,288,warrior,arms,9,4,5
Vexxenn,outland,288,warrior,arms,10,4,6
Elkatar,stormscale,288,warrior,arms,9,3,6
Kuchîoff,uldaman,288,warrior,arms,10,3,7
Górut,zuljin,288,warrior,arms,10,3,7
Alkuwaity,outland,288,warrior,arms,12,3,9
Burbidge,silvermoon,288,warrior,arms,12,3,9
Тирхо,gordunni,288,warrior,arms,12,3,9
Ivailowar,ravencrest,288,warrior,arms,12,3,9
Algazarra,aggra-português,288,warrior,arms,12,3,9
Conarconarik,zuluhed,288,warrior,arms,12,3,9
Ravedeath,tarren-mill,288,warrior,arms,12,3,9
Gauklerbaron,blackmoore,288,warrior,arms,12,3,9
Mangonneau,archimonde,288,warrior,arms,12,3,9
Grodor,alakir,288,warrior,arms,12,3,9
Danaüs,twisting-nether,288,warrior,arms,12,3,9
Qdex,kazzak,288,warrior,arms,12,3,9
Maxxiwumms,amanthul,288,warrior,arms,12,3,9
Poluneikos,turalyon,288,warrior,arms,12,3,9
Uthric,azuremyst,288,warrior,arms,12,3,9
Gloindal,pozzo-delleternità,288,warrior,arms,12,3,9
Smökey,silvermoon,288,warrior,arms,12,3,9
Awares,blackmoore,288,warrior,arms,12,3,9
Tøytank,twisting-nether,288,warrior,arms,12,3,9
Danrel,dalaran,288,warrior,arms,12,3,9
Telrion,silvermoon,288,warrior,arms,12,3,9
Romic,guldan,288,warrior,arms,12,3,9
Aiwar,tarren-mill,288,warrior,arms,12,3,9
Ysmay,dun-morogh,288,warrior,arms,12,3,9
Азизос,gordunni,288,warrior,arms,12,3,9
Simplyautism,silvermoon,288,warrior,arms,12,3,9
Elsinner,ravencrest,288,warrior,arms,12,3,9
Stoutsteel,kazzak,288,warrior,arms,12,3,9
Recklesnes,kazzak,288,warrior,arms,12,3,9
Bolvarson,malganis,288,warrior,arms,12,3,9
Bisuko,archimonde,288,warrior,arms,12,3,9
Flexay,archimonde,288,warrior,arms,12,3,9
Sorryforwhat,stormscale,288,warrior,arms,12,3,9
Vrokoda,quelthalas,288,warrior,arms,12,3,9
Xtylu,cthun,288,warrior,arms,12,3,9
Btkayy,tarren-mill,288,warrior,arms,12,3,9
Варкрафтор,howling-fjord,288,warrior,arms,12,3,9
Kookwr,aggra-português,288,warrior,arms,12,3,9
Pulx,dun-modr,288,warrior,arms,12,3,9
Nerdcorex,blackrock,288,warrior,arms,12,3,9
Warzaph,ravencrest,288,warrior,arms,12,3,9
Турбобулка,gordunni,288,warrior,arms,12,3,9
Awewar,crushridge,288,warrior,arms,12,3,9
Buncljin,draenor,288,warrior,arms,12,3,9
Sheñ,antonidas,288,warrior,arms,12,3,9
Carksn,blackmoore,288,warrior,arms,12,3,9
Raithwall,stormreaver,288,warrior,arms,12,3,9
Gladiatoor,terenas,288,warrior,arms,12,3,9
Iarsonn,drakthul,288,warrior,arms,12,3,9
Экзекутэр,soulflayer,288,warrior,arms,12,3,9
Mercûry,stormscale,288,warrior,arms,12,3,9
Jimbock,eredar,288,warrior,arms,12,3,9
Zhodd,zuljin,288,warrior,arms,12,3,9
Blxxwar,blackmoore,288,warrior,arms,12,3,9
Rimstealer,tarren-mill,288,warrior,arms,18,3,15
Teñseî,archimonde,287,warrior,arms,6,3,3
Ironkee,kazzak,287,warrior,arms,6,3,3
Láviana,aegwynn,287,warrior,arms,6,3,3
Хелледрин,azuregos,287,warrior,arms,6,3,3
Mercaderx,stormscale,287,warrior,arms,6,3,3
Akawan,ravencrest,287,warrior,arms,12,3,9
Chocoroko,draenor,287,warrior,arms,12,3,9
Freakzy,blackhand,287,warrior,arms,12,3,9
Себаст,galakrond,286,warrior,arms,12,3,9
Пунишерс,howling-fjord,286,warrior,arms,12,3,9
Thoon,teldrassil,284,warrior,arms,12,3,9
Evèllon,blackmoore,271,warrior,arms,11,3,8
Warbringér,ravencrest,271,warrior,arms,11,3,8
Gwagonbrabus,twisting-nether,271,warrior,arms,17,3,14
Kanyequest,bloodhoof,266,warrior,arms,15,5,10
Jvpx,silvermoon,256,warrior,arms,10,3,7
Angrethar,tarren-mill,255,warrior,arms,8,4,4
Nurream,ravencrest,255,warrior,arms,11,3,8
Ânaxi,silvermoon,255,warrior,arms,11,3,8
Uki,kazzak,255,warrior,arms,11,3,8
Ahlda,hyjal,240,warrior,arms,15,3,12
Sarma,trollbane,239,warrior,arms,5,3,2
Ntouziera,silvermoon,239,warrior,arms,5,3,2
Sloody,ravencrest,239,warrior,arms,5,3,2
Inselmo,grim-batol,239,warrior,arms,5,3,2
Keffboi,draenor,239,warrior,arms,5,3,2
Армсег,soulflayer,239,warrior,arms,5,3,2
Renji,proudmoore,239,warrior,arms,5,3,2
Bubidiblumxq,twisting-nether,239,warrior,arms,9,4,5
Tstrike,silvermoon,234,warrior,arms,9,4,5
Myshu,ravencrest,234,warrior,arms,14,4,10
Enÿo,stormscale,234,warrior,arms,23,6,17
Buffettleapx,kazzak,223,warrior,arms,8,3,5
Rhw,tarren-mill,208,warrior,arms,7,3,4
Шрекинатор,soulflayer,208,warrior,arms,7,3,4
Toptier,drakthul,192,warrior,arms,4,3,1
Scootter,ravencrest,192,warrior,arms,9,3,6
Iclickbutton,kazzak,192,warrior,arms,9,3,6
Кичисан,howling-fjord,192,warrior,arms,6,2,4
Boji,twisting-nether,192,warrior,arms,6,2,4
Tigron,burning-legion,192,warrior,arms,6,2,4
Jeyay,defias-brotherhood,192,warrior,arms,6,2,4
Guttormur,dragonblight,192,warrior,arms,6,2,4
Bulbasaur,twisting-nether,192,warrior,arms,6,2,4
Текайко,eversong,192,warrior,arms,6,2,4
Fastnfuryous,antonidas,192,warrior,arms,6,2,4
Лимор,howling-fjord,192,warrior,arms,6,2,4
Burkek,hyjal,192,warrior,arms,6,2,4
Twinblyat,defias-brotherhood,192,warrior,arms,6,2,4
Svepscumata,twisting-nether,192,warrior,arms,6,2,4
Eyolf,thunderhorn,192,warrior,arms,6,2,4
Берззлой,gordunni,192,warrior,arms,6,2,4
Meìlie,outland,192,warrior,arms,6,2,4
Thorkell,genjuros,192,warrior,arms,6,2,4
Vexari,twisting-nether,192,warrior,arms,6,2,4
Kaerz,ysondre,192,warrior,arms,6,2,4
Havkon,twisting-nether,192,warrior,arms,6,2,4
Zanzagg,draenor,192,warrior,arms,6,2,4
Aeres,bladefist,192,warrior,arms,6,2,4
Abibe,aggra-português,192,warrior,arms,6,2,4
Borntothis,zuljin,192,warrior,arms,6,2,4
Longy,mazrigos,192,warrior,arms,6,2,4
Ändrow,dalaran,192,warrior,arms,6,2,4
Vrii,eredar,192,warrior,arms,6,2,4
Bennybryt,frostmane,192,warrior,arms,6,2,4
Katypärry,outland,192,warrior,arms,6,2,4
Kante,frostmane,192,warrior,arms,6,2,4
Rastaboo,ravencrest,192,warrior,arms,6,2,4
Ratafya,hyjal,192,warrior,arms,6,2,4
Kladers,ravencrest,192,warrior,arms,6,2,4
Highoverlord,aggra-português,192,warrior,arms,6,2,4
Galenthor,ravencrest,192,warrior,arms,6,2,4
Falaliss,elune,192,warrior,arms,6,2,4
Някитила,gordunni,192,warrior,arms,6,2,4
Menelol,ysondre,192,warrior,arms,6,2,4
Aléxsandra,ravencrest,192,warrior,arms,6,2,4
Discoklaus,blackmoore,192,warrior,arms,6,2,4
Yatõ,blackmoore,192,warrior,arms,6,2,4
Sinimfzugzug,eredar,192,warrior,arms,6,2,4
Acour,elune,192,warrior,arms,6,2,4
Brutalizator,talnivarr,192,warrior,arms,6,2,4
Siberianstag,ravencrest,192,warrior,arms,6,2,4
Хедтакер,gordunni,192,warrior,arms,6,2,4
Audelia,sunstrider,192,warrior,arms,6,2,4
Phalekxox,twisting-nether,192,warrior,arms,6,2,4
Chloade,burning-legion,192,warrior,arms,6,2,4
Broley,blackhand,192,warrior,arms,6,2,4
Unehuitsept,eredar,192,warrior,arms,6,2,4
Fitzer,ravencrest,192,warrior,arms,6,2,4
Connorzqt,ravencrest,192,warrior,arms,6,2,4
Scheroh,aegwynn,192,warrior,arms,6,2,4
Jamoo,magtheridon,192,warrior,arms,6,2,4
Gretathunb,twisting-nether,192,warrior,arms,6,2,4
Bukî,blackmoore,192,warrior,arms,6,2,4
Zoljabu,eredar,192,warrior,arms,6,2,4
Athrea,senjin,192,warrior,arms,6,2,4
Truepassion,outland,192,warrior,arms,6,2,4
Grimilax,hellscream,192,warrior,arms,6,2,4
Darkwa,azjolnerub,192,warrior,arms,6,2,4
Äsgeïr,archimonde,192,warrior,arms,6,2,4
Ryonâgai,aegwynn,192,warrior,arms,6,2,4
Shimy,pozzo-delleternità,192,warrior,arms,6,2,4
Redencounter,stormscale,192,warrior,arms,6,2,4
Clashblood,outland,192,warrior,arms,6,2,4
Bicepss,blackhand,192,warrior,arms,6,2,4
Cjak,pozzo-delleternità,192,warrior,arms,6,2,4
Dariman,aegwynn,192,warrior,arms,6,2,4
Gkavlaki,ravencrest,192,warrior,arms,6,2,4
Guryn,sanguino,192,warrior,arms,6,2,4
Bromaz,blackmoore,192,warrior,arms,6,2,4
Sinkiss,archimonde,192,warrior,arms,6,2,4
Akkamagosh,argent-dawn,192,warrior,arms,6,2,4
Miotyz,ahnqiraj,192,warrior,arms,6,2,4
Барнаул,gordunni,192,warrior,arms,6,2,4
Xilthy,stormscale,192,warrior,arms,6,2,4
Speiker,blackhand,192,warrior,arms,6,2,4
Ratnìk,stormscale,192,warrior,arms,6,2,4
Pépêloup,archimonde,192,warrior,arms,6,2,4
Apolyptica,blackmoore,192,warrior,arms,6,2,4
ßandit,ravencrest,192,warrior,arms,6,2,4
Maeselance,dun-modr,192,warrior,arms,6,2,4
Robthebruce,ravencrest,192,warrior,arms,6,2,4
Vlader,dun-modr,192,warrior,arms,6,2,4
Laßebluten,blackmoore,192,warrior,arms,6,2,4
Hundar,archimonde,192,warrior,arms,6,2,4
Athënã,archimonde,192,warrior,arms,6,2,4
Warrlee,ravencrest,192,warrior,arms,6,2,4
Кереешка,howling-fjord,192,warrior,arms,6,2,4
Dajnatarcze,burning-legion,192,warrior,arms,6,2,4
Blademir,aegwynn,192,warrior,arms,6,2,4
Arthayl,eredar,192,warrior,arms,6,2,4
Råzor,blackhand,192,warrior,arms,6,2,4
Hellspin,argent-dawn,192,warrior,arms,6,2,4
Trohr,blackmoore,192,warrior,arms,6,2,4
Spacemachine,kazzak,192,warrior,arms,6,2,4
Nomore,sylvanas,192,warrior,arms,6,2,4
Lâppön,blackmoore,192,warrior,arms,6,2,4
Fistawarrior,nemesis,192,warrior,arms,6,2,4
Zaoclap,blackhand,192,warrior,arms,6,2,4
Бормормуш,gordunni,192,warrior,arms,6,2,4
Klm,stormscale,192,warrior,arms,6,2,4
Syrebral,archimonde,192,warrior,arms,6,2,4
Voltrim,blackmoore,192,warrior,arms,6,2,4
Touthi,archimonde,192,warrior,arms,6,2,4
Därlara,amanthul,192,warrior,arms,6,2,4
Faláfel,zuljin,192,warrior,arms,6,2,4
Caffeinë,ravencrest,192,warrior,arms,6,2,4
Skeyzêr,dun-modr,192,warrior,arms,6,2,4
Weezing,argent-dawn,192,warrior,arms,6,2,4
Ивантуз,gordunni,192,warrior,arms,6,2,4
Радомель,gordunni,192,warrior,arms,6,2,4
Ramlosa,stormscale,192,warrior,arms,6,2,4
Bloodparade,argent-dawn,192,warrior,arms,6,2,4
Cyrø,blackmoore,192,warrior,arms,6,2,4
Jaés,kazzak,192,warrior,arms,6,2,4
Tinker,crushridge,192,warrior,arms,6,2,4
Æyra,durotan,192,warrior,arms,6,2,4
Rychu,hellfire,192,warrior,arms,6,2,4
Gorelaw,turalyon,192,warrior,arms,6,2,4
Spankyew,sylvanas,192,warrior,arms,6,2,4
Gaarrossh,kazzak,192,warrior,arms,6,2,4
Груббоб,booty-bay,192,warrior,arms,6,2,4
Gergereja,argent-dawn,192,warrior,arms,6,2,4
Amphie,silvermoon,192,warrior,arms,6,2,4
Astrid,rajaxx,192,warrior,arms,6,2,4
Wilæm,argent-dawn,192,warrior,arms,6,2,4
Hurricane,sylvanas,192,warrior,arms,6,2,4
Kerando,tirion,192,warrior,arms,6,2,4
Fréyaá,blackrock,192,warrior,arms,6,2,4
Thatsthepump,silvermoon,192,warrior,arms,6,2,4
Byedriver,kazzak,192,warrior,arms,6,2,4
Snissel,guldan,192,warrior,arms,6,2,4
Artemiox,silvermoon,192,warrior,arms,6,2,4
Pvpstyle,bloodscalp,192,warrior,arms,6,2,4
Critwar,silvermoon,192,warrior,arms,6,2,4
Iiam,kilrogg,192,warrior,arms,6,2,4
Rhaegon,laughing-skull,192,warrior,arms,6,2,4
Эгнораш,soulflayer,192,warrior,arms,6,2,4
Intíkam,alleria,192,warrior,arms,6,2,4
Sibali,stormreaver,192,warrior,arms,6,2,4
Octaniuz,silvermoon,192,warrior,arms,6,2,4
Míngxuan,tarren-mill,192,warrior,arms,6,2,4
Renix,auchindoun,192,warrior,arms,6,2,4
Vaaýzx,blackrock,192,warrior,arms,6,2,4
Seghrim,drakthul,192,warrior,arms,6,2,4
Dübèl,blackrock,192,warrior,arms,6,2,4
Sambaswiss,kazzak,192,warrior,arms,6,2,4
Lildiabeto,darkspear,192,warrior,arms,6,2,4
Nyxo,argent-dawn,192,warrior,arms,6,2,4
Sargul,ragnaros,192,warrior,arms,6,2,4
Dödslängtan,terokkar,192,warrior,arms,6,2,4
Greybâck,alleria,192,warrior,arms,6,2,4
Гудмунт,borean-tundra,192,warrior,arms,6,2,4
Андервульф,booty-bay,192,warrior,arms,6,2,4
Eleborn,tarren-mill,192,warrior,arms,6,2,4
Monkaslam,tarren-mill,192,warrior,arms,6,2,4
Harska,ragnaros,192,warrior,arms,6,2,4
Ptp,argent-dawn,192,warrior,arms,6,2,4
Yoz,uldaman,192,warrior,arms,6,2,4
Angusbully,doomhammer,192,warrior,arms,6,2,4
Ciuez,tarren-mill,192,warrior,arms,6,2,4
Grimaced,tarren-mill,192,warrior,arms,6,2,4
Ðam,kazzak,192,warrior,arms,6,2,4
Raggnnar,blackrock,192,warrior,arms,6,2,4
Spaiché,azshara,192,warrior,arms,6,2,4
Dutteh,tarren-mill,192,warrior,arms,6,2,4
Donczaszka,turalyon,192,warrior,arms,6,2,4
Kharabik,silvermoon,192,warrior,arms,6,2,4
Bonkors,bronzebeard,192,warrior,arms,6,2,4
Zugpump,tarren-mill,192,warrior,arms,6,2,4
Kíllguard,kazzak,192,warrior,arms,6,2,4
Bigestdamugr,stormscale,192,warrior,arms,6,2,4
Pumse,silvermoon,192,warrior,arms,6,2,4
Дахаэрис,gordunni,192,warrior,arms,6,2,4
Vearpayne,silvermoon,192,warrior,arms,6,2,4
Optitt,dethecus,192,warrior,arms,6,2,4
Gymhan,the-shatar,192,warrior,arms,6,2,4
Iordmatesp,drakthul,192,warrior,arms,6,2,4
Aliáto,sanguino,192,warrior,arms,6,2,4
Artaas,drakthul,192,warrior,arms,6,2,4
Прогреслол,blackscar,192,warrior,arms,6,2,4
Rezn,kazzak,192,warrior,arms,6,2,4
Vulcán,aerie-peak,192,warrior,arms,6,2,4
Baylis,kazzak,192,warrior,arms,6,2,4
Darkbehemoth,kazzak,192,warrior,arms,6,2,4
Toporceanul,kazzak,192,warrior,arms,6,2,4
Røcksteady,festung-der-stürme,192,warrior,arms,6,2,4
Адамз,gordunni,192,warrior,arms,6,2,4
Frcwar,kazzak,192,warrior,arms,6,2,4
Oyv,tarren-mill,192,warrior,arms,6,2,4
Enzylolz,sanguino,192,warrior,arms,6,2,4
Очепенец,soulflayer,192,warrior,arms,6,2,4
Like,blackrock,192,warrior,arms,6,2,4
Марфитус,borean-tundra,192,warrior,arms,6,2,4
Nînes,tarren-mill,192,warrior,arms,6,2,4
Tekà,tarren-mill,192,warrior,arms,6,2,4
Moolong,nozdormu,192,warrior,arms,6,2,4
Eriqua,archimonde,192,warrior,arms,8,2,6
Latschogg,malorne,192,warrior,arms,9,2,7
Сажень,blackscar,192,warrior,arms,12,2,10
Bigflo,illidan,192,warrior,arms,12,2,10
Lzdmfckmeazy,blackmoore,192,warrior,arms,12,2,10
Klynd,nemesis,192,warrior,arms,12,2,10
Takatoa,argent-dawn,192,warrior,arms,12,2,10
Bullburzt,ragnaros,192,warrior,arms,12,2,10
Xail,rexxar,192,warrior,arms,12,2,10
Хенминия,blackscar,192,warrior,arms,12,2,10
Alysa,ravencrest,192,warrior,arms,12,2,10
Younes,ravencrest,192,warrior,arms,12,2,10
Furybringer,silvermoon,192,warrior,arms,12,2,10
Bhallts,twisting-nether,192,warrior,arms,12,2,10
Повстер,howling-fjord,192,warrior,arms,12,2,10
Solidier,archimonde,192,warrior,arms,12,2,10
Unhingéd,stormscale,192,warrior,arms,12,2,10
Antrøs,quelthalas,192,warrior,arms,12,2,10
Pøpeyo,hyjal,192,warrior,arms,12,2,10
Delenia,twisting-nether,192,warrior,arms,12,2,10
Tyranoth,defias-brotherhood,192,warrior,arms,12,2,10
Gramash,grim-batol,192,warrior,arms,12,2,10
Battousai,sanguino,192,warrior,arms,12,2,10
Actoni,sylvanas,192,warrior,arms,12,2,10
Îwar,ysondre,192,warrior,arms,18,2,16
Hellis,frostmourne,191,warrior,arms,6,2,4
Касхо,gordunni,191,warrior,arms,12,2,10
Tronhaur,stormscale,191,warrior,arms,18,2,16
Номер,eversong,160,warrior,arms,10,2,8
Kibb,sylvanas,159,warrior,arms,5,2,3
Deadwily,twisting-nether,159,warrior,arms,5,2,3
Colq,doomhammer,159,warrior,arms,5,2,3
Badroch,kazzak,159,warrior,arms,5,2,3
Празар,howling-fjord,159,warrior,arms,5,2,3
Bloodpyre,nemesis,159,warrior,arms,11,2,9
Amystad,ahnqiraj,144,warrior,arms,9,2,7
Gondyr,quelthalas,144,warrior,arms,15,2,13
Nobelisarius,norgannon,138,warrior,arms,11,5,6
Lilsib,outland,138,warrior,arms,7,3,4
Zhønya,aegwynn,128,warrior,arms,4,2,2
Nacko,ravencrest,128,warrior,arms,4,2,2
Estarotte,ravencrest,112,warrior,arms,7,2,5
Dreadoran,voljin,112,warrior,arms,7,2,5
Bleaja,tarren-mill,112,warrior,arms,7,2,5
Nekwar,ravencrest,96,warrior,arms,3,2,1
Kyraxe,silvermoon,96,warrior,arms,3,2,1
Fridaax,lightbringer,96,warrior,arms,3,2,1
Rèlion,pozzo-delleternità,96,warrior,arms,3,2,1
Rdeniro,blackmoore,96,warrior,arms,3,2,1
Abhorrent,tarren-mill,96,warrior,arms,3,2,1
Lasttfallen,hyjal,96,warrior,arms,3,2,1
Arnowz,stormscale,96,warrior,arms,6,1,5
Luntee,ragnaros,96,warrior,arms,6,1,5
Bigk,burning-legion,96,warrior,arms,6,1,5
Claymøre,khaz-modan,96,warrior,arms,6,1,5
Greenbeanx,antonidas,96,warrior,arms,6,1,5
Keniny,drakthul,96,warrior,arms,6,1,5
Gorroth,chamber-of-aspects,96,warrior,arms,6,1,5
Durrüti,sanguino,96,warrior,arms,6,1,5
Letha,twisting-nether,96,warrior,arms,6,1,5
Headshot,zenedar,96,warrior,arms,6,1,5
Zuroq,antonidas,96,warrior,arms,6,1,5
Рсдрпб,eversong,96,warrior,arms,6,1,5
Шапканауши,eversong,96,warrior,arms,6,1,5
Aemdall,chogall,96,warrior,arms,6,1,5
Axelitee,draenor,96,warrior,arms,6,1,5
Karyoroo,eredar,96,warrior,arms,6,1,5
Brøxx,garrosh,96,warrior,arms,6,1,5
Abukrd,turalyon,96,warrior,arms,6,1,5
Камрадшторм,borean-tundra,96,warrior,arms,6,1,5
Tidùs,nethersturm,96,warrior,arms,6,1,5
Warfield,draenor,96,warrior,arms,6,1,5
Fullzugzug,kazzak,96,warrior,arms,6,1,5
Замесик,blackscar,96,warrior,arms,6,1,5
Ezlive,blackrock,96,warrior,arms,6,1,5
Jigs,twisting-nether,96,warrior,arms,6,1,5
Osopeligroso,outland,96,warrior,arms,6,1,5
Redjaw,twisting-nether,96,warrior,arms,6,1,5
Catrine,drakthul,96,warrior,arms,6,1,5
They,aggramar,96,warrior,arms,6,1,5
Sgtzmetek,drakthul,96,warrior,arms,6,1,5
Yuushi,doomhammer,96,warrior,arms,6,1,5
Protecmoo,drakthul,96,warrior,arms,6,1,5
Ifir,hyjal,96,warrior,arms,6,1,5
Skarnir,blackhand,96,warrior,arms,6,1,5
Bravestar,ungoro,96,warrior,arms,6,1,5
Galatan,kazzak,96,warrior,arms,6,1,5
Chaohz,grim-batol,96,warrior,arms,6,1,5
Molløtov,sargeras,96,warrior,arms,6,1,5
Feltias,drakthul,96,warrior,arms,6,1,5
Soley,neptulon,96,warrior,arms,6,1,5
Winedru,bronzebeard,96,warrior,arms,6,1,5
Pwndrizle,blackmoore,96,warrior,arms,6,1,5
Helmcleaver,tarren-mill,96,warrior,arms,6,1,5
Furymeep,outland,96,warrior,arms,6,1,5
Booya,zirkel-des-cenarius,96,warrior,arms,6,1,5
Âkbarrash,blackmoore,96,warrior,arms,6,1,5
Spritekoppen,ravencrest,96,warrior,arms,6,1,5
Slayerxz,aegwynn,96,warrior,arms,6,1,5
Blackmoor,argent-dawn,96,warrior,arms,6,1,5
Onga,frostwolf,96,warrior,arms,6,1,5
Taukkì,kazzak,96,warrior,arms,6,1,5
Murämasä,hyjal,96,warrior,arms,6,1,5
Урморн,gordunni,96,warrior,arms,6,1,5
Zaximos,twisting-nether,96,warrior,arms,6,1,5
Rinderliebe,thrall,96,warrior,arms,6,1,5
Humanboi,ravencrest,96,warrior,arms,6,1,5
Ordovis,silvermoon,96,warrior,arms,6,1,5
Sarkan,ravencrest,96,warrior,arms,6,1,5
Sebastian,ravencrest,96,warrior,arms,6,1,5
Prettyangel,aegwynn,96,warrior,arms,6,1,5
Снакихснаки,gordunni,96,warrior,arms,6,1,5
Warbringer,ravencrest,96,warrior,arms,6,1,5
Sláughter,forscherliga,96,warrior,arms,6,1,5
Deathsnarl,ragnaros,96,warrior,arms,6,1,5
Stretch,thrall,96,warrior,arms,6,1,5
Halalmeat,minahonda,96,warrior,arms,6,1,5
Trickzît,silvermoon,96,warrior,arms,6,1,5
Schuy,silvermoon,96,warrior,arms,6,1,5
Brostorm,magtheridon,96,warrior,arms,6,1,5
Rôtor,archimonde,96,warrior,arms,6,1,5
Kratosz,magtheridon,96,warrior,arms,6,1,5
Талейлан,gordunni,96,warrior,arms,6,1,5
Yngvar,darksorrow,96,warrior,arms,6,1,5
Siuzy,blackrock,96,warrior,arms,6,1,5
Kieranx,silvermoon,96,warrior,arms,6,1,5
Rikkavikki,argent-dawn,96,warrior,arms,6,1,5
Dakotafred,ravencrest,96,warrior,arms,6,1,5
Acudam,stormscale,96,warrior,arms,6,1,5
Cøbain,eredar,96,warrior,arms,6,1,5
Taroom,turalyon,96,warrior,arms,6,1,5
Romppu,shattered-hand,96,warrior,arms,6,1,5
Kamelskum,draenor,96,warrior,arms,6,1,5
Beduin,twilights-hammer,96,warrior,arms,6,1,5
Арленхейтлав,gordunni,96,warrior,arms,6,1,5
Marax,spinebreaker,96,warrior,arms,6,1,5
Macgull,ysondre,96,warrior,arms,6,1,5
Leryswarro,sanguino,96,warrior,arms,6,1,5
Darkmain,outland,96,warrior,arms,6,1,5
Izurritea,tarren-mill,96,warrior,arms,6,1,5
Nacindaz,thrall,96,warrior,arms,6,1,5
Слоз,gordunni,96,warrior,arms,6,1,5
Суммрак,grom,96,warrior,arms,6,1,5
Wigman,shattered-hand,96,warrior,arms,6,1,5
Naiph,blackmoore,96,warrior,arms,6,1,5
Kasperw,kazzak,96,warrior,arms,6,1,5
Whitebeardx,tarren-mill,96,warrior,arms,6,1,5
Brutannya,argent-dawn,96,warrior,arms,6,1,5
Thekayizer,archimonde,96,warrior,arms,6,1,5
Bjurkel,sylvanas,96,warrior,arms,6,1,5
Elëndïl,dun-modr,96,warrior,arms,6,1,5
Бларк,goldrinn,96,warrior,arms,6,1,5
Васяжелезо,gordunni,96,warrior,arms,6,1,5
Üzzy,dun-modr,96,warrior,arms,6,1,5
Armyne,kazzak,96,warrior,arms,6,1,5
Juanvaco,tarren-mill,96,warrior,arms,6,1,5
Davidass,drakthul,96,warrior,arms,6,1,5
Squelch,blackrock,96,warrior,arms,6,1,5
Kylian,aegwynn,96,warrior,arms,6,1,5
Syfér,grim-batol,96,warrior,arms,6,1,5
Snuusu,blackmoore,96,warrior,arms,6,1,5
Vampviv,tarren-mill,96,warrior,arms,6,1,5
Skullxy,talnivarr,96,warrior,arms,6,1,5
Magmos,terenas,96,warrior,arms,6,1,5
Eýoe,ragnaros,96,warrior,arms,6,1,5
Sharrok,blackmoore,96,warrior,arms,6,1,5
Molsah,draenor,96,warrior,arms,6,1,5
Nukêr,dun-modr,96,warrior,arms,6,1,5
Caloomsa,hellfire,96,warrior,arms,6,1,5
Kimura,archimonde,96,warrior,arms,6,1,5
Bloodpath,stormrage,96,warrior,arms,6,1,5
Ayasaki,argent-dawn,96,warrior,arms,6,1,5
Midvînter,silvermoon,96,warrior,arms,6,1,5
Lincwar,stormscale,96,warrior,arms,6,1,5
Gnomeð,blackrock,96,warrior,arms,6,1,5
Lilsweép,draenor,96,warrior,arms,6,1,5
Juicer,argent-dawn,96,warrior,arms,6,1,5
Вульфычч,gordunni,96,warrior,arms,6,1,5
Darriuso,kazzak,96,warrior,arms,6,1,5
Wârgâsm,argent-dawn,96,warrior,arms,6,1,5
Rägnât,dun-modr,96,warrior,arms,6,1,5
Omcat,dun-modr,96,warrior,arms,6,1,5
Executê,kazzak,96,warrior,arms,6,1,5
Oksimbillah,blackrock,96,warrior,arms,6,1,5
Truckfury,ravencrest,96,warrior,arms,6,1,5
Belmont,doomhammer,96,warrior,arms,6,1,5
Poppeyex,silvermoon,96,warrior,arms,6,1,5
Màndø,archimonde,96,warrior,arms,7,1,6
Aldébbarann,archimonde,96,warrior,arms,9,1,8
Benjarnee,draenor,96,warrior,arms,12,1,11
Moshpít,antonidas,96,warrior,arms,12,1,11
Отпустите,howling-fjord,96,warrior,arms,12,1,11
Cassetibiat,rashgarroth,96,warrior,arms,12,1,11
Gids,silvermoon,96,warrior,arms,12,1,11
Babæ,ravencrest,96,warrior,arms,12,1,11
Shäshken,archimonde,96,warrior,arms,18,1,17
Baldemort,antonidas,96,warrior,arms,24,1,23
Koboone,tarren-mill,79,warrior,arms,5,1,4
Agur,ysondre,79,warrior,arms,5,1,4
Hojalator,minahonda,64,warrior,arms,4,1,3
Modrov,silvermoon,64,warrior,arms,4,1,3
Psychedx,ravencrest,64,warrior,arms,4,1,3
Rimmedpigeon,alakir,64,warrior,arms,4,1,3
Roktdar,blackmoore,64,warrior,arms,4,1,3
Cowon,stormscale,63,warrior,arms,2,2,0
Rinos,silvermoon,63,warrior,arms,8,2,6
Lilchan,zuljin,63,warrior,arms,8,2,6
Zannasbianca,doomhammer,48,warrior,arms,3,1,2
Carizona,twisting-nether,48,warrior,arms,3,1,2
Elloo,tarren-mill,48,warrior,arms,3,1,2
Garaha,argent-dawn,48,warrior,arms,3,1,2
Bêlier,hyjal,42,warrior,arms,10,3,7
Laciater,burning-legion,42,warrior,arms,8,2,6
Kurosawa,uldum,42,warrior,arms,10,2,8
Артен,ashenvale,42,warrior,arms,10,2,8
Glut,drakthul,42,warrior,arms,12,2,10
Reyon,argent-dawn,41,warrior,arms,12,2,10
Skórn,burning-legion,31,warrior,arms,2,1,1
Гангстарэпер,gordunni,31,warrior,arms,2,1,1
Eijnar,kazzak,31,warrior,arms,2,1,1
Wincas,tarren-mill,31,warrior,arms,2,1,1
Clówny,garrosh,31,warrior,arms,8,1,7
Izmadfurax,archimonde,16,warrior,arms,1,1,0
Ugrlak,drakthul,16,warrior,arms,7,1,6
Sublexgg,blackrock,1868,warrior,protection,43,24,19
Swagenknecht,blackrock,1840,warrior,protection,66,31,35
Blaying,ravencrest,1540,warrior,protection,90,45,45
Tríbún,kult-der-verdammten,1094,warrior,protection,30,13,17
Narrative,kazzak,1091,warrior,protection,54,20,34
Grimurg,drakthul,942,warrior,protection,54,23,31
Carras,confrérie-du-thorium,877,warrior,protection,36,17,19
Флоуби,razuvious,806,warrior,protection,24,9,15
Naofumí,arthas,732,warrior,protection,18,8,10
Doghxnterx,ravencrest,672,warrior,protection,12,7,5
Ferran,sanguino,570,warrior,protection,18,6,12
Фриегар,deathguard,541,warrior,protection,20,7,13
Tokrika,die-aldor,384,warrior,protection,6,4,2
Flinn,die-nachtwache,376,warrior,protection,18,4,14
Маллал,soulflayer,192,warrior,protection,6,2,4
Денеур,gordunni,192,warrior,protection,6,2,4
Mandiso,norgannon,96,warrior,protection,6,1,5
Warrqury,ravencrest,96,warrior,protection,6,1,5
Valem,suramar,96,warrior,protection,6,1,5
Callipsa,argent-dawn,96,warrior,protection,12,1,11
