name,realm,rating,cls,spec,play,win,lose
Эваер,blackscar,1506,deathknight,blood,60,29,31
Rahbekius,kazzak,1468,deathknight,blood,195,86,109
Hoggster,kazzak,1416,deathknight,blood,69,25,44
Maylined,antonidas,1316,deathknight,blood,36,16,20
Horrorda,defias-brotherhood,1265,deathknight,blood,44,24,20
Nîghtmáre,ravencrest,1180,deathknight,blood,35,20,15
Minoporc,archimonde,916,deathknight,blood,39,14,25
Ducados,forscherliga,838,deathknight,blood,18,9,9
Wickedgray,outland,672,deathknight,blood,12,7,5
Smalldk,silvermoon,574,deathknight,blood,18,6,12
Оосака,gordunni,573,deathknight,blood,24,6,18
Downtoclown,argent-dawn,480,deathknight,blood,12,5,7
Schwuischädl,eredar,479,deathknight,blood,12,5,7
Zdan,sylvanas,476,deathknight,blood,12,5,7
Schiva,eredar,437,deathknight,blood,17,5,12
Akamechân,frostmourne,382,deathknight,blood,6,4,2
Airok,proudmoore,381,deathknight,blood,12,4,8
Hellcrosser,blackrock,381,deathknight,blood,12,4,8
Pinkish,argent-dawn,379,deathknight,blood,12,4,8
Барагган,thermaplugg,288,deathknight,blood,6,3,3
Кмамехочу,howling-fjord,288,deathknight,blood,18,3,15
Pechugona,zuljin,287,deathknight,blood,24,3,21
Rakia,defias-brotherhood,191,deathknight,blood,12,2,10
Maradk,drakthul,96,deathknight,blood,6,1,5
Fixmybones,frostmane,96,deathknight,blood,6,1,5
Нишимба,soulflayer,2121,deathknight,unholy,90,46,44
Хайвейтухэлл,soulflayer,2098,deathknight,unholy,96,48,48
Conqueròr,tarren-mill,2083,deathknight,unholy,94,46,48
Страхолит,soulflayer,2077,deathknight,unholy,90,44,46
Кромгона,soulflayer,1993,deathknight,unholy,130,79,51
Leónid,kazzak,1962,deathknight,unholy,72,36,36
Bedstemoor,ravencrest,1955,deathknight,unholy,90,47,43
Enzy,drakthul,1948,deathknight,unholy,42,26,16
Leomordf,doomhammer,1948,deathknight,unholy,220,125,95
Дайтоолгоун,gordunni,1937,deathknight,unholy,113,56,57
Storhøf,sanguino,1923,deathknight,unholy,90,50,40
Bøby,kul-tiras,1917,deathknight,unholy,60,31,29
Shadowdeathj,kazzak,1913,deathknight,unholy,54,27,27
Worlviuz,argent-dawn,1905,deathknight,unholy,141,70,71
Murky,kazzak,1901,deathknight,unholy,164,79,85
Валькейн,blackscar,1883,deathknight,unholy,60,32,28
Fxckingmad,ravencrest,1883,deathknight,unholy,72,37,35
Akaliz,die-aldor,1876,deathknight,unholy,66,35,31
Ipanic,argent-dawn,1875,deathknight,unholy,228,120,108
Шайбовёрт,gordunni,1875,deathknight,unholy,124,63,61
Eyyoo,blackmoore,1875,deathknight,unholy,70,35,35
Necrølyte,sylvanas,1874,deathknight,unholy,102,55,47
Narali,argent-dawn,1859,deathknight,unholy,72,34,38
Likewise,twisting-nether,1853,deathknight,unholy,48,20,28
Vallenhal,twisting-nether,1850,deathknight,unholy,48,23,25
Azüla,ysondre,1848,deathknight,unholy,66,30,36
Fabricius,blackrock,1847,deathknight,unholy,66,36,30
Меланндрис,gordunni,1845,deathknight,unholy,60,44,16
Лордпафос,blackscar,1844,deathknight,unholy,66,37,29
Øtherànóther,stormscale,1843,deathknight,unholy,54,30,24
Ezlyy,ravencrest,1843,deathknight,unholy,114,60,54
Amnésyx,ysondre,1842,deathknight,unholy,64,32,32
Nómòre,ravencrest,1839,deathknight,unholy,60,30,30
Mockingbirdo,sanguino,1836,deathknight,unholy,36,24,12
Fennro,ysondre,1836,deathknight,unholy,300,147,153
Аронас,blackscar,1833,deathknight,unholy,83,42,41
Lilshiet,stormreaver,1831,deathknight,unholy,66,30,36
Namzera,draenor,1827,deathknight,unholy,114,70,44
Undeadcell,ravencrest,1826,deathknight,unholy,60,34,26
Quizon,tarren-mill,1826,deathknight,unholy,84,39,45
Oj,darkspear,1825,deathknight,unholy,211,112,99
Bíllÿ,kazzak,1822,deathknight,unholy,72,34,38
Zokko,blackrock,1820,deathknight,unholy,59,31,28
Cealdris,blackmoore,1819,deathknight,unholy,30,20,10
Обледенение,gordunni,1819,deathknight,unholy,36,19,17
Bigdickdk,ragnaros,1819,deathknight,unholy,58,27,31
Bephomet,onyxia,1819,deathknight,unholy,111,50,61
Lutcher,hellfire,1818,deathknight,unholy,36,20,16
Rankor,grim-batol,1816,deathknight,unholy,66,36,30
Necrofear,grim-batol,1816,deathknight,unholy,126,62,64
Змейняша,soulflayer,1814,deathknight,unholy,121,62,59
Andreàs,silvermoon,1813,deathknight,unholy,60,30,30
Aryash,silvermoon,1812,deathknight,unholy,66,31,35
Sélyne,dalaran,1811,deathknight,unholy,60,27,33
Аоепупс,gordunni,1809,deathknight,unholy,57,28,29
Allmawt,argent-dawn,1808,deathknight,unholy,89,51,38
Oscman,silvermoon,1805,deathknight,unholy,123,65,58
Лордэскорт,gordunni,1805,deathknight,unholy,78,37,41
Køley,draenor,1804,deathknight,unholy,53,30,23
Annabolik,ravencrest,1804,deathknight,unholy,36,19,17
Icegrin,silvermoon,1803,deathknight,unholy,150,81,69
Butthurtx,stormscale,1802,deathknight,unholy,46,27,19
Bóby,ravencrest,1802,deathknight,unholy,249,113,136
Бургер,soulflayer,1802,deathknight,unholy,78,33,45
Exoflake,kazzak,1801,deathknight,unholy,64,36,28
Inflex,silvermoon,1800,deathknight,unholy,102,51,51
Grepetta,argent-dawn,1800,deathknight,unholy,243,121,122
Hotcherryx,dun-modr,1800,deathknight,unholy,150,71,79
Yazga,blackmoore,1798,deathknight,unholy,59,27,32
Кромгон,soulflayer,1797,deathknight,unholy,55,27,28
Вовчан,howling-fjord,1789,deathknight,unholy,62,29,33
Apacstanya,ragnaros,1787,deathknight,unholy,54,23,31
Aifam,twisting-nether,1784,deathknight,unholy,110,55,55
Дайтоолгоун,deathguard,1783,deathknight,unholy,69,38,31
Unhóly,tarren-mill,1782,deathknight,unholy,115,65,50
Frege,tarren-mill,1779,deathknight,unholy,48,23,25
Дэхон,gordunni,1777,deathknight,unholy,85,45,40
Argonat,silvermoon,1775,deathknight,unholy,132,72,60
Péterpain,antonidas,1771,deathknight,unholy,102,49,53
Jesûsx,ravencrest,1765,deathknight,unholy,108,58,50
Фростинг,gordunni,1757,deathknight,unholy,42,23,19
Motvinden,stormscale,1754,deathknight,unholy,76,43,33
Sendurd,ragnaros,1747,deathknight,unholy,66,27,39
Sanlex,twisting-nether,1740,deathknight,unholy,127,59,68
Сантамо,soulflayer,1738,deathknight,unholy,110,59,51
Sakiko,thrall,1736,deathknight,unholy,42,23,19
Slade,blackrock,1734,deathknight,unholy,60,23,37
Zerachy,blackmoore,1733,deathknight,unholy,30,19,11
Shanariel,khaz-modan,1733,deathknight,unholy,102,58,44
Неондк,eversong,1733,deathknight,unholy,116,56,60
Râke,teldrassil,1729,deathknight,unholy,54,25,29
Darkknights,archimonde,1725,deathknight,unholy,61,35,26
Vakü,burning-legion,1725,deathknight,unholy,462,225,237
Darkertimes,ragnaros,1723,deathknight,unholy,189,92,97
Skulm,twisting-nether,1722,deathknight,unholy,48,20,28
Inâste,thrall,1719,deathknight,unholy,48,26,22
Ghostreign,tarren-mill,1719,deathknight,unholy,68,33,35
Тхиро,gordunni,1716,deathknight,unholy,95,38,57
Koranderx,argent-dawn,1713,deathknight,unholy,30,18,12
Reidemorte,minahonda,1710,deathknight,unholy,134,79,55
Elyth,kazzak,1710,deathknight,unholy,52,29,23
Тыпидо,howling-fjord,1707,deathknight,unholy,66,40,26
Wôrgenator,kazzak,1704,deathknight,unholy,48,18,30
Alessia,alonsus,1701,deathknight,unholy,36,21,15
Ràiven,blackmoore,1701,deathknight,unholy,65,31,34
Enzÿ,drakthul,1698,deathknight,unholy,54,29,25
Моровой,blackscar,1698,deathknight,unholy,59,30,29
Aeneriah,tarren-mill,1696,deathknight,unholy,79,47,32
Эриданс,gordunni,1696,deathknight,unholy,142,79,63
Fraeya,sunstrider,1695,deathknight,unholy,213,107,106
Doozz,draenor,1693,deathknight,unholy,63,26,37
Vainajala,die-aldor,1691,deathknight,unholy,77,46,31
Arizon,drakthul,1691,deathknight,unholy,98,40,58
Necrotic,blackrock,1690,deathknight,unholy,53,30,23
Deathlog,silvermoon,1690,deathknight,unholy,132,68,64
Itreachesout,ravencrest,1689,deathknight,unholy,125,60,65
Verminosis,stormscale,1689,deathknight,unholy,54,21,33
Кулькулегал,ashenvale,1686,deathknight,unholy,60,30,30
Ronsôn,terrordar,1685,deathknight,unholy,54,27,27
Dejkå,silvermoon,1685,deathknight,unholy,54,26,28
Happsor,eredar,1684,deathknight,unholy,42,18,24
Ûñhølýðéåthj,tarren-mill,1683,deathknight,unholy,59,28,31
ßankoedno,stormscale,1681,deathknight,unholy,120,62,58
Triffdich,blackrock,1681,deathknight,unholy,108,55,53
Аркёт,howling-fjord,1681,deathknight,unholy,84,42,42
Raziee,twisting-nether,1678,deathknight,unholy,36,22,14
Stely,alonsus,1678,deathknight,unholy,36,21,15
Wombo,dentarg,1677,deathknight,unholy,57,30,27
Lovroo,silvermoon,1677,deathknight,unholy,93,43,50
Senkingodx,ravencrest,1677,deathknight,unholy,54,18,36
Vatø,tarren-mill,1676,deathknight,unholy,60,27,33
Leanâdle,hyjal,1672,deathknight,unholy,116,58,58
Femilista,dun-modr,1671,deathknight,unholy,42,23,19
Nèrfx,ragnaros,1669,deathknight,unholy,78,37,41
Synthwave,tarren-mill,1666,deathknight,unholy,87,40,47
Олинф,deathguard,1664,deathknight,unholy,56,23,33
Blazeberg,blackrock,1662,deathknight,unholy,58,33,25
Mammacitaa,argent-dawn,1661,deathknight,unholy,36,21,15
Geraltbg,twisting-nether,1661,deathknight,unholy,42,18,24
Dräpârn,sylvanas,1660,deathknight,unholy,93,50,43
Økah,outland,1659,deathknight,unholy,54,25,29
Вирко,eversong,1657,deathknight,unholy,172,87,85
Thezftw,kazzak,1656,deathknight,unholy,71,30,41
Средозавр,howling-fjord,1655,deathknight,unholy,48,31,17
Dasvidania,ragnaros,1651,deathknight,unholy,30,18,12
Qtxi,nozdormu,1651,deathknight,unholy,156,85,71
Reann,argent-dawn,1649,deathknight,unholy,55,31,24
Кидер,blackscar,1647,deathknight,unholy,53,29,24
Ampdk,ravencrest,1647,deathknight,unholy,36,19,17
Heyä,ysondre,1646,deathknight,unholy,36,19,17
Äyrenn,draenor,1645,deathknight,unholy,61,35,26
Mávé,tarren-mill,1645,deathknight,unholy,64,31,33
Sangíus,blackmoore,1642,deathknight,unholy,335,161,174
Creatar,kazzak,1639,deathknight,unholy,53,31,22
Lockhead,stormscale,1638,deathknight,unholy,108,60,48
Çruél,silvermoon,1638,deathknight,unholy,48,21,27
Gladiadk,ysondre,1638,deathknight,unholy,48,18,30
Lichbørn,ragnaros,1637,deathknight,unholy,90,45,45
Garrinchá,stormscale,1636,deathknight,unholy,48,21,27
Évìl,stormscale,1635,deathknight,unholy,39,21,18
Crenshawx,twisting-nether,1635,deathknight,unholy,125,57,68
Sølîta,archimonde,1632,deathknight,unholy,71,39,32
Акамахи,ashenvale,1631,deathknight,unholy,42,23,19
Гронташ,howling-fjord,1628,deathknight,unholy,59,30,29
Khalifamia,alonsus,1628,deathknight,unholy,54,26,28
Herumor,nerzhul,1627,deathknight,unholy,60,32,28
Yusehz,kazzak,1627,deathknight,unholy,51,25,26
Deadlyorca,tarren-mill,1625,deathknight,unholy,42,18,24
Castlevanía,ravencrest,1623,deathknight,unholy,115,58,57
Сгеатог,gordunni,1623,deathknight,unholy,36,17,19
Smallbaboon,stormreaver,1623,deathknight,unholy,42,17,25
Kickbot,outland,1622,deathknight,unholy,187,92,95
Faznik,twisting-nether,1622,deathknight,unholy,94,44,50
Quetza,twisting-nether,1621,deathknight,unholy,36,17,19
Кокосоус,gordunni,1618,deathknight,unholy,36,18,18
Pandahapci,ragnaros,1617,deathknight,unholy,54,23,31
Baltersa,blackhand,1614,deathknight,unholy,48,19,29
Pellizquitas,sanguino,1612,deathknight,unholy,30,17,13
Смердонос,grom,1612,deathknight,unholy,179,100,79
Инлакеш,howling-fjord,1611,deathknight,unholy,57,25,32
Stinglelz,chogall,1610,deathknight,unholy,30,19,11
Deathvid,ravencrest,1610,deathknight,unholy,78,43,35
Sugarcakedk,blackrock,1610,deathknight,unholy,83,40,43
Анзорини,gordunni,1609,deathknight,unholy,48,19,29
Вондум,howling-fjord,1606,deathknight,unholy,42,18,24
Sang,deathwing,1605,deathknight,unholy,38,19,19
Krisigaped,blackhand,1603,deathknight,unholy,36,17,19
Адэлина,soulflayer,1602,deathknight,unholy,24,17,7
Jiodythyy,archimonde,1602,deathknight,unholy,54,23,31
Маххес,howling-fjord,1601,deathknight,unholy,101,48,53
Nazgül,drakthul,1600,deathknight,unholy,110,58,52
Aceléss,drakthul,1600,deathknight,unholy,42,20,22
Лапочки,gordunni,1598,deathknight,unholy,72,42,30
Yandeäth,chants-éternels,1596,deathknight,unholy,173,88,85
Deathcaller,zuljin,1594,deathknight,unholy,65,32,33
Deathgrab,twisting-nether,1590,deathknight,unholy,36,17,19
Hellguy,draenor,1588,deathknight,unholy,251,119,132
Yagoora,silvermoon,1588,deathknight,unholy,74,29,45
Kwc,kazzak,1586,deathknight,unholy,117,54,63
Шуршаня,blackscar,1586,deathknight,unholy,48,19,29
Branchë,stormscale,1585,deathknight,unholy,99,49,50
Кадавров,gordunni,1582,deathknight,unholy,96,51,45
Raizhen,ragnaros,1582,deathknight,unholy,36,17,19
Bredox,ravencrest,1582,deathknight,unholy,63,27,36
Linuzbunny,zenedar,1580,deathknight,unholy,30,18,12
Skórm,burning-legion,1580,deathknight,unholy,36,17,19
Капустас,gordunni,1579,deathknight,unholy,72,37,35
Giandam,draenor,1577,deathknight,unholy,42,17,25
Vexxed,magtheridon,1576,deathknight,unholy,99,55,44
Ghaloob,draenor,1576,deathknight,unholy,42,20,22
Garasu,eredar,1574,deathknight,unholy,48,19,29
Слендер,howling-fjord,1572,deathknight,unholy,107,51,56
Ктунец,blackscar,1570,deathknight,unholy,36,19,17
Gødofredo,dun-modr,1568,deathknight,unholy,96,55,41
Söttguetsi,blackrock,1566,deathknight,unholy,41,23,18
Smörj,aggramar,1566,deathknight,unholy,71,30,41
Zoree,draenor,1564,deathknight,unholy,113,60,53
Alti,blackmoore,1564,deathknight,unholy,70,36,34
Körthazz,hyjal,1563,deathknight,unholy,55,27,28
Хорссэ,soulflayer,1562,deathknight,unholy,37,22,15
Винерас,soulflayer,1562,deathknight,unholy,66,31,35
Вурдулакх,gordunni,1561,deathknight,unholy,96,48,48
Derfitt,sanguino,1559,deathknight,unholy,84,41,43
Oweiowei,blackrock,1558,deathknight,unholy,30,18,12
Jollíe,tarren-mill,1557,deathknight,unholy,35,22,13
Gushik,twisting-nether,1555,deathknight,unholy,52,30,22
Feministi,stormreaver,1552,deathknight,unholy,108,51,57
Aleejha,draenor,1551,deathknight,unholy,70,39,31
Yamisukehiro,drakthul,1551,deathknight,unholy,60,28,32
Utyr,ragnaros,1550,deathknight,unholy,60,31,29
Emphendk,twisting-nether,1550,deathknight,unholy,120,55,65
Gargalon,drakthul,1547,deathknight,unholy,72,37,35
Ahilus,bladefist,1547,deathknight,unholy,61,29,32
Turboface,kazzak,1546,deathknight,unholy,60,34,26
Apoikos,argent-dawn,1546,deathknight,unholy,36,19,17
Элекна,deepholm,1541,deathknight,unholy,48,24,24
Ullefuz,silvermoon,1537,deathknight,unholy,30,21,9
Nysaia,blackmoore,1537,deathknight,unholy,36,17,19
Abcdk,sargeras,1535,deathknight,unholy,56,31,25
Bokrak,norgannon,1534,deathknight,unholy,111,64,47
Èvíl,stormscale,1534,deathknight,unholy,30,16,14
Metalmanethé,tarren-mill,1534,deathknight,unholy,242,120,122
Megdeath,silvermoon,1533,deathknight,unholy,102,50,52
Nommad,archimonde,1531,deathknight,unholy,119,55,64
Rottenpete,grim-batol,1530,deathknight,unholy,30,16,14
Maxto,outland,1530,deathknight,unholy,30,16,14
Bertonilo,burning-legion,1529,deathknight,unholy,72,34,38
Zariia,twisting-nether,1527,deathknight,unholy,72,41,31
Pawcio,argent-dawn,1527,deathknight,unholy,135,74,61
Dzemoo,drakthul,1527,deathknight,unholy,59,31,28
Алсидис,gordunni,1527,deathknight,unholy,72,29,43
Арцевус,gordunni,1524,deathknight,unholy,109,56,53
Полонит,gordunni,1523,deathknight,unholy,76,38,38
Рыжаяпедаль,soulflayer,1522,deathknight,unholy,24,16,8
Dörfl,antonidas,1521,deathknight,unholy,87,42,45
Woddey,blackrock,1520,deathknight,unholy,72,39,33
Rizzlerdk,blackhand,1519,deathknight,unholy,108,47,61
Агереро,howling-fjord,1518,deathknight,unholy,59,32,27
Deadroses,tarren-mill,1517,deathknight,unholy,78,49,29
Goreshovel,stormscale,1517,deathknight,unholy,72,39,33
Торедх,howling-fjord,1516,deathknight,unholy,66,27,39
Lurkkiss,ravencrest,1515,deathknight,unholy,36,16,20
Athanatøs,archimonde,1514,deathknight,unholy,98,43,55
Ganessha,sanguino,1513,deathknight,unholy,39,23,16
Greymarker,kirin-tor,1513,deathknight,unholy,66,37,29
Raust,xavius,1512,deathknight,unholy,74,33,41
Manego,eredar,1511,deathknight,unholy,30,18,12
Хассандра,galakrond,1511,deathknight,unholy,80,38,42
Катаринья,howling-fjord,1511,deathknight,unholy,53,24,29
Zff,hyjal,1510,deathknight,unholy,30,20,10
Grendul,blackmoore,1509,deathknight,unholy,54,23,31
Ardros,eredar,1507,deathknight,unholy,48,23,25
Apoikia,argent-dawn,1507,deathknight,unholy,42,19,23
Segrim,drakthul,1506,deathknight,unholy,80,44,36
Руариди,gordunni,1504,deathknight,unholy,36,18,18
Salezians,drakthul,1503,deathknight,unholy,107,59,48
Prekliatylad,burning-blade,1503,deathknight,unholy,42,17,25
Sîck,bladefist,1503,deathknight,unholy,60,22,38
Numnuts,alakir,1502,deathknight,unholy,36,21,15
Lavonobatas,kazzak,1502,deathknight,unholy,54,27,27
Jäätynyt,zenedar,1501,deathknight,unholy,278,131,147
Unchaindk,outland,1500,deathknight,unholy,136,68,68
Kebabpizza,argent-dawn,1499,deathknight,unholy,48,25,23
Ахелекус,blackscar,1498,deathknight,unholy,30,17,13
Анфалагон,gordunni,1498,deathknight,unholy,78,41,37
Halez,antonidas,1497,deathknight,unholy,126,62,64
Nødder,ragnaros,1496,deathknight,unholy,54,29,25
Anaralien,ravencrest,1494,deathknight,unholy,107,50,57
Epoch,azjolnerub,1493,deathknight,unholy,87,42,45
Протосеня,soulflayer,1493,deathknight,unholy,66,30,36
Dzwiadke,burning-legion,1492,deathknight,unholy,108,52,56
Дедхо,soulflayer,1491,deathknight,unholy,56,27,29
Recoil,blackrock,1490,deathknight,unholy,26,17,9
Axram,ravencrest,1487,deathknight,unholy,60,30,30
Juliean,blackmoore,1484,deathknight,unholy,36,17,19
Riceeater,kazzak,1483,deathknight,unholy,59,29,30
Tölp,ravencrest,1482,deathknight,unholy,77,38,39
Yousaindk,blackrock,1482,deathknight,unholy,42,19,23
Calina,frostwolf,1480,deathknight,unholy,72,26,46
Anathela,dalaran,1478,deathknight,unholy,79,36,43
Сванхильда,grom,1477,deathknight,unholy,108,51,57
Veçh,turalyon,1476,deathknight,unholy,48,20,28
Polimeh,draenor,1473,deathknight,unholy,72,39,33
Ilius,kelthuzad,1473,deathknight,unholy,75,39,36
Дерайв,gordunni,1473,deathknight,unholy,78,36,42
Ультерис,deathguard,1468,deathknight,unholy,24,17,7
Sorostew,twisting-nether,1467,deathknight,unholy,42,23,19
Arxelas,sylvanas,1467,deathknight,unholy,115,60,55
Moko,defias-brotherhood,1467,deathknight,unholy,54,25,29
Промештейн,gordunni,1466,deathknight,unholy,87,40,47
Erodevil,kazzak,1465,deathknight,unholy,42,17,25
Ðiesel,stormscale,1464,deathknight,unholy,93,38,55
Bärdk,forscherliga,1461,deathknight,unholy,95,47,48
Шифычдк,howling-fjord,1460,deathknight,unholy,60,27,33
Manovar,archimonde,1459,deathknight,unholy,125,59,66
Blízna,kazzak,1459,deathknight,unholy,96,45,51
Nospets,kazzak,1459,deathknight,unholy,54,25,29
Gethunts,drakthul,1457,deathknight,unholy,42,25,17
Deusmort,ravencrest,1457,deathknight,unholy,66,26,40
Thecurator,ragnaros,1456,deathknight,unholy,72,32,40
Барагган,thermaplugg,1455,deathknight,unholy,96,47,49
Ceranto,frostwolf,1453,deathknight,unholy,77,46,31
Teljujad,sanguino,1453,deathknight,unholy,92,45,47
Skèltòn,rexxar,1451,deathknight,unholy,73,47,26
Ohsevèn,ravencrest,1450,deathknight,unholy,65,36,29
Sathmayla,silvermoon,1448,deathknight,unholy,53,32,21
Arkaris,blackmoore,1447,deathknight,unholy,32,21,11
Frags,arathor,1447,deathknight,unholy,60,28,32
Ithis,zuljin,1445,deathknight,unholy,114,54,60
Deathcam,emerald-dream,1445,deathknight,unholy,83,37,46
Борнтудай,borean-tundra,1445,deathknight,unholy,48,17,31
Quantumshift,ravencrest,1444,deathknight,unholy,36,23,13
Unholy,ragnaros,1444,deathknight,unholy,38,20,18
Рэндрей,gordunni,1443,deathknight,unholy,39,21,18
Сенкрул,gordunni,1440,deathknight,unholy,72,48,24
Logoz,dun-modr,1440,deathknight,unholy,30,17,13
Ðavy,silvermoon,1438,deathknight,unholy,30,15,15
Notsyndra,nemesis,1437,deathknight,unholy,49,25,24
Cayliadk,tarren-mill,1436,deathknight,unholy,56,28,28
Bloodkatana,drakthul,1435,deathknight,unholy,44,19,25
Mîîkkaa,blackhand,1435,deathknight,unholy,42,15,27
Nauser,kazzak,1434,deathknight,unholy,41,19,22
Chrispbacøn,ragnaros,1433,deathknight,unholy,40,19,21
Кристер,lich-king,1433,deathknight,unholy,36,16,20
Спавни,blackscar,1432,deathknight,unholy,153,71,82
Demrior,hellfire,1432,deathknight,unholy,54,20,34
Таможникс,soulflayer,1431,deathknight,unholy,29,18,11
Reezeer,stormscale,1431,deathknight,unholy,35,17,18
Кромгак,soulflayer,1427,deathknight,unholy,30,15,15
Шейзо,soulflayer,1424,deathknight,unholy,39,22,17
Моорта,soulflayer,1424,deathknight,unholy,66,34,32
Анихиме,howling-fjord,1424,deathknight,unholy,75,37,38
Dklékata,archimonde,1424,deathknight,unholy,37,18,19
Xado,frostwolf,1423,deathknight,unholy,90,49,41
Skøurge,silvermoon,1422,deathknight,unholy,156,79,77
Zegaan,kazzak,1422,deathknight,unholy,84,41,43
Späwn,ysondre,1422,deathknight,unholy,64,24,40
Discochoppa,blackmoore,1421,deathknight,unholy,36,15,21
Xenfos,tarren-mill,1420,deathknight,unholy,36,15,21
Maradk,drakthul,1419,deathknight,unholy,166,82,84
Анкара,ashenvale,1419,deathknight,unholy,65,32,33
Ínví,aegwynn,1418,deathknight,unholy,96,47,49
Wallenschøld,kazzak,1418,deathknight,unholy,36,15,21
Форнителли,howling-fjord,1418,deathknight,unholy,48,16,32
Аирфрост,howling-fjord,1416,deathknight,unholy,54,25,29
Arxelas,stormscale,1416,deathknight,unholy,72,30,42
Pavkata,outland,1415,deathknight,unholy,154,74,80
Mìa,kragjin,1415,deathknight,unholy,73,33,40
Cheethdoom,ragnaros,1413,deathknight,unholy,30,15,15
Sorcc,burning-legion,1413,deathknight,unholy,76,36,40
Десхоб,soulflayer,1413,deathknight,unholy,163,66,97
Empiu,blackhand,1409,deathknight,unholy,30,20,10
Terren,ravencrest,1409,deathknight,unholy,52,29,23
Nilodk,nemesis,1409,deathknight,unholy,244,127,117
Xirra,tarren-mill,1409,deathknight,unholy,67,33,34
Hêalz,ungoro,1408,deathknight,unholy,66,34,32
Hawkthuglife,dun-modr,1408,deathknight,unholy,60,25,35
Spøøk,defias-brotherhood,1407,deathknight,unholy,36,15,21
Assgripper,hyjal,1406,deathknight,unholy,42,26,16
Walkeni,defias-brotherhood,1405,deathknight,unholy,78,35,43
Metalist,ravencrest,1404,deathknight,unholy,66,32,34
Estoico,ragnaros,1404,deathknight,unholy,66,32,34
Reapocalypse,blackhand,1404,deathknight,unholy,214,103,111
Кланки,soulflayer,1404,deathknight,unholy,76,34,42
Deathlïght,nemesis,1399,deathknight,unholy,77,41,36
Fýhr,silvermoon,1398,deathknight,unholy,36,18,18
Sonofalích,aerie-peak,1397,deathknight,unholy,43,24,19
Draforce,quelthalas,1396,deathknight,unholy,63,35,28
Shabiri,twisting-nether,1396,deathknight,unholy,79,42,37
Grubbins,kul-tiras,1396,deathknight,unholy,49,25,24
Lorvetis,malorne,1395,deathknight,unholy,42,19,23
Frostmommy,argent-dawn,1394,deathknight,unholy,87,37,50
Blorin,sylvanas,1391,deathknight,unholy,79,35,44
Unholycard,argent-dawn,1389,deathknight,unholy,72,37,35
Hordak,stormscale,1384,deathknight,unholy,39,15,24
Gaurk,aggra-português,1382,deathknight,unholy,42,24,18
Jalapeñofan,tarren-mill,1382,deathknight,unholy,75,36,39
Gûuts,archimonde,1381,deathknight,unholy,247,127,120
Fixmybones,frostmane,1378,deathknight,unholy,54,22,32
Дядьдим,soulflayer,1377,deathknight,unholy,39,18,21
Flawstmourne,kazzak,1374,deathknight,unholy,35,15,20
Нарилуне,blackscar,1373,deathknight,unholy,394,194,200
Мёрдерфэйсх,soulflayer,1373,deathknight,unholy,132,63,69
Лекъса,gordunni,1372,deathknight,unholy,130,62,68
Ziuziu,twisting-nether,1371,deathknight,unholy,48,15,33
Dkbladet,ravencrest,1370,deathknight,unholy,81,41,40
Roaredrick,draenor,1370,deathknight,unholy,93,44,49
Babsyknight,wildhammer,1370,deathknight,unholy,84,33,51
Kérmít,tarren-mill,1369,deathknight,unholy,64,36,28
Tyvra,blackhand,1369,deathknight,unholy,47,17,30
Fizzdk,pozzo-delleternità,1366,deathknight,unholy,42,19,23
Oßitø,ravencrest,1365,deathknight,unholy,31,17,14
Arthrex,twisting-nether,1358,deathknight,unholy,36,21,15
Ridire,saurfang,1358,deathknight,unholy,53,27,26
Morinosei,twisting-nether,1351,deathknight,unholy,89,48,41
Nekote,silvermoon,1350,deathknight,unholy,33,17,16
Kratagon,thrall,1348,deathknight,unholy,66,25,41
Xênôrr,archimonde,1347,deathknight,unholy,30,15,15
Jihm,silvermoon,1344,deathknight,unholy,123,65,58
Bloodbane,burning-blade,1343,deathknight,unholy,60,25,35
Zeghor,ragnaros,1343,deathknight,unholy,42,15,27
Хейткрю,howling-fjord,1342,deathknight,unholy,48,21,27
Zektal,thrall,1340,deathknight,unholy,30,14,16
Apatheia,stormscale,1338,deathknight,unholy,22,15,7
Judin,kazzak,1338,deathknight,unholy,24,14,10
Брексиен,gordunni,1338,deathknight,unholy,48,14,34
Томиганн,grom,1336,deathknight,unholy,48,23,25
Züg,draenor,1336,deathknight,unholy,120,56,64
Альдафьод,howling-fjord,1332,deathknight,unholy,24,14,10
Aesthaetik,draenor,1332,deathknight,unholy,28,16,12
Ezlar,silvermoon,1329,deathknight,unholy,25,15,10
Jöndas,drakthul,1329,deathknight,unholy,48,25,23
Evelys,kazzak,1329,deathknight,unholy,34,17,17
Kalantii,draenor,1326,deathknight,unholy,36,19,17
Gengàr,tarren-mill,1325,deathknight,unholy,24,14,10
Fentanil,elune,1325,deathknight,unholy,223,113,110
Шинратенсеи,howling-fjord,1324,deathknight,unholy,36,18,18
Зибак,soulflayer,1322,deathknight,unholy,51,24,27
Negzul,blackmoore,1321,deathknight,unholy,56,28,28
Teflonphobos,stormreaver,1320,deathknight,unholy,18,14,4
Dunkàn,silvermoon,1318,deathknight,unholy,36,26,10
Prænklý,blackrock,1316,deathknight,unholy,48,22,26
Detrah,argent-dawn,1315,deathknight,unholy,52,27,25
Сивкабурка,fordragon,1312,deathknight,unholy,36,14,22
Джайвана,soulflayer,1310,deathknight,unholy,215,109,106
Exoduss,dunemaul,1308,deathknight,unholy,36,15,21
Ahlat,blackmoore,1306,deathknight,unholy,89,53,36
Defeated,thrall,1301,deathknight,unholy,81,36,45
Akelæ,draenor,1300,deathknight,unholy,70,35,35
Mojodango,outland,1299,deathknight,unholy,26,15,11
Fluffínator,kazzak,1298,deathknight,unholy,88,45,43
Reportmeplz,ragnaros,1298,deathknight,unholy,42,20,22
Endlesspain,burning-legion,1298,deathknight,unholy,53,22,31
Крикед,soulflayer,1297,deathknight,unholy,102,55,47
Роземайер,ashenvale,1297,deathknight,unholy,60,29,31
Msvine,kazzak,1294,deathknight,unholy,72,39,33
Táli,tarren-mill,1294,deathknight,unholy,33,14,19
Asakim,tarren-mill,1291,deathknight,unholy,29,14,15
Альмон,howling-fjord,1290,deathknight,unholy,42,19,23
Ничер,thermaplugg,1289,deathknight,unholy,24,14,10
Бреч,gordunni,1285,deathknight,unholy,42,14,28
Sictir,stormscale,1280,deathknight,unholy,236,113,123
Âlîce,culte-de-la-rive-noire,1277,deathknight,unholy,36,19,17
Galayn,burning-legion,1277,deathknight,unholy,33,14,19
Sveinnhran,kazzak,1274,deathknight,unholy,170,80,90
Heyabigail,wildhammer,1274,deathknight,unholy,54,20,34
Zracul,nordrassil,1272,deathknight,unholy,85,41,44
Necrozy,aggra-português,1269,deathknight,unholy,84,43,41
Necrocancerr,twisting-nether,1269,deathknight,unholy,104,49,55
Kaletorn,ragnaros,1265,deathknight,unholy,84,41,43
Undtot,azshara,1264,deathknight,unholy,36,16,20
Pjthedk,lightbringer,1263,deathknight,unholy,42,21,21
Huekun,draenor,1262,deathknight,unholy,23,14,9
Drenodur,amanthul,1261,deathknight,unholy,24,14,10
Darkhallow,thrall,1261,deathknight,unholy,136,71,65
Superere,hyjal,1261,deathknight,unholy,36,17,19
Mamanica,sanguino,1261,deathknight,unholy,30,14,16
Lobotomia,burning-blade,1259,deathknight,unholy,47,23,24
Persefal,nemesis,1259,deathknight,unholy,42,15,27
Tesasd,silvermoon,1255,deathknight,unholy,58,26,32
Highmelli,ambossar,1253,deathknight,unholy,42,15,27
Sarkasm,malganis,1248,deathknight,unholy,66,31,35
Fishtruction,tarren-mill,1247,deathknight,unholy,161,82,79
Zpartan,ragnaros,1247,deathknight,unholy,42,15,27
Chocopeanut,ravencrest,1246,deathknight,unholy,24,15,9
Джонаджеймсн,soulflayer,1244,deathknight,unholy,24,13,11
Elíta,draenor,1242,deathknight,unholy,36,15,21
Schweezlord,tarren-mill,1241,deathknight,unholy,24,13,11
Брюшина,gordunni,1240,deathknight,unholy,24,13,11
Патриаррх,gordunni,1240,deathknight,unholy,47,25,22
Flinsen,blackmoore,1239,deathknight,unholy,86,47,39
Gothenburger,darksorrow,1239,deathknight,unholy,42,22,20
Kéréos,hyjal,1238,deathknight,unholy,24,13,11
Turkknight,outland,1236,deathknight,unholy,30,13,17
Obstwald,blackrock,1235,deathknight,unholy,49,26,23
Zelbørk,medivh,1235,deathknight,unholy,42,21,21
Khorag,lordaeron,1235,deathknight,unholy,30,13,17
Zdi,tarren-mill,1230,deathknight,unholy,29,13,16
Аданаэль,howling-fjord,1228,deathknight,unholy,47,21,26
Крус,blackscar,1227,deathknight,unholy,89,39,50
Варделон,gordunni,1219,deathknight,unholy,18,13,5
Tanenoss,kazzak,1213,deathknight,unholy,54,21,33
Razzvy,darkspear,1208,deathknight,unholy,63,27,36
Thedx,blades-edge,1208,deathknight,unholy,52,20,32
Деркхаус,soulflayer,1206,deathknight,unholy,24,15,9
Tyranus,quelthalas,1202,deathknight,unholy,150,66,84
Дэбон,howling-fjord,1189,deathknight,unholy,122,53,69
Gegham,ravencrest,1181,deathknight,unholy,28,13,15
Darkqüeen,sanguino,1180,deathknight,unholy,30,14,16
Homoforsluts,silvermoon,1178,deathknight,unholy,24,15,9
Elite,xavius,1176,deathknight,unholy,32,14,18
Abnormus,tarren-mill,1175,deathknight,unholy,45,19,26
Zóur,rajaxx,1171,deathknight,unholy,30,13,17
Tarfu,kazzak,1168,deathknight,unholy,42,20,22
Ezreo,neptulon,1167,deathknight,unholy,31,14,17
Eltorro,ravencrest,1165,deathknight,unholy,42,14,28
Микелон,gordunni,1164,deathknight,unholy,22,13,9
Дэдушка,gordunni,1159,deathknight,unholy,23,13,10
Sprangers,ravencrest,1151,deathknight,unholy,18,12,6
Mirídiuss,silvermoon,1151,deathknight,unholy,18,12,6
Apacsom,ragnaros,1151,deathknight,unholy,24,12,12
Fyrkadk,aegwynn,1151,deathknight,unholy,24,12,12
Олинфия,soulflayer,1151,deathknight,unholy,24,12,12
Panorboy,tarren-mill,1151,deathknight,unholy,24,12,12
Nurekindk,argent-dawn,1150,deathknight,unholy,18,12,6
Dklol,dun-morogh,1150,deathknight,unholy,36,14,22
Numnutz,alakir,1149,deathknight,unholy,25,13,12
Auru,tarren-mill,1149,deathknight,unholy,57,28,29
Линфео,galakrond,1149,deathknight,unholy,36,12,24
Дрогдош,howling-fjord,1148,deathknight,unholy,18,12,6
Zugzugdecay,kazzak,1148,deathknight,unholy,24,12,12
Nasxsy,blackmoore,1148,deathknight,unholy,24,12,12
Goùlag,culte-de-la-rive-noire,1147,deathknight,unholy,36,12,24
Mawdrym,twisting-nether,1146,deathknight,unholy,24,12,12
Клиссанг,razuvious,1146,deathknight,unholy,42,12,30
Lilyxtulle,tarren-mill,1144,deathknight,unholy,81,35,46
Trialist,dun-modr,1143,deathknight,unholy,24,12,12
Nellath,kazzak,1143,deathknight,unholy,36,12,24
Rûnâr,proudmoore,1141,deathknight,unholy,21,13,8
Mãshi,hyjal,1140,deathknight,unholy,59,26,33
Gùra,sanguino,1139,deathknight,unholy,36,13,23
Sevatar,zuljin,1137,deathknight,unholy,18,12,6
Qmy,outland,1135,deathknight,unholy,40,16,24
Zarad,scarshield-legion,1134,deathknight,unholy,24,12,12
Fineral,argent-dawn,1134,deathknight,unholy,24,12,12
Kailara,draenor,1133,deathknight,unholy,29,12,17
Jowân,blackmoore,1131,deathknight,unholy,24,13,11
Dêku,aegwynn,1130,deathknight,unholy,79,44,35
Asakurai,grim-batol,1126,deathknight,unholy,42,22,20
Nestia,emerald-dream,1125,deathknight,unholy,43,18,25
Feekus,deathwing,1123,deathknight,unholy,18,12,6
Mellowqt,aegwynn,1120,deathknight,unholy,53,25,28
Kazay,madmortem,1119,deathknight,unholy,24,12,12
Híruzen,blackrock,1115,deathknight,unholy,30,15,15
Darhma,archimonde,1110,deathknight,unholy,38,13,25
Younix,silvermoon,1110,deathknight,unholy,42,12,30
Ârtjom,aegwynn,1106,deathknight,unholy,28,12,16
Saromón,ravencrest,1101,deathknight,unholy,30,18,12
Roykoopa,hyjal,1099,deathknight,unholy,30,13,17
Apolyio,outland,1095,deathknight,unholy,35,14,21
Охъламон,soulflayer,1092,deathknight,unholy,72,31,41
Zathron,blackmoore,1087,deathknight,unholy,35,15,20
Skeggjold,drakthul,1083,deathknight,unholy,24,12,12
Diatriss,argent-dawn,1078,deathknight,unholy,63,27,36
Ashlëy,kaelthas,1074,deathknight,unholy,132,65,67
Ennigmá,stormscale,1066,deathknight,unholy,24,13,11
Kixx,bloodfeather,1062,deathknight,unholy,65,27,38
Grisig,twisting-nether,1057,deathknight,unholy,30,18,12
Bigblackgrip,hyjal,1056,deathknight,unholy,18,11,7
Deathmonsta,auchindoun,1055,deathknight,unholy,30,11,19
Ayra,nethersturm,1054,deathknight,unholy,18,11,7
Gøretterog,ysondre,1054,deathknight,unholy,18,11,7
Synchronic,stormscale,1053,deathknight,unholy,24,11,13
Fosswire,stormscale,1049,deathknight,unholy,18,11,7
Pamplemouse,burning-blade,1046,deathknight,unholy,85,40,45
Нуурргл,howling-fjord,1046,deathknight,unholy,48,19,29
Dunklerlord,malfurion,1045,deathknight,unholy,24,11,13
Rammsteïn,ravencrest,1042,deathknight,unholy,33,12,21
Ilovegouàng,khaz-modan,1041,deathknight,unholy,36,15,21
Eibon,drakthul,1037,deathknight,unholy,18,11,7
Порнпанда,gordunni,1037,deathknight,unholy,24,11,13
Jixcore,draenor,1034,deathknight,unholy,36,11,25
Gowther,blackmoore,1032,deathknight,unholy,60,32,28
Мокраявода,soulflayer,1026,deathknight,unholy,94,49,45
Larvalîs,blackmoore,1025,deathknight,unholy,48,24,24
Karalun,nagrand,1024,deathknight,unholy,66,32,34
Taylorswiift,tarren-mill,1023,deathknight,unholy,17,11,6
Артушадк,soulflayer,1022,deathknight,unholy,18,11,7
Icyplague,ravencrest,1018,deathknight,unholy,20,12,8
Малп,gordunni,1018,deathknight,unholy,42,24,18
Kaldhan,nemesis,1017,deathknight,unholy,30,13,17
Scorbion,kilrogg,1015,deathknight,unholy,24,11,13
Takåtry,archimonde,1004,deathknight,unholy,30,14,16
Assasínator,tarren-mill,1003,deathknight,unholy,171,87,84
Tyrannus,earthen-ring,1000,deathknight,unholy,23,13,10
Jess,blackhand,996,deathknight,unholy,59,33,26
Braastad,sylvanas,989,deathknight,unholy,66,35,31
Gathalion,the-maelstrom,980,deathknight,unholy,48,28,20
Квашонка,howling-fjord,972,deathknight,unholy,72,22,50
Бешенсство,soulflayer,960,deathknight,unholy,18,10,8
Kaliro,sylvanas,960,deathknight,unholy,18,10,8
Кромгондк,soulflayer,960,deathknight,unholy,24,10,14
Gripbroblem,nemesis,960,deathknight,unholy,30,10,20
Spom,elune,960,deathknight,unholy,30,10,20
Скизм,howling-fjord,959,deathknight,unholy,24,10,14
Silvergreed,kazzak,959,deathknight,unholy,24,10,14
Abomination,emeriss,959,deathknight,unholy,30,10,20
Drogba,burning-blade,958,deathknight,unholy,18,10,8
Exanex,ragnaros,957,deathknight,unholy,18,10,8
Funds,kazzak,957,deathknight,unholy,24,10,14
Fpsrvg,minahonda,956,deathknight,unholy,53,23,30
Syncros,blackrock,955,deathknight,unholy,24,10,14
Puppétmastér,kazzak,954,deathknight,unholy,24,10,14
Nickolass,skullcrusher,953,deathknight,unholy,48,22,26
Azrìal,agamaggan,951,deathknight,unholy,24,10,14
Zandruq,twisting-nether,950,deathknight,unholy,24,10,14
Sigarå,twisting-nether,945,deathknight,unholy,24,10,14
Kisenth,doomhammer,927,deathknight,unholy,36,19,17
Dekayo,blackrock,925,deathknight,unholy,22,10,12
Rognvald,les-sentinelles,921,deathknight,unholy,47,23,24
Gravetitan,shattrath,906,deathknight,unholy,67,23,44
Алкеокол,soulflayer,904,deathknight,unholy,27,10,17
Rayliegh,silvermoon,891,deathknight,unholy,17,10,7
Лордэнергон,gordunni,888,deathknight,unholy,16,10,6
Restodrowd,tarren-mill,888,deathknight,unholy,24,11,13
Hqxdd,twisting-nether,881,deathknight,unholy,42,12,30
Unzul,twisting-nether,869,deathknight,unholy,18,10,8
Orcborg,zuljin,868,deathknight,unholy,25,10,15
Scotty,ravencrest,864,deathknight,unholy,12,9,3
Gáïà,blackmoore,864,deathknight,unholy,12,9,3
Usbdock,stormscale,864,deathknight,unholy,18,9,9
Charlytango,archimonde,864,deathknight,unholy,18,9,9
Fringles,twisting-nether,864,deathknight,unholy,18,9,9
Catloaf,silvermoon,864,deathknight,unholy,24,9,15
Gharzhul,xavius,863,deathknight,unholy,12,9,3
Mateusz,lightbringer,863,deathknight,unholy,12,9,3
Mefhesto,tarren-mill,863,deathknight,unholy,18,9,9
Dharniman,sylvanas,863,deathknight,unholy,18,9,9
Styxdk,blackhand,863,deathknight,unholy,18,9,9
Darknemesis,nemesis,863,deathknight,unholy,18,9,9
Elliipirelli,doomhammer,863,deathknight,unholy,18,9,9
Råyzen,draenor,863,deathknight,unholy,24,9,15
Трибунальщик,gordunni,863,deathknight,unholy,24,9,15
Oxxöw,draenor,863,deathknight,unholy,24,9,15
Frostplague,aegwynn,863,deathknight,unholy,24,9,15
Dimania,the-maelstrom,863,deathknight,unholy,30,9,21
Shakour,argent-dawn,862,deathknight,unholy,12,9,3
Рэкставр,soulflayer,862,deathknight,unholy,30,12,18
Vrez,argent-dawn,862,deathknight,unholy,24,9,15
Alroc,blackrock,862,deathknight,unholy,30,9,21
Grezak,defias-brotherhood,861,deathknight,unholy,18,9,9
Izanagii,exodar,861,deathknight,unholy,18,9,9
Valanaari,argent-dawn,861,deathknight,unholy,24,9,15
Тзинч,soulflayer,859,deathknight,unholy,18,9,9
Dzahnecro,archimonde,858,deathknight,unholy,18,9,9
Booneuh,kazzak,858,deathknight,unholy,24,9,15
Кмамехочу,howling-fjord,857,deathknight,unholy,12,9,3
Grubyr,burning-legion,857,deathknight,unholy,24,9,15
Джагат,gordunni,856,deathknight,unholy,30,12,18
Marcianorock,dalaran,850,deathknight,unholy,18,9,9
Deathcleave,burning-legion,845,deathknight,unholy,23,9,14
Lastdragon,dun-modr,840,deathknight,unholy,42,16,26
Жекабыкует,borean-tundra,836,deathknight,unholy,38,14,24
Civilredevil,ravencrest,830,deathknight,unholy,23,9,14
Cryistyx,draenor,828,deathknight,unholy,14,10,4
Alielib,eredar,828,deathknight,unholy,64,20,44
Zot,twisting-nether,814,deathknight,unholy,18,10,8
Ecoya,blackrock,812,deathknight,unholy,23,9,14
Beinlausi,dalaran,807,deathknight,unholy,15,9,6
Oldu,haomarush,800,deathknight,unholy,57,24,33
Flúrrý,ravencrest,799,deathknight,unholy,17,9,8
Шмуркич,gordunni,798,deathknight,unholy,23,10,13
Некронн,grom,795,deathknight,unholy,17,9,8
Barnëylord,argent-dawn,768,deathknight,unholy,12,8,4
Шадоудез,gordunni,768,deathknight,unholy,12,8,4
Psychopathz,tarren-mill,768,deathknight,unholy,12,8,4
Rimda,twisting-nether,768,deathknight,unholy,12,8,4
Radan,stormscale,768,deathknight,unholy,12,8,4
Wórzzag,arygos,768,deathknight,unholy,12,8,4
Preddktwo,twisting-nether,768,deathknight,unholy,12,8,4
Ravencraft,azjolnerub,768,deathknight,unholy,12,8,4
Aladonreith,zenedar,768,deathknight,unholy,12,8,4
Critycal,draenor,768,deathknight,unholy,12,8,4
Micaiah,dun-modr,768,deathknight,unholy,18,8,10
Xisaark,blackrock,768,deathknight,unholy,18,8,10
Glower,burning-blade,768,deathknight,unholy,18,8,10
Fatøumatata,archimonde,768,deathknight,unholy,18,8,10
Sanuky,blackrock,768,deathknight,unholy,18,8,10
Fuzzyofc,draenor,768,deathknight,unholy,18,8,10
Zatrina,blackrock,768,deathknight,unholy,24,8,16
Dreshtarg,draenor,768,deathknight,unholy,24,8,16
Мионеелол,goldrinn,768,deathknight,unholy,24,8,16
Amelia,ambossar,767,deathknight,unholy,12,8,4
Shewoman,stormreaver,767,deathknight,unholy,18,8,10
Apocalypse,ravencrest,767,deathknight,unholy,18,8,10
Cyliandra,silvermoon,767,deathknight,unholy,27,9,18
Nuadar,outland,767,deathknight,unholy,24,8,16
Payat,aegwynn,766,deathknight,unholy,12,8,4
Veyrøn,kazzak,766,deathknight,unholy,12,8,4
Auggee,ravencrest,766,deathknight,unholy,18,8,10
Krinoe,dalaran,766,deathknight,unholy,18,8,10
Zombienatíon,silvermoon,766,deathknight,unholy,24,8,16
Petardodupy,burning-legion,765,deathknight,unholy,24,8,16
Trigárdon,antonidas,764,deathknight,unholy,58,28,30
Mjölnir,sanguino,764,deathknight,unholy,18,8,10
Zanretxd,outland,764,deathknight,unholy,20,8,12
Жупело,gordunni,762,deathknight,unholy,12,8,4
Latindvergur,sylvanas,762,deathknight,unholy,18,8,10
Kazagoth,draenor,761,deathknight,unholy,18,8,10
Badbrian,draenor,760,deathknight,unholy,12,8,4
Ricardiob,argent-dawn,748,deathknight,unholy,16,9,7
Morssal,outland,748,deathknight,unholy,17,8,9
Arthursq,stormscale,738,deathknight,unholy,71,28,43
Aldramil,gorgonnash,726,deathknight,unholy,24,9,15
Deathuss,silvermoon,702,deathknight,unholy,22,8,14
Holîx,kazzak,672,deathknight,unholy,12,7,5
Cervä,kazzak,672,deathknight,unholy,12,7,5
Moonpoxdk,nerathor,672,deathknight,unholy,12,7,5
Bølvar,zuljin,672,deathknight,unholy,12,7,5
Hyperflexz,blackrock,672,deathknight,unholy,14,7,7
Soulchaos,ravencrest,672,deathknight,unholy,18,7,11
Wttdmg,kazzak,672,deathknight,unholy,18,7,11
Darkarthás,aegwynn,672,deathknight,unholy,18,7,11
Unholykebab,defias-brotherhood,672,deathknight,unholy,18,7,11
Gadres,aegwynn,672,deathknight,unholy,18,7,11
Sythuss,argent-dawn,672,deathknight,unholy,18,7,11
Никнейм,gordunni,672,deathknight,unholy,18,7,11
Чумазная,howling-fjord,672,deathknight,unholy,18,7,11
Keet,turalyon,672,deathknight,unholy,21,8,13
Моргаррок,soulflayer,671,deathknight,unholy,12,7,5
Theamine,silvermoon,671,deathknight,unholy,12,7,5
Smightydk,kazzak,671,deathknight,unholy,12,7,5
Падшийрыцарь,gordunni,671,deathknight,unholy,12,7,5
Lùrtzz,frostwolf,671,deathknight,unholy,12,7,5
Lìlïth,kazzak,671,deathknight,unholy,18,7,11
Корольбич,soulflayer,671,deathknight,unholy,18,7,11
Mcrune,ravencrest,671,deathknight,unholy,18,7,11
Ráisy,outland,671,deathknight,unholy,24,7,17
Думсдэйи,gordunni,670,deathknight,unholy,12,7,5
Crudelias,aegwynn,670,deathknight,unholy,12,7,5
Amencore,kazzak,670,deathknight,unholy,14,7,7
Akuji,dragonmaw,669,deathknight,unholy,12,7,5
Gothral,doomhammer,665,deathknight,unholy,12,7,5
Dreamgirl,sylvanas,658,deathknight,unholy,12,7,5
Ogomegee,ravencrest,638,deathknight,unholy,16,7,9
Vargass,darksorrow,598,deathknight,unholy,14,7,7
Duriel,stormscale,576,deathknight,unholy,12,6,6
Ymirzo,outland,576,deathknight,unholy,12,6,6
Myeltior,kazzak,576,deathknight,unholy,12,6,6
Ketnissq,blackrock,576,deathknight,unholy,12,6,6
Petergrippin,dragonblight,576,deathknight,unholy,12,6,6
Nephalêm,thrall,576,deathknight,unholy,12,6,6
Tombkeeper,silvermoon,576,deathknight,unholy,12,6,6
Kurían,burning-legion,576,deathknight,unholy,12,6,6
Venexia,kazzak,576,deathknight,unholy,12,6,6
Larrydk,tarren-mill,576,deathknight,unholy,12,6,6
Kyusuke,blackhand,576,deathknight,unholy,12,6,6
Huxleeyys,draenor,576,deathknight,unholy,12,6,6
Gigadk,ragnaros,576,deathknight,unholy,12,6,6
Swordkill,drakthul,576,deathknight,unholy,12,6,6
Lemain,drakthul,576,deathknight,unholy,12,6,6
Feelmyfuri,mazrigos,576,deathknight,unholy,12,6,6
Sfintter,uldum,576,deathknight,unholy,12,6,6
Critgødx,draenor,576,deathknight,unholy,13,6,7
Deathboost,archimonde,576,deathknight,unholy,18,6,12
Armanelo,stormscale,576,deathknight,unholy,18,6,12
Pestikus,thrall,576,deathknight,unholy,18,6,12
Tyranuse,kazzak,576,deathknight,unholy,18,6,12
Itokawa,tarren-mill,576,deathknight,unholy,18,6,12
Exult,twisting-nether,576,deathknight,unholy,18,6,12
Bubbledeath,tarren-mill,576,deathknight,unholy,18,6,12
Sxyd,silvermoon,576,deathknight,unholy,18,6,12
Niex,destromath,576,deathknight,unholy,18,6,12
Kaeyz,blackmoore,576,deathknight,unholy,18,6,12
Quazy,draenor,576,deathknight,unholy,24,6,18
Pangen,ravencrest,576,deathknight,unholy,36,6,30
Squeeze,drakthul,575,deathknight,unholy,12,6,6
Regniér,frostwolf,575,deathknight,unholy,12,6,6
Oldiseas,grim-batol,575,deathknight,unholy,12,6,6
Feugen,hyjal,575,deathknight,unholy,12,6,6
Archdemonio,wildhammer,575,deathknight,unholy,12,6,6
Havi,thunderhorn,575,deathknight,unholy,12,6,6
Mosscraciun,kazzak,575,deathknight,unholy,12,6,6
Dekatos,twisting-nether,575,deathknight,unholy,12,6,6
Arrakìs,nemesis,575,deathknight,unholy,12,6,6
Deathmaiden,outland,575,deathknight,unholy,12,6,6
Namfuuh,blackrock,575,deathknight,unholy,24,6,18
Nephenty,der-rat-von-dalaran,574,deathknight,unholy,12,6,6
Luciferyan,twisting-nether,574,deathknight,unholy,12,6,6
Zdan,sylvanas,574,deathknight,unholy,12,6,6
Fortinateur,dalaran,573,deathknight,unholy,12,6,6
Cervanteso,uldum,571,deathknight,unholy,12,6,6
Kirkster,terokkar,570,deathknight,unholy,18,6,12
Homunculas,twisting-nether,559,deathknight,unholy,11,6,5
Narrua,die-aldor,542,deathknight,unholy,17,6,11
Keltòr,antonidas,539,deathknight,unholy,17,6,11
Laobeef,twisting-nether,527,deathknight,unholy,11,6,5
Moartèa,blackhand,527,deathknight,unholy,17,6,11
Xawias,ulduar,522,deathknight,unholy,14,7,7
Даркслэш,howling-fjord,522,deathknight,unholy,23,8,15
Deadpòól,twisting-nether,521,deathknight,unholy,33,7,26
Nirna,argent-dawn,514,deathknight,unholy,39,6,33
Seal,lightnings-blade,511,deathknight,unholy,26,9,17
Náthrakh,argent-dawn,480,deathknight,unholy,6,5,1
Blácklíght,silvermoon,480,deathknight,unholy,6,5,1
Dromor,echsenkessel,480,deathknight,unholy,6,5,1
Roids,twisting-nether,480,deathknight,unholy,6,5,1
Rêxaks,dun-modr,480,deathknight,unholy,12,5,7
Stipemiocic,nemesis,480,deathknight,unholy,12,5,7
Morgianà,argent-dawn,480,deathknight,unholy,12,5,7
Тидог,ashenvale,480,deathknight,unholy,12,5,7
Clérora,argent-dawn,480,deathknight,unholy,12,5,7
Luciferon,zenedar,480,deathknight,unholy,12,5,7
Шэйп,fordragon,480,deathknight,unholy,12,5,7
Gigacow,outland,480,deathknight,unholy,12,5,7
Zhugzug,ragnaros,480,deathknight,unholy,12,5,7
Sipsip,tarren-mill,480,deathknight,unholy,12,5,7
Cbalife,ragnaros,480,deathknight,unholy,12,5,7
Unholybezerk,darkspear,480,deathknight,unholy,12,5,7
Taylorswiftz,tarren-mill,480,deathknight,unholy,12,5,7
Миракл,howling-fjord,480,deathknight,unholy,12,5,7
Kelebglin,silvermoon,480,deathknight,unholy,12,5,7
Gripshiftr,kazzak,480,deathknight,unholy,12,5,7
Дкшрёдингера,gordunni,480,deathknight,unholy,12,5,7
Amyntasz,twisting-nether,480,deathknight,unholy,12,5,7
Christldeath,blackrock,480,deathknight,unholy,12,5,7
Boreghar,drakthul,480,deathknight,unholy,12,5,7
Deathkanta,antonidas,480,deathknight,unholy,12,5,7
Frostich,ragnaros,480,deathknight,unholy,12,5,7
Dêeath,madmortem,480,deathknight,unholy,12,5,7
Shining,blackrock,480,deathknight,unholy,21,6,15
Тоши,fordragon,480,deathknight,unholy,18,5,13
Xad,blackrock,480,deathknight,unholy,18,5,13
Frostbone,ravencrest,480,deathknight,unholy,18,5,13
Helixsdk,outland,480,deathknight,unholy,20,5,15
Maxïmus,argent-dawn,480,deathknight,unholy,24,5,19
Еххел,soulflayer,479,deathknight,unholy,12,5,7
Mennal,the-maelstrom,479,deathknight,unholy,12,5,7
Dalenn,kazzak,479,deathknight,unholy,12,5,7
Bitdead,doomhammer,479,deathknight,unholy,12,5,7
Crostrike,kazzak,479,deathknight,unholy,12,5,7
Scareanger,argent-dawn,479,deathknight,unholy,12,5,7
Halohuntress,outland,479,deathknight,unholy,18,5,13
Kraken,aerie-peak,479,deathknight,unholy,18,5,13
Hacknorris,aegwynn,478,deathknight,unholy,12,5,7
Mailasse,dalaran,476,deathknight,unholy,10,6,4
Jarhèad,grim-batol,476,deathknight,unholy,22,7,15
Kavour,tarren-mill,447,deathknight,unholy,8,6,2
Calhoun,teldrassil,447,deathknight,unholy,11,5,6
Ðaserka,blackrock,447,deathknight,unholy,11,5,6
Shadowgohst,dun-morogh,440,deathknight,unholy,14,6,8
Eli,dalaran,431,deathknight,unholy,11,5,6
Uqrdk,twisting-nether,384,deathknight,unholy,6,4,2
Cówboylayla,stormscale,384,deathknight,unholy,6,4,2
Kalhyst,archimonde,384,deathknight,unholy,6,4,2
Kãzan,archimonde,384,deathknight,unholy,6,4,2
Copium,hyjal,384,deathknight,unholy,6,4,2
Wesnoth,ravencrest,384,deathknight,unholy,6,4,2
Zyôs,blackmoore,384,deathknight,unholy,6,4,2
Redduck,silvermoon,384,deathknight,unholy,6,4,2
Астартэс,deathguard,384,deathknight,unholy,6,4,2
Tigros,burning-legion,384,deathknight,unholy,6,4,2
Мурмадонище,soulflayer,384,deathknight,unholy,6,4,2
Vaalur,dalaran,384,deathknight,unholy,6,4,2
Lichkunt,stormscale,384,deathknight,unholy,6,4,2
Радиосмерти,gordunni,384,deathknight,unholy,6,4,2
Stepknìght,draenor,384,deathknight,unholy,6,4,2
Shlongripper,silvermoon,384,deathknight,unholy,6,4,2
Bonethugg,burning-legion,384,deathknight,unholy,6,4,2
Вирзерагна,howling-fjord,384,deathknight,unholy,6,4,2
Yggrauthr,argent-dawn,384,deathknight,unholy,6,4,2
Karisteur,azuremyst,384,deathknight,unholy,6,4,2
Buldog,laughing-skull,384,deathknight,unholy,6,4,2
Mangemicro,archimonde,384,deathknight,unholy,6,4,2
Darkeron,dun-modr,384,deathknight,unholy,6,4,2
Helmich,frostmane,384,deathknight,unholy,6,4,2
Budgetarthas,arthas,384,deathknight,unholy,6,4,2
Neph,sanguino,384,deathknight,unholy,6,4,2
Лордтемар,howling-fjord,384,deathknight,unholy,12,4,8
Vezthel,stormscale,384,deathknight,unholy,12,4,8
Volkovitch,archimonde,384,deathknight,unholy,12,4,8
Dreadmind,blackrock,384,deathknight,unholy,12,4,8
Amesz,tarren-mill,384,deathknight,unholy,12,4,8
Dk,tarren-mill,384,deathknight,unholy,12,4,8
Sekkah,tarren-mill,384,deathknight,unholy,12,4,8
Хлопайпопой,howling-fjord,384,deathknight,unholy,12,4,8
Nathriel,stormscale,384,deathknight,unholy,12,4,8
Servein,stormscale,384,deathknight,unholy,12,4,8
Thoir,ahnqiraj,384,deathknight,unholy,12,4,8
Kranker,thrall,384,deathknight,unholy,12,4,8
Тумм,howling-fjord,384,deathknight,unholy,12,4,8
Cervâ,twisting-nether,384,deathknight,unholy,12,4,8
Ecormcpz,eredar,384,deathknight,unholy,12,4,8
Pängei,frostwolf,384,deathknight,unholy,12,4,8
Razdig,dun-modr,384,deathknight,unholy,12,4,8
Szayestra,draenor,384,deathknight,unholy,12,4,8
Fatuglyrat,kazzak,384,deathknight,unholy,12,4,8
Derimathras,stormscale,384,deathknight,unholy,12,4,8
Necroslap,blackhand,384,deathknight,unholy,12,4,8
Виндрукс,soulflayer,384,deathknight,unholy,12,4,8
Trashdk,blackrock,384,deathknight,unholy,12,4,8
Mustakäsi,ravencrest,384,deathknight,unholy,12,4,8
Колхозник,howling-fjord,384,deathknight,unholy,12,4,8
Wlcrealworld,ravencrest,384,deathknight,unholy,12,4,8
Skypowerxx,darkspear,384,deathknight,unholy,12,4,8
Luzifear,bloodscalp,384,deathknight,unholy,18,4,14
Pottifar,tarren-mill,384,deathknight,unholy,18,4,14
Freakabiceps,draenor,384,deathknight,unholy,18,4,14
Brurf,ysondre,384,deathknight,unholy,18,4,14
Blòópy,silvermoon,384,deathknight,unholy,18,4,14
Dizin,ravencrest,384,deathknight,unholy,19,4,15
Zoombie,draenor,383,deathknight,unholy,6,4,2
Bargane,twilights-hammer,383,deathknight,unholy,6,4,2
Flippmo,argent-dawn,383,deathknight,unholy,9,5,4
Aczheron,argent-dawn,383,deathknight,unholy,12,4,8
Orochimaruo,stormscale,383,deathknight,unholy,12,4,8
Хворной,howling-fjord,383,deathknight,unholy,12,4,8
Фиджибро,soulflayer,383,deathknight,unholy,14,4,10
Darkangelina,aggra-português,378,deathknight,unholy,12,4,8
Варрлнишнс,soulflayer,367,deathknight,unholy,11,4,7
Millknight,norgannon,341,deathknight,unholy,15,6,9
Väkü,silvermoon,336,deathknight,unholy,9,5,4
Рамкар,howling-fjord,319,deathknight,unholy,8,4,4
Ikarack,twisting-nether,319,deathknight,unholy,8,4,4
Randomdkxd,ravencrest,304,deathknight,unholy,13,4,9
Saryn,burning-steppes,304,deathknight,unholy,13,4,9
Amentet,anetheron,288,deathknight,unholy,10,5,5
Soseiuchi,sargeras,288,deathknight,unholy,6,3,3
Merekx,emerald-dream,288,deathknight,unholy,6,3,3
Dëmise,ravencrest,288,deathknight,unholy,6,3,3
Uridk,sanguino,288,deathknight,unholy,6,3,3
Небишоп,howling-fjord,288,deathknight,unholy,6,3,3
Тряпьё,galakrond,288,deathknight,unholy,6,3,3
Babs,sylvanas,288,deathknight,unholy,6,3,3
Krookidk,archimonde,288,deathknight,unholy,6,3,3
Израф,soulflayer,288,deathknight,unholy,6,3,3
Smalldk,silvermoon,288,deathknight,unholy,6,3,3
Hasbullagødx,blackrock,288,deathknight,unholy,6,3,3
Rävjakt,twisting-nether,288,deathknight,unholy,6,3,3
Zathy,twisting-nether,288,deathknight,unholy,6,3,3
Dextroyersx,sanguino,288,deathknight,unholy,6,3,3
Krozzytwo,draenor,288,deathknight,unholy,6,3,3
Rades,sanguino,288,deathknight,unholy,6,3,3
Tenzøftw,archimonde,288,deathknight,unholy,6,3,3
Knoxhult,kazzak,288,deathknight,unholy,6,3,3
Fredriksend,argent-dawn,288,deathknight,unholy,6,3,3
Zêlëph,archimonde,288,deathknight,unholy,6,3,3
Kalenis,nemesis,288,deathknight,unholy,6,3,3
Карвалан,eversong,288,deathknight,unholy,6,3,3
Bloodraynee,twisting-nether,288,deathknight,unholy,6,3,3
Cyphîllyth,auchindoun,288,deathknight,unholy,6,3,3
Wpízdu,aegwynn,288,deathknight,unholy,6,3,3
Joyt,argent-dawn,288,deathknight,unholy,6,3,3
Løz,kazzak,288,deathknight,unholy,6,3,3
Masakryczny,burning-legion,288,deathknight,unholy,6,3,3
Mêlian,blackmoore,288,deathknight,unholy,6,3,3
Mayaya,malganis,288,deathknight,unholy,6,3,3
Bigbaboon,stormreaver,288,deathknight,unholy,6,3,3
Kaenor,sporeggar,288,deathknight,unholy,6,3,3
Cmonbruvv,outland,288,deathknight,unholy,6,3,3
Mocca,aegwynn,288,deathknight,unholy,6,3,3
Galgalí,blackmoore,288,deathknight,unholy,6,3,3
Jénga,ghostlands,288,deathknight,unholy,6,3,3
Gbdk,xavius,288,deathknight,unholy,6,3,3
Kàrásu,eredar,288,deathknight,unholy,6,3,3
Uvros,bloodhoof,288,deathknight,unholy,6,3,3
Heresjohny,stormrage,288,deathknight,unholy,6,3,3
Zfeuda,azshara,288,deathknight,unholy,6,3,3
Grippyb,tarren-mill,288,deathknight,unholy,6,3,3
Dakyforfun,ravencrest,288,deathknight,unholy,6,3,3
Darkrolexx,blackhand,288,deathknight,unholy,6,3,3
Vip,argent-dawn,288,deathknight,unholy,6,3,3
Nmedk,grim-batol,288,deathknight,unholy,15,4,11
Juicyjayho,stormscale,288,deathknight,unholy,12,3,9
Ashgôrath,defias-brotherhood,288,deathknight,unholy,12,3,9
Plaguebones,ravencrest,288,deathknight,unholy,12,3,9
Dagë,twisting-nether,288,deathknight,unholy,12,3,9
Zixcommixx,hyjal,288,deathknight,unholy,12,3,9
Sulf,burning-legion,288,deathknight,unholy,12,3,9
Worldwiynd,ravencrest,288,deathknight,unholy,12,3,9
Whiskine,aggramar,288,deathknight,unholy,12,3,9
Эвессом,goldrinn,288,deathknight,unholy,12,3,9
Chains,sanguino,288,deathknight,unholy,12,3,9
Ecatholicus,silvermoon,288,deathknight,unholy,12,3,9
Lair,shendralar,288,deathknight,unholy,12,3,9
Морталес,azuregos,288,deathknight,unholy,12,3,9
Infamousmobb,archimonde,288,deathknight,unholy,12,3,9
Alakiah,khaz-modan,288,deathknight,unholy,12,3,9
Serelis,argent-dawn,288,deathknight,unholy,12,3,9
Deathclapp,twisting-nether,288,deathknight,unholy,12,3,9
Ipanicfart,argent-dawn,288,deathknight,unholy,12,3,9
Adlian,twisting-nether,288,deathknight,unholy,12,3,9
Cleverb,silvermoon,288,deathknight,unholy,12,3,9
Benetleilax,bronzebeard,288,deathknight,unholy,12,3,9
Jonyo,silvermoon,288,deathknight,unholy,12,3,9
Drraugrinn,tarren-mill,288,deathknight,unholy,12,3,9
Каскадёрка,howling-fjord,287,deathknight,unholy,12,3,9
Mámmôn,malygos,287,deathknight,unholy,13,3,10
Aguroh,khaz-modan,286,deathknight,unholy,12,3,9
Abyad,dalaran,285,deathknight,unholy,12,3,9
Hateem,sylvanas,255,deathknight,unholy,11,3,8
Miruvar,tarren-mill,240,deathknight,unholy,9,3,6
Difestia,silvermoon,239,deathknight,unholy,5,3,2
Charai,blackhand,234,deathknight,unholy,14,4,10
Nexium,outland,192,deathknight,unholy,4,3,1
Аэрит,howling-fjord,192,deathknight,unholy,6,2,4
Hoggster,kazzak,192,deathknight,unholy,6,2,4
Янатащи,gordunni,192,deathknight,unholy,6,2,4
Гнилец,soulflayer,192,deathknight,unholy,6,2,4
Fdkgotbuffed,tarren-mill,192,deathknight,unholy,6,2,4
Olriklol,dentarg,192,deathknight,unholy,6,2,4
Thryndiel,ravencrest,192,deathknight,unholy,6,2,4
Буризан,blackscar,192,deathknight,unholy,6,2,4
Имбазомбарь,howling-fjord,192,deathknight,unholy,6,2,4
Doubledead,the-maelstrom,192,deathknight,unholy,6,2,4
Mangalitsa,twisting-nether,192,deathknight,unholy,6,2,4
Горосов,gordunni,192,deathknight,unholy,6,2,4
Haeydez,draenor,192,deathknight,unholy,6,2,4
Feldøøm,nemesis,192,deathknight,unholy,6,2,4
Dilbil,tarren-mill,192,deathknight,unholy,6,2,4
Valkion,nemesis,192,deathknight,unholy,6,2,4
Goochtickler,kazzak,192,deathknight,unholy,6,2,4
Ластофас,gordunni,192,deathknight,unholy,6,2,4
Njor,twisting-nether,192,deathknight,unholy,6,2,4
Kacpèr,burning-legion,192,deathknight,unholy,6,2,4
Barnalord,dentarg,192,deathknight,unholy,6,2,4
Mustapha,kazzak,192,deathknight,unholy,6,2,4
Mizrael,burning-blade,192,deathknight,unholy,6,2,4
Hemopathy,tarren-mill,192,deathknight,unholy,6,2,4
Eigrin,argent-dawn,192,deathknight,unholy,6,2,4
Clipe,sanguino,192,deathknight,unholy,6,2,4
Rektsohard,ravencrest,192,deathknight,unholy,6,2,4
Angalor,argent-dawn,192,deathknight,unholy,6,2,4
Draghonis,argent-dawn,192,deathknight,unholy,6,2,4
Engelinä,ysondre,192,deathknight,unholy,6,2,4
Binknight,argent-dawn,192,deathknight,unholy,6,2,4
Iziqroi,archimonde,192,deathknight,unholy,6,2,4
Lithics,blades-edge,192,deathknight,unholy,6,2,4
Letudra,outland,192,deathknight,unholy,6,2,4
Elendren,blackrock,192,deathknight,unholy,6,2,4
Kaysto,blackrock,192,deathknight,unholy,6,2,4
Nihilistyx,blackrock,192,deathknight,unholy,6,2,4
Kachie,stormscale,192,deathknight,unholy,6,2,4
Norux,alonsus,192,deathknight,unholy,6,2,4
Unholyysteel,silvermoon,192,deathknight,unholy,6,2,4
Kromas,silvermoon,192,deathknight,unholy,6,2,4
Alameda,nathrezim,192,deathknight,unholy,6,2,4
Dk,earthen-ring,192,deathknight,unholy,6,2,4
Urukaye,silvermoon,192,deathknight,unholy,6,2,4
Hexenköníg,frostmourne,192,deathknight,unholy,6,2,4
Postura,kazzak,192,deathknight,unholy,6,2,4
Bårêlýgød,blackmoore,192,deathknight,unholy,6,2,4
Homelándér,blackmoore,192,deathknight,unholy,6,2,4
Kane,destromath,192,deathknight,unholy,7,2,5
ßambøøzle,draenor,192,deathknight,unholy,13,3,10
Vîrus,kazzak,192,deathknight,unholy,12,2,10
Azrail,alonsus,192,deathknight,unholy,12,2,10
Carnificis,nefarian,192,deathknight,unholy,12,2,10
Goldins,doomhammer,192,deathknight,unholy,12,2,10
Demonicaltar,dalaran,192,deathknight,unholy,12,2,10
Majkântês,drakthul,192,deathknight,unholy,12,2,10
Arthaslegend,magtheridon,192,deathknight,unholy,12,2,10
Гадиния,soulflayer,191,deathknight,unholy,4,3,1
Whitedead,destromath,191,deathknight,unholy,6,2,4
Àragørn,blackrock,191,deathknight,unholy,6,2,4
Narancha,haomarush,191,deathknight,unholy,6,2,4
Ândi,alleria,190,deathknight,unholy,12,2,10
Hokdk,voljin,159,deathknight,unholy,17,2,15
Dødsmanna,twisting-nether,144,deathknight,unholy,9,2,7
Jodure,silvermoon,138,deathknight,unholy,17,3,14
Sämäël,outland,137,deathknight,unholy,8,3,5
Auto,hyjal,128,deathknight,unholy,4,2,2
Inmau,sanguino,96,deathknight,unholy,3,2,1
Cowsoup,stormscale,96,deathknight,unholy,6,1,5
Úñçháíñéd,kazzak,96,deathknight,unholy,6,1,5
Eívór,garrosh,96,deathknight,unholy,6,1,5
Abusedk,archimonde,96,deathknight,unholy,6,1,5
Verssatus,archimonde,96,deathknight,unholy,6,1,5
Rouskkoff,hyjal,96,deathknight,unholy,6,1,5
Drfatnuts,kazzak,96,deathknight,unholy,6,1,5
Wavemaker,kazzak,96,deathknight,unholy,6,1,5
Brotén,grim-batol,96,deathknight,unholy,6,1,5
Deathdayben,kazzak,96,deathknight,unholy,6,1,5
Routasydän,outland,96,deathknight,unholy,6,1,5
Rongos,norgannon,96,deathknight,unholy,6,1,5
Madsgrip,tarren-mill,96,deathknight,unholy,6,1,5
Dextèr,stormreaver,96,deathknight,unholy,6,1,5
Bytedk,aggra-português,96,deathknight,unholy,6,1,5
Zagoôo,outland,96,deathknight,unholy,6,1,5
Beliall,draenor,96,deathknight,unholy,6,1,5
Orrengo,blackrock,96,deathknight,unholy,6,1,5
Коилкоилкоил,blackscar,96,deathknight,unholy,6,1,5
Axemastery,draenor,96,deathknight,unholy,6,1,5
Dumbclass,wildhammer,96,deathknight,unholy,6,1,5
Кернесса,blackscar,96,deathknight,unholy,6,1,5
Yagashi,stormscale,96,deathknight,unholy,6,1,5
Antexdk,drakthul,96,deathknight,unholy,6,1,5
Диманекротик,blackscar,96,deathknight,unholy,6,1,5
Veleran,blackrock,96,deathknight,unholy,6,1,5
Lieven,tarren-mill,96,deathknight,unholy,6,1,5
Муунрок,howling-fjord,96,deathknight,unholy,6,1,5
Имерсий,gordunni,96,deathknight,unholy,6,1,5
Джеттар,howling-fjord,96,deathknight,unholy,6,1,5
Gdubet,kazzak,96,deathknight,unholy,6,1,5
Grimgôr,kazzak,96,deathknight,unholy,6,1,5
Skrati,das-syndikat,96,deathknight,unholy,6,1,5
Shadowevil,silvermoon,96,deathknight,unholy,6,1,5
Инфлюминс,soulflayer,96,deathknight,unholy,6,1,5
Cameltôe,frostwolf,96,deathknight,unholy,6,1,5
Unholygunnds,ravencrest,96,deathknight,unholy,6,1,5
Sìrmooalot,twisting-nether,96,deathknight,unholy,6,1,5
Erezar,burning-legion,96,deathknight,unholy,6,1,5
Искрос,gordunni,96,deathknight,unholy,6,1,5
Ôcb,marécage-de-zangar,96,deathknight,unholy,6,1,5
Дкмонт,deathguard,96,deathknight,unholy,6,1,5
Madseason,burning-legion,96,deathknight,unholy,6,1,5
Гачимучий,soulflayer,96,deathknight,unholy,6,1,5
Depleterus,blackrock,96,deathknight,unholy,12,1,11
Thyrandre,khaz-modan,96,deathknight,unholy,12,1,11
Peiie,ravencrest,96,deathknight,unholy,12,1,11
Fenixflexin,ravencrest,96,deathknight,unholy,12,1,11
Buzknight,twisting-nether,96,deathknight,unholy,12,1,11
Brasith,outland,96,deathknight,unholy,12,1,11
Gosting,kirin-tor,96,deathknight,unholy,12,1,11
Plaguecloud,kazzak,96,deathknight,unholy,12,1,11
Bestiaccia,nemesis,95,deathknight,unholy,6,1,5
Necromedes,kazzak,64,deathknight,unholy,4,1,3
Cremefresh,ragnaros,48,deathknight,unholy,3,1,2
Errøar,aegwynn,31,deathknight,unholy,2,1,1
Шарабум,howling-fjord,16,deathknight,unholy,7,1,6
Никнейм,gordunni,2123,deathknight,frost,102,55,47
Fdkgotbuffed,tarren-mill,2071,deathknight,frost,78,39,39
Nellion,kazzak,2060,deathknight,frost,84,38,46
Garrinchá,stormscale,2040,deathknight,frost,60,36,24
Имерсий,gordunni,2033,deathknight,frost,54,33,21
Anotherdkx,ravencrest,2002,deathknight,frost,66,39,27
Igetmount,draenor,1993,deathknight,frost,48,27,21
Murbastic,draenor,1981,deathknight,frost,251,127,124
Viuff,kazzak,1894,deathknight,frost,42,23,19
Jeanice,blackhand,1833,deathknight,frost,42,23,19
Малтель,howling-fjord,1828,deathknight,frost,54,28,26
Эриданс,gordunni,1806,deathknight,frost,48,32,16
Картафилиус,soulflayer,1804,deathknight,frost,66,28,38
Дарргг,ashenvale,1750,deathknight,frost,144,72,72
Ayro,aegwynn,1732,deathknight,frost,66,34,32
Duriel,stormscale,1712,deathknight,frost,114,62,52
Mikagoddess,argent-dawn,1708,deathknight,frost,95,49,46
Arrèsted,aegwynn,1696,deathknight,frost,45,20,25
Diogenisis,arthas,1671,deathknight,frost,54,23,31
Винкис,gordunni,1669,deathknight,frost,78,46,32
Zektal,thrall,1652,deathknight,frost,48,19,29
Moreau,eredar,1640,deathknight,frost,40,20,20
Rêxaks,dun-modr,1630,deathknight,frost,42,19,23
Ниффер,deathguard,1627,deathknight,frost,34,18,16
Geunieve,ysondre,1621,deathknight,frost,60,23,37
Espatula,ravencrest,1619,deathknight,frost,48,23,25
Frace,tyrande,1619,deathknight,frost,84,38,46
Cyliandra,silvermoon,1615,deathknight,frost,48,27,21
Banishabomb,ragnaros,1615,deathknight,frost,78,39,39
Vidofnir,argent-dawn,1611,deathknight,frost,56,31,25
Raylenx,uldaman,1609,deathknight,frost,75,39,36
Arxelas,stormscale,1607,deathknight,frost,68,42,26
Xolaani,outland,1596,deathknight,frost,36,20,16
Deucàlyqt,nemesis,1589,deathknight,frost,64,28,36
Selena,blackmoore,1587,deathknight,frost,30,17,13
Arxelas,sylvanas,1580,deathknight,frost,166,86,80
Клиссанг,razuvious,1572,deathknight,frost,30,19,11
Kailara,draenor,1551,deathknight,frost,72,38,34
Hatriox,outland,1543,deathknight,frost,141,77,64
Fallenjaina,kazzak,1541,deathknight,frost,191,96,95
Deucalyqt,nemesis,1538,deathknight,frost,66,31,35
Chakko,ravencrest,1534,deathknight,frost,42,18,24
Dripgrip,ravencrest,1529,deathknight,frost,77,36,41
Frostlux,archimonde,1524,deathknight,frost,539,257,282
Diatriss,argent-dawn,1518,deathknight,frost,85,49,36
Маклайкнайт,gordunni,1508,deathknight,frost,152,76,76
Brawlerbabe,stormscale,1502,deathknight,frost,126,56,70
Leónid,kazzak,1486,deathknight,frost,33,17,16
Obliterate,frostmourne,1469,deathknight,frost,52,28,24
Катаринья,howling-fjord,1461,deathknight,frost,69,33,36
Геннош,howling-fjord,1460,deathknight,frost,48,23,25
Gorobijec,drakthul,1460,deathknight,frost,173,78,95
Wildsword,sylvanas,1429,deathknight,frost,39,21,18
Dktroll,blackmoore,1428,deathknight,frost,151,67,84
Stevensdk,darkspear,1427,deathknight,frost,36,17,19
Кулькулегал,ashenvale,1424,deathknight,frost,24,15,9
Neitoperho,frostmane,1422,deathknight,frost,36,15,21
Асаала,soulflayer,1419,deathknight,frost,27,19,8
Furleyc,argent-dawn,1405,deathknight,frost,60,34,26
Arthaslegend,magtheridon,1403,deathknight,frost,66,27,39
Desolatiøn,ravencrest,1401,deathknight,frost,30,16,14
Angalor,argent-dawn,1399,deathknight,frost,44,18,26
Blácked,draenor,1397,deathknight,frost,36,18,18
Düksito,dun-modr,1392,deathknight,frost,63,32,31
Skorice,dalaran,1389,deathknight,frost,48,19,29
Флаттершайдк,booty-bay,1383,deathknight,frost,37,16,21
Фростмаран,soulflayer,1373,deathknight,frost,96,45,51
Mcrune,ravencrest,1364,deathknight,frost,44,22,22
Cdp,ragnaros,1361,deathknight,frost,30,20,10
Regniér,frostwolf,1358,deathknight,frost,176,79,97
Ðeucaly,nemesis,1357,deathknight,frost,66,30,36
Mocca,aegwynn,1357,deathknight,frost,52,21,31
Keronaterol,blackhand,1352,deathknight,frost,54,31,23
Reezeer,stormscale,1351,deathknight,frost,30,15,15
Ubiystvo,kazzak,1346,deathknight,frost,36,21,15
Deathknight,spinebreaker,1342,deathknight,frost,38,17,21
Frostymel,ravencrest,1337,deathknight,frost,42,15,27
Superere,hyjal,1326,deathknight,frost,150,80,70
Comehere,norgannon,1321,deathknight,frost,30,19,11
Kãra,ysondre,1320,deathknight,frost,61,31,30
Tofin,dunemaul,1320,deathknight,frost,38,18,20
Касуляпвнз,gordunni,1305,deathknight,frost,39,21,18
Sinabre,eitrigg,1302,deathknight,frost,30,14,16
Akril,tarren-mill,1301,deathknight,frost,36,14,22
Deucalygodx,nemesis,1301,deathknight,frost,60,22,38
Lylíth,archimonde,1298,deathknight,frost,48,21,27
Âlîce,culte-de-la-rive-noire,1297,deathknight,frost,54,26,28
Arthasuk,dun-modr,1285,deathknight,frost,117,63,54
Кроуфрост,gordunni,1285,deathknight,frost,60,29,31
Dzengiskhan,draenor,1285,deathknight,frost,66,27,39
Unchaindk,outland,1282,deathknight,frost,60,31,29
Jumbogrip,tarren-mill,1282,deathknight,frost,31,15,16
Barathéøn,les-sentinelles,1282,deathknight,frost,53,19,34
Spøøk,defias-brotherhood,1275,deathknight,frost,183,87,96
Abnormus,tarren-mill,1273,deathknight,frost,90,46,44
Ihatelife,frostwolf,1271,deathknight,frost,102,49,53
Døuffy,hyjal,1248,deathknight,frost,149,72,77
Sonnedeath,tarren-mill,1247,deathknight,frost,22,14,8
Elendren,blackrock,1247,deathknight,frost,24,13,11
Drkok,blackmoore,1240,deathknight,frost,24,13,11
Düks,dun-modr,1238,deathknight,frost,87,39,48
Morgouse,kazzak,1225,deathknight,frost,107,49,58
Satyriasis,twisting-nether,1224,deathknight,frost,28,16,12
Frostmommy,argent-dawn,1214,deathknight,frost,41,16,25
Moosbirne,blackhand,1213,deathknight,frost,36,15,21
Belía,blackmoore,1204,deathknight,frost,56,26,30
Môrgøth,nemesis,1204,deathknight,frost,36,14,22
Monkeydclaus,arathor,1202,deathknight,frost,60,31,29
Êbøla,sanguino,1202,deathknight,frost,66,28,38
Fixmybones,frostmane,1183,deathknight,frost,54,27,27
Krasny,hyjal,1179,deathknight,frost,78,42,36
Twardobaba,burning-legion,1176,deathknight,frost,56,25,31
Cayliadk,tarren-mill,1174,deathknight,frost,167,76,91
Zandruq,twisting-nether,1162,deathknight,frost,58,24,34
Iaccidens,stormscale,1154,deathknight,frost,46,16,30
Aceléss,drakthul,1150,deathknight,frost,18,12,6
Tenzøftw,archimonde,1148,deathknight,frost,24,12,12
Leyc,argent-dawn,1146,deathknight,frost,24,12,12
Nôsferatú,amanthul,1145,deathknight,frost,78,39,39
Darkchas,silvermoon,1144,deathknight,frost,24,12,12
Zerodude,silvermoon,1142,deathknight,frost,60,30,30
Azrador,frostwolf,1140,deathknight,frost,54,21,33
Sipsip,tarren-mill,1139,deathknight,frost,24,12,12
Thenrys,culte-de-la-rive-noire,1139,deathknight,frost,80,32,48
Akantras,blackmoore,1136,deathknight,frost,47,23,24
Polimeh,draenor,1132,deathknight,frost,66,38,28
Zuggandk,tarren-mill,1132,deathknight,frost,24,13,11
Mattesøs,drakthul,1130,deathknight,frost,36,13,23
Wardrickxdd,ravencrest,1128,deathknight,frost,24,12,12
Orcborg,zuljin,1125,deathknight,frost,24,12,12
Dkruffos,draenor,1114,deathknight,frost,60,24,36
Zioan,jaedenar,1109,deathknight,frost,56,31,25
Alastoras,nemesis,1108,deathknight,frost,37,19,18
Collinná,aegwynn,1104,deathknight,frost,36,13,23
Woddey,blackrock,1101,deathknight,frost,60,29,31
Gauloupin,lightnings-blade,1092,deathknight,frost,33,16,17
Порция,greymane,1085,deathknight,frost,48,30,18
Dämäger,proudmoore,1080,deathknight,frost,66,29,37
Regys,argent-dawn,1080,deathknight,frost,28,12,16
Вафельнаяфея,blackscar,1073,deathknight,frost,43,17,26
Khelthalas,teldrassil,1053,deathknight,frost,25,18,7
Unaxito,sanguino,1052,deathknight,frost,24,11,13
Scørn,thrall,1051,deathknight,frost,24,11,13
Bari,the-venture-co,1032,deathknight,frost,24,11,13
Ivik,the-maelstrom,1024,deathknight,frost,62,35,27
Krylow,draenor,1020,deathknight,frost,42,17,25
Quantumshift,ravencrest,1004,deathknight,frost,17,11,6
Папичдк,gordunni,1002,deathknight,frost,21,12,9
Sooran,blackhand,994,deathknight,frost,24,16,8
Dakyforfun,ravencrest,960,deathknight,frost,12,10,2
Flúrrý,kazzak,960,deathknight,frost,24,10,14
Leonis,arthas,959,deathknight,frost,18,10,8
Abadonn,archimonde,959,deathknight,frost,24,10,14
Kooklynn,aggra-português,955,deathknight,frost,18,10,8
Nifllheimr,outland,954,deathknight,frost,18,10,8
Wintersons,tarren-mill,954,deathknight,frost,18,10,8
Scorbion,kilrogg,947,deathknight,frost,33,16,17
Dursall,thrall,947,deathknight,frost,125,60,65
Assasínator,tarren-mill,932,deathknight,frost,43,23,20
Mauryr,drakthul,900,deathknight,frost,60,20,40
Нифер,deathguard,894,deathknight,frost,20,10,10
Карвалан,eversong,884,deathknight,frost,36,18,18
Kixx,bloodfeather,873,deathknight,frost,53,13,40
Fareast,nerathor,865,deathknight,frost,78,36,42
Mellion,ragnaros,864,deathknight,frost,12,9,3
Løz,kazzak,864,deathknight,frost,18,9,9
ßambøøzle,draenor,864,deathknight,frost,18,9,9
Wrathlich,tyrande,863,deathknight,frost,18,9,9
Murky,kazzak,863,deathknight,frost,18,9,9
Madseason,burning-legion,863,deathknight,frost,18,9,9
Asphyxias,alleria,863,deathknight,frost,18,9,9
Лордтемар,howling-fjord,863,deathknight,frost,24,9,15
Nymfo,tirion,862,deathknight,frost,12,9,3
Neorteriona,argent-dawn,860,deathknight,frost,18,9,9
Vîrus,kazzak,859,deathknight,frost,18,9,9
Clàymax,kazzak,857,deathknight,frost,24,9,15
Rogerwaterz,twisting-nether,855,deathknight,frost,12,9,3
Deadkilla,stormreaver,851,deathknight,frost,18,9,9
Dànté,eitrigg,848,deathknight,frost,18,10,8
Peachvajz,turalyon,845,deathknight,frost,87,43,44
Guillemet,turalyon,830,deathknight,frost,16,10,6
Elbaqwan,the-shatar,827,deathknight,frost,30,13,17
Craftmaker,eonar,816,deathknight,frost,44,19,25
Afadk,kazzak,786,deathknight,frost,66,25,41
Tenzøjr,archimonde,768,deathknight,frost,12,8,4
Селес,ashenvale,768,deathknight,frost,12,8,4
Salaahadin,darkspear,768,deathknight,frost,18,8,10
Dexterlul,blackmoore,768,deathknight,frost,18,8,10
Frege,tarren-mill,768,deathknight,frost,18,8,10
Eynoway,blackmoore,768,deathknight,frost,18,8,10
Khagra,ravencrest,767,deathknight,frost,18,8,10
Jollíe,tarren-mill,767,deathknight,frost,24,8,16
Zaouros,silvermoon,767,deathknight,frost,30,8,22
Leahthebad,sylvanas,766,deathknight,frost,18,8,10
Zombíe,laughing-skull,765,deathknight,frost,12,8,4
Дрогдош,howling-fjord,765,deathknight,frost,24,8,16
Арнорос,lich-king,764,deathknight,frost,12,8,4
Gageth,shadowsong,763,deathknight,frost,33,9,24
Fullbusterr,hyjal,761,deathknight,frost,12,8,4
Posinkautta,silvermoon,757,deathknight,frost,12,8,4
Zerdon,frostmane,756,deathknight,frost,13,8,5
Lichfils,chogall,745,deathknight,frost,27,8,19
Prokszii,turalyon,733,deathknight,frost,20,9,11
Odaijini,archimonde,719,deathknight,frost,17,8,9
Veneera,emeriss,672,deathknight,frost,12,7,5
Gorefiend,kazzak,672,deathknight,frost,12,7,5
Mâxî,hyjal,672,deathknight,frost,12,7,5
Kerastrell,doomhammer,672,deathknight,frost,18,7,11
Primø,malganis,671,deathknight,frost,16,8,8
Halohuntress,outland,671,deathknight,frost,18,7,11
Vampire,ahnqiraj,671,deathknight,frost,18,7,11
Holîx,kazzak,671,deathknight,frost,30,7,23
Blurek,lordaeron,670,deathknight,frost,12,7,5
Merdraut,alakir,670,deathknight,frost,12,7,5
Uthn,outland,670,deathknight,frost,24,7,17
Меланндрис,gordunni,669,deathknight,frost,15,8,7
Annecanos,ravencrest,668,deathknight,frost,12,7,5
Gravehammer,sylvanas,663,deathknight,frost,12,7,5
Menacê,ravencrest,662,deathknight,frost,18,7,11
Aczheron,argent-dawn,660,deathknight,frost,24,7,17
Antîlâ,antonidas,658,deathknight,frost,12,7,5
Dreadnight,sanguino,639,deathknight,frost,14,8,6
Планус,booty-bay,576,deathknight,frost,12,6,6
Volestral,emeriss,576,deathknight,frost,12,6,6
Doping,eredar,576,deathknight,frost,12,6,6
Rubbann,ravencrest,576,deathknight,frost,12,6,6
Narali,argent-dawn,576,deathknight,frost,12,6,6
Sødax,sanguino,576,deathknight,frost,12,6,6
Orangatang,dalaran,576,deathknight,frost,12,6,6
Pandahapci,ragnaros,576,deathknight,frost,12,6,6
Xeliora,ragnaros,576,deathknight,frost,15,7,8
Rompå,ravencrest,576,deathknight,frost,18,6,12
Oj,darkspear,576,deathknight,frost,18,6,12
Qus,twisting-nether,576,deathknight,frost,18,6,12
Worlviuz,argent-dawn,576,deathknight,frost,18,6,12
Parayysite,eredar,576,deathknight,frost,18,6,12
Deathmike,steamwheedle-cartel,576,deathknight,frost,18,6,12
Gotendk,draenor,575,deathknight,frost,12,6,6
Fatbutdead,malganis,575,deathknight,frost,12,6,6
Wlcrealworld,ravencrest,575,deathknight,frost,18,6,12
Tugarinzmey,tarren-mill,575,deathknight,frost,18,6,12
Ahnuk,aggra-português,574,deathknight,frost,12,6,6
Deathcardos,die-aldor,573,deathknight,frost,18,6,12
Фламмивир,gordunni,572,deathknight,frost,12,6,6
Izanagii,exodar,572,deathknight,frost,12,6,6
Ziuziu,twisting-nether,542,deathknight,frost,16,6,10
Tyranuse,kazzak,527,deathknight,frost,17,6,11
Фэйлстрайк,azuregos,510,deathknight,frost,14,6,8
Exodiuss,dalaran,510,deathknight,frost,16,6,10
Deckbulle,blackhand,480,deathknight,frost,6,5,1
Thebangman,ravencrest,480,deathknight,frost,9,6,3
Ларкусдк,howling-fjord,480,deathknight,frost,12,5,7
Feelmyfuri,mazrigos,480,deathknight,frost,12,5,7
Nommad,archimonde,480,deathknight,frost,12,5,7
Hemopathy,tarren-mill,480,deathknight,frost,12,5,7
Khnïshou,silvermoon,480,deathknight,frost,12,5,7
Runepride,argent-dawn,480,deathknight,frost,12,5,7
Руин,blackscar,480,deathknight,frost,12,5,7
Дэвайна,gordunni,480,deathknight,frost,12,5,7
Gringly,tarren-mill,480,deathknight,frost,12,5,7
Justaniceguy,silvermoon,480,deathknight,frost,12,5,7
Ûñhølýðéåthj,tarren-mill,480,deathknight,frost,12,5,7
Ñogg,kazzak,480,deathknight,frost,12,5,7
Goochtickler,kazzak,480,deathknight,frost,12,5,7
Pestilerous,draenor,480,deathknight,frost,18,5,13
Nathriel,stormscale,479,deathknight,frost,12,5,7
Hellcrosser,blackrock,479,deathknight,frost,12,5,7
Sindó,blackrock,479,deathknight,frost,12,5,7
Talge,sylvanas,479,deathknight,frost,12,5,7
Ostridz,grim-batol,479,deathknight,frost,12,5,7
Xtream,blackmoore,479,deathknight,frost,12,5,7
Jowân,blackmoore,479,deathknight,frost,12,5,7
Смердонос,grom,479,deathknight,frost,12,5,7
Deadpòól,twisting-nether,479,deathknight,frost,18,5,13
Bigspider,aggramar,479,deathknight,frost,24,5,19
Grumpykathi,blackmoore,478,deathknight,frost,12,5,7
Copium,hyjal,477,deathknight,frost,12,5,7
Fishtruction,tarren-mill,476,deathknight,frost,12,5,7
Kejpo,drakthul,473,deathknight,frost,12,5,7
Predatormkdd,ravencrest,429,deathknight,frost,11,5,6
Oldiseas,grim-batol,384,deathknight,frost,6,4,2
Dunkàn,silvermoon,384,deathknight,frost,6,4,2
Gozuryu,kazzak,384,deathknight,frost,6,4,2
Lemmegetuuh,chogall,384,deathknight,frost,6,4,2
Enzy,drakthul,384,deathknight,frost,6,4,2
Wuurzaag,twisting-nether,384,deathknight,frost,6,4,2
Karthor,teldrassil,384,deathknight,frost,6,4,2
Indrette,archimonde,384,deathknight,frost,6,4,2
Re,stormrage,384,deathknight,frost,6,4,2
Reann,argent-dawn,384,deathknight,frost,6,4,2
Namzera,draenor,384,deathknight,frost,6,4,2
Letumnex,tarren-mill,384,deathknight,frost,6,4,2
Smardacus,silvermoon,384,deathknight,frost,6,4,2
Вирко,eversong,384,deathknight,frost,9,5,4
Pawnzqtie,stormscale,384,deathknight,frost,12,4,8
Anasûrimbor,tarren-mill,384,deathknight,frost,12,4,8
Æew,kazzak,384,deathknight,frost,12,4,8
Doodcraft,tarren-mill,384,deathknight,frost,12,4,8
Xenake,kazzak,384,deathknight,frost,12,4,8
Maxmo,twilights-hammer,384,deathknight,frost,12,4,8
Buldog,laughing-skull,384,deathknight,frost,12,4,8
Apraxia,ravencrest,384,deathknight,frost,12,4,8
Джайвана,soulflayer,384,deathknight,frost,12,4,8
Raihor,outland,384,deathknight,frost,14,4,10
Кокосоус,gordunni,384,deathknight,frost,17,4,13
Beherith,sunstrider,383,deathknight,frost,6,4,2
Tÿnak,der-mithrilorden,383,deathknight,frost,9,4,5
Гадиния,soulflayer,383,deathknight,frost,12,4,8
Eckodk,aggra-português,383,deathknight,frost,12,4,8
Бранс,gordunni,383,deathknight,frost,12,4,8
Kivo,marécage-de-zangar,383,deathknight,frost,12,4,8
Arond,arygos,383,deathknight,frost,12,4,8
Archa,shendralar,383,deathknight,frost,12,4,8
Breeze,xavius,383,deathknight,frost,12,4,8
Belâam,archimonde,383,deathknight,frost,24,4,20
Dødsgud,khaz-modan,382,deathknight,frost,12,4,8
Дневнои,howling-fjord,382,deathknight,frost,12,4,8
Vicoperian,stormscale,382,deathknight,frost,12,4,8
Poaka,outland,380,deathknight,frost,12,4,8
Iikarus,eredar,376,deathknight,frost,18,4,14
Nîghtmáre,ravencrest,351,deathknight,frost,11,4,7
Душанерзула,howling-fjord,330,deathknight,frost,18,6,12
Petardodupy,burning-legion,288,deathknight,frost,6,3,3
Трибунальщик,gordunni,288,deathknight,frost,6,3,3
Moko,defias-brotherhood,288,deathknight,frost,6,3,3
Vexxed,magtheridon,288,deathknight,frost,6,3,3
Maryø,drakthul,288,deathknight,frost,6,3,3
Necrozy,aggra-português,288,deathknight,frost,6,3,3
Madsgrip,tarren-mill,288,deathknight,frost,6,3,3
Merdenhall,argent-dawn,288,deathknight,frost,6,3,3
Kèén,kazzak,288,deathknight,frost,6,3,3
Soulrender,kirin-tor,288,deathknight,frost,6,3,3
Шэйп,fordragon,288,deathknight,frost,6,3,3
Hellcrusher,kazzak,288,deathknight,frost,6,3,3
Loorda,kazzak,288,deathknight,frost,6,3,3
Микелон,gordunni,288,deathknight,frost,6,3,3
Emielf,silvermoon,288,deathknight,frost,6,3,3
Jjayker,kazzak,288,deathknight,frost,6,3,3
Persefal,nemesis,288,deathknight,frost,6,3,3
Nazgül,drakthul,288,deathknight,frost,6,3,3
Cyphîllyth,auchindoun,288,deathknight,frost,6,3,3
Джеттар,howling-fjord,288,deathknight,frost,6,3,3
Modelo,twisting-nether,288,deathknight,frost,6,3,3
Keridíin,twisting-nether,288,deathknight,frost,6,3,3
Nasxsy,blackmoore,288,deathknight,frost,6,3,3
Vaanor,draenor,288,deathknight,frost,6,3,3
Ogomegee,ravencrest,288,deathknight,frost,6,3,3
Dextroyersx,sanguino,288,deathknight,frost,6,3,3
Whippy,ravencrest,288,deathknight,frost,6,3,3
Cptneverdie,stormscale,288,deathknight,frost,6,3,3
Гурий,ashenvale,288,deathknight,frost,6,3,3
Xanthic,ravencrest,288,deathknight,frost,6,3,3
Flúrry,ravencrest,288,deathknight,frost,6,3,3
Nexxel,blackhand,288,deathknight,frost,11,3,8
Powerlifting,los-errantes,288,deathknight,frost,12,3,9
Zoree,draenor,288,deathknight,frost,12,3,9
Discochoppa,blackmoore,288,deathknight,frost,12,3,9
Chifuyu,azjolnerub,288,deathknight,frost,12,3,9
Thilior,silvermoon,288,deathknight,frost,12,3,9
Râke,teldrassil,288,deathknight,frost,12,3,9
Prekliatylad,burning-blade,288,deathknight,frost,12,3,9
Тенелла,gordunni,288,deathknight,frost,12,3,9
Obstwald,blackrock,288,deathknight,frost,12,3,9
Milchimhaus,dun-morogh,288,deathknight,frost,12,3,9
Thedk,voljin,288,deathknight,frost,12,3,9
Dekagramcz,drakthul,287,deathknight,frost,6,3,3
Balekouille,eldrethalas,287,deathknight,frost,6,3,3
Sawishere,sanguino,287,deathknight,frost,12,3,9
Whitedead,destromath,286,deathknight,frost,6,3,3
Tiunping,silvermoon,286,deathknight,frost,12,3,9
Housemeyster,antonidas,286,deathknight,frost,12,3,9
Venthyrgwa,kazzak,284,deathknight,frost,7,5,2
Rubyblood,aggra-português,271,deathknight,frost,11,3,8
Dimania,the-maelstrom,192,deathknight,frost,4,3,1
Pandahapcii,ragnaros,192,deathknight,frost,6,2,4
Hordak,stormscale,192,deathknight,frost,6,2,4
Rektsohard,ravencrest,192,deathknight,frost,6,2,4
Nergål,sanguino,192,deathknight,frost,6,2,4
Ilaenu,ravencrest,192,deathknight,frost,6,2,4
Archdemonio,wildhammer,192,deathknight,frost,6,2,4
Darkarthás,aegwynn,192,deathknight,frost,6,2,4
Ratge,hyjal,192,deathknight,frost,6,2,4
Necrossis,stormscale,192,deathknight,frost,6,2,4
Darksoulk,frostmane,192,deathknight,frost,6,2,4
Ikarack,twisting-nether,192,deathknight,frost,6,2,4
Royalcrown,stormscale,192,deathknight,frost,6,2,4
Nèrfx,ragnaros,192,deathknight,frost,6,2,4
Tyró,ravencrest,192,deathknight,frost,6,2,4
Аирфрост,howling-fjord,192,deathknight,frost,6,2,4
Ilovegouàng,khaz-modan,192,deathknight,frost,6,2,4
Сивкабурка,fordragon,192,deathknight,frost,6,2,4
Vaffe,tarren-mill,192,deathknight,frost,6,2,4
Abomination,emeriss,192,deathknight,frost,6,2,4
Unholz,kazzak,192,deathknight,frost,6,2,4
Ullefuz,silvermoon,192,deathknight,frost,6,2,4
Эвессом,goldrinn,192,deathknight,frost,6,2,4
Inaëlys,medivh,192,deathknight,frost,6,2,4
Doozz,draenor,192,deathknight,frost,6,2,4
Kane,destromath,192,deathknight,frost,6,2,4
Doubledead,the-maelstrom,192,deathknight,frost,6,2,4
Notstacy,dragonblight,192,deathknight,frost,6,2,4
Mennal,the-maelstrom,192,deathknight,frost,6,2,4
Bedstemoor,ravencrest,192,deathknight,frost,6,2,4
Dreadmind,blackrock,192,deathknight,frost,6,2,4
Køley,draenor,192,deathknight,frost,6,2,4
Toffy,anetheron,192,deathknight,frost,6,2,4
Babsyknight,wildhammer,192,deathknight,frost,6,2,4
Seasonfive,arathor,192,deathknight,frost,6,2,4
Импостик,blackscar,192,deathknight,frost,6,2,4
Nelahh,the-maelstrom,192,deathknight,frost,12,2,10
Adreak,defias-brotherhood,192,deathknight,frost,12,2,10
Eisentorte,nerathor,192,deathknight,frost,12,2,10
Бахлыщ,soulflayer,192,deathknight,frost,12,2,10
Lillekas,outland,192,deathknight,frost,12,2,10
Deadlygnome,silvermoon,192,deathknight,frost,12,2,10
Narrua,die-aldor,192,deathknight,frost,12,2,10
Tüsa,exodar,192,deathknight,frost,18,2,16
Ренкус,grom,191,deathknight,frost,6,2,4
Lithirion,ysondre,191,deathknight,frost,6,2,4
Aegwynnêr,blackmoore,191,deathknight,frost,6,2,4
Arthursq,stormscale,190,deathknight,frost,12,2,10
Endlesspain,burning-legion,138,deathknight,frost,8,3,5
Tzunâ,blackmoore,138,deathknight,frost,21,3,18
Ezlar,silvermoon,96,deathknight,frost,6,1,5
Pavkata,outland,96,deathknight,frost,6,1,5
Rudysek,dunemaul,96,deathknight,frost,6,1,5
Dïkcite,archimonde,96,deathknight,frost,6,1,5
Hydross,archimonde,96,deathknight,frost,6,1,5
Gotbaked,outland,96,deathknight,frost,6,1,5
Urukaye,silvermoon,96,deathknight,frost,6,1,5
Umadßroh,sanguino,96,deathknight,frost,6,1,5
Slimez,magtheridon,96,deathknight,frost,6,1,5
Sokkara,silvermoon,96,deathknight,frost,6,1,5
Veçh,turalyon,96,deathknight,frost,6,1,5
Gigadk,ragnaros,96,deathknight,frost,6,1,5
Thyrandre,khaz-modan,96,deathknight,frost,6,1,5
Cleverb,silvermoon,96,deathknight,frost,6,1,5
Brurf,ysondre,96,deathknight,frost,6,1,5
Jenkk,drakthul,96,deathknight,frost,6,1,5
Thryndiel,ravencrest,96,deathknight,frost,6,1,5
Thínkk,ysondre,96,deathknight,frost,6,1,5
Kaeyz,blackmoore,96,deathknight,frost,6,1,5
Ischozâr,blackmoore,96,deathknight,frost,6,1,5
Reyu,ambossar,96,deathknight,frost,6,1,5
Feddk,stormscale,96,deathknight,frost,6,1,5
Armanelo,stormscale,96,deathknight,frost,6,1,5
Буризан,blackscar,96,deathknight,frost,6,1,5
Syncros,blackrock,96,deathknight,frost,6,1,5
Burebistà,eonar,96,deathknight,frost,12,1,11
Nirna,argent-dawn,96,deathknight,frost,18,1,17
Assølid,arathor,42,deathknight,frost,11,2,9
Elswavé,kazzak,2342,demonhunter,havoc,132,80,52
Íllìðåñgøðx,twisting-nether,2289,demonhunter,havoc,130,68,62
Itsdampbaby,kazzak,2211,demonhunter,havoc,115,62,53
Guësswho,twisting-nether,2201,demonhunter,havoc,105,54,51
Norgan,die-aldor,2187,demonhunter,havoc,94,53,41
Norgàn,die-aldor,2178,demonhunter,havoc,81,44,37
Ðesz,sanguino,2153,demonhunter,havoc,95,52,43
Glìmpsêgøðx,twisting-nether,2148,demonhunter,havoc,101,51,50
Wibez,twisting-nether,2131,demonhunter,havoc,120,74,46
Zslebaans,dun-modr,2129,demonhunter,havoc,242,121,121
Enysia,twisting-nether,2127,demonhunter,havoc,122,62,60
Badtime,malganis,2126,demonhunter,havoc,218,117,101
Zuklio,ysondre,2125,demonhunter,havoc,146,74,72
Heatx,ysondre,2124,demonhunter,havoc,144,83,61
Melan,sanguino,2116,demonhunter,havoc,108,54,54
Évø,silvermoon,2114,demonhunter,havoc,107,54,53
Лфгхиро,soulflayer,2101,demonhunter,havoc,65,37,28
Razzagall,elune,2101,demonhunter,havoc,54,30,24
Boostbydh,archimonde,2101,demonhunter,havoc,219,115,104
Battlebruh,ghostlands,2032,demonhunter,havoc,83,39,44
Bxdh,outland,2031,demonhunter,havoc,87,44,43
Demonalpha,stormscale,2018,demonhunter,havoc,61,34,27
Satånist,outland,2016,demonhunter,havoc,208,114,94
Betterevoker,outland,2000,demonhunter,havoc,162,89,73
Hellwynne,archimonde,1999,demonhunter,havoc,92,53,39
Illíllìllî,twisting-nether,1998,demonhunter,havoc,60,33,27
Smydi,blackmoore,1991,demonhunter,havoc,112,82,30
Майотх,gordunni,1991,demonhunter,havoc,151,81,70
Læsy,antonidas,1990,demonhunter,havoc,151,77,74
Veon,ravencrest,1988,demonhunter,havoc,281,136,145
Paschli,tarren-mill,1985,demonhunter,havoc,204,106,98
Истребитель,blackscar,1977,demonhunter,havoc,276,154,122
Cuddlypeanut,argent-dawn,1977,demonhunter,havoc,183,88,95
Konydh,outland,1976,demonhunter,havoc,41,27,14
Scubaman,tarren-mill,1969,demonhunter,havoc,66,36,30
Anabbele,kazzak,1968,demonhunter,havoc,96,52,44
Gilletteabdi,argent-dawn,1966,demonhunter,havoc,115,58,57
Çøððøøððøøðð,blackmoore,1963,demonhunter,havoc,174,93,81
Ohseri,defias-brotherhood,1963,demonhunter,havoc,180,87,93
Мортрэд,gordunni,1950,demonhunter,havoc,66,39,27
Pipeandy,kazzak,1946,demonhunter,havoc,95,52,43
Nèvér,silvermoon,1941,demonhunter,havoc,126,63,63
Battlebruuh,ghostlands,1935,demonhunter,havoc,66,27,39
Iryut,onyxia,1932,demonhunter,havoc,84,45,39
Delanoss,blackmoore,1922,demonhunter,havoc,133,72,61
Майвэйх,soulflayer,1922,demonhunter,havoc,124,62,62
Brawndow,draenor,1921,demonhunter,havoc,123,63,60
Cydh,auchindoun,1917,demonhunter,havoc,90,45,45
Wibergdh,kazzak,1915,demonhunter,havoc,54,30,24
Damatche,outland,1910,demonhunter,havoc,136,68,68
Gíftig,ravencrest,1900,demonhunter,havoc,95,50,45
Avye,tichondrius,1892,demonhunter,havoc,66,34,32
Rvnx,archimonde,1890,demonhunter,havoc,281,154,127
Skywålker,stormscale,1882,demonhunter,havoc,81,41,40
Schrewneil,twisting-nether,1882,demonhunter,havoc,72,30,42
Ïîï,archimonde,1880,demonhunter,havoc,85,38,47
Nøbodyx,tarren-mill,1879,demonhunter,havoc,72,36,36
Walkmyshoes,twisting-nether,1877,demonhunter,havoc,102,51,51
Ææçëñ,ravencrest,1876,demonhunter,havoc,48,27,21
Boxssabanned,archimonde,1875,demonhunter,havoc,137,67,70
Elipireli,doomhammer,1874,demonhunter,havoc,54,27,27
Mazöku,ravencrest,1873,demonhunter,havoc,86,51,35
Lassudan,stormreaver,1873,demonhunter,havoc,53,28,25
Donkeydh,tarren-mill,1868,demonhunter,havoc,54,36,18
Tórstenstøck,ravencrest,1865,demonhunter,havoc,53,36,17
Oldforwow,outland,1865,demonhunter,havoc,174,91,83
Pulsefuzzy,burning-legion,1861,demonhunter,havoc,59,34,25
Jincksdh,kazzak,1861,demonhunter,havoc,61,29,32
Brolafsen,ravencrest,1859,demonhunter,havoc,66,32,34
Apfelbaum,die-aldor,1857,demonhunter,havoc,60,40,20
Carboen,tarren-mill,1856,demonhunter,havoc,96,52,44
Kebabidin,kazzak,1856,demonhunter,havoc,66,30,36
Itadora,antonidas,1854,demonhunter,havoc,77,40,37
Mädchen,blackhand,1854,demonhunter,havoc,48,23,25
Демонблэйдс,gordunni,1853,demonhunter,havoc,66,36,30
Dasein,tarren-mill,1852,demonhunter,havoc,54,29,25
Notlars,chamber-of-aspects,1847,demonhunter,havoc,65,37,28
Аркантт,soulflayer,1847,demonhunter,havoc,183,88,95
Flyingwhale,terokkar,1846,demonhunter,havoc,75,43,32
Хэллшок,eversong,1843,demonhunter,havoc,48,28,20
Клопобойка,gordunni,1842,demonhunter,havoc,69,37,32
Bloodwatcher,twisting-nether,1842,demonhunter,havoc,54,27,27
Neunelfturbo,ravencrest,1839,demonhunter,havoc,48,32,16
Çrymemøre,dun-modr,1839,demonhunter,havoc,120,63,57
Rxor,eredar,1838,demonhunter,havoc,120,66,54
Màuul,ravencrest,1838,demonhunter,havoc,201,99,102
Fotmdehatwo,blackrock,1837,demonhunter,havoc,61,32,29
Ilovelilith,zuljin,1837,demonhunter,havoc,129,67,62
Xarôth,eredar,1837,demonhunter,havoc,66,32,34
Illislan,darksorrow,1836,demonhunter,havoc,251,126,125
Minifranger,archimonde,1835,demonhunter,havoc,87,47,40
Ðoksy,archimonde,1835,demonhunter,havoc,60,31,29
Zkrdh,kazzak,1835,demonhunter,havoc,65,33,32
Нэйтиси,soulflayer,1834,demonhunter,havoc,68,36,32
Mittÿ,tarren-mill,1833,demonhunter,havoc,77,36,41
Evilidan,hyjal,1833,demonhunter,havoc,48,22,26
Dânÿ,elune,1831,demonhunter,havoc,66,35,31
Zeroques,frostmane,1831,demonhunter,havoc,66,33,33
Сасун,galakrond,1831,demonhunter,havoc,69,32,37
Supay,rexxar,1830,demonhunter,havoc,58,31,27
Sofun,stormscale,1830,demonhunter,havoc,186,89,97
Mür,nordrassil,1830,demonhunter,havoc,59,26,33
Charteryo,eredar,1829,demonhunter,havoc,60,35,25
Yamehd,stormreaver,1827,demonhunter,havoc,42,26,16
Eyecandy,scarshield-legion,1827,demonhunter,havoc,66,34,32
Anerana,malganis,1827,demonhunter,havoc,60,29,31
Sayph,hyjal,1826,demonhunter,havoc,54,30,24
Chxpo,twisting-nether,1826,demonhunter,havoc,89,47,42
Сибу,soulflayer,1825,demonhunter,havoc,48,21,27
Mürh,nordrassil,1824,demonhunter,havoc,54,25,29
Дантеллиан,gordunni,1823,demonhunter,havoc,135,77,58
Cuirnoir,ravencrest,1823,demonhunter,havoc,54,30,24
Malignantx,ragnaros,1823,demonhunter,havoc,56,31,25
Zireáel,stormscale,1822,demonhunter,havoc,56,33,23
Hopéless,aggra-português,1821,demonhunter,havoc,42,23,19
Khétí,tarren-mill,1821,demonhunter,havoc,101,53,48
Uldren,defias-brotherhood,1821,demonhunter,havoc,200,102,98
Элизар,howling-fjord,1821,demonhunter,havoc,120,61,59
Aiean,ravencrest,1820,demonhunter,havoc,198,94,104
Dadøw,dun-modr,1820,demonhunter,havoc,66,31,35
Onof,hyjal,1820,demonhunter,havoc,96,43,53
Empúsa,stormscale,1819,demonhunter,havoc,72,39,33
Razex,kazzak,1819,demonhunter,havoc,111,59,52
Stickidan,malganis,1819,demonhunter,havoc,72,36,36
Krm,dun-modr,1818,demonhunter,havoc,38,23,15
Amnésysx,ysondre,1818,demonhunter,havoc,72,35,37
Luwayne,blackmoore,1818,demonhunter,havoc,47,21,26
Dreamslash,tarren-mill,1817,demonhunter,havoc,52,29,23
Airelidari,tyrande,1817,demonhunter,havoc,149,76,73
Zhadrom,ragnaros,1817,demonhunter,havoc,72,31,41
Perna,ghostlands,1814,demonhunter,havoc,74,34,40
Unseenshadow,ragnaros,1813,demonhunter,havoc,60,25,35
Írony,draenor,1812,demonhunter,havoc,50,25,25
Yukiz,ravencrest,1812,demonhunter,havoc,48,24,24
Найтшифт,blackscar,1811,demonhunter,havoc,46,29,17
Elsynn,dalaran,1811,demonhunter,havoc,66,35,31
Vexanic,chamber-of-aspects,1811,demonhunter,havoc,93,49,44
Eyasluna,twisting-nether,1811,demonhunter,havoc,66,30,36
Djratatouill,kazzak,1810,demonhunter,havoc,42,27,15
Ted,frostwolf,1810,demonhunter,havoc,60,29,31
Хменчик,soulflayer,1809,demonhunter,havoc,97,47,50
Yúki,blackrock,1809,demonhunter,havoc,48,23,25
Mandariâ,blackmoore,1808,demonhunter,havoc,60,32,28
Jumpmeister,ragnaros,1806,demonhunter,havoc,42,25,17
Gøat,nemesis,1804,demonhunter,havoc,96,55,41
Jawohunt,rexxar,1803,demonhunter,havoc,108,49,59
Stràt,ysondre,1803,demonhunter,havoc,72,31,41
Дэн,blackscar,1802,demonhunter,havoc,48,28,20
Мэйзиквин,howling-fjord,1802,demonhunter,havoc,117,63,54
Batik,blackmoore,1802,demonhunter,havoc,136,69,67
Phesxdh,sylvanas,1801,demonhunter,havoc,122,77,45
Possomhd,kazzak,1801,demonhunter,havoc,144,83,61
Kindablind,aggramar,1801,demonhunter,havoc,95,46,49
Barbarinjo,silvermoon,1800,demonhunter,havoc,36,22,14
Jco,kazzak,1800,demonhunter,havoc,50,23,27
Миелион,gordunni,1800,demonhunter,havoc,65,29,36
Badtimes,malganis,1799,demonhunter,havoc,243,120,123
Fiveyearques,sylvanas,1799,demonhunter,havoc,108,50,58
Grimjow,arthas,1798,demonhunter,havoc,67,31,36
Icekissl,hyjal,1797,demonhunter,havoc,40,20,20
Mongoose,drakthul,1796,demonhunter,havoc,154,78,76
Камуи,gordunni,1796,demonhunter,havoc,90,45,45
Finwe,outland,1795,demonhunter,havoc,51,31,20
Bojestvena,twisting-nether,1793,demonhunter,havoc,156,76,80
Yarrøck,silvermoon,1792,demonhunter,havoc,50,27,23
Лизарин,gordunni,1792,demonhunter,havoc,71,34,37
Hunee,kazzak,1790,demonhunter,havoc,69,43,26
Funkiller,stormscale,1790,demonhunter,havoc,64,34,30
Demonmancer,ravencrest,1788,demonhunter,havoc,210,115,95
Tyssra,argent-dawn,1788,demonhunter,havoc,264,123,141
Kardyö,archimonde,1788,demonhunter,havoc,77,34,43
Zedxx,kazzak,1787,demonhunter,havoc,105,54,51
Kostiq,kazzak,1787,demonhunter,havoc,59,30,29
Найтбладия,gordunni,1783,demonhunter,havoc,66,38,28
Ïfï,archimonde,1782,demonhunter,havoc,153,80,73
Spheria,outland,1780,demonhunter,havoc,123,63,60
Camtoe,ravencrest,1779,demonhunter,havoc,155,89,66
Скинр,soulflayer,1778,demonhunter,havoc,60,36,24
Врежимеэтти,soulflayer,1775,demonhunter,havoc,58,31,27
Cláw,ravencrest,1774,demonhunter,havoc,102,50,52
Felom,garona,1771,demonhunter,havoc,54,32,22
Demonmatheo,stormscale,1771,demonhunter,havoc,54,31,23
Автокикер,soulflayer,1771,demonhunter,havoc,54,31,23
Rïmðh,haomarush,1770,demonhunter,havoc,36,20,16
Daemonax,ragnaros,1767,demonhunter,havoc,60,29,31
Lagseven,ravencrest,1763,demonhunter,havoc,52,27,25
Ðemøñsåy,blackrock,1763,demonhunter,havoc,174,87,87
Lelaniae,blackhand,1759,demonhunter,havoc,48,20,28
Shtahuntna,tarren-mill,1757,demonhunter,havoc,192,113,79
Nørðìç,nordrassil,1756,demonhunter,havoc,36,21,15
Faufilé,garona,1755,demonhunter,havoc,139,71,68
Bokajr,ragnaros,1754,demonhunter,havoc,48,28,20
Shanaplow,hyjal,1754,demonhunter,havoc,72,33,39
Leýara,blackmoore,1753,demonhunter,havoc,38,23,15
Dhgoddess,kazzak,1752,demonhunter,havoc,42,21,21
Eurobeat,dun-modr,1751,demonhunter,havoc,120,67,53
Primolover,outland,1751,demonhunter,havoc,66,33,33
Badreal,sylvanas,1750,demonhunter,havoc,42,22,20
Calloww,kazzak,1750,demonhunter,havoc,37,19,18
Cheetòs,blackmoore,1747,demonhunter,havoc,45,28,17
Ehrin,lightbringer,1746,demonhunter,havoc,100,49,51
Xotourlife,stormscale,1744,demonhunter,havoc,36,22,14
Merelini,twisting-nether,1743,demonhunter,havoc,40,22,18
Dpsspec,draenor,1743,demonhunter,havoc,54,24,30
Billyhassan,kazzak,1742,demonhunter,havoc,48,31,17
Loucee,blackhand,1740,demonhunter,havoc,60,36,24
Mazeeken,kazzak,1739,demonhunter,havoc,51,25,26
Brunhity,twisting-nether,1739,demonhunter,havoc,47,21,26
Mojothejojo,ravencrest,1738,demonhunter,havoc,79,42,37
Zerinitý,outland,1737,demonhunter,havoc,54,29,25
Jeannedäsh,archimonde,1736,demonhunter,havoc,48,24,24
Susanoø,eredar,1735,demonhunter,havoc,207,113,94
Shadyblady,nemesis,1732,demonhunter,havoc,124,63,61
Xenits,kazzak,1731,demonhunter,havoc,63,32,31
Йактон,soulflayer,1731,demonhunter,havoc,42,20,22
Ewlyna,stormscale,1730,demonhunter,havoc,48,22,26
Donipwnz,blackrock,1729,demonhunter,havoc,89,38,51
Азместь,howling-fjord,1727,demonhunter,havoc,42,20,22
Trashcarlitô,eredar,1726,demonhunter,havoc,56,30,26
Alundil,ravencrest,1725,demonhunter,havoc,60,32,28
Kinstak,sanguino,1725,demonhunter,havoc,54,27,27
Balberith,twisting-nether,1724,demonhunter,havoc,87,47,40
Stazó,drakthul,1724,demonhunter,havoc,127,66,61
Rabæ,blackhand,1724,demonhunter,havoc,90,45,45
Immørtaldh,tarren-mill,1723,demonhunter,havoc,48,23,25
Kékw,stormscale,1722,demonhunter,havoc,105,67,38
Депрессивдед,gordunni,1722,demonhunter,havoc,42,23,19
Nagatobimaru,tarren-mill,1721,demonhunter,havoc,48,26,22
Simshady,stormscale,1720,demonhunter,havoc,54,34,20
Felpsita,kazzak,1719,demonhunter,havoc,54,27,27
Âspen,archimonde,1717,demonhunter,havoc,84,52,32
Periphere,eredar,1715,demonhunter,havoc,42,22,20
Barneeéy,tarren-mill,1713,demonhunter,havoc,83,43,40
Maevê,frostmourne,1712,demonhunter,havoc,37,19,18
Культсмерти,howling-fjord,1712,demonhunter,havoc,78,31,47
Kezumå,tarren-mill,1710,demonhunter,havoc,84,42,42
Mavorz,blackhand,1709,demonhunter,havoc,30,18,12
Indral,argent-dawn,1709,demonhunter,havoc,65,37,28
Alythes,stormscale,1708,demonhunter,havoc,109,59,50
Imslapping,draenor,1707,demonhunter,havoc,78,44,34
Smoothbraiin,ravencrest,1707,demonhunter,havoc,101,53,48
Depure,blackrock,1707,demonhunter,havoc,48,24,24
Wàýztøpgx,ravencrest,1707,demonhunter,havoc,47,19,28
Jolyh,nemesis,1704,demonhunter,havoc,53,34,19
Kïallz,hyjal,1704,demonhunter,havoc,307,161,146
Гвинович,blackscar,1704,demonhunter,havoc,60,28,32
Neralith,ravencrest,1703,demonhunter,havoc,119,62,57
Авилолз,gordunni,1702,demonhunter,havoc,48,25,23
Weez,kilrogg,1702,demonhunter,havoc,84,40,44
Enfy,twisting-nether,1701,demonhunter,havoc,71,35,36
Dantert,zuljin,1699,demonhunter,havoc,36,21,15
Киттигоплей,soulflayer,1699,demonhunter,havoc,90,46,44
Haldin,kazzak,1699,demonhunter,havoc,71,36,35
Belákor,twisting-nether,1698,demonhunter,havoc,187,95,92
Smâshêd,stormscale,1697,demonhunter,havoc,63,38,25
Fruchtzwerg,tarren-mill,1697,demonhunter,havoc,54,31,23
Tanjero,stormscale,1696,demonhunter,havoc,53,36,17
Nolitara,exodar,1696,demonhunter,havoc,80,44,36
Felski,outland,1696,demonhunter,havoc,55,26,29
Purpleturtle,blackrock,1695,demonhunter,havoc,48,25,23
Máédhros,ravencrest,1695,demonhunter,havoc,46,21,25
Alareey,antonidas,1694,demonhunter,havoc,117,59,58
Çôæ,twisting-nether,1694,demonhunter,havoc,135,66,69
Yousaindh,blackrock,1694,demonhunter,havoc,66,29,37
Malabala,grim-batol,1693,demonhunter,havoc,29,19,10
Márcin,burning-legion,1693,demonhunter,havoc,64,31,33
Yerla,burning-legion,1691,demonhunter,havoc,42,20,22
Ðisgraze,argent-dawn,1689,demonhunter,havoc,90,51,39
Lanadelbae,teldrassil,1689,demonhunter,havoc,103,54,49
Mâdzylîa,archimonde,1688,demonhunter,havoc,41,19,22
Dxæn,archimonde,1687,demonhunter,havoc,41,24,17
Deehâ,eredar,1686,demonhunter,havoc,48,25,23
Nerronaxd,silvermoon,1686,demonhunter,havoc,54,28,26
Demobob,tarren-mill,1686,demonhunter,havoc,48,23,25
Demonkata,twisting-nether,1684,demonhunter,havoc,80,46,34
Slutkitten,ravencrest,1684,demonhunter,havoc,48,21,27
Burchulica,sylvanas,1683,demonhunter,havoc,42,24,18
Soizis,drakthul,1682,demonhunter,havoc,42,23,19
Emurid,les-sentinelles,1682,demonhunter,havoc,54,26,28
Edh,dalaran,1681,demonhunter,havoc,89,45,44
Aethinos,sylvanas,1678,demonhunter,havoc,42,27,15
Demonichanta,azjolnerub,1678,demonhunter,havoc,184,95,89
Asmonsmash,twisting-nether,1678,demonhunter,havoc,56,27,29
Зарах,gordunni,1677,demonhunter,havoc,36,18,18
Ryänåir,ravencrest,1675,demonhunter,havoc,72,42,30
Hcsgötze,dalaran,1674,demonhunter,havoc,64,39,25
Шахдан,howling-fjord,1673,demonhunter,havoc,76,43,33
Twopumpchump,twisting-nether,1673,demonhunter,havoc,98,48,50
Demoncyka,twisting-nether,1673,demonhunter,havoc,60,22,38
Hialdoo,sylvanas,1672,demonhunter,havoc,66,29,37
Anzz,kazzak,1670,demonhunter,havoc,36,22,14
Chàk,marécage-de-zangar,1669,demonhunter,havoc,108,44,64
Bestboytoy,ravencrest,1666,demonhunter,havoc,41,22,19
Wojtall,silvermoon,1666,demonhunter,havoc,200,104,96
Shadowjambo,twisting-nether,1665,demonhunter,havoc,57,31,26
Valarauk,ravencrest,1664,demonhunter,havoc,163,97,66
Thingawoop,tarren-mill,1664,demonhunter,havoc,67,33,34
Ranked,drakthul,1664,demonhunter,havoc,129,55,74
Shaihulud,sanguino,1662,demonhunter,havoc,199,109,90
Nyalah,eredar,1662,demonhunter,havoc,48,24,24
Nepthýs,blackhand,1662,demonhunter,havoc,57,25,32
Nillrogthedh,stormscale,1661,demonhunter,havoc,132,81,51
Сосочков,soulflayer,1661,demonhunter,havoc,163,81,82
Nisirae,argent-dawn,1659,demonhunter,havoc,138,80,58
Уполномочен,howling-fjord,1658,demonhunter,havoc,42,23,19
Anayihh,dun-modr,1658,demonhunter,havoc,48,22,26
Nøvillain,blackrock,1657,demonhunter,havoc,102,59,43
Nyalaah,eredar,1657,demonhunter,havoc,42,23,19
Кейтпрнстарс,howling-fjord,1657,demonhunter,havoc,100,53,47
Ðêmønìnsìðê,blackmoore,1656,demonhunter,havoc,30,19,11
Èfiie,culte-de-la-rive-noire,1656,demonhunter,havoc,53,24,29
Sailen,blackmoore,1656,demonhunter,havoc,48,21,27
Wyna,aggra-português,1654,demonhunter,havoc,107,50,57
Anubias,ravencrest,1654,demonhunter,havoc,60,25,35
Tamtheone,silvermoon,1652,demonhunter,havoc,102,55,47
Broglaive,sylvanas,1652,demonhunter,havoc,42,21,21
Xalgalor,silvermoon,1650,demonhunter,havoc,48,29,19
Cptncucumber,blackmoore,1650,demonhunter,havoc,96,49,47
Ethína,kazzak,1649,demonhunter,havoc,48,23,25
Killia,lothar,1647,demonhunter,havoc,30,19,11
Shabalda,dun-morogh,1647,demonhunter,havoc,52,26,26
Gigasloth,outland,1646,demonhunter,havoc,30,23,7
Lhya,tarren-mill,1645,demonhunter,havoc,60,32,28
Aofaye,aegwynn,1645,demonhunter,havoc,77,29,48
Rylqt,blackmoore,1644,demonhunter,havoc,67,33,34
Benihimee,twisting-nether,1644,demonhunter,havoc,72,35,37
Kâsúxôxô,ravencrest,1643,demonhunter,havoc,34,19,15
Broilerx,balnazzar,1643,demonhunter,havoc,48,22,26
Azaleia,archimonde,1642,demonhunter,havoc,142,74,68
Felen,zuljin,1642,demonhunter,havoc,136,64,72
Razrsolo,tarren-mill,1640,demonhunter,havoc,53,30,23
Ðârksìðê,stormscale,1638,demonhunter,havoc,30,20,10
Bizl,arygos,1638,demonhunter,havoc,30,19,11
Boozlike,tarren-mill,1637,demonhunter,havoc,72,41,31
Zayláh,ravencrest,1637,demonhunter,havoc,93,46,47
Picpouc,archimonde,1637,demonhunter,havoc,54,24,30
Rezer,stormscale,1637,demonhunter,havoc,66,29,37
Destinado,aggra-português,1636,demonhunter,havoc,48,28,20
Netherim,twisting-nether,1636,demonhunter,havoc,104,44,60
Batx,ravencrest,1636,demonhunter,havoc,48,20,28
Øctågøñ,blackrock,1635,demonhunter,havoc,98,50,48
ßerdína,tarren-mill,1635,demonhunter,havoc,81,41,40
Xekaul,tarren-mill,1635,demonhunter,havoc,258,124,134
Riptos,blackhand,1635,demonhunter,havoc,46,22,24
Azraethx,ravencrest,1633,demonhunter,havoc,60,35,25
Djdeathsweep,blackrock,1633,demonhunter,havoc,36,19,17
Смутсайбот,howling-fjord,1633,demonhunter,havoc,48,22,26
Lasaka,stormscale,1631,demonhunter,havoc,78,49,29
Havocer,burning-legion,1631,demonhunter,havoc,72,40,32
Ryuwar,dun-modr,1630,demonhunter,havoc,60,34,26
Temac,magtheridon,1630,demonhunter,havoc,42,22,20
Velysaría,guldan,1630,demonhunter,havoc,97,50,47
Fullsënd,ragnaros,1630,demonhunter,havoc,146,71,75
Shadoss,ravencrest,1629,demonhunter,havoc,78,41,37
Molntuss,ravencrest,1629,demonhunter,havoc,80,36,44
Reckqt,eredar,1628,demonhunter,havoc,30,17,13
Mentalìst,blackmoore,1628,demonhunter,havoc,93,50,43
Юзлескласс,gordunni,1627,demonhunter,havoc,36,20,16
Felbannedguy,twisting-nether,1627,demonhunter,havoc,42,23,19
Tdh,sanguino,1627,demonhunter,havoc,36,19,17
Оригамушка,gordunni,1627,demonhunter,havoc,48,23,25
Speedførce,antonidas,1627,demonhunter,havoc,114,52,62
Крикадский,howling-fjord,1626,demonhunter,havoc,90,54,36
Xetalar,burning-legion,1626,demonhunter,havoc,144,84,60
Omegapump,ravencrest,1626,demonhunter,havoc,36,19,17
Unkqt,dalaran,1625,demonhunter,havoc,36,20,16
Jumboo,tarren-mill,1625,demonhunter,havoc,53,29,24
Lindzor,frostmane,1624,demonhunter,havoc,47,32,15
Zahadius,silvermoon,1624,demonhunter,havoc,47,30,17
Quazr,outland,1624,demonhunter,havoc,193,110,83
Drmanaburn,ravencrest,1624,demonhunter,havoc,30,17,13
Onecho,ragnaros,1623,demonhunter,havoc,30,18,12
Despèradø,archimonde,1623,demonhunter,havoc,140,74,66
Koomaliha,outland,1623,demonhunter,havoc,85,42,43
Nowhereturun,stormscale,1619,demonhunter,havoc,36,20,16
Dragontwist,sylvanas,1619,demonhunter,havoc,42,22,20
Fazero,silvermoon,1618,demonhunter,havoc,84,40,44
Пибзянка,howling-fjord,1616,demonhunter,havoc,36,20,16
Ботология,gordunni,1616,demonhunter,havoc,78,37,41
Aroxos,draenor,1616,demonhunter,havoc,64,29,35
Maytherel,blackhand,1616,demonhunter,havoc,126,52,74
Mønkeyx,kazzak,1614,demonhunter,havoc,26,17,9
Фэсс,soulflayer,1613,demonhunter,havoc,65,35,30
Zakaji,blackmoore,1613,demonhunter,havoc,38,20,18
Tachala,khaz-modan,1612,demonhunter,havoc,39,20,19
Thedudex,dunemaul,1612,demonhunter,havoc,44,21,23
Sekørm,ragnaros,1612,demonhunter,havoc,48,21,27
Junkai,echsenkessel,1611,demonhunter,havoc,36,22,14
Lilfly,twisting-nether,1611,demonhunter,havoc,30,17,13
Sepdy,draenor,1611,demonhunter,havoc,92,48,44
Mêgumi,kirin-tor,1610,demonhunter,havoc,152,78,74
Gündüzgezen,silvermoon,1610,demonhunter,havoc,59,30,29
Дайкиаомине,soulflayer,1609,demonhunter,havoc,36,19,17
Râindra,twisting-nether,1607,demonhunter,havoc,168,87,81
Jórúnn,twisting-nether,1607,demonhunter,havoc,48,22,26
Kayzel,argent-dawn,1606,demonhunter,havoc,183,93,90
Майкелелекек,gordunni,1606,demonhunter,havoc,36,17,19
Glayvie,kazzak,1606,demonhunter,havoc,51,23,28
Höllymedx,blackmoore,1605,demonhunter,havoc,30,17,13
Ifeeldirty,draenor,1605,demonhunter,havoc,37,20,17
ßerdíná,tarren-mill,1605,demonhunter,havoc,60,31,29
Sturmovik,ravencrest,1604,demonhunter,havoc,30,19,11
Èstefany,stormscale,1604,demonhunter,havoc,90,49,41
Zevsa,ravencrest,1604,demonhunter,havoc,48,25,23
Ferihokurva,outland,1604,demonhunter,havoc,42,21,21
Nixzon,thrall,1604,demonhunter,havoc,78,31,47
Trashclass,draenor,1603,demonhunter,havoc,34,18,16
Kekburagól,kazzak,1602,demonhunter,havoc,39,21,18
Neverdance,ravencrest,1602,demonhunter,havoc,42,19,23
Zoyle,blackrock,1602,demonhunter,havoc,54,22,32
Alithy,kazzak,1600,demonhunter,havoc,132,79,53
Brodor,alakir,1600,demonhunter,havoc,30,17,13
Nuxzhell,tarren-mill,1600,demonhunter,havoc,222,106,116
Ícéìnmývèins,stormscale,1600,demonhunter,havoc,45,20,25
Kins,dun-modr,1599,demonhunter,havoc,60,25,35
Exact,throkferoth,1598,demonhunter,havoc,35,22,13
Великаямыша,blackscar,1598,demonhunter,havoc,44,26,18
Ignasei,archimonde,1598,demonhunter,havoc,69,31,38
Ðêmønìç,area-52,1597,demonhunter,havoc,42,25,17
Рейз,howling-fjord,1597,demonhunter,havoc,138,67,71
Illidarisi,auchindoun,1597,demonhunter,havoc,66,32,34
Illidankxx,sylvanas,1596,demonhunter,havoc,61,36,25
Турбосвинья,gordunni,1596,demonhunter,havoc,162,84,78
Zamassu,kazzak,1596,demonhunter,havoc,42,21,21
Thorair,ravenholdt,1593,demonhunter,havoc,66,32,34
Sebyk,doomhammer,1592,demonhunter,havoc,60,35,25
Dominik,the-maelstrom,1592,demonhunter,havoc,132,75,57
Bhairav,silvermoon,1591,demonhunter,havoc,36,21,15
Oniramqt,aegwynn,1591,demonhunter,havoc,42,19,23
Akkita,ravencrest,1590,demonhunter,havoc,120,63,57
Lghdtv,ravencrest,1587,demonhunter,havoc,78,40,38
Schejtan,blackmoore,1586,demonhunter,havoc,42,27,15
Felwinter,ravencrest,1586,demonhunter,havoc,132,61,71
Evil,uldum,1585,demonhunter,havoc,131,68,63
Трукейт,gordunni,1582,demonhunter,havoc,56,33,23
Азелира,gordunni,1581,demonhunter,havoc,72,40,32
Dinastye,archimonde,1579,demonhunter,havoc,139,73,66
Ydrael,terokkar,1578,demonhunter,havoc,54,29,25
Gïzmó,tarren-mill,1578,demonhunter,havoc,60,30,30
Мишаметапамп,grom,1578,demonhunter,havoc,38,19,19
Геммула,howling-fjord,1575,demonhunter,havoc,144,70,74
Azmodían,silvermoon,1575,demonhunter,havoc,53,23,30
Pogdh,silvermoon,1574,demonhunter,havoc,29,17,12
Бананчикус,gordunni,1573,demonhunter,havoc,40,21,19
Shylaría,blackhand,1573,demonhunter,havoc,42,20,22
Muyoni,eredar,1573,demonhunter,havoc,42,18,24
Eréthrus,ravencrest,1572,demonhunter,havoc,36,18,18
Ruíko,dun-morogh,1568,demonhunter,havoc,42,24,18
Przemson,mazrigos,1568,demonhunter,havoc,71,35,36
Драксх,gordunni,1566,demonhunter,havoc,54,26,28
Blæm,archimonde,1565,demonhunter,havoc,39,20,19
Dhqoo,blackrock,1565,demonhunter,havoc,42,18,24
Цезарий,gordunni,1563,demonhunter,havoc,162,83,79
Winxclub,ravencrest,1562,demonhunter,havoc,95,54,41
Дрэгонборн,howling-fjord,1560,demonhunter,havoc,42,22,20
Akaria,blackrock,1559,demonhunter,havoc,82,53,29
Guáca,draenor,1557,demonhunter,havoc,33,20,13
Imsickleavme,draenor,1557,demonhunter,havoc,82,42,40
Zintu,draenor,1554,demonhunter,havoc,108,53,55
Thkingragnar,sanguino,1553,demonhunter,havoc,36,23,13
Dhzor,twisting-nether,1552,demonhunter,havoc,64,32,32
Shylea,ravencrest,1551,demonhunter,havoc,126,66,60
Этмер,soulflayer,1550,demonhunter,havoc,48,27,21
Safedaddy,silvermoon,1548,demonhunter,havoc,33,18,15
Solarae,silvermoon,1546,demonhunter,havoc,108,57,51
Luunz,argent-dawn,1546,demonhunter,havoc,84,34,50
Кельдарк,soulflayer,1545,demonhunter,havoc,171,85,86
Fellespont,hellscream,1544,demonhunter,havoc,81,36,45
Däshgødx,stormscale,1543,demonhunter,havoc,54,31,23
Telarris,twisting-nether,1542,demonhunter,havoc,195,110,85
Pibzya,ravencrest,1542,demonhunter,havoc,39,19,20
Snibsxdh,silvermoon,1542,demonhunter,havoc,42,19,23
Testôdh,blackrock,1542,demonhunter,havoc,48,17,31
Zitx,ravencrest,1540,demonhunter,havoc,126,67,59
Чанпэн,soulflayer,1539,demonhunter,havoc,128,68,60
Kanabiz,outland,1539,demonhunter,havoc,132,70,62
Duffin,doomhammer,1538,demonhunter,havoc,138,69,69
Enthia,antonidas,1536,demonhunter,havoc,77,41,36
Roaf,twisting-nether,1536,demonhunter,havoc,99,48,51
Iphanaa,frostmane,1534,demonhunter,havoc,85,43,42
Ambudh,kazzak,1533,demonhunter,havoc,30,16,14
Глефавочко,gordunni,1533,demonhunter,havoc,36,16,20
Alcóhon,ravencrest,1526,demonhunter,havoc,35,17,18
Амбату,howling-fjord,1525,demonhunter,havoc,38,25,13
Crappyftw,ravencrest,1525,demonhunter,havoc,311,160,151
Крикетчсв,soulflayer,1524,demonhunter,havoc,42,23,19
Glímpse,ravencrest,1524,demonhunter,havoc,66,32,34
Garoteromani,draenor,1523,demonhunter,havoc,72,41,31
Snitchezz,blackmoore,1523,demonhunter,havoc,102,55,47
Yeedhlol,blackmoore,1523,demonhunter,havoc,30,16,14
Shyuk,sanguino,1521,demonhunter,havoc,24,16,8
Shiefwiggum,aegwynn,1521,demonhunter,havoc,42,22,20
Míàkhãlîfâýð,stormscale,1521,demonhunter,havoc,42,16,26
Ashiharademo,twilights-hammer,1520,demonhunter,havoc,78,42,36
Ranzerg,tarren-mill,1519,demonhunter,havoc,24,17,7
Drphillidan,tarren-mill,1518,demonhunter,havoc,38,17,21
Vorbis,twisting-nether,1517,demonhunter,havoc,78,36,42
Jesana,argent-dawn,1515,demonhunter,havoc,126,67,59
Méruème,hyjal,1515,demonhunter,havoc,37,19,18
Azzïnoth,sargeras,1515,demonhunter,havoc,36,17,19
Âyro,ravencrest,1514,demonhunter,havoc,30,17,13
Mephîsto,sylvanas,1514,demonhunter,havoc,78,41,37
Мужичок,soulflayer,1514,demonhunter,havoc,131,68,63
Аитерия,gordunni,1513,demonhunter,havoc,24,18,6
Hornyhexy,stormscale,1513,demonhunter,havoc,60,30,30
Vênedri,eredar,1511,demonhunter,havoc,45,26,19
Cynmatic,kargath,1511,demonhunter,havoc,48,23,25
Slaanaesh,kazzak,1511,demonhunter,havoc,45,17,28
Draxie,turalyon,1509,demonhunter,havoc,28,17,11
Blacklidan,blackrock,1509,demonhunter,havoc,40,17,23
Øhka,outland,1509,demonhunter,havoc,60,24,36
Faytundh,kult-der-verdammten,1508,demonhunter,havoc,36,16,20
Geashy,blackmoore,1507,demonhunter,havoc,52,31,21
Mâlefiz,blackmoore,1507,demonhunter,havoc,48,22,26
Ihløøx,minahonda,1506,demonhunter,havoc,36,21,15
Khray,archimonde,1506,demonhunter,havoc,30,16,14
Theaisbae,twisting-nether,1506,demonhunter,havoc,54,25,29
Сложныйдх,howling-fjord,1505,demonhunter,havoc,48,29,19
Grimberg,tarren-mill,1505,demonhunter,havoc,79,43,36
Baball,kazzak,1504,demonhunter,havoc,81,46,35
Brawngodx,draenor,1503,demonhunter,havoc,25,17,8
Штормдоттэр,howling-fjord,1503,demonhunter,havoc,36,19,17
Sweetpety,tarren-mill,1503,demonhunter,havoc,93,47,46
Sidekiq,silvermoon,1503,demonhunter,havoc,52,26,26
Crylater,twisting-nether,1502,demonhunter,havoc,24,16,8
Цэрри,soulflayer,1501,demonhunter,havoc,60,30,30
Incanator,tarren-mill,1501,demonhunter,havoc,72,34,38
Íllìðåñgøðx,antonidas,1500,demonhunter,havoc,118,57,61
Bippsy,zuljin,1499,demonhunter,havoc,44,28,16
Mikezilla,drakthul,1498,demonhunter,havoc,48,24,24
Arnokia,kazzak,1498,demonhunter,havoc,108,53,55
Nuitrayer,hyjal,1497,demonhunter,havoc,50,33,17
Lòsâng,sanguino,1497,demonhunter,havoc,80,32,48
Hauntedseoul,grim-batol,1496,demonhunter,havoc,90,54,36
Kéftëmé,ravencrest,1495,demonhunter,havoc,60,27,33
Szexypopsi,ragnaros,1492,demonhunter,havoc,53,28,25
Venatica,twisting-nether,1490,demonhunter,havoc,78,42,36
Échô,tarren-mill,1489,demonhunter,havoc,40,18,22
Brisingamen,outland,1488,demonhunter,havoc,48,25,23
Бельторо,soulflayer,1488,demonhunter,havoc,87,45,42
Métakagoule,ysondre,1488,demonhunter,havoc,87,43,44
Kolrex,ragnaros,1488,demonhunter,havoc,59,29,30
Läderjoel,ravencrest,1488,demonhunter,havoc,65,31,34
Cantseêyou,blackmoore,1487,demonhunter,havoc,78,42,36
Ziltush,archimonde,1487,demonhunter,havoc,137,69,68
Împd,ravencrest,1485,demonhunter,havoc,96,47,49
Toonsdh,kazzak,1484,demonhunter,havoc,73,44,29
Покахонта,soulflayer,1484,demonhunter,havoc,100,54,46
Myztiko,hellscream,1484,demonhunter,havoc,170,87,83
Dhsheesh,draenor,1484,demonhunter,havoc,42,21,21
Pvpabuser,ravencrest,1483,demonhunter,havoc,47,27,20
Kïng,frostmane,1482,demonhunter,havoc,24,17,7
Morskivuk,draenor,1482,demonhunter,havoc,32,20,12
Oonn,outland,1482,demonhunter,havoc,45,21,24
Monkeypox,twisting-nether,1481,demonhunter,havoc,94,47,47
Misli,stormscale,1480,demonhunter,havoc,54,29,25
Onlytwokeys,dun-modr,1480,demonhunter,havoc,42,21,21
Кирсена,gordunni,1479,demonhunter,havoc,41,19,22
Tenawees,blackmoore,1478,demonhunter,havoc,48,27,21
Perojeina,draenor,1478,demonhunter,havoc,35,16,19
Oggidanbuu,tarren-mill,1478,demonhunter,havoc,49,22,27
Demøniac,ravencrest,1477,demonhunter,havoc,68,37,31
Netrisha,ravencrest,1475,demonhunter,havoc,60,23,37
Xenca,ravencrest,1473,demonhunter,havoc,95,52,43
Баттлрэп,soulflayer,1473,demonhunter,havoc,74,36,38
Thehûnt,outland,1472,demonhunter,havoc,101,55,46
Treehunter,ravencrest,1470,demonhunter,havoc,30,16,14
Ардатйякши,borean-tundra,1470,demonhunter,havoc,98,39,59
Ashcan,tarren-mill,1469,demonhunter,havoc,53,25,28
Ноубрейндыха,gordunni,1467,demonhunter,havoc,215,111,104
Persio,sanguino,1465,demonhunter,havoc,67,33,34
Davidastt,drakthul,1465,demonhunter,havoc,41,16,25
Frevee,outland,1464,demonhunter,havoc,113,63,50
Убийца,soulflayer,1463,demonhunter,havoc,53,29,24
Рэгес,howling-fjord,1463,demonhunter,havoc,30,16,14
Níghtwing,wildhammer,1459,demonhunter,havoc,35,19,16
Kvye,archimonde,1459,demonhunter,havoc,30,16,14
Flaybalbooll,ragnaros,1459,demonhunter,havoc,143,76,67
Blîndmaster,ravencrest,1459,demonhunter,havoc,130,65,65
Actuallytrol,argent-dawn,1457,demonhunter,havoc,59,27,32
Фумиан,soulflayer,1457,demonhunter,havoc,64,28,36
Yugsiturath,drakthul,1456,demonhunter,havoc,66,33,33
Malakbel,nemesis,1454,demonhunter,havoc,181,90,91
Trinchensdh,blackhand,1453,demonhunter,havoc,48,23,25
Мужна,grom,1452,demonhunter,havoc,34,19,15
Ayö,draenor,1452,demonhunter,havoc,121,66,55
Emerelle,die-aldor,1451,demonhunter,havoc,120,56,64
Ülquiorrä,kazzak,1450,demonhunter,havoc,53,34,19
Аянамирейко,blackscar,1450,demonhunter,havoc,60,36,24
Dibo,blackmoore,1448,demonhunter,havoc,99,48,51
Guccibaby,silvermoon,1445,demonhunter,havoc,60,27,33
Knùbbz,ravencrest,1444,demonhunter,havoc,63,29,34
Tursal,dun-morogh,1442,demonhunter,havoc,39,22,17
Onebuttonxd,ravencrest,1440,demonhunter,havoc,30,17,13
Дашажмимету,blackscar,1439,demonhunter,havoc,32,16,16
Chotzbrocke,blackhand,1438,demonhunter,havoc,24,15,9
Bestro,tarren-mill,1438,demonhunter,havoc,44,20,24
Alury,blackrock,1437,demonhunter,havoc,54,30,24
Blizdliksk,outland,1437,demonhunter,havoc,42,22,20
Valkorion,chamber-of-aspects,1437,demonhunter,havoc,33,17,16
Onlyfangodx,antonidas,1436,demonhunter,havoc,30,15,15
Sturmimon,arthas,1436,demonhunter,havoc,36,15,21
Erzàuwu,silvermoon,1435,demonhunter,havoc,36,15,21
Shõ,twisting-nether,1433,demonhunter,havoc,42,15,27
Nvampire,draenor,1429,demonhunter,havoc,24,17,7
Экселия,howling-fjord,1429,demonhunter,havoc,54,30,24
Øbsessiøn,kazzak,1429,demonhunter,havoc,107,53,54
Bhaz,tichondrius,1428,demonhunter,havoc,30,16,14
Ûro,dun-modr,1428,demonhunter,havoc,42,15,27
Ultîma,hyjal,1427,demonhunter,havoc,36,15,21
Kîrîto,nethersturm,1426,demonhunter,havoc,47,16,31
Afuwarrior,doomhammer,1425,demonhunter,havoc,57,31,26
Древиал,gordunni,1424,demonhunter,havoc,50,27,23
Deponiajkm,dun-modr,1424,demonhunter,havoc,30,15,15
Adapterinput,auchindoun,1423,demonhunter,havoc,114,62,52
Culywurly,silvermoon,1423,demonhunter,havoc,60,28,32
Obitum,burning-legion,1422,demonhunter,havoc,101,56,45
Gullveîg,archimonde,1422,demonhunter,havoc,36,19,17
Lawus,blackhand,1422,demonhunter,havoc,30,15,15
Enhtailo,draenor,1421,demonhunter,havoc,24,15,9
Ilidrax,hyjal,1421,demonhunter,havoc,30,15,15
Azaeel,blackhand,1421,demonhunter,havoc,30,15,15
Tayo,dun-modr,1421,demonhunter,havoc,71,35,36
Cheethless,ragnaros,1420,demonhunter,havoc,54,29,25
Хорбелий,deathguard,1420,demonhunter,havoc,66,32,34
Olddemon,ravencrest,1419,demonhunter,havoc,53,35,18
Doomcake,emeriss,1419,demonhunter,havoc,24,15,9
Иллиферрат,blackscar,1419,demonhunter,havoc,104,53,51
Zumei,stormreaver,1419,demonhunter,havoc,38,19,19
Dyamo,sylvanas,1419,demonhunter,havoc,374,182,192
Эллий,blackscar,1419,demonhunter,havoc,36,15,21
Aphulucky,kazzak,1418,demonhunter,havoc,48,21,27
Biü,tarren-mill,1418,demonhunter,havoc,42,16,26
Инферналка,howling-fjord,1416,demonhunter,havoc,24,15,9
Felcaller,sylvanas,1414,demonhunter,havoc,65,34,31
Antidevil,kazzak,1414,demonhunter,havoc,52,27,25
Бропинг,soulflayer,1413,demonhunter,havoc,105,61,44
Illiada,spinebreaker,1411,demonhunter,havoc,30,15,15
Ziplar,tarren-mill,1409,demonhunter,havoc,54,28,26
Ibeem,dentarg,1408,demonhunter,havoc,45,31,14
Balsza,burning-legion,1407,demonhunter,havoc,48,26,22
Kainenn,silvermoon,1407,demonhunter,havoc,54,26,28
Luzifer,ambossar,1406,demonhunter,havoc,147,77,70
Kanéki,sylvanas,1405,demonhunter,havoc,29,22,7
Choclatballs,stormscale,1404,demonhunter,havoc,125,59,66
Saleny,blackrock,1404,demonhunter,havoc,36,15,21
Garretos,senjin,1403,demonhunter,havoc,31,22,9
Gonextbg,tarren-mill,1402,demonhunter,havoc,61,29,32
Fumbiidhx,thrall,1402,demonhunter,havoc,36,17,19
Vaynahi,grim-batol,1401,demonhunter,havoc,72,36,36
Albunico,draenor,1400,demonhunter,havoc,141,73,68
Mareen,pozzo-delleternità,1400,demonhunter,havoc,42,21,21
Деструкцыя,howling-fjord,1399,demonhunter,havoc,45,24,21
Тириола,howling-fjord,1398,demonhunter,havoc,36,20,16
Razziyel,ragnaros,1396,demonhunter,havoc,41,21,20
Остроухйй,blackscar,1396,demonhunter,havoc,42,17,25
Дартарин,gordunni,1395,demonhunter,havoc,62,34,28
Aååááååââåâå,arygos,1394,demonhunter,havoc,24,15,9
Immune,aegwynn,1394,demonhunter,havoc,36,17,19
Харольд,deepholm,1392,demonhunter,havoc,76,38,38
Beerseewälk,ragnaros,1392,demonhunter,havoc,70,33,37
Demonsqueezy,nemesis,1389,demonhunter,havoc,34,21,13
Thugrøse,blackrock,1389,demonhunter,havoc,126,63,63
Tyhaxx,ravencrest,1388,demonhunter,havoc,42,18,24
Nanana,doomhammer,1387,demonhunter,havoc,30,15,15
Skyborn,tarren-mill,1386,demonhunter,havoc,27,16,11
Коньх,goldrinn,1386,demonhunter,havoc,71,31,40
Hatemrankone,outland,1383,demonhunter,havoc,51,23,28
Toddsnuggles,thrall,1382,demonhunter,havoc,42,25,17
Cptxo,tarren-mill,1382,demonhunter,havoc,35,16,19
Philona,die-aldor,1380,demonhunter,havoc,129,67,62
Kamaz,twisting-nether,1378,demonhunter,havoc,39,20,19
Дикаяособа,howling-fjord,1378,demonhunter,havoc,45,22,23
Imlegalblind,ragnaros,1378,demonhunter,havoc,79,34,45
Smoochygodx,antonidas,1376,demonhunter,havoc,36,20,16
Keanujeeves,dentarg,1376,demonhunter,havoc,60,33,27
Daemonai,neptulon,1376,demonhunter,havoc,66,35,31
Natazia,eredar,1374,demonhunter,havoc,48,28,20
Дэйнни,blackscar,1374,demonhunter,havoc,48,21,27
Adalya,stormrage,1373,demonhunter,havoc,82,35,47
Даблкорк,soulflayer,1372,demonhunter,havoc,119,68,51
Sayee,drakthul,1371,demonhunter,havoc,30,19,11
Pówèr,ravencrest,1371,demonhunter,havoc,54,29,25
Tkr,zuljin,1371,demonhunter,havoc,102,53,49
Кейсимег,soulflayer,1371,demonhunter,havoc,44,21,23
Anstict,kazzak,1371,demonhunter,havoc,48,22,26
Itheos,kazzak,1369,demonhunter,havoc,172,86,86
Error,ravencrest,1369,demonhunter,havoc,34,16,18
Gwx,draenor,1368,demonhunter,havoc,36,16,20
Súrinox,blackrock,1367,demonhunter,havoc,83,48,35
Seyran,silvermoon,1367,demonhunter,havoc,30,15,15
Тарапынька,gordunni,1366,demonhunter,havoc,116,64,52
Iaml,ravencrest,1366,demonhunter,havoc,49,24,25
Sakumi,azshara,1366,demonhunter,havoc,169,75,94
Poutanaola,twisting-nether,1365,demonhunter,havoc,30,15,15
Алькирена,howling-fjord,1363,demonhunter,havoc,30,16,14
Darrkdemon,kazzak,1363,demonhunter,havoc,240,115,125
Nezruslfive,dun-modr,1361,demonhunter,havoc,36,18,18
Adraelia,archimonde,1360,demonhunter,havoc,51,29,22
Stellarvore,nemesis,1358,demonhunter,havoc,90,39,51
Wrakdh,archimonde,1355,demonhunter,havoc,56,34,22
Destructs,sylvanas,1353,demonhunter,havoc,61,31,30
Ilyerias,twisting-nether,1352,demonhunter,havoc,42,16,26
Easywaay,kazzak,1351,demonhunter,havoc,74,37,37
Агрочика,borean-tundra,1349,demonhunter,havoc,36,16,20
Thalamis,kazzak,1345,demonhunter,havoc,75,33,42
Моигваза,soulflayer,1343,demonhunter,havoc,30,14,16
Flowen,stormreaver,1343,demonhunter,havoc,54,25,29
Ларэгар,azuregos,1343,demonhunter,havoc,70,28,42
Zephyrê,blackrock,1342,demonhunter,havoc,66,33,33
Usaïnbolts,archimonde,1341,demonhunter,havoc,24,14,10
Illídana,azjolnerub,1340,demonhunter,havoc,62,32,30
Rehagen,ysondre,1339,demonhunter,havoc,36,14,22
Ämi,blackmoore,1337,demonhunter,havoc,106,50,56
Ikari,neptulon,1336,demonhunter,havoc,41,24,17
Aryuna,frostwolf,1335,demonhunter,havoc,36,21,15
Hawoc,chamber-of-aspects,1334,demonhunter,havoc,42,26,16
Sadzari,burning-legion,1333,demonhunter,havoc,24,14,10
Tylleröwittu,grim-batol,1333,demonhunter,havoc,24,14,10
Åelita,burning-legion,1333,demonhunter,havoc,28,15,13
Orochimaruu,kargath,1332,demonhunter,havoc,63,22,41
Irenzy,twisting-nether,1331,demonhunter,havoc,30,14,16
Келадор,soulflayer,1331,demonhunter,havoc,83,35,48
Notcrashy,eredar,1329,demonhunter,havoc,35,22,13
Checakore,argent-dawn,1329,demonhunter,havoc,66,34,32
Ðraudræm,ravencrest,1329,demonhunter,havoc,83,39,44
Иланари,gordunni,1328,demonhunter,havoc,23,16,7
Kiirtach,dun-modr,1326,demonhunter,havoc,21,15,6
Louloulou,aegwynn,1326,demonhunter,havoc,93,52,41
Wintalker,nemesis,1324,demonhunter,havoc,30,14,16
Егордемон,soulflayer,1323,demonhunter,havoc,46,25,21
Kâtsulol,ysondre,1321,demonhunter,havoc,30,14,16
Tharysan,sanguino,1320,demonhunter,havoc,48,31,17
Szopóvadász,ragnaros,1320,demonhunter,havoc,30,14,16
Бичерезх,soulflayer,1319,demonhunter,havoc,30,16,14
Demonpun,the-venture-co,1318,demonhunter,havoc,40,22,18
Ragnirok,deathwing,1318,demonhunter,havoc,138,66,72
Felleaf,ragnaros,1318,demonhunter,havoc,58,24,34
Ashrena,ysondre,1317,demonhunter,havoc,36,22,14
Нейроуз,howling-fjord,1315,demonhunter,havoc,42,25,17
Yäkku,drakthul,1315,demonhunter,havoc,66,26,40
Yvrig,eredar,1313,demonhunter,havoc,24,14,10
Jazhz,dalaran,1313,demonhunter,havoc,30,14,16
Obey,exodar,1312,demonhunter,havoc,47,22,25
Délyria,blackhand,1311,demonhunter,havoc,54,32,22
Valendriel,archimonde,1311,demonhunter,havoc,30,17,13
Jayhan,chamber-of-aspects,1311,demonhunter,havoc,68,37,31
Bestdemon,tarren-mill,1311,demonhunter,havoc,39,20,19
Icelucard,argent-dawn,1309,demonhunter,havoc,65,31,34
Мицлейн,gordunni,1309,demonhunter,havoc,57,21,36
Demonk,nemesis,1308,demonhunter,havoc,33,20,13
Sinninse,blackmoore,1308,demonhunter,havoc,30,18,12
Lilydrop,varimathras,1308,demonhunter,havoc,33,15,18
Slowcuzclick,stormscale,1307,demonhunter,havoc,85,44,41
Luckertwo,tarren-mill,1307,demonhunter,havoc,109,55,54
Дисофи,soulflayer,1307,demonhunter,havoc,64,29,35
Varedisa,kazzak,1307,demonhunter,havoc,53,23,30
Phudi,tarren-mill,1306,demonhunter,havoc,95,40,55
Thëos,argent-dawn,1305,demonhunter,havoc,91,46,45
Havocnslash,ragnaros,1305,demonhunter,havoc,30,15,15
Breezzdh,twisting-nether,1305,demonhunter,havoc,29,14,15
Lexim,khaz-modan,1303,demonhunter,havoc,66,36,30
Khalestya,shendralar,1303,demonhunter,havoc,78,34,44
Каралас,soulflayer,1301,demonhunter,havoc,36,21,15
Bläckdëvïl,uldum,1298,demonhunter,havoc,49,30,19
Bicskas,ragnaros,1296,demonhunter,havoc,45,19,26
Сумърак,grom,1294,demonhunter,havoc,84,40,44
Soca,ysondre,1294,demonhunter,havoc,66,29,37
Coltender,drakthul,1290,demonhunter,havoc,73,34,39
Даргсайд,gordunni,1290,demonhunter,havoc,42,19,23
Guanzho,silvermoon,1289,demonhunter,havoc,140,67,73
Féileacán,kazzak,1286,demonhunter,havoc,48,20,28
Momochi,silvermoon,1285,demonhunter,havoc,24,14,10
Nasghul,drakthul,1284,demonhunter,havoc,42,18,24
Billidan,eredar,1282,demonhunter,havoc,54,25,29
Ozeey,draenor,1280,demonhunter,havoc,29,14,15
Kaizzy,twisting-nether,1279,demonhunter,havoc,107,56,51
Symbul,blackrock,1279,demonhunter,havoc,42,19,23
Cassitä,chogall,1278,demonhunter,havoc,48,24,24
Полетела,gordunni,1278,demonhunter,havoc,30,15,15
Antrixa,ravencrest,1278,demonhunter,havoc,29,14,15
Demogen,sylvanas,1275,demonhunter,havoc,54,27,27
Pleskdh,malganis,1272,demonhunter,havoc,54,23,31
Illidanio,xavius,1271,demonhunter,havoc,30,14,16
Sabe,ravencrest,1267,demonhunter,havoc,23,14,9
Juha,bronze-dragonflight,1267,demonhunter,havoc,43,26,17
Эридали,gordunni,1266,demonhunter,havoc,60,28,32
Gurvan,kazzak,1263,demonhunter,havoc,65,32,33
Släshes,kazzak,1262,demonhunter,havoc,34,14,20
Schonevrouw,aszune,1261,demonhunter,havoc,48,29,19
Chapzi,ragnaros,1256,demonhunter,havoc,51,26,25
Реалистик,deathweaver,1256,demonhunter,havoc,67,28,39
Lùcîfer,hellfire,1255,demonhunter,havoc,77,38,39
Hellboii,kilrogg,1253,demonhunter,havoc,63,39,24
Schahmiran,kargath,1252,demonhunter,havoc,30,14,16
Anödyth,kirin-tor,1252,demonhunter,havoc,30,14,16
Demonronin,the-maelstrom,1251,demonhunter,havoc,62,34,28
Marmotaa,ragnaros,1251,demonhunter,havoc,29,15,14
Jahannam,ysondre,1251,demonhunter,havoc,66,31,35
Сильверган,soulflayer,1248,demonhunter,havoc,144,73,71
Norac,silvermoon,1248,demonhunter,havoc,41,16,25
Nstea,cthun,1247,demonhunter,havoc,24,13,11
Abuelodosaka,dun-modr,1247,demonhunter,havoc,24,13,11
Нереалочка,blackscar,1247,demonhunter,havoc,24,13,11
Embruixada,sanguino,1246,demonhunter,havoc,58,34,24
Zernoid,kazzak,1246,demonhunter,havoc,24,13,11
Zyasea,blackmoore,1246,demonhunter,havoc,48,16,32
Illidrax,outland,1245,demonhunter,havoc,36,13,23
Jotaros,ravencrest,1245,demonhunter,havoc,36,13,23
Minutte,twisting-nether,1244,demonhunter,havoc,36,20,16
Dedemøn,ysondre,1243,demonhunter,havoc,24,13,11
Kimberleh,doomhammer,1243,demonhunter,havoc,24,13,11
Thorno,argent-dawn,1243,demonhunter,havoc,36,13,23
Meleidar,kazzak,1242,demonhunter,havoc,30,13,17
Medievils,silvermoon,1241,demonhunter,havoc,54,20,34
Itàchì,kazzak,1240,demonhunter,havoc,18,13,5
Mooty,drekthar,1240,demonhunter,havoc,24,13,11
Nekkëtsu,archimonde,1235,demonhunter,havoc,24,13,11
Полутемный,howling-fjord,1235,demonhunter,havoc,24,13,11
Zejza,ragnaros,1235,demonhunter,havoc,31,15,16
Хингарский,deathguard,1234,demonhunter,havoc,24,13,11
Demonjay,stormscale,1233,demonhunter,havoc,28,14,14
Titanslayyer,azjolnerub,1233,demonhunter,havoc,30,13,17
Heàvic,outland,1230,demonhunter,havoc,39,24,15
Lozakum,draenor,1230,demonhunter,havoc,90,42,48
Hirbs,silvermoon,1230,demonhunter,havoc,72,31,41
Djaris,ghostlands,1228,demonhunter,havoc,18,13,5
Даудаев,gordunni,1225,demonhunter,havoc,36,19,17
Azkerash,draenor,1225,demonhunter,havoc,36,15,21
Sindweller,arathi,1225,demonhunter,havoc,36,14,22
Shreddern,ragnaros,1224,demonhunter,havoc,31,14,17
Aenirá,tarren-mill,1224,demonhunter,havoc,36,13,23
Шмальнуть,gordunni,1223,demonhunter,havoc,49,22,27
Кайриель,gordunni,1222,demonhunter,havoc,24,13,11
Dârhma,archimonde,1221,demonhunter,havoc,29,18,11
Овецловец,deathguard,1220,demonhunter,havoc,24,13,11
Нксин,howling-fjord,1218,demonhunter,havoc,30,14,16
Dmgchris,sylvanas,1218,demonhunter,havoc,36,13,23
Quakes,pozzo-delleternità,1217,demonhunter,havoc,36,19,17
Осхимс,deathguard,1215,demonhunter,havoc,30,18,12
Fruttidimare,frostwolf,1214,demonhunter,havoc,93,41,52
Betråyêr,draenor,1213,demonhunter,havoc,38,15,23
Kladius,skullcrusher,1210,demonhunter,havoc,27,15,12
Sua,outland,1210,demonhunter,havoc,61,29,32
Ávto,stormscale,1209,demonhunter,havoc,47,28,19
Jyzu,festung-der-stürme,1209,demonhunter,havoc,36,13,23
Bessus,aggra-português,1207,demonhunter,havoc,48,24,24
Maltok,ysondre,1206,demonhunter,havoc,43,21,22
Ìllídán,ravencrest,1205,demonhunter,havoc,80,41,39
Bøøgý,silvermoon,1202,demonhunter,havoc,54,24,30
Isila,alakir,1202,demonhunter,havoc,89,33,56
Vozol,stormscale,1195,demonhunter,havoc,30,20,10
Бабкамопед,howling-fjord,1195,demonhunter,havoc,27,14,13
Hellarious,ragnaros,1195,demonhunter,havoc,72,30,42
Nanocsika,twisting-nether,1194,demonhunter,havoc,131,63,68
Дитяхаоса,howling-fjord,1194,demonhunter,havoc,60,24,36
Chaosfist,blackrock,1193,demonhunter,havoc,30,13,17
Aûrelian,kragjin,1189,demonhunter,havoc,33,15,18
Giace,drakthul,1185,demonhunter,havoc,42,15,27
Hawek,madmortem,1184,demonhunter,havoc,58,33,25
Claere,blackhand,1184,demonhunter,havoc,87,45,42
Dämonbumm,blackmoore,1183,demonhunter,havoc,22,13,9
Demonligos,draenor,1183,demonhunter,havoc,72,36,36
Danedemlia,magtheridon,1182,demonhunter,havoc,49,22,27
Artexxen,kazzak,1182,demonhunter,havoc,42,14,28
Trekxx,ragnaros,1180,demonhunter,havoc,30,13,17
Tokoloshë,ragnaros,1177,demonhunter,havoc,54,27,27
Øutsider,blackmoore,1174,demonhunter,havoc,78,34,44
Munja,hyjal,1173,demonhunter,havoc,208,106,102
Эндимэн,soulflayer,1172,demonhunter,havoc,44,24,20
Самфор,soulflayer,1172,demonhunter,havoc,84,41,43
Геннитиро,deathguard,1171,demonhunter,havoc,28,15,13
Änyä,ravencrest,1171,demonhunter,havoc,28,13,15
Kiriall,blackmoore,1166,demonhunter,havoc,78,36,42
Oxydh,ravencrest,1165,demonhunter,havoc,28,13,15
Shizá,burning-legion,1165,demonhunter,havoc,86,39,47
Dämokröte,ambossar,1164,demonhunter,havoc,24,14,10
Lagordin,aggramar,1161,demonhunter,havoc,18,14,4
Athoribos,silvermoon,1160,demonhunter,havoc,60,32,28
Letidyr,ravencrest,1158,demonhunter,havoc,54,17,37
Люцифэйль,gordunni,1155,demonhunter,havoc,38,17,21
Wréckful,ravencrest,1155,demonhunter,havoc,48,17,31
Itsukix,stormscale,1153,demonhunter,havoc,36,21,15
Флеркенкот,galakrond,1153,demonhunter,havoc,175,94,81
Аоешный,howling-fjord,1152,demonhunter,havoc,24,12,12
Carablue,hyjal,1151,demonhunter,havoc,18,12,6
Brainlessdmg,ragnaros,1151,demonhunter,havoc,18,12,6
Hagana,tirion,1151,demonhunter,havoc,24,12,12
Гивюрхартми,gordunni,1151,demonhunter,havoc,30,12,18
Chïbrøne,archimonde,1151,demonhunter,havoc,36,12,24
Onlyw,ravencrest,1150,demonhunter,havoc,17,13,4
Demonzeus,sylvanas,1150,demonhunter,havoc,44,22,22
Róxor,twisting-nether,1150,demonhunter,havoc,30,12,18
Azzinoth,outland,1150,demonhunter,havoc,57,20,37
Seleverkauft,antonidas,1149,demonhunter,havoc,18,12,6
Kerog,blackmoore,1149,demonhunter,havoc,18,12,6
Spankoproof,kazzak,1149,demonhunter,havoc,18,12,6
Flys,doomhammer,1149,demonhunter,havoc,21,13,8
Bigboychaos,twisting-nether,1149,demonhunter,havoc,36,19,17
Gnarpump,emeriss,1149,demonhunter,havoc,30,12,18
Bignugs,ravencrest,1149,demonhunter,havoc,30,12,18
Schøck,blackhand,1148,demonhunter,havoc,18,12,6
Maøu,hyjal,1147,demonhunter,havoc,24,12,12
Mèlfurion,hyjal,1147,demonhunter,havoc,97,42,55
Exceltor,sanguino,1147,demonhunter,havoc,36,12,24
Sonnefel,tarren-mill,1145,demonhunter,havoc,24,12,12
Száraz,ragnaros,1145,demonhunter,havoc,24,12,12
Satanmanna,twisting-nether,1145,demonhunter,havoc,30,12,18
Джигурдинец,gordunni,1144,demonhunter,havoc,30,17,13
Allalina,draenor,1144,demonhunter,havoc,60,33,27
Moonbeàm,kazzak,1144,demonhunter,havoc,24,12,12
Téthis,uldaman,1143,demonhunter,havoc,78,34,44
Anandria,blutkessel,1140,demonhunter,havoc,71,42,29
Yuka,earthen-ring,1140,demonhunter,havoc,42,20,22
Gamaö,khaz-modan,1140,demonhunter,havoc,30,12,18
Сангвиннус,howling-fjord,1139,demonhunter,havoc,23,13,10
Fotmfgt,eredar,1139,demonhunter,havoc,24,12,12
Lilithxz,blackmoore,1139,demonhunter,havoc,24,12,12
Dreggath,doomhammer,1139,demonhunter,havoc,59,29,30
Тушино,lich-king,1135,demonhunter,havoc,18,12,6
Нохелет,deepholm,1135,demonhunter,havoc,121,65,56
Гарражж,howling-fjord,1135,demonhunter,havoc,24,12,12
Shadowkick,archimonde,1134,demonhunter,havoc,192,97,95
Тонниданза,howling-fjord,1134,demonhunter,havoc,107,48,59
Khamzath,blackhand,1131,demonhunter,havoc,18,12,6
Mojois,ravenholdt,1131,demonhunter,havoc,69,37,32
Stringsz,ragnaros,1129,demonhunter,havoc,46,29,17
Pichkachu,sylvanas,1129,demonhunter,havoc,24,12,12
Gurthalak,alakir,1129,demonhunter,havoc,35,14,21
Liisza,blackhand,1124,demonhunter,havoc,18,12,6
Picotea,argent-dawn,1124,demonhunter,havoc,18,12,6
Vio,jaedenar,1124,demonhunter,havoc,54,33,21
Арат,ashenvale,1122,demonhunter,havoc,18,12,6
Sarissa,dun-modr,1120,demonhunter,havoc,26,14,12
Asmedios,twisting-nether,1120,demonhunter,havoc,314,154,160
Amatèrasú,kazzak,1119,demonhunter,havoc,23,12,11
Jnfd,outland,1118,demonhunter,havoc,32,13,19
Sharhan,sylvanas,1118,demonhunter,havoc,42,16,26
Calcïum,archimonde,1116,demonhunter,havoc,35,12,23
Шалдарон,howling-fjord,1112,demonhunter,havoc,22,12,10
Youjosenki,magtheridon,1111,demonhunter,havoc,23,15,8
Zulthealbino,tarren-mill,1110,demonhunter,havoc,20,13,7
Zengor,twilights-hammer,1109,demonhunter,havoc,28,14,14
Мотек,howling-fjord,1109,demonhunter,havoc,120,57,63
Tatsukiyuzu,hyjal,1107,demonhunter,havoc,42,29,13
Shirakava,quelthalas,1102,demonhunter,havoc,42,15,27
Mcsmackface,hellfire,1101,demonhunter,havoc,48,16,32
Viridisignis,silvermoon,1100,demonhunter,havoc,54,29,25
Scarebearz,outland,1100,demonhunter,havoc,66,34,32
Leloine,trollbane,1098,demonhunter,havoc,30,17,13
Айвэнгос,thermaplugg,1097,demonhunter,havoc,61,35,26
Twistyy,drakthul,1097,demonhunter,havoc,72,41,31
Darkustos,blackrock,1096,demonhunter,havoc,26,14,12
Гневныймомон,soulflayer,1093,demonhunter,havoc,58,26,32
Аллилания,fordragon,1092,demonhunter,havoc,50,32,18
Kebiz,ragnaros,1090,demonhunter,havoc,23,12,11
Eranduur,draenor,1088,demonhunter,havoc,24,13,11
Âkazza,archimonde,1086,demonhunter,havoc,26,12,14
Fikyx,draenor,1086,demonhunter,havoc,44,17,27
Илизарнный,gordunni,1085,demonhunter,havoc,30,13,17
Thegamesucks,ravencrest,1084,demonhunter,havoc,214,104,110
Venøøm,eldrethalas,1084,demonhunter,havoc,90,40,50
Дэрзлорд,fordragon,1082,demonhunter,havoc,23,12,11
Stonebanker,turalyon,1079,demonhunter,havoc,23,14,9
Typhoonxq,tarren-mill,1078,demonhunter,havoc,41,21,20
Lögan,uldum,1078,demonhunter,havoc,36,16,20
Koiskdh,tarren-mill,1071,demonhunter,havoc,22,13,9
Dèathless,pozzo-delleternità,1070,demonhunter,havoc,37,14,23
Dadicek,drakthul,1069,demonhunter,havoc,18,12,6
Gabquist,argent-dawn,1063,demonhunter,havoc,47,25,22
Teoma,hyjal,1063,demonhunter,havoc,120,61,59
Yousif,stormscale,1061,demonhunter,havoc,55,26,29
Makkivar,terenas,1060,demonhunter,havoc,36,15,21
Xellnaga,twisting-nether,1059,demonhunter,havoc,26,12,14
Happykx,draenor,1056,demonhunter,havoc,12,11,1
Dripcatchér,ravencrest,1056,demonhunter,havoc,18,11,7
Солфдх,fordragon,1056,demonhunter,havoc,24,11,13
Ayyo,agamaggan,1056,demonhunter,havoc,24,11,13
Véin,stormscale,1056,demonhunter,havoc,30,11,19
Håssan,ravencrest,1055,demonhunter,havoc,18,11,7
Dhlee,ravencrest,1055,demonhunter,havoc,18,11,7
Maskinegoðx,tarren-mill,1055,demonhunter,havoc,24,11,13
Draqula,ravencrest,1055,demonhunter,havoc,24,11,13
Onizukadh,archimonde,1055,demonhunter,havoc,24,11,13
Skippydemon,nozdormu,1055,demonhunter,havoc,30,11,19
Kolísenn,drakthul,1054,demonhunter,havoc,18,11,7
Enjøybrah,nemesis,1054,demonhunter,havoc,18,11,7
Cappaowx,ravencrest,1054,demonhunter,havoc,18,11,7
Mårcxb,blackhand,1054,demonhunter,havoc,24,11,13
Lyzzra,blackmoore,1054,demonhunter,havoc,24,11,13
Verybigdps,aegwynn,1054,demonhunter,havoc,24,11,13
Përry,archimonde,1054,demonhunter,havoc,24,11,13
Bichmicher,earthen-ring,1054,demonhunter,havoc,30,11,19
Cayssaelle,argent-dawn,1053,demonhunter,havoc,18,11,7
Turbomenak,drakthul,1053,demonhunter,havoc,18,11,7
Fredoo,sylvanas,1053,demonhunter,havoc,20,11,9
Бистлайк,soulflayer,1053,demonhunter,havoc,24,11,13
Darktérror,silvermoon,1053,demonhunter,havoc,30,11,19
Никельдон,howling-fjord,1052,demonhunter,havoc,54,33,21
Asporos,pozzo-delleternità,1052,demonhunter,havoc,30,11,19
Шавермье,gordunni,1052,demonhunter,havoc,36,11,25
Bud,lightnings-blade,1051,demonhunter,havoc,18,11,7
Demonbean,stormscale,1051,demonhunter,havoc,22,12,10
Jyrpä,stormscale,1051,demonhunter,havoc,29,12,17
Squan,blackmoore,1050,demonhunter,havoc,20,12,8
Vìdhar,tarren-mill,1049,demonhunter,havoc,24,11,13
Zamp,deathwing,1049,demonhunter,havoc,30,11,19
Wauway,ragnaros,1048,demonhunter,havoc,20,11,9
Muharaar,ravencrest,1047,demonhunter,havoc,16,12,4
Äzräël,dun-modr,1047,demonhunter,havoc,30,11,19
Blisdon,argent-dawn,1046,demonhunter,havoc,60,27,33
Aminféryadi,twisting-nether,1046,demonhunter,havoc,30,11,19
Byakugaan,drakthul,1045,demonhunter,havoc,18,11,7
Noctilucent,executus,1044,demonhunter,havoc,78,42,36
Metadel,outland,1043,demonhunter,havoc,127,66,61
Ascanius,nemesis,1040,demonhunter,havoc,48,26,22
Estarloco,blackmoore,1038,demonhunter,havoc,36,19,17
Kaitlyyn,norgannon,1038,demonhunter,havoc,30,11,19
Haýuken,kazzak,1035,demonhunter,havoc,24,13,11
Lightkick,archimonde,1034,demonhunter,havoc,36,23,13
Самуройд,gordunni,1034,demonhunter,havoc,24,11,13
Syonis,archimonde,1032,demonhunter,havoc,19,12,7
Aamonath,tarren-mill,1030,demonhunter,havoc,30,16,14
Azazelkw,ragnaros,1026,demonhunter,havoc,48,23,25
Zy,ahnqiraj,1023,demonhunter,havoc,17,11,6
Cobayashi,der-mithrilorden,1023,demonhunter,havoc,38,21,17
Увиден,eversong,1023,demonhunter,havoc,53,25,28
Omegasyx,dun-modr,1021,demonhunter,havoc,22,11,11
Siscia,outland,1020,demonhunter,havoc,42,23,19
Heemaglobin,ravencrest,1018,demonhunter,havoc,24,12,12
Gigipletosu,ravencrest,1018,demonhunter,havoc,30,11,19
Milkeyes,ravencrest,1011,demonhunter,havoc,66,32,34
Nyxxeria,drakthul,1006,demonhunter,havoc,27,11,16
Scurenzio,outland,1005,demonhunter,havoc,30,16,14
Demontripo,silvermoon,1005,demonhunter,havoc,81,43,38
Solrosfrön,stormscale,1005,demonhunter,havoc,23,11,12
Delfee,twisting-nether,1005,demonhunter,havoc,54,25,29
Карнавалыч,gordunni,1003,demonhunter,havoc,84,30,54
Vaco,la-croisade-écarlate,996,demonhunter,havoc,30,13,17
Nehmarath,doomhammer,995,demonhunter,havoc,36,11,25
Гарнаш,howling-fjord,993,demonhunter,havoc,60,30,30
Hunterston,twisting-nether,992,demonhunter,havoc,68,38,30
Byah,kazzak,984,demonhunter,havoc,103,44,59
Straizo,malganis,984,demonhunter,havoc,26,11,15
Ravier,baelgun,980,demonhunter,havoc,63,34,29
Demonhyan,chants-éternels,975,demonhunter,havoc,55,26,29
Silan,kiljaeden,972,demonhunter,havoc,29,16,13
Sintoraz,amanthul,968,demonhunter,havoc,38,21,17
Огнод,gordunni,968,demonhunter,havoc,42,21,21
Winnztlol,chamber-of-aspects,961,demonhunter,havoc,21,11,10
Necorinex,silvermoon,960,demonhunter,havoc,12,10,2
Johncoffèy,ragnaros,960,demonhunter,havoc,12,10,2
Дианист,gordunni,960,demonhunter,havoc,16,11,5
Reckqqt,eredar,960,demonhunter,havoc,18,10,8
Antrix,ravencrest,960,demonhunter,havoc,18,10,8
Анхардх,gordunni,960,demonhunter,havoc,18,10,8
Keýrañe,ragnaros,960,demonhunter,havoc,18,10,8
Izzidan,magtheridon,960,demonhunter,havoc,18,10,8
Vaiprix,ragnaros,960,demonhunter,havoc,18,10,8
Ragefighterr,ragnaros,960,demonhunter,havoc,36,16,20
Bogren,sylvanas,960,demonhunter,havoc,24,10,14
Krvckhead,hyjal,960,demonhunter,havoc,24,10,14
Iíïììïiíïìïï,alakir,960,demonhunter,havoc,24,10,14
Íamprepared,tarren-mill,960,demonhunter,havoc,30,10,20
Fishmicksh,twisting-nether,959,demonhunter,havoc,12,10,2
Lucianloco,dun-morogh,959,demonhunter,havoc,18,10,8
Gandzsä,ragnaros,959,demonhunter,havoc,18,10,8
Гранкрю,blackscar,959,demonhunter,havoc,18,10,8
Катякрылышки,gordunni,959,demonhunter,havoc,18,10,8
Qqski,kazzak,959,demonhunter,havoc,18,10,8
Хирако,booty-bay,959,demonhunter,havoc,18,10,8
Völkswagen,dun-modr,959,demonhunter,havoc,18,10,8
Mollamaija,defias-brotherhood,959,demonhunter,havoc,24,10,14
Yumhip,dun-modr,959,demonhunter,havoc,24,10,14
Vayshi,turalyon,959,demonhunter,havoc,24,10,14
Barny,skullcrusher,959,demonhunter,havoc,24,10,14
Demonicat,twisting-nether,959,demonhunter,havoc,24,10,14
Darnke,silvermoon,959,demonhunter,havoc,30,10,20
Elenôy,malganis,958,demonhunter,havoc,18,10,8
Shivarræ,stormreaver,958,demonhunter,havoc,18,10,8
Baddxd,ragnaros,958,demonhunter,havoc,20,11,9
Critlerman,blackmoore,957,demonhunter,havoc,16,11,5
Aedilles,ravencrest,957,demonhunter,havoc,18,10,8
Skarvy,bronze-dragonflight,957,demonhunter,havoc,18,10,8
Bobdh,twisting-nether,957,demonhunter,havoc,35,10,25
Drilloz,ravencrest,956,demonhunter,havoc,18,10,8
Версомния,gordunni,956,demonhunter,havoc,24,10,14
Такетомии,gordunni,956,demonhunter,havoc,24,10,14
Morphiyy,tarren-mill,955,demonhunter,havoc,18,10,8
Morvash,nemesis,954,demonhunter,havoc,18,10,8
Эльгастон,howling-fjord,954,demonhunter,havoc,30,11,19
Argnils,tarren-mill,953,demonhunter,havoc,12,10,2
Эфемерид,howling-fjord,953,demonhunter,havoc,18,10,8
Ejder,anubarak,953,demonhunter,havoc,48,19,29
Шэдоуштормх,soulflayer,952,demonhunter,havoc,18,10,8
Цейн,azuregos,952,demonhunter,havoc,39,15,24
Илайора,galakrond,952,demonhunter,havoc,30,10,20
Jemoer,twisting-nether,951,demonhunter,havoc,20,13,7
Flamme,amanthul,951,demonhunter,havoc,18,11,7
Pijvijie,shattrath,951,demonhunter,havoc,30,10,20
Иллидал,greymane,949,demonhunter,havoc,18,10,8
Никкэс,gordunni,949,demonhunter,havoc,24,10,14
Alandrisz,argent-dawn,949,demonhunter,havoc,30,10,20
Mamazboy,lightnings-blade,946,demonhunter,havoc,18,10,8
Максаналл,soulflayer,944,demonhunter,havoc,18,10,8
Hannipham,silvermoon,944,demonhunter,havoc,21,11,10
Électrâs,archimonde,943,demonhunter,havoc,24,10,14
Nylaria,dethecus,940,demonhunter,havoc,18,10,8
Shishiro,alakir,937,demonhunter,havoc,24,10,14
Nelairia,tarren-mill,931,demonhunter,havoc,18,10,8
Rockymarcia,archimonde,930,demonhunter,havoc,18,11,7
Terrminator,darksorrow,925,demonhunter,havoc,17,10,7
Zermut,culte-de-la-rive-noire,925,demonhunter,havoc,17,10,7
Maßik,terokkar,922,demonhunter,havoc,21,11,10
Sinthetyx,quelthalas,917,demonhunter,havoc,36,19,17
Noire,zuljin,917,demonhunter,havoc,29,10,19
Cirino,defias-brotherhood,915,demonhunter,havoc,24,10,14
Aelita,twisting-nether,914,demonhunter,havoc,43,23,20
Ànavar,twisting-nether,913,demonhunter,havoc,29,12,17
Andij,frostwolf,913,demonhunter,havoc,29,11,18
Taliaa,drakthul,911,demonhunter,havoc,21,10,11
Lorcanmar,draenor,911,demonhunter,havoc,45,19,26
Skylinex,dentarg,909,demonhunter,havoc,66,33,33
Манапарда,howling-fjord,909,demonhunter,havoc,35,10,25
Kalr,silvermoon,908,demonhunter,havoc,17,10,7
Зографос,fordragon,905,demonhunter,havoc,19,11,8
Hicgidik,outland,905,demonhunter,havoc,24,11,13
Nuriia,arthas,904,demonhunter,havoc,42,22,20
Maurî,tarren-mill,895,demonhunter,havoc,26,10,16
Kroepoeks,mazrigos,894,demonhunter,havoc,30,16,14
Jamule,dun-morogh,889,demonhunter,havoc,36,15,21
Amionisiken,amanthul,873,demonhunter,havoc,25,10,15
Alfazar,pozzo-delleternità,873,demonhunter,havoc,68,23,45
Фирулия,goldrinn,871,demonhunter,havoc,74,35,39
Legionek,burning-blade,866,demonhunter,havoc,20,11,9
Dbolmami,twisting-nether,864,demonhunter,havoc,12,9,3
Folygale,outland,864,demonhunter,havoc,12,9,3
Fizzpep,eredar,864,demonhunter,havoc,12,9,3
Лфгнехиро,soulflayer,864,demonhunter,havoc,12,9,3
Insaneomg,blackmoore,864,demonhunter,havoc,18,9,9
Saene,ravencrest,864,demonhunter,havoc,18,9,9
Shattre,silvermoon,864,demonhunter,havoc,18,9,9
Ittas,archimonde,864,demonhunter,havoc,18,9,9
Zophý,ragnaros,864,demonhunter,havoc,18,9,9
Raïley,archimonde,864,demonhunter,havoc,18,9,9
Toschadh,blackmoore,864,demonhunter,havoc,18,9,9
Sghemon,pozzo-delleternità,864,demonhunter,havoc,18,9,9
Thulânn,twisting-nether,864,demonhunter,havoc,18,9,9
Chosabreka,zuljin,864,demonhunter,havoc,18,9,9
Realtrance,sanguino,864,demonhunter,havoc,18,9,9
Эридари,blackscar,864,demonhunter,havoc,18,9,9
Fuseton,kazzak,864,demonhunter,havoc,24,9,15
Муими,soulflayer,864,demonhunter,havoc,24,9,15
Viced,kazzak,864,demonhunter,havoc,24,9,15
Krmâ,blackrock,864,demonhunter,havoc,24,9,15
Сочняга,gordunni,864,demonhunter,havoc,24,9,15
Jugøbænned,blackrock,863,demonhunter,havoc,12,9,3
Sunestaa,kazzak,863,demonhunter,havoc,12,9,3
Солевыеглефы,gordunni,863,demonhunter,havoc,12,9,3
Lennöx,silvermoon,863,demonhunter,havoc,13,9,4
Sutures,ravencrest,863,demonhunter,havoc,18,9,9
Neomicha,blackmoore,863,demonhunter,havoc,18,9,9
Õmen,ravencrest,863,demonhunter,havoc,18,9,9
Ræko,sanguino,863,demonhunter,havoc,18,9,9
Ììîîííììîîíí,tarren-mill,863,demonhunter,havoc,18,9,9
Illidaia,ravencrest,863,demonhunter,havoc,18,9,9
Kenzaii,aegwynn,863,demonhunter,havoc,18,9,9
Finstergraf,blackmoore,863,demonhunter,havoc,36,17,19
Djdhh,draenor,863,demonhunter,havoc,20,9,11
Slizer,draenor,863,demonhunter,havoc,24,9,15
Блъя,gordunni,863,demonhunter,havoc,24,9,15
Kãzïn,archimonde,863,demonhunter,havoc,24,9,15
Zappikdh,silvermoon,862,demonhunter,havoc,18,9,9
Illidián,chamber-of-aspects,862,demonhunter,havoc,24,9,15
Aeshalla,blackmoore,862,demonhunter,havoc,24,9,15
Demonstorpix,drakthul,862,demonhunter,havoc,24,9,15
Wirsing,azshara,862,demonhunter,havoc,30,9,21
Tzklkn,sylvanas,861,demonhunter,havoc,12,9,3
Selénhe,silvermoon,861,demonhunter,havoc,18,9,9
Тэниан,gordunni,861,demonhunter,havoc,24,9,15
Wrathill,draenor,860,demonhunter,havoc,24,9,15
Doobregeesy,burning-legion,859,demonhunter,havoc,21,10,11
Deadskill,alexstrasza,858,demonhunter,havoc,54,21,33
Æroa,antonidas,856,demonhunter,havoc,18,9,9
Лолбичьпро,blackscar,856,demonhunter,havoc,18,9,9
Keiti,drakthul,856,demonhunter,havoc,36,9,27
Goatcorpse,blackmoore,853,demonhunter,havoc,24,9,15
Besnik,stormscale,844,demonhunter,havoc,30,9,21
Winchesterxx,sanguino,842,demonhunter,havoc,24,9,15
Ladj,blackmoore,841,demonhunter,havoc,18,9,9
Subelsiu,alakir,840,demonhunter,havoc,63,26,37
Fckmlf,outland,839,demonhunter,havoc,21,12,9
Backflipgødx,uldaman,832,demonhunter,havoc,22,9,13
Alkann,chogall,830,demonhunter,havoc,17,9,8
Ataddcay,outland,828,demonhunter,havoc,39,14,25
Дантавул,gordunni,825,demonhunter,havoc,24,9,15
Daimon,pozzo-delleternità,813,demonhunter,havoc,21,10,11
Illidaniellé,tarren-mill,799,demonhunter,havoc,17,9,8
Demonzeus,archimonde,797,demonhunter,havoc,19,10,9
Blutox,antonidas,797,demonhunter,havoc,25,11,14
Deadhuntor,daggerspine,795,demonhunter,havoc,17,9,8
Dombra,kult-der-verdammten,788,demonhunter,havoc,11,9,2
Kundans,antonidas,787,demonhunter,havoc,17,9,8
Кусьзакиску,soulflayer,781,demonhunter,havoc,22,9,13
Wèx,tarren-mill,768,demonhunter,havoc,12,8,4
Dhamp,kazzak,768,demonhunter,havoc,12,8,4
Qweqweasd,outland,768,demonhunter,havoc,12,8,4
Джастх,howling-fjord,768,demonhunter,havoc,12,8,4
Mesini,darksorrow,768,demonhunter,havoc,12,8,4
Синтвеив,soulflayer,768,demonhunter,havoc,12,8,4
Eysndh,blackrock,768,demonhunter,havoc,12,8,4
Snubbeldemon,outland,768,demonhunter,havoc,12,8,4
Traumadh,tarren-mill,768,demonhunter,havoc,12,8,4
Mips,ghostlands,768,demonhunter,havoc,18,8,10
Praisethelrd,blackrock,768,demonhunter,havoc,18,8,10
Thestrength,twisting-nether,768,demonhunter,havoc,18,8,10
Stinkymonkey,pozzo-delleternità,768,demonhunter,havoc,18,8,10
Nthday,draenor,768,demonhunter,havoc,18,8,10
Jaquees,stormscale,768,demonhunter,havoc,18,8,10
Синнэрлити,soulflayer,768,demonhunter,havoc,18,8,10
Mvqdh,stormscale,768,demonhunter,havoc,18,8,10
Demoan,outland,768,demonhunter,havoc,24,8,16
Rõb,magtheridon,768,demonhunter,havoc,24,8,16
Ohshietwadap,twisting-nether,768,demonhunter,havoc,24,8,16
Ðarckjojo,hyjal,767,demonhunter,havoc,12,8,4
Lilor,aegwynn,767,demonhunter,havoc,12,8,4
Ninetzqp,tarren-mill,767,demonhunter,havoc,12,8,4
Эска,razuvious,767,demonhunter,havoc,12,8,4
Felsbane,argent-dawn,767,demonhunter,havoc,15,9,6
Yorxdh,eredar,767,demonhunter,havoc,15,9,6
Knmdemon,draenor,767,demonhunter,havoc,18,8,10
Lilitlovesme,blackmoore,767,demonhunter,havoc,18,8,10
Apokalypsra,blackmoore,767,demonhunter,havoc,18,8,10
Shax,hellscream,767,demonhunter,havoc,18,8,10
Zmasteez,ahnqiraj,767,demonhunter,havoc,18,8,10
Dirtydoggy,dun-modr,767,demonhunter,havoc,18,8,10
Kithan,zuljin,767,demonhunter,havoc,18,8,10
Bamßi,ragnaros,767,demonhunter,havoc,18,8,10
Paindemon,outland,767,demonhunter,havoc,18,8,10
Calendith,arathor,767,demonhunter,havoc,21,9,12
Salamihexler,dun-morogh,767,demonhunter,havoc,23,8,15
Skrelarent,argent-dawn,766,demonhunter,havoc,12,8,4
Deathblades,twisting-nether,766,demonhunter,havoc,18,8,10
Varthag,antonidas,766,demonhunter,havoc,18,8,10
Nestrae,drakthul,766,demonhunter,havoc,18,8,10
Badgyalriri,hyjal,766,demonhunter,havoc,18,8,10
Мейьибейьи,howling-fjord,766,demonhunter,havoc,18,8,10
Sarrabulho,magtheridon,766,demonhunter,havoc,18,8,10
Neiden,deathwing,766,demonhunter,havoc,24,8,16
Akäly,hyjal,765,demonhunter,havoc,19,9,10
Mihaliana,argent-dawn,765,demonhunter,havoc,18,8,10
Aelzeran,stormscale,765,demonhunter,havoc,24,8,16
Ironjòe,eredar,764,demonhunter,havoc,18,8,10
Hupon,drakthul,764,demonhunter,havoc,18,8,10
Noxxi,gorgonnash,764,demonhunter,havoc,18,8,10
Saìras,blackhand,763,demonhunter,havoc,18,8,10
Попкасиська,eversong,763,demonhunter,havoc,47,19,28
Covidian,kilrogg,762,demonhunter,havoc,12,8,4
Darksink,kazzak,762,demonhunter,havoc,18,8,10
Unsainted,blackhand,762,demonhunter,havoc,18,8,10
Amaterasù,alleria,761,demonhunter,havoc,18,8,10
Lovzuu,draenor,759,demonhunter,havoc,12,8,4
Dutchmadman,aerie-peak,758,demonhunter,havoc,49,20,29
Цион,soulflayer,757,demonhunter,havoc,18,8,10
Petefile,kazzak,757,demonhunter,havoc,18,8,10
Meliòdas,draenor,757,demonhunter,havoc,25,8,17
Yiùna,hyjal,756,demonhunter,havoc,18,8,10
Maryjane,nordrassil,756,demonhunter,havoc,18,8,10
Roostidh,shattered-hand,753,demonhunter,havoc,18,8,10
Pismanik,drakthul,752,demonhunter,havoc,12,8,4
Lailat,alexstrasza,752,demonhunter,havoc,16,9,7
Sìnbad,khaz-modan,749,demonhunter,havoc,12,8,4
Braserol,archimonde,749,demonhunter,havoc,26,8,18
Butcherr,ulduar,736,demonhunter,havoc,24,8,16
Quavanity,sylvanas,735,demonhunter,havoc,17,8,9
Zealdancer,veknilash,734,demonhunter,havoc,17,8,9
Kélida,dun-modr,720,demonhunter,havoc,21,8,13
Gushìñgwøuñð,blackmoore,719,demonhunter,havoc,11,8,3
Glavesong,burning-legion,719,demonhunter,havoc,15,9,6
Bezdna,stormrage,718,demonhunter,havoc,15,8,7
Judderzz,bronze-dragonflight,717,demonhunter,havoc,18,8,10
Makiu,archimonde,717,demonhunter,havoc,21,8,13
Zlett,draenor,704,demonhunter,havoc,16,8,8
Liondam,pozzo-delleternità,696,demonhunter,havoc,24,8,16
Yeyote,dun-modr,695,demonhunter,havoc,15,10,5
Стрепа,grom,693,demonhunter,havoc,17,8,9
Maddificator,silvermoon,686,demonhunter,havoc,14,8,6
Магнисс,fordragon,685,demonhunter,havoc,14,8,6
Itzrazor,ravencrest,683,demonhunter,havoc,25,8,17
Herzbann,madmortem,676,demonhunter,havoc,19,8,11
Zmemroo,magtheridon,672,demonhunter,havoc,12,7,5
Caronte,los-errantes,672,demonhunter,havoc,12,7,5
Ronstoppable,ravencrest,672,demonhunter,havoc,12,7,5
Evul,blackmoore,672,demonhunter,havoc,12,7,5
Lirigizel,hellscream,672,demonhunter,havoc,12,7,5
Damnituther,kazzak,672,demonhunter,havoc,12,7,5
Ozu,blackrock,672,demonhunter,havoc,12,7,5
Weback,ravencrest,672,demonhunter,havoc,12,7,5
Glevenuschii,blackmoore,672,demonhunter,havoc,12,7,5
Stonedaf,ravencrest,672,demonhunter,havoc,12,7,5
Ekaõs,les-sentinelles,672,demonhunter,havoc,12,7,5
Esadeáth,ravencrest,672,demonhunter,havoc,12,7,5
Дезлее,gordunni,672,demonhunter,havoc,12,7,5
Styxdh,blackhand,672,demonhunter,havoc,12,7,5
Lemiisa,burning-blade,672,demonhunter,havoc,12,7,5
Chaosknight,outland,672,demonhunter,havoc,12,7,5
Кррюкс,gordunni,672,demonhunter,havoc,12,7,5
Illyriel,antonidas,672,demonhunter,havoc,12,7,5
Teinzy,stormscale,672,demonhunter,havoc,12,7,5
Itsfinee,outland,672,demonhunter,havoc,12,7,5
Hextechz,stormscale,672,demonhunter,havoc,12,7,5
Atrikagodx,kazzak,672,demonhunter,havoc,12,7,5
Kalachiquezz,kazzak,672,demonhunter,havoc,12,7,5
Alied,burning-blade,672,demonhunter,havoc,12,7,5
Crispychick,stormscale,672,demonhunter,havoc,12,7,5
Pepenger,kazzak,672,demonhunter,havoc,12,7,5
Freylis,burning-legion,672,demonhunter,havoc,14,7,7
Opsidaisi,tarren-mill,672,demonhunter,havoc,18,7,11
Келидаррия,soulflayer,672,demonhunter,havoc,18,7,11
Satti,sargeras,672,demonhunter,havoc,18,7,11
Grazax,lightnings-blade,672,demonhunter,havoc,18,7,11
Veryfunhaha,ravencrest,672,demonhunter,havoc,18,7,11
Badess,malfurion,672,demonhunter,havoc,18,7,11
Abigorien,blackmoore,672,demonhunter,havoc,18,7,11
Wrathia,rexxar,672,demonhunter,havoc,18,7,11
Ayimprepared,ragnaros,672,demonhunter,havoc,18,7,11
Charleyzard,argent-dawn,672,demonhunter,havoc,18,7,11
Chrístíe,sanguino,672,demonhunter,havoc,18,7,11
Êlva,alleria,672,demonhunter,havoc,18,7,11
Demondulle,kazzak,672,demonhunter,havoc,18,7,11
Крикетх,soulflayer,672,demonhunter,havoc,18,7,11
Kruthor,taerar,672,demonhunter,havoc,18,7,11
Iamayaqt,nemesis,672,demonhunter,havoc,24,7,17
Jokas,archimonde,672,demonhunter,havoc,24,7,17
Рагнос,goldrinn,672,demonhunter,havoc,30,7,23
Selcan,archimonde,671,demonhunter,havoc,12,7,5
Ddvh,drakthul,671,demonhunter,havoc,12,7,5
Randydhunt,draenor,671,demonhunter,havoc,12,7,5
Nxmpys,sanguino,671,demonhunter,havoc,12,7,5
Youngboost,blackrock,671,demonhunter,havoc,12,7,5
Meji,ravencrest,671,demonhunter,havoc,12,7,5
Marcellaa,ravencrest,671,demonhunter,havoc,12,7,5
Nerfy,silvermoon,671,demonhunter,havoc,12,7,5
Mirajen,dun-modr,671,demonhunter,havoc,12,7,5
Elfmonger,ravencrest,671,demonhunter,havoc,12,7,5
Gruusha,kazzak,671,demonhunter,havoc,12,7,5
Rebelion,dun-modr,671,demonhunter,havoc,18,7,11
Norebb,sanguino,671,demonhunter,havoc,18,7,11
Corelly,ragnaros,671,demonhunter,havoc,18,7,11
Abrahêll,dun-modr,671,demonhunter,havoc,18,7,11
Gearuzaki,ghostlands,671,demonhunter,havoc,18,7,11
Manga,aegwynn,671,demonhunter,havoc,18,7,11
Azn,twisting-nether,671,demonhunter,havoc,18,7,11
Lîllîv,wrathbringer,671,demonhunter,havoc,18,7,11
Тэлэсык,gordunni,671,demonhunter,havoc,18,7,11
Moojdh,malganis,671,demonhunter,havoc,18,7,11
Abendro,twisting-nether,671,demonhunter,havoc,18,7,11
Милинайт,eversong,670,demonhunter,havoc,12,7,5
Nikkidesaint,twisting-nether,670,demonhunter,havoc,12,7,5
Leäf,drakthul,670,demonhunter,havoc,12,7,5
Hyunkél,kirin-tor,670,demonhunter,havoc,18,7,11
Xtrmhunter,ysondre,670,demonhunter,havoc,18,7,11
Felni,lightbringer,669,demonhunter,havoc,12,7,5
Diabloman,stormscale,669,demonhunter,havoc,18,7,11
Kumoko,burning-legion,669,demonhunter,havoc,21,8,13
Necrotyle,twisting-nether,669,demonhunter,havoc,21,8,13
Valen,die-aldor,669,demonhunter,havoc,24,7,17
Katheros,garrosh,667,demonhunter,havoc,12,7,5
Дядяэл,fordragon,667,demonhunter,havoc,24,7,17
Fugma,defias-brotherhood,666,demonhunter,havoc,12,7,5
Glaiverush,alakir,666,demonhunter,havoc,12,7,5
Sgravo,nemesis,665,demonhunter,havoc,12,7,5
Danshokudino,kazzak,665,demonhunter,havoc,18,7,11
Rúpél,thrall,664,demonhunter,havoc,24,7,17
Турботашш,soulflayer,655,demonhunter,havoc,17,7,10
Ёмайл,soulflayer,655,demonhunter,havoc,18,7,11
Anishara,die-nachtwache,653,demonhunter,havoc,19,8,11
Devilmonkey,ambossar,647,demonhunter,havoc,48,13,35
Летучий,howling-fjord,638,demonhunter,havoc,14,8,6
Emmunka,drakthul,638,demonhunter,havoc,17,7,10
Lexxdh,blackmoore,637,demonhunter,havoc,14,8,6
Snelle,outland,624,demonhunter,havoc,15,7,8
Harha,stormscale,623,demonhunter,havoc,11,7,4
Аллидариан,howling-fjord,623,demonhunter,havoc,17,7,10
Подкрадунзай,soulflayer,621,demonhunter,havoc,12,9,3
Prismio,ysondre,618,demonhunter,havoc,15,7,8
Makhabunda,terokkar,618,demonhunter,havoc,28,8,20
Inolia,argent-dawn,608,demonhunter,havoc,16,7,9
Hyperflex,blackrock,608,demonhunter,havoc,16,7,9
Phalekxox,ravencrest,607,demonhunter,havoc,11,7,4
Calainis,twisting-nether,606,demonhunter,havoc,14,7,7
Nahlendris,darkmoon-faire,596,demonhunter,havoc,16,7,9
Prouser,turalyon,588,demonhunter,havoc,21,8,13
Vengeful,alonsus,576,demonhunter,havoc,6,6,0
Firstwolf,twisting-nether,576,demonhunter,havoc,6,6,0
Mímð,ravencrest,576,demonhunter,havoc,6,6,0
Fôns,sanguino,576,demonhunter,havoc,6,6,0
Illidiangød,sanguino,576,demonhunter,havoc,6,6,0
Alasune,twisting-nether,576,demonhunter,havoc,6,6,0
Like,shattrath,576,demonhunter,havoc,14,7,7
Tëvnic,kazzak,576,demonhunter,havoc,12,6,6
Malethrienna,argent-dawn,576,demonhunter,havoc,12,6,6
Lòsêr,ravencrest,576,demonhunter,havoc,12,6,6
Kyuzo,sanguino,576,demonhunter,havoc,12,6,6
Adírael,cthun,576,demonhunter,havoc,12,6,6
Demonzøku,ravencrest,576,demonhunter,havoc,12,6,6
Asylèm,draenor,576,demonhunter,havoc,12,6,6
Stickihunt,malganis,576,demonhunter,havoc,12,6,6
Calicó,draenor,576,demonhunter,havoc,12,6,6
Вскрыша,soulflayer,576,demonhunter,havoc,12,6,6
Jaace,silvermoon,576,demonhunter,havoc,12,6,6
Noovedh,ravencrest,576,demonhunter,havoc,12,6,6
Neonishh,twisting-nether,576,demonhunter,havoc,12,6,6
Gangstaboy,nemesis,576,demonhunter,havoc,12,6,6
Mythnimue,tarren-mill,576,demonhunter,havoc,12,6,6
Størmrage,sanguino,576,demonhunter,havoc,12,6,6
Сихая,howling-fjord,576,demonhunter,havoc,12,6,6
Брилаброви,soulflayer,576,demonhunter,havoc,12,6,6
Lurtéx,kazzak,576,demonhunter,havoc,12,6,6
Lezzo,tarren-mill,576,demonhunter,havoc,12,6,6
Noitradh,zuljin,576,demonhunter,havoc,12,6,6
Pyleá,malganis,576,demonhunter,havoc,12,6,6
Friidaadh,lightbringer,576,demonhunter,havoc,12,6,6
Rhinozerg,kazzak,576,demonhunter,havoc,12,6,6
Вафлистикус,ashenvale,576,demonhunter,havoc,12,6,6
Soulmortal,draenor,576,demonhunter,havoc,12,6,6
Kazeha,tarren-mill,576,demonhunter,havoc,12,6,6
Lanaël,kaelthas,576,demonhunter,havoc,12,6,6
Cielis,outland,576,demonhunter,havoc,12,6,6
Demonpegasus,draenor,576,demonhunter,havoc,12,6,6
Охотникн,howling-fjord,576,demonhunter,havoc,12,6,6
Xyrs,draenor,576,demonhunter,havoc,12,6,6
Zelidh,korgall,576,demonhunter,havoc,12,6,6
Mortyb,kazzak,576,demonhunter,havoc,12,6,6
Анавеллка,howling-fjord,576,demonhunter,havoc,12,6,6
Notapistol,outland,576,demonhunter,havoc,12,6,6
Jedbrazander,ragnaros,576,demonhunter,havoc,12,6,6
Anklàr,blackrock,576,demonhunter,havoc,12,6,6
Нулевыйчел,gordunni,576,demonhunter,havoc,12,6,6
Länika,drakthul,576,demonhunter,havoc,12,6,6
Desdh,blackmoore,576,demonhunter,havoc,12,6,6
Mendøøza,hyjal,576,demonhunter,havoc,12,6,6
Ferrero,guldan,576,demonhunter,havoc,12,6,6
Peacedopice,drakthul,576,demonhunter,havoc,12,6,6
Ceyye,blackrock,576,demonhunter,havoc,12,6,6
Miyxcu,aegwynn,576,demonhunter,havoc,12,6,6
Newgens,kazzak,576,demonhunter,havoc,12,6,6
Paîmon,hyjal,576,demonhunter,havoc,12,6,6
Hatemaker,burning-legion,576,demonhunter,havoc,15,7,8
Shreeð,blackmoore,576,demonhunter,havoc,16,7,9
Chíwas,outland,576,demonhunter,havoc,18,6,12
Inasyndre,argent-dawn,576,demonhunter,havoc,18,6,12
Mettdaemon,ravencrest,576,demonhunter,havoc,18,6,12
Mëy,thrall,576,demonhunter,havoc,18,6,12
Zaÿn,antonidas,576,demonhunter,havoc,18,6,12
Sèptember,draenor,576,demonhunter,havoc,18,6,12
Luceafaru,draenor,576,demonhunter,havoc,18,6,12
Dèsdemøna,nemesis,576,demonhunter,havoc,18,6,12
Pinx,archimonde,576,demonhunter,havoc,18,6,12
Nøøßønline,hyjal,576,demonhunter,havoc,18,6,12
Blueformeld,draenor,576,demonhunter,havoc,18,6,12
Shyoxdh,twisting-nether,576,demonhunter,havoc,18,6,12
Alandiel,twisting-nether,576,demonhunter,havoc,18,6,12
Riñ,twisting-nether,576,demonhunter,havoc,18,6,12
Bämbøué,hyjal,576,demonhunter,havoc,18,6,12
Стараятварь,thermaplugg,576,demonhunter,havoc,24,6,18
Pèpsì,kazzak,576,demonhunter,havoc,24,6,18
Redgi,tarren-mill,576,demonhunter,havoc,24,6,18
Shizuuli,outland,576,demonhunter,havoc,30,6,24
Instinctivee,sylvanas,575,demonhunter,havoc,12,6,6
Jimlast,eredar,575,demonhunter,havoc,12,6,6
Posterboy,tarren-mill,575,demonhunter,havoc,12,6,6
Valshatt,sanguino,575,demonhunter,havoc,12,6,6
Saftad,outland,575,demonhunter,havoc,12,6,6
Extraxtreme,ravencrest,575,demonhunter,havoc,12,6,6
Kramixx,thrall,575,demonhunter,havoc,12,6,6
Devilord,sanguino,575,demonhunter,havoc,12,6,6
Calthmon,shattrath,575,demonhunter,havoc,12,6,6
Nerudas,blackhand,575,demonhunter,havoc,12,6,6
Davdavdh,tarren-mill,575,demonhunter,havoc,12,6,6
Nassou,hyjal,575,demonhunter,havoc,12,6,6
Lailâh,blackmoore,575,demonhunter,havoc,12,6,6
Sinorack,sargeras,575,demonhunter,havoc,12,6,6
Daweeo,the-maelstrom,575,demonhunter,havoc,12,6,6
Arløw,archimonde,575,demonhunter,havoc,16,7,9
Brolycoly,stormscale,575,demonhunter,havoc,16,6,10
Joezus,draenor,575,demonhunter,havoc,18,6,12
Зедю,howling-fjord,575,demonhunter,havoc,18,6,12
Нокаруру,gordunni,575,demonhunter,havoc,18,6,12
Candylicks,kazzak,575,demonhunter,havoc,18,6,12
Julmia,dragonblight,575,demonhunter,havoc,24,6,18
Zayl,defias-brotherhood,575,demonhunter,havoc,24,6,18
Талона,fordragon,574,demonhunter,havoc,12,6,6
Sangita,tarren-mill,574,demonhunter,havoc,12,6,6
Ôlowain,blackmoore,574,demonhunter,havoc,18,6,12
Aloii,kazzak,574,demonhunter,havoc,18,6,12
Klave,argent-dawn,573,demonhunter,havoc,18,6,12
Elindoria,dalaran,572,demonhunter,havoc,12,6,6
Dântés,silvermoon,572,demonhunter,havoc,24,6,18
Arxaxe,sanguino,571,demonhunter,havoc,12,6,6
Caria,twisting-nether,570,demonhunter,havoc,12,6,6
Bahmut,argent-dawn,569,demonhunter,havoc,12,6,6
Dàrkinette,archimonde,566,demonhunter,havoc,12,6,6
Glerog,ragnaros,558,demonhunter,havoc,10,7,3
Kranta,blackmoore,544,demonhunter,havoc,16,8,8
Tzigonline,silvermoon,542,demonhunter,havoc,17,6,11
Foxylama,stormscale,528,demonhunter,havoc,15,7,8
Panejo,drakthul,528,demonhunter,havoc,15,6,9
Хисаго,gordunni,522,demonhunter,havoc,15,7,8
Beraxulus,aegwynn,522,demonhunter,havoc,16,7,9
Алистреель,gordunni,521,demonhunter,havoc,13,7,6
Gnjurac,outland,511,demonhunter,havoc,14,6,8
Asperity,antonidas,511,demonhunter,havoc,18,6,12
Illidancz,thunderhorn,488,demonhunter,havoc,13,6,7
Avavidh,blackmoore,480,demonhunter,havoc,6,5,1
Morrion,blackmoore,480,demonhunter,havoc,6,5,1
Nanába,draenor,480,demonhunter,havoc,6,5,1
Judditdhx,draenor,480,demonhunter,havoc,6,5,1
Monion,defias-brotherhood,480,demonhunter,havoc,6,5,1
Amylia,perenolde,480,demonhunter,havoc,6,5,1
Giboo,emerald-dream,480,demonhunter,havoc,6,5,1
Gixota,silvermoon,480,demonhunter,havoc,6,5,1
Guziel,kazzak,480,demonhunter,havoc,6,5,1
Bruxdh,colinas-pardas,480,demonhunter,havoc,6,5,1
Kakashî,darksorrow,480,demonhunter,havoc,6,5,1
Lesamaritain,ysondre,480,demonhunter,havoc,6,5,1
Mouga,hyjal,480,demonhunter,havoc,6,5,1
Ismelldemons,silvermoon,480,demonhunter,havoc,6,5,1
Эрнерион,soulflayer,480,demonhunter,havoc,6,5,1
Táti,blackrock,480,demonhunter,havoc,6,5,1
Demongodxx,twisting-nether,480,demonhunter,havoc,6,5,1
Miscodedh,ravencrest,480,demonhunter,havoc,9,6,3
Подэхилла,galakrond,480,demonhunter,havoc,10,6,4
Takad,twisting-nether,480,demonhunter,havoc,12,5,7
Tatoos,bronze-dragonflight,480,demonhunter,havoc,12,5,7
Innostigma,dalaran,480,demonhunter,havoc,12,5,7
Tthic,shadowsong,480,demonhunter,havoc,12,5,7
Tastyblades,blackmoore,480,demonhunter,havoc,12,5,7
Superchocowo,sanguino,480,demonhunter,havoc,12,5,7
Eibemme,alleria,480,demonhunter,havoc,12,5,7
Sokal,dun-modr,480,demonhunter,havoc,12,5,7
Giftìg,ravencrest,480,demonhunter,havoc,12,5,7
Spitface,aegwynn,480,demonhunter,havoc,12,5,7
Thelyan,ravencrest,480,demonhunter,havoc,12,5,7
Natzú,ravencrest,480,demonhunter,havoc,12,5,7
Gwoodza,archimonde,480,demonhunter,havoc,12,5,7
Hakakuri,ravencrest,480,demonhunter,havoc,12,5,7
Zunada,ragnaros,480,demonhunter,havoc,12,5,7
Caøtix,blackrock,480,demonhunter,havoc,12,5,7
Ferndejar,draenor,480,demonhunter,havoc,12,5,7
Максимлолпро,howling-fjord,480,demonhunter,havoc,12,5,7
Korrupt,draenor,480,demonhunter,havoc,12,5,7
Séphrióth,frostwolf,480,demonhunter,havoc,12,5,7
Nidorino,aegwynn,480,demonhunter,havoc,12,5,7
Glìmpsêgøðx,antonidas,480,demonhunter,havoc,12,5,7
Nagh,archimonde,480,demonhunter,havoc,12,5,7
Пупчански,howling-fjord,480,demonhunter,havoc,12,5,7
Revérse,stormscale,480,demonhunter,havoc,12,5,7
Jimfromsales,argent-dawn,480,demonhunter,havoc,12,5,7
Topg,bladefist,480,demonhunter,havoc,12,5,7
Ourius,blackmoore,480,demonhunter,havoc,12,5,7
Atômik,drakthul,480,demonhunter,havoc,12,5,7
Tomkis,ravencrest,480,demonhunter,havoc,12,5,7
Dhaosh,nemesis,480,demonhunter,havoc,12,5,7
Integer,tarren-mill,480,demonhunter,havoc,12,5,7
Malzehar,tarren-mill,480,demonhunter,havoc,12,5,7
Coniras,dun-morogh,480,demonhunter,havoc,12,5,7
Lyanadh,blackhand,480,demonhunter,havoc,12,5,7
Rybn,eredar,480,demonhunter,havoc,12,5,7
Blind,kazzak,480,demonhunter,havoc,12,5,7
Ðhgøðx,outland,480,demonhunter,havoc,12,5,7
Шликшлик,blackscar,480,demonhunter,havoc,12,5,7
Диртхамен,blackscar,480,demonhunter,havoc,12,5,7
Дракомуфлон,gordunni,480,demonhunter,havoc,12,5,7
Deathe,kilrogg,480,demonhunter,havoc,12,5,7
Khenetai,silvermoon,480,demonhunter,havoc,12,5,7
Demondusk,silvermoon,480,demonhunter,havoc,12,5,7
Albdh,kazzak,480,demonhunter,havoc,12,5,7
Филеровщик,deathguard,480,demonhunter,havoc,12,5,7
Shyynedh,grim-batol,480,demonhunter,havoc,15,6,9
Natarásh,blackmoore,480,demonhunter,havoc,18,5,13
Wajoglaive,blackhand,480,demonhunter,havoc,18,5,13
Lovesong,the-shatar,480,demonhunter,havoc,18,5,13
Djaskmazi,archimonde,480,demonhunter,havoc,18,5,13
Talyrîs,aegwynn,480,demonhunter,havoc,18,5,13
Gagfordaddy,ravencrest,480,demonhunter,havoc,18,5,13
Vaimustus,outland,480,demonhunter,havoc,18,5,13
Crushidemon,draenor,480,demonhunter,havoc,18,5,13
Aelina,area-52,480,demonhunter,havoc,18,5,13
Dübler,gorgonnash,480,demonhunter,havoc,18,5,13
Кайренсс,howling-fjord,480,demonhunter,havoc,18,5,13
Каталейна,howling-fjord,480,demonhunter,havoc,24,5,19
Sephiris,argent-dawn,479,demonhunter,havoc,6,5,1
Sholon,kiljaeden,479,demonhunter,havoc,6,5,1
Dontrunaway,tarren-mill,479,demonhunter,havoc,6,5,1
Ridweng,ravenholdt,479,demonhunter,havoc,7,5,2
Cindras,turalyon,479,demonhunter,havoc,12,5,7
Dedaronnes,hyjal,479,demonhunter,havoc,12,5,7
Aruzar,twisting-nether,479,demonhunter,havoc,12,5,7
Rtz,malfurion,479,demonhunter,havoc,12,5,7
Marsterkush,malygos,479,demonhunter,havoc,12,5,7
Approxis,archimonde,479,demonhunter,havoc,12,5,7
Merilidan,blackrock,479,demonhunter,havoc,12,5,7
Макай,deathguard,479,demonhunter,havoc,12,5,7
Chàuvequipeu,dalaran,479,demonhunter,havoc,12,5,7
Shekny,sanguino,479,demonhunter,havoc,12,5,7
Gryphory,ravencrest,479,demonhunter,havoc,12,5,7
Demontevz,outland,479,demonhunter,havoc,12,5,7
Jonasdh,antonidas,479,demonhunter,havoc,12,5,7
Vaenil,hyjal,479,demonhunter,havoc,18,5,13
Скудайвер,gordunni,478,demonhunter,havoc,12,5,7
Thilanea,emeriss,478,demonhunter,havoc,12,5,7
Kairidemon,eredar,477,demonhunter,havoc,12,5,7
Гёнке,gordunni,477,demonhunter,havoc,22,6,16
Гачирабыня,lich-king,477,demonhunter,havoc,30,5,25
Vincbengt,tarren-mill,476,demonhunter,havoc,12,5,7
Cometofloki,outland,475,demonhunter,havoc,12,5,7
Hellforce,nemesis,474,demonhunter,havoc,12,5,7
Illikan,stormscale,474,demonhunter,havoc,12,5,7
Etraidor,turalyon,473,demonhunter,havoc,12,5,7
Кислотна,borean-tundra,471,demonhunter,havoc,13,5,8
Cameclc,hyjal,448,demonhunter,havoc,16,5,11
Shaundead,drakthul,447,demonhunter,havoc,11,5,6
Majînßûü,ravencrest,447,demonhunter,havoc,11,5,6
Slaanesh,xavius,447,demonhunter,havoc,11,5,6
Жемчужинка,eversong,447,demonhunter,havoc,11,5,6
Илнари,soulflayer,447,demonhunter,havoc,11,5,6
Greyfel,blackhand,447,demonhunter,havoc,18,6,12
Иллианэль,howling-fjord,432,demonhunter,havoc,9,5,4
Bertori,dun-modr,416,demonhunter,havoc,10,5,5
Opmuch,eonar,416,demonhunter,havoc,10,5,5
Predatrix,khaz-modan,415,demonhunter,havoc,8,5,3
Thorskinius,ravencrest,414,demonhunter,havoc,20,5,15
Nightglaives,twisting-nether,384,demonhunter,havoc,6,4,2
Tzs,blackrock,384,demonhunter,havoc,6,4,2
Шизванаденс,gordunni,384,demonhunter,havoc,6,4,2
Талисзора,gordunni,384,demonhunter,havoc,6,4,2
Akaniiaa,blackmoore,384,demonhunter,havoc,6,4,2
Ðevl,blackmoore,384,demonhunter,havoc,6,4,2
Vidagín,blackmoore,384,demonhunter,havoc,6,4,2
Demonakis,twisting-nether,384,demonhunter,havoc,6,4,2
Gorinda,twisting-nether,384,demonhunter,havoc,6,4,2
Exerzaria,twisting-nether,384,demonhunter,havoc,6,4,2
Atti,the-maelstrom,384,demonhunter,havoc,6,4,2
Милифесена,gordunni,384,demonhunter,havoc,6,4,2
Maupau,ravencrest,384,demonhunter,havoc,6,4,2
Dakydh,ravencrest,384,demonhunter,havoc,6,4,2
Memedhbtw,outland,384,demonhunter,havoc,6,4,2
Niellarsc,ravencrest,384,demonhunter,havoc,6,4,2
Varonx,drakthul,384,demonhunter,havoc,6,4,2
Grazilo,outland,384,demonhunter,havoc,6,4,2
Watchmepoop,stormscale,384,demonhunter,havoc,6,4,2
Fiduci,archimonde,384,demonhunter,havoc,6,4,2
Mýg,ravencrest,384,demonhunter,havoc,6,4,2
Docos,genjuros,384,demonhunter,havoc,6,4,2
Jennyßright,sargeras,384,demonhunter,havoc,6,4,2
Khrtdh,silvermoon,384,demonhunter,havoc,6,4,2
Dimonhunta,tarren-mill,384,demonhunter,havoc,6,4,2
Apsodemon,twisting-nether,384,demonhunter,havoc,6,4,2
Garra,chants-éternels,384,demonhunter,havoc,6,4,2
Çhïñêséðëmøñ,draenor,384,demonhunter,havoc,6,4,2
Wårbÿ,ravencrest,384,demonhunter,havoc,6,4,2
Demoncalle,the-maelstrom,384,demonhunter,havoc,6,4,2
Gotwings,sunstrider,384,demonhunter,havoc,6,4,2
Véspé,naxxramas,384,demonhunter,havoc,6,4,2
Onkwang,twisting-nether,384,demonhunter,havoc,6,4,2
Kriszidan,arathor,384,demonhunter,havoc,6,4,2
Diagonol,ragnaros,384,demonhunter,havoc,6,4,2
Adexi,twisting-nether,384,demonhunter,havoc,6,4,2
Verrottung,blackhand,384,demonhunter,havoc,6,4,2
Мэртольятти,soulflayer,384,demonhunter,havoc,6,4,2
Lemondehunta,twisting-nether,384,demonhunter,havoc,6,4,2
Rageglaive,ragnaros,384,demonhunter,havoc,6,4,2
Iken,ragnaros,384,demonhunter,havoc,6,4,2
Greedsmoke,kazzak,384,demonhunter,havoc,6,4,2
Imprøve,ravencrest,384,demonhunter,havoc,9,5,4
Darmash,ambossar,384,demonhunter,havoc,9,5,4
Deocleo,draenor,384,demonhunter,havoc,9,5,4
Freakerzoid,kazzak,384,demonhunter,havoc,11,4,7
Fbh,stormscale,384,demonhunter,havoc,12,4,8
Алмантиус,gordunni,384,demonhunter,havoc,12,4,8
Saikamango,blackhand,384,demonhunter,havoc,12,4,8
Illidarios,blackhand,384,demonhunter,havoc,12,4,8
Leylas,nagrand,384,demonhunter,havoc,12,4,8
Лупидолх,soulflayer,384,demonhunter,havoc,12,4,8
Graffyre,eonar,384,demonhunter,havoc,12,4,8
Deadrawdh,aegwynn,384,demonhunter,havoc,12,4,8
Хреньещёта,booty-bay,384,demonhunter,havoc,12,4,8
Daekon,ahnqiraj,384,demonhunter,havoc,12,4,8
Akkixy,die-aldor,384,demonhunter,havoc,12,4,8
Mamio,chogall,384,demonhunter,havoc,12,4,8
Hatred,argent-dawn,384,demonhunter,havoc,12,4,8
Voicechat,tarren-mill,384,demonhunter,havoc,12,4,8
Becknárn,sylvanas,384,demonhunter,havoc,12,4,8
Lenuna,frostmourne,384,demonhunter,havoc,12,4,8
Innocuouss,twisting-nether,384,demonhunter,havoc,12,4,8
Одзангейра,blackscar,384,demonhunter,havoc,12,4,8
Betterdk,twilights-hammer,384,demonhunter,havoc,12,4,8
Dhogge,emerald-dream,384,demonhunter,havoc,12,4,8
Deathbydeaf,terenas,384,demonhunter,havoc,12,4,8
Arkta,kazzak,384,demonhunter,havoc,12,4,8
Reachfight,lothar,384,demonhunter,havoc,12,4,8
Floridaboy,ravencrest,384,demonhunter,havoc,12,4,8
Папичгодх,borean-tundra,384,demonhunter,havoc,12,4,8
Хокану,gordunni,384,demonhunter,havoc,12,4,8
Rúllio,rexxar,384,demonhunter,havoc,12,4,8
Saehila,kirin-tor,384,demonhunter,havoc,12,4,8
Ázârìûs,draenor,384,demonhunter,havoc,12,4,8
Blüëräin,draenor,384,demonhunter,havoc,12,4,8
Dannyp,ravencrest,384,demonhunter,havoc,12,4,8
Mouz,thrall,384,demonhunter,havoc,12,4,8
Nephylon,draenor,384,demonhunter,havoc,12,4,8
Ascindra,kazzak,384,demonhunter,havoc,12,4,8
Maeltus,hyjal,384,demonhunter,havoc,12,4,8
Rivy,magtheridon,384,demonhunter,havoc,12,4,8
Mempaan,magtheridon,384,demonhunter,havoc,12,4,8
Cutforshred,zenedar,384,demonhunter,havoc,12,4,8
Exodlia,silvermoon,384,demonhunter,havoc,12,4,8
Артёмблэйдх,blackscar,384,demonhunter,havoc,12,4,8
Ninjantiz,antonidas,384,demonhunter,havoc,12,4,8
Alleyezønme,outland,384,demonhunter,havoc,12,4,8
Frostidh,ysondre,384,demonhunter,havoc,12,4,8
Gorilla,korgall,384,demonhunter,havoc,12,4,8
Stormshred,stormscale,384,demonhunter,havoc,13,4,9
Linea,jaedenar,384,demonhunter,havoc,18,4,14
Sazukè,blackmoore,384,demonhunter,havoc,18,4,14
Ekhlipz,ysondre,384,demonhunter,havoc,18,4,14
Skajlan,burning-legion,384,demonhunter,havoc,18,4,14
Inflection,ravencrest,384,demonhunter,havoc,18,4,14
Gouteça,la-croisade-écarlate,384,demonhunter,havoc,18,4,14
Cmi,tarren-mill,384,demonhunter,havoc,18,4,14
Yocolo,sinstralis,383,demonhunter,havoc,6,4,2
Zaeros,archimonde,383,demonhunter,havoc,6,4,2
Poliex,khaz-modan,383,demonhunter,havoc,6,4,2
Rouzi,defias-brotherhood,383,demonhunter,havoc,6,4,2
Némesîs,cthun,383,demonhunter,havoc,6,4,2
Сязекть,goldrinn,383,demonhunter,havoc,12,4,8
Vengatoria,cthun,383,demonhunter,havoc,12,4,8
Шоеррей,gordunni,383,demonhunter,havoc,12,4,8
Selvagg,archimonde,383,demonhunter,havoc,12,4,8
Elenastar,kazzak,383,demonhunter,havoc,12,4,8
Plec,alakir,383,demonhunter,havoc,18,4,14
Solian,ravencrest,382,demonhunter,havoc,6,4,2
Nazzan,destromath,382,demonhunter,havoc,6,4,2
Demoncancer,kazzak,382,demonhunter,havoc,6,4,2
Rijsel,dalaran,382,demonhunter,havoc,6,4,2
Séleister,khaz-modan,382,demonhunter,havoc,12,4,8
Deathniresa,argent-dawn,379,demonhunter,havoc,12,4,8
Åáäàáåàáäàáå,dun-modr,377,demonhunter,havoc,15,6,9
Deamo,stormscale,367,demonhunter,havoc,11,4,7
Блэйденрифтс,soulflayer,351,demonhunter,havoc,11,4,7
Buttslapper,silvermoon,330,demonhunter,havoc,14,5,9
Shytan,tarren-mill,320,demonhunter,havoc,10,4,6
Piloudh,dalaran,320,demonhunter,havoc,10,4,6
Zavoc,the-maelstrom,319,demonhunter,havoc,8,4,4
Scotcheggs,argent-dawn,319,demonhunter,havoc,8,4,4
Felwaifu,tarren-mill,319,demonhunter,havoc,8,4,4
Линдорм,deathguard,318,demonhunter,havoc,8,4,4
Squarty,wrathbringer,316,demonhunter,havoc,8,4,4
Неффкодх,howling-fjord,304,demonhunter,havoc,7,4,3
Dzikalocha,burning-legion,288,demonhunter,havoc,6,3,3
Cánoo,blackhand,288,demonhunter,havoc,6,3,3
Bayerd,burning-legion,288,demonhunter,havoc,6,3,3
Cydonia,medivh,288,demonhunter,havoc,6,3,3
Songur,blackhand,288,demonhunter,havoc,6,3,3
Lolliance,talnivarr,288,demonhunter,havoc,6,3,3
Mandemz,nagrand,288,demonhunter,havoc,6,3,3
Funclass,blackrock,288,demonhunter,havoc,6,3,3
Cursedblade,archimonde,288,demonhunter,havoc,6,3,3
Xénôns,archimonde,288,demonhunter,havoc,6,3,3
Âstræa,antonidas,288,demonhunter,havoc,6,3,3
Terboven,outland,288,demonhunter,havoc,6,3,3
Ravae,burning-legion,288,demonhunter,havoc,6,3,3
Leïaprincess,hyjal,288,demonhunter,havoc,6,3,3
Crasyface,kazzak,288,demonhunter,havoc,6,3,3
Naargof,outland,288,demonhunter,havoc,6,3,3
Viodemon,blackrock,288,demonhunter,havoc,6,3,3
Kritflake,blackrock,288,demonhunter,havoc,6,3,3
Lundí,tarren-mill,288,demonhunter,havoc,6,3,3
Rehaell,burning-legion,288,demonhunter,havoc,6,3,3
Jörgböhme,blackhand,288,demonhunter,havoc,6,3,3
Youngfelrush,blackrock,288,demonhunter,havoc,6,3,3
Ксен,howling-fjord,288,demonhunter,havoc,6,3,3
Андрюхадх,soulflayer,288,demonhunter,havoc,6,3,3
Blizó,tarren-mill,288,demonhunter,havoc,6,3,3
Shotraklul,zuljin,288,demonhunter,havoc,6,3,3
Hyonzyyesh,silvermoon,288,demonhunter,havoc,6,3,3
Jellyjoker,malganis,288,demonhunter,havoc,6,3,3
Demonjagge,tarren-mill,288,demonhunter,havoc,6,3,3
Hárald,sanguino,288,demonhunter,havoc,6,3,3
Vaterdenke,defias-brotherhood,288,demonhunter,havoc,6,3,3
Rustedchurl,draenor,288,demonhunter,havoc,6,3,3
Demonyz,hyjal,288,demonhunter,havoc,6,3,3
Kyart,nemesis,288,demonhunter,havoc,6,3,3
Xellidan,dun-modr,288,demonhunter,havoc,6,3,3
Шрэдэр,thermaplugg,288,demonhunter,havoc,6,3,3
Minadng,silvermoon,288,demonhunter,havoc,6,3,3
Норилайнн,gordunni,288,demonhunter,havoc,6,3,3
Akhyra,ysondre,288,demonhunter,havoc,6,3,3
Sandem,blackrock,288,demonhunter,havoc,6,3,3
Lonedh,sylvanas,288,demonhunter,havoc,6,3,3
Alfaa,outland,288,demonhunter,havoc,6,3,3
Чубрик,howling-fjord,288,demonhunter,havoc,6,3,3
Marilu,nathrezim,288,demonhunter,havoc,6,3,3
Резако,soulflayer,288,demonhunter,havoc,6,3,3
Hellboi,dun-modr,288,demonhunter,havoc,6,3,3
Nameerr,ragnaros,288,demonhunter,havoc,6,3,3
Demonsushi,tarren-mill,288,demonhunter,havoc,6,3,3
Tígél,argent-dawn,288,demonhunter,havoc,6,3,3
Deschacke,eredar,288,demonhunter,havoc,6,3,3
Cienlowczyni,silvermoon,288,demonhunter,havoc,6,3,3
Dàrknight,azjolnerub,288,demonhunter,havoc,6,3,3
Heiltgalen,grim-batol,288,demonhunter,havoc,6,3,3
Themen,ragnaros,288,demonhunter,havoc,6,3,3
Morow,die-ewige-wacht,288,demonhunter,havoc,6,3,3
Lifel,nemesis,288,demonhunter,havoc,6,3,3
Divia,anubarak,288,demonhunter,havoc,6,3,3
Shinnu,antonidas,288,demonhunter,havoc,6,3,3
Factcox,magtheridon,288,demonhunter,havoc,6,3,3
Bunzi,sylvanas,288,demonhunter,havoc,6,3,3
Annaboliik,ravencrest,288,demonhunter,havoc,6,3,3
Zsídakabra,ragnaros,288,demonhunter,havoc,6,3,3
Shirra,shadowsong,288,demonhunter,havoc,6,3,3
Meserani,eredar,288,demonhunter,havoc,6,3,3
Тиктокденсер,gordunni,288,demonhunter,havoc,6,3,3
Fredhy,tarren-mill,288,demonhunter,havoc,6,3,3
Myuøu,hyjal,288,demonhunter,havoc,6,3,3
Kukulkanx,tarren-mill,288,demonhunter,havoc,6,3,3
Tozpak,sylvanas,288,demonhunter,havoc,6,3,3
Headlessdh,ragnaros,288,demonhunter,havoc,6,3,3
Fantabolous,ragnaros,288,demonhunter,havoc,6,3,3
Mephedroni,kazzak,288,demonhunter,havoc,6,3,3
Dadagodx,kazzak,288,demonhunter,havoc,6,3,3
Nightfly,twisting-nether,288,demonhunter,havoc,6,3,3
Qualron,twisting-nether,288,demonhunter,havoc,6,3,3
Felthunder,twisting-nether,288,demonhunter,havoc,6,3,3
Aaryaa,archimonde,288,demonhunter,havoc,6,3,3
Tåkotsubo,archimonde,288,demonhunter,havoc,6,3,3
Joeybadass,aegwynn,288,demonhunter,havoc,6,3,3
Velvetrain,ravencrest,288,demonhunter,havoc,6,3,3
Imvnrcvr,dalaran,288,demonhunter,havoc,6,3,3
Shaadraz,stormscale,288,demonhunter,havoc,6,3,3
Filthyape,ravencrest,288,demonhunter,havoc,6,3,3
Froog,frostmane,288,demonhunter,havoc,6,3,3
Killaden,ravenholdt,288,demonhunter,havoc,6,3,3
Дэйзиджонсон,soulflayer,288,demonhunter,havoc,6,3,3
Neony,blackmoore,288,demonhunter,havoc,6,3,3
Spiriteru,archimonde,288,demonhunter,havoc,6,3,3
Allosa,argent-dawn,288,demonhunter,havoc,6,3,3
Bossmac,mugthol,288,demonhunter,havoc,6,3,3
Sionar,kazzak,288,demonhunter,havoc,6,3,3
Kätarïnas,confrérie-du-thorium,288,demonhunter,havoc,6,3,3
Sonreye,kazzak,288,demonhunter,havoc,6,3,3
Na,conseil-des-ombres,288,demonhunter,havoc,6,3,3
Yelans,twisting-nether,288,demonhunter,havoc,6,3,3
Cnbâckbb,archimonde,288,demonhunter,havoc,6,3,3
Koger,twisting-nether,288,demonhunter,havoc,6,3,3
Ашерис,deathguard,288,demonhunter,havoc,6,3,3
Kyoukaii,kazzak,288,demonhunter,havoc,6,3,3
Schwitte,tichondrius,288,demonhunter,havoc,6,3,3
Makwah,kazzak,288,demonhunter,havoc,6,3,3
Nmeule,turalyon,288,demonhunter,havoc,6,3,3
Karakas,drakthul,288,demonhunter,havoc,6,3,3
Darkshadow,turalyon,288,demonhunter,havoc,6,3,3
Sfguild,kazzak,288,demonhunter,havoc,6,3,3
Tødø,nemesis,288,demonhunter,havoc,6,3,3
Эинхерия,soulflayer,288,demonhunter,havoc,6,3,3
Extitan,twisting-nether,288,demonhunter,havoc,6,3,3
Wildest,blackmoore,288,demonhunter,havoc,9,4,5
Фавлав,ashenvale,288,demonhunter,havoc,8,3,5
Aethilios,silvermoon,288,demonhunter,havoc,11,3,8
Sazzox,blackrock,288,demonhunter,havoc,12,3,9
Nightwalk,blackmoore,288,demonhunter,havoc,12,3,9
Välhöll,kirin-tor,288,demonhunter,havoc,12,3,9
Vulcaan,ravencrest,288,demonhunter,havoc,12,3,9
Tenaebris,silvermoon,288,demonhunter,havoc,12,3,9
Laurana,argent-dawn,288,demonhunter,havoc,12,3,9
Lamello,nemesis,288,demonhunter,havoc,12,3,9
Tuffêli,turalyon,288,demonhunter,havoc,12,3,9
Ïvø,sargeras,288,demonhunter,havoc,12,3,9
Cptgmiasbria,eredar,288,demonhunter,havoc,12,3,9
Metaman,archimonde,288,demonhunter,havoc,12,3,9
Râny,blackmoore,288,demonhunter,havoc,12,3,9
Ambodh,thrall,288,demonhunter,havoc,12,3,9
Milanto,antonidas,288,demonhunter,havoc,12,3,9
Demonwithin,nerathor,288,demonhunter,havoc,12,3,9
Firebringer,silvermoon,288,demonhunter,havoc,12,3,9
Naturalis,die-todeskrallen,288,demonhunter,havoc,12,3,9
Bengleng,draenor,288,demonhunter,havoc,12,3,9
Fullinaretta,archimonde,288,demonhunter,havoc,12,3,9
Dharuel,cthun,288,demonhunter,havoc,12,3,9
Rurt,sanguino,288,demonhunter,havoc,12,3,9
Rapp,nemesis,288,demonhunter,havoc,12,3,9
Самадиэль,soulflayer,288,demonhunter,havoc,12,3,9
Deathsnote,marécage-de-zangar,288,demonhunter,havoc,12,3,9
Хемах,howling-fjord,288,demonhunter,havoc,12,3,9
Vandazza,argent-dawn,288,demonhunter,havoc,12,3,9
Mordaer,twisting-nether,288,demonhunter,havoc,12,3,9
Феяужаса,soulflayer,288,demonhunter,havoc,12,3,9
Donstyle,anachronos,288,demonhunter,havoc,12,3,9
Bernhoftdh,ravencrest,288,demonhunter,havoc,12,3,9
Artwar,stormscale,288,demonhunter,havoc,12,3,9
Coolpizzaguy,twisting-nether,288,demonhunter,havoc,12,3,9
Domiinator,sylvanas,288,demonhunter,havoc,12,3,9
Illidorie,twisting-nether,288,demonhunter,havoc,12,3,9
Valø,malganis,288,demonhunter,havoc,12,3,9
Gpk,argent-dawn,288,demonhunter,havoc,12,3,9
Jïsoo,blackhand,288,demonhunter,havoc,12,3,9
Гелиосса,soulflayer,288,demonhunter,havoc,12,3,9
Blish,blackhand,288,demonhunter,havoc,12,3,9
Ricmorphis,grim-batol,288,demonhunter,havoc,18,3,15
Jimdh,quelthalas,288,demonhunter,havoc,18,3,15
Lasthija,dun-modr,288,demonhunter,havoc,18,3,15
Devildust,ravencrest,288,demonhunter,havoc,18,3,15
Samurase,kazzak,287,demonhunter,havoc,6,3,3
Dethlyn,twisting-nether,287,demonhunter,havoc,6,3,3
Sorgnarol,dalaran,287,demonhunter,havoc,6,3,3
Saturnein,stormscale,287,demonhunter,havoc,6,3,3
Нотреди,howling-fjord,287,demonhunter,havoc,6,3,3
Dimonanta,grim-batol,287,demonhunter,havoc,6,3,3
Mormefiél,twisting-nether,287,demonhunter,havoc,6,3,3
Menutzdh,tarren-mill,287,demonhunter,havoc,6,3,3
Hamssterek,magtheridon,287,demonhunter,havoc,12,3,9
Gêliôs,kazzak,271,demonhunter,havoc,11,3,8
Chancelvie,outland,255,demonhunter,havoc,11,3,8
Dexterzx,stormscale,240,demonhunter,havoc,9,3,6
Nithraim,kazzak,240,demonhunter,havoc,9,3,6
Itskarmax,outland,239,demonhunter,havoc,5,3,2
Ponn,blackmoore,239,demonhunter,havoc,5,3,2
Herax,drakthul,239,demonhunter,havoc,5,3,2
Xaro,quelthalas,239,demonhunter,havoc,5,3,2
Ñítøryù,ravencrest,234,demonhunter,havoc,10,4,6
Munamasa,archimonde,234,demonhunter,havoc,11,4,7
Лэймрисх,gordunni,223,demonhunter,havoc,14,3,11
Demoqt,ragnaros,192,demonhunter,havoc,4,3,1
Erenyeagerr,kazzak,192,demonhunter,havoc,4,3,1
Kiô,drakthul,192,demonhunter,havoc,9,3,6
Heidihauge,silvermoon,192,demonhunter,havoc,6,2,4
Mayzhi,hyjal,192,demonhunter,havoc,6,2,4
Dikcitx,archimonde,192,demonhunter,havoc,6,2,4
Axxad,kazzak,192,demonhunter,havoc,6,2,4
Cøldlean,ravencrest,192,demonhunter,havoc,6,2,4
Roxxis,mazrigos,192,demonhunter,havoc,6,2,4
Khinn,tyrande,192,demonhunter,havoc,6,2,4
Riveén,blackhand,192,demonhunter,havoc,6,2,4
Dhslayer,magtheridon,192,demonhunter,havoc,6,2,4
Omegahunterx,ravencrest,192,demonhunter,havoc,6,2,4
Czl,silvermoon,192,demonhunter,havoc,6,2,4
Yataganac,draenor,192,demonhunter,havoc,6,2,4
Harrah,archimonde,192,demonhunter,havoc,6,2,4
Cowardh,silvermoon,192,demonhunter,havoc,6,2,4
Chaeeri,twisting-nether,192,demonhunter,havoc,6,2,4
Fleshes,draenor,192,demonhunter,havoc,6,2,4
Juicyglaives,ragnaros,192,demonhunter,havoc,6,2,4
Tacodhx,ravencrest,192,demonhunter,havoc,6,2,4
Haveadad,outland,192,demonhunter,havoc,6,2,4
Martøsdh,uldum,192,demonhunter,havoc,6,2,4
Wheelchairdh,twisting-nether,192,demonhunter,havoc,6,2,4
Nörsedh,sanguino,192,demonhunter,havoc,6,2,4
Шоксенсацияя,howling-fjord,192,demonhunter,havoc,6,2,4
Anekk,kazzak,192,demonhunter,havoc,6,2,4
Zenô,antonidas,192,demonhunter,havoc,6,2,4
Pablino,darksorrow,192,demonhunter,havoc,6,2,4
Янгфрукт,howling-fjord,192,demonhunter,havoc,6,2,4
Tvé,ravencrest,192,demonhunter,havoc,6,2,4
Sajr,twisting-nether,192,demonhunter,havoc,6,2,4
Hykoolique,arakarahm,192,demonhunter,havoc,6,2,4
Остинджейн,soulflayer,192,demonhunter,havoc,6,2,4
Blacklance,ravencrest,192,demonhunter,havoc,6,2,4
Gnaget,the-maelstrom,192,demonhunter,havoc,6,2,4
Disconecting,outland,192,demonhunter,havoc,6,2,4
Дабллди,soulflayer,192,demonhunter,havoc,6,2,4
Беатриз,soulflayer,192,demonhunter,havoc,6,2,4
Fellout,burning-legion,192,demonhunter,havoc,6,2,4
Кеиичи,howling-fjord,192,demonhunter,havoc,6,2,4
Kryshan,burning-legion,192,demonhunter,havoc,6,2,4
Grinchdemon,nagrand,192,demonhunter,havoc,6,2,4
Wolfex,hellfire,192,demonhunter,havoc,6,2,4
Neimfel,outland,192,demonhunter,havoc,6,2,4
Stifeur,archimonde,192,demonhunter,havoc,6,2,4
Drahîna,khaz-modan,192,demonhunter,havoc,6,2,4
Hicke,burning-legion,192,demonhunter,havoc,6,2,4
Sñüîîâ,kazzak,192,demonhunter,havoc,6,2,4
Sârgan,khaz-modan,192,demonhunter,havoc,6,2,4
Datejust,archimonde,192,demonhunter,havoc,6,2,4
Barocs,antonidas,192,demonhunter,havoc,6,2,4
Demontoolz,outland,192,demonhunter,havoc,6,2,4
Маскитол,soulflayer,192,demonhunter,havoc,6,2,4
Sweåfy,outland,192,demonhunter,havoc,6,2,4
Schakalèn,ragnaros,192,demonhunter,havoc,6,2,4
Emkogødx,outland,192,demonhunter,havoc,6,2,4
Sälexz,ysondre,192,demonhunter,havoc,6,2,4
Aggrodíte,antonidas,192,demonhunter,havoc,6,2,4
Malkyor,ysondre,192,demonhunter,havoc,6,2,4
Razzàl,sinstralis,192,demonhunter,havoc,6,2,4
Scarath,eredar,192,demonhunter,havoc,6,2,4
Saphira,laughing-skull,192,demonhunter,havoc,6,2,4
Tetedechaise,archimonde,192,demonhunter,havoc,6,2,4
Draneka,argent-dawn,192,demonhunter,havoc,6,2,4
Dionyz,magtheridon,192,demonhunter,havoc,6,2,4
Brolafsen,ragnaros,192,demonhunter,havoc,6,2,4
Zxcjklcasdlk,sylvanas,192,demonhunter,havoc,6,2,4
Lodjay,hyjal,192,demonhunter,havoc,6,2,4
Холегдх,gordunni,192,demonhunter,havoc,6,2,4
Hatabaa,argent-dawn,192,demonhunter,havoc,6,2,4
Kibiri,rajaxx,192,demonhunter,havoc,6,2,4
Kakovicz,gorgonnash,192,demonhunter,havoc,6,2,4
Sephy,argent-dawn,192,demonhunter,havoc,6,2,4
Cíondra,aegwynn,192,demonhunter,havoc,6,2,4
Zarkhyl,malygos,192,demonhunter,havoc,6,2,4
Khrum,rajaxx,192,demonhunter,havoc,6,2,4
Люблюмеф,gordunni,192,demonhunter,havoc,6,2,4
Chlorel,arthas,192,demonhunter,havoc,6,2,4
Ybou,archimonde,192,demonhunter,havoc,6,2,4
Alervius,blackrock,192,demonhunter,havoc,6,2,4
Bratti,kazzak,192,demonhunter,havoc,6,2,4
Andariell,sylvanas,192,demonhunter,havoc,6,2,4
Тэнсу,borean-tundra,192,demonhunter,havoc,6,2,4
Narkiza,tarren-mill,192,demonhunter,havoc,6,2,4
Lexdh,blackrock,192,demonhunter,havoc,6,2,4
Мэлифсб,blackscar,192,demonhunter,havoc,6,2,4
Лилэйв,gordunni,192,demonhunter,havoc,6,2,4
Alcadejas,pozzo-delleternità,192,demonhunter,havoc,6,2,4
Palaurx,kazzak,192,demonhunter,havoc,6,2,4
Mythisa,blackrock,192,demonhunter,havoc,6,2,4
Jabuzi,drakthul,192,demonhunter,havoc,6,2,4
Bhuta,aerie-peak,192,demonhunter,havoc,6,2,4
Артесдх,gordunni,192,demonhunter,havoc,6,2,4
Lixxersmeta,stormscale,192,demonhunter,havoc,6,2,4
Ragnarak,amanthul,192,demonhunter,havoc,6,2,4
Bananabritta,aegwynn,192,demonhunter,havoc,6,2,4
Williamgrant,alonsus,192,demonhunter,havoc,6,2,4
Lucziane,blackmoore,192,demonhunter,havoc,6,2,4
Lillinète,archimonde,192,demonhunter,havoc,6,2,4
Nairra,blackmoore,192,demonhunter,havoc,6,2,4
Деорру,gordunni,192,demonhunter,havoc,6,2,4
Linkôs,aegwynn,192,demonhunter,havoc,6,2,4
Karpandero,stormreaver,192,demonhunter,havoc,6,2,4
Hârambe,stormscale,192,demonhunter,havoc,12,3,9
Врадость,soulflayer,192,demonhunter,havoc,8,2,6
Uthinare,silvermoon,192,demonhunter,havoc,8,2,6
Qweasda,stormscale,192,demonhunter,havoc,12,2,10
Aytèè,eredar,192,demonhunter,havoc,12,2,10
Drâparn,sylvanas,192,demonhunter,havoc,12,2,10
Enygamy,frostmane,192,demonhunter,havoc,12,2,10
Synistera,trollbane,192,demonhunter,havoc,12,2,10
Zynês,draenor,192,demonhunter,havoc,12,2,10
Themogar,earthen-ring,192,demonhunter,havoc,12,2,10
Tbomb,ragnaros,192,demonhunter,havoc,12,2,10
Tôx,dalaran,192,demonhunter,havoc,12,2,10
Ayido,xavius,192,demonhunter,havoc,12,2,10
Asperatus,dalaran,192,demonhunter,havoc,12,2,10
Парагони,gordunni,192,demonhunter,havoc,12,2,10
Zaydra,the-maelstrom,192,demonhunter,havoc,12,2,10
Dhogus,twisting-nether,192,demonhunter,havoc,12,2,10
Esseline,outland,192,demonhunter,havoc,12,2,10
Deehoh,twisting-nether,192,demonhunter,havoc,12,2,10
Spideymon,ragnaros,192,demonhunter,havoc,12,2,10
Язамясо,gordunni,192,demonhunter,havoc,12,2,10
Tapio,burning-legion,192,demonhunter,havoc,18,2,16
Fullmutter,twisting-nether,191,demonhunter,havoc,6,2,4
Lilarii,argent-dawn,191,demonhunter,havoc,12,2,10
Manjirosano,blackmoore,191,demonhunter,havoc,12,2,10
Noorrd,hyjal,191,demonhunter,havoc,12,2,10
Kurox,drakthul,191,demonhunter,havoc,18,2,16
Onorera,tarren-mill,160,demonhunter,havoc,10,2,8
Galafel,outland,159,demonhunter,havoc,5,2,3
Mezo,outland,144,demonhunter,havoc,3,3,0
Gucknicht,blackrock,144,demonhunter,havoc,9,2,7
Razerøø,ysondre,138,demonhunter,havoc,9,3,6
Kantklipper,ragnaros,138,demonhunter,havoc,10,3,7
Джэкмэн,soulflayer,138,demonhunter,havoc,23,4,19
Luferite,burning-blade,127,demonhunter,havoc,8,2,6
Amatèrasu,burning-legion,110,demonhunter,havoc,13,2,11
Âyoôrts,archimonde,96,demonhunter,havoc,3,2,1
Спокоивич,soulflayer,96,demonhunter,havoc,6,1,5
Laethas,twisting-nether,96,demonhunter,havoc,6,1,5
Вирбль,gordunni,96,demonhunter,havoc,6,1,5
Hørnyßæ,drakthul,96,demonhunter,havoc,6,1,5
Áarón,der-mithrilorden,96,demonhunter,havoc,6,1,5
Zarafel,hyjal,96,demonhunter,havoc,6,1,5
Azazël,turalyon,96,demonhunter,havoc,6,1,5
Dhgoddess,ravencrest,96,demonhunter,havoc,6,1,5
Dýlän,argent-dawn,96,demonhunter,havoc,6,1,5
Cruptiq,kazzak,96,demonhunter,havoc,6,1,5
Permachill,blackmoore,96,demonhunter,havoc,6,1,5
Jiínx,kazzak,96,demonhunter,havoc,6,1,5
Nairu,doomhammer,96,demonhunter,havoc,6,1,5
Louú,blackmoore,96,demonhunter,havoc,6,1,5
Kassin,dun-modr,96,demonhunter,havoc,6,1,5
Stormma,kazzak,96,demonhunter,havoc,6,1,5
Abalim,nemesis,96,demonhunter,havoc,6,1,5
Sgit,doomhammer,96,demonhunter,havoc,6,1,5
Aygael,archimonde,96,demonhunter,havoc,6,1,5
Bröwnye,dun-modr,96,demonhunter,havoc,6,1,5
Toio,nemesis,96,demonhunter,havoc,6,1,5
Karxarias,silvermoon,96,demonhunter,havoc,6,1,5
Styggve,ragnaros,96,demonhunter,havoc,6,1,5
Ryuhayabusa,stormscale,96,demonhunter,havoc,6,1,5
Pkdaemon,draenor,96,demonhunter,havoc,6,1,5
Vrazjababa,dragonmaw,96,demonhunter,havoc,6,1,5
Stàmàzza,nemesis,96,demonhunter,havoc,6,1,5
Ghetzlel,draenor,96,demonhunter,havoc,6,1,5
Blulake,silvermoon,96,demonhunter,havoc,6,1,5
Camotheck,stormscale,96,demonhunter,havoc,6,1,5
Vg,blackhand,96,demonhunter,havoc,6,1,5
Рензокукеен,gordunni,96,demonhunter,havoc,6,1,5
Maikko,los-errantes,96,demonhunter,havoc,6,1,5
Akron,magtheridon,96,demonhunter,havoc,6,1,5
Tòd,silvermoon,96,demonhunter,havoc,6,1,5
Flasqo,eredar,96,demonhunter,havoc,6,1,5
Fantamazing,ragnaros,96,demonhunter,havoc,6,1,5
Satela,azjolnerub,96,demonhunter,havoc,6,1,5
Anänke,twisting-nether,96,demonhunter,havoc,6,1,5
Askari,lothar,96,demonhunter,havoc,6,1,5
Mlecznygolem,silvermoon,96,demonhunter,havoc,6,1,5
Ripgodx,bronzebeard,96,demonhunter,havoc,6,1,5
Ellare,burning-blade,96,demonhunter,havoc,6,1,5
Malvax,tarren-mill,96,demonhunter,havoc,6,1,5
Reikuel,nemesis,96,demonhunter,havoc,6,1,5
Annee,eredar,96,demonhunter,havoc,6,1,5
Ilovesabrina,dun-modr,96,demonhunter,havoc,6,1,5
Чесденьгамии,soulflayer,96,demonhunter,havoc,6,1,5
Неверластх,gordunni,96,demonhunter,havoc,6,1,5
Niqel,blackrock,96,demonhunter,havoc,6,1,5
Wìxx,blackrock,96,demonhunter,havoc,6,1,5
Esthá,argent-dawn,96,demonhunter,havoc,6,1,5
Bitex,archimonde,96,demonhunter,havoc,6,1,5
Найлинель,fordragon,96,demonhunter,havoc,6,1,5
Evlos,hyjal,96,demonhunter,havoc,6,1,5
Аззазэль,howling-fjord,96,demonhunter,havoc,6,1,5
Teimotevey,silvermoon,96,demonhunter,havoc,6,1,5
Яестьдима,howling-fjord,96,demonhunter,havoc,6,1,5
Zyfu,antonidas,96,demonhunter,havoc,6,1,5
Äzot,burning-legion,96,demonhunter,havoc,6,1,5
Saisahan,archimonde,96,demonhunter,havoc,6,1,5
Shaelby,archimonde,96,demonhunter,havoc,6,1,5
Ганстапутин,howling-fjord,96,demonhunter,havoc,6,1,5
Дронкрылатый,soulflayer,96,demonhunter,havoc,6,1,5
Burritodh,tarren-mill,96,demonhunter,havoc,6,1,5
Clexa,thrall,96,demonhunter,havoc,6,1,5
Булёхинс,howling-fjord,96,demonhunter,havoc,6,1,5
Zoer,kazzak,96,demonhunter,havoc,6,1,5
Syldrae,hyjal,96,demonhunter,havoc,6,1,5
Bradzdh,outland,96,demonhunter,havoc,6,1,5
ßaßayaga,blackhand,96,demonhunter,havoc,6,1,5
Demongorgon,arathor,96,demonhunter,havoc,6,1,5
Tricki,kelthuzad,96,demonhunter,havoc,6,1,5
Oob,ysondre,96,demonhunter,havoc,6,1,5
Соларт,howling-fjord,96,demonhunter,havoc,6,1,5
Néèdgirly,malfurion,96,demonhunter,havoc,6,1,5
Bchj,ysondre,96,demonhunter,havoc,6,1,5
Бонятяф,gordunni,96,demonhunter,havoc,12,1,11
Dìus,blackmoore,96,demonhunter,havoc,12,1,11
Jásírá,shattrath,96,demonhunter,havoc,12,1,11
Ecthelionn,outland,96,demonhunter,havoc,12,1,11
Babyyéah,sunstrider,96,demonhunter,havoc,12,1,11
Shinarei,silvermoon,95,demonhunter,havoc,6,1,5
Elldarion,blackhand,79,demonhunter,havoc,5,1,4
Caluxe,blackmoore,79,demonhunter,havoc,5,1,4
Гадх,gordunni,42,demonhunter,havoc,8,2,6
Impulz,archimonde,42,demonhunter,havoc,9,2,7
Sinjinzoo,blackrock,31,demonhunter,havoc,2,1,1
Frozensoules,turalyon,31,demonhunter,havoc,8,1,7
Plagues,quelthalas,30,demonhunter,havoc,14,5,9
Vengeancezin,frostwhisper,2031,demonhunter,vengeance,150,80,70
Strqt,archimonde,1509,demonhunter,vengeance,54,29,25
Jedidiah,aggra-português,1496,demonhunter,vengeance,110,49,61
Zarín,outland,1394,demonhunter,vengeance,78,41,37
Paindemon,outland,1288,demonhunter,vengeance,60,35,25
Enithy,twisting-nether,934,demonhunter,vengeance,18,10,8
Kubusz,ravencrest,889,demonhunter,vengeance,36,16,20
Сумърак,grom,739,demonhunter,vengeance,29,8,21
Kekburagól,kazzak,575,demonhunter,vengeance,12,6,6
Demonlucy,colinas-pardas,287,demonhunter,vengeance,12,3,9
Camtoe,ravencrest,192,demonhunter,vengeance,6,2,4
Геммула,howling-fjord,192,demonhunter,vengeance,6,2,4
Askari,lothar,192,demonhunter,vengeance,6,2,4
Myztiko,hellscream,96,demonhunter,vengeance,6,1,5
Arussil,pozzo-delleternità,96,demonhunter,vengeance,6,1,5
Xenits,kazzak,96,demonhunter,vengeance,6,1,5
Zarafel,hyjal,95,demonhunter,vengeance,12,1,11
Hibibi,kazzak,2257,druid,restoration,113,66,47
Kev,elune,2190,druid,restoration,185,102,83
Pegasu,kelthuzad,2182,druid,restoration,114,66,48
Vanostboom,kazzak,2181,druid,restoration,88,50,38
Iloveher,ravencrest,2180,druid,restoration,160,89,71
Miouzy,archimonde,2156,druid,restoration,66,36,30
Årt,ravencrest,2106,druid,restoration,186,100,86
Unohanâ,archimonde,2103,druid,restoration,108,65,43
Nesedondon,stormscale,2086,druid,restoration,72,50,22
Trèes,outland,2085,druid,restoration,264,144,120
Drjmy,silvermoon,2053,druid,restoration,71,54,17
Dendariottvx,sunstrider,2042,druid,restoration,73,44,29
Rives,sylvanas,2030,druid,restoration,102,60,42
Bambambimbim,draenor,2023,druid,restoration,84,44,40
Afky,stormreaver,2013,druid,restoration,114,59,55
Surfingbirdx,ragnaros,2005,druid,restoration,48,25,23
Yoogy,ravencrest,1995,druid,restoration,60,37,23
Thotz,kazzak,1974,druid,restoration,174,87,87
Dokixo,kazzak,1968,druid,restoration,47,29,18
Bloomitize,ravencrest,1967,druid,restoration,78,43,35
Tjxaxa,ravencrest,1966,druid,restoration,78,38,40
Lunamimi,argent-dawn,1962,druid,restoration,368,190,178
Galadronìa,aegwynn,1960,druid,restoration,65,38,27
Shinöbü,sanguino,1954,druid,restoration,87,49,38
Ovérheal,ravencrest,1953,druid,restoration,94,52,42
Mentallyill,ravencrest,1949,druid,restoration,204,106,98
Theatrex,ravencrest,1945,druid,restoration,165,100,65
Sheippi,stormreaver,1945,druid,restoration,54,31,23
Niksidruid,grim-batol,1942,druid,restoration,34,25,9
Angrykejton,silvermoon,1940,druid,restoration,276,138,138
Håbibi,kazzak,1936,druid,restoration,48,25,23
Hånukkah,outland,1929,druid,restoration,64,30,34
Threesixnìne,dun-morogh,1928,druid,restoration,246,134,112
Skrrlock,ravencrest,1923,druid,restoration,108,53,55
Kyomã,burning-legion,1915,druid,restoration,102,49,53
Syví,outland,1912,druid,restoration,59,29,30
Vinniehacker,archimonde,1908,druid,restoration,47,30,17
Cplazi,kazzak,1890,druid,restoration,48,30,18
Maxpojke,ravencrest,1876,druid,restoration,142,88,54
Amaré,burning-legion,1873,druid,restoration,54,28,26
Ralaa,guldan,1865,druid,restoration,54,29,25
Arthéas,archimonde,1865,druid,restoration,174,89,85
Andr,voljin,1863,druid,restoration,96,44,52
Naffelle,ysondre,1862,druid,restoration,71,34,37
Druidrak,eredar,1855,druid,restoration,66,32,34
Panigale,dun-modr,1855,druid,restoration,48,22,26
Leyô,archimonde,1852,druid,restoration,60,31,29
Traffix,outland,1852,druid,restoration,51,26,25
Alolexx,archimonde,1851,druid,restoration,45,27,18
Lalalime,arthas,1851,druid,restoration,64,31,33
Skrood,kazzak,1847,druid,restoration,60,31,29
Druidello,stormscale,1845,druid,restoration,52,24,28
Åä,ravencrest,1837,druid,restoration,32,20,12
Thebiggest,ravencrest,1836,druid,restoration,42,25,17
Myndrá,varimathras,1835,druid,restoration,66,34,32
Ammare,burning-legion,1834,druid,restoration,72,39,33
Nantou,stormscale,1833,druid,restoration,59,28,31
Treliuz,twilights-hammer,1830,druid,restoration,298,166,132
Jmdr,silvermoon,1830,druid,restoration,71,31,40
Asøri,antonidas,1829,druid,restoration,48,21,27
Kìttÿ,dun-modr,1828,druid,restoration,66,41,25
Chas,ravencrest,1828,druid,restoration,48,28,20
Spamclone,draenor,1828,druid,restoration,57,30,27
Kanyevotèrx,ravencrest,1828,druid,restoration,54,25,29
Jìnró,ravencrest,1825,druid,restoration,135,66,69
Sprøut,drakthul,1825,druid,restoration,59,27,32
Gummysnake,aszune,1823,druid,restoration,42,25,17
Zydrux,outland,1822,druid,restoration,48,36,12
Yesco,malganis,1821,druid,restoration,63,27,36
Doodlez,blackrock,1820,druid,restoration,60,27,33
Baawz,blackmoore,1820,druid,restoration,60,25,35
Aesha,los-errantes,1819,druid,restoration,54,26,28
Metagrass,stormscale,1818,druid,restoration,129,59,70
Thugzie,kazzak,1817,druid,restoration,189,90,99
Skadooshee,kazzak,1816,druid,restoration,36,19,17
Køngx,blackhand,1812,druid,restoration,125,64,61
Thysabtw,archimonde,1809,druid,restoration,81,48,33
Sorryblya,ravencrest,1809,druid,restoration,60,26,34
Bellatrx,darksorrow,1806,druid,restoration,56,33,23
Uñsullied,kazzak,1806,druid,restoration,57,31,26
Morkius,ravencrest,1806,druid,restoration,36,19,17
Chacopic,archimonde,1806,druid,restoration,150,78,72
Eedaza,argent-dawn,1805,druid,restoration,134,75,59
Мафио,blackscar,1805,druid,restoration,48,25,23
Дикаякиара,blackscar,1804,druid,restoration,307,151,156
Riplilpeep,grim-batol,1803,druid,restoration,54,28,26
Gaeldeth,silvermoon,1802,druid,restoration,105,63,42
Nastycat,magtheridon,1802,druid,restoration,209,101,108
Wraithshape,stormscale,1800,druid,restoration,60,32,28
Hadok,azjolnerub,1798,druid,restoration,167,76,91
Promethezine,tarren-mill,1795,druid,restoration,200,104,96
Кенкертайм,gordunni,1794,druid,restoration,84,43,41
Tedel,kazzak,1791,druid,restoration,53,33,20
Orayin,ravencrest,1784,druid,restoration,166,102,64
Traickovic,antonidas,1779,druid,restoration,48,24,24
Lexopewpew,ravencrest,1779,druid,restoration,47,22,25
Clone,aegwynn,1778,druid,restoration,126,67,59
Xvmon,draenor,1777,druid,restoration,93,40,53
Jaytiz,ravencrest,1774,druid,restoration,47,22,25
Weezíng,ysondre,1771,druid,restoration,44,27,17
Heçtôr,silvermoon,1767,druid,restoration,60,27,33
Reins,silvermoon,1766,druid,restoration,94,49,45
Bëstwôrld,archimonde,1763,druid,restoration,76,39,37
Friedbrocolí,tarren-mill,1762,druid,restoration,42,23,19
Gøðførm,silvermoon,1758,druid,restoration,118,63,55
Wéédmâñ,ravencrest,1756,druid,restoration,45,30,15
Slayced,blackrock,1756,druid,restoration,71,34,37
Asaj,argent-dawn,1754,druid,restoration,207,112,95
Joksica,draenor,1751,druid,restoration,47,24,23
Hizzy,burning-legion,1751,druid,restoration,243,119,124
Loleh,ragnaros,1751,druid,restoration,59,27,32
Lamatoes,ravencrest,1750,druid,restoration,59,24,35
Qjkuug,twisting-nether,1749,druid,restoration,154,91,63
Migami,nemesis,1748,druid,restoration,65,27,38
Zonsy,twisting-nether,1747,druid,restoration,48,27,21
Moonbee,burning-blade,1747,druid,restoration,120,67,53
Джелони,soulflayer,1745,druid,restoration,47,23,24
Badashellm,ravencrest,1744,druid,restoration,60,34,26
Matteps,outland,1742,druid,restoration,41,19,22
Улдрэйн,deathguard,1739,druid,restoration,66,38,28
Naraia,aegwynn,1739,druid,restoration,125,66,59
Nasduck,ravencrest,1726,druid,restoration,172,93,79
Lúh,kazzak,1724,druid,restoration,24,19,5
Крашдру,gordunni,1724,druid,restoration,64,38,26
Филавтия,gordunni,1724,druid,restoration,60,32,28
Notsikaan,blackhand,1723,druid,restoration,71,27,44
Luhmanish,thunderhorn,1718,druid,restoration,119,62,57
Druidella,stormscale,1716,druid,restoration,30,18,12
Ûnsullied,kazzak,1716,druid,restoration,54,25,29
Evílz,kazzak,1710,druid,restoration,36,21,15
Olaphy,elune,1710,druid,restoration,209,106,103
Muraebbasta,pozzo-delleternità,1709,druid,restoration,42,18,24
Hólo,blackrock,1706,druid,restoration,72,34,38
Sintiq,silvermoon,1705,druid,restoration,41,24,17
Wraithmoon,stormscale,1705,druid,restoration,36,18,18
Афклалка,gordunni,1705,druid,restoration,36,18,18
Acondris,kazzak,1705,druid,restoration,190,91,99
Lifelover,outland,1704,druid,restoration,54,25,29
Praetorian,sylvanas,1703,druid,restoration,255,125,130
Tooclosex,outland,1700,druid,restoration,53,34,19
Treeførm,ravencrest,1694,druid,restoration,36,25,11
Josedudu,twisting-nether,1692,druid,restoration,75,37,38
Diolives,stormscale,1691,druid,restoration,240,127,113
Kittyperry,tarren-mill,1690,druid,restoration,50,25,25
Moondra,outland,1688,druid,restoration,95,39,56
Erika,vashj,1684,druid,restoration,72,38,34
Builtdiffy,kazzak,1683,druid,restoration,202,105,97
Synapes,outland,1680,druid,restoration,60,28,32
Traick,antonidas,1679,druid,restoration,41,18,23
Bjoernbrudn,ravencrest,1674,druid,restoration,48,24,24
Fryén,archimonde,1671,druid,restoration,75,33,42
Elayria,blackmoore,1663,druid,restoration,36,19,17
Rozi,draenor,1660,druid,restoration,48,27,21
Demerit,aegwynn,1657,druid,restoration,32,18,14
Sélia,sylvanas,1657,druid,restoration,116,57,59
Bâneth,destromath,1656,druid,restoration,60,33,27
Andromedda,twisting-nether,1655,druid,restoration,174,94,80
Catgirlx,ravencrest,1652,druid,restoration,42,26,16
Чухх,howling-fjord,1649,druid,restoration,73,39,34
Nozome,draenor,1648,druid,restoration,45,22,23
Велаине,gordunni,1641,druid,restoration,162,93,69
Pogoth,turalyon,1641,druid,restoration,72,38,34
Абраг,soulflayer,1637,druid,restoration,72,36,36
Drøødis,archimonde,1636,druid,restoration,42,24,18
Trèes,draenor,1636,druid,restoration,46,22,24
Zudwa,twisting-nether,1635,druid,restoration,44,27,17
Adjaara,ravencrest,1635,druid,restoration,115,68,47
Pardus,ambossar,1635,druid,restoration,50,27,23
Kroghelf,tarren-mill,1634,druid,restoration,42,21,21
Rhonir,twisting-nether,1634,druid,restoration,53,22,31
Bellhooks,blackrock,1633,druid,restoration,30,18,12
Rawri,blackmoore,1633,druid,restoration,48,26,22
Mafiasnipe,ravencrest,1630,druid,restoration,24,17,7
Cæsífer,area-52,1630,druid,restoration,71,37,34
Crownydrood,hyjal,1628,druid,restoration,42,25,17
Asga,stormscale,1628,druid,restoration,30,17,13
Funnyjoker,outland,1628,druid,restoration,58,25,33
Mortalnight,sinstralis,1625,druid,restoration,194,99,95
Ёу,soulflayer,1624,druid,restoration,161,85,76
Tropjeune,dalaran,1623,druid,restoration,36,17,19
Frances,auchindoun,1622,druid,restoration,51,30,21
Davorian,frostmane,1622,druid,restoration,63,35,28
Chaboom,hyjal,1622,druid,restoration,60,25,35
Миледистайпи,gordunni,1619,druid,restoration,32,18,14
Pawful,malganis,1619,druid,restoration,248,135,113
Bjútiful,silvermoon,1618,druid,restoration,41,23,18
Elu,eredar,1617,druid,restoration,48,28,20
Haszard,outland,1617,druid,restoration,134,68,66
Nancey,auchindoun,1617,druid,restoration,149,75,74
Друлихаз,gordunni,1617,druid,restoration,54,20,34
Wømbat,ravencrest,1616,druid,restoration,36,17,19
Goldrax,outland,1615,druid,restoration,24,17,7
Bigdaddyshay,twisting-nether,1615,druid,restoration,42,24,18
Tåylor,laughing-skull,1615,druid,restoration,41,21,20
Драменбейз,gordunni,1615,druid,restoration,42,20,22
Dûdûrînâ,blackrock,1614,druid,restoration,66,42,24
Ooktharg,turalyon,1614,druid,restoration,36,20,16
Nímbs,tarren-mill,1612,druid,restoration,35,20,15
Zhosy,shattrath,1612,druid,restoration,61,22,39
Zevana,tarren-mill,1611,druid,restoration,30,18,12
Skipperd,blackmoore,1610,druid,restoration,42,17,25
Xalio,ravencrest,1609,druid,restoration,161,90,71
Xoriauz,archimonde,1609,druid,restoration,78,37,41
Slaugh,zuljin,1608,druid,restoration,48,20,28
Опапенелопа,blackscar,1607,druid,restoration,39,27,12
Monatamis,kazzak,1607,druid,restoration,36,21,15
Akumei,ravencrest,1607,druid,restoration,36,20,16
Bigmeandruid,twisting-nether,1606,druid,restoration,30,17,13
Ltmx,ravencrest,1605,druid,restoration,41,17,24
Чекхмеаскохз,gordunni,1604,druid,restoration,36,21,15
Bîrke,blackrock,1604,druid,restoration,36,17,19
Diriculous,kazzak,1603,druid,restoration,60,20,40
Soguu,thrall,1601,druid,restoration,30,17,13
Fantastix,silvermoon,1601,druid,restoration,30,17,13
Watchmebear,stormscale,1601,druid,restoration,42,23,19
Ðarckness,kazzak,1600,druid,restoration,24,17,7
Reinulfen,blackmoore,1600,druid,restoration,124,71,53
Swifte,argent-dawn,1600,druid,restoration,48,27,21
Akmón,tarren-mill,1600,druid,restoration,58,20,38
Dïsä,ravencrest,1599,druid,restoration,30,17,13
Ittei,korgall,1596,druid,restoration,120,63,57
Hyggefinger,ravencrest,1596,druid,restoration,42,19,23
Рамзес,gordunni,1595,druid,restoration,54,31,23
Eyvimel,ravencrest,1587,druid,restoration,308,160,148
Bêvêrly,ravencrest,1586,druid,restoration,70,37,33
Lunglung,blutkessel,1585,druid,restoration,42,22,20
Naridruidx,eredar,1578,druid,restoration,42,26,16
Øhshift,drakthul,1576,druid,restoration,41,20,21
Shiftway,stormscale,1573,druid,restoration,36,20,16
Pega,archimonde,1572,druid,restoration,84,39,45
Ninadobrev,ragnaros,1568,druid,restoration,33,18,15
Sangré,suramar,1568,druid,restoration,96,44,52
Scorlok,eredar,1567,druid,restoration,68,42,26
Devióus,twilights-hammer,1562,druid,restoration,167,87,80
Kheazar,blackmoore,1558,druid,restoration,103,61,42
Kundz,dalaran,1558,druid,restoration,160,88,72
Naturez,sylvanas,1557,druid,restoration,32,20,12
Уэсериктх,blackscar,1557,druid,restoration,45,26,19
Crïn,ravencrest,1553,druid,restoration,36,17,19
Druncha,sunstrider,1553,druid,restoration,189,74,115
Néllä,archimonde,1552,druid,restoration,36,25,11
Bearform,blackhand,1548,druid,restoration,48,23,25
Legyna,ravencrest,1547,druid,restoration,65,40,25
Khunahype,thrall,1546,druid,restoration,88,48,40
Arogane,outland,1543,druid,restoration,72,38,34
Bammedrudu,archimonde,1541,druid,restoration,42,25,17
Нубстримсс,gordunni,1538,druid,restoration,82,38,44
Peerpope,draenor,1536,druid,restoration,232,130,102
Tôrmêñtêd,outland,1535,druid,restoration,99,62,37
Zaerox,ambossar,1534,druid,restoration,72,37,35
Buffbloom,auchindoun,1534,druid,restoration,141,72,69
Директорх,blackscar,1534,druid,restoration,47,22,25
Shufflebot,sylvanas,1529,druid,restoration,24,16,8
Eviscreator,stormscale,1529,druid,restoration,45,27,18
Utopiah,ravencrest,1529,druid,restoration,68,39,29
Rhapsodý,twisting-nether,1529,druid,restoration,30,16,14
Kætachy,archimonde,1529,druid,restoration,42,16,26
Hasselhoof,eredar,1526,druid,restoration,63,26,37
Deluron,malganis,1525,druid,restoration,113,59,54
Lyvuni,blackmoore,1524,druid,restoration,60,36,24
Noosh,thrall,1524,druid,restoration,36,19,17
Skillfall,ravencrest,1524,druid,restoration,42,16,26
Høtbøt,ysera,1523,druid,restoration,33,19,14
Melonmanx,outland,1523,druid,restoration,30,17,13
Floka,archimonde,1523,druid,restoration,60,32,28
Ына,gordunni,1523,druid,restoration,114,60,54
Аренатренер,gordunni,1523,druid,restoration,60,25,35
Kaamirach,blackmoore,1520,druid,restoration,128,79,49
Mw,dun-modr,1520,druid,restoration,71,33,38
Stratocaster,blackmoore,1517,druid,restoration,24,16,8
Hatecrew,twisting-nether,1517,druid,restoration,59,33,26
Атмос,deathguard,1517,druid,restoration,174,97,77
Dwaokut,ravencrest,1514,druid,restoration,47,24,23
Eaglefox,aszune,1512,druid,restoration,53,26,27
Сладуляя,gordunni,1512,druid,restoration,53,23,30
Tînkerbèll,blackmoore,1511,druid,restoration,41,22,19
Jìnro,stormscale,1508,druid,restoration,24,16,8
Друрашка,soulflayer,1508,druid,restoration,81,43,38
Jcpenney,xavius,1508,druid,restoration,223,109,114
Cheçhy,aegwynn,1508,druid,restoration,48,22,26
Bloomies,tarren-mill,1507,druid,restoration,100,59,41
Ystalgia,sylvanas,1507,druid,restoration,42,16,26
Homek,eredar,1505,druid,restoration,42,24,18
Trollisha,mannoroth,1505,druid,restoration,488,234,254
Feelstreeman,twisting-nether,1504,druid,restoration,77,42,35
Kaher,ravencrest,1503,druid,restoration,42,22,20
Lÿter,dun-modr,1502,druid,restoration,60,27,33
Elwenyss,outland,1498,druid,restoration,65,30,35
Нагетсмяу,howling-fjord,1496,druid,restoration,24,16,8
Маминапуська,soulflayer,1496,druid,restoration,48,28,20
Trayndaras,drakthul,1495,druid,restoration,35,23,12
Setztes,tarren-mill,1495,druid,restoration,85,46,39
Kicki,outland,1494,druid,restoration,66,34,32
Маккаланн,soulflayer,1493,druid,restoration,48,30,18
Zaelitwo,archimonde,1490,druid,restoration,24,16,8
Rougetreize,khaz-modan,1490,druid,restoration,30,16,14
Jtepdru,ravencrest,1490,druid,restoration,132,67,65
Atôtheex,kazzak,1488,druid,restoration,43,21,22
Guccicken,garona,1487,druid,restoration,173,92,81
Skailzdruid,hyjal,1482,druid,restoration,146,90,56
Фапдрим,howling-fjord,1480,druid,restoration,246,123,123
Xoat,marécage-de-zangar,1479,druid,restoration,36,23,13
Phala,outland,1478,druid,restoration,48,20,28
Tunling,ravencrest,1477,druid,restoration,54,35,19
Supremecat,kazzak,1477,druid,restoration,66,38,28
Pureballs,twisting-nether,1477,druid,restoration,165,93,72
Nyxxz,shattered-hand,1477,druid,restoration,36,19,17
Xôárqt,aegwynn,1477,druid,restoration,72,33,39
Nasgra,malganis,1473,druid,restoration,41,17,24
Halyconwings,outland,1470,druid,restoration,57,29,28
Islandbôy,blackrock,1470,druid,restoration,42,16,26
Hashtagone,ysondre,1468,druid,restoration,47,23,24
Drukae,stormscale,1467,druid,restoration,42,20,22
Trúdl,das-konsortium,1466,druid,restoration,24,18,6
Drbse,silvermoon,1461,druid,restoration,56,28,28
Цукерище,gordunni,1459,druid,restoration,40,25,15
Cliftshifter,outland,1458,druid,restoration,36,25,11
Styleexd,ragnaros,1458,druid,restoration,69,39,30
Spliçe,draenor,1458,druid,restoration,42,21,21
Arlandia,drakthul,1458,druid,restoration,42,17,25
Bakicadr,sylvanas,1454,druid,restoration,27,17,10
Cptfalcony,outland,1453,druid,restoration,42,24,18
Ööh,outland,1453,druid,restoration,48,25,23
Warami,eredar,1453,druid,restoration,54,24,30
Euskal,chogall,1451,druid,restoration,42,18,24
Deltalol,blackmoore,1450,druid,restoration,48,25,23
Sandirion,silvermoon,1450,druid,restoration,452,224,228
Tamburoo,tarren-mill,1449,druid,restoration,119,52,67
Dafapa,twilights-hammer,1447,druid,restoration,42,21,21
Vashiko,tarren-mill,1446,druid,restoration,83,41,42
Brorsnor,ravencrest,1445,druid,restoration,86,38,48
Xyruden,kazzak,1441,druid,restoration,171,69,102
Grololotte,dalaran,1439,druid,restoration,168,91,77
Shiftyshaft,tarren-mill,1439,druid,restoration,78,39,39
Jnzymiau,blackrock,1438,druid,restoration,46,25,21
Síggíe,eredar,1436,druid,restoration,30,17,13
Shredzz,ravencrest,1436,druid,restoration,36,15,21
Dartdogg,sanguino,1436,druid,restoration,65,22,43
Блумха,howling-fjord,1435,druid,restoration,66,34,32
Solàryx,hyjal,1434,druid,restoration,72,38,34
Scra,anubarak,1433,druid,restoration,107,55,52
Kukisanban,stormscale,1432,druid,restoration,314,168,146
Làhen,ravencrest,1432,druid,restoration,154,74,80
Ráw,dun-modr,1432,druid,restoration,64,28,36
Брэвно,gordunni,1430,druid,restoration,225,116,109
Delviri,stormreaver,1430,druid,restoration,92,46,46
Bloompuf,draenor,1430,druid,restoration,96,42,54
Pumplt,thrall,1429,druid,restoration,54,31,23
Wenciorek,kazzak,1429,druid,restoration,93,47,46
Maethar,stormrage,1428,druid,restoration,111,67,44
Thanom,auchindoun,1428,druid,restoration,181,92,89
Kittý,terokkar,1427,druid,restoration,156,76,80
Analmonstret,shattered-hand,1427,druid,restoration,35,17,18
Вексиус,gordunni,1425,druid,restoration,54,26,28
Weisslogia,aegwynn,1424,druid,restoration,30,15,15
Febricyla,blackmoore,1424,druid,restoration,48,23,25
Filyina,blackrock,1424,druid,restoration,105,46,59
Lukass,drakthul,1423,druid,restoration,158,81,77
Georn,sylvanas,1423,druid,restoration,36,15,21
Asanaria,ravencrest,1423,druid,restoration,83,34,49
Clovér,outland,1422,druid,restoration,47,22,25
Scaleo,stormreaver,1419,druid,restoration,66,42,24
Tokifong,kazzak,1419,druid,restoration,36,15,21
Eeivi,argent-dawn,1418,druid,restoration,135,70,65
Mindru,sylvanas,1417,druid,restoration,45,22,23
Twerkdabooty,azjolnerub,1416,druid,restoration,30,15,15
Yunalaa,blackmoore,1415,druid,restoration,44,25,19
Drineh,ravencrest,1415,druid,restoration,42,19,23
Bearliheals,draenor,1414,druid,restoration,36,24,12
Ráay,blackrock,1414,druid,restoration,66,34,32
Rawillinen,kazzak,1413,druid,restoration,36,18,18
Lestty,the-maelstrom,1412,druid,restoration,30,19,11
Nayokô,grim-batol,1412,druid,restoration,36,20,16
Kajiun,silvermoon,1411,druid,restoration,48,28,20
Antheiaa,frostmane,1411,druid,restoration,72,32,40
Mortagua,kazzak,1410,druid,restoration,36,15,21
Jugaia,frostmourne,1409,druid,restoration,41,19,22
Ilyethea,earthen-ring,1408,druid,restoration,447,237,210
Друидсимба,howling-fjord,1407,druid,restoration,123,69,54
Plàntz,tarren-mill,1406,druid,restoration,79,39,40
Wooshy,kazzak,1403,druid,restoration,52,25,27
Rytmusdudu,ragnaros,1403,druid,restoration,42,19,23
Béccàbtw,draenor,1402,druid,restoration,30,16,14
Theeix,silvermoon,1400,druid,restoration,36,18,18
Fabsl,archimonde,1399,druid,restoration,36,15,21
Hellofresh,silvermoon,1399,druid,restoration,54,21,33
Kramit,stormscale,1397,druid,restoration,42,23,19
Phebzdrood,archimonde,1396,druid,restoration,45,27,18
Kooglaash,kazzak,1395,druid,restoration,97,47,50
Wagoneis,grim-batol,1395,druid,restoration,58,28,30
Cesn,vashj,1395,druid,restoration,42,15,27
Shufflê,blackmoore,1392,druid,restoration,125,57,68
Champaa,aggra-português,1392,druid,restoration,46,16,30
Zyndril,silvermoon,1390,druid,restoration,38,17,21
Катяблум,gordunni,1387,druid,restoration,84,36,48
Jikuni,ravencrest,1386,druid,restoration,42,20,22
Folzenqt,archimonde,1384,druid,restoration,56,21,35
Ивантяй,gordunni,1381,druid,restoration,125,62,63
Gandraste,neptulon,1379,druid,restoration,24,19,5
Bägira,sylvanas,1379,druid,restoration,189,99,90
Азя,blackscar,1379,druid,restoration,54,22,32
Друлёнышь,eversong,1377,druid,restoration,161,82,79
Blacksage,dragonmaw,1376,druid,restoration,107,50,57
Fth,dethecus,1375,druid,restoration,24,16,8
Spacedout,taerar,1375,druid,restoration,61,33,28
Bennydruid,kazzak,1373,druid,restoration,70,28,42
Badbloom,ravencrest,1370,druid,restoration,46,22,24
Erebear,ravencrest,1369,druid,restoration,59,34,25
Òniz,hyjal,1367,druid,restoration,24,17,7
Мекс,gordunni,1366,druid,restoration,23,15,8
Balanc,ragnaros,1366,druid,restoration,42,22,20
Hideme,tarren-mill,1366,druid,restoration,72,31,41
Avimoo,tarren-mill,1364,druid,restoration,41,22,19
Bigßoi,stormscale,1364,druid,restoration,84,44,40
Badbeliø,hyjal,1360,druid,restoration,82,31,51
Cörelly,ravencrest,1358,druid,restoration,187,108,79
Zwierzyniec,jaedenar,1357,druid,restoration,60,27,33
Xontpos,stormscale,1356,druid,restoration,24,15,9
Naruhot,archimonde,1353,druid,restoration,25,15,10
Sertris,kazzak,1352,druid,restoration,58,23,35
Althei,argent-dawn,1349,druid,restoration,45,22,23
Wwvwwvwwvwvw,burning-legion,1347,druid,restoration,75,27,48
Ipossible,kazzak,1347,druid,restoration,48,16,32
Hotsandpot,outland,1346,druid,restoration,36,15,21
Feralgodx,quelthalas,1344,druid,restoration,27,16,11
Zaeli,archimonde,1344,druid,restoration,24,14,10
Cyclonebroo,blackmoore,1344,druid,restoration,29,15,14
Papjin,blackhand,1343,druid,restoration,30,18,12
Lindémann,blackhand,1343,druid,restoration,36,19,17
Acxaryl,ravencrest,1343,druid,restoration,30,14,16
Mòzat,stormscale,1342,druid,restoration,24,14,10
Asklepion,twisting-nether,1342,druid,restoration,30,14,16
Рефикс,gordunni,1340,druid,restoration,109,68,41
Bibeed,blackmoore,1339,druid,restoration,36,14,22
Ванечка,razuvious,1337,druid,restoration,36,14,22
Hotsexpress,aegwynn,1336,druid,restoration,36,15,21
Shifthappénz,draenor,1334,druid,restoration,60,28,32
Likh,das-konsortium,1332,druid,restoration,24,14,10
Yenwe,kazzak,1332,druid,restoration,185,96,89
Bronox,ragnaros,1332,druid,restoration,59,27,32
Вакидзами,gordunni,1331,druid,restoration,48,28,20
Nelffie,kazzak,1330,druid,restoration,114,64,50
Autoritär,gilneas,1326,druid,restoration,106,58,48
Senoka,shattrath,1326,druid,restoration,54,29,25
Minipilsen,outland,1325,druid,restoration,36,16,20
Knzm,dun-modr,1323,druid,restoration,120,62,58
Çãm,magtheridon,1321,druid,restoration,24,14,10
Microw,ghostlands,1321,druid,restoration,111,59,52
Buckxxz,nazjatar,1320,druid,restoration,30,17,13
Exïlla,archimonde,1320,druid,restoration,30,15,15
Koemarkt,sunstrider,1319,druid,restoration,46,29,17
Endoplazmik,silvermoon,1319,druid,restoration,61,36,25
Chinoiserie,aszune,1319,druid,restoration,185,99,86
Brømberry,blackrock,1319,druid,restoration,41,17,24
Trõn,draenor,1318,druid,restoration,119,69,50
Rabacki,blackmoore,1318,druid,restoration,84,38,46
Крайсонг,soulflayer,1316,druid,restoration,36,18,18
Groundpovx,blackmoore,1315,druid,restoration,30,14,16
Elysea,antonidas,1315,druid,restoration,54,25,29
Feinberg,stormscale,1315,druid,restoration,47,15,32
Mangy,xavius,1309,druid,restoration,78,39,39
Иггдрассиль,blackscar,1309,druid,restoration,30,15,15
Nuwell,arathor,1309,druid,restoration,132,62,70
Closér,stormscale,1307,druid,restoration,54,27,27
Disclaimed,twisting-nether,1307,druid,restoration,36,15,21
Cultivatedz,twisting-nether,1306,druid,restoration,54,24,30
Basilethe,hyjal,1304,druid,restoration,30,17,13
Glaskål,draenor,1304,druid,restoration,48,17,31
Boomayé,archimonde,1301,druid,restoration,56,34,22
Hanibalector,silvermoon,1298,druid,restoration,45,24,21
Ekologiskxx,outland,1296,druid,restoration,85,40,45
Wannabanhere,outland,1295,druid,restoration,41,16,25
Atsumåsterx,archimonde,1294,druid,restoration,46,19,27
Beesoup,blackrock,1291,druid,restoration,21,15,6
Phatbushy,silvermoon,1291,druid,restoration,35,16,19
Karodoom,twisting-nether,1290,druid,restoration,42,26,16
Idect,silvermoon,1290,druid,restoration,124,63,61
Flum,darksorrow,1289,druid,restoration,149,77,72
Varrdru,kazzak,1288,druid,restoration,91,42,49
Khalec,silvermoon,1287,druid,restoration,40,24,16
Хуссипусси,galakrond,1285,druid,restoration,29,14,15
Parkydru,draenor,1284,druid,restoration,24,15,9
Kattig,grim-batol,1284,druid,restoration,44,21,23
Seikoo,defias-brotherhood,1284,druid,restoration,91,41,50
Morfer,grim-batol,1283,druid,restoration,133,69,64
Yeats,blackmoore,1283,druid,restoration,42,17,25
Wazam,kazzak,1281,druid,restoration,122,62,60
Paawz,stormscale,1281,druid,restoration,65,33,32
Царапкатян,gordunni,1280,druid,restoration,158,71,87
Leliaen,sylvanas,1278,druid,restoration,75,39,36
Panørax,archimonde,1277,druid,restoration,29,14,15
Cubalitis,tarren-mill,1276,druid,restoration,39,24,15
Mv,gorgonnash,1276,druid,restoration,52,27,25
Zaratras,arathor,1276,druid,restoration,79,39,40
Nøbødy,silvermoon,1276,druid,restoration,29,14,15
Кнесис,howling-fjord,1274,druid,restoration,49,28,21
Rrayed,kazzak,1274,druid,restoration,94,47,47
Урька,blackscar,1273,druid,restoration,71,32,39
Diastra,silvermoon,1268,druid,restoration,220,111,109
Mchots,ragnaros,1267,druid,restoration,95,42,53
Walexx,kazzak,1266,druid,restoration,44,25,19
Delmond,sylvanas,1266,druid,restoration,185,93,92
Nalreaa,kazzak,1265,druid,restoration,48,27,21
Lalon,blackrock,1265,druid,restoration,48,24,24
Noxlunaire,ravencrest,1265,druid,restoration,58,25,33
Elainx,thrall,1264,druid,restoration,30,16,14
Дюссельдорф,blackscar,1263,druid,restoration,30,19,11
Shelby,tirion,1263,druid,restoration,81,41,40
Dortalon,outland,1263,druid,restoration,60,22,38
Обейрин,gordunni,1261,druid,restoration,78,40,38
Cuxorb,rexxar,1259,druid,restoration,48,21,27
Delarion,nemesis,1258,druid,restoration,36,21,15
Lépaw,twisting-nether,1257,druid,restoration,71,36,35
Zadrood,rashgarroth,1254,druid,restoration,33,16,17
Närthex,kazzak,1253,druid,restoration,24,14,10
Solstrale,ravencrest,1252,druid,restoration,67,29,38
Bloomer,stormreaver,1251,druid,restoration,42,21,21
Arulol,aegwynn,1250,druid,restoration,36,16,20
Випера,gordunni,1249,druid,restoration,36,19,17
Liquis,outland,1249,druid,restoration,109,56,53
Nizkul,dun-modr,1249,druid,restoration,80,37,43
Deltsur,stormscale,1247,druid,restoration,35,17,18
Кэлиборн,gordunni,1246,druid,restoration,53,26,27
Callìa,sylvanas,1246,druid,restoration,42,19,23
Nediena,twisting-nether,1246,druid,restoration,36,13,23
Xomeboci,draenor,1246,druid,restoration,42,14,28
Doodougie,silvermoon,1245,druid,restoration,30,13,17
Mitnik,stormscale,1244,druid,restoration,122,71,51
Hotlotta,aegwynn,1244,druid,restoration,24,13,11
Naphé,ysondre,1243,druid,restoration,18,13,5
Crep,krasus,1243,druid,restoration,30,21,9
Erdnuckèl,antonidas,1242,druid,restoration,27,18,9
Gnaro,ragnaros,1242,druid,restoration,76,40,36
Göli,argent-dawn,1240,druid,restoration,32,16,16
Maqer,argent-dawn,1240,druid,restoration,38,18,20
Siuo,ravencrest,1240,druid,restoration,30,13,17
Amoreah,silvermoon,1239,druid,restoration,103,45,58
Ironveins,ravencrest,1238,druid,restoration,42,28,14
Ceapamatii,sylvanas,1238,druid,restoration,48,28,20
Juicy,stormreaver,1237,druid,restoration,42,26,16
ßløøm,outland,1236,druid,restoration,24,16,8
Irondruid,silvermoon,1236,druid,restoration,105,58,47
Artichte,archimonde,1236,druid,restoration,24,13,11
Mutato,draenor,1234,druid,restoration,198,111,87
Ghaara,outland,1231,druid,restoration,49,28,21
Julss,archimonde,1230,druid,restoration,78,37,41
Корнерит,gordunni,1229,druid,restoration,82,43,39
Razmus,lightbringer,1226,druid,restoration,24,13,11
Acwi,dun-morogh,1226,druid,restoration,72,36,36
Ninø,gorgonnash,1226,druid,restoration,51,25,26
Канимэ,howling-fjord,1226,druid,restoration,30,13,17
Weregoon,blackmoore,1225,druid,restoration,191,91,100
Jyggz,azshara,1224,druid,restoration,33,19,14
Akasuky,thrall,1224,druid,restoration,24,13,11
Sgtdrood,archimonde,1223,druid,restoration,30,13,17
Herbiko,turalyon,1222,druid,restoration,110,60,50
Duharbrahud,outland,1222,druid,restoration,30,13,17
Fettpumpad,karazhan,1221,druid,restoration,103,59,44
Harei,archimonde,1221,druid,restoration,24,13,11
Ekaterina,dun-morogh,1220,druid,restoration,30,16,14
Siako,sanguino,1218,druid,restoration,71,32,39
Eko,auchindoun,1216,druid,restoration,99,48,51
Arear,frostmane,1216,druid,restoration,85,40,45
Bonsai,terrordar,1215,druid,restoration,43,21,22
Tommix,ravencrest,1214,druid,restoration,26,14,12
Киберужас,gordunni,1214,druid,restoration,173,90,83
Deretus,blackmoore,1213,druid,restoration,34,13,21
Dreaddot,archimonde,1210,druid,restoration,24,13,11
Didi,frostwhisper,1210,druid,restoration,80,34,46
Zelíx,bronzebeard,1208,druid,restoration,71,41,30
Cazzette,grim-batol,1208,druid,restoration,46,26,20
Aebí,dalaran,1208,druid,restoration,24,13,11
Forzaed,twisting-nether,1207,druid,restoration,24,13,11
Shapeshafter,twisting-nether,1207,druid,restoration,114,56,58
Ubbeleg,kazzak,1206,druid,restoration,30,18,12
Vícvega,ravencrest,1206,druid,restoration,52,28,24
Midnightstry,alakir,1206,druid,restoration,304,158,146
Sariel,saurfang,1206,druid,restoration,69,31,38
Tsurío,thrall,1205,druid,restoration,72,42,30
Hordzee,blackmoore,1205,druid,restoration,24,14,10
Эверих,soulflayer,1203,druid,restoration,71,34,37
Schwertlilie,aegwynn,1202,druid,restoration,29,13,16
Дилайт,blackscar,1201,druid,restoration,30,13,17
Saberrtooth,twisting-nether,1201,druid,restoration,66,25,41
Namenloser,azshara,1200,druid,restoration,72,39,33
Goodzychoo,silvermoon,1199,druid,restoration,36,17,19
Weiden,twisting-nether,1199,druid,restoration,42,19,23
Basajáun,dun-modr,1198,druid,restoration,60,21,39
Karlsn,ravencrest,1197,druid,restoration,25,14,11
Amakary,blackrock,1193,druid,restoration,42,19,23
Стенлимур,eversong,1191,druid,restoration,54,27,27
Vanlise,ravencrest,1191,druid,restoration,66,30,36
Plsbuffdruid,ravencrest,1189,druid,restoration,28,14,14
Yazari,nathrezim,1188,druid,restoration,36,14,22
Chable,hyjal,1187,druid,restoration,60,31,29
Secondage,blackmoore,1185,druid,restoration,36,15,21
Jiujiteiro,tarren-mill,1184,druid,restoration,47,26,21
Baldurix,blackrock,1184,druid,restoration,32,15,17
Collîî,aegwynn,1183,druid,restoration,44,25,19
Røxhot,archimonde,1182,druid,restoration,23,13,10
Inkeyes,outland,1182,druid,restoration,107,45,62
Kattbjörnen,ragnaros,1181,druid,restoration,90,45,45
Nissemand,ravencrest,1180,druid,restoration,54,28,26
Papanik,tarren-mill,1179,druid,restoration,54,30,24
Soratess,azshara,1179,druid,restoration,45,19,26
Amberleaff,auchindoun,1178,druid,restoration,31,16,15
Arazorwyn,ravencrest,1174,druid,restoration,48,31,17
Hílarío,sanguino,1174,druid,restoration,38,13,25
Restopesto,silvermoon,1173,druid,restoration,38,22,16
Tsuteymanga,veknilash,1172,druid,restoration,66,33,33
Bonza,agamaggan,1172,druid,restoration,48,20,28
Digestivebis,defias-brotherhood,1170,druid,restoration,91,55,36
Shinymoomoo,tarren-mill,1169,druid,restoration,27,14,13
Vioboomie,blackrock,1168,druid,restoration,27,14,13
Xdrus,argent-dawn,1166,druid,restoration,50,26,24
Вертуос,soulflayer,1166,druid,restoration,51,23,28
Halleyz,hyjal,1163,druid,restoration,135,70,65
Bynxx,antonidas,1163,druid,restoration,118,57,61
Maxekaxe,sylvanas,1162,druid,restoration,35,16,19
Forzend,twisting-nether,1161,druid,restoration,20,13,7
Krizak,eredar,1161,druid,restoration,65,37,28
Дудумейстер,howling-fjord,1160,druid,restoration,144,60,84
Lucael,blackmoore,1160,druid,restoration,60,22,38
Makelsi,tarren-mill,1158,druid,restoration,36,15,21
Kbåkå,ravencrest,1157,druid,restoration,36,17,19
Røsary,stormscale,1156,druid,restoration,81,43,38
Mochiløxz,tarren-mill,1155,druid,restoration,24,13,11
Walenok,thrall,1155,druid,restoration,185,90,95
Cäsïo,khaz-modan,1154,druid,restoration,54,32,22
Corias,blackmoore,1154,druid,restoration,42,14,28
Stevedru,ravencrest,1152,druid,restoration,18,12,6
Ÿdrassia,archimonde,1152,druid,restoration,44,17,27
Lfsecondreju,ravencrest,1151,druid,restoration,18,12,6
Dyloxe,silvermoon,1151,druid,restoration,24,12,12
Ковамедведь,borean-tundra,1151,druid,restoration,65,27,38
Hotop,draenor,1151,druid,restoration,30,12,18
Древнина,gordunni,1150,druid,restoration,96,51,45
Rozt,ravencrest,1150,druid,restoration,24,12,12
Dreathqt,twisting-nether,1150,druid,restoration,24,12,12
Burattino,draenor,1147,druid,restoration,12,12,0
Olympïee,archimonde,1147,druid,restoration,24,12,12
Zuuhhl,ravencrest,1146,druid,restoration,18,12,6
Eluñeãdore,silvermoon,1146,druid,restoration,41,26,15
Elmáestró,aegwynn,1146,druid,restoration,24,12,12
Bigbones,frostwolf,1146,druid,restoration,60,22,38
Mikshak,drakthul,1144,druid,restoration,24,12,12
Séyla,blackrock,1143,druid,restoration,18,12,6
Trànsformer,nemesis,1142,druid,restoration,30,12,18
Ajwen,tarren-mill,1141,druid,restoration,30,12,18
Clownrad,tarren-mill,1141,druid,restoration,30,12,18
Stuu,nathrezim,1140,druid,restoration,24,12,12
Shenandoah,hyjal,1139,druid,restoration,36,20,16
Adiycrazy,outland,1138,druid,restoration,54,22,32
Hót,ravencrest,1138,druid,restoration,42,14,28
Qri,ahnqiraj,1137,druid,restoration,18,12,6
Golddy,hyjal,1136,druid,restoration,80,38,42
Lisovamavka,draenor,1134,druid,restoration,64,32,32
Exane,ragnaros,1132,druid,restoration,24,14,10
Spacenoub,archimonde,1130,druid,restoration,24,12,12
Bioházard,blackrock,1129,druid,restoration,30,17,13
Thunderzeus,mazrigos,1129,druid,restoration,40,20,20
Curoahojas,silvermoon,1129,druid,restoration,124,53,71
Druiddingo,lightnings-blade,1127,druid,restoration,24,12,12
Druibe,burning-legion,1127,druid,restoration,56,23,33
Simplydrood,archimonde,1127,druid,restoration,30,12,18
Dadud,twisting-nether,1126,druid,restoration,30,18,12
Betelgues,kazzak,1126,druid,restoration,108,60,48
Дремлин,deathguard,1123,druid,restoration,131,63,68
Madshad,draenor,1121,druid,restoration,30,12,18
Vranz,draenor,1120,druid,restoration,67,32,35
Bazilika,argent-dawn,1119,druid,restoration,107,60,47
Raysa,archimonde,1119,druid,restoration,69,35,34
Moonshîne,arygos,1117,druid,restoration,94,54,40
Kikinho,argent-dawn,1117,druid,restoration,24,12,12
Сваткумбрат,eversong,1117,druid,restoration,102,38,64
Maryjuanita,silvermoon,1116,druid,restoration,146,64,82
Farodiin,blackmoore,1114,druid,restoration,96,50,46
Feyzoude,ysondre,1113,druid,restoration,16,13,3
Lïlja,tarren-mill,1113,druid,restoration,24,15,9
Ndnd,drakthul,1112,druid,restoration,82,42,40
Legharta,ravencrest,1111,druid,restoration,84,31,53
Saimdude,blackrock,1108,druid,restoration,42,21,21
Blazor,eredar,1108,druid,restoration,52,24,28
Arfedan,kazzak,1106,druid,restoration,66,35,31
Klerosa,moonglade,1105,druid,restoration,56,24,32
Berdix,ragnaros,1103,druid,restoration,25,14,11
Zirkuszwei,aegwynn,1102,druid,restoration,29,14,15
Vertymbras,hyjal,1101,druid,restoration,44,25,19
Ankhenature,outland,1100,druid,restoration,71,40,31
Shadowmeld,stormreaver,1100,druid,restoration,32,13,19
Catkayn,stormscale,1100,druid,restoration,36,12,24
Räysa,archimonde,1098,druid,restoration,214,105,109
Ccmydcv,archimonde,1095,druid,restoration,25,13,12
Snowrk,hyjal,1093,druid,restoration,54,31,23
Tharandrél,argent-dawn,1092,druid,restoration,72,20,52
Тианна,razuvious,1091,druid,restoration,48,24,24
Zillo,stormscale,1091,druid,restoration,80,34,46
Thornat,chamber-of-aspects,1089,druid,restoration,35,19,16
Mayte,ragnaros,1088,druid,restoration,23,14,9
Ganoförd,zuljin,1087,druid,restoration,19,13,6
Relache,twisting-nether,1086,druid,restoration,42,23,19
Hypnosoad,outland,1086,druid,restoration,136,61,75
Alexstraza,arthas,1085,druid,restoration,25,13,12
Jamburapro,sylvanas,1083,druid,restoration,89,49,40
Georn,bladefist,1079,druid,restoration,17,12,5
Vurgyl,hyjal,1079,druid,restoration,54,33,21
Wyngx,blackrock,1076,druid,restoration,60,34,26
Zarlaac,ravencrest,1075,druid,restoration,66,27,39
Spikill,uldaman,1074,druid,restoration,18,12,6
Lïs,the-maelstrom,1074,druid,restoration,31,17,14
Drúídárn,talnivarr,1074,druid,restoration,54,26,28
Bloomly,tarren-mill,1073,druid,restoration,36,18,18
Jagerdog,archimonde,1072,druid,restoration,13,12,1
Алунар,lich-king,1070,druid,restoration,84,39,45
Petitchät,archimonde,1069,druid,restoration,46,23,23
Инский,howling-fjord,1069,druid,restoration,49,24,25
Mirana,drakthul,1067,druid,restoration,39,21,18
Аматэррасу,blackscar,1067,druid,restoration,36,18,18
Elanrya,argent-dawn,1066,druid,restoration,53,15,38
Gyvunas,silvermoon,1065,druid,restoration,43,25,18
Niknoom,azjolnerub,1065,druid,restoration,96,55,41
Djungelgrabb,twisting-nether,1064,druid,restoration,48,22,26
Hotouck,hyjal,1063,druid,restoration,32,18,14
Dreäms,ravencrest,1063,druid,restoration,152,83,69
Shadowcat,archimonde,1063,druid,restoration,25,12,13
Shylanna,ragnaros,1057,druid,restoration,28,12,16
Justforgames,ravencrest,1056,druid,restoration,12,11,1
Degentiuso,alakir,1056,druid,restoration,30,21,9
Bananadru,stormscale,1056,druid,restoration,18,11,7
Kobrá,ravencrest,1056,druid,restoration,18,11,7
Isitbleedin,silvermoon,1056,druid,restoration,18,11,7
Taurvid,outland,1056,druid,restoration,24,11,13
Лабирошка,blackscar,1056,druid,restoration,24,11,13
Хлайси,gordunni,1056,druid,restoration,24,11,13
Happypeanut,blackmoore,1055,druid,restoration,18,11,7
Fotmrerollér,darksorrow,1055,druid,restoration,63,34,29
Дуггизавр,howling-fjord,1055,druid,restoration,24,11,13
Арбузир,howling-fjord,1055,druid,restoration,54,21,33
Ðezo,stormscale,1055,druid,restoration,30,11,19
Oschlandor,blackmoore,1054,druid,restoration,12,11,1
Emodruid,sunstrider,1054,druid,restoration,18,11,7
Solern,ravencrest,1054,druid,restoration,24,11,13
Azchuk,blackmoore,1054,druid,restoration,24,11,13
Светдру,blackscar,1054,druid,restoration,24,11,13
Ssonty,drakthul,1054,druid,restoration,24,11,13
Wernøs,archimonde,1054,druid,restoration,27,12,15
Dârkacêû,blackmoore,1053,druid,restoration,24,11,13
Elviiradruid,tarren-mill,1053,druid,restoration,24,11,13
Jackyblue,silvermoon,1053,druid,restoration,30,11,19
Noskillx,auchindoun,1052,druid,restoration,12,11,1
Тчаёк,gordunni,1052,druid,restoration,21,13,8
Benjosef,blackmoore,1051,druid,restoration,62,31,31
Коляскальяс,howling-fjord,1051,druid,restoration,27,12,15
Druidenbeton,antonidas,1050,druid,restoration,24,13,11
Exilia,kragjin,1050,druid,restoration,24,11,13
Spidete,sanguino,1049,druid,restoration,78,41,37
Moonfan,darkmoon-faire,1049,druid,restoration,36,14,22
Влажныйдру,soulflayer,1048,druid,restoration,24,11,13
Ghostbustér,emeriss,1047,druid,restoration,37,22,15
Felfran,ravencrest,1047,druid,restoration,36,13,23
Sodamncute,ravencrest,1046,druid,restoration,24,11,13
Jehtrotull,nemesis,1046,druid,restoration,40,17,23
Pzyhlol,anetheron,1045,druid,restoration,18,11,7
Hopê,burning-legion,1043,druid,restoration,102,59,43
Soný,aegwynn,1043,druid,restoration,24,11,13
Ponytheone,burning-legion,1043,druid,restoration,30,11,19
Suprot,aggramar,1042,druid,restoration,30,11,19
Greengolly,argent-dawn,1042,druid,restoration,30,11,19
Luarbak,kazzak,1041,druid,restoration,18,11,7
Xenva,blackmoore,1041,druid,restoration,54,24,30
Ранок,fordragon,1040,druid,restoration,24,11,13
Жолудь,gordunni,1040,druid,restoration,66,28,38
Dfjguidfg,baelgun,1040,druid,restoration,36,13,23
Taatz,stormscale,1036,druid,restoration,61,25,36
Pakù,archimonde,1033,druid,restoration,12,11,1
Silvyan,silvermoon,1033,druid,restoration,27,11,16
Vextron,burning-legion,1030,druid,restoration,26,13,13
Xadidruîd,blackrock,1030,druid,restoration,42,11,31
Mendozä,stormscale,1029,druid,restoration,82,38,44
Storpboom,drakthul,1028,druid,restoration,31,13,18
Chéchédroïd,marécage-de-zangar,1027,druid,restoration,64,30,34
Klørfem,draenor,1027,druid,restoration,36,13,23
Mayurí,kazzak,1026,druid,restoration,18,11,7
Davincidru,tarren-mill,1026,druid,restoration,68,32,36
Кишкинахир,razuvious,1025,druid,restoration,33,16,17
Ella,kult-der-verdammten,1024,druid,restoration,24,15,9
Raysien,doomhammer,1021,druid,restoration,24,13,11
Shanikya,argent-dawn,1021,druid,restoration,44,20,24
Elrroir,dun-modr,1021,druid,restoration,34,12,22
Baroona,kazzak,1019,druid,restoration,24,14,10
Tângo,eredar,1019,druid,restoration,31,15,16
Malandrin,khazgoroth,1019,druid,restoration,55,25,30
Jagu,blackrock,1018,druid,restoration,30,16,14
Domsz,dalaran,1017,druid,restoration,51,22,29
Эмканегодяйк,galakrond,1016,druid,restoration,95,50,45
Омгдру,gordunni,1016,druid,restoration,117,53,64
Lutzmiller,eredar,1013,druid,restoration,230,108,122
Komiker,ravencrest,1011,druid,restoration,47,29,18
Dobbmaster,aegwynn,1011,druid,restoration,244,121,123
Dirtyhacks,blackmoore,1010,druid,restoration,36,17,19
Флиперкэт,howling-fjord,1010,druid,restoration,36,12,24
Ukri,ravencrest,1008,druid,restoration,22,11,11
Akuda,blackrock,1004,druid,restoration,21,11,10
Фэйблуд,blackscar,1004,druid,restoration,138,72,66
Feedbark,stormscale,1002,druid,restoration,23,13,10
Buitonix,khaz-modan,1002,druid,restoration,48,19,29
Ушастикэ,gordunni,1001,druid,restoration,12,11,1
Zerschmatzen,aegwynn,1001,druid,restoration,63,18,45
Spiralout,nemesis,1000,druid,restoration,298,144,154
Spankproof,kazzak,999,druid,restoration,20,12,8
Pudseytree,doomhammer,996,druid,restoration,74,38,36
Trolléverte,archimonde,996,druid,restoration,51,23,28
Cárnagè,stormscale,996,druid,restoration,92,40,52
Kirïllx,silvermoon,995,druid,restoration,24,12,12
Дела,eversong,994,druid,restoration,36,21,15
Sorahe,arthas,989,druid,restoration,20,12,8
Sooamazing,korgall,987,druid,restoration,27,15,12
Aolynk,twisting-nether,986,druid,restoration,35,12,23
Bearinator,aggramar,985,druid,restoration,63,29,34
Inspiredrood,archimonde,984,druid,restoration,107,58,49
Weremyst,outland,982,druid,restoration,32,11,21
Ellismera,argent-dawn,978,druid,restoration,36,17,19
Robutt,runetotem,976,druid,restoration,22,12,10
Liloè,onyxia,975,druid,restoration,48,24,24
Arydan,quelthalas,974,druid,restoration,28,11,17
Nali,arthas,972,druid,restoration,19,12,7
Spoco,defias-brotherhood,972,druid,restoration,84,43,41
Sinthorasia,blackrock,972,druid,restoration,28,12,16
Ванилане,ashenvale,971,druid,restoration,66,27,39
Menolao,dun-morogh,970,druid,restoration,32,18,14
Torawara,ragnaros,969,druid,restoration,17,11,6
Shaorma,ravencrest,964,druid,restoration,18,13,5
Sfarcolacul,tarren-mill,964,druid,restoration,82,44,38
Jimmorris,eredar,964,druid,restoration,24,11,13
Jambonmaster,archimonde,963,druid,restoration,30,15,15
Wegian,sylvanas,962,druid,restoration,63,36,27
Wolfeiy,ravenholdt,961,druid,restoration,139,74,65
Bntyx,dun-modr,960,druid,restoration,18,10,8
Peterpain,grim-batol,960,druid,restoration,18,10,8
Foxyfeet,outland,960,druid,restoration,18,10,8
Caldino,tarren-mill,960,druid,restoration,23,11,12
Eviency,outland,960,druid,restoration,24,10,14
Crìmz,aszune,960,druid,restoration,36,10,26
Worstdruid,sanguino,959,druid,restoration,12,10,2
Блицклик,gordunni,959,druid,restoration,18,10,8
Treedog,ravencrest,959,druid,restoration,18,10,8
Snedden,silvermoon,959,druid,restoration,30,15,15
Kasugia,aegwynn,959,druid,restoration,24,10,14
Flåppers,stormscale,959,druid,restoration,24,10,14
Tjann,darksorrow,959,druid,restoration,24,10,14
Zmira,outland,959,druid,restoration,30,10,20
Plantpuzzl,silvermoon,959,druid,restoration,36,10,26
Bäckey,silvermoon,958,druid,restoration,12,10,2
Rînaa,ravencrest,958,druid,restoration,18,10,8
Iqfrags,silvermoon,957,druid,restoration,21,14,7
Prayx,dalaran,957,druid,restoration,30,10,20
Plúx,antonidas,956,druid,restoration,26,10,16
Элеарсия,gordunni,956,druid,restoration,42,15,27
Snuffurious,ragnaros,955,druid,restoration,18,10,8
Indann,kazzak,955,druid,restoration,24,10,14
Leafceld,aggra-português,955,druid,restoration,30,10,20
Taèzoth,terokkar,954,druid,restoration,18,10,8
Moonfetamine,silvermoon,954,druid,restoration,30,10,20
Бульбион,gordunni,952,druid,restoration,24,11,13
Энчантерес,gordunni,952,druid,restoration,30,10,20
Maghh,ravencrest,951,druid,restoration,18,10,8
Eô,antonidas,950,druid,restoration,18,10,8
Buffspencer,ragnaros,950,druid,restoration,89,47,42
Thieane,blackhand,948,druid,restoration,18,10,8
Johndru,kazzak,948,druid,restoration,71,26,45
Wrak,eonar,947,druid,restoration,18,10,8
Zêrg,ysondre,946,druid,restoration,18,10,8
Triplej,twisting-nether,946,druid,restoration,52,26,26
Thélon,antonidas,945,druid,restoration,69,35,34
Yespapa,kazzak,945,druid,restoration,232,116,116
Zyska,outland,944,druid,restoration,199,87,112
Cigamt,kazzak,943,druid,restoration,12,10,2
Layzz,archimonde,943,druid,restoration,23,10,13
Muju,stormscale,942,druid,restoration,66,30,36
Erinark,aegwynn,940,druid,restoration,42,10,32
Nimèl,argent-dawn,936,druid,restoration,42,18,24
Draneis,les-sentinelles,934,druid,restoration,56,32,24
Fubarmeep,outland,932,druid,restoration,42,22,20
Krollix,dun-morogh,929,druid,restoration,47,25,22
Trikill,hyjal,929,druid,restoration,49,20,29
Loumpa,hyjal,928,druid,restoration,24,14,10
Racadruid,antonidas,928,druid,restoration,36,10,26
Maldrýn,stormscale,927,druid,restoration,17,10,7
Gribix,kazzak,927,druid,restoration,18,10,8
Ellinaki,neptulon,927,druid,restoration,84,42,42
Santamonica,blackrock,927,druid,restoration,30,10,20
Sinestah,ravencrest,926,druid,restoration,79,35,44
Missfar,doomhammer,923,druid,restoration,42,16,26
Djclonex,archimonde,922,druid,restoration,36,16,20
Kaod,outland,918,druid,restoration,33,17,16
Kkriss,stormscale,918,druid,restoration,22,11,11
Shokazu,blackmoore,917,druid,restoration,70,32,38
Çhuucky,khaz-modan,912,druid,restoration,60,16,44
Yam,thrall,911,druid,restoration,23,10,13
Allod,stormscale,910,druid,restoration,198,99,99
Бехеровка,grom,910,druid,restoration,58,24,34
Woodrla,sylvanas,908,druid,restoration,54,30,24
Kárél,drakthul,906,druid,restoration,24,12,12
Akifumi,archimonde,903,druid,restoration,35,11,24
Celéry,silvermoon,896,druid,restoration,16,10,6
Lorucka,die-nachtwache,894,druid,restoration,20,10,10
Мирафлоресс,booty-bay,893,druid,restoration,82,34,48
Борзойрог,soulflayer,890,druid,restoration,54,23,31
Naturberserk,tarren-mill,887,druid,restoration,27,12,15
Feanthur,drakthul,886,druid,restoration,148,72,76
ßlackßåmßå,zuljin,886,druid,restoration,29,13,16
Котанет,gordunni,879,druid,restoration,30,10,20
Do,alakir,876,druid,restoration,24,10,14
Lyarx,ragnaros,873,druid,restoration,42,20,22
Bunnykiss,kazzak,873,druid,restoration,24,10,14
Merakir,dun-modr,870,druid,restoration,66,22,44
Spaartaa,blackhand,870,druid,restoration,36,10,26
Argbjörn,sylvanas,868,druid,restoration,57,23,34
Dokus,grim-batol,866,druid,restoration,30,11,19
Healbrah,burning-blade,865,druid,restoration,54,10,44
Иксвовски,gordunni,864,druid,restoration,18,9,9
Viggez,outland,864,druid,restoration,18,9,9
Лабирон,soulflayer,864,druid,restoration,24,9,15
Tarshish,outland,863,druid,restoration,12,9,3
Stonesight,argent-dawn,863,druid,restoration,12,9,3
Madmanul,draenor,863,druid,restoration,18,9,9
Místergreen,ravencrest,863,druid,restoration,18,9,9
Jtsoigne,ysondre,863,druid,restoration,40,19,21
Fatøumatä,archimonde,863,druid,restoration,24,9,15
Greenlips,ravencrest,863,druid,restoration,30,9,21
Drrood,stormscale,862,druid,restoration,12,9,3
Brosephiné,stormscale,862,druid,restoration,18,9,9
Csmedruid,blackrock,862,druid,restoration,18,9,9
Yandris,argent-dawn,862,druid,restoration,18,9,9
Barbesco,zuljin,861,druid,restoration,26,12,14
Smucka,ragnaros,861,druid,restoration,24,9,15
Fknmad,burning-blade,860,druid,restoration,12,9,3
Thardruid,stormscale,860,druid,restoration,18,9,9
Suunto,blackrock,859,druid,restoration,18,9,9
Shadraw,arakarahm,857,druid,restoration,24,9,15
Relxc,outland,854,druid,restoration,12,9,3
Aivy,boulderfist,854,druid,restoration,37,17,20
Happyhoter,blackrock,854,druid,restoration,24,9,15
Nious,kazzak,853,druid,restoration,24,9,15
Lunatrixs,dun-modr,852,druid,restoration,18,9,9
Инуараши,ashenvale,851,druid,restoration,38,14,24
Baineaordur,krasus,850,druid,restoration,18,9,9
Nachtelf,lightbringer,850,druid,restoration,84,29,55
Simouch,archimonde,848,druid,restoration,124,57,67
Relay,ragnaros,847,druid,restoration,24,12,12
Theridrax,twisting-nether,846,druid,restoration,20,9,11
Jendiiss,drakthul,843,druid,restoration,22,11,11
Chujogrzmot,kazzak,843,druid,restoration,23,9,14
Iprex,outland,841,druid,restoration,18,10,8
Seabath,kirin-tor,841,druid,restoration,24,9,15
Houwalia,archimonde,840,druid,restoration,42,18,24
Kaydjan,elune,839,druid,restoration,18,10,8
Clearwipe,thunderhorn,835,druid,restoration,24,9,15
Driiptoohard,turalyon,833,druid,restoration,87,37,50
Robeala,twisting-nether,832,druid,restoration,42,17,25
Rááy,blackrock,831,druid,restoration,17,9,8
Maylika,hyjal,831,druid,restoration,52,13,39
Ånåphorå,archimonde,830,druid,restoration,17,9,8
Omegaheals,scarshield-legion,826,druid,restoration,30,13,17
Nube,alonsus,826,druid,restoration,66,25,41
Ruap,blackmoore,822,druid,restoration,20,10,10
Blolzz,silvermoon,819,druid,restoration,24,9,15
Metaboss,ravencrest,817,druid,restoration,71,24,47
Kirkey,terokkar,816,druid,restoration,72,34,38
Karvapersé,argent-dawn,816,druid,restoration,24,10,14
Macanbre,tarren-mill,813,druid,restoration,54,22,32
Droodfist,khaz-modan,805,druid,restoration,54,24,30
Ratskrone,alleria,803,druid,restoration,72,30,42
Kiadorn,stormreaver,799,druid,restoration,22,9,13
Moontriix,kazzak,798,druid,restoration,22,9,13
Avadakodavra,ravencrest,797,druid,restoration,36,10,26
Trytargetme,outland,796,druid,restoration,17,9,8
Lyndruid,sylvanas,788,druid,restoration,90,32,58
Sacmycløne,draenor,786,druid,restoration,35,10,25
Gladyon,ravencrest,785,druid,restoration,24,9,15
Bidodici,nemesis,783,druid,restoration,135,57,78
Lynysae,blackmoore,782,druid,restoration,17,9,8
Mirreska,silvermoon,782,druid,restoration,36,9,27
Buufu,kazzak,780,druid,restoration,19,9,10
Lxstcentury,stormscale,768,druid,restoration,12,8,4
Bunzor,sylvanas,768,druid,restoration,12,8,4
Dablol,draenor,768,druid,restoration,12,8,4
Ecological,outland,768,druid,restoration,12,8,4
Nohos,blackrock,768,druid,restoration,18,8,10
Zekmvp,silvermoon,768,druid,restoration,18,8,10
Eldi,uldum,768,druid,restoration,18,8,10
Flensí,stormscale,768,druid,restoration,18,8,10
Lyricx,kazzak,768,druid,restoration,18,8,10
Jin,the-venture-co,768,druid,restoration,18,8,10
Ксенона,gordunni,768,druid,restoration,18,8,10
Neverfall,aegwynn,768,druid,restoration,24,10,14
Skilloxus,gilneas,768,druid,restoration,105,35,70
Ajaÿ,sylvanas,768,druid,restoration,24,8,16
Amaree,burning-legion,768,druid,restoration,24,8,16
Pikkusuhnu,twisting-nether,768,druid,restoration,24,8,16
Piggo,tarren-mill,767,druid,restoration,12,8,4
Alexialol,silvermoon,767,druid,restoration,12,8,4
Möllemäck,sylvanas,767,druid,restoration,12,8,4
Fanboij,kazzak,767,druid,restoration,18,8,10
Liunara,nemesis,767,druid,restoration,18,8,10
Lavague,hyjal,767,druid,restoration,18,8,10
Brindefolie,archimonde,767,druid,restoration,18,8,10
Muminoses,burning-legion,767,druid,restoration,24,8,16
Steuerung,twisting-nether,767,druid,restoration,24,8,16
Dêrbombär,guldan,767,druid,restoration,24,8,16
Saintbiose,dalaran,766,druid,restoration,12,8,4
Seekx,silvermoon,766,druid,restoration,12,8,4
Ghxsty,silvermoon,766,druid,restoration,18,8,10
Uncleruccus,outland,766,druid,restoration,24,8,16
Nutzlos,azshara,766,druid,restoration,102,30,72
Razudru,nerathor,765,druid,restoration,15,8,7
Crydotcom,aegwynn,765,druid,restoration,18,8,10
Ischumekcid,anubarak,765,druid,restoration,18,8,10
Memento,kazzak,765,druid,restoration,18,8,10
Druidorie,ravencrest,765,druid,restoration,18,8,10
Lil,elune,763,druid,restoration,30,8,22
Uvøgin,ragnaros,762,druid,restoration,12,8,4
Димитруа,howling-fjord,761,druid,restoration,18,8,10
Catbear,kazzak,760,druid,restoration,49,20,29
Друоид,howling-fjord,759,druid,restoration,24,8,16
Kkthanks,twisting-nether,757,druid,restoration,12,8,4
Semiflora,silvermoon,757,druid,restoration,24,8,16
Лаегмерил,gordunni,756,druid,restoration,16,9,7
Karmacowboy,ravencrest,756,druid,restoration,24,8,16
Mandy,spinebreaker,755,druid,restoration,18,8,10
Fòggie,silvermoon,755,druid,restoration,18,8,10
Caturday,terrordar,755,druid,restoration,24,9,15
Nargaí,kargath,753,druid,restoration,18,8,10
Hootymactoot,magtheridon,752,druid,restoration,12,8,4
Nezruslfour,dun-modr,752,druid,restoration,12,8,4
Karochi,kazzak,751,druid,restoration,12,8,4
Malfis,the-maelstrom,748,druid,restoration,18,8,10
Wildblu,nemesis,748,druid,restoration,24,8,16
Bug,eredar,747,druid,restoration,12,8,4
Foyboy,ravencrest,747,druid,restoration,62,13,49
Frostfox,ghostlands,741,druid,restoration,22,9,13
Haveacoffee,stormscale,739,druid,restoration,54,17,37
Skraks,ysondre,739,druid,restoration,30,8,22
Ivysun,auchindoun,734,druid,restoration,20,9,11
Saxondale,aszune,729,druid,restoration,18,8,10
Лордсенка,eversong,721,druid,restoration,18,8,10
Catman,eredar,717,druid,restoration,15,9,6
Jakeparkki,sylvanas,714,druid,restoration,26,9,17
Тремакулан,gordunni,711,druid,restoration,18,9,9
Arthoriana,thrall,711,druid,restoration,35,8,27
Avemonthemus,silvermoon,701,druid,restoration,23,9,14
Sylocin,earthen-ring,699,druid,restoration,16,8,8
Itswoland,emeriss,687,druid,restoration,11,8,3
Найтед,gordunni,678,druid,restoration,17,10,7
Магараганага,azuregos,675,druid,restoration,25,8,17
Luuxiå,archimonde,672,druid,restoration,12,7,5
Icecöld,silvermoon,672,druid,restoration,12,7,5
Jakeffsake,stormscale,672,druid,restoration,12,7,5
Zarune,sanguino,672,druid,restoration,12,7,5
Innos,azshara,672,druid,restoration,12,7,5
Noramun,alexstrasza,672,druid,restoration,12,7,5
Антиблэк,soulflayer,672,druid,restoration,12,7,5
Riddlerdruid,aegwynn,672,druid,restoration,12,7,5
Ekexd,grim-batol,672,druid,restoration,12,7,5
Maiverdr,ravencrest,672,druid,restoration,12,7,5
Druidomedio,pozzo-delleternità,672,druid,restoration,12,7,5
Juhato,outland,672,druid,restoration,18,7,11
Holybarkzqt,aegwynn,672,druid,restoration,18,7,11
Renewer,argent-dawn,672,druid,restoration,18,7,11
Smightydr,silvermoon,672,druid,restoration,18,7,11
Darkyblood,archimonde,672,druid,restoration,18,7,11
Drèamer,ravencrest,672,druid,restoration,18,7,11
Buzzlîghtyea,outland,672,druid,restoration,18,7,11
Juhudy,kazzak,672,druid,restoration,18,7,11
Фатуомуэрте,razuvious,672,druid,restoration,18,7,11
Stormendru,kazzak,672,druid,restoration,24,7,17
Yseraheal,drakthul,672,druid,restoration,24,7,17
Стомпбр,gordunni,672,druid,restoration,24,7,17
Norkenis,neptulon,671,druid,restoration,12,7,5
Тое,soulflayer,671,druid,restoration,12,7,5
Мамамышь,gordunni,671,druid,restoration,12,7,5
Zatarmix,sylvanas,671,druid,restoration,12,7,5
Darktigrou,archimonde,671,druid,restoration,12,7,5
Jugai,archimonde,671,druid,restoration,12,7,5
Pomdöner,echsenkessel,671,druid,restoration,12,7,5
Badballance,outland,671,druid,restoration,12,7,5
Kormakurr,silvermoon,671,druid,restoration,16,8,8
Zkasnoname,archimonde,671,druid,restoration,18,7,11
Азазиона,gordunni,671,druid,restoration,18,7,11
Scuta,sylvanas,671,druid,restoration,18,7,11
Wizår,outland,671,druid,restoration,18,7,11
Sandh,uldum,671,druid,restoration,18,7,11
Rosskemp,tarren-mill,671,druid,restoration,18,7,11
Шеданна,gordunni,671,druid,restoration,24,7,17
Bayerant,burning-legion,671,druid,restoration,24,7,17
Behemothe,dalaran,670,druid,restoration,12,7,5
Proxis,the-maelstrom,670,druid,restoration,18,7,11
Muffinjump,outland,670,druid,restoration,18,7,11
Driftmaster,defias-brotherhood,670,druid,restoration,18,7,11
Imissclone,outland,670,druid,restoration,18,7,11
Naicy,khaz-modan,670,druid,restoration,30,7,23
Azenoir,ravencrest,669,druid,restoration,18,7,11
Derie,nazjatar,669,druid,restoration,18,7,11
Sâty,draenor,669,druid,restoration,18,7,11
Ballosh,hyjal,669,druid,restoration,18,7,11
Vickepicke,stormreaver,669,druid,restoration,18,7,11
Gailiûga,kazzak,669,druid,restoration,25,8,17
Ayehotx,ragnaros,668,druid,restoration,12,7,5
Kezbaniye,silvermoon,668,druid,restoration,12,7,5
Druidbox,ravencrest,668,druid,restoration,12,7,5
Ultrassick,kazzak,668,druid,restoration,12,7,5
Coínlíp,drakthul,668,druid,restoration,24,7,17
Shäylä,sinstralis,667,druid,restoration,12,7,5
Thaeldres,argent-dawn,667,druid,restoration,18,7,11
Borne,aggra-português,666,druid,restoration,18,7,11
Croassant,archimonde,665,druid,restoration,12,7,5
Kasjuz,tarren-mill,665,druid,restoration,12,7,5
Mcneil,wrathbringer,665,druid,restoration,18,7,11
Bepanten,azshara,665,druid,restoration,18,7,11
Syre,pozzo-delleternità,664,druid,restoration,12,7,5
Druiddamage,the-maelstrom,660,druid,restoration,18,7,11
Raktav,kazzak,659,druid,restoration,12,7,5
Rukashi,die-aldor,659,druid,restoration,12,7,5
Сутулоерыгло,howling-fjord,658,druid,restoration,20,7,13
Arianator,culte-de-la-rive-noire,652,druid,restoration,18,7,11
Foaqi,aegwynn,639,druid,restoration,16,7,9
Lyvaley,dun-modr,629,druid,restoration,28,7,21
Унаген,howling-fjord,624,druid,restoration,15,8,7
Kùrámágødx,ravencrest,624,druid,restoration,17,7,10
Нюхнимедведя,blackscar,623,druid,restoration,11,7,4
Solutionx,aegwynn,618,druid,restoration,21,8,13
Амильфийка,blackscar,617,druid,restoration,15,8,7
ßïgßúll,twisting-nether,614,druid,restoration,19,8,11
Chainbrake,sylvanas,611,druid,restoration,21,10,11
Thespanker,aggramar,608,druid,restoration,10,7,3
Heavysmoker,emeriss,607,druid,restoration,11,7,4
Yamsha,dalaran,607,druid,restoration,16,7,9
Метафрея,gordunni,605,druid,restoration,11,7,4
Kerataas,lightnings-blade,603,druid,restoration,17,7,10
Medreas,argent-dawn,594,druid,restoration,16,7,9
Draxedin,kazzak,576,druid,restoration,6,6,0
Poporseven,archimonde,576,druid,restoration,12,6,6
Freddyßear,draenor,576,druid,restoration,12,6,6
Outformpoly,ravencrest,576,druid,restoration,12,6,6
Bøømerswågxx,twisting-nether,576,druid,restoration,12,6,6
Biggttgothgf,doomhammer,576,druid,restoration,12,6,6
Milkyheals,burning-blade,576,druid,restoration,12,6,6
Felisin,ravencrest,576,druid,restoration,12,6,6
Vacuumcleanr,ravencrest,576,druid,restoration,12,6,6
Ferraribob,ravencrest,576,druid,restoration,12,6,6
Bilmo,ragnaros,576,druid,restoration,12,6,6
Vindruva,ravencrest,576,druid,restoration,12,6,6
Tashani,blackhand,576,druid,restoration,12,6,6
Mikeisbike,ragnaros,576,druid,restoration,12,6,6
Kyssope,chants-éternels,576,druid,restoration,12,6,6
Vijaja,aegwynn,576,druid,restoration,12,6,6
Vacaleiteira,aggra-português,576,druid,restoration,12,6,6
Zaelithree,archimonde,576,druid,restoration,12,6,6
Jincksdru,ravencrest,576,druid,restoration,12,6,6
Telpha,onyxia,576,druid,restoration,12,6,6
Sakkosækk,ravencrest,576,druid,restoration,12,6,6
Jhiun,ragnaros,576,druid,restoration,12,6,6
Muraglia,pozzo-delleternità,576,druid,restoration,12,6,6
Thorns,blackrock,576,druid,restoration,12,6,6
Ravnac,aegwynn,576,druid,restoration,12,6,6
Pogidruid,ragnaros,576,druid,restoration,12,6,6
Cyriaan,eredar,576,druid,restoration,12,6,6
Sálty,aegwynn,576,druid,restoration,12,6,6
Theforest,stormscale,576,druid,restoration,12,6,6
Animaldoh,kazzak,576,druid,restoration,18,6,12
Neverpanic,stormscale,576,druid,restoration,18,6,12
Джунали,howling-fjord,576,druid,restoration,18,6,12
Swisz,bronzebeard,576,druid,restoration,18,6,12
Bulldócer,sanguino,576,druid,restoration,18,6,12
Tjillevippen,tarren-mill,576,druid,restoration,18,6,12
Shaelx,nethersturm,576,druid,restoration,18,6,12
Pölkky,argent-dawn,576,druid,restoration,18,6,12
Lyalis,kazzak,576,druid,restoration,18,6,12
Jìkkz,aegwynn,576,druid,restoration,24,6,18
Meall,blackmoore,575,druid,restoration,6,6,0
Afret,kazzak,575,druid,restoration,12,6,6
Лэвиш,blackscar,575,druid,restoration,12,6,6
Lucidor,frostmane,575,druid,restoration,12,6,6
Mistgone,hyjal,575,druid,restoration,12,6,6
Wykked,outland,575,druid,restoration,12,6,6
Garbloom,silvermoon,575,druid,restoration,12,6,6
Lanmìe,malganis,575,druid,restoration,12,6,6
Jinxaran,culte-de-la-rive-noire,575,druid,restoration,12,6,6
Geeorge,stormscale,575,druid,restoration,12,6,6
Fondü,outland,575,druid,restoration,12,6,6
Берды,gordunni,575,druid,restoration,12,6,6
Iamsocute,silvermoon,575,druid,restoration,12,6,6
Scarrymonsta,outland,575,druid,restoration,12,6,6
Chicobullz,ysondre,575,druid,restoration,12,6,6
Chintawaz,archimonde,575,druid,restoration,16,7,9
Mayhh,ragnaros,575,druid,restoration,18,6,12
Séifér,auchindoun,575,druid,restoration,18,6,12
Sartipus,draenor,575,druid,restoration,18,6,12
Fiq,silvermoon,575,druid,restoration,18,6,12
Storfjåset,stormscale,575,druid,restoration,18,6,12
Telaroxx,die-nachtwache,575,druid,restoration,18,6,12
Pouletqt,archimonde,575,druid,restoration,18,6,12
Урголяфа,gordunni,575,druid,restoration,18,6,12
Enggetsu,drakthul,575,druid,restoration,18,6,12
Mascraxx,earthen-ring,575,druid,restoration,18,6,12
Ipiridian,kargath,575,druid,restoration,18,6,12
Avilary,tarren-mill,575,druid,restoration,18,6,12
Spritzer,tarren-mill,574,druid,restoration,12,6,6
Ruberg,kazzak,574,druid,restoration,12,6,6
Silverdice,thrall,574,druid,restoration,12,6,6
Tsihsel,ravencrest,574,druid,restoration,12,6,6
Rìften,stormscale,574,druid,restoration,18,6,12
Wiyah,hyjal,574,druid,restoration,18,6,12
Зервес,gordunni,574,druid,restoration,24,6,18
Goatmeal,draenor,574,druid,restoration,24,6,18
Visurat,tarren-mill,573,druid,restoration,12,6,6
Oaky,alonsus,573,druid,restoration,12,6,6
Kattman,tarren-mill,573,druid,restoration,18,6,12
Ragdru,twisting-nether,573,druid,restoration,24,6,18
Zalherbata,burning-legion,572,druid,restoration,18,6,12
Theguyandbea,draenor,572,druid,restoration,24,6,18
Nøboorst,ravencrest,571,druid,restoration,12,6,6
Bearshift,aggra-português,571,druid,restoration,18,6,12
Pussn,twisting-nether,570,druid,restoration,18,6,12
Kelerun,blackhand,570,druid,restoration,24,6,18
Эгерме24FA33,howling-fjord,569,druid,restoration,12,6,6
Essya,earthen-ring,569,druid,restoration,31,7,24
Roséa,ravencrest,568,druid,restoration,18,6,12
Walkao,tarren-mill,566,druid,restoration,12,6,6
Wellsie,blackmoore,565,druid,restoration,18,6,12
Juggmusicxd,hyjal,543,druid,restoration,14,7,7
Vlookup,tarren-mill,543,druid,restoration,17,6,11
Márron,blackhand,542,druid,restoration,16,7,9
Siahra,khaz-modan,534,druid,restoration,48,6,42
Quorn,pozzo-delleternità,527,druid,restoration,13,7,6
Deliveru,outland,527,druid,restoration,17,6,11
Orgazmo,archimonde,526,druid,restoration,17,6,11
Noodledru,tarren-mill,526,druid,restoration,21,6,15
Laserlars,blackrock,522,druid,restoration,13,7,6
Zagrem,antonidas,522,druid,restoration,16,7,9
Dablolo,ravencrest,521,druid,restoration,12,7,5
Auspicer,moonglade,519,druid,restoration,16,7,9
Nøkki,draenor,517,druid,restoration,21,8,13
Sethdr,hyjal,511,druid,restoration,20,6,14
Piñaclo,archimonde,480,druid,restoration,6,5,1
Druidtar,burning-steppes,480,druid,restoration,6,5,1
Мегабамбук,soulflayer,480,druid,restoration,6,5,1
Miskydruid,kazzak,480,druid,restoration,6,5,1
Blòódý,ravencrest,480,druid,restoration,6,5,1
Bobthebull,ragnaros,480,druid,restoration,6,5,1
Quadpulse,ravencrest,480,druid,restoration,6,5,1
Mykk,ravencrest,480,druid,restoration,6,5,1
Jenovas,argent-dawn,480,druid,restoration,12,5,7
Kvalitet,outland,480,druid,restoration,12,5,7
Thatzdmg,blackmoore,480,druid,restoration,12,5,7
Skirr,kelthuzad,480,druid,restoration,12,5,7
Helløkittyßß,dun-modr,480,druid,restoration,12,5,7
Miyá,sylvanas,480,druid,restoration,12,5,7
Daisyx,eredar,480,druid,restoration,12,5,7
Demncow,twisting-nether,480,druid,restoration,12,5,7
Druidicchi,stormscale,480,druid,restoration,12,5,7
Nightmoon,hellscream,480,druid,restoration,12,5,7
Horstyolo,blackrock,480,druid,restoration,12,5,7
Vaacku,stormreaver,480,druid,restoration,12,5,7
Devastras,ravencrest,480,druid,restoration,12,5,7
Druni,blackrock,480,druid,restoration,12,5,7
Malacella,marécage-de-zangar,480,druid,restoration,12,5,7
Asude,outland,480,druid,restoration,12,5,7
Slimp,the-maelstrom,480,druid,restoration,12,5,7
Búse,twisting-nether,480,druid,restoration,12,5,7
Epicskin,kazzak,480,druid,restoration,12,5,7
Marmotini,the-maelstrom,480,druid,restoration,12,5,7
Jebaitor,tarren-mill,480,druid,restoration,12,5,7
Holybarkz,aegwynn,480,druid,restoration,12,5,7
Troc,karazhan,480,druid,restoration,12,5,7
Pyctograhm,eldrethalas,480,druid,restoration,12,5,7
Crysís,sanguino,480,druid,restoration,12,5,7
Øxxy,ravencrest,480,druid,restoration,12,5,7
Billydruida,sanguino,480,druid,restoration,12,5,7
Solonely,argent-dawn,480,druid,restoration,12,5,7
Pomjo,archimonde,480,druid,restoration,12,5,7
Higuys,the-maelstrom,480,druid,restoration,12,5,7
Napsta,sylvanas,480,druid,restoration,12,5,7
Neshalry,blackhand,480,druid,restoration,13,5,8
Локотьдрева,gordunni,480,druid,restoration,18,5,13
Åzjôl,magtheridon,480,druid,restoration,18,5,13
Subu,drakthul,480,druid,restoration,18,5,13
Restaidpvs,wildhammer,480,druid,restoration,18,5,13
Erelieva,silvermoon,480,druid,restoration,18,5,13
Bigbaddream,stormscale,480,druid,restoration,18,5,13
Fricky,burning-blade,479,druid,restoration,6,5,1
Клиптыч,soulflayer,479,druid,restoration,6,5,1
Greenthûmbs,sylvanas,479,druid,restoration,12,5,7
Килаф,gordunni,479,druid,restoration,12,5,7
Xaeerow,archimonde,479,druid,restoration,12,5,7
Alfrëd,quelthalas,479,druid,restoration,12,5,7
Inspira,teldrassil,479,druid,restoration,12,5,7
Bhorumir,colinas-pardas,479,druid,restoration,12,5,7
Tanariel,ravencrest,479,druid,restoration,12,5,7
Sieur,archimonde,479,druid,restoration,12,5,7
Reiss,tarren-mill,479,druid,restoration,12,5,7
Delphina,dun-modr,479,druid,restoration,12,5,7
Epidruid,stormrage,479,druid,restoration,12,5,7
Benzimaax,ragnaros,479,druid,restoration,12,5,7
Quiksx,blackrock,479,druid,restoration,13,5,8
Whiskers,emerald-dream,479,druid,restoration,16,6,10
Drix,frostwolf,479,druid,restoration,15,5,10
Jemyd,aegwynn,479,druid,restoration,24,5,19
Kroshka,sylvanas,478,druid,restoration,12,5,7
Шмыгадру,eversong,478,druid,restoration,12,5,7
Yodox,kazzak,477,druid,restoration,6,5,1
Kodobursto,stormscale,477,druid,restoration,12,5,7
Шмору,deathguard,477,druid,restoration,12,5,7
Wybsalt,dragonblight,477,druid,restoration,18,5,13
Sýrês,malganis,475,druid,restoration,12,5,7
Raylla,dun-modr,475,druid,restoration,12,5,7
Бацна,gordunni,475,druid,restoration,18,5,13
Prowlinger,silvermoon,473,druid,restoration,12,5,7
Voodoodrood,draenor,473,druid,restoration,30,5,25
Iamtheone,ragnaros,463,druid,restoration,17,5,12
Krayzz,tarren-mill,448,druid,restoration,16,5,11
Druidicmorr,sylvanas,447,druid,restoration,10,5,5
Flandersdru,ravencrest,447,druid,restoration,11,5,6
Happyhippo,arathor,447,druid,restoration,17,5,12
Dhomaris,emerald-dream,447,druid,restoration,17,5,12
Oyoyo,kaelthas,446,druid,restoration,8,6,2
Ambracer,silvermoon,444,druid,restoration,8,6,2
Исмалат,howling-fjord,429,druid,restoration,11,5,6
Pfandmalle,blackrock,426,druid,restoration,14,6,8
Qjkuug,ravencrest,416,druid,restoration,10,5,5
Meridus,thrall,400,druid,restoration,13,5,8
Bartoluca,twisting-nether,393,druid,restoration,34,6,28
Jimmyjam,archimonde,384,druid,restoration,6,4,2
Сокдобрый,gordunni,384,druid,restoration,6,4,2
Zuldram,uldaman,384,druid,restoration,6,4,2
Druidka,grim-batol,384,druid,restoration,6,4,2
Corroboree,archimonde,384,druid,restoration,6,4,2
Zeroclones,the-maelstrom,384,druid,restoration,6,4,2
Koala,temple-noir,384,druid,restoration,6,4,2
Гвенивар,soulflayer,384,druid,restoration,6,4,2
Bekkjin,todeswache,384,druid,restoration,6,4,2
Àrkange,hyjal,384,druid,restoration,6,4,2
Jellyxdd,silvermoon,384,druid,restoration,6,4,2
Sensisdruid,blackmoore,384,druid,restoration,6,4,2
Boomkïn,draenor,384,druid,restoration,6,4,2
Cerius,drakthul,384,druid,restoration,6,4,2
Whiplazh,archimonde,384,druid,restoration,6,4,2
Балаклаваа,soulflayer,384,druid,restoration,6,4,2
Híraad,blackmoore,384,druid,restoration,6,4,2
Bigborst,ravencrest,384,druid,restoration,6,4,2
Cykablyaster,defias-brotherhood,384,druid,restoration,6,4,2
Феразинария,gordunni,384,druid,restoration,6,4,2
Stinka,ravencrest,384,druid,restoration,6,4,2
Greenberry,eonar,384,druid,restoration,6,4,2
Bombiix,sanguino,384,druid,restoration,6,4,2
Xandersito,sanguino,384,druid,restoration,6,4,2
Notmyfriend,sylvanas,384,druid,restoration,6,4,2
Марголав,gordunni,384,druid,restoration,6,4,2
Lerralol,eredar,384,druid,restoration,6,4,2
Bearmeister,kazzak,384,druid,restoration,6,4,2
Kapidrooqt,suramar,384,druid,restoration,6,4,2
Heathen,defias-brotherhood,384,druid,restoration,6,4,2
Mancy,silvermoon,384,druid,restoration,6,4,2
Shegal,uldum,384,druid,restoration,6,4,2
Pll,defias-brotherhood,384,druid,restoration,6,4,2
Daleen,silvermoon,384,druid,restoration,12,4,8
Найадра,gordunni,384,druid,restoration,12,4,8
Murlwywy,blackmoore,384,druid,restoration,12,4,8
Baraforet,archimonde,384,druid,restoration,12,4,8
Sqoopy,tarren-mill,384,druid,restoration,12,4,8
Farashh,archimonde,384,druid,restoration,12,4,8
Kobra,twilights-hammer,384,druid,restoration,12,4,8
Wakefields,dun-modr,384,druid,restoration,12,4,8
Ravenfel,argent-dawn,384,druid,restoration,12,4,8
Àlec,silvermoon,384,druid,restoration,12,4,8
Holdmabeer,blackmoore,384,druid,restoration,12,4,8
Swiftlife,blackrock,384,druid,restoration,12,4,8
Neri,shattered-hand,384,druid,restoration,12,4,8
Xanxiety,outland,384,druid,restoration,12,4,8
Farmmygold,dun-modr,384,druid,restoration,12,4,8
Koniny,drakthul,384,druid,restoration,12,4,8
Toffyfee,anetheron,384,druid,restoration,12,4,8
Irrlycht,blackrock,384,druid,restoration,12,4,8
Crazydos,tarren-mill,384,druid,restoration,12,4,8
Meowu,twisting-nether,384,druid,restoration,12,4,8
Shaize,dalaran,384,druid,restoration,12,4,8
Uuni,sylvanas,384,druid,restoration,12,4,8
Celtimi,antonidas,384,druid,restoration,12,4,8
Zivela,blackrock,384,druid,restoration,12,4,8
Cumulisama,sylvanas,384,druid,restoration,12,4,8
Hotundwech,blackrock,384,druid,restoration,12,4,8
Noggerglatze,blackrock,384,druid,restoration,12,4,8
Sneedlewøødz,exodar,384,druid,restoration,12,4,8
Biglet,tarren-mill,384,druid,restoration,12,4,8
Litany,drakthul,384,druid,restoration,13,4,9
Nezara,kazzak,384,druid,restoration,18,4,14
Hrz,kazzak,384,druid,restoration,18,4,14
Cmfg,blackrock,383,druid,restoration,6,4,2
Lathlas,defias-brotherhood,383,druid,restoration,6,4,2
Бабазарулем,fordragon,383,druid,restoration,6,4,2
Santoniq,dun-morogh,383,druid,restoration,6,4,2
Jabbah,defias-brotherhood,383,druid,restoration,6,4,2
Svass,ragnaros,383,druid,restoration,6,4,2
Blackfür,sylvanas,383,druid,restoration,6,4,2
Growiêlle,ravencrest,383,druid,restoration,6,4,2
Semenisback,archimonde,383,druid,restoration,12,4,8
Mimisiek,burning-legion,383,druid,restoration,12,4,8
Noxndruid,blackhand,383,druid,restoration,12,4,8
Opla,nethersturm,383,druid,restoration,12,4,8
Замакибо,howling-fjord,383,druid,restoration,12,4,8
Прожималодру,deathguard,383,druid,restoration,12,4,8
Xidenn,quelthalas,383,druid,restoration,12,4,8
Arns,kazzak,383,druid,restoration,12,4,8
Høpè,die-silberne-hand,383,druid,restoration,12,4,8
Leeonore,burning-legion,383,druid,restoration,18,4,14
Itê,dun-morogh,383,druid,restoration,18,4,14
Шикалат,howling-fjord,383,druid,restoration,24,4,20
Xele,destromath,382,druid,restoration,6,4,2
Mongetout,ravencrest,382,druid,restoration,6,4,2
Pega,nazjatar,382,druid,restoration,12,4,8
Khalynn,eredar,382,druid,restoration,18,4,14
Nàrina,der-abyssische-rat,381,druid,restoration,12,4,8
Amalou,ravencrest,381,druid,restoration,12,4,8
Dolob,ragnaros,381,druid,restoration,18,4,14
Thaurus,durotan,380,druid,restoration,12,4,8
Фигоначи,soulflayer,379,druid,restoration,12,4,8
Tranquillo,outland,379,druid,restoration,12,4,8
Тырубльдуде,gordunni,372,druid,restoration,15,7,8
Jincksdru,anachronos,367,druid,restoration,11,4,7
Demerit,defias-brotherhood,351,druid,restoration,11,4,7
Biegel,ysera,351,druid,restoration,11,4,7
Fapmasterx,eredar,351,druid,restoration,23,4,19
Lyhene,outland,339,druid,restoration,32,8,24
Wuppii,blackmoore,329,druid,restoration,10,6,4
Swarmah,draenor,329,druid,restoration,18,5,13
Hubek,silvermoon,328,druid,restoration,8,6,2
Thaldrenaar,argent-dawn,319,druid,restoration,14,4,10
Mímír,frostmane,317,druid,restoration,10,4,6
Elsnorro,sylvanas,313,druid,restoration,19,5,14
Biomat,norgannon,288,druid,restoration,6,3,3
Spielmann,ravencrest,288,druid,restoration,6,3,3
Qwopeiqpwoid,kazzak,288,druid,restoration,6,3,3
Cøwgirl,draenor,288,druid,restoration,6,3,3
Xbrokeaf,eredar,288,druid,restoration,6,3,3
Zaethul,draenor,288,druid,restoration,6,3,3
Shadowdury,frostwolf,288,druid,restoration,6,3,3
Myos,conseil-des-ombres,288,druid,restoration,6,3,3
Астраджет,gordunni,288,druid,restoration,6,3,3
Mnine,twisting-nether,288,druid,restoration,6,3,3
Jonnaxø,ravencrest,288,druid,restoration,6,3,3
Jöggel,perenolde,288,druid,restoration,6,3,3
Wurzeldor,ravencrest,288,druid,restoration,6,3,3
Snowlight,der-rat-von-dalaran,288,druid,restoration,6,3,3
Drozzie,twisting-nether,288,druid,restoration,6,3,3
Friyiee,stormscale,288,druid,restoration,6,3,3
Lolaven,turalyon,288,druid,restoration,6,3,3
Wísh,stormscale,288,druid,restoration,6,3,3
Bêlion,dun-modr,288,druid,restoration,6,3,3
Milknosugar,tarren-mill,288,druid,restoration,6,3,3
Druu,stormscale,288,druid,restoration,6,3,3
Зурсага,deathguard,288,druid,restoration,6,3,3
Qb,blackrock,288,druid,restoration,6,3,3
Owldschool,blackmoore,288,druid,restoration,6,3,3
Ipsdray,ysondre,288,druid,restoration,6,3,3
Heidepaa,tichondrius,288,druid,restoration,6,3,3
Fallken,burning-blade,288,druid,restoration,6,3,3
Faustîno,dun-modr,288,druid,restoration,6,3,3
Magiskeforme,draenor,288,druid,restoration,6,3,3
Whitemaine,aggramar,288,druid,restoration,6,3,3
Shyni,outland,288,druid,restoration,6,3,3
Droodyàz,hyjal,288,druid,restoration,6,3,3
Lèafy,silvermoon,288,druid,restoration,6,3,3
Moonbloom,defias-brotherhood,288,druid,restoration,6,3,3
Ghøstavdruid,ravencrest,288,druid,restoration,6,3,3
Eftersmak,ravencrest,288,druid,restoration,6,3,3
Ripmacmiller,grim-batol,288,druid,restoration,6,3,3
Bll,defias-brotherhood,288,druid,restoration,6,3,3
Kll,defias-brotherhood,288,druid,restoration,6,3,3
Koprogatos,twilights-hammer,288,druid,restoration,6,3,3
Furbyz,kazzak,288,druid,restoration,6,3,3
Skrewu,silvermoon,288,druid,restoration,6,3,3
Vellusdruid,burning-legion,288,druid,restoration,6,3,3
Sygko,kazzak,288,druid,restoration,6,3,3
Hð,blackmoore,288,druid,restoration,6,3,3
Дробовик,soulflayer,288,druid,restoration,6,3,3
Фонш,soulflayer,288,druid,restoration,6,3,3
Dopadruid,ravencrest,288,druid,restoration,6,3,3
Whelpss,archimonde,288,druid,restoration,6,3,3
Танганэку,howling-fjord,288,druid,restoration,6,3,3
Néøu,archimonde,288,druid,restoration,6,3,3
Мехнакиске,howling-fjord,288,druid,restoration,6,3,3
Paskixoxo,ravencrest,288,druid,restoration,6,3,3
Peaches,aerie-peak,288,druid,restoration,6,3,3
Noobr,ravencrest,288,druid,restoration,6,3,3
Сайнтификх,gordunni,288,druid,restoration,6,3,3
Kawèlz,archimonde,288,druid,restoration,6,3,3
Chæmp,blackmoore,288,druid,restoration,6,3,3
Myxa,arthas,288,druid,restoration,6,3,3
Skuhlxz,thrall,288,druid,restoration,6,3,3
Gotyoufam,tarren-mill,288,druid,restoration,9,4,5
Rumbus,sanguino,288,druid,restoration,7,3,4
Piñaclonada,archimonde,288,druid,restoration,9,3,6
Draawun,burning-legion,288,druid,restoration,11,3,8
Smarticle,aegwynn,288,druid,restoration,11,3,8
Imoen,hyjal,288,druid,restoration,12,3,9
Shiotake,hyjal,288,druid,restoration,12,3,9
Fejgi,stormreaver,288,druid,restoration,12,3,9
Nostigon,azshara,288,druid,restoration,12,3,9
Elxa,silvermoon,288,druid,restoration,12,3,9
Jàgêr,archimonde,288,druid,restoration,12,3,9
Awienx,kazzak,288,druid,restoration,12,3,9
Taugenîchts,blackmoore,288,druid,restoration,12,3,9
Teah,darkmoon-faire,288,druid,restoration,12,3,9
Jàgër,archimonde,288,druid,restoration,12,3,9
Lukøu,blackrock,288,druid,restoration,12,3,9
Furía,anubarak,288,druid,restoration,12,3,9
Ezils,silvermoon,288,druid,restoration,12,3,9
Untouchablè,outland,288,druid,restoration,12,3,9
Fajia,frostmane,288,druid,restoration,12,3,9
Areidhel,pozzo-delleternità,288,druid,restoration,12,3,9
Raila,pozzo-delleternità,288,druid,restoration,12,3,9
Dorange,stormscale,288,druid,restoration,12,3,9
Amstaffio,blackhand,288,druid,restoration,12,3,9
Harrasmoes,ravencrest,288,druid,restoration,12,3,9
Mchøt,ravencrest,288,druid,restoration,12,3,9
Emeskay,ravencrest,288,druid,restoration,12,3,9
Lemicus,twisting-nether,288,druid,restoration,12,3,9
Trolthelhas,chogall,288,druid,restoration,12,3,9
Храмульчик,blackscar,288,druid,restoration,12,3,9
Restodruidx,ravencrest,288,druid,restoration,12,3,9
Navra,ravencrest,288,druid,restoration,12,3,9
Ajày,sylvanas,288,druid,restoration,12,3,9
Chapawee,eredar,288,druid,restoration,12,3,9
Marryat,argent-dawn,288,druid,restoration,12,3,9
Eladhria,arakarahm,288,druid,restoration,12,3,9
Sharlla,burning-legion,288,druid,restoration,12,3,9
Amazed,wildhammer,288,druid,restoration,12,3,9
Biebear,sylvanas,288,druid,restoration,12,3,9
Rakuy,thrall,288,druid,restoration,18,3,15
Денчикбратиш,soulflayer,288,druid,restoration,18,3,15
Nyha,garrosh,288,druid,restoration,18,3,15
Квазарм,gordunni,288,druid,restoration,18,3,15
Hurutuk,ysondre,288,druid,restoration,18,3,15
Boomdruud,tarren-mill,288,druid,restoration,18,3,15
Yøungreidzz,blackrock,288,druid,restoration,18,3,15
Youngjin,ravencrest,287,druid,restoration,6,3,3
Aègon,ravencrest,287,druid,restoration,6,3,3
Kuokkanen,azuremyst,287,druid,restoration,6,3,3
Boompjeh,chamber-of-aspects,287,druid,restoration,6,3,3
Grimmie,frostmane,287,druid,restoration,6,3,3
Smittly,bloodhoof,287,druid,restoration,6,3,3
Lundx,ravencrest,287,druid,restoration,6,3,3
Kuhlheit,der-rat-von-dalaran,287,druid,restoration,6,3,3
Taskingoman,twisting-nether,287,druid,restoration,6,3,3
Huayhey,the-maelstrom,287,druid,restoration,6,3,3
Papalegba,kilrogg,287,druid,restoration,12,3,9
Barki,silvermoon,287,druid,restoration,12,3,9
Xulian,exodar,287,druid,restoration,12,3,9
Лёшациклонх,deathguard,287,druid,restoration,12,3,9
Paniel,amanthul,286,druid,restoration,6,3,3
Kebanos,ravencrest,286,druid,restoration,6,3,3
Elônea,antonidas,285,druid,restoration,12,3,9
Bunga,quelthalas,255,druid,restoration,11,3,8
Duduque,twisting-nether,255,druid,restoration,11,3,8
Kaliyuga,dalaran,255,druid,restoration,11,3,8
Yopi,stormscale,240,druid,restoration,15,3,12
Amélor,ragnaros,239,druid,restoration,5,3,2
Акетчи,howling-fjord,239,druid,restoration,5,3,2
Потнаякиса,grom,239,druid,restoration,5,3,2
Lxz,blackhand,234,druid,restoration,8,4,4
Izhusky,ravencrest,234,druid,restoration,8,4,4
Beerplusbeer,kazzak,234,druid,restoration,23,6,17
Hotseîdank,blackrock,192,druid,restoration,6,2,4
Адорабэль,deathguard,192,druid,restoration,6,2,4
Rtxy,hyjal,192,druid,restoration,6,2,4
Morphael,ravencrest,192,druid,restoration,6,2,4
Gaiaa,kilrogg,192,druid,restoration,6,2,4
Midrialis,sinstralis,192,druid,restoration,6,2,4
Pinkpanda,arthas,192,druid,restoration,6,2,4
Xanánioma,ravencrest,192,druid,restoration,6,2,4
Mjáy,tarren-mill,192,druid,restoration,6,2,4
Xerrean,ravencrest,192,druid,restoration,6,2,4
Skavenlol,zuljin,192,druid,restoration,6,2,4
Tàazz,sargeras,192,druid,restoration,6,2,4
Kkona,silvermoon,192,druid,restoration,6,2,4
Devdude,blackrock,192,druid,restoration,6,2,4
Zhiwé,ravencrest,192,druid,restoration,6,2,4
Vandalís,garrosh,192,druid,restoration,6,2,4
Шокоокулист,gordunni,192,druid,restoration,6,2,4
Kremhelt,outland,192,druid,restoration,6,2,4
Griminal,norgannon,192,druid,restoration,6,2,4
Zenkillers,outland,192,druid,restoration,6,2,4
Slimsneeky,outland,192,druid,restoration,6,2,4
Drøda,aegwynn,192,druid,restoration,6,2,4
Moodee,kazzak,192,druid,restoration,6,2,4
Príimé,kazzak,192,druid,restoration,6,2,4
Димадубощит,blackscar,192,druid,restoration,6,2,4
Jasof,sylvanas,192,druid,restoration,6,2,4
Benjiee,kazzak,192,druid,restoration,6,2,4
Januzo,kazzak,192,druid,restoration,6,2,4
Huebbi,blackmoore,192,druid,restoration,6,2,4
Speegle,kazzak,192,druid,restoration,6,2,4
Громозилка,soulflayer,192,druid,restoration,6,2,4
Curtainscall,kazzak,192,druid,restoration,6,2,4
Revølter,kazzak,192,druid,restoration,6,2,4
Hidras,tarren-mill,192,druid,restoration,6,2,4
Ymöthep,archimonde,192,druid,restoration,6,2,4
Sajlol,doomhammer,192,druid,restoration,6,2,4
Nooz,thrall,192,druid,restoration,6,2,4
Fanso,burning-legion,192,druid,restoration,6,2,4
Baldhir,nemesis,192,druid,restoration,6,2,4
Sickomodê,blackmoore,192,druid,restoration,6,2,4
Cpt,xavius,192,druid,restoration,6,2,4
Hydrochronic,ravencrest,192,druid,restoration,6,2,4
Ðon,nemesis,192,druid,restoration,6,2,4
Conn,ravencrest,192,druid,restoration,6,2,4
Sekunden,ravencrest,192,druid,restoration,6,2,4
Oøom,stormscale,192,druid,restoration,6,2,4
Jimboza,stormscale,192,druid,restoration,6,2,4
Droodu,dun-modr,192,druid,restoration,6,2,4
Milkmepls,balnazzar,192,druid,restoration,6,2,4
Palavanus,stormscale,192,druid,restoration,6,2,4
Zhényá,ravencrest,192,druid,restoration,6,2,4
Chrisdruid,argent-dawn,192,druid,restoration,6,2,4
Ppr,stormscale,192,druid,restoration,6,2,4
Атитока,goldrinn,192,druid,restoration,6,2,4
Ультраафина,gordunni,192,druid,restoration,6,2,4
Restoboi,stormscale,192,druid,restoration,6,2,4
Nelfurion,twisting-nether,192,druid,restoration,6,2,4
Orten,dun-modr,192,druid,restoration,6,2,4
Gonco,blackrock,192,druid,restoration,8,2,6
Shaggí,draenor,192,druid,restoration,11,2,9
Wahahoo,la-croisade-écarlate,192,druid,restoration,12,2,10
Vertabrain,twilights-hammer,192,druid,restoration,12,2,10
Qocotte,archimonde,192,druid,restoration,12,2,10
Testomake,kazzak,192,druid,restoration,12,2,10
Jacksonella,dun-morogh,192,druid,restoration,12,2,10
Tyraloll,ghostlands,192,druid,restoration,12,2,10
Skorpo,blackrock,192,druid,restoration,12,2,10
Tommiz,silvermoon,192,druid,restoration,12,2,10
Fâucon,eitrigg,192,druid,restoration,12,2,10
Helpthebear,twisting-nether,192,druid,restoration,12,2,10
Blâckrök,blackhand,192,druid,restoration,12,2,10
Estariol,auchindoun,192,druid,restoration,12,2,10
Piper,culte-de-la-rive-noire,192,druid,restoration,12,2,10
Amaaja,blackmoore,192,druid,restoration,12,2,10
Anníe,tarren-mill,192,druid,restoration,12,2,10
Álou,dalaran,192,druid,restoration,12,2,10
Darkstalker,arygos,192,druid,restoration,12,2,10
Салона,deathguard,192,druid,restoration,12,2,10
Quentalius,argent-dawn,192,druid,restoration,12,2,10
Maceyx,ravencrest,192,druid,restoration,12,2,10
Swo,emeriss,192,druid,restoration,12,2,10
Drâcâ,antonidas,192,druid,restoration,12,2,10
Kizanimagus,magtheridon,192,druid,restoration,12,2,10
Nakkikastike,magtheridon,192,druid,restoration,12,2,10
Imperador,tyrande,192,druid,restoration,12,2,10
Bigstop,kazzak,192,druid,restoration,17,2,15
Quza,lightbringer,192,druid,restoration,18,2,16
Охломон,gordunni,192,druid,restoration,24,2,22
Адаладиус,howling-fjord,192,druid,restoration,24,2,22
Siyoo,thrall,191,druid,restoration,6,2,4
Bingó,blutkessel,191,druid,restoration,6,2,4
Зулгасилич,howling-fjord,191,druid,restoration,6,2,4
Dahelire,shendralar,191,druid,restoration,6,2,4
Snifa,the-venture-co,191,druid,restoration,7,2,5
Mômmôm,aggra-português,191,druid,restoration,12,2,10
Эхосна,howling-fjord,191,druid,restoration,12,2,10
Westbeast,doomhammer,191,druid,restoration,12,2,10
Charlierunkl,gorgonnash,190,druid,restoration,18,2,16
Stkk,dun-modr,159,druid,restoration,5,2,3
Zayrok,throkferoth,159,druid,restoration,8,3,5
Сугрик,deathweaver,143,druid,restoration,15,2,13
Starcrash,amanthul,138,druid,restoration,6,3,3
Kokanine,ravencrest,138,druid,restoration,9,3,6
Watchmymoon,blackrock,138,druid,restoration,10,3,7
Hottêd,sylvanas,138,druid,restoration,11,3,8
Greyhøund,archimonde,138,druid,restoration,11,3,8
Chauntee,draenor,138,druid,restoration,15,3,12
Prettysavage,blackhand,138,druid,restoration,19,3,16
Lynaee,cthun,128,druid,restoration,4,2,2
Ihatewhales,ravencrest,128,druid,restoration,4,2,2
Thaiboimbyy,veknilash,127,druid,restoration,4,2,2
Razorleaf,turalyon,127,druid,restoration,8,2,6
Xneji,sylvanas,111,druid,restoration,13,2,11
Trä,earthen-ring,96,druid,restoration,3,2,1
Chelsealeart,frostmane,96,druid,restoration,3,2,1
Sucukk,antonidas,96,druid,restoration,6,1,5
Enfy,lightbringer,96,druid,restoration,6,1,5
Tshungubuäch,eredar,96,druid,restoration,6,1,5
Zoura,ysondre,96,druid,restoration,6,1,5
Nuggetspøwa,dalaran,96,druid,restoration,6,1,5
Marynlord,dalaran,96,druid,restoration,6,1,5
Lyj,dalaran,96,druid,restoration,6,1,5
Naturaven,sylvanas,96,druid,restoration,6,1,5
Blanoz,ravencrest,96,druid,restoration,6,1,5
Sozu,magtheridon,96,druid,restoration,6,1,5
Nøunøurss,dalaran,96,druid,restoration,6,1,5
Secô,sylvanas,96,druid,restoration,6,1,5
Rakhajan,twisting-nether,96,druid,restoration,6,1,5
Nanuu,sylvanas,96,druid,restoration,6,1,5
Tilikum,stormscale,96,druid,restoration,6,1,5
Qdrood,quelthalas,96,druid,restoration,6,1,5
Blodemoon,ragnaros,96,druid,restoration,6,1,5
Phatzoo,stormscale,96,druid,restoration,6,1,5
Madmoss,twisting-nether,96,druid,restoration,6,1,5
Xkirtach,dun-modr,96,druid,restoration,6,1,5
Pølïna,ysondre,96,druid,restoration,6,1,5
Zulk,draenor,96,druid,restoration,6,1,5
Effi,aggramar,96,druid,restoration,6,1,5
Kruwkamilka,burning-legion,96,druid,restoration,6,1,5
Kisyqt,aegwynn,96,druid,restoration,6,1,5
Мунпраид,gordunni,96,druid,restoration,6,1,5
Meisterd,aegwynn,96,druid,restoration,6,1,5
Fedelmae,nagrand,96,druid,restoration,6,1,5
Aspegic,grim-batol,96,druid,restoration,6,1,5
Winstonka,doomhammer,96,druid,restoration,6,1,5
Haginator,twisting-nether,96,druid,restoration,6,1,5
Nermax,kazzak,96,druid,restoration,6,1,5
Durlehardu,archimonde,96,druid,restoration,6,1,5
Пасторизсша,soulflayer,96,druid,restoration,6,1,5
Taicoo,outland,96,druid,restoration,6,1,5
Elo,dun-morogh,96,druid,restoration,6,1,5
Kerydwen,silvermoon,96,druid,restoration,6,1,5
Tytankon,silvermoon,96,druid,restoration,6,1,5
Bignunu,silvermoon,96,druid,restoration,6,1,5
Malurith,silvermoon,96,druid,restoration,6,1,5
Horadruid,silvermoon,96,druid,restoration,6,1,5
Nebrahl,silvermoon,96,druid,restoration,6,1,5
Psitol,silvermoon,96,druid,restoration,6,1,5
Gámóra,argent-dawn,96,druid,restoration,6,1,5
Shapeshiptur,argent-dawn,96,druid,restoration,6,1,5
Søfiaa,argent-dawn,96,druid,restoration,6,1,5
Сейтил,deathguard,96,druid,restoration,6,1,5
Ka,the-maelstrom,96,druid,restoration,6,1,5
Sylindra,argent-dawn,96,druid,restoration,6,1,5
Celendiil,argent-dawn,96,druid,restoration,6,1,5
Druvian,argent-dawn,96,druid,restoration,6,1,5
Gintoni,dun-modr,96,druid,restoration,6,1,5
Thaïs,blackmoore,96,druid,restoration,6,1,5
Винш,grom,96,druid,restoration,6,1,5
Druidguden,tarren-mill,96,druid,restoration,6,1,5
Cemiink,drakthul,96,druid,restoration,6,1,5
Anahots,silvermoon,96,druid,restoration,6,1,5
Tranduiil,drakthul,96,druid,restoration,6,1,5
Släshes,stormreaver,96,druid,restoration,6,1,5
Vaizier,defias-brotherhood,96,druid,restoration,6,1,5
Seekíng,blackmoore,96,druid,restoration,6,1,5
Cowárd,blackmoore,96,druid,restoration,6,1,5
Teengirl,blackmoore,96,druid,restoration,6,1,5
Linkin,azshara,96,druid,restoration,6,1,5
Злодзейка,gordunni,96,druid,restoration,6,1,5
Sodapop,aszune,96,druid,restoration,6,1,5
Mariss25076F,chogall,96,druid,restoration,12,1,11
Athenex,azshara,96,druid,restoration,12,1,11
Лапунька,gordunni,96,druid,restoration,12,1,11
Aisak,burning-legion,96,druid,restoration,12,1,11
Anniko,garona,96,druid,restoration,12,1,11
Xilmai,darksorrow,96,druid,restoration,12,1,11
Avalora,the-maelstrom,96,druid,restoration,12,1,11
Griimmjjow,kazzak,96,druid,restoration,12,1,11
Келиса,blackscar,96,druid,restoration,12,1,11
Blietmachine,ravencrest,96,druid,restoration,12,1,11
Püpply,antonidas,96,druid,restoration,12,1,11
Ra,stormscale,96,druid,restoration,12,1,11
Natur,gorgonnash,96,druid,restoration,12,1,11
Raveous,tarren-mill,96,druid,restoration,18,1,17
Acidbrate,aegwynn,90,druid,restoration,12,3,9
Pobrica,stormscale,79,druid,restoration,5,1,4
Rasserdruid,runetotem,63,druid,restoration,2,2,0
Druidenee,hyjal,63,druid,restoration,2,2,0
Shunos,ragnaros,48,druid,restoration,9,1,8
Restouz,twisting-nether,42,druid,restoration,6,2,4
Quizdarude,draenor,42,druid,restoration,10,3,7
Therøn,dun-modr,42,druid,restoration,11,3,8
Growlithe,hellfire,42,druid,restoration,8,2,6
Amadi,grim-batol,42,druid,restoration,9,2,7
Feráx,doomhammer,42,druid,restoration,9,2,7
Eceria,the-maelstrom,42,druid,restoration,9,2,7
Noxann,archimonde,42,druid,restoration,10,2,8
Onacor,stormrage,42,druid,restoration,10,2,8
Uniquz,sylvanas,42,druid,restoration,11,2,9
Vanarea,argent-dawn,42,druid,restoration,14,2,12
Druiden,the-maelstrom,31,druid,restoration,2,1,1
Bulleyo,ysondre,1596,druid,guardian,83,46,37
Djemdruid,argent-dawn,1585,druid,guardian,42,18,24
Windythemilf,stormscale,1303,druid,guardian,148,77,71
Rbgbear,blackhand,1156,druid,guardian,36,15,21
Rapatera,argent-dawn,1115,druid,guardian,24,12,12
Сверххищникк,soulflayer,1106,druid,guardian,32,13,19
Reshifted,sunstrider,1090,druid,guardian,39,14,25
Durlehardu,archimonde,1053,druid,guardian,41,19,22
Avior,eonar,991,druid,guardian,76,32,44
Микайо,goldrinn,986,druid,guardian,41,17,24
Avisa,blackhand,842,druid,guardian,60,23,37
Bigdomas,sylvanas,811,druid,guardian,28,11,17
Ноорру,gordunni,715,druid,guardian,11,8,3
Lioky,dun-modr,670,druid,guardian,12,7,5
Critter,kargath,661,druid,guardian,24,7,17
Crazydudu,tarren-mill,550,druid,guardian,27,8,19
Win,hellscream,496,druid,guardian,23,7,16
Tigerbear,argent-dawn,384,druid,guardian,12,4,8
Horizonline,terokkar,350,druid,guardian,11,4,7
Фэк,eversong,288,druid,guardian,6,3,3
Pumpick,doomhammer,285,druid,guardian,13,3,10
Laracroft,the-maelstrom,192,druid,guardian,4,3,1
Astralcore,stormscale,192,druid,guardian,6,2,4
Kárrde,balnazzar,192,druid,guardian,6,2,4
Sároman,ravencrest,192,druid,guardian,6,2,4
Джирас,gordunni,192,druid,guardian,6,2,4
Zinister,hyjal,192,druid,guardian,6,2,4
Fynvola,anubarak,192,druid,guardian,12,2,10
Beteralsjij,frostwhisper,192,druid,guardian,12,2,10
Nwal,thunderhorn,192,druid,guardian,12,2,10
Silver,terokkar,192,druid,guardian,12,2,10
Sheâ,nemesis,191,druid,guardian,6,2,4
Pure,kul-tiras,190,druid,guardian,15,3,12
Ксидронис,eversong,127,druid,guardian,4,2,2
Leondir,quelthalas,96,druid,guardian,6,1,5
Oõ,aggra-português,96,druid,guardian,6,1,5
Anthlas,outland,96,druid,guardian,6,1,5
Almightydudu,draenor,96,druid,guardian,6,1,5
Brutaldamage,ravencrest,2271,druid,feral,119,63,56
Ktx,aegwynn,2238,druid,feral,84,50,34
Verycringe,ravencrest,2237,druid,feral,144,75,69
Lïved,nemesis,2184,druid,feral,114,71,43
Xercas,outland,2166,druid,feral,65,39,26
Mabkferal,ravencrest,2146,druid,feral,133,67,66
Desenlace,ravencrest,2127,druid,feral,149,82,67
Vulko,lightbringer,2119,druid,feral,60,35,25
Tael,elune,2119,druid,feral,120,60,60
Bloodyredlyx,ysera,2112,druid,feral,90,46,44
Öøöøöøöøöøöø,anachronos,2110,druid,feral,72,47,25
Ромкабикстар,gordunni,2107,druid,feral,78,40,38
Zøte,ravencrest,2083,druid,feral,84,43,41
Twinklex,ravencrest,2077,druid,feral,131,66,65
Cataferal,ravencrest,2075,druid,feral,108,57,51
Dashfull,ravencrest,2071,druid,feral,215,117,98
Taladruide,archimonde,2066,druid,feral,84,43,41
Nìm,outland,2057,druid,feral,124,60,64
Crøwnd,twisting-nether,2056,druid,feral,54,34,20
Houmrx,ravencrest,2055,druid,feral,114,57,57
Desenlace,silvermoon,2047,druid,feral,156,77,79
Tomyn,burning-legion,2033,druid,feral,72,43,29
Uebiwe,silvermoon,2022,druid,feral,84,48,36
Rapatera,argent-dawn,2019,druid,feral,54,30,24
Jakamx,ravencrest,2017,druid,feral,342,172,170
Mmlprox,burning-legion,2012,druid,feral,115,56,59
Lxve,tarren-mill,1999,druid,feral,66,34,32
Degmond,silvermoon,1997,druid,feral,78,41,37
Trøüpäx,outland,1994,druid,feral,90,46,44
Råñkønêbëår,ravencrest,1982,druid,feral,60,36,24
Gurranq,argent-dawn,1964,druid,feral,60,32,28
Djgírlßøssqt,argent-dawn,1941,druid,feral,126,62,64
Трэвисдог,gordunni,1936,druid,feral,59,31,28
Purgatxry,ravencrest,1922,druid,feral,401,201,200
Cløwnferalx,argent-dawn,1921,druid,feral,54,25,29
Yone,blackmoore,1918,druid,feral,60,33,27
Cåssidy,archimonde,1911,druid,feral,72,32,40
Kàraba,archimonde,1909,druid,feral,94,47,47
Ðevilwhite,nemesis,1902,druid,feral,36,20,16
Nîîght,ravencrest,1895,druid,feral,54,26,28
Iminz,ravencrest,1892,druid,feral,191,88,103
Noxxìe,draenor,1888,druid,feral,50,28,22
Норланда,gordunni,1884,druid,feral,60,32,28
Опакот,howling-fjord,1879,druid,feral,68,30,38
Garbagemonky,amanthul,1878,druid,feral,130,83,47
Trauller,outland,1872,druid,feral,72,30,42
Symbiosa,silvermoon,1870,druid,feral,30,20,10
Kaldorei,nemesis,1869,druid,feral,50,28,22
Sleepykitty,argent-dawn,1865,druid,feral,89,52,37
Alessathrina,argent-dawn,1862,druid,feral,135,68,67
Obeseferal,outland,1859,druid,feral,66,31,35
Boostedbear,ragnaros,1848,druid,feral,65,30,35
Kattenvoer,stormscale,1842,druid,feral,36,27,9
Ethryl,ravencrest,1837,druid,feral,90,45,45
Skatch,sylvanas,1836,druid,feral,54,28,26
Yesbody,tarren-mill,1836,druid,feral,48,24,24
Elfsu,ravencrest,1833,druid,feral,71,40,31
Jhiun,ragnaros,1833,druid,feral,126,68,58
Mysticalmoon,ravencrest,1832,druid,feral,72,32,40
Февти,gordunni,1828,druid,feral,59,34,25
Блюгилли,ashenvale,1826,druid,feral,86,40,46
Annksunamún,ysondre,1825,druid,feral,213,119,94
Drbeef,sanguino,1823,druid,feral,45,28,17
Zelaron,twisting-nether,1823,druid,feral,42,22,20
Фейкхехе,gordunni,1822,druid,feral,48,27,21
Reward,ragnaros,1819,druid,feral,64,30,34
Rheasilvià,silvermoon,1818,druid,feral,54,31,23
Fyrkax,aegwynn,1818,druid,feral,48,26,22
Kroñm,dun-modr,1818,druid,feral,60,25,35
Rubbershark,ravencrest,1815,druid,feral,76,53,23
Fendrïl,varimathras,1814,druid,feral,90,55,35
Nøfåmïly,silvermoon,1814,druid,feral,160,83,77
Nainket,ravencrest,1813,druid,feral,48,22,26
Mortality,proudmoore,1812,druid,feral,65,31,34
Moonkniight,ravencrest,1810,druid,feral,30,22,8
Nfxdruid,argent-dawn,1810,druid,feral,90,54,36
Minaervea,antonidas,1808,druid,feral,78,35,43
Bleêds,dun-modr,1807,druid,feral,30,19,11
Coineagan,frostmourne,1807,druid,feral,46,20,26
Alexmeow,ravencrest,1805,druid,feral,44,29,15
Caprïsun,archimonde,1804,druid,feral,42,24,18
Tilikum,stormscale,1804,druid,feral,311,156,155
Bigangrycatx,ravencrest,1803,druid,feral,62,26,36
Mykk,ravencrest,1802,druid,feral,54,33,21
Ratsimulator,tarren-mill,1802,druid,feral,54,32,22
Skytek,silvermoon,1802,druid,feral,84,41,43
Мелталиора,soulflayer,1800,druid,feral,59,30,29
Nzmdruid,burning-legion,1795,druid,feral,48,25,23
Jåkeferalta,outland,1794,druid,feral,75,38,37
Ålleyézoffme,ravencrest,1780,druid,feral,77,43,34
Catkovic,kult-der-verdammten,1777,druid,feral,47,24,23
Jarethy,dun-modr,1766,druid,feral,117,55,62
Каергорн,soulflayer,1766,druid,feral,54,19,35
Klaerke,tarren-mill,1762,druid,feral,65,27,38
Селфика,gordunni,1757,druid,feral,66,21,45
Khunahype,thrall,1754,druid,feral,36,26,10
Dzandel,silvermoon,1754,druid,feral,466,231,235
Fürfur,ravencrest,1749,druid,feral,48,29,19
Kikihoux,ravencrest,1747,druid,feral,41,22,19
Elîas,kazzak,1745,druid,feral,42,25,17
Moldrokk,ravencrest,1739,druid,feral,52,31,21
Babynaty,ravencrest,1735,druid,feral,102,48,54
Pilaf,emerald-dream,1734,druid,feral,133,63,70
Итильтириэль,gordunni,1733,druid,feral,74,33,41
Apuasaatana,stormreaver,1731,druid,feral,36,20,16
Блиденг,gordunni,1731,druid,feral,69,34,35
Noé,aegwynn,1727,druid,feral,141,90,51
Jukeboks,silvermoon,1726,druid,feral,55,25,30
Yaddas,draenor,1722,druid,feral,48,25,23
Buffshred,ravencrest,1721,druid,feral,24,18,6
Zechey,stormreaver,1721,druid,feral,30,18,12
Mutaattori,sylvanas,1720,druid,feral,37,18,19
Zaibastus,doomhammer,1718,druid,feral,72,30,42
Kaÿn,tarren-mill,1716,druid,feral,36,18,18
Melsson,stormreaver,1714,druid,feral,48,22,26
Pänthërä,ravencrest,1711,druid,feral,36,18,18
Отхода,gordunni,1704,druid,feral,34,19,15
Worgenshiftr,kazzak,1697,druid,feral,48,21,27
Ottur,argent-dawn,1695,druid,feral,30,18,12
Blvckðvitchz,ravencrest,1692,druid,feral,36,18,18
Tangela,stormreaver,1689,druid,feral,48,29,19
Fückøff,ravencrest,1689,druid,feral,65,33,32
Natakis,blades-edge,1688,druid,feral,48,25,23
Shiftydruid,thunderhorn,1688,druid,feral,170,80,90
Doopdroo,tarren-mill,1687,druid,feral,48,20,28
Verbxp,kazzak,1682,druid,feral,56,29,27
ßgøðx,argent-dawn,1681,druid,feral,79,45,34
Feralwilder,turalyon,1676,druid,feral,159,70,89
Jellytardx,outland,1675,druid,feral,75,41,34
Paranoia,outland,1675,druid,feral,94,46,48
Freyanah,argent-dawn,1675,druid,feral,108,47,61
Zifr,dalaran,1675,druid,feral,66,22,44
Jabbari,outland,1673,druid,feral,168,85,83
Nouin,twisting-nether,1673,druid,feral,136,66,70
Crazydos,tarren-mill,1671,druid,feral,57,27,30
Phenova,sargeras,1671,druid,feral,99,41,58
Aedui,tarren-mill,1668,druid,feral,38,20,18
Ðrüid,ravencrest,1668,druid,feral,72,34,38
Rbgbot,ragnaros,1667,druid,feral,54,30,24
Jgltrainer,archimonde,1666,druid,feral,53,31,22
Nøkki,draenor,1666,druid,feral,44,25,19
Kouda,draenor,1665,druid,feral,68,30,38
Silksharp,ravencrest,1663,druid,feral,60,31,29
Bernfried,silvermoon,1661,druid,feral,58,25,33
Moskaros,turalyon,1660,druid,feral,48,22,26
Triluxa,blackmoore,1659,druid,feral,54,28,26
Adabsurdum,kazzak,1659,druid,feral,124,55,69
Unoseeme,outland,1655,druid,feral,66,29,37
Opresse,archimonde,1655,druid,feral,54,23,31
Indann,kazzak,1651,druid,feral,48,19,29
Nasukka,grim-batol,1648,druid,feral,103,54,49
Thørkang,dun-modr,1647,druid,feral,47,29,18
Simdruid,stormscale,1641,druid,feral,36,19,17
Bulan,ghostlands,1638,druid,feral,66,41,25
Goodtrip,archimonde,1636,druid,feral,110,53,57
Ñøpe,ravencrest,1630,druid,feral,30,17,13
Fzx,aegwynn,1629,druid,feral,30,17,13
Ddru,ravencrest,1629,druid,feral,36,20,16
Avanah,silvermoon,1626,druid,feral,72,35,37
Паинтер,blackscar,1624,druid,feral,53,24,29
Котосапенс,howling-fjord,1623,druid,feral,42,23,19
Грязныекогти,gordunni,1622,druid,feral,65,39,26
Злодзейка,gordunni,1619,druid,feral,105,53,52
Dubakoo,outland,1617,druid,feral,81,46,35
Skypinho,blackhand,1616,druid,feral,48,22,26
Djmeowxd,blackrock,1616,druid,feral,69,30,39
Rayjinn,dun-modr,1613,druid,feral,36,17,19
Hässelhoof,ragnaros,1610,druid,feral,54,18,36
Heyiamdan,tarren-mill,1609,druid,feral,158,88,70
Hugepepega,ravencrest,1608,druid,feral,48,27,21
Banzeye,nordrassil,1607,druid,feral,68,35,33
Тётявискас,howling-fjord,1606,druid,feral,42,26,16
Pitchou,karazhan,1606,druid,feral,66,33,33
Bigpapad,ravencrest,1605,druid,feral,36,19,17
Реалаг,howling-fjord,1604,druid,feral,47,20,27
Wucherwurzel,eredar,1604,druid,feral,71,30,41
Evilshade,ravencrest,1604,druid,feral,115,47,68
Gediminas,argent-dawn,1604,druid,feral,58,22,36
Акиша,deepholm,1602,druid,feral,44,21,23
Køgér,kazzak,1601,druid,feral,30,17,13
Zarc,stormreaver,1601,druid,feral,37,20,17
Chronoqtxd,ravencrest,1601,druid,feral,52,24,28
Tani,kazzak,1600,druid,feral,63,34,29
Adastroeolo,sanguino,1598,druid,feral,57,31,26
Frighton,ravencrest,1591,druid,feral,72,30,42
Drunosio,magtheridon,1588,druid,feral,78,36,42
Narunis,tarren-mill,1583,druid,feral,72,33,39
Vëgâñgøðx,ragnaros,1582,druid,feral,170,90,80
Phïl,ravencrest,1580,druid,feral,66,34,32
Leylå,ravencrest,1578,druid,feral,42,19,23
Sartipus,draenor,1575,druid,feral,48,24,24
Raznos,ravencrest,1572,druid,feral,83,48,35
Asçdruid,kazzak,1572,druid,feral,56,24,32
Eranor,archimonde,1569,druid,feral,152,79,73
Yongala,archimonde,1565,druid,feral,66,35,31
Stopwatching,outland,1565,druid,feral,42,18,24
Rami,sylvanas,1564,druid,feral,90,42,48
Fangornn,outland,1560,druid,feral,89,40,49
Риама,blackscar,1558,druid,feral,78,38,40
Jasperqt,silvermoon,1556,druid,feral,30,18,12
Emph,ravencrest,1556,druid,feral,30,18,12
Drylle,argent-dawn,1555,druid,feral,93,50,43
Soofyan,kazzak,1554,druid,feral,42,17,25
Cubswansón,outland,1550,druid,feral,79,43,36
Fluffygoon,azjolnerub,1550,druid,feral,62,28,34
Chiwsy,outland,1548,druid,feral,83,42,41
Féral,hyjal,1548,druid,feral,101,48,53
Smuktøs,twisting-nether,1546,druid,feral,47,28,19
Texoria,twisting-nether,1546,druid,feral,84,42,42
Kärmä,eldrethalas,1534,druid,feral,83,43,40
Shyngodx,archimonde,1533,druid,feral,41,17,24
Feytique,aegwynn,1530,druid,feral,41,19,22
Maccín,draenor,1530,druid,feral,52,18,34
Одряя,soulflayer,1525,druid,feral,90,51,39
Sekunden,ravencrest,1522,druid,feral,42,21,21
Оудин,blackscar,1521,druid,feral,47,23,24
Goldrax,outland,1518,druid,feral,36,16,20
Муумуумуу,howling-fjord,1515,druid,feral,114,52,62
Мунпраид,gordunni,1514,druid,feral,72,35,37
Crisspurolss,ysondre,1512,druid,feral,58,27,31
Сириль,soulflayer,1507,druid,feral,47,25,22
Druidry,ragnaros,1506,druid,feral,54,30,24
Jerrybeans,ravencrest,1504,druid,feral,120,57,63
Взп,gordunni,1502,druid,feral,36,18,18
Зонкс,gordunni,1501,druid,feral,92,47,45
Epicplays,sylvanas,1500,druid,feral,66,39,27
Броодяга,razuvious,1497,druid,feral,41,18,23
Kabraxis,silvermoon,1494,druid,feral,54,25,29
Бобасик,fordragon,1491,druid,feral,54,27,27
Арбузег,gordunni,1491,druid,feral,64,31,33
Rollozuu,blackrock,1483,druid,feral,96,46,50
Crow,saurfang,1482,druid,feral,56,31,25
Clipsy,twilights-hammer,1482,druid,feral,219,107,112
Màz,blackmoore,1480,druid,feral,140,64,76
Byet,kazzak,1478,druid,feral,42,17,25
Nå,outland,1477,druid,feral,96,47,49
Larryburns,nathrezim,1471,druid,feral,104,52,52
Unlit,draenor,1469,druid,feral,42,20,22
Extracssion,ysondre,1468,druid,feral,44,17,27
Алексина,fordragon,1465,druid,feral,148,82,66
Oleander,zuljin,1465,druid,feral,133,66,67
Hushorde,twisting-nether,1464,druid,feral,47,23,24
Zaethul,draenor,1460,druid,feral,30,20,10
Margueriti,the-maelstrom,1460,druid,feral,79,36,43
Tîma,blackmoore,1457,druid,feral,192,97,95
Arlina,magtheridon,1454,druid,feral,57,26,31
Christàlyst,garona,1452,druid,feral,45,23,22
Bomoth,kazzak,1451,druid,feral,36,16,20
Baerminatør,blackrock,1451,druid,feral,60,26,34
Deehe,thrall,1447,druid,feral,36,18,18
Smellykitten,ravencrest,1445,druid,feral,36,18,18
Kimpine,kirin-tor,1444,druid,feral,73,41,32
Vargall,silvermoon,1441,druid,feral,29,19,10
Docmedlove,aegwynn,1437,druid,feral,36,15,21
Chromaticx,argent-dawn,1436,druid,feral,50,29,21
Hydorn,cthun,1435,druid,feral,42,20,22
Crinji,ravencrest,1433,druid,feral,24,15,9
Boomzter,frostmane,1433,druid,feral,75,36,39
Микайо,goldrinn,1432,druid,feral,167,79,88
Cocaqt,nemesis,1429,druid,feral,24,15,9
Беконайзер,howling-fjord,1427,druid,feral,40,20,20
Tazdino,destromath,1427,druid,feral,48,15,33
Arilíaxo,amanthul,1426,druid,feral,18,15,3
Phesxd,sylvanas,1425,druid,feral,42,21,21
Lugtedyr,draenor,1423,druid,feral,59,29,30
Gonco,blackrock,1422,druid,feral,45,21,24
Vancis,ravencrest,1421,druid,feral,51,29,22
Sadskia,sanguino,1420,druid,feral,30,15,15
Mervend,tarren-mill,1420,druid,feral,41,15,26
Ephixa,burning-legion,1419,druid,feral,47,23,24
Alcik,silvermoon,1417,druid,feral,54,15,39
Dadzeus,khaz-modan,1414,druid,feral,44,27,17
Calaftayou,ravencrest,1414,druid,feral,48,19,29
Drudonja,silvermoon,1412,druid,feral,90,48,42
Муунфаер,gordunni,1412,druid,feral,90,41,49
Razoremperor,tarren-mill,1410,druid,feral,108,50,58
Vlcák,drakthul,1409,druid,feral,178,88,90
Mônchô,sanguino,1408,druid,feral,100,61,39
Thaelyy,drakthul,1407,druid,feral,66,27,39
Chirnaruk,ravencrest,1406,druid,feral,60,29,31
Furmagic,tarren-mill,1405,druid,feral,30,15,15
Enjoik,drakthul,1404,druid,feral,131,65,66
Snapzy,sylvanas,1401,druid,feral,42,27,15
Luigina,blackmoore,1400,druid,feral,30,15,15
Bagheera,archimonde,1396,druid,feral,71,32,39
Picatso,blackrock,1395,druid,feral,30,15,15
Seyyid,archimonde,1394,druid,feral,36,18,18
Sabertoon,argent-dawn,1393,druid,feral,165,73,92
Neshalry,blackhand,1392,druid,feral,36,16,20
Degentiuso,alakir,1390,druid,feral,90,50,40
Котфилин,gordunni,1389,druid,feral,78,44,34
Ponshü,hyjal,1389,druid,feral,45,24,21
Legitx,dentarg,1385,druid,feral,43,17,26
Tsopúnisher,twisting-nether,1383,druid,feral,46,20,26
Carlitto,blackmoore,1382,druid,feral,33,23,10
Kodobursto,stormscale,1380,druid,feral,64,38,26
Liqoú,tarren-mill,1380,druid,feral,54,31,23
Donoz,ravencrest,1378,druid,feral,42,26,16
Zhényá,ravencrest,1377,druid,feral,36,17,19
Ferøsse,hyjal,1374,druid,feral,42,21,21
Pipima,kazzak,1374,druid,feral,48,20,28
Crtx,blackhand,1372,druid,feral,78,47,31
Bigdaddytate,kazzak,1372,druid,feral,35,20,15
Cörelly,ravencrest,1368,druid,feral,96,48,48
Elitarian,argent-dawn,1367,druid,feral,133,65,68
Blintschiki,echsenkessel,1363,druid,feral,71,32,39
Друличч,blackscar,1361,druid,feral,61,29,32
Диаболус,gordunni,1359,druid,feral,62,32,30
Ripgødx,outland,1357,druid,feral,126,66,60
Manoestouro,draenor,1353,druid,feral,48,19,29
ßußßo,ravencrest,1352,druid,feral,30,24,6
Druidicmorr,sylvanas,1351,druid,feral,68,30,38
Sÿlph,sylvanas,1348,druid,feral,102,51,51
Grimgoor,burning-legion,1347,druid,feral,94,52,42
Snapeshifter,blackhand,1343,druid,feral,36,19,17
Chepochem,stormscale,1341,druid,feral,38,16,22
Ефомитстерша,gordunni,1339,druid,feral,36,17,19
Тёмныйзверь,borean-tundra,1339,druid,feral,54,20,34
Нимир,soulflayer,1339,druid,feral,42,14,28
Snøwden,twisting-nether,1337,druid,feral,42,24,18
Фейк,howling-fjord,1337,druid,feral,36,14,22
Хэрес,gordunni,1336,druid,feral,24,14,10
Ghettoven,kazzak,1333,druid,feral,60,29,31
Rottweiler,doomhammer,1332,druid,feral,72,30,42
Droodae,hyjal,1331,druid,feral,47,25,22
Эскоф,gordunni,1331,druid,feral,55,27,28
Криашин,goldrinn,1331,druid,feral,63,28,35
Ведмедив,blackscar,1331,druid,feral,48,21,27
Mooncarnatio,burning-legion,1329,druid,feral,42,14,28
Paws,dun-modr,1327,druid,feral,54,28,26
Starliner,ravencrest,1326,druid,feral,36,14,22
Шэйпшифт,fordragon,1326,druid,feral,42,16,26
Quikahn,outland,1323,druid,feral,30,14,16
Vanhelsíng,dun-modr,1322,druid,feral,22,15,7
Panthéra,ravencrest,1320,druid,feral,192,89,103
Drupal,argent-dawn,1319,druid,feral,36,19,17
Migajde,stormscale,1317,druid,feral,83,49,34
Lukeyferalxo,argent-dawn,1317,druid,feral,162,75,87
Балаклаваа,soulflayer,1316,druid,feral,29,18,11
Enock,hyjal,1312,druid,feral,24,14,10
Лякокля,soulflayer,1312,druid,feral,72,39,33
Majokz,ravencrest,1307,druid,feral,44,23,21
Regelè,sylvanas,1305,druid,feral,86,45,41
Hottad,tarren-mill,1304,druid,feral,120,66,54
Henessi,ragnaros,1302,druid,feral,30,14,16
Soléda,thrall,1299,druid,feral,105,50,55
Maylon,darksorrow,1294,druid,feral,48,23,25
Koumma,archimonde,1291,druid,feral,37,21,16
Biffsteak,blackhand,1291,druid,feral,114,53,61
Kirmelastas,kazzak,1289,druid,feral,56,29,27
Jaxtn,tarren-mill,1288,druid,feral,36,20,16
Chinoiserie,aszune,1286,druid,feral,30,17,13
Chouan,marécage-de-zangar,1285,druid,feral,155,78,77
Carakal,outland,1284,druid,feral,53,24,29
Weydjin,garona,1278,druid,feral,30,16,14
Tyldormeow,tarren-mill,1275,druid,feral,133,59,74
Symbiosîs,stormscale,1273,druid,feral,41,17,24
Laguna,ravencrest,1271,druid,feral,41,14,27
Jxst,tarren-mill,1270,druid,feral,48,19,29
Koffee,archimonde,1259,druid,feral,48,23,25
Беркамп,howling-fjord,1257,druid,feral,111,45,66
Shinshìva,twisting-nether,1255,druid,feral,205,104,101
Nalaa,festung-der-stürme,1255,druid,feral,106,46,60
Pepeja,doomhammer,1253,druid,feral,24,15,9
Tussenfryd,draenor,1253,druid,feral,132,61,71
Dougi,argent-dawn,1252,druid,feral,60,28,32
Trusten,nemesis,1249,druid,feral,78,43,35
Шев,blackscar,1246,druid,feral,24,13,11
Taigarus,aerie-peak,1246,druid,feral,72,34,38
Muckì,alleria,1246,druid,feral,30,13,17
Weedgras,eredar,1244,druid,feral,30,13,17
Shifthappens,dun-modr,1242,druid,feral,24,13,11
Dureka,tarren-mill,1241,druid,feral,24,13,11
Salseo,uldum,1239,druid,feral,33,14,19
Ivìs,nemesis,1239,druid,feral,42,17,25
Cheddar,tyrande,1237,druid,feral,29,14,15
Cleandc,blackhand,1234,druid,feral,34,20,14
Кеорл,gordunni,1234,druid,feral,102,43,59
Webla,blackmoore,1231,druid,feral,29,15,14
Deviantdruid,tarren-mill,1231,druid,feral,39,20,19
Bâbusch,blackmoore,1230,druid,feral,24,13,11
Катяблум,gordunni,1230,druid,feral,30,13,17
Shaggery,stormscale,1227,druid,feral,69,27,42
Ildrin,ragnaros,1226,druid,feral,30,19,11
Whísperclaw,ravencrest,1226,druid,feral,41,21,20
Dirtyfantasy,alakir,1225,druid,feral,54,31,23
Malfyurion,ragnaros,1224,druid,feral,78,37,41
Jdogger,tarren-mill,1219,druid,feral,24,13,11
Azmerloth,antonidas,1214,druid,feral,36,13,23
Defløwer,aegwynn,1213,druid,feral,36,18,18
Смизм,gordunni,1209,druid,feral,38,19,19
Lunamimi,argent-dawn,1206,druid,feral,24,14,10
Dudeimgodly,ravencrest,1205,druid,feral,42,13,29
Йванныч,gordunni,1203,druid,feral,44,19,25
Stelthee,silvermoon,1202,druid,feral,54,21,33
Kintax,drakthul,1201,druid,feral,81,44,37
Storslev,stormscale,1199,druid,feral,137,55,82
Azenoir,ravencrest,1199,druid,feral,39,14,25
Liionheart,khaz-modan,1198,druid,feral,54,26,28
Devonshira,ravencrest,1198,druid,feral,36,14,22
Zeyne,ravencrest,1193,druid,feral,24,14,10
Богарт,soulflayer,1193,druid,feral,24,14,10
Lorcàn,argent-dawn,1189,druid,feral,52,22,30
Herten,tarren-mill,1185,druid,feral,30,13,17
Millenia,darkmoon-faire,1183,druid,feral,127,64,63
Twyty,khaz-modan,1182,druid,feral,155,73,82
Arnwaald,kaelthas,1173,druid,feral,30,16,14
Tl,archimonde,1170,druid,feral,61,28,33
Kynji,twisting-nether,1169,druid,feral,60,27,33
Álex,anachronos,1169,druid,feral,36,16,20
Kittasek,drakthul,1167,druid,feral,36,23,13
Dijem,wildhammer,1160,druid,feral,30,15,15
Nightfáll,tarren-mill,1157,druid,feral,36,13,23
Howtonio,archimonde,1151,druid,feral,18,12,6
Lenyl,dun-modr,1151,druid,feral,24,12,12
Zbear,kazzak,1151,druid,feral,36,16,20
Nédith,archimonde,1151,druid,feral,30,12,18
Äcajou,hyjal,1150,druid,feral,52,27,25
Exortas,kazzak,1150,druid,feral,61,27,34
Fallken,burning-blade,1149,druid,feral,24,12,12
Фекаллис,soulflayer,1147,druid,feral,24,12,12
Frs,bladefist,1147,druid,feral,30,12,18
Tibozx,stormscale,1146,druid,feral,36,21,15
Mímír,frostmane,1145,druid,feral,24,12,12
Snootxt,blackmoore,1143,druid,feral,42,16,26
Calîmerô,blackrock,1142,druid,feral,18,12,6
Veryfast,blackhand,1142,druid,feral,24,12,12
Jinxaran,culte-de-la-rive-noire,1135,druid,feral,36,12,24
Käissi,blackmoore,1134,druid,feral,42,18,24
Blazor,eredar,1132,druid,feral,46,25,21
Moonpuff,kazzak,1132,druid,feral,39,20,19
Кыцко,soulflayer,1124,druid,feral,24,12,12
Naheliaqt,outland,1121,druid,feral,24,12,12
Feraligator,sanguino,1120,druid,feral,168,79,89
Andros,arathor,1120,druid,feral,36,12,24
Swagmode,draenor,1119,druid,feral,49,30,19
Lemmí,frostwolf,1113,druid,feral,30,13,17
Медверх,gordunni,1113,druid,feral,36,12,24
Malvakten,kazzak,1112,druid,feral,25,13,12
Jaghut,burning-legion,1109,druid,feral,18,12,6
Papan,sylvanas,1108,druid,feral,18,12,6
Bæghira,draenor,1106,druid,feral,88,49,39
Tranduiil,drakthul,1104,druid,feral,66,40,26
Спэкк,gordunni,1104,druid,feral,36,14,22
Mudpie,stormscale,1100,druid,feral,55,23,32
Progodd,silvermoon,1097,druid,feral,48,24,24
Lutis,magtheridon,1095,druid,feral,48,21,27
Zivertgodx,argent-dawn,1093,druid,feral,48,23,25
Nicos,elune,1091,druid,feral,29,13,16
Vidlna,outland,1089,druid,feral,60,26,34
Shymä,hyjal,1088,druid,feral,91,35,56
Йонарк,gordunni,1087,druid,feral,41,20,21
Teacherr,quelthalas,1087,druid,feral,73,24,49
Greengünter,blackmoore,1086,druid,feral,22,12,10
Nevercloneqt,argent-dawn,1086,druid,feral,23,12,11
Tsajj,stormreaver,1083,druid,feral,45,26,19
Rootznloots,draenor,1082,druid,feral,48,26,22
Derzis,eonar,1081,druid,feral,66,32,34
Denadu,turalyon,1080,druid,feral,48,12,36
Hönör,ysondre,1076,druid,feral,151,73,78
Elenwyth,argent-dawn,1072,druid,feral,36,12,24
Kageioshi,kazzak,1070,druid,feral,56,28,28
Maaghera,silvermoon,1065,druid,feral,60,26,34
Owling,antonidas,1061,druid,feral,48,24,24
Yøløswag,naxxramas,1060,druid,feral,71,38,33
Salviaf,silvermoon,1055,druid,feral,94,43,51
Bigcrazycatx,ravencrest,1055,druid,feral,30,11,19
Belsebub,ravencrest,1055,druid,feral,30,11,19
Liya,ravencrest,1054,druid,feral,30,11,19
Ra,stormscale,1053,druid,feral,18,11,7
Runeclaws,twisting-nether,1053,druid,feral,18,11,7
Chexdruid,silvermoon,1053,druid,feral,27,12,15
Unreally,drakthul,1051,druid,feral,18,11,7
Togara,kazzak,1050,druid,feral,24,11,13
Weedum,kazzak,1046,druid,feral,24,11,13
Battleray,twisting-nether,1040,druid,feral,57,25,32
Zokix,doomhammer,1040,druid,feral,30,12,18
Treeflogger,ravencrest,1038,druid,feral,24,11,13
Kermit,die-aldor,1032,druid,feral,81,32,49
Élmunia,ravencrest,1030,druid,feral,36,19,17
Hadesx,blackhand,1028,druid,feral,30,17,13
Eternas,elune,1027,druid,feral,82,37,45
Morfâns,ragnaros,1024,druid,feral,49,23,26
Amoonaa,kazzak,1020,druid,feral,54,28,26
Boombassador,stormscale,1012,druid,feral,30,17,13
Phanterus,chamber-of-aspects,1012,druid,feral,24,11,13
Carldroid,sylvanas,1009,druid,feral,28,13,15
Cøcøpøpsmøke,archimonde,1009,druid,feral,26,12,14
Tatabomba,archimonde,1008,druid,feral,60,30,30
Брэмблс,soulflayer,1008,druid,feral,35,15,20
Mpounia,twilights-hammer,1006,druid,feral,89,45,44
Ripndip,eredar,1006,druid,feral,82,39,43
Kyoshî,blackmoore,1006,druid,feral,130,61,69
Smittly,bloodhoof,1005,druid,feral,58,23,35
Chlambak,archimonde,1004,druid,feral,24,14,10
Фаллендэл,gordunni,1001,druid,feral,30,17,13
Tyranderawr,ravencrest,999,druid,feral,27,12,15
Isaye,archimonde,999,druid,feral,70,23,47
Moonglade,deathwing,996,druid,feral,27,11,16
Clawdiá,silvermoon,995,druid,feral,60,28,32
Mîyukí,ravencrest,995,druid,feral,30,12,18
Terror,agamaggan,983,druid,feral,36,12,24
Rakuy,thrall,981,druid,feral,27,11,16
Saltow,archimonde,978,druid,feral,48,14,34
Zaltaruk,sanguino,977,druid,feral,54,21,33
Janjalism,silvermoon,973,druid,feral,63,34,29
Скагуар,blackscar,973,druid,feral,38,11,27
Descendance,ysondre,968,druid,feral,85,42,43
Klatro,terokkar,965,druid,feral,24,13,11
Ryseqt,nemesis,960,druid,feral,12,10,2
Tjxaxa,ravencrest,960,druid,feral,12,10,2
Shylovez,aegwynn,960,druid,feral,18,10,8
Nîghtz,ravencrest,960,druid,feral,18,10,8
Møonknight,ravencrest,960,druid,feral,18,10,8
Cyborgz,archimonde,960,druid,feral,18,10,8
Suggly,ysondre,959,druid,feral,18,10,8
Даркедес,gordunni,959,druid,feral,18,10,8
Goodtrip,hyjal,959,druid,feral,18,10,8
Beerista,tarren-mill,959,druid,feral,24,11,13
Hahafun,ravencrest,959,druid,feral,24,10,14
Luphrekfurry,ysondre,959,druid,feral,24,10,14
Cyph,shadowsong,958,druid,feral,18,10,8
Dipz,frostwolf,958,druid,feral,18,10,8
Nîchtsnutz,blackmoore,958,druid,feral,18,10,8
Carridwyn,argent-dawn,958,druid,feral,24,10,14
Basedgôd,alakir,957,druid,feral,18,10,8
Nightdruidcz,turalyon,955,druid,feral,18,10,8
Zjukov,ragnaros,955,druid,feral,24,10,14
Corrupthz,outland,955,druid,feral,24,10,14
Pointlez,frostmane,954,druid,feral,24,10,14
Шонгу,soulflayer,953,druid,feral,24,10,14
Phandris,argent-dawn,952,druid,feral,67,36,31
Друлевой,greymane,948,druid,feral,24,12,12
Ультраафина,gordunni,946,druid,feral,24,10,14
Collnaris,ravencrest,944,druid,feral,18,10,8
Реептилоид,soulflayer,942,druid,feral,24,10,14
Wuzzington,outland,940,druid,feral,24,10,14
Stéely,ravencrest,933,druid,feral,30,14,16
Béar,arathor,931,druid,feral,58,21,37
Маветт,blackscar,925,druid,feral,63,29,34
Erelae,twisting-nether,924,druid,feral,22,10,12
Trikill,hyjal,922,druid,feral,31,10,21
Teddîursa,kazzak,915,druid,feral,34,10,24
Blacksagex,dragonmaw,910,druid,feral,17,10,7
Gató,kazzak,899,druid,feral,32,11,21
Lohki,eredar,895,druid,feral,21,12,9
Леминвинкс,eversong,889,druid,feral,24,13,11
Джирас,gordunni,883,druid,feral,38,14,24
Verbat,cthun,878,druid,feral,42,21,21
Mommonga,onyxia,874,druid,feral,38,14,24
Urfi,tyrande,864,druid,feral,12,9,3
Wex,darksorrow,864,druid,feral,12,9,3
Fyrka,aegwynn,864,druid,feral,18,9,9
Aleatório,grim-batol,864,druid,feral,18,9,9
Rysejr,nemesis,864,druid,feral,18,9,9
Cocomojo,outland,864,druid,feral,18,9,9
Sixmonthbann,ravencrest,864,druid,feral,18,9,9
Furrykruger,the-maelstrom,864,druid,feral,18,9,9
Bignik,tarren-mill,864,druid,feral,18,9,9
Paramore,outland,864,druid,feral,18,9,9
Roska,archimonde,864,druid,feral,18,9,9
Pitý,kaelthas,864,druid,feral,24,9,15
Xilmai,darksorrow,863,druid,feral,18,9,9
Cjparker,archimonde,863,druid,feral,18,9,9
Rbg,dun-modr,863,druid,feral,22,10,12
Aendy,tarren-mill,863,druid,feral,23,10,13
Zurllyn,ravencrest,863,druid,feral,24,9,15
Пиггипоп,soulflayer,863,druid,feral,24,9,15
Олежасутра,howling-fjord,863,druid,feral,30,9,21
Dilleydank,ravencrest,862,druid,feral,18,9,9
Мунфайр,galakrond,862,druid,feral,18,9,9
Кецян,gordunni,862,druid,feral,19,9,10
Exïlla,archimonde,861,druid,feral,18,9,9
Nalreaa,kazzak,859,druid,feral,18,9,9
Caèlas,outland,859,druid,feral,18,9,9
Minaye,hyjal,859,druid,feral,18,9,9
Golddy,hyjal,859,druid,feral,19,9,10
Бруан,gordunni,859,druid,feral,24,9,15
Hadespool,sanguino,859,druid,feral,24,9,15
Плагиат,grom,858,druid,feral,36,10,26
Toaa,antonidas,857,druid,feral,30,9,21
Астраджет,gordunni,856,druid,feral,12,9,3
Aniprimal,auchindoun,854,druid,feral,18,9,9
Noyake,ragnaros,854,druid,feral,24,9,15
Wainl,hyjal,854,druid,feral,30,9,21
Bgam,ravencrest,853,druid,feral,12,9,3
Жекакотик,eversong,848,druid,feral,30,11,19
Plingan,argent-dawn,847,druid,feral,17,9,8
Tàlented,aggra-português,846,druid,feral,17,9,8
Larkos,grim-batol,840,druid,feral,24,9,15
Ziovris,silvermoon,839,druid,feral,33,9,24
Kîñg,tarren-mill,836,druid,feral,76,33,43
Рефикс,gordunni,827,druid,feral,17,9,8
Théó,grim-batol,818,druid,feral,41,18,23
Snupy,outland,815,druid,feral,17,9,8
Зенза,howling-fjord,815,druid,feral,27,9,18
Zulazain,bladefist,809,druid,feral,84,30,54
Domänia,onyxia,779,druid,feral,25,9,16
Hakuchey,aegwynn,768,druid,feral,12,8,4
Kgn,blackmoore,768,druid,feral,12,8,4
Mikor,aegwynn,768,druid,feral,12,8,4
Themartyr,tarren-mill,768,druid,feral,12,8,4
Snkxo,perenolde,768,druid,feral,12,8,4
Scaleo,stormreaver,768,druid,feral,12,8,4
Апвель,gordunni,768,druid,feral,18,8,10
Ashtral,kazzak,768,druid,feral,18,8,10
Älênkâ,drakthul,768,druid,feral,30,8,22
Kørnuto,nemesis,767,druid,feral,12,8,4
Firrothe,die-aldor,767,druid,feral,15,9,6
Jeezuschrist,archimonde,767,druid,feral,18,8,10
Naetsch,blackrock,767,druid,feral,18,8,10
Развалустоев,blackscar,767,druid,feral,18,8,10
Seysso,silvermoon,767,druid,feral,18,8,10
Mimir,la-croisade-écarlate,767,druid,feral,18,8,10
Стэлларпауэр,gordunni,767,druid,feral,18,8,10
Буйныйкот,gordunni,767,druid,feral,18,8,10
Bäkø,dun-modr,767,druid,feral,21,9,12
Pneuma,xavius,767,druid,feral,24,8,16
Acéré,archimonde,767,druid,feral,24,8,16
Laek,chogall,767,druid,feral,24,8,16
Kutjing,dun-modr,766,druid,feral,12,8,4
Thielyy,blackmoore,766,druid,feral,18,8,10
Naturalie,silvermoon,766,druid,feral,24,8,16
Dracaan,boulderfist,765,druid,feral,12,8,4
Krvopito,tarren-mill,765,druid,feral,12,8,4
Chunkeykill,alonsus,765,druid,feral,18,8,10
Koshde,blackrock,765,druid,feral,18,8,10
Plankface,ravencrest,765,druid,feral,18,8,10
Шадараф,howling-fjord,765,druid,feral,21,9,12
Vorag,dalaran,765,druid,feral,24,8,16
Bâlou,nathrezim,764,druid,feral,18,8,10
Oblivark,draenor,764,druid,feral,18,8,10
Djsnigel,stormscale,764,druid,feral,24,8,16
Shuffey,frostmane,763,druid,feral,12,8,4
Dash,the-maelstrom,763,druid,feral,18,8,10
Holditorsken,grim-batol,761,druid,feral,18,8,10
Razorleaf,turalyon,761,druid,feral,24,8,16
Jamaican,outland,758,druid,feral,24,8,16
Druidou,kaelthas,756,druid,feral,30,8,22
Jupter,burning-blade,755,druid,feral,18,8,10
Zhosy,shattrath,751,druid,feral,17,8,9
Neischa,das-konsortium,746,druid,feral,18,8,10
Mordpaw,stormscale,735,druid,feral,20,9,11
Âltashamane,elune,733,druid,feral,17,8,9
Ytzù,archimonde,719,druid,feral,11,8,3
Aègon,ravencrest,719,druid,feral,15,8,7
Cyriaan,eredar,719,druid,feral,17,8,9
Shifabull,kazzak,716,druid,feral,17,8,9
Euskal,chogall,703,druid,feral,14,8,6
Asarune,hyjal,703,druid,feral,20,9,11
Xarxius,sanguino,699,druid,feral,32,8,24
Диздру,howling-fjord,672,druid,feral,12,7,5
Jincksdruid,anachronos,672,druid,feral,12,7,5
Goretterog,archimonde,672,druid,feral,12,7,5
Tanmax,blackmoore,672,druid,feral,12,7,5
Zoobidu,garona,672,druid,feral,12,7,5
Blakkowl,drakthul,672,druid,feral,12,7,5
Loyoq,elune,672,druid,feral,12,7,5
Starasta,magtheridon,672,druid,feral,12,7,5
Fíja,blackmoore,672,druid,feral,12,7,5
Lolhaha,ravencrest,672,druid,feral,12,7,5
Snkyferalmov,aegwynn,672,druid,feral,12,7,5
Cruelbunny,nemesis,672,druid,feral,12,7,5
Àzà,dun-modr,672,druid,feral,12,7,5
Sùmmèrz,ravencrest,672,druid,feral,12,7,5
Saabeq,hyjal,672,druid,feral,18,7,11
Oni,kelthuzad,672,druid,feral,18,7,11
Coldkíng,twisting-nether,672,druid,feral,18,7,11
Sethread,ragnaros,672,druid,feral,18,7,11
Flawkin,kazzak,672,druid,feral,18,7,11
Luveena,kazzak,672,druid,feral,18,7,11
Savvy,arthas,672,druid,feral,18,7,11
Druiidou,dalaran,672,druid,feral,18,7,11
Samian,turalyon,672,druid,feral,18,7,11
Trevorkki,korgall,672,druid,feral,19,7,12
Liptonbite,blackhand,672,druid,feral,24,7,17
Déme,twisting-nether,671,druid,feral,12,7,5
Sôalôgel,blackrock,671,druid,feral,12,7,5
Druikraut,silvermoon,671,druid,feral,12,7,5
Eltroncazo,sanguino,671,druid,feral,18,7,11
Annksunamun,ysondre,671,druid,feral,18,7,11
Bærbell,blackrock,671,druid,feral,18,7,11
Toron,dalaran,671,druid,feral,18,7,11
Speedlebee,malganis,671,druid,feral,18,7,11
Axiu,kazzak,671,druid,feral,24,7,17
Lazerbinks,blackmoore,671,druid,feral,24,7,17
Biorythm,draenor,670,druid,feral,12,7,5
Noobbiiee,silvermoon,670,druid,feral,12,7,5
Radime,khaz-modan,669,druid,feral,12,7,5
Toredorxy,blackrock,669,druid,feral,12,7,5
Терамин,howling-fjord,669,druid,feral,18,7,11
Stoormrage,deathwing,668,druid,feral,12,7,5
Itzferal,durotan,668,druid,feral,15,7,8
Мукару,howling-fjord,666,druid,feral,12,7,5
Грэкхэк,soulflayer,666,druid,feral,15,8,7
Tricklou,tarren-mill,666,druid,feral,18,7,11
Sherkàn,dalaran,661,druid,feral,18,7,11
Nkoyi,argent-dawn,659,druid,feral,24,7,17
Blejkv,defias-brotherhood,658,druid,feral,18,7,11
Ôpium,eldrethalas,658,druid,feral,24,7,17
Kovlian,argent-dawn,655,druid,feral,17,7,10
Greenfingerz,azjolnerub,654,druid,feral,24,7,17
Эвгедент,deathguard,646,druid,feral,30,7,23
Nspirit,ravencrest,639,druid,feral,17,7,10
Sìa,frostmane,639,druid,feral,23,7,16
Muffinjump,outland,636,druid,feral,16,7,9
Лорирэнд,gordunni,623,druid,feral,23,7,16
Shalys,archimonde,622,druid,feral,11,7,4
Blacknight,aggramar,616,druid,feral,21,8,13
Хённим,howling-fjord,607,druid,feral,11,7,4
Àyóorts,archimonde,607,druid,feral,14,7,7
Neyok,blackrock,607,druid,feral,14,7,7
Halabanaha,silvermoon,606,druid,feral,11,7,4
Mistic,twisting-nether,601,druid,feral,17,7,10
Hadoukan,ravencrest,576,druid,feral,6,6,0
Baccthana,auchindoun,576,druid,feral,12,6,6
Kittý,terokkar,576,druid,feral,12,6,6
Ataxyhehe,sylvanas,576,druid,feral,12,6,6
Seekx,silvermoon,576,druid,feral,12,6,6
Dragonferal,tarren-mill,576,druid,feral,12,6,6
Tonycatmeow,ravencrest,576,druid,feral,12,6,6
Hàlunkè,eredar,576,druid,feral,12,6,6
Rimpularaisa,grim-batol,576,druid,feral,12,6,6
Arlandia,drakthul,576,druid,feral,12,6,6
Сиэн,ashenvale,576,druid,feral,12,6,6
Amandial,silvermoon,576,druid,feral,12,6,6
Borja,malganis,576,druid,feral,12,6,6
Эриэс,gordunni,576,druid,feral,12,6,6
Асония,deathguard,576,druid,feral,12,6,6
Snkyexpress,aegwynn,576,druid,feral,12,6,6
Aslanah,hyjal,576,druid,feral,12,6,6
Forrest,bronze-dragonflight,576,druid,feral,12,6,6
Ganjeez,kazzak,576,druid,feral,12,6,6
Imbadxx,kazzak,576,druid,feral,12,6,6
Notsad,dun-modr,576,druid,feral,18,6,12
Svxstarz,archimonde,576,druid,feral,18,6,12
Bilis,nazjatar,576,druid,feral,18,6,12
Хокан,deepholm,576,druid,feral,18,6,12
Svass,ragnaros,576,druid,feral,18,6,12
Radauronny,malganis,576,druid,feral,18,6,12
Hasted,kazzak,576,druid,feral,18,6,12
Fur,antonidas,576,druid,feral,23,6,17
Teknó,ragnaros,575,druid,feral,6,6,0
Lakaport,dun-modr,575,druid,feral,12,6,6
Xurta,kazzak,575,druid,feral,12,6,6
Psixx,blackhand,575,druid,feral,12,6,6
Leidbulle,blackrock,575,druid,feral,12,6,6
Broccoliform,eredar,575,druid,feral,12,6,6
Леромейкен,fordragon,575,druid,feral,12,6,6
Chrîslol,twisting-nether,575,druid,feral,18,6,12
Скайтибрайдх,gordunni,575,druid,feral,24,6,18
Alimona,the-venture-co,573,druid,feral,30,6,24
Hetalia,culte-de-la-rive-noire,571,druid,feral,12,6,6
Грегориан,galakrond,571,druid,feral,12,6,6
Avior,eonar,571,druid,feral,12,6,6
Whiterun,pozzo-delleternità,555,druid,feral,19,7,12
Düldül,kargath,555,druid,feral,68,24,44
Spangle,stormscale,554,druid,feral,21,7,14
Неваляка,gordunni,542,druid,feral,11,6,5
Диджейкошка,howling-fjord,527,druid,feral,11,6,5
Garfield,uldum,527,druid,feral,11,6,5
Nuashoa,argent-dawn,521,druid,feral,16,7,9
Lionquokk,azjolnerub,512,druid,feral,10,6,4
Vârima,ravencrest,480,druid,feral,6,5,1
Benyameow,ravencrest,480,druid,feral,6,5,1
Vahid,antonidas,480,druid,feral,6,5,1
Drach,ravencrest,480,druid,feral,6,5,1
Ryselol,nemesis,480,druid,feral,6,5,1
Retzerbil,ravencrest,480,druid,feral,10,6,4
Xunjeral,blackhand,480,druid,feral,12,7,5
Hipølita,zuljin,480,druid,feral,12,5,7
Flum,darksorrow,480,druid,feral,12,5,7
Жеводанский,gordunni,480,druid,feral,12,5,7
Deßradator,stormscale,480,druid,feral,12,5,7
Redlung,outland,480,druid,feral,12,5,7
Hardbasior,burning-legion,480,druid,feral,12,5,7
Mooqt,alexstrasza,480,druid,feral,12,5,7
Erenalby,draenor,480,druid,feral,12,5,7
Epidruid,stormrage,480,druid,feral,12,5,7
Animålz,archimonde,480,druid,feral,12,5,7
Vãrima,ravencrest,480,druid,feral,12,5,7
Bloomly,tarren-mill,480,druid,feral,12,5,7
Turkus,draenor,480,druid,feral,12,5,7
Guiltyas,turalyon,480,druid,feral,12,5,7
Miracoplixx,blackrock,480,druid,feral,12,5,7
Житмедветь,booty-bay,480,druid,feral,12,5,7
Rapzr,argent-dawn,480,druid,feral,12,5,7
Siire,ravencrest,480,druid,feral,12,5,7
Sølaria,kazzak,480,druid,feral,12,5,7
Оссава,blackscar,480,druid,feral,12,5,7
Garoh,dalaran,480,druid,feral,12,5,7
Sketz,stormscale,480,druid,feral,12,5,7
Hrabioid,burning-legion,480,druid,feral,12,5,7
Rímeru,blackmoore,480,druid,feral,12,5,7
Pronkson,tarren-mill,480,druid,feral,12,5,7
Einsfünfkcat,madmortem,480,druid,feral,12,5,7
Kardashìan,ravencrest,480,druid,feral,13,5,8
Pethebär,tarren-mill,480,druid,feral,18,5,13
Nefertiti,baelgun,480,druid,feral,18,5,13
Mérias,archimonde,480,druid,feral,18,5,13
Yamkar,blackrock,480,druid,feral,18,5,13
Derrezzed,stormscale,480,druid,feral,18,5,13
Outtanowhere,drakthul,480,druid,feral,18,5,13
Wølveríne,frostmane,480,druid,feral,18,5,13
Yiradur,stormscale,480,druid,feral,18,5,13
Enylasi,hyjal,480,druid,feral,18,5,13
Cdsxr,outland,480,druid,feral,24,5,19
Sløthy,uldum,479,druid,feral,10,6,4
Dorcelvision,archimonde,479,druid,feral,12,5,7
Shifts,the-maelstrom,479,druid,feral,12,5,7
Mambalol,sanguino,479,druid,feral,12,5,7
Telpha,onyxia,479,druid,feral,12,5,7
Lukass,drakthul,479,druid,feral,12,5,7
Poskehh,outland,479,druid,feral,12,5,7
Morsee,hellfire,479,druid,feral,12,5,7
Менстряк,howling-fjord,479,druid,feral,18,5,13
Yorashi,blackhand,478,druid,feral,6,5,1
Эндердру,gordunni,478,druid,feral,12,5,7
Cattastrophe,bronzebeard,477,druid,feral,12,5,7
Mitomen,ragnaros,476,druid,feral,12,5,7
Skylarr,alexstrasza,475,druid,feral,12,5,7
Bumsbert,teldrassil,472,druid,feral,18,9,9
Cosiris,elune,469,druid,feral,18,5,13
Varø,aegwynn,463,druid,feral,11,5,6
Jamera,stormscale,463,druid,feral,17,5,12
Nefariz,dun-modr,448,druid,feral,10,5,5
Apetino,dun-modr,447,druid,feral,11,5,6
Infêrno,twisting-nether,446,druid,feral,22,5,17
Sároman,ravencrest,431,druid,feral,11,5,6
Zynmeow,lordaeron,416,druid,feral,19,6,13
Бабакошка,gordunni,415,druid,feral,11,5,6
Nipply,ravencrest,415,druid,feral,15,6,9
Svarre,outland,413,druid,feral,10,5,5
Staness,khaz-modan,413,druid,feral,32,5,27
Faveyo,die-nachtwache,384,druid,feral,6,4,2
Коксвейн,ashenvale,384,druid,feral,6,4,2
Dystaleon,blackrock,384,druid,feral,6,4,2
Noxxzar,stormscale,384,druid,feral,6,4,2
Osaviciosa,shendralar,384,druid,feral,6,4,2
Shapeshifts,kul-tiras,384,druid,feral,6,4,2
Takamizy,ysondre,384,druid,feral,6,4,2
Ryáanz,ravencrest,384,druid,feral,6,4,2
Currare,aegwynn,384,druid,feral,6,4,2
Madeath,stormscale,384,druid,feral,6,4,2
Pegert,aegwynn,384,druid,feral,6,4,2
Kowtuerz,silvermoon,384,druid,feral,6,4,2
Шабашиоргия,soulflayer,384,druid,feral,6,4,2
Tróllinger,blackrock,384,druid,feral,6,4,2
Knatch,outland,384,druid,feral,6,4,2
Крофтт,goldrinn,384,druid,feral,6,4,2
Idraly,kirin-tor,384,druid,feral,6,4,2
Ábomínatíon,draenor,384,druid,feral,6,4,2
Gyome,sargeras,384,druid,feral,6,4,2
Dèxò,blackmoore,384,druid,feral,17,7,10
Milkniatrump,tarren-mill,384,druid,feral,12,4,8
Турбокалясик,gordunni,384,druid,feral,12,4,8
Nibbl,doomhammer,384,druid,feral,12,4,8
Éxy,kazzak,384,druid,feral,12,4,8
Tenader,draenor,384,druid,feral,12,4,8
Фдру,eversong,384,druid,feral,12,4,8
Lenzork,thrall,384,druid,feral,12,4,8
Ялория,azuregos,384,druid,feral,12,4,8
Goatmeal,draenor,384,druid,feral,12,4,8
Giaya,turalyon,384,druid,feral,12,4,8
Noxxll,gorgonnash,384,druid,feral,12,4,8
Эверблуми,howling-fjord,384,druid,feral,12,4,8
ßlackßåmßå,zuljin,384,druid,feral,12,4,8
Рэво,gordunni,384,druid,feral,12,4,8
Derni,burning-legion,384,druid,feral,12,4,8
Helltoothz,ragnaros,384,druid,feral,12,4,8
Gruffeline,marécage-de-zangar,384,druid,feral,12,4,8
Maethar,stormrage,384,druid,feral,12,4,8
Mbk,kazzak,384,druid,feral,12,4,8
Deranion,drakthul,384,druid,feral,12,4,8
Shiotake,hyjal,384,druid,feral,12,4,8
Skinnyleg,baelgun,384,druid,feral,12,4,8
Marshy,kazzak,384,druid,feral,14,4,10
Plandros,draenor,384,druid,feral,18,4,14
Hartzig,blackmoore,383,druid,feral,6,4,2
Tombenuit,tarren-mill,383,druid,feral,6,4,2
Bearshift,aggra-português,383,druid,feral,6,4,2
Tsukuyómi,ragnaros,383,druid,feral,6,4,2
Nidaalee,thrall,383,druid,feral,6,4,2
Asterya,dun-modr,383,druid,feral,10,5,5
Tettsu,silvermoon,383,druid,feral,12,4,8
Arntooth,burning-legion,383,druid,feral,12,4,8
Tastyrawr,blackhand,383,druid,feral,12,4,8
Loafy,the-maelstrom,383,druid,feral,12,4,8
Sheiheda,kazzak,383,druid,feral,12,4,8
Элинна,ashenvale,383,druid,feral,12,4,8
Fòggie,silvermoon,383,druid,feral,12,4,8
Altramuz,uldum,382,druid,feral,6,4,2
Fiagard,antonidas,382,druid,feral,6,4,2
Jamaicanherb,bronzebeard,382,druid,feral,12,4,8
Hasdruida,zuljin,382,druid,feral,14,4,10
Viølin,silvermoon,381,druid,feral,12,4,8
Wathen,argent-dawn,381,druid,feral,18,4,14
Yopi,stormscale,351,druid,feral,11,4,7
Krekigaadzre,draenor,335,druid,feral,9,4,5
Fyralion,silvermoon,335,druid,feral,9,4,5
Arfgtdispo,hyjal,330,druid,feral,17,6,11
Wolfly,ravencrest,329,druid,feral,17,6,11
Wintx,ragnaros,329,druid,feral,24,7,17
Lybell,antonidas,319,druid,feral,8,4,4
Fuzzylol,haomarush,288,druid,feral,6,3,3
Snky,perenolde,288,druid,feral,6,3,3
Beckett,aszune,288,druid,feral,6,3,3
Ociroza,outland,288,druid,feral,6,3,3
Xercàs,outland,288,druid,feral,6,3,3
Hkwoaf,chants-éternels,288,druid,feral,6,3,3
Syniixmeow,ravencrest,288,druid,feral,6,3,3
Kørn,drakthul,288,druid,feral,6,3,3
Ацкийдру,gordunni,288,druid,feral,6,3,3
Жексоул,gordunni,288,druid,feral,6,3,3
Muffler,ragnaros,288,druid,feral,6,3,3
Амахасла,deathweaver,288,druid,feral,6,3,3
Павлорион,gordunni,288,druid,feral,6,3,3
Kúùsh,frostwolf,288,druid,feral,6,3,3
Ferpylul,ragnaros,288,druid,feral,6,3,3
Azyol,argent-dawn,288,druid,feral,6,3,3
Nariah,silvermoon,288,druid,feral,6,3,3
Reservebär,blackhand,288,druid,feral,6,3,3
Fraptal,dalaran,288,druid,feral,6,3,3
Oddform,silvermoon,288,druid,feral,6,3,3
Alkurosa,sylvanas,288,druid,feral,6,3,3
Ysomnia,tirion,288,druid,feral,6,3,3
Loryaayroll,stormscale,288,druid,feral,6,3,3
Druidicchi,stormscale,288,druid,feral,6,3,3
Lyrasanna,argent-dawn,288,druid,feral,6,3,3
Hundavidsad,quelthalas,288,druid,feral,6,3,3
Vitaex,blackrock,288,druid,feral,6,3,3
Miruush,malganis,288,druid,feral,6,3,3
Wildthing,blackmoore,288,druid,feral,6,3,3
Gargnda,tarren-mill,288,druid,feral,6,3,3
Theonlydruid,frostmane,288,druid,feral,6,3,3
Ðeathwatch,ravencrest,288,druid,feral,6,3,3
Kømo,draenor,288,druid,feral,6,3,3
Sylvy,dun-modr,288,druid,feral,6,3,3
Kattenover,stormscale,288,druid,feral,6,3,3
Madgazfanboi,ravencrest,288,druid,feral,6,3,3
Fearthecat,defias-brotherhood,288,druid,feral,6,3,3
Biggestnick,ravencrest,288,druid,feral,6,3,3
Dianabigby,silvermoon,288,druid,feral,6,3,3
Synzuu,turalyon,288,druid,feral,6,3,3
Tropicqt,ravencrest,288,druid,feral,6,3,3
Yepnesse,khaz-modan,288,druid,feral,6,3,3
Кошикк,azuregos,288,druid,feral,6,3,3
Lunanikuya,ravencrest,288,druid,feral,6,3,3
Urgrull,baelgun,288,druid,feral,6,3,3
Мцк,deathguard,288,druid,feral,6,3,3
Мивинчик,ashenvale,288,druid,feral,6,3,3
Zantill,chamber-of-aspects,288,druid,feral,7,3,4
Shingeki,alonsus,288,druid,feral,8,3,5
Skywíng,stormscale,288,druid,feral,12,3,9
Drocos,genjuros,288,druid,feral,12,3,9
Diow,elune,288,druid,feral,12,3,9
Фэк,eversong,288,druid,feral,12,3,9
Elocat,blackmoore,288,druid,feral,12,3,9
Лорья,azuregos,288,druid,feral,12,3,9
Lupa,drakthul,288,druid,feral,12,3,9
Zink,sanguino,288,druid,feral,12,3,9
Senoka,shattrath,288,druid,feral,12,3,9
Zulucat,aegwynn,288,druid,feral,12,3,9
Kittyclâw,perenolde,288,druid,feral,12,3,9
Psychodeliya,ragnaros,288,druid,feral,12,3,9
Phòènìx,twisting-nether,288,druid,feral,12,3,9
Ferdax,outland,288,druid,feral,12,3,9
Tskilli,draenor,288,druid,feral,12,3,9
Myex,exodar,288,druid,feral,12,3,9
Ripern,silvermoon,288,druid,feral,12,3,9
Bénjî,khazgoroth,288,druid,feral,12,3,9
Kratzbeiß,blackmoore,288,druid,feral,18,3,15
Frincessa,burning-legion,288,druid,feral,18,3,15
Tallbutshort,stormscale,288,druid,feral,18,3,15
Knææl,argent-dawn,288,druid,feral,18,3,15
Annajak,bloodfeather,287,druid,feral,6,3,3
Khai,argent-dawn,287,druid,feral,6,3,3
Giosis,stormscale,287,druid,feral,6,3,3
Huginmuninn,outland,287,druid,feral,6,3,3
Cemendur,bronzebeard,287,druid,feral,6,3,3
Growshax,nerzhul,287,druid,feral,6,3,3
Vicendius,drakthul,287,druid,feral,12,3,9
Vólotyr,ravencrest,287,druid,feral,12,3,9
Sìíta,dun-modr,287,druid,feral,12,3,9
Kyth,forscherliga,287,druid,feral,12,3,9
Poxu,eredar,287,druid,feral,18,3,15
Maräanhatähr,silvermoon,287,druid,feral,18,3,15
Bakar,ghostlands,286,druid,feral,6,3,3
Zottelmahne,blackrock,286,druid,feral,6,3,3
Puuhalí,stormreaver,286,druid,feral,6,3,3
Zhabka,silvermoon,286,druid,feral,6,3,3
Glanis,malorne,271,druid,feral,11,3,8
Muryo,der-rat-von-dalaran,255,druid,feral,11,3,8
Creadora,ravencrest,255,druid,feral,11,3,8
Bartax,culte-de-la-rive-noire,240,druid,feral,9,3,6
Diktus,outland,234,druid,feral,8,4,4
Anyône,dun-morogh,229,druid,feral,16,4,12
Mapitom,stormscale,192,druid,feral,4,3,1
Tommyferal,outland,192,druid,feral,4,3,1
Bïscøte,archimonde,192,druid,feral,6,2,4
Mcservietsky,chogall,192,druid,feral,6,2,4
Friidaf,lightbringer,192,druid,feral,6,2,4
Voyerka,drakthul,192,druid,feral,6,2,4
Variolus,dun-modr,192,druid,feral,6,2,4
Aryitu,blackrock,192,druid,feral,6,2,4
Melcow,eredar,192,druid,feral,6,2,4
Astlanes,ysondre,192,druid,feral,6,2,4
Indräkah,dun-modr,192,druid,feral,6,2,4
Astøriøn,elune,192,druid,feral,6,2,4
Zyron,sanguino,192,druid,feral,6,2,4
Erundrood,ysondre,192,druid,feral,6,2,4
Glenn,alakir,192,druid,feral,6,2,4
Shiningztar,twisting-nether,192,druid,feral,6,2,4
Routasydän,shattered-hand,192,druid,feral,6,2,4
Valkeryu,hyjal,192,druid,feral,6,2,4
Lyvaley,dun-modr,192,druid,feral,6,2,4
Zibark,nemesis,192,druid,feral,6,2,4
Likë,frostwolf,192,druid,feral,6,2,4
Spale,twisting-nether,192,druid,feral,6,2,4
Getsomefunny,archimonde,192,druid,feral,6,2,4
Tøpkittyg,twisting-nether,192,druid,feral,6,2,4
Kiizal,twisting-nether,192,druid,feral,6,2,4
Кентухен,gordunni,192,druid,feral,6,2,4
Snûx,antonidas,192,druid,feral,6,2,4
Docdruid,outland,192,druid,feral,6,2,4
Ckelf,ravencrest,192,druid,feral,6,2,4
Вендьета,blackscar,192,druid,feral,6,2,4
Bigbear,stormrage,192,druid,feral,6,2,4
Sandirion,silvermoon,192,druid,feral,6,2,4
Zouzouille,ravencrest,192,druid,feral,6,2,4
Savagehèals,ravencrest,192,druid,feral,6,2,4
Druiddamage,the-maelstrom,192,druid,feral,6,2,4
Канвус,gordunni,192,druid,feral,6,2,4
Mjáy,tarren-mill,192,druid,feral,6,2,4
Атиса,gordunni,192,druid,feral,6,2,4
Leylajr,ravencrest,192,druid,feral,6,2,4
Сверххищникк,soulflayer,192,druid,feral,6,2,4
Jokiri,argent-dawn,192,druid,feral,6,2,4
Nidra,silvermoon,192,druid,feral,6,2,4
Treepoloski,stormscale,192,druid,feral,6,2,4
Pitsas,silvermoon,192,druid,feral,6,2,4
Dwaokut,ravencrest,192,druid,feral,6,2,4
Kisskossa,stormscale,192,druid,feral,6,2,4
Rabacki,blackmoore,192,druid,feral,6,2,4
Nelfboyuk,tarren-mill,192,druid,feral,6,2,4
Feralsaber,ghostlands,192,druid,feral,6,2,4
Jimmyxdd,kazzak,192,druid,feral,6,2,4
Вохако,howling-fjord,192,druid,feral,6,2,4
Lechaource,silvermoon,192,druid,feral,6,2,4
Womzas,blackhand,192,druid,feral,6,2,4
Catbear,kazzak,192,druid,feral,6,2,4
Chikiz,ghostlands,192,druid,feral,6,2,4
Catwild,blackmoore,192,druid,feral,6,2,4
Redyogurt,outland,192,druid,feral,6,2,4
Bullhoezerx,silvermoon,192,druid,feral,6,2,4
Papjin,blackhand,192,druid,feral,6,2,4
Yeats,blackmoore,192,druid,feral,6,2,4
Santamonica,blackrock,192,druid,feral,6,2,4
Агнотар,soulflayer,192,druid,feral,6,2,4
Nicodruid,ravencrest,192,druid,feral,6,2,4
Ringthaw,silvermoon,192,druid,feral,6,2,4
Beginníng,outland,192,druid,feral,6,2,4
Swagdemonxd,outland,192,druid,feral,6,2,4
Pöttli,blackhand,192,druid,feral,6,2,4
Migalo,outland,192,druid,feral,6,2,4
Bóssít,doomhammer,192,druid,feral,6,2,4
Metamø,blackrock,192,druid,feral,6,2,4
Growlithe,hellfire,192,druid,feral,6,2,4
Casiu,blackmoore,192,druid,feral,6,2,4
Rabatout,eitrigg,192,druid,feral,6,2,4
Seekíng,blackmoore,192,druid,feral,6,2,4
Shyasiandru,area-52,192,druid,feral,6,2,4
Glyn,earthen-ring,192,druid,feral,6,2,4
Impertinent,outland,192,druid,feral,6,2,4
Citrus,sargeras,192,druid,feral,6,2,4
Lilkâzzam,blackrock,192,druid,feral,6,2,4
Гимодера,gordunni,192,druid,feral,6,2,4
Snuggums,argent-dawn,192,druid,feral,6,2,4
Spidete,sanguino,192,druid,feral,9,2,7
Линнер,lich-king,192,druid,feral,12,2,10
Naturexbot,silvermoon,192,druid,feral,12,2,10
Kuw,archimonde,192,druid,feral,12,2,10
Trànsformer,nemesis,192,druid,feral,12,2,10
Amoveo,argent-dawn,192,druid,feral,12,2,10
Vanarea,argent-dawn,192,druid,feral,12,2,10
Rasgath,kazzak,192,druid,feral,12,2,10
Steakotaur,chamber-of-aspects,192,druid,feral,12,2,10
Affines,the-maelstrom,192,druid,feral,12,2,10
Erelieva,silvermoon,192,druid,feral,12,2,10
Papírzsepi,ragnaros,192,druid,feral,12,2,10
Твойбарсик,gordunni,192,druid,feral,12,2,10
Ellaria,burning-legion,192,druid,feral,12,2,10
Трясишатай,gordunni,192,druid,feral,12,2,10
Feralzeus,sylvanas,192,druid,feral,12,2,10
Yoshia,shadowsong,192,druid,feral,12,2,10
Aaune,argent-dawn,192,druid,feral,12,2,10
Speegle,kazzak,192,druid,feral,12,2,10
Nicotex,draenor,192,druid,feral,12,2,10
Tigerroll,kazzak,192,druid,feral,18,2,16
Teám,tarren-mill,192,druid,feral,18,2,16
Gachal,kazzak,192,druid,feral,18,2,16
Taco,eredar,192,druid,feral,20,2,18
Mãui,blackhand,191,druid,feral,9,3,6
Jompemanfish,stormscale,191,druid,feral,6,2,4
Muju,stormscale,191,druid,feral,6,2,4
Sellsarya,blackmoore,191,druid,feral,6,2,4
Nayato,draenor,191,druid,feral,12,2,10
Loriann,twisting-nether,191,druid,feral,18,2,16
Meuhtéki,hyjal,190,druid,feral,13,3,10
Avisa,blackhand,190,druid,feral,12,2,10
Shadøwdruid,silvermoon,190,druid,feral,18,2,16
Ilyethea,earthen-ring,175,druid,feral,11,2,9
Korkskruven,draenor,159,druid,feral,5,2,3
Hiloqtdruid,blackmoore,159,druid,feral,5,2,3
Совулька,howling-fjord,159,druid,feral,5,2,3
Grawlex,silvermoon,159,druid,feral,11,2,9
Bearfôrceône,blackrock,159,druid,feral,11,2,9
Найадра,gordunni,144,druid,feral,9,2,7
Несессари,howling-fjord,144,druid,feral,15,2,13
Azaría,aegwynn,128,druid,feral,4,2,2
Baniaucygana,draenor,127,druid,feral,4,2,2
Wurnas,silvermoon,121,druid,feral,15,3,12
Epikeks,blackmoore,96,druid,feral,4,2,2
Moderntalkin,aegwynn,96,druid,feral,17,4,13
Théodên,dalaran,96,druid,feral,6,1,5
Haragmancs,arathor,96,druid,feral,6,1,5
Majesty,nagrand,96,druid,feral,6,1,5
Seraxi,der-mithrilorden,96,druid,feral,6,1,5
Tartáros,blackrock,96,druid,feral,6,1,5
Rszn,ravencrest,96,druid,feral,6,1,5
Tshungubuäch,eredar,96,druid,feral,6,1,5
Ragnai,emerald-dream,96,druid,feral,6,1,5
Saliencias,kazzak,96,druid,feral,6,1,5
Feyzode,ysondre,96,druid,feral,6,1,5
Albinoape,doomhammer,96,druid,feral,6,1,5
Ayatola,conseil-des-ombres,96,druid,feral,6,1,5
Абапер,galakrond,96,druid,feral,6,1,5
Awán,aegwynn,96,druid,feral,6,1,5
Zðe,la-croisade-écarlate,96,druid,feral,6,1,5
Vaalya,hyjal,96,druid,feral,6,1,5
Nidrien,doomhammer,96,druid,feral,6,1,5
Weyztwo,hyjal,96,druid,feral,6,1,5
Tael,argent-dawn,96,druid,feral,6,1,5
Thaneo,blackmoore,96,druid,feral,6,1,5
Hccl,blackhand,96,druid,feral,6,1,5
Legyna,ravencrest,96,druid,feral,6,1,5
Laaide,blackmoore,96,druid,feral,6,1,5
Dawgydawg,emerald-dream,96,druid,feral,6,1,5
Мурталор,soulflayer,96,druid,feral,6,1,5
Пивч,soulflayer,96,druid,feral,6,1,5
Xenrakh,blackhand,96,druid,feral,6,1,5
Thecòntról,ravencrest,96,druid,feral,6,1,5
Snorlaxza,ravencrest,96,druid,feral,6,1,5
Strand,ragnaros,96,druid,feral,6,1,5
Yarrp,stormscale,96,druid,feral,6,1,5
Aahboom,draenor,96,druid,feral,6,1,5
Sabresheep,twisting-nether,96,druid,feral,6,1,5
Plàntz,tarren-mill,96,druid,feral,6,1,5
Benfufu,kazzak,96,druid,feral,6,1,5
Imsothorny,genjuros,96,druid,feral,6,1,5
Fabulous,genjuros,96,druid,feral,6,1,5
Azgär,naxxramas,96,druid,feral,6,1,5
Арбузир,howling-fjord,96,druid,feral,6,1,5
Hyza,bronzebeard,96,druid,feral,6,1,5
Ãnimal,argent-dawn,96,druid,feral,6,1,5
Cegorach,xavius,96,druid,feral,6,1,5
Markuslanz,blackrock,96,druid,feral,6,1,5
Malfurryon,drakthul,96,druid,feral,6,1,5
Gurudru,tarren-mill,96,druid,feral,6,1,5
Zinister,hyjal,96,druid,feral,6,1,5
Taurendruid,the-maelstrom,96,druid,feral,6,1,5
Inuah,veknilash,96,druid,feral,6,1,5
Cesty,silvermoon,96,druid,feral,6,1,5
Jellybra,tarren-mill,96,druid,feral,6,1,5
Catgirlx,ravencrest,96,druid,feral,6,1,5
Heav,kiljaeden,96,druid,feral,6,1,5
Venomjr,bloodhoof,96,druid,feral,6,1,5
Sodniss,aggra-português,96,druid,feral,6,1,5
Горртек,howling-fjord,96,druid,feral,6,1,5
Raferalston,nathrezim,96,druid,feral,12,1,11
Veyronn,burning-legion,96,druid,feral,12,1,11
Yabooni,ravencrest,96,druid,feral,12,1,11
Sempai,hyjal,96,druid,feral,12,1,11
Farnae,kirin-tor,96,druid,feral,12,1,11
Nakkikastike,magtheridon,96,druid,feral,12,1,11
Mäywen,ravencrest,96,druid,feral,12,1,11
Mássive,darkmoon-faire,96,druid,feral,12,1,11
Bidodici,nemesis,95,druid,feral,6,1,5
Allîyâ,archimonde,79,druid,feral,5,1,4
Tamakie,blackmoore,64,druid,feral,4,1,3
Forigiver,draenor,64,druid,feral,4,1,3
Прокси,gordunni,64,druid,feral,4,1,3
Lycal,chogall,63,druid,feral,2,2,0
Wadles,draenor,48,druid,feral,3,1,2
Cus,tarren-mill,48,druid,feral,3,1,2
Maroxd,stormscale,2391,druid,balance,106,73,33
Kaabeedo,ravencrest,2354,druid,balance,108,65,43
Fuséton,tarren-mill,2346,druid,balance,281,168,113
Merceý,ravencrest,2323,druid,balance,97,65,32
Immuz,kazzak,2316,druid,balance,166,93,73
Wriong,ravencrest,2250,druid,balance,141,87,54
Skivesnulle,kazzak,2238,druid,balance,249,128,121
Ackiz,ravencrest,2225,druid,balance,87,53,34
Bd,stormscale,2225,druid,balance,83,49,34
Batboomie,zuljin,2198,druid,balance,280,156,124
Thelire,silvermoon,2188,druid,balance,310,164,146
Crippaa,tarren-mill,2185,druid,balance,104,69,35
Wwboomy,kazzak,2184,druid,balance,126,64,62
Norgand,die-aldor,2173,druid,balance,42,33,9
Sadgeconvoke,draenor,2172,druid,balance,251,156,95
Flanagân,hyjal,2171,druid,balance,60,36,24
Shayia,aegwynn,2156,druid,balance,143,78,65
Shåmss,kazzak,2151,druid,balance,54,35,19
Deép,nazjatar,2149,druid,balance,96,50,46
Dezarden,die-aldor,2147,druid,balance,93,58,35
Ööh,outland,2145,druid,balance,108,62,46
Sleepyhallow,blackmoore,2142,druid,balance,100,58,42
Стомпбр,gordunni,2141,druid,balance,144,89,55
Broccoliboy,sylvanas,2136,druid,balance,120,65,55
Eôxxd,blackrock,2135,druid,balance,95,63,32
Agagagagagag,ravencrest,2129,druid,balance,108,59,49
Vabore,twisting-nether,2128,druid,balance,78,44,34
Muhammadali,ravencrest,2126,druid,balance,72,42,30
Isatá,ravencrest,2123,druid,balance,66,42,24
Mopboomkin,twisting-nether,2122,druid,balance,78,45,33
Jwrld,stormscale,2121,druid,balance,66,35,31
Rexonadudu,kazzak,2120,druid,balance,165,98,67
Bumkin,bloodhoof,2120,druid,balance,72,41,31
Kirexz,blackrock,2118,druid,balance,83,55,28
Newaccount,kazzak,2115,druid,balance,150,92,58
Feelstreeman,twisting-nether,2115,druid,balance,54,33,21
Ursulaboomer,blackrock,2113,druid,balance,96,55,41
Zødzin,kazzak,2113,druid,balance,96,53,43
Positivîty,stormscale,2111,druid,balance,168,99,69
Winkler,kazzak,2109,druid,balance,50,38,12
Владисзади,gordunni,2109,druid,balance,113,64,49
Бубаджек,howling-fjord,2102,druid,balance,48,31,17
Gulmi,outland,2088,druid,balance,105,64,41
Tmeister,kazzak,2081,druid,balance,114,65,49
Ôwlnur,kult-der-verdammten,2080,druid,balance,85,50,35
Mephîs,ravencrest,2078,druid,balance,76,49,27
Cmfg,blackrock,2077,druid,balance,92,61,31
Eviscreator,stormscale,2076,druid,balance,120,76,44
Limme,ravencrest,2066,druid,balance,122,81,41
Bulla,culte-de-la-rive-noire,2065,druid,balance,124,79,45
Catchmê,archimonde,2065,druid,balance,74,43,31
Gonyogonyo,blackmoore,2061,druid,balance,66,38,28
Antahka,archimonde,2057,druid,balance,60,34,26
Oskol,tarren-mill,2057,druid,balance,70,37,33
Shivany,twisting-nether,2052,druid,balance,130,66,64
Méáckós,aegwynn,2050,druid,balance,164,82,82
Yore,tichondrius,2048,druid,balance,96,66,30
Shakso,stormscale,2045,druid,balance,78,49,29
Rootzxx,ravencrest,2043,druid,balance,126,72,54
Nutsnack,tarren-mill,2039,druid,balance,78,38,40
Akinimod,ravencrest,2029,druid,balance,96,58,38
Handsoff,stormscale,2025,druid,balance,192,100,92
Starsy,frostmane,2019,druid,balance,77,37,40
Saufeb,stormscale,2016,druid,balance,113,65,48
Flanagàn,hyjal,2016,druid,balance,82,41,41
Dincks,draenor,2015,druid,balance,89,54,35
Рейзакх,howling-fjord,2015,druid,balance,138,74,64
Carnivals,twisting-nether,2014,druid,balance,114,66,48
Secrägodx,ragnaros,2011,druid,balance,90,54,36
Win,hellscream,1992,druid,balance,102,57,45
Ganqb,ravencrest,1991,druid,balance,471,258,213
Klimakleber,ravencrest,1991,druid,balance,158,78,80
Turtleform,blackrock,1988,druid,balance,132,62,70
Bittebads,stormscale,1987,druid,balance,54,35,19
Lilpumpz,outland,1978,druid,balance,89,45,44
Hammd,kazzak,1977,druid,balance,149,85,64
Rek,sanguino,1976,druid,balance,69,38,31
Imperiusx,ravencrest,1973,druid,balance,227,128,99
Disvikz,outland,1971,druid,balance,72,41,31
Lifeseed,ravencrest,1968,druid,balance,77,42,35
Slaugh,zuljin,1966,druid,balance,101,55,46
Zaoow,stormscale,1964,druid,balance,102,64,38
ßa,blackmoore,1960,druid,balance,59,38,21
Uglyrasputin,blackmoore,1960,druid,balance,156,94,62
Wizzlafa,ravencrest,1960,druid,balance,82,48,34
Pvekek,stormscale,1953,druid,balance,68,45,23
Punxybear,ravencrest,1953,druid,balance,267,140,127
Aggroasian,tarren-mill,1952,druid,balance,263,144,119
Даирлин,gordunni,1952,druid,balance,154,77,77
Transmangodx,tarren-mill,1950,druid,balance,78,48,30
Bákhar,ravencrest,1949,druid,balance,113,58,55
Bambye,stormscale,1946,druid,balance,104,71,33
Ghostpaws,ravencrest,1946,druid,balance,90,50,40
Qtkitty,outland,1944,druid,balance,272,151,121
Néllÿ,elune,1942,druid,balance,102,51,51
Høtpøket,ravencrest,1940,druid,balance,42,29,13
Millions,tarren-mill,1937,druid,balance,123,80,43
Cassiddyy,draenor,1937,druid,balance,78,45,33
Dudukid,nemesis,1937,druid,balance,150,79,71
Рябчиик,blackscar,1935,druid,balance,191,109,82
Siuo,ravencrest,1930,druid,balance,77,43,34
Wrathgodx,aegwynn,1929,druid,balance,48,31,17
Æøøm,blackmoore,1929,druid,balance,152,89,63
Laker,stormscale,1929,druid,balance,145,79,66
Muufasa,blackmoore,1929,druid,balance,176,92,84
Kruwkamilka,burning-legion,1928,druid,balance,134,74,60
Veonski,argent-dawn,1925,druid,balance,105,57,48
Björnskift,tarren-mill,1924,druid,balance,66,40,26
Mooskie,draenor,1921,druid,balance,54,37,17
Moodý,aegwynn,1920,druid,balance,58,39,19
Fredhqt,tarren-mill,1918,druid,balance,59,37,22
Ледруд,gordunni,1918,druid,balance,68,34,34
Вбг,soulflayer,1915,druid,balance,106,60,46
Karvajyrä,stormreaver,1913,druid,balance,264,145,119
Flæppy,blackmoore,1913,druid,balance,174,88,86
Narq,sylvanas,1911,druid,balance,84,51,33
Didiee,kazzak,1911,druid,balance,126,69,57
Celtimi,antonidas,1909,druid,balance,42,32,10
Greenful,drakthul,1907,druid,balance,90,51,39
Trntydr,senjin,1906,druid,balance,41,30,11
Detü,blackrock,1906,druid,balance,63,42,21
Tuttu,kazzak,1906,druid,balance,84,46,38
Найттир,gordunni,1905,druid,balance,66,37,29
Kjøttberit,moonglade,1901,druid,balance,42,32,10
Zendda,hyjal,1896,druid,balance,61,30,31
Эё,howling-fjord,1895,druid,balance,66,44,22
Malex,auchindoun,1895,druid,balance,54,32,22
Knùbz,ravencrest,1895,druid,balance,77,40,37
Fiskmåsn,twisting-nether,1894,druid,balance,161,93,68
Øsbura,silvermoon,1894,druid,balance,54,31,23
Sylvy,dun-modr,1893,druid,balance,130,75,55
Votionex,tarren-mill,1891,druid,balance,64,38,26
Hunkex,frostmane,1891,druid,balance,93,51,42
Hppsr,eredar,1889,druid,balance,66,35,31
Výragosa,der-rat-von-dalaran,1887,druid,balance,60,33,27
Boomky,blackmoore,1887,druid,balance,57,29,28
Kenzia,stormrage,1886,druid,balance,72,43,29
Небесныйхант,soulflayer,1886,druid,balance,107,57,50
Peaches,aerie-peak,1882,druid,balance,65,45,20
Kankstery,stormscale,1882,druid,balance,65,44,21
Crnkie,sylvanas,1880,druid,balance,60,37,23
Blopstar,stormscale,1879,druid,balance,54,34,20
Mdrgtwo,ravencrest,1877,druid,balance,47,34,13
Grässoppa,tarren-mill,1877,druid,balance,53,29,24
Sentería,sylvanas,1876,druid,balance,60,30,30
Bmybmybmybmy,outland,1875,druid,balance,30,24,6
Mesmerizing,ravencrest,1875,druid,balance,72,41,31
Ciucciotutto,nemesis,1874,druid,balance,54,38,16
Balanc,ragnaros,1874,druid,balance,146,85,61
Credenz,frostmane,1871,druid,balance,96,56,40
Øncê,durotan,1871,druid,balance,54,29,25
Rbgkári,draenor,1870,druid,balance,72,45,27
Tobid,blackrock,1869,druid,balance,48,36,12
Hyperbêast,blackrock,1866,druid,balance,41,31,10
Xerlog,thrall,1866,druid,balance,60,39,21
Boomjutzu,kazzak,1866,druid,balance,42,25,17
Rudabaebey,draenor,1863,druid,balance,42,28,14
Shàal,ysondre,1859,druid,balance,134,73,61
ßoomin,tarren-mill,1859,druid,balance,48,25,23
Maijs,ravencrest,1857,druid,balance,66,31,35
Starbro,grim-batol,1856,druid,balance,48,27,21
Emmdru,silvermoon,1854,druid,balance,101,63,38
Howgh,destromath,1854,druid,balance,186,97,89
Juicypus,ragnaros,1851,druid,balance,54,32,22
Izhusky,ravencrest,1850,druid,balance,79,44,35
Näela,archimonde,1850,druid,balance,54,27,27
Øhmygød,stormscale,1849,druid,balance,66,35,31
Миртлэкшн,gordunni,1848,druid,balance,83,45,38
Tzeeni,stormscale,1847,druid,balance,35,28,7
Друлякич,gordunni,1846,druid,balance,49,30,19
Xora,kazzak,1845,druid,balance,197,106,91
Арадия,gordunni,1843,druid,balance,66,35,31
Gipi,ravencrest,1843,druid,balance,60,31,29
Drooshy,ravencrest,1840,druid,balance,51,34,17
Hrz,kazzak,1839,druid,balance,79,50,29
Starfallkey,dun-modr,1839,druid,balance,99,61,38
Rlwlwlwlwr,twisting-nether,1838,druid,balance,48,33,15
Pluginbaby,stormscale,1838,druid,balance,64,41,23
Айрокси,blackscar,1838,druid,balance,48,28,20
Restaidpvs,wildhammer,1838,druid,balance,60,32,28
Tjillevippen,tarren-mill,1836,druid,balance,36,23,13
Nassii,antonidas,1836,druid,balance,162,99,63
Connydor,stormscale,1836,druid,balance,48,29,19
Metamoo,tarren-mill,1835,druid,balance,47,36,11
Atrosity,ravencrest,1835,druid,balance,66,40,26
Nyndrà,archimonde,1835,druid,balance,165,81,84
Tommyruin,the-venture-co,1834,druid,balance,105,57,48
Zuterlø,ragnaros,1834,druid,balance,54,28,26
Jøkèr,outland,1833,druid,balance,53,30,23
Кирукхэ,gordunni,1832,druid,balance,36,28,8
Bigpûmp,elune,1832,druid,balance,48,30,18
Shamerika,tarren-mill,1832,druid,balance,77,48,29
Tárzáñ,ravencrest,1831,druid,balance,60,37,23
Kabôôm,stormscale,1830,druid,balance,48,28,20
Ezeke,eredar,1830,druid,balance,160,79,81
Lóvebeam,ravencrest,1829,druid,balance,42,26,16
Tummus,blackrock,1829,druid,balance,60,32,28
Bastodonte,skullcrusher,1828,druid,balance,178,91,87
Eloahdruid,blackhand,1826,druid,balance,63,36,27
Rngmåchinéx,ravencrest,1825,druid,balance,127,83,44
Зетзул,grom,1825,druid,balance,242,131,111
Dizay,xavius,1823,druid,balance,60,40,20
Bearpawzz,kazzak,1823,druid,balance,48,29,19
Melyssea,argent-dawn,1823,druid,balance,59,35,24
Qtrly,ravencrest,1823,druid,balance,56,30,26
Травкер,howling-fjord,1823,druid,balance,305,151,154
Faxotium,argent-dawn,1822,druid,balance,30,21,9
Djemdruid,argent-dawn,1822,druid,balance,42,27,15
Kaalil,argent-dawn,1822,druid,balance,72,40,32
Okøë,marécage-de-zangar,1820,druid,balance,42,26,16
Hyac,the-maelstrom,1819,druid,balance,42,29,13
Shivany,outland,1819,druid,balance,64,40,24
Alxzdru,auchindoun,1819,druid,balance,135,83,52
Хальтенис,gordunni,1819,druid,balance,58,34,24
Andreud,dunemaul,1819,druid,balance,77,37,40
Zâe,archimonde,1818,druid,balance,36,21,15
Sunshinex,silvermoon,1818,druid,balance,96,47,49
Snøø,frostwolf,1817,druid,balance,78,44,34
Captaïn,twisting-nether,1816,druid,balance,36,27,9
Lunahu,argent-dawn,1816,druid,balance,72,42,30
Sylindra,argent-dawn,1815,druid,balance,94,60,34
Astrobazooka,stormreaver,1815,druid,balance,77,48,29
Neirdá,hyjal,1815,druid,balance,191,104,87
Laserchicken,malganis,1815,druid,balance,197,95,102
Gambós,kazzak,1814,druid,balance,35,24,11
Tallu,das-konsortium,1812,druid,balance,60,38,22
Flanders,blackrock,1811,druid,balance,36,25,11
Bashmac,mugthol,1811,druid,balance,72,49,23
Owlbum,grim-batol,1810,druid,balance,48,31,17
Veganvapex,draenor,1810,druid,balance,79,48,31
Sartipus,draenor,1810,druid,balance,78,47,31
Superchïcken,archimonde,1809,druid,balance,36,23,13
Imaginarý,ravencrest,1809,druid,balance,47,26,21
Ccoco,aegwynn,1809,druid,balance,96,49,47
Afret,kazzak,1809,druid,balance,323,164,159
Ferawri,draenor,1808,druid,balance,42,24,18
Scaleo,stormreaver,1808,druid,balance,90,48,42
Citróne,blackrock,1807,druid,balance,24,19,5
Icek,outland,1806,druid,balance,54,33,21
Elunælle,les-sentinelles,1806,druid,balance,126,72,54
Gehrkehotter,silvermoon,1805,druid,balance,90,58,32
Meowcry,outland,1804,druid,balance,66,39,27
Solariah,garona,1804,druid,balance,143,84,59
Cøntrol,argent-dawn,1804,druid,balance,60,34,26
Starcowx,ragnaros,1804,druid,balance,69,38,31
Ruetinjeri,blackmoore,1804,druid,balance,73,38,35
Rnkx,sanguino,1803,druid,balance,57,33,24
Wrldx,twisting-nether,1802,druid,balance,106,61,45
Nuvemone,stormscale,1802,druid,balance,96,53,43
Justyo,archimonde,1801,druid,balance,69,45,24
Geîl,blackrock,1801,druid,balance,42,24,18
Daÿdream,ravencrest,1800,druid,balance,60,39,21
Eselhirte,blackhand,1800,druid,balance,45,27,18
Triskelion,burning-legion,1797,druid,balance,46,28,18
Abyssaldepth,ravencrest,1796,druid,balance,90,62,28
Kribie,aegwynn,1795,druid,balance,60,39,21
Legitx,dentarg,1794,druid,balance,85,46,39
Crunchtime,ragnaros,1792,druid,balance,127,68,59
Klappskaft,outland,1791,druid,balance,35,20,15
Mqs,stormscale,1789,druid,balance,86,56,30
Moonhusky,blackrock,1789,druid,balance,60,36,24
Gurru,xavius,1789,druid,balance,143,71,72
Embrangle,silvermoon,1787,druid,balance,42,27,15
Ventrìx,alleria,1787,druid,balance,84,43,41
Longhornjohn,ragnaros,1784,druid,balance,58,33,25
Trekkertt,zuljin,1784,druid,balance,53,28,25
Trytargetme,outland,1782,druid,balance,42,27,15
Memphiswhx,drakthul,1782,druid,balance,90,45,45
Kivimon,dun-modr,1781,druid,balance,48,31,17
Gudñ,tarren-mill,1781,druid,balance,59,36,23
Calê,blackrock,1781,druid,balance,159,91,68
Vregord,twisting-nether,1779,druid,balance,42,28,14
Låsèrpêwpéw,tarren-mill,1779,druid,balance,78,48,30
Mochiløxz,tarren-mill,1778,druid,balance,127,76,51
Morlán,blackmoore,1777,druid,balance,30,19,11
Яммаккаасии,grom,1776,druid,balance,54,28,26
Darktigrou,archimonde,1775,druid,balance,30,21,9
Zkrd,kazzak,1774,druid,balance,61,33,28
Rivella,blackrock,1774,druid,balance,57,30,27
Лёхалепеха,gordunni,1770,druid,balance,72,44,28
Онличикен,gordunni,1769,druid,balance,132,68,64
Лсдспайсы,soulflayer,1767,druid,balance,69,44,25
Núri,lordaeron,1767,druid,balance,54,31,23
Skarbowka,burning-legion,1766,druid,balance,24,20,4
Shiftowl,tarren-mill,1766,druid,balance,36,25,11
Mirynn,elune,1766,druid,balance,127,64,63
Asinistar,ravencrest,1764,druid,balance,56,32,24
Сосисосочка,gordunni,1761,druid,balance,66,32,34
Ахисса,gordunni,1760,druid,balance,60,29,31
Elgatos,kazzak,1758,druid,balance,24,19,5
Yinx,darksorrow,1758,druid,balance,66,38,28
Escaa,stormscale,1757,druid,balance,36,21,15
Taylorshîft,burning-legion,1757,druid,balance,60,31,29
Shyngodx,archimonde,1755,druid,balance,96,58,38
Kokslina,sylvanas,1755,druid,balance,53,25,28
Euphørie,twisting-nether,1754,druid,balance,193,108,85
Amazed,wildhammer,1753,druid,balance,54,34,20
Brovis,sylvanas,1752,druid,balance,24,19,5
Broflovskii,tarren-mill,1752,druid,balance,60,27,33
Hornykarenn,bladefist,1749,druid,balance,36,25,11
Pneuma,xavius,1749,druid,balance,117,67,50
Подпивасникх,gordunni,1747,druid,balance,36,24,12
Ånaðeårmas,outland,1746,druid,balance,77,47,30
Babynaty,ravencrest,1745,druid,balance,188,91,97
Págánxø,kazzak,1743,druid,balance,53,34,19
Угощаюх,howling-fjord,1743,druid,balance,47,30,17
Stepgødx,twisting-nether,1743,druid,balance,54,24,30
Hotsincee,stormscale,1742,druid,balance,133,76,57
Мариантус,greymane,1742,druid,balance,42,22,20
Brîvaëlle,silvermoon,1740,druid,balance,30,24,6
Dràkàn,dethecus,1739,druid,balance,42,24,18
Meowmf,silvermoon,1738,druid,balance,78,48,30
Gallokiriko,zuljin,1738,druid,balance,66,32,34
Frenkoz,outland,1737,druid,balance,72,43,29
Fuzzylol,haomarush,1736,druid,balance,41,24,17
Leqt,ravencrest,1736,druid,balance,84,49,35
Connorz,blackmoore,1735,druid,balance,46,27,19
Cioaralba,sylvanas,1734,druid,balance,45,26,19
Bigbaddream,stormscale,1733,druid,balance,60,34,26
Isuckdruid,aegwynn,1733,druid,balance,100,56,44
Nerem,blackrock,1733,druid,balance,48,23,25
Jenovas,argent-dawn,1730,druid,balance,75,38,37
Мягкийвисп,howling-fjord,1729,druid,balance,72,41,31
Трэйкотик,blackscar,1728,druid,balance,71,41,30
Tâliah,silvermoon,1726,druid,balance,48,32,16
Pultsarí,tarren-mill,1725,druid,balance,39,24,15
Pouletqt,archimonde,1723,druid,balance,42,21,21
Píøøx,tarren-mill,1722,druid,balance,84,53,31
Oommis,outland,1722,druid,balance,48,28,20
Eddiethepunk,ravencrest,1722,druid,balance,207,117,90
Pwnylol,teldrassil,1721,druid,balance,70,46,24
Даена,razuvious,1719,druid,balance,36,27,9
Xyzy,burning-legion,1719,druid,balance,96,48,48
Hugeragê,stormreaver,1719,druid,balance,71,33,38
Kalgarm,burning-legion,1719,druid,balance,66,29,37
Quadpulse,ravencrest,1718,druid,balance,36,18,18
Juicew,stormscale,1717,druid,balance,24,18,6
Hymìr,silvermoon,1717,druid,balance,65,35,30
Melby,tarren-mill,1717,druid,balance,42,21,21
Shakeme,zuljin,1716,druid,balance,48,25,23
Crywingz,antonidas,1716,druid,balance,66,30,36
Pikatwo,tyrande,1715,druid,balance,24,18,6
Khålêd,kazzak,1714,druid,balance,52,38,14
Orangeterror,stormscale,1714,druid,balance,48,30,18
Yapyapyapyap,eredar,1713,druid,balance,42,25,17
Kabuul,dun-modr,1712,druid,balance,119,74,45
Владибой,gordunni,1712,druid,balance,36,18,18
Madhatterr,kazzak,1710,druid,balance,90,60,30
Scars,outland,1710,druid,balance,30,18,12
Bîjaqt,blackmoore,1710,druid,balance,30,18,12
Dreathqt,twisting-nether,1708,druid,balance,72,33,39
Kørra,dun-modr,1707,druid,balance,73,42,31
Gigacooker,ravencrest,1706,druid,balance,36,26,10
Moonfirecow,thrall,1706,druid,balance,54,32,22
Slahnesh,aegwynn,1706,druid,balance,48,26,22
Kënzo,ravencrest,1705,druid,balance,79,50,29
Каралесер,gordunni,1705,druid,balance,145,81,64
Linkin,azshara,1704,druid,balance,102,53,49
Naturez,sylvanas,1704,druid,balance,74,37,37
Mikhaili,stormreaver,1703,druid,balance,30,18,12
Nerfmemaybe,blackmoore,1702,druid,balance,29,20,9
Yuhor,outland,1702,druid,balance,202,107,95
Жизэ,galakrond,1701,druid,balance,50,36,14
Elissian,silvermoon,1701,druid,balance,223,117,106
Dyroxs,twisting-nether,1701,druid,balance,160,77,83
Neufcinqq,archimonde,1700,druid,balance,39,26,13
Cupoftea,drakthul,1699,druid,balance,83,54,29
Мэдикейт,soulflayer,1699,druid,balance,66,40,26
Thardruid,stormscale,1699,druid,balance,72,42,30
Blanoz,ravencrest,1699,druid,balance,48,21,27
Htxo,kazzak,1698,druid,balance,30,18,12
Сибирячечка,greymane,1698,druid,balance,101,55,46
Cryspie,hyjal,1697,druid,balance,42,23,19
Raykk,culte-de-la-rive-noire,1696,druid,balance,30,18,12
Pyaw,kazzak,1693,druid,balance,48,30,18
Större,twisting-nether,1692,druid,balance,50,36,14
Nastyclones,kazzak,1691,druid,balance,36,21,15
Adizero,blackrock,1688,druid,balance,31,20,11
Néxct,stormscale,1688,druid,balance,36,22,14
Durkdriven,kazzak,1687,druid,balance,51,29,22
Msb,the-maelstrom,1687,druid,balance,36,18,18
Gnoobr,ravencrest,1686,druid,balance,24,18,6
Cyriaan,eredar,1686,druid,balance,101,55,46
Zerozerosex,archimonde,1686,druid,balance,54,25,29
Güccïmane,twisting-nether,1685,druid,balance,72,53,19
Cowgurl,stormscale,1682,druid,balance,48,27,21
Moffwastaken,kazzak,1682,druid,balance,147,77,70
Loethen,argent-dawn,1680,druid,balance,70,49,21
Mäismz,hyjal,1680,druid,balance,54,37,17
Thielyy,blackmoore,1679,druid,balance,65,38,27
Zeptune,tarren-mill,1677,druid,balance,126,59,67
Highonfire,grim-batol,1676,druid,balance,60,41,19
Dotclass,outland,1675,druid,balance,44,25,19
Iamobito,blackmoore,1674,druid,balance,36,22,14
Totemdrood,blackmoore,1673,druid,balance,30,20,10
Leywä,drekthar,1673,druid,balance,35,21,14
Хрофт,blackscar,1672,druid,balance,48,22,26
Taurendruid,the-maelstrom,1670,druid,balance,96,51,45
Cptnclone,blackmoore,1669,druid,balance,72,38,34
Воому,soulflayer,1668,druid,balance,30,22,8
Drcaøs,sanguino,1668,druid,balance,84,47,37
Yarinai,blackmoore,1668,druid,balance,66,36,30
Maladorf,draenor,1667,druid,balance,30,21,9
Aleza,tarren-mill,1667,druid,balance,45,26,19
Esrín,the-maelstrom,1667,druid,balance,98,52,46
Bobobobobobo,blackrock,1666,druid,balance,78,48,30
Settembre,ragnaros,1664,druid,balance,69,40,29
Shroomdoom,ravencrest,1664,druid,balance,41,19,22
Suprachybre,arathi,1662,druid,balance,48,31,17
Stb,outland,1662,druid,balance,42,23,19
Shapeshift,sanguino,1659,druid,balance,62,34,28
Suevlaki,ragnaros,1658,druid,balance,108,68,40
Møømøø,tarren-mill,1658,druid,balance,30,18,12
Nönö,tarren-mill,1657,druid,balance,36,21,15
Bàrathrum,blackrock,1657,druid,balance,48,27,21
Kaïnak,dalaran,1657,druid,balance,48,25,23
Jamzydruid,kazzak,1657,druid,balance,72,37,35
Shaakm,nerathor,1656,druid,balance,54,32,22
Hilom,grim-batol,1656,druid,balance,36,21,15
Svend,kazzak,1653,druid,balance,59,36,23
Baboss,chogall,1652,druid,balance,54,29,25
Shreedex,blackmoore,1651,druid,balance,66,41,25
Malvakten,kazzak,1651,druid,balance,188,92,96
ßoom,antonidas,1650,druid,balance,53,28,25
Nizkul,dun-modr,1649,druid,balance,61,34,27
Thcpositiv,aegwynn,1649,druid,balance,104,47,57
Troc,karazhan,1648,druid,balance,30,21,9
Macron,terokkar,1648,druid,balance,64,35,29
Kabòöóm,outland,1647,druid,balance,42,25,17
Grisdrood,draenor,1647,druid,balance,161,82,79
Ampdru,ravencrest,1644,druid,balance,23,18,5
Hyunâ,dalaran,1644,druid,balance,48,30,18
Twitchmoney,archimonde,1643,druid,balance,32,24,8
Øffroadz,blackmoore,1643,druid,balance,30,20,10
Holziger,azshara,1643,druid,balance,51,32,19
Kittenmitten,ragnaros,1643,druid,balance,130,76,54
Мэдикейт,gordunni,1643,druid,balance,60,33,27
Chäz,sanguino,1642,druid,balance,44,34,10
Pradasurge,ravencrest,1642,druid,balance,149,81,68
Ploho,blackmoore,1642,druid,balance,39,19,20
Фигарофигаро,gordunni,1641,druid,balance,66,35,31
Xoap,kazzak,1640,druid,balance,30,21,9
Хотдиллер,howling-fjord,1639,druid,balance,30,20,10
Zapx,hyjal,1639,druid,balance,90,50,40
Drutro,hellfire,1639,druid,balance,54,27,27
Meganfoxdq,sanguino,1638,druid,balance,82,53,29
Convokeboost,archimonde,1638,druid,balance,199,120,79
Blood,frostwolf,1638,druid,balance,42,24,18
Shiftcaster,ravencrest,1638,druid,balance,48,22,26
Npml,tarren-mill,1637,druid,balance,29,18,11
Obrys,tarren-mill,1637,druid,balance,42,21,21
Gotnaga,silvermoon,1636,druid,balance,30,20,10
Illmíndofboo,twisting-nether,1636,druid,balance,41,26,15
Grafíx,blackrock,1636,druid,balance,30,18,12
Sagezza,draenor,1636,druid,balance,153,83,70
Derfaï,kaelthas,1636,druid,balance,41,21,20
Kl,archimonde,1636,druid,balance,96,45,51
Gretathnberg,ravencrest,1635,druid,balance,38,20,18
Deví,twilights-hammer,1634,druid,balance,48,30,18
Bobcup,tarren-mill,1634,druid,balance,97,55,42
Naturalbeef,argent-dawn,1634,druid,balance,40,22,18
Слоич,howling-fjord,1634,druid,balance,146,71,75
Batmòn,stormscale,1633,druid,balance,75,37,38
Knuffle,eredar,1631,druid,balance,82,52,30
Rekked,alleria,1631,druid,balance,42,23,19
Bøøstèdtréè,ravencrest,1631,druid,balance,126,66,60
Masakrelol,sanguino,1631,druid,balance,36,18,18
Felysae,kazzak,1630,druid,balance,24,17,7
Feralenjoyer,drakthul,1630,druid,balance,30,17,13
Squirtdogx,drakthul,1630,druid,balance,30,17,13
Добродейтель,soulflayer,1629,druid,balance,71,50,21
Izzual,tarren-mill,1628,druid,balance,36,20,16
Èøèøèøèøè,stormscale,1627,druid,balance,18,17,1
Bubadruid,silvermoon,1627,druid,balance,50,37,13
Nergi,darksorrow,1627,druid,balance,35,22,13
Pikamoo,kazzak,1627,druid,balance,35,20,15
Vulkayn,ysondre,1627,druid,balance,42,22,20
Jaycutler,archimonde,1627,druid,balance,72,36,36
Иггдрасиль,gordunni,1625,druid,balance,103,61,42
Zonsy,twisting-nether,1625,druid,balance,42,20,22
Ykg,twisting-nether,1624,druid,balance,39,24,15
Zømßie,outland,1624,druid,balance,78,45,33
Kkona,silvermoon,1624,druid,balance,77,41,36
Superdr,ragnaros,1623,druid,balance,22,19,3
Çhîñêséðrüîð,kazzak,1623,druid,balance,36,21,15
Hirmo,ragnaros,1623,druid,balance,52,30,22
Grisdrood,ragnaros,1623,druid,balance,54,31,23
Kittyexpress,arygos,1623,druid,balance,48,25,23
Мунстрайк,borean-tundra,1622,druid,balance,35,23,12
Rassia,blackrock,1622,druid,balance,60,39,21
Храш,gordunni,1622,druid,balance,29,18,11
Yosimoo,draenor,1622,druid,balance,72,43,29
Merfje,karazhan,1622,druid,balance,36,17,19
Светдру,blackscar,1621,druid,balance,24,17,7
Trinket,frostmane,1620,druid,balance,36,26,10
Thundruid,archimonde,1620,druid,balance,30,18,12
Kåmen,ravenholdt,1620,druid,balance,91,53,38
Rasgath,kazzak,1620,druid,balance,285,157,128
Moonzysunzy,sylvanas,1620,druid,balance,36,17,19
Landesverrat,kazzak,1619,druid,balance,24,21,3
Rosskemp,tarren-mill,1619,druid,balance,24,17,7
Arecsne,turalyon,1619,druid,balance,62,34,28
Колтрэйнх,fordragon,1619,druid,balance,35,19,16
Døttore,garona,1619,druid,balance,122,63,59
Whisker,outland,1618,druid,balance,24,17,7
Youngdinozzo,dalaran,1618,druid,balance,35,23,12
Damigjat,sylvanas,1618,druid,balance,215,123,92
Mendorin,stormrage,1618,druid,balance,69,36,33
Ícekiss,hyjal,1617,druid,balance,30,24,6
Cantdonothig,ravencrest,1617,druid,balance,227,120,107
Ryuzu,aegwynn,1616,druid,balance,79,45,34
Fabuboomy,blackrock,1616,druid,balance,30,17,13
Alessàsavage,nemesis,1616,druid,balance,36,18,18
Xirbtihs,stormscale,1615,druid,balance,50,32,18
Panpanqcul,archimonde,1615,druid,balance,52,31,21
Âlhajillo,dun-modr,1615,druid,balance,30,17,13
Klørfem,draenor,1614,druid,balance,36,21,15
Teebeidl,tarren-mill,1613,druid,balance,30,22,8
Happybear,outland,1613,druid,balance,63,46,17
Horadruid,silvermoon,1613,druid,balance,268,147,121
Gòrgoth,pozzo-delleternità,1613,druid,balance,42,23,19
Exilara,twisting-nether,1612,druid,balance,61,38,23
Бонони,booty-bay,1612,druid,balance,84,42,42
Rá,outland,1611,druid,balance,32,22,10
Xenuss,kazzak,1611,druid,balance,36,22,14
Pëchy,aggra-português,1611,druid,balance,66,39,27
Åkømo,aegwynn,1610,druid,balance,36,21,15
Deadmeøw,outland,1609,druid,balance,34,21,13
Zevis,outland,1609,druid,balance,114,60,54
Deepak,nemesis,1609,druid,balance,42,21,21
Boomykush,twisting-nether,1608,druid,balance,74,42,32
Doncy,ragnaros,1607,druid,balance,54,24,30
Sqoopy,tarren-mill,1606,druid,balance,36,27,9
Ryng,nagrand,1606,druid,balance,60,41,19
Porzi,eredar,1606,druid,balance,66,41,25
Lillevän,tarren-mill,1606,druid,balance,30,18,12
Noou,aegwynn,1606,druid,balance,46,25,21
Scamlafsen,ragnaros,1606,druid,balance,42,22,20
Neverpanic,stormscale,1605,druid,balance,30,21,9
Newdudu,draenor,1605,druid,balance,36,24,12
Bompfer,blackmoore,1605,druid,balance,30,19,11
Séxycàt,ravencrest,1605,druid,balance,135,74,61
Isylia,twisting-nether,1605,druid,balance,72,36,36
Balencìága,sanguino,1604,druid,balance,41,26,15
Owenwilson,twisting-nether,1604,druid,balance,36,22,14
Rode,magtheridon,1604,druid,balance,129,75,54
Taveirasurge,kazzak,1603,druid,balance,30,22,8
Alamâ,madmortem,1603,druid,balance,48,21,27
Dematos,forscherliga,1602,druid,balance,114,68,46
Ashleyx,antonidas,1601,druid,balance,24,19,5
Nomilkforyou,steamwheedle-cartel,1601,druid,balance,63,39,24
Niul,aegwynn,1601,druid,balance,146,83,63
Goom,rexxar,1600,druid,balance,214,124,90
Зенза,howling-fjord,1600,druid,balance,48,26,22
Mopferal,twisting-nether,1599,druid,balance,36,28,8
Bigtouch,draenor,1597,druid,balance,54,31,23
Phobidru,thrall,1595,druid,balance,30,19,11
Hashishi,grim-batol,1594,druid,balance,72,40,32
Malfurien,magtheridon,1593,druid,balance,30,17,13
Àspro,hyjal,1591,druid,balance,42,21,21
Buurzalbai,drakthul,1590,druid,balance,54,30,24
Rwq,outland,1590,druid,balance,57,30,27
Saltymoo,tarren-mill,1589,druid,balance,41,24,17
Ôp,aegwynn,1589,druid,balance,65,31,34
Wildrice,blackhand,1588,druid,balance,53,28,25
Truffleßuttr,kazzak,1587,druid,balance,30,17,13
Xä,bloodscalp,1587,druid,balance,159,86,73
Veyronn,burning-legion,1586,druid,balance,48,25,23
Vitaex,blackrock,1585,druid,balance,30,20,10
Magnusson,shadowsong,1585,druid,balance,90,59,31
Laødinay,hyjal,1585,druid,balance,42,22,20
Elatadru,silvermoon,1583,druid,balance,36,18,18
Jaiyen,ravencrest,1582,druid,balance,41,28,13
Óffstér,kazzak,1582,druid,balance,60,19,41
Kroaxs,draenor,1581,druid,balance,127,76,51
Vaacku,stormreaver,1581,druid,balance,64,34,30
Аласторвов,deathweaver,1580,druid,balance,72,33,39
Teaser,dun-modr,1579,druid,balance,54,28,26
Moler,hyjal,1577,druid,balance,36,29,7
Hillarious,blackmoore,1576,druid,balance,99,58,41
Goüsta,archimonde,1576,druid,balance,60,35,25
Ittei,korgall,1575,druid,balance,36,22,14
Kylaaz,die-ewige-wacht,1574,druid,balance,69,42,27
Amoveo,argent-dawn,1574,druid,balance,56,31,25
Mjáy,tarren-mill,1574,druid,balance,36,19,17
Redlung,outland,1573,druid,balance,30,18,12
Nevermeldx,blackrock,1573,druid,balance,29,17,12
Deepqt,kargath,1573,druid,balance,60,32,28
Merawr,ravencrest,1573,druid,balance,129,66,63
Сансплэш,lich-king,1572,druid,balance,24,20,4
Drutiful,outland,1571,druid,balance,42,21,21
Diggear,doomhammer,1570,druid,balance,30,21,9
Halouest,archimonde,1570,druid,balance,77,42,35
Bôoze,nathrezim,1569,druid,balance,36,19,17
Rhaf,argent-dawn,1568,druid,balance,114,66,48
Cptsponksa,tarren-mill,1566,druid,balance,101,56,45
Topfrag,outland,1566,druid,balance,42,22,20
Møønhorn,nemesis,1565,druid,balance,119,64,55
Pewpewdruid,blackmoore,1565,druid,balance,126,67,59
Amøveo,draenor,1564,druid,balance,42,20,22
Elodìa,antonidas,1561,druid,balance,30,21,9
Hotlife,ravencrest,1559,druid,balance,55,29,26
Starcrash,amanthul,1559,druid,balance,60,28,32
Ðelix,ysera,1558,druid,balance,62,37,25
Sequisha,tarren-mill,1555,druid,balance,30,17,13
Kubzii,archimonde,1555,druid,balance,72,37,35
Урркке,soulflayer,1552,druid,balance,48,29,19
Obsessíon,kazzak,1551,druid,balance,48,24,24
Баттнэйкед,gordunni,1551,druid,balance,83,41,42
Wildmistake,argent-dawn,1550,druid,balance,35,17,18
Potatodru,ragnaros,1549,druid,balance,30,17,13
Haanook,ravencrest,1549,druid,balance,88,46,42
Бамболони,gordunni,1548,druid,balance,92,56,36
Грибомания,soulflayer,1548,druid,balance,35,18,17
Majokz,ravencrest,1547,druid,balance,74,37,37
Кыцко,soulflayer,1546,druid,balance,63,32,31
Frikolina,outland,1543,druid,balance,92,46,46
Hollymedx,blackmoore,1542,druid,balance,74,42,32
Rivenx,ravencrest,1541,druid,balance,41,25,16
Pawel,defias-brotherhood,1541,druid,balance,119,61,58
Zhof,ravencrest,1540,druid,balance,130,63,67
Mianmar,silvermoon,1539,druid,balance,131,80,51
Algír,argent-dawn,1539,druid,balance,107,53,54
Notmyfriend,sylvanas,1538,druid,balance,41,28,13
Stinkyicky,sylvanas,1538,druid,balance,48,30,18
Spaceshift,magtheridon,1537,druid,balance,87,51,36
Alethorn,twisting-nether,1536,druid,balance,31,21,10
Lazerbinks,blackmoore,1536,druid,balance,29,18,11
Azurai,blackmoore,1536,druid,balance,60,31,29
Jazzme,aegwynn,1535,druid,balance,24,16,8
Winarchikxxl,tarren-mill,1535,druid,balance,176,92,84
Seboom,outland,1534,druid,balance,114,65,49
Whythis,archimonde,1534,druid,balance,134,69,65
Druidflight,ravencrest,1534,druid,balance,48,24,24
Maaw,tarren-mill,1533,druid,balance,42,23,19
Dharli,stormscale,1533,druid,balance,36,17,19
Thaeris,outland,1531,druid,balance,28,17,11
Mindruid,kazzak,1531,druid,balance,30,18,12
Gstahr,taerar,1530,druid,balance,64,34,30
Catten,sylvanas,1529,druid,balance,30,17,13
Whiskers,emerald-dream,1529,druid,balance,84,44,40
Monkeynight,ambossar,1529,druid,balance,35,18,17
Ljóskan,kazzak,1528,druid,balance,36,16,20
Zì,stormscale,1527,druid,balance,36,19,17
Fantomasik,drakthul,1527,druid,balance,148,68,80
Bashfui,draenor,1526,druid,balance,66,38,28
Migami,nemesis,1526,druid,balance,36,18,18
Uptoyou,defias-brotherhood,1524,druid,balance,65,38,27
Leathy,eredar,1524,druid,balance,60,35,25
Lisbethqt,nemesis,1523,druid,balance,24,16,8
Healol,sanguino,1523,druid,balance,63,36,27
Muhz,nathrezim,1523,druid,balance,58,32,26
Crackfat,stormscale,1521,druid,balance,52,34,18
Chansnax,thrall,1519,druid,balance,52,29,23
Exca,stormscale,1519,druid,balance,54,28,26
Shedzokey,tarren-mill,1517,druid,balance,48,30,18
Brainjuice,blackrock,1517,druid,balance,30,16,14
Ylmh,archimonde,1516,druid,balance,24,16,8
Elrroir,dun-modr,1516,druid,balance,42,24,18
Feralspîrît,outland,1516,druid,balance,30,17,13
Brokul,kazzak,1516,druid,balance,48,25,23
Saqartvelo,tarren-mill,1515,druid,balance,42,21,21
Грандал,howling-fjord,1515,druid,balance,60,27,33
Kalthazar,twisting-nether,1513,druid,balance,30,16,14
Schannine,archimonde,1513,druid,balance,41,20,21
Beanery,aegwynn,1512,druid,balance,24,16,8
Opla,nethersturm,1510,druid,balance,40,27,13
Saabeq,hyjal,1509,druid,balance,38,22,16
Ðrpressure,blackrock,1508,druid,balance,120,72,48
Aègon,ravencrest,1508,druid,balance,83,48,35
Aetheris,varimathras,1508,druid,balance,50,24,26
Druidka,grim-batol,1507,druid,balance,42,20,22
Pórts,kazzak,1507,druid,balance,42,20,22
Andjuga,doomhammer,1506,druid,balance,124,59,65
Elfsu,ravencrest,1505,druid,balance,42,29,13
Gurudru,tarren-mill,1505,druid,balance,96,41,55
Moonwatcher,blackrock,1503,druid,balance,108,62,46
Lasertipu,tarren-mill,1502,druid,balance,41,22,19
Анестезий,soulflayer,1501,druid,balance,54,41,13
Skadruid,blackmoore,1499,druid,balance,60,30,30
Symbiosa,silvermoon,1498,druid,balance,30,21,9
Trylune,blackmoore,1498,druid,balance,30,17,13
Karodoom,twisting-nether,1497,druid,balance,125,68,57
Brandyballix,twisting-nether,1497,druid,balance,110,54,56
Sweetner,outland,1495,druid,balance,58,35,23
Gorthunx,kazzak,1494,druid,balance,28,19,9
Гнетея,howling-fjord,1494,druid,balance,53,30,23
Carismatic,blackmoore,1494,druid,balance,224,116,108
Milkywáys,draenor,1491,druid,balance,130,63,67
Nøny,gorgonnash,1489,druid,balance,48,28,20
Restouz,twisting-nether,1489,druid,balance,123,63,60
Woodzey,sylvanas,1489,druid,balance,36,18,18
Kittyperry,blackmoore,1489,druid,balance,41,20,21
Quorn,pozzo-delleternità,1489,druid,balance,59,28,31
Duis,twilights-hammer,1488,druid,balance,44,22,22
Jöggel,perenolde,1485,druid,balance,30,21,9
Sodapop,aszune,1485,druid,balance,114,64,50
Муниня,gordunni,1485,druid,balance,60,32,28
Arkatt,outland,1482,druid,balance,36,24,12
Seudoz,silvermoon,1482,druid,balance,48,29,19
Kolt,rajaxx,1481,druid,balance,62,32,30
Pyqmi,stormscale,1479,druid,balance,36,23,13
Yiradur,stormscale,1479,druid,balance,90,47,43
Demonbalance,silvermoon,1478,druid,balance,64,39,25
Likwidator,stormscale,1477,druid,balance,88,51,37
Pitbull,archimonde,1476,druid,balance,36,17,19
Редмун,soulflayer,1474,druid,balance,84,46,38
Báco,dun-modr,1473,druid,balance,36,17,19
Kbdd,outland,1472,druid,balance,36,16,20
Lèafy,silvermoon,1470,druid,balance,37,22,15
Prinzfarming,mugthol,1469,druid,balance,57,29,28
Mønrøe,ravencrest,1467,druid,balance,29,17,12
Ddggss,ragnaros,1466,druid,balance,37,21,16
Ziele,the-maelstrom,1465,druid,balance,40,23,17
Chillerin,draenor,1465,druid,balance,42,23,19
Pfandmalle,blackrock,1464,druid,balance,36,24,12
Lashketchum,aszune,1463,druid,balance,42,27,15
Sefinana,malganis,1463,druid,balance,132,60,72
Vaizier,defias-brotherhood,1462,druid,balance,119,60,59
Viverion,ravencrest,1461,druid,balance,68,35,33
Meatwallet,defias-brotherhood,1460,druid,balance,41,24,17
Lyø,draenor,1460,druid,balance,80,46,34
Magiskeforme,draenor,1459,druid,balance,32,22,10
Entas,kazzak,1459,druid,balance,36,24,12
Kamzik,drakthul,1459,druid,balance,36,19,17
Primdâhl,ravencrest,1459,druid,balance,60,31,29
Fiomy,blackhand,1458,druid,balance,47,36,11
Almrudi,blackrock,1456,druid,balance,42,20,22
Dabudi,kazzak,1455,druid,balance,57,32,25
Wildanomaly,argent-dawn,1455,druid,balance,64,32,32
Drøøkîé,antonidas,1454,druid,balance,111,62,49
Czarnykocur,burning-legion,1452,druid,balance,102,57,45
Kuhgucci,blackmoore,1451,druid,balance,30,16,14
Gúccî,blackrock,1450,druid,balance,30,22,8
Frodds,grim-batol,1448,druid,balance,30,25,5
Abercrombx,thrall,1448,druid,balance,38,21,17
Aik,gorgonnash,1448,druid,balance,60,30,30
Karolg,tyrande,1448,druid,balance,63,30,33
Mahist,archimonde,1447,druid,balance,54,31,23
Кортанус,gordunni,1447,druid,balance,39,21,18
Tawaraki,outland,1444,druid,balance,156,84,72
Dudana,argent-dawn,1441,druid,balance,48,29,19
Anahots,silvermoon,1441,druid,balance,111,55,56
Duridlol,nemesis,1439,druid,balance,18,15,3
Dudmæster,blackmoore,1439,druid,balance,33,18,15
Lappe,stormreaver,1439,druid,balance,30,15,15
Ferraridudux,ravencrest,1437,druid,balance,18,15,3
Vamix,aegwynn,1437,druid,balance,18,15,3
Chángé,draenor,1437,druid,balance,36,23,13
Shuffey,frostmane,1437,druid,balance,45,24,21
Duskdawn,xavius,1434,druid,balance,60,30,30
Kørn,drakthul,1433,druid,balance,61,28,33
Syremark,silvermoon,1433,druid,balance,36,16,20
Restromide,ravencrest,1432,druid,balance,30,15,15
Mogi,pozzo-delleternità,1432,druid,balance,75,35,40
Skywíng,stormscale,1432,druid,balance,42,19,23
Maelkan,sanguino,1432,druid,balance,58,26,32
Tøyz,stormscale,1431,druid,balance,18,15,3
Óðinn,stormscale,1431,druid,balance,18,15,3
Juvencus,twisting-nether,1431,druid,balance,24,15,9
Chouwa,korgall,1431,druid,balance,65,38,27
Blackfür,sylvanas,1431,druid,balance,80,36,44
Ovérheal,ravencrest,1430,druid,balance,21,16,5
Farmerone,tarren-mill,1430,druid,balance,90,53,37
Tonutc,sanguino,1430,druid,balance,51,25,26
Krathar,kazzak,1430,druid,balance,36,15,21
Ibnform,archimonde,1429,druid,balance,18,15,3
Lxz,blackhand,1429,druid,balance,52,23,29
Kazuid,argent-dawn,1428,druid,balance,38,24,14
Vëgâñgøðx,ragnaros,1428,druid,balance,24,15,9
Крейзикет,eversong,1427,druid,balance,24,15,9
Chúcky,twisting-nether,1427,druid,balance,73,41,32
Fluffeh,doomhammer,1426,druid,balance,36,22,14
Littleneo,ambossar,1426,druid,balance,47,22,25
Dypas,chogall,1425,druid,balance,36,20,16
Däkk,draenor,1425,druid,balance,72,32,40
Anabola,frostwhisper,1423,druid,balance,24,15,9
Inghlo,blackmoore,1423,druid,balance,53,29,24
Rilak,nordrassil,1423,druid,balance,94,49,45
Mørshac,blackrock,1422,druid,balance,24,15,9
Wize,pozzo-delleternità,1422,druid,balance,56,27,29
Chrevarraige,saurfang,1421,druid,balance,132,72,60
Dantet,the-maelstrom,1421,druid,balance,30,15,15
Petiteorange,archimonde,1420,druid,balance,24,16,8
Кектахан,soulflayer,1420,druid,balance,24,15,9
Reed,sylvanas,1420,druid,balance,30,15,15
Applestrudle,blackrock,1420,druid,balance,54,24,30
Екфта,gordunni,1419,druid,balance,36,18,18
Fransman,sylvanas,1419,druid,balance,41,19,22
Kanataka,stormscale,1418,druid,balance,54,32,22
Guthíx,silvermoon,1418,druid,balance,60,26,34
Salseo,uldum,1416,druid,balance,66,44,22
Levéltetü,ragnaros,1416,druid,balance,24,15,9
Мантоя,gordunni,1416,druid,balance,119,64,55
Carebearlol,frostmane,1416,druid,balance,42,17,25
Ashkaxx,ragnaros,1415,druid,balance,36,18,18
Smuktøs,twisting-nether,1414,druid,balance,45,31,14
Storpboom,drakthul,1414,druid,balance,96,56,40
Cyclønegodxd,dentarg,1413,druid,balance,24,17,7
Hypam,archimonde,1413,druid,balance,42,19,23
Chispiwini,cthun,1412,druid,balance,49,25,24
Calambius,blackhand,1411,druid,balance,30,15,15
Fruitdealer,antonidas,1410,druid,balance,42,23,19
Шубаиздуба,howling-fjord,1409,druid,balance,60,33,27
Матумбо,razuvious,1409,druid,balance,270,134,136
Strinx,ragnaros,1407,druid,balance,84,51,33
Izzi,arathor,1405,druid,balance,56,31,25
Rbgbear,blackhand,1403,druid,balance,59,32,27
Rrayed,kazzak,1402,druid,balance,64,42,22
Hisoca,tarren-mill,1402,druid,balance,102,57,45
Itadorikun,silvermoon,1401,druid,balance,71,41,30
Asterism,stormscale,1401,druid,balance,123,66,57
Jejoueferal,chogall,1401,druid,balance,90,45,45
Rédbull,outland,1400,druid,balance,88,46,42
Xyiz,ravencrest,1399,druid,balance,80,42,38
Boomalot,auchindoun,1399,druid,balance,48,25,23
Keynn,kazzak,1399,druid,balance,66,29,37
Eärendir,ravencrest,1398,druid,balance,167,81,86
Ramgis,sanguino,1397,druid,balance,36,17,19
Weisslogia,aegwynn,1397,druid,balance,71,33,38
Mercmydude,ravencrest,1396,druid,balance,63,30,33
Krtt,tarren-mill,1395,druid,balance,135,64,71
Nujus,kazzak,1394,druid,balance,30,15,15
Kénshin,blackhand,1392,druid,balance,30,15,15
Irishdemón,ravencrest,1391,druid,balance,84,45,39
Pantheraa,twisting-nether,1388,druid,balance,55,35,20
Cowárd,blackmoore,1388,druid,balance,38,18,20
Couleaf,stormscale,1387,druid,balance,31,22,9
Icetep,sargeras,1386,druid,balance,60,30,30
Джоннчек,gordunni,1385,druid,balance,46,29,17
Bëndover,uldaman,1384,druid,balance,24,15,9
Стампид,blackscar,1382,druid,balance,85,47,38
Catsgomeow,outland,1382,druid,balance,48,24,24
Rinjindin,eredar,1376,druid,balance,42,24,18
Boomzter,frostmane,1376,druid,balance,42,20,22
Rexiehunty,aszune,1376,druid,balance,59,28,31
Æîîs,blackrock,1373,druid,balance,63,36,27
Тёмныйзверь,borean-tundra,1373,druid,balance,84,43,41
Megaball,sylvanas,1372,druid,balance,72,44,28
Telbo,ravencrest,1372,druid,balance,77,41,36
Jarko,ysondre,1372,druid,balance,104,46,58
Neova,dun-modr,1371,druid,balance,57,29,28
Hackamore,archimonde,1371,druid,balance,36,16,20
Pø,blackrock,1371,druid,balance,59,26,33
Owlcápown,ravencrest,1370,druid,balance,30,15,15
Mayhh,ragnaros,1369,druid,balance,143,79,64
Elonax,eredar,1368,druid,balance,38,24,14
Pøpp,archimonde,1367,druid,balance,23,15,8
Druidboss,tarren-mill,1366,druid,balance,84,46,38
Chrîslol,twisting-nether,1366,druid,balance,103,49,54
Arreton,silvermoon,1365,druid,balance,22,15,7
Shìrò,kelthuzad,1365,druid,balance,48,24,24
Heanra,frostmane,1363,druid,balance,35,22,13
Ðiàblos,nemesis,1363,druid,balance,72,41,31
Insølitø,sanguino,1363,druid,balance,69,35,34
Yungle,stormscale,1363,druid,balance,48,20,28
Druiddamage,the-maelstrom,1362,druid,balance,224,117,107
Ketama,sylvanas,1362,druid,balance,60,30,30
Kimba,onyxia,1361,druid,balance,36,23,13
Wazam,kazzak,1359,druid,balance,38,26,12
Амахасла,deathweaver,1358,druid,balance,66,38,28
Catmøm,blackmoore,1357,druid,balance,94,47,47
Hauntie,kazzak,1356,druid,balance,36,19,17
Nyetoo,dun-modr,1355,druid,balance,85,38,47
Ennelle,silvermoon,1353,druid,balance,38,23,15
Endoth,blackrock,1352,druid,balance,38,20,18
Zhroomx,blackmoore,1351,druid,balance,44,20,24
Xclonedotcom,aegwynn,1348,druid,balance,42,27,15
Druidere,outland,1348,druid,balance,66,32,34
Freakyo,blackrock,1347,druid,balance,29,15,14
Bum,ravencrest,1344,druid,balance,18,14,4
Divref,tarren-mill,1343,druid,balance,18,14,4
Broxisqt,blackrock,1343,druid,balance,24,14,10
Wenciorek,kazzak,1343,druid,balance,36,17,19
Suppencaster,frostwolf,1342,druid,balance,18,14,4
Heav,kiljaeden,1342,druid,balance,29,19,10
Pôpcorn,ragnaros,1342,druid,balance,54,33,21
Ravneskrig,ravencrest,1340,druid,balance,18,14,4
Patchlølx,blackmoore,1339,druid,balance,39,24,15
Treesus,blackrock,1339,druid,balance,24,14,10
Huxleyys,draenor,1339,druid,balance,24,14,10
Santoniq,dun-morogh,1339,druid,balance,162,79,83
Seysso,silvermoon,1339,druid,balance,66,29,37
Kittyboomy,burning-blade,1338,druid,balance,69,33,36
Threesixnìne,dun-morogh,1337,druid,balance,36,14,22
Insanexp,antonidas,1336,druid,balance,19,14,5
Nuqa,thrall,1336,druid,balance,21,15,6
Illebra,defias-brotherhood,1336,druid,balance,24,14,10
Buhuu,blackmoore,1336,druid,balance,78,38,40
Milantu,antonidas,1335,druid,balance,24,14,10
Beamgødx,thrall,1333,druid,balance,22,15,7
Забурсчу,howling-fjord,1333,druid,balance,30,20,10
Soward,la-croisade-écarlate,1331,druid,balance,38,17,21
Stìck,archimonde,1330,druid,balance,65,34,31
Kermit,die-aldor,1330,druid,balance,78,35,43
Sanaponic,burning-legion,1329,druid,balance,24,14,10
Arrakiz,sanguino,1328,druid,balance,53,36,17
Mirikastiko,korgall,1328,druid,balance,24,14,10
Trydru,blackmoore,1328,druid,balance,48,27,21
Хастла,galakrond,1326,druid,balance,24,14,10
Kâllîsto,eredar,1325,druid,balance,30,14,16
Fruntimmern,sylvanas,1323,druid,balance,24,14,10
Экстазиус,borean-tundra,1321,druid,balance,42,14,28
Lucidx,blackrock,1319,druid,balance,54,20,34
Кекичшрекич,soulflayer,1318,druid,balance,54,25,29
Stêvé,silvermoon,1317,druid,balance,38,25,13
Wildthing,blackmoore,1316,druid,balance,44,25,19
Pavesino,nemesis,1315,druid,balance,24,15,9
Bløødax,hyjal,1315,druid,balance,136,64,72
Silvix,blackrock,1314,druid,balance,30,14,16
Усыильвиры,soulflayer,1309,druid,balance,30,14,16
Yomosh,eredar,1308,druid,balance,39,19,20
Альмазар,lich-king,1306,druid,balance,54,27,27
Fouser,shattered-hand,1305,druid,balance,30,14,16
Solarian,ravencrest,1304,druid,balance,42,26,16
Шадарлогот,gordunni,1300,druid,balance,90,52,38
Sazo,elune,1300,druid,balance,28,14,14
Fäcker,blackhand,1299,druid,balance,30,18,12
Aryitu,blackrock,1299,druid,balance,50,25,25
Snedden,silvermoon,1298,druid,balance,31,14,17
Zeifana,khaz-modan,1297,druid,balance,30,18,12
Oiseth,tarren-mill,1297,druid,balance,78,36,42
Callmev,hyjal,1294,druid,balance,18,14,4
Tubi,darksorrow,1292,druid,balance,30,16,14
Forestrun,sylvanas,1287,druid,balance,42,27,15
Quiksx,blackrock,1286,druid,balance,43,20,23
Ralokian,drakthul,1285,druid,balance,53,34,19
Nømat,defias-brotherhood,1285,druid,balance,78,43,35
Shaize,dalaran,1283,druid,balance,26,17,9
Scottparker,sylvanas,1282,druid,balance,36,24,12
Fhi,antonidas,1281,druid,balance,42,23,19
Hadoukan,ravencrest,1281,druid,balance,41,22,19
Fantaclause,tarren-mill,1281,druid,balance,162,78,84
Myex,exodar,1280,druid,balance,30,14,16
Smøuler,sanguino,1279,druid,balance,27,15,12
Ххансолл,gordunni,1279,druid,balance,131,69,62
Астраджет,gordunni,1279,druid,balance,30,15,15
Slurmms,sylvanas,1278,druid,balance,114,70,44
Whísperclaw,ravencrest,1278,druid,balance,43,23,20
Doomkin,tichondrius,1278,druid,balance,30,15,15
Voorhess,blackmoore,1278,druid,balance,36,14,22
Кашаган,howling-fjord,1277,druid,balance,39,20,19
Corrupthz,outland,1276,druid,balance,23,14,9
Droodfarm,hyjal,1275,druid,balance,58,31,27
Meezy,ragnaros,1273,druid,balance,30,15,15
Rektjin,stormscale,1273,druid,balance,42,17,25
Slaskêt,tarren-mill,1272,druid,balance,22,14,8
Revølter,kazzak,1272,druid,balance,32,15,17
Wtcseven,eredar,1272,druid,balance,36,16,20
Àsúnâ,eredar,1272,druid,balance,42,15,27
Chugs,draenor,1271,druid,balance,30,16,14
Hardí,tarren-mill,1268,druid,balance,60,28,32
Atbõs,stormscale,1267,druid,balance,29,16,13
Kunya,tarren-mill,1267,druid,balance,80,35,45
Melyo,blackmoore,1265,druid,balance,36,21,15
Caltvalai,ravencrest,1265,druid,balance,28,14,14
Ðãddy,ravencrest,1263,druid,balance,32,20,12
Petju,darksorrow,1262,druid,balance,48,21,27
Жибка,howling-fjord,1261,druid,balance,32,15,17
Bambøué,khaz-modan,1260,druid,balance,24,14,10
Achre,thunderhorn,1259,druid,balance,30,14,16
Ilovedruid,forscherliga,1259,druid,balance,34,15,19
Hushorde,twisting-nether,1259,druid,balance,48,17,31
Fillet,aggra-português,1257,druid,balance,20,15,5
Ohndankalan,kazzak,1257,druid,balance,42,17,25
Ваандри,gordunni,1255,druid,balance,24,16,8
Rullader,draenor,1255,druid,balance,36,23,13
Нэйроуз,howling-fjord,1254,druid,balance,95,49,46
Medreas,argent-dawn,1253,druid,balance,71,46,25
Xora,aegwynn,1252,druid,balance,29,16,13
Кулунхе,soulflayer,1251,druid,balance,42,25,17
Braokhull,stormscale,1250,druid,balance,36,19,17
Tytankon,silvermoon,1250,druid,balance,37,15,22
Mascraxx,earthen-ring,1249,druid,balance,73,38,35
Zuldram,uldaman,1249,druid,balance,29,14,15
Киллиманжаро,howling-fjord,1249,druid,balance,110,52,58
Tygra,blackrock,1248,druid,balance,18,13,5
Luphrekmeow,ravencrest,1247,druid,balance,18,13,5
Lílpèëpgødx,archimonde,1247,druid,balance,18,13,5
Whêylon,ragnaros,1247,druid,balance,24,13,11
Replicusowl,doomhammer,1247,druid,balance,24,13,11
Rozi,draenor,1247,druid,balance,24,13,11
Valijan,blackrock,1247,druid,balance,28,14,14
Совёнушек,howling-fjord,1246,druid,balance,18,13,5
Mariss25076F,chogall,1246,druid,balance,30,18,12
Mazalot,kazzak,1246,druid,balance,25,14,11
Ymagyne,frostmane,1246,druid,balance,24,13,11
Xkirtach,dun-modr,1245,druid,balance,24,13,11
Hotdóts,outland,1244,druid,balance,18,13,5
Uglydruid,drakthul,1244,druid,balance,98,53,45
Eranor,archimonde,1243,druid,balance,18,13,5
Ateli,kazzak,1243,druid,balance,21,14,7
Smittly,bloodhoof,1243,druid,balance,36,17,19
Velnens,shattered-halls,1243,druid,balance,60,27,33
Ærîs,garona,1243,druid,balance,52,23,29
Guccicken,garona,1242,druid,balance,18,13,5
Clonorrhea,tarren-mill,1242,druid,balance,24,13,11
Mahwi,das-konsortium,1241,druid,balance,18,13,5
Naicy,khaz-modan,1240,druid,balance,24,13,11
Füsselviech,frostwolf,1239,druid,balance,18,13,5
Fangornn,outland,1239,druid,balance,30,13,17
Morphael,ravencrest,1233,druid,balance,24,13,11
Makelsi,tarren-mill,1233,druid,balance,29,14,15
Kielorn,stormscale,1232,druid,balance,24,13,11
Amici,eredar,1232,druid,balance,24,13,11
Lindémann,blackhand,1231,druid,balance,38,25,13
Toffyfee,anetheron,1229,druid,balance,30,20,10
Мунмунмун,gordunni,1229,druid,balance,43,19,24
Psycloniac,ravencrest,1228,druid,balance,24,13,11
Vrill,kazzak,1228,druid,balance,81,41,40
Oxox,defias-brotherhood,1227,druid,balance,24,14,10
Succee,stormscale,1227,druid,balance,60,30,30
Ðoxi,draenor,1226,druid,balance,120,58,62
Maurana,sylvanas,1225,druid,balance,30,13,17
Jatto,magtheridon,1223,druid,balance,24,13,11
Dingeren,stormscale,1222,druid,balance,24,13,11
Sheâ,nemesis,1221,druid,balance,126,63,63
Bulma,dun-modr,1220,druid,balance,36,15,21
Rayðii,archimonde,1219,druid,balance,44,24,20
Inkibek,burning-blade,1218,druid,balance,18,13,5
Certton,arakarahm,1218,druid,balance,75,36,39
Àlec,silvermoon,1217,druid,balance,114,61,53
Fluffykin,defias-brotherhood,1216,druid,balance,24,13,11
Artío,the-maelstrom,1215,druid,balance,69,32,37
Balzàc,ravencrest,1213,druid,balance,42,23,19
Avior,eonar,1213,druid,balance,53,18,35
Jeesman,sylvanas,1212,druid,balance,66,35,31
Vasilona,sanguino,1211,druid,balance,24,13,11
Мяурицао,howling-fjord,1210,druid,balance,98,54,44
Challi,nordrassil,1210,druid,balance,24,13,11
Antiseptik,ysondre,1210,druid,balance,30,14,16
Cagaboliches,sanguino,1208,druid,balance,30,14,16
Eliaster,ysondre,1204,druid,balance,30,18,12
Altix,blackmoore,1200,druid,balance,48,26,22
Wolfhealer,blackmoore,1198,druid,balance,36,21,15
Dremdra,draenor,1197,druid,balance,36,14,22
Malammore,burning-legion,1195,druid,balance,77,49,28
Shåmssz,kazzak,1194,druid,balance,20,15,5
Suitti,ravencrest,1191,druid,balance,23,13,10
Trollisha,mannoroth,1191,druid,balance,32,17,15
Suranaelle,argent-dawn,1190,druid,balance,38,19,19
Dêesse,archimonde,1188,druid,balance,42,20,22
Fleq,antonidas,1188,druid,balance,32,14,18
Vulyr,outland,1187,druid,balance,72,33,39
Chulainn,sylvanas,1181,druid,balance,24,18,6
Zerofrenzy,hyjal,1179,druid,balance,78,28,50
Deadmorph,ysondre,1178,druid,balance,27,14,13
Mööñ,hyjal,1177,druid,balance,22,14,8
Doggerz,aggra-português,1177,druid,balance,72,36,36
Farodiin,blackmoore,1177,druid,balance,48,18,30
Larbre,dalaran,1176,druid,balance,43,29,14
Fey,stormrage,1174,druid,balance,35,13,22
Bénjî,khazgoroth,1169,druid,balance,48,22,26
Gardenstate,silvermoon,1168,druid,balance,36,22,14
Maelinou,archimonde,1168,druid,balance,36,19,17
Сейтил,deathguard,1167,druid,balance,55,23,32
ßalmain,nethersturm,1163,druid,balance,36,20,16
Wartôn,blackhand,1161,druid,balance,34,19,15
Bearcosby,burning-legion,1160,druid,balance,23,13,10
Toxida,antonidas,1157,druid,balance,71,35,36
Haginator,twisting-nether,1157,druid,balance,102,48,54
Northstar,sylvanas,1156,druid,balance,18,13,5
Gnotten,thunderhorn,1154,druid,balance,23,13,10
Conn,ravencrest,1153,druid,balance,27,16,11
Clonecity,ravencrest,1152,druid,balance,12,12,0
Lêviàthäñ,blackhand,1152,druid,balance,24,12,12
Minado,outland,1151,druid,balance,12,12,0
Heiden,terokkar,1151,druid,balance,18,12,6
Renzay,ysondre,1151,druid,balance,18,12,6
Anpassad,outland,1151,druid,balance,18,12,6
Vârima,ravencrest,1151,druid,balance,18,12,6
Lodikum,defias-brotherhood,1151,druid,balance,18,12,6
Bigfeeder,ravencrest,1151,druid,balance,20,12,8
Øwlkin,ravencrest,1151,druid,balance,24,12,12
Friidaf,lightbringer,1151,druid,balance,24,12,12
Beutow,archimonde,1151,druid,balance,24,12,12
Fabutwo,blackrock,1151,druid,balance,24,12,12
Lazermonster,tarren-mill,1151,druid,balance,24,12,12
Kÿara,khaz-modan,1151,druid,balance,24,12,12
Mirâculixx,dethecus,1150,druid,balance,18,12,6
Djsnigel,stormscale,1150,druid,balance,18,12,6
Sofiadrood,stormreaver,1150,druid,balance,18,12,6
Deblin,ragnaros,1148,druid,balance,41,23,18
Drdudu,dun-morogh,1148,druid,balance,32,15,17
Putitimoriri,pozzo-delleternità,1147,druid,balance,30,21,9
Leafsandstuf,ragnaros,1147,druid,balance,18,12,6
Limmiited,ravencrest,1147,druid,balance,60,28,32
Rabbalala,twisting-nether,1147,druid,balance,30,12,18
Mnqn,ravencrest,1146,druid,balance,18,12,6
Hïrøshïmå,malganis,1146,druid,balance,24,12,12
Ashär,kirin-tor,1146,druid,balance,75,33,42
Featherfeet,kazzak,1146,druid,balance,30,12,18
Weregoon,blackmoore,1145,druid,balance,42,13,29
Dancingrain,ravencrest,1144,druid,balance,24,12,12
Meuhtéki,hyjal,1143,druid,balance,18,12,6
Criaø,blackrock,1143,druid,balance,24,12,12
Happysw,thrall,1143,druid,balance,62,23,39
Requinymph,ravencrest,1141,druid,balance,24,12,12
Loriann,twisting-nether,1141,druid,balance,75,36,39
Ibêx,blackmoore,1139,druid,balance,18,12,6
Søfiaa,argent-dawn,1139,druid,balance,125,69,56
Shiotake,hyjal,1139,druid,balance,24,12,12
Zoxen,nefarian,1138,druid,balance,30,12,18
Schneéeule,blackrock,1138,druid,balance,30,12,18
Bztémor,archimonde,1137,druid,balance,24,12,12
Дайтеполено,howling-fjord,1137,druid,balance,58,25,33
Gluqt,outland,1135,druid,balance,54,21,33
Kizilbuka,ragnaros,1133,druid,balance,30,21,9
Blark,sylvanas,1133,druid,balance,30,12,18
Tankis,dalaran,1132,druid,balance,39,25,14
Quoting,ravencrest,1132,druid,balance,29,12,17
Pretender,arathi,1123,druid,balance,40,13,27
Exactt,blackrock,1119,druid,balance,36,13,23
Tjoepert,azjolnerub,1117,druid,balance,72,28,44
Drrestospec,tarren-mill,1116,druid,balance,24,15,9
Bluebanana,bronzebeard,1115,druid,balance,31,13,18
Blesya,ravencrest,1113,druid,balance,33,13,20
Bazikk,kazzak,1112,druid,balance,18,14,4
Jabah,silvermoon,1111,druid,balance,18,12,6
Morlas,kazzak,1111,druid,balance,50,22,28
Laiquaril,ravencrest,1111,druid,balance,31,12,19
Hightotem,hakkar,1104,druid,balance,29,16,13
Ooxx,rashgarroth,1104,druid,balance,29,12,17
Roroa,ravencrest,1102,druid,balance,21,12,9
Aionx,ravencrest,1101,druid,balance,23,12,11
Phatbushy,silvermoon,1096,druid,balance,27,12,15
Ruberg,kazzak,1091,druid,balance,21,12,9
Amalou,ravencrest,1091,druid,balance,54,27,27
Животноеыы,howling-fjord,1089,druid,balance,29,12,17
Бруан,gordunni,1088,druid,balance,41,20,21
Исмалат,howling-fjord,1088,druid,balance,51,24,27
Frapucino,ravencrest,1085,druid,balance,18,13,5
Bearhúg,kazzak,1082,druid,balance,29,12,17
Orchard,silvermoon,1080,druid,balance,24,13,11
Chadru,magtheridon,1079,druid,balance,26,12,14
Cráck,nagrand,1074,druid,balance,22,12,10
Dobradoonga,exodar,1072,druid,balance,21,13,8
Buckshee,doomhammer,1066,druid,balance,47,25,22
Legyna,ravencrest,1066,druid,balance,26,12,14
Cubir,turalyon,1065,druid,balance,23,12,11
Exiztenz,deathwing,1062,druid,balance,36,18,18
Потерявшийся,howling-fjord,1059,druid,balance,38,15,23
Eyune,tarren-mill,1057,druid,balance,33,15,18
Colibrix,ravencrest,1057,druid,balance,56,20,36
Dakotaboomer,ravencrest,1056,druid,balance,18,11,7
Drmoe,blackmoore,1055,druid,balance,15,12,3
Maedic,outland,1055,druid,balance,18,11,7
Shiffe,argent-dawn,1055,druid,balance,18,11,7
Buckmysallz,archimonde,1055,druid,balance,18,11,7
Narkiza,blackhand,1055,druid,balance,18,11,7
Píps,ravencrest,1055,druid,balance,18,11,7
Fatfingerx,blackrock,1055,druid,balance,18,11,7
Skirr,kelthuzad,1055,druid,balance,24,11,13
Oomhammer,darkspear,1054,druid,balance,18,11,7
Angelinax,silvermoon,1054,druid,balance,18,11,7
Teddyxbear,nefarian,1054,druid,balance,18,11,7
Deetaa,eredar,1054,druid,balance,18,11,7
Flukeyz,draenor,1054,druid,balance,18,11,7
Deßradator,stormscale,1054,druid,balance,18,11,7
Lechaource,silvermoon,1053,druid,balance,18,11,7
Нортикус,soulflayer,1053,druid,balance,24,11,13
Hållkäften,twisting-nether,1052,druid,balance,24,11,13
Gallorath,draenor,1051,druid,balance,24,11,13
Bigpopp,kazzak,1050,druid,balance,18,11,7
Taylorshift,argent-dawn,1050,druid,balance,18,11,7
Gajani,stormscale,1050,druid,balance,18,11,7
Aimwaré,ravencrest,1050,druid,balance,24,11,13
Puppen,alakir,1049,druid,balance,18,11,7
Zhyra,arathor,1049,druid,balance,18,11,7
Soguu,thrall,1049,druid,balance,18,11,7
Drugnag,blackmoore,1049,druid,balance,18,11,7
Orazien,ravencrest,1049,druid,balance,18,11,7
Skyphi,silvermoon,1048,druid,balance,18,11,7
Tongá,draenor,1048,druid,balance,24,11,13
Tulleku,azjolnerub,1047,druid,balance,21,12,9
Nefariz,dun-modr,1047,druid,balance,24,11,13
Alterejuv,ravencrest,1047,druid,balance,30,11,19
Smashella,pozzo-delleternità,1046,druid,balance,18,11,7
Hengst,laughing-skull,1046,druid,balance,24,11,13
Tchoubouléru,throkferoth,1045,druid,balance,36,13,23
Rorugo,sanguino,1044,druid,balance,18,11,7
Wainl,hyjal,1044,druid,balance,24,11,13
Høtbøx,aegwynn,1044,druid,balance,33,11,22
Мутаборец,howling-fjord,1043,druid,balance,32,18,14
Adoodo,argent-dawn,1041,druid,balance,29,16,13
Ðelnôs,destromath,1041,druid,balance,24,11,13
Elmunia,ravencrest,1041,druid,balance,35,16,19
Månljuset,outland,1035,druid,balance,18,11,7
Hárty,tarren-mill,1035,druid,balance,24,11,13
Sabresheep,twisting-nether,1034,druid,balance,30,11,19
Anerol,arthas,1031,druid,balance,36,19,17
Diepauline,aegwynn,1030,druid,balance,42,22,20
Iamramen,blackmoore,1030,druid,balance,60,20,40
Dudukush,eredar,1029,druid,balance,43,19,24
Ronî,arthas,1028,druid,balance,30,11,19
Théodên,dalaran,1027,druid,balance,164,82,82
Вёкс,howling-fjord,1023,druid,balance,14,12,2
Fx,mazrigos,1018,druid,balance,17,11,6
Makoes,tarren-mill,1018,druid,balance,20,12,8
Nightingalee,stormscale,1018,druid,balance,30,12,18
Ambracer,silvermoon,1016,druid,balance,29,12,17
Bearhugzz,outland,1013,druid,balance,167,84,83
Bullmarkets,kazzak,1013,druid,balance,24,12,12
Лякокля,soulflayer,1013,druid,balance,30,12,18
Terrays,the-maelstrom,1008,druid,balance,12,11,1
Yolobolo,ragnaros,1007,druid,balance,17,11,6
Semiflora,silvermoon,993,druid,balance,24,12,12
Yugene,dun-modr,991,druid,balance,20,11,9
Darisom,alexstrasza,989,druid,balance,191,100,91
Starcat,defias-brotherhood,988,druid,balance,20,11,9
Skvll,silvermoon,987,druid,balance,26,11,15
Two,silvermoon,982,druid,balance,48,20,28
Bulvai,medivh,979,druid,balance,14,11,3
Notsikaan,blackhand,975,druid,balance,25,11,14
Moonleaf,burning-steppes,960,druid,balance,12,10,2
Nàaz,stormscale,960,druid,balance,12,10,2
Lacÿn,twisting-nether,960,druid,balance,12,10,2
Boomco,stormscale,960,druid,balance,12,10,2
Ноунэймбич,blackscar,960,druid,balance,12,10,2
Klßa,grim-batol,960,druid,balance,12,10,2
Nätsügødxqt,archimonde,960,druid,balance,12,10,2
Djfukface,ravencrest,960,druid,balance,18,10,8
Blackdrd,archimonde,960,druid,balance,18,10,8
Shapees,sylvanas,960,druid,balance,18,10,8
Rofyx,twisting-nether,960,druid,balance,18,10,8
Ðevilwhite,nemesis,960,druid,balance,24,10,14
Eroxx,blackrock,960,druid,balance,24,10,14
Feralisser,ravencrest,959,druid,balance,12,10,2
Jerie,silvermoon,959,druid,balance,12,10,2
Littlecok,blackmoore,959,druid,balance,18,10,8
Stalkdro,elune,959,druid,balance,18,10,8
Häggrä,dalaran,959,druid,balance,18,10,8
Zarune,sanguino,959,druid,balance,18,10,8
Sün,kazzak,959,druid,balance,18,10,8
Kikïnøu,garona,959,druid,balance,18,10,8
Ultrapoulet,archimonde,959,druid,balance,18,10,8
Tiktokstar,blackrock,959,druid,balance,18,10,8
Slâkkxz,kazzak,959,druid,balance,18,10,8
Focusboomy,archimonde,959,druid,balance,18,10,8
Luphrekfurry,ysondre,959,druid,balance,18,10,8
Ayamiss,outland,959,druid,balance,18,10,8
Thepuma,dun-modr,958,druid,balance,12,10,2
Éatshiftndie,tarren-mill,958,druid,balance,18,10,8
Nelíno,twisting-nether,958,druid,balance,18,10,8
Barbielolz,archimonde,958,druid,balance,18,10,8
Clone,aegwynn,958,druid,balance,18,10,8
Pèps,dalaran,958,druid,balance,18,10,8
Dèxò,blackmoore,958,druid,balance,18,10,8
Auches,argent-dawn,958,druid,balance,24,10,14
Élán,sylvanas,958,druid,balance,24,10,14
Verenai,bloodfeather,957,druid,balance,12,10,2
Джасэл,howling-fjord,957,druid,balance,12,10,2
Coldleans,kazzak,957,druid,balance,12,10,2
Albás,kazzak,957,druid,balance,12,10,2
Gbq,ravencrest,957,druid,balance,18,10,8
Sajlol,doomhammer,955,druid,balance,18,10,8
Feral,mazrigos,955,druid,balance,18,10,8
Toondog,doomhammer,954,druid,balance,18,10,8
Медведяра,howling-fjord,954,druid,balance,84,38,46
Trollskee,draenor,953,druid,balance,18,10,8
Zac,quelthalas,953,druid,balance,18,10,8
Ciaolol,ragnaros,953,druid,balance,18,10,8
Bolskigg,stormreaver,953,druid,balance,24,10,14
Оудин,blackscar,952,druid,balance,18,10,8
Kaspurr,ravencrest,951,druid,balance,12,10,2
Hypnosoad,outland,951,druid,balance,24,10,14
Yeahbuddeh,draenor,951,druid,balance,28,11,17
Видди,soulflayer,947,druid,balance,24,10,14
Yepnesse,khaz-modan,946,druid,balance,18,10,8
Duhdudu,thrall,944,druid,balance,18,10,8
Metamorfurio,arthas,939,druid,balance,24,11,13
Mâéviss,ysondre,936,druid,balance,36,10,26
Resthunor,draenor,935,druid,balance,18,10,8
Máximus,blades-edge,934,druid,balance,60,20,40
Naone,silvermoon,929,druid,balance,24,10,14
Kotomer,defias-brotherhood,926,druid,balance,108,38,70
Calistane,silvermoon,926,druid,balance,69,24,45
Numberonebs,silvermoon,925,druid,balance,17,10,7
Zindaya,blades-edge,918,druid,balance,20,11,9
Saxondale,aszune,918,druid,balance,30,14,16
Cöyote,hyjal,916,druid,balance,54,28,26
Суггуторр,howling-fjord,909,druid,balance,87,42,45
Trickpotato,terrordar,908,druid,balance,24,10,14
Mushröøms,nemesis,904,druid,balance,27,13,14
Darkillaa,anetheron,902,druid,balance,23,10,13
Древнина,gordunni,901,druid,balance,21,10,11
Flume,chromaggus,896,druid,balance,24,10,14
Dao,aegwynn,893,druid,balance,20,10,10
Smexim,dalaran,876,druid,balance,49,26,23
Aastal,uldaman,876,druid,balance,25,10,15
Yaendra,dun-modr,875,druid,balance,27,11,16
Aggibääm,blackhand,868,druid,balance,24,12,12
Bakkú,ravencrest,864,druid,balance,12,9,3
Flopparider,ravencrest,864,druid,balance,12,9,3
Yshára,darkmoon-faire,864,druid,balance,12,9,3
Kissachtak,blackrock,864,druid,balance,12,9,3
Kuraina,the-maelstrom,864,druid,balance,12,9,3
Claynoe,blackmoore,864,druid,balance,15,10,5
Cowxoxo,twisting-nether,864,druid,balance,18,9,9
Sifferx,stormscale,864,druid,balance,18,9,9
Tronchetto,nemesis,864,druid,balance,24,9,15
Lakersinfive,argent-dawn,863,druid,balance,12,9,3
Merq,ravencrest,863,druid,balance,12,9,3
Aolynk,twisting-nether,863,druid,balance,12,9,3
Pezuñera,sanguino,863,druid,balance,12,9,3
Borticow,sanguino,863,druid,balance,12,9,3
Jengá,nagrand,863,druid,balance,12,9,3
Xalio,ravencrest,863,druid,balance,18,9,9
Lockied,eredar,863,druid,balance,18,9,9
Fâucon,eitrigg,863,druid,balance,18,9,9
Damagebot,tarren-mill,863,druid,balance,18,9,9
Empi,sanguino,863,druid,balance,18,9,9
Croquetoro,sanguino,863,druid,balance,18,9,9
Redyogurt,outland,863,druid,balance,24,9,15
Malolepszy,burning-legion,863,druid,balance,24,9,15
Bxxmkin,draenor,862,druid,balance,12,9,3
Qocotte,archimonde,862,druid,balance,18,9,9
Metaboss,ravencrest,862,druid,balance,18,9,9
Ábomínatíon,draenor,862,druid,balance,18,9,9
Jabbah,defias-brotherhood,862,druid,balance,18,9,9
Angharradh,arthas,862,druid,balance,18,9,9
Oxe,malganis,861,druid,balance,12,9,3
Quza,lightbringer,861,druid,balance,18,9,9
Noctilus,steamwheedle-cartel,861,druid,balance,18,9,9
Wombati,blackrock,861,druid,balance,24,9,15
Spoco,defias-brotherhood,860,druid,balance,18,9,9
Drocos,genjuros,860,druid,balance,18,9,9
Rumjin,burning-blade,859,druid,balance,18,9,9
Corias,blackmoore,859,druid,balance,36,9,27
Pelagius,ravencrest,858,druid,balance,12,9,3
Grizzlyhills,silvermoon,856,druid,balance,12,9,3
Taskingoman,twisting-nether,856,druid,balance,18,9,9
Lunably,silvermoon,855,druid,balance,18,9,9
Freshener,antonidas,854,druid,balance,20,10,10
Fejgi,stormreaver,854,druid,balance,18,9,9
Erbaiolo,pozzo-delleternità,852,druid,balance,12,9,3
Tombenuit,tarren-mill,843,druid,balance,18,9,9
Rockymarci,dalaran,840,druid,balance,12,9,3
Sethdr,hyjal,840,druid,balance,23,11,12
Katharo,kult-der-verdammten,839,druid,balance,36,9,27
Tarâkings,outland,832,druid,balance,18,9,9
Сомеваск,deathweaver,830,druid,balance,23,9,14
Eikthyrson,alleria,829,druid,balance,16,10,6
Пушистаялапа,blackscar,824,druid,balance,16,10,6
Yungtrappy,stormscale,815,druid,balance,15,10,5
Tôrmêñtêd,outland,815,druid,balance,17,9,8
Ishaqu,bladefist,815,druid,balance,23,9,14
Nuggetspøwa,dalaran,814,druid,balance,17,9,8
Sháko,dun-modr,807,druid,balance,24,10,14
Kucsmagoomba,ragnaros,800,druid,balance,73,28,45
Ashirae,drakthul,798,druid,balance,14,9,5
Fréki,ravenholdt,791,druid,balance,20,9,11
Rungohar,stormscale,791,druid,balance,28,9,19
Kakaiy,shadowsong,784,druid,balance,96,43,53
Покекек,lich-king,784,druid,balance,22,9,13
Yiriy,baelgun,768,druid,balance,12,8,4
Positivity,stormscale,768,druid,balance,12,8,4
Bigbrrd,outland,768,druid,balance,12,8,4
Kissaey,emeriss,768,druid,balance,12,8,4
Curzex,blackmoore,768,druid,balance,12,8,4
Ðíør,ravencrest,768,druid,balance,12,8,4
Gsix,blackrock,768,druid,balance,12,8,4
Cryspie,garona,768,druid,balance,12,8,4
Everdreamx,arathor,768,druid,balance,12,8,4
Felicìty,draenor,768,druid,balance,12,8,4
Jónahfalcon,draenor,768,druid,balance,12,8,4
Soofiaa,ravencrest,768,druid,balance,12,8,4
Rifthy,nemesis,768,druid,balance,12,8,4
Jometatile,hyjal,768,druid,balance,12,8,4
Bignunu,silvermoon,768,druid,balance,12,8,4
Treeswinger,twisting-nether,768,druid,balance,12,8,4
Ethiqd,aegwynn,768,druid,balance,12,8,4
Pjuske,silvermoon,768,druid,balance,12,8,4
Meillaeth,sylvanas,768,druid,balance,12,8,4
Barneycatz,tarren-mill,768,druid,balance,12,8,4
Клыкояр,goldrinn,768,druid,balance,12,8,4
Emochicken,silvermoon,768,druid,balance,15,9,6
Superpoulet,archimonde,768,druid,balance,18,8,10
Commonsense,kazzak,768,druid,balance,18,8,10
Réhagen,archimonde,768,druid,balance,18,8,10
Cioban,ravencrest,768,druid,balance,18,8,10
Epicplays,sylvanas,768,druid,balance,18,8,10
Boompjeh,chamber-of-aspects,768,druid,balance,18,8,10
Sebikboomie,ravencrest,767,druid,balance,12,8,4
Xtremeterror,blackmoore,767,druid,balance,12,8,4
Древогрут,howling-fjord,767,druid,balance,12,8,4
Kheleñ,blackrock,767,druid,balance,14,8,6
Loswochos,blackmoore,767,druid,balance,18,8,10
Endoplazmik,silvermoon,767,druid,balance,18,8,10
Bigsmoké,die-aldor,767,druid,balance,18,8,10
Bogahcan,twisting-nether,767,druid,balance,18,8,10
Царапкатян,gordunni,767,druid,balance,18,8,10
Arydan,quelthalas,767,druid,balance,18,8,10
Ilovehannah,laughing-skull,767,druid,balance,18,8,10
Hugepepega,ravencrest,767,druid,balance,18,8,10
Schebäb,blackhand,767,druid,balance,24,8,16
Drazefin,twisting-nether,767,druid,balance,24,8,16
Srkameltouss,sanguino,766,druid,balance,12,8,4
Humanoidpt,aggra-português,766,druid,balance,12,8,4
Irithel,ravencrest,766,druid,balance,12,8,4
Stormspirit,hellscream,766,druid,balance,12,8,4
Benzinoid,silvermoon,766,druid,balance,12,8,4
Vandalís,garrosh,766,druid,balance,12,8,4
Obois,archimonde,766,druid,balance,18,8,10
Lendron,malygos,766,druid,balance,23,8,15
Pansarbamse,outland,766,druid,balance,25,8,17
Rât,blackmoore,765,druid,balance,12,8,4
Darthiud,outland,765,druid,balance,12,8,4
When,kirin-tor,765,druid,balance,18,8,10
Arenshimoon,kazzak,765,druid,balance,18,8,10
Machie,argent-dawn,765,druid,balance,18,8,10
Zaratras,arathor,765,druid,balance,18,8,10
Губкобоб,galakrond,765,druid,balance,22,8,14
Бсуза,soulflayer,765,druid,balance,24,8,16
Mongobongo,onyxia,764,druid,balance,12,8,4
Lonedrood,blackrock,764,druid,balance,18,8,10
Dwaokut,ravencrest,763,druid,balance,12,8,4
Druice,tyrande,763,druid,balance,12,8,4
Cobradrood,culte-de-la-rive-noire,763,druid,balance,18,8,10
Anchoring,argent-dawn,763,druid,balance,22,9,13
Nolak,frostwolf,763,druid,balance,24,8,16
Vigôuróuz,blackmoore,762,druid,balance,12,8,4
Sároman,ravencrest,761,druid,balance,24,8,16
Lothadriel,sylvanas,760,druid,balance,18,8,10
Celebras,chogall,756,druid,balance,12,8,4
Putzé,blackrock,749,druid,balance,20,8,12
Fakers,the-maelstrom,747,druid,balance,12,8,4
Ратататата,blackscar,734,druid,balance,14,9,5
Vaea,hyjal,731,druid,balance,26,9,17
Laylie,aegwynn,719,druid,balance,17,8,9
Maw,hellfire,717,druid,balance,11,8,3
Cörelly,ravencrest,715,druid,balance,15,9,6
Elpresidénté,blackmoore,713,druid,balance,12,9,3
Flippy,blackmoore,710,druid,balance,26,9,17
Gløbal,antonidas,703,druid,balance,10,8,2
Ohpfo,outland,703,druid,balance,11,8,3
Durtidikdave,kazzak,703,druid,balance,17,8,9
Rønièl,tarren-mill,702,druid,balance,11,8,3
Papalegba,kilrogg,700,druid,balance,14,8,6
Lörex,ravencrest,687,druid,balance,13,8,5
Cotangens,tarren-mill,672,druid,balance,12,7,5
Tease,blackrock,672,druid,balance,12,7,5
Locite,blackrock,672,druid,balance,12,7,5
Ахаххаха,howling-fjord,672,druid,balance,12,7,5
Surlax,defias-brotherhood,672,druid,balance,12,7,5
Glúingél,tarren-mill,672,druid,balance,12,7,5
Twerkdabooty,azjolnerub,672,druid,balance,12,7,5
Wísh,stormscale,672,druid,balance,12,7,5
Pumpingurass,twisting-nether,672,druid,balance,12,7,5
Sitruu,zenedar,672,druid,balance,12,7,5
Krosanx,outland,672,druid,balance,12,7,5
Аррерон,howling-fjord,672,druid,balance,12,7,5
Yseraheal,drakthul,672,druid,balance,12,7,5
Формен,howling-fjord,672,druid,balance,12,7,5
Mythiaran,argent-dawn,672,druid,balance,12,7,5
Deeizm,ravencrest,672,druid,balance,12,7,5
Noggelicious,ragnaros,672,druid,balance,12,7,5
Sweedrood,hyjal,672,druid,balance,12,7,5
Qyoon,argent-dawn,672,druid,balance,12,7,5
Harrydòtter,eredar,672,druid,balance,12,7,5
Kosadoodoo,sylvanas,672,druid,balance,12,7,5
Mommymìlkers,archimonde,672,druid,balance,12,7,5
Delarion,nemesis,672,druid,balance,12,7,5
Hajlol,sylvanas,672,druid,balance,12,7,5
Trønchetto,nemesis,672,druid,balance,12,7,5
Thornat,chamber-of-aspects,672,druid,balance,12,7,5
Трусырвущая,gordunni,672,druid,balance,12,7,5
Därgon,archimonde,672,druid,balance,12,7,5
Амераки,blackscar,672,druid,balance,12,7,5
Pansaa,stormscale,672,druid,balance,15,8,7
Nyenna,twilights-hammer,672,druid,balance,16,8,8
Drudd,hellscream,672,druid,balance,18,7,11
Solgarna,saurfang,672,druid,balance,18,7,11
Lilim,culte-de-la-rive-noire,672,druid,balance,18,7,11
Quellwell,outland,672,druid,balance,18,7,11
Ravenfang,dun-modr,672,druid,balance,18,7,11
Lifty,dun-modr,672,druid,balance,18,7,11
Avimoo,tarren-mill,672,druid,balance,18,7,11
Shreddít,tarren-mill,672,druid,balance,24,7,17
Alexuwu,draenor,671,druid,balance,12,7,5
Лидир,blackscar,671,druid,balance,12,7,5
Halfback,blackhand,671,druid,balance,12,7,5
Asura,nozdormu,671,druid,balance,12,7,5
Maruuk,argent-dawn,671,druid,balance,12,7,5
Rikayn,tarren-mill,671,druid,balance,12,7,5
Найадра,gordunni,671,druid,balance,12,7,5
Felfran,ravencrest,671,druid,balance,18,7,11
Legevakten,grim-batol,671,druid,balance,18,7,11
Ipsdray,ysondre,671,druid,balance,18,7,11
Malaprljavca,kazzak,671,druid,balance,18,7,11
Thunderzeus,mazrigos,671,druid,balance,18,7,11
Fesenjon,blackhand,671,druid,balance,18,7,11
Yunød,silvermoon,671,druid,balance,18,7,11
Släshes,stormreaver,670,druid,balance,12,7,5
Teldrastion,silvermoon,670,druid,balance,24,7,17
Thyanya,blackmoore,668,druid,balance,18,7,11
Feraligator,sanguino,667,druid,balance,24,7,17
Thrynitie,les-sentinelles,663,druid,balance,12,7,5
Nightshape,kragjin,661,druid,balance,18,7,11
Qra,area-52,660,druid,balance,12,7,5
Kawaíï,frostwolf,659,druid,balance,26,10,16
Iskaarjx,archimonde,654,druid,balance,17,7,10
Abadar,tarren-mill,638,druid,balance,14,8,6
Athenã,blackmoore,633,druid,balance,23,7,16
Ånåphorå,archimonde,624,druid,balance,15,7,8
Bagginston,nazjatar,623,druid,balance,14,8,6
Utiniutini,thrall,623,druid,balance,15,7,8
Nille,tarren-mill,617,druid,balance,14,8,6
Blazek,sylvanas,617,druid,balance,14,8,6
Kidawi,frostwolf,617,druid,balance,16,8,8
Kamatea,eredar,607,druid,balance,11,7,4
Mehgyver,ravencrest,607,druid,balance,14,7,7
Bubidiblumdr,twisting-nether,605,druid,balance,16,7,9
Melábufes,dun-modr,592,druid,balance,13,7,6
Rtfz,ravencrest,591,druid,balance,13,7,6
Zamans,silvermoon,576,druid,balance,6,6,0
Hideinbushh,ravencrest,576,druid,balance,6,6,0
Ухухуня,gordunni,576,druid,balance,6,6,0
Admeliora,ravencrest,576,druid,balance,6,6,0
Qpoof,sylvanas,576,druid,balance,6,6,0
Doublesunday,thrall,576,druid,balance,9,7,2
Valoruk,ravencrest,576,druid,balance,12,6,6
Forthis,frostmane,576,druid,balance,12,6,6
Knozylg,kazzak,576,druid,balance,12,6,6
Metzarqq,stormscale,576,druid,balance,12,6,6
Лунныйфилин,deathguard,576,druid,balance,12,6,6
Dyuuna,hyjal,576,druid,balance,12,6,6
Wrx,sylvanas,576,druid,balance,12,6,6
Зулкхаку,soulflayer,576,druid,balance,12,6,6
Diolives,stormscale,576,druid,balance,12,6,6
Nancey,auchindoun,576,druid,balance,12,6,6
Kamenká,aegwynn,576,druid,balance,12,6,6
Póllen,magtheridon,576,druid,balance,12,6,6
Thefudge,silvermoon,576,druid,balance,12,6,6
Crittler,forscherliga,576,druid,balance,12,6,6
Seraxi,der-mithrilorden,576,druid,balance,12,6,6
Quinten,ulduar,576,druid,balance,12,6,6
Raízun,blackmoore,576,druid,balance,12,6,6
Wîzzp,magtheridon,576,druid,balance,12,6,6
Lunarveil,draenor,576,druid,balance,12,6,6
Lushe,kazzak,576,druid,balance,12,6,6
Teryx,blackmoore,576,druid,balance,12,6,6
Vongihkuhher,blackmoore,576,druid,balance,12,6,6
Sarkophag,blackrock,576,druid,balance,12,6,6
Kahar,eredar,576,druid,balance,12,6,6
Pælter,draenor,576,druid,balance,12,6,6
Боблерсс,gordunni,576,druid,balance,12,6,6
Islandbôy,blackrock,576,druid,balance,12,6,6
Fishanchips,archimonde,576,druid,balance,12,6,6
Pataleaqtp,sanguino,576,druid,balance,12,6,6
Naturexbot,silvermoon,576,druid,balance,12,6,6
Inbml,silvermoon,576,druid,balance,12,6,6
Salvaga,outland,576,druid,balance,12,6,6
Vedee,tarren-mill,576,druid,balance,12,6,6
Mentaldead,tarren-mill,576,druid,balance,12,6,6
Мунпраид,gordunni,576,druid,balance,12,6,6
Téddý,tarren-mill,576,druid,balance,12,6,6
Schneelol,outland,576,druid,balance,12,6,6
Talressian,argent-dawn,576,druid,balance,12,6,6
Layle,argent-dawn,576,druid,balance,12,6,6
Кеорл,gordunni,576,druid,balance,12,6,6
Degnosaur,outland,576,druid,balance,12,6,6
Shoca,die-ewige-wacht,576,druid,balance,12,6,6
Bane,dun-modr,576,druid,balance,12,6,6
Smedoge,outland,576,druid,balance,18,6,12
Axrae,ravencrest,576,druid,balance,18,6,12
Disney,ragnaros,576,druid,balance,18,6,12
Doncaino,amanthul,576,druid,balance,18,6,12
Çãm,magtheridon,575,druid,balance,12,6,6
Helguard,silvermoon,575,druid,balance,12,6,6
Natoro,outland,575,druid,balance,12,6,6
Praythysun,khaz-modan,575,druid,balance,12,6,6
Òniz,hyjal,575,druid,balance,12,6,6
Raxona,blackmoore,575,druid,balance,12,6,6
Graffyrre,eonar,575,druid,balance,12,6,6
Tekal,vashj,575,druid,balance,12,6,6
Лицеторг,howling-fjord,575,druid,balance,12,6,6
Litany,drakthul,575,druid,balance,12,6,6
Дайдорогу,blackscar,575,druid,balance,12,6,6
Gruvkatt,stormscale,575,druid,balance,12,6,6
Barkskin,grim-batol,575,druid,balance,15,6,9
Shag,archimonde,575,druid,balance,18,6,12
Аматэррасу,blackscar,575,druid,balance,18,6,12
Дарзамат,blackscar,575,druid,balance,18,6,12
Robinchwän,archimonde,575,druid,balance,18,6,12
Moonsama,twisting-nether,575,druid,balance,18,6,12
Aimïn,sanguino,575,druid,balance,18,6,12
Wardruíd,outland,575,druid,balance,24,6,18
Lúthiëñ,silvermoon,575,druid,balance,24,6,18
Derie,nazjatar,574,druid,balance,12,6,6
Momaa,neptulon,574,druid,balance,12,6,6
Raciness,grim-batol,574,druid,balance,12,6,6
Shainá,dun-modr,574,druid,balance,12,6,6
Тиликум,goldrinn,574,druid,balance,12,6,6
Tyreek,eredar,574,druid,balance,16,7,9
Жекакотик,eversong,574,druid,balance,24,6,18
Kittasek,drakthul,572,druid,balance,12,6,6
Tarantinonon,kazzak,572,druid,balance,18,6,12
Keltaris,dun-modr,565,druid,balance,12,6,6
Delfin,aerie-peak,563,druid,balance,21,7,14
Thaiboimbyy,veknilash,558,druid,balance,29,10,19
Ellüna,ravencrest,543,druid,balance,14,7,7
Duwaz,blackmoore,543,druid,balance,14,7,7
Ancientix,burning-legion,543,druid,balance,17,6,11
Blamer,thrall,527,druid,balance,11,6,5
Lyøñ,dun-modr,527,druid,balance,11,6,5
Humizon,silvermoon,522,druid,balance,15,7,8
Opathecool,bladefist,511,druid,balance,11,6,5
Fotmrerollér,darksorrow,510,druid,balance,8,6,2
Фэк,eversong,509,druid,balance,10,6,4
Mlyzioz,ahnqiraj,507,druid,balance,16,6,10
Хлайси,gordunni,480,druid,balance,6,5,1
Wizår,outland,480,druid,balance,6,5,1
Sleepz,blackrock,480,druid,balance,6,5,1
Füllxtrap,hyjal,480,druid,balance,6,5,1
Freefang,dun-modr,480,druid,balance,6,5,1
Cowieowie,draenor,480,druid,balance,6,5,1
Опущеныйкелх,gordunni,480,druid,balance,6,5,1
Eñzo,stormscale,480,druid,balance,6,5,1
Ferdiboo,draenor,480,druid,balance,6,5,1
Corkiri,tarren-mill,480,druid,balance,6,5,1
Murdok,suramar,480,druid,balance,6,5,1
Huayhey,the-maelstrom,480,druid,balance,6,5,1
Tåylor,laughing-skull,480,druid,balance,6,5,1
Súçúkbøømíe,aegwynn,480,druid,balance,6,5,1
Brbrøyk,tarren-mill,480,druid,balance,6,5,1
Boomdruud,tarren-mill,480,druid,balance,6,5,1
Clawlessqtx,outland,480,druid,balance,6,5,1
Nixhot,blackmoore,480,druid,balance,6,5,1
Tshungubuäch,eredar,480,druid,balance,6,5,1
Corkiy,tarren-mill,480,druid,balance,6,5,1
Stkk,sanguino,480,druid,balance,6,5,1
Smølboi,ravencrest,480,druid,balance,6,5,1
Boomytunes,silvermoon,480,druid,balance,6,5,1
Svartvit,sylvanas,480,druid,balance,6,5,1
Papacarlo,ravencrest,480,druid,balance,6,5,1
Pinkpanda,arthas,480,druid,balance,6,5,1
Bighike,drakthul,480,druid,balance,6,5,1
Hashtagone,ysondre,480,druid,balance,6,5,1
Smøkyyd,eredar,480,druid,balance,6,5,1
Fapmasterx,eredar,480,druid,balance,6,5,1
Xhifty,ravencrest,480,druid,balance,6,5,1
Ischumekcid,anubarak,480,druid,balance,9,6,3
Goated,stormscale,480,druid,balance,12,5,7
Balanced,blackhand,480,druid,balance,12,5,7
Grîsh,burning-legion,480,druid,balance,12,5,7
Liiandri,khaz-modan,480,druid,balance,12,5,7
Zomgcow,twisting-nether,480,druid,balance,12,5,7
Còwgummi,blackhand,480,druid,balance,12,5,7
Robsondruid,twisting-nether,480,druid,balance,12,5,7
Quisp,ravencrest,480,druid,balance,12,5,7
Lifecycle,nemesis,480,druid,balance,12,5,7
Angrykejton,silvermoon,480,druid,balance,12,5,7
Hairydøtter,aegwynn,480,druid,balance,12,5,7
Polymorphler,theradras,480,druid,balance,12,5,7
Elrandir,tarren-mill,480,druid,balance,12,5,7
Zephris,grim-batol,480,druid,balance,12,5,7
Pròtodrù,twisting-nether,480,druid,balance,12,5,7
Bafere,twisting-nether,480,druid,balance,12,5,7
Naturina,shattered-hand,480,druid,balance,12,5,7
Blueedood,twisting-nether,480,druid,balance,12,5,7
Shreddies,the-maelstrom,480,druid,balance,12,5,7
Acwi,dun-morogh,480,druid,balance,12,5,7
Duckiethotx,twisting-nether,480,druid,balance,12,5,7
Siajin,frostwolf,480,druid,balance,12,5,7
Doup,alakir,480,druid,balance,12,5,7
Elayria,blackmoore,480,druid,balance,12,5,7
Phala,outland,480,druid,balance,12,5,7
Quin,frostwolf,480,druid,balance,12,5,7
Mîraculix,dun-morogh,480,druid,balance,12,5,7
Yadon,the-maelstrom,480,druid,balance,12,5,7
Димадубощит,blackscar,480,druid,balance,12,5,7
Fofosdru,kazzak,480,druid,balance,12,5,7
Variolus,dun-modr,480,druid,balance,12,5,7
Shawkz,kazzak,480,druid,balance,12,5,7
Phanÿ,garona,480,druid,balance,12,5,7
Kovalawa,archimonde,480,druid,balance,12,5,7
Tomixdd,stormrage,480,druid,balance,12,5,7
Zebår,runetotem,480,druid,balance,12,5,7
Yabbah,blackrock,480,druid,balance,12,5,7
Флексим,soulflayer,480,druid,balance,12,5,7
Eýesburn,silvermoon,480,druid,balance,12,5,7
Brunogösta,aerie-peak,480,druid,balance,12,5,7
Snoxy,wrathbringer,480,druid,balance,12,5,7
Лолэтохег,soulflayer,480,druid,balance,12,5,7
Vodibull,aegwynn,480,druid,balance,15,6,9
Qïx,outland,480,druid,balance,15,6,9
Lemonjohn,outland,480,druid,balance,14,5,9
Aloraysoda,doomhammer,480,druid,balance,18,5,13
Этъя,borean-tundra,480,druid,balance,18,5,13
Polimorphism,tarren-mill,480,druid,balance,18,5,13
Máilo,aegwynn,480,druid,balance,18,5,13
Lootmann,die-silberne-hand,479,druid,balance,6,5,1
Xaeia,aegwynn,479,druid,balance,6,5,1
Betol,das-konsortium,479,druid,balance,12,5,7
Fiberpäls,magtheridon,479,druid,balance,12,5,7
Biologie,onyxia,479,druid,balance,12,5,7
Larsia,nordrassil,479,druid,balance,12,5,7
Forigiver,draenor,479,druid,balance,12,5,7
Карантини,howling-fjord,479,druid,balance,15,6,9
Músclébéach,silvermoon,479,druid,balance,18,5,13
Тахикамару,blackscar,479,druid,balance,18,5,13
Чепенкос,gordunni,478,druid,balance,12,5,7
Lysende,arathor,478,druid,balance,12,5,7
Барли,grom,478,druid,balance,16,6,10
Druvian,argent-dawn,478,druid,balance,24,5,19
Zenkay,naxxramas,476,druid,balance,16,6,10
Spellmáster,ravencrest,473,druid,balance,12,5,7
Chouan,marécage-de-zangar,457,druid,balance,21,7,14
Yawawe,blackmoore,447,druid,balance,11,5,6
Foxîo,frostmane,415,druid,balance,8,5,3
Pine,aggramar,415,druid,balance,8,5,3
Amellian,silvermoon,384,druid,balance,6,4,2
Wiligun,archimonde,384,druid,balance,6,4,2
Mâlcøm,archimonde,384,druid,balance,6,4,2
Daluria,malganis,384,druid,balance,6,4,2
Jwifgodx,archimonde,384,druid,balance,6,4,2
Zootxd,ravencrest,384,druid,balance,6,4,2
Mylanqx,ragnaros,384,druid,balance,6,4,2
Cpt,xavius,384,druid,balance,6,4,2
Sunisan,stormscale,384,druid,balance,6,4,2
Ezkatka,ravencrest,384,druid,balance,6,4,2
Cmzdruidxdd,ravencrest,384,druid,balance,6,4,2
Kattbjörnen,ragnaros,384,druid,balance,6,4,2
Freshpussyz,ravencrest,384,druid,balance,6,4,2
Bigbitez,kazzak,384,druid,balance,6,4,2
Bildukas,ravencrest,384,druid,balance,6,4,2
Fordragos,ravencrest,384,druid,balance,6,4,2
Feign,blackmoore,384,druid,balance,6,4,2
Dikc,twisting-nether,384,druid,balance,6,4,2
Druikraut,silvermoon,384,druid,balance,6,4,2
Skavenlol,zuljin,384,druid,balance,6,4,2
Jeaylqt,archimonde,384,druid,balance,6,4,2
Brucebruce,stormscale,384,druid,balance,6,4,2
Ragingmilker,tarren-mill,384,druid,balance,6,4,2
Freedonnad,alleria,384,druid,balance,6,4,2
Wotahn,antonidas,384,druid,balance,6,4,2
Seasexsune,antonidas,384,druid,balance,6,4,2
Bearygrylls,sylvanas,384,druid,balance,6,4,2
Petypeet,drakthul,384,druid,balance,6,4,2
Nizrã,archimonde,384,druid,balance,6,4,2
Астралъх,gordunni,384,druid,balance,6,4,2
Lunor,kazzak,384,druid,balance,6,4,2
Kkriss,stormscale,384,druid,balance,6,4,2
Drufar,outland,384,druid,balance,6,4,2
Aelins,twisting-nether,384,druid,balance,6,4,2
Rugsul,kazzak,384,druid,balance,6,4,2
Jp,eredar,384,druid,balance,6,4,2
Mîrxy,outland,384,druid,balance,6,4,2
Treebearded,agamaggan,384,druid,balance,6,4,2
Vertabrain,twilights-hammer,384,druid,balance,6,4,2
Womzas,blackhand,384,druid,balance,6,4,2
Izzyb,draenor,384,druid,balance,6,4,2
Inspira,teldrassil,384,druid,balance,6,4,2
Caddan,argent-dawn,384,druid,balance,6,4,2
Lolaven,turalyon,384,druid,balance,6,4,2
Ekologiskxx,outland,384,druid,balance,6,4,2
Noodledru,tarren-mill,384,druid,balance,6,4,2
Xvmon,draenor,384,druid,balance,6,4,2
Haarbál,tarren-mill,384,druid,balance,6,4,2
Sakkrethd,hyjal,384,druid,balance,6,4,2
Kasugia,aegwynn,384,druid,balance,6,4,2
Rawr,dun-morogh,384,druid,balance,6,4,2
Fzx,aegwynn,384,druid,balance,6,4,2
Weremyst,outland,384,druid,balance,6,4,2
Epidemic,argent-dawn,384,druid,balance,6,4,2
Buikstuk,kilrogg,384,druid,balance,6,4,2
Shiftmeow,tarren-mill,384,druid,balance,6,4,2
Dermegon,outland,384,druid,balance,6,4,2
Vrillox,blackmoore,384,druid,balance,9,5,4
Adelsten,tarren-mill,384,druid,balance,9,5,4
Euphoríax,ravencrest,384,druid,balance,10,5,5
Фамай,howling-fjord,384,druid,balance,8,4,4
Sixtyinches,burning-blade,384,druid,balance,12,4,8
Kiggstar,blackmoore,384,druid,balance,12,4,8
Boomlex,defias-brotherhood,384,druid,balance,12,4,8
Astralbody,auchindoun,384,druid,balance,12,4,8
Elainx,thrall,384,druid,balance,12,4,8
Telära,argent-dawn,384,druid,balance,12,4,8
Roxshifter,tarren-mill,384,druid,balance,12,4,8
Allîyâ,archimonde,384,druid,balance,12,4,8
Mauzicek,drakthul,384,druid,balance,12,4,8
Druidytrudy,blackrock,384,druid,balance,12,4,8
Tmhaikyu,blackhand,384,druid,balance,12,4,8
Феразинария,gordunni,384,druid,balance,12,4,8
Manimalia,kazzak,384,druid,balance,12,4,8
Pathetik,archimonde,384,druid,balance,12,4,8
Mazzawii,kazzak,384,druid,balance,12,4,8
Veijari,deathwing,384,druid,balance,12,4,8
Piiti,burning-legion,384,druid,balance,12,4,8
Lorucka,die-nachtwache,384,druid,balance,12,4,8
Astracat,korgall,384,druid,balance,12,4,8
Màlàkaii,hyjal,384,druid,balance,12,4,8
Meretrizx,kazzak,384,druid,balance,12,4,8
Мукару,howling-fjord,384,druid,balance,12,4,8
Fortuma,eredar,384,druid,balance,12,4,8
Alanpapi,sanguino,384,druid,balance,12,4,8
Tønychopper,sanguino,384,druid,balance,12,4,8
Yee,twisting-nether,384,druid,balance,12,4,8
Ibroninad,ragnaros,384,druid,balance,12,4,8
Zeldaa,antonidas,384,druid,balance,14,4,10
Wykked,outland,384,druid,balance,18,4,14
Herten,tarren-mill,383,druid,balance,6,4,2
Храмульчик,blackscar,383,druid,balance,6,4,2
Котангис,eversong,383,druid,balance,6,4,2
Mongwau,blackrock,383,druid,balance,6,4,2
Fluke,thrall,383,druid,balance,11,4,7
Ondope,blackmoore,383,druid,balance,12,4,8
Summertearz,thrall,383,druid,balance,12,4,8
Rústy,baelgun,383,druid,balance,12,4,8
Moonpouk,archimonde,383,druid,balance,12,4,8
Blablábla,silvermoon,383,druid,balance,12,4,8
Катафей,deathguard,382,druid,balance,6,4,2
Wuki,conseil-des-ombres,379,druid,balance,12,4,8
Billybobb,dentarg,377,druid,balance,19,8,11
Ráw,dun-modr,367,druid,balance,11,4,7
Gôdzîllâ,silvermoon,352,druid,balance,10,4,6
Blakemonster,khaz-modan,351,druid,balance,8,5,3
Nightshaðe,argent-dawn,351,druid,balance,11,4,7
Zybri,ragnaros,351,druid,balance,11,4,7
Oaeb,stormscale,351,druid,balance,11,4,7
Blownaway,outland,336,druid,balance,9,4,5
Sketit,grim-batol,335,druid,balance,11,4,7
Hilliax,sanguino,330,druid,balance,13,5,8
Martinesämst,outland,320,druid,balance,10,4,6
Eclipße,silvermoon,319,druid,balance,5,4,1
Løsër,ravencrest,319,druid,balance,5,4,1
Holyconvoke,stormscale,319,druid,balance,5,4,1
Xqzmybleedz,onyxia,319,druid,balance,8,4,4
Исканет,gordunni,288,druid,balance,6,3,3
Hordepwnr,sylvanas,288,druid,balance,6,3,3
Зонкс,gordunni,288,druid,balance,6,3,3
Vyzir,stormscale,288,druid,balance,6,3,3
Fayn,aggra-português,288,druid,balance,6,3,3
Faqbàdi,twisting-nether,288,druid,balance,6,3,3
Катяблум,gordunni,288,druid,balance,6,3,3
Блиденг,gordunni,288,druid,balance,6,3,3
Neincat,sylvanas,288,druid,balance,6,3,3
Durlehardu,archimonde,288,druid,balance,6,3,3
Maldrýn,stormscale,288,druid,balance,6,3,3
Ullainho,stormscale,288,druid,balance,6,3,3
Блэкфорест,gordunni,288,druid,balance,6,3,3
Jubbs,laughing-skull,288,druid,balance,6,3,3
Auden,arathor,288,druid,balance,6,3,3
Tritit,marécage-de-zangar,288,druid,balance,6,3,3
Framoin,archimonde,288,druid,balance,6,3,3
Хоточник,gordunni,288,druid,balance,6,3,3
Fishe,twisting-nether,288,druid,balance,6,3,3
Bámbí,sylvanas,288,druid,balance,6,3,3
Вооми,gordunni,288,druid,balance,6,3,3
Блинчек,gordunni,288,druid,balance,6,3,3
Dabulla,kazzak,288,druid,balance,6,3,3
Néøu,archimonde,288,druid,balance,6,3,3
Druidat,kazzak,288,druid,balance,6,3,3
Àyóorts,archimonde,288,druid,balance,6,3,3
Måckïngsx,the-maelstrom,288,druid,balance,6,3,3
Rêdx,archimonde,288,druid,balance,6,3,3
Lærken,the-maelstrom,288,druid,balance,6,3,3
Baubles,ghostlands,288,druid,balance,6,3,3
Barbulloup,hyjal,288,druid,balance,6,3,3
Ahylles,antonidas,288,druid,balance,6,3,3
Nareeik,tarren-mill,288,druid,balance,6,3,3
Lèthal,arakarahm,288,druid,balance,6,3,3
Treksta,draenor,288,druid,balance,6,3,3
Coogee,malganis,288,druid,balance,6,3,3
Jac,blackhand,288,druid,balance,6,3,3
Quinteness,silvermoon,288,druid,balance,6,3,3
Phike,blackrock,288,druid,balance,6,3,3
Cáptnmorgan,blackmoore,288,druid,balance,6,3,3
Djclonebot,kazzak,288,druid,balance,6,3,3
Prytek,turalyon,288,druid,balance,6,3,3
Seey,thrall,288,druid,balance,6,3,3
Blietmachine,ravencrest,288,druid,balance,6,3,3
Testopöllö,ravencrest,288,druid,balance,6,3,3
Pogoth,turalyon,288,druid,balance,6,3,3
Sweqt,argent-dawn,288,druid,balance,6,3,3
Ilus,outland,288,druid,balance,6,3,3
Bäckey,silvermoon,288,druid,balance,6,3,3
Nóque,ravencrest,288,druid,balance,6,3,3
Veilath,tarren-mill,288,druid,balance,6,3,3
Cursedmee,blackrock,288,druid,balance,6,3,3
Rbg,dun-modr,288,druid,balance,6,3,3
Motry,tarren-mill,288,druid,balance,6,3,3
Eysnd,blackrock,288,druid,balance,6,3,3
Ciwone,blackrock,288,druid,balance,6,3,3
Yeats,blackmoore,288,druid,balance,6,3,3
Sparkex,ravencrest,288,druid,balance,6,3,3
Kooglaash,kazzak,288,druid,balance,6,3,3
Knindza,tarren-mill,288,druid,balance,6,3,3
Vodkavodkaa,tarren-mill,288,druid,balance,6,3,3
Junglelist,antonidas,288,druid,balance,6,3,3
Emeskay,ravencrest,288,druid,balance,6,3,3
Cyclonejk,blackrock,288,druid,balance,6,3,3
Shermi,eredar,288,druid,balance,6,3,3
Irfrayl,antonidas,288,druid,balance,6,3,3
Drester,blackrock,288,druid,balance,6,3,3
Svantte,stormreaver,288,druid,balance,6,3,3
Leslra,agamaggan,288,druid,balance,6,3,3
Dinamitko,silvermoon,288,druid,balance,6,3,3
Chøpzjr,blackrock,288,druid,balance,6,3,3
Catgirlx,ravencrest,288,druid,balance,6,3,3
Flower,aggramar,288,druid,balance,6,3,3
Erelieva,silvermoon,288,druid,balance,6,3,3
Jirenthegrey,antonidas,288,druid,balance,6,3,3
Amakary,blackrock,288,druid,balance,6,3,3
Zagrem,antonidas,288,druid,balance,6,3,3
Hð,blackmoore,288,druid,balance,6,3,3
Garbagemonky,amanthul,288,druid,balance,6,3,3
Sucukk,antonidas,288,druid,balance,6,3,3
Yezzir,defias-brotherhood,288,druid,balance,6,3,3
Gnarrdrood,eredar,288,druid,balance,6,3,3
Byjiblznuk,kazzak,288,druid,balance,6,3,3
Furíouz,darksorrow,288,druid,balance,9,4,5
Bootydrooty,thrall,288,druid,balance,9,3,6
Astralcaller,kazzak,288,druid,balance,12,3,9
Zuwyldxd,blackrock,288,druid,balance,12,3,9
Kidow,wrathbringer,288,druid,balance,12,3,9
Ednaqt,grim-batol,288,druid,balance,12,3,9
Baracüda,draenor,288,druid,balance,12,3,9
Kivu,blackrock,288,druid,balance,12,3,9
Tayswiftmend,defias-brotherhood,288,druid,balance,12,3,9
Thruf,nemesis,288,druid,balance,12,3,9
Miyá,sylvanas,288,druid,balance,12,3,9
Thaneo,blackmoore,288,druid,balance,12,3,9
Groncowski,blackmoore,288,druid,balance,12,3,9
Enolcyc,frostmane,288,druid,balance,12,3,9
Segundø,archimonde,288,druid,balance,12,3,9
Loverace,dun-modr,288,druid,balance,12,3,9
Brujo,azjolnerub,288,druid,balance,12,3,9
Chavinelf,twisting-nether,288,druid,balance,12,3,9
Сейдр,grom,288,druid,balance,18,3,15
Dasgrandeur,kazzak,287,druid,balance,6,3,3
Walkao,tarren-mill,287,druid,balance,6,3,3
Bigcappa,ahnqiraj,287,druid,balance,6,3,3
Burren,auchindoun,286,druid,balance,13,3,10
Jhiun,ragnaros,256,druid,balance,4,4,0
Calligenia,antonidas,256,druid,balance,16,3,13
Bóssít,doomhammer,255,druid,balance,11,3,8
Sinyi,arathor,239,druid,balance,11,3,8
Qoatazinha,malganis,192,druid,balance,4,3,1
Bidochonne,ravencrest,192,druid,balance,6,2,4
Surgeshift,ravencrest,192,druid,balance,6,2,4
Fanboij,kazzak,192,druid,balance,6,2,4
Saliencias,kazzak,192,druid,balance,6,2,4
Chickenboss,sanguino,192,druid,balance,6,2,4
Spidete,sanguino,192,druid,balance,6,2,4
Maxiturbogay,stormscale,192,druid,balance,6,2,4
Héryse,hyjal,192,druid,balance,6,2,4
Erkerkerk,twisting-nether,192,druid,balance,6,2,4
Meatus,ragnaros,192,druid,balance,6,2,4
Luveena,kazzak,192,druid,balance,6,2,4
Chzycow,twisting-nether,192,druid,balance,6,2,4
Hotributionx,ravencrest,192,druid,balance,6,2,4
Foxglove,ravencrest,192,druid,balance,6,2,4
Galgaan,burning-legion,192,druid,balance,6,2,4
Harrasmoes,ravencrest,192,druid,balance,6,2,4
Baccon,ravencrest,192,druid,balance,6,2,4
Tallbutshort,stormscale,192,druid,balance,6,2,4
Emidrem,ravencrest,192,druid,balance,6,2,4
Wheyproteín,dun-modr,192,druid,balance,6,2,4
Trueforms,ravencrest,192,druid,balance,6,2,4
Druidbox,ravencrest,192,druid,balance,6,2,4
Halfaway,ravencrest,192,druid,balance,6,2,4
Varìx,ysondre,192,druid,balance,6,2,4
Borne,aggra-português,192,druid,balance,6,2,4
Rootbeamftw,ravencrest,192,druid,balance,6,2,4
Twodaysordie,ravencrest,192,druid,balance,6,2,4
Димитруа,howling-fjord,192,druid,balance,6,2,4
Nilatsfloda,quelthalas,192,druid,balance,6,2,4
Nakkikastike,magtheridon,192,druid,balance,6,2,4
Roidcat,twisting-nether,192,druid,balance,6,2,4
Deadlydudu,magtheridon,192,druid,balance,6,2,4
Hâyâbusa,antonidas,192,druid,balance,6,2,4
Natuh,outland,192,druid,balance,6,2,4
Ipossible,kazzak,192,druid,balance,6,2,4
Jimmyxdd,kazzak,192,druid,balance,6,2,4
Akiíra,twisting-nether,192,druid,balance,6,2,4
Jaffacakeqt,draenor,192,druid,balance,6,2,4
Kheluna,the-maelstrom,192,druid,balance,6,2,4
Малисеннта,gordunni,192,druid,balance,6,2,4
Phanos,twisting-nether,192,druid,balance,6,2,4
Fromeden,silvermoon,192,druid,balance,6,2,4
Chupapoya,pozzo-delleternità,192,druid,balance,6,2,4
Frenkiej,pozzo-delleternità,192,druid,balance,6,2,4
Kasiopee,hyjal,192,druid,balance,6,2,4
Faetish,hyjal,192,druid,balance,6,2,4
Уличныйиисус,azuregos,192,druid,balance,6,2,4
Nëko,chamber-of-aspects,192,druid,balance,6,2,4
Имбахилка,lich-king,192,druid,balance,6,2,4
Kaamirach,blackmoore,192,druid,balance,6,2,4
Skrewu,silvermoon,192,druid,balance,6,2,4
Коктявзер,deathweaver,192,druid,balance,6,2,4
Filderah,doomhammer,192,druid,balance,6,2,4
Tadoson,blackmoore,192,druid,balance,6,2,4
Lïlara,elune,192,druid,balance,6,2,4
Versality,lightnings-blade,192,druid,balance,6,2,4
Kotkacy,silvermoon,192,druid,balance,6,2,4
Feraflux,dragonblight,192,druid,balance,6,2,4
Pawnamera,norgannon,192,druid,balance,6,2,4
Снэйк,borean-tundra,192,druid,balance,6,2,4
Tamburoo,tarren-mill,192,druid,balance,6,2,4
Энокей,gordunni,192,druid,balance,6,2,4
Dresten,burning-blade,192,druid,balance,6,2,4
Дробовик,soulflayer,192,druid,balance,6,2,4
Старселлер,gordunni,192,druid,balance,6,2,4
Sorkoxd,silvermoon,192,druid,balance,6,2,4
Mmhcharal,voljin,192,druid,balance,6,2,4
Kwenden,arygos,192,druid,balance,6,2,4
Tranduiil,drakthul,192,druid,balance,6,2,4
Друнуар,gordunni,192,druid,balance,6,2,4
Werevolf,drakthul,192,druid,balance,6,2,4
Zolduran,archimonde,192,druid,balance,6,2,4
Катали,soulflayer,192,druid,balance,6,2,4
Csmedruid,blackrock,192,druid,balance,6,2,4
Луноэльф,gordunni,192,druid,balance,6,2,4
Blacksage,dragonmaw,192,druid,balance,6,2,4
Маалир,gordunni,192,druid,balance,6,2,4
Canezmvp,blackrock,192,druid,balance,6,2,4
Epidruid,stormrage,192,druid,balance,6,2,4
Paulskinbak,tarren-mill,192,druid,balance,6,2,4
Leliaen,sylvanas,192,druid,balance,6,2,4
Gurranq,argent-dawn,192,druid,balance,11,3,8
Sodniss,aggra-português,192,druid,balance,8,2,6
Aceeu,dalaran,192,druid,balance,9,2,7
Broasted,stormscale,192,druid,balance,12,2,10
Trækvinden,ravencrest,192,druid,balance,12,2,10
Leekroom,forscherliga,192,druid,balance,12,2,10
Darksthero,draenor,192,druid,balance,12,2,10
Fallingmoon,ravencrest,192,druid,balance,12,2,10
Shapeshiptur,argent-dawn,192,druid,balance,12,2,10
Zeromario,draenor,192,druid,balance,12,2,10
Nctmé,tarren-mill,192,druid,balance,12,2,10
Kramit,stormscale,192,druid,balance,12,2,10
Lelyssa,burning-legion,192,druid,balance,12,2,10
Onmyass,dragonblight,192,druid,balance,12,2,10
Sumbahe,blackrock,191,druid,balance,6,2,4
Millworgen,norgannon,191,druid,balance,6,2,4
Catbear,kazzak,191,druid,balance,6,2,4
Bönüs,cthun,191,druid,balance,6,2,4
Arrock,malfurion,191,druid,balance,12,2,10
Silvacustos,teldrassil,191,druid,balance,12,2,10
Drix,frostwolf,175,druid,balance,11,2,9
Vendeqt,aegwynn,159,druid,balance,5,2,3
Иосси,soulflayer,138,druid,balance,9,5,4
Покусаютебя,gordunni,138,druid,balance,10,3,7
Xaahl,archimonde,128,druid,balance,4,2,2
Tekilaz,sanguino,128,druid,balance,4,2,2
Delmond,sylvanas,127,druid,balance,8,2,6
Disclaimed,twisting-nether,96,druid,balance,3,2,1
Ligoz,silvermoon,96,druid,balance,3,2,1
Karyaga,tarren-mill,96,druid,balance,3,2,1
Котябра,gordunni,96,druid,balance,6,1,5
Ösdru,tarren-mill,96,druid,balance,6,1,5
Devióus,twilights-hammer,96,druid,balance,6,1,5
Lemónde,outland,96,druid,balance,6,1,5
Beginníng,outland,96,druid,balance,6,1,5
Сверххищникк,soulflayer,96,druid,balance,6,1,5
Пасторизсша,soulflayer,96,druid,balance,6,1,5
Druidlaba,drakthul,96,druid,balance,6,1,5
Маминапуська,soulflayer,96,druid,balance,6,1,5
Ãnimal,argent-dawn,96,druid,balance,6,1,5
Druidja,sylvanas,96,druid,balance,6,1,5
Wafflecat,outland,96,druid,balance,6,1,5
Skinnyleg,baelgun,96,druid,balance,6,1,5
Tykè,outland,96,druid,balance,6,1,5
Teog,stormreaver,96,druid,balance,6,1,5
Brownny,dun-modr,96,druid,balance,6,1,5
Nermax,kazzak,96,druid,balance,6,1,5
Astarhot,cthun,96,druid,balance,6,1,5
Tàazz,sargeras,96,druid,balance,6,1,5
Môõn,tarren-mill,96,druid,balance,6,1,5
Bellatrx,darksorrow,96,druid,balance,6,1,5
Nayemi,blackmoore,96,druid,balance,6,1,5
Blazor,eredar,96,druid,balance,6,1,5
Dramweida,eredar,96,druid,balance,6,1,5
Druiduis,minahonda,96,druid,balance,6,1,5
Fakeztwo,eredar,96,druid,balance,6,1,5
Kaira,kazzak,96,druid,balance,6,1,5
Tortugo,dun-modr,96,druid,balance,6,1,5
Liegremmah,blackmoore,96,druid,balance,6,1,5
Yööi,nemesis,96,druid,balance,6,1,5
Siahra,khaz-modan,96,druid,balance,6,1,5
Cattdamon,outland,96,druid,balance,6,1,5
Scarykejton,draenor,96,druid,balance,6,1,5
Wolfverine,dentarg,96,druid,balance,6,1,5
Арбузир,howling-fjord,96,druid,balance,6,1,5
Tigerbalm,ravenholdt,96,druid,balance,6,1,5
Reyk,sunstrider,96,druid,balance,6,1,5
Asrais,dun-modr,96,druid,balance,6,1,5
Herekitykity,frostmane,96,druid,balance,6,1,5
Stuntgirlcat,pozzo-delleternità,96,druid,balance,6,1,5
Fullcyclone,stormscale,96,druid,balance,6,1,5
Arún,nazjatar,96,druid,balance,6,1,5
Summër,los-errantes,96,druid,balance,6,1,5
Ayven,kazzak,96,druid,balance,6,1,5
Pudseytree,doomhammer,96,druid,balance,6,1,5
Eredhion,stormscale,96,druid,balance,6,1,5
Panigale,dun-modr,96,druid,balance,6,1,5
Frequentist,ragnaros,96,druid,balance,6,1,5
Ghostdoggie,stormscale,96,druid,balance,6,1,5
Hotseîdank,blackrock,96,druid,balance,6,1,5
Dreathie,kazzak,96,druid,balance,6,1,5
Spielmann,ravencrest,96,druid,balance,6,1,5
Xwerzz,stormscale,96,druid,balance,6,1,5
Zaerox,ambossar,96,druid,balance,6,1,5
Garudax,blackrock,96,druid,balance,6,1,5
Razah,ravencrest,96,druid,balance,6,1,5
Whelpss,archimonde,96,druid,balance,6,1,5
Lilkâzzam,blackrock,96,druid,balance,6,1,5
Ghxsty,silvermoon,96,druid,balance,6,1,5
Samuelito,ravencrest,96,druid,balance,6,1,5
Plankface,ravencrest,96,druid,balance,13,2,11
Mondino,blackrock,96,druid,balance,12,1,11
Grynoth,silvermoon,96,druid,balance,12,1,11
Tarendil,argent-dawn,96,druid,balance,12,1,11
Stanjr,archimonde,96,druid,balance,12,1,11
Negríno,cthun,95,druid,balance,3,2,1
Gawsworth,aerie-peak,95,druid,balance,6,1,5
Kocovali,frostmane,95,druid,balance,6,1,5
Qb,blackrock,79,druid,balance,5,1,4
Revoidý,blackmoore,79,druid,balance,5,1,4
Mûcke,kazzak,79,druid,balance,5,1,4
Kodobursto,stormscale,79,druid,balance,6,1,5
Ушастикэ,gordunni,64,druid,balance,4,1,3
Møønlight,scarshield-legion,48,druid,balance,3,1,2
Exïlla,archimonde,48,druid,balance,3,1,2
Madschinken,malganis,42,druid,balance,8,2,6
Melonjuicer,argent-dawn,42,druid,balance,9,2,7
Tiemyrôpe,outland,31,druid,balance,2,1,1
Nalreaa,kazzak,31,druid,balance,8,1,7
Báttlx,blackrock,16,druid,balance,7,1,6
Kankethyr,korgall,2241,evoker,preservation,107,64,43
Гачитварь,galakrond,2194,evoker,preservation,245,126,119
Nesedon,stormscale,2170,evoker,preservation,239,127,112
Bodytypezero,terenas,2169,evoker,preservation,110,62,48
Бедныйгрузин,howling-fjord,2146,evoker,preservation,72,43,29
Zychodrac,draenor,2145,evoker,preservation,148,74,74
Néthy,argent-dawn,2131,evoker,preservation,108,60,48
Sukkmymadnes,draenor,2120,evoker,preservation,79,39,40
Сансетшторм,gordunni,2119,evoker,preservation,88,47,41
Kronata,sanguino,2112,evoker,preservation,102,45,57
Dn,shattered-hand,2111,evoker,preservation,89,46,43
Haxyia,outland,2083,evoker,preservation,120,63,57
Dragonsweat,hyjal,2039,evoker,preservation,114,61,53
Nerfevøker,ragnaros,2010,evoker,preservation,88,45,43
Humòngóus,kazzak,2008,evoker,preservation,54,29,25
Sinéstrà,antonidas,2005,evoker,preservation,216,111,105
Gardennewt,ravencrest,2001,evoker,preservation,78,39,39
Drogon,shendralar,1992,evoker,preservation,84,48,36
Najikí,tarren-mill,1992,evoker,preservation,83,45,38
Xays,ravencrest,1987,evoker,preservation,100,50,50
Theories,blackhand,1977,evoker,preservation,110,54,56
Puzikloh,ravencrest,1973,evoker,preservation,42,23,19
Ноубадиаттак,soulflayer,1963,evoker,preservation,102,49,53
Ramfurry,kazzak,1962,evoker,preservation,120,63,57
Smellybreath,ravencrest,1961,evoker,preservation,48,27,21
Шафлэнжоер,fordragon,1958,evoker,preservation,30,22,8
Dizablise,burning-legion,1954,evoker,preservation,59,33,26
Lazey,stormscale,1940,evoker,preservation,84,46,38
Jamesdéan,twisting-nether,1939,evoker,preservation,90,60,30
Podonok,ravencrest,1932,evoker,preservation,84,45,39
Seafolk,stormscale,1927,evoker,preservation,217,119,98
Onelastdance,ravencrest,1922,evoker,preservation,71,61,10
Dragondaddy,eredar,1917,evoker,preservation,114,63,51
Rvrsl,outland,1916,evoker,preservation,96,48,48
Amadeusx,ravencrest,1910,evoker,preservation,90,46,44
Waifuwu,blackhand,1900,evoker,preservation,175,85,90
Huxleysroar,draenor,1888,evoker,preservation,54,26,28
Ðåñîq,kazzak,1888,evoker,preservation,89,38,51
Phnx,blackrock,1886,evoker,preservation,246,125,121
Matrixslave,tarren-mill,1875,evoker,preservation,81,46,35
Vokedrak,eredar,1875,evoker,preservation,66,32,34
Myxiwinxy,archimonde,1872,evoker,preservation,30,20,10
Plogi,twisting-nether,1869,evoker,preservation,54,32,22
Ipho,twisting-nether,1856,evoker,preservation,100,45,55
Titnoute,archimonde,1856,evoker,preservation,60,25,35
Bodytypefour,stormscale,1854,evoker,preservation,66,28,38
Zimbello,nemesis,1849,evoker,preservation,54,34,20
Myshagini,ravencrest,1846,evoker,preservation,45,27,18
Æzorahai,area-52,1845,evoker,preservation,72,33,39
Bümber,stormscale,1835,evoker,preservation,129,64,65
Drookun,outland,1834,evoker,preservation,51,30,21
Yulinex,argent-dawn,1833,evoker,preservation,160,92,68
Jakelóng,ravencrest,1818,evoker,preservation,52,25,27
Justyowxs,archimonde,1817,evoker,preservation,85,49,36
Béatér,aegwynn,1816,evoker,preservation,72,41,31
Smâûg,silvermoon,1812,evoker,preservation,48,27,21
Mixn,argent-dawn,1812,evoker,preservation,93,41,52
Gneltharion,draenor,1811,evoker,preservation,68,31,37
Infidus,ravencrest,1810,evoker,preservation,145,82,63
Puffthemagic,archimonde,1810,evoker,preservation,60,28,32
Dragonmeta,kazzak,1808,evoker,preservation,36,19,17
Dreamwalk,archimonde,1806,evoker,preservation,24,19,5
Wakûwakû,kazzak,1805,evoker,preservation,135,72,63
Evokis,tarren-mill,1804,evoker,preservation,71,40,31
Трейш,soulflayer,1804,evoker,preservation,90,42,48
Keñwøød,ysondre,1803,evoker,preservation,60,33,27
Cptdrakon,twisting-nether,1802,evoker,preservation,77,43,34
Lerrastrasza,zirkel-des-cenarius,1802,evoker,preservation,48,24,24
Alusiedrake,ravencrest,1800,evoker,preservation,295,163,132
Talim,terrordar,1800,evoker,preservation,78,37,41
Dracthal,blackmoore,1793,evoker,preservation,36,19,17
Лабирон,blackscar,1789,evoker,preservation,54,24,30
Swainsupp,archimonde,1776,evoker,preservation,42,19,23
Nakavoker,arygos,1763,evoker,preservation,79,34,45
Антошадф,gordunni,1760,evoker,preservation,54,29,25
Froststraza,chamber-of-aspects,1758,evoker,preservation,54,27,27
Healevoker,aegwynn,1755,evoker,preservation,177,85,92
Asyncgosa,ravencrest,1749,evoker,preservation,60,25,35
Ripgódx,bronzebeard,1740,evoker,preservation,330,171,159
Baiyuekui,blackmoore,1740,evoker,preservation,375,183,192
Kalevra,eredar,1737,evoker,preservation,105,56,49
Phyrrax,silvermoon,1732,evoker,preservation,36,22,14
Drakela,frostwhisper,1732,evoker,preservation,42,22,20
Ezinice,hyjal,1726,evoker,preservation,64,30,34
Brynesuge,ragnaros,1721,evoker,preservation,45,25,20
Lurkî,blackhand,1720,evoker,preservation,155,71,84
Camdaddy,magtheridon,1715,evoker,preservation,117,60,57
Âspên,archimonde,1714,evoker,preservation,75,39,36
Bugdul,twisting-nether,1713,evoker,preservation,74,46,28
Даэдра,gordunni,1712,evoker,preservation,186,94,92
Ранкондракон,lich-king,1712,evoker,preservation,95,42,53
Maxthecar,draenor,1710,evoker,preservation,136,87,49
Branados,argent-dawn,1707,evoker,preservation,36,22,14
Novvae,hyjal,1704,evoker,preservation,60,32,28
Carrotz,doomhammer,1703,evoker,preservation,60,28,32
Yayaxoxoxoxo,hyjal,1702,evoker,preservation,42,21,21
Themasktw,kazzak,1702,evoker,preservation,58,25,33
Nyghtx,sanguino,1698,evoker,preservation,100,45,55
Detdragetid,zenedar,1696,evoker,preservation,90,37,53
Ятромантис,gordunni,1691,evoker,preservation,458,241,217
Хронолиса,blackscar,1690,evoker,preservation,216,110,106
Аскми,blackscar,1690,evoker,preservation,96,43,53
Tombeelee,kazzak,1687,evoker,preservation,36,21,15
Nivoker,kazzak,1687,evoker,preservation,51,24,27
Evoxter,twisting-nether,1686,evoker,preservation,36,26,10
Ms,ravencrest,1683,evoker,preservation,46,24,22
Reska,archimonde,1678,evoker,preservation,54,25,29
Mìnos,drakthul,1677,evoker,preservation,36,18,18
Sính,ravencrest,1673,evoker,preservation,36,22,14
Jkdrage,stormscale,1670,evoker,preservation,36,19,17
Häröpallo,stormscale,1669,evoker,preservation,75,44,31
Malboroasted,archimonde,1665,evoker,preservation,48,25,23
Mixoö,throkferoth,1664,evoker,preservation,78,39,39
Драконсила,gordunni,1663,evoker,preservation,41,21,20
Eryot,aggra-português,1660,evoker,preservation,54,25,29
Thèrèse,hyjal,1658,evoker,preservation,42,20,22
Ambuy,kazzak,1656,evoker,preservation,35,21,14
Setraxia,argent-dawn,1655,evoker,preservation,112,69,43
Sebek,archimonde,1653,evoker,preservation,33,19,14
Штеци,howling-fjord,1650,evoker,preservation,402,198,204
Gardenewt,ravencrest,1647,evoker,preservation,42,21,21
Devidra,defias-brotherhood,1645,evoker,preservation,111,47,64
Roth,stormreaver,1637,evoker,preservation,208,104,104
Nahfr,terenas,1633,evoker,preservation,49,23,26
Shroudflight,draenor,1632,evoker,preservation,54,23,31
Rüllatorsven,stormscale,1631,evoker,preservation,36,21,15
Тирэсплюс,soulflayer,1630,evoker,preservation,30,17,13
Kaipha,ravencrest,1630,evoker,preservation,59,29,30
Kackaloch,tarren-mill,1625,evoker,preservation,69,37,32
Dwagonzuv,the-maelstrom,1624,evoker,preservation,60,36,24
Aeste,dun-modr,1624,evoker,preservation,42,23,19
Methamfetami,kazzak,1619,evoker,preservation,72,40,32
Эндемический,soulflayer,1618,evoker,preservation,73,34,39
Chasxstrasza,ravencrest,1616,evoker,preservation,54,20,34
Akaos,silvermoon,1613,evoker,preservation,38,20,18
Blueaizu,draenor,1612,evoker,preservation,137,78,59
Bònéz,blackmoore,1612,evoker,preservation,107,50,57
Fartinhaler,ravencrest,1611,evoker,preservation,56,34,22
Адоннис,gordunni,1611,evoker,preservation,30,17,13
Adriia,draenor,1610,evoker,preservation,24,17,7
Valtion,stormscale,1607,evoker,preservation,36,19,17
Hjucen,twisting-nether,1603,evoker,preservation,90,49,41
Потныйдракон,soulflayer,1603,evoker,preservation,42,20,22
Пидрактир,soulflayer,1602,evoker,preservation,54,26,28
Castytopg,blackrock,1602,evoker,preservation,36,17,19
Bråckie,draenor,1600,evoker,preservation,84,49,35
Malowux,outland,1600,evoker,preservation,36,19,17
Crocodeal,ysondre,1593,evoker,preservation,48,26,22
Ксенондрейк,gordunni,1591,evoker,preservation,36,17,19
Wernøker,archimonde,1591,evoker,preservation,48,20,28
Dragnthsnuts,sylvanas,1590,evoker,preservation,50,26,24
Ystarblaze,tarren-mill,1590,evoker,preservation,57,26,31
Cellv,kazzak,1586,evoker,preservation,54,26,28
Scarydragôn,draenor,1584,evoker,preservation,134,77,57
Omac,sylvanas,1582,evoker,preservation,36,20,16
Odensbest,silvermoon,1580,evoker,preservation,79,48,31
Dragarius,tarren-mill,1580,evoker,preservation,48,19,29
Didii,frostwhisper,1576,evoker,preservation,171,83,88
Dedx,sylvanas,1573,evoker,preservation,34,18,16
Websensation,twisting-nether,1572,evoker,preservation,66,24,42
Gracyn,ravencrest,1570,evoker,preservation,30,20,10
Nahkiainen,darksorrow,1569,evoker,preservation,42,19,23
Flowerscale,tarren-mill,1567,evoker,preservation,51,19,32
Kuramir,twisting-nether,1560,evoker,preservation,54,27,27
Kitoed,aegwynn,1559,evoker,preservation,48,29,19
Eidachsal,antonidas,1558,evoker,preservation,66,24,42
Lytër,sanguino,1555,evoker,preservation,141,75,66
Vydrag,der-rat-von-dalaran,1553,evoker,preservation,35,17,18
Fearawr,malganis,1552,evoker,preservation,63,22,41
Zenvoker,silvermoon,1543,evoker,preservation,119,60,59
Valkroth,argent-dawn,1541,evoker,preservation,149,67,82
Antiflexx,ragnaros,1537,evoker,preservation,66,30,36
Нежныйболт,howling-fjord,1536,evoker,preservation,134,68,66
Nekrosdrake,tarren-mill,1536,evoker,preservation,60,30,30
Torae,burning-legion,1535,evoker,preservation,48,23,25
Sedricae,twisting-nether,1534,evoker,preservation,137,70,67
Dârys,kazzak,1531,evoker,preservation,36,16,20
Drakeadorie,twisting-nether,1528,evoker,preservation,24,16,8
Kirivoker,dun-modr,1526,evoker,preservation,65,31,34
Kharduk,outland,1525,evoker,preservation,40,19,21
Flouzzx,blackmoore,1525,evoker,preservation,36,16,20
Hornyxj,draenor,1521,evoker,preservation,48,16,32
Бадикабаер,thermaplugg,1514,evoker,preservation,182,96,86
Sinistrea,conseil-des-ombres,1512,evoker,preservation,117,65,52
Динамика,borean-tundra,1508,evoker,preservation,79,43,36
Дарконикс,gordunni,1508,evoker,preservation,98,44,54
Vimoker,trollbane,1502,evoker,preservation,90,42,48
Skypov,sylvanas,1498,evoker,preservation,41,24,17
Tenibris,die-nachtwache,1491,evoker,preservation,143,67,76
Tobbebakar,silvermoon,1490,evoker,preservation,48,22,26
Luderx,outland,1489,evoker,preservation,66,38,28
Fiiery,deathwing,1488,evoker,preservation,82,42,40
Polzeig,dentarg,1487,evoker,preservation,45,19,26
Obbwoke,ravencrest,1486,evoker,preservation,120,53,67
Lazurius,ravencrest,1485,evoker,preservation,66,26,40
Rgedrake,blackrock,1482,evoker,preservation,28,18,10
Ацидракон,blackscar,1481,evoker,preservation,83,35,48
Sakade,archimonde,1480,evoker,preservation,40,18,22
Ámenó,stormscale,1476,evoker,preservation,48,25,23
Drageye,tarren-mill,1474,evoker,preservation,84,48,36
Nexxà,archimonde,1472,evoker,preservation,57,41,16
Indragon,blackmoore,1471,evoker,preservation,63,29,34
Eagleflow,aszune,1469,evoker,preservation,85,41,44
Oldwhiteman,guldan,1465,evoker,preservation,52,25,27
Nanthira,darksorrow,1462,evoker,preservation,92,44,48
Fubukinoryuu,frostwolf,1455,evoker,preservation,64,37,27
Beefwing,xavius,1454,evoker,preservation,48,21,27
Féféledragon,archimonde,1452,evoker,preservation,62,24,38
Madelynxoxo,draenor,1450,evoker,preservation,30,25,5
Navilism,kazzak,1449,evoker,preservation,269,143,126
Dragoncya,archimonde,1447,evoker,preservation,72,33,39
Bigaluga,blackmoore,1446,evoker,preservation,54,22,32
Condrage,grim-batol,1445,evoker,preservation,42,22,20
Шкуроносец,gordunni,1442,evoker,preservation,36,20,16
Маркзук,gordunni,1442,evoker,preservation,60,30,30
Drackarys,tarren-mill,1437,evoker,preservation,54,30,24
Dazaar,kazzak,1435,evoker,preservation,30,21,9
Dokkàmxk,archimonde,1429,evoker,preservation,36,15,21
Natashtrasza,tarren-mill,1427,evoker,preservation,72,26,46
Мефодийевок,howling-fjord,1425,evoker,preservation,36,16,20
Sârmikas,blackhand,1420,evoker,preservation,30,15,15
Cheryl,aggra-português,1420,evoker,preservation,31,15,16
Орехдракона,gordunni,1418,evoker,preservation,30,16,14
Yeatsa,blackmoore,1417,evoker,preservation,24,15,9
Omnipøtens,silvermoon,1416,evoker,preservation,36,23,13
Th,stormscale,1415,evoker,preservation,48,32,16
Djrabtah,sargeras,1414,evoker,preservation,82,43,39
Вексалис,gordunni,1411,evoker,preservation,30,15,15
Lichbõrne,outland,1411,evoker,preservation,42,18,24
Evizard,nagrand,1407,evoker,preservation,53,30,23
Spiragon,ysondre,1406,evoker,preservation,154,76,78
Kuubski,ravencrest,1405,evoker,preservation,26,17,9
Alamostrasza,doomhammer,1404,evoker,preservation,36,15,21
Tarecgosa,sanguino,1403,evoker,preservation,204,96,108
Aêro,malganis,1403,evoker,preservation,50,22,28
Evoketing,tarren-mill,1396,evoker,preservation,24,15,9
Scalo,kazzak,1394,evoker,preservation,125,63,62
Cragheart,ravencrest,1391,evoker,preservation,60,28,32
Dracanus,bronze-dragonflight,1390,evoker,preservation,54,28,26
Nadoney,hyjal,1389,evoker,preservation,67,42,25
Dragio,blackrock,1387,evoker,preservation,48,25,23
Ammendorn,blackrock,1384,evoker,preservation,46,27,19
Azorgaron,outland,1383,evoker,preservation,60,26,34
Asraestrasz,silvermoon,1380,evoker,preservation,38,24,14
Jamiewing,ravencrest,1380,evoker,preservation,42,25,17
Evodorie,ravencrest,1371,evoker,preservation,26,15,11
Dothemath,blackmoore,1371,evoker,preservation,48,22,26
Superflyy,kazzak,1370,evoker,preservation,134,58,76
Badrig,silvermoon,1369,evoker,preservation,144,70,74
Thyrke,aegwynn,1366,evoker,preservation,70,38,32
Nagimurr,kazzak,1360,evoker,preservation,87,50,37
Filtendragon,stormscale,1360,evoker,preservation,37,18,19
Buqxrawrr,antonidas,1358,evoker,preservation,32,18,14
Matysniak,burning-legion,1355,evoker,preservation,51,24,27
Scalie,ravencrest,1353,evoker,preservation,54,31,23
Darigo,ravencrest,1353,evoker,preservation,30,16,14
Sarapakara,burning-blade,1351,evoker,preservation,36,18,18
Liliwood,ravencrest,1349,evoker,preservation,82,38,44
Evokazoran,dentarg,1349,evoker,preservation,78,27,51
Cinquanteuro,hyjal,1347,evoker,preservation,101,45,56
Choubalo,archimonde,1346,evoker,preservation,66,35,31
Rescuegirl,blackrock,1345,evoker,preservation,99,50,49
Varkoth,nemesis,1345,evoker,preservation,84,41,43
Cenca,blackmoore,1342,evoker,preservation,162,79,83
Drarent,hyjal,1340,evoker,preservation,54,24,30
Aphelïon,dun-modr,1339,evoker,preservation,107,52,55
Mugeki,burning-legion,1338,evoker,preservation,32,18,14
Profdrake,zuluhed,1337,evoker,preservation,24,14,10
Donns,frostmane,1335,evoker,preservation,46,27,19
Elleavo,tarren-mill,1334,evoker,preservation,36,14,22
Rhaenîra,twisting-nether,1333,evoker,preservation,36,20,16
Thellon,frostwolf,1333,evoker,preservation,91,47,44
Icemushu,twisting-nether,1331,evoker,preservation,24,14,10
Draevil,emerald-dream,1330,evoker,preservation,42,22,20
Loveheart,die-aldor,1330,evoker,preservation,94,41,53
Pelington,silvermoon,1329,evoker,preservation,59,27,32
Gissthebuzzy,dun-modr,1326,evoker,preservation,42,24,18
Saga,aegwynn,1325,evoker,preservation,154,77,77
Fetzi,blackhand,1324,evoker,preservation,126,63,63
Smrdimipytel,drakthul,1323,evoker,preservation,40,15,25
Sorextrazy,twisting-nether,1318,evoker,preservation,64,27,37
Uroegevoker,twisting-nether,1316,evoker,preservation,68,36,32
Ladrieth,hyjal,1316,evoker,preservation,65,31,34
Desnø,frostwolf,1315,evoker,preservation,37,21,16
Голденджо,gordunni,1315,evoker,preservation,59,21,38
Dägon,drakthul,1312,evoker,preservation,72,36,36
Xerragon,ravencrest,1306,evoker,preservation,60,20,40
Fredgobrr,tarren-mill,1305,evoker,preservation,102,62,40
Ludracy,antonidas,1301,evoker,preservation,102,54,48
Asinitaris,ravencrest,1300,evoker,preservation,77,42,35
Nonolildrake,ysondre,1297,evoker,preservation,82,46,36
Vahamut,argent-dawn,1297,evoker,preservation,42,22,20
Scarlexo,ravencrest,1297,evoker,preservation,47,22,25
Geckonen,stormreaver,1291,evoker,preservation,140,74,66
Flygfjås,stormscale,1288,evoker,preservation,57,28,29
Discodidling,silvermoon,1287,evoker,preservation,63,32,31
Samidr,ravencrest,1287,evoker,preservation,35,14,21
Drgnokn,silvermoon,1285,evoker,preservation,68,43,25
Malfø,exodar,1282,evoker,preservation,115,58,57
Cothikos,ysondre,1282,evoker,preservation,34,15,19
Xiomarita,frostmane,1280,evoker,preservation,60,29,31
Drashiku,zuljin,1280,evoker,preservation,42,14,28
Draxaer,outland,1278,evoker,preservation,116,60,56
Lynastrasza,silvermoon,1274,evoker,preservation,147,78,69
Hyggëê,sanguino,1273,evoker,preservation,51,22,29
Stormwing,twilights-hammer,1272,evoker,preservation,29,19,10
Bambusák,draenor,1271,evoker,preservation,58,29,29
Drackheal,kaelthas,1270,evoker,preservation,47,27,20
Vaermithor,tarren-mill,1270,evoker,preservation,59,33,26
Vyron,amanthul,1270,evoker,preservation,46,19,27
Iphonetwo,ravencrest,1267,evoker,preservation,23,17,6
Thundermifln,nemesis,1266,evoker,preservation,48,26,22
Dragonerr,kiljaeden,1264,evoker,preservation,47,25,22
Howtodragon,twisting-nether,1262,evoker,preservation,48,26,22
Mortlalune,conseil-des-ombres,1260,evoker,preservation,154,78,76
Nagoli,silvermoon,1250,evoker,preservation,55,26,29
Dinotron,uldaman,1249,evoker,preservation,54,27,27
Lynt,burning-blade,1248,evoker,preservation,66,34,32
Nazalath,eonar,1245,evoker,preservation,42,18,24
Патриотика,howling-fjord,1244,evoker,preservation,95,45,50
Dargenpont,turalyon,1244,evoker,preservation,30,13,17
Crottedezen,archimonde,1243,evoker,preservation,30,13,17
Apaçi,ravencrest,1243,evoker,preservation,51,19,32
Chronowalker,ragnaros,1242,evoker,preservation,24,13,11
Glouglouti,drekthar,1241,evoker,preservation,42,21,21
Ithijin,blackmoore,1241,evoker,preservation,59,27,32
Kymura,archimonde,1239,evoker,preservation,30,13,17
Тектрис,howling-fjord,1238,evoker,preservation,126,58,68
Jimmytrivet,archimonde,1237,evoker,preservation,51,23,28
Draskathyr,sylvanas,1236,evoker,preservation,24,13,11
Drachenlilie,aegwynn,1235,evoker,preservation,24,13,11
Bubbleblower,stormscale,1231,evoker,preservation,18,13,5
Beenus,doomhammer,1228,evoker,preservation,36,24,12
Драгоблуд,soulflayer,1227,evoker,preservation,54,25,29
Âbs,archimonde,1227,evoker,preservation,99,41,58
Smokitor,kazzak,1223,evoker,preservation,48,24,24
Raøug,blackmoore,1222,evoker,preservation,42,14,28
Douevnfly,ravencrest,1220,evoker,preservation,44,26,18
Stjáuni,ravencrest,1219,evoker,preservation,58,29,29
Nynnaydoth,drakthul,1219,evoker,preservation,42,19,23
Мвпгуччи,blackscar,1219,evoker,preservation,36,13,23
Verithian,kazzak,1218,evoker,preservation,36,19,17
Drakdilla,tarren-mill,1216,evoker,preservation,24,13,11
Shnptyr,ragnaros,1215,evoker,preservation,42,22,20
Lojinevo,twisting-nether,1215,evoker,preservation,95,43,52
Kekvoker,antonidas,1213,evoker,preservation,72,35,37
Ruinastrasza,silvermoon,1212,evoker,preservation,24,13,11
Wrcdragon,drakthul,1212,evoker,preservation,136,60,76
Varaug,veklor,1211,evoker,preservation,40,25,15
Muccavok,stormrage,1211,evoker,preservation,54,30,24
Awaboo,draenor,1210,evoker,preservation,24,13,11
Slimygecko,ravencrest,1210,evoker,preservation,41,22,19
Flyingaway,tarren-mill,1209,evoker,preservation,42,19,23
Groovyy,hyjal,1204,evoker,preservation,48,30,18
Bestofriendo,eredar,1204,evoker,preservation,36,20,16
Elenaevoker,stormscale,1203,evoker,preservation,50,26,24
Whitelizzard,tarren-mill,1199,evoker,preservation,60,29,31
Dragonspaff,argent-dawn,1199,evoker,preservation,30,14,16
Erhvoker,veknilash,1199,evoker,preservation,111,47,64
Yeetsera,thrall,1195,evoker,preservation,58,25,33
Sibvoker,kazzak,1188,evoker,preservation,108,52,56
Salamanderx,stormscale,1186,evoker,preservation,22,14,8
Uztfuzt,blackmoore,1185,evoker,preservation,44,29,15
Belkavoker,zirkel-des-cenarius,1177,evoker,preservation,42,14,28
Sissilisko,sylvanas,1176,evoker,preservation,22,14,8
Breall,tarren-mill,1175,evoker,preservation,316,144,172
Zethreus,silvermoon,1170,evoker,preservation,58,30,28
Dayandnight,quelthalas,1170,evoker,preservation,60,28,32
Aphi,frostwolf,1170,evoker,preservation,57,26,31
Saucy,sanguino,1166,evoker,preservation,43,26,17
Anso,sanguino,1164,evoker,preservation,53,26,27
Tennin,thrall,1157,evoker,preservation,45,27,18
Dracobelli,drakthul,1157,evoker,preservation,30,14,16
Amaterãsu,kazzak,1154,evoker,preservation,77,37,40
Jmy,bloodhoof,1152,evoker,preservation,18,12,6
Elcocodrilo,tarren-mill,1152,evoker,preservation,18,12,6
Dracum,kazzak,1152,evoker,preservation,24,12,12
Odiin,dun-modr,1151,evoker,preservation,21,13,8
Hehehihihaha,ravencrest,1151,evoker,preservation,24,12,12
Mistrßroducr,stormreaver,1151,evoker,preservation,24,12,12
Conwoker,ravencrest,1151,evoker,preservation,24,12,12
Siìre,thrall,1150,evoker,preservation,12,12,0
Theocean,turalyon,1149,evoker,preservation,151,65,86
Dractarys,arathi,1148,evoker,preservation,60,34,26
Veryspikes,twisting-nether,1148,evoker,preservation,30,12,18
Dragawn,grim-batol,1147,evoker,preservation,73,41,32
Sárkány,ravencrest,1146,evoker,preservation,24,12,12
Reptak,stormscale,1146,evoker,preservation,24,12,12
Sürion,grim-batol,1145,evoker,preservation,18,12,6
Uwudyret,tarren-mill,1145,evoker,preservation,30,12,18
Draelaynex,eredar,1145,evoker,preservation,30,12,18
Cryuu,burning-legion,1144,evoker,preservation,30,12,18
Sinusiitiis,destromath,1142,evoker,preservation,18,12,6
Ryujíin,kazzak,1139,evoker,preservation,23,12,11
Nisiris,doomhammer,1139,evoker,preservation,58,29,29
Etier,aegwynn,1139,evoker,preservation,24,12,12
Steeken,haomarush,1130,evoker,preservation,54,26,28
Adnoc,tarren-mill,1124,evoker,preservation,19,13,6
Djolero,silvermoon,1124,evoker,preservation,60,28,32
Jurrassic,defias-brotherhood,1119,evoker,preservation,33,20,13
Schenlong,kelthuzad,1112,evoker,preservation,36,18,18
Drachenglas,antonidas,1112,evoker,preservation,30,13,17
Hems,bronzebeard,1111,evoker,preservation,40,22,18
Huusdrache,outland,1107,evoker,preservation,34,14,20
Xorago,guldan,1101,evoker,preservation,36,14,22
Tusibi,hyjal,1100,evoker,preservation,47,32,15
Алекстраса,blackscar,1097,evoker,preservation,30,16,14
Dmn,defias-brotherhood,1097,evoker,preservation,54,24,30
Saphirá,hyjal,1094,evoker,preservation,28,13,15
Эбиб,gordunni,1092,evoker,preservation,60,32,28
Deathwinng,twisting-nether,1090,evoker,preservation,66,26,40
Asgá,kazzak,1087,evoker,preservation,23,12,11
Singe,nemesis,1081,evoker,preservation,48,12,36
Drakeish,kazzak,1077,evoker,preservation,29,13,16
Blackli,kazzak,1074,evoker,preservation,33,14,19
Tsukiko,archimonde,1074,evoker,preservation,31,12,19
Dreiwyn,kazzak,1072,evoker,preservation,30,20,10
Pikiscalez,bronzebeard,1072,evoker,preservation,24,12,12
Kyrathir,hyjal,1069,evoker,preservation,30,12,18
Iblvicanfly,stormscale,1067,evoker,preservation,25,13,12
Kurger,twisting-nether,1062,evoker,preservation,53,18,35
Folevo,stormreaver,1061,evoker,preservation,235,105,130
Wingzy,chogall,1059,evoker,preservation,201,93,108
Lizardofoz,argent-dawn,1058,evoker,preservation,30,18,12
Вискписк,soulflayer,1056,evoker,preservation,12,11,1
Berlyvoke,stormscale,1056,evoker,preservation,18,11,7
Kremost,sylvanas,1056,evoker,preservation,30,11,19
Шадофдрагон,deathweaver,1055,evoker,preservation,42,28,14
Lacer,minahonda,1055,evoker,preservation,30,11,19
Srache,frostwolf,1054,evoker,preservation,24,11,13
Àtòmìc,malorne,1053,evoker,preservation,24,11,13
Bombrush,ragnaros,1052,evoker,preservation,27,15,12
Parodize,thrall,1051,evoker,preservation,24,11,13
Pokemongame,draenor,1049,evoker,preservation,18,11,7
Dragonsimp,archimonde,1047,evoker,preservation,18,11,7
Уконэ,blackscar,1047,evoker,preservation,30,12,18
Drakkujjer,twisting-nether,1046,evoker,preservation,18,11,7
Zeigrem,antonidas,1044,evoker,preservation,12,11,1
Gilgakek,darksorrow,1042,evoker,preservation,50,17,33
Elaijaz,turalyon,1040,evoker,preservation,18,14,4
Predatax,drakthul,1039,evoker,preservation,142,71,71
Detixbae,blackrock,1037,evoker,preservation,29,11,18
Morlie,argent-dawn,1036,evoker,preservation,76,36,40
Kharalambos,stormscale,1036,evoker,preservation,36,13,23
Thedrake,aegwynn,1034,evoker,preservation,47,28,19
Antistrasza,argent-dawn,1033,evoker,preservation,48,22,26
Kujira,draenor,1032,evoker,preservation,21,13,8
Spirow,archimonde,1032,evoker,preservation,30,17,13
Dontiá,draenor,1032,evoker,preservation,63,30,33
Chrisú,thrall,1029,evoker,preservation,30,12,18
Hios,twisting-nether,1028,evoker,preservation,24,16,8
Ohcaralho,outland,1028,evoker,preservation,50,19,31
Athyrstria,blackmoore,1028,evoker,preservation,65,18,47
Zathîel,argent-dawn,1026,evoker,preservation,149,64,85
Бунтз,howling-fjord,1022,evoker,preservation,23,11,12
Drazor,blackhand,1021,evoker,preservation,23,11,12
Snällaldo,bladefist,1020,evoker,preservation,16,12,4
Aezthaza,outland,1018,evoker,preservation,26,12,14
Offering,ravencrest,1015,evoker,preservation,30,11,19
Dragonna,argent-dawn,1013,evoker,preservation,99,43,56
Гопоп,gordunni,1011,evoker,preservation,31,14,17
Dreamiee,kazzak,1008,evoker,preservation,54,20,34
Jaje,nerathor,1006,evoker,preservation,23,11,12
Chronicryder,draenor,1004,evoker,preservation,21,11,10
Pigioto,silvermoon,1002,evoker,preservation,210,104,106
Archont,eredar,999,evoker,preservation,42,12,30
Viodragon,blackrock,998,evoker,preservation,33,13,20
Rafale,the-maelstrom,989,evoker,preservation,117,56,61
Tf,doomhammer,988,evoker,preservation,40,15,25
Jhoanna,grim-batol,987,evoker,preservation,48,25,23
Palindre,argent-dawn,987,evoker,preservation,29,14,15
Deadfyre,dun-modr,986,evoker,preservation,30,15,15
Blackwing,twilights-hammer,986,evoker,preservation,28,11,17
Viseron,zuljin,983,evoker,preservation,99,35,64
Zaverion,nathrezim,977,evoker,preservation,30,13,17
Kàzuée,outland,969,evoker,preservation,42,14,28
Мйлкйвей,deathguard,968,evoker,preservation,40,25,15
Reddeaddrago,silvermoon,966,evoker,preservation,44,24,20
Алифсе,howling-fjord,965,evoker,preservation,84,23,61
Drakares,la-croisade-écarlate,962,evoker,preservation,54,19,35
Ecovoker,outland,960,evoker,preservation,18,10,8
Yavak,blackmoore,960,evoker,preservation,18,10,8
Mauül,ravencrest,959,evoker,preservation,12,10,2
Síire,ravencrest,958,evoker,preservation,12,10,2
Mithrandir,marécage-de-zangar,957,evoker,preservation,24,10,14
Baszz,aegwynn,955,evoker,preservation,24,10,14
Kleftra,stormscale,954,evoker,preservation,18,10,8
Yorfyr,ravencrest,953,evoker,preservation,31,13,18
Hool,silvermoon,951,evoker,preservation,132,63,69
Thymian,ambossar,951,evoker,preservation,104,48,56
Bobonakia,sylvanas,950,evoker,preservation,24,10,14
Slashlowe,archimonde,948,evoker,preservation,40,18,22
Drogøn,khaz-modan,947,evoker,preservation,24,10,14
Scaleyfurry,azshara,941,evoker,preservation,21,12,9
Lînkôs,aegwynn,938,evoker,preservation,71,35,36
Dracwyn,shattrath,938,evoker,preservation,25,11,14
Винтер,azuregos,935,evoker,preservation,19,11,8
Vozzat,stormscale,934,evoker,preservation,24,11,13
Draklorn,moonglade,933,evoker,preservation,75,36,39
Dracnass,silvermoon,930,evoker,preservation,18,10,8
Retyss,twisting-nether,916,evoker,preservation,302,144,158
Тирдде,deathweaver,914,evoker,preservation,102,48,54
Vores,norgannon,908,evoker,preservation,59,26,33
Cárried,twilights-hammer,902,evoker,preservation,33,11,22
Canitabravar,cthun,898,evoker,preservation,60,30,30
Morsan,tichondrius,896,evoker,preservation,42,20,22
Marasz,silvermoon,893,evoker,preservation,42,22,20
Eosin,blackrock,890,evoker,preservation,23,10,13
Абьюз,galakrond,886,evoker,preservation,191,94,97
Drakars,kazzak,886,evoker,preservation,62,27,35
Doriangray,drakthul,884,evoker,preservation,20,11,9
Domynevoc,hyjal,884,evoker,preservation,49,23,26
Drachi,ambossar,880,evoker,preservation,78,35,43
Drâcarys,destromath,879,evoker,preservation,25,13,12
Mergwahlbark,hyjal,878,evoker,preservation,29,10,19
Drazikz,archimonde,877,evoker,preservation,64,31,33
Dioni,sylvanas,873,evoker,preservation,39,15,24
Jamesdouglas,eredar,867,evoker,preservation,18,10,8
Minikuja,culte-de-la-rive-noire,867,evoker,preservation,56,22,34
Dekaralol,ravencrest,864,evoker,preservation,12,9,3
Antifightx,kazzak,864,evoker,preservation,12,9,3
Moondraka,outland,864,evoker,preservation,18,9,9
Dragonello,stormscale,864,evoker,preservation,18,9,9
Drgigapump,blackmoore,864,evoker,preservation,18,9,9
Мишанячешуя,gordunni,863,evoker,preservation,12,9,3
Cupcâke,dalaran,863,evoker,preservation,18,9,9
Nassuada,dalaran,863,evoker,preservation,18,9,9
Dracronix,the-maelstrom,863,evoker,preservation,18,9,9
Lytër,dun-modr,863,evoker,preservation,19,9,10
Anlong,alakir,863,evoker,preservation,23,10,13
Teneja,malganis,863,evoker,preservation,24,9,15
Zygumy,hyjal,862,evoker,preservation,18,9,9
Навидх,howling-fjord,862,evoker,preservation,24,9,15
Blazeros,sylvanas,861,evoker,preservation,36,15,21
Mistvoke,kazzak,860,evoker,preservation,18,9,9
Lithnxv,bladefist,859,evoker,preservation,18,9,9
Orocimaaru,pozzo-delleternità,858,evoker,preservation,18,9,9
Evok,deathwing,858,evoker,preservation,24,10,14
Drakmool,ysondre,858,evoker,preservation,30,12,18
Setoc,blackrock,857,evoker,preservation,19,9,10
Nedflanderss,silvermoon,856,evoker,preservation,18,9,9
Haawwt,eredar,852,evoker,preservation,18,9,9
Azurewings,argent-dawn,851,evoker,preservation,65,23,42
Javåscript,outland,849,evoker,preservation,18,9,9
Damssx,medivh,847,evoker,preservation,33,13,20
Drâkarys,khaz-modan,845,evoker,preservation,57,21,36
Yadormi,sylvanas,843,evoker,preservation,60,28,32
Sumo,burning-legion,841,evoker,preservation,36,16,20
Avizz,tarren-mill,837,evoker,preservation,23,12,11
Zerario,blackhand,827,evoker,preservation,23,9,14
Viseriðn,archimonde,827,evoker,preservation,24,9,15
Miumyuki,drakthul,815,evoker,preservation,54,21,33
Мэриджэин,soulflayer,809,evoker,preservation,21,9,12
Aayala,dalaran,806,evoker,preservation,21,9,12
Nochance,dentarg,795,evoker,preservation,127,45,82
Dratheon,dun-modr,794,evoker,preservation,32,10,22
Cheapdragon,tarren-mill,791,evoker,preservation,45,18,27
Верметор,soulflayer,773,evoker,preservation,90,27,63
Myshavion,hyjal,768,evoker,preservation,12,8,4
Kanketopg,kazzak,768,evoker,preservation,12,8,4
Zendaë,archimonde,768,evoker,preservation,12,8,4
Nst,zuljin,768,evoker,preservation,12,8,4
Nhoru,stormscale,768,evoker,preservation,12,8,4
Zemar,dalaran,768,evoker,preservation,12,8,4
Ringil,tarren-mill,768,evoker,preservation,18,8,10
Sanktcs,blackhand,768,evoker,preservation,18,8,10
Rawrus,blackrock,768,evoker,preservation,18,8,10
Korialstraz,aegwynn,767,evoker,preservation,12,8,4
Meteo,the-maelstrom,767,evoker,preservation,15,9,6
Sysstrasza,archimonde,767,evoker,preservation,18,8,10
Mirajhti,blackrock,767,evoker,preservation,30,8,22
Horiz,kazzak,766,evoker,preservation,24,8,16
Daracthyr,arathor,765,evoker,preservation,18,8,10
Mfdragon,grim-batol,765,evoker,preservation,24,8,16
Уполнамоченн,soulflayer,764,evoker,preservation,12,8,4
Mikevoker,aegwynn,763,evoker,preservation,12,8,4
Iscale,twisting-nether,763,evoker,preservation,24,8,16
Arecibo,tarren-mill,762,evoker,preservation,12,8,4
Kalerinozi,blackhand,762,evoker,preservation,36,8,28
Dracanis,shendralar,761,evoker,preservation,27,12,15
Dolphdrago,outland,761,evoker,preservation,18,8,10
Эфирид,blackscar,760,evoker,preservation,53,17,36
Dragonrocker,silvermoon,757,evoker,preservation,24,8,16
Дрэгтир,lich-king,755,evoker,preservation,14,8,6
Maverickx,nemesis,753,evoker,preservation,18,8,10
Lunariëlle,les-sentinelles,749,evoker,preservation,12,8,4
Dangai,draenor,747,evoker,preservation,17,8,9
Inspecto,turalyon,737,evoker,preservation,18,8,10
Ptipangoevok,dalaran,713,evoker,preservation,22,9,13
Kuzzan,blackhand,707,evoker,preservation,18,9,9
Baléryon,archimonde,705,evoker,preservation,11,8,3
Kamings,outland,698,evoker,preservation,20,8,12
Nicholbolas,nordrassil,690,evoker,preservation,11,8,3
Sunfyres,frostmane,679,evoker,preservation,28,8,20
Blazelt,blackrock,672,evoker,preservation,12,7,5
Zarikus,argent-dawn,672,evoker,preservation,12,7,5
Stormnn,kazzak,672,evoker,preservation,12,7,5
Fûrý,twisting-nether,672,evoker,preservation,12,7,5
Evyzz,blackmoore,672,evoker,preservation,12,7,5
Løcøtømmy,blackrock,672,evoker,preservation,12,7,5
Corneflex,chogall,672,evoker,preservation,18,7,11
Spacebreath,ravencrest,672,evoker,preservation,18,7,11
Sulführer,sanguino,672,evoker,preservation,18,7,11
Viseriøn,kazzak,672,evoker,preservation,24,7,17
Kraaznus,ravencrest,671,evoker,preservation,12,7,5
Dárnast,draenor,671,evoker,preservation,12,7,5
Dragondznutz,defias-brotherhood,671,evoker,preservation,12,7,5
Draaxy,twisting-nether,671,evoker,preservation,15,8,7
Fusanabide,kazzak,671,evoker,preservation,14,7,7
Karristrasza,silvermoon,671,evoker,preservation,18,7,11
Dagruel,exodar,671,evoker,preservation,18,7,11
Esalisko,kazzak,670,evoker,preservation,12,7,5
Liroo,hyjal,670,evoker,preservation,12,7,5
Spïzz,dun-modr,670,evoker,preservation,12,7,5
Myszostrasza,burning-legion,670,evoker,preservation,12,7,5
Coaxoch,thunderhorn,670,evoker,preservation,12,7,5
Leblon,stormreaver,670,evoker,preservation,12,7,5
Hakuzah,terokkar,670,evoker,preservation,18,7,11
Malfestio,zuljin,669,evoker,preservation,12,7,5
Avemonetemus,silvermoon,669,evoker,preservation,18,7,11
Vatiras,magtheridon,669,evoker,preservation,24,7,17
Lapaneri,sylvanas,669,evoker,preservation,24,7,17
Wywill,eitrigg,668,evoker,preservation,12,7,5
Prikkedøden,grim-batol,668,evoker,preservation,18,7,11
Hornbeam,tarren-mill,666,evoker,preservation,18,7,11
Acnologîa,ysondre,665,evoker,preservation,12,7,5
Gihzmo,tarren-mill,664,evoker,preservation,12,7,5
Voryax,kirin-tor,660,evoker,preservation,24,7,17
Awfultrash,archimonde,655,evoker,preservation,23,7,16
Charezard,draenor,638,evoker,preservation,17,7,10
Aevon,blackrock,631,evoker,preservation,36,7,29
Myndragosa,varimathras,624,evoker,preservation,15,8,7
Blyatcuka,kazzak,617,evoker,preservation,17,8,9
Sitdownnow,blackrock,599,evoker,preservation,32,8,24
Bluesaphir,ravencrest,576,evoker,preservation,12,6,6
Iandret,destromath,576,evoker,preservation,12,6,6
Holyvoker,aegwynn,576,evoker,preservation,12,6,6
Yesdaddyowo,draenor,576,evoker,preservation,12,6,6
Krayvoker,tarren-mill,576,evoker,preservation,12,6,6
Kajer,nemesis,576,evoker,preservation,12,6,6
Sindragonk,ravencrest,576,evoker,preservation,12,6,6
Jacko,nemesis,576,evoker,preservation,12,6,6
Theories,aegwynn,576,evoker,preservation,12,6,6
Judragon,kazzak,576,evoker,preservation,12,6,6
Psheetae,kazzak,576,evoker,preservation,12,6,6
Darkevokoul,conseil-des-ombres,576,evoker,preservation,12,6,6
Talynn,sylvanas,576,evoker,preservation,12,6,6
Drakarroar,ragnaros,576,evoker,preservation,12,6,6
Snipy,burning-legion,576,evoker,preservation,12,6,6
Rømmegrøt,tarren-mill,576,evoker,preservation,12,6,6
Mesarin,eredar,576,evoker,preservation,12,6,6
Rmplol,twisting-nether,576,evoker,preservation,12,6,6
Luu,the-maelstrom,576,evoker,preservation,12,6,6
Lolprevoker,outland,576,evoker,preservation,18,6,12
Enzetrius,argent-dawn,576,evoker,preservation,18,6,12
Discodraken,stormscale,576,evoker,preservation,18,6,12
Myntara,tarren-mill,576,evoker,preservation,18,6,12
Lìssàndra,argent-dawn,576,evoker,preservation,24,6,18
Дэзвинк,gordunni,576,evoker,preservation,24,6,18
Drakeó,kazzak,575,evoker,preservation,12,6,6
Pe,dalaran,575,evoker,preservation,12,6,6
Pasqvoker,ravencrest,575,evoker,preservation,12,6,6
Nevara,ragnaros,575,evoker,preservation,12,6,6
Draccaris,silvermoon,575,evoker,preservation,12,6,6
Raegos,ravencrest,575,evoker,preservation,12,6,6
Nexevo,blackmoore,575,evoker,preservation,18,6,12
Kutdraak,laughing-skull,574,evoker,preservation,12,6,6
Aebivoker,dalaran,574,evoker,preservation,12,6,6
Tarystrasza,blackrock,574,evoker,preservation,12,6,6
Drakpojke,stormscale,574,evoker,preservation,12,6,6
Etherwood,bronze-dragonflight,573,evoker,preservation,12,6,6
Dracarysfire,kazzak,573,evoker,preservation,12,6,6
Калесгоз,howling-fjord,573,evoker,preservation,12,6,6
Kaiser,trollbane,573,evoker,preservation,18,6,12
Ewings,archimonde,573,evoker,preservation,24,6,18
Büsselberg,blackmoore,570,evoker,preservation,12,6,6
Synhtol,ragnaros,564,evoker,preservation,18,6,12
ßëkûsåùrús,ragnaros,559,evoker,preservation,17,6,11
Балрогхаоса,gordunni,539,evoker,preservation,14,7,7
Ahyllesevok,antonidas,527,evoker,preservation,15,7,8
Rasalhague,uldum,522,evoker,preservation,15,6,9
Dracarysx,grim-batol,520,evoker,preservation,15,7,8
Drakthur,terenas,519,evoker,preservation,27,7,20
Tyuz,antonidas,509,evoker,preservation,14,6,8
Cokayn,eonar,496,evoker,preservation,13,6,7
Ralfferion,auchindoun,480,evoker,preservation,6,5,1
Pyrestra,argent-dawn,480,evoker,preservation,6,5,1
Dragondn,alleria,480,evoker,preservation,6,5,1
Diggidydract,silvermoon,480,evoker,preservation,6,5,1
Stêwpit,blackhand,480,evoker,preservation,6,5,1
Baddragonn,nemesis,480,evoker,preservation,6,5,1
Dåseskjuul,kazzak,480,evoker,preservation,6,5,1
Øoøoøoøo,outland,480,evoker,preservation,6,5,1
Coarraze,eldrethalas,480,evoker,preservation,6,5,1
Jmyzard,tarren-mill,480,evoker,preservation,10,6,4
Emeraldcomun,twisting-nether,480,evoker,preservation,12,5,7
Катяламизил,howling-fjord,480,evoker,preservation,12,5,7
Candicewho,twisting-nether,480,evoker,preservation,12,5,7
Runewing,turalyon,480,evoker,preservation,12,5,7
Deathwingx,sylvanas,480,evoker,preservation,12,5,7
Feddra,twisting-nether,480,evoker,preservation,12,5,7
Lootharon,blackhand,480,evoker,preservation,12,5,7
Favera,taerar,480,evoker,preservation,12,5,7
Toplevel,eredar,480,evoker,preservation,12,5,7
Dzin,burning-legion,480,evoker,preservation,12,5,7
Dragonsito,cthun,480,evoker,preservation,12,5,7
Драгонкокс,gordunni,480,evoker,preservation,12,5,7
Poporaight,archimonde,480,evoker,preservation,12,5,7
Fnom,hyjal,480,evoker,preservation,12,5,7
Evoris,frostmane,480,evoker,preservation,12,5,7
Nemrák,blackmoore,480,evoker,preservation,12,5,7
Rímmer,kazzak,480,evoker,preservation,12,5,7
Óceiros,silvermoon,480,evoker,preservation,12,5,7
Iwaavoker,archimonde,480,evoker,preservation,12,5,7
Vizdraken,tarren-mill,480,evoker,preservation,12,5,7
Belzevoker,blackrock,480,evoker,preservation,12,5,7
Mimic,scarshield-legion,480,evoker,preservation,12,5,7
Bigreddragon,outland,480,evoker,preservation,12,5,7
Soupmah,silvermoon,480,evoker,preservation,12,5,7
Evokoloko,outland,480,evoker,preservation,12,5,7
Alanikus,silvermoon,480,evoker,preservation,12,5,7
Draakoñ,outland,480,evoker,preservation,18,5,13
Kda,die-nachtwache,480,evoker,preservation,18,5,13
Xyphoo,kazzak,480,evoker,preservation,18,5,13
Rise,tarren-mill,480,evoker,preservation,24,5,19
Uxiono,dun-modr,480,evoker,preservation,24,5,19
Jayrexx,doomhammer,479,evoker,preservation,6,5,1
Darksaider,draenor,479,evoker,preservation,12,5,7
Scaleflux,argent-dawn,479,evoker,preservation,12,5,7
Sudrac,antonidas,479,evoker,preservation,12,5,7
Cinnamoon,defias-brotherhood,479,evoker,preservation,12,5,7
Shosk,chamber-of-aspects,479,evoker,preservation,12,5,7
Dragondisnut,sylvanas,479,evoker,preservation,12,5,7
Puffdaddyxd,twisting-nether,479,evoker,preservation,12,5,7
Dudebrö,arathor,479,evoker,preservation,12,5,7
Luftwaffel,blackmoore,479,evoker,preservation,12,5,7
Kampe,nemesis,479,evoker,preservation,12,5,7
Chunlooi,baelgun,479,evoker,preservation,12,5,7
Naloqa,frostwolf,479,evoker,preservation,12,5,7
Zymotîx,stormscale,479,evoker,preservation,18,5,13
Chizy,aegwynn,479,evoker,preservation,18,5,13
Widow,chromaggus,478,evoker,preservation,12,5,7
Kärlethos,dun-modr,478,evoker,preservation,12,5,7
Siderion,drakthul,478,evoker,preservation,12,5,7
Bbuszek,outland,478,evoker,preservation,18,5,13
Fodom,medivh,477,evoker,preservation,12,5,7
Dragorasi,frostwolf,476,evoker,preservation,24,5,19
Гарил,grom,475,evoker,preservation,12,5,7
Gladdrake,doomhammer,474,evoker,preservation,18,5,13
Fricandela,sanguino,472,evoker,preservation,12,5,7
Incarnevoke,ravencrest,463,evoker,preservation,11,5,6
Dragonban,tarren-mill,448,evoker,preservation,22,5,17
Wingard,twisting-nether,447,evoker,preservation,11,5,6
Thyriån,kazzak,447,evoker,preservation,11,5,6
Missnorway,blackmoore,447,evoker,preservation,11,5,6
Jcloud,shattered-hand,432,evoker,preservation,15,5,10
Drakutyr,defias-brotherhood,424,evoker,preservation,14,6,8
Grajade,dun-modr,422,evoker,preservation,15,6,9
Alrakis,kragjin,415,evoker,preservation,16,5,11
Krakadayle,archimonde,384,evoker,preservation,6,4,2
Bindrasz,ahnqiraj,384,evoker,preservation,6,4,2
Roastedpig,kazzak,384,evoker,preservation,6,4,2
Aymoreth,argent-dawn,384,evoker,preservation,6,4,2
Snàx,aggra-português,384,evoker,preservation,6,4,2
Druggz,burning-blade,384,evoker,preservation,6,4,2
Killmeifucan,twisting-nether,384,evoker,preservation,6,4,2
Krazuntus,argent-dawn,384,evoker,preservation,6,4,2
Grumes,blackmoore,384,evoker,preservation,6,4,2
Zaffira,kazzak,384,evoker,preservation,6,4,2
Drakatha,kazzak,384,evoker,preservation,6,4,2
Ahnë,archimonde,384,evoker,preservation,6,4,2
Pflanz,nozdormu,384,evoker,preservation,6,4,2
Flatterhipy,blackrock,384,evoker,preservation,6,4,2
Evokker,antonidas,384,evoker,preservation,12,4,8
Killafoolz,kazzak,384,evoker,preservation,12,4,8
Yaraxes,outland,384,evoker,preservation,12,4,8
Галактиг,thermaplugg,384,evoker,preservation,12,4,8
Deadwing,eonar,384,evoker,preservation,12,4,8
Sondosa,twisting-nether,384,evoker,preservation,12,4,8
Tokvoker,tarren-mill,384,evoker,preservation,12,4,8
Ninhursag,hyjal,384,evoker,preservation,12,4,8
Crunktusk,twisting-nether,384,evoker,preservation,12,4,8
Arniye,ravencrest,384,evoker,preservation,12,4,8
Feyrbrand,ysera,384,evoker,preservation,12,4,8
Toílet,blackmoore,384,evoker,preservation,12,4,8
Dractharion,blackrock,384,evoker,preservation,18,4,14
Fogwing,ravencrest,384,evoker,preservation,18,4,14
Timeshifter,stormscale,383,evoker,preservation,6,4,2
Кефтыме,soulflayer,383,evoker,preservation,6,4,2
Zahaak,doomhammer,383,evoker,preservation,6,4,2
Nicnacx,stormscale,383,evoker,preservation,6,4,2
Entombevoker,twisting-nether,383,evoker,preservation,6,4,2
Ignisaureus,silvermoon,383,evoker,preservation,12,4,8
Renistra,argent-dawn,383,evoker,preservation,12,4,8
Flawxy,blackmoore,383,evoker,preservation,12,4,8
Vereeza,draenor,383,evoker,preservation,12,4,8
Сантанико,grom,383,evoker,preservation,12,4,8
Pureshot,archimonde,383,evoker,preservation,12,4,8
Yaldthion,dun-modr,383,evoker,preservation,18,4,14
Steadyop,doomhammer,382,evoker,preservation,6,4,2
Dolceprada,stormscale,381,evoker,preservation,12,4,8
Dragonboss,doomhammer,380,evoker,preservation,12,4,8
Valasthor,argent-dawn,379,evoker,preservation,12,4,8
Мизурион,gordunni,379,evoker,preservation,12,4,8
Ekko,nethersturm,379,evoker,preservation,13,4,9
Sinastral,sanguino,350,evoker,preservation,11,4,7
Xdxd,burning-blade,336,evoker,preservation,9,4,5
Quewl,blackmoore,319,evoker,preservation,5,4,1
Драмуся,gordunni,288,evoker,preservation,6,3,3
Ivokerz,tarren-mill,288,evoker,preservation,6,3,3
Beetk,tarren-mill,288,evoker,preservation,6,3,3
Asrwea,draenor,288,evoker,preservation,6,3,3
Escaaboy,stormscale,288,evoker,preservation,6,3,3
Сулистраза,blackscar,288,evoker,preservation,6,3,3
Знамядрак,soulflayer,288,evoker,preservation,6,3,3
Психея,soulflayer,288,evoker,preservation,6,3,3
Eurydíke,blackhand,288,evoker,preservation,6,3,3
Моралдракон,soulflayer,288,evoker,preservation,6,3,3
Ceroxs,aegwynn,288,evoker,preservation,6,3,3
Tactician,stormreaver,288,evoker,preservation,6,3,3
Saphiraa,lightnings-blade,288,evoker,preservation,6,3,3
Pruttburk,draenor,288,evoker,preservation,6,3,3
Rippo,tarren-mill,288,evoker,preservation,6,3,3
Jmý,tarren-mill,288,evoker,preservation,6,3,3
Notadvanced,draenor,288,evoker,preservation,6,3,3
Distinkd,draenor,288,evoker,preservation,6,3,3
Kocaina,ravencrest,288,evoker,preservation,6,3,3
Alicendre,hyjal,288,evoker,preservation,6,3,3
Dokkamok,hyjal,288,evoker,preservation,6,3,3
Rullatorsvên,sylvanas,288,evoker,preservation,6,3,3
Ramilbest,ravencrest,288,evoker,preservation,6,3,3
Speckjarrow,blackrock,288,evoker,preservation,6,3,3
Azwel,khaz-modan,288,evoker,preservation,6,3,3
Jpeo,blackhand,288,evoker,preservation,6,3,3
Botomforgold,ravencrest,288,evoker,preservation,6,3,3
Vyore,silvermoon,288,evoker,preservation,6,3,3
Spudvoker,silvermoon,288,evoker,preservation,6,3,3
Niffdra,twisting-nether,288,evoker,preservation,6,3,3
Colacorta,zuljin,288,evoker,preservation,6,3,3
Nêóô,blackrock,288,evoker,preservation,6,3,3
Släshés,ravencrest,288,evoker,preservation,6,3,3
Cutegirlx,blackrock,288,evoker,preservation,6,3,3
Soø,kazzak,288,evoker,preservation,6,3,3
Zanarian,defias-brotherhood,288,evoker,preservation,6,3,3
Renalia,blackrock,288,evoker,preservation,6,3,3
Shôrty,ravencrest,288,evoker,preservation,6,3,3
Espâgnøl,hyjal,288,evoker,preservation,6,3,3
Kanketo,ravencrest,288,evoker,preservation,6,3,3
Alldru,outland,288,evoker,preservation,6,3,3
Jackarlys,outland,288,evoker,preservation,6,3,3
Zordrach,quelthalas,288,evoker,preservation,6,3,3
Keizal,twisting-nether,288,evoker,preservation,6,3,3
Meezyevo,ragnaros,288,evoker,preservation,6,3,3
Morkek,dun-modr,288,evoker,preservation,6,3,3
Flâneur,ysondre,288,evoker,preservation,6,3,3
Nezruslfarm,cthun,288,evoker,preservation,6,3,3
Evokimag,grim-batol,288,evoker,preservation,6,3,3
Konstraz,kazzak,288,evoker,preservation,6,3,3
Chrisussy,argent-dawn,288,evoker,preservation,12,3,9
Боевойхомякд,howling-fjord,288,evoker,preservation,12,3,9
Reelona,silvermoon,288,evoker,preservation,12,3,9
Elderruan,shattered-hand,288,evoker,preservation,12,3,9
Siigge,draenor,288,evoker,preservation,12,3,9
Dreamdoll,tarren-mill,288,evoker,preservation,12,3,9
Tojodormi,argent-dawn,288,evoker,preservation,12,3,9
Boonvoker,the-maelstrom,288,evoker,preservation,12,3,9
Cadwalader,blades-edge,288,evoker,preservation,12,3,9
Bemil,twisting-nether,288,evoker,preservation,12,3,9
Monftroglou,archimonde,288,evoker,preservation,12,3,9
Edgybeb,archimonde,288,evoker,preservation,12,3,9
Taktcik,archimonde,288,evoker,preservation,12,3,9
Khaliy,blackrock,288,evoker,preservation,12,3,9
Moltenazo,dun-modr,288,evoker,preservation,13,3,10
Милеис,soulflayer,287,evoker,preservation,6,3,3
Elexatra,hyjal,287,evoker,preservation,12,3,9
Лунет,lich-king,286,evoker,preservation,12,3,9
Valystrá,die-aldor,285,evoker,preservation,24,3,21
Quarsilly,frostwolf,271,evoker,preservation,11,3,8
Trellie,die-aldor,255,evoker,preservation,11,3,8
Agnî,sanguino,240,evoker,preservation,9,3,6
Smoochbumble,argent-dawn,240,evoker,preservation,9,3,6
Ryujinx,blackhand,239,evoker,preservation,5,3,2
Nêrifiel,hyjal,239,evoker,preservation,5,3,2
Provôker,tarren-mill,223,evoker,preservation,8,3,5
Baranzion,twisting-nether,207,evoker,preservation,8,3,5
Иванза,howling-fjord,192,evoker,preservation,6,2,4
Zendervish,draenor,192,evoker,preservation,6,2,4
Drunkvoker,stormscale,192,evoker,preservation,6,2,4
Puzzles,ravencrest,192,evoker,preservation,6,2,4
Cousinbetty,defias-brotherhood,192,evoker,preservation,6,2,4
Rngmåchinè,ravencrest,192,evoker,preservation,6,2,4
Solutionevok,aegwynn,192,evoker,preservation,6,2,4
Crazylucifer,kazzak,192,evoker,preservation,6,2,4
Voldermort,ravencrest,192,evoker,preservation,6,2,4
Vermithors,ravencrest,192,evoker,preservation,6,2,4
Azurog,blackmoore,192,evoker,preservation,6,2,4
Garussy,draenor,192,evoker,preservation,6,2,4
Flyvern,kazzak,192,evoker,preservation,6,2,4
Mistime,twisting-nether,192,evoker,preservation,6,2,4
Maudragosa,blackmoore,192,evoker,preservation,6,2,4
Dno,archimonde,192,evoker,preservation,6,2,4
Blamdrake,blackhand,192,evoker,preservation,6,2,4
Glurak,stormscale,192,evoker,preservation,6,2,4
Whatisthis,archimonde,192,evoker,preservation,6,2,4
Dragonlol,stormscale,192,evoker,preservation,6,2,4
Glurakk,aegwynn,192,evoker,preservation,6,2,4
Adriia,ravencrest,192,evoker,preservation,6,2,4
Freesckretx,archimonde,192,evoker,preservation,6,2,4
Shinad,ravencrest,192,evoker,preservation,6,2,4
Язычник,thermaplugg,192,evoker,preservation,6,2,4
Arbîter,eredar,192,evoker,preservation,6,2,4
Sheràqt,blackrock,192,evoker,preservation,6,2,4
Youzfull,blackrock,192,evoker,preservation,6,2,4
Flipflapflop,twisting-nether,192,evoker,preservation,6,2,4
Zelenobelata,neptulon,192,evoker,preservation,6,2,4
Asunarion,silvermoon,192,evoker,preservation,6,2,4
Invinite,blackrock,192,evoker,preservation,6,2,4
Høt,nemesis,192,evoker,preservation,6,2,4
Nordomu,silvermoon,192,evoker,preservation,6,2,4
Burndaddy,dun-modr,192,evoker,preservation,6,2,4
Sénkú,silvermoon,192,evoker,preservation,6,2,4
Dragonzo,arathor,192,evoker,preservation,6,2,4
Soondeleted,eredar,192,evoker,preservation,6,2,4
Змийх,gordunni,192,evoker,preservation,6,2,4
Rhäegal,kaelthas,192,evoker,preservation,12,2,10
Pico,madmortem,192,evoker,preservation,12,2,10
Teyvoker,blackmoore,192,evoker,preservation,12,2,10
Flametender,silvermoon,192,evoker,preservation,12,2,10
Suicidel,silvermoon,192,evoker,preservation,12,2,10
Lììn,hyjal,192,evoker,preservation,12,2,10
Margouillax,archimonde,192,evoker,preservation,12,2,10
Dracipsouk,drakthul,192,evoker,preservation,18,2,16
Macdrac,area-52,192,evoker,preservation,18,2,16
Touge,varimathras,191,evoker,preservation,6,2,4
Yuyux,sanguino,191,evoker,preservation,6,2,4
Azza,uldum,191,evoker,preservation,12,2,10
Flameclaw,argent-dawn,191,evoker,preservation,12,2,10
Draktoros,kazzak,179,evoker,preservation,15,6,9
Eldrax,emerald-dream,159,evoker,preservation,5,2,3
Stinka,blackmoore,138,evoker,preservation,9,5,4
Asharys,argent-dawn,138,evoker,preservation,17,4,13
Primepewpew,ragnaros,138,evoker,preservation,15,3,12
Zzaazaa,argent-dawn,137,evoker,preservation,10,3,7
Marcelproust,burning-legion,127,evoker,preservation,4,2,2
Beec,tarren-mill,96,evoker,preservation,6,1,5
Mulqahdiiv,archimonde,96,evoker,preservation,6,1,5
Brystrasza,quelthalas,96,evoker,preservation,6,1,5
Oogabuga,outland,96,evoker,preservation,6,1,5
Kaezmasterx,blackrock,96,evoker,preservation,6,1,5
Dewi,anachronos,96,evoker,preservation,6,1,5
Смехокрыл,deathguard,96,evoker,preservation,6,1,5
Drakenballen,ragnaros,96,evoker,preservation,6,1,5
Awienz,kazzak,96,evoker,preservation,6,1,5
Louzard,draenor,96,evoker,preservation,6,1,5
Foldoudoune,archimonde,96,evoker,preservation,6,1,5
Tokidormi,nemesis,96,evoker,preservation,6,1,5
Batmanjasii,eredar,96,evoker,preservation,6,1,5
Tályn,twisting-nether,96,evoker,preservation,6,1,5
Ch,ghostlands,96,evoker,preservation,6,1,5
Effrt,ravencrest,96,evoker,preservation,6,1,5
Dragonpro,kazzak,96,evoker,preservation,6,1,5
Huangzhang,burning-legion,96,evoker,preservation,6,1,5
Yaboismok,burning-legion,96,evoker,preservation,6,1,5
Belzilian,dalaran,96,evoker,preservation,6,1,5
Kedel,tarren-mill,96,evoker,preservation,6,1,5
Hizzo,burning-legion,96,evoker,preservation,6,1,5
Lumberdrake,stormscale,96,evoker,preservation,6,1,5
Alphabét,ravencrest,96,evoker,preservation,6,1,5
Chocodragon,blackmoore,96,evoker,preservation,6,1,5
Charovoker,blackmoore,96,evoker,preservation,6,1,5
Larrykoopa,hyjal,96,evoker,preservation,6,1,5
Breathpitt,blackrock,96,evoker,preservation,6,1,5
Drgn,blackhand,96,evoker,preservation,6,1,5
Targzæ,hyjal,96,evoker,preservation,6,1,5
Ceerdrogo,twisting-nether,96,evoker,preservation,9,1,8
Frreeyya,silvermoon,96,evoker,preservation,12,1,11
Vänesiä,sylvanas,96,evoker,preservation,12,1,11
Sopollina,draenor,96,evoker,preservation,12,1,11
Vullgred,sylvanas,96,evoker,preservation,12,1,11
Tatsuki,arthas,96,evoker,preservation,12,1,11
Heidrun,ravenholdt,95,evoker,preservation,6,1,5
Fluffykoi,silvermoon,95,evoker,preservation,12,1,11
Gg,wildhammer,79,evoker,preservation,5,2,3
Imend,stormscale,79,evoker,preservation,5,1,4
Sentos,blackmoore,64,evoker,preservation,10,1,9
Taynia,stormscale,48,evoker,preservation,3,1,2
Dopëshow,drakthul,48,evoker,preservation,3,1,2
Nickydragonx,stormscale,42,evoker,preservation,10,3,7
Faijer,blackmoore,42,evoker,preservation,10,3,7
Пероник,gordunni,16,evoker,preservation,1,1,0
Кеннокс,soulflayer,2172,evoker,devastation,84,48,36
Rexzstrasza,eredar,2114,evoker,devastation,78,49,29
Sârmikas,blackhand,2113,evoker,devastation,120,67,53
Kàido,ravencrest,2110,evoker,devastation,360,185,175
Ryujíin,kazzak,2045,evoker,devastation,89,59,30
Drakenyasha,tarren-mill,2045,evoker,devastation,207,103,104
Babodrake,blackhand,2019,evoker,devastation,55,27,28
Heõ,twisting-nether,2016,evoker,devastation,189,92,97
Twodeep,blackrock,1995,evoker,devastation,108,57,51
Dracohfeu,archimonde,1971,evoker,devastation,76,43,33
Meust,blackrock,1960,evoker,devastation,48,33,15
Claxy,ragnaros,1952,evoker,devastation,72,38,34
Diznutz,kazzak,1949,evoker,devastation,90,45,45
Wexvoker,darksorrow,1936,evoker,devastation,109,59,50
Darkssoul,outland,1932,evoker,devastation,96,52,44
Myxker,burning-legion,1922,evoker,devastation,77,36,41
Evodraxx,hyjal,1911,evoker,devastation,72,32,40
Edvoker,twisting-nether,1906,evoker,devastation,108,57,51
Brokz,twisting-nether,1906,evoker,devastation,106,54,52
Нерфсрочно,gordunni,1906,evoker,devastation,180,87,93
Ízma,ravencrest,1894,evoker,devastation,192,99,93
Animenorgam,alakir,1892,evoker,devastation,194,113,81
Lesgrossman,ravencrest,1870,evoker,devastation,42,26,16
Ipanicsoar,tarren-mill,1869,evoker,devastation,128,64,64
Hehehihihaha,ravencrest,1866,evoker,devastation,54,25,29
Eldunaries,argent-dawn,1863,evoker,devastation,90,48,42
Nigesaurus,burning-legion,1862,evoker,devastation,39,21,18
Enzetrius,argent-dawn,1861,evoker,devastation,36,22,14
Atoll,scarshield-legion,1858,evoker,devastation,55,29,26
Lizardbøi,blackhand,1855,evoker,devastation,72,37,35
Silvior,outland,1854,evoker,devastation,60,29,31
Frozendragon,twisting-nether,1849,evoker,devastation,45,32,13
Xzvoker,kazzak,1848,evoker,devastation,134,67,67
Balthinar,argent-dawn,1846,evoker,devastation,66,31,35
Calygosa,antonidas,1843,evoker,devastation,36,23,13
Evøkergøðx,outland,1837,evoker,devastation,85,47,38
Sagrax,silvermoon,1835,evoker,devastation,68,40,28
Mizamiza,blackrock,1832,evoker,devastation,142,75,67
Korvi,ravencrest,1830,evoker,devastation,44,25,19
Azorgaron,outland,1827,evoker,devastation,36,23,13
Ryuu,mazrigos,1823,evoker,devastation,41,22,19
Драгонтьма,gordunni,1823,evoker,devastation,71,36,35
Irvethius,argent-dawn,1822,evoker,devastation,203,103,100
Tremmérz,outland,1821,evoker,devastation,66,34,32
Bigmacfrite,ysondre,1821,evoker,devastation,88,45,43
Oontäälihis,ravencrest,1819,evoker,devastation,145,76,69
Дракшотик,soulflayer,1817,evoker,devastation,30,19,11
Jamzyevoker,emerald-dream,1816,evoker,devastation,49,26,23
Ryuujin,outland,1815,evoker,devastation,66,30,36
Amadeusx,ravencrest,1810,evoker,devastation,55,30,25
Valdrakon,doomhammer,1807,evoker,devastation,66,39,27
Zmej,twisting-nether,1807,evoker,devastation,60,27,33
Дарратель,gordunni,1806,evoker,devastation,195,106,89
Apacstrasza,ragnaros,1805,evoker,devastation,110,55,55
Wuiflyta,dun-modr,1805,evoker,devastation,65,29,36
Kamehaméha,outland,1803,evoker,devastation,48,26,22
Hëroinhenry,tarren-mill,1794,evoker,devastation,48,33,15
Avë,kazzak,1790,evoker,devastation,77,39,38
Hanoostrasz,tarren-mill,1771,evoker,devastation,103,61,42
Sawk,archimonde,1762,evoker,devastation,102,63,39
Lidldragon,argent-dawn,1760,evoker,devastation,26,20,6
Obbwoke,ravencrest,1760,evoker,devastation,84,44,40
Shaze,zuljin,1758,evoker,devastation,47,32,15
Saintly,kult-der-verdammten,1733,evoker,devastation,54,31,23
Rahzk,twisting-nether,1732,evoker,devastation,42,24,18
Cinnannoe,tarren-mill,1729,evoker,devastation,127,75,52
Jeannedebruj,ravencrest,1725,evoker,devastation,165,81,84
Kymaíra,hyjal,1716,evoker,devastation,48,22,26
Archdragon,argent-dawn,1715,evoker,devastation,103,59,44
Melodio,outland,1713,evoker,devastation,60,37,23
Kôlaghan,archimonde,1713,evoker,devastation,35,20,15
Jamiewing,ravencrest,1709,evoker,devastation,147,76,71
Famouszorc,sanguino,1704,evoker,devastation,168,96,72
Flâneur,ysondre,1703,evoker,devastation,47,24,23
Rokki,blackrock,1701,evoker,devastation,82,45,37
Sloeez,kazzak,1696,evoker,devastation,42,20,22
Cybraxq,kazzak,1692,evoker,devastation,30,18,12
Хетсв,gordunni,1691,evoker,devastation,96,55,41
Hollowbreath,sanguino,1685,evoker,devastation,203,98,105
Duvahkahr,ragnaros,1683,evoker,devastation,57,28,29
Merkels,blackmoore,1681,evoker,devastation,279,142,137
Lurkî,blackhand,1678,evoker,devastation,48,21,27
Ларенил,gordunni,1674,evoker,devastation,60,25,35
Amnevoker,dalaran,1671,evoker,devastation,30,18,12
Sintharion,ravencrest,1668,evoker,devastation,77,38,39
Фиамниэль,gordunni,1655,evoker,devastation,48,22,26
Yuhabahha,kazzak,1653,evoker,devastation,166,87,79
Zendaÿa,silvermoon,1653,evoker,devastation,54,25,29
Advancedboy,archimonde,1647,evoker,devastation,42,21,21
Dispelgodx,eredar,1647,evoker,devastation,42,20,22
Dracoli,eredar,1646,evoker,devastation,91,48,43
Скорукх,gordunni,1643,evoker,devastation,48,30,18
Дреадди,soulflayer,1643,evoker,devastation,64,34,30
Sürion,grim-batol,1642,evoker,devastation,66,36,30
Ясъелинеры,gordunni,1640,evoker,devastation,54,31,23
Homeoffice,zenedar,1639,evoker,devastation,48,24,24
Draxxys,blackmoore,1637,evoker,devastation,66,33,33
Dragonide,draenor,1636,evoker,devastation,35,20,15
Serulyon,draenor,1636,evoker,devastation,84,43,41
Ruinastrasza,silvermoon,1636,evoker,devastation,169,84,85
Voklath,kazzak,1636,evoker,devastation,61,30,31
Hyperan,twisting-nether,1635,evoker,devastation,82,40,42
Гневиан,eversong,1634,evoker,devastation,102,51,51
Rzektwo,eredar,1634,evoker,devastation,54,24,30
Aegón,uldum,1633,evoker,devastation,84,38,46
Niddhøgg,ragnaros,1632,evoker,devastation,36,21,15
Papayoyo,draenor,1630,evoker,devastation,156,75,81
Crueh,outland,1628,evoker,devastation,36,17,19
Deathdream,stormscale,1627,evoker,devastation,36,17,19
Eskavoker,kazzak,1623,evoker,devastation,36,22,14
Саммеракс,gordunni,1619,evoker,devastation,60,25,35
Mazaw,burning-legion,1613,evoker,devastation,72,41,31
Batsquatch,argent-dawn,1612,evoker,devastation,36,23,13
Drazam,blackrock,1612,evoker,devastation,94,55,39
Zapaflap,silvermoon,1612,evoker,devastation,119,65,54
Shumma,frostmane,1608,evoker,devastation,57,25,32
Denegos,sylvanas,1606,evoker,devastation,66,40,26
Drakshoff,khaz-modan,1606,evoker,devastation,265,142,123
Ludwoker,tarren-mill,1605,evoker,devastation,67,44,23
Lizarduck,tarren-mill,1605,evoker,devastation,52,26,26
Аймбадикабтв,howling-fjord,1605,evoker,devastation,60,29,31
Gasparievok,sylvanas,1603,evoker,devastation,81,45,36
Пивнаябошка,soulflayer,1603,evoker,devastation,36,19,17
Delorraine,burning-legion,1602,evoker,devastation,30,17,13
Släshés,ravencrest,1601,evoker,devastation,48,20,28
Мнякуня,howling-fjord,1600,evoker,devastation,46,24,22
Спайрок,gordunni,1600,evoker,devastation,158,78,80
Soleric,drakthul,1599,evoker,devastation,121,57,64
Fyndassil,blackrock,1599,evoker,devastation,48,17,31
Pêengei,blackrock,1596,evoker,devastation,66,36,30
Углекислот,howling-fjord,1595,evoker,devastation,78,35,43
Parisinka,silvermoon,1591,evoker,devastation,263,140,123
Krothus,outland,1590,evoker,devastation,124,67,57
Ðø,antonidas,1589,evoker,devastation,35,18,17
Devoxz,tarren-mill,1572,evoker,devastation,42,25,17
Øxyom,archimonde,1570,evoker,devastation,46,27,19
Tetsú,tarren-mill,1567,evoker,devastation,54,30,24
Ocanada,draenor,1563,evoker,devastation,84,45,39
Инсейнмэн,soulflayer,1562,evoker,devastation,133,69,64
Touchmywings,ravencrest,1560,evoker,devastation,24,17,7
Voldermort,ravencrest,1558,evoker,devastation,65,39,26
Ch,ghostlands,1551,evoker,devastation,41,20,21
Dragonandyy,blackrock,1547,evoker,devastation,47,26,21
Tezkaz,blackmoore,1542,evoker,devastation,256,128,128
Kayly,twisting-nether,1540,evoker,devastation,42,29,13
Emmagosa,argent-dawn,1539,evoker,devastation,96,52,44
Tiganj,silvermoon,1536,evoker,devastation,48,31,17
Shimmerscale,blackhand,1533,evoker,devastation,111,60,51
Dowaa,tarren-mill,1528,evoker,devastation,42,19,23
Лечулечу,blackscar,1526,evoker,devastation,72,33,39
Hömeöffice,sylvanas,1525,evoker,devastation,41,21,20
Ольменго,fordragon,1523,evoker,devastation,44,18,26
Hyperflexx,blackrock,1521,evoker,devastation,30,16,14
Cûddles,hyjal,1521,evoker,devastation,138,70,68
Dikkondrus,twisting-nether,1519,evoker,devastation,72,39,33
Øseria,khaz-modan,1510,evoker,devastation,98,59,39
Lilpooper,bloodhoof,1508,evoker,devastation,57,29,28
Phanex,bloodhoof,1506,evoker,devastation,66,28,38
Stefanosxios,bloodfeather,1505,evoker,devastation,83,43,40
Ironwing,sanguino,1502,evoker,devastation,456,234,222
Drackial,zuljin,1502,evoker,devastation,48,23,25
Грринч,deathweaver,1502,evoker,devastation,64,30,34
Yol,bladefist,1499,evoker,devastation,54,25,29
Bakspek,kilrogg,1498,evoker,devastation,24,16,8
Mommystrasza,dentarg,1493,evoker,devastation,92,46,46
Draghad,blackmoore,1493,evoker,devastation,70,34,36
Dragorus,stormscale,1490,evoker,devastation,69,36,33
Agnî,sanguino,1490,evoker,devastation,82,40,42
Kaynyxia,argent-dawn,1487,evoker,devastation,45,25,20
Deadlyvok,zenedar,1486,evoker,devastation,24,16,8
Bodytypechad,ravencrest,1482,evoker,devastation,60,32,28
Dracyan,taerar,1479,evoker,devastation,42,24,18
Arbylegion,outland,1478,evoker,devastation,118,63,55
Лабриса,galakrond,1477,evoker,devastation,196,95,101
Chuckyy,archimonde,1476,evoker,devastation,36,21,15
Piyuli,silvermoon,1475,evoker,devastation,49,27,22
Màlakir,chogall,1474,evoker,devastation,44,20,24
Draakoñ,outland,1473,evoker,devastation,42,18,24
Motloh,ravencrest,1468,evoker,devastation,42,20,22
Ken,la-croisade-écarlate,1466,evoker,devastation,192,98,94
Уфдрактир,howling-fjord,1466,evoker,devastation,48,23,25
Shenronblue,bloodscalp,1465,evoker,devastation,30,16,14
Yála,anetheron,1464,evoker,devastation,220,112,108
Baroqs,antonidas,1456,evoker,devastation,24,18,6
Простокоршун,howling-fjord,1456,evoker,devastation,30,20,10
Nagoli,silvermoon,1456,evoker,devastation,52,27,25
Rowzy,sylvanas,1454,evoker,devastation,119,62,57
Кунидракон,gordunni,1453,evoker,devastation,80,37,43
Malfoyer,arathor,1452,evoker,devastation,54,30,24
Ghiscar,dentarg,1451,evoker,devastation,102,50,52
Tibimbo,blackrock,1447,evoker,devastation,86,46,40
Woasid,outland,1440,evoker,devastation,30,17,13
Паунфаунд,eversong,1435,evoker,devastation,96,45,51
Feyrbrand,ysera,1434,evoker,devastation,92,48,44
Bindrasz,ahnqiraj,1433,evoker,devastation,30,15,15
Drunkino,aegwynn,1432,evoker,devastation,60,31,29
Drakea,sanguino,1432,evoker,devastation,98,49,49
Pippomale,nemesis,1430,evoker,devastation,42,22,20
Caliss,archimonde,1427,evoker,devastation,71,38,33
Drákon,dalaran,1425,evoker,devastation,105,49,56
Spýröo,kazzak,1424,evoker,devastation,78,48,30
Fogwing,ravencrest,1420,evoker,devastation,53,27,26
Ferante,ragnaros,1417,evoker,devastation,79,37,42
Nuvese,tarren-mill,1415,evoker,devastation,30,15,15
Solandor,kazzak,1411,evoker,devastation,24,15,9
Lazurius,ravencrest,1410,evoker,devastation,30,15,15
Badrig,silvermoon,1402,evoker,devastation,126,66,60
Flügelnix,blackmoore,1401,evoker,devastation,59,28,31
Skywitch,ragnaros,1401,evoker,devastation,36,15,21
Magmarôs,argent-dawn,1396,evoker,devastation,75,43,32
Avizz,tarren-mill,1396,evoker,devastation,33,18,15
Ouaitamaman,draenor,1386,evoker,devastation,30,15,15
Kuve,stormscale,1386,evoker,devastation,81,39,42
Tályn,twisting-nether,1385,evoker,devastation,48,25,23
Grillkylling,outland,1382,evoker,devastation,57,29,28
Honz,antonidas,1380,evoker,devastation,49,23,26
Keeqo,silvermoon,1378,evoker,devastation,54,33,21
Cuufizix,silvermoon,1377,evoker,devastation,64,35,29
Nathraakhza,argent-dawn,1375,evoker,devastation,48,26,22
Dratheon,dun-modr,1375,evoker,devastation,39,20,19
Kaìdo,tarren-mill,1365,evoker,devastation,48,21,27
Xtdrakaris,uldum,1359,evoker,devastation,443,218,225
Sakade,archimonde,1359,evoker,devastation,66,22,44
Драгтир,blackscar,1355,evoker,devastation,76,45,31
Nazalath,eonar,1354,evoker,devastation,106,51,55
Smegma,norgannon,1348,evoker,devastation,30,15,15
Thyriån,kazzak,1344,evoker,devastation,42,19,23
Juicyjeffe,blackrock,1341,evoker,devastation,18,14,4
Ксдз,soulflayer,1341,evoker,devastation,60,28,32
Yoshinora,archimonde,1337,evoker,devastation,30,15,15
Yaboismok,burning-legion,1336,evoker,devastation,53,23,30
Potéto,rashgarroth,1334,evoker,devastation,72,31,41
Loveheart,die-aldor,1332,evoker,devastation,38,18,20
Karnâks,silvermoon,1326,evoker,devastation,30,16,14
Димадракон,gordunni,1321,evoker,devastation,58,37,21
Yantaî,hyjal,1315,evoker,devastation,42,27,15
Nochance,dentarg,1315,evoker,devastation,66,33,33
Йормунгандка,soulflayer,1313,evoker,devastation,33,16,17
Dakir,blackmoore,1312,evoker,devastation,38,26,12
Seryphys,blackhand,1312,evoker,devastation,48,24,24
Favill,blackhand,1312,evoker,devastation,69,30,39
Nurilla,twisting-nether,1309,evoker,devastation,24,14,10
Snoby,onyxia,1309,evoker,devastation,158,70,88
Childofdawn,blackmoore,1303,evoker,devastation,42,24,18
Darktempest,onyxia,1300,evoker,devastation,66,32,34
Draxone,malfurion,1297,evoker,devastation,54,33,21
Yaldthion,dun-modr,1295,evoker,devastation,48,21,27
Thavion,forscherliga,1291,evoker,devastation,30,14,16
Rieper,twisting-nether,1289,evoker,devastation,195,97,98
Душнот,fordragon,1283,evoker,devastation,65,35,30
Rafale,the-maelstrom,1281,evoker,devastation,36,19,17
Airbourne,sanguino,1280,evoker,devastation,38,18,20
Dragonaked,silvermoon,1279,evoker,devastation,78,38,40
Sharaxis,blackmoore,1276,evoker,devastation,42,23,19
Драганайт,gordunni,1274,evoker,devastation,94,58,36
Shmog,stormscale,1272,evoker,devastation,41,15,26
Raagnar,kazzak,1266,evoker,devastation,60,29,31
Ppiaxx,dalaran,1263,evoker,devastation,30,15,15
Gharløk,outland,1262,evoker,devastation,50,27,23
Itisabuse,antonidas,1262,evoker,devastation,36,18,18
Echoker,stormscale,1261,evoker,devastation,31,16,15
Llael,blackhand,1259,evoker,devastation,86,36,50
Shoggoth,chogall,1258,evoker,devastation,126,59,67
Коляомон,gordunni,1256,evoker,devastation,71,38,33
Emayra,argent-dawn,1253,evoker,devastation,23,14,9
Mölnlycke,twisting-nether,1253,evoker,devastation,29,14,15
Orazur,hyjal,1247,evoker,devastation,18,13,5
Evojøa,tarren-mill,1246,evoker,devastation,24,13,11
Swapxyevo,ravencrest,1246,evoker,devastation,24,13,11
Steeken,haomarush,1246,evoker,devastation,123,56,67
Veo,aggra-português,1244,evoker,devastation,42,20,22
Hazzèr,blackrock,1244,evoker,devastation,100,47,53
Tenshà,nemesis,1244,evoker,devastation,58,26,32
Доракарис,deathweaver,1243,evoker,devastation,42,20,22
Шотнутый,soulflayer,1241,evoker,devastation,45,24,21
Lagerstrasza,stormreaver,1234,evoker,devastation,30,13,17
Snitties,tarren-mill,1234,evoker,devastation,34,14,20
Draconz,stormrage,1231,evoker,devastation,24,13,11
Rufistraz,burning-legion,1231,evoker,devastation,43,18,25
Oudwood,onyxia,1229,evoker,devastation,36,13,23
Xendrag,silvermoon,1227,evoker,devastation,96,45,51
Gämeovêrkïd,archimonde,1226,evoker,devastation,24,13,11
Tokzestra,hyjal,1222,evoker,devastation,62,28,34
Thebigsmoke,lightbringer,1221,evoker,devastation,112,57,55
Серцедраконн,gordunni,1215,evoker,devastation,63,27,36
Dragoncloak,blackrock,1209,evoker,devastation,106,59,47
Evosker,zuljin,1207,evoker,devastation,48,17,31
Isizzu,draenor,1205,evoker,devastation,73,37,36
Razthyr,twisting-nether,1201,evoker,devastation,70,33,37
Xfckd,ragnaros,1199,evoker,devastation,60,28,32
Wingit,frostmane,1187,evoker,devastation,36,21,15
Алексатэтсуя,ashenvale,1186,evoker,devastation,30,14,16
Mesmerìze,khaz-modan,1185,evoker,devastation,30,14,16
Рептилойдина,howling-fjord,1184,evoker,devastation,30,15,15
Ryújín,blackhand,1183,evoker,devastation,29,13,16
Голденджо,gordunni,1182,evoker,devastation,34,14,20
Flaminghot,stormreaver,1179,evoker,devastation,245,131,114
Папиич,soulflayer,1176,evoker,devastation,59,21,38
Dopëshow,drakthul,1170,evoker,devastation,36,20,16
Lugarius,gilneas,1164,evoker,devastation,41,23,18
Meust,destromath,1152,evoker,devastation,24,12,12
Kmzi,twisting-nether,1151,evoker,devastation,24,12,12
Savaithnir,draenor,1149,evoker,devastation,24,12,12
Dragomakry,blackmoore,1148,evoker,devastation,24,16,8
Draguzee,draenor,1146,evoker,devastation,18,12,6
Darthagos,outland,1145,evoker,devastation,18,12,6
Zaralek,stormscale,1145,evoker,devastation,18,12,6
Imwhite,doomhammer,1144,evoker,devastation,48,22,26
Туймаада,soulflayer,1141,evoker,devastation,18,12,6
Ahiresegyfej,ragnaros,1139,evoker,devastation,72,39,33
Ayders,khaz-modan,1139,evoker,devastation,120,53,67
Ekko,nethersturm,1136,evoker,devastation,54,30,24
Wircea,kazzak,1133,evoker,devastation,18,12,6
Ignisaureus,silvermoon,1133,evoker,devastation,30,13,17
Kirinde,draenor,1132,evoker,devastation,18,12,6
Алыйкиви,howling-fjord,1127,evoker,devastation,27,15,12
Sleepnot,argent-dawn,1121,evoker,devastation,18,12,6
Lektar,eredar,1118,evoker,devastation,29,13,16
Dragis,die-aldor,1116,evoker,devastation,30,15,15
Jelboen,draenor,1111,evoker,devastation,34,19,15
Iolite,dun-modr,1111,evoker,devastation,78,39,39
Rytoshi,medivh,1111,evoker,devastation,78,28,50
Lago,gorgonnash,1107,evoker,devastation,37,20,17
Theredpepper,outland,1104,evoker,devastation,30,12,18
Hornytail,doomhammer,1090,evoker,devastation,23,12,11
Crygon,outland,1086,evoker,devastation,42,17,25
Tazouu,marécage-de-zangar,1082,evoker,devastation,18,12,6
Padrepì,nemesis,1078,evoker,devastation,18,13,5
Syraxis,shadowsong,1074,evoker,devastation,22,12,10
Raktoy,frostwolf,1071,evoker,devastation,70,28,42
Мизурион,gordunni,1070,evoker,devastation,24,19,5
Akúda,blackhand,1069,evoker,devastation,42,20,22
Sethos,dalaran,1068,evoker,devastation,36,13,23
Дархо,goldrinn,1061,evoker,devastation,24,15,9
Dranke,silvermoon,1059,evoker,devastation,43,22,21
Mørningstãr,ragnaros,1055,evoker,devastation,18,11,7
Аксиомх,soulflayer,1055,evoker,devastation,24,11,13
Dragônslayer,amanthul,1054,evoker,devastation,24,14,10
Telepathy,ravencrest,1053,evoker,devastation,18,11,7
Калесгоз,howling-fjord,1053,evoker,devastation,24,11,13
Pêrcevâl,archimonde,1053,evoker,devastation,24,11,13
Dragonlia,blackrock,1052,evoker,devastation,18,11,7
Lecutos,sunstrider,1052,evoker,devastation,18,11,7
Daboc,tarren-mill,1051,evoker,devastation,74,30,44
Azzul,teldrassil,1046,evoker,devastation,25,14,11
Dovakin,arathi,1043,evoker,devastation,20,12,8
Otr,draenor,1037,evoker,devastation,72,29,43
Гекаш,soulflayer,1034,evoker,devastation,36,11,25
Elorand,ulduar,1025,evoker,devastation,78,29,49
Bubbleblower,stormscale,1023,evoker,devastation,16,11,5
Canitabravar,cthun,1023,evoker,devastation,48,23,25
Rîncêwind,uldum,1018,evoker,devastation,42,25,17
Dàenérys,hyjal,1016,evoker,devastation,30,20,10
Pedogos,outland,1016,evoker,devastation,75,31,44
Arella,mannoroth,1008,evoker,devastation,137,70,67
Kirkgon,terokkar,1003,evoker,devastation,36,12,24
Drakridarn,kazzak,999,evoker,devastation,29,11,18
Mallor,kirin-tor,990,evoker,devastation,36,14,22
Julerion,draenor,984,evoker,devastation,42,26,16
Vucashi,blackhand,974,evoker,devastation,46,18,28
Ashlàr,earthen-ring,968,evoker,devastation,39,15,24
Dragonhero,arygos,966,evoker,devastation,84,45,39
Minikuja,culte-de-la-rive-noire,961,evoker,devastation,120,59,61
Billyhassan,stormscale,960,evoker,devastation,12,10,2
Rhegal,auchindoun,960,evoker,devastation,12,10,2
Bläckrow,tarren-mill,960,evoker,devastation,12,10,2
Spicylizard,stormscale,960,evoker,devastation,18,10,8
Kiwí,antonidas,960,evoker,devastation,18,10,8
Jinthyr,anachronos,959,evoker,devastation,12,10,2
Lùñe,hyjal,959,evoker,devastation,12,10,2
Terradòr,die-aldor,959,evoker,devastation,18,10,8
Drevo,nemesis,958,evoker,devastation,12,10,2
Varagon,rexxar,958,evoker,devastation,18,10,8
Волккейн,soulflayer,958,evoker,devastation,18,10,8
Dragotar,malygos,958,evoker,devastation,79,42,37
Evokimag,grim-batol,958,evoker,devastation,24,10,14
Enzospatalo,nemesis,955,evoker,devastation,18,10,8
Danaval,blackhand,955,evoker,devastation,18,10,8
Maccen,twisting-nether,955,evoker,devastation,18,10,8
Grajade,dun-modr,954,evoker,devastation,18,10,8
Boulior,defias-brotherhood,952,evoker,devastation,24,10,14
Lizzardhero,kazzak,948,evoker,devastation,24,10,14
Leyca,outland,946,evoker,devastation,30,10,20
Tenkenfutsu,elune,944,evoker,devastation,80,33,47
Быковскии,howling-fjord,939,evoker,devastation,60,34,26
Scalo,kazzak,935,evoker,devastation,17,10,7
Jkrowlingxox,ravencrest,928,evoker,devastation,36,17,19
Leskano,aegwynn,923,evoker,devastation,30,14,16
Drakkisat,archimonde,918,evoker,devastation,34,17,17
Ewoky,ravencrest,908,evoker,devastation,24,10,14
Stormydude,doomhammer,907,evoker,devastation,24,13,11
Tendoker,ragnaros,888,evoker,devastation,17,10,7
Sleipnyr,garrosh,888,evoker,devastation,60,27,33
Donairian,doomhammer,885,evoker,devastation,60,29,31
Disizmaju,silvermoon,873,evoker,devastation,30,15,15
Lifestrasza,drakthul,868,evoker,devastation,13,10,3
Deny,frostmane,864,evoker,devastation,12,9,3
Pinacóladaqt,stormscale,864,evoker,devastation,18,9,9
Krazuntus,argent-dawn,864,evoker,devastation,18,9,9
Juhadormu,stormreaver,864,evoker,devastation,18,9,9
Yimvoker,blackrock,864,evoker,devastation,18,9,9
Ralfferion,auchindoun,864,evoker,devastation,18,9,9
Luu,the-maelstrom,863,evoker,devastation,18,9,9
Féféledragon,archimonde,863,evoker,devastation,18,9,9
Рогатыйдебик,gordunni,863,evoker,devastation,18,9,9
Haltorr,ravencrest,863,evoker,devastation,24,9,15
Storhorn,silvermoon,863,evoker,devastation,30,9,21
Abehethan,archimonde,862,evoker,devastation,18,9,9
Saragoza,kirin-tor,862,evoker,devastation,18,9,9
Dreek,emerald-dream,861,evoker,devastation,12,9,3
Nanderoza,the-maelstrom,861,evoker,devastation,12,9,3
Scathethrel,draenor,861,evoker,devastation,18,9,9
Dschíses,malganis,858,evoker,devastation,18,9,9
Karistrasza,sylvanas,854,evoker,devastation,24,9,15
Elitedraach,tarren-mill,847,evoker,devastation,17,9,8
Oeos,dragonblight,843,evoker,devastation,30,9,21
Флардикас,gordunni,842,evoker,devastation,24,9,15
Scalash,drakthul,836,evoker,devastation,54,25,29
Xatures,twisting-nether,832,evoker,devastation,24,14,10
Sivaas,arathi,832,evoker,devastation,60,29,31
Thebabayag,kazzak,823,evoker,devastation,24,10,14
Crynerf,ravencrest,817,evoker,devastation,84,39,45
Tsunamì,ysondre,768,evoker,devastation,12,8,4
Beeragos,deathwing,768,evoker,devastation,12,8,4
Gloombloom,emeriss,768,evoker,devastation,13,8,5
Súnny,archimonde,768,evoker,devastation,15,8,7
Garussy,draenor,768,evoker,devastation,18,8,10
Zp,kazzak,768,evoker,devastation,18,8,10
Nekrosdrake,tarren-mill,768,evoker,devastation,18,8,10
Mazakqt,draenor,768,evoker,devastation,18,8,10
Judda,stormscale,768,evoker,devastation,18,8,10
Balerioon,draenor,767,evoker,devastation,12,8,4
Fayral,blackmoore,767,evoker,devastation,12,8,4
Lumberdrake,stormscale,767,evoker,devastation,12,8,4
Tooltipshow,ragnaros,767,evoker,devastation,18,8,10
Deathwingx,sylvanas,767,evoker,devastation,18,8,10
Antistrasza,argent-dawn,766,evoker,devastation,12,8,4
Aiakès,marécage-de-zangar,766,evoker,devastation,12,8,4
Vagar,garona,766,evoker,devastation,18,8,10
Flypzz,stormscale,766,evoker,devastation,18,8,10
Flawxy,blackmoore,766,evoker,devastation,18,8,10
Saratharion,argent-dawn,764,evoker,devastation,24,8,16
Firebutt,argent-dawn,763,evoker,devastation,12,8,4
Ogienoddech,silvermoon,762,evoker,devastation,18,8,10
Zerotales,turalyon,755,evoker,devastation,12,8,4
Drakenballen,ragnaros,755,evoker,devastation,15,8,7
Davioncz,thunderhorn,749,evoker,devastation,12,8,4
Acedragniir,khaz-modan,730,evoker,devastation,18,8,10
Morsan,tichondrius,679,evoker,devastation,15,8,7
Lulvoker,blackrock,672,evoker,devastation,12,7,5
Paizz,tarren-mill,672,evoker,devastation,12,7,5
Sebek,archimonde,672,evoker,devastation,12,7,5
Styxev,blackhand,672,evoker,devastation,12,7,5
Zettaflare,nazjatar,672,evoker,devastation,12,7,5
Merqury,ravencrest,672,evoker,devastation,12,7,5
Gonzalo,dun-modr,672,evoker,devastation,12,7,5
Эбиб,gordunni,672,evoker,devastation,12,7,5
Arecibo,tarren-mill,672,evoker,devastation,12,7,5
Flythe,silvermoon,672,evoker,devastation,12,7,5
Ønce,durotan,672,evoker,devastation,18,7,11
Kda,die-nachtwache,672,evoker,devastation,18,7,11
Hästdrake,the-maelstrom,672,evoker,devastation,18,7,11
Glurakk,aegwynn,672,evoker,devastation,18,7,11
Zaradreth,grim-batol,672,evoker,devastation,18,7,11
Drexxe,boulderfist,672,evoker,devastation,24,7,17
Юнигоса,soulflayer,671,evoker,devastation,12,7,5
Kábutø,antonidas,671,evoker,devastation,12,7,5
Evoslaps,norgannon,671,evoker,devastation,12,7,5
Stalkhyr,elune,671,evoker,devastation,18,7,11
Mijähh,taerar,671,evoker,devastation,18,7,11
Enemi,twisting-nether,669,evoker,devastation,14,9,5
Kvothe,malygos,668,evoker,devastation,18,7,11
Fruhans,tarren-mill,667,evoker,devastation,12,7,5
Аверьятор,fordragon,663,evoker,devastation,18,7,11
Chrysaetor,argent-dawn,657,evoker,devastation,12,7,5
Kayizer,archimonde,657,evoker,devastation,12,7,5
Draknil,ysondre,640,evoker,devastation,16,7,9
Zharas,nemesis,623,evoker,devastation,11,7,4
Glennett,silvermoon,608,evoker,devastation,16,7,9
Blazinamazin,korgall,605,evoker,devastation,16,7,9
Zpartadraga,ragnaros,584,evoker,devastation,9,8,1
Henmon,defias-brotherhood,576,evoker,devastation,6,6,0
Tholanía,baelgun,576,evoker,devastation,6,6,0
Hodnsak,blackmoore,576,evoker,devastation,6,6,0
Terrorclaw,ragnaros,576,evoker,devastation,12,6,6
Naömi,archimonde,576,evoker,devastation,12,6,6
Дыханиеочка,howling-fjord,576,evoker,devastation,12,6,6
Azustraza,ysondre,576,evoker,devastation,12,6,6
Puffdaddyxd,twisting-nether,576,evoker,devastation,12,6,6
Mattyastrasz,hyjal,576,evoker,devastation,12,6,6
Aesstrass,hyjal,576,evoker,devastation,12,6,6
Drôgon,archimonde,576,evoker,devastation,12,6,6
Фаламэйн,soulflayer,576,evoker,devastation,12,6,6
Khimari,xavius,576,evoker,devastation,12,6,6
Charezard,draenor,576,evoker,devastation,12,6,6
Dracalos,silvermoon,576,evoker,devastation,12,6,6
Xendragon,kazzak,576,evoker,devastation,12,6,6
Митокада,soulflayer,576,evoker,devastation,18,6,12
Fabrizios,blackrock,576,evoker,devastation,18,6,12
Burnrate,draenor,576,evoker,devastation,20,6,14
Barneyxx,tarren-mill,576,evoker,devastation,24,6,18
Batmanjasii,eredar,575,evoker,devastation,12,6,6
Ágarosz,sanguino,575,evoker,devastation,12,6,6
Chunlooi,baelgun,575,evoker,devastation,12,6,6
Meyowuo,doomhammer,575,evoker,devastation,14,6,8
Uprover,kazzak,575,evoker,devastation,18,6,12
Copíum,silvermoon,575,evoker,devastation,18,6,12
Малесиндра,gordunni,575,evoker,devastation,18,6,12
Temeraire,argent-dawn,575,evoker,devastation,18,6,12
Mazzg,blackmoore,574,evoker,devastation,21,7,14
Morph,talnivarr,574,evoker,devastation,18,6,12
Kharon,garrosh,574,evoker,devastation,24,6,18
Firaxis,kazzak,573,evoker,devastation,12,6,6
Эллъис,gordunni,544,evoker,devastation,34,7,27
Molem,defias-brotherhood,543,evoker,devastation,11,6,5
Филлид,gordunni,543,evoker,devastation,14,7,7
Lilvorki,silvermoon,543,evoker,devastation,17,6,11
Hekatonshire,hyjal,539,evoker,devastation,11,6,5
Rise,tarren-mill,522,evoker,devastation,12,7,5
Drakeflaps,lightnings-blade,480,evoker,devastation,6,5,1
Hösh,elune,480,evoker,devastation,6,5,1
Tovaro,xavius,480,evoker,devastation,6,5,1
Chronougi,ravencrest,480,evoker,devastation,6,5,1
Elvarg,ragnaros,480,evoker,devastation,6,5,1
Норимида,soulflayer,480,evoker,devastation,6,5,1
Nyedrak,kilrogg,480,evoker,devastation,6,5,1
Сансетшторм,gordunni,480,evoker,devastation,12,5,7
Bullseiye,silvermoon,480,evoker,devastation,12,5,7
Soondeleted,eredar,480,evoker,devastation,12,5,7
Dracnass,silvermoon,480,evoker,devastation,12,5,7
Kuhi,twisting-nether,480,evoker,devastation,12,5,7
Syraxxes,sanguino,480,evoker,devastation,12,5,7
Pavelito,ysondre,480,evoker,devastation,12,5,7
Arbîter,eredar,480,evoker,devastation,12,5,7
Bal,arakarahm,480,evoker,devastation,12,5,7
Pandagos,archimonde,480,evoker,devastation,12,5,7
Cooperevoker,blackrock,480,evoker,devastation,12,5,7
Niddhog,antonidas,480,evoker,devastation,12,5,7
Rekinn,tarren-mill,480,evoker,devastation,12,5,7
Леерустан,howling-fjord,480,evoker,devastation,12,5,7
Skulblakas,blackmoore,480,evoker,devastation,12,5,7
Icyevoker,ravencrest,480,evoker,devastation,12,5,7
Nerõ,thrall,480,evoker,devastation,12,5,7
Spyro,bloodfeather,480,evoker,devastation,12,5,7
Gissthebuzzy,dun-modr,480,evoker,devastation,12,5,7
Wuschwuscha,thrall,480,evoker,devastation,12,5,7
Predictrash,archimonde,480,evoker,devastation,12,5,7
Tilwahlzok,pozzo-delleternità,480,evoker,devastation,12,5,7
Vermithors,ravencrest,479,evoker,devastation,12,5,7
Magicae,drakthul,479,evoker,devastation,12,5,7
Кайрэс,gordunni,479,evoker,devastation,12,5,7
Draganeel,frostwolf,479,evoker,devastation,18,5,13
Mirazare,khadgar,478,evoker,devastation,12,5,7
Vanima,forscherliga,477,evoker,devastation,6,5,1
Shenrøn,garona,476,evoker,devastation,12,5,7
Blamdrake,blackhand,384,evoker,devastation,6,4,2
Theralon,tarren-mill,384,evoker,devastation,6,4,2
Zyevoker,silvermoon,384,evoker,devastation,6,4,2
Iblvicanfly,stormscale,384,evoker,devastation,6,4,2
Jarhys,draenor,384,evoker,devastation,6,4,2
Scalewind,twisting-nether,384,evoker,devastation,6,4,2
Штеци,howling-fjord,384,evoker,devastation,6,4,2
Notadvanced,draenor,384,evoker,devastation,6,4,2
Gulimvoker,aegwynn,384,evoker,devastation,6,4,2
Wurm,shadowsong,384,evoker,devastation,6,4,2
Skiora,argent-dawn,384,evoker,devastation,6,4,2
Дракарус,soulflayer,384,evoker,devastation,12,4,8
Dracofeuxd,archimonde,384,evoker,devastation,12,4,8
Nynnaydoth,drakthul,384,evoker,devastation,12,4,8
Chck,ragnaros,384,evoker,devastation,12,4,8
Vrèsh,blackrock,384,evoker,devastation,12,4,8
Лавеон,gordunni,384,evoker,devastation,12,4,8
Pentraktar,pozzo-delleternità,384,evoker,devastation,12,4,8
Spyróò,ravencrest,384,evoker,devastation,12,4,8
Huangzhang,burning-legion,384,evoker,devastation,12,4,8
Croker,ravencrest,384,evoker,devastation,12,4,8
Ãbl,silvermoon,384,evoker,devastation,12,4,8
Sadlylate,dentarg,384,evoker,devastation,18,4,14
Bæxo,blackrock,384,evoker,devastation,18,4,14
Jamesdouglas,eredar,383,evoker,devastation,6,4,2
Deskölorio,shendralar,383,evoker,devastation,7,4,3
Bombrush,ragnaros,383,evoker,devastation,9,5,4
Ominobari,silvermoon,383,evoker,devastation,18,4,14
Sheego,anetheron,382,evoker,devastation,6,4,2
Calonddraig,turalyon,382,evoker,devastation,6,4,2
Flameclaw,argent-dawn,382,evoker,devastation,6,4,2
Deimong,khaz-modan,381,evoker,devastation,12,4,8
Quicksmoke,argent-dawn,379,evoker,devastation,21,6,15
Dracsamdi,tarren-mill,367,evoker,devastation,11,4,7
Renalia,blackrock,351,evoker,devastation,14,5,9
Evokíng,argent-dawn,330,evoker,devastation,10,5,5
Tremola,twisting-nether,320,evoker,devastation,10,4,6
Belkavoker,zirkel-des-cenarius,319,evoker,devastation,5,4,1
Somntersu,argent-dawn,319,evoker,devastation,5,4,1
Adônis,malorne,288,evoker,devastation,6,3,3
Норус,howling-fjord,288,evoker,devastation,6,3,3
Psheetae,kazzak,288,evoker,devastation,6,3,3
Nørgan,die-aldor,288,evoker,devastation,6,3,3
Ughvoker,kazzak,288,evoker,devastation,6,3,3
Draceon,argent-dawn,288,evoker,devastation,6,3,3
Dalsath,silvermoon,288,evoker,devastation,6,3,3
Azurog,blackmoore,288,evoker,devastation,6,3,3
Drachenwut,aegwynn,288,evoker,devastation,6,3,3
Akaitzu,blackmoore,288,evoker,devastation,6,3,3
Shåmsse,kazzak,288,evoker,devastation,6,3,3
Ripgódx,bronzebeard,288,evoker,devastation,6,3,3
Feinerkerl,blackmoore,288,evoker,devastation,6,3,3
Malowux,outland,288,evoker,devastation,6,3,3
Rosiash,auchindoun,288,evoker,devastation,6,3,3
Навидх,howling-fjord,288,evoker,devastation,6,3,3
Runednmf,kazzak,288,evoker,devastation,6,3,3
Nerfmeplze,outland,288,evoker,devastation,6,3,3
Тектрис,howling-fjord,288,evoker,devastation,6,3,3
Эндемический,soulflayer,288,evoker,devastation,6,3,3
Jaykvoker,kazzak,288,evoker,devastation,6,3,3
Fivebeers,silvermoon,288,evoker,devastation,6,3,3
Драккалис,eversong,288,evoker,devastation,6,3,3
Merrius,der-rat-von-dalaran,288,evoker,devastation,6,3,3
Jrmdragik,kaelthas,288,evoker,devastation,6,3,3
Keltullis,archimonde,288,evoker,devastation,6,3,3
Louzard,draenor,288,evoker,devastation,6,3,3
Nózdormuwu,argent-dawn,288,evoker,devastation,6,3,3
Feldrac,ravencrest,288,evoker,devastation,6,3,3
Lìshrá,baelgun,288,evoker,devastation,6,3,3
Galanix,argent-dawn,288,evoker,devastation,6,3,3
Azzazed,dun-modr,288,evoker,devastation,6,3,3
Bestofriendo,eredar,288,evoker,devastation,6,3,3
Mollÿ,sanguino,288,evoker,devastation,6,3,3
Lajra,ragnaros,288,evoker,devastation,6,3,3
Dracofion,ravencrest,288,evoker,devastation,6,3,3
Geckonen,stormreaver,288,evoker,devastation,6,3,3
Flippmoker,argent-dawn,288,evoker,devastation,6,3,3
Ernesti,draenor,288,evoker,devastation,6,3,3
Ðragøn,argent-dawn,288,evoker,devastation,6,3,3
Alusiedrake,ravencrest,288,evoker,devastation,6,3,3
Whaazzdragon,tarren-mill,288,evoker,devastation,6,3,3
Hateroll,ravencrest,288,evoker,devastation,6,3,3
Drokki,burning-legion,288,evoker,devastation,6,3,3
Gailliade,archimonde,288,evoker,devastation,12,3,9
Raøug,blackmoore,288,evoker,devastation,12,3,9
Shindragøsa,ysondre,288,evoker,devastation,12,3,9
Tamargon,frostwhisper,288,evoker,devastation,12,3,9
Rhel,the-maelstrom,288,evoker,devastation,12,3,9
Valdrakken,anubarak,288,evoker,devastation,12,3,9
Sáróman,ravencrest,288,evoker,devastation,13,3,10
Belianf,silvermoon,287,evoker,devastation,6,3,3
Sliimshady,dalaran,287,evoker,devastation,6,3,3
Drks,draenor,287,evoker,devastation,12,4,8
Aegonis,archimonde,287,evoker,devastation,12,3,9
Abcxqt,hyjal,287,evoker,devastation,12,3,9
Syccs,blackrock,255,evoker,devastation,8,4,4
Argentrenard,twilights-hammer,239,evoker,devastation,5,3,2
Kirien,blackhand,234,evoker,devastation,22,4,18
Färsia,drakthul,223,evoker,devastation,8,3,5
Gelamk,twisting-nether,192,evoker,devastation,6,2,4
Авидогх,gordunni,192,evoker,devastation,6,2,4
Vynestria,argent-dawn,192,evoker,devastation,6,2,4
Kandragor,antonidas,192,evoker,devastation,6,2,4
Camilis,archimonde,192,evoker,devastation,6,2,4
Snàx,aggra-português,192,evoker,devastation,6,2,4
Fueu,draenor,192,evoker,devastation,6,2,4
Drevoker,daggerspine,192,evoker,devastation,6,2,4
Adamâs,archimonde,192,evoker,devastation,6,2,4
Lelemion,arathor,192,evoker,devastation,6,2,4
Exitelolx,blackrock,192,evoker,devastation,6,2,4
Валказар,gordunni,192,evoker,devastation,6,2,4
Bittewhyally,grim-batol,192,evoker,devastation,6,2,4
Airplanepeek,draenor,192,evoker,devastation,6,2,4
Norskairline,kazzak,192,evoker,devastation,6,2,4
Twokgbananas,blackhand,192,evoker,devastation,6,2,4
Drakary,chogall,192,evoker,devastation,6,2,4
Niluslangbal,stormscale,192,evoker,devastation,6,2,4
Reddeaddrago,silvermoon,192,evoker,devastation,6,2,4
Azzaanan,kirin-tor,192,evoker,devastation,6,2,4
Chürbis,blackmoore,192,evoker,devastation,6,2,4
Ellphi,illidan,192,evoker,devastation,6,2,4
Shenronn,zuljin,192,evoker,devastation,6,2,4
Oogabuga,outland,192,evoker,devastation,6,2,4
Evøcado,blackmoore,192,evoker,devastation,6,2,4
Майтимаус,goldrinn,192,evoker,devastation,6,2,4
Hahahahalolx,twisting-nether,192,evoker,devastation,6,2,4
Draaxy,twisting-nether,192,evoker,devastation,6,2,4
Draagon,burning-legion,192,evoker,devastation,6,2,4
Kroqmoo,drekthar,192,evoker,devastation,7,2,5
Lubyan,pozzo-delleternità,192,evoker,devastation,18,3,15
Nybxx,frostmane,192,evoker,devastation,12,2,10
Erenhan,archimonde,192,evoker,devastation,12,2,10
Oldlizard,blackrock,192,evoker,devastation,12,2,10
Jacra,twisting-nether,192,evoker,devastation,12,2,10
Невердракон,howling-fjord,192,evoker,devastation,12,2,10
Andragosa,confrérie-du-thorium,192,evoker,devastation,12,2,10
Czerwonooki,turalyon,192,evoker,devastation,12,2,10
Shellfire,twisting-nether,192,evoker,devastation,12,2,10
Дракомант,eversong,192,evoker,devastation,12,2,10
Jpeo,blackhand,192,evoker,devastation,12,2,10
Tatsuki,arthas,192,evoker,devastation,18,2,16
Kraakraa,turalyon,191,evoker,devastation,6,2,4
Вжухкия,gordunni,159,evoker,devastation,5,2,3
Gypsydrake,tarren-mill,159,evoker,devastation,8,3,5
Kekeri,blackhand,112,evoker,devastation,7,2,5
Tneen,stormscale,96,evoker,devastation,3,2,1
Craycry,argent-dawn,96,evoker,devastation,6,1,5
Suba,tarren-mill,96,evoker,devastation,6,1,5
Terrorwings,twisting-nether,96,evoker,devastation,6,1,5
Jetfqds,archimonde,96,evoker,devastation,6,1,5
Vahamut,argent-dawn,96,evoker,devastation,6,1,5
Eosin,blackrock,96,evoker,devastation,6,1,5
Holdya,archimonde,96,evoker,devastation,6,1,5
Asharys,argent-dawn,96,evoker,devastation,6,1,5
Dracarysfire,kazzak,96,evoker,devastation,6,1,5
Zerario,blackhand,96,evoker,devastation,6,1,5
Piecemaker,malganis,96,evoker,devastation,6,1,5
Zørix,hyjal,96,evoker,devastation,6,1,5
Ronmanarmy,blackrock,96,evoker,devastation,6,1,5
Мельхиор,booty-bay,96,evoker,devastation,6,1,5
Devanthar,argent-dawn,96,evoker,devastation,6,1,5
Тренакса,soulflayer,96,evoker,devastation,6,1,5
Skyfire,stormscale,96,evoker,devastation,6,1,5
Rawrdragon,twisting-nether,96,evoker,devastation,6,1,5
Bloodspiral,tarren-mill,96,evoker,devastation,6,1,5
Retyss,twisting-nether,96,evoker,devastation,6,1,5
Effrt,ravencrest,96,evoker,devastation,12,1,11
Spioche,burning-legion,96,evoker,devastation,12,1,11
Setur,outland,96,evoker,devastation,12,1,11
Драгоблуд,soulflayer,79,evoker,devastation,5,1,4
Xidalulz,sylvanas,63,evoker,devastation,2,2,0
Bulydracguir,kazzak,42,evoker,devastation,7,2,5
Âspên,archimonde,31,evoker,devastation,2,1,1
Abragan,aegwynn,31,evoker,devastation,2,1,1
Chronoalis,nemesis,31,evoker,devastation,2,1,1
Thundermifln,nemesis,16,evoker,devastation,7,1,6
Ceitronox,argent-dawn,2101,hunter,marksmanship,78,40,38
Matasso,burning-legion,1984,hunter,marksmanship,185,94,91
Olyleskotch,ravencrest,1983,hunter,marksmanship,60,31,29
Nennimi,ravencrest,1978,hunter,marksmanship,87,44,43
Alêx,outland,1973,hunter,marksmanship,114,58,56
Pjållistani,ravencrest,1967,hunter,marksmanship,188,100,88
Yasuohasagi,archimonde,1967,hunter,marksmanship,60,30,30
Stavfel,kazzak,1965,hunter,marksmanship,95,49,46
Мартидэн,howling-fjord,1949,hunter,marksmanship,155,76,79
Stylez,emeriss,1945,hunter,marksmanship,66,35,31
Drxta,blackrock,1937,hunter,marksmanship,72,36,36
Yezzu,sylvanas,1936,hunter,marksmanship,68,34,34
Wruck,echsenkessel,1929,hunter,marksmanship,126,71,55
Harrianlar,ravenholdt,1905,hunter,marksmanship,120,53,67
Huprah,ravencrest,1901,hunter,marksmanship,126,63,63
Аккулэйд,blackscar,1859,hunter,marksmanship,72,35,37
Skilachi,stormscale,1848,hunter,marksmanship,84,39,45
Душнила,razuvious,1841,hunter,marksmanship,113,57,56
Aimywinehaus,drakthul,1840,hunter,marksmanship,60,31,29
Evacuatur,argent-dawn,1826,hunter,marksmanship,66,33,33
Wildheárt,aegwynn,1824,hunter,marksmanship,66,35,31
Ancalarion,tarren-mill,1824,hunter,marksmanship,54,26,28
Hï,eitrigg,1819,hunter,marksmanship,72,35,37
Cenaa,ragnaros,1816,hunter,marksmanship,25,19,6
Rashoumon,zuljin,1816,hunter,marksmanship,52,35,17
Techpoint,silvermoon,1816,hunter,marksmanship,42,27,15
Crôwley,twisting-nether,1816,hunter,marksmanship,54,30,24
Xoarqt,aegwynn,1812,hunter,marksmanship,72,32,40
Лесбиянюсь,gordunni,1809,hunter,marksmanship,30,19,11
Lenooby,blades-edge,1807,hunter,marksmanship,90,48,42
Áñmy,ravencrest,1804,hunter,marksmanship,53,28,25
Aimshotx,stormscale,1801,hunter,marksmanship,48,28,20
Mogwai,stormscale,1801,hunter,marksmanship,59,29,30
Арамор,blackscar,1787,hunter,marksmanship,52,30,22
Iceyx,stormscale,1785,hunter,marksmanship,42,19,23
Passalaqua,aegwynn,1783,hunter,marksmanship,72,43,29
Warbringerx,stormscale,1782,hunter,marksmanship,36,19,17
Åíøñs,kazzak,1778,hunter,marksmanship,35,19,16
Myice,twisting-nether,1771,hunter,marksmanship,66,36,30
Onlystuns,sylvanas,1771,hunter,marksmanship,83,41,42
Misstrap,drakthul,1769,hunter,marksmanship,53,35,18
Johnreapèr,sylvanas,1762,hunter,marksmanship,77,36,41
Suchskill,stormreaver,1752,hunter,marksmanship,60,29,31
Spoonfingers,ravencrest,1744,hunter,marksmanship,41,21,20
Mógwaí,stormscale,1739,hunter,marksmanship,54,29,25
Buffrøgues,ravencrest,1739,hunter,marksmanship,175,88,87
Dis,twilights-hammer,1739,hunter,marksmanship,53,26,27
Bestregards,ravencrest,1739,hunter,marksmanship,95,42,53
Murtagh,khaz-modan,1733,hunter,marksmanship,72,37,35
Amistat,kazzak,1732,hunter,marksmanship,115,57,58
Huntrag,tarren-mill,1729,hunter,marksmanship,247,123,124
Лотариель,howling-fjord,1728,hunter,marksmanship,66,34,32
Spirys,drakthul,1727,hunter,marksmanship,48,20,28
Trashcarlito,eredar,1725,hunter,marksmanship,36,23,13
Lègolas,sylvanas,1721,hunter,marksmanship,66,28,38
Hallé,frostmane,1714,hunter,marksmanship,78,43,35
Strikke,archimonde,1709,hunter,marksmanship,42,18,24
Dragnial,kazzak,1703,hunter,marksmanship,53,26,27
Setyouintrap,ravencrest,1698,hunter,marksmanship,42,24,18
Xanter,blackrock,1698,hunter,marksmanship,62,29,33
Ремонтлицаа,gordunni,1695,hunter,marksmanship,115,66,49
Podroto,tyrande,1688,hunter,marksmanship,71,28,43
Trapsfordays,tarren-mill,1687,hunter,marksmanship,40,23,17
Huntsmart,kazzak,1682,hunter,marksmanship,78,34,44
Lowcaskor,turalyon,1678,hunter,marksmanship,47,26,21
Deuterium,stormscale,1677,hunter,marksmanship,36,26,10
Velrox,blackmoore,1674,hunter,marksmanship,60,30,30
Jabela,eredar,1668,hunter,marksmanship,78,35,43
Rizlay,the-maelstrom,1663,hunter,marksmanship,84,38,46
Maticshorter,blackmoore,1660,hunter,marksmanship,29,18,11
Eldrekou,kazzak,1657,hunter,marksmanship,48,22,26
Murkek,drakthul,1653,hunter,marksmanship,42,26,16
Адвентурер,howling-fjord,1652,hunter,marksmanship,96,53,43
Speedhack,argent-dawn,1650,hunter,marksmanship,63,35,28
Xqzmytrapz,blackrock,1650,hunter,marksmanship,36,18,18
Hotshòt,silvermoon,1642,hunter,marksmanship,132,72,60
Sindorian,aggra-português,1638,hunter,marksmanship,36,19,17
Bearmane,tarren-mill,1638,hunter,marksmanship,94,47,47
Triggaz,stormscale,1637,hunter,marksmanship,83,39,44
Zeanoff,ravencrest,1636,hunter,marksmanship,54,35,19
Srsbsnshunta,kazzak,1632,hunter,marksmanship,43,24,19
Naid,lordaeron,1632,hunter,marksmanship,36,20,16
Dexter,ravencrest,1632,hunter,marksmanship,184,87,97
Khregan,aerie-peak,1630,hunter,marksmanship,42,18,24
Дарктеххно,howling-fjord,1629,hunter,marksmanship,36,18,18
Амореселф,gordunni,1629,hunter,marksmanship,59,25,34
Metak,auchindoun,1627,hunter,marksmanship,32,22,10
Chindala,zuljin,1627,hunter,marksmanship,36,17,19
Куфачка,soulflayer,1627,hunter,marksmanship,36,17,19
Evengance,dragonblight,1624,hunter,marksmanship,66,43,23
Nidaliyae,archimonde,1624,hunter,marksmanship,42,20,22
Klarix,outland,1624,hunter,marksmanship,51,23,28
Natchell,ysondre,1623,hunter,marksmanship,48,22,26
Травок,gordunni,1620,hunter,marksmanship,64,34,30
Nätzz,dun-modr,1618,hunter,marksmanship,67,29,38
Бипбип,galakrond,1615,hunter,marksmanship,35,20,15
Ледо,deathguard,1614,hunter,marksmanship,66,30,36
Jetay,silvermoon,1613,hunter,marksmanship,60,33,27
Играсломана,howling-fjord,1613,hunter,marksmanship,39,21,18
Loretta,ragnaros,1609,hunter,marksmanship,47,27,20
Darts,outland,1608,hunter,marksmanship,82,41,41
Crétin,archimonde,1605,hunter,marksmanship,38,20,18
Streetxpres,nethersturm,1602,hunter,marksmanship,35,19,16
Çryneth,ravencrest,1602,hunter,marksmanship,92,49,43
Arung,ravencrest,1600,hunter,marksmanship,36,18,18
Rêmøórsêlês,outland,1594,hunter,marksmanship,39,19,20
Gugenot,tarren-mill,1589,hunter,marksmanship,56,33,23
Vangeroth,kazzak,1589,hunter,marksmanship,324,169,155
Gunlaugr,defias-brotherhood,1588,hunter,marksmanship,33,18,15
Desudi,tarren-mill,1588,hunter,marksmanship,59,30,29
Крой,howling-fjord,1588,hunter,marksmanship,83,40,43
Recrent,kazzak,1582,hunter,marksmanship,96,53,43
Sizemattersx,kazzak,1580,hunter,marksmanship,112,52,60
Шотнес,gordunni,1579,hunter,marksmanship,72,33,39
Nutshotx,stormscale,1576,hunter,marksmanship,48,19,29
Inayah,outland,1571,hunter,marksmanship,121,65,56
Scheixanter,drakthul,1570,hunter,marksmanship,146,72,74
Kayvaal,kaelthas,1568,hunter,marksmanship,48,26,22
Lebalaffré,arathi,1562,hunter,marksmanship,77,41,36
Лисатия,gordunni,1562,hunter,marksmanship,48,22,26
Minisay,magtheridon,1560,hunter,marksmanship,262,131,131
Мизэрица,soulflayer,1556,hunter,marksmanship,66,32,34
Ekz,twisting-nether,1554,hunter,marksmanship,46,24,22
Килофвратх,gordunni,1554,hunter,marksmanship,128,60,68
Mantinell,hellfire,1553,hunter,marksmanship,36,20,16
Xrey,ragnaros,1553,hunter,marksmanship,57,30,27
Хальвеген,gordunni,1545,hunter,marksmanship,212,107,105
Миссклик,soulflayer,1544,hunter,marksmanship,54,33,21
Cpflex,arthas,1543,hunter,marksmanship,64,27,37
Miladinorc,azjolnerub,1540,hunter,marksmanship,54,32,22
Vruh,antonidas,1540,hunter,marksmanship,54,30,24
Chaussons,kazzak,1539,hunter,marksmanship,114,59,55
Lookmyezzy,ravencrest,1535,hunter,marksmanship,32,17,15
Brk,dun-modr,1534,hunter,marksmanship,30,16,14
Elja,laughing-skull,1531,hunter,marksmanship,73,40,33
Mînérvá,blackhand,1530,hunter,marksmanship,60,38,22
Jamzyhunter,emerald-dream,1530,hunter,marksmanship,42,17,25
Kariss,khaz-modan,1521,hunter,marksmanship,143,71,72
Hardscoped,tarren-mill,1521,hunter,marksmanship,64,29,35
Trytoconnect,ravencrest,1516,hunter,marksmanship,48,26,22
Eenel,twisting-nether,1513,hunter,marksmanship,30,16,14
Eferos,quelthalas,1513,hunter,marksmanship,60,26,34
Souljâh,ravencrest,1511,hunter,marksmanship,35,20,15
Crowsza,archimonde,1508,hunter,marksmanship,35,19,16
Swïtchz,hyjal,1507,hunter,marksmanship,111,57,54
Jup,elune,1507,hunter,marksmanship,49,17,32
Focushunter,outland,1506,hunter,marksmanship,64,30,34
Jurá,perenolde,1502,hunter,marksmanship,71,33,38
Rattentäter,alexstrasza,1498,hunter,marksmanship,54,28,26
Ронингуд,gordunni,1497,hunter,marksmanship,48,26,22
Barnabaz,skullcrusher,1497,hunter,marksmanship,42,22,20
Yarnvid,twisting-nether,1487,hunter,marksmanship,123,62,61
Jeeves,outland,1474,hunter,marksmanship,35,16,19
Длинноемоджо,soulflayer,1473,hunter,marksmanship,309,151,158
Афигеннски,ashenvale,1473,hunter,marksmanship,66,31,35
Emnia,argent-dawn,1470,hunter,marksmanship,78,37,41
Хжв,ashenvale,1469,hunter,marksmanship,56,28,28
Mânhunt,blackhand,1467,hunter,marksmanship,53,31,22
Дисконнэктор,soulflayer,1467,hunter,marksmanship,72,27,45
Короткиствол,gordunni,1463,hunter,marksmanship,48,21,27
Surtfire,alonsus,1462,hunter,marksmanship,108,54,54
Smekminbåge,tarren-mill,1462,hunter,marksmanship,36,16,20
Вееном,gordunni,1458,hunter,marksmanship,111,51,60
Rèyz,blackhand,1457,hunter,marksmanship,64,34,30
Tntabsotrap,silvermoon,1455,hunter,marksmanship,82,44,38
Daela,elune,1455,hunter,marksmanship,77,32,45
Rex,chamber-of-aspects,1454,hunter,marksmanship,39,23,16
Autoturret,eredar,1454,hunter,marksmanship,48,24,24
Zirilan,nemesis,1452,hunter,marksmanship,82,41,41
Summa,silvermoon,1452,hunter,marksmanship,72,34,38
Dafhel,hyjal,1451,hunter,marksmanship,54,24,30
Mizumo,burning-legion,1450,hunter,marksmanship,109,63,46
Bollo,malganis,1449,hunter,marksmanship,61,29,32
Meinkoenig,frostwolf,1448,hunter,marksmanship,48,30,18
Будкусломаю,grom,1447,hunter,marksmanship,77,35,42
Bapt,blackrock,1447,hunter,marksmanship,42,17,25
Hunsed,sanguino,1445,hunter,marksmanship,42,26,16
Balamut,aegwynn,1445,hunter,marksmanship,83,45,38
Mervyl,burning-legion,1445,hunter,marksmanship,36,18,18
Pickaboo,defias-brotherhood,1445,hunter,marksmanship,215,106,109
Carpante,nemesis,1442,hunter,marksmanship,72,34,38
Asthorio,stormscale,1442,hunter,marksmanship,89,39,50
Эльк,gordunni,1440,hunter,marksmanship,33,21,12
Nanns,silvermoon,1439,hunter,marksmanship,59,29,30
Killitoss,blackmoore,1438,hunter,marksmanship,33,16,17
Джоуе,ashenvale,1437,hunter,marksmanship,30,15,15
Luuszapfae,aegwynn,1436,hunter,marksmanship,29,16,13
Àfpro,hyjal,1436,hunter,marksmanship,70,32,38
Babclaar,culte-de-la-rive-noire,1435,hunter,marksmanship,36,22,14
Nagu,antonidas,1435,hunter,marksmanship,30,15,15
Skillzone,silvermoon,1432,hunter,marksmanship,36,15,21
Оленнька,howling-fjord,1431,hunter,marksmanship,48,30,18
Jeston,amanthul,1430,hunter,marksmanship,49,23,26
Ønske,azjolnerub,1423,hunter,marksmanship,48,25,23
Mfbloom,blackmoore,1423,hunter,marksmanship,30,15,15
Ashimaru,sylvanas,1423,hunter,marksmanship,63,31,32
Crar,frostwolf,1421,hunter,marksmanship,76,43,33
Shootingbob,blackrock,1421,hunter,marksmanship,42,23,19
Rikishot,ravencrest,1420,hunter,marksmanship,52,25,27
Kravên,anubarak,1417,hunter,marksmanship,63,32,31
Kalima,malfurion,1416,hunter,marksmanship,72,28,44
Doubletap,ysondre,1415,hunter,marksmanship,18,15,3
Duckling,argent-dawn,1415,hunter,marksmanship,48,23,25
Mindgap,pozzo-delleternità,1415,hunter,marksmanship,80,38,42
Firescorpion,onyxia,1414,hunter,marksmanship,30,19,11
Littlerat,kult-der-verdammten,1414,hunter,marksmanship,30,15,15
Aimnfire,anachronos,1412,hunter,marksmanship,61,32,29
Аскентр,gordunni,1411,hunter,marksmanship,67,31,36
Elonyr,sanguino,1411,hunter,marksmanship,196,90,106
Keskolica,outland,1407,hunter,marksmanship,54,25,29
Jimbow,blackrock,1404,hunter,marksmanship,28,16,12
Piit,elune,1403,hunter,marksmanship,67,28,39
Scatshot,grim-batol,1401,hunter,marksmanship,24,16,8
Wowkulaka,kazzak,1401,hunter,marksmanship,42,21,21
Еввнух,gordunni,1401,hunter,marksmanship,72,31,41
Hiðe,archimonde,1399,hunter,marksmanship,56,28,28
Darm,sunstrider,1398,hunter,marksmanship,36,15,21
Laskoo,tarren-mill,1396,hunter,marksmanship,54,30,24
Begøne,draenor,1392,hunter,marksmanship,18,15,3
Plzdontrun,sylvanas,1389,hunter,marksmanship,47,24,23
Kyudo,ravencrest,1387,hunter,marksmanship,100,49,51
Sharpeyezz,ravencrest,1387,hunter,marksmanship,71,28,43
Ensomnia,silvermoon,1382,hunter,marksmanship,24,19,5
Gilgharsh,rajaxx,1380,hunter,marksmanship,42,20,22
Роктджана,deathguard,1379,hunter,marksmanship,58,27,31
Lincolne,ravencrest,1375,hunter,marksmanship,41,17,24
Stingarrow,stormscale,1374,hunter,marksmanship,42,24,18
Lrr,grim-batol,1370,hunter,marksmanship,18,15,3
Bøøgy,silvermoon,1370,hunter,marksmanship,152,78,74
Vavabxl,ysondre,1370,hunter,marksmanship,102,47,55
Samhunt,blackrock,1370,hunter,marksmanship,35,15,20
Doncar,stormscale,1367,hunter,marksmanship,99,44,55
Lobos,ravencrest,1367,hunter,marksmanship,60,25,35
Mmaaee,ravencrest,1365,hunter,marksmanship,58,33,25
Ofortuna,silvermoon,1365,hunter,marksmanship,42,23,19
Nêzz,tarren-mill,1365,hunter,marksmanship,32,15,17
Absolutnoob,blackrock,1362,hunter,marksmanship,38,21,17
Gwalëndil,hyjal,1359,hunter,marksmanship,54,26,28
Slmao,tarren-mill,1357,hunter,marksmanship,60,27,33
Llaz,silvermoon,1355,hunter,marksmanship,28,15,13
Szybky,defias-brotherhood,1354,hunter,marksmanship,60,25,35
Wmaximoff,tarren-mill,1351,hunter,marksmanship,80,33,47
Silvyn,pozzo-delleternità,1347,hunter,marksmanship,36,20,16
Meskette,ravencrest,1344,hunter,marksmanship,36,18,18
Cadvan,nagrand,1343,hunter,marksmanship,27,15,12
Gromaya,elune,1342,hunter,marksmanship,47,23,24
Скартэкс,howling-fjord,1340,hunter,marksmanship,26,18,8
Xalaar,frostwolf,1339,hunter,marksmanship,62,33,29
Antiork,doomhammer,1339,hunter,marksmanship,66,31,35
Røxxilia,blackmoore,1339,hunter,marksmanship,60,26,34
Enÿo,ysondre,1339,hunter,marksmanship,48,16,32
Prodanhunts,frostmane,1336,hunter,marksmanship,66,32,34
Jamesie,ravencrest,1335,hunter,marksmanship,24,14,10
Nirn,ravencrest,1335,hunter,marksmanship,30,14,16
Encore,sylvanas,1334,hunter,marksmanship,48,23,25
Rzeezznik,burning-legion,1333,hunter,marksmanship,24,14,10
Шимэйла,gordunni,1333,hunter,marksmanship,67,31,36
Moschtix,forscherliga,1333,hunter,marksmanship,48,20,28
Noxxen,burning-legion,1328,hunter,marksmanship,31,18,13
Klinksz,ysondre,1328,hunter,marksmanship,31,16,15
Bæst,elune,1327,hunter,marksmanship,31,16,15
Deadfire,hyjal,1325,hunter,marksmanship,42,20,22
Diapositiv,draenor,1325,hunter,marksmanship,30,14,16
Maroxy,ragnaros,1325,hunter,marksmanship,35,14,21
Selaesa,chamber-of-aspects,1321,hunter,marksmanship,45,22,23
Adariana,archimonde,1321,hunter,marksmanship,54,23,31
Amphi,stormscale,1320,hunter,marksmanship,66,36,30
Zirgoo,outland,1320,hunter,marksmanship,66,28,38
Glad,argent-dawn,1320,hunter,marksmanship,77,32,45
Tupalax,outland,1320,hunter,marksmanship,64,26,38
Donneraàn,blackrock,1319,hunter,marksmanship,60,33,27
Abraxan,twisting-nether,1318,hunter,marksmanship,34,22,12
Kokowawaa,kazzak,1317,hunter,marksmanship,66,28,38
Arrown,outland,1316,hunter,marksmanship,35,17,18
Smitheye,argent-dawn,1314,hunter,marksmanship,141,69,72
Narawinger,silvermoon,1310,hunter,marksmanship,36,21,15
Arrowdoxx,silvermoon,1310,hunter,marksmanship,117,51,66
Huntaloko,outland,1305,hunter,marksmanship,29,15,14
Zushji,ysondre,1305,hunter,marksmanship,87,36,51
Xzmiq,outland,1304,hunter,marksmanship,26,15,11
Silvyina,todeswache,1302,hunter,marksmanship,86,43,43
Ixlxlxlxl,kazzak,1301,hunter,marksmanship,30,21,9
Høward,aegwynn,1300,hunter,marksmanship,36,20,16
Thysalee,hyjal,1296,hunter,marksmanship,38,15,23
Pappous,kul-tiras,1294,hunter,marksmanship,65,32,33
Bobleearrow,darkspear,1294,hunter,marksmanship,53,25,28
Jeddaj,stormscale,1289,hunter,marksmanship,36,14,22
Yoúmad,draenor,1288,hunter,marksmanship,28,14,14
Heísenberg,ragnaros,1287,hunter,marksmanship,31,15,16
Rupeebtw,stormscale,1285,hunter,marksmanship,96,43,53
Rabiate,blackrock,1284,hunter,marksmanship,34,16,18
Eskubar,burning-legion,1278,hunter,marksmanship,42,23,19
Fauda,hellscream,1277,hunter,marksmanship,30,15,15
Doomhorg,quelthalas,1276,hunter,marksmanship,60,30,30
Waltuhwhite,teldrassil,1275,hunter,marksmanship,20,14,6
Curtiss,sanguino,1275,hunter,marksmanship,30,17,13
Iòvól,azuremyst,1274,hunter,marksmanship,82,41,41
Argahnim,azjolnerub,1272,hunter,marksmanship,48,21,27
Rmnsbm,blackmoore,1271,hunter,marksmanship,30,14,16
Nightshäde,aggra-português,1264,hunter,marksmanship,40,16,24
Øßlíck,ysondre,1262,hunter,marksmanship,28,14,14
Zelira,boulderfist,1262,hunter,marksmanship,76,33,43
Loca,twilights-hammer,1261,hunter,marksmanship,72,36,36
Pekkoe,khaz-modan,1259,hunter,marksmanship,54,29,25
Yanger,burning-legion,1259,hunter,marksmanship,42,18,24
Шамагута,gordunni,1258,hunter,marksmanship,30,14,16
Хантвкроксах,gordunni,1257,hunter,marksmanship,22,14,8
Феорика,grom,1257,hunter,marksmanship,66,33,33
Имбакласс,howling-fjord,1257,hunter,marksmanship,80,37,43
Cutehuntér,ragnaros,1256,hunter,marksmanship,74,31,43
Booms,eonar,1254,hunter,marksmanship,65,31,34
Boomkillshot,zuljin,1250,hunter,marksmanship,101,52,49
Mönster,ravenholdt,1248,hunter,marksmanship,27,14,13
Mspt,archimonde,1248,hunter,marksmanship,30,13,17
Lísy,hyjal,1244,hunter,marksmanship,24,13,11
Iilac,argent-dawn,1242,hunter,marksmanship,184,104,80
Epheso,daggerspine,1242,hunter,marksmanship,24,13,11
Ксидре,eversong,1242,hunter,marksmanship,42,20,22
Nharul,blackmoore,1242,hunter,marksmanship,30,13,17
Рбг,blackscar,1241,hunter,marksmanship,30,13,17
Poatan,outland,1240,hunter,marksmanship,164,86,78
Арийская,gordunni,1239,hunter,marksmanship,65,29,36
Хантнерюга,gordunni,1236,hunter,marksmanship,24,13,11
Jðsi,dalaran,1236,hunter,marksmanship,60,26,34
Огнеборик,howling-fjord,1235,hunter,marksmanship,30,13,17
Shedzargo,twisting-nether,1234,hunter,marksmanship,24,13,11
Fränko,ravencrest,1234,hunter,marksmanship,36,13,23
Mainblu,nemesis,1231,hunter,marksmanship,30,14,16
Breier,argent-dawn,1229,hunter,marksmanship,65,34,31
Xesih,twisting-nether,1228,hunter,marksmanship,59,26,33
Sivoh,silvermoon,1227,hunter,marksmanship,50,23,27
Ililivillumi,tarren-mill,1227,hunter,marksmanship,36,16,20
Andtamed,thunderhorn,1225,hunter,marksmanship,48,22,26
Travels,tarren-mill,1222,hunter,marksmanship,30,13,17
Одисенс,eversong,1220,hunter,marksmanship,109,55,54
Redneckjoe,draenor,1219,hunter,marksmanship,41,18,23
Snaped,malganis,1219,hunter,marksmanship,34,14,20
Курунирка,gordunni,1213,hunter,marksmanship,36,13,23
Elyxa,ysondre,1211,hunter,marksmanship,54,30,24
Sallina,blutkessel,1209,hunter,marksmanship,24,13,11
Эвилтар,soulflayer,1206,hunter,marksmanship,26,14,12
Blowplac,moonglade,1206,hunter,marksmanship,58,25,33
Vïcødïnë,sinstralis,1205,hunter,marksmanship,48,20,28
Хакаар,grom,1204,hunter,marksmanship,89,46,43
Hawkz,quelthalas,1204,hunter,marksmanship,67,32,35
Deneja,kilrogg,1201,hunter,marksmanship,30,13,17
Skohal,draenor,1200,hunter,marksmanship,78,36,42
Sinsé,conseil-des-ombres,1198,hunter,marksmanship,28,17,11
Watty,chogall,1195,hunter,marksmanship,88,45,43
Серргио,soulflayer,1191,hunter,marksmanship,18,13,5
Deathshots,aggra-português,1191,hunter,marksmanship,42,13,29
Fetts,silvermoon,1189,hunter,marksmanship,56,29,27
Bigfoot,argent-dawn,1189,hunter,marksmanship,129,56,73
Zendar,blackmoore,1189,hunter,marksmanship,45,19,26
Féliché,elune,1188,hunter,marksmanship,72,27,45
Corrwus,argent-dawn,1181,hunter,marksmanship,42,18,24
Blackas,dun-modr,1179,hunter,marksmanship,78,36,42
Хапмьюзик,howling-fjord,1179,hunter,marksmanship,90,37,53
Swáy,twisting-nether,1175,hunter,marksmanship,268,130,138
Каизик,soulflayer,1173,hunter,marksmanship,35,14,21
Yunalèsca,eredar,1171,hunter,marksmanship,34,13,21
Naven,minahonda,1170,hunter,marksmanship,36,15,21
Lillynahh,argent-dawn,1169,hunter,marksmanship,127,59,68
Celtya,archimonde,1166,hunter,marksmanship,135,69,66
Opsi,area-52,1166,hunter,marksmanship,66,27,39
Tránsphobic,kilrogg,1162,hunter,marksmanship,36,17,19
Lightarròw,nordrassil,1162,hunter,marksmanship,36,13,23
Sâetha,dun-modr,1157,hunter,marksmanship,36,14,22
Taveon,turalyon,1154,hunter,marksmanship,36,13,23
Jodd,ragnaros,1152,hunter,marksmanship,24,12,12
Bøost,stormscale,1151,hunter,marksmanship,18,12,6
Pandanero,ravencrest,1149,hunter,marksmanship,24,12,12
Pewpewstuff,draenor,1149,hunter,marksmanship,24,12,12
Лорбан,gordunni,1148,hunter,marksmanship,32,16,16
Kendow,blackrock,1148,hunter,marksmanship,60,27,33
Ëluna,burning-legion,1147,hunter,marksmanship,25,16,9
Farmerjoee,alakir,1147,hunter,marksmanship,24,13,11
Migro,sylvanas,1145,hunter,marksmanship,24,12,12
Reyst,moonglade,1144,hunter,marksmanship,18,12,6
Akyra,runetotem,1144,hunter,marksmanship,48,18,30
Bluelol,ravencrest,1143,hunter,marksmanship,34,12,22
Bgkrasavec,stormscale,1142,hunter,marksmanship,75,36,39
Белыйатомщик,howling-fjord,1142,hunter,marksmanship,30,12,18
Voitelka,terokkar,1141,hunter,marksmanship,62,32,30
Nezekielle,drekthar,1140,hunter,marksmanship,30,12,18
Survivr,frostmane,1139,hunter,marksmanship,24,14,10
Tokkie,burning-blade,1138,hunter,marksmanship,18,12,6
Kakadoo,twisting-nether,1131,hunter,marksmanship,36,16,20
Touscahunter,kazzak,1129,hunter,marksmanship,270,134,136
Azaella,tarren-mill,1127,hunter,marksmanship,30,13,17
Дайпострелят,gordunni,1127,hunter,marksmanship,30,12,18
Jägarbröje,kazzak,1126,hunter,marksmanship,30,18,12
Anpaytoo,antonidas,1126,hunter,marksmanship,36,14,22
Neldrassil,blackmoore,1124,hunter,marksmanship,65,32,33
Hoody,culte-de-la-rive-noire,1123,hunter,marksmanship,30,18,12
Jozsiur,ragnaros,1121,hunter,marksmanship,24,14,10
Bazrzokh,elune,1121,hunter,marksmanship,24,12,12
Rediction,ravencrest,1121,hunter,marksmanship,55,20,35
Réja,norgannon,1120,hunter,marksmanship,31,14,17
Cooroona,stormrage,1119,hunter,marksmanship,24,12,12
Overhït,hyjal,1119,hunter,marksmanship,83,38,45
Serihu,cthun,1119,hunter,marksmanship,36,12,24
Gorá,dethecus,1118,hunter,marksmanship,18,12,6
Aratoxx,blackmoore,1115,hunter,marksmanship,36,21,15
Áragorn,frostmane,1110,hunter,marksmanship,30,15,15
Эннабонни,gordunni,1108,hunter,marksmanship,24,12,12
Bobihunt,argent-dawn,1108,hunter,marksmanship,30,14,16
Hollabackgrl,outland,1105,hunter,marksmanship,42,18,24
Naghtel,die-silberne-hand,1101,hunter,marksmanship,54,29,25
Lonewolfe,ravencrest,1097,hunter,marksmanship,164,77,87
Анхантэй,lich-king,1092,hunter,marksmanship,136,69,67
Naizoo,doomhammer,1090,hunter,marksmanship,24,12,12
Йошумитсу,howling-fjord,1084,hunter,marksmanship,56,29,27
Mántîs,argent-dawn,1084,hunter,marksmanship,73,32,41
Robìnhood,nemesis,1080,hunter,marksmanship,42,22,20
Thelasiel,aerie-peak,1079,hunter,marksmanship,67,33,34
Bendit,eredar,1076,hunter,marksmanship,48,23,25
Narøs,blackhand,1076,hunter,marksmanship,76,31,45
Retroxia,stormreaver,1075,hunter,marksmanship,26,12,14
Sisilianno,khaz-modan,1073,hunter,marksmanship,124,55,69
Chassfurax,hyjal,1067,hunter,marksmanship,48,19,29
Tinlop,ragnaros,1065,hunter,marksmanship,96,41,55
Thauana,los-errantes,1060,hunter,marksmanship,30,14,16
Sùnzí,alakir,1055,hunter,marksmanship,18,11,7
Сандабар,borean-tundra,1055,hunter,marksmanship,41,20,21
Vanstro,ragnaros,1055,hunter,marksmanship,24,11,13
Енвина,gordunni,1054,hunter,marksmanship,29,13,16
Snipèr,blackmoore,1050,hunter,marksmanship,18,11,7
Kbesagrillo,sanguino,1050,hunter,marksmanship,24,11,13
Artémíss,kazzak,1050,hunter,marksmanship,24,11,13
Lennylynx,garrosh,1049,hunter,marksmanship,24,11,13
Слезыотлука,howling-fjord,1048,hunter,marksmanship,18,11,7
Zajaczek,burning-legion,1048,hunter,marksmanship,24,11,13
Shubichou,illidan,1048,hunter,marksmanship,30,13,17
Bgxd,tarren-mill,1048,hunter,marksmanship,30,11,19
Pøca,kaelthas,1045,hunter,marksmanship,18,11,7
Oatmeal,dun-morogh,1044,hunter,marksmanship,71,36,35
Bulseye,kilrogg,1044,hunter,marksmanship,24,11,13
Omixloua,ragnaros,1044,hunter,marksmanship,47,20,27
Kliantra,wildhammer,1043,hunter,marksmanship,39,17,22
Blacksyo,elune,1042,hunter,marksmanship,27,11,16
Винтаж,deepholm,1041,hunter,marksmanship,59,26,33
Cêdric,alleria,1041,hunter,marksmanship,28,12,16
Ямакасси,thermaplugg,1038,hunter,marksmanship,96,38,58
Hunterdream,aszune,1037,hunter,marksmanship,25,11,14
Bélier,hyjal,1033,hunter,marksmanship,50,25,25
Honzu,silvermoon,1030,hunter,marksmanship,24,11,13
Gilgalat,drakthul,1029,hunter,marksmanship,47,20,27
Ispo,frostwolf,1028,hunter,marksmanship,94,45,49
Neosmoke,shadowsong,1026,hunter,marksmanship,81,33,48
Talcaliste,archimonde,1026,hunter,marksmanship,45,16,29
Dentaar,draenor,1025,hunter,marksmanship,113,54,59
Olnàk,ysondre,1023,hunter,marksmanship,60,32,28
Slicer,arthas,1023,hunter,marksmanship,73,31,42
Vèreesa,azjolnerub,1022,hunter,marksmanship,36,12,24
Honrø,hyjal,1020,hunter,marksmanship,24,11,13
Fèhn,krasus,1019,hunter,marksmanship,24,14,10
Noobatala,tarren-mill,1018,hunter,marksmanship,36,17,19
Мальберна,eversong,1017,hunter,marksmanship,34,17,17
Hanzolo,uldum,1016,hunter,marksmanship,42,15,27
Crní,tarren-mill,1015,hunter,marksmanship,81,37,44
Isarnexx,dun-modr,1007,hunter,marksmanship,41,21,20
Tungusta,defias-brotherhood,1006,hunter,marksmanship,42,19,23
Nutzz,ragnaros,1006,hunter,marksmanship,41,15,26
Hkizzler,kazzak,1005,hunter,marksmanship,68,27,41
Брухлянка,gordunni,1003,hunter,marksmanship,24,12,12
Sazak,draenor,1000,hunter,marksmanship,30,17,13
Ashkabous,kazzak,1000,hunter,marksmanship,36,19,17
Heavenlyx,area-52,998,hunter,marksmanship,42,13,29
Jaýlah,draenor,991,hunter,marksmanship,54,24,30
Bonquiesha,tarren-mill,991,hunter,marksmanship,25,11,14
Tomtus,aggramar,983,hunter,marksmanship,55,27,28
Jaggatee,senjin,983,hunter,marksmanship,24,11,13
Aidsmacka,shattered-hand,982,hunter,marksmanship,20,11,9
Ártemide,pozzo-delleternità,975,hunter,marksmanship,33,15,18
Väärä,stormscale,964,hunter,marksmanship,27,13,14
Bekrepál,outland,960,hunter,marksmanship,18,10,8
Nyxìa,shattered-halls,960,hunter,marksmanship,18,10,8
Квит,blackscar,960,hunter,marksmanship,24,10,14
Hurion,sanguino,959,hunter,marksmanship,18,10,8
Cill,ravencrest,959,hunter,marksmanship,18,10,8
Velites,aggra-português,959,hunter,marksmanship,18,10,8
Amortên,silvermoon,959,hunter,marksmanship,18,10,8
Bãbas,sargeras,959,hunter,marksmanship,24,10,14
Тамирка,deathguard,958,hunter,marksmanship,12,10,2
Metalbaci,sylvanas,958,hunter,marksmanship,18,10,8
Shaib,kazzak,958,hunter,marksmanship,18,10,8
Оверман,azuregos,958,hunter,marksmanship,18,10,8
Everya,ravencrest,958,hunter,marksmanship,18,10,8
Birgitta,jaedenar,958,hunter,marksmanship,24,10,14
Angelcr,uldum,958,hunter,marksmanship,24,10,14
Yelanna,argent-dawn,957,hunter,marksmanship,18,10,8
Deatharow,ravencrest,957,hunter,marksmanship,18,10,8
Kértor,die-aldor,957,hunter,marksmanship,18,10,8
Zlejkadlec,burning-blade,957,hunter,marksmanship,24,10,14
Huntazt,draenor,956,hunter,marksmanship,18,10,8
Zrijad,draenor,955,hunter,marksmanship,18,10,8
Tiidus,burning-legion,955,hunter,marksmanship,18,10,8
Johnydep,silvermoon,955,hunter,marksmanship,30,10,20
Setis,uldaman,955,hunter,marksmanship,36,10,26
Фузег,deathguard,953,hunter,marksmanship,18,10,8
Phillon,blackrock,949,hunter,marksmanship,12,10,2
Aaryel,outland,948,hunter,marksmanship,18,10,8
Jisila,ravencrest,946,hunter,marksmanship,57,24,33
Freezyshinkn,blackrock,945,hunter,marksmanship,18,11,7
Sekeh,ragnaros,938,hunter,marksmanship,30,10,20
Ayshæ,tarren-mill,937,hunter,marksmanship,41,21,20
Agarez,blackrock,936,hunter,marksmanship,42,19,23
Armoredtiger,grim-batol,934,hunter,marksmanship,66,31,35
Nezuqo,archimonde,932,hunter,marksmanship,30,10,20
Mhood,dun-morogh,931,hunter,marksmanship,56,27,29
Ранбоу,howling-fjord,929,hunter,marksmanship,115,55,60
Sogoru,dun-modr,927,hunter,marksmanship,69,37,32
Azsräel,dalaran,924,hunter,marksmanship,74,30,44
Wìndrunner,malfurion,922,hunter,marksmanship,83,40,43
Laara,khaz-modan,922,hunter,marksmanship,107,49,58
Milandria,antonidas,918,hunter,marksmanship,36,16,20
Madida,ravencrest,916,hunter,marksmanship,29,15,14
Matarmeya,los-errantes,908,hunter,marksmanship,22,11,11
Zicko,argent-dawn,908,hunter,marksmanship,47,19,28
Grafhunter,antonidas,907,hunter,marksmanship,90,46,44
Euphellius,darkmoon-faire,907,hunter,marksmanship,36,15,21
Tenkai,cthun,906,hunter,marksmanship,53,27,26
Амобарбиталх,gordunni,901,hunter,marksmanship,33,11,22
Mimiop,hyjal,900,hunter,marksmanship,54,27,27
Enfinici,eitrigg,894,hunter,marksmanship,17,10,7
Jibolad,stormreaver,893,hunter,marksmanship,24,11,13
Burondeya,twisting-nether,886,hunter,marksmanship,30,13,17
Linneâ,blackmoore,884,hunter,marksmanship,20,10,10
Honilsom,thunderhorn,884,hunter,marksmanship,33,10,23
Adventures,darkmoon-faire,881,hunter,marksmanship,18,10,8
Quinty,durotan,881,hunter,marksmanship,20,10,10
Madtony,aegwynn,879,hunter,marksmanship,26,12,14
Лордорион,gordunni,878,hunter,marksmanship,23,12,11
Luckyshooter,nethersturm,877,hunter,marksmanship,71,32,39
Лордввт,howling-fjord,874,hunter,marksmanship,30,14,16
Aszasi,azjolnerub,871,hunter,marksmanship,25,10,15
Krøsh,blackmoore,870,hunter,marksmanship,36,16,20
Aliyah,blackmoore,867,hunter,marksmanship,66,33,33
Nyjal,archimonde,864,hunter,marksmanship,12,9,3
Feelmyfurý,tarren-mill,864,hunter,marksmanship,12,9,3
Mòzetonq,ravencrest,864,hunter,marksmanship,18,9,9
Denkstah,tarren-mill,864,hunter,marksmanship,18,9,9
Liquidhunter,quelthalas,864,hunter,marksmanship,18,9,9
Medgical,outland,864,hunter,marksmanship,24,9,15
Watchouttah,the-maelstrom,864,hunter,marksmanship,24,9,15
Longblow,outland,863,hunter,marksmanship,12,9,3
Vyana,sylvanas,863,hunter,marksmanship,18,9,9
Thugzilla,auchindoun,863,hunter,marksmanship,18,9,9
Jayri,ravencrest,863,hunter,marksmanship,18,9,9
Какжеплевать,gordunni,862,hunter,marksmanship,12,9,3
Obii,stormscale,862,hunter,marksmanship,18,9,9
Grolmgar,malganis,862,hunter,marksmanship,18,9,9
Eilyn,quelthalas,862,hunter,marksmanship,18,9,9
Theuzikat,ragnaros,861,hunter,marksmanship,24,9,15
Vandathien,stormrage,861,hunter,marksmanship,24,9,15
Jalcer,draenor,860,hunter,marksmanship,30,9,21
Джимуха,soulflayer,859,hunter,marksmanship,30,15,15
Oneeyed,kazzak,859,hunter,marksmanship,18,9,9
Enistee,silvermoon,859,hunter,marksmanship,19,9,10
Shieryu,archimonde,859,hunter,marksmanship,24,9,15
Krippie,dun-modr,857,hunter,marksmanship,36,16,20
Gintønic,blackmoore,857,hunter,marksmanship,36,9,27
Helioshin,pozzo-delleternità,855,hunter,marksmanship,24,9,15
Qmbonboni,ravencrest,855,hunter,marksmanship,24,9,15
Aliriana,doomhammer,853,hunter,marksmanship,18,9,9
Baraduh,sylvanas,853,hunter,marksmanship,18,9,9
Erdna,khaz-modan,853,hunter,marksmanship,42,20,22
Baldazr,shadowsong,853,hunter,marksmanship,24,9,15
Rivery,azjolnerub,852,hunter,marksmanship,18,10,8
Eldrilaon,arthas,852,hunter,marksmanship,39,18,21
Ruppig,nozdormu,851,hunter,marksmanship,24,9,15
Zerkarok,draenor,851,hunter,marksmanship,30,9,21
Talanar,tarren-mill,850,hunter,marksmanship,18,9,9
Фридор,deathguard,850,hunter,marksmanship,24,10,14
Bluetiger,azshara,842,hunter,marksmanship,22,10,12
Calea,zirkel-des-cenarius,835,hunter,marksmanship,30,13,17
Куфа,blackscar,831,hunter,marksmanship,20,10,10
Faelhorn,archimonde,831,hunter,marksmanship,18,9,9
Kartouche,culte-de-la-rive-noire,830,hunter,marksmanship,48,23,25
Hylzen,outland,828,hunter,marksmanship,17,9,8
Digsholes,ravencrest,828,hunter,marksmanship,17,9,8
Annihllation,twilights-hammer,826,hunter,marksmanship,18,9,9
Rollei,uldum,816,hunter,marksmanship,18,9,9
Ímpulsion,stormscale,799,hunter,marksmanship,20,9,11
Эксп,ashenvale,784,hunter,marksmanship,25,9,16
Neiloh,defias-brotherhood,782,hunter,marksmanship,13,9,4
Moonzsu,ravencrest,768,hunter,marksmanship,12,8,4
Luzivar,malganis,768,hunter,marksmanship,12,8,4
Fitzgerald,ragnaros,768,hunter,marksmanship,12,8,4
Celesticx,chamber-of-aspects,768,hunter,marksmanship,18,8,10
Carre,twilights-hammer,768,hunter,marksmanship,18,8,10
Wolfud,pozzo-delleternità,768,hunter,marksmanship,18,8,10
Meetyour,stormscale,768,hunter,marksmanship,18,8,10
Kittykite,thunderhorn,768,hunter,marksmanship,24,8,16
Bladewing,archimonde,768,hunter,marksmanship,24,8,16
Луврен,deepholm,768,hunter,marksmanship,30,8,22
Sylverain,silvermoon,767,hunter,marksmanship,12,8,4
Кривоватый,galakrond,767,hunter,marksmanship,12,8,4
Mareyn,argent-dawn,767,hunter,marksmanship,12,8,4
Dasimir,blackrock,767,hunter,marksmanship,18,8,10
Skitari,draenor,767,hunter,marksmanship,18,8,10
Donfabio,norgannon,767,hunter,marksmanship,18,8,10
Иттириса,gordunni,767,hunter,marksmanship,18,8,10
Raegal,sanguino,767,hunter,marksmanship,18,8,10
Рэкрэйван,gordunni,767,hunter,marksmanship,18,8,10
Lourse,ysondre,767,hunter,marksmanship,18,8,10
Thallia,todeswache,767,hunter,marksmanship,18,8,10
Screewu,twisting-nether,767,hunter,marksmanship,21,8,13
Иоссифсталин,soulflayer,767,hunter,marksmanship,24,8,16
Обнимуха,soulflayer,767,hunter,marksmanship,24,8,16
Shoót,blackmoore,766,hunter,marksmanship,18,8,10
Xaotsu,ravencrest,766,hunter,marksmanship,18,8,10
Makaxx,stormscale,766,hunter,marksmanship,24,8,16
Galadris,kirin-tor,765,hunter,marksmanship,18,8,10
Ixôn,tarren-mill,765,hunter,marksmanship,24,8,16
Aourön,archimonde,764,hunter,marksmanship,18,8,10
Juliã,dalaran,763,hunter,marksmanship,12,8,4
Høøli,nethersturm,763,hunter,marksmanship,12,8,4
Rosiee,dun-modr,762,hunter,marksmanship,12,8,4
Huntatard,silvermoon,762,hunter,marksmanship,18,8,10
Shibai,outland,762,hunter,marksmanship,18,8,10
Hunterhouse,draenor,761,hunter,marksmanship,23,8,15
Krothga,blackrock,760,hunter,marksmanship,18,8,10
Wetto,ravencrest,759,hunter,marksmanship,18,8,10
Mendinar,sylvanas,759,hunter,marksmanship,35,8,27
Gorett,kazzak,756,hunter,marksmanship,24,8,16
Greel,saurfang,753,hunter,marksmanship,66,26,40
Thrund,burning-legion,751,hunter,marksmanship,12,8,4
Спелла,goldrinn,748,hunter,marksmanship,29,8,21
Erestor,hellfire,747,hunter,marksmanship,12,8,4
Ønur,twisting-nether,747,hunter,marksmanship,18,8,10
Thedoors,twisting-nether,746,hunter,marksmanship,30,9,21
Deathøfrats,ravencrest,719,hunter,marksmanship,11,8,3
Загзигзаг,soulflayer,710,hunter,marksmanship,21,9,12
Gyldain,argent-dawn,706,hunter,marksmanship,51,9,42
Sauer,stormreaver,704,hunter,marksmanship,24,8,16
Yrtja,minahonda,689,hunter,marksmanship,16,8,8
Аабстрактная,gordunni,672,hunter,marksmanship,12,7,5
Avaren,archimonde,672,hunter,marksmanship,12,7,5
Blackbane,ravencrest,672,hunter,marksmanship,12,7,5
Fluttershy,terokkar,672,hunter,marksmanship,12,7,5
Costner,darksorrow,672,hunter,marksmanship,12,7,5
Найтхантишка,gordunni,672,hunter,marksmanship,12,7,5
Dtq,silvermoon,672,hunter,marksmanship,12,7,5
Hesuss,kazzak,672,hunter,marksmanship,12,7,5
Monnee,outland,672,hunter,marksmanship,12,7,5
Агелетка,gordunni,672,hunter,marksmanship,12,7,5
Гусецап,gordunni,672,hunter,marksmanship,12,7,5
Хвоостт,gordunni,672,hunter,marksmanship,12,7,5
Lilsnuss,outland,672,hunter,marksmanship,12,7,5
Weilerz,drakthul,672,hunter,marksmanship,12,7,5
Vracarx,silvermoon,672,hunter,marksmanship,12,7,5
Merquryh,ravencrest,672,hunter,marksmanship,12,7,5
Imonér,frostmane,672,hunter,marksmanship,12,7,5
Killershadow,twisting-nether,672,hunter,marksmanship,12,7,5
Bigbowyahurd,draenor,672,hunter,marksmanship,12,7,5
Ahrtemís,destromath,672,hunter,marksmanship,18,7,11
Трольболь,eversong,672,hunter,marksmanship,18,7,11
Ixxmhunt,blackrock,672,hunter,marksmanship,18,7,11
Джарвиз,soulflayer,672,hunter,marksmanship,18,7,11
Scartet,blackmoore,672,hunter,marksmanship,18,7,11
Mclooving,runetotem,672,hunter,marksmanship,18,7,11
Påtrîckbátém,ravencrest,672,hunter,marksmanship,18,7,11
Землепух,howling-fjord,672,hunter,marksmanship,18,7,11
Corrupth,outland,672,hunter,marksmanship,21,8,13
Онкьяр,gordunni,672,hunter,marksmanship,24,7,17
Piksî,kazzak,672,hunter,marksmanship,24,7,17
Манаррия,soulflayer,672,hunter,marksmanship,24,7,17
Griffithstew,blackmoore,672,hunter,marksmanship,24,7,17
Ôrïøn,archimonde,671,hunter,marksmanship,12,7,5
Недоношенная,howling-fjord,671,hunter,marksmanship,12,7,5
Pínnen,draenor,671,hunter,marksmanship,12,7,5
Rísu,argent-dawn,671,hunter,marksmanship,12,7,5
Maknamara,tarren-mill,671,hunter,marksmanship,12,7,5
Partouche,sargeras,671,hunter,marksmanship,12,7,5
Kaktus,shattered-hand,671,hunter,marksmanship,12,7,5
Халикер,soulflayer,671,hunter,marksmanship,12,7,5
Qiruun,draenor,671,hunter,marksmanship,12,7,5
Warkum,zuljin,671,hunter,marksmanship,12,7,5
Jomerin,thrall,671,hunter,marksmanship,18,7,11
Guerrilla,stormscale,671,hunter,marksmanship,18,7,11
Ashrak,frostmourne,671,hunter,marksmanship,18,7,11
Thengill,draenor,671,hunter,marksmanship,18,7,11
Ihateyoumore,ravencrest,671,hunter,marksmanship,18,7,11
Snaptrap,eredar,671,hunter,marksmanship,18,7,11
Faenor,arygos,671,hunter,marksmanship,24,7,17
Pôts,blackrock,671,hunter,marksmanship,24,7,17
Sjufemman,ravencrest,671,hunter,marksmanship,24,7,17
Aureboby,hyjal,671,hunter,marksmanship,24,7,17
Deathtrapper,bronzebeard,670,hunter,marksmanship,12,7,5
Pewpewshotz,stormscale,670,hunter,marksmanship,12,7,5
Ромажиробас,gordunni,670,hunter,marksmanship,12,7,5
Yip,twisting-nether,670,hunter,marksmanship,18,7,11
Odyzeus,drakthul,670,hunter,marksmanship,18,7,11
Spêctrâ,sylvanas,670,hunter,marksmanship,18,7,11
Ричардн,howling-fjord,670,hunter,marksmanship,18,7,11
Elektrô,blackmoore,670,hunter,marksmanship,27,7,20
Flintenwilly,die-aldor,669,hunter,marksmanship,18,7,11
Kaudza,archimonde,669,hunter,marksmanship,18,7,11
Aggyaceshot,silvermoon,669,hunter,marksmanship,18,7,11
Ядрис,gordunni,668,hunter,marksmanship,12,7,5
Rayzør,eitrigg,668,hunter,marksmanship,18,7,11
Wishmeweed,kazzak,668,hunter,marksmanship,18,7,11
Panfilmaaj,burning-legion,667,hunter,marksmanship,18,7,11
Жабра,gordunni,667,hunter,marksmanship,24,7,17
Nìsalle,argent-dawn,666,hunter,marksmanship,18,7,11
Eilaa,ravencrest,662,hunter,marksmanship,18,7,11
Fernetcola,los-errantes,661,hunter,marksmanship,12,7,5
Arkman,malganis,660,hunter,marksmanship,30,7,23
Shokre,silvermoon,657,hunter,marksmanship,12,7,5
Breezhunt,twisting-nether,655,hunter,marksmanship,17,7,10
Есселин,thermaplugg,650,hunter,marksmanship,18,7,11
Aadarshh,turalyon,645,hunter,marksmanship,18,7,11
Filizvogel,aegwynn,639,hunter,marksmanship,11,7,4
Lofiv,turalyon,639,hunter,marksmanship,16,7,9
Hellriderr,silvermoon,636,hunter,marksmanship,24,7,17
Jocitwitch,ragnaros,624,hunter,marksmanship,15,8,7
Samuru,auchindoun,623,hunter,marksmanship,17,7,10
Элфй,gordunni,623,hunter,marksmanship,21,7,14
Scark,tarren-mill,621,hunter,marksmanship,11,7,4
Miezuu,ravencrest,620,hunter,marksmanship,15,7,8
Kyliun,frostmane,620,hunter,marksmanship,17,7,10
Iniduhr,dalaran,617,hunter,marksmanship,21,8,13
Sylasteria,twisting-nether,617,hunter,marksmanship,22,8,14
Zion,kul-tiras,608,hunter,marksmanship,16,7,9
Trachunt,twisting-nether,607,hunter,marksmanship,11,7,4
Weridia,der-rat-von-dalaran,607,hunter,marksmanship,11,7,4
Chizuna,dun-morogh,606,hunter,marksmanship,14,7,7
Tingly,grim-batol,605,hunter,marksmanship,20,7,13
Biggusdickuz,tarren-mill,590,hunter,marksmanship,11,7,4
Крошкамэг,eversong,582,hunter,marksmanship,13,7,6
Connyrövöga,draenor,576,hunter,marksmanship,6,6,0
Jettraichu,aggra-português,576,hunter,marksmanship,12,6,6
Pantero,kazzak,576,hunter,marksmanship,12,6,6
Djidawn,ysondre,576,hunter,marksmanship,12,6,6
Aenina,kazzak,576,hunter,marksmanship,12,6,6
Джинксан,blackscar,576,hunter,marksmanship,12,6,6
Инкризшот,gordunni,576,hunter,marksmanship,12,6,6
Dolwen,argent-dawn,576,hunter,marksmanship,12,6,6
Fantus,sylvanas,576,hunter,marksmanship,12,6,6
Stamzer,drakthul,576,hunter,marksmanship,12,6,6
Axran,ravencrest,576,hunter,marksmanship,12,6,6
Gramyr,ysondre,576,hunter,marksmanship,12,6,6
Grandiosity,tarren-mill,576,hunter,marksmanship,12,6,6
Hunlin,kazzak,576,hunter,marksmanship,12,6,6
Crudeconzept,talnivarr,576,hunter,marksmanship,12,6,6
Nelf,shattered-hand,576,hunter,marksmanship,12,6,6
Therakal,culte-de-la-rive-noire,576,hunter,marksmanship,12,6,6
Sketana,silvermoon,576,hunter,marksmanship,12,6,6
Vorsia,tarren-mill,576,hunter,marksmanship,12,6,6
Bøgs,the-maelstrom,576,hunter,marksmanship,12,6,6
Madjia,ravencrest,576,hunter,marksmanship,12,6,6
Krooghan,outland,576,hunter,marksmanship,12,6,6
Shína,argent-dawn,576,hunter,marksmanship,12,6,6
Freexkite,aegwynn,576,hunter,marksmanship,14,6,8
Imfiné,outland,576,hunter,marksmanship,18,6,12
Такувами,gordunni,576,hunter,marksmanship,18,6,12
Dirtydolores,thrall,575,hunter,marksmanship,12,6,6
Muddí,ravencrest,575,hunter,marksmanship,12,6,6
Xeragon,frostwolf,575,hunter,marksmanship,12,6,6
Ruger,hyjal,575,hunter,marksmanship,12,6,6
Чизано,deathguard,575,hunter,marksmanship,12,6,6
Fugass,ragnaros,575,hunter,marksmanship,12,6,6
Tolkienn,archimonde,575,hunter,marksmanship,12,6,6
Ina,tarren-mill,575,hunter,marksmanship,12,6,6
Kilölek,ragnaros,575,hunter,marksmanship,12,6,6
Oneeyedjoe,the-maelstrom,575,hunter,marksmanship,12,6,6
Slayné,silvermoon,575,hunter,marksmanship,12,6,6
Evelhunter,kargath,575,hunter,marksmanship,12,6,6
Elladiel,blackmoore,575,hunter,marksmanship,12,6,6
Jägarenen,kazzak,575,hunter,marksmanship,12,6,6
Narziel,die-todeskrallen,575,hunter,marksmanship,18,6,12
Elvenian,twisting-nether,575,hunter,marksmanship,18,6,12
Dritzdòurden,dun-modr,575,hunter,marksmanship,18,6,12
Løløsifredo,ysondre,574,hunter,marksmanship,12,6,6
Longshot,burning-legion,574,hunter,marksmanship,12,6,6
Egy,the-maelstrom,574,hunter,marksmanship,12,6,6
Seariko,draenor,574,hunter,marksmanship,18,6,12
Hitscan,ravencrest,572,hunter,marksmanship,12,6,6
Анариэлль,gordunni,572,hunter,marksmanship,12,6,6
Skynner,blackrock,572,hunter,marksmanship,12,6,6
Orcgun,mugthol,572,hunter,marksmanship,18,6,12
Hnut,kazzak,571,hunter,marksmanship,18,6,12
Selini,bloodfeather,570,hunter,marksmanship,12,6,6
Dødshøt,twisting-nether,569,hunter,marksmanship,18,6,12
Aous,burning-legion,566,hunter,marksmanship,18,6,12
Jilkhar,twisting-nether,565,hunter,marksmanship,12,6,6
Mooj,malganis,559,hunter,marksmanship,11,6,5
Rockymarciaa,dalaran,527,hunter,marksmanship,21,6,15
Кисяныч,gordunni,522,hunter,marksmanship,15,7,8
Huntseeker,draenor,511,hunter,marksmanship,14,6,8
Emriye,antonidas,510,hunter,marksmanship,14,6,8
Фэйсконтроль,azuregos,506,hunter,marksmanship,20,6,14
Пушкабомби,soulflayer,497,hunter,marksmanship,20,6,14
Сальверди,gordunni,480,hunter,marksmanship,6,5,1
Elyar,eredar,480,hunter,marksmanship,6,5,1
Hollyz,auchindoun,480,hunter,marksmanship,6,5,1
Akkixz,antonidas,480,hunter,marksmanship,6,5,1
Ormsliskaren,shattered-hand,480,hunter,marksmanship,6,5,1
Srédder,defias-brotherhood,480,hunter,marksmanship,6,5,1
Soloist,sylvanas,480,hunter,marksmanship,6,5,1
Eveo,antonidas,480,hunter,marksmanship,6,5,1
Ðarrk,tarren-mill,480,hunter,marksmanship,6,5,1
Îløvémêld,kazzak,480,hunter,marksmanship,6,5,1
Hvaskøduenme,stormscale,480,hunter,marksmanship,6,5,1
Toptìérgoðx,drakthul,480,hunter,marksmanship,6,5,1
Hawkinstinct,tarren-mill,480,hunter,marksmanship,6,5,1
Полития,azuregos,480,hunter,marksmanship,9,6,3
Ðõt,ravencrest,480,hunter,marksmanship,12,5,7
Agbaba,twisting-nether,480,hunter,marksmanship,12,5,7
Мафчик,razuvious,480,hunter,marksmanship,12,5,7
Sashobg,aerie-peak,480,hunter,marksmanship,12,5,7
Deathmarks,blackrock,480,hunter,marksmanship,12,5,7
Oobe,hyjal,480,hunter,marksmanship,12,5,7
Mazhug,stormreaver,480,hunter,marksmanship,12,5,7
Carrilynn,blackrock,480,hunter,marksmanship,12,5,7
Denaik,ravencrest,480,hunter,marksmanship,12,5,7
Kundra,ravencrest,480,hunter,marksmanship,12,5,7
Tavira,zuljin,480,hunter,marksmanship,12,5,7
Leílah,kazzak,480,hunter,marksmanship,12,5,7
Fylealaes,ravencrest,480,hunter,marksmanship,12,5,7
Huntardös,outland,480,hunter,marksmanship,12,5,7
Galou,ghostlands,480,hunter,marksmanship,12,5,7
Frágile,drakthul,480,hunter,marksmanship,12,5,7
Msir,kazzak,480,hunter,marksmanship,12,5,7
Nothrokh,auchindoun,480,hunter,marksmanship,12,5,7
Кайсго,gordunni,480,hunter,marksmanship,12,5,7
Geete,kazzak,480,hunter,marksmanship,12,5,7
Ghøst,madmortem,480,hunter,marksmanship,12,5,7
Headshott,agamaggan,480,hunter,marksmanship,12,5,7
Куников,booty-bay,480,hunter,marksmanship,12,5,7
Sloee,sylvanas,480,hunter,marksmanship,12,5,7
Famex,blackmoore,480,hunter,marksmanship,12,5,7
Spitchy,kazzak,480,hunter,marksmanship,12,5,7
Meghanmarkle,tarren-mill,480,hunter,marksmanship,13,5,8
Draknik,nemesis,480,hunter,marksmanship,16,6,10
Athel,moonglade,480,hunter,marksmanship,18,5,13
Hÿyrøk,ysondre,480,hunter,marksmanship,18,5,13
Noobhuntress,norgannon,480,hunter,marksmanship,18,5,13
Deathwallker,silvermoon,480,hunter,marksmanship,18,5,13
Sylphie,dalaran,480,hunter,marksmanship,18,5,13
Carnificis,sanguino,480,hunter,marksmanship,18,5,13
Triggery,ravencrest,480,hunter,marksmanship,18,5,13
Dramin,defias-brotherhood,480,hunter,marksmanship,18,5,13
Gukéx,stormscale,480,hunter,marksmanship,18,5,13
Тэуреэль,gordunni,480,hunter,marksmanship,18,5,13
Outkást,sylvanas,480,hunter,marksmanship,18,5,13
Zajebantip,sylvanas,480,hunter,marksmanship,19,5,14
Tetiscaza,sanguino,480,hunter,marksmanship,24,5,19
Ryhope,silvermoon,479,hunter,marksmanship,6,5,1
Asâya,blackmoore,479,hunter,marksmanship,6,5,1
Enerhunt,ysondre,479,hunter,marksmanship,6,5,1
Nathah,burning-legion,479,hunter,marksmanship,6,5,1
Grimazg,chogall,479,hunter,marksmanship,12,5,7
Razzét,stormscale,479,hunter,marksmanship,12,5,7
Aspéct,ravencrest,479,hunter,marksmanship,12,5,7
Zäyk,zuljin,479,hunter,marksmanship,12,5,7
Typex,defias-brotherhood,479,hunter,marksmanship,12,5,7
Whereismypet,azjolnerub,479,hunter,marksmanship,12,5,7
Lunalai,antonidas,479,hunter,marksmanship,12,5,7
Bicepz,azjolnerub,479,hunter,marksmanship,12,5,7
Meläna,ysondre,479,hunter,marksmanship,18,5,13
Nígruløl,arthas,479,hunter,marksmanship,18,5,13
Зиргус,gordunni,479,hunter,marksmanship,18,5,13
Fugerlynipps,stormrage,479,hunter,marksmanship,24,5,19
Nightarrows,ravencrest,478,hunter,marksmanship,6,5,1
Bæbåk,frostmane,478,hunter,marksmanship,6,5,1
Thebalrog,korgall,478,hunter,marksmanship,12,5,7
Tiph,argent-dawn,478,hunter,marksmanship,12,5,7
Legath,emerald-dream,477,hunter,marksmanship,12,5,7
Miisakaa,antonidas,477,hunter,marksmanship,12,5,7
Titanx,sylvanas,477,hunter,marksmanship,12,5,7
Bloodshot,nethersturm,477,hunter,marksmanship,12,5,7
Pylos,azshara,477,hunter,marksmanship,12,5,7
Klittcrit,bloodhoof,475,hunter,marksmanship,12,5,7
Robros,dentarg,475,hunter,marksmanship,12,5,7
Sixty,rajaxx,474,hunter,marksmanship,18,5,13
Karmios,drakthul,473,hunter,marksmanship,12,5,7
Juki,pozzo-delleternità,472,hunter,marksmanship,12,5,7
Banninymph,culte-de-la-rive-noire,467,hunter,marksmanship,18,5,13
Brønkø,azshara,463,hunter,marksmanship,17,5,12
Rdevill,outland,448,hunter,marksmanship,16,5,11
Шэнчи,greymane,447,hunter,marksmanship,11,6,5
Littlenugget,ravencrest,447,hunter,marksmanship,11,5,6
Urith,les-clairvoyants,447,hunter,marksmanship,14,6,8
Foxhunt,turalyon,447,hunter,marksmanship,16,5,11
Haleth,uldum,447,hunter,marksmanship,17,5,12
Thedanchodak,stormrage,440,hunter,marksmanship,11,5,6
Silverinn,turalyon,432,hunter,marksmanship,15,5,10
Darkstripe,turalyon,431,hunter,marksmanship,11,5,6
Zaragattas,aggra-português,426,hunter,marksmanship,17,7,10
Сашатетива,gordunni,426,hunter,marksmanship,20,6,14
Sleepyarrow,chogall,420,hunter,marksmanship,12,6,6
Artaeos,lordaeron,416,hunter,marksmanship,16,5,11
Гилара,soulflayer,415,hunter,marksmanship,17,5,12
Gotha,festung-der-stürme,414,hunter,marksmanship,14,5,9
Anjeschka,nemesis,400,hunter,marksmanship,7,5,2
Zulthat,thrall,384,hunter,marksmanship,6,4,2
Lennyx,quelthalas,384,hunter,marksmanship,6,4,2
Yuptae,alonsus,384,hunter,marksmanship,6,4,2
Bosseleon,blackrock,384,hunter,marksmanship,6,4,2
Nöbody,khaz-modan,384,hunter,marksmanship,6,4,2
Vantagepoint,arathor,384,hunter,marksmanship,6,4,2
Gaudio,outland,384,hunter,marksmanship,6,4,2
Darllene,kazzak,384,hunter,marksmanship,6,4,2
Burninghunt,ravencrest,384,hunter,marksmanship,6,4,2
Nßatrapper,outland,384,hunter,marksmanship,6,4,2
Томбомбадил,howling-fjord,384,hunter,marksmanship,6,4,2
Тумбаюмб,howling-fjord,384,hunter,marksmanship,6,4,2
Rymous,nemesis,384,hunter,marksmanship,6,4,2
Valkhen,boulderfist,384,hunter,marksmanship,6,4,2
Kikilirilivi,ysondre,384,hunter,marksmanship,6,4,2
Luzivarus,malganis,384,hunter,marksmanship,6,4,2
Roke,malganis,384,hunter,marksmanship,6,4,2
Destynarîa,illidan,384,hunter,marksmanship,6,4,2
Ðøper,hyjal,384,hunter,marksmanship,6,4,2
Virdirthera,silvermoon,384,hunter,marksmanship,6,4,2
Snipinx,draenor,384,hunter,marksmanship,6,4,2
Earlyspring,ragnaros,384,hunter,marksmanship,6,4,2
Yoey,tarren-mill,384,hunter,marksmanship,6,4,2
Sandchaton,ragnaros,384,hunter,marksmanship,6,4,2
Сацыви,gordunni,384,hunter,marksmanship,6,4,2
Хантероо,gordunni,384,hunter,marksmanship,6,4,2
Doloresman,tarren-mill,384,hunter,marksmanship,6,4,2
Джеймсфранко,blackscar,384,hunter,marksmanship,6,4,2
Huntbegin,burning-legion,384,hunter,marksmanship,6,4,2
Myoui,silvermoon,384,hunter,marksmanship,6,4,2
Slo,sylvanas,384,hunter,marksmanship,6,4,2
Velen,pozzo-delleternità,384,hunter,marksmanship,6,4,2
Hollybuster,perenolde,384,hunter,marksmanship,6,4,2
Øtemløol,sanguino,384,hunter,marksmanship,6,4,2
Ðæom,outland,384,hunter,marksmanship,6,4,2
Kragán,silvermoon,384,hunter,marksmanship,6,4,2
Thain,stormscale,384,hunter,marksmanship,6,4,2
Spyte,twisting-nether,384,hunter,marksmanship,6,4,2
Sodavand,silvermoon,384,hunter,marksmanship,6,4,2
Barrybigtoe,tarren-mill,384,hunter,marksmanship,6,4,2
Dariusmm,silvermoon,384,hunter,marksmanship,6,4,2
Zoêva,blackhand,384,hunter,marksmanship,6,4,2
Benbutton,antonidas,384,hunter,marksmanship,6,4,2
Comegetme,auchindoun,384,hunter,marksmanship,6,4,2
Intoxd,sylvanas,384,hunter,marksmanship,6,4,2
Niffe,stormscale,384,hunter,marksmanship,6,4,2
Сынсема,blackscar,384,hunter,marksmanship,6,4,2
Yuichiro,senjin,384,hunter,marksmanship,6,4,2
Hntudwn,azshara,384,hunter,marksmanship,6,4,2
Unßørn,archimonde,384,hunter,marksmanship,6,4,2
Likandria,blackmoore,384,hunter,marksmanship,6,4,2
Wîldhunt,burning-legion,384,hunter,marksmanship,11,4,7
Snipekill,bronze-dragonflight,384,hunter,marksmanship,12,4,8
Переферия,galakrond,384,hunter,marksmanship,12,4,8
Hashaya,hyjal,384,hunter,marksmanship,12,4,8
Døømslayer,nemesis,384,hunter,marksmanship,12,4,8
Графруру,soulflayer,384,hunter,marksmanship,12,4,8
Darilli,wildhammer,384,hunter,marksmanship,12,4,8
Becoming,burning-legion,384,hunter,marksmanship,12,4,8
Bugspitz,outland,384,hunter,marksmanship,12,4,8
Ozaï,eredar,384,hunter,marksmanship,12,4,8
Абунай,soulflayer,384,hunter,marksmanship,12,4,8
Tonttulul,draenor,384,hunter,marksmanship,12,4,8
Zurzok,blackrock,384,hunter,marksmanship,12,4,8
Nyri,drakthul,384,hunter,marksmanship,12,4,8
Fennecshand,colinas-pardas,384,hunter,marksmanship,12,4,8
Slinkywinky,eonar,384,hunter,marksmanship,12,4,8
Sharún,sylvanas,384,hunter,marksmanship,12,4,8
Jiton,grim-batol,384,hunter,marksmanship,12,4,8
Vallêria,malganis,384,hunter,marksmanship,12,4,8
Vohnívak,turalyon,384,hunter,marksmanship,12,4,8
Tytoyz,khaz-modan,384,hunter,marksmanship,12,4,8
Jskey,aggramar,384,hunter,marksmanship,12,4,8
Darkshe,dun-modr,384,hunter,marksmanship,12,4,8
Rapid,sylvanas,384,hunter,marksmanship,12,4,8
Naestra,tarren-mill,384,hunter,marksmanship,12,4,8
Jondone,silvermoon,384,hunter,marksmanship,12,4,8
Deeparrow,stormscale,384,hunter,marksmanship,12,4,8
Свадебная,gordunni,384,hunter,marksmanship,12,4,8
Йинги,gordunni,384,hunter,marksmanship,12,4,8
Egodennis,frostwolf,384,hunter,marksmanship,12,4,8
Kanlina,ravencrest,384,hunter,marksmanship,12,4,8
Tartaupommes,hyjal,384,hunter,marksmanship,12,4,8
Harmonía,outland,384,hunter,marksmanship,12,4,8
Sjins,draenor,384,hunter,marksmanship,12,4,8
Querro,azshara,384,hunter,marksmanship,12,4,8
Aimedbot,azjolnerub,384,hunter,marksmanship,12,4,8
Jinxpeasant,twisting-nether,384,hunter,marksmanship,12,4,8
Peonfarmer,argent-dawn,384,hunter,marksmanship,12,4,8
Mexine,dun-morogh,384,hunter,marksmanship,12,4,8
Shadowxx,silvermoon,384,hunter,marksmanship,12,4,8
Dangerousfoe,argent-dawn,384,hunter,marksmanship,12,4,8
Oròg,hyjal,384,hunter,marksmanship,12,4,8
Gødzftw,kazzak,384,hunter,marksmanship,14,4,10
Haraigoshí,grim-batol,384,hunter,marksmanship,18,4,14
Krypzit,garona,384,hunter,marksmanship,18,4,14
Шумогон,gordunni,384,hunter,marksmanship,18,4,14
Ruhen,aegwynn,384,hunter,marksmanship,18,4,14
Kêêpsmile,blackmoore,384,hunter,marksmanship,18,4,14
Soppatorsk,shadowsong,384,hunter,marksmanship,18,4,14
Enablee,lightbringer,384,hunter,marksmanship,24,4,20
Конар,soulflayer,383,hunter,marksmanship,6,4,2
Вевери,blackscar,383,hunter,marksmanship,6,4,2
Amiosi,sanguino,383,hunter,marksmanship,10,5,5
Zirriath,mazrigos,383,hunter,marksmanship,12,4,8
Anguerande,khaz-modan,383,hunter,marksmanship,12,4,8
Penelopé,darkmoon-faire,383,hunter,marksmanship,12,4,8
Djzntrap,outland,383,hunter,marksmanship,12,4,8
Kyéra,kirin-tor,383,hunter,marksmanship,12,4,8
Amsterdamer,sylvanas,383,hunter,marksmanship,12,4,8
Tervel,dun-morogh,383,hunter,marksmanship,12,4,8
Meletis,stormreaver,383,hunter,marksmanship,12,4,8
Beaupapa,archimonde,383,hunter,marksmanship,14,4,10
Koreic,silvermoon,383,hunter,marksmanship,18,4,14
Agnõr,chants-éternels,382,hunter,marksmanship,6,4,2
Deadshout,kazzak,382,hunter,marksmanship,6,4,2
Banshees,sylvanas,382,hunter,marksmanship,6,4,2
Bulhumt,draenor,382,hunter,marksmanship,6,4,2
Бурбоньчик,soulflayer,382,hunter,marksmanship,12,4,8
Saccä,ysondre,381,hunter,marksmanship,12,4,8
Skapig,frostwolf,381,hunter,marksmanship,12,4,8
Pâthfînder,destromath,379,hunter,marksmanship,12,4,8
Lumidii,burning-legion,379,hunter,marksmanship,12,4,8
Éddiémórphín,kazzak,367,hunter,marksmanship,11,4,7
Boehelientje,defias-brotherhood,351,hunter,marksmanship,11,4,7
Rea,archimonde,350,hunter,marksmanship,16,4,12
Эолиана,borean-tundra,335,hunter,marksmanship,9,4,5
Shadoox,argent-dawn,335,hunter,marksmanship,11,4,7
Arwenna,argent-dawn,328,hunter,marksmanship,11,6,5
Bloópy,silvermoon,320,hunter,marksmanship,10,4,6
Rykini,twisting-nether,288,hunter,marksmanship,6,3,3
Velne,ravencrest,288,hunter,marksmanship,6,3,3
Chaoticshot,ravencrest,288,hunter,marksmanship,6,3,3
Rakshor,thrall,288,hunter,marksmanship,6,3,3
Coft,sargeras,288,hunter,marksmanship,6,3,3
Techpøint,silvermoon,288,hunter,marksmanship,6,3,3
Kfcmanagerx,silvermoon,288,hunter,marksmanship,6,3,3
Трапавграунд,howling-fjord,288,hunter,marksmanship,6,3,3
Abaforth,bronze-dragonflight,288,hunter,marksmanship,6,3,3
Bocek,silvermoon,288,hunter,marksmanship,6,3,3
Pläpp,stormscale,288,hunter,marksmanship,6,3,3
Neescafe,sylvanas,288,hunter,marksmanship,6,3,3
Aerieshan,ravencrest,288,hunter,marksmanship,6,3,3
Eéilin,the-maelstrom,288,hunter,marksmanship,6,3,3
Atranex,ravencrest,288,hunter,marksmanship,6,3,3
Zugzlug,tarren-mill,288,hunter,marksmanship,6,3,3
Lioness,ahnqiraj,288,hunter,marksmanship,6,3,3
Ев,lich-king,288,hunter,marksmanship,6,3,3
Lani,talnivarr,288,hunter,marksmanship,6,3,3
Eliune,silvermoon,288,hunter,marksmanship,6,3,3
Dreemshoot,stormscale,288,hunter,marksmanship,6,3,3
Каэсс,gordunni,288,hunter,marksmanship,6,3,3
Кукито,goldrinn,288,hunter,marksmanship,6,3,3
Aamön,tarren-mill,288,hunter,marksmanship,6,3,3
Sissnik,thrall,288,hunter,marksmanship,6,3,3
Aimshot,ravencrest,288,hunter,marksmanship,6,3,3
Комомура,soulflayer,288,hunter,marksmanship,6,3,3
Graavi,silvermoon,288,hunter,marksmanship,6,3,3
Kahbe,ravencrest,288,hunter,marksmanship,6,3,3
Aliltoxic,silvermoon,288,hunter,marksmanship,6,3,3
Ökisek,drakthul,288,hunter,marksmanship,6,3,3
Burbutsuluki,silvermoon,288,hunter,marksmanship,6,3,3
Ayiu,argent-dawn,288,hunter,marksmanship,6,3,3
Celebor,sanguino,288,hunter,marksmanship,6,3,3
Phinecone,stormscale,288,hunter,marksmanship,6,3,3
Elmadre,arthas,288,hunter,marksmanship,6,3,3
Sylariel,die-aldor,288,hunter,marksmanship,6,3,3
Barbrady,nethersturm,288,hunter,marksmanship,6,3,3
Elonmask,argent-dawn,288,hunter,marksmanship,6,3,3
Ashide,dun-modr,288,hunter,marksmanship,6,3,3
Люблюлюбовь,gordunni,288,hunter,marksmanship,6,3,3
Attileus,ragnaros,288,hunter,marksmanship,6,3,3
Антисерт,ashenvale,288,hunter,marksmanship,6,3,3
Richidex,zuljin,288,hunter,marksmanship,6,3,3
Экономист,fordragon,288,hunter,marksmanship,6,3,3
Ozzaty,drekthar,288,hunter,marksmanship,6,3,3
Kaminôr,antonidas,288,hunter,marksmanship,6,3,3
Mhb,quelthalas,288,hunter,marksmanship,6,3,3
Яроняютрапу,gordunni,288,hunter,marksmanship,6,3,3
Zøk,stormscale,288,hunter,marksmanship,6,3,3
Storphunt,drakthul,288,hunter,marksmanship,6,3,3
Смотрюанимэ,gordunni,288,hunter,marksmanship,6,3,3
Колякилшот,gordunni,288,hunter,marksmanship,6,3,3
Brûmovitch,archimonde,288,hunter,marksmanship,6,3,3
Nerdhark,hyjal,288,hunter,marksmanship,6,3,3
Osie,kazzak,288,hunter,marksmanship,6,3,3
Viséeauto,confrérie-du-thorium,288,hunter,marksmanship,6,3,3
Deadluck,kazzak,288,hunter,marksmanship,6,3,3
Djøgi,archimonde,288,hunter,marksmanship,6,3,3
Elywiél,frostwolf,288,hunter,marksmanship,6,3,3
Thúnar,aegwynn,288,hunter,marksmanship,6,3,3
Andrøk,archimonde,288,hunter,marksmanship,6,3,3
Samasukë,grim-batol,288,hunter,marksmanship,6,3,3
Feyoonxx,blackrock,288,hunter,marksmanship,6,3,3
Hidalgô,kult-der-verdammten,288,hunter,marksmanship,6,3,3
Sazox,blackrock,288,hunter,marksmanship,6,3,3
Loydzz,hyjal,288,hunter,marksmanship,6,3,3
ßæro,hyjal,288,hunter,marksmanship,6,3,3
Гунныч,grom,288,hunter,marksmanship,6,3,3
Tardoboy,blackrock,288,hunter,marksmanship,6,3,3
Dedral,aegwynn,288,hunter,marksmanship,6,3,3
Fize,blackmoore,288,hunter,marksmanship,6,3,3
Kaznek,hyjal,288,hunter,marksmanship,6,3,3
Soviectk,aggra-português,288,hunter,marksmanship,6,3,3
Lithell,kazzak,288,hunter,marksmanship,6,3,3
Threeguns,blackrock,288,hunter,marksmanship,6,3,3
Nightarrowq,tarren-mill,288,hunter,marksmanship,9,4,5
Amdéa,boulderfist,288,hunter,marksmanship,10,4,6
Нойран,eversong,288,hunter,marksmanship,9,3,6
Secrety,doomhammer,288,hunter,marksmanship,11,3,8
Нэвлоск,gordunni,288,hunter,marksmanship,12,3,9
Bowgamerx,ravencrest,288,hunter,marksmanship,12,3,9
Saîtek,chogall,288,hunter,marksmanship,12,3,9
Lùchiean,kazzak,288,hunter,marksmanship,12,3,9
Fatfrumos,twisting-nether,288,hunter,marksmanship,12,3,9
Incompetence,argent-dawn,288,hunter,marksmanship,12,3,9
Deahtviper,blackmoore,288,hunter,marksmanship,12,3,9
Скадхи,blackscar,288,hunter,marksmanship,12,3,9
Хедшоттер,blackscar,288,hunter,marksmanship,12,3,9
Thalanel,arthas,288,hunter,marksmanship,12,3,9
Mewithoutyou,ragnaros,288,hunter,marksmanship,12,3,9
Zubro,kazzak,288,hunter,marksmanship,12,3,9
Ceres,kaelthas,288,hunter,marksmanship,12,3,9
Deify,grim-batol,288,hunter,marksmanship,12,3,9
Foxmis,kazzak,288,hunter,marksmanship,12,3,9
Oduross,minahonda,288,hunter,marksmanship,12,3,9
Астериел,blackscar,288,hunter,marksmanship,12,3,9
Травмаопасен,gordunni,288,hunter,marksmanship,12,3,9
Akù,magtheridon,288,hunter,marksmanship,12,3,9
Spakster,blackrock,288,hunter,marksmanship,12,3,9
Jakis,silvermoon,288,hunter,marksmanship,12,3,9
Rløad,hyjal,288,hunter,marksmanship,12,3,9
Бубунн,howling-fjord,288,hunter,marksmanship,12,3,9
Snipar,chogall,288,hunter,marksmanship,12,3,9
Dafragger,blackmoore,288,hunter,marksmanship,12,3,9
Augie,kazzak,288,hunter,marksmanship,12,3,9
Sidera,der-rat-von-dalaran,288,hunter,marksmanship,12,3,9
Grinfall,archimonde,288,hunter,marksmanship,12,3,9
Chassuu,khaz-modan,288,hunter,marksmanship,12,3,9
Ghenter,sargeras,288,hunter,marksmanship,12,3,9
Jensa,darksorrow,288,hunter,marksmanship,12,3,9
Naaztko,stormscale,288,hunter,marksmanship,12,3,9
Missdarkness,shattered-hand,288,hunter,marksmanship,12,3,9
Tsía,ysondre,288,hunter,marksmanship,17,3,14
Shademd,ahnqiraj,288,hunter,marksmanship,18,3,15
Showdope,drakthul,288,hunter,marksmanship,18,3,15
Apolix,ragnaros,288,hunter,marksmanship,18,3,15
Marcher,aggra-português,288,hunter,marksmanship,18,3,15
Оркос,deathweaver,287,hunter,marksmanship,6,3,3
Turkos,krasus,287,hunter,marksmanship,6,3,3
Cronox,sporeggar,287,hunter,marksmanship,6,3,3
Kilshot,burning-legion,287,hunter,marksmanship,6,3,3
Мокку,howling-fjord,287,hunter,marksmanship,6,3,3
Btk,sanguino,287,hunter,marksmanship,6,3,3
Dwoas,darkspear,287,hunter,marksmanship,12,3,9
Sasi,burning-legion,286,hunter,marksmanship,6,3,3
Jomoguin,stormscale,286,hunter,marksmanship,6,3,3
Millhunter,norgannon,284,hunter,marksmanship,12,3,9
Najetazruda,drakthul,255,hunter,marksmanship,10,3,7
Eazzyy,auchindoun,239,hunter,marksmanship,5,3,2
Jaguarundy,dun-modr,239,hunter,marksmanship,5,3,2
Олдорк,howling-fjord,239,hunter,marksmanship,12,3,9
Incrediown,tarren-mill,234,hunter,marksmanship,7,4,3
Фаффурион,gordunni,234,hunter,marksmanship,13,5,8
Cais,drakthul,234,hunter,marksmanship,12,4,8
Dampfwâlzê,nozdormu,223,hunter,marksmanship,14,3,11
Skarra,zuljin,208,hunter,marksmanship,7,3,4
Youardead,arthas,192,hunter,marksmanship,6,2,4
Ecthelione,the-venture-co,192,hunter,marksmanship,6,2,4
Hadto,der-rat-von-dalaran,192,hunter,marksmanship,6,2,4
Greg,defias-brotherhood,192,hunter,marksmanship,6,2,4
Ðkð,archimonde,192,hunter,marksmanship,6,2,4
Goldnug,karazhan,192,hunter,marksmanship,6,2,4
Corrector,outland,192,hunter,marksmanship,6,2,4
Rafaela,genjuros,192,hunter,marksmanship,6,2,4
Bignug,conseil-des-ombres,192,hunter,marksmanship,6,2,4
Bobshmurda,defias-brotherhood,192,hunter,marksmanship,6,2,4
Vâleriaa,blackrock,192,hunter,marksmanship,6,2,4
Nnoyk,defias-brotherhood,192,hunter,marksmanship,6,2,4
Arunaky,uldum,192,hunter,marksmanship,6,2,4
Domsín,ravencrest,192,hunter,marksmanship,6,2,4
Охотуначал,soulflayer,192,hunter,marksmanship,6,2,4
Arnakua,outland,192,hunter,marksmanship,6,2,4
Darkshàdow,archimonde,192,hunter,marksmanship,6,2,4
Bóssit,skullcrusher,192,hunter,marksmanship,6,2,4
Plilolz,archimonde,192,hunter,marksmanship,6,2,4
Anoroxx,arthas,192,hunter,marksmanship,6,2,4
Mcperra,zuljin,192,hunter,marksmanship,6,2,4
Beletor,medivh,192,hunter,marksmanship,6,2,4
Шергала,soulflayer,192,hunter,marksmanship,6,2,4
Themehdi,silvermoon,192,hunter,marksmanship,6,2,4
Зихантер,soulflayer,192,hunter,marksmanship,6,2,4
Arrowlight,archimonde,192,hunter,marksmanship,6,2,4
Уайлен,gordunni,192,hunter,marksmanship,6,2,4
Sebrienne,defias-brotherhood,192,hunter,marksmanship,6,2,4
Maeba,shendralar,192,hunter,marksmanship,6,2,4
Zulldek,sanguino,192,hunter,marksmanship,6,2,4
Doknak,gilneas,192,hunter,marksmanship,6,2,4
Hapocalypt,pozzo-delleternità,192,hunter,marksmanship,6,2,4
Сактарион,soulflayer,192,hunter,marksmanship,6,2,4
Fenomhunt,silvermoon,192,hunter,marksmanship,6,2,4
Kodakcrack,draenor,192,hunter,marksmanship,6,2,4
Denixilith,eredar,192,hunter,marksmanship,6,2,4
Powerofanime,drakthul,192,hunter,marksmanship,6,2,4
Notikâ,aegwynn,192,hunter,marksmanship,6,2,4
Elfyhunter,outland,192,hunter,marksmanship,6,2,4
Isokrates,das-syndikat,192,hunter,marksmanship,6,2,4
Olrik,dentarg,192,hunter,marksmanship,6,2,4
Sarblade,bronze-dragonflight,192,hunter,marksmanship,6,2,4
Brizza,talnivarr,192,hunter,marksmanship,6,2,4
Traplørdx,sylvanas,192,hunter,marksmanship,6,2,4
Deadyeyez,doomhammer,192,hunter,marksmanship,6,2,4
Bnji,hyjal,192,hunter,marksmanship,6,2,4
Chenony,ravencrest,192,hunter,marksmanship,6,2,4
Dola,archimonde,192,hunter,marksmanship,6,2,4
Sloe,sylvanas,192,hunter,marksmanship,6,2,4
Glockzs,auchindoun,192,hunter,marksmanship,6,2,4
Маори,deepholm,192,hunter,marksmanship,6,2,4
Bláckheart,doomhammer,192,hunter,marksmanship,6,2,4
Rhyle,hyjal,192,hunter,marksmanship,6,2,4
Miracleh,tarren-mill,192,hunter,marksmanship,6,2,4
Grytax,outland,192,hunter,marksmanship,6,2,4
Kerrveros,ravencrest,192,hunter,marksmanship,6,2,4
Avp,sylvanas,192,hunter,marksmanship,6,2,4
Flick,auchindoun,192,hunter,marksmanship,6,2,4
Mobshot,twisting-nether,192,hunter,marksmanship,6,2,4
Soupsoupsòup,blackmoore,192,hunter,marksmanship,6,2,4
Bréanni,auchindoun,192,hunter,marksmanship,6,2,4
Garrash,teldrassil,192,hunter,marksmanship,6,2,4
Хароко,gordunni,192,hunter,marksmanship,6,2,4
Tòràk,twisting-nether,192,hunter,marksmanship,6,2,4
Greenstar,twisting-nether,192,hunter,marksmanship,6,2,4
Лукорды,gordunni,192,hunter,marksmanship,6,2,4
Eilosh,outland,192,hunter,marksmanship,6,2,4
Bawwykwipkee,ragnaros,192,hunter,marksmanship,6,2,4
Aspergun,ragnaros,192,hunter,marksmanship,6,2,4
Elvyns,silvermoon,192,hunter,marksmanship,6,2,4
Huntbeard,ragnaros,192,hunter,marksmanship,6,2,4
Фетсол,soulflayer,192,hunter,marksmanship,6,2,4
Velvett,blackmoore,192,hunter,marksmanship,6,2,4
Nyght,ravencrest,192,hunter,marksmanship,6,2,4
Coxxie,ragnaros,192,hunter,marksmanship,6,2,4
Шикаа,gordunni,192,hunter,marksmanship,6,2,4
Entaiy,blackmoore,192,hunter,marksmanship,6,2,4
Дианнесса,howling-fjord,192,hunter,marksmanship,6,2,4
Горгудц,gordunni,192,hunter,marksmanship,6,2,4
Lilsnipè,outland,192,hunter,marksmanship,6,2,4
Silenta,outland,192,hunter,marksmanship,6,2,4
Viktorijå,draenor,192,hunter,marksmanship,6,2,4
Sylverein,silvermoon,192,hunter,marksmanship,6,2,4
Boarthrills,ravencrest,192,hunter,marksmanship,6,2,4
Хисдед,howling-fjord,192,hunter,marksmanship,6,2,4
Bowner,frostmane,192,hunter,marksmanship,6,2,4
Nimri,kazzak,192,hunter,marksmanship,6,2,4
Majuli,stormrage,192,hunter,marksmanship,6,2,4
Galintzor,area-52,192,hunter,marksmanship,6,2,4
Tórbjorn,argent-dawn,192,hunter,marksmanship,6,2,4
Realme,blackrock,192,hunter,marksmanship,6,2,4
Sayn,la-croisade-écarlate,192,hunter,marksmanship,6,2,4
Traenuss,azuremyst,192,hunter,marksmanship,6,2,4
Anklar,blackrock,192,hunter,marksmanship,6,2,4
Cilia,suramar,192,hunter,marksmanship,6,2,4
Трисциллочка,howling-fjord,192,hunter,marksmanship,6,2,4
Bellecoq,arathi,192,hunter,marksmanship,6,2,4
Zinà,naxxramas,192,hunter,marksmanship,6,2,4
Carioca,blackhand,192,hunter,marksmanship,6,2,4
Hvnn,stormscale,192,hunter,marksmanship,6,2,4
Rixxâr,blackrock,192,hunter,marksmanship,6,2,4
Jachtorc,kazzak,192,hunter,marksmanship,6,2,4
Othellö,kazzak,192,hunter,marksmanship,6,2,4
Jamais02AEE6,stormscale,192,hunter,marksmanship,6,2,4
Slayman,kazzak,192,hunter,marksmanship,6,2,4
Veñom,stormscale,192,hunter,marksmanship,6,2,4
Bärberøusse,illidan,192,hunter,marksmanship,6,2,4
Sinadoreck,sargeras,192,hunter,marksmanship,6,2,4
Андреймвп,galakrond,192,hunter,marksmanship,9,2,7
Ghostriders,archimonde,192,hunter,marksmanship,11,2,9
Musux,uldum,192,hunter,marksmanship,12,2,10
Weedonyhunt,hyjal,192,hunter,marksmanship,12,2,10
Rêxxer,blackmoore,192,hunter,marksmanship,12,2,10
Spacenøub,archimonde,192,hunter,marksmanship,12,2,10
Deathchoice,azshara,192,hunter,marksmanship,12,2,10
Banglor,shattered-hand,192,hunter,marksmanship,12,2,10
Fedya,kazzak,192,hunter,marksmanship,12,2,10
Explicits,stormscale,192,hunter,marksmanship,12,2,10
Katharyne,argent-dawn,192,hunter,marksmanship,12,2,10
Friskì,draenor,192,hunter,marksmanship,12,2,10
Whitehor,ragnaros,192,hunter,marksmanship,12,2,10
Dmanite,ravencrest,192,hunter,marksmanship,12,2,10
Muckel,area-52,192,hunter,marksmanship,12,2,10
Cazaó,sanguino,192,hunter,marksmanship,12,2,10
Headshota,stormscale,192,hunter,marksmanship,12,2,10
Kronzucker,eredar,192,hunter,marksmanship,18,2,16
Sushimän,kaelthas,191,hunter,marksmanship,6,2,4
Downpipe,shattered-hand,191,hunter,marksmanship,6,2,4
Гекагека,gordunni,191,hunter,marksmanship,6,2,4
Rockét,malorne,191,hunter,marksmanship,6,2,4
Stormhoofd,bloodhoof,191,hunter,marksmanship,6,2,4
Enanorabioso,minahonda,191,hunter,marksmanship,6,2,4
Chalyto,dun-morogh,191,hunter,marksmanship,12,2,10
Kure,blackrock,191,hunter,marksmanship,12,2,10
Fingon,alleria,191,hunter,marksmanship,12,2,10
Doojas,archimonde,159,hunter,marksmanship,5,2,3
Buttsnipe,sylvanas,159,hunter,marksmanship,5,2,3
Jaguàr,kazzak,159,hunter,marksmanship,5,2,3
Spagooters,argent-dawn,138,hunter,marksmanship,11,3,8
Robingood,alexstrasza,138,hunter,marksmanship,22,5,17
Neremyn,sylvanas,138,hunter,marksmanship,15,3,12
Chrishyh,blackrock,112,hunter,marksmanship,7,2,5
Akahr,thrall,96,hunter,marksmanship,3,2,1
Tryx,darksorrow,96,hunter,marksmanship,3,2,1
Janoh,dalaran,96,hunter,marksmanship,3,2,1
Tyrone,saurfang,96,hunter,marksmanship,9,2,7
Åbomìnatïon,ravencrest,96,hunter,marksmanship,18,3,15
Roupinol,aggra-português,96,hunter,marksmanship,6,1,5
Tesourinho,aggra-português,96,hunter,marksmanship,6,1,5
Aurah,les-clairvoyants,96,hunter,marksmanship,6,1,5
Kenpach,frostmane,96,hunter,marksmanship,6,1,5
Almêryck,ysondre,96,hunter,marksmanship,6,1,5
Xurrl,kazzak,96,hunter,marksmanship,6,1,5
Badkirves,kazzak,96,hunter,marksmanship,6,1,5
Galedjïn,conseil-des-ombres,96,hunter,marksmanship,6,1,5
Wèdra,hyjal,96,hunter,marksmanship,6,1,5
Syx,amanthul,96,hunter,marksmanship,6,1,5
Zwerglogan,amanthul,96,hunter,marksmanship,6,1,5
Desow,blackrock,96,hunter,marksmanship,6,1,5
Darthbow,outland,96,hunter,marksmanship,6,1,5
Metapouk,archimonde,96,hunter,marksmanship,6,1,5
Cléò,kazzak,96,hunter,marksmanship,6,1,5
Tillhunt,kargath,96,hunter,marksmanship,6,1,5
Negz,eredar,96,hunter,marksmanship,6,1,5
Eowale,outland,96,hunter,marksmanship,6,1,5
Rydén,pozzo-delleternità,96,hunter,marksmanship,6,1,5
Sinplify,emeriss,96,hunter,marksmanship,6,1,5
Обспн,borean-tundra,96,hunter,marksmanship,6,1,5
Коватори,borean-tundra,96,hunter,marksmanship,6,1,5
Горгонт,blackscar,96,hunter,marksmanship,6,1,5
Pestilencio,shendralar,96,hunter,marksmanship,6,1,5
Râpton,blackmoore,96,hunter,marksmanship,6,1,5
Nethria,antonidas,96,hunter,marksmanship,6,1,5
Санзи,howling-fjord,96,hunter,marksmanship,6,1,5
Drágø,blackmoore,96,hunter,marksmanship,6,1,5
Камсшотт,gordunni,96,hunter,marksmanship,6,1,5
Avizi,anachronos,96,hunter,marksmanship,6,1,5
Chantalia,ravencrest,96,hunter,marksmanship,6,1,5
Moskalhunter,terokkar,96,hunter,marksmanship,6,1,5
Fayenia,ravencrest,96,hunter,marksmanship,6,1,5
Oneofus,malygos,96,hunter,marksmanship,6,1,5
Chaydee,stormscale,96,hunter,marksmanship,6,1,5
Killzo,sylvanas,96,hunter,marksmanship,6,1,5
Arkancia,throkferoth,96,hunter,marksmanship,6,1,5
Cowmelk,stormscale,96,hunter,marksmanship,6,1,5
Cítyzens,drakthul,96,hunter,marksmanship,6,1,5
Leaxs,onyxia,96,hunter,marksmanship,6,1,5
Castbuny,drakthul,96,hunter,marksmanship,6,1,5
Хантунец,soulflayer,96,hunter,marksmanship,6,1,5
Pinocion,drakthul,96,hunter,marksmanship,6,1,5
Ренектон,soulflayer,96,hunter,marksmanship,6,1,5
Deadlymayhem,dragonblight,96,hunter,marksmanship,6,1,5
Statik,deathwing,96,hunter,marksmanship,6,1,5
Hallem,karazhan,96,hunter,marksmanship,6,1,5
Cendrac,ravencrest,96,hunter,marksmanship,6,1,5
Wolfmcquade,draenor,96,hunter,marksmanship,6,1,5
Орталиус,deathguard,96,hunter,marksmanship,6,1,5
Flucxx,stormscale,96,hunter,marksmanship,6,1,5
Instinctx,agamaggan,96,hunter,marksmanship,6,1,5
Kolgrim,temple-noir,96,hunter,marksmanship,6,1,5
Elaresas,argent-dawn,96,hunter,marksmanship,6,1,5
Mehtäsika,xavius,96,hunter,marksmanship,6,1,5
Raverave,burning-legion,96,hunter,marksmanship,6,1,5
Hentt,burning-legion,96,hunter,marksmanship,6,1,5
Feedbackloop,silvermoon,96,hunter,marksmanship,6,1,5
Akaname,ravencrest,96,hunter,marksmanship,6,1,5
Xaraimz,ravencrest,96,hunter,marksmanship,6,1,5
Nortroll,draenor,96,hunter,marksmanship,6,1,5
Tuljan,ravencrest,96,hunter,marksmanship,6,1,5
Mavis,bloodfeather,96,hunter,marksmanship,6,1,5
Гижуна,howling-fjord,96,hunter,marksmanship,6,1,5
Dewshot,silvermoon,96,hunter,marksmanship,6,1,5
Наладдчик,howling-fjord,96,hunter,marksmanship,6,1,5
Azmena,silvermoon,96,hunter,marksmanship,6,1,5
Wàterloo,marécage-de-zangar,96,hunter,marksmanship,6,1,5
Pennymarks,blackhand,96,hunter,marksmanship,6,1,5
Drolarin,zuljin,96,hunter,marksmanship,6,1,5
Лсныйпамп,howling-fjord,96,hunter,marksmanship,6,1,5
Cxc,dun-modr,96,hunter,marksmanship,6,1,5
Velcy,ravencrest,96,hunter,marksmanship,6,1,5
Teedfredd,tarren-mill,96,hunter,marksmanship,6,1,5
Hanzú,argent-dawn,96,hunter,marksmanship,6,1,5
Applix,tarren-mill,96,hunter,marksmanship,6,1,5
Superfacial,twisting-nether,96,hunter,marksmanship,6,1,5
Delanoche,exodar,96,hunter,marksmanship,6,1,5
Flechaoscurä,exodar,96,hunter,marksmanship,6,1,5
Wantsumsnipe,twisting-nether,96,hunter,marksmanship,6,1,5
Salie,argent-dawn,96,hunter,marksmanship,6,1,5
Toulouki,silvermoon,96,hunter,marksmanship,6,1,5
Frapt,dalaran,96,hunter,marksmanship,6,1,5
Faccacamoale,twisting-nether,96,hunter,marksmanship,6,1,5
Kongweaver,ragnaros,96,hunter,marksmanship,6,1,5
Crowcifer,argent-dawn,96,hunter,marksmanship,6,1,5
Jagarbladet,ravencrest,96,hunter,marksmanship,6,1,5
Nalys,argent-dawn,96,hunter,marksmanship,6,1,5
Лиасон,howling-fjord,96,hunter,marksmanship,6,1,5
Ggproiettili,pozzo-delleternità,96,hunter,marksmanship,12,1,11
Götthunter,antonidas,96,hunter,marksmanship,12,1,11
Tiguy,archimonde,96,hunter,marksmanship,12,1,11
Donáldtrúmp,tarren-mill,96,hunter,marksmanship,12,1,11
Artexxia,kazzak,96,hunter,marksmanship,12,1,11
Snípér,blackhand,96,hunter,marksmanship,12,1,11
Kratozs,outland,96,hunter,marksmanship,13,1,12
Kælan,grim-batol,96,hunter,marksmanship,18,1,17
Denixxia,bronzebeard,95,hunter,marksmanship,3,2,1
Gohsthunter,dun-morogh,95,hunter,marksmanship,6,1,5
Magahra,thrall,95,hunter,marksmanship,6,1,5
Twinshot,anetheron,84,hunter,marksmanship,15,5,10
Gettóbuxa,arathor,79,hunter,marksmanship,5,1,4
Dréws,kazzak,64,hunter,marksmanship,4,1,3
Naepy,thrall,64,hunter,marksmanship,10,1,9
Nimrod,norgannon,48,hunter,marksmanship,3,1,2
Draugrinnh,tarren-mill,48,hunter,marksmanship,3,1,2
Howlinjoe,darkspear,48,hunter,marksmanship,9,1,8
Merveilleux,hyjal,42,hunter,marksmanship,11,3,8
Svinrbglol,arygos,31,hunter,marksmanship,2,1,1
Imortaltroll,kazzak,16,hunter,marksmanship,1,1,0
Elgango,blackrock,16,hunter,marksmanship,1,1,0
Bonquiesha,tarren-mill,2163,hunter,survival,120,69,51
Corossity,blackmoore,2155,hunter,survival,107,71,36
Gíggí,malganis,2155,hunter,survival,72,40,32
Rynex,festung-der-stürme,2134,hunter,survival,78,45,33
Harrianlar,ravenholdt,2128,hunter,survival,166,84,82
Nikzeubii,archimonde,2113,hunter,survival,66,39,27
Pokefangirlx,grim-batol,2107,hunter,survival,209,121,88
Razoorine,blackrock,2102,hunter,survival,156,87,69
Pridz,archimonde,2096,hunter,survival,180,90,90
Götdelen,kult-der-verdammten,2085,hunter,survival,140,76,64
Uglybaboon,draenor,2081,hunter,survival,281,138,143
Fíng,tarren-mill,2079,hunter,survival,216,109,107
Djheartstrng,argent-dawn,2069,hunter,survival,126,75,51
Macrolaim,outland,2039,hunter,survival,192,94,98
Epicsurvive,ravencrest,2013,hunter,survival,102,52,50
Earfalass,twisting-nether,2009,hunter,survival,184,105,79
Yeezu,sylvanas,2009,hunter,survival,66,36,30
Belaux,archimonde,2006,hunter,survival,173,84,89
Jànet,ravencrest,2002,hunter,survival,66,33,33
Mestar,outland,2001,hunter,survival,199,100,99
Stormblãze,ravencrest,1999,hunter,survival,149,71,78
Huntity,kazzak,1994,hunter,survival,95,51,44
Crucfixion,kazzak,1993,hunter,survival,60,35,25
Лесбиянюсь,gordunni,1983,hunter,survival,137,77,60
Booxun,sylvanas,1982,hunter,survival,133,68,65
Yemistar,archimonde,1980,hunter,survival,78,43,35
Jamboss,twisting-nether,1974,hunter,survival,54,27,27
Josethepimpo,stormscale,1974,hunter,survival,137,68,69
Dackeldustin,norgannon,1970,hunter,survival,59,50,9
Mspt,archimonde,1967,hunter,survival,130,63,67
Exquisitor,draenor,1966,hunter,survival,259,137,122
Gukexa,outland,1965,hunter,survival,66,39,27
Gukéx,stormscale,1965,hunter,survival,72,39,33
Rayadz,nethersturm,1960,hunter,survival,198,98,100
Akronis,outland,1951,hunter,survival,119,58,61
Jackjager,ravencrest,1950,hunter,survival,63,40,23
Marvelmary,ravencrest,1942,hunter,survival,71,34,37
Hyderr,aegwynn,1939,hunter,survival,42,27,15
Aboleon,ragnaros,1934,hunter,survival,74,38,36
Cjezka,blackmoore,1931,hunter,survival,123,64,59
Dyndns,blackmoore,1930,hunter,survival,84,42,42
Bicmex,ravencrest,1928,hunter,survival,44,30,14
Zhulk,los-errantes,1926,hunter,survival,131,65,66
Mmkekw,guldan,1902,hunter,survival,48,33,15
Горгонт,blackscar,1897,hunter,survival,132,72,60
Sneakyshøt,nemesis,1894,hunter,survival,263,137,126
Krakenaspect,kazzak,1890,hunter,survival,36,24,12
Momohenní,archimonde,1871,hunter,survival,156,86,70
Raelaf,zuljin,1866,hunter,survival,42,23,19
Scypher,ragnaros,1864,hunter,survival,50,33,17
Lágåta,outland,1864,hunter,survival,53,27,26
Соняпиво,gordunni,1863,hunter,survival,60,37,23
Ryomen,garona,1862,hunter,survival,189,99,90
Øvade,argent-dawn,1861,hunter,survival,67,41,26
Glosendra,ravencrest,1861,hunter,survival,84,51,33
Brkh,ravencrest,1857,hunter,survival,54,30,24
Nwnw,tarren-mill,1855,hunter,survival,36,22,14
Draxil,archimonde,1852,hunter,survival,94,55,39
Kagrot,silvermoon,1847,hunter,survival,102,49,53
Kyosoku,silvermoon,1845,hunter,survival,57,28,29
Madzynette,archimonde,1842,hunter,survival,67,40,27
Feignfisto,draenor,1840,hunter,survival,33,20,13
Lugnåls,hyjal,1838,hunter,survival,89,46,43
Moustø,archimonde,1836,hunter,survival,47,29,18
Zerberas,blackrock,1835,hunter,survival,60,32,28
Åíøñs,kazzak,1834,hunter,survival,42,26,16
Djshibalxd,argent-dawn,1834,hunter,survival,90,44,46
Квит,blackscar,1832,hunter,survival,30,20,10
Fwaffidack,tarren-mill,1829,hunter,survival,63,36,27
Vunter,malganis,1828,hunter,survival,48,26,22
Dabeszt,draenor,1827,hunter,survival,60,38,22
Avaren,archimonde,1826,hunter,survival,118,61,57
Calesthas,tarren-mill,1825,hunter,survival,84,44,40
Ravebae,silvermoon,1822,hunter,survival,138,69,69
Svinrbglol,arygos,1821,hunter,survival,48,24,24
Зеленыйиисус,gordunni,1818,hunter,survival,153,84,69
Stuckstepbro,silvermoon,1818,hunter,survival,47,22,25
Mogumogu,blackhand,1817,hunter,survival,66,34,32
Pwon,ravencrest,1811,hunter,survival,236,125,111
Frog,crushridge,1810,hunter,survival,78,46,32
Thugzilla,auchindoun,1810,hunter,survival,71,40,31
Polaqu,burning-legion,1809,hunter,survival,60,37,23
Betarayjinx,kazzak,1806,hunter,survival,63,37,26
Saliressa,ravencrest,1803,hunter,survival,78,39,39
Zpf,silvermoon,1801,hunter,survival,56,30,26
Minibicmex,aegwynn,1801,hunter,survival,82,43,39
Lagich,stormscale,1799,hunter,survival,34,24,10
Killerkatze,outland,1794,hunter,survival,36,19,17
Clydefrog,outland,1793,hunter,survival,46,21,25
Qwèrts,stormscale,1791,hunter,survival,54,29,25
Fatbushpig,stormscale,1786,hunter,survival,30,19,11
Boops,ragnaros,1781,hunter,survival,66,31,35
Chopitoo,blackmoore,1777,hunter,survival,60,35,25
Onlylfg,drakthul,1772,hunter,survival,68,35,33
Dreämhäck,ravencrest,1768,hunter,survival,78,47,31
Sneakyshoot,nemesis,1767,hunter,survival,59,31,28
Летмимейт,howling-fjord,1759,hunter,survival,96,53,43
Marchik,outland,1758,hunter,survival,46,30,16
Easyclass,hyjal,1756,hunter,survival,78,40,38
Ksreport,stormscale,1756,hunter,survival,52,24,28
Burbutsuluki,silvermoon,1755,hunter,survival,48,24,24
Obbnfriends,ravencrest,1749,hunter,survival,66,30,36
Clifton,archimonde,1748,hunter,survival,42,27,15
Rewgodxq,ravencrest,1748,hunter,survival,107,48,59
Svetlanatrap,stormscale,1746,hunter,survival,48,24,24
Hunjo,quelthalas,1739,hunter,survival,90,40,50
Døvah,argent-dawn,1737,hunter,survival,54,30,24
Alexdi,kazzak,1736,hunter,survival,60,25,35
Майен,thermaplugg,1735,hunter,survival,54,26,28
Monkeytrapz,norgannon,1733,hunter,survival,54,29,25
Subha,quelthalas,1731,hunter,survival,48,31,17
Kalthrog,ragnaros,1731,hunter,survival,66,37,29
Avizi,anachronos,1724,hunter,survival,78,41,37
Skârlock,blackmoore,1720,hunter,survival,54,29,25
Иснсейшн,soulflayer,1718,hunter,survival,53,31,22
Curbý,blackhand,1718,hunter,survival,36,20,16
Wicmex,archimonde,1713,hunter,survival,33,21,12
Sorozo,aegwynn,1712,hunter,survival,96,50,46
Хансбург,howling-fjord,1710,hunter,survival,74,35,39
Sipsomewater,ravencrest,1707,hunter,survival,36,21,15
Hühneknubbel,blackmoore,1707,hunter,survival,42,24,18
Løvebombing,ravencrest,1706,hunter,survival,24,18,6
Леоа,howling-fjord,1703,hunter,survival,54,24,30
Razôr,blackhand,1700,hunter,survival,30,18,12
Киссмайпет,howling-fjord,1700,hunter,survival,60,34,26
Разплюханка,howling-fjord,1698,hunter,survival,120,62,58
Véncsótány,ragnaros,1697,hunter,survival,42,24,18
Микихаса,galakrond,1697,hunter,survival,99,53,46
Rubydacherrý,argent-dawn,1696,hunter,survival,30,21,9
Yazqua,deathwing,1696,hunter,survival,70,42,28
Fusko,ysondre,1695,hunter,survival,54,29,25
Búddhìst,ravencrest,1694,hunter,survival,48,22,26
Yosia,draenor,1692,hunter,survival,78,39,39
Closeenought,ravencrest,1690,hunter,survival,84,44,40
Zøk,stormscale,1689,hunter,survival,113,65,48
Zapzy,ravencrest,1688,hunter,survival,83,47,36
Плутяра,blackscar,1684,hunter,survival,66,31,35
Eunte,archimonde,1680,hunter,survival,78,38,40
Yemmeth,argent-dawn,1676,hunter,survival,210,108,102
Slizzle,sporeggar,1675,hunter,survival,78,42,36
Snippy,sanguino,1674,hunter,survival,108,50,58
Arrcher,thrall,1670,hunter,survival,36,26,10
Аркеро,soulflayer,1670,hunter,survival,61,31,30
Knokkelmann,outland,1668,hunter,survival,36,24,12
Оскорбление,howling-fjord,1667,hunter,survival,84,42,42
Axehead,outland,1664,hunter,survival,42,22,20
Robzyhunter,kazzak,1663,hunter,survival,66,39,27
Kurkelx,ravencrest,1661,hunter,survival,48,30,18
Sunyjuyono,ravencrest,1659,hunter,survival,54,25,29
Lukez,ravencrest,1656,hunter,survival,48,28,20
Lìmpy,stormreaver,1656,hunter,survival,36,21,15
Mewithoutyou,ragnaros,1655,hunter,survival,208,97,111
Zäroury,ravencrest,1653,hunter,survival,64,32,32
Regale,archimonde,1653,hunter,survival,48,20,28
Глефард,fordragon,1651,hunter,survival,36,24,12
Бомбетта,grom,1649,hunter,survival,90,43,47
Xiumiune,antonidas,1648,hunter,survival,69,40,29
Urtanis,stormscale,1647,hunter,survival,107,58,49
Бубунн,howling-fjord,1646,hunter,survival,81,47,34
Чууч,blackscar,1645,hunter,survival,153,72,81
Xamisch,eredar,1644,hunter,survival,34,22,12
Brattamer,twisting-nether,1642,hunter,survival,28,19,9
Wonkeedx,ravencrest,1641,hunter,survival,42,21,21
Halfogre,draenor,1640,hunter,survival,30,20,10
Ázurâ,blackhand,1639,hunter,survival,139,70,69
Zulldek,sanguino,1638,hunter,survival,78,42,36
Fablet,draenor,1637,hunter,survival,42,24,18
Unsáinted,ravencrest,1635,hunter,survival,215,113,102
Xexhel,twisting-nether,1634,hunter,survival,45,26,19
Gedept,blackrock,1633,hunter,survival,80,41,39
Maiverx,ravencrest,1631,hunter,survival,24,17,7
Субоота,gordunni,1630,hunter,survival,71,36,35
Kfcmanagerx,silvermoon,1629,hunter,survival,34,22,12
Nienel,archimonde,1629,hunter,survival,125,57,68
Renathir,argent-dawn,1628,hunter,survival,50,28,22
Skyh,outland,1628,hunter,survival,101,48,53
Кулерквест,soulflayer,1627,hunter,survival,85,46,39
Marryme,blackhand,1625,hunter,survival,50,32,18
Iceyx,stormscale,1624,hunter,survival,49,22,27
Kajtarn,outland,1621,hunter,survival,60,27,33
Katzila,outland,1620,hunter,survival,41,22,19
Nemámponetí,drakthul,1619,hunter,survival,60,35,25
Копия,azuregos,1619,hunter,survival,72,30,42
Скадхи,blackscar,1616,hunter,survival,126,59,67
Ntwoõ,ravencrest,1615,hunter,survival,65,37,28
Pizzafanatic,blackrock,1614,hunter,survival,49,25,24
Losiané,thrall,1613,hunter,survival,94,48,46
Фломидзе,gordunni,1611,hunter,survival,76,47,29
Defjacks,argent-dawn,1609,hunter,survival,80,40,40
Savageone,frostwhisper,1609,hunter,survival,48,23,25
Ruxhunter,sanguino,1607,hunter,survival,90,50,40
Cira,archimonde,1606,hunter,survival,48,24,24
Гудхантер,blackscar,1605,hunter,survival,66,38,28
Turdy,executus,1605,hunter,survival,70,39,31
Rasmi,kazzak,1605,hunter,survival,65,31,34
Mclooving,runetotem,1604,hunter,survival,49,29,20
Жэш,howling-fjord,1602,hunter,survival,42,21,21
Raztreadör,dun-modr,1601,hunter,survival,275,144,131
Сабакаа,borean-tundra,1600,hunter,survival,78,44,34
Darllene,kazzak,1599,hunter,survival,101,46,55
Dariusmm,silvermoon,1598,hunter,survival,58,32,26
Calyssae,shattered-halls,1591,hunter,survival,99,58,41
Ódelagga,sylvanas,1591,hunter,survival,123,66,57
Løwg,drekthar,1590,hunter,survival,54,28,26
Aspergun,ragnaros,1590,hunter,survival,46,22,24
Танчибосс,soulflayer,1589,hunter,survival,92,47,45
Оути,azuregos,1588,hunter,survival,138,76,62
Amilienne,nozdormu,1588,hunter,survival,39,18,21
Стингергодх,gordunni,1587,hunter,survival,81,40,41
Sznxøxo,ravencrest,1585,hunter,survival,42,24,18
Saejku,archimonde,1585,hunter,survival,69,36,33
Миаур,gordunni,1583,hunter,survival,42,19,23
Skydraz,ysondre,1575,hunter,survival,54,29,25
Тэмплест,howling-fjord,1574,hunter,survival,30,19,11
Tillhunt,kargath,1573,hunter,survival,87,50,37
Свадебная,gordunni,1572,hunter,survival,148,78,70
Juniorm,kazzak,1568,hunter,survival,42,22,20
Albumx,hyjal,1568,hunter,survival,235,119,116
Хантзер,howling-fjord,1568,hunter,survival,86,42,44
Suzumebachi,twisting-nether,1562,hunter,survival,54,34,20
Bren,shattrath,1554,hunter,survival,61,30,31
Gradevine,twisting-nether,1551,hunter,survival,68,41,27
Ðarrk,tarren-mill,1551,hunter,survival,66,35,31
Rettoo,aszune,1550,hunter,survival,42,25,17
Westcøãst,archimonde,1550,hunter,survival,54,32,22
Ðrãke,blackmoore,1550,hunter,survival,48,27,21
Âmalphy,ravencrest,1549,hunter,survival,42,17,25
Rizlay,the-maelstrom,1546,hunter,survival,72,34,38
Смолильщик,gordunni,1542,hunter,survival,45,22,23
Ищименявтени,gordunni,1540,hunter,survival,77,40,37
Wikariusz,kazzak,1540,hunter,survival,66,27,39
Sarrow,ravencrest,1535,hunter,survival,69,36,33
Knoxblå,stormscale,1533,hunter,survival,24,16,8
Bnak,thrall,1530,hunter,survival,24,16,8
Skzu,archimonde,1529,hunter,survival,30,20,10
Lottemor,tarren-mill,1528,hunter,survival,47,32,15
Sphexya,ravencrest,1528,hunter,survival,30,16,14
Garxzhunter,tarren-mill,1528,hunter,survival,30,16,14
Danissia,argent-dawn,1525,hunter,survival,39,19,20
Babûsch,blackmoore,1524,hunter,survival,42,17,25
Psychotik,stormreaver,1523,hunter,survival,148,77,71
Глаззалмаз,howling-fjord,1519,hunter,survival,34,21,13
Bittercoast,stormscale,1518,hunter,survival,29,16,13
Cenesthesia,draenor,1514,hunter,survival,52,28,24
Vènuhá,ravencrest,1513,hunter,survival,24,16,8
Jakis,silvermoon,1513,hunter,survival,35,17,18
Zacxx,ravencrest,1512,hunter,survival,47,33,14
Dedral,aegwynn,1509,hunter,survival,30,16,14
Iòvól,azuremyst,1507,hunter,survival,84,44,40
Næ,kazzak,1504,hunter,survival,103,55,48
Capd,kazzak,1504,hunter,survival,66,35,31
Fmatzen,the-maelstrom,1503,hunter,survival,30,16,14
Blvckjvckz,ravencrest,1500,hunter,survival,30,16,14
Галятрицепс,eversong,1494,hunter,survival,38,19,19
Clicker,runetotem,1494,hunter,survival,60,28,32
Sayn,la-croisade-écarlate,1488,hunter,survival,56,30,26
Hakkoti,argent-dawn,1486,hunter,survival,66,33,33
Виралатта,gordunni,1485,hunter,survival,30,16,14
Kalani,la-croisade-écarlate,1483,hunter,survival,131,64,67
Riema,ragnaros,1483,hunter,survival,76,34,42
Andjelaa,kazzak,1482,hunter,survival,36,18,18
Lxoh,turalyon,1478,hunter,survival,191,90,101
Horxxa,kul-tiras,1476,hunter,survival,78,46,32
Zeer,sylvanas,1475,hunter,survival,129,55,74
Анариэльсин,soulflayer,1474,hunter,survival,36,20,16
Молеандрис,gordunni,1474,hunter,survival,57,28,29
Jailevaccin,khaz-modan,1474,hunter,survival,97,45,52
Noop,sylvanas,1473,hunter,survival,54,22,32
Штынь,gordunni,1471,hunter,survival,36,17,19
Хитвейн,gordunni,1469,hunter,survival,48,20,28
Комомура,soulflayer,1467,hunter,survival,65,34,31
Killitoss,blackmoore,1466,hunter,survival,54,26,28
Melissax,silvermoon,1464,hunter,survival,40,17,23
Яшатаю,soulflayer,1463,hunter,survival,39,26,13
Notikâ,aegwynn,1461,hunter,survival,66,33,33
Frapt,dalaran,1459,hunter,survival,28,16,12
Hreo,twisting-nether,1452,hunter,survival,48,24,24
Atalnta,ravencrest,1451,hunter,survival,69,28,41
Чужойй,howling-fjord,1450,hunter,survival,42,21,21
Pentaboule,archimonde,1448,hunter,survival,114,61,53
Nalys,argent-dawn,1447,hunter,survival,70,39,31
Makeawish,antonidas,1444,hunter,survival,64,37,27
Olk,stormscale,1439,hunter,survival,24,15,9
Wastage,draenor,1439,hunter,survival,48,25,23
Islide,ravencrest,1438,hunter,survival,36,15,21
Huntsmart,kazzak,1432,hunter,survival,30,15,15
Крэин,howling-fjord,1429,hunter,survival,36,19,17
Laayopeh,argent-dawn,1428,hunter,survival,24,15,9
Nurki,the-maelstrom,1427,hunter,survival,30,15,15
Dorota,auchindoun,1426,hunter,survival,36,19,17
Гаррельд,blackscar,1426,hunter,survival,36,18,18
Тэуреэль,gordunni,1426,hunter,survival,66,26,40
Yake,kazzak,1425,hunter,survival,46,18,28
Vengefull,draenor,1421,hunter,survival,162,84,78
Shibai,outland,1420,hunter,survival,65,31,34
Boggy,outland,1419,hunter,survival,41,22,19
Hoffen,dentarg,1414,hunter,survival,24,18,6
Huntiika,silvermoon,1413,hunter,survival,70,32,38
Китас,soulflayer,1412,hunter,survival,119,68,51
Kürze,silvermoon,1409,hunter,survival,58,27,31
Arykes,drakthul,1409,hunter,survival,59,27,32
Capullospawn,dun-morogh,1406,hunter,survival,24,15,9
Шадак,soulflayer,1405,hunter,survival,47,24,23
Oggi,draenor,1402,hunter,survival,60,29,31
Shoty,zuluhed,1402,hunter,survival,106,50,56
Sívér,antonidas,1401,hunter,survival,36,15,21
Jeddaj,stormscale,1400,hunter,survival,36,15,21
Survsen,kazzak,1399,hunter,survival,72,35,37
Feignindeath,twisting-nether,1396,hunter,survival,38,23,15
Milééna,ravencrest,1396,hunter,survival,47,18,29
Crème,blackrock,1395,hunter,survival,65,26,39
Ballistix,elune,1394,hunter,survival,30,15,15
Кфоззи,soulflayer,1391,hunter,survival,30,15,15
Deathwallker,silvermoon,1389,hunter,survival,30,23,7
Itchy,das-syndikat,1387,hunter,survival,57,28,29
Eufumo,sanguino,1384,hunter,survival,29,16,13
Ajko,blackmoore,1378,hunter,survival,60,33,27
Taurïel,stormscale,1373,hunter,survival,67,36,31
Torrë,sanguino,1372,hunter,survival,35,17,18
Сильвиина,eversong,1372,hunter,survival,36,17,19
Йинги,gordunni,1371,hunter,survival,77,40,37
Вандамос,soulflayer,1371,hunter,survival,79,41,38
Jónes,dunemaul,1370,hunter,survival,36,16,20
Hunttes,nagrand,1365,hunter,survival,29,15,14
Shootingu,aegwynn,1364,hunter,survival,96,49,47
Rolky,silvermoon,1360,hunter,survival,30,16,14
Suxino,doomhammer,1360,hunter,survival,82,37,45
Zwerghauer,arthas,1358,hunter,survival,30,17,13
Стивстифлер,razuvious,1357,hunter,survival,60,33,27
Мандалорецц,soulflayer,1356,hunter,survival,92,44,48
Santiägø,archimonde,1353,hunter,survival,54,30,24
Trapfish,dalaran,1350,hunter,survival,60,33,27
Abovival,ragnaros,1349,hunter,survival,30,20,10
Skyyw,tarren-mill,1348,hunter,survival,62,34,28
Zaphody,doomhammer,1346,hunter,survival,63,32,31
Malgorn,burning-legion,1341,hunter,survival,40,27,13
Icetrapped,eredar,1341,hunter,survival,30,14,16
Xaone,blackrock,1340,hunter,survival,18,14,4
Ðévi,ravencrest,1340,hunter,survival,18,14,4
Zanpa,archimonde,1340,hunter,survival,18,14,4
Ðoñko,hyjal,1340,hunter,survival,147,69,78
Айхана,gordunni,1337,hunter,survival,53,30,23
Satantrapbot,outland,1337,hunter,survival,30,14,16
Grulog,kazzak,1335,hunter,survival,36,14,22
Xallis,outland,1334,hunter,survival,24,14,10
Shiceloch,blackmoore,1334,hunter,survival,30,14,16
Jalcer,draenor,1334,hunter,survival,56,25,31
Tyrone,saurfang,1332,hunter,survival,36,15,21
Shotazz,frostmane,1331,hunter,survival,24,14,10
Kobayashi,arathor,1331,hunter,survival,89,40,49
Sasquaczek,burning-legion,1328,hunter,survival,42,24,18
Jamalinho,silvermoon,1322,hunter,survival,60,38,22
Карвинн,soulflayer,1321,hunter,survival,30,14,16
Подлыйстарик,gordunni,1320,hunter,survival,43,30,13
Zehned,ysondre,1316,hunter,survival,57,25,32
Ниалла,thermaplugg,1316,hunter,survival,48,19,29
Slagatronic,ragnaros,1314,hunter,survival,108,57,51
Vâleriaa,blackrock,1314,hunter,survival,30,14,16
Занзуолли,howling-fjord,1309,hunter,survival,66,32,34
Artemisïa,archimonde,1307,hunter,survival,36,14,22
Littlhuntard,tarren-mill,1306,hunter,survival,24,14,10
Пятницкий,soulflayer,1304,hunter,survival,33,17,16
Bigbababotan,blackrock,1303,hunter,survival,26,18,8
Karabeg,twisting-nether,1301,hunter,survival,53,22,31
Steezowl,kazzak,1297,hunter,survival,47,20,27
Prodanhunts,frostmane,1296,hunter,survival,30,14,16
Wôôdsy,blackrock,1291,hunter,survival,30,14,16
Sarttrap,aerie-peak,1289,hunter,survival,24,14,10
Ilovejwrld,dun-modr,1289,hunter,survival,28,15,13
Kasperle,frostwolf,1281,hunter,survival,24,14,10
Getsniffarn,sylvanas,1277,hunter,survival,36,18,18
Röwene,argent-dawn,1276,hunter,survival,26,16,10
Daweí,draenor,1275,hunter,survival,40,15,25
Gakco,twisting-nether,1265,hunter,survival,30,16,14
Nvukaze,argent-dawn,1262,hunter,survival,33,22,11
Moralisa,eredar,1262,hunter,survival,29,14,15
Cásper,tarren-mill,1261,hunter,survival,48,23,25
Ägris,die-todeskrallen,1260,hunter,survival,80,42,38
Bigmøist,ravencrest,1257,hunter,survival,74,34,40
Jomoguin,stormscale,1255,hunter,survival,54,27,27
Фурболгов,gordunni,1251,hunter,survival,60,26,34
Куджикс,soulflayer,1248,hunter,survival,18,13,5
Zudith,sanguino,1248,hunter,survival,24,14,10
Spitchy,kazzak,1248,hunter,survival,36,17,19
Jumong,ragnaros,1246,hunter,survival,24,13,11
Caelas,outland,1245,hunter,survival,36,17,19
Foxyfoxo,guldan,1245,hunter,survival,41,19,22
Vargar,arygos,1245,hunter,survival,30,13,17
Guanchin,silvermoon,1245,hunter,survival,42,16,26
Kydérr,aegwynn,1243,hunter,survival,24,13,11
Thalanos,antonidas,1243,hunter,survival,30,13,17
Paxiwtf,eredar,1242,hunter,survival,22,14,8
Tortillia,madmortem,1242,hunter,survival,75,32,43
Skytraped,hyjal,1241,hunter,survival,23,14,9
Morkahs,dalaran,1240,hunter,survival,24,13,11
Bicepspump,dun-morogh,1240,hunter,survival,30,13,17
Wuad,silvermoon,1239,hunter,survival,24,13,11
ßlackjack,thrall,1237,hunter,survival,18,13,5
Bowmasterjay,kazzak,1221,hunter,survival,24,13,11
Барабаша,deathguard,1220,hunter,survival,36,13,23
Thëoden,cthun,1217,hunter,survival,24,13,11
Тике,soulflayer,1215,hunter,survival,38,19,19
Vorsord,zuljin,1209,hunter,survival,30,13,17
Кир,blackscar,1208,hunter,survival,24,13,11
Herubin,doomhammer,1202,hunter,survival,57,26,31
Bloodxx,ragnaros,1201,hunter,survival,72,33,39
Sainttcc,thrall,1195,hunter,survival,54,25,29
Kazzaak,kazzak,1188,hunter,survival,72,26,46
Dîdierraoult,archimonde,1167,hunter,survival,23,13,10
Ketaminösa,zuljin,1151,hunter,survival,18,12,6
Ähäkutti,kazzak,1151,hunter,survival,30,12,18
Bnak,die-ewige-wacht,1150,hunter,survival,18,12,6
Erhu,drakthul,1150,hunter,survival,18,12,6
Nkl,archimonde,1150,hunter,survival,24,12,12
Natchell,ysondre,1148,hunter,survival,24,12,12
Nevêrse,archimonde,1147,hunter,survival,24,12,12
Звериныйпапа,gordunni,1146,hunter,survival,24,12,12
Clicktrap,runetotem,1146,hunter,survival,30,12,18
Äzul,ysondre,1142,hunter,survival,27,13,14
Såvëâmäzøñíà,stormscale,1142,hunter,survival,30,12,18
Kaynor,dalaran,1141,hunter,survival,24,12,12
Ayshæ,tarren-mill,1139,hunter,survival,48,17,31
Gilzog,exodar,1138,hunter,survival,30,12,18
Cabaim,eredar,1137,hunter,survival,18,12,6
Floris,outland,1126,hunter,survival,24,12,12
Cämper,aegwynn,1124,hunter,survival,24,12,12
Leemool,ysondre,1123,hunter,survival,30,18,12
Ashablack,argent-dawn,1118,hunter,survival,119,55,64
Bâng,zuljin,1117,hunter,survival,24,12,12
Бандерака,goldrinn,1115,hunter,survival,24,12,12
Junglez,nagrand,1113,hunter,survival,24,12,12
Absolutnoob,blackrock,1103,hunter,survival,56,28,28
Apachy,amanthul,1100,hunter,survival,29,12,17
Sláyer,the-shatar,1099,hunter,survival,58,28,30
Aszasi,azjolnerub,1096,hunter,survival,23,12,11
Himba,dentarg,1088,hunter,survival,36,18,18
Yinn,kilrogg,1069,hunter,survival,36,13,23
Guccyfied,blackrock,1056,hunter,survival,18,11,7
Djsecousse,hyjal,1056,hunter,survival,18,11,7
Lutza,sanguino,1056,hunter,survival,24,11,13
Hûntyhunt,silvermoon,1055,hunter,survival,18,11,7
Djtrápálót,dragonmaw,1055,hunter,survival,18,11,7
Síraw,tarren-mill,1055,hunter,survival,30,11,19
Agarez,blackrock,1054,hunter,survival,30,14,16
Éddiémórphín,kazzak,1053,hunter,survival,24,11,13
Coromant,blackrock,1053,hunter,survival,26,11,15
Cataleýà,outland,1052,hunter,survival,18,11,7
Твояпомощь,gordunni,1052,hunter,survival,18,11,7
Рэдхаант,soulflayer,1052,hunter,survival,24,11,13
Живучийорех,gordunni,1048,hunter,survival,18,11,7
Heliandra,dun-modr,1047,hunter,survival,18,11,7
Huntoruu,outland,1042,hunter,survival,107,47,60
Querro,azshara,1036,hunter,survival,42,11,31
Pôîson,kazzak,1034,hunter,survival,84,33,51
Bairex,magtheridon,1033,hunter,survival,36,18,18
Spliinter,twisting-nether,1025,hunter,survival,22,13,9
Doru,silvermoon,1025,hunter,survival,24,11,13
Dragonflayer,sylvanas,1021,hunter,survival,18,11,7
Szybky,defias-brotherhood,1017,hunter,survival,18,11,7
Voltár,antonidas,1017,hunter,survival,30,11,19
Giobi,draenor,996,hunter,survival,24,13,11
Animàl,argent-dawn,988,hunter,survival,22,11,11
Änubïs,culte-de-la-rive-noire,973,hunter,survival,28,12,16
Крысюкпифпаф,blackscar,971,hunter,survival,19,11,8
Аминотоксид,blackscar,960,hunter,survival,12,10,2
Tayu,throkferoth,960,hunter,survival,12,10,2
Reviam,ravencrest,960,hunter,survival,12,10,2
Kukenisluken,stormscale,960,hunter,survival,18,10,8
Мигнитюша,blackscar,960,hunter,survival,18,10,8
Vincex,ravencrest,960,hunter,survival,18,10,8
Neddly,draenor,960,hunter,survival,24,10,14
Skewdar,hyjal,960,hunter,survival,30,10,20
Смертонносна,lich-king,959,hunter,survival,12,10,2
Nttcoopzz,silvermoon,959,hunter,survival,18,10,8
Xelsera,antonidas,959,hunter,survival,18,10,8
Cadier,argent-dawn,959,hunter,survival,24,10,14
Terrorduni,tarren-mill,959,hunter,survival,24,10,14
Менстряк,deathguard,958,hunter,survival,18,10,8
Mcgloebels,archimonde,956,hunter,survival,21,11,10
Starkt,ragnaros,956,hunter,survival,24,10,14
Binhoker,argent-dawn,953,hunter,survival,12,10,2
Memli,uldaman,950,hunter,survival,18,10,8
Marluxiâ,archimonde,947,hunter,survival,30,11,19
Zipzâp,blackrock,936,hunter,survival,18,10,8
Neilime,marécage-de-zangar,936,hunter,survival,74,33,41
Doraxa,sanguino,911,hunter,survival,27,10,17
Pechvogel,blackmoore,910,hunter,survival,17,10,7
Zinà,naxxramas,891,hunter,survival,22,10,12
Bláckheart,doomhammer,888,hunter,survival,22,10,12
Ирртой,grom,885,hunter,survival,24,10,14
Mahikotwo,arathor,864,hunter,survival,12,9,3
Urrane,archimonde,864,hunter,survival,12,9,3
Agnêas,silvermoon,864,hunter,survival,18,9,9
Nooksem,blackrock,864,hunter,survival,18,9,9
Mortybeans,ravencrest,864,hunter,survival,18,9,9
Bùddhíst,ravencrest,864,hunter,survival,18,9,9
Mileysaures,stormscale,863,hunter,survival,12,9,3
Murkek,drakthul,863,hunter,survival,12,9,3
Kapitannapas,deathwing,863,hunter,survival,18,9,9
Zion,kul-tiras,863,hunter,survival,18,9,9
Kirax,ravencrest,863,hunter,survival,21,10,11
Ashendan,silvermoon,863,hunter,survival,24,9,15
Тиометра,gordunni,862,hunter,survival,12,9,3
Torelk,dalaran,862,hunter,survival,18,9,9
Skumrask,outland,862,hunter,survival,24,9,15
Вилдфлекс,gordunni,861,hunter,survival,12,9,3
Rollin,khaz-modan,861,hunter,survival,12,9,3
Tôm,ravencrest,860,hunter,survival,12,9,3
Пивпавнах,gordunni,859,hunter,survival,12,9,3
Raenard,ragnaros,858,hunter,survival,21,10,11
Milandra,the-maelstrom,851,hunter,survival,18,9,9
Критпояйцам,howling-fjord,847,hunter,survival,17,11,6
Beaupapa,archimonde,846,hunter,survival,18,9,9
Killdembro,sunstrider,835,hunter,survival,102,31,71
Dhmain,frostmane,805,hunter,survival,27,10,17
Hotgrillexde,sylvanas,799,hunter,survival,17,9,8
Drolig,blackmoore,793,hunter,survival,17,9,8
Jaggy,hyjal,768,hunter,survival,12,8,4
Патчхороший,howling-fjord,768,hunter,survival,12,8,4
Maiver,ravencrest,768,hunter,survival,12,8,4
Poggersdaddy,kazzak,768,hunter,survival,12,8,4
Gurrmex,stormscale,768,hunter,survival,12,8,4
Oczkuhne,burning-legion,768,hunter,survival,12,8,4
Djfortnite,ravencrest,768,hunter,survival,12,8,4
Velen,pozzo-delleternità,768,hunter,survival,12,8,4
Пьёт,gordunni,768,hunter,survival,18,8,10
Фираналь,blackscar,768,hunter,survival,18,8,10
Fiskerr,darksorrow,768,hunter,survival,18,8,10
Jäinenool,outland,768,hunter,survival,18,8,10
Waziralwazar,auchindoun,768,hunter,survival,18,8,10
Bø,burning-blade,768,hunter,survival,18,8,10
Epicsurvive,kazzak,768,hunter,survival,24,8,16
Øpedro,kirin-tor,767,hunter,survival,12,8,4
Каморан,grom,767,hunter,survival,12,8,4
Nokti,die-ewige-wacht,767,hunter,survival,12,8,4
Тиандриса,soulflayer,767,hunter,survival,12,8,4
Luftikuss,arthas,767,hunter,survival,12,8,4
Double,sylvanas,767,hunter,survival,18,8,10
Akasa,twilights-hammer,767,hunter,survival,24,8,16
Blackwarz,la-croisade-écarlate,766,hunter,survival,12,8,4
Вуйчеч,howling-fjord,766,hunter,survival,24,8,16
Harmonía,outland,764,hunter,survival,24,8,16
Eledanu,blackmoore,762,hunter,survival,12,8,4
Риппер,gordunni,762,hunter,survival,24,8,16
Harrak,ysondre,761,hunter,survival,12,8,4
Хантероо,gordunni,756,hunter,survival,18,8,10
Powerhord,burning-legion,751,hunter,survival,18,8,10
Thëhunter,tyrande,749,hunter,survival,17,8,9
Hanibale,burning-blade,740,hunter,survival,30,8,22
Оверман,azuregos,735,hunter,survival,26,9,17
Ватмано,gordunni,718,hunter,survival,11,8,3
Otekkâ,hyjal,703,hunter,survival,17,8,9
Reefa,the-maelstrom,702,hunter,survival,11,8,3
Dexx,kazzak,698,hunter,survival,17,9,8
Dauria,blackhand,672,hunter,survival,12,7,5
Arnakua,outland,672,hunter,survival,12,7,5
Amadia,defias-brotherhood,672,hunter,survival,12,7,5
Motri,tarren-mill,672,hunter,survival,12,7,5
Robinbuds,stormscale,672,hunter,survival,12,7,5
Волкорн,gordunni,672,hunter,survival,12,7,5
Nulles,ravencrest,672,hunter,survival,12,7,5
Burninghunt,ravencrest,672,hunter,survival,12,7,5
Алекскиллшот,blackscar,672,hunter,survival,12,7,5
Wórldz,dun-modr,672,hunter,survival,12,7,5
Трапгодикс,eversong,672,hunter,survival,12,7,5
Merquryh,ravencrest,672,hunter,survival,12,7,5
Tomorrow,ravencrest,672,hunter,survival,12,7,5
Snôptas,blackmoore,672,hunter,survival,12,7,5
Ilovemax,archimonde,672,hunter,survival,12,7,5
Davidghettô,dalaran,672,hunter,survival,12,7,5
Neyv,blackmoore,672,hunter,survival,15,8,7
Норапина,eversong,672,hunter,survival,33,15,18
Avashah,ravencrest,672,hunter,survival,16,7,9
Niro,argent-dawn,672,hunter,survival,18,7,11
Aspects,blackrock,672,hunter,survival,18,7,11
Óneshóter,madmortem,671,hunter,survival,12,7,5
Flamehand,kazzak,671,hunter,survival,12,7,5
Fyoni,silvermoon,671,hunter,survival,12,7,5
Элфй,gordunni,671,hunter,survival,12,7,5
Shanndu,ravencrest,671,hunter,survival,18,7,11
Алестея,gordunni,671,hunter,survival,18,7,11
Koblih,draenor,671,hunter,survival,30,7,23
Cliff,kiljaeden,670,hunter,survival,12,7,5
Мертвыйпсарь,soulflayer,670,hunter,survival,12,7,5
Blackox,zirkel-des-cenarius,670,hunter,survival,12,7,5
Renegansnipe,silvermoon,670,hunter,survival,18,7,11
Panfilmaaj,burning-legion,670,hunter,survival,19,7,12
Санясурв,gordunni,665,hunter,survival,25,12,13
Skyythe,dun-morogh,649,hunter,survival,18,7,11
Bowkeeper,kazzak,642,hunter,survival,24,7,17
Bugspitz,outland,622,hunter,survival,11,7,4
Хищник,gordunni,622,hunter,survival,14,8,6
Onefatalshot,the-maelstrom,617,hunter,survival,14,8,6
Gitanìlla,dun-modr,576,hunter,survival,6,6,0
Laptopplayër,ravencrest,576,hunter,survival,6,6,0
Alissón,aegwynn,576,hunter,survival,6,6,0
Haileyjones,darkmoon-faire,576,hunter,survival,6,6,0
Ernorx,stormscale,576,hunter,survival,6,6,0
Iloveluna,silvermoon,576,hunter,survival,6,6,0
Reelgigachad,archimonde,576,hunter,survival,12,6,6
Mahikosan,outland,576,hunter,survival,12,6,6
Bicmeks,ravencrest,576,hunter,survival,12,6,6
Уроборос,gordunni,576,hunter,survival,12,6,6
Maddoqx,frostwolf,576,hunter,survival,12,6,6
Mouganstine,archimonde,576,hunter,survival,12,6,6
Nobuno,dun-modr,576,hunter,survival,12,6,6
Snoude,silvermoon,576,hunter,survival,12,6,6
Seandeluxe,defias-brotherhood,576,hunter,survival,12,6,6
Scarletgirl,draenor,576,hunter,survival,12,6,6
Psghunt,argent-dawn,576,hunter,survival,12,6,6
Schwabbels,silvermoon,576,hunter,survival,12,6,6
Crapulegangz,archimonde,576,hunter,survival,12,6,6
Alibigjungle,ravencrest,576,hunter,survival,12,6,6
Uranîa,blackmoore,576,hunter,survival,12,6,6
Xxø,ravencrest,576,hunter,survival,12,6,6
Nirn,ravencrest,576,hunter,survival,12,6,6
Autoturret,eredar,576,hunter,survival,12,6,6
Kuzes,ravencrest,576,hunter,survival,12,6,6
Nunziatellà,nemesis,576,hunter,survival,12,6,6
Weraxo,ravencrest,576,hunter,survival,12,6,6
Jamoneame,sanguino,576,hunter,survival,12,6,6
Куджикс,gordunni,576,hunter,survival,20,7,13
Alwaysthug,ravencrest,576,hunter,survival,18,6,12
Huntanova,antonidas,576,hunter,survival,18,6,12
Согекхей,gordunni,576,hunter,survival,24,6,18
Grimazg,chogall,575,hunter,survival,12,6,6
Pãstèque,ravencrest,575,hunter,survival,12,6,6
Orcpie,defias-brotherhood,575,hunter,survival,12,6,6
Broomyuk,kilrogg,575,hunter,survival,12,6,6
Hevl,silvermoon,575,hunter,survival,12,6,6
Йеттеринг,deathweaver,575,hunter,survival,15,7,8
Sekkeh,ragnaros,575,hunter,survival,18,6,12
Enistee,silvermoon,575,hunter,survival,18,6,12
Girlfwiend,argent-dawn,575,hunter,survival,18,6,12
Дондонандон,gordunni,575,hunter,survival,18,6,12
Bôbby,kelthuzad,575,hunter,survival,18,6,12
Amjamh,hyjal,575,hunter,survival,18,6,12
Whyareurunin,silvermoon,575,hunter,survival,24,6,18
Mufassa,sinstralis,574,hunter,survival,12,6,6
Васябицепс,howling-fjord,574,hunter,survival,18,6,12
Vuloshi,twisting-nether,573,hunter,survival,18,6,12
Shanè,blackrock,557,hunter,survival,17,6,11
Mâjôô,blackhand,544,hunter,survival,10,6,4
Боцекабузер,galakrond,543,hunter,survival,11,6,5
Chillibetv,blackrock,543,hunter,survival,16,7,9
Abeji,malygos,543,hunter,survival,17,6,11
Reðrighthånð,throkferoth,528,hunter,survival,9,6,3
Hyparion,kazzak,527,hunter,survival,11,6,5
Yvenne,uldaman,525,hunter,survival,11,6,5
Aequitaz,blackhand,511,hunter,survival,20,6,14
Хантвкроксах,gordunni,496,hunter,survival,13,6,7
Dheredre,silvermoon,480,hunter,survival,6,5,1
Deek,ysera,480,hunter,survival,6,5,1
Alohunt,archimonde,480,hunter,survival,6,5,1
Lísy,hyjal,480,hunter,survival,6,5,1
Забзаб,soulflayer,480,hunter,survival,6,5,1
Mòzetónq,ravencrest,480,hunter,survival,6,5,1
Sebikh,ravencrest,480,hunter,survival,6,5,1
Smellygroin,darksorrow,480,hunter,survival,6,5,1
Jelibon,ragnaros,480,hunter,survival,6,5,1
Glama,archimonde,480,hunter,survival,6,5,1
Vilopez,arthas,480,hunter,survival,6,5,1
Musen,draenor,480,hunter,survival,6,5,1
Acefyre,sylvanas,480,hunter,survival,12,5,7
Jäegr,hyjal,480,hunter,survival,12,5,7
Doloresman,tarren-mill,480,hunter,survival,12,5,7
Эвилтар,soulflayer,480,hunter,survival,12,5,7
Oof,lightnings-blade,480,hunter,survival,12,5,7
Варкраб,blackscar,480,hunter,survival,12,5,7
Discoråttan,stormscale,480,hunter,survival,12,5,7
Вкинулматрас,gordunni,480,hunter,survival,12,5,7
Ранкон,lich-king,480,hunter,survival,12,5,7
Yakayoshi,kazzak,480,hunter,survival,12,5,7
Grusijohn,executus,480,hunter,survival,12,5,7
Horku,kazzak,480,hunter,survival,12,5,7
Cyhi,ravencrest,480,hunter,survival,12,5,7
Madtony,aegwynn,480,hunter,survival,12,5,7
Caìuz,pozzo-delleternità,480,hunter,survival,12,5,7
Abeba,grim-batol,480,hunter,survival,12,5,7
Moscowmule,tarren-mill,480,hunter,survival,12,5,7
Baconflips,ravencrest,480,hunter,survival,12,5,7
Unferth,the-venture-co,480,hunter,survival,12,5,7
Hunterado,burning-legion,480,hunter,survival,12,5,7
Coopatron,silvermoon,480,hunter,survival,12,5,7
Ormassey,drakthul,480,hunter,survival,12,5,7
Noneedtotrap,darksorrow,480,hunter,survival,12,5,7
Аскентр,gordunni,480,hunter,survival,12,5,7
Vypaz,twisting-nether,480,hunter,survival,12,5,7
Ðîe,ysondre,480,hunter,survival,12,5,7
Мэйвиан,gordunni,480,hunter,survival,12,5,7
Solotrap,kazzak,480,hunter,survival,12,5,7
Ector,silvermoon,480,hunter,survival,18,5,13
Sharpeyezz,ravencrest,480,hunter,survival,18,5,13
Beletor,medivh,480,hunter,survival,18,5,13
Дэнитрехо,soulflayer,480,hunter,survival,24,5,19
Badboyxoxo,stormscale,479,hunter,survival,6,5,1
Zireal,pozzo-delleternità,479,hunter,survival,6,5,1
Daltyr,ravencrest,479,hunter,survival,12,5,7
Cazados,shendralar,479,hunter,survival,16,6,10
Marvii,drakthul,479,hunter,survival,18,5,13
Grufflin,bronzebeard,479,hunter,survival,18,5,13
Сногивкабину,soulflayer,479,hunter,survival,18,5,13
Mahemi,mazrigos,478,hunter,survival,24,5,19
Jabela,eredar,447,hunter,survival,11,5,6
Axiøs,thrall,431,hunter,survival,11,5,6
Azuren,twisting-nether,430,hunter,survival,11,5,6
Nektard,ravencrest,425,hunter,survival,14,6,8
Nillaxy,blackmoore,384,hunter,survival,6,4,2
Nyxìa,shattered-halls,384,hunter,survival,6,4,2
Nomorex,frostwhisper,384,hunter,survival,6,4,2
Kàisèr,shendralar,384,hunter,survival,6,4,2
Giggiwho,malganis,384,hunter,survival,6,4,2
Cinnè,frostwolf,384,hunter,survival,6,4,2
Gogolehunt,archimonde,384,hunter,survival,6,4,2
Chrønôs,archimonde,384,hunter,survival,6,4,2
Vádîazmeý,twisting-nether,384,hunter,survival,6,4,2
Trapandstun,aszune,384,hunter,survival,6,4,2
Henario,ravencrest,384,hunter,survival,6,4,2
Trappewpew,blackmoore,384,hunter,survival,6,4,2
Shøt,stormreaver,384,hunter,survival,6,4,2
Blhunt,magtheridon,384,hunter,survival,6,4,2
Djøgi,archimonde,384,hunter,survival,6,4,2
Youngbepse,blackrock,384,hunter,survival,6,4,2
Ilørell,archimonde,384,hunter,survival,6,4,2
Murotar,dalaran,384,hunter,survival,6,4,2
Куфа,blackscar,384,hunter,survival,6,4,2
Bubboo,dun-modr,384,hunter,survival,6,4,2
Nazona,blackmoore,384,hunter,survival,6,4,2
Lilsnuss,outland,384,hunter,survival,6,4,2
Twitche,ravencrest,384,hunter,survival,6,4,2
Repap,defias-brotherhood,384,hunter,survival,6,4,2
Bièretrand,les-clairvoyants,384,hunter,survival,6,4,2
Thresha,ravenholdt,384,hunter,survival,6,4,2
Tyràél,mugthol,384,hunter,survival,6,4,2
Ледо,deathguard,384,hunter,survival,6,4,2
Techpoint,silvermoon,384,hunter,survival,6,4,2
Shenra,argent-dawn,384,hunter,survival,6,4,2
Speartusk,blackhand,384,hunter,survival,6,4,2
Fyrya,ravencrest,384,hunter,survival,6,4,2
Oldlynx,ravencrest,384,hunter,survival,6,4,2
Mooj,malganis,384,hunter,survival,6,4,2
Virzion,silvermoon,384,hunter,survival,6,4,2
Shubou,silvermoon,384,hunter,survival,6,4,2
Abgeherjoe,antonidas,384,hunter,survival,12,4,8
Fíwhale,tarren-mill,384,hunter,survival,12,4,8
Magicnanø,nemesis,384,hunter,survival,12,4,8
Хикази,soulflayer,384,hunter,survival,12,4,8
Beaststeaks,thrall,384,hunter,survival,12,4,8
Salie,argent-dawn,384,hunter,survival,12,4,8
Voldagor,hyjal,384,hunter,survival,12,4,8
Dettas,silvermoon,384,hunter,survival,12,4,8
Geevhunt,hyjal,384,hunter,survival,12,4,8
Illuminate,laughing-skull,384,hunter,survival,12,4,8
Wärft,arathi,384,hunter,survival,12,4,8
Eâgleêyê,frostwolf,384,hunter,survival,12,4,8
Esperion,ragnaros,384,hunter,survival,12,4,8
Жуткойкрот,lich-king,384,hunter,survival,12,4,8
Døømslayer,nemesis,383,hunter,survival,6,4,2
Platza,ragnaros,383,hunter,survival,12,4,8
Одисенс,eversong,383,hunter,survival,12,4,8
Vhaagarr,blackmoore,351,hunter,survival,11,4,7
Thalanos,blackmoore,335,hunter,survival,11,4,7
Ghob,kazzak,330,hunter,survival,8,5,3
Эквинтия,soulflayer,319,hunter,survival,5,4,1
Sùnzí,alakir,319,hunter,survival,6,4,2
Джулибуба,howling-fjord,304,hunter,survival,7,4,3
Velrhegal,tarren-mill,304,hunter,survival,13,4,9
Crispystix,draenor,288,hunter,survival,6,3,3
Rákthar,blackmoore,288,hunter,survival,6,3,3
Monnezzus,nemesis,288,hunter,survival,6,3,3
Jäegarn,ravencrest,288,hunter,survival,6,3,3
Suetøløgx,shadowsong,288,hunter,survival,6,3,3
Нойран,eversong,288,hunter,survival,6,3,3
Himatoumi,elune,288,hunter,survival,6,3,3
Deskö,shendralar,288,hunter,survival,6,3,3
Goblinstyle,kazzak,288,hunter,survival,6,3,3
Oneeyedjoe,the-maelstrom,288,hunter,survival,6,3,3
Hræsvëlg,archimonde,288,hunter,survival,6,3,3
Myoui,silvermoon,288,hunter,survival,6,3,3
Faccacamoale,twisting-nether,288,hunter,survival,6,3,3
Kapowz,kazzak,288,hunter,survival,6,3,3
Assaultrifle,frostmane,288,hunter,survival,6,3,3
Grippage,draenor,288,hunter,survival,6,3,3
Jwishrankone,outland,288,hunter,survival,6,3,3
Рэкрэйван,gordunni,288,hunter,survival,6,3,3
Tràpz,archimonde,288,hunter,survival,6,3,3
Hépheistos,kelthuzad,288,hunter,survival,6,3,3
Natheldir,silvermoon,288,hunter,survival,6,3,3
Psychadelic,chamber-of-aspects,288,hunter,survival,6,3,3
Arrowknee,outland,288,hunter,survival,6,3,3
Aidsmacka,shattered-hand,288,hunter,survival,6,3,3
Kabedon,drakthul,288,hunter,survival,6,3,3
Veganmuscles,madmortem,288,hunter,survival,6,3,3
Prinzz,blackmoore,288,hunter,survival,6,3,3
Spakster,blackrock,288,hunter,survival,6,3,3
Loading,garrosh,288,hunter,survival,6,3,3
Unöhänä,archimonde,288,hunter,survival,6,3,3
Kissnodig,outland,288,hunter,survival,6,3,3
Zwergjäger,aegwynn,288,hunter,survival,6,3,3
Паркх,soulflayer,288,hunter,survival,6,3,3
Fjarla,aegwynn,288,hunter,survival,6,3,3
Bubby,burning-legion,288,hunter,survival,6,3,3
Engetsu,drakthul,288,hunter,survival,6,3,3
Eazzyy,auchindoun,288,hunter,survival,6,3,3
Buekåre,outland,288,hunter,survival,6,3,3
Lightxyz,ravencrest,288,hunter,survival,6,3,3
Friendlyone,quelthalas,288,hunter,survival,6,3,3
Sworra,silvermoon,288,hunter,survival,6,3,3
Daddytrap,burning-legion,288,hunter,survival,6,3,3
Ремонтлицаа,gordunni,288,hunter,survival,6,3,3
Likandria,blackmoore,288,hunter,survival,6,3,3
Simppeli,sylvanas,288,hunter,survival,6,3,3
Kleiar,dun-modr,288,hunter,survival,6,3,3
Jorhan,ravencrest,288,hunter,survival,6,3,3
Helvetiya,sylvanas,288,hunter,survival,6,3,3
Jayquillen,sylvanas,288,hunter,survival,6,3,3
Aella,thrall,288,hunter,survival,12,3,9
Àfpro,hyjal,288,hunter,survival,12,3,9
Nestór,todeswache,288,hunter,survival,12,3,9
Bláckthorn,ravencrest,288,hunter,survival,12,3,9
Cryts,dun-modr,288,hunter,survival,12,3,9
Karasana,earthen-ring,288,hunter,survival,12,3,9
Wolfína,drakthul,288,hunter,survival,12,3,9
Шмалетар,gordunni,288,hunter,survival,12,3,9
Amyst,senjin,288,hunter,survival,12,3,9
Bigfoot,argent-dawn,288,hunter,survival,12,3,9
Aleenya,dalaran,288,hunter,survival,12,3,9
Lezigoulleur,marécage-de-zangar,287,hunter,survival,6,3,3
Charlet,archimonde,287,hunter,survival,6,3,3
Trabucones,sanguino,287,hunter,survival,12,3,9
Arkeye,draenor,271,hunter,survival,11,3,8
Twinkhunter,pozzo-delleternità,256,hunter,survival,10,3,7
Jacobszy,outland,255,hunter,survival,8,4,4
Fãdê,ravencrest,255,hunter,survival,8,4,4
Beersalma,arathor,239,hunter,survival,5,3,2
Дочьпескова,gordunni,239,hunter,survival,5,3,2
Bowtreat,aggramar,239,hunter,survival,5,3,2
Jeanpisse,hyjal,239,hunter,survival,5,3,2
Arrowboss,kazzak,239,hunter,survival,5,3,2
Sizemattersx,kazzak,239,hunter,survival,11,3,8
Gharzok,blackrock,234,hunter,survival,8,4,4
Himpy,twisting-nether,234,hunter,survival,14,4,10
Adram,burning-legion,192,hunter,survival,6,2,4
Неужто,deathguard,192,hunter,survival,6,2,4
Орталиус,deathguard,192,hunter,survival,6,2,4
Jarekk,auchindoun,192,hunter,survival,6,2,4
Zøøkëëper,silvermoon,192,hunter,survival,6,2,4
Sakaryali,silvermoon,192,hunter,survival,6,2,4
Eromoar,outland,192,hunter,survival,6,2,4
Malover,ravencrest,192,hunter,survival,6,2,4
Roscke,drakthul,192,hunter,survival,6,2,4
Buoma,kazzak,192,hunter,survival,6,2,4
Lithell,kazzak,192,hunter,survival,6,2,4
Ammò,kazzak,192,hunter,survival,6,2,4
Афганыч,soulflayer,192,hunter,survival,6,2,4
Yezzu,sylvanas,192,hunter,survival,6,2,4
Rølyn,hyjal,192,hunter,survival,6,2,4
Flexifys,tarren-mill,192,hunter,survival,6,2,4
Gynax,hyjal,192,hunter,survival,6,2,4
Robosexual,ravencrest,192,hunter,survival,6,2,4
Draugrinnh,tarren-mill,192,hunter,survival,6,2,4
Valtondre,argent-dawn,192,hunter,survival,6,2,4
Twobuttngodx,blackrock,192,hunter,survival,6,2,4
Brindefolìe,archimonde,192,hunter,survival,6,2,4
Grundibg,chamber-of-aspects,192,hunter,survival,6,2,4
Наладдчик,howling-fjord,192,hunter,survival,6,2,4
Bèâr,stormscale,192,hunter,survival,6,2,4
Yopps,draenor,192,hunter,survival,6,2,4
Steffxd,twisting-nether,192,hunter,survival,6,2,4
Тандеркейдж,gordunni,192,hunter,survival,6,2,4
Daarkkhunter,twisting-nether,192,hunter,survival,6,2,4
Xaotsu,ravencrest,192,hunter,survival,6,2,4
Gerzyy,drakthul,192,hunter,survival,6,2,4
Evazeonhunt,antonidas,192,hunter,survival,6,2,4
Milkyway,jaedenar,192,hunter,survival,6,2,4
Akhtabot,twisting-nether,192,hunter,survival,6,2,4
Ilòóll,veknilash,192,hunter,survival,6,2,4
Aggrobatics,blackmoore,192,hunter,survival,6,2,4
Honeytrap,blackmoore,192,hunter,survival,6,2,4
Vasco,chogall,192,hunter,survival,6,2,4
Kinaou,sargeras,192,hunter,survival,6,2,4
Tdapills,sanguino,192,hunter,survival,6,2,4
Nýka,sanguino,192,hunter,survival,6,2,4
Fajitax,lightbringer,192,hunter,survival,6,2,4
Keinzira,hyjal,192,hunter,survival,12,2,10
Ecthelione,the-venture-co,192,hunter,survival,12,2,10
Réja,norgannon,192,hunter,survival,12,2,10
Haskeer,shattrath,192,hunter,survival,12,2,10
Блоуйоэсс,howling-fjord,192,hunter,survival,12,2,10
Zéros,argent-dawn,192,hunter,survival,12,2,10
Sixty,rajaxx,192,hunter,survival,18,2,16
Bélier,hyjal,191,hunter,survival,6,2,4
Akibane,blackmoore,159,hunter,survival,8,3,5
Rdwlf,draenor,138,hunter,survival,8,3,5
Ryztik,garona,96,hunter,survival,6,1,5
Leaxs,onyxia,96,hunter,survival,6,1,5
Куоль,gordunni,96,hunter,survival,6,1,5
Fantus,sylvanas,96,hunter,survival,6,1,5
Grollar,ragnaros,96,hunter,survival,6,1,5
Supcuz,stormscale,96,hunter,survival,6,1,5
Escaflôwn,aegwynn,96,hunter,survival,6,1,5
Серомиг,eversong,96,hunter,survival,6,1,5
Барановируса,soulflayer,96,hunter,survival,6,1,5
Panzershot,hyjal,96,hunter,survival,6,1,5
Leviáckerman,ravencrest,96,hunter,survival,6,1,5
Gyurkicz,hyjal,96,hunter,survival,6,1,5
Hekyna,ravencrest,96,hunter,survival,6,1,5
Хипстеркотик,gordunni,96,hunter,survival,6,1,5
Illnysa,silvermoon,96,hunter,survival,6,1,5
Aimywinehaus,drakthul,96,hunter,survival,6,1,5
Stirea,alakir,96,hunter,survival,6,1,5
Lowfet,neptulon,96,hunter,survival,6,1,5
Durion,tichondrius,96,hunter,survival,6,1,5
Zynga,sylvanas,96,hunter,survival,6,1,5
Zárnah,defias-brotherhood,96,hunter,survival,6,1,5
Katzchen,burning-legion,96,hunter,survival,6,1,5
Zuggi,defias-brotherhood,96,hunter,survival,6,1,5
Liljan,kult-der-verdammten,96,hunter,survival,6,1,5
Nixerious,alakir,96,hunter,survival,6,1,5
Раелиин,gordunni,96,hunter,survival,6,1,5
Saksa,blackrock,96,hunter,survival,6,1,5
Эннабонни,gordunni,79,hunter,survival,5,1,4
Рангмар,howling-fjord,79,hunter,survival,5,1,4
Mariabanks,aegwynn,2251,hunter,beastmastery,228,120,108
Hypse,kazzak,2185,hunter,beastmastery,268,134,134
Brokeasalwys,ravencrest,2164,hunter,beastmastery,84,46,38
Cbã,ravencrest,2156,hunter,beastmastery,60,32,28
Куфа,blackscar,2132,hunter,beastmastery,54,32,22
Nelida,ragnaros,2105,hunter,beastmastery,60,32,28
Noorky,kazzak,2093,hunter,beastmastery,78,43,35
Eldrekou,kazzak,2045,hunter,beastmastery,96,53,43
Plugonbaby,hyjal,2035,hunter,beastmastery,77,37,40
Kfcmanagerx,silvermoon,2024,hunter,beastmastery,90,42,48
Mekerosh,burning-legion,2017,hunter,beastmastery,76,38,38
Truejkee,silvermoon,2014,hunter,beastmastery,137,72,65
Jambomambo,twisting-nether,2008,hunter,beastmastery,90,46,44
Esperion,ragnaros,2007,hunter,beastmastery,138,66,72
Baltímore,stormscale,2006,hunter,beastmastery,77,35,42
Тружка,soulflayer,2000,hunter,beastmastery,96,44,52
Luzivarus,malganis,1993,hunter,beastmastery,83,40,43
Doghxnter,ravencrest,1989,hunter,beastmastery,60,29,31
Онкьяр,gordunni,1984,hunter,beastmastery,80,47,33
Берх,gordunni,1984,hunter,beastmastery,148,72,76
Gernoqz,frostwolf,1973,hunter,beastmastery,107,51,56
Ynv,argent-dawn,1956,hunter,beastmastery,134,69,65
Nivshot,kazzak,1950,hunter,beastmastery,54,31,23
Kachaxa,kazzak,1947,hunter,beastmastery,81,38,43
Sipsomewater,ravencrest,1943,hunter,beastmastery,69,36,33
Zyphx,der-rat-von-dalaran,1935,hunter,beastmastery,146,68,78
Sukzess,antonidas,1934,hunter,beastmastery,66,34,32
Баянист,soulflayer,1933,hunter,beastmastery,114,56,58
Teals,blackrock,1921,hunter,beastmastery,117,60,57
Odeôn,twisting-nether,1921,hunter,beastmastery,65,27,38
Мираклдримз,gordunni,1919,hunter,beastmastery,72,38,34
Feevah,frostmane,1916,hunter,beastmastery,278,139,139
Roarmantic,blackrock,1915,hunter,beastmastery,66,31,35
Rákthar,blackmoore,1911,hunter,beastmastery,96,49,47
Rndhunt,shattrath,1911,hunter,beastmastery,84,41,43
Fãdê,ravencrest,1909,hunter,beastmastery,90,55,35
Safnirx,tarren-mill,1908,hunter,beastmastery,72,32,40
Trend,silvermoon,1907,hunter,beastmastery,213,105,108
Aimshots,twisting-nether,1906,hunter,beastmastery,66,36,30
Ataxyz,draenor,1906,hunter,beastmastery,60,30,30
Экономист,fordragon,1905,hunter,beastmastery,60,37,23
Libanais,archimonde,1905,hunter,beastmastery,251,119,132
Беби,gordunni,1901,hunter,beastmastery,66,31,35
Thing,kazzak,1900,hunter,beastmastery,36,21,15
Easyclass,hyjal,1898,hunter,beastmastery,152,90,62
Trapgoddxx,archimonde,1894,hunter,beastmastery,65,44,21
Expiraa,twisting-nether,1894,hunter,beastmastery,60,32,28
Гринмех,gordunni,1893,hunter,beastmastery,66,35,31
Tagz,ravencrest,1887,hunter,beastmastery,60,29,31
Winiswin,stormscale,1884,hunter,beastmastery,101,47,54
Luzivar,malganis,1879,hunter,beastmastery,77,33,44
Blackszpak,jaedenar,1876,hunter,beastmastery,42,23,19
Snarthelg,tarren-mill,1874,hunter,beastmastery,60,32,28
Евилик,gordunni,1870,hunter,beastmastery,66,31,35
Pussirotta,stormreaver,1869,hunter,beastmastery,60,30,30
Jàsøn,ravencrest,1867,hunter,beastmastery,72,33,39
Phesx,sylvanas,1865,hunter,beastmastery,54,27,27
Биско,gordunni,1865,hunter,beastmastery,144,71,73
Ígrågøßñø,silvermoon,1864,hunter,beastmastery,44,30,14
Breezme,twisting-nether,1864,hunter,beastmastery,72,33,39
Raawy,blackmoore,1862,hunter,beastmastery,30,24,6
Hanuong,ragnaros,1862,hunter,beastmastery,36,20,16
Moscowmule,tarren-mill,1859,hunter,beastmastery,59,29,30
Krampack,dun-modr,1858,hunter,beastmastery,54,31,23
Draxil,archimonde,1855,hunter,beastmastery,54,24,30
Найстити,deathguard,1854,hunter,beastmastery,66,31,35
Imcuteandfun,ravencrest,1852,hunter,beastmastery,117,60,57
Nexztwo,blackrock,1852,hunter,beastmastery,69,33,36
Samanou,kazzak,1851,hunter,beastmastery,94,45,49
Chillbroo,twisting-nether,1851,hunter,beastmastery,71,33,38
Jägarnmt,twisting-nether,1848,hunter,beastmastery,77,33,44
Âmalphy,ravencrest,1846,hunter,beastmastery,47,23,24
Дианнесса,howling-fjord,1845,hunter,beastmastery,83,40,43
Колякилшот,gordunni,1844,hunter,beastmastery,60,29,31
Kondy,twisting-nether,1843,hunter,beastmastery,43,29,14
Nyzuri,die-aldor,1843,hunter,beastmastery,54,26,28
Priceqtxd,ravencrest,1840,hunter,beastmastery,139,84,55
Scrubbi,destromath,1840,hunter,beastmastery,59,30,29
Wilfyre,twisting-nether,1840,hunter,beastmastery,75,36,39
Лесбиянюсь,gordunni,1838,hunter,beastmastery,60,43,17
Thogel,hyjal,1838,hunter,beastmastery,72,33,39
Dheredre,silvermoon,1835,hunter,beastmastery,48,27,21
Miløø,silvermoon,1835,hunter,beastmastery,48,26,22
Eazzyy,auchindoun,1835,hunter,beastmastery,105,53,52
Manj,blackhand,1835,hunter,beastmastery,65,32,33
Hlogic,tarren-mill,1834,hunter,beastmastery,108,51,57
Kabaro,rajaxx,1830,hunter,beastmastery,60,27,33
Рагнарианх,gordunni,1829,hunter,beastmastery,105,48,57
Кразайс,ashenvale,1829,hunter,beastmastery,91,39,52
Diktatos,kazzak,1828,hunter,beastmastery,64,31,33
Bilbohunter,draenor,1825,hunter,beastmastery,48,27,21
Горгонт,blackscar,1825,hunter,beastmastery,47,25,22
Saggymilkies,outland,1825,hunter,beastmastery,72,33,39
Mottorhead,kazzak,1823,hunter,beastmastery,45,30,15
Burninghunt,ravencrest,1822,hunter,beastmastery,60,32,28
Wêskêr,tarren-mill,1821,hunter,beastmastery,66,31,35
Куроните,howling-fjord,1820,hunter,beastmastery,48,27,21
Bynen,tarren-mill,1819,hunter,beastmastery,77,33,44
Шергала,soulflayer,1818,hunter,beastmastery,298,147,151
Omegakek,madmortem,1817,hunter,beastmastery,85,45,40
Jawox,antonidas,1817,hunter,beastmastery,60,27,33
Wiffed,tarren-mill,1816,hunter,beastmastery,36,24,12
Brokenpetman,defias-brotherhood,1816,hunter,beastmastery,36,22,14
Haltrâdar,archimonde,1816,hunter,beastmastery,69,35,34
Ryxzn,eredar,1816,hunter,beastmastery,60,26,34
Bíllybobbs,argent-dawn,1815,hunter,beastmastery,36,19,17
Badboybørge,draenor,1815,hunter,beastmastery,42,22,20
Пожилойпупь,soulflayer,1815,hunter,beastmastery,66,32,34
Ooh,doomhammer,1815,hunter,beastmastery,120,56,64
Jabela,eredar,1814,hunter,beastmastery,53,39,14
Cor,ravencrest,1814,hunter,beastmastery,113,54,59
Лордсахарок,gordunni,1814,hunter,beastmastery,90,40,50
Alpharaven,ravencrest,1812,hunter,beastmastery,60,31,29
Dréws,kazzak,1811,hunter,beastmastery,58,26,32
Shroomynuts,kazzak,1810,hunter,beastmastery,114,68,46
Марчик,blackscar,1810,hunter,beastmastery,42,19,23
Mòzetonq,ravencrest,1809,hunter,beastmastery,42,22,20
Corossity,blackmoore,1808,hunter,beastmastery,30,19,11
Hiddenx,blackmoore,1808,hunter,beastmastery,42,21,21
Sparcùs,stormreaver,1807,hunter,beastmastery,140,79,61
Bøgs,the-maelstrom,1807,hunter,beastmastery,42,22,20
Поппишот,blackscar,1806,hunter,beastmastery,36,19,17
Цитрукс,gordunni,1806,hunter,beastmastery,90,47,43
Huntchonk,kazzak,1806,hunter,beastmastery,53,27,26
Spirys,drakthul,1806,hunter,beastmastery,47,20,27
Hugø,twisting-nether,1806,hunter,beastmastery,90,36,54
Dogetrainer,silvermoon,1805,hunter,beastmastery,181,92,89
Hacz,bronzebeard,1804,hunter,beastmastery,138,70,68
Lysanhunt,zuljin,1804,hunter,beastmastery,54,27,27
Crippa,tarren-mill,1803,hunter,beastmastery,54,28,26
Играсломана,howling-fjord,1802,hunter,beastmastery,54,36,18
Трапгодикс,eversong,1800,hunter,beastmastery,176,95,81
Qtìp,aegwynn,1798,hunter,beastmastery,89,42,47
Fluphy,thrall,1794,hunter,beastmastery,76,44,32
Sekzpitch,blackmoore,1790,hunter,beastmastery,48,24,24
Пивопьюня,ashenvale,1790,hunter,beastmastery,71,34,37
Izmad,archimonde,1789,hunter,beastmastery,287,159,128
Smhx,stormscale,1788,hunter,beastmastery,30,21,9
Wodhunterxdd,outland,1788,hunter,beastmastery,53,25,28
Appirc,tarren-mill,1785,hunter,beastmastery,48,24,24
Twineyes,ravencrest,1784,hunter,beastmastery,136,65,71
Deathcode,stormscale,1784,hunter,beastmastery,66,27,39
Gaeln,outland,1782,hunter,beastmastery,186,89,97
Wîldhunt,burning-legion,1781,hunter,beastmastery,161,76,85
Jamesyy,ravencrest,1776,hunter,beastmastery,60,28,32
Babýrage,twisting-nether,1774,hunter,beastmastery,42,21,21
Gucçi,kazzak,1773,hunter,beastmastery,73,42,31
Orcji,blackhand,1772,hunter,beastmastery,101,49,52
Miraculous,dalaran,1772,hunter,beastmastery,45,20,25
Fatmum,magtheridon,1770,hunter,beastmastery,57,32,25
Silverwolfa,dun-modr,1770,hunter,beastmastery,81,43,38
Irefutabil,stormscale,1770,hunter,beastmastery,66,28,38
Erethrus,ravencrest,1769,hunter,beastmastery,48,19,29
Вождь,howling-fjord,1768,hunter,beastmastery,59,29,30
Fanjah,sylvanas,1767,hunter,beastmastery,63,36,27
Amyndôr,ravencrest,1767,hunter,beastmastery,48,27,21
Pryse,hyjal,1767,hunter,beastmastery,42,21,21
Fullxtrap,hyjal,1763,hunter,beastmastery,41,19,22
Jamzyhunter,emerald-dream,1762,hunter,beastmastery,48,24,24
Скадхи,blackscar,1762,hunter,beastmastery,88,42,46
Dafhel,hyjal,1762,hunter,beastmastery,95,44,51
Grynu,kazzak,1761,hunter,beastmastery,72,31,41
Nimhunt,dentarg,1759,hunter,beastmastery,65,29,36
Futureman,blackrock,1758,hunter,beastmastery,54,31,23
Ruffixvs,blackrock,1756,hunter,beastmastery,35,19,16
Balthazzarxx,ravencrest,1756,hunter,beastmastery,53,26,27
Порошокк,gordunni,1756,hunter,beastmastery,69,29,40
Мэлвиса,borean-tundra,1754,hunter,beastmastery,90,50,40
Pawzz,kazzak,1750,hunter,beastmastery,60,29,31
Ilovemax,archimonde,1750,hunter,beastmastery,46,20,26
Painaldeepz,stormscale,1748,hunter,beastmastery,42,24,18
Такувами,gordunni,1746,hunter,beastmastery,90,35,55
Dìgítal,twisting-nether,1745,hunter,beastmastery,83,40,43
Мориартис,ashenvale,1744,hunter,beastmastery,83,43,40
Åsynåmvp,twisting-nether,1742,hunter,beastmastery,65,29,36
Блэкстейдж,howling-fjord,1741,hunter,beastmastery,135,74,61
Chúx,twisting-nether,1741,hunter,beastmastery,90,49,41
Carioca,blackhand,1741,hunter,beastmastery,66,30,36
Антошадпс,gordunni,1739,hunter,beastmastery,48,29,19
Treaz,sanguino,1739,hunter,beastmastery,66,33,33
Tyranski,ravencrest,1738,hunter,beastmastery,75,40,35
Stingsz,chogall,1733,hunter,beastmastery,64,25,39
Lofiel,blackrock,1732,hunter,beastmastery,92,50,42
Nèxz,blackrock,1732,hunter,beastmastery,77,33,44
Pewpewshotz,stormscale,1731,hunter,beastmastery,168,86,82
Каоссхант,howling-fjord,1728,hunter,beastmastery,47,29,18
Parhainkoira,argent-dawn,1728,hunter,beastmastery,78,45,33
Irefutabilâ,outland,1727,hunter,beastmastery,132,62,70
Valkrys,die-aldor,1726,hunter,beastmastery,70,35,35
Duppdupp,eredar,1726,hunter,beastmastery,84,38,46
Oldbear,frostmane,1725,hunter,beastmastery,70,38,32
Riflur,stormscale,1725,hunter,beastmastery,72,35,37
Ashily,blackhand,1725,hunter,beastmastery,56,27,29
Дэнвин,deathweaver,1723,hunter,beastmastery,153,77,76
Guccihuntlol,ravencrest,1723,hunter,beastmastery,62,30,32
Darksmoke,forscherliga,1722,hunter,beastmastery,30,19,11
Lsa,kazzak,1722,hunter,beastmastery,59,28,31
Misstrap,nemesis,1722,hunter,beastmastery,60,28,32
Mtrider,twisting-nether,1721,hunter,beastmastery,105,50,55
Ericspet,stormscale,1717,hunter,beastmastery,48,32,16
Laserkamel,aegwynn,1716,hunter,beastmastery,24,18,6
Адыгах,blackscar,1716,hunter,beastmastery,49,30,19
Вееном,gordunni,1715,hunter,beastmastery,36,19,17
Дашатрирубля,soulflayer,1715,hunter,beastmastery,42,21,21
Фираналь,blackscar,1715,hunter,beastmastery,81,40,41
Ayiu,argent-dawn,1713,hunter,beastmastery,36,18,18
Noversia,aegwynn,1710,hunter,beastmastery,123,59,64
Jägarntwo,stormscale,1710,hunter,beastmastery,51,20,31
Petshopgirl,ravencrest,1709,hunter,beastmastery,30,18,12
Mogwai,stormscale,1709,hunter,beastmastery,42,18,24
Impxgodx,outland,1704,hunter,beastmastery,51,24,27
Dmanite,ravencrest,1703,hunter,beastmastery,96,53,43
Kestlér,twisting-nether,1703,hunter,beastmastery,72,30,42
Unßørn,archimonde,1702,hunter,beastmastery,96,38,58
Vilopez,arthas,1701,hunter,beastmastery,24,20,4
Jungletime,outland,1701,hunter,beastmastery,30,18,12
Nollieflip,stormscale,1700,hunter,beastmastery,90,53,37
Kafkules,outland,1700,hunter,beastmastery,137,78,59
Vrikenh,tarren-mill,1699,hunter,beastmastery,91,55,36
Shinkichi,archimonde,1699,hunter,beastmastery,30,18,12
Elamondria,outland,1699,hunter,beastmastery,72,42,30
Sznxøxo,ravencrest,1699,hunter,beastmastery,54,29,25
Каосси,gordunni,1697,hunter,beastmastery,49,24,25
Pkz,dun-modr,1696,hunter,beastmastery,87,36,51
Bluefluclue,draenor,1696,hunter,beastmastery,74,30,44
Гигапупсх,howling-fjord,1695,hunter,beastmastery,149,85,64
Nystaleoss,grim-batol,1695,hunter,beastmastery,255,123,132
Merquryh,ravencrest,1693,hunter,beastmastery,48,27,21
Naraxis,blackrock,1692,hunter,beastmastery,54,27,27
Idtrapthat,nagrand,1692,hunter,beastmastery,78,37,41
Fize,blackmoore,1692,hunter,beastmastery,77,36,41
Séyena,outland,1692,hunter,beastmastery,54,22,32
Krix,ragnaros,1691,hunter,beastmastery,54,34,20
Пихпахах,gordunni,1691,hunter,beastmastery,82,43,39
Paimen,darksorrow,1690,hunter,beastmastery,96,54,42
Pëâcêßß,outland,1688,hunter,beastmastery,36,21,15
Letsrock,outland,1682,hunter,beastmastery,33,20,13
Liquidhunter,quelthalas,1681,hunter,beastmastery,42,25,17
Poupoune,uldum,1680,hunter,beastmastery,48,24,24
Забзаб,soulflayer,1680,hunter,beastmastery,63,31,32
Nestór,todeswache,1678,hunter,beastmastery,47,28,19
Sïmc,archimonde,1678,hunter,beastmastery,102,55,47
Erilis,twisting-nether,1676,hunter,beastmastery,37,22,15
Ingvi,antonidas,1676,hunter,beastmastery,100,47,53
Hawkeyé,forscherliga,1675,hunter,beastmastery,119,50,69
Murtagh,khaz-modan,1674,hunter,beastmastery,36,20,16
Spinella,antonidas,1674,hunter,beastmastery,84,43,41
Galileo,sanguino,1674,hunter,beastmastery,62,29,33
Raindra,twisting-nether,1672,hunter,beastmastery,42,20,22
Father,auchindoun,1670,hunter,beastmastery,77,39,38
Lobo,kazzak,1670,hunter,beastmastery,60,24,36
Techpøint,silvermoon,1669,hunter,beastmastery,35,18,17
Kachaxaa,ravencrest,1669,hunter,beastmastery,52,23,29
Spider,zuljin,1666,hunter,beastmastery,36,22,14
Zubro,kazzak,1666,hunter,beastmastery,60,31,29
Kamar,archimonde,1665,hunter,beastmastery,60,39,21
Triggaz,stormscale,1665,hunter,beastmastery,216,109,107
Zanpa,archimonde,1663,hunter,beastmastery,122,56,66
Ysina,arathi,1660,hunter,beastmastery,42,20,22
Trenesta,tarren-mill,1659,hunter,beastmastery,34,18,16
Крайдершот,howling-fjord,1659,hunter,beastmastery,41,21,20
Næmes,hyjal,1659,hunter,beastmastery,48,22,26
Pérnix,tarren-mill,1657,hunter,beastmastery,30,18,12
Hîldegard,todeswache,1657,hunter,beastmastery,47,23,24
Klausmanne,blackrock,1657,hunter,beastmastery,164,75,89
Anklar,blackrock,1657,hunter,beastmastery,53,24,29
Dragosvis,arathor,1656,hunter,beastmastery,30,20,10
Хантунец,soulflayer,1654,hunter,beastmastery,48,27,21
Cnby,stormscale,1652,hunter,beastmastery,43,26,17
Meghanmarkle,tarren-mill,1650,hunter,beastmastery,52,26,26
Vajraw,blackrock,1648,hunter,beastmastery,159,77,82
Ansâvage,ravencrest,1648,hunter,beastmastery,60,24,36
Røzy,twisting-nether,1647,hunter,beastmastery,48,35,13
Thogelle,hyjal,1646,hunter,beastmastery,54,25,29
Oldcocknbals,silvermoon,1645,hunter,beastmastery,100,54,46
Nîøssx,blackrock,1644,hunter,beastmastery,53,28,25
Jêsslíne,ravencrest,1644,hunter,beastmastery,42,21,21
Nkdchef,outland,1642,hunter,beastmastery,54,29,25
Infléx,silvermoon,1642,hunter,beastmastery,65,34,31
Astari,outland,1641,hunter,beastmastery,48,21,27
Смертонносна,lich-king,1641,hunter,beastmastery,71,30,41
Rynx,hellfire,1640,hunter,beastmastery,60,28,32
Askaway,sylvanas,1639,hunter,beastmastery,42,31,11
Povish,twisting-nether,1639,hunter,beastmastery,49,25,24
Kerólus,blackhand,1639,hunter,beastmastery,48,18,30
Teestylee,stormscale,1638,hunter,beastmastery,42,21,21
Traplørdx,sylvanas,1638,hunter,beastmastery,48,21,27
Drøøðqt,blackrock,1637,hunter,beastmastery,60,31,29
Ætå,blackmoore,1637,hunter,beastmastery,47,22,25
Coltan,nemesis,1636,hunter,beastmastery,54,19,35
Akaris,archimonde,1635,hunter,beastmastery,78,35,43
Yolofant,blackhand,1634,hunter,beastmastery,36,22,14
Wlâd,archimonde,1634,hunter,beastmastery,35,21,14
Hultasy,outland,1634,hunter,beastmastery,134,67,67
Bebiyo,sanguino,1631,hunter,beastmastery,94,45,49
Horhyndan,ragnaros,1631,hunter,beastmastery,51,24,27
Nickyhunt,stormscale,1629,hunter,beastmastery,71,37,34
Ðesøtø,frostwolf,1628,hunter,beastmastery,66,33,33
Mânhunt,blackhand,1628,hunter,beastmastery,352,172,180
Xenvantoss,silvermoon,1627,hunter,beastmastery,30,17,13
Ðéadsøulz,stormscale,1627,hunter,beastmastery,123,64,59
Hypsenn,kazzak,1627,hunter,beastmastery,36,17,19
Trapzila,aggra-português,1626,hunter,beastmastery,90,50,40
Eggcowmeow,azjolnerub,1626,hunter,beastmastery,42,22,20
Порошокк,howling-fjord,1625,hunter,beastmastery,30,17,13
Gibiswag,outland,1625,hunter,beastmastery,36,17,19
Uglybaboon,draenor,1625,hunter,beastmastery,42,17,25
Mirmona,stormscale,1624,hunter,beastmastery,40,19,21
Lambo,laughing-skull,1624,hunter,beastmastery,36,17,19
Sayn,la-croisade-écarlate,1624,hunter,beastmastery,59,24,35
Sicktrapbtw,hyjal,1624,hunter,beastmastery,42,17,25
Solò,eredar,1623,hunter,beastmastery,30,17,13
Bebar,kazzak,1622,hunter,beastmastery,120,62,58
Índigo,kazzak,1620,hunter,beastmastery,56,30,26
Dohter,kazzak,1619,hunter,beastmastery,31,17,14
Сотк,howling-fjord,1619,hunter,beastmastery,36,19,17
Vezeka,ravencrest,1618,hunter,beastmastery,42,26,16
Vinsanity,dunemaul,1618,hunter,beastmastery,42,17,25
Djøgi,archimonde,1617,hunter,beastmastery,42,22,20
Pfizershotx,khaz-modan,1617,hunter,beastmastery,36,17,19
Notdilly,varimathras,1617,hunter,beastmastery,48,20,28
Мерзкийбот,gordunni,1616,hunter,beastmastery,42,17,25
Ганидони,soulflayer,1616,hunter,beastmastery,59,23,36
Lufreak,ravencrest,1614,hunter,beastmastery,30,23,7
Bobon,stormscale,1613,hunter,beastmastery,42,22,20
Missmytraps,ravencrest,1613,hunter,beastmastery,39,20,19
Aroeris,ravencrest,1611,hunter,beastmastery,57,32,25
Ixix,blackhand,1611,hunter,beastmastery,54,26,28
Blupo,stormscale,1610,hunter,beastmastery,109,56,53
Pekaxôxô,sanguino,1609,hunter,beastmastery,48,34,14
Denkstah,tarren-mill,1609,hunter,beastmastery,51,21,30
Nordafrøst,antonidas,1609,hunter,beastmastery,66,27,39
Eaglexx,twisting-nether,1608,hunter,beastmastery,78,39,39
Símpíng,tarren-mill,1607,hunter,beastmastery,24,17,7
Jinxpeasant,twisting-nether,1607,hunter,beastmastery,30,20,10
Nukenfoobs,draenor,1607,hunter,beastmastery,36,23,13
Axran,ravencrest,1607,hunter,beastmastery,52,23,29
Nallepuuoh,outland,1606,hunter,beastmastery,117,61,56
Jomerin,thrall,1606,hunter,beastmastery,48,20,28
Homesz,blackmoore,1605,hunter,beastmastery,36,22,14
Эвилтар,soulflayer,1605,hunter,beastmastery,66,34,32
Smegmagol,baelgun,1605,hunter,beastmastery,41,20,21
Taoshii,die-aldor,1604,hunter,beastmastery,66,36,30
Céah,blackrock,1604,hunter,beastmastery,54,28,26
Ariabeast,archimonde,1604,hunter,beastmastery,42,20,22
Zuxz,blackmoore,1604,hunter,beastmastery,66,31,35
Chasseurcool,argent-dawn,1603,hunter,beastmastery,50,28,22
Bànsundara,hyjal,1603,hunter,beastmastery,97,53,44
Cubro,sanguino,1603,hunter,beastmastery,77,42,35
Asery,blackmoore,1603,hunter,beastmastery,42,20,22
Pluttbug,xavius,1602,hunter,beastmastery,32,19,13
Hunterlolz,tarren-mill,1601,hunter,beastmastery,54,29,25
Nottberozz,silvermoon,1601,hunter,beastmastery,146,72,74
Douglas,die-silberne-hand,1601,hunter,beastmastery,36,17,19
Brisbya,khaz-modan,1600,hunter,beastmastery,29,21,8
Stickey,antonidas,1600,hunter,beastmastery,66,34,32
Gigamesh,sporeggar,1599,hunter,beastmastery,66,39,27
Dhadhar,kazzak,1599,hunter,beastmastery,107,47,60
Snaipergirl,twisting-nether,1597,hunter,beastmastery,66,30,36
Sallya,kazzak,1595,hunter,beastmastery,36,20,16
Оути,azuregos,1595,hunter,beastmastery,63,34,29
Ðrtrapx,blackmoore,1592,hunter,beastmastery,44,22,22
Memehunter,aegwynn,1591,hunter,beastmastery,66,41,25
Eagletalon,twisting-nether,1590,hunter,beastmastery,57,27,30
Зоотян,gordunni,1589,hunter,beastmastery,111,55,56
Аллони,booty-bay,1586,hunter,beastmastery,147,73,74
Акройя,gordunni,1585,hunter,beastmastery,36,20,16
Lowfet,neptulon,1585,hunter,beastmastery,144,78,66
Xxiioo,ravencrest,1583,hunter,beastmastery,85,49,36
Moistmán,kazzak,1582,hunter,beastmastery,164,81,83
Búddhá,stormscale,1581,hunter,beastmastery,186,88,98
Diapositiv,draenor,1580,hunter,beastmastery,60,33,27
Зуланария,howling-fjord,1579,hunter,beastmastery,36,23,13
Тиблэк,soulflayer,1579,hunter,beastmastery,101,51,50
Камшотовна,blackscar,1577,hunter,beastmastery,115,69,46
Bigdog,eredar,1577,hunter,beastmastery,65,26,39
Jeeso,baelgun,1574,hunter,beastmastery,130,61,69
Отерон,gordunni,1573,hunter,beastmastery,158,85,73
Lëgølåslõrdx,blackrock,1573,hunter,beastmastery,56,26,30
Akïratqz,sanguino,1572,hunter,beastmastery,30,18,12
Леао,howling-fjord,1571,hunter,beastmastery,45,30,15
Мунлэс,lich-king,1569,hunter,beastmastery,69,30,39
Bøøya,aegwynn,1569,hunter,beastmastery,42,18,24
Dragomirka,kazzak,1568,hunter,beastmastery,62,29,33
Комомура,soulflayer,1568,hunter,beastmastery,53,24,29
Sagethunt,blackrock,1565,hunter,beastmastery,41,17,24
Gnouminøu,archimonde,1564,hunter,beastmastery,121,66,55
Spidak,stormscale,1560,hunter,beastmastery,36,19,17
Saymqt,blackrock,1560,hunter,beastmastery,63,29,34
Charleramsey,outland,1558,hunter,beastmastery,60,30,30
Nolove,burning-legion,1557,hunter,beastmastery,137,67,70
Жокра,greymane,1557,hunter,beastmastery,42,19,23
Zendra,sylvanas,1555,hunter,beastmastery,59,36,23
Shkorvi,drakthul,1555,hunter,beastmastery,36,17,19
Søuïlløn,archimonde,1553,hunter,beastmastery,48,30,18
Gunde,kazzak,1551,hunter,beastmastery,102,52,50
Wrongtarget,auchindoun,1551,hunter,beastmastery,48,19,29
Reptile,outland,1549,hunter,beastmastery,36,22,14
Morìtz,ravencrest,1548,hunter,beastmastery,30,17,13
Janko,ravencrest,1548,hunter,beastmastery,261,130,131
Sharún,sylvanas,1548,hunter,beastmastery,56,27,29
Gedzer,silvermoon,1547,hunter,beastmastery,40,19,21
Xenvantos,stormscale,1547,hunter,beastmastery,36,17,19
Æblesaft,stormscale,1547,hunter,beastmastery,76,34,42
Calutis,blackmoore,1546,hunter,beastmastery,48,28,20
Wèndy,blackrock,1546,hunter,beastmastery,76,36,40
Пулявзубах,gordunni,1544,hunter,beastmastery,104,55,49
Xiioo,ravencrest,1544,hunter,beastmastery,77,32,45
Ledrox,ravencrest,1543,hunter,beastmastery,48,24,24
Grusijohn,executus,1543,hunter,beastmastery,72,35,37
Øô,dun-morogh,1541,hunter,beastmastery,65,33,32
Orcoro,ysondre,1540,hunter,beastmastery,229,112,117
Антисерт,ashenvale,1538,hunter,beastmastery,70,33,37
Bortian,argent-dawn,1536,hunter,beastmastery,73,41,32
Arcø,dun-modr,1535,hunter,beastmastery,30,16,14
Wolfster,kazzak,1534,hunter,beastmastery,42,19,23
Corrupth,outland,1533,hunter,beastmastery,36,18,18
Encore,sylvanas,1532,hunter,beastmastery,140,75,65
Trapyx,malganis,1532,hunter,beastmastery,303,150,153
Sonìc,kazzak,1531,hunter,beastmastery,44,25,19
Djbombastic,archimonde,1528,hunter,beastmastery,48,31,17
Tayaa,draenor,1528,hunter,beastmastery,91,47,44
Córelly,outland,1527,hunter,beastmastery,119,57,62
Almogrote,sanguino,1526,hunter,beastmastery,42,21,21
Lascazador,dun-modr,1526,hunter,beastmastery,74,32,42
Vaelyste,doomhammer,1524,hunter,beastmastery,59,31,28
Zugmypole,stormscale,1524,hunter,beastmastery,48,25,23
Sarrow,ravencrest,1523,hunter,beastmastery,77,41,36
Оуаоа,blackscar,1522,hunter,beastmastery,24,16,8
Tigerups,burning-legion,1522,hunter,beastmastery,40,19,21
Pewmasters,stormscale,1519,hunter,beastmastery,31,18,13
Palaur,kazzak,1519,hunter,beastmastery,94,50,44
Feralhound,exodar,1519,hunter,beastmastery,222,111,111
Valldes,argent-dawn,1518,hunter,beastmastery,63,28,35
Ryuwen,dun-modr,1517,hunter,beastmastery,60,28,32
Draugrinnh,tarren-mill,1511,hunter,beastmastery,66,29,37
Slmao,tarren-mill,1510,hunter,beastmastery,79,35,44
Маунтдроп,gordunni,1509,hunter,beastmastery,130,70,60
Lobos,ravencrest,1509,hunter,beastmastery,78,41,37
Snipertjuh,silvermoon,1509,hunter,beastmastery,67,32,35
Кежма,howling-fjord,1507,hunter,beastmastery,42,26,16
Avatarofwoe,blackmoore,1507,hunter,beastmastery,48,20,28
Icetrapped,eredar,1502,hunter,beastmastery,41,25,16
Leriath,shadowsong,1502,hunter,beastmastery,89,52,37
Jèrsèy,draenor,1502,hunter,beastmastery,30,17,13
Druckwelle,frostwolf,1502,hunter,beastmastery,62,25,37
Kravchenko,draenor,1501,hunter,beastmastery,41,23,18
Chasxc,kazzak,1499,hunter,beastmastery,30,16,14
Gumm,gorgonnash,1496,hunter,beastmastery,30,17,13
Funkalation,ravencrest,1495,hunter,beastmastery,36,20,16
Coldmonster,tarren-mill,1495,hunter,beastmastery,151,83,68
Rdom,stormreaver,1493,hunter,beastmastery,96,49,47
Ubietza,aegwynn,1493,hunter,beastmastery,48,23,25
Wøden,ysondre,1492,hunter,beastmastery,42,17,25
Solot,silvermoon,1490,hunter,beastmastery,54,24,30
Laoriane,hyjal,1489,hunter,beastmastery,51,28,23
Nyght,ravencrest,1487,hunter,beastmastery,62,33,29
Трэйсх,howling-fjord,1487,hunter,beastmastery,36,17,19
Ahlgood,stormscale,1484,hunter,beastmastery,30,16,14
Dramin,defias-brotherhood,1482,hunter,beastmastery,209,114,95
Anjeschka,nemesis,1481,hunter,beastmastery,58,35,23
Raxedo,blackrock,1481,hunter,beastmastery,30,16,14
Rhee,the-maelstrom,1481,hunter,beastmastery,96,44,52
Fiftyóne,festung-der-stürme,1480,hunter,beastmastery,48,23,25
Bicmax,archimonde,1475,hunter,beastmastery,39,17,22
Tràxes,quelthalas,1475,hunter,beastmastery,44,19,25
Жмыххунтер,howling-fjord,1474,hunter,beastmastery,48,19,29
Engetsu,drakthul,1473,hunter,beastmastery,66,31,35
Wingclip,ravencrest,1472,hunter,beastmastery,40,17,23
Bastianapa,twisting-nether,1471,hunter,beastmastery,66,31,35
Dirtydolores,thrall,1467,hunter,beastmastery,29,19,10
Aenina,kazzak,1466,hunter,beastmastery,30,19,11
Earnzie,outland,1466,hunter,beastmastery,54,23,31
Råhl,zuljin,1466,hunter,beastmastery,41,17,24
Jas,kargath,1465,hunter,beastmastery,90,48,42
Baileé,onyxia,1464,hunter,beastmastery,50,30,20
Куоль,gordunni,1463,hunter,beastmastery,47,21,26
Domnite,ravencrest,1462,hunter,beastmastery,121,64,57
Mytown,hyjal,1462,hunter,beastmastery,126,64,62
Huntma,kazzak,1462,hunter,beastmastery,73,36,37
Anca,aegwynn,1462,hunter,beastmastery,107,52,55
Ayyubi,blackrock,1460,hunter,beastmastery,71,36,35
Zäyk,zuljin,1459,hunter,beastmastery,37,21,16
Ххун,gordunni,1459,hunter,beastmastery,40,21,19
Lokiis,hyjal,1458,hunter,beastmastery,54,32,22
Ázurâ,blackhand,1458,hunter,beastmastery,75,39,36
Johnwick,aerie-peak,1457,hunter,beastmastery,42,24,18
Sylariel,die-aldor,1455,hunter,beastmastery,40,20,20
Снюсинка,gordunni,1455,hunter,beastmastery,47,23,24
Metalmaison,archimonde,1452,hunter,beastmastery,82,37,45
Shawnrai,drakthul,1449,hunter,beastmastery,44,24,20
Толяарканшот,razuvious,1448,hunter,beastmastery,36,20,16
Metrolog,twisting-nether,1446,hunter,beastmastery,99,48,51
Shieryu,archimonde,1446,hunter,beastmastery,48,19,29
Toxical,ragnaros,1444,hunter,beastmastery,24,17,7
Ivanthebeast,twisting-nether,1439,hunter,beastmastery,47,27,20
Ghost,tarren-mill,1439,hunter,beastmastery,30,15,15
Kásúxôxô,ravencrest,1439,hunter,beastmastery,30,15,15
Ilovekatsu,archimonde,1437,hunter,beastmastery,24,15,9
Waalth,ragnaros,1437,hunter,beastmastery,76,37,39
Yryyh,silvermoon,1436,hunter,beastmastery,54,20,34
Mágaz,draenor,1435,hunter,beastmastery,48,26,22
Drigs,blackrock,1434,hunter,beastmastery,62,31,31
Kissnodig,outland,1433,hunter,beastmastery,39,26,13
Spizglub,defias-brotherhood,1433,hunter,beastmastery,59,28,31
Duïvell,grim-batol,1432,hunter,beastmastery,36,15,21
Raggeh,frostwhisper,1432,hunter,beastmastery,36,15,21
Tukene,kazzak,1432,hunter,beastmastery,45,17,28
Noréaga,suramar,1431,hunter,beastmastery,36,20,16
Shoranon,stormscale,1431,hunter,beastmastery,30,15,15
Strélka,blackrock,1431,hunter,beastmastery,36,16,20
Fotmrerollér,aegwynn,1430,hunter,beastmastery,30,15,15
Chenony,ravencrest,1430,hunter,beastmastery,66,32,34
Badkirves,kazzak,1430,hunter,beastmastery,78,35,43
Khatia,blackrock,1429,hunter,beastmastery,36,18,18
Dzikapumpa,burning-legion,1429,hunter,beastmastery,39,18,21
Наспидахх,blackscar,1427,hunter,beastmastery,24,15,9
Eufumo,sanguino,1427,hunter,beastmastery,88,48,40
Gondoo,tarren-mill,1427,hunter,beastmastery,30,15,15
Fåded,ravencrest,1425,hunter,beastmastery,31,16,15
Инкризшот,gordunni,1422,hunter,beastmastery,30,15,15
Thinkerer,silvermoon,1421,hunter,beastmastery,30,15,15
Трапча,soulflayer,1420,hunter,beastmastery,24,15,9
Kethos,draenor,1420,hunter,beastmastery,54,28,26
Mariehunt,blackmoore,1420,hunter,beastmastery,108,52,56
Siegbald,ragnaros,1419,hunter,beastmastery,30,15,15
Vypaz,twisting-nether,1419,hunter,beastmastery,54,26,28
Yoggys,outland,1419,hunter,beastmastery,48,23,25
Sníper,aggra-português,1419,hunter,beastmastery,109,51,58
Andjelaa,kazzak,1417,hunter,beastmastery,38,19,19
Oife,auchindoun,1416,hunter,beastmastery,47,27,20
Neíth,the-maelstrom,1415,hunter,beastmastery,69,31,38
Jarekk,auchindoun,1414,hunter,beastmastery,53,28,25
Kalt,twisting-nether,1412,hunter,beastmastery,54,30,24
Velocity,nagrand,1411,hunter,beastmastery,41,19,22
Cosmol,kazzak,1409,hunter,beastmastery,47,24,23
Berkobaggins,twisting-nether,1408,hunter,beastmastery,46,21,25
Hruon,sporeggar,1407,hunter,beastmastery,36,17,19
Flunkytim,blackmoore,1405,hunter,beastmastery,102,56,46
Фетсол,soulflayer,1405,hunter,beastmastery,48,26,22
Juha,the-maelstrom,1405,hunter,beastmastery,40,18,22
Váal,dun-modr,1401,hunter,beastmastery,63,36,27
Xüscha,ysera,1401,hunter,beastmastery,78,33,45
Geete,kazzak,1400,hunter,beastmastery,30,17,13
Шэйдуокер,gordunni,1400,hunter,beastmastery,271,133,138
Phinecone,stormscale,1399,hunter,beastmastery,42,18,24
Дафирия,deathguard,1395,hunter,beastmastery,58,31,27
Бубунн,howling-fjord,1394,hunter,beastmastery,96,42,54
Metsänmies,defias-brotherhood,1393,hunter,beastmastery,46,27,19
Xystîco,thrall,1393,hunter,beastmastery,54,26,28
Честнный,howling-fjord,1392,hunter,beastmastery,135,62,73
Шионо,howling-fjord,1391,hunter,beastmastery,56,29,27
Desow,blackrock,1390,hunter,beastmastery,42,25,17
Unrealy,grim-batol,1387,hunter,beastmastery,147,78,69
Афигеннски,ashenvale,1387,hunter,beastmastery,54,25,29
Adram,burning-legion,1386,hunter,beastmastery,29,16,13
Acmé,kazzak,1385,hunter,beastmastery,36,15,21
Pancakesgo,twilights-hammer,1383,hunter,beastmastery,53,22,31
Grrizzly,kazzak,1382,hunter,beastmastery,43,23,20
Hammertime,sanguino,1382,hunter,beastmastery,53,26,27
Chagaure,hyjal,1382,hunter,beastmastery,36,17,19
Туруханец,gordunni,1380,hunter,beastmastery,108,59,49
Beardmastery,auchindoun,1380,hunter,beastmastery,36,16,20
Drestan,drakthul,1379,hunter,beastmastery,48,22,26
Bambamgalke,antonidas,1378,hunter,beastmastery,72,34,38
Zelarun,ragnaros,1377,hunter,beastmastery,30,19,11
Amitar,tarren-mill,1377,hunter,beastmastery,48,28,20
Pumbuboo,deathwing,1377,hunter,beastmastery,30,15,15
Талигар,razuvious,1377,hunter,beastmastery,78,33,45
Стреладемона,gordunni,1376,hunter,beastmastery,63,36,27
Loógosh,blackmoore,1375,hunter,beastmastery,66,32,34
Жэш,howling-fjord,1374,hunter,beastmastery,45,30,15
Esgar,blackrock,1374,hunter,beastmastery,74,34,40
Boulaax,ysondre,1372,hunter,beastmastery,118,66,52
Raymear,kazzak,1370,hunter,beastmastery,30,16,14
Wondersnipes,stormrage,1369,hunter,beastmastery,33,15,18
Beletor,medivh,1365,hunter,beastmastery,30,15,15
Zantorious,ravencrest,1363,hunter,beastmastery,63,37,26
Лёт,azuregos,1362,hunter,beastmastery,44,28,16
Assbúrgers,silvermoon,1362,hunter,beastmastery,34,16,18
Dotkor,laughing-skull,1359,hunter,beastmastery,72,38,34
Zúzú,hyjal,1358,hunter,beastmastery,54,32,22
Nycrom,ravencrest,1354,hunter,beastmastery,32,15,17
Киборка,howling-fjord,1352,hunter,beastmastery,30,15,15
Чапуршилов,lich-king,1346,hunter,beastmastery,106,50,56
Felorya,kazzak,1345,hunter,beastmastery,46,25,21
Glizzygobblr,kazzak,1345,hunter,beastmastery,28,15,13
Porch,dragonmaw,1345,hunter,beastmastery,31,16,15
Tåxi,silvermoon,1345,hunter,beastmastery,160,78,82
Piky,nemesis,1343,hunter,beastmastery,18,14,4
Dùmbo,khaz-modan,1343,hunter,beastmastery,66,32,34
Straybullet,kazzak,1343,hunter,beastmastery,119,56,63
Piranhaa,archimonde,1343,hunter,beastmastery,33,14,19
Ðoxz,blackrock,1342,hunter,beastmastery,24,14,10
Fahin,draenor,1341,hunter,beastmastery,38,19,19
Elsasehunter,zuljin,1341,hunter,beastmastery,120,52,68
Sentriks,tarren-mill,1340,hunter,beastmastery,30,14,16
Karuso,ravencrest,1340,hunter,beastmastery,30,14,16
Meskette,ravencrest,1340,hunter,beastmastery,70,30,40
Joshalama,quelthalas,1339,hunter,beastmastery,35,19,16
Фузег,deathguard,1339,hunter,beastmastery,54,27,27
Lolez,dun-modr,1339,hunter,beastmastery,36,14,22
Poatan,outland,1338,hunter,beastmastery,96,54,42
Келен,blackscar,1337,hunter,beastmastery,18,14,4
Zisqa,alleria,1337,hunter,beastmastery,28,15,13
Saromán,ravencrest,1336,hunter,beastmastery,36,19,17
Иоссифсталин,soulflayer,1336,hunter,beastmastery,30,14,16
Notikâ,aegwynn,1336,hunter,beastmastery,48,20,28
Pammycakes,bronze-dragonflight,1335,hunter,beastmastery,194,96,98
Grabbin,silvermoon,1333,hunter,beastmastery,30,14,16
Traktorr,stormscale,1333,hunter,beastmastery,84,39,45
Budhunter,alakir,1333,hunter,beastmastery,48,22,26
Trapwann,argent-dawn,1329,hunter,beastmastery,24,14,10
Афонадзе,gordunni,1329,hunter,beastmastery,90,41,49
Feignindeath,twisting-nether,1328,hunter,beastmastery,60,35,25
Amigoss,argent-dawn,1323,hunter,beastmastery,24,14,10
Luniel,gilneas,1321,hunter,beastmastery,24,14,10
Xraay,stormscale,1321,hunter,beastmastery,28,15,13
Ríckybobby,kazzak,1319,hunter,beastmastery,43,22,21
Hogar,frostwolf,1317,hunter,beastmastery,24,14,10
Джантига,howling-fjord,1315,hunter,beastmastery,30,16,14
Чизано,deathguard,1315,hunter,beastmastery,47,21,26
Øßlíck,ysondre,1314,hunter,beastmastery,30,14,16
Meredo,burning-legion,1313,hunter,beastmastery,64,33,31
Mehtäsika,xavius,1313,hunter,beastmastery,33,17,16
Bigfoot,argent-dawn,1313,hunter,beastmastery,74,34,40
Muspigen,tarren-mill,1313,hunter,beastmastery,81,37,44
Ханзолес,gordunni,1312,hunter,beastmastery,24,14,10
Сатарр,gordunni,1311,hunter,beastmastery,142,67,75
Люблюлюбовь,gordunni,1310,hunter,beastmastery,42,27,15
Platzpatron,eredar,1310,hunter,beastmastery,69,30,39
Belorgrim,kirin-tor,1306,hunter,beastmastery,30,16,14
Nårgai,kargath,1305,hunter,beastmastery,30,18,12
Showerhead,silvermoon,1305,hunter,beastmastery,32,14,18
Michaelvm,ravencrest,1302,hunter,beastmastery,36,20,16
Koopo,stormreaver,1299,hunter,beastmastery,51,28,23
Whatifany,tarren-mill,1299,hunter,beastmastery,90,36,54
Asousa,stormscale,1297,hunter,beastmastery,60,30,30
Sixty,rajaxx,1293,hunter,beastmastery,30,16,14
Hantro,argent-dawn,1292,hunter,beastmastery,36,20,16
Bøwjøb,arthas,1292,hunter,beastmastery,42,23,19
Crippler,arthas,1288,hunter,beastmastery,22,15,7
Zerisi,silvermoon,1288,hunter,beastmastery,35,21,14
Salvia,chromaggus,1288,hunter,beastmastery,96,51,45
Benbutton,antonidas,1286,hunter,beastmastery,46,22,24
Maknamara,tarren-mill,1284,hunter,beastmastery,60,31,29
Кулинарк,howling-fjord,1282,hunter,beastmastery,60,29,31
Nerdhark,hyjal,1282,hunter,beastmastery,33,15,18
Cobra,magtheridon,1282,hunter,beastmastery,71,30,41
Bravestarr,blades-edge,1280,hunter,beastmastery,66,32,34
Cêleste,kaelthas,1280,hunter,beastmastery,52,25,27
Ägris,die-todeskrallen,1277,hunter,beastmastery,144,70,74
Mufdii,sylvanas,1275,hunter,beastmastery,28,14,14
Rushgarroth,ravencrest,1271,hunter,beastmastery,96,44,52
Безос,soulflayer,1270,hunter,beastmastery,44,23,21
Halessia,ravencrest,1270,hunter,beastmastery,75,35,40
Яроняютрапу,gordunni,1268,hunter,beastmastery,34,21,13
Tháyn,tarren-mill,1268,hunter,beastmastery,23,14,9
Kiingsane,archimonde,1268,hunter,beastmastery,33,15,18
Lustor,ravencrest,1268,hunter,beastmastery,65,24,41
Verathelon,drakthul,1266,hunter,beastmastery,51,25,26
Blastarrow,the-maelstrom,1264,hunter,beastmastery,66,26,40
Rxr,kazzak,1264,hunter,beastmastery,54,17,37
Бирмингем,ashenvale,1262,hunter,beastmastery,36,17,19
Waidø,blackhand,1256,hunter,beastmastery,24,14,10
Linchpin,dentarg,1255,hunter,beastmastery,62,28,34
Aneji,hyjal,1254,hunter,beastmastery,38,19,19
Swâân,sanguino,1254,hunter,beastmastery,33,16,17
Focuslhunt,archimonde,1250,hunter,beastmastery,24,16,8
Jaky,illidan,1250,hunter,beastmastery,161,91,70
Pareia,blackrock,1248,hunter,beastmastery,18,13,5
Oliene,twisting-nether,1248,hunter,beastmastery,58,27,31
Ðowz,ysondre,1248,hunter,beastmastery,30,13,17
Rïm,haomarush,1247,hunter,beastmastery,24,13,11
Pagman,thrall,1247,hunter,beastmastery,30,13,17
Clickbile,twisting-nether,1246,hunter,beastmastery,18,13,5
Ivanoé,archimonde,1246,hunter,beastmastery,30,13,17
Лвндскейп,gordunni,1245,hunter,beastmastery,30,13,17
Sebastien,frostmane,1244,hunter,beastmastery,27,14,13
Ommadawn,dun-modr,1244,hunter,beastmastery,72,33,39
Brawnshunt,stormscale,1244,hunter,beastmastery,30,13,17
Spineshot,thrall,1244,hunter,beastmastery,48,19,29
Дуссита,gordunni,1244,hunter,beastmastery,36,13,23
Skytraped,hyjal,1242,hunter,beastmastery,24,13,11
Bêastî,blackrock,1242,hunter,beastmastery,30,13,17
Palav,outland,1241,hunter,beastmastery,24,13,11
Survabuse,silvermoon,1240,hunter,beastmastery,21,14,7
Хастла,greymane,1240,hunter,beastmastery,30,13,17
Blazeityolo,outland,1240,hunter,beastmastery,36,13,23
Lusifa,antonidas,1239,hunter,beastmastery,74,40,34
Earlygrey,ravencrest,1238,hunter,beastmastery,36,13,23
Halgen,medivh,1237,hunter,beastmastery,88,37,51
Freebïrd,shattered-hand,1236,hunter,beastmastery,24,13,11
Neescafe,sylvanas,1236,hunter,beastmastery,27,14,13
Фитьфитий,howling-fjord,1236,hunter,beastmastery,42,21,21
Йокуя,blackscar,1235,hunter,beastmastery,18,13,5
Jyenety,stormscale,1233,hunter,beastmastery,36,18,18
Гримкааг,eversong,1232,hunter,beastmastery,45,23,22
Bufosh,twisting-nether,1232,hunter,beastmastery,86,43,43
Брзенк,gordunni,1232,hunter,beastmastery,64,23,41
Shaznak,argent-dawn,1231,hunter,beastmastery,36,17,19
Skidzo,alakir,1231,hunter,beastmastery,32,15,17
Mââl,archimonde,1231,hunter,beastmastery,30,13,17
Оксанчек,howling-fjord,1229,hunter,beastmastery,29,13,16
Bibsy,tarren-mill,1228,hunter,beastmastery,24,13,11
Qmbonboni,ravencrest,1226,hunter,beastmastery,55,32,23
Toralfmoralf,aegwynn,1225,hunter,beastmastery,24,13,11
Дзэнмашина,booty-bay,1225,hunter,beastmastery,68,32,36
Viktorijå,draenor,1224,hunter,beastmastery,24,13,11
Davíncí,tarren-mill,1224,hunter,beastmastery,77,41,36
Neeske,sylvanas,1224,hunter,beastmastery,30,13,17
Vexhh,outland,1221,hunter,beastmastery,24,13,11
Балласкиндер,gordunni,1219,hunter,beastmastery,66,36,30
Stogie,auchindoun,1217,hunter,beastmastery,24,13,11
Тофуитер,howling-fjord,1214,hunter,beastmastery,57,25,32
Travels,tarren-mill,1210,hunter,beastmastery,117,54,63
Ládysháyà,blackrock,1209,hunter,beastmastery,54,31,23
Snipingdog,stormscale,1209,hunter,beastmastery,36,18,18
Basìcs,nemesis,1209,hunter,beastmastery,54,26,28
Heylie,senjin,1206,hunter,beastmastery,47,16,31
Ниамх,blackscar,1203,hunter,beastmastery,47,21,26
Diac,dalaran,1201,hunter,beastmastery,18,13,5
Hunterbeck,ravencrest,1200,hunter,beastmastery,66,28,38
Анютикус,gordunni,1199,hunter,beastmastery,60,34,26
Kyliun,frostmane,1197,hunter,beastmastery,47,20,27
Slojork,thrall,1190,hunter,beastmastery,92,40,52
Johntoffee,eredar,1190,hunter,beastmastery,35,14,21
Ashjen,aszune,1188,hunter,beastmastery,29,18,11
Eddy,the-maelstrom,1187,hunter,beastmastery,36,20,16
Быщь,gordunni,1186,hunter,beastmastery,29,14,15
Loyalman,blackmoore,1180,hunter,beastmastery,24,15,9
Винченцо,blackscar,1180,hunter,beastmastery,27,13,14
Cicatrice,kazzak,1180,hunter,beastmastery,28,13,15
Harpin,azuremyst,1179,hunter,beastmastery,65,32,33
Haleth,uldum,1177,hunter,beastmastery,29,13,16
Fizè,blackmoore,1175,hunter,beastmastery,23,13,10
Амобарбиталх,gordunni,1173,hunter,beastmastery,39,20,19
Skullstah,ravencrest,1169,hunter,beastmastery,24,13,11
Sàclak,ysondre,1166,hunter,beastmastery,31,17,14
Spycke,dalaran,1163,hunter,beastmastery,33,22,11
Olamay,blackmoore,1159,hunter,beastmastery,56,29,27
Cityhunter,archimonde,1156,hunter,beastmastery,64,30,34
Eluun,saurfang,1156,hunter,beastmastery,30,13,17
Velites,aggra-português,1155,hunter,beastmastery,27,15,12
Rafizox,kazzak,1152,hunter,beastmastery,18,12,6
Lajnus,frostmane,1152,hunter,beastmastery,24,12,12
Джаствэл,howling-fjord,1151,hunter,beastmastery,24,12,12
Jeskö,tarren-mill,1151,hunter,beastmastery,24,12,12
Downey,azshara,1151,hunter,beastmastery,30,12,18
Wicmex,archimonde,1150,hunter,beastmastery,18,12,6
Fendros,kazzak,1150,hunter,beastmastery,18,12,6
Digimørtal,kazzak,1150,hunter,beastmastery,18,12,6
Leza,kult-der-verdammten,1150,hunter,beastmastery,24,12,12
Raythe,argent-dawn,1150,hunter,beastmastery,24,12,12
Outkást,sylvanas,1150,hunter,beastmastery,30,12,18
Næ,kazzak,1150,hunter,beastmastery,30,12,18
Deathvain,tarren-mill,1150,hunter,beastmastery,30,12,18
Амореселф,gordunni,1150,hunter,beastmastery,30,12,18
Bujie,ragnaros,1150,hunter,beastmastery,30,12,18
Crowsza,archimonde,1150,hunter,beastmastery,34,13,21
Mâjôô,blackhand,1149,hunter,beastmastery,22,13,9
Noxin,blackrock,1149,hunter,beastmastery,24,12,12
Lòò,aegwynn,1148,hunter,beastmastery,18,12,6
Мэдраэль,deathguard,1148,hunter,beastmastery,39,18,21
Подлыйстарик,gordunni,1146,hunter,beastmastery,24,12,12
Gorgorm,ravencrest,1146,hunter,beastmastery,36,12,24
Ловихимеру,soulflayer,1145,hunter,beastmastery,18,12,6
Лсныйпамп,howling-fjord,1145,hunter,beastmastery,24,12,12
Weiaw,blackmoore,1144,hunter,beastmastery,24,12,12
Сенджогахара,greymane,1144,hunter,beastmastery,28,13,15
Artemisas,draenor,1144,hunter,beastmastery,36,12,24
Dioxis,silvermoon,1143,hunter,beastmastery,108,55,53
Ililivillumi,tarren-mill,1142,hunter,beastmastery,19,13,6
Lunaunii,argent-dawn,1142,hunter,beastmastery,18,12,6
Синглшот,blackscar,1141,hunter,beastmastery,24,12,12
Mordhunterx,draenor,1138,hunter,beastmastery,24,12,12
Tedohunter,ragnaros,1138,hunter,beastmastery,42,19,23
Zpy,blackmoore,1137,hunter,beastmastery,18,12,6
Crossjob,kazzak,1136,hunter,beastmastery,24,12,12
Бвонсамдик,howling-fjord,1135,hunter,beastmastery,24,12,12
Vimd,archimonde,1135,hunter,beastmastery,30,12,18
Glorfindhel,archimonde,1134,hunter,beastmastery,24,12,12
Abovival,ragnaros,1134,hunter,beastmastery,24,12,12
Tempestes,tarren-mill,1133,hunter,beastmastery,83,41,42
Kiwala,burning-legion,1132,hunter,beastmastery,30,13,17
Oròme,pozzo-delleternità,1129,hunter,beastmastery,72,36,36
Pigoen,sporeggar,1128,hunter,beastmastery,89,40,49
Tremby,kazzak,1124,hunter,beastmastery,27,13,14
Ridlas,silvermoon,1123,hunter,beastmastery,36,14,22
Huntiio,khaz-modan,1113,hunter,beastmastery,60,25,35
Øutkast,silvermoon,1105,hunter,beastmastery,29,18,11
Куфачка,soulflayer,1103,hunter,beastmastery,17,12,5
Nerfjuice,silvermoon,1102,hunter,beastmastery,39,21,18
Sâranjágo,argent-dawn,1100,hunter,beastmastery,49,23,26
Paraskámu,twisting-nether,1099,hunter,beastmastery,23,12,11
Savori,kazzak,1096,hunter,beastmastery,31,18,13
Грознострел,gordunni,1096,hunter,beastmastery,30,17,13
Atraxi,aegwynn,1096,hunter,beastmastery,64,28,36
Goonii,bronzebeard,1094,hunter,beastmastery,24,12,12
Karstarkk,sanguino,1092,hunter,beastmastery,59,25,34
Tsoutsoukoss,silvermoon,1091,hunter,beastmastery,89,42,47
Ertestuing,tarren-mill,1090,hunter,beastmastery,30,14,16
Ezelina,lightnings-blade,1086,hunter,beastmastery,54,27,27
Luckyhunty,dalaran,1086,hunter,beastmastery,36,15,21
Brometheus,sylvanas,1083,hunter,beastmastery,41,15,26
Soulshoot,khaz-modan,1078,hunter,beastmastery,88,44,44
Amdonesia,ravencrest,1078,hunter,beastmastery,45,13,32
Pawder,silvermoon,1077,hunter,beastmastery,42,15,27
Arrechus,khaz-modan,1076,hunter,beastmastery,98,46,52
Janjal,silvermoon,1070,hunter,beastmastery,78,31,47
Nieki,eitrigg,1070,hunter,beastmastery,80,30,50
Ønur,twisting-nether,1069,hunter,beastmastery,54,25,29
Wodlenprince,draenor,1069,hunter,beastmastery,48,12,36
Cinan,twisting-nether,1066,hunter,beastmastery,97,46,51
Spiritshot,baelgun,1066,hunter,beastmastery,34,14,20
Venkox,archimonde,1062,hunter,beastmastery,79,42,37
Cruelsummer,kul-tiras,1061,hunter,beastmastery,60,22,38
Deblaze,aegwynn,1056,hunter,beastmastery,18,11,7
Vargar,arygos,1056,hunter,beastmastery,24,11,13
Trapgodxx,archimonde,1056,hunter,beastmastery,24,11,13
Atrisi,tarren-mill,1055,hunter,beastmastery,18,11,7
Jaxteller,archimonde,1055,hunter,beastmastery,18,11,7
Drewsx,ravencrest,1054,hunter,beastmastery,18,11,7
Simpyani,silvermoon,1054,hunter,beastmastery,18,11,7
Bazouf,outland,1054,hunter,beastmastery,18,11,7
Daveq,drakthul,1054,hunter,beastmastery,24,11,13
Зимняясказка,soulflayer,1053,hunter,beastmastery,29,11,18
Greg,defias-brotherhood,1051,hunter,beastmastery,24,11,13
Xéraphine,mannoroth,1051,hunter,beastmastery,24,11,13
Darllene,kazzak,1051,hunter,beastmastery,30,11,19
Pilogbueferd,silvermoon,1050,hunter,beastmastery,18,11,7
Bogüen,sanguino,1050,hunter,beastmastery,24,11,13
Devøurer,blackmoore,1048,hunter,beastmastery,18,11,7
Коблазнх,howling-fjord,1048,hunter,beastmastery,24,11,13
Sourxete,silvermoon,1048,hunter,beastmastery,24,11,13
Дипшот,deathguard,1047,hunter,beastmastery,24,11,13
Гиладар,borean-tundra,1046,hunter,beastmastery,29,11,18
Faze,hellfire,1044,hunter,beastmastery,42,22,20
Shinibon,blackmoore,1044,hunter,beastmastery,36,11,25
Yukina,frostmourne,1038,hunter,beastmastery,28,13,15
Cäri,colinas-pardas,1037,hunter,beastmastery,30,12,18
Arnatti,tyrande,1036,hunter,beastmastery,28,16,12
Pumukle,madmortem,1035,hunter,beastmastery,34,15,19
Айлиси,soulflayer,1031,hunter,beastmastery,43,11,32
Румлис,gordunni,1029,hunter,beastmastery,29,14,15
Nesthor,sinstralis,1026,hunter,beastmastery,30,11,19
Ремонтлицаа,gordunni,1022,hunter,beastmastery,23,11,12
Neïç,antonidas,1022,hunter,beastmastery,29,11,18
Ветиринарша,gordunni,1020,hunter,beastmastery,30,11,19
Leemool,ysondre,1017,hunter,beastmastery,24,12,12
Kagan,nemesis,1016,hunter,beastmastery,18,13,5
Grollar,ragnaros,1014,hunter,beastmastery,80,42,38
Heiltfürzwei,ungoro,1014,hunter,beastmastery,23,11,12
Schnezzler,nerathor,1011,hunter,beastmastery,100,48,52
Bouboule,elune,1010,hunter,beastmastery,30,20,10
Arakton,drakthul,1008,hunter,beastmastery,46,23,23
Altimor,blackmoore,1007,hunter,beastmastery,23,11,12
Jimmý,sylvanas,1004,hunter,beastmastery,26,11,15
Фэннон,gordunni,1002,hunter,beastmastery,27,13,14
Shpider,burning-blade,1000,hunter,beastmastery,52,22,30
Feigur,sanguino,999,hunter,beastmastery,47,24,23
Bigbababotan,blackrock,996,hunter,beastmastery,27,12,15
Sinux,lordaeron,995,hunter,beastmastery,17,11,6
Grandiosity,tarren-mill,992,hunter,beastmastery,17,11,6
Хантвкроксах,gordunni,991,hunter,beastmastery,26,12,14
Enanorabioso,minahonda,991,hunter,beastmastery,30,12,18
Frencharena,the-venture-co,990,hunter,beastmastery,29,11,18
Gbureczka,burning-legion,988,hunter,beastmastery,26,11,15
Rubyblack,archimonde,984,hunter,beastmastery,42,21,21
Nidromel,stormscale,983,hunter,beastmastery,90,38,52
Вагар,blackscar,974,hunter,beastmastery,18,12,6
Kikijojo,ravencrest,971,hunter,beastmastery,30,16,14
Traenuss,azuremyst,968,hunter,beastmastery,48,19,29
Llamp,draenor,964,hunter,beastmastery,60,29,31
Dariatate,eredar,963,hunter,beastmastery,40,17,23
Kure,blackrock,962,hunter,beastmastery,67,30,37
Missmytrap,archimonde,960,hunter,beastmastery,12,10,2
Торая,gordunni,960,hunter,beastmastery,12,10,2
Dathrixjr,ravencrest,960,hunter,beastmastery,12,10,2
Kásúxøxø,ravencrest,960,hunter,beastmastery,16,11,5
Spergmeister,argent-dawn,960,hunter,beastmastery,18,10,8
Hahahxd,ragnaros,960,hunter,beastmastery,18,10,8
Akhtabot,twisting-nether,960,hunter,beastmastery,18,10,8
Dealtqt,ysondre,960,hunter,beastmastery,18,10,8
Hasáblover,ragnaros,960,hunter,beastmastery,18,10,8
Хантнерюга,gordunni,960,hunter,beastmastery,18,10,8
Jackjager,ravencrest,960,hunter,beastmastery,24,10,14
Zeanort,nordrassil,960,hunter,beastmastery,24,10,14
Jägarn,stormscale,960,hunter,beastmastery,24,10,14
Hollyz,auchindoun,960,hunter,beastmastery,24,10,14
Bubby,burning-legion,960,hunter,beastmastery,34,11,23
Dragh,blackrock,959,hunter,beastmastery,18,10,8
Mckanê,ysondre,959,hunter,beastmastery,18,10,8
Ausgefuchst,forscherliga,959,hunter,beastmastery,24,10,14
Bempl,onyxia,959,hunter,beastmastery,24,10,14
Alée,twisting-nether,959,hunter,beastmastery,30,10,20
Rikitikii,burning-legion,958,hunter,beastmastery,15,11,4
Shikar,sanguino,958,hunter,beastmastery,18,10,8
Zinco,ravencrest,958,hunter,beastmastery,24,10,14
Blainehunts,arathor,958,hunter,beastmastery,36,11,25
Vescar,argent-dawn,958,hunter,beastmastery,36,10,26
Therasin,ravenholdt,957,hunter,beastmastery,18,10,8
Choukzt,archimonde,957,hunter,beastmastery,18,10,8
Nandrohunt,dalaran,957,hunter,beastmastery,24,10,14
Ayaille,marécage-de-zangar,957,hunter,beastmastery,34,11,23
Хлопс,howling-fjord,956,hunter,beastmastery,24,10,14
Latschodives,malorne,956,hunter,beastmastery,27,10,17
Blutack,stormscale,956,hunter,beastmastery,30,10,20
Pufyrella,kilrogg,955,hunter,beastmastery,18,10,8
Бедствиие,galakrond,955,hunter,beastmastery,30,10,20
Badhunt,stormscale,954,hunter,beastmastery,30,10,20
Herpray,blackmoore,953,hunter,beastmastery,18,10,8
Dêstiny,dun-modr,953,hunter,beastmastery,18,10,8
Tomli,nemesis,953,hunter,beastmastery,21,11,10
Magarosh,eredar,953,hunter,beastmastery,24,10,14
Karên,blackmoore,952,hunter,beastmastery,24,10,14
Ecalter,dun-modr,951,hunter,beastmastery,18,10,8
Darkdexou,defias-brotherhood,951,hunter,beastmastery,18,10,8
Straikkeri,draenor,951,hunter,beastmastery,18,10,8
Lioness,ahnqiraj,951,hunter,beastmastery,24,10,14
Zappikhunter,silvermoon,950,hunter,beastmastery,24,10,14
Zarlena,tarren-mill,947,hunter,beastmastery,43,19,24
Bakatumbah,draenor,946,hunter,beastmastery,18,10,8
Cernunnos,auchindoun,944,hunter,beastmastery,19,10,9
Lemeric,blackmoore,942,hunter,beastmastery,19,10,9
Podroto,tyrande,942,hunter,beastmastery,23,10,13
Deadlysnîpe,antonidas,941,hunter,beastmastery,16,11,5
Woöky,dalaran,941,hunter,beastmastery,24,14,10
Guanchin,silvermoon,938,hunter,beastmastery,30,10,20
Paînfull,kazzak,926,hunter,beastmastery,23,10,13
Marlaska,exodar,919,hunter,beastmastery,40,21,19
Goliathoz,blackmoore,917,hunter,beastmastery,35,19,16
Stjordal,chamber-of-aspects,917,hunter,beastmastery,63,30,33
Lissudarlin,stormreaver,914,hunter,beastmastery,123,63,60
Akrepkral,kargath,914,hunter,beastmastery,37,18,19
Kronzucker,eredar,914,hunter,beastmastery,36,16,20
Nixxay,antonidas,913,hunter,beastmastery,36,19,17
Cyclontrapgg,antonidas,911,hunter,beastmastery,17,11,6
Allcollapse,outland,910,hunter,beastmastery,21,11,10
Rachelgg,ravencrest,910,hunter,beastmastery,22,10,12
Zorana,twisting-nether,910,hunter,beastmastery,23,10,13
Mankkis,stormscale,909,hunter,beastmastery,48,14,34
Happyrme,thrall,906,hunter,beastmastery,30,14,16
Bjarnhild,die-aldor,906,hunter,beastmastery,24,11,13
Djfury,archimonde,896,hunter,beastmastery,22,10,12
Zoomiesuwu,antonidas,895,hunter,beastmastery,17,10,7
Flappypig,stormscale,895,hunter,beastmastery,26,11,15
Draknik,nemesis,895,hunter,beastmastery,39,10,29
Teacee,twisting-nether,894,hunter,beastmastery,29,13,16
Kënshiro,kazzak,893,hunter,beastmastery,20,10,10
Bornum,khaz-modan,892,hunter,beastmastery,31,10,21
Floppybobby,burning-blade,890,hunter,beastmastery,23,10,13
Catmother,grim-batol,886,hunter,beastmastery,20,12,8
Kapowz,kazzak,864,hunter,beastmastery,12,9,3
Blazinghunt,kazzak,864,hunter,beastmastery,12,9,3
Lilpancake,kazzak,864,hunter,beastmastery,12,9,3
Grapemint,blackrock,864,hunter,beastmastery,12,9,3
Kayluh,sylvanas,864,hunter,beastmastery,12,9,3
Тирин,ashenvale,864,hunter,beastmastery,12,9,3
Hispanøxd,sanguino,864,hunter,beastmastery,12,9,3
Onlyforfun,ravencrest,864,hunter,beastmastery,12,9,3
Eenel,twisting-nether,864,hunter,beastmastery,12,9,3
Clockwerk,durotan,864,hunter,beastmastery,16,10,6
Lothram,les-sentinelles,864,hunter,beastmastery,18,9,9
Dogwatcher,outland,864,hunter,beastmastery,18,9,9
Negz,eredar,864,hunter,beastmastery,18,9,9
Weoneshot,ravencrest,864,hunter,beastmastery,18,9,9
Lísy,hyjal,864,hunter,beastmastery,18,9,9
Donixx,blackrock,864,hunter,beastmastery,18,9,9
Dwgkia,ravencrest,864,hunter,beastmastery,18,9,9
Dawil,ragnaros,864,hunter,beastmastery,18,9,9
Pjållistani,ravencrest,864,hunter,beastmastery,24,9,15
Valhnir,sanguino,864,hunter,beastmastery,24,9,15
Zyrøra,ravencrest,864,hunter,beastmastery,24,9,15
Coôkie,ysondre,864,hunter,beastmastery,24,9,15
Леоа,howling-fjord,864,hunter,beastmastery,27,10,17
Pavxar,draenor,863,hunter,beastmastery,18,9,9
Reshka,dunemaul,863,hunter,beastmastery,18,9,9
Кишмякхант,howling-fjord,863,hunter,beastmastery,18,9,9
Jahunter,aggra-português,863,hunter,beastmastery,18,9,9
Aliltoxic,silvermoon,863,hunter,beastmastery,18,9,9
Tiendat,kazzak,863,hunter,beastmastery,18,9,9
Fléxyz,sylvanas,863,hunter,beastmastery,18,9,9
Holdmypurse,kazzak,863,hunter,beastmastery,18,9,9
Nillaxy,blackmoore,863,hunter,beastmastery,18,9,9
Nettie,arathor,863,hunter,beastmastery,24,9,15
Krâven,ysondre,863,hunter,beastmastery,36,9,27
Massimox,draenor,862,hunter,beastmastery,12,9,3
Arrowman,burning-legion,862,hunter,beastmastery,18,9,9
Vyrê,ghostlands,862,hunter,beastmastery,18,9,9
Ecthelione,the-venture-co,862,hunter,beastmastery,18,9,9
Aamön,tarren-mill,862,hunter,beastmastery,18,9,9
Armanny,sylvanas,862,hunter,beastmastery,24,9,15
Анариэльсин,soulflayer,862,hunter,beastmastery,24,9,15
Buc,burning-legion,862,hunter,beastmastery,28,9,19
Tsivoula,twisting-nether,861,hunter,beastmastery,12,9,3
Settisetä,defias-brotherhood,861,hunter,beastmastery,18,9,9
Marleyson,uldum,861,hunter,beastmastery,18,9,9
Dzikabestia,burning-legion,860,hunter,beastmastery,18,9,9
Сяову,gordunni,859,hunter,beastmastery,73,26,47
Sokyokuh,burning-legion,858,hunter,beastmastery,18,9,9
Darilli,wildhammer,858,hunter,beastmastery,19,9,10
Câonimâ,twisting-nether,858,hunter,beastmastery,24,9,15
Footsy,twisting-nether,858,hunter,beastmastery,24,9,15
Mînérvá,blackhand,857,hunter,beastmastery,18,9,9
Бруксиан,fordragon,857,hunter,beastmastery,19,9,10
Sika,nozdormu,857,hunter,beastmastery,24,9,15
Ynfik,sinstralis,857,hunter,beastmastery,24,9,15
Jollis,argent-dawn,855,hunter,beastmastery,27,10,17
Ulyash,ysondre,854,hunter,beastmastery,18,9,9
Towu,archimonde,849,hunter,beastmastery,24,9,15
Zinnady,outland,846,hunter,beastmastery,12,9,3
Greenstar,twisting-nether,846,hunter,beastmastery,27,10,17
Зоопсихолог,gordunni,843,hunter,beastmastery,18,10,8
Гоу,fordragon,843,hunter,beastmastery,30,9,21
Olddèath,archimonde,837,hunter,beastmastery,24,9,15
Zimmoo,tarren-mill,833,hunter,beastmastery,18,9,9
Venõm,pozzo-delleternità,832,hunter,beastmastery,21,11,10
Гримнар,borean-tundra,831,hunter,beastmastery,17,9,8
Chrysantes,forscherliga,831,hunter,beastmastery,20,10,10
Enty,blackrock,830,hunter,beastmastery,14,10,4
Deathmarks,blackrock,830,hunter,beastmastery,29,9,20
Sithrom,blackmoore,829,hunter,beastmastery,22,9,13
Võnbødefeld,frostmourne,827,hunter,beastmastery,17,9,8
Oramar,archimonde,824,hunter,beastmastery,24,9,15
Anoroxx,arthas,815,hunter,beastmastery,17,9,8
Шаурмэ,gordunni,815,hunter,beastmastery,21,9,12
Belgorin,alexstrasza,813,hunter,beastmastery,66,30,36
Kreiden,twisting-nether,810,hunter,beastmastery,34,11,23
Colth,hyjal,799,hunter,beastmastery,29,9,20
Slaghunter,argent-dawn,798,hunter,beastmastery,17,9,8
Grokis,blackhand,782,hunter,beastmastery,67,28,39
Vystrelil,drakthul,779,hunter,beastmastery,85,39,46
Irükandji,chants-éternels,768,hunter,beastmastery,12,8,4
Mettämies,twisting-nether,768,hunter,beastmastery,12,8,4
Poggelicious,terenas,768,hunter,beastmastery,12,8,4
Ebobuss,tarren-mill,768,hunter,beastmastery,12,8,4
Sejkxi,malganis,768,hunter,beastmastery,12,8,4
Hecken,nemesis,768,hunter,beastmastery,12,8,4
Suffrebobbs,ravencrest,768,hunter,beastmastery,12,8,4
Watchouttah,the-maelstrom,768,hunter,beastmastery,12,8,4
Krakenaspect,kazzak,768,hunter,beastmastery,18,8,10
Páiz,tarren-mill,768,hunter,beastmastery,18,8,10
Appollo,magtheridon,768,hunter,beastmastery,18,8,10
Каэлланис,soulflayer,768,hunter,beastmastery,18,8,10
Dispairge,antonidas,768,hunter,beastmastery,18,8,10
Freakyhoe,twisting-nether,768,hunter,beastmastery,18,8,10
Krâýnn,aegwynn,768,hunter,beastmastery,18,8,10
Bonobo,dentarg,768,hunter,beastmastery,18,8,10
Рафлекс,eversong,768,hunter,beastmastery,18,8,10
Leonidazar,draenor,768,hunter,beastmastery,18,8,10
Utoast,ravencrest,768,hunter,beastmastery,18,8,10
Pewpewstuff,draenor,768,hunter,beastmastery,18,8,10
Vasco,chogall,768,hunter,beastmastery,18,8,10
Ishotharambe,doomhammer,768,hunter,beastmastery,18,8,10
Reyko,stormscale,768,hunter,beastmastery,24,8,16
Mogumogu,blackhand,768,hunter,beastmastery,24,8,16
Fridion,argent-dawn,768,hunter,beastmastery,24,8,16
Wayland,dalaran,768,hunter,beastmastery,24,8,16
Craná,blackrock,768,hunter,beastmastery,24,8,16
Джулибуба,howling-fjord,768,hunter,beastmastery,24,8,16
Hyunkies,ysondre,768,hunter,beastmastery,30,8,22
Kuljaa,ravencrest,767,hunter,beastmastery,12,8,4
Callmepapi,kazzak,767,hunter,beastmastery,12,8,4
Hlynsson,tarren-mill,767,hunter,beastmastery,12,8,4
Huntyadaun,blackrock,767,hunter,beastmastery,12,8,4
Awoe,blackrock,767,hunter,beastmastery,12,8,4
Deathwallker,silvermoon,767,hunter,beastmastery,18,8,10
Xeld,outland,767,hunter,beastmastery,18,8,10
Солевойй,gordunni,767,hunter,beastmastery,18,8,10
Jónes,dunemaul,767,hunter,beastmastery,18,8,10
Эмомото,howling-fjord,767,hunter,beastmastery,18,8,10
Yoüllsuffer,twisting-nether,767,hunter,beastmastery,18,8,10
Blàdê,blackrock,767,hunter,beastmastery,18,8,10
Arcaniz,ravencrest,767,hunter,beastmastery,18,8,10
Môrkh,sanguino,767,hunter,beastmastery,18,8,10
Шурикцаревич,galakrond,767,hunter,beastmastery,24,8,16
Гунныч,grom,767,hunter,beastmastery,24,8,16
Prodanhunts,frostmane,767,hunter,beastmastery,24,8,16
Vassiliadis,bronze-dragonflight,767,hunter,beastmastery,24,8,16
Имбакласс,howling-fjord,766,hunter,beastmastery,12,8,4
Birdseye,thrall,766,hunter,beastmastery,18,8,10
Miracleh,tarren-mill,766,hunter,beastmastery,18,8,10
Druvnik,zenedar,766,hunter,beastmastery,18,8,10
Rdwlf,draenor,766,hunter,beastmastery,18,8,10
Sillychilly,frostwolf,766,hunter,beastmastery,24,8,16
Rickh,ravencrest,765,hunter,beastmastery,12,8,4
Лузановка,gordunni,765,hunter,beastmastery,18,8,10
Cxc,dun-modr,765,hunter,beastmastery,18,8,10
Marsian,lordaeron,765,hunter,beastmastery,19,8,11
Mykris,aegwynn,765,hunter,beastmastery,86,34,52
Attiladagun,hellfire,765,hunter,beastmastery,24,8,16
Джэромо,gordunni,765,hunter,beastmastery,24,8,16
Фаталлити,grom,763,hunter,beastmastery,12,8,4
Laerya,les-clairvoyants,763,hunter,beastmastery,18,8,10
Plong,argent-dawn,761,hunter,beastmastery,12,8,4
Boompuf,draenor,761,hunter,beastmastery,24,8,16
Vachekiki,archimonde,759,hunter,beastmastery,12,8,4
Bliss,senjin,756,hunter,beastmastery,12,8,4
Dravara,blackmoore,755,hunter,beastmastery,24,8,16
Sushimän,kaelthas,751,hunter,beastmastery,12,8,4
Lynx,garona,750,hunter,beastmastery,50,12,38
Delazi,proudmoore,748,hunter,beastmastery,24,8,16
Begehunter,sylvanas,740,hunter,beastmastery,18,8,10
Remiss,sanguino,738,hunter,beastmastery,22,10,12
Аквилеон,gordunni,734,hunter,beastmastery,17,8,9
Xyrone,bladefist,734,hunter,beastmastery,24,8,16
Адула,eversong,729,hunter,beastmastery,35,12,23
Kürze,silvermoon,712,hunter,beastmastery,22,10,12
Пушкабомби,soulflayer,708,hunter,beastmastery,70,25,45
Бей,gordunni,703,hunter,beastmastery,14,8,6
Sélenaé,hyjal,703,hunter,beastmastery,16,8,8
Zevlove,kazzak,703,hunter,beastmastery,20,8,12
Feyoonx,blackrock,703,hunter,beastmastery,23,9,14
Neuromancien,archimonde,703,hunter,beastmastery,23,8,15
Melèxè,ysondre,702,hunter,beastmastery,23,8,15
Kruk,blackhand,698,hunter,beastmastery,16,8,8
Huntbeard,aegwynn,695,hunter,beastmastery,22,8,14
Attileus,ragnaros,687,hunter,beastmastery,17,8,9
Elledrin,argent-dawn,680,hunter,beastmastery,21,11,10
Isaîas,uldum,672,hunter,beastmastery,12,7,5
Kissay,blackmoore,672,hunter,beastmastery,12,7,5
Загзигзаг,soulflayer,672,hunter,beastmastery,12,7,5
Belaux,archimonde,672,hunter,beastmastery,12,7,5
Unreachable,dethecus,672,hunter,beastmastery,12,7,5
Midist,stormscale,672,hunter,beastmastery,12,7,5
Potatobeast,twisting-nether,672,hunter,beastmastery,12,7,5
Hunttes,nagrand,672,hunter,beastmastery,12,7,5
Mspt,archimonde,672,hunter,beastmastery,12,7,5
Hiddenxsabo,blackmoore,672,hunter,beastmastery,12,7,5
Slejpy,drakthul,672,hunter,beastmastery,12,7,5
Knokkelmann,outland,672,hunter,beastmastery,12,7,5
Onof,archimonde,672,hunter,beastmastery,12,7,5
Ulfrîc,exodar,672,hunter,beastmastery,12,7,5
Stamzer,drakthul,672,hunter,beastmastery,12,7,5
Dåo,doomhammer,672,hunter,beastmastery,12,7,5
Ufecläimbe,eredar,672,hunter,beastmastery,12,7,5
Fôx,frostmane,672,hunter,beastmastery,12,7,5
Garfie,tarren-mill,672,hunter,beastmastery,12,7,5
Виралатта,gordunni,672,hunter,beastmastery,12,7,5
Haxaids,sylvanas,672,hunter,beastmastery,12,7,5
Найтсол,greymane,672,hunter,beastmastery,12,7,5
Lultrap,nemesis,672,hunter,beastmastery,12,7,5
Marcsman,blackrock,672,hunter,beastmastery,12,7,5
Flugsmälla,kazzak,672,hunter,beastmastery,12,7,5
Forthehordee,chamber-of-aspects,672,hunter,beastmastery,12,7,5
Beorind,frostwolf,672,hunter,beastmastery,12,7,5
Rakeesh,hyjal,672,hunter,beastmastery,12,7,5
Gostry,archimonde,672,hunter,beastmastery,12,7,5
Ahotnik,aegwynn,672,hunter,beastmastery,12,7,5
Lambikas,argent-dawn,672,hunter,beastmastery,12,7,5
Razuye,nerathor,672,hunter,beastmastery,12,7,5
Alexdi,kazzak,672,hunter,beastmastery,12,7,5
Лиор,howling-fjord,672,hunter,beastmastery,12,7,5
Connyrøvøga,stormscale,672,hunter,beastmastery,12,7,5
Сашказнаток,azuregos,672,hunter,beastmastery,12,7,5
Hask,pozzo-delleternità,672,hunter,beastmastery,15,7,8
Fyô,outland,672,hunter,beastmastery,15,7,8
Chïefhunt,twisting-nether,672,hunter,beastmastery,18,7,11
Gitanìlla,dun-modr,672,hunter,beastmastery,18,7,11
Bigramy,sanguino,672,hunter,beastmastery,18,7,11
Lurigalinda,twisting-nether,672,hunter,beastmastery,18,7,11
Svolatch,blackrock,672,hunter,beastmastery,18,7,11
Graavi,silvermoon,672,hunter,beastmastery,18,7,11
Sauce,alonsus,672,hunter,beastmastery,18,7,11
Дэментед,soulflayer,672,hunter,beastmastery,18,7,11
Дьярэ,gordunni,672,hunter,beastmastery,18,7,11
Тандеркейдж,gordunni,672,hunter,beastmastery,18,7,11
Zublime,dragonblight,672,hunter,beastmastery,18,7,11
Düivell,grim-batol,672,hunter,beastmastery,18,7,11
Hunterstein,archimonde,672,hunter,beastmastery,18,7,11
Géeked,ravencrest,672,hunter,beastmastery,18,7,11
Ромкола,gordunni,672,hunter,beastmastery,18,7,11
Boybiron,silvermoon,672,hunter,beastmastery,18,7,11
Setyouintrap,ravencrest,672,hunter,beastmastery,24,7,17
Ridbàck,archimonde,672,hunter,beastmastery,24,7,17
Lis,gorgonnash,672,hunter,beastmastery,24,7,17
Летмимейт,howling-fjord,672,hunter,beastmastery,26,7,19
Crynomore,tarren-mill,671,hunter,beastmastery,17,11,6
Retroxia,stormreaver,671,hunter,beastmastery,12,7,5
Doubleoseven,frostmane,671,hunter,beastmastery,12,7,5
Ashryqt,ravencrest,671,hunter,beastmastery,12,7,5
Mazekhin,khaz-modan,671,hunter,beastmastery,12,7,5
Akkonas,antonidas,671,hunter,beastmastery,12,7,5
Noaim,blackrock,671,hunter,beastmastery,12,7,5
Kareltje,stormscale,671,hunter,beastmastery,12,7,5
Jaydogg,lightbringer,671,hunter,beastmastery,12,7,5
Бэталол,gordunni,671,hunter,beastmastery,12,7,5
Beaststeaks,thrall,671,hunter,beastmastery,12,7,5
Strade,argent-dawn,671,hunter,beastmastery,12,7,5
Døømslayer,nemesis,671,hunter,beastmastery,12,7,5
Mindgap,pozzo-delleternità,671,hunter,beastmastery,18,7,11
Блудитролль,soulflayer,671,hunter,beastmastery,18,7,11
Castbuny,drakthul,671,hunter,beastmastery,18,7,11
Orian,argent-dawn,671,hunter,beastmastery,18,7,11
Rifle,dun-morogh,671,hunter,beastmastery,18,7,11
Dràcula,tarren-mill,671,hunter,beastmastery,18,7,11
Tstigaard,argent-dawn,671,hunter,beastmastery,24,7,17
Løløsifredo,ysondre,671,hunter,beastmastery,24,7,17
Kirky,terokkar,670,hunter,beastmastery,12,7,5
Epheso,daggerspine,670,hunter,beastmastery,12,7,5
Oneshotkill,laughing-skull,670,hunter,beastmastery,12,7,5
Asâya,blackmoore,670,hunter,beastmastery,18,7,11
Paradisiaco,sanguino,670,hunter,beastmastery,24,7,17
Gladiátor,kult-der-verdammten,669,hunter,beastmastery,12,7,5
Darkhunt,ysondre,669,hunter,beastmastery,18,7,11
Casey,zuluhed,669,hunter,beastmastery,18,7,11
Orgasmatronn,stormscale,669,hunter,beastmastery,18,7,11
Nelerias,defias-brotherhood,669,hunter,beastmastery,24,7,17
Asharial,twisting-nether,668,hunter,beastmastery,21,8,13
Doômzi,ysondre,666,hunter,beastmastery,12,7,5
Rollei,uldum,666,hunter,beastmastery,12,7,5
Aroldo,kazzak,665,hunter,beastmastery,12,7,5
Саэсантессис,howling-fjord,665,hunter,beastmastery,18,7,11
Electrastar,illidan,664,hunter,beastmastery,12,7,5
Winfar,draenor,664,hunter,beastmastery,24,7,17
Барбарисовна,ashenvale,655,hunter,beastmastery,17,7,10
Papithagore,hyjal,655,hunter,beastmastery,17,7,10
Akù,magtheridon,653,hunter,beastmastery,23,7,16
Chipok,outland,651,hunter,beastmastery,23,7,16
Johnblønn,stormscale,624,hunter,beastmastery,15,7,8
Pennyflame,blackmoore,623,hunter,beastmastery,17,7,10
Stukrotka,hellfire,617,hunter,beastmastery,15,7,8
Zwergnàse,thrall,616,hunter,beastmastery,23,7,16
Bnji,hyjal,607,hunter,beastmastery,16,7,9
Rezgor,stormscale,606,hunter,beastmastery,11,7,4
Annisaqt,kazzak,606,hunter,beastmastery,11,7,4
Космодиск,gordunni,576,hunter,beastmastery,6,6,0
Luke,chromaggus,576,hunter,beastmastery,6,6,0
Narolaf,doomhammer,576,hunter,beastmastery,9,7,2
Iuyiuy,dalaran,576,hunter,beastmastery,12,6,6
Metalbaci,sylvanas,576,hunter,beastmastery,12,6,6
Poke,aggra-português,576,hunter,beastmastery,12,6,6
Дайсё,soulflayer,576,hunter,beastmastery,12,6,6
Flytomars,ravencrest,576,hunter,beastmastery,12,6,6
Zêrøtwø,draenor,576,hunter,beastmastery,12,6,6
Зеленыйиисус,gordunni,576,hunter,beastmastery,12,6,6
Gîsh,burning-legion,576,hunter,beastmastery,12,6,6
Бранцо,howling-fjord,576,hunter,beastmastery,12,6,6
Cítyzens,drakthul,576,hunter,beastmastery,12,6,6
Astair,hyjal,576,hunter,beastmastery,12,6,6
Showdope,drakthul,576,hunter,beastmastery,12,6,6
Стёпкахант,gordunni,576,hunter,beastmastery,12,6,6
Skarra,zuljin,576,hunter,beastmastery,12,6,6
Batcool,tarren-mill,576,hunter,beastmastery,12,6,6
Zæuz,outland,576,hunter,beastmastery,12,6,6
Razoorine,blackrock,576,hunter,beastmastery,12,6,6
Kaballa,ahnqiraj,576,hunter,beastmastery,12,6,6
Vu,shattered-hand,576,hunter,beastmastery,12,6,6
Magicnanø,nemesis,576,hunter,beastmastery,12,6,6
Darkstripe,turalyon,576,hunter,beastmastery,12,6,6
Burbutsuluki,silvermoon,576,hunter,beastmastery,12,6,6
Шмыгахант,gordunni,576,hunter,beastmastery,12,6,6
Ahsóka,frostwhisper,576,hunter,beastmastery,12,6,6
Steìn,ysondre,576,hunter,beastmastery,12,6,6
Bråndy,draenor,576,hunter,beastmastery,12,6,6
Leáa,eredar,576,hunter,beastmastery,12,6,6
Ângell,kirin-tor,576,hunter,beastmastery,12,6,6
Nagu,antonidas,576,hunter,beastmastery,12,6,6
Guidomista,drakthul,576,hunter,beastmastery,12,6,6
Fogknows,ravencrest,576,hunter,beastmastery,12,6,6
Vepzen,haomarush,576,hunter,beastmastery,12,6,6
Therakal,culte-de-la-rive-noire,576,hunter,beastmastery,12,6,6
Мишечкатоп,gordunni,576,hunter,beastmastery,12,6,6
Беспокойный,soulflayer,576,hunter,beastmastery,12,6,6
Petitsui,zuljin,576,hunter,beastmastery,12,6,6
Autopilot,aegwynn,576,hunter,beastmastery,12,6,6
Wödën,argent-dawn,576,hunter,beastmastery,12,6,6
Dtq,silvermoon,576,hunter,beastmastery,12,6,6
Dregor,nemesis,576,hunter,beastmastery,12,6,6
Dorkos,sanguino,576,hunter,beastmastery,12,6,6
Заксель,soulflayer,576,hunter,beastmastery,12,6,6
Джарвиз,soulflayer,576,hunter,beastmastery,12,6,6
Blmlooter,stormreaver,576,hunter,beastmastery,12,6,6
Flecheoeil,hyjal,576,hunter,beastmastery,12,6,6
Toptìérgoðx,drakthul,576,hunter,beastmastery,12,6,6
Raegal,sanguino,576,hunter,beastmastery,12,6,6
Logales,dragonblight,576,hunter,beastmastery,12,6,6
Healscare,dalaran,576,hunter,beastmastery,16,7,9
Suisiide,antonidas,576,hunter,beastmastery,18,6,12
Huntarbeît,eredar,576,hunter,beastmastery,18,6,12
Vhalín,magtheridon,576,hunter,beastmastery,18,6,12
Azrhu,ravencrest,576,hunter,beastmastery,18,6,12
Realme,blackrock,576,hunter,beastmastery,18,6,12
Uselessx,kazzak,576,hunter,beastmastery,18,6,12
Xiaoly,kaelthas,576,hunter,beastmastery,18,6,12
Jwah,tarren-mill,576,hunter,beastmastery,18,6,12
Wetto,ravencrest,576,hunter,beastmastery,18,6,12
Свадебная,gordunni,576,hunter,beastmastery,18,6,12
Disyö,kazzak,576,hunter,beastmastery,18,6,12
Матанал,gordunni,576,hunter,beastmastery,18,6,12
Сексишмекс,soulflayer,576,hunter,beastmastery,24,6,18
Eyetto,dun-modr,575,hunter,beastmastery,12,6,6
Hunterizi,silvermoon,575,hunter,beastmastery,12,6,6
Kairrux,twisting-nether,575,hunter,beastmastery,12,6,6
Truedetectiv,aggramar,575,hunter,beastmastery,12,6,6
Furian,der-rat-von-dalaran,575,hunter,beastmastery,12,6,6
Труласек,blackscar,575,hunter,beastmastery,12,6,6
Puska,gilneas,575,hunter,beastmastery,12,6,6
Ghanik,draenor,575,hunter,beastmastery,12,6,6
Robingood,alexstrasza,575,hunter,beastmastery,12,6,6
Toosmall,stormscale,575,hunter,beastmastery,12,6,6
Абунай,soulflayer,575,hunter,beastmastery,12,6,6
Maglór,senjin,575,hunter,beastmastery,12,6,6
Gløbi,malfurion,575,hunter,beastmastery,12,6,6
Nosfuratu,stormscale,575,hunter,beastmastery,12,6,6
Krasavcik,shattrath,575,hunter,beastmastery,12,6,6
Täpy,arathor,575,hunter,beastmastery,18,6,12
Tracrium,hyjal,575,hunter,beastmastery,18,6,12
Soen,zuljin,575,hunter,beastmastery,18,6,12
Hitray,stormscale,575,hunter,beastmastery,18,6,12
Okumo,the-maelstrom,574,hunter,beastmastery,12,6,6
Ketator,archimonde,574,hunter,beastmastery,12,6,6
Хантетский,howling-fjord,574,hunter,beastmastery,12,6,6
Erenjaeger,onyxia,574,hunter,beastmastery,12,6,6
Örrn,ragnaros,574,hunter,beastmastery,18,6,12
Kannon,twisting-nether,574,hunter,beastmastery,18,6,12
Mizumi,frostmane,574,hunter,beastmastery,18,6,12
Ranrôk,rexxar,573,hunter,beastmastery,12,6,6
Penelopé,darkmoon-faire,573,hunter,beastmastery,12,6,6
Cliff,kiljaeden,572,hunter,beastmastery,30,6,24
Jsâ,blackmoore,571,hunter,beastmastery,12,6,6
Шейхант,gordunni,571,hunter,beastmastery,12,6,6
Ñava,dalaran,570,hunter,beastmastery,12,6,6
Corrwus,argent-dawn,570,hunter,beastmastery,18,6,12
Zahgrug,aerie-peak,568,hunter,beastmastery,12,6,6
Олькахант,galakrond,568,hunter,beastmastery,12,6,6
Bloodxx,ragnaros,568,hunter,beastmastery,18,6,12
Dreemshoot,stormscale,542,hunter,beastmastery,11,6,5
Åånei,twisting-nether,528,hunter,beastmastery,15,6,9
Kukenisluken,stormscale,527,hunter,beastmastery,11,6,5
Archfiend,stormscale,527,hunter,beastmastery,11,6,5
Braatski,stormscale,526,hunter,beastmastery,18,7,11
Raxxic,eredar,512,hunter,beastmastery,10,6,4
Ázèrøñå,ravencrest,511,hunter,beastmastery,11,6,5
Hacx,ravencrest,511,hunter,beastmastery,17,6,11
Pennymarks,blackhand,511,hunter,beastmastery,20,6,14
Nefroo,defias-brotherhood,505,hunter,beastmastery,11,6,5
Jinxbomber,draenor,480,hunter,beastmastery,6,5,1
Jakis,silvermoon,480,hunter,beastmastery,6,5,1
Hidethegun,draenor,480,hunter,beastmastery,6,5,1
Skipee,ravencrest,480,hunter,beastmastery,6,5,1
Connyrövöga,draenor,480,hunter,beastmastery,6,5,1
Dogliz,stormscale,480,hunter,beastmastery,6,5,1
Sunyjuyono,ravencrest,480,hunter,beastmastery,6,5,1
Wellocérapt,confrérie-du-thorium,480,hunter,beastmastery,6,5,1
Мунмейстер,blackscar,480,hunter,beastmastery,6,5,1
Ветрослав,thermaplugg,480,hunter,beastmastery,6,5,1
Smokerofweed,kazzak,480,hunter,beastmastery,6,5,1
Tøkÿöghøül,ravencrest,480,hunter,beastmastery,7,5,2
Juniorm,kazzak,480,hunter,beastmastery,12,5,7
Bloodpanter,ragnaros,480,hunter,beastmastery,12,5,7
Hiff,burning-legion,480,hunter,beastmastery,12,5,7
Wolfyx,cthun,480,hunter,beastmastery,12,5,7
Келкузд,howling-fjord,480,hunter,beastmastery,12,5,7
Naposin,ragnaros,480,hunter,beastmastery,12,5,7
Nissa,blackrock,480,hunter,beastmastery,12,5,7
Tizzlbang,ragnaros,480,hunter,beastmastery,12,5,7
Palomo,argent-dawn,480,hunter,beastmastery,12,5,7
Speartusk,blackhand,480,hunter,beastmastery,12,5,7
Elvenian,twisting-nether,480,hunter,beastmastery,12,5,7
Khort,twisting-nether,480,hunter,beastmastery,12,5,7
Notley,thrall,480,hunter,beastmastery,12,5,7
Китас,soulflayer,480,hunter,beastmastery,12,5,7
Eredark,zuljin,480,hunter,beastmastery,12,5,7
Bubbahubba,ragnaros,480,hunter,beastmastery,12,5,7
Jins,illidan,480,hunter,beastmastery,12,5,7
Shantala,frostwolf,480,hunter,beastmastery,12,5,7
Квит,blackscar,480,hunter,beastmastery,12,5,7
Kanzlerkohl,frostwolf,480,hunter,beastmastery,12,5,7
Sbegodx,hyjal,480,hunter,beastmastery,12,5,7
Вуйчеч,howling-fjord,480,hunter,beastmastery,12,5,7
Yamadorî,blackrock,480,hunter,beastmastery,12,5,7
Elmez,outland,480,hunter,beastmastery,12,5,7
Crasharrow,stormscale,480,hunter,beastmastery,12,5,7
Pilpetra,tarren-mill,480,hunter,beastmastery,12,5,7
Dyve,antonidas,480,hunter,beastmastery,12,5,7
Stónéyyx,azjolnerub,480,hunter,beastmastery,12,5,7
Jimbowjones,antonidas,480,hunter,beastmastery,12,5,7
Waneìs,stormscale,480,hunter,beastmastery,12,5,7
Makaxx,stormscale,480,hunter,beastmastery,12,5,7
Seviaz,draenor,480,hunter,beastmastery,12,5,7
Mdmalol,malganis,480,hunter,beastmastery,12,5,7
Wüst,tarren-mill,480,hunter,beastmastery,12,5,7
Yésdave,stormscale,480,hunter,beastmastery,12,5,7
Quoicoubèh,hyjal,480,hunter,beastmastery,12,5,7
Hizzenstein,blackhand,480,hunter,beastmastery,12,5,7
Feelmyfurý,tarren-mill,480,hunter,beastmastery,12,5,7
Hõth,kazzak,480,hunter,beastmastery,12,5,7
Джеймсфранко,blackscar,480,hunter,beastmastery,12,5,7
Eilnu,zuljin,480,hunter,beastmastery,17,5,12
Lepap,arygos,480,hunter,beastmastery,17,5,12
Chrishyh,blackrock,480,hunter,beastmastery,18,5,13
Begøne,draenor,480,hunter,beastmastery,18,5,13
Rheyl,dun-morogh,480,hunter,beastmastery,24,5,19
Djzntrap,outland,479,hunter,beastmastery,12,5,7
Ivanrockstar,draenor,479,hunter,beastmastery,12,5,7
Swïtchz,hyjal,479,hunter,beastmastery,12,5,7
Енвина,gordunni,479,hunter,beastmastery,12,5,7
Killzo,sylvanas,479,hunter,beastmastery,12,5,7
Ninjaskillss,ravencrest,479,hunter,beastmastery,12,5,7
Arhyah,medivh,479,hunter,beastmastery,12,5,7
Droubidi,garona,479,hunter,beastmastery,12,5,7
Sylverein,silvermoon,479,hunter,beastmastery,18,5,13
Arielowy,doomhammer,479,hunter,beastmastery,18,5,13
Kepâssa,ysondre,478,hunter,beastmastery,12,5,7
Добрыйклыкач,gordunni,478,hunter,beastmastery,12,5,7
Oldrocker,sylvanas,478,hunter,beastmastery,18,5,13
Бодрыйсэм,soulflayer,477,hunter,beastmastery,12,5,7
Ghostaim,kazzak,475,hunter,beastmastery,10,6,4
Poine,sylvanas,472,hunter,beastmastery,12,5,7
Ferax,alleria,472,hunter,beastmastery,12,5,7
Ahilleaa,aegwynn,472,hunter,beastmastery,12,5,7
Aryaae,les-clairvoyants,472,hunter,beastmastery,13,5,8
Ruhen,aegwynn,463,hunter,beastmastery,11,5,6
Tiguy,archimonde,462,hunter,beastmastery,23,5,18
Momohenní,archimonde,448,hunter,beastmastery,10,5,5
Kabedon,drakthul,448,hunter,beastmastery,16,5,11
Artemmis,tarren-mill,447,hunter,beastmastery,11,5,6
Bellecoq,arathi,447,hunter,beastmastery,11,5,6
Såvëâmäzøñíà,stormscale,431,hunter,beastmastery,11,5,6
Angeedau,kazzak,431,hunter,beastmastery,11,5,6
Lovecjelenu,drakthul,431,hunter,beastmastery,11,5,6
Grufflin,bronzebeard,430,hunter,beastmastery,11,5,6
Тауриэлль,soulflayer,426,hunter,beastmastery,15,6,9
Truxp,tarren-mill,416,hunter,beastmastery,10,5,5
Valamié,stormscale,415,hunter,beastmastery,8,5,3
Topbow,talnivarr,415,hunter,beastmastery,10,5,5
Darkshe,dun-modr,415,hunter,beastmastery,14,5,9
Tunhaa,arthas,399,hunter,beastmastery,16,6,10
Zbyrkana,neptulon,384,hunter,beastmastery,6,4,2
Разплюханка,howling-fjord,384,hunter,beastmastery,6,4,2
Arellia,blackmoore,384,hunter,beastmastery,6,4,2
Áñmy,ravencrest,384,hunter,beastmastery,6,4,2
Xndr,sanguino,384,hunter,beastmastery,6,4,2
Srvol,dun-modr,384,hunter,beastmastery,6,4,2
Hølinkasbabe,blackmoore,384,hunter,beastmastery,6,4,2
Dafragger,blackmoore,384,hunter,beastmastery,6,4,2
Celebor,sanguino,384,hunter,beastmastery,6,4,2
Pandanero,ravencrest,384,hunter,beastmastery,6,4,2
Wristflex,kazzak,384,hunter,beastmastery,6,4,2
Трисциллочка,howling-fjord,384,hunter,beastmastery,6,4,2
Sackboy,thrall,384,hunter,beastmastery,6,4,2
Hoppelchen,blackmoore,384,hunter,beastmastery,6,4,2
Vïcødïnë,sinstralis,384,hunter,beastmastery,6,4,2
Fajitax,lightbringer,384,hunter,beastmastery,6,4,2
Mestar,outland,384,hunter,beastmastery,6,4,2
Бэрими,gordunni,384,hunter,beastmastery,6,4,2
Chindaliña,zuljin,384,hunter,beastmastery,6,4,2
Bloodymarìe,kelthuzad,384,hunter,beastmastery,6,4,2
Sørha,chogall,384,hunter,beastmastery,6,4,2
Varkiza,sylvanas,384,hunter,beastmastery,6,4,2
Double,sylvanas,384,hunter,beastmastery,6,4,2
Zigi,grim-batol,384,hunter,beastmastery,6,4,2
Kàisèr,shendralar,384,hunter,beastmastery,6,4,2
Jaxxoo,outland,384,hunter,beastmastery,6,4,2
Няшуличка,gordunni,384,hunter,beastmastery,6,4,2
Jagarbladet,ravencrest,384,hunter,beastmastery,6,4,2
Skeng,xavius,384,hunter,beastmastery,6,4,2
Garratha,burning-legion,384,hunter,beastmastery,6,4,2
Mothmanx,kazzak,384,hunter,beastmastery,6,4,2
Khregan,aerie-peak,384,hunter,beastmastery,6,4,2
Ntguilty,blackrock,384,hunter,beastmastery,6,4,2
Machinedream,sylvanas,384,hunter,beastmastery,6,4,2
Murkek,drakthul,384,hunter,beastmastery,6,4,2
Thursty,twisting-nether,384,hunter,beastmastery,6,4,2
Zanéy,ravencrest,384,hunter,beastmastery,6,4,2
Hetzenauer,nathrezim,384,hunter,beastmastery,6,4,2
Нью,soulflayer,384,hunter,beastmastery,6,4,2
Killstreak,magtheridon,384,hunter,beastmastery,6,4,2
Nulldmgmaker,malganis,384,hunter,beastmastery,6,4,2
Kioception,blackrock,384,hunter,beastmastery,6,4,2
Napa,kazzak,384,hunter,beastmastery,6,4,2
Tiratats,sylvanas,384,hunter,beastmastery,6,4,2
Béarrockx,alleria,384,hunter,beastmastery,6,4,2
Illaice,antonidas,384,hunter,beastmastery,6,4,2
Schwabbels,silvermoon,384,hunter,beastmastery,6,4,2
Nomorepain,outland,384,hunter,beastmastery,6,4,2
Riema,ragnaros,384,hunter,beastmastery,6,4,2
Zyprix,blackrock,384,hunter,beastmastery,6,4,2
Nocturr,ragnaros,384,hunter,beastmastery,6,4,2
Ghõst,frostmane,384,hunter,beastmastery,6,4,2
Komesz,ragnaros,384,hunter,beastmastery,6,4,2
Djurmästaren,ravencrest,384,hunter,beastmastery,6,4,2
Патапум,deathguard,384,hunter,beastmastery,6,4,2
Thromkhar,sanguino,384,hunter,beastmastery,6,4,2
Кайсго,gordunni,384,hunter,beastmastery,6,4,2
Oobe,hyjal,384,hunter,beastmastery,6,4,2
Xiviora,archimonde,384,hunter,beastmastery,6,4,2
Azzazeal,drakthul,384,hunter,beastmastery,6,4,2
Sxmphxny,argent-dawn,384,hunter,beastmastery,6,4,2
Eisenhørn,archimonde,384,hunter,beastmastery,6,4,2
Robbingyou,tarren-mill,384,hunter,beastmastery,6,4,2
Nith,ungoro,384,hunter,beastmastery,6,4,2
Вихтриэль,gordunni,384,hunter,beastmastery,6,4,2
Elðer,dentarg,384,hunter,beastmastery,10,5,5
Lännennopein,outland,384,hunter,beastmastery,17,6,11
Valomeere,tarren-mill,384,hunter,beastmastery,12,4,8
Neocb,ravencrest,384,hunter,beastmastery,12,4,8
Sîriell,arthas,384,hunter,beastmastery,12,4,8
Thekev,ravencrest,384,hunter,beastmastery,12,4,8
Thérón,ravencrest,384,hunter,beastmastery,12,4,8
Marzenielas,silvermoon,384,hunter,beastmastery,12,4,8
Nîco,nathrezim,384,hunter,beastmastery,12,4,8
Sjufemman,ravencrest,384,hunter,beastmastery,12,4,8
Catman,stormreaver,384,hunter,beastmastery,12,4,8
Exwifey,ravencrest,384,hunter,beastmastery,12,4,8
Brønkø,azshara,384,hunter,beastmastery,12,4,8
Malromero,outland,384,hunter,beastmastery,12,4,8
Серцебиение,soulflayer,384,hunter,beastmastery,12,4,8
Sharpeneye,ragnaros,384,hunter,beastmastery,12,4,8
Гернриета,gordunni,384,hunter,beastmastery,12,4,8
Zippyzen,twisting-nether,384,hunter,beastmastery,12,4,8
Øï,outland,384,hunter,beastmastery,12,4,8
Qled,sylvanas,384,hunter,beastmastery,12,4,8
Вейзу,ashenvale,384,hunter,beastmastery,12,4,8
Mobshot,twisting-nether,384,hunter,beastmastery,12,4,8
Navarro,nemesis,384,hunter,beastmastery,12,4,8
Teddybeardo,stormscale,384,hunter,beastmastery,12,4,8
Saiko,kazzak,384,hunter,beastmastery,12,4,8
Tøixøna,tyrande,384,hunter,beastmastery,12,4,8
Horxxa,kul-tiras,384,hunter,beastmastery,12,4,8
Monnee,outland,384,hunter,beastmastery,12,4,8
Penehuntos,eredar,384,hunter,beastmastery,12,4,8
Pergola,spinebreaker,384,hunter,beastmastery,12,4,8
Zynga,sylvanas,384,hunter,beastmastery,12,4,8
Zakert,zuljin,384,hunter,beastmastery,12,4,8
Кустурица,azuregos,384,hunter,beastmastery,12,4,8
Sylphie,dalaran,384,hunter,beastmastery,12,4,8
Dissectiøn,hyjal,384,hunter,beastmastery,12,4,8
Дэлмор,greymane,384,hunter,beastmastery,12,4,8
Aléxy,sanguino,384,hunter,beastmastery,12,4,8
Khyleanqt,dun-modr,384,hunter,beastmastery,12,4,8
Nßatrapper,outland,384,hunter,beastmastery,12,4,8
Дланьгоспода,soulflayer,384,hunter,beastmastery,13,4,9
Keinzira,hyjal,384,hunter,beastmastery,16,4,12
Kayvaal,kaelthas,384,hunter,beastmastery,18,4,14
Хедшоттер,blackscar,384,hunter,beastmastery,18,4,14
Tervueren,burning-blade,384,hunter,beastmastery,18,4,14
Bláckheart,doomhammer,384,hunter,beastmastery,18,4,14
Swargano,archimonde,384,hunter,beastmastery,18,4,14
Mævis,ravencrest,384,hunter,beastmastery,18,4,14
Bemtistaru,draenor,384,hunter,beastmastery,18,4,14
Resonate,stormreaver,383,hunter,beastmastery,6,4,2
Jelezenchuk,outland,383,hunter,beastmastery,6,4,2
Xscaper,twilights-hammer,383,hunter,beastmastery,6,4,2
Doguago,draenor,383,hunter,beastmastery,12,4,8
Huntseeker,draenor,383,hunter,beastmastery,12,4,8
Bessa,skullcrusher,383,hunter,beastmastery,12,4,8
Lalluna,malganis,383,hunter,beastmastery,12,4,8
Mugiwaras,eldrethalas,383,hunter,beastmastery,18,4,14
Beerox,ysondre,382,hunter,beastmastery,12,4,8
Neuwi,stormreaver,382,hunter,beastmastery,12,4,8
Баззи,grom,382,hunter,beastmastery,12,4,8
Jolox,blackrock,379,hunter,beastmastery,12,4,8
Thelasiel,aerie-peak,379,hunter,beastmastery,12,4,8
Barzti,thrall,376,hunter,beastmastery,12,6,6
Pîpî,blackrock,368,hunter,beastmastery,11,6,5
Zakos,kirin-tor,351,hunter,beastmastery,17,4,13
Jaszczomp,magtheridon,350,hunter,beastmastery,16,4,12
Harpers,kazzak,336,hunter,beastmastery,15,4,11
Dorollo,khaz-modan,332,hunter,beastmastery,11,4,7
Itzcritch,tarren-mill,330,hunter,beastmastery,14,5,9
Skyh,outland,330,hunter,beastmastery,16,5,11
Ozunâ,blackmoore,318,hunter,beastmastery,24,8,16
Klèo,frostwhisper,288,hunter,beastmastery,6,3,3
Visas,burning-legion,288,hunter,beastmastery,6,3,3
Микихаса,galakrond,288,hunter,beastmastery,6,3,3
Арнесс,deepholm,288,hunter,beastmastery,6,3,3
Prurt,pozzo-delleternità,288,hunter,beastmastery,6,3,3
Anthorio,cthun,288,hunter,beastmastery,6,3,3
Saîtek,chogall,288,hunter,beastmastery,6,3,3
Natashä,area-52,288,hunter,beastmastery,6,3,3
Svinrbglol,arygos,288,hunter,beastmastery,6,3,3
Katzchen,burning-legion,288,hunter,beastmastery,6,3,3
Natchell,ysondre,288,hunter,beastmastery,6,3,3
Papisbae,stormscale,288,hunter,beastmastery,6,3,3
Daela,elune,288,hunter,beastmastery,6,3,3
Cryptomars,twisting-nether,288,hunter,beastmastery,6,3,3
Kronkh,nemesis,288,hunter,beastmastery,6,3,3
Berenger,twisting-nether,288,hunter,beastmastery,6,3,3
Скукота,grom,288,hunter,beastmastery,6,3,3
Будкусломаю,grom,288,hunter,beastmastery,6,3,3
Hattorisama,ghostlands,288,hunter,beastmastery,6,3,3
Elbatale,sylvanas,288,hunter,beastmastery,6,3,3
Ipad,cthun,288,hunter,beastmastery,6,3,3
Liikes,arygos,288,hunter,beastmastery,6,3,3
Bâng,zuljin,288,hunter,beastmastery,6,3,3
Taurïel,stormscale,288,hunter,beastmastery,6,3,3
Texaco,dun-modr,288,hunter,beastmastery,6,3,3
Nastynutshot,stormscale,288,hunter,beastmastery,6,3,3
Nathah,burning-legion,288,hunter,beastmastery,6,3,3
Mark,runetotem,288,hunter,beastmastery,6,3,3
Ðøømsðay,sanguino,288,hunter,beastmastery,6,3,3
Hallem,karazhan,288,hunter,beastmastery,6,3,3
Zajebantip,sylvanas,288,hunter,beastmastery,6,3,3
Valtondre,argent-dawn,288,hunter,beastmastery,6,3,3
Enthur,sylvanas,288,hunter,beastmastery,6,3,3
Xðxðxðxðxðxð,sylvanas,288,hunter,beastmastery,6,3,3
Ekz,twisting-nether,288,hunter,beastmastery,6,3,3
Efficíent,auchindoun,288,hunter,beastmastery,6,3,3
Chasseeur,archimonde,288,hunter,beastmastery,6,3,3
Bòw,antonidas,288,hunter,beastmastery,6,3,3
Thyala,twisting-nether,288,hunter,beastmastery,6,3,3
Lûnelle,argent-dawn,288,hunter,beastmastery,6,3,3
Kondirox,twisting-nether,288,hunter,beastmastery,6,3,3
Колтрэйнборз,blackscar,288,hunter,beastmastery,6,3,3
Shedzargo,twisting-nether,288,hunter,beastmastery,6,3,3
Стингергодх,gordunni,288,hunter,beastmastery,6,3,3
Kaletorw,ragnaros,288,hunter,beastmastery,6,3,3
Aimshot,ravencrest,288,hunter,beastmastery,6,3,3
Haggy,die-nachtwache,288,hunter,beastmastery,6,3,3
Chrønôs,archimonde,288,hunter,beastmastery,6,3,3
Nervetøxin,ravencrest,288,hunter,beastmastery,6,3,3
Shimzz,twisting-nether,288,hunter,beastmastery,6,3,3
Nestereo,zirkel-des-cenarius,288,hunter,beastmastery,6,3,3
Боураш,gordunni,288,hunter,beastmastery,6,3,3
Тысячиимен,gordunni,288,hunter,beastmastery,6,3,3
Zäroury,ravencrest,288,hunter,beastmastery,6,3,3
Наладдчик,howling-fjord,288,hunter,beastmastery,6,3,3
Beefchops,draenor,288,hunter,beastmastery,6,3,3
Козладой,gordunni,288,hunter,beastmastery,6,3,3
Шеннокс,howling-fjord,288,hunter,beastmastery,6,3,3
Jimpage,eredar,288,hunter,beastmastery,6,3,3
Sebikh,ravencrest,288,hunter,beastmastery,6,3,3
Ragingdragon,turalyon,288,hunter,beastmastery,6,3,3
Демела,gordunni,288,hunter,beastmastery,6,3,3
Доррети,howling-fjord,288,hunter,beastmastery,6,3,3
Живучийорех,gordunni,288,hunter,beastmastery,6,3,3
Келентори,gordunni,288,hunter,beastmastery,6,3,3
Трапавграунд,howling-fjord,288,hunter,beastmastery,6,3,3
Yümekø,khaz-modan,288,hunter,beastmastery,6,3,3
Кискавтесте,gordunni,288,hunter,beastmastery,6,3,3
Lioneli,sylvanas,288,hunter,beastmastery,6,3,3
Abonah,khaz-modan,288,hunter,beastmastery,6,3,3
Kanwfulldmg,stormscale,288,hunter,beastmastery,6,3,3
Keyshu,die-aldor,288,hunter,beastmastery,6,3,3
Оркос,deathweaver,288,hunter,beastmastery,6,3,3
Рофшор,gordunni,288,hunter,beastmastery,6,3,3
Arsola,sylvanas,288,hunter,beastmastery,6,3,3
Styxht,blackhand,288,hunter,beastmastery,6,3,3
Mooj,malganis,288,hunter,beastmastery,6,3,3
Zercore,echsenkessel,288,hunter,beastmastery,6,3,3
Shtooko,conseil-des-ombres,288,hunter,beastmastery,6,3,3
Baïonnettex,archimonde,288,hunter,beastmastery,6,3,3
Bârli,amanthul,288,hunter,beastmastery,6,3,3
Darthbow,outland,288,hunter,beastmastery,6,3,3
Darkdrais,archimonde,288,hunter,beastmastery,6,3,3
Donbonz,blackmoore,288,hunter,beastmastery,6,3,3
Nizzoz,blackmoore,288,hunter,beastmastery,6,3,3
Bugspitz,outland,288,hunter,beastmastery,6,3,3
Popofles,outland,288,hunter,beastmastery,6,3,3
Haeero,archimonde,288,hunter,beastmastery,6,3,3
Scräppÿ,kazzak,288,hunter,beastmastery,6,3,3
Ileira,blackmoore,288,hunter,beastmastery,6,3,3
Fedya,kazzak,288,hunter,beastmastery,6,3,3
Huntness,kazzak,288,hunter,beastmastery,6,3,3
Lofiel,aegwynn,288,hunter,beastmastery,6,3,3
Anhur,blackmoore,288,hunter,beastmastery,6,3,3
Niedzwiedzor,silvermoon,288,hunter,beastmastery,6,3,3
Fangzahn,aegwynn,288,hunter,beastmastery,6,3,3
Japuog,kazzak,288,hunter,beastmastery,6,3,3
Djtrapyasis,blackmoore,288,hunter,beastmastery,6,3,3
Birdwatcher,kazzak,288,hunter,beastmastery,6,3,3
Sakaryali,silvermoon,288,hunter,beastmastery,6,3,3
Thebigboom,outland,288,hunter,beastmastery,6,3,3
Kxx,kazzak,288,hunter,beastmastery,6,3,3
Ravis,aegwynn,288,hunter,beastmastery,6,3,3
Weedonyhunt,hyjal,288,hunter,beastmastery,6,3,3
Yssup,frostmane,288,hunter,beastmastery,6,3,3
Yoey,tarren-mill,288,hunter,beastmastery,6,3,3
Dangen,stormreaver,288,hunter,beastmastery,6,3,3
Imonér,frostmane,288,hunter,beastmastery,6,3,3
Iliíilíiílíl,outland,288,hunter,beastmastery,6,3,3
Zoophobiaqt,silvermoon,288,hunter,beastmastery,6,3,3
Akahr,thrall,288,hunter,beastmastery,6,3,3
Haraigoshí,grim-batol,288,hunter,beastmastery,6,3,3
Blazeblue,hyjal,288,hunter,beastmastery,6,3,3
Aldra,kelthuzad,288,hunter,beastmastery,6,3,3
Salemenos,silvermoon,288,hunter,beastmastery,6,3,3
Skrag,outland,288,hunter,beastmastery,6,3,3
Kragán,silvermoon,288,hunter,beastmastery,6,3,3
Artze,outland,288,hunter,beastmastery,6,3,3
Goethe,ravencrest,288,hunter,beastmastery,9,4,5
Хантероо,gordunni,288,hunter,beastmastery,8,3,5
Nerøz,ravencrest,288,hunter,beastmastery,12,3,9
Spakster,blackrock,288,hunter,beastmastery,12,3,9
Jellyfat,silvermoon,288,hunter,beastmastery,12,3,9
Ímpulsion,stormscale,288,hunter,beastmastery,12,3,9
Crittix,kiljaeden,288,hunter,beastmastery,12,3,9
Xoarqt,aegwynn,288,hunter,beastmastery,12,3,9
Quasar,ravencrest,288,hunter,beastmastery,12,3,9
Mârked,argent-dawn,288,hunter,beastmastery,12,3,9
Perkxd,stormscale,288,hunter,beastmastery,12,3,9
Stuckstepbro,silvermoon,288,hunter,beastmastery,12,3,9
Zárnah,defias-brotherhood,288,hunter,beastmastery,12,3,9
Andraz,burning-legion,288,hunter,beastmastery,12,3,9
Riik,ragnaros,288,hunter,beastmastery,12,3,9
Nelthara,burning-blade,288,hunter,beastmastery,12,3,9
Marusmaskin,kazzak,288,hunter,beastmastery,12,3,9
Drakess,daggerspine,288,hunter,beastmastery,12,3,9
Mélovéa,sinstralis,288,hunter,beastmastery,12,3,9
Rrushi,argent-dawn,288,hunter,beastmastery,12,3,9
Jaguarundy,dun-modr,288,hunter,beastmastery,12,3,9
Jamesbownd,ravencrest,288,hunter,beastmastery,12,3,9
Headhunterzz,dun-modr,288,hunter,beastmastery,12,3,9
Shalinda,azshara,288,hunter,beastmastery,12,3,9
Götthunter,antonidas,288,hunter,beastmastery,12,3,9
Хансбург,howling-fjord,288,hunter,beastmastery,12,3,9
Krëmpai,frostmane,288,hunter,beastmastery,12,3,9
Drherbs,bloodhoof,288,hunter,beastmastery,12,3,9
Huntardxx,outland,288,hunter,beastmastery,12,3,9
Narziel,die-todeskrallen,288,hunter,beastmastery,12,3,9
Rachelzane,blackrock,288,hunter,beastmastery,12,3,9
Frikandelli,outland,288,hunter,beastmastery,12,3,9
Phillon,blackrock,288,hunter,beastmastery,12,3,9
Drennak,kult-der-verdammten,288,hunter,beastmastery,12,3,9
Gzà,kazzak,288,hunter,beastmastery,12,3,9
Demónhunter,frostmane,288,hunter,beastmastery,12,3,9
Tillhunt,kargath,288,hunter,beastmastery,12,3,9
Дварфмэн,gordunni,288,hunter,beastmastery,13,3,10
Tràpz,archimonde,288,hunter,beastmastery,14,3,11
Ohwagga,pozzo-delleternità,287,hunter,beastmastery,6,3,3
Промахнулся,gordunni,287,hunter,beastmastery,12,3,9
Asca,eldrethalas,287,hunter,beastmastery,12,3,9
Voraxh,draenor,287,hunter,beastmastery,12,3,9
Oatmeal,dun-morogh,287,hunter,beastmastery,12,3,9
Trapgodz,ragnaros,271,hunter,beastmastery,11,3,8
Lightrandom,kazzak,269,hunter,beastmastery,11,3,8
Ватмано,gordunni,255,hunter,beastmastery,8,4,4
Sarblade,bronze-dragonflight,255,hunter,beastmastery,11,3,8
Graltar,tarren-mill,255,hunter,beastmastery,11,3,8
Shoothim,destromath,254,hunter,beastmastery,8,4,4
Кулерквест,soulflayer,240,hunter,beastmastery,9,3,6
Dybhalsma,outland,239,hunter,beastmastery,5,3,2
Dogthebounty,tarren-mill,234,hunter,beastmastery,8,4,4
Слышумертвых,gordunni,234,hunter,beastmastery,15,5,10
Sacroz,frostwhisper,223,hunter,beastmastery,8,3,5
Shagora,dalaran,223,hunter,beastmastery,8,3,5
Musraah,zuljin,192,hunter,beastmastery,5,3,2
Травок,gordunni,192,hunter,beastmastery,6,2,4
Marudô,aegwynn,192,hunter,beastmastery,6,2,4
Samasukë,grim-batol,192,hunter,beastmastery,6,2,4
Bethenny,draenor,192,hunter,beastmastery,6,2,4
Jayyke,frostmane,192,hunter,beastmastery,6,2,4
Шимэйла,gordunni,192,hunter,beastmastery,6,2,4
Jezaja,draenor,192,hunter,beastmastery,6,2,4
Lifeiscool,drakthul,192,hunter,beastmastery,6,2,4
Sarbacanes,hyjal,192,hunter,beastmastery,6,2,4
Waveshoot,hyjal,192,hunter,beastmastery,6,2,4
Hvaskøduenme,stormscale,192,hunter,beastmastery,6,2,4
Holytrapqt,aegwynn,192,hunter,beastmastery,6,2,4
Bæbåk,frostmane,192,hunter,beastmastery,6,2,4
Nómarak,drakthul,192,hunter,beastmastery,6,2,4
Arykes,drakthul,192,hunter,beastmastery,6,2,4
Риперквин,gordunni,192,hunter,beastmastery,6,2,4
Privelle,argent-dawn,192,hunter,beastmastery,6,2,4
Wodhunterjr,ravencrest,192,hunter,beastmastery,6,2,4
Zetaph,argent-dawn,192,hunter,beastmastery,6,2,4
Wülfhart,argent-dawn,192,hunter,beastmastery,6,2,4
Dentaar,draenor,192,hunter,beastmastery,6,2,4
Хароко,gordunni,192,hunter,beastmastery,6,2,4
Dis,twilights-hammer,192,hunter,beastmastery,6,2,4
Talanar,tarren-mill,192,hunter,beastmastery,6,2,4
Nikzeubii,archimonde,192,hunter,beastmastery,6,2,4
Zusale,azshara,192,hunter,beastmastery,6,2,4
Azahunt,kazzak,192,hunter,beastmastery,6,2,4
Annababygirl,silvermoon,192,hunter,beastmastery,6,2,4
Myoui,silvermoon,192,hunter,beastmastery,6,2,4
Ефрейя,gordunni,192,hunter,beastmastery,6,2,4
Orosko,archimonde,192,hunter,beastmastery,6,2,4
Comegetme,auchindoun,192,hunter,beastmastery,6,2,4
Bodytypedog,ragnaros,192,hunter,beastmastery,6,2,4
Goosebite,ravencrest,192,hunter,beastmastery,6,2,4
Snakepit,stormscale,192,hunter,beastmastery,6,2,4
Avp,sylvanas,192,hunter,beastmastery,6,2,4
Vorthrax,drakthul,192,hunter,beastmastery,6,2,4
Díkembe,aegwynn,192,hunter,beastmastery,6,2,4
Ядрис,gordunni,192,hunter,beastmastery,6,2,4
Diabloiv,doomhammer,192,hunter,beastmastery,6,2,4
Nythilia,blackrock,192,hunter,beastmastery,6,2,4
Fofoulinaki,silvermoon,192,hunter,beastmastery,6,2,4
Marryme,blackhand,192,hunter,beastmastery,6,2,4
Pets,aegwynn,192,hunter,beastmastery,6,2,4
Luuszapfae,aegwynn,192,hunter,beastmastery,6,2,4
Vör,drakthul,192,hunter,beastmastery,6,2,4
Ataxyjr,ravencrest,192,hunter,beastmastery,6,2,4
Legolex,burning-blade,192,hunter,beastmastery,6,2,4
Progh,ragnaros,192,hunter,beastmastery,6,2,4
Twirlylock,emerald-dream,192,hunter,beastmastery,6,2,4
Silencxz,aegwynn,192,hunter,beastmastery,6,2,4
Avâlos,dentarg,192,hunter,beastmastery,6,2,4
Feedbackloop,silvermoon,192,hunter,beastmastery,6,2,4
Medûse,stormscale,192,hunter,beastmastery,6,2,4
Raztreadör,dun-modr,192,hunter,beastmastery,6,2,4
Màdnéss,blackmoore,192,hunter,beastmastery,6,2,4
Elastaplast,thunderhorn,192,hunter,beastmastery,6,2,4
Yakayoshi,kazzak,192,hunter,beastmastery,6,2,4
Shademd,ahnqiraj,192,hunter,beastmastery,6,2,4
Phantoprowl,stormscale,192,hunter,beastmastery,6,2,4
Dragoki,blackmoore,192,hunter,beastmastery,6,2,4
Pixxeel,khaz-modan,192,hunter,beastmastery,6,2,4
Droz,blackmoore,192,hunter,beastmastery,6,2,4
Willzz,ravencrest,192,hunter,beastmastery,6,2,4
Wolfmarko,ragnaros,192,hunter,beastmastery,6,2,4
Foleck,aegwynn,192,hunter,beastmastery,6,2,4
Sotu,stormscale,192,hunter,beastmastery,6,2,4
Dogstrust,stormscale,192,hunter,beastmastery,6,2,4
Níne,sylvanas,192,hunter,beastmastery,6,2,4
Phyllobates,blackrock,192,hunter,beastmastery,6,2,4
Lersey,blackmoore,192,hunter,beastmastery,6,2,4
Gandro,blackmoore,192,hunter,beastmastery,6,2,4
Mâgnesium,blackmoore,192,hunter,beastmastery,6,2,4
As,kazzak,192,hunter,beastmastery,6,2,4
Aughtism,turalyon,192,hunter,beastmastery,6,2,4
Cøkø,sanguino,192,hunter,beastmastery,6,2,4
Doraxa,sanguino,192,hunter,beastmastery,6,2,4
Kirinó,ragnaros,192,hunter,beastmastery,6,2,4
Sarganno,archimonde,192,hunter,beastmastery,6,2,4
Naid,lordaeron,192,hunter,beastmastery,6,2,4
Dola,archimonde,192,hunter,beastmastery,6,2,4
Ancalarion,tarren-mill,192,hunter,beastmastery,6,2,4
Wolfariana,chamber-of-aspects,192,hunter,beastmastery,6,2,4
Ренектон,soulflayer,192,hunter,beastmastery,6,2,4
Dahunter,blackmoore,192,hunter,beastmastery,6,2,4
Скелус,soulflayer,192,hunter,beastmastery,6,2,4
Bówyóurfácé,outland,192,hunter,beastmastery,6,2,4
Bernhardoder,blackhand,192,hunter,beastmastery,6,2,4
Zulldek,sanguino,192,hunter,beastmastery,6,2,4
Генрах,soulflayer,192,hunter,beastmastery,6,2,4
Anghron,minahonda,192,hunter,beastmastery,6,2,4
Maeba,shendralar,192,hunter,beastmastery,6,2,4
Korrekt,stormscale,192,hunter,beastmastery,6,2,4
Deskö,shendralar,192,hunter,beastmastery,6,2,4
Bradunov,sylvanas,192,hunter,beastmastery,6,2,4
Mufassa,sinstralis,192,hunter,beastmastery,6,2,4
Gunmeister,bronzebeard,192,hunter,beastmastery,6,2,4
Jarran,karazhan,192,hunter,beastmastery,6,2,4
Starkt,ragnaros,192,hunter,beastmastery,6,2,4
Curtiss,sanguino,192,hunter,beastmastery,6,2,4
Kabá,eredar,192,hunter,beastmastery,6,2,4
Bojestemrudy,outland,192,hunter,beastmastery,6,2,4
Кукито,goldrinn,192,hunter,beastmastery,6,2,4
Robal,burning-legion,192,hunter,beastmastery,6,2,4
Samodiva,twisting-nether,192,hunter,beastmastery,6,2,4
Спелла,goldrinn,192,hunter,beastmastery,6,2,4
Focùs,eredar,192,hunter,beastmastery,6,2,4
Lágåta,outland,192,hunter,beastmastery,6,2,4
Stronkbeast,kazzak,192,hunter,beastmastery,6,2,4
Thecorruptor,skullcrusher,192,hunter,beastmastery,6,2,4
Abraxan,twisting-nether,192,hunter,beastmastery,6,2,4
Фэйсконтроль,azuregos,192,hunter,beastmastery,6,2,4
Scatterinc,antonidas,192,hunter,beastmastery,6,2,4
Xeragon,frostwolf,192,hunter,beastmastery,6,2,4
Wildwingsebb,nazjatar,192,hunter,beastmastery,6,2,4
Gukéx,stormscale,192,hunter,beastmastery,6,2,4
Patrouifort,ysondre,192,hunter,beastmastery,6,2,4
Aliyaan,twisting-nether,192,hunter,beastmastery,6,2,4
Sylasteria,twisting-nether,192,hunter,beastmastery,6,2,4
Жабра,gordunni,192,hunter,beastmastery,11,3,8
Куджикс,soulflayer,192,hunter,beastmastery,19,4,15
Swallowbaby,lothar,192,hunter,beastmastery,12,2,10
Elja,laughing-skull,192,hunter,beastmastery,12,2,10
Calesthas,tarren-mill,192,hunter,beastmastery,12,2,10
Кронн,howling-fjord,192,hunter,beastmastery,12,2,10
Biorson,silvermoon,192,hunter,beastmastery,12,2,10
Schräubchen,antonidas,192,hunter,beastmastery,12,2,10
Psailaa,azjolnerub,192,hunter,beastmastery,12,2,10
Кертион,howling-fjord,192,hunter,beastmastery,12,2,10
Waraëlle,dalaran,192,hunter,beastmastery,12,2,10
Фомкалол,howling-fjord,192,hunter,beastmastery,12,2,10
Pôîson,kazzak,192,hunter,beastmastery,12,2,10
Talmïr,archimonde,192,hunter,beastmastery,12,2,10
Hêndricks,eredar,192,hunter,beastmastery,12,2,10
Jeddaj,stormscale,192,hunter,beastmastery,12,2,10
Willýs,ysondre,192,hunter,beastmastery,12,2,10
Korneatza,twisting-nether,192,hunter,beastmastery,12,2,10
Slayman,kazzak,192,hunter,beastmastery,18,2,16
Traknard,confrérie-du-thorium,191,hunter,beastmastery,6,2,4
Сливочкии,goldrinn,191,hunter,beastmastery,6,2,4
Charlet,archimonde,191,hunter,beastmastery,6,2,4
Snehvit,bloodhoof,191,hunter,beastmastery,12,2,10
Kizscamander,magtheridon,191,hunter,beastmastery,12,2,10
Uab,dun-morogh,191,hunter,beastmastery,12,2,10
Masarusan,eredar,175,hunter,beastmastery,11,2,9
Eilosh,outland,160,hunter,beastmastery,10,2,8
Rakmo,blackmoore,159,hunter,beastmastery,5,2,3
Dolwen,argent-dawn,159,hunter,beastmastery,5,2,3
Guna,aggra-português,159,hunter,beastmastery,5,2,3
Phinox,sanguino,159,hunter,beastmastery,11,2,9
Cadier,argent-dawn,144,hunter,beastmastery,3,3,0
Enîgmatîke,archimonde,138,hunter,beastmastery,9,3,6
Deathøfrats,ravencrest,128,hunter,beastmastery,4,2,2
Elnazar,archimonde,128,hunter,beastmastery,4,2,2
Иттириса,gordunni,128,hunter,beastmastery,4,2,2
Heavenknøws,dun-modr,96,hunter,beastmastery,3,2,1
Huntinger,twisting-nether,96,hunter,beastmastery,3,2,1
Darkray,dalaran,96,hunter,beastmastery,6,1,5
Hÿyrøk,ysondre,96,hunter,beastmastery,6,1,5
Weafster,outland,96,hunter,beastmastery,6,1,5
Exorbitant,blackrock,96,hunter,beastmastery,6,1,5
Achiles,die-todeskrallen,96,hunter,beastmastery,6,1,5
Gurkans,aggramar,96,hunter,beastmastery,6,1,5
Dasmusdrückn,antonidas,96,hunter,beastmastery,6,1,5
Idetylem,burning-legion,96,hunter,beastmastery,6,1,5
Bobtroll,twisting-nether,96,hunter,beastmastery,6,1,5
Grigur,dalaran,96,hunter,beastmastery,6,1,5
Elfyhunter,outland,96,hunter,beastmastery,6,1,5
Noxll,gorgonnash,96,hunter,beastmastery,6,1,5
Buoma,kazzak,96,hunter,beastmastery,6,1,5
Trollohunt,twisting-nether,96,hunter,beastmastery,6,1,5
Nomorex,frostwhisper,96,hunter,beastmastery,6,1,5
Sokrám,sanguino,96,hunter,beastmastery,6,1,5
Auau,the-maelstrom,96,hunter,beastmastery,6,1,5
Zurzok,blackrock,96,hunter,beastmastery,6,1,5
Пиппиракон,soulflayer,96,hunter,beastmastery,6,1,5
Zulô,rexxar,96,hunter,beastmastery,6,1,5
Bloodking,madmortem,96,hunter,beastmastery,6,1,5
Táráh,proudmoore,96,hunter,beastmastery,6,1,5
Круперок,howling-fjord,96,hunter,beastmastery,6,1,5
Jägerjokke,blackrock,96,hunter,beastmastery,6,1,5
Foxhunt,turalyon,96,hunter,beastmastery,6,1,5
Valiriz,blackmoore,96,hunter,beastmastery,6,1,5
Jozsiur,ragnaros,96,hunter,beastmastery,6,1,5
Pewpewcus,ravencrest,96,hunter,beastmastery,6,1,5
Hairyplottér,kazzak,96,hunter,beastmastery,6,1,5
Wórldz,dun-modr,96,hunter,beastmastery,6,1,5
Rayana,garrosh,96,hunter,beastmastery,6,1,5
Beastmaster,ragnaros,96,hunter,beastmastery,6,1,5
Ichbringbier,blackrock,96,hunter,beastmastery,6,1,5
Gramzy,blackmoore,96,hunter,beastmastery,6,1,5
Hante,ravencrest,96,hunter,beastmastery,6,1,5
Øô,blackrock,96,hunter,beastmastery,6,1,5
Traptard,blackrock,96,hunter,beastmastery,6,1,5
Nätzz,dun-modr,96,hunter,beastmastery,6,1,5
Hechozar,kazzak,96,hunter,beastmastery,6,1,5
Ðxlz,archimonde,96,hunter,beastmastery,6,1,5
Baldazr,shadowsong,96,hunter,beastmastery,6,1,5
Женистайл,howling-fjord,96,hunter,beastmastery,6,1,5
Anun,magtheridon,96,hunter,beastmastery,6,1,5
Runescimmy,twisting-nether,96,hunter,beastmastery,6,1,5
Justchill,ravencrest,96,hunter,beastmastery,6,1,5
Oou,auchindoun,96,hunter,beastmastery,6,1,5
Betarayjinx,kazzak,96,hunter,beastmastery,6,1,5
Odenssbest,silvermoon,96,hunter,beastmastery,6,1,5
Hntudwn,azshara,96,hunter,beastmastery,6,1,5
Bensoussan,archimonde,96,hunter,beastmastery,6,1,5
Буреклык,gordunni,96,hunter,beastmastery,6,1,5
Дочьпескова,gordunni,96,hunter,beastmastery,6,1,5
Imahuntard,frostmane,96,hunter,beastmastery,6,1,5
Zogzøg,draenor,96,hunter,beastmastery,6,1,5
Chambiann,tarren-mill,96,hunter,beastmastery,6,1,5
Jâyranger,ravencrest,96,hunter,beastmastery,6,1,5
Platano,hyjal,96,hunter,beastmastery,6,1,5
Derhùnethàl,hyjal,96,hunter,beastmastery,6,1,5
Steez,hyjal,96,hunter,beastmastery,6,1,5
Zergst,nathrezim,96,hunter,beastmastery,6,1,5
Эннабонни,gordunni,96,hunter,beastmastery,6,1,5
Drolarin,zuljin,96,hunter,beastmastery,6,1,5
Teedfredd,tarren-mill,96,hunter,beastmastery,6,1,5
Ventaric,pozzo-delleternità,96,hunter,beastmastery,6,1,5
Zugzlug,tarren-mill,96,hunter,beastmastery,6,1,5
Anhyzer,nemesis,96,hunter,beastmastery,6,1,5
Hashaya,hyjal,96,hunter,beastmastery,6,1,5
Fizí,stormscale,96,hunter,beastmastery,6,1,5
Bobletty,tarren-mill,96,hunter,beastmastery,6,1,5
Сочнаятурель,howling-fjord,96,hunter,beastmastery,6,1,5
Nicoh,elune,96,hunter,beastmastery,6,1,5
Thóorin,ravencrest,96,hunter,beastmastery,12,1,11
Schmaikell,blackmoore,96,hunter,beastmastery,12,1,11
Críted,blackmoore,96,hunter,beastmastery,12,1,11
Сыньйорита,howling-fjord,96,hunter,beastmastery,12,1,11
Tsyapka,tarren-mill,96,hunter,beastmastery,12,1,11
Vandathien,stormrage,96,hunter,beastmastery,12,1,11
Jamaro,dun-modr,96,hunter,beastmastery,12,1,11
Johnnygnus,drakthul,96,hunter,beastmastery,12,1,11
Milandria,antonidas,96,hunter,beastmastery,18,1,17
Халфен,eversong,79,hunter,beastmastery,5,1,4
Youngjinh,ravencrest,64,hunter,beastmastery,4,1,3
Quiarà,elune,64,hunter,beastmastery,4,1,3
Bmilfhunter,blackhand,64,hunter,beastmastery,4,1,3
Yahamenistos,ysondre,64,hunter,beastmastery,4,1,3
Illnysa,silvermoon,48,hunter,beastmastery,3,1,2
Voldtzeig,dentarg,42,hunter,beastmastery,13,4,9
Liscie,silvermoon,42,hunter,beastmastery,14,2,12
Котюнечка,gordunni,31,hunter,beastmastery,2,1,1
Martuk,aegwynn,31,hunter,beastmastery,2,1,1
Ôrly,outland,31,hunter,beastmastery,2,1,1
Ripulianneli,stormscale,31,hunter,beastmastery,2,1,1
Random,sylvanas,16,hunter,beastmastery,1,1,0
Gwaan,outland,9,hunter,beastmastery,6,2,4
Aleç,ravencrest,1932,mage,arcane,60,31,29
Aleteia,stormscale,1884,mage,arcane,70,36,34
Choll,stormscale,1866,mage,arcane,30,20,10
Tokerlol,stormscale,1863,mage,arcane,167,97,70
Wàneís,ravencrest,1843,mage,arcane,78,38,40
Castorcato,kazzak,1841,mage,arcane,60,34,26
Boogeymanx,ravencrest,1822,mage,arcane,36,21,15
Макотшельник,gordunni,1807,mage,arcane,24,19,5
Belthesad,twisting-nether,1806,mage,arcane,62,42,20
Фоулли,howling-fjord,1794,mage,arcane,54,28,26
Ephreaym,stormscale,1787,mage,arcane,83,39,44
Bebenm,archimonde,1762,mage,arcane,105,47,58
Нефростмаг,gordunni,1756,mage,arcane,168,85,83
Папущенный,soulflayer,1753,mage,arcane,61,33,28
Obbjob,ravencrest,1748,mage,arcane,60,30,30
Lemaroxd,draenor,1747,mage,arcane,53,29,24
Burstology,kazzak,1734,mage,arcane,119,65,54
Frostseeker,tarren-mill,1731,mage,arcane,54,30,24
Cubis,archimonde,1729,mage,arcane,48,22,26
Derett,stormscale,1725,mage,arcane,48,22,26
Raíku,ravencrest,1723,mage,arcane,30,18,12
Непутевыймаг,gordunni,1715,mage,arcane,24,23,1
Mercem,stormscale,1711,mage,arcane,30,21,9
Wracrz,argent-dawn,1704,mage,arcane,90,50,40
Persi,dentarg,1702,mage,arcane,192,97,95
Alustrasz,skullcrusher,1697,mage,arcane,100,57,43
Shirrunn,the-maelstrom,1687,mage,arcane,38,19,19
Dardíe,ravencrest,1681,mage,arcane,54,31,23
Fearbeäch,ravencrest,1666,mage,arcane,52,25,27
Сизаам,howling-fjord,1665,mage,arcane,35,20,15
Dárdie,ravencrest,1662,mage,arcane,40,21,19
Ecovation,tarren-mill,1659,mage,arcane,115,62,53
Covran,stormscale,1650,mage,arcane,65,29,36
Шттрвблнкт,soulflayer,1644,mage,arcane,83,41,42
Magijoana,silvermoon,1629,mage,arcane,32,18,14
Nvpk,blackrock,1628,mage,arcane,48,24,24
Radagulf,outland,1628,mage,arcane,109,53,56
Sérc,ravencrest,1626,mage,arcane,30,17,13
Медивера,gordunni,1622,mage,arcane,24,17,7
Sallesauruus,outland,1622,mage,arcane,72,34,38
Orkamor,sylvanas,1622,mage,arcane,42,17,25
Absie,tarren-mill,1603,mage,arcane,72,47,25
Манкай,fordragon,1550,mage,arcane,183,99,84
Димаскунфу,howling-fjord,1534,mage,arcane,46,18,28
Uknowhowwedu,blackrock,1529,mage,arcane,24,16,8
Magegôd,outland,1527,mage,arcane,30,16,14
Poochmage,archimonde,1516,mage,arcane,66,31,35
Nakamura,outland,1486,mage,arcane,344,171,173
Samirra,stormscale,1485,mage,arcane,60,32,28
Манаманна,gordunni,1484,mage,arcane,289,152,137
Nelg,silvermoon,1478,mage,arcane,36,22,14
Vxvfrowstxvx,jaedenar,1471,mage,arcane,30,17,13
Waterhagx,tarren-mill,1462,mage,arcane,23,16,7
Akâri,silvermoon,1450,mage,arcane,71,44,27
Portal,scarshield-legion,1446,mage,arcane,48,27,21
Magikere,tarren-mill,1445,mage,arcane,119,72,47
Antaos,drakthul,1437,mage,arcane,42,25,17
Tiqma,sylvanas,1434,mage,arcane,36,15,21
Ogarcanefist,outland,1424,mage,arcane,69,35,34
Ekron,sanguino,1417,mage,arcane,305,152,153
Раканчик,gordunni,1406,mage,arcane,86,42,44
Sukalamink,alonsus,1405,mage,arcane,48,22,26
Trucy,eredar,1400,mage,arcane,150,72,78
Lusionator,defias-brotherhood,1394,mage,arcane,54,31,23
Azuredragon,tarren-mill,1388,mage,arcane,49,25,24
Másterdukè,silvermoon,1387,mage,arcane,48,19,29
Sapien,sanguino,1373,mage,arcane,64,27,37
Barspin,lightnings-blade,1368,mage,arcane,102,54,48
Весиал,deathguard,1346,mage,arcane,53,31,22
Ðøæø,twisting-nether,1346,mage,arcane,93,46,47
Tnhigh,blackrock,1343,mage,arcane,57,31,26
Проблембойх,gordunni,1343,mage,arcane,30,14,16
Рбгпотаскуха,gordunni,1337,mage,arcane,18,14,4
Elor,eredar,1331,mage,arcane,33,17,16
Diper,burning-legion,1328,mage,arcane,36,15,21
Fadi,anachronos,1325,mage,arcane,30,14,16
Krykz,sanguino,1310,mage,arcane,36,15,21
Arkeus,turalyon,1305,mage,arcane,41,26,15
Paradigma,sylvanas,1305,mage,arcane,30,14,16
Nefrendel,kazzak,1299,mage,arcane,68,33,35
Валбериса,deepholm,1298,mage,arcane,60,39,21
Mäalaka,archimonde,1289,mage,arcane,42,16,26
Pradapimp,ravencrest,1286,mage,arcane,32,15,17
Nimdáá,stormscale,1286,mage,arcane,54,24,30
Venchimage,silvermoon,1284,mage,arcane,62,26,36
Nïo,ravencrest,1283,mage,arcane,104,44,60
Tokyodes,twisting-nether,1262,mage,arcane,67,30,37
Jhawkwizard,draenor,1259,mage,arcane,208,103,105
Sadrã,kazzak,1247,mage,arcane,69,30,39
Яшабурстх,blackscar,1246,mage,arcane,30,13,17
Bananflickan,kazzak,1244,mage,arcane,84,49,35
Нормалмап,soulflayer,1243,mage,arcane,54,21,33
Meolchum,outland,1237,mage,arcane,45,22,23
Nécrømage,confrérie-du-thorium,1235,mage,arcane,18,13,5
Léa,rashgarroth,1235,mage,arcane,48,21,27
Scaleeth,kazzak,1233,mage,arcane,30,13,17
Leanboy,dun-modr,1231,mage,arcane,24,13,11
Rezre,stormscale,1212,mage,arcane,54,28,26
Kazeen,silvermoon,1211,mage,arcane,82,45,37
Канеллис,howling-fjord,1197,mage,arcane,37,14,23
Hruon,ravenholdt,1195,mage,arcane,30,14,16
Ozdewish,hyjal,1183,mage,arcane,118,55,63
Xiaomofashi,quelthalas,1166,mage,arcane,120,58,62
Scaless,stormscale,1157,mage,arcane,52,19,33
Demizboub,archimonde,1154,mage,arcane,168,85,83
Knúbbz,ravencrest,1147,mage,arcane,36,12,24
Noarcane,twisting-nether,1141,mage,arcane,78,44,34
Gorn,ravencrest,1123,mage,arcane,36,21,15
Vaelwin,argent-dawn,1116,mage,arcane,36,17,19
Hardways,archimonde,1109,mage,arcane,153,67,86
Sszz,ravencrest,1104,mage,arcane,102,53,49
Burnqq,twisting-nether,1101,mage,arcane,77,37,40
Astrryy,burning-legion,1096,mage,arcane,29,13,16
Sulteaxion,garrosh,1085,mage,arcane,24,12,12
Nelfchewer,ravencrest,1068,mage,arcane,23,12,11
Fôôxy,aegwynn,1059,mage,arcane,36,16,20
Angryalways,stormscale,1054,mage,arcane,18,11,7
Roulettefar,kazzak,1038,mage,arcane,24,11,13
Mylord,bronze-dragonflight,993,mage,arcane,53,21,32
Iwannakissu,gorgonnash,992,mage,arcane,29,15,14
Дантрий,gordunni,985,mage,arcane,30,16,14
Кронни,razuvious,979,mage,arcane,23,11,12
Roughfked,silvermoon,965,mage,arcane,47,27,20
Banjó,twilights-hammer,959,mage,arcane,12,10,2
Arcticfury,ravencrest,959,mage,arcane,18,10,8
Magiwan,silvermoon,959,mage,arcane,30,10,20
Иссэя,borean-tundra,954,mage,arcane,37,21,16
Дырявка,galakrond,949,mage,arcane,30,10,20
Plor,exodar,940,mage,arcane,20,11,9
Zezt,tarren-mill,939,mage,arcane,30,10,20
Frostdeath,medivh,906,mage,arcane,24,10,14
Mannenye,stormscale,899,mage,arcane,30,11,19
Исусина,borean-tundra,877,mage,arcane,23,11,12
Вадимодесса,soulflayer,877,mage,arcane,61,28,33
Uknowhowwedu,aegwynn,864,mage,arcane,12,9,3
Fuhry,tarren-mill,864,mage,arcane,12,9,3
Puni,emerald-dream,864,mage,arcane,12,9,3
Letsa,stormscale,863,mage,arcane,12,9,3
Gnarrly,tarren-mill,863,mage,arcane,15,9,6
Bullegong,archimonde,863,mage,arcane,18,9,9
Kobrass,spinebreaker,855,mage,arcane,30,9,21
Kaevelin,argent-dawn,852,mage,arcane,24,9,15
Merlïne,les-clairvoyants,838,mage,arcane,72,31,41
Mageé,argent-dawn,807,mage,arcane,23,9,14
Neséri,blackmoore,800,mage,arcane,22,9,13
Сморгонец,gordunni,794,mage,arcane,20,10,10
Zimbabweborc,burning-legion,768,mage,arcane,12,8,4
Zehnvonzehn,antonidas,767,mage,arcane,18,8,10
Даанрен,galakrond,767,mage,arcane,18,8,10
Aloxigozal,shendralar,766,mage,arcane,12,8,4
Wolftemper,ravencrest,766,mage,arcane,18,8,10
Aeghis,darkspear,765,mage,arcane,18,8,10
Angélique,ragnaros,763,mage,arcane,24,8,16
Diaflash,silvermoon,752,mage,arcane,41,15,26
Estelliên,burning-legion,719,mage,arcane,15,8,7
Ímnotback,outland,718,mage,arcane,23,8,15
Freshforces,ragnaros,703,mage,arcane,22,8,14
Nelluc,turalyon,702,mage,arcane,14,8,6
Pyroden,stormscale,700,mage,arcane,20,8,12
Wanrltw,ragnaros,672,mage,arcane,12,7,5
Jengele,argent-dawn,672,mage,arcane,12,7,5
Млдбоярин,gordunni,672,mage,arcane,12,7,5
Doryy,silvermoon,672,mage,arcane,12,7,5
Pizwiz,kazzak,672,mage,arcane,16,8,8
Nötmârtònxø,ragnaros,671,mage,arcane,12,7,5
Adetin,tarren-mill,671,mage,arcane,12,7,5
Hâplo,burning-legion,670,mage,arcane,12,7,5
Thorstäin,ragnaros,670,mage,arcane,18,7,11
Malshash,outland,668,mage,arcane,12,7,5
Зухвала,howling-fjord,655,mage,arcane,29,8,21
Brugg,antonidas,651,mage,arcane,18,7,11
Pyllymake,kazzak,576,mage,arcane,12,6,6
Spicymash,chogall,575,mage,arcane,12,6,6
Tarovan,defias-brotherhood,575,mage,arcane,12,6,6
Aod,chogall,575,mage,arcane,12,6,6
Карраско,soulflayer,575,mage,arcane,12,6,6
Apc,sylvanas,575,mage,arcane,12,6,6
Sticlachivas,stormscale,575,mage,arcane,18,6,12
ßjwercke,stormscale,575,mage,arcane,18,6,12
Окости,howling-fjord,574,mage,arcane,12,6,6
Sarjeta,grim-batol,572,mage,arcane,18,6,12
Syltris,drakthul,567,mage,arcane,24,6,18
Seraf,argent-dawn,496,mage,arcane,13,6,7
Jayhó,outland,480,mage,arcane,6,5,1
Rmnzr,blackrock,480,mage,arcane,6,5,1
Tamtheone,frostwhisper,480,mage,arcane,6,5,1
Aletheía,stormscale,480,mage,arcane,6,5,1
Pwntt,terenas,480,mage,arcane,12,5,7
Auchenax,argent-dawn,480,mage,arcane,12,5,7
Vaerén,malganis,480,mage,arcane,12,5,7
Barryscótt,stormscale,480,mage,arcane,12,5,7
Médivh,archimonde,480,mage,arcane,12,5,7
Magevnr,hyjal,480,mage,arcane,12,5,7
Alarak,drakthul,480,mage,arcane,12,5,7
Soulraider,tarren-mill,480,mage,arcane,12,5,7
Jînexo,shattrath,480,mage,arcane,12,5,7
Mðj,kazzak,480,mage,arcane,18,5,13
Ледянойкекс,gordunni,480,mage,arcane,18,5,13
Ewina,twisting-nether,479,mage,arcane,6,5,1
Mortlol,chamber-of-aspects,479,mage,arcane,12,5,7
Winterblues,frostmourne,479,mage,arcane,12,5,7
Bogher,pozzo-delleternità,472,mage,arcane,12,5,7
Hexmath,tarren-mill,384,mage,arcane,6,4,2
Rizzlybear,outland,384,mage,arcane,6,4,2
Бигдикмаг,soulflayer,384,mage,arcane,6,4,2
Yunox,stormscale,384,mage,arcane,6,4,2
Мглавечная,azuregos,384,mage,arcane,6,4,2
Mysticbeard,argent-dawn,384,mage,arcane,6,4,2
Arcann,ravencrest,384,mage,arcane,6,4,2
Apollohouse,ravencrest,384,mage,arcane,6,4,2
Uskomaaginen,ravencrest,384,mage,arcane,12,4,8
Zoot,ravencrest,384,mage,arcane,12,4,8
Uní,emerald-dream,384,mage,arcane,12,4,8
Isralysa,ravencrest,384,mage,arcane,12,4,8
Cysbb,arathi,384,mage,arcane,12,4,8
Boogeyone,drakthul,384,mage,arcane,12,4,8
Mupana,nagrand,384,mage,arcane,12,4,8
Säga,the-venture-co,384,mage,arcane,18,4,14
Reiggo,silvermoon,383,mage,arcane,6,4,2
Mikaelà,blackmoore,383,mage,arcane,6,4,2
Némmesis,zuljin,378,mage,arcane,12,4,8
Bigshape,frostwolf,351,mage,arcane,11,4,7
Roxolani,defias-brotherhood,303,mage,arcane,14,4,10
Bmbiscuit,ravencrest,288,mage,arcane,6,3,3
Radiantfury,outland,288,mage,arcane,6,3,3
Æskalatîøn,blackmoore,288,mage,arcane,6,3,3
Euphorie,twisting-nether,288,mage,arcane,6,3,3
Dcolon,tarren-mill,288,mage,arcane,6,3,3
Hachiro,onyxia,288,mage,arcane,6,3,3
Purrpl,twisting-nether,288,mage,arcane,6,3,3
Deadtedd,twisting-nether,288,mage,arcane,6,3,3
Khoshgele,draenor,288,mage,arcane,6,3,3
Råståfåri,uldum,288,mage,arcane,6,3,3
Brokenlegman,defias-brotherhood,288,mage,arcane,6,3,3
Mylanq,ragnaros,288,mage,arcane,6,3,3
Onlymage,outland,288,mage,arcane,6,3,3
Seyece,silvermoon,288,mage,arcane,6,3,3
Choise,stormscale,288,mage,arcane,6,3,3
Колдрагос,gordunni,288,mage,arcane,6,3,3
Ovrpwrdxd,kazzak,288,mage,arcane,6,3,3
Astroknight,silvermoon,288,mage,arcane,6,3,3
Gagaj,ravencrest,288,mage,arcane,6,3,3
Мактай,gordunni,288,mage,arcane,6,3,3
Aristarco,outland,288,mage,arcane,6,3,3
Inaruy,hyjal,288,mage,arcane,6,3,3
Kyrn,zuljin,288,mage,arcane,6,3,3
Serctheone,ravencrest,288,mage,arcane,9,4,5
Хблэйз,howling-fjord,288,mage,arcane,12,3,9
Kudakto,ravencrest,288,mage,arcane,12,3,9
Magitis,blackhand,288,mage,arcane,12,3,9
Superduck,ragnaros,288,mage,arcane,12,3,9
Магборода,soulflayer,287,mage,arcane,6,3,3
Burnem,kult-der-verdammten,287,mage,arcane,6,3,3
Arcadua,sanguino,287,mage,arcane,6,3,3
Leil,die-todeskrallen,287,mage,arcane,12,3,9
Kasus,sporeggar,286,mage,arcane,6,3,3
Sparrowixx,turalyon,254,mage,arcane,8,4,4
Naween,hyjal,239,mage,arcane,5,3,2
Arimila,sylvanas,192,mage,arcane,6,2,4
Noxkin,stormscale,192,mage,arcane,6,2,4
Shiranize,aegwynn,192,mage,arcane,6,2,4
Phyzed,archimonde,192,mage,arcane,6,2,4
Зерагуд,eversong,192,mage,arcane,6,2,4
Kuhwar,echsenkessel,192,mage,arcane,6,2,4
Ãshs,archimonde,192,mage,arcane,6,2,4
Kold,stormscale,192,mage,arcane,6,2,4
Миднаит,gordunni,192,mage,arcane,6,2,4
Леракобольд,gordunni,192,mage,arcane,6,2,4
Галадриелька,gordunni,192,mage,arcane,6,2,4
Ryûblast,archimonde,192,mage,arcane,6,2,4
Rommelo,ravencrest,192,mage,arcane,6,2,4
Sheeptowin,thrall,192,mage,arcane,6,2,4
Imbatto,quelthalas,192,mage,arcane,6,2,4
Линклер,fordragon,192,mage,arcane,6,2,4
Schøkø,eredar,192,mage,arcane,6,2,4
Kjh,twisting-nether,192,mage,arcane,6,2,4
Nerzzhul,burning-legion,192,mage,arcane,6,2,4
Baravar,blackrock,192,mage,arcane,6,2,4
Versachi,neptulon,192,mage,arcane,6,2,4
Naomypayton,tarren-mill,192,mage,arcane,6,2,4
Drinte,blackmoore,192,mage,arcane,6,2,4
Shockólot,outland,192,mage,arcane,6,2,4
Teeclis,twisting-nether,192,mage,arcane,6,2,4
Azoru,twisting-nether,192,mage,arcane,6,2,4
Kbd,outland,192,mage,arcane,6,2,4
Æones,kult-der-verdammten,192,mage,arcane,12,2,10
Chimará,eredar,192,mage,arcane,12,2,10
Smlx,outland,192,mage,arcane,12,2,10
Veveroiu,defias-brotherhood,191,mage,arcane,6,2,4
Roslinda,outland,191,mage,arcane,6,2,4
Magse,kirin-tor,191,mage,arcane,6,2,4
Icx,tarren-mill,191,mage,arcane,6,2,4
Anderl,kirin-tor,191,mage,arcane,12,2,10
Jamzymage,emerald-dream,96,mage,arcane,3,2,1
Thelastmage,outland,96,mage,arcane,6,1,5
Døomey,ravencrest,96,mage,arcane,6,1,5
Moosemæn,stormscale,96,mage,arcane,6,1,5
Azakadabra,ysondre,96,mage,arcane,6,1,5
Sorrow,outland,96,mage,arcane,6,1,5
Animaze,argent-dawn,96,mage,arcane,6,1,5
Sidildur,ravencrest,96,mage,arcane,6,1,5
Yungbambix,twisting-nether,96,mage,arcane,6,1,5
Hólmess,silvermoon,96,mage,arcane,6,1,5
Мерац,howling-fjord,96,mage,arcane,6,1,5
Nohbrain,blackmoore,96,mage,arcane,6,1,5
Старкскрим,gordunni,96,mage,arcane,6,1,5
Zerøsílgødx,antonidas,96,mage,arcane,6,1,5
Souldemon,burning-legion,96,mage,arcane,6,1,5
Шпексх,soulflayer,96,mage,arcane,6,1,5
Саназэр,soulflayer,96,mage,arcane,6,1,5
Magicpowers,silvermoon,96,mage,arcane,12,1,11
Buttet,blackmoore,96,mage,arcane,12,1,11
Манднесс,azuregos,79,mage,arcane,11,1,10
Vinlimar,drakthul,64,mage,arcane,4,1,3
Jíncks,draenor,2104,mage,fire,65,38,27
Slôw,kazzak,2089,mage,fire,59,38,21
Gelußaßa,ravencrest,2076,mage,fire,77,42,35
Диссоциация,greymane,2073,mage,fire,77,46,31
Thegoodoctor,kazzak,2072,mage,fire,198,103,95
Håtsu,ravencrest,2060,mage,fire,78,39,39
Ráìkù,ravencrest,2021,mage,fire,60,32,28
Яшабурстх,blackscar,1986,mage,fire,119,63,56
Dazz,ravencrest,1980,mage,fire,120,62,58
Реордиан,gordunni,1975,mage,fire,86,38,48
Шипми,gordunni,1957,mage,fire,108,57,51
Ygø,hyjal,1940,mage,fire,204,104,100
Twizzkek,silvermoon,1939,mage,fire,136,64,72
Рофкастер,gordunni,1929,mage,fire,113,53,60
Tommy,laughing-skull,1928,mage,fire,60,34,26
Rizzlybear,outland,1918,mage,fire,75,35,40
Laynerz,kazzak,1917,mage,fire,27,21,6
Milkenjoyer,ravencrest,1906,mage,fire,47,30,17
Mssilvy,sylvanas,1901,mage,fire,216,118,98
Urkela,sylvanas,1893,mage,fire,114,64,50
Hatsu,kazzak,1884,mage,fire,60,32,28
Uknowhowwedu,aegwynn,1879,mage,fire,36,20,16
Altraftw,archimonde,1871,mage,fire,77,52,25
Smlx,outland,1868,mage,fire,72,39,33
Cornfloax,ravencrest,1865,mage,fire,42,27,15
Uniquenoodle,alakir,1857,mage,fire,72,34,38
Excuséme,ravencrest,1851,mage,fire,51,27,24
Frøstqt,ravencrest,1851,mage,fire,65,30,35
Dardie,ravencrest,1849,mage,fire,48,30,18
Hazewrld,ravencrest,1848,mage,fire,132,62,70
Lotharie,aegwynn,1847,mage,fire,36,23,13
Tiáno,drakthul,1845,mage,fire,72,36,36
Spelltastíc,blackmoore,1844,mage,fire,54,34,20
Wàneís,ravencrest,1831,mage,fire,40,25,15
Archíques,kazzak,1831,mage,fire,46,24,22
Zzpf,silvermoon,1831,mage,fire,72,37,35
Wizzárd,ravencrest,1830,mage,fire,48,23,25
Cörnflekz,stormscale,1829,mage,fire,50,30,20
Síckmode,khadgar,1823,mage,fire,60,36,24
Твейзи,blackscar,1823,mage,fire,40,24,16
Evohz,stormscale,1822,mage,fire,66,33,33
Nøw,kazzak,1816,mage,fire,48,29,19
Hiryú,kazzak,1815,mage,fire,30,20,10
Elmaestró,aegwynn,1815,mage,fire,48,30,18
Прауз,soulflayer,1814,mage,fire,67,33,34
Bigkent,stormscale,1814,mage,fire,62,27,35
Djflashz,archimonde,1813,mage,fire,52,27,25
Nihilvm,dalaran,1812,mage,fire,46,26,20
Jirt,stormscale,1809,mage,fire,59,35,24
Cienaños,outland,1807,mage,fire,102,59,43
Файрус,soulflayer,1806,mage,fire,48,26,22
Divey,draenor,1805,mage,fire,304,166,138
Medivqt,ragnaros,1792,mage,fire,42,33,9
Hey,khazgoroth,1783,mage,fire,71,41,30
Ввнд,galakrond,1782,mage,fire,36,21,15
Nøw,ravencrest,1779,mage,fire,69,35,34
Reyown,archimonde,1777,mage,fire,54,40,14
Isenhour,frostmane,1776,mage,fire,180,89,91
Ширм,blackscar,1774,mage,fire,42,22,20
Dxdxdxdxdx,drakthul,1772,mage,fire,54,32,22
Ðevlqt,blackmoore,1771,mage,fire,48,30,18
Hólmess,silvermoon,1761,mage,fire,96,46,50
Choll,stormscale,1760,mage,fire,54,29,25
Sanjoop,tarren-mill,1756,mage,fire,48,25,23
Arcticfury,ravencrest,1753,mage,fire,36,22,14
Libre,stormscale,1753,mage,fire,201,108,93
Ókamí,ravencrest,1752,mage,fire,133,67,66
Frozentwink,kul-tiras,1749,mage,fire,58,29,29
Dizzy,ahnqiraj,1743,mage,fire,131,61,70
Гекомория,fordragon,1736,mage,fire,65,26,39
Авгурей,howling-fjord,1735,mage,fire,130,65,65
Достижений,soulflayer,1733,mage,fire,66,30,36
Asterixus,sylvanas,1728,mage,fire,72,44,28
Cesi,silvermoon,1728,mage,fire,60,26,34
Hooksclay,archimonde,1725,mage,fire,54,30,24
Wenant,ravencrest,1720,mage,fire,48,22,26
Skrex,blackrock,1710,mage,fire,233,127,106
Siérra,outland,1708,mage,fire,119,70,49
Rekzaop,ravencrest,1700,mage,fire,28,19,9
Underscore,outland,1698,mage,fire,73,38,35
Fuego,sylvanas,1689,mage,fire,79,43,36
Auchenax,argent-dawn,1686,mage,fire,40,25,15
Jumpfanqt,stormscale,1685,mage,fire,30,23,7
Naps,argent-dawn,1685,mage,fire,104,61,43
Nùts,archimonde,1681,mage,fire,48,23,25
Aryasa,silvermoon,1676,mage,fire,30,18,12
Spelltastìc,blackmoore,1675,mage,fire,36,18,18
Аквамэрис,gordunni,1658,mage,fire,36,21,15
Møøk,magtheridon,1654,mage,fire,30,19,11
Skylezy,blackrock,1654,mage,fire,35,18,17
Magão,frostmane,1650,mage,fire,42,23,19
Magethings,kazzak,1649,mage,fire,72,40,32
Consquens,aszune,1648,mage,fire,42,25,17
Isildurone,ragnaros,1648,mage,fire,44,24,20
Itrius,tarren-mill,1647,mage,fire,60,29,31
Quentin,grim-batol,1646,mage,fire,80,42,38
Elldiamage,draenor,1639,mage,fire,41,23,18
Macheat,kazzak,1639,mage,fire,66,35,31
Magenerfed,archimonde,1637,mage,fire,42,21,21
Lemaroxd,draenor,1633,mage,fire,39,22,17
Mikefires,blackrock,1630,mage,fire,32,21,11
Fuhrem,blackrock,1630,mage,fire,36,23,13
Ayken,burning-legion,1628,mage,fire,42,26,16
Cheerió,aggramar,1627,mage,fire,167,91,76
Råståfåri,uldum,1627,mage,fire,87,47,40
Ênizt,archimonde,1626,mage,fire,58,34,24
Roxxis,kazzak,1625,mage,fire,30,17,13
Nocturnes,sylvanas,1624,mage,fire,43,21,22
Radiantfury,outland,1623,mage,fire,82,38,44
Âcryz,blackrock,1623,mage,fire,47,21,26
Игрдлпдров,gordunni,1621,mage,fire,163,91,72
Evovar,silvermoon,1621,mage,fire,40,18,22
Vulcanô,sanguino,1619,mage,fire,66,32,34
Lilblinks,silvermoon,1616,mage,fire,126,67,59
Акиххабара,gordunni,1610,mage,fire,24,18,6
Enandia,darksorrow,1608,mage,fire,92,48,44
Insaneex,aegwynn,1607,mage,fire,36,20,16
Obbjob,ravencrest,1607,mage,fire,108,54,54
Sheepmeepbip,ravencrest,1605,mage,fire,106,47,59
Whats,korgall,1602,mage,fire,112,61,51
Айслэнц,howling-fjord,1602,mage,fire,42,21,21
Htwhy,kazzak,1601,mage,fire,159,82,77
Doonii,ragnaros,1596,mage,fire,47,20,27
Миднаит,gordunni,1588,mage,fire,54,33,21
Вовзон,howling-fjord,1587,mage,fire,53,26,27
Texmexguden,tarren-mill,1583,mage,fire,54,28,26
Witak,ysondre,1581,mage,fire,106,52,54
Shahnoza,thrall,1580,mage,fire,30,17,13
Czd,outland,1580,mage,fire,83,31,52
Firedeáth,kazzak,1577,mage,fire,64,36,28
Symera,dun-modr,1575,mage,fire,36,20,16
Zíru,outland,1572,mage,fire,63,32,31
Stoychav,outland,1572,mage,fire,96,48,48
Dantiqa,ravencrest,1564,mage,fire,286,145,141
Двинск,soulflayer,1558,mage,fire,66,28,38
Hardtimes,blackhand,1556,mage,fire,74,38,36
Pyrobomb,sylvanas,1547,mage,fire,48,22,26
Terlon,ragnaros,1546,mage,fire,66,38,28
Whócárés,dragonmaw,1546,mage,fire,30,17,13
Babidi,nemesis,1544,mage,fire,42,23,19
Triplesevenx,silvermoon,1544,mage,fire,144,76,68
Aimaniac,stormscale,1542,mage,fire,164,92,72
Belled,silvermoon,1541,mage,fire,42,27,15
Гнилоглазка,howling-fjord,1536,mage,fire,107,58,49
Gagaj,ravencrest,1534,mage,fire,42,20,22
Твейдей,blackscar,1533,mage,fire,30,16,14
Calientay,ragnaros,1533,mage,fire,54,27,27
Бингчилинг,howling-fjord,1532,mage,fire,42,21,21
Фоулли,howling-fjord,1526,mage,fire,30,16,14
Camiina,shattered-hand,1526,mage,fire,143,76,67
Prácticemàge,archimonde,1524,mage,fire,24,16,8
Аквамелис,gordunni,1522,mage,fire,84,36,48
Hexmath,tarren-mill,1518,mage,fire,53,30,23
Tomia,burning-legion,1517,mage,fire,42,22,20
Flypz,stormscale,1516,mage,fire,54,35,19
Hil,blackrock,1516,mage,fire,30,19,11
Caesarclown,silvermoon,1514,mage,fire,192,111,81
Utarii,deathwing,1513,mage,fire,48,25,23
Emoden,silvermoon,1506,mage,fire,36,17,19
Экзорсус,goldrinn,1504,mage,fire,146,73,73
Аластормаг,deathweaver,1498,mage,fire,78,42,36
Goomba,tarren-mill,1493,mage,fire,53,18,35
Petar,tarren-mill,1490,mage,fire,127,62,65
Insanewizard,kazzak,1480,mage,fire,59,30,29
Elesios,blackmoore,1480,mage,fire,66,32,34
Thughunterqt,silvermoon,1474,mage,fire,177,89,88
Ghalanz,ravencrest,1474,mage,fire,141,70,71
Мозифорест,gordunni,1474,mage,fire,78,37,41
Robowhoore,silvermoon,1469,mage,fire,42,24,18
Aronnax,ravencrest,1466,mage,fire,40,18,22
Soxlol,sylvanas,1463,mage,fire,29,16,13
Barbeuqx,garona,1460,mage,fire,41,22,19
Aikamie,draenor,1456,mage,fire,77,40,37
Anthrex,drakthul,1456,mage,fire,66,27,39
Imtrynasheep,kazzak,1455,mage,fire,30,18,12
Razrkh,ragnaros,1448,mage,fire,72,39,33
Eddiee,outland,1444,mage,fire,30,17,13
Carinuz,blackmoore,1444,mage,fire,61,26,35
Secretagent,aegwynn,1439,mage,fire,66,37,29
Mäalaka,archimonde,1439,mage,fire,54,29,25
Intz,twisting-nether,1438,mage,fire,45,18,27
Wenndrid,draenor,1434,mage,fire,176,95,81
Колдрагос,gordunni,1433,mage,fire,62,29,33
Wheí,ravencrest,1432,mage,fire,24,15,9
Дрраго,greymane,1432,mage,fire,119,60,59
Mieria,argent-dawn,1432,mage,fire,48,24,24
Yshax,malganis,1430,mage,fire,85,35,50
Gnomag,argent-dawn,1429,mage,fire,113,56,57
Lokilus,dalaran,1428,mage,fire,72,40,32
Neird,sinstralis,1428,mage,fire,72,38,34
Plætinum,ravencrest,1427,mage,fire,110,55,55
Fireblood,runetotem,1426,mage,fire,36,15,21
Baxeraa,draenor,1425,mage,fire,73,41,32
Shizzy,onyxia,1423,mage,fire,57,30,27
Bònk,sylvanas,1423,mage,fire,36,17,19
Töframaður,draenor,1422,mage,fire,60,36,24
Chucknoir,draenor,1420,mage,fire,30,16,14
Rayniß,blackmoore,1419,mage,fire,72,34,38
Tûttifrutti,ravencrest,1413,mage,fire,60,28,32
Kappotjeplif,ravencrest,1404,mage,fire,114,60,54
Apócalyptic,tarren-mill,1393,mage,fire,141,70,71
Liendri,aegwynn,1392,mage,fire,36,17,19
Zazatorica,tarren-mill,1390,mage,fire,94,49,45
Ледянойкекс,gordunni,1390,mage,fire,52,26,26
Gaárá,stormscale,1388,mage,fire,156,71,85
Fortian,boulderfist,1384,mage,fire,24,15,9
Frostytutes,ragnaros,1382,mage,fire,72,39,33
Akâri,silvermoon,1380,mage,fire,30,15,15
Calegos,twisting-nether,1378,mage,fire,48,25,23
Линклер,fordragon,1374,mage,fire,24,15,9
Noviina,argent-dawn,1372,mage,fire,56,30,26
Zéngã,kazzak,1372,mage,fire,49,24,25
Bloodycast,archimonde,1370,mage,fire,46,19,27
Atixx,aegwynn,1369,mage,fire,48,20,28
Glïder,archimonde,1366,mage,fire,47,22,25
Vzrmage,antonidas,1366,mage,fire,126,54,72
Zensheep,silvermoon,1364,mage,fire,30,15,15
Rilac,nordrassil,1364,mage,fire,36,16,20
Tiltedpapi,ravencrest,1348,mage,fire,47,20,27
Bobbasor,defias-brotherhood,1345,mage,fire,68,33,35
Titarie,ravencrest,1343,mage,fire,30,14,16
Pisini,tarren-mill,1342,mage,fire,30,14,16
Mons,the-venture-co,1341,mage,fire,130,62,68
Freeyourmind,kazzak,1341,mage,fire,50,23,27
Zestrax,kazzak,1339,mage,fire,42,29,13
Feuererdnuss,blackhand,1338,mage,fire,42,24,18
Mauvé,blades-edge,1338,mage,fire,59,33,26
Нереварин,soulflayer,1338,mage,fire,27,15,12
Aulny,kaelthas,1338,mage,fire,64,28,36
Stylaaz,twisting-nether,1337,mage,fire,59,31,28
Reqwyz,ragnaros,1337,mage,fire,32,16,16
Magnobi,sanguino,1334,mage,fire,24,14,10
Быкуня,gordunni,1328,mage,fire,48,28,20
Sukalamink,alonsus,1328,mage,fire,42,22,20
Rewq,twisting-nether,1326,mage,fire,24,14,10
Fenrirson,drakthul,1326,mage,fire,121,65,56
Wankel,blackmoore,1325,mage,fire,60,28,32
Magicalmig,draenor,1323,mage,fire,126,75,51
Darríck,argent-dawn,1323,mage,fire,41,16,25
Рифтиг,howling-fjord,1322,mage,fire,95,43,52
Momomagic,silvermoon,1318,mage,fire,64,31,33
Wizmec,silvermoon,1317,mage,fire,171,83,88
Cinoox,blackrock,1316,mage,fire,84,46,38
Деозар,eversong,1316,mage,fire,198,95,103
Quiwi,dun-modr,1313,mage,fire,33,24,9
Magicuze,argent-dawn,1313,mage,fire,48,20,28
Skarxaa,sanguino,1312,mage,fire,74,34,40
Manvo,bloodscalp,1310,mage,fire,102,52,50
Jaídy,aegwynn,1308,mage,fire,46,21,25
Fiveboyjr,tarren-mill,1302,mage,fire,54,29,25
Sonofdragon,frostwolf,1301,mage,fire,24,14,10
Ziscine,tarren-mill,1297,mage,fire,51,23,28
Rockyballboa,silvermoon,1292,mage,fire,30,15,15
Аваон,deathguard,1289,mage,fire,136,67,69
Hahahehe,aegwynn,1288,mage,fire,45,24,21
Mëgu,silvermoon,1286,mage,fire,293,148,145
Эстерленс,gordunni,1285,mage,fire,40,26,14
Bclaudiu,terokkar,1285,mage,fire,50,22,28
Maggresive,sylvanas,1284,mage,fire,36,16,20
Magmarro,burning-legion,1276,mage,fire,89,43,46
Pewwpewwpeww,doomhammer,1276,mage,fire,71,33,38
Sylvîe,tarren-mill,1275,mage,fire,47,19,28
Isiah,kaelthas,1267,mage,fire,32,17,15
Cyrîll,malygos,1263,mage,fire,133,75,58
Kuríbo,gorgonnash,1262,mage,fire,33,19,14
Greey,blackhand,1258,mage,fire,30,15,15
Varenca,blackrock,1256,mage,fire,75,35,40
Фрозитв,blackscar,1247,mage,fire,18,13,5
Larmp,outland,1245,mage,fire,24,13,11
Yanir,die-arguswacht,1245,mage,fire,24,13,11
Haxyo,twisting-nether,1244,mage,fire,18,13,5
Johnnydeepp,archimonde,1244,mage,fire,18,13,5
Romethito,dun-modr,1240,mage,fire,42,27,15
Zivac,kazzak,1240,mage,fire,24,13,11
Grandbasile,hyjal,1235,mage,fire,42,13,29
Pandathis,frostwolf,1233,mage,fire,18,13,5
Elcølgaø,sanguino,1233,mage,fire,30,13,17
Вселениум,razuvious,1232,mage,fire,63,32,31
Смилер,gordunni,1231,mage,fire,24,13,11
Tokerlol,stormscale,1231,mage,fire,27,13,14
Faunas,kazzak,1230,mage,fire,46,27,19
Estelliên,burning-legion,1229,mage,fire,30,13,17
Warwizz,sanguino,1226,mage,fire,24,13,11
Silatara,twisting-nether,1223,mage,fire,24,13,11
Ryzea,ravencrest,1223,mage,fire,53,23,30
Ràyden,khaz-modan,1219,mage,fire,36,18,18
Айсбоунт,eversong,1218,mage,fire,42,16,26
Røvso,ragnaros,1216,mage,fire,36,13,23
Fingolfin,amanthul,1213,mage,fire,255,119,136
Nuvx,ravencrest,1212,mage,fire,72,39,33
Yatsune,defias-brotherhood,1205,mage,fire,18,13,5
Джеззабэль,ashenvale,1204,mage,fire,24,15,9
Immortanjoe,thrall,1203,mage,fire,54,24,30
Wîtchcurse,dentarg,1197,mage,fire,36,15,21
Rictue,silvermoon,1195,mage,fire,31,16,15
Anshara,stormscale,1193,mage,fire,66,39,27
Critr,sylvanas,1188,mage,fire,128,66,62
Critzeklein,antonidas,1184,mage,fire,42,16,26
Bonto,tarren-mill,1182,mage,fire,52,23,29
Dobbite,archimonde,1178,mage,fire,30,21,9
Athenå,dalaran,1176,mage,fire,48,21,27
Kickyaa,twisting-nether,1175,mage,fire,31,14,17
Blitzo,madmortem,1174,mage,fire,53,29,24
Darkoftw,ysondre,1166,mage,fire,25,13,12
Dóncójones,blackrock,1166,mage,fire,95,42,53
Gerdâ,chants-éternels,1154,mage,fire,72,38,34
Slashkiiss,archimonde,1152,mage,fire,65,33,32
Nilitar,kazzak,1152,mage,fire,24,12,12
Kaki,stormscale,1150,mage,fire,36,19,17
Azulêera,archimonde,1149,mage,fire,24,12,12
Wizarð,archimonde,1149,mage,fire,29,13,16
Demensida,ravencrest,1145,mage,fire,28,13,15
Büyübaba,twisting-nether,1145,mage,fire,30,12,18
Avakadaver,draenor,1143,mage,fire,24,12,12
Revanov,outland,1142,mage,fire,18,12,6
Themagicguy,silvermoon,1140,mage,fire,24,12,12
Skitsó,shadowsong,1139,mage,fire,48,29,19
Fäust,drakthul,1136,mage,fire,52,16,36
Darkice,sanguino,1133,mage,fire,24,12,12
Асидочка,soulflayer,1118,mage,fire,86,41,45
Lybazinga,frostmane,1118,mage,fire,37,16,21
Дмблдр,soulflayer,1116,mage,fire,33,14,19
Searchy,blackhand,1114,mage,fire,93,46,47
Rapidfrost,drakthul,1104,mage,fire,34,21,13
Worstlove,blackrock,1099,mage,fire,44,23,21
Drunkpunk,kazzak,1098,mage,fire,42,24,18
Nezousta,sinstralis,1094,mage,fire,24,12,12
Скиллао,gordunni,1086,mage,fire,29,13,16
Kjh,twisting-nether,1084,mage,fire,20,12,8
Fritmckhaine,archimonde,1084,mage,fire,66,35,31
Leontus,outland,1072,mage,fire,18,12,6
Gorleg,draenor,1072,mage,fire,47,17,30
Newtwo,ravencrest,1070,mage,fire,25,12,13
Ilikesheep,blackmoore,1056,mage,fire,18,11,7
Uknowhowwedu,blackrock,1056,mage,fire,24,11,13
Mowns,ravencrest,1056,mage,fire,24,11,13
Sleepingfate,stormscale,1055,mage,fire,18,11,7
Covran,stormscale,1055,mage,fire,24,11,13
Anisovsky,archimonde,1055,mage,fire,24,11,13
Мизерун,deathguard,1053,mage,fire,79,33,46
Pluggis,the-maelstrom,1051,mage,fire,24,11,13
Калихор,gordunni,1051,mage,fire,24,11,13
Laetitiah,archimonde,1042,mage,fire,26,11,15
Mikaelà,blackmoore,1040,mage,fire,18,11,7
Larah,les-clairvoyants,1038,mage,fire,18,11,7
Dyx,nemesis,1036,mage,fire,89,42,47
Самза,howling-fjord,1032,mage,fire,18,11,7
Nohbrain,blackmoore,1031,mage,fire,33,11,22
Rmforever,archimonde,1029,mage,fire,36,18,18
Icx,tarren-mill,1021,mage,fire,108,56,52
Freezeballs,blackmoore,1017,mage,fire,37,12,25
Pablø,blackrock,1014,mage,fire,31,15,16
Devilpain,zuluhed,1001,mage,fire,24,11,13
Зубарол,gordunni,984,mage,fire,49,24,25
Sukmikok,twisting-nether,960,mage,fire,12,10,2
Drè,daggerspine,959,mage,fire,18,10,8
Барсуктри,deathguard,959,mage,fire,24,10,14
Magijoana,silvermoon,959,mage,fire,36,10,26
Rambau,archimonde,958,mage,fire,18,10,8
Ахиригиз,gordunni,958,mage,fire,18,10,8
Mejtschazor,twisting-nether,957,mage,fire,18,10,8
Säroumäne,archimonde,957,mage,fire,21,11,10
Charizard,emerald-dream,956,mage,fire,15,11,4
Arcann,ravencrest,956,mage,fire,18,10,8
Arandartis,kazzak,954,mage,fire,18,10,8
Tóadette,die-aldor,953,mage,fire,28,11,17
Firen,thrall,952,mage,fire,24,13,11
Çana,thrall,952,mage,fire,30,10,20
Shealá,blackhand,951,mage,fire,24,10,14
Firewitch,blackhand,950,mage,fire,24,10,14
Durdi,silvermoon,945,mage,fire,18,10,8
Løxyy,ysondre,943,mage,fire,32,12,20
Кельтаз,soulflayer,932,mage,fire,30,15,15
Häddës,archimonde,925,mage,fire,24,14,10
Freezandrun,tarren-mill,918,mage,fire,47,21,26
Netherstorm,chogall,896,mage,fire,66,30,36
Nåzmyz,outland,891,mage,fire,23,10,13
Plessx,sylvanas,888,mage,fire,21,11,10
Pyro,daggerspine,877,mage,fire,54,27,27
Texhex,ahnqiraj,877,mage,fire,36,10,26
Santoz,blackrock,873,mage,fire,76,37,39
Sagregas,silvermoon,866,mage,fire,83,36,47
Turbomedusa,draenor,864,mage,fire,12,9,3
Dyen,hyjal,864,mage,fire,12,9,3
Magerocks,ragnaros,864,mage,fire,12,9,3
Grumpié,ravencrest,864,mage,fire,12,9,3
Spacehoe,stormscale,864,mage,fire,18,9,9
Tagrine,kaelthas,863,mage,fire,12,9,3
Smíte,kazzak,863,mage,fire,12,9,3
Kurtcobain,draenor,863,mage,fire,12,9,3
Sakuranosuke,twisting-nether,863,mage,fire,18,9,9
Vixis,dalaran,863,mage,fire,18,9,9
Pumped,haomarush,863,mage,fire,18,9,9
Steveishigh,tarren-mill,863,mage,fire,19,9,10
Morphis,talnivarr,862,mage,fire,18,9,9
Shìnra,ravencrest,862,mage,fire,18,9,9
Weedup,zuljin,862,mage,fire,18,9,9
Феновар,goldrinn,862,mage,fire,24,9,15
Hokuspokicus,ravencrest,862,mage,fire,24,9,15
Мерджреквест,howling-fjord,861,mage,fire,18,9,9
Abocajarro,dun-modr,861,mage,fire,18,9,9
Sadrã,kazzak,860,mage,fire,24,9,15
Backped,kazzak,860,mage,fire,34,10,24
Чоуза,gordunni,858,mage,fire,24,9,15
Mirobol,hyjal,856,mage,fire,24,9,15
Bigbazzabean,silvermoon,849,mage,fire,42,17,25
Sippebób,laughing-skull,830,mage,fire,16,10,6
Nagano,deathwing,827,mage,fire,23,9,14
Abruaa,tarren-mill,799,mage,fire,11,9,2
Takayaki,terokkar,783,mage,fire,19,9,10
Занерзулаа,soulflayer,782,mage,fire,23,9,14
Sèrum,drakthul,777,mage,fire,23,10,13
Lestrangé,azjolnerub,768,mage,fire,12,8,4
Yésdávé,stormscale,768,mage,fire,12,8,4
Stockfísh,ravencrest,768,mage,fire,12,8,4
Fakeklepter,sylvanas,768,mage,fire,12,8,4
Nilitarrgh,outland,768,mage,fire,12,8,4
Apollohouse,ravencrest,768,mage,fire,12,8,4
Mlodysimba,burning-legion,768,mage,fire,12,8,4
Nuj,blackrock,768,mage,fire,12,8,4
Saiyangodx,twisting-nether,768,mage,fire,12,8,4
Matsuratkø,nemesis,768,mage,fire,12,8,4
Marøjuniõr,draenor,768,mage,fire,12,8,4
Sölø,stormscale,768,mage,fire,12,8,4
Незерёб,soulflayer,768,mage,fire,18,8,10
Octtmiss,twisting-nether,768,mage,fire,18,8,10
Zelimeth,outland,768,mage,fire,18,8,10
Airo,drakthul,768,mage,fire,24,8,16
Mðj,kazzak,768,mage,fire,24,8,16
Zoot,ravencrest,768,mage,fire,24,8,16
Benjibop,ravencrest,767,mage,fire,12,8,4
Azakadabra,ysondre,767,mage,fire,12,8,4
Alyraza,chamber-of-aspects,767,mage,fire,18,8,10
Einsmagus,blackrock,767,mage,fire,18,8,10
Kbd,outland,767,mage,fire,18,8,10
Elreas,blackmoore,767,mage,fire,18,8,10
Dauwen,silvermoon,767,mage,fire,18,8,10
Codeincassie,blackhand,767,mage,fire,18,8,10
Алаурс,howling-fjord,767,mage,fire,18,8,10
Эммилиарда,gordunni,767,mage,fire,18,8,10
Dynamica,ravencrest,767,mage,fire,18,8,10
Магмагистр,blackscar,767,mage,fire,24,8,16
Takiix,antonidas,766,mage,fire,12,8,4
Versachi,neptulon,766,mage,fire,18,8,10
Exitelol,blackrock,764,mage,fire,18,8,10
Estwald,arathor,763,mage,fire,18,8,10
Нетлель,soulflayer,763,mage,fire,24,8,16
Iamslow,sylvanas,762,mage,fire,12,8,4
Linyah,arathor,762,mage,fire,18,8,10
Вельдрик,soulflayer,762,mage,fire,24,8,16
Majinbo,doomhammer,760,mage,fire,18,8,10
Blasic,stormscale,760,mage,fire,24,8,16
Arcadua,sanguino,758,mage,fire,12,8,4
Фиеран,grom,747,mage,fire,26,10,16
Rasputina,blackrock,744,mage,fire,35,12,23
Kalyypso,arygos,735,mage,fire,16,9,7
Magicspark,madmortem,735,mage,fire,77,35,42
Mitchmage,ravencrest,732,mage,fire,17,8,9
Lanadorei,stormscale,711,mage,fire,21,8,13
Pàntera,blackmoore,683,mage,fire,31,8,23
Мосгормаг,gordunni,672,mage,fire,12,7,5
Oseri,defias-brotherhood,672,mage,fire,12,7,5
Melíssa,silvermoon,672,mage,fire,12,7,5
Netrinkuet,outland,672,mage,fire,12,7,5
Randommagexd,ravencrest,672,mage,fire,12,7,5
Pïeck,archimonde,672,mage,fire,12,7,5
Gnðmeonfire,sylvanas,672,mage,fire,12,7,5
Iconic,eredar,672,mage,fire,12,7,5
Equálity,blackrock,672,mage,fire,12,7,5
Кодимагх,gordunni,672,mage,fire,12,7,5
Анзот,howling-fjord,672,mage,fire,18,7,11
Akrapovic,drakthul,672,mage,fire,18,7,11
Plexyoo,thrall,672,mage,fire,18,7,11
Mangiafuoco,nemesis,672,mage,fire,18,7,11
Anaxtra,guldan,672,mage,fire,18,7,11
Wizkidcutt,tarren-mill,671,mage,fire,12,7,5
Spellfaker,drakthul,671,mage,fire,12,7,5
Azîlko,frostwolf,671,mage,fire,12,7,5
Barspin,lightnings-blade,671,mage,fire,12,7,5
Zaci,argent-dawn,671,mage,fire,12,7,5
Sokardes,the-maelstrom,671,mage,fire,16,8,8
Karima,drekthar,671,mage,fire,16,8,8
Mìsaki,hellscream,671,mage,fire,18,7,11
Camelshaver,tarren-mill,671,mage,fire,18,7,11
Ustafrr,argent-dawn,670,mage,fire,13,7,6
Жгумпель,howling-fjord,670,mage,fire,24,7,17
Vanah,the-maelstrom,669,mage,fire,12,7,5
Kaktuzze,antonidas,664,mage,fire,18,7,11
Magikere,tarren-mill,639,mage,fire,17,7,10
Vulcanx,stormscale,638,mage,fire,17,7,10
Luxxurious,xavius,623,mage,fire,9,7,2
Bezelgeuse,pozzo-delleternità,623,mage,fire,17,7,10
Twoeightybpm,draenor,618,mage,fire,16,9,7
Qusx,malganis,607,mage,fire,11,7,4
Chrismage,argent-dawn,606,mage,fire,20,7,13
Apcg,sylvanas,576,mage,fire,6,6,0
Nihilum,dalaran,576,mage,fire,12,6,6
Canceled,kazzak,576,mage,fire,12,6,6
Zimbabweborc,burning-legion,576,mage,fire,12,6,6
Pradapimp,ravencrest,576,mage,fire,12,6,6
Macey,ravencrest,576,mage,fire,12,6,6
Skylez,blackrock,576,mage,fire,12,6,6
Feath,ravencrest,576,mage,fire,12,6,6
Витуз,gordunni,576,mage,fire,12,6,6
Serctheone,ravencrest,576,mage,fire,12,6,6
Consulalgeri,archimonde,576,mage,fire,12,6,6
Rhodghar,ravencrest,576,mage,fire,12,6,6
Relik,sylvanas,576,mage,fire,18,6,12
Wormhole,kazzak,576,mage,fire,18,6,12
Qwibbly,kazzak,576,mage,fire,18,6,12
Gavra,ravencrest,575,mage,fire,12,6,6
Kitchimage,ravencrest,575,mage,fire,12,6,6
Тачитачи,gordunni,575,mage,fire,12,6,6
Тудысюдым,eversong,575,mage,fire,12,6,6
Vurtnez,kazzak,575,mage,fire,12,6,6
Akhali,chamber-of-aspects,575,mage,fire,12,6,6
Arhi,silvermoon,575,mage,fire,12,6,6
Zuckerzimt,ravencrest,575,mage,fire,18,6,12
Saturator,burning-legion,575,mage,fire,18,6,12
Khalkazzar,darkspear,575,mage,fire,18,6,12
Lupuus,anubarak,575,mage,fire,24,6,18
Zeddic,burning-legion,574,mage,fire,12,6,6
Explosìve,arthas,574,mage,fire,12,6,6
Shâykó,sylvanas,573,mage,fire,12,6,6
Plazem,argent-dawn,573,mage,fire,18,6,12
Поймайбелку,booty-bay,572,mage,fire,12,6,6
Melimar,khaz-modan,572,mage,fire,12,6,6
Труупоед,borean-tundra,571,mage,fire,12,6,6
Laviathan,die-aldor,568,mage,fire,12,6,6
Hidrax,outland,543,mage,fire,16,6,10
Nâmiz,blackrock,528,mage,fire,9,6,3
Kyrn,zuljin,527,mage,fire,15,6,9
Zeklo,frostmane,521,mage,fire,20,7,13
Dárdie,ravencrest,512,mage,fire,10,6,4
Yoku,nethersturm,480,mage,fire,6,5,1
Bzzr,tarren-mill,480,mage,fire,6,5,1
Jél,stormscale,480,mage,fire,6,5,1
Helloimgone,blackmoore,480,mage,fire,6,5,1
Dcolon,tarren-mill,480,mage,fire,6,5,1
Climatrix,twisting-nether,480,mage,fire,6,5,1
Ицка,fordragon,480,mage,fire,6,5,1
Gadeplan,sylvanas,480,mage,fire,12,5,7
Moojob,kazzak,480,mage,fire,12,5,7
Magechonk,kazzak,480,mage,fire,12,5,7
Cleancc,blackhand,480,mage,fire,12,5,7
Schøkø,eredar,480,mage,fire,12,5,7
Sheepwithmeh,blackrock,480,mage,fire,12,5,7
Arcandor,tarren-mill,480,mage,fire,12,5,7
Brokenlegman,defias-brotherhood,480,mage,fire,12,5,7
Проблембойх,gordunni,480,mage,fire,12,5,7
Máximus,ravencrest,480,mage,fire,12,5,7
Moleester,twisting-nether,480,mage,fire,12,5,7
Røysi,ravencrest,480,mage,fire,12,5,7
Runbabyrun,hyjal,480,mage,fire,12,5,7
Shifteurprõ,hyjal,480,mage,fire,12,5,7
Shíróyama,ravencrest,480,mage,fire,12,5,7
Teeclis,twisting-nether,480,mage,fire,12,5,7
Интровертка,blackscar,480,mage,fire,16,6,10
Awart,burning-legion,480,mage,fire,18,5,13
Валбериса,deepholm,479,mage,fire,6,5,1
Neoreactor,ravencrest,479,mage,fire,12,5,7
Megancox,blackmoore,479,mage,fire,12,5,7
Spispi,burning-legion,479,mage,fire,15,6,9
Kyani,mannoroth,479,mage,fire,18,5,13
Iceorb,azshara,479,mage,fire,24,5,19
Spader,argent-dawn,478,mage,fire,12,5,7
Oneal,the-maelstrom,478,mage,fire,12,5,7
Комонщик,howling-fjord,478,mage,fire,18,5,13
Illiaria,antonidas,478,mage,fire,18,5,13
Exorifrigo,dun-modr,477,mage,fire,22,5,17
Shadowmag,burning-legion,477,mage,fire,24,5,19
Warpx,aegwynn,476,mage,fire,12,5,7
Хээйлии,goldrinn,476,mage,fire,12,5,7
Eldiablo,dun-modr,476,mage,fire,12,5,7
Draenaya,forscherliga,473,mage,fire,21,6,15
Nabucor,culte-de-la-rive-noire,468,mage,fire,25,6,19
Mínêrvâ,blackrock,431,mage,fire,11,5,6
Buuszek,outland,430,mage,fire,11,5,6
Сморгонец,gordunni,412,mage,fire,14,5,9
Naween,hyjal,384,mage,fire,6,4,2
Blinker,frostwhisper,384,mage,fire,6,4,2
Botbotamba,hyjal,384,mage,fire,6,4,2
Gennésïs,darksorrow,384,mage,fire,6,4,2
Drewna,silvermoon,384,mage,fire,6,4,2
Shyasianmage,area-52,384,mage,fire,6,4,2
Bergillos,sanguino,384,mage,fire,6,4,2
Yenneferr,magtheridon,384,mage,fire,6,4,2
Фюртэ,howling-fjord,384,mage,fire,6,4,2
Файрусх,deathguard,384,mage,fire,6,4,2
Farmassist,stormscale,384,mage,fire,6,4,2
Мактай,gordunni,384,mage,fire,6,4,2
Gidsor,silvermoon,384,mage,fire,6,4,2
Fkndog,ravencrest,384,mage,fire,6,4,2
Mnday,ravencrest,384,mage,fire,6,4,2
Нефростмаг,gordunni,384,mage,fire,6,4,2
Taylorswîft,ragnaros,384,mage,fire,6,4,2
Praison,defias-brotherhood,384,mage,fire,6,4,2
Ovrpwrdxd,kazzak,384,mage,fire,6,4,2
Saryotheone,silvermoon,384,mage,fire,6,4,2
Pavlé,draenor,384,mage,fire,6,4,2
Cardioexpert,ravencrest,384,mage,fire,6,4,2
Dibzz,sanguino,384,mage,fire,6,4,2
Zyreanx,blackrock,384,mage,fire,6,4,2
Rotøk,burning-legion,384,mage,fire,6,4,2
Wopi,sylvanas,384,mage,fire,6,4,2
Гандолъер,soulflayer,384,mage,fire,6,4,2
Нехай,ashenvale,384,mage,fire,6,4,2
Doryy,silvermoon,384,mage,fire,6,4,2
Dubbleblast,draenor,384,mage,fire,6,4,2
Kold,stormscale,384,mage,fire,6,4,2
Kkohp,ravencrest,384,mage,fire,6,4,2
Шуткам,gordunni,384,mage,fire,6,4,2
Waterhagx,tarren-mill,384,mage,fire,6,4,2
Curran,ravencrest,384,mage,fire,6,4,2
Аркагос,gordunni,384,mage,fire,12,4,8
Diji,the-maelstrom,384,mage,fire,12,4,8
Aarcheon,kazzak,384,mage,fire,12,4,8
Feuern,antonidas,384,mage,fire,12,4,8
Раканчик,gordunni,384,mage,fire,12,4,8
Бабайбайкала,gordunni,384,mage,fire,12,4,8
Rooven,aegwynn,384,mage,fire,12,4,8
Popbg,outland,384,mage,fire,12,4,8
Michellee,ravencrest,384,mage,fire,12,4,8
Дантрий,gordunni,384,mage,fire,12,4,8
Гелиадо,soulflayer,384,mage,fire,12,4,8
Викликс,borean-tundra,384,mage,fire,12,4,8
Genviedgiclé,arathi,384,mage,fire,12,4,8
Kazeen,silvermoon,384,mage,fire,12,4,8
Деорро,gordunni,384,mage,fire,12,4,8
Lusionator,defias-brotherhood,384,mage,fire,18,4,14
Birdlort,draenor,383,mage,fire,6,4,2
Ildrøv,stormscale,383,mage,fire,12,4,8
Unhedged,eredar,383,mage,fire,12,4,8
Мэджиксул,grom,383,mage,fire,12,4,8
Chimará,eredar,367,mage,fire,11,4,7
Lusifera,outland,336,mage,fire,9,4,5
Niivel,ysondre,336,mage,fire,15,4,11
Мэдраша,gordunni,335,mage,fire,17,4,13
Tigerblod,tarren-mill,330,mage,fire,10,5,5
Shermî,blackrock,288,mage,fire,6,3,3
Pævl,drakthul,288,mage,fire,6,3,3
Frøstdream,dun-modr,288,mage,fire,6,3,3
Driana,dragonmaw,288,mage,fire,6,3,3
Mylanq,ragnaros,288,mage,fire,6,3,3
Lëyra,ysondre,288,mage,fire,6,3,3
Adetin,tarren-mill,288,mage,fire,6,3,3
Maveya,blackmoore,288,mage,fire,6,3,3
Salvadordalí,ravencrest,288,mage,fire,6,3,3
Nàtcho,tichondrius,288,mage,fire,6,3,3
Сизаам,howling-fjord,288,mage,fire,6,3,3
Trowbe,blackmoore,288,mage,fire,6,3,3
Sendro,twisting-nether,288,mage,fire,6,3,3
Росвенд,gordunni,288,mage,fire,6,3,3
Funkyfriday,twisting-nether,288,mage,fire,6,3,3
Namemage,stormscale,288,mage,fire,6,3,3
Макотшельник,gordunni,288,mage,fire,6,3,3
Mága,grim-batol,288,mage,fire,6,3,3
Alterwhite,archimonde,288,mage,fire,6,3,3
Couñterspell,eredar,288,mage,fire,6,3,3
Fleurdelacur,ravencrest,288,mage,fire,6,3,3
Даатхедра,booty-bay,288,mage,fire,6,3,3
Modrone,ragnaros,288,mage,fire,6,3,3
Shinigamí,blackrock,288,mage,fire,6,3,3
Botstyle,ravencrest,288,mage,fire,6,3,3
Narexa,silvermoon,288,mage,fire,6,3,3
Alearis,die-aldor,288,mage,fire,6,3,3
Uwutehe,ravencrest,288,mage,fire,6,3,3
Néiloth,frostmane,288,mage,fire,6,3,3
Мэджу,gordunni,288,mage,fire,6,3,3
Procahontas,ravencrest,288,mage,fire,6,3,3
Coachrmp,ravencrest,288,mage,fire,6,3,3
Capphaow,ravencrest,288,mage,fire,6,3,3
Ãzi,ravencrest,288,mage,fire,6,3,3
Xlarb,kazzak,288,mage,fire,6,3,3
Onlymage,ravencrest,288,mage,fire,6,3,3
Ørka,stormscale,288,mage,fire,6,3,3
Kryptass,aegwynn,288,mage,fire,6,3,3
Êgôn,perenolde,288,mage,fire,6,3,3
Meign,eredar,288,mage,fire,6,3,3
Tildetbfa,antonidas,288,mage,fire,6,3,3
Cryptik,blackmoore,288,mage,fire,6,3,3
Zøe,aggra-português,288,mage,fire,6,3,3
Zerøsílgødx,antonidas,288,mage,fire,6,3,3
Partypower,twisting-nether,288,mage,fire,6,3,3
Fuchso,area-52,288,mage,fire,6,3,3
Sonybonanza,kazzak,288,mage,fire,6,3,3
Исендэя,gordunni,288,mage,fire,6,3,3
Balderk,sanguino,288,mage,fire,6,3,3
Bebenm,archimonde,288,mage,fire,6,3,3
Noxkin,stormscale,288,mage,fire,6,3,3
Diffa,tarren-mill,288,mage,fire,6,3,3
Kàtsu,tarren-mill,288,mage,fire,6,3,3
Хблэйз,howling-fjord,288,mage,fire,9,4,5
Ice,sargeras,288,mage,fire,9,4,5
Колтрэйн,blackscar,288,mage,fire,9,3,6
Tsubas,blackmoore,288,mage,fire,12,3,9
Aylan,kazzak,288,mage,fire,12,3,9
Abêj,malygos,288,mage,fire,12,3,9
Trenpapi,twisting-nether,288,mage,fire,12,3,9
Saivedija,blackmoore,288,mage,fire,12,3,9
Frökenfrost,stormscale,288,mage,fire,12,3,9
Овеча,gordunni,288,mage,fire,12,3,9
Oblív,ravencrest,288,mage,fire,12,3,9
Mogettemagic,ysondre,288,mage,fire,12,3,9
Milton,dunemaul,288,mage,fire,12,3,9
Waan,sylvanas,288,mage,fire,12,3,9
Rasaku,argent-dawn,288,mage,fire,12,3,9
Beardmorph,auchindoun,288,mage,fire,12,3,9
Kyrox,ysondre,287,mage,fire,12,3,9
Ceanna,argent-dawn,287,mage,fire,12,3,9
Regenn,kazzak,286,mage,fire,6,3,3
Smî,aegwynn,286,mage,fire,6,3,3
Венлич,gordunni,271,mage,fire,9,4,5
Mercem,stormscale,239,mage,fire,5,3,2
Goukakyu,ravencrest,239,mage,fire,5,3,2
Khalix,blackmoore,239,mage,fire,5,3,2
Worstwòrld,draenor,208,mage,fire,7,3,4
Decedé,dun-modr,192,mage,fire,6,2,4
Rõdokunohi,darksorrow,192,mage,fire,6,2,4
Letitsnow,ravencrest,192,mage,fire,6,2,4
Oizar,hyjal,192,mage,fire,6,2,4
Mohovik,wildhammer,192,mage,fire,6,2,4
Kilféfroid,ysondre,192,mage,fire,6,2,4
Дэката,grom,192,mage,fire,6,2,4
Lisanalgaib,kilrogg,192,mage,fire,6,2,4
Ôbsury,hyjal,192,mage,fire,6,2,4
Transformo,draenor,192,mage,fire,6,2,4
Solitaria,tarren-mill,192,mage,fire,6,2,4
Eksl,draenor,192,mage,fire,6,2,4
Puracz,defias-brotherhood,192,mage,fire,6,2,4
Пиньон,borean-tundra,192,mage,fire,6,2,4
Xatures,tarren-mill,192,mage,fire,6,2,4
Quínt,blackhand,192,mage,fire,6,2,4
Jokiss,draenor,192,mage,fire,6,2,4
Hopewell,aszune,192,mage,fire,6,2,4
Alorin,dun-modr,192,mage,fire,6,2,4
Zerobelow,silvermoon,192,mage,fire,6,2,4
Solarian,nemesis,192,mage,fire,6,2,4
Apc,sylvanas,192,mage,fire,6,2,4
Alarak,drakthul,192,mage,fire,6,2,4
Гнег,gordunni,192,mage,fire,6,2,4
Szarbán,ragnaros,192,mage,fire,6,2,4
Frígíd,outland,192,mage,fire,6,2,4
Vantimere,twisting-nether,192,mage,fire,6,2,4
Shinegami,hyjal,192,mage,fire,6,2,4
Elynaé,draenor,192,mage,fire,6,2,4
Antaos,drakthul,192,mage,fire,6,2,4
Gregoss,elune,192,mage,fire,6,2,4
Ikefire,draenor,192,mage,fire,6,2,4
Sickßlink,outland,192,mage,fire,6,2,4
Lìx,ravencrest,192,mage,fire,6,2,4
Magenox,blackrock,192,mage,fire,6,2,4
Gêrky,drakthul,192,mage,fire,6,2,4
Watchmeclic,archimonde,192,mage,fire,6,2,4
Dnt,twilights-hammer,192,mage,fire,6,2,4
Zeusmon,ragnaros,192,mage,fire,6,2,4
Milminmage,ravencrest,192,mage,fire,6,2,4
Roberx,sanguino,192,mage,fire,6,2,4
Malshash,outland,192,mage,fire,6,2,4
Димаскунфу,howling-fjord,192,mage,fire,6,2,4
Atzin,sanguino,192,mage,fire,6,2,4
Zisseron,frostmane,192,mage,fire,6,2,4
Mesvef,archimonde,192,mage,fire,12,2,10
Firelight,argent-dawn,192,mage,fire,12,2,10
Symbiano,twisting-nether,192,mage,fire,12,2,10
Çatàclysmík,kazzak,192,mage,fire,12,2,10
Nötmârtònxø,ragnaros,192,mage,fire,12,2,10
Явернулси,soulflayer,192,mage,fire,12,2,10
Veveroiu,defias-brotherhood,191,mage,fire,6,2,4
Kirripirri,doomhammer,191,mage,fire,12,2,10
Shockólot,outland,159,mage,fire,5,2,3
Tahiti,twisting-nether,159,mage,fire,5,2,3
Xhal,hyjal,138,mage,fire,9,3,6
Wëylin,chogall,128,mage,fire,4,2,2
Rukiax,blackrock,128,mage,fire,4,2,2
Ayoubz,outland,128,mage,fire,4,2,2
Burstology,kazzak,128,mage,fire,4,2,2
Wwjd,darksorrow,127,mage,fire,8,2,6
Slashlife,wrathbringer,96,mage,fire,6,1,5
Arcanik,archimonde,96,mage,fire,6,1,5
Radagulf,outland,96,mage,fire,6,1,5
Infamage,draenor,96,mage,fire,6,1,5
Zalfax,sinstralis,96,mage,fire,6,1,5
Martixx,stormscale,96,mage,fire,6,1,5
Dingin,bronze-dragonflight,96,mage,fire,6,1,5
Пламяорды,soulflayer,96,mage,fire,6,1,5
Одз,grom,96,mage,fire,6,1,5
Polÿmorph,stormscale,96,mage,fire,6,1,5
Камаёри,howling-fjord,96,mage,fire,6,1,5
Akadran,blackmoore,96,mage,fire,6,1,5
Phenoxi,sylvanas,96,mage,fire,6,1,5
Halbattar,garona,96,mage,fire,6,1,5
Фантомланс,howling-fjord,96,mage,fire,6,1,5
Caststuffatu,sylvanas,96,mage,fire,6,1,5
Zagori,sylvanas,96,mage,fire,6,1,5
Símple,sylvanas,96,mage,fire,6,1,5
Alaster,culte-de-la-rive-noire,96,mage,fire,6,1,5
Pyroden,stormscale,96,mage,fire,6,1,5
Варриморыч,soulflayer,96,mage,fire,6,1,5
Дизордерх,gordunni,96,mage,fire,6,1,5
Nodnarb,dragonblight,96,mage,fire,6,1,5
Ckrax,sanguino,96,mage,fire,6,1,5
Roey,defias-brotherhood,96,mage,fire,6,1,5
Bekkmzi,drakthul,96,mage,fire,6,1,5
Prinskoekie,twisting-nether,96,mage,fire,6,1,5
Westx,blackmoore,96,mage,fire,6,1,5
Zakardo,kazzak,96,mage,fire,6,1,5
Tombkiller,kult-der-verdammten,96,mage,fire,6,1,5
Maybeblood,kazzak,96,mage,fire,6,1,5
Satheril,argent-dawn,96,mage,fire,6,1,5
Tsungy,twisting-nether,96,mage,fire,6,1,5
Mexxî,thrall,96,mage,fire,6,1,5
Tarryxa,kazzak,96,mage,fire,12,1,11
Kenny,nerzhul,96,mage,fire,12,1,11
Mallphass,dalaran,96,mage,fire,12,1,11
Syltris,drakthul,96,mage,fire,18,1,17
Pyrias,sylvanas,95,mage,fire,6,1,5
Shâdozy,blackmoore,89,mage,fire,6,3,3
Mimicassa,defias-brotherhood,84,mage,fire,14,7,7
Incenia,ravencrest,79,mage,fire,11,1,10
Hecht,burning-legion,64,mage,fire,4,1,3
Preí,archimonde,42,mage,fire,12,3,9
Cleophe,burning-legion,31,mage,fire,2,1,1
Озобочений,greymane,31,mage,fire,2,1,1
Ðøæø,twisting-nether,16,mage,fire,1,1,0
Partypower,twisting-nether,2238,mage,frost,195,100,95
Chikounet,archimonde,2188,mage,frost,150,78,72
Tommy,laughing-skull,2144,mage,frost,88,45,43
Ðeejkñ,archimonde,2139,mage,frost,72,45,27
Avizura,kazzak,2134,mage,frost,60,35,25
Dastion,ravencrest,2105,mage,frost,91,45,46
Макотшельник,gordunni,2091,mage,frost,85,54,31
Søz,agamaggan,2089,mage,frost,119,60,59
Медивера,gordunni,2076,mage,frost,95,50,45
Laynerz,kazzak,2065,mage,frost,61,34,27
Fakér,ravencrest,2058,mage,frost,184,88,96
Watchmeclic,archimonde,2053,mage,frost,96,46,50
Serctheone,ravencrest,2043,mage,frost,190,94,96
Sóz,ravencrest,2033,mage,frost,109,51,58
Oseri,defias-brotherhood,2028,mage,frost,143,72,71
Ticklefinger,agamaggan,2004,mage,frost,59,40,19
Naynn,archimonde,2004,mage,frost,76,41,35
Барсуктри,deathguard,1984,mage,frost,60,30,30
Evovar,silvermoon,1981,mage,frost,119,59,60
Kalamaras,quelthalas,1972,mage,frost,62,30,32
Oscarwizyo,ravencrest,1968,mage,frost,77,36,41
Voerk,twisting-nether,1955,mage,frost,88,46,42
Gavno,ravencrest,1955,mage,frost,54,26,28
Øscarwizyo,ravencrest,1940,mage,frost,78,38,40
Efes,dun-modr,1934,mage,frost,58,32,26
Setyouoncs,ravencrest,1927,mage,frost,84,42,42
Akyrâz,blackrock,1927,mage,frost,94,40,54
Abovè,outland,1918,mage,frost,54,23,31
Sukmikok,twisting-nether,1911,mage,frost,190,94,96
Nilitar,kazzak,1910,mage,frost,60,24,36
Watchmeclick,archimonde,1909,mage,frost,36,20,16
Santriss,defias-brotherhood,1883,mage,frost,72,36,36
Sìckofme,aegwynn,1875,mage,frost,36,26,10
Kurtkiels,draenor,1872,mage,frost,60,29,31
Ввнд,galakrond,1869,mage,frost,60,27,33
Praison,defias-brotherhood,1863,mage,frost,54,32,22
Zhodusqt,ragnaros,1859,mage,frost,54,27,27
Rosady,ragnaros,1857,mage,frost,107,55,52
Henqo,burning-legion,1856,mage,frost,64,30,34
Cleophe,burning-legion,1853,mage,frost,81,44,37
Emoden,silvermoon,1850,mage,frost,302,158,144
Shíróyama,ravencrest,1849,mage,frost,132,77,55
Arkhaen,archimonde,1848,mage,frost,71,36,35
Drfeeldgoodd,mazrigos,1843,mage,frost,84,38,46
Auchenax,argent-dawn,1839,mage,frost,167,84,83
Aìnz,hyjal,1837,mage,frost,60,27,33
Gossipgirlz,outland,1836,mage,frost,244,124,120
Silverlining,ravencrest,1830,mage,frost,169,88,81
Exone,sylvanas,1828,mage,frost,66,32,34
Незерёб,soulflayer,1828,mage,frost,96,46,50
Bebenm,archimonde,1827,mage,frost,36,24,12
Mlodysimba,burning-legion,1827,mage,frost,58,33,25
Lyndsey,dalaran,1826,mage,frost,65,31,34
Laurents,silvermoon,1825,mage,frost,128,86,42
Èverix,ravencrest,1823,mage,frost,106,47,59
Goneforever,draenor,1820,mage,frost,42,27,15
Мэдвэйз,gordunni,1819,mage,frost,48,31,17
Søbert,hyjal,1818,mage,frost,36,22,14
Pryt,ragnaros,1813,mage,frost,137,78,59
Crylz,kazzak,1813,mage,frost,59,28,31
Djdankzter,outland,1812,mage,frost,42,19,23
Máximus,ravencrest,1809,mage,frost,53,27,26
Reflexz,thrall,1805,mage,frost,42,25,17
Xmoo,blackrock,1805,mage,frost,48,24,24
Novaco,ravencrest,1805,mage,frost,59,29,30
Baconlance,stormscale,1803,mage,frost,42,23,19
Tellysia,blackmoore,1802,mage,frost,47,26,21
Símple,sylvanas,1802,mage,frost,60,27,33
Kiirin,drakthul,1801,mage,frost,57,34,23
Lidely,kazzak,1800,mage,frost,30,19,11
Zøe,aggra-português,1800,mage,frost,54,34,20
Whócárés,dragonmaw,1798,mage,frost,45,32,13
Mgtowforlife,ravencrest,1797,mage,frost,152,77,75
Stickiburn,malganis,1797,mage,frost,87,42,45
Knometsj,ravencrest,1796,mage,frost,48,26,22
Løwskìll,outland,1795,mage,frost,95,53,42
Einsmagus,blackrock,1793,mage,frost,60,31,29
Onnÿy,dun-modr,1781,mage,frost,80,37,43
Äntigood,outland,1780,mage,frost,131,71,60
Chazs,kazzak,1778,mage,frost,72,36,36
Rekzaop,ravencrest,1778,mage,frost,108,48,60
Whïm,ysondre,1776,mage,frost,83,34,49
Polÿmorph,stormscale,1774,mage,frost,59,30,29
Esscheppert,blackrock,1771,mage,frost,78,38,40
Môv,tarren-mill,1770,mage,frost,42,21,21
Medara,darkspear,1768,mage,frost,72,38,34
Lo,kilrogg,1764,mage,frost,96,49,47
Ovrpwrdxd,kazzak,1763,mage,frost,24,20,4
Wmp,ravencrest,1763,mage,frost,42,23,19
Wracrz,argent-dawn,1762,mage,frost,72,38,34
Sorrow,outland,1762,mage,frost,84,39,45
Shakéx,outland,1758,mage,frost,51,26,25
Sâkuya,blackrock,1756,mage,frost,122,60,62
Sunehx,blackrock,1753,mage,frost,54,30,24
Layzzy,kazzak,1748,mage,frost,150,75,75
Колинас,soulflayer,1748,mage,frost,101,50,51
Darkoftw,ysondre,1747,mage,frost,101,47,54
Nightfee,eredar,1745,mage,frost,42,21,21
Jirø,cthun,1738,mage,frost,130,65,65
Jocelynn,aggramar,1735,mage,frost,65,27,38
Soloqtarget,archimonde,1730,mage,frost,110,55,55
Zoot,ravencrest,1730,mage,frost,72,30,42
Nozarashí,hyjal,1726,mage,frost,76,38,38
Neymar,aszune,1725,mage,frost,35,24,11
Blackfirez,ravencrest,1725,mage,frost,30,18,12
Гелиадо,soulflayer,1724,mage,frost,42,19,23
Bombswag,bloodhoof,1722,mage,frost,131,64,67
Sylbris,outland,1722,mage,frost,131,62,69
Мэтаскрим,soulflayer,1721,mage,frost,72,30,42
Soz,agamaggan,1720,mage,frost,30,18,12
Калихор,gordunni,1719,mage,frost,42,28,14
Mexxî,thrall,1719,mage,frost,72,37,35
Tánu,quelthalas,1717,mage,frost,66,32,34
Fireblood,runetotem,1716,mage,frost,60,28,32
Rambau,archimonde,1712,mage,frost,198,97,101
Аресуперпрес,gordunni,1712,mage,frost,46,21,25
Lorothar,blackhand,1712,mage,frost,60,24,36
Raíner,eredar,1708,mage,frost,78,44,34
Shalien,tarren-mill,1704,mage,frost,65,35,30
Missl,draenor,1700,mage,frost,38,20,18
Axhole,darksorrow,1700,mage,frost,48,23,25
Tfmchamp,ravencrest,1698,mage,frost,33,22,11
Ishimura,eredar,1697,mage,frost,54,31,23
Леракобольд,gordunni,1695,mage,frost,41,20,21
Slobbery,aggramar,1694,mage,frost,54,29,25
Melíssa,silvermoon,1692,mage,frost,36,25,11
Alearis,die-aldor,1690,mage,frost,72,38,34
Jaimey,blackhand,1690,mage,frost,161,75,86
Ãshs,archimonde,1690,mage,frost,48,20,28
Frostgodxqt,ravencrest,1689,mage,frost,105,58,47
Алаурс,howling-fjord,1686,mage,frost,42,22,20
Ironhood,nemesis,1685,mage,frost,36,21,15
Swizzy,arathor,1685,mage,frost,64,35,29
Dsmoke,ravencrest,1684,mage,frost,51,25,26
Jenggot,ravencrest,1681,mage,frost,35,18,17
Vilain,tarren-mill,1678,mage,frost,35,18,17
Pharohe,stormscale,1678,mage,frost,52,25,27
Hógwarts,aegwynn,1677,mage,frost,60,34,26
Xirrasho,argent-dawn,1677,mage,frost,42,22,20
Zimbabweborc,burning-legion,1675,mage,frost,64,37,27
Tiqma,sylvanas,1673,mage,frost,42,23,19
Саваннхмаег,blackscar,1665,mage,frost,57,34,23
Tromie,archimonde,1664,mage,frost,83,49,34
Tdv,draenor,1664,mage,frost,45,23,22
Lïppoutou,archimonde,1663,mage,frost,35,18,17
Girldalf,silvermoon,1660,mage,frost,195,99,96
Anaxtra,guldan,1660,mage,frost,135,66,69
Rankonedeep,kazzak,1659,mage,frost,57,34,23
Vilenciaga,kazzak,1659,mage,frost,66,35,31
Snowsánji,blackmoore,1656,mage,frost,41,21,20
Gensorèd,darksorrow,1655,mage,frost,74,36,38
Гекомория,fordragon,1654,mage,frost,74,39,35
Манакса,gordunni,1654,mage,frost,54,24,30
Bigkent,stormscale,1653,mage,frost,48,22,26
Nebbur,dun-modr,1650,mage,frost,54,25,29
Thinamerican,defias-brotherhood,1649,mage,frost,30,20,10
Tagrine,kaelthas,1648,mage,frost,102,49,53
Marybaguette,archimonde,1647,mage,frost,48,22,26
Johnnydeepp,archimonde,1646,mage,frost,36,18,18
Djflashz,archimonde,1644,mage,frost,42,18,24
Firebaw,tarren-mill,1643,mage,frost,36,25,11
Dostoïevskix,hyjal,1640,mage,frost,30,19,11
Nickg,ravencrest,1636,mage,frost,42,21,21
Magerocks,ragnaros,1635,mage,frost,36,20,16
Sondremage,outland,1635,mage,frost,134,60,74
Pezi,outland,1634,mage,frost,50,31,19
Demensida,ravencrest,1634,mage,frost,190,100,90
Xall,silvermoon,1631,mage,frost,36,23,13
Scorchira,outland,1631,mage,frost,30,18,12
Манахк,gordunni,1631,mage,frost,42,19,23
Asiman,eredar,1631,mage,frost,51,22,29
Райоми,fordragon,1630,mage,frost,172,88,84
Ephixis,ravencrest,1630,mage,frost,48,21,27
Thesiôu,ravencrest,1629,mage,frost,36,20,16
Buddi,burning-blade,1629,mage,frost,287,148,139
Озобочений,greymane,1628,mage,frost,49,24,25
Bestial,alexstrasza,1627,mage,frost,100,46,54
Unsaìntly,kult-der-verdammten,1625,mage,frost,37,17,20
Glowie,stormreaver,1623,mage,frost,36,20,16
Xenant,ravencrest,1623,mage,frost,42,18,24
Blasty,guldan,1622,mage,frost,57,25,32
Emerlyn,ragnaros,1618,mage,frost,30,17,13
Sykz,hyjal,1617,mage,frost,65,35,30
Digi,ravencrest,1617,mage,frost,57,22,35
Jonku,tarren-mill,1616,mage,frost,41,21,20
Mumage,blackrock,1614,mage,frost,24,17,7
Covran,stormscale,1614,mage,frost,30,17,13
Манаксаа,gordunni,1612,mage,frost,45,21,24
Trowbe,blackmoore,1611,mage,frost,42,23,19
Xæll,silvermoon,1611,mage,frost,114,61,53
Kaeser,ravencrest,1611,mage,frost,53,28,25
Itzlucky,twisting-nether,1610,mage,frost,141,72,69
Sheepthrillz,blackmoore,1609,mage,frost,41,24,17
Ôbsury,hyjal,1608,mage,frost,100,54,46
Mupana,nagrand,1607,mage,frost,150,76,74
Espressno,ravencrest,1606,mage,frost,30,19,11
Tills,kargath,1606,mage,frost,42,20,22
Ðazzftw,archimonde,1605,mage,frost,24,17,7
Dubstep,blackrock,1605,mage,frost,48,23,25
Stîckî,malganis,1605,mage,frost,51,19,32
Jamzymage,emerald-dream,1604,mage,frost,30,17,13
Copyright,deathwing,1604,mage,frost,36,17,19
Tjq,ravencrest,1603,mage,frost,36,20,16
Noxkin,stormscale,1603,mage,frost,36,17,19
Magethings,kazzak,1603,mage,frost,54,25,29
Фирдаркнесс,howling-fjord,1602,mage,frost,36,19,17
Bzzr,tarren-mill,1601,mage,frost,54,35,19
Réd,earthen-ring,1601,mage,frost,77,36,41
Icefix,dun-modr,1599,mage,frost,119,67,52
Absoluteswag,tarren-mill,1598,mage,frost,39,22,17
Mecharience,rexxar,1597,mage,frost,33,18,15
Iroya,festung-der-stürme,1597,mage,frost,179,90,89
Quinella,ravencrest,1592,mage,frost,96,50,46
Вольняша,azuregos,1591,mage,frost,112,49,63
Sersei,garona,1590,mage,frost,36,17,19
Okayhehexd,dun-morogh,1586,mage,frost,90,51,39
Leafløver,ravencrest,1586,mage,frost,59,30,29
Яшабурстх,blackscar,1583,mage,frost,35,19,16
Joulz,ravencrest,1583,mage,frost,200,94,106
Ёкай,soulflayer,1582,mage,frost,199,111,88
Boomboomciao,nemesis,1578,mage,frost,102,49,53
Óuíja,outland,1576,mage,frost,45,28,17
Nimdáá,stormscale,1575,mage,frost,204,113,91
Takayaki,terokkar,1575,mage,frost,60,31,29
Мибринк,soulflayer,1575,mage,frost,72,32,40
Sekulicgoga,draenor,1572,mage,frost,297,164,133
Iverson,kazzak,1571,mage,frost,57,23,34
Dubbleblast,draenor,1570,mage,frost,48,25,23
Petepan,argent-dawn,1570,mage,frost,109,53,56
Ингилейф,howling-fjord,1570,mage,frost,46,18,28
Datpolytho,twisting-nether,1567,mage,frost,54,36,18
Левелнес,howling-fjord,1567,mage,frost,74,32,42
Ceillech,blackrock,1564,mage,frost,76,38,38
Sheepmaster,aegwynn,1563,mage,frost,36,19,17
Smashdown,blackrock,1562,mage,frost,36,19,17
Vyuca,argent-dawn,1559,mage,frost,52,28,24
Chareyla,argent-dawn,1558,mage,frost,83,42,41
Afterimage,zuljin,1556,mage,frost,122,57,65
Gaduz,kazzak,1556,mage,frost,72,31,41
Apeex,chamber-of-aspects,1555,mage,frost,90,43,47
Homellander,silvermoon,1553,mage,frost,230,122,108
Elynaé,draenor,1550,mage,frost,42,20,22
Mxrrz,kazzak,1547,mage,frost,211,111,100
Icydeadsheep,draenor,1547,mage,frost,72,28,44
Ghalanz,ravencrest,1545,mage,frost,60,29,31
Бингчилинг,howling-fjord,1543,mage,frost,64,30,34
Старкскрим,gordunni,1542,mage,frost,100,48,52
Necizbored,tarren-mill,1539,mage,frost,48,30,18
Icekíss,hyjal,1539,mage,frost,58,29,29
Reðemption,dun-modr,1538,mage,frost,23,17,6
Sakuranosuke,twisting-nether,1534,mage,frost,36,20,16
Newintown,blackmoore,1533,mage,frost,56,30,26
Elcritadoré,ragnaros,1533,mage,frost,45,22,23
Walian,burning-blade,1532,mage,frost,42,24,18
Alluryeine,draenor,1531,mage,frost,59,34,25
Миднаит,gordunni,1531,mage,frost,105,47,58
Wýr,archimonde,1531,mage,frost,48,21,27
Фоулли,howling-fjord,1528,mage,frost,34,17,17
Buffenhance,ravencrest,1527,mage,frost,48,16,32
Fullpolly,twisting-nether,1525,mage,frost,36,23,13
Excuses,chamber-of-aspects,1525,mage,frost,195,94,101
Evilmagíc,tarren-mill,1523,mage,frost,30,16,14
Rihnou,blackmoore,1523,mage,frost,77,33,44
Beaun,tarren-mill,1521,mage,frost,81,43,38
Hbarftw,ravencrest,1521,mage,frost,47,23,24
Manafuzz,outland,1521,mage,frost,36,17,19
Фемна,soulflayer,1519,mage,frost,89,50,39
Xep,ragnaros,1518,mage,frost,30,16,14
Únna,sanguino,1517,mage,frost,75,42,33
Larmp,outland,1517,mage,frost,42,16,26
Ney,drakthul,1516,mage,frost,24,16,8
Гамаюнх,deathguard,1516,mage,frost,36,17,19
Mystikj,arathor,1514,mage,frost,36,16,20
Helminsterr,archimonde,1511,mage,frost,30,16,14
Sangumage,silvermoon,1509,mage,frost,48,24,24
Kaì,twisting-nether,1508,mage,frost,78,45,33
Borêta,blackrock,1506,mage,frost,96,46,50
Widmage,silvermoon,1506,mage,frost,122,55,67
Rexør,frostwolf,1505,mage,frost,54,31,23
Denaleidi,stormscale,1505,mage,frost,54,30,24
Ímnotback,outland,1503,mage,frost,241,124,117
Isralysa,ravencrest,1502,mage,frost,251,131,120
Dzikk,silvermoon,1502,mage,frost,66,34,32
Comodus,ragnaros,1500,mage,frost,84,40,44
Spellcast,ravencrest,1496,mage,frost,33,18,15
Arimila,sylvanas,1491,mage,frost,112,51,61
Мозифрост,gordunni,1490,mage,frost,62,23,39
Realone,ragnaros,1488,mage,frost,30,16,14
Сосулькина,gordunni,1488,mage,frost,95,50,45
Surlancealot,outland,1488,mage,frost,47,20,27
Borko,rashgarroth,1486,mage,frost,36,19,17
Plætinum,ravencrest,1485,mage,frost,186,94,92
Azakadabra,ysondre,1483,mage,frost,49,30,19
Свдпро,deathguard,1483,mage,frost,46,22,24
Корадо,gordunni,1483,mage,frost,120,54,66
Datakrigern,tarren-mill,1480,mage,frost,41,22,19
Scaleeth,kazzak,1479,mage,frost,40,18,22
Тачмахал,soulflayer,1478,mage,frost,60,31,29
Qqpwn,ragnaros,1477,mage,frost,65,32,33
Octtmiss,twisting-nether,1476,mage,frost,33,17,16
Tàylerdarden,nemesis,1472,mage,frost,47,22,25
Rodatudo,ravencrest,1472,mage,frost,82,37,45
Джейнанис,gordunni,1471,mage,frost,64,33,31
Tôke,kaelthas,1467,mage,frost,66,38,28
Вендайса,soulflayer,1467,mage,frost,240,135,105
Kelthuzed,twisting-nether,1466,mage,frost,33,18,15
Shainax,dun-modr,1466,mage,frost,88,45,43
Fïttan,stormscale,1464,mage,frost,44,20,24
Nàtcho,tichondrius,1462,mage,frost,36,20,16
Hernêise,silvermoon,1462,mage,frost,167,87,80
Bigacombusta,tarren-mill,1461,mage,frost,44,17,27
Phélenia,sargeras,1459,mage,frost,72,34,38
Koreanbbq,kazzak,1458,mage,frost,59,29,30
Lolmageop,aegwynn,1457,mage,frost,35,16,19
Hambones,outland,1456,mage,frost,38,16,22
Оай,gordunni,1456,mage,frost,48,19,29
Råståfåri,uldum,1455,mage,frost,60,25,35
Lesoleil,archimonde,1453,mage,frost,30,19,11
Демолюшн,soulflayer,1453,mage,frost,156,72,84
Дарнивил,gordunni,1452,mage,frost,167,85,82
Azkarr,stormscale,1450,mage,frost,59,33,26
Zaruna,arathor,1448,mage,frost,51,26,25
Dllarky,drakthul,1448,mage,frost,48,24,24
Snakebit,kazzak,1448,mage,frost,67,32,35
Khivax,twisting-nether,1448,mage,frost,66,27,39
Woorm,sylvanas,1446,mage,frost,76,44,32
Afklow,pozzo-delleternità,1442,mage,frost,39,21,18
Maquiwizz,aggra-português,1442,mage,frost,48,24,24
Eldariel,ravencrest,1442,mage,frost,83,39,44
Shnitz,stormscale,1436,mage,frost,24,15,9
Novalia,wrathbringer,1435,mage,frost,78,43,35
Hayaka,sanguino,1435,mage,frost,59,30,29
Charliezard,argent-dawn,1435,mage,frost,36,15,21
Hazzá,ravencrest,1433,mage,frost,24,15,9
Maege,ragnaros,1432,mage,frost,32,17,15
Quadekun,tarren-mill,1432,mage,frost,30,15,15
Stillfrostin,blackrock,1430,mage,frost,60,38,22
Аваон,deathguard,1429,mage,frost,81,39,42
Mßs,outland,1429,mage,frost,36,15,21
Пиньон,borean-tundra,1425,mage,frost,36,21,15
Smöked,tarren-mill,1424,mage,frost,264,137,127
Vannq,silvermoon,1422,mage,frost,30,15,15
Gêrky,drakthul,1422,mage,frost,108,53,55
Samath,conseil-des-ombres,1421,mage,frost,36,15,21
Jedite,die-todeskrallen,1420,mage,frost,218,114,104
Naylz,archimonde,1419,mage,frost,30,15,15
Koreanbbq,outland,1414,mage,frost,36,15,21
Hexmath,tarren-mill,1413,mage,frost,30,15,15
Nutsa,silvermoon,1412,mage,frost,24,15,9
Bebarz,darksorrow,1412,mage,frost,89,47,42
Messatsux,tarren-mill,1411,mage,frost,30,15,15
Нонекс,soulflayer,1411,mage,frost,71,33,38
Zionw,frostwolf,1410,mage,frost,121,60,61
Averus,outland,1409,mage,frost,24,15,9
Pipihu,silvermoon,1409,mage,frost,54,27,27
Elcølgaø,sanguino,1406,mage,frost,90,39,51
Quail,anubarak,1402,mage,frost,106,52,54
Sixx,aegwynn,1400,mage,frost,41,19,22
Shagee,stormscale,1399,mage,frost,30,16,14
Pluribusunum,outland,1398,mage,frost,38,17,21
Frèézê,frostwolf,1398,mage,frost,36,16,20
Dabka,argent-dawn,1394,mage,frost,139,69,70
Nightplays,sylvanas,1391,mage,frost,36,22,14
Shüri,kazzak,1391,mage,frost,72,41,31
Фиджарь,soulflayer,1391,mage,frost,87,46,41
Ymirë,khaz-modan,1391,mage,frost,45,20,25
Моритакаа,gordunni,1382,mage,frost,42,22,20
Derbomber,guldan,1382,mage,frost,41,16,25
Iulie,kazzak,1381,mage,frost,168,84,84
Psika,kazzak,1377,mage,frost,79,37,42
Find,archimonde,1373,mage,frost,86,36,50
Caesarclown,silvermoon,1372,mage,frost,125,63,62
Lsdt,stormscale,1372,mage,frost,42,16,26
Oizar,hyjal,1371,mage,frost,48,25,23
Цепнойпёс,goldrinn,1371,mage,frost,34,17,17
Орижн,howling-fjord,1366,mage,frost,53,29,24
Alicánte,silvermoon,1365,mage,frost,66,29,37
Iceorb,azshara,1364,mage,frost,114,52,62
Arlunea,blackmoore,1364,mage,frost,50,20,30
Iceiceice,stormscale,1361,mage,frost,48,25,23
Fractox,ysondre,1360,mage,frost,106,56,50
Cheerió,aggramar,1360,mage,frost,254,118,136
Magitron,wildhammer,1358,mage,frost,29,17,12
Енотмаг,gordunni,1356,mage,frost,42,20,22
Fistersfrizz,aegwynn,1348,mage,frost,36,20,16
Sylênna,kazzak,1347,mage,frost,60,30,30
Katarapower,silvermoon,1346,mage,frost,201,97,104
Morphees,twisting-nether,1345,mage,frost,36,22,14
Manvo,bloodscalp,1345,mage,frost,60,23,37
Ràiku,ravencrest,1344,mage,frost,24,14,10
Jíncks,anachronos,1344,mage,frost,24,14,10
Preí,archimonde,1344,mage,frost,37,15,22
Bolesnimage,draenor,1343,mage,frost,41,24,17
Arnoldkelly,tarren-mill,1342,mage,frost,24,14,10
Obbjob,ravencrest,1342,mage,frost,30,14,16
Firehasse,draenor,1341,mage,frost,92,49,43
Dmmeforcam,archimonde,1340,mage,frost,26,15,11
Apócalyptic,tarren-mill,1340,mage,frost,64,36,28
Jokiss,draenor,1339,mage,frost,114,57,57
Immobilizer,eredar,1339,mage,frost,78,39,39
Анзот,howling-fjord,1338,mage,frost,34,19,15
Деорро,gordunni,1338,mage,frost,30,14,16
Grandbasile,hyjal,1338,mage,frost,30,14,16
Cinoox,blackrock,1337,mage,frost,34,15,19
Animaze,argent-dawn,1335,mage,frost,155,88,67
Tirenia,bloodfeather,1335,mage,frost,41,15,26
Illius,kelthuzad,1334,mage,frost,37,18,19
Spelltastíc,blackmoore,1333,mage,frost,24,14,10
Imbatto,quelthalas,1332,mage,frost,42,20,22
Alktraz,outland,1332,mage,frost,72,32,40
Däpper,ragnaros,1332,mage,frost,36,15,21
Karstnstenzl,blackrock,1331,mage,frost,24,14,10
Shinzel,hyjal,1331,mage,frost,64,26,38
Кройзис,howling-fjord,1328,mage,frost,80,46,34
Игрдлпдров,gordunni,1327,mage,frost,72,34,38
Dïabolike,archimonde,1326,mage,frost,36,22,14
Phenoxi,sylvanas,1325,mage,frost,24,14,10
Laenadria,argent-dawn,1325,mage,frost,71,28,43
Tìnder,tarren-mill,1324,mage,frost,78,40,38
Discomorph,the-maelstrom,1322,mage,frost,24,14,10
Ðíø,twisting-nether,1321,mage,frost,28,15,13
Sused,outland,1321,mage,frost,30,16,14
Гунмаказ,soulflayer,1318,mage,frost,22,16,6
Mdog,stormreaver,1317,mage,frost,68,35,33
Гатмир,gordunni,1316,mage,frost,219,105,114
Alkhazzar,defias-brotherhood,1316,mage,frost,114,48,66
Nups,ravencrest,1315,mage,frost,60,24,36
Kundry,tarren-mill,1314,mage,frost,36,15,21
Лутиум,howling-fjord,1313,mage,frost,181,100,81
Hetaxata,kazzak,1313,mage,frost,32,16,16
Iceym,ravencrest,1313,mage,frost,41,17,24
Bænoß,ravencrest,1312,mage,frost,30,16,14
Quilava,ghostlands,1305,mage,frost,37,19,18
Vrajitöru,doomhammer,1304,mage,frost,26,16,10
Iceterror,ravencrest,1300,mage,frost,24,15,9
Oiklo,eitrigg,1300,mage,frost,55,24,31
Máurus,antonidas,1299,mage,frost,54,21,33
Psychosiss,kazzak,1298,mage,frost,49,27,22
Velâska,malganis,1296,mage,frost,57,32,25
Криолетта,gordunni,1295,mage,frost,54,25,29
Магсимум,ashenvale,1292,mage,frost,35,18,17
Winterblues,frostmourne,1291,mage,frost,36,20,16
Nevaehine,ravencrest,1291,mage,frost,141,72,69
Tarkún,dun-modr,1290,mage,frost,60,35,25
Abolf,twisting-nether,1288,mage,frost,30,16,14
Frostjävel,grim-batol,1288,mage,frost,46,24,22
Seelengott,onyxia,1288,mage,frost,193,98,95
Saucise,hyjal,1287,mage,frost,30,14,16
Zoubaz,archimonde,1286,mage,frost,31,16,15
Umaguma,elune,1284,mage,frost,30,14,16
Destruct,doomhammer,1277,mage,frost,30,18,12
Justleblanc,dalaran,1277,mage,frost,46,18,28
Iggilaus,blackhand,1276,mage,frost,297,147,150
Flakeh,outland,1276,mage,frost,83,40,43
Crackheads,hyjal,1276,mage,frost,42,17,25
Asteria,twisting-nether,1274,mage,frost,142,67,75
Kleini,die-aldor,1273,mage,frost,23,15,8
Silvariy,stormscale,1272,mage,frost,142,71,71
Teuboku,ysondre,1271,mage,frost,43,27,16
Tradez,norgannon,1271,mage,frost,42,17,25
Tacto,ravencrest,1267,mage,frost,142,75,67
Jaghahah,tarren-mill,1266,mage,frost,90,52,38
Lenycz,burning-blade,1266,mage,frost,36,19,17
Морозящий,howling-fjord,1265,mage,frost,138,74,64
Braxxorz,chamber-of-aspects,1261,mage,frost,36,24,12
Дырявка,galakrond,1261,mage,frost,72,32,40
Corpusqq,eredar,1261,mage,frost,36,15,21
Lovësosa,hyjal,1260,mage,frost,41,20,21
Синийлед,galakrond,1260,mage,frost,90,38,52
Daneliam,outland,1259,mage,frost,36,15,21
Shroomie,eredar,1258,mage,frost,78,35,43
Nïo,ravencrest,1256,mage,frost,24,14,10
Левченкопро,soulflayer,1256,mage,frost,145,74,71
Confine,twisting-nether,1252,mage,frost,48,20,28
Crzyubrdrver,blackrock,1246,mage,frost,24,13,11
Jackin,burning-legion,1246,mage,frost,60,27,33
Bengé,ragnaros,1245,mage,frost,22,14,8
Dènzx,ravencrest,1244,mage,frost,18,13,5
Bceps,stormscale,1244,mage,frost,54,29,25
Akúmã,stormscale,1244,mage,frost,173,84,89
Jezí,ghostlands,1244,mage,frost,30,13,17
Xânârchy,minahonda,1242,mage,frost,72,33,39
Dabina,sanguino,1240,mage,frost,48,22,26
Lukewizard,twisting-nether,1239,mage,frost,30,15,15
Titanshao,silvermoon,1237,mage,frost,24,16,8
Esculapìo,nemesis,1236,mage,frost,82,44,38
Вайконд,howling-fjord,1236,mage,frost,50,23,27
Qtiepatootie,silvermoon,1231,mage,frost,151,80,71
Zice,antonidas,1231,mage,frost,28,14,14
Kaaguraa,ravencrest,1230,mage,frost,142,72,70
Quincy,frostwolf,1230,mage,frost,42,20,22
Pyroden,stormscale,1224,mage,frost,42,18,24
Boredpeon,burning-legion,1223,mage,frost,60,31,29
Gliffy,terokkar,1222,mage,frost,49,29,20
Dyx,nemesis,1222,mage,frost,78,33,45
Хблэйз,howling-fjord,1222,mage,frost,36,14,22
Pwntt,terenas,1219,mage,frost,51,20,31
Xhal,hyjal,1217,mage,frost,24,13,11
Suidas,auchindoun,1217,mage,frost,66,28,38
Yenkonidas,blackmoore,1216,mage,frost,36,16,20
Lupuus,anubarak,1215,mage,frost,24,13,11
Airo,drakthul,1215,mage,frost,24,13,11
Faycia,blackhand,1212,mage,frost,72,30,42
Meydoum,archimonde,1209,mage,frost,24,13,11
Olivaresa,ravencrest,1205,mage,frost,50,17,33
Хоф,deathguard,1204,mage,frost,30,13,17
Zevúlòs,ravencrest,1202,mage,frost,42,28,14
Zzombi,sylvanas,1197,mage,frost,75,37,38
Pruneau,hyjal,1194,mage,frost,36,15,21
Rektd,blackhand,1193,mage,frost,133,61,72
Zagori,sylvanas,1193,mage,frost,43,18,25
Phaege,defias-brotherhood,1192,mage,frost,32,15,17
Søphiâ,thrall,1191,mage,frost,72,38,34
Funakin,blackrock,1191,mage,frost,36,13,23
Вескнам,lich-king,1188,mage,frost,72,30,42
Сибиди,gordunni,1185,mage,frost,24,13,11
Гаразлик,howling-fjord,1184,mage,frost,78,31,47
Vathalis,zuluhed,1183,mage,frost,53,19,34
Fleurdelacur,ravencrest,1182,mage,frost,57,29,28
Хируэль,gordunni,1180,mage,frost,98,47,51
Scaless,stormscale,1176,mage,frost,77,37,40
Инкрионити,gordunni,1175,mage,frost,23,13,10
Zvuta,sanguino,1166,mage,frost,18,14,4
Айсвеном,gordunni,1166,mage,frost,36,16,20
Latiny,destromath,1163,mage,frost,53,25,28
Bossgb,twisting-nether,1160,mage,frost,27,15,12
Flamya,stormscale,1160,mage,frost,47,20,27
Райдзен,greymane,1160,mage,frost,51,19,32
Hagiko,archimonde,1156,mage,frost,21,14,7
Baravar,blackrock,1155,mage,frost,35,14,21
Айсбоунт,eversong,1151,mage,frost,49,27,22
Аквамелис,gordunni,1151,mage,frost,24,12,12
Valyndra,twisting-nether,1150,mage,frost,18,12,6
Amicuta,ravencrest,1150,mage,frost,48,24,24
Arcticfury,ravencrest,1149,mage,frost,24,12,12
Anamalhoa,aggra-português,1147,mage,frost,36,18,18
Sukky,todeswache,1146,mage,frost,24,12,12
Блья,howling-fjord,1145,mage,frost,54,31,23
Ayoubz,outland,1145,mage,frost,24,12,12
Kippercarry,outland,1144,mage,frost,24,12,12
Tiltedpapi,ravencrest,1142,mage,frost,46,24,22
Qulinx,kazzak,1142,mage,frost,29,13,16
Mohovik,wildhammer,1141,mage,frost,24,12,12
Maggresive,sylvanas,1140,mage,frost,30,15,15
Учительйода,ashenvale,1139,mage,frost,18,12,6
Frostvirgin,twisting-nether,1138,mage,frost,30,12,18
Frostyfart,tarren-mill,1136,mage,frost,24,12,12
Oathkeepper,silvermoon,1135,mage,frost,124,60,64
Zwölfte,outland,1133,mage,frost,70,37,33
Iamslow,sylvanas,1130,mage,frost,18,12,6
Rafaeala,argent-dawn,1129,mage,frost,118,62,56
Ewina,twisting-nether,1128,mage,frost,24,12,12
Stryee,ragnaros,1128,mage,frost,24,12,12
Momotemp,emerald-dream,1128,mage,frost,92,45,47
Вельдрик,soulflayer,1127,mage,frost,85,41,44
Lêgólás,blackmoore,1119,mage,frost,24,12,12
Ëloenn,dalaran,1119,mage,frost,29,12,17
Lifemagic,chamber-of-aspects,1118,mage,frost,81,43,38
Pinkis,darkmoon-faire,1116,mage,frost,79,40,39
Gacosane,chamber-of-aspects,1113,mage,frost,69,26,43
Kapueca,jaedenar,1110,mage,frost,39,25,14
Kadsy,tarren-mill,1106,mage,frost,35,16,19
Ryydee,silvermoon,1106,mage,frost,76,34,42
Magjaw,twisting-nether,1105,mage,frost,24,14,10
Suikune,twisting-nether,1104,mage,frost,18,12,6
Луциаз,gordunni,1104,mage,frost,41,24,17
Саназэр,soulflayer,1095,mage,frost,66,30,36
Aileean,burning-legion,1087,mage,frost,47,20,27
Dodgezdream,kazzak,1084,mage,frost,16,12,4
Goeb,kazzak,1083,mage,frost,35,14,21
Niivel,ysondre,1082,mage,frost,120,68,52
Килавый,eversong,1080,mage,frost,24,16,8
Broduy,draenor,1079,mage,frost,90,40,50
Çxçx,dun-modr,1077,mage,frost,30,12,18
Aelire,die-aldor,1077,mage,frost,33,12,21
Nazø,archimonde,1076,mage,frost,54,20,34
Roughfked,silvermoon,1075,mage,frost,50,27,23
Isolia,silvermoon,1075,mage,frost,29,12,17
Умелецмаг,gordunni,1072,mage,frost,42,22,20
Cardioexpert,ravencrest,1071,mage,frost,19,12,7
Shivah,onyxia,1068,mage,frost,100,37,63
Дедамаг,eversong,1064,mage,frost,36,18,18
Jodiefroster,bronzebeard,1063,mage,frost,50,29,21
Nåzmyz,outland,1058,mage,frost,42,17,25
Xèrec,ysondre,1058,mage,frost,36,12,24
Pinguíni,aegwynn,1057,mage,frost,42,21,21
Лемозяра,gordunni,1056,mage,frost,12,11,1
Sìsia,ragnaros,1056,mage,frost,18,11,7
Kilstine,outland,1056,mage,frost,18,11,7
Elldiamage,draenor,1056,mage,frost,24,11,13
Dastion,sylvanas,1056,mage,frost,24,11,13
Unsaîntly,kult-der-verdammten,1056,mage,frost,28,11,17
Нереварин,soulflayer,1056,mage,frost,30,11,19
Xläderz,ravencrest,1055,mage,frost,18,11,7
Decedé,dun-modr,1055,mage,frost,18,11,7
Tenetic,thrall,1055,mage,frost,20,11,9
Келлазар,gordunni,1055,mage,frost,24,11,13
Síckmode,khadgar,1055,mage,frost,36,11,25
Rere,zenedar,1054,mage,frost,26,13,13
Kõl,ravencrest,1054,mage,frost,24,11,13
Grömit,drakthul,1053,mage,frost,18,11,7
Scoodles,kazzak,1053,mage,frost,24,11,13
Лакифриз,gordunni,1052,mage,frost,18,11,7
Викликс,borean-tundra,1052,mage,frost,22,13,9
Pixlet,kazzak,1052,mage,frost,30,11,19
Винилочка,deathguard,1051,mage,frost,24,11,13
Бальзамон,eversong,1051,mage,frost,37,15,22
Ízumi,stormscale,1051,mage,frost,30,11,19
Lyramage,draenor,1051,mage,frost,36,11,25
Destrech,aggra-português,1050,mage,frost,18,11,7
Saphiregos,dalaran,1050,mage,frost,94,44,50
Файрусх,blackscar,1049,mage,frost,18,11,7
Chililol,dun-modr,1048,mage,frost,24,11,13
Ryzea,ravencrest,1047,mage,frost,23,15,8
Риктусемпра,ashenvale,1047,mage,frost,18,11,7
Tainted,eredar,1047,mage,frost,24,11,13
Qwixxis,sylvanas,1045,mage,frost,96,44,52
Férécide,ysondre,1045,mage,frost,30,11,19
Ãzi,ravencrest,1042,mage,frost,18,11,7
Nuryielle,blackmoore,1042,mage,frost,24,11,13
Ørcan,azshara,1042,mage,frost,78,29,49
Thry,bronzebeard,1042,mage,frost,30,11,19
Юлианх,gordunni,1039,mage,frost,256,124,132
Khoshgele,draenor,1039,mage,frost,24,11,13
Irreversal,ravencrest,1037,mage,frost,59,27,32
Miidi,doomhammer,1036,mage,frost,30,16,14
Heavyfire,kazzak,1034,mage,frost,18,11,7
Clonefcf,sylvanas,1032,mage,frost,55,31,24
Forestie,silvermoon,1032,mage,frost,50,23,27
Mystto,silvermoon,1030,mage,frost,48,29,19
Snowrain,chogall,1030,mage,frost,47,23,24
Ramcoz,twisting-nether,1029,mage,frost,42,21,21
Tomuru,draenor,1028,mage,frost,39,23,16
Ananaskana,ragnaros,1025,mage,frost,18,11,7
Коласольдом,gordunni,1024,mage,frost,24,11,13
Smõóve,hyjal,1023,mage,frost,69,25,44
Yasheaa,ysondre,1020,mage,frost,23,11,12
Tiefkühler,norgannon,1019,mage,frost,36,19,17
Icyshot,blackhand,1019,mage,frost,24,11,13
Gønzô,blackmoore,1018,mage,frost,49,21,28
Dumbledores,aegwynn,1017,mage,frost,47,19,28
Илайла,booty-bay,1007,mage,frost,15,12,3
Thalaja,kazzak,1005,mage,frost,23,11,12
Этридемус,howling-fjord,1000,mage,frost,42,11,31
Фрайбл,gordunni,997,mage,frost,25,12,13
Schtenen,silvermoon,994,mage,frost,170,77,93
Erzà,todeswache,991,mage,frost,35,18,17
Kumakara,archimonde,981,mage,frost,24,12,12
Zedsdeadbaby,argent-dawn,980,mage,frost,55,25,30
Fashes,sunstrider,977,mage,frost,75,36,39
Dnt,twilights-hammer,974,mage,frost,24,11,13
Neboonu,sylvanas,962,mage,frost,30,14,16
Mlogic,tarren-mill,960,mage,frost,18,10,8
Cosmostms,ravencrest,960,mage,frost,18,10,8
Acx,drakthul,960,mage,frost,18,10,8
Mollymorph,ragnaros,960,mage,frost,24,10,14
Rukiax,blackrock,960,mage,frost,36,10,26
Rinuria,blackrock,959,mage,frost,12,10,2
Тортикток,soulflayer,959,mage,frost,24,10,14
Джинетикс,deathguard,958,mage,frost,18,10,8
Track,blackhand,958,mage,frost,24,10,14
Wslyx,dun-morogh,958,mage,frost,36,10,26
Фростидзе,gordunni,956,mage,frost,24,10,14
Zenó,blackrock,956,mage,frost,30,10,20
Anthrex,drakthul,955,mage,frost,24,10,14
Бабайбайкала,gordunni,951,mage,frost,36,10,26
Haljina,kazzak,949,mage,frost,255,117,138
Celdra,blackrock,949,mage,frost,24,10,14
Shanny,argent-dawn,948,mage,frost,18,10,8
Maybeblood,kazzak,946,mage,frost,28,11,17
Frisstana,outland,946,mage,frost,30,10,20
Evuryl,nemesis,944,mage,frost,24,10,14
Vamelia,blackmoore,944,mage,frost,36,13,23
Chogger,blackmoore,938,mage,frost,30,17,13
Fujitoras,khaz-modan,938,mage,frost,54,25,29
Speedshatter,aegwynn,928,mage,frost,22,10,12
Мосгормаг,gordunni,924,mage,frost,23,10,13
Qwibbly,kazzak,921,mage,frost,17,10,7
Nandie,stormreaver,919,mage,frost,20,11,9
Kótaranka,kazzak,915,mage,frost,29,10,19
Teals,turalyon,915,mage,frost,48,16,32
Piego,turalyon,913,mage,frost,70,37,33
Lìx,ravencrest,911,mage,frost,17,10,7
Toxttr,drakthul,908,mage,frost,18,11,7
Magicoliwia,ysera,905,mage,frost,24,13,11
Mutly,kazzak,900,mage,frost,20,11,9
Døliprane,garona,900,mage,frost,36,19,17
Misscandy,doomhammer,898,mage,frost,79,35,44
Apic,blackrock,897,mage,frost,17,10,7
Мрперут,eversong,895,mage,frost,119,61,58
Venu,dun-modr,895,mage,frost,30,15,15
Funnyzowie,minahonda,895,mage,frost,20,10,10
Pickaachu,doomhammer,893,mage,frost,30,15,15
Çana,thrall,893,mage,frost,22,10,12
Frostspree,wildhammer,892,mage,frost,20,10,10
Wopi,sylvanas,890,mage,frost,36,13,23
Êmmá,blackmoore,885,mage,frost,54,22,32
Sammelbot,kargath,872,mage,frost,48,24,24
Ghostgivree,archimonde,872,mage,frost,48,23,25
Lexalia,blackmoore,869,mage,frost,32,14,18
Xæl,ravencrest,866,mage,frost,57,27,30
Kyomachix,burning-legion,864,mage,frost,12,9,3
Abruaa,tarren-mill,864,mage,frost,12,9,3
Zauberdose,blackhand,864,mage,frost,12,9,3
Fakeklepter,sylvanas,864,mage,frost,12,9,3
Oblív,ravencrest,864,mage,frost,12,9,3
Philoû,archimonde,864,mage,frost,18,9,9
Рй,galakrond,863,mage,frost,18,9,9
Qtpoof,sylvanas,863,mage,frost,18,9,9
Авгурей,howling-fjord,863,mage,frost,18,9,9
Musé,kazzak,863,mage,frost,18,9,9
Næj,hyjal,863,mage,frost,18,9,9
Qqcult,ravencrest,863,mage,frost,18,9,9
Muchmage,silvermoon,863,mage,frost,24,9,15
Слизерин,gordunni,863,mage,frost,24,9,15
Spamblink,archimonde,863,mage,frost,33,9,24
Skretx,archimonde,862,mage,frost,12,9,3
Darkseidez,alonsus,862,mage,frost,18,9,9
Манднесс,azuregos,861,mage,frost,18,9,9
Strychne,ragnaros,860,mage,frost,12,9,3
Raikøn,blackmoore,860,mage,frost,18,9,9
Noviina,argent-dawn,860,mage,frost,18,9,9
Ilikepoly,blackmoore,859,mage,frost,18,9,9
Zanazanelor,twisting-nether,859,mage,frost,18,9,9
Amazona,veklor,859,mage,frost,38,18,20
Naote,blackhand,858,mage,frost,18,9,9
Klésh,nemesis,858,mage,frost,18,9,9
Aûrûm,silvermoon,858,mage,frost,24,9,15
Vexperious,tarren-mill,857,mage,frost,12,9,3
Markasaura,kazzak,856,mage,frost,38,11,27
Voralastor,doomhammer,855,mage,frost,12,9,3
Farrä,dun-modr,854,mage,frost,53,26,27
Arcanik,archimonde,854,mage,frost,30,9,21
Narzoul,ysondre,849,mage,frost,18,9,9
Iceicebáby,draenor,845,mage,frost,24,9,15
Madzía,ravencrest,842,mage,frost,33,16,17
Ezzekkiel,elune,835,mage,frost,18,9,9
Лордбелиал,soulflayer,834,mage,frost,24,9,15
Skyra,les-sentinelles,829,mage,frost,18,9,9
Rintoh,pozzo-delleternità,828,mage,frost,30,9,21
Didub,outland,827,mage,frost,30,9,21
Ттэль,gordunni,820,mage,frost,34,14,20
Zenoss,khaz-modan,815,mage,frost,42,18,24
Aerius,lightnings-blade,813,mage,frost,21,9,12
Lemonshelo,archimonde,806,mage,frost,27,9,18
Frigus,khaz-modan,804,mage,frost,27,9,18
Hooffer,stormscale,797,mage,frost,28,9,19
Jobarttrach,les-clairvoyants,793,mage,frost,126,63,63
Akâri,silvermoon,784,mage,frost,25,9,16
Margistikus,die-aldor,776,mage,frost,111,57,54
Séxmachiné,draenor,768,mage,frost,12,8,4
Subzeraxo,archimonde,768,mage,frost,12,8,4
Arunx,magtheridon,768,mage,frost,12,8,4
Botanicula,the-maelstrom,768,mage,frost,12,8,4
Rillia,argent-dawn,768,mage,frost,12,8,4
Spacehoe,stormscale,768,mage,frost,12,8,4
Serclulz,ravencrest,768,mage,frost,12,8,4
Trashmage,blackrock,768,mage,frost,12,8,4
Гдедипфриз,soulflayer,768,mage,frost,18,8,10
Tærrëñshíll,tarren-mill,768,mage,frost,18,8,10
Nelfchewer,ravencrest,768,mage,frost,18,8,10
Transformo,draenor,768,mage,frost,18,8,10
Väänik,draenor,768,mage,frost,18,8,10
Mðj,kazzak,768,mage,frost,18,8,10
Wambamm,ravencrest,768,mage,frost,24,8,16
Чистокрут,gordunni,768,mage,frost,24,8,16
Zelimeth,outland,768,mage,frost,24,8,16
Blinkfloyd,blackmoore,768,mage,frost,24,8,16
Ilovedana,dun-modr,768,mage,frost,26,8,18
Tajos,drakthul,767,mage,frost,12,8,4
Ia,kirin-tor,767,mage,frost,12,8,4
Zili,draenor,767,mage,frost,12,8,4
Chicke,outland,767,mage,frost,12,8,4
Gagaj,ravencrest,767,mage,frost,12,8,4
Xyfys,azshara,767,mage,frost,12,8,4
Archyl,kazzak,767,mage,frost,18,8,10
Bumbumdead,sylvanas,767,mage,frost,18,8,10
Соорка,gordunni,767,mage,frost,18,8,10
Goodheadcake,ragnaros,767,mage,frost,18,8,10
Khorosho,draenor,767,mage,frost,24,8,16
Vinlimar,drakthul,767,mage,frost,24,8,16
Insanewizard,kazzak,766,mage,frost,12,8,4
Thorstäin,ragnaros,766,mage,frost,12,8,4
Anoez,kargath,766,mage,frost,18,8,10
Кварийм,howling-fjord,766,mage,frost,24,8,16
Illiaria,antonidas,765,mage,frost,12,8,4
Partagedeco,dalaran,765,mage,frost,18,8,10
Ærrflôw,frostwolf,765,mage,frost,18,8,10
Xakiha,kazzak,764,mage,frost,18,8,10
Vignoni,the-maelstrom,764,mage,frost,18,8,10
Skarxaa,sanguino,763,mage,frost,18,8,10
Кельтузат,azuregos,762,mage,frost,12,8,4
Archilól,drakthul,762,mage,frost,18,8,10
Dominos,medivh,762,mage,frost,18,8,10
Полеморв,soulflayer,761,mage,frost,18,8,10
Edwiin,dun-morogh,761,mage,frost,33,9,24
Tomjedusor,hyjal,757,mage,frost,12,8,4
Gnoumen,shadowsong,755,mage,frost,18,8,10
Мерджреквест,howling-fjord,745,mage,frost,17,8,9
Fôôxy,aegwynn,745,mage,frost,23,8,15
Voldemort,bronzebeard,741,mage,frost,27,10,17
Qqlool,draenor,735,mage,frost,23,8,15
Amalou,stormscale,729,mage,frost,32,9,23
Mumpii,blackrock,719,mage,frost,17,8,9
Clitch,blutkessel,715,mage,frost,20,9,11
Blinklet,twisting-nether,713,mage,frost,17,10,7
Kaeki,khaz-modan,708,mage,frost,20,10,10
Чогоце,eversong,705,mage,frost,42,12,30
Emesarry,scarshield-legion,703,mage,frost,11,8,3
Rayniß,blackmoore,702,mage,frost,26,8,18
Щавзорву,gordunni,686,mage,frost,16,8,8
Fîsheye,blackrock,672,mage,frost,12,7,5
Альмодера,gordunni,672,mage,frost,12,7,5
Wortyvery,outland,672,mage,frost,12,7,5
Prinskoekie,twisting-nether,672,mage,frost,12,7,5
Monkeydmafia,blackrock,672,mage,frost,12,7,5
Agus,ravencrest,672,mage,frost,12,7,5
Icéy,kazzak,672,mage,frost,12,7,5
Skyblink,hyjal,672,mage,frost,12,7,5
Njl,blackmoore,672,mage,frost,12,7,5
Gizzoo,draenor,672,mage,frost,12,7,5
Bumboozling,kazzak,672,mage,frost,12,7,5
Yobys,burning-legion,672,mage,frost,12,7,5
Schmutzki,eredar,672,mage,frost,12,7,5
Lyès,uldaman,672,mage,frost,12,7,5
Glindalefay,silvermoon,672,mage,frost,12,7,5
Viro,defias-brotherhood,672,mage,frost,15,8,7
Drandis,blackmoore,672,mage,frost,18,7,11
Mageyreid,quelthalas,672,mage,frost,18,7,11
Dalaras,archimonde,672,mage,frost,18,7,11
Kèj,kazzak,672,mage,frost,18,7,11
Løgi,drakthul,672,mage,frost,18,7,11
Lillelord,defias-brotherhood,672,mage,frost,18,7,11
Drwrey,tarren-mill,672,mage,frost,18,7,11
Aterso,azshara,672,mage,frost,21,8,13
Krookéd,tarren-mill,672,mage,frost,24,7,17
Wàneís,ravencrest,672,mage,frost,24,7,17
Qùb,eldrethalas,671,mage,frost,12,7,5
Geepie,twisting-nether,671,mage,frost,12,7,5
Møstwãntêd,aegwynn,671,mage,frost,12,7,5
Badphaz,frostmane,671,mage,frost,12,7,5
Microsmag,thrall,671,mage,frost,12,7,5
Митгори,gordunni,671,mage,frost,12,7,5
Ellyson,silvermoon,671,mage,frost,12,7,5
Fyriel,burning-legion,671,mage,frost,18,7,11
Ice,sargeras,671,mage,frost,18,7,11
Lylla,cthun,671,mage,frost,18,7,11
Crayz,magtheridon,671,mage,frost,18,7,11
Antaos,drakthul,671,mage,frost,18,7,11
Aern,sinstralis,671,mage,frost,18,7,11
Tjayy,kazzak,671,mage,frost,18,7,11
Chread,bronze-dragonflight,671,mage,frost,18,7,11
Kyrn,zuljin,671,mage,frost,18,7,11
Kalyipso,blackrock,671,mage,frost,30,7,23
Шанлис,gordunni,670,mage,frost,12,7,5
Hotpotatox,ravencrest,670,mage,frost,13,7,6
Placidius,twisting-nether,670,mage,frost,18,7,11
Nery,ravencrest,670,mage,frost,18,7,11
Unreadyx,archimonde,670,mage,frost,18,7,11
Crematorium,argent-dawn,669,mage,frost,19,7,12
Aériza,silvermoon,667,mage,frost,12,7,5
Bolthen,uldum,667,mage,frost,24,7,17
Yojimbot,archimonde,667,mage,frost,36,7,29
Vurtnez,kazzak,665,mage,frost,15,7,8
Listro,argent-dawn,664,mage,frost,12,7,5
Sinanogan,draenor,658,mage,frost,24,7,17
Helloimgone,blackmoore,655,mage,frost,17,7,10
Xatures,tarren-mill,653,mage,frost,23,7,16
Escobar,frostmane,622,mage,frost,20,8,12
Skæde,ravencrest,618,mage,frost,17,11,6
Svanteg,kazzak,618,mage,frost,14,8,6
Hidrax,outland,617,mage,frost,15,9,6
Jockin,stormrage,616,mage,frost,19,8,11
Ioriyagami,dragonmaw,608,mage,frost,22,7,15
Sleîhg,sanguino,607,mage,frost,16,7,9
Shakamage,grim-batol,603,mage,frost,16,7,9
Escapematrix,ravencrest,576,mage,frost,6,6,0
Estonka,ravencrest,576,mage,frost,6,6,0
Tvångstralla,tarren-mill,576,mage,frost,12,6,6
Диппро,soulflayer,576,mage,frost,12,6,6
Kanjani,antonidas,576,mage,frost,12,6,6
Sainth,sanguino,576,mage,frost,12,6,6
Kurtcobain,draenor,576,mage,frost,12,6,6
Ouija,kazzak,576,mage,frost,12,6,6
Elgriefo,sylvanas,576,mage,frost,12,6,6
Glöden,ravencrest,576,mage,frost,12,6,6
Skdroople,ravencrest,576,mage,frost,12,6,6
Унитазныймаг,howling-fjord,576,mage,frost,12,6,6
Insømnium,stormscale,576,mage,frost,12,6,6
Søo,kazzak,576,mage,frost,12,6,6
Titarie,ravencrest,576,mage,frost,12,6,6
Сизаам,howling-fjord,576,mage,frost,12,6,6
Dumblemore,ragnaros,576,mage,frost,12,6,6
Миллерфест,howling-fjord,576,mage,frost,12,6,6
Halfanapple,the-maelstrom,576,mage,frost,12,6,6
Creden,frostmane,576,mage,frost,12,6,6
Froststarr,burning-legion,576,mage,frost,12,6,6
Magicdingo,lightnings-blade,576,mage,frost,12,6,6
Maximilian,pozzo-delleternità,576,mage,frost,12,6,6
Aeternitaz,outland,576,mage,frost,12,6,6
Nécrømage,confrérie-du-thorium,576,mage,frost,12,6,6
Lepronsito,kazzak,576,mage,frost,12,6,6
Ecnaclappy,blackrock,576,mage,frost,12,6,6
Eléaena,argent-dawn,576,mage,frost,12,6,6
Eìnì,kazzak,576,mage,frost,12,6,6
Sickofme,blackmoore,576,mage,frost,12,6,6
Seikatsu,sylvanas,576,mage,frost,18,6,12
Articunoh,ravencrest,576,mage,frost,18,6,12
Ury,hyjal,576,mage,frost,18,6,12
Reeroll,arthas,576,mage,frost,18,6,12
Zikyo,silvermoon,576,mage,frost,18,6,12
Shakeándbake,ravencrest,576,mage,frost,18,6,12
Wenndrid,draenor,576,mage,frost,24,6,18
Yshax,malganis,576,mage,frost,24,6,18
Depai,blackrock,575,mage,frost,12,6,6
Poter,silvermoon,575,mage,frost,12,6,6
Metaboi,ragnaros,575,mage,frost,12,6,6
Yvonnita,chamber-of-aspects,575,mage,frost,12,6,6
Jokèr,silvermoon,575,mage,frost,12,6,6
Zulko,krasus,575,mage,frost,12,6,6
Pitbones,archimonde,575,mage,frost,12,6,6
Razzìatore,pozzo-delleternità,575,mage,frost,13,6,7
Saturator,burning-legion,575,mage,frost,18,6,12
Длинныеухи,blackscar,575,mage,frost,18,6,12
Bloodymage,zenedar,575,mage,frost,18,6,12
Kaptenski,stormscale,575,mage,frost,24,6,18
Galdrari,sylvanas,574,mage,frost,12,6,6
Вхламинка,howling-fjord,574,mage,frost,12,6,6
Bhaâl,hyjal,574,mage,frost,12,6,6
Stilnox,nemesis,574,mage,frost,18,6,12
Pumpzy,tarren-mill,574,mage,frost,18,6,12
Soulcatcheus,archimonde,560,mage,frost,24,6,18
Maran,outland,555,mage,frost,24,6,18
Meign,eredar,537,mage,frost,22,8,14
Mínêrvâ,blackrock,528,mage,frost,15,7,8
Lidin,draenor,527,mage,frost,11,6,5
Nøxas,archimonde,527,mage,frost,17,6,11
Avb,twisting-nether,527,mage,frost,17,6,11
Xyhno,eredar,519,mage,frost,13,7,6
Tschelo,eredar,512,mage,frost,16,6,10
Miihawkk,khaz-modan,510,mage,frost,20,6,14
Magicstorm,anubarak,504,mage,frost,16,6,10
Trøll,nemesis,480,mage,frost,6,5,1
Driana,dragonmaw,480,mage,frost,6,5,1
Hérä,archimonde,480,mage,frost,6,5,1
Veemi,blackmoore,480,mage,frost,6,5,1
Zehnvonzehn,antonidas,480,mage,frost,6,5,1
Chucknoir,draenor,480,mage,frost,6,5,1
Barryscótt,stormscale,480,mage,frost,6,5,1
Ascik,dalaran,480,mage,frost,6,5,1
Magnopvp,sanguino,480,mage,frost,10,6,4
Манахк,blackscar,480,mage,frost,12,5,7
Trevise,ravencrest,480,mage,frost,12,5,7
Vzrmage,antonidas,480,mage,frost,12,5,7
Okey,frostwhisper,480,mage,frost,12,5,7
Venque,blackrock,480,mage,frost,12,5,7
Лрее,gordunni,480,mage,frost,12,5,7
Milkenjoyer,ravencrest,480,mage,frost,12,5,7
Bamz,malganis,480,mage,frost,12,5,7
Kleptomania,archimonde,480,mage,frost,12,5,7
Adagar,chamber-of-aspects,480,mage,frost,12,5,7
Zaurok,sanguino,480,mage,frost,12,5,7
Magenox,blackrock,480,mage,frost,12,5,7
Médivh,archimonde,480,mage,frost,12,5,7
Reznøør,confrérie-du-thorium,480,mage,frost,12,5,7
Ikefire,draenor,480,mage,frost,12,5,7
Burnit,dalaran,480,mage,frost,12,5,7
Zyxiie,sylvanas,480,mage,frost,12,5,7
Chrømy,twisting-nether,480,mage,frost,12,5,7
Gàtsby,outland,480,mage,frost,12,5,7
Thelastmage,outland,480,mage,frost,12,5,7
Néiloth,frostmane,480,mage,frost,12,5,7
Marikisanx,blackmoore,480,mage,frost,12,5,7
Мэлфариус,soulflayer,480,mage,frost,12,5,7
Maestrá,outland,480,mage,frost,12,5,7
Spell,blackmoore,480,mage,frost,12,5,7
Finkle,spinebreaker,480,mage,frost,12,5,7
Shirrunn,the-maelstrom,480,mage,frost,12,5,7
Betomage,blackmoore,480,mage,frost,12,5,7
Primodious,kazzak,480,mage,frost,12,5,7
Funkyfriday,twisting-nether,480,mage,frost,12,5,7
Azegodxlul,kazzak,480,mage,frost,12,5,7
Barzle,blackmoore,480,mage,frost,12,5,7
Pronyma,outland,480,mage,frost,12,5,7
Vapurx,blackmoore,480,mage,frost,12,5,7
Quaile,malygos,480,mage,frost,12,5,7
Leontus,outland,480,mage,frost,12,5,7
Moleester,twisting-nether,480,mage,frost,12,5,7
Moffmage,sylvanas,480,mage,frost,12,5,7
Brolyzerr,archimonde,480,mage,frost,13,5,8
Rusdor,frostwhisper,480,mage,frost,21,6,15
Шипкастермвп,howling-fjord,480,mage,frost,18,5,13
Consquens,aszune,480,mage,frost,18,5,13
Vioulette,elune,480,mage,frost,18,5,13
Edelvise,azjolnerub,480,mage,frost,18,5,13
Xoouuboo,eredar,480,mage,frost,18,5,13
Wukidiwn,draenor,480,mage,frost,18,5,13
Shøcked,blackrock,480,mage,frost,18,5,13
Donishakur,ragnaros,480,mage,frost,19,5,14
Grismage,twisting-nether,480,mage,frost,24,5,19
Intêrnet,archimonde,480,mage,frost,26,5,21
Restinnpiss,twisting-nether,479,mage,frost,6,5,1
Coldstormz,terenas,479,mage,frost,12,5,7
Allotropia,ravencrest,479,mage,frost,12,5,7
Zionara,stormscale,479,mage,frost,12,5,7
Scoxywoxy,ragnaros,479,mage,frost,12,5,7
Шиллаа,blackscar,479,mage,frost,12,5,7
Xýton,azjolnerub,479,mage,frost,12,5,7
Popixx,magtheridon,479,mage,frost,18,5,13
Deletron,ragnaros,479,mage,frost,18,5,13
Feuerflamme,theradras,478,mage,frost,12,5,7
Банана,lich-king,478,mage,frost,12,5,7
Потныйдпс,eversong,478,mage,frost,16,6,10
Kyrox,ysondre,477,mage,frost,24,5,19
Rifinouu,archimonde,476,mage,frost,12,5,7
Polflop,sylvanas,476,mage,frost,12,5,7
Phibonaci,sylvanas,475,mage,frost,12,5,7
Blinkinggoat,ragnaros,448,mage,frost,16,5,11
Swemagus,outland,432,mage,frost,9,5,4
Shunii,ravencrest,431,mage,frost,11,5,6
Dozono,silvermoon,428,mage,frost,15,5,10
Маушко,soulflayer,426,mage,frost,14,7,7
Euklid,ravencrest,416,mage,frost,10,5,5
Торар,deathguard,415,mage,frost,16,5,11
Xerathon,ravencrest,414,mage,frost,16,5,11
Leylus,blackmoore,399,mage,frost,5,5,0
Nightcàller,pozzo-delleternità,384,mage,frost,6,4,2
Pinkusbruh,aggra-português,384,mage,frost,6,4,2
Proudmøøre,argent-dawn,384,mage,frost,6,4,2
Arcitech,tarren-mill,384,mage,frost,6,4,2
Anev,sylvanas,384,mage,frost,6,4,2
Kalterfurz,thrall,384,mage,frost,6,4,2
Willmajacki,blackmoore,384,mage,frost,6,4,2
Doryy,silvermoon,384,mage,frost,6,4,2
Поэтик,soulflayer,384,mage,frost,6,4,2
Sylvîe,tarren-mill,384,mage,frost,6,4,2
Fontaíne,doomhammer,384,mage,frost,6,4,2
Gyanni,blackmoore,384,mage,frost,6,4,2
Sneakii,the-maelstrom,384,mage,frost,6,4,2
Widurr,burning-legion,384,mage,frost,6,4,2
Gravelegacy,quelthalas,384,mage,frost,6,4,2
Ahøllic,frostwolf,384,mage,frost,6,4,2
Ón,burning-steppes,384,mage,frost,6,4,2
Reákan,ragnaros,384,mage,frost,6,4,2
Zerobelow,silvermoon,384,mage,frost,6,4,2
Cesi,silvermoon,384,mage,frost,6,4,2
Friedkek,ravencrest,384,mage,frost,6,4,2
Fuhry,tarren-mill,384,mage,frost,6,4,2
Jodíefroster,doomhammer,384,mage,frost,6,4,2
Drmng,stormscale,384,mage,frost,6,4,2
Leonora,blackhand,384,mage,frost,6,4,2
Nötmârtònxø,ragnaros,384,mage,frost,6,4,2
Shatterdude,kazzak,384,mage,frost,6,4,2
Gnðmeonfire,sylvanas,384,mage,frost,12,4,8
Jazzi,blackrock,384,mage,frost,12,4,8
Doidadetanga,aggra-português,384,mage,frost,12,4,8
Fikkamika,ragnaros,384,mage,frost,12,4,8
Tarovan,defias-brotherhood,384,mage,frost,12,4,8
Ðarkreaver,kaelthas,384,mage,frost,12,4,8
Mopus,ravencrest,384,mage,frost,12,4,8
Wwjd,darksorrow,384,mage,frost,12,4,8
Proffset,outland,384,mage,frost,12,4,8
Kaschnatze,blackmoore,384,mage,frost,12,4,8
Managurke,blackrock,384,mage,frost,12,4,8
Stellarie,sylvanas,384,mage,frost,12,4,8
Facerollyo,tarren-mill,384,mage,frost,12,4,8
Querasimar,blackrock,384,mage,frost,12,4,8
Faunas,kazzak,384,mage,frost,12,4,8
Kuhwar,echsenkessel,384,mage,frost,12,4,8
Roberx,sanguino,384,mage,frost,12,4,8
Зефенжо,howling-fjord,384,mage,frost,12,4,8
Acclay,malganis,384,mage,frost,12,4,8
Lambaa,thrall,384,mage,frost,12,4,8
Ahdetärjag,silvermoon,384,mage,frost,12,4,8
Muntiks,ravencrest,384,mage,frost,12,4,8
Юджегс,soulflayer,384,mage,frost,12,4,8
Newtwo,ravencrest,384,mage,frost,12,4,8
Kukerr,burning-legion,384,mage,frost,12,4,8
Пламяорды,soulflayer,384,mage,frost,12,4,8
Ruténa,aegwynn,384,mage,frost,18,4,14
Blinkmehome,silvermoon,384,mage,frost,18,4,14
Ripdeepfreez,culte-de-la-rive-noire,384,mage,frost,18,4,14
Cavadrex,arathor,384,mage,frost,18,4,14
Wuffwuffspik,grim-batol,383,mage,frost,6,4,2
Juntara,stormscale,383,mage,frost,12,4,8
Скватро,gordunni,383,mage,frost,12,4,8
Brandonjames,ragnaros,383,mage,frost,12,4,8
Труупоед,borean-tundra,383,mage,frost,12,4,8
Malicä,ravencrest,383,mage,frost,30,4,26
Atreu,mazrigos,382,mage,frost,12,4,8
Bisuke,stormscale,367,mage,frost,11,4,7
Whosthemage,kazzak,351,mage,frost,8,5,3
Nebby,argent-dawn,351,mage,frost,11,4,7
Trais,blackrock,336,mage,frost,9,5,4
Tsubas,blackmoore,330,mage,frost,15,5,10
Regenn,kazzak,318,mage,frost,5,4,1
Иксайс,soulflayer,318,mage,frost,27,9,18
Coldnight,uldum,301,mage,frost,13,4,9
Snowberry,blackrock,288,mage,frost,6,3,3
Bigburns,draenor,288,mage,frost,6,3,3
Equálity,blackrock,288,mage,frost,6,3,3
Arandartis,kazzak,288,mage,frost,6,3,3
Orelox,kazzak,288,mage,frost,6,3,3
Rèkt,lightbringer,288,mage,frost,6,3,3
Onegaisenpai,ragnaros,288,mage,frost,6,3,3
ßjwercke,stormscale,288,mage,frost,6,3,3
Овеча,gordunni,288,mage,frost,6,3,3
Swayyx,sylvanas,288,mage,frost,6,3,3
Каперниан,fordragon,288,mage,frost,6,3,3
Merlín,malganis,288,mage,frost,6,3,3
Frökenfrost,stormscale,288,mage,frost,6,3,3
Illîllîllî,blackrock,288,mage,frost,6,3,3
Ørixx,blackhand,288,mage,frost,6,3,3
Broccosoup,kazzak,288,mage,frost,6,3,3
Сайджена,howling-fjord,288,mage,frost,6,3,3
Suitx,draenor,288,mage,frost,6,3,3
Vodjka,nemesis,288,mage,frost,6,3,3
Nevertøxic,ravencrest,288,mage,frost,6,3,3
Invinsible,xavius,288,mage,frost,6,3,3
Crashleaf,argent-dawn,288,mage,frost,6,3,3
Zyllu,argent-dawn,288,mage,frost,6,3,3
Ghayaa,defias-brotherhood,288,mage,frost,6,3,3
Meras,die-ewige-wacht,288,mage,frost,6,3,3
Muuckie,blackrock,288,mage,frost,6,3,3
Eclyftw,blackmoore,288,mage,frost,6,3,3
Дмблдр,soulflayer,288,mage,frost,6,3,3
Wormhole,kazzak,288,mage,frost,6,3,3
Bóósh,alakir,288,mage,frost,6,3,3
Justvik,eredar,288,mage,frost,6,3,3
Aestus,outland,288,mage,frost,6,3,3
Frígíd,outland,288,mage,frost,6,3,3
Amaterâsu,antonidas,288,mage,frost,6,3,3
Dragotus,dragonblight,288,mage,frost,6,3,3
Tommyboy,dragonblight,288,mage,frost,6,3,3
Azrx,blackmoore,288,mage,frost,6,3,3
Luckydo,turalyon,288,mage,frost,6,3,3
Sozie,tarren-mill,288,mage,frost,6,3,3
Zlacked,tarren-mill,288,mage,frost,6,3,3
Panlong,twisting-nether,288,mage,frost,6,3,3
Kebkhadar,ravencrest,288,mage,frost,6,3,3
Nynduriella,teldrassil,288,mage,frost,6,3,3
Narcîsa,sanguino,288,mage,frost,6,3,3
Brunettdelux,archimonde,288,mage,frost,6,3,3
Gotone,tarren-mill,288,mage,frost,6,3,3
Siérra,outland,288,mage,frost,6,3,3
Souleh,ravencrest,288,mage,frost,6,3,3
Askannor,norgannon,288,mage,frost,6,3,3
Cns,tarren-mill,288,mage,frost,6,3,3
Eliosia,drakthul,288,mage,frost,6,3,3
Haginatorr,twisting-nether,288,mage,frost,6,3,3
Gladxp,outland,288,mage,frost,6,3,3
Magekaoz,sylvanas,288,mage,frost,6,3,3
Larsimore,drakthul,288,mage,frost,6,3,3
Milminmage,ravencrest,288,mage,frost,6,3,3
Lzd,ravencrest,288,mage,frost,6,3,3
Mobjar,twisting-nether,288,mage,frost,6,3,3
Волшебну,soulflayer,288,mage,frost,6,3,3
Fboltprocd,ragnaros,288,mage,frost,6,3,3
Нефростмаг,gordunni,288,mage,frost,6,3,3
Сэрруденкент,soulflayer,288,mage,frost,6,3,3
Séptímus,kazzak,288,mage,frost,6,3,3
Xeldary,blackmoore,288,mage,frost,12,3,9
Эммилиарда,gordunni,288,mage,frost,12,3,9
Waterhagx,tarren-mill,288,mage,frost,12,3,9
Micklolz,blackmoore,288,mage,frost,12,3,9
Fernandéz,ravencrest,288,mage,frost,12,3,9
Kaiyn,argent-dawn,288,mage,frost,12,3,9
Cortis,outland,288,mage,frost,12,3,9
Subtempo,silvermoon,288,mage,frost,12,3,9
Paradigma,sylvanas,288,mage,frost,12,3,9
Tadaa,blackmoore,288,mage,frost,12,3,9
Ypy,dragonmaw,288,mage,frost,12,3,9
Elreas,blackmoore,288,mage,frost,12,3,9
Naween,hyjal,288,mage,frost,12,3,9
Hacimari,hyjal,288,mage,frost,12,3,9
Imasheeper,silvermoon,288,mage,frost,12,3,9
Ахиригиз,gordunni,288,mage,frost,12,3,9
Kryptass,aegwynn,288,mage,frost,12,3,9
Котофайв,howling-fjord,288,mage,frost,12,3,9
Gogara,kazzak,288,mage,frost,12,3,9
Phonkim,stormscale,288,mage,frost,12,3,9
Faitha,ravencrest,288,mage,frost,12,3,9
Деметрадон,gordunni,288,mage,frost,12,3,9
Sérc,ravencrest,288,mage,frost,12,3,9
Скайлуйт,gordunni,288,mage,frost,12,3,9
Voraxma,draenor,288,mage,frost,12,3,9
Sikaia,twisting-nether,288,mage,frost,12,3,9
Fumachustas,kazzak,287,mage,frost,6,3,3
Magó,eredar,287,mage,frost,6,3,3
Valtarisoo,amanthul,287,mage,frost,6,3,3
Tsr,burning-legion,287,mage,frost,6,3,3
Kasus,sporeggar,287,mage,frost,12,3,9
Djblink,twisting-nether,287,mage,frost,12,3,9
Familyfrost,thunderhorn,287,mage,frost,12,3,9
Freeto,blackmoore,286,mage,frost,6,3,3
Cybercommand,blackmoore,286,mage,frost,6,3,3
Rosenkrauz,kul-tiras,280,mage,frost,26,3,23
Torryel,silvermoon,256,mage,frost,10,3,7
Кагумми,gordunni,256,mage,frost,16,3,13
Колдунская,gordunni,255,mage,frost,11,3,8
Iif,zirkel-des-cenarius,239,mage,frost,5,3,2
Zeusmon,ragnaros,239,mage,frost,11,3,8
Setyon,burning-legion,223,mage,frost,8,3,5
Mimicassa,defias-brotherhood,221,mage,frost,24,9,15
Шеллестун,soulflayer,208,mage,frost,7,3,4
Estupen,sanguino,192,mage,frost,6,2,4
Smokedaddy,stormscale,192,mage,frost,6,2,4
Balmak,doomhammer,192,mage,frost,6,2,4
Dxdxdxdxdx,drakthul,192,mage,frost,6,2,4
Thegoodoctor,kazzak,192,mage,frost,6,2,4
Piscialetto,nemesis,192,mage,frost,6,2,4
Alleii,kazzak,192,mage,frost,6,2,4
Alieni,stormreaver,192,mage,frost,6,2,4
Etherìon,los-errantes,192,mage,frost,6,2,4
Alirya,stormscale,192,mage,frost,6,2,4
Medium,der-rat-von-dalaran,192,mage,frost,6,2,4
Kobrass,spinebreaker,192,mage,frost,6,2,4
Frazztato,tarren-mill,192,mage,frost,6,2,4
Delvir,stormreaver,192,mage,frost,6,2,4
Meteofrost,draenor,192,mage,frost,6,2,4
Ckrax,sanguino,192,mage,frost,6,2,4
Welt,drakthul,192,mage,frost,6,2,4
Mooryel,burning-legion,192,mage,frost,6,2,4
Devon,haomarush,192,mage,frost,6,2,4
Beardyman,haomarush,192,mage,frost,6,2,4
Mizt,ragnaros,192,mage,frost,6,2,4
Warwizz,sanguino,192,mage,frost,6,2,4
Swørd,aggra-português,192,mage,frost,6,2,4
Proxanlulz,ravencrest,192,mage,frost,6,2,4
Ðøæø,twisting-nether,192,mage,frost,6,2,4
Laciee,silvermoon,192,mage,frost,6,2,4
Ellianor,drakthul,192,mage,frost,6,2,4
Naldora,turalyon,192,mage,frost,6,2,4
Møøk,magtheridon,192,mage,frost,6,2,4
Creak,blackhand,192,mage,frost,6,2,4
Tomia,burning-legion,192,mage,frost,6,2,4
Adetin,tarren-mill,192,mage,frost,6,2,4
Perfection,cthun,192,mage,frost,6,2,4
Heatwavesa,ravencrest,192,mage,frost,6,2,4
Xaerow,archimonde,192,mage,frost,6,2,4
Ehbehad,doomhammer,192,mage,frost,6,2,4
Халадель,howling-fjord,192,mage,frost,6,2,4
Fearbeäch,ravencrest,192,mage,frost,6,2,4
Løxyy,ysondre,192,mage,frost,6,2,4
Magovix,archimonde,192,mage,frost,6,2,4
Rachouu,archimonde,192,mage,frost,6,2,4
Shealá,blackhand,192,mage,frost,6,2,4
Zulkas,stormreaver,192,mage,frost,6,2,4
Gameart,alexstrasza,192,mage,frost,6,2,4
Barspin,lightnings-blade,192,mage,frost,6,2,4
Infamage,draenor,192,mage,frost,6,2,4
Berylton,argent-dawn,192,mage,frost,6,2,4
Frostbringer,archimonde,192,mage,frost,6,2,4
Zerøsílgødx,antonidas,192,mage,frost,6,2,4
Xblaz,draenor,192,mage,frost,6,2,4
Mezaiyh,blackmoore,192,mage,frost,6,2,4
Димаскунфу,howling-fjord,192,mage,frost,6,2,4
Feath,ravencrest,192,mage,frost,6,2,4
Labius,dun-modr,192,mage,frost,6,2,4
Ipen,bloodfeather,192,mage,frost,6,2,4
Elor,eredar,192,mage,frost,6,2,4
Rizzlybear,outland,192,mage,frost,6,2,4
Zheakz,kazzak,192,mage,frost,6,2,4
Sebers,kazzak,192,mage,frost,6,2,4
Yunion,burning-legion,192,mage,frost,6,2,4
Hardways,archimonde,192,mage,frost,6,2,4
Sperow,marécage-de-zangar,192,mage,frost,6,2,4
Blastus,ragnaros,192,mage,frost,6,2,4
Флоой,gordunni,192,mage,frost,6,2,4
Skylezy,blackrock,192,mage,frost,6,2,4
Caststuffatu,sylvanas,192,mage,frost,6,2,4
Xenodike,blackrock,192,mage,frost,6,2,4
Бд,blackscar,192,mage,frost,6,2,4
Chíefsheep,thrall,192,mage,frost,6,2,4
Чоуза,gordunni,192,mage,frost,6,2,4
Arcaneiun,nagrand,192,mage,frost,6,2,4
Ingibjorg,auchindoun,192,mage,frost,6,2,4
Brutal,thrall,192,mage,frost,6,2,4
Stærq,blackrock,192,mage,frost,6,2,4
Treyz,tichondrius,192,mage,frost,6,2,4
Галадриелька,gordunni,192,mage,frost,6,2,4
Sany,anubarak,192,mage,frost,6,2,4
Maveya,blackmoore,192,mage,frost,6,2,4
Burnem,kult-der-verdammten,192,mage,frost,6,2,4
Tygaone,tirion,192,mage,frost,6,2,4
Rapidfrost,drakthul,192,mage,frost,12,2,10
Arinel,stormreaver,192,mage,frost,12,2,10
Bêta,dun-modr,192,mage,frost,12,2,10
Boned,ravencrest,192,mage,frost,12,2,10
Mariujana,ravencrest,192,mage,frost,12,2,10
Myriel,thrall,192,mage,frost,12,2,10
Xawokem,outland,192,mage,frost,12,2,10
Pogmage,blackrock,192,mage,frost,12,2,10
Kbd,outland,192,mage,frost,12,2,10
Luxxurious,xavius,192,mage,frost,12,2,10
Kaevelin,argent-dawn,192,mage,frost,12,2,10
Shallari,argent-dawn,192,mage,frost,12,2,10
Ezìl,nemesis,192,mage,frost,12,2,10
Gylith,kirin-tor,192,mage,frost,12,2,10
Portnography,draenor,192,mage,frost,12,2,10
Freezeballs,blackmoore,192,mage,frost,12,2,10
Atírpá,doomhammer,192,mage,frost,12,2,10
Illiot,twisting-nether,192,mage,frost,12,2,10
Магниффика,blackscar,192,mage,frost,12,2,10
Braínfreeze,kazzak,192,mage,frost,12,2,10
Flamê,ragnaros,192,mage,frost,12,2,10
Shizzy,onyxia,192,mage,frost,12,2,10
Hruon,ravenholdt,192,mage,frost,15,2,13
Duncanidaho,throkferoth,191,mage,frost,6,2,4
Illusionx,grim-batol,191,mage,frost,6,2,4
Sântillius,twisting-nether,191,mage,frost,6,2,4
Aaropalli,kazzak,191,mage,frost,6,2,4
Faithseed,dun-modr,191,mage,frost,6,2,4
Makkertje,silvermoon,191,mage,frost,6,2,4
Mátraxx,silvermoon,191,mage,frost,12,2,10
Hadziaj,doomhammer,191,mage,frost,18,2,16
Magipus,anetheron,190,mage,frost,12,2,10
Bobbasor,defias-brotherhood,186,mage,frost,19,5,14
Proxj,stormscale,175,mage,frost,11,2,9
Dødo,archimonde,159,mage,frost,5,2,3
Azadan,pozzo-delleternità,159,mage,frost,5,2,3
Aerathâ,blackrock,159,mage,frost,5,2,3
Kyan,burning-legion,159,mage,frost,5,2,3
Ivailo,ravencrest,159,mage,frost,5,2,3
Lunnysvet,blackrock,159,mage,frost,5,2,3
Codeincassie,blackhand,138,mage,frost,10,4,6
Rusdorcito,frostwhisper,138,mage,frost,8,3,5
Zôot,ravencrest,138,mage,frost,11,4,7
Drinte,blackmoore,138,mage,frost,10,3,7
Ehren,ravencrest,138,mage,frost,10,3,7
Distrophy,vashj,138,mage,frost,12,3,9
Klivapå,aggramar,128,mage,frost,4,2,2
Skitsó,shadowsong,127,mage,frost,4,2,2
Arghen,nemesis,105,mage,frost,13,3,10
Firestárter,ravencrest,96,mage,frost,3,2,1
Ntintsec,tarren-mill,96,mage,frost,3,2,1
Tabueno,kazzak,96,mage,frost,6,1,5
Graell,archimonde,96,mage,frost,6,1,5
Stace,area-52,96,mage,frost,6,1,5
Meisterg,frostwolf,96,mage,frost,6,1,5
Consulalgeri,archimonde,96,mage,frost,6,1,5
Bananabread,the-maelstrom,96,mage,frost,6,1,5
Arogance,archimonde,96,mage,frost,6,1,5
Ледянойкекс,gordunni,96,mage,frost,6,1,5
Saytmage,ragnaros,96,mage,frost,6,1,5
Fîrestorm,doomhammer,96,mage,frost,6,1,5
Aarcheon,kazzak,96,mage,frost,6,1,5
Pungvre,kazzak,96,mage,frost,6,1,5
Kpacey,guldan,96,mage,frost,6,1,5
Alphaburstqx,ragnaros,96,mage,frost,6,1,5
Колтрэйн,blackscar,96,mage,frost,6,1,5
Dwarfyy,frostmane,96,mage,frost,6,1,5
Petri,laughing-skull,96,mage,frost,6,1,5
Dyen,hyjal,96,mage,frost,6,1,5
Sheeptonreup,archimonde,96,mage,frost,6,1,5
Sílvér,draenor,96,mage,frost,6,1,5
Dzomage,kazzak,96,mage,frost,6,1,5
Kosso,twisting-nether,96,mage,frost,6,1,5
Capz,outland,96,mage,frost,6,1,5
Одз,grom,96,mage,frost,6,1,5
Dphz,tarren-mill,96,mage,frost,6,1,5
Rilac,nordrassil,96,mage,frost,6,1,5
Ekyoo,blackrock,96,mage,frost,6,1,5
Niladyel,hyjal,96,mage,frost,6,1,5
Testoletku,twisting-nether,96,mage,frost,6,1,5
Squìshy,magtheridon,96,mage,frost,6,1,5
Magîny,antonidas,96,mage,frost,6,1,5
Babynilli,ravencrest,96,mage,frost,6,1,5
Холдми,gordunni,96,mage,frost,6,1,5
Romaga,quelthalas,96,mage,frost,6,1,5
Mëgu,silvermoon,96,mage,frost,6,1,5
Teeclis,twisting-nether,96,mage,frost,6,1,5
Magiocre,silvermoon,96,mage,frost,6,1,5
Homeessa,stormreaver,96,mage,frost,6,1,5
Loskapaska,stormreaver,96,mage,frost,6,1,5
Fumandalonso,sanguino,96,mage,frost,6,1,5
Froostii,aegwynn,96,mage,frost,6,1,5
Keïji,khaz-modan,96,mage,frost,6,1,5
Dóncójones,blackrock,96,mage,frost,6,1,5
Nullso,zuljin,96,mage,frost,6,1,5
Nekroulis,agamaggan,96,mage,frost,6,1,5
Devòna,silvermoon,96,mage,frost,6,1,5
Rezre,stormscale,96,mage,frost,6,1,5
Сморгонец,gordunni,96,mage,frost,6,1,5
Мэджиксул,grom,96,mage,frost,6,1,5
Luckymango,alakir,96,mage,frost,6,1,5
Ghelder,drakthul,96,mage,frost,6,1,5
Vali,drakthul,96,mage,frost,6,1,5
Deathbrínger,alakir,96,mage,frost,6,1,5
Dphalos,ravencrest,96,mage,frost,6,1,5
Snowy,sargeras,96,mage,frost,12,1,11
Vïto,zuljin,96,mage,frost,12,1,11
Kyraja,arthas,96,mage,frost,12,1,11
Ploufatak,hyjal,96,mage,frost,18,1,17
Floé,twisting-nether,95,mage,frost,6,1,5
Aurayaa,teldrassil,95,mage,frost,11,1,10
Nalord,saurfang,95,mage,frost,12,1,11
Elkayizer,archimonde,95,mage,frost,12,1,11
Bagss,ysondre,95,mage,frost,12,1,11
Levora,ragnaros,79,mage,frost,5,1,4
Milhoux,ysondre,79,mage,frost,5,1,4
Каппашилка,gordunni,64,mage,frost,4,1,3
Magebraín,ravencrest,63,mage,frost,2,2,0
Gocu,tarren-mill,63,mage,frost,2,2,0
Seyece,silvermoon,48,mage,frost,3,1,2
Ямурайхо,howling-fjord,48,mage,frost,3,1,2
Aeghis,darkspear,42,mage,frost,10,3,7
Grönmonster,shattered-hand,42,mage,frost,7,2,5
Mayreel,antonidas,42,mage,frost,11,3,8
Substitutes,draenor,31,mage,frost,2,1,1
Yoxt,blackhand,31,mage,frost,2,1,1
Интровертка,blackscar,31,mage,frost,2,1,1
Lanere,argent-dawn,16,mage,frost,1,1,0
Flizwiz,ragnaros,16,mage,frost,7,1,6
Xaramael,colinas-pardas,8,mage,frost,9,3,6
Fisterino,zuljin,2304,monk,mistweaver,54,42,12
Fister,zuljin,2295,monk,mistweaver,77,54,23
Cocojones,tarren-mill,2286,monk,mistweaver,108,76,32
Nnsstt,zuljin,2277,monk,mistweaver,104,64,40
Bankmw,tarren-mill,2265,monk,mistweaver,77,52,25
Brickedup,twisting-nether,2246,monk,mistweaver,139,81,58
Kåtsumi,sanguino,2236,monk,mistweaver,95,68,27
Iminar,blackrock,2233,monk,mistweaver,84,54,30
Chsx,ravencrest,2225,monk,mistweaver,132,92,40
Ballademager,magtheridon,2218,monk,mistweaver,96,59,37
Montex,stormscale,2210,monk,mistweaver,96,53,43
Lp,mugthol,2206,monk,mistweaver,78,52,26
Онимэшнеца,gordunni,2170,monk,mistweaver,77,48,29
Øllen,stormscale,2161,monk,mistweaver,107,59,48
Sâu,twisting-nether,2157,monk,mistweaver,92,57,35
Zaerin,eredar,2155,monk,mistweaver,67,39,28
Quendiz,frostwolf,2152,monk,mistweaver,90,49,41
Chichigneux,hyjal,2148,monk,mistweaver,99,67,32
Вульфхильда,soulflayer,2146,monk,mistweaver,246,144,102
Brickeduptwo,twisting-nether,2144,monk,mistweaver,120,90,30
Nawak,archimonde,2144,monk,mistweaver,201,108,93
Meliowo,ravencrest,2141,monk,mistweaver,102,58,44
Çoomðragon,stormscale,2139,monk,mistweaver,48,33,15
Akanetsu,kazzak,2139,monk,mistweaver,138,80,58
Monkield,kazzak,2136,monk,mistweaver,182,120,62
Mønkeÿ,ravencrest,2130,monk,mistweaver,70,42,28
Ltmxy,ravencrest,2127,monk,mistweaver,66,40,26
Vivie,destromath,2126,monk,mistweaver,78,48,30
Umadbrohuh,outland,2126,monk,mistweaver,66,39,27
Фунтос,soulflayer,2124,monk,mistweaver,66,41,25
Mibe,alonsus,2121,monk,mistweaver,126,63,63
Trashcarlita,eredar,2120,monk,mistweaver,84,48,36
Beetlejuicé,stormscale,2118,monk,mistweaver,42,28,14
Loofey,ragnaros,2117,monk,mistweaver,218,128,90
Дамбмонк,blackscar,2116,monk,mistweaver,76,46,30
Tryhârdx,stormscale,2115,monk,mistweaver,96,51,45
Bmane,archimonde,2114,monk,mistweaver,71,40,31
Vanost,kazzak,2114,monk,mistweaver,90,45,45
Bighealz,aggra-português,2113,monk,mistweaver,77,43,34
Dekaramw,ravencrest,2112,monk,mistweaver,42,33,9
Bigbøøty,silvermoon,2112,monk,mistweaver,90,46,44
Cranex,terenas,2109,monk,mistweaver,118,72,46
Glooni,blackrock,2108,monk,mistweaver,75,46,29
Кимлейн,blackscar,2108,monk,mistweaver,48,29,19
Shonbadatret,argent-dawn,2108,monk,mistweaver,90,54,36
Donitrivegas,blackrock,2106,monk,mistweaver,126,85,41
Mememaster,blackhand,2106,monk,mistweaver,172,105,67
Bobthewild,draenor,2104,monk,mistweaver,449,233,216
Sinted,blackmoore,2103,monk,mistweaver,83,52,31
Lifelessons,blackrock,2103,monk,mistweaver,57,34,23
Fisterbean,outland,2103,monk,mistweaver,72,40,32
Swoshz,ragnaros,2103,monk,mistweaver,66,33,33
Blubberwurst,gorgonnash,2102,monk,mistweaver,130,74,56
Webhottie,twisting-nether,2102,monk,mistweaver,155,88,67
Karsat,hyjal,2102,monk,mistweaver,639,339,300
Kurbanov,stormscale,2102,monk,mistweaver,81,42,39
Wajoba,blackhand,2102,monk,mistweaver,114,58,56
Flowy,uldum,2101,monk,mistweaver,60,31,29
Cítysushi,draenor,2100,monk,mistweaver,63,42,21
Глитч,deepholm,2100,monk,mistweaver,66,43,23
Yellowtape,kiljaeden,2100,monk,mistweaver,215,127,88
Dollyqt,ravencrest,2100,monk,mistweaver,90,46,44
Turricane,blackmoore,2100,monk,mistweaver,108,55,53
Commadore,draenor,2097,monk,mistweaver,84,39,45
Monkeystar,archimonde,2092,monk,mistweaver,78,45,33
Botweaver,tarren-mill,2091,monk,mistweaver,48,32,16
Lylleri,darksorrow,2089,monk,mistweaver,68,40,28
Tímmz,blackrock,2088,monk,mistweaver,96,56,40
Kêkburagol,kazzak,2079,monk,mistweaver,168,104,64
Kêkbûrâgól,kazzak,2079,monk,mistweaver,157,89,68
Lyashi,dalaran,2077,monk,mistweaver,84,45,39
Леолайт,borean-tundra,2075,monk,mistweaver,118,68,50
Diorc,outland,2070,monk,mistweaver,80,47,33
Хапаюивтыкаю,gordunni,2069,monk,mistweaver,66,43,23
Pizzabud,ravencrest,2068,monk,mistweaver,64,43,21
Ltmdwarf,ravencrest,2067,monk,mistweaver,84,45,39
Hiryu,argent-dawn,2059,monk,mistweaver,107,65,42
Joke,ragnaros,2059,monk,mistweaver,102,51,51
Bigbummer,blackmoore,2044,monk,mistweaver,144,83,61
Quendi,frostwolf,2043,monk,mistweaver,143,71,72
Tigermw,twisting-nether,2040,monk,mistweaver,67,45,22
Monkeyi,silvermoon,2040,monk,mistweaver,108,57,51
Stringg,zuljin,2036,monk,mistweaver,336,185,151
Zevenblad,stormscale,2036,monk,mistweaver,82,43,39
Loiyah,dun-modr,2034,monk,mistweaver,60,34,26
Коконгкд,blackscar,2027,monk,mistweaver,334,182,152
Mergina,silvermoon,2026,monk,mistweaver,66,37,29
Pennyflame,stormscale,2026,monk,mistweaver,125,67,58
Ruurruuru,archimonde,2022,monk,mistweaver,132,83,49
Adgoh,tarren-mill,2018,monk,mistweaver,58,43,15
Qwertyxo,draenor,2017,monk,mistweaver,123,77,46
Ouhmaikgød,dun-modr,2017,monk,mistweaver,142,71,71
Кулакх,blackscar,2012,monk,mistweaver,106,59,47
Ðalvan,blackrock,2011,monk,mistweaver,78,39,39
Fåtjøë,ravencrest,2010,monk,mistweaver,48,31,17
Flandersmonk,ravencrest,2008,monk,mistweaver,90,57,33
Шортмневноги,howling-fjord,2008,monk,mistweaver,137,74,63
Seeyoulater,nemesis,2004,monk,mistweaver,294,150,144
Суммрачная,gordunni,2002,monk,mistweaver,144,89,55
Ðurîmar,ravencrest,2000,monk,mistweaver,51,31,20
Yoghurtz,frostmourne,1997,monk,mistweaver,186,108,78
Sofunny,blackrock,1995,monk,mistweaver,110,64,46
Inlakech,auchindoun,1992,monk,mistweaver,129,73,56
Mösêê,eredar,1992,monk,mistweaver,88,39,49
Couchfrmikea,twisting-nether,1991,monk,mistweaver,78,42,36
Brxndimonk,antonidas,1990,monk,mistweaver,63,35,28
Teampro,ragnaros,1990,monk,mistweaver,258,138,120
Srdarr,kazzak,1987,monk,mistweaver,90,52,38
Pyrìt,blackhand,1985,monk,mistweaver,54,39,15
Marqinio,archimonde,1984,monk,mistweaver,84,47,37
Holyrop,aegwynn,1982,monk,mistweaver,36,25,11
Môûsè,ravencrest,1981,monk,mistweaver,102,62,40
Øméga,ravencrest,1980,monk,mistweaver,170,115,55
Mharlie,stormscale,1979,monk,mistweaver,184,98,86
Voltzeig,dentarg,1979,monk,mistweaver,288,153,135
Zeoverx,ragnaros,1977,monk,mistweaver,78,36,42
Mistyhoe,twisting-nether,1972,monk,mistweaver,124,68,56
Uao,tarren-mill,1971,monk,mistweaver,66,31,35
Боецкфц,soulflayer,1969,monk,mistweaver,64,37,27
Monkrah,blackmoore,1969,monk,mistweaver,72,37,35
Loiyh,dun-modr,1969,monk,mistweaver,72,35,37
Halùnkè,eredar,1968,monk,mistweaver,177,101,76
Veganweaver,ravencrest,1966,monk,mistweaver,60,37,23
Zonsym,twisting-nether,1966,monk,mistweaver,96,51,45
Magixc,drakthul,1965,monk,mistweaver,104,62,42
Bigmilkies,ysondre,1965,monk,mistweaver,96,52,44
Кулачонка,blackscar,1964,monk,mistweaver,51,28,23
Manatoiled,draenor,1961,monk,mistweaver,54,34,20
Vienuolè,silvermoon,1961,monk,mistweaver,54,30,24
Howtoown,burning-legion,1960,monk,mistweaver,60,34,26
Ганссмонк,blackscar,1960,monk,mistweaver,96,48,48
Kapud,twisting-nether,1958,monk,mistweaver,84,47,37
Pwner,daggerspine,1956,monk,mistweaver,287,151,136
Neszesmonk,ragnaros,1954,monk,mistweaver,220,120,100
Roadrunnér,ravencrest,1952,monk,mistweaver,66,35,31
Shorus,blackmoore,1951,monk,mistweaver,54,37,17
Лабирончик,blackscar,1949,monk,mistweaver,71,50,21
Residùe,kazzak,1946,monk,mistweaver,84,50,34
Capkum,dun-modr,1946,monk,mistweaver,142,76,66
Beili,ravencrest,1946,monk,mistweaver,79,42,37
Skailzkrtwo,hyjal,1943,monk,mistweaver,72,41,31
Manjini,blackhand,1940,monk,mistweaver,92,49,43
Problematic,blackmoore,1932,monk,mistweaver,52,33,19
Пиписечка,gordunni,1932,monk,mistweaver,47,28,19
Stemanit,draenor,1929,monk,mistweaver,77,47,30
Monkeymain,tarren-mill,1926,monk,mistweaver,53,29,24
Arenatwo,outland,1925,monk,mistweaver,93,56,37
Siignmonk,ravencrest,1923,monk,mistweaver,158,85,73
Timmzý,blackmoore,1919,monk,mistweaver,72,50,22
Zanzetsu,twisting-nether,1919,monk,mistweaver,167,92,75
Gronkr,draenor,1916,monk,mistweaver,94,50,44
Djsqx,outland,1915,monk,mistweaver,30,20,10
Tinydolls,archimonde,1915,monk,mistweaver,42,24,18
Ashm,shattered-halls,1915,monk,mistweaver,60,30,30
Гроксси,howling-fjord,1914,monk,mistweaver,128,79,49
Wwvwwvwwvwwv,ragnaros,1913,monk,mistweaver,90,41,49
Siphem,ravencrest,1911,monk,mistweaver,287,154,133
Ûnknöw,archimonde,1910,monk,mistweaver,66,39,27
Meemyo,blackmoore,1904,monk,mistweaver,83,34,49
Moariann,drakthul,1902,monk,mistweaver,120,64,56
Muchobijca,defias-brotherhood,1900,monk,mistweaver,78,44,34
Shirkán,ragnaros,1899,monk,mistweaver,162,90,72
Subàru,draenor,1898,monk,mistweaver,93,60,33
Seventhirty,ravencrest,1896,monk,mistweaver,36,20,16
Luru,outland,1895,monk,mistweaver,65,39,26
Æøwyn,ragnaros,1892,monk,mistweaver,88,61,27
Dmonk,aegwynn,1891,monk,mistweaver,100,46,54
Jam,aerie-peak,1889,monk,mistweaver,24,20,4
Willxmonk,silvermoon,1889,monk,mistweaver,65,34,31
Mafiazøo,hyjal,1888,monk,mistweaver,130,81,49
Melysà,antonidas,1885,monk,mistweaver,45,27,18
Speedahx,dun-modr,1883,monk,mistweaver,62,36,26
Rolxx,twisting-nether,1883,monk,mistweaver,104,53,51
Scribzw,twisting-nether,1880,monk,mistweaver,59,37,22
Jemp,ravencrest,1880,monk,mistweaver,517,292,225
Tierrax,cthun,1880,monk,mistweaver,71,36,35
Deepl,dun-modr,1880,monk,mistweaver,54,27,27
Chanzey,silvermoon,1876,monk,mistweaver,252,139,113
Lmnsx,ravencrest,1875,monk,mistweaver,36,23,13
Nåwãk,archimonde,1875,monk,mistweaver,145,71,74
Meldi,ravencrest,1873,monk,mistweaver,54,32,22
Homes,blackmoore,1872,monk,mistweaver,102,56,46
Monkeycoke,ragnaros,1870,monk,mistweaver,35,21,14
Brxmonki,antonidas,1870,monk,mistweaver,83,45,38
Strillen,twisting-nether,1869,monk,mistweaver,67,35,32
Inuria,ravencrest,1867,monk,mistweaver,78,54,24
Kratzl,blackrock,1867,monk,mistweaver,54,34,20
Uwû,ravencrest,1866,monk,mistweaver,77,56,21
Yuukiiqt,kult-der-verdammten,1866,monk,mistweaver,107,57,50
Ræïzò,dun-morogh,1865,monk,mistweaver,58,34,24
Blantai,tarren-mill,1865,monk,mistweaver,72,35,37
Тащунаскилле,thermaplugg,1862,monk,mistweaver,62,39,23
Jiafei,tarren-mill,1862,monk,mistweaver,42,25,17
Effeots,blackrock,1862,monk,mistweaver,222,116,106
Cptsensey,draenor,1861,monk,mistweaver,42,29,13
Chazu,outland,1861,monk,mistweaver,66,36,30
Youkâi,blackrock,1859,monk,mistweaver,48,31,17
Savagex,sanguino,1859,monk,mistweaver,66,35,31
Dragzol,tarren-mill,1858,monk,mistweaver,144,72,72
Rullsimpa,ravencrest,1858,monk,mistweaver,77,34,43
Shadezz,blackmoore,1857,monk,mistweaver,52,36,16
Sookrates,ragnaros,1857,monk,mistweaver,54,34,20
Aromipesäx,outland,1857,monk,mistweaver,71,35,36
Digzzy,draenor,1856,monk,mistweaver,63,35,28
Waramow,eredar,1855,monk,mistweaver,36,25,11
Supercoach,blackrock,1855,monk,mistweaver,111,65,46
Yexìu,kult-der-verdammten,1855,monk,mistweaver,42,23,19
Фейкнаут,soulflayer,1855,monk,mistweaver,108,57,51
Crôcøpx,blackhand,1855,monk,mistweaver,78,39,39
Døk,twisting-nether,1852,monk,mistweaver,36,24,12
Sugra,frostwolf,1852,monk,mistweaver,63,39,24
Zöumi,ravencrest,1852,monk,mistweaver,124,66,58
Bicmex,archimonde,1852,monk,mistweaver,96,46,50
Muerb,die-arguswacht,1851,monk,mistweaver,45,28,17
Perelman,burning-legion,1851,monk,mistweaver,84,48,36
Haìryplotter,kazzak,1850,monk,mistweaver,226,124,102
Perceptîon,thrall,1849,monk,mistweaver,71,40,31
Çheeks,kazzak,1848,monk,mistweaver,48,26,22
Wrynja,blackmoore,1847,monk,mistweaver,54,32,22
Керизз,gordunni,1846,monk,mistweaver,42,27,15
Кодизи,gordunni,1845,monk,mistweaver,41,28,13
Yamqt,thrall,1845,monk,mistweaver,42,27,15
Kóan,stormscale,1845,monk,mistweaver,105,56,49
Neisha,drakthul,1843,monk,mistweaver,102,63,39
Enveløp,stormscale,1842,monk,mistweaver,42,29,13
Pizelx,alakir,1842,monk,mistweaver,54,28,26
Musclemage,turalyon,1841,monk,mistweaver,60,31,29
Минимонахх,blackscar,1839,monk,mistweaver,78,50,28
Yungsooth,stormscale,1838,monk,mistweaver,53,37,16
Swaghäuser,blackmoore,1838,monk,mistweaver,174,98,76
Pøhx,ragnaros,1837,monk,mistweaver,87,51,36
Shimmichanga,blackrock,1836,monk,mistweaver,65,42,23
Monkdrak,eredar,1835,monk,mistweaver,39,24,15
Jades,emeriss,1835,monk,mistweaver,198,99,99
Toram,burning-legion,1833,monk,mistweaver,60,29,31
Jabington,aegwynn,1832,monk,mistweaver,121,73,48
Рендикаое,soulflayer,1832,monk,mistweaver,199,110,89
Monkbtw,kazzak,1831,monk,mistweaver,36,27,9
Egg,frostmane,1831,monk,mistweaver,42,26,16
Ønlyfäns,kazzak,1831,monk,mistweaver,112,67,45
Jamiedhism,ravencrest,1831,monk,mistweaver,54,28,26
Donkeymønk,hyjal,1830,monk,mistweaver,355,193,162
Santoron,baelgun,1829,monk,mistweaver,75,36,39
Monkwithlove,blackhand,1828,monk,mistweaver,96,57,39
Нубстриимс,gordunni,1828,monk,mistweaver,62,33,29
Mistyfox,aszune,1828,monk,mistweaver,95,45,50
Koguosa,outland,1827,monk,mistweaver,42,32,10
Véxyra,draenor,1827,monk,mistweaver,48,32,16
Lanory,blackmoore,1827,monk,mistweaver,42,26,16
Chitea,argent-dawn,1827,monk,mistweaver,53,30,23
Tráïner,madmortem,1827,monk,mistweaver,161,85,76
Мефодийкун,howling-fjord,1826,monk,mistweaver,108,63,45
Playbîrd,archimonde,1826,monk,mistweaver,100,54,46
Notachi,doomhammer,1825,monk,mistweaver,243,135,108
Porcman,archimonde,1825,monk,mistweaver,141,71,70
Элонхаск,gordunni,1824,monk,mistweaver,54,29,25
Swagmonk,silvermoon,1824,monk,mistweaver,56,30,26
Cåpybårå,outland,1824,monk,mistweaver,249,131,118
Bmwmthree,draenor,1824,monk,mistweaver,48,25,23
Maesha,ahnqiraj,1823,monk,mistweaver,90,57,33
Dmonkz,magtheridon,1823,monk,mistweaver,54,30,24
Vizfist,tarren-mill,1823,monk,mistweaver,54,26,28
Legsweep,blackhand,1822,monk,mistweaver,109,74,35
Grauwe,stormscale,1822,monk,mistweaver,57,35,22
Sadmw,archimonde,1822,monk,mistweaver,48,28,20
Lildaddymonk,ravencrest,1822,monk,mistweaver,54,24,30
Astromune,draenor,1821,monk,mistweaver,53,32,21
Амаранточка,howling-fjord,1820,monk,mistweaver,60,38,22
Trollroll,defias-brotherhood,1820,monk,mistweaver,132,74,58
Mobrac,twisting-nether,1820,monk,mistweaver,50,26,24
Анстапоблх,grom,1820,monk,mistweaver,54,24,30
Hurri,krasus,1819,monk,mistweaver,36,25,11
Claudiå,kazzak,1819,monk,mistweaver,57,29,28
Kungfublyat,twisting-nether,1818,monk,mistweaver,59,43,16
Шэганэ,deathguard,1818,monk,mistweaver,74,45,29
Fistíe,sylvanas,1817,monk,mistweaver,33,22,11
Cøcøøn,blackrock,1816,monk,mistweaver,74,45,29
Taeyhung,thrall,1816,monk,mistweaver,93,55,38
Motang,blackmoore,1816,monk,mistweaver,62,34,28
Mugenzen,sanguino,1816,monk,mistweaver,36,19,17
Precocconx,stormreaver,1816,monk,mistweaver,36,19,17
Polch,archimonde,1816,monk,mistweaver,78,38,40
Твикса,soulflayer,1816,monk,mistweaver,114,54,60
Loiythree,dun-modr,1815,monk,mistweaver,60,29,31
Wrox,sylvanas,1814,monk,mistweaver,60,43,17
Zulein,defias-brotherhood,1814,monk,mistweaver,36,21,15
Тамаз,gordunni,1814,monk,mistweaver,59,24,35
Crñ,blackmoore,1813,monk,mistweaver,44,26,18
Basilbrushxd,stormscale,1813,monk,mistweaver,48,27,21
Людзяо,galakrond,1813,monk,mistweaver,107,59,48
Myeers,dun-modr,1813,monk,mistweaver,168,90,78
Karmasnitch,antonidas,1812,monk,mistweaver,72,41,31
Onlyfist,stormscale,1811,monk,mistweaver,42,28,14
Sugermum,outland,1811,monk,mistweaver,54,31,23
Shâng,blackhand,1810,monk,mistweaver,48,27,21
Xoconut,kazzak,1810,monk,mistweaver,292,160,132
Shyheimyo,outland,1810,monk,mistweaver,54,27,27
Schizacademy,draenor,1809,monk,mistweaver,44,26,18
Yäffa,archimonde,1809,monk,mistweaver,126,71,55
Fìstpwnjk,forscherliga,1808,monk,mistweaver,145,93,52
Errowin,blackmoore,1807,monk,mistweaver,108,68,40
Kilograme,tarren-mill,1806,monk,mistweaver,66,36,30
Kîrânâ,eredar,1806,monk,mistweaver,54,29,25
Ранки,lich-king,1806,monk,mistweaver,60,27,33
Fullzi,dalaran,1805,monk,mistweaver,30,19,11
Maybeexm,ravencrest,1805,monk,mistweaver,48,26,22
Lanvia,argent-dawn,1804,monk,mistweaver,108,63,45
Panson,twisting-nether,1804,monk,mistweaver,54,28,26
Yum,anetheron,1803,monk,mistweaver,90,46,44
Vanicweaver,aegwynn,1802,monk,mistweaver,36,26,10
Fùckaround,emeriss,1802,monk,mistweaver,60,37,23
Notzaele,zuljin,1802,monk,mistweaver,42,23,19
Alprox,moonglade,1802,monk,mistweaver,170,87,83
Monkler,blackhand,1802,monk,mistweaver,90,43,47
Bossmanfred,outland,1801,monk,mistweaver,84,56,28
Monkgolitaxd,dun-modr,1801,monk,mistweaver,240,131,109
Heramonk,dun-modr,1801,monk,mistweaver,58,30,28
Jinxini,twisting-nether,1800,monk,mistweaver,24,19,5
Callysra,archimonde,1800,monk,mistweaver,42,30,12
Pudgefeed,silvermoon,1800,monk,mistweaver,72,42,30
Wrv,kazzak,1800,monk,mistweaver,247,129,118
Monknice,sylvanas,1800,monk,mistweaver,77,40,37
Xarêlla,aegwynn,1800,monk,mistweaver,114,58,56
Hurricaine,hyjal,1799,monk,mistweaver,30,19,11
Vienuole,silvermoon,1798,monk,mistweaver,53,27,26
Brewnox,ragnaros,1797,monk,mistweaver,59,30,29
Killibrew,ravencrest,1796,monk,mistweaver,36,28,8
Нимбмонк,soulflayer,1796,monk,mistweaver,53,25,28
Baatu,frostmane,1794,monk,mistweaver,84,41,43
Shurdax,silvermoon,1793,monk,mistweaver,90,49,41
Snówtea,silvermoon,1792,monk,mistweaver,45,28,17
Butterbean,conseil-des-ombres,1792,monk,mistweaver,45,28,17
Dewamønk,blackmoore,1792,monk,mistweaver,46,28,18
Skïrmíshgødx,ravencrest,1790,monk,mistweaver,54,25,29
Фунтос,gordunni,1788,monk,mistweaver,42,30,12
Lünara,ambossar,1787,monk,mistweaver,90,52,38
Лиянь,soulflayer,1787,monk,mistweaver,108,61,47
Luvmollý,silvermoon,1787,monk,mistweaver,114,57,57
Jorahmarmond,tarren-mill,1786,monk,mistweaver,48,35,13
Bluran,dalaran,1783,monk,mistweaver,76,42,34
Threesíxníne,dun-morogh,1783,monk,mistweaver,42,22,20
Loobee,ravencrest,1782,monk,mistweaver,48,24,24
Cdriscas,aggra-português,1781,monk,mistweaver,119,65,54
Doffm,auchindoun,1780,monk,mistweaver,72,44,28
Zoida,azuremyst,1779,monk,mistweaver,144,70,74
Birgitbuddha,gorgonnash,1776,monk,mistweaver,84,48,36
Shortinlegs,silvermoon,1776,monk,mistweaver,60,32,28
Brysiqtx,aegwynn,1775,monk,mistweaver,75,38,37
Papimonkx,garona,1773,monk,mistweaver,48,22,26
Limbaskalol,dun-modr,1772,monk,mistweaver,211,106,105
Мичан,howling-fjord,1770,monk,mistweaver,122,72,50
Vingurd,terokkar,1768,monk,mistweaver,39,23,16
Soulring,kazzak,1767,monk,mistweaver,63,31,32
Lildaddymunk,ravencrest,1766,monk,mistweaver,36,21,15
Esriin,shattered-hand,1765,monk,mistweaver,36,24,12
Фунтих,soulflayer,1764,monk,mistweaver,40,21,19
Nêøø,blackrock,1760,monk,mistweaver,156,105,51
Bammemw,archimonde,1760,monk,mistweaver,54,25,29
Sícknéss,aegwynn,1759,monk,mistweaver,42,26,16
Räpeltäjä,stormreaver,1757,monk,mistweaver,30,24,6
Mêshuggâh,malganis,1757,monk,mistweaver,48,28,20
Gréèñðrägôñ,stormscale,1756,monk,mistweaver,36,26,10
Ziibaa,outland,1756,monk,mistweaver,75,46,29
Sîono,antonidas,1755,monk,mistweaver,48,34,14
Key,stormreaver,1755,monk,mistweaver,82,50,32
Holyropx,aegwynn,1755,monk,mistweaver,42,25,17
Sniffn,ravencrest,1754,monk,mistweaver,54,35,19
Natsuø,nemesis,1754,monk,mistweaver,36,22,14
Blamethegame,hyjal,1753,monk,mistweaver,35,24,11
Actionsusi,area-52,1753,monk,mistweaver,48,27,21
Päws,kazzak,1751,monk,mistweaver,42,25,17
Stifmeister,tarren-mill,1750,monk,mistweaver,94,50,44
Барлиос,soulflayer,1750,monk,mistweaver,307,161,146
Wiwâ,outland,1750,monk,mistweaver,67,35,32
Jayber,laughing-skull,1749,monk,mistweaver,66,43,23
Sushiroller,blackrock,1749,monk,mistweaver,42,24,18
Эрмилинда,gordunni,1749,monk,mistweaver,54,26,28
Бадика,howling-fjord,1748,monk,mistweaver,221,123,98
Théverre,uldaman,1747,monk,mistweaver,189,119,70
Kaezm,blackrock,1746,monk,mistweaver,42,26,16
Xámell,ravencrest,1746,monk,mistweaver,36,19,17
Dog,garona,1745,monk,mistweaver,84,36,48
Seandyche,ravencrest,1744,monk,mistweaver,34,23,11
Neash,silvermoon,1744,monk,mistweaver,90,51,39
Mcscrub,ragnaros,1742,monk,mistweaver,35,24,11
Jerymonk,tarren-mill,1742,monk,mistweaver,162,91,71
Calmed,tarren-mill,1737,monk,mistweaver,259,148,111
Ipmanlol,archimonde,1736,monk,mistweaver,114,69,45
Mugotea,twisting-nether,1736,monk,mistweaver,66,36,30
Oikodomos,twisting-nether,1735,monk,mistweaver,65,36,29
Fatdad,magtheridon,1735,monk,mistweaver,83,41,42
Piedliés,ravencrest,1733,monk,mistweaver,72,31,41
Taylorghost,ravencrest,1732,monk,mistweaver,50,33,17
Kapitan,sanguino,1732,monk,mistweaver,105,67,38
Аскмилол,deathweaver,1731,monk,mistweaver,76,44,32
Riendy,silvermoon,1731,monk,mistweaver,226,128,98
Nsq,ravencrest,1731,monk,mistweaver,48,26,22
Greentape,kiljaeden,1730,monk,mistweaver,42,27,15
Prototyp,burning-legion,1729,monk,mistweaver,36,23,13
Wørsthealxd,alakir,1728,monk,mistweaver,82,56,26
Brewstea,kazzak,1727,monk,mistweaver,84,40,44
Эифорйя,howling-fjord,1726,monk,mistweaver,58,25,33
Фдма,soulflayer,1724,monk,mistweaver,41,26,15
Yadokaí,darkmoon-faire,1724,monk,mistweaver,48,23,25
Kickin,burning-legion,1723,monk,mistweaver,64,37,27
Chünlii,dun-modr,1723,monk,mistweaver,60,29,31
Nrafflig,draenor,1722,monk,mistweaver,48,32,16
Wajøba,blackhand,1722,monk,mistweaver,36,18,18
Séi,kazzak,1721,monk,mistweaver,36,18,18
Mwrbg,shadowsong,1720,monk,mistweaver,113,63,50
Poohya,silvermoon,1720,monk,mistweaver,36,18,18
Crymonkya,aegwynn,1719,monk,mistweaver,126,78,48
Shehulkk,ravencrest,1719,monk,mistweaver,42,21,21
Chimara,kazzak,1718,monk,mistweaver,79,45,34
Déffly,ravencrest,1717,monk,mistweaver,24,18,6
Акли,gordunni,1717,monk,mistweaver,48,31,17
Нийтринно,howling-fjord,1716,monk,mistweaver,78,44,34
Pogimonkey,ragnaros,1715,monk,mistweaver,54,28,26
Alë,argent-dawn,1714,monk,mistweaver,105,65,40
Blacktee,eredar,1714,monk,mistweaver,36,21,15
Merína,ragnaros,1714,monk,mistweaver,207,109,98
Olympiiee,archimonde,1713,monk,mistweaver,293,157,136
Xineeaa,outland,1712,monk,mistweaver,88,50,38
Ashjaxa,silvermoon,1710,monk,mistweaver,42,18,24
Enoffovicz,archimonde,1709,monk,mistweaver,48,34,14
Ivanzamonka,stormscale,1708,monk,mistweaver,71,47,24
Behrens,defias-brotherhood,1708,monk,mistweaver,39,23,16
Babbub,tarren-mill,1707,monk,mistweaver,60,36,24
Bigdaddypump,blackmoore,1707,monk,mistweaver,42,25,17
Tjann,stormscale,1706,monk,mistweaver,48,33,15
Бладмонки,soulflayer,1706,monk,mistweaver,60,38,22
Shyheim,outland,1705,monk,mistweaver,48,36,12
Pamtu,dun-modr,1704,monk,mistweaver,78,49,29
Öhlinmonk,outland,1704,monk,mistweaver,42,24,18
Kebabrolle,blackrock,1704,monk,mistweaver,42,21,21
Adis,nerathor,1703,monk,mistweaver,48,28,20
Moontríx,kazzak,1703,monk,mistweaver,48,21,27
Djpunchable,blackrock,1701,monk,mistweaver,35,26,9
Hôn,sanguino,1701,monk,mistweaver,41,29,12
Lurklee,blackhand,1701,monk,mistweaver,48,27,21
Shigong,hellscream,1700,monk,mistweaver,66,36,30
Fulgrem,stormscale,1699,monk,mistweaver,75,46,29
Trifogeorge,archimonde,1699,monk,mistweaver,36,21,15
Evad,kazzak,1698,monk,mistweaver,66,41,25
Erapanzon,nemesis,1698,monk,mistweaver,36,22,14
Wernos,archimonde,1698,monk,mistweaver,48,25,23
Rullefald,stormscale,1697,monk,mistweaver,102,57,45
Stramonk,nemesis,1696,monk,mistweaver,189,94,95
Onlyfunn,sanguino,1695,monk,mistweaver,75,42,33
Вакидзави,gordunni,1694,monk,mistweaver,48,31,17
Кикподхвост,blackscar,1694,monk,mistweaver,66,29,37
Pikemi,dun-modr,1692,monk,mistweaver,78,48,30
Фучой,howling-fjord,1692,monk,mistweaver,57,34,23
Pitrols,twisting-nether,1692,monk,mistweaver,237,134,103
Táuriéll,eredar,1692,monk,mistweaver,36,18,18
Кербю,gordunni,1690,monk,mistweaver,42,23,19
Taekwonroll,stormscale,1688,monk,mistweaver,30,18,12
Binkote,zuljin,1688,monk,mistweaver,107,64,43
Irêfutabil,sylvanas,1688,monk,mistweaver,63,34,29
Kukn,twisting-nether,1686,monk,mistweaver,87,44,43
Patiencebro,archimonde,1686,monk,mistweaver,54,27,27
Onaiâ,ravencrest,1685,monk,mistweaver,37,26,11
Hamsster,ravencrest,1684,monk,mistweaver,128,66,62
Konnîchîwa,kazzak,1683,monk,mistweaver,149,80,69
Saáru,argent-dawn,1682,monk,mistweaver,66,41,25
Suliya,zuluhed,1681,monk,mistweaver,48,28,20
Zlodey,laughing-skull,1679,monk,mistweaver,37,23,14
Mîstxd,kazzak,1679,monk,mistweaver,53,30,23
Simonex,ravencrest,1678,monk,mistweaver,24,18,6
ßojo,kazzak,1677,monk,mistweaver,81,53,28
Papours,ysondre,1676,monk,mistweaver,30,22,8
Milksbtw,kazzak,1676,monk,mistweaver,113,79,34
Монккд,gordunni,1675,monk,mistweaver,183,105,78
Cykatea,dun-modr,1675,monk,mistweaver,396,211,185
Aseidith,tarren-mill,1672,monk,mistweaver,48,26,22
Аци,blackscar,1671,monk,mistweaver,47,31,16
Dokternelg,silvermoon,1671,monk,mistweaver,36,23,13
Hokespokus,silvermoon,1671,monk,mistweaver,59,37,22
Jolude,nemesis,1671,monk,mistweaver,90,47,43
Артэкрио,soulflayer,1669,monk,mistweaver,54,37,17
Milkhy,minahonda,1669,monk,mistweaver,148,73,75
Bullergøjen,ravencrest,1668,monk,mistweaver,78,52,26
Elmezz,burning-legion,1668,monk,mistweaver,39,19,20
Macpunchy,defias-brotherhood,1667,monk,mistweaver,48,28,20
Zorkev,dun-modr,1667,monk,mistweaver,113,63,50
Dearmw,silvermoon,1666,monk,mistweaver,90,50,40
Diffenbachia,outland,1665,monk,mistweaver,87,58,29
Fisterinos,blackrock,1665,monk,mistweaver,114,73,41
Steveé,kazzak,1664,monk,mistweaver,36,25,11
Féfè,archimonde,1663,monk,mistweaver,42,22,20
Calli,auchindoun,1662,monk,mistweaver,82,42,40
Insømnia,ragnaros,1660,monk,mistweaver,34,21,13
Jacksa,bronze-dragonflight,1660,monk,mistweaver,152,74,78
Linshai,eredar,1659,monk,mistweaver,36,23,13
Rhatid,twisting-nether,1657,monk,mistweaver,161,87,74
Репаблликуес,gordunni,1656,monk,mistweaver,34,20,14
Varyat,uldum,1656,monk,mistweaver,41,24,17
Ultdave,eredar,1655,monk,mistweaver,129,72,57
Trollandroll,stormscale,1655,monk,mistweaver,131,71,60
Эддрос,gordunni,1655,monk,mistweaver,66,35,31
Mangi,rexxar,1655,monk,mistweaver,72,37,35
Incmines,ravencrest,1655,monk,mistweaver,62,30,32
Botspec,twisting-nether,1654,monk,mistweaver,69,46,23
Callmeks,stormscale,1654,monk,mistweaver,30,20,10
Kaàli,pozzo-delleternità,1654,monk,mistweaver,36,21,15
Meltfistqt,ravencrest,1654,monk,mistweaver,112,52,60
Maikez,stormreaver,1654,monk,mistweaver,46,19,27
Inear,chogall,1651,monk,mistweaver,190,100,90
Ínsanez,dun-modr,1651,monk,mistweaver,36,18,18
Джулибубба,borean-tundra,1650,monk,mistweaver,48,30,18
Handarbetare,ravencrest,1650,monk,mistweaver,52,24,28
Coularx,stormscale,1649,monk,mistweaver,42,21,21
Skailzkrt,hyjal,1649,monk,mistweaver,43,19,24
Varea,blackrock,1648,monk,mistweaver,95,47,48
Orfantal,ravencrest,1647,monk,mistweaver,102,60,42
Otemøøn,sanguino,1646,monk,mistweaver,45,25,20
Mankee,kazzak,1646,monk,mistweaver,109,57,52
Yukimøn,hyjal,1645,monk,mistweaver,86,60,26
Dicedkiwi,quelthalas,1645,monk,mistweaver,209,119,90
Evâ,stormscale,1645,monk,mistweaver,58,32,26
Darlaa,ravencrest,1644,monk,mistweaver,29,18,11
Imeon,dun-modr,1644,monk,mistweaver,30,18,12
Эрмонд,soulflayer,1644,monk,mistweaver,44,23,21
Unsanegodx,ravencrest,1643,monk,mistweaver,54,38,16
Eugenn,alonsus,1643,monk,mistweaver,52,29,23
Jingfeng,arthas,1643,monk,mistweaver,131,60,71
Nepho,twisting-nether,1642,monk,mistweaver,38,23,15
Rogvi,argent-dawn,1642,monk,mistweaver,186,88,98
Hajlong,outland,1641,monk,mistweaver,42,21,21
Mer,outland,1640,monk,mistweaver,44,24,20
Risesx,blackmoore,1640,monk,mistweaver,60,27,33
Fistify,destromath,1639,monk,mistweaver,24,20,4
Saneshayne,ravencrest,1639,monk,mistweaver,29,18,11
Факенщет,soulflayer,1639,monk,mistweaver,60,34,26
Amatör,frostwolf,1638,monk,mistweaver,30,20,10
Timboqt,blackmoore,1638,monk,mistweaver,70,43,27
Uftis,thrall,1637,monk,mistweaver,77,56,21
Uckkm,ragnaros,1637,monk,mistweaver,42,24,18
Apolskis,ravencrest,1636,monk,mistweaver,42,30,12
Xameht,the-maelstrom,1636,monk,mistweaver,98,49,49
Frednmonk,twisting-nether,1635,monk,mistweaver,48,26,22
Karoou,kelthuzad,1635,monk,mistweaver,89,48,41
Mistïnguette,dalaran,1634,monk,mistweaver,210,120,90
Quotes,darksorrow,1634,monk,mistweaver,54,26,28
Shiftkin,stormscale,1634,monk,mistweaver,48,22,26
Akkadianx,ravencrest,1633,monk,mistweaver,59,34,25
Raveleth,silvermoon,1632,monk,mistweaver,36,21,15
Youssee,silvermoon,1632,monk,mistweaver,192,105,87
Bonk,defias-brotherhood,1631,monk,mistweaver,47,22,25
Schane,zuluhed,1630,monk,mistweaver,24,18,6
Quickmist,draenor,1630,monk,mistweaver,95,57,38
Elvand,twisting-nether,1630,monk,mistweaver,72,41,31
Orcimon,draenor,1630,monk,mistweaver,30,17,13
Shyreen,zirkel-des-cenarius,1630,monk,mistweaver,47,25,22
Áyell,archimonde,1629,monk,mistweaver,117,69,48
Brüderlichke,elune,1629,monk,mistweaver,48,21,27
Rashakura,blackrock,1628,monk,mistweaver,36,23,13
Ryx,twisting-nether,1628,monk,mistweaver,49,22,27
Løta,blackmoore,1627,monk,mistweaver,30,20,10
Papermakerx,blackrock,1627,monk,mistweaver,46,28,18
Çz,tarren-mill,1627,monk,mistweaver,36,20,16
Soulxq,blackrock,1626,monk,mistweaver,135,74,61
Twistie,aegwynn,1626,monk,mistweaver,36,17,19
Йорита,soulflayer,1625,monk,mistweaver,30,17,13
Фапдао,howling-fjord,1625,monk,mistweaver,236,126,110
Старыйхиро,gordunni,1624,monk,mistweaver,24,17,7
Correforrest,dun-modr,1624,monk,mistweaver,105,66,39
Yotke,ravencrest,1624,monk,mistweaver,48,30,18
Yto,gorgonnash,1624,monk,mistweaver,30,17,13
Endir,mazrigos,1623,monk,mistweaver,101,62,39
Rulletunna,grim-batol,1623,monk,mistweaver,42,25,17
Elhäbedehä,eredar,1622,monk,mistweaver,182,90,92
Issho,der-rat-von-dalaran,1620,monk,mistweaver,36,19,17
Almonkdiga,sanguino,1620,monk,mistweaver,42,19,23
Deadlywuu,antonidas,1619,monk,mistweaver,71,44,27
Olgachocolat,blackmoore,1618,monk,mistweaver,96,72,24
Mimimatrick,hyjal,1618,monk,mistweaver,48,28,20
Jpstwo,gorgonnash,1617,monk,mistweaver,54,28,26
Jetleê,eredar,1617,monk,mistweaver,138,71,67
Phyxone,twisting-nether,1616,monk,mistweaver,36,20,16
Kwa,grim-batol,1616,monk,mistweaver,69,37,32
Jiuhjitsu,blackmoore,1616,monk,mistweaver,42,21,21
Fansolini,burning-legion,1616,monk,mistweaver,46,22,24
Vasknem,hyjal,1615,monk,mistweaver,66,45,21
Ceeja,blackmoore,1615,monk,mistweaver,137,76,61
Kaizetsu,drakthul,1614,monk,mistweaver,36,27,9
Wwception,blackrock,1614,monk,mistweaver,38,22,16
Sensorium,ravencrest,1614,monk,mistweaver,108,59,49
Watchmedamp,draenor,1613,monk,mistweaver,176,104,72
Encanthar,blackhand,1613,monk,mistweaver,237,123,114
Junâ,les-sentinelles,1613,monk,mistweaver,37,19,18
Zanizu,blackhand,1612,monk,mistweaver,60,33,27
Sart,aerie-peak,1612,monk,mistweaver,42,22,20
Zodyiac,blackrock,1611,monk,mistweaver,41,29,12
Koraxx,blackmoore,1611,monk,mistweaver,90,46,44
Сэм,gordunni,1610,monk,mistweaver,30,21,9
Arimira,outland,1610,monk,mistweaver,80,46,34
Yulonian,argent-dawn,1609,monk,mistweaver,66,45,21
Биак,howling-fjord,1609,monk,mistweaver,38,23,15
Slizzlie,outland,1609,monk,mistweaver,45,26,19
Kitingbuddha,aegwynn,1609,monk,mistweaver,114,62,52
Plebmonkx,frostmane,1609,monk,mistweaver,185,98,87
Nirexi,blackrock,1609,monk,mistweaver,63,32,31
Лолидевочка,soulflayer,1609,monk,mistweaver,61,24,37
Chiuna,sylvanas,1608,monk,mistweaver,36,20,16
Ignygodx,ragnaros,1608,monk,mistweaver,35,19,16
Cerrya,silvermoon,1608,monk,mistweaver,48,21,27
Ulns,blackrock,1607,monk,mistweaver,60,25,35
Òó,vashj,1606,monk,mistweaver,66,33,33
Gronoz,drakthul,1605,monk,mistweaver,90,57,33
Happymonktwo,ravencrest,1605,monk,mistweaver,124,64,60
Igozoom,draenor,1604,monk,mistweaver,36,29,7
Crazydingo,lightnings-blade,1604,monk,mistweaver,72,51,21
Авентусс,howling-fjord,1603,monk,mistweaver,36,27,9
Chinmachine,kazzak,1603,monk,mistweaver,66,39,27
Bamiegoreng,aegwynn,1603,monk,mistweaver,30,17,13
Амаззонния,soulflayer,1603,monk,mistweaver,168,86,82
Cochonhalall,archimonde,1603,monk,mistweaver,36,17,19
Xurf,draenor,1602,monk,mistweaver,30,22,8
Lizardspock,hyjal,1602,monk,mistweaver,30,17,13
Räyh,outland,1602,monk,mistweaver,57,31,26
Makïi,archimonde,1601,monk,mistweaver,179,108,71
Waitaminute,outland,1601,monk,mistweaver,142,85,57
Zýru,ragnaros,1601,monk,mistweaver,65,38,27
Yörg,eredar,1600,monk,mistweaver,51,30,21
Snookzlol,aegwynn,1600,monk,mistweaver,65,38,27
Setup,thrall,1600,monk,mistweaver,197,111,86
Jcchi,xavius,1597,monk,mistweaver,72,37,35
Hardi,chamber-of-aspects,1597,monk,mistweaver,90,44,46
Vooxis,drakthul,1596,monk,mistweaver,60,35,25
Notdearmw,shattered-hand,1595,monk,mistweaver,30,20,10
Zenfir,sylvanas,1593,monk,mistweaver,74,46,28
Chàrràth,blackmoore,1593,monk,mistweaver,121,62,59
Texiq,drakthul,1591,monk,mistweaver,48,32,16
Carlteaz,drakthul,1590,monk,mistweaver,25,17,8
Bonnybravo,wildhammer,1590,monk,mistweaver,30,20,10
Elmonkodonko,draenor,1590,monk,mistweaver,30,17,13
Eckø,rashgarroth,1589,monk,mistweaver,82,51,31
Shokko,uldaman,1589,monk,mistweaver,36,21,15
Lacasyto,sanguino,1586,monk,mistweaver,48,34,14
Freyas,outland,1585,monk,mistweaver,71,40,31
Whoszeus,archimonde,1585,monk,mistweaver,190,103,87
Zaiyox,thrall,1584,monk,mistweaver,36,17,19
Pitit,outland,1584,monk,mistweaver,78,31,47
Srav,archimonde,1583,monk,mistweaver,36,19,17
Слишкомхорош,thermaplugg,1580,monk,mistweaver,23,17,6
Jeydi,ravencrest,1580,monk,mistweaver,86,49,37
Monkim,chogall,1579,monk,mistweaver,42,24,18
Drugashe,archimonde,1576,monk,mistweaver,354,171,183
Belärus,outland,1573,monk,mistweaver,36,19,17
Vanoarabidze,ravencrest,1572,monk,mistweaver,78,36,42
Warsox,aegwynn,1570,monk,mistweaver,48,26,22
Sanktxy,blackhand,1570,monk,mistweaver,69,28,41
Namelessmist,drakthul,1569,monk,mistweaver,42,26,16
Orgasmix,tarren-mill,1569,monk,mistweaver,42,21,21
Xadu,frostwolf,1568,monk,mistweaver,36,24,12
Ilovesanrio,kazzak,1567,monk,mistweaver,30,19,11
Dosakua,silvermoon,1563,monk,mistweaver,66,38,28
Molgar,tarren-mill,1562,monk,mistweaver,32,22,10
Jinhee,nemesis,1562,monk,mistweaver,66,44,22
Zuvzuv,the-maelstrom,1560,monk,mistweaver,54,26,28
Endorrphine,ravencrest,1560,monk,mistweaver,110,48,62
Mòñkêÿgøðx,outland,1558,monk,mistweaver,36,23,13
Jasonbbmist,stormscale,1558,monk,mistweaver,36,21,15
Bitbird,zirkel-des-cenarius,1557,monk,mistweaver,42,25,17
Mushush,draenor,1557,monk,mistweaver,52,29,23
Doingmaster,blackrock,1557,monk,mistweaver,36,20,16
Musslee,elune,1556,monk,mistweaver,105,54,51
Lukeybabyy,defias-brotherhood,1555,monk,mistweaver,48,32,16
Leblatt,blackhand,1555,monk,mistweaver,66,42,24
Isadri,madmortem,1555,monk,mistweaver,36,21,15
Rzi,amanthul,1555,monk,mistweaver,143,80,63
Monkymonka,antonidas,1555,monk,mistweaver,121,62,59
Blondefurry,twisting-nether,1550,monk,mistweaver,42,28,14
Idrdob,kazzak,1548,monk,mistweaver,140,78,62
Taìka,archimonde,1546,monk,mistweaver,27,17,10
Prettysus,silvermoon,1546,monk,mistweaver,66,41,25
Visk,blackmoore,1545,monk,mistweaver,131,73,58
Kirkeý,ravencrest,1544,monk,mistweaver,55,31,24
Barracüs,dun-modr,1544,monk,mistweaver,78,43,35
Simòna,dun-modr,1544,monk,mistweaver,221,115,106
Inthepoopa,outland,1543,monk,mistweaver,102,56,46
Кулаквнос,gordunni,1543,monk,mistweaver,66,33,33
Milkabtw,kazzak,1542,monk,mistweaver,43,25,18
Вдыхайтуман,gordunni,1542,monk,mistweaver,96,52,44
Тевикс,gordunni,1542,monk,mistweaver,60,30,30
Индоран,howling-fjord,1541,monk,mistweaver,66,47,19
Bîgmø,blades-edge,1540,monk,mistweaver,30,20,10
Kåýðø,archimonde,1540,monk,mistweaver,90,48,42
Mmrkick,kazzak,1537,monk,mistweaver,36,18,18
Cubw,archimonde,1537,monk,mistweaver,36,17,19
Jusn,tarren-mill,1536,monk,mistweaver,101,58,43
Fungku,azjolnerub,1536,monk,mistweaver,243,125,118
Smâsh,blackhand,1535,monk,mistweaver,70,44,26
Absolutezen,tarren-mill,1535,monk,mistweaver,66,34,32
Фуфинус,gordunni,1535,monk,mistweaver,36,16,20
Pembi,blades-edge,1534,monk,mistweaver,80,39,41
Stdzym,tarren-mill,1534,monk,mistweaver,56,24,32
Vitnam,auchindoun,1533,monk,mistweaver,84,51,33
Ashenore,outland,1533,monk,mistweaver,42,17,25
Invadem,shattered-hand,1532,monk,mistweaver,27,17,10
Прогреслал,tarren-mill,1532,monk,mistweaver,54,28,26
Chikokon,silvermoon,1531,monk,mistweaver,63,42,21
Daitaro,ravencrest,1531,monk,mistweaver,60,37,23
Windspiritt,ragnaros,1531,monk,mistweaver,60,31,29
Egï,azshara,1530,monk,mistweaver,35,19,16
Djsnake,blackrock,1528,monk,mistweaver,24,16,8
Tû,nerathor,1528,monk,mistweaver,48,27,21
Mistbringer,kazzak,1528,monk,mistweaver,244,130,114
Saitamä,archimonde,1528,monk,mistweaver,98,45,53
Dr,sylvanas,1527,monk,mistweaver,30,16,14
Urbàs,blackmoore,1526,monk,mistweaver,42,29,13
Àjay,outland,1526,monk,mistweaver,24,16,8
Shkorwi,drakthul,1525,monk,mistweaver,30,17,13
Musashiden,twisting-nether,1525,monk,mistweaver,42,23,19
Дилейнх,gordunni,1521,monk,mistweaver,24,16,8
Hollymêdx,blackmoore,1521,monk,mistweaver,37,22,15
Slugerpigen,stormscale,1521,monk,mistweaver,297,163,134
Plaguer,nordrassil,1519,monk,mistweaver,30,18,12
Eynodiggity,blackmoore,1519,monk,mistweaver,60,32,28
Kæmará,blackrock,1519,monk,mistweaver,30,16,14
Mightnorn,tarren-mill,1517,monk,mistweaver,36,20,16
Erannas,turalyon,1517,monk,mistweaver,29,16,13
Dmonk,alakir,1517,monk,mistweaver,72,34,38
Misthera,burning-legion,1517,monk,mistweaver,72,32,40
Frónzy,kazzak,1516,monk,mistweaver,146,79,67
Psychocop,drakthul,1516,monk,mistweaver,191,98,93
Ticktak,archimonde,1515,monk,mistweaver,86,52,34
Sobadzlolz,alexstrasza,1515,monk,mistweaver,60,28,32
Типмах,howling-fjord,1514,monk,mistweaver,26,16,10
Teamviewer,blackmoore,1514,monk,mistweaver,30,16,14
Piednuques,archimonde,1514,monk,mistweaver,46,20,26
Notfist,kazzak,1513,monk,mistweaver,54,35,19
Xiaokingqvq,silvermoon,1512,monk,mistweaver,78,41,37
Xado,aegwynn,1511,monk,mistweaver,24,16,8
Loddarita,ravencrest,1510,monk,mistweaver,42,31,11
Andoran,hyjal,1510,monk,mistweaver,24,16,8
Elity,archimonde,1510,monk,mistweaver,82,54,28
Medovic,blackmoore,1510,monk,mistweaver,156,89,67
Guthäxlul,khazgoroth,1510,monk,mistweaver,221,124,97
Лалафест,soulflayer,1510,monk,mistweaver,46,25,21
Oneshotmacro,spinebreaker,1509,monk,mistweaver,24,16,8
Orkiya,archimonde,1507,monk,mistweaver,324,170,154
Saduh,thrall,1506,monk,mistweaver,30,16,14
Spoompls,argent-dawn,1505,monk,mistweaver,54,24,30
Incapme,outland,1504,monk,mistweaver,109,64,45
Darkkmonk,dun-modr,1504,monk,mistweaver,101,51,50
Aeolôs,hyjal,1503,monk,mistweaver,48,27,21
Ричфлекс,howling-fjord,1503,monk,mistweaver,218,122,96
Gravityfist,aegwynn,1503,monk,mistweaver,36,18,18
Caniluvz,eredar,1501,monk,mistweaver,24,16,8
Самадайка,howling-fjord,1501,monk,mistweaver,154,80,74
Quicc,ravencrest,1500,monk,mistweaver,36,19,17
Lillklappz,outland,1499,monk,mistweaver,18,16,2
Гачитварина,galakrond,1499,monk,mistweaver,24,16,8
Calmpalms,tarren-mill,1499,monk,mistweaver,87,45,42
Benenutz,archimonde,1498,monk,mistweaver,36,27,9
Gernokz,antonidas,1497,monk,mistweaver,96,53,43
Trnd,draenor,1497,monk,mistweaver,47,19,28
Needthát,twisting-nether,1495,monk,mistweaver,24,16,8
Syyn,twisting-nether,1494,monk,mistweaver,102,60,42
Miînd,tarren-mill,1494,monk,mistweaver,60,35,25
Monkzdino,destromath,1494,monk,mistweaver,47,24,23
Civix,sanguino,1492,monk,mistweaver,116,69,47
Harislkwamk,aegwynn,1491,monk,mistweaver,36,21,15
Zukatan,tarren-mill,1491,monk,mistweaver,81,45,36
Njursten,twilights-hammer,1489,monk,mistweaver,243,121,122
Aryaz,ravencrest,1489,monk,mistweaver,63,28,35
Chakuro,ravencrest,1488,monk,mistweaver,30,20,10
Thuz,kazzak,1488,monk,mistweaver,63,34,29
Zikzer,darksorrow,1487,monk,mistweaver,30,16,14
Oregan,conseil-des-ombres,1487,monk,mistweaver,36,19,17
Kungfubatti,stormscale,1486,monk,mistweaver,143,81,62
Kegrøll,doomhammer,1486,monk,mistweaver,48,26,22
Moveietss,stormscale,1485,monk,mistweaver,18,16,2
Nihao,tarren-mill,1485,monk,mistweaver,48,26,22
Bóber,kazzak,1485,monk,mistweaver,42,22,20
Sneezao,ravencrest,1484,monk,mistweaver,150,82,68
Инженерия,howling-fjord,1483,monk,mistweaver,54,32,22
Melamonk,ravencrest,1483,monk,mistweaver,266,133,133
Sindresa,outland,1483,monk,mistweaver,108,51,57
Ohmegah,frostmane,1481,monk,mistweaver,24,18,6
Fluki,twisting-nether,1480,monk,mistweaver,48,24,24
Kano,burning-legion,1479,monk,mistweaver,38,23,15
Kreynich,blackhand,1477,monk,mistweaver,36,25,11
Dìó,tarren-mill,1477,monk,mistweaver,210,117,93
Leôlulu,blackmoore,1476,monk,mistweaver,36,27,9
Влажныйтач,soulflayer,1475,monk,mistweaver,30,19,11
Fatskeleton,stormreaver,1475,monk,mistweaver,427,198,229
Quezatrix,ravencrest,1473,monk,mistweaver,132,69,63
Okdontnerf,kazzak,1471,monk,mistweaver,76,36,40
Bullbøx,chamber-of-aspects,1471,monk,mistweaver,93,38,55
Wushin,antonidas,1470,monk,mistweaver,27,17,10
Тучковский,lich-king,1470,monk,mistweaver,78,43,35
Karatekickyo,ravencrest,1468,monk,mistweaver,28,16,12
Moistweaver,hellfire,1468,monk,mistweaver,84,44,40
Zenified,ragnaros,1468,monk,mistweaver,82,40,42
Marielo,blackmoore,1467,monk,mistweaver,30,23,7
Zinnout,twisting-nether,1467,monk,mistweaver,36,26,10
Shiesel,draenor,1464,monk,mistweaver,36,20,16
Meuhporgg,hyjal,1463,monk,mistweaver,36,25,11
Gråce,nemesis,1463,monk,mistweaver,116,69,47
Zeldrís,ragnaros,1463,monk,mistweaver,96,46,50
Zenmastêr,twisting-nether,1461,monk,mistweaver,172,95,77
Coopers,hyjal,1460,monk,mistweaver,47,27,20
Hymonk,draenor,1459,monk,mistweaver,42,25,17
Pøwcow,blackrock,1459,monk,mistweaver,113,61,52
Noni,gorgonnash,1459,monk,mistweaver,65,31,34
Тадоичи,soulflayer,1458,monk,mistweaver,72,44,28
Watchôut,blackmoore,1458,monk,mistweaver,47,26,21
Timmyßênz,kaelthas,1456,monk,mistweaver,42,26,16
Rngmåchínè,ravencrest,1453,monk,mistweaver,62,31,31
Bambøuéqtz,khaz-modan,1452,monk,mistweaver,42,27,15
Drâcømørt,dalaran,1452,monk,mistweaver,33,21,12
Kroyus,antonidas,1450,monk,mistweaver,120,63,57
Неэверида,deepholm,1449,monk,mistweaver,180,94,86
Rebekko,pozzo-delleternità,1449,monk,mistweaver,126,62,64
Cybert,blackmoore,1449,monk,mistweaver,59,25,34
Скорпин,ashenvale,1448,monk,mistweaver,56,30,26
Venac,burning-legion,1447,monk,mistweaver,166,100,66
Suggy,kilrogg,1447,monk,mistweaver,40,22,18
Lökmedsmör,draenor,1446,monk,mistweaver,30,23,7
Larå,ravencrest,1444,monk,mistweaver,223,119,104
Bleja,blackhand,1442,monk,mistweaver,160,85,75
Guanglee,silvermoon,1441,monk,mistweaver,50,34,16
Mugenzenx,sanguino,1439,monk,mistweaver,24,15,9
Demakis,stormscale,1439,monk,mistweaver,47,29,18
Achtal,blackmoore,1439,monk,mistweaver,41,23,18
Lîlilîlîlîlí,stormscale,1439,monk,mistweaver,30,15,15
Vivir,stormreaver,1435,monk,mistweaver,133,75,58
Thiiogg,archimonde,1435,monk,mistweaver,36,15,21
Cbmonk,sylvanas,1434,monk,mistweaver,42,27,15
Ähronius,stormscale,1434,monk,mistweaver,24,15,9
Poyi,ravencrest,1434,monk,mistweaver,24,15,9
Freebírd,shattered-hand,1431,monk,mistweaver,45,31,14
Callim,blackrock,1431,monk,mistweaver,24,15,9
Heartless,sporeggar,1430,monk,mistweaver,42,30,12
Tokz,ravencrest,1430,monk,mistweaver,30,19,11
Nievah,argent-dawn,1430,monk,mistweaver,39,24,15
Malkaviano,kazzak,1430,monk,mistweaver,80,46,34
Monkgd,sylvanas,1428,monk,mistweaver,152,85,67
Pe,blackhand,1428,monk,mistweaver,88,46,42
Saliya,draenor,1428,monk,mistweaver,34,16,18
Jyll,malganis,1428,monk,mistweaver,125,48,77
Puddinpop,auchindoun,1427,monk,mistweaver,61,29,32
Applestrûdel,blackrock,1425,monk,mistweaver,45,27,18
Farmander,silvermoon,1423,monk,mistweaver,91,57,34
Yarie,blackmoore,1423,monk,mistweaver,78,39,39
Dumplings,earthen-ring,1422,monk,mistweaver,48,29,19
Shiguru,dun-morogh,1422,monk,mistweaver,65,37,28
Bigchaz,outland,1421,monk,mistweaver,24,15,9
Xianxiaa,ravencrest,1420,monk,mistweaver,88,51,37
Musaya,chamber-of-aspects,1420,monk,mistweaver,42,18,24
Monkadorie,twisting-nether,1418,monk,mistweaver,38,25,13
Saolin,emeriss,1417,monk,mistweaver,54,31,23
Affrro,drakthul,1415,monk,mistweaver,42,25,17
Biftas,nagrand,1415,monk,mistweaver,27,16,11
Greenshortea,aegwynn,1415,monk,mistweaver,52,30,22
Kungfupandy,blackmoore,1415,monk,mistweaver,162,92,70
Eedaza,blackrock,1414,monk,mistweaver,30,20,10
Mistsen,kazzak,1414,monk,mistweaver,81,47,34
Nerdmonkx,tarren-mill,1413,monk,mistweaver,24,15,9
Zenzu,blackmoore,1411,monk,mistweaver,30,20,10
Mistfistmw,outland,1410,monk,mistweaver,42,18,24
Kéza,culte-de-la-rive-noire,1407,monk,mistweaver,28,16,12
Soyuz,die-aldor,1406,monk,mistweaver,36,23,13
Orenjis,kazzak,1405,monk,mistweaver,40,19,21
Gucciweaver,tarren-mill,1404,monk,mistweaver,24,16,8
Edll,silvermoon,1403,monk,mistweaver,24,15,9
Kify,dun-modr,1402,monk,mistweaver,33,19,14
Tanata,blackmoore,1401,monk,mistweaver,27,16,11
Pandacus,silvermoon,1401,monk,mistweaver,78,35,43
Benzzy,ragnaros,1397,monk,mistweaver,31,18,13
Gigilonis,korgall,1397,monk,mistweaver,170,89,81
Wryktas,aegwynn,1396,monk,mistweaver,18,15,3
Kushvendorx,silvermoon,1394,monk,mistweaver,66,34,32
Woushou,outland,1392,monk,mistweaver,66,39,27
Caskgut,ravencrest,1391,monk,mistweaver,83,49,34
Panicfist,stormscale,1391,monk,mistweaver,45,21,24
Popcornn,archimonde,1389,monk,mistweaver,54,29,25
Yumhai,dun-modr,1389,monk,mistweaver,30,15,15
Haxxo,die-nachtwache,1387,monk,mistweaver,32,22,10
Dudulinda,silvermoon,1387,monk,mistweaver,102,52,50
Badcøwboy,archimonde,1387,monk,mistweaver,122,54,68
Rymz,sanguino,1385,monk,mistweaver,85,50,35
Xplosiv,twisting-nether,1385,monk,mistweaver,208,109,99
Scare,stormreaver,1384,monk,mistweaver,43,23,20
Pundok,blackrock,1383,monk,mistweaver,65,37,28
Umagon,chogall,1383,monk,mistweaver,60,29,31
Roidcarry,blackrock,1383,monk,mistweaver,41,16,25
Striptina,blackmoore,1382,monk,mistweaver,90,49,41
Bigballs,ysera,1382,monk,mistweaver,36,15,21
Мирюзаки,gordunni,1381,monk,mistweaver,52,29,23
Pandimaci,ragnaros,1381,monk,mistweaver,101,56,45
Tyzin,blackrock,1380,monk,mistweaver,66,37,29
Brewzleè,ravencrest,1380,monk,mistweaver,46,22,24
Allosthenos,ravencrest,1379,monk,mistweaver,33,21,12
Smmithyy,draenor,1379,monk,mistweaver,34,19,15
Moohamood,argent-dawn,1379,monk,mistweaver,66,26,40
Kruemelkeks,frostwolf,1378,monk,mistweaver,57,33,24
Amélith,kirin-tor,1378,monk,mistweaver,42,23,19
Mommymonk,outland,1378,monk,mistweaver,33,15,18
Awesomebrah,the-maelstrom,1377,monk,mistweaver,24,15,9
Oddessa,ravenholdt,1376,monk,mistweaver,137,74,63
ßountÿ,kazzak,1375,monk,mistweaver,54,38,16
Onlyvegan,ravencrest,1375,monk,mistweaver,28,16,12
Monarko,twisting-nether,1374,monk,mistweaver,26,16,10
Jarô,silvermoon,1374,monk,mistweaver,130,58,72
Bláckøutx,quelthalas,1372,monk,mistweaver,25,15,10
Tetetete,silvermoon,1372,monk,mistweaver,64,30,34
Campix,blackmoore,1371,monk,mistweaver,87,44,43
Faa,archimonde,1367,monk,mistweaver,23,17,6
Shailene,kazzak,1367,monk,mistweaver,61,44,17
Beaglemo,blackrock,1366,monk,mistweaver,35,15,20
Myfresh,ysondre,1366,monk,mistweaver,38,16,22
Coollann,drakthul,1364,monk,mistweaver,58,26,32
Sanhollo,stormscale,1361,monk,mistweaver,23,15,8
Brêwjob,archimonde,1356,monk,mistweaver,34,20,14
Nevelbeast,rexxar,1356,monk,mistweaver,69,38,31
Romk,darkspear,1354,monk,mistweaver,42,28,14
Dánný,antonidas,1354,monk,mistweaver,43,26,17
Thayne,blades-edge,1354,monk,mistweaver,30,15,15
Патаомальчик,blackscar,1352,monk,mistweaver,35,15,20
Mécagnóme,dalaran,1350,monk,mistweaver,96,51,45
Yahní,eredar,1347,monk,mistweaver,65,37,28
Kwacisawhe,die-aldor,1347,monk,mistweaver,56,25,31
Сильфиета,gordunni,1345,monk,mistweaver,65,37,28
Akùmawíns,archimonde,1344,monk,mistweaver,36,16,20
Rokobasilisk,outland,1343,monk,mistweaver,24,14,10
Dodomino,archimonde,1343,monk,mistweaver,24,14,10
Zagar,emeriss,1342,monk,mistweaver,24,14,10
Akuuji,silvermoon,1342,monk,mistweaver,24,14,10
Ultrasense,outland,1342,monk,mistweaver,24,14,10
Ipmonk,outland,1341,monk,mistweaver,18,14,4
Brucechi,kargath,1338,monk,mistweaver,36,31,5
Jeññie,stormscale,1337,monk,mistweaver,18,14,4
Teacup,aegwynn,1337,monk,mistweaver,48,32,16
Rocknreroll,executus,1336,monk,mistweaver,30,14,16
Sînê,archimonde,1334,monk,mistweaver,33,19,14
Ðømínus,blackmoore,1334,monk,mistweaver,66,34,32
Якунка,soulflayer,1334,monk,mistweaver,30,14,16
Ilovesnoopy,blackmoore,1333,monk,mistweaver,24,14,10
Boomboôom,outland,1332,monk,mistweaver,24,14,10
Monkehst,dun-modr,1332,monk,mistweaver,84,42,42
Keksmash,ravencrest,1332,monk,mistweaver,30,15,15
Acidflexx,kazzak,1331,monk,mistweaver,41,20,21
Mistur,blackrock,1331,monk,mistweaver,30,14,16
Boomshaq,defias-brotherhood,1330,monk,mistweaver,84,45,39
Гиббискус,gordunni,1330,monk,mistweaver,42,18,24
Sajin,la-croisade-écarlate,1329,monk,mistweaver,36,15,21
Løsang,blackrock,1327,monk,mistweaver,131,78,53
Córporation,outland,1327,monk,mistweaver,30,14,16
Ariluna,tarren-mill,1326,monk,mistweaver,24,14,10
Германика,soulflayer,1326,monk,mistweaver,131,58,73
Krylin,antonidas,1322,monk,mistweaver,93,45,48
Sÿldae,dun-modr,1321,monk,mistweaver,24,18,6
Vladikus,tarren-mill,1320,monk,mistweaver,105,50,55
Monkypunch,tarren-mill,1319,monk,mistweaver,46,23,23
Discoelysia,outland,1318,monk,mistweaver,90,43,47
Адскиймех,deathweaver,1317,monk,mistweaver,69,36,33
Akalaja,alakir,1316,monk,mistweaver,34,19,15
Erenaar,nemesis,1315,monk,mistweaver,42,24,18
Genjosanso,kazzak,1315,monk,mistweaver,177,97,80
Thegrudge,dragonblight,1315,monk,mistweaver,42,16,26
Shreckmonk,burning-blade,1313,monk,mistweaver,30,14,16
Brewswíllis,tarren-mill,1312,monk,mistweaver,18,14,4
Lfmasctop,ravencrest,1312,monk,mistweaver,22,16,6
Maqs,argent-dawn,1311,monk,mistweaver,30,20,10
Рекилоллз,gordunni,1311,monk,mistweaver,59,31,28
Leefang,neptulon,1311,monk,mistweaver,49,24,25
Extrimist,sylvanas,1310,monk,mistweaver,150,76,74
Rèddit,kazzak,1310,monk,mistweaver,78,37,41
Трикленд,azuregos,1305,monk,mistweaver,42,21,21
Onlyfísts,stormscale,1304,monk,mistweaver,48,16,32
Bizzet,jaedenar,1303,monk,mistweaver,27,17,10
Applemonk,tarren-mill,1302,monk,mistweaver,58,28,30
Ðëvx,argent-dawn,1300,monk,mistweaver,96,52,44
Quendi,arthas,1300,monk,mistweaver,191,97,94
Звиздаатый,blackscar,1299,monk,mistweaver,18,14,4
Moinalisaa,outland,1299,monk,mistweaver,30,18,12
Джоский,borean-tundra,1299,monk,mistweaver,72,29,43
Baddany,sanguino,1298,monk,mistweaver,66,35,31
Камикадзэн,gordunni,1296,monk,mistweaver,24,15,9
Lanuia,aegwynn,1295,monk,mistweaver,21,14,7
Spiritualia,kazzak,1295,monk,mistweaver,38,23,15
Zenmist,kazzak,1294,monk,mistweaver,23,14,9
Stolas,spinebreaker,1293,monk,mistweaver,36,24,12
Mareki,nethersturm,1293,monk,mistweaver,44,22,22
Moonica,zenedar,1291,monk,mistweaver,26,17,9
Tsifsakari,silvermoon,1289,monk,mistweaver,66,24,42
Proxxyqt,blackrock,1285,monk,mistweaver,20,15,5
Loreo,burning-legion,1285,monk,mistweaver,87,50,37
Carnat,blackrock,1284,monk,mistweaver,30,17,13
Trivi,blackrock,1284,monk,mistweaver,45,24,21
Drboombay,kazzak,1283,monk,mistweaver,38,21,17
Mestro,argent-dawn,1280,monk,mistweaver,166,92,74
Jetchi,twisting-nether,1279,monk,mistweaver,101,59,42
Янезнаюкенни,soulflayer,1279,monk,mistweaver,48,26,22
Mischenka,thrall,1279,monk,mistweaver,54,27,27
Marrave,chogall,1279,monk,mistweaver,90,37,53
Numpys,sanguino,1277,monk,mistweaver,29,14,15
Ráây,blackrock,1276,monk,mistweaver,36,22,14
Даопецдын,howling-fjord,1275,monk,mistweaver,20,14,6
Bruceflea,blackrock,1275,monk,mistweaver,156,83,73
Хэйхати,gordunni,1274,monk,mistweaver,128,64,64
Ugras,auchindoun,1273,monk,mistweaver,36,14,22
Cranecannon,aegwynn,1272,monk,mistweaver,24,14,10
Daltailr,silvermoon,1271,monk,mistweaver,48,20,28
Bloodpanci,ragnaros,1270,monk,mistweaver,57,32,25
Galaxyfist,ragnaros,1268,monk,mistweaver,171,88,83
Vetocorleone,kazzak,1268,monk,mistweaver,141,71,70
Mishax,draenor,1268,monk,mistweaver,78,38,40
Boredom,wildhammer,1266,monk,mistweaver,60,35,25
Rotkäppchen,blackmoore,1265,monk,mistweaver,23,14,9
Szilvia,sylvanas,1263,monk,mistweaver,48,25,23
Bluum,ravencrest,1263,monk,mistweaver,54,23,31
Evelios,blackmoore,1262,monk,mistweaver,41,23,18
Алли,lich-king,1260,monk,mistweaver,72,31,41
Nîcko,ravencrest,1259,monk,mistweaver,24,14,10
Macgyverr,outland,1258,monk,mistweaver,24,14,10
Sandrafarm,ragnaros,1257,monk,mistweaver,102,65,37
Юансноу,blackscar,1257,monk,mistweaver,36,19,17
Chígoku,grim-batol,1257,monk,mistweaver,52,23,29
Vanquishlølz,archimonde,1255,monk,mistweaver,45,21,24
Саас,gordunni,1253,monk,mistweaver,29,15,14
Putrezitu,ragnaros,1252,monk,mistweaver,27,17,10
Namitsa,trollbane,1250,monk,mistweaver,30,16,14
Sheishot,kazzak,1249,monk,mistweaver,31,15,16
Angeryw,kazzak,1248,monk,mistweaver,18,13,5
Supaverli,archimonde,1248,monk,mistweaver,18,13,5
Katmunk,kazzak,1248,monk,mistweaver,18,13,5
Hialdó,sylvanas,1248,monk,mistweaver,24,14,10
Jackål,silvermoon,1247,monk,mistweaver,21,14,7
Sonydl,archimonde,1247,monk,mistweaver,22,14,8
Worf,haomarush,1247,monk,mistweaver,54,30,24
Catmønk,drakthul,1247,monk,mistweaver,24,13,11
Batmanwife,stormscale,1247,monk,mistweaver,24,13,11
Лемонк,gordunni,1247,monk,mistweaver,28,13,15
Ajay,outland,1247,monk,mistweaver,30,13,17
Xdhehehexd,twisting-nether,1246,monk,mistweaver,18,13,5
Deliveroo,twisting-nether,1246,monk,mistweaver,24,13,11
Йуппи,galakrond,1246,monk,mistweaver,24,13,11
Salsina,nemesis,1246,monk,mistweaver,138,74,64
Nesthorian,draenor,1246,monk,mistweaver,123,61,62
Репабликус,gordunni,1246,monk,mistweaver,30,13,17
Eclipsè,dragonmaw,1245,monk,mistweaver,23,14,9
Bulletproof,bloodscalp,1245,monk,mistweaver,36,20,16
Mcloving,turalyon,1245,monk,mistweaver,29,14,15
Ana,eredar,1244,monk,mistweaver,24,13,11
Spinonyou,silvermoon,1243,monk,mistweaver,18,13,5
Кубермонкер,gordunni,1243,monk,mistweaver,24,13,11
Nìkâ,blackmoore,1243,monk,mistweaver,57,29,28
Yeetkunmeep,outland,1243,monk,mistweaver,54,25,29
Táy,ravencrest,1242,monk,mistweaver,18,13,5
Финуправ,soulflayer,1242,monk,mistweaver,18,13,5
Bigmckoy,kazzak,1242,monk,mistweaver,21,14,7
Jûzô,illidan,1242,monk,mistweaver,24,13,11
Ouaipäül,archimonde,1241,monk,mistweaver,24,13,11
Kammia,drekthar,1241,monk,mistweaver,24,13,11
Chibuku,burning-legion,1240,monk,mistweaver,24,13,11
Luciellie,archimonde,1240,monk,mistweaver,24,13,11
Freemann,archimonde,1240,monk,mistweaver,295,149,146
Skusle,defias-brotherhood,1238,monk,mistweaver,18,13,5
Hydrôlîcz,blackrock,1238,monk,mistweaver,24,13,11
Kayen,frostwhisper,1238,monk,mistweaver,46,23,23
Ninjasven,bladefist,1238,monk,mistweaver,30,13,17
Etzu,shattrath,1237,monk,mistweaver,24,13,11
Wteg,emerald-dream,1237,monk,mistweaver,54,24,30
Xfu,auchindoun,1236,monk,mistweaver,30,13,17
Salix,quelthalas,1235,monk,mistweaver,26,14,12
Drpajhiwo,burning-legion,1234,monk,mistweaver,52,30,22
Bendís,twisting-nether,1233,monk,mistweaver,24,13,11
Schaulong,blackmoore,1233,monk,mistweaver,48,21,27
Arathos,tichondrius,1231,monk,mistweaver,93,54,39
Kunolis,kazzak,1231,monk,mistweaver,26,15,11
Maiver,stormscale,1230,monk,mistweaver,24,14,10
Chainster,defias-brotherhood,1229,monk,mistweaver,70,35,35
Rgkekw,dun-modr,1222,monk,mistweaver,66,39,27
Jihaaz,nemesis,1222,monk,mistweaver,24,13,11
Tripitakâ,dun-modr,1220,monk,mistweaver,65,30,35
Fistus,dentarg,1214,monk,mistweaver,29,13,16
Bhasundara,turalyon,1212,monk,mistweaver,88,51,37
Pandasia,kargath,1212,monk,mistweaver,62,25,37
Badonkamonk,twilights-hammer,1209,monk,mistweaver,42,26,16
Xwtdreamz,hyjal,1209,monk,mistweaver,42,18,24
Mofisto,bladefist,1208,monk,mistweaver,60,29,31
Zaïn,hyjal,1207,monk,mistweaver,31,19,12
Hvnm,ravencrest,1207,monk,mistweaver,158,82,76
Fistingfury,burning-blade,1204,monk,mistweaver,97,41,56
Toon,eredar,1203,monk,mistweaver,118,56,62
Bensó,stormscale,1202,monk,mistweaver,45,31,14
Ivi,neptulon,1197,monk,mistweaver,58,29,29
Barks,archimonde,1197,monk,mistweaver,30,14,16
Vattghern,blackhand,1196,monk,mistweaver,88,43,45
Heretogo,draenor,1189,monk,mistweaver,72,39,33
Ksll,silvermoon,1189,monk,mistweaver,36,17,19
Nyrkkiseski,outland,1183,monk,mistweaver,17,13,4
Lcflay,archimonde,1183,monk,mistweaver,75,37,38
Siamesedream,outland,1182,monk,mistweaver,30,19,11
Phrynè,silvermoon,1182,monk,mistweaver,31,16,15
Sosyc,malganis,1181,monk,mistweaver,23,13,10
Highmonktain,alakir,1179,monk,mistweaver,30,20,10
Creatinin,ragnaros,1177,monk,mistweaver,36,18,18
Skaadoosh,aggra-português,1176,monk,mistweaver,27,13,14
Elainmonk,thrall,1175,monk,mistweaver,17,13,4
Carloz,drakthul,1174,monk,mistweaver,30,16,14
Torqualis,kazzak,1174,monk,mistweaver,114,53,61
Kelechi,stormreaver,1172,monk,mistweaver,32,13,19
Fistweavr,antonidas,1171,monk,mistweaver,36,14,22
Boozmoo,stormscale,1166,monk,mistweaver,22,16,6
Tintatama,aszune,1157,monk,mistweaver,87,39,48
Мистерхюй,gordunni,1156,monk,mistweaver,83,35,48
Kîârâ,frostwolf,1153,monk,mistweaver,22,14,8
Yayaxoxoxo,archimonde,1152,monk,mistweaver,18,12,6
Yuuhai,ravencrest,1152,monk,mistweaver,18,12,6
Chijis,blackmoore,1152,monk,mistweaver,24,12,12
Pikachi,ysondre,1151,monk,mistweaver,18,12,6
Ofwgkta,moonglade,1151,monk,mistweaver,24,12,12
Shixen,ragnaros,1151,monk,mistweaver,24,12,12
Hélpx,stormscale,1151,monk,mistweaver,24,12,12
Kôtsvlêkjê,outland,1151,monk,mistweaver,24,12,12
Zesha,zuljin,1151,monk,mistweaver,30,12,18
Дилдобойс,gordunni,1150,monk,mistweaver,18,12,6
Capwouk,tarren-mill,1150,monk,mistweaver,18,12,6
Loorda,neptulon,1150,monk,mistweaver,24,13,11
Ness,hyjal,1150,monk,mistweaver,24,12,12
Yshaolin,tarren-mill,1150,monk,mistweaver,24,12,12
Нунтяк,gordunni,1150,monk,mistweaver,24,12,12
Monkiful,haomarush,1150,monk,mistweaver,30,12,18
Wannabejoker,stormscale,1149,monk,mistweaver,18,12,6
Ciridely,thrall,1149,monk,mistweaver,18,12,6
Chichi,ravencrest,1149,monk,mistweaver,24,12,12
Aryphus,blackmoore,1148,monk,mistweaver,24,12,12
Kalet,ragnaros,1147,monk,mistweaver,53,26,27
Fungxi,archimonde,1146,monk,mistweaver,30,12,18
Lovange,silvermoon,1145,monk,mistweaver,18,12,6
Telder,sylvanas,1145,monk,mistweaver,24,12,12
Uncleheal,tarren-mill,1145,monk,mistweaver,24,12,12
Антошамв,gordunni,1145,monk,mistweaver,36,12,24
Nimander,burning-legion,1144,monk,mistweaver,24,12,12
Alphafist,argent-dawn,1144,monk,mistweaver,30,14,16
Tokkz,eredar,1143,monk,mistweaver,16,13,3
Madafis,twisting-nether,1143,monk,mistweaver,18,12,6
Shiftchenko,stormscale,1142,monk,mistweaver,42,24,18
Icantstopme,argent-dawn,1139,monk,mistweaver,18,12,6
Mythadeya,stormscale,1139,monk,mistweaver,30,12,18
Cicera,kazzak,1138,monk,mistweaver,30,12,18
Syyrø,silvermoon,1137,monk,mistweaver,36,12,24
Atenazadonte,sanguino,1136,monk,mistweaver,21,13,8
Валялекарь,gordunni,1135,monk,mistweaver,24,12,12
Fellatia,garrosh,1134,monk,mistweaver,36,24,12
Gantz,blackhand,1134,monk,mistweaver,72,28,44
Kyuumaa,ravencrest,1132,monk,mistweaver,26,13,13
Lubeï,kirin-tor,1131,monk,mistweaver,34,21,13
Hornissy,antonidas,1129,monk,mistweaver,35,22,13
Rag,burning-legion,1127,monk,mistweaver,42,14,28
Friartucker,bloodhoof,1126,monk,mistweaver,51,32,19
Vvårdenfell,hyjal,1126,monk,mistweaver,33,13,20
Mondrim,burning-legion,1123,monk,mistweaver,145,63,82
Dipdop,blackhand,1120,monk,mistweaver,75,39,36
Nasaislying,grim-batol,1119,monk,mistweaver,34,14,20
Dharmå,norgannon,1118,monk,mistweaver,20,13,7
Jumper,xavius,1118,monk,mistweaver,24,12,12
Akiiro,aegwynn,1118,monk,mistweaver,36,15,21
Tsouli,twilights-hammer,1116,monk,mistweaver,24,12,12
Coliusz,bloodhoof,1116,monk,mistweaver,35,12,23
Октай,gordunni,1114,monk,mistweaver,28,19,9
Dankiron,darksorrow,1114,monk,mistweaver,42,13,29
Zøubida,draenor,1111,monk,mistweaver,24,12,12
Katse,eredar,1106,monk,mistweaver,62,29,33
Graffy,eonar,1101,monk,mistweaver,42,25,17
Ляосинь,deepholm,1099,monk,mistweaver,24,12,12
Carcasce,la-croisade-écarlate,1096,monk,mistweaver,38,22,16
Thrallergik,ysondre,1093,monk,mistweaver,24,15,9
Sinthorasas,blackrock,1093,monk,mistweaver,24,13,11
Brünó,kazzak,1089,monk,mistweaver,60,38,22
Sydras,silvermoon,1086,monk,mistweaver,200,97,103
Cudworth,silvermoon,1082,monk,mistweaver,24,17,7
Claudet,das-konsortium,1080,monk,mistweaver,64,27,37
Chun,arathor,1076,monk,mistweaver,50,24,26
Loctak,nathrezim,1075,monk,mistweaver,54,38,16
Enceladion,burning-legion,1073,monk,mistweaver,54,25,29
Bobbyknuckls,ravencrest,1064,monk,mistweaver,54,17,37
Äcé,sylvanas,1063,monk,mistweaver,31,12,19
Ninpou,blackrock,1060,monk,mistweaver,17,12,5
Marvboy,aegwynn,1056,monk,mistweaver,12,11,1
Кувырбек,howling-fjord,1056,monk,mistweaver,12,11,1
Gârdt,blackmoore,1056,monk,mistweaver,36,22,14
Vöyage,kazzak,1056,monk,mistweaver,18,11,7
Totemlygodx,alakir,1056,monk,mistweaver,18,11,7
Izuwumi,ragnaros,1056,monk,mistweaver,18,11,7
Traickomonk,eredar,1056,monk,mistweaver,18,11,7
Coalsack,outland,1056,monk,mistweaver,22,12,10
Darkmonkky,tarren-mill,1056,monk,mistweaver,24,11,13
Ffxivrefugee,argent-dawn,1056,monk,mistweaver,24,11,13
Clemoine,archimonde,1055,monk,mistweaver,18,11,7
Kakor,gorgonnash,1055,monk,mistweaver,18,11,7
Yèna,pozzo-delleternità,1055,monk,mistweaver,132,52,80
Jakethestake,twilights-hammer,1054,monk,mistweaver,12,11,1
Kispiszock,bloodscalp,1054,monk,mistweaver,18,11,7
Neehl,aegwynn,1054,monk,mistweaver,18,11,7
Hærleyquin,ravencrest,1054,monk,mistweaver,18,11,7
Psychømonk,antonidas,1053,monk,mistweaver,18,11,7
Shàká,stormscale,1052,monk,mistweaver,12,11,1
Rebeka,dun-modr,1052,monk,mistweaver,18,11,7
Pepesmacks,kazzak,1052,monk,mistweaver,18,11,7
Basthek,blackhand,1052,monk,mistweaver,30,11,19
Lambofmonkz,stormscale,1052,monk,mistweaver,36,11,25
Aebì,dalaran,1051,monk,mistweaver,18,11,7
Dachilla,gilneas,1051,monk,mistweaver,22,12,10
Asho,outland,1051,monk,mistweaver,24,11,13
Brewmâster,kazzak,1050,monk,mistweaver,24,11,13
Lefferubie,hyjal,1049,monk,mistweaver,24,11,13
Irìss,nerzhul,1048,monk,mistweaver,39,19,20
Fisticuffs,tarren-mill,1048,monk,mistweaver,24,11,13
Bukkits,argent-dawn,1048,monk,mistweaver,24,11,13
Ashulera,archimonde,1048,monk,mistweaver,30,11,19
Smitheal,outland,1047,monk,mistweaver,12,11,1
Mjaweaver,stormscale,1046,monk,mistweaver,62,23,39
Snack,mannoroth,1045,monk,mistweaver,18,11,7
Blinkër,sanguino,1044,monk,mistweaver,18,11,7
Hithxbye,stormscale,1044,monk,mistweaver,66,24,42
Birdymonk,boulderfist,1043,monk,mistweaver,61,36,25
Irphan,ravencrest,1042,monk,mistweaver,18,11,7
Gozgajr,twisting-nether,1039,monk,mistweaver,24,11,13
Ívó,ragnaros,1039,monk,mistweaver,24,11,13
Assfist,drakthul,1038,monk,mistweaver,93,51,42
Rumiñawi,ravencrest,1033,monk,mistweaver,30,11,19
Mcronald,blackhand,1031,monk,mistweaver,46,23,23
Chimonk,ravencrest,1030,monk,mistweaver,18,11,7
Dèathpunch,doomhammer,1025,monk,mistweaver,54,26,28
Légit,argent-dawn,1024,monk,mistweaver,18,11,7
Ugotcraned,tarren-mill,1019,monk,mistweaver,72,27,45
Zedruu,tarren-mill,1015,monk,mistweaver,24,12,12
Snitzla,drakthul,1010,monk,mistweaver,15,13,2
Shoshin,stormscale,1009,monk,mistweaver,66,37,29
Fuzzypunch,draenor,1009,monk,mistweaver,34,13,21
Bèfmoka,sargeras,1008,monk,mistweaver,194,95,99
Mwmkgodxz,archimonde,1007,monk,mistweaver,15,12,3
Nathaanel,argent-dawn,1007,monk,mistweaver,42,20,22
Ivnatorx,outland,1006,monk,mistweaver,17,11,6
Candypoppe,argent-dawn,1004,monk,mistweaver,52,27,25
Kameltreiba,antonidas,1004,monk,mistweaver,23,11,12
Апесиинка,gordunni,1002,monk,mistweaver,24,11,13
Zenchî,ysondre,1001,monk,mistweaver,22,13,9
Lucebree,nozdormu,999,monk,mistweaver,48,18,30
Kégman,silvermoon,992,monk,mistweaver,33,18,15
Tootenchamun,veklor,992,monk,mistweaver,84,33,51
Xladerzz,kazzak,991,monk,mistweaver,17,11,6
Pawfong,draenor,987,monk,mistweaver,24,12,12
Andim,frostwolf,986,monk,mistweaver,30,18,12
Wangho,magtheridon,986,monk,mistweaver,96,40,56
Heäléna,ragnaros,979,monk,mistweaver,21,15,6
Siouxxsie,thunderhorn,975,monk,mistweaver,72,20,52
Celestine,mugthol,966,monk,mistweaver,120,57,63
Keeba,kirin-tor,965,monk,mistweaver,185,89,96
Suchergebnis,tarren-mill,964,monk,mistweaver,66,23,43
Habmit,ravencrest,960,monk,mistweaver,12,10,2
Vadrigar,drakthul,960,monk,mistweaver,12,10,2
Dihsa,ragnaros,960,monk,mistweaver,12,10,2
Kz,culte-de-la-rive-noire,960,monk,mistweaver,12,10,2
Glaphan,the-maelstrom,960,monk,mistweaver,12,10,2
Sinnermonkk,outland,960,monk,mistweaver,18,10,8
Chisurgeon,outland,960,monk,mistweaver,18,10,8
Deore,kazzak,960,monk,mistweaver,18,10,8
Xoleck,aegwynn,960,monk,mistweaver,24,10,14
Citamonk,blackmoore,959,monk,mistweaver,12,10,2
Garuda,darkspear,959,monk,mistweaver,12,10,2
Sioumoo,malganis,959,monk,mistweaver,16,11,5
Mâjô,blackhand,959,monk,mistweaver,18,10,8
Såvonnette,ysondre,959,monk,mistweaver,18,10,8
Energyqt,twisting-nether,959,monk,mistweaver,18,10,8
Chexmonk,silvermoon,959,monk,mistweaver,18,10,8
Mahøni,malganis,959,monk,mistweaver,18,10,8
Valdaras,runetotem,959,monk,mistweaver,18,10,8
Xadoqt,aegwynn,959,monk,mistweaver,18,10,8
Shishasho,stormreaver,959,monk,mistweaver,21,11,10
Stanimirov,outland,959,monk,mistweaver,24,10,14
Ðéliora,la-croisade-écarlate,959,monk,mistweaver,30,10,20
Mynokxu,blackmoore,958,monk,mistweaver,12,10,2
Zappikmonk,silvermoon,958,monk,mistweaver,12,10,2
Fettakules,eredar,958,monk,mistweaver,18,10,8
Yuyuni,laughing-skull,958,monk,mistweaver,18,10,8
Уиннии,soulflayer,958,monk,mistweaver,18,10,8
Паклюха,howling-fjord,958,monk,mistweaver,18,10,8
Búns,draenor,958,monk,mistweaver,18,10,8
Kanajambe,twisting-nether,957,monk,mistweaver,12,10,2
Rollsamdi,tarren-mill,957,monk,mistweaver,18,10,8
Garcon,tarren-mill,957,monk,mistweaver,18,10,8
Folfimo,silvermoon,957,monk,mistweaver,18,10,8
Imamonk,tarren-mill,957,monk,mistweaver,24,10,14
Gumar,antonidas,956,monk,mistweaver,18,10,8
Rheinair,antonidas,956,monk,mistweaver,24,10,14
Lobnx,kazzak,955,monk,mistweaver,18,10,8
Bruceliam,emerald-dream,955,monk,mistweaver,24,10,14
Latsu,silvermoon,955,monk,mistweaver,24,10,14
Ossifist,blackhand,955,monk,mistweaver,24,10,14
Bottomoré,silvermoon,955,monk,mistweaver,71,24,47
Йомо,borean-tundra,954,monk,mistweaver,30,10,20
Jimbearend,argent-dawn,952,monk,mistweaver,18,10,8
Garmuth,tarren-mill,952,monk,mistweaver,20,10,10
Pämella,alleria,951,monk,mistweaver,12,10,2
Tojokirumi,dalaran,951,monk,mistweaver,12,10,2
Dennó,mannoroth,951,monk,mistweaver,18,10,8
Monkyd,stormscale,950,monk,mistweaver,18,10,8
Gammelbruno,azshara,942,monk,mistweaver,18,10,8
Serylliah,aegwynn,942,monk,mistweaver,24,10,14
Røär,khaz-modan,934,monk,mistweaver,12,10,2
Ariä,marécage-de-zangar,930,monk,mistweaver,24,13,11
Liathina,sylvanas,928,monk,mistweaver,25,10,15
Mugn,sanguino,927,monk,mistweaver,14,11,3
Шадялинь,howling-fjord,920,monk,mistweaver,23,10,13
Ronanze,silvermoon,918,monk,mistweaver,60,30,30
Blackeyé,malganis,914,monk,mistweaver,47,25,22
Dícxi,ravencrest,910,monk,mistweaver,17,10,7
Yøøps,dalaran,908,monk,mistweaver,27,13,14
Leafsoup,argent-dawn,906,monk,mistweaver,84,41,43
Rsk,antonidas,905,monk,mistweaver,22,12,10
Indris,dun-modr,895,monk,mistweaver,17,10,7
Мишапяточка,howling-fjord,890,monk,mistweaver,12,11,1
Mislaw,silvermoon,886,monk,mistweaver,21,11,10
Rokux,kazzak,880,monk,mistweaver,19,10,9
Тиктокмонк,gordunni,877,monk,mistweaver,20,11,9
Greez,tarren-mill,869,monk,mistweaver,22,10,12
Sanchios,twisting-nether,864,monk,mistweaver,12,9,3
Turbobär,blackrock,864,monk,mistweaver,12,9,3
Remyhadley,dun-modr,864,monk,mistweaver,12,9,3
Fistpunk,kazzak,864,monk,mistweaver,12,9,3
Iixil,sylvanas,864,monk,mistweaver,12,9,3
Tidemist,argent-dawn,864,monk,mistweaver,12,9,3
Nesedondondn,stormscale,864,monk,mistweaver,12,9,3
Fredmonk,stormscale,864,monk,mistweaver,18,9,9
Miists,kazzak,864,monk,mistweaver,18,9,9
Kaguræ,hyjal,864,monk,mistweaver,18,9,9
Jiest,outland,864,monk,mistweaver,18,9,9
Zóma,ragnaros,864,monk,mistweaver,18,9,9
Monkasape,nemesis,864,monk,mistweaver,18,9,9
Balia,blackrock,864,monk,mistweaver,24,9,15
Flowey,uldum,864,monk,mistweaver,24,9,15
Pô,sanguino,863,monk,mistweaver,12,9,3
Spinalot,eredar,863,monk,mistweaver,12,9,3
Backseatgmr,ravencrest,863,monk,mistweaver,12,9,3
Desmî,ravencrest,863,monk,mistweaver,12,9,3
Mistwave,eredar,863,monk,mistweaver,12,9,3
Arlot,blackmoore,863,monk,mistweaver,12,9,3
Malfius,shadowsong,863,monk,mistweaver,12,9,3
Shabaz,draenor,863,monk,mistweaver,12,9,3
Kungfox,frostwolf,863,monk,mistweaver,18,9,9
Torinia,madmortem,863,monk,mistweaver,18,9,9
Nowhaazzer,dun-modr,863,monk,mistweaver,18,9,9
Phébz,archimonde,863,monk,mistweaver,18,9,9
Kyleestrutt,stormscale,863,monk,mistweaver,18,9,9
Hoppinxd,burning-blade,863,monk,mistweaver,18,9,9
Kattlåda,darkspear,863,monk,mistweaver,18,9,9
Rminto,twisting-nether,863,monk,mistweaver,24,9,15
Niborc,doomhammer,862,monk,mistweaver,12,9,3
Beerbringer,kazzak,862,monk,mistweaver,12,9,3
Missfist,stormscale,862,monk,mistweaver,12,9,3
Monkjakt,draenor,862,monk,mistweaver,18,9,9
Konexzx,blackmoore,861,monk,mistweaver,12,9,3
Puñolou,sanguino,861,monk,mistweaver,12,9,3
Mwsama,stormscale,861,monk,mistweaver,12,9,3
Koldar,grim-batol,861,monk,mistweaver,17,12,5
Миамита,eversong,858,monk,mistweaver,18,9,9
Mistréss,silvermoon,858,monk,mistweaver,18,9,9
Herdom,blackmoore,856,monk,mistweaver,12,9,3
Blackmonk,chromaggus,852,monk,mistweaver,18,9,9
Pafia,sargeras,852,monk,mistweaver,25,12,13
Liwong,antonidas,850,monk,mistweaver,12,9,3
Geckazz,kazzak,847,monk,mistweaver,12,9,3
Wûcm,silvermoon,846,monk,mistweaver,17,9,8
Changzu,sanguino,837,monk,mistweaver,42,17,25
ßæutiful,silvermoon,835,monk,mistweaver,30,13,17
Fréýáá,blackrock,827,monk,mistweaver,18,9,9
Tèam,defias-brotherhood,810,monk,mistweaver,15,9,6
Nouraxo,kazzak,809,monk,mistweaver,22,10,12
Xalyà,archimonde,803,monk,mistweaver,18,12,6
Extaszeh,turalyon,802,monk,mistweaver,17,11,6
Zerochi,kazzak,796,monk,mistweaver,19,10,9
Jînex,shattrath,784,monk,mistweaver,13,9,4
Adrianchase,ravencrest,768,monk,mistweaver,12,8,4
Гуппер,howling-fjord,768,monk,mistweaver,12,8,4
Ikuyaa,ravencrest,768,monk,mistweaver,12,8,4
Zødiac,quelthalas,768,monk,mistweaver,12,8,4
Jlo,stormscale,768,monk,mistweaver,12,8,4
Mialena,eredar,768,monk,mistweaver,12,8,4
Reivil,kazzak,768,monk,mistweaver,12,8,4
Kragor,eredar,768,monk,mistweaver,12,8,4
Fckisrael,archimonde,768,monk,mistweaver,12,8,4
Hurjat,stormreaver,768,monk,mistweaver,12,8,4
Mvm,outland,768,monk,mistweaver,12,8,4
Kradder,nordrassil,768,monk,mistweaver,12,8,4
Mástermônkèy,tarren-mill,768,monk,mistweaver,12,8,4
Бэккс,howling-fjord,768,monk,mistweaver,12,8,4
Cattleyah,ysondre,768,monk,mistweaver,12,8,4
Wisebeb,les-clairvoyants,768,monk,mistweaver,12,8,4
Brutamonk,blackmoore,768,monk,mistweaver,12,8,4
Xoonaki,turalyon,768,monk,mistweaver,12,8,4
Savvuzzino,nemesis,768,monk,mistweaver,12,8,4
Shyrea,nazjatar,768,monk,mistweaver,12,8,4
Miamalkøva,nemesis,768,monk,mistweaver,12,8,4
Lxstcxntury,stormscale,768,monk,mistweaver,18,8,10
Träskolasse,tarren-mill,768,monk,mistweaver,18,8,10
Nillebpgodx,kazzak,768,monk,mistweaver,18,8,10
Orki,ragnaros,768,monk,mistweaver,18,8,10
Adamlól,tarren-mill,768,monk,mistweaver,18,8,10
Eldaras,tarren-mill,768,monk,mistweaver,18,8,10
Tøxicweaver,kazzak,768,monk,mistweaver,18,8,10
Ronkingkong,ravencrest,768,monk,mistweaver,18,8,10
Truelo,eredar,767,monk,mistweaver,12,8,4
Hvdo,silvermoon,767,monk,mistweaver,12,8,4
Maigraith,malganis,767,monk,mistweaver,12,8,4
Россиянин,thermaplugg,767,monk,mistweaver,12,8,4
Adzk,tarren-mill,767,monk,mistweaver,12,8,4
Xerzulo,silvermoon,767,monk,mistweaver,12,8,4
Lin,nathrezim,767,monk,mistweaver,12,8,4
Souhei,drakthul,767,monk,mistweaver,12,8,4
Мистхоррор,gordunni,767,monk,mistweaver,12,8,4
Draxed,kazzak,767,monk,mistweaver,12,8,4
Lerouxx,archimonde,767,monk,mistweaver,18,8,10
Gízmö,tarren-mill,767,monk,mistweaver,18,8,10
Nexyyfist,kazzak,767,monk,mistweaver,18,8,10
Æbscourgê,azjolnerub,767,monk,mistweaver,18,8,10
Qî,ravencrest,767,monk,mistweaver,24,8,16
Lilithrevan,frostmourne,766,monk,mistweaver,12,8,4
Cocoonkappa,dun-modr,766,monk,mistweaver,12,8,4
Riip,ysondre,766,monk,mistweaver,12,8,4
Sinzy,dentarg,766,monk,mistweaver,12,8,4
Nulojeu,archimonde,766,monk,mistweaver,12,8,4
Aznreznzfdqs,grim-batol,766,monk,mistweaver,12,8,4
Nela,sanguino,766,monk,mistweaver,18,8,10
Astolfochan,silvermoon,766,monk,mistweaver,18,8,10
Gakunie,blackhand,766,monk,mistweaver,18,8,10
Galaxumi,ragnaros,766,monk,mistweaver,18,8,10
Hersmonk,drakthul,765,monk,mistweaver,12,8,4
Kegbrew,kazzak,765,monk,mistweaver,12,8,4
Хромдар,gordunni,765,monk,mistweaver,15,9,6
Каземат,booty-bay,765,monk,mistweaver,18,8,10
Lûxz,ragnaros,765,monk,mistweaver,18,8,10
Lilniccí,blackrock,764,monk,mistweaver,12,8,4
Lumpiiná,antonidas,764,monk,mistweaver,18,8,10
Saintmoon,drakthul,762,monk,mistweaver,18,8,10
Pussochkram,ravencrest,761,monk,mistweaver,12,8,4
Pekinn,sanguino,761,monk,mistweaver,18,8,10
Kieteltje,sylvanas,760,monk,mistweaver,12,8,4
Skrøn,kult-der-verdammten,760,monk,mistweaver,12,8,4
Karmasfist,ravencrest,760,monk,mistweaver,12,8,4
Сукавкимоно,soulflayer,758,monk,mistweaver,18,8,10
Jsuispasheal,dalaran,735,monk,mistweaver,18,8,10
Fetchd,blackmoore,733,monk,mistweaver,16,8,8
Dinxfar,draenor,732,monk,mistweaver,14,9,5
ßam,ravencrest,726,monk,mistweaver,23,8,15
Moreløs,stormscale,710,monk,mistweaver,24,10,14
Hidekami,archimonde,702,monk,mistweaver,22,8,14
Merçury,dun-morogh,672,monk,mistweaver,12,7,5
Yoogychi,ravencrest,672,monk,mistweaver,12,7,5
Astarrserran,drakthul,672,monk,mistweaver,12,7,5
Longpeng,ysera,672,monk,mistweaver,12,7,5
Fshn,sylvanas,672,monk,mistweaver,12,7,5
Prismaticx,ravencrest,672,monk,mistweaver,12,7,5
Mjoo,blackrock,672,monk,mistweaver,12,7,5
Monkamonk,blutkessel,672,monk,mistweaver,12,7,5
Lamasauce,ravencrest,672,monk,mistweaver,12,7,5
Tøwtc,outland,672,monk,mistweaver,12,7,5
Фистингкоуч,gordunni,672,monk,mistweaver,12,7,5
Podrugabomja,outland,672,monk,mistweaver,12,7,5
Sèrafin,burning-legion,672,monk,mistweaver,12,7,5
Busfâhrer,antonidas,672,monk,mistweaver,12,7,5
Tedels,kazzak,672,monk,mistweaver,12,7,5
Kbwser,silvermoon,672,monk,mistweaver,12,7,5
Wåñmëíßãøx,sylvanas,672,monk,mistweaver,12,7,5
Pabloboy,kazzak,672,monk,mistweaver,12,7,5
Yulon,blackrock,672,monk,mistweaver,12,7,5
Monkel,frostwolf,672,monk,mistweaver,12,7,5
Fugmonk,ravencrest,672,monk,mistweaver,12,7,5
Bekachu,ragnaros,672,monk,mistweaver,12,7,5
Фешнмонк,soulflayer,672,monk,mistweaver,12,7,5
Irønmaxx,die-aldor,672,monk,mistweaver,12,7,5
Demmonkz,stormreaver,672,monk,mistweaver,12,7,5
Flexify,outland,672,monk,mistweaver,12,7,5
Hessuzen,stormreaver,672,monk,mistweaver,12,7,5
Frajer,auchindoun,672,monk,mistweaver,12,7,5
Exbuddhist,outland,672,monk,mistweaver,12,7,5
Soulcháos,ravencrest,672,monk,mistweaver,12,7,5
Bjj,blackrock,672,monk,mistweaver,12,7,5
Вхукьютиикс,howling-fjord,672,monk,mistweaver,13,7,6
Péppy,aegwynn,672,monk,mistweaver,16,8,8
Bâsarä,archimonde,672,monk,mistweaver,18,7,11
Dråf,ysondre,672,monk,mistweaver,18,7,11
Lazyslooth,ravencrest,672,monk,mistweaver,18,7,11
Scz,draenor,672,monk,mistweaver,18,7,11
Atómic,eredar,672,monk,mistweaver,18,7,11
Abdulhealer,stormscale,672,monk,mistweaver,18,7,11
Boîndíl,malfurion,672,monk,mistweaver,18,7,11
Exru,draenor,672,monk,mistweaver,18,7,11
Fistweavingg,tarren-mill,672,monk,mistweaver,18,7,11
Madraven,ravencrest,672,monk,mistweaver,24,7,17
Jagermonk,doomhammer,671,monk,mistweaver,12,7,5
Кисеч,soulflayer,671,monk,mistweaver,12,7,5
Conguitø,colinas-pardas,671,monk,mistweaver,12,7,5
Agodx,sanguino,671,monk,mistweaver,12,7,5
Hugemuffin,the-maelstrom,671,monk,mistweaver,12,7,5
Chigee,kazzak,671,monk,mistweaver,12,7,5
Xanadoll,outland,671,monk,mistweaver,12,7,5
Shoryugrops,chants-éternels,671,monk,mistweaver,12,7,5
Anadia,blackrock,671,monk,mistweaver,12,7,5
Åshêrs,stormscale,671,monk,mistweaver,12,7,5
Mitchell,sylvanas,671,monk,mistweaver,12,7,5
Fonk,blades-edge,671,monk,mistweaver,12,7,5
Ogpandapo,stormscale,671,monk,mistweaver,12,7,5
Wudao,anubarak,671,monk,mistweaver,12,7,5
Алунам,soulflayer,671,monk,mistweaver,18,7,11
Lazuros,auchindoun,671,monk,mistweaver,18,7,11
Hittokick,draenor,671,monk,mistweaver,18,7,11
Joübar,archimonde,670,monk,mistweaver,12,7,5
Zendyy,argent-dawn,670,monk,mistweaver,12,7,5
Ytonie,gorgonnash,670,monk,mistweaver,12,7,5
Аверлорд,fordragon,670,monk,mistweaver,12,7,5
Healmeup,anetheron,670,monk,mistweaver,12,7,5
Monkinamight,turalyon,670,monk,mistweaver,12,7,5
Bréwsléé,ragnaros,670,monk,mistweaver,12,7,5
Rhuru,argent-dawn,670,monk,mistweaver,14,7,7
Zywoo,emerald-dream,668,monk,mistweaver,18,7,11
Chenpô,gorgonnash,667,monk,mistweaver,12,7,5
Houzagackel,blackrock,667,monk,mistweaver,30,7,23
Ryanshazier,eredar,666,monk,mistweaver,12,7,5
Wuchanglan,blackmoore,665,monk,mistweaver,18,7,11
Senseithai,trollbane,665,monk,mistweaver,18,7,11
Cheriedevile,drakthul,665,monk,mistweaver,24,7,17
Pandadoum,ysondre,663,monk,mistweaver,12,7,5
Shmidi,antonidas,658,monk,mistweaver,18,7,11
Mistyheals,nagrand,647,monk,mistweaver,18,7,11
Fistarfrans,sylvanas,639,monk,mistweaver,8,8,0
Lylaei,argent-dawn,639,monk,mistweaver,17,7,10
Klischi,taerar,639,monk,mistweaver,17,7,10
Shapumvilla,alonsus,637,monk,mistweaver,8,8,0
Randomxbrew,draenor,624,monk,mistweaver,9,8,1
Vatsmijter,silvermoon,623,monk,mistweaver,11,7,4
Pikajeww,kazzak,621,monk,mistweaver,11,7,4
Tanyà,hyjal,617,monk,mistweaver,12,8,4
Ronocs,turalyon,606,monk,mistweaver,14,7,7
Althéia,dalaran,576,monk,mistweaver,6,6,0
Флориусс,soulflayer,576,monk,mistweaver,6,6,0
Zxcursèd,tarren-mill,576,monk,mistweaver,6,6,0
Mowì,stormscale,576,monk,mistweaver,6,6,0
Chìless,shadowsong,576,monk,mistweaver,6,6,0
Barbielølz,archimonde,576,monk,mistweaver,6,6,0
Redundänt,kazzak,576,monk,mistweaver,6,6,0
Djalexmw,kazzak,576,monk,mistweaver,6,6,0
Leashed,blackmoore,576,monk,mistweaver,12,6,6
Yez,azjolnerub,576,monk,mistweaver,12,6,6
Pivomamrad,drakthul,576,monk,mistweaver,12,6,6
Gruslinovica,archimonde,576,monk,mistweaver,12,6,6
Annoyingtwo,archimonde,576,monk,mistweaver,12,6,6
Ryac,defias-brotherhood,576,monk,mistweaver,12,6,6
Миражмонк,howling-fjord,576,monk,mistweaver,12,6,6
Mørbradgryde,silvermoon,576,monk,mistweaver,12,6,6
Vedak,stormreaver,576,monk,mistweaver,12,6,6
Tiddor,burning-legion,576,monk,mistweaver,12,6,6
Åmba,blackrock,576,monk,mistweaver,12,6,6
Insanepace,blackmoore,576,monk,mistweaver,12,6,6
Garfunkel,emeriss,576,monk,mistweaver,12,6,6
Sinensi,conseil-des-ombres,576,monk,mistweaver,12,6,6
Potkuri,stormreaver,576,monk,mistweaver,12,6,6
Bigkim,khadgar,576,monk,mistweaver,12,6,6
Oiorie,twisting-nether,576,monk,mistweaver,12,6,6
Найтчерри,deathguard,576,monk,mistweaver,12,6,6
Monjonagger,tyrande,576,monk,mistweaver,12,6,6
Aritisi,tarren-mill,576,monk,mistweaver,12,6,6
Кончеглаз,soulflayer,576,monk,mistweaver,12,6,6
Mozzi,frostmane,576,monk,mistweaver,12,6,6
Amzu,kazzak,576,monk,mistweaver,12,6,6
Icecoldbrew,outland,576,monk,mistweaver,12,6,6
Vàlky,outland,576,monk,mistweaver,12,6,6
Rashtamonk,blackmoore,576,monk,mistweaver,12,6,6
Gosphhell,archimonde,576,monk,mistweaver,12,6,6
Iliketofist,ravencrest,576,monk,mistweaver,12,6,6
Faki,eredar,576,monk,mistweaver,12,6,6
Deepênd,antonidas,576,monk,mistweaver,12,6,6
Shàllýn,antonidas,576,monk,mistweaver,12,6,6
Goamix,ravencrest,576,monk,mistweaver,12,6,6
Zabjudah,stormscale,576,monk,mistweaver,12,6,6
Doll,stormscale,576,monk,mistweaver,12,6,6
Коумана,gordunni,576,monk,mistweaver,15,7,8
Modequillo,blackmoore,576,monk,mistweaver,18,6,12
Монкмяу,howling-fjord,576,monk,mistweaver,18,6,12
Renegatt,twisting-nether,576,monk,mistweaver,18,6,12
Ayanaami,pozzo-delleternità,576,monk,mistweaver,18,6,12
Торен,soulflayer,576,monk,mistweaver,18,6,12
Itsthemonkky,tarren-mill,576,monk,mistweaver,24,6,18
Heyami,ravencrest,576,monk,mistweaver,24,6,18
Fraideberoa,ravencrest,575,monk,mistweaver,6,6,0
Badonna,burning-legion,575,monk,mistweaver,12,6,6
Druni,archimonde,575,monk,mistweaver,12,6,6
Vexzen,tarren-mill,575,monk,mistweaver,12,6,6
Drlyn,blackmoore,575,monk,mistweaver,12,6,6
Фериго,gordunni,575,monk,mistweaver,12,6,6
Tily,stormreaver,575,monk,mistweaver,12,6,6
Bbigttgothgf,doomhammer,575,monk,mistweaver,12,6,6
Khakk,elune,575,monk,mistweaver,12,6,6
Thymesurge,ravencrest,575,monk,mistweaver,12,6,6
Shenyen,silvermoon,575,monk,mistweaver,12,6,6
Samie,ravencrest,575,monk,mistweaver,12,6,6
Drír,archimonde,575,monk,mistweaver,12,6,6
Toweliè,thrall,575,monk,mistweaver,12,6,6
Rakowo,arthas,575,monk,mistweaver,12,6,6
Eldunári,sanguino,575,monk,mistweaver,12,6,6
Тэсси,blackscar,575,monk,mistweaver,12,6,6
Ðoom,sylvanas,575,monk,mistweaver,12,6,6
Kushinaa,teldrassil,575,monk,mistweaver,12,6,6
Skonk,frostmane,575,monk,mistweaver,12,6,6
Mulana,sanguino,575,monk,mistweaver,18,6,12
Latify,todeswache,575,monk,mistweaver,18,6,12
Painswîft,blackhand,575,monk,mistweaver,18,6,12
Dotheas,argent-dawn,574,monk,mistweaver,12,6,6
Othalain,silvermoon,574,monk,mistweaver,12,6,6
Irishdëmon,ravencrest,574,monk,mistweaver,16,6,10
Jackamonk,kazzak,574,monk,mistweaver,18,6,12
Ghninscare,blackmoore,560,monk,mistweaver,13,8,5
Ndaula,drakthul,543,monk,mistweaver,14,7,7
Psychö,zuljin,538,monk,mistweaver,17,6,11
Gingerbrew,hyjal,528,monk,mistweaver,9,7,2
Lidalol,silvermoon,527,monk,mistweaver,9,7,2
Trymax,blackmoore,522,monk,mistweaver,17,7,10
Leïsha,ysondre,522,monk,mistweaver,18,7,11
Plií,frostwolf,512,monk,mistweaver,16,6,10
Годъяр,gordunni,510,monk,mistweaver,14,6,8
Tarzaki,hyjal,494,monk,mistweaver,13,6,7
Veladana,chamber-of-aspects,480,monk,mistweaver,6,5,1
Stromon,silvermoon,480,monk,mistweaver,6,5,1
Флориус,soulflayer,480,monk,mistweaver,6,5,1
Павнмонкх,gordunni,480,monk,mistweaver,6,5,1
Notgherit,nemesis,480,monk,mistweaver,6,5,1
Подорожнник,gordunni,480,monk,mistweaver,6,5,1
Plancton,kazzak,480,monk,mistweaver,6,5,1
Sio,dentarg,480,monk,mistweaver,6,5,1
Nxmonk,sylvanas,480,monk,mistweaver,6,5,1
Такиера,gordunni,480,monk,mistweaver,6,5,1
Clydemonk,outland,480,monk,mistweaver,6,5,1
Gaalon,ravencrest,480,monk,mistweaver,6,5,1
Muix,draenor,480,monk,mistweaver,6,5,1
Ørcqt,tarren-mill,480,monk,mistweaver,6,5,1
Xkäz,archimonde,480,monk,mistweaver,6,5,1
Sloopkogel,tarren-mill,480,monk,mistweaver,6,5,1
Kaowar,nerzhul,480,monk,mistweaver,6,5,1
Dukhi,kazzak,480,monk,mistweaver,6,5,1
Zarona,outland,480,monk,mistweaver,6,5,1
Kookmin,doomhammer,480,monk,mistweaver,6,5,1
Drylezm,twisting-nether,480,monk,mistweaver,6,5,1
Watschensepp,arthas,480,monk,mistweaver,6,5,1
Tîptap,blackrock,480,monk,mistweaver,12,5,7
Andelicek,burning-blade,480,monk,mistweaver,12,5,7
Teninchwilly,outland,480,monk,mistweaver,12,5,7
Lunì,nathrezim,480,monk,mistweaver,12,5,7
Miquella,scarshield-legion,480,monk,mistweaver,12,5,7
Порвуседло,soulflayer,480,monk,mistweaver,12,5,7
Siezlebabo,blackrock,480,monk,mistweaver,12,5,7
Ðrçleañ,stormreaver,480,monk,mistweaver,12,5,7
Erandja,silvermoon,480,monk,mistweaver,12,5,7
Jacm,blackhand,480,monk,mistweaver,12,5,7
Jodeen,shadowsong,480,monk,mistweaver,12,5,7
Kandislee,ravencrest,480,monk,mistweaver,12,5,7
Gemil,argent-dawn,480,monk,mistweaver,12,5,7
Místborn,ravencrest,480,monk,mistweaver,12,5,7
Hon,sanguino,480,monk,mistweaver,12,5,7
Тайви,deepholm,480,monk,mistweaver,12,5,7
Minervaez,grim-batol,480,monk,mistweaver,12,5,7
Jeanmartin,hyjal,480,monk,mistweaver,12,5,7
Bearmw,draenor,480,monk,mistweaver,12,5,7
Mickjabber,aegwynn,480,monk,mistweaver,12,5,7
Hoibglotzn,antonidas,480,monk,mistweaver,12,5,7
Machó,kazzak,480,monk,mistweaver,12,5,7
Bountyño,dun-modr,480,monk,mistweaver,12,5,7
Diabolùs,blackmoore,480,monk,mistweaver,18,5,13
Drumonk,kelthuzad,480,monk,mistweaver,18,5,13
Risomonk,blackrock,480,monk,mistweaver,18,5,13
Whytoosxy,silvermoon,480,monk,mistweaver,18,5,13
Копытька,gordunni,480,monk,mistweaver,18,5,13
Wkiller,outland,480,monk,mistweaver,18,5,13
Kakos,eldrethalas,479,monk,mistweaver,6,5,1
Slý,archimonde,479,monk,mistweaver,6,5,1
Proxxona,eredar,479,monk,mistweaver,6,5,1
Bovinebuddha,stormscale,479,monk,mistweaver,12,5,7
Durand,blackhand,479,monk,mistweaver,12,5,7
Яутжа,soulflayer,479,monk,mistweaver,12,5,7
Wotaner,eredar,479,monk,mistweaver,12,5,7
Sotqyy,stormscale,479,monk,mistweaver,12,5,7
Luigimonk,dun-modr,479,monk,mistweaver,12,5,7
Loma,drakthul,479,monk,mistweaver,12,5,7
Дарума,grom,479,monk,mistweaver,12,5,7
Добраядушка,gordunni,479,monk,mistweaver,18,5,13
Knotze,eredar,479,monk,mistweaver,18,5,13
Løkî,culte-de-la-rive-noire,479,monk,mistweaver,24,5,19
Toaborsten,tarren-mill,478,monk,mistweaver,6,5,1
Shontal,ravencrest,478,monk,mistweaver,12,5,7
Wînk,amanthul,478,monk,mistweaver,12,5,7
Брэйки,lich-king,478,monk,mistweaver,18,5,13
Brizs,outland,476,monk,mistweaver,12,5,7
Leffe,thunderhorn,476,monk,mistweaver,12,5,7
Drugarix,uldaman,475,monk,mistweaver,12,5,7
Chucknorrís,kilrogg,474,monk,mistweaver,18,7,11
Filomenata,rexxar,469,monk,mistweaver,19,5,14
Zinzyo,aegwynn,447,monk,mistweaver,11,5,6
Pìmpìnelle,garona,432,monk,mistweaver,9,6,3
Mku,kazzak,432,monk,mistweaver,9,6,3
Ygêrne,archimonde,426,monk,mistweaver,15,6,9
Dræk,twisting-nether,426,monk,mistweaver,19,6,13
Lévanà,antonidas,415,monk,mistweaver,8,5,3
Sudoku,thrall,415,monk,mistweaver,14,5,9
Леобтв,soulflayer,384,monk,mistweaver,6,4,2
Jifun,kazzak,384,monk,mistweaver,6,4,2
Эрумонк,gordunni,384,monk,mistweaver,6,4,2
Олежатоксик,gordunni,384,monk,mistweaver,6,4,2
Missislee,aegwynn,384,monk,mistweaver,6,4,2
Ibsmonk,outland,384,monk,mistweaver,6,4,2
Dath,outland,384,monk,mistweaver,6,4,2
Дядямаготика,deathguard,384,monk,mistweaver,6,4,2
Xloxloxloxy,outland,384,monk,mistweaver,6,4,2
Spánkproóf,kazzak,384,monk,mistweaver,6,4,2
Fakestrxx,aegwynn,384,monk,mistweaver,6,4,2
Trancendent,silvermoon,384,monk,mistweaver,6,4,2
Nêrfmeta,kazzak,384,monk,mistweaver,6,4,2
Bréwmáster,silvermoon,384,monk,mistweaver,6,4,2
Podekouil,ysondre,384,monk,mistweaver,6,4,2
Foaqer,aegwynn,384,monk,mistweaver,6,4,2
Elasha,archimonde,384,monk,mistweaver,6,4,2
Pinkstar,kazzak,384,monk,mistweaver,6,4,2
Shenexo,kazzak,384,monk,mistweaver,6,4,2
Camlen,draenor,384,monk,mistweaver,6,4,2
Муррчалкин,howling-fjord,384,monk,mistweaver,6,4,2
Punkfukanda,drakthul,384,monk,mistweaver,6,4,2
Mistfeeder,burning-blade,384,monk,mistweaver,6,4,2
Mentonk,frostwolf,384,monk,mistweaver,6,4,2
Jemijedno,drakthul,384,monk,mistweaver,6,4,2
Meineaugen,blackhand,384,monk,mistweaver,6,4,2
Slokwerk,dentarg,384,monk,mistweaver,6,4,2
Starside,tarren-mill,384,monk,mistweaver,6,4,2
Bratana,dun-morogh,384,monk,mistweaver,6,4,2
Plånck,archimonde,384,monk,mistweaver,6,4,2
Ennamoly,blackmoore,384,monk,mistweaver,6,4,2
Monkersquad,doomhammer,384,monk,mistweaver,6,4,2
Bhrag,die-aldor,384,monk,mistweaver,6,4,2
Alomonk,archimonde,384,monk,mistweaver,6,4,2
Roudious,arathi,384,monk,mistweaver,6,4,2
Yepp,blackmoore,384,monk,mistweaver,6,4,2
Xevol,burning-legion,384,monk,mistweaver,6,4,2
Харуказэ,howling-fjord,384,monk,mistweaver,6,4,2
Mônkykong,ravencrest,384,monk,mistweaver,6,4,2
Naìsh,arygos,384,monk,mistweaver,6,4,2
Cocacolazeró,draenor,384,monk,mistweaver,6,4,2
Peaceweaver,ravencrest,384,monk,mistweaver,6,4,2
Kazéshini,doomhammer,384,monk,mistweaver,6,4,2
Bigflex,conseil-des-ombres,384,monk,mistweaver,6,4,2
Highline,draenor,384,monk,mistweaver,6,4,2
Claww,blackrock,384,monk,mistweaver,6,4,2
Req,darksorrow,384,monk,mistweaver,6,4,2
Dexcore,draenor,384,monk,mistweaver,6,4,2
Escopetin,los-errantes,384,monk,mistweaver,6,4,2
Caipha,ravencrest,384,monk,mistweaver,6,4,2
Gangichi,blackhand,384,monk,mistweaver,9,5,4
Subzxftw,archimonde,384,monk,mistweaver,12,4,8
Bruceli,darkmoon-faire,384,monk,mistweaver,12,4,8
Bûl,blackmoore,384,monk,mistweaver,12,4,8
Dromarch,dun-modr,384,monk,mistweaver,12,4,8
Тсайм,howling-fjord,384,monk,mistweaver,12,4,8
Woofi,tarren-mill,384,monk,mistweaver,12,4,8
Kswis,outland,384,monk,mistweaver,12,4,8
Слишкомхорош,howling-fjord,384,monk,mistweaver,12,4,8
Nebelwandler,blackhand,384,monk,mistweaver,12,4,8
Карманедаун,howling-fjord,384,monk,mistweaver,12,4,8
Suhnukka,stormscale,384,monk,mistweaver,12,4,8
Päätöksiä,defias-brotherhood,384,monk,mistweaver,12,4,8
Eth,nagrand,384,monk,mistweaver,12,4,8
Monkmonkesen,stormscale,384,monk,mistweaver,12,4,8
Audaz,dun-modr,384,monk,mistweaver,12,4,8
Pikkupotkuri,stormreaver,384,monk,mistweaver,12,4,8
Bakersdozen,tarren-mill,384,monk,mistweaver,12,4,8
Invsionrush,crushridge,384,monk,mistweaver,12,4,8
Skelmir,dragonblight,384,monk,mistweaver,12,4,8
Craneovic,kult-der-verdammten,384,monk,mistweaver,12,4,8
Betelgeuse,jaedenar,384,monk,mistweaver,18,4,14
Supwithat,kazzak,383,monk,mistweaver,6,4,2
Goldenquinn,sylvanas,383,monk,mistweaver,6,4,2
Níki,earthen-ring,383,monk,mistweaver,6,4,2
Vzan,kazzak,383,monk,mistweaver,6,4,2
Wrathing,tarren-mill,383,monk,mistweaver,6,4,2
Korrok,sanguino,383,monk,mistweaver,12,4,8
Doneithné,stormscale,383,monk,mistweaver,12,4,8
Gnomebrew,ravencrest,383,monk,mistweaver,12,4,8
Eucalyptuz,draenor,383,monk,mistweaver,12,4,8
Velicko,ravencrest,383,monk,mistweaver,12,4,8
Xentimus,kazzak,383,monk,mistweaver,12,4,8
Fkflying,defias-brotherhood,381,monk,mistweaver,12,4,8
Geeberz,twisting-nether,380,monk,mistweaver,12,4,8
Hullumunkki,blackmoore,352,monk,mistweaver,10,4,6
Matrim,arathor,351,monk,mistweaver,8,5,3
Chiá,tarren-mill,351,monk,mistweaver,11,4,7
Masimonk,blackrock,350,monk,mistweaver,11,4,7
Киото,ashenvale,350,monk,mistweaver,11,4,7
Thiccbaby,kazzak,336,monk,mistweaver,9,4,5
Yøda,malganis,335,monk,mistweaver,9,4,5
Buckersxo,kazzak,330,monk,mistweaver,11,6,5
Монкиннияя,gordunni,330,monk,mistweaver,21,6,15
Midgetyoda,outland,330,monk,mistweaver,22,5,17
Zaalleh,draenor,319,monk,mistweaver,5,4,1
Ilikeducks,ravencrest,319,monk,mistweaver,5,4,1
Nabenja,madmortem,319,monk,mistweaver,14,4,10
Schellentano,defias-brotherhood,301,monk,mistweaver,13,4,9
Mickeyworms,archimonde,288,monk,mistweaver,6,3,3
Nexìan,kazzak,288,monk,mistweaver,6,3,3
Родо,blackscar,288,monk,mistweaver,6,3,3
Domedagsdamp,draenor,288,monk,mistweaver,6,3,3
Leikô,grim-batol,288,monk,mistweaver,6,3,3
Píco,gorgonnash,288,monk,mistweaver,6,3,3
Perikencito,dun-modr,288,monk,mistweaver,6,3,3
Ricidora,nerathor,288,monk,mistweaver,6,3,3
Atommyran,frostmane,288,monk,mistweaver,6,3,3
Yogi,defias-brotherhood,288,monk,mistweaver,6,3,3
Похмелись,blackscar,288,monk,mistweaver,6,3,3
Friidam,lightbringer,288,monk,mistweaver,6,3,3
Viggex,outland,288,monk,mistweaver,6,3,3
Kätelyys,dun-modr,288,monk,mistweaver,6,3,3
Uggs,hyjal,288,monk,mistweaver,6,3,3
Wando,defias-brotherhood,288,monk,mistweaver,6,3,3
Koba,frostwolf,288,monk,mistweaver,6,3,3
Neptulion,ravencrest,288,monk,mistweaver,6,3,3
Kylâas,die-ewige-wacht,288,monk,mistweaver,6,3,3
Mønkek,kazzak,288,monk,mistweaver,6,3,3
Kaskinhas,archimonde,288,monk,mistweaver,6,3,3
Lorkas,darkmoon-faire,288,monk,mistweaver,6,3,3
Loempia,outland,288,monk,mistweaver,6,3,3
Stenhård,azjolnerub,288,monk,mistweaver,6,3,3
Xanderpowa,sanguino,288,monk,mistweaver,6,3,3
Fluxqt,ravencrest,288,monk,mistweaver,6,3,3
Yutahon,azjolnerub,288,monk,mistweaver,6,3,3
Киликххл,deathguard,288,monk,mistweaver,6,3,3
Baisi,blackhand,288,monk,mistweaver,6,3,3
Leiwill,stormreaver,288,monk,mistweaver,6,3,3
Fairhand,emerald-dream,288,monk,mistweaver,6,3,3
Cmgxbrew,blackrock,288,monk,mistweaver,6,3,3
Wèéman,grim-batol,288,monk,mistweaver,6,3,3
Relentlessly,blackrock,288,monk,mistweaver,6,3,3
Lassador,onyxia,288,monk,mistweaver,6,3,3
Màlydôr,outland,288,monk,mistweaver,6,3,3
Kaizenthor,runetotem,288,monk,mistweaver,6,3,3
Culiacàn,blackmoore,288,monk,mistweaver,6,3,3
Shoskio,chamber-of-aspects,288,monk,mistweaver,6,3,3
Коррелир,howling-fjord,288,monk,mistweaver,6,3,3
Louiemon,outland,288,monk,mistweaver,6,3,3
Rípple,alakir,288,monk,mistweaver,6,3,3
Fistwave,malganis,288,monk,mistweaver,6,3,3
Shnohh,blackmoore,288,monk,mistweaver,6,3,3
Crommul,burning-legion,288,monk,mistweaver,6,3,3
Menecares,blackhand,288,monk,mistweaver,6,3,3
Mistless,ragnaros,288,monk,mistweaver,6,3,3
Shàolïn,dalaran,288,monk,mistweaver,6,3,3
Norbii,twisting-nether,288,monk,mistweaver,6,3,3
Ipès,archimonde,288,monk,mistweaver,6,3,3
Moistweaver,drakthul,288,monk,mistweaver,6,3,3
Trubushatal,ravencrest,288,monk,mistweaver,6,3,3
Leifjuster,stormscale,288,monk,mistweaver,6,3,3
Ninetz,tarren-mill,288,monk,mistweaver,6,3,3
Zyrosmonk,blackmoore,288,monk,mistweaver,6,3,3
Mecin,ragnaros,288,monk,mistweaver,6,3,3
Askmeout,ravencrest,288,monk,mistweaver,7,3,4
Karatemonk,stormscale,288,monk,mistweaver,12,3,9
Jinora,theradras,288,monk,mistweaver,12,3,9
Leøni,malfurion,288,monk,mistweaver,12,3,9
Drunklee,aegwynn,288,monk,mistweaver,12,3,9
Olîvê,ravencrest,288,monk,mistweaver,12,3,9
Justfistyoux,archimonde,288,monk,mistweaver,12,3,9
Fistmeg,grim-batol,288,monk,mistweaver,12,3,9
Brewdooms,laughing-skull,288,monk,mistweaver,12,3,9
Tossen,ragnaros,288,monk,mistweaver,12,3,9
Albertã,doomhammer,288,monk,mistweaver,12,3,9
Xvll,kaelthas,288,monk,mistweaver,12,3,9
Monkenya,kazzak,288,monk,mistweaver,12,3,9
Koreanbullet,archimonde,288,monk,mistweaver,12,3,9
Lonechi,sylvanas,288,monk,mistweaver,12,3,9
Trxy,argent-dawn,288,monk,mistweaver,12,3,9
Velita,dun-modr,288,monk,mistweaver,18,3,15
Playboicarti,frostwolf,287,monk,mistweaver,6,3,3
Bo,malorne,287,monk,mistweaver,6,3,3
Vørdèthxd,outland,287,monk,mistweaver,6,3,3
Hanumahn,kilrogg,287,monk,mistweaver,12,3,9
Edenbllow,twisting-nether,287,monk,mistweaver,12,3,9
Shorebreak,argent-dawn,286,monk,mistweaver,6,3,3
Pepefocho,sanguino,286,monk,mistweaver,6,3,3
Mossadjr,blackmoore,256,monk,mistweaver,4,4,0
Maharaj,terenas,255,monk,mistweaver,11,3,8
Trlmøna,gorgonnash,240,monk,mistweaver,9,4,5
Mouhous,hellscream,234,monk,mistweaver,13,4,9
Jackíechen,draenor,234,monk,mistweaver,15,4,11
Арнольдовна,blackscar,234,monk,mistweaver,17,4,13
Colita,kazzak,233,monk,mistweaver,16,5,11
Chakarma,twisting-nether,224,monk,mistweaver,10,3,7
Mynaira,tarren-mill,208,monk,mistweaver,25,3,22
Simbabsu,thrall,192,monk,mistweaver,4,3,1
Злюкшо,howling-fjord,192,monk,mistweaver,10,4,6
Chegweaver,ravencrest,192,monk,mistweaver,6,2,4
Axilane,outland,192,monk,mistweaver,6,2,4
Fistandfury,outland,192,monk,mistweaver,6,2,4
Ebonymilfy,archimonde,192,monk,mistweaver,6,2,4
Altairan,ragnaros,192,monk,mistweaver,6,2,4
Mistya,ragnaros,192,monk,mistweaver,6,2,4
Trippyv,ragnaros,192,monk,mistweaver,6,2,4
Shinyin,outland,192,monk,mistweaver,6,2,4
Auaaua,ravencrest,192,monk,mistweaver,6,2,4
Jadefain,argent-dawn,192,monk,mistweaver,6,2,4
Wilymonka,dalaran,192,monk,mistweaver,6,2,4
Mutai,tarren-mill,192,monk,mistweaver,6,2,4
Toxicvxpe,archimonde,192,monk,mistweaver,6,2,4
Tøngpø,argent-dawn,192,monk,mistweaver,6,2,4
Ahaa,kazzak,192,monk,mistweaver,6,2,4
Kûngfu,tarren-mill,192,monk,mistweaver,6,2,4
Karatemooves,kazzak,192,monk,mistweaver,6,2,4
Headakzar,kazzak,192,monk,mistweaver,6,2,4
Syy,medivh,192,monk,mistweaver,6,2,4
Brewsmaster,archimonde,192,monk,mistweaver,6,2,4
Wifeeagro,doomhammer,192,monk,mistweaver,6,2,4
Justacomma,outland,192,monk,mistweaver,6,2,4
Nephi,kirin-tor,192,monk,mistweaver,6,2,4
Rbgmachine,burning-legion,192,monk,mistweaver,6,2,4
Acbcz,draenor,192,monk,mistweaver,6,2,4
Shaosshoshin,exodar,192,monk,mistweaver,6,2,4
Flyingraven,magtheridon,192,monk,mistweaver,6,2,4
Yokuboo,ysondre,192,monk,mistweaver,6,2,4
Dalaipyjama,quelthalas,192,monk,mistweaver,6,2,4
Monkfriend,quelthalas,192,monk,mistweaver,6,2,4
Skâte,dun-modr,192,monk,mistweaver,6,2,4
Luffix,outland,192,monk,mistweaver,6,2,4
Kmorhin,antonidas,192,monk,mistweaver,6,2,4
Domingovivas,dun-modr,192,monk,mistweaver,6,2,4
Espectrå,dun-modr,192,monk,mistweaver,6,2,4
Jetsweep,kazzak,192,monk,mistweaver,6,2,4
Sînge,archimonde,192,monk,mistweaver,6,2,4
Rudiculous,malganis,192,monk,mistweaver,6,2,4
Obeliskbrew,kazzak,192,monk,mistweaver,6,2,4
Zaheer,xavius,192,monk,mistweaver,6,2,4
Shynlee,frostwhisper,192,monk,mistweaver,6,2,4
Mystize,shattered-hand,192,monk,mistweaver,6,2,4
Монкпех,gordunni,192,monk,mistweaver,6,2,4
Кулаквтебе,borean-tundra,192,monk,mistweaver,6,2,4
Люсилью,howling-fjord,192,monk,mistweaver,6,2,4
Watermelon,laughing-skull,192,monk,mistweaver,6,2,4
Dennismansix,sylvanas,192,monk,mistweaver,6,2,4
Леронтас,gordunni,192,monk,mistweaver,6,2,4
Yinsho,stormscale,192,monk,mistweaver,6,2,4
Fisterxd,blackrock,192,monk,mistweaver,6,2,4
Scorpìon,blackrock,192,monk,mistweaver,6,2,4
Âechlz,malfurion,192,monk,mistweaver,6,2,4
Зараз,gordunni,192,monk,mistweaver,6,2,4
Loveít,blackrock,192,monk,mistweaver,6,2,4
Xùen,blackrock,192,monk,mistweaver,6,2,4
Pleasure,laughing-skull,192,monk,mistweaver,6,2,4
Fènja,kult-der-verdammten,192,monk,mistweaver,6,2,4
Sashun,blackmoore,192,monk,mistweaver,6,2,4
Jolifine,alleria,192,monk,mistweaver,6,2,4
Liluzi,aszune,192,monk,mistweaver,6,2,4
Dunkfjås,stormscale,192,monk,mistweaver,6,2,4
Faustíne,blackmoore,192,monk,mistweaver,6,2,4
Хере,soulflayer,192,monk,mistweaver,6,2,4
Merlyñ,blackmoore,192,monk,mistweaver,6,2,4
Jacksbäro,zirkel-des-cenarius,192,monk,mistweaver,12,2,10
Brixelol,kazzak,192,monk,mistweaver,12,2,10
Anifurry,tarren-mill,192,monk,mistweaver,12,2,10
Johnsôn,blackmoore,192,monk,mistweaver,12,2,10
Chîca,ysondre,192,monk,mistweaver,12,2,10
Ascrem,ragnaros,192,monk,mistweaver,12,2,10
Sargnorak,dalaran,191,monk,mistweaver,6,2,4
Hisagi,khaz-modan,191,monk,mistweaver,6,2,4
Чвка,booty-bay,191,monk,mistweaver,6,2,4
Andrah,blackmoore,185,monk,mistweaver,14,4,10
Facetimee,ahnqiraj,159,monk,mistweaver,5,2,3
Swiftmonky,azuremyst,159,monk,mistweaver,5,2,3
Bigdickmonk,blackmoore,144,monk,mistweaver,3,3,0
Зрти,gordunni,138,monk,mistweaver,12,4,8
Ostarikyttä,stormscale,138,monk,mistweaver,10,3,7
Saïtama,krasus,138,monk,mistweaver,10,3,7
Ghettomonk,blackmoore,138,monk,mistweaver,11,3,8
Shenlong,burning-blade,138,monk,mistweaver,14,3,11
Спартаннка,gordunni,137,monk,mistweaver,8,3,5
Wraq,tarren-mill,128,monk,mistweaver,4,2,2
Cheechong,grim-batol,127,monk,mistweaver,8,2,6
Bænkai,naxxramas,96,monk,mistweaver,6,1,5
Cbamonk,tarren-mill,96,monk,mistweaver,6,1,5
Konïï,dalaran,96,monk,mistweaver,6,1,5
Assaalaria,argent-dawn,96,monk,mistweaver,6,1,5
Ätishâ,archimonde,96,monk,mistweaver,6,1,5
Monkolben,blackmoore,96,monk,mistweaver,6,1,5
Butrinto,hellfire,96,monk,mistweaver,6,1,5
Mongretod,ravencrest,96,monk,mistweaver,6,1,5
Gôeller,stormscale,96,monk,mistweaver,6,1,5
Glivilalis,drekthar,96,monk,mistweaver,6,1,5
Legpunch,the-maelstrom,96,monk,mistweaver,6,1,5
Missblack,zuljin,96,monk,mistweaver,6,1,5
Jozo,hyjal,96,monk,mistweaver,6,1,5
Skadchi,blackhand,96,monk,mistweaver,6,1,5
Shîïna,ysondre,96,monk,mistweaver,6,1,5
Monkinator,stormreaver,96,monk,mistweaver,6,1,5
Brandy,kazzak,96,monk,mistweaver,6,1,5
Havefunguys,alakir,96,monk,mistweaver,6,1,5
Fapmaster,aegwynn,96,monk,mistweaver,6,1,5
Ytjin,draenor,96,monk,mistweaver,6,1,5
Àómìñêdâìkí,lightnings-blade,96,monk,mistweaver,6,1,5
Moorf,ravencrest,96,monk,mistweaver,6,1,5
Smlpp,kazzak,96,monk,mistweaver,6,1,5
Rostick,drakthul,96,monk,mistweaver,6,1,5
Lìlíy,taerar,96,monk,mistweaver,6,1,5
Jessiemonk,blackhand,96,monk,mistweaver,6,1,5
Botsmw,kazzak,96,monk,mistweaver,6,1,5
Brewbunnyqt,thrall,96,monk,mistweaver,6,1,5
Backbone,auchindoun,96,monk,mistweaver,6,1,5
Pream,blackrock,96,monk,mistweaver,6,1,5
Jusex,stormreaver,96,monk,mistweaver,6,1,5
Itxelita,zuljin,96,monk,mistweaver,6,1,5
Capos,wrathbringer,96,monk,mistweaver,11,1,10
Arukoru,kazzak,96,monk,mistweaver,12,1,11
Xiâomèi,dun-modr,96,monk,mistweaver,12,1,11
Rhodin,krasus,96,monk,mistweaver,12,1,11
Sigournémist,silvermoon,96,monk,mistweaver,12,1,11
Upbringer,ragnaros,96,monk,mistweaver,12,1,11
Marrów,chamber-of-aspects,96,monk,mistweaver,14,1,13
Christien,ungoro,95,monk,mistweaver,6,1,5
Nïkaa,dun-modr,84,monk,mistweaver,9,5,4
Woguo,drakthul,84,monk,mistweaver,10,4,6
Griffens,argent-dawn,79,monk,mistweaver,5,1,4
Barendhoff,sylvanas,64,monk,mistweaver,4,1,3
Автотюн,gordunni,64,monk,mistweaver,10,1,9
Бязь,gordunni,63,monk,mistweaver,2,2,0
Johnnybgood,tarren-mill,42,monk,mistweaver,10,3,7
Флокэ,soulflayer,42,monk,mistweaver,9,2,7
Monkeykung,defias-brotherhood,40,monk,mistweaver,16,3,13
Sinpho,ahnqiraj,1171,monk,brewmaster,36,13,23
Winchun,ravencrest,820,monk,brewmaster,32,14,18
Padawang,twisting-nether,767,monk,brewmaster,24,8,16
Комбатпро,borean-tundra,764,monk,brewmaster,70,30,40
Jademyst,outland,671,monk,brewmaster,18,7,11
Shirôhige,zirkel-des-cenarius,288,monk,brewmaster,6,3,3
Tauroné,draenor,288,monk,brewmaster,12,3,9
Tayoo,aegwynn,192,monk,brewmaster,6,2,4
Fullzi,dalaran,192,monk,brewmaster,6,2,4
Mezz,ahnqiraj,96,monk,brewmaster,6,1,5
Lubeï,kirin-tor,96,monk,brewmaster,6,1,5
Tylee,tarren-mill,96,monk,brewmaster,6,1,5
Badcøwboy,archimonde,96,monk,brewmaster,6,1,5
Lòthbar,confrérie-du-thorium,63,monk,brewmaster,2,2,0
Queteapie,stormscale,2331,monk,windwalker,100,60,40
Fistyw,stormscale,2313,monk,windwalker,104,60,44
Sîxmonths,stormscale,2263,monk,windwalker,72,48,24
Ilovehim,antonidas,2237,monk,windwalker,102,58,44
Ewynamonk,silvermoon,2236,monk,windwalker,114,61,53
Rmtexter,ravencrest,2233,monk,windwalker,131,70,61
Senretsu,shattered-halls,2177,monk,windwalker,102,54,48
Plaww,dalaran,2172,monk,windwalker,120,75,45
Monkmeta,frostwolf,2171,monk,windwalker,114,70,44
Щищ,gordunni,2154,monk,windwalker,174,101,73
Faxax,draenor,2150,monk,windwalker,90,47,43
Wonkeed,hyjal,2144,monk,windwalker,113,68,45
Daosh,nemesis,2137,monk,windwalker,91,48,43
Stepsyzz,stormscale,2134,monk,windwalker,113,57,56
Tabetai,tarren-mill,2125,monk,windwalker,90,46,44
Elinalia,burning-legion,2124,monk,windwalker,120,62,58
Lilcatlife,tyrande,2123,monk,windwalker,66,36,30
Redundänt,kazzak,2122,monk,windwalker,78,43,35
Brñ,twisting-nether,2121,monk,windwalker,72,39,33
Rivazsunkick,archimonde,2121,monk,windwalker,172,86,86
Unpruneable,stormscale,2120,monk,windwalker,132,67,65
Váinz,ravencrest,2112,monk,windwalker,78,41,37
Pichouhuahua,elune,2096,monk,windwalker,120,63,57
Snusochnocco,the-maelstrom,2088,monk,windwalker,84,41,43
Fistinguhuhu,outland,2067,monk,windwalker,84,45,39
Минимонахх,blackscar,2066,monk,windwalker,87,43,44
Fabrina,blackrock,2038,monk,windwalker,96,52,44
Theoww,dragonblight,2037,monk,windwalker,78,38,40
Edenwalker,dun-morogh,2035,monk,windwalker,84,40,44
Hitsuwalker,archimonde,2033,monk,windwalker,156,85,71
Hefners,grim-batol,2028,monk,windwalker,71,36,35
Инрэйджинкап,soulflayer,2007,monk,windwalker,150,77,73
Melyda,ravencrest,2003,monk,windwalker,168,92,76
Zukatan,tarren-mill,2001,monk,windwalker,111,59,52
Keeferslover,dun-morogh,1997,monk,windwalker,48,28,20
Balia,blackrock,1997,monk,windwalker,78,39,39
Enerchi,ravencrest,1988,monk,windwalker,72,42,30
Мистмастер,soulflayer,1984,monk,windwalker,48,30,18
Nicesky,ravencrest,1984,monk,windwalker,102,53,49
Niamix,archimonde,1978,monk,windwalker,194,96,98
Soulja,bloodfeather,1977,monk,windwalker,284,150,134
Erazhen,blackrock,1977,monk,windwalker,60,31,29
Eth,nagrand,1975,monk,windwalker,84,42,42
Нелегитимный,howling-fjord,1971,monk,windwalker,361,183,178
Bulluh,blackmoore,1964,monk,windwalker,59,31,28
Deretrox,twisting-nether,1962,monk,windwalker,60,36,24
Juujika,ravencrest,1961,monk,windwalker,53,31,22
Vixia,outland,1956,monk,windwalker,35,21,14
Ztl,twisting-nether,1931,monk,windwalker,179,100,79
Dänÿww,elune,1926,monk,windwalker,62,32,30
Ladderfiend,stormscale,1925,monk,windwalker,89,37,52
Shînøbi,dalaran,1923,monk,windwalker,60,33,27
Jájsemshadow,drakthul,1922,monk,windwalker,72,37,35
Rismonk,frostmane,1920,monk,windwalker,42,22,20
Sørann,drekthar,1916,monk,windwalker,88,48,40
Yassøux,archimonde,1915,monk,windwalker,250,128,122
Dêsmî,ravencrest,1913,monk,windwalker,34,25,9
Sobadzlolz,alexstrasza,1911,monk,windwalker,184,104,80
Trendyroxy,blackrock,1908,monk,windwalker,103,51,52
Troopmonk,ravencrest,1907,monk,windwalker,141,69,72
Muix,draenor,1906,monk,windwalker,30,20,10
Vexíllum,sylvanas,1906,monk,windwalker,84,46,38
Riskcapcap,dentarg,1905,monk,windwalker,72,37,35
Ninadobrév,stormscale,1898,monk,windwalker,139,81,58
Pitball,ravencrest,1898,monk,windwalker,72,36,36
Ksâin,ravencrest,1896,monk,windwalker,66,34,32
Gyto,archimonde,1893,monk,windwalker,54,33,21
Pandamoniun,aggra-português,1890,monk,windwalker,176,87,89
Копытька,gordunni,1889,monk,windwalker,63,35,28
Sayozz,hyjal,1881,monk,windwalker,198,100,98
Rismonk,twisting-nether,1881,monk,windwalker,78,38,40
Муррчалкин,howling-fjord,1880,monk,windwalker,48,28,20
Ellipirelli,doomhammer,1880,monk,windwalker,70,30,40
Stillwater,thrall,1876,monk,windwalker,131,68,63
Санварион,eversong,1875,monk,windwalker,72,36,36
Аррани,thermaplugg,1874,monk,windwalker,58,33,25
Devilmønk,thrall,1874,monk,windwalker,84,44,40
Domww,outland,1871,monk,windwalker,108,59,49
Rivaz,archimonde,1865,monk,windwalker,54,31,23
Эльморо,goldrinn,1865,monk,windwalker,54,30,24
Oberháupt,blackrock,1864,monk,windwalker,60,33,27
Ãmaterasû,kazzak,1864,monk,windwalker,61,30,31
Имортарион,howling-fjord,1860,monk,windwalker,42,25,17
Hurricrane,kazzak,1859,monk,windwalker,225,111,114
Beernie,tarren-mill,1855,monk,windwalker,66,41,25
Edenmonk,dun-morogh,1855,monk,windwalker,48,27,21
Маруты,soulflayer,1855,monk,windwalker,88,35,53
Iceym,stormscale,1854,monk,windwalker,75,39,36
Mosch,blackrock,1853,monk,windwalker,54,33,21
Carbozø,archimonde,1850,monk,windwalker,95,58,37
Kokushibo,cthun,1850,monk,windwalker,54,28,26
Яагрессивный,howling-fjord,1850,monk,windwalker,74,36,38
Tianzu,twisting-nether,1849,monk,windwalker,78,36,42
Gararasu,eredar,1846,monk,windwalker,42,22,20
Rorkito,sanguino,1846,monk,windwalker,86,45,41
Ilovealicia,ragnaros,1844,monk,windwalker,54,29,25
Projectasura,draenor,1844,monk,windwalker,149,78,71
Boostarevine,stormscale,1842,monk,windwalker,59,38,21
Тихийпук,deathguard,1839,monk,windwalker,164,92,72
Shaolinthug,stormscale,1838,monk,windwalker,66,31,35
Джэкичача,soulflayer,1837,monk,windwalker,56,29,27
Santanax,ravencrest,1834,monk,windwalker,42,27,15
Mynokxu,blackmoore,1833,monk,windwalker,80,49,31
Kitcheneer,twisting-nether,1832,monk,windwalker,65,37,28
Peaceweaver,ravencrest,1832,monk,windwalker,94,53,41
Fistenjoyer,outland,1832,monk,windwalker,54,28,26
Linuxx,ravencrest,1832,monk,windwalker,90,45,45
Toyless,ravencrest,1831,monk,windwalker,54,27,27
Диванн,howling-fjord,1827,monk,windwalker,53,27,26
Jinpachi,ravencrest,1826,monk,windwalker,48,23,25
Reõ,argent-dawn,1825,monk,windwalker,107,64,43
Monkini,kazzak,1823,monk,windwalker,54,27,27
Sororicide,stormscale,1822,monk,windwalker,161,81,80
Klumpenx,draenor,1821,monk,windwalker,80,43,37
Iminzww,ravencrest,1819,monk,windwalker,90,45,45
Милыйколян,soulflayer,1819,monk,windwalker,60,29,31
Monkees,twisting-nether,1815,monk,windwalker,65,33,32
Rêshi,draenor,1814,monk,windwalker,90,58,32
Калестонз,howling-fjord,1811,monk,windwalker,54,31,23
Lullerull,silvermoon,1810,monk,windwalker,51,31,20
Shpunk,ravencrest,1810,monk,windwalker,102,47,55
Mónkâs,tarren-mill,1810,monk,windwalker,72,32,40
Orkamonka,burning-legion,1809,monk,windwalker,30,19,11
Рэйвх,howling-fjord,1808,monk,windwalker,36,19,17
Sushiroll,stormrage,1808,monk,windwalker,111,55,56
Venrea,archimonde,1807,monk,windwalker,54,31,23
Эльторо,goldrinn,1807,monk,windwalker,54,25,29
Baltimore,stormscale,1806,monk,windwalker,36,25,11
Mebrin,ragnaros,1805,monk,windwalker,71,37,34
Åbyssgòd,kazzak,1805,monk,windwalker,60,24,36
Niyka,silvermoon,1804,monk,windwalker,72,40,32
Unangebracht,silvermoon,1803,monk,windwalker,227,121,106
Pandafuki,ravencrest,1803,monk,windwalker,62,33,29
Saltotriks,tarren-mill,1802,monk,windwalker,62,28,34
Notmelo,dun-modr,1801,monk,windwalker,48,25,23
Krothus,tarren-mill,1800,monk,windwalker,36,26,10
Wolmachégodx,archimonde,1800,monk,windwalker,36,22,14
Windwanker,eredar,1800,monk,windwalker,36,22,14
Fln,blackrock,1800,monk,windwalker,58,33,25
Teressah,argent-dawn,1800,monk,windwalker,42,22,20
Yacum,blackrock,1795,monk,windwalker,71,32,39
Twinny,drakthul,1793,monk,windwalker,90,52,38
Karmaisabich,ragnaros,1792,monk,windwalker,30,19,11
Yukfou,tarren-mill,1792,monk,windwalker,59,28,31
Kaijam,argent-dawn,1792,monk,windwalker,78,33,45
Mikedcrybaby,tarren-mill,1790,monk,windwalker,131,69,62
Pàrádìsé,ravencrest,1787,monk,windwalker,119,60,59
Fotmwalker,ragnaros,1785,monk,windwalker,227,113,114
Madelnheaven,burning-legion,1784,monk,windwalker,59,31,28
Megatazz,hyjal,1783,monk,windwalker,82,47,35
Chaospilot,sylvanas,1783,monk,windwalker,92,45,47
Healbotzweik,frostwolf,1782,monk,windwalker,54,24,30
Skailzkrt,hyjal,1779,monk,windwalker,48,22,26
Freehelper,stormscale,1779,monk,windwalker,60,24,36
Tinjihn,magtheridon,1774,monk,windwalker,86,39,47
Sponkas,tarren-mill,1768,monk,windwalker,42,20,22
Xinxanxonxin,zuljin,1767,monk,windwalker,42,21,21
Ароба,blackscar,1766,monk,windwalker,90,42,48
Heran,ravencrest,1761,monk,windwalker,111,50,61
Korié,ravencrest,1760,monk,windwalker,47,27,20
Doktormonk,blackrock,1760,monk,windwalker,166,92,74
Moultsou,hyjal,1758,monk,windwalker,66,33,33
Тэсти,blackscar,1758,monk,windwalker,64,32,32
Flunkefar,defias-brotherhood,1758,monk,windwalker,102,45,57
Ванфист,gordunni,1754,monk,windwalker,72,42,30
Arachmk,drakthul,1749,monk,windwalker,66,28,38
Ackken,twisting-nether,1748,monk,windwalker,51,26,25
Hôllowx,archimonde,1743,monk,windwalker,39,24,15
Фодз,soulflayer,1740,monk,windwalker,76,30,46
Dwdw,aerie-peak,1737,monk,windwalker,54,28,26
Mionoor,aegwynn,1737,monk,windwalker,208,103,105
Pwaff,kazzak,1736,monk,windwalker,72,37,35
Lonechi,sylvanas,1733,monk,windwalker,36,21,15
Лазанья,grom,1731,monk,windwalker,66,30,36
Bugrika,tarren-mill,1728,monk,windwalker,42,22,20
Виндволкерша,gordunni,1725,monk,windwalker,54,31,23
Däemon,twisting-nether,1725,monk,windwalker,45,20,25
Schøcker,blackmoore,1723,monk,windwalker,60,30,30
Locotommy,blackrock,1721,monk,windwalker,42,21,21
Roidcarry,blackrock,1720,monk,windwalker,83,45,38
Гладастар,soulflayer,1719,monk,windwalker,78,41,37
Varis,stormreaver,1718,monk,windwalker,39,19,20
Трэйци,blackscar,1716,monk,windwalker,39,23,16
Möîne,arathi,1716,monk,windwalker,72,35,37
Yiannischan,draenor,1715,monk,windwalker,92,49,43
Narstie,kazzak,1714,monk,windwalker,71,36,35
Виноипиво,soulflayer,1713,monk,windwalker,60,30,30
Цеска,howling-fjord,1712,monk,windwalker,48,25,23
Ютуми,soulflayer,1712,monk,windwalker,48,24,24
Димакарма,howling-fjord,1712,monk,windwalker,101,45,56
Aslêyia,antonidas,1709,monk,windwalker,49,26,23
Dansaam,tarren-mill,1706,monk,windwalker,24,18,6
Cheethfu,ragnaros,1705,monk,windwalker,42,29,13
Yungdrippy,eredar,1705,monk,windwalker,52,26,26
Moistpocket,stormscale,1705,monk,windwalker,54,22,32
Xiâomèi,dun-modr,1700,monk,windwalker,78,35,43
Hybridtheory,doomhammer,1697,monk,windwalker,124,66,58
Меняубило,howling-fjord,1696,monk,windwalker,78,37,41
Osalot,ravencrest,1695,monk,windwalker,60,30,30
Testmonial,hyjal,1694,monk,windwalker,48,21,27
Bnî,blackmoore,1691,monk,windwalker,51,35,16
Idiot,outland,1691,monk,windwalker,54,28,26
Ashânti,eredar,1691,monk,windwalker,62,30,32
Ugabugash,silvermoon,1689,monk,windwalker,36,25,11
Shoenk,blackhand,1689,monk,windwalker,30,18,12
Gonkun,outland,1688,monk,windwalker,67,35,32
Greenshortea,aegwynn,1684,monk,windwalker,36,18,18
Khrylx,twisting-nether,1681,monk,windwalker,40,25,15
Tenshinhann,outland,1681,monk,windwalker,78,37,41
Tommypistol,runetotem,1681,monk,windwalker,174,82,92
Tisaki,blackhand,1680,monk,windwalker,41,25,16
Hilzaxsub,archimonde,1679,monk,windwalker,47,29,18
Pazü,ysondre,1679,monk,windwalker,119,57,62
Fistofrage,ravencrest,1677,monk,windwalker,42,25,17
Sàitama,hyjal,1676,monk,windwalker,42,18,24
Шотгар,howling-fjord,1670,monk,windwalker,36,18,18
Ratslayerz,dun-modr,1669,monk,windwalker,42,24,18
Chigre,hyjal,1667,monk,windwalker,36,21,15
Bastos,blackrock,1664,monk,windwalker,316,165,151
Vtx,blackrock,1662,monk,windwalker,30,18,12
Iløvealicia,ravencrest,1662,monk,windwalker,40,20,20
Salvaje,stormscale,1660,monk,windwalker,36,25,11
Mollytov,tarren-mill,1659,monk,windwalker,53,22,31
Geeér,outland,1658,monk,windwalker,42,24,18
Kåýðø,archimonde,1658,monk,windwalker,50,25,25
Zéroneufsix,silvermoon,1658,monk,windwalker,50,19,31
Shardonay,ravencrest,1655,monk,windwalker,42,26,16
Wuux,tarren-mill,1655,monk,windwalker,66,37,29
Saduh,thrall,1653,monk,windwalker,44,20,24
Mîsts,aszune,1650,monk,windwalker,39,21,18
Bîmbâmboom,blackmoore,1650,monk,windwalker,48,25,23
Shirkán,ragnaros,1649,monk,windwalker,36,21,15
Thérez,les-sentinelles,1648,monk,windwalker,42,22,20
Pili,aegwynn,1647,monk,windwalker,36,21,15
Hunkfur,ravencrest,1647,monk,windwalker,44,25,19
Бадхидхаарма,booty-bay,1647,monk,windwalker,78,32,46
Bonepalm,kazzak,1646,monk,windwalker,23,18,5
Кишмякмонк,howling-fjord,1646,monk,windwalker,60,31,29
Гуппер,howling-fjord,1646,monk,windwalker,54,23,31
Capedbaldy,blackhand,1645,monk,windwalker,29,18,11
Faustux,blackmoore,1644,monk,windwalker,42,23,19
Gresmar,defias-brotherhood,1642,monk,windwalker,36,18,18
Alkanphel,kazzak,1641,monk,windwalker,30,20,10
Miløøx,silvermoon,1641,monk,windwalker,76,40,36
Кианасоломид,gordunni,1638,monk,windwalker,146,70,76
Мионелолл,goldrinn,1637,monk,windwalker,48,28,20
Такюн,howling-fjord,1637,monk,windwalker,149,73,76
Mefîsto,blackrock,1634,monk,windwalker,69,38,31
Morslee,burning-legion,1634,monk,windwalker,74,33,41
Yeratel,argent-dawn,1633,monk,windwalker,90,39,51
Атакцуки,gordunni,1630,monk,windwalker,42,25,17
Jafandmeja,tarren-mill,1629,monk,windwalker,100,60,40
Hosh,ysondre,1629,monk,windwalker,60,30,30
Sylicia,alleria,1628,monk,windwalker,102,49,53
Yobo,archimonde,1626,monk,windwalker,47,23,24
Akhlÿs,ysondre,1624,monk,windwalker,30,17,13
Anteric,sylvanas,1623,monk,windwalker,30,20,10
Bossdog,mugthol,1623,monk,windwalker,33,21,12
Gaehitmonlee,ravencrest,1623,monk,windwalker,223,120,103
Iastyn,kazzak,1620,monk,windwalker,99,50,49
Sérrè,tarren-mill,1618,monk,windwalker,48,25,23
Монголгодх,howling-fjord,1617,monk,windwalker,192,110,82
Catchmee,agamaggan,1616,monk,windwalker,30,17,13
Pelou,culte-de-la-rive-noire,1616,monk,windwalker,64,34,30
Mutah,arathor,1615,monk,windwalker,68,37,31
Erenaar,nemesis,1614,monk,windwalker,60,43,17
Форгетх,soulflayer,1614,monk,windwalker,36,17,19
Fijiwater,draenor,1613,monk,windwalker,24,17,7
Тринх,ashenvale,1613,monk,windwalker,54,31,23
Shoura,blackmoore,1613,monk,windwalker,30,17,13
Saisha,defias-brotherhood,1613,monk,windwalker,36,20,16
Notsmol,quelthalas,1613,monk,windwalker,54,26,28
Heyami,ravencrest,1613,monk,windwalker,36,17,19
Ravelbaby,blackrock,1613,monk,windwalker,45,21,24
Zandoy,draenor,1611,monk,windwalker,58,29,29
Tauti,dun-morogh,1610,monk,windwalker,36,21,15
Steros,die-aldor,1608,monk,windwalker,42,21,21
Nigu,dun-modr,1606,monk,windwalker,67,38,29
Vayarah,antonidas,1605,monk,windwalker,54,28,26
Рокебайбейби,howling-fjord,1605,monk,windwalker,131,67,64
Акумах,blackscar,1605,monk,windwalker,99,48,51
Thungara,emerald-dream,1604,monk,windwalker,42,22,20
Valduri,stormscale,1604,monk,windwalker,60,27,33
Fistu,silvermoon,1602,monk,windwalker,31,18,13
Faustix,blackmoore,1602,monk,windwalker,78,42,36
Янакаблуках,howling-fjord,1600,monk,windwalker,201,111,90
Thyf,drakthul,1596,monk,windwalker,48,20,28
Waaks,archimonde,1592,monk,windwalker,36,20,16
Луэнн,gordunni,1590,monk,windwalker,126,68,58
Дуэльныйчел,howling-fjord,1590,monk,windwalker,104,53,51
Шейдла,soulflayer,1590,monk,windwalker,47,23,24
Ocëane,sanguino,1589,monk,windwalker,110,54,56
Pêterpump,blackrock,1589,monk,windwalker,54,24,30
Venuki,blackrock,1582,monk,windwalker,30,19,11
Ròux,blackmoore,1582,monk,windwalker,35,18,17
Skiplegsweeb,stormscale,1579,monk,windwalker,30,21,9
Эвэйжион,gordunni,1579,monk,windwalker,42,25,17
Samantonah,nemesis,1578,monk,windwalker,46,30,16
Naschitüte,blackrock,1571,monk,windwalker,263,132,131
Vandamme,archimonde,1570,monk,windwalker,38,18,20
Lycké,silvermoon,1568,monk,windwalker,60,36,24
Сандерстрайк,howling-fjord,1567,monk,windwalker,51,28,23
Lørðbrøñkø,blackrock,1566,monk,windwalker,36,19,17
Djshady,sylvanas,1566,monk,windwalker,60,30,30
Chulli,stormscale,1558,monk,windwalker,39,21,18
Jeydi,ravencrest,1556,monk,windwalker,56,37,19
Wwisalright,burning-legion,1553,monk,windwalker,38,20,18
Sòftx,stormscale,1549,monk,windwalker,34,22,12
Soxx,arthas,1548,monk,windwalker,85,46,39
Shagzy,ravencrest,1547,monk,windwalker,29,17,12
Rayokhen,kazzak,1546,monk,windwalker,30,17,13
Akuuji,silvermoon,1544,monk,windwalker,36,17,19
Gdkz,tarren-mill,1543,monk,windwalker,48,18,30
Xullon,dragonblight,1542,monk,windwalker,60,27,33
Fistedx,twisting-nether,1537,monk,windwalker,87,36,51
Анпапаяя,galakrond,1535,monk,windwalker,53,30,23
Хекмуги,borean-tundra,1535,monk,windwalker,91,44,47
Chireapz,blackrock,1532,monk,windwalker,48,25,23
Муайтайец,howling-fjord,1532,monk,windwalker,47,20,27
Jeppehmonk,stormscale,1530,monk,windwalker,30,16,14
Тшейши,howling-fjord,1526,monk,windwalker,54,28,26
Bèrïth,kazzak,1526,monk,windwalker,54,26,28
Scribzw,twisting-nether,1524,monk,windwalker,24,16,8
Монашкасюэ,howling-fjord,1519,monk,windwalker,24,17,7
Jolbucheron,hyjal,1517,monk,windwalker,99,52,47
Embodimonk,twisting-nether,1514,monk,windwalker,114,59,55
Feyzmonk,ysondre,1513,monk,windwalker,30,16,14
Bakash,ysondre,1510,monk,windwalker,187,92,95
Bloodfist,zuljin,1509,monk,windwalker,28,17,11
Kirkeý,ravencrest,1506,monk,windwalker,43,20,23
Дивипи,blackscar,1506,monk,windwalker,54,24,30
Ànklar,blackrock,1504,monk,windwalker,57,26,31
Artharox,anachronos,1501,monk,windwalker,36,22,14
Wakmo,bladefist,1497,monk,windwalker,61,35,26
Fablemayfly,tarren-mill,1497,monk,windwalker,54,25,29
Nggz,archimonde,1495,monk,windwalker,121,73,48
Kármo,thrall,1495,monk,windwalker,29,16,13
Eonyzi,kazzak,1491,monk,windwalker,42,20,22
Fratznkicker,blackhand,1480,monk,windwalker,85,48,37
Plsnerfmemor,hyjal,1480,monk,windwalker,64,32,32
Хзт,howling-fjord,1480,monk,windwalker,45,17,28
Awesomebrah,the-maelstrom,1478,monk,windwalker,36,19,17
Nolo,outland,1476,monk,windwalker,48,21,27
Vuzashiji,argent-dawn,1473,monk,windwalker,36,17,19
Xuuan,argent-dawn,1472,monk,windwalker,101,57,44
Томтью,gordunni,1472,monk,windwalker,77,40,37
Ìnconnu,dalaran,1472,monk,windwalker,78,40,38
Darré,sylvanas,1472,monk,windwalker,181,88,93
Agitoyamissj,burning-legion,1468,monk,windwalker,132,63,69
Senshí,stormscale,1468,monk,windwalker,42,20,22
Реброперо,gordunni,1466,monk,windwalker,51,20,31
Крутотимс,howling-fjord,1463,monk,windwalker,47,18,29
Mikz,ravencrest,1462,monk,windwalker,30,17,13
Fungamelol,blackhand,1459,monk,windwalker,30,19,11
Chígoku,grim-batol,1459,monk,windwalker,110,55,55
Fantazero,burning-legion,1459,monk,windwalker,35,16,19
Sagewhisper,ravencrest,1458,monk,windwalker,57,27,30
Andyww,doomhammer,1454,monk,windwalker,54,17,37
Boxpunchkick,kazzak,1452,monk,windwalker,56,27,29
Nikchi,destromath,1444,monk,windwalker,66,30,36
Spinntowin,blackmoore,1442,monk,windwalker,102,51,51
Тайммуайтай,howling-fjord,1438,monk,windwalker,48,23,25
Пампич,borean-tundra,1438,monk,windwalker,36,17,19
Дезмимонк,ashenvale,1438,monk,windwalker,34,16,18
Артемиоксх,blackscar,1437,monk,windwalker,37,15,22
Exikûsh,frostwolf,1436,monk,windwalker,39,23,16
Galaxyfists,blackhand,1436,monk,windwalker,126,64,62
Флурсон,gordunni,1434,monk,windwalker,24,15,9
Helloimfrank,tarren-mill,1434,monk,windwalker,30,15,15
Yesman,quelthalas,1433,monk,windwalker,128,70,58
Домудароги,gordunni,1431,monk,windwalker,60,29,31
Jukei,blackmoore,1425,monk,windwalker,30,15,15
Anhox,ragnaros,1425,monk,windwalker,30,15,15
Doobly,kazzak,1423,monk,windwalker,113,58,55
Løwping,blackmoore,1421,monk,windwalker,95,41,54
Misutò,tarren-mill,1416,monk,windwalker,30,19,11
Räudiger,nazjatar,1416,monk,windwalker,120,60,60
Анике,howling-fjord,1413,monk,windwalker,33,16,17
Mirôku,onyxia,1412,monk,windwalker,48,27,21
Mink,uldum,1412,monk,windwalker,30,15,15
Votbo,kazzak,1412,monk,windwalker,60,25,35
Dræk,twisting-nether,1410,monk,windwalker,116,60,56
Ryle,forscherliga,1409,monk,windwalker,30,15,15
Vibé,blackmoore,1407,monk,windwalker,30,17,13
Pandarok,argent-dawn,1407,monk,windwalker,42,17,25
Kyraxs,silvermoon,1406,monk,windwalker,48,24,24
Белено,deathguard,1402,monk,windwalker,30,15,15
Добраядушка,gordunni,1400,monk,windwalker,36,19,17
Ívó,ragnaros,1400,monk,windwalker,48,20,28
Akÿo,archimonde,1399,monk,windwalker,35,15,20
Pipatvs,drakthul,1398,monk,windwalker,31,21,10
Azato,hyjal,1398,monk,windwalker,48,23,25
Бладмонки,soulflayer,1395,monk,windwalker,42,18,24
Fífrelin,archimonde,1394,monk,windwalker,48,24,24
Kanõ,outland,1392,monk,windwalker,77,40,37
Монахнехилит,howling-fjord,1389,monk,windwalker,66,27,39
Keskonriz,ysondre,1388,monk,windwalker,86,38,48
Brüshïë,kazzak,1387,monk,windwalker,29,15,14
Kîngjungeîle,dalaran,1384,monk,windwalker,30,17,13
Кюзичка,gordunni,1379,monk,windwalker,83,38,45
Swiftmonky,azuremyst,1376,monk,windwalker,48,27,21
Kyujushigu,silvermoon,1375,monk,windwalker,72,39,33
Recklusa,stormscale,1374,monk,windwalker,69,39,30
Nodzomi,shadowsong,1374,monk,windwalker,58,31,27
Lucaspires,sylvanas,1370,monk,windwalker,72,25,47
Lemmeportbk,ravencrest,1368,monk,windwalker,38,16,22
Kneecapper,ravencrest,1367,monk,windwalker,54,25,29
Йетисан,gordunni,1359,monk,windwalker,137,63,74
Îrønfist,blackmoore,1358,monk,windwalker,29,17,12
Bandiya,archimonde,1358,monk,windwalker,61,28,33
Moonkeeye,stormscale,1357,monk,windwalker,90,51,39
Greytail,argent-dawn,1350,monk,windwalker,42,16,26
Boutarzi,hyjal,1347,monk,windwalker,54,25,29
Intensivee,silvermoon,1345,monk,windwalker,77,36,41
Icecoldish,tarren-mill,1344,monk,windwalker,78,41,37
Omnibar,kazzak,1343,monk,windwalker,24,14,10
Тхэгык,soulflayer,1342,monk,windwalker,36,14,22
Hôllowx,throkferoth,1342,monk,windwalker,36,14,22
Ревенджж,howling-fjord,1340,monk,windwalker,28,15,13
Schmidti,kazzak,1340,monk,windwalker,30,14,16
Arsonists,argent-dawn,1339,monk,windwalker,24,14,10
Domiqx,blackhand,1339,monk,windwalker,30,14,16
Лагвай,gordunni,1338,monk,windwalker,24,14,10
Czvibuh,drakthul,1337,monk,windwalker,42,21,21
Piedliés,ravencrest,1336,monk,windwalker,30,14,16
Undefinedid,ravencrest,1335,monk,windwalker,110,57,53
Lesauceboss,kazzak,1332,monk,windwalker,30,14,16
Matlahon,kazzak,1325,monk,windwalker,71,32,39
Øbamakush,archimonde,1323,monk,windwalker,36,17,19
Коркирас,howling-fjord,1322,monk,windwalker,84,47,37
Tempestu,twisting-nether,1319,monk,windwalker,30,14,16
Яшкациган,howling-fjord,1319,monk,windwalker,64,29,35
Gatyz,archimonde,1317,monk,windwalker,33,14,19
Fûràxx,hyjal,1314,monk,windwalker,60,31,29
Wazari,nemesis,1312,monk,windwalker,61,27,34
Vivvy,argent-dawn,1311,monk,windwalker,35,17,18
Orkuuddiu,pozzo-delleternità,1305,monk,windwalker,30,14,16
Kungfumite,twisting-nether,1296,monk,windwalker,95,49,46
Djînns,blackmoore,1296,monk,windwalker,30,15,15
Bænkai,naxxramas,1293,monk,windwalker,29,15,14
Xialongbao,khaz-modan,1291,monk,windwalker,41,16,25
Hampocket,ravencrest,1290,monk,windwalker,38,15,23
Thekaj,kazzak,1289,monk,windwalker,24,15,9
Mycki,dalaran,1289,monk,windwalker,29,15,14
Cptfist,argent-dawn,1289,monk,windwalker,29,14,15
Phyllochinon,blackrock,1288,monk,windwalker,52,32,20
Kylerøne,hyjal,1285,monk,windwalker,30,14,16
Fatlazypanda,argent-dawn,1273,monk,windwalker,56,33,23
Mønkeydluffy,blackmoore,1269,monk,windwalker,66,33,33
Miyaghï,dun-modr,1262,monk,windwalker,85,42,43
Chucknorrîs,doomhammer,1255,monk,windwalker,31,14,17
Lòthbar,confrérie-du-thorium,1252,monk,windwalker,47,27,20
Malutkie,defias-brotherhood,1252,monk,windwalker,144,68,76
Thänkky,kazzak,1247,monk,windwalker,18,13,5
Djpunchable,blackrock,1247,monk,windwalker,24,13,11
Ðâvàizskÿ,ysondre,1247,monk,windwalker,24,13,11
Rerowine,magtheridon,1245,monk,windwalker,30,13,17
Mezz,ahnqiraj,1245,monk,windwalker,30,13,17
Zenified,ragnaros,1243,monk,windwalker,24,13,11
Nightingalê,silvermoon,1243,monk,windwalker,24,13,11
Brandy,kazzak,1242,monk,windwalker,30,13,17
Pacimaru,silvermoon,1242,monk,windwalker,30,13,17
Fullzi,dalaran,1241,monk,windwalker,24,13,11
Брэгандерт,gordunni,1238,monk,windwalker,24,13,11
Pandermann,antonidas,1238,monk,windwalker,30,16,14
Чвка,booty-bay,1236,monk,windwalker,61,30,31
Кирокко,gordunni,1235,monk,windwalker,30,20,10
Kouradoskylo,twisting-nether,1234,monk,windwalker,29,16,13
Meltfistqt,ravencrest,1234,monk,windwalker,30,13,17
Blyatfast,draenor,1233,monk,windwalker,24,13,11
Lumpero,stormreaver,1232,monk,windwalker,24,16,8
Янасру,gordunni,1232,monk,windwalker,273,136,137
Kegrøll,doomhammer,1231,monk,windwalker,42,21,21
Gorskie,silvermoon,1230,monk,windwalker,27,13,14
Bobbyknuckls,ravencrest,1230,monk,windwalker,138,60,78
Hazmad,archimonde,1229,monk,windwalker,60,28,32
Cac,argent-dawn,1226,monk,windwalker,45,14,31
Jesmander,kazzak,1224,monk,windwalker,30,16,14
Bal,tyrande,1222,monk,windwalker,27,17,10
Лаодзы,deathguard,1220,monk,windwalker,36,13,23
Bruzuh,outland,1215,monk,windwalker,31,15,16
Vushao,blackmoore,1215,monk,windwalker,174,81,93
Клепер,soulflayer,1213,monk,windwalker,24,14,10
Euronymesis,silvermoon,1208,monk,windwalker,32,15,17
Билльбо,fordragon,1201,monk,windwalker,114,56,58
Yøøps,dalaran,1191,monk,windwalker,71,33,38
Likethat,hyjal,1191,monk,windwalker,65,27,38
Smørc,the-maelstrom,1186,monk,windwalker,32,14,18
Bogey,ragnaros,1182,monk,windwalker,26,13,13
Cranekickbot,ravencrest,1182,monk,windwalker,29,13,16
Imvengeance,stormscale,1181,monk,windwalker,34,16,18
Dankiron,darksorrow,1179,monk,windwalker,32,13,19
Gúerrilla,tarren-mill,1174,monk,windwalker,78,42,36
Ketakarlsson,tarren-mill,1174,monk,windwalker,30,16,14
Vercya,dun-morogh,1173,monk,windwalker,43,22,21
Trunks,turalyon,1164,monk,windwalker,42,20,22
Panzeerotto,nemesis,1164,monk,windwalker,42,15,27
Брысьли,howling-fjord,1162,monk,windwalker,32,14,18
Bellarika,nemesis,1152,monk,windwalker,12,12,0
Monk,shattered-hand,1152,monk,windwalker,30,12,18
Uwuhehe,ravencrest,1151,monk,windwalker,18,12,6
Tðptier,drakthul,1151,monk,windwalker,18,12,6
Kungfuhkyou,tarren-mill,1151,monk,windwalker,18,12,6
Çhina,twisting-nether,1151,monk,windwalker,24,12,12
Ellevance,draenor,1151,monk,windwalker,24,12,12
Adrianchase,ravencrest,1151,monk,windwalker,24,12,12
Bigfistah,tarren-mill,1150,monk,windwalker,24,12,12
Coollann,drakthul,1150,monk,windwalker,30,12,18
Saadx,ravencrest,1149,monk,windwalker,18,12,6
Elfisto,baelgun,1149,monk,windwalker,26,13,13
Monk,dun-modr,1148,monk,windwalker,24,12,12
Blumonk,argent-dawn,1148,monk,windwalker,114,53,61
Brorsantuck,frostmane,1147,monk,windwalker,18,12,6
Траблы,howling-fjord,1147,monk,windwalker,24,12,12
Sesi,drakthul,1147,monk,windwalker,42,12,30
Sugura,dethecus,1146,monk,windwalker,24,12,12
Joaquuin,sylvanas,1146,monk,windwalker,36,16,20
Silvrt,tarren-mill,1145,monk,windwalker,24,12,12
Ролитта,gordunni,1144,monk,windwalker,18,12,6
Халиосфа,gordunni,1129,monk,windwalker,30,12,18
Malarie,magtheridon,1128,monk,windwalker,96,52,44
Azangar,kazzak,1114,monk,windwalker,22,12,10
Stronkman,frostwhisper,1109,monk,windwalker,24,16,8
Noodlesauce,silvermoon,1100,monk,windwalker,15,12,3
Chæli,tarren-mill,1094,monk,windwalker,23,12,11
Непорядочная,gordunni,1094,monk,windwalker,42,17,25
Ехерех,blackscar,1084,monk,windwalker,36,21,15
Martial,arthas,1075,monk,windwalker,29,13,16
Jayline,kazzak,1069,monk,windwalker,48,18,30
Kusid,ragnaros,1066,monk,windwalker,21,12,9
Daybaobao,the-maelstrom,1062,monk,windwalker,22,12,10
Одиниз,gordunni,1059,monk,windwalker,54,34,20
Hàtéppl,ravencrest,1056,monk,windwalker,18,11,7
Dévíllíá,ragnaros,1056,monk,windwalker,24,11,13
Monksea,ravencrest,1056,monk,windwalker,24,11,13
Зестус,galakrond,1056,monk,windwalker,24,11,13
Leppix,outland,1056,monk,windwalker,24,11,13
Cirixx,outland,1055,monk,windwalker,18,11,7
Weezé,outland,1055,monk,windwalker,18,11,7
Runefists,twisting-nether,1055,monk,windwalker,18,11,7
Mabkww,ravencrest,1055,monk,windwalker,18,11,7
Ijji,argent-dawn,1055,monk,windwalker,24,11,13
Mcflaïe,ysondre,1055,monk,windwalker,24,11,13
Garlä,archimonde,1054,monk,windwalker,18,11,7
Leolilu,ravencrest,1054,monk,windwalker,18,11,7
Shapzxd,archimonde,1054,monk,windwalker,18,11,7
Goldengem,silvermoon,1054,monk,windwalker,24,11,13
Вэилэй,gordunni,1054,monk,windwalker,24,11,13
Futtefut,ravencrest,1054,monk,windwalker,30,11,19
Tiaqa,aegwynn,1053,monk,windwalker,12,11,1
Zenothar,ravencrest,1053,monk,windwalker,18,11,7
Inkegomonk,draenor,1053,monk,windwalker,36,11,25
Cleør,blackmoore,1052,monk,windwalker,18,11,7
Degentz,alakir,1051,monk,windwalker,21,12,9
Gotmonkon,tarren-mill,1051,monk,windwalker,24,11,13
Realiaze,tichondrius,1051,monk,windwalker,30,11,19
Вамптолкер,howling-fjord,1049,monk,windwalker,18,11,7
Fantasiløs,twisting-nether,1049,monk,windwalker,18,11,7
Dokuziq,twisting-nether,1046,monk,windwalker,28,12,16
Klapptoast,blackmoore,1036,monk,windwalker,24,11,13
Monkiatsu,turalyon,1034,monk,windwalker,32,18,14
Néroburnsred,eredar,1031,monk,windwalker,33,12,21
Napqi,malganis,1023,monk,windwalker,17,11,6
Broner,dunemaul,1022,monk,windwalker,23,11,12
Roptoglad,hyjal,1017,monk,windwalker,29,11,18
Secretmonk,ravencrest,1007,monk,windwalker,23,11,12
Buggaa,dalaran,996,monk,windwalker,23,11,12
Dionee,twisting-nether,992,monk,windwalker,27,14,13
Marcianorock,archimonde,987,monk,windwalker,30,13,17
Agress,sanguino,984,monk,windwalker,72,33,39
Sarmal,nemesis,979,monk,windwalker,26,11,15
Вагонюлеера,howling-fjord,974,monk,windwalker,22,11,11
Elfisto,eredar,960,monk,windwalker,12,10,2
Pïpöu,archimonde,960,monk,windwalker,12,10,2
Plånck,archimonde,960,monk,windwalker,18,10,8
Ðävàizskó,ysondre,960,monk,windwalker,18,10,8
Senniñ,ravencrest,960,monk,windwalker,18,10,8
Wreckpuss,tarren-mill,960,monk,windwalker,18,10,8
Sqoobie,tarren-mill,960,monk,windwalker,18,10,8
Martur,bronzebeard,960,monk,windwalker,18,10,8
Mcscrub,ragnaros,960,monk,windwalker,18,10,8
Mädic,outland,960,monk,windwalker,18,10,8
Holmwalker,twisting-nether,960,monk,windwalker,18,10,8
Rìnox,blackmoore,960,monk,windwalker,18,10,8
Волкейн,soulflayer,960,monk,windwalker,24,10,14
Laggedfist,kazzak,960,monk,windwalker,24,10,14
Сугробикк,soulflayer,960,monk,windwalker,24,10,14
Kåtsumi,sanguino,960,monk,windwalker,24,10,14
Eggroll,archimonde,959,monk,windwalker,18,10,8
Nycea,blackrock,959,monk,windwalker,18,10,8
Miridius,silvermoon,959,monk,windwalker,24,10,14
Lottelita,tarren-mill,958,monk,windwalker,18,10,8
Трайтубайтми,gordunni,958,monk,windwalker,24,10,14
Blickx,draenor,958,monk,windwalker,24,10,14
Sigath,emeriss,958,monk,windwalker,36,10,26
Heffertonne,eredar,957,monk,windwalker,18,10,8
Permagone,argent-dawn,956,monk,windwalker,24,10,14
Doreese,moonglade,955,monk,windwalker,18,10,8
Монкфейс,howling-fjord,955,monk,windwalker,24,10,14
Ørlandéa,archimonde,952,monk,windwalker,23,12,11
Traxxus,sanguino,951,monk,windwalker,24,10,14
Sebbii,twisting-nether,927,monk,windwalker,23,10,13
Djbuttholex,tarren-mill,926,monk,windwalker,17,10,7
Karmachi,ravencrest,910,monk,windwalker,29,10,19
Chilleê,blackmoore,909,monk,windwalker,17,10,7
Концептуалик,gordunni,896,monk,windwalker,21,11,10
Gidmonk,darkspear,894,monk,windwalker,24,12,12
Denji,kargath,864,monk,windwalker,12,9,3
Denjasftw,culte-de-la-rive-noire,864,monk,windwalker,12,9,3
Pattafixcrin,blackrock,864,monk,windwalker,12,9,3
Gankplank,nemesis,864,monk,windwalker,18,9,9
Brols,dalaran,864,monk,windwalker,18,9,9
Weaverman,ragnaros,864,monk,windwalker,18,9,9
Snookzlol,aegwynn,864,monk,windwalker,18,9,9
Lrizz,argent-dawn,864,monk,windwalker,18,9,9
Zmile,ragnaros,864,monk,windwalker,18,9,9
Blizò,tarren-mill,864,monk,windwalker,18,9,9
Фортрен,deepholm,864,monk,windwalker,24,9,15
Flowér,auchindoun,864,monk,windwalker,24,9,15
Monkeystar,archimonde,863,monk,windwalker,12,9,3
Alandriai,blackmoore,863,monk,windwalker,12,9,3
Shrimpcawk,alonsus,863,monk,windwalker,18,9,9
Barneyzan,tarren-mill,863,monk,windwalker,18,9,9
Otp,hyjal,863,monk,windwalker,18,9,9
Wâgwân,hyjal,863,monk,windwalker,18,9,9
Fisty,lightbringer,863,monk,windwalker,24,9,15
Gálaxyfist,blackhand,863,monk,windwalker,24,9,15
Nouraxo,kazzak,862,monk,windwalker,18,9,9
Sûûn,hyjal,862,monk,windwalker,18,9,9
Lin,nathrezim,861,monk,windwalker,18,9,9
Monkgol,stormscale,861,monk,windwalker,18,9,9
Linocence,draenor,860,monk,windwalker,95,47,48
Tetetete,silvermoon,858,monk,windwalker,18,9,9
Somonks,twisting-nether,857,monk,windwalker,18,9,9
Patadademijo,tarren-mill,855,monk,windwalker,24,9,15
Mozzaks,doomhammer,852,monk,windwalker,12,9,3
Goltigald,archimonde,838,monk,windwalker,23,9,14
Апесиинка,gordunni,831,monk,windwalker,20,9,11
Apprentice,ravencrest,815,monk,windwalker,17,9,8
Yamo,blackrock,814,monk,windwalker,17,9,8
Enjàz,sylvanas,812,monk,windwalker,17,9,8
Okilexsan,sanguino,797,monk,windwalker,11,9,2
Karatiy,doomhammer,795,monk,windwalker,99,33,66
Monkiki,hyjal,784,monk,windwalker,25,9,16
Senguro,frostwolf,768,monk,windwalker,12,8,4
Vajawalkerx,twisting-nether,768,monk,windwalker,12,8,4
Meineaugen,blackhand,768,monk,windwalker,12,8,4
Karels,archimonde,768,monk,windwalker,12,8,4
Gøøgodx,tarren-mill,768,monk,windwalker,12,8,4
Ðìør,kazzak,768,monk,windwalker,12,8,4
Kukazamura,silvermoon,768,monk,windwalker,12,8,4
Gojò,outland,768,monk,windwalker,12,8,4
Такиера,gordunni,768,monk,windwalker,12,8,4
Slayh,archimonde,768,monk,windwalker,12,8,4
Sultanofrizz,draenor,768,monk,windwalker,12,8,4
Гномкия,gordunni,768,monk,windwalker,12,8,4
Fistyfast,hyjal,768,monk,windwalker,12,8,4
Wladqz,stormscale,768,monk,windwalker,12,8,4
Купейчик,gordunni,768,monk,windwalker,18,8,10
Cuteshygirl,shattrath,768,monk,windwalker,18,8,10
Jamiedhism,ravencrest,768,monk,windwalker,18,8,10
Stÿvww,archimonde,768,monk,windwalker,24,8,16
ßibip,hyjal,767,monk,windwalker,14,10,4
Nízra,archimonde,767,monk,windwalker,12,8,4
Earendil,culte-de-la-rive-noire,767,monk,windwalker,12,8,4
Odelagga,draenor,767,monk,windwalker,12,8,4
Sêssai,outland,767,monk,windwalker,12,8,4
Yungbaren,frostwolf,767,monk,windwalker,12,8,4
Hazzat,nordrassil,767,monk,windwalker,12,8,4
Дыня,gordunni,767,monk,windwalker,12,8,4
Merilwyn,argent-dawn,767,monk,windwalker,12,8,4
Kaztruman,draenor,767,monk,windwalker,15,9,6
Bansheerrz,hyjal,767,monk,windwalker,18,8,10
Kryzu,ragnaros,767,monk,windwalker,18,8,10
Risomonk,blackrock,767,monk,windwalker,18,8,10
Johnsôn,blackmoore,767,monk,windwalker,18,8,10
Løllapalooza,ragnaros,767,monk,windwalker,18,8,10
Mynaira,tarren-mill,767,monk,windwalker,25,8,17
Wilywolxx,silvermoon,766,monk,windwalker,12,8,4
Plsnerfrogue,tarren-mill,766,monk,windwalker,12,8,4
Pocaa,arakarahm,766,monk,windwalker,18,8,10
Rollah,ravencrest,765,monk,windwalker,18,8,10
Verfa,twisting-nether,765,monk,windwalker,18,8,10
Kaipo,ragnaros,765,monk,windwalker,24,8,16
Rangomind,silvermoon,761,monk,windwalker,12,8,4
Fredder,blackrock,701,monk,windwalker,23,8,15
Chiscake,blackrock,672,monk,windwalker,12,7,5
Shoelaren,ragnaros,672,monk,windwalker,12,7,5
Dopi,frostmane,672,monk,windwalker,12,7,5
Pawsy,twisting-nether,672,monk,windwalker,12,7,5
Saodiseng,outland,672,monk,windwalker,12,7,5
Yipmaan,kazzak,672,monk,windwalker,12,7,5
Âdonis,twisting-nether,672,monk,windwalker,12,7,5
Melaz,ravencrest,672,monk,windwalker,12,7,5
Dennismansix,sylvanas,672,monk,windwalker,12,7,5
Arthanaar,drakthul,672,monk,windwalker,12,7,5
Tortasauro,sanguino,672,monk,windwalker,12,7,5
Chanzey,silvermoon,672,monk,windwalker,12,7,5
Vixiatwo,outland,672,monk,windwalker,12,7,5
Potsymist,twisting-nether,672,monk,windwalker,12,7,5
Bryggarn,draenor,672,monk,windwalker,12,7,5
Sàlêxz,ysondre,672,monk,windwalker,12,7,5
Njursten,twilights-hammer,672,monk,windwalker,12,7,5
Джийви,goldrinn,672,monk,windwalker,18,7,11
Bonkboi,tarren-mill,672,monk,windwalker,18,7,11
Jkmonkyo,blackrock,672,monk,windwalker,18,7,11
Quï,hyjal,672,monk,windwalker,18,7,11
Keberathom,stormscale,672,monk,windwalker,18,7,11
Ráây,blackrock,672,monk,windwalker,18,7,11
Galexuz,blackrock,672,monk,windwalker,18,7,11
Niyatî,draenor,672,monk,windwalker,18,7,11
Elababe,ravencrest,672,monk,windwalker,18,7,11
Mystikmonk,blackrock,671,monk,windwalker,12,7,5
Teztouza,kazzak,671,monk,windwalker,12,7,5
Sonofelrond,twisting-nether,671,monk,windwalker,12,7,5
Эзархадон,lich-king,671,monk,windwalker,12,7,5
Bierdame,blackhand,671,monk,windwalker,12,7,5
Dubhira,blackmoore,671,monk,windwalker,12,7,5
Duches,tarren-mill,671,monk,windwalker,18,7,11
Velita,dun-modr,671,monk,windwalker,18,7,11
Arshy,silvermoon,671,monk,windwalker,18,7,11
Discosean,frostmane,671,monk,windwalker,18,7,11
Zhiothe,argent-dawn,670,monk,windwalker,12,7,5
Xamaan,sanguino,670,monk,windwalker,18,7,11
Mwoinesamdi,hyjal,670,monk,windwalker,18,7,11
Dummars,ragnaros,670,monk,windwalker,18,7,11
Рочч,gordunni,668,monk,windwalker,12,7,5
Kirara,talnivarr,668,monk,windwalker,12,7,5
Undgrund,burning-legion,661,monk,windwalker,18,7,11
Humpenpower,blackhand,655,monk,windwalker,17,7,10
Fusetonww,tarren-mill,623,monk,windwalker,11,7,4
Ahlu,argent-dawn,623,monk,windwalker,21,7,14
Ktrina,ravencrest,618,monk,windwalker,21,9,12
Sori,mazrigos,592,monk,windwalker,19,7,12
Rezuz,draenor,576,monk,windwalker,6,6,0
Yeol,ravencrest,576,monk,windwalker,12,6,6
Bubjuu,ravencrest,576,monk,windwalker,12,6,6
Tenszangetsu,ragnaros,576,monk,windwalker,12,6,6
Sungødx,blackrock,576,monk,windwalker,12,6,6
Worasemonk,hyjal,576,monk,windwalker,12,6,6
Rhâzalgûl,khaz-modan,576,monk,windwalker,12,6,6
Gîø,blackmoore,576,monk,windwalker,12,6,6
Мэрджик,soulflayer,576,monk,windwalker,12,6,6
Муаннуар,soulflayer,576,monk,windwalker,12,6,6
Rainymonday,ravencrest,576,monk,windwalker,12,6,6
Luckyjones,tarren-mill,576,monk,windwalker,12,6,6
Xàrslòulolz,kazzak,576,monk,windwalker,12,6,6
Gramkin,ravencrest,576,monk,windwalker,12,6,6
Whoszeus,archimonde,576,monk,windwalker,12,6,6
Pabu,emeriss,576,monk,windwalker,12,6,6
Doyoubleed,twisting-nether,576,monk,windwalker,12,6,6
Ilovecravmag,draenor,576,monk,windwalker,12,6,6
Ampm,ravencrest,576,monk,windwalker,12,6,6
Nyrkkikylpy,ravencrest,576,monk,windwalker,12,6,6
Geezer,the-maelstrom,576,monk,windwalker,12,6,6
Tecisharmony,ravencrest,576,monk,windwalker,12,6,6
Jam,aerie-peak,576,monk,windwalker,12,6,6
Ferree,tarren-mill,576,monk,windwalker,12,6,6
Balance,laughing-skull,576,monk,windwalker,12,6,6
Fiddyy,outland,576,monk,windwalker,12,6,6
Jollyzug,blackrock,576,monk,windwalker,12,6,6
Níko,korgall,576,monk,windwalker,12,6,6
Turbofistsqt,kazzak,576,monk,windwalker,12,6,6
Ogelele,twisting-nether,576,monk,windwalker,12,6,6
Монкигодхх,howling-fjord,576,monk,windwalker,13,6,7
Bbcmonkinc,aegwynn,576,monk,windwalker,16,7,9
Мишадуротар,borean-tundra,576,monk,windwalker,16,7,9
Fiststowin,blackrock,576,monk,windwalker,18,6,12
Xoconut,ravencrest,576,monk,windwalker,18,6,12
Norgamx,alakir,576,monk,windwalker,18,6,12
Desmî,ravencrest,576,monk,windwalker,18,6,12
Кримсон,blackscar,575,monk,windwalker,6,6,0
Iluvatareru,twisting-nether,575,monk,windwalker,12,6,6
Okpm,marécage-de-zangar,575,monk,windwalker,12,6,6
Woknroll,draenor,575,monk,windwalker,12,6,6
Raychi,draenor,575,monk,windwalker,12,6,6
Teetoor,argent-dawn,575,monk,windwalker,12,6,6
Chiroidz,kazzak,575,monk,windwalker,12,6,6
Woalter,silvermoon,575,monk,windwalker,12,6,6
Jaylée,thrall,574,monk,windwalker,12,6,6
Mönchdog,blackmoore,573,monk,windwalker,12,6,6
Veila,the-maelstrom,573,monk,windwalker,12,6,6
Izabell,bronzebeard,573,monk,windwalker,18,6,12
Mullan,eonar,573,monk,windwalker,24,6,18
Монкуем,gordunni,567,monk,windwalker,12,6,6
Жарптыца,gordunni,559,monk,windwalker,17,6,11
Dianly,ravencrest,543,monk,windwalker,23,6,17
Merjis,stormscale,527,monk,windwalker,11,6,5
Armutschkerl,blackhand,522,monk,windwalker,23,8,15
Жекадобряк,howling-fjord,503,monk,windwalker,15,7,8
Kapud,twisting-nether,480,monk,windwalker,6,5,1
Nastyvibes,dun-modr,480,monk,windwalker,6,5,1
Ноупэйн,soulflayer,480,monk,windwalker,6,5,1
Larsowns,ragnaros,480,monk,windwalker,6,5,1
Emptyeyés,kazzak,480,monk,windwalker,6,5,1
Энвишь,soulflayer,480,monk,windwalker,6,5,1
Wheelchairqt,stormscale,480,monk,windwalker,6,5,1
Killabees,stormscale,480,monk,windwalker,6,5,1
Монкигодх,howling-fjord,480,monk,windwalker,6,5,1
Boxarnsgrabb,shattered-hand,480,monk,windwalker,6,5,1
Tubørg,ravencrest,480,monk,windwalker,12,5,7
Onlypressw,tarren-mill,480,monk,windwalker,12,5,7
Investing,silvermoon,480,monk,windwalker,12,5,7
Расселкроу,galakrond,480,monk,windwalker,12,5,7
Joshxao,blackmoore,480,monk,windwalker,12,5,7
Kebabvevaren,twisting-nether,480,monk,windwalker,12,5,7
Nerd,argent-dawn,480,monk,windwalker,12,5,7
Enrookiejr,aegwynn,480,monk,windwalker,12,5,7
Aljabbar,ravencrest,480,monk,windwalker,12,5,7
Franziskanus,das-syndikat,480,monk,windwalker,12,5,7
Kaelwind,burning-legion,480,monk,windwalker,12,5,7
Мяуки,soulflayer,480,monk,windwalker,12,5,7
Badcøwboy,archimonde,480,monk,windwalker,12,5,7
Betelgeuse,jaedenar,480,monk,windwalker,12,5,7
Yaxleyx,dragonblight,480,monk,windwalker,12,5,7
Plingpong,sylvanas,480,monk,windwalker,12,5,7
Kenjibsen,blackhand,480,monk,windwalker,12,5,7
Bwayn,blackhand,480,monk,windwalker,12,5,7
Fistus,dentarg,480,monk,windwalker,12,5,7
Bimberta,argent-dawn,480,monk,windwalker,12,5,7
Jjslag,stormscale,480,monk,windwalker,12,5,7
Nevertouch,blackrock,480,monk,windwalker,12,5,7
Кунфумастер,gordunni,480,monk,windwalker,12,5,7
Áutumnfalls,stormscale,480,monk,windwalker,12,5,7
Belobe,stormscale,480,monk,windwalker,12,5,7
Grintilif,malygos,480,monk,windwalker,12,5,7
Käsefäuste,azshara,480,monk,windwalker,12,5,7
Gorguts,stormscale,480,monk,windwalker,12,5,7
Astriz,outland,480,monk,windwalker,12,5,7
Archnun,stormscale,480,monk,windwalker,12,5,7
Mayliene,stormscale,480,monk,windwalker,12,5,7
Babyfax,draenor,480,monk,windwalker,12,5,7
Pîna,onyxia,480,monk,windwalker,12,5,7
Qtv,arthas,480,monk,windwalker,12,5,7
Drfistalot,blackrock,480,monk,windwalker,12,5,7
Diagmonk,kazzak,480,monk,windwalker,12,5,7
Немонахх,howling-fjord,480,monk,windwalker,18,5,13
Nicetrybuddy,draenor,480,monk,windwalker,18,5,13
Askarg,khaz-modan,479,monk,windwalker,12,5,7
Диксэш,ashenvale,479,monk,windwalker,12,5,7
Alopécida,voljin,479,monk,windwalker,15,6,9
Øñ,cthun,479,monk,windwalker,18,5,13
Effeots,blackrock,479,monk,windwalker,18,5,13
Tjukkas,bloodhoof,479,monk,windwalker,24,5,19
Blackdu,drakthul,477,monk,windwalker,16,6,10
Sadwhi,turalyon,472,monk,windwalker,12,5,7
Wodniuch,defias-brotherhood,447,monk,windwalker,11,5,6
Lqp,outland,447,monk,windwalker,11,5,6
Dushimonk,runetotem,416,monk,windwalker,10,5,5
Камагами,howling-fjord,400,monk,windwalker,7,5,2
Theoalt,dragonblight,399,monk,windwalker,5,5,0
Blazeuu,drakthul,384,monk,windwalker,6,4,2
Palarîns,dalaran,384,monk,windwalker,6,4,2
Monkflexi,draenor,384,monk,windwalker,6,4,2
Styxmk,blackhand,384,monk,windwalker,6,4,2
Tàlo,anachronos,384,monk,windwalker,6,4,2
Vjelan,forscherliga,384,monk,windwalker,6,4,2
Silcet,stormscale,384,monk,windwalker,6,4,2
Baisi,blackhand,384,monk,windwalker,6,4,2
Twdabuser,tarren-mill,384,monk,windwalker,6,4,2
Venersere,eitrigg,384,monk,windwalker,6,4,2
Møønkëy,archimonde,384,monk,windwalker,6,4,2
Sprizzfuaz,blackmoore,384,monk,windwalker,6,4,2
Disciprín,tarren-mill,384,monk,windwalker,6,4,2
Karatemonk,stormscale,384,monk,windwalker,6,4,2
Piednuques,archimonde,384,monk,windwalker,6,4,2
Krazylegs,sanguino,384,monk,windwalker,6,4,2
Dadrael,argent-dawn,384,monk,windwalker,6,4,2
Vetocorleone,kazzak,384,monk,windwalker,6,4,2
Seyley,tarren-mill,384,monk,windwalker,6,4,2
Twinkletoe,twisting-nether,384,monk,windwalker,6,4,2
Windstormcro,ragnaros,384,monk,windwalker,6,4,2
Tysonwonka,thrall,384,monk,windwalker,6,4,2
Krâr,onyxia,384,monk,windwalker,6,4,2
Wushin,antonidas,384,monk,windwalker,6,4,2
Orenichi,antonidas,384,monk,windwalker,6,4,2
Diagmonk,arathi,384,monk,windwalker,6,4,2
Rugys,ravenholdt,384,monk,windwalker,6,4,2
Jériícho,khaz-modan,384,monk,windwalker,6,4,2
Mickjabber,aegwynn,384,monk,windwalker,6,4,2
Wingwalker,twisting-nether,384,monk,windwalker,6,4,2
Soulspar,ragnaros,384,monk,windwalker,6,4,2
Windvibes,antonidas,384,monk,windwalker,6,4,2
Jetcee,kazzak,384,monk,windwalker,6,4,2
Larrý,sylvanas,384,monk,windwalker,6,4,2
Orênda,silvermoon,384,monk,windwalker,6,4,2
Onn,outland,384,monk,windwalker,6,4,2
Clìtfister,silvermoon,384,monk,windwalker,6,4,2
Hertel,boulderfist,384,monk,windwalker,6,4,2
Sepi,hellfire,384,monk,windwalker,6,4,2
Пашаскороход,gordunni,384,monk,windwalker,6,4,2
Нежненький,gordunni,384,monk,windwalker,6,4,2
Емопацан,gordunni,384,monk,windwalker,6,4,2
Màlydôr,outland,384,monk,windwalker,6,4,2
Hoøo,hyjal,384,monk,windwalker,12,4,8
Risingspud,frostmane,384,monk,windwalker,12,4,8
Ожиганов,soulflayer,384,monk,windwalker,12,4,8
Scribzz,twisting-nether,384,monk,windwalker,12,4,8
Dëvilliä,ragnaros,384,monk,windwalker,12,4,8
Blutáar,khazgoroth,384,monk,windwalker,12,4,8
Räyh,outland,384,monk,windwalker,12,4,8
Кириешек,deathguard,384,monk,windwalker,12,4,8
Symaro,aegwynn,384,monk,windwalker,12,4,8
Jessie,bloodscalp,384,monk,windwalker,12,4,8
Andrah,blackmoore,384,monk,windwalker,12,4,8
Крэйзимедвед,howling-fjord,384,monk,windwalker,12,4,8
Байтли,gordunni,384,monk,windwalker,12,4,8
Kushvendorx,silvermoon,384,monk,windwalker,12,4,8
Aesthetìc,draenor,384,monk,windwalker,12,4,8
Goremancey,draenor,384,monk,windwalker,12,4,8
Ñinjakick,outland,384,monk,windwalker,12,4,8
Ragobd,argent-dawn,384,monk,windwalker,12,4,8
Bluum,ravencrest,384,monk,windwalker,12,4,8
Bigkim,khadgar,384,monk,windwalker,12,4,8
Аоепуп,soulflayer,384,monk,windwalker,12,4,8
Chlamydious,silvermoon,384,monk,windwalker,18,4,14
Runny,sanguino,384,monk,windwalker,18,4,14
Yuchiiro,hyjal,383,monk,windwalker,6,4,2
Bbinzu,lothar,383,monk,windwalker,6,4,2
Monktoon,doomhammer,383,monk,windwalker,12,4,8
Югэн,azuregos,383,monk,windwalker,12,4,8
Broussly,voljin,380,monk,windwalker,12,4,8
Youngmonk,tarren-mill,351,monk,windwalker,17,4,13
Scedadle,outland,336,monk,windwalker,9,4,5
Benkkei,ysondre,336,monk,windwalker,15,4,11
Jujujitsu,archimonde,330,monk,windwalker,17,4,13
Choje,blackmoore,319,monk,windwalker,5,4,1
Des,bronzebeard,319,monk,windwalker,8,4,4
Alë,argent-dawn,319,monk,windwalker,8,4,4
Monkacek,drakthul,288,monk,windwalker,6,3,3
Tshajek,hyjal,288,monk,windwalker,6,3,3
Despéradø,archimonde,288,monk,windwalker,6,3,3
Ratfacè,outland,288,monk,windwalker,6,3,3
Shaol,stormreaver,288,monk,windwalker,6,3,3
Räpeltäjä,stormreaver,288,monk,windwalker,6,3,3
Klotsobunidi,kazzak,288,monk,windwalker,6,3,3
Zéná,gilneas,288,monk,windwalker,6,3,3
Dasjinso,blackhand,288,monk,windwalker,6,3,3
Dertekk,archimonde,288,monk,windwalker,6,3,3
Marcjess,kazzak,288,monk,windwalker,6,3,3
Bg,blackhand,288,monk,windwalker,6,3,3
Wowweaver,outland,288,monk,windwalker,6,3,3
Lokregar,blackmoore,288,monk,windwalker,6,3,3
Пингкин,deathweaver,288,monk,windwalker,6,3,3
Ybnobama,outland,288,monk,windwalker,6,3,3
Sizok,blackmoore,288,monk,windwalker,6,3,3
Fapmaster,aegwynn,288,monk,windwalker,6,3,3
Arisua,blackhand,288,monk,windwalker,6,3,3
Aaronm,tarren-mill,288,monk,windwalker,6,3,3
Daltailr,silvermoon,288,monk,windwalker,6,3,3
Monkelibonk,ravencrest,288,monk,windwalker,6,3,3
Blyadislav,ravencrest,288,monk,windwalker,6,3,3
Iluvfistinjk,sylvanas,288,monk,windwalker,6,3,3
Bluumorc,ravencrest,288,monk,windwalker,6,3,3
Koot,ragnaros,288,monk,windwalker,6,3,3
Exòar,ravencrest,288,monk,windwalker,6,3,3
Kungf,twisting-nether,288,monk,windwalker,6,3,3
Jakfuki,ragnaros,288,monk,windwalker,6,3,3
Adewelee,dalaran,288,monk,windwalker,6,3,3
Tjmnk,ravencrest,288,monk,windwalker,6,3,3
Tossen,ragnaros,288,monk,windwalker,6,3,3
Бреэйн,howling-fjord,288,monk,windwalker,6,3,3
Qdwdwqerdads,ravencrest,288,monk,windwalker,6,3,3
Droozy,silvermoon,288,monk,windwalker,6,3,3
Realfighter,arathor,288,monk,windwalker,6,3,3
Междунамиад,gordunni,288,monk,windwalker,6,3,3
Homelanderxx,tarren-mill,288,monk,windwalker,6,3,3
Notadrâgon,sylvanas,288,monk,windwalker,6,3,3
Antomamonk,ravencrest,288,monk,windwalker,6,3,3
Bobblasfists,tarren-mill,288,monk,windwalker,6,3,3
Stonkss,ragnaros,288,monk,windwalker,6,3,3
Рендикаое,soulflayer,288,monk,windwalker,6,3,3
Zunixxww,terrordar,288,monk,windwalker,6,3,3
Zelraqt,burning-steppes,288,monk,windwalker,6,3,3
Ðoom,sylvanas,288,monk,windwalker,6,3,3
Дзинкс,howling-fjord,288,monk,windwalker,6,3,3
Xpobak,ravencrest,288,monk,windwalker,6,3,3
Velduin,dun-modr,288,monk,windwalker,6,3,3
Xen,uldum,288,monk,windwalker,6,3,3
Møngøwéávé,argent-dawn,288,monk,windwalker,6,3,3
Астрал,soulflayer,288,monk,windwalker,6,3,3
Atrøciøus,ravencrest,288,monk,windwalker,6,3,3
Sajin,la-croisade-écarlate,288,monk,windwalker,6,3,3
Phesxm,sylvanas,288,monk,windwalker,6,3,3
Hästgodx,the-maelstrom,288,monk,windwalker,6,3,3
Zìnko,eredar,288,monk,windwalker,6,3,3
Авентусс,howling-fjord,288,monk,windwalker,6,3,3
Бичмэн,deathguard,288,monk,windwalker,6,3,3
Street,nethersturm,288,monk,windwalker,7,3,4
Balkanbeastt,draenor,288,monk,windwalker,10,4,6
Barylen,outland,288,monk,windwalker,12,3,9
Howkong,archimonde,288,monk,windwalker,12,3,9
Cøbrakaï,archimonde,288,monk,windwalker,12,3,9
Mönchfatih,blackhand,288,monk,windwalker,12,3,9
Roxmonk,ravencrest,288,monk,windwalker,12,3,9
Clamps,darkspear,288,monk,windwalker,12,3,9
Mongole,hellscream,288,monk,windwalker,12,3,9
Ikasama,culte-de-la-rive-noire,288,monk,windwalker,12,3,9
Jgma,auchindoun,288,monk,windwalker,12,3,9
Dòrâ,archimonde,288,monk,windwalker,12,3,9
Geliôs,kazzak,288,monk,windwalker,12,3,9
Ayyee,blackmoore,288,monk,windwalker,18,3,15
Мистерхюй,gordunni,288,monk,windwalker,18,3,15
Lewimoäne,khaz-modan,287,monk,windwalker,6,3,3
Brucilli,dalaran,287,monk,windwalker,6,3,3
Wallky,burning-blade,287,monk,windwalker,18,3,15
Syaóran,exodar,286,monk,windwalker,12,3,9
Пкмлкм,gordunni,255,monk,windwalker,11,3,8
Dolkenm,tarren-mill,240,monk,windwalker,9,4,5
Zerno,archimonde,239,monk,windwalker,5,3,2
Iamzra,kazzak,239,monk,windwalker,11,3,8
Kungfupandy,blackmoore,224,monk,windwalker,10,3,7
Trolleurz,archimonde,224,monk,windwalker,16,3,13
Idointcare,ravencrest,192,monk,windwalker,4,3,1
Bignessb,draenor,192,monk,windwalker,4,3,1
Kano,burning-legion,192,monk,windwalker,9,3,6
Npkwalker,outland,192,monk,windwalker,6,2,4
Lilßaby,archimonde,192,monk,windwalker,6,2,4
Jackonk,eredar,192,monk,windwalker,6,2,4
Musclorww,ysondre,192,monk,windwalker,6,2,4
Stenhård,azjolnerub,192,monk,windwalker,6,2,4
Дедизшишки,soulflayer,192,monk,windwalker,6,2,4
Akazuki,frostwolf,192,monk,windwalker,6,2,4
Glorïagaynor,archimonde,192,monk,windwalker,6,2,4
Yaevinn,burning-legion,192,monk,windwalker,6,2,4
Joachi,outland,192,monk,windwalker,6,2,4
Panicfist,stormscale,192,monk,windwalker,6,2,4
Tayoo,aegwynn,192,monk,windwalker,6,2,4
Niborc,doomhammer,192,monk,windwalker,6,2,4
Latify,todeswache,192,monk,windwalker,6,2,4
Khirazim,ysondre,192,monk,windwalker,6,2,4
Shïma,sargeras,192,monk,windwalker,6,2,4
Dodoglad,hyjal,192,monk,windwalker,6,2,4
Akkadianx,ravencrest,192,monk,windwalker,6,2,4
Bloodychi,ravencrest,192,monk,windwalker,6,2,4
Tonikor,kazzak,192,monk,windwalker,6,2,4
Psyhooz,burning-legion,192,monk,windwalker,6,2,4
Bobthewild,draenor,192,monk,windwalker,6,2,4
Lxq,blackhand,192,monk,windwalker,6,2,4
Nebelpanda,ravencrest,192,monk,windwalker,6,2,4
Bamboosnack,kazzak,192,monk,windwalker,6,2,4
Tyrastel,dalaran,192,monk,windwalker,6,2,4
Deathpùlse,ravencrest,192,monk,windwalker,6,2,4
Bensil,ravencrest,192,monk,windwalker,6,2,4
Brewroll,ravencrest,192,monk,windwalker,6,2,4
Icaena,ravencrest,192,monk,windwalker,6,2,4
Mezeko,stormscale,192,monk,windwalker,6,2,4
Øåæøæøåæ,kazzak,192,monk,windwalker,6,2,4
Márliene,twisting-nether,192,monk,windwalker,6,2,4
Lollonko,kazzak,192,monk,windwalker,6,2,4
Påiñ,silvermoon,192,monk,windwalker,6,2,4
Lildaddymonk,ravencrest,192,monk,windwalker,6,2,4
Friidam,lightbringer,192,monk,windwalker,6,2,4
Geochi,tarren-mill,192,monk,windwalker,6,2,4
Brevduwan,ragnaros,192,monk,windwalker,6,2,4
Frajer,auchindoun,192,monk,windwalker,6,2,4
Zýru,ragnaros,192,monk,windwalker,6,2,4
Lilotus,ragnaros,192,monk,windwalker,6,2,4
Såliten,tarren-mill,192,monk,windwalker,6,2,4
Orcword,ragnaros,192,monk,windwalker,6,2,4
Rationis,blackmoore,192,monk,windwalker,6,2,4
Loriodas,tarren-mill,192,monk,windwalker,6,2,4
Eynodiggity,blackmoore,192,monk,windwalker,6,2,4
Walterwayne,blackrock,192,monk,windwalker,6,2,4
Fistingfury,burning-blade,192,monk,windwalker,6,2,4
Miamausebär,blackmoore,192,monk,windwalker,6,2,4
Gabbah,blackrock,192,monk,windwalker,6,2,4
Майамибитч,howling-fjord,192,monk,windwalker,6,2,4
Mtmonk,tarren-mill,192,monk,windwalker,6,2,4
Îreful,tarren-mill,192,monk,windwalker,6,2,4
Savecdfornxt,blackmoore,192,monk,windwalker,6,2,4
Monkkr,argent-dawn,192,monk,windwalker,6,2,4
Yamqt,thrall,192,monk,windwalker,6,2,4
Schneewase,blackrock,192,monk,windwalker,6,2,4
Drýton,blackrock,192,monk,windwalker,6,2,4
Píkachuu,ragnaros,192,monk,windwalker,9,2,7
Tongat,ravencrest,192,monk,windwalker,12,2,10
Shaow,hyjal,192,monk,windwalker,12,2,10
Гнидожор,booty-bay,192,monk,windwalker,12,2,10
Mashalar,ravencrest,191,monk,windwalker,6,2,4
Соловьюх,gordunni,191,monk,windwalker,6,2,4
Yianjih,blackmoore,191,monk,windwalker,6,2,4
Vyneth,draenor,144,monk,windwalker,3,3,0
Óó,los-errantes,144,monk,windwalker,9,2,7
Astmönk,archimonde,127,monk,windwalker,8,2,6
Uftis,thrall,127,monk,windwalker,8,2,6
Циорех,gordunni,96,monk,windwalker,3,2,1
Nightninja,drakthul,96,monk,windwalker,6,1,5
Zugzuwg,ahnqiraj,96,monk,windwalker,6,1,5
Olympeá,silvermoon,96,monk,windwalker,6,1,5
Cumspiller,ravencrest,96,monk,windwalker,6,1,5
Zymonks,silvermoon,96,monk,windwalker,6,1,5
Dìó,tarren-mill,96,monk,windwalker,6,1,5
Родиер,gordunni,96,monk,windwalker,6,1,5
Yvètte,ravencrest,96,monk,windwalker,6,1,5
Dudulinda,silvermoon,96,monk,windwalker,6,1,5
Gøsù,antonidas,96,monk,windwalker,6,1,5
Kickboxer,burning-legion,96,monk,windwalker,6,1,5
Smâsh,blackhand,96,monk,windwalker,6,1,5
Жъёь,howling-fjord,96,monk,windwalker,6,1,5
Mjaweaver,stormscale,96,monk,windwalker,6,1,5
Doneithné,stormscale,96,monk,windwalker,6,1,5
Løkî,culte-de-la-rive-noire,96,monk,windwalker,6,1,5
Musaya,chamber-of-aspects,96,monk,windwalker,6,1,5
Drlightorc,tarren-mill,96,monk,windwalker,6,1,5
Тиронфлакс,soulflayer,96,monk,windwalker,6,1,5
Jongoatjones,outland,96,monk,windwalker,6,1,5
Sînge,archimonde,96,monk,windwalker,6,1,5
Deuxmonk,outland,96,monk,windwalker,6,1,5
Lîlpumpx,outland,96,monk,windwalker,6,1,5
Draina,archimonde,96,monk,windwalker,6,1,5
Kazéshini,doomhammer,96,monk,windwalker,6,1,5
Çùçé,dalaran,96,monk,windwalker,6,1,5
Olgachocolat,blackmoore,96,monk,windwalker,6,1,5
Mìcrøb,blackmoore,96,monk,windwalker,6,1,5
Синнэрли,soulflayer,96,monk,windwalker,6,1,5
Bâsarä,archimonde,96,monk,windwalker,6,1,5
Kaizenthor,runetotem,96,monk,windwalker,6,1,5
Мяяумяу,gordunni,96,monk,windwalker,6,1,5
Konnîchîwa,kazzak,96,monk,windwalker,6,1,5
Butrinto,hellfire,96,monk,windwalker,6,1,5
Umbrâsyl,ravencrest,96,monk,windwalker,6,1,5
Бумчака,blackscar,96,monk,windwalker,6,1,5
Kinføu,hyjal,96,monk,windwalker,6,1,5
Jakaron,kazzak,96,monk,windwalker,6,1,5
Monkenya,kazzak,96,monk,windwalker,6,1,5
Dadeldo,blackrock,96,monk,windwalker,6,1,5
Onisakebi,nemesis,96,monk,windwalker,10,1,9
Araey,argent-dawn,89,monk,windwalker,9,3,6
Odanobunaga,ravencrest,79,monk,windwalker,5,1,4
Xtcc,kazzak,79,monk,windwalker,5,1,4
Tenzen,dun-modr,79,monk,windwalker,11,1,10
Touchgodx,blackrock,64,monk,windwalker,4,1,3
Огненныйкит,blackscar,48,monk,windwalker,3,1,2
Xámell,ravencrest,48,monk,windwalker,3,1,2
Shamarinator,kazzak,42,monk,windwalker,9,2,7
Monkinko,tarren-mill,42,monk,windwalker,10,2,8
Pjetro,draenor,31,monk,windwalker,2,1,1
Everydayrain,ravencrest,31,monk,windwalker,2,1,1
Åbx,argent-dawn,2191,paladin,holy,113,59,54
Wiriday,draenor,2168,paladin,holy,275,141,134
Crewxdlolz,frostmane,2123,paladin,holy,211,118,93
Likkik,ravencrest,2121,paladin,holy,86,42,44
Royki,the-maelstrom,2111,paladin,holy,70,38,32
Алексендлер,howling-fjord,2061,paladin,holy,356,194,162
Ranchiek,ravencrest,2019,paladin,holy,60,31,29
Lickssi,outland,2001,paladin,holy,94,56,38
Måvé,tarren-mill,1974,paladin,holy,90,55,35
Nemesisbot,dun-modr,1965,paladin,holy,102,59,43
Zabrok,outland,1951,paladin,holy,64,38,26
Goyimslayer,ravencrest,1939,paladin,holy,114,61,53
Jìmjim,ysondre,1916,paladin,holy,114,53,61
Peacerainer,stormscale,1915,paladin,holy,72,32,40
Rïzé,ravencrest,1911,paladin,holy,54,26,28
Aww,anachronos,1874,paladin,holy,150,77,73
Kyoma,burning-legion,1869,paladin,holy,149,70,79
Pointguard,blackrock,1862,paladin,holy,54,28,26
Tipmax,ravencrest,1856,paladin,holy,61,37,24
Goodpeace,kazzak,1855,paladin,holy,73,35,38
Niwariel,silvermoon,1852,paladin,holy,60,37,23
Типмакс,howling-fjord,1851,paladin,holy,42,25,17
Áftershøck,ravencrest,1850,paladin,holy,60,32,28
Powertilt,ravencrest,1848,paladin,holy,159,77,82
Wheelybin,argent-dawn,1843,paladin,holy,53,23,30
Optîmuslîme,veklor,1835,paladin,holy,42,27,15
Vaîjin,aegwynn,1827,paladin,holy,154,77,77
Rekieuna,archimonde,1825,paladin,holy,354,185,169
Phalphlingo,stormscale,1824,paladin,holy,84,40,44
Wokyo,tarren-mill,1823,paladin,holy,231,134,97
Jeø,stormscale,1823,paladin,holy,54,28,26
Eldorín,blackmoore,1823,paladin,holy,54,20,34
Kianpal,silvermoon,1818,paladin,holy,158,89,69
Galaxys,blackhand,1818,paladin,holy,128,62,66
Neverlostx,ravencrest,1816,paladin,holy,48,31,17
Popecrusade,archimonde,1813,paladin,holy,107,66,41
Ránchìek,ravencrest,1812,paladin,holy,54,26,28
Welivewewin,defias-brotherhood,1811,paladin,holy,151,78,73
Majör,ysondre,1809,paladin,holy,66,34,32
Danipaladin,tarren-mill,1808,paladin,holy,76,44,32
Seabrook,stormscale,1808,paladin,holy,90,34,56
Jûliâ,archimonde,1777,paladin,holy,88,49,39
Edelarøs,ysondre,1771,paladin,holy,54,27,27
Гола,gordunni,1771,paladin,holy,97,44,53
Reckx,argent-dawn,1766,paladin,holy,53,26,27
Shufflenjoyr,argent-dawn,1765,paladin,holy,113,56,57
Holylightxz,runetotem,1765,paladin,holy,93,46,47
Pêacerainer,stormscale,1765,paladin,holy,186,78,108
Макстипчик,howling-fjord,1758,paladin,holy,63,29,34
Emloses,outland,1750,paladin,holy,282,149,133
Svyata,twisting-nether,1748,paladin,holy,101,46,55
Holysacx,aegwynn,1745,paladin,holy,42,25,17
Pignonn,dalaran,1745,paladin,holy,119,61,58
Rettyfield,blackrock,1744,paladin,holy,42,23,19
Гигашмяк,howling-fjord,1742,paladin,holy,221,115,106
Wollymolly,ravencrest,1741,paladin,holy,60,30,30
Everflame,blackmoore,1739,paladin,holy,84,50,34
Dbblou,draenor,1739,paladin,holy,42,20,22
Jüther,pozzo-delleternità,1736,paladin,holy,35,19,16
Vindîcator,defias-brotherhood,1736,paladin,holy,191,91,100
Аришалисичка,blackscar,1727,paladin,holy,70,36,34
Skyf,outland,1717,paladin,holy,239,116,123
Valia,argent-dawn,1715,paladin,holy,75,40,35
Tyrsa,defias-brotherhood,1715,paladin,holy,53,23,30
Haylø,archimonde,1714,paladin,holy,45,24,21
Stratarxis,kazzak,1714,paladin,holy,82,43,39
Runtheshôw,tarren-mill,1714,paladin,holy,149,69,80
Kwinn,aggra-português,1713,paladin,holy,36,18,18
Pigpiss,ravencrest,1707,paladin,holy,46,19,27
Beefcrusher,outland,1704,paladin,holy,42,18,24
Faíren,mugthol,1697,paladin,holy,66,36,30
Emlight,kazzak,1693,paladin,holy,53,32,21
Акунделар,gordunni,1689,paladin,holy,119,59,60
Tibælius,ravencrest,1683,paladin,holy,65,33,32
Thaderyl,auchindoun,1678,paladin,holy,168,82,86
Lycerax,antonidas,1677,paladin,holy,42,24,18
Arysur,defias-brotherhood,1677,paladin,holy,251,123,128
Voklane,tarren-mill,1676,paladin,holy,48,23,25
Мылонеуроних,deathguard,1675,paladin,holy,54,26,28
Narkal,archimonde,1672,paladin,holy,99,51,48
Думгохан,howling-fjord,1670,paladin,holy,42,18,24
Holysac,aegwynn,1669,paladin,holy,48,26,22
Isøri,antonidas,1667,paladin,holy,114,58,56
Callístó,amanthul,1667,paladin,holy,277,139,138
Ajani,la-croisade-écarlate,1667,paladin,holy,48,19,29
Wíw,kazzak,1664,paladin,holy,136,71,65
Mðnsterz,archimonde,1661,paladin,holy,54,25,29
Shabbyy,bronzebeard,1659,paladin,holy,102,58,44
Лайтпалочка,soulflayer,1657,paladin,holy,274,135,139
Fleshgraft,drakthul,1653,paladin,holy,48,26,22
Kakii,gorgonnash,1645,paladin,holy,59,24,35
Spinne,tarren-mill,1642,paladin,holy,142,71,71
Itsjulie,sylvanas,1642,paladin,holy,94,46,48
Tibelious,ravencrest,1635,paladin,holy,84,34,50
Хегия,gordunni,1633,paladin,holy,48,28,20
Мускатер,gordunni,1633,paladin,holy,58,26,32
Holychît,sanguino,1631,paladin,holy,111,53,58
Baazil,ragnaros,1631,paladin,holy,84,38,46
Chowo,argent-dawn,1631,paladin,holy,63,26,37
Insanevegan,ravencrest,1628,paladin,holy,66,33,33
Holeck,aegwynn,1627,paladin,holy,66,26,40
Máttés,antonidas,1626,paladin,holy,59,21,38
Chryme,thrall,1625,paladin,holy,60,33,27
Jeromesavile,tarren-mill,1625,paladin,holy,143,68,75
Jambbo,twisting-nether,1622,paladin,holy,148,81,67
Jcbubs,xavius,1619,paladin,holy,180,91,89
Nezâ,thrall,1619,paladin,holy,58,26,32
Blazerlolz,kazzak,1616,paladin,holy,60,33,27
Athenewins,tarren-mill,1616,paladin,holy,400,210,190
Lexolex,ravencrest,1616,paladin,holy,36,17,19
Papasito,tarren-mill,1616,paladin,holy,48,17,31
Percocetx,tarren-mill,1613,paladin,holy,54,24,30
Buntqt,kazzak,1612,paladin,holy,100,54,46
Andûrîl,tarren-mill,1610,paladin,holy,101,49,52
ßestsacjk,kazzak,1610,paladin,holy,54,22,32
Pisr,draenor,1607,paladin,holy,48,21,27
Острит,gordunni,1605,paladin,holy,78,45,33
Xaérulus,draenor,1604,paladin,holy,35,20,15
Джонниджага,blackscar,1604,paladin,holy,58,28,30
Lexó,ravencrest,1604,paladin,holy,42,20,22
Stepsislana,tarren-mill,1601,paladin,holy,30,17,13
Judgejuryexe,kazzak,1600,paladin,holy,92,44,48
Xray,ahnqiraj,1598,paladin,holy,53,27,26
Drdeus,kazzak,1597,paladin,holy,140,74,66
Chosenlight,darkspear,1597,paladin,holy,163,76,87
Easypala,blackrock,1595,paladin,holy,114,50,64
Дарксайгн,gordunni,1593,paladin,holy,48,17,31
Ìschtarsdad,blackrock,1591,paladin,holy,192,96,96
Сэлфхил,gordunni,1591,paladin,holy,107,47,60
Neverbuble,archimonde,1590,paladin,holy,41,20,21
Erathoor,grim-batol,1589,paladin,holy,66,32,34
Astollfo,hyjal,1588,paladin,holy,42,26,16
Fannypoo,sylvanas,1588,paladin,holy,185,91,94
Jinyssa,silvermoon,1587,paladin,holy,36,21,15
Crankaess,tarren-mill,1587,paladin,holy,48,23,25
Smightypal,silvermoon,1582,paladin,holy,123,62,61
Powarpufgirl,blackrock,1582,paladin,holy,36,18,18
Xenyaa,arygos,1581,paladin,holy,103,53,50
Louiepal,outland,1580,paladin,holy,41,25,16
Myssa,uldum,1577,paladin,holy,42,21,21
Dömötörp,ragnaros,1575,paladin,holy,129,67,62
Аронасхе,blackscar,1573,paladin,holy,89,39,50
Umirinbruv,zenedar,1573,paladin,holy,50,20,30
Aíe,draenor,1571,paladin,holy,69,41,28
Потокденег,howling-fjord,1563,paladin,holy,152,71,81
Femaleelf,eredar,1561,paladin,holy,48,20,28
Aiyäna,argent-dawn,1560,paladin,holy,72,36,36
Ретриксвета,eversong,1559,paladin,holy,48,31,17
Fourshaw,ravencrest,1558,paladin,holy,149,77,72
Lofé,drakthul,1557,paladin,holy,38,18,20
Skurly,ragnaros,1551,paladin,holy,42,19,23
Fløcki,blackhand,1547,paladin,holy,100,54,46
Nîkå,ravencrest,1546,paladin,holy,63,39,24
Алукартик,deathguard,1546,paladin,holy,89,44,45
Mistsx,kazzak,1546,paladin,holy,60,27,33
Strûgglebûs,outland,1543,paladin,holy,47,25,22
Срувтапкизз,blackscar,1543,paladin,holy,89,32,57
Kristelle,argent-dawn,1542,paladin,holy,72,38,34
Deodas,kazzak,1542,paladin,holy,209,102,107
Cozm,silvermoon,1540,paladin,holy,60,31,29
Asenae,draenor,1540,paladin,holy,72,29,43
Тошанич,soulflayer,1539,paladin,holy,54,24,30
Gasilol,frostwolf,1537,paladin,holy,81,41,40
Andronar,blackmoore,1536,paladin,holy,66,29,37
Nstea,zuljin,1534,paladin,holy,30,16,14
Lóde,silvermoon,1530,paladin,holy,148,77,71
Pooncy,ragnaros,1530,paladin,holy,60,27,33
Ирестли,azuregos,1529,paladin,holy,54,29,25
Sncx,ravencrest,1528,paladin,holy,42,22,20
Бадбх,howling-fjord,1527,paladin,holy,90,39,51
Búbblicioús,ravencrest,1524,paladin,holy,84,49,35
Мифариан,blackscar,1523,paladin,holy,99,51,48
Всехилящий,gordunni,1522,paladin,holy,48,21,27
Marygueguete,archimonde,1518,paladin,holy,108,53,55
Lrnz,tarren-mill,1518,paladin,holy,42,16,26
Bécasszelium,varimathras,1514,paladin,holy,129,68,61
Tuoppi,steamwheedle-cartel,1513,paladin,holy,41,20,21
Dathróhán,silvermoon,1512,paladin,holy,267,135,132
Rotana,eredar,1511,paladin,holy,36,24,12
Powerpufgirl,blackrock,1511,paladin,holy,36,19,17
Sofishoida,blackmoore,1508,paladin,holy,78,47,31
Флэшкапро,soulflayer,1508,paladin,holy,202,100,102
Sonil,les-sentinelles,1507,paladin,holy,57,24,33
Erao,the-maelstrom,1506,paladin,holy,42,19,23
Jaesa,lordaeron,1506,paladin,holy,71,32,39
Fatmidget,kazzak,1503,paladin,holy,66,43,23
Sorfalik,silvermoon,1502,paladin,holy,30,18,12
Aese,dun-modr,1499,paladin,holy,102,51,51
Chocòbon,archimonde,1498,paladin,holy,44,27,17
Эндемичный,soulflayer,1498,paladin,holy,48,28,20
Hawki,blackmoore,1497,paladin,holy,36,20,16
Эсерпи,gordunni,1497,paladin,holy,232,121,111
Rùfus,tarren-mill,1497,paladin,holy,162,84,78
Sübôvîñ,ravencrest,1497,paladin,holy,135,69,66
Delmothounet,ysondre,1496,paladin,holy,46,28,18
Devinèqt,tarren-mill,1496,paladin,holy,55,31,24
Delicztwo,der-rat-von-dalaran,1490,paladin,holy,30,16,14
Xsÿde,archimonde,1489,paladin,holy,48,17,31
Emistesía,stormscale,1488,paladin,holy,54,24,30
Hirolde,zenedar,1487,paladin,holy,128,61,67
Rookbeef,eredar,1486,paladin,holy,42,22,20
Elvandara,blackmoore,1484,paladin,holy,48,19,29
Nano,veknilash,1479,paladin,holy,42,18,24
Эллиарэй,gordunni,1478,paladin,holy,95,46,49
Curtfizzle,kazzak,1478,paladin,holy,59,26,33
Dàrckness,ravencrest,1476,paladin,holy,268,142,126
Волнысвета,howling-fjord,1475,paladin,holy,64,37,27
Nåmï,culte-de-la-rive-noire,1475,paladin,holy,48,26,22
Skinstructor,silvermoon,1473,paladin,holy,72,37,35
Arenalena,sylvanas,1464,paladin,holy,181,88,93
Jajmentx,kazzak,1459,paladin,holy,78,40,38
Curufin,grim-batol,1457,paladin,holy,95,51,44
Blessedpapi,draenor,1457,paladin,holy,66,31,35
Mitsaklas,grim-batol,1453,paladin,holy,73,32,41
Realpalla,ravenholdt,1452,paladin,holy,126,62,64
Крусейдор,soulflayer,1452,paladin,holy,61,25,36
Archaegis,silvermoon,1452,paladin,holy,48,19,29
Luxxorr,outland,1451,paladin,holy,21,17,4
Emistesia,stormscale,1448,paladin,holy,47,22,25
Scrimple,stormscale,1447,paladin,holy,73,35,38
Norandel,turalyon,1447,paladin,holy,42,16,26
Mercedes,arthas,1443,paladin,holy,35,20,15
Aachenbrand,blackhand,1442,paladin,holy,90,36,54
Présidential,grim-batol,1441,paladin,holy,59,28,31
Паладинас,lich-king,1440,paladin,holy,64,21,43
Глиндес,gordunni,1439,paladin,holy,168,80,88
Slezz,tarren-mill,1438,paladin,holy,258,135,123
Уретроград,soulflayer,1436,paladin,holy,72,36,36
Enemylosers,stormscale,1436,paladin,holy,83,41,42
Hpal,aegwynn,1435,paladin,holy,123,55,68
Flouzz,blackmoore,1434,paladin,holy,30,15,15
Selphii,twisting-nether,1431,paladin,holy,28,16,12
Tiffanyqt,frostwolf,1428,paladin,holy,24,16,8
Injection,khaz-modan,1428,paladin,holy,87,40,47
Sacbøt,stormscale,1427,paladin,holy,259,132,127
Ekzykes,ravencrest,1427,paladin,holy,48,21,27
Séphiran,hyjal,1426,paladin,holy,53,28,25
Taiso,alonsus,1422,paladin,holy,132,64,68
Holydawnx,kazzak,1422,paladin,holy,50,23,27
Phalex,outland,1416,paladin,holy,36,23,13
Swâpxy,proudmoore,1414,paladin,holy,24,15,9
Preyy,eredar,1414,paladin,holy,54,30,24
Astarox,kazzak,1414,paladin,holy,113,40,73
Zilu,kazzak,1413,paladin,holy,47,24,23
Maitrelampe,argent-dawn,1413,paladin,holy,84,42,42
Wepalapvpbop,ravencrest,1413,paladin,holy,30,15,15
Böllerbarbie,silvermoon,1411,paladin,holy,36,21,15
Blazeberg,tirion,1411,paladin,holy,36,20,16
Сашафистинг,gordunni,1411,paladin,holy,159,77,82
Vadomar,emerald-dream,1409,paladin,holy,78,33,45
Ðenlox,destromath,1408,paladin,holy,104,53,51
Коварное,borean-tundra,1407,paladin,holy,46,21,25
Снупарь,blackscar,1406,paladin,holy,102,50,52
Diamir,rajaxx,1404,paladin,holy,75,55,20
Салфеточник,thermaplugg,1403,paladin,holy,60,23,37
Аяпал,blackscar,1401,paladin,holy,72,39,33
Deathsfate,defias-brotherhood,1397,paladin,holy,39,18,21
Дифицит,blackscar,1396,paladin,holy,75,44,31
Грор,galakrond,1395,paladin,holy,79,35,44
Витёнокь,howling-fjord,1394,paladin,holy,44,29,15
Hazø,silvermoon,1394,paladin,holy,48,26,22
Honeygodx,antonidas,1393,paladin,holy,33,20,13
Badckes,sylvanas,1393,paladin,holy,104,49,55
Lastaid,azshara,1392,paladin,holy,144,70,74
Леонящер,gordunni,1390,paladin,holy,223,118,105
Stinkepieet,blackmoore,1390,paladin,holy,48,20,28
Реколори,gordunni,1389,paladin,holy,167,91,76
Эверейс,howling-fjord,1389,paladin,holy,47,22,25
Kantfyrste,ravencrest,1388,paladin,holy,139,59,80
Goodbit,dentarg,1387,paladin,holy,47,31,16
Бэнкли,soulflayer,1387,paladin,holy,78,45,33
Expot,blackmoore,1387,paladin,holy,54,31,23
Locofatguy,drakthul,1385,paladin,holy,149,70,79
Noliferx,ravencrest,1383,paladin,holy,82,49,33
Rullstolen,the-maelstrom,1382,paladin,holy,48,28,20
Artherius,silvermoon,1381,paladin,holy,60,34,26
Cykadin,dun-modr,1380,paladin,holy,72,30,42
Danepala,defias-brotherhood,1378,paladin,holy,59,29,30
Rëtnuhka,drakthul,1378,paladin,holy,50,24,26
Beecq,tarren-mill,1377,paladin,holy,48,26,22
Zycqo,silvermoon,1377,paladin,holy,174,84,90
Wingcomandêr,aegwynn,1377,paladin,holy,36,15,21
Gabriev,twisting-nether,1376,paladin,holy,49,25,24
Døgstømper,outland,1370,paladin,holy,29,15,14
Watras,drakthul,1370,paladin,holy,66,25,41
Anythíng,kazzak,1368,paladin,holy,72,38,34
Mestgone,dalaran,1367,paladin,holy,59,26,33
Vivalabeef,stormscale,1367,paladin,holy,60,26,34
Unpal,ravencrest,1366,paladin,holy,42,18,24
Mecah,hyjal,1365,paladin,holy,42,21,21
Pullheavy,silvermoon,1363,paladin,holy,89,38,51
Xelqt,draenor,1361,paladin,holy,36,15,21
Claudîax,kazzak,1361,paladin,holy,72,29,43
Ramos,aggra-português,1360,paladin,holy,60,22,38
Fenye,twisting-nether,1359,paladin,holy,63,28,35
Ostardo,blackhand,1357,paladin,holy,24,15,9
Flowerbud,tarren-mill,1357,paladin,holy,48,23,25
Xenaké,kazzak,1356,paladin,holy,101,40,61
Shakalol,dun-modr,1355,paladin,holy,60,23,37
Heilgaharald,blackrock,1351,paladin,holy,110,51,59
Mikemyers,blackhand,1350,paladin,holy,42,20,22
Cerinae,tarren-mill,1350,paladin,holy,33,15,18
Talimañ,kazzak,1349,paladin,holy,42,23,19
Hairybabe,outland,1347,paladin,holy,24,15,9
Demonskiller,alakir,1346,paladin,holy,89,47,42
Кольт,borean-tundra,1346,paladin,holy,79,40,39
Nerdpallyx,tarren-mill,1346,paladin,holy,69,28,41
Европпа,soulflayer,1346,paladin,holy,93,30,63
Pussdocta,ravencrest,1345,paladin,holy,89,48,41
Arlette,moonglade,1345,paladin,holy,72,32,40
Nudzolini,tarren-mill,1344,paladin,holy,36,22,14
Derpe,hellscream,1344,paladin,holy,24,14,10
Jerryhârvey,kazzak,1342,paladin,holy,24,14,10
Insanez,stormscale,1342,paladin,holy,30,14,16
Keele,stormscale,1341,paladin,holy,69,32,37
Vonat,outland,1340,paladin,holy,42,16,26
Shamoo,archimonde,1338,paladin,holy,24,14,10
Itsgossiplol,twisting-nether,1338,paladin,holy,205,104,101
Freaak,dethecus,1337,paladin,holy,60,24,36
Alphaøne,stormscale,1336,paladin,holy,30,14,16
Holypapa,argent-dawn,1336,paladin,holy,60,27,33
Elians,outland,1336,paladin,holy,54,22,32
Sangriul,outland,1336,paladin,holy,93,37,56
Лимфома,goldrinn,1334,paladin,holy,65,25,40
Alldo,drakthul,1333,paladin,holy,124,58,66
Ztiina,tarren-mill,1332,paladin,holy,60,27,33
Steggeh,argent-dawn,1331,paladin,holy,120,48,72
Wyllian,grim-batol,1328,paladin,holy,77,42,35
Lightbrîng,hyjal,1327,paladin,holy,53,26,27
Бэдмэн,deathguard,1327,paladin,holy,53,16,37
Nde,silvermoon,1320,paladin,holy,47,20,27
Holynstuff,auchindoun,1319,paladin,holy,37,26,11
Даниэль,howling-fjord,1319,paladin,holy,66,36,30
Alard,sanguino,1319,paladin,holy,96,42,54
Aytu,blackmoore,1317,paladin,holy,33,16,17
Zondãn,blackrock,1316,paladin,holy,30,14,16
Lazyknight,silvermoon,1316,paladin,holy,60,25,35
Цитология,borean-tundra,1316,paladin,holy,36,15,21
Crusherpala,laughing-skull,1316,paladin,holy,83,33,50
Neyd,hyjal,1314,paladin,holy,60,21,39
Necrozi,stormscale,1311,paladin,holy,60,35,25
Agadin,ysondre,1310,paladin,holy,35,19,16
Bigfailure,blackmoore,1309,paladin,holy,65,21,44
Bagull,zuljin,1308,paladin,holy,94,45,49
Mythsion,blackmoore,1307,paladin,holy,36,16,20
Daizen,blackrock,1306,paladin,holy,67,45,22
Skengdaddy,ragnaros,1306,paladin,holy,84,39,45
Рэймета,soulflayer,1306,paladin,holy,42,16,26
Подлыйдим,fordragon,1303,paladin,holy,84,34,50
Evo,drakthul,1301,paladin,holy,55,25,30
Wrathlol,ravencrest,1300,paladin,holy,183,90,93
Bladê,kazzak,1299,paladin,holy,66,26,40
Dlfî,hyjal,1298,paladin,holy,30,18,12
Bovinequeef,twisting-nether,1298,paladin,holy,42,21,21
Æmiø,blackmoore,1298,paladin,holy,59,27,32
Aebî,dalaran,1295,paladin,holy,24,14,10
Vuup,silvermoon,1295,paladin,holy,44,25,19
Hîfi,blackmoore,1295,paladin,holy,147,80,67
Matagladis,dun-modr,1294,paladin,holy,84,42,42
Îiî,archimonde,1294,paladin,holy,30,14,16
Kerven,doomhammer,1293,paladin,holy,54,22,32
Polydeukis,stormscale,1288,paladin,holy,78,29,49
Rekolon,antonidas,1287,paladin,holy,159,83,76
Alphä,auchindoun,1287,paladin,holy,30,14,16
Keltinne,ysondre,1286,paladin,holy,24,15,9
Gegge,kazzak,1285,paladin,holy,50,19,31
Gucix,sylvanas,1283,paladin,holy,84,35,49
Алекхей,gordunni,1282,paladin,holy,66,28,38
Arand,blackrock,1281,paladin,holy,51,31,20
Pokébowl,outland,1280,paladin,holy,42,23,19
Paellysuir,blackmoore,1280,paladin,holy,38,19,19
Ggiwastheret,kazzak,1277,paladin,holy,23,14,9
Tyktyk,draenor,1275,paladin,holy,36,21,15
Maxôr,norgannon,1274,paladin,holy,36,19,17
Taligon,arathor,1272,paladin,holy,42,21,21
Albertina,silvermoon,1271,paladin,holy,38,19,19
Paiadinho,malganis,1271,paladin,holy,53,15,38
Ugolf,kazzak,1270,paladin,holy,66,34,32
Tommoffwarrs,archimonde,1270,paladin,holy,67,33,34
Öbedö,malganis,1270,paladin,holy,57,26,31
Toradin,thunderhorn,1268,paladin,holy,49,22,27
Делатор,gordunni,1267,paladin,holy,48,22,26
Trisunonvaki,khazgoroth,1266,paladin,holy,144,78,66
Amolan,drakthul,1264,paladin,holy,45,27,18
Regis,dragonblight,1264,paladin,holy,61,34,27
Кузнейц,borean-tundra,1264,paladin,holy,52,18,34
Tíep,blackmoore,1262,paladin,holy,71,36,35
Pajtash,doomhammer,1261,paladin,holy,59,29,30
Bloodsoldier,twisting-nether,1258,paladin,holy,88,45,43
Нинтендо,grom,1257,paladin,holy,90,37,53
Rookzter,sylvanas,1256,paladin,holy,48,26,22
Strudell,terrordar,1254,paladin,holy,60,31,29
Kaitlyne,tarren-mill,1254,paladin,holy,97,49,48
Анбели,gordunni,1252,paladin,holy,60,24,36
Ginbeam,aegwynn,1251,paladin,holy,100,48,52
Hogma,hyjal,1250,paladin,holy,36,14,22
Luraa,drakthul,1249,paladin,holy,42,21,21
Alastrr,hyjal,1248,paladin,holy,73,44,29
Odrareg,kazzak,1248,paladin,holy,24,13,11
Opopoï,dalaran,1247,paladin,holy,24,15,9
Aelly,hyjal,1246,paladin,holy,93,48,45
Valkhana,draenor,1244,paladin,holy,58,29,29
Kaputs,twisting-nether,1242,paladin,holy,24,13,11
Pegason,twisting-nether,1240,paladin,holy,37,21,16
Зондарк,booty-bay,1239,paladin,holy,65,23,42
Neithi,twisting-nether,1238,paladin,holy,42,20,22
Pupsihasi,kelthuzad,1237,paladin,holy,29,16,13
Skailzpal,hyjal,1236,paladin,holy,36,21,15
Pablok,minahonda,1236,paladin,holy,42,13,29
Serim,dun-modr,1235,paladin,holy,102,51,51
Alesiah,blackhand,1235,paladin,holy,61,26,35
Elsewhere,archimonde,1235,paladin,holy,36,13,23
Reeley,drakthul,1234,paladin,holy,48,23,25
Jaezlin,tarren-mill,1232,paladin,holy,130,70,60
Reudi,argent-dawn,1230,paladin,holy,54,28,26
Farata,ravencrest,1230,paladin,holy,160,78,82
Вертуосгодх,soulflayer,1230,paladin,holy,31,15,16
Naenel,dun-modr,1228,paladin,holy,34,15,19
Ashbrìnger,aegwynn,1227,paladin,holy,24,13,11
Kherathan,argent-dawn,1225,paladin,holy,42,21,21
Emilíá,kazzak,1223,paladin,holy,24,13,11
Skolisse,kazzak,1223,paladin,holy,113,60,53
Брилз,soulflayer,1223,paladin,holy,36,13,23
Schrikii,archimonde,1221,paladin,holy,60,24,36
Ðeswynd,hyjal,1220,paladin,holy,83,35,48
Ritiv,stormreaver,1219,paladin,holy,72,30,42
Lightmachine,kirin-tor,1218,paladin,holy,54,36,18
Lianndrin,blackhand,1218,paladin,holy,58,25,33
Fleny,thrall,1215,paladin,holy,24,13,11
Paladins,archimonde,1214,paladin,holy,38,20,18
Weserwehr,laughing-skull,1214,paladin,holy,54,27,27
Lightmamba,draenor,1214,paladin,holy,48,16,32
Baubble,silvermoon,1213,paladin,holy,42,25,17
Cmelacek,wildhammer,1212,paladin,holy,30,18,12
Ninko,sylvanas,1212,paladin,holy,48,25,23
Babybeater,outland,1212,paladin,holy,77,36,41
Lucá,silvermoon,1211,paladin,holy,23,13,10
Ромерл,gordunni,1210,paladin,holy,223,103,120
Святстраж,gordunni,1210,paladin,holy,32,14,18
Johnnydeeps,blackrock,1210,paladin,holy,35,13,22
Johnnÿsins,hyjal,1209,paladin,holy,63,28,35
Stuzzyy,ravencrest,1209,paladin,holy,36,16,20
Фэрплэйн,gordunni,1207,paladin,holy,42,20,22
Kapikøoqt,suramar,1206,paladin,holy,128,66,62
Rébél,argent-dawn,1206,paladin,holy,42,17,25
Satipal,sargeras,1205,paladin,holy,116,45,71
Warkyria,sanguino,1204,paladin,holy,31,15,16
Uzuriel,chogall,1204,paladin,holy,347,156,191
Aranael,nemesis,1202,paladin,holy,31,13,18
Xastur,rexxar,1201,paladin,holy,33,17,16
Demecir,twisting-nether,1198,paladin,holy,186,87,99
Hÿrrøkk,ysondre,1197,paladin,holy,54,36,18
Trístesse,tarren-mill,1193,paladin,holy,167,86,81
Haros,xavius,1189,paladin,holy,25,14,11
Holymax,gorgonnash,1188,paladin,holy,45,25,20
Malodos,archimonde,1188,paladin,holy,56,30,26
Линвэль,gordunni,1188,paladin,holy,27,13,14
Сашокс,gordunni,1188,paladin,holy,54,23,31
Boric,bloodhoof,1184,paladin,holy,29,16,13
Keryann,argent-dawn,1183,paladin,holy,108,53,55
Truthbearer,darksorrow,1181,paladin,holy,110,52,58
Skwáru,burning-legion,1179,paladin,holy,77,30,47
Kayndornek,ravencrest,1178,paladin,holy,78,35,43
Rivanii,kazzak,1175,paladin,holy,114,54,60
Shiidori,aegwynn,1175,paladin,holy,57,23,34
Kiyam,kelthuzad,1174,paladin,holy,18,13,5
Ассантийка,deathguard,1172,paladin,holy,33,13,20
Rhulana,blackrock,1171,paladin,holy,67,41,26
Dawnforged,stormscale,1170,paladin,holy,78,34,44
Manole,ravencrest,1168,paladin,holy,35,17,18
Seinz,talnivarr,1164,paladin,holy,60,26,34
Puiçanpal,archimonde,1163,paladin,holy,30,15,15
Elohim,echsenkessel,1163,paladin,holy,154,71,83
Кейлол,soulflayer,1159,paladin,holy,65,27,38
Mjabubble,stormscale,1158,paladin,holy,78,44,34
Hotub,twisting-nether,1158,paladin,holy,87,41,46
Taraniah,argent-dawn,1154,paladin,holy,71,36,35
Tucibi,hyjal,1152,paladin,holy,36,19,17
Kaki,gorgonnash,1151,paladin,holy,18,12,6
Faildin,arathor,1151,paladin,holy,90,40,50
Wedervärdig,twilights-hammer,1151,paladin,holy,54,23,31
Алексендлерх,soulflayer,1149,paladin,holy,18,12,6
Irefutabila,stormscale,1146,paladin,holy,30,12,18
Dogmatic,blackmoore,1145,paladin,holy,24,12,12
Quezkal,dun-modr,1144,paladin,holy,39,18,21
Echooes,ravencrest,1144,paladin,holy,207,88,119
Leon,veknilash,1144,paladin,holy,93,39,54
Crispydixx,draenor,1143,paladin,holy,71,34,37
Trolladincho,twisting-nether,1141,paladin,holy,54,25,29
Gromezrael,elune,1141,paladin,holy,42,19,23
Thickets,argent-dawn,1140,paladin,holy,38,18,20
Strykar,aggra-português,1139,paladin,holy,48,23,25
Konane,drekthar,1139,paladin,holy,31,12,19
Naylaeh,draenor,1138,paladin,holy,24,12,12
Arkkipiispa,outland,1137,paladin,holy,64,32,32
Minouminou,archimonde,1136,paladin,holy,24,13,11
Lezoom,draenor,1136,paladin,holy,79,40,39
Milesteris,medivh,1134,paladin,holy,24,14,10
Cadila,silvermoon,1134,paladin,holy,54,25,29
Kambood,twisting-nether,1134,paladin,holy,141,60,81
Mirabol,hyjal,1133,paladin,holy,42,16,26
Jasiv,draenor,1132,paladin,holy,36,14,22
Palix,dalaran,1132,paladin,holy,36,12,24
Ниссида,blackscar,1131,paladin,holy,65,32,33
Dunka,twisting-nether,1130,paladin,holy,130,67,63
Spankmeproof,kazzak,1128,paladin,holy,30,12,18
Zebramann,silvermoon,1121,paladin,holy,48,20,28
Striike,drakthul,1117,paladin,holy,29,12,17
Guidone,sylvanas,1116,paladin,holy,30,13,17
Kanina,outland,1114,paladin,holy,58,23,35
Tscheba,kazzak,1109,paladin,holy,82,42,40
Holyppower,frostmane,1109,paladin,holy,29,12,17
Unithral,durotan,1107,paladin,holy,24,12,12
Slistrash,outland,1105,paladin,holy,60,29,31
Zerfleddern,aegwynn,1104,paladin,holy,107,51,56
Джонигодх,gordunni,1100,paladin,holy,21,12,9
Minui,onyxia,1100,paladin,holy,30,12,18
Bàldur,dalaran,1099,paladin,holy,36,20,16
Catali,sanguino,1099,paladin,holy,112,54,58
Çrúsader,frostmane,1096,paladin,holy,30,18,12
Darkironpala,argent-dawn,1095,paladin,holy,59,28,31
Кукусяшка,gordunni,1094,paladin,holy,32,12,20
Yokurolel,sanguino,1092,paladin,holy,48,29,19
Debts,aggramar,1092,paladin,holy,40,13,27
Stonebeard,ahnqiraj,1088,paladin,holy,81,48,33
Ampoula,ravencrest,1088,paladin,holy,28,12,16
Mccrit,ravencrest,1087,paladin,holy,18,12,6
Nosn,ravencrest,1087,paladin,holy,66,34,32
Johnaggro,outland,1087,paladin,holy,34,15,19
Ärinváyá,defias-brotherhood,1086,paladin,holy,45,25,20
Dabstar,antonidas,1086,paladin,holy,88,41,47
Макспал,lich-king,1085,paladin,holy,22,14,8
Rejst,drakthul,1085,paladin,holy,35,12,23
Ларенси,gordunni,1084,paladin,holy,41,18,23
Ragua,tarren-mill,1082,paladin,holy,66,23,43
Paladzor,twisting-nether,1082,paladin,holy,38,13,25
Darvius,auchindoun,1080,paladin,holy,93,44,49
Ashmaden,tarren-mill,1077,paladin,holy,87,49,38
Sweestance,minahonda,1077,paladin,holy,155,63,92
Paidi,die-todeskrallen,1076,paladin,holy,62,27,35
Mscrabtree,aggramar,1076,paladin,holy,30,13,17
Ðuïvel,grim-batol,1076,paladin,holy,28,12,16
Verianer,shadowsong,1072,paladin,holy,30,17,13
Kaleto,ragnaros,1068,paladin,holy,42,24,18
Paliat,silvermoon,1066,paladin,holy,31,12,19
Мэйр,howling-fjord,1059,paladin,holy,30,12,18
Vintar,quelthalas,1058,paladin,holy,57,31,26
Feldrøider,nemesis,1057,paladin,holy,60,32,28
Casmira,blackrock,1055,paladin,holy,18,11,7
Palanolmal,dun-modr,1055,paladin,holy,45,22,23
Ithealy,twisting-nether,1054,paladin,holy,42,18,24
Stidi,frostmane,1053,paladin,holy,30,11,19
Superalt,archimonde,1052,paladin,holy,18,11,7
Kaktuszfüge,ragnaros,1052,paladin,holy,58,35,23
Penth,doomhammer,1052,paladin,holy,24,11,13
Dewastor,veklor,1052,paladin,holy,24,11,13
Thaliasword,sylvanas,1052,paladin,holy,30,11,19
Дезоиль,gordunni,1052,paladin,holy,30,11,19
Mamporro,dun-modr,1051,paladin,holy,18,11,7
Billkop,silvermoon,1051,paladin,holy,49,24,25
Whatisapalla,ragnaros,1051,paladin,holy,30,11,19
Pâmê,kazzak,1049,paladin,holy,30,12,18
Mvppaladin,thrall,1048,paladin,holy,12,11,1
Ballantine,thunderhorn,1047,paladin,holy,18,11,7
Rdypaladin,ravencrest,1047,paladin,holy,24,11,13
Høpé,malganis,1046,paladin,holy,86,42,44
Cmen,silvermoon,1043,paladin,holy,109,54,55
Grimbold,hellfire,1042,paladin,holy,18,11,7
Kuhs,eredar,1038,paladin,holy,59,23,36
Flashyplays,silvermoon,1037,paladin,holy,30,21,9
Sheldon,sylvanas,1034,paladin,holy,35,14,21
Фломастер,gordunni,1031,paladin,holy,66,28,38
Crusadelight,alakir,1026,paladin,holy,134,65,69
Yaj,magtheridon,1026,paladin,holy,24,11,13
Mjølnîr,eredar,1025,paladin,holy,36,12,24
Purificatoru,draenor,1024,paladin,holy,54,26,28
Drohim,aegwynn,1022,paladin,holy,22,11,11
Jessìca,ravenholdt,1020,paladin,holy,54,26,28
Nicewar,silvermoon,1018,paladin,holy,50,23,27
Darhuun,antonidas,1012,paladin,holy,60,23,37
Mowik,archimonde,1011,paladin,holy,54,22,32
Palir,ysondre,1010,paladin,holy,24,11,13
Golldy,burning-legion,1008,paladin,holy,21,12,9
Paliester,stormscale,1007,paladin,holy,18,12,6
Ланиакеа,deathguard,1007,paladin,holy,24,12,12
Zetla,khaz-modan,1001,paladin,holy,40,18,22
Флаила,ashenvale,999,paladin,holy,36,18,18
Hëüss,suramar,998,paladin,holy,23,11,12
Пегая,soulflayer,994,paladin,holy,24,13,11
Satip,archimonde,993,paladin,holy,36,22,14
Паландис,howling-fjord,990,paladin,holy,24,11,13
Poundcake,stormscale,990,paladin,holy,68,30,38
Buddy,conseil-des-ombres,988,paladin,holy,50,24,26
Marik,argent-dawn,987,paladin,holy,17,11,6
Ryuzu,khazgoroth,985,paladin,holy,41,20,21
Áfx,blackmoore,985,paladin,holy,44,17,27
Mozzie,archimonde,983,paladin,holy,125,51,74
Первыйпал,blackscar,982,paladin,holy,91,48,43
Legenda,grim-batol,979,paladin,holy,30,14,16
Cerseï,frostmane,979,paladin,holy,41,13,28
Fleshoflight,arathor,972,paladin,holy,74,26,48
Psycholas,ysondre,969,paladin,holy,23,11,12
Øsirix,archimonde,966,paladin,holy,66,26,40
Rapidforce,kazzak,965,paladin,holy,102,51,51
Ударник,soulflayer,964,paladin,holy,54,30,24
Rafox,malygos,964,paladin,holy,42,17,25
Byoß,ravencrest,960,paladin,holy,18,10,8
Ozzuum,twisting-nether,959,paladin,holy,18,10,8
Lofotof,silvermoon,958,paladin,holy,12,10,2
Herayo,aegwynn,958,paladin,holy,24,10,14
Whórainzóne,eredar,958,paladin,holy,36,10,26
Kapsloch,twisting-nether,958,paladin,holy,36,10,26
Padraic,scarshield-legion,957,paladin,holy,18,10,8
Gzerloth,ragnaros,957,paladin,holy,30,10,20
Demytxx,silvermoon,957,paladin,holy,30,10,20
Rubadubskrub,silvermoon,957,paladin,holy,54,17,37
Crashband,bronzebeard,956,paladin,holy,18,10,8
Shockhoe,tarren-mill,955,paladin,holy,24,10,14
Holyfrick,kazzak,953,paladin,holy,24,10,14
Eline,zenedar,953,paladin,holy,30,10,20
Roshï,tarren-mill,953,paladin,holy,30,10,20
Iauna,tarren-mill,952,paladin,holy,30,10,20
Scholzpala,twisting-nether,950,paladin,holy,18,10,8
Tömmÿ,draenor,950,paladin,holy,52,24,28
Bcrp,ragnaros,950,paladin,holy,30,10,20
Випанк,howling-fjord,949,paladin,holy,155,60,95
Churrucuca,minahonda,948,paladin,holy,33,13,20
Tepowze,twisting-nether,947,paladin,holy,18,10,8
Tmàc,twisting-nether,946,paladin,holy,36,10,26
Datz,nerathor,943,paladin,holy,24,10,14
Groove,colinas-pardas,941,paladin,holy,34,11,23
Selenaluna,turalyon,941,paladin,holy,42,13,29
Messîah,outland,939,paladin,holy,43,19,24
Tärkan,chogall,935,paladin,holy,24,10,14
Синрайчик,gordunni,934,paladin,holy,36,16,20
Paladons,darksorrow,933,paladin,holy,41,22,19
Clerik,eredar,932,paladin,holy,65,30,35
Menagron,tarren-mill,932,paladin,holy,31,14,17
Yasmira,frostmourne,930,paladin,holy,30,16,14
Ázot,burning-legion,929,paladin,holy,48,19,29
Ridethelight,nemesis,922,paladin,holy,30,15,15
Kpunkpam,dun-modr,922,paladin,holy,34,16,18
Santtox,dun-modr,919,paladin,holy,34,11,23
Imaturtle,darksorrow,915,paladin,holy,41,10,31
Divinelightz,kazzak,914,paladin,holy,25,14,11
Reeceboss,ravencrest,906,paladin,holy,29,12,17
Cøllinz,ragnaros,904,paladin,holy,21,10,11
Heyley,twisting-nether,903,paladin,holy,21,11,10
Veléxis,outland,900,paladin,holy,19,11,8
Nykothpn,ghostlands,899,paladin,holy,54,18,36
Яполковник,gordunni,887,paladin,holy,53,30,23
Theisixtus,drakthul,883,paladin,holy,23,12,11
Àkí,blackmoore,883,paladin,holy,35,14,21
Silvers,steamwheedle-cartel,880,paladin,holy,76,22,54
Karnwield,kirin-tor,875,paladin,holy,38,16,22
Profundus,zuluhed,864,paladin,holy,12,9,3
Ðelusion,sanguino,864,paladin,holy,12,9,3
Рустиктоп,gordunni,864,paladin,holy,18,9,9
Лайхтни,gordunni,864,paladin,holy,18,9,9
Marcope,kazzak,864,paladin,holy,24,9,15
Cunix,draenor,863,paladin,holy,12,9,3
Sorfalinka,silvermoon,863,paladin,holy,12,9,3
Askmy,stormscale,863,paladin,holy,18,9,9
Язвавгорле,soulflayer,863,paladin,holy,24,9,15
Дэнриэль,howling-fjord,863,paladin,holy,24,9,15
Évo,drakthul,863,paladin,holy,24,9,15
Висперок,soulflayer,862,paladin,holy,12,9,3
Mohamedx,tarren-mill,861,paladin,holy,24,9,15
Toohotty,archimonde,861,paladin,holy,24,9,15
Niou,alleria,861,paladin,holy,24,9,15
Ванябублгам,soulflayer,861,paladin,holy,24,9,15
Инблумхх,blackscar,860,paladin,holy,18,9,9
Calipse,outland,860,paladin,holy,24,9,15
Smirk,aggra-português,857,paladin,holy,12,9,3
Truko,frostwolf,857,paladin,holy,24,9,15
Elganor,hyjal,856,paladin,holy,18,9,9
Lurdz,sylvanas,855,paladin,holy,20,11,9
Ауё,blackscar,855,paladin,holy,18,9,9
Kocovic,tarren-mill,855,paladin,holy,24,9,15
Burkaal,antonidas,852,paladin,holy,24,9,15
Qyrija,malganis,845,paladin,holy,18,9,9
Vanghelie,doomhammer,843,paladin,holy,24,11,13
Fract,aggramar,838,paladin,holy,18,9,9
Bjammin,burning-legion,832,paladin,holy,36,11,25
Veelris,kazzak,825,paladin,holy,72,33,39
Миллагрессия,soulflayer,824,paladin,holy,143,59,84
Odensson,sylvanas,823,paladin,holy,30,9,21
Mustangs,archimonde,821,paladin,holy,45,15,30
Arabicbomb,archimonde,819,paladin,holy,23,9,14
Chantal,gilneas,818,paladin,holy,36,15,21
Salubrifie,archimonde,817,paladin,holy,18,9,9
Palolog,burning-legion,817,paladin,holy,43,9,34
Thaifo,silvermoon,814,paladin,holy,15,10,5
Zeret,twisting-nether,814,paladin,holy,29,12,17
Syrenia,die-silberne-hand,814,paladin,holy,40,9,31
Lapew,eredar,813,paladin,holy,15,10,5
Eastranspal,ravencrest,810,paladin,holy,30,10,20
Pepegasensei,ravencrest,805,paladin,holy,19,10,9
Perpon,exodar,800,paladin,holy,36,14,22
Bbcanalyzed,blackmoore,798,paladin,holy,32,10,22
Lèonarth,pozzo-delleternità,794,paladin,holy,22,10,12
Pölark,archimonde,790,paladin,holy,41,14,27
Pappipala,tarren-mill,782,paladin,holy,19,9,10
Zendæ,archimonde,768,paladin,holy,12,8,4
Meldi,dalaran,768,paladin,holy,12,8,4
Gayestpala,ravencrest,768,paladin,holy,18,8,10
Crucifiction,balnazzar,768,paladin,holy,24,8,16
Darkoulipal,ravencrest,767,paladin,holy,12,8,4
Louiepalmoo,outland,767,paladin,holy,12,8,4
Pb,twilights-hammer,767,paladin,holy,12,8,4
Demytx,burning-legion,767,paladin,holy,16,9,7
Скайлайтх,soulflayer,767,paladin,holy,18,8,10
Qpax,twisting-nether,767,paladin,holy,18,8,10
Shiøn,zuljin,767,paladin,holy,18,8,10
Micrøsi,thrall,767,paladin,holy,18,8,10
Dunutunicorn,argent-dawn,766,paladin,holy,12,8,4
Bezvakost,thunderhorn,766,paladin,holy,18,8,10
Tytharion,silvermoon,766,paladin,holy,18,8,10
Bighammerx,ravencrest,765,paladin,holy,18,8,10
Coopz,defias-brotherhood,765,paladin,holy,18,8,10
Анофарин,gordunni,765,paladin,holy,18,8,10
Спэнсэр,gordunni,764,paladin,holy,12,8,4
Даняхгод,gordunni,763,paladin,holy,18,8,10
Syfaria,eldrethalas,761,paladin,holy,18,8,10
Ikbenmani,tarren-mill,760,paladin,holy,18,8,10
Galadørn,elune,760,paladin,holy,24,8,16
Wrede,the-maelstrom,760,paladin,holy,24,8,16
Эвердрим,soulflayer,756,paladin,holy,30,12,18
Kubrat,eredar,741,paladin,holy,60,19,41
Оберинмартел,blackscar,731,paladin,holy,18,8,10
Amnésía,twisting-nether,728,paladin,holy,23,8,15
Anemonaa,argent-dawn,722,paladin,holy,18,8,10
Palafrugell,sanguino,713,paladin,holy,18,8,10
Pallnatoke,silvermoon,711,paladin,holy,29,9,20
Kárlsberg,aegwynn,683,paladin,holy,32,13,19
Электрокинг,lich-king,672,paladin,holy,12,7,5
Gtgpiscine,kirin-tor,672,paladin,holy,12,7,5
Gigajudge,blackrock,672,paladin,holy,12,7,5
Rookx,stormscale,672,paladin,holy,12,7,5
Криптонитх,blackscar,672,paladin,holy,12,7,5
Вивай,howling-fjord,672,paladin,holy,18,7,11
Нетораре,howling-fjord,672,paladin,holy,18,7,11
Faíren,blackrock,672,paladin,holy,18,7,11
Djalex,kazzak,672,paladin,holy,18,7,11
Istani,twisting-nether,672,paladin,holy,18,7,11
Shaevira,ravencrest,672,paladin,holy,18,7,11
Cahirs,ravencrest,672,paladin,holy,24,7,17
Daddysiliam,ravencrest,671,paladin,holy,12,7,5
Swungling,outland,671,paladin,holy,12,7,5
Ironmikë,outland,671,paladin,holy,12,7,5
Ämkaz,archimonde,671,paladin,holy,18,7,11
Dimetrix,stormscale,671,paladin,holy,18,7,11
Хоулик,howling-fjord,671,paladin,holy,18,7,11
Skatiaringos,silvermoon,671,paladin,holy,18,7,11
Bulten,twilights-hammer,671,paladin,holy,34,8,26
Hølymaid,blackmoore,670,paladin,holy,12,7,5
Skarn,pozzo-delleternità,670,paladin,holy,18,7,11
Pârabellum,the-maelstrom,670,paladin,holy,18,7,11
Lènnja,baelgun,670,paladin,holy,18,7,11
Videogame,twilights-hammer,669,paladin,holy,12,7,5
Avengers,sylvanas,669,paladin,holy,12,7,5
Luckies,drakthul,668,paladin,holy,12,7,5
Luminix,ragnaros,667,paladin,holy,12,7,5
Edwín,tichondrius,667,paladin,holy,12,7,5
Holyhooves,thrall,667,paladin,holy,12,7,5
Tarhal,guldan,666,paladin,holy,12,7,5
Рамго,grom,665,paladin,holy,12,7,5
Leadfoot,argent-dawn,665,paladin,holy,24,7,17
Juicemachine,silvermoon,663,paladin,holy,12,7,5
Майдмен,gordunni,663,paladin,holy,24,7,17
Langibo,malfurion,658,paladin,holy,12,7,5
Finpála,kul-tiras,648,paladin,holy,13,9,4
Oscardrei,norgannon,644,paladin,holy,24,7,17
Rezilience,archimonde,639,paladin,holy,10,7,3
Moeixu,kazzak,624,paladin,holy,15,7,8
Торсгард,howling-fjord,622,paladin,holy,15,8,7
Meive,sanguino,622,paladin,holy,17,7,10
Yezel,dalaran,621,paladin,holy,17,7,10
Fluentx,ravencrest,618,paladin,holy,22,8,14
Пауэрлайт,blackscar,610,paladin,holy,34,9,25
Ubiquitous,kazzak,606,paladin,holy,17,7,10
Catsnek,darksorrow,590,paladin,holy,19,7,12
Хохахо,howling-fjord,576,paladin,holy,12,6,6
Kiingen,ragnaros,576,paladin,holy,12,6,6
Roqu,nathrezim,576,paladin,holy,12,6,6
Ben,ghostlands,576,paladin,holy,12,6,6
Holyfuchsia,ravencrest,576,paladin,holy,12,6,6
Держинский,gordunni,576,paladin,holy,12,6,6
Verlinya,archimonde,576,paladin,holy,12,6,6
Foxywild,aszune,576,paladin,holy,12,6,6
Nádrüstál,kazzak,576,paladin,holy,12,6,6
Cowvid,grim-batol,576,paladin,holy,12,6,6
Bapêe,thrall,576,paladin,holy,12,6,6
Bubblig,silvermoon,576,paladin,holy,12,6,6
Жухолова,howling-fjord,576,paladin,holy,12,6,6
Rezvaya,tarren-mill,576,paladin,holy,18,6,12
Obviously,echsenkessel,576,paladin,holy,18,6,12
Impro,archimonde,576,paladin,holy,18,6,12
Westranspal,ravencrest,576,paladin,holy,18,6,12
Nemesi,archimonde,576,paladin,holy,18,6,12
Демига,ashenvale,576,paladin,holy,18,6,12
Elfaza,uldum,576,paladin,holy,24,6,18
Amôn,outland,576,paladin,holy,28,6,22
Friendadin,chamber-of-aspects,575,paladin,holy,12,6,6
Omgsoholy,stormscale,575,paladin,holy,12,6,6
Zeratris,defias-brotherhood,575,paladin,holy,12,6,6
Cóól,cthun,575,paladin,holy,12,6,6
Dragonwingz,kazzak,575,paladin,holy,12,6,6
Kraajp,stormscale,575,paladin,holy,12,6,6
Pussas,burning-legion,575,paladin,holy,18,6,12
Холиэвил,gordunni,575,paladin,holy,18,6,12
Lichbörnè,outland,575,paladin,holy,18,6,12
Zymotíx,stormscale,575,paladin,holy,24,6,18
Jeyløl,antonidas,574,paladin,holy,12,6,6
Talies,ravencrest,574,paladin,holy,12,6,6
Holyherb,the-maelstrom,574,paladin,holy,12,6,6
Elsirosel,dun-modr,574,paladin,holy,12,6,6
Palaadschin,festung-der-stürme,574,paladin,holy,12,6,6
Masuroc,antonidas,574,paladin,holy,12,6,6
Aéther,quelthalas,574,paladin,holy,15,7,8
Darthdin,stormscale,572,paladin,holy,12,6,6
Даурия,soulflayer,572,paladin,holy,18,6,12
Rosemary,mugthol,570,paladin,holy,12,6,6
Gaskohle,blackmoore,543,paladin,holy,17,6,11
Кизарыч,galakrond,528,paladin,holy,27,6,21
Nam,culte-de-la-rive-noire,527,paladin,holy,11,6,5
Heavel,thrall,527,paladin,holy,17,6,11
Elp,ysondre,526,paladin,holy,15,6,9
Hearten,outland,512,paladin,holy,10,6,4
Holÿbeard,ravencrest,495,paladin,holy,19,6,13
Аидахо,gordunni,489,paladin,holy,27,9,18
Ownkas,kazzak,480,paladin,holy,6,5,1
Dryntee,blackmoore,480,paladin,holy,6,5,1
Athàs,ysondre,480,paladin,holy,6,5,1
Teksor,frostmourne,480,paladin,holy,6,5,1
Æffy,nemesis,480,paladin,holy,6,5,1
Tejbzx,blackmoore,480,paladin,holy,6,5,1
Sumecbtw,aegwynn,480,paladin,holy,12,5,7
Morthiel,burning-blade,480,paladin,holy,12,5,7
Bossedin,aszune,480,paladin,holy,12,5,7
Listina,twisting-nether,480,paladin,holy,12,5,7
Dimdon,silvermoon,480,paladin,holy,12,5,7
Astridx,kazzak,480,paladin,holy,12,5,7
Zunis,jaedenar,480,paladin,holy,12,5,7
Ornosh,draenor,480,paladin,holy,12,5,7
Аффикстинка,soulflayer,480,paladin,holy,12,5,7
Chodegobbler,draenor,480,paladin,holy,12,5,7
Stierchen,aegwynn,480,paladin,holy,12,5,7
Kîsyhrâ,aegwynn,480,paladin,holy,12,5,7
Diffay,tarren-mill,480,paladin,holy,12,5,7
Plaeschrmaex,aegwynn,480,paladin,holy,12,5,7
Юмэйнару,deepholm,480,paladin,holy,12,5,7
Înphy,cthun,480,paladin,holy,12,5,7
Holydeals,silvermoon,480,paladin,holy,12,5,7
Shaggybeard,frostmane,480,paladin,holy,12,5,7
Justix,arathor,480,paladin,holy,12,5,7
Docoùla,twisting-nether,480,paladin,holy,12,5,7
Санэрдин,soulflayer,480,paladin,holy,12,5,7
Zaphiri,pozzo-delleternità,480,paladin,holy,12,5,7
Alennya,dalaran,480,paladin,holy,12,5,7
Padrak,eredar,480,paladin,holy,12,5,7
Drdeus,silvermoon,480,paladin,holy,12,5,7
Fluv,ravencrest,480,paladin,holy,12,5,7
Snoogléface,grim-batol,480,paladin,holy,14,5,9
Бирко,blackscar,480,paladin,holy,17,6,11
Katsümï,archimonde,480,paladin,holy,18,5,13
Holydhanas,outland,480,paladin,holy,18,5,13
Холидугги,howling-fjord,480,paladin,holy,18,5,13
Palagrom,kazzak,480,paladin,holy,18,5,13
Дюве,blackscar,480,paladin,holy,18,5,13
Omgimapala,kazzak,480,paladin,holy,20,5,15
Heldarim,ysondre,480,paladin,holy,30,5,25
Gavril,bloodfeather,479,paladin,holy,12,5,7
Sixtynien,outland,479,paladin,holy,12,5,7
Trastos,wildhammer,479,paladin,holy,12,5,7
Лазуриса,deathguard,479,paladin,holy,12,5,7
Skydor,silvermoon,479,paladin,holy,12,5,7
Ugurpala,sylvanas,479,paladin,holy,12,5,7
Руслаанеш,soulflayer,479,paladin,holy,12,5,7
Малимон,soulflayer,479,paladin,holy,12,5,7
Brøadway,eredar,479,paladin,holy,12,5,7
Dreamwatcher,outland,479,paladin,holy,12,5,7
Paluladin,turalyon,479,paladin,holy,12,5,7
Stinkytoes,draenor,479,paladin,holy,12,5,7
Hùrikan,hyjal,479,paladin,holy,18,5,13
Brölin,sanguino,479,paladin,holy,18,5,13
Vulgati,kazzak,479,paladin,holy,18,5,13
Sultaani,ravencrest,479,paladin,holy,18,5,13
Shoby,silvermoon,479,paladin,holy,18,5,13
Bellamy,vashj,479,paladin,holy,18,5,13
Radhya,sargeras,478,paladin,holy,12,5,7
Bubblegum,dentarg,478,paladin,holy,18,5,13
Kaedena,kaelthas,476,paladin,holy,12,5,7
Styflor,dalaran,476,paladin,holy,18,5,13
Grayscale,dun-morogh,476,paladin,holy,18,5,13
Cenox,antonidas,475,paladin,holy,12,5,7
Palabel,blackrock,475,paladin,holy,24,5,19
Jargot,antonidas,472,paladin,holy,12,5,7
Лералучшая,gordunni,464,paladin,holy,19,7,12
Dedy,frostwhisper,463,paladin,holy,11,5,6
Árcangel,minahonda,447,paladin,holy,17,5,12
Himmelsfuror,proudmoore,445,paladin,holy,17,5,12
Bämbunga,madmortem,426,paladin,holy,16,6,10
Memewings,tarren-mill,426,paladin,holy,23,7,16
Тейдехан,gordunni,426,paladin,holy,21,6,15
Ralo,shattrath,415,paladin,holy,16,5,11
Exødus,defias-brotherhood,414,paladin,holy,14,5,9
Superpopa,twisting-nether,400,paladin,holy,13,5,8
Kesq,ravencrest,384,paladin,holy,6,4,2
Ellisdee,kazzak,384,paladin,holy,6,4,2
Jokkepaappa,darksorrow,384,paladin,holy,6,4,2
Dragg,kirin-tor,384,paladin,holy,6,4,2
Ринрэи,howling-fjord,384,paladin,holy,6,4,2
Djalexx,kazzak,384,paladin,holy,6,4,2
Idontknow,nemesis,384,paladin,holy,6,4,2
Chewwaka,bloodhoof,384,paladin,holy,6,4,2
Bloednicht,dentarg,384,paladin,holy,6,4,2
Wiffy,ravencrest,384,paladin,holy,6,4,2
Yimnotprot,ravencrest,384,paladin,holy,6,4,2
Rikiji,ravencrest,384,paladin,holy,6,4,2
Sebatrøz,ravencrest,384,paladin,holy,12,4,8
Tyrø,ravencrest,384,paladin,holy,12,4,8
Victwo,burning-legion,384,paladin,holy,12,4,8
Kfcmanager,archimonde,384,paladin,holy,12,4,8
Hammarfall,ravencrest,384,paladin,holy,12,4,8
Vânwêêd,thrall,384,paladin,holy,12,4,8
Mooderna,ravencrest,384,paladin,holy,12,4,8
Psikatchuu,hyjal,384,paladin,holy,12,4,8
Небулариум,howling-fjord,384,paladin,holy,12,4,8
Akazâ,ysondre,384,paladin,holy,12,4,8
Misarosh,drakthul,384,paladin,holy,12,4,8
Divinemove,stormscale,384,paladin,holy,12,4,8
Chopocrisp,dun-modr,384,paladin,holy,12,4,8
Fedaikin,stormscale,384,paladin,holy,12,4,8
Shívah,auchindoun,384,paladin,holy,12,4,8
Êggsy,grim-batol,384,paladin,holy,12,4,8
Visersion,tarren-mill,384,paladin,holy,12,4,8
Freý,ravencrest,384,paladin,holy,12,4,8
Imitrex,hyjal,384,paladin,holy,12,4,8
Лортремар,howling-fjord,384,paladin,holy,18,4,14
Gloonî,blackmoore,384,paladin,holy,18,4,14
Талрэн,howling-fjord,384,paladin,holy,18,4,14
Сакон,borean-tundra,384,paladin,holy,18,4,14
Gardaken,draenor,384,paladin,holy,18,4,14
Elfaza,dun-modr,384,paladin,holy,18,4,14
Djaléxx,kazzak,384,paladin,holy,18,4,14
Гниленький,razuvious,384,paladin,holy,24,4,20
Сатангодх,gordunni,384,paladin,holy,24,4,20
Taxpayer,aegwynn,384,paladin,holy,24,4,20
Tôra,hyjal,383,paladin,holy,6,4,2
Кэлви,blackscar,383,paladin,holy,12,4,8
Duine,the-venture-co,383,paladin,holy,12,4,8
Allesandra,antonidas,383,paladin,holy,12,4,8
Anfe,silvermoon,383,paladin,holy,12,4,8
Thorhum,moonglade,383,paladin,holy,12,4,8
Ênmâ,archimonde,383,paladin,holy,12,4,8
Caumon,los-errantes,383,paladin,holy,12,4,8
Rôlfzukowzky,guldan,383,paladin,holy,12,4,8
Aggressìon,twisting-nether,383,paladin,holy,12,4,8
Uoloop,kazzak,383,paladin,holy,12,4,8
Nyryon,ysondre,383,paladin,holy,18,4,14
Superpaladin,draenor,383,paladin,holy,18,4,14
Scissors,dun-morogh,383,paladin,holy,18,4,14
Mortalitis,tarren-mill,383,paladin,holy,30,4,26
Avengilo,silvermoon,382,paladin,holy,12,4,8
Овахус,soulflayer,382,paladin,holy,12,4,8
Sepha,eonar,382,paladin,holy,12,4,8
Thranduïl,tarren-mill,382,paladin,holy,18,4,14
Nêkro,dun-modr,382,paladin,holy,18,4,14
Preamx,blackrock,367,paladin,holy,11,4,7
Konpala,blackmoore,367,paladin,holy,11,4,7
Justyowx,archimonde,352,paladin,holy,16,5,11
Soulskin,sylvanas,350,paladin,holy,11,4,7
Gunshøtx,archimonde,329,paladin,holy,22,7,15
Liadry,sylvanas,329,paladin,holy,16,5,11
Ysnee,sanguino,320,paladin,holy,16,4,12
Bandrogina,shattered-hand,288,paladin,holy,6,3,3
Tacodin,blackrock,288,paladin,holy,6,3,3
Grafes,sanguino,288,paladin,holy,6,3,3
Penthxoxo,outland,288,paladin,holy,6,3,3
Tyn,dragonmaw,288,paladin,holy,6,3,3
Rohanan,blackrock,288,paladin,holy,6,3,3
Бладиполи,soulflayer,288,paladin,holy,6,3,3
Fotmfactory,burning-blade,288,paladin,holy,6,3,3
Ramels,hyjal,288,paladin,holy,6,3,3
Sínístèr,kazzak,288,paladin,holy,6,3,3
Гиркин,ashenvale,288,paladin,holy,6,3,3
Unhittable,draenor,288,paladin,holy,6,3,3
Mearsheimer,ysondre,288,paladin,holy,6,3,3
Môdhân,archimonde,288,paladin,holy,6,3,3
Kiwia,burning-legion,288,paladin,holy,6,3,3
Wäsabi,khaz-modan,288,paladin,holy,6,3,3
Tadjmahal,ravencrest,288,paladin,holy,6,3,3
Imapala,tarren-mill,288,paladin,holy,6,3,3
Yungboii,kazzak,288,paladin,holy,6,3,3
Zunis,ravencrest,288,paladin,holy,6,3,3
Holynoby,kazzak,288,paladin,holy,6,3,3
Solumon,gorgonnash,288,paladin,holy,6,3,3
Jogging,thrall,288,paladin,holy,6,3,3
Vôltuxx,outland,288,paladin,holy,6,3,3
Lunalovesyou,blackmoore,288,paladin,holy,6,3,3
Íva,twisting-nether,288,paladin,holy,6,3,3
Runtheshow,deathwing,288,paladin,holy,10,4,6
Lògàn,pozzo-delleternità,288,paladin,holy,9,3,6
Azthin,outland,288,paladin,holy,12,3,9
Telarii,die-nachtwache,288,paladin,holy,12,3,9
Эскейпми,howling-fjord,288,paladin,holy,12,3,9
Zerohour,kilrogg,288,paladin,holy,12,3,9
Гуэргос,gordunni,288,paladin,holy,12,3,9
Kelmarr,blackmoore,288,paladin,holy,12,3,9
Krayzier,nordrassil,288,paladin,holy,12,3,9
Влажныйбоб,soulflayer,288,paladin,holy,12,3,9
Nÿwa,temple-noir,288,paladin,holy,12,3,9
Jctp,ravencrest,288,paladin,holy,12,3,9
Tyraïa,archimonde,288,paladin,holy,12,3,9
Vissticks,nagrand,288,paladin,holy,12,3,9
Vxqt,blackrock,288,paladin,holy,12,3,9
Breez,die-aldor,288,paladin,holy,12,3,9
Monaatamis,kazzak,288,paladin,holy,12,3,9
Arbuzno,draenor,288,paladin,holy,12,3,9
Баблейми,gordunni,288,paladin,holy,12,3,9
Hotchíck,outland,288,paladin,holy,12,3,9
Bigdamjudge,argent-dawn,288,paladin,holy,12,3,9
Chusterb,draenor,288,paladin,holy,12,3,9
Linxo,argent-dawn,288,paladin,holy,12,3,9
Этосальвабро,lich-king,288,paladin,holy,14,3,11
Kaelorian,silvermoon,288,paladin,holy,18,3,15
Khalicies,archimonde,288,paladin,holy,18,3,15
Averyholycow,the-maelstrom,287,paladin,holy,6,3,3
Toxií,argent-dawn,287,paladin,holy,12,3,9
Jellish,argent-dawn,287,paladin,holy,12,3,9
Auliæ,chogall,287,paladin,holy,12,3,9
Kcore,blackrock,287,paladin,holy,12,3,9
Faustan,rexxar,287,paladin,holy,12,3,9
Järnkroken,tarren-mill,287,paladin,holy,13,3,10
Autyzmterror,silvermoon,287,paladin,holy,18,3,15
Biót,tarren-mill,287,paladin,holy,18,3,15
Мерасфард,howling-fjord,287,paladin,holy,18,3,15
Belgblue,ravenholdt,286,paladin,holy,6,3,3
Zàrílâ,dun-morogh,286,paladin,holy,6,3,3
Alone,sporeggar,286,paladin,holy,6,3,3
Flamxd,blackmoore,234,paladin,holy,10,5,5
Xila,blackrock,234,paladin,holy,9,4,5
Тамерланх,gordunni,234,paladin,holy,9,4,5
Laidevon,twisting-nether,234,paladin,holy,16,5,11
Mustardio,tarren-mill,234,paladin,holy,14,4,10
Dewastør,blackmoore,234,paladin,holy,15,4,11
Zeiserig,antonidas,234,paladin,holy,17,4,13
Battalgazi,azjolnerub,233,paladin,holy,17,5,12
Faranume,sylvanas,233,paladin,holy,16,4,12
Lacertosus,nemesis,192,paladin,holy,6,2,4
Poonky,dun-modr,192,paladin,holy,6,2,4
Ришардебюр,soulflayer,192,paladin,holy,6,2,4
Galadrion,dun-modr,192,paladin,holy,6,2,4
Holycoomer,silvermoon,192,paladin,holy,6,2,4
Archîmondê,marécage-de-zangar,192,paladin,holy,6,2,4
Холлихэйт,howling-fjord,192,paladin,holy,6,2,4
Edyk,silvermoon,192,paladin,holy,6,2,4
Keyla,los-errantes,192,paladin,holy,6,2,4
Lompe,karazhan,192,paladin,holy,6,2,4
Palaneuía,antonidas,192,paladin,holy,6,2,4
Bígmachine,draenor,192,paladin,holy,6,2,4
Böbble,twisting-nether,192,paladin,holy,6,2,4
Tyrallan,ragnaros,192,paladin,holy,6,2,4
Tsomoo,antonidas,192,paladin,holy,6,2,4
Pátish,terenas,192,paladin,holy,6,2,4
Envli,ragnaros,192,paladin,holy,6,2,4
Brüllt,dun-modr,192,paladin,holy,6,2,4
Léinãd,kazzak,192,paladin,holy,6,2,4
Realdeal,argent-dawn,192,paladin,holy,6,2,4
Axpala,ragnaros,192,paladin,holy,6,2,4
Паблойд,deathguard,192,paladin,holy,6,2,4
Defianze,tarren-mill,192,paladin,holy,6,2,4
Elrack,blackhand,192,paladin,holy,6,2,4
Edgï,confrérie-du-thorium,192,paladin,holy,6,2,4
Lezin,thrall,192,paladin,holy,6,2,4
Dafukx,ragnaros,192,paladin,holy,6,2,4
Teflonmagìc,ravencrest,192,paladin,holy,6,2,4
Wvwwvwvwvwwv,ravencrest,192,paladin,holy,6,2,4
Benedikt,stormscale,192,paladin,holy,6,2,4
Pagadi,blackhand,192,paladin,holy,6,2,4
Conker,malganis,192,paladin,holy,6,2,4
Palidi,tarren-mill,192,paladin,holy,6,2,4
Nirvanä,drakthul,192,paladin,holy,6,2,4
Lafrogge,culte-de-la-rive-noire,192,paladin,holy,6,2,4
Yuz,archimonde,192,paladin,holy,6,2,4
Holysac,kazzak,192,paladin,holy,6,2,4
Unstobubblex,burning-blade,192,paladin,holy,6,2,4
Superpiniouf,archimonde,192,paladin,holy,6,2,4
Lxvideoscom,blackrock,192,paladin,holy,6,2,4
Eim,moonglade,192,paladin,holy,6,2,4
Alisonquínn,defias-brotherhood,192,paladin,holy,6,2,4
Rulîx,blackmoore,192,paladin,holy,6,2,4
Andokaî,blackrock,192,paladin,holy,6,2,4
Прожектор,gordunni,192,paladin,holy,6,2,4
Solazola,blackmoore,192,paladin,holy,6,2,4
Schukka,azshara,192,paladin,holy,6,2,4
Durnell,sylvanas,192,paladin,holy,6,2,4
Fruitschaal,moonglade,192,paladin,holy,6,2,4
Bàrlo,kazzak,192,paladin,holy,6,2,4
Uldurin,ravencrest,192,paladin,holy,12,2,10
Bígpumprz,archimonde,192,paladin,holy,12,2,10
Вишенций,howling-fjord,192,paladin,holy,12,2,10
Essina,argent-dawn,192,paladin,holy,12,2,10
Firetorch,twisting-nether,192,paladin,holy,12,2,10
Pichuflor,sanguino,192,paladin,holy,12,2,10
Tsukaima,uldaman,192,paladin,holy,12,2,10
Ucu,terokkar,192,paladin,holy,12,2,10
Keft,twisting-nether,192,paladin,holy,12,2,10
Zeleron,darksorrow,192,paladin,holy,12,2,10
Bala,ravenholdt,192,paladin,holy,12,2,10
Aienest,ragnaros,192,paladin,holy,12,2,10
Scumbakitty,ysondre,192,paladin,holy,12,2,10
Croptol,dun-modr,192,paladin,holy,12,2,10
Týr,forscherliga,192,paladin,holy,12,2,10
Кирюшафридом,gordunni,192,paladin,holy,13,2,11
Bjutiful,silvermoon,192,paladin,holy,15,2,13
Eky,stormreaver,192,paladin,holy,18,2,16
Getblessed,rexxar,192,paladin,holy,18,2,16
Harycon,thrall,192,paladin,holy,24,2,22
Tiboeufpéi,archimonde,191,paladin,holy,6,2,4
Zuplex,deathwing,191,paladin,holy,6,2,4
Chasie,antonidas,191,paladin,holy,12,2,10
Droseros,sylvanas,175,paladin,holy,23,2,21
Browario,burning-legion,159,paladin,holy,5,2,3
Arshlicht,frostwolf,159,paladin,holy,5,2,3
Orogerrabbit,archimonde,144,paladin,holy,3,3,0
Drylink,kazzak,138,paladin,holy,11,3,8
Pïñkñætðøðÿ,tarren-mill,138,paladin,holy,14,3,11
Minirempart,khaz-modan,96,paladin,holy,6,1,5
Holysheto,sanguino,96,paladin,holy,6,1,5
Shanik,zuljin,96,paladin,holy,6,1,5
Bittersweex,stormscale,96,paladin,holy,6,1,5
Mybadvibes,tarren-mill,96,paladin,holy,6,1,5
Хочусметанки,howling-fjord,96,paladin,holy,6,1,5
Iamyellow,silvermoon,96,paladin,holy,6,1,5
Enriel,temple-noir,96,paladin,holy,6,1,5
Rehtu,malganis,96,paladin,holy,6,1,5
Flashhèart,draenor,96,paladin,holy,6,1,5
Wingcomander,aegwynn,96,paladin,holy,6,1,5
Palariaan,defias-brotherhood,96,paladin,holy,6,1,5
Whiskeypal,draenor,96,paladin,holy,6,1,5
Andrøiz,dun-modr,96,paladin,holy,6,1,5
Therador,dun-morogh,96,paladin,holy,6,1,5
Buladin,darkspear,96,paladin,holy,6,1,5
Razztafari,tarren-mill,96,paladin,holy,6,1,5
Xzarat,kazzak,96,paladin,holy,6,1,5
Xephiroxus,the-venture-co,96,paladin,holy,6,1,5
Visaria,twisting-nether,96,paladin,holy,6,1,5
Tønyx,les-clairvoyants,96,paladin,holy,6,1,5
Nhum,destromath,96,paladin,holy,6,1,5
Whatapity,silvermoon,96,paladin,holy,6,1,5
Switchflip,frostmane,96,paladin,holy,6,1,5
Playprist,aegwynn,96,paladin,holy,6,1,5
Holyfalls,blackmoore,96,paladin,holy,6,1,5
Tacita,nazjatar,96,paladin,holy,6,1,5
Agorasieya,frostwolf,96,paladin,holy,6,1,5
Dedicatèd,draenor,96,paladin,holy,6,1,5
Mínara,drakthul,96,paladin,holy,6,1,5
Eàrànël,les-clairvoyants,96,paladin,holy,6,1,5
Bubbleheart,ahnqiraj,96,paladin,holy,6,1,5
Eoox,outland,96,paladin,holy,6,1,5
Fükdîscláss,ravencrest,96,paladin,holy,6,1,5
Moobykin,stormscale,96,paladin,holy,6,1,5
Пепсекольный,soulflayer,96,paladin,holy,6,1,5
Niechepala,grim-batol,96,paladin,holy,6,1,5
Bubblebun,kazzak,96,paladin,holy,6,1,5
Dobbygotsock,kazzak,96,paladin,holy,6,1,5
Синерина,blackscar,96,paladin,holy,6,1,5
Kyarï,culte-de-la-rive-noire,96,paladin,holy,6,1,5
Colpadeltank,kazzak,96,paladin,holy,6,1,5
Veest,doomhammer,96,paladin,holy,12,1,11
Pigma,outland,96,paladin,holy,12,1,11
Zerafic,sylvanas,96,paladin,holy,12,1,11
Fúrion,burning-blade,96,paladin,holy,12,1,11
Hasler,drakthul,96,paladin,holy,12,1,11
Lunaary,antonidas,96,paladin,holy,12,1,11
Goldenstern,blackhand,96,paladin,holy,12,1,11
Лейфи,howling-fjord,96,paladin,holy,12,1,11
Encod,magtheridon,96,paladin,holy,12,1,11
Ahronius,stormscale,96,paladin,holy,12,1,11
Blancucky,kazzak,96,paladin,holy,12,1,11
Hancipapa,ragnaros,95,paladin,holy,6,1,5
Callon,das-syndikat,95,paladin,holy,6,1,5
Защешот,gordunni,79,paladin,holy,5,1,4
Shaxxzii,kazzak,79,paladin,holy,5,1,4
Hitaki,tarren-mill,64,paladin,holy,4,1,3
Míxu,stormreaver,42,paladin,holy,11,3,8
Holymerda,grim-batol,42,paladin,holy,8,2,6
Jâybee,ravencrest,42,paladin,holy,8,2,6
Xonika,outland,42,paladin,holy,9,2,7
Waltgyubeef,argent-dawn,42,paladin,holy,9,2,7
Xpurcica,twisting-nether,42,paladin,holy,10,2,8
Acongojante,zuljin,42,paladin,holy,15,2,13
Pïkachû,ravencrest,2211,paladin,retribution,78,42,36
Stracciatell,archimonde,2184,paladin,retribution,85,67,18
Ctierpala,ravencrest,2161,paladin,retribution,90,47,43
Steelsuit,argent-dawn,2147,paladin,retribution,182,101,81
Ðâny,elune,2128,paladin,retribution,135,68,67
Royki,the-maelstrom,2127,paladin,retribution,186,95,91
Drkp,blackrock,2126,paladin,retribution,61,42,19
Отловщик,gordunni,2123,paladin,retribution,82,43,39
Cosmicstâr,kazzak,2123,paladin,retribution,149,76,73
Mcweedy,aegwynn,2108,paladin,retribution,84,42,42
Аеррис,gordunni,2106,paladin,retribution,113,57,56
Miilicium,archimonde,2091,paladin,retribution,83,41,42
Ricexoxo,blackhand,2066,paladin,retribution,98,48,50
Shinøaa,wrathbringer,2064,paladin,retribution,125,70,55
Sonne,tarren-mill,2058,paladin,retribution,102,52,50
Elypsia,tarren-mill,2058,paladin,retribution,104,53,51
Bakawolf,burning-legion,2057,paladin,retribution,83,43,40
Mýstíc,ravencrest,2049,paladin,retribution,118,56,62
Peiker,blackrock,2041,paladin,retribution,160,77,83
Bigspin,ravencrest,2038,paladin,retribution,150,77,73
Davewins,dragonblight,2033,paladin,retribution,42,34,8
Nedith,pozzo-delleternità,2026,paladin,retribution,168,89,79
Ufø,magtheridon,2025,paladin,retribution,96,48,48
Альмор,blackscar,2023,paladin,retribution,54,28,26
Miriokekw,archimonde,2020,paladin,retribution,96,45,51
Franclovis,hyjal,2019,paladin,retribution,63,28,35
Qshadow,frostwhisper,2018,paladin,retribution,112,54,58
Sacredwrath,burning-legion,2017,paladin,retribution,59,30,29
Tj,dun-modr,2017,paladin,retribution,78,36,42
Kazuroo,blackmoore,2005,paladin,retribution,78,44,34
Стимулин,howling-fjord,2004,paladin,retribution,90,48,42
Tròth,twisting-nether,2004,paladin,retribution,66,33,33
Nîhil,silvermoon,2004,paladin,retribution,88,43,45
Xourens,twisting-nether,2003,paladin,retribution,73,33,40
Rankoneretri,arathor,2002,paladin,retribution,54,30,24
Мевар,gordunni,1991,paladin,retribution,66,30,36
Retwar,ravencrest,1986,paladin,retribution,77,49,28
Агинон,gordunni,1981,paladin,retribution,60,30,30
Beautýbeast,ravencrest,1977,paladin,retribution,113,60,53
Нейтхигерс,howling-fjord,1974,paladin,retribution,83,43,40
Синодх,eversong,1974,paladin,retribution,101,46,55
Âlßêdø,ravencrest,1973,paladin,retribution,147,70,77
Аполодориан,gordunni,1972,paladin,retribution,120,64,56
Sitekx,burning-legion,1968,paladin,retribution,99,45,54
Mcret,ravencrest,1965,paladin,retribution,82,38,44
Jowanno,stormscale,1958,paladin,retribution,95,49,46
Monkeytm,archimonde,1957,paladin,retribution,58,27,31
Xillindion,blackhand,1955,paladin,retribution,314,158,156
Littlelíght,silvermoon,1954,paladin,retribution,78,41,37
Fullsendbro,ravencrest,1952,paladin,retribution,101,59,42
Greywords,silvermoon,1952,paladin,retribution,53,30,23
Wingsteak,draenor,1951,paladin,retribution,75,41,34
Martoretard,archimonde,1949,paladin,retribution,358,181,177
Prex,dun-modr,1948,paladin,retribution,72,39,33
Msharix,kazzak,1948,paladin,retribution,84,42,42
Мрч,howling-fjord,1947,paladin,retribution,60,31,29
Rùuru,archimonde,1947,paladin,retribution,150,70,80
Günykoloke,blackrock,1939,paladin,retribution,60,33,27
Kriszi,burning-legion,1938,paladin,retribution,90,39,51
Bigdblaster,twisting-nether,1935,paladin,retribution,102,49,53
Запалтосик,blackscar,1934,paladin,retribution,36,23,13
Syruplol,blackrock,1932,paladin,retribution,58,32,26
Apolloos,grim-batol,1932,paladin,retribution,83,39,44
Spacknas,blackmoore,1931,paladin,retribution,110,62,48
Yungboii,kazzak,1925,paladin,retribution,95,61,34
Kírin,drakthul,1921,paladin,retribution,66,32,34
Bernhoftxd,ravencrest,1921,paladin,retribution,236,111,125
Nabbi,ravencrest,1921,paladin,retribution,72,30,42
Retbùll,stormscale,1919,paladin,retribution,37,29,8
Galaadh,archimonde,1917,paladin,retribution,72,32,40
Milkyavenger,sylvanas,1915,paladin,retribution,107,71,36
Exolix,archimonde,1914,paladin,retribution,48,27,21
Saabnaab,outland,1913,paladin,retribution,213,125,88
Smilé,sylvanas,1911,paladin,retribution,84,44,40
Реальныйпал,gordunni,1911,paladin,retribution,90,46,44
Mezor,dun-modr,1910,paladin,retribution,202,100,102
Pâsla,hyjal,1909,paladin,retribution,137,72,65
Mélli,eredar,1907,paladin,retribution,99,55,44
Yungboihoj,twisting-nether,1905,paladin,retribution,155,78,77
Réfractio,die-aldor,1902,paladin,retribution,60,31,29
Tadashì,aegwynn,1901,paladin,retribution,78,35,43
Jualom,colinas-pardas,1900,paladin,retribution,68,35,33
Rígel,silvermoon,1899,paladin,retribution,58,35,23
Legodudex,ravencrest,1898,paladin,retribution,66,33,33
Ðeathron,blackmoore,1898,paladin,retribution,128,62,66
Pallyprinces,dentarg,1898,paladin,retribution,66,28,38
Стьюпидбой,howling-fjord,1896,paladin,retribution,149,77,72
Byths,blackmoore,1896,paladin,retribution,127,56,71
Vadya,ravencrest,1894,paladin,retribution,145,76,69
Холирайз,gordunni,1894,paladin,retribution,42,21,21
Лиспорий,gordunni,1894,paladin,retribution,60,29,31
Brassaren,stormscale,1890,paladin,retribution,67,36,31
Carlá,silvermoon,1890,paladin,retribution,73,37,36
Pancakee,the-maelstrom,1889,paladin,retribution,66,32,34
Harridin,ravencrest,1888,paladin,retribution,126,58,68
Doomsoom,kazzak,1887,paladin,retribution,40,31,9
Марчи,howling-fjord,1884,paladin,retribution,83,37,46
Biggerspin,ravencrest,1882,paladin,retribution,24,20,4
Модрит,soulflayer,1882,paladin,retribution,70,47,23
Bersercute,sylvanas,1882,paladin,retribution,124,60,64
Толвард,gordunni,1881,paladin,retribution,25,21,4
Tj,sanguino,1881,paladin,retribution,42,20,22
Меварх,howling-fjord,1878,paladin,retribution,42,22,20
Melantus,eredar,1878,paladin,retribution,83,41,42
Nastalia,elune,1877,paladin,retribution,84,45,39
Tazken,tarren-mill,1877,paladin,retribution,90,44,46
Saygexx,draenor,1875,paladin,retribution,57,34,23
Crysania,twisting-nether,1872,paladin,retribution,60,27,33
Eysn,blackrock,1871,paladin,retribution,54,29,25
Hódle,silvermoon,1870,paladin,retribution,78,46,32
Kjn,tarren-mill,1870,paladin,retribution,54,31,23
Kiriel,dun-modr,1869,paladin,retribution,90,40,50
Zerørespect,ravencrest,1868,paladin,retribution,113,51,62
Vabz,blackrock,1867,paladin,retribution,47,23,24
Дэнискарз,gordunni,1866,paladin,retribution,48,26,22
Thyrec,blackmoore,1865,paladin,retribution,54,32,22
Fkadin,kazzak,1862,paladin,retribution,107,56,51
Swahadon,stormscale,1862,paladin,retribution,60,29,31
Holysiah,kazzak,1861,paladin,retribution,96,46,50
Freshreroll,tarren-mill,1860,paladin,retribution,48,30,18
Smirk,aggra-português,1860,paladin,retribution,102,46,56
Herrius,ravencrest,1857,paladin,retribution,54,25,29
Mhehø,hyjal,1855,paladin,retribution,273,137,136
Chyve,tarren-mill,1855,paladin,retribution,66,28,38
Торсгард,howling-fjord,1854,paladin,retribution,84,36,48
Vanthael,chamber-of-aspects,1853,paladin,retribution,201,115,86
Phix,outland,1853,paladin,retribution,165,81,84
Papichuló,aegwynn,1853,paladin,retribution,84,41,43
Alphaladin,stormscale,1852,paladin,retribution,54,31,23
Hammerzemall,tarren-mill,1852,paladin,retribution,65,34,31
Galenhad,kazzak,1852,paladin,retribution,84,41,43
Jicob,ravencrest,1851,paladin,retribution,48,30,18
Zion,runetotem,1851,paladin,retribution,42,25,17
Dasar,twisting-nether,1851,paladin,retribution,72,31,41
Súnshìne,blackhand,1850,paladin,retribution,42,29,13
Jedzy,ragnaros,1850,paladin,retribution,36,22,14
Elganor,hyjal,1849,paladin,retribution,113,72,41
Агинон,howling-fjord,1849,paladin,retribution,60,34,26
Pætter,aggra-português,1849,paladin,retribution,60,34,26
Jessrabit,tarren-mill,1848,paladin,retribution,54,25,29
Nein,blackhand,1848,paladin,retribution,102,47,55
Exolia,archimonde,1845,paladin,retribution,54,30,24
Dibzi,argent-dawn,1845,paladin,retribution,54,27,27
Djstompyamom,stormscale,1845,paladin,retribution,99,47,52
Risingfi,kult-der-verdammten,1844,paladin,retribution,78,47,31
Nam,culte-de-la-rive-noire,1844,paladin,retribution,48,26,22
Durenai,aegwynn,1843,paladin,retribution,152,71,81
Palior,sylvanas,1841,paladin,retribution,54,31,23
Retforlife,sylvanas,1839,paladin,retribution,42,26,16
Halevia,kazzak,1839,paladin,retribution,59,30,29
Hornyret,kazzak,1839,paladin,retribution,96,46,50
Wingsmode,kazzak,1839,paladin,retribution,90,36,54
Crîîngêr,blackhand,1838,paladin,retribution,44,24,20
Surian,kazzak,1835,paladin,retribution,72,45,27
Antimov,twisting-nether,1835,paladin,retribution,156,77,79
Murkyxd,sanguino,1835,paladin,retribution,66,30,36
Timmes,blackhand,1835,paladin,retribution,48,21,27
Yuber,ravencrest,1833,paladin,retribution,78,34,44
Сотранокинг,soulflayer,1832,paladin,retribution,36,20,16
Skyf,outland,1832,paladin,retribution,80,33,47
Miju,blackmoore,1831,paladin,retribution,51,28,23
Daybreak,kazzak,1831,paladin,retribution,57,30,27
Ilòvekris,draenor,1831,paladin,retribution,195,99,96
Baxuz,draenor,1830,paladin,retribution,64,33,31
Декионзхц,howling-fjord,1830,paladin,retribution,78,29,49
Gluttön,tarren-mill,1829,paladin,retribution,57,29,28
Ðaegos,blackmoore,1829,paladin,retribution,107,49,58
Hojinson,blackrock,1828,paladin,retribution,48,34,14
Exolis,archimonde,1827,paladin,retribution,54,26,28
Denastys,nemesis,1827,paladin,retribution,72,31,41
Dréamypie,silvermoon,1827,paladin,retribution,65,26,39
Holzer,azshara,1826,paladin,retribution,65,35,30
Tremelay,silvermoon,1825,paladin,retribution,240,122,118
Eimaqt,stormscale,1825,paladin,retribution,70,33,37
Игры,gordunni,1823,paladin,retribution,76,39,37
Cqt,ravencrest,1823,paladin,retribution,66,30,36
Keinah,silvermoon,1822,paladin,retribution,54,36,18
Iagö,argent-dawn,1822,paladin,retribution,71,32,39
Lorex,grim-batol,1821,paladin,retribution,54,26,28
Muhnnin,archimonde,1820,paladin,retribution,72,37,35
Foreskinx,draenor,1819,paladin,retribution,42,25,17
Номос,soulflayer,1819,paladin,retribution,72,41,31
Arígato,argent-dawn,1819,paladin,retribution,173,95,78
Дюрьвючыф,razuvious,1819,paladin,retribution,143,74,69
Âtlas,ragnaros,1819,paladin,retribution,48,24,24
Zialo,ravencrest,1819,paladin,retribution,93,42,51
Nìcky,stormscale,1819,paladin,retribution,83,37,46
Bulkpwders,burning-legion,1818,paladin,retribution,42,20,22
Wingsgodx,archimonde,1818,paladin,retribution,60,28,32
Кошкотяночка,ashenvale,1818,paladin,retribution,54,23,31
Nikkibenzqt,blackmoore,1818,paladin,retribution,84,35,49
Taurski,sylvanas,1817,paladin,retribution,48,35,13
Quelän,draenor,1817,paladin,retribution,47,29,18
Thedarksteel,ravencrest,1817,paladin,retribution,70,34,36
Calaestra,twisting-nether,1817,paladin,retribution,63,30,33
Astragore,archimonde,1817,paladin,retribution,71,30,41
Кхабелех,howling-fjord,1817,paladin,retribution,78,32,46
Фэйсрол,gordunni,1817,paladin,retribution,93,37,56
Angryturk,ravencrest,1816,paladin,retribution,36,19,17
Соулерт,ashenvale,1815,paladin,retribution,54,28,26
Madmartigane,ysondre,1815,paladin,retribution,114,48,66
Wellick,ravencrest,1814,paladin,retribution,35,20,15
Фемдом,blackscar,1814,paladin,retribution,48,27,21
Wickedwings,silvermoon,1814,paladin,retribution,47,23,24
Morri,ravencrest,1814,paladin,retribution,171,83,88
Ганка,blackscar,1814,paladin,retribution,83,31,52
Umîrînbrah,twisting-nether,1813,paladin,retribution,64,39,25
Déna,draenor,1813,paladin,retribution,52,29,23
Ktk,ravencrest,1813,paladin,retribution,121,67,54
Rekktadin,grim-batol,1813,paladin,retribution,155,79,76
Granfort,argent-dawn,1813,paladin,retribution,114,55,59
Малиновыйбох,gordunni,1812,paladin,retribution,123,70,53
Losër,ravencrest,1812,paladin,retribution,66,27,39
Ykzy,hyjal,1811,paladin,retribution,36,24,12
Коварное,borean-tundra,1810,paladin,retribution,66,36,30
Lättäkamerus,ravencrest,1810,paladin,retribution,74,31,43
Alloüt,outland,1809,paladin,retribution,37,20,17
Ironquist,doomhammer,1809,paladin,retribution,42,22,20
Bätïk,blackmoore,1809,paladin,retribution,60,30,30
Zóran,kazzak,1809,paladin,retribution,72,34,38
Mâttyy,stormscale,1808,paladin,retribution,66,29,37
Ças,quelthalas,1808,paladin,retribution,72,30,42
Zscrew,nemesis,1807,paladin,retribution,30,19,11
Kêkbûrâgol,kazzak,1807,paladin,retribution,42,26,16
Nizzlee,eredar,1807,paladin,retribution,54,30,24
Васапрагиб,howling-fjord,1806,paladin,retribution,60,35,25
Bregowine,doomhammer,1806,paladin,retribution,243,137,106
Malthred,ravenholdt,1806,paladin,retribution,171,91,80
Weekly,outland,1806,paladin,retribution,36,19,17
Lightlogic,ravencrest,1806,paladin,retribution,71,35,36
Réaxon,archimonde,1806,paladin,retribution,69,30,39
Matriarchxd,kazzak,1805,paladin,retribution,48,24,24
Vhardan,archimonde,1805,paladin,retribution,143,71,72
Geneundreitt,dethecus,1805,paladin,retribution,54,26,28
Îiî,archimonde,1805,paladin,retribution,45,21,24
Магрейм,gordunni,1805,paladin,retribution,77,35,42
Taneren,argent-dawn,1804,paladin,retribution,48,29,19
Heiimdal,dun-morogh,1804,paladin,retribution,46,26,20
Tsorig,tarren-mill,1804,paladin,retribution,177,98,79
Zarrex,blackrock,1804,paladin,retribution,54,28,26
Netharia,antonidas,1804,paladin,retribution,120,59,61
Aqualisse,hyjal,1804,paladin,retribution,66,30,36
Qpala,quelthalas,1803,paladin,retribution,36,19,17
Nellyrld,stormscale,1803,paladin,retribution,60,26,34
Selina,burning-legion,1802,paladin,retribution,111,59,52
Атмх,soulflayer,1802,paladin,retribution,54,28,26
Antou,twisting-nether,1802,paladin,retribution,211,108,103
Meruem,blackrock,1802,paladin,retribution,53,26,27
Karadøc,archimonde,1802,paladin,retribution,90,41,49
Brõw,hyjal,1801,paladin,retribution,42,21,21
Lesterqt,thrall,1801,paladin,retribution,114,54,60
Vatix,trollbane,1801,paladin,retribution,54,25,29
Delgato,kazzak,1800,paladin,retribution,152,80,72
Zachäus,kirin-tor,1800,paladin,retribution,114,57,57
Tauskiz,sylvanas,1800,paladin,retribution,48,19,29
Мидэас,gordunni,1798,paladin,retribution,96,44,52
Ollebala,ravencrest,1797,paladin,retribution,97,59,38
Icekissz,hyjal,1795,paladin,retribution,24,19,5
Телканапалке,blackscar,1795,paladin,retribution,48,35,13
Анофарин,gordunni,1795,paladin,retribution,126,60,66
Xairo,twisting-nether,1790,paladin,retribution,54,27,27
Pestomp,tarren-mill,1789,paladin,retribution,65,28,37
Pridehammer,stormscale,1788,paladin,retribution,48,31,17
Ниашес,howling-fjord,1788,paladin,retribution,65,29,36
Répo,twisting-nether,1787,paladin,retribution,30,19,11
Simjon,defias-brotherhood,1787,paladin,retribution,181,102,79
Батллграунд,soulflayer,1787,paladin,retribution,84,46,38
Elitest,hyjal,1787,paladin,retribution,73,34,39
ßlacklight,archimonde,1787,paladin,retribution,66,26,40
Astilia,sylvanas,1785,paladin,retribution,90,44,46
Kayllan,ravencrest,1784,paladin,retribution,113,65,48
Оззмо,howling-fjord,1781,paladin,retribution,132,73,59
Деленка,gordunni,1779,paladin,retribution,106,61,45
Sübôvîñ,ravencrest,1778,paladin,retribution,65,39,26
Hammarfall,ravencrest,1776,paladin,retribution,144,79,65
Valkûn,rexxar,1775,paladin,retribution,60,28,32
Posttal,aggra-português,1775,paladin,retribution,42,19,23
Ðeusvult,draenor,1774,paladin,retribution,36,19,17
Goofymits,twisting-nether,1772,paladin,retribution,60,32,28
Skyrose,ravencrest,1772,paladin,retribution,162,86,76
Vankwok,stormscale,1771,paladin,retribution,33,20,13
Molgran,defias-brotherhood,1771,paladin,retribution,90,40,50
ßancu,ragnaros,1767,paladin,retribution,54,22,32
Алепос,soulflayer,1766,paladin,retribution,54,21,33
Valterus,burning-legion,1765,paladin,retribution,84,40,44
Refuse,blackrock,1761,paladin,retribution,89,43,46
Tsunà,antonidas,1760,paladin,retribution,48,21,27
Sofhiya,silvermoon,1759,paladin,retribution,42,24,18
Блэканус,blackscar,1759,paladin,retribution,54,25,29
Xsÿde,archimonde,1759,paladin,retribution,84,36,48
Опгоп,gordunni,1758,paladin,retribution,89,45,44
Tanny,kazzak,1758,paladin,retribution,66,29,37
Extremnäsa,outland,1758,paladin,retribution,102,43,59
Tcret,sanguino,1757,paladin,retribution,47,25,22
Riares,darkspear,1757,paladin,retribution,87,46,41
Ромерл,gordunni,1754,paladin,retribution,78,43,35
Zubxp,ravencrest,1753,paladin,retribution,76,37,39
Данхайк,gordunni,1750,paladin,retribution,114,68,46
Highfivè,ravencrest,1747,paladin,retribution,42,26,16
Инфернох,howling-fjord,1746,paladin,retribution,143,74,69
Yo,azshara,1745,paladin,retribution,60,33,27
Plarbo,blackmoore,1745,paladin,retribution,60,30,30
Hýox,malganis,1745,paladin,retribution,55,27,28
Darkkissret,lightbringer,1745,paladin,retribution,66,28,38
Justyowx,archimonde,1740,paladin,retribution,42,20,22
Dalemiar,ravencrest,1740,paladin,retribution,111,51,60
Fullflavor,bladefist,1739,paladin,retribution,48,20,28
Мегопалл,blackscar,1738,paladin,retribution,90,38,52
Katanaclówn,eredar,1736,paladin,retribution,118,64,54
Охоху,gordunni,1735,paladin,retribution,113,61,52
Valnyr,the-maelstrom,1735,paladin,retribution,66,35,31
Liendry,antonidas,1735,paladin,retribution,53,28,25
Солошафл,howling-fjord,1735,paladin,retribution,48,24,24
Guilt,aegwynn,1735,paladin,retribution,60,26,34
Flaapz,hyjal,1733,paladin,retribution,101,61,40
Vanques,burning-legion,1732,paladin,retribution,41,20,21
Zazalamel,hyjal,1731,paladin,retribution,48,28,20
Ÿani,argent-dawn,1730,paladin,retribution,42,25,17
Justivo,tarren-mill,1730,paladin,retribution,67,39,28
Чупаа,howling-fjord,1728,paladin,retribution,88,47,41
Пинкпуссибой,howling-fjord,1727,paladin,retribution,58,32,26
Mimð,kazzak,1723,paladin,retribution,42,24,18
Ërzã,outland,1723,paladin,retribution,60,23,37
Zayaka,ragnaros,1723,paladin,retribution,84,30,54
Rli,twisting-nether,1721,paladin,retribution,74,39,35
Djrayk,archimonde,1721,paladin,retribution,36,18,18
Exolie,archimonde,1720,paladin,retribution,42,21,21
Miru,defias-brotherhood,1719,paladin,retribution,30,18,12
Xeaa,tarren-mill,1718,paladin,retribution,42,18,24
Caladys,silvermoon,1717,paladin,retribution,61,33,28
Bubbleteâ,blackhand,1717,paladin,retribution,60,27,33
Larnbert,argent-dawn,1715,paladin,retribution,54,27,27
Ryxxii,ravencrest,1715,paladin,retribution,54,26,28
Beigerbala,blackrock,1715,paladin,retribution,42,18,24
Ibnkrook,archimonde,1714,paladin,retribution,48,24,24
Testør,ragnaros,1714,paladin,retribution,123,55,68
Honorkill,silvermoon,1713,paladin,retribution,211,118,93
Холихит,gordunni,1713,paladin,retribution,95,48,47
Clessington,die-aldor,1713,paladin,retribution,53,25,28
Dacilez,ravencrest,1712,paladin,retribution,81,38,43
Dannyvye,outland,1712,paladin,retribution,48,21,27
Odin,silvermoon,1711,paladin,retribution,77,41,36
Ruath,xavius,1710,paladin,retribution,101,51,50
Kinvqt,tarren-mill,1710,paladin,retribution,76,36,40
Slapmedaddy,die-ewige-wacht,1709,paladin,retribution,54,29,25
Ayylmeow,tarren-mill,1709,paladin,retribution,56,28,28
Deidâra,blackhand,1709,paladin,retribution,42,18,24
Shockashy,stormscale,1708,paladin,retribution,56,31,25
Gladiator,die-aldor,1708,paladin,retribution,48,25,23
Drownlord,eredar,1707,paladin,retribution,30,18,12
Wickedret,kazzak,1707,paladin,retribution,30,18,12
Zarispal,tarren-mill,1707,paladin,retribution,39,23,16
Sigmud,turalyon,1706,paladin,retribution,42,23,19
Babaluga,blackrock,1706,paladin,retribution,42,21,21
Cheradin,ragnaros,1705,paladin,retribution,37,18,19
Mayhemx,ravencrest,1705,paladin,retribution,236,110,126
Бэйгреон,gordunni,1704,paladin,retribution,122,73,49
Naneno,silvermoon,1704,paladin,retribution,57,27,30
Gùtz,xavius,1704,paladin,retribution,57,27,30
Draìgo,nemesis,1703,paladin,retribution,35,21,14
Nutqtgodx,archimonde,1702,paladin,retribution,36,21,15
Arayël,archimonde,1702,paladin,retribution,54,30,24
Staticdeath,ravencrest,1702,paladin,retribution,228,117,111
Gwynel,argent-dawn,1702,paladin,retribution,60,28,32
Almighty,ravencrest,1702,paladin,retribution,54,24,30
Pog,azshara,1702,paladin,retribution,51,22,29
Pârabellum,the-maelstrom,1702,paladin,retribution,93,40,53
Panicmaker,ravencrest,1701,paladin,retribution,36,27,9
Winkz,rajaxx,1701,paladin,retribution,36,18,18
Cowwithspell,stormscale,1701,paladin,retribution,122,60,62
Mirøku,silvermoon,1701,paladin,retribution,61,28,33
Thórvaldr,argent-dawn,1700,paladin,retribution,54,30,24
Mordar,ravencrest,1700,paladin,retribution,67,33,34
Ðenlox,destromath,1699,paladin,retribution,72,29,43
Bangßros,archimonde,1697,paladin,retribution,30,18,12
Torvik,eredar,1697,paladin,retribution,78,40,38
Dainan,blackmoore,1697,paladin,retribution,108,52,56
Smirky,silvermoon,1697,paladin,retribution,42,20,22
Rullatôrsven,stormscale,1697,paladin,retribution,48,18,30
Wannabis,twisting-nether,1696,paladin,retribution,95,53,42
Hirako,nemesis,1695,paladin,retribution,42,21,21
Qarak,argent-dawn,1695,paladin,retribution,71,32,39
Яправ,borean-tundra,1694,paladin,retribution,66,38,28
Salti,magtheridon,1693,paladin,retribution,142,77,65
Starworkal,ragnaros,1693,paladin,retribution,70,36,34
Gimly,anachronos,1693,paladin,retribution,60,24,36
Âyasê,blackhand,1692,paladin,retribution,53,27,26
Кельритос,soulflayer,1692,paladin,retribution,46,22,24
Сводимиаое,soulflayer,1692,paladin,retribution,52,24,28
Mouku,stormreaver,1692,paladin,retribution,54,23,31
Lazaraat,antonidas,1691,paladin,retribution,53,24,29
Warmâchiine,burning-legion,1690,paladin,retribution,126,68,58
Lightsaint,kazzak,1687,paladin,retribution,66,37,29
Ezetrol,xavius,1687,paladin,retribution,36,18,18
Зондарк,booty-bay,1687,paladin,retribution,59,24,35
Holyshet,blackrock,1686,paladin,retribution,79,44,35
Ønlyfâns,dragonblight,1685,paladin,retribution,66,30,36
Ophillan,draenor,1685,paladin,retribution,54,24,30
Mistérion,archimonde,1683,paladin,retribution,66,27,39
Thàø,chants-éternels,1682,paladin,retribution,58,30,28
Johannx,tarren-mill,1681,paladin,retribution,192,91,101
Данбро,borean-tundra,1680,paladin,retribution,60,29,31
Varunyyo,blackrock,1679,paladin,retribution,82,40,42
Dudjaw,stormscale,1679,paladin,retribution,96,38,58
Obackbarama,outland,1678,paladin,retribution,42,23,19
Reito,eredar,1678,paladin,retribution,54,26,28
Ratklng,ravencrest,1676,paladin,retribution,66,44,22
Instaquez,stormscale,1676,paladin,retribution,73,38,35
Blakethorn,silvermoon,1676,paladin,retribution,36,18,18
Scorebit,draenor,1675,paladin,retribution,41,19,22
Bajheeroth,kazzak,1674,paladin,retribution,60,38,22
Purgebop,ravencrest,1673,paladin,retribution,33,22,11
Mcfëë,ysondre,1673,paladin,retribution,77,41,36
Lílou,blackmoore,1673,paladin,retribution,57,30,27
Bjornulfr,ravencrest,1673,paladin,retribution,107,46,61
Møøgødx,bronzebeard,1673,paladin,retribution,60,23,37
Утипутя,goldrinn,1672,paladin,retribution,36,20,16
Wootschi,arthas,1672,paladin,retribution,59,30,29
Tyri,silvermoon,1671,paladin,retribution,96,50,46
Дракула,howling-fjord,1671,paladin,retribution,102,53,49
Аниф,ashenvale,1671,paladin,retribution,151,76,75
Грайндсет,galakrond,1671,paladin,retribution,41,18,23
Shakkur,varimathras,1670,paladin,retribution,30,18,12
Shmndr,kazzak,1670,paladin,retribution,42,24,18
Mainôs,ravencrest,1670,paladin,retribution,42,22,20
Kaileena,archimonde,1669,paladin,retribution,42,25,17
Ёйхйё,blackscar,1669,paladin,retribution,97,57,40
Crusshqt,silvermoon,1669,paladin,retribution,90,47,43
Bullsy,kazzak,1669,paladin,retribution,62,32,30
Bigbuffdaddy,draenor,1669,paladin,retribution,286,142,144
Vanithar,thrall,1669,paladin,retribution,48,21,27
Isora,twisting-nether,1669,paladin,retribution,84,34,50
Saintseiya,pozzo-delleternità,1667,paladin,retribution,36,23,13
Делимнаноль,blackscar,1667,paladin,retribution,156,74,82
Youmistpew,antonidas,1667,paladin,retribution,48,19,29
Holymerda,grim-batol,1666,paladin,retribution,47,23,24
Hèllkeepêr,archimonde,1666,paladin,retribution,41,20,21
Zaaen,burning-legion,1665,paladin,retribution,72,40,32
Lecutus,sunstrider,1664,paladin,retribution,87,35,52
Davoss,outland,1664,paladin,retribution,45,18,27
Vickdicator,stormscale,1663,paladin,retribution,68,30,38
Bloodaxjr,archimonde,1662,paladin,retribution,134,75,59
Шакиори,gordunni,1662,paladin,retribution,46,25,21
Deadholland,ravencrest,1662,paladin,retribution,140,73,67
Deriøt,dun-modr,1662,paladin,retribution,54,27,27
Elbígotes,dun-modr,1661,paladin,retribution,42,23,19
Pruntadin,silvermoon,1661,paladin,retribution,78,36,42
Denounce,defias-brotherhood,1661,paladin,retribution,57,22,35
Sünlight,nemesis,1660,paladin,retribution,116,54,62
Focuspally,outland,1659,paladin,retribution,54,29,25
Misako,sanguino,1657,paladin,retribution,124,62,62
Sántouryu,ravencrest,1657,paladin,retribution,213,104,109
Drakingsang,blackhand,1657,paladin,retribution,84,35,49
Auriuss,defias-brotherhood,1656,paladin,retribution,177,95,82
Kouyhalaide,hyjal,1656,paladin,retribution,48,24,24
Telionrootan,die-aldor,1655,paladin,retribution,58,29,29
Niou,alleria,1654,paladin,retribution,53,27,26
Сёмаигрок,soulflayer,1654,paladin,retribution,54,26,28
Aylion,blackrock,1653,paladin,retribution,42,28,14
Earendìl,blackmoore,1653,paladin,retribution,54,31,23
Zynuwu,blackmoore,1653,paladin,retribution,42,22,20
Valin,frostmane,1653,paladin,retribution,66,29,37
Irondawg,rajaxx,1653,paladin,retribution,56,21,35
Íbossít,doomhammer,1652,paladin,retribution,66,36,30
Райтивуд,howling-fjord,1652,paladin,retribution,110,58,52
Русэльф,howling-fjord,1652,paladin,retribution,87,45,42
Yana,blackrock,1652,paladin,retribution,43,22,21
Диманватикан,howling-fjord,1652,paladin,retribution,60,27,33
Xila,blackrock,1652,paladin,retribution,60,24,36
Rugila,ragnaros,1651,paladin,retribution,152,87,65
Xciepo,rexxar,1651,paladin,retribution,60,24,36
Claymore,ravenholdt,1651,paladin,retribution,53,20,33
Gaalarr,burning-legion,1650,paladin,retribution,36,20,16
Harlequina,argent-dawn,1650,paladin,retribution,40,20,20
Zuveron,the-maelstrom,1650,paladin,retribution,54,23,31
Screws,dun-modr,1650,paladin,retribution,54,22,32
Unschúld,blackrock,1649,paladin,retribution,121,68,53
Aederec,argent-dawn,1649,paladin,retribution,78,42,36
Shenwarr,twisting-nether,1649,paladin,retribution,36,19,17
Хаспадин,gordunni,1649,paladin,retribution,42,21,21
Akrobatka,sanguino,1649,paladin,retribution,60,25,35
Ослепителен,eversong,1649,paladin,retribution,48,19,29
Elisabeth,kazzak,1648,paladin,retribution,72,31,41
Spegepølse,silvermoon,1647,paladin,retribution,74,42,32
Dankin,pozzo-delleternità,1647,paladin,retribution,52,25,27
Wakke,outland,1646,paladin,retribution,32,23,9
Талрэн,howling-fjord,1646,paladin,retribution,60,31,29
Сандалар,gordunni,1646,paladin,retribution,54,24,30
Кавайнекс,azuregos,1645,paladin,retribution,116,58,58
Trølled,aegwynn,1645,paladin,retribution,144,67,77
Batteldin,blackmoore,1644,paladin,retribution,152,89,63
Cîzzar,burning-legion,1644,paladin,retribution,153,85,68
Релаин,gordunni,1644,paladin,retribution,54,23,31
Галиор,soulflayer,1643,paladin,retribution,30,20,10
Лакостик,howling-fjord,1643,paladin,retribution,48,21,27
Neiiz,ragnaros,1643,paladin,retribution,52,20,32
Zeggayodax,nemesis,1642,paladin,retribution,36,21,15
Limitles,nemesis,1642,paladin,retribution,45,18,27
Bikkuz,kazzak,1641,paladin,retribution,42,28,14
Gigasack,ravencrest,1641,paladin,retribution,36,23,13
Саймум,blackscar,1641,paladin,retribution,57,29,28
Powerpuffret,antonidas,1640,paladin,retribution,72,40,32
Иев,howling-fjord,1640,paladin,retribution,53,23,30
Димасгачи,gordunni,1638,paladin,retribution,42,32,10
Thmas,tarren-mill,1638,paladin,retribution,84,46,38
Аскеттх,gordunni,1638,paladin,retribution,66,33,33
Brabop,zirkel-des-cenarius,1637,paladin,retribution,42,22,20
Afhvahj,tichondrius,1637,paladin,retribution,119,62,57
Namapala,silvermoon,1637,paladin,retribution,92,44,48
Dízeltekurva,ragnaros,1636,paladin,retribution,42,21,21
Badbuññy,sylvanas,1636,paladin,retribution,54,24,30
Trenvendor,ravencrest,1635,paladin,retribution,33,22,11
Mácá,outland,1635,paladin,retribution,30,20,10
Valhella,stormscale,1635,paladin,retribution,115,60,55
Naexea,archimonde,1635,paladin,retribution,60,28,32
Møg,blackrock,1635,paladin,retribution,54,20,34
Belnadris,eredar,1634,paladin,retribution,58,35,23
Arturius,ravencrest,1634,paladin,retribution,60,30,30
Breakdøwñ,blackrock,1634,paladin,retribution,148,63,85
Palagray,blackmoore,1633,paladin,retribution,173,100,73
Keft,twisting-nether,1633,paladin,retribution,35,19,16
Retaxx,outland,1633,paladin,retribution,36,19,17
Прожектор,gordunni,1633,paladin,retribution,48,25,23
Майлайт,gordunni,1632,paladin,retribution,88,54,34
Azûl,archimonde,1632,paladin,retribution,102,54,48
Jout,tarren-mill,1632,paladin,retribution,132,65,67
Itsgossiplol,twisting-nether,1632,paladin,retribution,74,30,44
Flipzz,blackrock,1631,paladin,retribution,26,18,8
Needel,argent-dawn,1631,paladin,retribution,47,26,21
Draizor,twisting-nether,1631,paladin,retribution,89,42,47
Ibuc,blackrock,1630,paladin,retribution,36,21,15
Loratheon,stormscale,1630,paladin,retribution,30,17,13
Djcurry,archimonde,1630,paladin,retribution,30,17,13
Antsh,nemesis,1629,paladin,retribution,36,22,14
Bobiwan,ravencrest,1629,paladin,retribution,30,17,13
Krîstal,aegwynn,1629,paladin,retribution,41,20,21
Gilet,argent-dawn,1628,paladin,retribution,30,18,12
Tyrael,darksorrow,1628,paladin,retribution,200,100,100
Wyllian,grim-batol,1628,paladin,retribution,48,23,25
Коссандра,greymane,1628,paladin,retribution,47,21,26
Lifepower,nemesis,1627,paladin,retribution,34,21,13
Zeusp,archimonde,1626,paladin,retribution,42,21,21
Zarron,blackrock,1626,paladin,retribution,42,20,22
Bluehustler,tarren-mill,1625,paladin,retribution,117,48,69
Wyzpal,archimonde,1624,paladin,retribution,42,24,18
Lisma,bloodfeather,1623,paladin,retribution,47,26,21
Retstarr,draenor,1623,paladin,retribution,90,47,43
Bigducc,draenor,1623,paladin,retribution,41,20,21
Notpitball,kazzak,1623,paladin,retribution,48,23,25
Brecs,frostmourne,1623,paladin,retribution,84,36,48
Saintys,sylvanas,1621,paladin,retribution,44,24,20
Threathor,outland,1621,paladin,retribution,135,72,63
Kraakz,sanguino,1621,paladin,retribution,35,18,17
Анастэриан,thermaplugg,1621,paladin,retribution,78,39,39
Dreamwatcher,outland,1621,paladin,retribution,48,21,27
Хохахо,howling-fjord,1620,paladin,retribution,30,17,13
Ajkulaa,kazzak,1620,paladin,retribution,74,35,39
Ilikejudge,blackmoore,1620,paladin,retribution,78,31,47
Combinecka,chamber-of-aspects,1619,paladin,retribution,118,60,58
Rullatorsvèn,stormscale,1619,paladin,retribution,42,17,25
Charmxx,stormscale,1618,paladin,retribution,30,18,12
Lonesolo,sylvanas,1618,paladin,retribution,36,20,16
Sletlana,burning-blade,1618,paladin,retribution,42,21,21
Menephannt,outland,1618,paladin,retribution,39,18,21
Bloodsworn,stormrage,1617,paladin,retribution,90,58,32
Bancu,outland,1617,paladin,retribution,30,17,13
Фатумм,howling-fjord,1617,paladin,retribution,36,18,18
Ertheus,argent-dawn,1617,paladin,retribution,48,21,27
Okcså,ragnaros,1617,paladin,retribution,64,25,39
Ассайоу,soulflayer,1616,paladin,retribution,60,21,39
Mommyret,draenor,1615,paladin,retribution,84,45,39
Holyblast,archimonde,1615,paladin,retribution,42,22,20
Vuup,silvermoon,1615,paladin,retribution,42,19,23
Хексали,soulflayer,1614,paladin,retribution,51,25,26
Kayøz,aegwynn,1613,paladin,retribution,72,36,36
Leoxander,outland,1613,paladin,retribution,42,21,21
Nanisunda,thrall,1613,paladin,retribution,132,63,69
Mangz,ysondre,1612,paladin,retribution,36,25,11
Briman,neptulon,1612,paladin,retribution,60,37,23
Milkadìn,twisting-nether,1612,paladin,retribution,60,31,29
Nergigante,drekthar,1612,paladin,retribution,48,23,25
Paradoxiâ,thrall,1612,paladin,retribution,60,28,32
Nøvå,ravencrest,1612,paladin,retribution,66,29,37
Modeladin,ragnaros,1612,paladin,retribution,64,28,36
Lyraestra,hyjal,1612,paladin,retribution,66,28,38
Wellmetqt,aegwynn,1611,paladin,retribution,95,40,55
Karyouka,archimonde,1610,paladin,retribution,54,33,21
Мяумяухх,soulflayer,1610,paladin,retribution,196,104,92
Discølove,blackmoore,1610,paladin,retribution,43,21,22
Vylnoa,twisting-nether,1610,paladin,retribution,139,62,77
Grimstark,argent-dawn,1609,paladin,retribution,36,23,13
Promise,dun-modr,1609,paladin,retribution,60,32,28
Racduck,dunemaul,1609,paladin,retribution,64,30,34
Snødunkern,outland,1609,paladin,retribution,96,41,55
Rettalius,ravencrest,1609,paladin,retribution,99,41,58
Mystixd,talnivarr,1608,paladin,retribution,42,31,11
Hølypowah,tarren-mill,1608,paladin,retribution,24,17,7
Alammar,burning-legion,1608,paladin,retribution,30,18,12
Ливх,blackscar,1608,paladin,retribution,41,23,18
Akaasix,stormscale,1608,paladin,retribution,45,24,21
Vodax,argent-dawn,1608,paladin,retribution,72,37,35
Elohim,echsenkessel,1608,paladin,retribution,75,36,39
Рикшак,howling-fjord,1608,paladin,retribution,42,17,25
Biggboii,twisting-nether,1608,paladin,retribution,48,19,29
Koly,dun-modr,1607,paladin,retribution,30,17,13
Кинбул,ashenvale,1607,paladin,retribution,30,17,13
Ревирант,gordunni,1607,paladin,retribution,39,21,18
Ттиаматт,howling-fjord,1607,paladin,retribution,36,17,19
Эллесар,blackscar,1607,paladin,retribution,132,62,70
Angelisho,zuljin,1607,paladin,retribution,83,35,48
Fisslol,kazzak,1606,paladin,retribution,66,31,35
Xinze,ravencrest,1605,paladin,retribution,30,17,13
Asærý,blackmoore,1605,paladin,retribution,51,26,25
Frankostyle,sanguino,1605,paladin,retribution,59,28,31
Ярослэйв,howling-fjord,1605,paladin,retribution,51,23,28
Elesmerias,dalaran,1604,paladin,retribution,65,36,29
Tìtan,ravencrest,1604,paladin,retribution,48,25,23
Кронкс,howling-fjord,1604,paladin,retribution,141,73,68
Tinyandy,blackrock,1604,paladin,retribution,48,21,27
Эвангер,gordunni,1604,paladin,retribution,42,17,25
Витурус,howling-fjord,1604,paladin,retribution,60,21,39
Bíceron,sanguino,1602,paladin,retribution,52,26,26
Hargreeve,ravencrest,1602,paladin,retribution,48,24,24
Синодушка,blackscar,1602,paladin,retribution,40,19,21
Fordragon,twisting-nether,1602,paladin,retribution,54,21,33
Pappnas,aegwynn,1601,paladin,retribution,30,17,13
Quasimod,ravencrest,1601,paladin,retribution,30,17,13
Alatie,dentarg,1601,paladin,retribution,48,24,24
Akoumb,twisting-nether,1601,paladin,retribution,90,44,46
Thun,azjolnerub,1601,paladin,retribution,36,17,19
Zwergicus,alexstrasza,1601,paladin,retribution,71,33,38
Holyhäätz,aegwynn,1600,paladin,retribution,30,19,11
Zélix,bronzebeard,1600,paladin,retribution,72,43,29
Guccishock,twisting-nether,1600,paladin,retribution,85,48,37
Skippadin,ravencrest,1600,paladin,retribution,59,30,29
Батллграунт,soulflayer,1599,paladin,retribution,95,60,35
Carlash,draenor,1599,paladin,retribution,96,53,43
Djcrusade,twisting-nether,1599,paladin,retribution,140,77,63
Daoht,ysondre,1599,paladin,retribution,54,28,26
Рамзеса,soulflayer,1599,paladin,retribution,48,22,26
Baxxster,blackhand,1598,paladin,retribution,48,20,28
Wuzzle,azshara,1597,paladin,retribution,36,22,14
Exoblade,twisting-nether,1597,paladin,retribution,60,32,28
Elisight,ravencrest,1597,paladin,retribution,36,17,19
Братстепина,gordunni,1596,paladin,retribution,48,21,27
Nlyrld,magtheridon,1595,paladin,retribution,36,19,17
Eärendil,drakthul,1595,paladin,retribution,60,29,31
Shanice,twilights-hammer,1595,paladin,retribution,36,17,19
Byakkospal,tarren-mill,1594,paladin,retribution,66,36,30
Palwig,tarren-mill,1594,paladin,retribution,136,70,66
Ïdø,hyjal,1594,paladin,retribution,108,46,62
Relius,outland,1594,paladin,retribution,57,21,36
Crohnox,nemesis,1593,paladin,retribution,62,30,32
Draeymora,thrall,1592,paladin,retribution,49,27,22
Dabeefchief,outland,1590,paladin,retribution,28,21,7
Атикинс,gordunni,1590,paladin,retribution,114,54,60
Pallidino,antonidas,1590,paladin,retribution,47,20,27
Sstalowy,silvermoon,1589,paladin,retribution,151,74,77
Ahpoual,archimonde,1588,paladin,retribution,64,39,25
Владыкасвета,borean-tundra,1588,paladin,retribution,120,64,56
Gigajudge,ravencrest,1588,paladin,retribution,48,25,23
Raoun,archimonde,1588,paladin,retribution,48,23,25
Shaylaru,tarren-mill,1587,paladin,retribution,41,22,19
Altundrdel,ravencrest,1587,paladin,retribution,60,31,29
Асканиэль,howling-fjord,1586,paladin,retribution,84,37,47
Meìster,blackmoore,1586,paladin,retribution,48,20,28
Guskey,draenor,1585,paladin,retribution,48,23,25
Eniste,silvermoon,1585,paladin,retribution,80,36,44
Emostylex,draenor,1585,paladin,retribution,101,40,61
Девствениица,gordunni,1584,paladin,retribution,36,22,14
Lawtõn,argent-dawn,1584,paladin,retribution,120,64,56
Джамбит,howling-fjord,1584,paladin,retribution,42,22,20
Runhexi,silvermoon,1583,paladin,retribution,147,75,72
Cilise,bronzebeard,1583,paladin,retribution,54,24,30
Шэйкер,blackscar,1583,paladin,retribution,79,35,44
Slump,ravencrest,1582,paladin,retribution,73,38,35
Aerieon,draenor,1582,paladin,retribution,42,21,21
Дезоиль,gordunni,1582,paladin,retribution,42,19,23
Irenita,kazzak,1582,paladin,retribution,54,23,31
Xyzl,argent-dawn,1581,paladin,retribution,78,46,32
Ämÿcüs,zuljin,1581,paladin,retribution,66,37,29
Vitacé,burning-legion,1578,paladin,retribution,42,21,21
Uliko,twisting-nether,1577,paladin,retribution,48,26,22
Мува,soulflayer,1577,paladin,retribution,44,19,25
Bagok,drakthul,1576,paladin,retribution,42,26,16
Novania,perenolde,1576,paladin,retribution,42,20,22
Korendil,frostmane,1576,paladin,retribution,48,19,29
Emìnem,kazzak,1575,paladin,retribution,63,33,30
Наспидах,grom,1575,paladin,retribution,55,20,35
Báldür,silvermoon,1574,paladin,retribution,60,30,30
Lazone,ysondre,1574,paladin,retribution,40,20,20
Azlaya,sargeras,1573,paladin,retribution,117,55,62
Opsyoudie,kazzak,1573,paladin,retribution,111,51,60
Gulinborsti,aegwynn,1572,paladin,retribution,54,36,18
Zaatar,stormscale,1572,paladin,retribution,53,30,23
Салутан,thermaplugg,1572,paladin,retribution,86,39,47
Nexzz,outland,1570,paladin,retribution,35,26,9
Сангвиний,howling-fjord,1570,paladin,retribution,138,64,74
Mearsheimer,ysondre,1570,paladin,retribution,42,18,24
Йосяфлексер,howling-fjord,1569,paladin,retribution,102,56,46
Luhae,archimonde,1568,paladin,retribution,72,44,28
Биоразлагаем,gordunni,1568,paladin,retribution,78,41,37
Havefunzqt,archimonde,1568,paladin,retribution,41,21,20
Paellysuir,blackmoore,1567,paladin,retribution,108,54,54
Paakz,stormscale,1567,paladin,retribution,149,73,76
Budgetcara,stormscale,1566,paladin,retribution,29,17,12
Aethelwold,ragnaros,1565,paladin,retribution,132,56,76
Kathí,kazzak,1563,paladin,retribution,24,18,6
Trixzie,blackhand,1563,paladin,retribution,36,18,18
Justyferr,nemesis,1563,paladin,retribution,41,17,24
Myridan,bloodhoof,1562,paladin,retribution,36,19,17
Jiraaqi,silvermoon,1562,paladin,retribution,53,27,26
Qïkarï,antonidas,1561,paladin,retribution,61,35,26
Joniopala,stormreaver,1561,paladin,retribution,41,17,24
Imaturtle,darksorrow,1561,paladin,retribution,54,19,35
Sikthorlan,ravencrest,1559,paladin,retribution,36,20,16
Kaitlyne,tarren-mill,1559,paladin,retribution,223,110,113
Mâterîa,antonidas,1558,paladin,retribution,96,49,47
Blówout,tarren-mill,1557,paladin,retribution,42,23,19
Seraphyonhd,blackmoore,1555,paladin,retribution,58,32,26
Røck,aggra-português,1555,paladin,retribution,131,72,59
Kaleyra,argent-dawn,1555,paladin,retribution,42,17,25
Ùthér,sylvanas,1554,paladin,retribution,43,22,21
Tîrana,ysondre,1554,paladin,retribution,45,20,25
Siorraidh,archimonde,1553,paladin,retribution,30,17,13
Taiso,alonsus,1552,paladin,retribution,59,30,29
Ruotollo,ravencrest,1552,paladin,retribution,39,17,22
Lestaf,the-maelstrom,1551,paladin,retribution,38,20,18
Cauze,ravencrest,1551,paladin,retribution,144,75,69
Johnßlake,dun-modr,1551,paladin,retribution,78,40,38
Elyox,ravencrest,1551,paladin,retribution,36,18,18
Lamohru,argent-dawn,1550,paladin,retribution,42,18,24
Аилерия,howling-fjord,1548,paladin,retribution,224,118,106
Sunhalo,twisting-nether,1548,paladin,retribution,41,18,23
Цитрон,blackscar,1546,paladin,retribution,24,17,7
Лаитнем,gordunni,1546,paladin,retribution,66,40,26
Apokalipsnik,drakthul,1546,paladin,retribution,42,20,22
Zneeks,shattered-hand,1545,paladin,retribution,30,19,11
Neverknõw,draenor,1545,paladin,retribution,30,18,12
Bsepal,silvermoon,1545,paladin,retribution,54,31,23
Nashret,kazzak,1545,paladin,retribution,42,20,22
Notdeadfred,silvermoon,1543,paladin,retribution,36,23,13
Jøøs,sargeras,1543,paladin,retribution,69,42,27
Мизуриэль,howling-fjord,1543,paladin,retribution,42,24,18
Timal,eitrigg,1543,paladin,retribution,67,35,32
Maybach,onyxia,1543,paladin,retribution,66,31,35
Xëlâ,archimonde,1542,paladin,retribution,57,29,28
Раффаэло,borean-tundra,1542,paladin,retribution,90,43,47
Kènpachî,blackrock,1542,paladin,retribution,48,22,26
Эеомли,blackscar,1541,paladin,retribution,51,25,26
Obsidyen,outland,1541,paladin,retribution,38,17,21
Гневнебес,howling-fjord,1541,paladin,retribution,84,36,48
Zeldalòl,outland,1541,paladin,retribution,59,25,34
Arrious,frostmane,1540,paladin,retribution,47,25,22
Волатбай,gordunni,1539,paladin,retribution,54,33,21
Лакоста,ashenvale,1538,paladin,retribution,57,26,31
Ysell,sargeras,1538,paladin,retribution,44,20,24
Seductîve,kazzak,1537,paladin,retribution,84,50,34
Темплеар,gordunni,1537,paladin,retribution,48,17,31
Râoh,arathi,1536,paladin,retribution,66,34,32
Argentø,ravencrest,1535,paladin,retribution,138,71,67
Vleisboom,ravencrest,1534,paladin,retribution,42,23,19
Rimlod,saurfang,1533,paladin,retribution,66,37,29
Orti,sanguino,1533,paladin,retribution,59,33,26
Руказакона,deathguard,1533,paladin,retribution,67,32,35
Giroud,dalaran,1532,paladin,retribution,30,16,14
Mofawilli,blackrock,1531,paladin,retribution,60,35,25
Hanksolos,drakthul,1531,paladin,retribution,40,22,18
Jorhall,antonidas,1531,paladin,retribution,103,54,49
Interop,tarren-mill,1530,paladin,retribution,30,18,12
Bullstorm,burning-legion,1530,paladin,retribution,36,19,17
Tharizod,nagrand,1530,paladin,retribution,68,34,34
Dananas,draenor,1530,paladin,retribution,54,20,34
Вайлдбебриз,eversong,1529,paladin,retribution,24,17,7
Riskha,archimonde,1529,paladin,retribution,45,31,14
Kawabanga,the-maelstrom,1529,paladin,retribution,46,25,21
Júdger,twisting-nether,1528,paladin,retribution,77,38,39
Ришардебюр,soulflayer,1528,paladin,retribution,71,34,37
Кузькинамать,greymane,1527,paladin,retribution,102,42,60
Lycasia,hyjal,1527,paladin,retribution,42,17,25
Galevar,argent-dawn,1526,paladin,retribution,108,55,53
Knigh,draenor,1525,paladin,retribution,90,45,45
Xawier,ghostlands,1524,paladin,retribution,54,28,26
Lightwitcher,silvermoon,1524,paladin,retribution,60,23,37
Wingzy,hyjal,1523,paladin,retribution,36,16,20
Mograine,die-aldor,1522,paladin,retribution,106,55,51
Shroomez,frostmane,1522,paladin,retribution,46,23,23
Retdead,nordrassil,1522,paladin,retribution,36,16,20
Stazo,drakthul,1522,paladin,retribution,36,16,20
Auryel,nemesis,1521,paladin,retribution,44,22,22
Snackzy,twisting-nether,1521,paladin,retribution,54,25,29
Цитология,borean-tundra,1520,paladin,retribution,84,53,31
Créo,draenor,1520,paladin,retribution,36,17,19
Dalbo,aegwynn,1518,paladin,retribution,24,19,5
Таптыгин,gordunni,1518,paladin,retribution,36,16,20
Adiútrix,silvermoon,1517,paladin,retribution,48,30,18
Codindio,silvermoon,1516,paladin,retribution,76,39,37
Somixd,ragnaros,1516,paladin,retribution,152,75,77
Saedrick,nemesis,1516,paladin,retribution,42,16,26
Gashqx,hyjal,1515,paladin,retribution,45,32,13
Rapwnzel,sylvanas,1515,paladin,retribution,60,30,30
Hys,stormscale,1514,paladin,retribution,42,23,19
Slayfer,dun-modr,1513,paladin,retribution,60,26,34
Theladrie,blackhand,1512,paladin,retribution,30,16,14
Io,frostwolf,1512,paladin,retribution,161,75,86
Lawlight,frostmane,1511,paladin,retribution,81,42,39
Addwyr,blackrock,1511,paladin,retribution,54,26,28
Ceccil,dun-modr,1509,paladin,retribution,54,33,21
Impaross,shattrath,1509,paladin,retribution,159,87,72
Xtekz,tarren-mill,1509,paladin,retribution,32,17,15
Mooses,stormscale,1509,paladin,retribution,66,34,32
Торсгад,gordunni,1507,paladin,retribution,30,16,14
Günselsen,antonidas,1507,paladin,retribution,204,107,97
Ínvi,aegwynn,1507,paladin,retribution,51,26,25
Истенен,blackscar,1507,paladin,retribution,90,39,51
Runcarsnwpen,kazzak,1506,paladin,retribution,29,20,9
Росиель,soulflayer,1506,paladin,retribution,80,40,40
Splasher,grim-batol,1506,paladin,retribution,60,29,31
Ulrhik,nemesis,1506,paladin,retribution,75,30,45
Paradoax,quelthalas,1505,paladin,retribution,30,16,14
Tazkaz,archimonde,1505,paladin,retribution,56,27,29
Термотравка,grom,1504,paladin,retribution,144,67,77
Шоринг,gordunni,1503,paladin,retribution,48,25,23
Борссалино,gordunni,1503,paladin,retribution,87,41,46
Séanors,archimonde,1502,paladin,retribution,22,17,5
Logikoma,tarren-mill,1502,paladin,retribution,30,20,10
Supergallows,shattered-hand,1502,paladin,retribution,42,17,25
Elrandil,kazzak,1501,paladin,retribution,78,35,43
Enveador,garrosh,1500,paladin,retribution,60,35,25
Tekåpal,tarren-mill,1499,paladin,retribution,42,16,26
Jathx,silvermoon,1498,paladin,retribution,62,36,26
Ralphias,tarren-mill,1498,paladin,retribution,72,32,40
Rafflesia,sanguino,1498,paladin,retribution,47,16,31
Stelanâal,archimonde,1497,paladin,retribution,80,40,40
Válé,silvermoon,1497,paladin,retribution,92,42,50
Apolytos,laughing-skull,1497,paladin,retribution,71,28,43
Mattiesko,kazzak,1496,paladin,retribution,139,72,67
Колсет,soulflayer,1496,paladin,retribution,43,20,23
Варблэйз,gordunni,1495,paladin,retribution,30,16,14
Forja,silvermoon,1495,paladin,retribution,51,23,28
Hornybìlly,stormscale,1494,paladin,retribution,42,16,26
Маркант,gordunni,1493,paladin,retribution,72,42,30
Trisunonvaki,khazgoroth,1493,paladin,retribution,119,65,54
Тьёрн,gordunni,1493,paladin,retribution,48,26,22
Bubblebuttx,ghostlands,1493,paladin,retribution,42,22,20
Dantrag,eredar,1493,paladin,retribution,54,20,34
Ben,ghostlands,1492,paladin,retribution,24,16,8
Clamjam,sylvanas,1492,paladin,retribution,48,16,32
Násty,twisting-nether,1491,paladin,retribution,137,68,69
Jimrogier,argent-dawn,1491,paladin,retribution,54,25,29
Blader,darksorrow,1491,paladin,retribution,66,29,37
Swàyz,archimonde,1491,paladin,retribution,120,51,69
Малоко,thermaplugg,1490,paladin,retribution,36,18,18
Cassandrina,kazzak,1489,paladin,retribution,59,32,27
Selaphíel,kazzak,1489,paladin,retribution,150,78,72
Angelcore,tarren-mill,1489,paladin,retribution,170,88,82
Riukÿ,nemesis,1489,paladin,retribution,47,24,23
Jeriiret,khaz-modan,1488,paladin,retribution,42,22,20
Sonarix,blackrock,1488,paladin,retribution,51,26,25
Менетиил,galakrond,1488,paladin,retribution,52,17,35
Bloodyret,outland,1486,paladin,retribution,60,26,34
Хоулик,howling-fjord,1485,paladin,retribution,63,36,27
Astolfia,silvermoon,1485,paladin,retribution,37,21,16
Humphry,vashj,1485,paladin,retribution,54,27,27
Baldivar,silvermoon,1484,paladin,retribution,66,38,28
Theodór,antonidas,1484,paladin,retribution,71,28,43
Catar,arathor,1482,paladin,retribution,157,87,70
Osïrïs,kazzak,1481,paladin,retribution,81,35,46
Glàdiator,outland,1481,paladin,retribution,75,32,43
Uxxer,sanguino,1479,paladin,retribution,41,23,18
Portgas,hyjal,1479,paladin,retribution,48,24,24
Beefdaddyy,kazzak,1478,paladin,retribution,41,20,21
Романтик,deathweaver,1477,paladin,retribution,42,18,24
Bloodpaly,silvermoon,1476,paladin,retribution,64,27,37
Blekadin,ragnaros,1475,paladin,retribution,44,22,22
Lightbrîng,hyjal,1475,paladin,retribution,84,37,47
Santaclaus,zuljin,1474,paladin,retribution,30,19,11
Boomboomciao,draenor,1473,paladin,retribution,30,21,9
Лусейд,howling-fjord,1473,paladin,retribution,41,28,13
Nfxx,argent-dawn,1473,paladin,retribution,42,25,17
Snibsxpala,silvermoon,1473,paladin,retribution,41,20,21
Arfeniel,stormscale,1470,paladin,retribution,66,27,39
Craaw,archimonde,1468,paladin,retribution,71,28,43
Schôck,eredar,1467,paladin,retribution,33,16,17
Annyaiva,outland,1467,paladin,retribution,66,27,39
Sieghard,aegwynn,1466,paladin,retribution,138,68,70
Majk,hellscream,1466,paladin,retribution,61,24,37
Вэис,borean-tundra,1465,paladin,retribution,35,18,17
Leeroyjinks,twisting-nether,1464,paladin,retribution,36,21,15
Noxxiê,blackmoore,1464,paladin,retribution,36,20,16
Gazïel,kaelthas,1464,paladin,retribution,60,32,28
Хамили,gordunni,1464,paladin,retribution,42,18,24
Deloréane,archimonde,1463,paladin,retribution,39,17,22
Gymly,kazzak,1462,paladin,retribution,156,87,69
Sickbolt,eredar,1461,paladin,retribution,84,47,37
Albz,laughing-skull,1461,paladin,retribution,36,17,19
Malemanlad,silvermoon,1460,paladin,retribution,132,67,65
Teryanna,ragnaros,1460,paladin,retribution,74,29,45
Tuppo,argent-dawn,1459,paladin,retribution,79,35,44
Doomgape,alakir,1459,paladin,retribution,82,34,48
Zanreti,outland,1458,paladin,retribution,110,57,53
Альфазеро,howling-fjord,1458,paladin,retribution,46,19,27
Zehnya,grim-batol,1457,paladin,retribution,94,51,43
Leroya,blackrock,1457,paladin,retribution,35,18,17
Jaro,alleria,1457,paladin,retribution,33,16,17
Кветирон,soulflayer,1457,paladin,retribution,96,45,51
Ficsuur,ragnaros,1456,paladin,retribution,175,88,87
Ветрум,gordunni,1456,paladin,retribution,36,18,18
Мистеравадон,gordunni,1456,paladin,retribution,132,57,75
Hàsbulla,khaz-modan,1455,paladin,retribution,95,50,45
Moodý,ragnaros,1455,paladin,retribution,88,43,45
Elinmogz,kazzak,1454,paladin,retribution,26,16,10
Грузор,gordunni,1454,paladin,retribution,48,28,20
Atemes,malorne,1453,paladin,retribution,27,17,10
Whitebreeze,sanguino,1453,paladin,retribution,64,34,30
Iljanaqt,blackrock,1452,paladin,retribution,64,26,38
Айэмбомб,howling-fjord,1450,paladin,retribution,40,20,20
Тюрр,lich-king,1450,paladin,retribution,49,23,26
Uraraka,burning-blade,1449,paladin,retribution,30,22,8
Жанож,gordunni,1449,paladin,retribution,36,20,16
Wadey,tarren-mill,1449,paladin,retribution,54,25,29
Koami,blackmoore,1448,paladin,retribution,42,21,21
Oldsqlmofu,blackrock,1448,paladin,retribution,36,17,19
Àræs,archimonde,1448,paladin,retribution,66,27,39
Lukeus,the-maelstrom,1447,paladin,retribution,78,43,35
Асшура,howling-fjord,1447,paladin,retribution,40,20,20
Teìltaus,eredar,1446,paladin,retribution,60,28,32
Finñ,sylvanas,1445,paladin,retribution,59,29,30
Lerie,ravencrest,1444,paladin,retribution,39,19,20
Allenn,tarren-mill,1444,paladin,retribution,35,16,19
Feelmylight,tarren-mill,1444,paladin,retribution,35,16,19
Frutte,malganis,1443,paladin,retribution,48,27,21
Valarians,nemesis,1443,paladin,retribution,30,16,14
Pliscken,kazzak,1443,paladin,retribution,41,17,24
Torpala,burning-legion,1441,paladin,retribution,36,18,18
Nothonnest,archimonde,1440,paladin,retribution,34,23,11
Zebramann,silvermoon,1438,paladin,retribution,81,45,36
Hogan,blackmoore,1438,paladin,retribution,36,20,16
Dinønuggets,ravencrest,1438,paladin,retribution,30,15,15
Veckra,kazzak,1438,paladin,retribution,47,23,24
Dijkie,boulderfist,1438,paladin,retribution,36,16,20
Cos,stormscale,1437,paladin,retribution,28,16,12
Sloug,archimonde,1437,paladin,retribution,30,15,15
Tpainjr,kazzak,1437,paladin,retribution,30,15,15
Chíllpills,silvermoon,1437,paladin,retribution,60,25,35
Mezzí,aegwynn,1436,paladin,retribution,42,24,18
Exceed,blackmoore,1436,paladin,retribution,30,15,15
Джибути,soulflayer,1436,paladin,retribution,105,51,54
Jac,nemesis,1436,paladin,retribution,86,40,46
Холишокович,deathweaver,1436,paladin,retribution,36,16,20
Alvagur,zirkel-des-cenarius,1435,paladin,retribution,40,23,17
Shröömïë,silvermoon,1435,paladin,retribution,134,66,68
Kuhfleisch,eredar,1434,paladin,retribution,53,30,23
Крода,deepholm,1434,paladin,retribution,36,18,18
Mimsy,dalaran,1434,paladin,retribution,59,27,32
Aumium,sunstrider,1434,paladin,retribution,106,48,58
Whitebronco,tarren-mill,1434,paladin,retribution,36,15,21
Pav,eredar,1434,paladin,retribution,41,16,25
Rosallyn,argent-dawn,1434,paladin,retribution,65,24,41
Holÿbeard,ravencrest,1433,paladin,retribution,42,26,16
Lipsvirgin,kazzak,1433,paladin,retribution,30,15,15
Lezira,ravencrest,1433,paladin,retribution,36,15,21
Campo,tarren-mill,1433,paladin,retribution,60,23,37
Ragen,kazzak,1433,paladin,retribution,42,16,26
Lightstrike,stormrage,1432,paladin,retribution,30,17,13
Merkury,sanguino,1432,paladin,retribution,36,15,21
Kyrokonserve,blackmoore,1431,paladin,retribution,73,38,35
Alithyra,earthen-ring,1431,paladin,retribution,85,42,43
Evililz,kazzak,1431,paladin,retribution,79,39,40
Hammertime,guldan,1431,paladin,retribution,54,25,29
Naree,stormreaver,1431,paladin,retribution,36,16,20
Ojn,tarren-mill,1429,paladin,retribution,24,18,6
Mazekiel,archimonde,1429,paladin,retribution,30,16,14
Heallgodxx,ragnaros,1428,paladin,retribution,24,15,9
Buyamazon,kazzak,1428,paladin,retribution,24,15,9
Yull,twisting-nether,1427,paladin,retribution,29,18,11
Protos,ambossar,1427,paladin,retribution,36,18,18
Refléx,zirkel-des-cenarius,1427,paladin,retribution,36,15,21
Nînaninja,silvermoon,1426,paladin,retribution,54,24,30
Сазар,gordunni,1426,paladin,retribution,51,21,30
Komen,dalaran,1424,paladin,retribution,24,15,9
Rhyvar,outland,1424,paladin,retribution,30,15,15
Джагадаптер,gordunni,1422,paladin,retribution,47,28,19
Cracish,ragnaros,1422,paladin,retribution,30,15,15
Корсаро,deepholm,1422,paladin,retribution,88,43,45
Nillenkäse,antonidas,1421,paladin,retribution,24,15,9
Grobididi,malygos,1421,paladin,retribution,84,43,41
Zeroeffect,blackhand,1421,paladin,retribution,30,15,15
Flaweldin,ravencrest,1420,paladin,retribution,18,15,3
Neltix,blackrock,1420,paladin,retribution,71,32,39
Синдикатх,soulflayer,1418,paladin,retribution,119,65,54
Yséria,kirin-tor,1418,paladin,retribution,36,15,21
Olivaresx,ravencrest,1418,paladin,retribution,54,19,35
Hydrath,ysondre,1417,paladin,retribution,72,32,40
Diamir,rajaxx,1417,paladin,retribution,51,20,31
Búbbles,nerathor,1416,paladin,retribution,24,15,9
Fryl,quelthalas,1416,paladin,retribution,66,37,29
Offa,draenor,1416,paladin,retribution,48,23,25
Madman,drakthul,1416,paladin,retribution,36,15,21
Fumaça,dun-modr,1415,paladin,retribution,101,58,43
Хиккудоджер,eversong,1415,paladin,retribution,119,65,54
Пивняк,eversong,1414,paladin,retribution,48,29,19
Dvouklik,burning-blade,1413,paladin,retribution,41,24,17
Primle,thrall,1413,paladin,retribution,82,46,36
Valerionn,blackmoore,1413,paladin,retribution,37,19,18
Эезекииль,howling-fjord,1412,paladin,retribution,38,26,12
Петуретрик,gordunni,1412,paladin,retribution,70,34,36
Dd,blackmoore,1412,paladin,retribution,52,24,28
Синфуледи,gordunni,1412,paladin,retribution,66,23,43
Zagwan,ravencrest,1411,paladin,retribution,36,15,21
Iklohz,sanguino,1410,paladin,retribution,76,43,33
Ðivine,stormscale,1410,paladin,retribution,61,32,29
Horgar,nagrand,1410,paladin,retribution,100,51,49
Izolated,aegwynn,1410,paladin,retribution,78,34,44
Naethan,malganis,1409,paladin,retribution,36,17,19
Йзериль,howling-fjord,1408,paladin,retribution,18,15,3
Сакермвп,howling-fjord,1408,paladin,retribution,30,19,11
Holyblast,shattered-hand,1407,paladin,retribution,30,23,7
Tóxicpaladín,kazzak,1407,paladin,retribution,103,46,57
Taiiki,archimonde,1406,paladin,retribution,66,39,27
Argonak,sanguino,1406,paladin,retribution,42,22,20
Grapaladin,sanguino,1406,paladin,retribution,44,23,21
Puré,festung-der-stürme,1406,paladin,retribution,35,16,19
Holyhi,silvermoon,1405,paladin,retribution,53,27,26
Maltazar,arygos,1404,paladin,retribution,24,15,9
Fleshoflight,arathor,1404,paladin,retribution,45,27,18
Hagën,minahonda,1404,paladin,retribution,47,26,21
Keladen,burning-legion,1404,paladin,retribution,36,19,17
Ashent,stormscale,1404,paladin,retribution,76,38,38
Melior,skullcrusher,1404,paladin,retribution,46,23,23
Ljumá,kazzak,1404,paladin,retribution,97,45,52
Shtaladin,sylvanas,1404,paladin,retribution,101,46,55
Spartain,draenor,1404,paladin,retribution,42,19,23
Crazzylight,kazzak,1403,paladin,retribution,74,35,39
Avalindro,wrathbringer,1403,paladin,retribution,36,15,21
Vaako,blackrock,1402,paladin,retribution,24,15,9
Vâskt,dun-modr,1402,paladin,retribution,84,45,39
Loscar,silvermoon,1402,paladin,retribution,30,15,15
Swan,chogall,1402,paladin,retribution,48,23,25
Djandja,blackrock,1401,paladin,retribution,39,19,20
Duckiboy,ragnaros,1400,paladin,retribution,96,54,42
Benno,dun-modr,1400,paladin,retribution,64,26,38
Boabux,draenor,1399,paladin,retribution,92,48,44
Баблспула,soulflayer,1399,paladin,retribution,109,51,58
Ekzykes,ravencrest,1397,paladin,retribution,24,15,9
Panthalassá,argent-dawn,1396,paladin,retribution,48,26,22
Thazyru,frostmane,1395,paladin,retribution,24,16,8
Scarabeus,ravencrest,1394,paladin,retribution,46,24,22
Lééroÿ,sylvanas,1394,paladin,retribution,84,41,43
Zoltes,twisting-nether,1393,paladin,retribution,42,18,24
Yaoiri,argent-dawn,1392,paladin,retribution,35,19,16
Fredas,hyjal,1391,paladin,retribution,72,38,34
Buddabob,antonidas,1391,paladin,retribution,96,33,63
Jackub,draenor,1390,paladin,retribution,44,24,20
Thrinea,blackrock,1390,paladin,retribution,36,18,18
Софилион,gordunni,1389,paladin,retribution,57,30,27
Windsor,argent-dawn,1389,paladin,retribution,66,31,35
Syracx,blackhand,1389,paladin,retribution,59,27,32
Wisupl,silvermoon,1387,paladin,retribution,42,29,13
Booyaahh,ravencrest,1387,paladin,retribution,48,26,22
Блейзерфайт,eversong,1387,paladin,retribution,42,19,23
Блатш,greymane,1387,paladin,retribution,55,16,39
Shrøømz,antonidas,1386,paladin,retribution,48,25,23
Zandorath,argent-dawn,1386,paladin,retribution,54,24,30
Rudî,sanguino,1384,paladin,retribution,34,25,9
Càrláßrùní,hyjal,1384,paladin,retribution,30,20,10
Unkillablee,stormscale,1384,paladin,retribution,64,34,30
Støøk,shendralar,1383,paladin,retribution,95,50,45
Таурусс,booty-bay,1380,paladin,retribution,48,22,26
Террорх,blackscar,1380,paladin,retribution,48,18,30
Palyx,cthun,1379,paladin,retribution,24,15,9
Vangottwald,drakthul,1379,paladin,retribution,54,25,29
Perrinaybull,magtheridon,1379,paladin,retribution,50,21,29
Vlodthar,uldum,1378,paladin,retribution,30,18,12
Твойвайб,gordunni,1377,paladin,retribution,48,21,27
Хеллкик,howling-fjord,1377,paladin,retribution,43,15,28
Ëlësilf,sanguino,1376,paladin,retribution,36,20,16
Tríbunus,blackmoore,1376,paladin,retribution,31,17,14
Zerad,quelthalas,1376,paladin,retribution,56,16,40
Walladin,stormscale,1375,paladin,retribution,93,45,48
Morniarn,argent-dawn,1374,paladin,retribution,54,29,25
Bezúziusz,ragnaros,1372,paladin,retribution,56,30,26
Бэдбой,howling-fjord,1372,paladin,retribution,36,17,19
Дджаб,booty-bay,1372,paladin,retribution,46,20,26
Telredor,rexxar,1372,paladin,retribution,42,15,27
Flawx,blackmoore,1371,paladin,retribution,29,17,12
Энилейт,lich-king,1370,paladin,retribution,69,44,25
Hazorarh,argent-dawn,1370,paladin,retribution,31,17,14
Hella,dunemaul,1368,paladin,retribution,47,26,21
Goldhand,vashj,1368,paladin,retribution,72,34,38
Uwelist,arathor,1368,paladin,retribution,73,34,39
Vendikor,nemesis,1368,paladin,retribution,144,62,82
Мизиола,galakrond,1367,paladin,retribution,84,44,40
Aeyalana,ragnaros,1367,paladin,retribution,35,17,18
Svetijuju,kazzak,1367,paladin,retribution,60,29,31
Серёжблондин,gordunni,1366,paladin,retribution,54,26,28
Rodakinos,outland,1365,paladin,retribution,52,30,22
Burstyléz,silvermoon,1364,paladin,retribution,30,18,12
Наолина,gordunni,1364,paladin,retribution,47,21,26
Legendaryxw,drakthul,1363,paladin,retribution,39,17,22
Ямыч,ashenvale,1362,paladin,retribution,34,17,17
Xavios,eredar,1362,paladin,retribution,36,16,20
Флаила,ashenvale,1361,paladin,retribution,54,33,21
Квемсис,ashenvale,1360,paladin,retribution,57,39,18
Töphuria,silvermoon,1360,paladin,retribution,41,21,20
Vorsip,tarren-mill,1360,paladin,retribution,42,19,23
Эзарх,gordunni,1359,paladin,retribution,58,29,29
Диваин,gordunni,1358,paladin,retribution,48,25,23
Hehtmonghour,sanguino,1358,paladin,retribution,36,17,19
Тромбб,soulflayer,1358,paladin,retribution,36,15,21
Denlow,silvermoon,1357,paladin,retribution,66,32,34
Brigholm,argent-dawn,1357,paladin,retribution,74,30,44
Archibäld,silvermoon,1356,paladin,retribution,25,15,10
Гучив,howling-fjord,1354,paladin,retribution,48,27,21
Apolomaeuz,blackhand,1354,paladin,retribution,36,20,16
Aasimar,twilights-hammer,1354,paladin,retribution,158,81,77
Chimurei,silvermoon,1354,paladin,retribution,42,20,22
Curtwizz,silvermoon,1353,paladin,retribution,39,19,20
Рэгнволд,deathguard,1352,paladin,retribution,52,25,27
Ahnaa,argent-dawn,1351,paladin,retribution,94,48,46
Iamnami,earthen-ring,1351,paladin,retribution,58,23,35
Aisnil,twilights-hammer,1350,paladin,retribution,95,46,49
Troublebuble,silvermoon,1350,paladin,retribution,68,30,38
Ayàhuazka,ysondre,1350,paladin,retribution,84,36,48
Sacredlol,blackmoore,1350,paladin,retribution,48,15,33
Илюшагодх,gordunni,1349,paladin,retribution,48,26,22
Raerion,ragnaros,1348,paladin,retribution,42,31,11
Nomurabeta,naxxramas,1348,paladin,retribution,38,17,21
Милостьрока,gordunni,1347,paladin,retribution,30,15,15
Воркаллес,gordunni,1346,paladin,retribution,30,19,11
Tønyx,les-clairvoyants,1346,paladin,retribution,38,16,22
Inkzen,silvermoon,1343,paladin,retribution,24,14,10
Mashijudge,blackhand,1343,paladin,retribution,60,31,29
Защешот,gordunni,1343,paladin,retribution,36,14,22
Rulîx,blackmoore,1343,paladin,retribution,51,16,35
Якунии,blackscar,1342,paladin,retribution,24,14,10
Hislifelmao,kazzak,1342,paladin,retribution,36,14,22
Chocbear,tarren-mill,1341,paladin,retribution,30,14,16
Тайронх,soulflayer,1341,paladin,retribution,30,14,16
Yunax,silvermoon,1340,paladin,retribution,24,17,7
Zeyz,defias-brotherhood,1340,paladin,retribution,42,21,21
Brölin,sanguino,1340,paladin,retribution,48,22,26
Moraru,neptulon,1340,paladin,retribution,52,21,31
Wingsuit,eredar,1339,paladin,retribution,32,14,18
Aleixodolphi,argent-dawn,1339,paladin,retribution,157,66,91
Киото,gordunni,1339,paladin,retribution,42,14,28
Эйзенхорн,grom,1338,paladin,retribution,24,14,10
Teho,dragonblight,1338,paladin,retribution,103,52,51
Гуэргос,gordunni,1338,paladin,retribution,30,14,16
Elendor,shadowsong,1337,paladin,retribution,18,14,4
Forneus,nemesis,1337,paladin,retribution,82,45,37
Aisolôn,thrall,1337,paladin,retribution,36,18,18
Ahzut,rashgarroth,1337,paladin,retribution,30,15,15
Mustach,aggra-português,1337,paladin,retribution,41,20,21
Razrpal,tarren-mill,1337,paladin,retribution,30,14,16
Stavrosy,outland,1337,paladin,retribution,36,14,22
Cursedd,sanguino,1336,paladin,retribution,24,14,10
Proletardk,draenor,1336,paladin,retribution,102,51,51
Sødaz,hyjal,1336,paladin,retribution,77,37,40
Dodgerwilly,outland,1336,paladin,retribution,30,14,16
Неиспоримый,soulflayer,1335,paladin,retribution,18,14,4
Hülä,antonidas,1335,paladin,retribution,30,14,16
Мэибибэиби,howling-fjord,1335,paladin,retribution,36,14,22
Zipoohun,arathor,1334,paladin,retribution,97,52,45
Radamanthes,ysondre,1334,paladin,retribution,66,32,34
Кранштейн,gordunni,1334,paladin,retribution,36,17,19
Neithi,twisting-nether,1334,paladin,retribution,30,14,16
Hisblade,emerald-dream,1333,paladin,retribution,30,17,13
Блэквилл,howling-fjord,1333,paladin,retribution,114,55,59
Fløcki,blackhand,1333,paladin,retribution,30,14,16
Хилерскийхил,soulflayer,1332,paladin,retribution,32,14,18
Белкоксю,booty-bay,1331,paladin,retribution,84,39,45
Dàrkùsh,archimonde,1330,paladin,retribution,35,21,14
Sharkayne,anubarak,1330,paladin,retribution,42,14,28
Imoss,hyjal,1329,paladin,retribution,36,22,14
Unohana,shattered-halls,1329,paladin,retribution,100,40,60
Ædrenn,archimonde,1329,paladin,retribution,42,14,28
Беспощадие,gordunni,1328,paladin,retribution,30,14,16
Рашенс,gordunni,1328,paladin,retribution,54,24,30
Mexou,la-croisade-écarlate,1327,paladin,retribution,30,15,15
Endar,drakthul,1327,paladin,retribution,48,21,27
Drivenlight,twisting-nether,1326,paladin,retribution,24,14,10
Âlßêdø,silvermoon,1325,paladin,retribution,60,30,30
Doubtfire,tarren-mill,1325,paladin,retribution,30,14,16
Кливерти,gordunni,1325,paladin,retribution,36,14,22
Enriel,temple-noir,1324,paladin,retribution,30,16,14
Chelan,thrall,1324,paladin,retribution,36,14,22
Retgaffeooku,conseil-des-ombres,1322,paladin,retribution,54,27,27
Bladê,kazzak,1321,paladin,retribution,24,14,10
Hydarr,twisting-nether,1320,paladin,retribution,62,33,29
Vvaarok,blackmoore,1320,paladin,retribution,77,33,44
Rothmans,aggra-português,1319,paladin,retribution,36,20,16
Klittsurf,bloodhoof,1317,paladin,retribution,66,39,27
Barakisback,silvermoon,1317,paladin,retribution,40,22,18
Sebatrøz,ravencrest,1315,paladin,retribution,24,14,10
Sparrda,dun-modr,1314,paladin,retribution,48,24,24
Синерина,blackscar,1314,paladin,retribution,47,20,27
Balthassar,kirin-tor,1314,paladin,retribution,42,17,25
Тэмплари,galakrond,1313,paladin,retribution,75,38,37
Valaeryanae,nemesis,1313,paladin,retribution,42,18,24
Foxare,burning-legion,1312,paladin,retribution,53,29,24
Пепсекольный,soulflayer,1312,paladin,retribution,48,25,23
Viiri,burning-legion,1311,paladin,retribution,71,40,31
Eleuterus,bloodfeather,1311,paladin,retribution,42,14,28
Mendril,malorne,1309,paladin,retribution,36,23,13
Артреал,blackscar,1309,paladin,retribution,66,36,30
Nardindindou,ysondre,1309,paladin,retribution,164,83,81
Andocay,das-syndikat,1309,paladin,retribution,60,27,33
Zethadin,kazzak,1306,paladin,retribution,27,15,12
Kaizêr,silvermoon,1306,paladin,retribution,97,46,51
Slageth,argent-dawn,1306,paladin,retribution,42,17,25
Mataleo,archimonde,1305,paladin,retribution,66,41,25
Беймикс,gordunni,1303,paladin,retribution,72,36,36
Светонносец,gordunni,1303,paladin,retribution,72,28,44
Gavril,bloodfeather,1302,paladin,retribution,126,61,65
Aegend,antonidas,1301,paladin,retribution,163,77,86
Darhuun,antonidas,1299,paladin,retribution,99,47,52
Nevermoore,doomhammer,1299,paladin,retribution,42,19,23
Кенториус,soulflayer,1298,paladin,retribution,24,19,5
Jackypala,ravencrest,1298,paladin,retribution,48,25,23
Juliea,aegwynn,1298,paladin,retribution,78,34,44
Prosteprazak,ragnaros,1297,paladin,retribution,33,15,18
Elení,thrall,1296,paladin,retribution,37,15,22
Ретриванлав,gordunni,1296,paladin,retribution,72,24,48
Raweo,kilrogg,1294,paladin,retribution,78,47,31
Singedth,defias-brotherhood,1293,paladin,retribution,51,27,24
Erin,wildhammer,1293,paladin,retribution,51,25,26
Варасса,grom,1293,paladin,retribution,30,14,16
Kaelthir,bladefist,1292,paladin,retribution,30,17,13
Хен,blackscar,1292,paladin,retribution,50,26,24
Викиллер,grom,1292,paladin,retribution,30,15,15
Orseis,anubarak,1291,paladin,retribution,29,15,14
Købìtø,archimonde,1291,paladin,retribution,48,21,27
Mantinel,hellfire,1290,paladin,retribution,32,20,12
Sagittaxx,kazzak,1290,paladin,retribution,56,27,29
Боевикс,ashenvale,1289,paladin,retribution,30,16,14
Raerk,dalaran,1286,paladin,retribution,73,41,32
Tomiris,twisting-nether,1286,paladin,retribution,36,16,20
Æthëlflæd,ravencrest,1285,paladin,retribution,59,35,24
Epoke,archimonde,1285,paladin,retribution,36,21,15
Angrykorean,blackmoore,1284,paladin,retribution,59,28,31
Holylimx,draenor,1283,paladin,retribution,114,56,58
Bonzai,blackrock,1281,paladin,retribution,91,44,47
Mughena,kazzak,1281,paladin,retribution,36,16,20
Ludø,ysondre,1280,paladin,retribution,26,15,11
Dieversity,stormscale,1280,paladin,retribution,41,16,25
Хоулишит,blackscar,1279,paladin,retribution,36,23,13
Nazdarvole,drakthul,1279,paladin,retribution,54,29,25
Steakenstein,nathrezim,1279,paladin,retribution,36,19,17
Aikm,tarren-mill,1279,paladin,retribution,74,36,38
Jâybee,ravencrest,1277,paladin,retribution,30,14,16
Zulem,grim-batol,1276,paladin,retribution,36,17,19
Lavawraith,argent-dawn,1273,paladin,retribution,28,14,14
Gonhilda,kazzak,1272,paladin,retribution,48,25,23
Джекадамс,gordunni,1272,paladin,retribution,189,73,116
Lightmonger,drakthul,1271,paladin,retribution,30,17,13
Hammexõr,sylvanas,1271,paladin,retribution,87,39,48
Молотоборец,gordunni,1269,paladin,retribution,74,40,34
Cästiël,arathor,1269,paladin,retribution,41,21,20
Эльбабло,lich-king,1268,paladin,retribution,45,21,24
Monkeylight,ambossar,1268,paladin,retribution,46,20,26
Перизкопец,gordunni,1267,paladin,retribution,32,17,15
Jagen,tyrande,1267,paladin,retribution,63,30,33
Auditõr,argent-dawn,1267,paladin,retribution,85,32,53
Kreyvin,argent-dawn,1265,paladin,retribution,71,29,42
Skénder,kazzak,1265,paladin,retribution,72,27,45
Масачусетсс,gordunni,1263,paladin,retribution,54,28,26
Ventsi,kazzak,1263,paladin,retribution,119,61,58
Irinor,rashgarroth,1262,paladin,retribution,36,18,18
Owiganowi,ulduar,1260,paladin,retribution,36,22,14
Shuler,silvermoon,1260,paladin,retribution,64,37,27
Sumecbtw,aegwynn,1260,paladin,retribution,37,14,23
Teogrim,blackmoore,1259,paladin,retribution,54,32,22
Hemdâl,kirin-tor,1259,paladin,retribution,60,31,29
Icearth,pozzo-delleternità,1259,paladin,retribution,140,66,74
Émøùki,dalaran,1258,paladin,retribution,41,19,22
Edyk,silvermoon,1257,paladin,retribution,71,41,30
Takaret,hyjal,1257,paladin,retribution,97,45,52
Bärghest,sanguino,1256,paladin,retribution,48,29,19
Trollarage,confrérie-du-thorium,1256,paladin,retribution,48,24,24
Палочка,howling-fjord,1256,paladin,retribution,78,38,40
Nessùm,hyjal,1256,paladin,retribution,66,26,40
Carpetcummer,ravencrest,1255,paladin,retribution,36,15,21
Миоцуки,gordunni,1254,paladin,retribution,82,37,45
Faithsmemory,silvermoon,1254,paladin,retribution,74,31,43
Tobzin,argent-dawn,1253,paladin,retribution,36,14,22
Hollylady,outland,1251,paladin,retribution,42,25,17
Malagat,die-todeskrallen,1250,paladin,retribution,41,15,26
Snottybrat,draenor,1249,paladin,retribution,86,45,41
Lübu,archimonde,1248,paladin,retribution,30,13,17
Retdream,nemesis,1247,paladin,retribution,18,13,5
Revinox,silvermoon,1247,paladin,retribution,24,15,9
Xanrian,kazzak,1247,paladin,retribution,24,13,11
Тардариус,gordunni,1247,paladin,retribution,30,13,17
Paladiodinos,hyjal,1247,paladin,retribution,42,16,26
Блэкхарм,gordunni,1247,paladin,retribution,36,13,23
Khoping,silvermoon,1246,paladin,retribution,18,13,5
Luckyman,aszune,1246,paladin,retribution,24,13,11
Kriszaa,burning-legion,1246,paladin,retribution,36,13,23
Starcker,sanguino,1246,paladin,retribution,42,13,29
Obé,argent-dawn,1245,paladin,retribution,148,81,67
Leith,neptulon,1245,paladin,retribution,46,24,22
Eagleone,shattrath,1245,paladin,retribution,30,15,15
Hito,sylvanas,1245,paladin,retribution,30,13,17
Gromzed,ravencrest,1245,paladin,retribution,30,13,17
Uragan,blackmoore,1244,paladin,retribution,45,21,24
Marthawise,eredar,1244,paladin,retribution,30,13,17
Sukinsin,aegwynn,1244,paladin,retribution,30,13,17
Proxidus,blackmoore,1244,paladin,retribution,41,16,25
Blazeer,pozzo-delleternità,1243,paladin,retribution,24,13,11
Mattüsälëmm,sanguino,1242,paladin,retribution,33,22,11
Jannene,draenor,1242,paladin,retribution,36,13,23
Arkura,nozdormu,1241,paladin,retribution,24,14,10
Joelosteen,neptulon,1241,paladin,retribution,54,29,25
Asorte,chants-éternels,1241,paladin,retribution,84,34,50
Ïnata,khaz-modan,1240,paladin,retribution,36,15,21
Níthag,ragnaros,1239,paladin,retribution,24,13,11
Jdizzy,tarren-mill,1239,paladin,retribution,24,13,11
Geilershrimp,blackrock,1239,paladin,retribution,42,13,29
Nowitzki,sanguino,1238,paladin,retribution,18,13,5
Truezero,draenor,1237,paladin,retribution,36,18,18
Cianna,shattered-hand,1237,paladin,retribution,40,13,27
Æe,blackmoore,1236,paladin,retribution,37,22,15
Moløk,ysondre,1236,paladin,retribution,44,22,22
Ункаль,ashenvale,1236,paladin,retribution,132,64,68
Teliriyon,blackrock,1236,paladin,retribution,32,14,18
Yrgin,ravencrest,1235,paladin,retribution,120,59,61
Dragonous,darkmoon-faire,1235,paladin,retribution,108,47,61
Lewp,tarren-mill,1234,paladin,retribution,18,13,5
Anatorka,drakthul,1234,paladin,retribution,78,39,39
Akelad,arathor,1234,paladin,retribution,48,13,35
Aurroraa,doomhammer,1233,paladin,retribution,27,14,13
Valpen,veknilash,1233,paladin,retribution,30,15,15
Хентайбогиня,ashenvale,1233,paladin,retribution,30,13,17
Zhaz,blackmoore,1232,paladin,retribution,84,38,46
Durwin,mazrigos,1232,paladin,retribution,51,22,29
Yømø,antonidas,1231,paladin,retribution,24,13,11
Цвандр,gordunni,1231,paladin,retribution,64,30,34
Ликанн,soulflayer,1231,paladin,retribution,54,20,34
Gxdéon,hyjal,1230,paladin,retribution,41,25,16
Bornir,khaz-modan,1230,paladin,retribution,59,27,32
Wumbo,sinstralis,1229,paladin,retribution,36,19,17
Наваляка,deathguard,1228,paladin,retribution,24,13,11
Zâre,sanguino,1228,paladin,retribution,58,27,31
Uthelf,ragnaros,1228,paladin,retribution,36,16,20
Painshield,outland,1228,paladin,retribution,41,13,28
Walorez,ragnaros,1227,paladin,retribution,23,13,10
Tillak,draenor,1227,paladin,retribution,24,13,11
Yanisx,burning-legion,1227,paladin,retribution,37,20,17
Llya,blackrock,1227,paladin,retribution,26,14,12
Вандиир,soulflayer,1226,paladin,retribution,24,13,11
Atomicbubble,balnazzar,1225,paladin,retribution,54,26,28
Juozas,argent-dawn,1225,paladin,retribution,30,13,17
Pytha,nozdormu,1224,paladin,retribution,79,43,36
Nollieflip,tarren-mill,1224,paladin,retribution,30,15,15
Ðarkjøjø,hyjal,1224,paladin,retribution,36,17,19
Bootybanger,thrall,1223,paladin,retribution,24,13,11
Patsani,twilights-hammer,1222,paladin,retribution,54,31,23
Cinderlight,aszune,1221,paladin,retribution,24,15,9
Velkar,frostmane,1221,paladin,retribution,56,29,27
Öwai,dun-modr,1220,paladin,retribution,47,28,19
Valerner,argent-dawn,1220,paladin,retribution,24,13,11
Swagged,kazzak,1220,paladin,retribution,46,21,25
Юлец,galakrond,1220,paladin,retribution,30,13,17
Straxotia,twisting-nether,1219,paladin,retribution,24,13,11
Lagaminë,dalaran,1219,paladin,retribution,111,53,58
Dinøx,archimonde,1219,paladin,retribution,126,60,66
Ragnarük,khaz-modan,1217,paladin,retribution,42,20,22
Beastyblodne,sylvanas,1215,paladin,retribution,30,17,13
Helmed,tarren-mill,1215,paladin,retribution,57,31,26
Leyawin,sanguino,1215,paladin,retribution,36,18,18
Rilledread,stormscale,1214,paladin,retribution,114,57,57
Джагашарага,soulflayer,1214,paladin,retribution,29,13,16
Jynxedxoxo,blackrock,1214,paladin,retribution,36,16,20
Hornox,ragnaros,1213,paladin,retribution,48,22,26
Qpalax,outland,1213,paladin,retribution,32,14,18
Platanid,doomhammer,1210,paladin,retribution,62,35,27
Keith,dragonmaw,1210,paladin,retribution,30,14,16
Aistor,burning-legion,1209,paladin,retribution,42,17,25
Conserva,jaedenar,1208,paladin,retribution,46,27,19
Lynaé,blackhand,1208,paladin,retribution,25,13,12
Diøstemplar,dun-modr,1207,paladin,retribution,40,22,18
Kýrp,stormreaver,1207,paladin,retribution,43,16,27
Hypothalamus,silvermoon,1206,paladin,retribution,36,17,19
Светлыйкит,blackscar,1204,paladin,retribution,48,25,23
Лютыйчпок,fordragon,1200,paladin,retribution,76,34,42
Mirauda,nemesis,1200,paladin,retribution,60,21,39
Лейфи,howling-fjord,1199,paladin,retribution,36,15,21
Lightppl,outland,1198,paladin,retribution,48,23,25
Lumino,twilights-hammer,1197,paladin,retribution,41,18,23
Deldrina,nozdormu,1197,paladin,retribution,36,14,22
Ironstealman,shattered-hand,1196,paladin,retribution,42,13,29
Ustex,argent-dawn,1195,paladin,retribution,29,13,16
Siuras,blackmoore,1194,paladin,retribution,23,13,10
Самерваль,borean-tundra,1194,paladin,retribution,85,44,41
Sertoli,frostwhisper,1194,paladin,retribution,30,15,15
Beyma,twisting-nether,1193,paladin,retribution,23,13,10
Malianterø,ravencrest,1193,paladin,retribution,132,59,73
Whiffy,silvermoon,1193,paladin,retribution,36,13,23
Mma,sylvanas,1192,paladin,retribution,65,31,34
Thyalon,ragnaros,1191,paladin,retribution,30,14,16
Bloodlord,twisting-nether,1190,paladin,retribution,31,14,17
Hïto,dun-modr,1189,paladin,retribution,24,14,10
Мильфорд,eversong,1188,paladin,retribution,72,32,40
Toshvarak,turalyon,1187,paladin,retribution,60,29,31
Syng,garona,1186,paladin,retribution,36,14,22
Perfectum,burning-legion,1182,paladin,retribution,28,13,15
Memororo,stormscale,1181,paladin,retribution,32,13,19
Trainingdumy,aszune,1179,paladin,retribution,30,16,14
Raê,hyjal,1179,paladin,retribution,66,26,40
Cigyal,hyjal,1178,paladin,retribution,42,23,19
Ylvannka,blackmoore,1177,paladin,retribution,48,23,25
Jcpd,drakthul,1177,paladin,retribution,34,13,21
Palitard,turalyon,1176,paladin,retribution,48,27,21
Ashernos,tarren-mill,1176,paladin,retribution,29,13,16
Pitusá,dun-modr,1176,paladin,retribution,48,16,32
Æternäl,arathor,1174,paladin,retribution,48,21,27
Seigi,tarren-mill,1173,paladin,retribution,42,20,22
Spanzer,dun-modr,1172,paladin,retribution,30,16,14
Антисеептик,gordunni,1171,paladin,retribution,63,32,31
Paillasson,nerzhul,1167,paladin,retribution,52,31,21
Khrotos,draenor,1166,paladin,retribution,72,33,39
Línke,sanguino,1165,paladin,retribution,49,27,22
Zemoss,kazzak,1164,paladin,retribution,24,14,10
Пропала,greymane,1161,paladin,retribution,60,28,32
Freyjä,turalyon,1161,paladin,retribution,114,51,63
Vallorum,ravencrest,1161,paladin,retribution,35,13,22
Holybubo,tarren-mill,1160,paladin,retribution,66,34,32
Judgement,quelthalas,1158,paladin,retribution,30,20,10
Vrgingamer,kazzak,1158,paladin,retribution,48,16,32
Pery,malganis,1157,paladin,retribution,48,28,20
Messîah,outland,1156,paladin,retribution,218,112,106
Artplex,ravencrest,1154,paladin,retribution,27,15,12
Ixøne,kazzak,1152,paladin,retribution,18,12,6
Donwone,aegwynn,1152,paladin,retribution,18,12,6
Ghosti,festung-der-stürme,1152,paladin,retribution,18,12,6
Sunsaiy,doomhammer,1152,paladin,retribution,107,58,49
Amburet,kazzak,1152,paladin,retribution,30,12,18
Proximo,burning-legion,1151,paladin,retribution,18,12,6
Aflogistina,sylvanas,1151,paladin,retribution,18,12,6
Vorthir,khaz-modan,1151,paladin,retribution,32,16,16
Rizzdaddy,outland,1151,paladin,retribution,30,12,18
Wordup,senjin,1151,paladin,retribution,30,12,18
Хадакур,howling-fjord,1151,paladin,retribution,36,12,24
Строу,blackscar,1150,paladin,retribution,18,12,6
Swânn,sanguino,1150,paladin,retribution,18,12,6
Гацкан,gordunni,1150,paladin,retribution,23,13,10
Wälläce,sanguino,1150,paladin,retribution,24,12,12
Fufth,pozzo-delleternità,1150,paladin,retribution,24,12,12
Knusern,dunemaul,1150,paladin,retribution,30,12,18
Missoii,khaz-modan,1149,paladin,retribution,18,12,6
Bumaye,tarren-mill,1149,paladin,retribution,18,12,6
Strykar,aggra-português,1149,paladin,retribution,24,12,12
Dominikcro,sylvanas,1149,paladin,retribution,24,12,12
Spooder,xavius,1148,paladin,retribution,29,12,17
Hippiehuman,darkspear,1147,paladin,retribution,18,12,6
Unzufrieden,silvermoon,1147,paladin,retribution,24,12,12
Kirkmeister,terokkar,1147,paladin,retribution,43,19,24
Думклиф,gordunni,1147,paladin,retribution,36,12,24
Algoric,suramar,1146,paladin,retribution,24,12,12
Хельдотер,howling-fjord,1146,paladin,retribution,25,12,13
Sufrion,outland,1146,paladin,retribution,36,16,20
Иродиада,gordunni,1146,paladin,retribution,30,12,18
Kreselia,ravencrest,1146,paladin,retribution,30,12,18
Retenki,silvermoon,1146,paladin,retribution,30,12,18
Palangel,eldrethalas,1145,paladin,retribution,18,12,6
Мётод,howling-fjord,1145,paladin,retribution,24,12,12
Azhrei,archimonde,1145,paladin,retribution,30,12,18
Trefino,blackrock,1144,paladin,retribution,18,12,6
Kollak,dun-modr,1144,paladin,retribution,42,18,24
Rînedaman,ysondre,1143,paladin,retribution,24,12,12
Eleiktra,suramar,1143,paladin,retribution,36,15,21
Slipmax,eredar,1143,paladin,retribution,30,12,18
Bigdamjudge,argent-dawn,1142,paladin,retribution,18,12,6
Ocgynle,alonsus,1142,paladin,retribution,93,49,44
Архэла,gordunni,1142,paladin,retribution,24,12,12
Rayshield,tarren-mill,1142,paladin,retribution,47,23,24
Lerîan,dun-modr,1141,paladin,retribution,24,12,12
Eywinn,silvermoon,1141,paladin,retribution,30,12,18
Pállis,ravencrest,1139,paladin,retribution,18,12,6
Exiztant,ravencrest,1138,paladin,retribution,36,19,17
Aipal,silvermoon,1138,paladin,retribution,30,12,18
Thorold,earthen-ring,1136,paladin,retribution,52,28,24
Мистерху,gordunni,1135,paladin,retribution,115,56,59
Névér,steamwheedle-cartel,1134,paladin,retribution,24,12,12
Хампал,howling-fjord,1134,paladin,retribution,29,12,17
Гарраж,howling-fjord,1134,paladin,retribution,30,12,18
Xflye,khaz-modan,1133,paladin,retribution,35,20,15
Krïstâlùlz,archimonde,1132,paladin,retribution,58,30,28
Mimkoo,wildhammer,1130,paladin,retribution,27,16,11
Questos,burning-legion,1130,paladin,retribution,45,25,20
Palladain,draenor,1128,paladin,retribution,18,12,6
Quoque,turalyon,1127,paladin,retribution,51,29,22
Nelasson,eredar,1126,paladin,retribution,26,13,13
Deathzinger,aszune,1126,paladin,retribution,24,12,12
Vaníos,nazjatar,1126,paladin,retribution,24,12,12
Адептустер,gordunni,1125,paladin,retribution,32,15,17
Sessian,bronze-dragonflight,1123,paladin,retribution,72,39,33
Mosih,bloodfeather,1121,paladin,retribution,50,29,21
Bulle,the-venture-co,1121,paladin,retribution,24,12,12
Stepamusicz,stormreaver,1121,paladin,retribution,36,17,19
Enîgmä,ravencrest,1117,paladin,retribution,40,12,28
Themlstake,kazzak,1115,paladin,retribution,18,12,6
Makiwara,emeriss,1113,paladin,retribution,91,44,47
Dafe,zuluhed,1113,paladin,retribution,50,21,29
Dewios,silvermoon,1112,paladin,retribution,30,14,16
Troj,ahnqiraj,1112,paladin,retribution,30,14,16
Ghostfacê,khaz-modan,1105,paladin,retribution,36,17,19
Shädyss,hyjal,1105,paladin,retribution,76,34,42
Sylazz,blackrock,1104,paladin,retribution,124,57,67
Grìmmjøw,silvermoon,1102,paladin,retribution,21,12,9
Palabido,nemesis,1102,paladin,retribution,119,49,70
Mírato,blackhand,1100,paladin,retribution,30,15,15
Akeemys,ragnaros,1099,paladin,retribution,23,12,11
Baldarlyset,tarren-mill,1099,paladin,retribution,39,13,26
Kaljir,archimonde,1098,paladin,retribution,21,13,8
Runkpaladin,kazzak,1096,paladin,retribution,60,32,28
Veshnu,blackrock,1095,paladin,retribution,44,17,27
Gnarlds,doomhammer,1094,paladin,retribution,42,24,18
Buckfizz,ysondre,1093,paladin,retribution,30,18,12
Retrystyle,ragnaros,1093,paladin,retribution,53,24,29
Jebenatreba,sporeggar,1091,paladin,retribution,29,12,17
Mystíque,die-todeskrallen,1088,paladin,retribution,60,30,30
Milojcica,kazzak,1087,paladin,retribution,17,12,5
Opgezwolle,draenor,1085,paladin,retribution,56,35,21
Azzael,thrall,1085,paladin,retribution,95,35,60
Valgar,ragnaros,1081,paladin,retribution,17,12,5
Nenenita,cthun,1081,paladin,retribution,91,46,45
Sandorr,area-52,1079,paladin,retribution,30,17,13
Aerathil,nethersturm,1079,paladin,retribution,41,22,19
Böb,garona,1078,paladin,retribution,36,14,22
Goungokuhrbo,doomhammer,1077,paladin,retribution,40,24,16
Samail,malganis,1076,paladin,retribution,30,13,17
Coelslaw,azjolnerub,1074,paladin,retribution,35,12,23
Starstríder,aszune,1073,paladin,retribution,24,12,12
Zelphyr,pozzo-delleternità,1071,paladin,retribution,44,25,19
Êxood,archimonde,1071,paladin,retribution,47,18,29
Medieh,ravencrest,1067,paladin,retribution,27,12,15
Wexo,frostwolf,1065,paladin,retribution,40,12,28
Apoffis,burning-legion,1064,paladin,retribution,36,19,17
Fëanôr,tarren-mill,1064,paladin,retribution,194,98,96
Lliissaa,kazzak,1059,paladin,retribution,54,31,23
Хеллпанч,howling-fjord,1059,paladin,retribution,54,29,25
Lytza,frostwolf,1059,paladin,retribution,30,15,15
Dadpally,shattered-hand,1059,paladin,retribution,42,20,22
Duralyon,marécage-de-zangar,1059,paladin,retribution,30,13,17
Judgemented,turalyon,1059,paladin,retribution,30,12,18
Sølitude,kazzak,1056,paladin,retribution,18,11,7
Soossi,silvermoon,1056,paladin,retribution,18,11,7
Suprisexd,ravencrest,1056,paladin,retribution,18,11,7
Сакон,borean-tundra,1056,paladin,retribution,24,11,13
Pia,twisting-nether,1056,paladin,retribution,24,11,13
Opettaja,ravencrest,1056,paladin,retribution,24,11,13
Franzîskûs,blackmoore,1056,paladin,retribution,24,11,13
Phaewingsftw,kazzak,1056,paladin,retribution,24,11,13
Nyxbane,kazzak,1056,paladin,retribution,30,11,19
Ilealstras,twisting-nether,1056,paladin,retribution,30,11,19
Socx,outland,1056,paladin,retribution,30,11,19
Terrozina,stormscale,1055,paladin,retribution,18,11,7
Holydhanas,outland,1055,paladin,retribution,18,11,7
Eléndrên,blackrock,1055,paladin,retribution,18,11,7
Turskah,shattered-hand,1055,paladin,retribution,18,11,7
Eldrial,argent-dawn,1055,paladin,retribution,18,11,7
Дохлаяженах,gordunni,1055,paladin,retribution,18,11,7
Erasdin,silvermoon,1055,paladin,retribution,18,11,7
Vvsdiamonds,archimonde,1055,paladin,retribution,24,11,13
Stukker,silvermoon,1055,paladin,retribution,24,11,13
Blademasteer,jaedenar,1055,paladin,retribution,24,11,13
Kalimgor,theradras,1055,paladin,retribution,24,11,13
Roostersucka,stormreaver,1055,paladin,retribution,24,11,13
Spiritbreak,archimonde,1055,paladin,retribution,24,11,13
Шульц,borean-tundra,1055,paladin,retribution,24,11,13
Rileys,turalyon,1055,paladin,retribution,90,39,51
Bázer,antonidas,1055,paladin,retribution,30,11,19
Deadlydawn,kazzak,1055,paladin,retribution,36,11,25
Screâm,eredar,1055,paladin,retribution,36,11,25
Sinthoràs,shattered-hand,1054,paladin,retribution,36,20,16
Blademàster,twisting-nether,1054,paladin,retribution,22,12,10
Jíyü,blackmoore,1054,paladin,retribution,24,11,13
Нормвал,gordunni,1054,paladin,retribution,24,11,13
Aguerx,alleria,1054,paladin,retribution,24,11,13
Palidos,blackrock,1054,paladin,retribution,24,11,13
Этокомедия,howling-fjord,1054,paladin,retribution,30,11,19
Skoopey,twisting-nether,1054,paladin,retribution,30,11,19
Phalex,outland,1054,paladin,retribution,30,11,19
Fleckige,nethersturm,1054,paladin,retribution,30,11,19
Хилоретка,blackscar,1053,paladin,retribution,18,11,7
Vendil,tarren-mill,1053,paladin,retribution,18,11,7
Ridethelight,nemesis,1053,paladin,retribution,21,12,9
Snaty,khaz-modan,1053,paladin,retribution,83,44,39
Deceneü,kazzak,1053,paladin,retribution,24,11,13
Mufuqa,ragnaros,1053,paladin,retribution,24,11,13
Bartelemeus,draenor,1053,paladin,retribution,24,11,13
Moarcry,outland,1053,paladin,retribution,24,11,13
Tyristrum,kilrogg,1053,paladin,retribution,30,11,19
Ryaz,blackrock,1052,paladin,retribution,18,11,7
Palaradis,doomhammer,1052,paladin,retribution,18,11,7
Hideinlight,hellscream,1052,paladin,retribution,24,11,13
Alard,sanguino,1052,paladin,retribution,30,11,19
Phorios,agamaggan,1052,paladin,retribution,36,11,25
Vedaar,dun-modr,1051,paladin,retribution,12,11,1
Imreallybadx,blackrock,1051,paladin,retribution,18,11,7
Pný,silvermoon,1051,paladin,retribution,24,11,13
Widj,silvermoon,1051,paladin,retribution,24,11,13
Nîcolascage,stormscale,1051,paladin,retribution,30,11,19
Llaynn,argent-dawn,1051,paladin,retribution,36,11,25
Traýan,blackmoore,1050,paladin,retribution,18,11,7
Рипкарт,gordunni,1050,paladin,retribution,18,11,7
Hugins,chamber-of-aspects,1050,paladin,retribution,24,11,13
Gojesi,silvermoon,1050,paladin,retribution,24,11,13
Antidrasi,turalyon,1050,paladin,retribution,37,12,25
Lóyal,kazzak,1049,paladin,retribution,18,11,7
Plato,arthas,1049,paladin,retribution,30,16,14
Sangiorgio,nemesis,1049,paladin,retribution,24,11,13
Malleius,ravencrest,1049,paladin,retribution,30,11,19
Justïce,twisting-nether,1049,paladin,retribution,30,11,19
Âchîle,garona,1048,paladin,retribution,55,31,24
Gerannan,kirin-tor,1048,paladin,retribution,48,24,24
Huhuu,outland,1048,paladin,retribution,24,11,13
Pascual,magtheridon,1048,paladin,retribution,24,11,13
Raptasenda,archimonde,1048,paladin,retribution,62,24,38
Crazybones,marécage-de-zangar,1047,paladin,retribution,36,16,20
Budweison,silvermoon,1047,paladin,retribution,30,11,19
Romfis,arathor,1046,paladin,retribution,18,11,7
Spizz,dun-modr,1046,paladin,retribution,30,11,19
Krustenkaese,kelthuzad,1045,paladin,retribution,18,11,7
Leilak,draenor,1045,paladin,retribution,44,26,18
Daicic,kazzak,1045,paladin,retribution,19,11,8
Palakag,blackhand,1045,paladin,retribution,42,12,30
Jooki,drakthul,1044,paladin,retribution,18,11,7
Kaelron,sanguino,1044,paladin,retribution,18,11,7
Traqnbilkarq,stormscale,1044,paladin,retribution,24,12,12
Darnero,blackrock,1043,paladin,retribution,18,11,7
Shadderkpal,draenor,1042,paladin,retribution,30,11,19
Harycon,thrall,1041,paladin,retribution,30,11,19
Dildotbagins,argent-dawn,1039,paladin,retribution,58,34,24
Sinalia,shattrath,1039,paladin,retribution,24,11,13
Кетран,howling-fjord,1039,paladin,retribution,30,11,19
Killa,stormrage,1038,paladin,retribution,24,11,13
Janky,draenor,1038,paladin,retribution,30,11,19
Rêmo,blackrock,1037,paladin,retribution,28,17,11
Bitether,burning-legion,1037,paladin,retribution,24,11,13
Далходж,soulflayer,1037,paladin,retribution,35,11,24
Lowen,deathwing,1037,paladin,retribution,41,11,30
Kaedena,kaelthas,1035,paladin,retribution,18,11,7
Saró,ravencrest,1035,paladin,retribution,22,12,10
Лефша,soulflayer,1034,paladin,retribution,18,11,7
Фокспро,lich-king,1032,paladin,retribution,24,11,13
Bomsamdi,draenor,1032,paladin,retribution,71,31,40
Gôdfâthér,kazzak,1031,paladin,retribution,23,11,12
Гермесиус,deepholm,1031,paladin,retribution,24,11,13
Aégon,archimonde,1026,paladin,retribution,54,23,31
Kealen,nemesis,1025,paladin,retribution,72,28,44
Арморих,gordunni,1024,paladin,retribution,22,11,11
Hateless,tarren-mill,1024,paladin,retribution,28,11,17
Zanathos,onyxia,1023,paladin,retribution,30,20,10
Paladie,dalaran,1015,paladin,retribution,159,81,78
Shorella,malganis,1015,paladin,retribution,35,17,18
Quasimotto,turalyon,1014,paladin,retribution,36,13,23
Crynó,blackmoore,1010,paladin,retribution,30,13,17
Danneris,sanguino,1008,paladin,retribution,31,15,16
Morhgain,kazzak,1007,paladin,retribution,42,21,21
Kipperb,kazzak,1007,paladin,retribution,23,11,12
Renaseh,twisting-nether,1007,paladin,retribution,23,11,12
ßrav,hyjal,1007,paladin,retribution,27,12,15
Ilovemylay,area-52,1004,paladin,retribution,21,11,10
Монбиин,soulflayer,1001,paladin,retribution,24,12,12
Sheïkka,hyjal,1001,paladin,retribution,68,30,38
Нэксти,howling-fjord,1001,paladin,retribution,29,11,18
Сверхпаладин,howling-fjord,999,paladin,retribution,18,11,7
Tomales,aggramar,998,paladin,retribution,36,18,18
Killtauren,kazzak,998,paladin,retribution,78,36,42
Эксвайп,howling-fjord,997,paladin,retribution,23,11,12
Bryllks,die-todeskrallen,996,paladin,retribution,42,25,17
Crazypits,silvermoon,993,paladin,retribution,36,14,22
Pratt,deathwing,989,paladin,retribution,20,11,9
Zerohour,kilrogg,987,paladin,retribution,34,11,23
Logossh,dun-modr,986,paladin,retribution,20,11,9
Jenyu,sanguino,986,paladin,retribution,29,13,16
Assyr,blackmoore,984,paladin,retribution,17,11,6
Rdmhrvojehr,tarren-mill,981,paladin,retribution,22,12,10
Ukey,sanguino,978,paladin,retribution,48,27,21
Haquiles,shendralar,974,paladin,retribution,22,12,10
Summuno,eredar,974,paladin,retribution,120,44,76
Almohalhil,tarren-mill,972,paladin,retribution,24,13,11
Aludra,twisting-nether,972,paladin,retribution,35,18,17
Thebestpala,tarren-mill,969,paladin,retribution,25,11,14
Ârthâstrâs,terrordar,968,paladin,retribution,30,17,13
Eltruite,archimonde,962,paladin,retribution,60,25,35
Vonryan,defias-brotherhood,961,paladin,retribution,36,12,24
Shatar,culte-de-la-rive-noire,960,paladin,retribution,12,10,2
Fîzè,blackmoore,960,paladin,retribution,16,11,5
Ретриксвета,eversong,960,paladin,retribution,18,10,8
Navayo,frostmourne,960,paladin,retribution,18,10,8
Blazerlolz,kazzak,960,paladin,retribution,18,10,8
Takezop,dun-modr,960,paladin,retribution,18,10,8
Vhalkur,dun-modr,960,paladin,retribution,18,10,8
Misú,ravencrest,960,paladin,retribution,18,10,8
Roklim,blackhand,960,paladin,retribution,18,10,8
Rubína,aegwynn,960,paladin,retribution,20,10,10
Sulask,argent-dawn,960,paladin,retribution,24,10,14
Daveboss,dragonblight,960,paladin,retribution,24,10,14
Riyo,twisting-nether,960,paladin,retribution,24,10,14
Аргонис,gordunni,960,paladin,retribution,24,10,14
Байстр,soulflayer,960,paladin,retribution,24,10,14
Rqd,blackrock,960,paladin,retribution,24,10,14
Dioxius,stormscale,960,paladin,retribution,24,10,14
Атласс,gordunni,960,paladin,retribution,30,10,20
Oliverrar,blackrock,960,paladin,retribution,30,10,20
Садистка,soulflayer,960,paladin,retribution,30,10,20
Saulencio,zuljin,960,paladin,retribution,36,10,26
Lonesoul,tarren-mill,959,paladin,retribution,18,10,8
Dìe,silvermoon,959,paladin,retribution,18,10,8
Gangb,ravencrest,959,paladin,retribution,18,10,8
Фэрплэйн,gordunni,959,paladin,retribution,18,10,8
Omaw,ragnaros,959,paladin,retribution,18,10,8
Drylands,ravencrest,959,paladin,retribution,18,10,8
Bunurata,silvermoon,959,paladin,retribution,18,10,8
Makakí,twisting-nether,959,paladin,retribution,18,10,8
Naenel,dun-modr,959,paladin,retribution,24,10,14
Ivarladin,draenor,959,paladin,retribution,24,10,14
Thaddios,burning-blade,959,paladin,retribution,24,10,14
Croptol,dun-modr,959,paladin,retribution,24,10,14
Нижмубабл,soulflayer,959,paladin,retribution,27,11,16
Armas,stormscale,959,paladin,retribution,28,11,17
Teshkipowa,kazzak,959,paladin,retribution,30,10,20
Mögräine,grim-batol,959,paladin,retribution,30,10,20
Nyren,guldan,958,paladin,retribution,12,10,2
Arcardi,dun-morogh,958,paladin,retribution,18,10,8
Balderstomp,jaedenar,958,paladin,retribution,18,10,8
Антрасс,soulflayer,958,paladin,retribution,18,10,8
Béhèlit,sargeras,958,paladin,retribution,18,10,8
Valanysa,blackmoore,958,paladin,retribution,18,10,8
Леаркус,blackscar,958,paladin,retribution,24,10,14
Dimes,argent-dawn,957,paladin,retribution,12,10,2
Winterwall,sylvanas,957,paladin,retribution,24,10,14
Franc,aggra-português,957,paladin,retribution,24,10,14
Ðøñe,draenor,957,paladin,retribution,24,10,14
Eulion,burning-legion,956,paladin,retribution,12,10,2
Mílkme,antonidas,956,paladin,retribution,18,10,8
Ayoub,argent-dawn,956,paladin,retribution,18,10,8
Injustice,chamber-of-aspects,956,paladin,retribution,25,11,14
Akâshi,dalaran,955,paladin,retribution,18,10,8
Løøktår,ysondre,955,paladin,retribution,18,10,8
Karthvitall,kaelthas,955,paladin,retribution,18,10,8
Soulglo,ragnaros,955,paladin,retribution,24,10,14
Holypurger,shattered-hand,955,paladin,retribution,25,10,15
Calluk,turalyon,955,paladin,retribution,29,11,18
Kyríé,tarren-mill,953,paladin,retribution,18,10,8
Iqso,argent-dawn,953,paladin,retribution,18,10,8
Olaghkan,dun-modr,952,paladin,retribution,20,10,10
Dwangl,silvermoon,952,paladin,retribution,24,10,14
Prínce,blackmoore,952,paladin,retribution,24,10,14
Ressurection,outland,951,paladin,retribution,58,25,33
Phaenre,pozzo-delleternità,951,paladin,retribution,35,13,22
Nözderg,archimonde,951,paladin,retribution,30,10,20
Cáli,forscherliga,949,paladin,retribution,18,10,8
Gottfrid,sunstrider,949,paladin,retribution,18,10,8
Xemoth,kazzak,947,paladin,retribution,18,10,8
Olwie,argent-dawn,947,paladin,retribution,18,10,8
Ziggyz,kul-tiras,945,paladin,retribution,19,10,9
Thëone,exodar,945,paladin,retribution,22,11,11
Ghallandre,khaz-modan,943,paladin,retribution,18,10,8
Donttaskwhy,sylvanas,942,paladin,retribution,30,10,20
Patzi,die-todeskrallen,941,paladin,retribution,67,33,34
Kawakii,outland,940,paladin,retribution,18,10,8
Glotzkowski,kelthuzad,938,paladin,retribution,18,10,8
Nomeel,twisting-nether,936,paladin,retribution,133,66,67
Josuaa,ragnaros,929,paladin,retribution,80,36,44
Wolya,blackrock,927,paladin,retribution,21,11,10
Justrhino,kazzak,927,paladin,retribution,23,10,13
Ghéttørèt,das-konsortium,927,paladin,retribution,26,11,15
Lightblaze,doomhammer,924,paladin,retribution,54,18,36
Meneth,elune,924,paladin,retribution,43,11,32
Eatfasteatas,doomhammer,923,paladin,retribution,12,10,2
Immortalkrux,archimonde,923,paladin,retribution,59,20,39
Atacan,twisting-nether,920,paladin,retribution,42,20,22
Luxor,sporeggar,919,paladin,retribution,24,14,10
Klikas,twisting-nether,918,paladin,retribution,36,18,18
Бунча,gordunni,913,paladin,retribution,60,18,42
Vörtëx,tarren-mill,912,paladin,retribution,24,11,13
Thesavage,magtheridon,910,paladin,retribution,17,10,7
Миссйеллоу,gordunni,910,paladin,retribution,17,10,7
Схемас,gordunni,910,paladin,retribution,36,14,22
Vuzetevacabo,doomhammer,907,paladin,retribution,96,45,51
Ranish,aegwynn,906,paladin,retribution,33,11,22
Tomkü,burning-legion,902,paladin,retribution,28,12,16
Érléuchtas,kazzak,899,paladin,retribution,22,11,11
Gurutze,ragnaros,896,paladin,retribution,16,10,6
Tigerherz,antonidas,895,paladin,retribution,28,10,18
Lògàn,pozzo-delleternità,894,paladin,retribution,20,10,10
Émilia,frostwolf,894,paladin,retribution,22,10,12
Lolladin,blackmoore,894,paladin,retribution,26,10,16
Vanyon,malganis,892,paladin,retribution,20,10,10
Vexxus,blackrock,892,paladin,retribution,48,22,26
Milicos,sylvanas,891,paladin,retribution,48,24,24
Zingler,norgannon,891,paladin,retribution,24,12,12
Tánk,twilights-hammer,888,paladin,retribution,48,22,26
Romkaq,silvermoon,884,paladin,retribution,18,11,7
Pepsimaxpvp,blackmoore,880,paladin,retribution,25,10,15
Baé,drakthul,878,paladin,retribution,25,10,15
Fardahr,ravencrest,877,paladin,retribution,24,10,14
Куоширо,goldrinn,877,paladin,retribution,30,12,18
Supou,twisting-nether,876,paladin,retribution,18,10,8
Vibeer,ravencrest,876,paladin,retribution,104,49,55
Fufenzee,stormscale,875,paladin,retribution,77,33,44
Медверус,gordunni,872,paladin,retribution,31,12,19
Фэнон,gordunni,864,paladin,retribution,12,9,3
Jacadin,sunstrider,864,paladin,retribution,12,9,3
Camusa,kazzak,864,paladin,retribution,12,9,3
Сынбогов,gordunni,864,paladin,retribution,12,9,3
Stitchup,argent-dawn,864,paladin,retribution,12,9,3
Kanyewesh,dalaran,864,paladin,retribution,12,9,3
Holysnickers,tarren-mill,864,paladin,retribution,12,9,3
Duno,archimonde,864,paladin,retribution,12,9,3
Unleashed,antonidas,864,paladin,retribution,12,9,3
Kaarsius,defias-brotherhood,864,paladin,retribution,18,9,9
Püshup,archimonde,864,paladin,retribution,18,9,9
Loani,dalaran,864,paladin,retribution,18,9,9
Xinxin,azshara,864,paladin,retribution,18,9,9
Мэднессх,howling-fjord,864,paladin,retribution,18,9,9
Paterymon,ravencrest,864,paladin,retribution,18,9,9
Mitsoû,archimonde,864,paladin,retribution,18,9,9
Gulyas,tarren-mill,864,paladin,retribution,18,9,9
Kilô,sylvanas,864,paladin,retribution,18,9,9
Cùpìdstunt,draenor,864,paladin,retribution,18,9,9
Noxy,thrall,864,paladin,retribution,18,9,9
Retgodx,eredar,864,paladin,retribution,18,9,9
Hølypwnjk,forscherliga,864,paladin,retribution,18,9,9
Reckonin,nagrand,864,paladin,retribution,18,9,9
Neverdeath,stormscale,864,paladin,retribution,18,9,9
Pesterci,draenor,864,paladin,retribution,18,9,9
Evölution,frostmane,864,paladin,retribution,24,9,15
Lagrops,chants-éternels,864,paladin,retribution,24,9,15
Kæycc,blackmoore,864,paladin,retribution,24,9,15
Konardos,burning-legion,864,paladin,retribution,24,9,15
Thoriz,elune,864,paladin,retribution,24,9,15
Babyboo,aggra-português,864,paladin,retribution,24,9,15
Lindrone,aggra-português,864,paladin,retribution,24,9,15
Святстраж,gordunni,864,paladin,retribution,27,10,17
Umirinbruv,zenedar,864,paladin,retribution,30,9,21
Døgpaladin,outland,864,paladin,retribution,30,9,21
Вэндрик,azuregos,864,paladin,retribution,30,9,21
Aksios,kazzak,863,paladin,retribution,12,9,3
Irini,sylvanas,863,paladin,retribution,12,9,3
Nakedholy,draenor,863,paladin,retribution,12,9,3
Vootele,draenor,863,paladin,retribution,12,9,3
Nordkreuz,aegwynn,863,paladin,retribution,18,9,9
Trollilolz,eredar,863,paladin,retribution,18,9,9
Disadin,sylvanas,863,paladin,retribution,18,9,9
Egx,draenor,863,paladin,retribution,18,9,9
Dälaghetto,kilrogg,863,paladin,retribution,18,9,9
Szaporító,ragnaros,863,paladin,retribution,18,9,9
Durnell,sylvanas,863,paladin,retribution,18,9,9
Sildrit,draenor,863,paladin,retribution,18,9,9
Fujszi,arathor,863,paladin,retribution,18,9,9
Veejxo,silvermoon,863,paladin,retribution,18,9,9
Добегуубью,thermaplugg,863,paladin,retribution,21,10,11
Palarezz,ysondre,863,paladin,retribution,24,9,15
Каштоуны,soulflayer,863,paladin,retribution,24,9,15
Дэвсон,greymane,863,paladin,retribution,24,9,15
Tapsgg,silvermoon,863,paladin,retribution,24,9,15
Celerius,trollbane,863,paladin,retribution,24,9,15
Axone,ravencrest,863,paladin,retribution,24,9,15
Asgardietis,kazzak,863,paladin,retribution,27,10,17
Serratus,thunderhorn,863,paladin,retribution,30,9,21
Омникнайтх,howling-fjord,863,paladin,retribution,30,9,21
Ephialtis,hyjal,862,paladin,retribution,12,9,3
Kabóm,kazzak,862,paladin,retribution,12,9,3
Paduj,kazzak,862,paladin,retribution,12,9,3
Blatrix,kazzak,862,paladin,retribution,12,9,3
Velikor,dun-modr,862,paladin,retribution,18,9,9
Slipoj,blackhand,862,paladin,retribution,18,9,9
Gucix,sylvanas,862,paladin,retribution,18,9,9
Yæø,archimonde,862,paladin,retribution,18,9,9
Darkenorr,silvermoon,862,paladin,retribution,18,9,9
Lìmier,ysondre,862,paladin,retribution,18,9,9
Роллита,gordunni,862,paladin,retribution,24,9,15
Ллосла,howling-fjord,862,paladin,retribution,36,9,27
Viffi,darkspear,861,paladin,retribution,12,9,3
Skittlespala,twisting-nether,861,paladin,retribution,12,9,3
Retributon,madmortem,861,paladin,retribution,18,9,9
Paajaxd,drakthul,861,paladin,retribution,18,9,9
Jpally,ravencrest,861,paladin,retribution,18,9,9
Bucaxin,cthun,860,paladin,retribution,12,9,3
Sölaria,silvermoon,860,paladin,retribution,18,9,9
Catsnek,darksorrow,860,paladin,retribution,18,9,9
Banister,eredar,860,paladin,retribution,24,9,15
Artorya,outland,859,paladin,retribution,18,9,9
Jêzus,blackrock,858,paladin,retribution,12,9,3
Кс,greymane,858,paladin,retribution,18,9,9
Rètbull,blackhand,858,paladin,retribution,18,9,9
Ènyalius,silvermoon,858,paladin,retribution,24,9,15
Сапфирия,galakrond,855,paladin,retribution,30,9,21
Legiønr,ravencrest,854,paladin,retribution,12,9,3
Bubblemama,aegwynn,853,paladin,retribution,18,9,9
Fortination,dalaran,853,paladin,retribution,18,9,9
Таурмакус,howling-fjord,851,paladin,retribution,24,9,15
Bellùm,archimonde,846,paladin,retribution,18,9,9
Ericafontës,kazzak,846,paladin,retribution,23,9,14
Knygnesys,silvermoon,844,paladin,retribution,15,11,4
Cydor,khaz-modan,844,paladin,retribution,24,9,15
Xòtrios,argent-dawn,841,paladin,retribution,30,14,16
Тельбрук,gordunni,832,paladin,retribution,22,9,13
Fortplus,pozzo-delleternità,830,paladin,retribution,26,12,14
Драгун,gordunni,830,paladin,retribution,61,27,34
Dôrä,ysondre,830,paladin,retribution,23,9,14
Pàlàthor,khaz-modan,826,paladin,retribution,18,9,9
Spánkit,stormscale,825,paladin,retribution,20,10,10
Pyrogon,malorne,823,paladin,retribution,162,75,87
Ultrabenzo,ravencrest,815,paladin,retribution,17,9,8
Pak,amanthul,814,paladin,retribution,27,10,17
Mckellen,antonidas,810,paladin,retribution,15,10,5
Valaudu,stormscale,810,paladin,retribution,17,9,8
Ararion,tarren-mill,809,paladin,retribution,18,10,8
Dmytropal,draenor,809,paladin,retribution,22,10,12
Khadet,draenor,809,paladin,retribution,22,10,12
Dehanath,draenor,809,paladin,retribution,23,9,14
Fumatelo,tyrande,808,paladin,retribution,18,9,9
Choyoki,blackmoore,802,paladin,retribution,26,9,17
Reiwyn,archimonde,799,paladin,retribution,22,9,13
Ксамо,howling-fjord,798,paladin,retribution,11,9,2
Юримия,blackscar,798,paladin,retribution,17,9,8
Penknife,ravencrest,797,paladin,retribution,20,9,11
Altrazel,archimonde,795,paladin,retribution,20,10,10
Guckzu,malganis,794,paladin,retribution,25,10,15
Helvirya,defias-brotherhood,792,paladin,retribution,160,65,95
Legitpower,silvermoon,783,paladin,retribution,46,19,27
Сильвернайт,soulflayer,779,paladin,retribution,29,10,19
Баблыч,borean-tundra,771,paladin,retribution,42,17,25
Sunfather,twilights-hammer,769,paladin,retribution,65,29,36
Xoriun,norgannon,768,paladin,retribution,12,8,4
Адвакаад,soulflayer,768,paladin,retribution,12,8,4
Jïncks,anachronos,768,paladin,retribution,12,8,4
Vakaza,cthun,768,paladin,retribution,12,8,4
Khyleancbum,sanguino,768,paladin,retribution,12,8,4
Enlightendz,ravencrest,768,paladin,retribution,12,8,4
Touch,vashj,768,paladin,retribution,12,8,4
Odisea,burning-blade,768,paladin,retribution,12,8,4
Herô,drakthul,768,paladin,retribution,12,8,4
Pakór,blackrock,768,paladin,retribution,12,8,4
Vindicatê,stormscale,768,paladin,retribution,12,8,4
Фантаззер,soulflayer,768,paladin,retribution,12,8,4
Insanepvplol,archimonde,768,paladin,retribution,12,8,4
Øttøø,outland,768,paladin,retribution,12,8,4
Biqmac,mugthol,768,paladin,retribution,12,8,4
Abbendis,twisting-nether,768,paladin,retribution,18,8,10
Кисаммэ,howling-fjord,768,paladin,retribution,18,8,10
Retlikeme,ravencrest,768,paladin,retribution,18,8,10
Чемеряк,gordunni,768,paladin,retribution,18,8,10
Círuq,eredar,768,paladin,retribution,18,8,10
Palamag,grim-batol,768,paladin,retribution,18,8,10
Dadyolimp,kazzak,768,paladin,retribution,18,8,10
Пчелодин,howling-fjord,768,paladin,retribution,18,8,10
Enmà,archimonde,768,paladin,retribution,18,8,10
Bâbass,sargeras,768,paladin,retribution,18,8,10
Milipal,hyjal,768,paladin,retribution,18,8,10
Легейнда,soulflayer,768,paladin,retribution,18,8,10
Valiscar,antonidas,768,paladin,retribution,18,8,10
Iiwar,silvermoon,768,paladin,retribution,18,8,10
Goüstà,ysondre,768,paladin,retribution,18,8,10
Gìne,archimonde,768,paladin,retribution,18,8,10
Deresos,anetheron,768,paladin,retribution,18,8,10
Hydrolic,blackrock,768,paladin,retribution,18,8,10
Getpawned,rexxar,768,paladin,retribution,18,8,10
Holyinstinct,bronze-dragonflight,768,paladin,retribution,18,8,10
Endavour,ravencrest,768,paladin,retribution,18,8,10
Bubblor,ravencrest,768,paladin,retribution,18,8,10
Mudan,stormscale,768,paladin,retribution,18,8,10
Retrigodx,ragnaros,768,paladin,retribution,18,8,10
Лайтфури,gordunni,768,paladin,retribution,18,8,10
Sekztokio,blackmoore,768,paladin,retribution,18,8,10
Rinocerb,ravencrest,768,paladin,retribution,18,8,10
Sinclo,hyjal,768,paladin,retribution,20,8,12
Tjabo,burning-blade,768,paladin,retribution,24,8,16
Annurra,quelthalas,768,paladin,retribution,24,8,16
Wankerjim,ghostlands,768,paladin,retribution,24,8,16
Benzimus,ragnaros,768,paladin,retribution,24,8,16
Piti,burning-legion,768,paladin,retribution,24,8,16
Vilayesyo,ravencrest,768,paladin,retribution,24,8,16
Powerphally,outland,768,paladin,retribution,24,8,16
Nukss,silvermoon,768,paladin,retribution,24,8,16
Mythorpala,dun-modr,768,paladin,retribution,24,8,16
Аностазия,ashenvale,768,paladin,retribution,30,8,22
Toxií,argent-dawn,768,paladin,retribution,30,8,22
Dawnnslayer,kazzak,767,paladin,retribution,12,8,4
Serenityxo,twisting-nether,767,paladin,retribution,12,8,4
Mugraine,ravencrest,767,paladin,retribution,12,8,4
Khaelor,frostwolf,767,paladin,retribution,12,8,4
Atanasum,dun-modr,767,paladin,retribution,12,8,4
Crossfaded,azjolnerub,767,paladin,retribution,12,8,4
Blagori,blackhand,767,paladin,retribution,12,8,4
Spinzr,draenor,767,paladin,retribution,12,8,4
Ratedge,hyjal,767,paladin,retribution,12,8,4
Acp,twisting-nether,767,paladin,retribution,12,8,4
Hutimeni,turalyon,767,paladin,retribution,12,8,4
Londonn,silvermoon,767,paladin,retribution,12,8,4
Unforsakenx,silvermoon,767,paladin,retribution,12,8,4
Kedaris,antonidas,767,paladin,retribution,12,8,4
Ксенджин,gordunni,767,paladin,retribution,16,9,7
Palachdinka,drakthul,767,paladin,retribution,18,8,10
Ruftadin,ragnaros,767,paladin,retribution,18,8,10
Hèmera,archimonde,767,paladin,retribution,18,8,10
Aston,sylvanas,767,paladin,retribution,18,8,10
Dimdon,silvermoon,767,paladin,retribution,18,8,10
Samuel,ahnqiraj,767,paladin,retribution,18,8,10
Dideta,colinas-pardas,767,paladin,retribution,18,8,10
Krakr,ravencrest,767,paladin,retribution,18,8,10
Xersys,draenor,767,paladin,retribution,18,8,10
Baxteria,dun-modr,767,paladin,retribution,18,8,10
Nicolae,colinas-pardas,767,paladin,retribution,18,8,10
Бальтазёрыч,soulflayer,767,paladin,retribution,18,8,10
Belight,burning-legion,767,paladin,retribution,18,8,10
Retgrets,kazzak,767,paladin,retribution,18,8,10
Mïnnîe,ysondre,767,paladin,retribution,18,8,10
Ultret,silvermoon,767,paladin,retribution,18,8,10
Hôrrible,ravencrest,767,paladin,retribution,18,8,10
Lusugo,alakir,767,paladin,retribution,24,8,16
Thoreas,perenolde,767,paladin,retribution,24,8,16
Brightgrove,silvermoon,767,paladin,retribution,24,8,16
Freeloliipop,darksorrow,767,paladin,retribution,24,8,16
Saath,malfurion,767,paladin,retribution,24,8,16
Diaéna,kirin-tor,767,paladin,retribution,24,8,16
Ryozupala,frostwolf,766,paladin,retribution,12,8,4
Fremuduin,argent-dawn,766,paladin,retribution,12,8,4
Konithis,doomhammer,766,paladin,retribution,12,8,4
Laugan,ysondre,766,paladin,retribution,12,8,4
Unogym,dragonblight,766,paladin,retribution,18,8,10
Beefbombs,blackmoore,766,paladin,retribution,18,8,10
Quaterbâck,antonidas,766,paladin,retribution,24,8,16
Wtfudo,sylvanas,765,paladin,retribution,18,8,10
Mikipaki,tarren-mill,765,paladin,retribution,18,8,10
Retroon,doomhammer,764,paladin,retribution,18,8,10
Trøllørd,shattrath,764,paladin,retribution,18,8,10
Luridity,argent-dawn,764,paladin,retribution,24,8,16
Ahritea,blackrock,763,paladin,retribution,12,8,4
Ночнаябуря,gordunni,763,paladin,retribution,12,8,4
Lewanor,tarren-mill,763,paladin,retribution,12,8,4
Wingedguard,ragnaros,763,paladin,retribution,12,8,4
Sanduciorba,chamber-of-aspects,763,paladin,retribution,21,9,12
Nauriell,blackmoore,762,paladin,retribution,12,8,4
Tank,uldum,762,paladin,retribution,12,8,4
Vondarkmoor,magtheridon,761,paladin,retribution,18,8,10
Torczy,frostwhisper,760,paladin,retribution,12,8,4
Nebrii,doomhammer,760,paladin,retribution,18,8,10
Tripani,twisting-nether,760,paladin,retribution,18,8,10
Akakaboto,draenor,759,paladin,retribution,24,8,16
Mickeyvorace,archimonde,758,paladin,retribution,18,8,10
Rivela,bloodhoof,758,paladin,retribution,18,8,10
Orelius,guldan,755,paladin,retribution,36,12,24
Grundgron,burning-legion,753,paladin,retribution,27,8,19
Evilerpaly,stormscale,752,paladin,retribution,12,8,4
Поласс,gordunni,751,paladin,retribution,17,8,9
Nazaninez,tarren-mill,749,paladin,retribution,18,8,10
Lawrence,deathwing,748,paladin,retribution,24,8,16
Танси,fordragon,747,paladin,retribution,12,8,4
Kubrat,eredar,738,paladin,retribution,30,10,20
Grayparser,silvermoon,735,paladin,retribution,14,9,5
Nollieflipx,tarren-mill,735,paladin,retribution,17,8,9
Trendragon,argent-dawn,719,paladin,retribution,17,8,9
Ritoru,drekthar,719,paladin,retribution,17,8,9
Serawyn,twisting-nether,718,paladin,retribution,15,8,7
Unbreakable,eredar,717,paladin,retribution,15,8,7
Darkironpala,argent-dawn,717,paladin,retribution,21,8,13
Áramor,blackmoore,716,paladin,retribution,17,8,9
Äthénâ,archimonde,713,paladin,retribution,23,9,14
Aelthir,kazzak,703,paladin,retribution,11,8,3
Darkdeal,tarren-mill,703,paladin,retribution,14,8,6
Myxas,tarren-mill,702,paladin,retribution,14,8,6
Demsi,ravencrest,702,paladin,retribution,14,8,6
Ericpala,turalyon,702,paladin,retribution,17,8,9
Angelepetit,hyjal,701,paladin,retribution,16,8,8
Veliios,silvermoon,701,paladin,retribution,25,9,16
Milisha,the-maelstrom,696,paladin,retribution,26,8,18
Gradepal,drakthul,687,paladin,retribution,19,8,11
Barqin,ragnaros,686,paladin,retribution,19,8,11
Миллиционер,razuvious,672,paladin,retribution,12,7,5
Arkhàn,ravencrest,672,paladin,retribution,12,7,5
Okroschka,blackrock,672,paladin,retribution,12,7,5
Milkzaddy,kazzak,672,paladin,retribution,12,7,5
Vircy,outland,672,paladin,retribution,12,7,5
Sunwalker,bronzebeard,672,paladin,retribution,12,7,5
Mâlâk,dun-modr,672,paladin,retribution,12,7,5
Neicha,trollbane,672,paladin,retribution,12,7,5
Pratiarch,kazzak,672,paladin,retribution,12,7,5
Xônia,sylvanas,672,paladin,retribution,12,7,5
Fatherabdul,ravencrest,672,paladin,retribution,12,7,5
Mîakhalîfa,tarren-mill,672,paladin,retribution,12,7,5
Даракар,deathguard,672,paladin,retribution,12,7,5
Malapal,hyjal,672,paladin,retribution,12,7,5
Windwings,drakthul,672,paladin,retribution,12,7,5
Ginka,blackrock,672,paladin,retribution,12,7,5
Падаетслезаа,howling-fjord,672,paladin,retribution,12,7,5
Miriem,twisting-nether,672,paladin,retribution,12,7,5
Anatollia,silvermoon,672,paladin,retribution,12,7,5
Veganbeefman,draenor,672,paladin,retribution,12,7,5
Tavil,sylvanas,672,paladin,retribution,12,7,5
Ceca,lightnings-blade,672,paladin,retribution,12,7,5
Bighugg,draenor,672,paladin,retribution,12,7,5
Nzmamba,burning-legion,672,paladin,retribution,12,7,5
Nissesolsken,outland,672,paladin,retribution,12,7,5
Frequencer,ragnaros,672,paladin,retribution,12,7,5
Ilpreside,nemesis,672,paladin,retribution,12,7,5
Shjami,rexxar,672,paladin,retribution,12,7,5
Silverglaze,defias-brotherhood,672,paladin,retribution,12,7,5
Блудиз,howling-fjord,672,paladin,retribution,12,7,5
Fabsy,frostwolf,672,paladin,retribution,12,7,5
Лиривель,howling-fjord,672,paladin,retribution,12,7,5
Lighteousnes,blackmoore,672,paladin,retribution,12,7,5
Mullinsilmä,stormreaver,672,paladin,retribution,12,7,5
Uriens,zuljin,672,paladin,retribution,12,7,5
Нефростинг,gordunni,672,paladin,retribution,12,7,5
Curt,sanguino,672,paladin,retribution,12,7,5
Hetrox,silvermoon,672,paladin,retribution,12,7,5
Холиврас,gordunni,672,paladin,retribution,12,7,5
Dragon,zenedar,672,paladin,retribution,12,7,5
Ellünca,ravencrest,672,paladin,retribution,12,7,5
Проверялка,thermaplugg,672,paladin,retribution,12,7,5
Дорогаснега,gordunni,672,paladin,retribution,12,7,5
Scairtin,ravencrest,672,paladin,retribution,18,7,11
Melyntholdra,argent-dawn,672,paladin,retribution,18,7,11
Littlenight,emerald-dream,672,paladin,retribution,18,7,11
Валькирия,grom,672,paladin,retribution,18,7,11
Igrael,argent-dawn,672,paladin,retribution,18,7,11
Pìnkyy,draenor,672,paladin,retribution,18,7,11
Elyrax,nemesis,672,paladin,retribution,18,7,11
Galadrion,dun-modr,672,paladin,retribution,18,7,11
Lysander,antonidas,672,paladin,retribution,18,7,11
Bailleya,drakthul,672,paladin,retribution,18,7,11
Kjobergen,tarren-mill,672,paladin,retribution,18,7,11
Norganpala,die-aldor,672,paladin,retribution,18,7,11
Serjudge,kazzak,672,paladin,retribution,18,7,11
Emíly,dun-morogh,672,paladin,retribution,18,7,11
Атмта,razuvious,672,paladin,retribution,18,7,11
Алепос,gordunni,672,paladin,retribution,18,7,11
Бэкворд,soulflayer,672,paladin,retribution,18,7,11
Мериатас,soulflayer,672,paladin,retribution,18,7,11
Seekêr,tarren-mill,672,paladin,retribution,18,7,11
Ritaora,aggramar,672,paladin,retribution,18,7,11
Krýptø,ravencrest,672,paladin,retribution,18,7,11
Chiriner,drakthul,672,paladin,retribution,18,7,11
Trixbunny,arathor,672,paladin,retribution,18,7,11
Apocalypsé,twisting-nether,672,paladin,retribution,18,7,11
Arbuzno,draenor,672,paladin,retribution,18,7,11
Shownómercy,stormscale,672,paladin,retribution,18,7,11
Tezmodian,antonidas,672,paladin,retribution,18,7,11
Arshiaa,ravencrest,672,paladin,retribution,21,8,13
Глаймис,gordunni,672,paladin,retribution,22,8,14
Aliceredlips,dun-modr,672,paladin,retribution,24,7,17
Boscho,argent-dawn,672,paladin,retribution,24,7,17
Ваэлин,deathweaver,672,paladin,retribution,24,7,17
Zerlat,twisting-nether,672,paladin,retribution,24,7,17
Ящеры,gordunni,672,paladin,retribution,24,7,17
Кхарнх,soulflayer,672,paladin,retribution,24,7,17
Manole,ravencrest,672,paladin,retribution,24,7,17
Nurix,dun-modr,672,paladin,retribution,24,7,17
Bubbledøtcøm,blackmoore,672,paladin,retribution,24,7,17
Jaegeer,draenor,672,paladin,retribution,24,7,17
Vivike,silvermoon,672,paladin,retribution,24,7,17
Aranael,nemesis,672,paladin,retribution,30,7,23
Zycqo,silvermoon,672,paladin,retribution,31,7,24
Архемор,ashenvale,671,paladin,retribution,12,7,5
Liliána,ragnaros,671,paladin,retribution,12,7,5
Gbejr,xavius,671,paladin,retribution,12,7,5
Joti,proudmoore,671,paladin,retribution,12,7,5
Wolfpala,drakthul,671,paladin,retribution,12,7,5
Bronan,draenor,671,paladin,retribution,12,7,5
Gavain,blackhand,671,paladin,retribution,12,7,5
Palahôlika,antonidas,671,paladin,retribution,12,7,5
Retzzo,ravencrest,671,paladin,retribution,12,7,5
Zpock,archimonde,671,paladin,retribution,12,7,5
Kolts,ragnaros,671,paladin,retribution,12,7,5
Bubblefett,ysera,671,paladin,retribution,12,7,5
Lovetospoonn,ravencrest,671,paladin,retribution,12,7,5
Samueel,blackmoore,671,paladin,retribution,12,7,5
Gindolon,blackhand,671,paladin,retribution,12,7,5
Granadir,doomhammer,671,paladin,retribution,12,7,5
Liamisi,blackhand,671,paladin,retribution,12,7,5
Sakred,hellscream,671,paladin,retribution,12,7,5
Ljusbågen,silvermoon,671,paladin,retribution,13,7,6
Ôrâ,archimonde,671,paladin,retribution,15,8,7
Parlma,naxxramas,671,paladin,retribution,19,8,11
Laenira,nemesis,671,paladin,retribution,18,7,11
Fishnchips,twisting-nether,671,paladin,retribution,18,7,11
Eken,hyjal,671,paladin,retribution,18,7,11
Dufftroll,kazzak,671,paladin,retribution,18,7,11
Спидфрик,blackscar,671,paladin,retribution,18,7,11
Рогафайти,goldrinn,671,paladin,retribution,18,7,11
Alvíss,sanguino,671,paladin,retribution,18,7,11
Testovasara,ravencrest,671,paladin,retribution,18,7,11
Блуудс,howling-fjord,671,paladin,retribution,18,7,11
Esdras,sanguino,671,paladin,retribution,18,7,11
Labier,tarren-mill,671,paladin,retribution,18,7,11
Disconnector,aegwynn,671,paladin,retribution,18,7,11
Erethes,magtheridon,671,paladin,retribution,18,7,11
Sheaps,les-sentinelles,671,paladin,retribution,18,7,11
Konori,mannoroth,671,paladin,retribution,18,7,11
Öbedö,malganis,671,paladin,retribution,24,7,17
Eldrielle,culte-de-la-rive-noire,671,paladin,retribution,24,7,17
Mindoxlawlz,sanguino,671,paladin,retribution,24,7,17
Animouse,drakthul,670,paladin,retribution,12,7,5
Keol,sanguino,670,paladin,retribution,12,7,5
Edb,silvermoon,670,paladin,retribution,12,7,5
Atrexie,lightbringer,670,paladin,retribution,12,7,5
Ùthër,silvermoon,670,paladin,retribution,18,7,11
Thandoro,amanthul,670,paladin,retribution,18,7,11
Lighttitan,ravencrest,670,paladin,retribution,18,7,11
Gerin,ulduar,670,paladin,retribution,18,7,11
Blessmedaddy,tarren-mill,670,paladin,retribution,18,7,11
Solarouz,draenor,669,paladin,retribution,12,7,5
Zvirblis,chamber-of-aspects,669,paladin,retribution,15,8,7
Baymanda,tarren-mill,669,paladin,retribution,18,7,11
Rangorian,defias-brotherhood,669,paladin,retribution,24,7,17
Bandaga,sanguino,668,paladin,retribution,12,7,5
Эррор,azuregos,668,paladin,retribution,18,7,11
Gropleindsup,ysondre,668,paladin,retribution,18,7,11
Shennzo,wildhammer,667,paladin,retribution,12,7,5
Megara,bronze-dragonflight,667,paladin,retribution,12,7,5
Fannii,ravencrest,667,paladin,retribution,12,7,5
Эллессар,howling-fjord,667,paladin,retribution,18,7,11
Rocaviva,sanguino,666,paladin,retribution,12,7,5
Ксинем,howling-fjord,666,paladin,retribution,16,8,8
Шелволк,eversong,665,paladin,retribution,18,7,11
Fløki,blackrock,664,paladin,retribution,12,7,5
Pallido,exodar,664,paladin,retribution,12,7,5
Zealotic,doomhammer,664,paladin,retribution,12,7,5
Chikaz,archimonde,664,paladin,retribution,20,10,10
Blinklys,ragnaros,664,paladin,retribution,18,7,11
Halimox,terokkar,664,paladin,retribution,18,7,11
Purpledurple,twisting-nether,663,paladin,retribution,18,7,11
Sarinise,draenor,662,paladin,retribution,12,7,5
Mechoka,auchindoun,661,paladin,retribution,13,7,6
Belzed,draenor,660,paladin,retribution,15,8,7
Сашок,gordunni,657,paladin,retribution,12,7,5
Bigdamjudgee,outland,655,paladin,retribution,17,7,10
Ryüü,uldaman,647,paladin,retribution,30,8,22
Benkenoah,ragnaros,641,paladin,retribution,30,7,23
Keele,stormscale,639,paladin,retribution,17,7,10
Arear,kazzak,624,paladin,retribution,15,8,7
Rustig,talnivarr,623,paladin,retribution,11,7,4
Samànta,nemesis,623,paladin,retribution,11,7,4
Маефис,gordunni,622,paladin,retribution,24,8,16
Greyeyed,kazzak,621,paladin,retribution,27,7,20
Nybrash,sanguino,620,paladin,retribution,15,7,8
Séphiran,hyjal,618,paladin,retribution,15,9,6
Goofyaf,ravencrest,618,paladin,retribution,16,9,7
Скадих,soulflayer,618,paladin,retribution,22,8,14
Pelbo,ravencrest,617,paladin,retribution,21,8,13
Mariaremarc,silvermoon,617,paladin,retribution,25,8,17
Авереон,gordunni,617,paladin,retribution,29,8,21
Ressler,tichondrius,616,paladin,retribution,15,7,8
Ренегадер,thermaplugg,615,paladin,retribution,12,8,4
Ahramanyu,blackrock,606,paladin,retribution,14,7,7
Palladxx,twilights-hammer,596,paladin,retribution,16,7,9
Алланор,fordragon,584,paladin,retribution,13,8,5
Нурти,gordunni,576,paladin,retribution,6,6,0
Ðox,frostmane,576,paladin,retribution,6,6,0
Twomog,ravencrest,576,paladin,retribution,6,6,0
Drdo,blackrock,576,paladin,retribution,6,6,0
Zatoxi,frostmane,576,paladin,retribution,6,6,0
Blacked,baelgun,576,paladin,retribution,10,7,3
Feenux,drakthul,576,paladin,retribution,10,7,3
Cycodin,garrosh,576,paladin,retribution,12,6,6
Drdax,wildhammer,576,paladin,retribution,12,6,6
Упругийтуз,gordunni,576,paladin,retribution,12,6,6
Госпелька,blackscar,576,paladin,retribution,12,6,6
Aldio,pozzo-delleternità,576,paladin,retribution,12,6,6
Vysavo,draenor,576,paladin,retribution,12,6,6
Азов,thermaplugg,576,paladin,retribution,12,6,6
Gabrîel,sanguino,576,paladin,retribution,12,6,6
Divineovic,ravencrest,576,paladin,retribution,12,6,6
Mouncake,archimonde,576,paladin,retribution,12,6,6
Gaveren,ravencrest,576,paladin,retribution,12,6,6
Athain,sanguino,576,paladin,retribution,12,6,6
Lommeuld,auchindoun,576,paladin,retribution,12,6,6
Limitlez,blackhand,576,paladin,retribution,12,6,6
Retenki,draenor,576,paladin,retribution,12,6,6
Qotro,ravencrest,576,paladin,retribution,12,6,6
Rothus,bronze-dragonflight,576,paladin,retribution,12,6,6
Kptayn,archimonde,576,paladin,retribution,12,6,6
Rétalin,blackhand,576,paladin,retribution,12,6,6
Бляля,gordunni,576,paladin,retribution,12,6,6
Téralus,ravencrest,576,paladin,retribution,12,6,6
Waaynejudgeu,blackhand,576,paladin,retribution,12,6,6
Ærîo,dalaran,576,paladin,retribution,12,6,6
Puers,burning-blade,576,paladin,retribution,12,6,6
Зена,gordunni,576,paladin,retribution,12,6,6
Tarenath,aegwynn,576,paladin,retribution,12,6,6
Reth,tarren-mill,576,paladin,retribution,12,6,6
Snowlyi,stormscale,576,paladin,retribution,12,6,6
Askmy,stormscale,576,paladin,retribution,12,6,6
Snowife,drakthul,576,paladin,retribution,12,6,6
Blindhoj,ravencrest,576,paladin,retribution,12,6,6
Elendíl,azjolnerub,576,paladin,retribution,12,6,6
Pabló,azshara,576,paladin,retribution,12,6,6
Ríppex,kazzak,576,paladin,retribution,12,6,6
Mekluba,twisting-nether,576,paladin,retribution,12,6,6
Armion,stormscale,576,paladin,retribution,12,6,6
Freetimer,norgannon,576,paladin,retribution,12,6,6
Alersia,twisting-nether,576,paladin,retribution,12,6,6
Palamanyaka,kazzak,576,paladin,retribution,12,6,6
Paliax,outland,576,paladin,retribution,12,6,6
Yurinovsky,aggra-português,576,paladin,retribution,12,6,6
Диджейнобабл,howling-fjord,576,paladin,retribution,12,6,6
Greko,ysera,576,paladin,retribution,12,6,6
Wingdude,ysera,576,paladin,retribution,12,6,6
Nanduil,stormscale,576,paladin,retribution,12,6,6
Кериас,gordunni,576,paladin,retribution,12,6,6
Sienna,kazzak,576,paladin,retribution,12,6,6
Noforgivenes,kazzak,576,paladin,retribution,12,6,6
Erthelios,silvermoon,576,paladin,retribution,12,6,6
Vuutnëx,twisting-nether,576,paladin,retribution,12,6,6
Cildan,talnivarr,576,paladin,retribution,12,6,6
Bloodbeard,twisting-nether,576,paladin,retribution,12,6,6
Pallachyrk,kazzak,576,paladin,retribution,12,6,6
Mipendz,draenor,576,paladin,retribution,12,6,6
Stankow,kazzak,576,paladin,retribution,12,6,6
Lightmyst,outland,576,paladin,retribution,12,6,6
Керантий,gordunni,576,paladin,retribution,12,6,6
Mythsion,blackmoore,576,paladin,retribution,12,6,6
Blubbajoe,blackmoore,576,paladin,retribution,12,6,6
Mawrâ,twisting-nether,576,paladin,retribution,12,6,6
Neêsoldr,blackmoore,576,paladin,retribution,12,6,6
Melverti,kazzak,576,paladin,retribution,12,6,6
Palamauka,kazzak,576,paladin,retribution,12,6,6
Søulréaper,stormscale,576,paladin,retribution,12,6,6
Abukasol,kazzak,576,paladin,retribution,12,6,6
Стальгор,ashenvale,576,paladin,retribution,12,6,6
Stève,ravencrest,576,paladin,retribution,12,6,6
Ibanez,lightnings-blade,576,paladin,retribution,12,6,6
Sämaelia,ysondre,576,paladin,retribution,12,6,6
Тутн,gordunni,576,paladin,retribution,12,6,6
Notnerb,outland,576,paladin,retribution,12,6,6
Bigdaddypump,ravencrest,576,paladin,retribution,12,6,6
Tharduk,outland,576,paladin,retribution,12,6,6
Бэнсон,ashenvale,576,paladin,retribution,12,6,6
Ruggero,stormscale,576,paladin,retribution,12,6,6
Luciter,silvermoon,576,paladin,retribution,12,6,6
Éllé,der-rat-von-dalaran,576,paladin,retribution,12,6,6
Kasualwrath,stormscale,576,paladin,retribution,12,6,6
Скварлетх,howling-fjord,576,paladin,retribution,12,6,6
Alâkir,kazzak,576,paladin,retribution,12,6,6
Lbj,eredar,576,paladin,retribution,12,6,6
Plainrage,blackrock,576,paladin,retribution,12,6,6
Raceper,the-maelstrom,576,paladin,retribution,12,6,6
Crusxder,kazzak,576,paladin,retribution,12,6,6
Fatâl,antonidas,576,paladin,retribution,15,7,8
Aimee,draenor,576,paladin,retribution,16,7,9
Кольт,borean-tundra,576,paladin,retribution,16,6,10
Âtom,outland,576,paladin,retribution,18,6,12
Sîlversun,grim-batol,576,paladin,retribution,18,6,12
Hegazy,darkmoon-faire,576,paladin,retribution,18,6,12
Redeem,nemesis,576,paladin,retribution,18,6,12
Testament,antonidas,576,paladin,retribution,18,6,12
Czachadymii,defias-brotherhood,576,paladin,retribution,18,6,12
Exfire,daggerspine,576,paladin,retribution,18,6,12
Tosá,antonidas,576,paladin,retribution,18,6,12
Hermmes,alakir,576,paladin,retribution,18,6,12
Bothways,stormscale,576,paladin,retribution,18,6,12
Pikoman,hellfire,576,paladin,retribution,18,6,12
Pinx,kazzak,576,paladin,retribution,18,6,12
Ironkra,stormscale,576,paladin,retribution,18,6,12
Mooderna,ravencrest,576,paladin,retribution,18,6,12
Vazayo,ravencrest,576,paladin,retribution,18,6,12
Mâêdhrøsx,ravencrest,576,paladin,retribution,18,6,12
Îshybî,archimonde,576,paladin,retribution,18,6,12
Meldø,drakthul,576,paladin,retribution,18,6,12
Retrehsacul,blackrock,576,paladin,retribution,18,6,12
Thickets,argent-dawn,576,paladin,retribution,18,6,12
Byczorek,turalyon,576,paladin,retribution,18,6,12
Gunpowderx,silvermoon,576,paladin,retribution,18,6,12
Mareshki,outland,576,paladin,retribution,18,6,12
Генатрамбон,howling-fjord,576,paladin,retribution,18,6,12
Dunklerzwerg,the-maelstrom,576,paladin,retribution,18,6,12
Whatapity,silvermoon,576,paladin,retribution,18,6,12
Kelduril,draenor,576,paladin,retribution,18,6,12
Saht,silvermoon,576,paladin,retribution,18,6,12
Nikibrahboi,outland,576,paladin,retribution,24,6,18
Actionjack,area-52,576,paladin,retribution,24,6,18
Huevo,frostmane,576,paladin,retribution,24,6,18
Berethas,darksorrow,575,paladin,retribution,6,6,0
Holycide,twisting-nether,575,paladin,retribution,12,6,6
Pewpews,twisting-nether,575,paladin,retribution,12,6,6
Myradur,burning-legion,575,paladin,retribution,12,6,6
Bcrp,ragnaros,575,paladin,retribution,12,6,6
Phillipe,illidan,575,paladin,retribution,12,6,6
Antón,dun-modr,575,paladin,retribution,12,6,6
Faventu,ragnaros,575,paladin,retribution,12,6,6
Kendomendo,ravencrest,575,paladin,retribution,12,6,6
Azaël,illidan,575,paladin,retribution,12,6,6
Sæsh,die-aldor,575,paladin,retribution,12,6,6
Ньюзеропал,howling-fjord,575,paladin,retribution,12,6,6
Hylion,kirin-tor,575,paladin,retribution,12,6,6
Blazix,kazzak,575,paladin,retribution,12,6,6
Greatme,frostmane,575,paladin,retribution,12,6,6
Oûtplâyêd,blackmoore,575,paladin,retribution,12,6,6
Tehdark,outland,575,paladin,retribution,12,6,6
Celsia,blackrock,575,paladin,retribution,12,6,6
Helson,draenor,575,paladin,retribution,12,6,6
Ustnivkusni,kazzak,575,paladin,retribution,12,6,6
Йенфира,gordunni,575,paladin,retribution,12,6,6
Mbp,blackmoore,575,paladin,retribution,12,6,6
Skieras,draenor,575,paladin,retribution,12,6,6
Storpixpala,drakthul,575,paladin,retribution,12,6,6
Gaizilla,burning-blade,575,paladin,retribution,12,6,6
Rohb,blackmoore,575,paladin,retribution,12,6,6
Тамплиир,gordunni,575,paladin,retribution,12,6,6
Khouvec,tarren-mill,575,paladin,retribution,12,6,6
Gotra,stormscale,575,paladin,retribution,21,7,14
Edathar,argent-dawn,575,paladin,retribution,24,6,18
Nykothpn,ghostlands,574,paladin,retribution,6,6,0
Dönki,hyjal,574,paladin,retribution,12,6,6
Goouse,marécage-de-zangar,574,paladin,retribution,12,6,6
Roxian,burning-blade,574,paladin,retribution,12,6,6
Mormazor,outland,574,paladin,retribution,12,6,6
Thoorval,silvermoon,574,paladin,retribution,18,6,12
Fintros,silvermoon,574,paladin,retribution,18,6,12
Humaladi,draenor,574,paladin,retribution,18,6,12
Babarush,nozdormu,574,paladin,retribution,18,6,12
Jelcz,burning-legion,574,paladin,retribution,24,6,18
Cpsuper,azuremyst,573,paladin,retribution,12,6,6
Draarks,archimonde,573,paladin,retribution,12,6,6
Atírpákja,doomhammer,573,paladin,retribution,15,6,9
Windîr,draenor,573,paladin,retribution,18,6,12
Moriex,drakthul,573,paladin,retribution,24,6,18
Nhum,destromath,572,paladin,retribution,12,6,6
Beefix,blackmoore,572,paladin,retribution,12,6,6
Renalex,ravencrest,572,paladin,retribution,12,6,6
Jesophar,archimonde,572,paladin,retribution,18,6,12
Virusee,doomhammer,571,paladin,retribution,12,6,6
Taomeba,runetotem,571,paladin,retribution,12,6,6
Boaka,outland,571,paladin,retribution,18,6,12
Elannor,sylvanas,569,paladin,retribution,12,6,6
Nicgr,nemesis,566,paladin,retribution,12,6,6
Vengryn,turalyon,566,paladin,retribution,37,8,29
Shendis,uldaman,565,paladin,retribution,12,6,6
Årés,sanguino,565,paladin,retribution,12,6,6
Севенола,galakrond,565,paladin,retribution,18,6,12
Нероблр,gordunni,560,paladin,retribution,19,7,12
Toruk,burning-legion,559,paladin,retribution,15,7,8
Иусто,howling-fjord,559,paladin,retribution,17,6,11
Bugo,drakthul,559,paladin,retribution,17,6,11
Ràwx,twisting-nether,559,paladin,retribution,23,6,17
Uriziel,the-shatar,558,paladin,retribution,18,6,12
Tavyy,sylvanas,551,paladin,retribution,15,9,6
Wlåð,archimonde,543,paladin,retribution,17,6,11
Gundahar,das-syndikat,531,paladin,retribution,16,6,10
Kelianna,drakthul,528,paladin,retribution,12,7,5
Ichimaru,burning-legion,527,paladin,retribution,11,6,5
Mozg,silvermoon,527,paladin,retribution,17,6,11
Plsdøntusemd,ravencrest,522,paladin,retribution,17,8,9
Окилан,gordunni,522,paladin,retribution,21,7,14
Митахо,gordunni,522,paladin,retribution,21,7,14
Тошши,soulflayer,522,paladin,retribution,28,8,20
Uriel,scarshield-legion,520,paladin,retribution,16,8,8
Essenz,eredar,512,paladin,retribution,16,6,10
Råckamoo,emerald-dream,512,paladin,retribution,22,6,16
Stfortt,ragnaros,511,paladin,retribution,10,6,4
Vell,bronze-dragonflight,511,paladin,retribution,11,6,5
Babypic,ambossar,511,paladin,retribution,14,6,8
Hanterus,antonidas,507,paladin,retribution,14,6,8
Palädörette,dalaran,506,paladin,retribution,11,6,5
Rockymarcian,hyjal,506,paladin,retribution,16,6,10
Prínce,earthen-ring,495,paladin,retribution,13,6,7
Holyfatherr,draenor,480,paladin,retribution,6,5,1
Ryven,stormscale,480,paladin,retribution,6,5,1
Subzie,archimonde,480,paladin,retribution,6,5,1
Daminika,das-syndikat,480,paladin,retribution,6,5,1
Keógh,kazzak,480,paladin,retribution,6,5,1
Sabríel,ragnaros,480,paladin,retribution,6,5,1
Pepehands,nazjatar,480,paladin,retribution,6,5,1
Percocetx,tarren-mill,480,paladin,retribution,6,5,1
Salladín,stormscale,480,paladin,retribution,6,5,1
Ландри,greymane,480,paladin,retribution,6,5,1
Derian,antonidas,480,paladin,retribution,6,5,1
Lancelotas,defias-brotherhood,480,paladin,retribution,6,5,1
Римидал,howling-fjord,480,paladin,retribution,6,5,1
Tryggt,the-shatar,480,paladin,retribution,6,5,1
Escanør,anetheron,480,paladin,retribution,6,5,1
Yezitzme,blackrock,480,paladin,retribution,6,5,1
Zïons,hyjal,480,paladin,retribution,6,5,1
Тенькопыт,howling-fjord,480,paladin,retribution,6,5,1
Paradok,thrall,480,paladin,retribution,6,5,1
Splendida,festung-der-stürme,480,paladin,retribution,6,5,1
Voycetwo,frostwolf,480,paladin,retribution,6,5,1
Neldöwn,dalaran,480,paladin,retribution,6,5,1
Rimva,alleria,480,paladin,retribution,6,5,1
Feaná,silvermoon,480,paladin,retribution,6,5,1
Évert,twisting-nether,480,paladin,retribution,6,5,1
Henklord,jaedenar,480,paladin,retribution,6,5,1
Eosan,argent-dawn,480,paladin,retribution,6,5,1
Demecir,twisting-nether,480,paladin,retribution,6,5,1
Daj,draenor,480,paladin,retribution,6,5,1
Вессори,blackscar,480,paladin,retribution,6,5,1
Violetex,blackmoore,480,paladin,retribution,6,5,1
Vardin,sanguino,480,paladin,retribution,6,5,1
Röland,sanguino,480,paladin,retribution,6,5,1
Melvòó,blackrock,480,paladin,retribution,9,6,3
Pigma,outland,480,paladin,retribution,13,7,6
Darnito,blackmoore,480,paladin,retribution,12,5,7
Blazkowicz,twisting-nether,480,paladin,retribution,12,5,7
Ksama,ysondre,480,paladin,retribution,12,5,7
Mozaiczny,burning-legion,480,paladin,retribution,12,5,7
Ablaa,blackhand,480,paladin,retribution,12,5,7
Pianiste,sinstralis,480,paladin,retribution,12,5,7
Хитвэйв,soulflayer,480,paladin,retribution,12,5,7
Angelynor,ysondre,480,paladin,retribution,12,5,7
Маразоточка,howling-fjord,480,paladin,retribution,12,5,7
Cêa,blackrock,480,paladin,retribution,12,5,7
Takálus,eredar,480,paladin,retribution,12,5,7
Valonforth,magtheridon,480,paladin,retribution,12,5,7
Рукибудды,soulflayer,480,paladin,retribution,12,5,7
Hännó,malganis,480,paladin,retribution,12,5,7
Ethurospal,tarren-mill,480,paladin,retribution,12,5,7
Андерлайт,azuregos,480,paladin,retribution,12,5,7
Destroyer,archimonde,480,paladin,retribution,12,5,7
Zethhx,stormscale,480,paladin,retribution,12,5,7
Serethor,blackrock,480,paladin,retribution,12,5,7
Ноулайфир,eversong,480,paladin,retribution,12,5,7
Lyan,archimonde,480,paladin,retribution,12,5,7
Ênma,archimonde,480,paladin,retribution,12,5,7
Ranitwo,tarren-mill,480,paladin,retribution,12,5,7
ßßæßßæßß,stormscale,480,paladin,retribution,12,5,7
Альбусор,galakrond,480,paladin,retribution,12,5,7
Bopstar,tarren-mill,480,paladin,retribution,12,5,7
Froxies,drakthul,480,paladin,retribution,12,5,7
Onishu,blackhand,480,paladin,retribution,12,5,7
Гниленький,razuvious,480,paladin,retribution,12,5,7
Sunrazor,kazzak,480,paladin,retribution,12,5,7
Himèji,pozzo-delleternità,480,paladin,retribution,12,5,7
Pallajalla,the-maelstrom,480,paladin,retribution,12,5,7
Shanderhilo,pozzo-delleternità,480,paladin,retribution,12,5,7
Zaopink,blackhand,480,paladin,retribution,12,5,7
Héphäistos,silvermoon,480,paladin,retribution,12,5,7
Faldrinx,hyjal,480,paladin,retribution,12,5,7
Dobbygotsock,kazzak,480,paladin,retribution,12,5,7
Nalaea,arathor,480,paladin,retribution,12,5,7
Ретроградий,howling-fjord,480,paladin,retribution,12,5,7
Mecah,hyjal,480,paladin,retribution,12,5,7
Cameron,taerar,480,paladin,retribution,12,5,7
Fotoniy,kazzak,480,paladin,retribution,12,5,7
Sytrexxer,frostwolf,480,paladin,retribution,12,5,7
Swapxyr,aegwynn,480,paladin,retribution,12,5,7
Freedomwinds,kazzak,480,paladin,retribution,12,5,7
Llighthand,ravencrest,480,paladin,retribution,12,5,7
Milenia,nemesis,480,paladin,retribution,12,5,7
Bobilous,twisting-nether,480,paladin,retribution,12,5,7
Hifyve,kazzak,480,paladin,retribution,12,5,7
Krisbull,kazzak,480,paladin,retribution,12,5,7
Боремир,borean-tundra,480,paladin,retribution,12,5,7
Palacetámol,gorgonnash,480,paladin,retribution,12,5,7
Chillmachine,stormscale,480,paladin,retribution,12,5,7
Morggann,drakthul,480,paladin,retribution,12,5,7
Liardin,draenor,480,paladin,retribution,12,5,7
Necadin,ravencrest,480,paladin,retribution,12,5,7
Nicklovsofia,silvermoon,480,paladin,retribution,12,5,7
Palá,dun-modr,480,paladin,retribution,12,5,7
Vaalé,aegwynn,480,paladin,retribution,12,5,7
Hipo,zuljin,480,paladin,retribution,12,5,7
Нойззмс,gordunni,480,paladin,retribution,12,5,7
Fannypoo,sylvanas,480,paladin,retribution,12,5,7
Pompée,dalaran,480,paladin,retribution,12,5,7
Bascelik,outland,480,paladin,retribution,12,5,7
Salelol,ravencrest,480,paladin,retribution,12,5,7
Ëhra,hyjal,480,paladin,retribution,12,5,7
Stinkytoes,draenor,480,paladin,retribution,12,5,7
Холивеник,gordunni,480,paladin,retribution,12,5,7
Måxrajoy,dun-modr,480,paladin,retribution,12,5,7
Апония,gordunni,480,paladin,retribution,12,5,7
Hojacat,ravencrest,480,paladin,retribution,12,5,7
Kylaz,die-ewige-wacht,480,paladin,retribution,12,5,7
Célésté,ravencrest,480,paladin,retribution,12,5,7
Ðesolace,twisting-nether,480,paladin,retribution,12,5,7
Tidus,conseil-des-ombres,480,paladin,retribution,12,5,7
Пашштет,gordunni,480,paladin,retribution,12,5,7
Arakir,ragnaros,480,paladin,retribution,12,5,7
Сладупся,gordunni,480,paladin,retribution,12,5,7
Yuvile,destromath,480,paladin,retribution,12,5,7
Arator,terenas,480,paladin,retribution,12,5,7
Roflemente,bladefist,480,paladin,retribution,12,5,7
Jkøø,sanguino,480,paladin,retribution,12,5,7
Pappnas,blackmoore,480,paladin,retribution,12,5,7
Тевеон,gordunni,480,paladin,retribution,12,5,7
Quelly,das-syndikat,480,paladin,retribution,12,5,7
Роллерблэйд,gordunni,480,paladin,retribution,12,5,7
Джедай,blackscar,480,paladin,retribution,12,5,7
Hazura,blackmoore,480,paladin,retribution,12,5,7
Lôrelei,blackrock,480,paladin,retribution,12,5,7
Bobjohnny,bloodfeather,480,paladin,retribution,12,5,7
Oldsurehand,blackmoore,480,paladin,retribution,12,5,7
Heavensfang,outland,480,paladin,retribution,12,5,7
Equityy,burning-legion,480,paladin,retribution,12,5,7
Skølir,rashgarroth,480,paladin,retribution,12,5,7
Dêstî,silvermoon,480,paladin,retribution,12,5,7
Docoùla,twisting-nether,480,paladin,retribution,12,5,7
Emloses,outland,480,paladin,retribution,12,5,7
Meriween,ravencrest,480,paladin,retribution,12,5,7
Drident,die-nachtwache,480,paladin,retribution,12,5,7
Instaraid,blackmoore,480,paladin,retribution,12,5,7
Mikalia,aegwynn,480,paladin,retribution,12,5,7
Víii,outland,480,paladin,retribution,15,6,9
Aresian,burning-legion,480,paladin,retribution,13,5,8
Kreozz,destromath,480,paladin,retribution,15,5,10
Anesthesiax,ravencrest,480,paladin,retribution,21,6,15
Powericius,drakthul,480,paladin,retribution,18,5,13
Ketherian,blutkessel,480,paladin,retribution,18,5,13
Nëphilim,arakarahm,480,paladin,retribution,18,5,13
Cøctab,kirin-tor,480,paladin,retribution,18,5,13
Retisfine,silvermoon,480,paladin,retribution,18,5,13
Ywrow,burning-blade,480,paladin,retribution,18,5,13
Juicycheeks,frostwolf,480,paladin,retribution,18,5,13
Cheesus,argent-dawn,480,paladin,retribution,18,5,13
Xiuya,dun-modr,480,paladin,retribution,18,5,13
Копранесса,soulflayer,480,paladin,retribution,18,5,13
Øsgar,dun-modr,480,paladin,retribution,18,5,13
Bumboombeem,stormscale,480,paladin,retribution,18,5,13
Ashbi,dun-modr,480,paladin,retribution,18,5,13
Cøygonne,archimonde,480,paladin,retribution,18,5,13
Boyard,silvermoon,480,paladin,retribution,18,5,13
Ramhal,stormscale,480,paladin,retribution,18,5,13
Strätholme,drakthul,480,paladin,retribution,18,5,13
Destroyér,blackmoore,480,paladin,retribution,18,5,13
Алекхей,gordunni,480,paladin,retribution,24,5,19
Exobyte,stormscale,480,paladin,retribution,24,5,19
Korgant,burning-legion,480,paladin,retribution,30,5,25
Grynd,blackmoore,479,paladin,retribution,6,5,1
Phlek,drakthul,479,paladin,retribution,6,5,1
Edwards,sanguino,479,paladin,retribution,12,5,7
Benø,malganis,479,paladin,retribution,12,5,7
Missti,azjolnerub,479,paladin,retribution,12,5,7
Brammers,doomhammer,479,paladin,retribution,12,5,7
Notholy,defias-brotherhood,479,paladin,retribution,12,5,7
Taffz,burning-legion,479,paladin,retribution,12,5,7
Subzerox,ravenholdt,479,paladin,retribution,12,5,7
Lightsblood,outland,479,paladin,retribution,12,5,7
Майнстер,gordunni,479,paladin,retribution,12,5,7
Копаю,gordunni,479,paladin,retribution,12,5,7
Rettarded,draenor,479,paladin,retribution,12,5,7
Deyvan,dalaran,479,paladin,retribution,12,5,7
Bakasnoop,hyjal,479,paladin,retribution,12,5,7
Melnes,draenor,479,paladin,retribution,12,5,7
Angelwings,nefarian,479,paladin,retribution,12,5,7
Сасмен,blackscar,479,paladin,retribution,12,5,7
Solyra,blackhand,479,paladin,retribution,12,5,7
Sorâ,archimonde,479,paladin,retribution,12,5,7
Gaab,aggra-português,479,paladin,retribution,12,5,7
Grannybash,silvermoon,479,paladin,retribution,12,5,7
Dykopala,doomhammer,479,paladin,retribution,12,5,7
Сенторин,borean-tundra,479,paladin,retribution,18,5,13
Drestaen,drakthul,479,paladin,retribution,18,5,13
Aelaris,dunemaul,479,paladin,retribution,18,5,13
Hazeman,colinas-pardas,478,paladin,retribution,6,5,1
Mysticlight,sylvanas,478,paladin,retribution,18,8,10
Kanot,outland,478,paladin,retribution,12,5,7
Azlan,nagrand,478,paladin,retribution,12,5,7
Mirelaw,drakthul,478,paladin,retribution,12,5,7
Glarcouf,eldrethalas,478,paladin,retribution,12,5,7
Shrékhead,hellfire,478,paladin,retribution,12,5,7
Nerdcore,blackrock,478,paladin,retribution,12,5,7
Четкийчервь,soulflayer,478,paladin,retribution,18,5,13
Chofre,thunderhorn,477,paladin,retribution,18,5,13
Zantria,alleria,476,paladin,retribution,12,5,7
Luciiano,malygos,476,paladin,retribution,12,5,7
Sindur,perenolde,474,paladin,retribution,12,5,7
Thiccfreak,tarren-mill,474,paladin,retribution,14,5,9
Yeohinyiu,khaz-modan,472,paladin,retribution,12,5,7
Yeretria,krasus,472,paladin,retribution,12,5,7
Hateze,kazzak,472,paladin,retribution,12,5,7
Demool,the-maelstrom,463,paladin,retribution,11,5,6
Kurøneko,hyjal,463,paladin,retribution,11,5,6
Slayton,twisting-nether,447,paladin,retribution,11,5,6
Fítzgerald,antonidas,447,paladin,retribution,11,5,6
Гкм,howling-fjord,447,paladin,retribution,11,5,6
Davairabotai,kazzak,447,paladin,retribution,20,6,14
Kevlar,frostmane,446,paladin,retribution,12,6,6
Æïs,blackrock,432,paladin,retribution,9,5,4
Åvra,ysondre,432,paladin,retribution,15,5,10
Caleel,nemesis,431,paladin,retribution,9,6,3
Dragonwingz,kazzak,431,paladin,retribution,11,5,6
Sunnyboy,tarren-mill,431,paladin,retribution,11,5,6
Theodun,xavius,430,paladin,retribution,11,5,6
Willmot,stormscale,415,paladin,retribution,8,5,3
Briggybomb,outland,413,paladin,retribution,16,5,11
Neverdiex,blackrock,384,paladin,retribution,6,4,2
Howard,dalaran,384,paladin,retribution,6,4,2
Кукусяшка,gordunni,384,paladin,retribution,6,4,2
Madarä,arathi,384,paladin,retribution,6,4,2
Лиадринель,howling-fjord,384,paladin,retribution,6,4,2
Бабичпал,soulflayer,384,paladin,retribution,6,4,2
Superhick,veknilash,384,paladin,retribution,6,4,2
Shevøçk,ravencrest,384,paladin,retribution,6,4,2
Unhittable,draenor,384,paladin,retribution,6,4,2
Zhàø,ysondre,384,paladin,retribution,6,4,2
Raratina,draenor,384,paladin,retribution,6,4,2
Angeal,ysondre,384,paladin,retribution,6,4,2
Udrik,proudmoore,384,paladin,retribution,6,4,2
Lévrone,alexstrasza,384,paladin,retribution,6,4,2
Röcc,draenor,384,paladin,retribution,6,4,2
Retqt,eredar,384,paladin,retribution,6,4,2
Cake,alakir,384,paladin,retribution,6,4,2
Aderos,sylvanas,384,paladin,retribution,6,4,2
Mcnnuggets,ravencrest,384,paladin,retribution,6,4,2
Sheldon,sylvanas,384,paladin,retribution,6,4,2
Соргосош,gordunni,384,paladin,retribution,6,4,2
Skrýmir,marécage-de-zangar,384,paladin,retribution,6,4,2
Rölfchen,frostwolf,384,paladin,retribution,6,4,2
Käyle,alakir,384,paladin,retribution,6,4,2
Morsadin,burning-legion,384,paladin,retribution,6,4,2
Sabriaña,silvermoon,384,paladin,retribution,6,4,2
Sneptica,draenor,384,paladin,retribution,6,4,2
Morgoth,daggerspine,384,paladin,retribution,6,4,2
Orzix,sylvanas,384,paladin,retribution,6,4,2
Léona,hyjal,384,paladin,retribution,6,4,2
Судья,greymane,384,paladin,retribution,6,4,2
Zouppis,ravencrest,384,paladin,retribution,6,4,2
Baldrheim,culte-de-la-rive-noire,384,paladin,retribution,6,4,2
Farata,ravencrest,384,paladin,retribution,6,4,2
Blakkjack,xavius,384,paladin,retribution,6,4,2
Tigurius,zuljin,384,paladin,retribution,6,4,2
Miskok,twisting-nether,384,paladin,retribution,6,4,2
Arcillus,stormscale,384,paladin,retribution,6,4,2
Cattelsaan,hyjal,384,paladin,retribution,6,4,2
Kralenko,archimonde,384,paladin,retribution,6,4,2
Boaz,norgannon,384,paladin,retribution,6,4,2
Nezgrôs,hyjal,384,paladin,retribution,6,4,2
Адирон,booty-bay,384,paladin,retribution,6,4,2
Zùlka,krasus,384,paladin,retribution,6,4,2
Boëndil,ravencrest,384,paladin,retribution,6,4,2
Jøløz,hyjal,384,paladin,retribution,6,4,2
Tdchopa,ravencrest,384,paladin,retribution,6,4,2
Néero,defias-brotherhood,384,paladin,retribution,6,4,2
Dragongîrl,lothar,384,paladin,retribution,6,4,2
Clementine,spinebreaker,384,paladin,retribution,6,4,2
Kaähz,archimonde,384,paladin,retribution,6,4,2
Groelin,frostmane,384,paladin,retribution,6,4,2
Holyzero,ravencrest,384,paladin,retribution,6,4,2
Aprânax,twisting-nether,384,paladin,retribution,6,4,2
Peacekeep,stormscale,384,paladin,retribution,6,4,2
Missmyhoj,archimonde,384,paladin,retribution,6,4,2
Elenia,baelgun,384,paladin,retribution,6,4,2
Lothacia,blackmoore,384,paladin,retribution,6,4,2
Позабытый,deathweaver,384,paladin,retribution,6,4,2
Deworld,tarren-mill,384,paladin,retribution,6,4,2
Keem,aszune,384,paladin,retribution,6,4,2
Кэшбэкер,fordragon,384,paladin,retribution,6,4,2
Petsadin,ravencrest,384,paladin,retribution,6,4,2
Mariahuana,sanguino,384,paladin,retribution,6,4,2
Malodos,archimonde,384,paladin,retribution,6,4,2
Veldora,zuljin,384,paladin,retribution,6,4,2
Zeportpala,archimonde,384,paladin,retribution,6,4,2
Jaime,magtheridon,384,paladin,retribution,6,4,2
Скидульф,blackscar,384,paladin,retribution,6,4,2
Idin,nemesis,384,paladin,retribution,6,4,2
Davè,blackmoore,384,paladin,retribution,6,4,2
Raek,stormscale,384,paladin,retribution,6,4,2
Ultimatix,stormscale,384,paladin,retribution,6,4,2
Kewell,dun-modr,384,paladin,retribution,6,4,2
Timoxas,kazzak,384,paladin,retribution,6,4,2
Dornu,tarren-mill,384,paladin,retribution,6,4,2
Hanknpank,quelthalas,384,paladin,retribution,6,4,2
Seothor,argent-dawn,384,paladin,retribution,6,4,2
Sunstrider,quelthalas,384,paladin,retribution,6,4,2
Aresdin,blackmoore,384,paladin,retribution,6,4,2
Exley,blackmoore,384,paladin,retribution,6,4,2
Phiana,blackmoore,384,paladin,retribution,6,4,2
Wiither,argent-dawn,384,paladin,retribution,6,4,2
Volkai,zuljin,384,paladin,retribution,6,4,2
Kazui,lordaeron,384,paladin,retribution,6,4,2
Eazybubble,blackhand,384,paladin,retribution,6,4,2
Хашон,gordunni,384,paladin,retribution,6,4,2
Hiloqtpala,blackmoore,384,paladin,retribution,6,4,2
Zeggayoda,nemesis,384,paladin,retribution,6,4,2
Zenfret,kazzak,384,paladin,retribution,6,4,2
Uhtrèd,turalyon,384,paladin,retribution,6,4,2
Colpadeltank,kazzak,384,paladin,retribution,6,4,2
Òlymp,blackhand,384,paladin,retribution,6,4,2
Imtheßoss,pozzo-delleternità,384,paladin,retribution,6,4,2
Pâlâpâm,blackmoore,384,paladin,retribution,6,4,2
Драгмитухел,gordunni,384,paladin,retribution,6,4,2
Daddyolimpp,kazzak,384,paladin,retribution,6,4,2
Naizem,dun-modr,384,paladin,retribution,6,4,2
Marmotaxx,dun-modr,384,paladin,retribution,6,4,2
Haudrupp,blackmoore,384,paladin,retribution,6,4,2
Minpala,kazzak,384,paladin,retribution,6,4,2
Ippî,blackmoore,384,paladin,retribution,6,4,2
Crussaden,stormscale,384,paladin,retribution,7,4,3
Ласковыйкуфа,howling-fjord,384,paladin,retribution,9,5,4
Mooriel,burning-legion,384,paladin,retribution,9,5,4
Ashengelm,silvermoon,384,paladin,retribution,9,5,4
Andrõs,argent-dawn,384,paladin,retribution,9,5,4
Shoogle,alonsus,384,paladin,retribution,9,4,5
Хилвкд,blackscar,384,paladin,retribution,11,4,7
Athênâ,azjolnerub,384,paladin,retribution,15,5,10
Розовыйбабл,gordunni,384,paladin,retribution,12,4,8
Эсмория,gordunni,384,paladin,retribution,12,4,8
Sgiach,draenor,384,paladin,retribution,12,4,8
Турбобит,gordunni,384,paladin,retribution,12,4,8
Heidfield,draenor,384,paladin,retribution,12,4,8
Zarifence,ragnaros,384,paladin,retribution,12,4,8
Stjusmussel,ragnaros,384,paladin,retribution,12,4,8
Arkkipiispa,outland,384,paladin,retribution,12,4,8
Kielonpala,kazzak,384,paladin,retribution,12,4,8
Etzann,draenor,384,paladin,retribution,12,4,8
Chïefen,twisting-nether,384,paladin,retribution,12,4,8
Cáranthír,draenor,384,paladin,retribution,12,4,8
Поддыхдам,gordunni,384,paladin,retribution,12,4,8
Myû,die-aldor,384,paladin,retribution,12,4,8
Vorber,darksorrow,384,paladin,retribution,12,4,8
Beefcake,bladefist,384,paladin,retribution,12,4,8
Cartell,dun-morogh,384,paladin,retribution,12,4,8
Yaloh,sylvanas,384,paladin,retribution,12,4,8
Âgreë,frostwhisper,384,paladin,retribution,12,4,8
Ragonas,mannoroth,384,paladin,retribution,12,4,8
Beefdaddykuu,ravencrest,384,paladin,retribution,12,4,8
Krullfar,ravencrest,384,paladin,retribution,12,4,8
Crowdev,zuljin,384,paladin,retribution,12,4,8
Ekber,ravencrest,384,paladin,retribution,12,4,8
Зираэлис,gordunni,384,paladin,retribution,12,4,8
Artoriaz,ravencrest,384,paladin,retribution,12,4,8
Киилаа,gordunni,384,paladin,retribution,12,4,8
Serim,dun-modr,384,paladin,retribution,12,4,8
Trainors,chamber-of-aspects,384,paladin,retribution,12,4,8
Millianoxys,norgannon,384,paladin,retribution,12,4,8
Bugohoss,nathrezim,384,paladin,retribution,12,4,8
Эйтэр,howling-fjord,384,paladin,retribution,12,4,8
Badtrip,bloodscalp,384,paladin,retribution,12,4,8
Kÿsse,hyjal,384,paladin,retribution,12,4,8
Sorkara,argent-dawn,384,paladin,retribution,12,4,8
Bundagains,silvermoon,384,paladin,retribution,12,4,8
Ardalìon,archimonde,384,paladin,retribution,12,4,8
Avengence,dragonblight,384,paladin,retribution,12,4,8
Denathar,draenor,384,paladin,retribution,12,4,8
Ippex,silvermoon,384,paladin,retribution,12,4,8
Катсес,eversong,384,paladin,retribution,12,4,8
Бойкийкот,eversong,384,paladin,retribution,12,4,8
Gatsßy,archimonde,384,paladin,retribution,12,4,8
Lopal,silvermoon,384,paladin,retribution,12,4,8
Eîon,argent-dawn,384,paladin,retribution,12,4,8
Pecar,stormscale,384,paladin,retribution,12,4,8
Somaxpala,burning-legion,384,paladin,retribution,12,4,8
Typhadin,sylvanas,384,paladin,retribution,12,4,8
Hasart,tarren-mill,384,paladin,retribution,12,4,8
Ngel,marécage-de-zangar,384,paladin,retribution,12,4,8
Waks,dalaran,384,paladin,retribution,12,4,8
Ríék,lightbringer,384,paladin,retribution,12,4,8
Decain,twisting-nether,384,paladin,retribution,12,4,8
Cyban,twisting-nether,384,paladin,retribution,12,4,8
Quarrel,kul-tiras,384,paladin,retribution,12,4,8
Palandiade,draenor,384,paladin,retribution,12,4,8
Thaldrael,colinas-pardas,384,paladin,retribution,12,4,8
Pålegg,emerald-dream,384,paladin,retribution,12,4,8
Stoneð,antonidas,384,paladin,retribution,12,4,8
Dêadgame,aegwynn,384,paladin,retribution,12,4,8
Madeofsteel,silvermoon,384,paladin,retribution,12,4,8
Inkuboss,nemesis,384,paladin,retribution,12,4,8
Grymbol,boulderfist,384,paladin,retribution,12,4,8
Бладриус,howling-fjord,384,paladin,retribution,12,4,8
Palapaye,archimonde,384,paladin,retribution,12,4,8
Ревирант,howling-fjord,384,paladin,retribution,12,4,8
Galerian,twilights-hammer,384,paladin,retribution,12,4,8
Alawdi,ysondre,384,paladin,retribution,12,4,8
Øazimutø,archimonde,384,paladin,retribution,12,4,8
Drhammerdin,antonidas,384,paladin,retribution,12,4,8
Adevald,silvermoon,384,paladin,retribution,12,4,8
Kyrín,onyxia,384,paladin,retribution,12,4,8
Arkk,blackrock,384,paladin,retribution,12,4,8
Astamye,ysondre,384,paladin,retribution,12,4,8
Highcrown,argent-dawn,384,paladin,retribution,12,4,8
Cyborg,ysondre,384,paladin,retribution,12,4,8
Valzyffs,twisting-nether,384,paladin,retribution,12,4,8
Xerya,dun-modr,384,paladin,retribution,12,4,8
Vhestas,dun-modr,384,paladin,retribution,12,4,8
Lucretius,kilrogg,384,paladin,retribution,12,4,8
Plésmo,blackmoore,384,paladin,retribution,12,4,8
Liléa,hyjal,384,paladin,retribution,12,4,8
Cheerrios,arathor,384,paladin,retribution,12,4,8
Æfhm,blackrock,384,paladin,retribution,12,4,8
Lightstorm,voljin,384,paladin,retribution,12,4,8
Popelarr,burning-blade,384,paladin,retribution,12,4,8
Yakuron,blackhand,384,paladin,retribution,12,4,8
Aleya,arathor,384,paladin,retribution,12,4,8
Perxx,stormscale,384,paladin,retribution,12,4,8
Karsini,arathor,384,paladin,retribution,12,4,8
Thiccdeeps,aegwynn,384,paladin,retribution,12,4,8
Dennyboy,sylvanas,384,paladin,retribution,12,4,8
Retfull,sylvanas,384,paladin,retribution,12,4,8
Yasfy,stormscale,384,paladin,retribution,12,4,8
Shuukz,blackmoore,384,paladin,retribution,12,4,8
Yeetholy,ragnaros,384,paladin,retribution,12,4,8
Minfa,argent-dawn,384,paladin,retribution,12,4,8
Phazio,twisting-nether,384,paladin,retribution,12,4,8
Douglazz,tarren-mill,384,paladin,retribution,13,4,9
Рапсодихх,gordunni,384,paladin,retribution,14,4,10
Artonus,sylvanas,384,paladin,retribution,14,4,10
Реализатор,howling-fjord,384,paladin,retribution,17,4,13
Gllorya,ragnaros,384,paladin,retribution,17,4,13
Neyd,hyjal,384,paladin,retribution,18,4,14
Galaerøn,elune,384,paladin,retribution,18,4,14
Астарин,gordunni,384,paladin,retribution,18,4,14
Halldòr,ravencrest,384,paladin,retribution,18,4,14
Masuroc,antonidas,384,paladin,retribution,18,4,14
Orbia,draenor,384,paladin,retribution,18,4,14
Forthy,drakthul,384,paladin,retribution,18,4,14
Cadearas,antonidas,384,paladin,retribution,18,4,14
Caribbean,outland,384,paladin,retribution,18,4,14
Wftw,draenor,384,paladin,retribution,18,4,14
Styxpl,blackhand,384,paladin,retribution,18,4,14
Ashmaker,khaz-modan,384,paladin,retribution,18,4,14
Pepegasensei,ravencrest,384,paladin,retribution,18,4,14
Цитри,borean-tundra,383,paladin,retribution,6,4,2
Tobebryant,eonar,383,paladin,retribution,6,4,2
Krögerelf,garrosh,383,paladin,retribution,6,4,2
Рукаф,soulflayer,383,paladin,retribution,6,4,2
Stêx,anubarak,383,paladin,retribution,6,4,2
Lancelhot,archimonde,383,paladin,retribution,6,4,2
Supersnubben,grim-batol,383,paladin,retribution,6,4,2
Buddy,conseil-des-ombres,383,paladin,retribution,9,5,4
Syrenia,die-silberne-hand,383,paladin,retribution,12,4,8
Omixlis,ragnaros,383,paladin,retribution,12,4,8
Käylä,silvermoon,383,paladin,retribution,12,4,8
Chunpala,silvermoon,383,paladin,retribution,12,4,8
Donfilippo,burning-legion,383,paladin,retribution,12,4,8
Paladoon,ravencrest,383,paladin,retribution,12,4,8
Hilkisen,ragnaros,383,paladin,retribution,12,4,8
Ashreaver,burning-legion,383,paladin,retribution,12,4,8
Giuliagirod,kazzak,383,paladin,retribution,12,4,8
Ратомир,howling-fjord,383,paladin,retribution,14,4,10
Anamary,ravencrest,383,paladin,retribution,15,4,11
Ságé,thrall,383,paladin,retribution,16,4,12
Lavacalistar,turalyon,383,paladin,retribution,21,5,16
Shurikèn,khaz-modan,382,paladin,retribution,6,4,2
Kaezerg,khaz-modan,382,paladin,retribution,12,4,8
Mhorcain,silvermoon,382,paladin,retribution,12,4,8
Kulgan,aerie-peak,380,paladin,retribution,12,4,8
Palastratos,turalyon,379,paladin,retribution,12,4,8
Bellight,sinstralis,376,paladin,retribution,19,4,15
Errn,ragnaros,367,paladin,retribution,11,4,7
Emakk,darksorrow,351,paladin,retribution,8,5,3
Spóntaneous,ravencrest,351,paladin,retribution,8,5,3
Kantfyrste,ravencrest,351,paladin,retribution,11,4,7
Taigetos,draenor,351,paladin,retribution,11,4,7
Олегсудья,howling-fjord,351,paladin,retribution,11,4,7
Joeintkaa,ragnaros,351,paladin,retribution,11,4,7
Madzy,archimonde,351,paladin,retribution,11,4,7
Rîex,alleria,351,paladin,retribution,20,5,15
Freemain,doomhammer,336,paladin,retribution,9,4,5
Strcker,sylvanas,336,paladin,retribution,9,4,5
Ragnarauc,elune,336,paladin,retribution,9,4,5
Doban,shattered-hand,335,paladin,retribution,9,4,5
Нимбоо,soulflayer,335,paladin,retribution,11,4,7
Sunsera,blackrock,330,paladin,retribution,8,5,3
Alanore,tarren-mill,330,paladin,retribution,13,6,7
Каплясвета,gordunni,330,paladin,retribution,15,5,10
Enary,zuljin,330,paladin,retribution,15,5,10
Rafistor,khaz-modan,330,paladin,retribution,24,7,17
Matharr,kazzak,330,paladin,retribution,19,5,14
Stonebeard,ahnqiraj,329,paladin,retribution,25,5,20
Bafbaf,arathi,329,paladin,retribution,30,5,25
Glâdiatør,blackrock,320,paladin,retribution,10,4,6
Kyazar,sylvanas,319,paladin,retribution,5,4,1
Vermilia,blackmoore,319,paladin,retribution,8,4,4
Strìke,ragnaros,319,paladin,retribution,8,4,4
Kýríl,antonidas,319,paladin,retribution,14,4,10
Артуроэльф,eversong,318,paladin,retribution,11,4,7
Ønyxqt,archimonde,304,paladin,retribution,7,4,3
Akcope,thunderhorn,288,paladin,retribution,6,3,3
Paidi,die-todeskrallen,288,paladin,retribution,6,3,3
Aoldur,ragnaros,288,paladin,retribution,6,3,3
Synexy,kazzak,288,paladin,retribution,6,3,3
Yaldly,dun-modr,288,paladin,retribution,6,3,3
Uoloop,kazzak,288,paladin,retribution,6,3,3
Illmindofyou,twisting-nether,288,paladin,retribution,6,3,3
Skycraft,kazzak,288,paladin,retribution,6,3,3
Londrette,kazzak,288,paladin,retribution,6,3,3
Brinkz,argent-dawn,288,paladin,retribution,6,3,3
Zetnic,kazzak,288,paladin,retribution,6,3,3
Timesover,doomhammer,288,paladin,retribution,6,3,3
Lolsurprise,twisting-nether,288,paladin,retribution,6,3,3
Bootysmasher,silvermoon,288,paladin,retribution,6,3,3
Hium,zuljin,288,paladin,retribution,6,3,3
Gipas,quelthalas,288,paladin,retribution,6,3,3
Khrogan,bronzebeard,288,paladin,retribution,6,3,3
Sekoran,sunstrider,288,paladin,retribution,6,3,3
Nøradin,argent-dawn,288,paladin,retribution,6,3,3
Ïrönhämmër,argent-dawn,288,paladin,retribution,6,3,3
Veo,sylvanas,288,paladin,retribution,6,3,3
Lyrïcs,ysondre,288,paladin,retribution,6,3,3
Môôses,kazzak,288,paladin,retribution,6,3,3
Snowydin,tarren-mill,288,paladin,retribution,6,3,3
Valeantz,draenor,288,paladin,retribution,6,3,3
Strangerx,blackrock,288,paladin,retribution,6,3,3
Divinemove,stormscale,288,paladin,retribution,6,3,3
Azryn,kazzak,288,paladin,retribution,6,3,3
Enanon,zuljin,288,paladin,retribution,6,3,3
Blookedaro,sanguino,288,paladin,retribution,6,3,3
Vultrix,tarren-mill,288,paladin,retribution,6,3,3
Synthesis,uldum,288,paladin,retribution,6,3,3
Sarunan,ravencrest,288,paladin,retribution,6,3,3
Freakks,twisting-nether,288,paladin,retribution,6,3,3
Paladiaz,blackhand,288,paladin,retribution,6,3,3
Isgarot,pozzo-delleternità,288,paladin,retribution,6,3,3
Dominoeffect,sylvanas,288,paladin,retribution,6,3,3
Æternal,arathor,288,paladin,retribution,6,3,3
Dédoniste,archimonde,288,paladin,retribution,6,3,3
Lightfôrce,blackmoore,288,paladin,retribution,6,3,3
Fogell,ravencrest,288,paladin,retribution,6,3,3
Emet,twisting-nether,288,paladin,retribution,6,3,3
Gambá,stormscale,288,paladin,retribution,6,3,3
Reptoglad,archimonde,288,paladin,retribution,6,3,3
Muieiulica,twisting-nether,288,paladin,retribution,6,3,3
Мортлайт,soulflayer,288,paladin,retribution,6,3,3
Watchmestomp,draenor,288,paladin,retribution,6,3,3
Svipdag,quelthalas,288,paladin,retribution,6,3,3
Razztafari,tarren-mill,288,paladin,retribution,6,3,3
Raketenreiko,blackrock,288,paladin,retribution,6,3,3
Moolurk,stormscale,288,paladin,retribution,6,3,3
Xalthan,defias-brotherhood,288,paladin,retribution,6,3,3
Thunderwoman,ragnaros,288,paladin,retribution,6,3,3
Leouric,argent-dawn,288,paladin,retribution,6,3,3
Palapouffe,khaz-modan,288,paladin,retribution,6,3,3
Lotheirid,antonidas,288,paladin,retribution,6,3,3
Aklime,blackmoore,288,paladin,retribution,6,3,3
Golgel,turalyon,288,paladin,retribution,6,3,3
Minirempart,khaz-modan,288,paladin,retribution,6,3,3
Hyroshima,archimonde,288,paladin,retribution,6,3,3
Kelsumi,draenor,288,paladin,retribution,6,3,3
Thalyia,neptulon,288,paladin,retribution,6,3,3
Glorfindel,tarren-mill,288,paladin,retribution,6,3,3
Labadin,darkspear,288,paladin,retribution,6,3,3
Artemes,malorne,288,paladin,retribution,6,3,3
Sparckqt,nemesis,288,paladin,retribution,6,3,3
Лайсен,gordunni,288,paladin,retribution,6,3,3
Sixtynien,outland,288,paladin,retribution,6,3,3
Holythore,shadowsong,288,paladin,retribution,6,3,3
Steínsgate,ravencrest,288,paladin,retribution,6,3,3
Ráikou,sylvanas,288,paladin,retribution,6,3,3
Taukkï,kazzak,288,paladin,retribution,6,3,3
Redex,tarren-mill,288,paladin,retribution,6,3,3
Garthoronir,antonidas,288,paladin,retribution,6,3,3
Ozen,blackrock,288,paladin,retribution,6,3,3
Кузнейц,borean-tundra,288,paladin,retribution,6,3,3
Bämschi,blackrock,288,paladin,retribution,6,3,3
Împala,twisting-nether,288,paladin,retribution,6,3,3
Ðåøóýöøðí,ravencrest,288,paladin,retribution,6,3,3
Eyebluee,tarren-mill,288,paladin,retribution,6,3,3
Analnydarek,silvermoon,288,paladin,retribution,6,3,3
Stárchy,terenas,288,paladin,retribution,6,3,3
Partysyster,defias-brotherhood,288,paladin,retribution,6,3,3
Negash,archimonde,288,paladin,retribution,6,3,3
Krístjan,silvermoon,288,paladin,retribution,6,3,3
Andriâ,blackhand,288,paladin,retribution,6,3,3
Grial,eredar,288,paladin,retribution,6,3,3
Novà,ravencrest,288,paladin,retribution,6,3,3
Shealby,thrall,288,paladin,retribution,6,3,3
Kjellus,tarren-mill,288,paladin,retribution,6,3,3
Zondãn,blackrock,288,paladin,retribution,6,3,3
Goofyret,ravencrest,288,paladin,retribution,6,3,3
Skinriper,stormscale,288,paladin,retribution,6,3,3
Jicekaa,archimonde,288,paladin,retribution,6,3,3
Illythia,anachronos,288,paladin,retribution,6,3,3
Cilodin,blackrock,288,paladin,retribution,6,3,3
Hione,burning-legion,288,paladin,retribution,6,3,3
Bashx,outland,288,paladin,retribution,6,3,3
Exero,frostmane,288,paladin,retribution,6,3,3
Mayhem,area-52,288,paladin,retribution,6,3,3
Elyeasia,silvermoon,288,paladin,retribution,6,3,3
Animegifx,ragnaros,288,paladin,retribution,6,3,3
Shaká,ravencrest,288,paladin,retribution,6,3,3
Kishijoten,archimonde,288,paladin,retribution,6,3,3
Киэрсис,howling-fjord,288,paladin,retribution,6,3,3
Zeltose,uldaman,288,paladin,retribution,6,3,3
Vaciusta,silvermoon,288,paladin,retribution,6,3,3
Divinenoob,ravencrest,288,paladin,retribution,6,3,3
Dathrohan,sanguino,288,paladin,retribution,6,3,3
Holyshêêt,draenor,288,paladin,retribution,6,3,3
Phystos,culte-de-la-rive-noire,288,paladin,retribution,6,3,3
Fumbz,alakir,288,paladin,retribution,6,3,3
Иретис,gordunni,288,paladin,retribution,6,3,3
Xirac,antonidas,288,paladin,retribution,6,3,3
Hondur,blackmoore,288,paladin,retribution,6,3,3
Bahamamama,ambossar,288,paladin,retribution,6,3,3
Рамстафарай,gordunni,288,paladin,retribution,6,3,3
Amq,blackhand,288,paladin,retribution,6,3,3
Зольвинталь,deathguard,288,paladin,retribution,6,3,3
Azzaelea,tarren-mill,288,paladin,retribution,6,3,3
Noanoshy,eredar,288,paladin,retribution,6,3,3
Wonkans,draenor,288,paladin,retribution,6,3,3
Prâtox,blackmoore,288,paladin,retribution,6,3,3
Ruben,kirin-tor,288,paladin,retribution,6,3,3
Зеппели,gordunni,288,paladin,retribution,6,3,3
Ênmâ,archimonde,288,paladin,retribution,6,3,3
Amatar,ravencrest,288,paladin,retribution,6,3,3
Hotchíck,outland,288,paladin,retribution,6,3,3
Dramaking,the-maelstrom,288,paladin,retribution,6,3,3
Baltyros,thrall,288,paladin,retribution,6,3,3
Môdhân,archimonde,288,paladin,retribution,6,3,3
Retroxy,stormreaver,288,paladin,retribution,6,3,3
Optì,eredar,288,paladin,retribution,6,3,3
Синтел,eversong,288,paladin,retribution,6,3,3
Эрогот,gordunni,288,paladin,retribution,6,3,3
Бигтедо,gordunni,288,paladin,retribution,6,3,3
Nympa,sylvanas,288,paladin,retribution,6,3,3
Tyn,dragonmaw,288,paladin,retribution,6,3,3
Wtyou,blackhand,288,paladin,retribution,6,3,3
Tjú,mannoroth,288,paladin,retribution,6,3,3
Belåkor,silvermoon,288,paladin,retribution,6,3,3
Hatoms,hyjal,288,paladin,retribution,6,3,3
Ramsay,arthas,288,paladin,retribution,6,3,3
Poutoux,archimonde,288,paladin,retribution,6,3,3
Tyranius,bronzebeard,288,paladin,retribution,6,3,3
Sorkohoho,silvermoon,288,paladin,retribution,6,3,3
Dyonisøs,archimonde,288,paladin,retribution,6,3,3
Sakulchan,antonidas,288,paladin,retribution,6,3,3
Khredo,eredar,288,paladin,retribution,6,3,3
Neoz,ravencrest,288,paladin,retribution,6,3,3
Partur,stormreaver,288,paladin,retribution,6,3,3
Lóde,silvermoon,288,paladin,retribution,6,3,3
Cloudlight,argent-dawn,288,paladin,retribution,6,3,3
Septèmber,draenor,288,paladin,retribution,6,3,3
Guko,frostwolf,288,paladin,retribution,6,3,3
Киръпич,grom,288,paladin,retribution,6,3,3
Myrtîllê,archimonde,288,paladin,retribution,6,3,3
Monaatamis,kazzak,288,paladin,retribution,6,3,3
Лантана,howling-fjord,288,paladin,retribution,6,3,3
Astralenigma,hyjal,288,paladin,retribution,6,3,3
Faté,madmortem,288,paladin,retribution,6,3,3
Белоус,howling-fjord,288,paladin,retribution,6,3,3
Bogrács,silvermoon,288,paladin,retribution,6,3,3
Vérdugo,quelthalas,288,paladin,retribution,6,3,3
Sérath,twisting-nether,288,paladin,retribution,6,3,3
Ñusret,aegwynn,288,paladin,retribution,6,3,3
Gîn,aszune,288,paladin,retribution,6,3,3
Véngeance,twilights-hammer,288,paladin,retribution,6,3,3
Xirôs,zirkel-des-cenarius,288,paladin,retribution,6,3,3
Lixîa,hyjal,288,paladin,retribution,6,3,3
Djpalacinka,drakthul,288,paladin,retribution,6,3,3
Fahrèl,hyjal,288,paladin,retribution,6,3,3
Rômtone,dalaran,288,paladin,retribution,6,3,3
Astralz,aegwynn,288,paladin,retribution,6,3,3
Stocks,burning-blade,288,paladin,retribution,6,3,3
Eldivin,hyjal,288,paladin,retribution,6,3,3
Holydeath,aegwynn,288,paladin,retribution,6,3,3
Karnator,eldrethalas,288,paladin,retribution,6,3,3
Vîdelle,eldrethalas,288,paladin,retribution,6,3,3
Drwings,drakthul,288,paladin,retribution,6,3,3
Tonynox,hyjal,288,paladin,retribution,6,3,3
Alexii,azjolnerub,288,paladin,retribution,10,4,6
Dorlen,argent-dawn,288,paladin,retribution,10,4,6
Aenhel,zuljin,288,paladin,retribution,11,4,7
Dragg,kirin-tor,288,paladin,retribution,10,3,7
Ауё,blackscar,288,paladin,retribution,12,3,9
Eriesh,cthun,288,paladin,retribution,12,3,9
Leoniidas,cthun,288,paladin,retribution,12,3,9
Kypamop,argent-dawn,288,paladin,retribution,12,3,9
Inmortality,sanguino,288,paladin,retribution,12,3,9
Dasvidania,uldum,288,paladin,retribution,12,3,9
Lylennâ,argent-dawn,288,paladin,retribution,12,3,9
Rùfus,tarren-mill,288,paladin,retribution,12,3,9
Belldog,tarren-mill,288,paladin,retribution,12,3,9
Korneta,sanguino,288,paladin,retribution,12,3,9
Daddysiliam,ravencrest,288,paladin,retribution,12,3,9
Izelv,dalaran,288,paladin,retribution,12,3,9
Synáx,blackhand,288,paladin,retribution,12,3,9
Blecheîmer,aegwynn,288,paladin,retribution,12,3,9
Popolelo,dun-modr,288,paladin,retribution,12,3,9
Ахелеззик,gordunni,288,paladin,retribution,12,3,9
Amadeo,genjuros,288,paladin,retribution,12,3,9
Dathea,aegwynn,288,paladin,retribution,12,3,9
Аладушок,gordunni,288,paladin,retribution,12,3,9
Найдэкер,gordunni,288,paladin,retribution,12,3,9
Deholyloa,frostwhisper,288,paladin,retribution,12,3,9
Галлионн,gordunni,288,paladin,retribution,12,3,9
Бетте,gordunni,288,paladin,retribution,12,3,9
Aion,chamber-of-aspects,288,paladin,retribution,12,3,9
Nordiusek,drakthul,288,paladin,retribution,12,3,9
Kiytrew,ravencrest,288,paladin,retribution,12,3,9
Flogiston,burning-legion,288,paladin,retribution,12,3,9
Cigoveth,sylvanas,288,paladin,retribution,12,3,9
Trwwsano,stormscale,288,paladin,retribution,12,3,9
Diccari,stormreaver,288,paladin,retribution,12,3,9
Miqee,burning-legion,288,paladin,retribution,12,3,9
Fuyúrí,burning-legion,288,paladin,retribution,12,3,9
Roxter,burning-legion,288,paladin,retribution,12,3,9
Japsee,runetotem,288,paladin,retribution,12,3,9
Ашилолпро,soulflayer,288,paladin,retribution,12,3,9
Razzim,eredar,288,paladin,retribution,12,3,9
Whórainzóne,eredar,288,paladin,retribution,12,3,9
Wolluna,frostwolf,288,paladin,retribution,12,3,9
Кесару,goldrinn,288,paladin,retribution,12,3,9
Notingvar,doomhammer,288,paladin,retribution,12,3,9
Skuzee,archimonde,288,paladin,retribution,12,3,9
Harnêlia,marécage-de-zangar,288,paladin,retribution,12,3,9
Mathrixo,silvermoon,288,paladin,retribution,12,3,9
Загошслакер,howling-fjord,288,paladin,retribution,12,3,9
Palaur,silvermoon,288,paladin,retribution,12,3,9
Ahreesh,blackrock,288,paladin,retribution,12,3,9
Çolette,silvermoon,288,paladin,retribution,12,3,9
Dmascus,blackrock,288,paladin,retribution,12,3,9
Xzpal,silvermoon,288,paladin,retribution,12,3,9
Valarïs,outland,288,paladin,retribution,12,3,9
Cilla,kult-der-verdammten,288,paladin,retribution,12,3,9
Астта,fordragon,288,paladin,retribution,12,3,9
Sangaro,ragnaros,288,paladin,retribution,12,3,9
Dalaly,kazzak,288,paladin,retribution,12,3,9
Pokexx,ragnaros,288,paladin,retribution,12,3,9
Lacrossé,kazzak,288,paladin,retribution,12,3,9
Strikè,stormscale,288,paladin,retribution,12,3,9
Djuwuu,twisting-nether,288,paladin,retribution,12,3,9
Nasrudan,ravenholdt,288,paladin,retribution,12,3,9
Shneéz,blackmoore,288,paladin,retribution,12,3,9
Arthàs,blackmoore,288,paladin,retribution,12,3,9
Câlon,twisting-nether,288,paladin,retribution,12,3,9
Mandingbull,stormscale,288,paladin,retribution,12,3,9
Simsaii,stormscale,288,paladin,retribution,12,3,9
Turbopal,burning-blade,288,paladin,retribution,12,3,9
Trollpaladin,blackmoore,288,paladin,retribution,12,3,9
Lucyd,stormscale,288,paladin,retribution,12,3,9
Trismegistos,bloodhoof,288,paladin,retribution,12,3,9
Legâin,twisting-nether,288,paladin,retribution,12,3,9
Arethos,twisting-nether,288,paladin,retribution,12,3,9
Agrkan,defias-brotherhood,288,paladin,retribution,17,3,14
Skemfar,sanguino,288,paladin,retribution,18,3,15
Ulderoth,dun-modr,288,paladin,retribution,18,3,15
Fenik,dun-modr,288,paladin,retribution,18,3,15
Símp,grim-batol,288,paladin,retribution,18,3,15
Khveasir,argent-dawn,288,paladin,retribution,18,3,15
Sztat,burning-legion,288,paladin,retribution,18,3,15
Mêyra,blackhand,288,paladin,retribution,20,3,17
Malzj,garrosh,287,paladin,retribution,6,3,3
Айронс,ashenvale,287,paladin,retribution,6,3,3
Hrubo,drakthul,287,paladin,retribution,6,3,3
Oheiligster,kult-der-verdammten,287,paladin,retribution,6,3,3
Sìegfrìed,sargeras,287,paladin,retribution,6,3,3
Flashyplays,silvermoon,287,paladin,retribution,6,3,3
Ïwâ,hyjal,287,paladin,retribution,6,3,3
Bedrock,kirin-tor,287,paladin,retribution,6,3,3
Arthane,frostmane,287,paladin,retribution,6,3,3
Bore,culte-de-la-rive-noire,287,paladin,retribution,12,3,9
Thardran,ravencrest,287,paladin,retribution,12,3,9
Trevorion,argent-dawn,287,paladin,retribution,12,3,9
Cajikpal,drakthul,287,paladin,retribution,12,3,9
Voraxpa,draenor,287,paladin,retribution,12,3,9
Kolam,khaz-modan,286,paladin,retribution,6,3,3
Rsanchez,frostwolf,286,paladin,retribution,6,3,3
Tofrus,kazzak,271,paladin,retribution,11,3,8
Рбгхил,howling-fjord,271,paladin,retribution,11,3,8
Brictom,tarren-mill,271,paladin,retribution,11,3,8
Стилбич,gordunni,256,paladin,retribution,10,3,7
Msammus,kazzak,255,paladin,retribution,11,3,8
Zoomzoom,sylvanas,240,paladin,retribution,12,4,8
Loire,blackmoore,239,paladin,retribution,5,3,2
Erannor,kirin-tor,239,paladin,retribution,5,3,2
Gõm,aegwynn,239,paladin,retribution,5,3,2
Pooncy,ragnaros,239,paladin,retribution,5,3,2
Manyouk,kazzak,239,paladin,retribution,5,3,2
Papel,kul-tiras,239,paladin,retribution,5,3,2
Tivv,blackhand,239,paladin,retribution,5,3,2
Sàbèr,blackmoore,239,paladin,retribution,11,3,8
Tÿy,sylvanas,234,paladin,retribution,8,4,4
Dørvâp,culte-de-la-rive-noire,234,paladin,retribution,11,4,7
Andrøiz,dun-modr,234,paladin,retribution,15,4,11
Psykoosi,defias-brotherhood,232,paladin,retribution,11,4,7
Bigwings,stormscale,208,paladin,retribution,7,3,4
Тазикчая,soulflayer,192,paladin,retribution,4,3,1
Йёкипавер,gordunni,192,paladin,retribution,4,3,1
Casiimuero,los-errantes,192,paladin,retribution,4,3,1
Denko,ravencrest,192,paladin,retribution,4,3,1
Rèmi,pozzo-delleternità,192,paladin,retribution,4,3,1
Pitux,dun-modr,192,paladin,retribution,4,3,1
Slymm,archimonde,192,paladin,retribution,6,2,4
Postî,eredar,192,paladin,retribution,6,2,4
Ysunna,magtheridon,192,paladin,retribution,6,2,4
Bozznamaan,thrall,192,paladin,retribution,6,2,4
Necrozi,stormscale,192,paladin,retribution,6,2,4
Arndt,lightbringer,192,paladin,retribution,6,2,4
Némesis,frostmane,192,paladin,retribution,6,2,4
Azraise,stormscale,192,paladin,retribution,6,2,4
Panomecon,magtheridon,192,paladin,retribution,6,2,4
Bpontes,aggra-português,192,paladin,retribution,6,2,4
Aal,eredar,192,paladin,retribution,6,2,4
Dàk,grim-batol,192,paladin,retribution,6,2,4
Pyronort,eredar,192,paladin,retribution,6,2,4
Matinacc,tarren-mill,192,paladin,retribution,6,2,4
Афликтшаман,howling-fjord,192,paladin,retribution,6,2,4
Holybubble,stormscale,192,paladin,retribution,6,2,4
Clerik,eredar,192,paladin,retribution,6,2,4
Всеволорд,howling-fjord,192,paladin,retribution,6,2,4
Myrmidan,magtheridon,192,paladin,retribution,6,2,4
Elvyri,silvermoon,192,paladin,retribution,6,2,4
Enviniv,tarren-mill,192,paladin,retribution,6,2,4
Вишенций,howling-fjord,192,paladin,retribution,6,2,4
Grømit,drakthul,192,paladin,retribution,6,2,4
Кизайрус,soulflayer,192,paladin,retribution,6,2,4
Холигор,deathguard,192,paladin,retribution,6,2,4
Jÿnxx,hyjal,192,paladin,retribution,6,2,4
Tusti,tarren-mill,192,paladin,retribution,6,2,4
Quennten,grim-batol,192,paladin,retribution,6,2,4
Кадаврициан,howling-fjord,192,paladin,retribution,6,2,4
Thelinara,antonidas,192,paladin,retribution,6,2,4
Svåger,stormscale,192,paladin,retribution,6,2,4
Legrandnain,archimonde,192,paladin,retribution,6,2,4
Waramo,eredar,192,paladin,retribution,6,2,4
Beiluoshimen,archimonde,192,paladin,retribution,6,2,4
Crownroyal,twisting-nether,192,paladin,retribution,6,2,4
Дрейв,soulflayer,192,paladin,retribution,6,2,4
Gryan,stormscale,192,paladin,retribution,6,2,4
Daizen,blackrock,192,paladin,retribution,6,2,4
Dorian,durotan,192,paladin,retribution,6,2,4
Пепескарлет,howling-fjord,192,paladin,retribution,6,2,4
Бордюрчег,howling-fjord,192,paladin,retribution,6,2,4
Solcustos,tarren-mill,192,paladin,retribution,6,2,4
Crêuyf,elune,192,paladin,retribution,6,2,4
Pallyman,arthas,192,paladin,retribution,6,2,4
Pryzmath,burning-legion,192,paladin,retribution,6,2,4
Vrotkarpala,azjolnerub,192,paladin,retribution,6,2,4
Leelemon,frostmane,192,paladin,retribution,6,2,4
Легионор,galakrond,192,paladin,retribution,6,2,4
Wingsftw,blackhand,192,paladin,retribution,6,2,4
Kathly,madmortem,192,paladin,retribution,6,2,4
Lâlexâ,blackrock,192,paladin,retribution,6,2,4
Shufflee,drakthul,192,paladin,retribution,6,2,4
Blurengo,blackrock,192,paladin,retribution,6,2,4
Yumhi,dun-modr,192,paladin,retribution,6,2,4
Blazeê,blackrock,192,paladin,retribution,6,2,4
Spellcrow,argent-dawn,192,paladin,retribution,6,2,4
Liféféar,tarren-mill,192,paladin,retribution,6,2,4
Palacheatlol,ysondre,192,paladin,retribution,6,2,4
Paladéán,malganis,192,paladin,retribution,6,2,4
Iñgkara,tarren-mill,192,paladin,retribution,6,2,4
Lightsimper,silvermoon,192,paladin,retribution,6,2,4
Strøb,antonidas,192,paladin,retribution,6,2,4
Kamas,antonidas,192,paladin,retribution,6,2,4
Alto,nordrassil,192,paladin,retribution,6,2,4
Tybrain,blackhand,192,paladin,retribution,6,2,4
Эйлара,howling-fjord,192,paladin,retribution,6,2,4
Pava,blackmoore,192,paladin,retribution,6,2,4
Teenage,colinas-pardas,192,paladin,retribution,6,2,4
Serkunkoira,emeriss,192,paladin,retribution,6,2,4
Halori,ragnaros,192,paladin,retribution,6,2,4
Eneomaos,blackrock,192,paladin,retribution,6,2,4
Trainwréck,ravencrest,192,paladin,retribution,6,2,4
Vikingensven,silvermoon,192,paladin,retribution,6,2,4
Bálerion,bronze-dragonflight,192,paladin,retribution,6,2,4
Présidential,grim-batol,192,paladin,retribution,6,2,4
Prótpál,the-maelstrom,192,paladin,retribution,6,2,4
Tomforøl,aggramar,192,paladin,retribution,6,2,4
Kapaeus,aggramar,192,paladin,retribution,6,2,4
Shirohige,pozzo-delleternità,192,paladin,retribution,6,2,4
Pipifeng,silvermoon,192,paladin,retribution,6,2,4
Alberix,tarren-mill,192,paladin,retribution,6,2,4
Sangrèin,nerathor,192,paladin,retribution,6,2,4
Doormat,stormreaver,192,paladin,retribution,6,2,4
Светочпок,howling-fjord,192,paladin,retribution,6,2,4
Arthacalan,silvermoon,192,paladin,retribution,6,2,4
Ejoz,suramar,192,paladin,retribution,6,2,4
Palek,burning-legion,192,paladin,retribution,6,2,4
Гачипаладинн,galakrond,192,paladin,retribution,6,2,4
Lûvmølly,silvermoon,192,paladin,retribution,6,2,4
Maxunius,antonidas,192,paladin,retribution,6,2,4
Lightshedder,twisting-nether,192,paladin,retribution,6,2,4
Nozgot,chromaggus,192,paladin,retribution,6,2,4
Ðeswynd,hyjal,192,paladin,retribution,6,2,4
Kerplonk,burning-legion,192,paladin,retribution,6,2,4
Aïzo,archimonde,192,paladin,retribution,6,2,4
Fizzyy,ragnaros,192,paladin,retribution,6,2,4
Antitodas,argent-dawn,192,paladin,retribution,6,2,4
Holyape,argent-dawn,192,paladin,retribution,6,2,4
Xoconuttv,ravencrest,192,paladin,retribution,6,2,4
Aurasis,archimonde,192,paladin,retribution,6,2,4
Zephale,sunstrider,192,paladin,retribution,6,2,4
Sawier,ragnaros,192,paladin,retribution,6,2,4
Drasir,nemesis,192,paladin,retribution,6,2,4
Meatslice,boulderfist,192,paladin,retribution,6,2,4
Антитеррор,greymane,192,paladin,retribution,6,2,4
Alus,blackmoore,192,paladin,retribution,6,2,4
Paxillustral,twisting-nether,192,paladin,retribution,6,2,4
Daviaa,silvermoon,192,paladin,retribution,6,2,4
Потрепал,blackscar,192,paladin,retribution,6,2,4
Скруддж,howling-fjord,192,paladin,retribution,6,2,4
Zbykmasta,burning-legion,192,paladin,retribution,6,2,4
Туларион,grom,192,paladin,retribution,6,2,4
Lemarobebsi,draenor,192,paladin,retribution,6,2,4
Paradice,ragnaros,192,paladin,retribution,6,2,4
Retrikuc,stormscale,192,paladin,retribution,6,2,4
Yuri,voljin,192,paladin,retribution,6,2,4
Liquesco,draenor,192,paladin,retribution,6,2,4
Загадзуга,howling-fjord,192,paladin,retribution,6,2,4
Héraclèss,marécage-de-zangar,192,paladin,retribution,6,2,4
Naylaeh,draenor,192,paladin,retribution,6,2,4
Soralî,dethecus,192,paladin,retribution,6,2,4
Onys,onyxia,192,paladin,retribution,6,2,4
Deltapower,archimonde,192,paladin,retribution,6,2,4
Aksoû,hyjal,192,paladin,retribution,6,2,4
Boonner,burning-legion,192,paladin,retribution,6,2,4
Tsomoo,antonidas,192,paladin,retribution,6,2,4
Valkyrjai,silvermoon,192,paladin,retribution,6,2,4
Djstompyasis,blackmoore,192,paladin,retribution,6,2,4
Cripxoo,sanguino,192,paladin,retribution,6,2,4
Lullabye,runetotem,192,paladin,retribution,6,2,4
Heilgaharald,blackrock,192,paladin,retribution,6,2,4
Drjudge,draenor,192,paladin,retribution,6,2,4
Lionknight,sylvanas,192,paladin,retribution,6,2,4
Razarus,sylvanas,192,paladin,retribution,6,2,4
Canihavesome,sylvanas,192,paladin,retribution,6,2,4
Vcd,kazzak,192,paladin,retribution,6,2,4
Malvax,ragnaros,192,paladin,retribution,6,2,4
Everessa,sylvanas,192,paladin,retribution,6,2,4
Maxximuss,drekthar,192,paladin,retribution,6,2,4
Valanyr,kazzak,192,paladin,retribution,6,2,4
Samypalouf,naxxramas,192,paladin,retribution,6,2,4
Shassera,ravencrest,192,paladin,retribution,6,2,4
Bigolcritty,silvermoon,192,paladin,retribution,6,2,4
Элестаге,gordunni,192,paladin,retribution,6,2,4
Vans,nazjatar,192,paladin,retribution,6,2,4
Almiraj,conseil-des-ombres,192,paladin,retribution,6,2,4
Zuldekk,sanguino,192,paladin,retribution,6,2,4
Ainnamash,twisting-nether,192,paladin,retribution,6,2,4
Coldcuts,sylvanas,192,paladin,retribution,6,2,4
Raigun,sylvanas,192,paladin,retribution,6,2,4
Ярлд,gordunni,192,paladin,retribution,6,2,4
Kael,darkspear,192,paladin,retribution,6,2,4
Xephiroxus,the-venture-co,192,paladin,retribution,6,2,4
Dáimion,defias-brotherhood,192,paladin,retribution,6,2,4
Hompra,outland,192,paladin,retribution,6,2,4
Azapala,kazzak,192,paladin,retribution,6,2,4
Zixxo,outland,192,paladin,retribution,6,2,4
Hølly,twisting-nether,192,paladin,retribution,6,2,4
Tópgee,ravencrest,192,paladin,retribution,6,2,4
Gornim,die-nachtwache,192,paladin,retribution,6,2,4
Shápzx,draenor,192,paladin,retribution,6,2,4
Lightsbreath,ragnaros,192,paladin,retribution,6,2,4
Breakafly,doomhammer,192,paladin,retribution,6,2,4
Сильверный,gordunni,192,paladin,retribution,6,2,4
Ashariah,die-aldor,192,paladin,retribution,6,2,4
Seradawn,ravencrest,192,paladin,retribution,6,2,4
Никитаберс,gordunni,192,paladin,retribution,6,2,4
Radeto,outland,192,paladin,retribution,6,2,4
Blinkdrink,ragnaros,192,paladin,retribution,6,2,4
Csvepanszul,ragnaros,192,paladin,retribution,6,2,4
Rdypaladin,ravencrest,192,paladin,retribution,6,2,4
Cjis,kazzak,192,paladin,retribution,6,2,4
Punlac,draenor,192,paladin,retribution,6,2,4
Goodfail,sanguino,192,paladin,retribution,6,2,4
Logmár,sanguino,192,paladin,retribution,6,2,4
Starr,confrérie-du-thorium,192,paladin,retribution,6,2,4
Palalightdfq,dalaran,192,paladin,retribution,6,2,4
Yaxz,ravencrest,192,paladin,retribution,6,2,4
Altoangelo,outland,192,paladin,retribution,6,2,4
Дэвайнэвил,gordunni,192,paladin,retribution,6,2,4
Dollicia,outland,192,paladin,retribution,6,2,4
Frías,zuljin,192,paladin,retribution,6,2,4
Radiantblood,ravencrest,192,paladin,retribution,6,2,4
Flashhèart,draenor,192,paladin,retribution,6,2,4
Ruttodidio,outland,192,paladin,retribution,6,2,4
Тайела,gordunni,192,paladin,retribution,10,3,7
Плат,gordunni,192,paladin,retribution,7,2,5
Votiones,tarren-mill,192,paladin,retribution,7,2,5
Aldèbaràn,pozzo-delleternità,192,paladin,retribution,11,3,8
Holymolee,blackmoore,192,paladin,retribution,9,2,7
Мунрейм,gordunni,192,paladin,retribution,12,2,10
Muuclear,twisting-nether,192,paladin,retribution,12,2,10
Ibubbleqt,outland,192,paladin,retribution,12,2,10
Luzk,sanguino,192,paladin,retribution,12,2,10
Hordium,doomhammer,192,paladin,retribution,12,2,10
Lowfi,argent-dawn,192,paladin,retribution,12,2,10
Mariuhûna,blackmoore,192,paladin,retribution,12,2,10
Remedios,archimonde,192,paladin,retribution,12,2,10
Paladinslaye,dun-modr,192,paladin,retribution,12,2,10
Wigbilly,tarren-mill,192,paladin,retribution,12,2,10
Leriell,ravencrest,192,paladin,retribution,12,2,10
Tressðr,dun-modr,192,paladin,retribution,12,2,10
Lightian,twisting-nether,192,paladin,retribution,12,2,10
Lihli,wildhammer,192,paladin,retribution,12,2,10
Svddendeäthx,ragnaros,192,paladin,retribution,12,2,10
Zimmt,blackmoore,192,paladin,retribution,12,2,10
ßlitzkrieg,blackmoore,192,paladin,retribution,12,2,10
Docdoolittle,magtheridon,192,paladin,retribution,12,2,10
Авараан,galakrond,192,paladin,retribution,12,2,10
Erathör,sanguino,192,paladin,retribution,12,2,10
Мэркес,fordragon,192,paladin,retribution,12,2,10
Ijego,silvermoon,192,paladin,retribution,12,2,10
Kesra,die-todeskrallen,192,paladin,retribution,12,2,10
Chitanta,sylvanas,192,paladin,retribution,12,2,10
Crawini,ragnaros,192,paladin,retribution,12,2,10
Rhyua,eredar,192,paladin,retribution,12,2,10
Tyrallan,ragnaros,192,paladin,retribution,12,2,10
Berenguer,outland,192,paladin,retribution,12,2,10
Cunix,draenor,192,paladin,retribution,12,2,10
Палагэнг,howling-fjord,192,paladin,retribution,12,2,10
Ragneal,hyjal,192,paladin,retribution,12,2,10
Angeliqué,alakir,192,paladin,retribution,12,2,10
Verix,thrall,192,paladin,retribution,12,2,10
Samious,draenor,192,paladin,retribution,12,2,10
Poloqq,burning-legion,192,paladin,retribution,12,2,10
Ultravíolett,kargath,192,paladin,retribution,12,2,10
Larialaya,thrall,192,paladin,retribution,12,2,10
Лимфома,goldrinn,192,paladin,retribution,12,2,10
Pârâsite,hyjal,192,paladin,retribution,12,2,10
Reinwaltz,the-maelstrom,192,paladin,retribution,12,2,10
Heavenfist,stormscale,192,paladin,retribution,12,2,10
Djasuo,burning-blade,192,paladin,retribution,12,2,10
Kökslaktarn,sylvanas,192,paladin,retribution,21,3,18
Stillgard,ghostlands,192,paladin,retribution,15,2,13
Cyxanacma,silvermoon,192,paladin,retribution,18,2,16
Саламанлдрыч,soulflayer,192,paladin,retribution,18,2,16
Onestone,wrathbringer,192,paladin,retribution,18,2,16
Snakedubaby,blackrock,192,paladin,retribution,24,2,22
Duckula,ravenholdt,191,paladin,retribution,6,2,4
Derbrècher,azshara,191,paladin,retribution,6,2,4
Palazs,ravencrest,191,paladin,retribution,6,2,4
Zuklaus,hyjal,191,paladin,retribution,6,2,4
Ordain,senjin,191,paladin,retribution,6,2,4
Broziopath,blackrock,191,paladin,retribution,6,2,4
Ruffus,magtheridon,191,paladin,retribution,6,2,4
Lysân,eredar,191,paladin,retribution,6,2,4
Arhu,stormscale,191,paladin,retribution,6,2,4
Skullreaper,mannoroth,185,paladin,retribution,12,4,8
Maitrelampe,argent-dawn,180,paladin,retribution,29,7,22
Thelronis,kelthuzad,175,paladin,retribution,11,2,9
Shoqzix,korgall,159,paladin,retribution,5,2,3
Geronimooh,vashj,159,paladin,retribution,5,2,3
Heiemdall,azuremyst,159,paladin,retribution,5,2,3
Trístesse,tarren-mill,159,paladin,retribution,11,2,9
Serita,archimonde,159,paladin,retribution,11,2,9
Амнон,goldrinn,144,paladin,retribution,9,2,7
Dodgemyhoj,kazzak,144,paladin,retribution,15,2,13
Tayun,blackmoore,144,paladin,retribution,21,2,19
Еребор,howling-fjord,143,paladin,retribution,15,2,13
Braiinafk,thrall,138,paladin,retribution,6,3,3
Скелфер,soulflayer,138,paladin,retribution,8,3,5
Хочучерешни,lich-king,138,paladin,retribution,8,3,5
Jesamine,blackmoore,138,paladin,retribution,9,3,6
Gerisha,blackrock,138,paladin,retribution,9,3,6
Qpax,twisting-nether,128,paladin,retribution,4,2,2
Mouzimaru,tarren-mill,128,paladin,retribution,10,2,8
Aalyaah,zirkel-des-cenarius,96,paladin,retribution,3,2,1
Zenfuki,draenor,96,paladin,retribution,3,2,1
Palamaister,stormscale,96,paladin,retribution,6,1,5
Skarium,hyjal,96,paladin,retribution,6,1,5
Vittosbubu,ravencrest,96,paladin,retribution,6,1,5
Bigfatpig,ravencrest,96,paladin,retribution,6,1,5
Dildodin,ravencrest,96,paladin,retribution,6,1,5
Shabbyy,bronzebeard,96,paladin,retribution,6,1,5
Steelrose,auchindoun,96,paladin,retribution,6,1,5
Ragie,twisting-nether,96,paladin,retribution,6,1,5
Жмышенко,gordunni,96,paladin,retribution,6,1,5
Jehovaa,ragnaros,96,paladin,retribution,6,1,5
Tifer,sanguino,96,paladin,retribution,6,1,5
Notanother,ravencrest,96,paladin,retribution,6,1,5
Fatalism,draenor,96,paladin,retribution,6,1,5
Ilaris,amanthul,96,paladin,retribution,6,1,5
Пилоттыч,gordunni,96,paladin,retribution,6,1,5
Monmo,emerald-dream,96,paladin,retribution,6,1,5
Battlelord,terokkar,96,paladin,retribution,6,1,5
Humbatäterä,blackmoore,96,paladin,retribution,6,1,5
Hegolas,terrordar,96,paladin,retribution,6,1,5
Старыйграф,gordunni,96,paladin,retribution,6,1,5
Kefalas,ravencrest,96,paladin,retribution,6,1,5
Diggs,draenor,96,paladin,retribution,6,1,5
Aluzza,sylvanas,96,paladin,retribution,6,1,5
Miawyn,blackmoore,96,paladin,retribution,6,1,5
Cazzanova,draenor,96,paladin,retribution,6,1,5
Donpascualo,dun-modr,96,paladin,retribution,6,1,5
Lezoom,draenor,96,paladin,retribution,6,1,5
Wingzko,draenor,96,paladin,retribution,6,1,5
Sínístre,hyjal,96,paladin,retribution,6,1,5
Jezrien,khazgoroth,96,paladin,retribution,6,1,5
Kimozabie,ravencrest,96,paladin,retribution,6,1,5
Unkxd,outland,96,paladin,retribution,6,1,5
Rekkt,ravenholdt,96,paladin,retribution,6,1,5
Thaderyl,auchindoun,96,paladin,retribution,6,1,5
Starcheto,silvermoon,96,paladin,retribution,6,1,5
Taraniah,argent-dawn,96,paladin,retribution,6,1,5
Sanctùs,argent-dawn,96,paladin,retribution,6,1,5
Dumbala,ravencrest,96,paladin,retribution,6,1,5
Stabilisator,blackrock,96,paladin,retribution,6,1,5
Xblaj,draenor,96,paladin,retribution,6,1,5
Zlätän,outland,96,paladin,retribution,6,1,5
Dawnbringer,stormscale,96,paladin,retribution,6,1,5
Vokesh,silvermoon,96,paladin,retribution,6,1,5
Serberen,ravencrest,96,paladin,retribution,6,1,5
Morninnstaar,kazzak,96,paladin,retribution,6,1,5
Røse,argent-dawn,96,paladin,retribution,6,1,5
Shanilia,argent-dawn,96,paladin,retribution,6,1,5
Holyloa,laughing-skull,96,paladin,retribution,6,1,5
Naska,nemesis,96,paladin,retribution,6,1,5
Hyggë,sanguino,96,paladin,retribution,6,1,5
Ansonia,ravencrest,96,paladin,retribution,6,1,5
Thozne,cthun,96,paladin,retribution,6,1,5
Хам,razuvious,96,paladin,retribution,6,1,5
Хилтонепта,gordunni,96,paladin,retribution,6,1,5
Healsgoodman,twisting-nether,96,paladin,retribution,6,1,5
Equalizer,kilrogg,96,paladin,retribution,6,1,5
Harvel,outland,96,paladin,retribution,6,1,5
Methynox,khaz-modan,96,paladin,retribution,6,1,5
Bobsing,silvermoon,96,paladin,retribution,6,1,5
Brengier,dun-morogh,96,paladin,retribution,6,1,5
Tozzey,defias-brotherhood,96,paladin,retribution,6,1,5
Istani,twisting-nether,96,paladin,retribution,6,1,5
Hølyshøckz,blackmoore,96,paladin,retribution,6,1,5
Syfaria,eldrethalas,96,paladin,retribution,6,1,5
Tíríón,nethersturm,96,paladin,retribution,6,1,5
Dänie,silvermoon,96,paladin,retribution,6,1,5
Traxxces,ravencrest,96,paladin,retribution,6,1,5
Eylina,ragnaros,96,paladin,retribution,6,1,5
Päyback,nagrand,96,paladin,retribution,6,1,5
Ляпкин,fordragon,96,paladin,retribution,6,1,5
Defuzes,twisting-nether,96,paladin,retribution,6,1,5
Édèn,les-sentinelles,96,paladin,retribution,6,1,5
Graphpora,argent-dawn,96,paladin,retribution,6,1,5
Subzery,blackrock,96,paladin,retribution,6,1,5
Brechtje,nagrand,96,paladin,retribution,6,1,5
Bráders,thunderhorn,96,paladin,retribution,6,1,5
Akagami,ysondre,96,paladin,retribution,6,1,5
Oepabakkez,burning-legion,96,paladin,retribution,6,1,5
Vonadams,ysondre,96,paladin,retribution,6,1,5
Nijówka,burning-legion,96,paladin,retribution,6,1,5
Karo,wildhammer,96,paladin,retribution,6,1,5
Plasmadieter,blackrock,96,paladin,retribution,6,1,5
Tamuz,chamber-of-aspects,96,paladin,retribution,6,1,5
Zandathor,chamber-of-aspects,96,paladin,retribution,6,1,5
Omranator,stormscale,96,paladin,retribution,6,1,5
Késha,malganis,96,paladin,retribution,6,1,5
Mystràs,khaz-modan,96,paladin,retribution,6,1,5
Xôpâl,kazzak,96,paladin,retribution,6,1,5
Kanollaras,tarren-mill,96,paladin,retribution,6,1,5
Mèlow,dalaran,96,paladin,retribution,6,1,5
Jûliâ,archimonde,96,paladin,retribution,6,1,5
Týrone,blackrock,96,paladin,retribution,6,1,5
Zeroskills,tarren-mill,96,paladin,retribution,6,1,5
Pussas,burning-legion,96,paladin,retribution,6,1,5
Holyhannes,blackmoore,96,paladin,retribution,6,1,5
Wiiso,grim-batol,96,paladin,retribution,6,1,5
Эльтарус,soulflayer,96,paladin,retribution,6,1,5
Ellisdee,kazzak,96,paladin,retribution,6,1,5
Sfantull,spinebreaker,96,paladin,retribution,6,1,5
Яшкино,soulflayer,96,paladin,retribution,6,1,5
Халва,deathguard,96,paladin,retribution,6,1,5
Saiyaan,silvermoon,96,paladin,retribution,6,1,5
Fraubest,antonidas,96,paladin,retribution,6,1,5
Phlakorn,blackhand,96,paladin,retribution,6,1,5
Hiilton,silvermoon,96,paladin,retribution,6,1,5
Vindorus,archimonde,96,paladin,retribution,6,1,5
Stealop,malfurion,96,paladin,retribution,6,1,5
Amoxapine,hyjal,96,paladin,retribution,6,1,5
Моррзито,soulflayer,96,paladin,retribution,6,1,5
Paladzor,twisting-nether,96,paladin,retribution,6,1,5
Évo,drakthul,96,paladin,retribution,6,1,5
Styleez,blackrock,96,paladin,retribution,6,1,5
Bergalerga,frostmane,96,paladin,retribution,6,1,5
Блейзр,ashenvale,96,paladin,retribution,6,1,5
Tibiscovus,silvermoon,96,paladin,retribution,6,1,5
Destya,eredar,96,paladin,retribution,6,1,5
Kambood,twisting-nether,96,paladin,retribution,6,1,5
Aggressìon,twisting-nether,96,paladin,retribution,6,1,5
Винзерг,ashenvale,96,paladin,retribution,6,1,5
Nexo,bloodscalp,96,paladin,retribution,6,1,5
Redmoo,tarren-mill,96,paladin,retribution,6,1,5
Светиздырки,howling-fjord,96,paladin,retribution,6,1,5
Kauto,aggra-português,96,paladin,retribution,6,1,5
Highlòrd,silvermoon,96,paladin,retribution,6,1,5
Azmocore,blackhand,96,paladin,retribution,6,1,5
Brightboy,bronze-dragonflight,96,paladin,retribution,6,1,5
Xrilled,stormreaver,96,paladin,retribution,6,1,5
Flashyo,archimonde,96,paladin,retribution,6,1,5
Крутикрит,goldrinn,96,paladin,retribution,6,1,5
Bôomayé,archimonde,96,paladin,retribution,6,1,5
Kaní,eredar,96,paladin,retribution,6,1,5
Holyherb,the-maelstrom,96,paladin,retribution,6,1,5
Taptreus,antonidas,96,paladin,retribution,6,1,5
Friemelaar,silvermoon,96,paladin,retribution,6,1,5
Celdrin,silvermoon,96,paladin,retribution,6,1,5
Rataxes,stormreaver,96,paladin,retribution,6,1,5
Amnell,marécage-de-zangar,96,paladin,retribution,6,1,5
Sâfcon,eredar,96,paladin,retribution,7,1,6
Borons,silvermoon,96,paladin,retribution,9,1,8
Xvoodoo,antonidas,96,paladin,retribution,11,1,10
Akinret,twisting-nether,96,paladin,retribution,12,1,11
Lylu,aggramar,96,paladin,retribution,12,1,11
Lokinder,pozzo-delleternità,96,paladin,retribution,12,1,11
Sèrgàs,blackhand,96,paladin,retribution,12,1,11
Sorannian,hyjal,96,paladin,retribution,12,1,11
Zerosixsix,silvermoon,96,paladin,retribution,12,1,11
Zyklôn,antonidas,96,paladin,retribution,12,1,11
Dondadajr,ysondre,96,paladin,retribution,12,1,11
Kavíár,kazzak,96,paladin,retribution,12,1,11
Jayce,durotan,96,paladin,retribution,12,1,11
Vali,burning-blade,96,paladin,retribution,12,1,11
Kaelorian,silvermoon,96,paladin,retribution,12,1,11
Nauy,korgall,96,paladin,retribution,12,1,11
Jaexpaladin,draenor,96,paladin,retribution,12,1,11
Purgator,sanguino,96,paladin,retribution,12,1,11
Dawner,defias-brotherhood,96,paladin,retribution,12,1,11
Charlybrown,archimonde,95,paladin,retribution,6,1,5
Purpleháze,drekthar,83,paladin,retribution,11,6,5
Albertina,silvermoon,79,paladin,retribution,5,1,4
Rhauk,dun-modr,79,paladin,retribution,5,1,4
Petitê,blackmoore,79,paladin,retribution,5,1,4
Snobypala,onyxia,64,paladin,retribution,4,1,3
Pastaflwras,twisting-nether,64,paladin,retribution,4,1,3
Чиленикс,soulflayer,63,paladin,retribution,2,2,0
Варкуш,soulflayer,48,paladin,retribution,3,1,2
Leköngen,ravencrest,48,paladin,retribution,3,1,2
Lafrogge,culte-de-la-rive-noire,48,paladin,retribution,3,1,2
Reliikt,blackrock,48,paladin,retribution,3,1,2
Doruk,stormscale,48,paladin,retribution,9,1,8
Блейзблю,howling-fjord,42,paladin,retribution,8,2,6
Alïstia,archimonde,42,paladin,retribution,10,2,8
Böserbube,tarren-mill,42,paladin,retribution,13,2,11
Tosuro,sunstrider,31,paladin,retribution,2,1,1
Davidas,drakthul,16,paladin,retribution,1,1,0
Ornsein,sylvanas,16,paladin,retribution,1,1,0
Паланр,fordragon,16,paladin,retribution,1,1,0
Exødius,sinstralis,16,paladin,retribution,1,1,0
Arbuzno,draenor,1955,paladin,protection,72,53,19
Âmba,blackrock,1751,paladin,protection,69,45,24
Sterben,aegwynn,1750,paladin,protection,72,35,37
Leotheron,boulderfist,1736,paladin,protection,180,114,66
Sartshield,aerie-peak,1734,paladin,protection,54,34,20
Гниленький,razuvious,1712,paladin,protection,29,20,9
Justífiéd,kazzak,1683,paladin,protection,42,20,22
Maximumtaste,ravencrest,1662,paladin,protection,30,22,8
Statscowski,thrall,1662,paladin,protection,30,18,12
Collinnawin,aegwynn,1661,paladin,protection,255,124,131
Tippressure,ravencrest,1630,paladin,protection,40,26,14
Sonnywalkman,twisting-nether,1620,paladin,protection,18,17,1
Timbadin,frostwolf,1608,paladin,protection,41,28,13
Elitest,hyjal,1560,paladin,protection,195,75,120
Schrikii,archimonde,1556,paladin,protection,72,44,28
Bariy,auchindoun,1550,paladin,protection,53,34,19
Phlakorn,blackhand,1525,paladin,protection,48,29,19
Supremerage,silvermoon,1507,paladin,protection,63,35,28
Mocnyreka,silvermoon,1503,paladin,protection,65,37,28
Силугор,soulflayer,1498,paladin,protection,48,26,22
Gabubex,tarren-mill,1482,paladin,protection,135,83,52
Haringoth,argent-dawn,1459,paladin,protection,66,35,31
Uswieconyra,silvermoon,1459,paladin,protection,71,34,37
Баибар,soulflayer,1436,paladin,protection,108,56,52
Vivalabeef,stormscale,1431,paladin,protection,24,15,9
Ðizzmo,bloodfeather,1421,paladin,protection,46,23,23
Ðivine,stormscale,1418,paladin,protection,108,52,56
Youness,ysondre,1416,paladin,protection,106,61,45
Galevar,argent-dawn,1416,paladin,protection,134,65,69
Lóu,hyjal,1404,paladin,protection,69,39,30
Swiatlomiecz,silvermoon,1378,paladin,protection,48,18,30
Medium,frostwolf,1362,paladin,protection,29,15,14
Vangorn,burning-legion,1334,paladin,protection,58,29,29
Shybia,kirin-tor,1327,paladin,protection,35,19,16
Galadrion,dun-modr,1321,paladin,protection,23,14,9
Milliemaître,elune,1313,paladin,protection,84,41,43
Ichbin,sanguino,1312,paladin,protection,183,78,105
Velkar,frostmane,1310,paladin,protection,124,63,61
Zerhakz,ysondre,1310,paladin,protection,84,41,43
Бранв,gordunni,1305,paladin,protection,54,30,24
Jûstice,kirin-tor,1298,paladin,protection,134,63,71
Leadfoot,argent-dawn,1286,paladin,protection,51,32,19
Trufetteuh,hyjal,1283,paladin,protection,178,90,88
Yunalêsca,mugthol,1274,paladin,protection,90,45,45
Manupierre,ysondre,1270,paladin,protection,48,22,26
Faranume,sylvanas,1227,paladin,protection,24,16,8
Gaffel,dethecus,1223,paladin,protection,35,15,20
Augroni,antonidas,1217,paladin,protection,111,48,63
Valeriu,stormreaver,1205,paladin,protection,36,14,22
Xrules,blackhand,1201,paladin,protection,47,21,26
Celyne,kirin-tor,1180,paladin,protection,36,14,22
Проц,soulflayer,1179,paladin,protection,54,20,34
Flakkson,stormscale,1161,paladin,protection,89,31,58
Sutbeyaz,twisting-nether,1144,paladin,protection,18,12,6
Oldsqlmofu,blackrock,1142,paladin,protection,19,12,7
Whiteraven,rexxar,1126,paladin,protection,24,12,12
Helladin,haomarush,1102,paladin,protection,30,13,17
Шмыгапал,eversong,1049,paladin,protection,26,11,15
Vladium,argent-dawn,1046,paladin,protection,24,11,13
Ragonas,mannoroth,1034,paladin,protection,30,11,19
Lotheriem,argent-dawn,992,paladin,protection,42,11,31
Толинель,soulflayer,990,paladin,protection,17,11,6
Savión,silvermoon,957,paladin,protection,12,10,2
Maeltesar,kult-der-verdammten,955,paladin,protection,13,10,3
Yruqrem,ravencrest,768,paladin,protection,12,8,4
Fumbz,alakir,767,paladin,protection,12,8,4
Tíríón,nethersturm,763,paladin,protection,18,8,10
Lägolas,thrall,701,paladin,protection,17,8,9
Kraljevic,silvermoon,672,paladin,protection,12,7,5
Ванябублгам,soulflayer,672,paladin,protection,18,7,11
Rudra,kiljaeden,623,paladin,protection,11,7,4
Emistesia,stormscale,576,paladin,protection,6,6,0
Marihuána,ragnaros,576,paladin,protection,18,6,12
Ekenpala,kazzak,575,paladin,protection,12,6,6
Exion,ravenholdt,543,paladin,protection,11,6,5
Arkera,blackrock,494,paladin,protection,19,6,13
Onefrostyboi,defias-brotherhood,479,paladin,protection,12,5,7
Такуан,fordragon,479,paladin,protection,12,5,7
Quantox,frostwolf,478,paladin,protection,24,5,19
Aarrb,sylvanas,438,paladin,protection,27,8,19
Elkka,azjolnerub,415,paladin,protection,17,5,12
Arkhàn,ravencrest,384,paladin,protection,6,4,2
Testos,ulduar,384,paladin,protection,6,4,2
Krispce,bloodhoof,384,paladin,protection,6,4,2
Fleshoflight,arathor,384,paladin,protection,6,4,2
Æåæxâëæ,dun-modr,384,paladin,protection,6,4,2
Røse,argent-dawn,384,paladin,protection,12,4,8
Figustyle,archimonde,318,paladin,protection,10,4,6
Zuplex,deathwing,288,paladin,protection,6,3,3
Thrinea,blackrock,288,paladin,protection,6,3,3
Снайпик,azuregos,288,paladin,protection,6,3,3
Æero,blackhand,288,paladin,protection,6,3,3
Craft,frostwolf,288,paladin,protection,6,3,3
Aümagad,confrérie-du-thorium,288,paladin,protection,6,3,3
Swäagg,hyjal,288,paladin,protection,6,3,3
Biffle,korgall,288,paladin,protection,12,3,9
Kawakai,blackrock,287,paladin,protection,12,3,9
Meneth,elune,240,paladin,protection,9,3,6
Yourmomz,kazzak,239,paladin,protection,5,3,2
Синерина,blackscar,192,paladin,protection,6,2,4
Derina,silvermoon,192,paladin,protection,6,2,4
Emakk,darksorrow,192,paladin,protection,6,2,4
Ponce,los-errantes,192,paladin,protection,6,2,4
Gornim,die-nachtwache,192,paladin,protection,6,2,4
Khrak,conseil-des-ombres,192,paladin,protection,12,2,10
Palacaplaca,cthun,175,paladin,protection,11,2,9
Valädar,sanguino,159,paladin,protection,5,2,3
Duxbellorum,the-maelstrom,96,paladin,protection,6,1,5
Taptreus,antonidas,96,paladin,protection,6,1,5
Чиксапомойка,gordunni,96,paladin,protection,6,1,5
Lokinder,pozzo-delleternità,96,paladin,protection,12,1,11
Thôrwald,les-sentinelles,96,paladin,protection,12,1,11
Bobilous,twisting-nether,79,paladin,protection,5,1,4
Солошафл,howling-fjord,42,paladin,protection,12,4,8
Køzukï,ravencrest,2224,priest,holy,233,122,111
Candrä,archimonde,2213,priest,holy,96,52,44
Itsmeminglee,ravencrest,2143,priest,holy,132,68,64
Leadeur,kazzak,2082,priest,holy,158,80,78
Yötönyö,ravencrest,2043,priest,holy,60,32,28
Lmnsqzy,ravencrest,2021,priest,holy,88,46,42
Кальвейт,deathweaver,1967,priest,holy,175,86,89
Cosines,ravencrest,1944,priest,holy,101,54,47
Výra,der-rat-von-dalaran,1939,priest,holy,71,46,25
Ladá,stormscale,1939,priest,holy,138,73,65
Шотыказау,blackscar,1909,priest,holy,135,71,64
Lenyp,sanguino,1902,priest,holy,138,71,67
Boonlai,ravencrest,1897,priest,holy,47,25,22
Grafius,stormscale,1885,priest,holy,48,26,22
Carlitastock,eredar,1885,priest,holy,53,28,25
Testdeath,ravencrest,1875,priest,holy,54,31,23
Weezing,ysondre,1851,priest,holy,132,66,66
Servêy,twisting-nether,1845,priest,holy,42,22,20
Finizkram,sylvanas,1840,priest,holy,48,25,23
Tangent,ravencrest,1837,priest,holy,182,96,86
Dmnz,blackrock,1836,priest,holy,87,39,48
Kaiikoo,ravencrest,1824,priest,holy,54,31,23
Yateh,blackmoore,1824,priest,holy,62,32,30
Катккат,soulflayer,1823,priest,holy,48,27,21
Лоаресс,gordunni,1820,priest,holy,90,40,50
Ancientalien,khadgar,1817,priest,holy,66,29,37
Sayne,arathor,1815,priest,holy,168,91,77
Maruh,malganis,1812,priest,holy,113,60,53
Dmnz,antonidas,1811,priest,holy,40,22,18
Eriónd,ravencrest,1811,priest,holy,66,34,32
Kaalu,frostmane,1809,priest,holy,254,131,123
Muchos,blackrock,1807,priest,holy,66,31,35
Tmnstrtw,alakir,1806,priest,holy,102,48,54
Lîrana,ravencrest,1803,priest,holy,136,82,54
Teatime,aegwynn,1800,priest,holy,84,42,42
Kunen,sanguino,1789,priest,holy,138,77,61
Друмги,gordunni,1787,priest,holy,173,80,93
Imbitterx,stormscale,1777,priest,holy,30,21,9
Мамкалол,soulflayer,1776,priest,holy,126,65,61
Stanyú,tarren-mill,1770,priest,holy,48,21,27
Bigwik,tarren-mill,1764,priest,holy,77,36,41
Basilette,hyjal,1761,priest,holy,48,27,21
Holyholy,stormscale,1761,priest,holy,62,24,38
Weezïng,ysondre,1742,priest,holy,108,60,48
Siign,ravencrest,1740,priest,holy,72,32,40
Гоплзнекст,gordunni,1726,priest,holy,360,183,177
Servey,twisting-nether,1721,priest,holy,42,18,24
Wåtrux,alakir,1718,priest,holy,351,185,166
Myste,nemesis,1715,priest,holy,91,48,43
Jim,saurfang,1711,priest,holy,257,127,130
Stinkydog,kazzak,1710,priest,holy,301,153,148
Anníng,tarren-mill,1708,priest,holy,186,108,78
Pigdestroyin,frostmane,1701,priest,holy,66,38,28
Dolens,argent-dawn,1699,priest,holy,112,55,57
Sisko,stormscale,1699,priest,holy,66,32,34
Эльдиремонт,gordunni,1698,priest,holy,60,27,33
Meanbabe,argent-dawn,1683,priest,holy,48,22,26
Phobò,blackrock,1678,priest,holy,89,42,47
Gladíator,blackhand,1677,priest,holy,102,58,44
Rippertmepls,ravencrest,1676,priest,holy,56,33,23
Gokumødex,outland,1676,priest,holy,54,24,30
Calithria,kazzak,1674,priest,holy,160,87,73
Каткааткат,soulflayer,1674,priest,holy,48,23,25
Dranbor,argent-dawn,1672,priest,holy,112,62,50
Alpháømegá,outland,1671,priest,holy,99,51,48
Fízwow,stormscale,1671,priest,holy,76,33,43
Kÿokó,ravencrest,1670,priest,holy,72,40,32
Fleischesser,ravencrest,1668,priest,holy,38,22,16
Harmónia,outland,1667,priest,holy,104,55,49
Psi,hakkar,1662,priest,holy,241,129,112
Stickpas,ysondre,1661,priest,holy,41,18,23
Jiffie,twisting-nether,1655,priest,holy,54,23,31
Møhammed,wrathbringer,1654,priest,holy,185,93,92
Oide,area-52,1653,priest,holy,54,28,26
Câlyr,ragnaros,1647,priest,holy,48,21,27
Ilenna,dun-morogh,1646,priest,holy,66,39,27
Beatrixz,twisting-nether,1645,priest,holy,315,155,160
Sausageboy,tarren-mill,1640,priest,holy,123,54,69
Gøkumodex,tarren-mill,1639,priest,holy,46,22,24
Løøney,kazzak,1638,priest,holy,48,30,18
Budgetdp,archimonde,1623,priest,holy,78,33,45
Malaki,ysondre,1618,priest,holy,62,34,28
Xianxia,twisting-nether,1618,priest,holy,130,65,65
Goytka,tarren-mill,1618,priest,holy,48,24,24
Gnomemonk,stormscale,1618,priest,holy,150,74,76
Eleutheria,grim-batol,1618,priest,holy,57,27,30
Adare,sanguino,1618,priest,holy,48,22,26
Xxmybaxxo,archimonde,1617,priest,holy,30,21,9
Alchemïst,ravencrest,1617,priest,holy,46,21,25
Smïlë,ravencrest,1616,priest,holy,204,102,102
Coolwnbnamex,ravencrest,1614,priest,holy,36,19,17
Sehlia,kazzak,1613,priest,holy,138,74,64
Affro,drakthul,1613,priest,holy,54,27,27
Shanya,thrall,1613,priest,holy,257,127,130
Sïxsïxsïx,ravencrest,1613,priest,holy,43,21,22
Shizzlol,silvermoon,1611,priest,holy,268,126,142
Нубстрим,gordunni,1611,priest,holy,60,28,32
Salvatíon,sanguino,1607,priest,holy,106,46,60
Prëdz,stormscale,1606,priest,holy,238,129,109
Найтингеилл,gordunni,1604,priest,holy,36,17,19
Eox,kazzak,1602,priest,holy,42,23,19
Joeasaurs,ragnaros,1602,priest,holy,106,51,55
Zxø,ravencrest,1601,priest,holy,160,88,72
Cleoana,blackhand,1600,priest,holy,42,23,19
Çhéåtçødé,ravencrest,1594,priest,holy,72,33,39
Anabananaa,ravencrest,1589,priest,holy,64,37,27
Aykò,blackmoore,1588,priest,holy,90,42,48
Dairox,blackrock,1584,priest,holy,143,77,66
Anaqt,silvermoon,1579,priest,holy,87,49,38
Koíré,defias-brotherhood,1578,priest,holy,241,129,112
Dìsclol,draenor,1576,priest,holy,75,40,35
Преттисмайл,gordunni,1576,priest,holy,193,89,104
Dény,ravencrest,1573,priest,holy,102,56,46
Инзора,gordunni,1573,priest,holy,117,63,54
Xzklol,twisting-nether,1572,priest,holy,62,31,31
Cølï,ravencrest,1572,priest,holy,55,25,30
Highn,anetheron,1570,priest,holy,60,33,27
Goofdookie,outland,1563,priest,holy,36,20,16
Ksn,silvermoon,1563,priest,holy,104,53,51
Overdosedtw,die-aldor,1561,priest,holy,36,24,12
Elmaestrø,aegwynn,1558,priest,holy,48,25,23
Phobò,antonidas,1545,priest,holy,170,79,91
Senkín,aegwynn,1542,priest,holy,161,78,83
Isadriel,madmortem,1541,priest,holy,52,31,21
Zellita,ravencrest,1541,priest,holy,42,18,24
Èlysium,grim-batol,1540,priest,holy,48,28,20
Evabae,the-maelstrom,1537,priest,holy,54,29,25
Hyonra,kazzak,1536,priest,holy,66,34,32
Vregoa,twisting-nether,1532,priest,holy,36,17,19
Aethanira,ravencrest,1532,priest,holy,60,27,33
Seeyae,archimonde,1528,priest,holy,36,17,19
Xzklolz,twisting-nether,1527,priest,holy,59,28,31
Hiimgreen,blackhand,1525,priest,holy,84,38,46
Dazé,ravencrest,1520,priest,holy,45,26,19
Alizeé,nazjatar,1516,priest,holy,149,81,68
Divinetouch,ravencrest,1516,priest,holy,78,35,43
Кодис,gordunni,1515,priest,holy,18,16,2
Ghettothug,darksorrow,1515,priest,holy,36,16,20
Dokkaebì,kazzak,1514,priest,holy,135,67,68
Mylini,silvermoon,1510,priest,holy,204,116,88
Cartøøns,ravencrest,1506,priest,holy,66,39,27
Thalane,das-konsortium,1504,priest,holy,48,23,25
Wilby,archimonde,1503,priest,holy,48,21,27
Voodoo,the-maelstrom,1502,priest,holy,108,46,62
Fjonnski,blackmoore,1500,priest,holy,61,33,28
Kubbarn,stormscale,1499,priest,holy,178,98,80
Rines,thrall,1497,priest,holy,165,83,82
Usw,outland,1496,priest,holy,69,23,46
Заволончик,blackscar,1494,priest,holy,102,48,54
Draster,blackrock,1490,priest,holy,53,28,25
Karpiest,stormscale,1489,priest,holy,77,43,34
Suxino,stormscale,1487,priest,holy,180,93,87
Camina,shattered-hand,1486,priest,holy,75,39,36
Эилинг,gordunni,1477,priest,holy,125,71,54
Zlejkadlec,drakthul,1476,priest,holy,93,47,46
Sïlvëräzz,drekthar,1472,priest,holy,53,25,28
Maah,defias-brotherhood,1471,priest,holy,80,46,34
Malkàv,hyjal,1467,priest,holy,30,17,13
Symbolofhope,ravencrest,1465,priest,holy,201,105,96
Sixtyseven,blackhand,1464,priest,holy,78,39,39
Gratcrug,stormrage,1462,priest,holy,36,17,19
Liquoriced,tarren-mill,1460,priest,holy,43,23,20
Mcdeady,tarren-mill,1454,priest,holy,42,19,23
Snåttabaias,stormscale,1451,priest,holy,35,19,16
Hmanco,burning-legion,1449,priest,holy,233,128,105
Mezegis,draenor,1449,priest,holy,48,26,22
Ilkar,archimonde,1444,priest,holy,54,25,29
Jaisuu,ravencrest,1439,priest,holy,30,15,15
Sqwabblepee,stormscale,1438,priest,holy,53,27,26
Lylska,stormreaver,1437,priest,holy,36,15,21
Slakkieslak,archimonde,1435,priest,holy,67,39,28
Иссатея,galakrond,1434,priest,holy,48,23,25
Hoeneygodx,antonidas,1432,priest,holy,36,16,20
Angrk,kazzak,1429,priest,holy,78,48,30
Maerlene,nemesis,1426,priest,holy,42,25,17
Fizzlesp,tarren-mill,1425,priest,holy,30,15,15
Alphacub,ragnaros,1425,priest,holy,82,36,46
Пингзеро,soulflayer,1423,priest,holy,136,65,71
Bubbleup,defias-brotherhood,1421,priest,holy,119,66,53
Алеброн,gordunni,1421,priest,holy,36,19,17
Caihla,silvermoon,1421,priest,holy,30,15,15
Fabs,laughing-skull,1419,priest,holy,61,39,22
Lómesilme,dun-modr,1419,priest,holy,217,112,105
Bilbobanging,aggramar,1419,priest,holy,30,15,15
Kbakå,kazzak,1419,priest,holy,78,37,41
Góldfinger,norgannon,1418,priest,holy,138,66,72
Justheal,stormscale,1416,priest,holy,48,18,30
Elunos,blackrock,1412,priest,holy,112,59,53
Markianos,silvermoon,1412,priest,holy,114,58,56
Dogshtpriest,ravencrest,1411,priest,holy,24,15,9
Ankî,aegwynn,1411,priest,holy,30,15,15
Nastylex,magtheridon,1410,priest,holy,24,15,9
Мектран,gordunni,1408,priest,holy,54,27,27
Kotipope,silvermoon,1407,priest,holy,36,16,20
Hara,elune,1407,priest,holy,47,20,27
Bifs,blackmoore,1405,priest,holy,50,32,18
Scartay,outland,1405,priest,holy,29,15,14
Blacklemons,thrall,1403,priest,holy,48,26,22
Вакидзачи,gordunni,1402,priest,holy,209,105,104
Neoark,archimonde,1397,priest,holy,164,83,81
Elessee,the-maelstrom,1395,priest,holy,83,38,45
Momopriesto,draenor,1395,priest,holy,42,17,25
Nálá,nethersturm,1391,priest,holy,91,50,41
Lädi,ravencrest,1390,priest,holy,78,43,35
Rägà,archimonde,1388,priest,holy,85,46,39
Womanwonderf,ravencrest,1388,priest,holy,65,31,34
Phénylanine,khaz-modan,1387,priest,holy,254,130,124
Delphina,archimonde,1386,priest,holy,201,108,93
Virginmaris,sanguino,1380,priest,holy,89,51,38
Veurjin,uldaman,1378,priest,holy,41,19,22
Cøvu,draenor,1378,priest,holy,94,41,53
Hyonzy,silvermoon,1377,priest,holy,123,63,60
Zorea,twisting-nether,1374,priest,holy,72,36,36
Hereticroka,ysondre,1374,priest,holy,56,26,30
Madcole,blackhand,1371,priest,holy,85,43,42
Konstigadan,twisting-nether,1369,priest,holy,56,26,30
Seladine,ravencrest,1367,priest,holy,125,64,61
Nomakprst,sanguino,1362,priest,holy,60,31,29
Atiyesh,arthas,1360,priest,holy,216,115,101
Tëmärï,ravencrest,1356,priest,holy,72,46,26
Возхд,soulflayer,1356,priest,holy,48,27,21
Certe,twisting-nether,1354,priest,holy,109,52,57
Ebolaidman,ravencrest,1353,priest,holy,24,15,9
Краббожий,greymane,1353,priest,holy,35,15,20
Tyene,voljin,1351,priest,holy,95,53,42
Owait,tarren-mill,1351,priest,holy,36,17,19
Judâspriest,twisting-nether,1351,priest,holy,72,33,39
Pridepriest,twisting-nether,1346,priest,holy,84,42,42
Chibrausorus,archimonde,1340,priest,holy,64,33,31
Moirgana,minahonda,1340,priest,holy,43,21,22
Nino,gorgonnash,1335,priest,holy,66,30,36
Tyrhaa,blackmoore,1334,priest,holy,163,81,82
Midycine,ysondre,1333,priest,holy,169,85,84
Ezechiel,twisting-nether,1331,priest,holy,47,28,19
Ангеланика,gordunni,1330,priest,holy,29,18,11
Fedorah,ragnaros,1330,priest,holy,114,63,51
Orcid,chogall,1327,priest,holy,146,75,71
Alú,draenor,1327,priest,holy,153,73,80
Luxtrii,blackrock,1326,priest,holy,48,20,28
Libetha,ysondre,1323,priest,holy,41,23,18
Migam,kazzak,1321,priest,holy,60,27,33
Hydraximus,garrosh,1319,priest,holy,531,260,271
Bobitä,ravencrest,1318,priest,holy,30,15,15
Alros,elune,1315,priest,holy,60,28,32
Lasuora,nemesis,1315,priest,holy,60,26,34
Davìna,sunstrider,1312,priest,holy,49,22,27
Cherron,argent-dawn,1305,priest,holy,61,27,34
Велост,gordunni,1303,priest,holy,54,27,27
Stàrlîght,chants-éternels,1300,priest,holy,30,17,13
Eurydike,blackrock,1297,priest,holy,64,37,27
Åluneth,kazzak,1297,priest,holy,162,80,82
Byzzi,draenor,1296,priest,holy,203,100,103
Sodatsu,cthun,1284,priest,holy,30,15,15
Papadrak,kazzak,1278,priest,holy,83,43,40
Síuu,kazzak,1277,priest,holy,72,35,37
Tomassur,drakthul,1276,priest,holy,103,52,51
Draconux,terenas,1273,priest,holy,48,18,30
Wintercurse,twisting-nether,1272,priest,holy,52,24,28
Djdesha,tarren-mill,1272,priest,holy,35,16,19
Zakhun,stormrage,1271,priest,holy,82,42,40
Asare,outland,1269,priest,holy,124,66,58
Ethery,argent-dawn,1266,priest,holy,65,33,32
Lykarion,argent-dawn,1265,priest,holy,72,37,35
Elynä,silvermoon,1261,priest,holy,70,44,26
Tudiiheals,frostwolf,1261,priest,holy,91,48,43
Lazheal,khaz-modan,1260,priest,holy,48,27,21
Dôppler,archimonde,1256,priest,holy,23,14,9
Yuhé,elune,1256,priest,holy,26,14,12
Nosgot,earthen-ring,1251,priest,holy,66,32,34
Shaniqua,saurfang,1250,priest,holy,102,53,49
Soapie,defias-brotherhood,1249,priest,holy,24,14,10
Zên,argent-dawn,1248,priest,holy,21,14,7
Avelynn,ravencrest,1248,priest,holy,85,38,47
Misscure,draenor,1247,priest,holy,130,59,71
Holydolly,doomhammer,1246,priest,holy,36,22,14
Maybelline,ravencrest,1245,priest,holy,48,23,25
Jaz,ysondre,1245,priest,holy,54,25,29
Catstretch,ravencrest,1243,priest,holy,95,39,56
Badguymike,ragnaros,1239,priest,holy,24,13,11
Бенигана,soulflayer,1239,priest,holy,48,25,23
Emipriest,tarren-mill,1238,priest,holy,109,48,61
Åzjol,magtheridon,1235,priest,holy,30,13,17
Nerfnerf,kazzak,1232,priest,holy,51,27,24
Pasqualz,ravencrest,1220,priest,holy,77,37,40
Neenä,ravencrest,1214,priest,holy,50,25,25
Dúréx,sanguino,1212,priest,holy,42,28,14
Sohryø,drekthar,1212,priest,holy,42,22,20
Маракеда,soulflayer,1202,priest,holy,35,14,21
Хилтихон,howling-fjord,1200,priest,holy,42,26,16
Скартэикс,howling-fjord,1200,priest,holy,42,20,22
Copperplume,ravenholdt,1195,priest,holy,120,56,64
Kbakå,stormscale,1193,priest,holy,65,27,38
Benificent,argent-dawn,1192,priest,holy,76,38,38
Иннерон,soulflayer,1191,priest,holy,227,113,114
Lhyria,baelgun,1189,priest,holy,48,21,27
Ripjuice,sylvanas,1182,priest,holy,72,38,34
Карнотит,howling-fjord,1182,priest,holy,48,16,32
Хасгерион,gordunni,1180,priest,holy,66,27,39
Morrydin,stormreaver,1177,priest,holy,78,31,47
Nykah,antonidas,1177,priest,holy,73,26,47
Ниеса,lich-king,1174,priest,holy,110,52,58
Jarnary,blackmoore,1171,priest,holy,75,33,42
Голнар,deathguard,1168,priest,holy,32,15,17
Torcena,garrosh,1166,priest,holy,141,70,71
Avtarra,ravencrest,1166,priest,holy,52,24,28
Meatyshaft,doomhammer,1166,priest,holy,51,19,32
Dathlight,argent-dawn,1165,priest,holy,95,48,47
Gloxina,argent-dawn,1160,priest,holy,96,43,53
Nemista,hyjal,1160,priest,holy,70,26,44
Voreno,alonsus,1160,priest,holy,53,18,35
Sàweetie,archimonde,1151,priest,holy,24,12,12
Lyla,frostwolf,1149,priest,holy,48,27,21
Limeslayerx,veklor,1146,priest,holy,18,12,6
Zrada,dalaran,1138,priest,holy,24,12,12
Асггард,borean-tundra,1134,priest,holy,39,25,14
Rastafaja,doomhammer,1133,priest,holy,83,34,49
Andreel,ravencrest,1131,priest,holy,24,12,12
Cazzîe,eredar,1129,priest,holy,18,12,6
Kímbérléy,argent-dawn,1128,priest,holy,93,49,44
Meowcakes,stormscale,1127,priest,holy,54,30,24
Nou,aegwynn,1127,priest,holy,30,12,18
Sücre,dalaran,1125,priest,holy,30,16,14
Quatorze,voljin,1124,priest,holy,30,17,13
Morphuz,tarren-mill,1117,priest,holy,138,62,76
Eazzyy,kazzak,1115,priest,holy,27,12,15
Крайл,blackscar,1109,priest,holy,52,12,40
Penitence,drekthar,1108,priest,holy,32,13,19
Mundwerk,malganis,1107,priest,holy,60,22,38
Dotterin,draenor,1102,priest,holy,24,12,12
Anàriel,elune,1100,priest,holy,42,16,26
Balin,veklor,1096,priest,holy,27,12,15
Holypowér,twisting-nether,1088,priest,holy,30,17,13
Ломаюключики,gordunni,1081,priest,holy,45,22,23
Türapea,draenor,1078,priest,holy,24,14,10
Deeforce,argent-dawn,1072,priest,holy,97,53,44
Crimatoriá,rajaxx,1069,priest,holy,42,22,20
Xxanthos,ysondre,1065,priest,holy,125,70,55
Ludriel,turalyon,1056,priest,holy,54,26,28
Zen,talnivarr,1056,priest,holy,24,11,13
Seanoob,turalyon,1055,priest,holy,18,11,7
Луилэнс,howling-fjord,1055,priest,holy,18,11,7
Boomixed,twisting-nether,1055,priest,holy,18,11,7
Pandakhlys,ysondre,1055,priest,holy,24,11,13
Штанга,blackscar,1055,priest,holy,29,12,17
Cãlyr,ragnaros,1055,priest,holy,30,11,19
Hotforus,silvermoon,1054,priest,holy,18,11,7
Laewen,die-aldor,1054,priest,holy,45,22,23
Тевтонка,goldrinn,1054,priest,holy,54,25,29
Рейеан,soulflayer,1054,priest,holy,24,11,13
Rehnstek,wildhammer,1054,priest,holy,30,11,19
Uro,tirion,1053,priest,holy,30,11,19
Elëkträ,dalaran,1051,priest,holy,18,11,7
Elinaa,die-aldor,1050,priest,holy,24,11,13
Penvon,ravencrest,1049,priest,holy,42,11,31
Fareeya,thrall,1048,priest,holy,18,11,7
Juco,draenor,1048,priest,holy,24,11,13
Blazekk,sylvanas,1048,priest,holy,30,11,19
Ageo,sanguino,1046,priest,holy,18,11,7
Harlemsfnest,blackrock,1042,priest,holy,24,13,11
Leyea,kazzak,1029,priest,holy,49,24,25
Nathamo,archimonde,1028,priest,holy,24,11,13
Haregnor,gorgonnash,1028,priest,holy,42,16,26
Baabaak,frostmane,1026,priest,holy,57,34,23
Swd,burning-blade,1023,priest,holy,28,11,17
Orcü,tarren-mill,1020,priest,holy,48,21,27
Touddixz,blackrock,1020,priest,holy,32,12,20
Brigied,turalyon,1018,priest,holy,99,43,56
Valdos,hyjal,1016,priest,holy,42,13,29
Ankhepope,outland,1013,priest,holy,56,33,23
Bierbändiger,blackhand,1013,priest,holy,29,11,18
Lobogaust,kargath,1012,priest,holy,60,32,28
Ptiteminette,archimonde,1012,priest,holy,26,12,14
Kæos,blackrock,1011,priest,holy,73,31,42
Asraje,eredar,1007,priest,holy,21,16,5
Dampfwalze,nozdormu,1002,priest,holy,38,19,19
Alloktonos,ravencrest,994,priest,holy,92,38,54
Zerula,outland,990,priest,holy,42,21,21
Covidios,twisting-nether,990,priest,holy,93,43,50
Hipnotika,nemesis,988,priest,holy,53,18,35
Narwarion,die-aldor,985,priest,holy,30,12,18
Valtessian,medivh,983,priest,holy,69,33,36
Naieli,antonidas,972,priest,holy,33,16,17
Sickheals,doomhammer,966,priest,holy,42,24,18
Siarai,pozzo-delleternità,964,priest,holy,43,21,22
Maxý,ravencrest,963,priest,holy,42,18,24
Yamai,thrall,960,priest,holy,24,10,14
Десемин,deathguard,960,priest,holy,47,18,29
Mcmuffin,runetotem,959,priest,holy,21,13,8
Ksn,argent-dawn,959,priest,holy,24,10,14
Xlhealscptn,arathor,959,priest,holy,60,19,41
Mesticore,nethersturm,958,priest,holy,24,10,14
Lenneyqt,blackmoore,958,priest,holy,24,10,14
Byebee,stormscale,956,priest,holy,12,10,2
Melodyn,silvermoon,956,priest,holy,24,10,14
Rennic,stormscale,955,priest,holy,18,10,8
Speltmor,stormscale,953,priest,holy,24,10,14
Melancholly,thunderhorn,951,priest,holy,41,19,22
Vickepriest,stormreaver,949,priest,holy,24,10,14
Ayess,aegwynn,947,priest,holy,24,10,14
Aureï,khaz-modan,938,priest,holy,24,10,14
Discxqt,ysondre,924,priest,holy,14,11,3
Archangel,terokkar,916,priest,holy,60,30,30
Авэнсис,howling-fjord,913,priest,holy,36,14,22
Thingsy,draenor,912,priest,holy,59,27,32
Infinitiy,sylvanas,905,priest,holy,36,18,18
Zêlestia,antonidas,905,priest,holy,22,11,11
Ламедрис,gordunni,904,priest,holy,41,10,31
Rahela,dun-modr,897,priest,holy,23,11,12
Rhæveth,ravencrest,864,priest,holy,18,9,9
Peisetti,stormscale,864,priest,holy,18,9,9
Azeeza,stormscale,863,priest,holy,12,9,3
Wèèzing,ysondre,863,priest,holy,12,9,3
Âlolexx,archimonde,863,priest,holy,12,9,3
Kalkudis,blackmoore,862,priest,holy,18,9,9
Fatherliam,emerald-dream,862,priest,holy,24,9,15
Faelvirin,aegwynn,861,priest,holy,18,9,9
Killtrew,ravencrest,861,priest,holy,24,9,15
Marey,blackmoore,860,priest,holy,24,9,15
Athissa,draenor,857,priest,holy,18,9,9
Холимыша,blackscar,856,priest,holy,18,9,9
Omnissiiah,silvermoon,856,priest,holy,24,9,15
Xal,drekthar,851,priest,holy,54,19,35
Ayahuascarli,ravencrest,847,priest,holy,17,9,8
Applecrumßle,ragnaros,840,priest,holy,18,9,9
Beatla,khaz-modan,833,priest,holy,24,9,15
Kanki,haomarush,828,priest,holy,60,25,35
Eglantinna,ravencrest,809,priest,holy,14,10,4
Gertie,blackhand,807,priest,holy,28,9,19
Nokizzle,antonidas,795,priest,holy,14,9,5
Evílz,tarren-mill,768,priest,holy,12,8,4
Vyrá,der-rat-von-dalaran,768,priest,holy,12,8,4
Dotzey,outland,768,priest,holy,12,8,4
Vitae,gorgonnash,768,priest,holy,18,8,10
Ltmp,ravencrest,768,priest,holy,18,8,10
Heilop,kazzak,768,priest,holy,23,8,15
Willxzz,silvermoon,768,priest,holy,24,8,16
Ÿolo,nemesis,768,priest,holy,24,8,16
Маквиэлла,howling-fjord,767,priest,holy,12,8,4
Sak,uldaman,767,priest,holy,18,8,10
Swdjack,blackrock,767,priest,holy,18,8,10
Insaner,ahnqiraj,767,priest,holy,18,8,10
Mianxpriest,tarren-mill,766,priest,holy,18,8,10
Weedony,hyjal,766,priest,holy,18,8,10
Knóld,draenor,766,priest,holy,24,8,16
Krilight,sargeras,765,priest,holy,24,8,16
Melissasky,ragnaros,760,priest,holy,60,22,38
Båbak,frostmane,759,priest,holy,12,8,4
Fratio,krasus,758,priest,holy,18,8,10
Avinci,blackrock,757,priest,holy,18,8,10
Blaulienchen,proudmoore,752,priest,holy,24,9,15
Nakkenils,tarren-mill,751,priest,holy,17,8,9
Besmrtna,saurfang,749,priest,holy,23,8,15
Eternitiy,auchindoun,744,priest,holy,18,8,10
Englishheart,auchindoun,734,priest,holy,17,8,9
Adenisia,hyjal,733,priest,holy,19,9,10
Iliridan,pozzo-delleternità,729,priest,holy,120,39,81
Carbonic,khaz-modan,718,priest,holy,17,8,9
Valentinus,dragonmaw,702,priest,holy,26,8,18
Mélínâ,blackmoore,691,priest,holy,28,9,19
Hølýðéåthjçç,tarren-mill,686,priest,holy,17,8,9
Iiamx,antonidas,672,priest,holy,12,7,5
Гшд,gordunni,672,priest,holy,12,7,5
Ladderpolice,blackmoore,672,priest,holy,12,7,5
Dødy,hyjal,672,priest,holy,12,7,5
Jedimind,kazzak,672,priest,holy,12,7,5
Darkoul,conseil-des-ombres,672,priest,holy,12,7,5
Ainadaxz,ravencrest,672,priest,holy,12,7,5
Willzah,outland,672,priest,holy,12,7,5
Sehrhübsch,malygos,672,priest,holy,18,7,11
Russianpvp,outland,672,priest,holy,18,7,11
Simpadisco,ravencrest,672,priest,holy,18,7,11
Valinoru,silvermoon,672,priest,holy,18,7,11
Skíps,sylvanas,671,priest,holy,12,7,5
Gintøníc,blackmoore,671,priest,holy,12,7,5
Vibby,moonglade,671,priest,holy,18,7,11
Zloop,tarren-mill,670,priest,holy,12,7,5
Qazar,draenor,670,priest,holy,12,7,5
Smolbøi,tarren-mill,670,priest,holy,24,7,17
Dwano,balnazzar,669,priest,holy,12,7,5
Nicksiz,silvermoon,669,priest,holy,18,7,11
Zinary,silvermoon,667,priest,holy,18,7,11
Ledarz,dun-morogh,658,priest,holy,12,7,5
Sarafîsthole,ysondre,655,priest,holy,18,7,11
Killtrewerty,stormscale,638,priest,holy,17,7,10
Waycrest,ravencrest,614,priest,holy,14,8,6
Kirvane,outland,610,priest,holy,15,8,7
Sâtânica,kelthuzad,610,priest,holy,27,8,19
Blâdes,gorgonnash,589,priest,holy,17,7,10
Bij,outland,576,priest,holy,12,6,6
Danina,outland,576,priest,holy,12,6,6
Resuscitator,spinebreaker,576,priest,holy,12,6,6
Darkoul,ravencrest,576,priest,holy,12,6,6
Ahilarry,tarren-mill,576,priest,holy,12,6,6
Nancey,draenor,576,priest,holy,12,6,6
Priestok,archimonde,576,priest,holy,12,6,6
Gigamind,blackrock,576,priest,holy,12,6,6
Padisonpain,blackmoore,576,priest,holy,12,6,6
Zoophobîa,stormscale,576,priest,holy,12,6,6
Tavra,stormscale,576,priest,holy,18,6,12
Мотд,gordunni,576,priest,holy,18,6,12
Zuniya,tarren-mill,576,priest,holy,18,6,12
Gød,magtheridon,576,priest,holy,24,6,18
Hwren,auchindoun,575,priest,holy,12,6,6
Waters,lightbringer,575,priest,holy,12,6,6
Healiea,outland,575,priest,holy,18,6,12
Dokurochan,tarren-mill,575,priest,holy,24,6,18
Cayden,bloodfeather,573,priest,holy,12,6,6
Sîanah,archimonde,572,priest,holy,18,6,12
Spàgno,nemesis,571,priest,holy,18,6,12
Proxypriest,the-maelstrom,571,priest,holy,20,6,14
Drop,los-errantes,569,priest,holy,12,6,6
Valves,saurfang,569,priest,holy,12,6,6
Bloodelfoula,draenor,563,priest,holy,18,6,12
Priestxx,twilights-hammer,543,priest,holy,11,6,5
Rezzurrectum,doomhammer,527,priest,holy,15,6,9
Dotreveal,ravencrest,521,priest,holy,20,7,13
Ralek,hyjal,495,priest,holy,17,6,11
Felaenna,argent-dawn,480,priest,holy,6,5,1
Xytael,burning-legion,480,priest,holy,6,5,1
Secundis,silvermoon,480,priest,holy,6,5,1
Ogiez,sylvanas,480,priest,holy,12,5,7
Velenthan,ragnaros,480,priest,holy,12,5,7
Сказочки,gordunni,480,priest,holy,12,5,7
Лайхтни,howling-fjord,480,priest,holy,12,5,7
Onixa,tarren-mill,480,priest,holy,12,5,7
Purist,arthas,480,priest,holy,12,5,7
Testdeex,ravencrest,480,priest,holy,12,5,7
Shâru,frostmourne,480,priest,holy,12,5,7
Nýkah,antonidas,480,priest,holy,12,5,7
Holymamba,silvermoon,480,priest,holy,12,5,7
Darkoulito,dalaran,480,priest,holy,12,5,7
Quiwzx,blackrock,480,priest,holy,12,5,7
Enèr,hyjal,480,priest,holy,12,5,7
Caz,cthun,480,priest,holy,12,5,7
Mazeari,sylvanas,480,priest,holy,12,5,7
Bamboleon,blackrock,480,priest,holy,12,5,7
Jinxa,draenor,480,priest,holy,18,5,13
Jagardoden,stormscale,480,priest,holy,18,5,13
Letmehêal,archimonde,480,priest,holy,18,5,13
Vannax,arygos,479,priest,holy,6,5,1
Inzané,doomhammer,479,priest,holy,12,5,7
Двакамня,soulflayer,479,priest,holy,12,5,7
Árcadoom,quelthalas,479,priest,holy,12,5,7
Chabbe,ragnaros,479,priest,holy,12,5,7
Alaeddin,kazzak,479,priest,holy,24,5,19
Amemiya,ragnaros,478,priest,holy,12,5,7
Laxara,arthas,478,priest,holy,12,5,7
Monetaria,das-syndikat,477,priest,holy,18,5,13
Xaeo,burning-legion,477,priest,holy,26,5,21
Naid,exodar,474,priest,holy,18,5,13
Azaza,burning-legion,472,priest,holy,12,5,7
Nannymcfee,stormscale,414,priest,holy,11,5,6
Larisä,uldum,391,priest,holy,30,6,24
Пристотян,gordunni,384,priest,holy,6,4,2
Yredias,dalaran,384,priest,holy,6,4,2
Yanclown,tarren-mill,384,priest,holy,6,4,2
Arithon,blackrock,384,priest,holy,6,4,2
Shannywen,nemesis,384,priest,holy,6,4,2
Indrades,blackmoore,384,priest,holy,6,4,2
Wasfürsaft,tarren-mill,384,priest,holy,6,4,2
Daftî,twisting-nether,384,priest,holy,6,4,2
Wixzyx,ravencrest,384,priest,holy,6,4,2
Shanny,kazzak,384,priest,holy,6,4,2
Experimentix,silvermoon,384,priest,holy,6,4,2
Даймэн,gordunni,384,priest,holy,6,4,2
Burnesenbois,chogall,384,priest,holy,6,4,2
Ripperdepip,magtheridon,384,priest,holy,12,4,8
Sayash,chamber-of-aspects,384,priest,holy,12,4,8
Disillusíon,tarren-mill,384,priest,holy,12,4,8
Zarez,stormscale,384,priest,holy,12,4,8
Missdemerè,nemesis,384,priest,holy,12,4,8
Flurri,tarren-mill,384,priest,holy,12,4,8
Alshah,emerald-dream,384,priest,holy,12,4,8
Egozyp,kazzak,384,priest,holy,12,4,8
Clergy,hellfire,384,priest,holy,12,4,8
Bebwaz,kazzak,384,priest,holy,12,4,8
Aladriela,exodar,384,priest,holy,12,4,8
Alterlight,twisting-nether,384,priest,holy,12,4,8
Mydicine,ysondre,384,priest,holy,12,4,8
Skytheory,eredar,384,priest,holy,13,4,9
Кэндимен,gordunni,384,priest,holy,18,4,14
Ømegagødx,outland,384,priest,holy,18,4,14
Ðlcz,blackrock,384,priest,holy,18,4,14
Virgosenpai,silvermoon,384,priest,holy,18,4,14
Taint,khadgar,383,priest,holy,6,4,2
Allwhitte,confrérie-du-thorium,383,priest,holy,6,4,2
Ynnaria,blackmoore,383,priest,holy,12,4,8
Harukaa,aggra-português,383,priest,holy,12,4,8
Blackwidow,chromaggus,383,priest,holy,12,4,8
Ruebi,blackmoore,383,priest,holy,12,4,8
Protegee,draenor,383,priest,holy,18,4,14
Hodza,frostmane,382,priest,holy,6,4,2
Centauria,burning-legion,381,priest,holy,30,4,26
Amanthus,draenor,377,priest,holy,16,6,10
Эгнерия,eversong,367,priest,holy,17,4,13
Nxtlvl,stormscale,352,priest,holy,10,5,5
Pínacoladáqt,stormscale,352,priest,holy,10,4,6
Apuessii,dun-modr,351,priest,holy,11,4,7
Yayaxoxo,archimonde,330,priest,holy,15,5,10
Åshlol,ravencrest,330,priest,holy,15,5,10
Shyvi,ravencrest,319,priest,holy,5,4,1
Zahadoom,stormscale,319,priest,holy,12,5,7
Фионыч,blackscar,288,priest,holy,6,3,3
Góli,argent-dawn,288,priest,holy,6,3,3
Juicedmaboi,tarren-mill,288,priest,holy,6,3,3
Drdiscospec,tarren-mill,288,priest,holy,6,3,3
Jeboc,ravencrest,288,priest,holy,6,3,3
Proteco,antonidas,288,priest,holy,6,3,3
Tribz,kargath,288,priest,holy,6,3,3
Vanadii,blackhand,288,priest,holy,6,3,3
Carnacia,tarren-mill,288,priest,holy,6,3,3
Ðoxy,frostmane,288,priest,holy,6,3,3
Nimsi,ravencrest,288,priest,holy,6,3,3
Ariyia,argent-dawn,288,priest,holy,6,3,3
Aiewn,elune,288,priest,holy,6,3,3
Pyropenance,twisting-nether,288,priest,holy,6,3,3
Хексорик,howling-fjord,288,priest,holy,6,3,3
Shmoly,stormscale,288,priest,holy,6,3,3
Mcx,stormscale,288,priest,holy,6,3,3
ßestworld,draenor,288,priest,holy,6,3,3
Grindgames,pozzo-delleternità,288,priest,holy,6,3,3
Hilerki,draenor,288,priest,holy,6,3,3
Шанэкс,howling-fjord,288,priest,holy,6,3,3
Namsolo,kazzak,288,priest,holy,6,3,3
Tebzy,ravencrest,288,priest,holy,6,3,3
Atremius,dragonmaw,288,priest,holy,6,3,3
Arabpriest,draenor,288,priest,holy,6,3,3
Aruna,ravencrest,288,priest,holy,6,3,3
Bambus,shattered-hand,288,priest,holy,6,3,3
Холихэйт,howling-fjord,288,priest,holy,6,3,3
Alaelis,burning-legion,288,priest,holy,6,3,3
Aïmée,ravencrest,288,priest,holy,6,3,3
Миррен,gordunni,288,priest,holy,6,3,3
Salzholy,malygos,288,priest,holy,6,3,3
Alentissar,nemesis,288,priest,holy,6,3,3
Redy,drakthul,288,priest,holy,6,3,3
Holyheartx,argent-dawn,288,priest,holy,6,3,3
Dathanosp,outland,288,priest,holy,6,3,3
Novella,kult-der-verdammten,288,priest,holy,6,3,3
Аржан,soulflayer,288,priest,holy,6,3,3
Gimeurgold,destromath,288,priest,holy,6,3,3
Dãrkmedic,silvermoon,288,priest,holy,6,3,3
Sebbepriest,twisting-nether,288,priest,holy,10,3,7
Nakali,the-maelstrom,288,priest,holy,12,3,9
Quami,dun-modr,288,priest,holy,12,3,9
Suili,twisting-nether,288,priest,holy,12,3,9
Drminduskâ,ysondre,288,priest,holy,12,3,9
Люблюкофе,deathguard,288,priest,holy,12,3,9
Lurri,tarren-mill,288,priest,holy,12,3,9
Daenaerys,dun-morogh,288,priest,holy,12,3,9
Eihran,stormscale,288,priest,holy,12,3,9
Javvi,sylvanas,288,priest,holy,12,3,9
Farae,arathor,288,priest,holy,24,3,21
Ларуса,gordunni,287,priest,holy,6,3,3
Isiriah,archimonde,287,priest,holy,6,3,3
Clerìc,argent-dawn,255,priest,holy,11,3,8
Lr,aszune,240,priest,holy,9,3,6
Methmakka,kazzak,239,priest,holy,5,3,2
Azrpr,ravencrest,239,priest,holy,5,3,2
Hunfall,stormscale,192,priest,holy,6,2,4
Cheefto,blackmoore,192,priest,holy,6,2,4
Pretzioso,nemesis,192,priest,holy,6,2,4
Micix,tarren-mill,192,priest,holy,6,2,4
Lahammy,kazzak,192,priest,holy,6,2,4
Dertar,archimonde,192,priest,holy,6,2,4
Frvrfridayy,stormscale,192,priest,holy,6,2,4
Dami,defias-brotherhood,192,priest,holy,6,2,4
Skryllette,archimonde,192,priest,holy,6,2,4
Discobrill,silvermoon,192,priest,holy,6,2,4
Priesless,sylvanas,192,priest,holy,6,2,4
Wyez,blackmoore,192,priest,holy,6,2,4
Асуартхас,gordunni,192,priest,holy,6,2,4
Dangerfred,stormscale,192,priest,holy,6,2,4
Llounal,silvermoon,192,priest,holy,6,2,4
Noukeé,blackrock,192,priest,holy,6,2,4
Ihefyehvjrm,ravencrest,192,priest,holy,6,2,4
Eyllise,ragnaros,192,priest,holy,6,2,4
Dîakon,antonidas,192,priest,holy,6,2,4
Solaclypsa,destromath,192,priest,holy,6,2,4
Troedelsuppe,destromath,192,priest,holy,6,2,4
Notatrap,outland,192,priest,holy,6,2,4
Djingischan,twisting-nether,192,priest,holy,6,2,4
Jinxies,twisting-nether,192,priest,holy,6,2,4
Ibunnyqt,aegwynn,192,priest,holy,6,2,4
Yukirito,drakthul,192,priest,holy,6,2,4
Krematorio,twisting-nether,192,priest,holy,6,2,4
Xïâ,hyjal,192,priest,holy,6,2,4
Sigor,hellfire,192,priest,holy,6,2,4
Burnex,thrall,192,priest,holy,6,2,4
Grøums,blackmoore,192,priest,holy,6,2,4
Dinma,argent-dawn,192,priest,holy,6,2,4
Soül,sylvanas,192,priest,holy,6,2,4
Lutzki,the-maelstrom,192,priest,holy,6,2,4
Prästpojken,frostwhisper,192,priest,holy,6,2,4
Келебриана,deepholm,192,priest,holy,6,2,4
Marrisa,khaz-modan,192,priest,holy,6,2,4
Korzec,dun-modr,192,priest,holy,6,2,4
Absórb,quelthalas,192,priest,holy,6,2,4
Prästera,draenor,192,priest,holy,6,2,4
Haxxøn,die-nachtwache,192,priest,holy,6,2,4
Бранлор,howling-fjord,192,priest,holy,8,2,6
Mayalolz,chogall,192,priest,holy,8,2,6
Nøfear,tarren-mill,192,priest,holy,11,2,9
Злыденькая,gordunni,192,priest,holy,12,2,10
Hónòr,sylvanas,192,priest,holy,12,2,10
Ittei,stormscale,192,priest,holy,12,2,10
Køzøxîä,dalaran,192,priest,holy,12,2,10
Гидранист,soulflayer,192,priest,holy,12,2,10
Twh,outland,192,priest,holy,12,2,10
Meynola,ysondre,191,priest,holy,6,2,4
Bianchi,los-errantes,191,priest,holy,6,2,4
Riogas,khaz-modan,191,priest,holy,12,2,10
Safiira,argent-dawn,190,priest,holy,12,2,10
Rankonejames,silvermoon,159,priest,holy,5,2,3
Pinkfloydx,lightbringer,138,priest,holy,9,4,5
Spae,twisting-nether,138,priest,holy,11,4,7
Paterlurki,blackhand,138,priest,holy,10,3,7
Пейлон,howling-fjord,137,priest,holy,10,4,6
Mavisqt,draenor,128,priest,holy,4,2,2
Ûñrêpørtablë,outland,96,priest,holy,3,2,1
Remkoja,blackrock,96,priest,holy,6,1,5
Tÿona,hyjal,96,priest,holy,6,1,5
Kakuzuke,nemesis,96,priest,holy,6,1,5
Peg,talnivarr,96,priest,holy,6,1,5
Lujka,outland,96,priest,holy,6,1,5
Goupillou,hyjal,96,priest,holy,6,1,5
Shicu,blackmoore,96,priest,holy,6,1,5
Superdude,stormscale,96,priest,holy,6,1,5
Lasanka,sylvanas,96,priest,holy,6,1,5
Laadyybirkee,blackhand,96,priest,holy,6,1,5
Saheila,defias-brotherhood,96,priest,holy,6,1,5
Isendriel,outland,96,priest,holy,6,1,5
Rankoneprazt,stormscale,96,priest,holy,6,1,5
Elfhelp,ravencrest,96,priest,holy,6,1,5
Wísp,die-aldor,96,priest,holy,6,1,5
Venomrush,ravencrest,96,priest,holy,6,1,5
Яестькенни,soulflayer,96,priest,holy,6,1,5
Jaatjak,ravencrest,96,priest,holy,6,1,5
Lâughing,ravencrest,96,priest,holy,6,1,5
Spoc,blackrock,96,priest,holy,6,1,5
Эллвинг,howling-fjord,96,priest,holy,6,1,5
Kipnuggetz,burning-legion,96,priest,holy,6,1,5
Borá,twisting-nether,96,priest,holy,6,1,5
Pattie,ragnaros,96,priest,holy,6,1,5
Nuph,ravencrest,96,priest,holy,6,1,5
Jaesabøyx,twisting-nether,96,priest,holy,6,1,5
Slêq,antonidas,96,priest,holy,6,1,5
Батлджес,gordunni,96,priest,holy,6,1,5
Vierfingerjo,eredar,96,priest,holy,6,1,5
Ximenia,eredar,96,priest,holy,6,1,5
Сакредлайв,gordunni,96,priest,holy,6,1,5
Bowie,frostwhisper,96,priest,holy,6,1,5
Eloundir,dalaran,96,priest,holy,6,1,5
Ylenae,twisting-nether,96,priest,holy,6,1,5
Herwin,twisting-nether,96,priest,holy,6,1,5
Mauralin,zirkel-des-cenarius,96,priest,holy,6,1,5
Systerstål,twisting-nether,96,priest,holy,6,1,5
Iirina,draenor,96,priest,holy,6,1,5
Wrongwrong,draenor,96,priest,holy,6,1,5
Myrrha,les-sentinelles,96,priest,holy,6,1,5
Itstooney,doomhammer,96,priest,holy,6,1,5
Zongiz,azjolnerub,96,priest,holy,6,1,5
Kasáya,thrall,96,priest,holy,14,2,12
Doublehealix,argent-dawn,96,priest,holy,12,1,11
Felvytwo,stormscale,96,priest,holy,12,1,11
Plaguestrike,darkspear,96,priest,holy,12,1,11
Kæzm,blackrock,96,priest,holy,12,1,11
Onlyfans,burning-steppes,96,priest,holy,12,1,11
Åme,kirin-tor,96,priest,holy,12,1,11
Mswagner,outland,79,priest,holy,5,1,4
Freshpope,ravencrest,48,priest,holy,3,1,2
Darkyos,azshara,42,priest,holy,6,2,4
Tabítha,blackrock,42,priest,holy,9,2,7
Priestyo,blackrock,42,priest,holy,10,2,8
Bøij,pozzo-delleternità,42,priest,holy,10,2,8
Madvortexe,kazzak,16,priest,holy,1,1,0
Gaalonikus,blackmoore,2235,priest,discipline,92,54,38
Vanostsp,kazzak,2230,priest,discipline,102,56,46
Prêtresacré,archimonde,2211,priest,discipline,83,48,35
Jayti,ravencrest,2205,priest,discipline,115,65,50
Èfflux,ravencrest,2172,priest,discipline,86,54,32
Jackiqt,nemesis,2161,priest,discipline,119,77,42
Bedfirez,ravencrest,2161,priest,discipline,211,122,89
Dripcheck,draenor,2138,priest,discipline,289,155,134
Jtî,ravencrest,2134,priest,discipline,72,47,25
Saentainen,kazzak,2133,priest,discipline,95,68,27
Cylizx,stormscale,2133,priest,discipline,114,62,52
Moonriver,archimonde,2132,priest,discipline,66,39,27
Jaywie,twisting-nether,2132,priest,discipline,156,79,77
Artle,sanguino,2131,priest,discipline,83,44,39
Efflúx,ravencrest,2128,priest,discipline,124,71,53
Azrpr,ravencrest,2128,priest,discipline,82,45,37
Релакз,soulflayer,2124,priest,discipline,120,66,54
Vengefulmaze,ravencrest,2124,priest,discipline,108,55,53
Rébörn,tarren-mill,2123,priest,discipline,71,44,27
Hukkuvahirvi,ravencrest,2122,priest,discipline,99,50,49
Jidammy,ravencrest,2120,priest,discipline,80,41,39
Деадхостх,soulflayer,2117,priest,discipline,72,46,26
Jacknapier,kazzak,2117,priest,discipline,66,39,27
Rñd,ravencrest,2117,priest,discipline,78,40,38
Kleot,ragnaros,2116,priest,discipline,327,173,154
Voxtwo,blackrock,2114,priest,discipline,66,41,25
Pheen,kazzak,2108,priest,discipline,221,121,100
Leahbtw,ravencrest,2106,priest,discipline,150,85,65
Sfÿ,ysondre,2106,priest,discipline,84,43,41
Blessedmix,korgall,2105,priest,discipline,84,48,36
Swdswdswdswd,blackmoore,2105,priest,discipline,94,51,43
Wetnpuffy,ravencrest,2104,priest,discipline,274,145,129
Klonyaryk,ravencrest,2100,priest,discipline,78,47,31
Øbserverx,stormscale,2100,priest,discipline,114,61,53
Мамкалол,soulflayer,2096,priest,discipline,288,150,138
Chasx,ravencrest,2089,priest,discipline,124,61,63
Sèco,sylvanas,2085,priest,discipline,84,44,40
Gudóngmae,ravencrest,2076,priest,discipline,48,32,16
Luxurygirl,nemesis,2076,priest,discipline,54,35,19
Duckiethotx,ragnaros,2070,priest,discipline,78,40,38
Kangaroogodx,ravencrest,2070,priest,discipline,126,62,64
Holypoppa,ravencrest,2063,priest,discipline,181,93,88
Twinkboyx,ragnaros,2060,priest,discipline,129,66,63
Mentalboom,emerald-dream,2060,priest,discipline,185,94,91
Prästpåven,stormscale,2059,priest,discipline,60,36,24
Shøy,nemesis,2051,priest,discipline,222,113,109
Råcòøñ,ravencrest,2049,priest,discipline,103,49,54
Izzý,antonidas,2044,priest,discipline,78,47,31
Boltygnome,blades-edge,2044,priest,discipline,72,43,29
Loví,twisting-nether,2043,priest,discipline,83,43,40
Asanti,die-aldor,2041,priest,discipline,240,137,103
Plsdontnerf,onyxia,2039,priest,discipline,95,55,40
Imprøved,outland,2036,priest,discipline,102,70,32
Rhâpsødy,ravencrest,2033,priest,discipline,107,65,42
Unréål,ravencrest,2033,priest,discipline,186,92,94
Duckiethot,twisting-nether,2031,priest,discipline,166,81,85
Билетлолпро,borean-tundra,2029,priest,discipline,232,113,119
Bindw,tarren-mill,2025,priest,discipline,41,22,19
Reflector,sunstrider,2025,priest,discipline,93,44,49
Faithz,ragnaros,2023,priest,discipline,84,39,45
Mavisqt,draenor,2022,priest,discipline,108,58,50
Crinji,blackmoore,2021,priest,discipline,157,77,80
Dakystepmom,stormreaver,2017,priest,discipline,119,57,62
Гопикзашквар,blackscar,2017,priest,discipline,104,47,57
Priestqtx,kelthuzad,2016,priest,discipline,60,34,26
Wet,twisting-nether,2015,priest,discipline,90,41,49
Gerryqt,draenor,2013,priest,discipline,72,38,34
Villagebike,shadowsong,2012,priest,discipline,42,22,20
Ananous,hyjal,2011,priest,discipline,151,84,67
Timbsheal,tarren-mill,2011,priest,discipline,138,72,66
Разрухаз,gordunni,2011,priest,discipline,95,48,47
Lloreen,ravencrest,2010,priest,discipline,90,49,41
Trialight,ravencrest,2009,priest,discipline,89,57,32
Фастэксп,razuvious,2008,priest,discipline,263,135,128
Nêxt,ravencrest,2007,priest,discipline,102,67,35
Ävbmârsík,kazzak,2006,priest,discipline,143,80,63
Shmoly,stormscale,2006,priest,discipline,97,50,47
Хомячпочка,gordunni,2003,priest,discipline,76,40,36
Tanlytwo,ravencrest,2003,priest,discipline,76,38,38
Underdogx,eredar,2002,priest,discipline,551,282,269
Thelïght,ravencrest,2002,priest,discipline,135,64,71
Shadothat,turalyon,1997,priest,discipline,84,47,37
Ðontargueok,blackmoore,1996,priest,discipline,90,50,40
Nothappy,ragnaros,1996,priest,discipline,66,32,34
Mentalist,dun-modr,1995,priest,discipline,159,76,83
Vajadisc,twisting-nether,1993,priest,discipline,130,56,74
Yânux,aegwynn,1991,priest,discipline,91,50,41
Хомяктьмы,gordunni,1991,priest,discipline,108,57,51
Stavfel,stormscale,1990,priest,discipline,117,63,54
Ltr,tarren-mill,1987,priest,discipline,49,31,18
Dabalthazar,ravencrest,1985,priest,discipline,163,83,80
Нтти,soulflayer,1984,priest,discipline,72,42,30
Neverdome,ravencrest,1980,priest,discipline,294,156,138
Dpriesta,aegwynn,1979,priest,discipline,88,52,36
Synxii,ravencrest,1978,priest,discipline,88,43,45
Acondisc,kazzak,1977,priest,discipline,76,43,33
Ekman,twisting-nether,1977,priest,discipline,128,67,61
Jagardoden,stormscale,1975,priest,discipline,71,42,29
Oioiio,kazzak,1975,priest,discipline,84,42,42
Sinetrax,tarren-mill,1973,priest,discipline,96,57,39
Clapped,ravencrest,1973,priest,discipline,78,38,40
Mercilégion,sargeras,1971,priest,discipline,66,34,32
Sleepypriest,frostmane,1970,priest,discipline,54,31,23
Lyrvanax,ravencrest,1970,priest,discipline,229,113,116
Ziknait,sargeras,1967,priest,discipline,54,34,20
Eukmassus,archimonde,1964,priest,discipline,82,43,39
Djsüssi,frostwolf,1963,priest,discipline,163,76,87
Eau,quelthalas,1962,priest,discipline,124,60,64
Zularia,rexxar,1960,priest,discipline,126,68,58
Lyrvatwo,ravencrest,1959,priest,discipline,49,31,18
Kâiøxx,outland,1958,priest,discipline,228,120,108
Spinebuster,frostwolf,1958,priest,discipline,78,38,40
Mainputa,pozzo-delleternità,1952,priest,discipline,82,38,44
Scortie,blackrock,1951,priest,discipline,61,33,28
Rlyeh,argent-dawn,1949,priest,discipline,65,35,30
Klered,ragnaros,1948,priest,discipline,82,51,31
Алинкалол,howling-fjord,1948,priest,discipline,162,96,66
Salvinia,kelthuzad,1948,priest,discipline,114,57,57
Primayodbain,archimonde,1947,priest,discipline,58,33,25
Önnÿ,dun-modr,1945,priest,discipline,131,66,65
Onyoureyebal,vashj,1944,priest,discipline,126,61,65
Rhauru,tyrande,1944,priest,discipline,110,48,62
Kekkons,sylvanas,1941,priest,discipline,119,61,58
Ebuglatatrov,ravencrest,1941,priest,discipline,120,57,63
Místerbiceps,outland,1940,priest,discipline,95,48,47
Concetto,nazjatar,1939,priest,discipline,48,27,21
Puckhorde,outland,1938,priest,discipline,96,59,37
Mysterymucus,draenor,1938,priest,discipline,102,61,41
Porkhunt,stormscale,1938,priest,discipline,90,52,38
Senga,kazzak,1937,priest,discipline,78,38,40
Summerfinn,ravencrest,1937,priest,discipline,93,44,49
Бенджаминлол,blackscar,1934,priest,discipline,60,27,33
Demora,ysondre,1930,priest,discipline,54,34,20
Свэпи,blackscar,1929,priest,discipline,65,34,31
Rngånxiety,ravencrest,1927,priest,discipline,106,54,52
Mswagner,outland,1926,priest,discipline,65,36,29
Psyheea,stormscale,1926,priest,discipline,139,62,77
Лёнятреппер,blackscar,1925,priest,discipline,183,102,81
Ilumiinatrix,dun-modr,1925,priest,discipline,603,297,306
Uwuslayerx,stormscale,1922,priest,discipline,71,37,34
Akaria,kelthuzad,1922,priest,discipline,66,30,36
Arthezz,ravencrest,1920,priest,discipline,92,50,42
Sharkouly,blackmoore,1920,priest,discipline,54,27,27
Фанпау,soulflayer,1919,priest,discipline,72,34,38
Niniell,blackmoore,1915,priest,discipline,66,43,23
Comedii,blackmoore,1915,priest,discipline,441,227,214
Shinjicum,kazzak,1914,priest,discipline,243,139,104
Nirvz,silvermoon,1913,priest,discipline,78,56,22
Dermaul,kazzak,1913,priest,discipline,42,24,18
Healseri,defias-brotherhood,1912,priest,discipline,210,107,103
Infamoussftw,drakthul,1912,priest,discipline,270,130,140
Eestpr,tarren-mill,1908,priest,discipline,69,37,32
Лайбаси,howling-fjord,1905,priest,discipline,48,24,24
Hampådenbååd,kazzak,1905,priest,discipline,54,26,28
Georgeshxx,ravencrest,1903,priest,discipline,95,50,45
Flongoletta,xavius,1903,priest,discipline,120,62,58
Aist,ragnaros,1902,priest,discipline,78,34,44
Невертрикахд,gordunni,1901,priest,discipline,89,42,47
Kevinsorbo,destromath,1899,priest,discipline,66,35,31
Bigextendo,blackmoore,1899,priest,discipline,144,76,68
Donvyto,blackmoore,1899,priest,discipline,48,24,24
Maxfly,archimonde,1898,priest,discipline,54,29,25
Rîeka,antonidas,1897,priest,discipline,83,40,43
Verti,outland,1896,priest,discipline,106,50,56
Галюхах,soulflayer,1895,priest,discipline,48,25,23
Kêkwshádêzz,blackmoore,1895,priest,discipline,54,27,27
Citadelle,blackmoore,1894,priest,discipline,83,48,35
Potatojuicer,argent-dawn,1894,priest,discipline,135,68,67
Discishârd,ravencrest,1893,priest,discipline,117,60,57
Fearxyz,aegwynn,1891,priest,discipline,66,34,32
Разорлайтх,gordunni,1890,priest,discipline,29,21,8
ßrb,sylvanas,1888,priest,discipline,174,98,76
Wangewover,ravencrest,1888,priest,discipline,147,82,65
Xghj,sylvanas,1887,priest,discipline,72,36,36
Lolylights,tarren-mill,1885,priest,discipline,168,83,85
Voideffsucks,stormscale,1881,priest,discipline,60,32,28
Tazn,thrall,1880,priest,discipline,42,23,19
Syreet,silvermoon,1880,priest,discipline,410,209,201
Merylle,ragnaros,1880,priest,discipline,60,29,31
Aeogon,kazzak,1880,priest,discipline,161,72,89
Sathie,ravencrest,1879,priest,discipline,66,33,33
Goldensp,sanguino,1878,priest,discipline,81,47,34
Entenpanda,kazzak,1877,priest,discipline,86,49,37
Evpisces,archimonde,1875,priest,discipline,305,149,156
Secø,sylvanas,1873,priest,discipline,42,22,20
Elethia,blackmoore,1872,priest,discipline,38,21,17
Yeetedmycat,stormscale,1872,priest,discipline,66,34,32
Imsaltyxd,tarren-mill,1871,priest,discipline,66,39,27
Maybeexp,ravencrest,1871,priest,discipline,42,23,19
Mafakor,ravencrest,1871,priest,discipline,297,150,147
Svakkanxd,kazzak,1871,priest,discipline,70,33,37
Cdïs,tyrande,1870,priest,discipline,54,36,18
Rpriest,outland,1870,priest,discipline,60,34,26
Egî,azshara,1870,priest,discipline,42,20,22
Depridolens,argent-dawn,1869,priest,discipline,42,27,15
Limerençe,ravencrest,1869,priest,discipline,44,25,19
Интеллиджент,gordunni,1868,priest,discipline,42,24,18
ßlinkytwinky,outland,1868,priest,discipline,42,22,20
Zhadow,outland,1868,priest,discipline,150,78,72
Nalakis,archimonde,1866,priest,discipline,115,67,48
Elsuzette,hyjal,1866,priest,discipline,58,30,28
Saniqt,kazzak,1865,priest,discipline,57,35,22
Eliriya,thrall,1865,priest,discipline,282,146,136
Phosdia,festung-der-stürme,1864,priest,discipline,36,24,12
Painchampion,draenor,1864,priest,discipline,54,23,31
Asdfghqwezxc,twisting-nether,1863,priest,discipline,65,35,30
Neffty,aegwynn,1863,priest,discipline,138,73,65
Прощайдуде,gordunni,1863,priest,discipline,65,34,31
Asyncx,ravencrest,1862,priest,discipline,68,35,33
Бенджаминлол,deathguard,1861,priest,discipline,66,33,33
Свдпро,soulflayer,1861,priest,discipline,150,70,80
Pricemg,thrall,1860,priest,discipline,48,29,19
Debeo,ragnaros,1860,priest,discipline,133,74,59
Flao,ravencrest,1860,priest,discipline,52,28,24
Кошечка,deathguard,1860,priest,discipline,41,21,20
Thalanas,ravencrest,1859,priest,discipline,158,90,68
Sublab,kazzak,1859,priest,discipline,60,33,27
Listrix,frostmane,1859,priest,discipline,138,67,71
Artìst,ravencrest,1858,priest,discipline,30,20,10
Мефодийприст,howling-fjord,1858,priest,discipline,102,62,40
Wernou,archimonde,1858,priest,discipline,48,29,19
Cdplz,archimonde,1858,priest,discipline,119,59,60
Monopolygoat,arathor,1858,priest,discipline,181,84,97
Melphixia,stormscale,1857,priest,discipline,47,22,25
Suxino,stormscale,1855,priest,discipline,229,141,88
Ðènnis,argent-dawn,1855,priest,discipline,139,71,68
Unfaithful,twisting-nether,1854,priest,discipline,70,43,27
Cellia,antonidas,1853,priest,discipline,42,25,17
Kripteksx,ravencrest,1853,priest,discipline,53,29,24
Dieterdose,tarren-mill,1852,priest,discipline,44,29,15
Crushmyballs,ravencrest,1852,priest,discipline,60,36,24
Eolîn,draenor,1852,priest,discipline,60,35,25
Лэсивэснэс,soulflayer,1852,priest,discipline,72,30,42
Jellypie,blackrock,1851,priest,discipline,42,28,14
Zêxy,stormscale,1851,priest,discipline,101,53,48
Artle,dun-modr,1850,priest,discipline,64,45,19
Rynnegan,zuljin,1849,priest,discipline,72,31,41
Çhåosgòddess,kazzak,1848,priest,discipline,42,25,17
Карпинчо,soulflayer,1848,priest,discipline,186,91,95
Flensu,stormscale,1847,priest,discipline,94,54,40
Shonsized,argent-dawn,1847,priest,discipline,154,88,66
Aédeira,blackhand,1847,priest,discipline,83,34,49
Flokè,stormscale,1846,priest,discipline,42,26,16
Sdn,twisting-nether,1846,priest,discipline,94,49,45
Andrë,ragnaros,1845,priest,discipline,46,29,17
Justyø,archimonde,1845,priest,discipline,225,131,94
Kuusistöö,kazzak,1845,priest,discipline,92,49,43
Soyloverjuan,auchindoun,1843,priest,discipline,52,27,25
Аэтпио,soulflayer,1843,priest,discipline,126,64,62
Bæsts,ravencrest,1842,priest,discipline,47,35,12
Minilove,ravencrest,1842,priest,discipline,36,22,14
Maulerion,tarren-mill,1842,priest,discipline,92,53,39
Aiwass,twisting-nether,1842,priest,discipline,54,27,27
Kianprie,silvermoon,1842,priest,discipline,101,46,55
Trolldý,outland,1841,priest,discipline,54,33,21
Notnøw,silvermoon,1841,priest,discipline,53,32,21
Mend,tarren-mill,1841,priest,discipline,77,34,43
Danglar,defias-brotherhood,1840,priest,discipline,102,58,44
Луилэнс,howling-fjord,1840,priest,discipline,82,46,36
Twinkerz,ravencrest,1839,priest,discipline,114,70,44
Kàrèm,blutkessel,1839,priest,discipline,48,28,20
Swiftdemise,sylvanas,1839,priest,discipline,178,85,93
Shîn,zirkel-des-cenarius,1839,priest,discipline,72,32,40
Втильте,blackscar,1838,priest,discipline,138,77,61
Sheelah,ravencrest,1838,priest,discipline,66,32,34
Kolerps,ravencrest,1838,priest,discipline,54,25,29
Rezzdar,lightnings-blade,1837,priest,discipline,109,57,52
Fitu,drakthul,1837,priest,discipline,167,86,81
Nasdaq,ravencrest,1837,priest,discipline,60,30,30
Drlovke,stormscale,1837,priest,discipline,114,54,60
Делреона,blackscar,1836,priest,discipline,60,34,26
Azoran,dentarg,1836,priest,discipline,72,33,39
Nevercared,aegwynn,1835,priest,discipline,30,25,5
Некронево,howling-fjord,1835,priest,discipline,51,30,21
Xraid,blackmoore,1835,priest,discipline,62,35,27
Giatros,kazzak,1835,priest,discipline,89,48,41
Bølzer,blackrock,1835,priest,discipline,342,171,171
Видзар,blackscar,1834,priest,discipline,42,27,15
Alwaysøøm,kazzak,1834,priest,discipline,120,77,43
Смотривнебоь,soulflayer,1834,priest,discipline,194,103,91
Luvdisc,ysondre,1834,priest,discipline,68,34,34
Ксенонх,gordunni,1834,priest,discipline,66,30,36
Azaciúx,sylvanas,1832,priest,discipline,48,29,19
Trevorlahey,draenor,1832,priest,discipline,148,84,64
Virulence,twisting-nether,1832,priest,discipline,205,115,90
Yzïam,ravencrest,1832,priest,discipline,68,36,32
Feeqamikka,ragnaros,1832,priest,discipline,61,32,29
Sazuki,sylvanas,1830,priest,discipline,119,71,48
Discberg,kazzak,1830,priest,discipline,54,29,25
Лизагодх,howling-fjord,1830,priest,discipline,306,161,145
Kaizza,burning-legion,1829,priest,discipline,48,30,18
Alusiepriest,ravencrest,1829,priest,discipline,164,102,62
Chnechnechne,outland,1829,priest,discipline,58,35,23
Minipõppy,ravencrest,1829,priest,discipline,250,132,118
Bijaqt,blackmoore,1829,priest,discipline,54,27,27
Akeno,sylvanas,1829,priest,discipline,70,31,39
Pradrak,eredar,1828,priest,discipline,54,31,23
Illuminarexo,sylvanas,1828,priest,discipline,145,82,63
Chivalryy,argent-dawn,1828,priest,discipline,119,64,55
Ingelosi,eredar,1828,priest,discipline,220,118,102
Jconnelly,antonidas,1828,priest,discipline,62,32,30
Itayyxd,doomhammer,1828,priest,discipline,66,34,32
Asdfgfhtjy,stormscale,1828,priest,discipline,60,28,32
Blazingad,kazzak,1827,priest,discipline,173,93,80
Anheduanna,outland,1827,priest,discipline,811,411,400
Ltmp,ravencrest,1827,priest,discipline,48,24,24
Whýççpèrx,ravencrest,1826,priest,discipline,60,33,27
Nadøney,hyjal,1826,priest,discipline,172,87,85
Двачх,soulflayer,1826,priest,discipline,66,32,34
Nissha,stormscale,1826,priest,discipline,66,32,34
Sinetrax,draenor,1825,priest,discipline,48,30,18
Асверай,howling-fjord,1825,priest,discipline,90,55,35
Theythem,stormscale,1825,priest,discipline,42,25,17
Bebydaniwey,eredar,1825,priest,discipline,48,27,21
Moglimeister,blackrock,1825,priest,discipline,72,40,32
Myggsparv,stormscale,1825,priest,discipline,72,39,33
Gimeurgold,destromath,1825,priest,discipline,66,32,34
Chechenkata,ravencrest,1825,priest,discipline,57,27,30
Alicanx,silvermoon,1824,priest,discipline,123,77,46
Faderfarbror,tarren-mill,1824,priest,discipline,103,63,40
Ayõu,ravencrest,1824,priest,discipline,60,36,24
Src,ravencrest,1824,priest,discipline,95,54,41
Collinna,aegwynn,1824,priest,discipline,105,57,48
Tacochrist,kazzak,1824,priest,discipline,132,71,61
Holó,stormscale,1824,priest,discipline,54,25,29
Lanata,blackrock,1823,priest,discipline,60,34,26
Мухаглот,soulflayer,1823,priest,discipline,71,37,34
Cnqz,archimonde,1823,priest,discipline,72,34,38
Sovereignp,aegwynn,1823,priest,discipline,60,28,32
Imahipstaqt,eredar,1822,priest,discipline,57,32,25
Mamaa,stormscale,1822,priest,discipline,72,40,32
Tecc,draenor,1822,priest,discipline,130,65,65
Reckxp,twisting-nether,1822,priest,discipline,72,32,40
Mèlindra,tarren-mill,1821,priest,discipline,35,28,7
Билет,borean-tundra,1821,priest,discipline,42,26,16
Aâraks,khaz-modan,1821,priest,discipline,134,82,52
Tribz,kargath,1821,priest,discipline,36,22,14
Mommymilkrx,argent-dawn,1821,priest,discipline,239,124,115
Miklós,die-aldor,1821,priest,discipline,54,28,26
Scaryolol,blackmoore,1821,priest,discipline,161,83,78
Yamai,thrall,1820,priest,discipline,42,24,18
Saygg,ysondre,1820,priest,discipline,96,51,45
Gaussqt,ravencrest,1820,priest,discipline,84,44,40
Tingoess,silvermoon,1820,priest,discipline,150,75,75
Dotzey,outland,1820,priest,discipline,101,43,58
Yunusgødx,kazzak,1819,priest,discipline,102,65,37
Омилая,gordunni,1819,priest,discipline,42,24,18
Дорогасмеха,howling-fjord,1819,priest,discipline,66,36,30
Felaenna,argent-dawn,1819,priest,discipline,139,75,64
Ðês,ravencrest,1819,priest,discipline,120,62,58
Ilovelily,antonidas,1819,priest,discipline,60,30,30
Vibéz,outland,1819,priest,discipline,54,27,27
Kimspriest,ragnaros,1818,priest,discipline,42,24,18
Dendegodx,kazzak,1818,priest,discipline,120,64,56
Egi,lothar,1818,priest,discipline,51,27,24
Monsterzx,outland,1818,priest,discipline,90,44,46
Sakulus,malganis,1818,priest,discipline,66,31,35
Spiritina,darkmoon-faire,1817,priest,discipline,76,52,24
Lovdisc,ysondre,1817,priest,discipline,54,34,20
Inhibitor,tarren-mill,1817,priest,discipline,48,29,19
Holycuddles,ysondre,1817,priest,discipline,78,47,31
Ashenflexj,draenor,1817,priest,discipline,226,115,111
Ferpy,ragnaros,1817,priest,discipline,66,31,35
Chekkó,blackrock,1817,priest,discipline,77,35,42
Deadandugly,eredar,1817,priest,discipline,84,36,48
Swd,dun-morogh,1816,priest,discipline,36,23,13
Hanniri,archimonde,1816,priest,discipline,48,28,20
Aenon,argent-dawn,1816,priest,discipline,129,72,57
Fatalx,grim-batol,1816,priest,discipline,70,37,33
Соникида,gordunni,1816,priest,discipline,76,39,37
Nedex,thrall,1816,priest,discipline,55,28,27
Semper,sylvanas,1816,priest,discipline,52,26,26
Thaeres,stormscale,1816,priest,discipline,65,31,34
Оченьнеочень,howling-fjord,1816,priest,discipline,72,33,39
Psychout,ravencrest,1816,priest,discipline,66,30,36
Fandac,sylvanas,1815,priest,discipline,60,39,21
Jowaba,ravencrest,1815,priest,discipline,60,38,22
Milamati,kazzak,1815,priest,discipline,90,50,40
Виллавелл,blackscar,1815,priest,discipline,48,24,24
Skitspill,ravencrest,1815,priest,discipline,216,104,112
Zyzx,blackrock,1815,priest,discipline,66,29,37
Menarille,kazzak,1814,priest,discipline,30,25,5
Jannejanne,ravencrest,1814,priest,discipline,30,19,11
Анстахоуп,grom,1814,priest,discipline,192,121,71
Йуп,ashenvale,1814,priest,discipline,52,32,20
Discusting,anachronos,1814,priest,discipline,78,40,38
Jamienism,ravencrest,1814,priest,discipline,54,23,31
Mobcal,twisting-nether,1814,priest,discipline,66,28,38
Daniweyy,eredar,1813,priest,discipline,30,19,11
Dzyxx,ravencrest,1813,priest,discipline,66,37,29
Iwariel,blackmoore,1813,priest,discipline,102,55,47
Dhassy,sanguino,1812,priest,discipline,71,44,27
Elataqt,silvermoon,1812,priest,discipline,79,45,34
Viiu,eredar,1812,priest,discipline,45,25,20
Eedazap,argent-dawn,1812,priest,discipline,58,32,26
Discoqt,aegwynn,1812,priest,discipline,60,30,30
Isalvation,stormscale,1812,priest,discipline,78,38,40
Mïserygødx,nemesis,1811,priest,discipline,84,57,27
Traxtoor,tarren-mill,1811,priest,discipline,85,54,31
Maxmoto,blackrock,1811,priest,discipline,92,56,36
Антошашвп,azuregos,1811,priest,discipline,42,25,17
Cæsifer,blackrock,1811,priest,discipline,100,55,45
Leahuwu,ravencrest,1811,priest,discipline,72,37,35
Miraña,kazzak,1810,priest,discipline,24,19,5
Holyshiiet,stormscale,1810,priest,discipline,138,81,57
Stazqt,conseil-des-ombres,1810,priest,discipline,298,152,146
Ostrogami,silvermoon,1810,priest,discipline,477,234,243
Delftware,tarren-mill,1809,priest,discipline,36,27,9
Xrq,stormscale,1809,priest,discipline,36,27,9
Thedisco,kazzak,1809,priest,discipline,84,56,28
Leahx,dalvengyr,1809,priest,discipline,46,25,21
Джагонх,soulflayer,1809,priest,discipline,60,31,29
Undeathy,ravencrest,1809,priest,discipline,54,27,27
Kuxk,stormscale,1809,priest,discipline,48,24,24
Fønss,sanguino,1809,priest,discipline,77,34,43
Stola,archimonde,1809,priest,discipline,101,41,60
Xutira,silvermoon,1808,priest,discipline,195,109,86
Ohlinsqt,outland,1808,priest,discipline,66,36,30
Уровеньб,soulflayer,1808,priest,discipline,114,60,54
Prips,bladefist,1808,priest,discipline,223,117,106
Aòo,twisting-nether,1808,priest,discipline,95,48,47
Aprilfalls,blackmoore,1808,priest,discipline,54,25,29
Chaxxpriest,blackrock,1808,priest,discipline,113,51,62
Ðézø,twisting-nether,1807,priest,discipline,108,71,37
Ÿolo,nemesis,1807,priest,discipline,80,47,33
Вашачесть,gordunni,1807,priest,discipline,156,84,72
Immortalled,twisting-nether,1807,priest,discipline,144,77,67
Cucurulla,sanguino,1807,priest,discipline,90,47,43
Raw,dragonblight,1807,priest,discipline,72,36,36
Seasonf,tarren-mill,1807,priest,discipline,60,28,32
Hexybtw,stormscale,1806,priest,discipline,30,19,11
Zarahard,draenor,1806,priest,discipline,120,65,55
Zeruhphin,eredar,1806,priest,discipline,54,28,26
Lucksy,antonidas,1806,priest,discipline,60,31,29
Karmev,twisting-nether,1806,priest,discipline,53,26,27
Brigittë,ravencrest,1806,priest,discipline,66,29,37
Светжрец,blackscar,1805,priest,discipline,36,26,10
Tattum,ragnaros,1805,priest,discipline,84,57,27
Andaar,ravencrest,1805,priest,discipline,60,32,28
Поршкаенн,gordunni,1805,priest,discipline,60,32,28
Ipâ,hyjal,1805,priest,discipline,417,207,210
Jeanprêtre,ysondre,1805,priest,discipline,66,30,36
Neems,twisting-nether,1805,priest,discipline,42,19,23
Ïcön,ravencrest,1804,priest,discipline,60,43,17
Priestdos,sanguino,1804,priest,discipline,48,31,17
Ljusmor,silvermoon,1804,priest,discipline,99,62,37
Bennyjamin,kazzak,1804,priest,discipline,74,45,29
Floyyd,kazzak,1804,priest,discipline,42,24,18
Шэдоура,gordunni,1804,priest,discipline,135,76,59
Needsboorst,ravencrest,1804,priest,discipline,66,36,30
Nooxid,eredar,1804,priest,discipline,159,86,73
Remkoja,blackrock,1804,priest,discipline,102,52,50
Altruistx,ravencrest,1804,priest,discipline,78,39,39
Aêalama,argent-dawn,1804,priest,discipline,54,27,27
Chochoo,argent-dawn,1804,priest,discipline,60,25,35
Fogel,turalyon,1803,priest,discipline,96,82,14
Laonar,silvermoon,1803,priest,discipline,181,115,66
Frëija,ravencrest,1803,priest,discipline,59,37,22
Kàalyx,archimonde,1803,priest,discipline,107,55,52
Lunatique,shadowsong,1803,priest,discipline,56,28,28
Gehrke,silvermoon,1803,priest,discipline,105,51,54
Djswdgodx,twisting-nether,1803,priest,discipline,66,32,34
Hamsicam,frostwolf,1803,priest,discipline,176,83,93
Deoxx,kazzak,1803,priest,discipline,126,58,68
Ebiso,ravencrest,1803,priest,discipline,90,41,49
Assiduous,stormreaver,1802,priest,discipline,40,25,15
Ronnyvandamm,destromath,1802,priest,discipline,118,69,49
Bassepriest,tarren-mill,1802,priest,discipline,101,53,48
Jpucciù,ysondre,1802,priest,discipline,66,31,35
Cx,mazrigos,1801,priest,discipline,65,42,23
Shínx,illidan,1801,priest,discipline,90,52,38
Rabbai,twisting-nether,1801,priest,discipline,66,37,29
Artístx,twisting-nether,1801,priest,discipline,53,29,24
Cyabish,twisting-nether,1801,priest,discipline,257,138,119
Зулфар,razuvious,1800,priest,discipline,48,36,12
Wardshield,ravencrest,1800,priest,discipline,29,20,9
Felwy,stormscale,1800,priest,discipline,48,31,17
Hasnoaim,dun-morogh,1800,priest,discipline,66,41,25
Wóllo,stormscale,1800,priest,discipline,66,36,30
Mautiya,blackrock,1800,priest,discipline,96,52,44
Mpßx,tarren-mill,1800,priest,discipline,39,21,18
Enzineum,twisting-nether,1800,priest,discipline,54,28,26
Zuniqa,die-aldor,1800,priest,discipline,221,112,109
Некрогуро,gordunni,1800,priest,discipline,54,27,27
Dès,ravencrest,1800,priest,discipline,153,76,77
Lazyx,tarren-mill,1800,priest,discipline,59,29,30
Mcdodgens,auchindoun,1800,priest,discipline,233,112,121
Stahpit,twisting-nether,1800,priest,discipline,65,31,34
Gothicpriest,blackrock,1799,priest,discipline,54,34,20
Discisiipeli,sylvanas,1799,priest,discipline,72,42,30
Prsx,ravencrest,1799,priest,discipline,120,60,60
Grouptherpst,draenor,1798,priest,discipline,238,117,121
Jâde,bloodhoof,1798,priest,discipline,189,92,97
Фенджидисплх,blackscar,1798,priest,discipline,114,54,60
Dokwhite,blackrock,1797,priest,discipline,41,20,21
Alessana,antonidas,1796,priest,discipline,47,30,17
Georgesheenx,ravencrest,1796,priest,discipline,190,90,100
Seankingkong,ravencrest,1795,priest,discipline,37,23,14
Siezlababo,blackrock,1795,priest,discipline,35,21,14
Bigballer,stormscale,1795,priest,discipline,51,26,25
Trashedd,outland,1795,priest,discipline,87,40,47
Sosûke,archimonde,1794,priest,discipline,54,33,21
Denunciation,argent-dawn,1794,priest,discipline,203,110,93
Keijunâ,ravencrest,1794,priest,discipline,41,21,20
Nàlak,archimonde,1793,priest,discipline,72,34,38
Racecar,executus,1792,priest,discipline,144,71,73
Ihefyehvjrm,ravencrest,1792,priest,discipline,113,55,58
Owrly,bladefist,1789,priest,discipline,178,89,89
Drillinx,tarren-mill,1788,priest,discipline,66,32,34
Hopesallgone,stormscale,1787,priest,discipline,96,58,38
Amtoxic,stormscale,1786,priest,discipline,467,239,228
Touchmypink,ragnaros,1786,priest,discipline,186,89,97
Holyholy,stormscale,1784,priest,discipline,60,40,20
Talbyslegacý,blackmoore,1784,priest,discipline,108,60,48
Изишвд,gordunni,1783,priest,discipline,54,29,25
Schattenface,blackmoore,1783,priest,discipline,101,53,48
Ssjfoxyo,sylvanas,1783,priest,discipline,119,57,62
Khristo,illidan,1782,priest,discipline,60,29,31
Sydnex,blackmoore,1781,priest,discipline,71,44,27
Maikzky,stormreaver,1780,priest,discipline,36,19,17
Zèl,blackmoore,1780,priest,discipline,52,26,26
Батлджес,gordunni,1779,priest,discipline,48,25,23
Emryth,blackhand,1779,priest,discipline,294,152,142
Enilion,draenor,1779,priest,discipline,50,24,26
Charlotten,shattered-hand,1779,priest,discipline,143,61,82
Tiphereth,blackmoore,1777,priest,discipline,36,19,17
Mindx,sylvanas,1777,priest,discipline,191,98,93
Eliana,blackrock,1777,priest,discipline,151,77,74
Stormmyy,kazzak,1777,priest,discipline,42,21,21
Spaanseslof,silvermoon,1776,priest,discipline,126,58,68
Lakeworth,argent-dawn,1776,priest,discipline,134,61,73
Vespbruv,kazzak,1773,priest,discipline,36,25,11
Mentaldeadp,draenor,1773,priest,discipline,135,83,52
Doublefreak,draenor,1773,priest,discipline,72,44,28
Lobbygriefer,ravencrest,1772,priest,discipline,311,167,144
Hellhammer,stormreaver,1772,priest,discipline,154,82,72
Отклонен,soulflayer,1772,priest,discipline,66,32,34
Gajos,frostwolf,1771,priest,discipline,108,63,45
Sláin,outland,1771,priest,discipline,126,63,63
Yugata,archimonde,1770,priest,discipline,104,48,56
Prådâshådëzz,blackmoore,1769,priest,discipline,41,26,15
Magetrainer,tarren-mill,1765,priest,discipline,60,42,18
Líluqt,sanguino,1765,priest,discipline,42,24,18
Ohiofromntty,ravencrest,1764,priest,discipline,24,20,4
Hyw,hyjal,1764,priest,discipline,39,22,17
Nameit,eredar,1763,priest,discipline,194,91,103
Aruna,ravencrest,1761,priest,discipline,70,35,35
Ladderpolice,blackmoore,1761,priest,discipline,54,26,28
Justdänce,hyjal,1760,priest,discipline,52,25,27
Kenzah,ysondre,1759,priest,discipline,30,20,10
Susaj,tarren-mill,1759,priest,discipline,41,23,18
Enteja,outland,1759,priest,discipline,766,388,378
Youngfade,twisting-nether,1759,priest,discipline,70,27,43
Filthyzx,argent-dawn,1758,priest,discipline,54,27,27
Legiondisc,blackmoore,1758,priest,discipline,157,71,86
Ironqt,malfurion,1758,priest,discipline,112,48,64
Aelisendi,draenor,1757,priest,discipline,83,46,37
Sekker,silvermoon,1757,priest,discipline,303,161,142
Mgx,defias-brotherhood,1756,priest,discipline,54,25,29
Шкурюклады,gordunni,1756,priest,discipline,90,40,50
Dreifearfünf,arygos,1754,priest,discipline,90,50,40
Duelistfied,blackrock,1754,priest,discipline,50,24,26
Muncett,dun-modr,1753,priest,discipline,59,38,21
Макстин,howling-fjord,1752,priest,discipline,125,66,59
ßçøûzýìñ,ravencrest,1751,priest,discipline,28,21,7
Merylle,outland,1751,priest,discipline,41,27,14
Fäke,dunemaul,1750,priest,discipline,161,99,62
Kîlo,sylvanas,1750,priest,discipline,42,19,23
Ytsal,stormscale,1750,priest,discipline,60,24,36
Xzep,archimonde,1749,priest,discipline,338,170,168
Hoses,twisting-nether,1749,priest,discipline,149,73,76
Таравера,soulflayer,1748,priest,discipline,125,60,65
Iloveilka,madmortem,1747,priest,discipline,29,19,10
Jempi,argent-dawn,1747,priest,discipline,129,78,51
Pikaboom,the-maelstrom,1747,priest,discipline,48,27,21
Kèvin,das-syndikat,1746,priest,discipline,89,54,35
Utrd,kazzak,1746,priest,discipline,221,106,115
Devoura,sylvanas,1746,priest,discipline,48,23,25
Mystz,dun-modr,1744,priest,discipline,63,34,29
Nadoreille,hyjal,1744,priest,discipline,146,76,70
Rippertmepls,ravencrest,1744,priest,discipline,101,52,49
Rngamer,silvermoon,1743,priest,discipline,30,23,7
Андерприст,soulflayer,1742,priest,discipline,168,86,82
Alpháømegá,outland,1741,priest,discipline,88,40,48
Abømination,hyjal,1740,priest,discipline,123,69,54
Holytop,aegwynn,1740,priest,discipline,48,25,23
Øxxgodx,blackrock,1740,priest,discipline,87,43,44
Pâww,kazzak,1740,priest,discipline,54,26,28
Xeldrania,azshara,1739,priest,discipline,41,22,19
Lyrina,twisting-nether,1738,priest,discipline,364,199,165
Qhub,sylvanas,1738,priest,discipline,154,83,71
Антошашвп,gordunni,1737,priest,discipline,48,25,23
Darktemplarx,magtheridon,1737,priest,discipline,153,77,76
Holyasprin,sylvanas,1735,priest,discipline,72,44,28
Фокусшвд,soulflayer,1735,priest,discipline,132,68,64
Sausageboy,tarren-mill,1734,priest,discipline,54,30,24
Obnoxious,sunstrider,1734,priest,discipline,132,66,66
Mndvx,sylvanas,1733,priest,discipline,122,59,63
Zërøx,ysondre,1733,priest,discipline,77,30,47
Aetas,hyjal,1732,priest,discipline,72,41,31
Windywendy,blackrock,1732,priest,discipline,123,69,54
Norganp,die-aldor,1732,priest,discipline,114,62,52
Kirtarah,aegwynn,1732,priest,discipline,214,107,107
Lilypalmer,stormscale,1731,priest,discipline,72,36,36
Jøjmenejøj,ravencrest,1731,priest,discipline,150,73,77
Vigoria,stormreaver,1731,priest,discipline,101,49,52
Drillin,ravencrest,1731,priest,discipline,42,19,23
Tÿona,hyjal,1730,priest,discipline,176,101,75
Preme,blackhand,1730,priest,discipline,72,34,38
Snuskong,kazzak,1730,priest,discipline,54,25,29
Bunnydisc,outland,1729,priest,discipline,59,29,30
Alexpriest,twisting-nether,1728,priest,discipline,441,230,211
Teradros,blackhand,1727,priest,discipline,53,28,25
Pristern,tarren-mill,1727,priest,discipline,68,34,34
Holyblóod,kazzak,1726,priest,discipline,44,27,17
Darkshdwbrst,malorne,1726,priest,discipline,271,148,123
Targolina,argent-dawn,1726,priest,discipline,289,150,139
Felvytwo,stormscale,1725,priest,discipline,48,24,24
Ranchikswp,ravencrest,1724,priest,discipline,30,18,12
Lucìanà,blackmoore,1723,priest,discipline,30,18,12
Paterfisl,ragnaros,1723,priest,discipline,72,41,31
Rickerstrike,stormscale,1723,priest,discipline,143,71,72
Аскеронх,howling-fjord,1723,priest,discipline,87,41,46
Xians,alakir,1722,priest,discipline,30,18,12
Tricavla,frostmane,1722,priest,discipline,102,55,47
Plsdontcry,blackrock,1722,priest,discipline,54,27,27
Ðeep,archimonde,1721,priest,discipline,36,19,17
Skevitche,hyjal,1721,priest,discipline,208,108,100
Legitha,blackmoore,1720,priest,discipline,45,26,19
Folelli,ysondre,1720,priest,discipline,113,58,55
Pinipom,kazzak,1719,priest,discipline,38,26,12
Pieceoftrash,stormscale,1719,priest,discipline,48,27,21
Leffie,outland,1719,priest,discipline,51,26,25
Neliica,silvermoon,1719,priest,discipline,84,34,50
Milchzáhn,frostwolf,1717,priest,discipline,68,35,33
Roxeal,archimonde,1716,priest,discipline,198,110,88
Fuzzymerge,ravencrest,1716,priest,discipline,76,42,34
Spìrít,ghostlands,1716,priest,discipline,48,24,24
Smiteyoudown,blackrock,1716,priest,discipline,42,21,21
Looney,shadowsong,1715,priest,discipline,36,25,11
Pehmoinen,korgall,1715,priest,discipline,147,75,72
Pestmorran,sylvanas,1715,priest,discipline,318,153,165
Akzar,blackrock,1714,priest,discipline,432,221,211
Holysjodin,tarren-mill,1714,priest,discipline,36,18,18
Тоориал,howling-fjord,1713,priest,discipline,48,29,19
Lowhealing,kazzak,1713,priest,discipline,48,29,19
Артжрец,soulflayer,1713,priest,discipline,76,43,33
Нед,greymane,1713,priest,discipline,243,136,107
Mitha,tarren-mill,1713,priest,discipline,74,41,33
Дъикиймвп,deepholm,1713,priest,discipline,42,22,20
Lerdameur,arakarahm,1712,priest,discipline,155,78,77
Baptized,baelgun,1712,priest,discipline,102,47,55
Holyarnold,silvermoon,1712,priest,discipline,119,51,68
Hannirï,archimonde,1711,priest,discipline,89,62,27
Beabanane,aegwynn,1711,priest,discipline,131,68,63
Roshmanoff,stormscale,1711,priest,discipline,42,20,22
Ðarkan,kaelthas,1709,priest,discipline,132,76,56
Zwu,antonidas,1709,priest,discipline,40,23,17
Кирюшасэмпай,gordunni,1709,priest,discipline,93,49,44
Furtnajebany,tarren-mill,1709,priest,discipline,63,29,34
Kyderr,blackrock,1708,priest,discipline,90,51,39
Awön,stormscale,1708,priest,discipline,46,24,22
Trashpriest,blackrock,1708,priest,discipline,47,19,28
Nihpolz,ragnaros,1707,priest,discipline,87,49,38
Kijhun,uldaman,1707,priest,discipline,72,40,32
Bengtas,ravencrest,1707,priest,discipline,194,93,101
Swkunz,dun-modr,1707,priest,discipline,106,48,58
Scarylol,blackmoore,1706,priest,discipline,30,18,12
Uivi,azjolnerub,1706,priest,discipline,42,22,20
Finiskram,sylvanas,1705,priest,discipline,42,24,18
Krematorio,twisting-nether,1705,priest,discipline,36,18,18
Oscoolytb,archimonde,1705,priest,discipline,120,55,65
Yukasa,silvermoon,1705,priest,discipline,78,34,44
Covidisc,outland,1705,priest,discipline,60,26,34
Kaldhor,ysondre,1705,priest,discipline,71,29,42
Sokratina,ragnaros,1704,priest,discipline,88,58,30
Splf,blackrock,1704,priest,discipline,90,56,34
Dállas,ravencrest,1704,priest,discipline,72,41,31
Eluveitieq,kazzak,1703,priest,discipline,148,81,67
Bandulskii,twisting-nether,1703,priest,discipline,307,151,156
Убикрофт,soulflayer,1703,priest,discipline,49,24,25
Ampara,thrall,1703,priest,discipline,84,41,43
Calling,nozdormu,1702,priest,discipline,65,37,28
Bockx,ragnaros,1702,priest,discipline,66,27,39
Bekznfiend,ragnaros,1701,priest,discipline,48,22,26
Gurgaue,argent-dawn,1701,priest,discipline,53,24,29
Noxr,ravencrest,1701,priest,discipline,68,28,40
Geforcès,archimonde,1701,priest,discipline,107,43,64
Kapts,twisting-nether,1700,priest,discipline,30,18,12
Healbotmvp,ravencrest,1700,priest,discipline,42,24,18
Nimb,blackrock,1700,priest,discipline,66,33,33
Nancey,draenor,1699,priest,discipline,36,18,18
Zzoska,burning-legion,1699,priest,discipline,77,38,39
Verjin,kazzak,1699,priest,discipline,90,36,54
Shieldyman,silvermoon,1698,priest,discipline,48,25,23
Jämar,archimonde,1698,priest,discipline,60,29,31
Закс,blackscar,1698,priest,discipline,48,22,26
Dqt,ragnaros,1698,priest,discipline,71,31,40
Areyqt,ravencrest,1697,priest,discipline,36,22,14
Ödriaell,the-venture-co,1697,priest,discipline,126,64,62
Noviriel,argent-dawn,1697,priest,discipline,76,37,39
Gòldfinger,norgannon,1697,priest,discipline,162,76,86
Døppëlápfèl,tarren-mill,1696,priest,discipline,30,20,10
Kahir,ravencrest,1696,priest,discipline,98,52,46
Ssjx,ravencrest,1696,priest,discipline,48,25,23
Kolinamenuss,dun-morogh,1696,priest,discipline,60,27,33
Cptisus,draenor,1696,priest,discipline,72,31,41
Mixoo,throkferoth,1696,priest,discipline,95,40,55
Менестрели,gordunni,1695,priest,discipline,297,170,127
Savagex,dun-modr,1695,priest,discipline,173,92,81
Swdommeil,aegwynn,1695,priest,discipline,48,24,24
Mcdeady,tarren-mill,1695,priest,discipline,72,34,38
Healêl,sanguino,1695,priest,discipline,71,33,38
Эвэргарден,eversong,1695,priest,discipline,108,45,63
Mopriest,eredar,1694,priest,discipline,56,36,20
Flào,draenor,1694,priest,discipline,42,20,22
Angrypiex,stormscale,1694,priest,discipline,83,38,45
Luxør,blackrock,1694,priest,discipline,42,18,24
Arlekin,ravencrest,1693,priest,discipline,114,70,44
Сонясоукьют,gordunni,1693,priest,discipline,54,26,28
Samaya,blackrock,1693,priest,discipline,147,68,79
Verweven,twisting-nether,1692,priest,discipline,47,26,21
Pierrebourne,blackmoore,1692,priest,discipline,48,23,25
Шаастраха,gordunni,1692,priest,discipline,97,44,53
Shadowlander,dun-modr,1691,priest,discipline,87,46,41
Cctw,archimonde,1691,priest,discipline,54,26,28
Шестьнадцать,gordunni,1689,priest,discipline,107,60,47
Eagrh,ravencrest,1688,priest,discipline,328,185,143
Wérrýxs,kazzak,1688,priest,discipline,148,83,65
Афганский,gordunni,1688,priest,discipline,46,24,22
Прристуха,gordunni,1688,priest,discipline,66,27,39
Hrtbrxkn,ravencrest,1687,priest,discipline,64,39,25
Mantra,blackmoore,1687,priest,discipline,174,87,87
Berseenreikä,the-venture-co,1687,priest,discipline,60,29,31
Эридия,soulflayer,1685,priest,discipline,60,33,27
Seherbazqt,twisting-nether,1685,priest,discipline,177,90,87
Patriamore,jaedenar,1685,priest,discipline,52,25,27
Brilho,frostmane,1685,priest,discipline,117,55,62
Naphell,outland,1684,priest,discipline,102,50,52
Traicklebron,antonidas,1683,priest,discipline,33,21,12
Tabaç,stormscale,1683,priest,discipline,42,26,16
Barackomana,blackrock,1683,priest,discipline,120,56,64
Efeslol,dun-modr,1682,priest,discipline,214,107,107
Prc,stormscale,1681,priest,discipline,60,41,19
Uo,kilrogg,1681,priest,discipline,110,61,49
Пустотность,gordunni,1681,priest,discipline,309,152,157
Lizka,kazzak,1681,priest,discipline,54,26,28
Blâdéira,ravencrest,1681,priest,discipline,141,64,77
Doorix,nethersturm,1681,priest,discipline,62,28,34
Marôs,antonidas,1681,priest,discipline,60,26,34
Donipriest,ravencrest,1680,priest,discipline,66,39,27
Bebwaz,kazzak,1680,priest,discipline,96,54,42
Deathgodx,archimonde,1680,priest,discipline,154,85,69
Swdommeil,blackrock,1680,priest,discipline,36,19,17
Zzbleh,stormscale,1679,priest,discipline,78,44,34
Sheeash,kazzak,1679,priest,discipline,36,18,18
ßrûm,archimonde,1679,priest,discipline,48,23,25
Junglemafia,nemesis,1678,priest,discipline,42,24,18
Céira,malganis,1678,priest,discipline,42,23,19
Fulgus,sanguino,1678,priest,discipline,230,114,116
Sutenör,kazzak,1678,priest,discipline,108,43,65
Mythrixia,draenor,1677,priest,discipline,81,45,36
Kedrack,draenor,1677,priest,discipline,72,40,32
Шайтсунг,soulflayer,1677,priest,discipline,56,30,26
Indîcâ,outland,1677,priest,discipline,54,23,31
Maerlene,nemesis,1677,priest,discipline,63,26,37
Clownspec,twisting-nether,1676,priest,discipline,54,26,28
Jaytï,ravencrest,1675,priest,discipline,36,22,14
Holytopp,aegwynn,1675,priest,discipline,42,25,17
Glyss,draenor,1675,priest,discipline,72,40,32
Vardogz,tirion,1675,priest,discipline,71,34,37
Scarletstory,ravencrest,1675,priest,discipline,148,70,78
Apuessii,dun-modr,1675,priest,discipline,83,36,47
Файкахохо,soulflayer,1675,priest,discipline,59,24,35
Valadaris,outland,1674,priest,discipline,102,56,46
Gødsfåvørite,blackrock,1674,priest,discipline,158,85,73
Anzee,tarren-mill,1674,priest,discipline,48,25,23
Kuraimb,the-maelstrom,1674,priest,discipline,51,26,25
Keryin,draenor,1674,priest,discipline,138,58,80
Разрухаовнз,gordunni,1673,priest,discipline,30,22,8
Zoophobîa,stormscale,1673,priest,discipline,48,25,23
Scurrp,aegwynn,1673,priest,discipline,72,36,36
Lorimac,dun-modr,1673,priest,discipline,195,97,98
Xianstwo,alakir,1673,priest,discipline,54,24,30
Tmnetwo,ravencrest,1673,priest,discipline,42,18,24
Devotedape,draenor,1672,priest,discipline,83,45,38
Byef,kazzak,1671,priest,discipline,56,31,25
Kæzm,blackrock,1671,priest,discipline,77,42,35
Echonic,aegwynn,1671,priest,discipline,225,111,114
Anotu,tarren-mill,1670,priest,discipline,36,21,15
Zaak,kazzak,1670,priest,discipline,59,26,33
Mèix,ysondre,1669,priest,discipline,66,39,27
Csúforck,ragnaros,1669,priest,discipline,48,26,22
Psjk,blackrock,1669,priest,discipline,100,51,49
Karanas,archimonde,1669,priest,discipline,54,27,27
Anbish,burning-legion,1668,priest,discipline,200,113,87
Pokahonta,silvermoon,1668,priest,discipline,249,131,118
Títarie,aegwynn,1668,priest,discipline,42,22,20
Bilbobanging,aggramar,1668,priest,discipline,54,27,27
Sologrifer,sylvanas,1668,priest,discipline,39,19,20
Jarvinia,blackmoore,1668,priest,discipline,58,28,30
Hinorist,kazzak,1668,priest,discipline,148,70,78
Lindvorm,tarren-mill,1667,priest,discipline,120,61,59
Kevokko,silvermoon,1667,priest,discipline,54,23,31
Blerd,eredar,1666,priest,discipline,46,27,19
Nolnilian,archimonde,1666,priest,discipline,42,23,19
Lekken,kazzak,1666,priest,discipline,48,26,22
Kollis,twilights-hammer,1666,priest,discipline,243,123,120
Coqa,blackrock,1666,priest,discipline,42,21,21
Salvatíon,sanguino,1666,priest,discipline,236,105,131
Trntypr,senjin,1665,priest,discipline,84,48,36
Uppiediscyo,ravencrest,1665,priest,discipline,386,204,182
Rêstlêss,blackrock,1665,priest,discipline,89,46,43
Obbdasknob,ravencrest,1665,priest,discipline,100,51,49
Gehrketwo,silvermoon,1664,priest,discipline,42,24,18
Cestrial,sylvanas,1664,priest,discipline,92,49,43
Seemedotin,aegwynn,1663,priest,discipline,30,20,10
Cylantharia,eredar,1663,priest,discipline,114,61,53
Pepeflex,draenor,1663,priest,discipline,84,42,42
Lymhk,blackrock,1663,priest,discipline,48,24,24
Elsieexø,ravencrest,1663,priest,discipline,102,47,55
Alahkazam,alakir,1663,priest,discipline,56,24,32
Sikaanyo,blackhand,1662,priest,discipline,72,38,34
Niagarafalls,ragnaros,1662,priest,discipline,102,53,49
Dìsclol,draenor,1662,priest,discipline,55,28,27
Приствалера,howling-fjord,1662,priest,discipline,343,170,173
Såra,ravencrest,1662,priest,discipline,98,48,50
Ислейн,howling-fjord,1662,priest,discipline,59,24,35
Irefutåbil,stormscale,1661,priest,discipline,96,56,40
Freddyprinze,ravencrest,1661,priest,discipline,81,46,35
Foobi,the-maelstrom,1661,priest,discipline,346,187,159
Kaksel,blackrock,1661,priest,discipline,72,38,34
Syntara,twisting-nether,1661,priest,discipline,424,223,201
Slimcharles,ravencrest,1660,priest,discipline,213,114,99
Бонзайка,blackscar,1660,priest,discipline,53,25,28
Алеброн,gordunni,1660,priest,discipline,54,25,29
Wikpriest,ravencrest,1660,priest,discipline,58,26,32
Krystynal,archimonde,1659,priest,discipline,47,24,23
Жентельмен,deathguard,1659,priest,discipline,96,41,55
Holymoly,talnivarr,1659,priest,discipline,96,40,56
Athelsta,alleria,1658,priest,discipline,93,51,42
Seranà,hyjal,1658,priest,discipline,96,51,45
Пристижнаяя,gordunni,1658,priest,discipline,93,48,45
Yugemilkers,kazzak,1658,priest,discipline,131,66,65
Dispelgodxx,eredar,1658,priest,discipline,54,25,29
Ew,shattered-halls,1658,priest,discipline,58,26,32
Phamy,antonidas,1657,priest,discipline,53,30,23
Krottus,antonidas,1657,priest,discipline,53,28,25
Assacine,aegwynn,1657,priest,discipline,59,31,28
Вакариия,soulflayer,1657,priest,discipline,35,18,17
Nocdsusage,draenor,1657,priest,discipline,214,107,107
Virdeo,aegwynn,1657,priest,discipline,54,26,28
Mald,ravencrest,1656,priest,discipline,108,57,51
Phyxiusx,stormscale,1656,priest,discipline,54,27,27
Awcute,kazzak,1656,priest,discipline,322,156,166
Kaleycuoco,blackrock,1656,priest,discipline,78,36,42
Scarified,aggramar,1655,priest,discipline,66,31,35
Блексебет,soulflayer,1654,priest,discipline,124,73,51
Фалд,gordunni,1654,priest,discipline,42,21,21
Wasnezov,blackhand,1654,priest,discipline,82,39,43
Prästmåns,tarren-mill,1654,priest,discipline,102,48,54
Hexonite,burning-legion,1653,priest,discipline,42,25,17
Йефа,gordunni,1653,priest,discipline,42,23,19
Williamz,ravencrest,1653,priest,discipline,33,18,15
Ecrisis,twisting-nether,1653,priest,discipline,44,22,22
Lowery,argent-dawn,1653,priest,discipline,48,22,26
Ayoutbt,ravencrest,1652,priest,discipline,42,22,20
Meltmvp,thrall,1652,priest,discipline,54,27,27
Mysticmäc,aegwynn,1652,priest,discipline,54,26,28
Ðiiez,ysondre,1652,priest,discipline,85,40,45
Tryhàrdx,stormscale,1652,priest,discipline,54,25,29
Blackbertha,ravencrest,1652,priest,discipline,144,66,78
Danina,outland,1651,priest,discipline,76,44,32
Alesthion,silvermoon,1651,priest,discipline,110,62,48
Danucd,ragnaros,1650,priest,discipline,206,124,82
Pedopräst,stormscale,1650,priest,discipline,72,39,33
Неох,gordunni,1650,priest,discipline,54,29,25
Dathanosp,outland,1649,priest,discipline,48,25,23
Twizl,hyjal,1649,priest,discipline,48,25,23
Элишана,deathguard,1649,priest,discipline,111,54,57
Wonderdispel,ragnaros,1649,priest,discipline,78,31,47
Chèéks,kazzak,1648,priest,discipline,72,43,29
Bizqit,tarren-mill,1648,priest,discipline,245,128,117
Gravebrain,draenor,1648,priest,discipline,226,112,114
Joeelz,blackmoore,1647,priest,discipline,36,25,11
Целитель,gordunni,1647,priest,discipline,61,32,29
Ðæððÿsgïrl,ravencrest,1647,priest,discipline,171,89,82
Ahpøual,archimonde,1647,priest,discipline,180,89,91
Gød,magtheridon,1647,priest,discipline,143,69,74
Sills,twisting-nether,1647,priest,discipline,53,23,30
Følísh,hyjal,1646,priest,discipline,54,38,16
Strawhât,eredar,1646,priest,discipline,53,31,22
Tøxicboy,ravencrest,1646,priest,discipline,89,48,41
Watchmedark,ravencrest,1646,priest,discipline,42,21,21
Urizal,defias-brotherhood,1646,priest,discipline,36,18,18
Yzina,archimonde,1646,priest,discipline,48,21,27
Drée,hyjal,1645,priest,discipline,48,24,24
Qpapi,quelthalas,1645,priest,discipline,36,18,18
Zyrean,bronzebeard,1645,priest,discipline,52,25,27
Gødisc,blackrock,1644,priest,discipline,36,23,13
Smitemachine,ysondre,1644,priest,discipline,33,19,14
Rmt,darksorrow,1644,priest,discipline,42,23,19
Élsias,blackmoore,1644,priest,discipline,48,22,26
Shadowbread,tarren-mill,1642,priest,discipline,90,47,43
Cinnamoroll,ravencrest,1642,priest,discipline,54,26,28
Zsg,draenor,1641,priest,discipline,54,33,21
Walkmydome,twisting-nether,1641,priest,discipline,144,73,71
Репабликуес,gordunni,1641,priest,discipline,36,18,18
Babybeyle,arakarahm,1641,priest,discipline,107,48,59
Duqes,stormreaver,1640,priest,discipline,24,19,5
Xtracheesy,ragnaros,1640,priest,discipline,72,45,27
Fluvnidi,ravencrest,1640,priest,discipline,66,38,28
Kuqezi,archimonde,1640,priest,discipline,90,50,40
Azrella,ravencrest,1640,priest,discipline,48,25,23
Priewyn,ragnaros,1640,priest,discipline,294,152,142
Smilézz,eredar,1640,priest,discipline,108,50,58
Phucme,deathwing,1640,priest,discipline,54,23,31
Cvp,twisting-nether,1640,priest,discipline,54,22,32
Pentøs,archimonde,1639,priest,discipline,32,18,14
Сосиска,deathguard,1639,priest,discipline,35,18,17
Dapope,drakthul,1639,priest,discipline,47,20,27
Øk,draenor,1638,priest,discipline,48,27,21
Vigodis,alleria,1638,priest,discipline,150,83,67
Eliverax,outland,1638,priest,discipline,122,58,64
Zanshin,ravencrest,1637,priest,discipline,29,18,11
Tuitio,blackmoore,1637,priest,discipline,83,46,37
Swoptoplong,blackhand,1637,priest,discipline,497,261,236
Lavendertown,tarren-mill,1637,priest,discipline,80,42,38
Schlämpie,blackmoore,1637,priest,discipline,73,32,41
Randmbare,nemesis,1636,priest,discipline,36,21,15
Nyxoqtxd,ravencrest,1636,priest,discipline,82,45,37
Ванальная,soulflayer,1636,priest,discipline,42,21,21
Milania,ravencrest,1636,priest,discipline,118,57,61
Mohammedx,tarren-mill,1636,priest,discipline,125,58,67
Nintendó,sylvanas,1635,priest,discipline,90,46,44
Veryfine,draenor,1635,priest,discipline,58,28,30
Yûnalescá,blackmoore,1634,priest,discipline,82,44,38
Аая,blackscar,1634,priest,discipline,96,49,47
Wraithtrippz,stormscale,1634,priest,discipline,210,105,105
Sickboy,nordrassil,1633,priest,discipline,46,26,20
Eyecry,sylvanas,1633,priest,discipline,93,49,44
Dotreveal,ravencrest,1633,priest,discipline,107,56,51
Giggí,malganis,1633,priest,discipline,95,48,47
Yameru,stormreaver,1633,priest,discipline,60,22,38
Misántropo,dun-modr,1632,priest,discipline,59,38,21
Yungmazikeen,archimonde,1631,priest,discipline,24,17,7
Babywayn,onyxia,1631,priest,discipline,194,105,89
Nooway,kazzak,1631,priest,discipline,108,55,53
Zofiiee,tarren-mill,1631,priest,discipline,48,24,24
Snutz,draenor,1631,priest,discipline,42,21,21
Ankus,tarren-mill,1631,priest,discipline,48,23,25
Goodra,sylvanas,1630,priest,discipline,30,19,11
Freezeage,stormscale,1630,priest,discipline,48,29,19
Tâmshi,dun-modr,1630,priest,discipline,42,22,20
Luckystar,grim-batol,1630,priest,discipline,65,33,32
Choron,kult-der-verdammten,1630,priest,discipline,107,50,57
Burnesenbois,chogall,1630,priest,discipline,47,18,29
Лютаяшиза,gordunni,1629,priest,discipline,83,51,32
Vregoa,twisting-nether,1629,priest,discipline,71,42,29
Syntaria,pozzo-delleternità,1629,priest,discipline,42,23,19
Kolinamenus,dun-morogh,1629,priest,discipline,142,73,69
Onaltnoqs,silvermoon,1629,priest,discipline,46,22,24
Destinychild,norgannon,1629,priest,discipline,41,19,22
Acidrops,hyjal,1629,priest,discipline,48,22,26
Frojka,outland,1629,priest,discipline,42,19,23
Superdude,stormscale,1629,priest,discipline,59,26,33
Japral,blackhand,1628,priest,discipline,36,25,11
Réquell,twisting-nether,1628,priest,discipline,42,24,18
Leviakerman,blackrock,1628,priest,discipline,42,18,24
Шатолюгран,soulflayer,1627,priest,discipline,82,55,27
Sølvfox,stormscale,1627,priest,discipline,42,25,17
Bambus,shattered-hand,1627,priest,discipline,48,28,20
Lauriinda,culte-de-la-rive-noire,1627,priest,discipline,219,113,106
Krazuk,theradras,1627,priest,discipline,54,27,27
Нз,soulflayer,1627,priest,discipline,47,23,24
Колдрексх,deathguard,1627,priest,discipline,42,20,22
Kaiikoo,ravencrest,1627,priest,discipline,36,17,19
Aleluia,alonsus,1627,priest,discipline,99,43,56
Babibayle,arakarahm,1627,priest,discipline,42,18,24
Aldebrand,dun-modr,1627,priest,discipline,66,27,39
Epa,zuljin,1626,priest,discipline,54,32,22
Tylér,stormscale,1626,priest,discipline,90,52,38
Inoru,stormreaver,1626,priest,discipline,198,104,94
Хомие,soulflayer,1626,priest,discipline,85,44,41
Chrïskz,archimonde,1626,priest,discipline,66,23,43
Discxqt,ysondre,1625,priest,discipline,83,51,32
Sloee,kazzak,1625,priest,discipline,36,21,15
Asgà,stormscale,1625,priest,discipline,30,17,13
Простосори,gordunni,1625,priest,discipline,540,267,273
Luziaa,outland,1625,priest,discipline,83,41,42
Уэйнестелл,booty-bay,1625,priest,discipline,48,21,27
Labadudala,aegwynn,1624,priest,discipline,84,54,30
Garsdal,tarren-mill,1624,priest,discipline,78,43,35
Waffur,twisting-nether,1624,priest,discipline,41,22,19
Hâlez,antonidas,1624,priest,discipline,410,212,198
Darktheu,sanguino,1624,priest,discipline,39,20,19
Znàdix,silvermoon,1624,priest,discipline,252,128,124
Alicewhydel,blackhand,1624,priest,discipline,46,23,23
Farae,arathor,1624,priest,discipline,44,19,25
Hadis,tarren-mill,1624,priest,discipline,84,35,49
Iyannà,blackrock,1623,priest,discipline,36,24,12
Spbosse,aszune,1623,priest,discipline,54,33,21
Artist,outland,1623,priest,discipline,30,17,13
Incaflamesex,sanguino,1623,priest,discipline,36,20,16
Naivah,dun-modr,1623,priest,discipline,56,29,27
Roylian,ravencrest,1623,priest,discipline,36,17,19
Nelielto,stormscale,1622,priest,discipline,28,21,7
Djleffe,stormscale,1622,priest,discipline,39,23,16
Mnu,blackrock,1622,priest,discipline,52,30,22
Lerión,ravencrest,1622,priest,discipline,108,62,46
Мплехибои,gordunni,1622,priest,discipline,54,30,24
Feed,burning-legion,1622,priest,discipline,84,45,39
Кролс,gordunni,1622,priest,discipline,42,22,20
Двелегитоп,howling-fjord,1621,priest,discipline,36,23,13
Zinzor,archimonde,1621,priest,discipline,61,37,24
Eyesønyou,nemesis,1621,priest,discipline,33,19,14
Sicarium,aegwynn,1621,priest,discipline,102,56,46
Babybelle,arakarahm,1621,priest,discipline,61,33,28
Grimdream,ragnaros,1621,priest,discipline,182,92,90
Tepevelf,dun-modr,1621,priest,discipline,272,129,143
Sotriggered,sylvanas,1621,priest,discipline,36,17,19
Mindfiend,stormscale,1621,priest,discipline,81,37,44
Dêmôn,stormscale,1620,priest,discipline,24,17,7
Pewpewpew,krasus,1620,priest,discipline,42,29,13
Abdcefgihljk,tarren-mill,1620,priest,discipline,30,17,13
Pshan,blackmoore,1620,priest,discipline,176,90,86
Shallteár,doomhammer,1620,priest,discipline,192,94,98
Alterlight,twisting-nether,1620,priest,discipline,304,146,158
Тыкофка,gordunni,1620,priest,discipline,152,72,80
Soloqbob,kazzak,1620,priest,discipline,48,22,26
Outtloor,twisting-nether,1619,priest,discipline,39,25,14
Wifta,ravencrest,1619,priest,discipline,54,30,24
Roxxes,kazzak,1619,priest,discipline,42,23,19
Szelén,ragnaros,1619,priest,discipline,54,29,25
Abudhabi,blackhand,1619,priest,discipline,374,187,187
Женяшилд,howling-fjord,1619,priest,discipline,203,101,102
Naripriest,eredar,1619,priest,discipline,48,22,26
Melord,thunderhorn,1618,priest,discipline,44,27,17
Mønsterx,kazzak,1618,priest,discipline,64,37,27
Atothéèx,outland,1618,priest,discipline,48,26,22
Deathblind,blackmoore,1618,priest,discipline,36,17,19
Fainttnt,stormscale,1618,priest,discipline,54,22,32
Medipack,khaz-modan,1617,priest,discipline,54,38,16
Stargal,blackmoore,1617,priest,discipline,30,21,9
Prost,aerie-peak,1617,priest,discipline,71,47,24
Hamati,blackhand,1617,priest,discipline,138,77,61
Cultaken,kazzak,1617,priest,discipline,58,30,28
Asherá,kazzak,1617,priest,discipline,94,41,53
Notnowelf,silvermoon,1617,priest,discipline,48,20,28
Mikeypi,laughing-skull,1616,priest,discipline,36,25,11
Isweariheal,twisting-nether,1616,priest,discipline,58,37,21
Kekkonh,sylvanas,1616,priest,discipline,30,17,13
Saniss,tarren-mill,1616,priest,discipline,78,39,39
Интенси,gordunni,1616,priest,discipline,119,59,60
Binder,tarren-mill,1616,priest,discipline,60,26,34
Krolox,blackhand,1616,priest,discipline,60,25,35
Ñíò,archimonde,1615,priest,discipline,48,27,21
Èightsix,draenor,1615,priest,discipline,161,88,73
Supemi,stormscale,1615,priest,discipline,42,18,24
Mythasz,archimonde,1615,priest,discipline,52,21,31
Kavrack,dalaran,1614,priest,discipline,30,17,13
Prästbaazil,ragnaros,1614,priest,discipline,48,27,21
Мэдсанван,howling-fjord,1614,priest,discipline,174,96,78
Jmp,tarren-mill,1614,priest,discipline,40,21,19
Feardotexe,frostwolf,1614,priest,discipline,163,82,81
Çiione,archimonde,1614,priest,discipline,47,20,27
Cøvu,draenor,1613,priest,discipline,39,25,14
Gnzysan,blackrock,1613,priest,discipline,66,39,27
Appuesi,dun-modr,1613,priest,discipline,30,17,13
Shyria,argent-dawn,1613,priest,discipline,91,47,44
Carnegi,burning-legion,1613,priest,discipline,170,86,84
Jp,gorgonnash,1613,priest,discipline,42,21,21
Swdjack,blackrock,1613,priest,discipline,192,92,100
Zýgzäg,hyjal,1613,priest,discipline,172,81,91
Olurin,rajaxx,1613,priest,discipline,72,29,43
Burningheatx,kazzak,1612,priest,discipline,71,47,24
Няжик,azuregos,1612,priest,discipline,66,33,33
Cptatonement,draenor,1612,priest,discipline,60,30,30
Xoxogg,burning-blade,1611,priest,discipline,108,69,39
Matwucss,outland,1611,priest,discipline,42,25,17
Forcedtoheal,sylvanas,1611,priest,discipline,72,42,30
Verminous,ravencrest,1611,priest,discipline,68,38,30
Shadowboness,twisting-nether,1611,priest,discipline,58,31,27
Диспайзх,gordunni,1611,priest,discipline,204,97,107
Judgementdaý,kazzak,1610,priest,discipline,30,20,10
Fricia,zuljin,1610,priest,discipline,71,40,31
Sosabgd,azjolnerub,1610,priest,discipline,36,20,16
Mojmir,drakthul,1610,priest,discipline,46,25,21
Jibrael,draenor,1610,priest,discipline,84,40,44
Viu,eredar,1610,priest,discipline,51,22,29
Zychopriest,antonidas,1610,priest,discipline,42,17,25
Rylpriest,blackmoore,1609,priest,discipline,36,21,15
Reticlel,kazzak,1609,priest,discipline,93,54,39
Holyshiz,stormrage,1609,priest,discipline,42,24,18
Kdot,drakthul,1609,priest,discipline,86,48,38
Fazzy,nagrand,1609,priest,discipline,76,41,35
Cätälin,twisting-nether,1609,priest,discipline,270,129,141
Серью,booty-bay,1608,priest,discipline,24,18,6
Tremrfinger,dun-modr,1608,priest,discipline,104,60,44
Джахия,soulflayer,1608,priest,discipline,223,122,101
Ranevskiy,kazzak,1608,priest,discipline,121,63,58
Dîablø,eredar,1608,priest,discipline,66,31,35
Fakecats,sargeras,1608,priest,discipline,51,22,29
Monataamis,kazzak,1608,priest,discipline,47,20,27
Neverlandx,bladefist,1607,priest,discipline,46,27,19
Mightnáre,tarren-mill,1607,priest,discipline,36,21,15
Zehakky,tarren-mill,1607,priest,discipline,151,85,66
Oecgreg,ysondre,1607,priest,discipline,70,39,31
Шмэтар,gordunni,1607,priest,discipline,48,25,23
Aurosa,argent-dawn,1607,priest,discipline,123,64,59
Cizer,kazzak,1607,priest,discipline,116,57,59
Zloyvrach,ravencrest,1607,priest,discipline,126,60,66
Solaçe,antonidas,1606,priest,discipline,48,26,22
Trénboloné,tarren-mill,1606,priest,discipline,60,31,29
Interrupted,kazzak,1606,priest,discipline,102,49,53
Дардж,blackscar,1605,priest,discipline,24,17,7
Anabølixx,ravencrest,1605,priest,discipline,36,23,13
Dtpe,kazzak,1605,priest,discipline,93,59,34
Føxy,emerald-dream,1605,priest,discipline,41,23,18
Сайдвиндер,blackscar,1605,priest,discipline,42,21,21
Tárget,frostwolf,1605,priest,discipline,48,22,26
Voleck,aegwynn,1604,priest,discipline,30,17,13
Saénna,burning-legion,1604,priest,discipline,44,22,22
Artì,kazzak,1604,priest,discipline,119,55,64
Thejambura,ragnaros,1603,priest,discipline,116,71,45
Ostberger,twisting-nether,1603,priest,discipline,227,130,97
Mcdced,archimonde,1603,priest,discipline,90,45,45
Healdeal,stormscale,1603,priest,discipline,268,130,138
Хилботгодикс,borean-tundra,1602,priest,discipline,42,32,10
Iløvelena,ravencrest,1602,priest,discipline,39,23,16
Zurlyne,ravencrest,1602,priest,discipline,39,22,17
Хеликси,gordunni,1602,priest,discipline,235,127,108
Horrðr,kazzak,1602,priest,discipline,108,58,50
Xaey,ravencrest,1602,priest,discipline,216,107,109
Cadierna,argent-dawn,1602,priest,discipline,42,19,23
Flygar,outland,1602,priest,discipline,60,27,33
Jackboss,draenor,1602,priest,discipline,74,31,43
Tritíana,blackrock,1601,priest,discipline,186,107,79
Massbimba,tarren-mill,1601,priest,discipline,246,134,112
Jhaazx,nemesis,1601,priest,discipline,233,124,109
Ashuramaru,drakthul,1601,priest,discipline,47,24,23
Мастди,ashenvale,1601,priest,discipline,41,20,21
Xîz,silvermoon,1601,priest,discipline,66,32,34
Yro,gorgonnash,1601,priest,discipline,42,20,22
Stampo,draenor,1601,priest,discipline,70,32,38
Smitebone,tarren-mill,1601,priest,discipline,90,40,50
Enzysama,sanguino,1601,priest,discipline,48,21,27
Киллус,ashenvale,1601,priest,discipline,72,29,43
Lgbtgodx,archimonde,1600,priest,discipline,61,45,16
Ellfle,kazzak,1600,priest,discipline,42,26,16
Trì,thrall,1600,priest,discipline,35,20,15
Dêrbómbêr,guldan,1600,priest,discipline,54,30,24
Sinîra,frostwolf,1600,priest,discipline,110,59,51
Darkprist,sanguino,1600,priest,discipline,66,34,32
Старлайтх,gordunni,1600,priest,discipline,35,18,17
Xangha,burning-legion,1600,priest,discipline,264,133,131
Mirupriest,sanguino,1600,priest,discipline,42,20,22
Foh,antonidas,1600,priest,discipline,36,17,19
Shento,blackhand,1600,priest,discipline,48,21,27
Marícanqt,tarren-mill,1599,priest,discipline,30,23,7
Géèk,alakir,1599,priest,discipline,100,52,48
Blindmymind,malganis,1599,priest,discipline,87,44,43
Yungblessing,stormscale,1599,priest,discipline,36,17,19
Necronidas,burning-legion,1598,priest,discipline,73,38,35
Llamamepadre,dun-modr,1598,priest,discipline,60,29,31
Semagdnim,aggra-português,1597,priest,discipline,51,19,32
Sebikpri,ravencrest,1596,priest,discipline,60,34,26
Tansk,stormscale,1596,priest,discipline,174,97,77
Coldyxz,blackrock,1596,priest,discipline,36,19,17
Shalvy,aegwynn,1596,priest,discipline,212,108,104
Баблби,soulflayer,1596,priest,discipline,169,73,96
Alèxy,tarren-mill,1596,priest,discipline,48,19,29
Hiddenhealz,blackrock,1595,priest,discipline,30,17,13
Dush,draenor,1595,priest,discipline,56,31,25
Helalolsun,archimonde,1595,priest,discipline,79,42,37
Gepeitschter,frostwolf,1595,priest,discipline,202,104,98
Faintly,emeriss,1595,priest,discipline,48,23,25
Moyoo,kazzak,1595,priest,discipline,42,19,23
Hwren,auchindoun,1595,priest,discipline,116,50,66
Légít,argent-dawn,1594,priest,discipline,96,40,56
Reäzx,archimonde,1593,priest,discipline,84,53,31
Haakon,tarren-mill,1593,priest,discipline,30,17,13
Padisonfire,blackmoore,1593,priest,discipline,48,19,29
Badorange,kazzak,1592,priest,discipline,59,29,30
Артфуул,howling-fjord,1591,priest,discipline,36,17,19
Øbz,sylvanas,1591,priest,discipline,72,31,41
Targoviste,archimonde,1590,priest,discipline,395,212,183
Softie,zuljin,1590,priest,discipline,114,61,53
Ptrspriest,twisting-nether,1590,priest,discipline,165,80,85
Bercxu,ragnaros,1589,priest,discipline,99,50,49
Absôlutvôdka,twisting-nether,1588,priest,discipline,54,30,24
Nexìan,ravencrest,1588,priest,discipline,48,23,25
Arvonpenaali,defias-brotherhood,1587,priest,discipline,42,25,17
Yassjr,archimonde,1587,priest,discipline,50,25,25
Vänskap,kazzak,1587,priest,discipline,132,65,67
Worldgamer,blackrock,1587,priest,discipline,130,62,68
Darknun,aggra-português,1587,priest,discipline,65,29,36
Waaqa,outland,1587,priest,discipline,74,28,46
Toba,hellscream,1585,priest,discipline,113,65,48
Aphroditê,blackrock,1585,priest,discipline,40,22,18
Døgfîsh,stormscale,1585,priest,discipline,48,25,23
Sahorie,archimonde,1584,priest,discipline,135,79,56
Copperpriest,draenor,1584,priest,discipline,68,35,33
Skynoxx,ragnaros,1584,priest,discipline,114,56,58
Vanillå,silvermoon,1584,priest,discipline,70,34,36
Dreythan,stormrage,1584,priest,discipline,74,33,41
Parzivál,argent-dawn,1584,priest,discipline,107,47,60
Omgitshuux,blackmoore,1583,priest,discipline,66,31,35
Rankoneprazt,stormscale,1583,priest,discipline,83,38,45
Соулвардинг,soulflayer,1583,priest,discipline,60,26,34
Logath,archimonde,1582,priest,discipline,30,17,13
Амберис,gordunni,1581,priest,discipline,54,27,27
Nÿpô,hyjal,1581,priest,discipline,50,25,25
Чилюнахиле,gordunni,1581,priest,discipline,71,23,48
Slikjar,stormscale,1580,priest,discipline,58,24,34
Twosugars,sylvanas,1579,priest,discipline,138,71,67
Алуан,blackscar,1579,priest,discipline,48,17,31
Ínsäníty,outland,1578,priest,discipline,36,27,9
Fsnx,sylvanas,1578,priest,discipline,34,22,12
Holineß,burning-blade,1578,priest,discipline,84,51,33
Riptile,outland,1578,priest,discipline,70,33,37
Maccz,hyjal,1577,priest,discipline,68,32,36
Chabih,ravencrest,1577,priest,discipline,48,20,28
Shadowfishey,grim-batol,1577,priest,discipline,42,17,25
Eördög,ragnaros,1576,priest,discipline,78,45,33
Макимасама,gordunni,1576,priest,discipline,49,26,23
Флафика,deathguard,1575,priest,discipline,78,45,33
Skyløl,dun-modr,1575,priest,discipline,36,19,17
Вилайф,galakrond,1575,priest,discipline,76,40,36
Botstyleswdx,ravencrest,1575,priest,discipline,190,88,102
Angelofdeàth,kazzak,1574,priest,discipline,132,76,56
Leyasu,eredar,1574,priest,discipline,57,31,26
Limeslayerx,veklor,1574,priest,discipline,48,26,22
Люблюкофе,deathguard,1574,priest,discipline,89,44,45
Raffá,blackhand,1574,priest,discipline,86,36,50
Aia,tyrande,1573,priest,discipline,88,41,47
Biophyzix,aegwynn,1573,priest,discipline,41,18,23
Yoii,nemesis,1572,priest,discipline,52,30,22
Nyarlatothep,boulderfist,1572,priest,discipline,148,77,71
Jpjp,gorgonnash,1571,priest,discipline,47,34,13
Dyliz,stormscale,1571,priest,discipline,247,127,120
Acrio,die-ewige-wacht,1571,priest,discipline,78,39,39
Nzothapostle,baelgun,1571,priest,discipline,249,115,134
Colèy,blackhand,1570,priest,discipline,126,71,55
Miikkap,blackhand,1570,priest,discipline,60,29,31
Bubbelchên,blackhand,1570,priest,discipline,72,32,40
Wâneis,stormscale,1569,priest,discipline,65,38,27
Holysheett,magtheridon,1569,priest,discipline,102,58,44
Blazekk,sylvanas,1569,priest,discipline,109,49,60
Hèmera,tichondrius,1568,priest,discipline,55,41,14
Pipperxp,ravencrest,1568,priest,discipline,48,31,17
Ripperdepip,magtheridon,1568,priest,discipline,213,120,93
Alinone,uldum,1568,priest,discipline,87,47,40
Dreê,hyjal,1568,priest,discipline,42,19,23
Frida,blackrock,1568,priest,discipline,42,18,24
Yënâs,hyjal,1567,priest,discipline,109,63,46
Deadwen,stormscale,1566,priest,discipline,240,133,107
Southyz,stormscale,1566,priest,discipline,105,58,47
Snusprällen,sylvanas,1566,priest,discipline,65,31,34
Denyz,blackrock,1566,priest,discipline,54,21,33
Discipleotl,stormscale,1565,priest,discipline,68,47,21
Aternia,draenor,1565,priest,discipline,89,48,41
Кэндимен,gordunni,1565,priest,discipline,283,152,131
Выдокбля,soulflayer,1563,priest,discipline,34,25,9
Redøm,stormreaver,1563,priest,discipline,42,23,19
Hötchick,outland,1563,priest,discipline,126,64,62
Yacine,blackrock,1563,priest,discipline,126,60,66
Alicanx,twisting-nether,1563,priest,discipline,84,37,47
Zackshock,sanguino,1563,priest,discipline,66,23,43
Unfaker,drakthul,1562,priest,discipline,36,23,13
Марабудх,soulflayer,1562,priest,discipline,92,50,42
Pvpalt,argent-dawn,1562,priest,discipline,69,33,36
Mamabeer,draenor,1561,priest,discipline,78,48,30
Фруктовыйса,gordunni,1561,priest,discipline,32,18,14
Wiwzi,outland,1561,priest,discipline,36,18,18
Astralscare,outland,1560,priest,discipline,97,58,39
Veltrag,sanguino,1560,priest,discipline,60,34,26
Flurri,tarren-mill,1560,priest,discipline,154,86,68
Valfore,eldrethalas,1560,priest,discipline,37,20,17
Raezi,defias-brotherhood,1560,priest,discipline,196,105,91
Рвотка,gordunni,1559,priest,discipline,124,68,56
Toxp,kazzak,1559,priest,discipline,167,75,92
Architectx,ravencrest,1559,priest,discipline,63,28,35
Woodywoodpkr,senjin,1558,priest,discipline,76,43,33
Luuña,ravencrest,1558,priest,discipline,179,98,81
Cav,archimonde,1558,priest,discipline,131,65,66
Daddydisc,tarren-mill,1557,priest,discipline,34,18,16
Dreamscapez,tarren-mill,1557,priest,discipline,67,35,32
Scodây,blackmoore,1557,priest,discipline,266,138,128
Lishado,twisting-nether,1557,priest,discipline,96,49,47
Violentha,kazzak,1557,priest,discipline,208,106,102
Олдмэнсэйд,soulflayer,1557,priest,discipline,134,68,66
Wencis,kazzak,1557,priest,discipline,66,33,33
Shielddanke,blackmoore,1557,priest,discipline,84,40,44
Пальтишко,howling-fjord,1557,priest,discipline,96,45,51
Raawri,blackmoore,1557,priest,discipline,54,24,30
Türsteherxxl,mannoroth,1556,priest,discipline,24,17,7
Lïnkz,kazzak,1556,priest,discipline,66,38,28
Tamy,draenor,1556,priest,discipline,62,33,29
Enimao,tarren-mill,1556,priest,discipline,55,29,26
Exoduz,stormscale,1556,priest,discipline,287,143,144
Träskfarfar,tarren-mill,1556,priest,discipline,42,20,22
Intentoso,nemesis,1556,priest,discipline,36,17,19
Валифа,gordunni,1555,priest,discipline,62,38,24
Lethalhealz,outland,1555,priest,discipline,247,125,122
Cinri,argent-dawn,1555,priest,discipline,241,117,124
Vhim,hyjal,1555,priest,discipline,52,24,28
Рнкх,lich-king,1555,priest,discipline,40,17,23
Fearadelia,thrall,1554,priest,discipline,24,18,6
Cathocrasty,draenor,1554,priest,discipline,123,69,54
Eßola,silvermoon,1554,priest,discipline,88,44,44
Frednshield,tarren-mill,1554,priest,discipline,69,34,35
Mustatomi,stormreaver,1554,priest,discipline,39,17,22
Rher,blackmoore,1553,priest,discipline,85,52,33
Sháady,ravencrest,1553,priest,discipline,78,41,37
Рэйкар,razuvious,1553,priest,discipline,65,33,32
Khâléd,kazzak,1553,priest,discipline,36,17,19
Juggster,bloodhoof,1552,priest,discipline,174,91,83
Cresellia,twisting-nether,1552,priest,discipline,170,81,89
Deathspren,stormscale,1552,priest,discipline,42,19,23
Расспутана,howling-fjord,1551,priest,discipline,320,158,162
Soraal,argent-dawn,1551,priest,discipline,79,39,40
Fuzzybae,ravencrest,1551,priest,discipline,66,32,34
Korzec,dun-modr,1550,priest,discipline,108,57,51
Jandice,blackrock,1550,priest,discipline,36,18,18
Надийя,gordunni,1549,priest,discipline,120,68,52
Xaerah,blackmoore,1549,priest,discipline,78,41,37
Skaliq,tarren-mill,1549,priest,discipline,147,77,70
Nêlumar,aegwynn,1549,priest,discipline,82,42,40
Arkkinunna,outland,1549,priest,discipline,124,59,65
Húlda,auchindoun,1548,priest,discipline,48,24,24
Sonics,antonidas,1548,priest,discipline,66,31,35
Yøløswagg,silvermoon,1548,priest,discipline,98,45,53
Troedelsuppe,destromath,1548,priest,discipline,162,67,95
Aclass,outland,1547,priest,discipline,92,44,48
Karmasmom,kazzak,1547,priest,discipline,42,17,25
Anarame,silvermoon,1546,priest,discipline,45,24,21
Èzì,burning-legion,1546,priest,discipline,173,89,84
Poonies,silvermoon,1546,priest,discipline,124,61,63
Piperxp,ravencrest,1545,priest,discipline,36,19,17
Alphabreyf,tarren-mill,1545,priest,discipline,83,43,40
Rezzurrectum,doomhammer,1545,priest,discipline,105,51,54
Kitanai,silvermoon,1544,priest,discipline,30,17,13
Aasgard,frostwolf,1544,priest,discipline,90,46,44
Disillusíon,tarren-mill,1544,priest,discipline,144,70,74
Diszi,norgannon,1544,priest,discipline,58,28,30
Jesuispasbon,hyjal,1543,priest,discipline,30,17,13
Mêmphìs,twisting-nether,1543,priest,discipline,83,38,45
Cedifanboyx,archimonde,1543,priest,discipline,42,18,24
Kamiyasa,blackmoore,1542,priest,discipline,121,63,58
Admiration,eredar,1542,priest,discipline,47,23,24
Батямелднул,blackscar,1541,priest,discipline,60,36,24
Mtbalt,tarren-mill,1541,priest,discipline,120,71,49
Gingerflexay,archimonde,1541,priest,discipline,36,21,15
Ojh,defias-brotherhood,1541,priest,discipline,48,22,26
Tjat,silvermoon,1540,priest,discipline,66,34,32
Whiskie,twisting-nether,1540,priest,discipline,60,30,30
Psi,hakkar,1540,priest,discipline,36,18,18
Grzmocillaa,burning-legion,1540,priest,discipline,54,26,28
Lahammy,kazzak,1539,priest,discipline,62,33,29
Keyfear,kazzak,1539,priest,discipline,87,44,43
Jetlìfe,ysondre,1539,priest,discipline,36,18,18
Grautesk,chogall,1539,priest,discipline,48,23,25
Влажныйшп,soulflayer,1538,priest,discipline,66,37,29
Alsalty,stormscale,1538,priest,discipline,43,18,25
Ptsd,argent-dawn,1537,priest,discipline,96,46,50
Ecg,silvermoon,1537,priest,discipline,42,18,24
Симпоз,howling-fjord,1537,priest,discipline,80,34,46
Mêduse,ravencrest,1537,priest,discipline,63,21,42
Natapriest,antonidas,1536,priest,discipline,266,145,121
Styilepriest,twisting-nether,1536,priest,discipline,36,18,18
Vicwix,draenor,1535,priest,discipline,29,17,12
Verzeichnis,thrall,1535,priest,discipline,130,76,54
Saintpri,twisting-nether,1535,priest,discipline,96,52,44
Cringê,ravencrest,1535,priest,discipline,30,16,14
Chamelthoe,the-maelstrom,1535,priest,discipline,114,54,60
Yuukii,kult-der-verdammten,1535,priest,discipline,36,17,19
Goblex,hyjal,1535,priest,discipline,63,28,35
Ijzerehenk,outland,1535,priest,discipline,70,26,44
Майндоф,howling-fjord,1534,priest,discipline,60,34,26
Discomacka,twisting-nether,1534,priest,discipline,48,26,22
Pmh,kazzak,1534,priest,discipline,120,60,60
Terno,sylvanas,1534,priest,discipline,356,177,179
Buan,blackmoore,1533,priest,discipline,63,39,24
Aêbi,dalaran,1533,priest,discipline,36,21,15
Painxd,stormscale,1533,priest,discipline,33,18,15
Akemmì,sylvanas,1533,priest,discipline,156,80,76
Tinre,ravenholdt,1533,priest,discipline,48,23,25
Voidsnitch,antonidas,1533,priest,discipline,96,44,52
Tifa,ravencrest,1532,priest,discipline,102,55,47
Rogeron,blackrock,1532,priest,discipline,30,16,14
Remlos,der-rat-von-dalaran,1532,priest,discipline,72,35,37
Valnor,pozzo-delleternità,1532,priest,discipline,57,27,30
Mysticforces,silvermoon,1532,priest,discipline,78,34,44
Володябигуди,howling-fjord,1531,priest,discipline,64,36,28
Sebekklawl,wrathbringer,1531,priest,discipline,97,52,45
Фыбра,soulflayer,1531,priest,discipline,30,16,14
Edoran,ragnaros,1531,priest,discipline,103,54,49
Darkprofit,aegwynn,1531,priest,discipline,113,56,57
Holycrapx,chromaggus,1531,priest,discipline,104,51,53
Wiildsy,tarren-mill,1531,priest,discipline,53,24,29
Ectria,ravencrest,1531,priest,discipline,54,22,32
Glaedahr,blackmoore,1531,priest,discipline,66,26,40
Амбракадабра,blackscar,1530,priest,discipline,36,26,10
Psnextxp,eredar,1530,priest,discipline,87,51,36
Goky,kazzak,1530,priest,discipline,30,16,14
Tutoress,stormscale,1530,priest,discipline,48,23,25
Swallowship,twisting-nether,1530,priest,discipline,36,16,20
Systerstål,twisting-nether,1529,priest,discipline,94,53,41
Remkojatwo,blackrock,1529,priest,discipline,30,16,14
Onelovexx,thrall,1529,priest,discipline,60,28,32
Srakabot,burning-legion,1529,priest,discipline,72,33,39
Kavrack,sargeras,1528,priest,discipline,30,16,14
Deepsea,kazzak,1528,priest,discipline,449,217,232
Nevor,nemesis,1528,priest,discipline,124,57,67
Anyndra,twisting-nether,1527,priest,discipline,36,22,14
Lurri,tarren-mill,1527,priest,discipline,132,68,64
Gûardianwisp,ravencrest,1527,priest,discipline,211,107,104
Ohbenji,ravencrest,1527,priest,discipline,140,67,73
Aïezn,culte-de-la-rive-noire,1527,priest,discipline,194,88,106
Nightreaver,argent-dawn,1526,priest,discipline,63,35,28
Mautijr,blackrock,1526,priest,discipline,302,158,144
Discgodx,ravencrest,1526,priest,discipline,60,31,29
Eleatros,blackrock,1526,priest,discipline,106,52,54
Sethp,hyjal,1525,priest,discipline,30,21,9
Huffinctus,tarren-mill,1525,priest,discipline,112,59,53
Johen,terenas,1525,priest,discipline,102,52,50
Nurbanu,ravencrest,1524,priest,discipline,77,49,28
Skylar,xavius,1524,priest,discipline,48,29,19
Enoriya,blackrock,1524,priest,discipline,259,140,119
Elämäntypy,stormscale,1524,priest,discipline,90,45,45
Yîrâ,antonidas,1524,priest,discipline,192,92,100
Майти,gordunni,1523,priest,discipline,47,25,22
Zoe,aegwynn,1523,priest,discipline,213,112,101
Chôrdi,aegwynn,1523,priest,discipline,154,76,78
Виспх,eversong,1523,priest,discipline,269,120,149
Jackyz,tarren-mill,1523,priest,discipline,60,21,39
Raeratwo,archimonde,1522,priest,discipline,30,16,14
Øpra,nemesis,1522,priest,discipline,30,16,14
Kyseki,ravencrest,1522,priest,discipline,490,250,240
Lythi,eredar,1522,priest,discipline,118,52,66
Cnqx,archimonde,1522,priest,discipline,42,16,26
Lyés,uldaman,1521,priest,discipline,217,130,87
Мдзшка,gordunni,1521,priest,discipline,541,271,270
Prästpojken,frostwhisper,1521,priest,discipline,137,65,72
Yonkerz,frostmane,1521,priest,discipline,222,104,118
Treen,silvermoon,1520,priest,discipline,80,45,35
Drxz,twilights-hammer,1520,priest,discipline,46,24,22
Evõmax,sylvanas,1520,priest,discipline,304,157,147
Mamis,anetheron,1520,priest,discipline,48,22,26
Benau,aegwynn,1519,priest,discipline,60,38,22
Dalylla,aggra-português,1519,priest,discipline,94,52,42
Spirítbox,argent-dawn,1519,priest,discipline,130,71,59
Lilpi,rexxar,1519,priest,discipline,105,56,49
Hateyeleison,burning-legion,1519,priest,discipline,72,34,38
Effectx,stormscale,1519,priest,discipline,84,39,45
Prioheal,hyjal,1518,priest,discipline,72,41,31
Durmadanbas,ravencrest,1518,priest,discipline,51,28,23
Трихоманиаз,ashenvale,1518,priest,discipline,48,23,25
Nubso,aegwynn,1518,priest,discipline,42,20,22
Greyanna,twisting-nether,1518,priest,discipline,42,20,22
Freaki,blackrock,1517,priest,discipline,48,28,20
Rasha,kazzak,1517,priest,discipline,99,56,43
Babloche,archimonde,1516,priest,discipline,48,27,21
Bornxgood,kazzak,1516,priest,discipline,42,18,24
Gotikaa,blackrock,1515,priest,discipline,90,46,44
Louiepr,outland,1515,priest,discipline,36,16,20
Árî,dun-modr,1514,priest,discipline,135,74,61
Гоплзнекст,gordunni,1514,priest,discipline,30,16,14
Lukéy,silvermoon,1514,priest,discipline,66,33,33
Noobpriest,blackrock,1514,priest,discipline,112,54,58
Raesd,argent-dawn,1513,priest,discipline,58,30,28
Kratzîgel,blackmoore,1512,priest,discipline,120,69,51
Grêy,dun-modr,1512,priest,discipline,47,24,23
Erupyks,archimonde,1512,priest,discipline,36,18,18
Ciri,die-aldor,1511,priest,discipline,31,18,13
Eyllise,ragnaros,1511,priest,discipline,359,181,178
Aestina,silvermoon,1511,priest,discipline,120,58,62
Опрометчивый,soulflayer,1510,priest,discipline,42,19,23
Pumpkin,aggramar,1509,priest,discipline,30,19,11
Goldgot,tarren-mill,1509,priest,discipline,42,20,22
Ledania,aegwynn,1508,priest,discipline,37,25,12
Knazh,twisting-nether,1508,priest,discipline,36,20,16
Dairox,blackrock,1508,priest,discipline,130,72,58
Arkatina,outland,1508,priest,discipline,70,38,32
Axla,stormscale,1508,priest,discipline,59,29,30
Gulch,blackmoore,1508,priest,discipline,84,40,44
Castpenance,blackrock,1508,priest,discipline,123,56,67
Лоео,ashenvale,1508,priest,discipline,60,26,34
Crims,twisting-nether,1507,priest,discipline,108,62,46
Healicious,teldrassil,1507,priest,discipline,30,16,14
Kurt,blackrock,1507,priest,discipline,136,66,70
Zealtron,darksorrow,1507,priest,discipline,47,19,28
Апититька,soulflayer,1506,priest,discipline,126,64,62
Исусиприст,deepholm,1506,priest,discipline,42,20,22
Nothic,blackmoore,1506,priest,discipline,130,59,71
Safemode,ravencrest,1505,priest,discipline,47,25,22
Shînnøk,silvermoon,1505,priest,discipline,113,59,54
Смайтвайфу,howling-fjord,1505,priest,discipline,54,27,27
Mortarz,ragnaros,1505,priest,discipline,71,31,40
Dench,azjolnerub,1505,priest,discipline,60,25,35
Derylium,kazzak,1504,priest,discipline,63,42,21
Golletz,twisting-nether,1504,priest,discipline,78,44,34
Остроухх,howling-fjord,1504,priest,discipline,88,49,39
Winnever,dun-modr,1504,priest,discipline,279,151,128
Аферона,soulflayer,1504,priest,discipline,48,24,24
Makemyday,dun-modr,1504,priest,discipline,76,36,40
Supernal,twisting-nether,1504,priest,discipline,72,34,38
Пакетикдот,gordunni,1503,priest,discipline,207,120,87
Heilerharry,blackmoore,1503,priest,discipline,34,19,15
Senpumara,malganis,1502,priest,discipline,282,141,141
Мэдмод,gordunni,1502,priest,discipline,142,64,78
Maskinjundre,bronzebeard,1502,priest,discipline,51,21,30
Xaridan,thrall,1501,priest,discipline,48,31,17
Fartsponge,ragnaros,1501,priest,discipline,31,17,14
Sickwill,blackrock,1500,priest,discipline,52,29,23
Мьюсх,deathguard,1500,priest,discipline,77,42,35
Cúrt,sanguino,1500,priest,discipline,60,29,31
Dreamhatcher,deathwing,1500,priest,discipline,42,18,24
Elwing,darkmoon-faire,1500,priest,discipline,48,18,30
Paìnz,blackhand,1499,priest,discipline,74,43,31
Гачибунта,blackscar,1499,priest,discipline,136,79,57
Cursedme,blackrock,1499,priest,discipline,42,24,18
Ræpriestx,ragnaros,1499,priest,discipline,117,66,51
Anaqt,silvermoon,1499,priest,discipline,317,160,157
Neoni,blackmoore,1499,priest,discipline,198,99,99
Dìsc,ravencrest,1499,priest,discipline,78,37,41
Архиэрей,soulflayer,1499,priest,discipline,51,24,27
Deadthicc,hyjal,1498,priest,discipline,38,26,12
Ixdeadxl,stormscale,1498,priest,discipline,79,48,31
ßabylexa,ravencrest,1498,priest,discipline,116,54,62
Diarolz,sanguino,1497,priest,discipline,81,46,35
Lemontea,frostwolf,1497,priest,discipline,42,23,19
Rizzlerx,blackmoore,1496,priest,discipline,60,34,26
Ruderali,blackmoore,1496,priest,discipline,185,102,83
Jaesabøyx,twisting-nether,1496,priest,discipline,69,35,34
Alz,rashgarroth,1496,priest,discipline,140,68,72
Холиблэк,blackscar,1496,priest,discipline,36,16,20
Towelie,stormscale,1495,priest,discipline,36,16,20
Faouzia,argent-dawn,1495,priest,discipline,36,16,20
Шимату,howling-fjord,1495,priest,discipline,72,25,47
Onetwo,silvermoon,1494,priest,discipline,30,18,12
Drawun,burning-legion,1494,priest,discipline,116,67,49
Ballsbrawlz,sylvanas,1494,priest,discipline,42,24,18
Sheshan,destromath,1494,priest,discipline,53,29,24
Hïstërïä,silvermoon,1494,priest,discipline,57,28,29
Burnex,thrall,1494,priest,discipline,102,49,53
Olio,outland,1494,priest,discipline,76,35,41
Tarîs,archimonde,1494,priest,discipline,72,31,41
Massasax,kazzak,1493,priest,discipline,48,30,18
Soulreapper,blackhand,1493,priest,discipline,189,103,86
Antainis,silvermoon,1493,priest,discipline,155,84,71
Vorynax,silvermoon,1493,priest,discipline,86,40,46
Bublelicious,silvermoon,1492,priest,discipline,84,43,41
Tinpr,sanguino,1492,priest,discipline,111,50,61
Blackheall,nemesis,1491,priest,discipline,42,22,20
Holycrit,aszune,1491,priest,discipline,59,29,30
Aurunea,blackrock,1490,priest,discipline,45,30,15
Fantästic,kazzak,1490,priest,discipline,146,78,68
Littleflash,lightbringer,1490,priest,discipline,87,43,44
Senosaurus,tarren-mill,1490,priest,discipline,78,37,41
Noodlesoup,daggerspine,1489,priest,discipline,121,67,54
Bleedingeyes,tarren-mill,1489,priest,discipline,51,27,24
Nastynina,frostwhisper,1489,priest,discipline,88,42,46
Лилатэль,blackscar,1489,priest,discipline,132,58,74
Tynsxd,silvermoon,1488,priest,discipline,149,83,66
Ceraghk,tichondrius,1488,priest,discipline,144,76,68
Blackbox,burning-legion,1488,priest,discipline,169,80,89
Khazidhea,frostwolf,1488,priest,discipline,87,41,46
Mackópriest,ragnaros,1488,priest,discipline,144,66,78
Sebbepriest,twisting-nether,1487,priest,discipline,42,27,15
Céph,sylvanas,1487,priest,discipline,42,21,21
Iqr,blackmoore,1487,priest,discipline,42,20,22
Fiskpung,draenor,1486,priest,discipline,48,28,20
Orophar,antonidas,1486,priest,discipline,209,107,102
Nomakprst,sanguino,1486,priest,discipline,130,63,67
Mewpew,azjolnerub,1486,priest,discipline,54,23,31
Stevep,tarren-mill,1485,priest,discipline,72,36,36
Cbsad,madmortem,1484,priest,discipline,90,49,41
Daddyfinger,argent-dawn,1483,priest,discipline,109,63,46
Deki,outland,1483,priest,discipline,54,23,31
Enzyme,drakthul,1482,priest,discipline,36,24,12
Тэтэшник,ashenvale,1482,priest,discipline,176,92,84
Shîn,aegwynn,1482,priest,discipline,75,37,38
Redpriestess,kazzak,1481,priest,discipline,29,16,13
Jumperlawl,khaz-modan,1481,priest,discipline,48,26,22
Ihaveibs,doomhammer,1481,priest,discipline,77,36,41
Bloodie,drakthul,1480,priest,discipline,24,16,8
Rikipope,ravencrest,1480,priest,discipline,42,25,17
Подчинись,ashenvale,1480,priest,discipline,134,74,60
Властьтени,gordunni,1480,priest,discipline,163,82,81
Averagenoob,ragnaros,1480,priest,discipline,81,35,46
Джелесана,gordunni,1479,priest,discipline,99,45,54
Ømñyx,outland,1479,priest,discipline,36,16,20
Banaynay,bronzebeard,1479,priest,discipline,59,24,35
Sehek,sanguino,1478,priest,discipline,66,28,38
Лимью,soulflayer,1478,priest,discipline,62,26,36
Yhraeliaegh,defias-brotherhood,1478,priest,discipline,69,26,43
Bromine,twisting-nether,1477,priest,discipline,35,26,9
Aéríthx,ravencrest,1477,priest,discipline,108,52,56
Scréam,eredar,1477,priest,discipline,72,33,39
Chrispriest,argent-dawn,1477,priest,discipline,56,24,32
Ssol,tarren-mill,1476,priest,discipline,60,33,27
Zhenni,ravencrest,1476,priest,discipline,30,16,14
Могулас,soulflayer,1476,priest,discipline,376,188,188
Hunfall,stormscale,1476,priest,discipline,46,23,23
Пеппаслав,soulflayer,1475,priest,discipline,42,22,20
Keewix,ysondre,1475,priest,discipline,95,46,49
Devot,outland,1474,priest,discipline,126,68,58
Mzpriest,dalaran,1474,priest,discipline,76,41,35
Jakeow,auchindoun,1474,priest,discipline,87,46,41
Prezica,stormscale,1474,priest,discipline,137,72,65
Aboû,archimonde,1474,priest,discipline,48,25,23
Buzzy,twisting-nether,1474,priest,discipline,102,53,49
Chuckline,eredar,1474,priest,discipline,90,43,47
Holymöly,archimonde,1474,priest,discipline,49,20,29
Licktheheal,outland,1473,priest,discipline,30,17,13
Санггвиний,soulflayer,1473,priest,discipline,108,55,53
Sannti,twisting-nether,1473,priest,discipline,48,24,24
Torî,blackrock,1473,priest,discipline,36,17,19
Sorrybowtdat,tarren-mill,1473,priest,discipline,120,56,64
Nerfpriest,tarren-mill,1473,priest,discipline,108,50,58
Джулибуба,borean-tundra,1473,priest,discipline,57,26,31
Vanadii,blackhand,1472,priest,discipline,48,28,20
Chimara,eredar,1472,priest,discipline,166,89,77
Marllen,twisting-nether,1472,priest,discipline,139,68,71
Acik,bladefist,1472,priest,discipline,59,27,32
Sctheal,outland,1472,priest,discipline,42,18,24
Themistia,kazzak,1471,priest,discipline,151,70,81
Veilon,defias-brotherhood,1471,priest,discipline,60,24,36
Вичкрафт,howling-fjord,1471,priest,discipline,60,23,37
Porklifer,tarren-mill,1470,priest,discipline,54,32,22
Maneipriest,drakthul,1470,priest,discipline,65,35,30
Юлих,booty-bay,1470,priest,discipline,124,60,64
Олегстразза,howling-fjord,1470,priest,discipline,153,74,79
Loarderonx,stormscale,1470,priest,discipline,35,16,19
Karoopi,ysondre,1469,priest,discipline,203,105,98
Liviúss,draenor,1469,priest,discipline,144,70,74
Agatioxd,dun-modr,1468,priest,discipline,48,31,17
Mástermínd,kazzak,1468,priest,discipline,51,31,20
Spiochpr,burning-legion,1468,priest,discipline,108,62,46
Lapinvicieux,archimonde,1468,priest,discipline,54,31,23
Battra,argent-dawn,1468,priest,discipline,78,41,37
Unpsofablé,outland,1468,priest,discipline,52,27,25
Khrtp,silvermoon,1468,priest,discipline,36,16,20
Niholie,sinstralis,1468,priest,discipline,78,32,46
Drwlad,archimonde,1468,priest,discipline,66,26,40
Ykiotonegawa,twisting-nether,1468,priest,discipline,117,45,72
Êvîlêvê,blackmoore,1467,priest,discipline,46,30,16
Жариха,gordunni,1467,priest,discipline,54,31,23
Tallzoné,ravencrest,1467,priest,discipline,86,48,38
Shaov,archimonde,1467,priest,discipline,42,22,20
Ёджих,blackscar,1467,priest,discipline,133,65,68
Brutapriestx,stormscale,1467,priest,discipline,35,16,19
Getötet,blackrock,1466,priest,discipline,60,36,24
Emon,nemesis,1466,priest,discipline,54,32,22
Spoggle,kazzak,1466,priest,discipline,102,51,51
Gbpjr,xavius,1466,priest,discipline,199,98,101
Yákizå,darksorrow,1466,priest,discipline,72,30,42
Amysantiàgo,sylvanas,1465,priest,discipline,125,64,61
Defineless,outland,1465,priest,discipline,165,76,89
Sbeecha,argent-dawn,1465,priest,discipline,78,35,43
Kanî,eredar,1465,priest,discipline,78,35,43
Sochnaochen,outland,1464,priest,discipline,84,48,36
Gïanna,archimonde,1464,priest,discipline,96,52,44
Jupiter,silvermoon,1464,priest,discipline,125,67,58
Syrell,sanguino,1464,priest,discipline,35,16,19
Geierlol,blackrock,1464,priest,discipline,42,17,25
Scade,kazzak,1463,priest,discipline,98,47,51
Хербоб,howling-fjord,1463,priest,discipline,202,95,107
Nahni,teldrassil,1463,priest,discipline,184,81,103
Mertérésa,hyjal,1462,priest,discipline,49,29,20
Galadrielkä,drakthul,1462,priest,discipline,121,67,54
Мненосина,goldrinn,1462,priest,discipline,46,21,25
Ботхесатва,deepholm,1462,priest,discipline,77,35,42
Amoxkys,nemesis,1462,priest,discipline,86,39,47
Sameec,drakthul,1462,priest,discipline,84,37,47
Krayziest,tarren-mill,1461,priest,discipline,42,26,16
Cárith,nemesis,1461,priest,discipline,34,19,15
Íhðly,silvermoon,1461,priest,discipline,84,42,42
Goodgirl,frostmane,1460,priest,discipline,40,27,13
Invexx,tarren-mill,1460,priest,discipline,207,97,110
Трэй,deathguard,1459,priest,discipline,90,50,40
Ðiscobiscuit,argent-dawn,1459,priest,discipline,104,55,49
Arize,dun-modr,1459,priest,discipline,48,24,24
Anotherdisc,aegwynn,1459,priest,discipline,220,104,116
Elfarity,tarren-mill,1458,priest,discipline,35,21,14
Ivysaurus,ravencrest,1458,priest,discipline,74,42,32
Yvaini,xavius,1458,priest,discipline,90,49,41
Ruly,ragnaros,1458,priest,discipline,51,25,26
Makesnosense,kilrogg,1458,priest,discipline,54,26,28
Moarein,twisting-nether,1458,priest,discipline,72,32,40
Radegast,jaedenar,1457,priest,discipline,150,71,79
Enigam,alakir,1456,priest,discipline,72,38,34
Dotdotggwp,stormscale,1456,priest,discipline,90,42,48
Mjamc,stormscale,1456,priest,discipline,99,44,55
Péntagón,festung-der-stürme,1456,priest,discipline,48,19,29
Nyxalia,silvermoon,1455,priest,discipline,30,18,12
Sémi,twisting-nether,1455,priest,discipline,54,31,23
Kåstå,archimonde,1455,priest,discipline,92,51,41
Dêxter,hyjal,1455,priest,discipline,126,63,63
Pristerline,antonidas,1454,priest,discipline,31,20,11
Фейкай,blackscar,1454,priest,discipline,54,28,26
Apøcalypso,antonidas,1454,priest,discipline,138,71,67
Disturbdtwo,archimonde,1454,priest,discipline,66,31,35
Slasherh,ravencrest,1453,priest,discipline,183,92,91
Dealtime,ysondre,1453,priest,discipline,32,16,16
Алуриэлия,gordunni,1453,priest,discipline,83,40,43
Holyshart,magtheridon,1453,priest,discipline,77,37,40
Lucidluke,blackmoore,1453,priest,discipline,48,22,26
Mvuu,kazzak,1452,priest,discipline,42,25,17
Otuschpriest,blackmoore,1452,priest,discipline,36,20,16
Ventorina,die-aldor,1451,priest,discipline,42,24,18
Kätsulol,ysondre,1451,priest,discipline,48,24,24
Шпангл,gordunni,1450,priest,discipline,198,100,98
Panoio,aggra-português,1449,priest,discipline,89,38,51
Шарадин,gordunni,1448,priest,discipline,110,59,51
Kobri,gilneas,1448,priest,discipline,84,42,42
Kimozabi,ravencrest,1448,priest,discipline,50,25,25
Schmatzy,blackmoore,1448,priest,discipline,48,24,24
Marryisme,twisting-nether,1448,priest,discipline,90,42,48
Ryazz,blackrock,1448,priest,discipline,48,22,26
Avgenjoyer,kazzak,1448,priest,discipline,174,79,95
Adolin,onyxia,1447,priest,discipline,47,24,23
Angelic,ragnaros,1447,priest,discipline,191,92,99
Mòly,archimonde,1446,priest,discipline,27,17,10
Toorree,stormscale,1446,priest,discipline,137,70,67
Kâltak,aegwynn,1446,priest,discipline,48,24,24
Sáshagrey,arathor,1446,priest,discipline,49,24,25
Крутосанка,blackscar,1445,priest,discipline,42,22,20
Mylini,silvermoon,1445,priest,discipline,99,50,49
Solaqt,tarren-mill,1445,priest,discipline,48,19,29
Серыйлог,galakrond,1444,priest,discipline,90,49,41
Jazzmind,stormscale,1444,priest,discipline,150,77,73
Hypernym,eredar,1443,priest,discipline,32,20,12
Arthyria,archimonde,1443,priest,discipline,42,24,18
Troublemaker,durotan,1443,priest,discipline,60,33,27
Trekztwo,archimonde,1443,priest,discipline,66,32,34
Chankilolx,dun-modr,1443,priest,discipline,169,78,91
Sombralúz,sanguino,1442,priest,discipline,36,20,16
Aizakku,frostmane,1442,priest,discipline,36,19,17
Shanny,kazzak,1442,priest,discipline,89,43,46
Arrlina,magtheridon,1442,priest,discipline,74,34,40
Aeritha,blackmoore,1441,priest,discipline,30,19,11
Laurent,sanguino,1441,priest,discipline,36,16,20
Arctoczax,ravencrest,1441,priest,discipline,65,26,39
Svistis,ravencrest,1440,priest,discipline,28,20,8
Tarellia,argent-dawn,1440,priest,discipline,205,117,88
Смегмачет,soulflayer,1440,priest,discipline,122,63,59
Pinkyladdy,argent-dawn,1440,priest,discipline,47,20,27
Yesdaddypls,draenor,1439,priest,discipline,36,21,15
Bedkara,ravencrest,1439,priest,discipline,30,15,15
Brutalmaze,archimonde,1439,priest,discipline,30,15,15
Sinfulmaze,outland,1439,priest,discipline,30,15,15
Cáss,archimonde,1439,priest,discipline,30,15,15
Zeraphïn,eredar,1439,priest,discipline,30,15,15
Voxqt,blackrock,1439,priest,discipline,30,15,15
Zedrus,azshara,1439,priest,discipline,111,53,58
Arkkupiispa,stormreaver,1438,priest,discipline,406,199,207
Jerzay,hyjal,1438,priest,discipline,94,44,50
Åshbé,archimonde,1437,priest,discipline,18,15,3
Hopeso,silvermoon,1437,priest,discipline,18,15,3
Zxèlá,tarren-mill,1437,priest,discipline,41,24,17
Mortex,nemesis,1437,priest,discipline,60,34,26
Helikipope,kazzak,1437,priest,discipline,30,17,13
Soziy,silvermoon,1437,priest,discipline,27,15,12
Чилюотферала,eversong,1437,priest,discipline,30,15,15
Тодохил,gordunni,1437,priest,discipline,113,55,58
Fotmape,stormscale,1437,priest,discipline,36,15,21
Syro,defias-brotherhood,1436,priest,discipline,45,26,19
Nolosme,blackrock,1436,priest,discipline,42,21,21
Rmpriest,blackhand,1436,priest,discipline,30,15,15
Dzoo,kazzak,1436,priest,discipline,58,27,31
Kbakå,stormscale,1436,priest,discipline,84,37,47
Ylvanna,arthas,1436,priest,discipline,40,17,23
Jàckîe,aegwynn,1436,priest,discipline,40,17,23
Xubeqi,kazzak,1435,priest,discipline,195,103,92
Pàndoràh,nemesis,1435,priest,discipline,42,22,20
Fabzen,grim-batol,1435,priest,discipline,30,15,15
Cainactor,drakthul,1435,priest,discipline,42,20,22
Carolyna,ravencrest,1435,priest,discipline,36,15,21
Laxímink,sylvanas,1435,priest,discipline,83,31,52
Mindcrackr,stormscale,1434,priest,discipline,36,22,14
Kæyc,blackmoore,1434,priest,discipline,71,35,36
Cajolîne,archimonde,1434,priest,discipline,156,70,86
Dorkama,silvermoon,1433,priest,discipline,24,15,9
Villagegirlx,stormscale,1433,priest,discipline,30,18,12
Selëne,blackrock,1433,priest,discipline,42,22,20
Simplesam,ravencrest,1433,priest,discipline,94,49,45
Prayxlol,outland,1433,priest,discipline,30,15,15
Størmblaze,stormreaver,1433,priest,discipline,30,15,15
Nirsis,dun-modr,1433,priest,discipline,93,45,48
Bochonok,stormrage,1433,priest,discipline,36,15,21
Bigwik,tarren-mill,1433,priest,discipline,42,15,27
Dimsim,kazzak,1432,priest,discipline,24,15,9
Noany,ravencrest,1432,priest,discipline,86,46,40
Xíøn,draenor,1432,priest,discipline,30,15,15
Фрайонель,gordunni,1431,priest,discipline,18,15,3
Máv,tarren-mill,1431,priest,discipline,30,21,9
Swera,twisting-nether,1431,priest,discipline,24,15,9
Letmehêal,archimonde,1431,priest,discipline,48,28,20
Сашадвасм,gordunni,1431,priest,discipline,111,60,51
Ebashuvkashu,stormscale,1431,priest,discipline,45,24,21
Nazhara,hyjal,1431,priest,discipline,30,15,15
Mungam,draenor,1431,priest,discipline,81,38,43
Libido,outland,1430,priest,discipline,71,44,27
Vaetrilla,doomhammer,1430,priest,discipline,37,20,17
Delinsx,outland,1430,priest,discipline,36,15,21
Lanaineuwu,archimonde,1429,priest,discipline,32,22,10
Eladri,silvermoon,1429,priest,discipline,24,15,9
Fancytrash,ravencrest,1429,priest,discipline,30,15,15
Youkounkoun,garona,1428,priest,discipline,28,19,9
Yurrij,thrall,1428,priest,discipline,39,23,16
Fluba,thrall,1428,priest,discipline,56,32,24
Tony,agamaggan,1428,priest,discipline,47,25,22
Namîxoxo,ysondre,1428,priest,discipline,30,15,15
Savta,ravencrest,1428,priest,discipline,36,15,21
Doctep,sargeras,1427,priest,discipline,40,25,15
Ylivoima,stormscale,1427,priest,discipline,36,22,14
Diddlefiddle,stormscale,1427,priest,discipline,64,36,28
Illüminaty,sylvanas,1427,priest,discipline,109,57,52
Putinkuilo,outland,1427,priest,discipline,48,25,23
Klituriis,twisting-nether,1427,priest,discipline,89,44,45
Randomm,shadowsong,1427,priest,discipline,60,23,37
Ylenae,twisting-nether,1427,priest,discipline,42,15,27
Amanojakü,ravencrest,1426,priest,discipline,48,34,14
Joeasaurs,ragnaros,1426,priest,discipline,33,16,17
Viagrà,outland,1426,priest,discipline,120,53,67
Emala,hyjal,1426,priest,discipline,35,15,20
Ashérs,ravencrest,1425,priest,discipline,69,43,26
Massdispell,silvermoon,1425,priest,discipline,34,20,14
Dímension,ragnaros,1425,priest,discipline,79,46,33
Нэилшери,gordunni,1425,priest,discipline,48,25,23
Урголиафа,howling-fjord,1425,priest,discipline,54,25,29
Miris,ysondre,1425,priest,discipline,48,21,27
Maidie,stormscale,1424,priest,discipline,66,41,25
Whiskeyhaze,burning-legion,1424,priest,discipline,78,42,36
Juîcycheeks,frostwolf,1424,priest,discipline,96,50,46
Hérune,outland,1424,priest,discipline,74,38,36
Zymai,ravencrest,1424,priest,discipline,42,15,27
Кхарли,howling-fjord,1423,priest,discipline,30,15,15
Nyxém,blackmoore,1423,priest,discipline,36,15,21
Huhu,defias-brotherhood,1422,priest,discipline,36,21,15
Phreyst,draenor,1422,priest,discipline,177,91,86
Pìkachù,stormscale,1422,priest,discipline,60,28,32
Avaichquirit,tarren-mill,1422,priest,discipline,54,24,30
Dankopriest,drakthul,1421,priest,discipline,54,28,26
Kathja,outland,1421,priest,discipline,30,15,15
Tinteolo,blackrock,1421,priest,discipline,39,18,21
Птист,azuregos,1421,priest,discipline,42,17,25
Halastrâ,tarren-mill,1420,priest,discipline,50,33,17
Тенсаи,howling-fjord,1420,priest,discipline,76,40,36
Zarez,stormscale,1420,priest,discipline,50,17,33
Meanazer,antonidas,1419,priest,discipline,66,30,36
Zarozina,pozzo-delleternità,1418,priest,discipline,30,16,14
Нэстикус,gordunni,1418,priest,discipline,30,16,14
Медиив,deepholm,1418,priest,discipline,66,32,34
Jaatjak,ravencrest,1418,priest,discipline,60,29,31
Sprutch,kazzak,1417,priest,discipline,56,30,26
Vividots,draenor,1417,priest,discipline,42,20,22
Jumpàxx,archimonde,1417,priest,discipline,36,15,21
Evilangèl,ravenholdt,1416,priest,discipline,65,37,28
Malyzion,draenor,1416,priest,discipline,136,77,59
Hlyhoe,silvermoon,1415,priest,discipline,72,41,31
Zivy,silvermoon,1415,priest,discipline,110,61,49
Axxul,blackrock,1415,priest,discipline,30,15,15
Cryksî,eredar,1415,priest,discipline,96,46,50
Теньраа,soulflayer,1415,priest,discipline,54,21,33
Bakony,ravencrest,1414,priest,discipline,60,41,19
Yukíø,antonidas,1414,priest,discipline,30,18,12
Praybro,blackmoore,1414,priest,discipline,41,24,17
Numi,blackmoore,1414,priest,discipline,151,88,63
Тучанх,greymane,1414,priest,discipline,43,22,21
Ghostroller,pozzo-delleternità,1414,priest,discipline,55,28,27
Vynivan,korgall,1414,priest,discipline,54,24,30
Kaeldara,ysondre,1413,priest,discipline,24,15,9
Deathchicka,draenor,1413,priest,discipline,64,37,27
Veecna,the-maelstrom,1413,priest,discipline,132,73,59
Хальтэнис,gordunni,1413,priest,discipline,30,16,14
Zïn,silvermoon,1413,priest,discipline,58,29,29
Indicta,darksorrow,1413,priest,discipline,33,16,17
Joseantuan,sanguino,1412,priest,discipline,30,18,12
Asolan,drakthul,1412,priest,discipline,60,35,25
Vqny,archimonde,1412,priest,discipline,153,85,68
Tiragosaure,arakarahm,1412,priest,discipline,30,15,15
Castalia,ravencrest,1412,priest,discipline,101,48,53
Bekareth,archimonde,1411,priest,discipline,119,65,54
Jamii,kazzak,1410,priest,discipline,47,33,14
Rwaphouu,ysondre,1410,priest,discipline,66,39,27
Katrynax,ravencrest,1410,priest,discipline,57,33,24
Ецци,howling-fjord,1410,priest,discipline,44,23,21
Crazyname,outland,1410,priest,discipline,169,87,82
Faelvirin,aegwynn,1410,priest,discipline,41,21,20
Joniop,stormreaver,1410,priest,discipline,60,29,31
Shanya,thrall,1410,priest,discipline,42,20,22
Асуартхас,gordunni,1410,priest,discipline,175,82,93
Jóhnnybravó,kazzak,1410,priest,discipline,36,16,20
Krasawìtch,onyxia,1410,priest,discipline,113,50,63
Вутитути,howling-fjord,1410,priest,discipline,36,15,21
Èlysium,grim-batol,1410,priest,discipline,54,21,33
Munchies,scarshield-legion,1409,priest,discipline,30,17,13
Хаварь,gordunni,1409,priest,discipline,105,59,46
Aiewn,elune,1409,priest,discipline,113,63,50
Undeabniss,nathrezim,1409,priest,discipline,29,16,13
Бомжскадилом,gordunni,1409,priest,discipline,237,125,112
Dunderprälle,outland,1409,priest,discipline,30,15,15
Pandalulz,turalyon,1408,priest,discipline,87,51,36
Lévention,stormscale,1408,priest,discipline,36,20,16
Valeriana,stormreaver,1408,priest,discipline,168,90,78
Cring,kirin-tor,1407,priest,discipline,108,62,46
Tarana,mannoroth,1407,priest,discipline,32,18,14
Ensamstående,twisting-nether,1407,priest,discipline,108,57,51
Sensor,kazzak,1407,priest,discipline,105,52,53
Unholyfield,draenor,1407,priest,discipline,96,45,51
Gothixs,draenor,1406,priest,discipline,44,26,18
Garfriest,aggra-português,1406,priest,discipline,78,46,32
Carlye,stormreaver,1406,priest,discipline,30,17,13
Tyrhaa,blackmoore,1406,priest,discipline,30,16,14
Medivs,blackmoore,1405,priest,discipline,30,17,13
ßowforme,aegwynn,1405,priest,discipline,66,37,29
Kappa,darksorrow,1405,priest,discipline,54,28,26
Holysquirt,twisting-nether,1405,priest,discipline,42,18,24
Трезида,gordunni,1404,priest,discipline,48,24,24
Dragovic,chogall,1404,priest,discipline,80,38,42
Kalestharia,blackmoore,1404,priest,discipline,162,75,87
Flaskandeux,tarren-mill,1404,priest,discipline,194,76,118
Chilie,ravencrest,1403,priest,discipline,42,22,20
Саммерфинн,gordunni,1403,priest,discipline,40,17,23
Eileengu,silvermoon,1402,priest,discipline,70,42,28
Kbakå,kazzak,1402,priest,discipline,32,15,17
Dejica,kult-der-verdammten,1402,priest,discipline,102,46,56
Acidpills,hyjal,1402,priest,discipline,40,17,23
Virulent,nemesis,1402,priest,discipline,36,15,21
Dysko,alakir,1401,priest,discipline,30,15,15
Synoé,la-croisade-écarlate,1401,priest,discipline,101,49,52
Neagica,kazzak,1401,priest,discipline,87,42,45
Durinko,thunderhorn,1401,priest,discipline,72,31,41
Dènna,eldrethalas,1401,priest,discipline,54,22,32
Шруня,howling-fjord,1401,priest,discipline,42,16,26
Рукатёмная,soulflayer,1400,priest,discipline,83,37,46
Cyberlunatic,antonidas,1400,priest,discipline,184,80,104
Вурти,howling-fjord,1400,priest,discipline,65,28,37
Banshzz,ragnaros,1400,priest,discipline,71,27,44
Chibrausorus,archimonde,1399,priest,discipline,54,22,32
Laadyybirkee,blackhand,1398,priest,discipline,140,70,70
Sppid,sanguino,1398,priest,discipline,302,145,157
Diva,malfurion,1398,priest,discipline,52,24,28
Avázàr,stormscale,1398,priest,discipline,36,16,20
Fiilaaja,stormreaver,1397,priest,discipline,42,26,16
Menda,eredar,1397,priest,discipline,130,68,62
Ahree,sargeras,1397,priest,discipline,234,116,118
Холишитс,gordunni,1396,priest,discipline,115,64,51
Sebatröz,ravencrest,1396,priest,discipline,42,23,19
Морикаа,lich-king,1396,priest,discipline,30,16,14
Hellscon,kazzak,1396,priest,discipline,42,21,21
Rahan,stormscale,1396,priest,discipline,93,46,47
Ministry,tirion,1396,priest,discipline,42,20,22
Darkest,ysondre,1396,priest,discipline,83,37,46
Rixis,la-croisade-écarlate,1396,priest,discipline,72,32,40
Deadpxlz,ravencrest,1395,priest,discipline,30,17,13
Ahmnesia,archimonde,1395,priest,discipline,192,96,96
Madkes,ravencrest,1395,priest,discipline,48,22,26
Híppokrates,dethecus,1395,priest,discipline,79,35,44
Miileys,arthas,1394,priest,discipline,24,16,8
Nomorelight,stormscale,1394,priest,discipline,115,63,52
Alakkiria,ravencrest,1394,priest,discipline,77,38,39
Fåtkidx,ravencrest,1394,priest,discipline,79,35,44
Kroa,ragnaros,1393,priest,discipline,24,15,9
Zooster,pozzo-delleternità,1393,priest,discipline,42,24,18
Fireflowers,silvermoon,1393,priest,discipline,48,24,24
Littleheal,ghostlands,1393,priest,discipline,43,21,22
Уноханагодх,howling-fjord,1392,priest,discipline,68,34,34
Oxborn,thrall,1392,priest,discipline,95,45,50
Phasmöphobia,zuljin,1392,priest,discipline,102,41,61
Skarnir,uldaman,1392,priest,discipline,105,40,65
Animepfp,stormreaver,1391,priest,discipline,140,67,73
Anzil,dun-modr,1391,priest,discipline,146,67,79
Zombîe,draenor,1390,priest,discipline,42,16,26
Hardcode,twisting-nether,1389,priest,discipline,96,45,51
Hashoko,draenor,1388,priest,discipline,30,22,8
Aaron,aegwynn,1388,priest,discipline,31,20,11
Amnesztia,ragnaros,1388,priest,discipline,53,28,25
Juco,draenor,1388,priest,discipline,36,17,19
Bubidiblumpr,twisting-nether,1387,priest,discipline,72,41,31
Hidr,nemesis,1387,priest,discipline,84,46,38
Простойа,deathguard,1387,priest,discipline,122,66,56
Nakali,the-maelstrom,1386,priest,discipline,30,16,14
Grravehheart,kazzak,1386,priest,discipline,85,45,40
Альфреска,gordunni,1386,priest,discipline,94,48,46
Pyropenance,twisting-nether,1386,priest,discipline,83,35,48
Гшд,gordunni,1385,priest,discipline,78,43,35
Whattson,colinas-pardas,1385,priest,discipline,29,15,14
Boostpriest,archimonde,1384,priest,discipline,87,44,43
Atremius,dragonmaw,1384,priest,discipline,54,24,30
Snuffanious,ragnaros,1384,priest,discipline,60,26,34
Borrex,sanguino,1383,priest,discipline,19,16,3
Vendormeq,darkspear,1383,priest,discipline,30,16,14
Predpriest,twisting-nether,1383,priest,discipline,43,16,27
Tintapri,aszune,1382,priest,discipline,122,62,60
Naïlu,hyjal,1381,priest,discipline,66,38,28
Stargóddess,kazzak,1381,priest,discipline,128,72,56
Soupana,darksorrow,1381,priest,discipline,85,45,40
Sabaxdxd,dun-modr,1381,priest,discipline,161,79,82
Selenee,scarshield-legion,1381,priest,discipline,102,47,55
Tiktokdancér,kazzak,1380,priest,discipline,132,72,60
Frekio,eitrigg,1380,priest,discipline,149,73,76
Ilovedisc,kazzak,1379,priest,discipline,44,25,19
Lothyf,archimonde,1379,priest,discipline,52,29,23
Micobra,dalaran,1379,priest,discipline,41,22,19
Elderath,eredar,1379,priest,discipline,116,55,61
Nietzsche,area-52,1379,priest,discipline,74,33,41
Phèbz,archimonde,1378,priest,discipline,48,29,19
Mércíless,ravencrest,1378,priest,discipline,65,37,28
Маимморта,howling-fjord,1378,priest,discipline,66,37,29
Vaewyn,ravencrest,1378,priest,discipline,79,42,37
Лимоняшечка,soulflayer,1378,priest,discipline,110,58,52
Streety,nethersturm,1378,priest,discipline,90,43,47
Gangreana,kazzak,1377,priest,discipline,78,42,36
Sílvana,nordrassil,1377,priest,discipline,154,82,72
Inzàné,kazzak,1377,priest,discipline,36,15,21
Carnacia,tarren-mill,1376,priest,discipline,84,48,36
Annisa,kazzak,1376,priest,discipline,131,71,60
Эстрогенс,gordunni,1376,priest,discipline,60,22,38
Dolifrius,dalaran,1375,priest,discipline,50,30,20
Synteria,gilneas,1375,priest,discipline,78,31,47
Dazé,ravencrest,1374,priest,discipline,59,43,16
Qïx,ravencrest,1374,priest,discipline,45,24,21
Psyfir,outland,1374,priest,discipline,224,117,107
Spiriman,zuljin,1374,priest,discipline,30,15,15
Otheym,the-maelstrom,1374,priest,discipline,39,18,21
Pocketissue,ravencrest,1373,priest,discipline,32,21,11
Крашдайс,soulflayer,1373,priest,discipline,103,48,55
Blackheal,sanguino,1373,priest,discipline,68,29,39
Juliane,trollbane,1373,priest,discipline,90,35,55
Majinme,kazzak,1372,priest,discipline,60,31,29
Rabbît,stormscale,1372,priest,discipline,82,42,40
Hiereia,khadgar,1372,priest,discipline,139,61,78
Geesuz,outland,1372,priest,discipline,39,16,23
Barcodes,kazzak,1371,priest,discipline,57,32,25
Скизма,gordunni,1370,priest,discipline,42,25,17
Kotipope,silvermoon,1369,priest,discipline,83,49,34
Sweetxq,tarren-mill,1369,priest,discipline,78,42,36
Holypepper,outland,1369,priest,discipline,137,69,68
Celiara,argent-dawn,1369,priest,discipline,100,48,52
Asprine,kazzak,1368,priest,discipline,72,44,28
Elosen,darkspear,1368,priest,discipline,36,20,16
Shzuna,archimonde,1368,priest,discipline,51,26,25
Aykò,blackmoore,1368,priest,discipline,38,16,22
Gothandor,der-rat-von-dalaran,1367,priest,discipline,36,20,16
Kutjeskopper,silvermoon,1367,priest,discipline,60,31,29
Joxdox,archimonde,1367,priest,discipline,42,20,22
Aethana,ravencrest,1367,priest,discipline,40,18,22
Salzgehalt,antonidas,1366,priest,discipline,76,47,29
Noreal,twisting-nether,1366,priest,discipline,30,18,12
Mamaoh,ravencrest,1366,priest,discipline,69,34,35
Carrhyks,archimonde,1365,priest,discipline,96,50,46
Valythria,blackhand,1365,priest,discipline,74,38,36
Thrakoun,twilights-hammer,1365,priest,discipline,212,105,107
Zamurak,outland,1365,priest,discipline,45,22,23
Berrylee,twisting-nether,1365,priest,discipline,61,26,35
Elûnä,ysondre,1364,priest,discipline,340,179,161
Hidary,ysondre,1364,priest,discipline,67,30,37
Durness,argent-dawn,1363,priest,discipline,84,42,42
Raî,durotan,1363,priest,discipline,48,24,24
Manuba,antonidas,1363,priest,discipline,36,17,19
Priszt,arathor,1363,priest,discipline,36,15,21
Экспл,lich-king,1362,priest,discipline,28,15,13
Созвонимся,gordunni,1362,priest,discipline,91,44,47
Xyfas,azshara,1362,priest,discipline,54,25,29
Rzpa,blackhand,1361,priest,discipline,93,48,45
Grausami,zuluhed,1361,priest,discipline,48,24,24
Aisha,rajaxx,1361,priest,discipline,69,32,37
Kaémon,twisting-nether,1361,priest,discipline,106,44,62
Liaru,aegwynn,1361,priest,discipline,84,32,52
Matsipri,sylvanas,1360,priest,discipline,96,50,46
Morerespect,lothar,1360,priest,discipline,30,15,15
Меинбиг,gordunni,1360,priest,discipline,46,18,28
Disconsick,vashj,1360,priest,discipline,106,40,66
Dooga,draenor,1359,priest,discipline,30,15,15
Ÿë,stormreaver,1359,priest,discipline,37,15,22
Prellish,draenor,1358,priest,discipline,72,33,39
Krìnzy,illidan,1358,priest,discipline,82,36,46
Priesless,sylvanas,1357,priest,discipline,34,20,14
Blackchrist,uldum,1357,priest,discipline,72,38,34
Benificent,argent-dawn,1357,priest,discipline,195,95,100
Wish,blackmoore,1357,priest,discipline,116,56,60
Silvdarr,hyjal,1356,priest,discipline,97,48,49
Nerfy,tarren-mill,1356,priest,discipline,48,23,25
Smilyface,sylvanas,1356,priest,discipline,73,34,39
Carcaz,blackmoore,1356,priest,discipline,41,18,23
Äkvä,ragnaros,1356,priest,discipline,66,26,40
Preachyjeg,ravencrest,1355,priest,discipline,102,38,64
Paterpaisios,kazzak,1355,priest,discipline,54,20,34
Cntrl,frostmane,1354,priest,discipline,140,77,63
Symeria,sylvanas,1354,priest,discipline,60,33,27
Nésha,dun-modr,1354,priest,discipline,41,21,20
Miabelle,argent-dawn,1354,priest,discipline,58,27,31
Evolís,blackmoore,1354,priest,discipline,72,31,41
Vanillahaze,sylvanas,1353,priest,discipline,36,23,13
Darkoze,kazzak,1353,priest,discipline,30,15,15
Solarïah,garona,1352,priest,discipline,32,19,13
Adev,drakthul,1352,priest,discipline,71,35,36
Littlehelper,shendralar,1352,priest,discipline,39,16,23
Chealsey,thrall,1351,priest,discipline,57,36,21
Давалкасвета,gordunni,1351,priest,discipline,74,32,42
Дядяврач,howling-fjord,1350,priest,discipline,90,42,48
Levy,azuremyst,1349,priest,discipline,37,20,17
Sytawa,blackmoore,1349,priest,discipline,104,55,49
Svevo,ravencrest,1349,priest,discipline,111,53,58
Levinson,zuljin,1348,priest,discipline,54,37,17
Jerichó,blackmoore,1348,priest,discipline,58,38,20
Discobrill,silvermoon,1348,priest,discipline,78,30,48
Dstars,archimonde,1348,priest,discipline,42,16,26
Никорете,soulflayer,1347,priest,discipline,44,27,17
Fatishcribe,twisting-nether,1347,priest,discipline,261,135,126
Velles,nazjatar,1347,priest,discipline,405,206,199
Greedyaf,stormscale,1347,priest,discipline,101,48,53
Brênos,blackmoore,1346,priest,discipline,29,17,12
Sphero,kazzak,1346,priest,discipline,42,24,18
Chowhone,archimonde,1346,priest,discipline,142,74,68
Holyfussell,antonidas,1346,priest,discipline,80,38,42
Iamfrosty,draenor,1346,priest,discipline,66,31,35
Pwjetlifelol,grim-batol,1345,priest,discipline,97,52,45
Eldrathir,burning-legion,1345,priest,discipline,54,22,32
Hugeaf,antonidas,1344,priest,discipline,37,24,13
Xet,outland,1344,priest,discipline,49,23,26
Batsu,hyjal,1344,priest,discipline,94,43,51
Lunegrise,archimonde,1344,priest,discipline,54,23,31
Alliora,dalaran,1344,priest,discipline,110,46,64
Dibelo,eredar,1344,priest,discipline,41,17,24
Bonzu,ravencrest,1343,priest,discipline,24,14,10
Nëw,los-errantes,1343,priest,discipline,24,14,10
Rotzpippn,blackhand,1343,priest,discipline,60,22,38
Chuckbarry,kazzak,1342,priest,discipline,24,15,9
Krokkete,archimonde,1342,priest,discipline,24,14,10
Zaradana,tarren-mill,1342,priest,discipline,96,51,45
Barracuda,burning-legion,1342,priest,discipline,104,52,52
Xandrial,blackmoore,1342,priest,discipline,30,14,16
Chaosxo,draenor,1342,priest,discipline,99,46,53
Поднялбабки,deathguard,1342,priest,discipline,36,14,22
Styrbjörn,shattered-hand,1341,priest,discipline,79,42,37
Nerfnerf,kazzak,1341,priest,discipline,574,291,283
Soreboners,stormscale,1341,priest,discipline,30,14,16
Cutename,burning-blade,1340,priest,discipline,36,18,18
Sephìrøth,malganis,1340,priest,discipline,66,32,34
Fakebob,draenor,1340,priest,discipline,42,20,22
Sebbi,ragnaros,1340,priest,discipline,30,14,16
Далайна,galakrond,1340,priest,discipline,36,14,22
Tanly,outland,1340,priest,discipline,36,14,22
Дармирэль,gordunni,1340,priest,discipline,65,25,40
Wodpriest,ravencrest,1339,priest,discipline,18,14,4
Ýbëzz,ravencrest,1339,priest,discipline,24,14,10
Staatsfeind,blackmoore,1339,priest,discipline,77,44,33
Byxoph,sanguino,1339,priest,discipline,78,38,40
Nukksch,antonidas,1339,priest,discipline,212,103,109
Nakenhäst,ravencrest,1339,priest,discipline,36,14,22
Bjornqt,ragnaros,1339,priest,discipline,78,30,48
Dnsxx,thrall,1338,priest,discipline,717,355,362
Skelica,ragnaros,1337,priest,discipline,24,14,10
Tumlaa,ravencrest,1337,priest,discipline,56,31,25
Holybunny,blackrock,1337,priest,discipline,98,54,44
Gimcho,magtheridon,1337,priest,discipline,42,23,19
Smitey,terenas,1337,priest,discipline,100,54,46
Îwi,archimonde,1337,priest,discipline,30,14,16
Snuifje,azjolnerub,1337,priest,discipline,129,58,71
Pouffi,garona,1336,priest,discipline,24,14,10
Sariss,ravencrest,1336,priest,discipline,24,14,10
Батлграунтт,soulflayer,1336,priest,discipline,72,39,33
Makkesfil,stormscale,1335,priest,discipline,24,14,10
Sadkitten,sylvanas,1335,priest,discipline,283,150,133
Kojee,blackrock,1335,priest,discipline,48,18,30
Biscuits,ravencrest,1335,priest,discipline,48,14,34
Convulsiveq,silvermoon,1334,priest,discipline,317,156,161
Anubisones,uldum,1334,priest,discipline,83,39,44
Memoniia,ravencrest,1333,priest,discipline,48,27,21
Radiance,emeriss,1333,priest,discipline,40,15,25
Laërhia,archimonde,1332,priest,discipline,75,30,45
Miliane,twisting-nether,1331,priest,discipline,30,14,16
Waafa,kazzak,1331,priest,discipline,42,14,28
Happyprocs,dun-modr,1330,priest,discipline,29,15,14
Valaç,turalyon,1330,priest,discipline,131,67,64
Nuph,ravencrest,1330,priest,discipline,62,29,33
Xieen,outland,1329,priest,discipline,198,100,98
Bublies,silvermoon,1328,priest,discipline,37,21,16
Cleancf,blackhand,1328,priest,discipline,250,115,135
Peersh,ahnqiraj,1327,priest,discipline,18,14,4
Janclod,pozzo-delleternità,1327,priest,discipline,30,20,10
Ràthaløs,sanguino,1327,priest,discipline,52,31,21
Jimmbosmite,stormscale,1327,priest,discipline,54,26,28
Lanthypriest,hyjal,1327,priest,discipline,30,14,16
Gudrinieks,shattered-halls,1327,priest,discipline,44,20,24
Nou,aegwynn,1327,priest,discipline,36,14,22
Vedina,bronze-dragonflight,1326,priest,discipline,84,42,42
Vrêth,blackmoore,1326,priest,discipline,34,15,19
Ximenia,eredar,1325,priest,discipline,43,25,18
Seinaruki,emerald-dream,1325,priest,discipline,34,18,16
Skrnz,turalyon,1325,priest,discipline,59,26,33
Märlborö,aggra-português,1325,priest,discipline,42,14,28
Германий,deathguard,1324,priest,discipline,35,21,14
Buszeekk,outland,1324,priest,discipline,34,19,15
Jodge,ravencrest,1324,priest,discipline,48,26,22
Chodia,silvermoon,1324,priest,discipline,89,48,41
Kalisy,ravencrest,1324,priest,discipline,52,27,25
Vilanae,hyjal,1324,priest,discipline,71,35,36
Yuuvi,ravencrest,1324,priest,discipline,120,56,64
Xdthe,tarren-mill,1324,priest,discipline,72,31,41
Snylia,blackrock,1324,priest,discipline,36,14,22
Lasêr,kazzak,1324,priest,discipline,36,14,22
Bolflo,khaz-modan,1323,priest,discipline,141,77,64
Reìdood,stormscale,1323,priest,discipline,110,59,51
Isore,culte-de-la-rive-noire,1323,priest,discipline,70,36,34
Битуну,fordragon,1323,priest,discipline,48,24,24
Lexojam,ravencrest,1323,priest,discipline,29,14,15
Bakër,dalaran,1323,priest,discipline,51,23,28
Sâtânica,kelthuzad,1323,priest,discipline,78,35,43
Avengëd,nagrand,1323,priest,discipline,54,24,30
Buttafly,archimonde,1322,priest,discipline,42,23,19
Bomzhik,silvermoon,1322,priest,discipline,223,121,102
Guerilagusto,draenor,1322,priest,discipline,36,15,21
Девственен,soulflayer,1321,priest,discipline,48,22,26
Nirvánabang,sylvanas,1320,priest,discipline,42,21,21
Выхилютебя,galakrond,1320,priest,discipline,57,27,30
Докторпэйн,howling-fjord,1320,priest,discipline,128,60,68
Xypri,nordrassil,1320,priest,discipline,97,44,53
Anaalipeura,stormreaver,1320,priest,discipline,54,20,34
Fùkøff,stormscale,1319,priest,discipline,32,19,13
Paine,pozzo-delleternità,1319,priest,discipline,49,27,22
Priestqt,kelthuzad,1318,priest,discipline,30,14,16
Babbúb,tarren-mill,1318,priest,discipline,35,14,21
Papynou,garona,1317,priest,discipline,24,14,10
Apeist,outland,1317,priest,discipline,92,48,44
Relöaded,kazzak,1316,priest,discipline,60,23,37
Subha,drakthul,1315,priest,discipline,22,15,7
Darkweed,twilights-hammer,1315,priest,discipline,54,30,24
Hewwo,sylvanas,1314,priest,discipline,162,83,79
Yugo,outland,1314,priest,discipline,41,15,26
Shilôz,hyjal,1313,priest,discipline,59,29,30
Dotterin,draenor,1313,priest,discipline,78,34,44
Baybe,ravencrest,1312,priest,discipline,53,29,24
Dotsin,kazzak,1312,priest,discipline,258,133,125
Relaxmom,bloodhoof,1312,priest,discipline,30,14,16
Форсибучи,soulflayer,1312,priest,discipline,66,30,36
Amambo,chamber-of-aspects,1311,priest,discipline,18,14,4
Quisira,aegwynn,1311,priest,discipline,24,16,8
Thaiboimby,veknilash,1311,priest,discipline,61,33,28
Lekadolplusc,doomhammer,1311,priest,discipline,284,150,134
Ассарх,lich-king,1311,priest,discipline,78,39,39
Spèrman,frostwolf,1311,priest,discipline,42,15,27
Suzziee,silvermoon,1310,priest,discipline,48,25,23
Violentha,silvermoon,1310,priest,discipline,30,15,15
Empí,sanguino,1309,priest,discipline,42,23,19
Clua,draenor,1309,priest,discipline,66,35,31
Feelmypainn,kazzak,1309,priest,discipline,60,30,30
Rodshun,dun-modr,1309,priest,discipline,93,42,51
Эйвиг,blackscar,1309,priest,discipline,63,28,35
Cheja,ravencrest,1308,priest,discipline,60,30,30
Deadonmyscrn,ravencrest,1307,priest,discipline,24,20,4
Eowins,blackmoore,1307,priest,discipline,76,40,36
Mirelaw,stormscale,1307,priest,discipline,125,65,60
Dirtydoc,area-52,1307,priest,discipline,39,20,19
Щявыхилим,howling-fjord,1306,priest,discipline,55,34,21
Chukapi,stormscale,1306,priest,discipline,54,31,23
Дэтметал,grom,1306,priest,discipline,150,73,77
Tlc,dragonmaw,1306,priest,discipline,103,50,53
Эннхэтэуэй,soulflayer,1306,priest,discipline,78,36,42
Faderken,tarren-mill,1305,priest,discipline,60,39,21
Lalgorithme,hyjal,1305,priest,discipline,24,14,10
Щакактрахнем,gordunni,1305,priest,discipline,114,57,57
Shadowmend,aegwynn,1305,priest,discipline,29,14,15
Skuhlx,blackrock,1305,priest,discipline,90,39,51
Ангеланика,gordunni,1304,priest,discipline,42,22,20
Absórb,quelthalas,1304,priest,discipline,48,19,29
Shadowsig,silvermoon,1303,priest,discipline,88,41,47
Boulotpas,hyjal,1302,priest,discipline,82,52,30
Imbadancer,turalyon,1302,priest,discipline,60,37,23
Fkup,twisting-nether,1302,priest,discipline,36,20,16
Sykra,magtheridon,1302,priest,discipline,82,44,38
Wortgottes,blackrock,1302,priest,discipline,34,18,16
Appox,amanthul,1302,priest,discipline,36,16,20
Missdreavus,draenor,1301,priest,discipline,40,24,16
Enerpriest,ysondre,1301,priest,discipline,36,20,16
Genthus,kazzak,1301,priest,discipline,96,47,49
Overhealzz,blackmoore,1301,priest,discipline,126,59,67
Сайннз,howling-fjord,1301,priest,discipline,92,40,52
Calsote,sanguino,1301,priest,discipline,54,21,33
Curlo,ravencrest,1300,priest,discipline,42,20,22
Fatherliam,emerald-dream,1299,priest,discipline,54,24,30
Nygel,kazzak,1298,priest,discipline,57,33,24
Kidri,kilrogg,1298,priest,discipline,36,20,16
Agorasii,frostwolf,1298,priest,discipline,42,22,20
Voidvania,drakthul,1298,priest,discipline,35,18,17
Centaurio,nemesis,1298,priest,discipline,135,65,70
Chocopríest,blackmoore,1298,priest,discipline,52,25,27
Tiefergelegt,arthas,1298,priest,discipline,30,14,16
Nimuëh,ragnaros,1298,priest,discipline,52,24,28
Quecum,draenor,1297,priest,discipline,36,16,20
Matiagmenh,stormscale,1297,priest,discipline,42,18,24
Шкуропльот,gordunni,1296,priest,discipline,88,46,42
Nâmîz,blackrock,1295,priest,discipline,27,14,13
Nérôck,frostwolf,1295,priest,discipline,45,22,23
Ciordel,draenor,1295,priest,discipline,59,28,31
Vannax,arygos,1295,priest,discipline,78,35,43
Voidwaffel,blackmoore,1295,priest,discipline,38,17,21
Enduring,darksorrow,1295,priest,discipline,90,39,51
Duaijhutari,outland,1293,priest,discipline,52,30,22
Oohopeoo,blackmoore,1293,priest,discipline,42,23,19
Pl,sunstrider,1293,priest,discipline,42,22,20
Várósh,blackmoore,1293,priest,discipline,63,32,31
Credor,blackrock,1293,priest,discipline,42,19,23
Priesticchi,stormscale,1292,priest,discipline,48,24,24
Nikotyna,doomhammer,1292,priest,discipline,107,51,56
Onicolla,terokkar,1292,priest,discipline,126,60,66
Khoria,drakthul,1292,priest,discipline,30,14,16
Blondi,darksorrow,1292,priest,discipline,46,20,26
Arklim,burning-blade,1292,priest,discipline,74,31,43
Асади,gordunni,1291,priest,discipline,64,34,30
Фурлена,blackscar,1291,priest,discipline,109,56,53
Sissi,blackmoore,1290,priest,discipline,108,53,55
Alfaböna,outland,1289,priest,discipline,122,66,56
Navid,ravencrest,1289,priest,discipline,45,24,21
Alaeddin,kazzak,1289,priest,discipline,380,183,197
Brainwash,darksorrow,1289,priest,discipline,53,18,35
Henreita,darksorrow,1288,priest,discipline,42,23,19
Ebolaidman,ravencrest,1288,priest,discipline,48,24,24
Æøí,blackmoore,1287,priest,discipline,27,15,12
Tristar,nethersturm,1287,priest,discipline,35,19,16
Neytirinqt,doomhammer,1287,priest,discipline,102,55,47
Veýýon,blackmoore,1287,priest,discipline,66,35,31
Rrdisc,kazzak,1287,priest,discipline,63,30,33
Dartheon,twisting-nether,1287,priest,discipline,83,36,47
Nuklash,burning-legion,1287,priest,discipline,57,24,33
Dànè,defias-brotherhood,1286,priest,discipline,18,14,4
Jaheim,tarren-mill,1285,priest,discipline,75,33,42
Liliashet,sanguino,1284,priest,discipline,63,36,27
Keppas,doomhammer,1284,priest,discipline,75,39,36
Тварьгосподя,gordunni,1284,priest,discipline,332,165,167
Pregrip,twisting-nether,1284,priest,discipline,236,116,120
Ruîzz,sanguino,1284,priest,discipline,164,78,86
Тэвиель,gordunni,1284,priest,discipline,90,36,54
Злюкыч,gordunni,1283,priest,discipline,66,35,31
Flayin,kazzak,1282,priest,discipline,51,26,25
Mynameisebe,twisting-nether,1282,priest,discipline,42,18,24
Glärë,burning-legion,1281,priest,discipline,81,50,31
Jimmyhoffa,stormscale,1281,priest,discipline,54,32,22
Rosalina,ravencrest,1281,priest,discipline,180,89,91
Инстенли,howling-fjord,1281,priest,discipline,60,25,35
Dinma,argent-dawn,1280,priest,discipline,197,106,91
Superfelyn,ragnaros,1280,priest,discipline,51,27,24
Elderiel,turalyon,1280,priest,discipline,277,138,139
Doncamïllo,blackrock,1280,priest,discipline,47,22,25
Olereo,blackhand,1280,priest,discipline,84,39,45
Alexnator,malganis,1280,priest,discipline,60,26,34
Purityn,blackhand,1280,priest,discipline,42,14,28
Ûbér,darksorrow,1279,priest,discipline,28,15,13
Nashára,defias-brotherhood,1279,priest,discipline,66,32,34
Gilfir,stormscale,1279,priest,discipline,66,26,40
Pixelpriest,argent-dawn,1278,priest,discipline,80,52,28
Aeo,twisting-nether,1278,priest,discipline,89,45,44
Jokaël,ysondre,1278,priest,discipline,114,48,66
Kïmbo,kazzak,1278,priest,discipline,65,26,39
Freshpope,ravencrest,1277,priest,discipline,53,31,22
Токсичка,howling-fjord,1277,priest,discipline,36,19,17
Jagersmite,twisting-nether,1277,priest,discipline,91,47,44
Gacoo,silvermoon,1277,priest,discipline,84,39,45
Juhduss,tarren-mill,1276,priest,discipline,30,17,13
Chuwbakka,kazzak,1276,priest,discipline,94,52,42
Скорлупкина,gordunni,1276,priest,discipline,47,26,21
Fullymetalz,defias-brotherhood,1276,priest,discipline,64,34,30
Ùçù,dalaran,1276,priest,discipline,58,29,29
Asuriyan,ravenholdt,1276,priest,discipline,69,34,35
Zenoo,argent-dawn,1275,priest,discipline,36,22,14
Hardloker,ravencrest,1275,priest,discipline,84,38,46
Capriestun,hellfire,1274,priest,discipline,34,20,14
Angusbeêf,blackrock,1274,priest,discipline,184,96,88
Топчикс,gordunni,1274,priest,discipline,100,51,49
Snoopqt,dalaran,1274,priest,discipline,67,29,38
Harume,argent-dawn,1273,priest,discipline,24,14,10
Aladorius,la-croisade-écarlate,1273,priest,discipline,46,25,21
Одинокаягора,gordunni,1273,priest,discipline,42,22,20
Déspaír,silvermoon,1273,priest,discipline,54,28,26
Æternadead,nemesis,1273,priest,discipline,185,94,91
Nuvie,ravencrest,1273,priest,discipline,60,28,32
Overshadowed,kazzak,1272,priest,discipline,175,80,95
Fleamana,stormscale,1271,priest,discipline,36,17,19
Eros,illidan,1271,priest,discipline,36,16,20
Filit,hyjal,1271,priest,discipline,36,15,21
Jerolol,sanguino,1271,priest,discipline,80,33,47
Mishas,draenor,1270,priest,discipline,42,24,18
Nerul,twisting-nether,1270,priest,discipline,70,35,35
Mediumheals,tarren-mill,1270,priest,discipline,107,53,54
Priestpvp,dun-modr,1270,priest,discipline,77,38,39
Arjak,stormscale,1270,priest,discipline,35,16,19
Zùt,ysondre,1269,priest,discipline,48,28,20
Healyourmum,stormscale,1269,priest,discipline,96,49,47
Outcast,korgall,1269,priest,discipline,60,30,30
Haligato,archimonde,1269,priest,discipline,106,51,55
Мегаствол,howling-fjord,1269,priest,discipline,60,28,32
Buzzingg,tarren-mill,1268,priest,discipline,65,36,29
Дюрэкс,soulflayer,1268,priest,discipline,48,22,26
Taiyöshin,silvermoon,1268,priest,discipline,80,33,47
Styleexdd,ragnaros,1266,priest,discipline,62,33,29
Пофанчику,gordunni,1266,priest,discipline,58,27,31
Blagovesta,ravencrest,1266,priest,discipline,42,14,28
Hensynsløs,draenor,1265,priest,discipline,30,15,15
Hêsêkiêl,eredar,1265,priest,discipline,48,23,25
Mallkie,ysondre,1264,priest,discipline,30,18,12
Shadowpeste,aggra-português,1264,priest,discipline,156,86,70
Gøðlìke,aegwynn,1264,priest,discipline,79,34,45
Акктуальная,deepholm,1263,priest,discipline,48,25,23
Kaktosz,ragnaros,1263,priest,discipline,66,26,40
Tigrok,burning-legion,1262,priest,discipline,77,39,38
Svartochelak,stormscale,1262,priest,discipline,42,16,26
Rhåenyra,ravencrest,1260,priest,discipline,36,23,13
Pètunia,ravencrest,1260,priest,discipline,216,113,103
Аквариусс,gordunni,1260,priest,discipline,60,30,30
Euphorius,blackmoore,1260,priest,discipline,66,32,34
Vésph,draenor,1260,priest,discipline,67,24,43
Søînx,archimonde,1259,priest,discipline,27,17,10
Liasanya,kelthuzad,1259,priest,discipline,30,18,12
Popelings,twisting-nether,1259,priest,discipline,54,20,34
Рискаль,borean-tundra,1258,priest,discipline,41,16,25
Flokz,archimonde,1257,priest,discipline,24,14,10
Rog,norgannon,1257,priest,discipline,30,17,13
Jordí,darkspear,1257,priest,discipline,191,88,103
Piitixd,burning-legion,1257,priest,discipline,48,22,26
Aszneê,proudmoore,1256,priest,discipline,24,14,10
Amphôra,archimonde,1256,priest,discipline,46,22,24
Møldark,silvermoon,1256,priest,discipline,116,48,68
Brach,nazjatar,1255,priest,discipline,90,47,43
Shieldyblaze,frostwolf,1255,priest,discipline,125,64,61
Фрустрациия,soulflayer,1255,priest,discipline,34,17,17
Míllerzz,ragnaros,1255,priest,discipline,54,22,32
Ilvia,antonidas,1254,priest,discipline,24,16,8
Pxescalol,aegwynn,1254,priest,discipline,23,14,9
Praystatîon,dragonblight,1254,priest,discipline,132,80,52
Filtro,eredar,1254,priest,discipline,154,76,78
Xail,blackrock,1254,priest,discipline,36,16,20
Удзумукец,howling-fjord,1254,priest,discipline,102,42,60
Mournus,defias-brotherhood,1253,priest,discipline,47,35,12
Feriant,argent-dawn,1253,priest,discipline,47,27,20
Ufos,stormscale,1253,priest,discipline,42,15,27
Mercies,kazzak,1252,priest,discipline,23,14,9
Slitenprest,kazzak,1252,priest,discipline,42,24,18
Asnur,argent-dawn,1252,priest,discipline,36,19,17
Holydörte,aegwynn,1252,priest,discipline,72,36,36
Torcena,garrosh,1252,priest,discipline,48,16,32
Kelras,grim-batol,1251,priest,discipline,104,63,41
Hellsaya,ysondre,1251,priest,discipline,42,25,17
Elyradp,dun-modr,1251,priest,discipline,78,43,35
Даркфолс,soulflayer,1251,priest,discipline,59,30,29
Марджелла,howling-fjord,1251,priest,discipline,34,16,18
Triksas,sylvanas,1250,priest,discipline,66,42,24
Spoc,blackrock,1250,priest,discipline,53,29,24
Seneth,twisting-nether,1250,priest,discipline,35,15,20
Deneye,thunderhorn,1249,priest,discipline,72,42,30
Lzmad,archimonde,1249,priest,discipline,60,34,26
Shomäre,ysondre,1249,priest,discipline,36,20,16
Howaya,la-croisade-écarlate,1249,priest,discipline,60,32,28
Arenarooky,eredar,1249,priest,discipline,42,22,20
Buan,outland,1248,priest,discipline,18,13,5
Suprenext,draenor,1248,priest,discipline,24,13,11
Mazikeen,stormscale,1248,priest,discipline,24,13,11
Stmichael,silvermoon,1248,priest,discipline,38,15,23
Zolfiqar,tarren-mill,1247,priest,discipline,24,18,6
Møelester,antonidas,1247,priest,discipline,18,13,5
Betatasty,dalaran,1247,priest,discipline,18,13,5
Niíall,skullcrusher,1247,priest,discipline,18,13,5
Lánî,blackmoore,1247,priest,discipline,20,13,7
Zathada,twisting-nether,1247,priest,discipline,30,19,11
Swdömmel,aegwynn,1247,priest,discipline,24,13,11
Krokkete,hyjal,1247,priest,discipline,24,13,11
Feedergodx,dun-modr,1247,priest,discipline,24,13,11
Xourin,blackrock,1247,priest,discipline,34,14,20
Noukeé,blackrock,1247,priest,discipline,36,13,23
Sùzy,ravencrest,1247,priest,discipline,36,13,23
Maylà,aegwynn,1247,priest,discipline,60,20,40
Níghty,ravencrest,1246,priest,discipline,18,13,5
Эмжи,howling-fjord,1246,priest,discipline,18,13,5
Ørrak,hyjal,1246,priest,discipline,24,14,10
Quepimquepam,tarren-mill,1246,priest,discipline,41,18,23
Ishkà,stormscale,1246,priest,discipline,30,13,17
Deliâz,aegwynn,1246,priest,discipline,36,14,22
Padregianni,nemesis,1246,priest,discipline,36,13,23
Леддигага,gordunni,1245,priest,discipline,24,13,11
Оуаы,soulflayer,1245,priest,discipline,123,62,61
Rytmusqt,outland,1245,priest,discipline,30,13,17
Lîke,shattrath,1245,priest,discipline,30,13,17
Undeadpriest,aegwynn,1245,priest,discipline,36,13,23
Theycmedotin,blackhand,1245,priest,discipline,42,13,29
Hotdog,kult-der-verdammten,1244,priest,discipline,30,17,13
Valnaya,draenor,1244,priest,discipline,92,51,41
Egî,lothar,1244,priest,discipline,24,13,11
Virgosenpai,silvermoon,1244,priest,discipline,48,23,25
Jumby,outland,1244,priest,discipline,30,13,17
Doombrew,blackmoore,1244,priest,discipline,30,13,17
Tackerjoè,eredar,1244,priest,discipline,48,20,28
Шадоухоррор,gordunni,1244,priest,discipline,57,23,34
Wedoburgers,ravencrest,1243,priest,discipline,18,13,5
Takeoff,dun-morogh,1243,priest,discipline,36,23,13
Vokuheala,tarren-mill,1243,priest,discipline,29,16,13
Tjackballé,tarren-mill,1243,priest,discipline,24,13,11
Hurtless,ravencrest,1243,priest,discipline,33,13,20
Chîllipriest,draenor,1242,priest,discipline,24,13,11
Gumer,antonidas,1242,priest,discipline,24,13,11
Shadowburst,archimonde,1242,priest,discipline,24,13,11
Romero,sylvanas,1241,priest,discipline,18,13,5
Herapeutic,argent-dawn,1241,priest,discipline,23,15,8
Deyxq,lothar,1241,priest,discipline,24,13,11
Marylin,senjin,1241,priest,discipline,201,99,102
Ivÿx,ravencrest,1241,priest,discipline,30,13,17
Shdwxy,blackrock,1240,priest,discipline,24,13,11
Aptz,twisting-nether,1240,priest,discipline,36,13,23
Diçkhëad,ravencrest,1239,priest,discipline,67,35,32
Yante,ragnaros,1239,priest,discipline,69,34,35
Mamasmilk,draenor,1238,priest,discipline,40,25,15
Apèx,blackrock,1238,priest,discipline,78,40,38
Новокшан,soulflayer,1237,priest,discipline,36,18,18
Доминантрикс,soulflayer,1237,priest,discipline,57,27,30
Holydoughnut,stormscale,1237,priest,discipline,54,25,29
Eksel,silvermoon,1237,priest,discipline,66,29,37
Djchinoix,archimonde,1236,priest,discipline,18,13,5
Фрит,lich-king,1236,priest,discipline,63,35,28
Héntai,argent-dawn,1236,priest,discipline,30,15,15
Sahu,kult-der-verdammten,1236,priest,discipline,44,21,23
Crazypablito,burning-legion,1236,priest,discipline,59,25,34
Jbte,silvermoon,1235,priest,discipline,102,57,45
Speltmor,stormscale,1235,priest,discipline,24,13,11
Discovery,aggra-português,1235,priest,discipline,54,28,26
Якакиисус,gordunni,1235,priest,discipline,51,23,28
Mivale,aszune,1234,priest,discipline,26,15,11
Palitox,kazzak,1234,priest,discipline,42,23,19
Holyswift,dun-morogh,1234,priest,discipline,173,91,82
Floory,twisting-nether,1234,priest,discipline,89,45,44
Shadoomed,kazzak,1234,priest,discipline,66,27,39
Divaz,eredar,1234,priest,discipline,48,18,30
Nøheall,ysondre,1234,priest,discipline,95,35,60
Ticklebell,ravencrest,1233,priest,discipline,155,84,71
Nestélle,drakthul,1233,priest,discipline,111,52,59
Wandéline,arathi,1233,priest,discipline,59,26,33
Самурайко,booty-bay,1233,priest,discipline,48,21,27
Pretee,nemesis,1233,priest,discipline,30,13,17
Anotherlife,stormscale,1232,priest,discipline,18,13,5
Glaces,archimonde,1232,priest,discipline,47,24,23
Zofa,sunstrider,1232,priest,discipline,44,20,24
Janinw,sylvanas,1232,priest,discipline,30,13,17
Samtig,malganis,1232,priest,discipline,57,23,34
Nogz,rashgarroth,1231,priest,discipline,56,34,22
Lucianßk,sanguino,1230,priest,discipline,48,27,21
Priesturz,aggramar,1230,priest,discipline,24,13,11
Aroghul,eredar,1230,priest,discipline,108,46,62
Séfaron,blackmoore,1229,priest,discipline,28,20,8
Levimm,turalyon,1229,priest,discipline,103,52,51
Añgêl,ravencrest,1229,priest,discipline,189,95,94
Héternel,ysondre,1229,priest,discipline,74,36,38
Пенансиня,gordunni,1229,priest,discipline,36,13,23
Skarn,blackmoore,1228,priest,discipline,30,20,10
Swtt,sanguino,1228,priest,discipline,78,40,38
Ggsus,outland,1228,priest,discipline,66,25,41
Felerman,kazzak,1228,priest,discipline,36,13,23
Holybestie,eredar,1227,priest,discipline,30,18,12
Myrmeen,silvermoon,1227,priest,discipline,85,43,42
Мазка,galakrond,1227,priest,discipline,54,23,31
Seum,ravencrest,1226,priest,discipline,92,48,44
Eremit,silvermoon,1226,priest,discipline,91,46,45
Darkheall,sanguino,1226,priest,discipline,75,32,43
Netomv,kazzak,1225,priest,discipline,35,18,17
Duem,kazzak,1225,priest,discipline,54,27,27
Kenderke,ragnaros,1225,priest,discipline,35,16,19
Saat,dalaran,1224,priest,discipline,32,21,11
Baglet,ravencrest,1224,priest,discipline,24,13,11
Drennaria,draenor,1224,priest,discipline,65,31,34
Therezzer,burning-legion,1224,priest,discipline,36,16,20
Zerula,outland,1223,priest,discipline,197,101,96
Ästûr,sanguino,1223,priest,discipline,84,43,41
Norlyset,silvermoon,1223,priest,discipline,96,44,52
Gobie,sunstrider,1223,priest,discipline,30,13,17
Amädeuss,tarren-mill,1223,priest,discipline,36,15,21
Ompala,shattered-hand,1222,priest,discipline,24,13,11
Дракулесса,gordunni,1221,priest,discipline,63,31,32
Сегуната,howling-fjord,1221,priest,discipline,36,13,23
Pleistras,magtheridon,1220,priest,discipline,176,97,79
Vès,stormscale,1220,priest,discipline,72,37,35
Øwlsoo,confrérie-du-thorium,1220,priest,discipline,130,66,64
Aerosoll,drakthul,1220,priest,discipline,42,21,21
Свапмиплиз,gordunni,1219,priest,discipline,149,70,79
Карнотит,howling-fjord,1219,priest,discipline,180,82,98
Bigfnatlund,silvermoon,1219,priest,discipline,41,18,23
Xghazo,sylvanas,1218,priest,discipline,45,25,20
Talonjean,conseil-des-ombres,1218,priest,discipline,24,13,11
Лолиэль,soulflayer,1218,priest,discipline,63,34,29
Залупский,gordunni,1218,priest,discipline,41,19,22
Shadowhawke,argent-dawn,1218,priest,discipline,35,15,20
Bandgap,antonidas,1218,priest,discipline,110,47,63
Bzets,jaedenar,1217,priest,discipline,77,45,32
Ginebra,archimonde,1217,priest,discipline,24,14,10
Unleet,sylvanas,1217,priest,discipline,68,33,35
Attenna,ravencrest,1217,priest,discipline,81,34,47
Nìak,ysondre,1217,priest,discipline,100,39,61
Дайбчик,gordunni,1216,priest,discipline,44,25,19
Капляболи,gordunni,1216,priest,discipline,51,28,23
Yojoyo,draenor,1216,priest,discipline,143,67,76
Xarxis,twisting-nether,1216,priest,discipline,42,13,29
Rngq,burning-blade,1215,priest,discipline,23,13,10
Patoroch,terokkar,1215,priest,discipline,48,26,22
Türapea,draenor,1215,priest,discipline,116,57,59
Verrottênd,frostwolf,1215,priest,discipline,76,31,45
Feydottir,draenor,1214,priest,discipline,36,19,17
Флэнсер,soulflayer,1214,priest,discipline,276,131,145
Nymrasus,ravencrest,1213,priest,discipline,24,13,11
Elfdarkholme,stormscale,1213,priest,discipline,36,19,17
Sandaal,drakthul,1213,priest,discipline,72,36,36
Antiexhile,kazzak,1213,priest,discipline,41,20,21
Lãwh,hyjal,1213,priest,discipline,89,43,46
Tashziehn,blackrock,1210,priest,discipline,21,14,7
Ðøð,dalaran,1210,priest,discipline,54,33,21
Firstkiss,rexxar,1210,priest,discipline,36,22,14
Selenar,neptulon,1210,priest,discipline,48,26,22
Vempress,neptulon,1210,priest,discipline,48,24,24
Swaggerboy,alakir,1210,priest,discipline,41,13,28
Jeuwls,argent-dawn,1209,priest,discipline,121,64,57
Whitehusky,antonidas,1209,priest,discipline,42,21,21
Drë,daggerspine,1209,priest,discipline,29,13,16
Лин,howling-fjord,1208,priest,discipline,22,13,9
Nëophytë,zuljin,1207,priest,discipline,72,35,37
Жрицазла,soulflayer,1207,priest,discipline,60,28,32
Petitcaca,outland,1207,priest,discipline,99,45,54
Eník,blackrock,1206,priest,discipline,36,15,21
Thyrandis,dragonblight,1206,priest,discipline,34,14,20
Nostramo,kirin-tor,1206,priest,discipline,54,19,35
Nethenielle,malganis,1205,priest,discipline,42,20,22
Texstil,blackmoore,1205,priest,discipline,30,14,16
Linara,frostmane,1204,priest,discipline,18,13,5
Saru,uldaman,1204,priest,discipline,46,26,20
Littleabs,the-maelstrom,1204,priest,discipline,71,35,36
Crazyhemsire,twisting-nether,1203,priest,discipline,30,19,11
Nazo,sylvanas,1203,priest,discipline,83,46,37
Simbaba,archimonde,1203,priest,discipline,36,19,17
Nioubèy,archimonde,1203,priest,discipline,29,15,14
Werita,frostmane,1203,priest,discipline,122,54,68
Свежага,howling-fjord,1203,priest,discipline,76,33,43
Umbraya,blackhand,1203,priest,discipline,78,26,52
Beaglep,blackrock,1203,priest,discipline,53,13,40
Calah,frostwhisper,1202,priest,discipline,36,13,23
Perdítá,thrall,1200,priest,discipline,219,107,112
Dementzia,argent-dawn,1200,priest,discipline,89,43,46
Jeuhy,talnivarr,1200,priest,discipline,131,62,69
Leprie,draenor,1199,priest,discipline,39,15,24
Аэрэта,deathguard,1198,priest,discipline,36,22,14
Джейнкелли,borean-tundra,1198,priest,discipline,138,81,57
Csiillux,ragnaros,1198,priest,discipline,36,19,17
Drtickomaru,drakthul,1197,priest,discipline,32,16,16
Rightx,outland,1197,priest,discipline,90,41,49
Adeeva,ravencrest,1196,priest,discipline,65,40,25
Drioz,ysondre,1196,priest,discipline,78,44,34
Sisdenna,doomhammer,1196,priest,discipline,272,141,131
Sacerfull,sanguino,1196,priest,discipline,100,46,54
Wynkx,zuljin,1196,priest,discipline,66,24,42
Salves,blackmoore,1195,priest,discipline,36,17,19
Smellypecker,argent-dawn,1194,priest,discipline,30,15,15
Яестькенни,soulflayer,1193,priest,discipline,30,16,14
Lyim,stormscale,1192,priest,discipline,23,13,10
Healsquad,draenor,1191,priest,discipline,70,34,36
Psíquica,sanguino,1191,priest,discipline,27,13,14
Pvpriestess,silvermoon,1191,priest,discipline,120,56,64
Elronmcbông,ravencrest,1191,priest,discipline,72,32,40
Obeliskprist,kazzak,1190,priest,discipline,30,14,16
Perimortal,norgannon,1190,priest,discipline,57,26,31
Uro,tirion,1190,priest,discipline,41,14,27
Argaar,burning-legion,1189,priest,discipline,66,31,35
Radizzel,thrall,1189,priest,discipline,34,13,21
Zergo,karazhan,1189,priest,discipline,52,18,34
Astraniaa,blackmoore,1187,priest,discipline,30,14,16
Megalodön,draenor,1187,priest,discipline,45,17,28
Kårejonny,tarren-mill,1186,priest,discipline,55,28,27
Lillthya,kazzak,1186,priest,discipline,58,24,34
Zranda,magtheridon,1185,priest,discipline,78,36,42
Devîlcry,nordrassil,1184,priest,discipline,96,55,41
Lighter,dragonblight,1183,priest,discipline,58,35,23
Obito,outland,1183,priest,discipline,23,13,10
Freezydot,silvermoon,1183,priest,discipline,87,49,38
Летиин,gordunni,1183,priest,discipline,65,27,38
Sickz,blackrock,1183,priest,discipline,42,15,27
Výra,der-rat-von-dalaran,1182,priest,discipline,32,13,19
Trimégiste,hyjal,1181,priest,discipline,118,61,57
Goldenapples,ravencrest,1181,priest,discipline,43,22,21
Praywingsebb,nazjatar,1181,priest,discipline,30,14,16
Bellanote,dalaran,1181,priest,discipline,149,69,80
Dopemine,ragnaros,1179,priest,discipline,36,18,18
Medycus,blackrock,1179,priest,discipline,60,25,35
Riseandshine,draenor,1178,priest,discipline,36,15,21
Jaimeê,der-rat-von-dalaran,1177,priest,discipline,31,16,15
Nnaoy,ysondre,1177,priest,discipline,26,13,13
Whitepitch,doomhammer,1177,priest,discipline,89,39,50
Чупатаявошь,soulflayer,1176,priest,discipline,66,35,31
Шуали,grom,1176,priest,discipline,54,28,26
Fimor,die-nachtwache,1175,priest,discipline,48,26,22
Garie,thrall,1175,priest,discipline,74,29,45
Tyog,khazgoroth,1174,priest,discipline,25,14,11
Скорояпомощь,gordunni,1174,priest,discipline,107,58,49
Loetharion,archimonde,1174,priest,discipline,71,36,35
Nelvor,silvermoon,1174,priest,discipline,42,21,21
Kayeenie,bloodscalp,1174,priest,discipline,34,13,21
Rashyd,sylvanas,1173,priest,discipline,42,24,18
Dezriah,tarren-mill,1173,priest,discipline,147,75,72
Забвениеждёт,gordunni,1173,priest,discipline,83,37,46
Gesucristò,pozzo-delleternità,1172,priest,discipline,24,14,10
Парикнахер,soulflayer,1171,priest,discipline,36,23,13
Ksiadzrydzyk,draenor,1171,priest,discipline,36,20,16
Captn,draenor,1171,priest,discipline,54,22,32
Cøøbrà,hyjal,1170,priest,discipline,70,38,32
Petshopboi,sylvanas,1170,priest,discipline,27,14,13
Zielonymisiu,burning-legion,1170,priest,discipline,36,18,18
Àri,magtheridon,1170,priest,discipline,41,15,26
Allisandre,hellscream,1169,priest,discipline,24,13,11
Ноубадди,howling-fjord,1169,priest,discipline,67,32,35
Gertie,blackhand,1168,priest,discipline,94,49,45
Holyschidt,amanthul,1168,priest,discipline,331,162,169
Elclasico,blackrock,1168,priest,discipline,68,28,40
Popegoat,ragnaros,1167,priest,discipline,53,38,15
Nûwa,draenor,1166,priest,discipline,53,27,26
Kizzorde,ragnaros,1166,priest,discipline,86,43,43
Drsmort,blackrock,1166,priest,discipline,78,37,41
Fetuz,ravenholdt,1166,priest,discipline,68,32,36
Balhlin,argent-dawn,1166,priest,discipline,82,34,48
Szeky,ragnaros,1165,priest,discipline,36,13,23
Эски,howling-fjord,1165,priest,discipline,36,13,23
Gooldan,draenor,1164,priest,discipline,66,39,27
Flyingdutch,tarren-mill,1164,priest,discipline,247,115,132
Монесса,howling-fjord,1164,priest,discipline,44,20,24
Olîra,hyjal,1163,priest,discipline,30,14,16
Kiieevv,blackrock,1163,priest,discipline,150,67,83
Soehzz,khaz-modan,1163,priest,discipline,48,21,27
Kinn,kaelthas,1162,priest,discipline,30,16,14
Jezlung,frostmane,1162,priest,discipline,96,50,46
Stclemens,defias-brotherhood,1162,priest,discipline,39,19,20
Blàckângel,blackrock,1161,priest,discipline,312,156,156
Klaura,blackmoore,1161,priest,discipline,30,15,15
Worldjudge,kazzak,1160,priest,discipline,53,27,26
Phórkys,kazzak,1160,priest,discipline,432,216,216
Déxguard,silvermoon,1160,priest,discipline,70,26,44
Mandarinee,blackmoore,1159,priest,discipline,148,62,86
Акимбопушка,howling-fjord,1159,priest,discipline,74,27,47
Javvi,sylvanas,1158,priest,discipline,78,44,34
Vebbysor,sylvanas,1158,priest,discipline,30,15,15
Гуляль,howling-fjord,1157,priest,discipline,76,43,33
Brunestùd,pozzo-delleternità,1157,priest,discipline,68,33,35
Mjölkpelle,twisting-nether,1156,priest,discipline,24,18,6
Педаньтяйка,gordunni,1156,priest,discipline,107,67,40
Réborn,tarren-mill,1156,priest,discipline,36,19,17
Qyi,the-maelstrom,1156,priest,discipline,36,18,18
Divinekat,tarren-mill,1155,priest,discipline,22,13,9
Kínson,the-maelstrom,1155,priest,discipline,67,37,30
Døline,hyjal,1155,priest,discipline,29,13,16
Chega,malganis,1154,priest,discipline,84,34,50
Гундяй,soulflayer,1153,priest,discipline,51,28,23
Karellian,silvermoon,1153,priest,discipline,36,17,19
Tobadforglad,khaz-modan,1152,priest,discipline,18,12,6
Fkitweball,argent-dawn,1152,priest,discipline,18,12,6
Lidlpriest,frostwolf,1152,priest,discipline,18,12,6
Heab,aegwynn,1152,priest,discipline,24,12,12
Djros,magtheridon,1152,priest,discipline,24,12,12
Donpedrila,kazzak,1152,priest,discipline,24,12,12
Найтингеилл,gordunni,1152,priest,discipline,24,12,12
Keijuñâ,tarren-mill,1152,priest,discipline,24,12,12
Незерхэвэн,soulflayer,1152,priest,discipline,24,12,12
Proxsjr,ravencrest,1152,priest,discipline,24,12,12
Djokui,uldum,1152,priest,discipline,30,12,18
Djrussia,tarren-mill,1152,priest,discipline,30,12,18
Yarok,anubarak,1151,priest,discipline,18,12,6
Uncreative,ravencrest,1151,priest,discipline,18,12,6
Deadsloth,hyjal,1151,priest,discipline,24,12,12
Qzrx,draenor,1151,priest,discipline,24,12,12
Arythc,ahnqiraj,1151,priest,discipline,24,12,12
Dotctor,ysondre,1151,priest,discipline,49,24,25
Shadeblaze,draenor,1151,priest,discipline,38,16,22
Shììnx,hyjal,1151,priest,discipline,30,12,18
Aridarpriest,silvermoon,1151,priest,discipline,30,12,18
Хильдинда,soulflayer,1150,priest,discipline,54,27,27
Naomirussell,sylvanas,1150,priest,discipline,24,12,12
Fléxéd,burning-legion,1150,priest,discipline,24,12,12
Davóss,outland,1150,priest,discipline,24,12,12
Nuriva,frostmane,1150,priest,discipline,36,12,24
Wiguwigu,blackrock,1150,priest,discipline,36,12,24
Dogfx,blackhand,1150,priest,discipline,42,12,30
Roskva,archimonde,1149,priest,discipline,21,13,8
Pontifex,baelgun,1149,priest,discipline,114,65,49
Berstkraft,blackmoore,1149,priest,discipline,24,12,12
Floorpovx,blackmoore,1149,priest,discipline,24,12,12
Discmoo,kazzak,1148,priest,discipline,20,12,8
Miralou,ravencrest,1148,priest,discipline,306,154,152
Yörüichi,kazzak,1148,priest,discipline,24,12,12
Pleadz,tarren-mill,1148,priest,discipline,30,12,18
Isendth,archimonde,1148,priest,discipline,42,12,30
Ribberull,burning-blade,1147,priest,discipline,24,12,12
Уртримас,gordunni,1147,priest,discipline,128,59,69
Zenitsu,khadgar,1147,priest,discipline,66,30,36
Pocketsimp,stormscale,1147,priest,discipline,38,16,22
Nack,marécage-de-zangar,1147,priest,discipline,30,12,18
Deicidex,blackrock,1147,priest,discipline,36,12,24
Rhæveth,ravencrest,1146,priest,discipline,18,12,6
Badguymike,ragnaros,1146,priest,discipline,18,12,6
Tsumu,archimonde,1146,priest,discipline,24,12,12
Джоега,grom,1146,priest,discipline,41,12,29
Docpower,twisting-nether,1145,priest,discipline,24,12,12
Фикспрайз,gordunni,1145,priest,discipline,24,12,12
Johnnypleb,blackrock,1144,priest,discipline,114,58,56
Blacklemons,thrall,1144,priest,discipline,24,12,12
Dêrp,frostwolf,1144,priest,discipline,24,12,12
Loliheal,blackmoore,1144,priest,discipline,34,13,21
Ilovechildrn,silvermoon,1143,priest,discipline,18,12,6
Woid,aegwynn,1143,priest,discipline,24,12,12
Healy,blackrock,1143,priest,discipline,102,44,58
Plaguetale,archimonde,1142,priest,discipline,65,35,30
Саня,razuvious,1142,priest,discipline,24,12,12
Utsuro,stormscale,1142,priest,discipline,24,12,12
Manau,culte-de-la-rive-noire,1142,priest,discipline,30,12,18
Barnicha,grim-batol,1141,priest,discipline,18,12,6
Talyie,argent-dawn,1141,priest,discipline,18,12,6
Noskan,silvermoon,1141,priest,discipline,21,13,8
Aviz,tarren-mill,1141,priest,discipline,24,12,12
Karzin,aggra-português,1141,priest,discipline,66,32,34
Daesa,defias-brotherhood,1140,priest,discipline,24,14,10
Убивал,soulflayer,1140,priest,discipline,24,12,12
Claudefrollo,the-maelstrom,1140,priest,discipline,24,12,12
Canthms,twisting-nether,1139,priest,discipline,42,25,17
Mädmän,draenor,1139,priest,discipline,72,38,34
Mazzekeen,burning-legion,1139,priest,discipline,31,12,19
Kaydenkross,eredar,1139,priest,discipline,42,12,30
Bacberon,skullcrusher,1138,priest,discipline,18,12,6
Quinax,shattered-hand,1138,priest,discipline,24,12,12
Clapclap,frostmourne,1138,priest,discipline,34,13,21
Brøwney,blackmoore,1137,priest,discipline,24,12,12
Chankro,sanguino,1137,priest,discipline,24,12,12
Drüdkh,tarren-mill,1137,priest,discipline,36,12,24
Confess,archimonde,1136,priest,discipline,30,15,15
Keimohansio,twisting-nether,1136,priest,discipline,48,23,25
Seras,bloodfeather,1136,priest,discipline,102,46,56
Drissz,archimonde,1135,priest,discipline,24,12,12
Dafemboi,ravencrest,1134,priest,discipline,18,12,6
Joncartagena,sanguino,1133,priest,discipline,24,12,12
Velosp,defias-brotherhood,1133,priest,discipline,30,12,18
Kâmy,archimonde,1132,priest,discipline,18,12,6
Deliverme,frostmane,1132,priest,discipline,18,12,6
Ожившийприст,soulflayer,1132,priest,discipline,123,64,59
Neosix,sanguino,1132,priest,discipline,36,18,18
Vrenel,burning-legion,1131,priest,discipline,29,15,14
Zák,sylvanas,1131,priest,discipline,24,12,12
Elfhelp,ravencrest,1131,priest,discipline,44,15,29
Nabira,pozzo-delleternità,1130,priest,discipline,18,12,6
Gromalia,hyjal,1129,priest,discipline,24,12,12
Uncleben,grim-batol,1129,priest,discipline,31,14,17
Makrit,outland,1129,priest,discipline,51,21,30
Vrynna,kazzak,1128,priest,discipline,22,13,9
Lightless,baelgun,1128,priest,discipline,55,26,29
Paparockatos,sylvanas,1127,priest,discipline,36,24,12
Jeez,twilights-hammer,1127,priest,discipline,36,12,24
Roosy,malganis,1126,priest,discipline,35,13,22
Iømÿnudir,archimonde,1125,priest,discipline,70,33,37
Гандболист,soulflayer,1125,priest,discipline,30,12,18
Курумничек,gordunni,1124,priest,discipline,18,12,6
Frittê,anetheron,1124,priest,discipline,57,29,28
Enlîl,zuljin,1123,priest,discipline,47,25,22
Enaches,twisting-nether,1123,priest,discipline,61,30,31
Spookyfive,blackhand,1123,priest,discipline,73,26,47
Kurtse,archimonde,1121,priest,discipline,28,14,14
Biblebabe,tarren-mill,1121,priest,discipline,24,12,12
Killerkende,ragnaros,1119,priest,discipline,46,22,24
Limpopon,doomhammer,1119,priest,discipline,39,15,24
Twirlylocks,emerald-dream,1118,priest,discipline,29,12,17
Jeus,malganis,1118,priest,discipline,36,14,22
Thiela,ravencrest,1117,priest,discipline,20,13,7
Spooka,ravencrest,1117,priest,discipline,23,12,11
Boyraz,argent-dawn,1117,priest,discipline,66,30,36
Ungeheuer,taerar,1116,priest,discipline,30,16,14
Nyell,silvermoon,1115,priest,discipline,22,12,10
Klaniara,silvermoon,1115,priest,discipline,28,15,13
Iloa,dun-morogh,1114,priest,discipline,35,21,14
Bigwoopsie,stormscale,1114,priest,discipline,24,14,10
Mewdewrewrx,arathor,1114,priest,discipline,84,46,38
Viroxian,outland,1114,priest,discipline,24,12,12
Devilscousin,aggra-português,1113,priest,discipline,18,14,4
Ehrmantràut,draenor,1113,priest,discipline,31,17,14
Bluxon,kazzak,1113,priest,discipline,22,12,10
Holynelph,kazzak,1113,priest,discipline,26,13,13
Таймыр,gordunni,1113,priest,discipline,155,70,85
Fordead,krasus,1113,priest,discipline,48,13,35
Qsandria,ravencrest,1112,priest,discipline,50,24,26
Maskia,sanguino,1112,priest,discipline,30,12,18
Латрам,greymane,1112,priest,discipline,88,35,53
Гролгул,eversong,1111,priest,discipline,24,12,12
Milessa,steamwheedle-cartel,1111,priest,discipline,48,18,30
Dalyn,zuljin,1110,priest,discipline,24,12,12
Desperion,ragnaros,1110,priest,discipline,85,35,50
Nykothp,ghostlands,1110,priest,discipline,30,12,18
Baddly,silvermoon,1110,priest,discipline,35,12,23
Attiny,draenor,1110,priest,discipline,48,14,34
Kranrekan,archimonde,1109,priest,discipline,37,12,25
Стаминабаф,gordunni,1108,priest,discipline,21,13,8
Fixyou,aggra-português,1108,priest,discipline,24,12,12
Yoloh,sanguino,1108,priest,discipline,51,19,32
Dilbert,twilights-hammer,1107,priest,discipline,70,29,41
Taili,ysondre,1107,priest,discipline,32,13,19
Nigellä,azjolnerub,1107,priest,discipline,36,12,24
Templanzaa,cthun,1106,priest,discipline,24,12,12
Deckardkain,pozzo-delleternità,1105,priest,discipline,60,33,27
Thörbjorn,confrérie-du-thorium,1105,priest,discipline,30,15,15
Valente,twisting-nether,1105,priest,discipline,60,22,38
Elyssez,thrall,1104,priest,discipline,61,22,39
Lydîâ,blackhand,1102,priest,discipline,23,12,11
Xakala,cthun,1102,priest,discipline,81,42,39
Bldnl,ragnaros,1102,priest,discipline,27,13,14
Scotpriest,draenor,1101,priest,discipline,24,12,12
Bepbepp,archimonde,1101,priest,discipline,26,12,14
Plagegeist,blutkessel,1100,priest,discipline,24,12,12
Möd,ragnaros,1100,priest,discipline,30,13,17
Imsöbäd,archimonde,1098,priest,discipline,30,12,18
Vaurork,stormscale,1096,priest,discipline,23,12,11
Mocnymaco,burning-blade,1094,priest,discipline,181,93,88
Мояродная,howling-fjord,1091,priest,discipline,43,13,30
Jcnun,xavius,1090,priest,discipline,52,16,36
Anethron,ragnaros,1089,priest,discipline,78,42,36
Necromania,cthun,1089,priest,discipline,123,58,65
Hasnaa,silvermoon,1088,priest,discipline,18,12,6
Lísan,ravencrest,1088,priest,discipline,30,14,16
Szalsza,arathor,1088,priest,discipline,84,39,45
Эрьеро,gordunni,1085,priest,discipline,48,17,31
Xmassdispel,tarren-mill,1084,priest,discipline,36,14,22
Prognosis,frostwhisper,1083,priest,discipline,36,17,19
Dinamix,tarren-mill,1082,priest,discipline,30,16,14
Mundwerk,malganis,1081,priest,discipline,57,21,36
Nellytaa,dalaran,1080,priest,discipline,33,17,16
Waxosc,silvermoon,1080,priest,discipline,68,28,40
Salskagripme,ragnaros,1079,priest,discipline,18,12,6
Гомотряс,howling-fjord,1079,priest,discipline,102,54,48
Bálíé,blackmoore,1078,priest,discipline,72,35,37
Yelowsnowman,burning-legion,1078,priest,discipline,48,22,26
Prodan,frostmane,1076,priest,discipline,36,18,18
Lunacarle,zuljin,1075,priest,discipline,44,24,20
Clergy,hellfire,1074,priest,discipline,54,33,21
Prïstië,drakthul,1074,priest,discipline,57,29,28
Deathspawn,hellscream,1073,priest,discipline,69,37,32
Dafúq,draenor,1072,priest,discipline,22,12,10
Metapri,blackhand,1072,priest,discipline,35,18,17
Ünholy,burning-legion,1071,priest,discipline,29,14,15
Seanoob,turalyon,1071,priest,discipline,31,12,19
Zentro,turalyon,1071,priest,discipline,64,22,42
Deppara,twisting-nether,1070,priest,discipline,38,23,15
Discoprillan,twisting-nether,1069,priest,discipline,43,23,20
Lunairess,silvermoon,1069,priest,discipline,84,28,56
Antibiotic,auchindoun,1068,priest,discipline,29,13,16
Nobbisnice,drakthul,1067,priest,discipline,82,36,46
Deeforce,argent-dawn,1067,priest,discipline,74,29,45
Ribbins,outland,1067,priest,discipline,36,12,24
Эйнрив,howling-fjord,1066,priest,discipline,113,53,60
Юкич,soulflayer,1065,priest,discipline,34,12,22
Hðly,doomhammer,1064,priest,discipline,18,12,6
Заплетальщик,howling-fjord,1064,priest,discipline,60,34,26
Crizto,argent-dawn,1064,priest,discipline,43,16,27
Celero,silvermoon,1063,priest,discipline,54,23,31
Avor,hellfire,1062,priest,discipline,24,16,8
Draenera,silvermoon,1061,priest,discipline,65,29,36
Norah,kirin-tor,1061,priest,discipline,30,13,17
Prazefin,twisting-nether,1060,priest,discipline,22,13,9
Ãbømînåtîøn,blackrock,1059,priest,discipline,28,22,6
Yânùx,aegwynn,1056,priest,discipline,12,11,1
Swpain,argent-dawn,1056,priest,discipline,12,11,1
Schwypsvnr,garona,1056,priest,discipline,18,11,7
Fatyoyo,frostwolf,1056,priest,discipline,18,11,7
Kirobreika,twisting-nether,1056,priest,discipline,18,11,7
Daskemaskinx,the-maelstrom,1056,priest,discipline,18,11,7
Bindww,tarren-mill,1056,priest,discipline,18,11,7
Lmnsqzy,ravencrest,1056,priest,discipline,18,11,7
Drnoob,tarren-mill,1056,priest,discipline,50,25,25
Onceup,thrall,1056,priest,discipline,24,11,13
Ðanilosp,dun-modr,1056,priest,discipline,24,11,13
Carpathîan,blackhand,1056,priest,discipline,72,25,47
Балантайсх,soulflayer,1055,priest,discipline,18,11,7
Pilgram,twilights-hammer,1055,priest,discipline,18,11,7
Gwinzy,blackmoore,1055,priest,discipline,18,11,7
Kenobai,kazzak,1055,priest,discipline,18,11,7
Nelyø,destromath,1055,priest,discipline,18,11,7
Zælÿ,archimonde,1055,priest,discipline,18,11,7
Manäka,hyjal,1055,priest,discipline,24,11,13
Eitukaeitai,outland,1055,priest,discipline,24,11,13
Ahun,taerar,1055,priest,discipline,24,11,13
Lexìì,archimonde,1055,priest,discipline,24,11,13
Squishylol,tarren-mill,1055,priest,discipline,24,11,13
Pureàngel,ravencrest,1055,priest,discipline,24,11,13
Deshka,tarren-mill,1055,priest,discipline,30,11,19
Dubai,silvermoon,1055,priest,discipline,36,11,25
Unstopp,blackhand,1054,priest,discipline,18,11,7
Leleg,blackhand,1054,priest,discipline,18,11,7
Hòllymèdx,blackmoore,1054,priest,discipline,24,11,13
Bäckay,silvermoon,1054,priest,discipline,24,11,13
Arya,dunemaul,1054,priest,discipline,24,11,13
Peg,talnivarr,1054,priest,discipline,30,11,19
Zeröone,silvermoon,1054,priest,discipline,35,11,24
Азмоддан,azuregos,1054,priest,discipline,36,11,25
Szycho,burning-legion,1054,priest,discipline,36,11,25
Asmodeux,alakir,1053,priest,discipline,12,11,1
Zeatt,ysera,1053,priest,discipline,18,11,7
Tsunadesaama,silvermoon,1053,priest,discipline,24,11,13
Sinnestrike,tarren-mill,1053,priest,discipline,24,11,13
Mambanero,nemesis,1053,priest,discipline,105,44,61
Залик,soulflayer,1053,priest,discipline,29,12,17
Aléhyl,la-croisade-écarlate,1053,priest,discipline,72,28,44
Stepsisstuck,ragnaros,1053,priest,discipline,30,11,19
Рейсина,gordunni,1053,priest,discipline,30,11,19
Drwho,zuljin,1053,priest,discipline,33,12,21
Lalola,tarren-mill,1052,priest,discipline,59,30,29
Købzar,tarren-mill,1052,priest,discipline,30,11,19
Chokmâh,sanguino,1051,priest,discipline,18,11,7
Пристохилю,gordunni,1051,priest,discipline,24,14,10
Inaeries,argent-dawn,1051,priest,discipline,35,20,15
Nevermyndz,blackmoore,1051,priest,discipline,24,11,13
Doktoritca,kazzak,1051,priest,discipline,30,11,19
Fakéy,draenor,1050,priest,discipline,12,11,1
Iiamx,antonidas,1050,priest,discipline,18,11,7
Hailor,blackmoore,1050,priest,discipline,18,11,7
Cahuña,thrall,1050,priest,discipline,33,19,14
Junglepriest,ravencrest,1050,priest,discipline,24,11,13
Smokäy,blackhand,1050,priest,discipline,24,11,13
Baloopriest,grim-batol,1050,priest,discipline,30,11,19
Zatón,dun-modr,1050,priest,discipline,30,11,19
Celadriel,ravencrest,1050,priest,discipline,30,11,19
Lacrum,ragnaros,1049,priest,discipline,26,15,11
Boomhilde,aegwynn,1049,priest,discipline,206,104,102
Goosebot,stormscale,1049,priest,discipline,24,11,13
Soupriest,ysondre,1049,priest,discipline,27,12,15
Nøwénna,ravencrest,1049,priest,discipline,42,11,31
Icyc,outland,1049,priest,discipline,42,11,31
Merendir,scarshield-legion,1049,priest,discipline,42,11,31
Sophoula,silvermoon,1048,priest,discipline,18,11,7
Ehther,dun-modr,1048,priest,discipline,18,11,7
Sanril,ragnaros,1048,priest,discipline,24,11,13
Leerzeichen,aegwynn,1048,priest,discipline,24,11,13
Diskogoblin,drakthul,1048,priest,discipline,24,11,13
Ysharrj,hyjal,1048,priest,discipline,24,11,13
Axewound,neptulon,1048,priest,discipline,25,11,14
Redlight,ysondre,1048,priest,discipline,30,11,19
Rredss,ravencrest,1047,priest,discipline,22,14,8
Neseig,blutkessel,1047,priest,discipline,18,11,7
Drumont,kelthuzad,1047,priest,discipline,24,11,13
Blasfemo,nemesis,1047,priest,discipline,24,11,13
Ilostmybible,runetotem,1047,priest,discipline,28,12,16
Derathon,eredar,1046,priest,discipline,18,11,7
Мерседулька,howling-fjord,1046,priest,discipline,22,12,10
Ichpvpeuch,eredar,1046,priest,discipline,24,11,13
Болътвоя,gordunni,1045,priest,discipline,18,11,7
Jeanpipe,khaz-modan,1044,priest,discipline,12,11,1
Yourmann,quelthalas,1044,priest,discipline,18,11,7
Migaz,runetotem,1044,priest,discipline,18,11,7
Pescá,cthun,1044,priest,discipline,25,13,12
Needmana,hyjal,1044,priest,discipline,36,15,21
Vadhänder,the-maelstrom,1044,priest,discipline,30,11,19
Kaos,anetheron,1043,priest,discipline,15,13,2
Ráka,earthen-ring,1043,priest,discipline,26,13,13
Эллвинг,howling-fjord,1042,priest,discipline,23,12,11
Starnote,auchindoun,1042,priest,discipline,24,11,13
Rhésùs,archimonde,1041,priest,discipline,44,25,19
Nynren,doomhammer,1041,priest,discipline,50,22,28
Holyskull,magtheridon,1041,priest,discipline,124,51,73
Khato,rexxar,1040,priest,discipline,21,12,9
Whitemané,argent-dawn,1040,priest,discipline,56,28,28
Jonnyklebrig,aegwynn,1040,priest,discipline,47,18,29
Swdscript,drakthul,1039,priest,discipline,24,11,13
Worstdisceu,draenor,1039,priest,discipline,24,11,13
Joebando,ravencrest,1038,priest,discipline,62,29,33
Priestar,madmortem,1038,priest,discipline,24,11,13
Myskou,ragnaros,1037,priest,discipline,12,11,1
Fingerblast,sanguino,1037,priest,discipline,24,12,12
Sphard,ysondre,1037,priest,discipline,104,39,65
Sytrix,frostwolf,1034,priest,discipline,18,11,7
Novilas,thrall,1034,priest,discipline,18,11,7
Трахмэйстер,gordunni,1032,priest,discipline,23,17,6
Tokushiro,sylvanas,1031,priest,discipline,24,11,13
Hónòr,sylvanas,1031,priest,discipline,41,11,30
Pasalacabra,zuljin,1030,priest,discipline,24,11,13
Zdrowíé,todeswache,1029,priest,discipline,78,45,33
Nupzie,stormscale,1029,priest,discipline,39,15,24
Kreem,frostmane,1028,priest,discipline,18,11,7
Rydzyk,laughing-skull,1028,priest,discipline,24,13,11
Hèlp,sanguino,1028,priest,discipline,24,12,12
Zbll,ragnaros,1028,priest,discipline,30,12,18
Healheal,outland,1026,priest,discipline,54,25,29
Barbiemeth,silvermoon,1026,priest,discipline,71,25,46
Leønix,malfurion,1025,priest,discipline,21,12,9
Kyrédan,dalaran,1025,priest,discipline,186,92,94
Bakris,twisting-nether,1024,priest,discipline,24,11,13
Noserenity,outland,1023,priest,discipline,17,11,6
Galpriest,tarren-mill,1023,priest,discipline,17,11,6
Tmnewho,outland,1022,priest,discipline,22,12,10
Stigy,auchindoun,1022,priest,discipline,24,11,13
Tori,marécage-de-zangar,1021,priest,discipline,20,12,8
Xkv,blackmoore,1020,priest,discipline,18,11,7
Sharae,malfurion,1020,priest,discipline,77,41,36
Psychoboris,outland,1020,priest,discipline,127,67,60
Äwësömë,aggra-português,1019,priest,discipline,66,34,32
Shnookfour,agamaggan,1019,priest,discipline,58,29,29
Sòsò,archimonde,1018,priest,discipline,60,25,35
Grgovan,kazzak,1017,priest,discipline,15,12,3
Rexxár,aszune,1016,priest,discipline,121,58,63
Voidjutsu,draenor,1016,priest,discipline,80,31,49
Xanndro,argent-dawn,1014,priest,discipline,34,13,21
Gronni,argent-dawn,1012,priest,discipline,30,15,15
Ghorfindel,kaelthas,1012,priest,discipline,23,11,12
Варинган,howling-fjord,1011,priest,discipline,22,12,10
Morrydin,stormreaver,1009,priest,discipline,22,11,11
Yøzø,blackhand,1009,priest,discipline,63,27,36
Malfredx,stormscale,1008,priest,discipline,21,12,9
Awien,kazzak,1008,priest,discipline,27,12,15
Bicepvein,sylvanas,1007,priest,discipline,15,11,4
Judine,kazzak,1007,priest,discipline,17,11,6
Discoruzki,ravencrest,1007,priest,discipline,23,11,12
Howlscastie,stormscale,1007,priest,discipline,54,22,32
Lenanitro,blackrock,1007,priest,discipline,29,11,18
Priestør,onyxia,1006,priest,discipline,19,12,7
Камшотхил,gordunni,1005,priest,discipline,46,24,22
Amaretta,perenolde,1005,priest,discipline,79,41,38
Malapriest,dalaran,1005,priest,discipline,23,11,12
Телоури,galakrond,1004,priest,discipline,27,12,15
Kallsen,ravencrest,1002,priest,discipline,45,28,17
Aliciaiscute,ravencrest,1002,priest,discipline,22,12,10
Roshaltar,argent-dawn,1002,priest,discipline,78,41,37
Stahj,sanguino,1002,priest,discipline,23,11,12
Sixeus,outland,1002,priest,discipline,26,12,14
Makrophage,mannoroth,1001,priest,discipline,22,12,10
Dirim,silvermoon,1001,priest,discipline,90,32,58
Steadyog,doomhammer,1000,priest,discipline,24,16,8
Mijuuk,zuljin,1000,priest,discipline,36,23,13
Buzzard,frostmourne,1000,priest,discipline,24,15,9
Malîken,silvermoon,1000,priest,discipline,24,11,13
Rrpriest,silvermoon,998,priest,discipline,68,23,45
Îndura,drakthul,997,priest,discipline,99,44,55
Вальдемарс,howling-fjord,996,priest,discipline,29,11,18
Kilrog,blackrock,995,priest,discipline,27,13,14
Zlejkadlec,drakthul,994,priest,discipline,28,13,15
Negativeapm,archimonde,991,priest,discipline,17,11,6
Absinthamos,eredar,989,priest,discipline,22,11,11
Góldfinger,norgannon,988,priest,discipline,27,11,16
Hinkelstein,defias-brotherhood,983,priest,discipline,44,23,21
Huzlin,kazzak,983,priest,discipline,28,11,17
Aprima,culte-de-la-rive-noire,983,priest,discipline,48,17,31
Lichtelaaie,quelthalas,980,priest,discipline,24,15,9
Marryjade,ragnaros,978,priest,discipline,26,12,14
Junkz,eredar,977,priest,discipline,42,19,23
Satanspawn,neptulon,977,priest,discipline,64,23,41
Shalacho,blackrock,976,priest,discipline,58,26,32
Арабет,galakrond,975,priest,discipline,107,57,50
Eronnsalis,burning-legion,975,priest,discipline,96,43,53
Yoóngí,ravencrest,973,priest,discipline,17,11,6
Therealopa,blackmoore,973,priest,discipline,116,54,62
Papkalácss,hellfire,972,priest,discipline,20,12,8
Vepa,blackrock,972,priest,discipline,52,27,25
Sildane,kirin-tor,972,priest,discipline,29,11,18
Priezeke,aggramar,970,priest,discipline,54,30,24
Sigor,hellfire,970,priest,discipline,35,16,19
Васпохилить,howling-fjord,969,priest,discipline,32,15,17
Chaniu,throkferoth,967,priest,discipline,30,11,19
Priincess,ragnaros,966,priest,discipline,34,14,20
Rosilana,blackrock,966,priest,discipline,54,20,34
Teyranamin,defias-brotherhood,965,priest,discipline,25,11,14
Paradigma,outland,964,priest,discipline,35,19,16
Morgoh,die-arguswacht,962,priest,discipline,162,81,81
Holyheartx,argent-dawn,962,priest,discipline,34,12,22
Presbyter,mazrigos,961,priest,discipline,21,11,10
Didinini,outland,961,priest,discipline,46,24,22
Lanat,ravencrest,960,priest,discipline,12,10,2
Ghettonelf,sylvanas,960,priest,discipline,12,10,2
Piccolamorte,ysondre,960,priest,discipline,12,10,2
Sadsadsad,ravencrest,960,priest,discipline,18,10,8
Wyrofear,ragnaros,960,priest,discipline,18,10,8
Mindhøven,veklor,960,priest,discipline,18,10,8
Mainhunter,aegwynn,960,priest,discipline,18,10,8
Asýnc,ravencrest,960,priest,discipline,18,10,8
Ринкуку,howling-fjord,960,priest,discipline,18,10,8
Nakenhäst,stormscale,960,priest,discipline,18,10,8
Пухлаясвинка,fordragon,960,priest,discipline,18,10,8
Фотосз,soulflayer,960,priest,discipline,18,10,8
Lerrapriest,eredar,960,priest,discipline,18,10,8
Tweely,drakthul,960,priest,discipline,18,10,8
Ykwah,kazzak,960,priest,discipline,24,10,14
ßestworld,draenor,960,priest,discipline,24,10,14
Theblank,pozzo-delleternità,960,priest,discipline,24,10,14
Tmnstrtw,alakir,960,priest,discipline,30,10,20
Casic,blackhand,959,priest,discipline,12,10,2
Leåh,ravencrest,959,priest,discipline,12,10,2
Dunderpriest,silvermoon,959,priest,discipline,18,10,8
Animalrescue,draenor,959,priest,discipline,18,10,8
Yaoz,sanguino,959,priest,discipline,18,10,8
Spánkproof,kazzak,959,priest,discipline,18,10,8
Ичисанчик,howling-fjord,959,priest,discipline,18,10,8
Рыжаякискис,soulflayer,959,priest,discipline,18,10,8
Lèss,ysondre,959,priest,discipline,18,10,8
Voidbone,stormscale,959,priest,discipline,18,10,8
Døtgdx,archimonde,959,priest,discipline,18,10,8
Ðaala,blackrock,959,priest,discipline,18,10,8
Striderz,outland,959,priest,discipline,18,10,8
Beellzo,sylvanas,959,priest,discipline,89,38,51
Râây,blackrock,959,priest,discipline,24,10,14
Gobblestick,draenor,959,priest,discipline,24,10,14
Grimezot,ragnaros,959,priest,discipline,24,10,14
Aurorä,burning-legion,959,priest,discipline,24,10,14
ßrain,garona,959,priest,discipline,24,10,14
Phucu,the-maelstrom,959,priest,discipline,30,10,20
Awakenedmyth,draenor,958,priest,discipline,12,10,2
Finalprayer,silvermoon,958,priest,discipline,12,10,2
Elinaa,die-aldor,958,priest,discipline,18,10,8
Sadgelands,outland,958,priest,discipline,18,10,8
Ezcobar,twilights-hammer,958,priest,discipline,18,10,8
Misspingle,sunstrider,958,priest,discipline,18,10,8
Vo,dentarg,958,priest,discipline,18,10,8
Thicolascage,draenor,958,priest,discipline,24,10,14
Faíht,blackrock,958,priest,discipline,24,10,14
Radiancekey,sanguino,958,priest,discipline,24,10,14
Adallon,blackmoore,958,priest,discipline,30,10,20
Nudavbrne,drakthul,957,priest,discipline,12,10,2
Sws,throkferoth,957,priest,discipline,12,10,2
Попячебрило,gordunni,957,priest,discipline,88,45,43
Dexodus,sylvanas,957,priest,discipline,24,10,14
Hazedoktor,twisting-nether,957,priest,discipline,24,10,14
Вейтарен,gordunni,957,priest,discipline,30,10,20
Chîlliz,draenor,956,priest,discipline,18,10,8
Zaein,malganis,956,priest,discipline,18,10,8
Cidrea,saurfang,956,priest,discipline,18,10,8
Пэйтен,deathguard,955,priest,discipline,24,10,14
Evangelyne,tarren-mill,955,priest,discipline,24,10,14
Miraev,argent-dawn,955,priest,discipline,24,10,14
Zyrexan,defias-brotherhood,955,priest,discipline,30,10,20
Nattramnone,blackmoore,954,priest,discipline,18,10,8
Kyuuma,ravencrest,954,priest,discipline,24,10,14
Hempukka,spinebreaker,954,priest,discipline,24,10,14
Suchetto,kazzak,954,priest,discipline,24,10,14
Chilltcaster,blackrock,954,priest,discipline,26,10,16
Юбич,soulflayer,953,priest,discipline,18,10,8
Pestaso,shendralar,953,priest,discipline,18,10,8
Sasabsi,malorne,953,priest,discipline,18,10,8
Сайларс,howling-fjord,953,priest,discipline,24,10,14
Tritonis,draenor,952,priest,discipline,18,10,8
Votiqt,tarren-mill,952,priest,discipline,18,10,8
Makariotatos,xavius,952,priest,discipline,18,10,8
Abî,frostwolf,952,priest,discipline,21,11,10
Саксесфул,howling-fjord,952,priest,discipline,24,10,14
Kenzaiq,aegwynn,952,priest,discipline,24,10,14
Holymøly,earthen-ring,952,priest,discipline,24,10,14
Hugerage,stormreaver,952,priest,discipline,42,10,32
Dpxd,tarren-mill,951,priest,discipline,18,10,8
Boniesmack,stormscale,951,priest,discipline,24,10,14
Фионыч,blackscar,951,priest,discipline,24,10,14
Немашка,blackscar,950,priest,discipline,18,10,8
Nasirjones,outland,950,priest,discipline,18,10,8
Биркох,blackscar,950,priest,discipline,18,10,8
Guérissolog,kaelthas,950,priest,discipline,24,10,14
Gaidy,ravencrest,949,priest,discipline,18,10,8
Chris,laughing-skull,948,priest,discipline,12,10,2
Narkofashist,sanguino,947,priest,discipline,66,23,43
Perxonx,twisting-nether,946,priest,discipline,12,10,2
Pínx,nerathor,946,priest,discipline,24,10,14
Vecaya,blackrock,945,priest,discipline,18,10,8
Raptichou,hyjal,945,priest,discipline,18,10,8
Jimcarre,eredar,945,priest,discipline,24,11,13
Izaa,silvermoon,943,priest,discipline,30,10,20
Mønti,onyxia,942,priest,discipline,35,17,18
Pabli,argent-dawn,942,priest,discipline,24,10,14
Togx,silvermoon,942,priest,discipline,24,10,14
Søb,silvermoon,942,priest,discipline,29,10,19
Lèviåthån,stormscale,942,priest,discipline,29,10,19
Ezrox,neptulon,941,priest,discipline,24,10,14
Darkpræcher,hyjal,940,priest,discipline,12,10,2
Perlo,sanguino,940,priest,discipline,89,47,42
Moinmeister,frostmourne,939,priest,discipline,29,15,14
Энтанант,gordunni,935,priest,discipline,30,15,15
Khai,tarren-mill,935,priest,discipline,65,27,38
Eleveno,ravencrest,934,priest,discipline,54,26,28
Lhh,blackmoore,934,priest,discipline,26,12,14
Sednâ,conseil-des-ombres,931,priest,discipline,23,10,13
Satyxian,draenor,929,priest,discipline,18,10,8
Chukwundi,ravencrest,929,priest,discipline,84,29,55
Ifkströmsund,stormscale,928,priest,discipline,18,10,8
Pavyone,twisting-nether,926,priest,discipline,23,10,13
Aliasus,archimonde,924,priest,discipline,17,10,7
Meodor,antonidas,923,priest,discipline,24,14,10
Havanna,dethecus,923,priest,discipline,24,13,11
Flaylol,stormscale,923,priest,discipline,23,10,13
Felbs,defias-brotherhood,923,priest,discipline,63,21,42
Fordöbroo,ragnaros,921,priest,discipline,39,16,23
Kashmirweed,ravencrest,921,priest,discipline,54,20,34
Goldische,dun-morogh,917,priest,discipline,56,18,38
Pulttipiispa,ravencrest,916,priest,discipline,23,10,13
Elba,defias-brotherhood,916,priest,discipline,24,10,14
Аргла,soulflayer,912,priest,discipline,66,24,42
Nunnis,kazzak,911,priest,discipline,254,129,125
Cesiom,culte-de-la-rive-noire,909,priest,discipline,48,25,23
Zthul,draenor,909,priest,discipline,27,11,16
Titibolls,sanguino,908,priest,discipline,23,10,13
Immórtal,tarren-mill,908,priest,discipline,30,10,20
Koderpl,burning-legion,907,priest,discipline,70,35,35
Lubdub,drakthul,905,priest,discipline,24,10,14
Seidel,aggramar,904,priest,discipline,34,17,17
Theunknown,stormscale,903,priest,discipline,29,11,18
Wørmiexz,stormscale,895,priest,discipline,20,10,10
Amoxí,blackmoore,892,priest,discipline,18,10,8
Aliciakeys,twilights-hammer,892,priest,discipline,28,10,18
Nosgot,earthen-ring,889,priest,discipline,30,14,16
Minnaq,burning-legion,888,priest,discipline,24,10,14
Caprice,kelthuzad,888,priest,discipline,36,13,23
Chandria,veknilash,886,priest,discipline,54,24,30
Sétsukó,aegwynn,880,priest,discipline,16,10,6
Blååb,draenor,879,priest,discipline,19,10,9
Fatalyse,ysondre,879,priest,discipline,60,29,31
Chillx,blackmoore,878,priest,discipline,85,45,40
Saskiaa,doomhammer,874,priest,discipline,60,28,32
Daria,teldrassil,871,priest,discipline,207,100,107
Borgír,burning-legion,871,priest,discipline,27,11,16
Toks,stormscale,871,priest,discipline,45,10,35
Elfiontko,burning-legion,870,priest,discipline,24,11,13
Skycity,silvermoon,864,priest,discipline,12,9,3
Cbbigbape,thrall,864,priest,discipline,12,9,3
Pohja,veknilash,864,priest,discipline,12,9,3
Slovak,stormscale,864,priest,discipline,12,9,3
Cyúxyúvteea,ravencrest,864,priest,discipline,12,9,3
Priestyboyuk,tarren-mill,864,priest,discipline,12,9,3
Byzzi,draenor,864,priest,discipline,12,9,3
Chimpanzoo,kazzak,864,priest,discipline,12,9,3
Monflouz,archimonde,864,priest,discipline,12,9,3
Exola,outland,864,priest,discipline,12,9,3
Ahilarry,tarren-mill,864,priest,discipline,12,9,3
Ratapain,argent-dawn,864,priest,discipline,12,9,3
Moonacky,bronze-dragonflight,864,priest,discipline,12,9,3
Priéstitude,kazzak,864,priest,discipline,12,9,3
Dexlolo,stormscale,864,priest,discipline,18,9,9
Haffination,frostmane,864,priest,discipline,18,9,9
Shaneya,silvermoon,864,priest,discipline,18,9,9
Ilovepmr,outland,864,priest,discipline,18,9,9
Jtep,ravencrest,864,priest,discipline,18,9,9
Thaykza,blackmoore,864,priest,discipline,18,9,9
Gloffoló,ragnaros,864,priest,discipline,18,9,9
Heavensfire,twisting-nether,864,priest,discipline,18,9,9
Svetozarov,wildhammer,864,priest,discipline,18,9,9
Yroe,gorgonnash,864,priest,discipline,18,9,9
Ynys,dentarg,864,priest,discipline,18,9,9
Muant,twisting-nether,864,priest,discipline,18,9,9
Donvasco,kazzak,864,priest,discipline,18,9,9
Ycvdfghrkynu,sylvanas,864,priest,discipline,18,9,9
Infandus,pozzo-delleternità,864,priest,discipline,18,9,9
Sørcedote,dun-modr,864,priest,discipline,18,9,9
Indrades,blackmoore,864,priest,discipline,18,9,9
Lâñàt,ravencrest,864,priest,discipline,18,9,9
Siign,ravencrest,864,priest,discipline,22,10,12
Lightofsuny,alakir,864,priest,discipline,23,10,13
Падлез,howling-fjord,864,priest,discipline,24,9,15
Víd,dun-morogh,864,priest,discipline,24,9,15
Auroree,stormscale,864,priest,discipline,24,9,15
Péntagon,festung-der-stürme,864,priest,discipline,24,9,15
Itsdiscobaby,auchindoun,864,priest,discipline,24,9,15
Frígídhealz,outland,864,priest,discipline,24,9,15
Próxs,ravencrest,864,priest,discipline,24,9,15
Chocomiette,archimonde,864,priest,discipline,25,9,16
Leykop,ravencrest,864,priest,discipline,30,9,21
Spezzato,nemesis,864,priest,discipline,30,9,21
Devastris,ravencrest,864,priest,discipline,30,9,21
Klugzy,silvermoon,864,priest,discipline,30,9,21
Evabae,the-maelstrom,864,priest,discipline,30,9,21
Simza,azuremyst,863,priest,discipline,12,9,3
Klosso,anachronos,863,priest,discipline,12,9,3
Nyrziâ,archimonde,863,priest,discipline,12,9,3
Dhalsim,the-shatar,863,priest,discipline,12,9,3
Eustâche,suramar,863,priest,discipline,12,9,3
Justtpro,twisting-nether,863,priest,discipline,12,9,3
Grainbames,sylvanas,863,priest,discipline,12,9,3
Qjju,blackmoore,863,priest,discipline,12,9,3
Grishnat,ragnaros,863,priest,discipline,12,9,3
Grandpatea,silvermoon,863,priest,discipline,12,9,3
Saitani,stormscale,863,priest,discipline,18,9,9
Nilera,frostwolf,863,priest,discipline,18,9,9
Hopepriest,magtheridon,863,priest,discipline,18,9,9
Smitelay,alleria,863,priest,discipline,18,9,9
Dadheal,dalaran,863,priest,discipline,18,9,9
Fabuliciøus,blackrock,863,priest,discipline,18,9,9
Giily,archimonde,863,priest,discipline,18,9,9
Mïxa,eitrigg,863,priest,discipline,18,9,9
Alshah,emerald-dream,863,priest,discipline,18,9,9
Sacreth,ragnaros,863,priest,discipline,18,9,9
Ratingfeeder,tarren-mill,863,priest,discipline,18,9,9
Coldxzera,tarren-mill,863,priest,discipline,18,9,9
Markianos,silvermoon,863,priest,discipline,18,9,9
Pollution,ragnaros,863,priest,discipline,18,9,9
Дакимакурах,gordunni,863,priest,discipline,18,9,9
Gorti,ravencrest,863,priest,discipline,18,9,9
Naberus,ragnaros,863,priest,discipline,19,9,10
Xyliqa,aegwynn,863,priest,discipline,24,9,15
Senza,ysondre,863,priest,discipline,24,9,15
Униакт,gordunni,863,priest,discipline,24,9,15
Capslk,ravencrest,863,priest,discipline,30,9,21
Skinandbones,sylvanas,863,priest,discipline,30,9,21
Jána,argent-dawn,862,priest,discipline,12,9,3
Vandansk,kazzak,862,priest,discipline,12,9,3
Joeshmoex,blackrock,862,priest,discipline,12,9,3
Søkariss,elune,862,priest,discipline,12,9,3
Rawelf,ravencrest,862,priest,discipline,12,9,3
Walúpe,draenor,862,priest,discipline,12,9,3
Billypriest,argent-dawn,862,priest,discipline,12,9,3
Broer,twisting-nether,862,priest,discipline,12,9,3
Gnomeeater,silvermoon,862,priest,discipline,12,9,3
Kildöre,hyjal,862,priest,discipline,12,9,3
Hymn,defias-brotherhood,862,priest,discipline,12,9,3
Fetmeister,drakthul,862,priest,discipline,18,9,9
Sandcastles,ravencrest,862,priest,discipline,18,9,9
Widöw,cthun,862,priest,discipline,18,9,9
Skyalpha,silvermoon,862,priest,discipline,18,9,9
Hiimpinxî,ragnaros,862,priest,discipline,18,9,9
Бахчи,thermaplugg,862,priest,discipline,18,9,9
Mxcey,ravencrest,862,priest,discipline,24,9,15
Kämels,ravencrest,862,priest,discipline,24,9,15
Merrysmiting,ravencrest,862,priest,discipline,30,9,21
Ghostee,twisting-nether,861,priest,discipline,12,9,3
Endlin,silvermoon,861,priest,discipline,12,9,3
Vædan,drakthul,861,priest,discipline,12,9,3
Söultaker,ravencrest,861,priest,discipline,12,9,3
Vierfingerjo,eredar,861,priest,discipline,18,9,9
Schlúckunweg,antonidas,861,priest,discipline,18,9,9
Юлечка,blackscar,861,priest,discipline,18,9,9
Voodoo,the-maelstrom,860,priest,discipline,18,9,9
Rafikii,eredar,860,priest,discipline,24,9,15
Hauntzer,veknilash,860,priest,discipline,30,9,21
Shidori,dalaran,859,priest,discipline,18,9,9
ßlowska,hyjal,859,priest,discipline,24,9,15
Nhajÿ,hyjal,859,priest,discipline,24,9,15
Priestige,spinebreaker,858,priest,discipline,18,9,9
Dorisdiesel,ravencrest,858,priest,discipline,24,9,15
Dotmaker,sanguino,858,priest,discipline,24,9,15
Omnissiiah,silvermoon,858,priest,discipline,30,9,21
Plzhealme,stormscale,857,priest,discipline,12,9,3
Healpapa,blackhand,857,priest,discipline,18,9,9
Chaendral,darkmoon-faire,856,priest,discipline,18,9,9
Slyntan,ragnaros,856,priest,discipline,18,9,9
Pénancé,defias-brotherhood,856,priest,discipline,24,9,15
Felanris,blackmoore,855,priest,discipline,12,9,3
Calenberhtil,burning-legion,855,priest,discipline,18,9,9
Lunarg,die-ewige-wacht,855,priest,discipline,18,9,9
Deliriumxd,ravencrest,855,priest,discipline,26,12,14
Mcbooee,outland,854,priest,discipline,18,9,9
Шадия,ashenvale,852,priest,discipline,21,12,9
Reighl,drakthul,850,priest,discipline,18,9,9
Allotment,silvermoon,850,priest,discipline,24,9,15
Míjagí,blackhand,850,priest,discipline,31,11,20
Tacko,tarren-mill,849,priest,discipline,30,9,21
Ruebi,blackmoore,848,priest,discipline,18,9,9
Drynte,blackmoore,847,priest,discipline,23,9,14
Durell,blackrock,845,priest,discipline,30,11,19
Clergy,nagrand,842,priest,discipline,24,9,15
Seiigops,ysondre,839,priest,discipline,12,9,3
Evastemplar,turalyon,836,priest,discipline,24,9,15
Socratés,antonidas,834,priest,discipline,66,27,39
Tinypump,silvermoon,832,priest,discipline,16,9,7
Valinoru,silvermoon,831,priest,discipline,17,9,8
Tsipaz,outland,831,priest,discipline,23,9,14
Mílérí,ravencrest,830,priest,discipline,23,9,14
Тэслос,howling-fjord,829,priest,discipline,23,9,14
Waikiki,ambossar,827,priest,discipline,16,10,6
Yoloswaglørd,blackmoore,822,priest,discipline,26,11,15
Ladá,stormscale,815,priest,discipline,19,9,10
Squidlicker,twisting-nether,814,priest,discipline,17,9,8
Luxumbra,quelthalas,813,priest,discipline,27,10,17
Bolíngbroke,argent-dawn,809,priest,discipline,35,9,26
Solaní,antonidas,808,priest,discipline,26,11,15
Jael,frostmane,808,priest,discipline,26,10,16
Clutchp,blackmoore,807,priest,discipline,15,10,5
Majestíc,blackmoore,802,priest,discipline,27,10,17
Rhanira,aegwynn,800,priest,discipline,17,9,8
Pillian,nordrassil,799,priest,discipline,16,9,7
Shikibu,sylvanas,798,priest,discipline,11,9,2
Svetidjordje,tarren-mill,795,priest,discipline,17,9,8
Roqu,ravencrest,792,priest,discipline,15,10,5
Bartolómeo,hellfire,792,priest,discipline,38,9,29
Duwendu,drakthul,791,priest,discipline,17,9,8
Gandzaa,silvermoon,785,priest,discipline,21,9,12
Протомуу,gordunni,783,priest,discipline,11,9,2
Goatz,ragnaros,778,priest,discipline,24,17,7
Homxcxde,ravencrest,777,priest,discipline,26,10,16
Soylaleche,ravencrest,768,priest,discipline,12,8,4
Zerovision,nemesis,768,priest,discipline,12,8,4
Nitroze,stormscale,768,priest,discipline,12,8,4
Gerrylol,draenor,768,priest,discipline,12,8,4
Oldnbad,archimonde,768,priest,discipline,12,8,4
Katleiya,ysondre,768,priest,discipline,12,8,4
Junglepls,burning-blade,768,priest,discipline,12,8,4
Noxoth,amanthul,768,priest,discipline,12,8,4
Ewamlf,drakthul,768,priest,discipline,12,8,4
Mewdi,outland,768,priest,discipline,12,8,4
Anabølix,ravencrest,768,priest,discipline,12,8,4
Meldgodx,das-konsortium,768,priest,discipline,12,8,4
Aerael,auchindoun,768,priest,discipline,12,8,4
Krecik,deathwing,768,priest,discipline,12,8,4
Dezless,tarren-mill,768,priest,discipline,12,8,4
Jesster,sylvanas,768,priest,discipline,12,8,4
Orkanwal,ravencrest,768,priest,discipline,12,8,4
Joeblowx,blackrock,768,priest,discipline,12,8,4
Isuckmattsd,aggramar,768,priest,discipline,12,8,4
Arnn,hyjal,768,priest,discipline,12,8,4
Bammerr,stormscale,768,priest,discipline,12,8,4
Killafoolx,silvermoon,768,priest,discipline,12,8,4
Bellrock,nemesis,768,priest,discipline,16,9,7
Quïzzler,ragnaros,768,priest,discipline,18,8,10
Ttmlht,alakir,768,priest,discipline,18,8,10
Chrònos,das-konsortium,768,priest,discipline,18,8,10
Nstp,zuljin,768,priest,discipline,18,8,10
Uanna,ravencrest,768,priest,discipline,18,8,10
Kristianburn,arathi,768,priest,discipline,18,8,10
Spatzdom,malygos,768,priest,discipline,18,8,10
Tanjaspano,twisting-nether,768,priest,discipline,18,8,10
Loaffeh,ragnaros,768,priest,discipline,18,8,10
Aelíth,archimonde,768,priest,discipline,18,8,10
Redempt,nemesis,768,priest,discipline,18,8,10
Azpr,ravencrest,768,priest,discipline,18,8,10
Alexwinkwink,kazzak,768,priest,discipline,18,8,10
Mercila,drakthul,768,priest,discipline,18,8,10
Hodgins,bloodscalp,768,priest,discipline,18,8,10
Rmp,stormscale,768,priest,discipline,24,8,16
Дцевгений,gordunni,768,priest,discipline,24,8,16
Умом,gordunni,768,priest,discipline,24,8,16
Trickyteè,tarren-mill,768,priest,discipline,24,8,16
Prestigé,vashj,768,priest,discipline,24,8,16
Сандейрейн,gordunni,768,priest,discipline,24,8,16
Mindfreakxx,twisting-nether,767,priest,discipline,12,8,4
Ðelftware,tarren-mill,767,priest,discipline,12,8,4
Ingvár,blackrock,767,priest,discipline,12,8,4
Aexlius,silvermoon,767,priest,discipline,12,8,4
Buerak,tarren-mill,767,priest,discipline,12,8,4
Burtarul,argent-dawn,767,priest,discipline,12,8,4
Szerelmi,ragnaros,767,priest,discipline,12,8,4
Sunfire,twisting-nether,767,priest,discipline,12,8,4
Leçke,ravencrest,767,priest,discipline,12,8,4
Vaßpera,tarren-mill,767,priest,discipline,12,8,4
Rihx,ysondre,767,priest,discipline,12,8,4
Unsáinted,stormscale,767,priest,discipline,12,8,4
Neeti,kazzak,767,priest,discipline,12,8,4
Bonzux,dethecus,767,priest,discipline,12,8,4
Srysx,nazjatar,767,priest,discipline,12,8,4
Unckus,defias-brotherhood,767,priest,discipline,12,8,4
Jappsolut,outland,767,priest,discipline,12,8,4
Reeta,stormscale,767,priest,discipline,12,8,4
Azarseth,exodar,767,priest,discipline,12,8,4
Kletroll,archimonde,767,priest,discipline,12,8,4
Nielar,onyxia,767,priest,discipline,18,8,10
Clastro,outland,767,priest,discipline,18,8,10
Holyshifts,silvermoon,767,priest,discipline,18,8,10
Brelett,the-maelstrom,767,priest,discipline,18,8,10
Bananensuppe,kult-der-verdammten,767,priest,discipline,18,8,10
Khaag,korgall,767,priest,discipline,18,8,10
Isadian,kazzak,767,priest,discipline,18,8,10
Arwén,zuljin,767,priest,discipline,18,8,10
Bejud,tarren-mill,767,priest,discipline,18,8,10
Joex,arathor,767,priest,discipline,18,8,10
Zelensky,stormscale,767,priest,discipline,18,8,10
Tryingtomc,archimonde,767,priest,discipline,18,8,10
Saurap,uldum,767,priest,discipline,18,8,10
Johnblack,dun-morogh,767,priest,discipline,18,8,10
Célaz,blackmoore,767,priest,discipline,18,8,10
Luminouzilla,tarren-mill,767,priest,discipline,18,8,10
Tothegrave,draenor,767,priest,discipline,18,8,10
Dathanosx,outland,767,priest,discipline,18,8,10
Lizium,kazzak,767,priest,discipline,18,8,10
Cé,magtheridon,767,priest,discipline,26,9,17
Disclol,aegwynn,767,priest,discipline,24,8,16
Sordag,lordaeron,767,priest,discipline,24,8,16
Healenax,ravencrest,767,priest,discipline,24,8,16
Anadyia,aegwynn,767,priest,discipline,24,8,16
Pakmopriest,ragnaros,767,priest,discipline,24,8,16
Hopsalopsa,argent-dawn,766,priest,discipline,12,8,4
Eagleess,silvermoon,766,priest,discipline,12,8,4
Chrissirr,culte-de-la-rive-noire,766,priest,discipline,12,8,4
Okfartpå,ravencrest,766,priest,discipline,12,8,4
Smålbenör,stormreaver,766,priest,discipline,12,8,4
Кфень,soulflayer,766,priest,discipline,16,9,7
Gailiugà,kazzak,766,priest,discipline,16,9,7
Kangkong,ravencrest,766,priest,discipline,18,8,10
Børisheal,draenor,766,priest,discipline,18,8,10
Lianny,sylvanas,766,priest,discipline,18,8,10
Chuntriest,shadowsong,766,priest,discipline,18,8,10
Malíficent,draenor,766,priest,discipline,18,8,10
Metabeta,shattered-hand,766,priest,discipline,24,8,16
Paulina,auchindoun,766,priest,discipline,24,8,16
Sazo,drakthul,766,priest,discipline,24,8,16
Pure,kazzak,765,priest,discipline,12,8,4
Addickted,defias-brotherhood,765,priest,discipline,12,8,4
Akadras,blackmoore,765,priest,discipline,12,8,4
Regenerous,bloodhoof,765,priest,discipline,22,11,11
Bauscia,nemesis,765,priest,discipline,18,8,10
Djmouniax,archimonde,765,priest,discipline,18,8,10
Julianpriest,nethersturm,765,priest,discipline,22,9,13
Ноатоэль,gordunni,765,priest,discipline,24,8,16
Thakjing,bladefist,765,priest,discipline,24,8,16
Demorog,stormscale,764,priest,discipline,12,8,4
Uglypriest,grim-batol,764,priest,discipline,12,8,4
Battleprey,the-maelstrom,764,priest,discipline,12,8,4
Irenedwen,silvermoon,764,priest,discipline,18,8,10
Шелоу,deathguard,764,priest,discipline,27,9,18
Mefeon,draenor,763,priest,discipline,18,8,10
Кравос,soulflayer,763,priest,discipline,18,8,10
Inoy,dun-modr,763,priest,discipline,18,8,10
Hmanco,burning-legion,763,priest,discipline,18,8,10
Áphrodite,outland,763,priest,discipline,18,8,10
Nyuu,aggra-português,762,priest,discipline,12,8,4
Nightshådøw,silvermoon,762,priest,discipline,22,10,12
Tëmärï,ravencrest,762,priest,discipline,18,8,10
Могвайи,soulflayer,761,priest,discipline,18,8,10
Urticaire,arathi,761,priest,discipline,18,8,10
Velanrous,kazzak,760,priest,discipline,18,8,10
Røläck,ragnaros,760,priest,discipline,24,8,16
Келебриана,deepholm,759,priest,discipline,12,8,4
Sîanah,archimonde,754,priest,discipline,12,8,4
Shattow,ravencrest,751,priest,discipline,17,8,9
Insaner,ahnqiraj,751,priest,discipline,17,8,9
Omened,nemesis,751,priest,discipline,17,8,9
Tïniebla,dun-modr,750,priest,discipline,18,8,10
Bojestvena,neptulon,747,priest,discipline,24,8,16
Neremin,argent-dawn,747,priest,discipline,24,8,16
Seypercillo,dun-modr,746,priest,discipline,24,8,16
Lazzariah,ravencrest,742,priest,discipline,18,8,10
Nilsatis,grim-batol,741,priest,discipline,71,26,45
Blorpan,tarren-mill,734,priest,discipline,26,9,17
Bälöö,archimonde,733,priest,discipline,22,8,14
Amoorâ,twisting-nether,732,priest,discipline,11,8,3
Kipnuggetz,burning-legion,732,priest,discipline,17,8,9
Jashmin,eredar,732,priest,discipline,35,10,25
Killermoon,rexxar,728,priest,discipline,16,8,8
Cthultist,dun-modr,728,priest,discipline,26,9,17
Abstauberin,blackrock,723,priest,discipline,22,8,14
Pnsl,dun-morogh,723,priest,discipline,36,11,25
Stormééz,bronzebeard,722,priest,discipline,32,9,23
Coldyx,blackrock,719,priest,discipline,11,8,3
Otacon,burning-legion,719,priest,discipline,15,8,7
Trailerberit,ragnaros,718,priest,discipline,11,8,3
Sneed,moonglade,718,priest,discipline,36,9,27
Amanojaku,archimonde,716,priest,discipline,24,9,15
Sméctà,marécage-de-zangar,713,priest,discipline,16,9,7
Artymox,sylvanas,713,priest,discipline,29,9,20
Telpriest,blackrock,710,priest,discipline,25,9,16
Anariell,ravencrest,706,priest,discipline,19,9,10
Greenlizard,stormreaver,704,priest,discipline,22,8,14
Sacerdotini,outland,702,priest,discipline,19,9,10
Sapieha,burning-legion,687,priest,discipline,11,8,3
Trixix,ragnaros,684,priest,discipline,14,8,6
Holymoni,ragnaros,680,priest,discipline,16,8,8
Дефаенс,soulflayer,672,priest,discipline,12,7,5
Ранзегодх,soulflayer,672,priest,discipline,12,7,5
Xethh,stormscale,672,priest,discipline,12,7,5
Excell,hellfire,672,priest,discipline,12,7,5
Êva,ravencrest,672,priest,discipline,12,7,5
Sneboldìs,sylvanas,672,priest,discipline,12,7,5
Celliapriest,antonidas,672,priest,discipline,12,7,5
Bunnygxrl,ravencrest,672,priest,discipline,12,7,5
Womanwonderf,ravencrest,672,priest,discipline,12,7,5
Spodermen,ravencrest,672,priest,discipline,12,7,5
Còsmo,ravencrest,672,priest,discipline,12,7,5
Fåye,ravencrest,672,priest,discipline,12,7,5
Têmplârx,stormscale,672,priest,discipline,12,7,5
Priestedy,ravencrest,672,priest,discipline,12,7,5
Gudjon,dragonblight,672,priest,discipline,12,7,5
Monstretpr,dragonblight,672,priest,discipline,12,7,5
Plåster,dunemaul,672,priest,discipline,12,7,5
Touchypunk,ravencrest,672,priest,discipline,12,7,5
Leronia,stormscale,672,priest,discipline,12,7,5
Gladíator,blackhand,672,priest,discipline,12,7,5
Longheals,stormscale,672,priest,discipline,12,7,5
Tortellìno,stormscale,672,priest,discipline,12,7,5
Nwo,twisting-nether,672,priest,discipline,12,7,5
Magiclands,twisting-nether,672,priest,discipline,12,7,5
Dashxzz,silvermoon,672,priest,discipline,12,7,5
Wurstpriest,silvermoon,672,priest,discipline,12,7,5
Skallya,ysondre,672,priest,discipline,12,7,5
Rixfoulah,ysondre,672,priest,discipline,12,7,5
Angemir,nemesis,672,priest,discipline,12,7,5
Feniyxa,die-aldor,672,priest,discipline,12,7,5
Evypriest,draenor,672,priest,discipline,12,7,5
Discobeb,les-clairvoyants,672,priest,discipline,12,7,5
Petitogré,silvermoon,672,priest,discipline,12,7,5
Ziz,outland,672,priest,discipline,12,7,5
Kosa,tarren-mill,672,priest,discipline,12,7,5
Ahrimal,turalyon,672,priest,discipline,12,7,5
Morphics,silvermoon,672,priest,discipline,12,7,5
Ganakenp,tarren-mill,672,priest,discipline,12,7,5
Pflanzenmann,nozdormu,672,priest,discipline,12,7,5
Agms,sanguino,672,priest,discipline,12,7,5
Deluxgodx,kazzak,672,priest,discipline,12,7,5
Отменяю,howling-fjord,672,priest,discipline,12,7,5
Mahraxyr,hyjal,672,priest,discipline,12,7,5
Shuya,archimonde,672,priest,discipline,12,7,5
Moppriest,twisting-nether,672,priest,discipline,12,7,5
Nishto,twisting-nether,672,priest,discipline,12,7,5
Zenfangirlx,kazzak,672,priest,discipline,12,7,5
Smiteweaver,drakthul,672,priest,discipline,12,7,5
Somai,aegwynn,672,priest,discipline,12,7,5
Dombili,frostmane,672,priest,discipline,12,7,5
Voidtouched,drakthul,672,priest,discipline,12,7,5
Mdmaster,stormreaver,672,priest,discipline,12,7,5
Nightsøul,ragnaros,672,priest,discipline,12,7,5
Binkx,tarren-mill,672,priest,discipline,12,7,5
Pattie,ragnaros,672,priest,discipline,12,7,5
Surfingbird,ragnaros,672,priest,discipline,12,7,5
Uadedez,tarren-mill,672,priest,discipline,13,7,6
Ominoushell,twisting-nether,672,priest,discipline,15,7,8
Halysis,chamber-of-aspects,672,priest,discipline,16,7,9
Byez,kazzak,672,priest,discipline,18,7,11
Shockpriest,grim-batol,672,priest,discipline,18,7,11
Comple,kazzak,672,priest,discipline,18,7,11
Sardine,ravencrest,672,priest,discipline,18,7,11
Nidetha,draenor,672,priest,discipline,18,7,11
Malpractîce,draenor,672,priest,discipline,18,7,11
Shyiox,frostwolf,672,priest,discipline,18,7,11
Solerona,blackmoore,672,priest,discipline,18,7,11
Bebsenpai,hyjal,672,priest,discipline,18,7,11
Люциусмелфой,howling-fjord,672,priest,discipline,18,7,11
Wyroofear,ragnaros,672,priest,discipline,18,7,11
Lasyran,outland,672,priest,discipline,18,7,11
Cház,sanguino,672,priest,discipline,18,7,11
Toxicx,aegwynn,672,priest,discipline,18,7,11
Xaeroow,archimonde,672,priest,discipline,18,7,11
Zivl,blackrock,672,priest,discipline,18,7,11
Bij,outland,672,priest,discipline,18,7,11
Dxlkekss,blackmoore,672,priest,discipline,18,7,11
Bubblebuddy,draenor,672,priest,discipline,18,7,11
Touchmé,blackmoore,672,priest,discipline,18,7,11
Хексорик,howling-fjord,672,priest,discipline,24,7,17
Jimski,stormscale,672,priest,discipline,24,7,17
Lunærÿ,hyjal,672,priest,discipline,24,7,17
Exaneo,ragnaros,672,priest,discipline,24,7,17
Sweity,dun-modr,672,priest,discipline,24,7,17
Колабезгаза,howling-fjord,671,priest,discipline,12,7,5
Lish,dun-modr,671,priest,discipline,12,7,5
Reól,blackmoore,671,priest,discipline,12,7,5
Schnîttchen,blackrock,671,priest,discipline,12,7,5
Xvpr,trollbane,671,priest,discipline,12,7,5
Flode,draenor,671,priest,discipline,12,7,5
Ezhealing,ravencrest,671,priest,discipline,12,7,5
Quetraxz,chogall,671,priest,discipline,12,7,5
Àlucárd,blackhand,671,priest,discipline,12,7,5
Phoskitos,sanguino,671,priest,discipline,12,7,5
Highpriestqt,pozzo-delleternità,671,priest,discipline,12,7,5
Rines,thrall,671,priest,discipline,12,7,5
Exorcizamus,khaz-modan,671,priest,discipline,12,7,5
Taxprayer,blackmoore,671,priest,discipline,12,7,5
Szederina,outland,671,priest,discipline,12,7,5
Dannebrog,eonar,671,priest,discipline,12,7,5
Giggidee,tarren-mill,671,priest,discipline,12,7,5
Gagai,ravencrest,671,priest,discipline,12,7,5
Chayz,thrall,671,priest,discipline,12,7,5
Thorhammer,turalyon,671,priest,discipline,12,7,5
Löspajen,stormscale,671,priest,discipline,12,7,5
Saltfeskball,tarren-mill,671,priest,discipline,12,7,5
Köftemcc,blackrock,671,priest,discipline,12,7,5
Fargall,eonar,671,priest,discipline,12,7,5
Zazeriño,dun-modr,671,priest,discipline,13,7,6
Xharyo,ravencrest,671,priest,discipline,16,7,9
Ziap,dentarg,671,priest,discipline,20,8,12
Lillaego,ragnaros,671,priest,discipline,18,7,11
Lezz,ragnaros,671,priest,discipline,18,7,11
Viì,ravencrest,671,priest,discipline,18,7,11
Kasuny,outland,671,priest,discipline,18,7,11
Elusivv,blackhand,671,priest,discipline,18,7,11
Yorap,blackrock,671,priest,discipline,18,7,11
Скумизарг,gordunni,671,priest,discipline,18,7,11
Débthèønë,ravencrest,671,priest,discipline,18,7,11
Abdibio,twisting-nether,671,priest,discipline,18,7,11
Pixa,dalaran,671,priest,discipline,18,7,11
Cronershadow,stormscale,671,priest,discipline,18,7,11
Lysium,sylvanas,671,priest,discipline,18,7,11
Психоз,gordunni,671,priest,discipline,18,7,11
Watchmedeath,sargeras,671,priest,discipline,24,7,17
Holykebab,defias-brotherhood,671,priest,discipline,24,7,17
Pandariel,argent-dawn,671,priest,discipline,24,7,17
Magnificito,silvermoon,670,priest,discipline,12,7,5
Orqz,anetheron,670,priest,discipline,12,7,5
Noralía,die-aldor,670,priest,discipline,12,7,5
Biigy,hyjal,670,priest,discipline,12,7,5
Reizer,argent-dawn,670,priest,discipline,12,7,5
Ремкомплект,soulflayer,670,priest,discipline,12,7,5
Хемех,soulflayer,670,priest,discipline,12,7,5
Fathermaxii,stormrage,670,priest,discipline,12,7,5
Joblob,guldan,670,priest,discipline,12,7,5
Byshadow,silvermoon,670,priest,discipline,12,7,5
Каратэк,howling-fjord,670,priest,discipline,17,7,10
Aggresivdisc,hyjal,670,priest,discipline,18,7,11
Olikharma,archimonde,670,priest,discipline,18,7,11
Makkalisser,kazzak,670,priest,discipline,24,7,17
Belithia,argent-dawn,669,priest,discipline,12,7,5
Freeak,hellfire,669,priest,discipline,12,7,5
Sadira,malganis,669,priest,discipline,18,7,11
Дэйвора,ashenvale,669,priest,discipline,18,7,11
Æzy,burning-blade,669,priest,discipline,18,7,11
Зашохэйт,soulflayer,669,priest,discipline,18,7,11
Dizdae,rashgarroth,669,priest,discipline,18,7,11
Йениферх,gordunni,669,priest,discipline,24,7,17
Абсорберша,gordunni,668,priest,discipline,12,7,5
Mescaminator,blackmoore,668,priest,discipline,18,7,11
Lacaena,deathwing,668,priest,discipline,18,7,11
Isoris,hyjal,668,priest,discipline,18,7,11
Bangrinu,chamber-of-aspects,668,priest,discipline,21,7,14
Shyktar,sanguino,667,priest,discipline,12,7,5
Дуззер,howling-fjord,667,priest,discipline,12,7,5
Teirok,ambossar,667,priest,discipline,18,7,11
Rizeup,darksorrow,666,priest,discipline,12,7,5
Romelu,archimonde,666,priest,discipline,18,7,11
Timmemeep,outland,663,priest,discipline,18,7,11
Malorian,khadgar,662,priest,discipline,18,7,11
Camellight,stormscale,661,priest,discipline,18,7,11
Hiliom,ahnqiraj,660,priest,discipline,38,12,26
Willibad,executus,658,priest,discipline,12,7,5
Vatizinium,veklor,655,priest,discipline,17,7,10
Хилогайка,howling-fjord,652,priest,discipline,33,11,22
Jaein,thrall,640,priest,discipline,16,8,8
Samimnot,ravencrest,639,priest,discipline,14,8,6
Yazzyz,eredar,639,priest,discipline,23,7,16
Chooser,stormscale,638,priest,discipline,20,8,12
Nepheliel,ysondre,628,priest,discipline,12,8,4
Ysteriagødx,twisting-nether,624,priest,discipline,15,8,7
Submexoxo,archimonde,624,priest,discipline,15,7,8
Quintanaro,thrall,624,priest,discipline,27,7,20
Spaghettoni,tarren-mill,623,priest,discipline,17,7,10
Cezzar,kazzak,622,priest,discipline,11,7,4
Akril,silvermoon,622,priest,discipline,11,7,4
Рейаста,howling-fjord,622,priest,discipline,15,7,8
Darktattoo,twisting-nether,621,priest,discipline,21,8,13
Argôs,ravencrest,620,priest,discipline,14,8,6
Voilencia,kazzak,620,priest,discipline,21,7,14
Holyblóod,ravencrest,618,priest,discipline,25,10,15
Triuna,sylvanas,618,priest,discipline,23,9,14
Rallzken,stormscale,614,priest,discipline,29,10,19
Jumbe,eredar,607,priest,discipline,11,7,4
Shymouni,norgannon,606,priest,discipline,13,8,5
Ziaz,the-maelstrom,606,priest,discipline,16,7,9
Atibarát,hellfire,605,priest,discipline,16,7,9
Пофанчику,soulflayer,597,priest,discipline,35,14,21
Diccen,twilights-hammer,592,priest,discipline,13,7,6
Andhoras,dalaran,591,priest,discipline,11,7,4
Franciscus,bladefist,576,priest,discipline,6,6,0
Táliss,arthas,576,priest,discipline,6,6,0
Noelretsof,jaedenar,576,priest,discipline,6,6,0
Vèrcs,silvermoon,576,priest,discipline,6,6,0
Rqx,stormscale,576,priest,discipline,6,6,0
Scrubydoo,ravencrest,576,priest,discipline,6,6,0
Nemex,jaedenar,576,priest,discipline,6,6,0
Cluelesstwo,ravencrest,576,priest,discipline,6,6,0
Illiest,ravencrest,576,priest,discipline,6,6,0
Brainwashed,malorne,576,priest,discipline,10,7,3
Jaylove,frostwolf,576,priest,discipline,12,6,6
Melcarth,blades-edge,576,priest,discipline,12,6,6
Challengepro,burning-legion,576,priest,discipline,12,6,6
Pallimpallam,blackrock,576,priest,discipline,12,6,6
Chalecø,dun-modr,576,priest,discipline,12,6,6
Zyreenx,blackrock,576,priest,discipline,12,6,6
Skjelett,stormscale,576,priest,discipline,12,6,6
Dreythan,alakir,576,priest,discipline,12,6,6
Visàge,silvermoon,576,priest,discipline,12,6,6
Discomarcel,burning-legion,576,priest,discipline,12,6,6
Шарлизх,gordunni,576,priest,discipline,12,6,6
Rotulos,stormrage,576,priest,discipline,12,6,6
Mitasdi,stormscale,576,priest,discipline,12,6,6
Vallstwo,zuljin,576,priest,discipline,12,6,6
Zøid,ysondre,576,priest,discipline,12,6,6
Sleepzqt,blackrock,576,priest,discipline,12,6,6
Peign,eredar,576,priest,discipline,12,6,6
Вакидзачи,gordunni,576,priest,discipline,12,6,6
Ballarr,burning-legion,576,priest,discipline,12,6,6
Healmebaby,kiljaeden,576,priest,discipline,12,6,6
Lafap,eredar,576,priest,discipline,12,6,6
Azazzel,nathrezim,576,priest,discipline,12,6,6
Stee,sylvanas,576,priest,discipline,12,6,6
Msbald,shattered-hand,576,priest,discipline,12,6,6
Nyàh,stormscale,576,priest,discipline,12,6,6
Imaut,emerald-dream,576,priest,discipline,12,6,6
Healinrbglol,blackmoore,576,priest,discipline,12,6,6
Lectrá,kazzak,576,priest,discipline,12,6,6
Maistuu,tarren-mill,576,priest,discipline,12,6,6
Fästrak,dalaran,576,priest,discipline,12,6,6
Popor,archimonde,576,priest,discipline,12,6,6
Idisck,kazzak,576,priest,discipline,12,6,6
Ðèvì,ravencrest,576,priest,discipline,12,6,6
Oddarne,twisting-nether,576,priest,discipline,12,6,6
Wush,tarren-mill,576,priest,discipline,12,6,6
Nyxara,outland,576,priest,discipline,12,6,6
Sensimiya,dalaran,576,priest,discipline,12,6,6
Tâssên,kazzak,576,priest,discipline,12,6,6
Boysa,earthen-ring,576,priest,discipline,12,6,6
Jesper,outland,576,priest,discipline,12,6,6
Ènma,archimonde,576,priest,discipline,12,6,6
Данке,soulflayer,576,priest,discipline,12,6,6
Vorsie,tarren-mill,576,priest,discipline,12,6,6
Nicolovato,draenor,576,priest,discipline,12,6,6
Yllaenia,twisting-nether,576,priest,discipline,12,6,6
Aethanira,silvermoon,576,priest,discipline,12,6,6
Zeksii,kazzak,576,priest,discipline,12,6,6
Pigo,tarren-mill,576,priest,discipline,12,6,6
Rune,ravencrest,576,priest,discipline,12,6,6
Randpriets,nemesis,576,priest,discipline,12,6,6
Ethaz,twisting-nether,576,priest,discipline,12,6,6
Steelbird,ravencrest,576,priest,discipline,12,6,6
Ahyha,ravencrest,576,priest,discipline,12,6,6
Wispyx,kazzak,576,priest,discipline,12,6,6
Kaylaylaylay,draenor,576,priest,discipline,12,6,6
Jaduheart,ravencrest,576,priest,discipline,12,6,6
Shadowzrip,twilights-hammer,576,priest,discipline,12,6,6
Steroidkidx,ravencrest,576,priest,discipline,12,6,6
Abyl,nethersturm,576,priest,discipline,12,6,6
Ascindra,ravencrest,576,priest,discipline,12,6,6
Dunkelseele,ahnqiraj,576,priest,discipline,12,6,6
Whynolove,ragnaros,576,priest,discipline,12,6,6
Pøh,kilrogg,576,priest,discipline,12,6,6
Ranagöl,ragnaros,576,priest,discipline,12,6,6
Manethø,twisting-nether,576,priest,discipline,12,6,6
Димавампирик,howling-fjord,576,priest,discipline,12,6,6
Родохрозит,blackscar,576,priest,discipline,12,6,6
Ryyne,ravencrest,576,priest,discipline,12,6,6
Свао,howling-fjord,576,priest,discipline,12,6,6
Chira,thunderhorn,576,priest,discipline,12,6,6
Neverswap,blackmoore,576,priest,discipline,12,6,6
Eviscerätor,draenor,576,priest,discipline,12,6,6
Apeminister,nemesis,576,priest,discipline,12,6,6
Kankstery,kazzak,576,priest,discipline,12,6,6
Giibboo,emerald-dream,576,priest,discipline,12,6,6
Whitemask,kazzak,576,priest,discipline,12,6,6
Samerika,tarren-mill,576,priest,discipline,12,6,6
Sejká,malganis,576,priest,discipline,12,6,6
Belfu,twisting-nether,576,priest,discipline,12,6,6
Stuhlgänger,blackhand,576,priest,discipline,12,6,6
Seemywatch,ungoro,576,priest,discipline,12,6,6
Pukkadtfasz,ragnaros,576,priest,discipline,12,6,6
Ticklypriest,outland,576,priest,discipline,12,6,6
Resuscitator,spinebreaker,576,priest,discipline,12,6,6
Wortmonster,malganis,576,priest,discipline,12,6,6
Çhéåtçødé,ravencrest,576,priest,discipline,12,6,6
Kintsugí,ragnaros,576,priest,discipline,12,6,6
Йодтс,soulflayer,576,priest,discipline,12,6,6
Vladhealsyou,outland,576,priest,discipline,12,6,6
Энвиньяттар,howling-fjord,576,priest,discipline,12,6,6
Dødy,hyjal,576,priest,discipline,12,6,6
Becknarbritt,stormscale,576,priest,discipline,12,6,6
Vulreth,culte-de-la-rive-noire,576,priest,discipline,12,6,6
Laddets,ravencrest,576,priest,discipline,12,6,6
Vhis,ragnaros,576,priest,discipline,12,6,6
Ранзерито,soulflayer,576,priest,discipline,17,8,9
Iqy,kazzak,576,priest,discipline,15,7,8
Naìt,ragnaros,576,priest,discipline,15,7,8
Chrisdorner,archimonde,576,priest,discipline,15,6,9
Wixzyx,ravencrest,576,priest,discipline,16,6,10
Волия,gordunni,576,priest,discipline,17,6,11
Zastyx,drakthul,576,priest,discipline,18,6,12
Grimor,talnivarr,576,priest,discipline,18,6,12
Eclaír,blackhand,576,priest,discipline,18,6,12
Brainbadly,aegwynn,576,priest,discipline,18,6,12
Abrakahudder,tarren-mill,576,priest,discipline,18,6,12
Achardia,argent-dawn,576,priest,discipline,18,6,12
Венэма,azuregos,576,priest,discipline,18,6,12
Сашашвд,howling-fjord,576,priest,discipline,18,6,12
Sosionomi,argent-dawn,576,priest,discipline,18,6,12
Ballepresten,outland,576,priest,discipline,18,6,12
Бичиотаке,azuregos,576,priest,discipline,18,6,12
Zinzo,frostwolf,576,priest,discipline,18,6,12
Altargirl,defias-brotherhood,576,priest,discipline,18,6,12
Deadbishop,kazzak,576,priest,discipline,18,6,12
Alros,elune,576,priest,discipline,18,6,12
Chaosweavèr,outland,576,priest,discipline,18,6,12
Limbas,dun-modr,576,priest,discipline,18,6,12
Швдшка,howling-fjord,576,priest,discipline,18,6,12
Подорваный,gordunni,576,priest,discipline,18,6,12
ßøunty,dun-modr,576,priest,discipline,18,6,12
Velri,runetotem,576,priest,discipline,18,6,12
Prarch,sylvanas,576,priest,discipline,18,6,12
Декорий,soulflayer,576,priest,discipline,18,6,12
Twisty,malganis,576,priest,discipline,19,6,13
Cinjá,thrall,576,priest,discipline,19,6,13
Alwiel,kazzak,576,priest,discipline,24,6,18
Dunbaltaris,blackrock,576,priest,discipline,24,6,18
Holytang,grim-batol,575,priest,discipline,6,6,0
Sørney,aegwynn,575,priest,discipline,9,7,2
Grazz,grim-batol,575,priest,discipline,12,6,6
Мидэрка,howling-fjord,575,priest,discipline,12,6,6
Ysharg,sinstralis,575,priest,discipline,12,6,6
Amaloo,ravencrest,575,priest,discipline,12,6,6
Gæxelademad,draenor,575,priest,discipline,12,6,6
Insicompany,antonidas,575,priest,discipline,12,6,6
Îlkari,hyjal,575,priest,discipline,12,6,6
Zembowae,drakthul,575,priest,discipline,12,6,6
Highlightss,outland,575,priest,discipline,12,6,6
Oversole,kazzak,575,priest,discipline,12,6,6
Brronxx,frostwolf,575,priest,discipline,12,6,6
Ðotgød,nemesis,575,priest,discipline,12,6,6
Hanagaki,ragnaros,575,priest,discipline,12,6,6
Flackiepi,tarren-mill,575,priest,discipline,12,6,6
Handmännchen,kelthuzad,575,priest,discipline,12,6,6
Vastüdö,ragnaros,575,priest,discipline,12,6,6
Чикхоп,blackscar,575,priest,discipline,12,6,6
Hâmmel,blackrock,575,priest,discipline,12,6,6
Lichtl,ysera,575,priest,discipline,12,6,6
Tira,darksorrow,575,priest,discipline,12,6,6
Jediminds,tarren-mill,575,priest,discipline,12,6,6
Priestvnr,hyjal,575,priest,discipline,12,6,6
Bigbootyheal,silvermoon,575,priest,discipline,12,6,6
Phexon,outland,575,priest,discipline,12,6,6
Лерасапорт,gordunni,575,priest,discipline,12,6,6
Noxxill,eredar,575,priest,discipline,12,6,6
Grêndine,blackmoore,575,priest,discipline,12,6,6
Hùrtyoux,outland,575,priest,discipline,12,6,6
Doxs,terokkar,575,priest,discipline,12,6,6
Hypnòz,archimonde,575,priest,discipline,12,6,6
Ponpon,onyxia,575,priest,discipline,12,6,6
Undeadv,twisting-nether,575,priest,discipline,15,6,9
Kafrooss,silvermoon,575,priest,discipline,18,6,12
Castêr,silvermoon,575,priest,discipline,18,6,12
Каэден,blackscar,575,priest,discipline,18,6,12
Priestbiyy,sunstrider,575,priest,discipline,18,6,12
Хегендцп,galakrond,575,priest,discipline,18,6,12
Thehealer,twisting-nether,575,priest,discipline,18,6,12
Crop,nemesis,575,priest,discipline,18,6,12
Вэстервилли,howling-fjord,575,priest,discipline,24,6,18
Drgrey,archimonde,575,priest,discipline,25,6,19
Tindoriel,bronzebeard,574,priest,discipline,12,6,6
Pilip,dragonmaw,574,priest,discipline,12,6,6
Preacia,twisting-nether,574,priest,discipline,12,6,6
Leonard,nemesis,574,priest,discipline,12,6,6
Avinci,blackrock,574,priest,discipline,12,6,6
Vebuya,blackmoore,574,priest,discipline,12,6,6
Dontouch,nemesis,574,priest,discipline,12,6,6
Æisa,blackmoore,574,priest,discipline,18,6,12
Prigart,sylvanas,574,priest,discipline,18,6,12
Muftl,thrall,574,priest,discipline,18,6,12
Zoratha,kazzak,574,priest,discipline,18,6,12
Pæx,antonidas,574,priest,discipline,18,6,12
Pèrejoe,arathi,574,priest,discipline,24,6,18
Easxyx,veklor,573,priest,discipline,6,6,0
Këller,hyjal,573,priest,discipline,12,6,6
Tycrael,hyjal,573,priest,discipline,12,6,6
Lolenjoyer,ravencrest,573,priest,discipline,18,6,12
Priestmrt,doomhammer,573,priest,discipline,18,6,12
Hólyeárth,twisting-nether,573,priest,discipline,18,6,12
Ilynïa,quelthalas,573,priest,discipline,19,6,13
Wanah,ravencrest,573,priest,discipline,24,6,18
Morava,tarren-mill,572,priest,discipline,12,6,6
Kelthurus,die-nachtwache,572,priest,discipline,12,6,6
Loriny,ragnaros,572,priest,discipline,14,6,8
Glutenhode,stormscale,571,priest,discipline,12,6,6
Крайне,soulflayer,571,priest,discipline,18,6,12
Rawkilla,stormrage,570,priest,discipline,12,6,6
Thechieftain,twilights-hammer,570,priest,discipline,12,6,6
Mijola,thrall,565,priest,discipline,12,6,6
Adolosh,thrall,560,priest,discipline,18,6,12
Ahbe,stormscale,559,priest,discipline,11,6,5
Cavadaya,eredar,543,priest,discipline,14,7,7
Jumpaxx,archimonde,543,priest,discipline,17,6,11
Jasty,nemesis,543,priest,discipline,23,6,17
Luedieniel,draenor,542,priest,discipline,11,6,5
Clescy,ravencrest,542,priest,discipline,11,6,5
Lemowae,doomhammer,542,priest,discipline,22,6,16
Nàvy,archimonde,528,priest,discipline,15,6,9
Nécromant,frostwolf,527,priest,discipline,9,7,2
Adare,sanguino,527,priest,discipline,11,6,5
Demmi,dun-modr,522,priest,discipline,22,7,15
Полуниця,galakrond,522,priest,discipline,23,7,16
Xotz,thrall,521,priest,discipline,15,8,7
Teologen,outland,520,priest,discipline,19,7,12
Isson,earthen-ring,519,priest,discipline,19,7,12
Cummask,silvermoon,512,priest,discipline,16,6,10
Thimble,blackhand,510,priest,discipline,19,6,13
Tarboba,tarren-mill,496,priest,discipline,13,6,7
Figpucker,silvermoon,496,priest,discipline,13,6,7
Renesmè,archimonde,494,priest,discipline,13,6,7
Rulz,zuluhed,486,priest,discipline,22,7,15
Warm,auchindoun,480,priest,discipline,6,5,1
Lightform,twisting-nether,480,priest,discipline,6,5,1
Proteinsnack,auchindoun,480,priest,discipline,6,5,1
Ounxx,blackrock,480,priest,discipline,6,5,1
Kemari,aegwynn,480,priest,discipline,6,5,1
Bec,ragnaros,480,priest,discipline,6,5,1
Naivegnome,draenor,480,priest,discipline,6,5,1
Whopzi,blackmoore,480,priest,discipline,6,5,1
Swep,ragnaros,480,priest,discipline,6,5,1
Jesslol,archimonde,480,priest,discipline,6,5,1
Nayballistic,tarren-mill,480,priest,discipline,6,5,1
Нэриэлл,gordunni,480,priest,discipline,6,5,1
Vampiro,blackhand,480,priest,discipline,6,5,1
Usermane,ravencrest,480,priest,discipline,6,5,1
Lamp,terokkar,480,priest,discipline,6,5,1
Åzjol,magtheridon,480,priest,discipline,6,5,1
Trippinorbs,stormscale,480,priest,discipline,6,5,1
Itokkzhul,draenor,480,priest,discipline,6,5,1
Bendforpi,outland,480,priest,discipline,6,5,1
Instantcasts,ravencrest,480,priest,discipline,6,5,1
Ronnmoss,defias-brotherhood,480,priest,discipline,6,5,1
Holyrage,frostwhisper,480,priest,discipline,6,5,1
Пристмиша,gordunni,480,priest,discipline,6,5,1
Daniriuz,minahonda,480,priest,discipline,6,5,1
Nttyfromohio,ravencrest,480,priest,discipline,6,5,1
Sorchad,hyjal,480,priest,discipline,6,5,1
Loldisc,arthas,480,priest,discipline,6,5,1
Гачидварфич,gordunni,480,priest,discipline,6,5,1
Byebee,stormscale,480,priest,discipline,11,6,5
Ajaxfreak,blackmoore,480,priest,discipline,12,5,7
Nizrå,archimonde,480,priest,discipline,12,5,7
Bonsoin,kirin-tor,480,priest,discipline,12,5,7
Nibhou,dalaran,480,priest,discipline,12,5,7
Mcx,stormscale,480,priest,discipline,12,5,7
Zoose,defias-brotherhood,480,priest,discipline,12,5,7
Iluras,thunderhorn,480,priest,discipline,12,5,7
Bimbax,dun-modr,480,priest,discipline,12,5,7
Respectwømen,ravencrest,480,priest,discipline,12,5,7
Litera,silvermoon,480,priest,discipline,12,5,7
Qtdorr,ravencrest,480,priest,discipline,12,5,7
Yö,stormscale,480,priest,discipline,12,5,7
Katsikatsika,silvermoon,480,priest,discipline,12,5,7
Merkabah,azjolnerub,480,priest,discipline,12,5,7
Jupilen,chogall,480,priest,discipline,12,5,7
Лизота,gordunni,480,priest,discipline,12,5,7
Funzies,doomhammer,480,priest,discipline,12,5,7
Chaapsbbq,archimonde,480,priest,discipline,12,5,7
Pwsx,draenor,480,priest,discipline,12,5,7
Discokuken,outland,480,priest,discipline,12,5,7
Faloty,draenor,480,priest,discipline,12,5,7
Спсчтоживой,blackscar,480,priest,discipline,12,5,7
Missbarbados,blackmoore,480,priest,discipline,12,5,7
Eîkro,blackmoore,480,priest,discipline,12,5,7
Marypops,outland,480,priest,discipline,12,5,7
Immutable,twisting-nether,480,priest,discipline,12,5,7
Schnikki,mannoroth,480,priest,discipline,12,5,7
Navihato,silvermoon,480,priest,discipline,12,5,7
Уер,galakrond,480,priest,discipline,12,5,7
Mariahscarey,blackhand,480,priest,discipline,12,5,7
Altarboi,veknilash,480,priest,discipline,12,5,7
Supfamskrrt,stormscale,480,priest,discipline,12,5,7
Холигард,grom,480,priest,discipline,12,5,7
Чотки,deepholm,480,priest,discipline,12,5,7
Dogfacex,ravencrest,480,priest,discipline,12,5,7
Shyvi,ravencrest,480,priest,discipline,12,5,7
Rektom,archimonde,480,priest,discipline,12,5,7
Darkfreak,malygos,480,priest,discipline,12,5,7
Tessaben,silvermoon,480,priest,discipline,12,5,7
Späxxi,amanthul,480,priest,discipline,12,5,7
Allaría,bronze-dragonflight,480,priest,discipline,12,5,7
Karpi,twisting-nether,480,priest,discipline,12,5,7
Bibleenjoyer,blackmoore,480,priest,discipline,12,5,7
Dsyleixa,archimonde,480,priest,discipline,12,5,7
Sbj,bronze-dragonflight,480,priest,discipline,12,5,7
Étesech,zuljin,480,priest,discipline,12,5,7
Lunatrix,sanguino,480,priest,discipline,12,5,7
Turboshadow,stormscale,480,priest,discipline,12,5,7
Neska,antonidas,480,priest,discipline,12,5,7
Touddixz,blackrock,480,priest,discipline,12,5,7
Muradawg,nemesis,480,priest,discipline,12,5,7
Meheal,lothar,480,priest,discipline,12,5,7
Yukîna,blackrock,480,priest,discipline,12,5,7
Djleapgødx,twisting-nether,480,priest,discipline,12,5,7
Suaakypriest,tyrande,480,priest,discipline,12,5,7
Mayday,silvermoon,480,priest,discipline,12,5,7
Fardatxo,colinas-pardas,480,priest,discipline,12,5,7
Вегельдэрс,gordunni,480,priest,discipline,12,5,7
Hollylicious,kazzak,480,priest,discipline,12,5,7
Upo,kazzak,480,priest,discipline,12,5,7
Nayballsp,tarren-mill,480,priest,discipline,12,5,7
Selí,die-aldor,480,priest,discipline,12,5,7
Insekta,ragnaros,480,priest,discipline,12,5,7
Healysith,archimonde,480,priest,discipline,12,5,7
Døtzillah,kazzak,480,priest,discipline,12,5,7
Забейка,howling-fjord,480,priest,discipline,12,5,7
Libertero,drakthul,480,priest,discipline,12,5,7
Grozozo,tarren-mill,480,priest,discipline,12,5,7
Kolsy,twisting-nether,480,priest,discipline,12,5,7
Alejandrothe,outland,480,priest,discipline,12,5,7
Shadew,stormscale,480,priest,discipline,12,5,7
Maiel,die-aldor,480,priest,discipline,12,5,7
Radulfus,stormrage,480,priest,discipline,12,5,7
Saphèa,burning-legion,480,priest,discipline,12,5,7
Wontdispel,ravencrest,480,priest,discipline,12,5,7
Hyonra,kazzak,480,priest,discipline,12,5,7
Akhaida,argent-dawn,480,priest,discipline,12,5,7
Wckd,tarren-mill,480,priest,discipline,12,5,7
Gooflord,ravencrest,480,priest,discipline,12,5,7
Djplay,aegwynn,480,priest,discipline,12,5,7
Åmåndå,ravencrest,480,priest,discipline,12,5,7
Borgamor,frostmane,480,priest,discipline,12,5,7
Mindblown,arthas,480,priest,discipline,12,5,7
Besmrtna,saurfang,480,priest,discipline,12,5,7
Easyzx,tarren-mill,480,priest,discipline,12,5,7
Ponting,kazzak,480,priest,discipline,12,5,7
Twitty,argent-dawn,480,priest,discipline,12,5,7
Nyù,kazzak,480,priest,discipline,12,5,7
Theplague,kazzak,480,priest,discipline,12,5,7
Ghettothug,darksorrow,480,priest,discipline,12,5,7
Discgødx,thrall,480,priest,discipline,12,5,7
Kaleshiry,kazzak,480,priest,discipline,12,5,7
Discih,ragnaros,480,priest,discipline,12,5,7
Абсорбиболь,howling-fjord,480,priest,discipline,12,5,7
Jeboc,ravencrest,480,priest,discipline,12,5,7
Chebaben,argent-dawn,480,priest,discipline,12,5,7
Magthalor,twisting-nether,480,priest,discipline,12,5,7
Hélgå,kazzak,480,priest,discipline,12,5,7
Pdead,kazzak,480,priest,discipline,12,5,7
Cirøpriest,ravencrest,480,priest,discipline,12,5,7
Playax,silvermoon,480,priest,discipline,12,5,7
Kryckmongo,tarren-mill,480,priest,discipline,12,5,7
Teladorne,ravencrest,480,priest,discipline,12,5,7
Graveyards,tarren-mill,480,priest,discipline,12,5,7
Skyland,emeriss,480,priest,discipline,12,5,7
Sinnzz,ysondre,480,priest,discipline,12,5,7
Terstyana,hyjal,480,priest,discipline,12,5,7
Вайтбласт,howling-fjord,480,priest,discipline,12,5,7
Æðwyñ,ragnaros,480,priest,discipline,12,5,7
Rabbai,ravencrest,480,priest,discipline,12,5,7
Kde,burning-legion,480,priest,discipline,12,5,7
Moeshy,kazzak,480,priest,discipline,12,5,7
Seskipr,stormreaver,480,priest,discipline,12,5,7
Donbas,tarren-mill,480,priest,discipline,12,5,7
Nimiqt,tarren-mill,480,priest,discipline,12,5,7
Ameja,sylvanas,480,priest,discipline,13,5,8
Kimlie,baelgun,480,priest,discipline,16,6,10
Kehz,ysondre,480,priest,discipline,18,5,13
Momopriesto,draenor,480,priest,discipline,18,5,13
Ча,thermaplugg,480,priest,discipline,18,5,13
Avp,the-maelstrom,480,priest,discipline,18,5,13
Карбонит,fordragon,480,priest,discipline,18,5,13
Zeslash,suramar,480,priest,discipline,18,5,13
Kalór,kult-der-verdammten,480,priest,discipline,18,5,13
Iskáral,frostmourne,480,priest,discipline,18,5,13
Góli,argent-dawn,480,priest,discipline,18,5,13
Хомячише,lich-king,480,priest,discipline,18,5,13
Savíour,kazzak,480,priest,discipline,18,5,13
Ìstarï,sylvanas,480,priest,discipline,18,5,13
Taimani,burning-legion,480,priest,discipline,18,5,13
Saishi,rashgarroth,480,priest,discipline,18,5,13
Элизабетшорт,soulflayer,480,priest,discipline,18,5,13
Blackwidow,chromaggus,480,priest,discipline,24,5,19
Sarinà,archimonde,480,priest,discipline,24,5,19
Fictus,tarren-mill,480,priest,discipline,24,5,19
Elpitiimigré,sinstralis,479,priest,discipline,6,5,1
Colte,dalaran,479,priest,discipline,6,5,1
Pontiff,the-maelstrom,479,priest,discipline,12,5,7
Sanoe,twisting-nether,479,priest,discipline,12,5,7
Flappí,argent-dawn,479,priest,discipline,12,5,7
Fillî,antonidas,479,priest,discipline,12,5,7
Haiga,zuljin,479,priest,discipline,12,5,7
Velenthøs,argent-dawn,479,priest,discipline,12,5,7
Cobrix,nemesis,479,priest,discipline,12,5,7
Aethiel,drakthul,479,priest,discipline,12,5,7
Serach,ravencrest,479,priest,discipline,12,5,7
Upsbro,outland,479,priest,discipline,12,5,7
Zonar,eitrigg,479,priest,discipline,12,5,7
Darknëss,malganis,479,priest,discipline,12,5,7
Ethylene,ysondre,479,priest,discipline,12,5,7
Pluf,nefarian,479,priest,discipline,12,5,7
Хилюня,howling-fjord,479,priest,discipline,12,5,7
Шпалкоклоб,soulflayer,479,priest,discipline,12,5,7
Tedcrilly,dentarg,479,priest,discipline,12,5,7
Haigoku,archimonde,479,priest,discipline,12,5,7
Slight,aggra-português,479,priest,discipline,12,5,7
Konantenshi,doomhammer,479,priest,discipline,12,5,7
Shyvannas,antonidas,479,priest,discipline,12,5,7
Jessicar,the-maelstrom,479,priest,discipline,12,5,7
Bòóny,ravencrest,479,priest,discipline,12,5,7
Piotrek,hyjal,479,priest,discipline,12,5,7
Nixxaa,drakthul,479,priest,discipline,12,5,7
Ръасмурт,soulflayer,479,priest,discipline,12,5,7
Kaladriel,die-aldor,479,priest,discipline,12,5,7
Eluñeblessed,silvermoon,479,priest,discipline,12,5,7
Tota,frostmane,479,priest,discipline,12,5,7
Velenthan,stormrage,479,priest,discipline,12,5,7
Sewerperson,doomhammer,479,priest,discipline,12,5,7
Sastry,drakthul,479,priest,discipline,12,5,7
Elunerei,tarren-mill,479,priest,discipline,12,5,7
Elakith,bronze-dragonflight,479,priest,discipline,12,5,7
Helming,magtheridon,479,priest,discipline,12,5,7
Dúréx,sanguino,479,priest,discipline,15,6,9
Dosentti,ragnaros,479,priest,discipline,13,5,8
Warkez,terokkar,479,priest,discipline,14,5,9
Seehz,ysondre,479,priest,discipline,18,5,13
Scarlovni,archimonde,479,priest,discipline,18,5,13
Aká,kazzak,479,priest,discipline,18,5,13
Nemista,hyjal,479,priest,discipline,18,5,13
Gaehla,silvermoon,479,priest,discipline,18,5,13
Alsyidan,khaz-modan,479,priest,discipline,18,5,13
Sleeyz,blackmoore,479,priest,discipline,24,5,19
Avesatana,khadgar,478,priest,discipline,6,5,1
Veryssra,archimonde,478,priest,discipline,12,5,7
Hotwheal,ysondre,478,priest,discipline,12,5,7
Raitharin,argent-dawn,478,priest,discipline,12,5,7
Rastuvius,twisting-nether,478,priest,discipline,18,5,13
Bénjamín,outland,478,priest,discipline,18,5,13
Oknelim,blackmoore,477,priest,discipline,12,5,7
Arathiell,nordrassil,477,priest,discipline,12,5,7
Feloriya,antonidas,476,priest,discipline,12,5,7
Phosphorus,blackhand,476,priest,discipline,12,5,7
Docoktokok,guldan,475,priest,discipline,12,5,7
Rettsche,eredar,475,priest,discipline,12,5,7
Wipipi,draenor,474,priest,discipline,12,5,7
Crenî,blackrock,463,priest,discipline,17,5,12
Ortarn,defias-brotherhood,453,priest,discipline,19,7,12
Madclownz,blackrock,448,priest,discipline,10,5,5
Zakkypriest,tarren-mill,447,priest,discipline,11,5,6
Hitaro,antonidas,447,priest,discipline,11,5,6
Dhed,turalyon,447,priest,discipline,14,6,8
Zumítø,zuljin,446,priest,discipline,11,5,6
Sandgambler,draenor,432,priest,discipline,9,5,4
Äliénør,khaz-modan,426,priest,discipline,17,7,10
Kak,gorgonnash,426,priest,discipline,19,6,13
Holybøi,ragnaros,426,priest,discipline,29,7,22
Capheny,ravencrest,425,priest,discipline,29,7,22
Snowlhad,argent-dawn,423,priest,discipline,21,6,15
Khomic,archimonde,415,priest,discipline,11,5,6
Æç,malganis,399,priest,discipline,5,5,0
Stàrlîght,chants-éternels,399,priest,discipline,5,5,0
Kuïß,tarren-mill,394,priest,discipline,20,6,14
Erfofthesop,chants-éternels,384,priest,discipline,6,4,2
Vizire,ravencrest,384,priest,discipline,6,4,2
Pindakong,dragonblight,384,priest,discipline,6,4,2
Ilovecala,ravencrest,384,priest,discipline,6,4,2
Barbïelolz,sargeras,384,priest,discipline,6,4,2
Sïgmund,draenor,384,priest,discipline,6,4,2
Montane,wrathbringer,384,priest,discipline,6,4,2
Bhlad,silvermoon,384,priest,discipline,6,4,2
Darkoulito,dalaran,384,priest,discipline,6,4,2
Dimentions,sylvanas,384,priest,discipline,6,4,2
Tipps,ravencrest,384,priest,discipline,6,4,2
Zumbae,tarren-mill,384,priest,discipline,6,4,2
Piixld,aegwynn,384,priest,discipline,6,4,2
ßlinkywinky,outland,384,priest,discipline,6,4,2
Sîlfa,hyjal,384,priest,discipline,6,4,2
Cheesegód,outland,384,priest,discipline,6,4,2
Thean,twilights-hammer,384,priest,discipline,6,4,2
Félrebarmok,ragnaros,384,priest,discipline,6,4,2
Cerdapriesst,dun-modr,384,priest,discipline,6,4,2
Jaisuu,ravencrest,384,priest,discipline,6,4,2
Xsp,dun-modr,384,priest,discipline,6,4,2
Atomíc,eredar,384,priest,discipline,6,4,2
Nesar,stormscale,384,priest,discipline,6,4,2
Dshara,the-maelstrom,384,priest,discipline,6,4,2
Весёлыйкоил,gordunni,384,priest,discipline,6,4,2
Gravedoll,draenor,384,priest,discipline,6,4,2
Ðapperðan,draenor,384,priest,discipline,6,4,2
Topdamage,stormscale,384,priest,discipline,6,4,2
Bootypillow,stormscale,384,priest,discipline,6,4,2
Badballs,doomhammer,384,priest,discipline,6,4,2
Taypsi,kelthuzad,384,priest,discipline,6,4,2
Frekko,outland,384,priest,discipline,6,4,2
Iirina,draenor,384,priest,discipline,6,4,2
Lergdaddy,zenedar,384,priest,discipline,6,4,2
Nätrix,tarren-mill,384,priest,discipline,6,4,2
Above,hyjal,384,priest,discipline,6,4,2
Binno,outland,384,priest,discipline,6,4,2
Umbralx,ragnaros,384,priest,discipline,6,4,2
Noxx,kilrogg,384,priest,discipline,6,4,2
Хъи,gordunni,384,priest,discipline,6,4,2
Бархомелфой,gordunni,384,priest,discipline,6,4,2
Sixtyseven,blackhand,384,priest,discipline,6,4,2
Bòóni,ravencrest,384,priest,discipline,6,4,2
Büssi,blackrock,384,priest,discipline,6,4,2
Yukirito,drakthul,384,priest,discipline,6,4,2
Magicstarss,the-maelstrom,384,priest,discipline,6,4,2
Kookpri,twisting-nether,384,priest,discipline,6,4,2
Discmachinex,stormscale,384,priest,discipline,6,4,2
Hiela,outland,384,priest,discipline,6,4,2
Robiee,twisting-nether,384,priest,discipline,6,4,2
Rýzera,tarren-mill,384,priest,discipline,6,4,2
Nällytq,nefarian,384,priest,discipline,6,4,2
Sàyaa,draenor,384,priest,discipline,6,4,2
Neddeadlius,outland,384,priest,discipline,6,4,2
Purplex,aggra-português,384,priest,discipline,6,4,2
Zenholy,kazzak,384,priest,discipline,6,4,2
Pisso,outland,384,priest,discipline,6,4,2
Mvce,outland,384,priest,discipline,6,4,2
Appraiser,draenor,384,priest,discipline,6,4,2
Goblingøs,ravencrest,384,priest,discipline,6,4,2
Hunnty,magtheridon,384,priest,discipline,6,4,2
Eshania,frostwolf,384,priest,discipline,6,4,2
Inthemoöd,twisting-nether,384,priest,discipline,6,4,2
Hadk,blackrock,384,priest,discipline,6,4,2
Deadlyhealer,draenor,384,priest,discipline,6,4,2
Feedtherich,stormscale,384,priest,discipline,6,4,2
Xqzmydotz,outland,384,priest,discipline,6,4,2
Papêrcut,kazzak,384,priest,discipline,6,4,2
Varrês,kazzak,384,priest,discipline,6,4,2
Priestutute,tarren-mill,384,priest,discipline,6,4,2
Flaynbones,tarren-mill,384,priest,discipline,6,4,2
Giffelgrethe,sylvanas,384,priest,discipline,6,4,2
Toasttwo,kazzak,384,priest,discipline,6,4,2
Lightbulp,draenor,384,priest,discipline,6,4,2
Bosco,kult-der-verdammten,384,priest,discipline,6,4,2
Challa,magtheridon,384,priest,discipline,6,4,2
Sede,silvermoon,384,priest,discipline,6,4,2
Boogereater,kazzak,384,priest,discipline,6,4,2
Experimentix,silvermoon,384,priest,discipline,6,4,2
Acarru,stormscale,384,priest,discipline,6,4,2
Pankp,kazzak,384,priest,discipline,6,4,2
Mit,tarren-mill,384,priest,discipline,6,4,2
Flaiya,kazzak,384,priest,discipline,6,4,2
Yadif,tarren-mill,384,priest,discipline,6,4,2
Сатанчикгод,howling-fjord,384,priest,discipline,8,4,4
Shadowuknow,silvermoon,384,priest,discipline,9,4,5
Kloxy,archimonde,384,priest,discipline,15,5,10
Pewkz,draenor,384,priest,discipline,12,4,8
Сайлентхилл,howling-fjord,384,priest,discipline,12,4,8
Фадб,howling-fjord,384,priest,discipline,12,4,8
Sls,sylvanas,384,priest,discipline,12,4,8
Azriael,draenor,384,priest,discipline,12,4,8
Марина,howling-fjord,384,priest,discipline,12,4,8
Babambaba,sylvanas,384,priest,discipline,12,4,8
Maquivel,aggra-português,384,priest,discipline,12,4,8
Deathtrapx,draenor,384,priest,discipline,12,4,8
Дэкспрут,soulflayer,384,priest,discipline,12,4,8
Kourguette,hyjal,384,priest,discipline,12,4,8
Велост,gordunni,384,priest,discipline,12,4,8
Sarenko,turalyon,384,priest,discipline,12,4,8
Sabakk,archimonde,384,priest,discipline,12,4,8
Ревентонх,howling-fjord,384,priest,discipline,12,4,8
Linaklein,hyjal,384,priest,discipline,12,4,8
Chigreru,uldum,384,priest,discipline,12,4,8
Luznywiesiek,burning-legion,384,priest,discipline,12,4,8
Prgkek,sanguino,384,priest,discipline,12,4,8
Druzhok,sylvanas,384,priest,discipline,12,4,8
Rîîper,khaz-modan,384,priest,discipline,12,4,8
Lalock,grim-batol,384,priest,discipline,12,4,8
Magras,xavius,384,priest,discipline,12,4,8
Арейша,gordunni,384,priest,discipline,12,4,8
Alyzée,aegwynn,384,priest,discipline,12,4,8
Иннрей,soulflayer,384,priest,discipline,12,4,8
Ankî,aegwynn,384,priest,discipline,12,4,8
Streptococus,sanguino,384,priest,discipline,12,4,8
Amèn,archimonde,384,priest,discipline,12,4,8
Ромиопвп,gordunni,384,priest,discipline,12,4,8
Xayona,argent-dawn,384,priest,discipline,12,4,8
Sorrop,sanguino,384,priest,discipline,12,4,8
Lothbruke,twisting-nether,384,priest,discipline,12,4,8
Rachelsz,ravencrest,384,priest,discipline,12,4,8
Trolar,zuljin,384,priest,discipline,12,4,8
Заак,howling-fjord,384,priest,discipline,12,4,8
Refuze,blackrock,384,priest,discipline,12,4,8
Holyorshadow,drakthul,384,priest,discipline,12,4,8
Tjackmackann,kazzak,384,priest,discipline,12,4,8
Mukkin,tarren-mill,384,priest,discipline,12,4,8
Hombre,anetheron,384,priest,discipline,12,4,8
Braingames,kazzak,384,priest,discipline,12,4,8
Drdré,blackrock,384,priest,discipline,12,4,8
Sedaris,blackrock,384,priest,discipline,12,4,8
Seskip,stormreaver,384,priest,discipline,12,4,8
Mérce,kazzak,384,priest,discipline,12,4,8
Whatspray,drakthul,384,priest,discipline,12,4,8
Vicetøne,stormscale,384,priest,discipline,12,4,8
Dìscìplìned,ravencrest,384,priest,discipline,12,4,8
Stòkkè,stormscale,384,priest,discipline,12,4,8
Hanrej,ravencrest,384,priest,discipline,12,4,8
Toasttrii,outland,384,priest,discipline,12,4,8
Çelph,silvermoon,384,priest,discipline,12,4,8
Dominos,thrall,384,priest,discipline,12,4,8
Xýz,tarren-mill,384,priest,discipline,12,4,8
Mariio,blackmoore,384,priest,discipline,12,4,8
Mylox,blackrock,384,priest,discipline,12,4,8
Nordrenalin,tarren-mill,384,priest,discipline,12,4,8
Absolution,stormscale,384,priest,discipline,12,4,8
Corthas,sporeggar,384,priest,discipline,12,4,8
Ellinha,tarren-mill,384,priest,discipline,12,4,8
Маджори,azuregos,384,priest,discipline,12,4,8
Asdfsds,kazzak,384,priest,discipline,12,4,8
Thesunbeam,silvermoon,384,priest,discipline,12,4,8
Rafaled,ravencrest,384,priest,discipline,12,4,8
Goatrocker,kazzak,384,priest,discipline,12,4,8
Raybangx,blackrock,384,priest,discipline,12,4,8
Deazypriest,blackrock,384,priest,discipline,12,4,8
Soleyy,outland,384,priest,discipline,12,4,8
Dizpel,stormscale,384,priest,discipline,17,5,12
Mythaaz,archimonde,384,priest,discipline,15,4,11
Celestias,sanguino,384,priest,discipline,15,4,11
Shyvàree,les-clairvoyants,384,priest,discipline,18,4,14
Ulquiørra,blackmoore,384,priest,discipline,18,4,14
Sbubbi,ravencrest,384,priest,discipline,18,4,14
Tsuser,blackrock,384,priest,discipline,24,4,20
Лилинтель,gordunni,384,priest,discipline,24,4,20
Enchanttress,burning-legion,383,priest,discipline,6,4,2
Ravend,sylvanas,383,priest,discipline,6,4,2
Akroz,sanguino,383,priest,discipline,6,4,2
Destally,kirin-tor,383,priest,discipline,6,4,2
Haliday,die-ewige-wacht,383,priest,discipline,6,4,2
Trongle,burning-blade,383,priest,discipline,6,4,2
Нуннчи,howling-fjord,383,priest,discipline,6,4,2
Moonary,ravencrest,383,priest,discipline,6,4,2
Pownme,blackmoore,383,priest,discipline,6,4,2
Tarik,nemesis,383,priest,discipline,6,4,2
Vishnoo,hyjal,383,priest,discipline,6,4,2
Xpect,terokkar,383,priest,discipline,12,4,8
Idén,quelthalas,383,priest,discipline,12,4,8
Sânyâ,antonidas,383,priest,discipline,12,4,8
Søs,eldrethalas,383,priest,discipline,12,4,8
Побьюкадилом,gordunni,383,priest,discipline,12,4,8
Helenor,dalvengyr,383,priest,discipline,12,4,8
Récko,blackmoore,383,priest,discipline,12,4,8
Wärtheur,sanguino,383,priest,discipline,12,4,8
Miriàl,outland,383,priest,discipline,12,4,8
Selryna,silvermoon,383,priest,discipline,13,4,9
Mwxz,ravencrest,383,priest,discipline,18,4,14
Nefertítí,frostmane,382,priest,discipline,6,4,2
Muxi,kazzak,382,priest,discipline,12,4,8
Тэтсу,greymane,382,priest,discipline,12,4,8
Lierie,kazzak,382,priest,discipline,24,4,20
Grommyr,eredar,381,priest,discipline,12,4,8
Dumstrut,twisting-nether,379,priest,discipline,12,4,8
Thanil,bloodfeather,367,priest,discipline,11,4,7
Tephutes,ravencrest,367,priest,discipline,11,4,7
Утяути,ashenvale,367,priest,discipline,17,4,13
Øxx,blackrock,351,priest,discipline,11,4,7
Masa,hellfire,351,priest,discipline,11,4,7
Sickbo,eredar,351,priest,discipline,11,4,7
Yummelol,dun-modr,351,priest,discipline,11,4,7
Pjuww,outland,351,priest,discipline,11,4,7
Dondonne,garona,349,priest,discipline,17,4,13
Doxxi,argent-dawn,336,priest,discipline,9,5,4
Bossku,kazzak,336,priest,discipline,9,4,5
Salvatör,quelthalas,336,priest,discipline,15,5,10
Vicønia,tarren-mill,335,priest,discipline,11,4,7
Frenchpriest,archimonde,335,priest,discipline,11,4,7
Craquylx,hyjal,335,priest,discipline,11,4,7
Omejan,frostmane,330,priest,discipline,8,5,3
Êliten,tarren-mill,330,priest,discipline,11,6,5
Runay,draenor,330,priest,discipline,13,5,8
Заволончик,blackscar,330,priest,discipline,14,5,9
Impmvp,kazzak,330,priest,discipline,17,6,11
Косн,razuvious,330,priest,discipline,16,5,11
Valirda,twisting-nether,330,priest,discipline,18,5,13
Brainðead,aegwynn,319,priest,discipline,5,4,1
Шариш,ashenvale,319,priest,discipline,11,4,7
Alcogeek,archimonde,304,priest,discipline,7,4,3
Schnüschnü,blackmoore,304,priest,discipline,19,4,15
Misa,ravencrest,288,priest,discipline,6,3,3
Lerissea,argent-dawn,288,priest,discipline,6,3,3
Либертадор,howling-fjord,288,priest,discipline,6,3,3
Gaopet,hyjal,288,priest,discipline,6,3,3
Justjuice,hyjal,288,priest,discipline,6,3,3
Moistmidget,frostmane,288,priest,discipline,6,3,3
Mäésia,hyjal,288,priest,discipline,6,3,3
Стархилбест,howling-fjord,288,priest,discipline,6,3,3
Сонясэймяу,soulflayer,288,priest,discipline,6,3,3
Preodek,kazzak,288,priest,discipline,6,3,3
Sehnsucht,kazzak,288,priest,discipline,6,3,3
Nefufangirl,ravencrest,288,priest,discipline,6,3,3
Tyarande,tarren-mill,288,priest,discipline,6,3,3
Hydroxizine,ragnaros,288,priest,discipline,6,3,3
Clerìc,argent-dawn,288,priest,discipline,6,3,3
Alexuwu,kazzak,288,priest,discipline,6,3,3
Некрозмх,soulflayer,288,priest,discipline,6,3,3
Хэвидрим,soulflayer,288,priest,discipline,6,3,3
Aloegarten,ravencrest,288,priest,discipline,6,3,3
Purpl,tarren-mill,288,priest,discipline,6,3,3
Spklooril,hyjal,288,priest,discipline,6,3,3
Микаса,howling-fjord,288,priest,discipline,6,3,3
Permapsqtx,tarren-mill,288,priest,discipline,6,3,3
Figoluh,hyjal,288,priest,discipline,6,3,3
Applepiez,ravencrest,288,priest,discipline,6,3,3
Ðeswynds,hyjal,288,priest,discipline,6,3,3
Pixe,argent-dawn,288,priest,discipline,6,3,3
Ciqua,frostmane,288,priest,discipline,6,3,3
Suzan,tarren-mill,288,priest,discipline,6,3,3
Акушер,howling-fjord,288,priest,discipline,6,3,3
Zkàrb,hyjal,288,priest,discipline,6,3,3
Mahist,ravencrest,288,priest,discipline,6,3,3
Missandeí,frostmane,288,priest,discipline,6,3,3
Dead,argent-dawn,288,priest,discipline,6,3,3
Shádøwx,ravencrest,288,priest,discipline,6,3,3
Fearmongerer,tarren-mill,288,priest,discipline,6,3,3
Zikár,kazzak,288,priest,discipline,6,3,3
Nickelßack,kazzak,288,priest,discipline,6,3,3
Trasslarn,tarren-mill,288,priest,discipline,6,3,3
Redlíne,aegwynn,288,priest,discipline,6,3,3
Artemïsïa,ravencrest,288,priest,discipline,6,3,3
Ылрйкпмитьхх,soulflayer,288,priest,discipline,6,3,3
Zennen,ragnaros,288,priest,discipline,6,3,3
Iluvkiids,blackhand,288,priest,discipline,6,3,3
Tzúú,ravencrest,288,priest,discipline,6,3,3
Ardeë,dun-modr,288,priest,discipline,6,3,3
Slapperr,ravencrest,288,priest,discipline,6,3,3
Paphahaha,ragnaros,288,priest,discipline,6,3,3
Tsunê,ysondre,288,priest,discipline,6,3,3
Hôllÿ,ysondre,288,priest,discipline,6,3,3
Noonex,hakkar,288,priest,discipline,6,3,3
Penánce,auchindoun,288,priest,discipline,6,3,3
Ggbenis,ragnaros,288,priest,discipline,6,3,3
Ðopebwøy,burning-legion,288,priest,discipline,6,3,3
Holymamba,silvermoon,288,priest,discipline,6,3,3
Felon,burning-legion,288,priest,discipline,6,3,3
Sapue,aegwynn,288,priest,discipline,6,3,3
Шлёндрик,gordunni,288,priest,discipline,6,3,3
Letmecastplz,kazzak,288,priest,discipline,6,3,3
Pooñ,silvermoon,288,priest,discipline,6,3,3
Mydianá,aegwynn,288,priest,discipline,6,3,3
Xixaol,drakthul,288,priest,discipline,6,3,3
Qpops,twisting-nether,288,priest,discipline,6,3,3
Dãrkmedic,silvermoon,288,priest,discipline,6,3,3
Bainy,stormscale,288,priest,discipline,6,3,3
Rustyroll,stormscale,288,priest,discipline,6,3,3
Deternity,stormscale,288,priest,discipline,6,3,3
Disfinkacze,drakthul,288,priest,discipline,6,3,3
Ábomínatíøn,ravencrest,288,priest,discipline,6,3,3
Balin,veklor,288,priest,discipline,6,3,3
Windieqt,drakthul,288,priest,discipline,6,3,3
Ònasou,silvermoon,288,priest,discipline,6,3,3
Нагп,gordunni,288,priest,discipline,6,3,3
Numatrash,stormscale,288,priest,discipline,6,3,3
Yillva,darkspear,288,priest,discipline,6,3,3
Enova,twisting-nether,288,priest,discipline,6,3,3
Elmaestrø,aegwynn,288,priest,discipline,6,3,3
Milderyp,kazzak,288,priest,discipline,6,3,3
Watchmepray,stormscale,288,priest,discipline,6,3,3
Shieldop,eredar,288,priest,discipline,6,3,3
Caipiwtf,eredar,288,priest,discipline,6,3,3
Zeuws,kazzak,288,priest,discipline,6,3,3
Kaori,zenedar,288,priest,discipline,6,3,3
Mindflayér,stormscale,288,priest,discipline,6,3,3
Starships,kazzak,288,priest,discipline,6,3,3
Iceys,stormscale,288,priest,discipline,6,3,3
Åtømîç,kazzak,288,priest,discipline,6,3,3
Trilliwix,blackrock,288,priest,discipline,6,3,3
Vanisse,uldum,288,priest,discipline,6,3,3
Hôtseitdank,blackrock,288,priest,discipline,6,3,3
Josva,sanguino,288,priest,discipline,6,3,3
Jazty,sanguino,288,priest,discipline,6,3,3
Кармелитас,gordunni,288,priest,discipline,6,3,3
Xstylebender,outland,288,priest,discipline,6,3,3
Myrann,ravencrest,288,priest,discipline,6,3,3
Sântamuerte,blackrock,288,priest,discipline,6,3,3
Куольхд,gordunni,288,priest,discipline,6,3,3
Kamiðßlesing,sanguino,288,priest,discipline,6,3,3
Хахеха,gordunni,288,priest,discipline,6,3,3
Demorgon,twisting-nether,288,priest,discipline,6,3,3
Laradiel,dun-modr,288,priest,discipline,6,3,3
Spektros,drakthul,288,priest,discipline,6,3,3
Bottemg,defias-brotherhood,288,priest,discipline,6,3,3
Bridélight,archimonde,288,priest,discipline,6,3,3
Decimerad,kazzak,288,priest,discipline,6,3,3
Аридел,ashenvale,288,priest,discipline,6,3,3
Swaggodx,blackrock,288,priest,discipline,6,3,3
Rliq,outland,288,priest,discipline,6,3,3
Pristel,twisting-nether,288,priest,discipline,6,3,3
Holycowheals,the-maelstrom,288,priest,discipline,6,3,3
Peterpenance,blackmoore,288,priest,discipline,6,3,3
Mêve,archimonde,288,priest,discipline,6,3,3
Rhàenyra,ravencrest,288,priest,discipline,6,3,3
Santainphy,cthun,288,priest,discipline,6,3,3
Shadoxx,malganis,288,priest,discipline,6,3,3
Lxl,veknilash,288,priest,discipline,6,3,3
Arwen,azjolnerub,288,priest,discipline,6,3,3
Sacerdosan,quelthalas,288,priest,discipline,6,3,3
Priestmond,magtheridon,288,priest,discipline,6,3,3
Кхайла,blackscar,288,priest,discipline,6,3,3
Unfayth,sylvanas,288,priest,discipline,6,3,3
Sâmba,pozzo-delleternità,288,priest,discipline,6,3,3
Effot,twisting-nether,288,priest,discipline,6,3,3
Zorea,twisting-nether,288,priest,discipline,6,3,3
Shttygame,nazjatar,288,priest,discipline,6,3,3
Тесира,blackscar,288,priest,discipline,6,3,3
Cheefto,blackmoore,288,priest,discipline,6,3,3
Kaliboom,archimonde,288,priest,discipline,6,3,3
Nelakya,blackmoore,288,priest,discipline,6,3,3
Yskar,stormscale,288,priest,discipline,6,3,3
Неприст,ashenvale,288,priest,discipline,6,3,3
Bigdamsmitex,draenor,288,priest,discipline,6,3,3
Flet,emerald-dream,288,priest,discipline,6,3,3
Gomor,mannoroth,288,priest,discipline,6,3,3
Süsina,nemesis,288,priest,discipline,6,3,3
Lolipopheal,blackmoore,288,priest,discipline,6,3,3
Luphriest,ravencrest,288,priest,discipline,6,3,3
Ollithepope,defias-brotherhood,288,priest,discipline,6,3,3
Dumix,shadowsong,288,priest,discipline,6,3,3
Ríeka,proudmoore,288,priest,discipline,6,3,3
Pwatheism,blackmoore,288,priest,discipline,6,3,3
Dertar,archimonde,288,priest,discipline,6,3,3
Pøsæ,uldaman,288,priest,discipline,6,3,3
Uwugodx,outland,288,priest,discipline,6,3,3
Hardbowl,teldrassil,288,priest,discipline,6,3,3
Unrèål,ravencrest,288,priest,discipline,6,3,3
Ансор,lich-king,288,priest,discipline,6,3,3
Bonifacio,la-croisade-écarlate,288,priest,discipline,6,3,3
Depleeky,blackmoore,288,priest,discipline,6,3,3
Pietyberi,tichondrius,288,priest,discipline,6,3,3
Seeyae,archimonde,288,priest,discipline,6,3,3
Phobi,sunstrider,288,priest,discipline,6,3,3
Asapheal,blackmoore,288,priest,discipline,6,3,3
Melontwo,outland,288,priest,discipline,6,3,3
Russianpvp,outland,288,priest,discipline,6,3,3
Balboa,archimonde,288,priest,discipline,6,3,3
Beefs,blackmoore,288,priest,discipline,6,3,3
Hængøver,blackmoore,288,priest,discipline,6,3,3
Velyrium,dalaran,288,priest,discipline,6,3,3
Eba,daggerspine,288,priest,discipline,6,3,3
Mariahcarey,blackmoore,288,priest,discipline,6,3,3
Nephotko,ravencrest,288,priest,discipline,6,3,3
Shendilka,drakthul,288,priest,discipline,9,3,6
Willxzz,silvermoon,288,priest,discipline,11,3,8
Madreöscura,cthun,288,priest,discipline,15,4,11
Sanetsuna,archimonde,288,priest,discipline,12,3,9
Inqa,ragnaros,288,priest,discipline,12,3,9
Malaboost,archimonde,288,priest,discipline,12,3,9
Arachniâ,burning-blade,288,priest,discipline,12,3,9
Raphyx,blackhand,288,priest,discipline,12,3,9
Kilmin,ravencrest,288,priest,discipline,12,3,9
Biierlip,twisting-nether,288,priest,discipline,12,3,9
Djezà,archimonde,288,priest,discipline,12,3,9
Kalamh,marécage-de-zangar,288,priest,discipline,12,3,9
Crazyhealsqt,hellfire,288,priest,discipline,12,3,9
Ælæx,alleria,288,priest,discipline,12,3,9
Julieta,dalaran,288,priest,discipline,12,3,9
Saturno,chogall,288,priest,discipline,12,3,9
Ziemkentiss,kazzak,288,priest,discipline,12,3,9
Emi,blackmoore,288,priest,discipline,12,3,9
Smiteyoudown,aegwynn,288,priest,discipline,12,3,9
Ксайфир,gordunni,288,priest,discipline,12,3,9
Saucebauss,ravencrest,288,priest,discipline,12,3,9
Recast,outland,288,priest,discipline,12,3,9
Ðìscòñiz,hyjal,288,priest,discipline,12,3,9
Kaazaam,eredar,288,priest,discipline,12,3,9
Rennic,stormscale,288,priest,discipline,12,3,9
Âlígés,outland,288,priest,discipline,12,3,9
Аматури,soulflayer,288,priest,discipline,12,3,9
Zynte,ravencrest,288,priest,discipline,12,3,9
Эсминза,gordunni,288,priest,discipline,12,3,9
Krãtos,kazzak,288,priest,discipline,12,3,9
Lumartos,ungoro,288,priest,discipline,12,3,9
Knobibobby,blackrock,288,priest,discipline,12,3,9
Bacovia,tarren-mill,288,priest,discipline,12,3,9
Èlvis,dun-morogh,288,priest,discipline,12,3,9
Honompa,darkmoon-faire,288,priest,discipline,12,3,9
Realdead,blackrock,288,priest,discipline,12,3,9
Romei,tarren-mill,288,priest,discipline,12,3,9
Løs,argent-dawn,288,priest,discipline,12,3,9
Soltum,eredar,288,priest,discipline,12,3,9
Idontknow,sanguino,288,priest,discipline,12,3,9
Aniblue,tarren-mill,288,priest,discipline,12,3,9
Momomomomomo,blackrock,288,priest,discipline,12,3,9
Orkall,sylvanas,288,priest,discipline,12,3,9
Хуанкарлосс,soulflayer,288,priest,discipline,12,3,9
Adalgiso,nemesis,288,priest,discipline,12,3,9
Hyldenward,dun-modr,288,priest,discipline,12,3,9
Ajcz,draenor,288,priest,discipline,12,3,9
Pidarkgogo,stormscale,288,priest,discipline,12,3,9
Kátîè,draenor,288,priest,discipline,12,3,9
Tubercurass,hyjal,288,priest,discipline,12,3,9
Ashp,shattered-halls,288,priest,discipline,12,3,9
Kopfsache,blackmoore,288,priest,discipline,12,3,9
Kyojin,pozzo-delleternità,288,priest,discipline,12,3,9
Moth,kazzak,288,priest,discipline,12,3,9
Tazting,stormscale,288,priest,discipline,12,3,9
Holytouch,pozzo-delleternità,288,priest,discipline,12,3,9
Niikki,blackrock,288,priest,discipline,12,3,9
Toratorap,burning-legion,288,priest,discipline,12,3,9
Yourholynes,nemesis,288,priest,discipline,12,3,9
Yaaoz,dun-modr,288,priest,discipline,12,3,9
Sins,defias-brotherhood,288,priest,discipline,12,3,9
Iòól,veknilash,288,priest,discipline,12,3,9
Ilovedomo,stormscale,288,priest,discipline,12,3,9
Dizzaer,terokkar,288,priest,discipline,12,3,9
Xälis,ysondre,288,priest,discipline,12,3,9
Голнар,deathguard,288,priest,discipline,12,3,9
Thudre,ravencrest,288,priest,discipline,12,3,9
Koshmår,stormscale,288,priest,discipline,12,3,9
Smitelord,outland,288,priest,discipline,12,3,9
Finizkram,sylvanas,288,priest,discipline,12,3,9
Arttos,antonidas,288,priest,discipline,12,3,9
Arathelle,chromaggus,288,priest,discipline,12,3,9
Guiliman,chamber-of-aspects,288,priest,discipline,17,4,13
Methslinger,draenor,288,priest,discipline,18,3,15
Имудонка,gordunni,288,priest,discipline,18,3,15
Carlotta,dalaran,288,priest,discipline,18,3,15
Невальнеш,howling-fjord,288,priest,discipline,18,3,15
Fidelski,blackmoore,288,priest,discipline,24,3,21
Cherrylipz,runetotem,288,priest,discipline,24,3,21
Bunetu,blackmoore,287,priest,discipline,6,3,3
Valdos,hyjal,287,priest,discipline,6,3,3
Sussane,burning-blade,287,priest,discipline,6,3,3
Goatee,archimonde,287,priest,discipline,6,3,3
Hulluh,tarren-mill,287,priest,discipline,6,3,3
Emolate,aggramar,287,priest,discipline,6,3,3
Märx,conseil-des-ombres,287,priest,discipline,6,3,3
Rotems,korgall,287,priest,discipline,12,3,9
Opknapcamper,twisting-nether,287,priest,discipline,12,3,9
Elraine,ravencrest,287,priest,discipline,12,3,9
Eritreea,stormscale,287,priest,discipline,12,3,9
Healmi,outland,287,priest,discipline,12,3,9
Sacabocaos,dun-modr,287,priest,discipline,12,3,9
Smallpox,blackrock,287,priest,discipline,12,3,9
Fuwafuwaneko,sanguino,287,priest,discipline,12,3,9
Orioz,tarren-mill,287,priest,discipline,12,3,9
Tíffanny,ragnaros,287,priest,discipline,12,3,9
Злыденькая,gordunni,287,priest,discipline,18,3,15
Sleeg,tarren-mill,271,priest,discipline,11,3,8
Priestin,dun-modr,271,priest,discipline,11,3,8
Darkripper,sylvanas,267,priest,discipline,20,3,17
Rickermortis,defias-brotherhood,256,priest,discipline,10,3,7
Lînda,steamwheedle-cartel,255,priest,discipline,11,3,8
Alphakillerz,sanguino,255,priest,discipline,11,3,8
Czee,draenor,255,priest,discipline,11,3,8
Zlothax,blackrock,255,priest,discipline,11,3,8
Æsia,archimonde,240,priest,discipline,9,4,5
Sánta,blackmoore,240,priest,discipline,9,3,6
Yourholiness,rexxar,240,priest,discipline,9,3,6
Kikoke,sanguino,240,priest,discipline,9,3,6
Блэкхэйло,gordunni,239,priest,discipline,5,3,2
Zemo,argent-dawn,239,priest,discipline,5,3,2
Tyeldine,ragnaros,239,priest,discipline,9,4,5
Паратузов,gordunni,239,priest,discipline,29,3,26
Bigspudly,sylvanas,234,priest,discipline,8,4,4
Zargoss,sylvanas,234,priest,discipline,8,4,4
Paandosa,outland,234,priest,discipline,9,4,5
Ocastia,antonidas,234,priest,discipline,10,4,6
Katwizro,hyjal,234,priest,discipline,16,6,10
Mineshadow,argent-dawn,234,priest,discipline,11,4,7
Synck,kazzak,234,priest,discipline,15,5,10
Krakjak,twisting-nether,234,priest,discipline,15,4,11
Ægirl,chamber-of-aspects,234,priest,discipline,20,4,16
Пахад,blackscar,233,priest,discipline,9,4,5
Flexelzz,argent-dawn,227,priest,discipline,18,6,12
Blúefox,malfurion,223,priest,discipline,14,3,11
Curer,stormscale,208,priest,discipline,7,3,4
Tomoty,ravencrest,208,priest,discipline,7,3,4
Angelkiss,blackmoore,192,priest,discipline,4,3,1
Dutchstuff,karazhan,192,priest,discipline,4,3,1
Zhest,nemesis,192,priest,discipline,6,2,4
Taschigi,rexxar,192,priest,discipline,6,2,4
Zackalls,hyjal,192,priest,discipline,6,2,4
Priestchonk,kazzak,192,priest,discipline,6,2,4
Qku,ravencrest,192,priest,discipline,6,2,4
Hoon,destromath,192,priest,discipline,6,2,4
Zéró,gorgonnash,192,priest,discipline,6,2,4
Dvärg,ravencrest,192,priest,discipline,6,2,4
Cptmoigx,antonidas,192,priest,discipline,6,2,4
Hormgal,blackmoore,192,priest,discipline,6,2,4
Sünray,draenor,192,priest,discipline,6,2,4
Тейдехан,howling-fjord,192,priest,discipline,6,2,4
Míriêl,blackhand,192,priest,discipline,6,2,4
Anvena,elune,192,priest,discipline,6,2,4
Nálá,nethersturm,192,priest,discipline,6,2,4
Арестович,blackscar,192,priest,discipline,6,2,4
Stanyú,tarren-mill,192,priest,discipline,6,2,4
Chópsuey,stormscale,192,priest,discipline,6,2,4
Fnfn,twisting-nether,192,priest,discipline,6,2,4
Howtoholy,outland,192,priest,discipline,6,2,4
Ølle,ravencrest,192,priest,discipline,6,2,4
Prisell,die-aldor,192,priest,discipline,6,2,4
Jell,stormscale,192,priest,discipline,6,2,4
Emabi,tarren-mill,192,priest,discipline,6,2,4
Insufrible,minahonda,192,priest,discipline,6,2,4
Starzxx,stormscale,192,priest,discipline,6,2,4
Titiqr,naxxramas,192,priest,discipline,6,2,4
Popingcht,outland,192,priest,discipline,6,2,4
Bombaylove,doomhammer,192,priest,discipline,6,2,4
Крайл,blackscar,192,priest,discipline,6,2,4
Jubinjo,hyjal,192,priest,discipline,6,2,4
Xunoq,kragjin,192,priest,discipline,6,2,4
Kironm,kazzak,192,priest,discipline,6,2,4
Pufak,kazzak,192,priest,discipline,6,2,4
Mikromuna,ragnaros,192,priest,discipline,6,2,4
Spectriums,twisting-nether,192,priest,discipline,6,2,4
Jezuz,blackhand,192,priest,discipline,6,2,4
Cjsa,die-aldor,192,priest,discipline,6,2,4
Prällë,draenor,192,priest,discipline,6,2,4
Scrotoepalle,nemesis,192,priest,discipline,6,2,4
Stazia,ravencrest,192,priest,discipline,6,2,4
Arendt,blackhand,192,priest,discipline,6,2,4
Кейсия,fordragon,192,priest,discipline,6,2,4
Menie,draenor,192,priest,discipline,6,2,4
Артэта,blackscar,192,priest,discipline,6,2,4
Winlove,outland,192,priest,discipline,6,2,4
Shaomi,eldrethalas,192,priest,discipline,6,2,4
Smoonie,tarren-mill,192,priest,discipline,6,2,4
Cannapriest,frostwolf,192,priest,discipline,6,2,4
Zârvâjh,aszune,192,priest,discipline,6,2,4
ßiloßa,kazzak,192,priest,discipline,6,2,4
Phantombride,silvermoon,192,priest,discipline,6,2,4
Sachikø,sylvanas,192,priest,discipline,6,2,4
Рэпру,galakrond,192,priest,discipline,6,2,4
Mcpriestgodx,blackrock,192,priest,discipline,6,2,4
Scalir,blackmoore,192,priest,discipline,6,2,4
Wumtris,ragnaros,192,priest,discipline,6,2,4
Adägïo,dun-modr,192,priest,discipline,6,2,4
Discolilly,tarren-mill,192,priest,discipline,6,2,4
Fadehojwnabe,the-shatar,192,priest,discipline,6,2,4
Bigpinkballs,tarren-mill,192,priest,discipline,6,2,4
Susee,nozdormu,192,priest,discipline,6,2,4
Pristara,bloodhoof,192,priest,discipline,6,2,4
Tebzy,ravencrest,192,priest,discipline,6,2,4
Giesix,frostwolf,192,priest,discipline,6,2,4
Ljushårig,argent-dawn,192,priest,discipline,6,2,4
Эволюшенхохо,soulflayer,192,priest,discipline,6,2,4
Джоностин,soulflayer,192,priest,discipline,6,2,4
Iloveadri,outland,192,priest,discipline,6,2,4
Axyze,draenor,192,priest,discipline,6,2,4
Discolata,silvermoon,192,priest,discipline,6,2,4
Saemyra,tarren-mill,192,priest,discipline,6,2,4
Quvi,frostwolf,192,priest,discipline,6,2,4
Ptöheal,zuljin,192,priest,discipline,6,2,4
Prencø,sanguino,192,priest,discipline,6,2,4
Xeay,blackrock,192,priest,discipline,6,2,4
Prîëstìtütê,doomhammer,192,priest,discipline,6,2,4
Discostu,kazzak,192,priest,discipline,6,2,4
Merk,kazzak,192,priest,discipline,6,2,4
Quencher,outland,192,priest,discipline,6,2,4
Attís,the-maelstrom,192,priest,discipline,6,2,4
Afrophobia,archimonde,192,priest,discipline,6,2,4
Sipriest,silvermoon,192,priest,discipline,6,2,4
Tinúvielle,dalaran,192,priest,discipline,6,2,4
Черныйсписок,gordunni,192,priest,discipline,6,2,4
Layster,chants-éternels,192,priest,discipline,6,2,4
Оути,gordunni,192,priest,discipline,6,2,4
Yzunaxd,ravencrest,192,priest,discipline,6,2,4
Уци,howling-fjord,192,priest,discipline,6,2,4
Zyrusen,sanguino,192,priest,discipline,6,2,4
Snøw,malorne,192,priest,discipline,6,2,4
Syths,drakthul,192,priest,discipline,6,2,4
Jupiminaj,tarren-mill,192,priest,discipline,6,2,4
Kíssme,archimonde,192,priest,discipline,6,2,4
Protege,shadowsong,192,priest,discipline,6,2,4
Maleapriest,blackhand,192,priest,discipline,6,2,4
Пристник,gordunni,192,priest,discipline,6,2,4
Draconux,terenas,192,priest,discipline,6,2,4
Leahlimit,kazzak,192,priest,discipline,6,2,4
Unreal,nagrand,192,priest,discipline,6,2,4
Scràppy,malganis,192,priest,discipline,6,2,4
Gøødfella,ravencrest,192,priest,discipline,6,2,4
Kamish,twisting-nether,192,priest,discipline,6,2,4
Tofsy,stormscale,192,priest,discipline,6,2,4
Avelynn,ravencrest,192,priest,discipline,6,2,4
Nercøtic,antonidas,192,priest,discipline,6,2,4
Curanders,sanguino,192,priest,discipline,6,2,4
Колдунская,soulflayer,192,priest,discipline,6,2,4
Yocura,dun-modr,192,priest,discipline,6,2,4
Kaamiluus,burning-legion,192,priest,discipline,6,2,4
Superogór,burning-legion,192,priest,discipline,6,2,4
Numa,stormscale,192,priest,discipline,6,2,4
Fatboyswagx,tarren-mill,192,priest,discipline,6,2,4
Sebiarchie,lightnings-blade,192,priest,discipline,6,2,4
Supwithatt,kazzak,192,priest,discipline,6,2,4
Piedl,aegwynn,192,priest,discipline,6,2,4
Wilem,sanguino,192,priest,discipline,6,2,4
Cartøøns,ravencrest,192,priest,discipline,6,2,4
Jäý,ravencrest,192,priest,discipline,6,2,4
Tokkzz,ragnaros,192,priest,discipline,6,2,4
Perrín,blackrock,192,priest,discipline,6,2,4
Aidkit,burning-legion,192,priest,discipline,6,2,4
Nekros,agamaggan,192,priest,discipline,6,2,4
Ifeared,stormscale,192,priest,discipline,6,2,4
Zaqsn,blackrock,192,priest,discipline,6,2,4
Aggroholic,kiljaeden,192,priest,discipline,6,2,4
Сёдзира,gordunni,192,priest,discipline,6,2,4
Ðænerys,silvermoon,192,priest,discipline,6,2,4
Ilhes,burning-legion,192,priest,discipline,6,2,4
Densen,burning-legion,192,priest,discipline,6,2,4
Mehhx,burning-legion,192,priest,discipline,6,2,4
Servaas,silvermoon,192,priest,discipline,6,2,4
Mlii,the-maelstrom,192,priest,discipline,6,2,4
Zoose,silvermoon,192,priest,discipline,6,2,4
Zhì,ravencrest,192,priest,discipline,6,2,4
Jheimer,twisting-nether,192,priest,discipline,6,2,4
Alamonte,darksorrow,192,priest,discipline,6,2,4
Shalabox,twisting-nether,192,priest,discipline,6,2,4
Amayko,kazzak,192,priest,discipline,6,2,4
Nathanity,tarren-mill,192,priest,discipline,6,2,4
Groaxx,ragnaros,192,priest,discipline,6,2,4
Missright,ragnaros,192,priest,discipline,6,2,4
Napriest,kazzak,192,priest,discipline,6,2,4
Myrmz,archimonde,192,priest,discipline,6,2,4
Lirrydoz,ravencrest,192,priest,discipline,6,2,4
Попистовали,soulflayer,192,priest,discipline,6,2,4
Skytheory,eredar,192,priest,discipline,6,2,4
Elëctra,vashj,192,priest,discipline,6,2,4
Mqsx,stormscale,192,priest,discipline,6,2,4
Remyy,jaedenar,192,priest,discipline,6,2,4
Grduebel,tirion,192,priest,discipline,6,2,4
Tacøgxd,ravencrest,192,priest,discipline,6,2,4
Næsty,haomarush,192,priest,discipline,6,2,4
Shalnorei,drakthul,192,priest,discipline,6,2,4
Zxø,ravencrest,192,priest,discipline,6,2,4
Ниомана,gordunni,192,priest,discipline,6,2,4
Ralaya,ravencrest,192,priest,discipline,7,2,5
Meatyshaft,doomhammer,192,priest,discipline,11,3,8
Snickwomen,silvermoon,192,priest,discipline,8,2,6
Иванвай,soulflayer,192,priest,discipline,9,2,7
Whiskydos,zuljin,192,priest,discipline,9,2,7
Stroggftw,archimonde,192,priest,discipline,9,2,7
Dranekâ,argent-dawn,192,priest,discipline,11,2,9
Shadowp,aegwynn,192,priest,discipline,12,2,10
Balan,argent-dawn,192,priest,discipline,12,2,10
Shacoat,draenor,192,priest,discipline,12,2,10
Sevinho,twisting-nether,192,priest,discipline,12,2,10
Notatrap,outland,192,priest,discipline,12,2,10
Prostamolle,conseil-des-ombres,192,priest,discipline,12,2,10
Legen,grim-batol,192,priest,discipline,12,2,10
Miind,tarren-mill,192,priest,discipline,12,2,10
Trickfulzqt,stormscale,192,priest,discipline,12,2,10
Holzí,frostmourne,192,priest,discipline,12,2,10
Chenandler,aggra-português,192,priest,discipline,12,2,10
Zubrowkâ,kazzak,192,priest,discipline,12,2,10
Æxø,draenor,192,priest,discipline,12,2,10
Zugglina,tarren-mill,192,priest,discipline,12,2,10
Chevappi,turalyon,192,priest,discipline,12,2,10
Petjouli,darksorrow,192,priest,discipline,12,2,10
Sybred,tarren-mill,192,priest,discipline,12,2,10
Zêlða,ravencrest,192,priest,discipline,12,2,10
Сиронис,gordunni,192,priest,discipline,12,2,10
Ulfsarkaom,turalyon,192,priest,discipline,12,2,10
Xlia,argent-dawn,192,priest,discipline,12,2,10
Tartaroula,twisting-nether,192,priest,discipline,12,2,10
Skidmigimund,silvermoon,192,priest,discipline,12,2,10
Xblue,outland,192,priest,discipline,12,2,10
Boarheals,blackmoore,192,priest,discipline,12,2,10
Darthdots,outland,192,priest,discipline,12,2,10
Poqer,silvermoon,192,priest,discipline,12,2,10
Chizu,alakir,192,priest,discipline,12,2,10
Xhortas,thrall,192,priest,discipline,18,2,16
Zinary,silvermoon,192,priest,discipline,18,2,16
Hanic,kazzak,2326,priest,shadow,92,57,35
Permafeetup,aegwynn,2324,priest,shadow,102,59,43
Shåmssv,kazzak,2248,priest,shadow,84,48,36
Медовыедотки,soulflayer,2243,priest,shadow,125,67,58
Darthlie,draenor,2241,priest,shadow,124,66,58
Хедмэнмвп,gordunni,2241,priest,shadow,180,93,87
Yggdra,ragnaros,2229,priest,shadow,66,44,22
Dbeezy,tarren-mill,2217,priest,shadow,100,53,47
Польскийбуль,gordunni,2215,priest,shadow,96,53,43
Cheesecake,defias-brotherhood,2202,priest,shadow,102,58,44
Syedi,drakthul,2195,priest,shadow,273,135,138
Standtall,blackrock,2183,priest,shadow,132,72,60
Tentoumushi,ravencrest,2153,priest,shadow,72,42,30
Rrj,ravencrest,2152,priest,shadow,94,58,36
Dollyboo,tarren-mill,2152,priest,shadow,125,77,48
Ilovemycat,silvermoon,2152,priest,shadow,78,47,31
Безрассудица,howling-fjord,2147,priest,shadow,91,49,42
Crainoo,ravencrest,2137,priest,shadow,158,80,78
Blacktrain,burning-blade,2136,priest,shadow,118,60,58
Сделайсам,gordunni,2133,priest,shadow,105,59,46
Даняпампгодх,soulflayer,2131,priest,shadow,187,95,92
Notsoholy,blackmoore,2124,priest,shadow,108,59,49
Mérce,kazzak,2123,priest,shadow,78,43,35
Nousey,twisting-nether,2120,priest,shadow,137,77,60
Stjärtsten,tarren-mill,2118,priest,shadow,231,132,99
Xsß,dun-modr,2116,priest,shadow,107,59,48
Èxtêrmìnätör,kazzak,2114,priest,shadow,84,47,37
Шадоупуз,soulflayer,2114,priest,shadow,95,50,45
Voidfi,kult-der-verdammten,2111,priest,shadow,114,64,50
Rzkp,eredar,2110,priest,shadow,93,50,43
Deathlý,blackrock,2110,priest,shadow,96,51,45
Yuzuflex,hyjal,2110,priest,shadow,81,43,38
Даняпимпгадх,soulflayer,2109,priest,shadow,72,45,27
Thanatae,kazzak,2105,priest,shadow,85,50,35
Sphero,earthen-ring,2101,priest,shadow,130,73,57
Ekkfwiedrice,ragnaros,2084,priest,shadow,96,54,42
Bidraget,ravencrest,2083,priest,shadow,94,57,37
Purpl,tarren-mill,2076,priest,shadow,138,75,63
Devoura,sylvanas,2056,priest,shadow,66,39,27
Walterwhite,stormscale,2052,priest,shadow,84,42,42
Ottii,thrall,2046,priest,shadow,95,56,39
Liptonolda,blackhand,2046,priest,shadow,130,70,60
Pu,outland,2039,priest,shadow,90,43,47
Миладиель,gordunni,2034,priest,shadow,113,58,55
Zodzín,ragnaros,2023,priest,shadow,60,30,30
Zoodiacp,blackrock,2018,priest,shadow,94,46,48
Хьёх,blackscar,2015,priest,shadow,66,41,25
Mímou,kazzak,2014,priest,shadow,83,52,31
Sinthaa,mannoroth,2012,priest,shadow,66,33,33
Raikup,ravencrest,2011,priest,shadow,65,30,35
Destinyhero,aegwynn,2007,priest,shadow,87,44,43
Bréézee,ravencrest,2004,priest,shadow,95,49,46
Dippy,blackrock,2003,priest,shadow,54,32,22
Zhadum,stormscale,2000,priest,shadow,136,72,64
Pepeshadow,twisting-nether,2000,priest,shadow,123,62,61
Infuséd,aegwynn,1989,priest,shadow,60,32,28
Randyrhoads,kazzak,1988,priest,shadow,53,31,22
Rzktwo,eredar,1988,priest,shadow,59,33,26
Бвонсаамди,soulflayer,1988,priest,shadow,149,81,68
Nabøøbies,blackmoore,1986,priest,shadow,68,39,29
Sethÿr,sanguino,1983,priest,shadow,150,78,72
Talbatex,blackmoore,1983,priest,shadow,72,35,37
Swdjkbad,kazzak,1982,priest,shadow,66,37,29
Minblock,sanguino,1979,priest,shadow,126,65,61
Slimcharles,ravencrest,1969,priest,shadow,161,89,72
Akibom,drakthul,1963,priest,shadow,83,49,34
Rnkz,sanguino,1961,priest,shadow,66,41,25
Melábufeis,dun-modr,1960,priest,shadow,66,39,27
Elnyashka,ravencrest,1957,priest,shadow,66,46,20
Bluxon,kazzak,1955,priest,shadow,125,74,51
Moretti,ravencrest,1953,priest,shadow,54,32,22
Justtpro,twisting-nether,1952,priest,shadow,181,105,76
Qoryn,ravencrest,1952,priest,shadow,66,38,28
Rýzera,aegwynn,1950,priest,shadow,36,25,11
Velence,ravencrest,1946,priest,shadow,71,45,26
Енотхд,soulflayer,1946,priest,shadow,84,45,39
Prøphetx,thrall,1946,priest,shadow,159,82,77
Синфал,blackscar,1941,priest,shadow,203,99,104
Dhurza,shendralar,1938,priest,shadow,66,39,27
Duzurîx,burning-blade,1938,priest,shadow,54,29,25
Infernión,tarren-mill,1934,priest,shadow,54,31,23
Djalex,ravencrest,1934,priest,shadow,71,40,31
Rãpidi,hyjal,1932,priest,shadow,89,56,33
Buøbuarns,sanguino,1930,priest,shadow,63,31,32
Айсиоу,howling-fjord,1929,priest,shadow,42,26,16
Léandrä,magtheridon,1927,priest,shadow,90,45,45
Бхонсамди,blackscar,1926,priest,shadow,95,57,38
Yoe,twisting-nether,1921,priest,shadow,60,31,29
Estragon,quelthalas,1912,priest,shadow,75,40,35
Angsty,blackrock,1910,priest,shadow,75,39,36
Huffle,argent-dawn,1909,priest,shadow,33,25,8
Lâughing,ravencrest,1905,priest,shadow,111,58,53
Термидор,booty-bay,1903,priest,shadow,107,66,41
Heal,hyjal,1900,priest,shadow,248,137,111
Некрозмх,soulflayer,1899,priest,shadow,30,20,10
Hansmaul,thrall,1897,priest,shadow,36,20,16
Voldemort,blackrock,1894,priest,shadow,36,23,13
Cornflays,outland,1894,priest,shadow,49,29,20
Waltergoblin,sylvanas,1893,priest,shadow,24,20,4
Døubtful,kazzak,1890,priest,shadow,36,20,16
Эсдаль,howling-fjord,1889,priest,shadow,60,41,19
Shádówý,kazzak,1889,priest,shadow,36,20,16
Ûñträînablê,outland,1882,priest,shadow,60,42,18
Genjutzux,kazzak,1882,priest,shadow,54,32,22
Vaccineboost,silvermoon,1882,priest,shadow,96,44,52
Heffer,outland,1880,priest,shadow,99,61,38
Drarianna,nemesis,1868,priest,shadow,30,22,8
Vilayetko,ravencrest,1868,priest,shadow,48,25,23
Knútx,stormscale,1867,priest,shadow,60,30,30
Râvyn,silvermoon,1866,priest,shadow,44,35,9
Pandacore,frostmane,1864,priest,shadow,54,28,26
Simôc,eredar,1864,priest,shadow,66,34,32
Weekfortyone,blackhand,1864,priest,shadow,56,27,29
Billybay,argent-dawn,1863,priest,shadow,32,28,4
Perché,silvermoon,1863,priest,shadow,54,39,15
Voideffsucks,stormscale,1863,priest,shadow,30,21,9
Actionjezuz,shattered-hand,1861,priest,shadow,54,33,21
Zuhä,twisting-nether,1861,priest,shadow,60,34,26
Moonword,archimonde,1859,priest,shadow,36,21,15
Xayona,argent-dawn,1858,priest,shadow,54,26,28
Криптика,soulflayer,1856,priest,shadow,48,30,18
Ølle,ravencrest,1856,priest,shadow,78,48,30
Milkysmite,twisting-nether,1856,priest,shadow,52,32,20
Ансор,lich-king,1856,priest,shadow,89,50,39
Iodjsaiojoij,kazzak,1856,priest,shadow,54,30,24
Rockness,blackmoore,1854,priest,shadow,137,91,46
Ptxd,alakir,1853,priest,shadow,64,38,26
Donenigma,stormscale,1852,priest,shadow,78,49,29
Demølishes,ravencrest,1852,priest,shadow,48,30,18
Liloz,eredar,1852,priest,shadow,59,34,25
Milania,ravencrest,1851,priest,shadow,42,33,9
Physxd,blackrock,1848,priest,shadow,36,28,8
Ageyr,ragnaros,1848,priest,shadow,89,57,32
Dingopriest,blackrock,1848,priest,shadow,78,46,32
Either,kazzak,1848,priest,shadow,65,36,29
Mafiasnipers,ravencrest,1847,priest,shadow,36,21,15
Blindöts,tarren-mill,1847,priest,shadow,47,27,20
Rýzera,tarren-mill,1847,priest,shadow,35,20,15
Animesenpai,kazzak,1847,priest,shadow,60,32,28
Versio,dalvengyr,1847,priest,shadow,54,28,26
Akolyte,blackmoore,1843,priest,shadow,36,22,14
Trisks,ravencrest,1843,priest,shadow,34,20,14
Voidgodx,blackrock,1842,priest,shadow,41,24,17
Пристатеист,howling-fjord,1842,priest,shadow,72,35,37
Gymbró,kazzak,1841,priest,shadow,60,33,27
Arendt,blackhand,1837,priest,shadow,48,29,19
Птумерианец,gordunni,1836,priest,shadow,58,33,25
Johnnybanana,argent-dawn,1835,priest,shadow,36,26,10
Sepharis,runetotem,1835,priest,shadow,191,114,77
Sadix,ravencrest,1835,priest,shadow,66,38,28
Mýxir,burning-legion,1834,priest,shadow,89,45,44
Ымц,gordunni,1834,priest,shadow,78,39,39
Ezlife,blackrock,1832,priest,shadow,78,42,36
Холихэйт,howling-fjord,1831,priest,shadow,51,30,21
Bönfire,silvermoon,1831,priest,shadow,277,133,144
Shadowmate,silvermoon,1829,priest,shadow,56,31,25
Tupal,ysondre,1829,priest,shadow,78,43,35
Schmetter,tarren-mill,1829,priest,shadow,65,29,36
Мистериум,howling-fjord,1828,priest,shadow,83,49,34
Selëne,blackrock,1827,priest,shadow,72,43,29
Megamann,dun-morogh,1827,priest,shadow,54,32,22
Sÿrax,ysondre,1827,priest,shadow,61,34,27
Игорянатакуе,eversong,1826,priest,shadow,154,86,68
Rakamain,ravencrest,1825,priest,shadow,48,31,17
Zindrix,silvermoon,1825,priest,shadow,84,50,34
Anateoris,turalyon,1825,priest,shadow,76,43,33
Gorholm,argent-dawn,1825,priest,shadow,105,57,48
Quezaris,stormscale,1825,priest,shadow,48,23,25
Cantsqell,silvermoon,1823,priest,shadow,48,34,14
Cnsnn,ysondre,1823,priest,shadow,114,76,38
Тарренмилл,gordunni,1822,priest,shadow,92,53,39
Староезло,gordunni,1821,priest,shadow,68,33,35
Yirico,argent-dawn,1820,priest,shadow,47,31,16
Blóódfart,kazzak,1819,priest,shadow,89,43,46
Marbellexd,pozzo-delleternità,1818,priest,shadow,157,91,66
Voidshuffle,laughing-skull,1818,priest,shadow,42,24,18
Jeppehpräst,stormscale,1817,priest,shadow,66,40,26
Omedo,stormscale,1816,priest,shadow,36,19,17
Cathrix,kazzak,1815,priest,shadow,60,36,24
Backpedaling,kazzak,1815,priest,shadow,84,42,42
Theunknown,thrall,1814,priest,shadow,42,30,12
Bigdogone,arathor,1814,priest,shadow,48,29,19
Genjutzu,kazzak,1814,priest,shadow,36,19,17
Cutepangolin,khaz-modan,1813,priest,shadow,42,29,13
Stèálth,sylvanas,1812,priest,shadow,24,19,5
Luvlyrah,draenor,1812,priest,shadow,81,52,29
Namsolo,kazzak,1811,priest,shadow,78,42,36
Shuturmouth,ravencrest,1810,priest,shadow,78,46,32
Shiannâ,malganis,1810,priest,shadow,44,24,20
Skillmåsterx,ravencrest,1810,priest,shadow,54,29,25
Maryhugette,archimonde,1810,priest,shadow,138,67,71
Drvoidit,blackrock,1809,priest,shadow,48,28,20
Magicstarss,the-maelstrom,1809,priest,shadow,78,42,36
Necrofeel,silvermoon,1807,priest,shadow,30,20,10
Meatyshaft,doomhammer,1807,priest,shadow,99,64,35
Salkerer,stormscale,1807,priest,shadow,30,19,11
Stümpý,ravencrest,1807,priest,shadow,52,29,23
Lr,aszune,1806,priest,shadow,36,25,11
Синатро,deathguard,1806,priest,shadow,190,119,71
Debbski,tarren-mill,1806,priest,shadow,48,30,18
Becknarbritt,stormscale,1806,priest,shadow,238,136,102
Yêl,thrall,1806,priest,shadow,213,119,94
Snarks,sylvanas,1806,priest,shadow,36,20,16
Claritycraft,twisting-nether,1805,priest,shadow,36,22,14
Galatea,les-sentinelles,1805,priest,shadow,78,44,34
Shadowvoice,outland,1804,priest,shadow,36,25,11
Vajainap,outland,1804,priest,shadow,30,19,11
Nanna,agamaggan,1804,priest,shadow,120,60,60
Solaclypsa,destromath,1803,priest,shadow,36,26,10
Mataî,kazzak,1803,priest,shadow,84,49,35
Jpd,outland,1803,priest,shadow,48,25,23
Aliocha,dalaran,1803,priest,shadow,48,24,24
Stazia,ravencrest,1802,priest,shadow,36,22,14
Alfredosauce,ravencrest,1802,priest,shadow,58,31,27
Margots,kazzak,1802,priest,shadow,42,22,20
Mizulol,ravencrest,1801,priest,shadow,80,42,38
Akroama,archimonde,1801,priest,shadow,92,46,46
Maedhrós,ravencrest,1800,priest,shadow,30,24,6
Sleypriest,draenor,1800,priest,shadow,48,32,16
Lostcause,alakir,1799,priest,shadow,60,38,22
Pizzagigante,kazzak,1796,priest,shadow,48,29,19
Nyotux,blackrock,1794,priest,shadow,72,47,25
Homxcxde,ravencrest,1794,priest,shadow,42,24,18
Djops,outland,1792,priest,shadow,78,41,37
Depridolens,argent-dawn,1791,priest,shadow,31,20,11
Raisedbyrap,blackrock,1791,priest,shadow,60,33,27
Kujiua,ravencrest,1790,priest,shadow,124,69,55
Dianaxd,dun-modr,1785,priest,shadow,35,23,12
Lebronjay,ravencrest,1785,priest,shadow,88,48,40
Babarøga,blackrock,1783,priest,shadow,47,28,19
Zabpriest,blackhand,1782,priest,shadow,54,31,23
Fläschheal,aegwynn,1781,priest,shadow,36,24,12
Свдпрох,soulflayer,1781,priest,shadow,51,26,25
Erenndriel,twisting-nether,1777,priest,shadow,102,57,45
Zeythz,ravencrest,1773,priest,shadow,168,95,73
Theoniss,draenor,1771,priest,shadow,113,63,50
Tremrfinger,dun-modr,1769,priest,shadow,98,53,45
Adub,tarren-mill,1769,priest,shadow,48,25,23
Трейдарк,blackscar,1769,priest,shadow,54,28,26
Yaboyboompie,blackrock,1769,priest,shadow,60,27,33
Schizophrens,outland,1766,priest,shadow,48,28,20
Vibéz,outland,1765,priest,shadow,48,24,24
Garycash,outland,1762,priest,shadow,111,57,54
Fakecastguru,ravencrest,1761,priest,shadow,66,37,29
Dreamhatcher,deathwing,1760,priest,shadow,78,42,36
Darthmantle,silvermoon,1758,priest,shadow,59,29,30
Magicalme,kult-der-verdammten,1756,priest,shadow,36,22,14
Kylähullu,ravencrest,1756,priest,shadow,74,41,33
Ninjajane,sylvanas,1753,priest,shadow,53,32,21
Фиброз,blackscar,1751,priest,shadow,114,67,47
Carmechanic,defias-brotherhood,1751,priest,shadow,72,39,33
Иннрей,soulflayer,1751,priest,shadow,69,29,40
Spamplague,stormscale,1748,priest,shadow,60,33,27
Andreel,ravencrest,1744,priest,shadow,84,45,39
Voodkaa,drakthul,1743,priest,shadow,69,42,27
Spherics,ravencrest,1743,priest,shadow,54,27,27
Staljon,burning-legion,1742,priest,shadow,54,32,22
Anabølix,ravencrest,1741,priest,shadow,48,27,21
Ecquidozx,ravencrest,1741,priest,shadow,35,19,16
Sakuyasp,blackrock,1740,priest,shadow,174,89,85
Räke,blackrock,1738,priest,shadow,60,27,33
Hypnocat,blackrock,1735,priest,shadow,46,26,20
Leckpriest,sanguino,1734,priest,shadow,70,42,28
Lindp,stormreaver,1732,priest,shadow,66,42,24
Wixzyx,ravencrest,1732,priest,shadow,48,26,22
Daspyen,silvermoon,1731,priest,shadow,61,35,26
Hasa,stormreaver,1730,priest,shadow,66,36,30
Xiä,archimonde,1730,priest,shadow,66,33,33
Smxkÿÿ,eredar,1729,priest,shadow,36,25,11
Zhyn,turalyon,1729,priest,shadow,110,65,45
Ounxx,blackrock,1727,priest,shadow,41,27,14
Mackings,the-maelstrom,1727,priest,shadow,124,68,56
Geløpr,eredar,1724,priest,shadow,51,32,19
Казуямисима,gordunni,1723,priest,shadow,170,93,77
Ксерф,soulflayer,1723,priest,shadow,114,58,56
Flexzpriest,destromath,1720,priest,shadow,108,58,50
Кломми,gordunni,1718,priest,shadow,84,45,39
Klosso,anachronos,1718,priest,shadow,214,102,112
Ктулсотум,soulflayer,1717,priest,shadow,46,28,18
Newkidx,draenor,1717,priest,shadow,30,18,12
Перекованный,soulflayer,1716,priest,shadow,129,69,60
Barthólomew,doomhammer,1715,priest,shadow,79,43,36
Всезнайка,soulflayer,1715,priest,shadow,114,61,53
Manofonéway,outland,1712,priest,shadow,30,18,12
Æßsåløønå,la-croisade-écarlate,1712,priest,shadow,30,18,12
Скайвэйуокер,howling-fjord,1712,priest,shadow,71,42,29
Skeida,bloodhoof,1707,priest,shadow,53,25,28
Dakotapriest,ravencrest,1706,priest,shadow,30,18,12
Dümbledore,aggra-português,1704,priest,shadow,24,18,6
Hoesfavorite,onyxia,1704,priest,shadow,60,39,21
Voidlink,kazzak,1704,priest,shadow,36,21,15
Tbs,sylvanas,1704,priest,shadow,83,48,35
Zultor,ragnaros,1704,priest,shadow,37,20,17
Facemeltina,kiljaeden,1704,priest,shadow,36,18,18
Ankî,aegwynn,1703,priest,shadow,84,44,40
Sheto,burning-legion,1703,priest,shadow,156,80,76
Cthultist,dun-modr,1703,priest,shadow,54,26,28
Helín,hellfire,1702,priest,shadow,84,48,36
Heilsarmee,blackhand,1702,priest,shadow,107,53,54
Соргоху,gordunni,1695,priest,shadow,54,32,22
Ondskabsfuld,kazzak,1694,priest,shadow,42,20,22
Kamish,twisting-nether,1690,priest,shadow,138,74,64
Rumbo,lightnings-blade,1689,priest,shadow,59,34,25
Imaut,emerald-dream,1689,priest,shadow,56,31,25
Uselessxasel,sanguino,1687,priest,shadow,42,23,19
Iessei,outland,1687,priest,shadow,78,39,39
Whynolove,ragnaros,1685,priest,shadow,83,56,27
Miruh,malganis,1685,priest,shadow,137,88,49
Офелла,howling-fjord,1684,priest,shadow,371,197,174
Mehtz,ravencrest,1684,priest,shadow,226,112,114
Rubín,sylvanas,1683,priest,shadow,44,28,16
Rasha,kazzak,1683,priest,shadow,68,39,29
Víppe,stormreaver,1682,priest,shadow,53,32,21
Sleeg,tarren-mill,1681,priest,shadow,35,19,16
Waina,defias-brotherhood,1679,priest,shadow,54,24,30
Файерин,soulflayer,1676,priest,shadow,48,21,27
Eupz,argent-dawn,1675,priest,shadow,44,25,19
Shøana,archimonde,1675,priest,shadow,48,18,30
Диспайзх,gordunni,1673,priest,shadow,48,24,24
Raspberrypíe,silvermoon,1672,priest,shadow,84,49,35
Христианин,gordunni,1671,priest,shadow,84,49,35
Peprama,stormscale,1670,priest,shadow,66,39,27
Papie,kazzak,1670,priest,shadow,42,23,19
Tsunadesaama,silvermoon,1668,priest,shadow,63,32,31
Levitation,alakir,1665,priest,shadow,72,42,30
Raitwo,kazzak,1663,priest,shadow,101,55,46
Jóhnnybravó,kazzak,1662,priest,shadow,34,23,11
Клаима,soulflayer,1662,priest,shadow,59,34,25
Ревентонх,howling-fjord,1662,priest,shadow,166,92,74
Goodsuck,tarren-mill,1662,priest,shadow,54,29,25
Snoopý,dun-modr,1662,priest,shadow,84,45,39
Tosem,antonidas,1661,priest,shadow,30,19,11
Ансарм,gordunni,1661,priest,shadow,134,73,61
Sandcastles,ravencrest,1659,priest,shadow,90,58,32
Киндзер,blackscar,1658,priest,shadow,54,29,25
Buffholy,dun-modr,1657,priest,shadow,66,39,27
Strunkiin,defias-brotherhood,1656,priest,shadow,108,60,48
Mojibien,burning-legion,1656,priest,shadow,128,71,57
Dotreveal,ravencrest,1656,priest,shadow,42,23,19
Пурпле,soulflayer,1655,priest,shadow,41,18,23
Anexxia,outland,1654,priest,shadow,42,20,22
Healzonwiilz,tarren-mill,1652,priest,shadow,30,18,12
Финдовский,gordunni,1649,priest,shadow,102,54,48
Ruhe,silvermoon,1648,priest,shadow,48,27,21
Morseeii,baelgun,1648,priest,shadow,36,19,17
Cdplz,archimonde,1647,priest,shadow,30,20,10
Malaíka,silvermoon,1645,priest,shadow,41,25,16
Atahalni,argent-dawn,1644,priest,shadow,156,71,85
Djariisimp,tarren-mill,1643,priest,shadow,36,21,15
Babarøqa,blackmoore,1642,priest,shadow,208,110,98
Spklooril,hyjal,1642,priest,shadow,307,157,150
Rházael,blackrock,1642,priest,shadow,42,20,22
Weebi,silvermoon,1640,priest,shadow,65,39,26
Milo,argent-dawn,1640,priest,shadow,102,61,41
Bownsamdi,tarren-mill,1640,priest,shadow,39,23,16
Jacep,kazzak,1639,priest,shadow,36,23,13
Priestfive,stormscale,1638,priest,shadow,48,28,20
Aaj,twisting-nether,1638,priest,shadow,57,29,28
Rakkha,ravencrest,1638,priest,shadow,81,41,40
Mikizu,die-aldor,1638,priest,shadow,42,21,21
Momomomomomo,blackrock,1637,priest,shadow,118,61,57
Djzerøgodx,frostwolf,1637,priest,shadow,41,18,23
Dezerta,nozdormu,1636,priest,shadow,74,39,35
Undefined,chamber-of-aspects,1634,priest,shadow,40,28,12
Øxytøcin,ravencrest,1634,priest,shadow,127,66,61
Shreedx,stormscale,1633,priest,shadow,42,26,16
Lênax,arthas,1633,priest,shadow,40,23,17
Cifhilis,ravencrest,1633,priest,shadow,48,24,24
Дикаях,gordunni,1633,priest,shadow,106,51,55
Sosûke,archimonde,1631,priest,shadow,36,22,14
Jaimë,ravencrest,1630,priest,shadow,30,17,13
Kêrrýgold,blackrock,1630,priest,shadow,103,58,45
Ðanilox,dun-modr,1629,priest,shadow,24,17,7
Baldracca,shendralar,1628,priest,shadow,108,58,50
Ахаххааха,gordunni,1628,priest,shadow,60,32,28
Framesxøxø,ravencrest,1627,priest,shadow,42,24,18
Билетлолпро,borean-tundra,1627,priest,shadow,30,17,13
Charmebolzen,blackrock,1626,priest,shadow,54,29,25
Марриаза,blackscar,1625,priest,shadow,48,23,25
Affex,tarren-mill,1622,priest,shadow,30,18,12
Tacøgxd,ravencrest,1621,priest,shadow,30,21,9
Luphriest,ravencrest,1621,priest,shadow,36,17,19
Brøwnyez,zuljin,1620,priest,shadow,66,31,35
Asterixsu,sylvanas,1619,priest,shadow,36,25,11
Malip,ragnaros,1619,priest,shadow,39,19,20
Амбрелка,fordragon,1617,priest,shadow,193,98,95
Toesxcker,stormscale,1616,priest,shadow,35,21,14
Priestazie,madmortem,1616,priest,shadow,96,57,39
Lløthx,ravencrest,1616,priest,shadow,30,17,13
Педрец,howling-fjord,1616,priest,shadow,60,32,28
Cielavinja,aszune,1616,priest,shadow,44,23,21
Mukkin,tarren-mill,1614,priest,shadow,60,35,25
Knoffp,blackhand,1614,priest,shadow,72,41,31
Neitter,zuljin,1613,priest,shadow,72,40,32
Azæriø,rashgarroth,1613,priest,shadow,71,37,34
Widdlprest,sylvanas,1613,priest,shadow,36,17,19
Svettvrede,sylvanas,1613,priest,shadow,75,35,40
Marsheil,blackhand,1612,priest,shadow,54,31,23
Asträlaws,archimonde,1611,priest,shadow,64,34,30
Ihu,nazjatar,1611,priest,shadow,131,62,69
Essumies,stormreaver,1610,priest,shadow,38,26,12
Bigblackdot,grim-batol,1610,priest,shadow,30,17,13
Адскийприст,gordunni,1610,priest,shadow,36,17,19
Insanious,skullcrusher,1609,priest,shadow,30,17,13
Петушшара,gordunni,1609,priest,shadow,39,17,22
Флэшх,soulflayer,1607,priest,shadow,46,27,19
Tùcøcø,archimonde,1607,priest,shadow,48,21,27
Hòllymèdx,blackmoore,1605,priest,shadow,33,21,12
Waycrest,ravencrest,1605,priest,shadow,71,45,26
Æäõ,turalyon,1604,priest,shadow,36,19,17
Violatio,aegwynn,1603,priest,shadow,64,37,27
Trancemaster,dun-modr,1602,priest,shadow,30,18,12
Sunehxp,blackrock,1602,priest,shadow,47,20,27
Basicpr,ravencrest,1601,priest,shadow,45,30,15
Sudeki,blackmoore,1601,priest,shadow,42,20,22
Satin,twilights-hammer,1600,priest,shadow,33,21,12
Fueguchi,anubarak,1600,priest,shadow,30,18,12
Caera,blackrock,1600,priest,shadow,36,21,15
Toba,hellscream,1600,priest,shadow,42,23,19
Syam,dun-morogh,1600,priest,shadow,42,17,25
Fandac,sylvanas,1598,priest,shadow,36,20,16
Everdark,twisting-nether,1598,priest,shadow,172,92,80
Terrored,ravencrest,1598,priest,shadow,48,20,28
Энвиньяттар,howling-fjord,1597,priest,shadow,47,32,15
Llothx,ravencrest,1597,priest,shadow,62,34,28
Lavidu,antonidas,1597,priest,shadow,48,26,22
Трубишоп,howling-fjord,1595,priest,shadow,88,43,45
Энмунд,borean-tundra,1590,priest,shadow,96,60,36
Vatikanet,ravencrest,1589,priest,shadow,87,52,35
Pombär,ragnaros,1587,priest,shadow,54,36,18
Jønnybanana,blackrock,1587,priest,shadow,33,18,15
Wérrýxs,kazzak,1586,priest,shadow,60,37,23
Genthus,kazzak,1586,priest,shadow,78,41,37
Axelbre,blackrock,1585,priest,shadow,30,19,11
Faminé,outland,1584,priest,shadow,65,29,36
Vaßpera,tarren-mill,1582,priest,shadow,81,43,38
Megajuicy,blackmoore,1581,priest,shadow,216,114,102
Lowisa,sylvanas,1580,priest,shadow,76,45,31
Jonig,blackmoore,1580,priest,shadow,48,24,24
Imøteph,ragnaros,1579,priest,shadow,77,44,33
Cryptoflame,silvermoon,1579,priest,shadow,45,25,20
Lilakaii,chamber-of-aspects,1578,priest,shadow,98,53,45
Sakanade,twisting-nether,1576,priest,shadow,42,34,8
Mirill,tarren-mill,1576,priest,shadow,36,20,16
Milamati,kazzak,1576,priest,shadow,60,28,32
Basxcbxtchx,ravencrest,1575,priest,shadow,30,19,11
Sebbepriest,twisting-nether,1572,priest,shadow,167,91,76
Phplaravel,tarren-mill,1568,priest,shadow,63,31,32
Solaní,antonidas,1567,priest,shadow,132,72,60
Филяфан,gordunni,1565,priest,shadow,60,30,30
Fearocity,outland,1564,priest,shadow,36,20,16
Ephara,outland,1562,priest,shadow,53,29,24
Insaniro,argent-dawn,1562,priest,shadow,66,34,32
Kimosabee,kazzak,1560,priest,shadow,42,21,21
Ittei,stormscale,1558,priest,shadow,45,33,12
Рэнфан,fordragon,1558,priest,shadow,52,35,17
Cykdwojeczka,burning-legion,1558,priest,shadow,72,36,36
Nûtqt,archimonde,1558,priest,shadow,70,35,35
Vavulya,blackhand,1557,priest,shadow,111,62,49
Absolution,stormscale,1557,priest,shadow,215,114,101
Kwolinger,norgannon,1557,priest,shadow,48,23,25
Эззи,soulflayer,1556,priest,shadow,90,50,40
Бомжскадилом,gordunni,1556,priest,shadow,72,39,33
Shivaja,aegwynn,1555,priest,shadow,30,17,13
Kiesp,tarren-mill,1555,priest,shadow,144,73,71
Pipf,blackmoore,1553,priest,shadow,30,18,12
Seneth,twisting-nether,1553,priest,shadow,60,31,29
Malisna,argent-dawn,1551,priest,shadow,29,17,12
Xangha,burning-legion,1551,priest,shadow,72,41,31
Chinko,blackmoore,1550,priest,shadow,60,39,21
Corruptx,ysondre,1550,priest,shadow,36,18,18
Sanebassoff,kazzak,1549,priest,shadow,160,91,69
Anathemas,draenor,1548,priest,shadow,42,30,12
Baihoi,twilights-hammer,1544,priest,shadow,84,53,31
Coupdekaraté,sylvanas,1543,priest,shadow,36,18,18
Xooxl,ragnaros,1542,priest,shadow,102,60,42
Inferius,shadowsong,1542,priest,shadow,46,18,28
Hâicu,antonidas,1540,priest,shadow,60,38,22
Кхэрри,goldrinn,1540,priest,shadow,30,19,11
Амгар,galakrond,1540,priest,shadow,125,69,56
Holyshadów,azjolnerub,1539,priest,shadow,71,37,34
Unerfedsp,archimonde,1539,priest,shadow,100,47,53
Warplague,argent-dawn,1539,priest,shadow,42,19,23
Hellscon,kazzak,1538,priest,shadow,125,62,63
Pedopräst,stormscale,1537,priest,shadow,38,25,13
Sweetepi,blackmoore,1537,priest,shadow,36,18,18
Саксесфул,howling-fjord,1535,priest,shadow,97,53,44
Babydark,ravencrest,1535,priest,shadow,30,16,14
Ankhh,bloodscalp,1535,priest,shadow,90,42,48
Apèx,blackrock,1535,priest,shadow,40,18,22
Bøts,ravencrest,1534,priest,shadow,55,27,28
Quezaris,kazzak,1533,priest,shadow,18,16,2
Kantar,ragnaros,1533,priest,shadow,70,38,32
Tekdogx,blackmoore,1533,priest,shadow,36,16,20
Putríd,sylvanas,1532,priest,shadow,30,19,11
Zekonja,doomhammer,1532,priest,shadow,82,42,40
Skypray,burning-legion,1530,priest,shadow,89,46,43
Kightz,twisting-nether,1530,priest,shadow,63,32,31
Ðrwiz,ravencrest,1528,priest,shadow,30,16,14
Mightyfool,aegwynn,1527,priest,shadow,90,45,45
Zayden,ragnaros,1527,priest,shadow,65,31,34
Xyo,alleria,1527,priest,shadow,48,22,26
Мишатемный,gordunni,1526,priest,shadow,42,25,17
Thmas,outland,1525,priest,shadow,71,32,39
Psycos,kazzak,1523,priest,shadow,66,33,33
Shyvi,ravencrest,1521,priest,shadow,24,16,8
Прыст,howling-fjord,1519,priest,shadow,24,16,8
Nahyra,dalaran,1519,priest,shadow,113,58,55
Priestgrade,darkspear,1517,priest,shadow,30,16,14
Chrønös,hyjal,1517,priest,shadow,131,68,63
Rynsym,ravencrest,1517,priest,shadow,47,20,27
Umbralx,ragnaros,1513,priest,shadow,77,45,32
Selaria,magtheridon,1512,priest,shadow,30,16,14
Kellen,burning-blade,1511,priest,shadow,257,138,119
Daisyduke,veknilash,1511,priest,shadow,30,16,14
Fumiiko,stormscale,1511,priest,shadow,50,20,30
Beasteaksx,thrall,1510,priest,shadow,30,17,13
Jingling,kazzak,1509,priest,shadow,24,16,8
Zászàsmaster,kazzak,1509,priest,shadow,96,55,41
Morsy,alleria,1509,priest,shadow,44,23,21
Beonin,tarren-mill,1508,priest,shadow,43,26,17
Hemaplex,dun-modr,1508,priest,shadow,35,21,14
Hiyahen,silvermoon,1507,priest,shadow,36,23,13
Cylantharia,eredar,1506,priest,shadow,30,16,14
Hælmenøw,archimonde,1504,priest,shadow,48,26,22
Ormarn,twisting-nether,1503,priest,shadow,48,28,20
Dyshexia,bronze-dragonflight,1503,priest,shadow,78,39,39
Деплитфофан,gordunni,1502,priest,shadow,83,50,33
Brighty,sylvanas,1502,priest,shadow,108,56,52
Shadowplay,theradras,1502,priest,shadow,64,30,34
Varjomies,ragnaros,1499,priest,shadow,96,50,46
Jonesy,blackmoore,1499,priest,shadow,64,33,31
Whocare,tarren-mill,1498,priest,shadow,36,18,18
Fiftyfives,hyjal,1496,priest,shadow,51,25,26
Valirda,twisting-nether,1495,priest,shadow,104,51,53
Bubbleup,defias-brotherhood,1494,priest,shadow,30,21,9
Äiri,blackmoore,1492,priest,shadow,30,17,13
Nygel,kazzak,1492,priest,shadow,95,51,44
Healiea,outland,1492,priest,shadow,83,33,50
Blasphemiia,outland,1491,priest,shadow,72,44,28
Kajifoxi,frostmane,1490,priest,shadow,60,38,22
Skûggpräst,silvermoon,1490,priest,shadow,41,22,19
Чикхоп,blackscar,1488,priest,shadow,60,40,20
Даняпампх,soulflayer,1488,priest,shadow,206,109,97
Bubidiblumpr,twisting-nether,1487,priest,shadow,60,40,20
Bercxu,ragnaros,1487,priest,shadow,60,34,26
Bierbändiger,blackhand,1487,priest,shadow,30,17,13
Lëshder,sanguino,1487,priest,shadow,107,55,52
Ariyáh,antonidas,1486,priest,shadow,36,21,15
Lynseanna,ravencrest,1485,priest,shadow,29,18,11
Ryik,ravencrest,1484,priest,shadow,68,36,32
Castêr,silvermoon,1483,priest,shadow,54,29,25
Meshen,ysondre,1482,priest,shadow,219,118,101
Statìk,outland,1482,priest,shadow,66,33,33
Afrophobia,archimonde,1479,priest,shadow,60,35,25
Shinesomnya,aegwynn,1478,priest,shadow,40,23,17
Зонкк,thermaplugg,1477,priest,shadow,114,62,52
Люблюкофе,deathguard,1476,priest,shadow,74,42,32
Akris,ragnaros,1476,priest,shadow,66,35,31
Йоййо,gordunni,1476,priest,shadow,82,42,40
Vhayna,kazzak,1475,priest,shadow,65,40,25
Massbimba,tarren-mill,1475,priest,shadow,41,19,22
Pregrip,twisting-nether,1473,priest,shadow,43,21,22
Sopsy,stormscale,1472,priest,shadow,30,16,14
Thawx,stormscale,1472,priest,shadow,30,16,14
Cannapriest,frostwolf,1471,priest,shadow,30,17,13
Kisala,kazzak,1470,priest,shadow,47,32,15
Lothlórien,dun-modr,1469,priest,shadow,30,22,8
Chaddius,stormscale,1469,priest,shadow,73,39,34
Kuddles,hyjal,1467,priest,shadow,110,64,46
Sháady,ravencrest,1466,priest,shadow,60,29,31
Youguessedit,twisting-nether,1466,priest,shadow,36,16,20
Máv,tarren-mill,1465,priest,shadow,92,54,38
Spideypap,ragnaros,1464,priest,shadow,58,33,25
Mozahn,ragnaros,1464,priest,shadow,39,20,19
Карбираторх,gordunni,1462,priest,shadow,59,30,29
Maxhima,defias-brotherhood,1461,priest,shadow,72,39,33
Erkay,kazzak,1459,priest,shadow,54,30,24
Tyene,voljin,1456,priest,shadow,64,37,27
Xîneâ,outland,1456,priest,shadow,30,16,14
Celz,kazzak,1455,priest,shadow,36,21,15
Îndura,drakthul,1455,priest,shadow,50,29,21
Hemovoid,nagrand,1454,priest,shadow,24,17,7
Kendea,silvermoon,1453,priest,shadow,139,76,63
Vedina,bronze-dragonflight,1453,priest,shadow,105,49,56
Lousp,tarren-mill,1452,priest,shadow,42,17,25
Zeto,blackmoore,1451,priest,shadow,45,27,18
Zevulós,ravencrest,1449,priest,shadow,54,20,34
Самаэльз,blackscar,1448,priest,shadow,56,28,28
Kurzik,zuljin,1447,priest,shadow,46,30,16
Dípp,ravencrest,1447,priest,shadow,36,18,18
Kayeenie,bloodscalp,1447,priest,shadow,106,51,55
Lightform,twisting-nether,1446,priest,shadow,45,28,17
Pennywïse,kargath,1445,priest,shadow,44,16,28
Cinaedus,stormreaver,1444,priest,shadow,63,33,30
Старкстрим,gordunni,1444,priest,shadow,42,22,20
Cringelørd,alakir,1442,priest,shadow,42,27,15
Physx,blackrock,1439,priest,shadow,24,15,9
Palitox,kazzak,1439,priest,shadow,70,38,32
Otecduchovny,burning-blade,1437,priest,shadow,24,15,9
Nomorelight,stormscale,1437,priest,shadow,36,17,19
Taeraz,archimonde,1435,priest,shadow,24,15,9
Jlox,stormscale,1433,priest,shadow,39,16,23
Valdiona,tarren-mill,1431,priest,shadow,36,22,14
Psycoscream,blackmoore,1431,priest,shadow,41,19,22
Smiles,burning-steppes,1430,priest,shadow,36,20,16
Yaoshih,draenor,1430,priest,shadow,53,28,25
Hörror,twisting-nether,1430,priest,shadow,42,21,21
Makethemstop,bronzebeard,1427,priest,shadow,36,26,10
Nicorøbin,uldum,1426,priest,shadow,54,34,20
Lamaovic,archimonde,1426,priest,shadow,59,31,28
Jaimee,zirkel-des-cenarius,1425,priest,shadow,24,15,9
Fnúggí,kazzak,1423,priest,shadow,42,21,21
Miraçlê,kazzak,1421,priest,shadow,24,15,9
Xbeau,bronze-dragonflight,1420,priest,shadow,30,16,14
Sharmidix,kazzak,1419,priest,shadow,30,15,15
Ladouce,archimonde,1418,priest,shadow,33,17,16
Thoryän,ragnaros,1416,priest,shadow,30,16,14
Søcrax,blackrock,1414,priest,shadow,60,34,26
Daenie,elune,1413,priest,shadow,36,19,17
Dazé,ravencrest,1413,priest,shadow,40,21,19
Mentax,kazzak,1413,priest,shadow,30,15,15
Îzî,sanguino,1412,priest,shadow,42,23,19
Shopify,nagrand,1412,priest,shadow,30,15,15
Simplesam,ravencrest,1412,priest,shadow,76,35,41
Flayin,kazzak,1411,priest,shadow,48,29,19
Wingufreebrø,sanguino,1411,priest,shadow,70,31,39
Saintethérez,archimonde,1410,priest,shadow,45,30,15
Kourroucé,archimonde,1410,priest,shadow,95,51,44
Токиото,gordunni,1408,priest,shadow,30,15,15
Сашашвд,howling-fjord,1407,priest,shadow,42,22,20
Dopey,kazzak,1406,priest,shadow,24,17,7
Dotsin,kazzak,1406,priest,shadow,124,61,63
Experimentix,silvermoon,1402,priest,shadow,30,16,14
Voidbro,grim-batol,1401,priest,shadow,29,15,14
Adägïo,dun-modr,1401,priest,shadow,90,41,49
Skerduddle,stormscale,1400,priest,shadow,30,16,14
Isusgaspodi,argent-dawn,1399,priest,shadow,103,57,46
Astangia,nemesis,1398,priest,shadow,177,95,82
Nightshådøw,silvermoon,1398,priest,shadow,122,64,58
Xíøn,draenor,1397,priest,shadow,35,16,19
Sxynix,thrall,1394,priest,shadow,41,24,17
Rogmisa,cthun,1394,priest,shadow,48,28,20
Xelathor,twisting-nether,1392,priest,shadow,48,21,27
Дэспира,howling-fjord,1391,priest,shadow,28,16,12
Mylini,silvermoon,1390,priest,shadow,95,50,45
Smâshëd,stormscale,1390,priest,shadow,36,17,19
Squîzz,archimonde,1389,priest,shadow,39,18,21
Voidpbody,nerathor,1388,priest,shadow,29,16,13
Lapinvicieux,archimonde,1388,priest,shadow,47,21,26
Superdude,stormscale,1386,priest,shadow,37,17,20
Ðotgød,nemesis,1385,priest,shadow,24,18,6
Hek,sylvanas,1384,priest,shadow,72,36,36
Aleetheia,silvermoon,1383,priest,shadow,104,52,52
Damyo,eredar,1381,priest,shadow,54,29,25
Nairima,argent-dawn,1377,priest,shadow,30,15,15
Piixld,aegwynn,1376,priest,shadow,36,22,14
Voidjeanzqt,blackmoore,1373,priest,shadow,24,15,9
Дикрия,eversong,1371,priest,shadow,96,47,49
Низара,deathguard,1368,priest,shadow,36,15,21
Atheniss,drakthul,1366,priest,shadow,60,34,26
Shifune,blackhand,1365,priest,shadow,48,25,23
Eryxial,antonidas,1365,priest,shadow,47,22,25
Shizo,blutkessel,1364,priest,shadow,29,20,9
Synexia,sylvanas,1364,priest,shadow,99,56,43
Bimboxo,argent-dawn,1363,priest,shadow,137,78,59
Sucukpriest,blackrock,1363,priest,shadow,42,23,19
Ohboy,eredar,1361,priest,shadow,36,16,20
Chillx,blackmoore,1360,priest,shadow,144,84,60
Daltheria,daggerspine,1358,priest,shadow,65,38,27
Adaseth,tarren-mill,1355,priest,shadow,42,29,13
Имморталрё,galakrond,1354,priest,shadow,42,29,13
Офинсия,deathguard,1354,priest,shadow,47,18,29
Вексион,goldrinn,1353,priest,shadow,36,19,17
Ulquiørra,blackmoore,1349,priest,shadow,60,31,29
Shinígamí,frostmane,1346,priest,shadow,48,24,24
Hoon,destromath,1345,priest,shadow,54,28,26
Nyróx,malganis,1345,priest,shadow,122,59,63
Gumayusi,ravencrest,1344,priest,shadow,24,14,10
Даркфолс,soulflayer,1343,priest,shadow,36,17,19
Sodomix,tarren-mill,1342,priest,shadow,160,87,73
Возрождающее,soulflayer,1342,priest,shadow,30,14,16
Slimshadey,malganis,1341,priest,shadow,24,14,10
Baptizer,nemesis,1340,priest,shadow,95,57,38
Apuessii,dun-modr,1340,priest,shadow,59,31,28
Rubzler,ravencrest,1338,priest,shadow,24,14,10
Velenthøs,argent-dawn,1338,priest,shadow,41,23,18
Hecaté,blackhand,1337,priest,shadow,55,31,24
Veryssra,archimonde,1336,priest,shadow,36,27,9
Seni,gilneas,1336,priest,shadow,55,26,29
Morteous,twisting-nether,1335,priest,shadow,253,130,123
Sleepyshadow,drakthul,1335,priest,shadow,60,29,31
Gød,magtheridon,1335,priest,shadow,30,14,16
Settemsen,tarren-mill,1334,priest,shadow,18,14,4
Elishîa,ragnaros,1333,priest,shadow,36,14,22
Broncos,twisting-nether,1331,priest,shadow,58,33,25
Inei,doomhammer,1331,priest,shadow,48,25,23
Donkyrobert,tarren-mill,1331,priest,shadow,30,14,16
Phucu,the-maelstrom,1330,priest,shadow,24,14,10
Eslo,outland,1330,priest,shadow,32,17,15
Fosil,xavius,1330,priest,shadow,30,15,15
Shîn,aegwynn,1329,priest,shadow,127,65,62
Giruga,eredar,1327,priest,shadow,24,14,10
Dumámày,silvermoon,1326,priest,shadow,24,17,7
Adssdfhjgh,outland,1324,priest,shadow,26,18,8
Poposy,hyjal,1324,priest,shadow,24,14,10
Ваккарий,gordunni,1324,priest,shadow,82,45,37
Grouptherpst,draenor,1323,priest,shadow,24,14,10
Kertith,argent-dawn,1323,priest,shadow,153,75,78
Абасали,howling-fjord,1323,priest,shadow,48,20,28
Mellandoh,tarren-mill,1322,priest,shadow,53,31,22
Odium,alakir,1322,priest,shadow,50,27,23
Ankus,tarren-mill,1321,priest,shadow,48,21,27
Сэлунна,goldrinn,1321,priest,shadow,36,14,22
Kdot,drakthul,1317,priest,shadow,24,16,8
Clergy,hellfire,1317,priest,shadow,55,33,22
Êttân,ravencrest,1317,priest,shadow,50,25,25
Littlebugger,argent-dawn,1317,priest,shadow,63,28,35
Míjagí,blackhand,1314,priest,shadow,59,30,29
Meloo,dalaran,1313,priest,shadow,103,54,49
Lathas,bloodfeather,1311,priest,shadow,36,23,13
Prästpojken,frostwhisper,1311,priest,shadow,36,19,17
Lurmus,outland,1311,priest,shadow,30,15,15
Xxede,dun-modr,1310,priest,shadow,81,37,44
Kasyrra,sylvanas,1309,priest,shadow,79,42,37
Хоозяин,blackscar,1308,priest,shadow,18,14,4
Ggdoll,twisting-nether,1308,priest,shadow,191,97,94
Весенняя,gordunni,1307,priest,shadow,32,18,14
Battlefog,turalyon,1307,priest,shadow,54,29,25
Lamess,drakthul,1306,priest,shadow,25,15,10
Secundis,silvermoon,1305,priest,shadow,30,16,14
Сариандра,gordunni,1303,priest,shadow,48,26,22
Saviour,spinebreaker,1302,priest,shadow,36,20,16
Kåz,argent-dawn,1301,priest,shadow,35,21,14
Inzàné,kazzak,1301,priest,shadow,70,40,30
Ammp,outland,1298,priest,shadow,92,51,41
Багбери,eversong,1297,priest,shadow,270,138,132
Fordöbroo,ragnaros,1297,priest,shadow,120,61,59
Рейвор,gordunni,1295,priest,shadow,23,14,9
Hexmon,tarren-mill,1292,priest,shadow,30,21,9
Цитамин,deathguard,1291,priest,shadow,85,39,46
Васпохилить,howling-fjord,1289,priest,shadow,90,39,51
Eytrhfb,stormscale,1288,priest,shadow,24,14,10
Delaiya,antonidas,1285,priest,shadow,42,20,22
Gauge,frostmane,1284,priest,shadow,138,70,68
Prøfesor,nemesis,1284,priest,shadow,33,15,18
ßeastx,nethersturm,1278,priest,shadow,30,15,15
Chowhone,archimonde,1277,priest,shadow,42,14,28
Bonifacio,la-croisade-écarlate,1276,priest,shadow,30,14,16
Voidlord,hyjal,1275,priest,shadow,60,31,29
Fåith,twilights-hammer,1275,priest,shadow,90,46,44
Onskansmoder,shattered-hand,1274,priest,shadow,69,33,36
Omnissiiah,silvermoon,1271,priest,shadow,42,19,23
Seehz,ysondre,1271,priest,shadow,35,14,21
Nûwa,draenor,1265,priest,shadow,24,18,6
Evilspel,ravencrest,1261,priest,shadow,33,18,15
Controlled,tarren-mill,1261,priest,shadow,71,35,36
Mundwerk,malganis,1260,priest,shadow,153,70,83
Alaeddin,kazzak,1259,priest,shadow,54,27,27
Sqwabblepee,stormscale,1258,priest,shadow,35,14,21
Hëllokitty,sanguino,1253,priest,shadow,86,42,44
Даркхон,howling-fjord,1251,priest,shadow,26,14,12
Bensherman,dalaran,1248,priest,shadow,18,13,5
Niecheqt,tarren-mill,1248,priest,shadow,26,15,11
Bizzlebabe,lightbringer,1247,priest,shadow,18,13,5
Sonâkî,archimonde,1247,priest,shadow,18,13,5
Ðrßøtÿcûs,la-croisade-écarlate,1247,priest,shadow,18,13,5
Been,ravencrest,1247,priest,shadow,18,13,5
Shucks,stormscale,1247,priest,shadow,24,13,11
Rippeep,emerald-dream,1247,priest,shadow,24,13,11
Emala,hyjal,1247,priest,shadow,24,13,11
Testorwp,ragnaros,1245,priest,shadow,48,30,18
Majinmadara,ravencrest,1245,priest,shadow,28,14,14
Because,nemesis,1244,priest,shadow,18,13,5
Kíssme,archimonde,1244,priest,shadow,24,17,7
Scade,kazzak,1243,priest,shadow,30,13,17
Пристаболик,gordunni,1242,priest,shadow,18,13,5
Drakzx,kazzak,1242,priest,shadow,18,13,5
Ruojatar,stormreaver,1241,priest,shadow,18,13,5
Yngp,blackmoore,1241,priest,shadow,24,13,11
Greyford,blackhand,1240,priest,shadow,18,13,5
Peikkousva,twisting-nether,1240,priest,shadow,24,13,11
Lilyrosemary,arathor,1239,priest,shadow,24,13,11
Szalsza,arathor,1236,priest,shadow,41,18,23
Daretox,turalyon,1225,priest,shadow,30,13,17
Enemypriest,argent-dawn,1223,priest,shadow,42,20,22
Hârlequin,draenor,1221,priest,shadow,245,126,119
Seum,ravencrest,1218,priest,shadow,30,13,17
Morgoh,die-arguswacht,1217,priest,shadow,30,15,15
Tesz,perenolde,1217,priest,shadow,36,16,20
Bromiaris,dun-morogh,1217,priest,shadow,30,13,17
Skuggzter,outland,1215,priest,shadow,42,26,16
Xanelor,tarren-mill,1213,priest,shadow,24,14,10
Damnedangel,drakthul,1212,priest,shadow,30,13,17
Mirelaw,stormscale,1210,priest,shadow,84,53,31
Neychen,blackrock,1209,priest,shadow,30,13,17
Thergozar,stormscale,1208,priest,shadow,48,33,15
Vilhiil,darksorrow,1208,priest,shadow,29,13,16
Cptnahab,blackmoore,1206,priest,shadow,49,35,14
Zedrus,azshara,1206,priest,shadow,29,13,16
Oöm,hyjal,1203,priest,shadow,24,15,9
Ayuntamiento,proudmoore,1202,priest,shadow,36,23,13
Kristiflicka,kazzak,1196,priest,shadow,36,20,16
Умора,razuvious,1195,priest,shadow,23,13,10
Veshania,blackhand,1194,priest,shadow,56,25,31
Nagatary,blackmoore,1192,priest,shadow,48,23,25
Bonbonici,sylvanas,1187,priest,shadow,24,17,7
Farseerx,ravencrest,1184,priest,shadow,129,70,59
Foxiekitten,tarren-mill,1178,priest,shadow,22,13,9
Cronershadow,stormscale,1176,priest,shadow,32,15,17
Suurona,die-aldor,1167,priest,shadow,48,24,24
Cthulou,tarren-mill,1165,priest,shadow,158,81,77
Tiinia,hyjal,1165,priest,shadow,40,15,25
Mynithir,chants-éternels,1163,priest,shadow,36,18,18
Holymonstah,sanguino,1161,priest,shadow,46,24,22
Sayash,chamber-of-aspects,1158,priest,shadow,26,13,13
Scaryman,ravencrest,1157,priest,shadow,23,14,9
Avatars,kirin-tor,1156,priest,shadow,52,26,26
Aritrosp,kargath,1152,priest,shadow,24,12,12
Hotdog,kult-der-verdammten,1152,priest,shadow,42,20,22
Julîane,aegwynn,1151,priest,shadow,18,12,6
Шпх,howling-fjord,1151,priest,shadow,24,12,12
Grayraven,azjolnerub,1151,priest,shadow,36,12,24
Виталябард,gordunni,1150,priest,shadow,24,12,12
Shyasianpr,area-52,1149,priest,shadow,18,12,6
Onlyfansp,ravencrest,1149,priest,shadow,30,12,18
Pórt,kazzak,1148,priest,shadow,21,13,8
Söörpriest,the-maelstrom,1148,priest,shadow,30,16,14
Harukaa,aggra-português,1147,priest,shadow,24,19,5
Galadrielkä,drakthul,1147,priest,shadow,24,12,12
Tweenitopg,les-clairvoyants,1146,priest,shadow,18,12,6
Отчепадре,gordunni,1145,priest,shadow,24,12,12
Kirrako,tarren-mill,1145,priest,shadow,24,12,12
Abjure,silvermoon,1144,priest,shadow,24,12,12
Caballococo,dun-modr,1144,priest,shadow,108,47,61
Xceliann,stormscale,1143,priest,shadow,18,12,6
Aíushtha,frostmane,1143,priest,shadow,30,12,18
Cederpriest,tarren-mill,1143,priest,shadow,39,13,26
Tarantos,uldum,1142,priest,shadow,27,13,14
Дитеприста,greymane,1138,priest,shadow,24,15,9
Eliana,blackrock,1136,priest,shadow,18,12,6
Cabalist,silvermoon,1135,priest,shadow,96,49,47
Fuzzydude,ravencrest,1135,priest,shadow,36,12,24
Evypriest,draenor,1133,priest,shadow,24,12,12
Sacher,shendralar,1132,priest,shadow,66,33,33
Cerbero,doomhammer,1128,priest,shadow,18,12,6
Семмэр,gordunni,1125,priest,shadow,67,28,39
Maximandreic,kazzak,1124,priest,shadow,42,13,29
Mojoo,aggramar,1119,priest,shadow,20,13,7
Lasdrael,dun-modr,1118,priest,shadow,60,30,30
Spwin,silvermoon,1117,priest,shadow,30,14,16
Druska,ragnaros,1116,priest,shadow,36,20,16
Shidoya,tarren-mill,1114,priest,shadow,23,12,11
Уртримас,gordunni,1110,priest,shadow,42,18,24
Акциуми,howling-fjord,1109,priest,shadow,54,32,22
Nellytaa,dalaran,1103,priest,shadow,35,18,17
Yuhé,elune,1100,priest,shadow,24,16,8
Ðizzi,dun-modr,1096,priest,shadow,21,14,7
Bonka,sanguino,1093,priest,shadow,24,13,11
Angleka,argent-dawn,1089,priest,shadow,89,38,51
Crishroc,stormreaver,1084,priest,shadow,36,17,19
Brainwash,darksorrow,1084,priest,shadow,28,12,16
Frëyha,archimonde,1081,priest,shadow,43,25,18
Ниомана,gordunni,1077,priest,shadow,28,17,11
Амфетаминная,howling-fjord,1076,priest,shadow,32,18,14
Valdemar,alakir,1075,priest,shadow,33,18,15
Yonaka,amanthul,1075,priest,shadow,84,30,54
Тэтсу,greymane,1073,priest,shadow,36,22,14
Hellena,neptulon,1061,priest,shadow,36,17,19
Phasmofobia,ragnaros,1058,priest,shadow,32,17,15
Kishoengi,ravencrest,1056,priest,shadow,12,11,1
Shåmssp,kazzak,1056,priest,shadow,12,11,1
Equalìzer,ravencrest,1056,priest,shadow,12,11,1
Muyhuman,eredar,1056,priest,shadow,18,11,7
Alexwinkwink,kazzak,1056,priest,shadow,18,11,7
Draryanna,nemesis,1056,priest,shadow,18,11,7
Nukyo,blackmoore,1056,priest,shadow,18,11,7
Voidis,hyjal,1055,priest,shadow,18,11,7
Emilyvvillis,outland,1055,priest,shadow,30,11,19
Elyziz,tarren-mill,1054,priest,shadow,18,11,7
Khålyst,archimonde,1054,priest,shadow,30,11,19
Шанэкс,howling-fjord,1053,priest,shadow,12,11,1
Umyqt,ragnaros,1053,priest,shadow,18,11,7
Dexploit,frostwolf,1053,priest,shadow,18,11,7
Peaksp,stormscale,1053,priest,shadow,18,11,7
Yoggies,tarren-mill,1053,priest,shadow,21,12,9
Санятруу,blackscar,1053,priest,shadow,78,42,36
Блюмсик,blackscar,1052,priest,shadow,30,18,12
Icyîce,kazzak,1051,priest,shadow,18,11,7
Tigrok,burning-legion,1050,priest,shadow,18,11,7
Phobò,blackrock,1050,priest,shadow,24,11,13
Miruvai,tarren-mill,1050,priest,shadow,24,11,13
Вэйворс,blackscar,1048,priest,shadow,22,12,10
Zák,sylvanas,1048,priest,shadow,30,16,14
Xatori,arthas,1047,priest,shadow,24,11,13
Zubrowkâ,kazzak,1043,priest,shadow,24,11,13
Holypowér,twisting-nether,1041,priest,shadow,24,11,13
Sigor,hellfire,1039,priest,shadow,29,12,17
Dayowe,antonidas,1032,priest,shadow,136,69,67
Atelstan,drakthul,1030,priest,shadow,72,29,43
Umbrazoid,sanguino,1030,priest,shadow,36,11,25
Festiz,tichondrius,1024,priest,shadow,30,14,16
Ixdeadxl,stormscale,1022,priest,shadow,24,11,13
Alsyidan,khaz-modan,1021,priest,shadow,13,12,1
Кинраналь,eversong,1021,priest,shadow,30,17,13
Shdwmeld,ravencrest,1020,priest,shadow,23,11,12
Soulsuckerr,silvermoon,1019,priest,shadow,30,11,19
Mimox,kaelthas,1017,priest,shadow,24,14,10
Bodeeney,hellfire,1015,priest,shadow,68,28,40
Tarissa,ravenholdt,1008,priest,shadow,24,12,12
Minabonxx,silvermoon,1007,priest,shadow,75,26,49
Jawoflash,antonidas,1004,priest,shadow,27,12,15
Froffzy,tarren-mill,1002,priest,shadow,30,12,18
Дикосвет,howling-fjord,1002,priest,shadow,42,11,31
Fanberra,the-venture-co,1001,priest,shadow,24,11,13
Mydianá,aegwynn,999,priest,shadow,23,14,9
Pipen,stormscale,990,priest,shadow,29,11,18
Asdaprice,hellfire,986,priest,shadow,18,12,6
Mylox,blackrock,984,priest,shadow,17,11,6
Zargoss,sylvanas,974,priest,shadow,19,11,8
Мргорсан,eversong,974,priest,shadow,30,16,14
Reimagined,sylvanas,960,priest,shadow,12,10,2
Sinsofmany,ragnaros,960,priest,shadow,12,10,2
Drë,daggerspine,960,priest,shadow,18,10,8
Gbc,emerald-dream,960,priest,shadow,18,10,8
Achára,ravencrest,960,priest,shadow,18,10,8
Tribz,kargath,959,priest,shadow,12,10,2
Øhlø,ysondre,959,priest,shadow,12,10,2
Aiewn,elune,959,priest,shadow,18,12,6
Gwyneth,archimonde,959,priest,shadow,24,14,10
Пампнавечерх,blackscar,959,priest,shadow,18,10,8
Seankingkong,ravencrest,959,priest,shadow,18,10,8
Supriest,alakir,959,priest,shadow,24,10,14
Goodison,outland,959,priest,shadow,24,10,14
Ciqua,frostmane,958,priest,shadow,16,11,5
Diha,argent-dawn,958,priest,shadow,18,10,8
Qiandra,argent-dawn,958,priest,shadow,24,10,14
Juxtapose,argent-dawn,957,priest,shadow,12,10,2
Seenoend,neptulon,957,priest,shadow,18,10,8
Thebesp,ravencrest,957,priest,shadow,24,10,14
Shadowsister,burning-blade,955,priest,shadow,18,10,8
Twisty,malganis,953,priest,shadow,26,15,11
Wewo,drakthul,952,priest,shadow,27,11,16
Powna,blackrock,947,priest,shadow,18,10,8
Иннй,howling-fjord,947,priest,shadow,24,11,13
Brainmuscle,ravencrest,945,priest,shadow,12,10,2
Szpinx,stormscale,942,priest,shadow,30,10,20
Серебрия,gordunni,937,priest,shadow,51,27,24
Syfl,defias-brotherhood,935,priest,shadow,24,10,14
Ruhoniy,ysondre,934,priest,shadow,30,17,13
Abrakahudder,tarren-mill,927,priest,shadow,17,10,7
Умом,gordunni,927,priest,shadow,26,11,15
Силабездны,deathguard,926,priest,shadow,67,34,33
Aezef,ysondre,926,priest,shadow,26,11,15
Ðòóm,archimonde,925,priest,shadow,20,11,9
Satànâs,twisting-nether,919,priest,shadow,17,10,7
Fârge,elune,911,priest,shadow,17,10,7
Røst,ravencrest,911,priest,shadow,17,10,7
Csksablanca,sargeras,911,priest,shadow,17,10,7
Priestoll,draenor,911,priest,shadow,21,10,11
Shaaq,stormscale,905,priest,shadow,12,11,1
Reckpump,twisting-nether,891,priest,shadow,23,10,13
Triinkett,doomhammer,881,priest,shadow,75,31,44
Driptoohard,archimonde,878,priest,shadow,13,11,2
Pneumay,tarren-mill,878,priest,shadow,18,10,8
Эсттелла,gordunni,878,priest,shadow,66,28,38
Anabølixx,ravencrest,864,priest,shadow,12,9,3
Døtgdx,archimonde,864,priest,shadow,12,9,3
Tailjob,silvermoon,864,priest,shadow,12,9,3
Maysiex,twisting-nether,864,priest,shadow,12,9,3
Tylb,tarren-mill,864,priest,shadow,12,9,3
Hanyk,kazzak,864,priest,shadow,12,9,3
Clori,argent-dawn,864,priest,shadow,12,9,3
Raffá,blackhand,864,priest,shadow,12,9,3
Manyus,archimonde,864,priest,shadow,18,9,9
Dingqt,chogall,864,priest,shadow,18,9,9
Felaenna,argent-dawn,864,priest,shadow,18,9,9
Cruncher,ravencrest,864,priest,shadow,18,9,9
Svagis,draenor,864,priest,shadow,18,9,9
Dogstav,kazzak,864,priest,shadow,18,9,9
Spyrono,kazzak,864,priest,shadow,18,9,9
Discknight,kazzak,864,priest,shadow,18,9,9
Fjonnski,blackmoore,864,priest,shadow,21,10,11
Schmatzy,blackmoore,864,priest,shadow,24,9,15
Klayjamin,draenor,863,priest,shadow,12,9,3
Henaheals,ragnaros,863,priest,shadow,12,9,3
Späxxi,amanthul,863,priest,shadow,12,9,3
Wtrix,stormscale,863,priest,shadow,18,9,9
Наярда,howling-fjord,863,priest,shadow,18,9,9
Jadæ,ragnaros,863,priest,shadow,18,9,9
Dardinio,ravencrest,863,priest,shadow,18,9,9
Txypii,dun-modr,863,priest,shadow,18,9,9
Azsaryn,magtheridon,863,priest,shadow,18,9,9
Qzrx,outland,863,priest,shadow,18,9,9
Ризорпанда,soulflayer,863,priest,shadow,18,9,9
Skaliq,tarren-mill,862,priest,shadow,12,9,3
Kaleycuoco,blackrock,862,priest,shadow,12,9,3
Элдерле,gordunni,862,priest,shadow,18,9,9
Ilostmybible,runetotem,862,priest,shadow,24,9,15
Khäñ,ravencrest,862,priest,shadow,30,9,21
Dívíne,ravenholdt,861,priest,shadow,12,9,3
Montane,wrathbringer,861,priest,shadow,12,9,3
Dutchstuff,karazhan,861,priest,shadow,18,9,9
Kavie,ravencrest,861,priest,shadow,18,9,9
Pristara,bloodhoof,860,priest,shadow,12,9,3
Некросиний,eversong,858,priest,shadow,19,10,9
Дроус,borean-tundra,858,priest,shadow,30,12,18
Elfriede,twisting-nether,856,priest,shadow,12,9,3
Farilight,draenor,850,priest,shadow,12,9,3
Madizuluka,aggra-português,849,priest,shadow,27,10,17
Shaddyr,thrall,828,priest,shadow,17,9,8
Endchor,eredar,826,priest,shadow,37,16,21
Kloown,conseil-des-ombres,820,priest,shadow,23,10,13
Happychap,stormreaver,815,priest,shadow,21,9,12
Stoffig,aggramar,806,priest,shadow,18,9,9
Bäckay,silvermoon,799,priest,shadow,16,9,7
Õðæßìùa,kazzak,799,priest,shadow,17,9,8
Arunp,magtheridon,799,priest,shadow,26,9,17
Alicanx,silvermoon,798,priest,shadow,17,9,8
Sypnos,zuljin,797,priest,shadow,16,9,7
Deadlymoda,zenedar,797,priest,shadow,20,9,11
Calor,nemesis,792,priest,shadow,16,9,7
Djstache,tarren-mill,768,priest,shadow,12,8,4
Vtspam,stormscale,768,priest,shadow,12,8,4
Jynii,eredar,768,priest,shadow,12,8,4
Iceys,stormscale,768,priest,shadow,12,8,4
Ktulsotum,twisting-nether,768,priest,shadow,12,8,4
Zetapp,argent-dawn,768,priest,shadow,12,8,4
Raëkon,nemesis,768,priest,shadow,12,8,4
Шадоуприст,blackscar,768,priest,shadow,12,8,4
Fluffedup,twisting-nether,768,priest,shadow,12,8,4
Balthe,defias-brotherhood,768,priest,shadow,12,8,4
Nätrix,tarren-mill,768,priest,shadow,12,8,4
Shadowsig,silvermoon,768,priest,shadow,12,8,4
Syreet,silvermoon,768,priest,shadow,12,8,4
Inavea,hyjal,768,priest,shadow,12,8,4
Nøwmäck,archimonde,768,priest,shadow,15,9,6
Cooldgreyjoy,archimonde,768,priest,shadow,16,8,8
Strvnge,stormreaver,768,priest,shadow,17,8,9
Hizumi,stormreaver,768,priest,shadow,18,8,10
Хелектро,deathweaver,768,priest,shadow,18,8,10
Stölpen,ravencrest,768,priest,shadow,18,8,10
Jaanny,defias-brotherhood,768,priest,shadow,18,8,10
Jellypie,blackrock,768,priest,shadow,18,8,10
Hilerki,draenor,768,priest,shadow,18,8,10
Önnÿ,dun-modr,768,priest,shadow,24,8,16
Симпоз,howling-fjord,767,priest,shadow,12,8,4
Jegred,draenor,767,priest,shadow,12,8,4
Джианитто,borean-tundra,767,priest,shadow,12,8,4
Zappikpriest,silvermoon,767,priest,shadow,12,8,4
Холиспирт,deathguard,767,priest,shadow,12,8,4
Holineß,burning-blade,767,priest,shadow,12,8,4
Slenderdoom,stormscale,767,priest,shadow,12,8,4
Leleg,blackhand,767,priest,shadow,15,9,6
Kagarr,kazzak,767,priest,shadow,14,8,6
Venomspawn,ragnaros,767,priest,shadow,18,8,10
Aereza,darkspear,767,priest,shadow,18,8,10
Unreal,nagrand,767,priest,shadow,18,8,10
Marcellina,argent-dawn,767,priest,shadow,18,8,10
Jyugins,alonsus,767,priest,shadow,18,8,10
Bigdumber,kazzak,767,priest,shadow,18,8,10
Dimorinny,silvermoon,767,priest,shadow,18,8,10
Priestlolx,aegwynn,767,priest,shadow,24,8,16
Maskinjundre,bronzebeard,767,priest,shadow,24,8,16
Ехереу,blackscar,766,priest,shadow,12,8,4
Kumpi,azjolnerub,766,priest,shadow,12,8,4
Mavaai,burning-legion,766,priest,shadow,12,8,4
Aducanpea,blackmoore,766,priest,shadow,12,8,4
Ihaveibs,doomhammer,766,priest,shadow,19,9,10
Khalphus,argent-dawn,766,priest,shadow,18,8,10
Dvärg,ravencrest,766,priest,shadow,18,8,10
Kìckurâss,aegwynn,766,priest,shadow,18,8,10
Darkmayham,silvermoon,766,priest,shadow,18,8,10
Абракабра,howling-fjord,766,priest,shadow,18,8,10
Ичисанчик,howling-fjord,766,priest,shadow,24,8,16
Redoubtablee,kazzak,766,priest,shadow,24,8,16
Johnnysp,eredar,765,priest,shadow,12,8,4
Шаасит,soulflayer,765,priest,shadow,18,8,10
Géèk,alakir,765,priest,shadow,19,8,11
Shalnorei,drakthul,764,priest,shadow,12,8,4
Holyface,twisting-nether,764,priest,shadow,12,8,4
Каратэк,howling-fjord,763,priest,shadow,12,8,4
Zathada,twisting-nether,763,priest,shadow,18,8,10
Sammel,moonglade,763,priest,shadow,18,8,10
Ruad,blackrock,762,priest,shadow,12,8,4
Beellzo,sylvanas,759,priest,shadow,24,8,16
Святаятряпка,fordragon,754,priest,shadow,18,8,10
Намдандар,howling-fjord,753,priest,shadow,18,8,10
Portvin,terenas,753,priest,shadow,24,8,16
Barcodes,kazzak,749,priest,shadow,20,9,11
Teleriah,blackmoore,735,priest,shadow,17,8,9
Shíàpríést,kazzak,734,priest,shadow,29,8,21
Aeo,twisting-nether,732,priest,shadow,17,8,9
Fathedead,stormreaver,713,priest,shadow,30,10,20
Raetwo,stormscale,703,priest,shadow,14,8,6
Манддалорец,gordunni,702,priest,shadow,22,8,14
Reptika,tichondrius,696,priest,shadow,16,8,8
Мараес,howling-fjord,686,priest,shadow,14,8,6
Shendiva,nathrezim,681,priest,shadow,13,8,5
Galilea,sanguino,672,priest,shadow,9,8,1
Extazia,ravencrest,672,priest,shadow,12,7,5
Fleshcraft,ravencrest,672,priest,shadow,12,7,5
Vittelk,stormscale,672,priest,shadow,12,7,5
Systerstål,twisting-nether,672,priest,shadow,12,7,5
Æåeåeåé,twisting-nether,672,priest,shadow,12,7,5
Mindboorst,kazzak,672,priest,shadow,12,7,5
Ialoricha,dun-modr,672,priest,shadow,12,7,5
Belialzs,blackrock,672,priest,shadow,12,7,5
Tankeløs,kazzak,672,priest,shadow,12,7,5
Laradiel,dun-modr,672,priest,shadow,12,7,5
Zahadoom,stormscale,672,priest,shadow,12,7,5
Ikaytsym,ravencrest,672,priest,shadow,12,7,5
Kíguwu,draenor,672,priest,shadow,12,7,5
Libstik,hyjal,672,priest,shadow,12,7,5
Belìal,thrall,672,priest,shadow,12,7,5
Fairylite,outland,672,priest,shadow,12,7,5
Sadgepriest,draenor,672,priest,shadow,12,7,5
Xùÿø,culte-de-la-rive-noire,672,priest,shadow,12,7,5
Simularcum,tarren-mill,672,priest,shadow,12,7,5
Sundae,nemesis,672,priest,shadow,12,7,5
Azazoth,sylvanas,672,priest,shadow,12,7,5
Gyom,sargeras,672,priest,shadow,12,7,5
Vladï,conseil-des-ombres,672,priest,shadow,12,7,5
Zerovision,nemesis,672,priest,shadow,12,7,5
Deethraa,argent-dawn,672,priest,shadow,12,7,5
Говорун,grom,672,priest,shadow,12,7,5
Mcdutchy,arygos,672,priest,shadow,12,7,5
Dolens,argent-dawn,672,priest,shadow,12,7,5
Nordrenalin,tarren-mill,672,priest,shadow,12,7,5
Cskgbénébéné,garona,672,priest,shadow,12,7,5
Uria,moonglade,672,priest,shadow,12,7,5
Eriezel,shattered-halls,672,priest,shadow,12,7,5
Миррен,gordunni,672,priest,shadow,12,7,5
Leggat,draenor,672,priest,shadow,15,8,7
Swl,blackrock,672,priest,shadow,16,8,8
Uzü,ysondre,672,priest,shadow,16,8,8
Heygoogle,ravencrest,672,priest,shadow,18,7,11
Majinbuù,sargeras,672,priest,shadow,18,7,11
Клаенз,fordragon,672,priest,shadow,18,7,11
Yoii,nemesis,672,priest,shadow,18,7,11
Irlfatguy,ravencrest,672,priest,shadow,20,7,13
Абсорб,gordunni,671,priest,shadow,12,7,5
Kogarrashi,aegwynn,671,priest,shadow,12,7,5
Мариаглорум,gordunni,671,priest,shadow,12,7,5
Elarya,zenedar,671,priest,shadow,12,7,5
Слышуфонк,howling-fjord,671,priest,shadow,12,7,5
Plimpi,blackmoore,671,priest,shadow,12,7,5
Neeyø,blackhand,671,priest,shadow,12,7,5
Karnatia,burning-legion,671,priest,shadow,12,7,5
Cryptoniite,kazzak,671,priest,shadow,12,7,5
Scorbute,conseil-des-ombres,671,priest,shadow,12,7,5
Shadowchunks,argent-dawn,671,priest,shadow,12,7,5
Allanna,talnivarr,671,priest,shadow,12,7,5
Medovina,silvermoon,671,priest,shadow,12,7,5
Badomens,draenor,671,priest,shadow,12,7,5
Bazazath,thrall,671,priest,shadow,15,8,7
Freshpope,ravencrest,671,priest,shadow,16,8,8
Neggan,chamber-of-aspects,671,priest,shadow,18,7,11
Jerolol,sanguino,671,priest,shadow,18,7,11
Gooflord,ravencrest,671,priest,shadow,18,7,11
Deriont,argent-dawn,671,priest,shadow,18,7,11
Skypez,blackhand,671,priest,shadow,18,7,11
Blååb,draenor,671,priest,shadow,18,7,11
Idontmind,eredar,671,priest,shadow,18,7,11
Wivienne,defias-brotherhood,671,priest,shadow,26,8,18
Hiela,outland,670,priest,shadow,12,7,5
Rétestészta,arathor,670,priest,shadow,12,7,5
Kitasia,tarren-mill,670,priest,shadow,12,7,5
Haxxøn,die-nachtwache,670,priest,shadow,12,7,5
Psystorm,frostmane,670,priest,shadow,18,7,11
Sáro,ravencrest,669,priest,shadow,12,7,5
Hotsanddots,auchindoun,668,priest,shadow,12,7,5
Hulluh,tarren-mill,665,priest,shadow,12,7,5
Nerfnerf,kazzak,663,priest,shadow,22,10,12
Redfield,frostmane,663,priest,shadow,24,7,17
Spaghettoni,tarren-mill,662,priest,shadow,12,7,5
Swarzie,outland,653,priest,shadow,17,7,10
Vregoa,twisting-nether,639,priest,shadow,17,7,10
Sadskîx,dun-modr,624,priest,shadow,9,8,1
Reeflix,blackmoore,607,priest,shadow,17,8,9
Thudre,ravencrest,606,priest,shadow,14,7,7
Lipzip,twisting-nether,591,priest,shadow,19,7,12
Шандресса,deepholm,576,priest,shadow,6,6,0
Shacoat,draenor,576,priest,shadow,6,6,0
Deform,argent-dawn,576,priest,shadow,6,6,0
Galle,frostmane,576,priest,shadow,6,6,0
Deadandugly,eredar,576,priest,shadow,6,6,0
Noggorran,teldrassil,576,priest,shadow,10,7,3
Viánná,sylvanas,576,priest,shadow,10,7,3
Littlefräu,ravencrest,576,priest,shadow,10,7,3
Шучунекошмар,soulflayer,576,priest,shadow,12,6,6
Kunayu,ravencrest,576,priest,shadow,12,6,6
Lilsayx,blackrock,576,priest,shadow,12,6,6
Ztrolol,archimonde,576,priest,shadow,12,6,6
Cluelêss,blackrock,576,priest,shadow,12,6,6
Landliebe,outland,576,priest,shadow,12,6,6
Vogthon,aggra-português,576,priest,shadow,12,6,6
Noreal,twisting-nether,576,priest,shadow,12,6,6
Vardrium,antonidas,576,priest,shadow,12,6,6
Saliâ,blackmoore,576,priest,shadow,12,6,6
Mindtyson,dun-morogh,576,priest,shadow,12,6,6
Сакта,howling-fjord,576,priest,shadow,12,6,6
Oniakusa,outland,576,priest,shadow,12,6,6
Shadoxx,malganis,576,priest,shadow,12,6,6
Farotep,tarren-mill,576,priest,shadow,12,6,6
Despéri,ysondre,576,priest,shadow,12,6,6
Fluffieh,ravencrest,576,priest,shadow,12,6,6
Mephiras,kult-der-verdammten,576,priest,shadow,12,6,6
Peep,emerald-dream,576,priest,shadow,12,6,6
Cultist,defias-brotherhood,576,priest,shadow,12,6,6
Arratør,ysondre,576,priest,shadow,12,6,6
Evna,chogall,576,priest,shadow,12,6,6
Skyfour,blackmoore,576,priest,shadow,12,6,6
Talandra,drakthul,576,priest,shadow,12,6,6
Hinorist,kazzak,576,priest,shadow,12,6,6
Kraanocska,outland,576,priest,shadow,12,6,6
Umayyaa,sylvanas,576,priest,shadow,12,6,6
Lovelessp,stormscale,576,priest,shadow,12,6,6
Wakizashi,ravencrest,576,priest,shadow,12,6,6
Shadowpdots,sargeras,576,priest,shadow,12,6,6
Ellfle,kazzak,576,priest,shadow,12,6,6
Бранлор,howling-fjord,576,priest,shadow,12,6,6
Prästjäväln,stormscale,576,priest,shadow,12,6,6
Старлайтх,gordunni,576,priest,shadow,12,6,6
Brobox,blackmoore,576,priest,shadow,12,6,6
Styxpr,blackhand,576,priest,shadow,18,6,12
Ràvèn,dun-modr,576,priest,shadow,18,6,12
Øro,ysondre,576,priest,shadow,24,6,18
Shendilka,drakthul,575,priest,shadow,9,7,2
Нитровина,howling-fjord,575,priest,shadow,12,6,6
Attaxx,dragonmaw,575,priest,shadow,12,6,6
Nemw,chamber-of-aspects,575,priest,shadow,12,6,6
Princéssà,aegwynn,575,priest,shadow,12,6,6
Wintercurse,twisting-nether,575,priest,shadow,18,6,12
Luxumbra,pozzo-delleternità,574,priest,shadow,12,6,6
Sacreth,ragnaros,574,priest,shadow,24,6,18
Boomhilde,aegwynn,573,priest,shadow,12,6,6
Лапушок,borean-tundra,570,priest,shadow,12,6,6
Karmapollys,silvermoon,570,priest,shadow,12,6,6
Trencharse,draenor,559,priest,shadow,17,6,11
Valaç,turalyon,528,priest,shadow,15,6,9
Lildiggy,outland,511,priest,shadow,14,6,8
Løxi,blackmoore,494,priest,shadow,13,7,6
Potati,defias-brotherhood,480,priest,shadow,6,5,1
Зоргдаркнесс,howling-fjord,480,priest,shadow,6,5,1
Vøidtheorem,ragnaros,480,priest,shadow,6,5,1
Attilerg,stormscale,480,priest,shadow,6,5,1
Nøskillzz,nemesis,480,priest,shadow,6,5,1
Rinkahands,silvermoon,480,priest,shadow,6,5,1
Fabulicious,blackrock,480,priest,shadow,6,5,1
Gladíator,blackhand,480,priest,shadow,6,5,1
Массаракъш,razuvious,480,priest,shadow,6,5,1
Нинаврач,howling-fjord,480,priest,shadow,6,5,1
Алуриэлия,gordunni,480,priest,shadow,6,5,1
Boomboxk,darksorrow,480,priest,shadow,6,5,1
Graveyards,tarren-mill,480,priest,shadow,6,5,1
Pâww,kazzak,480,priest,shadow,6,5,1
Скизма,gordunni,480,priest,shadow,6,5,1
Disillusíon,tarren-mill,480,priest,shadow,6,5,1
Dakystepmom,stormreaver,480,priest,shadow,6,5,1
Genjorss,pozzo-delleternità,480,priest,shadow,6,5,1
Qiguai,outland,480,priest,shadow,6,5,1
Darkqt,ravencrest,480,priest,shadow,6,5,1
Easyc,gorgonnash,480,priest,shadow,6,5,1
Mcdced,archimonde,480,priest,shadow,8,5,3
Elixier,frostmane,480,priest,shadow,12,5,7
Singularity,ravencrest,480,priest,shadow,12,5,7
Neverfade,dun-modr,480,priest,shadow,12,5,7
Verbs,kazzak,480,priest,shadow,12,5,7
Tokkz,kelthuzad,480,priest,shadow,12,5,7
Taxthepoor,blackhand,480,priest,shadow,12,5,7
Noyam,dun-morogh,480,priest,shadow,12,5,7
Alterspflege,eredar,480,priest,shadow,12,5,7
Bonsoin,kirin-tor,480,priest,shadow,12,5,7
Svenskabarn,twisting-nether,480,priest,shadow,12,5,7
Darkmus,quelthalas,480,priest,shadow,12,5,7
Lillclubbina,stormscale,480,priest,shadow,12,5,7
Drakharys,dun-modr,480,priest,shadow,12,5,7
Korzec,dun-modr,480,priest,shadow,12,5,7
Darrianna,outland,480,priest,shadow,12,5,7
Qwertyuioasd,ravencrest,480,priest,shadow,12,5,7
Cmonbro,hyjal,480,priest,shadow,12,5,7
Môrtïciâ,tarren-mill,480,priest,shadow,12,5,7
Appraiser,draenor,480,priest,shadow,12,5,7
Rovensin,ravencrest,480,priest,shadow,12,5,7
Haiduka,burning-legion,480,priest,shadow,12,5,7
Oblivita,twisting-nether,480,priest,shadow,12,5,7
Lyssandre,stormreaver,480,priest,shadow,12,5,7
Дакимакурах,gordunni,480,priest,shadow,12,5,7
Хенели,blackscar,480,priest,shadow,12,5,7
Mahist,ravencrest,480,priest,shadow,12,5,7
Силесттиль,gordunni,480,priest,shadow,12,5,7
Raeratwo,archimonde,480,priest,shadow,12,5,7
Löspajen,stormscale,480,priest,shadow,12,5,7
Kidkuddo,blackmoore,480,priest,shadow,12,5,7
Jarkk,ysondre,480,priest,shadow,12,5,7
Shadowleech,ragnaros,480,priest,shadow,12,5,7
Chaarronn,drakthul,480,priest,shadow,12,5,7
Shadowful,drakthul,480,priest,shadow,12,5,7
Taikki,stormreaver,480,priest,shadow,12,5,7
Rokil,ravencrest,480,priest,shadow,12,5,7
Claudefrollo,the-maelstrom,480,priest,shadow,13,5,8
Moogie,archimonde,480,priest,shadow,18,5,13
Лайкшеди,soulflayer,479,priest,shadow,6,5,1
Rehpotsirhc,blackrock,479,priest,shadow,12,5,7
Блэксикер,greymane,479,priest,shadow,12,5,7
Балзик,blackscar,479,priest,shadow,12,5,7
Zakkonnik,burning-legion,479,priest,shadow,12,5,7
Gimcho,magtheridon,479,priest,shadow,12,5,7
Xieraxe,ravencrest,479,priest,shadow,12,5,7
Heinricht,ragnaros,479,priest,shadow,12,5,7
Лейля,goldrinn,479,priest,shadow,18,5,13
Ethalia,kirin-tor,478,priest,shadow,12,5,7
Falbäla,suramar,473,priest,shadow,12,5,7
Chïefpapi,twisting-nether,463,priest,shadow,11,5,6
Ftiersp,ravencrest,463,priest,shadow,11,5,6
Дзинкз,howling-fjord,448,priest,shadow,10,6,4
Sàd,thrall,447,priest,shadow,11,5,6
Chas,argent-dawn,432,priest,shadow,9,5,4
Bloodimand,terenas,422,priest,shadow,12,6,6
Elderath,eredar,409,priest,shadow,23,6,17
Metabeta,shattered-hand,384,priest,shadow,6,4,2
Evílshadows,tarren-mill,384,priest,shadow,6,4,2
Alinfinito,ravencrest,384,priest,shadow,6,4,2
Cyrená,ravencrest,384,priest,shadow,6,4,2
Grainbames,sylvanas,384,priest,shadow,6,4,2
Alicanx,twisting-nether,384,priest,shadow,6,4,2
Virtualworld,ragnaros,384,priest,shadow,6,4,2
Nebunia,twisting-nether,384,priest,shadow,6,4,2
Submeplz,stormscale,384,priest,shadow,6,4,2
Calsote,sanguino,384,priest,shadow,6,4,2
Balan,argent-dawn,384,priest,shadow,6,4,2
Cheryli,alleria,384,priest,shadow,6,4,2
Lorthonor,silvermoon,384,priest,shadow,6,4,2
Вэстервилли,howling-fjord,384,priest,shadow,6,4,2
Hotdoge,zenedar,384,priest,shadow,6,4,2
Sliey,blackrock,384,priest,shadow,6,4,2
Ylenae,twisting-nether,384,priest,shadow,6,4,2
Looó,los-errantes,384,priest,shadow,6,4,2
Pangoffy,burning-legion,384,priest,shadow,6,4,2
Pinkfloydx,lightbringer,384,priest,shadow,6,4,2
Clungeslag,argent-dawn,384,priest,shadow,6,4,2
Lumex,aegwynn,384,priest,shadow,6,4,2
Thogrey,archimonde,384,priest,shadow,6,4,2
Majestíc,blackmoore,384,priest,shadow,6,4,2
Dokurochan,tarren-mill,384,priest,shadow,6,4,2
Yixi,blackmoore,384,priest,shadow,6,4,2
Spum,ravencrest,384,priest,shadow,6,4,2
Lxz,twisting-nether,384,priest,shadow,6,4,2
Rutah,the-maelstrom,384,priest,shadow,6,4,2
Fish,arathor,384,priest,shadow,6,4,2
Lysium,sylvanas,384,priest,shadow,6,4,2
Dairox,blackrock,384,priest,shadow,6,4,2
Spae,twisting-nether,384,priest,shadow,6,4,2
Mysticforces,silvermoon,384,priest,shadow,6,4,2
Torino,kazzak,384,priest,shadow,6,4,2
Alusiepriest,ravencrest,384,priest,shadow,6,4,2
Shadowboness,twisting-nether,384,priest,shadow,6,4,2
Usw,outland,384,priest,shadow,6,4,2
Coqa,blackrock,384,priest,shadow,6,4,2
Kobiden,stormreaver,384,priest,shadow,6,4,2
Олдмэнсэйд,soulflayer,384,priest,shadow,6,4,2
Septembér,draenor,384,priest,shadow,6,4,2
Mønzie,stormscale,384,priest,shadow,6,4,2
Roastie,frostmane,384,priest,shadow,6,4,2
Napriest,kazzak,384,priest,shadow,6,4,2
Jpxoxo,blackhand,384,priest,shadow,6,4,2
Jesuispasbon,hyjal,384,priest,shadow,6,4,2
Текл,blackscar,384,priest,shadow,6,4,2
Awator,ysondre,384,priest,shadow,6,4,2
Viperbites,tarren-mill,384,priest,shadow,6,4,2
Temtem,ravencrest,384,priest,shadow,6,4,2
Chamelthoe,the-maelstrom,384,priest,shadow,6,4,2
Arwen,azjolnerub,384,priest,shadow,6,4,2
Daftî,twisting-nether,384,priest,shadow,6,4,2
Atropin,silvermoon,384,priest,shadow,6,4,2
Трихоманиаз,ashenvale,384,priest,shadow,6,4,2
Floodey,defias-brotherhood,384,priest,shadow,6,4,2
Syrïal,hyjal,384,priest,shadow,6,4,2
Derl,pozzo-delleternità,384,priest,shadow,6,4,2
Êlectron,ravencrest,384,priest,shadow,6,4,2
Gomor,mannoroth,384,priest,shadow,6,4,2
Vantek,antonidas,384,priest,shadow,6,4,2
Éllipses,kazzak,384,priest,shadow,6,4,2
Nìak,ysondre,384,priest,shadow,15,5,10
Voidknight,darkspear,384,priest,shadow,12,4,8
Datscrazi,ravencrest,384,priest,shadow,12,4,8
Obscurity,burning-steppes,384,priest,shadow,12,4,8
Dotmaster,darkspear,384,priest,shadow,12,4,8
Zaoza,dentarg,384,priest,shadow,12,4,8
Bacovia,tarren-mill,384,priest,shadow,12,4,8
Amazingame,tarren-mill,384,priest,shadow,12,4,8
Lenneyqt,blackmoore,384,priest,shadow,12,4,8
Созвонимся,gordunni,384,priest,shadow,12,4,8
Самоэль,gordunni,384,priest,shadow,12,4,8
Арлектакль,blackscar,384,priest,shadow,12,4,8
Râây,blackrock,384,priest,shadow,12,4,8
Ларчшп,gordunni,384,priest,shadow,12,4,8
Skilled,stormscale,384,priest,shadow,12,4,8
Infliction,auchindoun,384,priest,shadow,12,4,8
Kirtách,dun-modr,384,priest,shadow,12,4,8
Dellarien,stormscale,384,priest,shadow,12,4,8
Нудная,galakrond,384,priest,shadow,12,4,8
Fùkøff,stormscale,384,priest,shadow,12,4,8
Niikki,blackrock,384,priest,shadow,12,4,8
Gonorreolga,tarren-mill,384,priest,shadow,12,4,8
Gerase,blackrock,384,priest,shadow,12,4,8
Swoptoplong,blackhand,384,priest,shadow,12,4,8
Xalgâzor,zuljin,384,priest,shadow,12,4,8
Æro,malganis,384,priest,shadow,12,4,8
Baubsy,ghostlands,384,priest,shadow,12,4,8
Rèd,antonidas,384,priest,shadow,12,4,8
Cizer,kazzak,384,priest,shadow,12,4,8
Morzâr,outland,384,priest,shadow,12,4,8
Preodek,kazzak,384,priest,shadow,12,4,8
Shadøwz,grim-batol,384,priest,shadow,12,4,8
Lfgarcatraz,aegwynn,384,priest,shadow,12,4,8
Dpriesta,aegwynn,384,priest,shadow,12,4,8
Darkoze,kazzak,384,priest,shadow,12,4,8
Chlorohhkine,chogall,384,priest,shadow,13,4,9
Tobirama,stormscale,384,priest,shadow,17,4,13
Iamshadow,blackrock,384,priest,shadow,17,4,13
Zerim,blackmoore,384,priest,shadow,18,4,14
Абрасд,gordunni,384,priest,shadow,18,4,14
Darettii,blackrock,383,priest,shadow,6,4,2
Abnórmus,tarren-mill,383,priest,shadow,6,4,2
Словаболь,gordunni,383,priest,shadow,6,4,2
Newik,burning-legion,383,priest,shadow,6,4,2
Shikamarudmx,burning-legion,383,priest,shadow,15,5,10
Sphard,ysondre,383,priest,shadow,12,4,8
Lisua,blackmoore,383,priest,shadow,30,4,26
Perchédue,silvermoon,367,priest,shadow,11,4,7
Levitating,argent-dawn,336,priest,shadow,9,5,4
Zennen,ragnaros,336,priest,shadow,13,5,8
Tweediertie,argent-dawn,335,priest,shadow,11,4,7
Prìestìalìty,draenor,330,priest,shadow,11,6,5
Zetara,archimonde,320,priest,shadow,10,4,6
Деняприст,gordunni,288,priest,shadow,6,3,3
Злыденькая,gordunni,288,priest,shadow,6,3,3
Нечавкай,deathweaver,288,priest,shadow,6,3,3
Oggiz,archimonde,288,priest,shadow,6,3,3
Неймхичгодх,gordunni,288,priest,shadow,6,3,3
Пристотян,gordunni,288,priest,shadow,6,3,3
Лиройгеморой,gordunni,288,priest,shadow,6,3,3
Grocx,kazzak,288,priest,shadow,6,3,3
Yazh,argent-dawn,288,priest,shadow,6,3,3
Nitza,silvermoon,288,priest,shadow,6,3,3
Vampiro,blackhand,288,priest,shadow,6,3,3
Freezydot,silvermoon,288,priest,shadow,6,3,3
Bhlad,silvermoon,288,priest,shadow,6,3,3
Chandria,veknilash,288,priest,shadow,6,3,3
Torquemad,sunstrider,288,priest,shadow,6,3,3
Dunkelseele,ahnqiraj,288,priest,shadow,6,3,3
Notra,shattrath,288,priest,shadow,6,3,3
Momet,defias-brotherhood,288,priest,shadow,6,3,3
Zøid,ysondre,288,priest,shadow,6,3,3
Gorali,the-venture-co,288,priest,shadow,6,3,3
Mgx,defias-brotherhood,288,priest,shadow,6,3,3
Drynte,blackmoore,288,priest,shadow,6,3,3
Snoopydawgs,blackmoore,288,priest,shadow,6,3,3
Дюрэкс,soulflayer,288,priest,shadow,6,3,3
Ahle,darkspear,288,priest,shadow,6,3,3
Linara,frostmane,288,priest,shadow,6,3,3
Смегмачет,soulflayer,288,priest,shadow,6,3,3
Taklamakan,alakir,288,priest,shadow,6,3,3
Флэнсер,soulflayer,288,priest,shadow,6,3,3
Eldrathir,burning-legion,288,priest,shadow,6,3,3
Nahtod,blackmoore,288,priest,shadow,6,3,3
Lutzki,the-maelstrom,288,priest,shadow,6,3,3
Papynou,garona,288,priest,shadow,6,3,3
Nhajÿ,hyjal,288,priest,shadow,6,3,3
Hasnaa,silvermoon,288,priest,shadow,6,3,3
Holybestie,eredar,288,priest,shadow,6,3,3
Stinkycreep,executus,288,priest,shadow,6,3,3
Poonies,silvermoon,288,priest,shadow,6,3,3
Elreâ,blackrock,288,priest,shadow,6,3,3
Shasdöw,hyjal,288,priest,shadow,6,3,3
Cðsima,blackmoore,288,priest,shadow,6,3,3
Неприст,ashenvale,288,priest,shadow,6,3,3
Sweedensp,hyjal,288,priest,shadow,6,3,3
Miikkap,blackhand,288,priest,shadow,6,3,3
Roxfer,ysondre,288,priest,shadow,6,3,3
Neopriest,stormscale,288,priest,shadow,6,3,3
Ok,blackrock,288,priest,shadow,6,3,3
Xaviá,blackrock,288,priest,shadow,6,3,3
Trinnity,drakthul,288,priest,shadow,6,3,3
Shannannanna,darkspear,288,priest,shadow,6,3,3
Susaj,tarren-mill,288,priest,shadow,6,3,3
Dboi,tarren-mill,288,priest,shadow,6,3,3
Wizarxmentar,stormscale,288,priest,shadow,6,3,3
Ggsus,outland,288,priest,shadow,6,3,3
Skymning,tarren-mill,288,priest,shadow,6,3,3
Xpy,kazzak,288,priest,shadow,6,3,3
Aéltess,kirin-tor,288,priest,shadow,6,3,3
Presbyter,mazrigos,288,priest,shadow,6,3,3
Exörcíst,outland,288,priest,shadow,6,3,3
Xotz,thrall,288,priest,shadow,6,3,3
Imadîa,dalaran,288,priest,shadow,6,3,3
Zzoska,burning-legion,288,priest,shadow,6,3,3
Sàyaa,draenor,288,priest,shadow,6,3,3
Wkid,draenor,288,priest,shadow,6,3,3
Lethaa,twisting-nether,288,priest,shadow,6,3,3
Cé,magtheridon,288,priest,shadow,6,3,3
Sofuny,neptulon,288,priest,shadow,6,3,3
Syntara,twisting-nether,288,priest,shadow,6,3,3
Voilencia,kazzak,288,priest,shadow,6,3,3
Plagegeist,blutkessel,288,priest,shadow,6,3,3
Pbwser,silvermoon,288,priest,shadow,6,3,3
Whýççpèrx,ravencrest,288,priest,shadow,6,3,3
Liliashet,sanguino,288,priest,shadow,6,3,3
Dpyo,ravencrest,288,priest,shadow,6,3,3
Eyvvah,twisting-nether,288,priest,shadow,6,3,3
Stepsisstuck,ragnaros,288,priest,shadow,6,3,3
Byzzi,draenor,288,priest,shadow,6,3,3
Ragwitch,draenor,288,priest,shadow,6,3,3
Vividots,draenor,288,priest,shadow,6,3,3
Abyssonmind,dun-modr,288,priest,shadow,6,3,3
Skillmåster,ravencrest,288,priest,shadow,6,3,3
Kallsen,ravencrest,288,priest,shadow,6,3,3
Voidkäfer,ravencrest,288,priest,shadow,6,3,3
Lirrydoz,ravencrest,288,priest,shadow,6,3,3
Cloudfactory,ravencrest,288,priest,shadow,6,3,3
Maela,uldum,288,priest,shadow,6,3,3
Kopfsache,blackmoore,288,priest,shadow,7,3,4
Kåstå,archimonde,288,priest,shadow,11,3,8
Nesar,stormscale,288,priest,shadow,12,3,9
Shreedz,blackmoore,288,priest,shadow,12,3,9
Elumi,the-maelstrom,288,priest,shadow,12,3,9
Hâstur,ravencrest,288,priest,shadow,12,3,9
Xrystal,wrathbringer,288,priest,shadow,12,3,9
Øzya,kirin-tor,288,priest,shadow,12,3,9
Preast,aegwynn,288,priest,shadow,12,3,9
Aaluvor,blackmoore,288,priest,shadow,12,3,9
Goldische,dun-morogh,288,priest,shadow,12,3,9
Supermacy,eredar,288,priest,shadow,12,3,9
Kaenlin,the-maelstrom,288,priest,shadow,18,3,15
Jês,thrall,287,priest,shadow,6,3,3
Rulna,die-aldor,287,priest,shadow,12,3,9
Nuger,tarren-mill,286,priest,shadow,6,3,3
Irrtum,nozdormu,286,priest,shadow,6,3,3
Жруля,ashenvale,286,priest,shadow,18,3,15
Czikibriki,ravenholdt,256,priest,shadow,4,4,0
Szelén,ragnaros,256,priest,shadow,10,3,7
Shadepencoin,silvermoon,256,priest,shadow,10,3,7
Willzah,outland,240,priest,shadow,9,3,6
Herro,thrall,239,priest,shadow,5,3,2
Guccimaane,twisting-nether,239,priest,shadow,5,3,2
Caski,stormreaver,239,priest,shadow,5,3,2
Deeforce,argent-dawn,234,priest,shadow,6,4,2
Prästisjag,kazzak,234,priest,shadow,9,5,4
Фьюриреидж,soulflayer,234,priest,shadow,8,4,4
Ainoa,grim-batol,234,priest,shadow,9,4,5
Ðarcø,archimonde,208,priest,shadow,13,3,10
Shadowflamè,outland,192,priest,shadow,4,3,1
Coffíndodger,magtheridon,192,priest,shadow,4,3,1
Szycho,burning-legion,192,priest,shadow,9,3,6
Harleyquiñ,burning-legion,192,priest,shadow,6,2,4
Getitoffme,auchindoun,192,priest,shadow,6,2,4
Mømmymilkers,archimonde,192,priest,shadow,6,2,4
Najany,archimonde,192,priest,shadow,6,2,4
Daven,ysondre,192,priest,shadow,6,2,4
Встанислав,gordunni,192,priest,shadow,6,2,4
Siezlababo,blackrock,192,priest,shadow,6,2,4
Madclownz,blackrock,192,priest,shadow,6,2,4
Llounal,silvermoon,192,priest,shadow,6,2,4
Fqú,wrathbringer,192,priest,shadow,6,2,4
Sotriggered,sylvanas,192,priest,shadow,6,2,4
Ximenia,eredar,192,priest,shadow,6,2,4
Pepitzaftw,sylvanas,192,priest,shadow,6,2,4
Ràthaløs,sanguino,192,priest,shadow,6,2,4
Makemyday,dun-modr,192,priest,shadow,6,2,4
Yugata,archimonde,192,priest,shadow,6,2,4
Misántropo,dun-modr,192,priest,shadow,6,2,4
Keijuna,kazzak,192,priest,shadow,6,2,4
Crzzy,dun-modr,192,priest,shadow,6,2,4
Priath,magtheridon,192,priest,shadow,6,2,4
Zootx,magtheridon,192,priest,shadow,6,2,4
Abî,frostwolf,192,priest,shadow,6,2,4
Vengigodxx,ravencrest,192,priest,shadow,6,2,4
Reapzbolt,blackrock,192,priest,shadow,6,2,4
Andérsón,magtheridon,192,priest,shadow,6,2,4
Putoeinstein,sylvanas,192,priest,shadow,6,2,4
Жрецдуши,gordunni,192,priest,shadow,6,2,4
Phobò,antonidas,192,priest,shadow,6,2,4
Ompala,shattered-hand,192,priest,shadow,6,2,4
Thyrena,twisting-nether,192,priest,shadow,6,2,4
Piizzdiica,twisting-nether,192,priest,shadow,6,2,4
Bandgap,antonidas,192,priest,shadow,6,2,4
Tuljan,twisting-nether,192,priest,shadow,6,2,4
Cto,gorgonnash,192,priest,shadow,6,2,4
Grimor,talnivarr,192,priest,shadow,6,2,4
Шарадин,gordunni,192,priest,shadow,6,2,4
Kaleshiry,kazzak,192,priest,shadow,6,2,4
Notdespo,kazzak,192,priest,shadow,6,2,4
Holycrapx,chromaggus,192,priest,shadow,6,2,4
Шиписс,soulflayer,192,priest,shadow,6,2,4
Aruna,ravencrest,192,priest,shadow,6,2,4
Гундяй,soulflayer,192,priest,shadow,6,2,4
Otheym,the-maelstrom,192,priest,shadow,6,2,4
Oknelim,blackmoore,192,priest,shadow,6,2,4
Ørbänvîktôrx,ragnaros,192,priest,shadow,6,2,4
Velansera,argent-dawn,192,priest,shadow,6,2,4
Шестьнадцать,gordunni,192,priest,shadow,6,2,4
Сайннз,howling-fjord,192,priest,shadow,6,2,4
Сорвиголов,howling-fjord,192,priest,shadow,6,2,4
Illordz,nemesis,192,priest,shadow,6,2,4
Дашажмитучу,howling-fjord,192,priest,shadow,6,2,4
Buan,blackmoore,192,priest,shadow,6,2,4
Turah,the-maelstrom,192,priest,shadow,6,2,4
Amáni,die-aldor,192,priest,shadow,6,2,4
Joezero,the-maelstrom,192,priest,shadow,6,2,4
Волкановская,eversong,192,priest,shadow,6,2,4
Zikár,kazzak,192,priest,shadow,6,2,4
Forhandleren,draenor,192,priest,shadow,6,2,4
Shokkapriest,draenor,192,priest,shadow,6,2,4
Bòóny,ravencrest,192,priest,shadow,6,2,4
Shroomza,blackmoore,192,priest,shadow,6,2,4
Jarnary,blackmoore,192,priest,shadow,6,2,4
Rallzken,stormscale,192,priest,shadow,6,2,4
Нефрида,gordunni,192,priest,shadow,6,2,4
Мсикатана,gordunni,192,priest,shadow,6,2,4
Omejan,frostmane,192,priest,shadow,6,2,4
Nomarak,drakthul,192,priest,shadow,6,2,4
Elëctra,vashj,192,priest,shadow,6,2,4
Lugburzz,draenor,192,priest,shadow,6,2,4
Rustyroll,stormscale,192,priest,shadow,6,2,4
Crazyname,outland,192,priest,shadow,6,2,4
Chekkó,blackrock,192,priest,shadow,6,2,4
Funstopshere,ravencrest,192,priest,shadow,6,2,4
Xaeroow,archimonde,192,priest,shadow,6,2,4
Esthea,malganis,192,priest,shadow,6,2,4
Calïxløve,der-rat-von-dalaran,192,priest,shadow,6,2,4
Deternity,stormscale,192,priest,shadow,6,2,4
Lythra,burning-legion,192,priest,shadow,6,2,4
Purplereign,stormscale,192,priest,shadow,6,2,4
Reïny,tarren-mill,192,priest,shadow,6,2,4
Wsp,tarren-mill,192,priest,shadow,6,2,4
Clemexyo,stormscale,192,priest,shadow,6,2,4
Sephìrøth,malganis,192,priest,shadow,6,2,4
Безмездная,gordunni,192,priest,shadow,6,2,4
Hadsup,stormscale,192,priest,shadow,6,2,4
Azshanna,argent-dawn,192,priest,shadow,6,2,4
Alpharîus,argent-dawn,192,priest,shadow,6,2,4
Lèviåthån,stormscale,192,priest,shadow,6,2,4
Wiglere,argent-dawn,192,priest,shadow,6,2,4
Периссвет,thermaplugg,192,priest,shadow,6,2,4
Shmoly,stormscale,192,priest,shadow,6,2,4
Lollithu,argent-dawn,192,priest,shadow,6,2,4
Бихар,gordunni,192,priest,shadow,10,2,8
Awcute,kazzak,192,priest,shadow,12,2,10
Wortmonster,malganis,192,priest,shadow,12,2,10
Noir,nemesis,192,priest,shadow,12,2,10
Господствуй,gordunni,192,priest,shadow,12,2,10
Andorelya,blackhand,191,priest,shadow,6,2,4
Girlidlion,twisting-nether,159,priest,shadow,5,2,3
Edoran,ragnaros,159,priest,shadow,5,2,3
Qku,ravencrest,144,priest,shadow,9,3,6
Føxy,emerald-dream,138,priest,shadow,7,3,4
Alswynn,draenor,138,priest,shadow,13,3,10
Heeyø,drakthul,128,priest,shadow,4,2,2
Yologrumples,tarren-mill,128,priest,shadow,4,2,2
Kasimobbel,alexstrasza,112,priest,shadow,13,2,11
Vampirski,kazzak,96,priest,shadow,3,2,1
Aureï,khaz-modan,96,priest,shadow,3,2,1
Infâme,culte-de-la-rive-noire,96,priest,shadow,6,1,5
Kales,grim-batol,96,priest,shadow,6,1,5
Tryagain,ravencrest,96,priest,shadow,6,1,5
Prostamolle,conseil-des-ombres,96,priest,shadow,6,1,5
Bij,outland,96,priest,shadow,6,1,5
Adev,drakthul,96,priest,shadow,6,1,5
Radenox,stormscale,96,priest,shadow,6,1,5
Nestélle,drakthul,96,priest,shadow,6,1,5
Higgle,argent-dawn,96,priest,shadow,6,1,5
Vès,stormscale,96,priest,shadow,6,1,5
Попячебрило,gordunni,96,priest,shadow,6,1,5
Nelpriest,hyjal,96,priest,shadow,6,1,5
Scrotoepalle,nemesis,96,priest,shadow,6,1,5
Vtqt,outland,96,priest,shadow,6,1,5
Exila,rashgarroth,96,priest,shadow,6,1,5
Soulmedic,draenor,96,priest,shadow,6,1,5
Abudhabi,blackhand,96,priest,shadow,6,1,5
Skitcy,ghostlands,96,priest,shadow,6,1,5
Izarath,outland,96,priest,shadow,6,1,5
Uwucatgir,silvermoon,96,priest,shadow,6,1,5
Maddøc,die-aldor,96,priest,shadow,6,1,5
Абсорбиболь,howling-fjord,96,priest,shadow,6,1,5
Ölümsüz,blackmoore,96,priest,shadow,6,1,5
Мегаствол,howling-fjord,96,priest,shadow,6,1,5
Míllerzz,ragnaros,96,priest,shadow,6,1,5
Ghostroller,pozzo-delleternità,96,priest,shadow,6,1,5
Baltrom,ravencrest,96,priest,shadow,6,1,5
Zukatana,tarren-mill,96,priest,shadow,6,1,5
Bädx,silvermoon,96,priest,shadow,6,1,5
Serach,ravencrest,96,priest,shadow,6,1,5
Чупатаявошь,soulflayer,96,priest,shadow,6,1,5
Príêstjklòl,stormscale,96,priest,shadow,6,1,5
Nextdawn,kazzak,96,priest,shadow,6,1,5
Shonsized,argent-dawn,96,priest,shadow,6,1,5
Gobie,sunstrider,96,priest,shadow,6,1,5
Kianprie,silvermoon,96,priest,shadow,6,1,5
Arliston,draenor,96,priest,shadow,6,1,5
Koíré,defias-brotherhood,96,priest,shadow,6,1,5
Катранасс,eversong,96,priest,shadow,6,1,5
Anariell,ravencrest,96,priest,shadow,6,1,5
Nukksch,antonidas,96,priest,shadow,6,1,5
Winstõn,sanguino,96,priest,shadow,6,1,5
Enduring,darksorrow,96,priest,shadow,6,1,5
Hampådenbååd,kazzak,96,priest,shadow,6,1,5
Chimara,eredar,96,priest,shadow,6,1,5
Deicidex,blackrock,96,priest,shadow,6,1,5
Stola,archimonde,96,priest,shadow,6,1,5
Corefusion,blackrock,96,priest,shadow,6,1,5
Anglaran,hellscream,96,priest,shadow,6,1,5
Löô,archimonde,96,priest,shadow,6,1,5
Jakepriest,twisting-nether,96,priest,shadow,6,1,5
Endlin,silvermoon,96,priest,shadow,6,1,5
Tøucher,silvermoon,96,priest,shadow,6,1,5
Rines,thrall,96,priest,shadow,6,1,5
Câtryona,sylvanas,96,priest,shadow,12,1,11
Tiras,argent-dawn,96,priest,shadow,12,1,11
Peesussy,kazzak,79,priest,shadow,5,1,4
Xavyos,eredar,64,priest,shadow,4,1,3
Gandals,shadowsong,64,priest,shadow,4,1,3
Xharyo,ravencrest,64,priest,shadow,4,1,3
Бледноват,ashenvale,63,priest,shadow,2,2,0
Achesita,sylvanas,48,priest,shadow,3,1,2
Møldark,silvermoon,48,priest,shadow,3,1,2
Psyp,kazzak,42,priest,shadow,8,2,6
Holyhigh,baelgun,31,priest,shadow,2,1,1
Mjuk,tarren-mill,16,priest,shadow,1,1,0
Rãz,stormscale,2130,rogue,outlaw,66,36,30
Krixor,ravencrest,1851,rogue,outlaw,108,53,55
Макевин,gordunni,1847,rogue,outlaw,94,45,49
Kekuriix,vashj,1796,rogue,outlaw,130,66,64
Дизелюжн,howling-fjord,1744,rogue,outlaw,242,119,123
Феинт,galakrond,1739,rogue,outlaw,48,19,29
Lidiaubaro,ravencrest,1725,rogue,outlaw,362,185,177
Yessa,argent-dawn,1721,rogue,outlaw,36,18,18
Koopa,argent-dawn,1666,rogue,outlaw,60,29,31
Kreayx,ysondre,1666,rogue,outlaw,42,19,23
Radiogodx,stormscale,1660,rogue,outlaw,163,79,84
Jalsket,tarren-mill,1637,rogue,outlaw,48,25,23
Scotlander,argent-dawn,1627,rogue,outlaw,60,34,26
Kreay,ysondre,1620,rogue,outlaw,42,20,22
Ålûñàhlulz,kilrogg,1604,rogue,outlaw,48,30,18
Estriil,dalaran,1603,rogue,outlaw,42,24,18
Kreay,tarren-mill,1576,rogue,outlaw,40,29,11
Syrn,ravencrest,1559,rogue,outlaw,66,31,35
Nèwt,aggramar,1528,rogue,outlaw,126,65,61
Izzmonab,blackmoore,1519,rogue,outlaw,24,16,8
Chillo,ravencrest,1511,rogue,outlaw,46,22,24
Ранконх,lich-king,1502,rogue,outlaw,50,17,33
Bannedfrigid,outland,1501,rogue,outlaw,66,25,41
Зувер,blackscar,1494,rogue,outlaw,106,57,49
Deevoll,tarren-mill,1481,rogue,outlaw,102,45,57
Sigleif,argent-dawn,1471,rogue,outlaw,111,57,54
Shredfngrz,garona,1455,rogue,outlaw,44,22,22
Loubina,silvermoon,1446,rogue,outlaw,36,16,20
Carvyn,defias-brotherhood,1443,rogue,outlaw,111,59,52
Bonelesschic,silvermoon,1435,rogue,outlaw,155,82,73
Delrøq,draenor,1435,rogue,outlaw,76,40,36
Zbojník,ravencrest,1434,rogue,outlaw,36,15,21
Röguetönerö,dun-modr,1429,rogue,outlaw,77,28,49
Déjávu,ravencrest,1426,rogue,outlaw,30,15,15
Cryneth,ravencrest,1373,rogue,outlaw,51,25,26
Åråmsëß,grim-batol,1357,rogue,outlaw,25,16,9
Tidløs,dun-morogh,1349,rogue,outlaw,65,28,37
Pistolpete,grim-batol,1343,rogue,outlaw,30,14,16
Callmerose,ravencrest,1334,rogue,outlaw,24,14,10
Джулт,soulflayer,1334,rogue,outlaw,48,17,31
Murkyy,gilneas,1329,rogue,outlaw,32,16,16
Djeud,archimonde,1325,rogue,outlaw,64,34,30
Jasolo,silvermoon,1314,rogue,outlaw,383,201,182
Pasarelo,dun-modr,1311,rogue,outlaw,41,18,23
Örog,hyjal,1288,rogue,outlaw,47,26,21
Mawrat,mazrigos,1248,rogue,outlaw,30,13,17
Ðaegr,ravencrest,1240,rogue,outlaw,54,26,28
Dimmu,haomarush,1224,rogue,outlaw,53,24,29
Sqz,archimonde,1222,rogue,outlaw,30,18,12
Cipusan,kazzak,1219,rogue,outlaw,24,13,11
Шторкаа,gordunni,1214,rogue,outlaw,33,19,14
Zapunk,argent-dawn,1213,rogue,outlaw,41,14,27
Omgjkgtfo,ravencrest,1207,rogue,outlaw,30,13,17
Jinzou,blackmoore,1200,rogue,outlaw,51,27,24
Rasponi,ragnaros,1174,rogue,outlaw,60,29,31
Xsanji,kazzak,1140,rogue,outlaw,30,12,18
Rivso,auchindoun,1118,rogue,outlaw,41,14,27
Lättja,hyjal,1059,rogue,outlaw,24,12,12
Eukaryot,aggra-português,1054,rogue,outlaw,24,11,13
Terya,ragnaros,1052,rogue,outlaw,30,11,19
Bxtchslayer,blackmoore,1044,rogue,outlaw,35,21,14
Génn,silvermoon,1041,rogue,outlaw,44,21,23
Svddendeath,ragnaros,1034,rogue,outlaw,24,11,13
Spiochrr,burning-legion,1024,rogue,outlaw,66,26,40
Melahl,kazzak,1021,rogue,outlaw,71,39,32
Soothinqq,emerald-dream,963,rogue,outlaw,23,15,8
Lïke,frostwolf,960,rogue,outlaw,18,10,8
Foulsteel,stormscale,951,rogue,outlaw,18,10,8
Neolamer,pozzo-delleternità,937,rogue,outlaw,56,23,33
Omuspan,magtheridon,881,rogue,outlaw,66,28,38
Жижель,howling-fjord,859,rogue,outlaw,18,9,9
Mirajen,archimonde,832,rogue,outlaw,29,9,20
Mcgora,doomhammer,820,rogue,outlaw,30,12,18
Hânnäh,hyjal,805,rogue,outlaw,42,18,24
Zep,auchindoun,768,rogue,outlaw,12,8,4
Bikrut,hyjal,768,rogue,outlaw,12,8,4
Gerzy,drakthul,768,rogue,outlaw,18,8,10
Vokhun,outland,768,rogue,outlaw,18,8,10
Alizwood,aegwynn,767,rogue,outlaw,18,10,8
Okani,hyjal,761,rogue,outlaw,18,8,10
Dredge,kaelthas,761,rogue,outlaw,24,8,16
Blàckbèàrd,silvermoon,753,rogue,outlaw,36,13,23
Shichi,archimonde,751,rogue,outlaw,23,8,15
Riviele,argent-dawn,732,rogue,outlaw,14,9,5
Viligar,kazzak,687,rogue,outlaw,21,8,13
Dían,ravencrest,672,rogue,outlaw,12,7,5
Dêlaral,der-rat-von-dalaran,672,rogue,outlaw,16,8,8
Kidneyou,ragnaros,672,rogue,outlaw,18,7,11
Rogiko,twisting-nether,672,rogue,outlaw,18,7,11
Trixnaz,silvermoon,671,rogue,outlaw,18,7,11
Skygann,burning-legion,670,rogue,outlaw,12,7,5
Badabôôm,wrathbringer,670,rogue,outlaw,18,7,11
Cornvus,burning-legion,658,rogue,outlaw,12,7,5
Фофламидзе,gordunni,611,rogue,outlaw,15,7,8
Shåð,zuljin,576,rogue,outlaw,12,6,6
Pidroseus,argent-dawn,575,rogue,outlaw,12,6,6
Маллестар,ashenvale,575,rogue,outlaw,12,6,6
Noodlegoose,tarren-mill,575,rogue,outlaw,12,6,6
Anom,kargath,575,rogue,outlaw,12,6,6
Кингксу,gordunni,575,rogue,outlaw,24,6,18
Rã,archimonde,574,rogue,outlaw,12,6,6
Тимареканец,eversong,572,rogue,outlaw,18,6,12
Gloomykenny,tarren-mill,543,rogue,outlaw,17,6,11
Zômbiê,blackrock,491,rogue,outlaw,13,6,7
Tåxic,sylvanas,480,rogue,outlaw,6,5,1
Arathir,ravencrest,480,rogue,outlaw,12,7,5
Fivepoint,blackmoore,480,rogue,outlaw,12,5,7
Faoil,defias-brotherhood,480,rogue,outlaw,12,5,7
Featfawkes,ragnaros,480,rogue,outlaw,12,5,7
Ладжо,gordunni,480,rogue,outlaw,18,5,13
Alatheril,argent-dawn,479,rogue,outlaw,12,5,7
Toxîne,archimonde,479,rogue,outlaw,12,5,7
Nocrath,blades-edge,479,rogue,outlaw,12,5,7
Djsapblindx,archimonde,479,rogue,outlaw,18,5,13
Hosenpinkler,lordaeron,478,rogue,outlaw,12,5,7
Darkchomeur,archimonde,384,rogue,outlaw,6,4,2
Backstabjr,blackmoore,384,rogue,outlaw,6,4,2
Synexo,sylvanas,384,rogue,outlaw,12,4,8
Machmacan,thrall,384,rogue,outlaw,12,4,8
Mïta,blackmoore,383,rogue,outlaw,6,4,2
Alena,arathi,383,rogue,outlaw,6,4,2
Groendienst,quelthalas,381,rogue,outlaw,12,4,8
Aaronblade,aggra-português,379,rogue,outlaw,12,4,8
Trímønâ,gorgonnash,351,rogue,outlaw,11,4,7
Masteez,ahnqiraj,318,rogue,outlaw,5,4,1
Onlyluvhurt,dun-modr,288,rogue,outlaw,6,3,3
Mol,defias-brotherhood,288,rogue,outlaw,6,3,3
Играючестно,howling-fjord,288,rogue,outlaw,6,3,3
Shadxwstep,ravencrest,288,rogue,outlaw,6,3,3
Фораст,gordunni,288,rogue,outlaw,6,3,3
Cigarette,emeriss,288,rogue,outlaw,6,3,3
Szpachela,burning-legion,288,rogue,outlaw,12,3,9
Finisher,sanguino,288,rogue,outlaw,12,3,9
Cobaka,blackrock,288,rogue,outlaw,12,3,9
Heulleise,die-ewige-wacht,288,rogue,outlaw,12,3,9
Ванэйти,gordunni,287,rogue,outlaw,6,3,3
Helax,turalyon,287,rogue,outlaw,12,3,9
Blackmetall,aegwynn,286,rogue,outlaw,12,3,9
Сереф,gordunni,239,rogue,outlaw,5,3,2
Barisso,burning-legion,223,rogue,outlaw,8,3,5
Cardsharkjoe,argent-dawn,223,rogue,outlaw,14,3,11
Razaah,ravencrest,192,rogue,outlaw,6,2,4
Snøv,outland,192,rogue,outlaw,6,2,4
Оргельна,gordunni,192,rogue,outlaw,6,2,4
Invisage,grim-batol,192,rogue,outlaw,6,2,4
Cheapshotwin,nethersturm,192,rogue,outlaw,6,2,4
Nyxal,argent-dawn,192,rogue,outlaw,6,2,4
Sneakysteve,bloodfeather,192,rogue,outlaw,6,2,4
Shåggy,vashj,192,rogue,outlaw,6,2,4
Nomota,sanguino,192,rogue,outlaw,6,2,4
Zind,dalaran,192,rogue,outlaw,6,2,4
Banaulikode,twisting-nether,192,rogue,outlaw,6,2,4
Zyhmø,archimonde,192,rogue,outlaw,6,2,4
Rashaz,blackhand,192,rogue,outlaw,6,2,4
Stunlock,silvermoon,192,rogue,outlaw,6,2,4
Swaeard,ravencrest,192,rogue,outlaw,6,2,4
Berneo,burning-legion,192,rogue,outlaw,6,2,4
Dawnsaber,argent-dawn,192,rogue,outlaw,6,2,4
Paralisis,zuljin,192,rogue,outlaw,6,2,4
Alvoriace,hyjal,192,rogue,outlaw,12,2,10
Shinõbikék,outland,175,rogue,outlaw,11,2,9
Valtesse,medivh,159,rogue,outlaw,5,2,3
Piperx,ravencrest,159,rogue,outlaw,11,2,9
Геопанк,howling-fjord,144,rogue,outlaw,3,3,0
Zyreanxy,blackrock,138,rogue,outlaw,10,3,7
Tipok,tarren-mill,136,rogue,outlaw,17,3,14
Ñøway,archimonde,96,rogue,outlaw,3,2,1
Yüm,burning-blade,96,rogue,outlaw,6,1,5
Dritzdourden,dun-modr,96,rogue,outlaw,6,1,5
Аутянин,soulflayer,96,rogue,outlaw,6,1,5
Mallaurya,dalaran,96,rogue,outlaw,6,1,5
Akira,outland,96,rogue,outlaw,6,1,5
Vaze,ravencrest,96,rogue,outlaw,6,1,5
Ciaordel,sylvanas,96,rogue,outlaw,6,1,5
Леронда,deepholm,96,rogue,outlaw,6,1,5
Natillaa,dun-modr,96,rogue,outlaw,6,1,5
Feucht,argent-dawn,96,rogue,outlaw,6,1,5
Sty,aerie-peak,96,rogue,outlaw,6,1,5
Ótsutsukí,kazzak,96,rogue,outlaw,6,1,5
Jester,bladefist,96,rogue,outlaw,12,1,11
Tiltman,dun-morogh,79,rogue,outlaw,5,1,4
Nabatean,magtheridon,48,rogue,outlaw,3,1,2
Getbleeded,stormscale,31,rogue,outlaw,2,1,1
Ncroxd,ravencrest,2316,rogue,subtlety,72,56,16
Naláa,ravencrest,2270,rogue,subtlety,174,95,79
Howton,archimonde,2268,rogue,subtlety,72,45,27
Cazzette,ravencrest,2204,rogue,subtlety,81,48,33
Asumah,ravencrest,2200,rogue,subtlety,90,55,35
Shoxy,ravencrest,2195,rogue,subtlety,82,49,33
Pridå,ravencrest,2185,rogue,subtlety,82,45,37
Ncrø,aszune,2182,rogue,subtlety,73,46,27
Лолелт,borean-tundra,2131,rogue,subtlety,104,53,51
Makethemrog,archimonde,2130,rogue,subtlety,118,63,55
Ewynarog,silvermoon,2129,rogue,subtlety,65,37,28
Nàsklolz,hyjal,2117,rogue,subtlety,84,45,39
Lfgenjoyer,tarren-mill,2114,rogue,subtlety,126,77,49
Änanké,outland,2108,rogue,subtlety,90,47,43
Denjinx,culte-de-la-rive-noire,2107,rogue,subtlety,78,43,35
Pridå,thrall,2107,rogue,subtlety,78,41,37
Sunø,archimonde,2052,rogue,subtlety,181,88,93
Smøkyyx,eredar,2046,rogue,subtlety,76,40,36
Vulkos,lightbringer,2041,rogue,subtlety,111,56,55
Asm,the-maelstrom,2023,rogue,subtlety,94,46,48
Эмилилавс,galakrond,2015,rogue,subtlety,182,107,75
Fîññ,ravencrest,2014,rogue,subtlety,60,35,25
Troxerboxer,tarren-mill,2000,rogue,subtlety,60,32,28
Chatdisabled,drakthul,1990,rogue,subtlety,173,91,82
Guççí,blackrock,1982,rogue,subtlety,83,49,34
Смертьвсмоке,gordunni,1981,rogue,subtlety,284,141,143
Лолелт,howling-fjord,1977,rogue,subtlety,54,33,21
Пожилойпупь,gordunni,1971,rogue,subtlety,47,29,18
Chatbann,blackrock,1969,rogue,subtlety,178,102,76
Pulvèr,dalaran,1968,rogue,subtlety,66,38,28
Renhri,burning-legion,1968,rogue,subtlety,220,122,98
Aythusha,twisting-nether,1957,rogue,subtlety,54,31,23
Drydamage,kazzak,1957,rogue,subtlety,131,69,62
Iqws,ravencrest,1954,rogue,subtlety,66,38,28
Lówskill,outland,1953,rogue,subtlety,236,127,109
Magepèt,tarren-mill,1946,rogue,subtlety,130,73,57
Сильфитт,gordunni,1945,rogue,subtlety,76,44,32
Флексити,soulflayer,1939,rogue,subtlety,114,59,55
Tracersxrude,ravencrest,1938,rogue,subtlety,131,62,69
Lkzx,archimonde,1936,rogue,subtlety,77,34,43
Kallelelel,tarren-mill,1933,rogue,subtlety,42,26,16
Terrorman,ravencrest,1932,rogue,subtlety,60,34,26
Nothingleft,draenor,1918,rogue,subtlety,143,76,67
Unìque,sylvanas,1918,rogue,subtlety,96,51,45
Physic,silvermoon,1915,rogue,subtlety,70,39,31
Asterisyup,silvermoon,1909,rogue,subtlety,89,55,34
Vensq,drakthul,1905,rogue,subtlety,66,36,30
Zuqzwang,outland,1901,rogue,subtlety,54,30,24
Clawdíte,blackrock,1895,rogue,subtlety,48,21,27
Çhimaev,ravencrest,1886,rogue,subtlety,28,21,7
Rãz,stormscale,1880,rogue,subtlety,48,31,17
Xiro,dalaran,1879,rogue,subtlety,66,32,34
Sapécomejaja,archimonde,1866,rogue,subtlety,38,24,14
Malasap,archimonde,1861,rogue,subtlety,241,130,111
Sfyr,ysondre,1858,rogue,subtlety,112,65,47
Liquidité,azuremyst,1858,rogue,subtlety,176,98,78
Brensø,nemesis,1857,rogue,subtlety,99,60,39
Âkame,argent-dawn,1853,rogue,subtlety,59,32,27
Nahj,ravencrest,1851,rogue,subtlety,42,28,14
Teskes,tyrande,1846,rogue,subtlety,102,58,44
Slapshot,das-konsortium,1845,rogue,subtlety,54,28,26
Amén,sanguino,1833,rogue,subtlety,60,27,33
Shadezlöl,ravencrest,1832,rogue,subtlety,262,131,131
Nøctürnë,archimonde,1829,rogue,subtlety,42,26,16
Bleakhøuse,ravencrest,1829,rogue,subtlety,58,29,29
Illmatíc,ravencrest,1828,rogue,subtlety,56,29,27
Dêlaral,der-mithrilorden,1828,rogue,subtlety,72,36,36
Lízåriñ,ravencrest,1827,rogue,subtlety,48,38,10
Randomidiot,ravencrest,1825,rogue,subtlety,54,33,21
Chizué,sylvanas,1824,rogue,subtlety,54,34,20
Noraex,silvermoon,1822,rogue,subtlety,81,47,34
Тохуо,lich-king,1822,rogue,subtlety,42,20,22
Погибайдуде,gordunni,1821,rogue,subtlety,41,34,7
Роземсти,gordunni,1821,rogue,subtlety,180,95,85
Subzerõ,archimonde,1820,rogue,subtlety,220,104,116
Radiogodx,stormscale,1817,rogue,subtlety,60,31,29
Abej,malygos,1813,rogue,subtlety,48,23,25
Çåñçér,sylvanas,1810,rogue,subtlety,66,30,36
Keophz,tarren-mill,1809,rogue,subtlety,140,90,50
Keeganx,tarren-mill,1808,rogue,subtlety,71,39,32
Ладжо,gordunni,1808,rogue,subtlety,108,54,54
Лайнэл,deathweaver,1807,rogue,subtlety,60,37,23
Gløøm,ravencrest,1806,rogue,subtlety,42,23,19
Ooqu,silvermoon,1804,rogue,subtlety,30,23,7
Xtoyo,zuljin,1804,rogue,subtlety,54,29,25
Социалистсс,gordunni,1800,rogue,subtlety,80,41,39
Sbx,alakir,1796,rogue,subtlety,84,50,34
Insomnla,silvermoon,1796,rogue,subtlety,126,67,59
Sly,emerald-dream,1789,rogue,subtlety,66,36,30
Rindar,dun-modr,1788,rogue,subtlety,116,69,47
Featfawkes,ragnaros,1787,rogue,subtlety,78,41,37
Stonyhavana,ravencrest,1785,rogue,subtlety,84,49,35
Sariena,sylvanas,1781,rogue,subtlety,137,73,64
Shadowprank,ravencrest,1774,rogue,subtlety,84,44,40
Kenjí,silvermoon,1769,rogue,subtlety,131,66,65
Calestrian,tarren-mill,1768,rogue,subtlety,60,32,28
Иждолк,gordunni,1765,rogue,subtlety,108,58,50
Namelless,twisting-nether,1765,rogue,subtlety,108,58,50
Bruckmann,ragnaros,1762,rogue,subtlety,47,23,24
Lhitriân,saurfang,1753,rogue,subtlety,36,20,16
Stråwberrý,archimonde,1753,rogue,subtlety,57,28,29
Lilaven,turalyon,1753,rogue,subtlety,108,53,55
Trîçk,aegwynn,1747,rogue,subtlety,78,43,35
Cheapshôt,archimonde,1741,rogue,subtlety,152,84,68
Инфера,lich-king,1741,rogue,subtlety,72,33,39
Рели,blackscar,1739,rogue,subtlety,66,35,31
Zzemzza,kazzak,1738,rogue,subtlety,53,32,21
Путьказаха,gordunni,1737,rogue,subtlety,54,31,23
Cheapshotwin,nethersturm,1733,rogue,subtlety,36,20,16
Ccedox,stormscale,1729,rogue,subtlety,30,20,10
Sunøbrain,archimonde,1729,rogue,subtlety,46,25,21
Grifika,outland,1725,rogue,subtlety,87,56,31
Китей,howling-fjord,1723,rogue,subtlety,78,40,38
Knutten,wildhammer,1719,rogue,subtlety,101,58,43
Ninjaassasin,aegwynn,1718,rogue,subtlety,100,60,40
Naïmitsu,hyjal,1717,rogue,subtlety,102,53,49
Брайнз,gordunni,1716,rogue,subtlety,78,53,25
Sábros,ravencrest,1714,rogue,subtlety,108,50,58
Хавиа,gordunni,1712,rogue,subtlety,59,37,22
Rinj,antonidas,1712,rogue,subtlety,42,22,20
Holaszemed,ragnaros,1711,rogue,subtlety,72,37,35
Røgger,ragnaros,1706,rogue,subtlety,131,61,70
Бладстейн,blackscar,1704,rogue,subtlety,94,53,41
Yumiee,arygos,1697,rogue,subtlety,80,44,36
Rhayesh,silvermoon,1694,rogue,subtlety,106,51,55
Ålleyézonme,ravencrest,1694,rogue,subtlety,233,109,124
Nippzy,twisting-nether,1691,rogue,subtlety,108,69,39
Ishízu,exodar,1690,rogue,subtlety,90,44,46
Knoffchad,blackhand,1689,rogue,subtlety,140,74,66
Mâêl,blackmoore,1689,rogue,subtlety,155,80,75
Denjastwo,archimonde,1686,rogue,subtlety,30,21,9
Azirios,kazzak,1676,rogue,subtlety,88,47,41
Rantie,eredar,1675,rogue,subtlety,30,18,12
Crøweta,argent-dawn,1674,rogue,subtlety,36,23,13
Çvß,kazzak,1673,rogue,subtlety,36,22,14
Anr,burning-legion,1670,rogue,subtlety,46,26,20
Architeggt,eredar,1669,rogue,subtlety,96,43,53
Xzr,stormscale,1668,rogue,subtlety,36,27,9
Notôríous,ravencrest,1668,rogue,subtlety,54,29,25
Воронкхал,ashenvale,1668,rogue,subtlety,60,29,31
Memphismp,drakthul,1667,rogue,subtlety,35,18,17
Ccedolol,stormscale,1666,rogue,subtlety,71,38,33
Zerotyluv,silvermoon,1652,rogue,subtlety,30,20,10
Fivepoint,blackmoore,1652,rogue,subtlety,30,20,10
Handuil,blackmoore,1647,rogue,subtlety,205,108,97
Subsònik,tarren-mill,1645,rogue,subtlety,52,31,21
Jëllyxøxø,twisting-nether,1644,rogue,subtlety,128,72,56
Rímen,archimonde,1644,rogue,subtlety,48,18,30
Txm,argent-dawn,1643,rogue,subtlety,42,22,20
Søllek,culte-de-la-rive-noire,1642,rogue,subtlety,36,22,14
Getschwîfty,ravencrest,1639,rogue,subtlety,27,18,9
Tanssy,ragnaros,1638,rogue,subtlety,56,32,24
Dancex,kazzak,1634,rogue,subtlety,42,28,14
Дэмайо,gordunni,1632,rogue,subtlety,42,25,17
Doritomix,dun-modr,1628,rogue,subtlety,44,26,18
Кишмякх,howling-fjord,1627,rogue,subtlety,78,28,50
Lânnïster,kazzak,1626,rogue,subtlety,42,20,22
Ÿøßø,archimonde,1623,rogue,subtlety,42,24,18
Whîspyr,blackmoore,1623,rogue,subtlety,42,21,21
Tinylol,dun-morogh,1620,rogue,subtlety,54,32,22
Monero,thrall,1617,rogue,subtlety,61,38,23
Морзо,howling-fjord,1617,rogue,subtlety,72,43,29
Stormhardt,stormscale,1616,rogue,subtlety,51,21,30
Oczku,burning-legion,1612,rogue,subtlety,30,17,13
Slimshadyqt,terokkar,1608,rogue,subtlety,42,22,20
Meccura,silvermoon,1607,rogue,subtlety,93,53,40
Kickcake,ravencrest,1607,rogue,subtlety,62,32,30
Starfighter,pozzo-delleternità,1606,rogue,subtlety,73,38,35
Dìsørderx,ravencrest,1605,rogue,subtlety,82,44,38
Háttori,twisting-nether,1604,rogue,subtlety,42,24,18
Ratirl,kult-der-verdammten,1603,rogue,subtlety,30,19,11
Kidneyyou,blackmoore,1602,rogue,subtlety,65,32,33
Aszaryn,magtheridon,1601,rogue,subtlety,54,32,22
Эдкенуэй,gordunni,1600,rogue,subtlety,125,73,52
Sunå,archimonde,1600,rogue,subtlety,36,19,17
Moroz,ravencrest,1598,rogue,subtlety,36,20,16
Хасилей,booty-bay,1596,rogue,subtlety,116,59,57
Ipresskidney,tarren-mill,1595,rogue,subtlety,152,84,68
Dawnsaber,argent-dawn,1593,rogue,subtlety,36,21,15
Rakzena,ravencrest,1592,rogue,subtlety,30,18,12
Sniiky,kazzak,1586,rogue,subtlety,138,76,62
Azziinoth,ragnaros,1586,rogue,subtlety,42,17,25
Nitroxygen,outland,1585,rogue,subtlety,38,22,16
Evivalarte,burning-legion,1585,rogue,subtlety,61,34,27
Baldoh,kazzak,1584,rogue,subtlety,36,24,12
Sÿkz,hyjal,1584,rogue,subtlety,52,22,30
Вр,blackscar,1582,rogue,subtlety,30,18,12
Deadraw,aegwynn,1582,rogue,subtlety,36,19,17
Oxyrog,ravencrest,1580,rogue,subtlety,42,22,20
Royalflüx,grim-batol,1579,rogue,subtlety,69,37,32
Smílèy,ravencrest,1572,rogue,subtlety,36,18,18
Shyy,dun-modr,1572,rogue,subtlety,54,26,28
Старллесс,gordunni,1570,rogue,subtlety,224,122,102
Bloodsmell,outland,1568,rogue,subtlety,65,40,25
Madisonivyqt,blackmoore,1568,rogue,subtlety,76,40,36
Zôuloulou,archimonde,1566,rogue,subtlety,51,31,20
Zilemjr,stormscale,1566,rogue,subtlety,104,59,45
Djswaghetti,stormscale,1566,rogue,subtlety,36,18,18
Счастливое,howling-fjord,1565,rogue,subtlety,86,46,40
Зорго,deathguard,1564,rogue,subtlety,60,34,26
Lotorr,burning-legion,1563,rogue,subtlety,86,43,43
Grindz,ravencrest,1562,rogue,subtlety,340,180,160
Exiv,ragnaros,1561,rogue,subtlety,54,21,33
Reezr,stormscale,1559,rogue,subtlety,78,33,45
Сармонн,howling-fjord,1556,rogue,subtlety,60,41,19
Ziqqi,thrall,1556,rogue,subtlety,48,23,25
Liarø,archimonde,1555,rogue,subtlety,151,76,75
Loopermann,silvermoon,1550,rogue,subtlety,70,37,33
Exanimu,ravencrest,1550,rogue,subtlety,132,58,74
Pfourtwenty,eredar,1547,rogue,subtlety,36,18,18
Voki,dalaran,1546,rogue,subtlety,105,58,47
Droomprins,stormscale,1541,rogue,subtlety,42,23,19
Jaikka,archimonde,1539,rogue,subtlety,36,24,12
Meldee,burning-legion,1539,rogue,subtlety,42,21,21
Mxx,stormscale,1537,rogue,subtlety,151,89,62
Alexandra,kazzak,1534,rogue,subtlety,90,42,48
Zømbië,kazzak,1532,rogue,subtlety,194,93,101
Cøntrøl,stormreaver,1531,rogue,subtlety,108,58,50
Sinist,twisting-nether,1531,rogue,subtlety,50,23,27
Norlix,ravencrest,1527,rogue,subtlety,60,30,30
Susquehanna,ragnaros,1527,rogue,subtlety,54,25,29
Súpremé,ravencrest,1526,rogue,subtlety,54,35,19
Nihilix,dalaran,1526,rogue,subtlety,90,42,48
Chipicaua,silvermoon,1524,rogue,subtlety,30,16,14
Fivepointx,blackmoore,1523,rogue,subtlety,66,33,33
Kidknee,outland,1522,rogue,subtlety,36,18,18
Rogueas,stormscale,1521,rogue,subtlety,41,25,16
Skýfire,ravencrest,1519,rogue,subtlety,60,28,32
Шадовкилер,blackscar,1517,rogue,subtlety,90,48,42
Nopzs,outland,1516,rogue,subtlety,48,27,21
Dölf,archimonde,1515,rogue,subtlety,152,84,68
Бэрнии,howling-fjord,1513,rogue,subtlety,173,87,86
Roanz,stormreaver,1512,rogue,subtlety,43,22,21
Zodracir,scarshield-legion,1512,rogue,subtlety,36,17,19
Xãwé,kazzak,1509,rogue,subtlety,45,26,19
Yourexwifey,ravencrest,1508,rogue,subtlety,92,52,40
Shâdowfreeze,onyxia,1505,rogue,subtlety,66,36,30
Bahi,ysondre,1505,rogue,subtlety,36,16,20
Вагнеса,howling-fjord,1504,rogue,subtlety,89,46,43
Vögue,burning-legion,1500,rogue,subtlety,55,24,31
Calpic,sanguino,1498,rogue,subtlety,119,66,53
Tomassian,veknilash,1495,rogue,subtlety,27,18,9
Säxnthecrity,blackmoore,1495,rogue,subtlety,261,130,131
Эренх,gordunni,1493,rogue,subtlety,132,69,63
Абисиан,soulflayer,1490,rogue,subtlety,78,42,36
Dødgez,cthun,1489,rogue,subtlety,28,16,12
Akwaaba,ravencrest,1489,rogue,subtlety,81,38,43
Pérplèxîty,thrall,1487,rogue,subtlety,40,24,16
Шпилля,gordunni,1487,rogue,subtlety,77,38,39
Miiløx,silvermoon,1484,rogue,subtlety,47,20,27
Shadystabby,stormscale,1479,rogue,subtlety,41,22,19
Opaska,ravencrest,1479,rogue,subtlety,36,18,18
Kire,daggerspine,1478,rogue,subtlety,65,30,35
Ramses,onyxia,1478,rogue,subtlety,60,25,35
Maroshko,argent-dawn,1475,rogue,subtlety,36,20,16
Röguelol,outland,1475,rogue,subtlety,36,18,18
Doxxei,draenor,1474,rogue,subtlety,41,25,16
Ömme,archimonde,1474,rogue,subtlety,84,44,40
Распяздяй,gordunni,1469,rogue,subtlety,48,30,18
Grimdoll,tarren-mill,1468,rogue,subtlety,169,97,72
Spr,malfurion,1468,rogue,subtlety,106,58,48
Críppléz,ravencrest,1468,rogue,subtlety,84,43,41
Jaydeeñ,ravencrest,1468,rogue,subtlety,36,16,20
Neirdà,hyjal,1468,rogue,subtlety,43,19,24
Ghøstkid,blackrock,1467,rogue,subtlety,72,37,35
Tripleníne,silvermoon,1464,rogue,subtlety,59,34,25
Quq,kazzak,1463,rogue,subtlety,123,64,59
Jaqenhghar,pozzo-delleternità,1460,rogue,subtlety,88,48,40
Winwin,silvermoon,1459,rogue,subtlety,148,90,58
Ænutz,ysondre,1458,rogue,subtlety,33,18,15
Tonaxstab,ragnaros,1458,rogue,subtlety,42,21,21
Sashikorosu,archimonde,1457,rogue,subtlety,116,65,51
Ванэйти,gordunni,1457,rogue,subtlety,298,153,145
Absol,hellscream,1456,rogue,subtlety,48,29,19
Xkebyzlobg,outland,1455,rogue,subtlety,29,16,13
Johnnyprep,ravencrest,1454,rogue,subtlety,54,29,25
Sacrehptit,naxxramas,1450,rogue,subtlety,42,26,16
Nightq,tarren-mill,1450,rogue,subtlety,57,34,23
Helloimjohn,darksorrow,1449,rogue,subtlety,41,22,19
Critmaker,outland,1448,rogue,subtlety,24,16,8
Onlyluvhurt,dun-modr,1448,rogue,subtlety,88,47,41
Nâzaar,antonidas,1444,rogue,subtlety,54,33,21
Tinyshank,drakthul,1444,rogue,subtlety,50,28,22
Анивиана,howling-fjord,1444,rogue,subtlety,108,53,55
Flambî,dalaran,1443,rogue,subtlety,54,33,21
Mortnoïre,naxxramas,1443,rogue,subtlety,72,36,36
Rat,mazrigos,1440,rogue,subtlety,24,15,9
Inyria,outland,1438,rogue,subtlety,118,61,57
Aläen,ravencrest,1437,rogue,subtlety,37,20,17
Dêlaral,blackhand,1437,rogue,subtlety,30,15,15
Jáyjay,antonidas,1437,rogue,subtlety,54,23,31
Løre,blackrock,1437,rogue,subtlety,36,15,21
Тира,grom,1436,rogue,subtlety,30,15,15
Лютьер,soulflayer,1435,rogue,subtlety,120,62,58
Grzech,burning-legion,1435,rogue,subtlety,66,32,34
Veryscaryguý,twisting-nether,1434,rogue,subtlety,48,29,19
Ruck,madmortem,1434,rogue,subtlety,30,18,12
Trashbàg,alakir,1432,rogue,subtlety,30,15,15
Achterom,tarren-mill,1432,rogue,subtlety,128,59,69
Morgan,argent-dawn,1431,rogue,subtlety,60,35,25
Дернирог,howling-fjord,1431,rogue,subtlety,61,32,29
Strangeboy,ravencrest,1430,rogue,subtlety,24,15,9
Locgog,argent-dawn,1428,rogue,subtlety,24,15,9
Zayøn,outland,1425,rogue,subtlety,24,15,9
Dígga,nemesis,1425,rogue,subtlety,30,16,14
Ibizå,ravencrest,1423,rogue,subtlety,82,39,43
Shaeni,silvermoon,1421,rogue,subtlety,114,58,56
Zx,frostmane,1420,rogue,subtlety,36,17,19
Kidneyou,ragnaros,1419,rogue,subtlety,24,15,9
Trapstar,stormscale,1419,rogue,subtlety,67,34,33
Darkxenojiva,blackmoore,1415,rogue,subtlety,54,22,32
Xblackhole,tarren-mill,1414,rogue,subtlety,104,52,52
Elfreyja,archimonde,1413,rogue,subtlety,63,30,33
Lechatbotté,tarren-mill,1412,rogue,subtlety,42,27,15
Жабоклик,gordunni,1412,rogue,subtlety,92,47,45
Svddendeath,ragnaros,1412,rogue,subtlety,59,30,29
Сабик,howling-fjord,1410,rogue,subtlety,24,17,7
Wraithh,minahonda,1409,rogue,subtlety,42,25,17
Jamzyrogue,emerald-dream,1405,rogue,subtlety,36,19,17
Teba,cthun,1404,rogue,subtlety,40,19,21
Peechiyy,blackmoore,1402,rogue,subtlety,39,22,17
Lilrookie,argent-dawn,1401,rogue,subtlety,98,57,41
Ryzem,archimonde,1400,rogue,subtlety,315,168,147
Sumsarx,ravencrest,1400,rogue,subtlety,77,38,39
Daggerdashx,ravencrest,1398,rogue,subtlety,324,175,149
Fullblind,tarren-mill,1395,rogue,subtlety,43,23,20
Zeiden,sanguino,1393,rogue,subtlety,48,23,25
Rhûlf,ravencrest,1392,rogue,subtlety,55,27,28
Xalupa,dun-modr,1392,rogue,subtlety,36,15,21
Текин,howling-fjord,1391,rogue,subtlety,36,20,16
Cortzy,stormscale,1391,rogue,subtlety,40,15,25
Maam,ravencrest,1388,rogue,subtlety,42,25,17
Billybang,outland,1387,rogue,subtlety,88,48,40
Daekrun,argent-dawn,1387,rogue,subtlety,56,30,26
Бэтх,soulflayer,1386,rogue,subtlety,54,32,22
Rêve,the-maelstrom,1386,rogue,subtlety,34,19,15
Смекрус,soulflayer,1386,rogue,subtlety,117,59,58
Nìghtwalker,ravencrest,1384,rogue,subtlety,76,39,37
Дакоока,soulflayer,1378,rogue,subtlety,24,16,8
Zourkan,archimonde,1376,rogue,subtlety,223,119,104
Binbág,draenor,1375,rogue,subtlety,54,35,19
Местьбучи,howling-fjord,1374,rogue,subtlety,72,36,36
Trímønâ,gorgonnash,1374,rogue,subtlety,36,16,20
Crimatoria,rajaxx,1373,rogue,subtlety,51,23,28
Appatras,tarren-mill,1369,rogue,subtlety,23,15,8
Kryptonite,nemesis,1368,rogue,subtlety,52,27,25
Behindü,frostmane,1368,rogue,subtlety,54,27,27
Ванябигпуш,blackscar,1367,rogue,subtlety,36,17,19
Subhub,ragnaros,1366,rogue,subtlety,48,21,27
Gankbang,frostmane,1363,rogue,subtlety,78,35,43
Dópamine,hyjal,1362,rogue,subtlety,28,15,13
Dàwn,boulderfist,1361,rogue,subtlety,58,32,26
Galathea,turalyon,1359,rogue,subtlety,54,27,27
Gamezcorex,aegwynn,1353,rogue,subtlety,52,22,30
Кэйтлис,howling-fjord,1353,rogue,subtlety,42,17,25
Tripoid,draenor,1352,rogue,subtlety,48,21,27
Trimøná,gorgonnash,1351,rogue,subtlety,24,15,9
Ворейн,howling-fjord,1346,rogue,subtlety,60,28,32
Эквалири,gordunni,1345,rogue,subtlety,71,33,38
Azovrouge,terokkar,1344,rogue,subtlety,126,67,59
Freemmr,draenor,1344,rogue,subtlety,65,32,33
Såj,tarren-mill,1343,rogue,subtlety,30,14,16
Lilbubblegum,emerald-dream,1342,rogue,subtlety,24,14,10
Ipøuli,quelthalas,1341,rogue,subtlety,24,14,10
Tripx,ravencrest,1340,rogue,subtlety,121,64,57
Sùbzerø,archimonde,1340,rogue,subtlety,30,15,15
Althieves,ravencrest,1339,rogue,subtlety,94,51,43
Sapperinö,sylvanas,1339,rogue,subtlety,202,101,101
Зенофар,soulflayer,1338,rogue,subtlety,184,84,100
Monoxid,eredar,1335,rogue,subtlety,45,23,22
Jqmie,ravencrest,1335,rogue,subtlety,30,15,15
Yakio,silvermoon,1334,rogue,subtlety,48,19,29
Isucu,burning-legion,1333,rogue,subtlety,54,31,23
Ñavy,archimonde,1332,rogue,subtlety,78,33,45
Xeggy,turalyon,1329,rogue,subtlety,106,63,43
Evasión,aegwynn,1328,rogue,subtlety,30,16,14
Akira,outland,1327,rogue,subtlety,78,46,32
Bleeds,thrall,1324,rogue,subtlety,47,24,23
Txf,aegwynn,1323,rogue,subtlety,24,14,10
Солевыегубки,gordunni,1322,rogue,subtlety,24,14,10
Jenz,blackmoore,1321,rogue,subtlety,30,14,16
Roguebot,draenor,1320,rogue,subtlety,47,24,23
Mercyã,outland,1316,rogue,subtlety,54,29,25
Deathcvlt,hyjal,1316,rogue,subtlety,172,82,90
Saptrinket,stormscale,1316,rogue,subtlety,337,154,183
Midoa,nerathor,1315,rogue,subtlety,24,16,8
Leepz,outland,1314,rogue,subtlety,30,17,13
Shiréz,blackmoore,1310,rogue,subtlety,48,26,22
Boorza,silvermoon,1309,rogue,subtlety,30,16,14
Ultraviølett,gorgonnash,1308,rogue,subtlety,46,20,26
Exbandit,sanguino,1307,rogue,subtlety,36,24,12
Моямайя,eversong,1306,rogue,subtlety,24,14,10
Levíeus,blackrock,1305,rogue,subtlety,132,73,59
Bloodwraith,stormscale,1305,rogue,subtlety,36,14,22
Lêmon,argent-dawn,1301,rogue,subtlety,28,17,11
Sicariø,argent-dawn,1301,rogue,subtlety,53,25,28
Luckeri,antonidas,1300,rogue,subtlety,66,32,34
Пораменяться,gordunni,1299,rogue,subtlety,111,51,60
Doperog,antonidas,1298,rogue,subtlety,36,20,16
Интерфи,blackscar,1293,rogue,subtlety,68,31,37
Smeyra,magtheridon,1292,rogue,subtlety,102,58,44
Qiiss,stormscale,1287,rogue,subtlety,48,26,22
Yokze,ravencrest,1287,rogue,subtlety,36,15,21
Йзвинись,howling-fjord,1284,rogue,subtlety,42,21,21
Прошмандэ,gordunni,1282,rogue,subtlety,30,15,15
Fugly,ragnaros,1281,rogue,subtlety,37,14,23
Swâggerino,kazzak,1280,rogue,subtlety,62,32,30
Zerozsub,tarren-mill,1279,rogue,subtlety,81,43,38
Тучёна,soulflayer,1276,rogue,subtlety,48,29,19
Pixelrogue,argent-dawn,1274,rogue,subtlety,34,20,14
Backcracker,thunderhorn,1274,rogue,subtlety,30,15,15
Ézzah,blackhand,1273,rogue,subtlety,110,47,63
Guiltythief,stormscale,1272,rogue,subtlety,37,18,19
Янимагу,soulflayer,1271,rogue,subtlety,55,24,31
Шикорро,soulflayer,1266,rogue,subtlety,36,18,18
Chãøs,silvermoon,1265,rogue,subtlety,24,15,9
Arrzhan,silvermoon,1263,rogue,subtlety,58,37,21
Silnce,outland,1261,rogue,subtlety,66,31,35
Usainßreak,chogall,1258,rogue,subtlety,24,14,10
Sénsorium,draenor,1258,rogue,subtlety,95,45,50
Callboy,turalyon,1256,rogue,subtlety,42,20,22
Фирмиана,howling-fjord,1253,rogue,subtlety,66,35,31
Рестинписер,soulflayer,1249,rogue,subtlety,114,57,57
Pcessleia,twisting-nether,1247,rogue,subtlety,24,13,11
Xyúmopjoßblú,ravencrest,1247,rogue,subtlety,30,13,17
Cørek,blackhand,1241,rogue,subtlety,24,13,11
Gingahboy,doomhammer,1239,rogue,subtlety,161,93,68
Лэйкиро,gordunni,1239,rogue,subtlety,24,13,11
Sambä,sanguino,1238,rogue,subtlety,54,27,27
Tyrly,ravencrest,1238,rogue,subtlety,94,44,50
Rexore,ravencrest,1236,rogue,subtlety,24,13,11
Лиргенвард,deathguard,1236,rogue,subtlety,64,25,39
Diazz,aegwynn,1231,rogue,subtlety,24,13,11
Sheldowws,tarren-mill,1231,rogue,subtlety,24,13,11
Alekkush,silvermoon,1231,rogue,subtlety,30,13,17
Jugalos,ravencrest,1230,rogue,subtlety,35,13,22
Djeud,archimonde,1229,rogue,subtlety,76,45,31
Subzy,burning-legion,1229,rogue,subtlety,96,50,46
Kïdney,stormscale,1228,rogue,subtlety,48,26,22
Гэнт,soulflayer,1228,rogue,subtlety,30,13,17
Nexieane,ravencrest,1226,rogue,subtlety,134,66,68
Ултра,gordunni,1224,rogue,subtlety,123,59,64
Ракфорн,howling-fjord,1221,rogue,subtlety,110,49,61
Мипракн,fordragon,1217,rogue,subtlety,30,20,10
Inextricabil,stormscale,1217,rogue,subtlety,30,14,16
Эрихард,howling-fjord,1217,rogue,subtlety,35,16,19
Zergroidz,kazzak,1215,rogue,subtlety,140,67,73
Buttonsfly,silvermoon,1214,rogue,subtlety,74,49,25
Ксионас,gordunni,1212,rogue,subtlety,82,36,46
Ámbush,sylvanas,1210,rogue,subtlety,29,13,16
Wøølfgang,archimonde,1209,rogue,subtlety,66,30,36
Zanaken,stormscale,1208,rogue,subtlety,129,62,67
Theriaeu,ravencrest,1207,rogue,subtlety,51,26,25
Mealy,auchindoun,1207,rogue,subtlety,36,17,19
Gansull,nemesis,1207,rogue,subtlety,30,13,17
Ganker,antonidas,1202,rogue,subtlety,30,15,15
Avøry,antonidas,1201,rogue,subtlety,30,13,17
Злайа,blackscar,1199,rogue,subtlety,36,14,22
Shuffeyrt,frostmane,1198,rogue,subtlety,42,24,18
Niapro,dun-morogh,1197,rogue,subtlety,30,14,16
Xaiko,baelgun,1196,rogue,subtlety,38,23,15
Releaserage,draenor,1196,rogue,subtlety,27,14,13
Jisz,doomhammer,1190,rogue,subtlety,72,39,33
Maxtnulaujeu,archimonde,1190,rogue,subtlety,59,29,30
Чайрлайн,blackscar,1190,rogue,subtlety,40,17,23
Skillissuex,tarren-mill,1189,rogue,subtlety,244,126,118
Siktiritos,malganis,1184,rogue,subtlety,60,26,34
Thehand,eonar,1182,rogue,subtlety,54,32,22
Adwl,archimonde,1182,rogue,subtlety,135,62,73
Erenyeagerx,kazzak,1181,rogue,subtlety,84,39,45
Hashlund,stormscale,1181,rogue,subtlety,38,17,21
Валанбалас,soulflayer,1179,rogue,subtlety,48,25,23
Попочке,soulflayer,1175,rogue,subtlety,36,23,13
Сладкийперец,borean-tundra,1172,rogue,subtlety,52,24,28
Rogueseanne,blackrock,1171,rogue,subtlety,72,32,40
Mckk,tarren-mill,1168,rogue,subtlety,71,36,35
Ðarëk,dun-modr,1159,rogue,subtlety,42,16,26
Instealth,draenor,1155,rogue,subtlety,108,45,63
Stin,blackrock,1155,rogue,subtlety,88,34,54
Taniwa,archimonde,1154,rogue,subtlety,48,20,28
Скорпеон,deathguard,1152,rogue,subtlety,48,32,16
Skitzo,ravencrest,1152,rogue,subtlety,24,12,12
Озхоггер,gordunni,1151,rogue,subtlety,18,12,6
Stepdancer,blackmoore,1150,rogue,subtlety,24,12,12
Нойсеен,gordunni,1150,rogue,subtlety,24,12,12
Salakelmi,sylvanas,1149,rogue,subtlety,18,12,6
Byebyé,ravencrest,1149,rogue,subtlety,24,12,12
Коффемолка,ashenvale,1146,rogue,subtlety,66,26,40
Carvyn,defias-brotherhood,1144,rogue,subtlety,24,12,12
Márto,archimonde,1143,rogue,subtlety,30,12,18
Sâybyëbæ,dun-modr,1142,rogue,subtlety,30,12,18
Jomoama,norgannon,1142,rogue,subtlety,36,14,22
Shízzel,blackhand,1141,rogue,subtlety,24,12,12
Lovetospoon,ravencrest,1140,rogue,subtlety,43,22,21
Turrok,ravencrest,1139,rogue,subtlety,36,17,19
Smoothiè,twisting-nether,1137,rogue,subtlety,76,34,42
Ithilyien,blackmoore,1134,rogue,subtlety,62,21,41
Berneo,burning-legion,1133,rogue,subtlety,36,13,23
Cesârion,antonidas,1132,rogue,subtlety,171,76,95
Lêgòlàs,blackmoore,1130,rogue,subtlety,80,44,36
Paveli,ravencrest,1128,rogue,subtlety,48,19,29
Anala,stormreaver,1123,rogue,subtlety,24,14,10
Faelylanea,argent-dawn,1122,rogue,subtlety,36,16,20
Sebik,ravencrest,1118,rogue,subtlety,23,12,11
Сабанутый,howling-fjord,1113,rogue,subtlety,90,51,39
Latscholol,malorne,1113,rogue,subtlety,78,41,37
Coronababy,argent-dawn,1111,rogue,subtlety,24,13,11
Пузэн,howling-fjord,1106,rogue,subtlety,50,33,17
Narar,stormscale,1103,rogue,subtlety,24,16,8
Unreallx,silvermoon,1102,rogue,subtlety,80,36,44
Ambushmike,gorgonnash,1102,rogue,subtlety,83,37,46
Denjas,archimonde,1098,rogue,subtlety,28,15,13
Stuxothug,silvermoon,1097,rogue,subtlety,61,33,28
Jailkaz,thrall,1093,rogue,subtlety,29,13,16
ßøß,ysondre,1092,rogue,subtlety,56,25,31
Koutzai,stormscale,1090,rogue,subtlety,53,20,33
Hersuub,blackmoore,1088,rogue,subtlety,29,14,15
Беточка,gordunni,1087,rogue,subtlety,54,31,23
Darkan,kaelthas,1087,rogue,subtlety,54,29,25
Yüm,burning-blade,1087,rogue,subtlety,59,25,34
Heskmad,kazzak,1085,rogue,subtlety,32,14,18
Blantek,defias-brotherhood,1083,rogue,subtlety,30,16,14
Vexior,argent-dawn,1082,rogue,subtlety,39,14,25
Fastspectre,ravencrest,1077,rogue,subtlety,54,29,25
Stâr,archimonde,1077,rogue,subtlety,28,13,15
Whaiipy,ravencrest,1075,rogue,subtlety,89,51,38
Zenajlz,outland,1073,rogue,subtlety,22,12,10
Streîk,hyjal,1072,rogue,subtlety,60,26,34
Löka,amanthul,1071,rogue,subtlety,117,59,58
Псиихооз,eversong,1070,rogue,subtlety,25,13,12
Jacktripper,blackrock,1066,rogue,subtlety,30,12,18
Розбэйник,gordunni,1065,rogue,subtlety,42,23,19
Copoka,dun-morogh,1063,rogue,subtlety,30,16,14
Zkittlez,blackhand,1056,rogue,subtlety,18,11,7
Elnyasha,ravencrest,1056,rogue,subtlety,24,11,13
Roundrobin,ravencrest,1056,rogue,subtlety,30,11,19
Tïnderhoe,dalaran,1055,rogue,subtlety,12,11,1
Зити,blackscar,1055,rogue,subtlety,18,11,7
Xyzonk,kazzak,1055,rogue,subtlety,18,11,7
Aouron,archimonde,1055,rogue,subtlety,25,13,12
Флеймсфорт,gordunni,1055,rogue,subtlety,35,16,19
Kleptomancy,sylvanas,1054,rogue,subtlety,18,11,7
Adskydroch,ravencrest,1054,rogue,subtlety,18,11,7
Hoodrogue,blackrock,1051,rogue,subtlety,18,11,7
Bamsejuicee,kazzak,1050,rogue,subtlety,18,11,7
Obsçuritý,ragnaros,1050,rogue,subtlety,44,23,21
Mont,nemesis,1049,rogue,subtlety,24,11,13
Reprouvette,dalaran,1047,rogue,subtlety,18,11,7
Meshay,kazzak,1043,rogue,subtlety,19,11,8
Ithru,twisting-nether,1042,rogue,subtlety,179,91,88
Snack,burning-legion,1040,rogue,subtlety,27,12,15
Fodepalmas,sanguino,1040,rogue,subtlety,53,22,31
Heulleise,die-ewige-wacht,1038,rogue,subtlety,21,12,9
Pochîta,blackrock,1038,rogue,subtlety,53,24,29
Mojojina,theradras,1037,rogue,subtlety,24,12,12
Syneth,drakthul,1036,rogue,subtlety,18,11,7
Зацеп,gordunni,1033,rogue,subtlety,24,15,9
Drakaess,archimonde,1032,rogue,subtlety,24,11,13
Protolink,zuljin,1032,rogue,subtlety,64,25,39
Горланг,ashenvale,1031,rogue,subtlety,29,15,14
Finkle,blackmoore,1027,rogue,subtlety,30,11,19
Nirvána,outland,1026,rogue,subtlety,73,35,38
Byonics,durotan,1024,rogue,subtlety,18,11,7
Зебол,howling-fjord,1024,rogue,subtlety,36,17,19
Yamoshí,sanguino,1024,rogue,subtlety,34,15,19
Рэйбэк,howling-fjord,1024,rogue,subtlety,30,11,19
Fizgaroth,argent-dawn,1022,rogue,subtlety,37,23,14
Celendyl,ravencrest,1017,rogue,subtlety,18,11,7
Mercìles,kazzak,1011,rogue,subtlety,43,25,18
Вайлиция,ashenvale,1007,rogue,subtlety,39,21,18
Vampor,sylvanas,1002,rogue,subtlety,36,11,25
Sênsus,antonidas,1001,rogue,subtlety,85,30,55
Skankky,ragnaros,1000,rogue,subtlety,18,12,6
Leylaris,argent-dawn,998,rogue,subtlety,30,12,18
Axeldarq,draenor,998,rogue,subtlety,39,11,28
Cuckboy,chogall,997,rogue,subtlety,55,31,24
Gimliwitdega,doomhammer,996,rogue,subtlety,98,53,45
Drakhez,sanguino,995,rogue,subtlety,18,12,6
Pitmaster,burning-legion,992,rogue,subtlety,71,35,36
Sassasine,amanthul,992,rogue,subtlety,58,26,32
Charbiya,silvermoon,986,rogue,subtlety,24,12,12
Thicck,twisting-nether,980,rogue,subtlety,48,13,35
Mâtâtâ,die-ewige-wacht,979,rogue,subtlety,23,15,8
Rêdbello,dun-morogh,976,rogue,subtlety,42,24,18
Тайнушка,soulflayer,973,rogue,subtlety,42,17,25
Ratolí,dun-modr,970,rogue,subtlety,18,12,6
Mannheim,kazzak,968,rogue,subtlety,42,23,19
Läêkz,archimonde,960,rogue,subtlety,18,10,8
Asukabed,ravencrest,960,rogue,subtlety,18,10,8
Ripuli,alakir,960,rogue,subtlety,18,10,8
Katarïnä,khaz-modan,960,rogue,subtlety,36,19,17
Noboorstsub,ravencrest,959,rogue,subtlety,12,10,2
Jdç,tarren-mill,958,rogue,subtlety,18,10,8
Bountyhunter,malygos,958,rogue,subtlety,18,10,8
Ripcurll,grim-batol,958,rogue,subtlety,18,10,8
Эвисирейт,gordunni,956,rogue,subtlety,18,10,8
Clinz,ravencrest,956,rogue,subtlety,24,10,14
Ilyrya,azuremyst,955,rogue,subtlety,18,10,8
Øê,ravencrest,955,rogue,subtlety,21,10,11
Nairobii,tarren-mill,954,rogue,subtlety,18,10,8
Asine,boulderfist,954,rogue,subtlety,24,10,14
Ðàrx,archimonde,954,rogue,subtlety,24,10,14
Káríc,draenor,953,rogue,subtlety,18,10,8
Helcof,emerald-dream,951,rogue,subtlety,24,10,14
Oazo,ysondre,951,rogue,subtlety,35,13,22
Baldim,silvermoon,949,rogue,subtlety,19,10,9
Trinchö,sanguino,949,rogue,subtlety,36,17,19
Kãlí,blackmoore,949,rogue,subtlety,30,10,20
Garretygdar,nazjatar,948,rogue,subtlety,24,11,13
Zelìx,frostmane,941,rogue,subtlety,24,11,13
Mishøna,kazzak,939,rogue,subtlety,73,41,32
Sentaria,argent-dawn,930,rogue,subtlety,60,31,29
Hemorhoid,outland,928,rogue,subtlety,96,50,46
Valiéna,dun-morogh,928,rogue,subtlety,34,11,23
Owoaho,eonar,926,rogue,subtlety,24,14,10
Frequenzalfa,silvermoon,926,rogue,subtlety,22,11,11
Снарки,booty-bay,925,rogue,subtlety,64,31,33
Sycko,alakir,922,rogue,subtlety,42,23,19
Roguegutten,quelthalas,917,rogue,subtlety,20,11,9
Mysies,ysondre,911,rogue,subtlety,23,10,13
Wìzléy,ravencrest,904,rogue,subtlety,30,16,14
Kezaay,silvermoon,900,rogue,subtlety,36,18,18
Davshadows,magtheridon,897,rogue,subtlety,36,16,20
Weird,blackmoore,894,rogue,subtlety,16,10,6
Niinim,draenor,893,rogue,subtlety,135,67,68
Lenwe,blackmoore,892,rogue,subtlety,24,10,14
Saroumani,eitrigg,891,rogue,subtlety,30,16,14
Dainhek,gilneas,889,rogue,subtlety,37,19,18
Lolblizard,gorgonnash,881,rogue,subtlety,21,12,9
Liquidgaba,ravencrest,878,rogue,subtlety,78,37,41
Mortdorei,argent-dawn,873,rogue,subtlety,61,30,31
Kouru,outland,871,rogue,subtlety,25,10,15
Kostik,ravencrest,864,rogue,subtlety,12,9,3
Whøråcle,tarren-mill,864,rogue,subtlety,12,9,3
Фрозенденс,gordunni,864,rogue,subtlety,12,9,3
Sneakysáp,ravencrest,864,rogue,subtlety,12,9,3
Hængøver,antonidas,864,rogue,subtlety,12,9,3
Whaazlysnipz,tarren-mill,864,rogue,subtlety,12,9,3
Ðéstr,ravencrest,864,rogue,subtlety,18,9,9
Nitelite,outland,864,rogue,subtlety,18,9,9
Axroa,blackmoore,864,rogue,subtlety,18,9,9
Geá,ravencrest,864,rogue,subtlety,18,9,9
Máuul,ravencrest,864,rogue,subtlety,24,9,15
Ruckusxx,ravencrest,863,rogue,subtlety,12,9,3
Рэкрейвон,gordunni,863,rogue,subtlety,18,9,9
Monstermads,kazzak,863,rogue,subtlety,18,9,9
Lenani,blackrock,863,rogue,subtlety,18,9,9
Skullboy,blackmoore,863,rogue,subtlety,18,9,9
Vanquishz,arathor,863,rogue,subtlety,18,9,9
Ryvz,ravencrest,863,rogue,subtlety,24,9,15
Kyssme,archimonde,863,rogue,subtlety,24,9,15
Вишнуизм,gordunni,862,rogue,subtlety,18,9,9
Decoyed,sylvanas,862,rogue,subtlety,18,9,9
Crixor,blackrock,861,rogue,subtlety,12,9,3
Синграйм,soulflayer,861,rogue,subtlety,18,10,8
Duffbeer,silvermoon,861,rogue,subtlety,18,9,9
Isodad,kazzak,861,rogue,subtlety,18,9,9
Misantropia,nemesis,861,rogue,subtlety,24,9,15
Shinkillua,archimonde,860,rogue,subtlety,18,9,9
Eightball,frostmane,859,rogue,subtlety,18,9,9
Куцитар,gordunni,858,rogue,subtlety,18,9,9
Jénny,sylvanas,858,rogue,subtlety,62,30,32
Sequoja,blackrock,858,rogue,subtlety,24,9,15
Антиппод,razuvious,854,rogue,subtlety,15,10,5
Cozu,stormrage,850,rogue,subtlety,51,24,27
Strikes,eredar,844,rogue,subtlety,18,10,8
Lastkiss,aggramar,828,rogue,subtlety,17,9,8
Aeønaxx,hyjal,827,rogue,subtlety,76,32,44
Feinted,kazzak,826,rogue,subtlety,23,9,14
Муфдшы,gordunni,823,rogue,subtlety,16,10,6
Duzhel,kazzak,812,rogue,subtlety,17,9,8
Jabbo,silvermoon,809,rogue,subtlety,29,9,20
Hahårry,ravencrest,797,rogue,subtlety,20,9,11
Cowmbat,tarren-mill,794,rogue,subtlety,26,9,17
Knifeex,ravencrest,788,rogue,subtlety,26,9,17
Skene,sanguino,780,rogue,subtlety,35,13,22
Ecray,burning-legion,777,rogue,subtlety,54,23,31
Krsty,antonidas,768,rogue,subtlety,12,8,4
Фрозенблейдс,gordunni,768,rogue,subtlety,12,8,4
Devourswine,argent-dawn,768,rogue,subtlety,12,8,4
Danori,grim-batol,768,rogue,subtlety,12,8,4
Djdillá,kazzak,768,rogue,subtlety,12,8,4
Whoton,archimonde,768,rogue,subtlety,16,9,7
Zygzäg,hyjal,768,rogue,subtlety,18,8,10
Ач,gordunni,768,rogue,subtlety,18,8,10
Slonerbrah,ravencrest,768,rogue,subtlety,18,8,10
Amuini,magtheridon,768,rogue,subtlety,18,8,10
Slayered,burning-legion,768,rogue,subtlety,24,8,16
Ferrãof,aggra-português,767,rogue,subtlety,12,8,4
Unsullièd,kazzak,767,rogue,subtlety,12,8,4
Shirá,hyjal,767,rogue,subtlety,12,8,4
Neyokqt,blackrock,767,rogue,subtlety,12,8,4
Thelones,antonidas,767,rogue,subtlety,12,8,4
Huro,aggramar,767,rogue,subtlety,12,8,4
Zëkke,sanguino,767,rogue,subtlety,12,8,4
Strangeboyxx,ravencrest,767,rogue,subtlety,18,8,10
Cirell,tarren-mill,767,rogue,subtlety,18,8,10
Mdadx,stormreaver,767,rogue,subtlety,18,8,10
Zappsarap,onyxia,767,rogue,subtlety,18,8,10
Pheq,ravencrest,767,rogue,subtlety,18,8,10
Aahz,tarren-mill,767,rogue,subtlety,18,8,10
Unbanmepls,ravencrest,767,rogue,subtlety,18,8,10
Mns,drakthul,767,rogue,subtlety,24,8,16
Vanéry,ravencrest,766,rogue,subtlety,12,8,4
Cnac,stormscale,766,rogue,subtlety,18,8,10
Sokillu,silvermoon,766,rogue,subtlety,18,8,10
Jkrx,draenor,766,rogue,subtlety,18,8,10
Dræmz,twisting-nether,765,rogue,subtlety,12,8,4
Люняшка,booty-bay,765,rogue,subtlety,18,8,10
Лоулайф,soulflayer,765,rogue,subtlety,18,8,10
Poughkeepsie,outland,765,rogue,subtlety,18,8,10
Zavebe,nathrezim,765,rogue,subtlety,24,8,16
Pirry,sanguino,764,rogue,subtlety,12,8,4
Purexrogue,dragonblight,764,rogue,subtlety,18,8,10
Ojisanx,outland,764,rogue,subtlety,24,8,16
Eriksonn,drakthul,763,rogue,subtlety,19,8,11
Deprress,silvermoon,762,rogue,subtlety,12,8,4
Киржик,soulflayer,762,rogue,subtlety,18,8,10
Djinnx,malganis,762,rogue,subtlety,24,8,16
Stabwøund,the-maelstrom,761,rogue,subtlety,12,8,4
Duo,karazhan,760,rogue,subtlety,30,8,22
Пандафей,deathweaver,756,rogue,subtlety,18,8,10
Всечтобыло,howling-fjord,748,rogue,subtlety,12,8,4
Gizr,haomarush,747,rogue,subtlety,41,15,26
Tnk,twisting-nether,743,rogue,subtlety,12,8,4
Drspectres,tarren-mill,733,rogue,subtlety,60,16,44
Calyon,hyjal,727,rogue,subtlety,35,8,27
Rmp,khaz-modan,720,rogue,subtlety,30,9,21
Cabalion,draenor,719,rogue,subtlety,18,8,10
Briggo,silvermoon,714,rogue,subtlety,23,9,14
Petsakos,ravencrest,713,rogue,subtlety,21,9,12
Nakli,antonidas,713,rogue,subtlety,21,9,12
Anklash,blackrock,711,rogue,subtlety,33,9,24
Faable,silvermoon,709,rogue,subtlety,59,19,40
Sodarogue,blackrock,703,rogue,subtlety,14,9,5
Войенх,gordunni,703,rogue,subtlety,22,8,14
Abomïñatïøñ,ravencrest,695,rogue,subtlety,42,13,29
Naiikaii,aegwynn,688,rogue,subtlety,14,8,6
Кумоо,gordunni,672,rogue,subtlety,12,7,5
Vizifyx,ravencrest,672,rogue,subtlety,12,7,5
Steal,nemesis,672,rogue,subtlety,12,7,5
Îüçkÿmêñ,outland,672,rogue,subtlety,12,7,5
Lovethighs,argent-dawn,672,rogue,subtlety,12,7,5
Ouvrebwate,archimonde,672,rogue,subtlety,12,7,5
Baboonx,burning-legion,672,rogue,subtlety,12,7,5
Caípi,frostwolf,672,rogue,subtlety,12,7,5
Триплсап,howling-fjord,672,rogue,subtlety,12,7,5
Cucumber,laughing-skull,672,rogue,subtlety,12,7,5
Belwarx,darksorrow,672,rogue,subtlety,18,7,11
Rantie,onyxia,672,rogue,subtlety,18,7,11
Faptastíc,blackmoore,671,rogue,subtlety,12,7,5
Qylu,argent-dawn,671,rogue,subtlety,12,7,5
Epi,stormrage,671,rogue,subtlety,12,7,5
Hyake,zuljin,671,rogue,subtlety,12,7,5
Казутора,lich-king,671,rogue,subtlety,12,7,5
Roronao,sanguino,671,rogue,subtlety,18,7,11
Сабстил,soulflayer,671,rogue,subtlety,18,7,11
Cantseeme,anachronos,671,rogue,subtlety,18,7,11
Teralala,kazzak,671,rogue,subtlety,18,7,11
Nøtiçe,kazzak,671,rogue,subtlety,24,7,17
Masanari,die-nachtwache,671,rogue,subtlety,24,7,17
Daggoth,kiljaeden,671,rogue,subtlety,24,7,17
Cataleýa,outland,670,rogue,subtlety,12,7,5
Gpóínt,blackmoore,670,rogue,subtlety,12,7,5
Lepreuchan,archimonde,669,rogue,subtlety,12,7,5
Underarmor,kul-tiras,669,rogue,subtlety,21,7,14
Elnos,conseil-des-ombres,668,rogue,subtlety,12,7,5
Mïta,blackmoore,668,rogue,subtlety,18,7,11
Shanos,ravencrest,667,rogue,subtlety,12,7,5
Pepperbox,twisting-nether,667,rogue,subtlety,12,7,5
Malfeasance,argent-dawn,667,rogue,subtlety,18,7,11
Cacucoxpahu,kazzak,666,rogue,subtlety,12,7,5
Dellya,twisting-nether,660,rogue,subtlety,18,7,11
Waluuz,silvermoon,655,rogue,subtlety,11,7,4
Kikkshifter,zuluhed,650,rogue,subtlety,18,7,11
Snogri,burning-legion,648,rogue,subtlety,24,7,17
Nineball,frostmane,638,rogue,subtlety,17,7,10
Dudemar,ravencrest,632,rogue,subtlety,18,7,11
Wurzelzepp,blackrock,622,rogue,subtlety,17,7,10
Ccrogue,nemesis,618,rogue,subtlety,15,7,8
Actualcarry,dentarg,617,rogue,subtlety,12,8,4
Alyannå,culte-de-la-rive-noire,607,rogue,subtlety,11,7,4
Zervi,silvermoon,586,rogue,subtlety,13,7,6
Thiranor,cthun,583,rogue,subtlety,13,7,6
Behêmoth,hyjal,576,rogue,subtlety,6,6,0
Naiikaii,antonidas,576,rogue,subtlety,6,6,0
Wítchblades,ravencrest,576,rogue,subtlety,6,6,0
Ðelvin,dalaran,576,rogue,subtlety,12,6,6
Jabbz,blackhand,576,rogue,subtlety,12,6,6
Feradelia,thrall,576,rogue,subtlety,12,6,6
Draytonlove,nemesis,576,rogue,subtlety,12,6,6
Dimidimi,wildhammer,576,rogue,subtlety,12,6,6
Asäp,archimonde,576,rogue,subtlety,12,6,6
Ciosy,blackrock,576,rogue,subtlety,12,6,6
Shinti,eredar,576,rogue,subtlety,12,6,6
Daichi,onyxia,576,rogue,subtlety,12,6,6
Nerfalliance,ravencrest,576,rogue,subtlety,12,6,6
Deceptionz,ravencrest,576,rogue,subtlety,12,6,6
Àlleyezonme,ravencrest,576,rogue,subtlety,12,6,6
Bizzarerogue,tarren-mill,576,rogue,subtlety,12,6,6
Jljr,twisting-nether,576,rogue,subtlety,12,6,6
Prky,doomhammer,576,rogue,subtlety,12,6,6
Режупополам,howling-fjord,576,rogue,subtlety,12,6,6
Axelaz,ravencrest,576,rogue,subtlety,12,6,6
Radgaa,draenor,576,rogue,subtlety,12,6,6
Nephology,ravencrest,576,rogue,subtlety,12,6,6
Ibizà,ravencrest,576,rogue,subtlety,12,6,6
Mestarikélmi,ravencrest,576,rogue,subtlety,15,6,9
Decrios,outland,576,rogue,subtlety,18,6,12
Andrizle,blackmoore,576,rogue,subtlety,18,6,12
Åvírøñgðd,ravencrest,576,rogue,subtlety,18,6,12
Kerìon,nemesis,576,rogue,subtlety,18,6,12
Kleptomaniac,aggra-português,576,rogue,subtlety,18,6,12
Dedka,hyjal,576,rogue,subtlety,18,6,12
Blihhubba,silvermoon,576,rogue,subtlety,24,6,18
Suikastman,silvermoon,575,rogue,subtlety,12,6,6
Melfîce,blackhand,575,rogue,subtlety,12,6,6
Igel,antonidas,575,rogue,subtlety,12,6,6
Tason,argent-dawn,575,rogue,subtlety,12,6,6
Stabymoose,draenor,575,rogue,subtlety,12,6,6
Botnet,blackmoore,575,rogue,subtlety,12,6,6
Пусякиллерх,gordunni,575,rogue,subtlety,12,6,6
Фордрэн,deathguard,575,rogue,subtlety,16,7,9
Coolspot,archimonde,575,rogue,subtlety,18,6,12
Varne,les-sentinelles,575,rogue,subtlety,18,6,12
Zëd,draenor,574,rogue,subtlety,12,6,6
Sylvielle,azshara,573,rogue,subtlety,12,6,6
Neoly,outland,571,rogue,subtlety,12,6,6
Wolffgang,dalaran,571,rogue,subtlety,12,6,6
Freddybst,twisting-nether,571,rogue,subtlety,12,6,6
Demonrok,stormscale,569,rogue,subtlety,12,6,6
Lêvî,sanguino,569,rogue,subtlety,12,6,6
Умбрен,lich-king,568,rogue,subtlety,12,6,6
Mishana,thrall,567,rogue,subtlety,18,6,12
Frézzer,tirion,566,rogue,subtlety,12,6,6
Geroge,sylvanas,566,rogue,subtlety,12,6,6
Grikra,argent-dawn,566,rogue,subtlety,12,6,6
Rhaacvar,magtheridon,566,rogue,subtlety,12,6,6
Auarg,argent-dawn,565,rogue,subtlety,12,6,6
Darkral,nemesis,559,rogue,subtlety,18,7,11
Owlcat,argent-dawn,559,rogue,subtlety,18,6,12
Grekén,bronze-dragonflight,558,rogue,subtlety,17,6,11
Puge,norgannon,557,rogue,subtlety,23,6,17
Critmakër,outland,543,rogue,subtlety,8,7,1
Brancovich,magtheridon,543,rogue,subtlety,11,6,5
Marryhim,blackhand,543,rogue,subtlety,11,6,5
Pavlo,nathrezim,543,rogue,subtlety,17,6,11
Zobrak,twisting-nether,542,rogue,subtlety,14,7,7
Notwhaazz,ravencrest,528,rogue,subtlety,9,7,2
Snake,nethersturm,522,rogue,subtlety,33,7,26
Xulem,silvermoon,511,rogue,subtlety,10,6,4
Malignance,drakthul,511,rogue,subtlety,14,7,7
Saanka,eredar,511,rogue,subtlety,14,6,8
Ripinpiece,outland,494,rogue,subtlety,19,6,13
Roguestuff,silvermoon,480,rogue,subtlety,6,5,1
Rngkillaz,archimonde,480,rogue,subtlety,6,5,1
Бонястелс,gordunni,480,rogue,subtlety,6,5,1
Chazsakaï,chogall,480,rogue,subtlety,6,5,1
Фэйкуои,gordunni,480,rogue,subtlety,6,5,1
Zep,auchindoun,480,rogue,subtlety,6,5,1
Deinorsin,outland,480,rogue,subtlety,6,5,1
Beefboss,neptulon,480,rogue,subtlety,6,5,1
Уммиикк,goldrinn,480,rogue,subtlety,6,5,1
Araniana,kazzak,480,rogue,subtlety,6,5,1
Mastrmind,twisting-nether,480,rogue,subtlety,6,5,1
Tilikum,pozzo-delleternità,480,rogue,subtlety,6,5,1
Чернабаев,soulflayer,480,rogue,subtlety,6,5,1
Rsksrb,tarren-mill,480,rogue,subtlety,6,5,1
Фрозеншедов,gordunni,480,rogue,subtlety,12,5,7
Mzaa,ravencrest,480,rogue,subtlety,12,5,7
Served,twisting-nether,480,rogue,subtlety,12,5,7
Soufraki,tarren-mill,480,rogue,subtlety,12,5,7
Akyô,archimonde,480,rogue,subtlety,12,5,7
Srtumor,zuljin,480,rogue,subtlety,12,5,7
Звиздаттый,blackscar,480,rogue,subtlety,12,5,7
Lurk,saurfang,480,rogue,subtlety,12,5,7
ßuha,stormscale,480,rogue,subtlety,12,5,7
Darkveil,xavius,480,rogue,subtlety,12,5,7
Kohakugawa,kazzak,480,rogue,subtlety,12,5,7
Khepaso,sanguino,480,rogue,subtlety,12,5,7
Кашеварить,gordunni,480,rogue,subtlety,12,5,7
Lëmönhäzë,dun-modr,480,rogue,subtlety,12,5,7
Стеллакокс,howling-fjord,480,rogue,subtlety,12,5,7
Deevoll,tarren-mill,480,rogue,subtlety,12,5,7
Tashunkosapa,xavius,480,rogue,subtlety,12,5,7
Nhonhonho,silvermoon,480,rogue,subtlety,12,5,7
Xeløe,hyjal,480,rogue,subtlety,12,5,7
Loznah,outland,480,rogue,subtlety,12,5,7
Киднитучер,fordragon,480,rogue,subtlety,12,5,7
Smörkniven,argent-dawn,480,rogue,subtlety,12,5,7
Blazestórm,stormscale,480,rogue,subtlety,12,5,7
Кмска,soulflayer,480,rogue,subtlety,12,5,7
Khazren,ravencrest,480,rogue,subtlety,12,5,7
Slicéndicé,wildhammer,480,rogue,subtlety,12,5,7
Xatra,hyjal,480,rogue,subtlety,12,5,7
Aluneran,silvermoon,480,rogue,subtlety,12,5,7
Sephika,chants-éternels,480,rogue,subtlety,18,5,13
Ðefsmøkêz,tyrande,480,rogue,subtlety,18,5,13
Ajwenx,ravencrest,480,rogue,subtlety,18,5,13
Optoo,ragnaros,479,rogue,subtlety,12,5,7
Vorsix,tarren-mill,479,rogue,subtlety,12,5,7
Nanary,blackrock,479,rogue,subtlety,12,5,7
Emìlia,tarren-mill,479,rogue,subtlety,12,5,7
Tøxykø,archimonde,479,rogue,subtlety,12,5,7
Smorcoolio,stormscale,479,rogue,subtlety,12,5,7
Giftdolken,outland,479,rogue,subtlety,12,5,7
Neymar,ysondre,479,rogue,subtlety,12,5,7
Ôzzi,draenor,479,rogue,subtlety,12,5,7
Abrhykoo,hyjal,479,rogue,subtlety,12,5,7
Ryxon,arathor,479,rogue,subtlety,12,5,7
Houston,aegwynn,479,rogue,subtlety,12,5,7
Grocco,doomhammer,479,rogue,subtlety,12,5,7
Raizø,argent-dawn,479,rogue,subtlety,12,5,7
Shiverbane,sargeras,479,rogue,subtlety,12,5,7
Smøth,ysondre,479,rogue,subtlety,15,6,9
Zyklvn,zuljin,479,rogue,subtlety,18,5,13
Sayy,nemesis,479,rogue,subtlety,18,5,13
Lylestra,neptulon,479,rogue,subtlety,18,5,13
Soulreapeer,twisting-nether,478,rogue,subtlety,21,6,15
Mozenn,draenor,478,rogue,subtlety,19,5,14
Эльтаэрон,gordunni,477,rogue,subtlety,12,5,7
Приколдэсса,gordunni,477,rogue,subtlety,18,5,13
Shurkan,antonidas,475,rogue,subtlety,12,5,7
Mallaurya,dalaran,474,rogue,subtlety,12,5,7
Natekoti,kazzak,473,rogue,subtlety,24,5,19
Singularität,silvermoon,470,rogue,subtlety,15,6,9
Ilrunne,silvermoon,448,rogue,subtlety,10,5,5
Kalstab,silvermoon,447,rogue,subtlety,8,6,2
Кумаме,howling-fjord,447,rogue,subtlety,11,5,6
Райан,fordragon,431,rogue,subtlety,11,5,6
Iwillberone,ravencrest,431,rogue,subtlety,17,5,12
Эбиб,soulflayer,416,rogue,subtlety,10,5,5
Itsforme,kazzak,415,rogue,subtlety,14,5,9
Yakku,drakthul,415,rogue,subtlety,20,5,15
Algopyrin,ragnaros,396,rogue,subtlety,13,5,8
Deok,tarren-mill,384,rogue,subtlety,6,4,2
Cawzi,silvermoon,384,rogue,subtlety,6,4,2
Yörgs,eredar,384,rogue,subtlety,6,4,2
Kerim,antonidas,384,rogue,subtlety,6,4,2
Wtbmeld,tarren-mill,384,rogue,subtlety,6,4,2
Supremacy,sylvanas,384,rogue,subtlety,6,4,2
Ënd,ravencrest,384,rogue,subtlety,6,4,2
Darx,sunstrider,384,rogue,subtlety,6,4,2
Pinnar,blackmoore,384,rogue,subtlety,6,4,2
Иннхотеп,howling-fjord,384,rogue,subtlety,6,4,2
Takiya,ysondre,384,rogue,subtlety,6,4,2
Ennvi,defias-brotherhood,384,rogue,subtlety,6,4,2
Lemaroxd,tarren-mill,384,rogue,subtlety,6,4,2
Йованов,gordunni,384,rogue,subtlety,6,4,2
Mitaktika,silvermoon,384,rogue,subtlety,6,4,2
Kppz,burning-legion,384,rogue,subtlety,6,4,2
Læffgøðx,stormscale,384,rogue,subtlety,6,4,2
Mega,nordrassil,384,rogue,subtlety,6,4,2
Siele,twisting-nether,384,rogue,subtlety,6,4,2
Rubberducky,argent-dawn,384,rogue,subtlety,6,4,2
Rakuwata,the-maelstrom,384,rogue,subtlety,6,4,2
Kilabre,twisting-nether,384,rogue,subtlety,6,4,2
Sensule,darkspear,384,rogue,subtlety,6,4,2
Snýz,darksorrow,384,rogue,subtlety,6,4,2
Nxnja,silvermoon,384,rogue,subtlety,6,4,2
Okiboo,silvermoon,384,rogue,subtlety,6,4,2
Seeralex,anetheron,384,rogue,subtlety,6,4,2
Blckrogue,bloodfeather,384,rogue,subtlety,6,4,2
Møgzu,blackmoore,384,rogue,subtlety,6,4,2
Marcel,blackrock,384,rogue,subtlety,6,4,2
Ðazzrog,archimonde,384,rogue,subtlety,6,4,2
Elyndri,archimonde,384,rogue,subtlety,6,4,2
Shreya,blackrock,384,rogue,subtlety,6,4,2
Zyhmø,archimonde,384,rogue,subtlety,6,4,2
Ocklol,archimonde,384,rogue,subtlety,6,4,2
Джеанит,gordunni,384,rogue,subtlety,6,4,2
Shadôwcraft,outland,384,rogue,subtlety,6,4,2
Лолнайт,blackscar,384,rogue,subtlety,6,4,2
Fragmint,aggra-português,384,rogue,subtlety,6,4,2
Mol,defias-brotherhood,384,rogue,subtlety,6,4,2
Дракакула,blackscar,384,rogue,subtlety,9,5,4
Rekaens,sylvanas,384,rogue,subtlety,12,4,8
Whiteløtûs,dun-modr,384,rogue,subtlety,12,4,8
Neverdyingx,ragnaros,384,rogue,subtlety,12,4,8
Sxpped,stormscale,384,rogue,subtlety,12,4,8
Battousai,burning-legion,384,rogue,subtlety,12,4,8
Evadeez,tarren-mill,384,rogue,subtlety,12,4,8
Jäshin,hyjal,384,rogue,subtlety,12,4,8
Saryotv,silvermoon,384,rogue,subtlety,12,4,8
Later,saurfang,384,rogue,subtlety,12,4,8
Zhopsy,nemesis,384,rogue,subtlety,12,4,8
Szabina,outland,384,rogue,subtlety,12,4,8
Taishani,thrall,384,rogue,subtlety,12,4,8
Asmodal,antonidas,384,rogue,subtlety,12,4,8
Бейнс,howling-fjord,384,rogue,subtlety,12,4,8
Misamia,nemesis,384,rogue,subtlety,12,4,8
Sátyrícon,ravencrest,384,rogue,subtlety,12,4,8
Skaúr,malganis,384,rogue,subtlety,12,4,8
Kurichu,archimonde,384,rogue,subtlety,12,4,8
Zélla,twisting-nether,384,rogue,subtlety,12,4,8
Raglaron,draenor,384,rogue,subtlety,12,4,8
Нунас,soulflayer,384,rogue,subtlety,12,4,8
Xanders,draenor,384,rogue,subtlety,12,4,8
Huprâ,ravencrest,384,rogue,subtlety,12,4,8
Даняпрекринж,azuregos,384,rogue,subtlety,12,4,8
Fatedancer,outland,384,rogue,subtlety,12,4,8
Zordochrog,kazzak,384,rogue,subtlety,12,4,8
Бллейз,gordunni,384,rogue,subtlety,18,4,14
Vaelaestra,argent-dawn,384,rogue,subtlety,18,4,14
Batskcab,blackmoore,384,rogue,subtlety,18,4,14
Galore,azjolnerub,384,rogue,subtlety,18,4,14
Stealthi,stormscale,384,rogue,subtlety,18,4,14
Очч,blackscar,384,rogue,subtlety,18,4,14
Backstabjr,blackmoore,384,rogue,subtlety,18,4,14
Plot,zenedar,384,rogue,subtlety,18,4,14
Sizzurp,kargath,384,rogue,subtlety,25,4,21
Zvarka,drakthul,383,rogue,subtlety,6,4,2
Alovina,stormscale,383,rogue,subtlety,6,4,2
Фогус,greymane,383,rogue,subtlety,6,4,2
Vanishdotcom,blackrock,383,rogue,subtlety,6,4,2
Reginlief,argent-dawn,383,rogue,subtlety,6,4,2
Бекро,gordunni,383,rogue,subtlety,6,4,2
Haregan,gorgonnash,383,rogue,subtlety,6,4,2
Akcell,silvermoon,383,rogue,subtlety,6,4,2
Helsperd,draenor,383,rogue,subtlety,12,4,8
Delenor,stormscale,383,rogue,subtlety,18,4,14
Ashâa,hyjal,382,rogue,subtlety,6,4,2
Madnessbg,tarren-mill,382,rogue,subtlety,6,4,2
Vanquish,laughing-skull,382,rogue,subtlety,6,4,2
Belina,draenor,382,rogue,subtlety,6,4,2
Adelr,onyxia,382,rogue,subtlety,12,4,8
Gobygoby,naxxramas,382,rogue,subtlety,12,4,8
Nekros,chromaggus,379,rogue,subtlety,12,4,8
Allchatoff,drakthul,319,rogue,subtlety,5,4,1
Opiïum,ysondre,303,rogue,subtlety,7,4,3
Sáp,blackmoore,288,rogue,subtlety,6,3,3
Proilas,draenor,288,rogue,subtlety,6,3,3
Xhemil,tarren-mill,288,rogue,subtlety,6,3,3
Waakie,frostmane,288,rogue,subtlety,6,3,3
Arydir,quelthalas,288,rogue,subtlety,6,3,3
Читэри,soulflayer,288,rogue,subtlety,6,3,3
Элисандресса,gordunni,288,rogue,subtlety,6,3,3
Nezukóchan,ravencrest,288,rogue,subtlety,6,3,3
Givilwtf,eredar,288,rogue,subtlety,6,3,3
Соважь,soulflayer,288,rogue,subtlety,6,3,3
Natsukage,blackmoore,288,rogue,subtlety,6,3,3
Shythairogue,area-52,288,rogue,subtlety,6,3,3
Izzyb,auchindoun,288,rogue,subtlety,6,3,3
Mekóz,draenor,288,rogue,subtlety,6,3,3
Sethr,blackmoore,288,rogue,subtlety,6,3,3
Pretylo,marécage-de-zangar,288,rogue,subtlety,6,3,3
Sadgexd,draenor,288,rogue,subtlety,6,3,3
Knifeparty,silvermoon,288,rogue,subtlety,6,3,3
Sutisong,dun-modr,288,rogue,subtlety,6,3,3
Roguanal,hyjal,288,rogue,subtlety,6,3,3
Synthaetic,draenor,288,rogue,subtlety,6,3,3
Jawen,silvermoon,288,rogue,subtlety,6,3,3
Zhadowên,kazzak,288,rogue,subtlety,6,3,3
Wraiith,chogall,288,rogue,subtlety,6,3,3
Cylizr,stormscale,288,rogue,subtlety,6,3,3
Кеспул,soulflayer,288,rogue,subtlety,6,3,3
Bízkit,stormscale,288,rogue,subtlety,6,3,3
Shâdow,ravenholdt,288,rogue,subtlety,6,3,3
Nerica,kazzak,288,rogue,subtlety,6,3,3
Kolto,argent-dawn,288,rogue,subtlety,6,3,3
Missesinvis,blackmoore,288,rogue,subtlety,6,3,3
Лофиан,gordunni,288,rogue,subtlety,6,3,3
Vanisshh,hyjal,288,rogue,subtlety,6,3,3
Cêline,silvermoon,288,rogue,subtlety,6,3,3
Кейнилин,gordunni,288,rogue,subtlety,6,3,3
Nhèl,stormscale,288,rogue,subtlety,6,3,3
Natillaa,dun-modr,288,rogue,subtlety,6,3,3
Nícks,tarren-mill,288,rogue,subtlety,6,3,3
Finanzamtlg,blackrock,288,rogue,subtlety,6,3,3
Rúckus,ravencrest,288,rogue,subtlety,6,3,3
Checkormate,aegwynn,288,rogue,subtlety,6,3,3
Venom,stormscale,288,rogue,subtlety,6,3,3
Hallogenic,silvermoon,288,rogue,subtlety,6,3,3
Peeon,drakthul,288,rogue,subtlety,6,3,3
Viiltäjäjack,stormscale,288,rogue,subtlety,6,3,3
Ezk,eredar,288,rogue,subtlety,6,3,3
Røguøross,archimonde,288,rogue,subtlety,6,3,3
Skrbke,tarren-mill,288,rogue,subtlety,6,3,3
Garou,blackhand,288,rogue,subtlety,6,3,3
Horvathzu,ravencrest,288,rogue,subtlety,6,3,3
Iöny,silvermoon,288,rogue,subtlety,6,3,3
Mecu,ravencrest,288,rogue,subtlety,6,3,3
Candyshot,thrall,288,rogue,subtlety,6,3,3
Disembowel,ravencrest,288,rogue,subtlety,6,3,3
Shadxwstep,ravencrest,288,rogue,subtlety,6,3,3
Seregolas,argent-dawn,288,rogue,subtlety,6,3,3
Gøldzahn,antonidas,288,rogue,subtlety,6,3,3
Jáckz,twisting-nether,288,rogue,subtlety,6,3,3
Qira,burning-blade,288,rogue,subtlety,6,3,3
Pocketpaw,stormreaver,288,rogue,subtlety,6,3,3
Baradiir,defias-brotherhood,288,rogue,subtlety,6,3,3
Swiftyfan,silvermoon,288,rogue,subtlety,6,3,3
Стэйм,gordunni,288,rogue,subtlety,6,3,3
Uareincombat,drakthul,288,rogue,subtlety,11,3,8
Vancleéf,sylvanas,288,rogue,subtlety,12,3,9
Тарний,gordunni,288,rogue,subtlety,12,3,9
Kïbs,dalaran,288,rogue,subtlety,12,3,9
Girlname,the-maelstrom,288,rogue,subtlety,12,3,9
Воробнальщик,soulflayer,288,rogue,subtlety,12,3,9
Envenoman,ravencrest,288,rogue,subtlety,12,3,9
Rufinol,twisting-nether,288,rogue,subtlety,12,3,9
Hikorust,drakthul,288,rogue,subtlety,12,3,9
Ñú,ravencrest,288,rogue,subtlety,12,3,9
Kongnognog,ragnaros,288,rogue,subtlety,12,3,9
Nÿst,khaz-modan,288,rogue,subtlety,12,3,9
Bú,nemesis,288,rogue,subtlety,12,3,9
Cbrook,sylvanas,288,rogue,subtlety,12,3,9
Snøv,outland,288,rogue,subtlety,12,3,9
Ристоврация,gordunni,288,rogue,subtlety,12,3,9
Princip,drakthul,288,rogue,subtlety,12,3,9
Zoldyck,bloodhoof,288,rogue,subtlety,12,3,9
Izame,archimonde,288,rogue,subtlety,12,3,9
Chipson,kazzak,288,rogue,subtlety,12,3,9
Faded,terokkar,288,rogue,subtlety,12,3,9
Bîgbîzeps,thrall,288,rogue,subtlety,12,3,9
Xéshon,tarren-mill,288,rogue,subtlety,12,3,9
Skíll,sanguino,288,rogue,subtlety,12,3,9
Pestctrl,argent-dawn,288,rogue,subtlety,12,3,9
Lookbehîndu,aegwynn,288,rogue,subtlety,12,3,9
Chililôl,dun-modr,288,rogue,subtlety,12,3,9
Zappdead,frostwolf,288,rogue,subtlety,12,3,9
Liirja,twisting-nether,288,rogue,subtlety,18,3,15
Sinxgødx,outland,288,rogue,subtlety,18,3,15
Téhashcéé,archimonde,287,rogue,subtlety,6,3,3
Styggvanas,tarren-mill,287,rogue,subtlety,15,4,11
Skeeto,blackmoore,287,rogue,subtlety,12,3,9
Котуй,borean-tundra,287,rogue,subtlety,12,3,9
Боузи,howling-fjord,287,rogue,subtlety,12,3,9
Furrooscuro,sanguino,287,rogue,subtlety,18,3,15
Celenium,chogall,287,rogue,subtlety,24,3,21
Ракельяр,blackscar,286,rogue,subtlety,6,3,3
Cesar,blackhand,286,rogue,subtlety,6,3,3
Jontor,deathwing,286,rogue,subtlety,12,3,9
Шмарамышь,soulflayer,255,rogue,subtlety,8,4,4
Madlain,jaedenar,255,rogue,subtlety,8,4,4
Machmacan,thrall,239,rogue,subtlety,5,3,2
Trinketeflag,archimonde,239,rogue,subtlety,5,3,2
Juuzou,outland,239,rogue,subtlety,5,3,2
Xoxoxoxoxoxö,archimonde,234,rogue,subtlety,11,5,6
Boornys,burning-legion,224,rogue,subtlety,10,3,7
Piperx,ravencrest,223,rogue,subtlety,8,3,5
Dägorath,dun-modr,192,rogue,subtlety,4,3,1
Imnotnice,terenas,192,rogue,subtlety,9,3,6
Krida,archimonde,192,rogue,subtlety,6,2,4
Skaterboy,stormscale,192,rogue,subtlety,6,2,4
Breuss,elune,192,rogue,subtlety,6,2,4
Ksunq,hyjal,192,rogue,subtlety,6,2,4
Kyupi,hyjal,192,rogue,subtlety,6,2,4
Isseen,burning-legion,192,rogue,subtlety,6,2,4
Selecta,bloodhoof,192,rogue,subtlety,6,2,4
Blóodless,stormscale,192,rogue,subtlety,6,2,4
Røxxilly,blackmoore,192,rogue,subtlety,6,2,4
Voices,dentarg,192,rogue,subtlety,6,2,4
Evi,korgall,192,rogue,subtlety,6,2,4
Ellira,stormscale,192,rogue,subtlety,6,2,4
Nefqq,stormscale,192,rogue,subtlety,6,2,4
Kucheenstab,blackrock,192,rogue,subtlety,6,2,4
Oldschool,sanguino,192,rogue,subtlety,6,2,4
Epidemic,stormscale,192,rogue,subtlety,6,2,4
Gameøvr,sanguino,192,rogue,subtlety,6,2,4
Navaton,sanguino,192,rogue,subtlety,6,2,4
Ît,stormscale,192,rogue,subtlety,6,2,4
Hade,stormscale,192,rogue,subtlety,6,2,4
Bananashow,aegwynn,192,rogue,subtlety,6,2,4
Jæto,ravencrest,192,rogue,subtlety,6,2,4
Kylìemirogue,blackrock,192,rogue,subtlety,6,2,4
Вэндиго,deathweaver,192,rogue,subtlety,6,2,4
Yulitz,dun-modr,192,rogue,subtlety,6,2,4
Yamajinzu,blackmoore,192,rogue,subtlety,6,2,4
Brinvilliers,aegwynn,192,rogue,subtlety,6,2,4
Evilbiscuit,quelthalas,192,rogue,subtlety,6,2,4
Zte,frostmane,192,rogue,subtlety,6,2,4
Рогаупорога,howling-fjord,192,rogue,subtlety,6,2,4
Senorino,tarren-mill,192,rogue,subtlety,6,2,4
Canelitae,minahonda,192,rogue,subtlety,6,2,4
Кеонетво,howling-fjord,192,rogue,subtlety,6,2,4
Leanderrisin,ragnaros,192,rogue,subtlety,6,2,4
Janx,aegwynn,192,rogue,subtlety,6,2,4
Johncéná,stormscale,192,rogue,subtlety,6,2,4
Rehab,draenor,192,rogue,subtlety,6,2,4
Stigh,twisting-nether,192,rogue,subtlety,6,2,4
Fatnutsac,eredar,192,rogue,subtlety,6,2,4
Illmindofboo,twisting-nether,192,rogue,subtlety,6,2,4
Caská,blackhand,192,rogue,subtlety,6,2,4
Katara,antonidas,192,rogue,subtlety,6,2,4
Inviscuz,draenor,192,rogue,subtlety,6,2,4
Haikyu,blackhand,192,rogue,subtlety,6,2,4
Cøsmøz,dalaran,192,rogue,subtlety,6,2,4
Pøggerhontas,antonidas,192,rogue,subtlety,6,2,4
Reyzumi,antonidas,192,rogue,subtlety,6,2,4
Sohnisch,azshara,192,rogue,subtlety,6,2,4
Sqc,ravencrest,192,rogue,subtlety,6,2,4
Botsrogue,kazzak,192,rogue,subtlety,6,2,4
Ýýçyka,kazzak,192,rogue,subtlety,6,2,4
Recondite,doomhammer,192,rogue,subtlety,6,2,4
Дзендэр,soulflayer,192,rogue,subtlety,6,2,4
Скиррона,gordunni,192,rogue,subtlety,6,2,4
Stealthyist,darkmoon-faire,192,rogue,subtlety,6,2,4
Lenây,blackmoore,192,rogue,subtlety,6,2,4
Feylia,terenas,192,rogue,subtlety,6,2,4
Гамбиит,gordunni,192,rogue,subtlety,6,2,4
Chuckloriss,garona,192,rogue,subtlety,6,2,4
Lånaya,sylvanas,192,rogue,subtlety,6,2,4
Le,stormreaver,192,rogue,subtlety,6,2,4
Surinamort,voljin,192,rogue,subtlety,6,2,4
Byaow,ravencrest,192,rogue,subtlety,6,2,4
Deadchivalry,argent-dawn,192,rogue,subtlety,6,2,4
Cälisto,drakthul,192,rogue,subtlety,6,2,4
Рикимартини,gordunni,192,rogue,subtlety,6,2,4
Wrathed,stormreaver,192,rogue,subtlety,6,2,4
Ggyoulowbro,blackmoore,192,rogue,subtlety,6,2,4
Иордани,gordunni,192,rogue,subtlety,6,2,4
Грустныйрог,gordunni,192,rogue,subtlety,6,2,4
Голадриель,gordunni,192,rogue,subtlety,6,2,4
Sigleif,argent-dawn,192,rogue,subtlety,6,2,4
Gosleep,stormscale,192,rogue,subtlety,6,2,4
Aikaza,blackmoore,192,rogue,subtlety,6,2,4
Knezr,silvermoon,192,rogue,subtlety,6,2,4
Mècr,outland,192,rogue,subtlety,6,2,4
Vanisha,outland,192,rogue,subtlety,6,2,4
Giftknirps,silvermoon,192,rogue,subtlety,6,2,4
Soulriver,kelthuzad,192,rogue,subtlety,6,2,4
Greiskull,cthun,192,rogue,subtlety,15,3,12
Мутина,galakrond,192,rogue,subtlety,12,2,10
Refundlands,kazzak,192,rogue,subtlety,12,2,10
Erèlenn,draenor,192,rogue,subtlety,12,2,10
Jackpot,sargeras,192,rogue,subtlety,12,2,10
Destrektor,kazzak,192,rogue,subtlety,12,2,10
Shibaii,archimonde,192,rogue,subtlety,12,2,10
Ergaviota,colinas-pardas,192,rogue,subtlety,12,2,10
Verstopt,azjolnerub,192,rogue,subtlety,12,2,10
Shacopaco,zuljin,192,rogue,subtlety,12,2,10
Goldenblitz,blackmoore,192,rogue,subtlety,12,2,10
Nomad,sylvanas,192,rogue,subtlety,12,2,10
Shènzo,tarren-mill,192,rogue,subtlety,12,2,10
Кизо,blackscar,192,rogue,subtlety,12,2,10
Shaklyn,antonidas,192,rogue,subtlety,12,2,10
Acheravar,antonidas,192,rogue,subtlety,12,2,10
Bauwten,ravencrest,192,rogue,subtlety,12,2,10
Килрилон,lich-king,192,rogue,subtlety,12,2,10
Cramzes,defias-brotherhood,192,rogue,subtlety,12,2,10
Grris,stormscale,192,rogue,subtlety,12,2,10
Кингксу,gordunni,192,rogue,subtlety,12,2,10
Pandagonstab,shadowsong,192,rogue,subtlety,12,2,10
Mamus,tarren-mill,191,rogue,subtlety,6,2,4
Injux,blackmoore,191,rogue,subtlety,6,2,4
Энвитио,gordunni,191,rogue,subtlety,6,2,4
Killboom,rexxar,191,rogue,subtlety,12,2,10
Roxley,der-mithrilorden,191,rogue,subtlety,12,2,10
Scratcheye,twisting-nether,191,rogue,subtlety,12,2,10
Julekos,ravenholdt,159,rogue,subtlety,5,2,3
Cutscene,argent-dawn,159,rogue,subtlety,5,2,3
Kidneyqt,thrall,159,rogue,subtlety,5,2,3
Biggut,khadgar,144,rogue,subtlety,3,3,0
Paranoiaqt,outland,144,rogue,subtlety,9,2,7
Sicu,malganis,138,rogue,subtlety,10,4,6
Projectindex,malganis,138,rogue,subtlety,10,4,6
Fatzaky,turalyon,138,rogue,subtlety,14,3,11
Bandèra,ragnaros,138,rogue,subtlety,15,3,12
Núb,burning-blade,138,rogue,subtlety,15,3,12
Idrîl,rashgarroth,137,rogue,subtlety,9,3,6
Earnedblood,kazzak,128,rogue,subtlety,4,2,2
Loom,sylvanas,96,rogue,subtlety,3,2,1
Songoro,tirion,96,rogue,subtlety,3,2,1
Pzylol,anetheron,96,rogue,subtlety,3,2,1
Nohks,blackmoore,96,rogue,subtlety,6,1,5
Nerkmind,ragnaros,96,rogue,subtlety,6,1,5
Sørä,ragnaros,96,rogue,subtlety,6,1,5
Nullname,ragnaros,96,rogue,subtlety,6,1,5
Trxë,twisting-nether,96,rogue,subtlety,6,1,5
Fintex,ravencrest,96,rogue,subtlety,6,1,5
Könän,dalaran,96,rogue,subtlety,6,1,5
Darkolive,defias-brotherhood,96,rogue,subtlety,6,1,5
Мадарец,howling-fjord,96,rogue,subtlety,6,1,5
Гламурятина,gordunni,96,rogue,subtlety,6,1,5
Аквик,howling-fjord,96,rogue,subtlety,6,1,5
Тварьебаная,howling-fjord,96,rogue,subtlety,6,1,5
Vellira,khaz-modan,96,rogue,subtlety,6,1,5
Darkkstep,blackmoore,96,rogue,subtlety,6,1,5
Øzs,argent-dawn,96,rogue,subtlety,6,1,5
Kkraken,dalaran,96,rogue,subtlety,6,1,5
Senzus,twisting-nether,96,rogue,subtlety,6,1,5
Престиж,greymane,96,rogue,subtlety,6,1,5
Chøsen,stormscale,96,rogue,subtlety,6,1,5
Элонли,gordunni,96,rogue,subtlety,6,1,5
Стронг,soulflayer,96,rogue,subtlety,6,1,5
Jaffar,mannoroth,96,rogue,subtlety,6,1,5
Dallrend,stormscale,96,rogue,subtlety,6,1,5
Takenòtes,nemesis,96,rogue,subtlety,6,1,5
Jorppe,kazzak,96,rogue,subtlety,6,1,5
Genesiz,sylvanas,96,rogue,subtlety,6,1,5
Letheus,stormscale,96,rogue,subtlety,6,1,5
Loulina,outland,96,rogue,subtlety,6,1,5
Stealthr,silvermoon,96,rogue,subtlety,6,1,5
Kunigunde,shattered-hand,96,rogue,subtlety,6,1,5
Faso,thunderhorn,96,rogue,subtlety,6,1,5
Àrléngødx,kazzak,96,rogue,subtlety,6,1,5
Retaya,draenor,96,rogue,subtlety,6,1,5
Korteina,darkmoon-faire,96,rogue,subtlety,6,1,5
Menzo,ravencrest,96,rogue,subtlety,6,1,5
Cabbagerolls,argent-dawn,96,rogue,subtlety,6,1,5
Yaelynn,argent-dawn,96,rogue,subtlety,6,1,5
Sumcrit,ravencrest,96,rogue,subtlety,6,1,5
Invisage,grim-batol,96,rogue,subtlety,6,1,5
Ðarkbleeds,ravencrest,96,rogue,subtlety,6,1,5
Benvagin,hyjal,96,rogue,subtlety,6,1,5
Førtñîtégøðx,eredar,96,rogue,subtlety,6,1,5
Настябэкстаб,gordunni,96,rogue,subtlety,6,1,5
Malborko,ravencrest,96,rogue,subtlety,6,1,5
Kénzos,silvermoon,96,rogue,subtlety,6,1,5
Verk,twilights-hammer,96,rogue,subtlety,6,1,5
Xok,draenor,96,rogue,subtlety,6,1,5
Rookierook,draenor,96,rogue,subtlety,6,1,5
Hyrule,onyxia,96,rogue,subtlety,6,1,5
Outride,outland,96,rogue,subtlety,6,1,5
Edaniel,draenor,96,rogue,subtlety,6,1,5
Neskagrall,aegwynn,96,rogue,subtlety,6,1,5
Nomota,sanguino,96,rogue,subtlety,6,1,5
Nixze,tarren-mill,96,rogue,subtlety,6,1,5
Twinkyzzö,archimonde,96,rogue,subtlety,6,1,5
Djsapblindx,archimonde,96,rogue,subtlety,6,1,5
Tàazz,archimonde,96,rogue,subtlety,6,1,5
Stepbaack,silvermoon,96,rogue,subtlety,8,1,7
Stabie,twisting-nether,96,rogue,subtlety,12,1,11
Альдинг,howling-fjord,96,rogue,subtlety,12,1,11
Subzhero,draenor,96,rogue,subtlety,12,1,11
Rnghero,blackmoore,96,rogue,subtlety,12,1,11
Critneyspear,runetotem,96,rogue,subtlety,12,1,11
Calmrusgirl,ravenholdt,96,rogue,subtlety,12,1,11
Gífti,norgannon,96,rogue,subtlety,12,1,11
Azzineth,silvermoon,96,rogue,subtlety,12,1,11
Kaynasi,hyjal,96,rogue,subtlety,12,1,11
Xý,ysondre,96,rogue,subtlety,18,1,17
Nesth,silvermoon,79,rogue,subtlety,5,1,4
Deadlybrew,twisting-nether,79,rogue,subtlety,5,1,4
Digmorre,drakthul,79,rogue,subtlety,5,1,4
Pis,nagrand,63,rogue,subtlety,2,2,0
Domiqs,blackhand,63,rogue,subtlety,2,2,0
Ридлли,soulflayer,48,rogue,subtlety,3,1,2
Ddlcmg,drakthul,48,rogue,subtlety,3,1,2
Macon,arthas,42,rogue,subtlety,12,3,9
Shadowhelm,silvermoon,31,rogue,subtlety,8,1,7
Vlkyria,silvermoon,16,rogue,subtlety,13,1,12
Bestjkbetter,ravencrest,2155,rogue,assassination,111,57,54
Shadenax,ravencrest,2149,rogue,assassination,78,42,36
Shadeniz,ravencrest,2137,rogue,assassination,113,57,56
Heavý,argent-dawn,2135,rogue,assassination,133,71,62
Aæ,stormscale,2112,rogue,assassination,125,65,60
Rightplay,outland,2112,rogue,assassination,90,45,45
Naláa,ravencrest,2107,rogue,assassination,88,45,43
Shadenox,ravencrest,2104,rogue,assassination,329,164,165
Ewyna,silvermoon,2103,rogue,assassination,93,49,44
Fánsly,silvermoon,2102,rogue,assassination,78,40,38
Mortecieca,ravencrest,2094,rogue,assassination,119,58,61
Sub,kazzak,2085,rogue,assassination,96,46,50
Vayyel,silvermoon,2021,rogue,assassination,278,140,138
Mentol,stormscale,1985,rogue,assassination,59,45,14
Visuáls,antonidas,1950,rogue,assassination,81,38,43
Watchmeyoe,ravencrest,1904,rogue,assassination,78,44,34
Vulrin,argent-dawn,1899,rogue,assassination,77,44,33
Snøv,outland,1899,rogue,assassination,114,49,65
Oggish,tarren-mill,1890,rogue,assassination,72,28,44
Buffassa,ravencrest,1887,rogue,assassination,143,81,62
Venomblood,sanguino,1872,rogue,assassination,65,29,36
Chínerox,thunderhorn,1864,rogue,assassination,200,98,102
Ålùnæh,azjolnerub,1849,rogue,assassination,54,28,26
Babøønx,burning-legion,1848,rogue,assassination,89,41,48
Asàd,draenor,1841,rogue,assassination,47,30,17
Prei,hyjal,1839,rogue,assassination,96,49,47
Baboonx,burning-legion,1839,rogue,assassination,72,31,41
Aknana,vashj,1828,rogue,assassination,60,28,32
Stråt,ysondre,1825,rogue,assassination,54,25,29
Tyreall,drakthul,1824,rogue,assassination,101,45,56
Inly,ysondre,1823,rogue,assassination,110,58,52
Скварлет,howling-fjord,1818,rogue,assassination,66,30,36
Kidneyou,ragnaros,1816,rogue,assassination,48,31,17
Botsrogue,kazzak,1814,rogue,assassination,36,20,16
Sadgexd,draenor,1814,rogue,assassination,52,26,26
Shadeco,ravencrest,1811,rogue,assassination,60,29,31
Пожилойпуп,gordunni,1811,rogue,assassination,54,26,28
Pyridoxin,blackmoore,1810,rogue,assassination,60,29,31
Shipshot,blackrock,1809,rogue,assassination,62,37,25
Çhïñêsémøñkè,argent-dawn,1808,rogue,assassination,238,128,110
Civarea,blackrock,1808,rogue,assassination,57,26,31
Lookåtme,ravencrest,1808,rogue,assassination,48,20,28
Eiscreme,blackmoore,1802,rogue,assassination,95,50,45
Ohdaesu,aegwynn,1798,rogue,assassination,114,49,65
Stepchildx,uldum,1787,rogue,assassination,98,72,26
Изифаза,deathguard,1783,rogue,assassination,54,27,27
Ридлли,soulflayer,1783,rogue,assassination,59,29,30
Fíìp,drakthul,1778,rogue,assassination,234,113,121
Precious,sylvanas,1774,rogue,assassination,282,141,141
Dáydreamín,draenor,1772,rogue,assassination,60,27,33
Blindlol,emerald-dream,1768,rogue,assassination,125,65,60
Pheq,ravencrest,1765,rogue,assassination,83,33,50
Goshîmoshî,stormscale,1755,rogue,assassination,59,24,35
Naiikaii,antonidas,1751,rogue,assassination,54,23,31
Lastsight,burning-legion,1742,rogue,assassination,57,29,28
Lacusdark,draenor,1738,rogue,assassination,65,33,32
Limítless,tarren-mill,1737,rogue,assassination,48,31,17
Drenched,turalyon,1733,rogue,assassination,193,96,97
Awaaylol,stormscale,1729,rogue,assassination,166,80,86
Riskyx,draenor,1727,rogue,assassination,49,19,30
Семёнтус,gordunni,1726,rogue,assassination,48,27,21
Grøax,ragnaros,1722,rogue,assassination,42,25,17
Youcrymydear,outland,1711,rogue,assassination,66,31,35
Слаадкий,gordunni,1708,rogue,assassination,123,57,66
Gøldzahn,antonidas,1708,rogue,assassination,112,50,62
Richï,outland,1700,rogue,assassination,81,34,47
Røler,ravencrest,1693,rogue,assassination,42,18,24
Rinj,antonidas,1693,rogue,assassination,89,37,52
Акиоми,gordunni,1691,rogue,assassination,102,57,45
Çhïñêsérøqüè,tarren-mill,1691,rogue,assassination,77,33,44
Иллвилл,soulflayer,1690,rogue,assassination,36,18,18
Mazeken,kazzak,1688,rogue,assassination,53,21,32
Играючестно,howling-fjord,1686,rogue,assassination,30,19,11
Twitchful,kazzak,1665,rogue,assassination,54,25,29
Trollmeat,twisting-nether,1663,rogue,assassination,66,25,41
Brunhityx,ravencrest,1661,rogue,assassination,29,18,11
Sotro,dun-modr,1660,rogue,assassination,72,28,44
Peeon,drakthul,1659,rogue,assassination,73,26,47
Йа,gordunni,1658,rogue,assassination,63,33,30
Rajigagi,silvermoon,1648,rogue,assassination,36,19,17
Yopti,tarren-mill,1647,rogue,assassination,90,32,58
Shøz,kazzak,1644,rogue,assassination,110,50,60
Cander,kazzak,1642,rogue,assassination,95,44,51
Justkiddning,blackmoore,1641,rogue,assassination,102,60,42
Ockzy,archimonde,1639,rogue,assassination,105,56,49
Мастдаггер,goldrinn,1639,rogue,assassination,130,69,61
Skali,tarren-mill,1639,rogue,assassination,92,45,47
Monski,ravencrest,1631,rogue,assassination,54,21,33
Кэпс,blackscar,1625,rogue,assassination,66,39,27
Howfastiam,ravencrest,1624,rogue,assassination,108,55,53
Icdeadpixelz,ysondre,1624,rogue,assassination,42,17,25
Мистеркрэпс,howling-fjord,1624,rogue,assassination,47,19,28
Костялом,howling-fjord,1623,rogue,assassination,36,17,19
Кайсити,gordunni,1619,rogue,assassination,42,23,19
Keeke,outland,1619,rogue,assassination,60,31,29
Shikamouflé,archimonde,1619,rogue,assassination,148,74,74
Shookyz,zuljin,1615,rogue,assassination,54,27,27
Iwillcapyou,twisting-nether,1614,rogue,assassination,54,25,29
Únk,dalaran,1611,rogue,assassination,63,32,31
Ру,galakrond,1610,rogue,assassination,42,22,20
Войенх,gordunni,1610,rogue,assassination,242,116,126
Гесху,eversong,1608,rogue,assassination,41,23,18
Warbell,ravencrest,1606,rogue,assassination,96,35,61
Lelíth,ravencrest,1602,rogue,assassination,107,61,46
Ач,gordunni,1602,rogue,assassination,78,37,41
Варэль,borean-tundra,1601,rogue,assassination,215,106,109
Sumiftw,drakthul,1601,rogue,assassination,48,18,30
ßênz,archimonde,1600,rogue,assassination,120,63,57
Nîllá,blackmoore,1600,rogue,assassination,42,18,24
Загляденье,gordunni,1598,rogue,assassination,54,21,33
Hoodrogue,blackrock,1580,rogue,assassination,53,29,24
Amý,grim-batol,1580,rogue,assassination,45,21,24
Misttrogue,hyjal,1576,rogue,assassination,72,33,39
Kãlí,blackmoore,1570,rogue,assassination,271,135,136
Lannon,sylvanas,1565,rogue,assassination,50,20,30
Vanisha,outland,1560,rogue,assassination,85,48,37
Miiløx,silvermoon,1558,rogue,assassination,54,30,24
Пусякиллерх,gordunni,1556,rogue,assassination,109,47,62
Silesi,kazzak,1538,rogue,assassination,154,81,73
Cntrlld,ravencrest,1532,rogue,assassination,36,16,20
Stunco,ravencrest,1529,rogue,assassination,30,16,14
Knutten,wildhammer,1526,rogue,assassination,102,47,55
Ilrunne,silvermoon,1526,rogue,assassination,71,32,39
Зоти,lich-king,1525,rogue,assassination,56,27,29
Deadlybrew,twisting-nether,1525,rogue,assassination,42,16,26
Shaokiz,sylvanas,1523,rogue,assassination,54,29,25
Npkx,outland,1519,rogue,assassination,60,26,34
Flogue,area-52,1514,rogue,assassination,79,30,49
Tez,malganis,1511,rogue,assassination,59,29,30
Weakrat,kult-der-verdammten,1508,rogue,assassination,36,22,14
Synergize,stormreaver,1508,rogue,assassination,115,54,61
Argapu,stormscale,1503,rogue,assassination,78,32,46
Artésia,archimonde,1502,rogue,assassination,54,30,24
Zaintsas,tarren-mill,1500,rogue,assassination,62,31,31
Nùgz,area-52,1498,rogue,assassination,119,65,54
Reyzumi,antonidas,1488,rogue,assassination,54,27,27
Hidinginash,twisting-nether,1486,rogue,assassination,56,31,25
Søsaboy,nemesis,1483,rogue,assassination,60,29,31
Hopejé,ravencrest,1482,rogue,assassination,50,27,23
Minjeaca,silvermoon,1480,rogue,assassination,66,28,38
Волнорес,eversong,1479,rogue,assassination,94,48,46
Eizan,outland,1478,rogue,assassination,48,27,21
Ритор,deathguard,1477,rogue,assassination,48,22,26
Candycc,burning-legion,1475,rogue,assassination,67,38,29
Pieksig,blackmoore,1475,rogue,assassination,72,34,38
Intecto,twisting-nether,1473,rogue,assassination,70,41,29
Diazz,aegwynn,1473,rogue,assassination,119,56,63
Xeeana,ravencrest,1472,rogue,assassination,83,44,39
Poughkeepsie,outland,1467,rogue,assassination,48,26,22
Ocklol,archimonde,1467,rogue,assassination,75,37,38
Arkblenderx,silvermoon,1455,rogue,assassination,106,55,51
Шмарамышь,soulflayer,1454,rogue,assassination,95,45,50
Vennomous,darkspear,1451,rogue,assassination,202,102,100
Caská,blackhand,1445,rogue,assassination,72,32,40
Intrix,draenor,1438,rogue,assassination,48,16,32
Dnee,ravencrest,1435,rogue,assassination,18,15,3
Erion,silvermoon,1434,rogue,assassination,66,28,38
Alnaddafrog,outland,1433,rogue,assassination,58,36,22
Axoic,ravencrest,1433,rogue,assassination,48,23,25
Dé,ragnaros,1432,rogue,assassination,36,16,20
Negrim,dun-modr,1431,rogue,assassination,143,68,75
Ppollito,hyjal,1429,rogue,assassination,96,49,47
Moneylake,stormscale,1428,rogue,assassination,24,15,9
Effectz,ragnaros,1426,rogue,assassination,70,40,30
Nìghtwalker,ravencrest,1426,rogue,assassination,70,34,36
Luftpumpe,blackrock,1425,rogue,assassination,63,35,28
Редфилд,blackscar,1425,rogue,assassination,48,24,24
Teseiga,aegwynn,1424,rogue,assassination,128,55,73
Асиксх,blackscar,1423,rogue,assassination,96,49,47
Лёнтролль,blackscar,1421,rogue,assassination,69,32,37
Belsazar,azshara,1418,rogue,assassination,138,67,71
Sadìra,echsenkessel,1414,rogue,assassination,36,15,21
Yokze,ravencrest,1410,rogue,assassination,133,67,66
Ropedrink,stormscale,1409,rogue,assassination,30,19,11
Grzech,burning-legion,1408,rogue,assassination,76,40,36
Koreanrogue,archimonde,1406,rogue,assassination,24,15,9
Synthaetic,draenor,1401,rogue,assassination,130,69,61
Ванэйти,gordunni,1401,rogue,assassination,84,42,42
Ynohtna,blackhand,1396,rogue,assassination,63,30,33
Freemmr,draenor,1391,rogue,assassination,118,61,57
Sneakysloth,ravencrest,1388,rogue,assassination,39,17,22
Recondite,doomhammer,1385,rogue,assassination,53,30,23
Roguening,tarren-mill,1381,rogue,assassination,65,23,42
Piñotxo,sanguino,1377,rogue,assassination,41,17,24
Ciaordel,sylvanas,1372,rogue,assassination,75,36,39
Unshaken,dun-modr,1370,rogue,assassination,42,15,27
Raiyqyu,archimonde,1362,rogue,assassination,117,59,58
Nuguri,blackrock,1359,rogue,assassination,45,23,22
Orcrogue,khadgar,1356,rogue,assassination,29,15,14
Haikyu,blackhand,1354,rogue,assassination,72,31,41
Синигурай,soulflayer,1353,rogue,assassination,36,18,18
Dreathefox,drakthul,1352,rogue,assassination,48,20,28
Dirtyz,dun-modr,1351,rogue,assassination,67,35,32
Cýphia,amanthul,1351,rogue,assassination,69,32,37
Эксплис,ashenvale,1350,rogue,assassination,29,16,13
Education,aegwynn,1350,rogue,assassination,48,18,30
Batsu,alleria,1346,rogue,assassination,42,18,24
Роземсти,gordunni,1345,rogue,assassination,116,62,54
Yvÿ,archimonde,1343,rogue,assassination,36,22,14
Ethèrnal,twisting-nether,1343,rogue,assassination,31,15,16
Томасмразь,blackscar,1343,rogue,assassination,30,14,16
Röllz,ysondre,1342,rogue,assassination,48,21,27
Lixht,the-maelstrom,1332,rogue,assassination,54,30,24
Stabbinu,burning-legion,1332,rogue,assassination,30,14,16
Винерджи,gordunni,1329,rogue,assassination,50,23,27
Markø,twisting-nether,1329,rogue,assassination,94,42,52
Finanzamtlg,blackrock,1328,rogue,assassination,36,19,17
Совечица,gordunni,1327,rogue,assassination,30,14,16
Кайдарра,eversong,1317,rogue,assassination,54,26,28
Djnelly,stormreaver,1315,rogue,assassination,65,39,26
Zobrak,twisting-nether,1315,rogue,assassination,92,44,48
Стеллакокс,howling-fjord,1311,rogue,assassination,38,14,24
Траста,fordragon,1310,rogue,assassination,78,25,53
Sigleif,argent-dawn,1309,rogue,assassination,61,28,33
Givewallet,ravencrest,1308,rogue,assassination,24,14,10
Pizzayamyam,aegwynn,1308,rogue,assassination,36,15,21
Имилиона,blackscar,1298,rogue,assassination,31,18,13
Pathicus,stormreaver,1297,rogue,assassination,64,32,32
Gadûz,kazzak,1295,rogue,assassination,44,17,27
Flawlesser,kazzak,1294,rogue,assassination,39,19,20
Элирэй,fordragon,1282,rogue,assassination,35,14,21
Zizmo,deathwing,1278,rogue,assassination,72,26,46
Патайчик,soulflayer,1275,rogue,assassination,85,40,45
Фикция,greymane,1270,rogue,assassination,37,15,22
Менрэйз,gordunni,1267,rogue,assassination,36,15,21
Izze,thrall,1265,rogue,assassination,48,17,31
Akira,outland,1262,rogue,assassination,69,34,35
Veronkierto,stormreaver,1259,rogue,assassination,78,42,36
Snulle,ravencrest,1248,rogue,assassination,24,13,11
Сайгакк,galakrond,1248,rogue,assassination,58,30,28
Rubberducky,argent-dawn,1245,rogue,assassination,18,13,5
Fatnutsac,eredar,1245,rogue,assassination,30,13,17
Satiiva,terokkar,1242,rogue,assassination,66,29,37
Zerocell,kazzak,1240,rogue,assassination,60,29,31
Mexxn,antonidas,1240,rogue,assassination,43,20,23
Dime,silvermoon,1239,rogue,assassination,90,47,43
Тимкок,soulflayer,1237,rogue,assassination,36,16,20
Nàrutò,thrall,1236,rogue,assassination,42,14,28
Mewen,sanguino,1233,rogue,assassination,30,13,17
Sáinz,malganis,1233,rogue,assassination,35,15,20
Raetoc,turalyon,1230,rogue,assassination,30,15,15
Gankbang,frostmane,1225,rogue,assassination,54,21,33
Nukubu,draenor,1224,rogue,assassination,88,35,53
Mystykal,twisting-nether,1221,rogue,assassination,48,19,29
Trollohlol,malganis,1220,rogue,assassination,36,17,19
Behörnchen,eredar,1218,rogue,assassination,53,23,30
Sneakypeeki,sylvanas,1217,rogue,assassination,29,13,16
Пашавернись,gordunni,1215,rogue,assassination,41,13,28
Борщичок,gordunni,1210,rogue,assassination,118,60,58
Pitøu,outland,1205,rogue,assassination,48,23,25
Kariinthuul,aegwynn,1205,rogue,assassination,48,20,28
Bennyweth,argent-dawn,1205,rogue,assassination,42,16,26
Килларан,howling-fjord,1200,rogue,assassination,29,16,13
Nopz,outland,1199,rogue,assassination,36,21,15
Lovetospoon,ravencrest,1196,rogue,assassination,90,51,39
Kuttunga,ravencrest,1196,rogue,assassination,49,23,26
Narsoule,ysondre,1194,rogue,assassination,30,16,14
Фуллблайнд,gordunni,1194,rogue,assassination,33,13,20
Sùbzerø,archimonde,1186,rogue,assassination,23,13,10
Noxxra,blackhand,1181,rogue,assassination,59,21,38
Экичу,howling-fjord,1177,rogue,assassination,48,28,20
Tootskie,outland,1176,rogue,assassination,78,37,41
Stabdbyvegan,ragnaros,1174,rogue,assassination,66,22,44
Azovrouge,terokkar,1172,rogue,assassination,30,18,12
Stôrpîx,drakthul,1165,rogue,assassination,30,13,17
Цилана,gordunni,1161,rogue,assassination,45,25,20
Поздоровайся,howling-fjord,1159,rogue,assassination,30,15,15
Swarge,silvermoon,1159,rogue,assassination,300,145,155
Jeruna,veklor,1152,rogue,assassination,24,12,12
Tmpkboo,stormscale,1151,rogue,assassination,30,12,18
Chiàntì,blackrock,1150,rogue,assassination,140,70,70
Watodoo,kazzak,1150,rogue,assassination,32,13,19
Винестрий,soulflayer,1149,rogue,assassination,24,12,12
Vâleera,kazzak,1149,rogue,assassination,30,12,18
Nargun,archimonde,1148,rogue,assassination,24,13,11
Nightnelly,archimonde,1148,rogue,assassination,24,12,12
Unterweger,die-aldor,1145,rogue,assassination,23,13,10
Jaxck,sylvanas,1144,rogue,assassination,18,12,6
Maelithas,archimonde,1139,rogue,assassination,47,18,29
Bonejaw,tarren-mill,1137,rogue,assassination,30,14,16
Zokush,archimonde,1134,rogue,assassination,39,15,24
Скулипёс,howling-fjord,1124,rogue,assassination,23,15,8
Phaîne,outland,1124,rogue,assassination,24,12,12
Ingesa,blackhand,1123,rogue,assassination,50,22,28
Krimos,archimonde,1119,rogue,assassination,54,30,24
Missesinvis,blackmoore,1118,rogue,assassination,25,14,11
Kronin,arakarahm,1116,rogue,assassination,36,12,24
Petsakos,ravencrest,1113,rogue,assassination,35,12,23
Elysm,stormscale,1112,rogue,assassination,41,21,20
Jæto,ravencrest,1110,rogue,assassination,33,17,16
Sênsus,antonidas,1110,rogue,assassination,54,21,33
Oshä,dalaran,1102,rogue,assassination,30,13,17
Анми,gordunni,1101,rogue,assassination,29,12,17
Sæqq,blackmoore,1099,rogue,assassination,48,21,27
Elûnè,silvermoon,1097,rogue,assassination,30,14,16
Jupitor,argent-dawn,1089,rogue,assassination,48,24,24
Gravestam,sunstrider,1085,rogue,assassination,36,17,19
Лунари,blackscar,1076,rogue,assassination,36,14,22
Undîsputed,blackmoore,1074,rogue,assassination,45,15,30
Nighteshift,silvermoon,1064,rogue,assassination,36,14,22
Azonaticus,hyjal,1059,rogue,assassination,28,13,15
Alltaïr,ravencrest,1058,rogue,assassination,121,63,58
Undxrwrld,sylvanas,1055,rogue,assassination,18,11,7
Бонасера,blackscar,1052,rogue,assassination,24,11,13
Umciz,archimonde,1052,rogue,assassination,30,11,19
Jimaal,stormscale,1051,rogue,assassination,30,11,19
Dîspatchx,defias-brotherhood,1046,rogue,assassination,24,11,13
Edaniel,draenor,1045,rogue,assassination,18,11,7
Zélla,twisting-nether,1044,rogue,assassination,24,11,13
Pasarelo,dun-modr,1041,rogue,assassination,95,45,50
Madlain,jaedenar,1041,rogue,assassination,24,11,13
Кэйлфрут,gordunni,1040,rogue,assassination,18,11,7
Subyo,eredar,1038,rogue,assassination,30,11,19
Nevelon,chogall,1033,rogue,assassination,78,33,45
Sladen,ghostlands,1032,rogue,assassination,24,11,13
Julyshadows,kazzak,1031,rogue,assassination,36,15,21
Tre,eredar,1030,rogue,assassination,47,22,25
Epidemic,stormscale,1028,rogue,assassination,128,52,76
Оскархартман,gordunni,1027,rogue,assassination,24,12,12
Seleyese,draenor,1027,rogue,assassination,36,15,21
Imissmop,darkspear,1026,rogue,assassination,30,11,19
Мяуровани,eversong,1025,rogue,assassination,30,16,14
Dykumah,sanguino,1016,rogue,assassination,24,11,13
Maroshko,argent-dawn,1015,rogue,assassination,23,11,12
Gigarogue,defias-brotherhood,1010,rogue,assassination,29,13,16
Griveous,kazzak,1007,rogue,assassination,20,12,8
Sorea,twisting-nether,1006,rogue,assassination,45,18,27
Dezxxyox,dun-modr,1001,rogue,assassination,62,32,30
Boskönigt,ragnaros,998,rogue,assassination,46,20,26
Чернаясоска,eversong,994,rogue,assassination,95,50,45
Майндтрикс,blackscar,991,rogue,assassination,26,11,15
Zzippi,blackmoore,987,rogue,assassination,49,20,29
Lesale,turalyon,977,rogue,assassination,42,18,24
Imdma,defias-brotherhood,970,rogue,assassination,54,25,29
Modulok,ulduar,969,rogue,assassination,30,14,16
Veliza,twisting-nether,962,rogue,assassination,91,37,54
Awakeaf,outland,960,rogue,assassination,24,10,14
Gorgeousred,aegwynn,960,rogue,assassination,24,10,14
Ежикх,soulflayer,960,rogue,assassination,30,10,20
Czêro,grim-batol,959,rogue,assassination,18,10,8
Blawann,argent-dawn,959,rogue,assassination,18,10,8
Ладжо,gordunni,959,rogue,assassination,30,10,20
Miistermaen,outland,959,rogue,assassination,30,10,20
Koopa,argent-dawn,959,rogue,assassination,42,10,32
Xalupa,dun-modr,957,rogue,assassination,24,10,14
Eightball,frostmane,954,rogue,assassination,18,10,8
Gârrík,blackhand,954,rogue,assassination,18,10,8
Lírìa,argent-dawn,954,rogue,assassination,24,10,14
Szabina,outland,953,rogue,assassination,18,10,8
Skids,ravencrest,952,rogue,assassination,18,10,8
Джэкман,soulflayer,950,rogue,assassination,12,10,2
Areldis,drakthul,950,rogue,assassination,18,10,8
Tirgo,aegwynn,946,rogue,assassination,138,67,71
Mythicog,twisting-nether,946,rogue,assassination,42,17,25
Джоннималыш,eversong,942,rogue,assassination,18,10,8
Прнхабочка,gordunni,941,rogue,assassination,36,20,16
Coastguard,twisting-nether,937,rogue,assassination,30,14,16
Eniyah,tarren-mill,927,rogue,assassination,17,10,7
Cbrook,sylvanas,920,rogue,assassination,29,10,19
Snakeshiv,ravenholdt,919,rogue,assassination,24,12,12
Dredge,kaelthas,919,rogue,assassination,43,14,29
Jústina,die-aldor,897,rogue,assassination,66,28,38
Márto,archimonde,896,rogue,assassination,22,10,12
Ороти,greymane,891,rogue,assassination,20,12,8
Sïdr,marécage-de-zangar,890,rogue,assassination,23,12,11
Darkkstep,blackmoore,890,rogue,assassination,24,11,13
Dalailamer,gorgonnash,887,rogue,assassination,32,10,22
Макггара,soulflayer,884,rogue,assassination,143,64,79
Pinchoto,sanguino,883,rogue,assassination,54,24,30
Blackone,nemesis,883,rogue,assassination,24,10,14
Løuvees,archimonde,881,rogue,assassination,64,29,35
Kaigodd,twisting-nether,879,rogue,assassination,38,20,18
Dallrend,stormscale,875,rogue,assassination,60,22,38
Tranxéne,hyjal,874,rogue,assassination,24,11,13
Bauwten,ravencrest,866,rogue,assassination,24,12,12
Ñerøblacks,dun-modr,864,rogue,assassination,12,9,3
Skýhigh,ravencrest,864,rogue,assassination,12,9,3
Watergirlx,ravencrest,864,rogue,assassination,18,9,9
Madisonivyqt,blackmoore,864,rogue,assassination,24,9,15
Аязлаая,blackscar,864,rogue,assassination,24,9,15
Afto,argent-dawn,864,rogue,assassination,24,9,15
Angeldarky,silvermoon,864,rogue,assassination,24,9,15
Droomprins,stormscale,864,rogue,assassination,24,9,15
Sotri,dun-modr,864,rogue,assassination,24,9,15
Uzrigu,tarren-mill,863,rogue,assassination,18,9,9
Stepbrogue,tarren-mill,863,rogue,assassination,18,9,9
Cloak,blackrock,863,rogue,assassination,18,9,9
Фанфистинга,gordunni,863,rogue,assassination,36,9,27
Жесть,howling-fjord,862,rogue,assassination,18,9,9
Purplereign,frostmane,860,rogue,assassination,84,40,44
Daggerz,outland,859,rogue,assassination,18,9,9
Babysteps,the-maelstrom,856,rogue,assassination,18,9,9
Silksneak,kazzak,856,rogue,assassination,18,9,9
Norlix,ravencrest,856,rogue,assassination,18,9,9
Вотымразь,howling-fjord,856,rogue,assassination,45,19,26
Chalkbag,blackrock,852,rogue,assassination,30,9,21
Dmfd,darksorrow,849,rogue,assassination,154,68,86
Kuxion,zuljin,847,rogue,assassination,24,10,14
Ressputini,emeriss,841,rogue,assassination,17,9,8
Паштетмашин,booty-bay,841,rogue,assassination,18,9,9
Носопыра,blackscar,840,rogue,assassination,24,9,15
Deceptio,gilneas,835,rogue,assassination,18,9,9
Lilze,ravencrest,834,rogue,assassination,60,25,35
Liøø,antonidas,830,rogue,assassination,17,9,8
Dæadly,archimonde,828,rogue,assassination,23,9,14
Lorena,ravencrest,826,rogue,assassination,17,9,8
Вальпургина,borean-tundra,826,rogue,assassination,18,9,9
Tc,doomhammer,824,rogue,assassination,18,9,9
Reginlief,argent-dawn,824,rogue,assassination,50,24,26
Îlihad,zuljin,824,rogue,assassination,42,16,26
Scorpionkk,blackrock,817,rogue,assassination,55,24,31
Yuffi,ysondre,803,rogue,assassination,29,11,18
Hadúr,stormscale,802,rogue,assassination,28,11,17
Mol,defias-brotherhood,797,rogue,assassination,26,9,17
Jumbovanish,tarren-mill,796,rogue,assassination,21,11,10
Nojdobra,tarren-mill,782,rogue,assassination,19,9,10
Mores,anetheron,781,rogue,assassination,24,9,15
Sospiro,nemesis,779,rogue,assassination,22,9,13
Gillette,guldan,773,rogue,assassination,78,29,49
Wâter,silvermoon,768,rogue,assassination,18,8,10
Attylaria,rexxar,768,rogue,assassination,18,8,10
Tallac,drekthar,768,rogue,assassination,18,8,10
Kannibalex,blackrock,768,rogue,assassination,27,9,18
Juxtapose,ravencrest,768,rogue,assassination,24,8,16
Onlyluvhurt,dun-modr,768,rogue,assassination,24,8,16
Саэрас,howling-fjord,768,rogue,assassination,24,8,16
Lipschitz,outland,768,rogue,assassination,24,8,16
Piperx,ravencrest,768,rogue,assassination,30,8,22
Lôre,blackrock,768,rogue,assassination,30,8,22
Babouill,ysondre,767,rogue,assassination,12,8,4
Crípplé,ravencrest,767,rogue,assassination,12,8,4
Bläde,outland,767,rogue,assassination,12,8,4
Milenia,thrall,767,rogue,assassination,18,8,10
Röguelol,outland,767,rogue,assassination,18,8,10
Meldee,burning-legion,767,rogue,assassination,18,8,10
Nevagonagiv,archimonde,767,rogue,assassination,18,8,10
Shadowcralls,blackmoore,767,rogue,assassination,18,8,10
Serpez,anachronos,766,rogue,assassination,12,8,4
Bronxbomber,tarren-mill,766,rogue,assassination,18,8,10
Flaskan,tarren-mill,766,rogue,assassination,18,8,10
Nhonhonho,silvermoon,766,rogue,assassination,18,8,10
Obsçuritý,ragnaros,765,rogue,assassination,16,9,7
Revelith,nemesis,764,rogue,assassination,17,8,9
Jimzopf,eredar,762,rogue,assassination,18,8,10
Giftknirps,silvermoon,758,rogue,assassination,18,8,10
Parker,frostmane,758,rogue,assassination,24,8,16
Куррвабобер,borean-tundra,756,rogue,assassination,18,8,10
Deragur,antonidas,733,rogue,assassination,18,8,10
Rahes,stormscale,731,rogue,assassination,35,8,27
Fìíp,drakthul,720,rogue,assassination,21,8,13
Zeuzo,xavius,718,rogue,assassination,11,8,3
Кейтллинн,galakrond,718,rogue,assassination,36,13,23
Alpinestars,dun-modr,715,rogue,assassination,17,8,9
Ninieu,kirin-tor,686,rogue,assassination,13,8,5
Raikyo,argent-dawn,673,rogue,assassination,13,8,5
Like,aegwynn,672,rogue,assassination,12,7,5
Лиринэлла,soulflayer,672,rogue,assassination,12,7,5
Djpiglet,outland,672,rogue,assassination,12,7,5
Silass,marécage-de-zangar,672,rogue,assassination,12,7,5
Zilemjr,stormscale,672,rogue,assassination,18,7,11
Ogc,draenor,672,rogue,assassination,18,7,11
Scørp,ravencrest,672,rogue,assassination,18,7,11
Eeros,kazzak,672,rogue,assassination,18,7,11
Köna,archimonde,672,rogue,assassination,18,7,11
Zlah,ravencrest,672,rogue,assassination,18,7,11
Featfawkes,ragnaros,672,rogue,assassination,24,7,17
Saboteur,antonidas,672,rogue,assassination,24,7,17
Luketherogue,twisting-nether,672,rogue,assassination,24,7,17
Jaqenhghar,pozzo-delleternità,672,rogue,assassination,24,7,17
Ámbush,sylvanas,672,rogue,assassination,30,7,23
Rikdy,kazzak,672,rogue,assassination,30,7,23
Роггбог,howling-fjord,671,rogue,assassination,12,7,5
Friter,stormscale,671,rogue,assassination,18,7,11
Yassu,archimonde,671,rogue,assassination,18,7,11
Rîg,draenor,671,rogue,assassination,18,7,11
Kuzmin,die-aldor,671,rogue,assassination,18,7,11
Brazi,dalaran,671,rogue,assassination,18,7,11
Barkai,kazzak,670,rogue,assassination,18,7,11
Valdengard,antonidas,669,rogue,assassination,12,7,5
Shinigamî,nemesis,668,rogue,assassination,12,7,5
Thedarkness,sylvanas,667,rogue,assassination,12,7,5
Дисхар,soulflayer,667,rogue,assassination,12,7,5
Fizzkhalifa,zuljin,667,rogue,assassination,25,9,16
Rogunelf,stormreaver,666,rogue,assassination,12,7,5
Ashami,genjuros,666,rogue,assassination,18,7,11
Rwaphou,ysondre,664,rogue,assassination,12,7,5
Twotimess,stormscale,658,rogue,assassination,12,7,5
Onetwo,aggra-português,655,rogue,assassination,18,7,11
Sessanali,silvermoon,655,rogue,assassination,30,7,23
Niapro,dun-morogh,653,rogue,assassination,17,7,10
Rêdbello,dun-morogh,651,rogue,assassination,18,7,11
Ripgore,sylvanas,639,rogue,assassination,17,7,10
Якунька,soulflayer,637,rogue,assassination,17,7,10
Mozenn,draenor,622,rogue,assassination,15,7,8
Bensollo,tarren-mill,622,rogue,assassination,17,7,10
Knockyz,khaz-modan,591,rogue,assassination,25,8,17
Jamesdarmody,twisting-nether,589,rogue,assassination,21,7,14
Blade,stormscale,576,rogue,assassination,12,6,6
Remindful,ravencrest,576,rogue,assassination,12,6,6
Voetdown,blackmoore,576,rogue,assassination,12,6,6
Бейнс,howling-fjord,576,rogue,assassination,12,6,6
Wrestlér,sylvanas,576,rogue,assassination,12,6,6
Sachsun,outland,576,rogue,assassination,12,6,6
Schníttchen,antonidas,576,rogue,assassination,12,6,6
Necroli,kazzak,576,rogue,assassination,12,6,6
Soulriver,kelthuzad,576,rogue,assassination,12,6,6
Nekhâ,hyjal,576,rogue,assassination,12,6,6
Лиргенвард,deathguard,576,rogue,assassination,12,6,6
Rohalds,silvermoon,576,rogue,assassination,12,6,6
Flopsy,archimonde,576,rogue,assassination,12,6,6
Myk,ravencrest,576,rogue,assassination,12,6,6
Mollyperph,ravencrest,576,rogue,assassination,12,6,6
Diagnoze,silvermoon,576,rogue,assassination,12,6,6
Lildretch,dun-morogh,576,rogue,assassination,12,6,6
Liraia,eredar,576,rogue,assassination,18,6,12
Мелеша,blackscar,576,rogue,assassination,18,6,12
Zte,frostmane,576,rogue,assassination,18,6,12
Blooddance,ragnaros,576,rogue,assassination,18,6,12
Dnw,ravencrest,576,rogue,assassination,18,6,12
Hanzo,vashj,576,rogue,assassination,24,6,18
Практикиней,grom,575,rogue,assassination,12,6,6
Malvaxxs,tarren-mill,575,rogue,assassination,12,6,6
Hmwow,kazzak,575,rogue,assassination,12,6,6
Zyrogue,silvermoon,575,rogue,assassination,12,6,6
Rbgdowngrade,ravencrest,575,rogue,assassination,12,6,6
Ноубрэйкс,blackscar,575,rogue,assassination,12,6,6
Peqpen,ravencrest,575,rogue,assassination,12,6,6
Shènz,ysondre,575,rogue,assassination,18,6,12
Horvathzu,ravencrest,575,rogue,assassination,18,6,12
Stonecold,twilights-hammer,575,rogue,assassination,24,6,18
Fkuwu,dalaran,575,rogue,assassination,24,6,18
Колдрейдж,soulflayer,574,rogue,assassination,12,6,6
Жинпес,gordunni,574,rogue,assassination,12,6,6
Yasmineskye,silvermoon,574,rogue,assassination,12,6,6
Outofstuns,earthen-ring,574,rogue,assassination,18,7,11
Dahlinska,ravencrest,574,rogue,assassination,18,6,12
Tubes,dun-morogh,573,rogue,assassination,6,6,0
Whiss,blackmoore,573,rogue,assassination,12,6,6
Letheus,stormscale,573,rogue,assassination,18,6,12
Whiz,alexstrasza,572,rogue,assassination,21,7,14
Matarocho,ravencrest,572,rogue,assassination,18,6,12
Ranjual,blackhand,571,rogue,assassination,12,6,6
Xlongman,blackhand,571,rogue,assassination,24,6,18
Симус,lich-king,568,rogue,assassination,12,6,6
Rossaporcona,nemesis,564,rogue,assassination,30,6,24
Dimah,blackmoore,563,rogue,assassination,18,6,12
Наджийа,lich-king,560,rogue,assassination,18,6,12
Givilwtf,eredar,543,rogue,assassination,17,6,11
Nÿst,khaz-modan,543,rogue,assassination,17,6,11
Ûltraaxx,ysondre,528,rogue,assassination,15,6,9
Stonyhavana,ravencrest,527,rogue,assassination,11,6,5
Vaeira,ravencrest,527,rogue,assassination,17,6,11
Folzen,archimonde,512,rogue,assassination,16,6,10
Bamboozledx,draenor,511,rogue,assassination,11,6,5
Ðescartes,antonidas,480,rogue,assassination,6,5,1
Backstabjr,blackmoore,480,rogue,assassination,12,5,7
Calve,tarren-mill,480,rogue,assassination,12,5,7
Snurry,tarren-mill,480,rogue,assassination,12,5,7
Aikaza,blackmoore,480,rogue,assassination,12,5,7
Кишмякх,howling-fjord,480,rogue,assassination,12,5,7
Malatang,thrall,480,rogue,assassination,12,5,7
Patryk,silvermoon,480,rogue,assassination,12,5,7
Йоио,howling-fjord,480,rogue,assassination,12,5,7
Rylie,garona,480,rogue,assassination,12,5,7
Shabakftw,twisting-nether,480,rogue,assassination,12,5,7
Рэкрейвон,gordunni,480,rogue,assassination,12,5,7
Nippzy,twisting-nether,480,rogue,assassination,12,5,7
Эрихард,howling-fjord,480,rogue,assassination,12,5,7
Anhduy,blackrock,480,rogue,assassination,12,5,7
Fixsap,aegwynn,480,rogue,assassination,12,5,7
Gögel,draenor,480,rogue,assassination,12,5,7
Ândrey,ravencrest,480,rogue,assassination,12,5,7
Exiv,ragnaros,480,rogue,assassination,12,5,7
Trickfulz,stormscale,480,rogue,assassination,12,5,7
Fawkkes,la-croisade-écarlate,480,rogue,assassination,12,5,7
Sholace,blackrock,480,rogue,assassination,12,5,7
Gðrdø,blackrock,480,rogue,assassination,12,5,7
Kidalica,auchindoun,480,rogue,assassination,12,5,7
Kendyx,kirin-tor,480,rogue,assassination,12,5,7
Psg,argent-dawn,480,rogue,assassination,12,5,7
Zwarciowa,burning-legion,480,rogue,assassination,12,5,7
Hì,bronzebeard,480,rogue,assassination,12,5,7
Zajii,eredar,480,rogue,assassination,12,5,7
Morgan,argent-dawn,480,rogue,assassination,12,5,7
Ghðst,stormscale,480,rogue,assassination,12,5,7
Stealthi,stormscale,480,rogue,assassination,18,5,13
Wrathed,stormreaver,480,rogue,assassination,18,5,13
Kenjí,silvermoon,480,rogue,assassination,18,5,13
Ambushgirl,ravencrest,480,rogue,assassination,18,5,13
Exanimu,ravencrest,480,rogue,assassination,18,5,13
Republicano,cthun,480,rogue,assassination,18,5,13
Vizifyx,ravencrest,480,rogue,assassination,24,5,19
Waltër,tyrande,480,rogue,assassination,24,5,19
Finisher,sanguino,479,rogue,assassination,6,5,1
Хэресс,soulflayer,479,rogue,assassination,6,5,1
Дамид,gordunni,479,rogue,assassination,12,5,7
Tossmysaladx,silvermoon,479,rogue,assassination,12,5,7
Shadowfangs,ravencrest,479,rogue,assassination,12,5,7
Leÿji,archimonde,479,rogue,assassination,12,5,7
Ganzord,dun-modr,479,rogue,assassination,12,5,7
Некролз,gordunni,479,rogue,assassination,13,5,8
Hallogenic,silvermoon,479,rogue,assassination,18,5,13
Astefion,dalaran,479,rogue,assassination,24,5,19
Jacksoon,dun-morogh,477,rogue,assassination,18,5,13
Razboy,dun-morogh,475,rogue,assassination,12,5,7
Owlcat,argent-dawn,475,rogue,assassination,12,5,7
Леронда,deepholm,472,rogue,assassination,12,5,7
Elfikill,elune,472,rogue,assassination,13,5,8
Eljana,amanthul,472,rogue,assassination,20,7,13
Síns,runetotem,448,rogue,assassination,10,5,5
Deevoll,tarren-mill,447,rogue,assassination,20,6,14
Элиссенда,deathguard,446,rogue,assassination,11,5,6
Sørä,ragnaros,444,rogue,assassination,10,5,5
Bhabì,uldaman,431,rogue,assassination,11,5,6
Rhâpsødýx,twisting-nether,426,rogue,assassination,14,6,8
Ghøßt,outland,426,rogue,assassination,17,7,10
Refundlands,kazzak,426,rogue,assassination,15,6,9
Mâêl,blackmoore,426,rogue,assassination,16,6,10
Bluehell,sanguino,415,rogue,assassination,10,5,5
Horóz,antonidas,400,rogue,assassination,7,5,2
Døpegame,ravencrest,400,rogue,assassination,13,5,8
Путьказаха,gordunni,384,rogue,assassination,6,4,2
Brñ,ravencrest,384,rogue,assassination,6,4,2
Fûckínggød,outland,384,rogue,assassination,6,4,2
Ðoppex,blackmoore,384,rogue,assassination,6,4,2
Mïkasa,ysondre,384,rogue,assassination,6,4,2
Мёртвыйанарх,soulflayer,384,rogue,assassination,6,4,2
Obstechhawi,argent-dawn,384,rogue,assassination,6,4,2
Sisoi,kazzak,384,rogue,assassination,6,4,2
Vögue,burning-legion,384,rogue,assassination,6,4,2
Whosmanz,ragnaros,384,rogue,assassination,6,4,2
Painkeeper,stormscale,384,rogue,assassination,6,4,2
Parawietje,twilights-hammer,384,rogue,assassination,6,4,2
Gâla,elune,384,rogue,assassination,6,4,2
Евгенийильич,gordunni,384,rogue,assassination,6,4,2
Meccura,silvermoon,384,rogue,assassination,6,4,2
Красаа,soulflayer,384,rogue,assassination,6,4,2
Tyranoxoth,stormscale,384,rogue,assassination,6,4,2
Eltitoedu,dun-modr,384,rogue,assassination,6,4,2
Ebayscammer,ravencrest,384,rogue,assassination,6,4,2
Mouchess,hyjal,384,rogue,assassination,6,4,2
Synsinte,silvermoon,384,rogue,assassination,6,4,2
Tebzr,ravencrest,384,rogue,assassination,6,4,2
Mituxararr,blackrock,384,rogue,assassination,6,4,2
Биокарлик,soulflayer,384,rogue,assassination,6,4,2
Sîccarîus,ravencrest,384,rogue,assassination,6,4,2
Nineball,frostmane,384,rogue,assassination,6,4,2
Дикийминус,howling-fjord,384,rogue,assassination,6,4,2
Sayianwho,ravencrest,384,rogue,assassination,6,4,2
Zerfex,eredar,384,rogue,assassination,12,4,8
Wééselby,blackrock,384,rogue,assassination,12,4,8
Mtb,ravencrest,384,rogue,assassination,12,4,8
Redcutter,silvermoon,384,rogue,assassination,12,4,8
Paidaki,kazzak,384,rogue,assassination,12,4,8
Kallelelel,tarren-mill,384,rogue,assassination,12,4,8
Honeycakes,ravencrest,384,rogue,assassination,12,4,8
Stepkickgodx,blackmoore,384,rogue,assassination,12,4,8
Norpz,aggra-português,384,rogue,assassination,12,4,8
Níterush,eredar,384,rogue,assassination,12,4,8
Crimatoria,rajaxx,384,rogue,assassination,12,4,8
Kïdney,stormscale,384,rogue,assassination,12,4,8
Meimei,sanguino,384,rogue,assassination,12,4,8
Sharkøo,eredar,384,rogue,assassination,12,4,8
Ddhelpra,blackrock,384,rogue,assassination,12,4,8
Shadowspike,sanguino,384,rogue,assassination,12,4,8
Noxxy,archimonde,384,rogue,assassination,12,4,8
Ксяосупдупао,howling-fjord,384,rogue,assassination,12,4,8
Wickness,dun-modr,384,rogue,assassination,12,4,8
Izzyb,auchindoun,384,rogue,assassination,12,4,8
Obernik,draenor,384,rogue,assassination,12,4,8
Ра,gordunni,384,rogue,assassination,12,4,8
Гранетанцор,blackscar,384,rogue,assassination,12,4,8
Achterom,tarren-mill,384,rogue,assassination,12,4,8
Röguetönerö,dun-modr,384,rogue,assassination,12,4,8
Doomdagger,chamber-of-aspects,384,rogue,assassination,12,4,8
Darkchomeur,archimonde,384,rogue,assassination,12,4,8
Fálke,dun-modr,384,rogue,assassination,12,4,8
Галиновна,soulflayer,384,rogue,assassination,12,4,8
Gämèøvërkíd,archimonde,384,rogue,assassination,12,4,8
Lilrookie,argent-dawn,384,rogue,assassination,12,4,8
Bijâ,aegwynn,384,rogue,assassination,12,4,8
Ryxon,arathor,384,rogue,assassination,12,4,8
Feucht,argent-dawn,384,rogue,assassination,12,4,8
Елианора,gordunni,384,rogue,assassination,18,4,14
Gorgeousréd,aegwynn,384,rogue,assassination,18,4,14
Zerö,tarren-mill,384,rogue,assassination,18,4,14
Ристоврация,gordunni,384,rogue,assassination,18,4,14
Mindset,eredar,384,rogue,assassination,18,4,14
Lïke,frostwolf,384,rogue,assassination,18,4,14
Лайнэл,deathweaver,384,rogue,assassination,18,4,14
Sythex,archimonde,384,rogue,assassination,18,4,14
Ibizà,ravencrest,384,rogue,assassination,18,4,14
Horrogue,aggramar,383,rogue,assassination,6,4,2
Opiïum,ysondre,383,rogue,assassination,6,4,2
Vexedancer,stormscale,383,rogue,assassination,6,4,2
Kyzzo,dalaran,383,rogue,assassination,12,4,8
Algopyrin,ragnaros,383,rogue,assassination,12,4,8
Töbïï,sylvanas,383,rogue,assassination,12,4,8
Obbexd,outland,383,rogue,assassination,12,4,8
Haregan,gorgonnash,382,rogue,assassination,6,4,2
Twinkyzzö,archimonde,382,rogue,assassination,12,4,8
Møkkagnom,darkspear,381,rogue,assassination,12,4,8
Pumpy,blades-edge,381,rogue,assassination,12,4,8
Easy,kult-der-verdammten,376,rogue,assassination,18,4,14
Stealtheous,arathor,367,rogue,assassination,11,4,7
Myk,xavius,352,rogue,assassination,10,5,5
Стронг,soulflayer,352,rogue,assassination,10,4,6
Stælf,argent-dawn,352,rogue,assassination,16,4,12
Lilbubblegum,emerald-dream,351,rogue,assassination,11,4,7
Gereon,drakthul,351,rogue,assassination,11,4,7
Морзо,howling-fjord,351,rogue,assassination,17,4,13
Клозо,galakrond,351,rogue,assassination,17,4,13
Voraq,blackhand,350,rogue,assassination,11,4,7
Blueberry,sargeras,322,rogue,assassination,13,5,8
Fz,chants-éternels,319,rogue,assassination,16,5,11
Stroògz,ysondre,288,rogue,assassination,6,3,3
Xãwé,kazzak,288,rogue,assassination,6,3,3
Langneurr,archimonde,288,rogue,assassination,6,3,3
Jsprxo,stormscale,288,rogue,assassination,6,3,3
Batta,drakthul,288,rogue,assassination,6,3,3
Kaylí,kazzak,288,rogue,assassination,6,3,3
Mordred,stormscale,288,rogue,assassination,6,3,3
Олддеадроб,soulflayer,288,rogue,assassination,6,3,3
Smorcoolio,stormscale,288,rogue,assassination,6,3,3
Охотникведьм,soulflayer,288,rogue,assassination,6,3,3
Sorashna,agamaggan,288,rogue,assassination,6,3,3
Illmindofboo,twisting-nether,288,rogue,assassination,6,3,3
Artyzoo,tarren-mill,288,rogue,assassination,6,3,3
Sussulto,nemesis,288,rogue,assassination,6,3,3
Myxx,ravencrest,288,rogue,assassination,6,3,3
Labronka,sanguino,288,rogue,assassination,6,3,3
Stealthyist,darkmoon-faire,288,rogue,assassination,6,3,3
Gitguduwu,tarren-mill,288,rogue,assassination,6,3,3
Erdin,ravencrest,288,rogue,assassination,6,3,3
Luciferx,stormscale,288,rogue,assassination,6,3,3
Tiazx,outland,288,rogue,assassination,6,3,3
Котянкахд,howling-fjord,288,rogue,assassination,6,3,3
Rodént,argent-dawn,288,rogue,assassination,6,3,3
Nevazutu,twisting-nether,288,rogue,assassination,6,3,3
Tasster,frostwolf,288,rogue,assassination,6,3,3
Jupezii,stormreaver,288,rogue,assassination,6,3,3
Laojin,kiljaeden,288,rogue,assassination,6,3,3
Blackmøré,argent-dawn,288,rogue,assassination,6,3,3
Reaventis,ravencrest,288,rogue,assassination,6,3,3
Skrbke,tarren-mill,288,rogue,assassination,6,3,3
Keexy,ravencrest,288,rogue,assassination,6,3,3
Aska,antonidas,288,rogue,assassination,6,3,3
Heftychonk,doomhammer,288,rogue,assassination,6,3,3
Sâtýr,ravencrest,288,rogue,assassination,6,3,3
Lättja,hyjal,288,rogue,assassination,6,3,3
Zigaretz,ravencrest,288,rogue,assassination,6,3,3
Lämä,stormreaver,288,rogue,assassination,6,3,3
Ракфорн,howling-fjord,288,rogue,assassination,6,3,3
Зорго,deathguard,288,rogue,assassination,6,3,3
Nezukóchan,ravencrest,288,rogue,assassination,6,3,3
Lïhtêñßërg,ravencrest,288,rogue,assassination,6,3,3
Ðaemøn,archimonde,288,rogue,assassination,12,4,8
Shadowprank,ravencrest,288,rogue,assassination,9,3,6
Vyllaftw,hyjal,288,rogue,assassination,10,3,7
Psybelette,khaz-modan,288,rogue,assassination,15,4,11
Terya,ragnaros,288,rogue,assassination,12,3,9
Netreck,dun-modr,288,rogue,assassination,12,3,9
Turbocandle,ravencrest,288,rogue,assassination,12,3,9
Fushimi,ravencrest,288,rogue,assassination,12,3,9
Rôst,ravencrest,288,rogue,assassination,12,3,9
Sickko,stormscale,288,rogue,assassination,12,3,9
Zeiden,sanguino,288,rogue,assassination,12,3,9
Redork,twisting-nether,288,rogue,assassination,12,3,9
Felvengeance,stormscale,288,rogue,assassination,12,3,9
Kyropth,eredar,288,rogue,assassination,12,3,9
Келгар,soulflayer,288,rogue,assassination,12,3,9
Hamer,eredar,288,rogue,assassination,12,3,9
Курога,howling-fjord,288,rogue,assassination,12,3,9
Smokeyx,outland,288,rogue,assassination,12,3,9
Madita,frostmourne,288,rogue,assassination,12,3,9
Nezuko,gilneas,288,rogue,assassination,12,3,9
Mxrbid,defias-brotherhood,288,rogue,assassination,12,3,9
Moratz,blackmoore,288,rogue,assassination,12,3,9
Persës,outland,288,rogue,assassination,12,3,9
Gløck,die-aldor,288,rogue,assassination,12,3,9
Bumaqt,silvermoon,288,rogue,assassination,12,3,9
Ryurfy,archimonde,288,rogue,assassination,12,3,9
Hersuub,blackmoore,288,rogue,assassination,12,3,9
Zip,alleria,288,rogue,assassination,12,3,9
Eriksonn,drakthul,288,rogue,assassination,12,3,9
Vessel,tarren-mill,288,rogue,assassination,12,3,9
Nitröx,tarren-mill,288,rogue,assassination,12,3,9
Kylìemirogue,blackrock,288,rogue,assassination,12,3,9
Teldã,archimonde,288,rogue,assassination,12,3,9
Drillss,ravencrest,288,rogue,assassination,22,4,18
Jáyjay,antonidas,288,rogue,assassination,18,3,15
Memphismp,drakthul,288,rogue,assassination,18,3,15
Killboom,rexxar,287,rogue,assassination,6,3,3
Yubleeding,kazzak,287,rogue,assassination,6,3,3
Vv,terokkar,287,rogue,assassination,6,3,3
Willin,kazzak,287,rogue,assassination,6,3,3
Гламурятина,gordunni,287,rogue,assassination,6,3,3
Умбрен,lich-king,287,rogue,assassination,6,3,3
Nastyrogue,burning-legion,287,rogue,assassination,12,3,9
Vendox,defias-brotherhood,287,rogue,assassination,12,3,9
Krymziàâ,hyjal,287,rogue,assassination,18,3,15
Clapslap,blackmoore,286,rogue,assassination,6,3,3
Фоксивнир,soulflayer,286,rogue,assassination,6,3,3
Derrieretoî,archimonde,285,rogue,assassination,12,3,9
Ecilaa,conseil-des-ombres,285,rogue,assassination,12,3,9
Verbb,turalyon,284,rogue,assassination,12,3,9
Bobydrift,khaz-modan,284,rogue,assassination,12,3,9
Layson,les-clairvoyants,271,rogue,assassination,11,3,8
Bloodhand,blackmoore,255,rogue,assassination,11,3,8
Blckrogue,bloodfeather,240,rogue,assassination,9,3,6
Starkad,archimonde,239,rogue,assassination,5,3,2
Kebabgodx,sanguino,223,rogue,assassination,8,3,5
Bangerstab,draenor,192,rogue,assassination,6,2,4
Diliu,doomhammer,192,rogue,assassination,6,2,4
Xeggy,turalyon,192,rogue,assassination,6,2,4
Althieves,ravencrest,192,rogue,assassination,6,2,4
Zyphion,ragnaros,192,rogue,assassination,6,2,4
Henlh,turalyon,192,rogue,assassination,6,2,4
Nudelholz,blackrock,192,rogue,assassination,6,2,4
Saix,blackrock,192,rogue,assassination,6,2,4
Helcof,emerald-dream,192,rogue,assassination,6,2,4
Кашеварить,gordunni,192,rogue,assassination,6,2,4
Grüeßseebach,todeswache,192,rogue,assassination,6,2,4
Нойсеен,gordunni,192,rogue,assassination,6,2,4
Tofix,tarren-mill,192,rogue,assassination,6,2,4
Næylá,kult-der-verdammten,192,rogue,assassination,6,2,4
Bakalan,dun-modr,192,rogue,assassination,6,2,4
Katara,antonidas,192,rogue,assassination,6,2,4
Maxrizzx,ravencrest,192,rogue,assassination,6,2,4
Аренатрюки,soulflayer,192,rogue,assassination,6,2,4
Synexo,sylvanas,192,rogue,assassination,6,2,4
Reáper,frostwolf,192,rogue,assassination,6,2,4
Ikaze,kazzak,192,rogue,assassination,6,2,4
Mallaurya,dalaran,192,rogue,assassination,6,2,4
Noilek,sylvanas,192,rogue,assassination,6,2,4
Ichiegoichie,draenor,192,rogue,assassination,6,2,4
Ðelvin,dalaran,192,rogue,assassination,6,2,4
Yakii,eredar,192,rogue,assassination,6,2,4
Garou,blackhand,192,rogue,assassination,6,2,4
Sokillu,silvermoon,192,rogue,assassination,6,2,4
Хулиганнчег,galakrond,192,rogue,assassination,6,2,4
Warbell,stormscale,192,rogue,assassination,6,2,4
Jonewrld,ravencrest,192,rogue,assassination,6,2,4
Isucu,burning-legion,192,rogue,assassination,6,2,4
Venom,stormscale,192,rogue,assassination,6,2,4
Redrumx,outland,192,rogue,assassination,6,2,4
Hideout,ravencrest,192,rogue,assassination,6,2,4
Brazzersx,antonidas,192,rogue,assassination,6,2,4
Саулите,deathguard,192,rogue,assassination,6,2,4
Maedyv,magtheridon,192,rogue,assassination,6,2,4
Rearmer,burning-legion,192,rogue,assassination,6,2,4
Rãz,stormscale,192,rogue,assassination,6,2,4
Oczku,burning-legion,192,rogue,assassination,6,2,4
Shúrae,blackmoore,192,rogue,assassination,6,2,4
Аутянин,soulflayer,192,rogue,assassination,6,2,4
Weird,blackmoore,192,rogue,assassination,6,2,4
Fälke,dun-modr,192,rogue,assassination,6,2,4
Сильфитт,gordunni,192,rogue,assassination,6,2,4
Люняшка,booty-bay,192,rogue,assassination,6,2,4
Mobrac,silvermoon,192,rogue,assassination,6,2,4
Habba,dragonblight,192,rogue,assassination,6,2,4
Eazmode,outland,192,rogue,assassination,6,2,4
Sanzsa,ravencrest,192,rogue,assassination,6,2,4
Сабстрайк,soulflayer,192,rogue,assassination,6,2,4
Tinta,aszune,192,rogue,assassination,6,2,4
Goldenblitz,blackmoore,192,rogue,assassination,6,2,4
Ghøstkid,blackrock,192,rogue,assassination,6,2,4
Niagram,dun-modr,192,rogue,assassination,6,2,4
Хемофилия,grom,192,rogue,assassination,6,2,4
Kersatos,silvermoon,192,rogue,assassination,6,2,4
Xanyy,bloodfeather,192,rogue,assassination,6,2,4
Hardkølle,ravencrest,192,rogue,assassination,6,2,4
Zømbië,kazzak,192,rogue,assassination,6,2,4
Highz,zenedar,192,rogue,assassination,6,2,4
Xanders,draenor,192,rogue,assassination,6,2,4
Bórgós,blackrock,192,rogue,assassination,6,2,4
Díddz,tarren-mill,192,rogue,assassination,6,2,4
Gane,sanguino,192,rogue,assassination,6,2,4
Yanlu,ysondre,192,rogue,assassination,6,2,4
Naí,zuljin,192,rogue,assassination,6,2,4
Sycko,alakir,192,rogue,assassination,6,2,4
Kikitaklk,uldum,192,rogue,assassination,6,2,4
Bloodwraith,stormscale,192,rogue,assassination,6,2,4
Китей,howling-fjord,192,rogue,assassination,6,2,4
Skuggdunkarn,draenor,192,rogue,assassination,12,2,10
Sheyrrà,aegwynn,192,rogue,assassination,12,2,10
Mingzhu,ravencrest,192,rogue,assassination,12,2,10
Nesä,hyjal,192,rogue,assassination,12,2,10
Azzmodia,aegwynn,192,rogue,assassination,12,2,10
Bolesnirogue,draenor,192,rogue,assassination,12,2,10
Neirdà,hyjal,192,rogue,assassination,12,2,10
Rnghero,blackmoore,192,rogue,assassination,12,2,10
Hanteran,magtheridon,192,rogue,assassination,12,2,10
Vezinia,ravencrest,192,rogue,assassination,12,2,10
Skilz,sylvanas,192,rogue,assassination,12,2,10
Cacucoxpahu,kazzak,192,rogue,assassination,12,2,10
Romiel,ravencrest,192,rogue,assassination,12,2,10
Sylvanshadow,nemesis,192,rogue,assassination,12,2,10
Hitogoroshi,hyjal,192,rogue,assassination,12,2,10
Лэйкиро,gordunni,192,rogue,assassination,12,2,10
Sneakzy,sylvanas,192,rogue,assassination,12,2,10
Rasponi,ragnaros,192,rogue,assassination,12,2,10
Coopér,argent-dawn,192,rogue,assassination,18,2,16
Токссиси,gordunni,191,rogue,assassination,6,2,4
Drexxo,drakthul,191,rogue,assassination,6,2,4
Thugore,thunderhorn,191,rogue,assassination,6,2,4
Nhot,kazzak,191,rogue,assassination,6,2,4
Вангельм,gordunni,191,rogue,assassination,12,2,10
Midô,dun-morogh,191,rogue,assassination,12,2,10
Snikrot,karazhan,190,rogue,assassination,12,2,10
Icyicé,kazzak,175,rogue,assassination,11,2,9
Sanzoo,blackmoore,175,rogue,assassination,11,2,9
Зайт,howling-fjord,173,rogue,assassination,11,3,8
Nià,argent-dawn,158,rogue,assassination,10,2,8
Rascall,anetheron,138,rogue,assassination,8,3,5
Arathir,ravencrest,138,rogue,assassination,9,3,6
Shâdowfreeze,onyxia,138,rogue,assassination,22,4,18
Mythmatical,tarren-mill,96,rogue,assassination,3,2,1
Totentánz,silvermoon,96,rogue,assassination,9,2,7
Метаболикх,gordunni,96,rogue,assassination,6,1,5
Трисися,gordunni,96,rogue,assassination,6,1,5
Poerta,burning-blade,96,rogue,assassination,6,1,5
Finfcyn,burning-legion,96,rogue,assassination,6,1,5
Mekóz,draenor,96,rogue,assassination,6,1,5
Withoutlove,drakthul,96,rogue,assassination,6,1,5
Pfaded,steamwheedle-cartel,96,rogue,assassination,6,1,5
Sbx,alakir,96,rogue,assassination,6,1,5
Dachdagger,malfurion,96,rogue,assassination,6,1,5
Invisage,grim-batol,96,rogue,assassination,6,1,5
Bizzarerogue,tarren-mill,96,rogue,assassination,6,1,5
Hendrikske,aggramar,96,rogue,assassination,6,1,5
Yamoshí,sanguino,96,rogue,assassination,6,1,5
Roronao,sanguino,96,rogue,assassination,6,1,5
Vanisshh,hyjal,96,rogue,assassination,6,1,5
Chøsen,stormscale,96,rogue,assassination,6,1,5
Kilabre,twisting-nether,96,rogue,assassination,6,1,5
Jamzyrogue,emerald-dream,96,rogue,assassination,6,1,5
Рестинписер,soulflayer,96,rogue,assassination,6,1,5
Hallowéén,turalyon,96,rogue,assassination,6,1,5
Faso,thunderhorn,96,rogue,assassination,6,1,5
Mortdorei,argent-dawn,96,rogue,assassination,6,1,5
Lorinthel,argent-dawn,96,rogue,assassination,6,1,5
Natillaa,dun-modr,96,rogue,assassination,6,1,5
Natkatje,azjolnerub,96,rogue,assassination,6,1,5
Missàh,archimonde,96,rogue,assassination,6,1,5
Yörgs,eredar,96,rogue,assassination,6,1,5
Кейнилин,gordunni,96,rogue,assassination,6,1,5
Penetrantos,eredar,96,rogue,assassination,6,1,5
Sly,emerald-dream,96,rogue,assassination,6,1,5
Lescud,illidan,96,rogue,assassination,6,1,5
Ravenom,sylvanas,96,rogue,assassination,6,1,5
Dravenfoot,defias-brotherhood,96,rogue,assassination,6,1,5
Azotix,archimonde,96,rogue,assassination,6,1,5
Møtivate,ragnaros,96,rogue,assassination,6,1,5
Janx,aegwynn,96,rogue,assassination,6,1,5
Vexior,argent-dawn,96,rogue,assassination,6,1,5
Wøølfgang,archimonde,96,rogue,assassination,6,1,5
Jáckz,twisting-nether,96,rogue,assassination,6,1,5
Msrogue,eredar,96,rogue,assassination,6,1,5
Ohmydotz,archimonde,96,rogue,assassination,6,1,5
Miamalkova,zuluhed,96,rogue,assassination,6,1,5
Takiya,ysondre,96,rogue,assassination,6,1,5
Ñavy,archimonde,96,rogue,assassination,6,1,5
Shåkø,tarren-mill,96,rogue,assassination,6,1,5
Ðiè,frostmane,96,rogue,assassination,6,1,5
Thiranor,cthun,96,rogue,assassination,6,1,5
Royalflüx,grim-batol,96,rogue,assassination,6,1,5
Flêxô,antonidas,96,rogue,assassination,6,1,5
Asmodal,antonidas,96,rogue,assassination,6,1,5
Frequenzalfa,silvermoon,96,rogue,assassination,6,1,5
Kenko,aerie-peak,96,rogue,assassination,6,1,5
Nexieane,ravencrest,96,rogue,assassination,6,1,5
Ноумингод,gordunni,96,rogue,assassination,6,1,5
Shredbull,ravencrest,96,rogue,assassination,6,1,5
Chokee,blackrock,96,rogue,assassination,6,1,5
Deceptionz,ravencrest,96,rogue,assassination,6,1,5
Распяздяй,gordunni,96,rogue,assassination,7,1,6
Proilas,draenor,96,rogue,assassination,11,1,10
Триплсап,howling-fjord,96,rogue,assassination,12,1,11
Crittylohan,blackrock,96,rogue,assassination,12,1,11
Tybiereus,argent-dawn,96,rogue,assassination,12,1,11
Altaár,dun-modr,96,rogue,assassination,12,1,11
Barbuniarz,shadowsong,96,rogue,assassination,12,1,11
Jawen,silvermoon,96,rogue,assassination,12,1,11
Kyoukaî,archimonde,96,rogue,assassination,12,1,11
Engles,twisting-nether,96,rogue,assassination,12,1,11
Ønlylovcindy,drekthar,96,rogue,assassination,12,1,11
Роророл,gordunni,96,rogue,assassination,12,1,11
Calyon,hyjal,96,rogue,assassination,18,1,17
Ravéñ,silvermoon,96,rogue,assassination,24,1,23
Fumai,blackmoore,95,rogue,assassination,6,1,5
Elvís,chamber-of-aspects,95,rogue,assassination,6,1,5
Belina,draenor,95,rogue,assassination,6,1,5
Trashcarlitâ,eredar,79,rogue,assassination,5,1,4
Медиивэл,deepholm,79,rogue,assassination,5,1,4
Vound,tarren-mill,64,rogue,assassination,4,1,3
Elgande,stormrage,63,rogue,assassination,2,2,0
Vanquishz,arathor,48,rogue,assassination,3,1,2
Latscholol,malorne,42,rogue,assassination,12,3,9
Kkraken,dalaran,41,rogue,assassination,10,2,8
Мефодийшаман,howling-fjord,2126,shaman,restoration,142,88,54
Shadrak,eredar,2123,shaman,restoration,84,46,38
Josë,twisting-nether,2119,shaman,restoration,137,73,64
Терату,howling-fjord,2118,shaman,restoration,84,46,38
Crnine,pozzo-delleternità,2112,shaman,restoration,75,49,26
Benpai,eredar,2076,shaman,restoration,72,36,36
Mininini,ravencrest,2072,shaman,restoration,90,46,44
Zhull,ravencrest,2068,shaman,restoration,340,171,169
Ultrahound,twisting-nether,2057,shaman,restoration,48,39,9
Trashgame,kazzak,2050,shaman,restoration,66,36,30
Carlpeant,drakthul,2039,shaman,restoration,173,93,80
Jackypink,ragnaros,2030,shaman,restoration,237,121,116
Yararsiz,twisting-nether,2026,shaman,restoration,243,130,113
Chäväman,archimonde,2025,shaman,restoration,150,72,78
Libanô,archimonde,2011,shaman,restoration,569,280,289
Вишняблэйз,soulflayer,2007,shaman,restoration,77,44,33
Bmbx,archimonde,2006,shaman,restoration,506,259,247
Дольчих,deathguard,2002,shaman,restoration,296,143,153
Daretodream,blackrock,1996,shaman,restoration,53,29,24
Lavalavalava,blackrock,1993,shaman,restoration,447,244,203
Джексобед,soulflayer,1984,shaman,restoration,156,80,76
Драгенхз,gordunni,1983,shaman,restoration,387,195,192
Frshprn,hyjal,1982,shaman,restoration,90,51,39
Midgetfizzle,kazzak,1967,shaman,restoration,242,127,115
Ggnore,kazzak,1965,shaman,restoration,137,85,52
Эоя,howling-fjord,1955,shaman,restoration,212,116,96
Deepwithyou,blackhand,1953,shaman,restoration,153,83,70
Epsylone,kazzak,1953,shaman,restoration,101,51,50
Ripperdoc,stormreaver,1950,shaman,restoration,78,38,40
Linkx,stormscale,1948,shaman,restoration,40,22,18
Fotmherøqtx,ravencrest,1946,shaman,restoration,132,75,57
Bobanrajovic,silvermoon,1943,shaman,restoration,48,31,17
Tallyx,ravencrest,1940,shaman,restoration,119,60,59
Adroda,kazzak,1939,shaman,restoration,117,66,51
Valko,hellfire,1931,shaman,restoration,42,27,15
Кодитян,gordunni,1930,shaman,restoration,66,35,31
Lavelover,tarren-mill,1927,shaman,restoration,66,41,25
Цукерок,soulflayer,1922,shaman,restoration,119,72,47
Skreewu,outland,1922,shaman,restoration,90,44,46
Señordoge,kazzak,1917,shaman,restoration,54,28,26
Shamidrak,eredar,1914,shaman,restoration,66,34,32
Swineflowing,ysondre,1912,shaman,restoration,78,38,40
Natasz,burning-legion,1911,shaman,restoration,182,104,78
Greggyb,twisting-nether,1904,shaman,restoration,48,27,21
Трс,razuvious,1900,shaman,restoration,128,72,56
Kisshots,the-maelstrom,1900,shaman,restoration,132,70,62
Vivaldi,varimathras,1899,shaman,restoration,56,29,27
Котенокмур,soulflayer,1899,shaman,restoration,48,20,28
Cylantarus,blackrock,1896,shaman,restoration,131,73,58
Fufupartyxx,blackrock,1883,shaman,restoration,60,37,23
Thunderrock,stormreaver,1880,shaman,restoration,211,102,109
Sèfìx,tarren-mill,1879,shaman,restoration,38,21,17
Kïllard,archimonde,1872,shaman,restoration,80,40,40
Кенкерх,gordunni,1871,shaman,restoration,84,38,46
Timide,ravencrest,1870,shaman,restoration,48,28,20
Killrogge,kazzak,1869,shaman,restoration,34,29,5
Rheax,tarren-mill,1868,shaman,restoration,60,27,33
Teldathree,archimonde,1866,shaman,restoration,101,54,47
Owrly,stormscale,1866,shaman,restoration,136,65,71
Вавувоух,howling-fjord,1863,shaman,restoration,54,27,27
Keenxd,burning-legion,1861,shaman,restoration,42,23,19
Louler,ragnaros,1860,shaman,restoration,124,69,55
Онеоне,deathweaver,1858,shaman,restoration,59,35,24
Kalypsø,arthas,1858,shaman,restoration,77,44,33
Wíllz,ravencrest,1858,shaman,restoration,54,29,25
Yachiru,sylvanas,1854,shaman,restoration,73,59,14
Ghettero,ragnaros,1851,shaman,restoration,39,25,14
Swkx,dun-modr,1848,shaman,restoration,58,34,24
Sugarfreé,ragnaros,1848,shaman,restoration,48,26,22
Zaru,sanguino,1846,shaman,restoration,63,31,32
Cæsífer,blackrock,1844,shaman,restoration,72,32,40
Helloiamdoni,ravencrest,1843,shaman,restoration,101,63,38
Shiranoye,blackrock,1842,shaman,restoration,144,77,67
Sentûn,blackrock,1842,shaman,restoration,138,68,70
Cherepaha,stormscale,1838,shaman,restoration,70,32,38
Cellfury,kazzak,1837,shaman,restoration,46,36,10
Johncoltrane,archimonde,1835,shaman,restoration,132,84,48
Epsy,magtheridon,1834,shaman,restoration,66,46,20
Centralc,twisting-nether,1833,shaman,restoration,41,26,15
Inspektør,kazzak,1833,shaman,restoration,59,37,22
Alanus,draenor,1831,shaman,restoration,63,33,30
Jawje,tarren-mill,1831,shaman,restoration,102,49,53
Westide,conseil-des-ombres,1830,shaman,restoration,48,26,22
Shamuunn,ravencrest,1830,shaman,restoration,54,28,26
Sethrøllins,hyjal,1829,shaman,restoration,114,53,61
Fitnessdavid,ravencrest,1826,shaman,restoration,53,29,24
Hexe,kazzak,1826,shaman,restoration,81,37,44
Askagain,sylvanas,1825,shaman,restoration,52,28,24
Zergønk,ravencrest,1824,shaman,restoration,42,28,14
Bladeyx,ragnaros,1824,shaman,restoration,207,117,90
Lunarsloths,hyjal,1823,shaman,restoration,48,28,20
Bezixx,ravencrest,1823,shaman,restoration,192,111,81
Asynchund,ravencrest,1821,shaman,restoration,42,26,16
Árés,sanguino,1820,shaman,restoration,63,34,29
Nickygodx,stormscale,1819,shaman,restoration,54,27,27
Izir,archimonde,1819,shaman,restoration,162,80,82
Светшамка,howling-fjord,1817,shaman,restoration,30,19,11
Shamrockx,outland,1816,shaman,restoration,83,42,41
Sûckmytotem,ragnaros,1815,shaman,restoration,72,35,37
Meöw,nemesis,1813,shaman,restoration,232,120,112
Shockmelone,blackrock,1812,shaman,restoration,84,45,39
Carpetmaster,ragnaros,1812,shaman,restoration,51,27,24
Hugox,outland,1812,shaman,restoration,431,208,223
Нойзблок,gordunni,1811,shaman,restoration,36,19,17
Reidzls,kazzak,1810,shaman,restoration,36,22,14
Awcchampion,stormscale,1810,shaman,restoration,287,160,127
Tidepog,ravencrest,1810,shaman,restoration,60,28,32
Rexatar,blackrock,1809,shaman,restoration,201,113,88
Triplewhoppa,thrall,1809,shaman,restoration,76,40,36
Remony,pozzo-delleternità,1808,shaman,restoration,128,83,45
Fuzzynuts,ravencrest,1808,shaman,restoration,132,74,58
Yannkee,ravencrest,1808,shaman,restoration,48,24,24
Gargro,kazzak,1808,shaman,restoration,95,45,50
Tùiðhânâ,ravencrest,1807,shaman,restoration,197,107,90
Xelgrin,silvermoon,1807,shaman,restoration,66,30,36
Nokster,twisting-nether,1806,shaman,restoration,84,60,24
Voodoonerd,twisting-nether,1803,shaman,restoration,47,24,23
Neou,archimonde,1803,shaman,restoration,54,27,27
Luckymê,blackrock,1802,shaman,restoration,51,27,24
Милфшама,blackscar,1802,shaman,restoration,239,123,116
Bytheway,aegwynn,1802,shaman,restoration,127,56,71
Carlitosham,eredar,1802,shaman,restoration,62,27,35
Мимигор,razuvious,1801,shaman,restoration,35,27,8
Eras,ragnaros,1801,shaman,restoration,30,19,11
Stensham,stormreaver,1801,shaman,restoration,48,28,20
Kiansham,silvermoon,1801,shaman,restoration,47,26,21
Rckfeller,burning-legion,1801,shaman,restoration,60,31,29
Squixi,tarren-mill,1799,shaman,restoration,60,33,27
Sinzzu,ragnaros,1798,shaman,restoration,217,109,108
Viinny,dun-modr,1796,shaman,restoration,72,33,39
Phaynozx,cthun,1790,shaman,restoration,90,38,52
Hexewar,kazzak,1789,shaman,restoration,89,47,42
Finaltotem,draenor,1789,shaman,restoration,54,25,29
Holytidezx,aegwynn,1775,shaman,restoration,40,26,14
Szellento,darksorrow,1769,shaman,restoration,96,47,49
Дыркавауре,soulflayer,1764,shaman,restoration,54,23,31
Bstr,frostmane,1763,shaman,restoration,60,30,30
Ihealbro,blackrock,1762,shaman,restoration,66,41,25
Kreamcake,bladefist,1759,shaman,restoration,126,56,70
Windfúhrèr,tarren-mill,1759,shaman,restoration,60,26,34
Eurocad,draenor,1758,shaman,restoration,42,22,20
Wernøz,archimonde,1755,shaman,restoration,68,28,40
Moistpuss,kazzak,1752,shaman,restoration,60,39,21
Learningsham,destromath,1749,shaman,restoration,48,29,19
Vajaele,twisting-nether,1747,shaman,restoration,101,52,49
Harmony,outland,1746,shaman,restoration,30,22,8
Variablelol,outland,1746,shaman,restoration,64,43,21
Kraksham,ravencrest,1745,shaman,restoration,112,60,52
Donv,blackmoore,1739,shaman,restoration,42,26,16
Rottulos,stormrage,1739,shaman,restoration,65,35,30
Somethingnew,azuremyst,1739,shaman,restoration,52,25,27
Squixi,ravencrest,1738,shaman,restoration,59,33,26
Ixxmre,blackrock,1738,shaman,restoration,173,93,80
Waramors,eredar,1738,shaman,restoration,131,65,66
Machmacan,argent-dawn,1735,shaman,restoration,92,50,42
Nübs,aegwynn,1735,shaman,restoration,95,43,52
Purgeluxe,aegwynn,1733,shaman,restoration,125,65,60
Чинанрук,howling-fjord,1731,shaman,restoration,113,57,56
Jíkkz,aegwynn,1729,shaman,restoration,66,32,34
Darnast,draenor,1727,shaman,restoration,70,31,39
Агентхолинки,gordunni,1726,shaman,restoration,24,18,6
Tentacruel,sylvanas,1726,shaman,restoration,91,56,35
Bullezno,kazzak,1725,shaman,restoration,111,66,45
Arslos,twisting-nether,1723,shaman,restoration,30,24,6
Sheargodx,blackmoore,1723,shaman,restoration,42,21,21
Wess,archimonde,1722,shaman,restoration,36,18,18
Snusy,stormscale,1722,shaman,restoration,36,18,18
Morkyy,thrall,1721,shaman,restoration,38,19,19
Светшам,howling-fjord,1715,shaman,restoration,47,23,24
Mltx,twilights-hammer,1714,shaman,restoration,44,19,25
Shamolili,stormscale,1713,shaman,restoration,108,52,56
Dmgaddict,kazzak,1712,shaman,restoration,54,32,22
Есперадох,blackscar,1712,shaman,restoration,41,19,22
Lahey,draenor,1711,shaman,restoration,140,73,67
Totembaws,blackmoore,1708,shaman,restoration,54,26,28
Holytidez,aegwynn,1707,shaman,restoration,48,24,24
Lsdhero,stormscale,1706,shaman,restoration,24,18,6
Nizzarrathur,argent-dawn,1706,shaman,restoration,30,18,12
Mamacitá,eredar,1706,shaman,restoration,500,242,258
Jelincic,ravencrest,1706,shaman,restoration,60,26,34
Hydrolîc,blackrock,1705,shaman,restoration,66,36,30
Earthhulk,thrall,1704,shaman,restoration,104,64,40
Thyroideus,argent-dawn,1704,shaman,restoration,228,130,98
Connecting,hyjal,1704,shaman,restoration,39,21,18
Incase,burning-legion,1701,shaman,restoration,53,30,23
Ларкуш,howling-fjord,1701,shaman,restoration,118,61,57
Unbrokeñ,stormscale,1701,shaman,restoration,41,18,23
Мвнз,soulflayer,1700,shaman,restoration,54,22,32
Garuga,dun-morogh,1699,shaman,restoration,36,18,18
Bâbbub,tarren-mill,1697,shaman,restoration,45,27,18
Nestre,kazzak,1697,shaman,restoration,36,18,18
Agnøt,khaz-modan,1696,shaman,restoration,60,39,21
Djtidex,conseil-des-ombres,1696,shaman,restoration,48,24,24
Bloodvaron,zuljin,1696,shaman,restoration,83,40,43
Nêmônin,perenolde,1694,shaman,restoration,44,28,16
Turboeddy,blackmoore,1694,shaman,restoration,105,60,45
Karakoram,ysondre,1694,shaman,restoration,131,68,63
Igly,antonidas,1694,shaman,restoration,42,21,21
Nellytko,aegwynn,1693,shaman,restoration,57,32,25
Dóómhammer,jaedenar,1693,shaman,restoration,142,74,68
Сорит,blackscar,1692,shaman,restoration,57,34,23
Wacomtablet,kazzak,1690,shaman,restoration,24,18,6
Redomsh,stormreaver,1689,shaman,restoration,54,28,26
Скарфэйсх,soulflayer,1688,shaman,restoration,36,18,18
Googleme,veklor,1688,shaman,restoration,64,30,34
Goeller,stormscale,1687,shaman,restoration,54,29,25
Rapedtide,thrall,1687,shaman,restoration,130,61,69
Тафельшпиц,soulflayer,1685,shaman,restoration,52,23,29
Ганинапална,soulflayer,1685,shaman,restoration,54,21,33
Виелетта,gordunni,1684,shaman,restoration,30,18,12
Shoqt,les-sentinelles,1678,shaman,restoration,30,18,12
Lexxthree,blackrock,1677,shaman,restoration,36,23,13
Mbembe,blackhand,1674,shaman,restoration,48,26,22
Keisser,ravencrest,1674,shaman,restoration,48,26,22
Yakee,doomhammer,1674,shaman,restoration,56,28,28
Skrewu,stormscale,1671,shaman,restoration,79,39,40
Ize,sylvanas,1670,shaman,restoration,59,39,20
Snickersx,blackrock,1670,shaman,restoration,78,46,32
Кикподхвост,soulflayer,1670,shaman,restoration,54,26,28
Wotan,ysondre,1669,shaman,restoration,54,32,22
Palfe,khaz-modan,1669,shaman,restoration,118,56,62
Littletrall,outland,1666,shaman,restoration,60,34,26
Reäz,archimonde,1665,shaman,restoration,42,21,21
Atwâ,ravencrest,1663,shaman,restoration,51,31,20
Brandiløve,nemesis,1663,shaman,restoration,36,19,17
Söd,dun-morogh,1662,shaman,restoration,42,22,20
Wyrt,burning-legion,1662,shaman,restoration,42,21,21
Wåvex,archimonde,1661,shaman,restoration,78,41,37
Torxii,antonidas,1660,shaman,restoration,153,85,68
Gønuts,sylvanas,1660,shaman,restoration,48,26,22
Questionable,antonidas,1660,shaman,restoration,54,24,30
Phoenííx,twisting-nether,1657,shaman,restoration,353,171,182
Daubidaubi,kazzak,1656,shaman,restoration,122,73,49
Fapmasterz,eredar,1656,shaman,restoration,48,23,25
Мвнзх,gordunni,1656,shaman,restoration,54,24,30
Faridstreng,blackmoore,1655,shaman,restoration,99,54,45
Рамаксбосс,gordunni,1651,shaman,restoration,36,22,14
Korvsnärten,outland,1649,shaman,restoration,188,89,99
Levarázsol,outland,1648,shaman,restoration,48,27,21
Porkzzila,aggra-português,1647,shaman,restoration,66,36,30
Prizærn,tarren-mill,1647,shaman,restoration,96,44,52
Héxdóctór,ravencrest,1644,shaman,restoration,92,50,42
Shamandoino,wildhammer,1644,shaman,restoration,198,91,107
Allysidewtf,archimonde,1642,shaman,restoration,34,23,11
Bonshaman,ahnqiraj,1642,shaman,restoration,120,55,65
Startdie,kazzak,1642,shaman,restoration,108,49,59
Coöld,archimonde,1640,shaman,restoration,36,19,17
Инкуль,howling-fjord,1640,shaman,restoration,48,23,25
Lavjar,stormscale,1640,shaman,restoration,58,26,32
Bîlunder,arygos,1639,shaman,restoration,71,33,38
Jps,gorgonnash,1638,shaman,restoration,89,42,47
Jenkem,hyjal,1638,shaman,restoration,54,25,29
Octon,dun-modr,1637,shaman,restoration,46,23,23
Rxs,thunderhorn,1635,shaman,restoration,54,28,26
Aioñ,kazzak,1635,shaman,restoration,51,22,29
Kharvo,draenor,1633,shaman,restoration,70,34,36
Reinu,ragnaros,1632,shaman,restoration,42,21,21
Pøwertoto,dalaran,1632,shaman,restoration,60,27,33
Сладкийстас,soulflayer,1632,shaman,restoration,54,21,33
Oldandslow,sylvanas,1631,shaman,restoration,42,21,21
Invadé,stormscale,1630,shaman,restoration,30,17,13
Elmie,outland,1629,shaman,restoration,30,17,13
Shockair,frostwolf,1629,shaman,restoration,109,54,55
Draáx,ravencrest,1628,shaman,restoration,30,19,11
Elmezz,aggra-português,1628,shaman,restoration,30,17,13
Søtêx,ravencrest,1627,shaman,restoration,35,23,12
Zorcs,silvermoon,1627,shaman,restoration,183,93,90
Pakxø,malganis,1626,shaman,restoration,66,31,35
Putzè,blackrock,1625,shaman,restoration,61,38,23
Shamimüll,twisting-nether,1624,shaman,restoration,42,29,13
Urshak,alleria,1624,shaman,restoration,30,20,10
Xhanon,kazzak,1624,shaman,restoration,36,20,16
Fersok,zuljin,1624,shaman,restoration,36,17,19
Labûche,chogall,1623,shaman,restoration,36,24,12
Indeed,frostmourne,1623,shaman,restoration,42,24,18
Shocklet,twisting-nether,1622,shaman,restoration,36,29,7
Shman,blackrock,1621,shaman,restoration,64,42,22
Atomstrom,frostwolf,1621,shaman,restoration,62,34,28
Ðenlos,destromath,1620,shaman,restoration,186,92,94
Hexmeqt,frostwolf,1619,shaman,restoration,107,59,48
Tether,twisting-nether,1619,shaman,restoration,48,26,22
Тубалкайн,soulflayer,1619,shaman,restoration,36,17,19
Sanamaxx,colinas-pardas,1618,shaman,restoration,56,31,25
Maestralink,aegwynn,1616,shaman,restoration,41,20,21
Velkin,thrall,1615,shaman,restoration,141,76,65
Maelynda,argent-dawn,1614,shaman,restoration,42,18,24
Bezixx,argent-dawn,1613,shaman,restoration,120,56,64
Urzza,stormscale,1611,shaman,restoration,24,20,4
Murmaiderz,draenor,1611,shaman,restoration,138,79,59
Djosershamy,draenor,1611,shaman,restoration,111,53,58
Koruga,frostwolf,1610,shaman,restoration,48,26,22
Makkalisse,kazzak,1609,shaman,restoration,24,17,7
Upisi,burning-legion,1609,shaman,restoration,84,42,42
Awumbahway,outland,1609,shaman,restoration,36,18,18
Blowlips,argent-dawn,1609,shaman,restoration,42,17,25
Jenyo,alakir,1608,shaman,restoration,54,30,24
Niesel,ravencrest,1608,shaman,restoration,72,38,34
Kardris,nemesis,1607,shaman,restoration,52,25,27
Sérx,sanguino,1607,shaman,restoration,71,29,42
Reitar,burning-blade,1607,shaman,restoration,72,29,43
Lzzo,ravencrest,1606,shaman,restoration,30,20,10
Domo,stormscale,1606,shaman,restoration,30,19,11
Ezilol,blackhand,1606,shaman,restoration,77,46,31
Greenswag,drakthul,1605,shaman,restoration,48,31,17
Denastyo,nemesis,1605,shaman,restoration,83,44,39
Хужик,gordunni,1604,shaman,restoration,36,21,15
Blowxd,aegwynn,1604,shaman,restoration,134,75,59
Xtremeshaman,blackmoore,1604,shaman,restoration,42,22,20
Schamaster,antonidas,1604,shaman,restoration,120,59,61
Wíwi,kazzak,1602,shaman,restoration,36,20,16
Khroni,tarren-mill,1602,shaman,restoration,66,35,31
Lexos,ravencrest,1600,shaman,restoration,36,20,16
Whiskiy,kazzak,1598,shaman,restoration,26,18,8
Martuscielöl,drakthul,1598,shaman,restoration,88,32,56
Jawj,tarren-mill,1597,shaman,restoration,53,19,34
Lilcake,ravencrest,1594,shaman,restoration,48,27,21
Incredibade,stormscale,1594,shaman,restoration,42,20,22
Laskopivo,doomhammer,1593,shaman,restoration,60,37,23
Mydpsrbad,stormscale,1592,shaman,restoration,160,89,71
Kyogre,auchindoun,1592,shaman,restoration,48,23,25
Splashgodx,frostwolf,1590,shaman,restoration,41,22,19
Thorenal,blackmoore,1588,shaman,restoration,67,41,26
Discoranger,ravencrest,1588,shaman,restoration,306,154,152
Mjukiz,tarren-mill,1587,shaman,restoration,321,179,142
Superthomas,archimonde,1587,shaman,restoration,65,29,36
Firenanajkm,dun-modr,1586,shaman,restoration,48,28,20
Paidactor,kazzak,1586,shaman,restoration,239,126,113
Vioception,blackrock,1584,shaman,restoration,48,19,29
Mìcrøs,thrall,1581,shaman,restoration,59,33,26
Lustmasterx,grim-batol,1579,shaman,restoration,227,122,105
Juyina,ravencrest,1579,shaman,restoration,44,22,22
Yzeldan,hyjal,1578,shaman,restoration,248,142,106
Tupato,kazzak,1576,shaman,restoration,92,46,46
Лехадабстеп,deathguard,1574,shaman,restoration,30,17,13
Craisaz,nemesis,1573,shaman,restoration,66,24,42
Turbobaboon,hyjal,1572,shaman,restoration,103,64,39
Sixtyone,stormscale,1569,shaman,restoration,75,42,33
Arshak,stormscale,1569,shaman,restoration,39,20,19
Shamansh,draenor,1568,shaman,restoration,58,36,22
Totoswich,tarren-mill,1567,shaman,restoration,30,19,11
Bahane,frostwolf,1567,shaman,restoration,108,53,55
Шсаваннх,blackscar,1566,shaman,restoration,165,83,82
Zwergmann,blackrock,1565,shaman,restoration,60,37,23
Thald,ragnaros,1565,shaman,restoration,120,68,52
Hypéra,kazzak,1565,shaman,restoration,180,92,88
Pacho,alakir,1563,shaman,restoration,48,21,27
Foxy,alakir,1561,shaman,restoration,78,39,39
Koraél,dun-modr,1561,shaman,restoration,84,33,51
Tarchoanvahg,ragnaros,1560,shaman,restoration,53,28,25
Radrizzle,tichondrius,1559,shaman,restoration,66,36,30
Exolnard,twisting-nether,1558,shaman,restoration,119,59,60
Cobbel,argent-dawn,1557,shaman,restoration,168,92,76
Lechii,stormscale,1557,shaman,restoration,107,55,52
Nexian,kazzak,1554,shaman,restoration,59,32,27
Zimoneris,blackmoore,1551,shaman,restoration,36,17,19
Beastmodex,eredar,1548,shaman,restoration,263,134,129
Seasick,frostmane,1548,shaman,restoration,112,56,56
Noneedshaman,stormscale,1547,shaman,restoration,35,18,17
Anöuchkâ,ysondre,1547,shaman,restoration,150,74,76
Zanezu,stormscale,1547,shaman,restoration,102,45,57
Reilah,drakthul,1546,shaman,restoration,66,33,33
Märthalouise,twisting-nether,1546,shaman,restoration,43,18,25
Linkedink,tarren-mill,1545,shaman,restoration,23,17,6
Bullfox,aszune,1545,shaman,restoration,66,28,38
Itselectric,ravencrest,1544,shaman,restoration,48,29,19
Zilheal,ysondre,1542,shaman,restoration,106,41,65
Кичисанчик,howling-fjord,1541,shaman,restoration,126,57,69
Jarona,twisting-nether,1540,shaman,restoration,87,41,46
Ларисашерсть,blackscar,1539,shaman,restoration,29,21,8
Optitem,hyjal,1538,shaman,restoration,83,57,26
Отчима,howling-fjord,1537,shaman,restoration,125,67,58
Yomuchacha,dun-modr,1537,shaman,restoration,100,48,52
Grumhild,blackmoore,1537,shaman,restoration,62,28,34
Багсбанних,soulflayer,1537,shaman,restoration,84,35,49
Cakedeux,grim-batol,1536,shaman,restoration,51,31,20
Horokeu,blackrock,1535,shaman,restoration,77,40,37
Coldlean,haomarush,1535,shaman,restoration,200,98,102
Uzze,drakthul,1534,shaman,restoration,90,39,51
Xerinas,eredar,1534,shaman,restoration,63,20,43
Ugard,burning-legion,1533,shaman,restoration,43,21,22
Mypakypa,outland,1532,shaman,restoration,48,20,28
Collînna,aegwynn,1529,shaman,restoration,62,34,28
Kacamaz,twisting-nether,1529,shaman,restoration,75,34,41
Pädagogeig,antonidas,1528,shaman,restoration,66,36,30
Redoms,stormreaver,1527,shaman,restoration,105,55,50
Bumblebeec,tarren-mill,1526,shaman,restoration,60,32,28
Tommin,silvermoon,1526,shaman,restoration,30,16,14
Melàniewalsh,archimonde,1526,shaman,restoration,78,41,37
Reezex,silvermoon,1526,shaman,restoration,65,34,31
Psychototem,twisting-nether,1526,shaman,restoration,84,27,57
Bzglsnkh,ravencrest,1525,shaman,restoration,36,16,20
Gjernhard,stormreaver,1524,shaman,restoration,78,38,40
Ninetzj,tarren-mill,1524,shaman,restoration,48,22,26
Bombasthicc,ravencrest,1523,shaman,restoration,30,16,14
Remkoo,blackrock,1522,shaman,restoration,30,20,10
Ilovejamie,sylvanas,1522,shaman,restoration,54,30,24
Yemo,alonsus,1520,shaman,restoration,82,51,31
Сёмабро,ashenvale,1520,shaman,restoration,331,183,148
Monstacookie,stormreaver,1520,shaman,restoration,72,32,40
Orcinterface,tarren-mill,1519,shaman,restoration,68,41,27
Schain,eredar,1518,shaman,restoration,36,24,12
Kuhnedy,blackrock,1517,shaman,restoration,118,60,58
Schamazon,tarren-mill,1516,shaman,restoration,39,24,15
Bomjspomoiki,outland,1516,shaman,restoration,35,16,19
Thecallviper,blackmoore,1515,shaman,restoration,55,30,25
Sêrø,eredar,1515,shaman,restoration,42,19,23
Banilikum,tarren-mill,1514,shaman,restoration,52,21,31
Costakislolz,twisting-nether,1511,shaman,restoration,24,18,6
Bloodseeker,tarren-mill,1511,shaman,restoration,47,26,21
Тагхорн,soulflayer,1511,shaman,restoration,43,23,20
Ebøbøla,terokkar,1511,shaman,restoration,187,84,103
Mvvp,stormscale,1510,shaman,restoration,47,26,21
Kuis,sanguino,1510,shaman,restoration,66,28,38
Loltotem,outland,1508,shaman,restoration,24,16,8
Gronash,sunstrider,1507,shaman,restoration,30,23,7
Nogag,kazzak,1507,shaman,restoration,72,35,37
Huux,blackmoore,1507,shaman,restoration,54,24,30
Enzopotenzo,blackrock,1506,shaman,restoration,42,22,20
Vaizii,silvermoon,1505,shaman,restoration,53,26,27
Духсалата,grom,1503,shaman,restoration,59,29,30
Biggiebig,ravencrest,1502,shaman,restoration,60,32,28
Нитрочка,soulflayer,1501,shaman,restoration,51,27,24
Cannotdoit,burning-legion,1499,shaman,restoration,59,32,27
Flowèn,twisting-nether,1495,shaman,restoration,99,55,44
Mcktavish,silvermoon,1495,shaman,restoration,89,46,43
Crmx,blackrock,1494,shaman,restoration,72,31,41
Хэйзл,ashenvale,1492,shaman,restoration,74,32,42
Иоч,soulflayer,1491,shaman,restoration,35,18,17
Чанголист,soulflayer,1489,shaman,restoration,65,28,37
Diix,archimonde,1489,shaman,restoration,66,27,39
Crasherz,sanguino,1488,shaman,restoration,91,51,40
Kalaris,stormscale,1488,shaman,restoration,36,20,16
Neovim,trollbane,1486,shaman,restoration,48,21,27
Tartorno,antonidas,1485,shaman,restoration,71,26,45
Pilinham,aggra-português,1485,shaman,restoration,48,17,31
Hexoffender,alakir,1483,shaman,restoration,112,54,58
Dremlok,burning-legion,1480,shaman,restoration,24,16,8
Zinjk,nemesis,1480,shaman,restoration,310,155,155
Nassîî,antonidas,1479,shaman,restoration,122,48,74
Drumx,aegwynn,1478,shaman,restoration,30,17,13
Skullår,tarren-mill,1477,shaman,restoration,42,21,21
Djxyoloswag,silvermoon,1477,shaman,restoration,93,43,50
Miesepeter,mannoroth,1475,shaman,restoration,48,29,19
Meneswave,blackhand,1475,shaman,restoration,48,16,32
Gützli,blackmoore,1474,shaman,restoration,93,35,58
Criæ,blackrock,1472,shaman,restoration,24,17,7
Cleptocracy,draenor,1472,shaman,restoration,35,18,17
Apaorkaxyz,ragnaros,1470,shaman,restoration,189,91,98
Shuzman,emeriss,1470,shaman,restoration,103,49,54
Kêêqo,blackrock,1468,shaman,restoration,48,23,25
Ivøryz,arthas,1467,shaman,restoration,42,24,18
Eisei,stormscale,1467,shaman,restoration,42,23,19
Andról,stormscale,1467,shaman,restoration,42,19,23
Smørbar,kazzak,1465,shaman,restoration,72,49,23
Daykên,kazzak,1465,shaman,restoration,56,21,35
Ünknownz,archimonde,1464,shaman,restoration,71,37,34
Vallhur,burning-legion,1464,shaman,restoration,54,28,26
Kunsum,twisting-nether,1464,shaman,restoration,81,35,46
Sebubu,twisting-nether,1463,shaman,restoration,68,34,34
Fridafrog,malganis,1462,shaman,restoration,85,47,38
Courtney,sylvanas,1462,shaman,restoration,240,114,126
Vickeshaman,stormreaver,1462,shaman,restoration,47,19,28
Theshammy,vashj,1459,shaman,restoration,60,32,28
Yasharshammy,tarren-mill,1459,shaman,restoration,60,28,32
Schamfxx,blackrock,1456,shaman,restoration,96,49,47
Шарюпокд,soulflayer,1455,shaman,restoration,48,24,24
Cuzzer,drakthul,1454,shaman,restoration,77,39,38
Thunderson,daggerspine,1454,shaman,restoration,74,34,40
Zlingx,auchindoun,1454,shaman,restoration,48,22,26
Pacio,alakir,1452,shaman,restoration,93,46,47
Ronell,argent-dawn,1451,shaman,restoration,120,63,57
Waterboi,blackmoore,1449,shaman,restoration,56,22,34
Gspót,twisting-nether,1447,shaman,restoration,98,47,51
Tjpimp,draenor,1444,shaman,restoration,29,17,12
Sucøre,die-nachtwache,1444,shaman,restoration,52,27,25
Jimtrespies,dun-modr,1443,shaman,restoration,42,21,21
Bonraptor,kirin-tor,1443,shaman,restoration,41,20,21
Orcshaman,the-maelstrom,1442,shaman,restoration,50,29,21
Артёмлобов,gordunni,1442,shaman,restoration,71,34,37
Schweízer,blackrock,1441,shaman,restoration,102,45,57
Бомжмувис,howling-fjord,1440,shaman,restoration,24,15,9
Helloitsmee,thrall,1439,shaman,restoration,40,20,20
Hímars,ragnaros,1439,shaman,restoration,30,15,15
Antey,ravencrest,1438,shaman,restoration,150,79,71
Nyzo,tarren-mill,1438,shaman,restoration,30,15,15
Боунсе,howling-fjord,1438,shaman,restoration,36,15,21
Shamhingo,stormscale,1438,shaman,restoration,48,19,29
Vioceptîon,blackrock,1437,shaman,restoration,30,22,8
Roineé,draenor,1436,shaman,restoration,30,15,15
Electrífied,outland,1436,shaman,restoration,54,26,28
Амальтейх,soulflayer,1436,shaman,restoration,54,23,31
Okdar,stormscale,1435,shaman,restoration,54,34,20
Yarali,argent-dawn,1435,shaman,restoration,24,15,9
Shamnox,blackrock,1435,shaman,restoration,57,34,23
Shamins,outland,1435,shaman,restoration,96,55,41
Emochka,ravencrest,1435,shaman,restoration,130,60,70
Crymere,chamber-of-aspects,1434,shaman,restoration,140,74,66
Strïvïse,ysondre,1434,shaman,restoration,47,22,25
Kataretic,kazzak,1433,shaman,restoration,24,17,7
Enharvest,stormscale,1433,shaman,restoration,28,18,10
Htagagain,archimonde,1433,shaman,restoration,24,15,9
Zaiyoxgodx,thrall,1433,shaman,restoration,49,26,23
Odiuum,draenor,1432,shaman,restoration,87,46,41
Threnesham,kazzak,1432,shaman,restoration,42,15,27
Kickmeheal,dalaran,1430,shaman,restoration,30,18,12
Назульчике,razuvious,1430,shaman,restoration,59,30,29
Дагод,booty-bay,1427,shaman,restoration,48,32,16
Stòrmbreakèr,nemesis,1427,shaman,restoration,91,42,49
Mightgethexd,tarren-mill,1426,shaman,restoration,39,21,18
Iloveléa,ravencrest,1426,shaman,restoration,36,15,21
Mcbloob,kazzak,1425,shaman,restoration,40,19,21
Малекулакота,soulflayer,1425,shaman,restoration,53,25,28
Stylix,tarren-mill,1424,shaman,restoration,69,36,33
Hjod,outland,1424,shaman,restoration,96,50,46
Ptiloup,varimathras,1423,shaman,restoration,48,22,26
Skrimisher,draenor,1422,shaman,restoration,54,30,24
Vorkanyx,ysondre,1420,shaman,restoration,82,41,41
Gunhyld,hyjal,1420,shaman,restoration,35,17,18
Кислаябуба,howling-fjord,1420,shaman,restoration,172,81,91
Ripstorm,sylvanas,1420,shaman,restoration,37,16,21
Венжии,soulflayer,1418,shaman,restoration,54,18,36
Madytz,eredar,1416,shaman,restoration,24,15,9
Enïgma,sylvanas,1416,shaman,restoration,88,49,39
Ярусскийй,howling-fjord,1416,shaman,restoration,223,107,116
Pcr,archimonde,1416,shaman,restoration,81,37,44
Winøxiide,archimonde,1415,shaman,restoration,29,16,13
Goldhand,ravencrest,1415,shaman,restoration,69,24,45
Diya,karazhan,1414,shaman,restoration,72,33,39
Straehne,malganis,1414,shaman,restoration,94,43,51
Imshocky,burning-legion,1413,shaman,restoration,83,47,36
Jazzrod,stormscale,1413,shaman,restoration,216,107,109
Виспепешам,gordunni,1413,shaman,restoration,194,94,100
Vaweñ,ravencrest,1413,shaman,restoration,36,15,21
Deadstill,ysondre,1412,shaman,restoration,24,15,9
Dergat,pozzo-delleternità,1412,shaman,restoration,44,21,23
Wôdân,blackrock,1412,shaman,restoration,54,21,33
Начилибосе,gordunni,1411,shaman,restoration,132,72,60
Fuzzywaagh,silvermoon,1411,shaman,restoration,58,26,32
Гвинневра,azuregos,1410,shaman,restoration,119,72,47
Patuljak,outland,1409,shaman,restoration,91,48,43
Zhulnaar,hyjal,1409,shaman,restoration,42,21,21
Rawillman,kazzak,1408,shaman,restoration,24,16,8
Bénathon,ravencrest,1407,shaman,restoration,33,21,12
Gaelic,frostmourne,1402,shaman,restoration,84,43,41
Tèysh,ysondre,1402,shaman,restoration,126,64,62
Sprühkot,aegwynn,1401,shaman,restoration,28,16,12
Mclóvín,twisting-nether,1401,shaman,restoration,42,21,21
Trustlemac,onyxia,1399,shaman,restoration,50,30,20
Beyp,sylvanas,1399,shaman,restoration,67,38,29
Greatørc,tarren-mill,1399,shaman,restoration,35,17,18
Boneyka,ragnaros,1398,shaman,restoration,69,27,42
Shemanrolf,outland,1395,shaman,restoration,99,46,53
Pocahøntas,archimonde,1395,shaman,restoration,56,22,34
Swahilishock,the-maelstrom,1394,shaman,restoration,36,15,21
Yois,nemesis,1393,shaman,restoration,66,37,29
Mestgonee,draenor,1391,shaman,restoration,30,16,14
Sjamanisme,silvermoon,1390,shaman,restoration,114,60,54
Johnblånn,stormscale,1389,shaman,restoration,51,30,21
Karlurban,outland,1387,shaman,restoration,39,15,24
Geneazytwo,silvermoon,1384,shaman,restoration,32,19,13
Xintenggege,silvermoon,1383,shaman,restoration,28,16,12
Gnackbretzn,eredar,1383,shaman,restoration,95,46,49
Bluefacebaby,nemesis,1382,shaman,restoration,101,51,50
Джонпсинаа,gordunni,1379,shaman,restoration,36,18,18
Saamira,pozzo-delleternità,1377,shaman,restoration,66,32,34
Ironkraw,stormscale,1377,shaman,restoration,90,33,57
Axemodels,archimonde,1376,shaman,restoration,32,16,16
Warianis,ravencrest,1374,shaman,restoration,51,27,24
Elamentaly,draenor,1371,shaman,restoration,54,29,25
Phêbz,archimonde,1371,shaman,restoration,48,25,23
Linknvm,thrall,1365,shaman,restoration,63,43,20
Lupisregina,silvermoon,1365,shaman,restoration,41,19,22
Slowtem,draenor,1364,shaman,restoration,77,40,37
Hulcky,grim-batol,1363,shaman,restoration,48,27,21
Acidtrip,hyjal,1363,shaman,restoration,36,18,18
Bordellgast,thrall,1363,shaman,restoration,35,16,19
Glopper,ravencrest,1363,shaman,restoration,89,40,49
Akrobata,silvermoon,1360,shaman,restoration,180,83,97
Kneggebrot,blackmoore,1359,shaman,restoration,78,33,45
Bíìerlip,twisting-nether,1357,shaman,restoration,35,20,15
Shinds,archimonde,1356,shaman,restoration,48,21,27
Subaki,die-aldor,1355,shaman,restoration,34,20,14
Roverlos,blackrock,1355,shaman,restoration,72,41,31
Elombrion,destromath,1355,shaman,restoration,30,16,14
Ruvxy,twisting-nether,1354,shaman,restoration,65,38,27
Ketzersend,alleria,1351,shaman,restoration,30,18,12
Krovogor,silvermoon,1351,shaman,restoration,60,34,26
Nosql,draenor,1351,shaman,restoration,28,15,13
Daboó,vashj,1350,shaman,restoration,115,63,52
Rhakhatheckh,nemesis,1349,shaman,restoration,46,22,24
Captaínduck,garrosh,1348,shaman,restoration,82,44,38
Asumix,illidan,1347,shaman,restoration,71,38,33
Zevissh,outland,1346,shaman,restoration,54,28,26
Шиока,borean-tundra,1345,shaman,restoration,47,26,21
Purgerkìng,tarren-mill,1344,shaman,restoration,18,14,4
Сновидений,soulflayer,1344,shaman,restoration,49,23,26
Invade,darkspear,1343,shaman,restoration,18,14,4
Zenzua,twisting-nether,1343,shaman,restoration,35,24,11
Intoxed,sylvanas,1343,shaman,restoration,48,27,21
Shrekcho,twisting-nether,1342,shaman,restoration,36,25,11
Soffsittaren,kazzak,1342,shaman,restoration,24,14,10
Henchtotem,draenor,1342,shaman,restoration,56,31,25
Kryuxs,blackrock,1340,shaman,restoration,36,20,16
Kaptt,twisting-nether,1340,shaman,restoration,30,14,16
Schïps,kirin-tor,1339,shaman,restoration,54,31,23
Sørum,grim-batol,1339,shaman,restoration,36,14,22
Fußpilzmann,blackmoore,1338,shaman,restoration,139,76,63
Makaria,emerald-dream,1338,shaman,restoration,176,89,87
Shockjob,kazzak,1338,shaman,restoration,30,14,16
Brokgar,ragnaros,1337,shaman,restoration,24,14,10
Goodieesham,burning-blade,1336,shaman,restoration,24,15,9
Shapperdin,darksorrow,1336,shaman,restoration,24,14,10
Onkens,ravencrest,1336,shaman,restoration,33,16,17
Chamika,dentarg,1336,shaman,restoration,60,24,36
Freizeitler,antonidas,1335,shaman,restoration,78,37,41
Flikus,aggra-português,1335,shaman,restoration,42,16,26
Abx,draenor,1334,shaman,restoration,36,18,18
Damex,thunderhorn,1334,shaman,restoration,131,48,83
Ongewasgone,defias-brotherhood,1333,shaman,restoration,30,16,14
Bloodburst,stormscale,1332,shaman,restoration,48,29,19
Lariralol,malorne,1332,shaman,restoration,67,37,30
Shamingu,arathor,1332,shaman,restoration,112,58,54
Bresidendo,frostwhisper,1332,shaman,restoration,93,38,55
Эрутеон,deathguard,1332,shaman,restoration,65,26,39
Фоэксген,deathguard,1331,shaman,restoration,18,14,4
Ксмо,gordunni,1331,shaman,restoration,24,14,10
Shoxý,draenor,1330,shaman,restoration,30,14,16
Beardling,auchindoun,1329,shaman,restoration,24,15,9
Powerhq,thrall,1329,shaman,restoration,24,14,10
Alàstor,kazzak,1329,shaman,restoration,55,24,31
Soger,mannoroth,1328,shaman,restoration,30,14,16
Drohx,ysondre,1327,shaman,restoration,24,14,10
Братишкапинг,soulflayer,1327,shaman,restoration,110,56,54
Vodoochild,hyjal,1327,shaman,restoration,55,23,32
Jarvís,gilneas,1327,shaman,restoration,50,19,31
Sadfemecraft,aggramar,1326,shaman,restoration,105,45,60
Vuls,blackmoore,1323,shaman,restoration,123,66,57
Schaname,rajaxx,1323,shaman,restoration,30,14,16
Sdkpwns,draenor,1322,shaman,restoration,36,16,20
Georgieboi,sylvanas,1321,shaman,restoration,24,14,10
Bedouín,draenor,1321,shaman,restoration,91,51,40
Lerosh,twisting-nether,1321,shaman,restoration,54,30,24
Mjöllnir,blackrock,1321,shaman,restoration,108,56,52
Vaaggu,stormreaver,1321,shaman,restoration,36,14,22
Corintho,blackmoore,1316,shaman,restoration,46,25,21
Threshðld,dun-modr,1316,shaman,restoration,30,14,16
Lickmytôtem,frostmane,1314,shaman,restoration,30,14,16
Виртуосгодх,soulflayer,1313,shaman,restoration,54,25,29
Жижелье,howling-fjord,1312,shaman,restoration,128,68,60
Kbakasham,ravencrest,1312,shaman,restoration,50,24,26
Xamic,twisting-nether,1311,shaman,restoration,36,17,19
Awwey,stormscale,1310,shaman,restoration,18,14,4
Navezi,twisting-nether,1310,shaman,restoration,72,41,31
Alishie,outland,1308,shaman,restoration,52,29,23
Шаманутый,gordunni,1308,shaman,restoration,73,40,33
Крэгнор,gordunni,1308,shaman,restoration,135,70,65
Aceofraphy,thrall,1308,shaman,restoration,125,53,72
Greenfatding,kazzak,1307,shaman,restoration,30,14,16
Thaarley,blackmoore,1305,shaman,restoration,34,22,12
Shafallen,tarren-mill,1305,shaman,restoration,40,24,16
Vanquïsh,archimonde,1305,shaman,restoration,30,14,16
Chilliajin,tarren-mill,1305,shaman,restoration,53,23,30
Durek,aerie-peak,1304,shaman,restoration,24,14,10
Санрэйн,soulflayer,1302,shaman,restoration,54,32,22
Samantouz,archimonde,1302,shaman,restoration,132,62,70
Littledorf,ravencrest,1301,shaman,restoration,90,47,43
Monstermunch,ravencrest,1301,shaman,restoration,110,50,60
Ironmack,outland,1301,shaman,restoration,36,16,20
Panicblast,stormscale,1299,shaman,restoration,44,27,17
Шаеман,soulflayer,1298,shaman,restoration,36,20,16
Ærthgød,stormscale,1297,shaman,restoration,24,17,7
Kìra,darkmoon-faire,1296,shaman,restoration,51,28,23
Harptwo,eredar,1295,shaman,restoration,47,28,19
Maburst,silvermoon,1295,shaman,restoration,24,14,10
Fernashaman,aggra-português,1295,shaman,restoration,42,18,24
Skenflewds,alakir,1295,shaman,restoration,66,26,40
Heyzal,aegwynn,1295,shaman,restoration,38,14,24
Qjie,argent-dawn,1294,shaman,restoration,158,88,70
Дрекрош,howling-fjord,1294,shaman,restoration,42,15,27
Fünkchn,zuluhed,1293,shaman,restoration,46,24,22
Shamanmode,twisting-nether,1292,shaman,restoration,42,17,25
Deaslow,hyjal,1291,shaman,restoration,30,21,9
Eduorde,silvermoon,1290,shaman,restoration,37,22,15
Кразтор,howling-fjord,1290,shaman,restoration,101,43,58
Onlytides,doomhammer,1290,shaman,restoration,36,14,22
Mêkyra,blackmoore,1286,shaman,restoration,58,27,31
Tilixs,draenor,1286,shaman,restoration,48,16,32
Deadwoodz,tarren-mill,1284,shaman,restoration,124,59,65
Chadshaman,antonidas,1284,shaman,restoration,55,24,31
Cudntreskobe,kazzak,1283,shaman,restoration,40,20,20
Nwäar,archimonde,1283,shaman,restoration,144,71,73
Rokatotem,ysondre,1279,shaman,restoration,27,14,13
Формацепт,ashenvale,1279,shaman,restoration,36,18,18
Morty,tarren-mill,1279,shaman,restoration,59,27,32
Umbraverfaa,twisting-nether,1278,shaman,restoration,36,15,21
Îolar,aegwynn,1277,shaman,restoration,72,28,44
Iamnyka,blackrock,1276,shaman,restoration,24,17,7
Shago,archimonde,1276,shaman,restoration,124,54,70
Alisàn,teldrassil,1272,shaman,restoration,163,77,86
Shôk,ravencrest,1271,shaman,restoration,74,37,37
Kivra,burning-legion,1271,shaman,restoration,107,46,61
Шайнинлайт,soulflayer,1271,shaman,restoration,107,42,65
Düsterlotus,dalvengyr,1270,shaman,restoration,138,76,62
Ishkadar,twisting-nether,1270,shaman,restoration,33,15,18
Shamone,stormreaver,1268,shaman,restoration,30,16,14
Mandoloriana,sylvanas,1268,shaman,restoration,36,16,20
Alakan,saurfang,1266,shaman,restoration,89,43,46
Yuliy,arathor,1263,shaman,restoration,108,50,58
Størmbølt,draenor,1263,shaman,restoration,54,24,30
Watashij,outland,1262,shaman,restoration,63,34,29
Kelshaj,thrall,1262,shaman,restoration,33,15,18
Dregú,draenor,1261,shaman,restoration,81,44,37
Zoolza,kirin-tor,1261,shaman,restoration,41,14,27
Azifox,hyjal,1260,shaman,restoration,25,14,11
Panicsc,twisting-nether,1253,shaman,restoration,147,70,77
Cømedian,ragnaros,1252,shaman,restoration,27,15,12
Mjahex,stormscale,1249,shaman,restoration,30,14,16
Viallinen,stormreaver,1249,shaman,restoration,37,15,22
Chävaman,archimonde,1248,shaman,restoration,24,13,11
Shamtrix,drakthul,1248,shaman,restoration,77,34,43
Asaakira,blackmoore,1247,shaman,restoration,45,28,17
Arathoir,ravencrest,1247,shaman,restoration,24,13,11
Reparagos,sanguino,1246,shaman,restoration,25,14,11
Ríko,argent-dawn,1246,shaman,restoration,36,18,18
Руикси,howling-fjord,1246,shaman,restoration,30,13,17
Велоун,soulflayer,1246,shaman,restoration,32,13,19
Shamiinn,ravencrest,1245,shaman,restoration,24,13,11
Shambulancex,tarren-mill,1243,shaman,restoration,24,13,11
Shamdude,archimonde,1243,shaman,restoration,24,13,11
Stormcaster,argent-dawn,1243,shaman,restoration,40,19,21
Kvolt,ysondre,1243,shaman,restoration,30,13,17
Stivishamy,blackmoore,1242,shaman,restoration,24,15,9
Dgshîtdwarf,ravencrest,1242,shaman,restoration,30,13,17
Anlaki,silvermoon,1241,shaman,restoration,18,13,5
Leunam,draenor,1241,shaman,restoration,52,26,26
Wylly,aegwynn,1240,shaman,restoration,100,56,44
Spitta,ysondre,1240,shaman,restoration,24,13,11
Manitus,sylvanas,1240,shaman,restoration,64,33,31
Bufuxx,kazzak,1238,shaman,restoration,18,13,5
Sîggý,eredar,1237,shaman,restoration,24,13,11
Suze,hellfire,1237,shaman,restoration,54,23,31
Перегной,ashenvale,1236,shaman,restoration,99,43,56
Abercrômbx,blackmoore,1235,shaman,restoration,24,13,11
Semrix,blackhand,1235,shaman,restoration,110,48,62
Gards,sylvanas,1235,shaman,restoration,44,15,29
Корольшомен,gordunni,1234,shaman,restoration,24,14,10
Charquanda,argent-dawn,1234,shaman,restoration,36,13,23
Kaletore,ragnaros,1233,shaman,restoration,48,28,20
Aldron,tirion,1233,shaman,restoration,30,15,15
Showman,archimonde,1233,shaman,restoration,239,115,124
Althayr,blackmoore,1232,shaman,restoration,28,14,14
Carnágé,blackrock,1230,shaman,restoration,42,24,18
Zujaz,stormscale,1230,shaman,restoration,24,13,11
Anakkynu,sylvanas,1230,shaman,restoration,31,14,17
Lechirurgien,elune,1229,shaman,restoration,115,59,56
Sugardad,khaz-modan,1228,shaman,restoration,189,90,99
Alexmiamosch,thrall,1226,shaman,restoration,78,48,30
Ogrilza,uldaman,1226,shaman,restoration,79,45,34
Lilshamano,ravencrest,1222,shaman,restoration,192,106,86
Swedishmeat,kazzak,1222,shaman,restoration,126,61,65
Kavyzyoyo,twisting-nether,1222,shaman,restoration,71,31,40
Fulminare,ravencrest,1221,shaman,restoration,78,39,39
Nybz,sylvanas,1221,shaman,restoration,42,18,24
Murmelï,stormreaver,1220,shaman,restoration,99,46,53
Schnessert,silvermoon,1220,shaman,restoration,30,13,17
Ошибся,deathguard,1219,shaman,restoration,36,19,17
Bigrambo,draenor,1218,shaman,restoration,65,37,28
Юляукраинка,gordunni,1216,shaman,restoration,55,24,31
Sickbrain,silvermoon,1216,shaman,restoration,45,19,26
Wieszcz,kazzak,1212,shaman,restoration,51,21,30
Buzzingsham,tarren-mill,1211,shaman,restoration,24,15,9
Thuknala,tarren-mill,1210,shaman,restoration,46,26,20
Kickvando,blackmoore,1209,shaman,restoration,44,22,22
Jimmybuffett,kazzak,1209,shaman,restoration,92,45,47
Ephase,burning-blade,1207,shaman,restoration,55,16,39
Loppish,silvermoon,1206,shaman,restoration,24,16,8
Xetri,ragnaros,1206,shaman,restoration,41,22,19
Morttes,burning-legion,1205,shaman,restoration,27,14,13
Nakenfeigy,stormreaver,1204,shaman,restoration,29,16,13
Mwnci,anachronos,1203,shaman,restoration,129,67,62
Бичпак,howling-fjord,1203,shaman,restoration,56,25,31
Huldi,kazzak,1202,shaman,restoration,48,28,20
Icozy,stormscale,1202,shaman,restoration,51,27,24
Roxxo,frostwolf,1200,shaman,restoration,30,16,14
Blöödfist,drakthul,1200,shaman,restoration,35,14,21
Shèshe,uldaman,1199,shaman,restoration,24,15,9
Thundersioux,ravencrest,1198,shaman,restoration,63,33,30
Teccatwo,outland,1198,shaman,restoration,100,48,52
Snobas,kazzak,1198,shaman,restoration,29,13,16
Lolafløres,dun-modr,1194,shaman,restoration,53,37,16
Gauss,agamaggan,1192,shaman,restoration,31,14,17
Hunorth,stormscale,1185,shaman,restoration,40,20,20
Дисмон,ashenvale,1184,shaman,restoration,36,19,17
Oldrym,blackrock,1183,shaman,restoration,64,25,39
Ominouslove,twisting-nether,1181,shaman,restoration,65,33,32
Bigschamlipp,blackhand,1180,shaman,restoration,23,13,10
Biztor,jaedenar,1178,shaman,restoration,48,26,22
Egí,azshara,1177,shaman,restoration,38,14,24
Kvekkis,argent-dawn,1175,shaman,restoration,30,17,13
Darnok,quelthalas,1173,shaman,restoration,60,29,31
Praise,auchindoun,1172,shaman,restoration,35,14,21
Elijaá,nordrassil,1169,shaman,restoration,60,33,27
Tegellera,ravencrest,1168,shaman,restoration,53,27,26
Dwarfofwar,ravencrest,1165,shaman,restoration,80,43,37
Khanokekw,twisting-nether,1164,shaman,restoration,100,57,43
Bèx,twisting-nether,1159,shaman,restoration,30,13,17
Pituu,tarren-mill,1158,shaman,restoration,36,15,21
Shinui,twisting-nether,1157,shaman,restoration,51,26,25
Ðøminantx,stormscale,1155,shaman,restoration,30,14,16
Mostachin,dun-modr,1155,shaman,restoration,64,28,36
Alcam,twisting-nether,1154,shaman,restoration,77,33,44
Saviothewise,aggra-português,1153,shaman,restoration,24,15,9
Olînours,archimonde,1152,shaman,restoration,36,20,16
Быковат,booty-bay,1152,shaman,restoration,129,64,65
Snovii,drakthul,1152,shaman,restoration,30,12,18
Snackerella,blackrock,1151,shaman,restoration,18,12,6
Prîce,blackmoore,1151,shaman,restoration,18,12,6
Weraeth,drakthul,1151,shaman,restoration,36,19,17
Scriptx,blackmoore,1151,shaman,restoration,24,12,12
Dêblâzê,thrall,1151,shaman,restoration,24,12,12
Puffeh,emeriss,1151,shaman,restoration,24,12,12
Teldarian,archimonde,1151,shaman,restoration,24,12,12
Thundrkrakn,blackhand,1151,shaman,restoration,71,35,36
Numbs,tarren-mill,1151,shaman,restoration,30,12,18
Zelent,thrall,1150,shaman,restoration,18,12,6
Souqixo,drakthul,1150,shaman,restoration,18,12,6
Sparkygrill,eredar,1150,shaman,restoration,24,12,12
Holyshamixz,dun-modr,1150,shaman,restoration,24,12,12
Shamanash,kazzak,1150,shaman,restoration,24,12,12
Lolalovexo,kazzak,1150,shaman,restoration,30,14,16
Poggsham,twisting-nether,1150,shaman,restoration,57,26,31
Killatotem,kazzak,1150,shaman,restoration,30,12,18
Balthasa,blackhand,1149,shaman,restoration,18,12,6
Dmgccbot,outland,1149,shaman,restoration,30,12,18
Mefl,tarren-mill,1148,shaman,restoration,24,12,12
Kaherad,antonidas,1148,shaman,restoration,72,33,39
Kärríegold,blackrock,1146,shaman,restoration,18,12,6
Kemh,nemesis,1146,shaman,restoration,30,12,18
Wibra,nagrand,1146,shaman,restoration,30,12,18
Nonotsikaan,blackhand,1145,shaman,restoration,18,12,6
Tvättpåse,tarren-mill,1144,shaman,restoration,18,12,6
Târrocke,nethersturm,1144,shaman,restoration,42,17,25
Drman,shattered-hand,1143,shaman,restoration,60,33,27
Gehrké,silvermoon,1142,shaman,restoration,18,12,6
Jävlajävel,draenor,1142,shaman,restoration,58,32,26
Rêêza,blackhand,1140,shaman,restoration,54,28,26
Nafay,lordaeron,1140,shaman,restoration,66,33,33
Götveren,eredar,1137,shaman,restoration,30,12,18
Vengatrox,antonidas,1136,shaman,restoration,24,12,12
Laïnàà,archimonde,1136,shaman,restoration,65,27,38
Magmera,argent-dawn,1134,shaman,restoration,91,37,54
Macchiavelli,blades-edge,1134,shaman,restoration,83,33,50
Spaceboy,archimonde,1133,shaman,restoration,30,12,18
Cloovster,magtheridon,1132,shaman,restoration,24,12,12
Nextlvlplz,draenor,1132,shaman,restoration,79,38,41
Omgodofwar,burning-blade,1132,shaman,restoration,90,33,57
Suntpraf,kazzak,1131,shaman,restoration,35,14,21
Arabesk,arygos,1130,shaman,restoration,108,50,58
Knasta,malygos,1129,shaman,restoration,36,16,20
Jéhil,hyjal,1127,shaman,restoration,24,12,12
Holshammy,nemesis,1127,shaman,restoration,90,39,51
Bruhin,ravencrest,1127,shaman,restoration,36,13,23
Jimkopf,eredar,1123,shaman,restoration,24,14,10
Nesjâ,blackhand,1120,shaman,restoration,30,12,18
Smyke,magtheridon,1116,shaman,restoration,96,51,45
Chamon,grim-batol,1115,shaman,restoration,24,12,12
Lanzatotems,dun-modr,1115,shaman,restoration,66,31,35
Raincaller,archimonde,1115,shaman,restoration,35,12,23
Flambusier,hyjal,1112,shaman,restoration,118,67,51
Lemontea,burning-blade,1112,shaman,restoration,30,12,18
Corbo,ysondre,1108,shaman,restoration,69,40,29
Woade,silvermoon,1108,shaman,restoration,30,12,18
Polystrath,silvermoon,1106,shaman,restoration,30,14,16
Säphïr,hyjal,1105,shaman,restoration,22,13,9
Canhealu,nemesis,1105,shaman,restoration,143,70,73
Sáltý,ravencrest,1103,shaman,restoration,21,12,9
Garifus,dun-modr,1102,shaman,restoration,132,70,62
Dubìff,hyjal,1101,shaman,restoration,15,13,2
Ivaccineyou,blackmoore,1099,shaman,restoration,24,12,12
Kuiji,stormreaver,1098,shaman,restoration,88,49,39
Undin,burning-legion,1098,shaman,restoration,60,33,27
Thenasil,stormscale,1097,shaman,restoration,64,28,36
Ibkdalen,stormscale,1096,shaman,restoration,30,14,16
Sanktyx,blackhand,1094,shaman,restoration,28,13,15
Yasunari,sanguino,1094,shaman,restoration,30,12,18
Thuns,stormscale,1093,shaman,restoration,29,14,15
Waskoelement,archimonde,1090,shaman,restoration,48,27,21
Moonbotico,blackrock,1090,shaman,restoration,115,52,63
Baelee,sylvanas,1085,shaman,restoration,108,47,61
Purgérkíng,silvermoon,1084,shaman,restoration,27,13,14
Spartecøbra,dalaran,1083,shaman,restoration,36,16,20
Arienus,turalyon,1081,shaman,restoration,22,12,10
Vulkan,kirin-tor,1081,shaman,restoration,42,20,22
Bennycooch,silvermoon,1081,shaman,restoration,107,42,65
Понбарон,gordunni,1079,shaman,restoration,40,14,26
Shamandeadly,aggra-português,1075,shaman,restoration,24,12,12
Hazufel,kaelthas,1072,shaman,restoration,44,19,25
Totemkin,stormscale,1069,shaman,restoration,60,13,47
Xoxoxoxoa,twisting-nether,1068,shaman,restoration,71,22,49
Quîn,defias-brotherhood,1066,shaman,restoration,96,45,51
Lòómit,anetheron,1065,shaman,restoration,24,13,11
Zuggerberg,defias-brotherhood,1063,shaman,restoration,33,12,21
Hikigane,marécage-de-zangar,1061,shaman,restoration,48,17,31
Чоколав,howling-fjord,1057,shaman,restoration,60,32,28
Socialfailur,archimonde,1056,shaman,restoration,18,11,7
Elmezz,outland,1056,shaman,restoration,18,11,7
Rôwdy,kazzak,1056,shaman,restoration,24,11,13
Zuly,grim-batol,1055,shaman,restoration,18,11,7
Yashëa,ysondre,1055,shaman,restoration,18,11,7
Icecold,grim-batol,1055,shaman,restoration,24,11,13
Átòmíc,eredar,1055,shaman,restoration,24,11,13
Vælcya,archimonde,1054,shaman,restoration,18,11,7
Quòr,antonidas,1054,shaman,restoration,59,34,25
Shakgor,draenor,1054,shaman,restoration,48,27,21
Ehrling,ysondre,1054,shaman,restoration,30,16,14
Elshamino,ravencrest,1054,shaman,restoration,24,11,13
Ixthus,varimathras,1054,shaman,restoration,24,11,13
Mêrowinger,blackhand,1054,shaman,restoration,24,11,13
Blóúb,blackmoore,1054,shaman,restoration,24,11,13
Protv,ravencrest,1053,shaman,restoration,24,18,6
Tiddles,arathor,1053,shaman,restoration,18,11,7
Salatmayoo,alakir,1053,shaman,restoration,27,12,15
Hyflex,alakir,1053,shaman,restoration,30,11,19
Роджермур,howling-fjord,1052,shaman,restoration,24,11,13
Muril,argent-dawn,1052,shaman,restoration,30,11,19
Rouwa,korgall,1051,shaman,restoration,18,11,7
Kelvok,silvermoon,1051,shaman,restoration,18,11,7
Zackboing,thrall,1051,shaman,restoration,75,38,37
Ðevi,ravencrest,1051,shaman,restoration,24,11,13
Aliates,sanguino,1051,shaman,restoration,24,11,13
Tingyspanky,twisting-nether,1051,shaman,restoration,33,12,21
Kíkjo,aegwynn,1050,shaman,restoration,18,11,7
Quizx,blackrock,1050,shaman,restoration,24,11,13
Оперочек,howling-fjord,1050,shaman,restoration,42,12,30
Nqz,ysondre,1049,shaman,restoration,24,11,13
Sixinchwilly,outland,1048,shaman,restoration,18,11,7
Riverwin,silvermoon,1048,shaman,restoration,30,14,16
Nøný,gorgonnash,1048,shaman,restoration,24,11,13
Slingz,auchindoun,1048,shaman,restoration,24,11,13
Bakuga,ragnaros,1047,shaman,restoration,18,11,7
Oscar,khaz-modan,1046,shaman,restoration,18,11,7
Tyralià,draenor,1046,shaman,restoration,18,11,7
Chokeonme,blackrock,1046,shaman,restoration,63,37,26
Анашишка,borean-tundra,1046,shaman,restoration,30,11,19
Megumín,darksorrow,1045,shaman,restoration,18,11,7
Tosaá,antonidas,1042,shaman,restoration,18,11,7
Grîzzou,les-clairvoyants,1042,shaman,restoration,42,25,17
Munjar,korgall,1039,shaman,restoration,24,11,13
Merkàba,pozzo-delleternità,1037,shaman,restoration,18,11,7
Idkteam,stormscale,1037,shaman,restoration,24,11,13
Grende,sylvanas,1037,shaman,restoration,29,11,18
Slutie,stormscale,1036,shaman,restoration,23,11,12
Gushgush,draenor,1032,shaman,restoration,18,11,7
Kuddjah,twisting-nether,1030,shaman,restoration,24,11,13
Moglibard,grim-batol,1028,shaman,restoration,18,11,7
Лялори,gordunni,1025,shaman,restoration,60,28,32
Jabena,draenor,1025,shaman,restoration,68,29,39
Daseus,malygos,1021,shaman,restoration,30,14,16
Рёнтар,howling-fjord,1021,shaman,restoration,30,13,17
Hexinreflect,silvermoon,1021,shaman,restoration,96,41,55
Akimboo,kilrogg,1017,shaman,restoration,36,11,25
Сорнинай,soulflayer,1013,shaman,restoration,65,28,37
Mantoon,doomhammer,1013,shaman,restoration,30,12,18
Jhaky,dun-modr,1013,shaman,restoration,30,11,19
Cukkerberg,ragnaros,1010,shaman,restoration,48,19,29
Towokk,kazzak,1007,shaman,restoration,30,17,13
Mosterx,stormscale,1007,shaman,restoration,36,16,20
Blainehammer,arathor,1006,shaman,restoration,30,12,18
Saamjai,turalyon,1005,shaman,restoration,30,17,13
Noulol,aegwynn,1005,shaman,restoration,23,12,11
Bluelasso,ysondre,1002,shaman,restoration,35,11,24
Darkkshammy,silvermoon,1001,shaman,restoration,24,12,12
Skunazo,sanguino,995,shaman,restoration,18,14,4
Jänis,ragnaros,995,shaman,restoration,22,12,10
Мезонет,soulflayer,992,shaman,restoration,24,13,11
Haginathor,twisting-nether,989,shaman,restoration,78,41,37
Checkpoint,defias-brotherhood,988,shaman,restoration,42,18,24
Kéimohansio,draenor,988,shaman,restoration,168,64,104
Mearu,bronze-dragonflight,987,shaman,restoration,42,25,17
Teada,aegwynn,980,shaman,restoration,34,12,22
Ambrosioss,kazzak,975,shaman,restoration,30,17,13
Thaun,blackrock,971,shaman,restoration,30,12,18
Schamannen,outland,970,shaman,restoration,43,23,20
Tomtefaan,sylvanas,963,shaman,restoration,24,13,11
Милжон,soulflayer,961,shaman,restoration,31,17,14
Dasce,sylvanas,961,shaman,restoration,36,15,21
Qobq,ravencrest,960,shaman,restoration,12,10,2
Valdraxx,ravencrest,960,shaman,restoration,189,93,96
Снупдоггидог,howling-fjord,960,shaman,restoration,24,10,14
Còób,ravencrest,960,shaman,restoration,27,10,17
Kaátori,eredar,959,shaman,restoration,12,10,2
Пекубулких,soulflayer,959,shaman,restoration,12,10,2
Hyperieon,antonidas,959,shaman,restoration,12,10,2
Sunjay,frostwolf,959,shaman,restoration,12,10,2
Ðtxkeks,onyxia,959,shaman,restoration,13,10,3
Crysisx,sanguino,959,shaman,restoration,18,10,8
Teldatwo,archimonde,959,shaman,restoration,18,10,8
Ånny,blackmoore,959,shaman,restoration,18,10,8
Qoleck,aegwynn,959,shaman,restoration,18,10,8
Bananis,outland,959,shaman,restoration,18,10,8
Friski,silvermoon,959,shaman,restoration,18,10,8
Cahyr,ravencrest,959,shaman,restoration,18,10,8
Ugáa,malganis,959,shaman,restoration,24,10,14
Loay,blackrock,959,shaman,restoration,24,10,14
Мокос,howling-fjord,959,shaman,restoration,24,10,14
Amnéshaman,ysondre,959,shaman,restoration,24,10,14
Hexbeforesex,kazzak,958,shaman,restoration,12,10,2
Diosberi,tichondrius,958,shaman,restoration,12,10,2
Vemvardetsom,stormreaver,958,shaman,restoration,12,10,2
Shamanistick,grim-batol,958,shaman,restoration,18,10,8
Bliksem,tarren-mill,958,shaman,restoration,18,10,8
Bosskwtt,kazzak,958,shaman,restoration,18,10,8
Prøxxy,ravencrest,958,shaman,restoration,18,10,8
Чаиро,howling-fjord,958,shaman,restoration,24,10,14
Neejtjak,ravencrest,958,shaman,restoration,24,10,14
Samant,neptulon,957,shaman,restoration,36,17,19
Гарантийный,lich-king,957,shaman,restoration,24,10,14
Bumbersham,stormscale,957,shaman,restoration,24,10,14
Drakahaar,burning-blade,956,shaman,restoration,30,10,20
Durekk,tarren-mill,955,shaman,restoration,18,10,8
Chaminoune,sargeras,955,shaman,restoration,18,10,8
Demelena,silvermoon,955,shaman,restoration,27,14,13
Nøxylol,veklor,955,shaman,restoration,24,10,14
Zulwin,hyjal,954,shaman,restoration,18,10,8
Rhun,garona,954,shaman,restoration,18,10,8
Shinigamy,kazzak,951,shaman,restoration,46,22,24
Tauridus,blackrock,951,shaman,restoration,24,10,14
Shámpain,antonidas,950,shaman,restoration,18,10,8
Mcdz,blackrock,948,shaman,restoration,24,13,11
Outerspace,silvermoon,947,shaman,restoration,24,10,14
Hephaisto,defias-brotherhood,946,shaman,restoration,18,10,8
Ухмылк,azuregos,943,shaman,restoration,173,91,82
Xilquid,darksorrow,941,shaman,restoration,24,10,14
Магмарончик,gordunni,941,shaman,restoration,42,12,30
Эрэвия,gordunni,939,shaman,restoration,24,13,11
Patites,twisting-nether,937,shaman,restoration,30,15,15
Bullvai,dun-morogh,929,shaman,restoration,74,34,40
Goldva,outland,928,shaman,restoration,79,42,37
Fivezax,tarren-mill,924,shaman,restoration,18,10,8
Hacyria,archimonde,924,shaman,restoration,24,13,11
Qusek,turalyon,923,shaman,restoration,72,34,38
Zeidek,nemesis,922,shaman,restoration,60,33,27
Killeras,deathwing,920,shaman,restoration,37,18,19
Asashi,blackhand,917,shaman,restoration,23,12,11
Selrin,blackrock,915,shaman,restoration,84,30,54
Xpone,blackrock,914,shaman,restoration,24,12,12
Xogor,kazzak,911,shaman,restoration,27,10,17
Begeshaman,sylvanas,909,shaman,restoration,96,32,64
Suculenta,zuljin,902,shaman,restoration,29,14,15
Georgianaa,skullcrusher,900,shaman,restoration,84,40,44
Nexolok,alleria,899,shaman,restoration,60,32,28
Алимика,deathguard,899,shaman,restoration,24,12,12
Thunderberg,antonidas,896,shaman,restoration,30,12,18
Foxfyre,tarren-mill,893,shaman,restoration,18,10,8
Whatsup,aggramar,892,shaman,restoration,28,11,17
Isìs,norgannon,891,shaman,restoration,100,39,61
Deesham,blackmoore,885,shaman,restoration,26,10,16
Xenda,blackrock,882,shaman,restoration,24,10,14
Vukroth,argent-dawn,879,shaman,restoration,72,34,38
Fashess,sunstrider,875,shaman,restoration,18,10,8
Mysterqt,nemesis,864,shaman,restoration,12,9,3
Chokelord,archimonde,864,shaman,restoration,12,9,3
Batmanmain,twisting-nether,864,shaman,restoration,16,10,6
Xclusiveqt,archimonde,864,shaman,restoration,18,9,9
Defonceboby,archimonde,864,shaman,restoration,18,9,9
Nothexy,stormscale,864,shaman,restoration,18,9,9
Ridemytotem,blackrock,864,shaman,restoration,18,9,9
Фатнир,soulflayer,864,shaman,restoration,18,9,9
Феанорситх,gordunni,864,shaman,restoration,18,9,9
Shounx,hyjal,864,shaman,restoration,18,9,9
Kalhoznik,ravencrest,864,shaman,restoration,18,9,9
Thefirebird,blackhand,864,shaman,restoration,24,9,15
Bigdamshear,outland,864,shaman,restoration,24,9,15
Hexalicius,sylvanas,864,shaman,restoration,24,9,15
Shamantistik,ravencrest,863,shaman,restoration,12,9,3
Blamy,auchindoun,863,shaman,restoration,12,9,3
Geminate,stormscale,863,shaman,restoration,12,9,3
Есю,howling-fjord,863,shaman,restoration,12,9,3
Broner,ravencrest,863,shaman,restoration,20,10,10
Bobaléh,ravencrest,863,shaman,restoration,18,9,9
Dréa,draenor,863,shaman,restoration,18,9,9
Stormfreg,quelthalas,863,shaman,restoration,18,9,9
Yàra,throkferoth,863,shaman,restoration,42,18,24
Loktarogar,sunstrider,863,shaman,restoration,24,9,15
Thanasiss,kazzak,863,shaman,restoration,24,9,15
Naphe,ysondre,863,shaman,restoration,30,9,21
Fatmikex,stormreaver,863,shaman,restoration,30,9,21
Милыйдед,gordunni,863,shaman,restoration,36,9,27
Spammail,argent-dawn,862,shaman,restoration,12,9,3
Aredin,ysera,862,shaman,restoration,12,9,3
Doriana,dalaran,862,shaman,restoration,18,9,9
Syreer,silvermoon,862,shaman,restoration,19,9,10
Salmôn,twisting-nether,862,shaman,restoration,24,9,15
Pprx,tarren-mill,862,shaman,restoration,24,9,15
Дрфэка,soulflayer,862,shaman,restoration,51,14,37
Tonifo,nemesis,861,shaman,restoration,12,9,3
Cjay,dunemaul,861,shaman,restoration,12,9,3
Shamanopaf,tarren-mill,861,shaman,restoration,18,9,9
Matsudah,ragnaros,861,shaman,restoration,18,9,9
Honollulu,drakthul,860,shaman,restoration,12,9,3
Amu,ravencrest,860,shaman,restoration,18,9,9
Mansquidgoat,darksorrow,859,shaman,restoration,15,10,5
Orchal,defias-brotherhood,859,shaman,restoration,18,9,9
Kosur,kazzak,859,shaman,restoration,18,9,9
Stkk,ravencrest,859,shaman,restoration,98,46,52
Sunsham,illidan,858,shaman,restoration,18,9,9
Proxysham,the-maelstrom,857,shaman,restoration,12,9,3
Kamichami,sanguino,857,shaman,restoration,24,9,15
Chartersham,silvermoon,856,shaman,restoration,12,9,3
Wayoa,defias-brotherhood,856,shaman,restoration,12,9,3
Wakka,wildhammer,856,shaman,restoration,42,12,30
Psyforce,argent-dawn,850,shaman,restoration,12,9,3
Temeres,drakthul,849,shaman,restoration,18,9,9
Numdog,stormreaver,831,shaman,restoration,17,9,8
Jeqs,twisting-nether,830,shaman,restoration,14,10,4
Snidge,kazzak,824,shaman,restoration,18,9,9
Lk,twilights-hammer,815,shaman,restoration,15,10,5
Kuubskii,ravencrest,815,shaman,restoration,17,9,8
Bountiti,dun-modr,810,shaman,restoration,18,10,8
Crixuss,argent-dawn,809,shaman,restoration,17,9,8
Pvegame,tarren-mill,809,shaman,restoration,20,10,10
Bomboclat,azjolnerub,806,shaman,restoration,23,9,14
Akwa,stormscale,799,shaman,restoration,20,9,11
Feizhousa,outland,799,shaman,restoration,26,9,17
Gerlo,thrall,797,shaman,restoration,25,11,14
Кодишам,howling-fjord,768,shaman,restoration,12,8,4
Vibesham,outland,768,shaman,restoration,12,8,4
Simiann,outland,768,shaman,restoration,12,8,4
Enchancement,ragnaros,768,shaman,restoration,12,8,4
Wawawoowee,archimonde,768,shaman,restoration,12,8,4
Vërÿßåðxd,silvermoon,768,shaman,restoration,12,8,4
Wolkî,aegwynn,768,shaman,restoration,12,8,4
Navajito,tarren-mill,768,shaman,restoration,12,8,4
Lontarita,tarren-mill,768,shaman,restoration,12,8,4
Öyama,sinstralis,768,shaman,restoration,12,8,4
Ivnashaman,drakthul,768,shaman,restoration,12,8,4
Rostislav,ravencrest,768,shaman,restoration,12,8,4
Chîllkrötè,blackmoore,768,shaman,restoration,12,8,4
Mustabrutus,tarren-mill,768,shaman,restoration,16,9,7
Infinitetide,doomhammer,768,shaman,restoration,18,8,10
Sehn,arathor,768,shaman,restoration,18,8,10
Nøraa,ravencrest,768,shaman,restoration,18,8,10
Тотембот,soulflayer,768,shaman,restoration,18,8,10
Lorko,twisting-nether,768,shaman,restoration,18,8,10
Qoekke,uldum,768,shaman,restoration,18,8,10
Chimey,frostmane,768,shaman,restoration,18,8,10
Бунтх,howling-fjord,768,shaman,restoration,18,8,10
Зачикинимся,howling-fjord,768,shaman,restoration,18,8,10
Aeldrid,argent-dawn,767,shaman,restoration,12,8,4
Dapawz,defias-brotherhood,767,shaman,restoration,12,8,4
Karezza,azjolnerub,767,shaman,restoration,12,8,4
Berasham,dalaran,767,shaman,restoration,12,8,4
Magma,kazzak,767,shaman,restoration,12,8,4
Aliatës,sanguino,767,shaman,restoration,18,8,10
Hàrdstûkgødx,uldaman,767,shaman,restoration,18,8,10
Quinlàn,ravencrest,767,shaman,restoration,18,8,10
Aesa,dun-modr,767,shaman,restoration,18,8,10
Iwaa,dalaran,767,shaman,restoration,18,8,10
Guayotta,sanguino,767,shaman,restoration,18,8,10
Gungo,deathwing,767,shaman,restoration,18,8,10
Rakân,ysondre,767,shaman,restoration,24,8,16
Sniipy,blackmoore,767,shaman,restoration,24,8,16
Cleansing,nemesis,766,shaman,restoration,12,8,4
Badkidney,alakir,766,shaman,restoration,12,8,4
Джоукх,howling-fjord,766,shaman,restoration,12,8,4
Eero,darksorrow,766,shaman,restoration,12,8,4
Robbie,dentarg,766,shaman,restoration,12,8,4
Schläck,outland,766,shaman,restoration,18,8,10
Binslagala,zuljin,765,shaman,restoration,12,8,4
Nephylim,grim-batol,765,shaman,restoration,18,8,10
Naargie,outland,765,shaman,restoration,20,8,12
Sorcerus,burning-legion,765,shaman,restoration,30,8,22
Ironspine,sylvanas,764,shaman,restoration,18,8,10
Khattla,outland,763,shaman,restoration,12,8,4
Gundersen,stormscale,763,shaman,restoration,18,8,10
Eveeöe,outland,763,shaman,restoration,18,8,10
Croku,thrall,761,shaman,restoration,12,8,4
Rórekk,aegwynn,761,shaman,restoration,18,8,10
Zerwurster,thrall,760,shaman,restoration,18,8,10
Тирануксис,blackscar,753,shaman,restoration,17,13,4
Manush,aszune,752,shaman,restoration,24,8,16
Sakoon,twisting-nether,751,shaman,restoration,18,8,10
Øzy,sanguino,749,shaman,restoration,14,8,6
Amarök,nerzhul,749,shaman,restoration,18,8,10
Picklechris,tarren-mill,748,shaman,restoration,18,8,10
Дарьюша,fordragon,744,shaman,restoration,12,8,4
Scàráth,eredar,717,shaman,restoration,27,8,19
Агмень,howling-fjord,717,shaman,restoration,39,8,31
Shäman,burning-blade,714,shaman,restoration,21,9,12
Stolen,skullcrusher,712,shaman,restoration,15,9,6
Lauree,terokkar,710,shaman,restoration,23,9,14
Thangog,ragnaros,703,shaman,restoration,16,8,8
Карбонатрикс,soulflayer,703,shaman,restoration,16,8,8
Тотемвуман,soulflayer,703,shaman,restoration,22,8,14
Вашнюхтоптал,howling-fjord,695,shaman,restoration,13,10,3
Грейсаша,howling-fjord,695,shaman,restoration,22,8,14
Robgon,aggra-português,689,shaman,restoration,23,8,15
Turbohulk,blackrock,688,shaman,restoration,13,8,5
Cumulichan,ragnaros,687,shaman,restoration,11,8,3
Shamounf,archimonde,672,shaman,restoration,12,7,5
Yegera,stormscale,672,shaman,restoration,12,7,5
Pogchampz,nemesis,672,shaman,restoration,12,7,5
Popopopopor,archimonde,672,shaman,restoration,12,7,5
Iamshamon,kazzak,672,shaman,restoration,12,7,5
Berly,stormscale,672,shaman,restoration,12,7,5
Gigawashed,archimonde,672,shaman,restoration,12,7,5
Totembeard,frostmourne,672,shaman,restoration,12,7,5
Doubleshamz,the-maelstrom,672,shaman,restoration,12,7,5
Kilazz,twisting-nether,672,shaman,restoration,12,7,5
Spiirit,tarren-mill,672,shaman,restoration,12,7,5
Boltkesh,draenor,672,shaman,restoration,12,7,5
Djtomp,kazzak,672,shaman,restoration,12,7,5
Healeugene,ravencrest,672,shaman,restoration,12,7,5
Jilyu,blackmoore,672,shaman,restoration,12,7,5
Raintlordx,twisting-nether,672,shaman,restoration,12,7,5
Trbhlk,blackrock,672,shaman,restoration,12,7,5
Clickmeh,runetotem,672,shaman,restoration,12,7,5
Esher,frostwolf,672,shaman,restoration,12,7,5
Blackbeardxd,stormscale,672,shaman,restoration,12,7,5
Dôppel,archimonde,672,shaman,restoration,12,7,5
Qicholardon,archimonde,672,shaman,restoration,12,7,5
Pepegahex,blackmoore,672,shaman,restoration,12,7,5
Winshear,twisting-nether,672,shaman,restoration,12,7,5
Lêêmo,outland,672,shaman,restoration,12,7,5
Nansmasher,draenor,672,shaman,restoration,12,7,5
Alëxx,hyjal,672,shaman,restoration,12,7,5
Raiden,aegwynn,672,shaman,restoration,18,7,11
Barbebiendur,archimonde,672,shaman,restoration,18,7,11
Крэйвхх,howling-fjord,672,shaman,restoration,18,7,11
Oningodx,drakthul,672,shaman,restoration,18,7,11
Papskalla,ravencrest,672,shaman,restoration,18,7,11
Reticlol,kazzak,672,shaman,restoration,18,7,11
Zulylol,outland,672,shaman,restoration,18,7,11
Kimsshaman,ragnaros,672,shaman,restoration,18,7,11
Kataclysm,nemesis,672,shaman,restoration,18,7,11
Sháme,azjolnerub,672,shaman,restoration,18,7,11
Horiq,kazzak,672,shaman,restoration,18,7,11
Horcsog,ravencrest,672,shaman,restoration,18,7,11
Agrok,jaedenar,672,shaman,restoration,18,7,11
Arîya,blackrock,672,shaman,restoration,18,7,11
Çøynx,aegwynn,672,shaman,restoration,20,7,13
Recov,draenor,672,shaman,restoration,22,7,15
Rejax,blackmoore,672,shaman,restoration,24,7,17
Bajslys,kazzak,671,shaman,restoration,12,7,5
Grosgourdin,la-croisade-écarlate,671,shaman,restoration,12,7,5
Rooske,draenor,671,shaman,restoration,12,7,5
Aébi,dalaran,671,shaman,restoration,12,7,5
Jochenzulauf,blackrock,671,shaman,restoration,12,7,5
Lingz,auchindoun,671,shaman,restoration,12,7,5
Elshimano,ravencrest,671,shaman,restoration,12,7,5
Brocksamson,dentarg,671,shaman,restoration,14,7,7
Shâdôwlîght,antonidas,671,shaman,restoration,18,7,11
Nïshä,twisting-nether,671,shaman,restoration,18,7,11
Zahké,stormscale,671,shaman,restoration,18,7,11
Xentic,kazzak,671,shaman,restoration,18,7,11
Maab,arathor,671,shaman,restoration,18,7,11
Indennacken,blackmoore,671,shaman,restoration,18,7,11
Lindemánn,blackhand,671,shaman,restoration,18,7,11
Zippidizap,ulduar,671,shaman,restoration,18,7,11
Skullføck,argent-dawn,671,shaman,restoration,21,8,13
Mòónz,kazzak,671,shaman,restoration,24,7,17
Инкарнатор,deathguard,670,shaman,restoration,12,7,5
Tidors,burning-legion,670,shaman,restoration,12,7,5
Plùx,antonidas,670,shaman,restoration,12,7,5
Bjorhuk,ravencrest,670,shaman,restoration,12,7,5
Aiuto,archimonde,670,shaman,restoration,12,7,5
Irachal,rexxar,670,shaman,restoration,18,7,11
Bandyy,magtheridon,670,shaman,restoration,18,7,11
Aluweckerl,eredar,670,shaman,restoration,24,7,17
Woew,tarren-mill,669,shaman,restoration,12,7,5
Shamaxwell,blackhand,669,shaman,restoration,12,7,5
Shacharcaspi,blackmoore,669,shaman,restoration,24,7,17
Simph,uldum,669,shaman,restoration,24,7,17
Bloggurt,tarren-mill,668,shaman,restoration,18,7,11
Sarenity,hellfire,667,shaman,restoration,12,7,5
Millacki,blackrock,667,shaman,restoration,18,7,11
Aveet,kazzak,667,shaman,restoration,18,7,11
Omeletteoeuf,silvermoon,666,shaman,restoration,12,7,5
Briindead,archimonde,665,shaman,restoration,12,7,5
Sneggels,wrathbringer,665,shaman,restoration,21,8,13
Raketenrieke,blackrock,659,shaman,restoration,25,12,13
Bogmagnus,the-maelstrom,659,shaman,restoration,39,13,26
Ayesapik,dalaran,657,shaman,restoration,12,7,5
Frise,archimonde,656,shaman,restoration,18,7,11
Lillink,stormscale,655,shaman,restoration,9,9,0
Draredemolen,archimonde,655,shaman,restoration,17,7,10
Mjollnier,stormscale,640,shaman,restoration,10,8,2
Неерззул,soulflayer,639,shaman,restoration,17,7,10
Nêôô,blackrock,639,shaman,restoration,23,7,16
Nojiko,blackrock,638,shaman,restoration,17,7,10
Altesh,die-todeskrallen,634,shaman,restoration,16,7,9
Realiz,ysondre,622,shaman,restoration,16,7,9
Енотикусь,soulflayer,618,shaman,restoration,12,8,4
Disharmony,outland,618,shaman,restoration,12,8,4
Mambokïngs,sanguino,617,shaman,restoration,16,8,8
Randomuwu,stormscale,616,shaman,restoration,22,8,14
Мке,howling-fjord,615,shaman,restoration,29,11,18
Greenguard,argent-dawn,608,shaman,restoration,29,7,22
Martiinii,dragonmaw,606,shaman,restoration,11,7,4
Shàwyn,sylvanas,591,shaman,restoration,11,7,4
Zhead,aggramar,584,shaman,restoration,16,9,7
Bauch,tichondrius,576,shaman,restoration,6,6,0
Imdarat,hyjal,576,shaman,restoration,6,6,0
Notlinus,argent-dawn,576,shaman,restoration,6,6,0
Ethixx,outland,576,shaman,restoration,6,6,0
Oldveteran,eredar,576,shaman,restoration,6,6,0
Yacuzwerg,blackrock,576,shaman,restoration,6,6,0
Groquick,dalaran,576,shaman,restoration,12,6,6
Rëazx,archimonde,576,shaman,restoration,12,6,6
Djsheargødx,twisting-nether,576,shaman,restoration,12,6,6
Kocaina,kazzak,576,shaman,restoration,12,6,6
Komodski,kazzak,576,shaman,restoration,12,6,6
Runbrorun,hyjal,576,shaman,restoration,12,6,6
Kaluna,outland,576,shaman,restoration,12,6,6
Chamanox,dalaran,576,shaman,restoration,12,6,6
Rhêz,kazzak,576,shaman,restoration,12,6,6
Shmøn,outland,576,shaman,restoration,12,6,6
Lortihalsen,outland,576,shaman,restoration,12,6,6
Gotta,dethecus,576,shaman,restoration,12,6,6
Ambuu,kazzak,576,shaman,restoration,12,6,6
Katwio,hyjal,576,shaman,restoration,12,6,6
Monamour,twisting-nether,576,shaman,restoration,12,6,6
Bigdaddyxo,tarren-mill,576,shaman,restoration,12,6,6
Cardeâ,blackhand,576,shaman,restoration,12,6,6
Гоэл,ashenvale,576,shaman,restoration,12,6,6
Mýthaz,archimonde,576,shaman,restoration,12,6,6
Enoughh,the-maelstrom,576,shaman,restoration,12,6,6
Gromaburst,stormscale,576,shaman,restoration,12,6,6
Thaw,sylvanas,576,shaman,restoration,12,6,6
Wintradezki,tarren-mill,576,shaman,restoration,12,6,6
Jodel,tarren-mill,576,shaman,restoration,12,6,6
Embodiment,blackrock,576,shaman,restoration,12,6,6
Lågertha,sanguino,576,shaman,restoration,12,6,6
Zûgzûg,ragnaros,576,shaman,restoration,12,6,6
Heatti,doomhammer,576,shaman,restoration,12,6,6
Dreamon,culte-de-la-rive-noire,576,shaman,restoration,12,6,6
Goodevening,tarren-mill,576,shaman,restoration,12,6,6
Хоупосх,gordunni,576,shaman,restoration,12,6,6
Purgecleave,dalvengyr,576,shaman,restoration,12,6,6
Annoying,archimonde,576,shaman,restoration,12,6,6
Blipster,tarren-mill,576,shaman,restoration,12,6,6
Nimbs,tarren-mill,576,shaman,restoration,12,6,6
Kilninshape,archimonde,576,shaman,restoration,12,6,6
Neverqueue,defias-brotherhood,576,shaman,restoration,12,6,6
Канамаш,borean-tundra,576,shaman,restoration,12,6,6
Erepmad,ravencrest,576,shaman,restoration,12,6,6
Dimront,gorgonnash,576,shaman,restoration,12,6,6
Skottkärrà,ravencrest,576,shaman,restoration,12,6,6
Thatstheswag,blackmoore,576,shaman,restoration,12,6,6
Løktarøgàr,archimonde,576,shaman,restoration,12,6,6
Khidon,silvermoon,576,shaman,restoration,12,6,6
Чиллаут,howling-fjord,576,shaman,restoration,12,6,6
Juicyy,ravencrest,576,shaman,restoration,12,6,6
Qwázú,silvermoon,576,shaman,restoration,12,6,6
Smøul,sanguino,576,shaman,restoration,12,6,6
Lmnn,ravencrest,576,shaman,restoration,12,6,6
Флафен,howling-fjord,576,shaman,restoration,12,6,6
Kioterasham,conseil-des-ombres,576,shaman,restoration,18,6,12
Floki,emerald-dream,576,shaman,restoration,18,6,12
Sarkathi,kazzak,576,shaman,restoration,18,6,12
Nyfario,marécage-de-zangar,576,shaman,restoration,18,6,12
Embèr,silvermoon,576,shaman,restoration,18,6,12
Patsham,wildhammer,576,shaman,restoration,18,6,12
Tâkeda,blackmoore,576,shaman,restoration,18,6,12
Kyaz,ravencrest,575,shaman,restoration,12,6,6
Shazefin,twisting-nether,575,shaman,restoration,12,6,6
Bíllý,onyxia,575,shaman,restoration,12,6,6
Sjearthen,defias-brotherhood,575,shaman,restoration,12,6,6
Sikro,frostwolf,575,shaman,restoration,12,6,6
Cadierno,argent-dawn,575,shaman,restoration,12,6,6
Безрукан,howling-fjord,575,shaman,restoration,12,6,6
Stortvloed,twisting-nether,575,shaman,restoration,12,6,6
Pakasschami,frostwolf,575,shaman,restoration,12,6,6
Aesonis,kazzak,575,shaman,restoration,14,6,8
Турелька,blackscar,575,shaman,restoration,18,6,12
Аскирия,soulflayer,575,shaman,restoration,18,6,12
Kalvei,draenor,575,shaman,restoration,18,6,12
Lorthargol,chamber-of-aspects,575,shaman,restoration,18,6,12
Liferqt,nemesis,575,shaman,restoration,18,6,12
Джусипуси,gordunni,575,shaman,restoration,18,6,12
Mystico,sanguino,575,shaman,restoration,18,6,12
Tidushears,thrall,574,shaman,restoration,12,6,6
Turbokrapka,tarren-mill,574,shaman,restoration,12,6,6
Kongapenes,tarren-mill,574,shaman,restoration,12,6,6
Ftsckpower,blackhand,574,shaman,restoration,12,6,6
Shadî,kiljaeden,574,shaman,restoration,12,6,6
Pépón,dun-modr,574,shaman,restoration,18,6,12
Notwhoheals,executus,574,shaman,restoration,18,6,12
Bolski,stormreaver,573,shaman,restoration,12,6,6
Dobbi,dethecus,573,shaman,restoration,12,6,6
Muschi,culte-de-la-rive-noire,573,shaman,restoration,16,7,9
Shammzy,mannoroth,573,shaman,restoration,24,6,18
Alïsyo,nemesis,570,shaman,restoration,18,6,12
Nozer,arathor,568,shaman,restoration,12,6,6
Apexe,outland,544,shaman,restoration,22,6,16
Ongedierte,tarren-mill,543,shaman,restoration,11,6,5
Cotêaz,thrall,541,shaman,restoration,16,6,10
Totemglad,drakthul,528,shaman,restoration,9,7,2
Whibbler,ravencrest,528,shaman,restoration,21,7,14
Randomshamx,ravencrest,527,shaman,restoration,11,6,5
Razeroø,ysondre,527,shaman,restoration,11,6,5
Télapou,ragnaros,527,shaman,restoration,11,6,5
Манрото,soulflayer,526,shaman,restoration,9,6,3
Glak,draenor,521,shaman,restoration,21,7,14
Arigolds,twilights-hammer,511,shaman,restoration,11,6,5
Zordox,zirkel-des-cenarius,511,shaman,restoration,16,6,10
Jakesmistake,stormscale,494,shaman,restoration,11,7,4
Эйвуа,gordunni,486,shaman,restoration,22,8,14
Ub,garona,480,shaman,restoration,6,5,1
Qwauzinator,silvermoon,480,shaman,restoration,6,5,1
Antikahraman,blackrock,480,shaman,restoration,6,5,1
Zetricek,drakthul,480,shaman,restoration,6,5,1
Keiro,burning-blade,480,shaman,restoration,6,5,1
Shamsteaks,thrall,480,shaman,restoration,6,5,1
Djschamihaar,blackrock,480,shaman,restoration,6,5,1
Joeexotictv,tarren-mill,480,shaman,restoration,6,5,1
Meeq,deathwing,480,shaman,restoration,6,5,1
Xêra,burning-legion,480,shaman,restoration,10,6,4
Papaver,zirkel-des-cenarius,480,shaman,restoration,12,5,7
Évileye,silvermoon,480,shaman,restoration,12,5,7
Shamarco,nemesis,480,shaman,restoration,12,5,7
Ghorall,ragnaros,480,shaman,restoration,12,5,7
Zeewzblast,silvermoon,480,shaman,restoration,12,5,7
Zæus,ragnaros,480,shaman,restoration,12,5,7
Styllz,uldaman,480,shaman,restoration,12,5,7
Zougzy,uldaman,480,shaman,restoration,12,5,7
Asschick,outland,480,shaman,restoration,12,5,7
Totemiclol,aegwynn,480,shaman,restoration,12,5,7
Markboymint,earthen-ring,480,shaman,restoration,12,5,7
Tooltip,tarren-mill,480,shaman,restoration,12,5,7
Flandersx,ravencrest,480,shaman,restoration,12,5,7
Riptidegodx,archimonde,480,shaman,restoration,12,5,7
Ravenshock,bloodfeather,480,shaman,restoration,12,5,7
Hexftw,khaz-modan,480,shaman,restoration,12,5,7
Shamania,grim-batol,480,shaman,restoration,12,5,7
Cheerz,ravencrest,480,shaman,restoration,12,5,7
Egor,alakir,480,shaman,restoration,12,5,7
Sliiderr,draenor,480,shaman,restoration,12,5,7
Daboo,the-venture-co,480,shaman,restoration,12,5,7
Nevagonalink,archimonde,480,shaman,restoration,12,5,7
Бьерн,deepholm,480,shaman,restoration,12,5,7
Hakunax,twisting-nether,480,shaman,restoration,12,5,7
Tigo,tarren-mill,480,shaman,restoration,12,5,7
Kempfer,blackrock,480,shaman,restoration,12,5,7
Leafplsx,blackrock,480,shaman,restoration,12,5,7
Nùggets,garona,480,shaman,restoration,12,5,7
Sojee,ysondre,480,shaman,restoration,12,5,7
Kïtten,tarren-mill,480,shaman,restoration,12,5,7
Lumière,alonsus,480,shaman,restoration,12,5,7
Uanl,stormscale,480,shaman,restoration,12,5,7
Kemmi,dalaran,480,shaman,restoration,12,5,7
Aeknor,ravencrest,480,shaman,restoration,12,5,7
Qishwilu,ravencrest,480,shaman,restoration,12,5,7
Evííl,tarren-mill,480,shaman,restoration,12,5,7
Lontarsdaddy,twisting-nether,480,shaman,restoration,12,5,7
Windie,drakthul,480,shaman,restoration,12,5,7
Thyeori,stormscale,480,shaman,restoration,12,5,7
Volwerin,blackhand,480,shaman,restoration,12,5,7
Burrowabuser,nemesis,480,shaman,restoration,12,5,7
Mbx,ravencrest,480,shaman,restoration,12,5,7
Unleashme,sylvanas,480,shaman,restoration,12,5,7
Caliqueños,sanguino,480,shaman,restoration,12,5,7
Libano,archimonde,480,shaman,restoration,12,5,7
Hogmodig,tarren-mill,480,shaman,restoration,12,5,7
Jakeir,auchindoun,480,shaman,restoration,12,5,7
Adzkímo,tarren-mill,480,shaman,restoration,12,5,7
Demeri,blackrock,480,shaman,restoration,12,5,7
Tobbey,tarren-mill,480,shaman,restoration,12,5,7
Jedsham,stormscale,480,shaman,restoration,12,5,7
Biçi,steamwheedle-cartel,480,shaman,restoration,12,5,7
Beoka,dun-modr,480,shaman,restoration,15,6,9
Селфлессх,soulflayer,480,shaman,restoration,18,5,13
Elepumper,outland,480,shaman,restoration,18,5,13
Energised,alonsus,480,shaman,restoration,18,5,13
Кенниарт,howling-fjord,480,shaman,restoration,18,5,13
Slasket,bloodscalp,480,shaman,restoration,18,5,13
Максибончик,soulflayer,480,shaman,restoration,18,5,13
Bruho,mazrigos,480,shaman,restoration,18,5,13
Nêgan,ravencrest,480,shaman,restoration,22,5,17
Quiec,kazzak,480,shaman,restoration,24,5,19
Savan,darkspear,480,shaman,restoration,24,5,19
Rawtex,draenor,480,shaman,restoration,26,5,21
Iebaznis,draenor,479,shaman,restoration,6,5,1
Scamander,draenor,479,shaman,restoration,8,5,3
Kyousek,drakthul,479,shaman,restoration,12,5,7
Babyboomz,bronze-dragonflight,479,shaman,restoration,12,5,7
Joaléine,khaz-modan,479,shaman,restoration,12,5,7
Amnistia,ragnaros,479,shaman,restoration,12,5,7
Donnerbubele,aegwynn,479,shaman,restoration,12,5,7
Weho,kazzak,479,shaman,restoration,12,5,7
Manolaz,kazzak,479,shaman,restoration,12,5,7
Axéron,blackhand,479,shaman,restoration,12,5,7
Obêlixx,blackmoore,479,shaman,restoration,12,5,7
Sakar,auchindoun,479,shaman,restoration,12,5,7
Gelaende,thrall,479,shaman,restoration,12,5,7
Scoobsz,thrall,479,shaman,restoration,15,5,10
Rusbeermen,silvermoon,479,shaman,restoration,24,5,19
Darthshox,outland,478,shaman,restoration,16,6,10
Rixxa,stormscale,478,shaman,restoration,18,5,13
Jotuna,argent-dawn,478,shaman,restoration,18,5,13
Thrallallero,pozzo-delleternità,477,shaman,restoration,12,5,7
Porch,doomhammer,476,shaman,restoration,12,5,7
Killhorn,malganis,474,shaman,restoration,12,5,7
Wanryoku,kaelthas,472,shaman,restoration,12,5,7
Shamanarama,sylvanas,463,shaman,restoration,23,5,18
Eniesz,archimonde,447,shaman,restoration,14,6,8
Kortgat,kilrogg,431,shaman,restoration,11,5,6
Mitica,ravencrest,426,shaman,restoration,14,7,7
Shamakerr,tarren-mill,426,shaman,restoration,17,7,10
Äppelpaj,earthen-ring,426,shaman,restoration,15,6,9
Shamtime,aegwynn,425,shaman,restoration,14,6,8
Ulrichh,twisting-nether,415,shaman,restoration,8,5,3
Blixtlasse,magtheridon,400,shaman,restoration,13,5,8
Доргорн,grom,396,shaman,restoration,11,5,6
Электро,thermaplugg,384,shaman,restoration,6,4,2
Kundt,dalaran,384,shaman,restoration,6,4,2
Zyrou,arthas,384,shaman,restoration,6,4,2
Imdax,hyjal,384,shaman,restoration,6,4,2
Bandulski,twisting-nether,384,shaman,restoration,6,4,2
Громкеш,howling-fjord,384,shaman,restoration,6,4,2
Shàyâ,ysondre,384,shaman,restoration,6,4,2
Artîe,archimonde,384,shaman,restoration,6,4,2
Toasterbread,kazzak,384,shaman,restoration,6,4,2
Hamuksha,nerathor,384,shaman,restoration,6,4,2
Eaglhex,silvermoon,384,shaman,restoration,6,4,2
Blyxuhm,argent-dawn,384,shaman,restoration,6,4,2
Waterboy,tarren-mill,384,shaman,restoration,6,4,2
Thriveqt,nemesis,384,shaman,restoration,6,4,2
Volvíc,tichondrius,384,shaman,restoration,6,4,2
Tsugu,kazzak,384,shaman,restoration,6,4,2
Prup,tarren-mill,384,shaman,restoration,6,4,2
Тимтярра,gordunni,384,shaman,restoration,6,4,2
Flùffy,nemesis,384,shaman,restoration,6,4,2
Trixsham,ragnaros,384,shaman,restoration,6,4,2
Crymemore,stormscale,384,shaman,restoration,6,4,2
Zalamlól,kazzak,384,shaman,restoration,6,4,2
Cuchullaín,blackmoore,384,shaman,restoration,6,4,2
Glóbal,sylvanas,384,shaman,restoration,6,4,2
Хотдевил,gordunni,384,shaman,restoration,6,4,2
Стамма,borean-tundra,384,shaman,restoration,6,4,2
Sakulis,ravencrest,384,shaman,restoration,6,4,2
Salsissimous,azjolnerub,384,shaman,restoration,6,4,2
Modder,ragnaros,384,shaman,restoration,6,4,2
Bluetide,ravencrest,384,shaman,restoration,6,4,2
Фредуизли,howling-fjord,384,shaman,restoration,6,4,2
Pank,kazzak,384,shaman,restoration,6,4,2
Onionz,stormreaver,384,shaman,restoration,6,4,2
Kekke,uldum,384,shaman,restoration,6,4,2
Yozgatlilan,aegwynn,384,shaman,restoration,6,4,2
Xabat,nemesis,384,shaman,restoration,6,4,2
Keräx,cthun,384,shaman,restoration,6,4,2
Grimn,burning-legion,384,shaman,restoration,6,4,2
Johnnysîns,blackhand,384,shaman,restoration,6,4,2
Снобу,gordunni,384,shaman,restoration,6,4,2
Leyliner,blackhand,384,shaman,restoration,6,4,2
Criticalx,eredar,384,shaman,restoration,15,5,10
Kuyamii,blackrock,384,shaman,restoration,12,4,8
Serasol,sylvanas,384,shaman,restoration,12,4,8
Девлиниум,fordragon,384,shaman,restoration,12,4,8
Lanze,blackrock,384,shaman,restoration,12,4,8
Vey,hyjal,384,shaman,restoration,12,4,8
Saksyl,zuljin,384,shaman,restoration,12,4,8
Bigfatjay,stormscale,384,shaman,restoration,12,4,8
Kaffekask,stormscale,384,shaman,restoration,12,4,8
Smahamtwo,stormscale,384,shaman,restoration,12,4,8
Shamdren,outland,384,shaman,restoration,12,4,8
Кайрн,gordunni,384,shaman,restoration,12,4,8
ßiggie,garona,384,shaman,restoration,12,4,8
Zyphiz,twisting-nether,384,shaman,restoration,12,4,8
Kerfo,ragnaros,384,shaman,restoration,12,4,8
Sempaihentai,draenor,384,shaman,restoration,12,4,8
Wagaluu,ravencrest,384,shaman,restoration,12,4,8
Ранняяпташка,soulflayer,384,shaman,restoration,12,4,8
Pasjeop,ravencrest,384,shaman,restoration,12,4,8
Seyfüce,archimonde,384,shaman,restoration,12,4,8
Bolg,veklor,384,shaman,restoration,12,4,8
Maluch,burning-legion,384,shaman,restoration,12,4,8
Kashnar,tarren-mill,384,shaman,restoration,12,4,8
Pyrotoad,blackmoore,384,shaman,restoration,12,4,8
Энхай,azuregos,384,shaman,restoration,12,4,8
Lavababe,blackmoore,384,shaman,restoration,12,4,8
Drakamaa,ravencrest,384,shaman,restoration,12,4,8
Joeashock,ragnaros,384,shaman,restoration,12,4,8
Iphosham,twisting-nether,384,shaman,restoration,12,4,8
Enkou,blackmoore,384,shaman,restoration,12,4,8
Porke,moonglade,384,shaman,restoration,12,4,8
Gharn,sanguino,384,shaman,restoration,12,4,8
Voodz,nathrezim,384,shaman,restoration,12,4,8
Abdegor,burning-legion,384,shaman,restoration,12,4,8
Zídané,antonidas,384,shaman,restoration,12,4,8
Tteïl,archimonde,384,shaman,restoration,12,4,8
Меготип,deathweaver,384,shaman,restoration,12,4,8
Keén,burning-legion,384,shaman,restoration,12,4,8
Archsha,burning-legion,384,shaman,restoration,12,4,8
Daklickshamy,blackmoore,384,shaman,restoration,12,4,8
Ohheck,outland,384,shaman,restoration,18,4,14
Wtbtoes,ravencrest,384,shaman,restoration,18,4,14
Bioleta,twisting-nether,384,shaman,restoration,18,4,14
Læh,archimonde,384,shaman,restoration,18,4,14
Kledorchick,twisting-nether,384,shaman,restoration,21,4,17
Frosthamer,ragnaros,383,shaman,restoration,6,4,2
Grøzel,illidan,383,shaman,restoration,6,4,2
Duodin,defias-brotherhood,383,shaman,restoration,6,4,2
Sleyvarian,chamber-of-aspects,383,shaman,restoration,12,4,8
Cisd,tarren-mill,383,shaman,restoration,12,4,8
Raiñdrops,silvermoon,382,shaman,restoration,6,4,2
Slippyjim,azshara,382,shaman,restoration,12,4,8
Koko,frostwhisper,382,shaman,restoration,12,4,8
Avatarroku,blackhand,382,shaman,restoration,12,4,8
Bunnîe,kazzak,381,shaman,restoration,12,4,8
Icytide,kazzak,378,shaman,restoration,18,7,11
Mycameltotem,ravencrest,372,shaman,restoration,26,8,18
Lillitthya,elune,363,shaman,restoration,11,4,7
Groundcslol,kazzak,351,shaman,restoration,8,5,3
Zboubii,archimonde,351,shaman,restoration,17,4,13
Katzubushi,pozzo-delleternità,345,shaman,restoration,20,5,15
Agatiø,dun-modr,330,shaman,restoration,7,5,2
Schamitwo,twisting-nether,319,shaman,restoration,5,4,1
Murog,dalaran,319,shaman,restoration,8,4,4
Abalenn,kazzak,288,shaman,restoration,6,3,3
Votie,tarren-mill,288,shaman,restoration,6,3,3
Richtigfies,kazzak,288,shaman,restoration,6,3,3
Елемчикх,gordunni,288,shaman,restoration,6,3,3
Kalinn,sylvanas,288,shaman,restoration,6,3,3
Diffrinity,tarren-mill,288,shaman,restoration,6,3,3
Shamamamin,argent-dawn,288,shaman,restoration,6,3,3
Muddy,argent-dawn,288,shaman,restoration,6,3,3
Cøkka,hyjal,288,shaman,restoration,6,3,3
Ragnesch,aegwynn,288,shaman,restoration,6,3,3
Crazywitcho,archimonde,288,shaman,restoration,6,3,3
Corlysvelary,doomhammer,288,shaman,restoration,6,3,3
Моралсидней,blackscar,288,shaman,restoration,6,3,3
Ханикс,blackscar,288,shaman,restoration,6,3,3
Blboz,grim-batol,288,shaman,restoration,6,3,3
Downiesham,kazzak,288,shaman,restoration,6,3,3
Shamatto,nemesis,288,shaman,restoration,6,3,3
Flameshock,tarren-mill,288,shaman,restoration,6,3,3
Bingo,tarren-mill,288,shaman,restoration,6,3,3
Shohmon,silvermoon,288,shaman,restoration,6,3,3
Видсон,soulflayer,288,shaman,restoration,6,3,3
Róbbàn,agamaggan,288,shaman,restoration,6,3,3
Вэллкомм,gordunni,288,shaman,restoration,6,3,3
Ticutashaman,argent-dawn,288,shaman,restoration,6,3,3
Бриз,blackscar,288,shaman,restoration,6,3,3
Кхуздуфар,blackscar,288,shaman,restoration,6,3,3
Артэкриошам,soulflayer,288,shaman,restoration,6,3,3
Toteemikylpy,argent-dawn,288,shaman,restoration,6,3,3
Ранкодин,soulflayer,288,shaman,restoration,6,3,3
Jazzcore,twisting-nether,288,shaman,restoration,6,3,3
Majinbeb,hyjal,288,shaman,restoration,6,3,3
Кураж,howling-fjord,288,shaman,restoration,6,3,3
Линчон,soulflayer,288,shaman,restoration,6,3,3
Misstremmers,outland,288,shaman,restoration,6,3,3
Гарантииный,lich-king,288,shaman,restoration,6,3,3
Cristhor,nemesis,288,shaman,restoration,6,3,3
Vaîjîn,aegwynn,288,shaman,restoration,6,3,3
Totemboyuk,tarren-mill,288,shaman,restoration,6,3,3
Wealey,drakthul,288,shaman,restoration,6,3,3
Snakeeyéss,kazzak,288,shaman,restoration,6,3,3
Ýípìÿøû,dun-modr,288,shaman,restoration,6,3,3
Tarzh,dalaran,288,shaman,restoration,6,3,3
Oldmanrena,stormscale,288,shaman,restoration,6,3,3
Bûttâ,archimonde,288,shaman,restoration,6,3,3
Tenror,ragnaros,288,shaman,restoration,6,3,3
Nohealtilt,stormscale,288,shaman,restoration,6,3,3
Rna,ragnaros,288,shaman,restoration,6,3,3
Zapyboye,grim-batol,288,shaman,restoration,6,3,3
Jäckö,archimonde,288,shaman,restoration,6,3,3
Haract,outland,288,shaman,restoration,6,3,3
Goldou,archimonde,288,shaman,restoration,6,3,3
Stibs,silvermoon,288,shaman,restoration,6,3,3
Keb,gorgonnash,288,shaman,restoration,6,3,3
Shivanea,blackrock,288,shaman,restoration,6,3,3
Stinkyfînger,draenor,288,shaman,restoration,6,3,3
Brandbombe,frostwolf,288,shaman,restoration,6,3,3
Слишкомплох,howling-fjord,288,shaman,restoration,6,3,3
Gemexi,kazzak,288,shaman,restoration,6,3,3
Rndshaman,thrall,288,shaman,restoration,6,3,3
Ønepåc,hyjal,288,shaman,restoration,6,3,3
Rkeev,blackrock,288,shaman,restoration,6,3,3
Origins,archimonde,288,shaman,restoration,6,3,3
Bandiitti,darksorrow,288,shaman,restoration,6,3,3
Chainbeef,blackmoore,288,shaman,restoration,6,3,3
Shamoobob,archimonde,288,shaman,restoration,6,3,3
Драмкул,soulflayer,288,shaman,restoration,6,3,3
Faìnt,stormscale,288,shaman,restoration,6,3,3
Balúr,thrall,288,shaman,restoration,6,3,3
Soulsh,die-ewige-wacht,288,shaman,restoration,6,3,3
Asstroy,sanguino,288,shaman,restoration,6,3,3
Kimunamatata,draenor,288,shaman,restoration,6,3,3
Oroastbeef,archimonde,288,shaman,restoration,6,3,3
Horkxina,frostmourne,288,shaman,restoration,6,3,3
Shànnón,kazzak,288,shaman,restoration,6,3,3
Bharudor,antonidas,288,shaman,restoration,6,3,3
Søljar,draenor,288,shaman,restoration,6,3,3
Ïllïïllïï,shadowsong,288,shaman,restoration,6,3,3
Eslu,blackhand,288,shaman,restoration,6,3,3
Prepegahex,blackmoore,288,shaman,restoration,6,3,3
Surge,darksorrow,288,shaman,restoration,6,3,3
Happyjuice,silvermoon,288,shaman,restoration,12,3,9
Ríleyx,twisting-nether,288,shaman,restoration,12,3,9
Shamerific,magtheridon,288,shaman,restoration,12,3,9
Kandrox,blackmoore,288,shaman,restoration,12,3,9
Madrävëngodx,ragnaros,288,shaman,restoration,12,3,9
Колбаскофф,gordunni,288,shaman,restoration,12,3,9
Thísisrestø,sanguino,288,shaman,restoration,12,3,9
Thrallotido,sanguino,288,shaman,restoration,12,3,9
Shamgott,silvermoon,288,shaman,restoration,12,3,9
Hobblefoot,stormscale,288,shaman,restoration,12,3,9
Magicflames,draenor,288,shaman,restoration,12,3,9
Flameshock,area-52,288,shaman,restoration,12,3,9
Krugx,draenor,288,shaman,restoration,12,3,9
Aboveaverage,stormscale,288,shaman,restoration,12,3,9
Mazu,spinebreaker,288,shaman,restoration,12,3,9
Nixxy,magtheridon,288,shaman,restoration,12,3,9
Lamarrus,malganis,288,shaman,restoration,12,3,9
Carthis,silvermoon,288,shaman,restoration,12,3,9
Billburr,aegwynn,288,shaman,restoration,12,3,9
Shammychris,argent-dawn,288,shaman,restoration,12,3,9
Hastabasta,sylvanas,288,shaman,restoration,12,3,9
ßasìkz,hyjal,288,shaman,restoration,12,3,9
Kuzsham,archimonde,288,shaman,restoration,12,3,9
Бэкдафакапп,blackscar,288,shaman,restoration,12,3,9
Pòcho,kazzak,288,shaman,restoration,17,3,14
Shankka,ragnaros,288,shaman,restoration,18,3,15
Áchilleus,kazzak,288,shaman,restoration,18,3,15
Oggyoggyoggy,outland,288,shaman,restoration,18,3,15
Cragouz,archimonde,288,shaman,restoration,18,3,15
Kswíss,outland,287,shaman,restoration,6,3,3
Zeiger,minahonda,287,shaman,restoration,12,3,9
Deeblu,nemesis,287,shaman,restoration,12,3,9
Rbghêâl,blackrock,287,shaman,restoration,18,3,15
Mimsy,hyjal,285,shaman,restoration,12,3,9
Shâm,kazzak,271,shaman,restoration,11,3,8
Tonda,stormscale,256,shaman,restoration,4,4,0
Localicious,ragnaros,255,shaman,restoration,11,3,8
Crazypurgeqt,arathor,255,shaman,restoration,17,3,14
Elliesham,kazzak,239,shaman,restoration,5,3,2
Brigantino,burning-legion,239,shaman,restoration,5,3,2
Tickly,blackhand,239,shaman,restoration,5,3,2
Grübxxgg,frostmane,239,shaman,restoration,11,3,8
Skoddy,blackmoore,234,shaman,restoration,8,5,3
Silden,thrall,234,shaman,restoration,10,5,5
Æxs,archimonde,234,shaman,restoration,8,4,4
Yukîmøn,hyjal,234,shaman,restoration,11,4,7
Ikó,kazzak,234,shaman,restoration,22,6,16
Lycburst,twisting-nether,192,shaman,restoration,6,2,4
Jacquisham,archimonde,192,shaman,restoration,6,2,4
Booga,tarren-mill,192,shaman,restoration,6,2,4
Herru,blackrock,192,shaman,restoration,6,2,4
Agatons,twisting-nether,192,shaman,restoration,6,2,4
Sablolix,ravencrest,192,shaman,restoration,6,2,4
Элементаликс,ashenvale,192,shaman,restoration,6,2,4
Kàji,ravencrest,192,shaman,restoration,6,2,4
Narevoqi,madmortem,192,shaman,restoration,6,2,4
Basegrandpa,ravencrest,192,shaman,restoration,6,2,4
Guccishadezz,blackmoore,192,shaman,restoration,6,2,4
Smorclelx,khadgar,192,shaman,restoration,6,2,4
Nailos,dun-modr,192,shaman,restoration,6,2,4
Ðiezz,ysondre,192,shaman,restoration,6,2,4
Reinssay,ysondre,192,shaman,restoration,6,2,4
Демианна,eversong,192,shaman,restoration,6,2,4
Jsham,blackmoore,192,shaman,restoration,6,2,4
Nuarishaman,kazzak,192,shaman,restoration,6,2,4
Lêss,ysondre,192,shaman,restoration,6,2,4
Bumbummann,blackmoore,192,shaman,restoration,6,2,4
Agorasiya,frostwolf,192,shaman,restoration,6,2,4
Dàazle,ravencrest,192,shaman,restoration,6,2,4
Chêlëx,silvermoon,192,shaman,restoration,6,2,4
Khayac,ravencrest,192,shaman,restoration,6,2,4
Doflamingo,aszune,192,shaman,restoration,6,2,4
Srøgg,archimonde,192,shaman,restoration,6,2,4
Anteja,kazzak,192,shaman,restoration,6,2,4
Hagridheals,silvermoon,192,shaman,restoration,6,2,4
Joshan,frostmourne,192,shaman,restoration,6,2,4
Cynmaticsx,kargath,192,shaman,restoration,6,2,4
Sëídhr,arathi,192,shaman,restoration,6,2,4
Тотемо,gordunni,192,shaman,restoration,6,2,4
Kfcmanagerzz,archimonde,192,shaman,restoration,6,2,4
Пучмек,gordunni,192,shaman,restoration,6,2,4
Ghanex,tarren-mill,192,shaman,restoration,6,2,4
Elektrikci,silvermoon,192,shaman,restoration,6,2,4
Bavalurst,doomhammer,192,shaman,restoration,6,2,4
Totemino,silvermoon,192,shaman,restoration,6,2,4
Zinlay,tarren-mill,192,shaman,restoration,6,2,4
Джейджона,soulflayer,192,shaman,restoration,6,2,4
Renátosz,ragnaros,192,shaman,restoration,6,2,4
Laftershamy,cthun,192,shaman,restoration,6,2,4
Pebble,blackrock,192,shaman,restoration,6,2,4
Biggucci,sylvanas,192,shaman,restoration,6,2,4
Matsish,sylvanas,192,shaman,restoration,6,2,4
Maybeyes,twisting-nether,192,shaman,restoration,6,2,4
Smightys,kazzak,192,shaman,restoration,6,2,4
Sàs,zuljin,192,shaman,restoration,6,2,4
Schmamane,blutkessel,192,shaman,restoration,6,2,4
Gevitomeraw,sylvanas,192,shaman,restoration,6,2,4
Pip,outland,192,shaman,restoration,6,2,4
Proccazu,draenor,192,shaman,restoration,6,2,4
Vyrá,onyxia,192,shaman,restoration,6,2,4
Medistød,draenor,192,shaman,restoration,6,2,4
Rhastasha,archimonde,192,shaman,restoration,6,2,4
Pûrge,tarren-mill,192,shaman,restoration,6,2,4
Hóonda,twisting-nether,192,shaman,restoration,6,2,4
Pumanii,silvermoon,192,shaman,restoration,6,2,4
Naneunsanai,jaedenar,192,shaman,restoration,6,2,4
Wåe,outland,192,shaman,restoration,6,2,4
Fuchserl,aegwynn,192,shaman,restoration,6,2,4
Oladoda,archimonde,192,shaman,restoration,6,2,4
Lausimhaus,blackrock,192,shaman,restoration,6,2,4
Боргирх,soulflayer,192,shaman,restoration,6,2,4
Southpaw,kult-der-verdammten,192,shaman,restoration,6,2,4
Berascendz,argent-dawn,192,shaman,restoration,6,2,4
Hìrnfrost,blackrock,192,shaman,restoration,6,2,4
Kuxoriu,stormscale,192,shaman,restoration,6,2,4
Palarins,dalaran,192,shaman,restoration,6,2,4
Shupp,stormscale,192,shaman,restoration,6,2,4
Урахарочка,soulflayer,192,shaman,restoration,6,2,4
Wahya,stormscale,192,shaman,restoration,6,2,4
Ludiböris,kazzak,192,shaman,restoration,6,2,4
Lexus,nordrassil,192,shaman,restoration,6,2,4
Iziisham,outland,192,shaman,restoration,6,2,4
Noxl,gorgonnash,192,shaman,restoration,6,2,4
Imbahlink,draenor,192,shaman,restoration,6,2,4
Rihi,twisting-nether,192,shaman,restoration,6,2,4
Baboss,blutkessel,192,shaman,restoration,6,2,4
Nassîî,blackhand,192,shaman,restoration,6,2,4
Mikhey,archimonde,192,shaman,restoration,6,2,4
Voodude,blackrock,192,shaman,restoration,6,2,4
Kevox,malganis,192,shaman,restoration,6,2,4
Kossborax,blackhand,192,shaman,restoration,6,2,4
Ninffø,dun-modr,192,shaman,restoration,20,4,16
Otuschsham,blackmoore,192,shaman,restoration,12,2,10
Fatflop,sylvanas,192,shaman,restoration,12,2,10
Jkoreanx,archimonde,192,shaman,restoration,12,2,10
Soyun,frostwhisper,192,shaman,restoration,12,2,10
Saarroo,ravencrest,192,shaman,restoration,12,2,10
Masham,darkspear,192,shaman,restoration,12,2,10
Muntark,thrall,192,shaman,restoration,12,2,10
Ozzlac,thrall,192,shaman,restoration,12,2,10
Zeltron,grim-batol,192,shaman,restoration,12,2,10
Samisu,blackmoore,192,shaman,restoration,12,2,10
Gïzmö,tarren-mill,192,shaman,restoration,12,2,10
Epicoverlord,tarren-mill,192,shaman,restoration,12,2,10
Cptnkirby,malganis,192,shaman,restoration,12,2,10
Zënga,kazzak,192,shaman,restoration,12,2,10
Ezpz,frostmourne,192,shaman,restoration,12,2,10
Nuekx,sanguino,192,shaman,restoration,12,2,10
Ekxr,kazzak,192,shaman,restoration,12,2,10
Zarschu,burning-legion,192,shaman,restoration,12,2,10
Wuchtzwerg,terrordar,192,shaman,restoration,18,2,16
Kanuw,kilrogg,191,shaman,restoration,6,2,4
Valuriya,blackhand,191,shaman,restoration,6,2,4
Koothe,dun-modr,191,shaman,restoration,6,2,4
Jøw,dun-modr,191,shaman,restoration,6,2,4
Geishablue,defias-brotherhood,191,shaman,restoration,12,2,10
Penumbrah,kazzak,191,shaman,restoration,26,2,24
Андумиэль,soulflayer,190,shaman,restoration,12,2,10
Krootox,sunstrider,170,shaman,restoration,18,4,14
Zhangliyi,ravencrest,169,shaman,restoration,9,5,4
Ghafo,norgannon,159,shaman,restoration,5,2,3
Marrakei,aegwynn,159,shaman,restoration,11,2,9
Nockedly,ragnaros,144,shaman,restoration,9,3,6
Jecastyle,sanguino,138,shaman,restoration,8,3,5
Ruzgork,nerzhul,138,shaman,restoration,9,3,6
Mcgrêgor,aegwynn,138,shaman,restoration,15,4,11
Volstorm,ysondre,138,shaman,restoration,12,3,9
Elunaxcc,eredar,137,shaman,restoration,11,4,7
Cardenus,los-errantes,137,shaman,restoration,15,3,12
Belldandý,archimonde,128,shaman,restoration,4,2,2
Shamaray,stormscale,127,shaman,restoration,8,2,6
Cptcutíe,antonidas,96,shaman,restoration,6,1,5
Nashashuk,runetotem,96,shaman,restoration,6,1,5
Hotstorm,bronzebeard,96,shaman,restoration,6,1,5
Cy,aszune,96,shaman,restoration,6,1,5
Dvrg,antonidas,96,shaman,restoration,6,1,5
Swepx,ravencrest,96,shaman,restoration,6,1,5
Cupído,malganis,96,shaman,restoration,6,1,5
Elchivo,blackrock,96,shaman,restoration,6,1,5
Anieszka,malganis,96,shaman,restoration,6,1,5
Dälon,thrall,96,shaman,restoration,6,1,5
Smorcxx,kazzak,96,shaman,restoration,6,1,5
Greenbo,burning-blade,96,shaman,restoration,6,1,5
Aguero,aegwynn,96,shaman,restoration,6,1,5
Kimpa,minahonda,96,shaman,restoration,6,1,5
Bullit,zuljin,96,shaman,restoration,6,1,5
Сатангодхх,howling-fjord,96,shaman,restoration,6,1,5
Shoar,twisting-nether,96,shaman,restoration,6,1,5
Try,zuluhed,96,shaman,restoration,6,1,5
Lunarsloth,hyjal,96,shaman,restoration,6,1,5
Clearwaters,tarren-mill,96,shaman,restoration,6,1,5
Diabolous,drakthul,96,shaman,restoration,6,1,5
Zethh,antonidas,96,shaman,restoration,6,1,5
Ibicc,twisting-nether,96,shaman,restoration,6,1,5
Jeezy,blackhand,96,shaman,restoration,6,1,5
Cirøsham,ravencrest,96,shaman,restoration,6,1,5
Касьянкочка,blackscar,96,shaman,restoration,6,1,5
Reflux,outland,96,shaman,restoration,6,1,5
Rahuna,darksorrow,96,shaman,restoration,6,1,5
Garulf,twisting-nether,96,shaman,restoration,6,1,5
Moonlanced,aegwynn,96,shaman,restoration,6,1,5
Darkstrong,alakir,96,shaman,restoration,6,1,5
Tinyboiler,stormscale,96,shaman,restoration,6,1,5
Таззикшок,soulflayer,96,shaman,restoration,6,1,5
Fuchifu,eredar,96,shaman,restoration,6,1,5
Geifmeat,kazzak,96,shaman,restoration,6,1,5
Eclaîr,thrall,96,shaman,restoration,6,1,5
Chênoya,blackrock,96,shaman,restoration,6,1,5
Xoxoheal,eredar,96,shaman,restoration,6,1,5
Shammynox,draenor,96,shaman,restoration,6,1,5
Sërka,cthun,96,shaman,restoration,6,1,5
Zimzalabling,kazzak,96,shaman,restoration,6,1,5
Efdemin,blackmoore,96,shaman,restoration,6,1,5
Ниарата,greymane,96,shaman,restoration,6,1,5
Jaeslin,tarren-mill,96,shaman,restoration,6,1,5
Trymytotems,drakthul,96,shaman,restoration,6,1,5
Фистинктотем,soulflayer,96,shaman,restoration,6,1,5
Ulfuz,silvermoon,96,shaman,restoration,6,1,5
Jawoburst,antonidas,96,shaman,restoration,6,1,5
Proxjj,stormscale,96,shaman,restoration,6,1,5
Yuimhi,sanguino,96,shaman,restoration,7,1,6
Freeleys,silvermoon,96,shaman,restoration,12,1,11
Anstra,colinas-pardas,96,shaman,restoration,12,1,11
Ikeaboy,eredar,96,shaman,restoration,12,1,11
Porre,zuljin,96,shaman,restoration,12,1,11
Theodorix,silvermoon,96,shaman,restoration,12,1,11
Tiamât,culte-de-la-rive-noire,96,shaman,restoration,12,1,11
Akuha,dun-modr,96,shaman,restoration,12,1,11
Chunkss,argent-dawn,96,shaman,restoration,12,1,11
Nizty,tarren-mill,96,shaman,restoration,12,1,11
Íss,cthun,96,shaman,restoration,12,1,11
Hugzy,argent-dawn,96,shaman,restoration,12,1,11
Kvelertak,guldan,96,shaman,restoration,18,1,17
Hairball,turalyon,95,shaman,restoration,6,2,4
Twotwozero,defias-brotherhood,95,shaman,restoration,6,1,5
Taiki,sylvanas,90,shaman,restoration,13,4,9
Jamienisme,ravencrest,79,shaman,restoration,5,1,4
Bursthand,sanguino,79,shaman,restoration,11,1,10
Rookwave,eredar,64,shaman,restoration,4,1,3
Destrosoul,kazzak,64,shaman,restoration,4,1,3
Nowái,tarren-mill,64,shaman,restoration,4,1,3
Drê,daggerspine,64,shaman,restoration,4,1,3
Zourhia,garona,48,shaman,restoration,3,1,2
Ånný,blackmoore,42,shaman,restoration,11,3,8
Oyuun,rajaxx,42,shaman,restoration,11,3,8
Icanbreathe,ravencrest,42,shaman,restoration,9,2,7
Pandatrials,turalyon,42,shaman,restoration,10,2,8
Strikerz,aggra-português,42,shaman,restoration,11,2,9
Shammez,ravencrest,42,shaman,restoration,11,2,9
Drøgøs,dun-modr,42,shaman,restoration,12,2,10
Etabeta,shattered-hand,31,shaman,restoration,2,1,1
Rngo,blackrock,2366,shaman,elemental,120,73,47
Silden,thrall,2303,shaman,elemental,121,72,49
Rungõo,blackrock,2288,shaman,elemental,138,83,55
Reibanit,twisting-nether,2284,shaman,elemental,147,86,61
Shiggenbasta,kazzak,2255,shaman,elemental,90,52,38
Proccit,blackrock,2226,shaman,elemental,90,50,40
Ghostwolfgg,archimonde,2223,shaman,elemental,97,54,43
Drshock,blackmoore,2220,shaman,elemental,107,56,51
Mcmxcvi,ravencrest,2216,shaman,elemental,107,65,42
Eupra,archimonde,2215,shaman,elemental,108,57,51
Маигваза,soulflayer,2198,shaman,elemental,66,46,20
Lavaole,blackrock,2185,shaman,elemental,78,42,36
Connecting,hyjal,2171,shaman,elemental,108,56,52
Bärtigeberta,aegwynn,2170,shaman,elemental,102,54,48
Tommybanger,kazzak,2158,shaman,elemental,75,49,26
Shamanazor,twisting-nether,2153,shaman,elemental,66,41,25
Lexila,doomhammer,2148,shaman,elemental,305,165,140
Baldcreep,blackrock,2147,shaman,elemental,54,35,19
Space,stormscale,2144,shaman,elemental,126,66,60
Trickful,kazzak,2136,shaman,elemental,60,42,18
Edshearen,stormscale,2127,shaman,elemental,68,42,26
Blyatifulday,malganis,2127,shaman,elemental,96,53,43
Theglue,kilrogg,2124,shaman,elemental,60,36,24
Matmodir,hyjal,2119,shaman,elemental,96,48,48
Guzzelinare,tarren-mill,2115,shaman,elemental,48,30,18
Smorchamp,sanguino,2110,shaman,elemental,84,44,40
Uselesslaso,sanguino,2107,shaman,elemental,111,55,56
Langedinho,stormscale,2091,shaman,elemental,108,57,51
Båkka,ysondre,2074,shaman,elemental,54,32,22
Pleasehealme,ravencrest,2067,shaman,elemental,42,33,9
Autopanne,malganis,2058,shaman,elemental,72,43,29
Woof,culte-de-la-rive-noire,2037,shaman,elemental,60,32,28
Lavayoshi,kazzak,2026,shaman,elemental,72,48,24
Mjorè,twisting-nether,2025,shaman,elemental,97,51,46
Wisplol,ravencrest,2019,shaman,elemental,213,109,104
Nyed,hyjal,2013,shaman,elemental,60,33,27
Eyi,ambossar,2005,shaman,elemental,92,50,42
Agrero,auchindoun,2004,shaman,elemental,72,39,33
Punished,blackrock,2000,shaman,elemental,107,62,45
Rottulos,stormrage,2000,shaman,elemental,60,33,27
Ìløvêxÿú,ravencrest,1997,shaman,elemental,66,38,28
Nokster,twisting-nether,1986,shaman,elemental,74,49,25
Ryysham,ravencrest,1986,shaman,elemental,81,46,35
Kärríegold,blackrock,1986,shaman,elemental,273,145,128
Onceinalife,ambossar,1978,shaman,elemental,155,83,72
Euprâ,archimonde,1964,shaman,elemental,53,31,22
Haumx,blackrock,1964,shaman,elemental,90,46,44
Jelvin,tarren-mill,1963,shaman,elemental,84,43,41
Houmpf,hyjal,1962,shaman,elemental,60,33,27
Pipousham,blackhand,1954,shaman,elemental,47,26,21
Pheazka,outland,1950,shaman,elemental,71,37,34
Valgø,twisting-nether,1944,shaman,elemental,163,98,65
Kenaz,outland,1943,shaman,elemental,55,29,26
Starelement,draenor,1938,shaman,elemental,66,30,36
Mèåtbåll,ravencrest,1935,shaman,elemental,59,36,23
Élé,twisting-nether,1933,shaman,elemental,60,36,24
Nekhros,sargeras,1931,shaman,elemental,193,104,89
Teslashock,outland,1929,shaman,elemental,48,29,19
Blackyx,cthun,1921,shaman,elemental,54,35,19
Suldaro,aegwynn,1913,shaman,elemental,67,36,31
Owrly,stormscale,1913,shaman,elemental,108,56,52
Çð,ravencrest,1909,shaman,elemental,36,20,16
Matmonai,hyjal,1908,shaman,elemental,72,34,38
Jøhnwick,ysondre,1901,shaman,elemental,54,27,27
Raintlordx,twisting-nether,1894,shaman,elemental,30,25,5
Thyeori,stormscale,1893,shaman,elemental,48,24,24
Jøhnnwick,archimonde,1891,shaman,elemental,59,32,27
Totemlié,ravencrest,1887,shaman,elemental,42,27,15
Elegodx,ravencrest,1885,shaman,elemental,59,34,25
Healyoa,blackmoore,1882,shaman,elemental,189,95,94
Satisfya,ambossar,1881,shaman,elemental,268,137,131
Gungo,deathwing,1880,shaman,elemental,36,20,16
Midgetnatty,ravencrest,1878,shaman,elemental,59,34,25
Obryss,tarren-mill,1876,shaman,elemental,36,20,16
Psyku,outland,1875,shaman,elemental,42,20,22
Nevershearx,blackrock,1873,shaman,elemental,48,25,23
Iavalavalava,tarren-mill,1871,shaman,elemental,54,25,29
Хеллбат,howling-fjord,1869,shaman,elemental,36,24,12
Pxsquals,ravencrest,1867,shaman,elemental,60,36,24
Cïgänää,archimonde,1862,shaman,elemental,44,26,18
Monsuunibaba,tarren-mill,1861,shaman,elemental,57,31,26
Borbor,argent-dawn,1858,shaman,elemental,46,23,23
Flanax,hyjal,1852,shaman,elemental,78,44,34
Tellý,blackmoore,1846,shaman,elemental,53,31,22
Eppîx,lightnings-blade,1844,shaman,elemental,58,29,29
Georgewhat,defias-brotherhood,1843,shaman,elemental,75,39,36
Sajma,silvermoon,1842,shaman,elemental,57,40,17
Eledelede,blackhand,1842,shaman,elemental,54,30,24
Tasoro,sanguino,1840,shaman,elemental,71,34,37
Paulbaniel,alonsus,1837,shaman,elemental,66,32,34
Doyah,eredar,1834,shaman,elemental,54,33,21
Bambustic,kazzak,1833,shaman,elemental,41,25,16
Dräpàrn,sylvanas,1833,shaman,elemental,60,32,28
Crazyshaman,ravencrest,1829,shaman,elemental,53,26,27
Hugebuttman,silvermoon,1829,shaman,elemental,78,37,41
Slogic,tarren-mill,1828,shaman,elemental,71,34,37
Crespó,alakir,1827,shaman,elemental,54,25,29
Transcendent,malorne,1826,shaman,elemental,84,63,21
Sourens,twisting-nether,1826,shaman,elemental,92,48,44
Kæzx,blackrock,1822,shaman,elemental,78,45,33
Ejx,arthas,1821,shaman,elemental,52,30,22
Novoz,ysondre,1819,shaman,elemental,59,31,28
Raknoxye,blackrock,1816,shaman,elemental,36,28,8
Murdá,ravencrest,1815,shaman,elemental,60,29,31
Achtungblitz,blackrock,1813,shaman,elemental,42,33,9
Штормкрашер,howling-fjord,1810,shaman,elemental,48,30,18
Chamel,draenor,1808,shaman,elemental,30,19,11
Kailash,defias-brotherhood,1808,shaman,elemental,54,26,28
Faridstreng,blackmoore,1807,shaman,elemental,60,39,21
Smorclelx,khadgar,1807,shaman,elemental,158,83,75
Nykhara,sanguino,1805,shaman,elemental,54,30,24
Barbarra,stormscale,1802,shaman,elemental,54,28,26
Lianitus,tarren-mill,1802,shaman,elemental,58,30,28
Burstraze,tarren-mill,1801,shaman,elemental,58,32,26
Spajry,drakthul,1800,shaman,elemental,48,32,16
Nalaadu,stormscale,1800,shaman,elemental,42,26,16
Psÿkz,kazzak,1790,shaman,elemental,57,25,32
Инимал,deathweaver,1788,shaman,elemental,30,19,11
ßakingsoda,tarren-mill,1788,shaman,elemental,48,30,18
Lavaproc,burning-legion,1787,shaman,elemental,42,25,17
Pitsamestari,frostmane,1780,shaman,elemental,122,68,54
Djlavaburst,malganis,1776,shaman,elemental,245,122,123
Naskezz,kazzak,1776,shaman,elemental,89,42,47
Suirz,dun-modr,1774,shaman,elemental,59,40,19
Anqe,twisting-nether,1772,shaman,elemental,78,39,39
Zaledria,argent-dawn,1770,shaman,elemental,54,35,19
Fabslx,archimonde,1769,shaman,elemental,99,43,56
Hothand,thrall,1764,shaman,elemental,42,21,21
Volcanò,outland,1763,shaman,elemental,193,95,98
Bûsta,ravencrest,1754,shaman,elemental,36,19,17
Шумноватт,howling-fjord,1753,shaman,elemental,48,23,25
Voydetesto,sanguino,1753,shaman,elemental,84,39,45
Lilmarco,stormreaver,1751,shaman,elemental,60,28,32
Rungozvs,blackrock,1745,shaman,elemental,42,25,17
Earthhulk,thrall,1739,shaman,elemental,42,27,15
Earthtjockis,ragnaros,1739,shaman,elemental,41,20,21
Prêxy,kazzak,1737,shaman,elemental,49,22,27
Карбонатрикс,soulflayer,1736,shaman,elemental,53,30,23
Vivaldi,varimathras,1730,shaman,elemental,60,28,32
Mezzoblu,sanguino,1729,shaman,elemental,192,103,89
Ungabungha,stormscale,1728,shaman,elemental,145,82,63
Hanatopikeur,grim-batol,1728,shaman,elemental,35,19,16
Mishoshamana,tarren-mill,1725,shaman,elemental,48,30,18
Matmons,hyjal,1721,shaman,elemental,37,18,19
Seriux,twisting-nether,1717,shaman,elemental,54,36,18
Jamzyshaman,emerald-dream,1713,shaman,elemental,30,19,11
Totemlyhot,blackrock,1713,shaman,elemental,48,28,20
Nyzo,tarren-mill,1711,shaman,elemental,36,18,18
Nöyrä,argent-dawn,1710,shaman,elemental,36,25,11
Xtremeshaman,blackmoore,1709,shaman,elemental,24,18,6
Дашажмихекс,howling-fjord,1704,shaman,elemental,42,24,18
Чойсе,deathguard,1704,shaman,elemental,102,50,52
Lantbruk,twisting-nether,1703,shaman,elemental,49,28,21
Farùk,ravencrest,1701,shaman,elemental,39,24,15
Obesisham,outland,1699,shaman,elemental,60,24,36
Vanrake,ravencrest,1697,shaman,elemental,103,60,43
Lavatherapy,grim-batol,1689,shaman,elemental,66,37,29
Braíntas,norgannon,1686,shaman,elemental,84,39,45
Ogrodi,burning-legion,1685,shaman,elemental,54,31,23
Ðreamz,kaelthas,1685,shaman,elemental,48,23,25
Chênoya,blackrock,1684,shaman,elemental,73,30,43
Sáàd,ravencrest,1681,shaman,elemental,42,20,22
Kohnân,hyjal,1676,shaman,elemental,66,33,33
Xorron,archimonde,1674,shaman,elemental,119,55,64
Zest,hyjal,1672,shaman,elemental,53,26,27
Xelphia,frostmane,1670,shaman,elemental,53,22,31
Milotem,ysondre,1669,shaman,elemental,48,26,22
Naorgot,uldaman,1669,shaman,elemental,96,44,52
Козаностро,howling-fjord,1668,shaman,elemental,30,19,11
Regnever,draenor,1667,shaman,elemental,125,53,72
Stickix,malganis,1666,shaman,elemental,36,23,13
Esal,blackrock,1665,shaman,elemental,31,21,10
Smashz,stormscale,1661,shaman,elemental,81,44,37
Elrayitos,shendralar,1659,shaman,elemental,114,63,51
Wylly,aegwynn,1659,shaman,elemental,120,64,56
Daemp,draenor,1658,shaman,elemental,24,18,6
Agreró,auchindoun,1658,shaman,elemental,27,19,8
Solosüper,ravencrest,1657,shaman,elemental,48,24,24
Kapïtão,aggra-português,1656,shaman,elemental,48,27,21
Lavalava,blackmoore,1656,shaman,elemental,60,33,27
Мэморисс,gordunni,1652,shaman,elemental,44,23,21
Hotsincezero,archimonde,1651,shaman,elemental,53,36,17
Deeck,ravencrest,1651,shaman,elemental,83,53,30
Malybou,ysondre,1651,shaman,elemental,36,18,18
Электро,thermaplugg,1648,shaman,elemental,47,24,23
Sunsong,twisting-nether,1642,shaman,elemental,54,30,24
Axahavregryn,kazzak,1640,shaman,elemental,66,40,26
Urshak,alleria,1639,shaman,elemental,36,24,12
Zaarok,voljin,1639,shaman,elemental,91,41,50
Liluzivert,mannoroth,1638,shaman,elemental,77,40,37
Targoel,blackmoore,1638,shaman,elemental,73,35,38
Reignisover,silvermoon,1637,shaman,elemental,51,32,19
Кирагаз,gordunni,1637,shaman,elemental,64,32,32
Dakyele,ravencrest,1636,shaman,elemental,35,20,15
Thorleíf,silvermoon,1636,shaman,elemental,90,42,48
Wàve,stormscale,1633,shaman,elemental,42,21,21
Proccq,twisting-nether,1632,shaman,elemental,34,18,16
Tteïl,archimonde,1629,shaman,elemental,54,30,24
Rrtyui,twisting-nether,1628,shaman,elemental,30,17,13
Shåmssagat,kazzak,1627,shaman,elemental,36,17,19
Huyø,stormscale,1625,shaman,elemental,90,40,50
Davinshhe,kazzak,1623,shaman,elemental,48,21,27
Testpapi,twisting-nether,1618,shaman,elemental,75,42,33
Microb,blackmoore,1617,shaman,elemental,54,29,25
Zengã,kazzak,1616,shaman,elemental,59,24,35
Vamali,draenor,1614,shaman,elemental,48,23,25
Basiletta,hyjal,1613,shaman,elemental,49,34,15
Bigfrigid,outland,1613,shaman,elemental,48,23,25
Ânuk,blackrock,1612,shaman,elemental,162,78,84
Ангустиа,galakrond,1610,shaman,elemental,29,20,9
Kemurus,kazzak,1610,shaman,elemental,77,42,35
Афтршок,soulflayer,1610,shaman,elemental,45,22,23
Oneßuttøn,ravencrest,1609,shaman,elemental,42,20,22
Кислаябуба,howling-fjord,1606,shaman,elemental,36,17,19
Aviciix,sanguino,1605,shaman,elemental,84,36,48
Drainergødx,ragnaros,1604,shaman,elemental,54,29,25
Vorteas,burning-blade,1603,shaman,elemental,36,20,16
Chinozukems,sanguino,1602,shaman,elemental,36,20,16
Mcbloob,kazzak,1602,shaman,elemental,70,36,34
Adamyo,stormscale,1598,shaman,elemental,36,17,19
Thriveqt,nemesis,1598,shaman,elemental,48,19,29
Murmelï,stormreaver,1597,shaman,elemental,24,18,6
Neotrax,outland,1597,shaman,elemental,78,41,37
Elektron,malganis,1597,shaman,elemental,90,46,44
Jâydizzle,draenor,1594,shaman,elemental,101,42,59
Shamatto,nemesis,1593,shaman,elemental,58,37,21
Løun,archimonde,1588,shaman,elemental,66,36,30
Zðhan,azshara,1586,shaman,elemental,55,27,28
Гудлаик,soulflayer,1584,shaman,elemental,58,32,26
Essneces,burning-legion,1583,shaman,elemental,42,23,19
Porthex,kazzak,1582,shaman,elemental,30,18,12
Kankxx,stormscale,1580,shaman,elemental,30,18,12
Мистеркутёж,gordunni,1580,shaman,elemental,88,46,42
Sházz,dun-modr,1578,shaman,elemental,41,21,20
Anøüchkä,ysondre,1575,shaman,elemental,48,24,24
Shibol,ravencrest,1575,shaman,elemental,55,26,29
Brugdar,tarren-mill,1574,shaman,elemental,30,22,8
Shammyammy,tarren-mill,1574,shaman,elemental,111,61,50
Twiva,silvermoon,1572,shaman,elemental,76,45,31
Blízzilassø,malygos,1572,shaman,elemental,179,93,86
Ezala,blackhand,1571,shaman,elemental,48,26,22
Haasshaman,ravencrest,1568,shaman,elemental,109,47,62
Гивми,blackscar,1567,shaman,elemental,40,21,19
Касикандрэра,soulflayer,1565,shaman,elemental,238,127,111
Robofat,ravencrest,1564,shaman,elemental,36,21,15
Magnetoe,ravencrest,1564,shaman,elemental,105,57,48
Тессельхоф,howling-fjord,1564,shaman,elemental,46,23,23
Зэстус,soulflayer,1559,shaman,elemental,42,22,20
Òoòoòoòoòoòo,silvermoon,1559,shaman,elemental,54,24,30
Shocknrun,sylvanas,1559,shaman,elemental,42,18,24
Harod,suramar,1558,shaman,elemental,66,34,32
Hapkin,defias-brotherhood,1558,shaman,elemental,54,27,27
Gammeldunder,shattered-hand,1558,shaman,elemental,47,19,28
Canjo,aegwynn,1557,shaman,elemental,69,36,33
Ryhèn,stormscale,1554,shaman,elemental,30,19,11
Zoomar,tarren-mill,1554,shaman,elemental,48,22,26
Naphe,ysondre,1550,shaman,elemental,47,20,27
Jímmy,frostwhisper,1548,shaman,elemental,54,34,20
Fattmorte,hyjal,1547,shaman,elemental,27,19,8
Waaghbozz,eredar,1547,shaman,elemental,66,38,28
Nachtary,blackmoore,1544,shaman,elemental,59,32,27
Incredibade,stormscale,1542,shaman,elemental,36,20,16
Acces,stormscale,1541,shaman,elemental,36,23,13
Rennji,argent-dawn,1540,shaman,elemental,48,24,24
Batan,kazzak,1535,shaman,elemental,71,31,40
Kilazz,twisting-nether,1531,shaman,elemental,30,16,14
Yiiro,argent-dawn,1529,shaman,elemental,30,16,14
Feetenjoyerx,kazzak,1529,shaman,elemental,30,16,14
Gúîtårgøð,sanguino,1529,shaman,elemental,36,17,19
Johncoltrane,archimonde,1525,shaman,elemental,24,18,6
Valunii,lordaeron,1525,shaman,elemental,237,113,124
Starpior,stormscale,1522,shaman,elemental,39,17,22
Ласара,eversong,1520,shaman,elemental,42,18,24
Máui,korgall,1518,shaman,elemental,96,49,47
Mariomental,draenor,1517,shaman,elemental,36,16,20
Fúth,ysondre,1516,shaman,elemental,52,28,24
Pórçé,shattered-hand,1515,shaman,elemental,125,70,55
Zna,archimonde,1513,shaman,elemental,94,48,46
Belsazar,frostwolf,1511,shaman,elemental,48,20,28
Muscade,silvermoon,1506,shaman,elemental,24,16,8
Grende,sylvanas,1506,shaman,elemental,39,21,18
Тыщатристах,howling-fjord,1505,shaman,elemental,56,38,18
Милфшама,blackscar,1505,shaman,elemental,35,17,18
Sgf,stormscale,1504,shaman,elemental,65,36,29
Mö,ragnaros,1501,shaman,elemental,159,90,69
Дестройбэйби,gordunni,1500,shaman,elemental,96,54,42
Cracklord,outland,1496,shaman,elemental,36,21,15
Naturexz,silvermoon,1495,shaman,elemental,32,18,14
Voltyum,zuljin,1490,shaman,elemental,93,38,55
Думсия,gordunni,1489,shaman,elemental,48,23,25
Alèks,forscherliga,1487,shaman,elemental,98,60,38
Ulfax,argent-dawn,1487,shaman,elemental,54,24,30
Hotis,onyxia,1487,shaman,elemental,54,21,33
Shaakez,kazzak,1476,shaman,elemental,35,17,18
Couldar,stormscale,1468,shaman,elemental,30,20,10
Ralokar,blackrock,1465,shaman,elemental,48,25,23
Хэйзл,ashenvale,1463,shaman,elemental,74,39,35
Vulcainn,marécage-de-zangar,1460,shaman,elemental,105,68,37
Bigrambo,draenor,1460,shaman,elemental,41,20,21
Teccatwo,outland,1458,shaman,elemental,52,28,24
Гексанол,soulflayer,1457,shaman,elemental,58,30,28
Шамвкроксах,gordunni,1456,shaman,elemental,36,19,17
Mikecrybaby,tarren-mill,1454,shaman,elemental,36,16,20
Тмх,ashenvale,1453,shaman,elemental,52,27,25
Alwaysangry,silvermoon,1453,shaman,elemental,84,41,43
Cloony,khaz-modan,1452,shaman,elemental,21,16,5
Aureo,dun-modr,1452,shaman,elemental,28,16,12
Sniffix,ysondre,1452,shaman,elemental,133,64,69
Kirak,anetheron,1449,shaman,elemental,156,82,74
Томёрк,gordunni,1448,shaman,elemental,118,55,63
Dzielnysham,silvermoon,1447,shaman,elemental,30,18,12
Faydasizsham,twisting-nether,1440,shaman,elemental,58,30,28
Hemradi,blackmoore,1438,shaman,elemental,48,28,20
Экслайнер,deathweaver,1438,shaman,elemental,47,19,28
Lafia,blackrock,1438,shaman,elemental,78,30,48
Baarona,neptulon,1434,shaman,elemental,27,17,10
Thëtis,chogall,1434,shaman,elemental,28,16,12
Ædshearan,blackmoore,1434,shaman,elemental,60,30,30
Jacklupin,ravencrest,1434,shaman,elemental,30,15,15
Ашьф,gordunni,1433,shaman,elemental,39,17,22
Rekhtar,burning-legion,1430,shaman,elemental,145,81,64
Nëllaqt,archimonde,1430,shaman,elemental,30,15,15
Skrbkic,tarren-mill,1429,shaman,elemental,91,48,43
Amanishama,twisting-nether,1426,shaman,elemental,84,46,38
Aspên,archimonde,1426,shaman,elemental,30,15,15
Aylar,zenedar,1424,shaman,elemental,24,15,9
Ogkûshgödx,sylvanas,1423,shaman,elemental,24,15,9
Lêmberger,eredar,1422,shaman,elemental,36,19,17
Лартисс,howling-fjord,1417,shaman,elemental,30,15,15
Xesti,twisting-nether,1414,shaman,elemental,75,39,36
Sojee,ysondre,1414,shaman,elemental,42,20,22
Elemefayo,outland,1410,shaman,elemental,54,28,26
Tvådje,silvermoon,1407,shaman,elemental,29,16,13
Gorpdorp,ravencrest,1405,shaman,elemental,164,84,80
Flubberman,blackrock,1402,shaman,elemental,33,18,15
Støya,archimonde,1400,shaman,elemental,48,18,30
Athul,theradras,1399,shaman,elemental,49,24,25
Ðãvê,veknilash,1399,shaman,elemental,42,17,25
Kimpa,minahonda,1393,shaman,elemental,78,44,34
Torouk,rashgarroth,1393,shaman,elemental,30,16,14
Rharhahra,archimonde,1393,shaman,elemental,66,23,43
Сепич,gordunni,1389,shaman,elemental,54,32,22
Dawzed,hyjal,1388,shaman,elemental,30,17,13
Furrymane,blackmoore,1382,shaman,elemental,51,27,24
Whome,aegwynn,1377,shaman,elemental,36,19,17
Rohknar,ragnaros,1374,shaman,elemental,30,17,13
Fakehex,blackrock,1370,shaman,elemental,30,15,15
Alfang,turalyon,1369,shaman,elemental,75,35,40
Xhahal,hyjal,1364,shaman,elemental,30,21,9
Chøurøx,hyjal,1358,shaman,elemental,37,21,16
Rakzhaza,blackmoore,1351,shaman,elemental,36,18,18
Sunraiser,blackmoore,1349,shaman,elemental,67,36,31
Screwz,archimonde,1348,shaman,elemental,73,36,37
Tempest,kul-tiras,1346,shaman,elemental,41,23,18
Blancc,kazzak,1346,shaman,elemental,84,47,37
Nowmack,archimonde,1343,shaman,elemental,18,14,4
Tâsty,blackmoore,1343,shaman,elemental,24,14,10
Volhalo,blackmoore,1343,shaman,elemental,24,14,10
Херург,soulflayer,1342,shaman,elemental,30,14,16
Élémentyum,archimonde,1342,shaman,elemental,48,22,26
Dretch,dun-morogh,1341,shaman,elemental,30,14,16
Horizons,the-maelstrom,1338,shaman,elemental,24,14,10
Флоррэт,gordunni,1338,shaman,elemental,126,57,69
Sshaasam,tarren-mill,1337,shaman,elemental,24,14,10
Альтегро,blackscar,1337,shaman,elemental,55,29,26
Ríleyx,twisting-nether,1335,shaman,elemental,71,44,27
Fâro,dun-modr,1335,shaman,elemental,41,18,23
Procc,nordrassil,1334,shaman,elemental,24,14,10
Сосмыслом,howling-fjord,1334,shaman,elemental,42,18,24
Raigetsu,kazzak,1330,shaman,elemental,50,27,23
Saqerr,kazzak,1330,shaman,elemental,53,20,33
Olawizard,draenor,1328,shaman,elemental,49,22,27
Nerekiclej,ravencrest,1327,shaman,elemental,47,23,24
Voymir,kazzak,1323,shaman,elemental,24,15,9
Novka,eredar,1322,shaman,elemental,29,15,14
Smort,frostwolf,1320,shaman,elemental,30,14,16
Anubisll,hyjal,1318,shaman,elemental,24,14,10
Талиесин,grom,1317,shaman,elemental,32,19,13
Carusø,thrall,1315,shaman,elemental,55,34,21
Bâllz,anetheron,1314,shaman,elemental,54,23,31
Doneteasy,blackrock,1310,shaman,elemental,52,24,28
Oldaang,ravencrest,1308,shaman,elemental,18,14,4
Lechirurgien,elune,1307,shaman,elemental,144,73,71
Lavamann,blackmoore,1295,shaman,elemental,42,20,22
Elshifotrem,throkferoth,1293,shaman,elemental,58,31,27
Dropdattotem,stormscale,1292,shaman,elemental,54,23,31
Griins,ravencrest,1289,shaman,elemental,36,20,16
Aldonatello,blackrock,1287,shaman,elemental,40,21,19
Hatyatya,ragnaros,1284,shaman,elemental,30,16,14
Крто,thermaplugg,1280,shaman,elemental,137,73,64
Snusyy,ravencrest,1279,shaman,elemental,26,14,12
Xfiles,garona,1278,shaman,elemental,48,24,24
Onlyfansmod,uldum,1278,shaman,elemental,65,28,37
Tiqle,blackmoore,1277,shaman,elemental,65,31,34
Destructør,norgannon,1268,shaman,elemental,42,20,22
Apolomaeuz,frostwolf,1267,shaman,elemental,53,26,27
Dëlkö,ravencrest,1264,shaman,elemental,60,27,33
Ulfuz,silvermoon,1263,shaman,elemental,22,14,8
Zbysiu,ravencrest,1258,shaman,elemental,51,28,23
Zapper,blackrock,1256,shaman,elemental,36,15,21
Zanyun,burning-legion,1256,shaman,elemental,38,14,24
Цет,soulflayer,1255,shaman,elemental,23,15,8
Mynutz,outland,1255,shaman,elemental,54,18,36
Noyá,argent-dawn,1250,shaman,elemental,42,19,23
Blackyx,dun-modr,1247,shaman,elemental,18,13,5
Сарцек,howling-fjord,1247,shaman,elemental,60,35,25
Plazmorc,stormscale,1247,shaman,elemental,24,13,11
Ludo,lothar,1246,shaman,elemental,22,14,8
Kelvok,silvermoon,1246,shaman,elemental,24,13,11
Ankzul,exodar,1246,shaman,elemental,50,17,33
Quizx,blackrock,1245,shaman,elemental,60,25,35
Fullavaids,grim-batol,1243,shaman,elemental,24,13,11
Gagné,hyjal,1239,shaman,elemental,24,13,11
Navyblue,sylvanas,1238,shaman,elemental,24,13,11
Pawsh,dun-modr,1238,shaman,elemental,51,24,27
Makgoa,ysondre,1237,shaman,elemental,18,13,5
Blackmuamba,tarren-mill,1234,shaman,elemental,90,47,43
Лукаджун,howling-fjord,1231,shaman,elemental,18,13,5
Краоми,soulflayer,1229,shaman,elemental,18,13,5
Vladraxes,draenor,1222,shaman,elemental,18,13,5
Bigheal,quelthalas,1222,shaman,elemental,30,13,17
Waterboi,blackmoore,1219,shaman,elemental,24,13,11
Shamíz,draenor,1218,shaman,elemental,30,18,12
Эфирад,blackscar,1217,shaman,elemental,103,51,52
Tiamât,culte-de-la-rive-noire,1215,shaman,elemental,66,34,32
Maggoshishi,blackmoore,1214,shaman,elemental,66,34,32
Saarroo,ravencrest,1210,shaman,elemental,48,22,26
Roxìe,blackmoore,1207,shaman,elemental,18,13,5
Mòra,silvermoon,1203,shaman,elemental,44,21,23
Bigboisham,outland,1202,shaman,elemental,65,28,37
Bangou,archimonde,1198,shaman,elemental,61,28,33
Бвансамдив,gordunni,1195,shaman,elemental,30,16,14
Pvpshaman,aszune,1195,shaman,elemental,29,13,16
Märthalouise,twisting-nether,1191,shaman,elemental,29,15,14
Scot,blackhand,1191,shaman,elemental,29,13,16
Superkee,kazzak,1190,shaman,elemental,173,89,84
Valdera,dun-morogh,1189,shaman,elemental,24,14,10
Magath,nethersturm,1188,shaman,elemental,36,17,19
Boiblaster,argent-dawn,1182,shaman,elemental,17,13,4
Scurvy,malganis,1179,shaman,elemental,128,66,62
Amarök,nerzhul,1177,shaman,elemental,65,30,35
Zhinjo,kazzak,1166,shaman,elemental,36,19,17
Фистинктотем,soulflayer,1162,shaman,elemental,35,16,19
Амброски,gordunni,1161,shaman,elemental,42,28,14
Shellex,kazzak,1161,shaman,elemental,50,28,22
Велгур,soulflayer,1161,shaman,elemental,50,23,27
Azmerloth,outland,1152,shaman,elemental,18,12,6
Neverplayele,kazzak,1151,shaman,elemental,24,12,12
Nobrac,rajaxx,1150,shaman,elemental,24,12,12
Haarold,sylvanas,1149,shaman,elemental,24,12,12
Justweirdaf,blackmoore,1148,shaman,elemental,45,20,25
Eðualc,hyjal,1147,shaman,elemental,18,12,6
Qwilfish,blackmoore,1147,shaman,elemental,21,13,8
Legended,tarren-mill,1147,shaman,elemental,24,12,12
Beefnale,bladefist,1147,shaman,elemental,42,14,28
Diaba,sylvanas,1146,shaman,elemental,24,12,12
Дзод,deathweaver,1146,shaman,elemental,24,12,12
Headthirst,ragnaros,1145,shaman,elemental,24,12,12
Меменосный,gordunni,1144,shaman,elemental,36,15,21
Skeiilz,hyjal,1142,shaman,elemental,30,12,18
Unding,azshara,1138,shaman,elemental,42,12,30
Boxo,frostwolf,1137,shaman,elemental,70,38,32
Leash,blackmoore,1137,shaman,elemental,24,12,12
Руннольв,galakrond,1137,shaman,elemental,24,12,12
Bahuq,antonidas,1134,shaman,elemental,18,12,6
Djent,outland,1133,shaman,elemental,24,12,12
Dðt,stormscale,1126,shaman,elemental,31,14,17
Bowtenstorm,ravencrest,1120,shaman,elemental,25,16,9
Mohàwk,eredar,1114,shaman,elemental,36,17,19
Homesickx,blackrock,1109,shaman,elemental,23,12,11
Charliiejoh,stormscale,1107,shaman,elemental,56,21,35
Gnark,dun-modr,1105,shaman,elemental,59,32,27
Jagblade,neptulon,1094,shaman,elemental,28,14,14
Озверею,goldrinn,1090,shaman,elemental,24,14,10
Kneggebrot,blackmoore,1090,shaman,elemental,27,13,14
Loserlol,das-syndikat,1083,shaman,elemental,42,22,20
Дрекрош,howling-fjord,1071,shaman,elemental,85,34,51
Pedrototem,silvermoon,1070,shaman,elemental,24,16,8
Nïà,kaelthas,1069,shaman,elemental,32,13,19
Fàkecast,outland,1064,shaman,elemental,34,12,22
Cleandann,stormscale,1063,shaman,elemental,27,12,15
Procdaddy,eredar,1063,shaman,elemental,56,15,41
Thunderrbob,darkspear,1059,shaman,elemental,24,14,10
Tornado,ravencrest,1056,shaman,elemental,18,11,7
Øwlïshâm,archimonde,1056,shaman,elemental,18,11,7
Trixxsham,twisting-nether,1056,shaman,elemental,18,11,7
Replicusele,doomhammer,1056,shaman,elemental,18,11,7
Retuu,uldaman,1056,shaman,elemental,24,11,13
Ronfroggo,kazzak,1055,shaman,elemental,18,11,7
Gojõ,dun-modr,1055,shaman,elemental,24,11,13
Cismine,twisting-nether,1054,shaman,elemental,16,12,4
Furthehorde,frostmane,1054,shaman,elemental,18,11,7
Yraxara,draenor,1053,shaman,elemental,18,11,7
Èrò,blackhand,1053,shaman,elemental,24,11,13
Manaphi,arthas,1052,shaman,elemental,24,11,13
Whizjy,sanguino,1051,shaman,elemental,18,11,7
Louler,ragnaros,1049,shaman,elemental,24,11,13
Kylas,die-ewige-wacht,1047,shaman,elemental,18,11,7
Эртирон,howling-fjord,1044,shaman,elemental,24,11,13
Tpainx,kazzak,1043,shaman,elemental,24,11,13
Kapplos,gorgonnash,1039,shaman,elemental,23,11,12
Магмарончик,gordunni,1035,shaman,elemental,60,21,39
Laquium,blackmoore,1032,shaman,elemental,37,15,22
Oddsocks,stormscale,1032,shaman,elemental,61,21,40
Goromar,kirin-tor,1031,shaman,elemental,79,31,48
Zerodown,outland,1030,shaman,elemental,30,11,19
Ormanthep,hyjal,1029,shaman,elemental,18,11,7
Flochy,argent-dawn,1027,shaman,elemental,53,31,22
Zjindi,shattered-hand,1027,shaman,elemental,24,11,13
Jumbototem,tarren-mill,1026,shaman,elemental,18,11,7
Çð,twisting-nether,1023,shaman,elemental,17,11,6
Thunderstryk,sylvanas,1021,shaman,elemental,60,30,30
Bluéshirtguy,blackhand,1020,shaman,elemental,30,14,16
Grimtol,magtheridon,1019,shaman,elemental,29,11,18
Thazra,zirkel-des-cenarius,1017,shaman,elemental,26,12,14
Treizelol,ysondre,1014,shaman,elemental,24,11,13
Demelena,silvermoon,1003,shaman,elemental,18,11,7
Ximid,doomhammer,985,shaman,elemental,155,77,78
Hugzy,argent-dawn,983,shaman,elemental,41,23,18
Kobeye,thrall,982,shaman,elemental,58,31,27
Pararrayøs,sanguino,975,shaman,elemental,29,11,18
Aslakki,turalyon,975,shaman,elemental,42,11,31
Preshear,twisting-nether,960,shaman,elemental,12,10,2
Shrmful,dun-modr,960,shaman,elemental,12,10,2
Lavadrak,eredar,960,shaman,elemental,12,10,2
Lizoo,ravencrest,960,shaman,elemental,12,10,2
Elemayó,tarren-mill,960,shaman,elemental,18,10,8
Strór,twisting-nether,960,shaman,elemental,18,10,8
Theodorix,silvermoon,960,shaman,elemental,24,10,14
Шутках,gordunni,960,shaman,elemental,24,10,14
Blush,blackhand,960,shaman,elemental,27,11,16
Biccon,silvermoon,959,shaman,elemental,18,10,8
Dumpaman,frostmane,959,shaman,elemental,18,10,8
Rawside,thrall,959,shaman,elemental,24,10,14
Xereús,kazzak,959,shaman,elemental,28,11,17
Blover,drakthul,958,shaman,elemental,12,10,2
Naathir,magtheridon,958,shaman,elemental,18,10,8
Rokils,silvermoon,958,shaman,elemental,18,10,8
Rockstéady,outland,958,shaman,elemental,18,10,8
Дваллинн,gordunni,958,shaman,elemental,24,10,14
Kønat,blackmoore,958,shaman,elemental,24,10,14
Леланай,blackscar,958,shaman,elemental,24,10,14
Minasa,saurfang,958,shaman,elemental,30,10,20
Lavastriker,archimonde,957,shaman,elemental,12,10,2
Raïgo,hyjal,957,shaman,elemental,18,10,8
Atuaßëlha,grim-batol,957,shaman,elemental,24,10,14
Jazzrod,stormscale,957,shaman,elemental,24,10,14
Elevlach,drakthul,957,shaman,elemental,30,10,20
Гидрокорыто,gordunni,956,shaman,elemental,18,10,8
Nolawii,ragnaros,955,shaman,elemental,18,10,8
Klunkespiser,stormscale,955,shaman,elemental,24,10,14
Gensehaut,aegwynn,955,shaman,elemental,24,10,14
Unangemessen,silvermoon,951,shaman,elemental,18,10,8
Chilliajin,tarren-mill,950,shaman,elemental,24,10,14
Babathar,ysondre,949,shaman,elemental,24,10,14
Eustodia,minahonda,948,shaman,elemental,12,10,2
Блэкмаршал,howling-fjord,948,shaman,elemental,30,10,20
Ххенеси,soulflayer,947,shaman,elemental,24,10,14
Камам,gordunni,947,shaman,elemental,30,10,20
Smorcxx,kazzak,934,shaman,elemental,30,10,20
Orishimaru,blackrock,932,shaman,elemental,23,10,13
Kiirø,ysondre,929,shaman,elemental,18,10,8
Klicken,tarren-mill,926,shaman,elemental,17,10,7
Федосик,galakrond,922,shaman,elemental,36,15,21
Шоу,gordunni,906,shaman,elemental,27,11,16
Monstermunch,ravencrest,903,shaman,elemental,34,11,23
Tukino,burning-legion,864,shaman,elemental,12,9,3
Rolftheswine,defias-brotherhood,864,shaman,elemental,12,9,3
Foxxyluv,stormscale,864,shaman,elemental,12,9,3
ßaraky,kazzak,864,shaman,elemental,12,9,3
Kwanah,kaelthas,864,shaman,elemental,18,9,9
Elvalya,archimonde,864,shaman,elemental,18,9,9
Nitronigi,malganis,864,shaman,elemental,24,9,15
Luzzilol,garrosh,863,shaman,elemental,18,9,9
Sheamanus,ravencrest,863,shaman,elemental,18,9,9
Fellatia,baelgun,863,shaman,elemental,18,9,9
Рэйвантотем,soulflayer,862,shaman,elemental,18,9,9
Shkook,archimonde,862,shaman,elemental,24,9,15
Bunnz,kazzak,861,shaman,elemental,12,9,3
Xiomora,argent-dawn,860,shaman,elemental,18,9,9
Djbruggìe,bloodhoof,860,shaman,elemental,24,9,15
Штормбайт,azuregos,858,shaman,elemental,12,9,3
Naix,silvermoon,858,shaman,elemental,24,9,15
Szvapotluk,ravencrest,857,shaman,elemental,18,9,9
Zalitz,sanguino,855,shaman,elemental,18,9,9
Avarela,argent-dawn,851,shaman,elemental,30,9,21
Firella,the-maelstrom,815,shaman,elemental,17,9,8
Незнаком,booty-bay,811,shaman,elemental,30,12,18
Lavaburstx,antonidas,810,shaman,elemental,28,10,18
Holdafstand,tarren-mill,798,shaman,elemental,14,9,5
Rokils,tarren-mill,768,shaman,elemental,12,8,4
Vygak,tarren-mill,768,shaman,elemental,12,8,4
Visboer,stormscale,768,shaman,elemental,12,8,4
Flam,outland,768,shaman,elemental,12,8,4
Jåime,ravencrest,768,shaman,elemental,12,8,4
Grapefruit,blackmoore,768,shaman,elemental,12,8,4
Тагтар,howling-fjord,768,shaman,elemental,12,8,4
Stromdi,azshara,768,shaman,elemental,16,9,7
Nerdshockz,blackhand,768,shaman,elemental,18,8,10
Thundergødx,nemesis,768,shaman,elemental,18,8,10
Mehboul,hyjal,768,shaman,elemental,18,8,10
Iraterrørist,kazzak,768,shaman,elemental,18,8,10
Totemly,alakir,768,shaman,elemental,18,8,10
Windspêaker,outland,768,shaman,elemental,18,8,10
Lathisi,zenedar,768,shaman,elemental,19,8,11
Lavabelly,twisting-nether,768,shaman,elemental,22,9,13
Thorunir,sylvanas,768,shaman,elemental,24,8,16
Hobblefoot,stormscale,767,shaman,elemental,12,8,4
Yang,der-rat-von-dalaran,767,shaman,elemental,12,8,4
Pakwa,drakthul,767,shaman,elemental,16,9,7
Beven,stormscale,767,shaman,elemental,18,8,10
Yezu,medivh,767,shaman,elemental,18,8,10
Sinirli,ravencrest,767,shaman,elemental,18,8,10
Смоуктли,howling-fjord,766,shaman,elemental,12,8,4
Totempoo,the-maelstrom,766,shaman,elemental,12,8,4
Gaerth,aggramar,766,shaman,elemental,12,8,4
Kungfuali,antonidas,766,shaman,elemental,18,8,10
Runetera,ravencrest,765,shaman,elemental,12,8,4
Grambozz,blackrock,765,shaman,elemental,12,8,4
Parthon,ravencrest,765,shaman,elemental,12,8,4
Thrallotido,sanguino,765,shaman,elemental,30,8,22
Шейпан,gordunni,758,shaman,elemental,12,8,4
Itsnasty,blackmoore,753,shaman,elemental,18,8,10
Arabesk,arygos,748,shaman,elemental,23,8,15
Соленый,booty-bay,744,shaman,elemental,110,45,65
Thatamazing,korgall,717,shaman,elemental,26,11,15
Wacomtablet,kazzak,703,shaman,elemental,11,8,3
Baschúrr,blackrock,702,shaman,elemental,17,9,8
Шиока,borean-tundra,685,shaman,elemental,13,9,4
Reburdacoxis,sanguino,672,shaman,elemental,12,7,5
Экспатриот,greymane,672,shaman,elemental,12,7,5
Bigblué,tarren-mill,672,shaman,elemental,12,7,5
Isvk,ravencrest,672,shaman,elemental,12,7,5
Ehlaina,outland,672,shaman,elemental,12,7,5
Guccifootjob,defias-brotherhood,672,shaman,elemental,12,7,5
Exxco,aegwynn,672,shaman,elemental,12,7,5
Cuddleball,moonglade,672,shaman,elemental,12,7,5
Jehae,archimonde,672,shaman,elemental,12,7,5
Eneru,nemesis,672,shaman,elemental,12,7,5
Rokils,ravencrest,672,shaman,elemental,12,7,5
Bosslikex,ravencrest,672,shaman,elemental,12,7,5
Dócshock,blackmoore,672,shaman,elemental,12,7,5
Koífish,ravencrest,672,shaman,elemental,12,7,5
Kæde,dun-morogh,672,shaman,elemental,12,7,5
Гарбаджи,galakrond,672,shaman,elemental,12,7,5
Dòrfy,silvermoon,672,shaman,elemental,12,7,5
Hekzen,tarren-mill,672,shaman,elemental,12,7,5
Thordes,forscherliga,672,shaman,elemental,12,7,5
Preciousxo,auchindoun,672,shaman,elemental,12,7,5
Bhargonen,silvermoon,672,shaman,elemental,12,7,5
Shamandoino,wildhammer,672,shaman,elemental,12,7,5
Glibbins,sylvanas,672,shaman,elemental,12,7,5
Labûche,chogall,672,shaman,elemental,12,7,5
Shammehboi,auchindoun,672,shaman,elemental,15,8,7
Caro,tarren-mill,672,shaman,elemental,18,7,11
Endry,elune,672,shaman,elemental,18,7,11
Velkin,thrall,672,shaman,elemental,18,7,11
Paidactor,kazzak,672,shaman,elemental,18,7,11
Rexonaone,silvermoon,672,shaman,elemental,18,7,11
Djogg,sunstrider,672,shaman,elemental,18,7,11
Турелька,blackscar,672,shaman,elemental,18,7,11
Dando,silvermoon,671,shaman,elemental,12,7,5
Ruvxy,twisting-nether,671,shaman,elemental,12,7,5
Dogfrog,silvermoon,671,shaman,elemental,18,7,11
Drahka,kazzak,671,shaman,elemental,18,7,11
Denadrios,blackhand,671,shaman,elemental,18,7,11
Рокутаро,gordunni,670,shaman,elemental,12,7,5
Layonne,ysondre,670,shaman,elemental,18,7,11
Raoult,ravencrest,670,shaman,elemental,18,7,11
Coton,grim-batol,667,shaman,elemental,12,7,5
Eratore,xavius,666,shaman,elemental,18,7,11
Lavalampa,magtheridon,665,shaman,elemental,12,7,5
Zarakuda,magtheridon,663,shaman,elemental,34,9,25
Aljorf,dun-modr,662,shaman,elemental,12,7,5
Watson,conseil-des-ombres,660,shaman,elemental,18,7,11
Takkenuma,hyjal,640,shaman,elemental,22,7,15
Blyátmán,twisting-nether,638,shaman,elemental,14,8,6
Yalac,archimonde,637,shaman,elemental,14,8,6
Айвимэдисон,howling-fjord,623,shaman,elemental,17,7,10
Вудвин,soulflayer,621,shaman,elemental,26,7,19
Easyplay,kazzak,607,shaman,elemental,14,7,7
Captaînhuge,dunemaul,576,shaman,elemental,6,6,0
Lavelover,tarren-mill,576,shaman,elemental,6,6,0
Trastamar,dun-modr,576,shaman,elemental,6,6,0
Gomoth,kazzak,576,shaman,elemental,12,6,6
Jíkkz,aegwynn,576,shaman,elemental,12,6,6
Дагод,booty-bay,576,shaman,elemental,12,6,6
Шлолка,gordunni,576,shaman,elemental,12,6,6
Linshock,tarren-mill,576,shaman,elemental,12,6,6
Shayal,defias-brotherhood,576,shaman,elemental,12,6,6
Vix,argent-dawn,576,shaman,elemental,12,6,6
Electronova,magtheridon,576,shaman,elemental,12,6,6
Ugáa,malganis,576,shaman,elemental,12,6,6
Forrak,argent-dawn,576,shaman,elemental,12,6,6
Totemkahmun,kazzak,576,shaman,elemental,12,6,6
Windfúhrèr,tarren-mill,576,shaman,elemental,12,6,6
Реалайзер,blackscar,576,shaman,elemental,12,6,6
Localicious,ragnaros,576,shaman,elemental,12,6,6
Eddiemorphin,kazzak,576,shaman,elemental,12,6,6
Веег,deathweaver,576,shaman,elemental,12,6,6
Yzeldan,hyjal,576,shaman,elemental,12,6,6
Simppe,stormreaver,576,shaman,elemental,12,6,6
Kärdyo,archimonde,576,shaman,elemental,12,6,6
Crysenshocks,blackrock,576,shaman,elemental,12,6,6
Dsgrc,tarren-mill,576,shaman,elemental,18,6,12
Mûhzala,blackmoore,576,shaman,elemental,18,6,12
Inyra,eredar,576,shaman,elemental,18,6,12
Krakatoa,dunemaul,576,shaman,elemental,24,6,18
Бурехлест,howling-fjord,575,shaman,elemental,12,6,6
Syndia,das-konsortium,575,shaman,elemental,12,6,6
Dobär,madmortem,575,shaman,elemental,12,6,6
Helloitsmee,thrall,575,shaman,elemental,12,6,6
Lampard,magtheridon,575,shaman,elemental,17,6,11
Fosterzz,ravencrest,575,shaman,elemental,18,6,12
Drækthør,thrall,574,shaman,elemental,13,8,5
Derblitz,baelgun,574,shaman,elemental,12,6,6
Zuman,the-maelstrom,573,shaman,elemental,12,6,6
Fimir,archimonde,573,shaman,elemental,12,6,6
Louisvgaal,kazzak,572,shaman,elemental,12,6,6
Isheartears,outland,543,shaman,elemental,11,6,5
Rezervoir,bladefist,522,shaman,elemental,15,9,6
Turbokrapka,tarren-mill,522,shaman,elemental,17,8,9
Phobiatics,thrall,480,shaman,elemental,6,5,1
Highfaî,tarren-mill,480,shaman,elemental,6,5,1
Ggnore,kazzak,480,shaman,elemental,6,5,1
Shaggé,tarren-mill,480,shaman,elemental,6,5,1
Shambulançe,silvermoon,480,shaman,elemental,6,5,1
Cylantarus,blackrock,480,shaman,elemental,6,5,1
Wamah,sargeras,480,shaman,elemental,6,5,1
Тандерхх,howling-fjord,480,shaman,elemental,6,5,1
Jarreau,turalyon,480,shaman,elemental,6,5,1
Rhonix,blackmoore,480,shaman,elemental,6,5,1
Efdemin,blackmoore,480,shaman,elemental,6,5,1
Bumstead,ragnaros,480,shaman,elemental,6,5,1
Hexina,ragnaros,480,shaman,elemental,6,5,1
Izosha,hyjal,480,shaman,elemental,6,5,1
Twists,sylvanas,480,shaman,elemental,6,5,1
Enamo,blackrock,480,shaman,elemental,6,5,1
Squixi,tarren-mill,480,shaman,elemental,6,5,1
Minimalist,stormscale,480,shaman,elemental,6,5,1
Elemane,kazzak,480,shaman,elemental,6,5,1
Lovelyshaman,silvermoon,480,shaman,elemental,7,5,2
Stòrm,ravencrest,480,shaman,elemental,12,5,7
Swapxy,outland,480,shaman,elemental,12,5,7
Rykarn,eredar,480,shaman,elemental,12,5,7
Coñfrico,tarren-mill,480,shaman,elemental,12,5,7
Raaborio,blackmoore,480,shaman,elemental,12,5,7
Amcin,stormreaver,480,shaman,elemental,12,5,7
Shockleted,stormscale,480,shaman,elemental,12,5,7
Синнити,blackscar,480,shaman,elemental,12,5,7
Neystee,archimonde,480,shaman,elemental,12,5,7
Loshohealva,stormscale,480,shaman,elemental,12,5,7
Dregú,draenor,480,shaman,elemental,12,5,7
Shiranoye,blackrock,480,shaman,elemental,12,5,7
Cptcutíe,antonidas,480,shaman,elemental,12,5,7
Бумбумпаузр,borean-tundra,480,shaman,elemental,12,5,7
Наладчик,gordunni,480,shaman,elemental,12,5,7
Wûcs,silvermoon,480,shaman,elemental,12,5,7
Skullføck,argent-dawn,480,shaman,elemental,12,5,7
Flaskmus,haomarush,480,shaman,elemental,12,5,7
Bahane,frostwolf,480,shaman,elemental,15,6,9
Talg,sylvanas,480,shaman,elemental,15,5,10
Clickerboy,ravencrest,480,shaman,elemental,18,5,13
Fûchsí,blackhand,479,shaman,elemental,6,5,1
Burnprof,nethersturm,479,shaman,elemental,12,5,7
Zaappyboii,azjolnerub,479,shaman,elemental,20,5,15
Sinwithin,ravencrest,478,shaman,elemental,12,5,7
Chispa,darkmoon-faire,447,shaman,elemental,11,5,6
Disharmony,outland,426,shaman,elemental,13,6,7
Blùé,tarren-mill,399,shaman,elemental,5,5,0
Kraksham,ravencrest,384,shaman,elemental,6,4,2
Jacc,sunstrider,384,shaman,elemental,6,4,2
Zippidizap,ulduar,384,shaman,elemental,6,4,2
Deepdamp,blackrock,384,shaman,elemental,6,4,2
Selonthyx,ravencrest,384,shaman,elemental,6,4,2
Yacuzwerg,blackrock,384,shaman,elemental,6,4,2
Schamîx,blackrock,384,shaman,elemental,6,4,2
Hispanoxd,sanguino,384,shaman,elemental,6,4,2
Tiji,eredar,384,shaman,elemental,6,4,2
Вашнюхтоптал,howling-fjord,384,shaman,elemental,6,4,2
Bkdgoodz,aegwynn,384,shaman,elemental,6,4,2
Windberg,ysondre,384,shaman,elemental,6,4,2
Trustlemac,onyxia,384,shaman,elemental,6,4,2
Chocshock,tarren-mill,384,shaman,elemental,6,4,2
Shafallen,tarren-mill,384,shaman,elemental,6,4,2
Teckan,tarren-mill,384,shaman,elemental,6,4,2
Kévinn,draenor,384,shaman,elemental,6,4,2
Euprathree,archimonde,384,shaman,elemental,6,4,2
Yerlas,burning-legion,384,shaman,elemental,6,4,2
Shamurky,kazzak,384,shaman,elemental,6,4,2
Greenswag,drakthul,384,shaman,elemental,6,4,2
Daubidaubi,kazzak,384,shaman,elemental,6,4,2
Alëxx,hyjal,384,shaman,elemental,6,4,2
Rahuna,darksorrow,384,shaman,elemental,6,4,2
Føxï,pozzo-delleternità,384,shaman,elemental,6,4,2
Pandamoniumm,moonglade,384,shaman,elemental,6,4,2
Xatis,aegwynn,384,shaman,elemental,6,4,2
Tóuka,uldum,384,shaman,elemental,6,4,2
Sebubu,twisting-nether,384,shaman,elemental,6,4,2
Jäck,ravencrest,384,shaman,elemental,12,4,8
Saggrox,kazzak,384,shaman,elemental,12,4,8
Rompelukt,auchindoun,384,shaman,elemental,12,4,8
Chrached,kargath,384,shaman,elemental,12,4,8
Rocktopus,outland,384,shaman,elemental,12,4,8
Swart,hyjal,384,shaman,elemental,12,4,8
Goitbate,azuremyst,384,shaman,elemental,12,4,8
Zoolza,kirin-tor,384,shaman,elemental,12,4,8
Terobux,culte-de-la-rive-noire,384,shaman,elemental,12,4,8
Setac,stormscale,384,shaman,elemental,12,4,8
Nabo,archimonde,384,shaman,elemental,12,4,8
Magicmekoz,draenor,384,shaman,elemental,12,4,8
Tism,stormscale,384,shaman,elemental,12,4,8
Totemtilda,tarren-mill,384,shaman,elemental,12,4,8
Hí,bronzebeard,384,shaman,elemental,12,4,8
Вензеро,howling-fjord,384,shaman,elemental,12,4,8
Xyckas,terrordar,384,shaman,elemental,12,4,8
Snusy,stormscale,384,shaman,elemental,12,4,8
Nùrsegemy,nemesis,384,shaman,elemental,12,4,8
Eskìmo,malganis,384,shaman,elemental,12,4,8
Kookaboo,blackrock,384,shaman,elemental,12,4,8
Апинсмок,soulflayer,384,shaman,elemental,12,4,8
Elothar,earthen-ring,384,shaman,elemental,12,4,8
Momine,stormscale,384,shaman,elemental,12,4,8
Réläx,kazzak,384,shaman,elemental,12,4,8
Karissah,silvermoon,384,shaman,elemental,12,4,8
Zokah,emeriss,383,shaman,elemental,6,4,2
Zandali,tarren-mill,383,shaman,elemental,6,4,2
Slk,blackrock,383,shaman,elemental,6,4,2
Dudoras,doomhammer,383,shaman,elemental,18,4,14
Kennyo,uldum,379,shaman,elemental,12,4,8
Santy,silvermoon,352,shaman,elemental,10,4,6
Khalamity,ravencrest,330,shaman,elemental,14,6,8
Fotmglad,blackrock,320,shaman,elemental,10,4,6
Gigawats,sylvanas,319,shaman,elemental,5,4,1
ßaßystärz,hyjal,319,shaman,elemental,5,4,1
Dûmah,sanguino,304,shaman,elemental,7,4,3
Shamanshow,eredar,288,shaman,elemental,6,3,3
Peneapunta,nemesis,288,shaman,elemental,6,3,3
Peaktrim,tarren-mill,288,shaman,elemental,6,3,3
Dagra,twisting-nether,288,shaman,elemental,6,3,3
Dünnbier,blackhand,288,shaman,elemental,6,3,3
Родохрозид,blackscar,288,shaman,elemental,6,3,3
Styxsm,blackhand,288,shaman,elemental,6,3,3
Amu,ravencrest,288,shaman,elemental,6,3,3
Bas,nagrand,288,shaman,elemental,6,3,3
Rhastafarian,stormscale,288,shaman,elemental,6,3,3
Царьбер,soulflayer,288,shaman,elemental,6,3,3
Allfathêr,ragnaros,288,shaman,elemental,6,3,3
Ghettero,ragnaros,288,shaman,elemental,6,3,3
Ananasen,eonar,288,shaman,elemental,6,3,3
Jeelypink,dalaran,288,shaman,elemental,6,3,3
Ironbuttrfly,magtheridon,288,shaman,elemental,6,3,3
Exolnard,twisting-nether,288,shaman,elemental,6,3,3
Shaulic,ravencrest,288,shaman,elemental,6,3,3
Bammë,archimonde,288,shaman,elemental,6,3,3
Херургх,soulflayer,288,shaman,elemental,6,3,3
Hotstorm,bronzebeard,288,shaman,elemental,6,3,3
Chenoyaa,blackrock,288,shaman,elemental,6,3,3
Дудивтф,soulflayer,288,shaman,elemental,6,3,3
Fufupartyxx,blackrock,288,shaman,elemental,6,3,3
Faroh,ravencrest,288,shaman,elemental,6,3,3
Symy,draenor,288,shaman,elemental,6,3,3
Shamuzan,malfurion,288,shaman,elemental,6,3,3
Санрэйн,soulflayer,288,shaman,elemental,6,3,3
Fholst,draenor,288,shaman,elemental,6,3,3
Cloudborne,draenor,288,shaman,elemental,6,3,3
Whatsup,aggramar,288,shaman,elemental,6,3,3
Another,hakkar,288,shaman,elemental,6,3,3
Lefita,drakthul,288,shaman,elemental,6,3,3
Gravépàct,blackrock,288,shaman,elemental,6,3,3
Qenninka,drakthul,288,shaman,elemental,6,3,3
Тотемныйчад,gordunni,288,shaman,elemental,6,3,3
Begeshaman,sylvanas,288,shaman,elemental,6,3,3
Putrìfy,ravencrest,288,shaman,elemental,6,3,3
Tiâna,archimonde,288,shaman,elemental,6,3,3
Penesecco,nemesis,288,shaman,elemental,6,3,3
Bharudor,antonidas,288,shaman,elemental,6,3,3
Shlby,blackrock,288,shaman,elemental,6,3,3
Shoewalker,ragnaros,288,shaman,elemental,6,3,3
Volvíc,tichondrius,288,shaman,elemental,6,3,3
Yashëa,ysondre,288,shaman,elemental,6,3,3
Neirdae,thunderhorn,288,shaman,elemental,6,3,3
Vukroth,argent-dawn,288,shaman,elemental,6,3,3
Khaleeya,blackmoore,288,shaman,elemental,6,3,3
Mjukiz,tarren-mill,288,shaman,elemental,6,3,3
Фарраон,deathguard,288,shaman,elemental,6,3,3
Mawae,thrall,288,shaman,elemental,6,3,3
Энхай,azuregos,288,shaman,elemental,6,3,3
Pooch,archimonde,288,shaman,elemental,6,3,3
Gissary,drakthul,288,shaman,elemental,6,3,3
Brandbombe,frostwolf,288,shaman,elemental,6,3,3
Weåfy,outland,288,shaman,elemental,6,3,3
Hethne,kazzak,288,shaman,elemental,6,3,3
Shamanmans,grim-batol,288,shaman,elemental,6,3,3
Spruehkot,aegwynn,288,shaman,elemental,6,3,3
Nightingäle,silvermoon,288,shaman,elemental,6,3,3
Kónjo,kazzak,288,shaman,elemental,6,3,3
Susais,outland,288,shaman,elemental,6,3,3
Natureabuser,kazzak,288,shaman,elemental,6,3,3
Lunarsloth,hyjal,288,shaman,elemental,6,3,3
Estexxsham,kazzak,288,shaman,elemental,6,3,3
Joeyexe,outland,288,shaman,elemental,6,3,3
Kapristylez,outland,288,shaman,elemental,6,3,3
Asiorr,silvermoon,288,shaman,elemental,6,3,3
Urinja,outland,288,shaman,elemental,6,3,3
Sykx,hyjal,288,shaman,elemental,6,3,3
Bigpinkpig,thunderhorn,288,shaman,elemental,7,3,4
Berith,spinebreaker,288,shaman,elemental,12,3,9
Elemania,mugthol,288,shaman,elemental,12,3,9
Jaeslin,tarren-mill,288,shaman,elemental,12,3,9
Fouchin,outland,288,shaman,elemental,12,3,9
Practicetwo,argent-dawn,288,shaman,elemental,12,3,9
Corlysvelary,doomhammer,288,shaman,elemental,12,3,9
Sayokô,grim-batol,288,shaman,elemental,12,3,9
Shourx,ravencrest,288,shaman,elemental,12,3,9
Samlik,antonidas,288,shaman,elemental,12,3,9
Tir,auchindoun,288,shaman,elemental,12,3,9
Tonto,frostmane,288,shaman,elemental,12,3,9
Woolysocks,draenor,288,shaman,elemental,12,3,9
Iceshockz,sylvanas,288,shaman,elemental,12,3,9
Gethrok,rajaxx,288,shaman,elemental,12,3,9
Qwunjin,ragnaros,288,shaman,elemental,12,3,9
Champïx,archimonde,288,shaman,elemental,21,4,17
Megaherz,sanguino,287,shaman,elemental,6,3,3
Kcarlina,uldum,287,shaman,elemental,6,3,3
Bogatyrk,twisting-nether,287,shaman,elemental,6,3,3
Óõ,dun-modr,287,shaman,elemental,6,3,3
Twotwozero,defias-brotherhood,286,shaman,elemental,6,3,3
Zalacrass,sanguino,286,shaman,elemental,6,3,3
Вещун,deathguard,284,shaman,elemental,12,3,9
Mareaspibas,zuljin,239,shaman,elemental,5,3,2
Stíckíx,malganis,192,shaman,elemental,4,3,1
Krahg,garona,192,shaman,elemental,4,3,1
Шаеман,soulflayer,192,shaman,elemental,6,2,4
Joeculdacier,hyjal,192,shaman,elemental,6,2,4
Гленкуллен,blackscar,192,shaman,elemental,6,2,4
Vandouille,archimonde,192,shaman,elemental,6,2,4
Quartodebue,nemesis,192,shaman,elemental,6,2,4
Téwa,hyjal,192,shaman,elemental,6,2,4
Сновидений,soulflayer,192,shaman,elemental,6,2,4
Renegad,archimonde,192,shaman,elemental,6,2,4
Yiyi,boulderfist,192,shaman,elemental,6,2,4
Thomz,aggra-português,192,shaman,elemental,6,2,4
Albatroz,the-maelstrom,192,shaman,elemental,6,2,4
Purgegødxx,aegwynn,192,shaman,elemental,6,2,4
Лаваяшка,gordunni,192,shaman,elemental,6,2,4
Dodododfewal,stormscale,192,shaman,elemental,6,2,4
Тандерхем,gordunni,192,shaman,elemental,6,2,4
Ratatakéas,archimonde,192,shaman,elemental,6,2,4
Драгенхз,gordunni,192,shaman,elemental,6,2,4
Smashsmash,the-maelstrom,192,shaman,elemental,6,2,4
Nuekx,sanguino,192,shaman,elemental,6,2,4
Beletili,chogall,192,shaman,elemental,6,2,4
Ishkadar,twisting-nether,192,shaman,elemental,6,2,4
Cptsham,blackrock,192,shaman,elemental,6,2,4
Fuzzbolt,silvermoon,192,shaman,elemental,6,2,4
Amonshokz,tarren-mill,192,shaman,elemental,6,2,4
Firsttime,alakir,192,shaman,elemental,6,2,4
Zackyboi,tarren-mill,192,shaman,elemental,6,2,4
Exílium,tarren-mill,192,shaman,elemental,6,2,4
Squixi,ravencrest,192,shaman,elemental,6,2,4
Mehex,tarren-mill,192,shaman,elemental,6,2,4
Undae,ravencrest,192,shaman,elemental,6,2,4
Garakh,argent-dawn,192,shaman,elemental,6,2,4
Ahrim,argent-dawn,192,shaman,elemental,6,2,4
Melliska,silvermoon,192,shaman,elemental,6,2,4
Nuvet,argent-dawn,192,shaman,elemental,6,2,4
Shàmeonyou,dun-morogh,192,shaman,elemental,6,2,4
Kolchidyalah,la-croisade-écarlate,192,shaman,elemental,6,2,4
Seyumi,draenor,192,shaman,elemental,6,2,4
Bjerknes,draenor,192,shaman,elemental,6,2,4
Зуфар,howling-fjord,192,shaman,elemental,6,2,4
Rindenmulch,eredar,192,shaman,elemental,6,2,4
Dormido,sanguino,192,shaman,elemental,6,2,4
Schockolade,blackmoore,192,shaman,elemental,6,2,4
Kappatotem,silvermoon,192,shaman,elemental,6,2,4
Keisys,kazzak,192,shaman,elemental,6,2,4
Präsi,die-aldor,192,shaman,elemental,6,2,4
Apád,ragnaros,192,shaman,elemental,6,2,4
Tigro,burning-legion,192,shaman,elemental,6,2,4
Rok,darkspear,192,shaman,elemental,6,2,4
Девлиниум,fordragon,192,shaman,elemental,6,2,4
Lethal,darksorrow,192,shaman,elemental,6,2,4
Macetoyaface,darksorrow,192,shaman,elemental,6,2,4
Cöökiekeeper,twisting-nether,192,shaman,elemental,6,2,4
Remkoo,blackrock,192,shaman,elemental,6,2,4
Casterzajx,kazzak,192,shaman,elemental,6,2,4
Djxyoloswag,silvermoon,192,shaman,elemental,6,2,4
Nnekalol,twisting-nether,192,shaman,elemental,6,2,4
Attm,twisting-nether,192,shaman,elemental,6,2,4
Zinlay,tarren-mill,192,shaman,elemental,6,2,4
Димасечка,galakrond,192,shaman,elemental,6,2,4
Krovogor,silvermoon,192,shaman,elemental,6,2,4
Rakermän,dun-modr,192,shaman,elemental,6,2,4
Cloovster,magtheridon,192,shaman,elemental,6,2,4
Hogmodig,tarren-mill,192,shaman,elemental,7,2,5
Shockbestie,eredar,192,shaman,elemental,7,2,5
Sweetcåndy,stormscale,192,shaman,elemental,12,2,10
Zíp,archimonde,192,shaman,elemental,12,2,10
Kossborax,blackhand,192,shaman,elemental,12,2,10
Thornyberrý,outland,192,shaman,elemental,12,2,10
Nakenfeigy,stormreaver,192,shaman,elemental,12,2,10
Виспепешам,gordunni,192,shaman,elemental,12,2,10
Eleurii,burning-blade,192,shaman,elemental,12,2,10
Максобман,howling-fjord,192,shaman,elemental,12,2,10
Неерззул,soulflayer,192,shaman,elemental,12,2,10
Lycburst,twisting-nether,192,shaman,elemental,12,2,10
Ærö,outland,192,shaman,elemental,12,2,10
Zæus,ragnaros,192,shaman,elemental,12,2,10
Ghostx,nemesis,192,shaman,elemental,18,2,16
Kortgat,kilrogg,191,shaman,elemental,6,2,4
Aspirio,ravencrest,175,shaman,elemental,11,2,9
Tehpielover,bladefist,159,shaman,elemental,5,2,3
Kortën,khaz-modan,159,shaman,elemental,10,2,8
Amiashaman,stormscale,138,shaman,elemental,16,3,13
Корсика,gordunni,128,shaman,elemental,4,2,2
Thorcasso,azuremyst,96,shaman,elemental,3,2,1
Zadrams,argent-dawn,96,shaman,elemental,3,2,1
Bram,aggra-português,96,shaman,elemental,3,2,1
Simpledream,tarren-mill,96,shaman,elemental,3,2,1
Nopivøt,hyjal,96,shaman,elemental,7,2,5
Пэппивкашке,howling-fjord,96,shaman,elemental,6,1,5
Moglibard,grim-batol,96,shaman,elemental,6,1,5
Korbas,burning-legion,96,shaman,elemental,6,1,5
Vodoochild,hyjal,96,shaman,elemental,6,1,5
Teslasenpai,outland,96,shaman,elemental,6,1,5
Сентес,soulflayer,96,shaman,elemental,6,1,5
Shamwowpow,stormscale,96,shaman,elemental,6,1,5
Dizhkameduu,terokkar,96,shaman,elemental,6,1,5
Vorkanyx,ysondre,96,shaman,elemental,6,1,5
Формацепт,ashenvale,96,shaman,elemental,6,1,5
Flurpz,outland,96,shaman,elemental,6,1,5
Stiflersmôm,antonidas,96,shaman,elemental,6,1,5
Fatflop,sylvanas,96,shaman,elemental,6,1,5
Magmamartin,antonidas,96,shaman,elemental,6,1,5
Hästdvärg,the-maelstrom,96,shaman,elemental,6,1,5
Elijaá,nordrassil,96,shaman,elemental,6,1,5
Reäz,archimonde,96,shaman,elemental,6,1,5
Brryantblaks,colinas-pardas,96,shaman,elemental,6,1,5
Лучшийшаман,soulflayer,96,shaman,elemental,6,1,5
Zaffyboi,draenor,96,shaman,elemental,6,1,5
Growlêy,draenor,96,shaman,elemental,6,1,5
Newÿorc,dalaran,96,shaman,elemental,6,1,5
Felcrushed,stormscale,96,shaman,elemental,6,1,5
Zeiger,minahonda,96,shaman,elemental,6,1,5
Shamira,nethersturm,96,shaman,elemental,6,1,5
Dwarfofwar,ravencrest,96,shaman,elemental,6,1,5
Dergat,pozzo-delleternità,96,shaman,elemental,6,1,5
Zerim,taerar,96,shaman,elemental,6,1,5
Châmanco,dun-modr,96,shaman,elemental,6,1,5
Noru,ravencrest,96,shaman,elemental,6,1,5
Shaminista,ravencrest,96,shaman,elemental,6,1,5
Heheheyup,ravencrest,96,shaman,elemental,6,1,5
Kilruk,ravencrest,96,shaman,elemental,6,1,5
Pasjeop,ravencrest,96,shaman,elemental,6,1,5
Izir,archimonde,96,shaman,elemental,6,1,5
Papaver,zirkel-des-cenarius,96,shaman,elemental,6,1,5
Skailzcham,hyjal,96,shaman,elemental,6,1,5
Ânne,blackrock,96,shaman,elemental,6,1,5
Bonestompamc,blackmoore,96,shaman,elemental,6,1,5
Freexx,aegwynn,96,shaman,elemental,6,1,5
Бпокбастэр,gordunni,96,shaman,elemental,6,1,5
Samisu,blackmoore,96,shaman,elemental,6,1,5
Pomegranate,arthas,96,shaman,elemental,6,1,5
Zham,kul-tiras,96,shaman,elemental,6,1,5
Shamsteaks,ysera,96,shaman,elemental,6,1,5
Aguero,aegwynn,96,shaman,elemental,6,1,5
Bärtigbaron,thrall,96,shaman,elemental,6,1,5
Cazzari,thrall,96,shaman,elemental,6,1,5
Depucova,silvermoon,96,shaman,elemental,6,1,5
Nìtratx,archimonde,96,shaman,elemental,6,1,5
Zappypewpew,drakthul,96,shaman,elemental,12,1,11
Amaizin,stormscale,96,shaman,elemental,12,1,11
Encourager,daggerspine,95,shaman,elemental,6,1,5
Kyst,elune,95,shaman,elemental,6,1,5
Torepåsporet,deathwing,79,shaman,elemental,5,1,4
Torxii,antonidas,79,shaman,elemental,5,1,4
Rãgnãr,frostwolf,64,shaman,elemental,4,1,3
Yukîmøn,hyjal,63,shaman,elemental,2,2,0
Schamaster,antonidas,48,shaman,elemental,3,1,2
Realiz,ysondre,48,shaman,elemental,4,1,3
Shammolino,nemesis,41,shaman,elemental,7,3,4
Obêlixx,blackmoore,31,shaman,elemental,2,1,1
Gushgush,draenor,31,shaman,elemental,2,1,1
Bèx,twisting-nether,16,shaman,elemental,1,1,0
Memourian,drakthul,16,shaman,elemental,7,1,6
Blaukraut,stormscale,2375,shaman,enhancement,115,75,40
Mûnch,kazzak,2369,shaman,enhancement,110,73,37
Bredare,ravencrest,2291,shaman,enhancement,112,85,27
Дудивтф,soulflayer,2244,shaman,enhancement,194,105,89
Китрасст,soulflayer,2239,shaman,enhancement,78,43,35
Strippzz,stormscale,2238,shaman,enhancement,102,62,40
Fatpig,stormscale,2238,shaman,enhancement,83,47,36
Axdn,ravencrest,2229,shaman,enhancement,80,47,33
Крааули,soulflayer,2229,shaman,enhancement,323,166,157
Avines,twisting-nether,2211,shaman,enhancement,206,106,100
Dennismanone,tarren-mill,2195,shaman,enhancement,102,53,49
Voodoodoouu,stormscale,2182,shaman,enhancement,107,63,44
Azifox,hyjal,2181,shaman,enhancement,114,58,56
Buffdraventy,archimonde,2176,shaman,enhancement,90,53,37
Hermerejildo,stormscale,2174,shaman,enhancement,120,62,58
Lizoo,ravencrest,2169,shaman,enhancement,102,66,36
Treyway,dun-modr,2153,shaman,enhancement,78,54,24
Baconbazooka,tarren-mill,2147,shaman,enhancement,101,60,41
Áä,stormscale,2146,shaman,enhancement,48,42,6
Zró,blackrock,2132,shaman,enhancement,138,76,62
Shïnnkøk,stormscale,2130,shaman,enhancement,72,43,29
Myguns,silvermoon,2130,shaman,enhancement,122,68,54
Nopre,blackrock,2129,shaman,enhancement,190,110,80
Mustakrakish,terokkar,2127,shaman,enhancement,78,53,25
Smorcshamyy,kazzak,2127,shaman,enhancement,111,63,48
Æerømachine,outland,2125,shaman,enhancement,81,42,39
Chancè,tarren-mill,2124,shaman,enhancement,84,50,34
Fckumen,blackmoore,2124,shaman,enhancement,106,61,45
Joeyexe,outland,2119,shaman,enhancement,84,48,36
Shadi,stormscale,2119,shaman,enhancement,84,44,40
Maelstrom,eredar,2113,shaman,enhancement,300,167,133
Lovèless,stormscale,2111,shaman,enhancement,36,26,10
Ruffepuffe,twisting-nether,2109,shaman,enhancement,192,107,85
Sparkygødx,twisting-nether,2104,shaman,enhancement,54,33,21
Автозакзак,soulflayer,2104,shaman,enhancement,89,45,44
Sparkyxd,twisting-nether,2102,shaman,enhancement,78,40,38
Etox,darksorrow,2101,shaman,enhancement,108,57,51
Trulylove,tarren-mill,2085,shaman,enhancement,66,34,32
Swapxy,ravencrest,2084,shaman,enhancement,54,33,21
Yashëa,ysondre,2069,shaman,enhancement,73,59,14
Møldør,tarren-mill,2061,shaman,enhancement,108,71,37
Бафамет,blackscar,2057,shaman,enhancement,54,32,22
Plsdontpress,stormscale,2053,shaman,enhancement,103,62,41
Shambolicc,kazzak,2042,shaman,enhancement,114,59,55
Читорра,gordunni,2038,shaman,enhancement,96,51,45
Stribbzz,stormscale,2035,shaman,enhancement,214,122,92
Sillaas,ysondre,2020,shaman,enhancement,120,55,65
Hexmex,stormreaver,2016,shaman,enhancement,130,71,59
Uhøfligeulf,draenor,2013,shaman,enhancement,65,35,30
Arslos,twisting-nether,2010,shaman,enhancement,50,39,11
Gúîtårgøð,sanguino,2010,shaman,enhancement,82,41,41
Syllaas,ysondre,2007,shaman,enhancement,72,39,33
Shamanyxx,tarren-mill,2007,shaman,enhancement,78,42,36
Daybidaybi,stormscale,2006,shaman,enhancement,64,38,26
Нарленд,gordunni,2003,shaman,enhancement,114,61,53
Feetaddict,kazzak,2000,shaman,enhancement,82,48,34
Wishsteen,stormscale,2000,shaman,enhancement,83,47,36
Babalahziz,ysondre,1999,shaman,enhancement,95,68,27
Yüri,stormscale,1998,shaman,enhancement,265,132,133
Horelio,sanguino,1995,shaman,enhancement,159,94,65
Nuarishaman,kazzak,1993,shaman,enhancement,48,33,15
Shukhevych,kazzak,1993,shaman,enhancement,65,40,25
Chakafuyo,dun-modr,1986,shaman,enhancement,62,37,25
Acidtrips,thrall,1985,shaman,enhancement,54,30,24
Инсэйнгод,soulflayer,1983,shaman,enhancement,63,32,31
Testosterone,dun-modr,1980,shaman,enhancement,71,44,27
Kweng,stormreaver,1978,shaman,enhancement,127,68,59
Viablous,ravencrest,1977,shaman,enhancement,148,96,52
Turbostruck,ravencrest,1977,shaman,enhancement,102,46,56
Karpsham,stormscale,1972,shaman,enhancement,127,61,66
Oldveteran,eredar,1968,shaman,enhancement,90,56,34
Hermerejildo,tarren-mill,1965,shaman,enhancement,60,35,25
Asaakira,blackmoore,1961,shaman,enhancement,205,107,98
Critonian,twisting-nether,1957,shaman,enhancement,63,35,28
Milheroj,tarren-mill,1957,shaman,enhancement,141,74,67
Qnanen,blackmoore,1953,shaman,enhancement,56,38,18
Ниу,thermaplugg,1949,shaman,enhancement,54,32,22
Deaslow,hyjal,1946,shaman,enhancement,142,81,61
Shadiqt,stormscale,1942,shaman,enhancement,60,31,29
Lokes,drakthul,1940,shaman,enhancement,190,102,88
Stensham,stormreaver,1936,shaman,enhancement,53,33,20
Morguk,zuljin,1936,shaman,enhancement,91,53,38
Tosemist,stormscale,1932,shaman,enhancement,64,38,26
Brokenguyman,defias-brotherhood,1924,shaman,enhancement,52,31,21
Skullstorm,talnivarr,1921,shaman,enhancement,68,41,27
Alterem,kazzak,1914,shaman,enhancement,84,48,36
Trulylove,outland,1913,shaman,enhancement,77,36,41
Shïnnøk,stormscale,1910,shaman,enhancement,418,209,209
Wóllff,archimonde,1906,shaman,enhancement,60,31,29
Yombaï,archimonde,1906,shaman,enhancement,132,63,69
Тандервульф,howling-fjord,1905,shaman,enhancement,119,65,54
Тиидишам,blackscar,1905,shaman,enhancement,143,72,71
Pusspatrol,kazzak,1904,shaman,enhancement,66,32,34
Вандерласт,howling-fjord,1903,shaman,enhancement,78,51,27
Arhitopg,silvermoon,1903,shaman,enhancement,120,64,56
Taktouka,archimonde,1902,shaman,enhancement,65,31,34
Panzarkamp,stormscale,1894,shaman,enhancement,95,58,37
Gottiy,blackhand,1893,shaman,enhancement,102,50,52
Gromzog,twisting-nether,1890,shaman,enhancement,48,31,17
Shamarach,sylvanas,1884,shaman,enhancement,42,29,13
Enhshamanop,draenor,1883,shaman,enhancement,204,102,102
Nnele,sanguino,1881,shaman,enhancement,60,29,31
Blitzmann,outland,1879,shaman,enhancement,54,30,24
Matchstíck,draenor,1875,shaman,enhancement,60,31,29
Sozetwo,tarren-mill,1873,shaman,enhancement,34,24,10
Xa,blackrock,1873,shaman,enhancement,54,31,23
Shambolicc,ravencrest,1872,shaman,enhancement,65,29,36
Jtouni,outland,1869,shaman,enhancement,72,37,35
Ятебясмету,gordunni,1867,shaman,enhancement,48,32,16
Jäy,twisting-nether,1867,shaman,enhancement,58,31,27
Ниокумибейт,soulflayer,1866,shaman,enhancement,52,34,18
Вудумастер,gordunni,1866,shaman,enhancement,107,62,45
Бренненд,howling-fjord,1865,shaman,enhancement,128,71,57
Falseshepard,kazzak,1863,shaman,enhancement,54,29,25
Disciplé,blackmoore,1862,shaman,enhancement,65,34,31
Naochí,silvermoon,1857,shaman,enhancement,35,23,12
Shamhaár,blackmoore,1856,shaman,enhancement,88,55,33
Hanrej,draenor,1856,shaman,enhancement,60,37,23
Frankone,outland,1856,shaman,enhancement,168,94,74
Radåhn,outland,1854,shaman,enhancement,72,44,28
Ázøk,stormscale,1853,shaman,enhancement,160,84,76
Zarkab,ysondre,1852,shaman,enhancement,70,50,20
Meatballspam,stormscale,1850,shaman,enhancement,59,31,28
Boombastíc,ravencrest,1850,shaman,enhancement,95,48,47
Chatbanned,blackmoore,1849,shaman,enhancement,42,25,17
Вацунвец,goldrinn,1849,shaman,enhancement,133,70,63
Toteemikylpy,argent-dawn,1848,shaman,enhancement,54,38,16
Totemofgreed,rexxar,1843,shaman,enhancement,84,40,44
Mittyzap,kazzak,1842,shaman,enhancement,66,40,26
Сахарокь,soulflayer,1840,shaman,enhancement,42,27,15
Shrektar,outland,1839,shaman,enhancement,36,22,14
Androck,tarren-mill,1839,shaman,enhancement,64,36,28
Sangoma,frostmane,1838,shaman,enhancement,178,88,90
Kulefesk,grim-batol,1837,shaman,enhancement,66,33,33
Actionhank,area-52,1834,shaman,enhancement,57,30,27
Zetorgg,burning-legion,1832,shaman,enhancement,71,36,35
Херургх,soulflayer,1828,shaman,enhancement,74,48,26
Друггрумилей,soulflayer,1828,shaman,enhancement,42,24,18
Mírídíuss,silvermoon,1827,shaman,enhancement,35,25,10
Salvadr,zuljin,1827,shaman,enhancement,70,39,31
Пеклоь,soulflayer,1827,shaman,enhancement,141,68,73
Stormkiler,defias-brotherhood,1826,shaman,enhancement,83,36,47
Шаманмиша,gordunni,1825,shaman,enhancement,36,25,11
Lavadelrey,drakthul,1824,shaman,enhancement,48,25,23
Ananasanax,twisting-nether,1823,shaman,enhancement,114,63,51
Floorislava,culte-de-la-rive-noire,1822,shaman,enhancement,84,43,41
Shammyenh,burning-legion,1820,shaman,enhancement,42,29,13
Phobiatics,thrall,1820,shaman,enhancement,41,28,13
Talrall,twisting-nether,1820,shaman,enhancement,66,35,31
Senroxx,blackrock,1818,shaman,enhancement,48,32,16
Пэппивкашке,howling-fjord,1818,shaman,enhancement,38,23,15
Altarian,nemesis,1818,shaman,enhancement,58,32,26
Argotan,drakthul,1817,shaman,enhancement,71,43,28
Mckoy,kazzak,1816,shaman,enhancement,40,27,13
Чаапалах,blackscar,1816,shaman,enhancement,174,87,87
Bullx,magtheridon,1815,shaman,enhancement,78,43,35
Marohk,uldum,1815,shaman,enhancement,42,22,20
Слакербэдбой,gordunni,1814,shaman,enhancement,78,35,43
Рэггдолл,soulflayer,1814,shaman,enhancement,96,43,53
Stormasaurus,anachronos,1813,shaman,enhancement,52,34,18
Bikdig,dun-modr,1812,shaman,enhancement,78,47,31
Mèátßãllgøðx,kazzak,1812,shaman,enhancement,129,65,64
Ganachimby,zuljin,1811,shaman,enhancement,36,27,9
Eysns,blackrock,1811,shaman,enhancement,70,42,28
Zulren,draenor,1811,shaman,enhancement,42,23,19
Вацустайл,goldrinn,1810,shaman,enhancement,48,32,16
Dshaman,aegwynn,1810,shaman,enhancement,36,23,13
Wishstêên,stormscale,1809,shaman,enhancement,64,29,35
Pumpzuat,khadgar,1808,shaman,enhancement,24,20,4
Roxâm,hyjal,1808,shaman,enhancement,34,20,14
Xestil,blackmoore,1808,shaman,enhancement,67,36,31
Blastoiselol,ragnaros,1807,shaman,enhancement,52,34,18
Реактиватор,soulflayer,1803,shaman,enhancement,47,27,20
Spicemélange,archimonde,1802,shaman,enhancement,64,37,27
Krónm,dun-modr,1801,shaman,enhancement,41,28,13
Calvey,magtheridon,1799,shaman,enhancement,82,37,45
Proccq,twisting-nether,1795,shaman,enhancement,48,24,24
Azrs,ravencrest,1794,shaman,enhancement,102,57,45
Tâktoukâ,archimonde,1794,shaman,enhancement,100,55,45
Rabalalaha,twisting-nether,1794,shaman,enhancement,164,87,77
Shamflurry,ravencrest,1793,shaman,enhancement,42,29,13
Veloudinos,twisting-nether,1793,shaman,enhancement,107,71,36
Kishock,tarren-mill,1793,shaman,enhancement,30,19,11
Shockxy,norgannon,1792,shaman,enhancement,46,23,23
Shamtard,frostwhisper,1790,shaman,enhancement,169,85,84
Thunberg,ravencrest,1788,shaman,enhancement,71,42,29
Yacu,blackrock,1786,shaman,enhancement,77,43,34
Shadijr,stormscale,1785,shaman,enhancement,42,24,18
Schoølbøyq,blackrock,1784,shaman,enhancement,30,19,11
Rëalg,zuljin,1783,shaman,enhancement,65,43,22
Pontifhkas,ragnaros,1783,shaman,enhancement,87,55,32
Dhedge,draenor,1783,shaman,enhancement,54,33,21
Moini,eredar,1783,shaman,enhancement,54,28,26
Calveyy,magtheridon,1780,shaman,enhancement,45,28,17
Grende,sylvanas,1778,shaman,enhancement,96,51,45
Satanloveme,stormscale,1777,shaman,enhancement,42,22,20
Nevergroundx,perenolde,1776,shaman,enhancement,42,27,15
Wúh,twisting-nether,1775,shaman,enhancement,96,56,40
Pumpcok,durotan,1774,shaman,enhancement,42,30,12
Шаманутый,soulflayer,1774,shaman,enhancement,107,54,53
Basz,aegwynn,1773,shaman,enhancement,53,30,23
Pýthøn,silvermoon,1772,shaman,enhancement,54,27,27
Vayshibro,turalyon,1770,shaman,enhancement,66,36,30
Ryhèn,stormscale,1769,shaman,enhancement,186,105,81
Zulmalis,twisting-nether,1768,shaman,enhancement,58,33,25
Obrijames,tarren-mill,1764,shaman,enhancement,76,46,30
Sígrun,aegwynn,1758,shaman,enhancement,42,28,14
Dóómd,kazzak,1758,shaman,enhancement,60,31,29
Китраст,soulflayer,1756,shaman,enhancement,34,19,15
Видарх,soulflayer,1756,shaman,enhancement,42,20,22
Gelthan,zuljin,1755,shaman,enhancement,176,96,80
Pvegame,tarren-mill,1752,shaman,enhancement,72,44,28
Ñøs,blackrock,1749,shaman,enhancement,102,55,47
Echoingshock,argent-dawn,1746,shaman,enhancement,48,32,16
Stormdrak,eredar,1741,shaman,enhancement,42,29,13
Agathoulis,burning-legion,1741,shaman,enhancement,42,28,14
Максобман,howling-fjord,1741,shaman,enhancement,42,24,18
Wacomtablet,kazzak,1736,shaman,enhancement,36,19,17
Tobanga,malganis,1730,shaman,enhancement,48,29,19
Kynaz,sanguino,1730,shaman,enhancement,147,71,76
Corvux,tarren-mill,1727,shaman,enhancement,48,23,25
Халльбьерн,howling-fjord,1726,shaman,enhancement,60,36,24
Sswf,kazzak,1725,shaman,enhancement,24,18,6
Obryss,tarren-mill,1725,shaman,enhancement,29,19,10
Shamerific,magtheridon,1724,shaman,enhancement,48,35,13
Madboys,kazzak,1723,shaman,enhancement,72,39,33
Dalgia,tarren-mill,1722,shaman,enhancement,42,25,17
Painshock,outland,1720,shaman,enhancement,93,52,41
Xôàrqt,eredar,1719,shaman,enhancement,209,110,99
Raidwhipper,twisting-nether,1718,shaman,enhancement,54,39,15
Snëakyboom,stormscale,1717,shaman,enhancement,96,46,50
Sybred,twisting-nether,1716,shaman,enhancement,114,67,47
Тралси,howling-fjord,1715,shaman,enhancement,24,18,6
Ozilie,khaz-modan,1714,shaman,enhancement,53,34,19
Yogan,dun-modr,1714,shaman,enhancement,62,35,27
Hayvaan,blackrock,1712,shaman,enhancement,168,101,67
Stormbreáker,twisting-nether,1711,shaman,enhancement,172,101,71
Tito,stormscale,1708,shaman,enhancement,66,28,38
Enhx,ravencrest,1707,shaman,enhancement,36,23,13
Joanna,frostwolf,1705,shaman,enhancement,60,28,32
Groyaboý,blackrock,1704,shaman,enhancement,24,18,6
Fotmburstwin,blackmoore,1704,shaman,enhancement,42,27,15
Fözk,outland,1704,shaman,enhancement,42,24,18
Plockepinn,ravencrest,1704,shaman,enhancement,78,37,41
Athe,conseil-des-ombres,1703,shaman,enhancement,36,23,13
Naïda,conseil-des-ombres,1703,shaman,enhancement,192,97,95
Сидог,soulflayer,1701,shaman,enhancement,24,18,6
Caelx,ragnaros,1698,shaman,enhancement,24,18,6
Monamour,twisting-nether,1698,shaman,enhancement,66,40,26
Lersham,the-maelstrom,1698,shaman,enhancement,54,32,22
Lurkmon,twisting-nether,1698,shaman,enhancement,106,57,49
Enhahaha,tarren-mill,1697,shaman,enhancement,36,23,13
Nerfrets,malganis,1696,shaman,enhancement,72,46,26
Aswøg,kazzak,1695,shaman,enhancement,30,21,9
Hezdnalien,aegwynn,1694,shaman,enhancement,89,48,41
Khrin,blackmoore,1693,shaman,enhancement,42,27,15
Lavarage,kazzak,1691,shaman,enhancement,33,23,10
Noboorst,stormscale,1691,shaman,enhancement,42,23,19
Masztaar,ragnaros,1691,shaman,enhancement,94,49,45
Typhoön,sanguino,1691,shaman,enhancement,253,131,122
Халльбиорн,gordunni,1691,shaman,enhancement,67,32,35
Царьбер,soulflayer,1690,shaman,enhancement,80,45,35
Voodoohexman,kazzak,1689,shaman,enhancement,77,48,29
Høwlstørmx,ravencrest,1687,shaman,enhancement,31,22,9
Volvíc,tichondrius,1687,shaman,enhancement,42,22,20
Smozze,grim-batol,1685,shaman,enhancement,147,78,69
Ripstorm,sylvanas,1685,shaman,enhancement,48,24,24
Mehex,tarren-mill,1685,shaman,enhancement,54,26,28
Thorâ,frostmane,1683,shaman,enhancement,65,48,17
Пойдипокури,howling-fjord,1683,shaman,enhancement,108,63,45
Chêlëx,silvermoon,1682,shaman,enhancement,164,89,75
Dzandell,silvermoon,1682,shaman,enhancement,58,25,33
Tinysalmon,hyjal,1681,shaman,enhancement,30,18,12
Взалходил,soulflayer,1680,shaman,enhancement,41,21,20
Wheygodx,ravencrest,1679,shaman,enhancement,93,49,44
Hassebolt,draenor,1678,shaman,enhancement,42,25,17
Spaltbart,blackmoore,1677,shaman,enhancement,66,36,30
Ferconex,kazzak,1676,shaman,enhancement,48,28,20
Turbopuddi,kazzak,1676,shaman,enhancement,83,43,40
Kedall,archimonde,1676,shaman,enhancement,66,32,34
Doomëd,drakthul,1675,shaman,enhancement,48,24,24
Ewion,dalvengyr,1674,shaman,enhancement,54,40,14
Greythunda,archimonde,1672,shaman,enhancement,36,23,13
Гоэл,ashenvale,1672,shaman,enhancement,42,26,16
Makaar,blackrock,1672,shaman,enhancement,48,26,22
Bluetide,ravencrest,1671,shaman,enhancement,51,34,17
Шанья,gordunni,1671,shaman,enhancement,90,43,47
Pumanii,silvermoon,1669,shaman,enhancement,60,32,28
Vartarius,arthas,1669,shaman,enhancement,66,34,32
Spetsnazz,archimonde,1667,shaman,enhancement,206,102,104
Isucklasso,aegwynn,1664,shaman,enhancement,54,32,22
Cåmilis,archimonde,1664,shaman,enhancement,60,33,27
Neurax,sanguino,1663,shaman,enhancement,88,47,41
Recaim,outland,1663,shaman,enhancement,36,19,17
Grytkungen,daggerspine,1662,shaman,enhancement,56,34,22
Testogodx,defias-brotherhood,1662,shaman,enhancement,81,46,35
Khelyyn,tarren-mill,1662,shaman,enhancement,76,39,37
Rayoton,burning-legion,1662,shaman,enhancement,72,35,37
Darkning,kazzak,1661,shaman,enhancement,48,29,19
Nibblez,aegwynn,1659,shaman,enhancement,78,50,28
Narevoqi,madmortem,1658,shaman,enhancement,34,22,12
Nînadobrevx,stormscale,1658,shaman,enhancement,141,80,61
Faxsham,draenor,1655,shaman,enhancement,36,23,13
Tartakos,ravencrest,1652,shaman,enhancement,61,36,25
Ludwigson,tarren-mill,1652,shaman,enhancement,98,57,41
Лолимин,borean-tundra,1651,shaman,enhancement,51,33,18
Kilomanjaro,bloodfeather,1651,shaman,enhancement,60,32,28
Tdogfx,blackhand,1650,shaman,enhancement,42,26,16
Purgelord,tarren-mill,1650,shaman,enhancement,80,49,31
Trenhard,wildhammer,1648,shaman,enhancement,65,46,19
Groumgard,hyjal,1648,shaman,enhancement,50,30,20
Teknorave,dun-modr,1645,shaman,enhancement,36,21,15
Onebutton,archimonde,1644,shaman,enhancement,30,21,9
Элементи,gordunni,1644,shaman,enhancement,190,105,85
Ecclîpce,archimonde,1643,shaman,enhancement,84,49,35
Defiaz,stormscale,1642,shaman,enhancement,52,38,14
Javaburst,ragnaros,1642,shaman,enhancement,84,44,40
Spacelazers,twisting-nether,1641,shaman,enhancement,29,19,10
Энха,howling-fjord,1641,shaman,enhancement,36,21,15
Порнёреф,howling-fjord,1638,shaman,enhancement,165,98,67
Shambamm,stormscale,1637,shaman,enhancement,54,31,23
Tornis,terokkar,1637,shaman,enhancement,102,55,47
Чесп,ashenvale,1636,shaman,enhancement,66,36,30
Ашхикиган,howling-fjord,1636,shaman,enhancement,72,30,42
Elemoont,tarren-mill,1633,shaman,enhancement,48,28,20
Legitbro,ravencrest,1633,shaman,enhancement,48,22,26
Paintball,kazzak,1632,shaman,enhancement,120,65,55
Argarok,argent-dawn,1630,shaman,enhancement,36,22,14
Sswfx,kazzak,1630,shaman,enhancement,30,17,13
Jabaraklol,stormscale,1629,shaman,enhancement,94,58,36
Shamrún,sylvanas,1629,shaman,enhancement,60,37,23
Gnubbzer,antonidas,1628,shaman,enhancement,42,24,18
Lilmozart,twisting-nether,1628,shaman,enhancement,35,18,17
Láynert,dun-modr,1628,shaman,enhancement,294,145,149
Medistød,draenor,1627,shaman,enhancement,92,56,36
Djimin,sanguino,1627,shaman,enhancement,42,22,20
Johncoltrane,archimonde,1626,shaman,enhancement,54,36,18
Äijä,chromaggus,1626,shaman,enhancement,72,41,31
Ùseless,archimonde,1626,shaman,enhancement,36,20,16
Traktorchox,draenor,1626,shaman,enhancement,45,24,21
Эбгерсон,soulflayer,1625,shaman,enhancement,222,119,103
Funkins,hyjal,1625,shaman,enhancement,49,25,24
Канамаш,borean-tundra,1624,shaman,enhancement,42,27,15
Chamkalix,sanguino,1623,shaman,enhancement,72,37,35
Reparagos,sanguino,1622,shaman,enhancement,47,27,20
Úpli,blackmoore,1621,shaman,enhancement,30,18,12
Twists,sylvanas,1621,shaman,enhancement,36,21,15
Ubramovitch,hyjal,1619,shaman,enhancement,42,24,18
Маелштромс,soulflayer,1619,shaman,enhancement,42,21,21
Зэбой,howling-fjord,1616,shaman,enhancement,50,33,17
Kæzx,blackrock,1616,shaman,enhancement,66,34,32
Werdup,sunstrider,1616,shaman,enhancement,44,19,25
Иннреи,howling-fjord,1614,shaman,enhancement,75,46,29
Björnbritta,outland,1614,shaman,enhancement,41,23,18
Царьколтрэйн,blackscar,1613,shaman,enhancement,107,56,51
Tiuzzo,alakir,1612,shaman,enhancement,30,19,11
Ореганно,howling-fjord,1611,shaman,enhancement,72,40,32
Jondil,das-syndikat,1611,shaman,enhancement,71,37,34
Skilltissue,executus,1611,shaman,enhancement,54,27,27
Toxicnux,nemesis,1610,shaman,enhancement,48,28,20
Чухансмент,gordunni,1610,shaman,enhancement,63,33,30
Лапища,soulflayer,1609,shaman,enhancement,103,62,41
Acivich,frostmane,1609,shaman,enhancement,42,23,19
Benderbub,blackhand,1609,shaman,enhancement,130,70,60
Totemticks,aegwynn,1609,shaman,enhancement,48,25,23
Yobro,archimonde,1608,shaman,enhancement,54,32,22
Шокмужик,gordunni,1608,shaman,enhancement,60,28,32
Voodooms,laughing-skull,1607,shaman,enhancement,77,47,30
Cealdlynn,blackmoore,1607,shaman,enhancement,41,24,17
Elémenta,turalyon,1607,shaman,enhancement,48,27,21
Mõrax,ysondre,1607,shaman,enhancement,163,82,81
Ancestro,kazzak,1606,shaman,enhancement,60,32,28
Zutemaster,stormscale,1605,shaman,enhancement,48,24,24
Palmalecki,ravencrest,1605,shaman,enhancement,60,27,33
Grrud,draenor,1604,shaman,enhancement,42,23,19
Sêarix,aegwynn,1603,shaman,enhancement,48,31,17
Shocktopussi,stormscale,1603,shaman,enhancement,51,32,19
Moaxtyr,blackmoore,1601,shaman,enhancement,42,29,13
Griins,ravencrest,1601,shaman,enhancement,78,47,31
Boradinn,hyjal,1601,shaman,enhancement,36,21,15
Vulkân,silvermoon,1601,shaman,enhancement,176,97,79
Venomos,kazzak,1601,shaman,enhancement,39,18,21
Tijae,ravencrest,1600,shaman,enhancement,24,19,5
Buuddha,drakthul,1600,shaman,enhancement,71,39,32
Mmsalatik,nemesis,1600,shaman,enhancement,36,19,17
Amelie,burning-steppes,1597,shaman,enhancement,42,24,18
Sndheal,kazzak,1596,shaman,enhancement,24,19,5
Loshohealva,stormscale,1596,shaman,enhancement,48,26,22
Patsham,wildhammer,1595,shaman,enhancement,125,72,53
Zakgar,ysondre,1594,shaman,enhancement,78,41,37
Ekinoz,outland,1593,shaman,enhancement,38,20,18
Wafflë,ragnaros,1593,shaman,enhancement,57,29,28
Belroc,ravencrest,1591,shaman,enhancement,36,19,17
Purgerooni,haomarush,1588,shaman,enhancement,28,18,10
Stalkun,elune,1588,shaman,enhancement,48,24,24
Дефибо,howling-fjord,1584,shaman,enhancement,176,93,83
Epicenter,bloodscalp,1584,shaman,enhancement,48,24,24
Kammek,tarren-mill,1583,shaman,enhancement,81,48,33
Krassus,drakthul,1583,shaman,enhancement,53,31,22
Skyróxx,blackrock,1583,shaman,enhancement,41,22,19
Voodoodocter,kazzak,1583,shaman,enhancement,71,32,39
Kachori,eredar,1581,shaman,enhancement,60,26,34
Цс,azuregos,1579,shaman,enhancement,116,63,53
Brenhilda,blackmoore,1578,shaman,enhancement,72,46,26
Estasham,stormscale,1576,shaman,enhancement,132,73,59
Commadore,korgall,1574,shaman,enhancement,36,18,18
Ubies,silvermoon,1573,shaman,enhancement,81,45,36
Madmadbro,tarren-mill,1572,shaman,enhancement,198,104,94
Wertih,burning-legion,1570,shaman,enhancement,56,35,21
Ваншотстайлз,soulflayer,1569,shaman,enhancement,52,26,26
Juniyaa,blackrock,1566,shaman,enhancement,53,29,24
Azzizael,argent-dawn,1566,shaman,enhancement,108,55,53
Razzuan,kazzak,1564,shaman,enhancement,33,18,15
Earthhulk,thrall,1564,shaman,enhancement,40,21,19
Irønythar,drakthul,1563,shaman,enhancement,42,23,19
Tescriamelio,ysondre,1561,shaman,enhancement,30,19,11
Sûmmêrz,ravencrest,1560,shaman,enhancement,36,22,14
Ромчи,gordunni,1559,shaman,enhancement,30,17,13
Элетеми,soulflayer,1558,shaman,enhancement,83,45,38
Bumbummann,blackmoore,1558,shaman,enhancement,112,55,57
Bourdieu,thrall,1553,shaman,enhancement,69,40,29
Shawck,ravencrest,1552,shaman,enhancement,46,25,21
Kenseienh,kazzak,1552,shaman,enhancement,197,105,92
Juicewillis,defias-brotherhood,1551,shaman,enhancement,66,43,23
Ðrshock,blackmoore,1551,shaman,enhancement,30,17,13
Megazz,drakthul,1548,shaman,enhancement,48,26,22
Zayliha,ravencrest,1547,shaman,enhancement,36,20,16
Elèon,blackrock,1547,shaman,enhancement,119,54,65
Apexpredlol,blackmoore,1546,shaman,enhancement,90,42,48
Kættmæck,tarren-mill,1545,shaman,enhancement,58,29,29
Raveell,defias-brotherhood,1545,shaman,enhancement,82,38,44
Kijin,kirin-tor,1541,shaman,enhancement,102,52,50
Soomx,hyjal,1539,shaman,enhancement,86,45,41
Explôsive,silvermoon,1539,shaman,enhancement,78,39,39
Людоед,thermaplugg,1538,shaman,enhancement,102,54,48
Kutipaperi,stormscale,1537,shaman,enhancement,60,33,27
Hexwife,archimonde,1537,shaman,enhancement,115,57,58
Justweirdaf,blackmoore,1536,shaman,enhancement,77,43,34
Mesrines,archimonde,1536,shaman,enhancement,42,22,20
Jeki,ysondre,1534,shaman,enhancement,132,63,69
Kuzsham,archimonde,1534,shaman,enhancement,39,18,21
Garulf,twisting-nether,1532,shaman,enhancement,42,19,23
Kanaky,hyjal,1531,shaman,enhancement,63,30,33
Vforvendeta,defias-brotherhood,1530,shaman,enhancement,54,28,26
Онеоне,deathweaver,1530,shaman,enhancement,36,17,19
Sonnestorm,tarren-mill,1528,shaman,enhancement,24,16,8
Joanno,aegwynn,1527,shaman,enhancement,18,16,2
Шампуньхан,blackscar,1527,shaman,enhancement,76,33,43
Tóyzz,ravencrest,1526,shaman,enhancement,42,27,15
Пивототем,gordunni,1526,shaman,enhancement,38,23,15
Thalir,aegwynn,1526,shaman,enhancement,67,30,37
Depucova,silvermoon,1525,shaman,enhancement,36,24,12
Axilary,tarren-mill,1525,shaman,enhancement,24,16,8
Cripxo,sanguino,1523,shaman,enhancement,18,16,2
Szublime,stormscale,1523,shaman,enhancement,66,35,31
Gandy,the-maelstrom,1522,shaman,enhancement,114,55,59
Chendra,scarshield-legion,1521,shaman,enhancement,119,57,62
Krovn,aszune,1521,shaman,enhancement,60,27,33
Thralgr,sylvanas,1521,shaman,enhancement,42,18,24
Kosface,tarren-mill,1520,shaman,enhancement,148,76,72
Ðelenis,dun-modr,1520,shaman,enhancement,48,23,25
Kaimountain,defias-brotherhood,1519,shaman,enhancement,30,16,14
Одтагад,gordunni,1518,shaman,enhancement,60,31,29
Lupisregina,silvermoon,1517,shaman,enhancement,24,16,8
Чифсоса,soulflayer,1517,shaman,enhancement,30,16,14
Puumbaa,defias-brotherhood,1517,shaman,enhancement,48,25,23
Zappyfingers,ravencrest,1516,shaman,enhancement,48,33,15
Silden,thrall,1511,shaman,enhancement,18,16,2
Romacherry,aegwynn,1511,shaman,enhancement,125,69,56
Deathshamãn,stormscale,1511,shaman,enhancement,36,18,18
Духсалата,grom,1511,shaman,enhancement,36,16,20
Totemlover,draenor,1510,shaman,enhancement,100,59,41
Tarantan,eredar,1510,shaman,enhancement,61,32,29
Жуксик,greymane,1509,shaman,enhancement,66,31,35
Gøretterøg,ysondre,1507,shaman,enhancement,25,16,9
Fatflop,sylvanas,1507,shaman,enhancement,66,37,29
Пучмек,gordunni,1502,shaman,enhancement,30,22,8
Ïï,archimonde,1502,shaman,enhancement,153,77,76
Rakermän,dun-modr,1501,shaman,enhancement,34,19,15
Гексанол,soulflayer,1499,shaman,enhancement,66,36,30
Îzanami,ravencrest,1495,shaman,enhancement,114,62,52
Rehgar,frostwhisper,1494,shaman,enhancement,48,22,26
Sházam,destromath,1493,shaman,enhancement,24,16,8
Alethea,frostmane,1491,shaman,enhancement,66,33,33
Nekmay,archimonde,1490,shaman,enhancement,24,16,8
Nargrul,tarren-mill,1490,shaman,enhancement,50,31,19
Nexdown,archimonde,1490,shaman,enhancement,57,28,29
Atée,silvermoon,1490,shaman,enhancement,87,42,45
Crowness,ragnaros,1488,shaman,enhancement,24,16,8
Vascodagama,twisting-nether,1488,shaman,enhancement,48,28,20
Boulggour,chogall,1485,shaman,enhancement,48,26,22
Arashi,rashgarroth,1484,shaman,enhancement,60,32,28
Гусан,booty-bay,1483,shaman,enhancement,55,26,29
Shockthat,draenor,1479,shaman,enhancement,82,50,32
Hulcky,grim-batol,1479,shaman,enhancement,60,32,28
Shyrion,onyxia,1478,shaman,enhancement,72,33,39
Xxloon,blackrock,1477,shaman,enhancement,60,36,24
Chimp,lightnings-blade,1475,shaman,enhancement,36,21,15
Rocktopus,outland,1475,shaman,enhancement,57,27,30
Enigmar,stormscale,1471,shaman,enhancement,93,43,50
Otacboziji,sylvanas,1470,shaman,enhancement,54,23,31
Mcbloob,kazzak,1469,shaman,enhancement,81,39,42
Shaayys,archimonde,1468,shaman,enhancement,84,39,45
Shamãn,draenor,1467,shaman,enhancement,42,19,23
Raíndra,twisting-nether,1466,shaman,enhancement,36,16,20
Амг,booty-bay,1465,shaman,enhancement,74,45,29
Shamxd,kazzak,1464,shaman,enhancement,65,33,32
Дромгрон,howling-fjord,1463,shaman,enhancement,42,22,20
Apekeeper,silvermoon,1461,shaman,enhancement,60,26,34
Stromkek,eredar,1458,shaman,enhancement,53,29,24
Bolgrath,blackmoore,1457,shaman,enhancement,103,51,52
Nyxoqtx,draenor,1454,shaman,enhancement,24,21,3
Shaakez,kazzak,1454,shaman,enhancement,36,17,19
Pilcosham,frostwhisper,1453,shaman,enhancement,65,29,36
Chaeemerok,dun-modr,1453,shaman,enhancement,42,16,26
Шторсонг,gordunni,1451,shaman,enhancement,74,48,26
Моктрогтар,ashenvale,1449,shaman,enhancement,54,32,22
Løktarøgàr,archimonde,1448,shaman,enhancement,47,25,22
Gerethor,burning-legion,1448,shaman,enhancement,87,39,48
Yaar,alleria,1446,shaman,enhancement,88,51,37
Кинговели,soulflayer,1446,shaman,enhancement,137,64,73
Alphas,draenor,1445,shaman,enhancement,44,26,18
Lokresh,azjolnerub,1444,shaman,enhancement,48,27,21
Botism,draenor,1444,shaman,enhancement,42,18,24
Dirtymiké,tarren-mill,1444,shaman,enhancement,41,16,25
Exolnard,twisting-nether,1442,shaman,enhancement,73,42,31
Oronakgladx,ravencrest,1442,shaman,enhancement,84,41,43
Furrymane,blackmoore,1439,shaman,enhancement,36,24,12
Arkaos,exodar,1439,shaman,enhancement,43,24,19
Perunya,tarren-mill,1438,shaman,enhancement,53,27,26
Watzocham,archimonde,1437,shaman,enhancement,42,22,20
Jasnäh,ysondre,1437,shaman,enhancement,72,33,39
Kyshka,tarren-mill,1436,shaman,enhancement,30,15,15
Stratholmee,drakthul,1432,shaman,enhancement,48,27,21
Blackibird,garona,1431,shaman,enhancement,69,32,37
Джаабб,booty-bay,1430,shaman,enhancement,73,32,41
Лаваяшка,gordunni,1430,shaman,enhancement,48,19,29
Axemodels,archimonde,1429,shaman,enhancement,30,15,15
Dcanne,outland,1428,shaman,enhancement,99,52,47
Yurkën,uldum,1428,shaman,enhancement,60,29,31
Экспл,ashenvale,1428,shaman,enhancement,36,15,21
Stormfíst,tarren-mill,1426,shaman,enhancement,24,15,9
Wolfwesti,outland,1425,shaman,enhancement,36,25,11
Twam,outland,1425,shaman,enhancement,30,19,11
Elektrikci,silvermoon,1425,shaman,enhancement,54,26,28
Durek,sylvanas,1424,shaman,enhancement,47,30,17
Ghostkod,burning-legion,1424,shaman,enhancement,58,34,24
Ойрхин,greymane,1423,shaman,enhancement,30,15,15
Kezron,aegwynn,1422,shaman,enhancement,24,15,9
Zuvx,ravencrest,1420,shaman,enhancement,66,38,28
Rether,nemesis,1420,shaman,enhancement,77,35,42
Mèshuggáh,ravencrest,1419,shaman,enhancement,36,17,19
Барракудах,gordunni,1418,shaman,enhancement,170,76,94
Nwäar,archimonde,1417,shaman,enhancement,36,16,20
Nejbegrov,ravencrest,1417,shaman,enhancement,66,29,37
Tyrox,kirin-tor,1415,shaman,enhancement,54,29,25
Hanumanas,kazzak,1412,shaman,enhancement,25,18,7
Атл,deathguard,1411,shaman,enhancement,74,46,28
Плаглорд,howling-fjord,1410,shaman,enhancement,60,30,30
Valaya,archimonde,1407,shaman,enhancement,108,61,47
Arkîmonde,silvermoon,1406,shaman,enhancement,35,15,20
Кгб,greymane,1405,shaman,enhancement,36,18,18
Язма,grom,1404,shaman,enhancement,54,31,23
Shambambum,blackrock,1403,shaman,enhancement,89,40,49
Noiduttu,tarren-mill,1401,shaman,enhancement,88,55,33
Arabesk,arygos,1399,shaman,enhancement,84,51,33
Lumii,azshara,1399,shaman,enhancement,48,21,27
Bobonbu,forscherliga,1396,shaman,enhancement,29,15,14
Procdaddy,eredar,1396,shaman,enhancement,54,25,29
Hatchum,les-sentinelles,1396,shaman,enhancement,42,17,25
Экспатриот,greymane,1395,shaman,enhancement,60,31,29
Secramas,ragnaros,1394,shaman,enhancement,109,54,55
Frostýx,draenor,1394,shaman,enhancement,33,16,17
Argonautt,drakthul,1394,shaman,enhancement,119,52,67
Neptun,twisting-nether,1393,shaman,enhancement,107,53,54
Laix,khaz-modan,1392,shaman,enhancement,36,17,19
Агмень,howling-fjord,1390,shaman,enhancement,71,31,40
Heeze,doomhammer,1384,shaman,enhancement,136,68,68
Priora,argent-dawn,1383,shaman,enhancement,52,33,19
Chämalö,archimonde,1383,shaman,enhancement,145,76,69
Хрофайс,soulflayer,1379,shaman,enhancement,30,20,10
Лэнгипас,gordunni,1379,shaman,enhancement,137,74,63
Mazokuu,ragnaros,1379,shaman,enhancement,139,74,65
Палачок,eversong,1374,shaman,enhancement,48,27,21
Tahsus,blackmoore,1372,shaman,enhancement,42,20,22
Твалор,soulflayer,1371,shaman,enhancement,38,20,18
Cahuna,stormscale,1371,shaman,enhancement,63,24,39
Mcslammer,kazzak,1370,shaman,enhancement,102,46,56
Enormo,eredar,1368,shaman,enhancement,30,16,14
Panicblast,stormscale,1366,shaman,enhancement,35,15,20
Notoxus,antonidas,1364,shaman,enhancement,78,39,39
Nubokesel,ragnaros,1361,shaman,enhancement,91,44,47
Ðezûga,antonidas,1361,shaman,enhancement,48,22,26
Kïngmuntje,sylvanas,1360,shaman,enhancement,54,28,26
Trîkill,hyjal,1360,shaman,enhancement,60,28,32
Lavashnikov,burning-legion,1357,shaman,enhancement,132,70,62
Басари,gordunni,1357,shaman,enhancement,41,20,21
Тленозавр,gordunni,1352,shaman,enhancement,93,46,47
Nakenfeigy,stormreaver,1349,shaman,enhancement,54,32,22
Рыргаск,howling-fjord,1349,shaman,enhancement,28,16,12
Bacheebg,darksorrow,1348,shaman,enhancement,77,42,35
Chamirox,ysondre,1348,shaman,enhancement,42,17,25
Kunancementa,ravencrest,1346,shaman,enhancement,63,29,34
Exysen,kazzak,1344,shaman,enhancement,24,14,10
Faydé,stormscale,1343,shaman,enhancement,30,14,16
Lassolasse,sylvanas,1341,shaman,enhancement,18,14,4
Selticxz,blackrock,1341,shaman,enhancement,24,14,10
Дрегтан,howling-fjord,1341,shaman,enhancement,71,28,43
Casualhex,argent-dawn,1340,shaman,enhancement,155,71,84
Другалёк,howling-fjord,1338,shaman,enhancement,46,28,18
Залатар,howling-fjord,1337,shaman,enhancement,63,26,37
Fingor,tarren-mill,1336,shaman,enhancement,24,17,7
Gurtok,drakthul,1336,shaman,enhancement,36,22,14
Iicks,blackrock,1333,shaman,enhancement,36,16,20
Boidarbre,sargeras,1331,shaman,enhancement,42,15,27
Реалайзер,blackscar,1330,shaman,enhancement,24,14,10
Faltygo,drakthul,1330,shaman,enhancement,30,14,16
Moodoo,antonidas,1328,shaman,enhancement,53,20,33
Cheetooth,ragnaros,1327,shaman,enhancement,24,14,10
Sparkarse,argent-dawn,1327,shaman,enhancement,54,30,24
Shamanite,drakthul,1326,shaman,enhancement,42,22,20
Апинсмок,soulflayer,1326,shaman,enhancement,65,32,33
Thrâwl,kazzak,1324,shaman,enhancement,18,14,4
Pyrabolt,ravencrest,1323,shaman,enhancement,30,14,16
Kanabi,darkspear,1322,shaman,enhancement,30,14,16
Бигмамуля,booty-bay,1321,shaman,enhancement,36,18,18
Ошиндра,gordunni,1320,shaman,enhancement,28,15,13
Clembute,cthun,1319,shaman,enhancement,48,28,20
Ashmantle,twisting-nether,1316,shaman,enhancement,24,14,10
Skut,zuljin,1316,shaman,enhancement,30,14,16
Ørgus,aegwynn,1314,shaman,enhancement,238,129,109
Itswoland,tarren-mill,1314,shaman,enhancement,28,15,13
Шабыч,deathguard,1312,shaman,enhancement,60,25,35
Outerspace,silvermoon,1309,shaman,enhancement,24,15,9
Maajo,tarren-mill,1309,shaman,enhancement,54,21,33
Броаркар,razuvious,1307,shaman,enhancement,100,54,46
Qauter,hellfire,1305,shaman,enhancement,30,14,16
Persaunne,archimonde,1302,shaman,enhancement,24,15,9
Thormarg,archimonde,1302,shaman,enhancement,48,23,25
Filigran,ragnaros,1302,shaman,enhancement,65,31,34
Blautorkel,amanthul,1302,shaman,enhancement,65,31,34
Shamaray,stormscale,1299,shaman,enhancement,96,52,44
Wedís,outland,1299,shaman,enhancement,42,22,20
Vukroth,argent-dawn,1294,shaman,enhancement,36,20,16
Sunetee,kazzak,1294,shaman,enhancement,54,23,31
Verlas,kazzak,1293,shaman,enhancement,52,26,26
Hexd,defias-brotherhood,1291,shaman,enhancement,66,28,38
Курси,gordunni,1290,shaman,enhancement,180,87,93
Igniis,frostmane,1286,shaman,enhancement,30,19,11
Trollomatic,das-syndikat,1286,shaman,enhancement,54,28,26
Срувтапкии,deathguard,1282,shaman,enhancement,54,29,25
Juliaroberts,ragnaros,1282,shaman,enhancement,93,46,47
Zandali,tarren-mill,1280,shaman,enhancement,78,44,34
Idxbi,kazzak,1279,shaman,enhancement,114,63,51
Manrod,tarren-mill,1279,shaman,enhancement,66,34,32
Rhastasho,archimonde,1271,shaman,enhancement,66,35,31
Delgagalduos,kazzak,1267,shaman,enhancement,48,25,23
Prømetheüs,sanguino,1262,shaman,enhancement,58,35,23
Tornadozzer,burning-legion,1261,shaman,enhancement,36,20,16
Shamaneo,outland,1260,shaman,enhancement,39,26,13
Чернышус,soulflayer,1259,shaman,enhancement,44,20,24
Baineoof,tarren-mill,1259,shaman,enhancement,41,18,23
Psychobarbie,outland,1255,shaman,enhancement,23,14,9
Gõðzilla,blackmoore,1253,shaman,enhancement,34,17,17
Simularcum,kazzak,1252,shaman,enhancement,36,18,18
Тенав,blackscar,1249,shaman,enhancement,48,25,23
Darkstrong,alakir,1248,shaman,enhancement,30,17,13
Ostosmvp,ravencrest,1248,shaman,enhancement,24,13,11
Éàsy,blackmoore,1248,shaman,enhancement,32,16,16
Arcura,twisting-nether,1247,shaman,enhancement,36,21,15
Eclaîr,thrall,1247,shaman,enhancement,30,13,17
Worstshamy,sanguino,1246,shaman,enhancement,18,13,5
Lahur,blackmoore,1246,shaman,enhancement,24,15,9
Громовойбро,blackscar,1242,shaman,enhancement,24,13,11
Tryor,darksorrow,1242,shaman,enhancement,24,13,11
Hichibane,archimonde,1242,shaman,enhancement,30,13,17
Krishun,blackmoore,1242,shaman,enhancement,30,13,17
Nêmônin,perenolde,1241,shaman,enhancement,18,13,5
Katastrofuss,stormscale,1241,shaman,enhancement,53,29,24
Enoughh,the-maelstrom,1241,shaman,enhancement,24,13,11
Noxstorm,frostwolf,1241,shaman,enhancement,48,23,25
Roastbeef,blackrock,1240,shaman,enhancement,38,21,17
Lava,haomarush,1240,shaman,enhancement,24,13,11
Beletili,chogall,1240,shaman,enhancement,65,27,38
Kagurja,blackmoore,1239,shaman,enhancement,18,13,5
Trollden,silvermoon,1239,shaman,enhancement,24,13,11
Чёкнутое,soulflayer,1236,shaman,enhancement,45,26,19
Kolbászlelkü,ragnaros,1236,shaman,enhancement,24,13,11
Movex,arathor,1235,shaman,enhancement,24,13,11
Enkzäm,archimonde,1235,shaman,enhancement,47,23,24
Jameo,drakthul,1235,shaman,enhancement,36,13,23
Karnox,tarren-mill,1235,shaman,enhancement,36,13,23
Тандерхем,gordunni,1234,shaman,enhancement,24,14,10
Видсон,soulflayer,1234,shaman,enhancement,30,14,16
Kargos,stormscale,1234,shaman,enhancement,30,13,17
Convîcted,grim-batol,1230,shaman,enhancement,22,14,8
Cowkiller,minahonda,1229,shaman,enhancement,29,17,12
Элетар,gordunni,1228,shaman,enhancement,60,26,34
Elesilf,sanguino,1226,shaman,enhancement,24,13,11
Blitzviech,aegwynn,1226,shaman,enhancement,29,14,15
Киллдрак,howling-fjord,1225,shaman,enhancement,30,15,15
Slaphappy,hellscream,1221,shaman,enhancement,27,14,13
Mahlga,argent-dawn,1221,shaman,enhancement,102,50,52
Thossa,draenor,1217,shaman,enhancement,82,45,37
Dendyre,outland,1214,shaman,enhancement,29,13,16
Treizelol,ysondre,1210,shaman,enhancement,24,13,11
Rhakhatheckh,nemesis,1208,shaman,enhancement,30,13,17
Yeemayne,outland,1206,shaman,enhancement,18,13,5
Sg,la-croisade-écarlate,1203,shaman,enhancement,55,30,25
Литлсмурф,gordunni,1200,shaman,enhancement,51,21,30
Шамяра,blackscar,1199,shaman,enhancement,18,13,5
Shamomo,hyjal,1199,shaman,enhancement,49,17,32
Tremuchamy,tyrande,1198,shaman,enhancement,39,23,16
Saduria,antonidas,1194,shaman,enhancement,78,44,34
Shreks,frostmane,1194,shaman,enhancement,30,14,16
Bachetobg,darksorrow,1192,shaman,enhancement,53,26,27
Sinkero,hellscream,1192,shaman,enhancement,44,17,27
Allakbarz,stormscale,1190,shaman,enhancement,94,39,55
Talf,tarren-mill,1186,shaman,enhancement,23,13,10
Виндфуриа,gordunni,1185,shaman,enhancement,60,29,31
Быковат,booty-bay,1176,shaman,enhancement,42,16,26
Tashunka,twisting-nether,1175,shaman,enhancement,106,47,59
Grimtøtem,defias-brotherhood,1173,shaman,enhancement,42,18,24
Wolfshade,aggra-português,1172,shaman,enhancement,23,13,10
Yasan,kazzak,1171,shaman,enhancement,37,15,22
Vàlentina,blackmoore,1170,shaman,enhancement,41,24,17
Exinos,sylvanas,1169,shaman,enhancement,35,15,20
Nòrgan,die-aldor,1167,shaman,enhancement,13,13,0
Волкк,soulflayer,1154,shaman,enhancement,37,18,19
Nurychic,twisting-nether,1154,shaman,enhancement,63,24,39
Crespouu,doomhammer,1153,shaman,enhancement,47,25,22
Даркгрон,thermaplugg,1153,shaman,enhancement,36,15,21
Fyrkaz,aegwynn,1152,shaman,enhancement,18,12,6
Gorogoró,kazzak,1152,shaman,enhancement,18,12,6
Тыпроиграл,gordunni,1152,shaman,enhancement,24,12,12
Uselesstwo,archimonde,1152,shaman,enhancement,24,12,12
Cløke,stormscale,1151,shaman,enhancement,18,12,6
Shootinguard,kazzak,1151,shaman,enhancement,18,12,6
Gønêxt,ravencrest,1151,shaman,enhancement,18,12,6
Sangvinus,outland,1151,shaman,enhancement,56,22,34
Altotem,blackmoore,1150,shaman,enhancement,18,12,6
Procctor,kazzak,1149,shaman,enhancement,12,12,0
Litenrolixd,tarren-mill,1149,shaman,enhancement,18,12,6
Scherolol,aegwynn,1149,shaman,enhancement,18,12,6
Dmgaddict,kazzak,1149,shaman,enhancement,24,12,12
Mulf,darksorrow,1148,shaman,enhancement,24,12,12
Shamira,nethersturm,1148,shaman,enhancement,30,12,18
Porphy,kazzak,1147,shaman,enhancement,18,12,6
Famepolîce,blackrock,1147,shaman,enhancement,18,12,6
Kirtach,dun-modr,1146,shaman,enhancement,18,12,6
Lilbantu,ravencrest,1145,shaman,enhancement,24,15,9
Aquæ,suramar,1145,shaman,enhancement,128,68,60
Zevissh,outland,1144,shaman,enhancement,24,12,12
Ishokyou,thrall,1143,shaman,enhancement,32,13,19
Maurrigan,rashgarroth,1142,shaman,enhancement,18,12,6
Hedjin,argent-dawn,1142,shaman,enhancement,48,24,24
Ðexx,stormscale,1141,shaman,enhancement,18,12,6
Shock,magtheridon,1140,shaman,enhancement,29,17,12
Humming,sanguino,1140,shaman,enhancement,27,14,13
Brooce,sylvanas,1140,shaman,enhancement,30,12,18
Patites,twisting-nether,1139,shaman,enhancement,30,13,17
Ipbar,blackrock,1137,shaman,enhancement,24,13,11
Zzadoxor,doomhammer,1134,shaman,enhancement,24,12,12
Pøllemodex,frostwhisper,1132,shaman,enhancement,25,13,12
Madbud,stormscale,1129,shaman,enhancement,23,12,11
Плюжка,greymane,1127,shaman,enhancement,122,62,60
Stormrex,magtheridon,1124,shaman,enhancement,60,31,29
Jaykezap,kazzak,1118,shaman,enhancement,23,12,11
Precíous,sporeggar,1115,shaman,enhancement,34,19,15
Bumm,twisting-nether,1115,shaman,enhancement,36,15,21
Windfury,sylvanas,1113,shaman,enhancement,47,22,25
Акер,deathguard,1108,shaman,enhancement,24,14,10
Тотемныйчад,gordunni,1104,shaman,enhancement,28,13,15
Боргрим,eversong,1104,shaman,enhancement,46,17,29
Biglynx,sanguino,1103,shaman,enhancement,108,60,48
Dakotasham,ravencrest,1102,shaman,enhancement,17,12,5
Eneruswag,draenor,1098,shaman,enhancement,29,14,15
Ипа,thermaplugg,1095,shaman,enhancement,36,18,18
Тоннимонтана,howling-fjord,1090,shaman,enhancement,20,13,7
Janserey,burning-legion,1090,shaman,enhancement,30,12,18
Kertunsisko,emeriss,1088,shaman,enhancement,36,12,24
Kringspierce,twisting-nether,1086,shaman,enhancement,55,34,21
Хмелецкий,soulflayer,1085,shaman,enhancement,30,18,12
Khamo,twisting-nether,1085,shaman,enhancement,23,12,11
Eleboss,frostwolf,1082,shaman,enhancement,42,24,18
Wargriman,kelthuzad,1081,shaman,enhancement,24,15,9
Эсфира,ashenvale,1079,shaman,enhancement,41,20,21
Snoc,guldan,1077,shaman,enhancement,57,26,31
Bábbajaggí,blackrock,1077,shaman,enhancement,30,13,17
Namrdak,quelthalas,1071,shaman,enhancement,24,13,11
Анашишка,borean-tundra,1069,shaman,enhancement,42,16,26
Zmech,chamber-of-aspects,1068,shaman,enhancement,25,12,13
Hodir,bronzebeard,1064,shaman,enhancement,22,12,10
Oddsocks,stormscale,1064,shaman,enhancement,30,12,18
Blutschrei,tarren-mill,1063,shaman,enhancement,75,26,49
Vaesk,auchindoun,1062,shaman,enhancement,24,12,12
Харрум,soulflayer,1061,shaman,enhancement,56,29,27
Daelements,shadowsong,1059,shaman,enhancement,27,13,14
Esciamano,nemesis,1056,shaman,enhancement,35,23,12
Enh,archimonde,1056,shaman,enhancement,18,11,7
Kärmá,stormscale,1056,shaman,enhancement,18,11,7
Axiiom,draenor,1056,shaman,enhancement,18,11,7
Fòóxi,ravencrest,1056,shaman,enhancement,156,82,74
Kelvok,silvermoon,1055,shaman,enhancement,18,11,7
Pay,stormscale,1055,shaman,enhancement,18,11,7
Юрахафанбой,blackscar,1055,shaman,enhancement,18,11,7
Shámi,gilneas,1055,shaman,enhancement,24,11,13
Иллюминэйшн,soulflayer,1055,shaman,enhancement,24,11,13
Trobø,ravencrest,1055,shaman,enhancement,33,12,21
Berserked,emeriss,1054,shaman,enhancement,18,11,7
Eliaap,antonidas,1054,shaman,enhancement,153,71,82
Electricgødx,tarren-mill,1053,shaman,enhancement,18,11,7
Drexx,thrall,1053,shaman,enhancement,18,11,7
Razush,draenor,1053,shaman,enhancement,18,11,7
Hitmeagain,blackhand,1053,shaman,enhancement,24,11,13
Othu,ragnaros,1053,shaman,enhancement,24,11,13
Swooch,shattered-hand,1051,shaman,enhancement,12,11,1
Hopefully,eredar,1050,shaman,enhancement,18,11,7
Foulecamp,archimonde,1050,shaman,enhancement,24,11,13
Rorenth,blackhand,1049,shaman,enhancement,68,35,33
Erupted,draenor,1049,shaman,enhancement,30,11,19
Jarrek,draenor,1048,shaman,enhancement,24,11,13
Щцц,soulflayer,1047,shaman,enhancement,18,11,7
Интендо,soulflayer,1046,shaman,enhancement,18,11,7
Navy,frostwolf,1046,shaman,enhancement,18,11,7
Sitkosham,burning-blade,1046,shaman,enhancement,24,11,13
Draugrinns,tarren-mill,1045,shaman,enhancement,18,11,7
Shamrøck,archimonde,1042,shaman,enhancement,30,15,15
Puncochar,zuljin,1042,shaman,enhancement,24,11,13
Vrontes,kazzak,1042,shaman,enhancement,24,11,13
Quartodebue,nemesis,1041,shaman,enhancement,18,11,7
Burghezu,magtheridon,1038,shaman,enhancement,36,20,16
Murog,dalaran,1035,shaman,enhancement,19,12,7
Philcallings,tarren-mill,1035,shaman,enhancement,21,12,9
Barbebiendur,archimonde,1027,shaman,enhancement,30,13,17
Wioda,silvermoon,1025,shaman,enhancement,47,27,20
Мсет,soulflayer,1023,shaman,enhancement,17,11,6
Åkra,kazzak,1021,shaman,enhancement,22,11,11
Øzy,sanguino,1016,shaman,enhancement,18,12,6
Zugzie,draenor,1016,shaman,enhancement,36,14,22
Kushme,silvermoon,1014,shaman,enhancement,84,36,48
Бойкийкот,gordunni,1013,shaman,enhancement,30,12,18
Pelorta,zuljin,1004,shaman,enhancement,17,11,6
Chamtroulku,ysondre,1001,shaman,enhancement,23,11,12
Shds,blackmoore,1000,shaman,enhancement,27,14,13
Izaarleus,argent-dawn,986,shaman,enhancement,29,11,18
Шалман,thermaplugg,979,shaman,enhancement,221,100,121
Yunero,argent-dawn,975,shaman,enhancement,19,11,8
Robzn,blackrock,960,shaman,enhancement,12,10,2
Dumhuvud,stormscale,960,shaman,enhancement,12,10,2
Getahex,ravencrest,960,shaman,enhancement,12,10,2
Billburr,aegwynn,960,shaman,enhancement,12,10,2
Gixor,silvermoon,960,shaman,enhancement,12,10,2
Miøn,kazzak,960,shaman,enhancement,12,10,2
Tätschentim,blackrock,960,shaman,enhancement,12,10,2
Bullet,blackmoore,960,shaman,enhancement,18,10,8
Dumbasha,ravencrest,960,shaman,enhancement,18,10,8
Биттерлинкс,blackscar,960,shaman,enhancement,18,10,8
Crysis,sanguino,960,shaman,enhancement,18,10,8
Mëditåtïøñ,blackrock,960,shaman,enhancement,24,10,14
Рыганский,blackscar,960,shaman,enhancement,30,10,20
Ræi,drakthul,959,shaman,enhancement,12,10,2
Акаварри,gordunni,959,shaman,enhancement,12,10,2
Sûckmytotem,ragnaros,959,shaman,enhancement,18,10,8
Lavalordd,tarren-mill,959,shaman,enhancement,18,10,8
Windypops,tarren-mill,959,shaman,enhancement,18,10,8
Evííl,tarren-mill,958,shaman,enhancement,12,10,2
Numeschnäu,eredar,958,shaman,enhancement,12,10,2
Ugory,die-aldor,958,shaman,enhancement,12,10,2
Hurb,malorne,958,shaman,enhancement,18,10,8
Myngo,thrall,958,shaman,enhancement,18,10,8
Veteroth,argent-dawn,958,shaman,enhancement,24,10,14
Miriam,stormreaver,957,shaman,enhancement,18,10,8
Ðreamz,kaelthas,957,shaman,enhancement,28,11,17
Shockndawe,kazzak,956,shaman,enhancement,18,10,8
Pushs,archimonde,956,shaman,enhancement,18,10,8
Towi,krasus,955,shaman,enhancement,12,10,2
Tism,stormscale,955,shaman,enhancement,19,10,9
Krakennm,dalaran,955,shaman,enhancement,61,28,33
Pureflame,silvermoon,955,shaman,enhancement,24,10,14
Tufftnamn,frostmane,955,shaman,enhancement,24,10,14
Nâs,kazzak,955,shaman,enhancement,24,10,14
Charth,ravencrest,954,shaman,enhancement,49,18,31
Ðragaø,kazzak,951,shaman,enhancement,18,10,8
Nazma,blackhand,949,shaman,enhancement,12,10,2
Kohnân,hyjal,949,shaman,enhancement,18,10,8
Rushfabi,aegwynn,948,shaman,enhancement,24,10,14
Wuchtzwerg,terrordar,945,shaman,enhancement,12,10,2
Xakum,stormscale,944,shaman,enhancement,12,10,2
Свистт,fordragon,939,shaman,enhancement,36,10,26
Чухмандос,gordunni,932,shaman,enhancement,23,11,12
Cementatar,burning-blade,931,shaman,enhancement,24,10,14
Korzo,amanthul,928,shaman,enhancement,16,11,5
Nethershock,blackmoore,928,shaman,enhancement,84,44,40
Elrayitos,shendralar,927,shaman,enhancement,22,10,12
Ryujìñjakka,culte-de-la-rive-noire,919,shaman,enhancement,24,12,12
Sardemar,defias-brotherhood,914,shaman,enhancement,24,13,11
Twotwozero,defias-brotherhood,908,shaman,enhancement,35,14,21
Тыщатристах,howling-fjord,903,shaman,enhancement,18,11,7
Varagun,argent-dawn,903,shaman,enhancement,25,11,14
Kireekoura,tarren-mill,901,shaman,enhancement,21,10,11
Cràfty,blackrock,893,shaman,enhancement,20,10,10
Cimer,sargeras,888,shaman,enhancement,81,33,48
Mimsy,hyjal,876,shaman,enhancement,53,21,32
Chronochrome,chamber-of-aspects,872,shaman,enhancement,63,29,34
Mendoz,nazjatar,869,shaman,enhancement,72,33,39
Turbothea,blackmoore,864,shaman,enhancement,12,9,3
Faroh,ravencrest,864,shaman,enhancement,12,9,3
Йодаримару,howling-fjord,864,shaman,enhancement,12,9,3
Nachosauce,tarren-mill,864,shaman,enhancement,12,9,3
Vargen,arygos,864,shaman,enhancement,12,9,3
Blackyx,dun-modr,864,shaman,enhancement,12,9,3
Martini,tichondrius,864,shaman,enhancement,15,10,5
Politemanner,stormscale,864,shaman,enhancement,18,9,9
Dwarfovic,ravencrest,864,shaman,enhancement,18,9,9
Chehkhan,archimonde,864,shaman,enhancement,19,9,10
Stormlash,shattered-halls,863,shaman,enhancement,12,9,3
Maddogxz,frostwolf,863,shaman,enhancement,12,9,3
Шамунчез,gordunni,863,shaman,enhancement,12,9,3
Ghobi,blackrock,863,shaman,enhancement,12,9,3
Morkyy,thrall,863,shaman,enhancement,12,9,3
Réläx,kazzak,863,shaman,enhancement,18,9,9
Keisys,kazzak,863,shaman,enhancement,18,9,9
Taraesh,blackhand,863,shaman,enhancement,18,9,9
Jhagy,archimonde,863,shaman,enhancement,18,9,9
Shockrates,pozzo-delleternità,863,shaman,enhancement,18,9,9
Shyne,vashj,863,shaman,enhancement,18,9,9
Nìno,azshara,863,shaman,enhancement,18,9,9
Zðhan,azshara,863,shaman,enhancement,18,9,9
Nuclearjohny,eredar,863,shaman,enhancement,24,9,15
Sgtspyke,ragnaros,863,shaman,enhancement,24,9,15
Nøve,nemesis,862,shaman,enhancement,12,9,3
Reisti,stormscale,862,shaman,enhancement,12,9,3
Azrodas,defias-brotherhood,862,shaman,enhancement,18,9,9
Tuncha,runetotem,862,shaman,enhancement,18,9,9
Brigantino,burning-legion,862,shaman,enhancement,18,9,9
Ulvur,blackhand,862,shaman,enhancement,18,9,9
Shoockwave,twisting-nether,862,shaman,enhancement,18,9,9
Hailele,argent-dawn,862,shaman,enhancement,18,9,9
Pissluffer,tarren-mill,862,shaman,enhancement,18,9,9
Jaydc,silvermoon,862,shaman,enhancement,22,9,13
Ордосус,gordunni,862,shaman,enhancement,24,9,15
Yabadabadoo,burning-legion,861,shaman,enhancement,18,9,9
Relampago,eredar,861,shaman,enhancement,18,9,9
Ягном,soulflayer,860,shaman,enhancement,24,9,15
Jockin,tarren-mill,860,shaman,enhancement,24,9,15
Gälädhan,ysondre,859,shaman,enhancement,24,12,12
Doclava,twisting-nether,859,shaman,enhancement,18,9,9
Shockaibo,drakthul,859,shaman,enhancement,24,9,15
Furioous,ravencrest,857,shaman,enhancement,18,9,9
Théar,ravencrest,856,shaman,enhancement,18,9,9
Yzeed,argent-dawn,856,shaman,enhancement,18,9,9
Рэйпушка,gordunni,847,shaman,enhancement,23,9,14
Stubby,nagrand,843,shaman,enhancement,25,11,14
Elcoustillou,throkferoth,834,shaman,enhancement,42,12,30
Propanengtmr,stormscale,831,shaman,enhancement,17,9,8
Мигнтз,soulflayer,831,shaman,enhancement,17,9,8
Guqin,ravencrest,825,shaman,enhancement,22,9,13
Deeblu,nemesis,821,shaman,enhancement,24,9,15
Рокмару,soulflayer,808,shaman,enhancement,29,11,18
Vix,argent-dawn,799,shaman,enhancement,14,9,5
Nuluadroguri,twisting-nether,793,shaman,enhancement,22,9,13
Hamstéole,hyjal,784,shaman,enhancement,16,9,7
Razgriz,confrérie-du-thorium,784,shaman,enhancement,19,9,10
Koiru,argent-dawn,782,shaman,enhancement,19,9,10
Cocolopez,tichondrius,768,shaman,enhancement,12,8,4
Thunderdøme,stormscale,768,shaman,enhancement,12,8,4
Achtungblitz,blackrock,768,shaman,enhancement,12,8,4
Trulor,stormscale,768,shaman,enhancement,12,8,4
Healníx,ravencrest,768,shaman,enhancement,12,8,4
Lytningx,ravencrest,768,shaman,enhancement,12,8,4
Sleven,twisting-nether,768,shaman,enhancement,12,8,4
Kilnih,archimonde,768,shaman,enhancement,12,8,4
Dêblâzê,thrall,768,shaman,enhancement,12,8,4
Бурапи,howling-fjord,768,shaman,enhancement,12,8,4
Махош,blackscar,768,shaman,enhancement,12,8,4
Maksimon,blackrock,768,shaman,enhancement,12,8,4
Драгенхз,gordunni,768,shaman,enhancement,12,8,4
Qätär,ravencrest,768,shaman,enhancement,12,8,4
Kuse,blackmoore,768,shaman,enhancement,12,8,4
Khorgam,twisting-nether,768,shaman,enhancement,12,8,4
Curioustowel,kazzak,768,shaman,enhancement,12,8,4
Drade,aegwynn,768,shaman,enhancement,14,8,6
Paschol,aegwynn,768,shaman,enhancement,18,8,10
Gnomecake,vashj,768,shaman,enhancement,18,8,10
Bmtotem,twisting-nether,768,shaman,enhancement,18,8,10
Naahma,hyjal,768,shaman,enhancement,24,8,16
Babal,outland,768,shaman,enhancement,24,8,16
Айспик,ashenvale,768,shaman,enhancement,24,8,16
Ichboxdich,madmortem,767,shaman,enhancement,12,8,4
Wawawoowee,archimonde,767,shaman,enhancement,12,8,4
Windshockah,tarren-mill,767,shaman,enhancement,12,8,4
Complete,hyjal,767,shaman,enhancement,12,8,4
Wonderman,jaedenar,767,shaman,enhancement,12,8,4
Yasaburo,silvermoon,767,shaman,enhancement,12,8,4
Darhgan,argent-dawn,767,shaman,enhancement,12,8,4
Rodneymullen,tarren-mill,767,shaman,enhancement,12,8,4
Bantzer,twisting-nether,767,shaman,enhancement,15,8,7
Nínive,zuljin,767,shaman,enhancement,18,8,10
Yelawolf,shattered-hand,767,shaman,enhancement,18,8,10
Zaappyboii,azjolnerub,767,shaman,enhancement,18,8,10
Carlos,magtheridon,767,shaman,enhancement,18,8,10
Szamanito,turalyon,767,shaman,enhancement,18,8,10
Tschacô,malganis,767,shaman,enhancement,18,8,10
Tonifo,nemesis,767,shaman,enhancement,18,8,10
Neroty,blackmoore,767,shaman,enhancement,18,8,10
Târu,blackrock,766,shaman,enhancement,24,8,16
Goatsandoats,doomhammer,765,shaman,enhancement,12,8,4
Niveamann,eredar,765,shaman,enhancement,12,8,4
Lôù,archimonde,765,shaman,enhancement,18,8,10
Runeksham,tarren-mill,765,shaman,enhancement,18,8,10
Ronctaha,blackrock,764,shaman,enhancement,12,8,4
Proccazu,draenor,764,shaman,enhancement,18,8,10
Carusø,thrall,764,shaman,enhancement,18,8,10
Strygwyrl,doomhammer,764,shaman,enhancement,18,8,10
Biphrost,nemesis,764,shaman,enhancement,24,9,15
Hectoraïus,ysondre,763,shaman,enhancement,18,8,10
Зулкунд,soulflayer,763,shaman,enhancement,18,8,10
Jangal,die-nachtwache,762,shaman,enhancement,12,8,4
Gibspark,twisting-nether,762,shaman,enhancement,12,8,4
Maulstrom,pozzo-delleternità,762,shaman,enhancement,12,8,4
Gárrok,nerathor,761,shaman,enhancement,18,8,10
Hyamala,chamber-of-aspects,757,shaman,enhancement,18,8,10
Шамблабла,soulflayer,756,shaman,enhancement,30,8,22
Нуишам,soulflayer,755,shaman,enhancement,12,8,4
Fotmslave,laughing-skull,749,shaman,enhancement,15,10,5
Xilz,twisting-nether,748,shaman,enhancement,23,8,15
Ластыч,borean-tundra,744,shaman,enhancement,18,8,10
Asogg,archimonde,743,shaman,enhancement,24,9,15
Залазани,soulflayer,735,shaman,enhancement,18,8,10
Negårn,tarren-mill,719,shaman,enhancement,11,8,3
Nezuka,turalyon,716,shaman,enhancement,17,8,9
Ihealbro,blackrock,714,shaman,enhancement,16,11,5
Pospodrol,ragnaros,704,shaman,enhancement,16,8,8
Faridstreng,blackmoore,703,shaman,enhancement,11,8,3
Spajry,drakthul,702,shaman,enhancement,14,8,6
Lavashock,tarren-mill,700,shaman,enhancement,28,8,20
Chàrlord,twisting-nether,688,shaman,enhancement,19,8,11
Tiamât,culte-de-la-rive-noire,685,shaman,enhancement,19,8,11
Магмарончик,gordunni,681,shaman,enhancement,26,8,18
Bärtigeberta,aegwynn,672,shaman,enhancement,10,8,2
Vutututututu,ragnaros,672,shaman,enhancement,12,7,5
Turbostuck,ravencrest,672,shaman,enhancement,12,7,5
Инсэйнгодх,soulflayer,672,shaman,enhancement,12,7,5
Aspên,archimonde,672,shaman,enhancement,12,7,5
Runè,azjolnerub,672,shaman,enhancement,12,7,5
Virrogs,argent-dawn,672,shaman,enhancement,12,7,5
Eomsham,magtheridon,672,shaman,enhancement,12,7,5
Tswiftx,tarren-mill,672,shaman,enhancement,12,7,5
Relentlessqt,aegwynn,672,shaman,enhancement,12,7,5
Metalbeef,xavius,672,shaman,enhancement,12,7,5
Trixey,mazrigos,672,shaman,enhancement,12,7,5
Proper,tichondrius,672,shaman,enhancement,12,7,5
Likê,aegwynn,672,shaman,enhancement,12,7,5
Preams,blackrock,672,shaman,enhancement,12,7,5
Roineé,draenor,672,shaman,enhancement,12,7,5
Djonebutton,kazzak,672,shaman,enhancement,12,7,5
Akatuseiwah,blackrock,672,shaman,enhancement,12,7,5
Earthshot,magtheridon,672,shaman,enhancement,18,7,11
Horiq,kazzak,672,shaman,enhancement,18,7,11
Boulestraan,silvermoon,672,shaman,enhancement,18,7,11
Нерезшок,soulflayer,672,shaman,enhancement,18,7,11
Tzivati,draenor,672,shaman,enhancement,18,7,11
Irmax,stormscale,672,shaman,enhancement,18,7,11
Swoltz,argent-dawn,672,shaman,enhancement,24,7,17
Rutil,blackhand,671,shaman,enhancement,12,7,5
Splat,burning-blade,671,shaman,enhancement,12,7,5
Dénekha,zuljin,671,shaman,enhancement,12,7,5
Thalmorius,argent-dawn,671,shaman,enhancement,12,7,5
Dwarfofwar,ravencrest,671,shaman,enhancement,12,7,5
Джоннси,howling-fjord,671,shaman,enhancement,12,7,5
Okmogar,khaz-modan,671,shaman,enhancement,12,7,5
Stormfury,balnazzar,671,shaman,enhancement,12,7,5
Birnenpfeffi,malfurion,671,shaman,enhancement,12,7,5
Gyuksz,arathor,671,shaman,enhancement,15,7,8
Götveren,eredar,671,shaman,enhancement,18,7,11
Xwitchdoctor,draenor,671,shaman,enhancement,18,7,11
Bigmassage,blackmoore,671,shaman,enhancement,18,7,11
Cbshaman,sylvanas,671,shaman,enhancement,18,7,11
Fanatroka,ravencrest,671,shaman,enhancement,18,7,11
Promethxis,silvermoon,671,shaman,enhancement,18,7,11
Sajma,silvermoon,671,shaman,enhancement,18,7,11
Florgegoyd,eredar,670,shaman,enhancement,12,7,5
Skólt,blackrock,670,shaman,enhancement,17,8,9
Phizzik,ravencrest,670,shaman,enhancement,18,7,11
Silko,wrathbringer,670,shaman,enhancement,18,7,11
Elijaá,nordrassil,670,shaman,enhancement,18,7,11
Shockýbalboa,ragnaros,670,shaman,enhancement,18,7,11
Cool,tarren-mill,670,shaman,enhancement,21,8,13
Sacrx,dalaran,670,shaman,enhancement,24,7,17
Ironsidé,ragnaros,668,shaman,enhancement,18,7,11
Wartay,doomhammer,667,shaman,enhancement,12,7,5
Spirites,drakthul,667,shaman,enhancement,12,7,5
Welgor,kult-der-verdammten,667,shaman,enhancement,12,7,5
Viandehachee,dalaran,667,shaman,enhancement,12,7,5
Rylidare,khaz-modan,662,shaman,enhancement,12,7,5
Shelara,drakthul,658,shaman,enhancement,12,7,5
Фролыч,deathguard,645,shaman,enhancement,23,9,14
Maskiimon,blackrock,639,shaman,enhancement,14,8,6
Hemradi,blackmoore,638,shaman,enhancement,11,7,4
Ивми,gordunni,623,shaman,enhancement,11,7,4
Xereús,kazzak,623,shaman,enhancement,17,7,10
Oldstorm,ravencrest,618,shaman,enhancement,22,10,12
Zerodown,outland,614,shaman,enhancement,20,8,12
Skillxdxdxd,outland,608,shaman,enhancement,16,7,9
Brotein,blackmoore,576,shaman,enhancement,6,6,0
Mowjo,la-croisade-écarlate,576,shaman,enhancement,6,6,0
Blyxuhm,argent-dawn,576,shaman,enhancement,6,6,0
Биттерлинкс,soulflayer,576,shaman,enhancement,12,6,6
Pinkylol,stormscale,576,shaman,enhancement,12,6,6
Barneyflight,ravencrest,576,shaman,enhancement,12,6,6
Gruggosh,argent-dawn,576,shaman,enhancement,12,6,6
Рскувосемь,soulflayer,576,shaman,enhancement,12,6,6
Tzaish,blackmoore,576,shaman,enhancement,12,6,6
Klintxbob,hyjal,576,shaman,enhancement,12,6,6
Searfang,korgall,576,shaman,enhancement,12,6,6
Dami,die-aldor,576,shaman,enhancement,12,6,6
Elemefayoh,tarren-mill,576,shaman,enhancement,12,6,6
Imotii,burning-legion,576,shaman,enhancement,12,6,6
Detestable,eredar,576,shaman,enhancement,12,6,6
Lafia,blackrock,576,shaman,enhancement,12,6,6
Degstaerian,ysera,576,shaman,enhancement,12,6,6
Purada,blackrock,576,shaman,enhancement,12,6,6
Dwarfstil,blackmoore,576,shaman,enhancement,12,6,6
Вайгачи,soulflayer,576,shaman,enhancement,12,6,6
Амфеминка,gordunni,576,shaman,enhancement,12,6,6
Szelenamoonx,outland,576,shaman,enhancement,12,6,6
Murdá,ravencrest,576,shaman,enhancement,12,6,6
Noneedshaman,stormscale,576,shaman,enhancement,12,6,6
ßaßystärz,hyjal,576,shaman,enhancement,12,6,6
Thunderwill,sanguino,576,shaman,enhancement,12,6,6
Lurtax,outland,576,shaman,enhancement,12,6,6
Kral,defias-brotherhood,576,shaman,enhancement,12,6,6
Tharma,blackmoore,576,shaman,enhancement,12,6,6
Thëhêxfäçtør,tarren-mill,576,shaman,enhancement,12,6,6
Tunae,azjolnerub,576,shaman,enhancement,17,8,9
Bloodlusts,archimonde,576,shaman,enhancement,13,6,7
Эйнхарий,howling-fjord,576,shaman,enhancement,18,6,12
Haasshaman,ravencrest,576,shaman,enhancement,18,6,12
Dagoahgra,sanguino,576,shaman,enhancement,18,6,12
Apolomaeuz,frostwolf,575,shaman,enhancement,12,6,6
Finni,hyjal,575,shaman,enhancement,12,6,6
Rink,frostmane,575,shaman,enhancement,12,6,6
Dunî,tarren-mill,575,shaman,enhancement,12,6,6
Dergat,pozzo-delleternità,575,shaman,enhancement,12,6,6
Tatyabis,drekthar,575,shaman,enhancement,12,6,6
Мамонтшам,howling-fjord,575,shaman,enhancement,12,6,6
Rykarn,eredar,575,shaman,enhancement,15,7,8
Hexrated,draenor,575,shaman,enhancement,15,7,8
Shawnmendes,kazzak,575,shaman,enhancement,15,7,8
Ashgar,drakthul,575,shaman,enhancement,18,6,12
Jorny,burning-legion,575,shaman,enhancement,24,6,18
Zerandolix,blackrock,574,shaman,enhancement,14,6,8
Chamaiko,kaelthas,574,shaman,enhancement,18,6,12
Gruldo,tarren-mill,574,shaman,enhancement,24,6,18
Shamsterr,karazhan,573,shaman,enhancement,12,6,6
Zuziki,argent-dawn,573,shaman,enhancement,12,6,6
Дядяшаман,gordunni,573,shaman,enhancement,24,6,18
Shaminista,ravencrest,571,shaman,enhancement,12,6,6
Агирук,goldrinn,564,shaman,enhancement,13,6,7
Hurtigtotem,ravencrest,558,shaman,enhancement,15,7,8
Капарис,deathweaver,527,shaman,enhancement,15,6,9
Teyshtwö,archimonde,522,shaman,enhancement,14,7,7
Pocahøntas,archimonde,522,shaman,enhancement,21,7,14
Whizjy,sanguino,521,shaman,enhancement,22,9,13
Xhahal,hyjal,521,shaman,enhancement,19,7,12
Тмх,ashenvale,512,shaman,enhancement,16,6,10
Guzguzguz,blackhand,511,shaman,enhancement,14,6,8
Ruintotems,twisting-nether,510,shaman,enhancement,11,7,4
Pïdòrás,kazzak,480,shaman,enhancement,6,5,1
Tauridus,blackrock,480,shaman,enhancement,6,5,1
Velkin,thrall,480,shaman,enhancement,6,5,1
Nargaz,burning-legion,480,shaman,enhancement,6,5,1
Seaview,silvermoon,480,shaman,enhancement,6,5,1
Jumborumbo,quelthalas,480,shaman,enhancement,6,5,1
Øutfox,silvermoon,480,shaman,enhancement,6,5,1
Matrixxer,aegwynn,480,shaman,enhancement,6,5,1
Ericlomax,frostwhisper,480,shaman,enhancement,6,5,1
Genrok,burning-blade,480,shaman,enhancement,6,5,1
Ybbarcs,eredar,480,shaman,enhancement,6,5,1
Onefurall,ragnaros,480,shaman,enhancement,6,5,1
Podoroschnik,blackmoore,480,shaman,enhancement,6,5,1
Svetosham,wildhammer,480,shaman,enhancement,6,5,1
Wooyoungsham,sylvanas,480,shaman,enhancement,6,5,1
Ðevi,ravencrest,480,shaman,enhancement,6,5,1
Таиров,soulflayer,480,shaman,enhancement,6,5,1
Lightning,aszune,480,shaman,enhancement,6,5,1
Windsòng,stormscale,480,shaman,enhancement,6,5,1
Magharro,kazzak,480,shaman,enhancement,6,5,1
Synergizer,kazzak,480,shaman,enhancement,6,5,1
Medoje,argent-dawn,480,shaman,enhancement,6,5,1
Earthquaker,the-maelstrom,480,shaman,enhancement,6,5,1
Xelphia,frostmane,480,shaman,enhancement,12,5,7
Kabard,silvermoon,480,shaman,enhancement,12,5,7
Teaboï,hyjal,480,shaman,enhancement,12,5,7
Mistahbeard,stormscale,480,shaman,enhancement,12,5,7
Batan,kazzak,480,shaman,enhancement,12,5,7
Grolifer,archimonde,480,shaman,enhancement,12,5,7
Haldrim,blackmoore,480,shaman,enhancement,12,5,7
Дректаш,soulflayer,480,shaman,enhancement,12,5,7
Дротчим,soulflayer,480,shaman,enhancement,12,5,7
Apócalypsee,ravencrest,480,shaman,enhancement,12,5,7
Эрхус,soulflayer,480,shaman,enhancement,12,5,7
Skrewu,stormscale,480,shaman,enhancement,12,5,7
Volcanò,outland,480,shaman,enhancement,12,5,7
Thunderpath,ragnaros,480,shaman,enhancement,12,5,7
Tempóralex,blackhand,480,shaman,enhancement,12,5,7
Hurik,sylvanas,480,shaman,enhancement,12,5,7
Lilmarco,stormreaver,480,shaman,enhancement,12,5,7
Tordenlars,ragnaros,480,shaman,enhancement,12,5,7
Fiden,drakthul,480,shaman,enhancement,12,5,7
Ñax,silvermoon,480,shaman,enhancement,12,5,7
Axahavregryn,kazzak,480,shaman,enhancement,12,5,7
Neystee,archimonde,480,shaman,enhancement,12,5,7
Ogmehu,stormreaver,480,shaman,enhancement,12,5,7
Bowtenstorm,ravencrest,480,shaman,enhancement,12,5,7
Shuyö,kazzak,480,shaman,enhancement,12,5,7
Rahtafary,sanguino,480,shaman,enhancement,12,5,7
Zarosh,los-errantes,480,shaman,enhancement,12,5,7
Hobblefoot,stormscale,480,shaman,enhancement,12,5,7
Grosgourdin,la-croisade-écarlate,480,shaman,enhancement,12,5,7
Rejrax,ravencrest,480,shaman,enhancement,12,5,7
Guzz,cthun,480,shaman,enhancement,12,5,7
Purgey,ravencrest,480,shaman,enhancement,12,5,7
Pank,kazzak,480,shaman,enhancement,12,5,7
Madzÿ,archimonde,480,shaman,enhancement,12,5,7
Sinwithin,ravencrest,480,shaman,enhancement,12,5,7
Duhdelido,ravencrest,480,shaman,enhancement,12,5,7
Hiron,sylvanas,480,shaman,enhancement,18,5,13
Tholatir,silvermoon,480,shaman,enhancement,18,5,13
Awsomo,ravencrest,480,shaman,enhancement,18,5,13
Halliane,ysondre,480,shaman,enhancement,24,5,19
Brassefrasse,shattered-hand,479,shaman,enhancement,6,5,1
Sifu,ragnaros,479,shaman,enhancement,6,5,1
Slavazsu,draenor,479,shaman,enhancement,6,5,1
Aznan,burning-legion,479,shaman,enhancement,12,5,7
Durotansan,ragnaros,479,shaman,enhancement,12,5,7
Chamrøck,hyjal,479,shaman,enhancement,12,5,7
Shamananas,antonidas,479,shaman,enhancement,18,5,13
Kaybiel,magtheridon,478,shaman,enhancement,12,5,7
Rockymarciia,dalaran,477,shaman,enhancement,6,5,1
Asstroy,sanguino,477,shaman,enhancement,6,5,1
Weaslêy,frostwolf,477,shaman,enhancement,12,5,7
Shockdx,dun-modr,463,shaman,enhancement,11,5,6
Zaffyboi,draenor,448,shaman,enhancement,16,5,11
Buldozar,blackmoore,448,shaman,enhancement,16,5,11
Veronikka,dalaran,448,shaman,enhancement,16,5,11
Vicinitysham,twisting-nether,447,shaman,enhancement,11,5,6
Mudwalker,ravencrest,447,shaman,enhancement,11,5,6
Tookaageeroo,burning-legion,446,shaman,enhancement,14,6,8
Macoox,drakthul,432,shaman,enhancement,9,5,4
Monstermunch,ravencrest,432,shaman,enhancement,15,5,10
Даблпамп,howling-fjord,431,shaman,enhancement,17,5,12
Electrical,kazzak,426,shaman,enhancement,15,6,9
Gigamuscle,ravencrest,400,shaman,enhancement,13,5,8
Thoshir,silvermoon,399,shaman,enhancement,5,5,0
Rèxxar,stormscale,384,shaman,enhancement,6,4,2
Richtigfies,kazzak,384,shaman,enhancement,6,4,2
Baldurr,sylvanas,384,shaman,enhancement,6,4,2
Abdegor,burning-legion,384,shaman,enhancement,6,4,2
Алимика,deathguard,384,shaman,enhancement,6,4,2
Totems,the-venture-co,384,shaman,enhancement,6,4,2
Нэдсон,greymane,384,shaman,enhancement,6,4,2
Shamanman,kazzak,384,shaman,enhancement,6,4,2
Piripolkka,defias-brotherhood,384,shaman,enhancement,6,4,2
Ayrá,ulduar,384,shaman,enhancement,6,4,2
Buzz,stormscale,384,shaman,enhancement,6,4,2
Tornado,ravencrest,384,shaman,enhancement,6,4,2
Мистерэнх,soulflayer,384,shaman,enhancement,6,4,2
Yeruna,arthas,384,shaman,enhancement,6,4,2
Vallchan,kazzak,384,shaman,enhancement,6,4,2
Ponzu,silvermoon,384,shaman,enhancement,6,4,2
Элемуэль,soulflayer,384,shaman,enhancement,6,4,2
Proccity,stormscale,384,shaman,enhancement,6,4,2
Bærserker,blackmoore,384,shaman,enhancement,6,4,2
Ilkim,hyjal,384,shaman,enhancement,6,4,2
Cch,kazzak,384,shaman,enhancement,6,4,2
Raindx,draenor,384,shaman,enhancement,6,4,2
Lethz,hyjal,384,shaman,enhancement,6,4,2
Nøxz,blackmoore,384,shaman,enhancement,6,4,2
Олешао,howling-fjord,384,shaman,enhancement,6,4,2
Thornaim,hyjal,384,shaman,enhancement,6,4,2
Aitch,blackmoore,384,shaman,enhancement,6,4,2
Akhlýzz,ysondre,384,shaman,enhancement,6,4,2
Frrostshockk,outland,384,shaman,enhancement,6,4,2
Vønhørk,dalaran,384,shaman,enhancement,6,4,2
Isogrind,archimonde,384,shaman,enhancement,6,4,2
Нийрагонго,gordunni,384,shaman,enhancement,6,4,2
Россаврн,galakrond,384,shaman,enhancement,6,4,2
Xalta,eldrethalas,384,shaman,enhancement,6,4,2
Хаммерн,gordunni,384,shaman,enhancement,6,4,2
Procbly,tarren-mill,384,shaman,enhancement,6,4,2
Mustabrutus,tarren-mill,384,shaman,enhancement,6,4,2
Tàvèrnellø,nemesis,384,shaman,enhancement,6,4,2
Ql,twisting-nether,384,shaman,enhancement,6,4,2
Alexmahone,dun-morogh,384,shaman,enhancement,6,4,2
Krytonian,twisting-nether,384,shaman,enhancement,6,4,2
Abordoga,twisting-nether,384,shaman,enhancement,6,4,2
Gameblast,thunderhorn,384,shaman,enhancement,6,4,2
Johnisplay,tarren-mill,384,shaman,enhancement,12,4,8
Votie,tarren-mill,384,shaman,enhancement,12,4,8
Saulty,archimonde,384,shaman,enhancement,12,4,8
Sourens,twisting-nether,384,shaman,enhancement,12,4,8
Dropbax,khaz-modan,384,shaman,enhancement,12,4,8
Holten,outland,384,shaman,enhancement,12,4,8
Барракудах,razuvious,384,shaman,enhancement,12,4,8
Дюнволкер,razuvious,384,shaman,enhancement,12,4,8
Claodze,stormscale,384,shaman,enhancement,12,4,8
Discoshort,kazzak,384,shaman,enhancement,12,4,8
Türak,tarren-mill,384,shaman,enhancement,12,4,8
Powder,tichondrius,384,shaman,enhancement,12,4,8
Asçele,kazzak,384,shaman,enhancement,12,4,8
Waterboi,blackmoore,384,shaman,enhancement,12,4,8
Kiwanuká,draenor,384,shaman,enhancement,12,4,8
Rykon,teldrassil,384,shaman,enhancement,12,4,8
Purgérkíng,silvermoon,384,shaman,enhancement,12,4,8
Blixtnedslag,shattered-hand,384,shaman,enhancement,12,4,8
Jaéto,ravencrest,384,shaman,enhancement,12,4,8
Yasunari,sanguino,384,shaman,enhancement,12,4,8
Kayalii,silvermoon,384,shaman,enhancement,12,4,8
Courtney,sylvanas,384,shaman,enhancement,12,4,8
Domiro,ravencrest,384,shaman,enhancement,18,4,14
Скерлайн,blackscar,384,shaman,enhancement,18,4,14
Fàkecast,outland,384,shaman,enhancement,18,4,14
Derryo,silvermoon,384,shaman,enhancement,18,4,14
Bubbschock,antonidas,383,shaman,enhancement,6,4,2
Goblaman,pozzo-delleternità,383,shaman,enhancement,6,4,2
Màverìck,nemesis,383,shaman,enhancement,6,4,2
Wolkano,zuljin,383,shaman,enhancement,10,5,5
Аеесо,gordunni,383,shaman,enhancement,12,4,8
Châmanco,dun-modr,383,shaman,enhancement,12,4,8
Джусипуси,gordunni,383,shaman,enhancement,12,4,8
Blutshock,zuluhed,382,shaman,enhancement,12,4,8
Nalàar,hyjal,368,shaman,enhancement,11,6,5
Lekthar,draenor,361,shaman,enhancement,18,6,12
Akash,culte-de-la-rive-noire,336,shaman,enhancement,15,4,11
Johnyexe,drakthul,328,shaman,enhancement,8,5,3
Freizeitler,antonidas,319,shaman,enhancement,5,4,1
Chrisbrownx,outland,288,shaman,enhancement,6,3,3
Vaexi,doomhammer,288,shaman,enhancement,6,3,3
Olej,burning-legion,288,shaman,enhancement,6,3,3
Kemurus,kazzak,288,shaman,enhancement,6,3,3
Flamii,burning-legion,288,shaman,enhancement,6,3,3
Ednard,silvermoon,288,shaman,enhancement,6,3,3
Uomae,dun-modr,288,shaman,enhancement,6,3,3
Ccedtodeath,sylvanas,288,shaman,enhancement,6,3,3
Неутолимыйх,blackscar,288,shaman,enhancement,6,3,3
Totoostoy,burning-legion,288,shaman,enhancement,6,3,3
Wakoteh,quelthalas,288,shaman,enhancement,6,3,3
Zahadumia,blackrock,288,shaman,enhancement,6,3,3
Remkoo,blackrock,288,shaman,enhancement,6,3,3
Yerlas,burning-legion,288,shaman,enhancement,6,3,3
Xesti,twisting-nether,288,shaman,enhancement,6,3,3
Fattywopwop,alakir,288,shaman,enhancement,6,3,3
Bluemyst,outland,288,shaman,enhancement,6,3,3
Magosh,blackmoore,288,shaman,enhancement,6,3,3
Ñtk,dun-modr,288,shaman,enhancement,6,3,3
Getahex,draenor,288,shaman,enhancement,6,3,3
Sodor,laughing-skull,288,shaman,enhancement,6,3,3
Løne,sylvanas,288,shaman,enhancement,6,3,3
Varion,tichondrius,288,shaman,enhancement,6,3,3
Миддей,blackscar,288,shaman,enhancement,6,3,3
Nëÿrën,drakthul,288,shaman,enhancement,6,3,3
Moebius,hellscream,288,shaman,enhancement,6,3,3
Kafese,uldaman,288,shaman,enhancement,6,3,3
Millesabords,dun-morogh,288,shaman,enhancement,6,3,3
Shooktide,blackrock,288,shaman,enhancement,6,3,3
Malcolmhex,ysondre,288,shaman,enhancement,6,3,3
Xfiles,garona,288,shaman,enhancement,6,3,3
Мэлик,howling-fjord,288,shaman,enhancement,6,3,3
Cillysha,ravencrest,288,shaman,enhancement,6,3,3
Lilkazamm,blackrock,288,shaman,enhancement,6,3,3
Айбьорн,gordunni,288,shaman,enhancement,6,3,3
Danthesham,draenor,288,shaman,enhancement,6,3,3
Buffresto,kazzak,288,shaman,enhancement,6,3,3
Vainzxsham,ravencrest,288,shaman,enhancement,6,3,3
Primez,twilights-hammer,288,shaman,enhancement,6,3,3
Wiev,blackmoore,288,shaman,enhancement,6,3,3
Ostbumsdirne,stormscale,288,shaman,enhancement,6,3,3
Xssanimo,draenor,288,shaman,enhancement,6,3,3
Karazrok,draenor,288,shaman,enhancement,6,3,3
Рэкквием,howling-fjord,288,shaman,enhancement,6,3,3
Сюсуй,blackscar,288,shaman,enhancement,6,3,3
Nojiko,blackrock,288,shaman,enhancement,6,3,3
Cptcutíe,antonidas,288,shaman,enhancement,6,3,3
Hansdieter,antonidas,288,shaman,enhancement,6,3,3
Saro,destromath,288,shaman,enhancement,6,3,3
Yacuzwerg,blackrock,288,shaman,enhancement,6,3,3
Pelicius,sanguino,288,shaman,enhancement,6,3,3
Läzy,sanguino,288,shaman,enhancement,6,3,3
Håõkåh,hyjal,288,shaman,enhancement,6,3,3
Chamel,draenor,288,shaman,enhancement,6,3,3
Zokah,emeriss,288,shaman,enhancement,6,3,3
Làvagdx,archimonde,288,shaman,enhancement,6,3,3
Blazingfiré,tarren-mill,288,shaman,enhancement,6,3,3
Reggard,drakthul,288,shaman,enhancement,6,3,3
Neterö,la-croisade-écarlate,288,shaman,enhancement,6,3,3
Freekster,die-ewige-wacht,288,shaman,enhancement,6,3,3
Зуфар,howling-fjord,288,shaman,enhancement,6,3,3
Tidalflow,stormscale,288,shaman,enhancement,6,3,3
Borbor,argent-dawn,288,shaman,enhancement,6,3,3
Ønlýsîn,eredar,288,shaman,enhancement,6,3,3
Shoewalker,ragnaros,288,shaman,enhancement,6,3,3
Kulho,stormscale,288,shaman,enhancement,6,3,3
Kurdhran,blackmoore,288,shaman,enhancement,9,4,5
Zerak,twisting-nether,288,shaman,enhancement,9,4,5
Kappatotem,silvermoon,288,shaman,enhancement,12,3,9
Georgewhat,defias-brotherhood,288,shaman,enhancement,12,3,9
Shambamty,thrall,288,shaman,enhancement,12,3,9
Dastarus,archimonde,288,shaman,enhancement,12,3,9
Titiprosop,stormscale,288,shaman,enhancement,12,3,9
Hurbi,twisting-nether,288,shaman,enhancement,12,3,9
Lorthargol,chamber-of-aspects,288,shaman,enhancement,12,3,9
Amonshokz,tarren-mill,288,shaman,enhancement,12,3,9
Bonestompamc,blackmoore,288,shaman,enhancement,12,3,9
Kobzol,draenor,288,shaman,enhancement,12,3,9
Æskalatiøn,aegwynn,288,shaman,enhancement,12,3,9
Garash,draenor,288,shaman,enhancement,12,3,9
Brunütansol,sylvanas,288,shaman,enhancement,12,3,9
Maybeyes,twisting-nether,288,shaman,enhancement,12,3,9
Avattar,twisting-nether,288,shaman,enhancement,12,3,9
Teldathree,archimonde,288,shaman,enhancement,12,3,9
Сторниер,howling-fjord,288,shaman,enhancement,12,3,9
Занги,soulflayer,288,shaman,enhancement,12,3,9
Mustang,twilights-hammer,288,shaman,enhancement,12,3,9
Darkcleaver,drakthul,288,shaman,enhancement,12,3,9
Лорикок,grom,288,shaman,enhancement,18,3,15
Dökowski,nemesis,288,shaman,enhancement,18,3,15
Vainerish,malygos,287,shaman,enhancement,6,3,3
Slappybag,ravencrest,287,shaman,enhancement,6,3,3
Стакок,soulflayer,287,shaman,enhancement,6,3,3
Trotzig,aegwynn,287,shaman,enhancement,6,3,3
Грейсаша,howling-fjord,287,shaman,enhancement,6,3,3
Nothìnto,pozzo-delleternità,287,shaman,enhancement,6,3,3
Xarozz,blackmoore,287,shaman,enhancement,12,3,9
Stormkëëpër,stormscale,287,shaman,enhancement,18,3,15
Laghärta,dun-modr,286,shaman,enhancement,6,3,3
Kaátori,eredar,239,shaman,enhancement,5,3,2
Jehae,archimonde,239,shaman,enhancement,5,3,2
Буряя,blackscar,234,shaman,enhancement,12,4,8
Nefasti,stormscale,223,shaman,enhancement,8,3,5
Mooshock,balnazzar,223,shaman,enhancement,8,3,5
Elektekk,blackrock,192,shaman,enhancement,4,3,1
Diya,karazhan,192,shaman,enhancement,6,2,4
Shalý,antonidas,192,shaman,enhancement,6,2,4
Ðøminantx,stormscale,192,shaman,enhancement,6,2,4
Snapbábe,blackmoore,192,shaman,enhancement,6,2,4
Stiflersmôm,antonidas,192,shaman,enhancement,6,2,4
Kassyoh,hyjal,192,shaman,enhancement,6,2,4
Khon,eredar,192,shaman,enhancement,6,2,4
Spiritualx,argent-dawn,192,shaman,enhancement,6,2,4
Locosonik,kazzak,192,shaman,enhancement,6,2,4
Crazo,tarren-mill,192,shaman,enhancement,6,2,4
Louvreparis,frostwolf,192,shaman,enhancement,6,2,4
Cuchullaín,blackmoore,192,shaman,enhancement,6,2,4
Thoráck,stormscale,192,shaman,enhancement,6,2,4
Råkk,argent-dawn,192,shaman,enhancement,6,2,4
Саксаул,fordragon,192,shaman,enhancement,6,2,4
Holybrolyy,malfurion,192,shaman,enhancement,6,2,4
Elé,ravenholdt,192,shaman,enhancement,6,2,4
Sgf,stormscale,192,shaman,enhancement,6,2,4
Åkee,kazzak,192,shaman,enhancement,6,2,4
Zows,kazzak,192,shaman,enhancement,6,2,4
Gaerth,aggramar,192,shaman,enhancement,6,2,4
Lovros,kazzak,192,shaman,enhancement,6,2,4
Yezu,medivh,192,shaman,enhancement,6,2,4
Pakasschami,frostwolf,192,shaman,enhancement,6,2,4
Xharnel,defias-brotherhood,192,shaman,enhancement,6,2,4
Фарраон,deathguard,192,shaman,enhancement,6,2,4
Mycameltotem,ravencrest,192,shaman,enhancement,6,2,4
Какашисан,howling-fjord,192,shaman,enhancement,6,2,4
Fufupartyxx,blackrock,192,shaman,enhancement,6,2,4
Bozzclqwnx,aegwynn,192,shaman,enhancement,6,2,4
Skullføck,argent-dawn,192,shaman,enhancement,6,2,4
Greatthrall,kazzak,192,shaman,enhancement,6,2,4
Søló,stormscale,192,shaman,enhancement,6,2,4
Tâw,blackhand,192,shaman,enhancement,6,2,4
Kuubskii,ravencrest,192,shaman,enhancement,6,2,4
Schamikraut,silvermoon,192,shaman,enhancement,6,2,4
Haugren,eredar,192,shaman,enhancement,6,2,4
Shámyé,silvermoon,192,shaman,enhancement,6,2,4
Kwitnac,silvermoon,192,shaman,enhancement,6,2,4
Rûngard,aegwynn,192,shaman,enhancement,6,2,4
Restmuell,blackmoore,192,shaman,enhancement,6,2,4
Turbinká,burning-legion,192,shaman,enhancement,6,2,4
Acces,stormscale,192,shaman,enhancement,6,2,4
Wertu,ragnaros,192,shaman,enhancement,6,2,4
Shockinghell,sylvanas,192,shaman,enhancement,6,2,4
Indan,kazzak,192,shaman,enhancement,6,2,4
Gundsthunder,ravencrest,192,shaman,enhancement,6,2,4
Volkar,auchindoun,192,shaman,enhancement,6,2,4
Groundead,alakir,192,shaman,enhancement,6,2,4
Bennycooch,silvermoon,192,shaman,enhancement,6,2,4
Shiggenbasta,kazzak,192,shaman,enhancement,6,2,4
Lokkrag,archimonde,192,shaman,enhancement,6,2,4
Nìtratx,archimonde,192,shaman,enhancement,6,2,4
Santy,silvermoon,192,shaman,enhancement,6,2,4
Kohzen,outland,192,shaman,enhancement,6,2,4
Bladeyx,ragnaros,192,shaman,enhancement,6,2,4
Rázzìm,eredar,192,shaman,enhancement,6,2,4
Urshak,alleria,192,shaman,enhancement,6,2,4
Bram,aggra-português,192,shaman,enhancement,6,2,4
Lumpp,kazzak,192,shaman,enhancement,6,2,4
Dogfrog,silvermoon,192,shaman,enhancement,6,2,4
Layonne,ysondre,192,shaman,enhancement,6,2,4
Hightotem,sanguino,192,shaman,enhancement,6,2,4
Destroilleur,archimonde,192,shaman,enhancement,6,2,4
Savan,darkspear,192,shaman,enhancement,6,2,4
Thunderstørm,chogall,192,shaman,enhancement,6,2,4
Дортманшам,gordunni,192,shaman,enhancement,6,2,4
Aubesombre,dalaran,192,shaman,enhancement,6,2,4
Palarins,dalaran,192,shaman,enhancement,6,2,4
Бьерн,deepholm,192,shaman,enhancement,6,2,4
Dalgorr,magtheridon,192,shaman,enhancement,6,2,4
Shamalamadi,ragnaros,192,shaman,enhancement,6,2,4
Родохрозид,blackscar,192,shaman,enhancement,6,2,4
Zarakuda,magtheridon,192,shaman,enhancement,6,2,4
Bonethugdex,bladefist,192,shaman,enhancement,6,2,4
Azzizael,chamber-of-aspects,192,shaman,enhancement,6,2,4
Eshami,tarren-mill,192,shaman,enhancement,6,2,4
Cleptocracy,draenor,192,shaman,enhancement,6,2,4
Lëvi,archimonde,192,shaman,enhancement,6,2,4
Elementhor,archimonde,192,shaman,enhancement,6,2,4
Rodfrugten,draenor,192,shaman,enhancement,6,2,4
Pulvêrizêr,agamaggan,192,shaman,enhancement,6,2,4
Vollt,kazzak,192,shaman,enhancement,9,2,7
Stormstriker,arathor,192,shaman,enhancement,12,2,10
Jawoburst,antonidas,192,shaman,enhancement,12,2,10
Isladinks,draenor,192,shaman,enhancement,12,2,10
Elsassi,ravencrest,192,shaman,enhancement,12,2,10
Sïlvek,sanguino,192,shaman,enhancement,12,2,10
Borindor,silvermoon,192,shaman,enhancement,12,2,10
Lavalew,lightbringer,192,shaman,enhancement,12,2,10
Khakazis,ravencrest,192,shaman,enhancement,12,2,10
Shamaniak,tarren-mill,192,shaman,enhancement,18,2,16
Practicetwo,argent-dawn,159,shaman,enhancement,5,2,3
Tianoele,drakthul,144,shaman,enhancement,3,3,0
Nuao,perenolde,138,shaman,enhancement,9,3,6
Bux,khaz-modan,127,shaman,enhancement,10,2,8
Ghaargrim,tarren-mill,96,shaman,enhancement,6,1,5
Heálmaster,sanguino,96,shaman,enhancement,6,1,5
Rækwon,tarren-mill,96,shaman,enhancement,6,1,5
Цукерок,soulflayer,96,shaman,enhancement,6,1,5
Élémentyum,archimonde,96,shaman,enhancement,6,1,5
Gagné,hyjal,96,shaman,enhancement,6,1,5
Porthex,kazzak,96,shaman,enhancement,6,1,5
Vladraxes,draenor,96,shaman,enhancement,6,1,5
Tênzo,ysondre,96,shaman,enhancement,6,1,5
Fashess,sunstrider,96,shaman,enhancement,6,1,5
Vilberoo,ravencrest,96,shaman,enhancement,6,1,5
Agrok,jaedenar,96,shaman,enhancement,6,1,5
Cryptotem,ragnaros,96,shaman,enhancement,6,1,5
Ultaz,ravencrest,96,shaman,enhancement,6,1,5
Urubus,kazzak,96,shaman,enhancement,6,1,5
Mikecrybaby,tarren-mill,96,shaman,enhancement,6,1,5
Malabestia,archimonde,96,shaman,enhancement,6,1,5
Hóonda,twisting-nether,96,shaman,enhancement,6,1,5
Shaamz,tarren-mill,96,shaman,enhancement,6,1,5
Maskinett,stormscale,96,shaman,enhancement,6,1,5
Thoranis,kazzak,96,shaman,enhancement,6,1,5
Zoogang,ragnaros,96,shaman,enhancement,6,1,5
Epicoverlord,tarren-mill,96,shaman,enhancement,6,1,5
Stòrm,ravencrest,96,shaman,enhancement,6,1,5
Shåmssagat,kazzak,96,shaman,enhancement,6,1,5
Amarök,nerzhul,96,shaman,enhancement,6,1,5
Sekane,archimonde,96,shaman,enhancement,6,1,5
Galthazar,silvermoon,96,shaman,enhancement,6,1,5
Zoélement,nerzhul,96,shaman,enhancement,6,1,5
Lawdjeezes,draenor,96,shaman,enhancement,6,1,5
Bambustic,kazzak,96,shaman,enhancement,6,1,5
Elementarxss,blackmoore,96,shaman,enhancement,6,1,5
Ghettocheff,blackmoore,96,shaman,enhancement,6,1,5
Eneel,blackmoore,96,shaman,enhancement,6,1,5
Goldhand,ravencrest,96,shaman,enhancement,6,1,5
Mástà,onyxia,96,shaman,enhancement,6,1,5
Xhøxy,outland,96,shaman,enhancement,6,1,5
Casarú,arthas,96,shaman,enhancement,6,1,5
Крепуксх,soulflayer,96,shaman,enhancement,6,1,5
Shøckz,azjolnerub,96,shaman,enhancement,6,1,5
Thoreign,burning-legion,96,shaman,enhancement,6,1,5
Grabmytotemz,tarren-mill,96,shaman,enhancement,6,1,5
Preshear,twisting-nether,96,shaman,enhancement,6,1,5
Hazles,ragnaros,96,shaman,enhancement,6,1,5
Freexx,aegwynn,96,shaman,enhancement,8,1,7
Sycophant,stormscale,96,shaman,enhancement,12,1,11
Ymiras,argent-dawn,96,shaman,enhancement,12,1,11
Эншам,blackscar,96,shaman,enhancement,12,1,11
Reyax,aegwynn,96,shaman,enhancement,12,1,11
Choltaj,burning-legion,79,shaman,enhancement,7,1,6
Sìrenia,tarren-mill,63,shaman,enhancement,2,2,0
Wenesday,ysondre,48,shaman,enhancement,3,1,2
Biggie,pozzo-delleternità,48,shaman,enhancement,3,1,2
Rký,outland,48,shaman,enhancement,3,1,2
Lesnitt,kazzak,42,shaman,enhancement,9,2,7
Jeppoh,tarren-mill,16,shaman,enhancement,1,1,0
Амеаль,eversong,2275,warlock,demonology,339,181,158
Млечный,blackscar,2251,warlock,demonology,177,99,78
Locktrainer,tarren-mill,2228,warlock,demonology,164,86,78
Kimkold,twisting-nether,2208,warlock,demonology,108,66,42
Rikkërt,draenor,2207,warlock,demonology,89,49,40
Dotjürgen,blackrock,2205,warlock,demonology,84,48,36
Pogbõss,kazzak,2190,warlock,demonology,135,71,64
Whøknøws,twisting-nether,2176,warlock,demonology,84,45,39
Malddog,turalyon,2159,warlock,demonology,102,60,42
Tuskawl,stormreaver,2154,warlock,demonology,91,51,40
Nayolana,argent-dawn,2150,warlock,demonology,72,46,26
Dæhli,argent-dawn,2147,warlock,demonology,96,52,44
Firochektro,ravencrest,2141,warlock,demonology,69,42,27
Sad,lightnings-blade,2134,warlock,demonology,178,97,81
Maintarget,blackrock,2131,warlock,demonology,159,85,74
Cònq,tarren-mill,2129,warlock,demonology,78,43,35
Favorizlmp,archimonde,2123,warlock,demonology,107,74,33
Lankycheese,kazzak,2121,warlock,demonology,83,46,37
Ambitions,hyjal,2117,warlock,demonology,82,46,36
Syntaxzwo,blackmoore,2116,warlock,demonology,78,44,34
Dotyboi,tarren-mill,2115,warlock,demonology,72,44,28
Rumour,sunstrider,2115,warlock,demonology,72,39,33
Supergeîl,blackrock,2112,warlock,demonology,71,38,33
Xerkh,thrall,2111,warlock,demonology,78,43,35
Britneÿ,stormscale,2096,warlock,demonology,90,46,44
Setyouinfear,ravencrest,2089,warlock,demonology,96,55,41
Voldby,kazzak,2083,warlock,demonology,55,34,21
Anthh,doomhammer,2076,warlock,demonology,66,36,30
Smaúg,archimonde,2055,warlock,demonology,96,48,48
Firochek,ravencrest,2052,warlock,demonology,84,44,40
Thardik,azuremyst,2037,warlock,demonology,72,36,36
Krøl,nemesis,2036,warlock,demonology,54,35,19
Zerulian,ragnaros,2035,warlock,demonology,78,48,30
Shablagoo,twisting-nether,2032,warlock,demonology,90,51,39
Хаосболик,gordunni,2032,warlock,demonology,78,43,35
Ðïÿëñbïëñfüû,suramar,2014,warlock,demonology,141,72,69
Bibiflexberg,eredar,2011,warlock,demonology,47,30,17
Britneý,stormscale,2008,warlock,demonology,118,58,60
Cørpse,burning-legion,2006,warlock,demonology,97,53,44
Raspalakuja,kazzak,2002,warlock,demonology,66,32,34
Jimboneutron,stormscale,1988,warlock,demonology,35,23,12
Purplemonkey,burning-blade,1978,warlock,demonology,53,27,26
Badapow,stormscale,1971,warlock,demonology,54,29,25
Адво,howling-fjord,1968,warlock,demonology,71,37,34
Rïñ,ravencrest,1968,warlock,demonology,60,28,32
Аоепампгодх,howling-fjord,1967,warlock,demonology,36,24,12
Ишла,gordunni,1959,warlock,demonology,77,41,36
Конидэмико,blackscar,1954,warlock,demonology,83,38,45
Capsloq,la-croisade-écarlate,1950,warlock,demonology,60,34,26
Онлидемон,gordunni,1946,warlock,demonology,56,33,23
Dabezdwl,outland,1946,warlock,demonology,72,41,31
Smdtwo,drakthul,1945,warlock,demonology,42,23,19
Alotami,frostwolf,1942,warlock,demonology,48,30,18
Nyotu,antonidas,1937,warlock,demonology,60,32,28
Onlylock,outland,1934,warlock,demonology,48,32,16
Døwz,ysondre,1932,warlock,demonology,60,30,30
Xenastro,silvermoon,1931,warlock,demonology,54,30,24
Apple,scarshield-legion,1930,warlock,demonology,133,69,64
Khavar,antonidas,1925,warlock,demonology,76,43,33
Lokmonji,perenolde,1923,warlock,demonology,60,34,26
Фламмэнх,soulflayer,1920,warlock,demonology,49,28,21
Vultzbolt,draenor,1920,warlock,demonology,66,36,30
Juicybolt,chogall,1917,warlock,demonology,76,43,33
Kamorilock,blackhand,1912,warlock,demonology,36,20,16
Demoner,tarren-mill,1910,warlock,demonology,108,52,56
Zàk,twisting-nether,1908,warlock,demonology,36,28,8
Shadowvirus,auchindoun,1908,warlock,demonology,41,23,18
Droguri,darkspear,1907,warlock,demonology,78,49,29
Тьмазвёздная,gordunni,1907,warlock,demonology,93,51,42
Anúki,kazzak,1900,warlock,demonology,25,21,4
Ravendoor,grim-batol,1900,warlock,demonology,76,39,37
Bonnieparkêr,onyxia,1898,warlock,demonology,48,26,22
Désolaté,kazzak,1893,warlock,demonology,47,29,18
Stafar,kazzak,1891,warlock,demonology,66,34,32
Дёмын,howling-fjord,1890,warlock,demonology,96,46,50
Makkez,outland,1876,warlock,demonology,30,20,10
Шекигами,gordunni,1874,warlock,demonology,48,33,15
Neinbosa,tarren-mill,1872,warlock,demonology,54,27,27
Ogrez,nemesis,1872,warlock,demonology,60,29,31
Höfmänn,kazzak,1865,warlock,demonology,39,25,14
Dispeluapls,blackmoore,1865,warlock,demonology,54,28,26
Delius,eitrigg,1863,warlock,demonology,67,47,20
Tyrantlol,sylvanas,1862,warlock,demonology,54,32,22
Bluh,twisting-nether,1860,warlock,demonology,36,22,14
Weso,grim-batol,1859,warlock,demonology,60,31,29
Stankaemayne,blackhand,1856,warlock,demonology,55,31,24
Оброссыш,gordunni,1855,warlock,demonology,60,34,26
Dhärc,sanguino,1854,warlock,demonology,54,31,23
Fearrari,ragnaros,1853,warlock,demonology,54,32,22
Stalowwy,silvermoon,1849,warlock,demonology,108,59,49
Ägony,blackrock,1848,warlock,demonology,54,31,23
Höfmänn,grim-batol,1847,warlock,demonology,48,31,17
Shakuroz,frostwolf,1847,warlock,demonology,68,41,27
Динодотз,howling-fjord,1847,warlock,demonology,54,27,27
Тёмабиль,gordunni,1845,warlock,demonology,284,150,134
Кварий,howling-fjord,1842,warlock,demonology,365,183,182
Attritiona,stormscale,1838,warlock,demonology,60,32,28
Инфезиус,deathweaver,1834,warlock,demonology,59,33,26
Purplereîgn,stormscale,1834,warlock,demonology,57,31,26
Outofcurses,earthen-ring,1834,warlock,demonology,83,42,41
Zouglougou,archimonde,1829,warlock,demonology,48,25,23
Djmäkish,outland,1828,warlock,demonology,42,23,19
Санявахтовик,blackscar,1827,warlock,demonology,72,39,33
Benne,stormscale,1825,warlock,demonology,49,31,18
Sanguinis,theradras,1825,warlock,demonology,72,41,31
Malificus,silvermoon,1823,warlock,demonology,114,67,47
Kennyfõx,ysondre,1819,warlock,demonology,24,19,5
Ismenia,silvermoon,1819,warlock,demonology,60,39,21
Cellfear,kazzak,1818,warlock,demonology,42,24,18
Skrana,kazzak,1818,warlock,demonology,47,25,22
Musallat,argent-dawn,1818,warlock,demonology,65,34,31
Fiveyearque,sylvanas,1817,warlock,demonology,54,33,21
Hellguards,silvermoon,1817,warlock,demonology,60,33,27
Ravenglass,argent-dawn,1817,warlock,demonology,54,25,29
Warth,silvermoon,1816,warlock,demonology,42,28,14
Painowgee,kazzak,1816,warlock,demonology,36,20,16
Crathar,kazzak,1816,warlock,demonology,76,38,38
Bualock,tarren-mill,1815,warlock,demonology,36,22,14
Devilfluffy,blackhand,1815,warlock,demonology,59,35,24
Cigänä,archimonde,1815,warlock,demonology,36,19,17
Blackdog,argent-dawn,1814,warlock,demonology,48,23,25
Malzeva,ravencrest,1813,warlock,demonology,71,33,38
Zypzanti,antonidas,1810,warlock,demonology,155,97,58
Kopfkissen,azshara,1810,warlock,demonology,51,29,22
Годнодх,gordunni,1808,warlock,demonology,42,23,19
Smâûhg,blackrock,1807,warlock,demonology,42,28,14
Keybump,outland,1806,warlock,demonology,42,32,10
Nécron,ysondre,1806,warlock,demonology,59,32,27
Lúcìfér,stormscale,1806,warlock,demonology,66,34,32
Фэлмор,howling-fjord,1805,warlock,demonology,54,33,21
Thugsupreme,ravencrest,1805,warlock,demonology,65,36,29
Nerigo,senjin,1805,warlock,demonology,48,24,24
Dontargetme,draenor,1804,warlock,demonology,38,26,12
Nemwl,draenor,1804,warlock,demonology,66,36,30
Splicer,eredar,1803,warlock,demonology,49,29,20
Киёкка,howling-fjord,1803,warlock,demonology,90,53,37
Arkanyks,dalaran,1802,warlock,demonology,72,32,40
Htaedfo,tarren-mill,1802,warlock,demonology,74,32,42
Мутгодх,soulflayer,1800,warlock,demonology,30,19,11
Кайзершлафен,fordragon,1800,warlock,demonology,58,28,30
Dâedra,argent-dawn,1793,warlock,demonology,54,31,23
Mustasheen,stormscale,1790,warlock,demonology,36,21,15
Ffpiiras,dunemaul,1790,warlock,demonology,60,27,33
Äåäåäåäåäåäå,ravencrest,1789,warlock,demonology,47,26,21
Omnípotens,silvermoon,1783,warlock,demonology,54,31,23
Shadowflamez,argent-dawn,1771,warlock,demonology,30,27,3
Zehirisalari,twisting-nether,1761,warlock,demonology,42,24,18
Alphalock,mannoroth,1755,warlock,demonology,72,35,37
Catchlock,tarren-mill,1752,warlock,demonology,36,20,16
Dadcrush,antonidas,1751,warlock,demonology,78,40,38
Proßlock,kazzak,1749,warlock,demonology,105,63,42
Indrâxx,hyjal,1748,warlock,demonology,24,23,1
Synlockiax,silvermoon,1745,warlock,demonology,44,34,10
Kennÿfõx,ysondre,1732,warlock,demonology,24,19,5
Lïñglïñg,twisting-nether,1730,warlock,demonology,30,22,8
Naarnust,defias-brotherhood,1727,warlock,demonology,42,28,14
Adafbhf,tichondrius,1723,warlock,demonology,41,22,19
Помечте,soulflayer,1723,warlock,demonology,94,41,53
Dalamon,draenor,1721,warlock,demonology,48,24,24
Храбзар,gordunni,1721,warlock,demonology,112,51,61
Moffguldan,sanguino,1719,warlock,demonology,48,28,20
Nâzgrel,tarren-mill,1719,warlock,demonology,60,29,31
Пухи,blackscar,1713,warlock,demonology,49,21,28
Zelieknight,ysondre,1711,warlock,demonology,60,28,32
Glavy,burning-legion,1710,warlock,demonology,77,42,35
Despépêche,garona,1709,warlock,demonology,42,24,18
Azthral,nemesis,1708,warlock,demonology,105,60,45
Зажиженный,soulflayer,1707,warlock,demonology,40,26,14
Mendozaah,kazzak,1707,warlock,demonology,170,86,84
Drerlord,tarren-mill,1699,warlock,demonology,48,21,27
Totephia,kazzak,1696,warlock,demonology,72,33,39
Rune,aegwynn,1695,warlock,demonology,52,29,23
Tjockoloco,tarren-mill,1695,warlock,demonology,164,89,75
Kazzy,grim-batol,1693,warlock,demonology,30,21,9
Zatella,ravencrest,1693,warlock,demonology,84,45,39
Malowix,outland,1690,warlock,demonology,42,20,22
Zoreck,uldum,1689,warlock,demonology,36,20,16
Бриант,gordunni,1689,warlock,demonology,47,19,28
Yamadea,stormscale,1686,warlock,demonology,48,25,23
Eluinees,silvermoon,1684,warlock,demonology,36,25,11
Jinusek,burning-legion,1682,warlock,demonology,43,23,20
Grêenbull,eredar,1680,warlock,demonology,49,27,22
Варикай,gordunni,1678,warlock,demonology,42,27,15
Жериновсский,gordunni,1677,warlock,demonology,36,18,18
Fandirxd,draenor,1672,warlock,demonology,108,51,57
Iskieel,ravencrest,1671,warlock,demonology,44,26,18
Bloodlock,onyxia,1670,warlock,demonology,42,22,20
Osbaa,bladefist,1668,warlock,demonology,42,22,20
Tekron,blackhand,1666,warlock,demonology,48,34,14
Císuh,stormreaver,1666,warlock,demonology,47,24,23
Impaler,tarren-mill,1664,warlock,demonology,188,91,97
Xtyran,blackmoore,1661,warlock,demonology,42,20,22
Kemel,thrall,1655,warlock,demonology,30,21,9
Нафлэпил,gordunni,1655,warlock,demonology,54,31,23
Гурджес,soulflayer,1655,warlock,demonology,98,52,46
Егосяхаос,soulflayer,1654,warlock,demonology,126,65,61
Niyyu,blackmoore,1654,warlock,demonology,48,22,26
Shugglock,draenor,1653,warlock,demonology,42,23,19
Deamonsmith,silvermoon,1652,warlock,demonology,58,36,22
Mjor,twisting-nether,1650,warlock,demonology,30,18,12
Chromagnus,drakthul,1649,warlock,demonology,36,21,15
Louên,dun-modr,1648,warlock,demonology,42,21,21
Endherkonk,sanguino,1646,warlock,demonology,42,24,18
Utsus,tarren-mill,1645,warlock,demonology,36,23,13
Hypotax,ragnaros,1644,warlock,demonology,54,33,21
Requeims,outland,1638,warlock,demonology,48,22,26
Fîgøk,conseil-des-ombres,1638,warlock,demonology,48,21,27
Snackstickz,twisting-nether,1637,warlock,demonology,48,29,19
Tiffyilock,blackrock,1637,warlock,demonology,42,20,22
Scottware,draenor,1635,warlock,demonology,38,23,15
Darcîa,destromath,1633,warlock,demonology,100,56,44
Règis,antonidas,1633,warlock,demonology,42,22,20
Zzooxx,silvermoon,1631,warlock,demonology,30,17,13
Ájszmen,ravencrest,1629,warlock,demonology,54,30,24
Фортэр,ashenvale,1629,warlock,demonology,42,20,22
Лвнг,gordunni,1628,warlock,demonology,48,29,19
Dimmybyrger,stormreaver,1627,warlock,demonology,30,17,13
Abdelkarime,khaz-modan,1627,warlock,demonology,42,23,19
Summonit,blackmoore,1627,warlock,demonology,54,29,25
Interceptêr,blackrock,1627,warlock,demonology,42,22,20
Neuth,draenor,1627,warlock,demonology,50,21,29
Шэдоубёрн,soulflayer,1624,warlock,demonology,95,57,38
Erkai,kazzak,1624,warlock,demonology,45,24,21
Jopasiski,draenor,1624,warlock,demonology,36,17,19
Dasda,defias-brotherhood,1623,warlock,demonology,89,49,40
Мешшугга,howling-fjord,1623,warlock,demonology,38,20,18
Dualla,aegwynn,1623,warlock,demonology,36,17,19
Jackyfalls,blackmoore,1622,warlock,demonology,24,17,7
Элси,howling-fjord,1622,warlock,demonology,30,17,13
Нэкрил,howling-fjord,1621,warlock,demonology,35,22,13
Xanatas,nemesis,1620,warlock,demonology,42,25,17
Icò,ravencrest,1620,warlock,demonology,36,17,19
Kûraiko,blackrock,1614,warlock,demonology,30,17,13
Eroszakolock,ragnaros,1611,warlock,demonology,24,17,7
Kody,blackmoore,1609,warlock,demonology,24,17,7
Ahollic,frostwolf,1606,warlock,demonology,30,19,11
Shuggul,draenor,1606,warlock,demonology,37,22,15
Demonjoker,blackhand,1604,warlock,demonology,51,31,20
Deaddydoo,kazzak,1604,warlock,demonology,42,20,22
Kolskegg,doomhammer,1603,warlock,demonology,48,22,26
Havexis,tichondrius,1602,warlock,demonology,42,32,10
Prekt,ragnaros,1601,warlock,demonology,36,19,17
Zzooxxie,silvermoon,1600,warlock,demonology,42,19,23
Hellbboy,azjolnerub,1599,warlock,demonology,73,41,32
Gemors,ravenholdt,1599,warlock,demonology,72,38,34
Erøne,archimonde,1599,warlock,demonology,199,103,96
Djshyasiañ,perenolde,1599,warlock,demonology,176,90,86
Izhi,ragnaros,1598,warlock,demonology,36,21,15
Гвоздяшка,blackscar,1597,warlock,demonology,47,22,25
Sokyra,tarren-mill,1594,warlock,demonology,54,25,29
Vêzor,twisting-nether,1592,warlock,demonology,30,17,13
Eleriya,argent-dawn,1591,warlock,demonology,92,45,47
Lottopallo,arathor,1589,warlock,demonology,74,51,23
Sublînê,blackmoore,1582,warlock,demonology,76,38,38
Potatowl,ravencrest,1582,warlock,demonology,36,18,18
Míkæ,ravencrest,1582,warlock,demonology,72,34,38
Insídíous,tarren-mill,1581,warlock,demonology,36,19,17
Hâres,anetheron,1580,warlock,demonology,199,95,104
Мамхаус,howling-fjord,1579,warlock,demonology,36,22,14
Yumiblood,tarren-mill,1564,warlock,demonology,35,21,14
Silenozz,ragnaros,1564,warlock,demonology,91,49,42
Golborg,draenor,1562,warlock,demonology,69,28,41
Зарлог,soulflayer,1560,warlock,demonology,42,22,20
Dotsyoudown,kelthuzad,1560,warlock,demonology,36,18,18
Itspoint,draenor,1558,warlock,demonology,65,33,32
Môrgán,draenor,1550,warlock,demonology,142,69,73
Kalinowa,burning-legion,1543,warlock,demonology,89,49,40
Nerzhull,stormscale,1539,warlock,demonology,87,44,43
Redshíne,hyjal,1537,warlock,demonology,54,24,30
Solitariøus,arathi,1536,warlock,demonology,60,30,30
Nuwdles,tarren-mill,1535,warlock,demonology,42,23,19
Synthiax,silvermoon,1534,warlock,demonology,24,16,8
Repah,doomhammer,1534,warlock,demonology,30,17,13
Fsandtwo,ravencrest,1534,warlock,demonology,30,16,14
Sïlïthuss,ravencrest,1534,warlock,demonology,102,54,48
Kaamosliha,frostwhisper,1532,warlock,demonology,89,45,44
Харакула,fordragon,1531,warlock,demonology,24,17,7
Altffeer,blackmoore,1531,warlock,demonology,47,27,20
Wëndigo,stormscale,1530,warlock,demonology,41,19,22
Tonin,antonidas,1528,warlock,demonology,41,25,16
Bunne,twisting-nether,1523,warlock,demonology,36,16,20
Indiasummerx,turalyon,1521,warlock,demonology,46,26,20
Scaevóla,ravencrest,1520,warlock,demonology,180,92,88
Skitless,blackmoore,1514,warlock,demonology,39,19,20
Seriasa,blackmoore,1511,warlock,demonology,66,27,39
Absúrd,turalyon,1510,warlock,demonology,210,119,91
Theolock,ragnaros,1508,warlock,demonology,60,28,32
Felsturm,twisting-nether,1497,warlock,demonology,36,24,12
Felburrn,twisting-nether,1493,warlock,demonology,71,35,36
Srhal,blackmoore,1492,warlock,demonology,96,53,43
Morgan,jaedenar,1491,warlock,demonology,66,28,38
Gulzot,turalyon,1490,warlock,demonology,30,19,11
Бельведерчи,blackscar,1487,warlock,demonology,90,48,42
Dabulock,blackmoore,1487,warlock,demonology,33,17,16
Эволюционист,gordunni,1483,warlock,demonology,42,22,20
Khalkazar,darkspear,1477,warlock,demonology,30,16,14
Roedin,tarren-mill,1477,warlock,demonology,112,43,69
Мормир,deathguard,1473,warlock,demonology,46,23,23
Иллугис,gordunni,1468,warlock,demonology,36,17,19
Костикк,howling-fjord,1466,warlock,demonology,31,19,12
Lockaria,zuljin,1464,warlock,demonology,30,17,13
Паникс,gordunni,1463,warlock,demonology,42,18,24
Mephysteroth,dalaran,1462,warlock,demonology,30,16,14
Kukcaryfuk,drakthul,1460,warlock,demonology,48,25,23
Rpez,archimonde,1456,warlock,demonology,178,95,83
Sedryn,turalyon,1454,warlock,demonology,546,276,270
Jondi,blackmoore,1452,warlock,demonology,43,23,20
Нгага,howling-fjord,1443,warlock,demonology,227,111,116
Esgül,draenor,1442,warlock,demonology,76,40,36
Igõr,draenor,1439,warlock,demonology,24,15,9
Priszcilla,twisting-nether,1438,warlock,demonology,108,59,49
Benvyx,twisting-nether,1438,warlock,demonology,30,15,15
Jesez,aegwynn,1436,warlock,demonology,24,15,9
Rafael,stormscale,1435,warlock,demonology,42,22,20
Dedalus,zuluhed,1425,warlock,demonology,136,81,55
Corbiejr,tarren-mill,1425,warlock,demonology,70,29,41
Hyphonos,blackmoore,1422,warlock,demonology,30,15,15
Ruinovino,outland,1422,warlock,demonology,42,18,24
Джердхаус,fordragon,1419,warlock,demonology,30,15,15
Épidémie,outland,1419,warlock,demonology,47,18,29
Nattû,outland,1415,warlock,demonology,30,15,15
Tsumde,dalaran,1415,warlock,demonology,54,26,28
Ayóó,doomhammer,1414,warlock,demonology,260,130,130
Lunden,drakthul,1414,warlock,demonology,46,22,24
Malganas,sylvanas,1414,warlock,demonology,95,42,53
Tochka,archimonde,1412,warlock,demonology,30,15,15
Ilarizium,ysondre,1408,warlock,demonology,77,40,37
Героуд,howling-fjord,1407,warlock,demonology,30,15,15
Dhraven,thrall,1406,warlock,demonology,24,15,9
Qullnius,kazzak,1402,warlock,demonology,42,24,18
Tudii,frostwolf,1401,warlock,demonology,54,32,22
Morgána,outland,1401,warlock,demonology,30,15,15
Profylaxis,arathor,1396,warlock,demonology,46,23,23
Déus,forscherliga,1394,warlock,demonology,132,64,68
Shalazar,dun-modr,1389,warlock,demonology,54,32,22
Peremi,grim-batol,1388,warlock,demonology,30,15,15
Panic,stormrage,1384,warlock,demonology,132,69,63
Расмурът,soulflayer,1375,warlock,demonology,42,23,19
Sineko,twisting-nether,1375,warlock,demonology,130,61,69
Wítchær,blackhand,1370,warlock,demonology,48,28,20
Nimh,azjolnerub,1363,warlock,demonology,51,28,23
Sevastus,argent-dawn,1363,warlock,demonology,96,48,48
Гулдарий,howling-fjord,1362,warlock,demonology,219,112,107
Ädarä,cthun,1359,warlock,demonology,54,27,27
Чингинсхан,howling-fjord,1357,warlock,demonology,35,25,10
Kharless,kazzak,1354,warlock,demonology,30,15,15
Валентинчик,galakrond,1353,warlock,demonology,30,16,14
Mesîkatayut,outland,1351,warlock,demonology,75,43,32
Cahoa,archimonde,1349,warlock,demonology,24,15,9
Olsel,draenor,1349,warlock,demonology,36,16,20
Scallington,shattered-hand,1344,warlock,demonology,24,14,10
Афинц,deathguard,1343,warlock,demonology,24,14,10
Easycheasy,ravencrest,1343,warlock,demonology,24,14,10
Lacape,dalaran,1340,warlock,demonology,28,15,13
Razzguul,blackmoore,1337,warlock,demonology,28,15,13
Evilbuba,burning-legion,1337,warlock,demonology,58,30,28
Dominvs,silvermoon,1336,warlock,demonology,150,75,75
Tomlingen,terenas,1335,warlock,demonology,48,25,23
Чернаяскала,howling-fjord,1334,warlock,demonology,24,14,10
Darkdagor,blackrock,1334,warlock,demonology,24,14,10
Stormytrumpy,twisting-nether,1331,warlock,demonology,27,15,12
Vanskor,argent-dawn,1331,warlock,demonology,100,42,58
Letzman,ravencrest,1321,warlock,demonology,25,16,9
Stormblast,azshara,1321,warlock,demonology,30,19,11
Kwanzaa,ravencrest,1319,warlock,demonology,24,14,10
Wåfa,kazzak,1318,warlock,demonology,42,23,19
Gulldan,bloodfeather,1315,warlock,demonology,54,27,27
Forthewin,stormreaver,1313,warlock,demonology,30,15,15
Auxi,the-maelstrom,1310,warlock,demonology,87,48,39
Sargaerot,draenor,1302,warlock,demonology,66,33,33
Дуклок,howling-fjord,1301,warlock,demonology,65,34,31
Lokko,nemesis,1298,warlock,demonology,59,25,34
Fujiitøra,ysondre,1286,warlock,demonology,49,27,22
Valadair,sanguino,1286,warlock,demonology,168,87,81
Cmzdalock,ravencrest,1279,warlock,demonology,36,23,13
Waltrude,conseil-des-ombres,1261,warlock,demonology,48,16,32
Инсип,blackscar,1256,warlock,demonology,42,18,24
Eatherial,twilights-hammer,1255,warlock,demonology,30,18,12
Trellaras,bloodfeather,1249,warlock,demonology,29,14,15
Rikkért,draenor,1248,warlock,demonology,24,13,11
Capsloq,sargeras,1246,warlock,demonology,27,14,13
Greeylock,blackhand,1243,warlock,demonology,24,13,11
Tarilinwelli,les-sentinelles,1242,warlock,demonology,24,13,11
Стокыч,soulflayer,1241,warlock,demonology,36,13,23
Icq,ravencrest,1240,warlock,demonology,27,14,13
Chedipes,stormscale,1240,warlock,demonology,33,14,19
Чутьчутьзлая,gordunni,1237,warlock,demonology,24,13,11
Áutísm,silvermoon,1235,warlock,demonology,18,13,5
Andid,frostwolf,1231,warlock,demonology,38,18,20
Truckpunch,defias-brotherhood,1228,warlock,demonology,42,18,24
Hamnam,blackrock,1226,warlock,demonology,30,13,17
Dernaxz,argent-dawn,1225,warlock,demonology,26,15,11
Honetia,ravencrest,1225,warlock,demonology,29,13,16
Mefistosx,draenor,1224,warlock,demonology,30,13,17
Армдэд,galakrond,1222,warlock,demonology,30,13,17
Thorash,moonglade,1221,warlock,demonology,18,13,5
Bíü,tarren-mill,1219,warlock,demonology,30,13,17
Gnometefurax,hyjal,1218,warlock,demonology,30,14,16
Rüwel,mannoroth,1214,warlock,demonology,47,20,27
Netcownt,silvermoon,1199,warlock,demonology,31,15,16
Lifesteal,auchindoun,1196,warlock,demonology,42,18,24
Azraëlle,drekthar,1195,warlock,demonology,21,14,7
Malumbra,argent-dawn,1194,warlock,demonology,29,13,16
Nekrosd,tarren-mill,1193,warlock,demonology,27,14,13
Rngmåchinêx,ravencrest,1183,warlock,demonology,22,13,9
Vorgoth,argent-dawn,1179,warlock,demonology,28,13,15
Jag,neptulon,1171,warlock,demonology,24,15,9
Decayez,thrall,1168,warlock,demonology,19,13,6
Nagash,zuljin,1157,warlock,demonology,17,13,4
Jomitoisback,nemesis,1152,warlock,demonology,12,12,0
Syntax,blackmoore,1152,warlock,demonology,18,12,6
Lyndi,nerathor,1152,warlock,demonology,18,12,6
Ðåñtåy,ravencrest,1152,warlock,demonology,18,12,6
Инфес,deathweaver,1151,warlock,demonology,18,12,6
Fedpikkefar,kazzak,1151,warlock,demonology,24,12,12
Парачо,eversong,1151,warlock,demonology,24,12,12
Nargøf,outland,1151,warlock,demonology,24,12,12
Topmodelx,eredar,1150,warlock,demonology,18,12,6
Майдум,soulflayer,1150,warlock,demonology,18,12,6
Carlss,sanguino,1149,warlock,demonology,18,12,6
Desolador,tyrande,1148,warlock,demonology,30,12,18
Sizezero,tarren-mill,1147,warlock,demonology,18,12,6
Ashzu,quelthalas,1145,warlock,demonology,24,12,12
Beloezoloto,deathwing,1143,warlock,demonology,30,12,18
Penske,sanguino,1143,warlock,demonology,30,12,18
Сладкийпир,soulflayer,1139,warlock,demonology,24,12,12
Szetbaszlock,ragnaros,1137,warlock,demonology,18,12,6
Aldhelm,draenor,1130,warlock,demonology,28,13,15
Арон,soulflayer,1119,warlock,demonology,23,12,11
Анрали,soulflayer,1119,warlock,demonology,23,12,11
Warlockyo,blackrock,1118,warlock,demonology,23,12,11
Erwynna,conseil-des-ombres,1118,warlock,demonology,30,12,18
Scarly,nordrassil,1103,warlock,demonology,35,18,17
Tripleshache,elune,1101,warlock,demonology,66,33,33
Sabiocalvo,dun-modr,1097,warlock,demonology,42,20,22
Infïnitýx,silvermoon,1086,warlock,demonology,20,12,8
Flocca,archimonde,1085,warlock,demonology,26,12,14
Этожедру,howling-fjord,1084,warlock,demonology,17,12,5
Filø,dalaran,1077,warlock,demonology,41,12,29
Bicuriousdad,tarren-mill,1056,warlock,demonology,12,11,1
Rektube,sanguino,1056,warlock,demonology,12,11,1
Glooness,burning-legion,1056,warlock,demonology,18,11,7
Артисона,gordunni,1056,warlock,demonology,18,11,7
Dotosgyörgy,ragnaros,1056,warlock,demonology,18,11,7
Adellara,draenor,1056,warlock,demonology,18,11,7
Nazw,ravencrest,1056,warlock,demonology,24,11,13
Slockoló,ragnaros,1056,warlock,demonology,36,11,25
Tamatóax,tarren-mill,1055,warlock,demonology,12,11,1
Dirtytyrant,sanguino,1055,warlock,demonology,18,11,7
Tiendi,blackhand,1055,warlock,demonology,24,11,13
Lonelock,blackrock,1055,warlock,demonology,24,11,13
Tìdùs,nethersturm,1054,warlock,demonology,12,11,1
Froschhaxen,blackhand,1054,warlock,demonology,18,11,7
Algolagniac,stormscale,1054,warlock,demonology,18,11,7
Dàrksoul,thrall,1054,warlock,demonology,18,11,7
Idezis,ragnaros,1054,warlock,demonology,18,11,7
Katâra,tarren-mill,1054,warlock,demonology,24,11,13
Longdickie,ravencrest,1053,warlock,demonology,18,11,7
Tamaduitoru,dragonblight,1052,warlock,demonology,18,11,7
Емс,gordunni,1051,warlock,demonology,24,11,13
Кайрана,blackscar,1049,warlock,demonology,18,11,7
Zanzarismo,nemesis,1049,warlock,demonology,21,12,9
Ambralia,blackmoore,1048,warlock,demonology,24,12,12
Дулаан,blackscar,1042,warlock,demonology,18,11,7
Силаскверна,deathguard,1039,warlock,demonology,24,11,13
Imadovich,silvermoon,1029,warlock,demonology,41,20,21
Remthorn,frostmane,1022,warlock,demonology,36,19,17
Krushell,sanguino,1021,warlock,demonology,18,11,7
Shadowppl,outland,1021,warlock,demonology,26,12,14
Dreamnyâsha,tarren-mill,1002,warlock,demonology,21,13,8
Discomugg,stormscale,991,warlock,demonology,17,11,6
Мембер,thermaplugg,990,warlock,demonology,26,11,15
Grimmwald,stormreaver,990,warlock,demonology,28,11,17
Blacklock,argent-dawn,960,warlock,demonology,12,10,2
Демоник,deathguard,960,warlock,demonology,18,10,8
Oggelock,tarren-mill,960,warlock,demonology,18,10,8
Quadraxer,antonidas,960,warlock,demonology,18,10,8
Кьютсанни,howling-fjord,960,warlock,demonology,24,10,14
Xartul,tarren-mill,959,warlock,demonology,12,10,2
Oozi,tarren-mill,959,warlock,demonology,12,10,2
Nainbusdemil,dalaran,959,warlock,demonology,18,10,8
Нэваблэйз,howling-fjord,959,warlock,demonology,18,10,8
Darkenlock,burning-legion,959,warlock,demonology,18,10,8
Hexdrix,thrall,959,warlock,demonology,30,10,20
Ipetsincl,kazzak,958,warlock,demonology,18,10,8
Davyjonessx,twisting-nether,958,warlock,demonology,18,10,8
Astéfion,dalaran,958,warlock,demonology,18,10,8
Pipoûc,archimonde,958,warlock,demonology,24,10,14
Iovol,korgall,957,warlock,demonology,18,10,8
Güulran,les-clairvoyants,954,warlock,demonology,18,10,8
Enviroq,burning-legion,954,warlock,demonology,18,10,8
Degdeehei,draenor,953,warlock,demonology,12,10,2
Kalhija,medivh,953,warlock,demonology,18,10,8
Kawapow,azjolnerub,952,warlock,demonology,18,10,8
Ablas,bladefist,940,warlock,demonology,35,10,25
Thyron,gorgonnash,938,warlock,demonology,24,10,14
Аттропа,gordunni,928,warlock,demonology,18,12,6
Fearmydear,alleria,926,warlock,demonology,17,10,7
Vreyax,aegwynn,911,warlock,demonology,17,10,7
Acuacx,drakthul,909,warlock,demonology,17,10,7
Snoggä,antonidas,885,warlock,demonology,36,17,19
Ixal,hyjal,882,warlock,demonology,30,13,17
Öbsury,hyjal,864,warlock,demonology,12,9,3
Yazurí,ravencrest,864,warlock,demonology,12,9,3
Dogdrakex,tarren-mill,864,warlock,demonology,12,9,3
Нистл,gordunni,864,warlock,demonology,12,9,3
Aladèèn,tarren-mill,864,warlock,demonology,12,9,3
Gv,ragnaros,864,warlock,demonology,12,9,3
Demosteaks,thrall,864,warlock,demonology,12,9,3
Stafar,outland,864,warlock,demonology,12,9,3
Простохаос,howling-fjord,864,warlock,demonology,12,9,3
Dadylock,silvermoon,864,warlock,demonology,12,9,3
Ooroothothz,frostwolf,864,warlock,demonology,12,9,3
Kuloo,blackmoore,864,warlock,demonology,18,9,9
Boomlok,tarren-mill,864,warlock,demonology,18,9,9
Nekrofille,outland,864,warlock,demonology,18,9,9
Darksoll,hyjal,864,warlock,demonology,24,9,15
Zèlêph,archimonde,863,warlock,demonology,12,9,3
Kritrouilles,sargeras,863,warlock,demonology,18,9,9
Nosoulnoprob,sylvanas,863,warlock,demonology,24,9,15
Xoky,argent-dawn,861,warlock,demonology,18,9,9
Allotropìa,ravencrest,861,warlock,demonology,24,9,15
Kazzulina,ravenholdt,861,warlock,demonology,24,9,15
Haitech,dalaran,858,warlock,demonology,12,9,3
Nikhusadark,draenor,856,warlock,demonology,19,9,10
Screamo,sylvanas,844,warlock,demonology,18,9,9
Дакиса,gordunni,815,warlock,demonology,17,9,8
Гупперлок,howling-fjord,810,warlock,demonology,27,12,15
Migyardondup,exodar,802,warlock,demonology,69,38,31
Бирел,soulflayer,799,warlock,demonology,16,9,7
Fuark,teldrassil,798,warlock,demonology,11,9,2
Простоседой,gordunni,798,warlock,demonology,23,9,14
Йотунхейм,ashenvale,792,warlock,demonology,20,9,11
Грешъник,gordunni,783,warlock,demonology,19,9,10
Котрх,gordunni,768,warlock,demonology,12,8,4
Devildodo,elune,768,warlock,demonology,12,8,4
Staenkymayne,blackhand,768,warlock,demonology,12,8,4
Gilfhaunter,malganis,768,warlock,demonology,12,8,4
Maevoni,blackmoore,768,warlock,demonology,12,8,4
Killning,medivh,768,warlock,demonology,12,8,4
Nachtreich,thrall,768,warlock,demonology,12,8,4
Аскамардва,gordunni,768,warlock,demonology,12,8,4
Rozn,ravencrest,768,warlock,demonology,12,8,4
Nàughty,ragnaros,768,warlock,demonology,15,8,7
Idkdot,ravencrest,768,warlock,demonology,18,8,10
Biest,drakthul,768,warlock,demonology,18,8,10
Narsok,blackrock,768,warlock,demonology,18,8,10
Djezzick,stormscale,768,warlock,demonology,18,8,10
Ívânguldán,twisting-nether,768,warlock,demonology,18,8,10
Jarodshadow,stormscale,768,warlock,demonology,18,8,10
Koldarr,blackmoore,768,warlock,demonology,18,8,10
Øupas,ysondre,768,warlock,demonology,18,8,10
Eizon,tarren-mill,767,warlock,demonology,12,8,4
Tojezlo,drakthul,767,warlock,demonology,12,8,4
Ðelðish,draenor,767,warlock,demonology,12,8,4
Sovrìn,blackrock,767,warlock,demonology,12,8,4
Филоняша,gordunni,767,warlock,demonology,12,8,4
Chimera,mugthol,767,warlock,demonology,18,8,10
Alotadot,ravencrest,767,warlock,demonology,18,8,10
Lugdan,blackmoore,767,warlock,demonology,18,8,10
Otemlock,sanguino,766,warlock,demonology,12,8,4
Guccie,ravencrest,766,warlock,demonology,17,10,7
Britneyféars,emeriss,766,warlock,demonology,18,8,10
Zeddy,draenor,766,warlock,demonology,18,8,10
Merzavka,kazzak,765,warlock,demonology,12,8,4
Rövsmärta,ragnaros,765,warlock,demonology,15,9,6
Njutbar,ragnaros,765,warlock,demonology,18,8,10
Bachmut,ravencrest,765,warlock,demonology,18,8,10
Ясяшотлав,soulflayer,761,warlock,demonology,22,11,11
Wanderingowl,blackmoore,760,warlock,demonology,12,8,4
Nedivh,stormscale,751,warlock,demonology,23,8,15
Tunrîda,illidan,733,warlock,demonology,21,8,13
Dotwhat,ravencrest,719,warlock,demonology,17,8,9
Themengh,stormscale,715,warlock,demonology,27,8,19
Lifetap,tarren-mill,703,warlock,demonology,14,8,6
Mundunugu,sanguino,687,warlock,demonology,13,8,5
Ponçeur,ysondre,687,warlock,demonology,19,9,10
Papilena,turalyon,687,warlock,demonology,19,8,11
Khaleth,dun-modr,672,warlock,demonology,12,7,5
Ballerlock,ravencrest,672,warlock,demonology,12,7,5
Marador,drakthul,672,warlock,demonology,12,7,5
Thereya,dun-morogh,672,warlock,demonology,12,7,5
Eviloverlord,silvermoon,672,warlock,demonology,12,7,5
Kosfáce,tarren-mill,672,warlock,demonology,12,7,5
Circe,draenor,672,warlock,demonology,12,7,5
Likilaka,draenor,672,warlock,demonology,12,7,5
Plâytïmè,stormscale,672,warlock,demonology,12,7,5
Styxwl,blackhand,672,warlock,demonology,12,7,5
Wiitchdoktor,twisting-nether,672,warlock,demonology,12,7,5
Hannens,blackrock,672,warlock,demonology,12,7,5
Blekspel,outland,672,warlock,demonology,12,7,5
Кале,goldrinn,672,warlock,demonology,12,7,5
Immolleria,frostmane,672,warlock,demonology,12,7,5
Flamidien,archimonde,672,warlock,demonology,12,7,5
Fearfearfear,archimonde,672,warlock,demonology,12,7,5
Dryaxc,frostwolf,672,warlock,demonology,12,7,5
Framelock,draenor,672,warlock,demonology,12,7,5
Spongebobx,kazzak,672,warlock,demonology,12,7,5
Slurvefar,kazzak,672,warlock,demonology,12,7,5
Líí,burning-blade,672,warlock,demonology,12,7,5
Dzodeep,kazzak,672,warlock,demonology,12,7,5
Bigbagelbob,archimonde,672,warlock,demonology,12,7,5
Guldchan,drakthul,672,warlock,demonology,12,7,5
Zagreos,tarren-mill,672,warlock,demonology,12,7,5
Shortyi,thrall,672,warlock,demonology,18,7,11
Fearu,kazzak,672,warlock,demonology,18,7,11
Klaab,hyjal,672,warlock,demonology,18,7,11
Kosoki,burning-legion,672,warlock,demonology,18,7,11
Cringetamer,silvermoon,672,warlock,demonology,18,7,11
Æternallock,nemesis,671,warlock,demonology,12,7,5
Адилея,howling-fjord,671,warlock,demonology,12,7,5
Dedobozhe,ravencrest,671,warlock,demonology,12,7,5
Pestilus,thrall,671,warlock,demonology,18,7,11
Bewbys,draenor,671,warlock,demonology,24,7,17
Sipsirica,ragnaros,670,warlock,demonology,18,7,11
Williamford,dun-modr,669,warlock,demonology,18,7,11
Darlanis,draenor,668,warlock,demonology,12,7,5
Ryks,terrordar,624,warlock,demonology,15,7,8
Kavalierr,stormscale,624,warlock,demonology,21,8,13
Kïng,elune,622,warlock,demonology,15,8,7
Void,pozzo-delleternità,617,warlock,demonology,21,10,11
Warlockxx,ravencrest,607,warlock,demonology,11,7,4
Beebs,aegwynn,576,warlock,demonology,6,6,0
Тапкидеда,gordunni,576,warlock,demonology,6,6,0
Labreego,aggra-português,576,warlock,demonology,6,6,0
Onewarlock,kazzak,576,warlock,demonology,6,6,0
Werzel,frostmane,576,warlock,demonology,6,6,0
Solidwarlock,archimonde,576,warlock,demonology,6,6,0
Dracsu,dun-modr,576,warlock,demonology,12,6,6
Zerx,malganis,576,warlock,demonology,12,6,6
Édøras,archimonde,576,warlock,demonology,12,6,6
Rivmuu,argent-dawn,576,warlock,demonology,12,6,6
Rîas,hyjal,576,warlock,demonology,12,6,6
Тевон,gordunni,576,warlock,demonology,12,6,6
Smallpee,kazzak,576,warlock,demonology,12,6,6
Wacamolymojo,tarren-mill,576,warlock,demonology,12,6,6
Gruldran,khaz-modan,576,warlock,demonology,12,6,6
Nephystø,archimonde,576,warlock,demonology,12,6,6
Rikmeyzter,burning-blade,576,warlock,demonology,12,6,6
Jegfaller,wildhammer,576,warlock,demonology,12,6,6
Devour,magtheridon,576,warlock,demonology,12,6,6
Líely,ravencrest,576,warlock,demonology,12,6,6
Kasztyk,grim-batol,576,warlock,demonology,12,6,6
Darcol,archimonde,576,warlock,demonology,12,6,6
Mmorgana,sanguino,576,warlock,demonology,12,6,6
Malathrom,garona,576,warlock,demonology,12,6,6
Baldazar,dun-modr,576,warlock,demonology,12,6,6
Ilovebronko,blackrock,576,warlock,demonology,12,6,6
Vîmø,antonidas,576,warlock,demonology,12,6,6
Lamboo,tarren-mill,576,warlock,demonology,12,6,6
Deflagrate,kazzak,576,warlock,demonology,12,6,6
Ðêmøñîc,ravencrest,576,warlock,demonology,12,6,6
Lifedriller,drakthul,576,warlock,demonology,12,6,6
Mombo,the-maelstrom,576,warlock,demonology,12,6,6
Oldasianman,blackrock,576,warlock,demonology,18,6,12
Фэлдред,soulflayer,576,warlock,demonology,18,6,12
Xanatar,blackhand,576,warlock,demonology,18,6,12
Agathaharkne,minahonda,576,warlock,demonology,18,6,12
Morwëk,ysondre,576,warlock,demonology,18,6,12
Yeatso,blackmoore,576,warlock,demonology,18,6,12
Haillun,twisting-nether,576,warlock,demonology,18,6,12
Deadleth,blackrock,575,warlock,demonology,10,7,3
Факлок,gordunni,575,warlock,demonology,12,6,6
Сквордин,gordunni,575,warlock,demonology,12,6,6
Heximexi,malganis,575,warlock,demonology,18,6,12
Xerxia,blackrock,575,warlock,demonology,18,6,12
Ахпорбес,gordunni,574,warlock,demonology,10,7,3
Ragedrop,malygos,574,warlock,demonology,12,6,6
Methmuncher,twisting-nether,574,warlock,demonology,24,6,18
Lokisi,die-aldor,572,warlock,demonology,18,6,12
Petrosk,sanguino,569,warlock,demonology,12,6,6
Absurdd,turalyon,568,warlock,demonology,14,9,5
Raez,burning-blade,559,warlock,demonology,17,6,11
Кхадгард,howling-fjord,544,warlock,demonology,16,6,10
Gutras,ragnaros,527,warlock,demonology,11,6,5
Tvmpzwl,ravencrest,527,warlock,demonology,17,6,11
Shazem,tarren-mill,522,warlock,demonology,12,7,5
Lockmex,outland,512,warlock,demonology,10,6,4
Racursed,outland,480,warlock,demonology,6,5,1
Фирвебало,soulflayer,480,warlock,demonology,6,5,1
Boomloc,tarren-mill,480,warlock,demonology,6,5,1
Swagzz,silvermoon,480,warlock,demonology,6,5,1
Deadmanwlkin,aggra-português,480,warlock,demonology,6,5,1
Köftemec,blackrock,480,warlock,demonology,6,5,1
Ganjubass,tarren-mill,480,warlock,demonology,6,5,1
Mércé,stormscale,480,warlock,demonology,6,5,1
Chromex,dentarg,480,warlock,demonology,6,5,1
Voídzero,hyjal,480,warlock,demonology,6,5,1
Velativ,silvermoon,480,warlock,demonology,6,5,1
Vitalyk,sanguino,480,warlock,demonology,6,5,1
Gattlingan,eredar,480,warlock,demonology,6,5,1
Fenrixlol,zuljin,480,warlock,demonology,6,5,1
Xarica,garona,480,warlock,demonology,6,5,1
Miauwu,stormscale,480,warlock,demonology,6,5,1
Hannen,blackrock,480,warlock,demonology,6,5,1
Felgødx,nemesis,480,warlock,demonology,6,5,1
Bibilockbert,aegwynn,480,warlock,demonology,6,5,1
Jinxme,tarren-mill,480,warlock,demonology,6,5,1
Cazul,archimonde,480,warlock,demonology,6,5,1
Cuteyess,shadowsong,480,warlock,demonology,6,5,1
Hiloqtlock,blackmoore,480,warlock,demonology,6,5,1
Лираума,howling-fjord,480,warlock,demonology,9,6,3
Евнухоидизм,gordunni,480,warlock,demonology,8,5,3
Landii,ragnaros,480,warlock,demonology,12,5,7
Durátor,ravencrest,480,warlock,demonology,12,5,7
Nécromancér,doomhammer,480,warlock,demonology,12,5,7
Moslock,kazzak,480,warlock,demonology,12,5,7
Msßeckinsale,tarren-mill,480,warlock,demonology,12,5,7
Törtidotcom,blackrock,480,warlock,demonology,12,5,7
Agaton,twisting-nether,480,warlock,demonology,12,5,7
Morshax,ysondre,480,warlock,demonology,12,5,7
Tepelkwastje,twisting-nether,480,warlock,demonology,12,5,7
Nastychâtøn,ysondre,480,warlock,demonology,12,5,7
Векстах,gordunni,480,warlock,demonology,12,5,7
Zoodaddy,grim-batol,480,warlock,demonology,12,5,7
Gulderrf,kirin-tor,480,warlock,demonology,12,5,7
Purepkbob,quelthalas,480,warlock,demonology,12,5,7
Khâmélÿa,culte-de-la-rive-noire,480,warlock,demonology,12,5,7
Søcraqt,blackrock,480,warlock,demonology,13,5,8
Rushkush,ravencrest,480,warlock,demonology,13,5,8
Brodoh,dun-modr,480,warlock,demonology,18,5,13
Gúldn,outland,480,warlock,demonology,18,5,13
Zartax,kazzak,480,warlock,demonology,18,5,13
Ascètic,kazzak,480,warlock,demonology,18,5,13
Déemón,draenor,480,warlock,demonology,18,5,13
Acererak,thunderhorn,480,warlock,demonology,18,5,13
Vanmorgoth,nazjatar,480,warlock,demonology,18,5,13
Délidumrul,stormscale,480,warlock,demonology,18,5,13
Ezekîél,blackhand,479,warlock,demonology,6,5,1
Lewd,dragonblight,479,warlock,demonology,12,5,7
Aluy,blackmoore,479,warlock,demonology,12,5,7
Gunca,sylvanas,479,warlock,demonology,12,5,7
Ahollic,antonidas,384,warlock,demonology,6,4,2
Tropìcal,grim-batol,384,warlock,demonology,6,4,2
Lémonz,stormscale,384,warlock,demonology,6,4,2
Cosec,silvermoon,384,warlock,demonology,6,4,2
Nastýføxÿ,ysondre,384,warlock,demonology,6,4,2
Tolgaa,draenor,384,warlock,demonology,6,4,2
Bankstair,stormscale,384,warlock,demonology,6,4,2
Zàkx,silvermoon,384,warlock,demonology,6,4,2
Шимара,eversong,384,warlock,demonology,6,4,2
Llilithh,draenor,384,warlock,demonology,6,4,2
Slerpmami,ragnaros,384,warlock,demonology,6,4,2
Felhaen,silvermoon,384,warlock,demonology,6,4,2
Fredé,kazzak,384,warlock,demonology,6,4,2
Itrix,aegwynn,384,warlock,demonology,6,4,2
Bitshlog,draenor,384,warlock,demonology,6,4,2
Roglash,eredar,384,warlock,demonology,6,4,2
Kikeriki,blackhand,384,warlock,demonology,6,4,2
Sep,aegwynn,384,warlock,demonology,6,4,2
Likeqtz,thrall,384,warlock,demonology,6,4,2
Aniq,eredar,384,warlock,demonology,6,4,2
Exitlock,thrall,384,warlock,demonology,6,4,2
Bigballerguy,sylvanas,384,warlock,demonology,6,4,2
Bluenote,colinas-pardas,384,warlock,demonology,6,4,2
Watii,stormscale,384,warlock,demonology,6,4,2
Absoul,defias-brotherhood,384,warlock,demonology,6,4,2
Колмидедди,gordunni,384,warlock,demonology,6,4,2
Flxzshort,kazzak,384,warlock,demonology,6,4,2
Vornex,sporeggar,384,warlock,demonology,6,4,2
Nekhar,twisting-nether,384,warlock,demonology,6,4,2
Незерлок,soulflayer,384,warlock,demonology,6,4,2
Absurdity,twisting-nether,384,warlock,demonology,6,4,2
Imissbolt,outland,384,warlock,demonology,6,4,2
Cleyandra,arathor,384,warlock,demonology,6,4,2
Mythoman,ravencrest,384,warlock,demonology,6,4,2
Freyzul,twisting-nether,384,warlock,demonology,6,4,2
Øbéydêmøn,silvermoon,384,warlock,demonology,6,4,2
Сч,ashenvale,384,warlock,demonology,6,4,2
Gödisdëäd,sanguino,384,warlock,demonology,6,4,2
Zakuri,blackmoore,384,warlock,demonology,6,4,2
Куськысь,gordunni,384,warlock,demonology,9,5,4
Muninnus,archimonde,384,warlock,demonology,15,5,10
Babayagâ,sanguino,384,warlock,demonology,12,4,8
Tuz,blackrock,384,warlock,demonology,12,4,8
Graveshaker,quelthalas,384,warlock,demonology,12,4,8
Nulo,aggra-português,384,warlock,demonology,12,4,8
Hsp,dun-modr,384,warlock,demonology,12,4,8
Lagyna,wildhammer,384,warlock,demonology,12,4,8
Kfo,ragnaros,384,warlock,demonology,12,4,8
Millhaus,gorgonnash,384,warlock,demonology,18,4,14
Alucena,silvermoon,384,warlock,demonology,18,4,14
Cwyn,ravencrest,383,warlock,demonology,12,4,8
Monroé,hellfire,367,warlock,demonology,11,4,7
Кингпинг,soulflayer,367,warlock,demonology,11,4,7
Nili,dethecus,351,warlock,demonology,11,4,7
Amrafel,draenor,335,warlock,demonology,15,5,10
Floriae,silvermoon,329,warlock,demonology,13,5,8
Shadaw,kilrogg,319,warlock,demonology,5,4,1
Theronas,tarren-mill,288,warlock,demonology,6,3,3
Wendetta,stormreaver,288,warlock,demonology,6,3,3
Drainurlife,zenedar,288,warlock,demonology,6,3,3
Xenq,ravencrest,288,warlock,demonology,6,3,3
Ilililii,ravencrest,288,warlock,demonology,6,3,3
Nineinchlock,silvermoon,288,warlock,demonology,6,3,3
Bono,frostwhisper,288,warlock,demonology,6,3,3
Сантизи,gordunni,288,warlock,demonology,6,3,3
Alcringe,kazzak,288,warlock,demonology,6,3,3
Hasselbalch,azshara,288,warlock,demonology,6,3,3
Askanios,twisting-nether,288,warlock,demonology,6,3,3
Väladar,sanguino,288,warlock,demonology,6,3,3
Ronniee,moonglade,288,warlock,demonology,6,3,3
Lebaa,burning-steppes,288,warlock,demonology,6,3,3
Sidragasoss,drakthul,288,warlock,demonology,6,3,3
Myskul,burning-legion,288,warlock,demonology,6,3,3
Mattihoh,rexxar,288,warlock,demonology,6,3,3
Zìì,silvermoon,288,warlock,demonology,6,3,3
Slytofhandio,silvermoon,288,warlock,demonology,6,3,3
Дотботх,howling-fjord,288,warlock,demonology,6,3,3
Opiumers,kazzak,288,warlock,demonology,6,3,3
Tathyanna,archimonde,288,warlock,demonology,6,3,3
Рашчер,gordunni,288,warlock,demonology,6,3,3
Локистраик,borean-tundra,288,warlock,demonology,6,3,3
Pidka,drakthul,288,warlock,demonology,6,3,3
Kropi,blackhand,288,warlock,demonology,6,3,3
Vladov,ravencrest,288,warlock,demonology,6,3,3
Antuan,sanguino,288,warlock,demonology,6,3,3
Brryant,colinas-pardas,288,warlock,demonology,6,3,3
Suucc,draenor,288,warlock,demonology,6,3,3
Osyx,ravencrest,288,warlock,demonology,6,3,3
Wombsa,blackmoore,288,warlock,demonology,6,3,3
Дядяджонн,gordunni,288,warlock,demonology,6,3,3
Waîdo,blackhand,288,warlock,demonology,6,3,3
Cardinall,drakthul,288,warlock,demonology,6,3,3
Talindra,stormscale,288,warlock,demonology,6,3,3
Afflimoomoo,tarren-mill,288,warlock,demonology,6,3,3
Журанайсбой,blackscar,288,warlock,demonology,6,3,3
Xiraq,nathrezim,288,warlock,demonology,6,3,3
Shjzzkl,blackmoore,288,warlock,demonology,6,3,3
Moelock,frostmane,288,warlock,demonology,6,3,3
Infernion,stormscale,288,warlock,demonology,6,3,3
Xfz,stormscale,288,warlock,demonology,6,3,3
Karädoc,chogall,288,warlock,demonology,6,3,3
Legiozock,draenor,288,warlock,demonology,6,3,3
Elmîr,blackmoore,288,warlock,demonology,6,3,3
Sofias,tarren-mill,288,warlock,demonology,6,3,3
Noobgg,kazzak,288,warlock,demonology,6,3,3
Cthxil,frostwolf,288,warlock,demonology,6,3,3
Hotdogvendor,kazzak,288,warlock,demonology,6,3,3
Sleethy,destromath,288,warlock,demonology,6,3,3
Bionic,eredar,288,warlock,demonology,6,3,3
Nürgle,stormscale,288,warlock,demonology,6,3,3
Buserella,eredar,288,warlock,demonology,6,3,3
Zeromaker,kazzak,288,warlock,demonology,6,3,3
Xjms,darksorrow,288,warlock,demonology,6,3,3
Dispelpls,dun-morogh,288,warlock,demonology,6,3,3
Matheus,zenedar,288,warlock,demonology,6,3,3
Гвадривер,howling-fjord,288,warlock,demonology,6,3,3
Ноанс,howling-fjord,288,warlock,demonology,6,3,3
ßualock,sylvanas,288,warlock,demonology,6,3,3
Gyroib,stormscale,288,warlock,demonology,6,3,3
Ezy,auchindoun,288,warlock,demonology,6,3,3
Malkoran,sylvanas,288,warlock,demonology,6,3,3
Immaginare,sylvanas,288,warlock,demonology,6,3,3
Horststenzl,blackrock,288,warlock,demonology,6,3,3
Комочеро,soulflayer,288,warlock,demonology,6,3,3
Drarken,sylvanas,288,warlock,demonology,6,3,3
Mingingclass,stormscale,288,warlock,demonology,6,3,3
Cainn,kilrogg,288,warlock,demonology,6,3,3
Myliege,kilrogg,288,warlock,demonology,6,3,3
Лысыйлокоть,soulflayer,288,warlock,demonology,6,3,3
Dardec,hyjal,288,warlock,demonology,12,3,9
Ohnoitsnepss,chamber-of-aspects,288,warlock,demonology,12,3,9
Kamí,sanguino,288,warlock,demonology,12,3,9
Ïvar,ysondre,288,warlock,demonology,12,3,9
Chaosbolts,balnazzar,288,warlock,demonology,12,3,9
Ftpete,argent-dawn,288,warlock,demonology,12,3,9
Surgelock,draenor,288,warlock,demonology,12,3,9
Laveau,outland,288,warlock,demonology,12,3,9
Эссминет,soulflayer,288,warlock,demonology,12,3,9
Cassen,outland,288,warlock,demonology,12,3,9
Jkz,blackrock,288,warlock,demonology,12,3,9
Denzeal,argent-dawn,288,warlock,demonology,18,3,15
Ydidntuwait,ragnaros,288,warlock,demonology,18,3,15
Hartee,argent-dawn,288,warlock,demonology,18,3,15
Lìlitu,malfurion,287,warlock,demonology,6,3,3
Dust,argent-dawn,287,warlock,demonology,12,3,9
Hasla,stormreaver,256,warlock,demonology,10,3,7
Ánderx,dun-modr,239,warlock,demonology,5,3,2
Calypso,korgall,239,warlock,demonology,5,3,2
Hokoreuw,echsenkessel,234,warlock,demonology,9,4,5
Evanore,burning-legion,223,warlock,demonology,14,3,11
Streganni,nemesis,192,warlock,demonology,4,3,1
Бешентумай,goldrinn,192,warlock,demonology,6,2,4
Fløkee,blackmoore,192,warlock,demonology,6,2,4
Fortheend,twisting-nether,192,warlock,demonology,6,2,4
Salvatoríy,outland,192,warlock,demonology,6,2,4
Agâshh,blackrock,192,warlock,demonology,6,2,4
Democraft,the-maelstrom,192,warlock,demonology,6,2,4
Кощун,goldrinn,192,warlock,demonology,6,2,4
Gtxtreme,kazzak,192,warlock,demonology,6,2,4
Bowti,ravencrest,192,warlock,demonology,6,2,4
Stromzii,silvermoon,192,warlock,demonology,6,2,4
Ukjjkhj,frostmane,192,warlock,demonology,6,2,4
Branduir,ragnaros,192,warlock,demonology,6,2,4
Zyréx,eredar,192,warlock,demonology,6,2,4
Fearlessgødx,ravencrest,192,warlock,demonology,6,2,4
Sörlewiis,the-maelstrom,192,warlock,demonology,6,2,4
Minidiction,ravencrest,192,warlock,demonology,6,2,4
Telyfol,ragnaros,192,warlock,demonology,6,2,4
Анрали,deathguard,192,warlock,demonology,6,2,4
Dotcha,ravencrest,192,warlock,demonology,6,2,4
Heexmex,blackmoore,192,warlock,demonology,6,2,4
Médeâ,ravencrest,192,warlock,demonology,6,2,4
Amerihell,pozzo-delleternità,192,warlock,demonology,6,2,4
Seldonn,pozzo-delleternità,192,warlock,demonology,6,2,4
Àbraxàs,nemesis,192,warlock,demonology,6,2,4
Prestige,nemesis,192,warlock,demonology,6,2,4
Yôi,nemesis,192,warlock,demonology,6,2,4
Belzedan,blackrock,192,warlock,demonology,6,2,4
Surfingbirdz,ragnaros,192,warlock,demonology,6,2,4
Nastychãtøn,ysondre,192,warlock,demonology,6,2,4
Kumamoto,tarren-mill,192,warlock,demonology,6,2,4
Fatkkroth,ravencrest,192,warlock,demonology,6,2,4
Lokelicious,ragnaros,192,warlock,demonology,6,2,4
Azgaroth,kazzak,192,warlock,demonology,6,2,4
Azurma,tarren-mill,192,warlock,demonology,6,2,4
Slowfatlock,ravencrest,192,warlock,demonology,6,2,4
Anturia,garona,192,warlock,demonology,6,2,4
Luckylocked,kazzak,192,warlock,demonology,6,2,4
Cali,ahnqiraj,192,warlock,demonology,6,2,4
Irnx,tarren-mill,192,warlock,demonology,6,2,4
Destroc,blackrock,192,warlock,demonology,6,2,4
Epoku,stormscale,192,warlock,demonology,6,2,4
Baradür,sanguino,192,warlock,demonology,6,2,4
Iblis,grim-batol,192,warlock,demonology,6,2,4
Oldasiangirl,blackrock,192,warlock,demonology,6,2,4
Incesticide,ragnaros,192,warlock,demonology,6,2,4
Drith,blades-edge,192,warlock,demonology,6,2,4
Retrosatanas,archimonde,192,warlock,demonology,6,2,4
Artys,tarren-mill,192,warlock,demonology,6,2,4
Ekispekis,tarren-mill,192,warlock,demonology,6,2,4
Liwerno,dunemaul,192,warlock,demonology,6,2,4
Cräwley,ragnaros,192,warlock,demonology,6,2,4
Morgainé,arygos,192,warlock,demonology,6,2,4
Kaobolt,archimonde,192,warlock,demonology,6,2,4
Gammalgubbe,stormscale,192,warlock,demonology,6,2,4
Sneptics,draenor,192,warlock,demonology,6,2,4
Indifférence,archimonde,192,warlock,demonology,6,2,4
Darkdax,dethecus,192,warlock,demonology,6,2,4
Nerfwarriors,stormscale,192,warlock,demonology,6,2,4
Omegachad,draenor,192,warlock,demonology,6,2,4
Hodille,argent-dawn,192,warlock,demonology,6,2,4
Flatwolenzy,blackrock,192,warlock,demonology,6,2,4
Скверногрик,fordragon,192,warlock,demonology,6,2,4
Bu,zirkel-des-cenarius,192,warlock,demonology,6,2,4
Andrealphus,outland,192,warlock,demonology,6,2,4
Vitrolizz,twilights-hammer,192,warlock,demonology,6,2,4
Хэлласс,blackscar,192,warlock,demonology,6,2,4
Вериберри,gordunni,192,warlock,demonology,6,2,4
Chram,uldum,192,warlock,demonology,7,2,5
Henriett,ravencrest,192,warlock,demonology,12,2,10
Манапчик,soulflayer,192,warlock,demonology,12,2,10
Déadwish,ravencrest,192,warlock,demonology,12,2,10
Arciam,kazzak,192,warlock,demonology,12,2,10
Saruna,azshara,192,warlock,demonology,12,2,10
Rayanna,twisting-nether,192,warlock,demonology,18,2,16
Letzterlude,thrall,159,warlock,demonology,5,2,3
Omaleinfluch,antonidas,138,warlock,demonology,9,3,6
Nomakqlock,dun-modr,96,warlock,demonology,3,2,1
Happycadaver,blackrock,96,warlock,demonology,3,2,1
Melfos,blackmoore,96,warlock,demonology,6,1,5
Аффликатор,soulflayer,96,warlock,demonology,6,1,5
Méetoo,thrall,96,warlock,demonology,6,1,5
Bolt,stormscale,96,warlock,demonology,6,1,5
Ðßøhßäøùí,blackmoore,96,warlock,demonology,6,1,5
Wspolnax,ravencrest,96,warlock,demonology,6,1,5
Árkan,thrall,96,warlock,demonology,6,1,5
Necroless,shadowsong,96,warlock,demonology,6,1,5
Chuntlock,shadowsong,96,warlock,demonology,6,1,5
Маверрикк,gordunni,96,warlock,demonology,6,1,5
Elyraah,hyjal,96,warlock,demonology,6,1,5
Lovromalt,kazzak,96,warlock,demonology,6,1,5
Militianu,sylvanas,96,warlock,demonology,6,1,5
Utuklululu,archimonde,96,warlock,demonology,6,1,5
Divvaa,tarren-mill,96,warlock,demonology,6,1,5
Darkbazul,burning-legion,96,warlock,demonology,6,1,5
Tid,burning-legion,96,warlock,demonology,6,1,5
Diseased,darksorrow,96,warlock,demonology,6,1,5
Prestoc,wrathbringer,96,warlock,demonology,6,1,5
Catherine,garrosh,96,warlock,demonology,6,1,5
Marann,dun-morogh,96,warlock,demonology,6,1,5
Ruvy,twisting-nether,96,warlock,demonology,6,1,5
Zebauron,twisting-nether,96,warlock,demonology,6,1,5
Ароматныйх,howling-fjord,96,warlock,demonology,6,1,5
Lacus,voljin,96,warlock,demonology,6,1,5
Krútéús,perenolde,96,warlock,demonology,6,1,5
Бестий,fordragon,96,warlock,demonology,6,1,5
Kàiser,sanguino,96,warlock,demonology,12,1,11
Boccu,magtheridon,64,warlock,demonology,4,1,3
Waryald,dun-modr,64,warlock,demonology,4,1,3
Кусокплети,grom,63,warlock,demonology,2,2,0
Tequendama,ysera,42,warlock,demonology,10,3,7
Xydar,stormscale,42,warlock,demonology,10,2,8
Berris,argent-dawn,31,warlock,demonology,2,1,1
Lollock,teldrassil,31,warlock,demonology,2,1,1
Агрессивная,soulflayer,31,warlock,demonology,2,1,1
Loghit,ravencrest,16,warlock,demonology,1,1,0
Creatúre,drakthul,2446,warlock,destruction,66,53,13
Inferniøn,ravencrest,2422,warlock,destruction,93,68,25
Фаерморн,blackscar,2345,warlock,destruction,132,83,49
Infý,ravencrest,2332,warlock,destruction,130,83,47
Erutaerc,drakthul,2321,warlock,destruction,78,49,29
Jâzggz,twisting-nether,2317,warlock,destruction,78,51,27
Canabolic,stormscale,2288,warlock,destruction,102,63,39
Тагочи,gordunni,2281,warlock,destruction,110,62,48
Steckenpferd,blackmoore,2277,warlock,destruction,60,42,18
Lopari,aegwynn,2275,warlock,destruction,106,65,41
Indraxx,hyjal,2266,warlock,destruction,110,60,50
Боуман,howling-fjord,2243,warlock,destruction,96,56,40
Xeremas,blackrock,2237,warlock,destruction,83,62,21
Umbraz,blackmoore,2236,warlock,destruction,84,49,35
Tjl,kazzak,2233,warlock,destruction,131,74,57
Acentro,stormscale,2231,warlock,destruction,71,46,25
Zélroth,argent-dawn,2217,warlock,destruction,180,104,76
Azurma,tarren-mill,2211,warlock,destruction,78,47,31
Yùna,frostwolf,2209,warlock,destruction,72,48,24
Dæhli,argent-dawn,2204,warlock,destruction,102,56,46
Snapperz,stormscale,2202,warlock,destruction,138,76,62
Brokenearman,defias-brotherhood,2199,warlock,destruction,41,36,5
Anihli,kazzak,2199,warlock,destruction,144,77,67
Rootzlx,ravencrest,2197,warlock,destruction,120,70,50
Djdampening,bloodhoof,2192,warlock,destruction,148,95,53
Amdead,sylvanas,2186,warlock,destruction,102,71,31
Zèlêph,archimonde,2185,warlock,destruction,186,118,68
Ìpen,bloodfeather,2179,warlock,destruction,89,52,37
Фримех,soulflayer,2167,warlock,destruction,65,51,14
Handicapped,burning-legion,2158,warlock,destruction,78,47,31
Glooness,burning-legion,2151,warlock,destruction,78,43,35
Bäle,stormreaver,2150,warlock,destruction,107,64,43
Johanan,ravencrest,2148,warlock,destruction,53,35,18
Absurdity,twisting-nether,2148,warlock,destruction,102,53,49
Tekrowdy,blackmoore,2144,warlock,destruction,48,33,15
Ilovemimi,hyjal,2144,warlock,destruction,65,38,27
Kimkold,twisting-nether,2144,warlock,destruction,96,50,46
Lhestér,outland,2141,warlock,destruction,75,47,28
Телола,gordunni,2141,warlock,destruction,102,61,41
Tópdogg,twisting-nether,2140,warlock,destruction,54,43,11
Боумонн,howling-fjord,2140,warlock,destruction,54,40,14
Veganlifter,blackhand,2136,warlock,destruction,72,45,27
Dogdrakex,tarren-mill,2133,warlock,destruction,81,47,34
Císuh,stormreaver,2133,warlock,destruction,120,69,51
Lockisbadx,draenor,2132,warlock,destruction,72,43,29
Эвилакс,gordunni,2131,warlock,destruction,78,50,28
Legionlockxd,twisting-nether,2129,warlock,destruction,88,48,40
Xxjz,ravencrest,2128,warlock,destruction,150,86,64
Шархихохо,gordunni,2125,warlock,destruction,102,53,49
Nògg,frostwhisper,2120,warlock,destruction,66,42,24
Gulwer,blackmoore,2120,warlock,destruction,66,40,26
Vîmø,antonidas,2120,warlock,destruction,203,123,80
Rune,aegwynn,2118,warlock,destruction,72,51,21
Dayken,silvermoon,2117,warlock,destruction,63,44,19
Блакхен,blackscar,2117,warlock,destruction,66,38,28
Рашчер,gordunni,2116,warlock,destruction,101,58,43
Zilalol,sylvanas,2115,warlock,destruction,78,46,32
Djmcwarlock,kazzak,2115,warlock,destruction,68,40,28
Bóbtown,stormscale,2115,warlock,destruction,240,136,104
Mangolicious,twisting-nether,2113,warlock,destruction,152,85,67
Velv,nagrand,2112,warlock,destruction,90,45,45
Рауваскх,howling-fjord,2110,warlock,destruction,53,31,22
Cryzzbad,stormscale,2109,warlock,destruction,36,29,7
Nellyvato,eredar,2109,warlock,destruction,90,53,37
Силорий,howling-fjord,2108,warlock,destruction,85,54,31
Geluwu,tarren-mill,2107,warlock,destruction,66,40,26
Nògg,kazzak,2106,warlock,destruction,66,35,31
Bankstair,stormscale,2105,warlock,destruction,66,44,22
Hladankurac,twisting-nether,2105,warlock,destruction,60,35,25
Drainsouls,stormscale,2105,warlock,destruction,189,105,84
Lywov,stormscale,2103,warlock,destruction,60,34,26
Veganlifter,ravencrest,2102,warlock,destruction,42,35,7
Skillførçé,kazzak,2102,warlock,destruction,54,41,13
Wldot,ravencrest,2102,warlock,destruction,84,53,31
Wester,blackmoore,2102,warlock,destruction,108,61,47
Артик,gordunni,2101,warlock,destruction,48,37,11
Bfaexpert,ravencrest,2099,warlock,destruction,48,29,19
Sterlock,sylvanas,2093,warlock,destruction,73,40,33
Boltilicious,kazzak,2084,warlock,destruction,66,43,23
Rexløck,nozdormu,2080,warlock,destruction,141,88,53
Sehk,stormreaver,2077,warlock,destruction,60,43,17
Dabzw,twisting-nether,2075,warlock,destruction,67,43,24
Kerídiin,twisting-nether,2075,warlock,destruction,96,54,42
Паилка,galakrond,2075,warlock,destruction,135,74,61
Djwarlock,kazzak,2074,warlock,destruction,59,33,26
Bigbolt,arathor,2073,warlock,destruction,107,60,47
Kuckacocucka,outland,2072,warlock,destruction,101,61,40
Xesh,kiljaeden,2072,warlock,destruction,132,72,60
Lyâ,ravencrest,2072,warlock,destruction,60,32,28
Varaxxis,twisting-nether,2070,warlock,destruction,108,61,47
Chaosbuster,magtheridon,2069,warlock,destruction,114,72,42
Påsqúåls,ravencrest,2069,warlock,destruction,96,56,40
Haedache,tarren-mill,2069,warlock,destruction,101,57,44
Zila,sylvanas,2069,warlock,destruction,83,44,39
Bualock,sylvanas,2068,warlock,destruction,60,33,27
Vileclass,ravencrest,2066,warlock,destruction,92,51,41
Ánderxyo,dun-modr,2065,warlock,destruction,42,32,10
Voldby,kazzak,2065,warlock,destruction,173,87,86
Yúnalesca,aegwynn,2064,warlock,destruction,71,48,23
Блудгэнг,blackscar,2062,warlock,destruction,90,60,30
Bewegen,frostwolf,2061,warlock,destruction,90,50,40
Якурюимнепох,gordunni,2060,warlock,destruction,217,123,94
Válýrá,blackhand,2057,warlock,destruction,65,43,22
Malddog,turalyon,2056,warlock,destruction,114,66,48
Простишутках,gordunni,2051,warlock,destruction,48,30,18
Rhüd,twisting-nether,2050,warlock,destruction,95,54,41
Bluefungirl,stormscale,2049,warlock,destruction,114,68,46
Nyotu,antonidas,2049,warlock,destruction,107,63,44
Ez,emeriss,2048,warlock,destruction,54,43,11
Мспечень,howling-fjord,2044,warlock,destruction,60,41,19
Héffer,outland,2044,warlock,destruction,121,80,41
Alphazero,zuluhed,2038,warlock,destruction,83,46,37
Whatamellown,aegwynn,2037,warlock,destruction,60,37,23
Anniefuchsia,ravencrest,2036,warlock,destruction,81,45,36
Klnr,ravencrest,2034,warlock,destruction,86,57,29
Кириланскил,gordunni,2031,warlock,destruction,54,33,21
Pørtal,aggra-português,2030,warlock,destruction,83,47,36
Necromanya,ravencrest,2029,warlock,destruction,192,108,84
Koisk,tarren-mill,2028,warlock,destruction,70,39,31
Онлидемон,gordunni,2028,warlock,destruction,153,81,72
Jadesud,archimonde,2024,warlock,destruction,48,33,15
Кишмякхб,howling-fjord,2024,warlock,destruction,91,47,44
Влицотьмой,gordunni,2023,warlock,destruction,66,37,29
Superlocken,ragnaros,2022,warlock,destruction,65,37,28
Чудастрх,azuregos,2022,warlock,destruction,78,44,34
Bualock,stormscale,2019,warlock,destruction,53,30,23
Кенгарь,howling-fjord,2019,warlock,destruction,132,72,60
Felcamino,outland,2019,warlock,destruction,72,36,36
Avenueat,kazzak,2018,warlock,destruction,63,35,28
Ryûsuke,dun-modr,2015,warlock,destruction,78,46,32
Tàkaz,drekthar,2013,warlock,destruction,112,67,45
Gorillabolts,tarren-mill,2013,warlock,destruction,72,33,39
Vitus,malganis,2011,warlock,destruction,156,87,69
Epzi,outland,2008,warlock,destruction,47,27,20
Stefcheto,twilights-hammer,2008,warlock,destruction,90,51,39
Portlock,kazzak,2008,warlock,destruction,78,43,35
Achluophobiå,ravencrest,2007,warlock,destruction,67,41,26
Жасминдос,blackscar,2006,warlock,destruction,63,42,21
Decimus,darkspear,2006,warlock,destruction,138,81,57
Arfdispo,hyjal,2006,warlock,destruction,137,69,68
Salvabolter,outland,1994,warlock,destruction,66,42,24
Isuckwarlock,aegwynn,1994,warlock,destruction,66,34,32
Rockbèll,blackmoore,1992,warlock,destruction,48,36,12
Kamoriwl,blackhand,1991,warlock,destruction,54,30,24
Panda,aegwynn,1987,warlock,destruction,48,30,18
Vvj,ravencrest,1986,warlock,destruction,138,73,65
Gøzù,antonidas,1985,warlock,destruction,54,32,22
Kwoleriker,norgannon,1985,warlock,destruction,70,39,31
Corbbolt,drakthul,1984,warlock,destruction,84,46,38
Инферналках,gordunni,1983,warlock,destruction,59,39,20
Èlton,tarren-mill,1983,warlock,destruction,156,92,64
Shangalar,burning-legion,1980,warlock,destruction,90,51,39
Supergeîl,blackrock,1980,warlock,destruction,84,46,38
Sqx,veklor,1978,warlock,destruction,60,39,21
Chromosomex,dentarg,1977,warlock,destruction,36,26,10
Beebs,aegwynn,1977,warlock,destruction,58,40,18
Laedreth,argent-dawn,1977,warlock,destruction,206,112,94
Wällaar,ragnaros,1976,warlock,destruction,84,50,34
Sjödin,tarren-mill,1975,warlock,destruction,36,27,9
Dsï,outland,1975,warlock,destruction,71,37,34
Hotdoghomie,tarren-mill,1974,warlock,destruction,36,28,8
Xwíng,stormscale,1974,warlock,destruction,48,35,13
Ffpiiras,dunemaul,1972,warlock,destruction,63,37,26
Habdruck,blackmoore,1971,warlock,destruction,223,133,90
Mxdojsrvqxzq,ravencrest,1969,warlock,destruction,125,69,56
Whakkx,blackrock,1969,warlock,destruction,90,49,41
Rohyna,archimonde,1968,warlock,destruction,48,34,14
Asáel,blackrock,1968,warlock,destruction,84,47,37
Exhäle,archimonde,1966,warlock,destruction,59,37,22
Avogeiñ,tarren-mill,1963,warlock,destruction,59,29,30
Zarisya,blackmoore,1961,warlock,destruction,48,29,19
Drowlý,twisting-nether,1961,warlock,destruction,54,32,22
Obrusik,burning-legion,1961,warlock,destruction,77,36,41
Взорг,soulflayer,1957,warlock,destruction,114,62,52
Looneytoonz,blackrock,1956,warlock,destruction,84,50,34
Malgarøth,tarren-mill,1955,warlock,destruction,60,28,32
Сумракк,gordunni,1954,warlock,destruction,66,35,31
Nayolana,argent-dawn,1954,warlock,destruction,87,45,42
Hømïcîðæl,ravencrest,1953,warlock,destruction,72,45,27
Tikondrus,ravencrest,1952,warlock,destruction,42,28,14
Ashlÿn,draenor,1952,warlock,destruction,47,31,16
Kumamoto,tarren-mill,1950,warlock,destruction,48,32,16
Boltzer,archimonde,1950,warlock,destruction,90,53,37
Miauwu,stormscale,1948,warlock,destruction,35,27,8
Fsandtwo,ravencrest,1948,warlock,destruction,60,40,20
Garlan,dun-modr,1947,warlock,destruction,214,116,98
Tschapatalpi,blackhand,1947,warlock,destruction,70,35,35
Bryanz,sanguino,1947,warlock,destruction,94,45,49
Magonyth,ravencrest,1946,warlock,destruction,147,79,68
Rabasta,blackmoore,1945,warlock,destruction,60,33,27
Nëismz,hyjal,1944,warlock,destruction,48,28,20
Сильвиос,howling-fjord,1943,warlock,destruction,100,49,51
Brødo,dun-modr,1941,warlock,destruction,57,34,23
Logicdotexé,tarren-mill,1940,warlock,destruction,61,39,22
Omegazero,zuluhed,1939,warlock,destruction,60,34,26
Fearo,kazzak,1937,warlock,destruction,82,48,34
Ashmodéus,defias-brotherhood,1935,warlock,destruction,53,32,21
Gregwyn,hellscream,1931,warlock,destruction,36,26,10
Suprezz,sylvanas,1929,warlock,destruction,66,39,27
Staenkymayne,blackhand,1927,warlock,destruction,28,21,7
Fornaio,nemesis,1927,warlock,destruction,36,24,12
Bambkin,twisting-nether,1927,warlock,destruction,60,38,22
Conditions,tarren-mill,1926,warlock,destruction,140,72,68
Kitchiarû,uldaman,1925,warlock,destruction,48,30,18
Ethiq,blackrock,1925,warlock,destruction,42,24,18
Yukokotier,archimonde,1924,warlock,destruction,179,103,76
Габана,gordunni,1923,warlock,destruction,48,33,15
Fîgøk,conseil-des-ombres,1923,warlock,destruction,108,63,45
Davyjonessx,twisting-nether,1922,warlock,destruction,98,45,53
Onuurbro,kult-der-verdammten,1921,warlock,destruction,54,37,17
Sëngir,drakthul,1921,warlock,destruction,72,37,35
Тевон,gordunni,1919,warlock,destruction,60,40,20
Madridistaß,outland,1916,warlock,destruction,126,62,64
Blakstorm,archimonde,1915,warlock,destruction,60,35,25
Vøid,hellscream,1915,warlock,destruction,71,35,36
Soulboltx,ragnaros,1913,warlock,destruction,60,33,27
Zàkx,silvermoon,1913,warlock,destruction,313,168,145
Zelieknight,ysondre,1912,warlock,destruction,138,82,56
Wewondak,drakthul,1912,warlock,destruction,190,111,79
Exitlock,thrall,1912,warlock,destruction,72,42,30
Lsr,argent-dawn,1912,warlock,destruction,77,44,33
Drututt,the-maelstrom,1910,warlock,destruction,54,30,24
Necorinexx,silvermoon,1909,warlock,destruction,30,20,10
Nineinchlock,silvermoon,1908,warlock,destruction,60,30,30
Anthraxius,argent-dawn,1907,warlock,destruction,60,38,22
Djhanzó,outland,1907,warlock,destruction,45,28,17
Doturanal,blackmoore,1907,warlock,destruction,60,34,26
Raepist,terokkar,1905,warlock,destruction,78,46,32
Zoodíac,blackrock,1904,warlock,destruction,48,32,16
Carelock,chamber-of-aspects,1904,warlock,destruction,60,36,24
Healylockx,stormscale,1904,warlock,destruction,48,28,20
Gogmorok,dunemaul,1903,warlock,destruction,189,96,93
Xunzu,drakthul,1901,warlock,destruction,60,30,30
Buâlock,stormscale,1900,warlock,destruction,24,20,4
Cujo,draenor,1899,warlock,destruction,108,53,55
Тьмазвёздная,gordunni,1898,warlock,destruction,60,43,17
Rúbs,sylvanas,1897,warlock,destruction,102,55,47
Mxxmmllm,kargath,1896,warlock,destruction,101,62,39
Хауда,gordunni,1896,warlock,destruction,100,59,41
Benne,stormscale,1895,warlock,destruction,48,30,18
Kaktakto,ravencrest,1895,warlock,destruction,54,30,24
Бжк,gordunni,1895,warlock,destruction,210,115,95
Vregor,twisting-nether,1892,warlock,destruction,36,26,10
Fakegodx,ravencrest,1892,warlock,destruction,42,29,13
Freddaxd,outland,1892,warlock,destruction,58,38,20
Hellíc,kazzak,1892,warlock,destruction,48,30,18
Laokoon,blackmoore,1891,warlock,destruction,66,42,24
Twisted,malganis,1891,warlock,destruction,90,51,39
Aestheatic,draenor,1890,warlock,destruction,293,151,142
Juhpz,blackrock,1888,warlock,destruction,52,24,28
Djfearbot,kazzak,1887,warlock,destruction,84,53,31
Osîrîs,aegwynn,1887,warlock,destruction,72,35,37
Feardotbye,stormscale,1886,warlock,destruction,49,30,19
Andtheysay,outland,1886,warlock,destruction,182,102,80
Hairyporta,blackmoore,1885,warlock,destruction,125,72,53
Deßra,stormscale,1885,warlock,destruction,60,33,27
Mýlìfêbélike,kazzak,1884,warlock,destruction,26,21,5
Vultzbolt,draenor,1884,warlock,destruction,141,85,56
Whøîäm,kazzak,1883,warlock,destruction,42,31,11
Hânex,ravencrest,1883,warlock,destruction,42,28,14
Immaginare,sylvanas,1883,warlock,destruction,114,66,48
Кериген,gordunni,1882,warlock,destruction,42,25,17
Someonepro,tarren-mill,1882,warlock,destruction,89,41,48
Shadowrey,blackrock,1881,warlock,destruction,52,29,23
Deathfløw,draenor,1879,warlock,destruction,84,55,29
Henmur,stormscale,1879,warlock,destruction,64,37,27
Badloljk,stormscale,1878,warlock,destruction,40,26,14
Theronas,tarren-mill,1878,warlock,destruction,54,34,20
Bónz,outland,1877,warlock,destruction,54,28,26
Alphå,blackmoore,1875,warlock,destruction,36,28,8
Eboyclass,twisting-nether,1875,warlock,destruction,33,23,10
Ulora,zirkel-des-cenarius,1875,warlock,destruction,59,33,26
Noomaca,drakthul,1873,warlock,destruction,114,62,52
Acanthis,outland,1871,warlock,destruction,48,26,22
Mafteryo,blackrock,1871,warlock,destruction,72,38,34
Ðènnis,tarren-mill,1870,warlock,destruction,42,28,14
Èmøgøðqt,ravencrest,1870,warlock,destruction,54,28,26
Dooms,antonidas,1868,warlock,destruction,42,31,11
Kikeri,blackhand,1868,warlock,destruction,54,32,22
Dersdog,twisting-nether,1867,warlock,destruction,45,26,19
Аоепампгодх,howling-fjord,1866,warlock,destruction,82,58,24
Limoges,archimonde,1865,warlock,destruction,35,26,9
Extingul,tarren-mill,1865,warlock,destruction,59,38,21
Plâytïmè,stormscale,1865,warlock,destruction,78,39,39
Silmerion,twilights-hammer,1864,warlock,destruction,72,46,26
Xiraq,nathrezim,1864,warlock,destruction,42,24,18
Spookytouch,draenor,1864,warlock,destruction,94,47,47
Sheitana,ysondre,1863,warlock,destruction,60,39,21
Rokkarn,kazzak,1863,warlock,destruction,48,29,19
Osbaa,darksorrow,1861,warlock,destruction,50,31,19
Worgonzolâ,madmortem,1860,warlock,destruction,215,132,83
Xarfoul,grim-batol,1859,warlock,destruction,48,33,15
Phoyk,blackmoore,1859,warlock,destruction,48,29,19
Блейдап,razuvious,1859,warlock,destruction,54,31,23
Sluba,stormscale,1859,warlock,destruction,104,57,47
Шрэкс,blackscar,1859,warlock,destruction,48,25,23
Drdoit,blackrock,1859,warlock,destruction,60,31,29
Homerbamboom,hyjal,1857,warlock,destruction,41,32,9
Bladey,ragnaros,1857,warlock,destruction,96,56,40
Kurono,silvermoon,1857,warlock,destruction,54,31,23
Smaúg,archimonde,1857,warlock,destruction,99,49,50
Kayloo,archimonde,1856,warlock,destruction,54,34,20
Holiax,archimonde,1856,warlock,destruction,48,29,19
Zâyo,ravencrest,1856,warlock,destruction,54,31,23
Cmdxo,malganis,1856,warlock,destruction,71,38,33
Darksoll,hyjal,1853,warlock,destruction,41,31,10
Jawoxoxo,rexxar,1852,warlock,destruction,48,20,28
Laolife,twisting-nether,1851,warlock,destruction,66,33,33
Tuplajekku,sylvanas,1851,warlock,destruction,59,29,30
Johnylock,draenor,1850,warlock,destruction,116,71,45
Debbskidjur,tarren-mill,1850,warlock,destruction,85,49,36
Depressedkid,ravencrest,1850,warlock,destruction,60,30,30
Chaoscrit,eredar,1848,warlock,destruction,85,48,37
Deadlyrust,ragnaros,1848,warlock,destruction,105,49,56
Visceris,ravencrest,1848,warlock,destruction,66,29,37
Руктал,howling-fjord,1847,warlock,destruction,54,34,20
Кобре,howling-fjord,1847,warlock,destruction,42,26,16
Ayperos,tyrande,1847,warlock,destruction,72,38,34
Gis,laughing-skull,1843,warlock,destruction,54,31,23
Rumour,sunstrider,1843,warlock,destruction,54,30,24
Dogoon,sylvanas,1842,warlock,destruction,179,100,79
Артисона,gordunni,1842,warlock,destruction,54,27,27
Andrewdaniel,twisting-nether,1841,warlock,destruction,60,31,29
Kalaslars,draenor,1840,warlock,destruction,60,34,26
Attilergg,stormscale,1839,warlock,destruction,32,23,9
Ecoxx,aegwynn,1839,warlock,destruction,48,34,14
Fiddyp,kazzak,1839,warlock,destruction,42,28,14
Ñila,ravencrest,1839,warlock,destruction,36,23,13
Ripnsew,ravencrest,1839,warlock,destruction,41,26,15
Файрик,blackscar,1839,warlock,destruction,36,22,14
Syviwl,outland,1839,warlock,destruction,53,30,23
Guciflipflop,twisting-nether,1838,warlock,destruction,60,32,28
Nutyx,twisting-nether,1838,warlock,destruction,78,40,38
Tharaqt,kazzak,1837,warlock,destruction,41,26,15
Junakot,silvermoon,1837,warlock,destruction,48,27,21
Ispankmysuc,korgall,1836,warlock,destruction,69,42,27
Temnamagna,silvermoon,1836,warlock,destruction,87,50,37
Sharhý,kazzak,1835,warlock,destruction,40,24,16
Гивмисоул,soulflayer,1835,warlock,destruction,54,31,23
Belial,minahonda,1835,warlock,destruction,63,36,27
Bobop,sanguino,1834,warlock,destruction,106,60,46
Médeâ,ravencrest,1834,warlock,destruction,76,42,34
Deezbolts,kazzak,1833,warlock,destruction,48,29,19
Motcha,kazzak,1833,warlock,destruction,42,23,19
Asyncbuddy,azjolnerub,1832,warlock,destruction,48,32,16
Oldasianman,blackrock,1832,warlock,destruction,30,20,10
Kiwibob,defias-brotherhood,1832,warlock,destruction,65,41,24
Skarløck,blackmoore,1832,warlock,destruction,42,26,16
Ftpete,argent-dawn,1831,warlock,destruction,98,58,40
Lémonz,stormscale,1831,warlock,destruction,52,26,26
Shadöwmäre,draenor,1830,warlock,destruction,54,31,23
Veríty,kazzak,1829,warlock,destruction,30,20,10
Trainindummy,ravencrest,1828,warlock,destruction,83,61,22
Deadpapi,outland,1828,warlock,destruction,30,22,8
Ícekíss,hyjal,1828,warlock,destruction,48,33,15
Pepitogodx,khaz-modan,1828,warlock,destruction,48,33,15
Pprwl,tarren-mill,1828,warlock,destruction,126,77,49
Veridy,kazzak,1828,warlock,destruction,76,42,34
Coilxo,ravencrest,1827,warlock,destruction,52,36,16
Plaguee,outland,1827,warlock,destruction,68,40,28
Mohihi,ravencrest,1827,warlock,destruction,54,25,29
Brainac,blackrock,1826,warlock,destruction,36,24,12
Соргосор,gordunni,1825,warlock,destruction,53,30,23
Saffíe,ravencrest,1825,warlock,destruction,70,39,31
Imforcedtowl,aegwynn,1824,warlock,destruction,42,31,11
Asilock,eredar,1824,warlock,destruction,48,32,16
Tôpsecret,aegwynn,1823,warlock,destruction,36,29,7
Worse,kazzak,1823,warlock,destruction,48,29,19
Coeurnichon,archimonde,1823,warlock,destruction,58,32,26
Maderto,burning-legion,1823,warlock,destruction,185,101,84
Watchdots,blackrock,1822,warlock,destruction,66,37,29
Kalagorn,azshara,1821,warlock,destruction,36,27,9
Killáksi,ravencrest,1821,warlock,destruction,42,26,16
Framelock,draenor,1820,warlock,destruction,48,37,11
Korupcijax,kazzak,1820,warlock,destruction,36,21,15
Merçedesa,tarren-mill,1820,warlock,destruction,35,20,15
Qaripidia,ravencrest,1820,warlock,destruction,46,26,20
Trashløckx,blackrock,1819,warlock,destruction,42,30,12
Mocha,ravencrest,1819,warlock,destruction,48,31,17
Reznör,archimonde,1819,warlock,destruction,30,19,11
Incesticide,ragnaros,1819,warlock,destruction,60,37,23
Juppi,blackrock,1819,warlock,destruction,138,82,56
Ôlo,rajaxx,1819,warlock,destruction,54,30,24
Fizzydark,malganis,1819,warlock,destruction,60,30,30
Selassie,blackmoore,1818,warlock,destruction,78,48,30
Кюратор,howling-fjord,1818,warlock,destruction,57,30,27
Ðemonsoul,stormscale,1818,warlock,destruction,221,113,108
Lockróck,silvermoon,1817,warlock,destruction,30,22,8
Jupp,blackrock,1817,warlock,destruction,48,29,19
Richerdgir,ravencrest,1817,warlock,destruction,45,26,19
Srkzlol,durotan,1817,warlock,destruction,66,35,31
Alcringe,kazzak,1816,warlock,destruction,158,90,68
Porchpirate,draenor,1816,warlock,destruction,72,41,31
Matsuei,tarren-mill,1816,warlock,destruction,48,23,25
Barneyboi,tarren-mill,1815,warlock,destruction,87,59,28
Louloudots,ragnaros,1815,warlock,destruction,36,22,14
Kivilock,dun-modr,1815,warlock,destruction,79,48,31
Tehkorrum,archimonde,1815,warlock,destruction,53,30,23
Jappér,silvermoon,1814,warlock,destruction,36,30,6
Olsel,draenor,1814,warlock,destruction,47,30,17
Nemwl,draenor,1814,warlock,destruction,66,31,35
Kenachaos,twisting-nether,1813,warlock,destruction,137,79,58
Doodle,the-maelstrom,1813,warlock,destruction,66,38,28
Фейкгодх,soulflayer,1813,warlock,destruction,54,30,24
Neoe,stormscale,1813,warlock,destruction,76,40,36
Tbs,blackhand,1813,warlock,destruction,54,25,29
Slytherim,stormscale,1812,warlock,destruction,87,57,30
Todesgurke,alleria,1812,warlock,destruction,36,22,14
Whisperer,defias-brotherhood,1812,warlock,destruction,54,29,25
Linuviel,argent-dawn,1811,warlock,destruction,41,29,12
Bono,frostwhisper,1811,warlock,destruction,86,54,32
Tokodi,ragnaros,1811,warlock,destruction,54,29,25
Araqt,thrall,1810,warlock,destruction,35,26,9
Jaimstar,ravencrest,1810,warlock,destruction,35,25,10
Makîø,hyjal,1810,warlock,destruction,136,65,71
Fiearstyle,tarren-mill,1808,warlock,destruction,30,23,7
Senbolts,tarren-mill,1808,warlock,destruction,42,27,15
Pederpan,stormscale,1808,warlock,destruction,30,19,11
Чупачупакаб,soulflayer,1808,warlock,destruction,59,34,25
Darkleci,archimonde,1808,warlock,destruction,60,34,26
Purexlock,dragonblight,1807,warlock,destruction,53,34,19
Bloodworth,arathor,1807,warlock,destruction,108,60,48
Бауглирх,howling-fjord,1807,warlock,destruction,71,38,33
Ghachi,draenor,1807,warlock,destruction,66,33,33
Titimon,tarren-mill,1806,warlock,destruction,94,52,42
Rûttna,kazzak,1806,warlock,destruction,53,27,26
Pumpelumpe,twisting-nether,1806,warlock,destruction,45,20,25
Yøshinø,wildhammer,1805,warlock,destruction,48,36,12
Justfamous,archimonde,1805,warlock,destruction,60,41,19
Lockchonk,kazzak,1805,warlock,destruction,84,52,32
Delumia,tarren-mill,1805,warlock,destruction,113,64,49
Aniq,eredar,1805,warlock,destruction,54,26,28
Osbaa,bladefist,1804,warlock,destruction,48,31,17
Sïeur,archimonde,1804,warlock,destruction,113,69,44
Фирбог,soulflayer,1804,warlock,destruction,60,31,29
Ниезвестнно,soulflayer,1804,warlock,destruction,47,24,23
Ertogrul,draenor,1802,warlock,destruction,24,19,5
Loel,blackrock,1802,warlock,destruction,36,23,13
Pornhubx,stormscale,1802,warlock,destruction,48,30,18
Pilock,stormscale,1802,warlock,destruction,36,22,14
Keybump,outland,1801,warlock,destruction,140,81,59
Skrana,kazzak,1800,warlock,destruction,65,39,26
Likeqtz,thrall,1800,warlock,destruction,44,26,18
Ganjubass,tarren-mill,1800,warlock,destruction,85,50,35
Lashyra,aszune,1800,warlock,destruction,48,24,24
Anabolicbaby,draenor,1799,warlock,destruction,30,23,7
Аймох,gordunni,1798,warlock,destruction,48,29,19
Wotlkenjoyer,ravencrest,1797,warlock,destruction,30,22,8
Daubi,ravencrest,1796,warlock,destruction,48,28,20
Bàbyløck,archimonde,1792,warlock,destruction,72,41,31
Robertóó,burning-legion,1792,warlock,destruction,64,34,30
Pinacholadá,norgannon,1792,warlock,destruction,60,30,30
Rotangel,ragnaros,1791,warlock,destruction,60,33,27
Bianchii,stormscale,1790,warlock,destruction,38,27,11
Høliax,archimonde,1790,warlock,destruction,48,33,15
Kerway,outland,1788,warlock,destruction,90,50,40
Uddze,pozzo-delleternità,1787,warlock,destruction,65,35,30
Nekrosd,tarren-mill,1787,warlock,destruction,132,69,63
Whøknøws,twisting-nether,1786,warlock,destruction,36,25,11
Ty,earthen-ring,1786,warlock,destruction,54,36,18
Ërîkå,ravencrest,1785,warlock,destruction,99,59,40
Sad,lightnings-blade,1785,warlock,destruction,54,32,22
Marador,drakthul,1785,warlock,destruction,83,43,40
Алистрен,fordragon,1784,warlock,destruction,113,64,49
Кейкегенкай,gordunni,1783,warlock,destruction,135,72,63
Knoxwhite,stormscale,1781,warlock,destruction,42,28,14
Felerok,drakthul,1780,warlock,destruction,30,22,8
Elyö,dalaran,1780,warlock,destruction,215,105,110
Fyxs,talnivarr,1777,warlock,destruction,30,21,9
Themut,draenor,1775,warlock,destruction,82,49,33
Diablist,kazzak,1775,warlock,destruction,118,64,54
Alxor,archimonde,1774,warlock,destruction,72,40,32
Noobgg,kazzak,1773,warlock,destruction,54,33,21
Tajit,eredar,1773,warlock,destruction,66,32,34
Crse,antonidas,1772,warlock,destruction,79,52,27
Zxò,twisting-nether,1771,warlock,destruction,135,71,64
Demoner,tarren-mill,1769,warlock,destruction,156,90,66
Nybbx,frostmane,1769,warlock,destruction,165,84,81
Kmeta,twilights-hammer,1769,warlock,destruction,54,27,27
Ondarian,grim-batol,1768,warlock,destruction,56,37,19
Ragdoll,twisting-nether,1768,warlock,destruction,46,28,18
Oggelock,tarren-mill,1768,warlock,destruction,73,40,33
Fluugew,tarren-mill,1768,warlock,destruction,54,27,27
Slipx,aegwynn,1766,warlock,destruction,54,30,24
Twork,tarren-mill,1766,warlock,destruction,42,23,19
Olympïe,archimonde,1763,warlock,destruction,70,44,26
Демоник,deathguard,1763,warlock,destruction,42,24,18
Autocannon,stormscale,1763,warlock,destruction,60,32,28
Helldoom,drakthul,1763,warlock,destruction,247,122,125
Ceu,tarren-mill,1762,warlock,destruction,129,70,59
Woòkz,argent-dawn,1761,warlock,destruction,136,83,53
Tuskawl,stormreaver,1760,warlock,destruction,30,19,11
Khoug,blackmoore,1758,warlock,destruction,48,26,22
Vmorghuliss,sanguino,1757,warlock,destruction,84,38,46
Malame,hyjal,1755,warlock,destruction,103,57,46
Vankraken,silvermoon,1753,warlock,destruction,42,27,15
Manhart,burning-legion,1753,warlock,destruction,40,22,18
Abbzey,tarren-mill,1750,warlock,destruction,72,38,34
Хирацука,howling-fjord,1749,warlock,destruction,45,31,14
Mércé,stormscale,1748,warlock,destruction,30,22,8
Kalwyn,stormscale,1748,warlock,destruction,30,22,8
Шеизла,borean-tundra,1747,warlock,destruction,90,57,33
Хйу,galakrond,1747,warlock,destruction,42,20,22
Warlockery,argent-dawn,1746,warlock,destruction,60,36,24
Muleerox,kazzak,1745,warlock,destruction,48,27,21
Fearfearfear,archimonde,1743,warlock,destruction,84,41,43
Belastiz,blackmoore,1742,warlock,destruction,60,37,23
Gjallarbrù,archimonde,1742,warlock,destruction,51,29,22
Spectarlock,tarren-mill,1742,warlock,destruction,48,25,23
Guldån,twisting-nether,1741,warlock,destruction,42,24,18
Asbest,blackrock,1741,warlock,destruction,60,31,29
Бриант,gordunni,1740,warlock,destruction,42,24,18
Limity,nozdormu,1739,warlock,destruction,78,45,33
Ванадий,soulflayer,1739,warlock,destruction,47,23,24
Боуманн,howling-fjord,1738,warlock,destruction,42,22,20
Flatwolenzy,blackrock,1736,warlock,destruction,30,19,11
Исверон,howling-fjord,1736,warlock,destruction,36,20,16
Сумракз,soulflayer,1736,warlock,destruction,36,19,17
Warlockoloco,blackmoore,1735,warlock,destruction,90,56,34
Wintheirl,argent-dawn,1734,warlock,destruction,124,67,57
Dotalike,kazzak,1734,warlock,destruction,42,22,20
Dótstuff,draenor,1733,warlock,destruction,36,22,14
Хастла,ashenvale,1733,warlock,destruction,48,27,21
Xuthil,korgall,1732,warlock,destruction,72,41,31
Десло,thermaplugg,1731,warlock,destruction,42,25,17
Моргоника,howling-fjord,1731,warlock,destruction,90,47,43
Daeyon,ravencrest,1731,warlock,destruction,38,19,19
Hachishaku,ravencrest,1730,warlock,destruction,52,33,19
Acrion,blackrock,1730,warlock,destruction,39,20,19
Sargus,drakthul,1730,warlock,destruction,121,58,63
Upsahl,twisting-nether,1729,warlock,destruction,110,61,49
Isodjdojk,ravencrest,1727,warlock,destruction,24,22,2
Тумнуктхай,gordunni,1727,warlock,destruction,42,27,15
Depressor,ragnaros,1727,warlock,destruction,90,44,46
Kelthedral,tarren-mill,1727,warlock,destruction,43,19,24
Жизньтлён,gordunni,1726,warlock,destruction,60,35,25
Darlih,ravencrest,1726,warlock,destruction,132,62,70
Айхопъюдай,blackscar,1724,warlock,destruction,30,18,12
Jegfaller,wildhammer,1724,warlock,destruction,212,107,105
Pixelz,twisting-nether,1724,warlock,destruction,54,26,28
Senkai,kelthuzad,1723,warlock,destruction,36,24,12
Äåäåäåäåäåäå,ravencrest,1723,warlock,destruction,30,18,12
Rivmuu,argent-dawn,1722,warlock,destruction,118,69,49
Orgebixx,blackmoore,1722,warlock,destruction,60,33,27
Ðôtgøðx,ravencrest,1722,warlock,destruction,54,26,28
Morcey,sylvanas,1721,warlock,destruction,53,33,20
Ñøêssä,outland,1721,warlock,destruction,36,22,14
Sznyes,ragnaros,1721,warlock,destruction,36,19,17
Killerbolt,blackmoore,1720,warlock,destruction,42,28,14
Sunjal,stormscale,1720,warlock,destruction,30,20,10
Raverboyy,blackrock,1720,warlock,destruction,42,23,19
Лордандрюха,soulflayer,1719,warlock,destruction,36,23,13
Gnargamehl,nemesis,1719,warlock,destruction,42,25,17
Hebbxw,kazzak,1719,warlock,destruction,102,56,46
Armellixd,dun-modr,1719,warlock,destruction,50,26,24
Xfz,stormscale,1719,warlock,destruction,42,21,21
Envizer,ravencrest,1715,warlock,destruction,30,18,12
Urururustyle,hyjal,1715,warlock,destruction,42,24,18
Öbsury,hyjal,1715,warlock,destruction,49,26,23
Acilock,outland,1714,warlock,destruction,42,23,19
Ignittes,ragnaros,1713,warlock,destruction,42,29,13
Блэклаш,soulflayer,1713,warlock,destruction,30,18,12
Reidonk,blackrock,1713,warlock,destruction,30,18,12
Dualla,aegwynn,1712,warlock,destruction,96,52,44
Ràzek,kazzak,1712,warlock,destruction,77,38,39
Korbendallas,anubarak,1711,warlock,destruction,30,21,9
Soundmagic,silvermoon,1711,warlock,destruction,36,22,14
Wankdiesel,der-rat-von-dalaran,1711,warlock,destruction,132,62,70
Fatburner,draenor,1710,warlock,destruction,42,26,16
Fløkee,blackmoore,1710,warlock,destruction,36,19,17
Кром,howling-fjord,1708,warlock,destruction,30,18,12
Boumbye,ysondre,1707,warlock,destruction,38,23,15
Shádóws,nagrand,1707,warlock,destruction,173,93,80
Læsy,archimonde,1706,warlock,destruction,24,18,6
Uzzi,dun-modr,1705,warlock,destruction,129,70,59
Sneptics,draenor,1704,warlock,destruction,127,78,49
Коилсестры,blackscar,1702,warlock,destruction,39,24,15
Isata,ravencrest,1702,warlock,destruction,96,58,38
Atmosfèar,silvermoon,1702,warlock,destruction,54,28,26
Онлифан,soulflayer,1701,warlock,destruction,35,24,11
Mønarch,argent-dawn,1699,warlock,destruction,79,44,35
Tîllz,kargath,1698,warlock,destruction,24,22,2
Exorbïtant,blackrock,1698,warlock,destruction,202,109,93
Çamille,ulduar,1698,warlock,destruction,69,36,33
Kasualdot,stormscale,1697,warlock,destruction,30,20,10
Æhtrex,blackrock,1697,warlock,destruction,69,44,25
Twiseqtt,stormscale,1697,warlock,destruction,30,18,12
Amited,drakthul,1696,warlock,destruction,54,32,22
Limecqt,dun-morogh,1694,warlock,destruction,40,19,21
Destinyz,dun-modr,1691,warlock,destruction,36,27,9
Marti,blackrock,1691,warlock,destruction,42,27,15
Ødräcïe,twisting-nether,1691,warlock,destruction,36,18,18
Ekispekis,tarren-mill,1690,warlock,destruction,36,22,14
Väladar,sanguino,1690,warlock,destruction,47,23,24
Shutupkid,ravencrest,1689,warlock,destruction,48,29,19
Killning,medivh,1689,warlock,destruction,138,72,66
Ìambottger,silvermoon,1688,warlock,destruction,30,21,9
Wilog,silvermoon,1688,warlock,destruction,43,27,16
Инфезиус,deathweaver,1686,warlock,destruction,30,18,12
Strikeførce,ravencrest,1686,warlock,destruction,81,46,35
Rénio,stormrage,1685,warlock,destruction,32,22,10
Véstheim,saurfang,1685,warlock,destruction,48,29,19
Worro,eredar,1685,warlock,destruction,48,27,21
Ilovebronko,blackrock,1685,warlock,destruction,101,53,48
Büm,kazzak,1685,warlock,destruction,84,41,43
Krestox,blackmoore,1684,warlock,destruction,77,44,33
Opiumers,kazzak,1684,warlock,destruction,107,55,52
Fredé,kazzak,1684,warlock,destruction,47,24,23
Critchlock,tarren-mill,1682,warlock,destruction,53,29,24
Verson,silvermoon,1682,warlock,destruction,66,35,31
Таксидермия,gordunni,1682,warlock,destruction,138,73,65
Lolock,archimonde,1681,warlock,destruction,32,19,13
Гвоздяшка,blackscar,1681,warlock,destruction,42,22,20
Domdon,stormscale,1680,warlock,destruction,36,20,16
Røiheenøk,archimonde,1680,warlock,destruction,114,54,60
Lokmonji,perenolde,1678,warlock,destruction,39,25,14
Óop,outland,1678,warlock,destruction,54,28,26
Loulou,nagrand,1678,warlock,destruction,42,20,22
Trîppîn,blackrock,1677,warlock,destruction,30,18,12
Whiteðevil,draenor,1677,warlock,destruction,36,21,15
Jûgøbænned,aegwynn,1676,warlock,destruction,39,29,10
Husaì,laughing-skull,1676,warlock,destruction,82,57,25
Morathy,drekthar,1676,warlock,destruction,28,19,9
Testoorc,frostwolf,1676,warlock,destruction,104,55,49
Acidmvp,ravencrest,1676,warlock,destruction,72,38,34
Danidelarge,aegwynn,1676,warlock,destruction,70,36,34
Шедон,soulflayer,1675,warlock,destruction,30,22,8
Âkâl,ravencrest,1675,warlock,destruction,57,36,21
Blackmagic,stormscale,1675,warlock,destruction,141,77,64
Nunomendes,archimonde,1674,warlock,destruction,36,21,15
Wåfa,kazzak,1673,warlock,destruction,24,18,6
Lockdest,outland,1673,warlock,destruction,71,39,32
Cencible,twisting-nether,1672,warlock,destruction,90,49,41
Boomsparkle,blackrock,1671,warlock,destruction,36,23,13
Bh,ragnaros,1671,warlock,destruction,47,27,20
Zloezlo,ravencrest,1670,warlock,destruction,96,54,42
Gogonash,ravencrest,1670,warlock,destruction,48,20,28
Колодун,gordunni,1669,warlock,destruction,36,20,16
Xerxeus,drakthul,1668,warlock,destruction,24,22,2
Fearing,malganis,1668,warlock,destruction,71,31,40
Koldarr,blackmoore,1667,warlock,destruction,124,66,58
Brútality,nethersturm,1666,warlock,destruction,78,34,44
Lichlolock,outland,1665,warlock,destruction,58,35,23
Lokic,draenor,1665,warlock,destruction,52,24,28
Shadock,scarshield-legion,1664,warlock,destruction,30,20,10
Orcwarlock,khadgar,1664,warlock,destruction,66,35,31
Rêctûmsêêkêr,ravencrest,1664,warlock,destruction,36,19,17
Dotshok,aegwynn,1664,warlock,destruction,42,22,20
Nqa,outland,1663,warlock,destruction,35,18,17
Aajora,malganis,1662,warlock,destruction,84,53,31
Danidelarge,kazzak,1662,warlock,destruction,38,23,15
Беллулар,howling-fjord,1660,warlock,destruction,36,22,14
Síggýy,eredar,1659,warlock,destruction,41,21,20
Chaosxd,outland,1658,warlock,destruction,30,20,10
Чернокок,blackscar,1657,warlock,destruction,42,22,20
Onekxz,blackrock,1656,warlock,destruction,22,18,4
Chaozvx,kazzak,1656,warlock,destruction,71,41,30
Enyras,nemesis,1655,warlock,destruction,42,22,20
Rustos,ravencrest,1654,warlock,destruction,36,21,15
Mallevs,outland,1654,warlock,destruction,72,40,32
Gigachaos,outland,1653,warlock,destruction,77,50,27
Nijva,silvermoon,1653,warlock,destruction,60,29,31
Magonyth,tarren-mill,1652,warlock,destruction,31,22,9
Saloninus,argent-dawn,1652,warlock,destruction,54,31,23
Finsterfluch,conseil-des-ombres,1652,warlock,destruction,54,30,24
Deathcoîl,the-maelstrom,1652,warlock,destruction,42,22,20
Despayr,tarren-mill,1652,warlock,destruction,54,27,27
Spõk,ysondre,1651,warlock,destruction,191,105,86
Koffey,twisting-nether,1650,warlock,destruction,36,25,11
Kaspersdame,ravencrest,1650,warlock,destruction,47,24,23
Profesorr,defias-brotherhood,1650,warlock,destruction,42,21,21
Murdee,kazzak,1650,warlock,destruction,54,22,32
Lichlolocked,outland,1649,warlock,destruction,78,40,38
Fatzké,kargath,1649,warlock,destruction,101,49,52
Psýcholoc,kazzak,1648,warlock,destruction,38,25,13
Jawdrop,blackrock,1648,warlock,destruction,51,31,20
Quarimathras,antonidas,1648,warlock,destruction,54,28,26
Schrimz,blackrock,1648,warlock,destruction,57,26,31
Oldasiangirl,blackrock,1647,warlock,destruction,30,20,10
Ltheory,aegwynn,1647,warlock,destruction,54,32,22
Lókkíi,silvermoon,1647,warlock,destruction,128,75,53
Tanón,sanguino,1646,warlock,destruction,67,41,26
Nëismz,ravencrest,1646,warlock,destruction,31,18,13
Marieejoana,nozdormu,1646,warlock,destruction,72,41,31
Fulcanelli,sargeras,1646,warlock,destruction,33,18,15
Zekarat,blackrock,1646,warlock,destruction,60,30,30
Felttofel,stormscale,1645,warlock,destruction,36,23,13
Nøl,sargeras,1645,warlock,destruction,339,172,167
Magicsin,aerie-peak,1644,warlock,destruction,24,22,2
Pumpfake,ravencrest,1644,warlock,destruction,23,18,5
Ajgreedyy,grim-batol,1644,warlock,destruction,42,24,18
Lugnalennart,tarren-mill,1644,warlock,destruction,78,42,36
Spcnz,stormscale,1644,warlock,destruction,57,29,28
Slf,the-maelstrom,1644,warlock,destruction,54,23,31
Yoplen,drakthul,1643,warlock,destruction,104,61,43
Cigarrette,draenor,1642,warlock,destruction,42,21,21
Skyamino,hyjal,1641,warlock,destruction,42,27,15
Lovromalt,kazzak,1641,warlock,destruction,48,29,19
Shérlock,ravencrest,1640,warlock,destruction,42,22,20
Stepwarlock,kazzak,1638,warlock,destruction,63,31,32
Døtàndrun,archimonde,1637,warlock,destruction,36,21,15
Mihø,hyjal,1637,warlock,destruction,78,42,36
Flawzo,blackmoore,1636,warlock,destruction,48,29,19
Shugglock,draenor,1636,warlock,destruction,42,23,19
Nerfmebro,tarren-mill,1635,warlock,destruction,24,19,5
Ìzanamí,archimonde,1634,warlock,destruction,54,37,17
Elvània,eredar,1633,warlock,destruction,54,31,23
Kaeb,archimonde,1631,warlock,destruction,24,17,7
Gruggenbach,twisting-nether,1630,warlock,destruction,24,17,7
Nëismz,azuremyst,1630,warlock,destruction,24,17,7
Lockukaracha,malganis,1630,warlock,destruction,51,34,17
Augge,tarren-mill,1630,warlock,destruction,58,33,25
Funcky,terokkar,1630,warlock,destruction,48,19,29
Kaijim,aegwynn,1629,warlock,destruction,61,44,17
Faermorn,kazzak,1629,warlock,destruction,30,20,10
Telodotto,nemesis,1629,warlock,destruction,30,17,13
Raxan,stormscale,1628,warlock,destruction,29,19,10
Порртвейн,howling-fjord,1628,warlock,destruction,29,18,11
Salvatoríy,outland,1628,warlock,destruction,41,21,20
Nherthul,sanguino,1628,warlock,destruction,255,130,125
Lonelock,blackrock,1627,warlock,destruction,45,29,16
Flyingjakob,argent-dawn,1627,warlock,destruction,30,17,13
Kigro,burning-legion,1627,warlock,destruction,72,38,34
Litox,twisting-nether,1627,warlock,destruction,63,32,31
Kyliân,blackmoore,1627,warlock,destruction,36,18,18
Edrahil,lordaeron,1626,warlock,destruction,66,37,29
Sleethy,destromath,1626,warlock,destruction,42,20,22
Fluch,area-52,1626,warlock,destruction,60,26,34
Соикулейн,gordunni,1625,warlock,destruction,29,23,6
Wryy,nemesis,1624,warlock,destruction,44,29,15
Bmblockerina,blackrock,1624,warlock,destruction,54,35,19
Анрали,deathguard,1623,warlock,destruction,24,17,7
Sxtynine,outland,1623,warlock,destruction,30,20,10
Nekros,archimonde,1623,warlock,destruction,54,34,20
Stazox,drakthul,1623,warlock,destruction,30,18,12
Quickccast,draenor,1623,warlock,destruction,97,58,39
Thebigsuck,tarren-mill,1623,warlock,destruction,96,53,43
Weso,grim-batol,1623,warlock,destruction,55,28,27
Isata,blackhand,1622,warlock,destruction,36,20,16
Kasztyk,grim-batol,1621,warlock,destruction,47,27,20
Essealaes,stormscale,1621,warlock,destruction,35,18,17
Мураса,grom,1620,warlock,destruction,35,22,13
Smegwlock,tarren-mill,1620,warlock,destruction,48,28,20
Zebauron,twisting-nether,1620,warlock,destruction,36,20,16
Kìmar,amanthul,1620,warlock,destruction,78,42,36
Neburlock,dun-modr,1620,warlock,destruction,42,21,21
Beåtrìce,archimonde,1620,warlock,destruction,57,28,29
Gorthunz,kazzak,1620,warlock,destruction,36,17,19
Reeween,argent-dawn,1619,warlock,destruction,30,18,12
Evylock,draenor,1619,warlock,destruction,30,17,13
Whitebøy,hyjal,1619,warlock,destruction,45,25,20
Delru,aegwynn,1618,warlock,destruction,30,20,10
Zikozor,ravencrest,1618,warlock,destruction,28,18,10
Willthehoe,alonsus,1618,warlock,destruction,29,18,11
Dzey,drakthul,1618,warlock,destruction,69,41,28
Nøxxlock,blackhand,1618,warlock,destruction,89,51,38
Stavrogina,ravencrest,1618,warlock,destruction,30,17,13
Pöhz,archimonde,1618,warlock,destruction,36,20,16
Börsenborisq,aegwynn,1618,warlock,destruction,35,19,16
Aspass,kazzak,1617,warlock,destruction,83,44,39
Nerfbolts,archimonde,1615,warlock,destruction,24,17,7
Laciewaifu,silvermoon,1615,warlock,destruction,36,20,16
Biest,drakthul,1615,warlock,destruction,36,17,19
Neirah,stormscale,1614,warlock,destruction,41,22,19
Jisera,kiljaeden,1614,warlock,destruction,36,17,19
Fiddlestickz,gilneas,1613,warlock,destruction,60,34,26
Artys,tarren-mill,1612,warlock,destruction,24,17,7
Gusvitori,sanguino,1612,warlock,destruction,36,20,16
Бонибеннет,gordunni,1611,warlock,destruction,32,21,11
Djfearfullx,archimonde,1611,warlock,destruction,36,19,17
Meatbot,tarren-mill,1609,warlock,destruction,46,31,15
Lockyswag,draenor,1609,warlock,destruction,66,37,29
Badguldan,blackmoore,1609,warlock,destruction,39,20,19
Nitmoredots,dun-modr,1609,warlock,destruction,48,24,24
Skrabblel,tarren-mill,1609,warlock,destruction,36,18,18
Boltonez,outland,1609,warlock,destruction,66,29,37
Shaterz,dun-modr,1608,warlock,destruction,27,21,6
Ryssäbotti,stormscale,1608,warlock,destruction,31,23,8
Mobikagodx,drakthul,1608,warlock,destruction,24,17,7
Auxi,the-maelstrom,1608,warlock,destruction,34,24,10
Esmuel,argent-dawn,1608,warlock,destruction,71,43,28
Spykoosi,stormscale,1608,warlock,destruction,40,24,16
Ketamol,ravencrest,1608,warlock,destruction,57,32,25
Селикта,gordunni,1607,warlock,destruction,30,17,13
Maxlox,tarren-mill,1607,warlock,destruction,35,17,18
Dotsfired,aegwynn,1607,warlock,destruction,60,26,34
Kognah,defias-brotherhood,1606,warlock,destruction,30,21,9
Zoradiale,twisting-nether,1606,warlock,destruction,36,24,12
Мицуру,howling-fjord,1606,warlock,destruction,100,59,41
Ðêmøñîc,ravencrest,1606,warlock,destruction,30,17,13
Forcas,archimonde,1606,warlock,destruction,113,62,51
Нгага,howling-fjord,1606,warlock,destruction,213,113,100
Märkähuikka,stormreaver,1605,warlock,destruction,24,17,7
Инсинирейтх,gordunni,1605,warlock,destruction,30,20,10
Холичорт,howling-fjord,1605,warlock,destruction,69,37,32
Jetsetmehmet,aegwynn,1604,warlock,destruction,54,24,30
Zeinth,sanguino,1603,warlock,destruction,36,23,13
Dreamnyâsha,tarren-mill,1603,warlock,destruction,42,19,23
Gishor,burning-legion,1602,warlock,destruction,24,19,5
Imbalockzwei,aegwynn,1602,warlock,destruction,24,17,7
Xtleonidas,uldum,1602,warlock,destruction,78,41,37
Märtas,burning-blade,1602,warlock,destruction,41,19,22
Sickening,twilights-hammer,1601,warlock,destruction,55,38,17
Skrikipanik,kazzak,1601,warlock,destruction,36,21,15
Sirmic,hyjal,1601,warlock,destruction,72,37,35
Wumz,sylvanas,1601,warlock,destruction,53,27,26
Dastey,stormscale,1601,warlock,destruction,36,18,18
Rensayy,ysondre,1600,warlock,destruction,30,21,9
Juïcylucy,kazzak,1600,warlock,destruction,58,34,24
Letswreck,outland,1600,warlock,destruction,84,43,41
Lockostock,kazzak,1600,warlock,destruction,47,19,28
Kenthal,nemesis,1599,warlock,destruction,57,28,29
Macchíato,ragnaros,1598,warlock,destruction,42,20,22
Кале,goldrinn,1596,warlock,destruction,100,61,39
Schøkøbasher,blackrock,1596,warlock,destruction,36,20,16
Napoloen,kazzak,1596,warlock,destruction,36,19,17
Zetsubo,drakthul,1595,warlock,destruction,55,34,21
Sibora,eredar,1594,warlock,destruction,42,23,19
Mizxxta,zuljin,1593,warlock,destruction,29,19,10
Bolt,stormscale,1591,warlock,destruction,82,50,32
Ludé,eredar,1591,warlock,destruction,81,39,42
Муза,gordunni,1588,warlock,destruction,36,22,14
Kerthan,malorne,1587,warlock,destruction,74,46,28
Nerfwarriors,stormscale,1587,warlock,destruction,52,30,22
Réxz,ravencrest,1586,warlock,destruction,72,36,36
Dödkärringx,auchindoun,1585,warlock,destruction,30,19,11
Грань,ashenvale,1585,warlock,destruction,212,115,97
Zoh,archimonde,1585,warlock,destruction,72,38,34
Ðîâblô,silvermoon,1585,warlock,destruction,65,33,32
Uneedtherapy,silvermoon,1584,warlock,destruction,54,33,21
Turbonion,archimonde,1584,warlock,destruction,66,36,30
Kenjix,blackrock,1584,warlock,destruction,54,23,31
Chaosbolt,kelthuzad,1583,warlock,destruction,24,18,6
Brugo,zuljin,1583,warlock,destruction,36,20,16
Banishedone,stormreaver,1583,warlock,destruction,92,51,41
Voidzero,hyjal,1583,warlock,destruction,41,19,22
Hellguards,silvermoon,1583,warlock,destruction,83,38,45
Bonemetz,blackmoore,1582,warlock,destruction,101,54,47
Aloof,outland,1582,warlock,destruction,201,105,96
Icritmore,stormscale,1582,warlock,destruction,72,37,35
Oz,uldum,1581,warlock,destruction,78,49,29
Idfearthat,ragnaros,1580,warlock,destruction,48,28,20
Zarastro,sunstrider,1580,warlock,destruction,117,59,58
Proßlock,kazzak,1580,warlock,destruction,108,52,56
Plamena,neptulon,1579,warlock,destruction,49,32,17
Stromzii,silvermoon,1579,warlock,destruction,120,58,62
Striks,ragnaros,1578,warlock,destruction,30,17,13
Bazoo,nathrezim,1576,warlock,destruction,126,62,64
Htaedfo,tarren-mill,1576,warlock,destruction,102,45,57
Mariahscary,auchindoun,1575,warlock,destruction,36,21,15
Fearlessgødx,ravencrest,1575,warlock,destruction,76,37,39
Golgir,draenor,1574,warlock,destruction,64,38,26
Liqûid,destromath,1572,warlock,destruction,76,47,29
Ánárchy,stormscale,1572,warlock,destruction,42,22,20
Nitecro,blackmoore,1571,warlock,destruction,37,22,15
Spoíl,tarren-mill,1571,warlock,destruction,48,27,21
Rakshazza,eredar,1571,warlock,destruction,102,53,49
Áutísm,silvermoon,1570,warlock,destruction,138,71,67
Fandirxd,draenor,1569,warlock,destruction,71,39,32
Dotsyoudown,kelthuzad,1568,warlock,destruction,97,52,45
Eltharis,burning-legion,1567,warlock,destruction,30,18,12
Noahh,kazzak,1567,warlock,destruction,101,60,41
Warlololock,malganis,1567,warlock,destruction,36,19,17
Xenq,ravencrest,1566,warlock,destruction,36,21,15
Fatkkroth,ravencrest,1565,warlock,destruction,49,30,19
Gimlidota,tarren-mill,1565,warlock,destruction,59,35,24
Акэти,borean-tundra,1565,warlock,destruction,42,21,21
Necrobtch,quelthalas,1564,warlock,destruction,30,19,11
Cronice,ravencrest,1562,warlock,destruction,50,23,27
Konradcurz,silvermoon,1562,warlock,destruction,45,20,25
Аркейнмизери,howling-fjord,1561,warlock,destruction,34,23,11
Drakedoge,draenor,1561,warlock,destruction,76,42,34
Azthral,nemesis,1558,warlock,destruction,259,129,130
Иренхх,gordunni,1558,warlock,destruction,42,19,23
Rackare,darksorrow,1556,warlock,destruction,27,19,8
Smíkz,blackhand,1556,warlock,destruction,41,24,17
Nebulus,lightnings-blade,1556,warlock,destruction,73,39,34
Britneyfears,burning-legion,1556,warlock,destruction,36,18,18
Chaøs,thrall,1554,warlock,destruction,30,22,8
Aspas,outland,1554,warlock,destruction,42,23,19
Enzyw,drakthul,1553,warlock,destruction,24,20,4
Nimbin,taerar,1553,warlock,destruction,141,78,63
Joemontana,blackrock,1552,warlock,destruction,36,17,19
Белвет,blackscar,1550,warlock,destruction,51,25,26
Marenov,kazzak,1549,warlock,destruction,36,20,16
Afflimoomoo,tarren-mill,1549,warlock,destruction,78,37,41
Zéphon,blades-edge,1549,warlock,destruction,76,35,41
Päwzy,kazzak,1548,warlock,destruction,66,34,32
Chaosboltlol,ravencrest,1547,warlock,destruction,36,22,14
Morgan,jaedenar,1547,warlock,destruction,85,47,38
Moelock,frostmane,1547,warlock,destruction,129,69,60
Lysanruth,la-croisade-écarlate,1547,warlock,destruction,96,47,49
Chubson,tarren-mill,1545,warlock,destruction,50,23,27
Gulleigh,draenor,1543,warlock,destruction,40,19,21
Rawsauce,outland,1542,warlock,destruction,20,17,3
Mazaear,stormscale,1540,warlock,destruction,45,27,18
Unethicalx,ragnaros,1539,warlock,destruction,30,17,13
Deathscréam,burning-legion,1537,warlock,destruction,96,48,48
Pipêz,blackmoore,1536,warlock,destruction,71,45,26
Alucena,silvermoon,1536,warlock,destruction,46,21,25
Nkwango,blackmoore,1535,warlock,destruction,24,16,8
Anderxyo,sanguino,1535,warlock,destruction,24,16,8
Bustabrinka,aggra-português,1534,warlock,destruction,18,16,2
Tierzxc,ravencrest,1534,warlock,destruction,24,16,8
Михасяпевпев,gordunni,1534,warlock,destruction,27,17,10
Slàsh,hyjal,1533,warlock,destruction,30,23,7
Simony,ravencrest,1533,warlock,destruction,24,16,8
Shortyi,thrall,1533,warlock,destruction,24,16,8
Zamahell,marécage-de-zangar,1532,warlock,destruction,24,17,7
Howtofake,doomhammer,1532,warlock,destruction,24,16,8
Höfmänn,kazzak,1532,warlock,destruction,55,35,20
Debz,twisting-nether,1531,warlock,destruction,25,16,9
Дэнаа,fordragon,1531,warlock,destruction,122,60,62
Unrealia,hyjal,1530,warlock,destruction,126,68,58
Notben,outland,1529,warlock,destruction,18,16,2
Alexutzu,sylvanas,1529,warlock,destruction,30,20,10
Felcollíns,ravencrest,1529,warlock,destruction,24,16,8
Aoea,draenor,1529,warlock,destruction,24,16,8
Chyther,ragnaros,1528,warlock,destruction,42,26,16
Slëydark,sanguino,1528,warlock,destruction,32,17,15
Славеномен,howling-fjord,1528,warlock,destruction,168,85,83
Wisdomness,aszune,1528,warlock,destruction,66,32,34
Cursedotexe,ragnaros,1527,warlock,destruction,60,32,28
Nospamcliqu,ysondre,1527,warlock,destruction,30,16,14
Kvanmor,kaelthas,1526,warlock,destruction,36,18,18
Beepbepp,grim-batol,1525,warlock,destruction,46,33,13
Jïñ,ravencrest,1524,warlock,destruction,18,16,2
Garbageclass,outland,1523,warlock,destruction,30,16,14
Nÿhf,kirin-tor,1523,warlock,destruction,47,21,26
Marklock,drakthul,1522,warlock,destruction,26,21,5
Sotapen,ragnaros,1522,warlock,destruction,75,45,30
Tóuché,aegwynn,1522,warlock,destruction,66,33,33
Инкубычь,gordunni,1521,warlock,destruction,24,16,8
Sadixxqt,ravencrest,1521,warlock,destruction,24,16,8
Bisacodyl,outland,1521,warlock,destruction,101,53,48
Сорзи,thermaplugg,1521,warlock,destruction,41,20,21
Malinki,silvermoon,1521,warlock,destruction,42,20,22
Rohlikov,drakthul,1520,warlock,destruction,24,16,8
Exiled,dragonblight,1519,warlock,destruction,28,17,11
Fatbëlly,argent-dawn,1518,warlock,destruction,97,47,50
Rozibolt,draenor,1517,warlock,destruction,24,16,8
Salazaros,die-silberne-hand,1517,warlock,destruction,60,33,27
Мерседэсс,gordunni,1516,warlock,destruction,24,16,8
Articfox,outland,1516,warlock,destruction,98,50,48
Robertóoo,burning-legion,1514,warlock,destruction,65,35,30
Lottopallo,arathor,1514,warlock,destruction,30,16,14
Visable,kazzak,1514,warlock,destruction,30,16,14
Usianbølts,blackmoore,1513,warlock,destruction,30,16,14
Маларгас,soulflayer,1512,warlock,destruction,132,72,60
Mellisandre,hellfire,1510,warlock,destruction,42,25,17
Contemtus,frostwhisper,1508,warlock,destruction,24,16,8
Darcîa,destromath,1507,warlock,destruction,30,19,11
Atraped,zuljin,1507,warlock,destruction,90,48,42
Пъё,howling-fjord,1507,warlock,destruction,101,46,55
Kasuni,sanguino,1507,warlock,destruction,72,30,42
Чернокнжник,soulflayer,1506,warlock,destruction,42,22,20
Sylvxgodx,kazzak,1505,warlock,destruction,54,34,20
Abnørmus,tarren-mill,1503,warlock,destruction,78,46,32
Deruud,defias-brotherhood,1503,warlock,destruction,60,30,30
Tzeeñtch,tarren-mill,1501,warlock,destruction,65,31,34
Voidislife,alakir,1499,warlock,destruction,201,104,97
Hongkonger,kazzak,1499,warlock,destruction,262,134,128
Nicodemo,tarren-mill,1498,warlock,destruction,30,16,14
Nibblez,shadowsong,1497,warlock,destruction,91,52,39
Егосяхаос,soulflayer,1497,warlock,destruction,54,28,26
Lînden,magtheridon,1496,warlock,destruction,30,16,14
Interceptêr,blackrock,1496,warlock,destruction,36,18,18
Naemys,archimonde,1495,warlock,destruction,57,36,21
Pelkopeelo,tarren-mill,1494,warlock,destruction,35,19,16
Адоха,howling-fjord,1494,warlock,destruction,60,32,28
Kïng,elune,1494,warlock,destruction,66,34,32
Balgo,blackmoore,1493,warlock,destruction,54,30,24
Jumbodot,tarren-mill,1493,warlock,destruction,44,23,21
Dotzéro,ravencrest,1493,warlock,destruction,42,21,21
Warlocat,the-maelstrom,1493,warlock,destruction,72,34,38
Falel,das-konsortium,1492,warlock,destruction,24,19,5
Blackiouz,stormscale,1492,warlock,destruction,120,55,65
Ноубрейкс,blackscar,1491,warlock,destruction,52,33,19
Ketriicken,argent-dawn,1490,warlock,destruction,96,51,45
Колдунишка,fordragon,1490,warlock,destruction,117,62,55
Chaosprophet,argent-dawn,1489,warlock,destruction,50,28,22
Brokengodx,dun-modr,1489,warlock,destruction,30,16,14
Asmonmald,stormscale,1489,warlock,destruction,142,75,67
Fiveyearque,sylvanas,1489,warlock,destruction,36,16,20
Fêâr,dun-modr,1488,warlock,destruction,22,17,5
Babáyàgá,blackhand,1487,warlock,destruction,74,47,27
Ammathrel,moonglade,1487,warlock,destruction,30,17,13
Onetwobolt,archimonde,1487,warlock,destruction,125,64,61
Kamí,sanguino,1487,warlock,destruction,65,30,35
Спаводах,soulflayer,1486,warlock,destruction,23,16,7
Variu,blackhand,1486,warlock,destruction,106,61,45
Scaevóla,ravencrest,1486,warlock,destruction,252,129,123
Зеленаямразь,soulflayer,1486,warlock,destruction,33,16,17
Horsewarlock,stormscale,1486,warlock,destruction,77,36,41
Xârtôr,blackrock,1482,warlock,destruction,176,96,80
Czx,twisting-nether,1479,warlock,destruction,36,22,14
Jinxme,tarren-mill,1479,warlock,destruction,95,49,46
Иванфаков,soulflayer,1475,warlock,destruction,29,17,12
Sertdene,ravencrest,1475,warlock,destruction,42,24,18
Farlier,draenor,1474,warlock,destruction,95,47,48
Раздирающая,gordunni,1471,warlock,destruction,46,30,16
Samyoung,kazzak,1470,warlock,destruction,60,35,25
Baz,frostmane,1470,warlock,destruction,78,41,37
Blackwizard,theradras,1469,warlock,destruction,75,40,35
Èrmes,eldrethalas,1469,warlock,destruction,59,31,28
Моориус,soulflayer,1469,warlock,destruction,36,18,18
Бомбшелл,soulflayer,1469,warlock,destruction,38,17,21
Onono,eredar,1468,warlock,destruction,30,16,14
Kartanos,stormscale,1466,warlock,destruction,23,16,7
Cráxx,onyxia,1466,warlock,destruction,104,55,49
Magicstick,eredar,1466,warlock,destruction,60,27,33
Helkásh,tarren-mill,1465,warlock,destruction,48,23,25
Holaw,tarren-mill,1464,warlock,destruction,84,41,43
Mvpðøtx,ravencrest,1463,warlock,destruction,45,28,17
Pommeslock,blackmoore,1461,warlock,destruction,36,20,16
Snackstickz,twisting-nether,1461,warlock,destruction,48,25,23
Wedlock,stormscale,1457,warlock,destruction,54,33,21
Nokickplz,nemesis,1457,warlock,destruction,36,19,17
Valcan,ragnaros,1456,warlock,destruction,79,45,34
Zeddy,draenor,1456,warlock,destruction,114,63,51
Nosoulnoprob,sylvanas,1455,warlock,destruction,36,19,17
Aleê,twisting-nether,1454,warlock,destruction,47,23,24
Lockybàlboa,tarren-mill,1453,warlock,destruction,48,29,19
Moonpoxlock,nerathor,1453,warlock,destruction,38,20,18
Shaxlock,draenor,1451,warlock,destruction,82,43,39
Craynos,die-arguswacht,1451,warlock,destruction,38,19,19
Геролин,goldrinn,1451,warlock,destruction,61,30,31
Wicherson,burning-legion,1451,warlock,destruction,37,18,19
Banshore,ysondre,1450,warlock,destruction,47,29,18
Kaedinx,twisting-nether,1445,warlock,destruction,329,167,162
Nèrfxløl,ragnaros,1444,warlock,destruction,30,22,8
Trickyy,azjolnerub,1444,warlock,destruction,39,25,14
Hasibe,ravencrest,1444,warlock,destruction,30,18,12
Kospar,dun-morogh,1444,warlock,destruction,62,36,26
Holeraa,stormscale,1444,warlock,destruction,57,30,27
Vegetita,stormscale,1443,warlock,destruction,173,94,79
Stürmer,thrall,1442,warlock,destruction,60,32,28
Birimbau,outland,1442,warlock,destruction,67,32,35
Wreky,thrall,1439,warlock,destruction,18,15,3
Smoudini,blackrock,1439,warlock,destruction,24,15,9
Сайзэр,soulflayer,1439,warlock,destruction,111,54,57
Frilante,terokkar,1438,warlock,destruction,63,40,23
Eviil,tarren-mill,1438,warlock,destruction,24,15,9
Mowxll,blackrock,1438,warlock,destruction,24,15,9
Vicktorious,stormscale,1438,warlock,destruction,66,37,29
Dzimmi,kazzak,1438,warlock,destruction,42,22,20
Алхун,razuvious,1438,warlock,destruction,54,27,27
Brodoh,dun-modr,1438,warlock,destruction,30,15,15
Ignorantduck,sunstrider,1438,warlock,destruction,51,25,26
Flocca,archimonde,1438,warlock,destruction,35,16,19
Corano,ravencrest,1437,warlock,destruction,18,15,3
Навидд,howling-fjord,1437,warlock,destruction,24,15,9
Nádjá,ravencrest,1437,warlock,destruction,24,15,9
Thugsupreme,ravencrest,1437,warlock,destruction,78,41,37
Azzoaa,defias-brotherhood,1437,warlock,destruction,54,27,27
Pôhzz,archimonde,1436,warlock,destruction,18,15,3
Veoxohr,argent-dawn,1436,warlock,destruction,93,57,36
Elldialock,draenor,1436,warlock,destruction,30,15,15
Fearoclock,nemesis,1435,warlock,destruction,30,15,15
Jøkèr,stormscale,1434,warlock,destruction,24,15,9
Fynxo,blackmoore,1433,warlock,destruction,24,16,8
Kiritsugi,aszune,1433,warlock,destruction,51,30,21
Noxsix,gorgonnash,1433,warlock,destruction,54,28,26
Vulluin,blackrock,1433,warlock,destruction,30,15,15
Calli,blackrock,1432,warlock,destruction,22,16,6
Datendariza,kazzak,1432,warlock,destruction,104,53,51
Nedivh,stormscale,1432,warlock,destruction,35,17,18
Flockyy,draenor,1431,warlock,destruction,28,16,12
Slavecry,silvermoon,1430,warlock,destruction,24,15,9
Softcøre,blackmoore,1430,warlock,destruction,48,29,19
Peardrax,draenor,1430,warlock,destruction,67,34,33
Парачо,eversong,1430,warlock,destruction,30,15,15
Cørleen,eredar,1430,warlock,destruction,70,26,44
Antoniolm,cthun,1429,warlock,destruction,54,27,27
Kwoh,saurfang,1429,warlock,destruction,30,15,15
Паинбрингер,soulflayer,1428,warlock,destruction,24,15,9
Misscringe,silvermoon,1428,warlock,destruction,54,23,31
Shadeisblack,tarren-mill,1427,warlock,destruction,24,15,9
Lewdrumpslap,kazzak,1425,warlock,destruction,48,31,17
Gengada,blackhand,1425,warlock,destruction,48,26,22
Puppylover,outland,1424,warlock,destruction,30,21,9
Shufflous,ghostlands,1424,warlock,destruction,28,16,12
Bte,draenor,1424,warlock,destruction,34,19,15
Krukke,tarren-mill,1424,warlock,destruction,54,28,26
Sesoumaru,azshara,1424,warlock,destruction,42,16,26
Belnea,draenor,1421,warlock,destruction,24,15,9
Ablas,bladefist,1421,warlock,destruction,118,53,65
Míkæ,ravencrest,1420,warlock,destruction,90,49,41
Demonkïng,archimonde,1420,warlock,destruction,60,32,28
Сатенекс,soulflayer,1419,warlock,destruction,59,36,23
Diablotiin,hyjal,1419,warlock,destruction,227,116,111
Brodir,aszune,1419,warlock,destruction,30,15,15
Diablesse,dun-modr,1417,warlock,destruction,62,30,32
Rakoru,blackmoore,1416,warlock,destruction,30,15,15
Waandi,ravencrest,1415,warlock,destruction,34,20,14
Wauwish,stormscale,1415,warlock,destruction,47,27,20
Мирмех,gordunni,1414,warlock,destruction,42,21,21
Sublînê,blackmoore,1413,warlock,destruction,99,58,41
Героуд,howling-fjord,1413,warlock,destruction,118,60,58
Jaimê,thrall,1411,warlock,destruction,82,42,40
Barro,das-syndikat,1410,warlock,destruction,32,17,15
Бирел,soulflayer,1409,warlock,destruction,24,15,9
Naavii,bloodscalp,1407,warlock,destruction,42,21,21
Natsume,ragnaros,1407,warlock,destruction,43,21,22
Kumas,hyjal,1406,warlock,destruction,30,16,14
Xârdâs,blackrock,1406,warlock,destruction,30,15,15
Zlohell,drakthul,1405,warlock,destruction,48,30,18
Evaksiá,draenor,1405,warlock,destruction,48,23,25
Enydible,frostmane,1403,warlock,destruction,24,15,9
Proctolock,garona,1403,warlock,destruction,34,20,14
Азерок,howling-fjord,1403,warlock,destruction,42,21,21
Løckwood,blackrock,1401,warlock,destruction,28,17,11
Гупперлок,howling-fjord,1400,warlock,destruction,48,21,27
Faro,trollbane,1398,warlock,destruction,98,42,56
Nomakqlock,dun-modr,1397,warlock,destruction,36,23,13
Вроман,fordragon,1396,warlock,destruction,74,44,30
Diåbló,stormscale,1395,warlock,destruction,90,50,40
Dhraven,thrall,1395,warlock,destruction,96,53,43
Dobonard,sylvanas,1395,warlock,destruction,38,19,19
Holodream,stormreaver,1395,warlock,destruction,60,29,31
Tomiaa,burning-legion,1395,warlock,destruction,36,15,21
Satanizm,silvermoon,1393,warlock,destruction,95,46,49
Çhãøsførÿã,blackmoore,1392,warlock,destruction,90,43,47
Pogrom,burning-legion,1391,warlock,destruction,36,21,15
Chaoxz,outland,1391,warlock,destruction,54,31,23
Seagelock,silvermoon,1390,warlock,destruction,78,36,42
Zollon,norgannon,1389,warlock,destruction,23,17,6
Enragelock,tarren-mill,1389,warlock,destruction,35,18,17
Zivalelia,silvermoon,1389,warlock,destruction,102,49,53
Nerzhull,stormscale,1389,warlock,destruction,146,69,77
Яжбатько,howling-fjord,1389,warlock,destruction,36,15,21
Lynchian,draenor,1387,warlock,destruction,49,26,23
Verderbnis,malganis,1386,warlock,destruction,46,29,17
Fearster,twisting-nether,1386,warlock,destruction,41,23,18
Gehirnwäsche,frostwolf,1385,warlock,destruction,28,18,10
Diabló,outland,1384,warlock,destruction,30,15,15
Dracsu,dun-modr,1383,warlock,destruction,49,26,23
Калестонх,soulflayer,1380,warlock,destruction,42,25,17
Dreadnogg,tarren-mill,1380,warlock,destruction,100,50,50
Kosfáce,tarren-mill,1377,warlock,destruction,77,35,42
Олдхалапеньо,soulflayer,1371,warlock,destruction,48,23,25
Pookabee,ravencrest,1369,warlock,destruction,36,19,17
Sidragasoss,drakthul,1369,warlock,destruction,30,15,15
Cahetel,nemesis,1368,warlock,destruction,47,24,23
Biotic,dun-modr,1366,warlock,destruction,36,16,20
Эот,soulflayer,1365,warlock,destruction,27,16,11
Vakgu,blackmoore,1362,warlock,destruction,47,28,19
Hamskurken,silvermoon,1362,warlock,destruction,28,15,13
Nyriat,tarren-mill,1361,warlock,destruction,24,16,8
Quasimodó,aegwynn,1361,warlock,destruction,48,29,19
Salastro,ragnaros,1361,warlock,destruction,27,15,12
Биохозард,deathguard,1361,warlock,destruction,69,38,31
Gricorby,drakthul,1360,warlock,destruction,23,16,7
Unkash,zuljin,1360,warlock,destruction,90,50,40
Mty,bronze-dragonflight,1360,warlock,destruction,29,15,14
Lockedaway,ravencrest,1359,warlock,destruction,42,22,20
Khano,twisting-nether,1357,warlock,destruction,33,18,15
Кискатёмная,blackscar,1356,warlock,destruction,48,25,23
Islazoldyck,draenor,1356,warlock,destruction,78,33,45
Demoz,sanguino,1354,warlock,destruction,70,40,30
Voltadol,dun-modr,1353,warlock,destruction,126,65,61
Cardinall,drakthul,1351,warlock,destruction,42,23,19
Lokibra,antonidas,1351,warlock,destruction,66,34,32
Boltexpert,twisting-nether,1351,warlock,destruction,30,15,15
Juanwick,grim-batol,1350,warlock,destruction,19,15,4
Mîjagî,blackhand,1349,warlock,destruction,60,36,24
Hell,twisting-nether,1347,warlock,destruction,54,22,32
Nerokin,blackrock,1344,warlock,destruction,60,41,19
Plocke,aegwynn,1344,warlock,destruction,24,14,10
Potatowl,ragnaros,1344,warlock,destruction,24,14,10
Maxiabe,hyjal,1344,warlock,destruction,54,27,27
Dotloca,draenor,1344,warlock,destruction,30,15,15
Freshademic,tarren-mill,1343,warlock,destruction,18,14,4
Anthraxus,argent-dawn,1343,warlock,destruction,24,14,10
Divvaa,tarren-mill,1343,warlock,destruction,89,44,45
Setyouinfear,ravencrest,1343,warlock,destruction,30,14,16
Jamb,bloodfeather,1342,warlock,destruction,18,14,4
Ghastlyy,aggra-português,1342,warlock,destruction,18,14,4
Badapow,stormscale,1342,warlock,destruction,24,14,10
Nanotrik,draenor,1342,warlock,destruction,24,14,10
Cigänä,archimonde,1342,warlock,destruction,24,14,10
Törtidotcom,blackrock,1342,warlock,destruction,36,15,21
Haltros,stormscale,1341,warlock,destruction,24,14,10
Gravemxney,tarren-mill,1341,warlock,destruction,24,14,10
Mompets,stormscale,1341,warlock,destruction,36,14,22
Fearu,kazzak,1340,warlock,destruction,18,14,4
Koonlock,kazzak,1340,warlock,destruction,37,17,20
Palihatschi,eredar,1340,warlock,destruction,36,14,22
Dimmybyrger,stormreaver,1339,warlock,destruction,30,14,16
Ryurans,cthun,1338,warlock,destruction,98,49,49
Кварий,howling-fjord,1337,warlock,destruction,36,14,22
Øpaco,khazgoroth,1335,warlock,destruction,36,15,21
Scrim,laughing-skull,1334,warlock,destruction,32,21,11
Póssiblyreef,silvermoon,1334,warlock,destruction,24,14,10
Rúbedo,thrall,1334,warlock,destruction,24,14,10
Talindra,stormscale,1334,warlock,destruction,44,25,19
Hydrôlîc,blackrock,1334,warlock,destruction,30,14,16
Anomen,sanguino,1334,warlock,destruction,30,14,16
Boglock,argent-dawn,1333,warlock,destruction,24,14,10
Corbiejr,tarren-mill,1331,warlock,destruction,80,51,29
Uralya,kazzak,1331,warlock,destruction,24,14,10
Adoy,tarren-mill,1330,warlock,destruction,36,20,16
Perius,zuluhed,1330,warlock,destruction,30,14,16
Chroll,nerathor,1329,warlock,destruction,34,23,11
Ínsidióus,tarren-mill,1329,warlock,destruction,24,14,10
Dieger,thunderhorn,1328,warlock,destruction,24,14,10
Äsmødée,dalaran,1328,warlock,destruction,54,31,23
Nàughty,ragnaros,1328,warlock,destruction,67,28,39
Benzakenta,sylvanas,1327,warlock,destruction,24,14,10
Kaamosliha,frostwhisper,1326,warlock,destruction,37,20,17
Микурочка,gordunni,1323,warlock,destruction,59,25,34
Эннинотбэд,howling-fjord,1322,warlock,destruction,29,14,15
Mempricious,ravencrest,1318,warlock,destruction,30,14,16
Soulgünter,blackmoore,1317,warlock,destruction,34,23,11
Exitumos,eredar,1316,warlock,destruction,24,14,10
Mohawkyz,chamber-of-aspects,1316,warlock,destruction,32,17,15
Tuz,blackrock,1316,warlock,destruction,90,40,50
Plööp,malganis,1315,warlock,destruction,92,47,45
Ghostfiend,tarren-mill,1313,warlock,destruction,21,15,6
Dìablò,sylvanas,1312,warlock,destruction,60,35,25
Chram,uldum,1311,warlock,destruction,53,33,20
Гулдарий,howling-fjord,1310,warlock,destruction,95,53,42
Starlok,nemesis,1309,warlock,destruction,23,14,9
Somanydots,twisting-nether,1309,warlock,destruction,90,44,46
Rotinhell,kazzak,1309,warlock,destruction,123,57,66
Altffeer,blackmoore,1307,warlock,destruction,30,14,16
Блэкмайндер,howling-fjord,1306,warlock,destruction,38,23,15
Sinsemilla,turalyon,1305,warlock,destruction,47,24,23
Shadeshanox,blackmoore,1302,warlock,destruction,36,23,13
Lokajci,outland,1302,warlock,destruction,37,22,15
Covariance,nemesis,1302,warlock,destruction,36,14,22
Janemba,ysondre,1300,warlock,destruction,30,14,16
Fêars,blackrock,1299,warlock,destruction,62,34,28
Lodem,darksorrow,1298,warlock,destruction,36,15,21
Noctiz,pozzo-delleternità,1297,warlock,destruction,55,25,30
Kïrah,ysondre,1296,warlock,destruction,50,18,32
Dexterr,sylvanas,1295,warlock,destruction,110,55,55
Arnoediad,twisting-nether,1291,warlock,destruction,39,18,21
Skruios,anetheron,1290,warlock,destruction,34,16,18
Azrail,anubarak,1290,warlock,destruction,66,31,35
Galath,wrathbringer,1289,warlock,destruction,64,32,32
Gillgarres,twisting-nether,1289,warlock,destruction,36,16,20
Sorxez,thrall,1287,warlock,destruction,54,25,29
Zacurse,kazzak,1282,warlock,destruction,42,23,19
Drillingsdad,dun-morogh,1282,warlock,destruction,36,17,19
Warlockgødx,silvermoon,1281,warlock,destruction,42,22,20
Pensiblesie,runetotem,1281,warlock,destruction,384,188,196
Sylrathas,burning-legion,1279,warlock,destruction,75,41,34
Docik,kazzak,1279,warlock,destruction,31,15,16
Southylol,stormscale,1278,warlock,destruction,17,14,3
Nopower,dun-morogh,1277,warlock,destruction,35,20,15
Demohoror,stormscale,1276,warlock,destruction,42,20,22
Easybolt,blackrock,1276,warlock,destruction,32,14,18
Chaotìc,nemesis,1275,warlock,destruction,24,18,6
Ocaya,kazzak,1275,warlock,destruction,30,16,14
Dreamage,exodar,1274,warlock,destruction,54,27,27
Zeelotko,drakthul,1272,warlock,destruction,42,21,21
Делегент,deathguard,1272,warlock,destruction,84,34,50
Shinamna,tarren-mill,1270,warlock,destruction,30,15,15
Oloki,kazzak,1269,warlock,destruction,44,24,20
Запрещаю,galakrond,1269,warlock,destruction,60,28,32
Tsumde,dalaran,1265,warlock,destruction,62,31,31
Чиназис,gordunni,1265,warlock,destruction,102,49,53
Sovrìn,blackrock,1264,warlock,destruction,20,14,6
Vulgrim,kirin-tor,1264,warlock,destruction,51,26,25
Tabarnak,archimonde,1264,warlock,destruction,30,14,16
Jossim,outland,1263,warlock,destruction,66,38,28
Гангстахохо,soulflayer,1263,warlock,destruction,40,16,24
Xoram,kult-der-verdammten,1260,warlock,destruction,24,15,9
Хиёрис,eversong,1260,warlock,destruction,51,29,22
Symbiosis,kazzak,1260,warlock,destruction,102,50,52
Julsey,kazzak,1259,warlock,destruction,17,14,3
Карьерщица,booty-bay,1259,warlock,destruction,73,38,35
Üserper,chamber-of-aspects,1259,warlock,destruction,143,64,79
Zuyox,silvermoon,1256,warlock,destruction,53,22,31
Blackjackk,tarren-mill,1256,warlock,destruction,72,27,45
Вешка,azuregos,1254,warlock,destruction,21,14,7
Maveri,tarren-mill,1254,warlock,destruction,33,16,17
Untactful,tarren-mill,1253,warlock,destruction,53,31,22
Jobbymancer,twisting-nether,1252,warlock,destruction,42,25,17
Askanios,twisting-nether,1252,warlock,destruction,61,34,27
Terris,khaz-modan,1249,warlock,destruction,75,36,39
Mudwalkin,ravencrest,1248,warlock,destruction,24,13,11
Calypso,korgall,1248,warlock,destruction,24,13,11
Øßey,magtheridon,1247,warlock,destruction,18,13,5
Latia,argent-dawn,1247,warlock,destruction,22,14,8
Dotg,blackrock,1247,warlock,destruction,24,13,11
Nyiks,blackhand,1247,warlock,destruction,24,13,11
Dobromír,kazzak,1247,warlock,destruction,24,13,11
Patirass,sanguino,1247,warlock,destruction,30,16,14
Kresyda,dun-modr,1247,warlock,destruction,30,13,17
Redshíne,hyjal,1246,warlock,destruction,18,13,5
Kavalierr,stormscale,1246,warlock,destruction,20,13,7
Osyx,ravencrest,1246,warlock,destruction,28,15,13
Hardnes,kazzak,1246,warlock,destruction,30,13,17
Lifetapped,tarren-mill,1246,warlock,destruction,30,13,17
Boltgodx,thrall,1245,warlock,destruction,24,13,11
Zuldanius,stormscale,1245,warlock,destruction,24,13,11
Withered,nagrand,1244,warlock,destruction,18,13,5
Krachol,emeriss,1244,warlock,destruction,24,13,11
Hannahowo,garona,1243,warlock,destruction,24,13,11
Asmodaî,anubarak,1243,warlock,destruction,32,17,15
Oxsen,hyjal,1243,warlock,destruction,42,20,22
Entropyboost,stormscale,1243,warlock,destruction,30,13,17
Bruzzlbube,blackhand,1242,warlock,destruction,24,13,11
Cajnik,sylvanas,1242,warlock,destruction,24,13,11
Filianore,azjolnerub,1242,warlock,destruction,61,28,33
Salouppio,archimonde,1242,warlock,destruction,30,13,17
Wlistoohard,stormscale,1242,warlock,destruction,30,13,17
Berkobaggins,ravencrest,1242,warlock,destruction,30,13,17
Cursecannon,outland,1241,warlock,destruction,18,13,5
Pyroplasmic,tarren-mill,1241,warlock,destruction,65,40,25
Drfóx,draenor,1240,warlock,destruction,41,16,25
Ragequit,xavius,1238,warlock,destruction,24,13,11
Unstablemind,nemesis,1238,warlock,destruction,27,14,13
Кулутха,soulflayer,1237,warlock,destruction,19,13,6
Sololock,ravencrest,1237,warlock,destruction,24,13,11
Локкрис,blackscar,1237,warlock,destruction,74,38,36
Verixdots,antonidas,1235,warlock,destruction,24,13,11
Siyruz,eredar,1234,warlock,destruction,24,13,11
Apôpis,archimonde,1233,warlock,destruction,30,17,13
Zhoxx,outland,1233,warlock,destruction,30,13,17
Wurdulock,silvermoon,1231,warlock,destruction,24,13,11
Инсип,blackscar,1230,warlock,destruction,24,14,10
Левсекси,eversong,1230,warlock,destruction,27,14,13
Keibo,drakthul,1228,warlock,destruction,30,13,17
Rottend,aggra-português,1228,warlock,destruction,81,35,46
Wolferand,argent-dawn,1228,warlock,destruction,42,17,25
Dededimons,stormscale,1222,warlock,destruction,50,24,26
Eotlid,shattered-hand,1221,warlock,destruction,24,13,11
Гулдас,thermaplugg,1221,warlock,destruction,42,21,21
Chickoz,eredar,1219,warlock,destruction,103,54,49
Rizzbolt,ravencrest,1219,warlock,destruction,87,42,45
Babayagâ,sanguino,1218,warlock,destruction,24,14,10
Stunspectoo,turalyon,1217,warlock,destruction,24,17,7
Shutdown,sylvanas,1217,warlock,destruction,36,22,14
Westfaliu,blackhand,1217,warlock,destruction,66,24,42
Borrìs,blackhand,1216,warlock,destruction,160,83,77
Oldemoilépti,hyjal,1216,warlock,destruction,30,14,16
Арцах,soulflayer,1215,warlock,destruction,30,13,17
Эктос,soulflayer,1213,warlock,destruction,18,13,5
Artyrus,burning-legion,1212,warlock,destruction,96,49,47
Guntok,tarren-mill,1211,warlock,destruction,37,22,15
Senaida,sylvanas,1211,warlock,destruction,59,34,25
Necrolock,tarren-mill,1208,warlock,destruction,35,16,19
Oxypvp,ravencrest,1207,warlock,destruction,51,19,32
Fredysimo,silvermoon,1206,warlock,destruction,18,13,5
Sargal,sylvanas,1206,warlock,destruction,30,13,17
Felbunni,silvermoon,1206,warlock,destruction,57,24,33
Lokko,nemesis,1205,warlock,destruction,42,23,19
Thorenss,medivh,1205,warlock,destruction,66,31,35
Xhartus,argent-dawn,1205,warlock,destruction,30,13,17
Niszoght,dun-modr,1203,warlock,destruction,53,36,17
Valkiá,earthen-ring,1203,warlock,destruction,42,20,22
Ayóó,doomhammer,1202,warlock,destruction,107,58,49
Pekkoperkele,ravenholdt,1202,warlock,destruction,66,29,37
Aurelíá,ravencrest,1201,warlock,destruction,29,13,16
Demirchayan,twisting-nether,1199,warlock,destruction,42,25,17
Hyphonos,blackmoore,1199,warlock,destruction,26,14,12
Bløødwins,burning-legion,1198,warlock,destruction,17,13,4
Fathernurgle,hellfire,1196,warlock,destruction,73,41,32
Zenondoros,arthas,1195,warlock,destruction,21,13,8
Diseased,darksorrow,1195,warlock,destruction,84,50,34
Mavelya,blackmoore,1192,warlock,destruction,36,13,23
Emoriy,blackmoore,1190,warlock,destruction,64,34,30
Ädarä,cthun,1188,warlock,destruction,24,13,11
Neffy,sinstralis,1188,warlock,destruction,76,31,45
Neetlock,suramar,1185,warlock,destruction,30,14,16
Присесть,razuvious,1180,warlock,destruction,27,15,12
Dôtski,kazzak,1179,warlock,destruction,24,14,10
Nicolino,doomhammer,1179,warlock,destruction,42,23,19
Kääk,sylvanas,1178,warlock,destruction,60,29,31
Kaeos,ravencrest,1176,warlock,destruction,24,15,9
Lovrog,twisting-nether,1169,warlock,destruction,21,13,8
Lockteb,tarren-mill,1167,warlock,destruction,23,13,10
Zzombie,sylvanas,1167,warlock,destruction,26,13,13
Hejhana,drakthul,1165,warlock,destruction,54,19,35
Saereda,kazzak,1160,warlock,destruction,42,20,22
Kritcheq,alakir,1156,warlock,destruction,92,45,47
Modzal,kazzak,1155,warlock,destruction,24,13,11
Lzoo,ravencrest,1152,warlock,destruction,12,12,0
Fearbeachx,ravencrest,1152,warlock,destruction,18,12,6
Noskillfox,outland,1152,warlock,destruction,18,12,6
Rmpfarmer,kazzak,1152,warlock,destruction,18,12,6
Dotjürgen,blackrock,1152,warlock,destruction,18,12,6
Простишуткаь,gordunni,1152,warlock,destruction,18,12,6
Hulagirl,ravencrest,1152,warlock,destruction,18,12,6
Teiser,nemesis,1152,warlock,destruction,24,12,12
Ekàti,ravencrest,1152,warlock,destruction,24,12,12
Purplemafia,burning-blade,1152,warlock,destruction,24,12,12
Ánderx,dun-modr,1152,warlock,destruction,24,12,12
Консидёро,gordunni,1152,warlock,destruction,30,12,18
Cloud,kazzak,1151,warlock,destruction,18,12,6
Leman,sylvanas,1151,warlock,destruction,18,12,6
Элси,howling-fjord,1151,warlock,destruction,18,12,6
Jkz,blackrock,1151,warlock,destruction,21,13,8
Wìtçhßlåðes,ysondre,1151,warlock,destruction,24,12,12
Valthorion,arthas,1151,warlock,destruction,30,12,18
Estefanía,tarren-mill,1150,warlock,destruction,18,12,6
Kikaikek,stormscale,1150,warlock,destruction,18,12,6
Zenii,nemesis,1150,warlock,destruction,18,12,6
Shazem,tarren-mill,1150,warlock,destruction,18,12,6
Hexdoctor,ravencrest,1150,warlock,destruction,30,12,18
Scadar,kazzak,1149,warlock,destruction,18,12,6
Gravedîgger,aggra-português,1149,warlock,destruction,24,12,12
Mignetto,nemesis,1148,warlock,destruction,18,12,6
Maikus,stormscale,1148,warlock,destruction,18,12,6
Cozyboi,thrall,1148,warlock,destruction,153,78,75
Aljohno,twisting-nether,1148,warlock,destruction,24,12,12
Boyyano,tarren-mill,1148,warlock,destruction,24,12,12
Sædotern,stormscale,1147,warlock,destruction,24,12,12
Favorizlmp,archimonde,1146,warlock,destruction,24,12,12
Cørpse,burning-legion,1145,warlock,destruction,18,12,6
Zerøskil,blackrock,1145,warlock,destruction,18,12,6
Sippe,laughing-skull,1145,warlock,destruction,24,12,12
Azaêl,azshara,1145,warlock,destruction,30,12,18
Puujäbäxd,stormscale,1145,warlock,destruction,30,12,18
Merdots,shattered-hand,1144,warlock,destruction,18,12,6
Merdot8FE8B6,outland,1144,warlock,destruction,18,12,6
Jinxzed,frostwhisper,1143,warlock,destruction,18,12,6
Zombpunk,sanguino,1143,warlock,destruction,21,13,8
Smileyfacè,silvermoon,1143,warlock,destruction,36,12,24
Зажиженный,soulflayer,1142,warlock,destruction,21,12,9
Hipiwl,silvermoon,1142,warlock,destruction,24,12,12
Banelock,dentarg,1142,warlock,destruction,30,12,18
Хубаскис,soulflayer,1141,warlock,destruction,24,12,12
Lobotomic,argent-dawn,1140,warlock,destruction,18,12,6
Parley,frostmane,1138,warlock,destruction,30,12,18
Скул,soulflayer,1137,warlock,destruction,30,12,18
Kamehamehaa,stormscale,1136,warlock,destruction,18,12,6
Féar,doomhammer,1136,warlock,destruction,24,12,12
Pcbbwarlock,sylvanas,1136,warlock,destruction,30,12,18
Rampelnicka,burning-blade,1135,warlock,destruction,24,12,12
Talriun,kazzak,1130,warlock,destruction,32,12,20
Toffifae,argent-dawn,1129,warlock,destruction,18,12,6
Fivestars,tarren-mill,1128,warlock,destruction,28,13,15
Mîtskî,argent-dawn,1125,warlock,destruction,30,14,16
Riitaall,khaz-modan,1125,warlock,destruction,49,18,31
Bowti,ravencrest,1122,warlock,destruction,18,12,6
Marann,dun-morogh,1122,warlock,destruction,38,25,13
Darkà,rexxar,1121,warlock,destruction,24,13,11
Uelimueli,onyxia,1120,warlock,destruction,29,12,17
Insanely,kazzak,1119,warlock,destruction,75,40,35
Shagrab,nemesis,1119,warlock,destruction,33,17,16
Paranoid,sylvanas,1119,warlock,destruction,24,12,12
Fiddlock,draenor,1117,warlock,destruction,22,13,9
Lánfeár,draenor,1114,warlock,destruction,29,12,17
Yhwäch,archimonde,1114,warlock,destruction,30,12,18
Íntikam,blackrock,1113,warlock,destruction,24,12,12
Troyana,chants-éternels,1107,warlock,destruction,50,32,18
Shadowbolt,outland,1104,warlock,destruction,27,12,15
Règis,antonidas,1102,warlock,destruction,21,13,8
Maxxilla,twisting-nether,1102,warlock,destruction,143,66,77
Nagassh,arathor,1101,warlock,destruction,17,12,5
Fromfuneral,anetheron,1093,warlock,destruction,107,60,47
Razek,eredar,1086,warlock,destruction,23,12,11
Buserella,eredar,1085,warlock,destruction,30,12,18
Atruruz,antonidas,1084,warlock,destruction,59,29,30
Vendømlørd,archimonde,1083,warlock,destruction,36,12,24
Бигтедок,gordunni,1079,warlock,destruction,158,80,78
Ruul,sanguino,1079,warlock,destruction,50,20,30
Makaspam,stormscale,1074,warlock,destruction,34,12,22
Jinckslock,anachronos,1072,warlock,destruction,13,12,1
Thicklock,twisting-nether,1071,warlock,destruction,24,12,12
Whitebanshee,turalyon,1069,warlock,destruction,30,18,12
Jimbrown,eredar,1066,warlock,destruction,22,12,10
Batráz,tarren-mill,1059,warlock,destruction,78,31,47
Hexiønløck,archimonde,1056,warlock,destruction,12,11,1
Exephia,laughing-skull,1056,warlock,destruction,12,11,1
Datty,grim-batol,1056,warlock,destruction,12,11,1
Кремация,blackscar,1056,warlock,destruction,18,11,7
Oarz,blackrock,1056,warlock,destruction,18,11,7
Rénna,twisting-nether,1056,warlock,destruction,18,11,7
Незерлок,soulflayer,1056,warlock,destruction,18,11,7
Secretx,kazzak,1056,warlock,destruction,18,11,7
Fjutta,outland,1056,warlock,destruction,18,11,7
Hepheisto,blackmoore,1056,warlock,destruction,19,11,8
Rüjï,sanguino,1056,warlock,destruction,54,19,35
Resterx,blackhand,1055,warlock,destruction,12,11,1
Trooverx,ravencrest,1055,warlock,destruction,12,11,1
Precogbtw,ravencrest,1055,warlock,destruction,18,11,7
Avogein,tarren-mill,1055,warlock,destruction,18,11,7
Razzalock,eredar,1055,warlock,destruction,18,11,7
Raknoxyeyeye,blackrock,1055,warlock,destruction,18,11,7
Dalyvan,blackrock,1055,warlock,destruction,24,11,13
Shena,chogall,1055,warlock,destruction,24,11,13
Kieman,tarren-mill,1055,warlock,destruction,30,11,19
Drarken,sylvanas,1054,warlock,destruction,12,11,1
Naniika,blackmoore,1054,warlock,destruction,36,24,12
Jørdanna,blackrock,1054,warlock,destruction,18,11,7
Denasty,nemesis,1054,warlock,destruction,18,11,7
Анкхзул,howling-fjord,1054,warlock,destruction,18,11,7
Sepulturá,thrall,1054,warlock,destruction,18,11,7
Helvetica,darksorrow,1054,warlock,destruction,24,11,13
Trickslock,kazzak,1053,warlock,destruction,18,11,7
Nàchtt,archimonde,1053,warlock,destruction,18,11,7
Rádiz,blackhand,1053,warlock,destruction,24,11,13
Shadowthrone,ragnaros,1053,warlock,destruction,24,11,13
Vimb,archimonde,1053,warlock,destruction,24,11,13
Boomlock,dun-morogh,1052,warlock,destruction,18,11,7
Бигбрейн,soulflayer,1051,warlock,destruction,18,11,7
Hymirr,arathor,1051,warlock,destruction,25,11,14
Katâra,tarren-mill,1051,warlock,destruction,30,11,19
Peterpaîn,blackmoore,1050,warlock,destruction,22,14,8
Sopingsop,chants-éternels,1050,warlock,destruction,18,11,7
Pestílentía,silvermoon,1050,warlock,destruction,18,11,7
Galardodric,outland,1050,warlock,destruction,18,11,7
Willibolt,blackhand,1050,warlock,destruction,24,11,13
Gâlvâtorix,frostmourne,1050,warlock,destruction,58,26,32
Whine,uldum,1050,warlock,destruction,54,24,30
Setta,argent-dawn,1050,warlock,destruction,30,11,19
Gåylørd,ravencrest,1050,warlock,destruction,30,11,19
Ghostflame,tarren-mill,1049,warlock,destruction,16,12,4
Bangbrös,stormscale,1049,warlock,destruction,18,11,7
Hárdí,tarren-mill,1048,warlock,destruction,12,11,1
Jpjpjp,gorgonnash,1046,warlock,destruction,18,11,7
Yénnéfér,ravencrest,1046,warlock,destruction,33,11,22
Surfot,kazzak,1041,warlock,destruction,30,11,19
Orisess,bronze-dragonflight,1036,warlock,destruction,77,40,37
Demonoulis,bloodhoof,1026,warlock,destruction,18,11,7
Woudstok,ysondre,1026,warlock,destruction,23,12,11
Öyo,outland,1025,warlock,destruction,102,47,55
Nava,stormscale,1024,warlock,destruction,28,12,16
Гринлайм,howling-fjord,1023,warlock,destruction,21,12,9
Schöp,der-rat-von-dalaran,1021,warlock,destruction,28,13,15
Kharzug,alakir,1015,warlock,destruction,27,12,15
Omnigul,grim-batol,1010,warlock,destruction,36,14,22
Vinilio,kazzak,1010,warlock,destruction,44,15,29
Zardøx,khaz-modan,1009,warlock,destruction,18,12,6
Ðæthpäct,dalaran,1007,warlock,destruction,23,11,12
Satyrilian,tarren-mill,1006,warlock,destruction,17,11,6
Jaqqy,blackmoore,1005,warlock,destruction,18,12,6
Lazyblue,hyjal,1004,warlock,destruction,43,12,31
Xshay,dun-modr,1003,warlock,destruction,33,12,21
Babayagaa,drakthul,1002,warlock,destruction,26,11,15
Iltharian,die-todeskrallen,1000,warlock,destruction,17,11,6
Архидрако,gordunni,997,warlock,destruction,36,16,20
Wazze,azuremyst,996,warlock,destruction,17,11,6
Чпокерша,deepholm,994,warlock,destruction,29,11,18
Loveløck,blackrock,991,warlock,destruction,29,11,18
Mayev,garrosh,990,warlock,destruction,17,11,6
Rasputia,thunderhorn,989,warlock,destruction,22,12,10
Yudy,burning-legion,987,warlock,destruction,20,11,9
Lynchéd,argent-dawn,986,warlock,destruction,17,11,6
Beerdurschd,antonidas,985,warlock,destruction,17,11,6
Шайтанарба,blackscar,977,warlock,destruction,42,17,25
Empra,stormscale,976,warlock,destruction,19,11,8
Gango,outland,974,warlock,destruction,19,11,8
Äbsalom,hyjal,973,warlock,destruction,56,30,26
Dubbzy,outland,973,warlock,destruction,26,11,15
Zøhaz,burning-legion,971,warlock,destruction,36,15,21
Sicktir,aerie-peak,964,warlock,destruction,28,11,17
Demox,arathor,962,warlock,destruction,26,11,15
Harefrøken,ravencrest,960,warlock,destruction,12,10,2
Graystache,blackhand,960,warlock,destruction,12,10,2
Isco,ysondre,960,warlock,destruction,12,10,2
Hopéléss,aggra-português,960,warlock,destruction,12,10,2
Potatowl,ravencrest,960,warlock,destruction,12,10,2
Invoke,burning-blade,960,warlock,destruction,12,10,2
Jazggzkxx,twisting-nether,960,warlock,destruction,12,10,2
Kozaras,tarren-mill,960,warlock,destruction,12,10,2
Ñia,ravencrest,960,warlock,destruction,12,10,2
Slomg,sylvanas,960,warlock,destruction,12,10,2
Korialstraz,sylvanas,960,warlock,destruction,12,10,2
Nerfmeplz,archimonde,960,warlock,destruction,12,10,2
Flxzshort,kazzak,960,warlock,destruction,12,10,2
Destrolockz,tarren-mill,960,warlock,destruction,16,11,5
Lìmè,silvermoon,960,warlock,destruction,18,10,8
Chaotick,burning-legion,960,warlock,destruction,18,10,8
Lillemarkus,tarren-mill,960,warlock,destruction,18,10,8
Akumako,stormscale,960,warlock,destruction,18,10,8
Wäisted,ravencrest,960,warlock,destruction,18,10,8
Adoxilock,twisting-nether,960,warlock,destruction,18,10,8
Meepx,nordrassil,960,warlock,destruction,18,10,8
Turdy,sylvanas,960,warlock,destruction,18,10,8
Balding,blackhand,960,warlock,destruction,18,10,8
Mirenli,kazzak,960,warlock,destruction,18,10,8
Trickytée,tarren-mill,960,warlock,destruction,18,10,8
Gödisdëäd,sanguino,960,warlock,destruction,18,10,8
Kyiüû,archimonde,960,warlock,destruction,22,12,10
Flatulenzus,blackrock,960,warlock,destruction,24,10,14
Bailerlock,antonidas,960,warlock,destruction,24,10,14
Boterham,kilrogg,959,warlock,destruction,12,10,2
Cringelord,vashj,959,warlock,destruction,12,10,2
Zízýéró,sylvanas,959,warlock,destruction,12,10,2
Ammilock,aszune,959,warlock,destruction,12,10,2
Lacape,dalaran,959,warlock,destruction,12,10,2
Dotáhoe,twisting-nether,959,warlock,destruction,18,10,8
Kekbólt,twisting-nether,959,warlock,destruction,18,10,8
Shóx,blackmoore,959,warlock,destruction,18,10,8
Alexindorf,silvermoon,959,warlock,destruction,18,10,8
Ayrefik,kazzak,959,warlock,destruction,18,10,8
Adipure,blackrock,959,warlock,destruction,24,10,14
Chaosborn,ravencrest,959,warlock,destruction,24,10,14
Shadaw,kilrogg,958,warlock,destruction,12,10,2
Søulcä,uldum,958,warlock,destruction,12,10,2
Slâyâ,blackrock,958,warlock,destruction,12,10,2
Phît,kilrogg,958,warlock,destruction,18,10,8
Annihilatîon,aegwynn,958,warlock,destruction,18,10,8
Enei,drakthul,958,warlock,destruction,18,10,8
Mootay,drekthar,958,warlock,destruction,18,10,8
Ottu,thrall,958,warlock,destruction,18,10,8
Kenybalajze,the-maelstrom,958,warlock,destruction,18,10,8
Vanmorgoth,nazjatar,958,warlock,destruction,18,10,8
Kwei,nemesis,958,warlock,destruction,18,10,8
Адво,howling-fjord,958,warlock,destruction,18,10,8
Drainurlife,zenedar,958,warlock,destruction,18,10,8
Cryks,blackmoore,958,warlock,destruction,21,11,10
Zorlon,frostmane,957,warlock,destruction,12,10,2
Schmexer,blutkessel,957,warlock,destruction,18,10,8
Baskakov,zuljin,957,warlock,destruction,18,10,8
Baloc,kirin-tor,957,warlock,destruction,18,10,8
Allêgrâ,blackrock,957,warlock,destruction,18,10,8
Zöyarüm,outland,957,warlock,destruction,18,10,8
Kar,haomarush,957,warlock,destruction,24,10,14
Yenex,blackhand,956,warlock,destruction,26,11,15
Лоредо,howling-fjord,956,warlock,destruction,24,10,14
Absurdd,turalyon,955,warlock,destruction,16,11,5
Gigabolt,turalyon,955,warlock,destruction,18,10,8
Гурджес,soulflayer,955,warlock,destruction,18,10,8
Shêrlöck,stormscale,955,warlock,destruction,24,10,14
Thranerm,ravencrest,955,warlock,destruction,24,10,14
Vâgg,blackmoore,955,warlock,destruction,30,10,20
Chlöê,hyjal,954,warlock,destruction,18,10,8
Realshady,kazzak,954,warlock,destruction,18,10,8
Izhi,ragnaros,954,warlock,destruction,21,10,11
Gerart,tarren-mill,953,warlock,destruction,18,10,8
Millhaus,gorgonnash,952,warlock,destruction,18,10,8
Scandalfogel,frostmane,952,warlock,destruction,18,10,8
Arlu,blackrock,952,warlock,destruction,46,23,23
Aftxrlife,arathor,951,warlock,destruction,16,11,5
Arkatraz,blackhand,950,warlock,destruction,18,10,8
Zow,dun-modr,950,warlock,destruction,24,10,14
Drthc,kazzak,949,warlock,destruction,18,10,8
Synnox,blackrock,949,warlock,destruction,24,11,13
Fbomber,ravencrest,948,warlock,destruction,12,10,2
Àtreyù,daggerspine,948,warlock,destruction,46,13,33
Nirây,thrall,945,warlock,destruction,37,10,27
Vraduk,malygos,944,warlock,destruction,20,11,9
Крутизол,fordragon,944,warlock,destruction,25,11,14
Xydar,stormscale,941,warlock,destruction,24,10,14
Artannas,elune,937,warlock,destruction,19,13,6
Äzarel,khaz-modan,933,warlock,destruction,12,10,2
Eisenkiefer,thrall,933,warlock,destruction,71,24,47
Racursed,outland,927,warlock,destruction,16,10,6
Фламмэнх,soulflayer,911,warlock,destruction,23,10,13
Oddchap,magtheridon,910,warlock,destruction,41,16,25
Demowlition,archimonde,908,warlock,destruction,24,10,14
Telaldrah,argent-dawn,906,warlock,destruction,17,10,7
Bèkshà,blackrock,894,warlock,destruction,20,10,10
Buddyparty,blackrock,892,warlock,destruction,14,10,4
Felcollins,sylvanas,892,warlock,destruction,20,10,10
Narkstzhki,kazzak,866,warlock,destruction,20,11,9
Dst,ravencrest,864,warlock,destruction,12,9,3
Веномхх,lich-king,864,warlock,destruction,12,9,3
Tessalizz,aegwynn,864,warlock,destruction,12,9,3
Vamanos,stormscale,864,warlock,destruction,12,9,3
Ahollic,frostwolf,864,warlock,destruction,12,9,3
Peon,blackrock,864,warlock,destruction,12,9,3
Watchmecutt,terenas,864,warlock,destruction,12,9,3
Простшутка,gordunni,864,warlock,destruction,12,9,3
Chàsx,archimonde,864,warlock,destruction,12,9,3
Niiaa,archimonde,864,warlock,destruction,12,9,3
Qwyncess,archimonde,864,warlock,destruction,12,9,3
Lcollector,outland,864,warlock,destruction,12,9,3
Boltmaster,burning-legion,864,warlock,destruction,12,9,3
Trimar,archimonde,864,warlock,destruction,12,9,3
Letmecast,sylvanas,864,warlock,destruction,12,9,3
Reizouka,twisting-nether,864,warlock,destruction,12,9,3
Надсх,soulflayer,864,warlock,destruction,12,9,3
Predlocktwo,twisting-nether,864,warlock,destruction,12,9,3
Elmáestro,aegwynn,864,warlock,destruction,12,9,3
Darkwíngduck,aegwynn,864,warlock,destruction,12,9,3
Aggressivé,twisting-nether,864,warlock,destruction,17,9,8
Gulzot,turalyon,864,warlock,destruction,18,9,9
Joleptem,outland,864,warlock,destruction,18,9,9
Ashh,ravencrest,864,warlock,destruction,18,9,9
Köftemec,blackrock,864,warlock,destruction,18,9,9
Doomwrath,tarren-mill,864,warlock,destruction,18,9,9
Fearfearfear,blackhand,864,warlock,destruction,18,9,9
Stopdaddyplz,ravencrest,864,warlock,destruction,18,9,9
Southylolz,stormscale,864,warlock,destruction,18,9,9
Bionic,eredar,864,warlock,destruction,18,9,9
Darkeds,dun-modr,863,warlock,destruction,12,9,3
Voukserys,tarren-mill,863,warlock,destruction,12,9,3
Mooncrushed,stormscale,863,warlock,destruction,12,9,3
Höglund,twisting-nether,863,warlock,destruction,12,9,3
Elerodril,ysondre,863,warlock,destruction,12,9,3
Elissa,skullcrusher,863,warlock,destruction,12,9,3
Cruckz,nathrezim,863,warlock,destruction,12,9,3
Phicon,silvermoon,863,warlock,destruction,12,9,3
Zelyx,archimonde,863,warlock,destruction,12,9,3
Narzok,kazzak,863,warlock,destruction,12,9,3
Lyconidas,magtheridon,863,warlock,destruction,12,9,3
Bergerac,archimonde,863,warlock,destruction,12,9,3
Kolosh,twisting-nether,863,warlock,destruction,12,9,3
Sneps,azshara,863,warlock,destruction,12,9,3
Pelea,silvermoon,863,warlock,destruction,18,9,9
Dreameater,twilights-hammer,863,warlock,destruction,18,9,9
Burningdemon,kazzak,863,warlock,destruction,18,9,9
Мамкадгара,howling-fjord,863,warlock,destruction,18,9,9
Nobodyknows,outland,863,warlock,destruction,18,9,9
Nazrõth,stormscale,863,warlock,destruction,18,9,9
Andrealphus,outland,863,warlock,destruction,18,9,9
Uezzalock,nemesis,863,warlock,destruction,18,9,9
Stickdüse,eredar,863,warlock,destruction,18,9,9
Getfeared,draenor,863,warlock,destruction,24,9,15
Miltuast,blackrock,862,warlock,destruction,12,9,3
Bíggun,outland,862,warlock,destruction,12,9,3
Krastey,malfurion,862,warlock,destruction,12,9,3
Kirillkaá,blackhand,862,warlock,destruction,12,9,3
Otemlock,sanguino,862,warlock,destruction,18,9,9
Банкапевка,howling-fjord,862,warlock,destruction,18,9,9
Trollgubbe,twilights-hammer,861,warlock,destruction,12,9,3
Zakuri,blackmoore,859,warlock,destruction,18,9,9
Adafbhf,tichondrius,859,warlock,destruction,18,9,9
Soultwist,twisting-nether,858,warlock,destruction,24,9,15
Castingsmth,draenor,855,warlock,destruction,15,11,4
Müdür,burning-legion,854,warlock,destruction,18,9,9
Solomohn,steamwheedle-cartel,853,warlock,destruction,12,9,3
Llilith,bronzebeard,853,warlock,destruction,18,9,9
Kneereap,antonidas,853,warlock,destruction,18,9,9
Рипхард,soulflayer,852,warlock,destruction,21,12,9
Ternisia,draenor,846,warlock,destruction,20,10,10
Tid,burning-legion,830,warlock,destruction,17,9,8
Zengrow,ravencrest,815,warlock,destruction,15,10,5
Indynamo,blackrock,815,warlock,destruction,17,9,8
Shakuroz,frostwolf,815,warlock,destruction,27,10,17
Merloc,magtheridon,801,warlock,destruction,20,10,10
Idleglance,outland,799,warlock,destruction,11,9,2
Slerpmami,ragnaros,799,warlock,destruction,14,10,4
Wuhdun,burning-legion,797,warlock,destruction,23,9,14
Infernion,stormscale,768,warlock,destruction,10,9,1
Nephystø,archimonde,768,warlock,destruction,12,8,4
Dejin,tarren-mill,768,warlock,destruction,12,8,4
Sizexl,silvermoon,768,warlock,destruction,12,8,4
Dmonlock,hyjal,768,warlock,destruction,12,8,4
Trembly,alakir,768,warlock,destruction,12,8,4
Traicklock,eredar,768,warlock,destruction,12,8,4
Cyanur,silvermoon,768,warlock,destruction,12,8,4
Dadylock,silvermoon,768,warlock,destruction,12,8,4
Firecast,kazzak,768,warlock,destruction,12,8,4
Wårlørd,ragnaros,768,warlock,destruction,12,8,4
Nekrofille,outland,768,warlock,destruction,12,8,4
Gambos,kazzak,768,warlock,destruction,12,8,4
Ditàà,archimonde,768,warlock,destruction,12,8,4
Flaming,ravencrest,768,warlock,destruction,12,8,4
Лешабетон,gordunni,768,warlock,destruction,12,8,4
Inagony,twisting-nether,768,warlock,destruction,12,8,4
Psychoduck,stormscale,768,warlock,destruction,12,8,4
Ziigouigouii,archimonde,768,warlock,destruction,12,8,4
Квейдсан,howling-fjord,768,warlock,destruction,12,8,4
Crunel,ragnaros,768,warlock,destruction,12,8,4
Dotbotx,grim-batol,768,warlock,destruction,12,8,4
Thesnakë,ravencrest,768,warlock,destruction,12,8,4
Overbuffed,wildhammer,768,warlock,destruction,12,8,4
Tharaya,ravencrest,768,warlock,destruction,12,8,4
Чернокай,gordunni,768,warlock,destruction,12,8,4
Sniffy,stormreaver,768,warlock,destruction,12,8,4
Boccebelle,pozzo-delleternità,768,warlock,destruction,12,8,4
Nodavé,stormscale,768,warlock,destruction,12,8,4
Aket,kazzak,768,warlock,destruction,12,8,4
Supermaus,blackrock,768,warlock,destruction,12,8,4
Мишастрах,gordunni,768,warlock,destruction,12,8,4
Doublebolt,the-maelstrom,768,warlock,destruction,12,8,4
Detoxa,outland,768,warlock,destruction,12,8,4
Topmidbusta,draenor,768,warlock,destruction,12,8,4
Youngtyrant,blackrock,768,warlock,destruction,12,8,4
Dbwl,kazzak,768,warlock,destruction,12,8,4
Némésiø,archimonde,768,warlock,destruction,12,8,4
Vät,kirin-tor,768,warlock,destruction,12,8,4
Миражлок,gordunni,768,warlock,destruction,12,8,4
Imissbfa,stormscale,768,warlock,destruction,12,8,4
Phobilock,guldan,768,warlock,destruction,12,8,4
Фаердирка,blackscar,768,warlock,destruction,12,8,4
Vezmollo,stormscale,768,warlock,destruction,12,8,4
Mosskok,kazzak,768,warlock,destruction,16,9,7
Вайнпрессх,gordunni,768,warlock,destruction,18,8,10
Xarica,garona,768,warlock,destruction,18,8,10
Odenbest,silvermoon,768,warlock,destruction,18,8,10
Felgød,ravencrest,768,warlock,destruction,18,8,10
Horststenzl,blackrock,768,warlock,destruction,18,8,10
Мегаклещ,soulflayer,768,warlock,destruction,18,8,10
Dirtyjoe,doomhammer,768,warlock,destruction,18,8,10
ßenäfflock,ragnaros,768,warlock,destruction,18,8,10
Melforius,tarren-mill,768,warlock,destruction,18,8,10
Gentoo,xavius,767,warlock,destruction,12,8,4
Palatical,terokkar,767,warlock,destruction,12,8,4
Ромзесхх,howling-fjord,767,warlock,destruction,12,8,4
Яичнаялапша,soulflayer,767,warlock,destruction,12,8,4
Warlockholms,archimonde,767,warlock,destruction,12,8,4
Wushi,aggra-português,767,warlock,destruction,12,8,4
Redroach,doomhammer,767,warlock,destruction,12,8,4
Экспло,ashenvale,767,warlock,destruction,12,8,4
Gimmê,dun-morogh,767,warlock,destruction,12,8,4
Shadowburst,outland,767,warlock,destruction,12,8,4
Nili,dethecus,767,warlock,destruction,12,8,4
Lorelèi,silvermoon,767,warlock,destruction,12,8,4
Chía,thunderhorn,767,warlock,destruction,12,8,4
Goodclass,tarren-mill,767,warlock,destruction,12,8,4
Ragïa,archimonde,767,warlock,destruction,12,8,4
Finlock,kult-der-verdammten,767,warlock,destruction,15,9,6
Cronai,silvermoon,767,warlock,destruction,15,8,7
Kromosonen,ravencrest,767,warlock,destruction,18,8,10
Wichtl,die-ewige-wacht,767,warlock,destruction,18,8,10
Palmangel,draenor,767,warlock,destruction,18,8,10
Chochliko,silvermoon,767,warlock,destruction,18,8,10
Hokmor,blutkessel,767,warlock,destruction,18,8,10
Ebolara,aegwynn,767,warlock,destruction,18,8,10
Rhaelgar,kazzak,767,warlock,destruction,18,8,10
Línkéd,blackmoore,767,warlock,destruction,24,8,16
Donmajor,amanthul,767,warlock,destruction,24,8,16
Келебрах,howling-fjord,766,warlock,destruction,12,8,4
Discordîân,twisting-nether,766,warlock,destruction,12,8,4
Yôi,nemesis,766,warlock,destruction,18,8,10
Backdrip,ragnaros,766,warlock,destruction,18,8,10
Spaså,kazzak,766,warlock,destruction,18,8,10
Jillyãen,hyjal,766,warlock,destruction,18,8,10
Melow,sanguino,766,warlock,destruction,18,8,10
Harrykan,blackrock,765,warlock,destruction,12,8,4
Bravehearrt,burning-legion,765,warlock,destruction,12,8,4
Рисли,deathweaver,765,warlock,destruction,12,8,4
Soldmygranny,kazzak,765,warlock,destruction,15,9,6
Pufulet,sylvanas,765,warlock,destruction,18,8,10
Drestan,twisting-nether,765,warlock,destruction,18,8,10
Дольпико,howling-fjord,764,warlock,destruction,18,8,10
Ezekîél,blackhand,764,warlock,destruction,24,8,16
Luckynòób,ravencrest,764,warlock,destruction,24,8,16
Xfear,blackrock,763,warlock,destruction,12,8,4
Staynecro,malfurion,763,warlock,destruction,18,8,10
Тарналор,gordunni,763,warlock,destruction,18,8,10
Юникна,gordunni,763,warlock,destruction,24,8,16
Bloodyknight,draenor,759,warlock,destruction,12,8,4
Oonz,sylvanas,759,warlock,destruction,24,8,16
Petrosk,sanguino,757,warlock,destruction,18,8,10
Шадофлок,deathweaver,735,warlock,destruction,17,8,9
Shaodul,stormscale,735,warlock,destruction,17,8,9
Xaok,dun-modr,732,warlock,destruction,23,8,15
Salvatoriy,outland,719,warlock,destruction,11,8,3
Кореопсис,azuregos,718,warlock,destruction,11,8,3
Kelek,anachronos,718,warlock,destruction,11,8,3
Mïllâïneeqtx,archimonde,714,warlock,destruction,13,10,3
Ironserious,blackrock,714,warlock,destruction,16,9,7
Warlocklordx,ravencrest,713,warlock,destruction,22,9,13
Amyw,magtheridon,712,warlock,destruction,20,9,11
Джастсак,gordunni,703,warlock,destruction,11,8,3
Rikta,stormscale,703,warlock,destruction,11,8,3
Mogwaï,blackhand,703,warlock,destruction,12,8,4
Bivör,blackmoore,703,warlock,destruction,20,9,11
Kycknosa,archimonde,703,warlock,destruction,20,8,12
Saleus,argent-dawn,701,warlock,destruction,16,8,8
Dotrulez,nemesis,688,warlock,destruction,13,8,5
Lúcìfér,stormscale,672,warlock,destruction,12,7,5
Shiammetrý,kazzak,672,warlock,destruction,12,7,5
Wacastwo,tarren-mill,672,warlock,destruction,12,7,5
Fraky,frostwhisper,672,warlock,destruction,12,7,5
Scud,frostwolf,672,warlock,destruction,12,7,5
Numwiki,draenor,672,warlock,destruction,12,7,5
Smallpee,kazzak,672,warlock,destruction,12,7,5
Sneltjej,draenor,672,warlock,destruction,12,7,5
Kronesx,tarren-mill,672,warlock,destruction,12,7,5
Abdulrahim,archimonde,672,warlock,destruction,12,7,5
Mjuklock,ravencrest,672,warlock,destruction,12,7,5
Матрикспз,soulflayer,672,warlock,destruction,12,7,5
Çüñ,shattered-hand,672,warlock,destruction,12,7,5
Pukemistress,tarren-mill,672,warlock,destruction,12,7,5
Psykøø,shendralar,672,warlock,destruction,12,7,5
Fellord,chants-éternels,672,warlock,destruction,12,7,5
Sötsugen,argent-dawn,672,warlock,destruction,12,7,5
Chapo,alleria,672,warlock,destruction,12,7,5
Filippö,eredar,672,warlock,destruction,12,7,5
Aoeenjoer,tarren-mill,672,warlock,destruction,12,7,5
Vilenia,doomhammer,672,warlock,destruction,12,7,5
Numlockz,jaedenar,672,warlock,destruction,12,7,5
Abuu,ravencrest,672,warlock,destruction,12,7,5
Мэрджис,soulflayer,672,warlock,destruction,12,7,5
Anicetuslol,lightnings-blade,672,warlock,destruction,12,7,5
Kashdrakor,twisting-nether,672,warlock,destruction,12,7,5
Galeriana,twilights-hammer,672,warlock,destruction,12,7,5
Skipperw,blackmoore,672,warlock,destruction,12,7,5
Hellfire,haomarush,672,warlock,destruction,12,7,5
Xjay,malorne,672,warlock,destruction,12,7,5
Midnigthh,sanguino,672,warlock,destruction,12,7,5
Jaleels,kazzak,672,warlock,destruction,12,7,5
Frèija,ravencrest,672,warlock,destruction,12,7,5
Aunsá,archimonde,672,warlock,destruction,12,7,5
Qumbaja,alleria,672,warlock,destruction,12,7,5
Inflicts,frostmane,672,warlock,destruction,12,7,5
Ronniee,moonglade,672,warlock,destruction,12,7,5
Hehexd,steamwheedle-cartel,672,warlock,destruction,12,7,5
Тарои,howling-fjord,672,warlock,destruction,12,7,5
Xoraith,runetotem,672,warlock,destruction,12,7,5
Wspolnax,ravencrest,672,warlock,destruction,12,7,5
Archimitros,blackmoore,672,warlock,destruction,12,7,5
Vixlock,tarren-mill,672,warlock,destruction,15,8,7
Chromagnus,drakthul,672,warlock,destruction,18,7,11
Hædês,antonidas,672,warlock,destruction,18,7,11
Локизло,gordunni,672,warlock,destruction,18,7,11
Britnèyfears,twisting-nether,672,warlock,destruction,18,7,11
Belakh,draenor,672,warlock,destruction,18,7,11
Колмидедди,gordunni,672,warlock,destruction,18,7,11
Milfhaunter,aegwynn,672,warlock,destruction,18,7,11
Mocfernando,ravencrest,672,warlock,destruction,18,7,11
Apokalyps,eldrethalas,672,warlock,destruction,18,7,11
Haccu,ragnaros,672,warlock,destruction,18,7,11
Mewarlock,bronze-dragonflight,672,warlock,destruction,18,7,11
Topmodelx,eredar,672,warlock,destruction,18,7,11
Spikemasterd,doomhammer,672,warlock,destruction,24,7,17
Marripa,sanguino,672,warlock,destruction,24,7,17
Barbyqueue,kazzak,671,warlock,destruction,10,8,2
Baladas,nemesis,671,warlock,destruction,12,7,5
Fandusttwo,drakthul,671,warlock,destruction,12,7,5
Regularbag,ravencrest,671,warlock,destruction,12,7,5
Saadq,draenor,671,warlock,destruction,12,7,5
Postymalony,kazzak,671,warlock,destruction,12,7,5
Trivalis,frostwolf,671,warlock,destruction,12,7,5
Cømps,blackrock,671,warlock,destruction,12,7,5
Fauxshow,ravencrest,671,warlock,destruction,12,7,5
Zillinzy,frostmane,671,warlock,destruction,12,7,5
Zaruman,turalyon,671,warlock,destruction,12,7,5
Mystereo,bloodscalp,671,warlock,destruction,12,7,5
Gyroib,stormscale,671,warlock,destruction,12,7,5
Xlara,argent-dawn,671,warlock,destruction,12,7,5
Proflock,drakthul,671,warlock,destruction,12,7,5
Hampter,blackmoore,671,warlock,destruction,12,7,5
Panicbolt,ravencrest,671,warlock,destruction,12,7,5
Raddock,ysondre,671,warlock,destruction,12,7,5
Hôjâm,twisting-nether,671,warlock,destruction,12,7,5
Afflicted,trollbane,671,warlock,destruction,12,7,5
Boccu,magtheridon,671,warlock,destruction,12,7,5
Ziloc,silvermoon,671,warlock,destruction,18,7,11
Гнумосятина,booty-bay,671,warlock,destruction,18,7,11
Tce,ravencrest,671,warlock,destruction,18,7,11
Cancerdotcom,kazzak,671,warlock,destruction,18,7,11
Margincalled,kazzak,671,warlock,destruction,18,7,11
Kokainas,dun-modr,671,warlock,destruction,18,7,11
Vengidotcom,outland,671,warlock,destruction,18,7,11
Kàiser,sanguino,671,warlock,destruction,23,7,16
Eriken,tarren-mill,671,warlock,destruction,24,7,17
Sîlverdîze,thrall,670,warlock,destruction,12,7,5
Нафлэпил,gordunni,670,warlock,destruction,12,7,5
Qloss,burning-legion,670,warlock,destruction,12,7,5
Зародыш,razuvious,670,warlock,destruction,18,7,11
Sheshii,argent-dawn,669,warlock,destruction,24,7,17
Samigina,argent-dawn,669,warlock,destruction,24,7,17
Mortori,tarren-mill,668,warlock,destruction,12,7,5
Сатаната,deepholm,668,warlock,destruction,12,7,5
Мракодел,deathguard,668,warlock,destruction,18,7,11
Hodille,argent-dawn,668,warlock,destruction,18,7,11
Buzztoon,doomhammer,668,warlock,destruction,24,7,17
Johntrabolta,chogall,667,warlock,destruction,12,7,5
Vladlevad,argent-dawn,667,warlock,destruction,12,7,5
Bësly,khaz-modan,665,warlock,destruction,12,7,5
Avati,sargeras,663,warlock,destruction,18,7,11
Ахпорбес,gordunni,661,warlock,destruction,12,7,5
Destri,blackmoore,660,warlock,destruction,12,7,5
Vinet,burning-legion,657,warlock,destruction,12,7,5
Bowhite,silvermoon,655,warlock,destruction,15,8,7
Kresnyk,kazzak,655,warlock,destruction,17,7,10
Lokelicious,ragnaros,639,warlock,destruction,17,7,10
Brainwashed,the-maelstrom,624,warlock,destruction,21,7,14
Alsseharr,blackhand,623,warlock,destruction,11,7,4
Jamzywarlock,kazzak,623,warlock,destruction,17,7,10
Tydra,die-aldor,618,warlock,destruction,20,8,12
Garimberas,silvermoon,618,warlock,destruction,20,8,12
Érunali,archimonde,607,warlock,destruction,11,7,4
Shadowppl,outland,606,warlock,destruction,20,7,13
Krokator,draenor,605,warlock,destruction,11,7,4
Какойтолок,blackscar,591,warlock,destruction,13,7,6
Esthrella,thrall,584,warlock,destruction,13,7,6
Dotys,sanguino,576,warlock,destruction,6,6,0
Melyagang,hyjal,576,warlock,destruction,6,6,0
Whaii,ravencrest,576,warlock,destruction,6,6,0
Yamadea,stormscale,576,warlock,destruction,6,6,0
Skuvee,archimonde,576,warlock,destruction,6,6,0
Bedep,sanguino,576,warlock,destruction,6,6,0
Xute,ragnaros,576,warlock,destruction,6,6,0
Sulnar,burning-legion,576,warlock,destruction,6,6,0
Popecandy,archimonde,576,warlock,destruction,6,6,0
Happsõr,eredar,576,warlock,destruction,6,6,0
Cafardcancer,archimonde,576,warlock,destruction,6,6,0
Kennyfõx,ysondre,576,warlock,destruction,6,6,0
Solosuperr,ravencrest,576,warlock,destruction,6,6,0
Adellaragg,draenor,576,warlock,destruction,6,6,0
Дуэлистка,soulflayer,576,warlock,destruction,6,6,0
Luwuock,twisting-nether,576,warlock,destruction,6,6,0
Hibachi,twisting-nether,576,warlock,destruction,6,6,0
Zìì,silvermoon,576,warlock,destruction,6,6,0
Greeylock,blackhand,576,warlock,destruction,6,6,0
Kawanoski,kazzak,576,warlock,destruction,6,6,0
Catchlock,tarren-mill,576,warlock,destruction,6,6,0
Toryon,archimonde,576,warlock,destruction,6,6,0
Peacedust,grim-batol,576,warlock,destruction,6,6,0
Ceryss,argent-dawn,576,warlock,destruction,6,6,0
Demonqueens,kazzak,576,warlock,destruction,6,6,0
Sinofbum,stormscale,576,warlock,destruction,6,6,0
Agonymaster,twisting-nether,576,warlock,destruction,6,6,0
Klaier,dun-modr,576,warlock,destruction,9,7,2
Halacska,arathor,576,warlock,destruction,12,6,6
Mosslock,silvermoon,576,warlock,destruction,12,6,6
Ooze,kazzak,576,warlock,destruction,12,6,6
Jasdemonly,stormscale,576,warlock,destruction,12,6,6
Warlockyo,blackrock,576,warlock,destruction,12,6,6
Ezdotggwp,stormscale,576,warlock,destruction,12,6,6
Staudi,eredar,576,warlock,destruction,12,6,6
Депрессыш,gordunni,576,warlock,destruction,12,6,6
Inhúman,kazzak,576,warlock,destruction,12,6,6
Dèv,draenor,576,warlock,destruction,12,6,6
Нежныйафлик,gordunni,576,warlock,destruction,12,6,6
Mortuáry,drakthul,576,warlock,destruction,12,6,6
Sécret,blackmoore,576,warlock,destruction,12,6,6
Kukkojapallo,ravencrest,576,warlock,destruction,12,6,6
Chaudor,archimonde,576,warlock,destruction,12,6,6
Seya,azuremyst,576,warlock,destruction,12,6,6
Herador,draenor,576,warlock,destruction,12,6,6
Slonertw,ragnaros,576,warlock,destruction,12,6,6
Mayden,uldum,576,warlock,destruction,12,6,6
Moardotts,ravencrest,576,warlock,destruction,12,6,6
Cali,ahnqiraj,576,warlock,destruction,12,6,6
Argenus,khazgoroth,576,warlock,destruction,12,6,6
Зюзерг,soulflayer,576,warlock,destruction,12,6,6
Enaio,mannoroth,576,warlock,destruction,12,6,6
Klimsonxd,burning-legion,576,warlock,destruction,12,6,6
Ðiavel,kazzak,576,warlock,destruction,12,6,6
Tøtøf,sargeras,576,warlock,destruction,12,6,6
Felrazer,silvermoon,576,warlock,destruction,12,6,6
Ralyz,archimonde,576,warlock,destruction,12,6,6
Sûdh,sanguino,576,warlock,destruction,12,6,6
Laanik,twisting-nether,576,warlock,destruction,12,6,6
Ilikebolts,blackmoore,576,warlock,destruction,12,6,6
Krebares,draenor,576,warlock,destruction,12,6,6
Chafir,kazzak,576,warlock,destruction,12,6,6
Noobtamer,kazzak,576,warlock,destruction,12,6,6
Ðuß,nemesis,576,warlock,destruction,12,6,6
Issyl,kazzak,576,warlock,destruction,12,6,6
Tropìcal,grim-batol,576,warlock,destruction,12,6,6
Ðåñtåy,ravencrest,576,warlock,destruction,12,6,6
Bountyqt,outland,576,warlock,destruction,12,6,6
Drainforlife,blackrock,576,warlock,destruction,12,6,6
Zartax,kazzak,576,warlock,destruction,12,6,6
Embercurse,ravencrest,576,warlock,destruction,12,6,6
Súícìdèbøy,colinas-pardas,576,warlock,destruction,12,6,6
Forgepower,ghostlands,576,warlock,destruction,12,6,6
Liwerno,dunemaul,576,warlock,destruction,12,6,6
Edgyrpname,argent-dawn,576,warlock,destruction,12,6,6
Chaostrain,sylvanas,576,warlock,destruction,12,6,6
Silenozz,ragnaros,576,warlock,destruction,12,6,6
Koramu,blackrock,576,warlock,destruction,12,6,6
Goosebumps,aggramar,576,warlock,destruction,12,6,6
Hajslaktarn,twisting-nether,576,warlock,destruction,12,6,6
Diabolics,twisting-nether,576,warlock,destruction,12,6,6
Dmnw,antonidas,576,warlock,destruction,12,6,6
Dotacy,kazzak,576,warlock,destruction,12,6,6
Mothor,blackrock,576,warlock,destruction,12,6,6
Jjejo,ragnaros,576,warlock,destruction,12,6,6
Boltyboi,chamber-of-aspects,576,warlock,destruction,12,6,6
Gatewatcher,argent-dawn,576,warlock,destruction,12,6,6
Спанчгэри,soulflayer,576,warlock,destruction,15,7,8
Телкадрейнх,gordunni,576,warlock,destruction,15,7,8
Klasikas,kazzak,576,warlock,destruction,16,7,9
Shreedlock,blackmoore,576,warlock,destruction,18,6,12
Zerx,malganis,576,warlock,destruction,18,6,12
Azmondan,ahnqiraj,576,warlock,destruction,18,6,12
Kriemias,malygos,576,warlock,destruction,18,6,12
Alexcurse,draenor,576,warlock,destruction,18,6,12
Icq,ravencrest,576,warlock,destruction,18,6,12
Tartaros,bronzebeard,576,warlock,destruction,18,6,12
Naitix,argent-dawn,576,warlock,destruction,18,6,12
Шелруа,howling-fjord,575,warlock,destruction,10,7,3
Lisànna,nemesis,575,warlock,destruction,12,6,6
Dottad,silvermoon,575,warlock,destruction,12,6,6
Rhaznor,frostwolf,575,warlock,destruction,12,6,6
Дракшара,soulflayer,575,warlock,destruction,12,6,6
Brarvile,zuljin,575,warlock,destruction,12,6,6
Swagzz,silvermoon,575,warlock,destruction,12,6,6
Zevil,emerald-dream,575,warlock,destruction,12,6,6
Sweetfire,ragnaros,575,warlock,destruction,12,6,6
Warlockzor,auchindoun,575,warlock,destruction,12,6,6
Baalthazar,jaedenar,575,warlock,destruction,12,6,6
Евнухоидизм,gordunni,575,warlock,destruction,18,6,12
Klone,die-todeskrallen,575,warlock,destruction,18,6,12
Ramurox,rexxar,575,warlock,destruction,18,6,12
Nemssy,dun-modr,575,warlock,destruction,18,6,12
Mÿxin,blackhand,575,warlock,destruction,18,6,12
Puiia,draenor,574,warlock,destruction,12,6,6
Ванфирмен,gordunni,574,warlock,destruction,12,6,6
Валак,greymane,574,warlock,destruction,15,7,8
Happysrme,thrall,573,warlock,destruction,30,6,24
Taxalias,draenor,572,warlock,destruction,12,6,6
Sitosa,todeswache,572,warlock,destruction,12,6,6
Олимта,blackscar,558,warlock,destruction,23,6,17
Hasábqtja,ragnaros,543,warlock,destruction,11,6,5
Srbritoboy,burning-legion,540,warlock,destruction,11,6,5
Rozn,ravencrest,527,warlock,destruction,11,6,5
Pouletmicuie,archimonde,527,warlock,destruction,11,6,5
Стафилокок,deepholm,527,warlock,destruction,11,6,5
Tarhatar,tarren-mill,527,warlock,destruction,11,6,5
Yasa,khaz-modan,526,warlock,destruction,23,6,17
Брузир,gordunni,522,warlock,destruction,15,7,8
Тива,lich-king,522,warlock,destruction,21,7,14
Llilithh,draenor,511,warlock,destruction,10,6,4
Baxiaz,kazzak,511,warlock,destruction,11,6,5
Diddia,malganis,511,warlock,destruction,11,6,5
Wanhëda,tarren-mill,511,warlock,destruction,11,6,5
Evilhippie,kazzak,511,warlock,destruction,11,6,5
Noskillclass,stormscale,511,warlock,destruction,14,6,8
Watchlock,burning-legion,488,warlock,destruction,13,6,7
Shoøt,dalaran,480,warlock,destruction,6,5,1
Ампе,blackscar,480,warlock,destruction,6,5,1
Doomdog,hyjal,480,warlock,destruction,6,5,1
Cängrë,dun-modr,480,warlock,destruction,6,5,1
Андаинг,soulflayer,480,warlock,destruction,6,5,1
ßualock,sylvanas,480,warlock,destruction,6,5,1
Aritrosyo,ravencrest,480,warlock,destruction,6,5,1
Altfdrölf,blackhand,480,warlock,destruction,6,5,1
Xtasyslock,archimonde,480,warlock,destruction,6,5,1
Náwwk,blackmoore,480,warlock,destruction,6,5,1
Debex,ravencrest,480,warlock,destruction,6,5,1
Demonmilf,ysondre,480,warlock,destruction,6,5,1
Destrodmitri,blackmoore,480,warlock,destruction,6,5,1
Dogbolt,stormscale,480,warlock,destruction,6,5,1
Benafflock,veknilash,480,warlock,destruction,6,5,1
Хэлласс,blackscar,480,warlock,destruction,6,5,1
Lísbeth,sylvanas,480,warlock,destruction,6,5,1
Châmp,stormscale,480,warlock,destruction,6,5,1
Tarilinwelli,les-sentinelles,480,warlock,destruction,6,5,1
Höfmänn,grim-batol,480,warlock,destruction,6,5,1
Dreggsow,blackmoore,480,warlock,destruction,6,5,1
Jûnkz,ysondre,480,warlock,destruction,6,5,1
Precogdiet,draenor,480,warlock,destruction,6,5,1
Файрусх,soulflayer,480,warlock,destruction,6,5,1
Журанайсбой,blackscar,480,warlock,destruction,6,5,1
Bánánbánd,draenor,480,warlock,destruction,6,5,1
Kaakmasta,der-abyssische-rat,480,warlock,destruction,6,5,1
Wÿvërnn,archimonde,480,warlock,destruction,6,5,1
Djolagourde,archimonde,480,warlock,destruction,6,5,1
Møärdötd,aggra-português,480,warlock,destruction,6,5,1
Xeró,quelthalas,480,warlock,destruction,6,5,1
Failtráin,blackhand,480,warlock,destruction,6,5,1
Mellown,blackrock,480,warlock,destruction,6,5,1
Ashid,chamber-of-aspects,480,warlock,destruction,6,5,1
Verminosiss,stormscale,480,warlock,destruction,6,5,1
Sep,aegwynn,480,warlock,destruction,6,5,1
Vyku,burning-legion,480,warlock,destruction,6,5,1
Zurael,mannoroth,480,warlock,destruction,6,5,1
Lyndi,nerathor,480,warlock,destruction,6,5,1
Sâlty,stormscale,480,warlock,destruction,6,5,1
Sénsemann,madmortem,480,warlock,destruction,6,5,1
Kirtaçh,dun-modr,480,warlock,destruction,6,5,1
Fearpuss,dun-modr,480,warlock,destruction,6,5,1
Buffdemolock,executus,480,warlock,destruction,6,5,1
Lilbolty,outland,480,warlock,destruction,6,5,1
Måracujå,kazzak,480,warlock,destruction,6,5,1
Mazuto,outland,480,warlock,destruction,6,5,1
Garbrandt,tarren-mill,480,warlock,destruction,6,5,1
Веберх,howling-fjord,480,warlock,destruction,6,5,1
Bufflockspls,outland,480,warlock,destruction,6,5,1
Sumstone,kazzak,480,warlock,destruction,6,5,1
Djløckgødx,ravencrest,480,warlock,destruction,6,5,1
Asreaël,uldum,480,warlock,destruction,6,5,1
Hotdogvendor,kazzak,480,warlock,destruction,6,5,1
Avadakèdavra,kazzak,480,warlock,destruction,6,5,1
Lazytown,silvermoon,480,warlock,destruction,6,5,1
Селфдестракт,howling-fjord,480,warlock,destruction,6,5,1
Sgaitxd,ravencrest,480,warlock,destruction,6,5,1
Drexo,drakthul,480,warlock,destruction,6,5,1
Beltazhor,kazzak,480,warlock,destruction,6,5,1
Yzzie,drakthul,480,warlock,destruction,6,5,1
Sgait,ravencrest,480,warlock,destruction,6,5,1
Sizezero,tarren-mill,480,warlock,destruction,6,5,1
Levinbrz,ravencrest,480,warlock,destruction,6,5,1
Gødprotøtýpe,ragnaros,480,warlock,destruction,16,7,9
Sokyra,tarren-mill,480,warlock,destruction,12,5,7
Asper,ragnaros,480,warlock,destruction,12,5,7
Zlok,silvermoon,480,warlock,destruction,12,5,7
Danzil,silvermoon,480,warlock,destruction,12,5,7
Branduir,ragnaros,480,warlock,destruction,12,5,7
Kimwexler,ravencrest,480,warlock,destruction,12,5,7
Quentex,antonidas,480,warlock,destruction,12,5,7
Bricktot,ragnaros,480,warlock,destruction,12,5,7
Fidlesticks,ragnaros,480,warlock,destruction,12,5,7
Smadrekas,ravencrest,480,warlock,destruction,12,5,7
Кайдзуки,howling-fjord,480,warlock,destruction,12,5,7
Claralock,silvermoon,480,warlock,destruction,12,5,7
Pliagaa,drakthul,480,warlock,destruction,12,5,7
Helgorak,ragnaros,480,warlock,destruction,12,5,7
Snoreghast,tarren-mill,480,warlock,destruction,12,5,7
Axapnon,ragnaros,480,warlock,destruction,12,5,7
Yeluna,alleria,480,warlock,destruction,12,5,7
Nefalya,hyjal,480,warlock,destruction,12,5,7
Zerozwolf,tarren-mill,480,warlock,destruction,12,5,7
Cerberus,anetheron,480,warlock,destruction,12,5,7
Tiwtera,draenor,480,warlock,destruction,12,5,7
Pewmlock,antonidas,480,warlock,destruction,12,5,7
Hexdoc,alakir,480,warlock,destruction,12,5,7
Rikudoua,malfurion,480,warlock,destruction,12,5,7
Infïnitýx,silvermoon,480,warlock,destruction,12,5,7
Cursè,stormscale,480,warlock,destruction,12,5,7
Ratnu,ragnaros,480,warlock,destruction,12,5,7
Wormies,doomhammer,480,warlock,destruction,12,5,7
Vitrolizz,twilights-hammer,480,warlock,destruction,12,5,7
Corruptcoil,argent-dawn,480,warlock,destruction,12,5,7
Динодотз,howling-fjord,480,warlock,destruction,12,5,7
Käristäjä,outland,480,warlock,destruction,12,5,7
Bajsibyx,tarren-mill,480,warlock,destruction,12,5,7
Шекигами,gordunni,480,warlock,destruction,12,5,7
Shadowscurse,sylvanas,480,warlock,destruction,12,5,7
Skali,stormrage,480,warlock,destruction,12,5,7
Жижакабра,soulflayer,480,warlock,destruction,12,5,7
Zêngâ,kazzak,480,warlock,destruction,12,5,7
Toutseul,eitrigg,480,warlock,destruction,12,5,7
Voodooskull,kazzak,480,warlock,destruction,12,5,7
Southyx,stormscale,480,warlock,destruction,12,5,7
Стоишьвфире,gordunni,480,warlock,destruction,12,5,7
Icony,blackhand,480,warlock,destruction,12,5,7
Boohyakka,tarren-mill,480,warlock,destruction,12,5,7
Braegnok,ravencrest,480,warlock,destruction,12,5,7
Zeanort,zuljin,480,warlock,destruction,12,5,7
Yokûjin,twisting-nether,480,warlock,destruction,12,5,7
Fluxlight,frostmourne,480,warlock,destruction,12,5,7
Arthesia,archimonde,480,warlock,destruction,12,5,7
Lockned,outland,480,warlock,destruction,18,5,13
Maledictio,blackrock,480,warlock,destruction,18,5,13
Infectius,kazzak,480,warlock,destruction,18,5,13
Sindown,the-maelstrom,480,warlock,destruction,18,5,13
Darkremorsez,alakir,480,warlock,destruction,18,5,13
Fujiitøra,ysondre,479,warlock,destruction,9,5,4
Сенсация,ashenvale,479,warlock,destruction,12,5,7
Sehere,ragnaros,479,warlock,destruction,12,5,7
Heximexi,malganis,479,warlock,destruction,12,5,7
Archélion,silvermoon,479,warlock,destruction,12,5,7
Rumpelelse,blackrock,479,warlock,destruction,12,5,7
Kokonix,defias-brotherhood,479,warlock,destruction,12,5,7
Bope,the-maelstrom,479,warlock,destruction,18,5,13
Intina,dragonblight,479,warlock,destruction,18,5,13
Слававдвх,blackscar,478,warlock,destruction,6,5,1
Лавамес,eversong,478,warlock,destruction,10,6,4
Soulsdeads,sylvanas,478,warlock,destruction,12,5,7
Helikopter,shattered-hand,463,warlock,destruction,12,6,6
Góblér,blackrock,463,warlock,destruction,11,5,6
Снчч,soulflayer,463,warlock,destruction,11,5,6
Silkgates,kazzak,463,warlock,destruction,17,5,12
Favris,antonidas,447,warlock,destruction,11,5,6
Hahahahah,draenor,447,warlock,destruction,11,5,6
Winterx,argent-dawn,447,warlock,destruction,11,5,6
Даркинсоул,soulflayer,432,warlock,destruction,9,6,3
Силксонг,soulflayer,431,warlock,destruction,11,5,6
Chornota,ravencrest,431,warlock,destruction,17,5,12
Cooldowns,ravencrest,424,warlock,destruction,19,7,12
Hønneyjckk,hyjal,415,warlock,destruction,8,5,3
Blâckmagíc,thrall,414,warlock,destruction,10,5,5
Charmine,tarren-mill,400,warlock,destruction,7,5,2
Fearylia,aegwynn,393,warlock,destruction,11,8,3
Warchilly,twisting-nether,384,warlock,destruction,6,4,2
Hirasawa,archimonde,384,warlock,destruction,6,4,2
Hydrochloric,emerald-dream,384,warlock,destruction,6,4,2
Skâald,senjin,384,warlock,destruction,6,4,2
Mikthelock,nemesis,384,warlock,destruction,6,4,2
Gemja,onyxia,384,warlock,destruction,6,4,2
Vae,doomhammer,384,warlock,destruction,6,4,2
Aldiac,aegwynn,384,warlock,destruction,6,4,2
Cadrega,nemesis,384,warlock,destruction,6,4,2
Nhéon,archimonde,384,warlock,destruction,6,4,2
Onyw,onyxia,384,warlock,destruction,6,4,2
Auchaos,argent-dawn,384,warlock,destruction,6,4,2
Avoidsun,kazzak,384,warlock,destruction,6,4,2
Steelock,kazzak,384,warlock,destruction,6,4,2
Egiriefo,twisting-nether,384,warlock,destruction,6,4,2
Flayør,ravencrest,384,warlock,destruction,6,4,2
Kankbae,stormscale,384,warlock,destruction,6,4,2
Nechli,malganis,384,warlock,destruction,6,4,2
Cokkà,dalaran,384,warlock,destruction,6,4,2
Spacecarry,archimonde,384,warlock,destruction,6,4,2
Grixius,argent-dawn,384,warlock,destruction,6,4,2
Nãshor,kazzak,384,warlock,destruction,6,4,2
Azaïdun,khaz-modan,384,warlock,destruction,6,4,2
Voídzero,hyjal,384,warlock,destruction,6,4,2
Notloveless,stormscale,384,warlock,destruction,6,4,2
Ilovethena,hyjal,384,warlock,destruction,6,4,2
Jägerlock,draenor,384,warlock,destruction,6,4,2
Cräwley,ragnaros,384,warlock,destruction,6,4,2
Harrydóttár,draenor,384,warlock,destruction,6,4,2
Raddikal,archimonde,384,warlock,destruction,6,4,2
Монтадон,howling-fjord,384,warlock,destruction,6,4,2
Destroylol,draenor,384,warlock,destruction,6,4,2
Пчелокнижник,howling-fjord,384,warlock,destruction,6,4,2
Pantry,tarren-mill,384,warlock,destruction,6,4,2
Deathmahed,kazzak,384,warlock,destruction,6,4,2
Unfeared,blackhand,384,warlock,destruction,6,4,2
Zéik,archimonde,384,warlock,destruction,6,4,2
Darkwìngduck,ravencrest,384,warlock,destruction,6,4,2
Rayfears,draenor,384,warlock,destruction,6,4,2
Ðênnis,tarren-mill,384,warlock,destruction,6,4,2
Déemón,draenor,384,warlock,destruction,6,4,2
Boltsofdoom,kazzak,384,warlock,destruction,6,4,2
Sunlicht,kazzak,384,warlock,destruction,6,4,2
Darklobos,aggra-português,384,warlock,destruction,6,4,2
Drerlord,tarren-mill,384,warlock,destruction,6,4,2
Ez,frostmane,384,warlock,destruction,6,4,2
Nürgle,stormscale,384,warlock,destruction,6,4,2
Suicidekings,draenor,384,warlock,destruction,6,4,2
Highimhi,kazzak,384,warlock,destruction,6,4,2
Vêzor,twisting-nether,384,warlock,destruction,6,4,2
Uqrlock,twisting-nether,384,warlock,destruction,6,4,2
Scallington,shattered-hand,384,warlock,destruction,6,4,2
Критокнижник,lich-king,384,warlock,destruction,6,4,2
Blyskawicar,silvermoon,384,warlock,destruction,6,4,2
Smithlock,blackrock,384,warlock,destruction,6,4,2
Cursier,blackmoore,384,warlock,destruction,6,4,2
Ahylleslook,antonidas,384,warlock,destruction,6,4,2
Siyaa,eredar,384,warlock,destruction,6,4,2
Disrupted,blackmoore,384,warlock,destruction,6,4,2
Yifu,ravencrest,384,warlock,destruction,6,4,2
Schluépfêr,blackrock,384,warlock,destruction,6,4,2
Xenastro,silvermoon,384,warlock,destruction,6,4,2
Babakrake,alleria,384,warlock,destruction,6,4,2
Azae,outland,384,warlock,destruction,6,4,2
Dotritos,tarren-mill,384,warlock,destruction,6,4,2
Taon,ravencrest,384,warlock,destruction,6,4,2
Døxz,blackrock,384,warlock,destruction,6,4,2
Трудзастафф,gordunni,384,warlock,destruction,6,4,2
Mcdotnálds,thrall,384,warlock,destruction,6,4,2
Gangleader,ravencrest,384,warlock,destruction,6,4,2
Projectlock,draenor,384,warlock,destruction,6,4,2
Воттоваара,azuregos,384,warlock,destruction,6,4,2
Царьдарк,soulflayer,384,warlock,destruction,6,4,2
Drshegs,darkspear,384,warlock,destruction,6,4,2
Äri,blackmoore,384,warlock,destruction,6,4,2
Droguri,darkspear,384,warlock,destruction,6,4,2
Sïlïthuss,ravencrest,384,warlock,destruction,6,4,2
Anyfears,outland,384,warlock,destruction,6,4,2
Kärme,archimonde,384,warlock,destruction,6,4,2
Анрали,soulflayer,384,warlock,destruction,6,4,2
Traickolock,antonidas,384,warlock,destruction,6,4,2
Wizdoom,outland,384,warlock,destruction,6,4,2
Dübêl,gorgonnash,384,warlock,destruction,6,4,2
Zzooxxie,silvermoon,384,warlock,destruction,6,4,2
Nosferatia,kult-der-verdammten,384,warlock,destruction,6,4,2
Hiloqtlock,blackmoore,384,warlock,destruction,6,4,2
Dashirø,drakthul,384,warlock,destruction,6,4,2
Shaarak,blackrock,384,warlock,destruction,6,4,2
Feyreah,blackmoore,384,warlock,destruction,6,4,2
Xskyrov,blackmoore,384,warlock,destruction,6,4,2
Apeliction,eredar,384,warlock,destruction,6,4,2
Zilthon,dragonblight,384,warlock,destruction,6,4,2
Born,ravencrest,384,warlock,destruction,6,4,2
Шархилол,gordunni,384,warlock,destruction,6,4,2
Fearlólz,stormscale,384,warlock,destruction,6,4,2
Rikkai,anubarak,384,warlock,destruction,6,4,2
Iulu,sylvanas,384,warlock,destruction,6,4,2
Purplemonkey,burning-blade,384,warlock,destruction,6,4,2
Rngmåchinêx,ravencrest,384,warlock,destruction,6,4,2
Shreklock,burning-blade,384,warlock,destruction,6,4,2
Nilsa,eredar,384,warlock,destruction,6,4,2
Кичи,gordunni,384,warlock,destruction,6,4,2
Рыжевласочка,eversong,384,warlock,destruction,9,5,4
Mèsmerize,tarren-mill,384,warlock,destruction,9,5,4
Omnípotens,silvermoon,384,warlock,destruction,12,6,6
Kaobolt,archimonde,384,warlock,destruction,12,4,8
Novkan,eredar,384,warlock,destruction,12,4,8
Chäös,outland,384,warlock,destruction,12,4,8
Harrydotterx,alakir,384,warlock,destruction,12,4,8
Nicetime,nefarian,384,warlock,destruction,12,4,8
Händerå,ragnaros,384,warlock,destruction,12,4,8
Ieatfel,archimonde,384,warlock,destruction,12,4,8
Lonestar,sanguino,384,warlock,destruction,12,4,8
Impvader,argent-dawn,384,warlock,destruction,12,4,8
Tekron,blackhand,384,warlock,destruction,12,4,8
Roedin,tarren-mill,384,warlock,destruction,12,4,8
Lilkit,kazzak,384,warlock,destruction,12,4,8
Tentigo,blackmoore,384,warlock,destruction,12,4,8
Бешентумай,goldrinn,384,warlock,destruction,12,4,8
Уфц,grom,384,warlock,destruction,12,4,8
Hòbó,outland,384,warlock,destruction,12,4,8
Мазаффак,gordunni,384,warlock,destruction,12,4,8
Legiozock,draenor,384,warlock,destruction,12,4,8
Oimera,frostwolf,384,warlock,destruction,12,4,8
Cirihexer,area-52,384,warlock,destruction,12,4,8
Vsmna,ragnaros,384,warlock,destruction,12,4,8
Muninnus,archimonde,384,warlock,destruction,12,4,8
Vanskor,argent-dawn,384,warlock,destruction,12,4,8
Thinio,argent-dawn,384,warlock,destruction,12,4,8
Closetlock,the-maelstrom,384,warlock,destruction,12,4,8
Стокыч,soulflayer,384,warlock,destruction,12,4,8
Lucifa,arthas,384,warlock,destruction,12,4,8
Vextalock,drakthul,384,warlock,destruction,12,4,8
Atúm,auchindoun,384,warlock,destruction,12,4,8
Sellinia,culte-de-la-rive-noire,384,warlock,destruction,12,4,8
Yandihimir,silvermoon,384,warlock,destruction,12,4,8
Demoncius,dun-modr,384,warlock,destruction,12,4,8
Лоллиторпеда,gordunni,384,warlock,destruction,12,4,8
Hheavens,ragnaros,384,warlock,destruction,12,4,8
Ksenìa,khaz-modan,384,warlock,destruction,12,4,8
Gacknur,zuljin,384,warlock,destruction,12,4,8
Thigh,burning-legion,384,warlock,destruction,12,4,8
Wajiggity,ravencrest,384,warlock,destruction,12,4,8
Lockpup,draenor,384,warlock,destruction,12,4,8
Nahamma,tarren-mill,384,warlock,destruction,12,4,8
Mustalol,outland,384,warlock,destruction,12,4,8
Darkmaw,drakthul,384,warlock,destruction,12,4,8
Shadowflare,blackmoore,384,warlock,destruction,12,4,8
Bankley,khaz-modan,384,warlock,destruction,12,4,8
Waryald,dun-modr,384,warlock,destruction,12,4,8
Rhss,stormscale,384,warlock,destruction,12,4,8
Tiitz,blackmoore,384,warlock,destruction,12,4,8
Чиззихаос,soulflayer,384,warlock,destruction,12,4,8
Axy,dun-modr,384,warlock,destruction,12,4,8
Мглавечная,soulflayer,384,warlock,destruction,18,4,14
Nazmordith,argent-dawn,384,warlock,destruction,18,4,14
Pederlock,defias-brotherhood,384,warlock,destruction,18,4,14
Hurn,thunderhorn,383,warlock,destruction,6,4,2
Pff,emeriss,383,warlock,destruction,6,4,2
Okulus,quelthalas,383,warlock,destruction,6,4,2
Janneraut,terokkar,383,warlock,destruction,6,4,2
Dotcha,ravencrest,383,warlock,destruction,6,4,2
Angrynoob,silvermoon,383,warlock,destruction,6,4,2
Injecter,stormscale,383,warlock,destruction,6,4,2
Подликерная,howling-fjord,383,warlock,destruction,6,4,2
Boltgodx,blackrock,383,warlock,destruction,12,4,8
Dathos,ragnaros,383,warlock,destruction,12,4,8
Мааверш,soulflayer,383,warlock,destruction,12,4,8
Olympos,draenor,383,warlock,destruction,12,4,8
Lomis,wrathbringer,383,warlock,destruction,12,4,8
Lagoren,draenor,383,warlock,destruction,12,4,8
Pidka,drakthul,382,warlock,destruction,6,4,2
Сатари,blackscar,378,warlock,destruction,20,9,11
Britneyfear,aegwynn,351,warlock,destruction,8,5,3
Рейнджр,eversong,330,warlock,destruction,15,6,9
Lockpz,sylvanas,330,warlock,destruction,18,5,13
Gomezz,dalaran,320,warlock,destruction,10,4,6
Лвнг,gordunni,320,warlock,destruction,10,4,6
Malganas,sylvanas,320,warlock,destruction,16,4,12
Würrzag,kazzak,319,warlock,destruction,5,4,1
Chev,nemesis,319,warlock,destruction,5,4,1
Sapheâ,burning-legion,319,warlock,destruction,5,4,1
Grolder,terokkar,319,warlock,destruction,8,4,4
Líok,eredar,319,warlock,destruction,11,4,7
Bestwarlock,ravencrest,288,warlock,destruction,6,3,3
Kuntdotz,draenor,288,warlock,destruction,6,3,3
Ruinovino,outland,288,warlock,destruction,6,3,3
Ghosthound,stormscale,288,warlock,destruction,6,3,3
Jörd,ravencrest,288,warlock,destruction,6,3,3
Fazol,terokkar,288,warlock,destruction,6,3,3
Hairylock,outland,288,warlock,destruction,6,3,3
Sateerik,draenor,288,warlock,destruction,6,3,3
Lockskalle,tarren-mill,288,warlock,destruction,6,3,3
Zakazal,argent-dawn,288,warlock,destruction,6,3,3
Feardotfive,frostwolf,288,warlock,destruction,6,3,3
Винстролман,blackscar,288,warlock,destruction,6,3,3
Blazed,dentarg,288,warlock,destruction,6,3,3
Maevex,stormscale,288,warlock,destruction,6,3,3
Marakh,stormscale,288,warlock,destruction,6,3,3
Numidia,tarren-mill,288,warlock,destruction,6,3,3
Ascètic,kazzak,288,warlock,destruction,6,3,3
Nightìngale,silvermoon,288,warlock,destruction,6,3,3
Yippz,kazzak,288,warlock,destruction,6,3,3
Nutopia,stormreaver,288,warlock,destruction,6,3,3
Amdownbad,kazzak,288,warlock,destruction,6,3,3
Nargøf,outland,288,warlock,destruction,6,3,3
Гвадривер,howling-fjord,288,warlock,destruction,6,3,3
Fearbót,kazzak,288,warlock,destruction,6,3,3
Shayexen,tarren-mill,288,warlock,destruction,6,3,3
Halaïa,outland,288,warlock,destruction,6,3,3
Lokdok,draenor,288,warlock,destruction,6,3,3
Darkspiros,tarren-mill,288,warlock,destruction,6,3,3
Lamboo,tarren-mill,288,warlock,destruction,6,3,3
Huaian,darksorrow,288,warlock,destruction,6,3,3
Neveah,festung-der-stürme,288,warlock,destruction,6,3,3
Hiroyukí,frostmane,288,warlock,destruction,6,3,3
Zzooxx,silvermoon,288,warlock,destruction,6,3,3
Frankieboi,drakthul,288,warlock,destruction,6,3,3
Hammern,haomarush,288,warlock,destruction,6,3,3
Chedipes,stormscale,288,warlock,destruction,6,3,3
Deamheòlas,ravencrest,288,warlock,destruction,6,3,3
Fearylicious,burning-legion,288,warlock,destruction,6,3,3
Unkid,tarren-mill,288,warlock,destruction,6,3,3
Biancalawson,argent-dawn,288,warlock,destruction,6,3,3
Phántom,frostmane,288,warlock,destruction,6,3,3
Hasselbalch,azshara,288,warlock,destruction,6,3,3
Huaraches,stormscale,288,warlock,destruction,6,3,3
Mightnáré,tarren-mill,288,warlock,destruction,6,3,3
Besthun,drakthul,288,warlock,destruction,6,3,3
Adreal,burning-legion,288,warlock,destruction,6,3,3
Elmîr,blackmoore,288,warlock,destruction,6,3,3
Stankaemayne,blackhand,288,warlock,destruction,6,3,3
Tibzx,stormscale,288,warlock,destruction,6,3,3
Tschiko,blackrock,288,warlock,destruction,6,3,3
Dement,sanguino,288,warlock,destruction,6,3,3
Anniemoon,silvermoon,288,warlock,destruction,6,3,3
Poulebar,ysondre,288,warlock,destruction,6,3,3
Zozano,draenor,288,warlock,destruction,6,3,3
Demónfire,sylvanas,288,warlock,destruction,6,3,3
Флорэтт,gordunni,288,warlock,destruction,6,3,3
Zabani,das-syndikat,288,warlock,destruction,6,3,3
Ремайка,gordunni,288,warlock,destruction,6,3,3
Исусилок,deathguard,288,warlock,destruction,6,3,3
Skizofrenia,zuljin,288,warlock,destruction,6,3,3
Légréy,blackmoore,288,warlock,destruction,6,3,3
Jazggzgirl,blackmoore,288,warlock,destruction,6,3,3
Hazzikosby,ravencrest,288,warlock,destruction,6,3,3
Vladov,ravencrest,288,warlock,destruction,6,3,3
Brudergottes,blackmoore,288,warlock,destruction,6,3,3
Sodadogpìn,nemesis,288,warlock,destruction,6,3,3
Ogrez,nemesis,288,warlock,destruction,6,3,3
Drozhna,kaelthas,288,warlock,destruction,6,3,3
Lockki,blades-edge,288,warlock,destruction,6,3,3
Krøl,nemesis,288,warlock,destruction,6,3,3
Toskanoamani,blackmoore,288,warlock,destruction,6,3,3
Lünatix,archimonde,288,warlock,destruction,6,3,3
Widot,ravencrest,288,warlock,destruction,6,3,3
Aches,sylvanas,288,warlock,destruction,6,3,3
Cálamity,magtheridon,288,warlock,destruction,6,3,3
Misleev,pozzo-delleternità,288,warlock,destruction,6,3,3
Вериберри,gordunni,288,warlock,destruction,6,3,3
Xoregar,nemesis,288,warlock,destruction,6,3,3
Tzimice,hyjal,288,warlock,destruction,6,3,3
Sweetlõck,ravencrest,288,warlock,destruction,6,3,3
Irukandji,chants-éternels,288,warlock,destruction,6,3,3
Boltez,twisting-nether,288,warlock,destruction,6,3,3
Aghmar,ravencrest,288,warlock,destruction,6,3,3
Løvesøsa,ravencrest,288,warlock,destruction,6,3,3
Lubomirek,turalyon,288,warlock,destruction,6,3,3
Fearhealer,blackmoore,288,warlock,destruction,6,3,3
Динодотх,gordunni,288,warlock,destruction,6,3,3
Talt,dalaran,288,warlock,destruction,6,3,3
Saymore,ragnaros,288,warlock,destruction,6,3,3
Palmtri,stormscale,288,warlock,destruction,6,3,3
Truckpunch,defias-brotherhood,288,warlock,destruction,6,3,3
Некусайсасай,galakrond,288,warlock,destruction,6,3,3
Djshyasiañ,perenolde,288,warlock,destruction,6,3,3
Dekawa,ravencrest,288,warlock,destruction,6,3,3
Impsgalore,ravencrest,288,warlock,destruction,6,3,3
Demonologyz,ravencrest,288,warlock,destruction,6,3,3
Brolter,blackhand,288,warlock,destruction,6,3,3
Cpump,twisting-nether,288,warlock,destruction,6,3,3
Falakros,ravencrest,288,warlock,destruction,6,3,3
Epoku,stormscale,288,warlock,destruction,6,3,3
Bluh,twisting-nether,288,warlock,destruction,6,3,3
Dragmetohêll,blackhand,288,warlock,destruction,6,3,3
Soulslugger,twisting-nether,288,warlock,destruction,6,3,3
Dexterlol,blackmoore,288,warlock,destruction,6,3,3
Хеельхейм,gordunni,288,warlock,destruction,6,3,3
Læssêkøñgð,twisting-nether,288,warlock,destruction,6,3,3
Omaleinfluch,antonidas,288,warlock,destruction,6,3,3
Rokudaime,stormscale,288,warlock,destruction,6,3,3
Seldonn,pozzo-delleternità,288,warlock,destruction,6,3,3
Drith,blades-edge,288,warlock,destruction,6,3,3
Taylorg,blackmoore,288,warlock,destruction,6,3,3
Stopfëar,ysondre,288,warlock,destruction,6,3,3
Slem,aerie-peak,288,warlock,destruction,6,3,3
Jiruga,blackrock,288,warlock,destruction,6,3,3
Kírth,blackmoore,288,warlock,destruction,6,3,3
Глотающий,gordunni,288,warlock,destruction,6,3,3
Dmger,twisting-nether,288,warlock,destruction,6,3,3
Nêstêe,archimonde,288,warlock,destruction,6,3,3
Данябандит,soulflayer,288,warlock,destruction,6,3,3
Maquan,blackmoore,288,warlock,destruction,6,3,3
Дядяджонн,gordunni,288,warlock,destruction,6,3,3
Нэрфир,soulflayer,288,warlock,destruction,6,3,3
Ðanilock,dun-modr,288,warlock,destruction,6,3,3
Адомать,lich-king,288,warlock,destruction,12,3,9
Sebi,kirin-tor,288,warlock,destruction,12,3,9
Killerbeez,burning-blade,288,warlock,destruction,12,3,9
Aloxer,sanguino,288,warlock,destruction,12,3,9
Jaír,turalyon,288,warlock,destruction,12,3,9
Skyrender,argent-dawn,288,warlock,destruction,12,3,9
Merelock,eonar,288,warlock,destruction,12,3,9
Quief,silvermoon,288,warlock,destruction,12,3,9
Nathgar,drakthul,288,warlock,destruction,12,3,9
Dotzillâ,blackhand,288,warlock,destruction,12,3,9
Пучкова,azuregos,288,warlock,destruction,12,3,9
Svartalfen,outland,288,warlock,destruction,12,3,9
Shelbys,tyrande,288,warlock,destruction,12,3,9
Voib,silvermoon,288,warlock,destruction,12,3,9
Haedri,kazzak,288,warlock,destruction,12,3,9
Arizyoxot,twisting-nether,288,warlock,destruction,12,3,9
Peggybrown,turalyon,288,warlock,destruction,12,3,9
Tepelkwastje,twisting-nether,288,warlock,destruction,12,3,9
Phéar,deathwing,288,warlock,destruction,12,3,9
Шейп,fordragon,288,warlock,destruction,12,3,9
Leatherfvce,blackmoore,288,warlock,destruction,12,3,9
Swoksáar,blackmoore,288,warlock,destruction,12,3,9
Варикай,gordunni,288,warlock,destruction,12,3,9
Tiffyilock,blackrock,288,warlock,destruction,12,3,9
Ladodida,darkspear,288,warlock,destruction,12,3,9
Werlock,sanguino,288,warlock,destruction,12,3,9
Mitrela,ravencrest,288,warlock,destruction,12,3,9
Yasagoth,chamber-of-aspects,288,warlock,destruction,12,3,9
Jaines,forscherliga,288,warlock,destruction,12,3,9
Киёкка,howling-fjord,288,warlock,destruction,12,3,9
Нагибатель,howling-fjord,288,warlock,destruction,18,3,15
Fewton,eonar,288,warlock,destruction,18,3,15
Грашек,soulflayer,287,warlock,destruction,6,3,3
Wegart,sylvanas,287,warlock,destruction,6,3,3
Ileeo,kazzak,286,warlock,destruction,6,3,3
Lárgo,chamber-of-aspects,271,warlock,destruction,11,3,8
Армдэд,galakrond,255,warlock,destruction,11,3,8
Absúrd,turalyon,240,warlock,destruction,9,3,6
Insertchaos,draenor,239,warlock,destruction,5,3,2
Brushiè,kazzak,239,warlock,destruction,5,3,2
Darthdotz,outland,234,warlock,destruction,7,4,3
Diemilch,blackmoore,234,warlock,destruction,8,4,4
Ðankan,aegwynn,192,warlock,destruction,4,3,1
Vexsir,kazzak,192,warlock,destruction,9,3,6
Vortëxx,tarren-mill,192,warlock,destruction,9,3,6
Semhein,twisting-nether,192,warlock,destruction,6,2,4
Benztruck,blackhand,192,warlock,destruction,6,2,4
Levitibus,argent-dawn,192,warlock,destruction,6,2,4
Merengue,uldum,192,warlock,destruction,6,2,4
Grandulf,ravencrest,192,warlock,destruction,6,2,4
Öhö,blackrock,192,warlock,destruction,6,2,4
Cosec,silvermoon,192,warlock,destruction,6,2,4
Zmataryn,doomhammer,192,warlock,destruction,6,2,4
Cptdotalot,tarren-mill,192,warlock,destruction,6,2,4
Purplehelmet,argent-dawn,192,warlock,destruction,6,2,4
Майдум,soulflayer,192,warlock,destruction,6,2,4
Malfari,zuljin,192,warlock,destruction,6,2,4
Kabowie,twisting-nether,192,warlock,destruction,6,2,4
Prydzor,archimonde,192,warlock,destruction,6,2,4
Fixwarlock,blackmoore,192,warlock,destruction,6,2,4
Whydidudotha,ravencrest,192,warlock,destruction,6,2,4
Уставок,soulflayer,192,warlock,destruction,6,2,4
Voiyane,silvermoon,192,warlock,destruction,6,2,4
Lightswitchz,ravencrest,192,warlock,destruction,6,2,4
Yourdeaath,ravencrest,192,warlock,destruction,6,2,4
Шэдоубёрн,soulflayer,192,warlock,destruction,6,2,4
Wezen,stormscale,192,warlock,destruction,6,2,4
Kedrat,die-aldor,192,warlock,destruction,6,2,4
Kotihoitaja,stormreaver,192,warlock,destruction,6,2,4
Hacknator,aegwynn,192,warlock,destruction,6,2,4
Toshiku,aggra-português,192,warlock,destruction,6,2,4
Kemel,thrall,192,warlock,destruction,6,2,4
Astralvoid,outland,192,warlock,destruction,6,2,4
Guldän,quelthalas,192,warlock,destruction,6,2,4
Kleing,dragonblight,192,warlock,destruction,6,2,4
Waîdo,blackhand,192,warlock,destruction,6,2,4
Tragus,ghostlands,192,warlock,destruction,6,2,4
Zigfipszen,blackmoore,192,warlock,destruction,6,2,4
Aváne,outland,192,warlock,destruction,6,2,4
Ívânguldán,twisting-nether,192,warlock,destruction,6,2,4
Guldãn,silvermoon,192,warlock,destruction,6,2,4
Splojf,the-maelstrom,192,warlock,destruction,6,2,4
Bloodysûgar,blackmoore,192,warlock,destruction,6,2,4
Daeneerys,skullcrusher,192,warlock,destruction,6,2,4
Lokicica,karazhan,192,warlock,destruction,6,2,4
Necradin,defias-brotherhood,192,warlock,destruction,6,2,4
Negoda,defias-brotherhood,192,warlock,destruction,6,2,4
Rojas,trollbane,192,warlock,destruction,6,2,4
Sidius,archimonde,192,warlock,destruction,6,2,4
Nedhriix,drakthul,192,warlock,destruction,6,2,4
Sôshy,thrall,192,warlock,destruction,6,2,4
Warlockxx,ravencrest,192,warlock,destruction,6,2,4
Zkrwl,kazzak,192,warlock,destruction,6,2,4
Костикк,howling-fjord,192,warlock,destruction,6,2,4
Lêxia,shattrath,192,warlock,destruction,6,2,4
Qullnius,kazzak,192,warlock,destruction,6,2,4
Cindela,eredar,192,warlock,destruction,6,2,4
Хоратхе,soulflayer,192,warlock,destruction,6,2,4
Houndread,kazzak,192,warlock,destruction,6,2,4
Dinolock,antonidas,192,warlock,destruction,6,2,4
Saabnoolock,ragnaros,192,warlock,destruction,6,2,4
Bulgyeøng,archimonde,192,warlock,destruction,6,2,4
Smoulville,sanguino,192,warlock,destruction,6,2,4
Ravendoor,grim-batol,192,warlock,destruction,6,2,4
Nazw,ravencrest,192,warlock,destruction,6,2,4
Werkx,archimonde,192,warlock,destruction,6,2,4
Incubith,ravencrest,192,warlock,destruction,6,2,4
Ðaddyy,stormscale,192,warlock,destruction,6,2,4
Locknroll,terokkar,192,warlock,destruction,6,2,4
Nerflocks,aggra-português,192,warlock,destruction,6,2,4
Atomik,drakthul,192,warlock,destruction,6,2,4
Dollmak,hyjal,192,warlock,destruction,6,2,4
Piouturass,hyjal,192,warlock,destruction,6,2,4
Æyna,thrall,192,warlock,destruction,6,2,4
Snoggä,antonidas,192,warlock,destruction,6,2,4
Mákas,draenor,192,warlock,destruction,6,2,4
Jaliyah,outland,192,warlock,destruction,6,2,4
Shuggul,draenor,192,warlock,destruction,6,2,4
Zenaidaa,doomhammer,192,warlock,destruction,6,2,4
Tolgaa,draenor,192,warlock,destruction,6,2,4
Necrofearz,sylvanas,192,warlock,destruction,6,2,4
Sherrÿ,ragnaros,192,warlock,destruction,6,2,4
Elfex,ragnaros,192,warlock,destruction,6,2,4
Локеда,deathguard,192,warlock,destruction,6,2,4
Faustes,alakir,192,warlock,destruction,6,2,4
Ashhlock,silvermoon,192,warlock,destruction,6,2,4
Selur,ragnaros,192,warlock,destruction,6,2,4
Zòóf,stormscale,192,warlock,destruction,6,2,4
Horridum,draenor,192,warlock,destruction,6,2,4
Ght,outland,192,warlock,destruction,6,2,4
Haxs,ravencrest,192,warlock,destruction,6,2,4
Prestige,nemesis,192,warlock,destruction,6,2,4
Belzedan,blackrock,192,warlock,destruction,6,2,4
Kontanthjælp,tarren-mill,192,warlock,destruction,6,2,4
Хашонмвп,gordunni,192,warlock,destruction,6,2,4
Revvolt,tarren-mill,192,warlock,destruction,6,2,4
Darthvder,sylvanas,192,warlock,destruction,6,2,4
Creamcleaner,tarren-mill,192,warlock,destruction,6,2,4
Nâzgrel,tarren-mill,192,warlock,destruction,6,2,4
Laynih,blackrock,192,warlock,destruction,6,2,4
Ralys,draenor,192,warlock,destruction,6,2,4
Kuzimu,aerie-peak,192,warlock,destruction,6,2,4
Somalidog,ravencrest,192,warlock,destruction,6,2,4
Lyleath,ravencrest,192,warlock,destruction,6,2,4
Sinlockz,tarren-mill,192,warlock,destruction,6,2,4
Zagana,neptulon,192,warlock,destruction,6,2,4
Degdeehei,draenor,192,warlock,destruction,6,2,4
Pherlet,sylvanas,192,warlock,destruction,6,2,4
Siìre,ravencrest,192,warlock,destruction,6,2,4
Емс,gordunni,192,warlock,destruction,6,2,4
Thîras,tarren-mill,192,warlock,destruction,7,2,5
Xjms,darksorrow,192,warlock,destruction,9,2,7
Nimwyn,argent-dawn,192,warlock,destruction,12,2,10
Titoss,archimonde,192,warlock,destruction,12,2,10
Punishteens,blackmoore,192,warlock,destruction,12,2,10
Нэйрокризиз,howling-fjord,192,warlock,destruction,12,2,10
Srhal,blackmoore,192,warlock,destruction,12,2,10
Amnésïa,eldrethalas,192,warlock,destruction,12,2,10
Agathaharkne,minahonda,192,warlock,destruction,12,2,10
Mambra,sylvanas,192,warlock,destruction,12,2,10
Fesse,draenor,192,warlock,destruction,12,2,10
Shallän,dun-modr,192,warlock,destruction,12,2,10
Kopfkissen,azshara,192,warlock,destruction,12,2,10
Naginii,sanguino,192,warlock,destruction,12,2,10
Àbraxàs,nemesis,192,warlock,destruction,12,2,10
Zùrghan,elune,191,warlock,destruction,4,3,1
Karjarock,hyjal,191,warlock,destruction,12,2,10
Gaios,skullcrusher,191,warlock,destruction,18,2,16
Joopz,ravencrest,186,warlock,destruction,10,5,5
Grumrah,argent-dawn,180,warlock,destruction,18,7,11
Lockbubs,draenor,175,warlock,destruction,11,2,9
Dony,dun-morogh,159,warlock,destruction,5,2,3
Neg,sylvanas,159,warlock,destruction,5,2,3
Grimlòck,antonidas,159,warlock,destruction,5,2,3
Pewnedmpx,archimonde,159,warlock,destruction,5,2,3
Jiltoks,blackmoore,159,warlock,destruction,5,2,3
Hp,ysondre,159,warlock,destruction,5,2,3
Lemonzx,stormscale,159,warlock,destruction,5,2,3
Smolpussgodx,ragnaros,144,warlock,destruction,3,3,0
Vahk,uldum,138,warlock,destruction,7,3,4
Rb,anachronos,138,warlock,destruction,8,3,5
Wdauwg,nazjatar,138,warlock,destruction,9,3,6
Hhogyoku,dentarg,138,warlock,destruction,10,3,7
Skadz,blackmoore,128,warlock,destruction,4,2,2
Delen,ravencrest,128,warlock,destruction,4,2,2
Belzzebuth,silvermoon,128,warlock,destruction,10,2,8
Перегном,blackscar,127,warlock,destruction,8,2,6
Mqsxw,stormscale,112,warlock,destruction,7,2,5
Mergon,ravencrest,96,warlock,destruction,3,2,1
Mulimarus,die-todeskrallen,96,warlock,destruction,3,2,1
Dannyboi,drakthul,96,warlock,destruction,3,2,1
Maedx,outland,96,warlock,destruction,3,2,1
Áéé,kazzak,96,warlock,destruction,3,2,1
Маверрикк,gordunni,96,warlock,destruction,6,1,5
Krabauf,eredar,96,warlock,destruction,6,1,5
Dalfgan,wildhammer,96,warlock,destruction,6,1,5
Aenygma,jaedenar,96,warlock,destruction,6,1,5
Chaotick,bronze-dragonflight,96,warlock,destruction,6,1,5
Tiig,blackrock,96,warlock,destruction,6,1,5
Trinox,teldrassil,96,warlock,destruction,6,1,5
Hørcrux,ravencrest,96,warlock,destruction,6,1,5
Indifférence,archimonde,96,warlock,destruction,6,1,5
Mursha,auchindoun,96,warlock,destruction,6,1,5
Vîerdotcom,blackrock,96,warlock,destruction,6,1,5
Kærastan,sylvanas,96,warlock,destruction,6,1,5
Нотимба,gordunni,96,warlock,destruction,6,1,5
Reiukh,frostwolf,96,warlock,destruction,6,1,5
Raest,arygos,96,warlock,destruction,6,1,5
Hexahydraten,draenor,96,warlock,destruction,6,1,5
Chaostheory,stormscale,96,warlock,destruction,6,1,5
Maidson,blackrock,96,warlock,destruction,6,1,5
Блэкфлэймх,gordunni,96,warlock,destruction,6,1,5
Bigbabalock,frostwolf,96,warlock,destruction,6,1,5
Lilskunk,draenor,96,warlock,destruction,6,1,5
Furchtnervt,dun-morogh,96,warlock,destruction,6,1,5
Deamions,ravencrest,96,warlock,destruction,6,1,5
Иммолэйтх,gordunni,96,warlock,destruction,6,1,5
Xanth,eldrethalas,96,warlock,destruction,6,1,5
Ackorax,kilrogg,96,warlock,destruction,6,1,5
Lomendro,blackmoore,96,warlock,destruction,6,1,5
Whiskeycola,blackmoore,96,warlock,destruction,6,1,5
Utuklululu,archimonde,96,warlock,destruction,6,1,5
Pichwise,draenor,96,warlock,destruction,6,1,5
Tyranuzz,norgannon,96,warlock,destruction,6,1,5
Язлаякиска,soulflayer,96,warlock,destruction,6,1,5
Seriasa,blackmoore,96,warlock,destruction,6,1,5
Matheus,zenedar,96,warlock,destruction,6,1,5
Meisterhexe,taerar,96,warlock,destruction,6,1,5
Wt,twisting-nether,96,warlock,destruction,6,1,5
Növnöv,madmortem,96,warlock,destruction,6,1,5
Yerslock,twisting-nether,96,warlock,destruction,6,1,5
Darkironhuan,blackrock,96,warlock,destruction,6,1,5
Désolaté,kazzak,96,warlock,destruction,6,1,5
Nulo,aggra-português,96,warlock,destruction,6,1,5
Fuglylock,the-maelstrom,96,warlock,destruction,6,1,5
Elnïa,conseil-des-ombres,96,warlock,destruction,6,1,5
Shompaqzan,kazzak,96,warlock,destruction,6,1,5
Satânius,les-sentinelles,96,warlock,destruction,6,1,5
Empod,ragnaros,96,warlock,destruction,6,1,5
Mattihoh,rexxar,96,warlock,destruction,6,1,5
Fearmighty,kazzak,96,warlock,destruction,6,1,5
Ariyala,alleria,96,warlock,destruction,6,1,5
Löck,kirin-tor,96,warlock,destruction,6,1,5
Snollerboy,antonidas,96,warlock,destruction,6,1,5
Mortvivants,kirin-tor,96,warlock,destruction,6,1,5
Musallat,argent-dawn,96,warlock,destruction,6,1,5
Gutras,ragnaros,96,warlock,destruction,6,1,5
Selok,outland,96,warlock,destruction,6,1,5
Dadcrush,antonidas,96,warlock,destruction,6,1,5
Rigour,silvermoon,96,warlock,destruction,6,1,5
Bytethisx,aggra-português,96,warlock,destruction,6,1,5
Gothgul,sanguino,96,warlock,destruction,6,1,5
Mahishi,ravencrest,96,warlock,destruction,6,1,5
Czteryka,silvermoon,96,warlock,destruction,6,1,5
Ramuhn,antonidas,96,warlock,destruction,6,1,5
Znaj,tarren-mill,96,warlock,destruction,6,1,5
Камнилока,booty-bay,96,warlock,destruction,6,1,5
Dabezdwl,outland,96,warlock,destruction,6,1,5
Thaliä,tarren-mill,96,warlock,destruction,6,1,5
Gulzgan,kazzak,96,warlock,destruction,6,1,5
Neuth,draenor,96,warlock,destruction,6,1,5
Сквиртонитх,howling-fjord,96,warlock,destruction,6,1,5
Walchia,kazzak,96,warlock,destruction,6,1,5
Daemonic,shattered-hand,96,warlock,destruction,6,1,5
Eleriya,argent-dawn,96,warlock,destruction,6,1,5
Azgaroth,kazzak,96,warlock,destruction,6,1,5
Tanatos,tarren-mill,96,warlock,destruction,6,1,5
Redî,kazzak,96,warlock,destruction,6,1,5
Feliciousx,draenor,96,warlock,destruction,6,1,5
Safirae,blackmoore,96,warlock,destruction,7,1,6
Malagate,sylvanas,96,warlock,destruction,12,1,11
Wuahlock,doomhammer,96,warlock,destruction,12,1,11
Alithia,sylvanas,96,warlock,destruction,12,1,11
Gainel,exodar,96,warlock,destruction,12,1,11
Democraft,the-maelstrom,96,warlock,destruction,12,1,11
Keilahkang,aerie-peak,96,warlock,destruction,12,1,11
Grêenbull,eredar,96,warlock,destruction,15,1,14
Драуктар,eversong,79,warlock,destruction,5,1,4
Magosnik,archimonde,79,warlock,destruction,5,1,4
Néca,blackmoore,64,warlock,destruction,4,1,3
Tranas,ragnaros,64,warlock,destruction,4,1,3
Weexi,kazzak,63,warlock,destruction,2,2,0
Malariaa,defias-brotherhood,63,warlock,destruction,2,2,0
Ruvy,twisting-nether,48,warlock,destruction,3,1,2
Coblac,outland,48,warlock,destruction,3,1,2
Colevid,blackmoore,42,warlock,destruction,6,2,4
Stonedup,alonsus,42,warlock,destruction,8,2,6
Anthor,tarren-mill,42,warlock,destruction,8,2,6
Obichamcici,tarren-mill,42,warlock,destruction,8,2,6
Velativ,silvermoon,42,warlock,destruction,10,2,8
Rockstarr,dalaran,42,warlock,destruction,10,2,8
Zuldiá,stormscale,32,warlock,destruction,2,2,0
Chandelierh,kazzak,31,warlock,destruction,2,1,1
Reconnected,drakthul,31,warlock,destruction,2,1,1
Níkâ,aegwynn,16,warlock,destruction,1,1,0
Orkamorfin,silvermoon,16,warlock,destruction,1,1,0
Kemmler,steamwheedle-cartel,16,warlock,destruction,1,1,0
Langneur,ysondre,2225,warlock,affliction,102,56,46
Bualock,sylvanas,2167,warlock,affliction,84,52,32
Tágsy,ravencrest,2130,warlock,affliction,90,47,43
Micol,doomhammer,2091,warlock,affliction,90,44,46
Arukekz,blackmoore,2058,warlock,affliction,84,43,41
Kärme,archimonde,2018,warlock,affliction,281,145,136
Southylolz,stormscale,2015,warlock,affliction,71,36,35
Boogeyboyx,stormscale,2004,warlock,affliction,71,42,29
Hædês,antonidas,2001,warlock,affliction,90,46,44
Nickrosh,terokkar,1989,warlock,affliction,66,39,27
Darksooul,xavius,1987,warlock,affliction,66,41,25
Skrumpis,draenor,1977,warlock,affliction,179,94,85
Kasoy,doomhammer,1969,warlock,affliction,121,69,52
Härèsß,dun-modr,1967,warlock,affliction,84,46,38
Fruits,ysondre,1951,warlock,affliction,65,31,34
Chobitas,ravencrest,1947,warlock,affliction,108,53,55
Kaspersdame,ravencrest,1933,warlock,affliction,150,75,75
Southyx,stormscale,1928,warlock,affliction,77,40,37
Celebí,blackmoore,1925,warlock,affliction,54,33,21
Steckenpferd,blackmoore,1924,warlock,affliction,48,27,21
Qyburn,drekthar,1923,warlock,affliction,66,40,26
Southy,stormscale,1918,warlock,affliction,48,25,23
Rutena,ravencrest,1918,warlock,affliction,72,37,35
Mïta,hyjal,1904,warlock,affliction,48,27,21
Southylol,stormscale,1892,warlock,affliction,66,34,32
Infernion,stormscale,1891,warlock,affliction,51,33,18
Nesme,sylvanas,1890,warlock,affliction,59,28,31
Gezer,tarren-mill,1880,warlock,affliction,98,54,44
Gulzot,turalyon,1866,warlock,affliction,71,37,34
Malddog,turalyon,1864,warlock,affliction,102,62,40
Debz,twisting-nether,1864,warlock,affliction,112,68,44
Plsdîe,twisting-nether,1862,warlock,affliction,65,37,28
Perpetual,eredar,1857,warlock,affliction,42,23,19
Fsandtwo,ravencrest,1848,warlock,affliction,62,33,29
Блудгэнг,blackscar,1847,warlock,affliction,48,21,27
Sad,lightnings-blade,1847,warlock,affliction,76,30,46
Xfz,stormscale,1835,warlock,affliction,102,57,45
Cassen,outland,1833,warlock,affliction,60,31,29
Getfaked,nordrassil,1832,warlock,affliction,54,28,26
Пчелокнижник,howling-fjord,1831,warlock,affliction,42,25,17
Limoges,archimonde,1827,warlock,affliction,62,40,22
Mediumpotato,blackhand,1824,warlock,affliction,48,26,22
Garebigger,blackrock,1821,warlock,affliction,120,55,65
Xvq,twisting-nether,1819,warlock,affliction,106,67,39
Angryfránk,outland,1811,warlock,affliction,161,77,84
Nightìngale,silvermoon,1808,warlock,affliction,92,51,41
Nêverse,archimonde,1805,warlock,affliction,30,19,11
Wldot,ravencrest,1802,warlock,affliction,42,24,18
Monsterz,archimonde,1801,warlock,affliction,88,47,41
Alliyâh,archimonde,1795,warlock,affliction,118,54,64
Bankstair,stormscale,1779,warlock,affliction,105,58,47
Bäle,stormreaver,1749,warlock,affliction,36,24,12
Infïnitýx,silvermoon,1732,warlock,affliction,89,46,43
Zodiiacc,ravencrest,1723,warlock,affliction,66,32,34
Trâshxd,sanguino,1719,warlock,affliction,66,42,24
Baz,anubarak,1717,warlock,affliction,56,24,32
Oldboy,auchindoun,1705,warlock,affliction,30,19,11
Neoe,stormscale,1705,warlock,affliction,84,42,42
Graveflesh,burning-blade,1700,warlock,affliction,191,93,98
Brainsoup,burning-blade,1688,warlock,affliction,54,28,26
Vasileon,stormscale,1687,warlock,affliction,42,27,15
Methroz,burning-legion,1680,warlock,affliction,48,25,23
Fear,auchindoun,1676,warlock,affliction,41,22,19
Mortvivants,kirin-tor,1666,warlock,affliction,36,23,13
Oarz,blackrock,1658,warlock,affliction,54,32,22
Vîmø,antonidas,1658,warlock,affliction,96,53,43
Emreys,argent-dawn,1656,warlock,affliction,139,73,66
Magonyth,tarren-mill,1650,warlock,affliction,29,18,11
Hladankurac,twisting-nether,1648,warlock,affliction,32,19,13
Архкингсдум,galakrond,1648,warlock,affliction,46,19,27
Nekrosd,tarren-mill,1646,warlock,affliction,84,46,38
Локбезног,soulflayer,1639,warlock,affliction,42,27,15
Zeinth,sanguino,1638,warlock,affliction,66,37,29
Dondot,frostmane,1630,warlock,affliction,66,39,27
Prelest,arathor,1620,warlock,affliction,24,17,7
Ржоммба,soulflayer,1618,warlock,affliction,66,38,28
Termss,ravencrest,1616,warlock,affliction,211,109,102
Acentro,stormscale,1615,warlock,affliction,51,32,19
Htaedfo,tarren-mill,1612,warlock,affliction,60,34,26
Сзот,howling-fjord,1612,warlock,affliction,42,22,20
Orsoyopoyo,nemesis,1607,warlock,affliction,30,20,10
Mîná,ravencrest,1607,warlock,affliction,51,30,21
Фламмэнх,soulflayer,1604,warlock,affliction,36,21,15
Ascètic,kazzak,1603,warlock,affliction,60,33,27
Асальвэйд,gordunni,1600,warlock,affliction,58,32,26
Журанайсбой,blackscar,1598,warlock,affliction,30,21,9
Shayexen,tarren-mill,1596,warlock,affliction,47,28,19
Ремайка,gordunni,1593,warlock,affliction,123,62,61
Slf,the-maelstrom,1590,warlock,affliction,46,31,15
Винстролман,blackscar,1585,warlock,affliction,78,53,25
Müdür,burning-legion,1571,warlock,affliction,126,76,50
Ketzu,hyjal,1569,warlock,affliction,112,54,58
Yokûjin,twisting-nether,1569,warlock,affliction,43,18,25
Jlcreverso,eredar,1563,warlock,affliction,28,18,10
Demonkïng,archimonde,1560,warlock,affliction,30,18,12
Trevium,nemesis,1555,warlock,affliction,76,43,33
Lollock,teldrassil,1549,warlock,affliction,24,17,7
Yosiya,draenor,1546,warlock,affliction,69,34,35
Нэрфир,soulflayer,1545,warlock,affliction,36,18,18
Gneticz,aegwynn,1544,warlock,affliction,36,22,14
Rottndot,stormscale,1541,warlock,affliction,60,31,29
Сайденас,gordunni,1536,warlock,affliction,53,24,29
Osyx,ravencrest,1534,warlock,affliction,36,16,20
Magonyth,ravencrest,1533,warlock,affliction,24,16,8
Farzokonan,archimonde,1532,warlock,affliction,64,37,27
Itiswhatitis,ravencrest,1532,warlock,affliction,36,16,20
Vregor,twisting-nether,1527,warlock,affliction,28,17,11
Soezzlock,archimonde,1523,warlock,affliction,129,70,59
Nightsnake,deathwing,1516,warlock,affliction,114,50,64
Dezznut,blackhand,1512,warlock,affliction,53,30,23
Nerfwarriors,stormscale,1505,warlock,affliction,30,21,9
Сентимент,gordunni,1504,warlock,affliction,53,25,28
Olympïe,archimonde,1500,warlock,affliction,42,17,25
Drekkrog,chogall,1490,warlock,affliction,30,16,14
Modernmisery,kazzak,1490,warlock,affliction,156,75,81
Franta,chromaggus,1488,warlock,affliction,35,21,14
Боризыч,gordunni,1487,warlock,affliction,125,67,58
Exorbïtant,blackrock,1477,warlock,affliction,150,76,74
Лысыйлокоть,soulflayer,1475,warlock,affliction,36,18,18
Mty,bronze-dragonflight,1475,warlock,affliction,105,51,54
Belíos,stormscale,1469,warlock,affliction,51,31,20
Arussj,blackrock,1468,warlock,affliction,38,16,22
Spiritawayx,lightbringer,1467,warlock,affliction,24,18,6
Smøkê,tarren-mill,1467,warlock,affliction,232,122,110
Floron,silvermoon,1465,warlock,affliction,67,33,34
Адоха,howling-fjord,1460,warlock,affliction,42,22,20
Kayako,kul-tiras,1458,warlock,affliction,56,21,35
Yôi,nemesis,1457,warlock,affliction,36,19,17
Zèlêph,archimonde,1456,warlock,affliction,36,24,12
Zakuri,blackmoore,1452,warlock,affliction,48,32,16
Titoss,archimonde,1451,warlock,affliction,78,40,38
Potterhotter,outland,1446,warlock,affliction,57,30,27
Zetsubo,drakthul,1444,warlock,affliction,101,54,47
Äsmødée,dalaran,1440,warlock,affliction,157,79,78
Azurma,tarren-mill,1439,warlock,affliction,24,15,9
Dispellthat,burning-legion,1438,warlock,affliction,31,16,15
Hivxherpes,ravencrest,1438,warlock,affliction,109,51,58
Прогнившая,blackscar,1437,warlock,affliction,111,63,48
Wezen,stormscale,1435,warlock,affliction,95,50,45
Ebolara,aegwynn,1427,warlock,affliction,47,23,24
Lánfeár,draenor,1426,warlock,affliction,191,95,96
Нафлэпил,gordunni,1425,warlock,affliction,59,32,27
Zêngâ,kazzak,1422,warlock,affliction,42,23,19
Gaminex,kazzak,1414,warlock,affliction,84,41,43
Dracsu,dun-modr,1413,warlock,affliction,148,75,73
Marklock,drakthul,1412,warlock,affliction,60,37,23
Talt,dalaran,1406,warlock,affliction,56,34,22
Brustlino,nemesis,1405,warlock,affliction,24,15,9
Сартеккс,gordunni,1404,warlock,affliction,48,29,19
Колдунишка,fordragon,1403,warlock,affliction,131,77,54
Axapnon,ragnaros,1403,warlock,affliction,207,100,107
Apokalyps,eldrethalas,1401,warlock,affliction,250,130,120
Шизуи,borean-tundra,1399,warlock,affliction,46,29,17
Primdåhl,ravencrest,1390,warlock,affliction,46,27,19
Dondada,aggra-português,1386,warlock,affliction,49,24,25
Depresive,aggra-português,1380,warlock,affliction,101,54,47
Kavalierr,stormscale,1377,warlock,affliction,70,35,35
Teddyruineur,khaz-modan,1376,warlock,affliction,42,25,17
Pokifanone,tarren-mill,1376,warlock,affliction,29,16,13
Phelola,sylvanas,1374,warlock,affliction,60,31,29
Rottenbooty,argent-dawn,1374,warlock,affliction,30,15,15
Balgo,blackmoore,1372,warlock,affliction,30,17,13
Jegfaller,wildhammer,1371,warlock,affliction,72,39,33
Nate,stormscale,1370,warlock,affliction,52,23,29
Infectius,kazzak,1367,warlock,affliction,61,30,31
Saraconnor,burning-legion,1365,warlock,affliction,42,21,21
Délidumrul,stormscale,1364,warlock,affliction,30,20,10
Разъелвал,blackscar,1364,warlock,affliction,48,28,20
Øprøx,sanguino,1356,warlock,affliction,17,15,2
Nîghtmare,outland,1353,warlock,affliction,35,20,15
Hòbó,outland,1353,warlock,affliction,51,28,23
Киёкка,howling-fjord,1344,warlock,affliction,36,22,14
Whaii,ravencrest,1339,warlock,affliction,24,14,10
Anabolicbaby,draenor,1339,warlock,affliction,27,15,12
Degdeehei,draenor,1339,warlock,affliction,58,30,28
Itsfiftycent,outland,1337,warlock,affliction,66,36,30
Gryme,dalaran,1333,warlock,affliction,72,30,42
Vivek,grim-batol,1328,warlock,affliction,72,28,44
Murua,silvermoon,1327,warlock,affliction,24,14,10
Assuz,eredar,1327,warlock,affliction,36,19,17
Лейссина,eversong,1327,warlock,affliction,89,43,46
Sublînê,blackmoore,1325,warlock,affliction,42,16,26
Grimus,azuremyst,1322,warlock,affliction,30,14,16
Олимта,blackscar,1321,warlock,affliction,40,15,25
Warlokk,tarren-mill,1318,warlock,affliction,90,45,45
Pcbbwarlock,sylvanas,1314,warlock,affliction,163,89,74
Themits,executus,1314,warlock,affliction,34,15,19
Перегном,blackscar,1311,warlock,affliction,60,28,32
Getfeared,stormscale,1308,warlock,affliction,36,14,22
Tarilinwelli,les-sentinelles,1307,warlock,affliction,88,48,40
Deathpoid,draenor,1307,warlock,affliction,45,17,28
Roglash,eredar,1306,warlock,affliction,80,44,36
Sleethy,destromath,1306,warlock,affliction,36,18,18
Nihale,arakarahm,1304,warlock,affliction,64,29,35
Katâra,tarren-mill,1297,warlock,affliction,32,15,17
Bästkusten,kazzak,1294,warlock,affliction,28,16,12
Hatenkou,silvermoon,1293,warlock,affliction,42,22,20
Nesveti,kazzak,1290,warlock,affliction,18,14,4
Solitariøus,arathi,1284,warlock,affliction,30,16,14
Gash,malganis,1279,warlock,affliction,133,65,68
Lokic,draenor,1278,warlock,affliction,36,14,22
Izyguldamn,blackmoore,1276,warlock,affliction,48,16,32
Voost,aegwynn,1275,warlock,affliction,43,15,28
Dannyel,mazrigos,1268,warlock,affliction,93,44,49
Ukicha,burning-blade,1268,warlock,affliction,48,22,26
Kakiamagisa,twisting-nether,1267,warlock,affliction,30,19,11
Diseez,bronzebeard,1262,warlock,affliction,45,24,21
Mooncrásh,blackrock,1261,warlock,affliction,66,32,34
Tiwtera,draenor,1252,warlock,affliction,36,14,22
Vaukras,stormscale,1251,warlock,affliction,50,25,25
Стафилокок,deepholm,1248,warlock,affliction,36,19,17
Рашчер,gordunni,1247,warlock,affliction,30,13,17
Yamadea,stormscale,1246,warlock,affliction,24,13,11
Mayline,kult-der-verdammten,1245,warlock,affliction,24,14,10
Shannzo,stormscale,1245,warlock,affliction,24,13,11
Крэдоу,soulflayer,1239,warlock,affliction,24,13,11
Fearing,malganis,1239,warlock,affliction,30,13,17
Sïeur,archimonde,1238,warlock,affliction,24,13,11
Kerthan,malorne,1237,warlock,affliction,68,31,37
Actelia,the-venture-co,1237,warlock,affliction,38,15,23
Yowifeinmedm,draenor,1234,warlock,affliction,36,13,23
Ketem,zuljin,1232,warlock,affliction,66,33,33
Hiimsûso,dun-modr,1231,warlock,affliction,29,16,13
Датри,grom,1230,warlock,affliction,30,15,15
Shakuroz,frostwolf,1229,warlock,affliction,28,14,14
Soffie,blackrock,1229,warlock,affliction,30,13,17
Dotieks,draenor,1228,warlock,affliction,114,58,56
Soultire,ravencrest,1227,warlock,affliction,66,29,37
Лютыйглад,blackscar,1226,warlock,affliction,31,16,15
Nexyra,silvermoon,1222,warlock,affliction,177,87,90
Томрэдл,howling-fjord,1221,warlock,affliction,192,98,94
Swagzz,silvermoon,1215,warlock,affliction,54,31,23
Локистраик,borean-tundra,1214,warlock,affliction,47,19,28
Dropxpvp,blackrock,1212,warlock,affliction,30,13,17
Scaevóla,ravencrest,1208,warlock,affliction,24,14,10
Tsumde,dalaran,1208,warlock,affliction,30,13,17
Xerxia,blackrock,1205,warlock,affliction,42,25,17
Etsanctum,blackmoore,1204,warlock,affliction,42,14,28
Draklack,turalyon,1202,warlock,affliction,66,34,32
Âkâl,ravencrest,1194,warlock,affliction,23,13,10
Kyiüû,archimonde,1194,warlock,affliction,27,14,13
Qena,outland,1194,warlock,affliction,42,18,24
Malagate,sylvanas,1190,warlock,affliction,48,20,28
Sunetta,silvermoon,1182,warlock,affliction,68,34,34
Ainos,twisting-nether,1178,warlock,affliction,35,18,17
Nydek,cthun,1178,warlock,affliction,36,16,20
Wedlock,stormscale,1171,warlock,affliction,29,19,10
Huaian,darksorrow,1170,warlock,affliction,56,26,30
Blackmagic,stormscale,1168,warlock,affliction,66,33,33
Robodot,eredar,1166,warlock,affliction,42,17,25
Gamunkul,destromath,1155,warlock,affliction,49,17,32
Toppluva,shattered-hand,1151,warlock,affliction,21,13,8
Xskyrov,blackmoore,1151,warlock,affliction,24,12,12
Sehk,stormreaver,1151,warlock,affliction,24,12,12
Dhraven,thrall,1151,warlock,affliction,87,41,46
Darkrorr,drakthul,1150,warlock,affliction,24,12,12
Thereya,dun-morogh,1150,warlock,affliction,24,12,12
Cdztuwu,outland,1147,warlock,affliction,18,12,6
Walchia,kazzak,1147,warlock,affliction,83,44,39
Trinox,teldrassil,1144,warlock,affliction,24,15,9
Ashhlock,silvermoon,1144,warlock,affliction,24,12,12
Suskive,kaelthas,1141,warlock,affliction,24,12,12
Cringetamer,silvermoon,1141,warlock,affliction,30,12,18
Zeotrixie,stormscale,1138,warlock,affliction,24,12,12
Whocarezlock,stormscale,1135,warlock,affliction,27,13,14
Yahata,nethersturm,1133,warlock,affliction,30,18,12
Requeims,outland,1119,warlock,affliction,22,12,10
Squadala,kaelthas,1115,warlock,affliction,30,15,15
Slowfatlock,ravencrest,1115,warlock,affliction,24,12,12
Felboar,quelthalas,1113,warlock,affliction,24,15,9
Hacklock,silvermoon,1109,warlock,affliction,48,19,29
Cokoladuocka,silvermoon,1107,warlock,affliction,42,18,24
Toké,blackmoore,1106,warlock,affliction,28,14,14
Nicetime,nefarian,1102,warlock,affliction,24,13,11
Cahoa,archimonde,1093,warlock,affliction,39,17,22
Горенджо,eversong,1092,warlock,affliction,26,13,13
Fraky,frostwhisper,1087,warlock,affliction,23,16,7
Trythislock,crushridge,1087,warlock,affliction,23,12,11
Сувала,soulflayer,1082,warlock,affliction,17,12,5
Ladodida,darkspear,1081,warlock,affliction,30,17,13
Diegomojes,silvermoon,1080,warlock,affliction,98,53,45
Favris,antonidas,1073,warlock,affliction,98,49,49
Dótcom,draenor,1073,warlock,affliction,30,14,16
Auxi,the-maelstrom,1067,warlock,affliction,25,15,10
Rhyana,sylvanas,1065,warlock,affliction,28,12,16
Araphel,twisting-nether,1064,warlock,affliction,24,13,11
ßualock,sylvanas,1056,warlock,affliction,18,11,7
Mowxll,blackrock,1056,warlock,affliction,24,11,13
Fräddan,draenor,1054,warlock,affliction,12,11,1
Císuh,stormreaver,1053,warlock,affliction,18,11,7
Дотдозор,howling-fjord,1051,warlock,affliction,24,11,13
Zevil,emerald-dream,1047,warlock,affliction,24,11,13
Vahgaz,burning-legion,1045,warlock,affliction,85,42,43
Vladov,ravencrest,1045,warlock,affliction,24,11,13
Urssul,kazzak,1038,warlock,affliction,18,11,7
Selenene,norgannon,1036,warlock,affliction,51,25,26
Самантаглу,blackscar,1026,warlock,affliction,27,13,14
Klone,die-todeskrallen,1026,warlock,affliction,27,12,15
Шайтанарба,blackscar,1025,warlock,affliction,42,25,17
Gate,blackrock,1022,warlock,affliction,17,11,6
Cutt,chogall,1018,warlock,affliction,53,23,30
Олдриг,ashenvale,1013,warlock,affliction,39,18,21
Xlara,argent-dawn,1010,warlock,affliction,94,44,50
Venoc,kazzak,1007,warlock,affliction,108,54,54
Skufi,uldum,1004,warlock,affliction,42,20,22
Bluenote,colinas-pardas,1002,warlock,affliction,48,24,24
Sovrìn,blackrock,1002,warlock,affliction,23,11,12
Prekt,ragnaros,1001,warlock,affliction,17,11,6
Бестий,fordragon,989,warlock,affliction,14,11,3
Brítneyfears,azjolnerub,986,warlock,affliction,17,11,6
Mæphysto,blackrock,986,warlock,affliction,49,24,25
Bu,zirkel-des-cenarius,982,warlock,affliction,17,11,6
Fealer,magtheridon,977,warlock,affliction,180,89,91
Qullnius,kazzak,971,warlock,affliction,34,12,22
Principle,dunemaul,965,warlock,affliction,36,21,15
Peonpedro,malganis,960,warlock,affliction,12,10,2
Dreamnyâsha,tarren-mill,960,warlock,affliction,18,10,8
Kitingguru,stormscale,960,warlock,affliction,18,10,8
Murdee,kazzak,960,warlock,affliction,18,10,8
Дагира,booty-bay,959,warlock,affliction,12,10,2
Hannen,blackrock,959,warlock,affliction,24,10,14
Drstyx,anetheron,959,warlock,affliction,30,10,20
Azaïdun,khaz-modan,958,warlock,affliction,18,10,8
Flyps,stormscale,958,warlock,affliction,18,10,8
Коплюнапони,blackscar,958,warlock,affliction,18,10,8
Снэйк,deathguard,956,warlock,affliction,18,10,8
Dxz,silvermoon,956,warlock,affliction,24,10,14
Møärdötd,aggra-português,955,warlock,affliction,18,10,8
Sylrathas,burning-legion,953,warlock,affliction,24,10,14
Waryald,dun-modr,945,warlock,affliction,30,10,20
Carlman,hyjal,940,warlock,affliction,18,10,8
Darkháte,blackhand,936,warlock,affliction,18,10,8
Uthdae,archimonde,933,warlock,affliction,36,13,23
Richrichy,outland,921,warlock,affliction,36,15,21
Слававдвх,blackscar,914,warlock,affliction,53,25,28
Ashgron,burning-legion,909,warlock,affliction,18,10,8
Letoupet,la-croisade-écarlate,904,warlock,affliction,42,21,21
Oonz,sylvanas,895,warlock,affliction,50,25,25
Мракодел,deathguard,872,warlock,affliction,21,11,10
Nukeem,karazhan,869,warlock,affliction,109,50,59
Abinsur,drakthul,864,warlock,affliction,12,9,3
Парачо,eversong,864,warlock,affliction,12,9,3
Gøzù,antonidas,864,warlock,affliction,18,9,9
Mykóla,terokkar,863,warlock,affliction,18,9,9
Boglock,argent-dawn,863,warlock,affliction,18,9,9
Mundunugu,sanguino,863,warlock,affliction,18,9,9
Gaargamelo,blackmoore,863,warlock,affliction,24,9,15
Esmuel,argent-dawn,862,warlock,affliction,18,9,9
Bh,ragnaros,862,warlock,affliction,18,9,9
Aagon,antonidas,862,warlock,affliction,24,9,15
Hitomitanaká,kazzak,862,warlock,affliction,28,9,19
Ívânguldán,twisting-nether,861,warlock,affliction,12,9,3
Demonologyz,ravencrest,861,warlock,affliction,12,9,3
Clungesuck,argent-dawn,861,warlock,affliction,18,9,9
Zelhala,draenor,861,warlock,affliction,18,9,9
Vîerdotcom,blackrock,860,warlock,affliction,12,9,3
Graell,drakthul,860,warlock,affliction,12,9,3
Mumutoaster,blackrock,860,warlock,affliction,12,9,3
Blaizen,outland,859,warlock,affliction,18,9,9
Iml,grim-batol,859,warlock,affliction,28,10,18
Gulgash,blackrock,854,warlock,affliction,18,9,9
Iyna,blackmoore,853,warlock,affliction,18,9,9
Alithia,sylvanas,851,warlock,affliction,12,9,3
Sinsemilla,kazzak,846,warlock,affliction,18,9,9
Luckriel,draenor,839,warlock,affliction,18,9,9
Shazem,tarren-mill,830,warlock,affliction,23,9,14
Навидд,howling-fjord,814,warlock,affliction,20,9,11
Pøzzi,hyjal,807,warlock,affliction,22,10,12
Lockwkrok,burning-legion,805,warlock,affliction,28,10,18
Candyman,bronze-dragonflight,798,warlock,affliction,20,9,11
Pipêz,blackmoore,795,warlock,affliction,28,9,19
Глянемче,deathguard,784,warlock,affliction,21,9,12
Diwi,area-52,773,warlock,affliction,90,32,58
Noxtarius,thrall,768,warlock,affliction,12,8,4
Оксси,fordragon,768,warlock,affliction,12,8,4
Sakkrethxd,hyjal,768,warlock,affliction,12,8,4
Bigdamndots,twisting-nether,768,warlock,affliction,12,8,4
Rudikiaz,sanguino,768,warlock,affliction,18,8,10
Bwc,aegwynn,768,warlock,affliction,18,8,10
Hirasawa,archimonde,768,warlock,affliction,28,9,19
Heavylock,sylvanas,767,warlock,affliction,12,8,4
Omnath,alakir,767,warlock,affliction,18,8,10
Avoidsun,kazzak,767,warlock,affliction,18,8,10
Jinchi,outland,767,warlock,affliction,18,8,10
Dreggsow,blackmoore,767,warlock,affliction,24,8,16
Deamheòlas,ravencrest,765,warlock,affliction,18,8,10
Promethazine,nemesis,764,warlock,affliction,18,8,10
Matheus,zenedar,763,warlock,affliction,18,8,10
Tzimice,hyjal,763,warlock,affliction,18,8,10
Diablotiin,hyjal,763,warlock,affliction,18,8,10
Аксиманд,howling-fjord,762,warlock,affliction,12,8,4
Samigina,argent-dawn,762,warlock,affliction,24,8,16
Warlocker,anachronos,745,warlock,affliction,18,8,10
Бауглирх,howling-fjord,735,warlock,affliction,17,8,9
Дакиса,gordunni,735,warlock,affliction,29,8,21
Savith,defias-brotherhood,721,warlock,affliction,24,8,16
Friendlylock,quelthalas,720,warlock,affliction,15,8,7
Тагочи,gordunni,719,warlock,affliction,11,8,3
Mjabowf,outland,672,warlock,affliction,12,7,5
Gnargamehl,nemesis,672,warlock,affliction,12,7,5
Kimkold,twisting-nether,672,warlock,affliction,12,7,5
Консидёро,gordunni,672,warlock,affliction,12,7,5
Tôpsecret,aegwynn,672,warlock,affliction,12,7,5
Hazelock,draenor,672,warlock,affliction,12,7,5
Ilikebolts,blackmoore,672,warlock,affliction,12,7,5
Purplemafia,burning-blade,672,warlock,affliction,12,7,5
Langneur,archimonde,672,warlock,affliction,12,7,5
Chaostrain,sylvanas,672,warlock,affliction,16,8,8
Mønarch,argent-dawn,672,warlock,affliction,18,7,11
Мрорбит,howling-fjord,672,warlock,affliction,18,7,11
Кокобан,howling-fjord,672,warlock,affliction,18,7,11
Муза,gordunni,672,warlock,affliction,18,7,11
Tanón,sanguino,672,warlock,affliction,18,7,11
Azalock,ragnaros,671,warlock,affliction,12,7,5
Äri,blackmoore,671,warlock,affliction,12,7,5
Maderaloco,silvermoon,671,warlock,affliction,18,7,11
Lockgamerx,ravencrest,670,warlock,affliction,12,7,5
Proctolock,garona,670,warlock,affliction,12,7,5
Luzi,arthas,670,warlock,affliction,12,7,5
Grimréaper,outland,670,warlock,affliction,18,7,11
Bakal,vashj,670,warlock,affliction,18,7,11
Eveline,onyxia,670,warlock,affliction,28,8,20
Алануэйк,deathguard,669,warlock,affliction,12,7,5
Greenlock,la-croisade-écarlate,668,warlock,affliction,12,7,5
Нэйрокризиз,howling-fjord,668,warlock,affliction,12,7,5
Juod,frostmane,667,warlock,affliction,12,7,5
Дольпико,howling-fjord,665,warlock,affliction,12,7,5
Vinilio,kazzak,660,warlock,affliction,18,7,11
Тэйлок,gordunni,658,warlock,affliction,12,7,5
Krismer,silvermoon,618,warlock,affliction,19,8,11
Bäcck,silvermoon,607,warlock,affliction,17,7,10
Marcoil,kazzak,576,warlock,affliction,6,6,0
Keybump,outland,576,warlock,affliction,12,6,6
Hasla,stormreaver,576,warlock,affliction,12,6,6
Multibuyer,tarren-mill,576,warlock,affliction,12,6,6
Dededot,ysondre,576,warlock,affliction,12,6,6
Çüñ,shattered-hand,576,warlock,affliction,12,6,6
Зензирил,galakrond,576,warlock,affliction,12,6,6
Nineinchlock,silvermoon,576,warlock,affliction,12,6,6
Shaarak,blackrock,576,warlock,affliction,12,6,6
Dimmybyrger,stormreaver,576,warlock,affliction,12,6,6
Smaúg,archimonde,576,warlock,affliction,12,6,6
Skuvee,archimonde,576,warlock,affliction,12,6,6
Plâytïmè,stormscale,576,warlock,affliction,12,6,6
Alcringe,kazzak,576,warlock,affliction,12,6,6
Бенлоел,borean-tundra,576,warlock,affliction,12,6,6
Beleghost,sylvanas,576,warlock,affliction,12,6,6
Christoph,tichondrius,576,warlock,affliction,12,6,6
Snackstickz,twisting-nether,576,warlock,affliction,12,6,6
Nicker,antonidas,576,warlock,affliction,12,6,6
Ackorax,kilrogg,576,warlock,affliction,12,6,6
Robertóoo,burning-legion,576,warlock,affliction,12,6,6
Aches,sylvanas,576,warlock,affliction,15,7,8
Tolgaa,draenor,576,warlock,affliction,16,7,9
Влицотьмой,gordunni,576,warlock,affliction,18,6,12
Kresyda,dun-modr,576,warlock,affliction,18,6,12
Guccie,ravencrest,575,warlock,affliction,12,6,6
Tedor,ysondre,575,warlock,affliction,12,6,6
Hodille,argent-dawn,575,warlock,affliction,12,6,6
Talindra,stormscale,575,warlock,affliction,12,6,6
Toskanoamani,blackmoore,575,warlock,affliction,18,6,12
Yasa,khaz-modan,574,warlock,affliction,6,6,0
Lulokko,nemesis,574,warlock,affliction,18,6,12
Consfearacy,executus,574,warlock,affliction,24,6,18
Lökjävel,twisting-nether,572,warlock,affliction,12,6,6
ßatt,dalaran,571,warlock,affliction,12,6,6
Цветника,deathguard,569,warlock,affliction,12,6,6
Cencible,twisting-nether,564,warlock,affliction,16,9,7
Parley,frostmane,542,warlock,affliction,16,6,10
Vendømlørd,archimonde,534,warlock,affliction,14,7,7
Saymore,ragnaros,522,warlock,affliction,13,7,6
Бриант,gordunni,512,warlock,affliction,22,6,16
Скверногрик,fordragon,511,warlock,affliction,10,6,4
Uqrlock,twisting-nether,480,warlock,affliction,6,5,1
Kazyn,archimonde,480,warlock,affliction,6,5,1
Upsahl,twisting-nether,480,warlock,affliction,6,5,1
Díablø,blackmoore,480,warlock,affliction,6,5,1
Faermorn,kazzak,480,warlock,affliction,6,5,1
Lolock,archimonde,480,warlock,affliction,6,5,1
Dualla,aegwynn,480,warlock,affliction,6,5,1
Ranchiëk,ravencrest,480,warlock,affliction,6,5,1
Maidson,blackrock,480,warlock,affliction,6,5,1
Веномхх,lich-king,480,warlock,affliction,6,5,1
Werkx,archimonde,480,warlock,affliction,12,5,7
Iatedora,ahnqiraj,480,warlock,affliction,12,5,7
Druno,archimonde,480,warlock,affliction,12,5,7
Hyøsei,hyjal,480,warlock,affliction,12,5,7
Wällaar,ragnaros,480,warlock,affliction,12,5,7
Nybbx,frostmane,480,warlock,affliction,12,5,7
Sesshouin,alakir,480,warlock,affliction,12,5,7
Chaøsbølt,archimonde,480,warlock,affliction,12,5,7
Zukau,argent-dawn,480,warlock,affliction,12,5,7
Exerji,twisting-nether,480,warlock,affliction,12,5,7
Kwoleriker,norgannon,480,warlock,affliction,12,5,7
Chaozvx,kazzak,480,warlock,affliction,12,5,7
Rtsnmt,alakir,480,warlock,affliction,12,5,7
Daubi,ravencrest,480,warlock,affliction,12,5,7
Pumpfake,ravencrest,480,warlock,affliction,12,5,7
Covidbolt,outland,480,warlock,affliction,12,5,7
Ethiq,blackrock,480,warlock,affliction,12,5,7
Affllction,auchindoun,480,warlock,affliction,18,5,13
Wumz,sylvanas,480,warlock,affliction,24,5,19
Lókí,nagrand,479,warlock,affliction,6,5,1
Цзинкэ,gordunni,479,warlock,affliction,12,5,7
Twnia,the-maelstrom,479,warlock,affliction,12,5,7
Jacobí,defias-brotherhood,479,warlock,affliction,12,5,7
Demonflickan,silvermoon,479,warlock,affliction,12,5,7
Trickyy,azjolnerub,479,warlock,affliction,12,5,7
Dreamage,exodar,479,warlock,affliction,12,5,7
Üserper,chamber-of-aspects,478,warlock,affliction,30,5,25
Hunbeliever,ragnaros,477,warlock,affliction,6,5,1
Lemuriel,arthas,477,warlock,affliction,16,5,11
Guttate,chamber-of-aspects,476,warlock,affliction,12,5,7
Arlu,blackrock,472,warlock,affliction,12,5,7
Nøx,quelthalas,447,warlock,affliction,9,6,3
Garbrandt,tarren-mill,432,warlock,affliction,9,6,3
Danidelarge,blackmoore,426,warlock,affliction,21,6,15
Migyardondup,exodar,416,warlock,affliction,14,6,8
Lazyblue,hyjal,415,warlock,affliction,14,5,9
Stromzii,silvermoon,400,warlock,affliction,7,5,2
Ariyasuke,drakthul,399,warlock,affliction,7,5,2
Hacknator,aegwynn,384,warlock,affliction,6,4,2
Jujalari,stormscale,384,warlock,affliction,6,4,2
Turbonion,archimonde,384,warlock,affliction,6,4,2
Hopéléss,aggra-português,384,warlock,affliction,6,4,2
Enyras,nemesis,384,warlock,affliction,6,4,2
Noemia,defias-brotherhood,384,warlock,affliction,6,4,2
Дестроварлок,blackscar,384,warlock,affliction,6,4,2
Tekrowdy,blackmoore,384,warlock,affliction,6,4,2
Tøpdmg,die-aldor,384,warlock,affliction,6,4,2
Lopari,aegwynn,384,warlock,affliction,6,4,2
Брилс,grom,384,warlock,affliction,6,4,2
Thesnakë,ravencrest,384,warlock,affliction,6,4,2
Фейкгодх,soulflayer,384,warlock,affliction,6,4,2
Helventti,sylvanas,384,warlock,affliction,6,4,2
Wizdoom,outland,384,warlock,affliction,6,4,2
Adotroz,magtheridon,384,warlock,affliction,6,4,2
Ашимал,soulflayer,384,warlock,affliction,6,4,2
Discordîân,twisting-nether,384,warlock,affliction,6,4,2
Solomohn,steamwheedle-cartel,384,warlock,affliction,6,4,2
Tøtøf,sargeras,384,warlock,affliction,6,4,2
Dotritos,tarren-mill,384,warlock,affliction,6,4,2
Aljonah,antonidas,384,warlock,affliction,6,4,2
Патокдрысни,howling-fjord,384,warlock,affliction,6,4,2
Lockyy,karazhan,384,warlock,affliction,6,4,2
Arizyoxot,twisting-nether,384,warlock,affliction,6,4,2
Psychoduck,stormscale,384,warlock,affliction,7,4,3
Djhanzó,outland,384,warlock,affliction,7,4,3
Asmonmald,stormscale,384,warlock,affliction,12,4,8
Doomkicksin,haomarush,384,warlock,affliction,12,4,8
Muninnus,archimonde,384,warlock,affliction,12,4,8
Xyzzy,silvermoon,384,warlock,affliction,12,4,8
Corbbolt,drakthul,384,warlock,affliction,12,4,8
Thepureone,blades-edge,384,warlock,affliction,12,4,8
Zatella,ravencrest,384,warlock,affliction,12,4,8
Mortibal,dalvengyr,384,warlock,affliction,12,4,8
Zeddy,draenor,384,warlock,affliction,12,4,8
Zoh,archimonde,384,warlock,affliction,12,4,8
Kyyuss,burning-legion,384,warlock,affliction,12,4,8
Náwwk,blackmoore,384,warlock,affliction,12,4,8
Braneiotqq,kazzak,384,warlock,affliction,12,4,8
Slàsh,hyjal,384,warlock,affliction,12,4,8
Сатенекс,soulflayer,384,warlock,affliction,12,4,8
Filianore,azjolnerub,384,warlock,affliction,12,4,8
Славеномен,howling-fjord,384,warlock,affliction,12,4,8
Eleriya,argent-dawn,384,warlock,affliction,12,4,8
Shazes,blutkessel,384,warlock,affliction,12,4,8
Roedin,tarren-mill,384,warlock,affliction,18,4,14
Sanas,blackhand,384,warlock,affliction,18,4,14
Nokzhul,blackrock,384,warlock,affliction,18,4,14
Whisperswerd,blackrock,383,warlock,affliction,6,4,2
Phéar,deathwing,383,warlock,affliction,6,4,2
Modéus,ysondre,383,warlock,affliction,12,4,8
Divvaa,tarren-mill,383,warlock,affliction,12,4,8
Lünatix,archimonde,383,warlock,affliction,18,4,14
Аннирина,eversong,382,warlock,affliction,6,4,2
Sladurana,eredar,379,warlock,affliction,12,4,8
Gonzoqt,tarren-mill,352,warlock,affliction,10,5,5
Dotyboi,tarren-mill,351,warlock,affliction,8,5,3
Disrupted,blackmoore,351,warlock,affliction,11,4,7
Fearu,kazzak,336,warlock,affliction,15,4,11
Marakh,stormscale,320,warlock,affliction,10,4,6
Shalazar,dun-modr,319,warlock,affliction,8,4,4
Mjuklock,ravencrest,319,warlock,affliction,14,4,10
Nainbusdemil,dalaran,304,warlock,affliction,19,4,15
Полтарашкаа,blackscar,288,warlock,affliction,6,3,3
Demonoulis,bloodhoof,288,warlock,affliction,6,3,3
Siyaa,eredar,288,warlock,affliction,6,3,3
Xristianos,ravencrest,288,warlock,affliction,6,3,3
Zagren,antonidas,288,warlock,affliction,6,3,3
Sazamia,ravencrest,288,warlock,affliction,6,3,3
Darksoll,hyjal,288,warlock,affliction,6,3,3
Nhw,archimonde,288,warlock,affliction,6,3,3
Sluba,stormscale,288,warlock,affliction,6,3,3
Retrosatanas,archimonde,288,warlock,affliction,6,3,3
Джастсак,gordunni,288,warlock,affliction,6,3,3
Zzooxx,silvermoon,288,warlock,affliction,6,3,3
Darkgrave,the-maelstrom,288,warlock,affliction,6,3,3
Slavecry,silvermoon,288,warlock,affliction,6,3,3
Boonzor,ravencrest,288,warlock,affliction,6,3,3
Mariahscary,auchindoun,288,warlock,affliction,6,3,3
Veoxohr,argent-dawn,288,warlock,affliction,6,3,3
Gigabolt,turalyon,288,warlock,affliction,6,3,3
Raggnarlock,ravencrest,288,warlock,affliction,6,3,3
Dubbzy,outland,288,warlock,affliction,6,3,3
Drozhna,kaelthas,288,warlock,affliction,6,3,3
Madridistaß,outland,288,warlock,affliction,6,3,3
Kumamoto,tarren-mill,288,warlock,affliction,6,3,3
Elleanor,los-errantes,288,warlock,affliction,6,3,3
Decayez,thrall,288,warlock,affliction,6,3,3
Azmondan,ahnqiraj,288,warlock,affliction,6,3,3
Twisted,malganis,288,warlock,affliction,6,3,3
Damira,blackmoore,288,warlock,affliction,6,3,3
Marenov,kazzak,288,warlock,affliction,6,3,3
Ðæthpäct,dalaran,288,warlock,affliction,6,3,3
Vigget,burning-legion,288,warlock,affliction,6,3,3
Dxfive,tarren-mill,288,warlock,affliction,6,3,3
Ooze,kazzak,288,warlock,affliction,6,3,3
Nayolana,argent-dawn,288,warlock,affliction,6,3,3
Kenthal,nemesis,288,warlock,affliction,6,3,3
Demónfire,sylvanas,288,warlock,affliction,6,3,3
Dontargetme,draenor,288,warlock,affliction,6,3,3
Мануил,eversong,288,warlock,affliction,6,3,3
Drainsouls,stormscale,288,warlock,affliction,6,3,3
Nachtreich,thrall,288,warlock,affliction,6,3,3
Imphugger,kazzak,288,warlock,affliction,6,3,3
Manikalinka,stormscale,288,warlock,affliction,6,3,3
Feyreah,blackmoore,288,warlock,affliction,6,3,3
Шрэкс,blackscar,288,warlock,affliction,6,3,3
Демоник,deathguard,288,warlock,affliction,6,3,3
Zélroth,argent-dawn,288,warlock,affliction,6,3,3
Absúrd,turalyon,288,warlock,affliction,6,3,3
Babayagâ,sanguino,288,warlock,affliction,6,3,3
Фримех,soulflayer,288,warlock,affliction,6,3,3
Smoulville,sanguino,288,warlock,affliction,6,3,3
Eldrinar,twisting-nether,288,warlock,affliction,6,3,3
Bixik,ravencrest,288,warlock,affliction,8,3,5
Lifedriller,drakthul,288,warlock,affliction,10,3,7
Zdrac,stormscale,288,warlock,affliction,12,3,9
Этожедру,howling-fjord,288,warlock,affliction,12,3,9
Bowti,ravencrest,288,warlock,affliction,12,3,9
Сварожевич,galakrond,288,warlock,affliction,12,3,9
Likee,eredar,288,warlock,affliction,12,3,9
Zìì,silvermoon,288,warlock,affliction,12,3,9
Bësly,khaz-modan,287,warlock,affliction,6,3,3
Korlox,antonidas,287,warlock,affliction,6,3,3
Smuutil,drakthul,287,warlock,affliction,6,3,3
Lifesteal,auchindoun,287,warlock,affliction,6,3,3
Priszcilla,twisting-nether,287,warlock,affliction,6,3,3
Lewdrumpslap,kazzak,287,warlock,affliction,9,4,5
Márinho,aggra-português,276,warlock,affliction,16,6,10
Alarmlock,silvermoon,233,warlock,affliction,6,4,2
Snaga,culte-de-la-rive-noire,233,warlock,affliction,15,5,10
Lockas,ravencrest,222,warlock,affliction,8,3,5
Freshplanga,kazzak,192,warlock,affliction,4,3,1
Enviroq,burning-legion,192,warlock,affliction,6,2,4
Waatschnbaam,eredar,192,warlock,affliction,6,2,4
Venaarus,antonidas,192,warlock,affliction,6,2,4
Therelda,sanguino,192,warlock,affliction,6,2,4
Portyx,archimonde,192,warlock,affliction,6,2,4
Yhazel,archimonde,192,warlock,affliction,6,2,4
Funcky,terokkar,192,warlock,affliction,6,2,4
Bigbagelbob,archimonde,192,warlock,affliction,6,2,4
Endherkonk,sanguino,192,warlock,affliction,6,2,4
Djadizpunish,stormscale,192,warlock,affliction,6,2,4
Healél,sanguino,192,warlock,affliction,6,2,4
Хастла,ashenvale,192,warlock,affliction,6,2,4
Ðankan,aegwynn,192,warlock,affliction,6,2,4
Fredé,kazzak,192,warlock,affliction,6,2,4
Lakasytos,sanguino,192,warlock,affliction,6,2,4
Zartax,kazzak,192,warlock,affliction,6,2,4
Potatowl,ravencrest,192,warlock,affliction,6,2,4
Meisterhexe,taerar,192,warlock,affliction,6,2,4
Désolaté,kazzak,192,warlock,affliction,6,2,4
Berkobaggins,ravencrest,192,warlock,affliction,6,2,4
Elvània,eredar,192,warlock,affliction,6,2,4
ßatocko,kazzak,192,warlock,affliction,6,2,4
Hellcatherin,ghostlands,192,warlock,affliction,6,2,4
Marroux,malganis,192,warlock,affliction,6,2,4
Soundmagic,silvermoon,192,warlock,affliction,6,2,4
Kastón,dun-modr,192,warlock,affliction,6,2,4
Pichwise,draenor,192,warlock,affliction,6,2,4
Supergeîl,blackrock,192,warlock,affliction,6,2,4
Flockyy,draenor,192,warlock,affliction,6,2,4
Norgebrur,draenor,192,warlock,affliction,6,2,4
Myristica,die-todeskrallen,192,warlock,affliction,6,2,4
Saltybagel,draenor,192,warlock,affliction,6,2,4
Tørcal,hyjal,192,warlock,affliction,6,2,4
Freyjå,confrérie-du-thorium,192,warlock,affliction,6,2,4
Dotsfired,aegwynn,192,warlock,affliction,6,2,4
Razkann,confrérie-du-thorium,192,warlock,affliction,6,2,4
Kivilock,dun-modr,192,warlock,affliction,6,2,4
Ozax,doomhammer,192,warlock,affliction,6,2,4
Сатаната,deepholm,192,warlock,affliction,6,2,4
Tokarrus,blackmoore,192,warlock,affliction,6,2,4
Маларгас,soulflayer,192,warlock,affliction,6,2,4
Мамхаус,howling-fjord,192,warlock,affliction,6,2,4
Wutili,dun-morogh,192,warlock,affliction,6,2,4
Бирел,soulflayer,192,warlock,affliction,6,2,4
Twistedfate,norgannon,192,warlock,affliction,6,2,4
Чернокнжник,soulflayer,192,warlock,affliction,6,2,4
Necrolon,senjin,192,warlock,affliction,6,2,4
Millhaus,gorgonnash,192,warlock,affliction,6,2,4
Necroless,shadowsong,192,warlock,affliction,6,2,4
Legend,trollbane,192,warlock,affliction,6,2,4
Shreklock,burning-blade,192,warlock,affliction,6,2,4
Жериновсский,gordunni,192,warlock,affliction,6,2,4
Kotihoitaja,stormreaver,192,warlock,affliction,6,2,4
Армдэд,galakrond,192,warlock,affliction,6,2,4
Irnx,tarren-mill,192,warlock,affliction,6,2,4
Turdy,sylvanas,192,warlock,affliction,6,2,4
Скверножмых,gordunni,192,warlock,affliction,6,2,4
Cptdotalot,tarren-mill,192,warlock,affliction,6,2,4
Гумал,howling-fjord,192,warlock,affliction,6,2,4
Purplemonkey,burning-blade,192,warlock,affliction,6,2,4
Ruvy,twisting-nether,192,warlock,affliction,6,2,4
Lockingcute,tarren-mill,192,warlock,affliction,6,2,4
Lacruum,ragnaros,192,warlock,affliction,6,2,4
Adafbhf,tichondrius,192,warlock,affliction,8,2,6
Dupony,antonidas,192,warlock,affliction,12,2,10
Dráintráin,burning-blade,192,warlock,affliction,12,2,10
Рыжевласочка,eversong,192,warlock,affliction,12,2,10
Pøx,nemesis,192,warlock,affliction,12,2,10
Müsli,kiljaeden,192,warlock,affliction,12,2,10
Rasputia,thunderhorn,191,warlock,affliction,6,2,4
Ryurans,cthun,159,warlock,affliction,5,2,3
Overbuffed,wildhammer,159,warlock,affliction,5,2,3
Аоепампгодх,howling-fjord,159,warlock,affliction,11,2,9
Nürgle,stormscale,138,warlock,affliction,8,3,5
Ghachi,draenor,138,warlock,affliction,15,3,12
Malariaa,defias-brotherhood,128,warlock,affliction,4,2,2
Paveru,tarren-mill,128,warlock,affliction,4,2,2
Hokoreuw,echsenkessel,112,warlock,affliction,7,2,5
Carelock,chamber-of-aspects,96,warlock,affliction,3,2,1
Laokoon,blackmoore,96,warlock,affliction,3,2,1
Mergon,ravencrest,96,warlock,affliction,3,2,1
Infernó,aerie-peak,96,warlock,affliction,3,2,1
Phenolock,blackhand,96,warlock,affliction,6,1,5
Mîjagî,blackhand,96,warlock,affliction,6,1,5
Werzel,frostmane,96,warlock,affliction,6,1,5
Noahh,kazzak,96,warlock,affliction,6,1,5
Branduir,ragnaros,96,warlock,affliction,6,1,5
Icritmore,stormscale,96,warlock,affliction,6,1,5
Fearrari,ragnaros,96,warlock,affliction,6,1,5
Mendozaah,kazzak,96,warlock,affliction,6,1,5
Vicktorious,stormscale,96,warlock,affliction,6,1,5
Nevergladtra,darksorrow,96,warlock,affliction,6,1,5
Fêâr,dun-modr,96,warlock,affliction,6,1,5
Бигсмоук,howling-fjord,96,warlock,affliction,6,1,5
Blackwizard,theradras,96,warlock,affliction,6,1,5
Усубени,greymane,96,warlock,affliction,6,1,5
Gemja,onyxia,96,warlock,affliction,6,1,5
Belial,minahonda,96,warlock,affliction,6,1,5
Jagerlock,doomhammer,96,warlock,affliction,6,1,5
Doturanal,blackmoore,96,warlock,affliction,6,1,5
Zozano,draenor,96,warlock,affliction,6,1,5
Robertóó,burning-legion,96,warlock,affliction,6,1,5
Coilxo,ravencrest,96,warlock,affliction,6,1,5
Kretuss,silvermoon,96,warlock,affliction,6,1,5
Дарунг,greymane,96,warlock,affliction,6,1,5
Merelock,eonar,96,warlock,affliction,6,1,5
Goefaz,blackrock,96,warlock,affliction,6,1,5
Zxò,twisting-nether,96,warlock,affliction,8,1,7
Adøume,ysondre,96,warlock,affliction,15,1,14
Warlockholms,archimonde,79,warlock,affliction,5,1,4
Akdan,ragnaros,64,warlock,affliction,4,1,3
Poulebar,ysondre,64,warlock,affliction,4,1,3
Natpoesje,azjolnerub,64,warlock,affliction,4,1,3
Nedivh,stormscale,48,warlock,affliction,3,1,2
Petrosk,sanguino,42,warlock,affliction,6,2,4
Omegachad,draenor,31,warlock,affliction,2,1,1
Dailylock,kazzak,31,warlock,affliction,2,1,1
Tepelkwastje,twisting-nether,31,warlock,affliction,8,1,7
Dyingdog,kazzak,2231,warrior,fury,79,45,34
Dõxlol,kazzak,2179,warrior,fury,72,45,27
Wodwod,kazzak,2146,warrior,fury,60,46,14
Corvínus,blackrock,2137,warrior,fury,170,93,77
Gottdustin,lothar,2124,warrior,fury,143,78,65
Uretirips,archimonde,2115,warrior,fury,168,101,67
Joeférnandes,ragnaros,2107,warrior,fury,72,43,29
Quanny,die-aldor,2102,warrior,fury,114,67,47
Níghtfúry,ravencrest,2102,warrior,fury,84,43,41
Ðunhammer,blackmoore,2100,warrior,fury,114,67,47
Stephabibi,kazzak,2052,warrior,fury,94,55,39
Богвойны,razuvious,2024,warrior,fury,90,53,37
Thorana,twisting-nether,2022,warrior,fury,412,204,208
Vitezandro,stormscale,2013,warrior,fury,54,40,14
Elsensor,sylvanas,1987,warrior,fury,89,42,47
Syltetballe,kazzak,1962,warrior,fury,48,37,11
Dyingdogs,kazzak,1945,warrior,fury,60,32,28
Дахирарг,fordragon,1938,warrior,fury,72,39,33
Thezug,blackmoore,1935,warrior,fury,96,48,48
Sublex,blackrock,1933,warrior,fury,60,34,26
Schultze,kazzak,1929,warrior,fury,136,60,76
Gregorez,silvermoon,1910,warrior,fury,96,53,43
Sporctaco,nemesis,1910,warrior,fury,154,81,73
Schlauberg,azshara,1903,warrior,fury,66,40,26
Méido,argent-dawn,1890,warrior,fury,319,171,148
Dõxqt,kazzak,1888,warrior,fury,48,30,18
Варплеер,gordunni,1875,warrior,fury,76,39,37
Nodrip,stormscale,1874,warrior,fury,66,42,24
Blîxtgordon,tarren-mill,1870,warrior,fury,48,29,19
Insanedmg,dun-modr,1864,warrior,fury,72,40,32
Émalkay,tarren-mill,1863,warrior,fury,48,26,22
Релайк,gordunni,1860,warrior,fury,60,33,27
Bloodhorn,blackhand,1857,warrior,fury,54,36,18
Brythwyn,blackrock,1856,warrior,fury,54,30,24
Wruxar,bronzebeard,1856,warrior,fury,54,29,25
Plackø,draenor,1855,warrior,fury,126,69,57
Ironbound,silvermoon,1853,warrior,fury,36,25,11
Sockerbagarn,zenedar,1853,warrior,fury,154,77,77
Shinychan,silvermoon,1852,warrior,fury,36,26,10
Kwesta,kazzak,1850,warrior,fury,60,34,26
Morganãrogán,ragnaros,1850,warrior,fury,42,23,19
Yaler,alakir,1847,warrior,fury,48,33,15
Cesr,bloodhoof,1847,warrior,fury,126,71,55
Jeco,tarren-mill,1846,warrior,fury,66,39,27
Yawalad,stormscale,1845,warrior,fury,66,35,31
Sublex,aegwynn,1838,warrior,fury,60,36,24
Frozenliøn,twisting-nether,1836,warrior,fury,48,32,16
Lair,zuljin,1835,warrior,fury,106,67,39
Elian,ragnaros,1835,warrior,fury,72,36,36
Elsensør,thrall,1832,warrior,fury,63,32,31
Faraam,sunstrider,1832,warrior,fury,45,21,24
Imolderthenu,blackrock,1825,warrior,fury,166,91,75
Zidbi,argent-dawn,1825,warrior,fury,126,68,58
Kenryu,argent-dawn,1825,warrior,fury,60,32,28
Dronikos,ravencrest,1824,warrior,fury,54,35,19
Sonnyzz,sanguino,1824,warrior,fury,36,21,15
Timewarrior,ravencrest,1824,warrior,fury,54,30,24
Xark,drakthul,1824,warrior,fury,90,49,41
Deatheart,ysondre,1824,warrior,fury,76,41,35
Трэйдар,blackscar,1823,warrior,fury,48,27,21
Gladius,blutkessel,1819,warrior,fury,156,80,76
Letiis,blackrock,1816,warrior,fury,105,57,48
Jaý,draenor,1815,warrior,fury,56,35,21
Adian,ravencrest,1813,warrior,fury,42,26,16
Zednos,twilights-hammer,1812,warrior,fury,184,102,82
Злопиканка,gordunni,1811,warrior,fury,67,34,33
Arthoc,sanguino,1810,warrior,fury,54,33,21
Xzwarr,silvermoon,1810,warrior,fury,38,21,17
Мигнт,howling-fjord,1810,warrior,fury,42,23,19
Hawkman,outland,1809,warrior,fury,41,25,16
Capitalista,das-konsortium,1809,warrior,fury,90,51,39
Clellin,silvermoon,1807,warrior,fury,139,80,59
Späns,ragnaros,1807,warrior,fury,71,34,37
Zyalen,stormscale,1806,warrior,fury,60,32,28
Âshnâzgðûr,burning-blade,1806,warrior,fury,87,43,44
Kizzyo,draenor,1804,warrior,fury,96,51,45
Nóvamh,draenor,1802,warrior,fury,42,24,18
Kocmochka,tarren-mill,1802,warrior,fury,60,32,28
Heartmemphis,stormscale,1801,warrior,fury,41,24,17
Dreams,auchindoun,1801,warrior,fury,48,28,20
Vykoz,sylvanas,1800,warrior,fury,42,24,18
Sonnylolxd,dun-modr,1800,warrior,fury,54,29,25
Pflanzling,nozdormu,1800,warrior,fury,100,47,53
Basiletha,hyjal,1788,warrior,fury,41,20,21
Geez,burning-blade,1787,warrior,fury,42,23,19
Budgetassa,stormscale,1784,warrior,fury,42,23,19
Badon,burning-legion,1783,warrior,fury,54,35,19
Robycoleman,nemesis,1783,warrior,fury,213,110,103
Castlevania,ravencrest,1782,warrior,fury,72,37,35
Zadirich,burning-blade,1774,warrior,fury,66,35,31
Tóffèl,thrall,1773,warrior,fury,48,32,16
Rïmxøxø,haomarush,1773,warrior,fury,48,32,16
Warrez,azuremyst,1773,warrior,fury,125,72,53
Ryonâgai,aegwynn,1773,warrior,fury,54,30,24
Luxurious,argent-dawn,1770,warrior,fury,72,40,32
Beasterbunny,outland,1764,warrior,fury,50,32,18
Luigistar,naxxramas,1764,warrior,fury,84,44,40
Oldcockball,argent-dawn,1755,warrior,fury,78,47,31
Unstopablle,twisting-nether,1755,warrior,fury,78,47,31
Байсал,gordunni,1751,warrior,fury,103,59,44
Løktær,blackmoore,1747,warrior,fury,60,27,33
Koljach,sylvanas,1745,warrior,fury,156,85,71
Biturboo,blackrock,1745,warrior,fury,61,30,31
Irontouch,draenor,1742,warrior,fury,48,29,19
Джакир,howling-fjord,1733,warrior,fury,54,29,25
Рыгатрон,galakrond,1732,warrior,fury,36,19,17
Eddíemòrphin,kazzak,1727,warrior,fury,46,28,18
Wgdx,ravencrest,1726,warrior,fury,54,28,26
Juna,hellscream,1726,warrior,fury,91,47,44
Даймонддогс,gordunni,1725,warrior,fury,64,36,28
Honzakesl,drakthul,1721,warrior,fury,63,37,26
Risara,outland,1720,warrior,fury,49,31,18
Грамол,soulflayer,1719,warrior,fury,66,36,30
Кавайтити,blackscar,1718,warrior,fury,39,19,20
Варынеопэ,gordunni,1717,warrior,fury,65,35,30
Grulbash,stormscale,1714,warrior,fury,36,18,18
Ibunnyone,blackrock,1713,warrior,fury,48,25,23
Discoklaus,blackmoore,1712,warrior,fury,222,114,108
Тьмасвятая,gordunni,1710,warrior,fury,42,22,20
Wismerx,kazzak,1706,warrior,fury,30,19,11
Stansmash,kazzak,1704,warrior,fury,30,18,12
Cuzyxtwo,blackrock,1704,warrior,fury,48,27,21
Susugar,ysondre,1704,warrior,fury,52,28,24
Читора,blackscar,1702,warrior,fury,59,32,27
Дарккардинал,deathguard,1699,warrior,fury,76,38,38
Oneoneseven,archimonde,1698,warrior,fury,42,26,16
Durif,argent-dawn,1697,warrior,fury,36,24,12
Хенгард,gordunni,1697,warrior,fury,60,34,26
Violentfunky,ravencrest,1697,warrior,fury,84,40,44
Xeraaya,kirin-tor,1696,warrior,fury,90,43,47
Kiha,argent-dawn,1695,warrior,fury,42,24,18
Bigbugatti,draenor,1695,warrior,fury,48,20,28
Margon,aegwynn,1692,warrior,fury,48,29,19
Bananapower,aszune,1692,warrior,fury,54,30,24
Yodabär,blackmoore,1690,warrior,fury,120,62,58
Dödgrävarn,stormscale,1685,warrior,fury,102,57,45
Soakmybeet,archimonde,1685,warrior,fury,65,33,32
Дейдулус,soulflayer,1682,warrior,fury,42,23,19
Slaycon,sanguino,1680,warrior,fury,63,26,37
Kibb,sylvanas,1678,warrior,fury,56,35,21
Gôrilla,kazzak,1674,warrior,fury,32,19,13
Даркслеерх,howling-fjord,1674,warrior,fury,36,18,18
Бубаигавар,gordunni,1673,warrior,fury,42,22,20
Протектор,soulflayer,1673,warrior,fury,160,79,81
Neopronouns,stormscale,1672,warrior,fury,36,22,14
Råzor,blackhand,1672,warrior,fury,215,117,98
Pouckette,hyjal,1670,warrior,fury,78,41,37
Vÿnk,ysondre,1669,warrior,fury,80,45,35
Decapitatëd,outland,1668,warrior,fury,36,19,17
Футжисубо,razuvious,1667,warrior,fury,90,44,46
Walexmaryk,ragnaros,1666,warrior,fury,161,87,74
Ranmaru,kazzak,1665,warrior,fury,97,46,51
Aleextrasza,silvermoon,1664,warrior,fury,43,24,19
Níká,bronzebeard,1663,warrior,fury,52,30,22
Берззлой,gordunni,1661,warrior,fury,52,30,22
Averenx,frostwolf,1659,warrior,fury,110,57,53
Titza,silvermoon,1659,warrior,fury,68,31,37
Jinrok,turalyon,1658,warrior,fury,72,47,25
Vesnãpusic,draenor,1655,warrior,fury,57,35,22
Broley,blackhand,1655,warrior,fury,58,35,23
Iagô,argent-dawn,1655,warrior,fury,60,35,25
Azazelslayer,dethecus,1654,warrior,fury,60,41,19
Jetman,ravencrest,1654,warrior,fury,58,29,29
Toptier,drakthul,1653,warrior,fury,53,30,23
Pizdatos,ravencrest,1653,warrior,fury,54,30,24
Очепенец,soulflayer,1652,warrior,fury,129,66,63
Ðønøvan,sanguino,1651,warrior,fury,64,36,28
Noproblem,ragnaros,1650,warrior,fury,65,34,31
Xzurgster,twisting-nether,1649,warrior,fury,52,23,29
Harbee,stormscale,1647,warrior,fury,170,96,74
Antismoke,silvermoon,1645,warrior,fury,105,59,46
Zerberos,drakthul,1645,warrior,fury,131,69,62
Poggsaron,kazzak,1645,warrior,fury,99,50,49
Swayzze,frostwolf,1642,warrior,fury,48,27,21
Goorila,kazzak,1642,warrior,fury,36,19,17
Yserá,auchindoun,1641,warrior,fury,40,19,21
Picciocino,nemesis,1638,warrior,fury,53,25,28
Mybigcow,darkspear,1638,warrior,fury,47,22,25
Боссберс,soulflayer,1636,warrior,fury,78,44,34
Хуфхорнс,soulflayer,1636,warrior,fury,39,21,18
Гринфинч,galakrond,1636,warrior,fury,106,55,51
Вадло,soulflayer,1635,warrior,fury,54,27,27
Bastquirage,dalaran,1633,warrior,fury,42,24,18
Ðènlos,destromath,1632,warrior,fury,84,43,41
Ifir,hyjal,1632,warrior,fury,64,30,34
Котаче,soulflayer,1630,warrior,fury,118,60,58
Кладбошаа,gordunni,1630,warrior,fury,127,63,64
Темнозорь,ashenvale,1629,warrior,fury,49,26,23
Sanngridr,defias-brotherhood,1629,warrior,fury,66,32,34
Peli,burning-blade,1628,warrior,fury,228,114,114
Nerfrend,stormscale,1627,warrior,fury,30,17,13
Megalann,silvermoon,1627,warrior,fury,84,41,43
Oogaboogadps,silvermoon,1626,warrior,fury,109,58,51
Криккс,greymane,1625,warrior,fury,66,32,34
Вимор,soulflayer,1624,warrior,fury,36,19,17
Skylexs,burning-legion,1624,warrior,fury,48,22,26
Roxxyy,stormreaver,1621,warrior,fury,53,31,22
Металлие,howling-fjord,1621,warrior,fury,48,21,27
Hynish,doomhammer,1619,warrior,fury,76,42,34
Flexbot,blackmoore,1617,warrior,fury,38,23,15
Vágópityu,ragnaros,1617,warrior,fury,42,21,21
Shilix,twisting-nether,1616,warrior,fury,30,20,10
Borndet,eredar,1616,warrior,fury,57,34,23
Vegilhenvin,stormscale,1616,warrior,fury,111,62,49
Hanìbal,ravencrest,1616,warrior,fury,72,37,35
Discølove,frostwolf,1615,warrior,fury,35,19,16
Êssâ,stormscale,1612,warrior,fury,30,17,13
Mezen,stormscale,1609,warrior,fury,69,41,28
Celn,silvermoon,1608,warrior,fury,145,80,65
Элинглир,gordunni,1608,warrior,fury,63,33,30
Шлифую,howling-fjord,1608,warrior,fury,66,32,34
Хёда,eversong,1607,warrior,fury,60,32,28
Wabisabì,silvermoon,1607,warrior,fury,63,33,30
Notvisionary,ravencrest,1606,warrior,fury,36,17,19
Boos,burning-legion,1605,warrior,fury,30,17,13
Гронвер,soulflayer,1601,warrior,fury,134,75,59
Явараа,howling-fjord,1600,warrior,fury,72,41,31
Halfbroken,moonglade,1600,warrior,fury,78,37,41
Ebonheart,argent-dawn,1599,warrior,fury,59,32,27
Rofos,hellscream,1597,warrior,fury,55,29,26
Narukeratnik,draenor,1596,warrior,fury,60,36,24
Abnôrmus,tarren-mill,1594,warrior,fury,114,53,61
Zhenshii,blackmoore,1593,warrior,fury,65,34,31
Эйримор,gordunni,1593,warrior,fury,137,68,69
Lífelover,tarren-mill,1593,warrior,fury,66,30,36
Methodxd,outland,1592,warrior,fury,78,38,40
Grâkul,twisting-nether,1591,warrior,fury,245,127,118
Jyukei,archimonde,1587,warrior,fury,42,30,12
Nobodyx,tarren-mill,1587,warrior,fury,108,62,46
Zupkaztrópka,burning-legion,1587,warrior,fury,89,47,42
Gromex,stormscale,1587,warrior,fury,75,31,44
Тегриско,goldrinn,1584,warrior,fury,66,33,33
Вундеркитти,soulflayer,1583,warrior,fury,80,41,39
Wornag,argent-dawn,1578,warrior,fury,83,40,43
Fizzywarrior,blackmoore,1576,warrior,fury,42,23,19
Dizzyndumb,draenor,1575,warrior,fury,165,93,72
Osha,hyjal,1575,warrior,fury,273,135,138
Латахо,gordunni,1574,warrior,fury,54,27,27
Nozuki,archimonde,1573,warrior,fury,88,50,38
Thundersword,sylvanas,1573,warrior,fury,54,25,29
Asmoche,archimonde,1571,warrior,fury,60,29,31
Uwuwarrior,alleria,1570,warrior,fury,64,35,29
Garlogar,twisting-nether,1569,warrior,fury,108,59,49
Radamantys,drakthul,1566,warrior,fury,36,19,17
Иктиннос,gordunni,1565,warrior,fury,57,21,36
Stahlhund,silvermoon,1564,warrior,fury,87,47,40
Касюлин,gordunni,1562,warrior,fury,53,31,22
Æç,argent-dawn,1562,warrior,fury,36,19,17
Alexandrrior,rexxar,1561,warrior,fury,57,35,22
Flippingout,stormscale,1560,warrior,fury,60,27,33
Мамкингерой,howling-fjord,1559,warrior,fury,42,23,19
Bønecleaver,blackrock,1558,warrior,fury,110,56,54
Halalmeat,minahonda,1557,warrior,fury,36,19,17
Thorken,ragnaros,1557,warrior,fury,59,29,30
Сариату,soulflayer,1556,warrior,fury,72,34,38
Propanex,kazzak,1555,warrior,fury,36,18,18
Baldemort,antonidas,1554,warrior,fury,75,42,33
Waralert,kazzak,1553,warrior,fury,36,19,17
Bartins,magtheridon,1550,warrior,fury,66,39,27
Тралмош,razuvious,1546,warrior,fury,46,28,18
Zwareboy,frostmane,1546,warrior,fury,48,20,28
Köftemecx,blackrock,1544,warrior,fury,43,30,13
Goomby,argent-dawn,1544,warrior,fury,48,22,26
Едигейй,gordunni,1543,warrior,fury,68,37,31
Dævedoff,sanguino,1542,warrior,fury,60,32,28
Horovoko,kazzak,1541,warrior,fury,24,18,6
Karentneuf,khaz-modan,1541,warrior,fury,35,23,12
Slidmacka,twisting-nether,1539,warrior,fury,36,24,12
Bourbimrgllr,hyjal,1536,warrior,fury,39,20,19
Ананаслорд,blackscar,1535,warrior,fury,26,18,8
Hejduk,frostmane,1533,warrior,fury,30,20,10
Вменяемый,gordunni,1533,warrior,fury,88,44,44
Белославный,gordunni,1532,warrior,fury,55,38,17
ßbç,ysondre,1532,warrior,fury,84,41,43
Альмас,galakrond,1531,warrior,fury,59,29,30
Нордгаар,howling-fjord,1529,warrior,fury,36,23,13
Spokowar,hyjal,1528,warrior,fury,30,17,13
Tanja,bronzebeard,1528,warrior,fury,30,16,14
Bigbibbs,tarren-mill,1526,warrior,fury,68,32,36
Telrion,silvermoon,1525,warrior,fury,30,16,14
Certavus,antonidas,1525,warrior,fury,60,31,29
Indicaflower,ahnqiraj,1525,warrior,fury,89,45,44
Yousainsbolt,blackrock,1525,warrior,fury,50,24,26
Linzao,archimonde,1524,warrior,fury,30,16,14
Неуно,howling-fjord,1522,warrior,fury,54,32,22
Bobitybob,ravencrest,1520,warrior,fury,60,36,24
Jeronimoe,blackmoore,1520,warrior,fury,41,24,17
Inconcussae,drakthul,1519,warrior,fury,30,19,11
Mirpz,doomhammer,1519,warrior,fury,47,24,23
Bözzy,stormreaver,1519,warrior,fury,144,72,72
Berré,ragnaros,1518,warrior,fury,48,23,25
Thrallhall,kazzak,1517,warrior,fury,101,45,56
Ууша,soulflayer,1516,warrior,fury,47,24,23
Zwecko,malganis,1513,warrior,fury,30,16,14
Pokopo,blackrock,1510,warrior,fury,42,23,19
Bleaja,tarren-mill,1509,warrior,fury,24,16,8
Втораянатура,howling-fjord,1508,warrior,fury,36,22,14
Мурмадонио,soulflayer,1507,warrior,fury,60,26,34
Gids,silvermoon,1506,warrior,fury,34,21,13
Xiny,blackrock,1506,warrior,fury,42,24,18
Senshin,sanguino,1506,warrior,fury,40,19,21
Bursch,ravencrest,1504,warrior,fury,30,16,14
Truckfury,ravencrest,1504,warrior,fury,88,46,42
Gronos,silvermoon,1504,warrior,fury,74,38,36
Rhynot,argent-dawn,1502,warrior,fury,24,16,8
Арристокррат,soulflayer,1501,warrior,fury,42,23,19
Jarggyül,culte-de-la-rive-noire,1500,warrior,fury,36,21,15
Crriminal,ravencrest,1498,warrior,fury,24,16,8
Sebastian,ravencrest,1498,warrior,fury,60,29,31
Auglok,twisting-nether,1497,warrior,fury,114,59,55
Лазба,gordunni,1493,warrior,fury,58,31,27
Enzja,nazjatar,1492,warrior,fury,31,18,13
Evrybodydown,draenor,1492,warrior,fury,148,77,71
Zaximos,twisting-nether,1488,warrior,fury,62,30,32
Лимор,howling-fjord,1488,warrior,fury,42,16,26
Ärmodäuss,norgannon,1486,warrior,fury,69,34,35
Варрвик,howling-fjord,1486,warrior,fury,45,22,23
Груббоб,booty-bay,1484,warrior,fury,72,36,36
Rimvar,alleria,1484,warrior,fury,60,28,32
Corrin,frostmourne,1483,warrior,fury,116,65,51
Perinel,draenor,1483,warrior,fury,82,32,50
Добиватель,howling-fjord,1482,warrior,fury,66,35,31
Jorund,archimonde,1482,warrior,fury,54,26,28
Wøokz,argent-dawn,1475,warrior,fury,142,69,73
Чпонькмашина,soulflayer,1474,warrior,fury,92,53,39
Eygón,silvermoon,1474,warrior,fury,54,23,31
Roidspam,outland,1471,warrior,fury,71,28,43
Nurti,silvermoon,1465,warrior,fury,36,21,15
Kwedrowar,burning-legion,1465,warrior,fury,116,55,61
Тактоядобрый,ashenvale,1465,warrior,fury,41,16,25
Zeliøn,elune,1463,warrior,fury,84,50,34
Craghak,twisting-nether,1463,warrior,fury,82,41,41
Straya,malorne,1463,warrior,fury,60,30,30
Chrissey,argent-dawn,1462,warrior,fury,45,21,24
Анакронокс,howling-fjord,1461,warrior,fury,58,29,29
Hrodulf,moonglade,1461,warrior,fury,83,38,45
Syfér,grim-batol,1460,warrior,fury,24,16,8
Tweegles,argent-dawn,1460,warrior,fury,71,35,36
Grubshak,burning-legion,1460,warrior,fury,47,22,25
Kobeni,ysondre,1457,warrior,fury,50,30,20
Oravedenes,draenor,1457,warrior,fury,104,61,43
Stratoz,ragnaros,1457,warrior,fury,61,27,34
Èscøbar,dalaran,1454,warrior,fury,49,23,26
Wärlør,ravencrest,1452,warrior,fury,72,44,28
Zugbro,stormscale,1452,warrior,fury,48,25,23
Dríppy,aegwynn,1445,warrior,fury,27,19,8
Tyrâdus,kiljaeden,1445,warrior,fury,36,22,14
Gìlgamesh,dun-modr,1444,warrior,fury,55,30,25
Rîiper,ysondre,1444,warrior,fury,42,22,20
Cocojumbo,azuremyst,1443,warrior,fury,30,17,13
Krigarjag,kazzak,1442,warrior,fury,42,28,14
Toundrâa,archimonde,1441,warrior,fury,147,75,72
Спайкуссь,goldrinn,1440,warrior,fury,36,21,15
Старопрамен,thermaplugg,1440,warrior,fury,219,116,103
Dragão,kazzak,1440,warrior,fury,60,28,32
Tatabaf,ysondre,1437,warrior,fury,42,23,19
Rocketx,blackrock,1431,warrior,fury,30,15,15
Xalont,doomhammer,1431,warrior,fury,36,17,19
Borntothis,zuljin,1430,warrior,fury,80,47,33
Blaktarr,dunemaul,1430,warrior,fury,45,23,22
Whimbux,stormscale,1429,warrior,fury,45,22,23
Pinkíe,blackmoore,1428,warrior,fury,30,15,15
Leelazero,argent-dawn,1428,warrior,fury,37,16,21
Fridaax,lightbringer,1427,warrior,fury,24,15,9
Shadowcacau,aggra-português,1426,warrior,fury,59,29,30
Monbun,silvermoon,1424,warrior,fury,24,15,9
Reidunøks,kazzak,1422,warrior,fury,83,44,39
Touguro,aggra-português,1422,warrior,fury,57,26,31
Madaxe,kazzak,1421,warrior,fury,24,15,9
Bravestar,ungoro,1421,warrior,fury,78,36,42
Profär,archimonde,1419,warrior,fury,30,16,14
Flexecutie,silvermoon,1414,warrior,fury,30,17,13
Bäiley,drakthul,1413,warrior,fury,42,15,27
Æsterius,blackmoore,1411,warrior,fury,95,47,48
Магрейн,grom,1408,warrior,fury,68,30,38
Mustar,alexstrasza,1407,warrior,fury,65,37,28
Артен,ashenvale,1407,warrior,fury,32,15,17
Thagzar,burning-legion,1406,warrior,fury,156,74,82
Sonyd,tarren-mill,1405,warrior,fury,36,22,14
Gamepresa,silvermoon,1404,warrior,fury,61,30,31
Krieg,garrosh,1403,warrior,fury,53,19,34
Torok,antonidas,1402,warrior,fury,36,25,11
Faylania,tarren-mill,1402,warrior,fury,36,21,15
Каган,gordunni,1402,warrior,fury,45,26,19
Krauus,silvermoon,1402,warrior,fury,109,59,50
Bukisan,sylvanas,1401,warrior,fury,66,32,34
Ralzung,twisting-nether,1400,warrior,fury,36,18,18
Akînos,kazzak,1400,warrior,fury,57,27,30
Gromrigg,draenor,1400,warrior,fury,59,25,34
Hidaykus,bronzebeard,1399,warrior,fury,70,35,35
Imora,silvermoon,1398,warrior,fury,36,21,15
Нириэла,howling-fjord,1396,warrior,fury,66,31,35
Prîde,kazzak,1394,warrior,fury,36,22,14
Èrzà,sanguino,1393,warrior,fury,30,16,14
Rëvenge,burning-legion,1391,warrior,fury,72,33,39
Keriane,garona,1389,warrior,fury,65,33,32
Kastraveci,outland,1389,warrior,fury,36,15,21
Штормскейл,soulflayer,1388,warrior,fury,30,16,14
Fîlzlaus,area-52,1387,warrior,fury,71,33,38
Skefe,archimonde,1383,warrior,fury,46,29,17
Golias,argent-dawn,1380,warrior,fury,24,16,8
Reccey,blackrock,1379,warrior,fury,30,16,14
Ligthblâd,hyjal,1378,warrior,fury,57,31,26
Rèckless,argent-dawn,1377,warrior,fury,24,18,6
Tigron,burning-legion,1377,warrior,fury,54,33,21
Антурим,howling-fjord,1377,warrior,fury,32,17,15
Terisá,blackmoore,1377,warrior,fury,40,20,20
Скехит,blackscar,1377,warrior,fury,54,23,31
Shán,defias-brotherhood,1375,warrior,fury,48,27,21
Unchåined,burning-legion,1372,warrior,fury,69,34,35
Rommick,guldan,1372,warrior,fury,60,27,33
Hervor,les-sentinelles,1370,warrior,fury,66,36,30
Zêke,thrall,1369,warrior,fury,18,16,2
Васильна,soulflayer,1369,warrior,fury,36,21,15
Арестант,soulflayer,1368,warrior,fury,125,66,59
Honör,sylvanas,1364,warrior,fury,36,16,20
Thaddaus,ravencrest,1363,warrior,fury,93,44,49
Gruttak,aegwynn,1361,warrior,fury,24,16,8
Килджаеден,deathguard,1358,warrior,fury,34,17,17
Wärfäcë,blades-edge,1357,warrior,fury,40,23,17
Ribastur,blackmoore,1355,warrior,fury,168,89,79
Oughn,silvermoon,1352,warrior,fury,57,30,27
Somalisktjur,tarren-mill,1347,warrior,fury,60,31,29
Stretch,thrall,1341,warrior,fury,31,15,16
Mitu,sanguino,1338,warrior,fury,24,14,10
Moggorr,nemesis,1334,warrior,fury,46,24,22
Kundrak,blackhand,1334,warrior,fury,37,19,18
Hirbz,silvermoon,1333,warrior,fury,66,34,32
Schuy,silvermoon,1333,warrior,fury,78,40,38
Taoke,ravencrest,1333,warrior,fury,30,14,16
Killhound,argent-dawn,1332,warrior,fury,24,14,10
Акози,fordragon,1332,warrior,fury,60,33,27
Вардеспетчер,razuvious,1331,warrior,fury,36,19,17
Kragar,anetheron,1329,warrior,fury,45,25,20
Skaurmosh,argent-dawn,1329,warrior,fury,60,31,29
Luunk,ravencrest,1329,warrior,fury,72,36,36
Жироштемп,gordunni,1329,warrior,fury,34,15,19
Ganaroth,tarren-mill,1328,warrior,fury,42,21,21
Pepegle,argent-dawn,1327,warrior,fury,24,14,10
Роконишу,gordunni,1326,warrior,fury,30,18,12
Джелорд,howling-fjord,1326,warrior,fury,30,14,16
Tweran,drakthul,1323,warrior,fury,29,14,15
Broksigarr,ragnaros,1321,warrior,fury,24,14,10
Vandalismee,draenor,1319,warrior,fury,18,14,4
Ðèxs,ravencrest,1318,warrior,fury,30,17,13
Buzzingwarr,tarren-mill,1318,warrior,fury,60,29,31
Svênsk,argent-dawn,1317,warrior,fury,32,17,15
Achonar,draenor,1317,warrior,fury,29,15,14
Xsasuke,ragnaros,1317,warrior,fury,36,17,19
Botgrinder,blackhand,1316,warrior,fury,47,27,20
Zíreael,ravencrest,1314,warrior,fury,72,34,38
Вархаус,blackscar,1313,warrior,fury,39,21,18
Offpants,drakthul,1313,warrior,fury,48,22,26
Hellguarrd,silvermoon,1311,warrior,fury,30,14,16
Ælvstan,argent-dawn,1310,warrior,fury,59,30,29
Rìsàs,draenor,1310,warrior,fury,138,65,73
Ryù,dun-modr,1310,warrior,fury,30,14,16
Midvînter,silvermoon,1307,warrior,fury,33,15,18
Grimli,burning-legion,1303,warrior,fury,42,24,18
Bigrooster,argent-dawn,1303,warrior,fury,102,52,50
Realz,malganis,1302,warrior,fury,66,33,33
Меняло,fordragon,1302,warrior,fury,41,20,21
Кровостокхх,gordunni,1301,warrior,fury,42,17,25
Reckless,tarren-mill,1300,warrior,fury,42,22,20
Tragix,hyjal,1300,warrior,fury,42,18,24
Умфи,howling-fjord,1299,warrior,fury,83,46,37
Warinator,ravencrest,1297,warrior,fury,49,28,21
Cokeaddict,argent-dawn,1295,warrior,fury,36,16,20
Usz,thunderhorn,1289,warrior,fury,36,22,14
Машамеч,blackscar,1289,warrior,fury,84,42,42
Hatenest,argent-dawn,1289,warrior,fury,126,56,70
Kllinac,kazzak,1288,warrior,fury,54,29,25
Ninja,bronze-dragonflight,1288,warrior,fury,93,44,49
Diioxyde,temple-noir,1287,warrior,fury,24,14,10
Roxxón,teldrassil,1285,warrior,fury,23,14,9
Buzzingorc,tarren-mill,1285,warrior,fury,60,32,28
Дедсдрыном,howling-fjord,1282,warrior,fury,78,40,38
Unn,ragnaros,1282,warrior,fury,69,34,35
Sammäel,eldrethalas,1281,warrior,fury,36,19,17
Haewon,burning-legion,1280,warrior,fury,53,25,28
Agitoyami,defias-brotherhood,1278,warrior,fury,109,60,49
Optimai,kazzak,1278,warrior,fury,68,31,37
Hobbó,draenor,1276,warrior,fury,66,23,43
Trollboii,ravencrest,1274,warrior,fury,27,14,13
Exeldians,burning-legion,1273,warrior,fury,20,14,6
Барабумм,soulflayer,1273,warrior,fury,107,55,52
Fenr,sanguino,1272,warrior,fury,52,34,18
Wariio,khaz-modan,1272,warrior,fury,47,27,20
Runkkusukka,defias-brotherhood,1271,warrior,fury,65,36,29
Furyre,ysondre,1271,warrior,fury,37,17,20
Honeymew,draenor,1271,warrior,fury,66,27,39
Kerando,tirion,1269,warrior,fury,29,14,15
Cortix,blackmoore,1268,warrior,fury,22,14,8
Watntietnn,burning-blade,1268,warrior,fury,49,24,25
Deusi,garrosh,1265,warrior,fury,60,32,28
Tarrior,shattered-halls,1264,warrior,fury,62,30,32
Zerm,draenor,1262,warrior,fury,24,15,9
Gritzi,dragonblight,1262,warrior,fury,60,29,31
Ikkr,kazzak,1262,warrior,fury,40,18,22
Wilæm,argent-dawn,1261,warrior,fury,71,34,37
Бормормуш,gordunni,1261,warrior,fury,73,30,43
Hangovar,thrall,1257,warrior,fury,33,18,15
Mortalclaw,kazzak,1256,warrior,fury,57,24,33
Drswing,kazzak,1255,warrior,fury,33,15,18
Dundulinka,outland,1255,warrior,fury,46,17,29
Kurko,blackmoore,1254,warrior,fury,29,14,15
Toughwar,tarren-mill,1253,warrior,fury,66,35,31
Аштау,howling-fjord,1250,warrior,fury,154,71,83
Immørtálx,tarren-mill,1248,warrior,fury,30,13,17
Рагнарульв,gordunni,1248,warrior,fury,36,15,21
Фктп,blackscar,1247,warrior,fury,24,13,11
Stóna,blackmoore,1247,warrior,fury,36,13,23
Vulcán,aerie-peak,1246,warrior,fury,24,13,11
Warrzor,auchindoun,1246,warrior,fury,30,13,17
Moknar,alonsus,1246,warrior,fury,47,19,28
Tidarius,twisting-nether,1245,warrior,fury,24,13,11
Littlebugger,ravencrest,1244,warrior,fury,24,13,11
Илийя,razuvious,1243,warrior,fury,24,13,11
Ragnurk,draenor,1242,warrior,fury,60,20,40
Tàuruss,blackhand,1241,warrior,fury,34,18,16
Рсдрпб,eversong,1241,warrior,fury,30,15,15
Timidman,kazzak,1240,warrior,fury,24,13,11
Lâmy,khaz-modan,1240,warrior,fury,60,26,34
Astreimehns,sanguino,1239,warrior,fury,18,13,5
Слайдус,gordunni,1239,warrior,fury,62,31,31
Chidòri,tarren-mill,1237,warrior,fury,27,13,14
Lepetitwar,hyjal,1237,warrior,fury,30,13,17
Mamox,archimonde,1236,warrior,fury,25,14,11
Рекиро,blackscar,1236,warrior,fury,24,13,11
Alevucerdaa,draenor,1236,warrior,fury,36,15,21
Azzog,archimonde,1234,warrior,fury,80,44,36
Habaneroo,zuljin,1230,warrior,fury,30,13,17
Bloodmyst,kazzak,1229,warrior,fury,24,13,11
Larvalis,blackmoore,1229,warrior,fury,37,15,22
Кимиюки,gordunni,1228,warrior,fury,30,13,17
Skullfondler,argent-dawn,1226,warrior,fury,24,13,11
Rayeron,sanguino,1226,warrior,fury,75,38,37
Quigatron,frostmane,1225,warrior,fury,42,25,17
Varyian,sporeggar,1225,warrior,fury,68,32,36
Schmetterina,proudmoore,1223,warrior,fury,49,28,21
Warrmax,darksorrow,1223,warrior,fury,78,41,37
Anubisra,alakir,1220,warrior,fury,26,16,10
Kebra,blackmoore,1220,warrior,fury,87,49,38
Shieldlord,kazzak,1218,warrior,fury,129,59,70
Ouryuu,hyjal,1218,warrior,fury,56,25,31
Atrôcithy,silvermoon,1211,warrior,fury,22,14,8
Delinde,cthun,1209,warrior,fury,93,45,48
Damonx,draenor,1207,warrior,fury,36,19,17
Аесоо,gordunni,1206,warrior,fury,129,61,68
Yildiz,kargath,1204,warrior,fury,103,57,46
Warriorc,hellfire,1203,warrior,fury,36,20,16
Vhy,antonidas,1201,warrior,fury,48,22,26
Toporceanul,kazzak,1201,warrior,fury,41,14,27
Thors,deathwing,1198,warrior,fury,124,62,62
Nmwar,turalyon,1198,warrior,fury,33,15,18
Barsok,sanguino,1198,warrior,fury,36,16,20
Отнулядоста,gordunni,1198,warrior,fury,61,25,36
Жужащий,howling-fjord,1197,warrior,fury,74,31,43
Antraex,zuljin,1193,warrior,fury,36,15,21
Blaying,ravencrest,1192,warrior,fury,23,13,10
Kirkwood,terokkar,1192,warrior,fury,71,34,37
Bolss,silvermoon,1188,warrior,fury,73,28,45
Nubá,burning-legion,1187,warrior,fury,36,24,12
Gardom,doomhammer,1187,warrior,fury,70,41,29
Азктор,soulflayer,1186,warrior,fury,35,15,20
Drolaret,zuljin,1186,warrior,fury,33,14,19
Bigmercy,ragnaros,1184,warrior,fury,29,15,14
Coyle,eredar,1182,warrior,fury,140,62,78
Джэкмен,soulflayer,1175,warrior,fury,22,14,8
Säl,ragnaros,1175,warrior,fury,37,20,17
Saey,malorne,1174,warrior,fury,56,25,31
Номер,eversong,1174,warrior,fury,126,56,70
Flaggerware,stormscale,1171,warrior,fury,30,13,17
Суммрак,grom,1166,warrior,fury,38,16,22
Tato,frostmourne,1165,warrior,fury,23,13,10
Ragedotcom,archimonde,1158,warrior,fury,34,16,18
Варёнок,soulflayer,1155,warrior,fury,34,17,17
Исскатель,gordunni,1150,warrior,fury,12,12,0
Slamborghini,twisting-nether,1150,warrior,fury,18,12,6
Gatts,krasus,1149,warrior,fury,18,12,6
Dangeruos,ragnaros,1149,warrior,fury,24,12,12
Oxascand,kazzak,1149,warrior,fury,75,31,44
Spitonem,blackrock,1148,warrior,fury,24,12,12
Zbra,draenor,1147,warrior,fury,24,12,12
Neoballâc,uldum,1144,warrior,fury,24,12,12
Baoni,hyjal,1144,warrior,fury,30,12,18
Yopa,draenor,1143,warrior,fury,33,13,20
Ragecap,rexxar,1142,warrior,fury,44,18,26
Bluemango,ragnaros,1141,warrior,fury,24,12,12
Инфиль,howling-fjord,1140,warrior,fury,30,12,18
Itchiiz,alonsus,1138,warrior,fury,24,12,12
Saîx,garrosh,1138,warrior,fury,82,38,44
Андервульф,booty-bay,1137,warrior,fury,30,12,18
Exhumator,blackhand,1135,warrior,fury,36,12,24
Madhardy,chamber-of-aspects,1133,warrior,fury,24,12,12
Sekecmazec,turalyon,1129,warrior,fury,63,22,41
Pybal,stormscale,1128,warrior,fury,18,12,6
Thibow,hyjal,1127,warrior,fury,24,14,10
Sadjoke,draenor,1125,warrior,fury,30,13,17
Cuuz,outland,1122,warrior,fury,30,12,18
Well,kult-der-verdammten,1121,warrior,fury,24,12,12
Nykyro,draenor,1119,warrior,fury,66,29,37
Moustachu,kirin-tor,1118,warrior,fury,27,14,13
Ульданианин,gordunni,1115,warrior,fury,24,12,12
Pahanâ,arygos,1111,warrior,fury,24,12,12
Izmadfurax,archimonde,1110,warrior,fury,24,13,11
Gabbz,aggra-português,1109,warrior,fury,33,13,20
Ranndall,blackrock,1108,warrior,fury,36,16,20
Akkamagosh,argent-dawn,1107,warrior,fury,34,13,21
Zetsurin,sylvanas,1105,warrior,fury,66,23,43
Красемир,deepholm,1097,warrior,fury,47,23,24
Sabrewølf,blackmoore,1096,warrior,fury,48,24,24
Killpieric,krasus,1095,warrior,fury,36,13,23
Shalren,nordrassil,1092,warrior,fury,44,23,21
Justviktor,ravencrest,1092,warrior,fury,41,15,26
Floppikatten,kazzak,1091,warrior,fury,18,13,5
Grobler,blackhand,1091,warrior,fury,42,16,26
Mistawolf,ravencrest,1090,warrior,fury,30,16,14
Копенгаген,ashenvale,1087,warrior,fury,30,16,14
Dramiél,tarren-mill,1083,warrior,fury,23,13,10
Draxxann,ravencrest,1077,warrior,fury,18,13,5
Федорссумкин,gordunni,1075,warrior,fury,20,12,8
Wrathchild,blackrock,1069,warrior,fury,35,14,21
Macgull,ysondre,1063,warrior,fury,48,20,28
Dwarfsteel,stormscale,1056,warrior,fury,24,11,13
Luphrek,ysondre,1056,warrior,fury,30,11,19
Зенобий,gordunni,1055,warrior,fury,12,11,1
Кофесмолоком,ashenvale,1055,warrior,fury,18,11,7
Эпитафорх,blackscar,1055,warrior,fury,18,11,7
Maroux,malganis,1055,warrior,fury,18,11,7
Prixor,grim-batol,1055,warrior,fury,24,11,13
Ntouziera,silvermoon,1055,warrior,fury,30,11,19
Ciuez,tarren-mill,1054,warrior,fury,18,11,7
Мастерион,soulflayer,1054,warrior,fury,18,11,7
Rãzmø,hyjal,1054,warrior,fury,24,11,13
Snuzzygeezer,ravencrest,1053,warrior,fury,18,11,7
Circumcist,dragonblight,1053,warrior,fury,18,11,7
Лордэнгри,howling-fjord,1053,warrior,fury,22,12,10
Oksimbillah,blackrock,1053,warrior,fury,24,11,13
Amagaddon,draenor,1050,warrior,fury,28,12,16
Obox,ravencrest,1048,warrior,fury,18,11,7
Enderyx,blackhand,1048,warrior,fury,24,11,13
Buffury,twisting-nether,1045,warrior,fury,18,11,7
Whysospicey,lightbringer,1043,warrior,fury,21,12,9
Ragnòk,eredar,1043,warrior,fury,54,20,34
Romanondo,doomhammer,1039,warrior,fury,18,11,7
Tdanielt,burning-legion,1032,warrior,fury,18,11,7
Valhrann,dalaran,1024,warrior,fury,24,11,13
Sairos,kirin-tor,1019,warrior,fury,66,35,31
Orcgrim,nozdormu,1019,warrior,fury,42,20,22
Andij,blackmoore,1018,warrior,fury,30,11,19
Громорашман,grom,1017,warrior,fury,20,12,8
Жиестьдон,soulflayer,1015,warrior,fury,38,17,21
Sperta,frostmourne,1009,warrior,fury,47,25,22
Рыджеральд,howling-fjord,1009,warrior,fury,31,15,16
Насувака,deathguard,1000,warrior,fury,29,11,18
Fknmoo,kazzak,997,warrior,fury,78,39,39
Hazl,balnazzar,991,warrior,fury,40,24,16
Edwsan,cthun,990,warrior,fury,42,20,22
Fatspacka,argent-dawn,989,warrior,fury,20,11,9
Торакусу,gordunni,987,warrior,fury,36,19,17
Lobotomywar,drakthul,981,warrior,fury,18,12,6
Niozihex,the-maelstrom,981,warrior,fury,39,16,23
Solatika,alexstrasza,980,warrior,fury,114,61,53
Krlebajker,tarren-mill,977,warrior,fury,27,14,13
Whiteebeardd,draenor,977,warrior,fury,54,23,31
Nogo,nagrand,975,warrior,fury,50,29,21
Falaliss,elune,975,warrior,fury,56,26,30
Snoopdad,ravencrest,966,warrior,fury,27,15,12
Эребб,howling-fjord,966,warrior,fury,60,29,31
Seka,nozdormu,962,warrior,fury,171,85,86
Pj,sanguino,960,warrior,fury,12,10,2
Ástriax,ravencrest,960,warrior,fury,18,10,8
Brigitá,argent-dawn,960,warrior,fury,18,10,8
Murgrimm,die-silberne-hand,960,warrior,fury,81,42,39
Silq,zuljin,960,warrior,fury,24,10,14
Féélmyfury,tarren-mill,959,warrior,fury,17,10,7
Oowar,burning-legion,959,warrior,fury,18,10,8
Scelletonx,silvermoon,959,warrior,fury,18,10,8
Tenicx,ravencrest,959,warrior,fury,18,10,8
Highoverlord,aggra-português,959,warrior,fury,18,10,8
Raicho,dentarg,959,warrior,fury,18,10,8
Unqlolz,kazzak,959,warrior,fury,18,10,8
Solaje,dun-modr,959,warrior,fury,18,10,8
Theolcostaud,archimonde,959,warrior,fury,24,10,14
Мундэфэндэр,lich-king,959,warrior,fury,24,10,14
Xåb,dun-morogh,959,warrior,fury,32,10,22
Agoobagoo,alakir,958,warrior,fury,12,10,2
Søil,tarren-mill,958,warrior,fury,18,10,8
Bloodwatchêr,kazzak,958,warrior,fury,18,10,8
Ampw,ravencrest,958,warrior,fury,18,10,8
Taaø,ravencrest,958,warrior,fury,24,10,14
Razoo,stormscale,958,warrior,fury,30,10,20
Stêrkku,twisting-nether,958,warrior,fury,30,10,20
Budwise,stormscale,957,warrior,fury,18,10,8
Sköldpaddor,tarren-mill,957,warrior,fury,22,11,11
Fortressa,ravencrest,957,warrior,fury,30,10,20
Янесними,soulflayer,956,warrior,fury,18,10,8
Settin,silvermoon,956,warrior,fury,18,10,8
Jisoowar,blackhand,956,warrior,fury,24,10,14
Thodak,blackrock,956,warrior,fury,30,10,20
Kurenn,tarren-mill,956,warrior,fury,30,10,20
Razza,ravencrest,955,warrior,fury,18,10,8
Onga,frostwolf,954,warrior,fury,18,10,8
Xugzug,blackmoore,954,warrior,fury,24,10,14
Борзило,howling-fjord,953,warrior,fury,18,10,8
Xonnico,ravencrest,953,warrior,fury,30,11,19
Nighat,sanguino,952,warrior,fury,12,10,2
Grák,bronze-dragonflight,952,warrior,fury,18,10,8
Taurras,nathrezim,952,warrior,fury,86,45,41
Darriuso,kazzak,952,warrior,fury,24,10,14
Exsomnis,outland,951,warrior,fury,18,10,8
Madfu,draenor,950,warrior,fury,18,10,8
Лизерус,eversong,949,warrior,fury,12,10,2
Morishcrak,kazzak,948,warrior,fury,33,11,22
Erenowski,twisting-nether,945,warrior,fury,18,10,8
Xaturesw,twisting-nether,943,warrior,fury,12,10,2
Помойник,gordunni,939,warrior,fury,151,78,73
Tiapollo,dun-modr,932,warrior,fury,29,10,19
Dolora,ragnaros,930,warrior,fury,18,10,8
Kungeen,silvermoon,923,warrior,fury,68,23,45
Arzes,draenor,920,warrior,fury,29,10,19
Zeppek,dalaran,918,warrior,fury,65,33,32
Dirtybugga,nagrand,916,warrior,fury,16,11,5
Kratosz,bloodscalp,913,warrior,fury,38,20,18
Дерзкаяфурия,gordunni,913,warrior,fury,23,10,13
Rédsonja,chamber-of-aspects,909,warrior,fury,52,25,27
Noseringer,frostwolf,902,warrior,fury,15,10,5
Ogerit,blackmoore,898,warrior,fury,30,14,16
Gozgu,stormscale,895,warrior,fury,14,10,4
Суферна,howling-fjord,894,warrior,fury,27,13,14
Gnompower,archimonde,892,warrior,fury,17,10,7
Bëlzé,les-clairvoyants,887,warrior,fury,38,14,24
Mélin,ravencrest,876,warrior,fury,19,10,9
Jâbs,hyjal,875,warrior,fury,36,11,25
Kabbuki,die-aldor,871,warrior,fury,24,12,12
Stroj,aerie-peak,868,warrior,fury,65,32,33
Granlach,sunstrider,864,warrior,fury,12,9,3
Sparkzu,twisting-nether,864,warrior,fury,12,9,3
Licious,outland,864,warrior,fury,12,9,3
Swofty,arygos,864,warrior,fury,12,9,3
Kihili,twisting-nether,864,warrior,fury,12,9,3
Ørìgíñälgøðx,archimonde,864,warrior,fury,12,9,3
Lzdmfckmeazy,blackmoore,864,warrior,fury,15,10,5
Warzzor,auchindoun,864,warrior,fury,18,9,9
Рэйвисмашина,gordunni,864,warrior,fury,24,9,15
Discordîan,twisting-nether,863,warrior,fury,12,9,3
Веоленс,gordunni,863,warrior,fury,12,9,3
Raoh,blackrock,863,warrior,fury,12,9,3
Dontrundie,kazzak,863,warrior,fury,18,9,9
Raynhorn,silvermoon,863,warrior,fury,18,9,9
Нейв,blackscar,863,warrior,fury,18,9,9
Showerfresh,silvermoon,863,warrior,fury,18,9,9
Grimic,quelthalas,863,warrior,fury,18,9,9
Therealskull,grim-batol,863,warrior,fury,18,9,9
Tandrall,rexxar,863,warrior,fury,24,9,15
Синнэр,blackscar,863,warrior,fury,24,9,15
Zyzie,argent-dawn,863,warrior,fury,24,9,15
Inflacija,grim-batol,863,warrior,fury,24,9,15
Chadgarrosh,tarren-mill,863,warrior,fury,24,9,15
Exzecute,outland,862,warrior,fury,12,9,3
Cianna,silvermoon,862,warrior,fury,12,9,3
Gypsykìng,darksorrow,862,warrior,fury,18,9,9
Grimleaper,twisting-nether,862,warrior,fury,18,9,9
Erosdulko,silvermoon,862,warrior,fury,24,9,15
Denshyel,dun-modr,861,warrior,fury,15,10,5
Throck,drakthul,861,warrior,fury,18,9,9
Кроуфури,gordunni,860,warrior,fury,12,9,3
Nicperh,dun-modr,860,warrior,fury,18,9,9
Эфириад,soulflayer,859,warrior,fury,18,9,9
Toecutter,defias-brotherhood,859,warrior,fury,21,10,11
Valkirya,arthas,859,warrior,fury,24,9,15
Ragecrit,ragnaros,859,warrior,fury,24,9,15
Zalumorth,magtheridon,856,warrior,fury,26,13,13
Rqyz,tarren-mill,856,warrior,fury,18,9,9
Saykage,blackhand,854,warrior,fury,18,9,9
Warfield,draenor,853,warrior,fury,24,9,15
Блиблоб,eversong,852,warrior,fury,18,9,9
Pollverizer,ghostlands,851,warrior,fury,36,16,20
Sparkss,sylvanas,850,warrior,fury,18,9,9
Спунжио,ashenvale,848,warrior,fury,18,9,9
Tiscanno,nemesis,842,warrior,fury,49,24,25
Amsti,doomhammer,839,warrior,fury,12,9,3
Ânaxi,silvermoon,831,warrior,fury,14,10,4
Warallari,khaz-modan,829,warrior,fury,18,9,9
Jøtawarrior,sanguino,815,warrior,fury,17,9,8
Варриорнир,howling-fjord,814,warrior,fury,14,10,4
Merdé,blackhand,811,warrior,fury,30,13,17
Ocelote,elune,794,warrior,fury,18,9,9
Guinnasse,khaz-modan,794,warrior,fury,21,9,12
Wotulko,blackrock,793,warrior,fury,17,9,8
Taurenboii,ravencrest,784,warrior,fury,13,9,4
Blizo,tarren-mill,768,warrior,fury,12,8,4
Shhimbanned,doomhammer,768,warrior,fury,12,8,4
Crîxús,silvermoon,768,warrior,fury,12,8,4
Hangart,argent-dawn,768,warrior,fury,12,8,4
Zern,draenor,768,warrior,fury,12,8,4
Punks,ravencrest,768,warrior,fury,12,8,4
Bxnx,aegwynn,768,warrior,fury,12,8,4
Jokkul,tarren-mill,768,warrior,fury,12,8,4
Aléxsandra,ravencrest,768,warrior,fury,12,8,4
Jengaa,draenor,768,warrior,fury,12,8,4
Мигнт,blackscar,768,warrior,fury,12,8,4
Ironfangs,argent-dawn,768,warrior,fury,12,8,4
Cathériné,drakthul,768,warrior,fury,12,8,4
Untiltèd,ravencrest,768,warrior,fury,18,8,10
Pòóòóòóòópz,dun-modr,768,warrior,fury,18,8,10
Joéfernandés,sylvanas,768,warrior,fury,18,8,10
Krathox,kazzak,768,warrior,fury,18,8,10
Zimbabakunda,ravencrest,768,warrior,fury,18,8,10
Alpairx,aegwynn,768,warrior,fury,24,8,16
Báshx,outland,767,warrior,fury,12,8,4
Баджераа,soulflayer,767,warrior,fury,12,8,4
Мастерпве,blackscar,767,warrior,fury,12,8,4
Рэкла,grom,767,warrior,fury,12,8,4
Largeblade,kazzak,767,warrior,fury,12,8,4
Míngxuan,tarren-mill,767,warrior,fury,12,8,4
Skeptikal,argent-dawn,767,warrior,fury,12,8,4
Wätras,drakthul,767,warrior,fury,12,8,4
Fortësque,uldaman,767,warrior,fury,12,8,4
Youups,twisting-nether,767,warrior,fury,12,8,4
Skillclapped,ravencrest,767,warrior,fury,15,9,6
Онатолька,eversong,767,warrior,fury,16,9,7
Painswift,blackhand,767,warrior,fury,18,8,10
Rowr,argent-dawn,767,warrior,fury,18,8,10
Ðíscøwârrìør,nethersturm,767,warrior,fury,18,8,10
Savarøx,blackmoore,767,warrior,fury,18,8,10
Dallion,azjolnerub,767,warrior,fury,18,8,10
Elainax,eredar,767,warrior,fury,18,8,10
Divyx,tarren-mill,767,warrior,fury,18,8,10
Ødên,frostmane,767,warrior,fury,18,8,10
Rndname,malganis,767,warrior,fury,18,8,10
Wowbert,frostwolf,767,warrior,fury,18,8,10
Глинм,gordunni,767,warrior,fury,24,8,16
Ампутиль,gordunni,766,warrior,fury,12,8,4
Fivejee,ravencrest,766,warrior,fury,12,8,4
Himä,burning-legion,766,warrior,fury,12,8,4
Thebiggreen,twisting-nether,766,warrior,fury,12,8,4
Ffrostwolff,azjolnerub,766,warrior,fury,12,8,4
Dajnatarcze,burning-legion,766,warrior,fury,18,8,10
Arlan,dragonblight,766,warrior,fury,30,8,22
Knussnacker,sanguino,765,warrior,fury,12,8,4
Сэч,gordunni,765,warrior,fury,12,8,4
Armirtile,twisting-nether,765,warrior,fury,18,8,10
Blairne,burning-blade,765,warrior,fury,24,8,16
Malasortë,sylvanas,764,warrior,fury,18,8,10
Furginox,argent-dawn,764,warrior,fury,24,8,16
Greatsword,turalyon,763,warrior,fury,12,8,4
Gudvin,terokkar,763,warrior,fury,12,8,4
Ipes,blackmoore,763,warrior,fury,15,9,6
Cazzpowa,frostmane,762,warrior,fury,12,8,4
Kaerz,ysondre,762,warrior,fury,18,8,10
Khaalo,blackhand,760,warrior,fury,12,8,4
Czarian,ragnaros,759,warrior,fury,36,8,28
Zarkos,onyxia,754,warrior,fury,24,8,16
Destrzadora,exodar,750,warrior,fury,18,8,10
Giemb,doomhammer,740,warrior,fury,30,8,22
Aedin,ravencrest,734,warrior,fury,17,8,9
Арнвальд,galakrond,728,warrior,fury,18,8,10
Вагранна,soulflayer,719,warrior,fury,17,8,9
Zhear,kazzak,718,warrior,fury,17,8,9
Осгаард,gordunni,711,warrior,fury,21,10,11
Kilkov,emeriss,701,warrior,fury,16,8,8
Amédé,ysondre,697,warrior,fury,17,8,9
Bubbsi,turalyon,674,warrior,fury,24,8,16
Дмидрашх,howling-fjord,672,warrior,fury,10,8,2
Avgorcgodx,stormscale,672,warrior,fury,12,7,5
Фомори,howling-fjord,672,warrior,fury,12,7,5
Lildaddypump,ravencrest,672,warrior,fury,12,7,5
Jeepzinc,blackmoore,672,warrior,fury,12,7,5
Седунг,gordunni,672,warrior,fury,12,7,5
Waroworgen,terokkar,672,warrior,fury,12,7,5
Seraphys,ravencrest,672,warrior,fury,12,7,5
Duarel,blackmoore,672,warrior,fury,12,7,5
Lyrv,ravencrest,672,warrior,fury,12,7,5
Eekz,haomarush,672,warrior,fury,12,7,5
Инкула,gordunni,672,warrior,fury,12,7,5
Xurainzone,eredar,672,warrior,fury,12,7,5
Fraq,tarren-mill,672,warrior,fury,12,7,5
Где,blackscar,672,warrior,fury,12,7,5
Divinvibra,dalaran,672,warrior,fury,12,7,5
Xxeqtr,kazzak,672,warrior,fury,12,7,5
Hàssard,outland,672,warrior,fury,12,7,5
Quadfather,kazzak,672,warrior,fury,12,7,5
Nerfslam,stormscale,672,warrior,fury,17,8,9
Учихагодх,howling-fjord,672,warrior,fury,18,7,11
Кэйкан,gordunni,672,warrior,fury,18,7,11
Foboa,archimonde,672,warrior,fury,18,7,11
Gramrosh,eredar,672,warrior,fury,18,7,11
Omcat,dun-modr,672,warrior,fury,18,7,11
Emcix,aszune,672,warrior,fury,18,7,11
Shintuargar,blackrock,672,warrior,fury,18,7,11
Baluste,culte-de-la-rive-noire,672,warrior,fury,18,7,11
Pépêloup,archimonde,671,warrior,fury,12,7,5
Dgyfh,dun-morogh,671,warrior,fury,12,7,5
Sargonas,burning-blade,671,warrior,fury,12,7,5
Bruxus,blackhand,671,warrior,fury,12,7,5
Rryba,blackrock,671,warrior,fury,12,7,5
Sniperwølf,tyrande,671,warrior,fury,12,7,5
Чиллх,gordunni,671,warrior,fury,12,7,5
Zehirjin,sargeras,671,warrior,fury,12,7,5
Broknagar,draenor,671,warrior,fury,12,7,5
Arturdayne,sanguino,671,warrior,fury,12,7,5
Теокрафт,howling-fjord,671,warrior,fury,12,7,5
Лаинвуд,soulflayer,671,warrior,fury,15,8,7
Jaowa,blackmoore,671,warrior,fury,18,7,11
Мембершримп,howling-fjord,671,warrior,fury,18,7,11
Hagoxfit,los-errantes,671,warrior,fury,18,7,11
Kolxoz,doomhammer,671,warrior,fury,18,7,11
Bonnejournée,stormscale,671,warrior,fury,18,7,11
Izrael,alakir,670,warrior,fury,12,7,5
Drexx,ragnaros,670,warrior,fury,12,7,5
Gorgulg,stormscale,670,warrior,fury,12,7,5
Chadchadsson,ravencrest,670,warrior,fury,12,7,5
Vagor,draenor,670,warrior,fury,12,7,5
Dènethor,draenor,670,warrior,fury,12,7,5
Grahatia,magtheridon,670,warrior,fury,18,7,11
Напутанность,soulflayer,670,warrior,fury,18,7,11
Dabliu,burning-legion,670,warrior,fury,18,7,11
Bankaju,burning-legion,669,warrior,fury,18,7,11
Orengo,blackrock,668,warrior,fury,12,7,5
Giimlii,hyjal,668,warrior,fury,24,7,17
Téldrus,blackrock,667,warrior,fury,12,7,5
Garosh,drakthul,666,warrior,fury,12,7,5
Titanhaut,frostwolf,666,warrior,fury,12,7,5
Solidier,archimonde,666,warrior,fury,18,7,11
Inexo,blackrock,661,warrior,fury,18,7,11
Hemèra,hyjal,659,warrior,fury,24,10,14
Thezug,twisting-nether,639,warrior,fury,17,7,10
Pitii,burning-legion,638,warrior,fury,14,8,6
Xguildone,magtheridon,626,warrior,fury,26,8,18
Ентил,gordunni,623,warrior,fury,17,7,10
Autümn,argent-dawn,618,warrior,fury,21,8,13
Djranji,kazzak,607,warrior,fury,16,7,9
Grekowar,dalaran,606,warrior,fury,11,7,4
Scofiéld,lordaeron,601,warrior,fury,11,7,4
Parteyunques,sanguino,592,warrior,fury,13,7,6
Quarantino,ysondre,590,warrior,fury,23,7,16
Артэкриогг,soulflayer,576,warrior,fury,6,6,0
Каосвар,howling-fjord,576,warrior,fury,6,6,0
Dracømort,dalaran,576,warrior,fury,12,6,6
Rândy,confrérie-du-thorium,576,warrior,fury,12,6,6
Vatolocoese,dun-morogh,576,warrior,fury,12,6,6
Dírectdash,draenor,576,warrior,fury,12,6,6
Sakumo,sylvanas,576,warrior,fury,12,6,6
Stanfury,sylvanas,576,warrior,fury,12,6,6
Рэйлет,gordunni,576,warrior,fury,12,6,6
Асгинор,gordunni,576,warrior,fury,12,6,6
Rudvard,hyjal,576,warrior,fury,12,6,6
Zkb,zuljin,576,warrior,fury,12,6,6
Ellissari,tirion,576,warrior,fury,12,6,6
Lathsmash,zenedar,576,warrior,fury,12,6,6
Timagno,nemesis,576,warrior,fury,12,6,6
Rarcus,chamber-of-aspects,576,warrior,fury,12,6,6
Nallepúh,silvermoon,576,warrior,fury,12,6,6
Gnomet,auchindoun,576,warrior,fury,12,6,6
Bstgame,frostmane,576,warrior,fury,12,6,6
Rylbrah,blackmoore,576,warrior,fury,12,6,6
Obitron,argent-dawn,576,warrior,fury,12,6,6
Waterquéen,outland,576,warrior,fury,12,6,6
Cleaner,blackmoore,576,warrior,fury,12,6,6
Aurélus,rexxar,576,warrior,fury,12,6,6
Kristinas,tarren-mill,576,warrior,fury,12,6,6
Dhloos,kazzak,576,warrior,fury,12,6,6
Redwraith,stormscale,576,warrior,fury,12,6,6
Shurubel,outland,576,warrior,fury,12,6,6
Faithless,azshara,576,warrior,fury,12,6,6
Crandalius,kazzak,576,warrior,fury,12,6,6
Humanboi,ravencrest,576,warrior,fury,12,6,6
Änvil,tarren-mill,576,warrior,fury,12,6,6
Palmexwar,drakthul,576,warrior,fury,12,6,6
Massiveape,argent-dawn,576,warrior,fury,18,6,12
Nemecic,arathor,576,warrior,fury,18,6,12
Prettyangel,aegwynn,576,warrior,fury,18,6,12
Сталиран,gordunni,576,warrior,fury,18,6,12
Mazzkze,silvermoon,576,warrior,fury,18,6,12
Hulkzmash,tarren-mill,576,warrior,fury,18,6,12
Чюнилингус,soulflayer,576,warrior,fury,19,6,13
Leorx,draenor,575,warrior,fury,12,6,6
Richymorty,los-errantes,575,warrior,fury,12,6,6
Bloódángel,frostwolf,575,warrior,fury,12,6,6
Jâmâli,malganis,575,warrior,fury,12,6,6
Конвержн,howling-fjord,575,warrior,fury,12,6,6
Esegryel,argent-dawn,575,warrior,fury,12,6,6
Fightinghell,stormrage,575,warrior,fury,12,6,6
Daramir,turalyon,575,warrior,fury,12,6,6
Gahal,tyrande,575,warrior,fury,12,6,6
Djayson,hyjal,575,warrior,fury,12,6,6
Durrüti,sanguino,575,warrior,fury,12,6,6
Nihroxis,blackrock,575,warrior,fury,12,6,6
Zulien,sanguino,575,warrior,fury,12,6,6
Roninwar,the-maelstrom,575,warrior,fury,12,6,6
Akäme,ysondre,575,warrior,fury,18,6,12
Иллидансер,howling-fjord,574,warrior,fury,12,6,6
Вкусныисыр,soulflayer,574,warrior,fury,12,6,6
Admiràl,azuremyst,573,warrior,fury,12,6,6
Kharzak,ungoro,573,warrior,fury,12,6,6
Зарган,howling-fjord,573,warrior,fury,24,6,18
Джомалкович,deathweaver,572,warrior,fury,12,6,6
Miina,blutkessel,566,warrior,fury,12,6,6
Khrund,burning-legion,566,warrior,fury,14,6,8
Evasni,magtheridon,541,warrior,fury,8,7,1
Piinte,naxxramas,536,warrior,fury,14,7,7
Skeptikal,tarren-mill,527,warrior,fury,11,6,5
Narkololzz,marécage-de-zangar,527,warrior,fury,15,6,9
Balsor,frostmane,526,warrior,fury,11,6,5
Ausrastus,blackhand,522,warrior,fury,16,7,9
Retmain,draenor,522,warrior,fury,20,8,12
Blutwar,kazzak,499,warrior,fury,25,11,14
Ézélya,dalaran,480,warrior,fury,6,5,1
Ptp,argent-dawn,480,warrior,fury,6,5,1
Achérus,varimathras,480,warrior,fury,6,5,1
Вульфычч,gordunni,480,warrior,fury,6,5,1
Griswarr,draenor,480,warrior,fury,6,5,1
Etelä,stormreaver,480,warrior,fury,6,5,1
Timmyda,dalaran,480,warrior,fury,6,5,1
Megabrux,colinas-pardas,480,warrior,fury,6,5,1
Gguts,archimonde,480,warrior,fury,6,5,1
Эксихард,gordunni,480,warrior,fury,6,5,1
Schmackes,terrordar,480,warrior,fury,6,5,1
Ганахан,soulflayer,480,warrior,fury,6,5,1
Melted,ravencrest,480,warrior,fury,6,5,1
Xtu,kazzak,480,warrior,fury,6,5,1
Agrias,burning-legion,480,warrior,fury,6,5,1
Уэсгар,blackscar,480,warrior,fury,6,5,1
Röell,draenor,480,warrior,fury,6,5,1
Dasdabane,twisting-nether,480,warrior,fury,6,5,1
Easypoîntsx,tarren-mill,480,warrior,fury,6,5,1
Дайбек,howling-fjord,480,warrior,fury,6,5,1
Брокскрим,soulflayer,480,warrior,fury,6,5,1
Bârney,ravencrest,480,warrior,fury,6,5,1
Damáge,doomhammer,480,warrior,fury,12,5,7
Darthmalgus,stormscale,480,warrior,fury,12,5,7
Donvasto,sylvanas,480,warrior,fury,12,5,7
Hellocritty,blackmoore,480,warrior,fury,12,5,7
Rohc,kazzak,480,warrior,fury,12,5,7
Dayz,draenor,480,warrior,fury,12,5,7
Dauderup,aerie-peak,480,warrior,fury,12,5,7
Kagsteelfist,twisting-nether,480,warrior,fury,12,5,7
Daymio,twisting-nether,480,warrior,fury,12,5,7
Bøgatyr,draenor,480,warrior,fury,12,5,7
Corlo,uldaman,480,warrior,fury,12,5,7
Helleon,twisting-nether,480,warrior,fury,12,5,7
Jugg,emerald-dream,480,warrior,fury,12,5,7
Килоагр,gordunni,480,warrior,fury,12,5,7
Léonie,arakarahm,480,warrior,fury,12,5,7
Bîmbämboom,blackmoore,480,warrior,fury,12,5,7
Friendlytwo,quelthalas,480,warrior,fury,12,5,7
Cemule,doomhammer,480,warrior,fury,12,5,7
Imorphius,silvermoon,480,warrior,fury,12,5,7
Beznacaj,outland,480,warrior,fury,12,5,7
Лысыч,gordunni,480,warrior,fury,12,5,7
Punahabe,draenor,480,warrior,fury,12,5,7
Rageaholic,blackmoore,480,warrior,fury,12,5,7
Gely,silvermoon,480,warrior,fury,12,5,7
Deadwaifu,ragnaros,480,warrior,fury,12,5,7
Axamo,ragnaros,480,warrior,fury,12,5,7
Кэфтэмэ,soulflayer,480,warrior,fury,12,5,7
Petrixens,drakthul,480,warrior,fury,12,5,7
Bløckqt,archimonde,480,warrior,fury,12,5,7
Orkoje,argent-dawn,480,warrior,fury,12,5,7
Stkacha,sanguino,480,warrior,fury,12,5,7
Kondomi,stormreaver,480,warrior,fury,12,5,7
Jhoakim,argent-dawn,480,warrior,fury,12,5,7
Soullmike,drakthul,480,warrior,fury,12,5,7
Chrobochrot,burning-blade,480,warrior,fury,12,5,7
Dyspó,sanguino,480,warrior,fury,12,5,7
Arthayl,eredar,480,warrior,fury,12,5,7
Ulthrak,archimonde,480,warrior,fury,12,5,7
Гатал,howling-fjord,480,warrior,fury,12,5,7
Ruixxted,stormreaver,480,warrior,fury,12,5,7
Warrouner,khaz-modan,480,warrior,fury,12,5,7
Wallach,darkspear,480,warrior,fury,12,5,7
Трис,fordragon,480,warrior,fury,12,5,7
Suknur,silvermoon,480,warrior,fury,12,5,7
Delonathor,drakthul,480,warrior,fury,18,5,13
Ukloth,sanguino,480,warrior,fury,18,5,13
Nightmareb,magtheridon,480,warrior,fury,18,5,13
Murotan,dalaran,480,warrior,fury,18,5,13
Artheim,silvermoon,480,warrior,fury,18,5,13
Fluffeh,argent-dawn,480,warrior,fury,18,5,13
Sodium,pozzo-delleternità,480,warrior,fury,18,5,13
Bindera,silvermoon,480,warrior,fury,18,5,13
Haregos,gorgonnash,479,warrior,fury,6,5,1
Porrter,silvermoon,479,warrior,fury,6,5,1
Telamonas,haomarush,479,warrior,fury,6,5,1
Стано,booty-bay,479,warrior,fury,9,6,3
Luciferkhan,twisting-nether,479,warrior,fury,12,5,7
Элейд,thermaplugg,479,warrior,fury,12,5,7
Maidenless,quelthalas,479,warrior,fury,12,5,7
Pipsysimp,ragnaros,479,warrior,fury,12,5,7
Moonkak,hyjal,479,warrior,fury,12,5,7
Cosmoses,mazrigos,479,warrior,fury,12,5,7
Prime,outland,479,warrior,fury,12,5,7
Marklarstar,ragnaros,479,warrior,fury,12,5,7
Чорныгвард,gordunni,479,warrior,fury,12,5,7
Wilmazutschn,nethersturm,479,warrior,fury,12,5,7
Motorhead,tirion,479,warrior,fury,12,5,7
Keaile,tarren-mill,479,warrior,fury,12,5,7
Селттик,grom,478,warrior,fury,12,5,7
Albabhaltair,quelthalas,476,warrior,fury,12,5,7
Roostai,shattered-hand,476,warrior,fury,12,5,7
Mane,thunderhorn,475,warrior,fury,12,5,7
Quickblade,perenolde,472,warrior,fury,12,5,7
Horymir,ravencrest,463,warrior,fury,11,5,6
Gigatscheb,eredar,447,warrior,fury,8,6,2
Valrathion,ravencrest,426,warrior,fury,17,8,9
Yugoslav,argent-dawn,426,warrior,fury,16,6,10
Famous,argent-dawn,400,warrior,fury,7,5,2
Tsu,karazhan,384,warrior,fury,6,4,2
Dollystyle,kazzak,384,warrior,fury,6,4,2
Saurens,twisting-nether,384,warrior,fury,6,4,2
Trôth,kazzak,384,warrior,fury,6,4,2
Tweaked,argent-dawn,384,warrior,fury,6,4,2
Ränchiëk,ravencrest,384,warrior,fury,6,4,2
Evilez,ravencrest,384,warrior,fury,6,4,2
Svinarghulk,twisting-nether,384,warrior,fury,6,4,2
Mórdér,blackmoore,384,warrior,fury,6,4,2
Ryghar,silvermoon,384,warrior,fury,6,4,2
Вульрайс,deepholm,384,warrior,fury,6,4,2
Gotnuub,tarren-mill,384,warrior,fury,6,4,2
Чосо,razuvious,384,warrior,fury,6,4,2
Orwarrio,thrall,384,warrior,fury,6,4,2
Впижаме,gordunni,384,warrior,fury,6,4,2
Thôras,anetheron,384,warrior,fury,6,4,2
Paynzx,blackrock,384,warrior,fury,6,4,2
Zeldius,ravencrest,384,warrior,fury,6,4,2
Chipstjuven,tarren-mill,384,warrior,fury,6,4,2
Izurritea,tarren-mill,384,warrior,fury,6,4,2
Nobelisarius,norgannon,384,warrior,fury,6,4,2
Satabasse,marécage-de-zangar,384,warrior,fury,6,4,2
Pierøne,nemesis,384,warrior,fury,6,4,2
Extasceh,turalyon,384,warrior,fury,6,4,2
Galatan,kazzak,384,warrior,fury,6,4,2
Strähne,malganis,384,warrior,fury,6,4,2
Asuross,dalaran,384,warrior,fury,6,4,2
Betonica,burning-legion,384,warrior,fury,6,4,2
Oluwafunmila,tarren-mill,384,warrior,fury,6,4,2
Ronipickerin,stormscale,384,warrior,fury,6,4,2
Deamonn,kazzak,384,warrior,fury,6,4,2
Zillrog,kazzak,384,warrior,fury,6,4,2
Ffrancis,eldrethalas,384,warrior,fury,6,4,2
Hynekiller,silvermoon,384,warrior,fury,6,4,2
Craíne,antonidas,384,warrior,fury,6,4,2
Devìlscandy,stormscale,384,warrior,fury,6,4,2
Bravest,ragnaros,384,warrior,fury,6,4,2
Korghar,xavius,384,warrior,fury,6,4,2
Vivaladirt,argent-dawn,384,warrior,fury,6,4,2
Vullgrîm,blackmoore,384,warrior,fury,6,4,2
Shalahed,outland,384,warrior,fury,6,4,2
Gandosh,blackmoore,384,warrior,fury,6,4,2
Çon,ravencrest,384,warrior,fury,6,4,2
Hofftor,eredar,384,warrior,fury,6,4,2
Truepassion,outland,384,warrior,fury,6,4,2
Infernall,burning-legion,384,warrior,fury,6,4,2
Shuriká,blackmoore,384,warrior,fury,6,4,2
Swàck,mazrigos,384,warrior,fury,6,4,2
Histe,thrall,384,warrior,fury,6,4,2
Roadsick,outland,384,warrior,fury,6,4,2
Madvlad,twisting-nether,384,warrior,fury,6,4,2
Warriur,silvermoon,384,warrior,fury,6,4,2
Stickifrån,darkspear,384,warrior,fury,6,4,2
Sambucá,blackmoore,384,warrior,fury,6,4,2
Vmnbgh,aszune,384,warrior,fury,6,4,2
Bersurker,draenor,384,warrior,fury,6,4,2
Dominikhasek,stormscale,384,warrior,fury,6,4,2
Bulgrash,blackmoore,384,warrior,fury,6,4,2
Orkboii,ravencrest,384,warrior,fury,6,4,2
Lunätic,sylvanas,384,warrior,fury,6,4,2
Lôreex,ravencrest,384,warrior,fury,6,4,2
Gonutz,sylvanas,384,warrior,fury,6,4,2
Dominow,ysondre,384,warrior,fury,6,4,2
Warbigboss,draenor,384,warrior,fury,6,4,2
Executte,zuljin,384,warrior,fury,6,4,2
Daldiee,ravencrest,384,warrior,fury,6,4,2
Razzani,nathrezim,384,warrior,fury,6,4,2
Имбасенпай,howling-fjord,384,warrior,fury,6,4,2
Viqi,alleria,384,warrior,fury,6,4,2
Нерморрог,howling-fjord,384,warrior,fury,6,4,2
Кайзерчиф,soulflayer,384,warrior,fury,6,4,2
Suzzon,hyjal,384,warrior,fury,6,4,2
Lôcutus,thrall,384,warrior,fury,6,4,2
Sanhaevel,ravencrest,384,warrior,fury,10,4,6
Golward,grim-batol,384,warrior,fury,11,4,7
Poniroula,burning-legion,384,warrior,fury,12,4,8
Развалочка,howling-fjord,384,warrior,fury,12,4,8
Деспазитыч,fordragon,384,warrior,fury,12,4,8
Цикламея,blackscar,384,warrior,fury,12,4,8
Изберг,soulflayer,384,warrior,fury,12,4,8
Råkeff,tarren-mill,384,warrior,fury,12,4,8
Yaune,ravencrest,384,warrior,fury,12,4,8
Aprilis,thrall,384,warrior,fury,12,4,8
Katmos,baelgun,384,warrior,fury,12,4,8
Bulletpants,argent-dawn,384,warrior,fury,12,4,8
Bastrick,argent-dawn,384,warrior,fury,12,4,8
Bwonsàmdí,ragnaros,384,warrior,fury,12,4,8
Колобочек,eversong,384,warrior,fury,12,4,8
Nukêr,dun-modr,384,warrior,fury,12,4,8
Fistawarrior,nemesis,384,warrior,fury,12,4,8
Himarsenko,silvermoon,384,warrior,fury,12,4,8
Nekerka,burning-legion,384,warrior,fury,12,4,8
Thorgaz,blackmoore,384,warrior,fury,12,4,8
Têtebruler,archimonde,384,warrior,fury,12,4,8
Ganzaésábi,aggra-português,384,warrior,fury,12,4,8
Bealin,the-venture-co,384,warrior,fury,12,4,8
Аркашевич,gordunni,384,warrior,fury,12,4,8
Барнетт,gordunni,384,warrior,fury,12,4,8
Shabir,sylvanas,384,warrior,fury,12,4,8
Andjuu,doomhammer,384,warrior,fury,12,4,8
Apacolata,outland,384,warrior,fury,12,4,8
Tanalias,outland,384,warrior,fury,12,4,8
Garradoom,stormscale,384,warrior,fury,17,5,12
Bigpapapap,kazzak,384,warrior,fury,16,4,12
Voa,stormscale,383,warrior,fury,6,4,2
Ronda,nemesis,383,warrior,fury,6,4,2
Siltiel,marécage-de-zangar,383,warrior,fury,6,4,2
Bulbumbo,twisting-nether,383,warrior,fury,6,4,2
Grenad,kazzak,383,warrior,fury,12,4,8
Dullegriet,veknilash,383,warrior,fury,12,4,8
Onslaught,pozzo-delleternità,383,warrior,fury,12,4,8
Jún,dun-modr,383,warrior,fury,12,4,8
Xhasan,sylvanas,383,warrior,fury,12,4,8
Basingaa,pozzo-delleternità,383,warrior,fury,12,4,8
Temprament,ravencrest,383,warrior,fury,12,4,8
Ruuddy,draenor,382,warrior,fury,12,4,8
Colliderbody,dun-modr,367,warrior,fury,9,5,4
Beogor,grim-batol,367,warrior,fury,11,4,7
Toxîn,dalaran,351,warrior,fury,11,4,7
Greensmash,hyjal,351,warrior,fury,14,5,9
Hembränt,hellfire,351,warrior,fury,17,4,13
Bossít,doomhammer,336,warrior,fury,9,4,5
Blackseven,ravencrest,330,warrior,fury,9,6,3
Skillissues,argent-dawn,330,warrior,fury,11,7,4
Zazate,archimonde,319,warrior,fury,5,4,1
Хоркан,blackscar,319,warrior,fury,8,4,4
Manelar,draenor,319,warrior,fury,8,4,4
Phòbos,stormrage,319,warrior,fury,11,4,7
Anaba,voljin,318,warrior,fury,10,4,6
Mfdoöm,draenor,288,warrior,fury,6,3,3
Alkuwaity,outland,288,warrior,fury,6,3,3
Rakherus,silvermoon,288,warrior,fury,6,3,3
Manký,kazzak,288,warrior,fury,6,3,3
Mïîäm,archimonde,288,warrior,fury,6,3,3
Dollybúrster,aegwynn,288,warrior,fury,6,3,3
Tabboonishka,draenor,288,warrior,fury,6,3,3
Sulemanslay,silvermoon,288,warrior,fury,6,3,3
Mumbojumbo,uldum,288,warrior,fury,6,3,3
Immera,silvermoon,288,warrior,fury,6,3,3
Гацс,soulflayer,288,warrior,fury,6,3,3
Nitheriá,draenor,288,warrior,fury,6,3,3
Nifrediel,trollbane,288,warrior,fury,6,3,3
Rägnât,dun-modr,288,warrior,fury,6,3,3
Xerone,doomhammer,288,warrior,fury,6,3,3
Barrocket,aegwynn,288,warrior,fury,6,3,3
Khrtw,silvermoon,288,warrior,fury,6,3,3
Hazarku,colinas-pardas,288,warrior,fury,6,3,3
Kronmw,dun-modr,288,warrior,fury,6,3,3
Dranosha,nemesis,288,warrior,fury,6,3,3
Azotz,archimonde,288,warrior,fury,6,3,3
Auauau,arthas,288,warrior,fury,6,3,3
Wärlight,nemesis,288,warrior,fury,6,3,3
Didgedelik,archimonde,288,warrior,fury,6,3,3
Uncledazzo,quelthalas,288,warrior,fury,6,3,3
Thørïn,dun-modr,288,warrior,fury,6,3,3
Sêrên,dun-modr,288,warrior,fury,6,3,3
Smâllpackage,silvermoon,288,warrior,fury,6,3,3
Hayahol,kazzak,288,warrior,fury,6,3,3
Immørtalx,area-52,288,warrior,fury,6,3,3
Høvdingen,outland,288,warrior,fury,6,3,3
Sørêy,aegwynn,288,warrior,fury,6,3,3
Anakhas,archimonde,288,warrior,fury,6,3,3
Wunderwaffle,xavius,288,warrior,fury,6,3,3
Nèssa,outland,288,warrior,fury,6,3,3
Elyozz,silvermoon,288,warrior,fury,6,3,3
Eiche,kazzak,288,warrior,fury,6,3,3
Iwts,archimonde,288,warrior,fury,6,3,3
Снакихснаки,gordunni,288,warrior,fury,6,3,3
Sathom,hyjal,288,warrior,fury,6,3,3
Васяжелезо,gordunni,288,warrior,fury,6,3,3
Döömed,drakthul,288,warrior,fury,6,3,3
Kopfnusskali,thrall,288,warrior,fury,6,3,3
Dorya,aegwynn,288,warrior,fury,6,3,3
Lilenrage,stormscale,288,warrior,fury,6,3,3
Грош,deepholm,288,warrior,fury,6,3,3
Skullsmasher,stormscale,288,warrior,fury,6,3,3
Balltas,drakthul,288,warrior,fury,6,3,3
Whàtsup,stormscale,288,warrior,fury,6,3,3
Hortswarr,drakthul,288,warrior,fury,6,3,3
Priceswex,ravencrest,288,warrior,fury,6,3,3
Afk,emeriss,288,warrior,fury,6,3,3
Tidùs,nethersturm,288,warrior,fury,6,3,3
Kåïdø,ravencrest,288,warrior,fury,6,3,3
Cleavyera,tarren-mill,288,warrior,fury,6,3,3
Ironmásk,tarren-mill,288,warrior,fury,6,3,3
Bernieboi,tarren-mill,288,warrior,fury,6,3,3
Ivailowar,ravencrest,288,warrior,fury,6,3,3
Philatou,antonidas,288,warrior,fury,6,3,3
Jamiex,marécage-de-zangar,288,warrior,fury,6,3,3
Eleborn,tarren-mill,288,warrior,fury,6,3,3
Taeshalach,der-abyssische-rat,288,warrior,fury,6,3,3
Geicoo,dalaran,288,warrior,fury,6,3,3
Gnarrwarr,eredar,288,warrior,fury,6,3,3
Frankytank,antonidas,288,warrior,fury,6,3,3
Drfeelgud,twisting-nether,288,warrior,fury,6,3,3
Lâppön,blackmoore,288,warrior,fury,6,3,3
Harimà,antonidas,288,warrior,fury,6,3,3
Reylanor,argent-dawn,288,warrior,fury,6,3,3
Kapuchino,twisting-nether,288,warrior,fury,6,3,3
Zarrgash,blackhand,288,warrior,fury,6,3,3
Sargul,ragnaros,288,warrior,fury,6,3,3
Previse,argent-dawn,288,warrior,fury,6,3,3
Blackwólf,bloodhoof,288,warrior,fury,6,3,3
Uthric,azuremyst,288,warrior,fury,6,3,3
Zilg,twisting-nether,288,warrior,fury,6,3,3
Grinrok,thrall,288,warrior,fury,6,3,3
Oombac,lordaeron,288,warrior,fury,6,3,3
Peon,eredar,288,warrior,fury,6,3,3
Cøbain,eredar,288,warrior,fury,6,3,3
Cryze,ravencrest,288,warrior,fury,6,3,3
Vory,ravencrest,288,warrior,fury,6,3,3
Neíd,malganis,288,warrior,fury,6,3,3
Berzzerker,tarren-mill,288,warrior,fury,6,3,3
Cyruk,blackmoore,288,warrior,fury,6,3,3
Aìrwave,blackmoore,288,warrior,fury,6,3,3
Septymyya,eredar,288,warrior,fury,9,4,5
Mouldyclunge,argent-dawn,288,warrior,fury,11,3,8
Zionto,draenor,288,warrior,fury,12,3,9
Kiryn,draenor,288,warrior,fury,12,3,9
Confliction,outland,288,warrior,fury,12,3,9
Slayfox,dun-morogh,288,warrior,fury,12,3,9
Manneen,outland,288,warrior,fury,12,3,9
Pamila,outland,288,warrior,fury,12,3,9
Pekknekck,outland,288,warrior,fury,12,3,9
Naspy,stormscale,288,warrior,fury,12,3,9
Aphae,defias-brotherhood,288,warrior,fury,12,3,9
Urabrask,stormscale,288,warrior,fury,12,3,9
Theunknown,eonar,288,warrior,fury,12,3,9
Conânan,blackrock,288,warrior,fury,12,3,9
Zyn,outland,288,warrior,fury,12,3,9
Gèrralt,hyjal,288,warrior,fury,12,3,9
Джондо,gordunni,288,warrior,fury,12,3,9
Mash,hyjal,288,warrior,fury,12,3,9
Ganian,stormscale,288,warrior,fury,12,3,9
Zercher,tarren-mill,288,warrior,fury,12,3,9
Nightvision,skullcrusher,288,warrior,fury,12,3,9
Ireincarnate,argent-dawn,288,warrior,fury,12,3,9
Skykrow,ysondre,288,warrior,fury,12,3,9
Гхазгхкалл,howling-fjord,288,warrior,fury,12,3,9
Mouliard,archimonde,288,warrior,fury,12,3,9
Hördê,zuljin,288,warrior,fury,12,3,9
Lyfttokyo,tarren-mill,288,warrior,fury,12,3,9
Malvred,eredar,288,warrior,fury,12,3,9
Devso,ravencrest,288,warrior,fury,12,3,9
Grommer,dentarg,288,warrior,fury,12,3,9
Valldi,argent-dawn,288,warrior,fury,12,3,9
Ôrcboi,tarren-mill,288,warrior,fury,12,3,9
Jasonnes,argent-dawn,288,warrior,fury,17,3,14
Atelier,magtheridon,287,warrior,fury,6,3,3
Gartenzwerge,kelthuzad,287,warrior,fury,6,3,3
Arnnau,dun-modr,287,warrior,fury,6,3,3
Luw,twisting-nether,287,warrior,fury,12,3,9
Agunnai,karazhan,286,warrior,fury,6,3,3
Raffael,pozzo-delleternità,286,warrior,fury,12,3,9
Гаррим,blackscar,256,warrior,fury,10,3,7
Kilsorrow,silvermoon,240,warrior,fury,9,4,5
Execute,sanguino,239,warrior,fury,5,3,2
Zeldaixi,twisting-nether,234,warrior,fury,10,5,5
Xqt,laughing-skull,234,warrior,fury,9,4,5
Fetidoman,zuljin,224,warrior,fury,10,3,7
Iarsonn,drakthul,223,warrior,fury,8,3,5
Флокт,howling-fjord,208,warrior,fury,7,3,4
Имбанутыйвар,soulflayer,192,warrior,fury,4,3,1
Цезарь,greymane,192,warrior,fury,4,3,1
Mudryk,burning-blade,192,warrior,fury,4,3,1
Балласёж,gordunni,192,warrior,fury,9,3,6
Gregórry,eredar,192,warrior,fury,6,2,4
Кентафурик,soulflayer,192,warrior,fury,6,2,4
Skullxy,talnivarr,192,warrior,fury,6,2,4
Троммтар,howling-fjord,192,warrior,fury,6,2,4
Souler,burning-legion,192,warrior,fury,6,2,4
Искристый,howling-fjord,192,warrior,fury,6,2,4
Даммодар,howling-fjord,192,warrior,fury,6,2,4
Miko,ysondre,192,warrior,fury,6,2,4
Miotyz,ahnqiraj,192,warrior,fury,6,2,4
Lianore,sanguino,192,warrior,fury,6,2,4
Виттурус,howling-fjord,192,warrior,fury,6,2,4
Джоулирэдблу,howling-fjord,192,warrior,fury,6,2,4
Raizy,frostwolf,192,warrior,fury,6,2,4
Кунгфурик,soulflayer,192,warrior,fury,6,2,4
Fuwy,argent-dawn,192,warrior,fury,6,2,4
Picklejuicer,argent-dawn,192,warrior,fury,6,2,4
Sertigan,dun-modr,192,warrior,fury,6,2,4
Buntstift,thrall,192,warrior,fury,6,2,4
Nabucadnozor,illidan,192,warrior,fury,6,2,4
Khòrne,sanguino,192,warrior,fury,6,2,4
Falnah,sargeras,192,warrior,fury,6,2,4
Ragghatt,draenor,192,warrior,fury,6,2,4
Ragelust,twisting-nether,192,warrior,fury,6,2,4
Kalakalle,twisting-nether,192,warrior,fury,6,2,4
Holdemhammer,sanguino,192,warrior,fury,6,2,4
Bruks,antonidas,192,warrior,fury,6,2,4
Dieselengine,draenor,192,warrior,fury,6,2,4
Illydan,turalyon,192,warrior,fury,6,2,4
Zalazain,burning-legion,192,warrior,fury,6,2,4
Oueban,doomhammer,192,warrior,fury,6,2,4
Aler,alakir,192,warrior,fury,6,2,4
Evilweraz,turalyon,192,warrior,fury,6,2,4
Гудмунт,borean-tundra,192,warrior,fury,6,2,4
Врэкклив,gordunni,192,warrior,fury,6,2,4
Wembley,proudmoore,192,warrior,fury,6,2,4
Korama,emerald-dream,192,warrior,fury,6,2,4
Malalulu,burning-legion,192,warrior,fury,6,2,4
Саркон,ashenvale,192,warrior,fury,6,2,4
Crocbait,ravencrest,192,warrior,fury,6,2,4
Xiiver,burning-legion,192,warrior,fury,6,2,4
Kímbo,tarren-mill,192,warrior,fury,6,2,4
Tagavaga,tarren-mill,192,warrior,fury,6,2,4
Jriddyzug,ravencrest,192,warrior,fury,6,2,4
Sgàthach,silvermoon,192,warrior,fury,6,2,4
Freddie,baelgun,192,warrior,fury,6,2,4
Mîcî,tarren-mill,192,warrior,fury,6,2,4
Like,blackrock,192,warrior,fury,6,2,4
Tyranitar,pozzo-delleternità,192,warrior,fury,6,2,4
Ezlx,stormscale,192,warrior,fury,6,2,4
Warthur,silvermoon,192,warrior,fury,6,2,4
Zugzugcleave,blackrock,192,warrior,fury,6,2,4
Optitt,dethecus,192,warrior,fury,6,2,4
Nexyycleave,kazzak,192,warrior,fury,6,2,4
Brutalz,kazzak,192,warrior,fury,6,2,4
Velgur,ravencrest,192,warrior,fury,6,2,4
Siuzy,blackrock,192,warrior,fury,6,2,4
Shownomercy,blackrock,192,warrior,fury,6,2,4
Sway,eonar,192,warrior,fury,6,2,4
Eyolf,thunderhorn,192,warrior,fury,6,2,4
Thogrêy,archimonde,192,warrior,fury,6,2,4
Elendurel,outland,192,warrior,fury,6,2,4
Kennzz,ravencrest,192,warrior,fury,6,2,4
Maniaco,kazzak,192,warrior,fury,6,2,4
Queak,kazzak,192,warrior,fury,6,2,4
Ruz,defias-brotherhood,192,warrior,fury,6,2,4
Rayyes,stormscale,192,warrior,fury,6,2,4
Suichôken,archimonde,192,warrior,fury,6,2,4
Fookyoup,stormscale,192,warrior,fury,6,2,4
Onykat,aegwynn,192,warrior,fury,6,2,4
Zargala,stormscale,192,warrior,fury,6,2,4
Suduri,drakthul,192,warrior,fury,6,2,4
Voffsen,tarren-mill,192,warrior,fury,6,2,4
Pemex,stormreaver,192,warrior,fury,6,2,4
Nokturnâl,silvermoon,192,warrior,fury,6,2,4
Jeembo,blackmoore,192,warrior,fury,6,2,4
Alxqt,outland,192,warrior,fury,6,2,4
Potátonerd,kazzak,192,warrior,fury,6,2,4
Raksor,hyjal,192,warrior,fury,6,2,4
Kaveli,tarren-mill,192,warrior,fury,6,2,4
Zirvey,tarren-mill,192,warrior,fury,6,2,4
Sefty,tarren-mill,192,warrior,fury,6,2,4
Cesaro,blackhand,192,warrior,fury,6,2,4
Lánse,ravencrest,192,warrior,fury,6,2,4
Qiz,silvermoon,192,warrior,fury,6,2,4
Chrymiiee,blutkessel,192,warrior,fury,6,2,4
Dorwarhoof,ravencrest,192,warrior,fury,6,2,4
Whitescale,silvermoon,192,warrior,fury,6,2,4
Walkers,frostmane,192,warrior,fury,6,2,4
Jambaz,ravencrest,192,warrior,fury,6,2,4
Gomblin,blackmoore,192,warrior,fury,6,2,4
Piixxz,hyjal,192,warrior,fury,6,2,4
Karmok,hyjal,192,warrior,fury,7,2,5
Schneklinge,blutkessel,192,warrior,fury,8,2,6
Ikaroshi,silvermoon,192,warrior,fury,9,2,7
Thordis,sylvanas,192,warrior,fury,11,2,9
Sunzí,alakir,192,warrior,fury,12,2,10
Davetsiz,burning-legion,192,warrior,fury,12,2,10
Sycon,chamber-of-aspects,192,warrior,fury,12,2,10
Angrethar,tarren-mill,192,warrior,fury,12,2,10
Frowenn,ravencrest,192,warrior,fury,12,2,10
Сажень,blackscar,192,warrior,fury,12,2,10
Stonlocked,blackhand,192,warrior,fury,12,2,10
Pakusrage,defias-brotherhood,192,warrior,fury,12,2,10
Korova,blackrock,192,warrior,fury,12,2,10
Minotaureeni,silvermoon,192,warrior,fury,12,2,10
Altroox,malorne,192,warrior,fury,12,2,10
Мутобой,soulflayer,192,warrior,fury,12,2,10
Andrjuscha,blackrock,192,warrior,fury,12,2,10
Dj,ragnaros,191,warrior,fury,6,2,4
Alvis,nathrezim,191,warrior,fury,6,2,4
Omosha,burning-legion,191,warrior,fury,6,2,4
Dorinaz,die-aldor,191,warrior,fury,6,2,4
Tömahawk,defias-brotherhood,191,warrior,fury,6,2,4
Sakaî,temple-noir,191,warrior,fury,6,2,4
Boxersene,blackmoore,191,warrior,fury,12,2,10
Loty,drakthul,175,warrior,fury,11,2,9
Кереешка,howling-fjord,175,warrior,fury,11,2,9
Limejuicer,argent-dawn,169,warrior,fury,12,5,7
Brülldozer,kargath,159,warrior,fury,5,2,3
Marranu,cthun,159,warrior,fury,5,2,3
Vlaax,ravencrest,138,warrior,fury,14,3,11
Pivcuga,kazzak,128,warrior,fury,4,2,2
Æxcoast,ravencrest,128,warrior,fury,4,2,2
Текайко,eversong,96,warrior,fury,3,2,1
Krunchä,ragnaros,96,warrior,fury,3,2,1
Ög,archimonde,96,warrior,fury,3,2,1
Kerpi,silvermoon,96,warrior,fury,6,1,5
Sabak,archimonde,96,warrior,fury,6,1,5
Azrail,xavius,96,warrior,fury,6,1,5
Woghard,drakthul,96,warrior,fury,6,1,5
Raixxon,ragnaros,96,warrior,fury,6,1,5
Wanzzeur,hyjal,96,warrior,fury,6,1,5
Wiliamwalace,zuljin,96,warrior,fury,6,1,5
Quandaledngl,silvermoon,96,warrior,fury,6,1,5
Feltias,drakthul,96,warrior,fury,6,1,5
Hammerfall,uldum,96,warrior,fury,6,1,5
Wardruine,dun-modr,96,warrior,fury,6,1,5
Xenowarr,tarren-mill,96,warrior,fury,6,1,5
Riptide,aggra-português,96,warrior,fury,6,1,5
Galenthor,ravencrest,96,warrior,fury,6,1,5
Juanvaco,tarren-mill,96,warrior,fury,6,1,5
Moldamis,blackhand,96,warrior,fury,6,1,5
Spacemachine,kazzak,96,warrior,fury,6,1,5
Stratic,blackmoore,96,warrior,fury,6,1,5
Marícan,blackmoore,96,warrior,fury,6,1,5
Raakalainen,vashj,96,warrior,fury,6,1,5
Ranyl,blackmoore,96,warrior,fury,6,1,5
Elesharde,sanguino,96,warrior,fury,6,1,5
Спаццифика,soulflayer,96,warrior,fury,6,1,5
Furyfame,darksorrow,96,warrior,fury,6,1,5
Hordox,archimonde,96,warrior,fury,6,1,5
Stromzy,silvermoon,96,warrior,fury,6,1,5
Денеур,gordunni,96,warrior,fury,6,1,5
Skîêl,archimonde,96,warrior,fury,6,1,5
Bokth,archimonde,96,warrior,fury,6,1,5
Høxy,outland,96,warrior,fury,6,1,5
Fraeydís,silvermoon,96,warrior,fury,6,1,5
Corpsecount,stormrage,96,warrior,fury,6,1,5
Анстасмэш,soulflayer,96,warrior,fury,6,1,5
Киссмиплис,gordunni,96,warrior,fury,6,1,5
Армапипец,soulflayer,96,warrior,fury,6,1,5
Xirár,sylvanas,96,warrior,fury,6,1,5
Malebolia,mugthol,96,warrior,fury,6,1,5
Coldstory,draenor,96,warrior,fury,6,1,5
Дуухаст,gordunni,96,warrior,fury,6,1,5
Narkzsthki,kazzak,96,warrior,fury,6,1,5
Berseak,dalaran,96,warrior,fury,6,1,5
Bladewound,draenor,96,warrior,fury,6,1,5
Фиббоначи,deathguard,96,warrior,fury,6,1,5
Grisettê,archimonde,96,warrior,fury,6,1,5
Zarolk,rashgarroth,96,warrior,fury,6,1,5
Grimmrock,gorgonnash,96,warrior,fury,6,1,5
Oxandrolona,argent-dawn,96,warrior,fury,6,1,5
Wifioffline,silvermoon,96,warrior,fury,6,1,5
Sorkk,kazzak,96,warrior,fury,6,1,5
Ðý,silvermoon,96,warrior,fury,6,1,5
Swordluw,argent-dawn,96,warrior,fury,6,1,5
Kronstris,veklor,96,warrior,fury,6,1,5
Dp,area-52,96,warrior,fury,6,1,5
Utharis,stormscale,96,warrior,fury,6,1,5
Callipsa,argent-dawn,96,warrior,fury,6,1,5
Greekazi,kazzak,96,warrior,fury,6,1,5
Mot,terenas,96,warrior,fury,6,1,5
Рагкар,gordunni,96,warrior,fury,6,1,5
Модныйклык,eversong,96,warrior,fury,6,1,5
Анури,eversong,96,warrior,fury,12,1,11
Hágríd,ragnaros,96,warrior,fury,12,1,11
Kaodes,outland,96,warrior,fury,17,1,16
Pufy,ravencrest,79,warrior,fury,11,1,10
Branzei,darkspear,64,warrior,fury,4,1,3
Shedzo,tarren-mill,63,warrior,fury,2,2,0
Krachz,draenor,63,warrior,fury,2,2,0
Elkatar,stormscale,46,warrior,fury,23,6,17
Krirlok,draenor,41,warrior,fury,9,2,7
Vivrya,silvermoon,31,warrior,fury,2,1,1
Lykevil,medivh,31,warrior,fury,2,1,1
Dreyker,sanguino,31,warrior,fury,2,1,1
Giltiné,runetotem,16,warrior,fury,1,1,0
Marcus,ravencrest,2254,warrior,arms,150,79,71
Réckx,twisting-nether,2233,warrior,arms,93,52,41
Dõxqt,kazzak,2204,warrior,arms,86,49,37
Regnarok,sylvanas,2180,warrior,arms,196,113,83
Scardrex,defias-brotherhood,2172,warrior,arms,94,49,45
Sickjackenn,executus,2166,warrior,arms,111,58,53
Midgetdamis,blackhand,2147,warrior,arms,137,87,50
Thomasman,nerathor,2145,warrior,arms,96,48,48
Gewyon,ragnaros,2137,warrior,arms,66,40,26
Blîxtgordon,tarren-mill,2133,warrior,arms,78,42,36
Elwarroo,dun-modr,2125,warrior,arms,166,93,73
Palianytsia,ravencrest,2125,warrior,arms,77,40,37
Savesta,dalaran,2120,warrior,arms,162,86,76
Sharpen,chamber-of-aspects,2116,warrior,arms,116,60,56
Noragrets,stormscale,2116,warrior,arms,80,41,39
Mastodøntes,hyjal,2115,warrior,arms,91,50,41
Кокдиллак,soulflayer,2113,warrior,arms,160,82,78
Скварх,howling-fjord,2112,warrior,arms,120,74,46
Yorgal,arakarahm,2106,warrior,arms,96,47,49
Grkpwh,silvermoon,2105,warrior,arms,88,48,40
Immørtálx,tarren-mill,2102,warrior,arms,72,38,34
Zugzugcleave,blackrock,2084,warrior,arms,84,48,36
Nikkí,naxxramas,2074,warrior,arms,96,50,46
Gabrijel,draenor,2069,warrior,arms,167,82,85
Ðênnis,ravencrest,2062,warrior,arms,54,31,23
Ulrid,draenor,2053,warrior,arms,102,54,48
Seifcham,ragnaros,2052,warrior,arms,221,108,113
Dunecrab,tarren-mill,2042,warrior,arms,113,63,50
Palmexwar,drakthul,2040,warrior,arms,90,49,41
Оркабал,howling-fjord,2038,warrior,arms,142,77,65
Cerry,ravencrest,2016,warrior,arms,123,63,60
Лёшавор,howling-fjord,2008,warrior,arms,96,46,50
Quotx,stormscale,2001,warrior,arms,129,61,68
Karny,ravencrest,2000,warrior,arms,78,46,32
Sickjackenx,executus,2000,warrior,arms,66,37,29
Trâshwarriør,blackhand,1998,warrior,arms,62,27,35
Joeférnandes,ragnaros,1996,warrior,arms,77,38,39
Galeron,kazzak,1992,warrior,arms,90,42,48
Bigboyx,kazzak,1988,warrior,arms,86,43,43
Вэшикх,soulflayer,1984,warrior,arms,89,48,41
Zak,stormscale,1980,warrior,arms,96,43,53
Theryk,sanguino,1977,warrior,arms,142,68,74
Emix,arygos,1975,warrior,arms,72,39,33
Alegral,ravencrest,1974,warrior,arms,207,103,104
Qtcockxx,stormscale,1969,warrior,arms,66,33,33
Zhrey,stormscale,1969,warrior,arms,95,43,52
Schaufelørc,blackrock,1966,warrior,arms,72,40,32
Mitu,sanguino,1959,warrior,arms,239,120,119
Merked,kazzak,1958,warrior,arms,72,34,38
Thenx,tarren-mill,1956,warrior,arms,135,67,68
Shilix,twisting-nether,1956,warrior,arms,139,65,74
Pentagramlol,twisting-nether,1955,warrior,arms,64,34,30
Nedåh,blackrock,1954,warrior,arms,84,46,38
Wingüi,dun-modr,1954,warrior,arms,72,35,37
Purporcc,archimonde,1950,warrior,arms,63,32,31
Bàrbandit,archimonde,1946,warrior,arms,102,52,50
Disarmed,auchindoun,1945,warrior,arms,54,31,23
Schwän,twisting-nether,1943,warrior,arms,60,32,28
Myonmyonmyon,blackmoore,1937,warrior,arms,68,41,27
Wràthfúl,kazzak,1937,warrior,arms,137,69,68
Markers,twisting-nether,1937,warrior,arms,109,49,60
Manaskhan,tarren-mill,1936,warrior,arms,195,100,95
Джерамин,blackscar,1934,warrior,arms,77,35,42
Dabr,stormscale,1933,warrior,arms,48,26,22
Kwasimodo,blackmoore,1933,warrior,arms,70,30,40
Velcorn,ravencrest,1931,warrior,arms,54,26,28
Kapuchino,twisting-nether,1921,warrior,arms,48,27,21
Wargoth,draenor,1916,warrior,arms,75,43,32
Ässholedamis,blackhand,1912,warrior,arms,54,40,14
Aerês,tarren-mill,1912,warrior,arms,144,75,69
Комочекгнева,howling-fjord,1912,warrior,arms,139,70,69
Timpey,kazzak,1911,warrior,arms,54,30,24
Ragestarved,ragnaros,1908,warrior,arms,83,40,43
Infernion,jaedenar,1906,warrior,arms,42,27,15
Nipes,nozdormu,1906,warrior,arms,66,34,32
Summerkarma,wildhammer,1904,warrior,arms,88,47,41
Apacolata,outland,1903,warrior,arms,57,29,28
Длоордпро,soulflayer,1900,warrior,arms,65,29,36
Hitt,ysondre,1897,warrior,arms,96,48,48
Rhâpsodyw,ravencrest,1895,warrior,arms,82,44,38
Фокатоп,blackscar,1895,warrior,arms,54,28,26
Saurens,twisting-nether,1895,warrior,arms,84,38,46
Çatàclysmíc,kazzak,1894,warrior,arms,102,51,51
Екзобайт,gordunni,1893,warrior,arms,89,50,39
Julololo,archimonde,1893,warrior,arms,72,40,32
Куртфорренс,gordunni,1893,warrior,arms,73,31,42
Benzemá,sanguino,1892,warrior,arms,82,50,32
Otp,ravencrest,1890,warrior,arms,108,54,54
Courageous,ravencrest,1889,warrior,arms,66,39,27
Notthateasy,blackrock,1887,warrior,arms,42,24,18
Лилиофаныч,soulflayer,1886,warrior,arms,53,29,24
Drclapit,blackrock,1884,warrior,arms,42,23,19
Hasbullá,kazzak,1884,warrior,arms,266,139,127
Соджиро,howling-fjord,1883,warrior,arms,60,29,31
Sagethi,blackrock,1883,warrior,arms,77,37,40
Naronnas,drakthul,1882,warrior,arms,134,72,62
Аэска,deathweaver,1881,warrior,arms,66,31,35
Куесэс,howling-fjord,1880,warrior,arms,36,20,16
Tsuperman,tarren-mill,1880,warrior,arms,60,31,29
Compétiteub,archimonde,1879,warrior,arms,84,38,46
Gnømércy,stormscale,1878,warrior,arms,42,22,20
Gulläx,burning-legion,1878,warrior,arms,42,20,22
Cathériné,drakthul,1875,warrior,arms,48,27,21
Purpórc,archimonde,1875,warrior,arms,54,30,24
Бэнчпресс,soulflayer,1875,warrior,arms,60,29,31
Oswáld,defias-brotherhood,1874,warrior,arms,50,37,13
Фрейз,blackscar,1874,warrior,arms,70,34,36
Mckinseybcg,outland,1873,warrior,arms,107,67,40
Doomqt,terokkar,1873,warrior,arms,47,27,20
Kartha,stormscale,1873,warrior,arms,54,28,26
Hellguard,archimonde,1872,warrior,arms,84,47,37
Liptonxecute,blackhand,1872,warrior,arms,54,29,25
Endagon,ravencrest,1871,warrior,arms,103,49,54
Хиро,deathweaver,1870,warrior,arms,72,37,35
Wasro,norgannon,1870,warrior,arms,94,48,46
Regnarøk,sylvanas,1869,warrior,arms,71,44,27
Daredevìl,eredar,1869,warrior,arms,107,53,54
Eidzo,tarren-mill,1866,warrior,arms,72,40,32
Zhoti,outland,1866,warrior,arms,64,33,31
Xvlanter,silvermoon,1865,warrior,arms,127,65,62
Mercey,stormscale,1865,warrior,arms,47,24,23
Рвбстох,blackscar,1864,warrior,arms,72,38,34
Irherklek,stormscale,1863,warrior,arms,47,28,19
Xåb,dun-morogh,1862,warrior,arms,66,28,38
Брокскрим,soulflayer,1861,warrior,arms,60,30,30
Ønogal,archimonde,1859,warrior,arms,72,33,39
Sekwar,twisting-nether,1858,warrior,arms,42,21,21
Grimogør,stormscale,1857,warrior,arms,48,27,21
Pivcuga,kazzak,1857,warrior,arms,301,152,149
Europ,silvermoon,1857,warrior,arms,162,78,84
Бодибилдерыч,gordunni,1855,warrior,arms,107,60,47
Mômsboy,tarren-mill,1853,warrior,arms,64,33,31
Ланро,gordunni,1853,warrior,arms,65,33,32
Loty,drakthul,1853,warrior,arms,83,37,46
Prymebeevz,blackmoore,1852,warrior,arms,53,36,17
Àlexander,ravencrest,1852,warrior,arms,35,20,15
Reacôn,twisting-nether,1851,warrior,arms,52,28,24
Valoo,malganis,1850,warrior,arms,74,38,36
Skorm,mugthol,1849,warrior,arms,36,27,9
Reckqtw,eredar,1849,warrior,arms,92,50,42
Xxeqtr,kazzak,1849,warrior,arms,95,45,50
Аоетакси,soulflayer,1848,warrior,arms,104,59,45
Хэйре,howling-fjord,1847,warrior,arms,148,78,70
Krônm,dun-modr,1847,warrior,arms,78,33,45
Nihe,stormreaver,1846,warrior,arms,66,30,36
Kaieh,argent-dawn,1844,warrior,arms,48,31,17
Messermozart,blackmoore,1844,warrior,arms,48,25,23
Civok,kult-der-verdammten,1844,warrior,arms,66,31,35
Jessicaday,archimonde,1843,warrior,arms,42,21,21
Крипочёк,gordunni,1842,warrior,arms,42,25,17
Jriddyzug,ravencrest,1840,warrior,arms,62,33,29
Brogre,stormrage,1839,warrior,arms,59,34,25
Enøt,kazzak,1839,warrior,arms,53,25,28
Xiro,hellscream,1838,warrior,arms,70,45,25
Sneakydrm,kazzak,1837,warrior,arms,40,23,17
Gguts,archimonde,1837,warrior,arms,85,46,39
Khalimov,tarren-mill,1837,warrior,arms,96,51,45
Zhangbeihai,ravencrest,1837,warrior,arms,72,38,34
Nukerz,kirin-tor,1836,warrior,arms,60,34,26
Tozzhug,ragnaros,1835,warrior,arms,48,28,20
Kanté,burning-blade,1834,warrior,arms,41,24,17
Chaddimus,draenor,1833,warrior,arms,42,28,14
Æriø,dalaran,1833,warrior,arms,48,27,21
Pawnerlol,mannoroth,1832,warrior,arms,59,28,31
Blåvingad,kazzak,1831,warrior,arms,56,34,22
Боссберс,soulflayer,1831,warrior,arms,89,44,45
Watrux,outland,1831,warrior,arms,66,31,35
Trapoulas,kazzak,1831,warrior,arms,83,36,47
Воинлета,howling-fjord,1830,warrior,arms,101,60,41
Qapper,kazzak,1830,warrior,arms,57,28,29
Khÿze,ysondre,1829,warrior,arms,58,39,19
Mirpz,doomhammer,1829,warrior,arms,48,31,17
Klearr,silvermoon,1829,warrior,arms,91,56,35
Läerezh,ysondre,1829,warrior,arms,54,32,22
Njn,argent-dawn,1829,warrior,arms,48,23,25
Kamked,burning-legion,1828,warrior,arms,107,50,57
Nightmareowl,tarren-mill,1827,warrior,arms,136,76,60
Blazefüry,ravencrest,1827,warrior,arms,61,33,28
Rînus,aegwynn,1827,warrior,arms,54,26,28
Wuifly,dun-modr,1826,warrior,arms,69,35,34
Lostday,blackrock,1826,warrior,arms,144,71,73
Варбоссец,soulflayer,1825,warrior,arms,66,35,31
Nurekin,argent-dawn,1825,warrior,arms,66,32,34
Javakt,stormscale,1825,warrior,arms,212,100,112
Rivah,tarren-mill,1824,warrior,arms,63,34,29
Crawly,aegwynn,1824,warrior,arms,177,95,82
Reysleys,mazrigos,1823,warrior,arms,69,32,37
Ðior,bronze-dragonflight,1822,warrior,arms,53,29,24
Марльин,howling-fjord,1822,warrior,arms,59,29,30
Crîxús,silvermoon,1822,warrior,arms,60,25,35
Dortenz,ragnaros,1821,warrior,arms,54,24,30
Urmack,ravencrest,1820,warrior,arms,48,37,11
Rngmonster,kazzak,1820,warrior,arms,100,68,32
Uzamaki,bronzebeard,1820,warrior,arms,48,32,16
Knutrex,tarren-mill,1820,warrior,arms,61,35,26
Drahkor,baelgun,1819,warrior,arms,60,39,21
Лимпс,gordunni,1819,warrior,arms,30,19,11
Flinta,blackmoore,1819,warrior,arms,90,51,39
Флагмэн,gordunni,1819,warrior,arms,65,36,29
Maarshl,ysondre,1819,warrior,arms,225,121,104
Вокилог,soulflayer,1818,warrior,arms,422,212,210
Pürporcc,archimonde,1818,warrior,arms,97,48,49
Hunkz,sylvanas,1818,warrior,arms,65,32,33
Имеравета,gordunni,1818,warrior,arms,150,71,79
Мелькорт,gordunni,1817,warrior,arms,48,29,19
Liferuiner,rexxar,1816,warrior,arms,133,73,60
Экзекьютлол,soulflayer,1816,warrior,arms,47,25,22
Joéfernandés,sylvanas,1816,warrior,arms,36,19,17
Klonyarik,ravencrest,1815,warrior,arms,36,19,17
Шурпач,deathguard,1815,warrior,arms,72,37,35
Dnoire,ravencrest,1815,warrior,arms,60,28,32
Aeyon,burning-blade,1814,warrior,arms,45,27,18
Jenkinzz,stormscale,1814,warrior,arms,78,43,35
Thorana,twisting-nether,1814,warrior,arms,59,32,27
Naskez,kazzak,1814,warrior,arms,81,41,40
Darshan,grim-batol,1814,warrior,arms,66,33,33
Leethal,outland,1814,warrior,arms,60,27,33
Juank,minahonda,1814,warrior,arms,48,21,27
Doloresvp,zuljin,1813,warrior,arms,66,36,30
Mtc,blackrock,1813,warrior,arms,68,34,34
Pummelthru,burning-legion,1813,warrior,arms,65,32,33
Vic,tarren-mill,1813,warrior,arms,47,20,27
Zcell,kazzak,1812,warrior,arms,36,23,13
Xurainzone,eredar,1812,warrior,arms,48,27,21
Mystylez,silvermoon,1812,warrior,arms,60,28,32
Gucciwarrior,blackhand,1812,warrior,arms,90,41,49
Vvulf,eredar,1812,warrior,arms,60,25,35
Axinit,blackrock,1811,warrior,arms,42,23,19
Idiotplay,drekthar,1811,warrior,arms,42,19,23
Johnmeadows,ravencrest,1810,warrior,arms,36,23,13
Kelhim,blackrock,1810,warrior,arms,78,45,33
Artøria,archimonde,1810,warrior,arms,96,54,42
Ðiscordia,blackhand,1810,warrior,arms,84,43,41
Kragrâu,kazzak,1810,warrior,arms,71,33,38
Jokkul,tarren-mill,1810,warrior,arms,46,21,25
Connorzw,blackmoore,1809,warrior,arms,36,23,13
Cherserker,ragnaros,1809,warrior,arms,69,41,28
Semmino,nemesis,1809,warrior,arms,48,28,20
Drilley,blackmoore,1807,warrior,arms,50,34,16
Oldchap,nordrassil,1807,warrior,arms,48,31,17
Олдборовс,soulflayer,1807,warrior,arms,53,29,24
Zeddone,drakthul,1807,warrior,arms,90,46,44
Damagz,tarren-mill,1807,warrior,arms,83,42,41
Bloodhorn,blackhand,1807,warrior,arms,107,54,53
Варзила,blackscar,1807,warrior,arms,53,22,31
Nìmera,nemesis,1806,warrior,arms,36,26,10
Yelanx,twisting-nether,1806,warrior,arms,48,34,14
Гатсберсерк,gordunni,1806,warrior,arms,167,91,76
Wayneson,tarren-mill,1806,warrior,arms,108,58,50
Книфэк,howling-fjord,1806,warrior,arms,76,40,36
Brutilda,antonidas,1806,warrior,arms,53,25,28
Дуглимон,gordunni,1805,warrior,arms,65,37,28
Toscothegoat,ravencrest,1804,warrior,arms,36,24,12
Greenblób,kazzak,1804,warrior,arms,66,27,39
Hanìbal,ravencrest,1803,warrior,arms,60,32,28
Gigadot,arathor,1803,warrior,arms,186,97,89
Ghakra,kazzak,1802,warrior,arms,36,25,11
Westwyde,hyjal,1802,warrior,arms,48,30,18
Thyréc,blackmoore,1802,warrior,arms,60,34,26
Purporcfr,archimonde,1801,warrior,arms,47,25,22
Phalek,argent-dawn,1800,warrior,arms,48,28,20
Shortcvnt,ravencrest,1800,warrior,arms,48,28,20
Azudaddy,blackmoore,1800,warrior,arms,59,34,25
Böggzbunny,tarren-mill,1800,warrior,arms,42,24,18
Dairøx,blackrock,1800,warrior,arms,60,31,29
Ástriax,ravencrest,1799,warrior,arms,159,77,82
Cerßere,archimonde,1798,warrior,arms,120,61,59
Lanstus,silvermoon,1797,warrior,arms,96,53,43
Заликмортал,soulflayer,1796,warrior,arms,138,76,62
Kamatâ,kazzak,1796,warrior,arms,60,32,28
Злопиканка,gordunni,1794,warrior,arms,58,29,29
Atrôcithy,silvermoon,1791,warrior,arms,48,25,23
Kënnyföx,ysondre,1789,warrior,arms,36,19,17
Downpippuri,silvermoon,1787,warrior,arms,72,49,23
Zheaks,kazzak,1785,warrior,arms,95,45,50
Istyos,hyjal,1785,warrior,arms,77,36,41
Древилгод,gordunni,1783,warrior,arms,57,31,26
Nassir,stormscale,1783,warrior,arms,90,45,45
Craanked,aegwynn,1783,warrior,arms,53,25,28
Kennyföx,ysondre,1782,warrior,arms,38,24,14
Selenez,outland,1779,warrior,arms,67,30,37
Venres,blackhand,1777,warrior,arms,88,47,41
Shookyx,ravencrest,1775,warrior,arms,42,24,18
Троммтар,howling-fjord,1774,warrior,arms,100,44,56
Zombossio,tarren-mill,1773,warrior,arms,74,38,36
Stupidz,hyjal,1773,warrior,arms,48,21,27
Jínro,draenor,1771,warrior,arms,42,19,23
Jackyred,silvermoon,1771,warrior,arms,71,31,40
Hulksmsh,hyjal,1770,warrior,arms,53,21,32
Kurbá,stormscale,1768,warrior,arms,42,26,16
Lyriae,argent-dawn,1768,warrior,arms,66,39,27
Jengaa,draenor,1768,warrior,arms,108,56,52
Prøject,archimonde,1768,warrior,arms,54,27,27
Komissarecks,aegwynn,1767,warrior,arms,63,31,32
Pangowar,elune,1766,warrior,arms,69,38,31
Ехрерау,gordunni,1765,warrior,arms,66,27,39
ßloodz,hyjal,1763,warrior,arms,96,49,47
Saidi,outland,1762,warrior,arms,139,63,76
Chucho,argent-dawn,1761,warrior,arms,48,26,22
Perinel,draenor,1761,warrior,arms,135,73,62
Røidrage,stormscale,1761,warrior,arms,90,41,49
Bigboomer,frostmane,1761,warrior,arms,180,81,99
Nitheriá,draenor,1759,warrior,arms,316,160,156
Asçrðth,kazzak,1759,warrior,arms,48,23,25
Okcool,twisting-nether,1757,warrior,arms,42,26,16
Planina,ravencrest,1757,warrior,arms,59,32,27
Downpipe,twisting-nether,1757,warrior,arms,125,62,63
Rhagnok,archimonde,1756,warrior,arms,66,27,39
Reccey,blackrock,1755,warrior,arms,134,67,67
Banîsher,drakthul,1755,warrior,arms,116,53,63
Brunodressed,aegwynn,1753,warrior,arms,54,29,25
Warounet,hyjal,1753,warrior,arms,54,26,28
Cleaver,tarren-mill,1752,warrior,arms,54,29,25
Pathocend,kazzak,1752,warrior,arms,59,29,30
Raikaz,ravencrest,1752,warrior,arms,60,28,32
Ущипнузатитю,deathguard,1752,warrior,arms,66,29,37
Yosiwa,draenor,1751,warrior,arms,78,45,33
Trôth,kazzak,1750,warrior,arms,36,23,13
Skylåw,archimonde,1750,warrior,arms,109,52,57
Pj,sanguino,1750,warrior,arms,68,30,38
Thrux,dalaran,1747,warrior,arms,78,44,34
Arms,earthen-ring,1746,warrior,arms,56,29,27
Kiyomaro,stormscale,1744,warrior,arms,60,30,30
Nonow,silvermoon,1742,warrior,arms,42,22,20
Yarilolx,outland,1741,warrior,arms,43,25,18
Blademir,blackrock,1739,warrior,arms,41,26,15
Mojotsche,taerar,1738,warrior,arms,64,36,28
Hulkensmash,kazzak,1738,warrior,arms,175,87,88
Cesr,bloodhoof,1738,warrior,arms,106,47,59
Cisataker,hyjal,1737,warrior,arms,24,20,4
Rageco,ravencrest,1737,warrior,arms,48,31,17
Raidek,dragonmaw,1737,warrior,arms,82,46,36
Ðezia,tarren-mill,1737,warrior,arms,144,79,65
Oluwafunmila,tarren-mill,1737,warrior,arms,56,29,27
Даскул,gordunni,1737,warrior,arms,66,28,38
Asenine,sylvanas,1734,warrior,arms,354,176,178
Pazùzu,twisting-nether,1733,warrior,arms,60,27,33
Bôlufonâ,dun-modr,1732,warrior,arms,59,31,28
Wake,eredar,1731,warrior,arms,42,23,19
Magnî,auchindoun,1731,warrior,arms,54,29,25
Døkidøki,silvermoon,1731,warrior,arms,80,40,40
Ezøn,aegwynn,1730,warrior,arms,65,32,33
Маклецкий,gordunni,1730,warrior,arms,150,68,82
Беренса,howling-fjord,1727,warrior,arms,83,48,35
Grimlok,sylvanas,1727,warrior,arms,83,35,48
Yellowjuice,stormscale,1726,warrior,arms,132,78,54
Штурмгешутц,deathweaver,1723,warrior,arms,138,76,62
Brizeis,malganis,1723,warrior,arms,133,68,65
Fosler,frostmane,1723,warrior,arms,48,22,26
Oplarxigos,kazzak,1723,warrior,arms,48,20,28
Shchoor,ravencrest,1722,warrior,arms,36,18,18
Dannyp,twisting-nether,1722,warrior,arms,36,18,18
Bigdamtosco,ravencrest,1721,warrior,arms,30,18,12
Slowann,argent-dawn,1721,warrior,arms,66,34,32
Оксенфурт,soulflayer,1721,warrior,arms,124,59,65
Drittsekken,sylvanas,1720,warrior,arms,42,26,16
Naskwar,archimonde,1720,warrior,arms,48,24,24
Skädy,dun-modr,1720,warrior,arms,60,29,31
Fantasý,burning-legion,1720,warrior,arms,71,28,43
Whýsøsîleñt,ragnaros,1719,warrior,arms,28,19,9
Urasli,doomhammer,1717,warrior,arms,42,24,18
Стилерин,gordunni,1717,warrior,arms,36,18,18
Барсток,soulflayer,1716,warrior,arms,107,53,54
Демолишеер,howling-fjord,1714,warrior,arms,59,26,33
Vôx,sylvanas,1712,warrior,arms,96,45,51
Ogurok,frostwolf,1712,warrior,arms,63,29,34
Raley,ragnaros,1711,warrior,arms,125,70,55
Ozrenac,kazzak,1711,warrior,arms,167,82,85
Dógmòdex,stormscale,1710,warrior,arms,48,30,18
Mertik,twisting-nether,1710,warrior,arms,48,28,20
Mintys,sylvanas,1710,warrior,arms,62,33,29
Fulgrimu,archimonde,1710,warrior,arms,45,23,22
Palmsweaty,stormrage,1710,warrior,arms,72,31,41
Karuck,tarren-mill,1709,warrior,arms,30,19,11
Robou,hyjal,1709,warrior,arms,174,80,94
Фктпх,blackscar,1708,warrior,arms,48,29,19
Шагах,soulflayer,1708,warrior,arms,152,77,75
Avalinqt,blackrock,1706,warrior,arms,44,32,12
Вуриор,howling-fjord,1706,warrior,arms,102,54,48
Cazaril,kazzak,1706,warrior,arms,149,75,74
Goorila,kazzak,1706,warrior,arms,36,18,18
Bordi,nemesis,1706,warrior,arms,218,101,117
Fruiittyy,ravencrest,1705,warrior,arms,96,48,48
Toroespaña,draenor,1704,warrior,arms,91,49,42
Juggernãut,ravencrest,1704,warrior,arms,90,48,42
Darksídex,silvermoon,1704,warrior,arms,316,167,149
Poolboyx,tarren-mill,1704,warrior,arms,123,63,60
Вандэрбой,howling-fjord,1703,warrior,arms,222,103,119
Thebigshow,the-maelstrom,1702,warrior,arms,94,41,53
Туранк,howling-fjord,1701,warrior,arms,181,93,88
Хеликат,soulflayer,1701,warrior,arms,60,27,33
Louana,outland,1700,warrior,arms,24,18,6
Кхаррнн,gordunni,1700,warrior,arms,96,47,49
Therealman,kazzak,1699,warrior,arms,38,23,15
Klonyarika,ravencrest,1699,warrior,arms,36,20,16
Гримг,lich-king,1699,warrior,arms,69,37,32
Shhimbanned,doomhammer,1698,warrior,arms,72,38,34
Luphrek,ysondre,1697,warrior,arms,36,20,16
Nerfmyrage,hyjal,1697,warrior,arms,96,49,47
Ахиллслэм,howling-fjord,1697,warrior,arms,83,35,48
Vathaleron,alakir,1696,warrior,arms,51,26,25
Shaked,dun-modr,1696,warrior,arms,47,19,28
Дроктул,howling-fjord,1695,warrior,arms,272,136,136
Everdipper,outland,1695,warrior,arms,62,27,35
Secondwarri,frostwolf,1694,warrior,arms,66,37,29
Augustus,runetotem,1694,warrior,arms,84,47,37
Sorkk,kazzak,1694,warrior,arms,86,47,39
Donquiexote,ravencrest,1692,warrior,arms,90,49,41
Krionos,ravencrest,1692,warrior,arms,60,28,32
Брок,soulflayer,1692,warrior,arms,96,39,57
Фрейз,deathweaver,1691,warrior,arms,42,24,18
Дайбайхенд,howling-fjord,1691,warrior,arms,60,30,30
Zexa,tarren-mill,1690,warrior,arms,42,21,21
Mazaharine,archimonde,1690,warrior,arms,69,33,36
Vayné,ravencrest,1690,warrior,arms,78,35,43
Randomdmg,stormscale,1689,warrior,arms,24,18,6
Cassândrä,dalaran,1689,warrior,arms,66,28,38
Mortalfist,stormscale,1688,warrior,arms,61,29,32
Fràgile,ravencrest,1687,warrior,arms,89,45,44
Hangart,argent-dawn,1687,warrior,arms,48,20,28
Preliator,outland,1686,warrior,arms,24,18,6
Æç,argent-dawn,1686,warrior,arms,72,35,37
Wardruine,dun-modr,1686,warrior,arms,131,63,68
Spártacus,kazzak,1686,warrior,arms,88,40,48
Konebankærn,ravencrest,1686,warrior,arms,48,20,28
Кладбошаа,gordunni,1684,warrior,arms,114,61,53
Watashilfy,ravencrest,1684,warrior,arms,66,35,31
Rolo,antonidas,1684,warrior,arms,57,29,28
Makgorei,outland,1684,warrior,arms,129,64,65
Nozuki,archimonde,1684,warrior,arms,243,120,123
Азктор,soulflayer,1683,warrior,arms,34,19,15
Nargez,outland,1682,warrior,arms,36,22,14
Màkáveli,stormscale,1682,warrior,arms,59,34,25
Rbbx,tarren-mill,1682,warrior,arms,44,24,20
Huyer,stormscale,1682,warrior,arms,36,18,18
Anthalar,argent-dawn,1682,warrior,arms,90,43,47
Shooky,blackrock,1681,warrior,arms,41,22,19
Oktharu,silvermoon,1681,warrior,arms,42,19,23
Tyrasîà,hyjal,1680,warrior,arms,54,24,30
Kronmw,dun-modr,1680,warrior,arms,54,20,34
Sørêy,aegwynn,1679,warrior,arms,72,37,35
Blackbiird,blackmoore,1679,warrior,arms,53,27,26
Zoefernandes,kazzak,1679,warrior,arms,66,28,38
Ридиусх,gordunni,1678,warrior,arms,43,24,19
Klynd,nemesis,1677,warrior,arms,48,18,30
Орданис,deathguard,1675,warrior,arms,48,23,25
Krigipigi,antonidas,1674,warrior,arms,72,31,41
Nardoch,archimonde,1673,warrior,arms,126,63,63
Woobaby,outland,1672,warrior,arms,54,30,24
Gatts,krasus,1671,warrior,arms,282,134,148
Amokdamis,blackhand,1671,warrior,arms,51,23,28
Nîmera,nemesis,1670,warrior,arms,24,19,5
Бисовыйармен,soulflayer,1670,warrior,arms,42,23,19
Lîlsaint,dun-morogh,1670,warrior,arms,36,19,17
Chromoly,aegwynn,1670,warrior,arms,90,43,47
Dríx,hyjal,1669,warrior,arms,66,34,32
Ijzerekast,sylvanas,1668,warrior,arms,61,27,34
Nikoma,silvermoon,1667,warrior,arms,36,20,16
Malebolia,mugthol,1666,warrior,arms,217,111,106
Maldark,scarshield-legion,1666,warrior,arms,118,55,63
Bruxus,blackhand,1665,warrior,arms,208,108,100
Дугмар,gordunni,1665,warrior,arms,193,96,97
Геркавоин,eversong,1665,warrior,arms,96,45,51
Трешконтент,gordunni,1664,warrior,arms,96,50,46
Mirageous,tarren-mill,1664,warrior,arms,53,25,28
Nelthôr,alleria,1663,warrior,arms,126,74,52
Ignyz,stormscale,1663,warrior,arms,48,27,21
Learningwarr,eredar,1663,warrior,arms,50,26,24
Atlizz,twisting-nether,1662,warrior,arms,84,45,39
Xendyo,frostmourne,1662,warrior,arms,113,52,61
Kotechnik,ysondre,1661,warrior,arms,42,25,17
Dominikhasek,stormscale,1661,warrior,arms,36,20,16
Jaythegodx,blackrock,1661,warrior,arms,60,22,38
Роули,blackscar,1660,warrior,arms,39,23,16
Reapersrage,twisting-nether,1660,warrior,arms,45,22,23
Huscar,thrall,1659,warrior,arms,58,31,27
Мопк,howling-fjord,1659,warrior,arms,60,31,29
Blayr,tarren-mill,1659,warrior,arms,93,45,48
Erikeverhard,nathrezim,1659,warrior,arms,42,20,22
Zëhef,hyjal,1658,warrior,arms,96,54,42
Zugstorm,outland,1658,warrior,arms,46,23,23
Xgs,archimonde,1657,warrior,arms,255,129,126
Кибервайфу,howling-fjord,1656,warrior,arms,36,22,14
Crandalius,kazzak,1656,warrior,arms,87,51,36
Mazutov,outland,1655,warrior,arms,36,25,11
Asquare,stormscale,1655,warrior,arms,40,18,22
Луновоин,gordunni,1654,warrior,arms,54,35,19
Facestomper,onyxia,1654,warrior,arms,78,44,34
Chadsmorc,twisting-nether,1654,warrior,arms,143,76,67
Skillissues,argent-dawn,1653,warrior,arms,48,26,22
Киссмиплис,gordunni,1653,warrior,arms,75,38,37
Spartaz,eredar,1653,warrior,arms,60,28,32
Maikouyes,archimonde,1651,warrior,arms,107,54,53
Белхэнд,soulflayer,1651,warrior,arms,151,72,79
Донтрелиз,howling-fjord,1651,warrior,arms,58,27,31
Денеур,gordunni,1648,warrior,arms,108,45,63
Noxeeql,tarren-mill,1647,warrior,arms,96,57,39
Asç,kazzak,1647,warrior,arms,42,21,21
Айфилшок,gordunni,1646,warrior,arms,36,19,17
Blizo,tarren-mill,1646,warrior,arms,42,21,21
Liper,silvermoon,1645,warrior,arms,91,51,40
Поршекаен,howling-fjord,1645,warrior,arms,71,29,42
Fruitdealer,shattrath,1644,warrior,arms,70,30,40
Morbaac,archimonde,1644,warrior,arms,54,22,32
Doksziqqt,ragnaros,1642,warrior,arms,36,22,14
Ckz,ysondre,1641,warrior,arms,36,26,10
Remen,archimonde,1641,warrior,arms,84,37,47
Picciocino,nemesis,1641,warrior,arms,88,36,52
Diamonddogs,draenor,1640,warrior,arms,52,32,20
Renwíck,burning-legion,1639,warrior,arms,35,18,17
Фенилэфрин,gordunni,1639,warrior,arms,140,71,69
Voxz,stormscale,1639,warrior,arms,195,93,102
Paranoiás,ragnaros,1639,warrior,arms,50,22,28
Ironbutter,ravencrest,1638,warrior,arms,80,51,29
Samîr,arthas,1638,warrior,arms,36,21,15
Béastmødexz,eredar,1638,warrior,arms,41,20,21
Витодпс,howling-fjord,1638,warrior,arms,54,24,30
Sefty,tarren-mill,1638,warrior,arms,46,18,28
Karkatoes,twisting-nether,1637,warrior,arms,38,21,17
Pachipachi,blackmoore,1637,warrior,arms,44,23,21
Babovic,aegwynn,1636,warrior,arms,42,29,13
Lizzybigtits,kazzak,1636,warrior,arms,60,40,20
Blackfrosty,stormscale,1636,warrior,arms,74,41,33
Hatestørm,kazzak,1636,warrior,arms,42,22,20
Garthock,stormscale,1636,warrior,arms,42,20,22
Ítikovan,aegwynn,1636,warrior,arms,156,73,83
Grántor,eredar,1635,warrior,arms,54,33,21
Тролльвоен,gordunni,1635,warrior,arms,51,31,20
Sydian,burning-legion,1635,warrior,arms,36,21,15
Incendix,stormscale,1635,warrior,arms,77,43,34
Ryofu,stormscale,1635,warrior,arms,42,22,20
Омепразол,gordunni,1635,warrior,arms,250,125,125
Килафх,blackscar,1635,warrior,arms,84,41,43
Kalacher,draenor,1635,warrior,arms,62,25,37
Off,archimonde,1634,warrior,arms,30,18,12
Lyroe,blackrock,1633,warrior,arms,42,21,21
Capigo,tarren-mill,1632,warrior,arms,30,19,11
Psychlolz,burning-legion,1632,warrior,arms,48,24,24
Reapo,blackhand,1632,warrior,arms,137,67,70
Yaune,ravencrest,1632,warrior,arms,42,19,23
Orn,tarren-mill,1632,warrior,arms,54,24,30
Neoballac,uldum,1631,warrior,arms,48,22,26
Naait,draenor,1630,warrior,arms,51,28,23
Çon,ravencrest,1630,warrior,arms,121,63,58
Атаир,deathweaver,1630,warrior,arms,58,30,28
Acaleus,the-maelstrom,1630,warrior,arms,66,31,35
Oweiko,blackrock,1629,warrior,arms,66,37,29
Furanos,blackrock,1629,warrior,arms,65,34,31
Wismerx,kazzak,1629,warrior,arms,48,21,27
Кимлий,deathweaver,1628,warrior,arms,30,17,13
Bursch,ravencrest,1628,warrior,arms,101,50,51
Mellîødas,blackmoore,1627,warrior,arms,48,27,21
Gonutz,sylvanas,1627,warrior,arms,36,20,16
Belattor,silvermoon,1627,warrior,arms,36,17,19
Iameconomist,twisting-nether,1627,warrior,arms,36,17,19
Klinga,bladefist,1626,warrior,arms,42,24,18
Xzm,stormscale,1626,warrior,arms,33,18,15
Xanco,ravencrest,1626,warrior,arms,42,22,20
Agoobagoo,alakir,1626,warrior,arms,41,20,21
Ebonheart,argent-dawn,1626,warrior,arms,104,50,54
Rootmagnet,twisting-nether,1625,warrior,arms,30,20,10
Asipositas,eredar,1625,warrior,arms,42,19,23
Beevzyn,blackmoore,1624,warrior,arms,24,17,7
Xiiver,burning-legion,1624,warrior,arms,131,71,60
Wlãð,archimonde,1624,warrior,arms,48,23,25
Frozenliøn,twisting-nether,1624,warrior,arms,42,19,23
Zeepp,ravencrest,1624,warrior,arms,48,21,27
Xurainlol,eredar,1623,warrior,arms,30,17,13
Prestà,archimonde,1623,warrior,arms,69,37,32
Жестокус,gordunni,1623,warrior,arms,42,22,20
Lusan,sylvanas,1623,warrior,arms,42,21,21
Høtsky,twisting-nether,1622,warrior,arms,30,18,12
Nstx,dun-modr,1622,warrior,arms,30,17,13
Мастерион,soulflayer,1622,warrior,arms,54,28,26
Methodxd,outland,1622,warrior,arms,72,36,36
Фурианка,galakrond,1622,warrior,arms,63,31,32
Bélløne,dalaran,1622,warrior,arms,78,36,42
Salpaaja,frostwhisper,1622,warrior,arms,42,17,25
Solaje,dun-modr,1621,warrior,arms,39,22,17
Wigsplitterx,twisting-nether,1620,warrior,arms,150,70,80
Sickslamzyø,ravencrest,1619,warrior,arms,42,17,25
Mxrdvr,kazzak,1618,warrior,arms,54,35,19
Hasmocaru,silvermoon,1618,warrior,arms,60,30,30
Bj,blackrock,1617,warrior,arms,36,21,15
Odenscolddry,kazzak,1617,warrior,arms,161,79,82
Shavoi,die-aldor,1616,warrior,arms,47,21,26
Wasdwarr,aegwynn,1615,warrior,arms,29,20,9
Khireebonk,hyjal,1615,warrior,arms,36,24,12
Рекиро,blackscar,1615,warrior,arms,40,21,19
Nyxz,blackhand,1615,warrior,arms,47,24,23
Gladius,ysera,1615,warrior,arms,86,43,43
Manoito,argent-dawn,1615,warrior,arms,48,22,26
Lyarinsky,tyrande,1614,warrior,arms,96,58,38
Riyan,lothar,1614,warrior,arms,42,24,18
Daigoro,ravencrest,1614,warrior,arms,30,17,13
Untiltèd,ravencrest,1613,warrior,arms,89,60,29
Extazsion,stormscale,1613,warrior,arms,35,20,15
Hamez,thunderhorn,1613,warrior,arms,70,34,36
Giannizugzug,nemesis,1612,warrior,arms,84,43,41
Termonsa,stormscale,1611,warrior,arms,42,25,17
Lockmagewar,burning-legion,1611,warrior,arms,45,22,23
Sepuko,stormscale,1611,warrior,arms,60,29,31
Cráft,silvermoon,1611,warrior,arms,48,23,25
Spijkerbroek,alakir,1610,warrior,arms,203,105,98
Куэсес,howling-fjord,1610,warrior,arms,39,19,20
Balltas,drakthul,1610,warrior,arms,92,43,49
Strife,ravencrest,1609,warrior,arms,81,51,30
Enzja,nazjatar,1609,warrior,arms,54,25,29
Whoosah,ragnaros,1608,warrior,arms,105,54,51
Chádtóurps,drakthul,1608,warrior,arms,35,17,18
Guts,frostwhisper,1608,warrior,arms,173,83,90
Caméltoe,frostwolf,1608,warrior,arms,143,67,76
Sjozug,tarren-mill,1608,warrior,arms,42,17,25
Кофесмолоком,ashenvale,1608,warrior,arms,53,20,33
Jambaz,ravencrest,1607,warrior,arms,47,23,24
Krew,drakthul,1607,warrior,arms,78,38,40
Bigdstance,outland,1607,warrior,arms,72,33,39
Убитаякорова,soulflayer,1606,warrior,arms,36,20,16
Grimzot,ragnaros,1605,warrior,arms,42,24,18
Nameless,ysondre,1605,warrior,arms,72,41,31
Напутанность,soulflayer,1605,warrior,arms,371,194,177
Haraldjuhnke,frostwolf,1605,warrior,arms,53,27,26
Nakro,hyjal,1604,warrior,arms,24,18,6
Ayraw,eredar,1604,warrior,arms,36,20,16
Lazytowl,outland,1604,warrior,arms,130,65,65
Blondboomer,neptulon,1604,warrior,arms,36,18,18
Exoblade,silvermoon,1604,warrior,arms,76,35,41
Bloodx,archimonde,1603,warrior,arms,36,20,16
Màb,antonidas,1603,warrior,arms,72,38,34
Андреевич,blackscar,1603,warrior,arms,146,74,72
Седлайккеану,howling-fjord,1603,warrior,arms,87,44,43
Mypzo,kazzak,1603,warrior,arms,90,44,46
Buckiesøde,twisting-nether,1603,warrior,arms,36,17,19
Deadlyanger,kazzak,1602,warrior,arms,42,24,18
Eselhirte,blackmoore,1602,warrior,arms,85,46,39
Xecutie,antonidas,1602,warrior,arms,65,35,30
Иктиннос,gordunni,1602,warrior,arms,42,21,21
Wítts,ravencrest,1601,warrior,arms,30,20,10
Kupr,outland,1601,warrior,arms,40,21,19
Khanox,twisting-nether,1601,warrior,arms,148,74,74
Wtchmyblade,blackmoore,1600,warrior,arms,94,56,38
Sumprunkare,stormscale,1599,warrior,arms,52,29,23
Crissx,silvermoon,1599,warrior,arms,90,48,42
Nalx,tarren-mill,1599,warrior,arms,63,33,30
Армсег,soulflayer,1599,warrior,arms,50,26,24
Krîspie,archimonde,1598,warrior,arms,65,36,29
Вагранна,soulflayer,1597,warrior,arms,54,26,28
Морнстар,gordunni,1597,warrior,arms,115,55,60
Arandyr,archimonde,1596,warrior,arms,60,24,36
Laavapoeg,outland,1595,warrior,arms,36,20,16
Cyanerd,bronzebeard,1595,warrior,arms,36,17,19
Kobeni,ysondre,1595,warrior,arms,85,40,45
Каниме,howling-fjord,1594,warrior,arms,24,18,6
Renbaka,marécage-de-zangar,1594,warrior,arms,30,19,11
Бурчун,deathguard,1594,warrior,arms,54,34,20
Zhulgar,azjolnerub,1594,warrior,arms,54,31,23
Phóó,thrall,1593,warrior,arms,72,32,40
Gargaflike,aggra-português,1593,warrior,arms,72,30,42
Haanok,ravencrest,1591,warrior,arms,59,34,25
Capitalista,das-konsortium,1591,warrior,arms,42,20,22
Aestheticon,burning-blade,1589,warrior,arms,30,19,11
Carljøhnson,dalaran,1589,warrior,arms,179,89,90
Cyruk,blackmoore,1589,warrior,arms,129,62,67
Rilor,burning-legion,1589,warrior,arms,124,53,71
Noitoved,outland,1589,warrior,arms,44,18,26
Thundersword,sylvanas,1589,warrior,arms,84,30,54
Ball,zirkel-des-cenarius,1588,warrior,arms,113,63,50
Warmâchine,burning-legion,1588,warrior,arms,172,79,93
Btr,archimonde,1588,warrior,arms,42,19,23
Trust,darksorrow,1587,warrior,arms,30,17,13
Héda,tarren-mill,1587,warrior,arms,49,22,27
Mélindà,silvermoon,1586,warrior,arms,51,33,18
Aeldran,argent-dawn,1586,warrior,arms,48,25,23
Aizy,blackhand,1585,warrior,arms,36,21,15
Skokuxx,silvermoon,1585,warrior,arms,42,20,22
Unbrauchbar,silvermoon,1584,warrior,arms,46,28,18
Aemox,silvermoon,1584,warrior,arms,53,27,26
Hortswarr,drakthul,1582,warrior,arms,37,24,13
Anakhas,archimonde,1582,warrior,arms,36,18,18
Fragmeista,ragnaros,1582,warrior,arms,36,17,19
Ragëë,tarren-mill,1581,warrior,arms,78,42,36
Nazhar,kult-der-verdammten,1581,warrior,arms,48,22,26
Rogersrage,ragnaros,1580,warrior,arms,72,40,32
Bronix,blackrock,1580,warrior,arms,90,44,46
Каосвар,howling-fjord,1579,warrior,arms,30,19,11
Solezte,tarren-mill,1579,warrior,arms,102,56,46
Bamme,archimonde,1579,warrior,arms,41,20,21
Meistersykes,silvermoon,1578,warrior,arms,38,18,20
Vullgrîm,blackmoore,1576,warrior,arms,102,51,51
Taistelumage,stormreaver,1576,warrior,arms,35,17,18
Ändrow,dalaran,1575,warrior,arms,36,20,16
Bravopla,silvermoon,1575,warrior,arms,36,18,18
Оргрриммар,soulflayer,1575,warrior,arms,321,158,163
Furukawa,ravencrest,1575,warrior,arms,51,24,27
Erotixboi,blackrock,1573,warrior,arms,48,29,19
Оргнар,ashenvale,1573,warrior,arms,48,27,21
Lpa,stormscale,1573,warrior,arms,71,37,34
Batïk,blackmoore,1573,warrior,arms,77,33,44
Endeawour,ravencrest,1572,warrior,arms,201,114,87
Trashman,bronzebeard,1572,warrior,arms,96,47,49
Veav,norgannon,1572,warrior,arms,48,17,31
Креспекс,soulflayer,1572,warrior,arms,56,19,37
Reider,twisting-nether,1571,warrior,arms,149,63,86
Cãngo,die-todeskrallen,1570,warrior,arms,24,18,6
Monbun,silvermoon,1570,warrior,arms,101,51,50
Alexandrrior,rexxar,1570,warrior,arms,90,42,48
Сажень,blackscar,1570,warrior,arms,51,22,29
Natis,drakthul,1570,warrior,arms,78,28,50
Rîdler,ravencrest,1569,warrior,arms,193,97,96
Хоркан,blackscar,1569,warrior,arms,36,18,18
Devidz,outland,1569,warrior,arms,48,18,30
Skorz,kazzak,1568,warrior,arms,42,20,22
Ganzaésábi,aggra-português,1567,warrior,arms,102,54,48
Фелпир,soulflayer,1567,warrior,arms,161,84,77
Arktharion,antonidas,1567,warrior,arms,48,25,23
Evrybodydown,draenor,1567,warrior,arms,112,58,54
ßamßam,draenor,1566,warrior,arms,52,27,25
Gely,silvermoon,1566,warrior,arms,119,59,60
Crystallake,blackrock,1566,warrior,arms,102,45,57
Дейдулус,soulflayer,1566,warrior,arms,78,33,45
Shirøx,blackrock,1565,warrior,arms,73,40,33
Архиватор,gordunni,1565,warrior,arms,78,41,37
Serastul,rajaxx,1565,warrior,arms,86,42,44
Giganza,outland,1565,warrior,arms,66,29,37
Едигейй,gordunni,1564,warrior,arms,58,32,26
Ajax,defias-brotherhood,1564,warrior,arms,95,46,49
Smkms,kazzak,1564,warrior,arms,42,20,22
Abrash,ysondre,1564,warrior,arms,78,36,42
Riptack,anetheron,1563,warrior,arms,148,79,69
Sobii,ravencrest,1563,warrior,arms,53,28,25
Billorc,twisting-nether,1563,warrior,arms,63,30,33
Shiqo,ravencrest,1563,warrior,arms,76,33,43
Gaisorg,die-aldor,1562,warrior,arms,31,20,11
Stepa,sylvanas,1562,warrior,arms,54,28,26
Ronoh,kazzak,1561,warrior,arms,36,20,16
Derentis,echsenkessel,1561,warrior,arms,162,80,82
Rongh,saurfang,1561,warrior,arms,36,17,19
Néxtlølz,twisting-nether,1561,warrior,arms,62,29,33
Айсиёу,howling-fjord,1561,warrior,arms,50,21,29
Daýz,draenor,1561,warrior,arms,48,18,30
Pepegle,argent-dawn,1560,warrior,arms,36,22,14
Протектор,soulflayer,1560,warrior,arms,60,29,31
Хэлслэйтэр,gordunni,1559,warrior,arms,130,65,65
Malgár,argent-dawn,1558,warrior,arms,59,30,29
Imfiñe,outland,1558,warrior,arms,107,51,56
Тише,deathweaver,1557,warrior,arms,60,29,31
Corlo,uldaman,1557,warrior,arms,92,40,52
Vallahan,argent-dawn,1555,warrior,arms,221,108,113
Люцц,gordunni,1555,warrior,arms,176,85,91
Pptickler,argent-dawn,1551,warrior,arms,77,39,38
Cirenax,draenor,1551,warrior,arms,48,23,25
Puremëtal,silvermoon,1550,warrior,arms,42,18,24
Philatou,antonidas,1549,warrior,arms,53,29,24
Genjutsubeat,blackmoore,1548,warrior,arms,54,31,23
Arcreign,kazzak,1547,warrior,arms,96,47,49
Ansi,argent-dawn,1547,warrior,arms,48,21,27
Trenôdeca,stormscale,1546,warrior,arms,48,23,25
Sahl,sylvanas,1545,warrior,arms,160,79,81
Morthôr,grim-batol,1545,warrior,arms,69,34,35
Zijsûû,chogall,1545,warrior,arms,43,18,25
Oxay,alakir,1545,warrior,arms,64,26,38
Maniackz,tarren-mill,1544,warrior,arms,36,19,17
Massiveape,argent-dawn,1544,warrior,arms,69,35,34
Мираксус,soulflayer,1544,warrior,arms,36,18,18
Эксихард,gordunni,1543,warrior,arms,66,33,33
Troma,archimonde,1542,warrior,arms,48,19,29
Малаятварь,gordunni,1541,warrior,arms,34,17,17
Wrynir,archimonde,1541,warrior,arms,78,38,40
Dragoons,tyrande,1541,warrior,arms,68,30,38
Cryhoof,ragnaros,1540,warrior,arms,94,48,46
Rakuna,tarren-mill,1540,warrior,arms,114,55,59
Grezlyk,drakthul,1540,warrior,arms,72,33,39
Rumer,tarren-mill,1540,warrior,arms,59,23,36
Kwaiha,kazzak,1539,warrior,arms,36,17,19
Boldinq,ravencrest,1539,warrior,arms,107,46,61
Ninebites,chamber-of-aspects,1538,warrior,arms,95,57,38
Riann,silvermoon,1538,warrior,arms,42,20,22
Alexamazing,lordaeron,1538,warrior,arms,79,37,42
Гуорг,howling-fjord,1538,warrior,arms,81,35,46
Lrb,tarren-mill,1537,warrior,arms,70,33,37
Stancenation,draenor,1537,warrior,arms,70,31,39
Snðw,outland,1537,warrior,arms,48,17,31
Bluto,dunemaul,1536,warrior,arms,205,105,100
Èzekiel,dalaran,1536,warrior,arms,90,46,44
Romanul,terokkar,1536,warrior,arms,84,42,42
Armsbull,twisting-nether,1536,warrior,arms,66,32,34
Gantsrip,stormscale,1536,warrior,arms,46,22,24
Нифро,fordragon,1535,warrior,arms,29,18,11
Diz,terokkar,1535,warrior,arms,97,58,39
Bstgame,frostmane,1535,warrior,arms,36,17,19
Hobo,ravencrest,1535,warrior,arms,71,32,39
Luffydono,stormscale,1535,warrior,arms,66,28,38
Zyzy,arathor,1533,warrior,arms,36,20,16
Gigasmash,pozzo-delleternità,1533,warrior,arms,144,67,77
Tiwâz,eredar,1532,warrior,arms,75,39,36
Hollydeffs,blackmoore,1532,warrior,arms,66,29,37
Skrawarr,das-syndikat,1531,warrior,arms,126,63,63
Lyes,uldaman,1530,warrior,arms,208,102,106
Jakim,tarren-mill,1530,warrior,arms,130,62,68
Rabaozi,blackhand,1530,warrior,arms,95,45,50
Áäáäáäáä,aegwynn,1529,warrior,arms,30,16,14
Únkqt,dalaran,1529,warrior,arms,51,26,25
Громпузан,galakrond,1529,warrior,arms,60,27,33
Basemode,twisting-nether,1529,warrior,arms,40,18,22
Dragondeznut,ravencrest,1529,warrior,arms,36,16,20
Proxxyyqt,blackrock,1529,warrior,arms,68,30,38
Phovoss,stormscale,1529,warrior,arms,60,24,36
Азаргатан,soulflayer,1528,warrior,arms,33,20,13
Bullrug,blackrock,1528,warrior,arms,36,18,18
Waf,hakkar,1527,warrior,arms,108,61,47
Eren,todeswache,1527,warrior,arms,54,28,26
Mentôr,sargeras,1527,warrior,arms,41,21,20
Gravityfalls,blackmoore,1527,warrior,arms,78,39,39
Dragnil,twisting-nether,1527,warrior,arms,36,16,20
Zirêael,kazzak,1527,warrior,arms,42,16,26
Грэйм,gordunni,1526,warrior,arms,58,31,27
Lollydhur,nemesis,1526,warrior,arms,54,28,26
Bumoletroll,draenor,1526,warrior,arms,33,17,16
Лилиофанныч,soulflayer,1525,warrior,arms,36,16,20
Icekissx,hyjal,1524,warrior,arms,129,66,63
Vilass,silvermoon,1523,warrior,arms,36,19,17
Ммайдаен,goldrinn,1523,warrior,arms,60,30,30
Jøtawarrior,sanguino,1523,warrior,arms,36,18,18
Skullrage,tarren-mill,1523,warrior,arms,53,22,31
Chargeyou,ragnaros,1522,warrior,arms,24,16,8
Zheq,ragnaros,1522,warrior,arms,30,16,14
Mävïs,ravencrest,1522,warrior,arms,60,31,29
Shrekwarr,kazzak,1522,warrior,arms,137,67,70
Stormcoil,stormscale,1521,warrior,arms,47,24,23
Norwegian,silvermoon,1521,warrior,arms,80,37,43
Devilpanic,outland,1520,warrior,arms,30,16,14
Gervvand,burning-legion,1519,warrior,arms,48,26,22
Мэйрил,lich-king,1519,warrior,arms,190,99,91
Nighat,sanguino,1519,warrior,arms,162,83,79
Shownomercy,blackrock,1519,warrior,arms,48,23,25
Стенденсх,howling-fjord,1519,warrior,arms,41,19,22
Authar,tarren-mill,1518,warrior,arms,61,33,28
Yukizz,ravencrest,1518,warrior,arms,30,16,14
Cêlty,aegwynn,1518,warrior,arms,76,34,42
Адво,gordunni,1517,warrior,arms,96,50,46
Arnoldr,ysondre,1517,warrior,arms,36,17,19
Conanh,pozzo-delleternità,1516,warrior,arms,134,71,63
Trilon,blackrock,1516,warrior,arms,50,21,29
Spärtan,dun-modr,1515,warrior,arms,66,34,32
Gozga,twisting-nether,1515,warrior,arms,147,74,73
Gipsyjoe,ragnaros,1515,warrior,arms,82,39,43
Zaatar,draenor,1514,warrior,arms,148,83,65
Nexpwns,blackhand,1514,warrior,arms,147,74,73
Heltslut,tarren-mill,1513,warrior,arms,66,26,40
Medaur,frostmane,1512,warrior,arms,62,36,26
Олдизаер,soulflayer,1512,warrior,arms,30,16,14
Mezugzugyou,draenor,1512,warrior,arms,44,23,21
Velinde,outland,1512,warrior,arms,46,23,23
Thaldrys,blackhand,1512,warrior,arms,167,81,86
Скрежет,gordunni,1512,warrior,arms,66,32,34
Jumpilawl,khaz-modan,1512,warrior,arms,92,37,55
Думхаммер,howling-fjord,1511,warrior,arms,71,42,29
Hli,tarren-mill,1511,warrior,arms,30,16,14
Ødên,frostmane,1511,warrior,arms,30,16,14
Duncán,auchindoun,1511,warrior,arms,53,27,26
Ilovealma,kiljaeden,1511,warrior,arms,65,29,36
Scormash,burning-legion,1510,warrior,arms,36,16,20
Mazzkze,silvermoon,1509,warrior,arms,237,122,115
Tinkaton,sylvanas,1509,warrior,arms,36,16,20
Geforce,hellscream,1508,warrior,arms,178,88,90
Bastrick,argent-dawn,1508,warrior,arms,99,48,51
Nøsyo,blackrock,1507,warrior,arms,30,18,12
Üs,ravencrest,1507,warrior,arms,65,35,30
Sonìe,kazzak,1506,warrior,arms,89,51,38
Bloodbrother,blackmoore,1506,warrior,arms,79,40,39
Dariman,aegwynn,1506,warrior,arms,60,27,33
Eskiler,burning-legion,1506,warrior,arms,36,16,20
Арткес,gordunni,1505,warrior,arms,116,59,57
Zergalot,stormscale,1505,warrior,arms,35,17,18
Otzi,sargeras,1505,warrior,arms,53,18,35
Tweran,drakthul,1504,warrior,arms,30,16,14
Pied,krasus,1504,warrior,arms,36,19,17
Волрок,howling-fjord,1504,warrior,arms,67,34,33
Raakalainen,vashj,1504,warrior,arms,59,29,30
Melliug,ysondre,1504,warrior,arms,46,19,27
Savh,silvermoon,1503,warrior,arms,48,28,20
Craghak,twisting-nether,1502,warrior,arms,175,88,87
Crayz,twisting-nether,1501,warrior,arms,54,26,28
Josgrout,silvermoon,1501,warrior,arms,46,21,25
Агрегат,goldrinn,1501,warrior,arms,77,34,43
Räzorleaf,kul-tiras,1500,warrior,arms,96,50,46
Nøcturnaqq,silvermoon,1499,warrior,arms,48,24,24
Lewh,blackmoore,1498,warrior,arms,61,26,35
Crriminal,ravencrest,1498,warrior,arms,48,20,28
Рыгулька,gordunni,1497,warrior,arms,192,93,99
Дозен,soulflayer,1496,warrior,arms,46,26,20
Киллдекс,gordunni,1495,warrior,arms,96,43,53
Slidmacka,twisting-nether,1495,warrior,arms,97,42,55
Dranush,onyxia,1494,warrior,arms,199,105,94
Thiccbra,burning-legion,1494,warrior,arms,66,34,32
Shadowbôxer,onyxia,1494,warrior,arms,68,35,33
Hackamore,suramar,1494,warrior,arms,90,45,45
Whátsup,stormscale,1494,warrior,arms,48,24,24
Rohc,kazzak,1494,warrior,arms,58,27,31
Aurélus,rexxar,1493,warrior,arms,36,22,14
Wazraf,khaz-modan,1493,warrior,arms,138,68,70
Bladrun,frostmane,1492,warrior,arms,36,16,20
Заверчу,soulflayer,1491,warrior,arms,60,32,28
Divyx,tarren-mill,1491,warrior,arms,60,31,29
Pumpadzhîja,outland,1491,warrior,arms,66,32,34
Blackwólf,bloodhoof,1490,warrior,arms,136,63,73
Bucketheadde,thrall,1490,warrior,arms,42,16,26
Шлифую,howling-fjord,1489,warrior,arms,37,23,14
Asuramaru,aegwynn,1489,warrior,arms,77,41,36
Calmdownbrú,frostmane,1489,warrior,arms,65,33,32
Hefthyn,sanguino,1488,warrior,arms,36,20,16
Gorocpt,doomhammer,1488,warrior,arms,44,20,24
Teronth,burning-legion,1488,warrior,arms,48,17,31
Kestialezin,archimonde,1487,warrior,arms,60,39,21
Hindbærsaft,stormscale,1487,warrior,arms,55,32,23
Phenowarri,blackhand,1487,warrior,arms,109,58,51
Paow,tarren-mill,1487,warrior,arms,41,19,22
Сика,blackscar,1487,warrior,arms,66,30,36
Jimei,temple-noir,1486,warrior,arms,30,16,14
Голдибитч,gordunni,1486,warrior,arms,84,41,43
Mfdoöm,draenor,1485,warrior,arms,149,73,76
Lücifer,dun-modr,1484,warrior,arms,30,23,7
Omgihithard,draenor,1484,warrior,arms,57,28,29
Audítóre,proudmoore,1484,warrior,arms,36,17,19
Fizzywarrior,blackmoore,1484,warrior,arms,63,29,34
Jonukas,argent-dawn,1484,warrior,arms,48,19,29
Ahzrok,draenor,1482,warrior,arms,42,24,18
Ragnou,tarren-mill,1482,warrior,arms,73,33,40
Stormfist,tarren-mill,1481,warrior,arms,60,33,27
Gramr,silvermoon,1480,warrior,arms,71,36,35
Nurfbolt,kazzak,1480,warrior,arms,41,19,22
Yeahq,kazzak,1480,warrior,arms,126,57,69
Nàsher,frostwolf,1480,warrior,arms,83,37,46
Altimáte,antonidas,1479,warrior,arms,30,18,12
Farrusco,nemesis,1479,warrior,arms,95,47,48
Gromkarg,draenor,1479,warrior,arms,66,24,42
Трафалльгар,gordunni,1478,warrior,arms,128,72,56
Boshim,ravencrest,1477,warrior,arms,36,20,16
Bracki,ysondre,1477,warrior,arms,46,21,25
Rázgriz,argent-dawn,1477,warrior,arms,54,24,30
Ollyaa,ravencrest,1476,warrior,arms,24,16,8
Trenbullone,kazzak,1476,warrior,arms,51,32,19
Джасткипинг,gordunni,1476,warrior,arms,221,118,103
Notinfa,draenor,1476,warrior,arms,132,69,63
Pajalousta,elune,1476,warrior,arms,102,47,55
Vegilhenvin,stormscale,1476,warrior,arms,57,24,33
Valíon,outland,1475,warrior,arms,94,53,41
Marcnky,stormscale,1475,warrior,arms,122,63,59
Leomance,hyjal,1473,warrior,arms,30,18,12
Cryonix,drakthul,1473,warrior,arms,43,24,19
Martins,doomhammer,1471,warrior,arms,30,16,14
Alyx,mugthol,1471,warrior,arms,98,50,48
Tmp,blackrock,1470,warrior,arms,54,28,26
Micromachine,argent-dawn,1470,warrior,arms,42,16,26
Gíu,blackhand,1469,warrior,arms,29,17,12
Belver,argent-dawn,1469,warrior,arms,32,17,15
Clellin,silvermoon,1469,warrior,arms,75,37,38
Rumbldore,ragnaros,1468,warrior,arms,36,17,19
Trajkovic,ravencrest,1467,warrior,arms,147,82,65
Dárkhammer,tarren-mill,1465,warrior,arms,54,24,30
Royoxo,blackrock,1464,warrior,arms,53,31,22
Hellespont,hellscream,1464,warrior,arms,101,37,64
Grroom,tarren-mill,1463,warrior,arms,51,24,27
Thâarnar,frostwolf,1463,warrior,arms,48,21,27
Svënja,ysondre,1462,warrior,arms,138,63,75
Nukebomb,dun-modr,1462,warrior,arms,42,19,23
Nèssa,outland,1462,warrior,arms,41,16,25
Gorejaws,draenor,1461,warrior,arms,30,19,11
Hôrn,stormscale,1461,warrior,arms,66,37,29
Ssnakeess,silvermoon,1460,warrior,arms,36,19,17
Reider,kazzak,1460,warrior,arms,57,29,28
Brutøs,conseil-des-ombres,1460,warrior,arms,36,18,18
Togas,silvermoon,1459,warrior,arms,182,93,89
Pakusrage,defias-brotherhood,1459,warrior,arms,80,38,42
Xorlog,thrall,1458,warrior,arms,35,19,16
Ràkar,stormscale,1457,warrior,arms,60,29,31
Настрамо,gordunni,1456,warrior,arms,30,16,14
Лисерк,howling-fjord,1456,warrior,arms,42,16,26
Weareinspace,stormscale,1455,warrior,arms,75,44,31
Golonko,burning-legion,1455,warrior,arms,36,21,15
Ordwinz,silvermoon,1455,warrior,arms,74,39,35
Tarkosha,terokkar,1455,warrior,arms,460,228,232
Ladoz,ragnaros,1454,warrior,arms,42,19,23
Kleidaria,stormscale,1452,warrior,arms,30,16,14
Thickslam,argent-dawn,1451,warrior,arms,42,19,23
Гардринг,howling-fjord,1450,warrior,arms,102,59,43
Scarloc,archimonde,1450,warrior,arms,92,42,50
Miko,ysondre,1449,warrior,arms,120,56,64
Разрубателл,soulflayer,1449,warrior,arms,42,18,24
Grumpy,lightbringer,1449,warrior,arms,46,19,27
Fedevalverde,sanguino,1448,warrior,arms,46,32,14
Alborozie,archimonde,1448,warrior,arms,54,25,29
Norinhell,ravencrest,1448,warrior,arms,48,20,28
Jigsar,argent-dawn,1447,warrior,arms,111,63,48
Endan,kelthuzad,1446,warrior,arms,66,37,29
Dokô,twisting-nether,1446,warrior,arms,72,36,36
Argaskurken,ravencrest,1446,warrior,arms,42,19,23
Informatica,doomhammer,1445,warrior,arms,48,25,23
Megtorló,ragnaros,1445,warrior,arms,80,40,40
Faustà,nemesis,1445,warrior,arms,54,23,31
Дообрыйшмель,soulflayer,1443,warrior,arms,51,32,19
Латексник,booty-bay,1443,warrior,arms,57,24,33
Nucleargrab,twilights-hammer,1442,warrior,arms,115,58,57
Gridra,dun-morogh,1441,warrior,arms,54,26,28
Gnomop,ravencrest,1441,warrior,arms,42,20,22
Эпитафорх,blackscar,1440,warrior,arms,29,16,13
Karimlebrave,hyjal,1440,warrior,arms,68,33,35
Rexonawarr,kazzak,1439,warrior,arms,24,15,9
Tucomessuelo,cthun,1439,warrior,arms,53,29,24
Ricssonz,burning-legion,1439,warrior,arms,60,29,31
Акумираг,soulflayer,1439,warrior,arms,54,22,32
Makerrw,ravencrest,1438,warrior,arms,50,26,24
Чпокерз,gordunni,1438,warrior,arms,88,43,45
Juoppó,tarren-mill,1437,warrior,arms,92,48,44
Ardmoo,burning-legion,1437,warrior,arms,39,20,19
Garouzo,hellfire,1437,warrior,arms,64,32,32
Ryle,anubarak,1437,warrior,arms,136,60,76
Нунара,eversong,1437,warrior,arms,47,19,28
Aza,burning-blade,1436,warrior,arms,42,23,19
Kaîsaschnitt,malganis,1436,warrior,arms,94,47,47
Pokopo,blackrock,1436,warrior,arms,217,107,110
Friskos,dalaran,1436,warrior,arms,118,55,63
Dzvenyhora,darkspear,1436,warrior,arms,95,44,51
Varyian,sporeggar,1436,warrior,arms,131,59,72
Сладкаяхурма,howling-fjord,1436,warrior,arms,42,15,27
Bigboibeeper,draenor,1435,warrior,arms,72,35,37
Lachandrius,blackhand,1435,warrior,arms,72,33,39
Balthew,defias-brotherhood,1435,warrior,arms,36,15,21
Dafok,rashgarroth,1434,warrior,arms,42,19,23
Espröc,kazzak,1432,warrior,arms,180,95,85
Pelicos,grim-batol,1431,warrior,arms,30,17,13
Yayoflauta,sanguino,1431,warrior,arms,54,28,26
Luküs,dun-modr,1431,warrior,arms,76,36,40
Elder,darkmoon-faire,1431,warrior,arms,66,28,38
Dragão,kazzak,1431,warrior,arms,42,17,25
Otiep,blackmoore,1430,warrior,arms,36,24,12
Ènteqt,antonidas,1430,warrior,arms,49,32,17
Dataçasé,silvermoon,1430,warrior,arms,24,15,9
Wolvéshôwl,aegwynn,1430,warrior,arms,79,33,46
Meistarinn,draenor,1430,warrior,arms,48,17,31
Hellrokk,drakthul,1429,warrior,arms,30,18,12
Zosska,burning-legion,1429,warrior,arms,54,27,27
Irén,hellfire,1429,warrior,arms,69,32,37
Tamesulo,silvermoon,1429,warrior,arms,53,24,29
Gorzan,dragonmaw,1429,warrior,arms,71,31,40
Ormert,sylvanas,1429,warrior,arms,42,18,24
Garroxx,blackrock,1429,warrior,arms,42,15,27
Spridan,ravencrest,1428,warrior,arms,42,15,27
Jumbodolmen,tarren-mill,1427,warrior,arms,36,19,17
Qvate,twisting-nether,1427,warrior,arms,59,31,28
Alinash,aegwynn,1427,warrior,arms,51,24,27
Arreat,chogall,1427,warrior,arms,130,59,71
Bráïnléss,silvermoon,1426,warrior,arms,36,17,19
Zerberos,drakthul,1425,warrior,arms,76,37,39
Alpairx,aegwynn,1425,warrior,arms,50,18,32
Инелутабл,eversong,1423,warrior,arms,29,19,10
Murandin,outland,1423,warrior,arms,36,19,17
Уэсгар,blackscar,1423,warrior,arms,48,15,33
Doba,madmortem,1422,warrior,arms,71,32,39
Zkou,wrathbringer,1422,warrior,arms,42,15,27
Smoothbrian,ravencrest,1421,warrior,arms,24,15,9
Judditsbx,draenor,1421,warrior,arms,41,22,19
Tarbhfathach,draenor,1421,warrior,arms,48,25,23
Linkx,lightnings-blade,1421,warrior,arms,30,15,15
Зеленыйжмых,thermaplugg,1421,warrior,arms,57,28,29
Гопниг,deepholm,1421,warrior,arms,53,22,31
Skumslag,blackmoore,1421,warrior,arms,42,15,27
Mljecho,kazzak,1420,warrior,arms,155,79,76
Jáson,kazzak,1420,warrior,arms,71,33,38
Dargonedt,blackrock,1420,warrior,arms,42,18,24
Takatoa,argent-dawn,1420,warrior,arms,36,15,21
Petrixens,drakthul,1419,warrior,arms,24,16,8
Zellxd,stormscale,1418,warrior,arms,36,20,16
Critwar,silvermoon,1418,warrior,arms,36,19,17
Avelyr,pozzo-delleternità,1418,warrior,arms,30,15,15
Мерсилессх,gordunni,1418,warrior,arms,84,39,45
Nyamnyamnyam,blackmoore,1418,warrior,arms,35,15,20
Josem,sanguino,1418,warrior,arms,39,16,23
Malalulu,burning-legion,1417,warrior,arms,131,64,67
Goldins,drakthul,1417,warrior,arms,41,19,22
Hoomeer,sylvanas,1417,warrior,arms,78,36,42
Nuahka,blackmoore,1416,warrior,arms,28,17,11
Leroxius,ragnaros,1416,warrior,arms,168,86,82
Llestatl,hyjal,1416,warrior,arms,83,42,41
Газрош,howling-fjord,1416,warrior,arms,46,22,24
Zarakï,zuljin,1416,warrior,arms,48,20,28
Flurie,sylvanas,1415,warrior,arms,46,20,26
Madaxe,kazzak,1414,warrior,arms,24,20,4
Berzzerker,tarren-mill,1414,warrior,arms,66,35,31
Shïn,kaelthas,1414,warrior,arms,66,26,40
Ayasana,argent-dawn,1413,warrior,arms,24,15,9
Carras,confrérie-du-thorium,1413,warrior,arms,179,86,93
Gëaldýr,kazzak,1413,warrior,arms,82,37,45
Oruka,mannoroth,1412,warrior,arms,48,27,21
Ugardosh,burning-legion,1412,warrior,arms,40,16,24
Banshor,ysondre,1411,warrior,arms,32,17,15
Drushíí,shattrath,1411,warrior,arms,35,17,18
Vratranzhul,kirin-tor,1411,warrior,arms,229,108,121
Kantarion,stormscale,1411,warrior,arms,54,22,32
Паракур,soulflayer,1410,warrior,arms,84,40,44
Wanzzeur,hyjal,1410,warrior,arms,53,23,30
Ferpylél,ragnaros,1408,warrior,arms,31,17,14
Deadyet,mugthol,1407,warrior,arms,24,15,9
Yuriko,onyxia,1407,warrior,arms,48,25,23
Melfis,aegwynn,1407,warrior,arms,31,16,15
Fáro,ravencrest,1407,warrior,arms,40,16,24
Taylorswifty,twisting-nether,1406,warrior,arms,96,52,44
Nocton,blackhand,1406,warrior,arms,72,35,37
Варгана,soulflayer,1406,warrior,arms,82,39,43
Кефтеме,fordragon,1406,warrior,arms,105,49,56
Letmeteachya,kazzak,1406,warrior,arms,36,15,21
Spargebuci,draenor,1406,warrior,arms,48,17,31
Esegryel,argent-dawn,1405,warrior,arms,65,26,39
Гетрайт,galakrond,1404,warrior,arms,36,19,17
Mograinê,blackmoore,1404,warrior,arms,120,62,58
Gritch,ysondre,1404,warrior,arms,30,15,15
Неосим,gordunni,1403,warrior,arms,48,29,19
Bjösk,stormscale,1403,warrior,arms,45,23,22
Slunecniq,azjolnerub,1403,warrior,arms,57,24,33
Mgw,blackrock,1402,warrior,arms,30,17,13
Cutting,burning-legion,1402,warrior,arms,55,25,30
Lostbull,kazzak,1402,warrior,arms,36,16,20
Fraggiz,auchindoun,1402,warrior,arms,36,16,20
Dagouor,twisting-nether,1402,warrior,arms,67,29,38
Hílfiger,kazzak,1402,warrior,arms,71,29,42
Raizy,frostwolf,1401,warrior,arms,102,54,48
Saofang,twisting-nether,1401,warrior,arms,30,15,15
Андэрс,gordunni,1401,warrior,arms,124,59,65
Северот,deepholm,1401,warrior,arms,35,16,19
Bloodmyst,kazzak,1401,warrior,arms,60,27,33
Strapnslap,argent-dawn,1401,warrior,arms,107,48,59
Peldreas,silvermoon,1400,warrior,arms,64,31,33
Казгримм,howling-fjord,1400,warrior,arms,48,23,25
Synrosh,hyjal,1399,warrior,arms,39,23,16
Sidiøøus,hyjal,1399,warrior,arms,66,31,35
Architectman,twisting-nether,1399,warrior,arms,101,47,54
Moowar,defias-brotherhood,1398,warrior,arms,36,17,19
Doxinator,silvermoon,1396,warrior,arms,81,33,48
Nevergladx,kazzak,1396,warrior,arms,57,23,34
ßladex,azshara,1395,warrior,arms,47,27,20
Cássándráh,argent-dawn,1395,warrior,arms,91,46,45
Rodenet,dun-modr,1395,warrior,arms,66,33,33
Mortalgrim,ravencrest,1395,warrior,arms,58,29,29
Zbra,draenor,1395,warrior,arms,65,32,33
Bládez,ravencrest,1394,warrior,arms,66,36,30
Dolphini,argent-dawn,1394,warrior,arms,52,23,29
Akenrun,eredar,1394,warrior,arms,64,28,36
Мобсто,soulflayer,1392,warrior,arms,47,23,24
Алексвайтт,gordunni,1391,warrior,arms,47,23,24
Hradball,twilights-hammer,1390,warrior,arms,60,28,32
Okoru,stormscale,1390,warrior,arms,57,22,35
Gìlgamesh,dun-modr,1389,warrior,arms,117,57,60
Nuclearrage,outland,1389,warrior,arms,61,28,33
Nabul,thunderhorn,1387,warrior,arms,48,26,22
Зотлолпромвп,booty-bay,1387,warrior,arms,29,15,14
Binsaueramk,ravencrest,1387,warrior,arms,48,20,28
Katxirulo,tyrande,1386,warrior,arms,48,25,23
Icybladez,kazzak,1386,warrior,arms,106,55,51
Казньшалав,gordunni,1385,warrior,arms,99,48,51
Tolga,draenor,1385,warrior,arms,42,19,23
Дикийппц,gordunni,1384,warrior,arms,54,30,24
Diástasi,twisting-nether,1384,warrior,arms,90,48,42
Éls,argent-dawn,1383,warrior,arms,46,22,24
Oppressíon,silvermoon,1383,warrior,arms,34,15,19
Dodgeslam,eredar,1382,warrior,arms,40,18,22
Pra,antonidas,1381,warrior,arms,24,15,9
Faugh,tarren-mill,1380,warrior,arms,54,32,22
Halsandre,hyjal,1380,warrior,arms,42,17,25
Рагаксес,blackscar,1380,warrior,arms,70,28,42
Ingensan,lightbringer,1379,warrior,arms,86,43,43
Warrouner,khaz-modan,1377,warrior,arms,151,74,77
Geckoo,emerald-dream,1377,warrior,arms,96,42,54
Shagara,defias-brotherhood,1377,warrior,arms,36,15,21
Xaheld,blackrock,1376,warrior,arms,30,16,14
Temprament,ravencrest,1375,warrior,arms,36,21,15
Nezruslone,dun-modr,1374,warrior,arms,35,26,9
Zargor,kazzak,1374,warrior,arms,58,35,23
Adzipotlewap,burning-legion,1374,warrior,arms,30,15,15
Cléàvage,silvermoon,1374,warrior,arms,81,32,49
Beelzebuu,blackhand,1373,warrior,arms,55,29,26
Iljaana,blackrock,1373,warrior,arms,60,30,30
Hogu,nemesis,1373,warrior,arms,54,21,33
Xanatos,khazgoroth,1372,warrior,arms,50,17,33
Dirtyjoe,khaz-modan,1371,warrior,arms,198,101,97
Lexras,blackhand,1371,warrior,arms,56,27,29
Dixo,nathrezim,1370,warrior,arms,18,15,3
Морталвлицо,gordunni,1370,warrior,arms,23,15,8
Mercedesamg,blackmoore,1370,warrior,arms,50,25,25
Shædøw,archimonde,1370,warrior,arms,30,15,15
Bellator,arakarahm,1370,warrior,arms,59,27,32
Rakwarrior,blackhand,1369,warrior,arms,30,20,10
Greenpanzer,archimonde,1368,warrior,arms,27,15,12
Ähäkutti,frostmane,1368,warrior,arms,71,39,32
Kaliroll,ysondre,1367,warrior,arms,92,46,46
Srbinator,turalyon,1367,warrior,arms,107,52,55
Абабоба,gordunni,1367,warrior,arms,88,42,46
Matchoo,archimonde,1367,warrior,arms,59,27,32
Мэднас,howling-fjord,1367,warrior,arms,54,24,30
Erzotz,kazzak,1365,warrior,arms,33,20,13
Getsmokedjr,ravencrest,1365,warrior,arms,32,15,17
Puurplecloud,kazzak,1365,warrior,arms,54,23,31
Gacel,dun-modr,1364,warrior,arms,54,24,30
Xmartha,tarren-mill,1363,warrior,arms,30,19,11
Narkololzz,marécage-de-zangar,1363,warrior,arms,62,30,32
Ragestick,stormscale,1363,warrior,arms,42,20,22
Lomu,bloodscalp,1362,warrior,arms,44,22,22
Propanex,kazzak,1361,warrior,arms,42,26,16
Youokhun,kazzak,1361,warrior,arms,72,38,34
Кэфтэмэ,soulflayer,1361,warrior,arms,85,41,44
Vølverinwar,thrall,1361,warrior,arms,82,37,45
Glørïn,hyjal,1359,warrior,arms,42,22,20
Geraltf,tarren-mill,1359,warrior,arms,113,55,58
Rutch,hyjal,1359,warrior,arms,36,16,20
Panggy,ragnaros,1359,warrior,arms,36,15,21
Robsuéy,blackmoore,1359,warrior,arms,48,17,31
Grahatia,magtheridon,1358,warrior,arms,99,54,45
Kymari,sanguino,1358,warrior,arms,63,28,35
Скользкийбро,gordunni,1356,warrior,arms,135,66,69
Sinbuay,malygos,1356,warrior,arms,36,16,20
Chakrator,la-croisade-écarlate,1355,warrior,arms,90,43,47
Агтеррокк,deathweaver,1353,warrior,arms,60,30,30
Авентадорх,deathguard,1352,warrior,arms,89,35,54
Starscourge,tarren-mill,1351,warrior,arms,41,32,9
Tedbuckland,blackrock,1351,warrior,arms,30,19,11
Shoesmith,outland,1351,warrior,arms,74,24,50
Maidenlless,ravencrest,1350,warrior,arms,92,41,51
Totalterror,ragnaros,1349,warrior,arms,48,25,23
Mogolaki,twilights-hammer,1349,warrior,arms,126,60,66
Pavard,arakarahm,1349,warrior,arms,36,16,20
Eyesonly,blackmoore,1347,warrior,arms,46,25,21
Qiz,silvermoon,1347,warrior,arms,134,68,66
Tazkax,archimonde,1346,warrior,arms,52,23,29
Мускулатор,soulflayer,1345,warrior,arms,126,58,68
Imondiet,ragnaros,1344,warrior,arms,18,14,4
Pummelpete,grim-batol,1344,warrior,arms,24,14,10
Xraider,ragnaros,1344,warrior,arms,42,20,22
Pazl,outland,1344,warrior,arms,36,17,19
Hellzint,sanguino,1344,warrior,arms,267,124,143
Мастхэв,gordunni,1343,warrior,arms,30,15,15
Ayelsyssup,silvermoon,1343,warrior,arms,97,46,51
Tyëlin,elune,1343,warrior,arms,107,50,57
Colard,ravencrest,1343,warrior,arms,30,14,16
Whýsøsîlêñt,ragnaros,1343,warrior,arms,30,14,16
Buyya,ravencrest,1342,warrior,arms,58,31,27
Anahkas,archimonde,1342,warrior,arms,30,14,16
Элетий,soulflayer,1342,warrior,arms,30,14,16
Хазгора,howling-fjord,1341,warrior,arms,106,58,48
Zzeed,auchindoun,1341,warrior,arms,48,19,29
Mfull,tarren-mill,1340,warrior,arms,60,31,29
Kianit,ravencrest,1340,warrior,arms,178,84,94
Pag,hyjal,1339,warrior,arms,23,15,8
Feckdech,blackrock,1339,warrior,arms,24,14,10
Norganw,die-aldor,1339,warrior,arms,24,14,10
Hoxxywar,drakthul,1339,warrior,arms,59,33,26
Skeletor,draenor,1339,warrior,arms,34,15,19
Luusto,stormscale,1339,warrior,arms,36,15,21
Pinkblast,sylvanas,1339,warrior,arms,36,14,22
Vory,ravencrest,1338,warrior,arms,18,14,4
Toby,rexxar,1337,warrior,arms,33,19,14
Mëc,twisting-nether,1337,warrior,arms,60,32,28
Lågærtha,blackmoore,1337,warrior,arms,53,28,25
Littlebugger,ravencrest,1336,warrior,arms,24,14,10
Neverkind,twisting-nether,1336,warrior,arms,84,47,37
Фикпопадешь,lich-king,1336,warrior,arms,69,30,39
Lyfttokyo,tarren-mill,1335,warrior,arms,84,39,45
Dafrang,kazzak,1334,warrior,arms,24,14,10
Bonesz,jaedenar,1334,warrior,arms,141,71,70
Jeonsoyeon,argent-dawn,1334,warrior,arms,30,14,16
Oneshót,norgannon,1333,warrior,arms,59,30,29
Taikyokuken,hyjal,1333,warrior,arms,60,27,33
Bufdefstance,kazzak,1332,warrior,arms,30,14,16
Hatefury,twisting-nether,1332,warrior,arms,96,44,52
Gantór,blackrock,1332,warrior,arms,42,19,23
Флэксик,soulflayer,1331,warrior,arms,24,14,10
Heubba,hyjal,1331,warrior,arms,36,14,22
Sugmanutz,argent-dawn,1329,warrior,arms,24,14,10
Антурим,howling-fjord,1329,warrior,arms,36,16,20
Vayndral,kazzak,1328,warrior,arms,24,14,10
Shádówfáxí,outland,1328,warrior,arms,30,14,16
Haewon,burning-legion,1328,warrior,arms,42,16,26
Behemothwr,kazzak,1327,warrior,arms,75,37,38
Greekazi,kazzak,1327,warrior,arms,57,26,31
Dundulinka,outland,1327,warrior,arms,45,19,26
Leopoldx,outland,1326,warrior,arms,40,21,19
Wargak,stormscale,1326,warrior,arms,30,14,16
Swefy,sanguino,1326,warrior,arms,139,62,77
Xsann,argent-dawn,1326,warrior,arms,36,16,20
Issatank,frostmane,1325,warrior,arms,54,28,26
Vagor,aegwynn,1325,warrior,arms,102,49,53
Нетконечно,howling-fjord,1325,warrior,arms,30,14,16
Iuska,malganis,1325,warrior,arms,54,21,33
Раздолбатель,razuvious,1324,warrior,arms,31,17,14
Bxnx,aegwynn,1324,warrior,arms,42,23,19
Mortalik,silvermoon,1324,warrior,arms,166,77,89
Highz,grim-batol,1323,warrior,arms,36,18,18
Безбожник,eversong,1322,warrior,arms,60,33,27
Raixxon,ragnaros,1321,warrior,arms,109,49,60
Ashiku,zuljin,1321,warrior,arms,54,23,31
Throck,drakthul,1320,warrior,arms,41,18,23
Tealbell,chamber-of-aspects,1319,warrior,arms,143,71,72
Razoo,stormscale,1319,warrior,arms,60,23,37
Zetorc,burning-legion,1318,warrior,arms,89,39,50
Krigarjag,kazzak,1317,warrior,arms,35,20,15
Atälànte,ysondre,1317,warrior,arms,36,19,17
Martøswarr,uldum,1317,warrior,arms,30,14,16
Succel,drakthul,1317,warrior,arms,30,14,16
Grimhew,argent-dawn,1317,warrior,arms,42,17,25
Kilsorrow,silvermoon,1317,warrior,arms,42,14,28
Papipulki,zuljin,1316,warrior,arms,86,35,51
Astven,blackmoore,1316,warrior,arms,40,16,24
Ральдвин,gordunni,1315,warrior,arms,77,43,34
Guruntar,kirin-tor,1315,warrior,arms,62,29,33
Ríta,silvermoon,1315,warrior,arms,30,14,16
Chrekk,khaz-modan,1315,warrior,arms,30,14,16
Ангрол,grom,1315,warrior,arms,47,20,27
Ràgnarok,chogall,1314,warrior,arms,72,39,33
Ragark,quelthalas,1314,warrior,arms,99,53,46
Bleckwarrior,ravencrest,1314,warrior,arms,96,46,50
Kmica,khadgar,1314,warrior,arms,61,27,34
Equality,ragnaros,1314,warrior,arms,58,25,33
Blitz,archimonde,1313,warrior,arms,24,14,10
Bumbx,kazzak,1313,warrior,arms,38,19,19
Lácrima,dun-modr,1313,warrior,arms,36,18,18
Peack,ravencrest,1313,warrior,arms,154,76,78
Hamonbophis,kirin-tor,1312,warrior,arms,24,14,10
Ankzz,archimonde,1311,warrior,arms,36,21,15
Оморальный,soulflayer,1311,warrior,arms,88,39,49
Duce,kirin-tor,1310,warrior,arms,30,14,16
Nicperh,dun-modr,1310,warrior,arms,66,29,37
Megatronman,ravencrest,1309,warrior,arms,24,14,10
Serakhan,argent-dawn,1309,warrior,arms,66,37,29
Roctah,auchindoun,1309,warrior,arms,46,24,22
Leonidæs,frostwolf,1309,warrior,arms,75,34,41
Aggamemnus,ravencrest,1308,warrior,arms,44,28,16
Lëime,ravencrest,1308,warrior,arms,42,23,19
Lø,chogall,1308,warrior,arms,65,32,33
Iluwar,ragnaros,1308,warrior,arms,279,133,146
Onee,terrordar,1307,warrior,arms,43,24,19
Gamöra,kirin-tor,1307,warrior,arms,60,28,32
Bîmbämboom,blackmoore,1306,warrior,arms,58,32,26
Silabozija,ravencrest,1306,warrior,arms,76,39,37
Ovcharq,steamwheedle-cartel,1306,warrior,arms,67,34,33
Lûckystríké,blackmoore,1305,warrior,arms,52,25,27
Thisguyfax,the-venture-co,1304,warrior,arms,66,34,32
Ludjack,tarren-mill,1304,warrior,arms,39,18,21
Hørror,nemesis,1304,warrior,arms,42,18,24
Sixteen,darkmoon-faire,1303,warrior,arms,24,14,10
Палачубийца,deathguard,1303,warrior,arms,91,47,44
Fàlconry,kazzak,1302,warrior,arms,120,51,69
Bossít,doomhammer,1301,warrior,arms,80,44,36
Ragnacore,ravencrest,1301,warrior,arms,53,29,24
Atus,dun-modr,1301,warrior,arms,71,37,34
Taurosk,burning-legion,1301,warrior,arms,48,23,25
Bulwrak,eredar,1301,warrior,arms,102,48,54
Oldcockball,argent-dawn,1301,warrior,arms,32,15,17
Shará,eredar,1301,warrior,arms,90,39,51
Tazdingowar,antonidas,1301,warrior,arms,58,23,35
Kaidewarr,kazzak,1299,warrior,arms,24,16,8
Shuraj,hyjal,1299,warrior,arms,46,24,22
Nekerka,burning-legion,1299,warrior,arms,82,38,44
Garganelli,tarren-mill,1298,warrior,arms,63,28,35
Elénir,dalaran,1297,warrior,arms,24,15,9
Agamemnon,frostmane,1297,warrior,arms,26,16,10
Borga,blackrock,1297,warrior,arms,42,19,23
Cárbo,silvermoon,1296,warrior,arms,73,40,33
Eekz,haomarush,1296,warrior,arms,30,16,14
Рестат,soulflayer,1296,warrior,arms,137,58,79
Армсец,howling-fjord,1296,warrior,arms,42,16,26
Seliasbro,kazzak,1295,warrior,arms,30,15,15
Сэлфиш,lich-king,1295,warrior,arms,29,14,15
Chippéd,draenor,1294,warrior,arms,23,14,9
Aiarm,twisting-nether,1294,warrior,arms,150,82,68
Oyv,tarren-mill,1293,warrior,arms,30,15,15
Wolfgladius,cthun,1293,warrior,arms,30,15,15
Faløn,archimonde,1293,warrior,arms,62,24,38
Давилкагеев,howling-fjord,1292,warrior,arms,37,16,21
Kultigin,ravencrest,1292,warrior,arms,100,43,57
Semanor,aegwynn,1291,warrior,arms,30,16,14
Zeroskllz,outland,1291,warrior,arms,76,36,40
Inelegant,tarren-mill,1290,warrior,arms,60,32,28
Ghorglukk,lightnings-blade,1290,warrior,arms,60,28,32
Perkoulator,archimonde,1290,warrior,arms,69,30,39
Elyrax,dun-modr,1290,warrior,arms,36,15,21
Piksitron,silvermoon,1289,warrior,arms,66,40,26
Vlader,dun-modr,1289,warrior,arms,36,15,21
Степанычь,gordunni,1288,warrior,arms,41,22,19
Брозя,gordunni,1288,warrior,arms,30,14,16
Вениамин,deathweaver,1288,warrior,arms,47,15,32
Hellspin,argent-dawn,1287,warrior,arms,30,15,15
Unarde,silvermoon,1287,warrior,arms,191,95,96
Olesbawro,ragnaros,1287,warrior,arms,90,34,56
Perykø,sanguino,1287,warrior,arms,68,23,45
Vegäpunk,nemesis,1286,warrior,arms,36,16,20
Cramatao,shadowsong,1285,warrior,arms,53,24,29
Èscøbar,dalaran,1285,warrior,arms,39,15,24
Rayguerrero,blackrock,1285,warrior,arms,42,14,28
Soulcleaver,stormreaver,1284,warrior,arms,68,36,32
Ylana,eldrethalas,1283,warrior,arms,111,48,63
Сеш,lich-king,1282,warrior,arms,29,14,15
Bluntsword,twisting-nether,1282,warrior,arms,36,17,19
Hatethisgame,frostwolf,1282,warrior,arms,93,42,51
Yolal,twisting-nether,1282,warrior,arms,60,27,33
Einherjer,burning-legion,1280,warrior,arms,76,39,37
Kloppnîx,blackmoore,1279,warrior,arms,56,34,22
Гогрикк,ashenvale,1279,warrior,arms,72,35,37
Malevolént,silvermoon,1279,warrior,arms,66,31,35
Bonnaventure,hyjal,1278,warrior,arms,84,41,43
Toxicmade,drakthul,1278,warrior,arms,36,15,21
Eggsecutor,stormscale,1276,warrior,arms,35,16,19
Tyragon,thrall,1275,warrior,arms,30,17,13
Reichas,ragnaros,1275,warrior,arms,61,31,30
Pacosky,burning-legion,1275,warrior,arms,57,28,29
Contrariety,ravencrest,1274,warrior,arms,53,30,23
Mödhan,archimonde,1274,warrior,arms,88,43,45
Bhallts,tarren-mill,1274,warrior,arms,32,14,18
Xunaakt,nemesis,1273,warrior,arms,69,34,35
Staribrko,outland,1273,warrior,arms,206,94,112
Bulduzer,kazzak,1273,warrior,arms,59,26,33
Rahaaxhia,kaelthas,1271,warrior,arms,24,15,9
Celphboss,tarren-mill,1271,warrior,arms,23,14,9
Anarki,kaelthas,1271,warrior,arms,38,15,23
Sigmundsdotr,outland,1270,warrior,arms,54,28,26
Arithael,dun-modr,1270,warrior,arms,204,99,105
Kirowarrior,silvermoon,1270,warrior,arms,62,30,32
Джондо,gordunni,1269,warrior,arms,30,14,16
Nårgaí,kargath,1269,warrior,arms,78,36,42
Redow,stormreaver,1265,warrior,arms,40,16,24
Дрейсен,gordunni,1264,warrior,arms,48,23,25
Minoke,antonidas,1264,warrior,arms,30,14,16
Aliasus,outland,1264,warrior,arms,36,16,20
Ranran,emerald-dream,1264,warrior,arms,32,14,18
Colosius,stormscale,1262,warrior,arms,48,29,19
Abnôrmus,tarren-mill,1262,warrior,arms,48,25,23
Sertigan,dun-modr,1262,warrior,arms,39,16,23
Gorchak,blackmoore,1261,warrior,arms,143,65,78
Rochful,frostwolf,1260,warrior,arms,42,23,19
Tozz,azuremyst,1260,warrior,arms,48,26,22
Ordínaryname,blackrock,1260,warrior,arms,426,222,204
Kravaiski,argent-dawn,1260,warrior,arms,104,50,54
Vagor,draenor,1260,warrior,arms,46,22,24
Pyrul,antonidas,1260,warrior,arms,31,14,17
Jasperr,nemesis,1259,warrior,arms,109,57,52
Агамемнан,soulflayer,1258,warrior,arms,164,79,85
Matrafox,stormscale,1257,warrior,arms,73,34,39
Zeldaixi,twisting-nether,1256,warrior,arms,28,16,12
Balyndâ,aegwynn,1256,warrior,arms,44,25,19
Bolski,ravencrest,1256,warrior,arms,53,28,25
Почтитайсон,howling-fjord,1255,warrior,arms,29,14,15
Narox,arathor,1255,warrior,arms,56,26,30
Кентаныч,howling-fjord,1254,warrior,arms,48,22,26
Buntstift,thrall,1254,warrior,arms,42,14,28
Morrzerk,sylvanas,1253,warrior,arms,35,20,15
Cremas,cthun,1253,warrior,arms,48,18,30
Рейнджровер,howling-fjord,1252,warrior,arms,40,17,23
Kirus,ravencrest,1252,warrior,arms,75,31,44
Клайминг,soulflayer,1251,warrior,arms,36,24,12
Lebronjones,sylvanas,1251,warrior,arms,72,34,38
Dicaprios,silvermoon,1250,warrior,arms,72,36,36
Zool,madmortem,1250,warrior,arms,89,41,48
Orwêll,uldum,1250,warrior,arms,74,32,42
Orcanism,nozdormu,1249,warrior,arms,36,17,19
Фоссбро,gordunni,1249,warrior,arms,39,15,24
Mysteryman,defias-brotherhood,1248,warrior,arms,57,29,28
Leeches,aggramar,1247,warrior,arms,24,13,11
Daymio,twisting-nether,1247,warrior,arms,30,13,17
Aixer,archimonde,1247,warrior,arms,30,13,17
Quetrax,chogall,1247,warrior,arms,30,13,17
Apacho,outland,1247,warrior,arms,30,13,17
Kásúxøxøw,ravencrest,1247,warrior,arms,30,13,17
Абырабыр,howling-fjord,1246,warrior,arms,18,13,5
Hirurg,thrall,1246,warrior,arms,24,13,11
Kardinell,blackhand,1246,warrior,arms,66,30,36
Cavo,drakthul,1246,warrior,arms,30,13,17
Sponkss,tarren-mill,1246,warrior,arms,30,13,17
Luunk,ravencrest,1245,warrior,arms,78,43,35
Grinrok,thrall,1245,warrior,arms,78,36,42
Foxaz,burning-legion,1245,warrior,arms,42,19,23
Garosh,drakthul,1244,warrior,arms,66,33,33
Rhazeél,blackrock,1243,warrior,arms,18,13,5
Zaerna,draenor,1243,warrior,arms,24,13,11
Kiriwarr,dun-modr,1243,warrior,arms,24,13,11
Кунгфурик,soulflayer,1243,warrior,arms,30,14,16
Istenn,stormscale,1243,warrior,arms,30,13,17
Rocktastic,blackrock,1243,warrior,arms,41,16,25
Soundso,blackmoore,1242,warrior,arms,26,15,11
Narcx,kazzak,1242,warrior,arms,24,13,11
Холипротовар,fordragon,1242,warrior,arms,48,22,26
Átlás,blackmoore,1242,warrior,arms,43,19,24
Arowbaze,archimonde,1242,warrior,arms,30,13,17
Bhallts,twisting-nether,1242,warrior,arms,36,13,23
Notvisionary,ravencrest,1241,warrior,arms,24,13,11
Wørgenn,hyjal,1241,warrior,arms,38,19,19
Eyeslicer,quelthalas,1241,warrior,arms,30,13,17
Jaru,alleria,1240,warrior,arms,51,27,24
Zappstorm,frostwolf,1238,warrior,arms,31,17,14
Fiveboy,tarren-mill,1238,warrior,arms,24,13,11
Chilp,archimonde,1238,warrior,arms,37,16,21
Bloodrain,twilights-hammer,1237,warrior,arms,24,13,11
Rorix,blackrock,1237,warrior,arms,24,13,11
Tahzwolf,stormscale,1236,warrior,arms,18,13,5
Fractale,kirin-tor,1236,warrior,arms,22,14,8
Gakgora,twisting-nether,1236,warrior,arms,24,13,11
Kioskmupp,ravencrest,1236,warrior,arms,66,28,38
Smackaroon,draenor,1235,warrior,arms,24,13,11
Qweoamsd,sylvanas,1235,warrior,arms,24,13,11
Bobloblaww,doomhammer,1234,warrior,arms,24,13,11
Batalius,dalaran,1234,warrior,arms,36,14,22
Imorphius,silvermoon,1234,warrior,arms,36,13,23
Plt,talnivarr,1233,warrior,arms,41,25,16
Funknîco,wrathbringer,1233,warrior,arms,37,19,18
Dreamkil,archimonde,1233,warrior,arms,193,97,96
Drahtalger,hyjal,1233,warrior,arms,30,13,17
Joewahl,ragnaros,1233,warrior,arms,48,15,33
Szelenamoon,outland,1232,warrior,arms,32,14,18
Waegon,twisting-nether,1230,warrior,arms,30,13,17
Белриэль,gordunni,1230,warrior,arms,60,23,37
Тандэр,borean-tundra,1229,warrior,arms,30,13,17
Xennor,argent-dawn,1229,warrior,arms,30,13,17
Thehans,grim-batol,1228,warrior,arms,44,18,26
Кизуми,gordunni,1227,warrior,arms,33,14,19
Leàn,nemesis,1226,warrior,arms,36,13,23
Mifuune,argent-dawn,1225,warrior,arms,43,23,20
Элейд,thermaplugg,1225,warrior,arms,47,23,24
Синнэр,blackscar,1225,warrior,arms,36,13,23
Izestyi,blackrock,1224,warrior,arms,90,39,51
Larrydankin,draenor,1224,warrior,arms,78,30,48
Phantastix,dun-modr,1223,warrior,arms,30,18,12
Solaría,garona,1222,warrior,arms,30,15,15
Kugghalfswor,doomhammer,1222,warrior,arms,316,154,162
Slaughteredd,kazzak,1222,warrior,arms,60,24,36
Zhenshii,blackmoore,1221,warrior,arms,24,13,11
Krigsdunken,draenor,1221,warrior,arms,87,40,47
Gachiwarri,blackhand,1221,warrior,arms,30,13,17
Gèrralt,hyjal,1221,warrior,arms,41,16,25
Garthro,antonidas,1221,warrior,arms,36,14,22
Reb,thunderhorn,1220,warrior,arms,24,13,11
Goldenward,silvermoon,1220,warrior,arms,42,21,21
Голдфингер,gordunni,1220,warrior,arms,76,32,44
Nixtor,defias-brotherhood,1220,warrior,arms,61,25,36
Mesmash,uldum,1220,warrior,arms,36,13,23
Raznon,magtheridon,1218,warrior,arms,36,13,23
Donátos,aegwynn,1217,warrior,arms,80,36,44
Jisoowar,blackhand,1217,warrior,arms,54,23,31
Ismellurfeet,ravencrest,1215,warrior,arms,24,14,10
Ghostwarx,blackmoore,1215,warrior,arms,38,19,19
Despacitus,burning-legion,1215,warrior,arms,53,20,33
Crocbait,ravencrest,1214,warrior,arms,36,19,17
Zuggizug,draenor,1214,warrior,arms,54,27,27
Джагенвард,soulflayer,1214,warrior,arms,36,18,18
Zøom,ysondre,1213,warrior,arms,82,41,41
Huuln,outland,1213,warrior,arms,32,13,19
Shihoh,blackhand,1213,warrior,arms,124,50,74
Киефси,howling-fjord,1212,warrior,arms,66,38,28
Sway,eonar,1212,warrior,arms,120,57,63
Warriornrv,ysondre,1211,warrior,arms,45,21,24
Бруталдэз,deathguard,1211,warrior,arms,36,13,23
Thunderage,stormscale,1209,warrior,arms,30,14,16
Asmongnome,ravencrest,1208,warrior,arms,24,13,11
Nurychïc,twisting-nether,1208,warrior,arms,39,21,18
Ðræms,eldrethalas,1208,warrior,arms,77,34,43
Keshâr,blackhand,1208,warrior,arms,30,13,17
Рагнарг,goldrinn,1207,warrior,arms,48,26,22
Lûxn,silvermoon,1205,warrior,arms,140,68,72
Crotoss,ravencrest,1205,warrior,arms,37,17,20
Погоныч,soulflayer,1205,warrior,arms,36,16,20
Rhonack,ragnaros,1205,warrior,arms,50,20,30
Grimoire,drakthul,1203,warrior,arms,26,14,12
Protecc,burning-legion,1203,warrior,arms,58,26,32
Excutíé,twisting-nether,1202,warrior,arms,30,18,12
Крахгал,soulflayer,1201,warrior,arms,159,80,79
Exot,eredar,1200,warrior,arms,54,27,27
Кимиюки,gordunni,1200,warrior,arms,56,24,32
Muetzchen,blackhand,1198,warrior,arms,42,25,17
Mañtís,argent-dawn,1198,warrior,arms,80,41,39
Данилатитич,howling-fjord,1198,warrior,arms,57,27,30
Kurzen,voljin,1198,warrior,arms,59,27,32
Rayeron,sanguino,1198,warrior,arms,39,16,23
Bigtulipe,archimonde,1197,warrior,arms,53,26,27
Tontonsmoky,hyjal,1197,warrior,arms,94,43,51
Mozterwar,ravencrest,1197,warrior,arms,66,28,38
Mllmmxxm,kargath,1197,warrior,arms,36,13,23
Brondir,archimonde,1196,warrior,arms,29,14,15
Sandalwood,wildhammer,1195,warrior,arms,27,16,11
Berserkpwnz,silvermoon,1194,warrior,arms,60,32,28
Nøiir,malfurion,1194,warrior,arms,30,15,15
Buffettleapx,kazzak,1194,warrior,arms,32,14,18
Rèâpèr,kazzak,1193,warrior,arms,42,27,15
Wutend,nemesis,1190,warrior,arms,23,13,10
Gnarok,archimonde,1189,warrior,arms,29,16,13
Opseagull,defias-brotherhood,1189,warrior,arms,30,15,15
Kllinac,kazzak,1189,warrior,arms,71,33,38
Kerisandra,silvermoon,1188,warrior,arms,37,22,15
Лысыч,gordunni,1188,warrior,arms,33,17,16
Franzbardon,archimonde,1185,warrior,arms,154,69,85
Pyret,outland,1185,warrior,arms,40,14,26
Scrèàm,tarren-mill,1184,warrior,arms,67,29,38
Gathika,arathor,1183,warrior,arms,24,14,10
Maggisauce,aegwynn,1181,warrior,arms,75,40,35
Khilax,ragnaros,1181,warrior,arms,61,32,29
Sýkz,exodar,1181,warrior,arms,35,13,22
Kriegerkraut,silvermoon,1180,warrior,arms,28,21,7
Neltharon,silvermoon,1179,warrior,arms,27,17,10
Виднокрай,gordunni,1177,warrior,arms,36,13,23
Beans,argent-dawn,1175,warrior,arms,102,42,60
Tempii,ragnaros,1175,warrior,arms,36,13,23
Elyalol,ragnaros,1174,warrior,arms,33,15,18
Etelä,stormreaver,1172,warrior,arms,37,17,20
Harska,ragnaros,1171,warrior,arms,47,24,23
Knussnacker,sanguino,1170,warrior,arms,41,13,28
Imora,silvermoon,1169,warrior,arms,54,22,32
Бавовник,howling-fjord,1169,warrior,arms,38,13,25
Farianna,burning-legion,1168,warrior,arms,27,15,12
Роккар,gordunni,1168,warrior,arms,42,22,20
Атон,gordunni,1168,warrior,arms,80,35,45
Дрейтон,eversong,1167,warrior,arms,46,23,23
Whàtsup,stormscale,1166,warrior,arms,36,17,19
Sistabossen,magtheridon,1165,warrior,arms,24,13,11
Галактозар,soulflayer,1165,warrior,arms,126,56,70
Daguangming,outland,1165,warrior,arms,59,23,36
Sfarpi,burning-legion,1164,warrior,arms,54,29,25
Râsk,kazzak,1162,warrior,arms,26,15,11
Mågne,tarren-mill,1160,warrior,arms,42,16,26
Слуфен,galakrond,1158,warrior,arms,24,14,10
Claytøn,khaz-modan,1158,warrior,arms,55,25,30
Regna,eredar,1157,warrior,arms,90,42,48
Kriegernuss,blackmoore,1156,warrior,arms,30,14,16
Акнаранд,soulflayer,1152,warrior,arms,18,12,6
Belfodiris,stormscale,1152,warrior,arms,18,12,6
Dõxlol,kazzak,1152,warrior,arms,24,12,12
Uselessblâme,archimonde,1152,warrior,arms,24,12,12
Бигдэмс,soulflayer,1152,warrior,arms,24,12,12
Porsea,ravencrest,1152,warrior,arms,24,12,12
Azotz,archimonde,1152,warrior,arms,24,12,12
Мираккл,borean-tundra,1151,warrior,arms,18,12,6
Jethiss,ravencrest,1151,warrior,arms,18,12,6
Thundranium,kazzak,1151,warrior,arms,18,12,6
Andzone,alakir,1151,warrior,arms,24,12,12
Nímera,nemesis,1151,warrior,arms,24,12,12
Tranqtum,ravencrest,1151,warrior,arms,31,12,19
Eidzø,tarren-mill,1150,warrior,arms,18,12,6
Wutraa,kazzak,1150,warrior,arms,18,12,6
Crazykind,kazzak,1150,warrior,arms,24,12,12
Zidbi,argent-dawn,1150,warrior,arms,24,12,12
Warmegedon,frostmane,1149,warrior,arms,18,12,6
Kfc,chamber-of-aspects,1149,warrior,arms,18,12,6
Hoggle,runetotem,1149,warrior,arms,76,43,33
Crushonyou,aegwynn,1149,warrior,arms,24,12,12
Azjolnerub,kazzak,1149,warrior,arms,30,12,18
Elbutanero,tarren-mill,1149,warrior,arms,30,12,18
Kâine,blackmoore,1149,warrior,arms,68,27,41
Crook,doomhammer,1149,warrior,arms,66,24,42
ßigarms,ravencrest,1148,warrior,arms,18,12,6
Соловейч,howling-fjord,1148,warrior,arms,24,13,11
Jonalina,gilneas,1148,warrior,arms,84,42,42
Reìvah,silvermoon,1148,warrior,arms,27,13,14
Karden,doomhammer,1148,warrior,arms,48,17,31
Chillycheesy,blackmoore,1148,warrior,arms,42,12,30
Ïnahö,hyjal,1147,warrior,arms,24,12,12
Zwerk,rajaxx,1147,warrior,arms,24,12,12
Deadlycalm,blackrock,1147,warrior,arms,25,12,13
Матумбо,gordunni,1147,warrior,arms,32,13,19
Neoh,onyxia,1146,warrior,arms,51,29,22
Ragedotcom,archimonde,1146,warrior,arms,30,16,14
Draemmer,minahonda,1146,warrior,arms,30,15,15
Senshin,sanguino,1146,warrior,arms,24,12,12
Крешер,howling-fjord,1146,warrior,arms,47,20,27
Dianâ,der-abyssische-rat,1145,warrior,arms,24,13,11
Breaken,silvermoon,1145,warrior,arms,24,12,12
Argadea,archimonde,1145,warrior,arms,42,19,23
Orgi,drakthul,1145,warrior,arms,36,12,24
Garodis,blackmoore,1144,warrior,arms,24,12,12
Aesiva,die-aldor,1144,warrior,arms,30,13,17
Whimbux,stormscale,1144,warrior,arms,32,13,19
Hùmøngöúslåm,ravencrest,1143,warrior,arms,18,12,6
Prolyx,doomhammer,1143,warrior,arms,18,12,6
Karnacîer,archimonde,1143,warrior,arms,30,19,11
Rühlsbester,thrall,1143,warrior,arms,54,22,32
Séphi,archimonde,1143,warrior,arms,30,12,18
Sephirotth,burning-legion,1142,warrior,arms,24,12,12
Brahlus,frostwolf,1142,warrior,arms,31,13,18
Monsterborn,bloodhoof,1142,warrior,arms,39,15,24
Freestýlz,archimonde,1141,warrior,arms,18,13,5
Alphachadwar,azjolnerub,1140,warrior,arms,30,12,18
Ironsteve,blackmoore,1139,warrior,arms,225,100,125
Daddie,silvermoon,1139,warrior,arms,33,13,20
Frézzér,blackrock,1138,warrior,arms,30,12,18
Анманерка,ashenvale,1137,warrior,arms,30,12,18
Баварриор,greymane,1137,warrior,arms,30,12,18
Kromt,shendralar,1136,warrior,arms,24,15,9
Dödslängtan,terokkar,1136,warrior,arms,36,20,16
Azëlls,archimonde,1136,warrior,arms,100,48,52
Mkazy,kirin-tor,1135,warrior,arms,24,12,12
Téldrus,blackrock,1135,warrior,arms,24,12,12
Addy,twisting-nether,1135,warrior,arms,24,12,12
Atlantia,ravencrest,1134,warrior,arms,36,12,24
Noomel,twisting-nether,1133,warrior,arms,66,34,32
Vandnox,nozdormu,1133,warrior,arms,28,13,15
Arriess,drakthul,1132,warrior,arms,24,12,12
Medov,outland,1131,warrior,arms,54,23,31
Xyum,pozzo-delleternità,1130,warrior,arms,60,34,26
Лютобор,gordunni,1130,warrior,arms,33,13,20
Cloudstomper,ravenholdt,1129,warrior,arms,53,23,30
Størpïx,drakthul,1128,warrior,arms,24,12,12
Sphínxx,malfurion,1128,warrior,arms,32,13,19
Katyparry,ragnaros,1127,warrior,arms,36,12,24
Razzimak,eredar,1126,warrior,arms,16,13,3
Tajiri,alakir,1126,warrior,arms,64,32,32
Фастод,greymane,1126,warrior,arms,60,28,32
Varzeluu,sylvanas,1126,warrior,arms,36,15,21
Nøøbisator,archimonde,1123,warrior,arms,36,17,19
Пифс,soulflayer,1122,warrior,arms,36,21,15
Pawn,twisting-nether,1122,warrior,arms,30,12,18
Lægend,hyjal,1122,warrior,arms,30,12,18
Cárlsberg,pozzo-delleternità,1122,warrior,arms,40,15,25
Yüle,uldaman,1121,warrior,arms,30,15,15
Piedbot,archimonde,1121,warrior,arms,51,18,33
Truxiw,silvermoon,1120,warrior,arms,42,19,23
Etharedon,kul-tiras,1119,warrior,arms,58,24,34
Qvil,sanguino,1119,warrior,arms,55,18,37
Hofftor,eredar,1118,warrior,arms,24,12,12
Euforija,kazzak,1118,warrior,arms,30,12,18
Thiccrich,argent-dawn,1117,warrior,arms,48,25,23
Hammerfall,uldum,1117,warrior,arms,54,23,31
Creezê,blackmoore,1117,warrior,arms,30,12,18
Koliastra,magtheridon,1116,warrior,arms,22,13,9
Draktul,aegwynn,1116,warrior,arms,24,14,10
Loosecanon,ravencrest,1116,warrior,arms,29,12,17
Palthor,drakthul,1116,warrior,arms,93,35,58
Мутобой,soulflayer,1115,warrior,arms,52,22,30
Thorkell,genjuros,1114,warrior,arms,30,15,15
Бежа,gordunni,1113,warrior,arms,60,35,25
Wyshh,silvermoon,1112,warrior,arms,95,43,52
Draleckx,sanguino,1112,warrior,arms,118,51,67
Diggawhat,antonidas,1109,warrior,arms,78,31,47
Sûgma,blackhand,1108,warrior,arms,44,23,21
Uclat,archimonde,1108,warrior,arms,90,40,50
Smeshh,burning-legion,1105,warrior,arms,36,19,17
Quarantino,ysondre,1105,warrior,arms,110,49,61
Doveloo,kazzak,1104,warrior,arms,31,16,15
Sudosolo,burning-blade,1104,warrior,arms,48,19,29
Ruppydeluxe,frostwolf,1104,warrior,arms,38,13,25
Pwettygal,tarren-mill,1103,warrior,arms,42,17,25
Миранир,soulflayer,1102,warrior,arms,62,30,32
Røiivar,hyjal,1102,warrior,arms,169,74,95
Керсантус,gordunni,1101,warrior,arms,17,12,5
Доминатори,grom,1100,warrior,arms,55,21,34
Rutrah,ysondre,1099,warrior,arms,30,12,18
Zarad,stormreaver,1096,warrior,arms,23,12,11
Crixusxx,sanguino,1096,warrior,arms,25,13,12
Whitebêârd,antonidas,1096,warrior,arms,40,16,24
Fdmachine,kazzak,1095,warrior,arms,42,18,24
Набосуюногу,gordunni,1095,warrior,arms,29,12,17
Vannié,blackhand,1094,warrior,arms,32,14,18
Sloppychoppy,silvermoon,1093,warrior,arms,47,19,28
Чухануспрайм,howling-fjord,1093,warrior,arms,34,13,21
Garwarr,twisting-nether,1092,warrior,arms,25,13,12
Satanås,silvermoon,1091,warrior,arms,42,21,21
Crasher,dentarg,1091,warrior,arms,42,21,21
Копенгаген,ashenvale,1091,warrior,arms,33,13,20
Бижек,gordunni,1085,warrior,arms,20,12,8
Krostapunk,colinas-pardas,1085,warrior,arms,30,13,17
Ezsnacks,blackrock,1083,warrior,arms,50,26,24
Анакронокс,howling-fjord,1083,warrior,arms,26,12,14
Bullburzt,ragnaros,1083,warrior,arms,29,12,17
Atelier,magtheridon,1078,warrior,arms,42,22,20
Inticam,durotan,1077,warrior,arms,37,20,17
Stuble,blackhand,1076,warrior,arms,41,19,22
Gunka,tarren-mill,1075,warrior,arms,36,16,20
Jebzmiecza,kazzak,1075,warrior,arms,30,13,17
Chépérøs,kaelthas,1075,warrior,arms,36,13,23
Gilettepenge,draenor,1073,warrior,arms,91,41,50
Корофер,galakrond,1072,warrior,arms,29,17,12
Teraa,the-maelstrom,1072,warrior,arms,54,30,24
Addicty,sylvanas,1071,warrior,arms,61,30,31
Brandylover,outland,1071,warrior,arms,26,12,14
Difalco,archimonde,1069,warrior,arms,89,43,46
Joka,dun-modr,1069,warrior,arms,59,26,33
Gladiattus,drakthul,1067,warrior,arms,36,16,20
Optitt,dethecus,1066,warrior,arms,35,12,23
Obscurìa,argent-dawn,1065,warrior,arms,198,93,105
Diliul,doomhammer,1065,warrior,arms,40,18,22
Endermite,magtheridon,1065,warrior,arms,59,26,33
Дикийлёха,soulflayer,1064,warrior,arms,36,18,18
Зарган,howling-fjord,1064,warrior,arms,47,20,27
Shinnok,stormreaver,1061,warrior,arms,30,21,9
Chatoon,elune,1060,warrior,arms,23,15,8
Keksparrow,antonidas,1059,warrior,arms,36,16,20
Áosr,ravencrest,1057,warrior,arms,47,24,23
Рексторм,soulflayer,1056,warrior,arms,12,11,1
Klnrk,ravencrest,1056,warrior,arms,18,11,7
Dariusvolt,argent-dawn,1056,warrior,arms,59,31,28
Proeliator,argent-dawn,1056,warrior,arms,24,11,13
Êphêý,kazzak,1056,warrior,arms,24,11,13
Magmos,terenas,1056,warrior,arms,24,11,13
Gotural,ravencrest,1055,warrior,arms,12,11,1
Biggerer,blackrock,1055,warrior,arms,18,11,7
Hannìbal,ravencrest,1055,warrior,arms,18,11,7
Sanerion,antonidas,1055,warrior,arms,18,11,7
Анархорок,howling-fjord,1055,warrior,arms,18,11,7
Тарартзу,soulflayer,1055,warrior,arms,18,11,7
Криккс,greymane,1055,warrior,arms,21,12,9
Maisner,stormscale,1055,warrior,arms,21,12,9
Амаззони,howling-fjord,1055,warrior,arms,24,11,13
Taoke,ravencrest,1055,warrior,arms,24,11,13
Justyòqt,archimonde,1055,warrior,arms,24,11,13
Quotxwar,stormscale,1055,warrior,arms,24,11,13
Escapematrix,kazzak,1055,warrior,arms,30,11,19
Markorok,kazzak,1054,warrior,arms,18,11,7
Zhadsnark,blackrock,1054,warrior,arms,18,11,7
Imglad,ragnaros,1054,warrior,arms,18,11,7
Tiimbs,tarren-mill,1054,warrior,arms,18,11,7
Ramlosa,stormscale,1054,warrior,arms,18,11,7
Râmi,perenolde,1054,warrior,arms,24,11,13
Gorelaw,turalyon,1054,warrior,arms,24,11,13
Trohr,blackmoore,1054,warrior,arms,24,11,13
Багрон,goldrinn,1054,warrior,arms,24,11,13
Apollos,der-mithrilorden,1054,warrior,arms,30,11,19
Hellthõr,silvermoon,1054,warrior,arms,36,12,24
Vallenwar,twisting-nether,1053,warrior,arms,18,11,7
Bronn,defias-brotherhood,1053,warrior,arms,18,11,7
Astost,silvermoon,1053,warrior,arms,18,11,7
Nyu,kirin-tor,1053,warrior,arms,24,13,11
Fullkraft,tarren-mill,1053,warrior,arms,60,29,31
Skaylulz,ragnaros,1053,warrior,arms,24,11,13
Gailko,sanguino,1053,warrior,arms,28,12,16
Khoroc,die-aldor,1053,warrior,arms,30,11,19
Scusi,burning-blade,1053,warrior,arms,30,11,19
Kamilfury,burning-legion,1053,warrior,arms,34,12,22
Salamandar,zenedar,1053,warrior,arms,36,11,25
Kûrûmî,blackmoore,1052,warrior,arms,22,12,10
Artheim,silvermoon,1052,warrior,arms,24,11,13
Polak,tirion,1052,warrior,arms,24,11,13
Каутто,howling-fjord,1052,warrior,arms,24,11,13
Swayzze,frostwolf,1052,warrior,arms,30,11,19
Gnomekek,sylvanas,1052,warrior,arms,30,11,19
Deathwingx,azuremyst,1052,warrior,arms,33,12,21
Blackaxe,sylvanas,1051,warrior,arms,18,11,7
Deviousjr,ragnaros,1051,warrior,arms,18,11,7
Ramhadat,hyjal,1051,warrior,arms,18,11,7
Tíabeanie,silvermoon,1051,warrior,arms,18,11,7
Kundan,antonidas,1051,warrior,arms,24,14,10
Suksori,kazzak,1051,warrior,arms,24,11,13
Шорпит,howling-fjord,1051,warrior,arms,66,26,40
Rebiy,ravencrest,1050,warrior,arms,24,11,13
Grimarg,drakthul,1050,warrior,arms,24,11,13
Glakias,silvermoon,1050,warrior,arms,24,11,13
Ironsíde,alakir,1050,warrior,arms,30,11,19
Keksspec,ungoro,1050,warrior,arms,30,11,19
Blackin,blackmoore,1049,warrior,arms,18,11,7
Ètc,ravencrest,1049,warrior,arms,18,11,7
Larkor,frostwolf,1049,warrior,arms,73,30,43
Sokarbey,twisting-nether,1048,warrior,arms,18,11,7
Тэйкмисофтли,blackscar,1048,warrior,arms,24,11,13
Warrmax,darksorrow,1048,warrior,arms,24,11,13
Clukao,kazzak,1047,warrior,arms,30,11,19
Darksworn,alleria,1046,warrior,arms,18,11,7
Brokenqt,ravencrest,1046,warrior,arms,21,12,9
Supersonîc,aegwynn,1046,warrior,arms,24,11,13
Askawar,sylvanas,1046,warrior,arms,24,11,13
Kímó,silvermoon,1046,warrior,arms,30,11,19
Velikan,tarren-mill,1046,warrior,arms,30,11,19
Roponmatsu,draenor,1045,warrior,arms,24,11,13
Ninja,bronze-dragonflight,1045,warrior,arms,24,11,13
Perry,proudmoore,1044,warrior,arms,18,11,7
Arkcules,ghostlands,1044,warrior,arms,24,11,13
Darkwa,azjolnerub,1044,warrior,arms,24,11,13
Pitii,burning-legion,1044,warrior,arms,26,11,15
Nocturia,archimonde,1043,warrior,arms,30,11,19
Unstorm,drakthul,1043,warrior,arms,36,11,25
Gpointt,lordaeron,1042,warrior,arms,54,19,35
Ethem,twisting-nether,1041,warrior,arms,91,50,41
Pips,minahonda,1041,warrior,arms,42,13,29
Talaganos,twisting-nether,1040,warrior,arms,31,17,14
Онлихелл,howling-fjord,1038,warrior,arms,34,13,21
Nokturnâl,silvermoon,1037,warrior,arms,18,11,7
Twinblyat,defias-brotherhood,1036,warrior,arms,24,11,13
Stampsalot,deathwing,1036,warrior,arms,24,11,13
Koorkhan,outland,1036,warrior,arms,24,11,13
Aranill,tarren-mill,1035,warrior,arms,29,11,18
Ruga,echsenkessel,1034,warrior,arms,37,20,17
Kval,kazzak,1034,warrior,arms,24,11,13
Ferrum,sunstrider,1033,warrior,arms,24,11,13
Katzz,dun-morogh,1031,warrior,arms,24,11,13
Brvbert,antonidas,1029,warrior,arms,24,11,13
Téarz,blackrock,1029,warrior,arms,54,20,34
Beserk,defias-brotherhood,1027,warrior,arms,40,25,15
Merdé,blackhand,1027,warrior,arms,135,67,68
Dübèl,blackrock,1026,warrior,arms,18,11,7
Cliwar,ragnaros,1026,warrior,arms,30,17,13
Lanahan,argent-dawn,1023,warrior,arms,17,11,6
Lakes,eredar,1023,warrior,arms,35,11,24
Carsannies,stormscale,1022,warrior,arms,121,53,68
Vizn,emerald-dream,1021,warrior,arms,35,11,24
Xxoorrwarr,tarren-mill,1018,warrior,arms,25,13,12
Oralinde,silvermoon,1017,warrior,arms,78,43,35
Ironfists,kilrogg,1017,warrior,arms,24,11,13
Methaniwths,twisting-nether,1017,warrior,arms,30,11,19
Тычо,soulflayer,1016,warrior,arms,48,20,28
Troncodepino,nemesis,1016,warrior,arms,30,11,19
Tercio,exodar,1015,warrior,arms,91,38,53
Henzelhoff,stormreaver,1013,warrior,arms,16,11,5
Rabiolika,sanguino,1012,warrior,arms,23,11,12
Chocoroko,draenor,1011,warrior,arms,30,12,18
Raldjorn,hyjal,1010,warrior,arms,24,13,11
Colq,doomhammer,1010,warrior,arms,23,11,12
Тонкрик,goldrinn,1010,warrior,arms,24,11,13
Shinydjuwlz,turalyon,1008,warrior,arms,18,11,7
Blufurys,nemesis,1007,warrior,arms,44,18,26
Falcowar,minahonda,1006,warrior,arms,24,11,13
Mordeukay,hyjal,1004,warrior,arms,23,11,12
Antraex,zuljin,1004,warrior,arms,30,13,17
Tyrax,blackrock,1003,warrior,arms,23,11,12
Braûsepulver,guldan,1002,warrior,arms,24,13,11
Gatlok,kazzak,1001,warrior,arms,24,11,13
Rejectofrage,ragnaros,1000,warrior,arms,30,15,15
Rikistrike,tarren-mill,998,warrior,arms,23,13,10
Seraphys,ravencrest,998,warrior,arms,28,12,16
Sanhaevel,ravencrest,997,warrior,arms,27,13,14
Hammerfíst,kazzak,994,warrior,arms,77,38,39
Adrï,draenor,993,warrior,arms,64,35,29
Ezjau,blackmoore,993,warrior,arms,90,45,45
Sepsys,eredar,991,warrior,arms,48,15,33
Knotteddickk,teldrassil,989,warrior,arms,23,11,12
Geicoo,dalaran,988,warrior,arms,56,29,27
Odonko,blackmoore,982,warrior,arms,42,20,22
Oldhatreds,twisting-nether,979,warrior,arms,22,11,11
Fairly,burning-blade,977,warrior,arms,24,12,12
Estarotte,ravencrest,975,warrior,arms,25,11,14
Tinkley,quelthalas,969,warrior,arms,21,11,10
Chipstjuven,tarren-mill,963,warrior,arms,25,11,14
Orchëstre,eitrigg,962,warrior,arms,115,61,54
Dreadshanks,doomhammer,961,warrior,arms,60,31,29
Bigschnäbi,blackhand,960,warrior,arms,12,10,2
Мадс,howling-fjord,960,warrior,arms,12,10,2
Wintertimex,stormscale,960,warrior,arms,12,10,2
Schero,aegwynn,960,warrior,arms,12,10,2
Каоссвар,howling-fjord,960,warrior,arms,18,10,8
Jà,kazzak,960,warrior,arms,18,10,8
Milant,antonidas,960,warrior,arms,18,10,8
Бигдэм,howling-fjord,960,warrior,arms,18,10,8
Zaedt,tarren-mill,960,warrior,arms,18,10,8
Nazrihk,ravencrest,960,warrior,arms,18,10,8
Broarextiger,ragnaros,960,warrior,arms,18,10,8
Jake,rajaxx,960,warrior,arms,18,10,8
Kût,les-sentinelles,960,warrior,arms,18,10,8
Pürporc,archimonde,960,warrior,arms,24,10,14
Meovv,saurfang,960,warrior,arms,24,10,14
Andabad,silvermoon,960,warrior,arms,24,10,14
Sereiz,tarren-mill,960,warrior,arms,30,10,20
Sindrener,ysondre,960,warrior,arms,30,10,20
Mbappé,dragonblight,959,warrior,arms,12,10,2
Bjergo,drakthul,959,warrior,arms,16,11,5
Jailapatate,khaz-modan,959,warrior,arms,18,10,8
Экспла,ashenvale,959,warrior,arms,18,10,8
Surthur,magtheridon,959,warrior,arms,18,10,8
Ym,twisting-nether,959,warrior,arms,18,10,8
Брюслипве,gordunni,959,warrior,arms,18,10,8
Axxtm,ravencrest,959,warrior,arms,18,10,8
Zdi,blackrock,959,warrior,arms,18,10,8
Chadgrave,argent-dawn,959,warrior,arms,18,10,8
Badwarr,blackhand,959,warrior,arms,18,10,8
Duckyone,zenedar,959,warrior,arms,18,10,8
Fearmedear,sylvanas,959,warrior,arms,18,10,8
Kekrah,burning-legion,959,warrior,arms,24,10,14
Warhero,burning-legion,959,warrior,arms,24,10,14
Оманко,howling-fjord,959,warrior,arms,24,10,14
Rookian,blackrock,959,warrior,arms,24,10,14
Kryszii,ragnaros,959,warrior,arms,24,10,14
Horsewarrior,stormscale,959,warrior,arms,24,10,14
Péridotruite,hyjal,959,warrior,arms,30,10,20
Rieku,kazzak,959,warrior,arms,30,10,20
Garou,uldum,958,warrior,arms,12,10,2
Warsky,archimonde,958,warrior,arms,30,17,13
Hanna,argent-dawn,958,warrior,arms,18,10,8
Fiverare,stormscale,958,warrior,arms,18,10,8
Gorlemar,blackmoore,958,warrior,arms,18,10,8
Earshy,ragnaros,958,warrior,arms,18,10,8
Hamilton,bronzebeard,958,warrior,arms,18,10,8
Shorrag,outland,958,warrior,arms,18,10,8
Krônôs,thrall,958,warrior,arms,18,10,8
Braindeady,burning-legion,958,warrior,arms,18,10,8
Darlith,azshara,958,warrior,arms,18,10,8
Bérsérk,blackmoore,958,warrior,arms,19,10,9
Порицающий,soulflayer,958,warrior,arms,22,11,11
Leapling,blackmoore,958,warrior,arms,24,10,14
Хамерртайм,goldrinn,958,warrior,arms,24,10,14
Yatõ,blackmoore,958,warrior,arms,24,10,14
Gruxx,ragnaros,958,warrior,arms,24,10,14
Onidrake,nemesis,958,warrior,arms,24,10,14
Âdept,tarren-mill,958,warrior,arms,24,10,14
Vymd,archimonde,958,warrior,arms,28,11,17
Geroldius,silvermoon,958,warrior,arms,30,10,20
Rowr,argent-dawn,958,warrior,arms,30,10,20
Adamchen,blackmoore,958,warrior,arms,30,10,20
Дотаветеран,soulflayer,957,warrior,arms,18,10,8
Makote,uldum,957,warrior,arms,18,10,8
Draer,sanguino,957,warrior,arms,23,11,12
Testonator,outland,957,warrior,arms,24,10,14
Lucasqt,magtheridon,956,warrior,arms,18,10,8
Roshas,twisting-nether,956,warrior,arms,18,10,8
Utero,drakthul,956,warrior,arms,24,10,14
Huullkk,nazjatar,956,warrior,arms,30,10,20
Deanx,ragnaros,955,warrior,arms,18,10,8
Ciocaboca,draenor,955,warrior,arms,18,10,8
Genç,ysondre,955,warrior,arms,24,10,14
Xarmog,hyjal,955,warrior,arms,24,10,14
Gramrosh,eredar,955,warrior,arms,24,10,14
Neíd,malganis,955,warrior,arms,30,10,20
Heavenheart,bronzebeard,954,warrior,arms,19,13,6
Brutalz,kazzak,954,warrior,arms,18,10,8
Smob,ragnaros,954,warrior,arms,18,10,8
Lapyy,drakthul,954,warrior,arms,30,16,14
Protecmoo,drakthul,954,warrior,arms,24,10,14
Труперсила,howling-fjord,954,warrior,arms,24,10,14
Kosttya,argent-dawn,954,warrior,arms,24,10,14
Ôwndbylx,aegwynn,954,warrior,arms,27,11,16
Zelwar,drakthul,953,warrior,arms,19,13,6
Stweye,frostmane,953,warrior,arms,18,10,8
Spaceløl,archimonde,953,warrior,arms,24,11,13
Blanchysnow,hyjal,952,warrior,arms,18,10,8
Ginò,stormscale,952,warrior,arms,18,10,8
Fokra,draenor,952,warrior,arms,18,10,8
Unkmòr,pozzo-delleternità,952,warrior,arms,42,22,20
Шпингалетыч,howling-fjord,952,warrior,arms,30,10,20
Rayenna,dalaran,951,warrior,arms,12,10,2
Executeme,sylvanas,951,warrior,arms,24,12,12
Zerm,draenor,949,warrior,arms,18,10,8
Зуботычник,gordunni,948,warrior,arms,18,10,8
Bovingus,tarren-mill,947,warrior,arms,18,10,8
Pigleto,ravencrest,947,warrior,arms,33,15,18
Obitron,argent-dawn,947,warrior,arms,24,10,14
Smkw,kazzak,946,warrior,arms,24,14,10
Omglolnoob,magtheridon,946,warrior,arms,26,10,16
Górut,zuljin,945,warrior,arms,22,10,12
Dorya,aegwynn,942,warrior,arms,23,10,13
Pedergun,defias-brotherhood,940,warrior,arms,18,10,8
Илийя,razuvious,940,warrior,arms,29,10,19
Глинм,gordunni,939,warrior,arms,84,31,53
Vooice,sylvanas,933,warrior,arms,29,10,19
Valtýr,skullcrusher,932,warrior,arms,17,11,6
Bubciu,burning-legion,932,warrior,arms,30,10,20
Dénis,onyxia,930,warrior,arms,24,11,13
Bòónki,ravencrest,929,warrior,arms,84,38,46
Thewitcher,stormscale,928,warrior,arms,24,10,14
Tabboonishka,draenor,927,warrior,arms,16,11,5
Ganik,malganis,927,warrior,arms,23,10,13
Arowpoint,doomhammer,925,warrior,arms,23,10,13
Тибат,howling-fjord,924,warrior,arms,23,10,13
Léonie,arakarahm,924,warrior,arms,23,10,13
Dearmooses,stormscale,920,warrior,arms,36,18,18
Shãne,ysondre,918,warrior,arms,22,10,12
Abelgf,exodar,918,warrior,arms,32,12,20
Takashia,ravencrest,915,warrior,arms,22,11,11
Avgålöfvén,stormscale,912,warrior,arms,15,11,4
Matti,magtheridon,911,warrior,arms,17,10,7
Zouo,blackhand,911,warrior,arms,23,10,13
Mölntuss,emeriss,911,warrior,arms,29,10,19
Durmithor,silvermoon,906,warrior,arms,35,10,25
Энлами,gordunni,905,warrior,arms,21,10,11
Zêrklatscher,lordaeron,905,warrior,arms,48,12,36
Искристый,howling-fjord,903,warrior,arms,18,11,7
Cryze,ravencrest,903,warrior,arms,21,10,11
Aemirage,doomhammer,901,warrior,arms,48,26,22
Cowlunderowl,tarren-mill,900,warrior,arms,32,11,21
Ckx,kazzak,899,warrior,arms,18,11,7
Zalhym,archimonde,898,warrior,arms,33,10,23
Брамон,gordunni,896,warrior,arms,16,10,6
Manymen,outland,896,warrior,arms,66,27,39
Razecraz,ysondre,894,warrior,arms,18,11,7
Отключатель,howling-fjord,889,warrior,arms,17,10,7
Авврорра,gordunni,889,warrior,arms,30,16,14
Brabüs,kazzak,888,warrior,arms,26,10,16
Perseó,minahonda,888,warrior,arms,54,16,38
Рагнарульв,gordunni,885,warrior,arms,14,10,4
Дотрен,galakrond,883,warrior,arms,42,20,22
Lynton,sylvanas,879,warrior,arms,25,10,15
Обиванкенобя,soulflayer,879,warrior,arms,32,10,22
Артэгиусх,blackscar,878,warrior,arms,45,16,29
Pøps,hyjal,876,warrior,arms,20,10,10
Ехасе,gordunni,875,warrior,arms,22,10,12
Spartazo,turalyon,873,warrior,arms,48,18,30
Sangarane,archimonde,868,warrior,arms,27,14,13
Bazsika,ragnaros,866,warrior,arms,54,17,37
Arouga,blackrock,864,warrior,arms,12,9,3
Jackzx,twisting-nether,864,warrior,arms,12,9,3
Antìcìdè,ravencrest,864,warrior,arms,12,9,3
Warmupfirst,ravencrest,864,warrior,arms,12,9,3
Wetrx,stormscale,864,warrior,arms,12,9,3
Zäløøpå,kazzak,864,warrior,arms,12,9,3
Marqinios,archimonde,864,warrior,arms,12,9,3
Jhoakim,argent-dawn,864,warrior,arms,12,9,3
Drvx,twisting-nether,864,warrior,arms,12,9,3
Krodunn,argent-dawn,864,warrior,arms,17,9,8
Tynyas,dalaran,864,warrior,arms,24,12,12
Allthèwayup,kazzak,864,warrior,arms,18,9,9
Émalkay,tarren-mill,864,warrior,arms,18,9,9
Ken,twisting-nether,864,warrior,arms,18,9,9
Джамалли,howling-fjord,864,warrior,arms,18,9,9
Marex,grim-batol,864,warrior,arms,18,9,9
Bonza,blackrock,864,warrior,arms,18,9,9
Данзетар,howling-fjord,864,warrior,arms,18,9,9
Quadfather,kazzak,864,warrior,arms,18,9,9
Ranoth,hellfire,864,warrior,arms,18,9,9
Saetásh,argent-dawn,864,warrior,arms,18,9,9
Necrio,kazzak,864,warrior,arms,18,9,9
Ðöç,argent-dawn,864,warrior,arms,18,9,9
Jeax,rexxar,864,warrior,arms,18,9,9
Bâyer,burning-legion,864,warrior,arms,18,9,9
Belfodil,outland,864,warrior,arms,18,9,9
Dmgsponge,stormscale,864,warrior,arms,24,9,15
Brigitá,argent-dawn,864,warrior,arms,24,9,15
Tenthøusand,sylvanas,864,warrior,arms,24,9,15
Vikktor,doomhammer,864,warrior,arms,24,9,15
Cleopatra,frostwhisper,863,warrior,arms,12,9,3
Пиапиа,gordunni,863,warrior,arms,12,9,3
Ølolo,stormscale,863,warrior,arms,12,9,3
Zufzuf,twisting-nether,863,warrior,arms,18,9,9
Warbigboss,draenor,863,warrior,arms,18,9,9
Zuuk,malganis,863,warrior,arms,18,9,9
Opticsynfel,argent-dawn,863,warrior,arms,18,9,9
Bladesmiths,argent-dawn,863,warrior,arms,18,9,9
Donfidel,tarren-mill,863,warrior,arms,18,9,9
Дейниксис,howling-fjord,863,warrior,arms,18,9,9
Tonifox,nemesis,863,warrior,arms,18,9,9
Астерио,blackscar,863,warrior,arms,18,9,9
Punisherhulk,stormscale,863,warrior,arms,18,9,9
Miz,dun-modr,863,warrior,arms,21,9,12
Johnfogerty,twisting-nether,863,warrior,arms,24,9,15
Ajhogan,ravencrest,863,warrior,arms,24,9,15
Nârmøra,thrall,863,warrior,arms,24,9,15
Sanca,naxxramas,863,warrior,arms,24,9,15
Хирошка,gordunni,863,warrior,arms,24,9,15
Garrodan,doomhammer,863,warrior,arms,24,9,15
Jastreb,blackrock,863,warrior,arms,30,9,21
Adalyn,azjolnerub,862,warrior,arms,12,9,3
Ratko,blackmoore,862,warrior,arms,20,12,8
Prag,silvermoon,862,warrior,arms,22,11,11
Madkill,twisting-nether,862,warrior,arms,18,9,9
Veeg,blackmoore,862,warrior,arms,18,9,9
Delarosa,drakthul,862,warrior,arms,18,9,9
Fluffycute,blackhand,862,warrior,arms,24,9,15
Футжисубо,razuvious,862,warrior,arms,24,9,15
Realdrdob,kazzak,862,warrior,arms,24,9,15
Шизам,howling-fjord,862,warrior,arms,24,9,15
Bekkey,lightbringer,862,warrior,arms,24,9,15
Vazzle,nethersturm,862,warrior,arms,30,9,21
Masster,argent-dawn,861,warrior,arms,12,9,3
Diablozhørs,ysondre,861,warrior,arms,12,9,3
Slowfeet,stormscale,861,warrior,arms,12,9,3
Kolxoz,doomhammer,861,warrior,arms,18,9,9
Nêgan,stormscale,861,warrior,arms,18,9,9
Críxus031703,ravencrest,861,warrior,arms,18,9,9
Legendfury,ravencrest,861,warrior,arms,18,9,9
Santorro,drakthul,861,warrior,arms,24,9,15
Amar,defias-brotherhood,861,warrior,arms,29,10,19
Bigbaduglyy,twisting-nether,861,warrior,arms,30,9,21
Andoror,nemesis,860,warrior,arms,18,9,9
Bezark,kazzak,860,warrior,arms,18,9,9
Woopzi,twisting-nether,860,warrior,arms,36,9,27
Stits,chromaggus,859,warrior,arms,18,9,9
Маханхет,soulflayer,859,warrior,arms,24,9,15
Дрекзот,howling-fjord,858,warrior,arms,15,10,5
Crud,die-silberne-hand,858,warrior,arms,18,9,9
Ozok,blackrock,858,warrior,arms,24,9,15
Radge,hyjal,858,warrior,arms,24,9,15
Варбыкмашина,howling-fjord,857,warrior,arms,18,9,9
Marcusk,thunderhorn,857,warrior,arms,24,9,15
Goragthor,thrall,856,warrior,arms,18,9,9
Wfx,kazzak,855,warrior,arms,18,9,9
Prs,defias-brotherhood,855,warrior,arms,18,9,9
Gucix,tarren-mill,855,warrior,arms,18,9,9
Kixx,twisting-nether,855,warrior,arms,30,14,16
Lurádin,kargath,855,warrior,arms,24,9,15
Kreaten,chamber-of-aspects,855,warrior,arms,66,18,48
Anaxiam,drakthul,854,warrior,arms,27,11,16
Discogoon,twilights-hammer,854,warrior,arms,87,32,55
Tommia,burning-legion,853,warrior,arms,24,9,15
Йомхар,howling-fjord,853,warrior,arms,24,9,15
Matthaeos,nemesis,850,warrior,arms,12,9,3
Syforce,ravencrest,850,warrior,arms,18,9,9
Nakroll,sanguino,850,warrior,arms,24,9,15
Goodvibez,silvermoon,848,warrior,arms,24,9,15
Owarr,grim-batol,847,warrior,arms,12,9,3
Bashion,ghostlands,846,warrior,arms,30,10,20
Badazz,thunderhorn,842,warrior,arms,24,9,15
Xienia,dun-morogh,841,warrior,arms,30,10,20
Îwar,ysondre,837,warrior,arms,42,9,33
Marciano,dalaran,835,warrior,arms,18,9,9
Рэмпи,soulflayer,831,warrior,arms,20,10,10
Takeashower,hyjal,831,warrior,arms,20,10,10
Pegazón,outland,831,warrior,arms,35,12,23
Vurux,blackrock,830,warrior,arms,14,10,4
Ajgreedy,grim-batol,829,warrior,arms,23,9,14
Greeneroi,khaz-modan,829,warrior,arms,35,9,26
Overdose,anetheron,827,warrior,arms,17,10,7
Зед,blackscar,827,warrior,arms,25,13,12
Nelfx,aggra-português,822,warrior,arms,48,21,27
Alothar,khaz-modan,820,warrior,arms,42,18,24
Clashblood,outland,816,warrior,arms,21,9,12
Rødprincê,ravencrest,815,warrior,arms,15,9,6
Airowar,drakthul,815,warrior,arms,17,9,8
Tanoras,kazzak,815,warrior,arms,17,9,8
Athérøs,outland,814,warrior,arms,23,9,14
Андервульф,booty-bay,814,warrior,arms,23,9,14
Drbanner,hyjal,808,warrior,arms,16,10,6
Actuallyorc,twisting-nether,799,warrior,arms,14,9,5
Vyctimz,ravencrest,799,warrior,arms,16,9,7
Skullhammer,burning-legion,799,warrior,arms,24,9,15
Xaqt,die-nachtwache,798,warrior,arms,17,9,8
Daelator,ravencrest,797,warrior,arms,22,9,13
Ahmedmohsen,kazzak,796,warrior,arms,20,9,11
Scud,frostwhisper,796,warrior,arms,22,9,13
Knego,ragnaros,793,warrior,arms,11,9,2
Klanky,draenor,793,warrior,arms,26,9,17
Кейнорин,howling-fjord,789,warrior,arms,28,9,19
Finalsmasher,thrall,784,warrior,arms,42,16,26
Ispor,shattered-halls,780,warrior,arms,84,39,45
Dlstroyer,eonar,776,warrior,arms,24,10,14
Donkeymeta,frostmane,768,warrior,arms,12,8,4
Sevenheavy,draenor,768,warrior,arms,12,8,4
Hazzael,ravencrest,768,warrior,arms,12,8,4
Curelia,malganis,768,warrior,arms,12,8,4
Rayner,illidan,768,warrior,arms,12,8,4
Grdez,archimonde,768,warrior,arms,12,8,4
Mâlitek,archimonde,768,warrior,arms,12,8,4
Epyøn,stormscale,768,warrior,arms,12,8,4
Smorccroms,stormscale,768,warrior,arms,12,8,4
Chíppéd,draenor,768,warrior,arms,12,8,4
Kultywator,silvermoon,768,warrior,arms,12,8,4
Muyubu,eredar,768,warrior,arms,12,8,4
Psinovich,sylvanas,768,warrior,arms,12,8,4
Bulfwart,zuljin,768,warrior,arms,12,8,4
Ballin,dragonblight,768,warrior,arms,12,8,4
Fizé,blackmoore,768,warrior,arms,12,8,4
Badgenius,nemesis,768,warrior,arms,12,8,4
Doritoslove,sanguino,768,warrior,arms,12,8,4
Éliøkor,outland,768,warrior,arms,12,8,4
Liked,tarren-mill,768,warrior,arms,12,8,4
Herigan,burning-legion,768,warrior,arms,15,9,6
Madßud,ravencrest,768,warrior,arms,14,8,6
Vlorgboi,drakthul,768,warrior,arms,18,8,10
Visari,kiljaeden,768,warrior,arms,18,8,10
Xdpromtius,dun-modr,768,warrior,arms,18,8,10
Aauv,twisting-nether,768,warrior,arms,18,8,10
Hønks,antonidas,768,warrior,arms,18,8,10
Земибор,soulflayer,768,warrior,arms,18,8,10
Howdoyouløse,stormscale,768,warrior,arms,18,8,10
Kehnan,blackrock,768,warrior,arms,18,8,10
Winabella,tarren-mill,768,warrior,arms,18,8,10
Гатсх,blackscar,768,warrior,arms,18,8,10
Borndet,eredar,768,warrior,arms,18,8,10
Määh,frostmane,768,warrior,arms,18,8,10
Dreadbanga,blackmoore,768,warrior,arms,18,8,10
Dréngr,blackrock,768,warrior,arms,18,8,10
Dedewawa,ysondre,768,warrior,arms,18,8,10
Arsinal,blackhand,768,warrior,arms,18,8,10
Caffeinë,ravencrest,768,warrior,arms,24,8,16
Elinyar,aegwynn,768,warrior,arms,24,8,16
Yoilenno,argent-dawn,767,warrior,arms,12,8,4
Atzex,blackmoore,767,warrior,arms,12,8,4
Anndersen,defias-brotherhood,767,warrior,arms,12,8,4
Hermosse,dalaran,767,warrior,arms,18,8,10
Broxiw,darkspear,767,warrior,arms,18,8,10
Craíne,antonidas,767,warrior,arms,18,8,10
Тритиан,soulflayer,767,warrior,arms,18,8,10
Juicyglutes,turalyon,767,warrior,arms,18,8,10
Jjokkerr,magtheridon,767,warrior,arms,18,8,10
Арбузикхаха,soulflayer,767,warrior,arms,18,8,10
Ericmontana,draenor,767,warrior,arms,18,8,10
Recklessness,drakthul,767,warrior,arms,18,8,10
Folsack,sanguino,767,warrior,arms,18,8,10
Akim,ysondre,767,warrior,arms,18,8,10
Gerrmund,silvermoon,767,warrior,arms,18,8,10
Horseye,eredar,767,warrior,arms,18,8,10
Ðam,kazzak,767,warrior,arms,18,8,10
Барнаул,gordunni,767,warrior,arms,18,8,10
Becca,rexxar,767,warrior,arms,18,8,10
Tomhankz,ravencrest,767,warrior,arms,18,8,10
Warbringer,burning-blade,767,warrior,arms,18,8,10
Bämoida,eredar,767,warrior,arms,18,8,10
Mangonneau,archimonde,767,warrior,arms,18,8,10
Lortèn,stormscale,767,warrior,arms,18,8,10
Kunodontas,draenor,767,warrior,arms,18,8,10
Alexwar,draenor,767,warrior,arms,18,8,10
Dtraque,kaelthas,767,warrior,arms,18,8,10
Бокалпивка,soulflayer,767,warrior,arms,21,9,12
Øfè,ysondre,767,warrior,arms,24,8,16
Swaxx,ravencrest,767,warrior,arms,24,8,16
Crizby,twisting-nether,767,warrior,arms,24,8,16
Newgáte,silvermoon,766,warrior,arms,12,8,4
Rapidinhas,aggra-português,766,warrior,arms,12,8,4
Celean,darksorrow,766,warrior,arms,12,8,4
Bonkonator,stormscale,766,warrior,arms,12,8,4
Aomen,ravencrest,766,warrior,arms,12,8,4
Shehalk,stormscale,766,warrior,arms,12,8,4
Brutalx,twisting-nether,766,warrior,arms,14,8,6
Beamis,ragnaros,766,warrior,arms,18,8,10
Vohok,jaedenar,766,warrior,arms,18,8,10
Rageaholic,blackmoore,766,warrior,arms,18,8,10
Zerxees,tarren-mill,766,warrior,arms,18,8,10
Booj,silvermoon,766,warrior,arms,18,8,10
Хэлвид,soulflayer,766,warrior,arms,18,8,10
Jeronimoe,blackmoore,766,warrior,arms,19,8,11
Orquewarrior,stormscale,766,warrior,arms,24,8,16
Alkuwaity,outland,766,warrior,arms,24,8,16
Нэиро,howling-fjord,766,warrior,arms,24,8,16
Bladestorm,dun-morogh,765,warrior,arms,18,8,10
Wärfäcë,blades-edge,765,warrior,arms,18,8,10
Tidrick,argent-dawn,765,warrior,arms,18,8,10
Smaxi,kazzak,765,warrior,arms,18,8,10
Exeqty,the-maelstrom,765,warrior,arms,18,8,10
Younes,ravencrest,765,warrior,arms,24,8,16
Hirbus,ravencrest,765,warrior,arms,25,8,17
Havooc,ragnaros,764,warrior,arms,12,8,4
Lucciouss,sylvanas,764,warrior,arms,12,8,4
Berree,outland,764,warrior,arms,18,8,10
Lìón,blackhand,764,warrior,arms,24,8,16
Bangbros,archimonde,763,warrior,arms,12,8,4
Giggadaddy,tarren-mill,763,warrior,arms,18,8,10
Darkchao,madmortem,763,warrior,arms,18,8,10
Ireincarnate,argent-dawn,763,warrior,arms,18,8,10
Ripper,scarshield-legion,763,warrior,arms,30,8,22
Leyon,blades-edge,762,warrior,arms,12,8,4
Suolijumppa,stormreaver,762,warrior,arms,18,8,10
Fatbeard,twilights-hammer,762,warrior,arms,18,8,10
Korvjnus,burning-blade,762,warrior,arms,18,8,10
Rogirb,drakthul,762,warrior,arms,18,8,10
Previse,argent-dawn,762,warrior,arms,18,8,10
Danoriix,drakthul,762,warrior,arms,24,8,16
Øruch,draenor,761,warrior,arms,18,8,10
Arinator,les-sentinelles,761,warrior,arms,33,9,24
Encounter,nefarian,760,warrior,arms,12,8,4
Gnuhl,eredar,760,warrior,arms,21,9,12
Грруд,galakrond,760,warrior,arms,24,8,16
Машамеч,blackscar,760,warrior,arms,30,8,22
Upturn,ravencrest,757,warrior,arms,24,8,16
Pappkopf,rexxar,753,warrior,arms,24,8,16
Calipp,die-aldor,750,warrior,arms,24,8,16
Batourga,marécage-de-zangar,749,warrior,arms,23,8,15
Shadrassil,eonar,747,warrior,arms,18,8,10
Дедсдрыном,howling-fjord,747,warrior,arms,23,8,15
Рф,thermaplugg,745,warrior,arms,26,9,17
Furraxx,elune,736,warrior,arms,18,8,10
Broarexlion,ragnaros,735,warrior,arms,23,8,15
Hazzaogx,draenor,735,warrior,arms,23,8,15
Eltaré,hyjal,734,warrior,arms,14,9,5
Orgazam,xavius,734,warrior,arms,17,8,9
Megaloddon,ravencrest,734,warrior,arms,17,8,9
Grimsong,antonidas,733,warrior,arms,14,9,5
Madict,outland,733,warrior,arms,18,8,10
Imbakarimbá,blackrock,732,warrior,arms,17,8,9
Pikkemaát,stormscale,720,warrior,arms,15,8,7
Grolbein,blackhand,719,warrior,arms,17,9,8
Karbeg,ravencrest,718,warrior,arms,21,8,13
Spoofie,doomhammer,718,warrior,arms,21,8,13
Zíreael,ravencrest,718,warrior,arms,29,8,21
Железныйбард,gordunni,717,warrior,arms,23,8,15
Nobelisarius,norgannon,713,warrior,arms,23,11,12
Démigodx,stormscale,712,warrior,arms,28,9,19
Ugbruk,blackhand,707,warrior,arms,21,9,12
Battlemaster,die-aldor,704,warrior,arms,16,8,8
Ferv,tarren-mill,703,warrior,arms,17,8,9
Fürchtenix,blackmoore,703,warrior,arms,20,8,12
Goringbame,draenor,703,warrior,arms,20,8,12
Punishers,ysondre,703,warrior,arms,132,47,85
Kyösti,defias-brotherhood,702,warrior,arms,14,8,6
Daxhter,sanguino,702,warrior,arms,20,8,12
Isoton,kazzak,702,warrior,arms,20,8,12
Bàhàmût,anetheron,701,warrior,arms,11,8,3
Parabellum,dun-modr,701,warrior,arms,14,8,6
Stratic,blackmoore,697,warrior,arms,26,8,18
Melców,eredar,687,warrior,arms,11,8,3
Pemex,stormreaver,686,warrior,arms,13,8,5
Xiennas,stormscale,679,warrior,arms,19,9,10
Ðalf,sargeras,672,warrior,arms,12,7,5
Boonur,arthas,672,warrior,arms,12,7,5
Crøwñd,twisting-nether,672,warrior,arms,12,7,5
Cleavnseagal,ravencrest,672,warrior,arms,12,7,5
Thomasw,argent-dawn,672,warrior,arms,12,7,5
Antïsøcial,thrall,672,warrior,arms,12,7,5
Ufu,outland,672,warrior,arms,12,7,5
Warriovar,draenor,672,warrior,arms,12,7,5
Thebigtosco,ravencrest,672,warrior,arms,12,7,5
Трэйдар,blackscar,672,warrior,arms,12,7,5
Midnightrain,archimonde,672,warrior,arms,12,7,5
Хашонвар,gordunni,672,warrior,arms,12,7,5
Каррагор,howling-fjord,672,warrior,arms,12,7,5
Biscuitoliva,hyjal,672,warrior,arms,12,7,5
Trembolonio,sanguino,672,warrior,arms,12,7,5
Morkzul,sanguino,672,warrior,arms,12,7,5
Roadsick,outland,672,warrior,arms,12,7,5
Tandrak,ravencrest,672,warrior,arms,12,7,5
Quihc,outland,672,warrior,arms,12,7,5
Faimy,tarren-mill,672,warrior,arms,12,7,5
Тьмасвятая,gordunni,672,warrior,arms,12,7,5
Elpap,draenor,672,warrior,arms,12,7,5
Orcassmus,blackrock,672,warrior,arms,12,7,5
Shwreck,kazzak,672,warrior,arms,12,7,5
Chazbo,arakarahm,672,warrior,arms,12,7,5
Jäky,ragnaros,672,warrior,arms,12,7,5
Isenstrider,burning-legion,672,warrior,arms,12,7,5
Динамикс,soulflayer,672,warrior,arms,12,7,5
Slâkkxz,outland,672,warrior,arms,12,7,5
Shînsø,dalaran,672,warrior,arms,12,7,5
Utz,blackrock,672,warrior,arms,12,7,5
Deathgreyø,nemesis,672,warrior,arms,12,7,5
Tenvee,outland,672,warrior,arms,12,7,5
Creekwarrior,twisting-nether,672,warrior,arms,12,7,5
Pexqt,blackmoore,672,warrior,arms,12,7,5
Neíd,antonidas,672,warrior,arms,12,7,5
Cruor,stormscale,672,warrior,arms,12,7,5
Ryse,nemesis,672,warrior,arms,12,7,5
Ragetotem,doomhammer,672,warrior,arms,12,7,5
Minimcgregor,sanguino,672,warrior,arms,12,7,5
Bubawarrior,silvermoon,672,warrior,arms,12,7,5
Engalxsol,tarren-mill,672,warrior,arms,12,7,5
Zellóx,stormscale,672,warrior,arms,12,7,5
Lisera,thrall,672,warrior,arms,12,7,5
Sreym,dun-modr,672,warrior,arms,12,7,5
Devìlscandy,stormscale,672,warrior,arms,12,7,5
Бардеон,gordunni,672,warrior,arms,12,7,5
Ragelol,aegwynn,672,warrior,arms,12,7,5
Unverbal,silvermoon,672,warrior,arms,12,7,5
Smèdbérg,ravencrest,672,warrior,arms,12,7,5
Orelus,darkspear,672,warrior,arms,12,7,5
Kriticah,sanguino,672,warrior,arms,12,7,5
Арсон,soulflayer,672,warrior,arms,12,7,5
Ironmásk,tarren-mill,672,warrior,arms,12,7,5
Cleppepx,blackmoore,672,warrior,arms,12,7,5
Yoz,uldaman,672,warrior,arms,12,7,5
Джераса,borean-tundra,672,warrior,arms,12,7,5
Tbomb,stormscale,672,warrior,arms,12,7,5
Masakerr,ragnaros,672,warrior,arms,12,7,5
Azarek,blackmoore,672,warrior,arms,12,7,5
Xilquib,darksorrow,672,warrior,arms,12,7,5
Minitizzr,stormscale,672,warrior,arms,12,7,5
Tìera,ravencrest,672,warrior,arms,15,8,7
Стефанидзе,soulflayer,672,warrior,arms,18,7,11
Kiha,argent-dawn,672,warrior,arms,18,7,11
Rec,thrall,672,warrior,arms,18,7,11
Twoonewin,ragnaros,672,warrior,arms,18,7,11
Kamapulya,ravencrest,672,warrior,arms,18,7,11
Kennzz,ravencrest,672,warrior,arms,18,7,11
Skullsmasher,stormscale,672,warrior,arms,18,7,11
Slappcuzz,blackrock,672,warrior,arms,18,7,11
Tomsom,sanguino,672,warrior,arms,18,7,11
Rightversion,sylvanas,672,warrior,arms,18,7,11
Ghettogødx,outland,672,warrior,arms,18,7,11
Delfrion,pozzo-delleternità,672,warrior,arms,18,7,11
Silencxý,blackrock,672,warrior,arms,18,7,11
Сабствер,howling-fjord,672,warrior,arms,18,7,11
Zugzugernaut,stormscale,672,warrior,arms,18,7,11
Warristyles,arygos,672,warrior,arms,18,7,11
Manký,kazzak,672,warrior,arms,18,7,11
Swàck,mazrigos,672,warrior,arms,18,7,11
Recklesnes,kazzak,672,warrior,arms,18,7,11
Воованыч,gordunni,672,warrior,arms,18,7,11
Warrieron,stormscale,672,warrior,arms,18,7,11
Kåïdø,ravencrest,672,warrior,arms,18,7,11
Warriorri,haomarush,672,warrior,arms,18,7,11
Rylbrah,blackmoore,672,warrior,arms,18,7,11
Chàrgex,blackrock,672,warrior,arms,21,8,13
Luxurious,argent-dawn,672,warrior,arms,27,8,19
Borthuk,tarren-mill,672,warrior,arms,24,7,17
Vøidwalker,ragnaros,672,warrior,arms,24,7,17
Anahkäs,archimonde,672,warrior,arms,24,7,17
Izurritea,tarren-mill,672,warrior,arms,24,7,17
Unßörn,archimonde,672,warrior,arms,24,7,17
Gôrilla,kazzak,672,warrior,arms,30,7,23
Pihvikostaja,stormreaver,671,warrior,arms,12,7,5
Gamôrà,eitrigg,671,warrior,arms,12,7,5
Sàt,kazzak,671,warrior,arms,12,7,5
Schawar,draenor,671,warrior,arms,12,7,5
Xensation,kult-der-verdammten,671,warrior,arms,12,7,5
Rawne,kirin-tor,671,warrior,arms,12,7,5
Когарт,gordunni,671,warrior,arms,12,7,5
Dosenbier,gorgonnash,671,warrior,arms,12,7,5
Wårlord,ragnaros,671,warrior,arms,12,7,5
Greifax,eredar,671,warrior,arms,12,7,5
Shedzo,tarren-mill,671,warrior,arms,12,7,5
Hexzo,ravencrest,671,warrior,arms,12,7,5
Hades,kazzak,671,warrior,arms,12,7,5
Bendeur,ysondre,671,warrior,arms,12,7,5
Skullcrasher,draenor,671,warrior,arms,12,7,5
Dukhe,sanguino,671,warrior,arms,12,7,5
Aëne,kirin-tor,671,warrior,arms,12,7,5
Escà,archimonde,671,warrior,arms,12,7,5
Valí,drakthul,671,warrior,arms,12,7,5
Schneklinge,blutkessel,671,warrior,arms,12,7,5
Сайлентлайтх,soulflayer,671,warrior,arms,12,7,5
Nightbeard,twisting-nether,671,warrior,arms,12,7,5
Stèalthy,stormscale,671,warrior,arms,12,7,5
Fluxerella,azjolnerub,671,warrior,arms,12,7,5
Gùts,stormreaver,671,warrior,arms,12,7,5
Kratosgr,defias-brotherhood,671,warrior,arms,12,7,5
Reykingar,outland,671,warrior,arms,12,7,5
Vez,arathor,671,warrior,arms,12,7,5
Wvanp,tarren-mill,671,warrior,arms,12,7,5
Doragon,nemesis,671,warrior,arms,12,7,5
Дисфория,soulflayer,671,warrior,arms,15,8,7
Haris,malganis,671,warrior,arms,18,7,11
Jephôs,silvermoon,671,warrior,arms,18,7,11
Kekwd,burning-legion,671,warrior,arms,18,7,11
Salsetti,nemesis,671,warrior,arms,18,7,11
Kishkamen,ravencrest,671,warrior,arms,18,7,11
Donczaszka,turalyon,671,warrior,arms,18,7,11
Williamx,archimonde,671,warrior,arms,18,7,11
Sydre,nerathor,671,warrior,arms,18,7,11
Segovaxx,twisting-nether,671,warrior,arms,18,7,11
Akáme,frostwolf,671,warrior,arms,18,7,11
Kattyparry,tarren-mill,671,warrior,arms,18,7,11
Iarsonn,drakthul,671,warrior,arms,18,7,11
Apashe,drakthul,671,warrior,arms,18,7,11
Текайко,eversong,671,warrior,arms,18,7,11
Sadex,blackmoore,671,warrior,arms,24,7,17
Jerololz,dun-modr,671,warrior,arms,24,7,17
Бубаигавар,gordunni,671,warrior,arms,24,7,17
Ashecröft,sylvanas,671,warrior,arms,24,7,17
Kilsera,blackmoore,670,warrior,arms,12,7,5
Eldfast,bladefist,670,warrior,arms,12,7,5
Grunwi,burning-legion,670,warrior,arms,12,7,5
Lightit,aegwynn,670,warrior,arms,12,7,5
Haymaker,auchindoun,670,warrior,arms,12,7,5
Cortix,blackmoore,670,warrior,arms,16,8,8
Grafted,argent-dawn,670,warrior,arms,18,7,11
Høxy,outland,670,warrior,arms,18,7,11
Jackycoke,blackhand,670,warrior,arms,18,7,11
Tiopollo,sanguino,670,warrior,arms,18,7,11
Befit,quelthalas,670,warrior,arms,18,7,11
Mortus,baelgun,670,warrior,arms,22,8,14
Gakosh,sanguino,669,warrior,arms,12,7,5
Laude,ragnaros,669,warrior,arms,12,7,5
Infusione,nemesis,669,warrior,arms,12,7,5
Pyxis,argent-dawn,669,warrior,arms,18,7,11
Сырилисуп,soulflayer,669,warrior,arms,18,7,11
Slappie,kiljaeden,669,warrior,arms,18,7,11
Ruuster,norgannon,669,warrior,arms,24,7,17
Méfiat,hyjal,668,warrior,arms,12,7,5
Cecill,silvermoon,668,warrior,arms,12,7,5
Árkantos,ravencrest,668,warrior,arms,12,7,5
Warclone,ravencrest,668,warrior,arms,12,7,5
Woukong,blackmoore,668,warrior,arms,18,7,11
Releave,draenor,668,warrior,arms,18,7,11
Láviana,aegwynn,667,warrior,arms,12,7,5
Director,aegwynn,667,warrior,arms,12,7,5
Piixxz,hyjal,667,warrior,arms,12,7,5
Математик,razuvious,667,warrior,arms,12,7,5
Papati,twisting-nether,667,warrior,arms,18,7,11
Ärama,sanguino,664,warrior,arms,18,7,11
Милославский,gordunni,662,warrior,arms,18,7,11
Raizø,aegwynn,655,warrior,arms,13,9,4
Брэмбур,goldrinn,655,warrior,arms,17,7,10
Paaki,archimonde,655,warrior,arms,17,7,10
Mocka,veknilash,640,warrior,arms,16,7,9
Мегаяйца,gordunni,639,warrior,arms,23,7,16
Dasbiest,malorne,638,warrior,arms,17,7,10
Xiny,blackrock,638,warrior,arms,17,7,10
Kalarar,blackrock,638,warrior,arms,32,8,24
Боевыещёчки,eversong,627,warrior,arms,22,11,11
Schmelzlord,thrall,624,warrior,arms,15,7,8
Bloodeater,sylvanas,623,warrior,arms,15,7,8
Dolforden,burning-legion,622,warrior,arms,17,7,10
Ätreides,sanguino,622,warrior,arms,17,7,10
Vaxillium,argent-dawn,621,warrior,arms,17,7,10
Някитила,gordunni,614,warrior,arms,18,8,10
Ragingqawk,outland,608,warrior,arms,16,7,9
Kwesta,kazzak,607,warrior,arms,11,7,4
Matatorero,uldum,607,warrior,arms,16,7,9
Trundledaddy,silvermoon,607,warrior,arms,17,7,10
Arashicage,emeriss,606,warrior,arms,14,7,7
Eragdagh,thrall,606,warrior,arms,20,7,13
Arschal,khaz-modan,594,warrior,arms,14,7,7
Kenzai,aegwynn,592,warrior,arms,13,7,6
Olriksen,dentarg,590,warrior,arms,19,8,11
Bavet,sylvanas,589,warrior,arms,19,7,12
Dulex,draenor,576,warrior,arms,6,6,0
Lubcifer,emeriss,576,warrior,arms,6,6,0
Gidra,stormscale,576,warrior,arms,6,6,0
Watergate,ysondre,576,warrior,arms,6,6,0
Scherø,aegwynn,576,warrior,arms,6,6,0
Belov,hyjal,576,warrior,arms,12,6,6
Leetzorz,aszune,576,warrior,arms,12,6,6
Dvigar,drakthul,576,warrior,arms,12,6,6
Радомель,gordunni,576,warrior,arms,12,6,6
Earthshatter,emeriss,576,warrior,arms,12,6,6
Precel,burning-legion,576,warrior,arms,12,6,6
Тассэй,eversong,576,warrior,arms,12,6,6
Kaloche,hyjal,576,warrior,arms,12,6,6
Finmajor,frostwhisper,576,warrior,arms,12,6,6
Intíkam,alleria,576,warrior,arms,12,6,6
Fidicenz,ysondre,576,warrior,arms,12,6,6
Bourbimrgllr,hyjal,576,warrior,arms,12,6,6
Micromachìne,sanguino,576,warrior,arms,12,6,6
Kirmizikafa,twisting-nether,576,warrior,arms,12,6,6
Rswar,archimonde,576,warrior,arms,12,6,6
Knoutt,burning-legion,576,warrior,arms,12,6,6
Bikgusdickus,drakthul,576,warrior,arms,12,6,6
Наомирассел,gordunni,576,warrior,arms,12,6,6
Fankululu,kragjin,576,warrior,arms,12,6,6
Darkseid,burning-legion,576,warrior,arms,12,6,6
Fonky,sylvanas,576,warrior,arms,12,6,6
Phalekxox,twisting-nether,576,warrior,arms,12,6,6
Mîleycyrûs,stormscale,576,warrior,arms,12,6,6
Psychðtïc,archimonde,576,warrior,arms,12,6,6
Neoballâc,uldum,576,warrior,arms,12,6,6
Oneoneseven,archimonde,576,warrior,arms,12,6,6
Feydal,thrall,576,warrior,arms,12,6,6
Poyraz,blackrock,576,warrior,arms,12,6,6
Waranach,drakthul,576,warrior,arms,12,6,6
Wärlør,ravencrest,576,warrior,arms,12,6,6
Kenet,tarren-mill,576,warrior,arms,12,6,6
Rakhaldin,blackhand,576,warrior,arms,12,6,6
Shorane,varimathras,576,warrior,arms,12,6,6
Nørst,draenor,576,warrior,arms,12,6,6
Coolaa,kazzak,576,warrior,arms,12,6,6
Teliese,argent-dawn,576,warrior,arms,12,6,6
Radîtz,blackmoore,576,warrior,arms,12,6,6
Juggawumba,kazzak,576,warrior,arms,12,6,6
Vakios,confrérie-du-thorium,576,warrior,arms,12,6,6
Долирия,gordunni,576,warrior,arms,12,6,6
Torgath,kirin-tor,576,warrior,arms,12,6,6
Hycate,blackrock,576,warrior,arms,12,6,6
Нерморрог,howling-fjord,576,warrior,arms,12,6,6
Slám,burning-legion,576,warrior,arms,12,6,6
Thegullet,draenor,576,warrior,arms,12,6,6
Tddyy,silvermoon,576,warrior,arms,12,6,6
Fookyoup,stormscale,576,warrior,arms,12,6,6
Ваншотч,blackscar,576,warrior,arms,12,6,6
Melogranod,nemesis,576,warrior,arms,12,6,6
Qurujaa,kirin-tor,576,warrior,arms,12,6,6
Bllué,ravencrest,576,warrior,arms,12,6,6
Urmankey,kazzak,576,warrior,arms,12,6,6
Nylseana,turalyon,576,warrior,arms,12,6,6
Skelash,blackhand,576,warrior,arms,12,6,6
Mòrdréd,kazzak,576,warrior,arms,12,6,6
Kaylì,ravencrest,576,warrior,arms,12,6,6
Racore,aegwynn,576,warrior,arms,12,6,6
Lucywar,ravencrest,576,warrior,arms,12,6,6
Xqt,laughing-skull,576,warrior,arms,12,6,6
Wøokz,argent-dawn,576,warrior,arms,12,6,6
Madswarr,tarren-mill,576,warrior,arms,12,6,6
Trâshcârlitâ,eredar,576,warrior,arms,12,6,6
Hacci,ragnaros,576,warrior,arms,12,6,6
Joelopes,archimonde,576,warrior,arms,12,6,6
Reshnak,die-todeskrallen,576,warrior,arms,12,6,6
Каштоуны,howling-fjord,576,warrior,arms,12,6,6
Majestatix,doomhammer,576,warrior,arms,12,6,6
Hgfe,doomhammer,576,warrior,arms,12,6,6
Toscow,ravencrest,576,warrior,arms,12,6,6
Terisá,blackmoore,576,warrior,arms,12,6,6
Deymio,defias-brotherhood,576,warrior,arms,12,6,6
Brutarius,scarshield-legion,576,warrior,arms,12,6,6
Ysgrammorr,magtheridon,576,warrior,arms,12,6,6
Tikej,silvermoon,576,warrior,arms,12,6,6
Toqk,draenor,576,warrior,arms,12,6,6
Bivol,ravencrest,576,warrior,arms,12,6,6
Brutalizar,draenor,576,warrior,arms,12,6,6
Zabrona,turalyon,576,warrior,arms,12,6,6
Víoceptíon,blackrock,576,warrior,arms,12,6,6
Thanâtøs,kazzak,576,warrior,arms,12,6,6
Kleckzz,blackmoore,576,warrior,arms,12,6,6
Тягуч,howling-fjord,576,warrior,arms,12,6,6
Moldamis,blackhand,576,warrior,arms,12,6,6
Litlijón,ravencrest,576,warrior,arms,12,6,6
Tùcky,ysondre,576,warrior,arms,12,6,6
Scràvity,blackhand,576,warrior,arms,12,6,6
Ðrews,kazzak,576,warrior,arms,12,6,6
Rageover,outland,576,warrior,arms,12,6,6
Hyogan,malganis,576,warrior,arms,12,6,6
Yuuta,ravencrest,576,warrior,arms,12,6,6
Repó,twisting-nether,576,warrior,arms,18,6,12
Kronstris,veklor,576,warrior,arms,18,6,12
Lithanør,silvermoon,576,warrior,arms,18,6,12
Sebeastian,ravencrest,576,warrior,arms,18,6,12
Autumnfálls,kazzak,576,warrior,arms,18,6,12
Gaarrossh,kazzak,576,warrior,arms,18,6,12
Jeriko,archimonde,576,warrior,arms,18,6,12
Kawaro,rajaxx,576,warrior,arms,18,6,12
Ój,ravencrest,576,warrior,arms,18,6,12
Chazeryu,stormreaver,576,warrior,arms,18,6,12
Duaig,pozzo-delleternità,576,warrior,arms,18,6,12
Stillpetao,dun-modr,576,warrior,arms,18,6,12
Velgrim,ravencrest,576,warrior,arms,18,6,12
Salpaaja,tarren-mill,576,warrior,arms,18,6,12
Ezop,burning-blade,576,warrior,arms,18,6,12
Ragoar,blackmoore,576,warrior,arms,18,6,12
Foxxzorr,aszune,576,warrior,arms,18,6,12
Guter,kazzak,576,warrior,arms,18,6,12
Amarthon,sylvanas,576,warrior,arms,18,6,12
Erickson,tarren-mill,576,warrior,arms,18,6,12
Nyxo,argent-dawn,576,warrior,arms,18,6,12
Fracto,draenor,576,warrior,arms,18,6,12
Leroyluca,gilneas,576,warrior,arms,18,6,12
Steroidkidx,stormscale,576,warrior,arms,24,6,18
Topozugzug,tarren-mill,576,warrior,arms,24,6,18
Братишкаа,gordunni,576,warrior,arms,24,6,18
Luckysop,chants-éternels,576,warrior,arms,24,6,18
Pesroc,blackmoore,575,warrior,arms,9,7,2
Беспонятия,blackscar,575,warrior,arms,10,7,3
Cesaro,blackhand,575,warrior,arms,12,6,6
Эсвексия,gordunni,575,warrior,arms,12,6,6
Bravest,ragnaros,575,warrior,arms,12,6,6
Uwazu,kazzak,575,warrior,arms,12,6,6
Valus,earthen-ring,575,warrior,arms,12,6,6
Ghostlord,dunemaul,575,warrior,arms,12,6,6
Lupacha,exodar,575,warrior,arms,12,6,6
Думрайт,gordunni,575,warrior,arms,12,6,6
Bzezita,hyjal,575,warrior,arms,12,6,6
Rawi,antonidas,575,warrior,arms,12,6,6
Arnnau,dun-modr,575,warrior,arms,12,6,6
Zutto,conseil-des-ombres,575,warrior,arms,12,6,6
Fótm,sylvanas,575,warrior,arms,12,6,6
Bobleeragnar,ravencrest,575,warrior,arms,12,6,6
Thráll,aszune,575,warrior,arms,12,6,6
Dexter,outland,575,warrior,arms,12,6,6
Imafk,darksorrow,575,warrior,arms,12,6,6
Бэдбрэйнс,soulflayer,575,warrior,arms,12,6,6
Soofies,madmortem,575,warrior,arms,12,6,6
Djpuggerino,outland,575,warrior,arms,12,6,6
Razyk,zuljin,575,warrior,arms,12,6,6
Critycall,drakthul,575,warrior,arms,12,6,6
Ràgnàmetàl,tarren-mill,575,warrior,arms,12,6,6
Cogne,illidan,575,warrior,arms,12,6,6
Scârath,eredar,575,warrior,arms,12,6,6
Empero,draenor,575,warrior,arms,12,6,6
Thorast,argent-dawn,575,warrior,arms,12,6,6
Camaon,outland,575,warrior,arms,12,6,6
Wærriør,argent-dawn,575,warrior,arms,12,6,6
Акози,fordragon,575,warrior,arms,12,6,6
Колятурбо,gordunni,575,warrior,arms,12,6,6
Vauster,draenor,575,warrior,arms,16,7,9
Redcloak,outland,575,warrior,arms,18,6,12
Отнулядоста,gordunni,575,warrior,arms,18,6,12
Утонаган,fordragon,575,warrior,arms,18,6,12
Ruioz,draenor,575,warrior,arms,18,6,12
Awares,blackmoore,575,warrior,arms,18,6,12
Кордупэль,gordunni,575,warrior,arms,18,6,12
Kydecnick,kazzak,575,warrior,arms,24,6,18
Fugrim,draenor,574,warrior,arms,12,6,6
Nostrawolf,sylvanas,574,warrior,arms,12,6,6
Voltrim,blackmoore,574,warrior,arms,12,6,6
Nakkelam,twisting-nether,574,warrior,arms,12,6,6
Solatika,alexstrasza,574,warrior,arms,12,6,6
Xaah,dun-modr,574,warrior,arms,18,6,12
Kvanyrius,archimonde,574,warrior,arms,18,6,12
Zogyall,ysondre,574,warrior,arms,18,6,12
Maxeyn,kazzak,574,warrior,arms,27,7,20
Sztixi,silvermoon,574,warrior,arms,24,6,18
Prôtectore,hyjal,573,warrior,arms,12,6,6
Kaerz,ysondre,573,warrior,arms,12,6,6
Бачус,eversong,573,warrior,arms,18,6,12
Årxex,stormscale,572,warrior,arms,12,6,6
Acestrike,defias-brotherhood,572,warrior,arms,12,6,6
Oombac,lordaeron,572,warrior,arms,12,6,6
Raduriel,antonidas,571,warrior,arms,12,6,6
Tobigforu,draenor,571,warrior,arms,16,7,9
Thoròk,antonidas,571,warrior,arms,18,6,12
Бланкк,deathweaver,570,warrior,arms,12,6,6
Dazed,kazzak,570,warrior,arms,12,6,6
Dj,ragnaros,568,warrior,arms,12,6,6
Wulfgâr,dun-modr,566,warrior,arms,12,6,6
Gauklerbaron,blackmoore,566,warrior,arms,29,6,23
Wïnqlùlz,archimonde,564,warrior,arms,36,6,30
Rãgè,tarren-mill,559,warrior,arms,17,6,11
Wahney,thrall,543,warrior,arms,8,7,1
Omaahton,magtheridon,543,warrior,arms,11,6,5
Fion,kult-der-verdammten,543,warrior,arms,14,7,7
Krevó,ragnaros,543,warrior,arms,17,6,11
Energo,drakthul,542,warrior,arms,12,6,6
Koruds,outland,528,warrior,arms,9,6,3
Kåñéthy,outland,528,warrior,arms,15,7,8
Sorosterv,twisting-nether,527,warrior,arms,11,6,5
Imabeatyoass,kazzak,527,warrior,arms,11,6,5
Манндалорец,gordunni,527,warrior,arms,15,6,9
Titanhaut,frostwolf,525,warrior,arms,11,6,5
Smaugman,nemesis,523,warrior,arms,23,6,17
Богадорога,howling-fjord,522,warrior,arms,17,8,9
Nuckii,antonidas,521,warrior,arms,21,7,14
Monifes,kazzak,520,warrior,arms,18,8,10
Párta,ravencrest,512,warrior,arms,16,6,10
Креспекс,gordunni,512,warrior,arms,16,6,10
Dzamtule,ravencrest,511,warrior,arms,8,6,2
Hasira,xavius,511,warrior,arms,10,6,4
Мембершримп,howling-fjord,511,warrior,arms,20,6,14
Myryna,exodar,510,warrior,arms,20,6,14
Блэйзерх,gordunni,496,warrior,arms,19,6,13
Jesperharle,ravencrest,480,warrior,arms,6,5,1
Tørøg,eredar,480,warrior,arms,6,5,1
Chargelife,sylvanas,480,warrior,arms,6,5,1
Drragosh,tarren-mill,480,warrior,arms,6,5,1
Reezax,blackrock,480,warrior,arms,6,5,1
Asasius,ravencrest,480,warrior,arms,6,5,1
Grímgor,aegwynn,480,warrior,arms,6,5,1
Serbia,blackrock,480,warrior,arms,6,5,1
Rockygifll,sinstralis,480,warrior,arms,6,5,1
Quateh,silvermoon,480,warrior,arms,6,5,1
Kelmyst,ragnaros,480,warrior,arms,6,5,1
Lurion,malganis,480,warrior,arms,6,5,1
Гневныйвиги,howling-fjord,480,warrior,arms,6,5,1
Exether,auchindoun,480,warrior,arms,6,5,1
Sezomih,outland,480,warrior,arms,6,5,1
Remylacroix,blackrock,480,warrior,arms,6,5,1
Nyokosuzi,grim-batol,480,warrior,arms,6,5,1
Фокатопх,blackscar,480,warrior,arms,6,5,1
Chabonara,blackmoore,480,warrior,arms,6,5,1
Mumbojumbo,uldum,480,warrior,arms,6,5,1
Himarsenko,silvermoon,480,warrior,arms,6,5,1
Mecaguarro,dun-modr,480,warrior,arms,6,5,1
Хэрест,gordunni,480,warrior,arms,6,5,1
Cuzyxtwo,blackrock,480,warrior,arms,6,5,1
Firience,silvermoon,480,warrior,arms,6,5,1
Murp,lightnings-blade,480,warrior,arms,6,5,1
Hópbóp,magtheridon,480,warrior,arms,6,5,1
Dødsdonny,draenor,480,warrior,arms,6,5,1
Bashuk,grim-batol,480,warrior,arms,6,5,1
Hubq,burning-legion,480,warrior,arms,6,5,1
Ocecute,tarren-mill,480,warrior,arms,6,5,1
Манхув,gordunni,480,warrior,arms,6,5,1
Revoidnvm,blackmoore,480,warrior,arms,6,5,1
Дядядмг,blackscar,480,warrior,arms,6,5,1
Tørrminator,stormscale,480,warrior,arms,6,5,1
Tekmali,archimonde,480,warrior,arms,6,5,1
Slg,tarren-mill,480,warrior,arms,6,5,1
Karmaloop,stormscale,480,warrior,arms,6,5,1
Bävling,kazzak,480,warrior,arms,7,5,2
Tishues,kazzak,480,warrior,arms,8,5,3
Сетт,howling-fjord,480,warrior,arms,12,5,7
Oplix,antonidas,480,warrior,arms,12,5,7
Zeneve,auchindoun,480,warrior,arms,12,5,7
Bønecleaver,blackrock,480,warrior,arms,12,5,7
Keäghan,kazzak,480,warrior,arms,12,5,7
Najjs,eredar,480,warrior,arms,12,5,7
Caltan,wildhammer,480,warrior,arms,12,5,7
Coko,kirin-tor,480,warrior,arms,12,5,7
Thravaeg,draenor,480,warrior,arms,12,5,7
Horizonx,blackrock,480,warrior,arms,12,5,7
Sergra,ysondre,480,warrior,arms,12,5,7
Thirtynine,daggerspine,480,warrior,arms,12,5,7
Wardoz,archimonde,480,warrior,arms,12,5,7
Matiasek,burning-legion,480,warrior,arms,12,5,7
Asintended,draenor,480,warrior,arms,12,5,7
Teramuhl,eredar,480,warrior,arms,12,5,7
Seifchamqt,ragnaros,480,warrior,arms,12,5,7
Kalregg,outland,480,warrior,arms,12,5,7
Zirriox,wildhammer,480,warrior,arms,12,5,7
Steelstormz,ravencrest,480,warrior,arms,12,5,7
Mugteef,der-rat-von-dalaran,480,warrior,arms,12,5,7
Lüund,ravencrest,480,warrior,arms,12,5,7
Ràgê,silvermoon,480,warrior,arms,12,5,7
Síúkanto,blackrock,480,warrior,arms,12,5,7
Balenciarmor,silvermoon,480,warrior,arms,12,5,7
Klonyarikjr,ravencrest,480,warrior,arms,12,5,7
Тевивар,gordunni,480,warrior,arms,12,5,7
Nazgrosh,burning-legion,480,warrior,arms,12,5,7
Steelian,kazzak,480,warrior,arms,12,5,7
Warclodo,la-croisade-écarlate,480,warrior,arms,12,5,7
Whiteowlx,argent-dawn,480,warrior,arms,12,5,7
Warricious,outland,480,warrior,arms,12,5,7
Deathbleeder,argent-dawn,480,warrior,arms,12,5,7
Leelazero,argent-dawn,480,warrior,arms,12,5,7
Рэйердан,howling-fjord,480,warrior,arms,12,5,7
Plzdontkite,blackrock,480,warrior,arms,12,5,7
Khara,frostwolf,480,warrior,arms,12,5,7
Enface,ragnaros,480,warrior,arms,12,5,7
Ernexpóc,silvermoon,480,warrior,arms,12,5,7
Whysobold,quelthalas,480,warrior,arms,12,5,7
Xintha,frostwolf,480,warrior,arms,12,5,7
Zonïa,ysondre,480,warrior,arms,12,5,7
Câttiva,blackmoore,480,warrior,arms,12,5,7
Nomore,sylvanas,480,warrior,arms,12,5,7
Strengjahz,ragnaros,480,warrior,arms,12,5,7
Rajä,anubarak,480,warrior,arms,12,5,7
Mërkürÿ,draenor,480,warrior,arms,12,5,7
Легендор,howling-fjord,480,warrior,arms,12,5,7
Stepmomgodx,kazzak,480,warrior,arms,12,5,7
Zarrgash,blackhand,480,warrior,arms,12,5,7
Huxies,draenor,480,warrior,arms,12,5,7
Sonnethrash,tarren-mill,480,warrior,arms,12,5,7
Taskov,tarren-mill,480,warrior,arms,12,5,7
Garradoom,stormscale,480,warrior,arms,12,5,7
Loliclapper,grim-batol,480,warrior,arms,12,5,7
Schlierkamp,aegwynn,480,warrior,arms,12,5,7
Zeryyo,blackrock,480,warrior,arms,12,5,7
Matrixer,aegwynn,480,warrior,arms,12,5,7
Бейлеор,gordunni,480,warrior,arms,12,5,7
Adamastos,ragnaros,480,warrior,arms,12,5,7
Arakhu,blackmoore,480,warrior,arms,12,5,7
Maraximus,ragnaros,480,warrior,arms,12,5,7
Тэратос,soulflayer,480,warrior,arms,12,5,7
Zugzugsmash,thrall,480,warrior,arms,12,5,7
Боадрог,soulflayer,480,warrior,arms,12,5,7
Ragingclue,draenor,480,warrior,arms,12,5,7
Buffury,twisting-nether,480,warrior,arms,12,5,7
Ginjó,blackhand,480,warrior,arms,12,5,7
Rhinobob,kazzak,480,warrior,arms,12,5,7
Сашарбгх,soulflayer,480,warrior,arms,12,5,7
Nadelicious,kazzak,480,warrior,arms,12,5,7
Threnewar,kazzak,480,warrior,arms,12,5,7
Hodenhugo,thrall,480,warrior,arms,12,5,7
Humanoç,dun-modr,480,warrior,arms,12,5,7
Анжинерх,gordunni,480,warrior,arms,12,5,7
Victôr,silvermoon,480,warrior,arms,12,5,7
Фуджитаку,gordunni,480,warrior,arms,12,5,7
Шифик,soulflayer,480,warrior,arms,12,5,7
Äzathoth,silvermoon,480,warrior,arms,12,5,7
Oogaboogadps,silvermoon,480,warrior,arms,12,5,7
Tpyñåöädxzd,the-maelstrom,480,warrior,arms,12,5,7
Lïyah,eldrethalas,480,warrior,arms,12,5,7
Vitezandro,stormscale,480,warrior,arms,12,5,7
Epicc,alleria,480,warrior,arms,12,5,7
ßzv,veklor,480,warrior,arms,12,5,7
Brasta,malganis,480,warrior,arms,12,5,7
Kalopsia,drakthul,480,warrior,arms,12,5,7
Kramix,thrall,480,warrior,arms,12,5,7
Møgwai,sanguino,480,warrior,arms,12,5,7
Rohäc,drakthul,480,warrior,arms,12,5,7
Lydianite,stormrage,480,warrior,arms,12,5,7
Hitmanler,frostmane,480,warrior,arms,12,5,7
Onkra,malganis,480,warrior,arms,12,5,7
Vohnkar,emeriss,480,warrior,arms,12,5,7
Кисямур,soulflayer,480,warrior,arms,12,5,7
Budwise,stormscale,480,warrior,arms,12,5,7
Purjon,twilights-hammer,480,warrior,arms,12,5,7
Развалочка,howling-fjord,480,warrior,arms,16,6,10
Vexxenn,outland,480,warrior,arms,16,6,10
Heracles,jaedenar,480,warrior,arms,18,5,13
Kundrakiz,kazzak,480,warrior,arms,18,5,13
Lahzar,krasus,480,warrior,arms,18,5,13
Savedsky,zuljin,480,warrior,arms,18,5,13
Æxcoast,ravencrest,480,warrior,arms,18,5,13
Solgud,bloodfeather,480,warrior,arms,18,5,13
Carksn,blackmoore,480,warrior,arms,18,5,13
Belzebud,kazzak,480,warrior,arms,18,5,13
Sheñ,antonidas,480,warrior,arms,18,5,13
Elsinner,ravencrest,480,warrior,arms,18,5,13
Пробуюстерву,soulflayer,480,warrior,arms,18,5,13
Roykór,auchindoun,480,warrior,arms,18,5,13
Курящийпро,blackscar,480,warrior,arms,18,5,13
Voidteen,argent-dawn,480,warrior,arms,18,5,13
Jorund,archimonde,480,warrior,arms,24,5,19
Ludiboro,kazzak,480,warrior,arms,24,5,19
Gnolimits,antonidas,480,warrior,arms,24,5,19
Vhy,antonidas,480,warrior,arms,25,5,20
Ceteris,eredar,479,warrior,arms,6,5,1
Xtu,kazzak,479,warrior,arms,6,5,1
Saey,malorne,479,warrior,arms,6,5,1
Kronnosh,tarren-mill,479,warrior,arms,6,5,1
Relüx,ragnaros,479,warrior,arms,12,5,7
Спарттанка,gordunni,479,warrior,arms,12,5,7
Joesalamanca,ragnaros,479,warrior,arms,12,5,7
Dardi,blackrock,479,warrior,arms,12,5,7
Solle,blackrock,479,warrior,arms,12,5,7
Tötø,archimonde,479,warrior,arms,12,5,7
Maxilanthis,eonar,479,warrior,arms,12,5,7
Dúg,tarren-mill,479,warrior,arms,12,5,7
Voodoowarr,rexxar,479,warrior,arms,12,5,7
Caloomsa,hellfire,479,warrior,arms,12,5,7
Swtparanoid,sylvanas,479,warrior,arms,12,5,7
Svinks,sylvanas,479,warrior,arms,12,5,7
Meresin,madmortem,479,warrior,arms,12,5,7
Dragonforce,blackmoore,479,warrior,arms,12,5,7
Grèèn,turalyon,479,warrior,arms,12,5,7
Fréyaá,blackrock,479,warrior,arms,12,5,7
Shpitzu,stormscale,479,warrior,arms,12,5,7
Lezúziuszh,ragnaros,479,warrior,arms,17,7,10
Ravedeath,tarren-mill,479,warrior,arms,18,5,13
Vrokoda,quelthalas,479,warrior,arms,18,5,13
Auggies,outland,479,warrior,arms,18,5,13
Nightmareb,magtheridon,478,warrior,arms,12,5,7
Ghorinchai,khazgoroth,478,warrior,arms,12,5,7
Vlajko,kazzak,478,warrior,arms,12,5,7
Farxy,dun-modr,478,warrior,arms,12,5,7
Нириэла,howling-fjord,478,warrior,arms,18,5,13
Swordluw,argent-dawn,478,warrior,arms,18,5,13
Sahaminho,draenor,478,warrior,arms,18,5,13
Nierninwa,silvermoon,477,warrior,arms,12,5,7
Лидоний,gordunni,477,warrior,arms,12,5,7
Achsin,eredar,477,warrior,arms,15,6,9
Olagkhan,minahonda,476,warrior,arms,10,6,4
Àke,darksorrow,476,warrior,arms,18,5,13
Sheriff,dragonblight,475,warrior,arms,12,5,7
Roninwar,the-maelstrom,475,warrior,arms,12,5,7
Patriotdk,runetotem,472,warrior,arms,18,5,13
Execútioner,sylvanas,463,warrior,arms,11,5,6
Pillu,stormscale,448,warrior,arms,10,5,5
Duarel,blackmoore,448,warrior,arms,10,5,5
Midgardsormr,blackrock,447,warrior,arms,11,5,6
Kviqr,auchindoun,447,warrior,arms,11,5,6
Takethisduck,stormscale,447,warrior,arms,11,5,6
Чпонькмашина,soulflayer,447,warrior,arms,17,5,12
Kitano,garona,447,warrior,arms,23,5,18
Orkyu,stormrage,444,warrior,arms,11,5,6
Madswarrior,tarren-mill,431,warrior,arms,11,5,6
Warriar,sylvanas,426,warrior,arms,17,7,10
Bismárck,nathrezim,426,warrior,arms,15,6,9
Knî,archimonde,426,warrior,arms,15,6,9
Goreksson,aegwynn,426,warrior,arms,15,6,9
Leizey,stormscale,426,warrior,arms,15,6,9
Rathis,arathor,426,warrior,arms,24,6,18
Bujax,onyxia,416,warrior,arms,10,5,5
Prime,outland,416,warrior,arms,16,5,11
Ragnarr,ravencrest,416,warrior,arms,16,5,11
Вилькария,eversong,416,warrior,arms,16,5,11
Kìrìtosan,pozzo-delleternità,415,warrior,arms,8,5,3
Rhxy,burning-legion,415,warrior,arms,10,5,5
Kylian,aegwynn,415,warrior,arms,11,5,6
Brùtus,exodar,415,warrior,arms,11,5,6
Suduri,drakthul,415,warrior,arms,14,5,9
Биграма,howling-fjord,415,warrior,arms,14,5,9
Màndø,archimonde,415,warrior,arms,15,5,10
Danx,culte-de-la-rive-noire,413,warrior,arms,16,5,11
Varkoz,sylvanas,400,warrior,arms,7,5,2
Жекабустер,borean-tundra,399,warrior,arms,7,5,2
Garad,frostmane,384,warrior,arms,6,4,2
Shreedshot,blackmoore,384,warrior,arms,6,4,2
Бургерс,soulflayer,384,warrior,arms,6,4,2
Cmonbrah,ravencrest,384,warrior,arms,6,4,2
Anubisra,alakir,384,warrior,arms,6,4,2
Metawar,blackhand,384,warrior,arms,6,4,2
Thuder,sylvanas,384,warrior,arms,6,4,2
Rëvenge,burning-legion,384,warrior,arms,6,4,2
Имяужезанято,gordunni,384,warrior,arms,6,4,2
Swig,twisting-nether,384,warrior,arms,6,4,2
Sucemabanner,hyjal,384,warrior,arms,6,4,2
Slante,darksorrow,384,warrior,arms,6,4,2
Тандеракс,soulflayer,384,warrior,arms,6,4,2
Rimvar,alleria,384,warrior,arms,6,4,2
Måydåy,twisting-nether,384,warrior,arms,6,4,2
Agres,zuluhed,384,warrior,arms,6,4,2
Mokrakh,blackmoore,384,warrior,arms,6,4,2
Ветросвист,gordunni,384,warrior,arms,6,4,2
Zéox,baelgun,384,warrior,arms,6,4,2
Unchåined,burning-legion,384,warrior,arms,6,4,2
Kevlarsusan,the-maelstrom,384,warrior,arms,6,4,2
Haîltøkîng,alakir,384,warrior,arms,6,4,2
Ishíì,twisting-nether,384,warrior,arms,6,4,2
Фиббоначи,deathguard,384,warrior,arms,6,4,2
Olfik,drakthul,384,warrior,arms,6,4,2
Kirzan,silvermoon,384,warrior,arms,6,4,2
Ceen,alakir,384,warrior,arms,6,4,2
Reckxpeep,twisting-nether,384,warrior,arms,6,4,2
Lakri,chants-éternels,384,warrior,arms,6,4,2
Zeó,silvermoon,384,warrior,arms,6,4,2
Spiokra,hellscream,384,warrior,arms,6,4,2
Abrogatio,emeriss,384,warrior,arms,6,4,2
Goretterog,ysondre,384,warrior,arms,6,4,2
Rastaj,defias-brotherhood,384,warrior,arms,6,4,2
Voi,jaedenar,384,warrior,arms,6,4,2
Xladérz,ravencrest,384,warrior,arms,6,4,2
Aliyáhh,blackrock,384,warrior,arms,6,4,2
Susugar,ysondre,384,warrior,arms,6,4,2
Màrv,ravencrest,384,warrior,arms,6,4,2
Tirex,stormscale,384,warrior,arms,6,4,2
Flawla,blackmoore,384,warrior,arms,6,4,2
Dautis,dun-modr,384,warrior,arms,6,4,2
Wïn,silvermoon,384,warrior,arms,6,4,2
Pezuñaloca,shendralar,384,warrior,arms,6,4,2
Jäime,dun-modr,384,warrior,arms,6,4,2
Highbuffalo,kazzak,384,warrior,arms,6,4,2
Xtazen,draenor,384,warrior,arms,6,4,2
Yseras,aegwynn,384,warrior,arms,6,4,2
Kisoshi,tarren-mill,384,warrior,arms,6,4,2
Боссберс,howling-fjord,384,warrior,arms,6,4,2
Гигасмэш,gordunni,384,warrior,arms,6,4,2
Fîlzlaus,area-52,384,warrior,arms,6,4,2
Proffsét,ravencrest,384,warrior,arms,6,4,2
Dallion,azjolnerub,384,warrior,arms,6,4,2
Abunai,thrall,384,warrior,arms,6,4,2
Thorbjør,silvermoon,384,warrior,arms,6,4,2
Dräparren,ragnaros,384,warrior,arms,6,4,2
Elsiâs,aegwynn,384,warrior,arms,6,4,2
Zonash,kazzak,384,warrior,arms,6,4,2
Alaerion,magtheridon,384,warrior,arms,6,4,2
Sankuto,kazzak,384,warrior,arms,6,4,2
Beznacaj,outland,384,warrior,arms,6,4,2
Braveorc,kazzak,384,warrior,arms,6,4,2
Pappyza,hyjal,384,warrior,arms,6,4,2
Кринжеверт,howling-fjord,384,warrior,arms,6,4,2
Youstupide,drekthar,384,warrior,arms,6,4,2
Mayback,pozzo-delleternità,384,warrior,arms,6,4,2
Forsi,draenor,384,warrior,arms,6,4,2
Chmg,kirin-tor,384,warrior,arms,6,4,2
Sunney,tarren-mill,384,warrior,arms,6,4,2
Ddfxz,draenor,384,warrior,arms,6,4,2
Swaàg,archimonde,384,warrior,arms,6,4,2
Eseishard,hyjal,384,warrior,arms,6,4,2
Détaire,archimonde,384,warrior,arms,6,4,2
Qvicfrito,ravencrest,384,warrior,arms,6,4,2
Bigbosscho,draenor,384,warrior,arms,6,4,2
Bìgre,la-croisade-écarlate,384,warrior,arms,6,4,2
Tejkopejko,kazzak,384,warrior,arms,6,4,2
Лагалиер,borean-tundra,384,warrior,arms,6,4,2
Baluste,culte-de-la-rive-noire,384,warrior,arms,6,4,2
Delvirx,draenor,384,warrior,arms,6,4,2
Vandarms,archimonde,384,warrior,arms,6,4,2
Ansàvage,kazzak,384,warrior,arms,6,4,2
Ricovega,kazzak,384,warrior,arms,6,4,2
Fknslow,ravencrest,384,warrior,arms,6,4,2
Warzër,archimonde,384,warrior,arms,6,4,2
Tweener,azjolnerub,384,warrior,arms,8,4,4
Merkakis,argent-dawn,384,warrior,arms,15,5,10
Mórghúlís,aegwynn,384,warrior,arms,12,4,8
Альмас,galakrond,384,warrior,arms,12,4,8
Luciferkhan,twisting-nether,384,warrior,arms,12,4,8
Deckluhm,sinstralis,384,warrior,arms,12,4,8
Grunkor,eldrethalas,384,warrior,arms,12,4,8
Brokenrage,twisting-nether,384,warrior,arms,12,4,8
Gigac,ragnaros,384,warrior,arms,12,4,8
Ouryuu,hyjal,384,warrior,arms,12,4,8
Zeover,ragnaros,384,warrior,arms,12,4,8
Heclatos,hyjal,384,warrior,arms,12,4,8
Xavari,twisting-nether,384,warrior,arms,12,4,8
Blackzor,ragnaros,384,warrior,arms,12,4,8
Wilko,twisting-nether,384,warrior,arms,12,4,8
Фаталлес,galakrond,384,warrior,arms,12,4,8
Gór,area-52,384,warrior,arms,12,4,8
Syel,sinstralis,384,warrior,arms,12,4,8
Sebotagelol,twisting-nether,384,warrior,arms,12,4,8
Eýoe,ragnaros,384,warrior,arms,12,4,8
Potatoslam,twisting-nether,384,warrior,arms,12,4,8
Invictàs,hyjal,384,warrior,arms,12,4,8
Nameless,malganis,384,warrior,arms,12,4,8
Totenkrieger,draenor,384,warrior,arms,12,4,8
Rfgpwhfgjawr,ravencrest,384,warrior,arms,12,4,8
Ceojohnny,ravencrest,384,warrior,arms,12,4,8
Stanislav,tarren-mill,384,warrior,arms,12,4,8
Hulkkis,outland,384,warrior,arms,12,4,8
Gkhan,draenor,384,warrior,arms,12,4,8
Sovax,ravencrest,384,warrior,arms,12,4,8
Ellissari,tirion,384,warrior,arms,12,4,8
Auguston,argent-dawn,384,warrior,arms,12,4,8
Pillorrior,ambossar,384,warrior,arms,12,4,8
Øzak,outland,384,warrior,arms,12,4,8
Azdrubal,outland,384,warrior,arms,12,4,8
Вамвоосна,gordunni,384,warrior,arms,12,4,8
Oesche,frostmourne,384,warrior,arms,12,4,8
Ceb,drakthul,384,warrior,arms,12,4,8
Farewe,lightbringer,384,warrior,arms,12,4,8
Woghard,drakthul,384,warrior,arms,12,4,8
Brisky,tarren-mill,384,warrior,arms,12,4,8
Frankius,ravencrest,384,warrior,arms,12,4,8
Executorä,stormscale,384,warrior,arms,12,4,8
Skyrrskyr,blackrock,384,warrior,arms,12,4,8
Mârcxb,antonidas,384,warrior,arms,12,4,8
Chadgarrosh,tarren-mill,384,warrior,arms,12,4,8
Sorô,antonidas,384,warrior,arms,12,4,8
Dataproffs,outland,384,warrior,arms,12,4,8
Веоленс,gordunni,384,warrior,arms,12,4,8
Rïven,los-errantes,384,warrior,arms,12,4,8
Hiraclès,archimonde,384,warrior,arms,12,4,8
Rastov,argent-dawn,384,warrior,arms,12,4,8
Gromock,the-maelstrom,384,warrior,arms,12,4,8
Guarn,archimonde,384,warrior,arms,12,4,8
Сэмвариор,gordunni,384,warrior,arms,12,4,8
Raynorwarr,tarren-mill,384,warrior,arms,12,4,8
Osteskanken,ravencrest,384,warrior,arms,12,4,8
Stuffed,blackrock,384,warrior,arms,12,4,8
Arxnamus,silvermoon,384,warrior,arms,12,4,8
Sveñor,the-maelstrom,384,warrior,arms,12,4,8
Stragga,eredar,384,warrior,arms,12,4,8
Фаллопиев,borean-tundra,384,warrior,arms,12,4,8
Grokalus,eredar,384,warrior,arms,12,4,8
Gregórry,eredar,384,warrior,arms,12,4,8
Gorok,culte-de-la-rive-noire,384,warrior,arms,12,4,8
Adorlyna,silvermoon,384,warrior,arms,12,4,8
Rindermett,eredar,384,warrior,arms,12,4,8
Haldrium,malganis,384,warrior,arms,12,4,8
Schjøtt,ravencrest,384,warrior,arms,12,4,8
Lazaza,tarren-mill,384,warrior,arms,12,4,8
Khvor,blackmoore,384,warrior,arms,12,4,8
Xállek,veknilash,384,warrior,arms,12,4,8
Willadimore,ravencrest,384,warrior,arms,12,4,8
Jesuisgaydsl,archimonde,384,warrior,arms,12,4,8
Rngcarrier,sylvanas,384,warrior,arms,12,4,8
Nerfslam,stormscale,384,warrior,arms,12,4,8
Zyou,stormscale,384,warrior,arms,12,4,8
Wildblow,ravencrest,384,warrior,arms,12,4,8
Cryos,destromath,384,warrior,arms,12,4,8
Модныйклык,eversong,384,warrior,arms,12,4,8
Eldaroar,draenor,384,warrior,arms,12,4,8
Linberg,ysondre,384,warrior,arms,12,4,8
Jeyay,defias-brotherhood,384,warrior,arms,12,4,8
Fattysw,argent-dawn,384,warrior,arms,12,4,8
Kgx,argent-dawn,384,warrior,arms,12,4,8
Oglisten,archimonde,384,warrior,arms,12,4,8
Brrochacho,defias-brotherhood,384,warrior,arms,12,4,8
Craftorar,defias-brotherhood,384,warrior,arms,12,4,8
Dwarfdruine,dun-modr,384,warrior,arms,12,4,8
Starkz,hellscream,384,warrior,arms,12,4,8
Sonyd,tarren-mill,384,warrior,arms,12,4,8
Chrid,silvermoon,384,warrior,arms,12,4,8
Whyduck,silvermoon,384,warrior,arms,12,4,8
Péter,arathor,384,warrior,arms,12,4,8
Ryuma,lordaeron,384,warrior,arms,12,4,8
Yakhshar,silvermoon,384,warrior,arms,12,4,8
Ærion,die-aldor,384,warrior,arms,12,4,8
Iiam,kilrogg,384,warrior,arms,12,4,8
Minetaur,burning-legion,384,warrior,arms,12,4,8
Дахирарг,fordragon,384,warrior,arms,12,4,8
Анусбрейкер,soulflayer,384,warrior,arms,12,4,8
Ambraxon,blackmoore,384,warrior,arms,12,4,8
Flugan,vashj,384,warrior,arms,12,4,8
Ðræberen,kazzak,384,warrior,arms,12,4,8
Karadayii,blackmoore,384,warrior,arms,12,4,8
Арристокррат,soulflayer,384,warrior,arms,12,4,8
Marablind,drakthul,384,warrior,arms,12,4,8
Илди,soulflayer,384,warrior,arms,12,4,8
Hubusan,blackmoore,384,warrior,arms,12,4,8
Borion,blackmoore,384,warrior,arms,12,4,8
Phalek,ravencrest,384,warrior,arms,14,4,10
Omcat,dun-modr,384,warrior,arms,27,6,21
Bisuko,archimonde,384,warrior,arms,18,4,14
Pantsupic,archimonde,384,warrior,arms,18,4,14
Wifioffline,silvermoon,384,warrior,arms,18,4,14
Rukkeg,silvermoon,384,warrior,arms,18,4,14
Xxenaa,drakthul,384,warrior,arms,18,4,14
Маллал,soulflayer,384,warrior,arms,18,4,14
Erololi,sanguino,384,warrior,arms,18,4,14
Vanaxd,blackrock,384,warrior,arms,20,4,16
Gallows,blackmoore,384,warrior,arms,24,4,20
Angrytmyself,silvermoon,383,warrior,arms,6,4,2
Thylegorn,argent-dawn,383,warrior,arms,6,4,2
Димаджер,razuvious,383,warrior,arms,6,4,2
Ironstep,silvermoon,383,warrior,arms,6,4,2
Красаучик,razuvious,383,warrior,arms,6,4,2
Adelphi,blackrock,383,warrior,arms,6,4,2
Халиоссф,gordunni,383,warrior,arms,9,5,4
Варинуб,soulflayer,383,warrior,arms,12,6,6
Иалаи,howling-fjord,383,warrior,arms,8,4,4
Nélow,khaz-modan,383,warrior,arms,12,4,8
Familyguy,sylvanas,383,warrior,arms,12,4,8
Bassenheim,deathwing,383,warrior,arms,12,4,8
Ileei,kazzak,383,warrior,arms,12,4,8
Vcorvin,dun-modr,383,warrior,arms,12,4,8
Dundee,sanguino,383,warrior,arms,12,4,8
Варзибейра,blackscar,383,warrior,arms,12,4,8
Alhexander,dun-modr,383,warrior,arms,12,4,8
Scill,silvermoon,383,warrior,arms,12,4,8
Nêithan,dun-modr,383,warrior,arms,18,4,14
Xonnico,ravencrest,383,warrior,arms,18,4,14
Dracos,mannoroth,383,warrior,arms,18,4,14
Maxai,outland,382,warrior,arms,6,4,2
Aethwa,stormscale,382,warrior,arms,6,4,2
Fatbud,tarren-mill,382,warrior,arms,6,4,2
Brindzema,doomhammer,382,warrior,arms,6,4,2
Nuxx,tarren-mill,382,warrior,arms,12,4,8
Rimz,blackmoore,382,warrior,arms,12,4,8
Эсканорд,gordunni,382,warrior,arms,18,4,14
Epmeowpewpew,turalyon,382,warrior,arms,18,4,14
Аскольд,deathguard,379,warrior,arms,12,4,8
Отсекатель,howling-fjord,367,warrior,arms,17,4,13
Oxascand,kazzak,367,warrior,arms,17,4,13
Свинореззка,howling-fjord,352,warrior,arms,10,4,6
Mynoona,stormscale,351,warrior,arms,11,4,7
Upholder,xavius,351,warrior,arms,11,4,7
Shînta,hyjal,351,warrior,arms,11,4,7
Hofmanntv,alakir,336,warrior,arms,15,4,11
Dyingdog,kazzak,320,warrior,arms,10,4,6
Scarlettjo,outland,320,warrior,arms,10,4,6
Babb,kazzak,319,warrior,arms,5,4,1
Тоштайн,gordunni,319,warrior,arms,5,4,1
Elendurel,outland,319,warrior,arms,5,4,1
Kegslayer,darksorrow,319,warrior,arms,8,4,4
Savaski,thrall,304,warrior,arms,7,4,3
Warrez,azuremyst,304,warrior,arms,7,4,3
Flürix,outland,288,warrior,arms,6,3,3
Vãnquish,archimonde,288,warrior,arms,6,3,3
Indiannaa,draenor,288,warrior,arms,6,3,3
Risara,outland,288,warrior,arms,6,3,3
Rézinplin,archimonde,288,warrior,arms,6,3,3
Rådne,argent-dawn,288,warrior,arms,6,3,3
Neaka,archimonde,288,warrior,arms,6,3,3
Dðni,archimonde,288,warrior,arms,6,3,3
Bundo,outland,288,warrior,arms,6,3,3
Cerßêre,archimonde,288,warrior,arms,6,3,3
Srbooty,kazzak,288,warrior,arms,6,3,3
Afes,kazzak,288,warrior,arms,6,3,3
Warriur,outland,288,warrior,arms,6,3,3
Mønzie,outland,288,warrior,arms,6,3,3
Critwar,draenor,288,warrior,arms,6,3,3
Bigbanz,outland,288,warrior,arms,6,3,3
Boig,ragnaros,288,warrior,arms,6,3,3
Spearmisser,argent-dawn,288,warrior,arms,6,3,3
Klistertejp,argent-dawn,288,warrior,arms,6,3,3
Xsasuke,ragnaros,288,warrior,arms,6,3,3
Даммодар,howling-fjord,288,warrior,arms,6,3,3
Baxyra,aegwynn,288,warrior,arms,6,3,3
Greatsword,turalyon,288,warrior,arms,6,3,3
Неомх,howling-fjord,288,warrior,arms,6,3,3
Instamerk,doomhammer,288,warrior,arms,6,3,3
Farnorn,kazzak,288,warrior,arms,6,3,3
Titanioa,draenor,288,warrior,arms,6,3,3
Glevran,turalyon,288,warrior,arms,6,3,3
Evís,ragnaros,288,warrior,arms,6,3,3
Contdem,kazzak,288,warrior,arms,6,3,3
Дзертуф,fordragon,288,warrior,arms,6,3,3
Slayermaxx,kazzak,288,warrior,arms,6,3,3
Lìcious,outland,288,warrior,arms,6,3,3
Alaë,archimonde,288,warrior,arms,6,3,3
Mauricet,elune,288,warrior,arms,6,3,3
Pwncallxx,kazzak,288,warrior,arms,6,3,3
Robitusin,ragnaros,288,warrior,arms,6,3,3
Goochi,turalyon,288,warrior,arms,6,3,3
Суферна,howling-fjord,288,warrior,arms,6,3,3
Mightyrage,draenor,288,warrior,arms,6,3,3
Frenzyqt,zuljin,288,warrior,arms,6,3,3
Rîiper,ysondre,288,warrior,arms,6,3,3
Jayus,stormrage,288,warrior,arms,6,3,3
Venturez,stormscale,288,warrior,arms,6,3,3
Kheiden,silvermoon,288,warrior,arms,6,3,3
Alvis,nathrezim,288,warrior,arms,6,3,3
Aedin,ravencrest,288,warrior,arms,6,3,3
Mightyzuv,the-maelstrom,288,warrior,arms,6,3,3
Toleck,aegwynn,288,warrior,arms,6,3,3
Virginity,sylvanas,288,warrior,arms,6,3,3
Waron,dalaran,288,warrior,arms,6,3,3
Moorgoth,ysondre,288,warrior,arms,6,3,3
Изикол,blackscar,288,warrior,arms,6,3,3
Zalameh,sylvanas,288,warrior,arms,6,3,3
Iamouz,ravencrest,288,warrior,arms,6,3,3
Кроуфури,gordunni,288,warrior,arms,6,3,3
Møtomoto,defias-brotherhood,288,warrior,arms,6,3,3
Imherhusband,ravencrest,288,warrior,arms,6,3,3
Ragewin,kelthuzad,288,warrior,arms,6,3,3
Ланат,ashenvale,288,warrior,arms,6,3,3
Дуухаст,gordunni,288,warrior,arms,6,3,3
Grók,outland,288,warrior,arms,6,3,3
Pector,grim-batol,288,warrior,arms,6,3,3
Träglik,thrall,288,warrior,arms,6,3,3
Mauser,thrall,288,warrior,arms,6,3,3
Eradya,ravencrest,288,warrior,arms,6,3,3
Bolss,silvermoon,288,warrior,arms,6,3,3
Розети,gordunni,288,warrior,arms,6,3,3
Issus,aggra-português,288,warrior,arms,6,3,3
Hanibalbarca,tarren-mill,288,warrior,arms,6,3,3
Smásher,thrall,288,warrior,arms,6,3,3
Warriotrix,tarren-mill,288,warrior,arms,6,3,3
Krisusama,ravencrest,288,warrior,arms,6,3,3
Raïgã,hyjal,288,warrior,arms,6,3,3
Mashamasha,twisting-nether,288,warrior,arms,6,3,3
Airethon,proudmoore,288,warrior,arms,6,3,3
Vajira,blackrock,288,warrior,arms,6,3,3
Somalisktjur,tarren-mill,288,warrior,arms,6,3,3
Экзекуторх,gordunni,288,warrior,arms,6,3,3
Warwarsat,ysondre,288,warrior,arms,6,3,3
Randix,antonidas,288,warrior,arms,6,3,3
Jammy,dentarg,288,warrior,arms,6,3,3
Tinydik,stormscale,288,warrior,arms,6,3,3
Stompare,tarren-mill,288,warrior,arms,6,3,3
Drekh,kazzak,288,warrior,arms,6,3,3
Ликано,greymane,288,warrior,arms,6,3,3
Rasvamaksa,stormscale,288,warrior,arms,6,3,3
Bânkai,aegwynn,288,warrior,arms,6,3,3
Razza,ravencrest,288,warrior,arms,6,3,3
Ranndall,blackrock,288,warrior,arms,6,3,3
Kàinen,nemesis,288,warrior,arms,6,3,3
Zersei,los-errantes,288,warrior,arms,6,3,3
Deniosan,blackhand,288,warrior,arms,6,3,3
Инкула,gordunni,288,warrior,arms,6,3,3
Бравурный,gordunni,288,warrior,arms,6,3,3
Ashkandur,antonidas,288,warrior,arms,6,3,3
Zleyni,blackrock,288,warrior,arms,6,3,3
Xqty,ravencrest,288,warrior,arms,6,3,3
Suizix,blackrock,288,warrior,arms,6,3,3
Retter,ravencrest,288,warrior,arms,6,3,3
Tyrasia,hyjal,288,warrior,arms,6,3,3
Flava,drakthul,288,warrior,arms,6,3,3
Hydracleave,ravencrest,288,warrior,arms,6,3,3
Чтота,gordunni,288,warrior,arms,6,3,3
Pouckette,hyjal,288,warrior,arms,6,3,3
Xaidos,antonidas,288,warrior,arms,6,3,3
Sóuler,blackhand,288,warrior,arms,6,3,3
Fantawesome,ragnaros,288,warrior,arms,6,3,3
Féélmyfury,tarren-mill,288,warrior,arms,6,3,3
Кросвуд,gordunni,288,warrior,arms,6,3,3
Грассфеникс,gordunni,288,warrior,arms,6,3,3
Lödbrök,dalaran,288,warrior,arms,6,3,3
Lepka,drakthul,288,warrior,arms,6,3,3
Luckyfelix,blackmoore,288,warrior,arms,6,3,3
Topur,defias-brotherhood,288,warrior,arms,6,3,3
Kampfrausch,blackmoore,288,warrior,arms,6,3,3
Xiphiatwo,ravencrest,288,warrior,arms,6,3,3
Raistwar,magtheridon,288,warrior,arms,6,3,3
Rianhh,tarren-mill,288,warrior,arms,6,3,3
Xiom,blackrock,288,warrior,arms,6,3,3
Mogguh,tarren-mill,288,warrior,arms,6,3,3
Styxwr,blackhand,288,warrior,arms,6,3,3
Стальнойорех,gordunni,288,warrior,arms,6,3,3
Lacos,drakthul,288,warrior,arms,6,3,3
Khorgash,ravencrest,288,warrior,arms,6,3,3
Фогивэн,gordunni,288,warrior,arms,6,3,3
Elainax,eredar,288,warrior,arms,6,3,3
Alphyn,veknilash,288,warrior,arms,6,3,3
Madbert,drakthul,288,warrior,arms,6,3,3
Resttanis,arathor,288,warrior,arms,6,3,3
Mobyl,twisting-nether,288,warrior,arms,6,3,3
Tankdepalo,sanguino,288,warrior,arms,6,3,3
Nofêar,anubarak,288,warrior,arms,6,3,3
Sktnsilv,malfurion,288,warrior,arms,6,3,3
Enkö,twisting-nether,288,warrior,arms,6,3,3
Waescanor,ragnaros,288,warrior,arms,6,3,3
Tojaraa,kazzak,288,warrior,arms,6,3,3
Jimli,malygos,288,warrior,arms,6,3,3
Miniwitts,ravencrest,288,warrior,arms,6,3,3
Îgris,sanguino,288,warrior,arms,6,3,3
Barbatos,saurfang,288,warrior,arms,6,3,3
Bigmalx,darkspear,288,warrior,arms,6,3,3
Koffìe,tarren-mill,288,warrior,arms,6,3,3
Kronner,blackmoore,288,warrior,arms,6,3,3
Stãrscream,ysondre,288,warrior,arms,6,3,3
Allmight,gorgonnash,288,warrior,arms,6,3,3
Варбаул,soulflayer,288,warrior,arms,6,3,3
Sïmstärxzy,hakkar,288,warrior,arms,6,3,3
Kindface,the-maelstrom,288,warrior,arms,6,3,3
Raivorouva,stormreaver,288,warrior,arms,6,3,3
Twelvearmsun,tarren-mill,288,warrior,arms,6,3,3
Hatefull,onyxia,288,warrior,arms,6,3,3
Топлюзаорду,borean-tundra,288,warrior,arms,6,3,3
Béhrus,blackmoore,288,warrior,arms,6,3,3
Venomflex,sanguino,288,warrior,arms,6,3,3
Extrémex,stormscale,288,warrior,arms,6,3,3
Фэймстар,soulflayer,288,warrior,arms,6,3,3
Culwyn,frostmane,288,warrior,arms,6,3,3
Nahkampfnoob,blackmoore,288,warrior,arms,6,3,3
Drengr,blackhand,288,warrior,arms,6,3,3
Galganiec,burning-legion,288,warrior,arms,6,3,3
Freelongx,stormscale,288,warrior,arms,6,3,3
Синглдем,gordunni,288,warrior,arms,6,3,3
Mòóds,malganis,288,warrior,arms,6,3,3
Crimmwarr,aegwynn,288,warrior,arms,6,3,3
Mukcho,sylvanas,288,warrior,arms,6,3,3
Nuhilug,tarren-mill,288,warrior,arms,6,3,3
Lawkh,sanguino,288,warrior,arms,6,3,3
Lovehope,stormscale,288,warrior,arms,6,3,3
Ididntbindit,stormscale,288,warrior,arms,6,3,3
Morgendämeru,baelgun,288,warrior,arms,6,3,3
Fnoon,taerar,288,warrior,arms,6,3,3
Wellus,silvermoon,288,warrior,arms,6,3,3
Kyraeth,defias-brotherhood,288,warrior,arms,6,3,3
Onoclus,sylvanas,288,warrior,arms,6,3,3
Hemèra,hyjal,288,warrior,arms,6,3,3
Ttz,tarren-mill,288,warrior,arms,6,3,3
Goinhamx,blackhand,288,warrior,arms,6,3,3
Elyozz,silvermoon,288,warrior,arms,6,3,3
Blinkcharge,frostmane,288,warrior,arms,6,3,3
Willywolxx,silvermoon,288,warrior,arms,6,3,3
Bootyclapper,runetotem,288,warrior,arms,6,3,3
Whiskes,silvermoon,288,warrior,arms,6,3,3
Sharn,emeriss,288,warrior,arms,6,3,3
Tommytorres,stormscale,288,warrior,arms,6,3,3
Ragnärey,voljin,288,warrior,arms,6,3,3
Crangle,draenor,288,warrior,arms,9,4,5
Suwarri,antonidas,288,warrior,arms,9,4,5
Elesharde,sanguino,288,warrior,arms,9,4,5
Ëlränger,dun-modr,288,warrior,arms,9,4,5
Alopunch,kazzak,288,warrior,arms,9,4,5
Elkatar,stormscale,288,warrior,arms,9,3,6
Kuchîoff,uldaman,288,warrior,arms,10,3,7
Gloindal,pozzo-delleternità,288,warrior,arms,12,3,9
Rychu,hellfire,288,warrior,arms,12,3,9
Telrion,silvermoon,288,warrior,arms,12,3,9
Bozwa,silvermoon,288,warrior,arms,12,3,9
Romic,guldan,288,warrior,arms,12,3,9
Sibbo,destromath,288,warrior,arms,12,3,9
Willraxx,draenor,288,warrior,arms,12,3,9
Qdex,kazzak,288,warrior,arms,12,3,9
Варкрафтор,howling-fjord,288,warrior,arms,12,3,9
Danaüs,twisting-nether,288,warrior,arms,12,3,9
Bolvarson,malganis,288,warrior,arms,12,3,9
Skarnir,blackhand,288,warrior,arms,12,3,9
Xtylu,cthun,288,warrior,arms,12,3,9
Raithwall,stormreaver,288,warrior,arms,12,3,9
Syruz,malganis,288,warrior,arms,12,3,9
Nerdcorex,blackrock,288,warrior,arms,12,3,9
Blxxwar,blackmoore,288,warrior,arms,12,3,9
Оверфлок,howling-fjord,288,warrior,arms,12,3,9
Grodor,alakir,288,warrior,arms,12,3,9
Stoutsteel,kazzak,288,warrior,arms,12,3,9
Lukkass,ravencrest,288,warrior,arms,12,3,9
Турбобулка,gordunni,288,warrior,arms,12,3,9
Тирхо,gordunni,288,warrior,arms,12,3,9
Khaczer,thunderhorn,288,warrior,arms,12,3,9
Pvpstyle,bloodscalp,288,warrior,arms,12,3,9
Камрадшторм,borean-tundra,288,warrior,arms,12,3,9
Worcan,blackmoore,288,warrior,arms,12,3,9
Warzaph,ravencrest,288,warrior,arms,12,3,9
Амбробенне,soulflayer,288,warrior,arms,12,3,9
Btkayy,tarren-mill,288,warrior,arms,12,3,9
Вениамин,fordragon,288,warrior,arms,12,3,9
Snissel,guldan,288,warrior,arms,12,3,9
Poluneikos,turalyon,288,warrior,arms,12,3,9
Maxxiwumms,amanthul,288,warrior,arms,12,3,9
Warbringer,ravencrest,288,warrior,arms,12,3,9
Pulx,dun-modr,288,warrior,arms,12,3,9
Aiwar,tarren-mill,288,warrior,arms,12,3,9
Algazarra,aggra-português,288,warrior,arms,12,3,9
Simplyautism,silvermoon,288,warrior,arms,12,3,9
Romzz,malganis,288,warrior,arms,12,3,9
Awewar,crushridge,288,warrior,arms,12,3,9
Pnizsz,draenor,288,warrior,arms,12,3,9
Sorryforwhat,stormscale,288,warrior,arms,12,3,9
Jimbock,eredar,288,warrior,arms,12,3,9
Экзекутэр,soulflayer,288,warrior,arms,12,3,9
Ysmay,dun-morogh,288,warrior,arms,12,3,9
Burbidge,silvermoon,288,warrior,arms,12,3,9
Conarconarik,zuluhed,288,warrior,arms,12,3,9
Buncljin,draenor,288,warrior,arms,12,3,9
Tøytank,twisting-nether,288,warrior,arms,12,3,9
Flexay,archimonde,288,warrior,arms,12,3,9
Mercûry,stormscale,288,warrior,arms,12,3,9
Jivua,blackrock,288,warrior,arms,12,3,9
Gabbz,aggra-português,288,warrior,arms,12,3,9
Spacemachine,kazzak,288,warrior,arms,12,3,9
Danrel,dalaran,288,warrior,arms,12,3,9
Ivailowar,ravencrest,288,warrior,arms,12,3,9
Азизос,gordunni,288,warrior,arms,12,3,9
Renix,auchindoun,288,warrior,arms,12,3,9
Gladiatoor,terenas,288,warrior,arms,12,3,9
Smökey,silvermoon,288,warrior,arms,12,3,9
Argean,argent-dawn,288,warrior,arms,12,3,9
Kookwr,aggra-português,288,warrior,arms,12,3,9
Brooktar,sanguino,288,warrior,arms,12,3,9
Uthric,azuremyst,288,warrior,arms,12,3,9
Lalilulelo,argent-dawn,288,warrior,arms,12,3,9
Zhodd,zuljin,288,warrior,arms,12,3,9
Ervanw,sylvanas,288,warrior,arms,17,3,14
Cassetibiat,rashgarroth,288,warrior,arms,18,3,15
Rimstealer,tarren-mill,288,warrior,arms,18,3,15
Djiozz,khaz-modan,288,warrior,arms,18,3,15
Marax,spinebreaker,288,warrior,arms,18,3,15
Niouswar,kazzak,288,warrior,arms,18,3,15
Teñseî,archimonde,287,warrior,arms,6,3,3
Mercaderx,stormscale,287,warrior,arms,6,3,3
Ríght,auchindoun,287,warrior,arms,6,3,3
Ironkee,kazzak,287,warrior,arms,6,3,3
Хелледрин,azuregos,287,warrior,arms,6,3,3
Ymïrjar,sanguino,287,warrior,arms,12,3,9
Akawan,ravencrest,287,warrior,arms,12,3,9
Falaliss,elune,287,warrior,arms,12,3,9
Freakzy,blackhand,287,warrior,arms,12,3,9
Ayatolah,kazzak,287,warrior,arms,12,3,9
Yuushi,doomhammer,286,warrior,arms,12,3,9
Себаст,galakrond,286,warrior,arms,12,3,9
Пунишерс,howling-fjord,286,warrior,arms,12,3,9
Thoon,teldrassil,284,warrior,arms,12,3,9
Galidras,nemesis,271,warrior,arms,11,3,8
Evèllon,blackmoore,271,warrior,arms,11,3,8
Warbringér,ravencrest,271,warrior,arms,11,3,8
Gwagonbrabus,twisting-nether,271,warrior,arms,17,3,14
Kanyequest,bloodhoof,266,warrior,arms,15,5,10
Jvpx,silvermoon,256,warrior,arms,10,3,7
Angrethar,tarren-mill,255,warrior,arms,8,4,4
Ânaxi,silvermoon,255,warrior,arms,11,3,8
Nurream,ravencrest,255,warrior,arms,11,3,8
Uki,kazzak,255,warrior,arms,11,3,8
Legharta,tarren-mill,240,warrior,arms,9,3,6
Ahlda,hyjal,240,warrior,arms,15,3,12
Renji,proudmoore,239,warrior,arms,5,3,2
Sloody,ravencrest,239,warrior,arms,5,3,2
Keffboi,draenor,239,warrior,arms,5,3,2
Ntouziera,silvermoon,239,warrior,arms,5,3,2
Inselmo,grim-batol,239,warrior,arms,5,3,2
Sarma,trollbane,239,warrior,arms,5,3,2
Bubidiblumxq,twisting-nether,239,warrior,arms,9,4,5
Xeonair,kazzak,234,warrior,arms,8,4,4
Tstrike,silvermoon,234,warrior,arms,9,4,5
Myshu,ravencrest,234,warrior,arms,14,4,10
Enÿo,stormscale,234,warrior,arms,23,6,17
Шрекинатор,soulflayer,208,warrior,arms,7,3,4
Brutariz,silvermoon,208,warrior,arms,7,3,4
Rhw,tarren-mill,208,warrior,arms,13,3,10
Sargonas,burning-blade,192,warrior,arms,4,3,1
Epimeno,tarren-mill,192,warrior,arms,4,3,1
Toptier,drakthul,192,warrior,arms,4,3,1
Teljii,blackmoore,192,warrior,arms,4,3,1
Iclickbutton,kazzak,192,warrior,arms,9,3,6
Leonídás,blackhand,192,warrior,arms,9,3,6
Wowbert,frostwolf,192,warrior,arms,9,3,6
Oceangg,silvermoon,192,warrior,arms,9,3,6
Scootter,ravencrest,192,warrior,arms,9,3,6
Balferenfgt,magtheridon,192,warrior,arms,9,3,6
Sxng,deathwing,192,warrior,arms,6,2,4
Kerando,tirion,192,warrior,arms,6,2,4
Highoverlord,aggra-português,192,warrior,arms,6,2,4
Boji,twisting-nether,192,warrior,arms,6,2,4
Shakz,argent-dawn,192,warrior,arms,6,2,4
Artaas,drakthul,192,warrior,arms,6,2,4
Spaiché,azshara,192,warrior,arms,6,2,4
Chargezon,drakthul,192,warrior,arms,6,2,4
Guttormur,dragonblight,192,warrior,arms,6,2,4
Iordmatesp,drakthul,192,warrior,arms,6,2,4
Гудмунт,borean-tundra,192,warrior,arms,6,2,4
Watsabe,kazzak,192,warrior,arms,6,2,4
Aliáto,sanguino,192,warrior,arms,6,2,4
Eyolf,thunderhorn,192,warrior,arms,6,2,4
Æyra,durotan,192,warrior,arms,6,2,4
Centuriôn,sanguino,192,warrior,arms,6,2,4
Адамз,gordunni,192,warrior,arms,6,2,4
Amphie,silvermoon,192,warrior,arms,6,2,4
Tacco,ravencrest,192,warrior,arms,6,2,4
Ghorgutz,kazzak,192,warrior,arms,6,2,4
Greybâck,alleria,192,warrior,arms,6,2,4
Bennybryt,frostmane,192,warrior,arms,6,2,4
Okke,thunderhorn,192,warrior,arms,6,2,4
Mino,theradras,192,warrior,arms,6,2,4
Vexari,twisting-nether,192,warrior,arms,6,2,4
Очепенец,soulflayer,192,warrior,arms,6,2,4
Jdcw,chamber-of-aspects,192,warrior,arms,6,2,4
Прикурил,gordunni,192,warrior,arms,6,2,4
Jaffacakes,kazzak,192,warrior,arms,6,2,4
Seghrim,drakthul,192,warrior,arms,6,2,4
Aeres,bladefist,192,warrior,arms,6,2,4
Kladers,ravencrest,192,warrior,arms,6,2,4
Cjak,pozzo-delleternità,192,warrior,arms,6,2,4
Sinkiss,archimonde,192,warrior,arms,6,2,4
Bigestdamugr,stormscale,192,warrior,arms,6,2,4
Røcksteady,festung-der-stürme,192,warrior,arms,6,2,4
Schwarzkoviç,hyjal,192,warrior,arms,6,2,4
Gymhan,the-shatar,192,warrior,arms,6,2,4
Sambaswiss,kazzak,192,warrior,arms,6,2,4
Meìlie,outland,192,warrior,arms,6,2,4
Connorzqt,ravencrest,192,warrior,arms,6,2,4
Rastaboo,ravencrest,192,warrior,arms,6,2,4
Baylis,kazzak,192,warrior,arms,6,2,4
Darkbehemoth,kazzak,192,warrior,arms,6,2,4
Warrlee,ravencrest,192,warrior,arms,6,2,4
Bulbasaur,twisting-nether,192,warrior,arms,6,2,4
Guryn,sanguino,192,warrior,arms,6,2,4
Bukî,blackmoore,192,warrior,arms,6,2,4
Akkamagosh,argent-dawn,192,warrior,arms,6,2,4
Kharabik,silvermoon,192,warrior,arms,6,2,4
Ratnìk,stormscale,192,warrior,arms,6,2,4
Turdgurgler,executus,192,warrior,arms,6,2,4
Gardom,doomhammer,192,warrior,arms,6,2,4
Enzylolz,sanguino,192,warrior,arms,6,2,4
Tinker,crushridge,192,warrior,arms,6,2,4
Apolyptica,blackmoore,192,warrior,arms,6,2,4
Jaeru,archimonde,192,warrior,arms,6,2,4
Truepassion,outland,192,warrior,arms,6,2,4
Astrid,rajaxx,192,warrior,arms,6,2,4
Svepscumata,twisting-nether,192,warrior,arms,6,2,4
Lildiabeto,darkspear,192,warrior,arms,6,2,4
Borntothis,zuljin,192,warrior,arms,6,2,4
Discoklaus,blackmoore,192,warrior,arms,6,2,4
Труска,ashenvale,192,warrior,arms,6,2,4
Grimaced,tarren-mill,192,warrior,arms,6,2,4
Shimy,pozzo-delleternità,192,warrior,arms,6,2,4
Pimagnum,stormscale,192,warrior,arms,6,2,4
Angusbully,doomhammer,192,warrior,arms,6,2,4
Jares,argent-dawn,192,warrior,arms,6,2,4
Leavyu,silvermoon,192,warrior,arms,6,2,4
Falconer,ravencrest,192,warrior,arms,6,2,4
Touthi,archimonde,192,warrior,arms,6,2,4
Speiker,blackhand,192,warrior,arms,6,2,4
Ptp,argent-dawn,192,warrior,arms,6,2,4
Acour,elune,192,warrior,arms,6,2,4
Марфитус,borean-tundra,192,warrior,arms,6,2,4
Longy,mazrigos,192,warrior,arms,6,2,4
Груббоб,booty-bay,192,warrior,arms,6,2,4
Zanzagg,draenor,192,warrior,arms,6,2,4
Redencounter,stormscale,192,warrior,arms,6,2,4
Scheroh,aegwynn,192,warrior,arms,6,2,4
Moolong,nozdormu,192,warrior,arms,6,2,4
Katypärry,outland,192,warrior,arms,6,2,4
Kogän,ragnaros,192,warrior,arms,6,2,4
Chloade,burning-legion,192,warrior,arms,6,2,4
Spankyew,sylvanas,192,warrior,arms,6,2,4
Woximus,ravencrest,192,warrior,arms,6,2,4
Discotrosan,outland,192,warrior,arms,6,2,4
Like,blackrock,192,warrior,arms,6,2,4
Steggee,argent-dawn,192,warrior,arms,6,2,4
Дахаэрис,gordunni,192,warrior,arms,6,2,4
Арестант,soulflayer,192,warrior,arms,6,2,4
Snakééyés,kazzak,192,warrior,arms,6,2,4
Fitzer,ravencrest,192,warrior,arms,6,2,4
Skeyzêr,dun-modr,192,warrior,arms,6,2,4
Эгнораш,soulflayer,192,warrior,arms,6,2,4
Monkaslam,tarren-mill,192,warrior,arms,6,2,4
Jaés,kazzak,192,warrior,arms,6,2,4
Weezing,argent-dawn,192,warrior,arms,6,2,4
Grimilax,hellscream,192,warrior,arms,6,2,4
Niffen,stormscale,192,warrior,arms,6,2,4
Dajnatarcze,burning-legion,192,warrior,arms,6,2,4
Sibali,stormreaver,192,warrior,arms,6,2,4
Wilæm,argent-dawn,192,warrior,arms,6,2,4
Broley,blackhand,192,warrior,arms,6,2,4
Pablitø,silvermoon,192,warrior,arms,6,2,4
Siberianstag,ravencrest,192,warrior,arms,6,2,4
Кереешка,howling-fjord,192,warrior,arms,6,2,4
Sargul,ragnaros,192,warrior,arms,6,2,4
Blademir,aegwynn,192,warrior,arms,6,2,4
Byedriver,kazzak,192,warrior,arms,6,2,4
Raggnnar,blackrock,192,warrior,arms,6,2,4
Waréx,ravencrest,192,warrior,arms,6,2,4
Bromaz,blackmoore,192,warrior,arms,6,2,4
Zaoclap,blackhand,192,warrior,arms,6,2,4
Artemiox,silvermoon,192,warrior,arms,6,2,4
Äsgeïr,archimonde,192,warrior,arms,6,2,4
Cyrø,blackmoore,192,warrior,arms,6,2,4
Zoljabu,eredar,192,warrior,arms,6,2,4
Syrebral,archimonde,192,warrior,arms,6,2,4
Mightywar,hyjal,192,warrior,arms,6,2,4
Bonkors,bronzebeard,192,warrior,arms,6,2,4
Pépêloup,archimonde,192,warrior,arms,6,2,4
Gergereja,argent-dawn,192,warrior,arms,6,2,4
Laßebluten,blackmoore,192,warrior,arms,6,2,4
Toporceanul,kazzak,192,warrior,arms,6,2,4
Zenìa,argent-dawn,192,warrior,arms,6,2,4
Gkavlaki,ravencrest,192,warrior,arms,6,2,4
Míngxuan,tarren-mill,192,warrior,arms,6,2,4
Форгерон,howling-fjord,192,warrior,arms,6,2,4
Burkek,hyjal,192,warrior,arms,6,2,4
Бормормуш,gordunni,192,warrior,arms,6,2,4
Lâppön,blackmoore,192,warrior,arms,6,2,4
Gretathunb,twisting-nether,192,warrior,arms,6,2,4
Bicepss,blackhand,192,warrior,arms,6,2,4
Chickengodx,archimonde,192,warrior,arms,6,2,4
Jamoo,magtheridon,192,warrior,arms,6,2,4
ßandit,ravencrest,192,warrior,arms,6,2,4
Апёхэндз,howling-fjord,192,warrior,arms,6,2,4
Råzor,blackhand,192,warrior,arms,6,2,4
Берззлой,gordunni,192,warrior,arms,6,2,4
Thatsthepump,silvermoon,192,warrior,arms,6,2,4
Progresslol,tarren-mill,192,warrior,arms,6,2,4
Realz,malganis,192,warrior,arms,6,2,4
Brutalizator,talnivarr,192,warrior,arms,6,2,4
Kante,frostmane,192,warrior,arms,6,2,4
Demolize,sylvanas,192,warrior,arms,6,2,4
Vulcán,aerie-peak,192,warrior,arms,6,2,4
Hurricane,sylvanas,192,warrior,arms,6,2,4
Fistawarrior,nemesis,192,warrior,arms,6,2,4
Rhaegon,laughing-skull,192,warrior,arms,6,2,4
Miotyz,ahnqiraj,192,warrior,arms,6,2,4
Audelia,sunstrider,192,warrior,arms,6,2,4
Abibe,aggra-português,192,warrior,arms,6,2,4
Ивантуз,gordunni,192,warrior,arms,6,2,4
Debiljov,ahnqiraj,192,warrior,arms,6,2,4
Yoruíchi,sunstrider,192,warrior,arms,6,2,4
Rezn,kazzak,192,warrior,arms,6,2,4
Därlara,amanthul,192,warrior,arms,6,2,4
Tigron,burning-legion,192,warrior,arms,6,2,4
Ratafya,hyjal,192,warrior,arms,6,2,4
Weren,blackmoore,192,warrior,arms,6,2,4
Pumse,silvermoon,192,warrior,arms,6,2,4
Eleborn,tarren-mill,192,warrior,arms,6,2,4
Ismashu,anubarak,192,warrior,arms,6,2,4
Mistafleex,hyjal,192,warrior,arms,6,2,4
Lunath,stormscale,192,warrior,arms,6,2,4
Gamedogo,silvermoon,192,warrior,arms,6,2,4
Zugpump,tarren-mill,192,warrior,arms,6,2,4
Fastnfuryous,antonidas,192,warrior,arms,6,2,4
Vrii,eredar,192,warrior,arms,6,2,4
Arthayl,eredar,192,warrior,arms,6,2,4
Octaniuz,silvermoon,192,warrior,arms,6,2,4
Blackblades,defias-brotherhood,192,warrior,arms,6,2,4
Unehuitsept,eredar,192,warrior,arms,6,2,4
Frcwar,kazzak,192,warrior,arms,6,2,4
Aléxsandra,ravencrest,192,warrior,arms,6,2,4
Nînes,tarren-mill,192,warrior,arms,6,2,4
Hundar,archimonde,192,warrior,arms,6,2,4
Ciuez,tarren-mill,192,warrior,arms,6,2,4
Robthebruce,ravencrest,192,warrior,arms,6,2,4
Menelol,ysondre,192,warrior,arms,6,2,4
Dutteh,tarren-mill,192,warrior,arms,6,2,4
Хедтакер,gordunni,192,warrior,arms,6,2,4
Maeselance,dun-modr,192,warrior,arms,6,2,4
Xilthy,stormscale,192,warrior,arms,6,2,4
Vaaýzx,blackrock,192,warrior,arms,6,2,4
Кичисан,howling-fjord,192,warrior,arms,6,2,4
Tekà,tarren-mill,192,warrior,arms,6,2,4
Ryonâgai,aegwynn,192,warrior,arms,6,2,4
Athrea,senjin,192,warrior,arms,6,2,4
Bloodparade,argent-dawn,192,warrior,arms,6,2,4
Лимор,howling-fjord,192,warrior,arms,6,2,4
Havkon,twisting-nether,192,warrior,arms,6,2,4
Faláfel,zuljin,192,warrior,arms,6,2,4
Kíllguard,kazzak,192,warrior,arms,6,2,4
Schultze,kazzak,192,warrior,arms,6,2,4
Galenthor,ravencrest,192,warrior,arms,6,2,4
Athënã,archimonde,192,warrior,arms,6,2,4
Ферхар,galakrond,192,warrior,arms,6,2,4
Gunga,ravenholdt,192,warrior,arms,6,2,4
Vearpayne,silvermoon,192,warrior,arms,6,2,4
Sinimfzugzug,eredar,192,warrior,arms,6,2,4
Cléveland,argent-dawn,192,warrior,arms,10,3,7
Sunzí,alakir,192,warrior,arms,8,2,6
Eriqua,archimonde,192,warrior,arms,8,2,6
Davari,ravencrest,192,warrior,arms,9,2,7
Yngvar,darksorrow,192,warrior,arms,12,2,10
Qforína,stormscale,192,warrior,arms,12,2,10
Adoum,ysondre,192,warrior,arms,12,2,10
Furybringer,silvermoon,192,warrior,arms,12,2,10
Cødi,antonidas,192,warrior,arms,12,2,10
Delenia,twisting-nether,192,warrior,arms,12,2,10
Bigflo,illidan,192,warrior,arms,12,2,10
Unhingéd,stormscale,192,warrior,arms,12,2,10
Tyranoth,defias-brotherhood,192,warrior,arms,12,2,10
Tinull,silvermoon,192,warrior,arms,12,2,10
Solidier,archimonde,192,warrior,arms,12,2,10
Antrøs,quelthalas,192,warrior,arms,12,2,10
Lzdmfckmeazy,blackmoore,192,warrior,arms,12,2,10
Pøpeyo,hyjal,192,warrior,arms,12,2,10
Klm,stormscale,192,warrior,arms,12,2,10
Eumellin,blackmoore,192,warrior,arms,12,2,10
Alysa,ravencrest,192,warrior,arms,12,2,10
Хенминия,blackscar,192,warrior,arms,12,2,10
Phanatic,draenor,192,warrior,arms,12,2,10
Aloia,stormscale,192,warrior,arms,12,2,10
Syfér,grim-batol,192,warrior,arms,12,2,10
Caíne,drakthul,192,warrior,arms,12,2,10
Gramash,grim-batol,192,warrior,arms,12,2,10
Xail,rexxar,192,warrior,arms,12,2,10
Battousai,sanguino,192,warrior,arms,12,2,10
Повстер,howling-fjord,192,warrior,arms,12,2,10
Actoni,sylvanas,192,warrior,arms,12,2,10
Laeràzh,archimonde,191,warrior,arms,6,2,4
Leesh,ravenholdt,191,warrior,arms,6,2,4
Hellis,frostmourne,191,warrior,arms,6,2,4
Raufí,antonidas,191,warrior,arms,6,2,4
Касхо,gordunni,191,warrior,arms,12,2,10
Tronhaur,stormscale,191,warrior,arms,18,2,16
Eledryel,pozzo-delleternità,185,warrior,arms,15,4,11
Номер,eversong,160,warrior,arms,10,2,8
Kibb,sylvanas,159,warrior,arms,5,2,3
Deadwily,twisting-nether,159,warrior,arms,5,2,3
Pétin,kaelthas,159,warrior,arms,5,2,3
Broxugar,defias-brotherhood,159,warrior,arms,5,2,3
Badroch,kazzak,159,warrior,arms,5,2,3
Aleksandar,ravencrest,159,warrior,arms,5,2,3
Празар,howling-fjord,159,warrior,arms,5,2,3
Phenommenom,tarren-mill,159,warrior,arms,5,2,3
Bloodpyre,nemesis,159,warrior,arms,11,2,9
Amystad,ahnqiraj,144,warrior,arms,9,2,7
Gondyr,quelthalas,144,warrior,arms,15,2,13
Shieldwall,norgannon,143,warrior,arms,3,3,0
Lilsib,outland,138,warrior,arms,7,3,4
Killinstinct,zuluhed,137,warrior,arms,13,3,10
Nacko,ravencrest,128,warrior,arms,4,2,2
Zhønya,aegwynn,128,warrior,arms,4,2,2
Vorns,silvermoon,128,warrior,arms,4,2,2
Ozymandyaz,hyjal,127,warrior,arms,8,2,6
Bleaja,tarren-mill,112,warrior,arms,7,2,5
Dreadoran,voljin,112,warrior,arms,7,2,5
Rèlion,pozzo-delleternità,96,warrior,arms,3,2,1
Lasttfallen,hyjal,96,warrior,arms,3,2,1
Fridaax,lightbringer,96,warrior,arms,3,2,1
Rdeniro,blackmoore,96,warrior,arms,3,2,1
Kyraxe,silvermoon,96,warrior,arms,3,2,1
Nekwar,ravencrest,96,warrior,arms,3,2,1
Abhorrent,tarren-mill,96,warrior,arms,3,2,1
Kamelskum,draenor,96,warrior,arms,6,1,5
Yandan,ysondre,96,warrior,arms,6,1,5
Guerrino,nemesis,96,warrior,arms,6,1,5
Jigs,twisting-nether,96,warrior,arms,6,1,5
Elëndïl,dun-modr,96,warrior,arms,6,1,5
Deathsnarl,ragnaros,96,warrior,arms,6,1,5
Chaohz,grim-batol,96,warrior,arms,6,1,5
Rezail,silvermoon,96,warrior,arms,6,1,5
Kimura,archimonde,96,warrior,arms,6,1,5
Kieranx,silvermoon,96,warrior,arms,6,1,5
Wârgâsm,argent-dawn,96,warrior,arms,6,1,5
Prettyangel,aegwynn,96,warrior,arms,6,1,5
Galatan,kazzak,96,warrior,arms,6,1,5
Schuy,silvermoon,96,warrior,arms,6,1,5
Урморн,gordunni,96,warrior,arms,6,1,5
Üzzy,dun-modr,96,warrior,arms,6,1,5
Ordovis,silvermoon,96,warrior,arms,6,1,5
They,aggramar,96,warrior,arms,6,1,5
Midvînter,silvermoon,96,warrior,arms,6,1,5
Macgull,ysondre,96,warrior,arms,6,1,5
Слоз,gordunni,96,warrior,arms,6,1,5
Zaximos,twisting-nether,96,warrior,arms,6,1,5
Onga,frostwolf,96,warrior,arms,6,1,5
Eléndrèn,blackrock,96,warrior,arms,6,1,5
Karyoroo,eredar,96,warrior,arms,6,1,5
Ayasaki,argent-dawn,96,warrior,arms,6,1,5
Фьордал,howling-fjord,96,warrior,arms,6,1,5
Redjaw,twisting-nether,96,warrior,arms,6,1,5
Kratosz,magtheridon,96,warrior,arms,6,1,5
Gnomeð,blackrock,96,warrior,arms,6,1,5
Siuzy,blackrock,96,warrior,arms,6,1,5
Skullxy,talnivarr,96,warrior,arms,6,1,5
Вульфычч,gordunni,96,warrior,arms,6,1,5
Armyne,kazzak,96,warrior,arms,6,1,5
Sharrok,blackmoore,96,warrior,arms,6,1,5
Снакихснаки,gordunni,96,warrior,arms,6,1,5
Whitebeardx,tarren-mill,96,warrior,arms,6,1,5
Largeblade,kazzak,96,warrior,arms,6,1,5
Brøxx,garrosh,96,warrior,arms,6,1,5
Humanboi,ravencrest,96,warrior,arms,6,1,5
Greenbeanx,antonidas,96,warrior,arms,6,1,5
Bjurkel,sylvanas,96,warrior,arms,6,1,5
Kysse,hyjal,96,warrior,arms,6,1,5
Zuroq,antonidas,96,warrior,arms,6,1,5
Brutannya,argent-dawn,96,warrior,arms,6,1,5
Taroom,turalyon,96,warrior,arms,6,1,5
Winedru,bronzebeard,96,warrior,arms,6,1,5
Vampviv,tarren-mill,96,warrior,arms,6,1,5
Apemonkeydk,kazzak,96,warrior,arms,6,1,5
Васяжелезо,gordunni,96,warrior,arms,6,1,5
Bravestar,ungoro,96,warrior,arms,6,1,5
Claymøre,khaz-modan,96,warrior,arms,6,1,5
Càvalry,nemesis,96,warrior,arms,6,1,5
Molløtov,sargeras,96,warrior,arms,6,1,5
Osopeligroso,outland,96,warrior,arms,6,1,5
Cøbain,eredar,96,warrior,arms,6,1,5
Killávalon,kazzak,96,warrior,arms,6,1,5
Kormazz,tarren-mill,96,warrior,arms,6,1,5
Worgenalpha,garona,96,warrior,arms,6,1,5
Gensur,skullcrusher,96,warrior,arms,6,1,5
Âkbarrash,blackmoore,96,warrior,arms,6,1,5
Sláughter,forscherliga,96,warrior,arms,6,1,5
Rhynot,argent-dawn,96,warrior,arms,6,1,5
Zillrog,kazzak,96,warrior,arms,6,1,5
Hashyk,burning-legion,96,warrior,arms,6,1,5
Choûbab,archimonde,96,warrior,arms,6,1,5
Juanvaco,tarren-mill,96,warrior,arms,6,1,5
Luntee,ragnaros,96,warrior,arms,6,1,5
Ezlive,blackrock,96,warrior,arms,6,1,5
Taukkì,kazzak,96,warrior,arms,6,1,5
Squelch,blackrock,96,warrior,arms,6,1,5
Ragecrit,ragnaros,96,warrior,arms,6,1,5
Juicer,argent-dawn,96,warrior,arms,6,1,5
Pwndrizle,blackmoore,96,warrior,arms,6,1,5
Bigk,burning-legion,96,warrior,arms,6,1,5
Spritekoppen,ravencrest,96,warrior,arms,6,1,5
Thekayizer,archimonde,96,warrior,arms,6,1,5
Дагмар,howling-fjord,96,warrior,arms,6,1,5
Oksimbillah,blackrock,96,warrior,arms,6,1,5
Booya,zirkel-des-cenarius,96,warrior,arms,6,1,5
Brostorm,magtheridon,96,warrior,arms,6,1,5
Rinderliebe,thrall,96,warrior,arms,6,1,5
Wardam,terokkar,96,warrior,arms,6,1,5
Trickzît,silvermoon,96,warrior,arms,6,1,5
Арленхейтлав,gordunni,96,warrior,arms,6,1,5
Stretch,thrall,96,warrior,arms,6,1,5
Snuusu,blackmoore,96,warrior,arms,6,1,5
Whydeadbro,twisting-nether,96,warrior,arms,6,1,5
Wigman,shattered-hand,96,warrior,arms,6,1,5
Poppeyex,silvermoon,96,warrior,arms,6,1,5
Romppu,shattered-hand,96,warrior,arms,6,1,5
Furymeep,outland,96,warrior,arms,6,1,5
Gilgarez,twisting-nether,96,warrior,arms,6,1,5
Tidùs,nethersturm,96,warrior,arms,6,1,5
Abukrd,turalyon,96,warrior,arms,6,1,5
Axelitee,draenor,96,warrior,arms,6,1,5
Beduin,twilights-hammer,96,warrior,arms,6,1,5
Угхпах,soulflayer,96,warrior,arms,6,1,5
Headshot,zenedar,96,warrior,arms,6,1,5
Deauxa,twisting-nether,96,warrior,arms,6,1,5
Evilez,ravencrest,96,warrior,arms,6,1,5
Талейлан,gordunni,96,warrior,arms,6,1,5
Ifir,hyjal,96,warrior,arms,6,1,5
Lincwar,stormscale,96,warrior,arms,6,1,5
Rôtor,archimonde,96,warrior,arms,6,1,5
Wscieklosc,silvermoon,96,warrior,arms,6,1,5
Naiph,blackmoore,96,warrior,arms,6,1,5
Nukêr,dun-modr,96,warrior,arms,6,1,5
Belmont,doomhammer,96,warrior,arms,6,1,5
Arnowz,stormscale,96,warrior,arms,6,1,5
Nacindaz,thrall,96,warrior,arms,6,1,5
Sarkan,ravencrest,96,warrior,arms,6,1,5
Warfield,draenor,96,warrior,arms,6,1,5
Dakotafred,ravencrest,96,warrior,arms,6,1,5
Yoshimang,twisting-nether,96,warrior,arms,6,1,5
Murämasä,hyjal,96,warrior,arms,6,1,5
Belgabad,rexxar,96,warrior,arms,6,1,5
Zarkos,onyxia,96,warrior,arms,6,1,5
Lilsweép,draenor,96,warrior,arms,6,1,5
Soley,neptulon,96,warrior,arms,6,1,5
Vexecute,rexxar,96,warrior,arms,6,1,5
Molsah,draenor,96,warrior,arms,6,1,5
Slayerxz,aegwynn,96,warrior,arms,6,1,5
Executê,kazzak,96,warrior,arms,6,1,5
Letha,twisting-nether,96,warrior,arms,6,1,5
Woosaah,ravencrest,96,warrior,arms,6,1,5
Psyph,onyxia,96,warrior,arms,6,1,5
Blackmoor,argent-dawn,96,warrior,arms,6,1,5
Jailbâit,baelgun,96,warrior,arms,6,1,5
Sgtzmetek,drakthul,96,warrior,arms,6,1,5
Catrine,drakthul,96,warrior,arms,6,1,5
Deathrazór,stormscale,96,warrior,arms,6,1,5
Halalmeat,minahonda,96,warrior,arms,6,1,5
Kasperw,kazzak,96,warrior,arms,6,1,5
Mæuzl,draenor,96,warrior,arms,6,1,5
Truckfury,ravencrest,96,warrior,arms,6,1,5
Gorroth,chamber-of-aspects,96,warrior,arms,6,1,5
Darriuso,kazzak,96,warrior,arms,6,1,5
Davidass,drakthul,96,warrior,arms,6,1,5
Darkmain,outland,96,warrior,arms,6,1,5
Durrüti,sanguino,96,warrior,arms,6,1,5
Fullzugzug,kazzak,96,warrior,arms,6,1,5
Aemdall,chogall,96,warrior,arms,6,1,5
Keniny,drakthul,96,warrior,arms,6,1,5
Sebastian,ravencrest,96,warrior,arms,6,1,5
Рсдрпб,eversong,96,warrior,arms,6,1,5
Шапканауши,eversong,96,warrior,arms,6,1,5
Haltwo,archimonde,96,warrior,arms,6,1,5
Leryswarro,sanguino,96,warrior,arms,6,1,5
Acudam,stormscale,96,warrior,arms,6,1,5
Rikkavikki,argent-dawn,96,warrior,arms,6,1,5
Bloodpath,stormrage,96,warrior,arms,6,1,5
Feltias,drakthul,96,warrior,arms,6,1,5
Баам,fordragon,96,warrior,arms,6,1,5
Бларк,goldrinn,96,warrior,arms,6,1,5
Rägnât,dun-modr,96,warrior,arms,6,1,5
Orcaz,eredar,96,warrior,arms,6,1,5
Замесик,blackscar,96,warrior,arms,6,1,5
Суммрак,grom,96,warrior,arms,6,1,5
Aldébbarann,archimonde,96,warrior,arms,9,1,8
Чевчелиос,deathweaver,96,warrior,arms,12,1,11
Viana,sylvanas,96,warrior,arms,12,1,11
Отпустите,howling-fjord,96,warrior,arms,12,1,11
Mirror,tarren-mill,96,warrior,arms,12,1,11
Helmcleaver,tarren-mill,96,warrior,arms,12,1,11
Gids,silvermoon,96,warrior,arms,12,1,11
Benjarnee,draenor,96,warrior,arms,12,1,11
Grimblade,kazzak,96,warrior,arms,12,1,11
Шредс,howling-fjord,96,warrior,arms,12,1,11
Moshpít,antonidas,96,warrior,arms,12,1,11
Babæ,ravencrest,96,warrior,arms,12,1,11
Shäshken,archimonde,96,warrior,arms,18,1,17
Baldemort,antonidas,96,warrior,arms,24,1,23
Koboone,tarren-mill,79,warrior,arms,5,1,4
Agur,ysondre,79,warrior,arms,5,1,4
Psychedx,ravencrest,64,warrior,arms,4,1,3
Bââgrâ,hyjal,64,warrior,arms,4,1,3
Hojalator,minahonda,64,warrior,arms,4,1,3
Roktdar,blackmoore,64,warrior,arms,4,1,3
Modrov,silvermoon,64,warrior,arms,4,1,3
Rimmedpigeon,alakir,64,warrior,arms,4,1,3
Cowon,stormscale,63,warrior,arms,2,2,0
Rinos,silvermoon,63,warrior,arms,8,2,6
Lilchan,zuljin,63,warrior,arms,8,2,6
Zannasbianca,doomhammer,48,warrior,arms,3,1,2
Garaha,argent-dawn,48,warrior,arms,3,1,2
Elloo,tarren-mill,48,warrior,arms,3,1,2
Carizona,twisting-nether,48,warrior,arms,3,1,2
Kimboslice,ragnaros,48,warrior,arms,9,1,8
Bêlier,hyjal,42,warrior,arms,10,3,7
Laciater,burning-legion,42,warrior,arms,8,2,6
Kurosawa,uldum,42,warrior,arms,10,2,8
Артен,ashenvale,42,warrior,arms,10,2,8
Latschogg,malorne,42,warrior,arms,10,2,8
Glut,drakthul,42,warrior,arms,12,2,10
Reyon,argent-dawn,41,warrior,arms,12,2,10
Закхорн,gordunni,31,warrior,arms,2,1,1
Eijnar,kazzak,31,warrior,arms,2,1,1
Гангстарэпер,gordunni,31,warrior,arms,2,1,1
Wincas,tarren-mill,31,warrior,arms,2,1,1
Skórn,burning-legion,31,warrior,arms,2,1,1
Clówny,garrosh,31,warrior,arms,8,1,7
Izmadfurax,archimonde,16,warrior,arms,1,1,0
Ugrlak,drakthul,16,warrior,arms,7,1,6
Sublexgg,blackrock,1868,warrior,protection,43,24,19
Swagenknecht,blackrock,1840,warrior,protection,66,31,35
Blaying,ravencrest,1540,warrior,protection,90,45,45
Doghxnterx,ravencrest,1261,warrior,protection,37,14,23
Фриегар,deathguard,1215,warrior,protection,49,21,28
Narrative,kazzak,1091,warrior,protection,54,20,34
Tríbún,kult-der-verdammten,987,warrior,protection,48,17,31
Carras,confrérie-du-thorium,937,warrior,protection,42,22,20
Grimurg,drakthul,921,warrior,protection,70,30,40
Флоуби,razuvious,806,warrior,protection,24,9,15
Naofumí,arthas,732,warrior,protection,18,8,10
Ferran,sanguino,658,warrior,protection,24,7,17
Tokrika,die-aldor,384,warrior,protection,6,4,2
Mandiso,norgannon,381,warrior,protection,14,4,10
Flinn,die-nachtwache,376,warrior,protection,18,4,14
Davetsiz,burning-legion,288,warrior,protection,12,3,9
Маллал,soulflayer,192,warrior,protection,6,2,4
Денеур,gordunni,192,warrior,protection,6,2,4
Valem,suramar,96,warrior,protection,6,1,5
Warrqury,ravencrest,96,warrior,protection,6,1,5
Jøtas,dun-modr,96,warrior,protection,12,1,11
Asuvia,argent-dawn,96,warrior,protection,12,1,11
Callipsa,argent-dawn,96,warrior,protection,12,1,11
