realm,rating,cls,spec,play,win,lose
blackscar,1549,deathknight,blood,48,25,23
kazzak,1055,deathknight,blood,36,11,25
eredar,252,deathknight,blood,11,3,8
ravencrest,2023,deathknight,unholy,108,51,57
argent-dawn,2021,deathknight,unholy,99,53,46
drakthul,1948,deathknight,unholy,42,26,16
kazzak,1913,deathknight,unholy,54,27,27
tarren-mill,1903,deathknight,unholy,54,24,30
ravencrest,1899,deathknight,unholy,60,30,30
blackscar,1883,deathknight,unholy,60,32,28
die-aldor,1876,deathknight,unholy,66,35,31
soulflayer,1874,deathknight,unholy,66,32,34
burning-legion,1866,deathknight,unholy,108,49,59
argent-dawn,1859,deathknight,unholy,72,34,38
kazzak,1852,deathknight,unholy,60,29,31
gordunni,1851,deathknight,unholy,65,31,34
twisting-nether,1850,deathknight,unholy,48,23,25
doomhammer,1847,deathknight,unholy,57,40,17
sanguino,1836,deathknight,unholy,36,24,12
ysondre,1835,deathknight,unholy,58,30,28
stormreaver,1831,deathknight,unholy,66,30,36
draenor,1827,deathknight,unholy,114,70,44
silvermoon,1827,deathknight,unholy,54,32,22
blackmoore,1819,deathknight,unholy,30,20,10
gordunni,1819,deathknight,unholy,36,19,17
silvermoon,1812,deathknight,unholy,64,40,24
soulflayer,1809,deathknight,unholy,36,28,8
gordunni,1809,deathknight,unholy,57,28,29
ravencrest,1807,deathknight,unholy,78,41,37
gordunni,1805,deathknight,unholy,78,37,41
silvermoon,1789,deathknight,unholy,72,36,36
kazzak,1780,deathknight,unholy,54,27,27
silvermoon,1769,deathknight,unholy,36,19,17
ravencrest,1749,deathknight,unholy,45,24,21
draenor,1732,deathknight,unholy,41,23,18
twisting-nether,1717,deathknight,unholy,65,30,35
tarren-mill,1715,deathknight,unholy,47,24,23
argent-dawn,1713,deathknight,unholy,30,18,12
khaz-modan,1712,deathknight,unholy,54,33,21
blackmoore,1712,deathknight,unholy,148,70,78
hyjal,1698,deathknight,unholy,74,38,36
gordunni,1689,deathknight,unholy,78,46,32
ashenvale,1685,deathknight,unholy,54,27,27
stormscale,1676,deathknight,unholy,102,53,49
blackrock,1662,deathknight,unholy,58,33,25
blackrock,1659,deathknight,unholy,42,22,20
ravencrest,1656,deathknight,unholy,30,18,12
argent-dawn,1656,deathknight,unholy,139,64,75
tarren-mill,1655,deathknight,unholy,48,28,20
outland,1652,deathknight,unholy,71,35,36
argent-dawn,1649,deathknight,unholy,55,31,24
stormscale,1636,deathknight,unholy,48,21,27
draenor,1625,deathknight,unholy,96,42,54
howling-fjord,1618,deathknight,unholy,42,19,23
stormscale,1614,deathknight,unholy,48,17,31
stormscale,1611,deathknight,unholy,72,41,31
soulflayer,1590,deathknight,unholy,42,20,22
ragnaros,1585,deathknight,unholy,48,22,26
silvermoon,1583,deathknight,unholy,55,28,27
chants-éternels,1574,deathknight,unholy,30,18,12
blackscar,1570,deathknight,unholy,36,19,17
blackrock,1566,deathknight,unholy,35,20,15
dentarg,1557,deathknight,unholy,112,58,54
ragnaros,1554,deathknight,unholy,54,21,33
ravencrest,1551,deathknight,unholy,83,40,43
soulflayer,1547,deathknight,unholy,66,22,44
blackscar,1542,deathknight,unholy,86,45,41
blackrock,1535,deathknight,unholy,48,28,20
silvermoon,1533,deathknight,unholy,30,16,14
gordunni,1532,deathknight,unholy,78,38,40
silvermoon,1530,deathknight,unholy,36,16,20
kirin-tor,1526,deathknight,unholy,30,19,11
antonidas,1524,deathknight,unholy,75,36,39
kazzak,1523,deathknight,unholy,41,17,24
ravencrest,1507,deathknight,unholy,54,22,32
nemesis,1504,deathknight,unholy,30,16,14
bladefist,1503,deathknight,unholy,60,22,38
alakir,1502,deathknight,unholy,36,21,15
outland,1501,deathknight,unholy,88,45,43
die-aldor,1493,deathknight,unholy,39,20,19
grom,1490,deathknight,unholy,30,16,14
twisting-nether,1467,deathknight,unholy,36,20,16
zenedar,1467,deathknight,unholy,48,17,31
nozdormu,1456,deathknight,unholy,42,21,21
draenor,1453,deathknight,unholy,69,34,35
norgannon,1450,deathknight,unholy,35,23,12
stormscale,1448,deathknight,unholy,53,28,25
ragnaros,1444,deathknight,unholy,38,20,18
ravencrest,1437,deathknight,unholy,24,15,9
sanguino,1435,deathknight,unholy,24,15,9
kazzak,1435,deathknight,unholy,42,15,27
dun-modr,1428,deathknight,unholy,54,29,25
gordunni,1425,deathknight,unholy,30,15,15
howling-fjord,1424,deathknight,unholy,57,28,29
ragnaros,1422,deathknight,unholy,36,15,21
frostwolf,1421,deathknight,unholy,66,37,29
kragjin,1421,deathknight,unholy,49,22,27
deepholm,1412,deathknight,unholy,36,16,20
ravencrest,1409,deathknight,unholy,52,29,23
tarren-mill,1409,deathknight,unholy,63,31,32
tarren-mill,1396,deathknight,unholy,32,16,16
soulflayer,1386,deathknight,unholy,32,16,16
blackrock,1383,deathknight,unholy,23,15,8
tarren-mill,1372,deathknight,unholy,79,33,46
sylvanas,1372,deathknight,unholy,58,24,34
blackscar,1369,deathknight,unholy,105,45,60
ysondre,1343,deathknight,unholy,30,14,16
sylvanas,1342,deathknight,unholy,18,14,4
soulflayer,1340,deathknight,unholy,36,14,22
archimonde,1335,deathknight,unholy,24,15,9
drakthul,1335,deathknight,unholy,24,14,10
sanguino,1328,deathknight,unholy,30,14,16
draenor,1316,deathknight,unholy,28,15,13
burning-blade,1316,deathknight,unholy,30,14,16
argent-dawn,1315,deathknight,unholy,52,27,25
aegwynn,1312,deathknight,unholy,75,44,31
outland,1299,deathknight,unholy,26,15,11
aggra-português,1298,deathknight,unholy,66,35,31
archimonde,1296,deathknight,unholy,35,14,21
ragnaros,1291,deathknight,unholy,42,21,21
silvermoon,1287,deathknight,unholy,54,23,31
howling-fjord,1286,deathknight,unholy,29,14,15
sanguino,1285,deathknight,unholy,38,16,22
grom,1282,deathknight,unholy,24,14,10
malorne,1278,deathknight,unholy,36,14,22
galakrond,1271,deathknight,unholy,26,14,12
elune,1270,deathknight,unholy,40,19,21
amanthul,1261,deathknight,unholy,24,14,10
hyjal,1261,deathknight,unholy,36,17,19
gordunni,1259,deathknight,unholy,24,18,6
eversong,1245,deathknight,unholy,30,13,17
drakthul,1245,deathknight,unholy,36,13,23
ysondre,1244,deathknight,unholy,42,13,29
tarren-mill,1243,deathknight,unholy,30,13,17
eversong,1242,deathknight,unholy,24,13,11
soulflayer,1242,deathknight,unholy,42,21,21
dun-modr,1239,deathknight,unholy,30,13,17
twisting-nether,1238,deathknight,unholy,29,14,15
lich-king,1234,deathknight,unholy,30,13,17
soulflayer,1230,deathknight,unholy,60,32,28
tarren-mill,1229,deathknight,unholy,24,13,11
twisting-nether,1229,deathknight,unholy,84,38,46
archimonde,1199,deathknight,unholy,84,40,44
dentarg,1195,deathknight,unholy,27,13,14
silvermoon,1192,deathknight,unholy,37,16,21
tarren-mill,1175,deathknight,unholy,45,19,26
quelthalas,1174,deathknight,unholy,67,24,43
ysondre,1151,deathknight,unholy,30,12,18
eredar,1150,deathknight,unholy,30,12,18
dun-morogh,1150,deathknight,unholy,36,14,22
alakir,1149,deathknight,unholy,25,13,12
silvermoon,1149,deathknight,unholy,24,12,12
tarren-mill,1149,deathknight,unholy,30,12,18
grim-batol,1149,deathknight,unholy,36,12,24
ragnaros,1145,deathknight,unholy,18,12,6
argent-dawn,1134,deathknight,unholy,27,15,12
outland,1131,deathknight,unholy,24,12,12
burning-blade,1111,deathknight,unholy,36,18,18
stormscale,1087,deathknight,unholy,22,12,10
kaelthas,1081,deathknight,unholy,58,29,29
deathguard,1055,deathknight,unholy,18,11,7
draenor,1055,deathknight,unholy,30,11,19
drakthul,1054,deathknight,unholy,18,11,7
blackhand,1054,deathknight,unholy,30,11,19
dun-modr,1052,deathknight,unholy,18,11,7
eredar,1051,deathknight,unholy,24,11,13
gordunni,1050,deathknight,unholy,30,11,19
draenor,1046,deathknight,unholy,24,11,13
soulflayer,1035,deathknight,unholy,70,37,33
grim-batol,1026,deathknight,unholy,18,11,7
thrall,1013,deathknight,unholy,27,12,15
stormscale,1007,deathknight,unholy,21,11,10
earthen-ring,1000,deathknight,unholy,23,13,10
blackmoore,999,deathknight,unholy,30,16,14
ravencrest,985,deathknight,unholy,21,12,9
the-maelstrom,980,deathknight,unholy,48,28,20
minahonda,974,deathknight,unholy,35,16,19
gordunni,960,deathknight,unholy,18,10,8
sylvanas,960,deathknight,unholy,18,10,8
archimonde,959,deathknight,unholy,24,10,14
terrordar,959,deathknight,unholy,24,10,14
silvermoon,959,deathknight,unholy,27,11,16
ragnaros,957,deathknight,unholy,18,10,8
draenor,957,deathknight,unholy,18,10,8
kazzak,954,deathknight,unholy,18,10,8
gordunni,909,deathknight,unholy,23,10,13
kazzak,894,deathknight,unholy,20,10,10
deathguard,894,deathknight,unholy,32,10,22
alonsus,864,deathknight,unholy,18,9,9
stormscale,864,deathknight,unholy,18,9,9
grim-batol,864,deathknight,unholy,18,9,9
tarren-mill,864,deathknight,unholy,18,9,9
nemesis,864,deathknight,unholy,24,9,15
twisting-nether,864,deathknight,unholy,30,9,21
ravencrest,863,deathknight,unholy,18,9,9
stormreaver,863,deathknight,unholy,24,9,15
zuljin,862,deathknight,unholy,12,9,3
argent-dawn,860,deathknight,unholy,18,9,9
saurfang,859,deathknight,unholy,22,10,12
kazzak,856,deathknight,unholy,18,9,9
dalaran,850,deathknight,unholy,18,9,9
burning-legion,845,deathknight,unholy,23,9,14
ravencrest,794,deathknight,unholy,26,9,17
arygos,768,deathknight,unholy,12,8,4
ravencrest,768,deathknight,unholy,12,8,4
dun-modr,768,deathknight,unholy,12,8,4
gordunni,768,deathknight,unholy,12,8,4
howling-fjord,768,deathknight,unholy,18,8,10
howling-fjord,768,deathknight,unholy,18,8,10
kazzak,768,deathknight,unholy,18,8,10
borean-tundra,768,deathknight,unholy,18,8,10
blackrock,768,deathknight,unholy,24,8,16
ragnaros,767,deathknight,unholy,24,8,16
dalaran,766,deathknight,unholy,18,8,10
kazzak,766,deathknight,unholy,18,8,10
silvermoon,766,deathknight,unholy,24,8,16
burning-blade,764,deathknight,unholy,18,8,10
hyjal,762,deathknight,unholy,18,8,10
nagrand,726,deathknight,unholy,18,8,10
tarren-mill,719,deathknight,unholy,17,8,9
kazzak,702,deathknight,unholy,28,8,20
archimonde,672,deathknight,unholy,12,7,5
argent-dawn,672,deathknight,unholy,12,7,5
nerathor,672,deathknight,unholy,12,7,5
howling-fjord,672,deathknight,unholy,12,7,5
howling-fjord,672,deathknight,unholy,12,7,5
stormscale,672,deathknight,unholy,18,7,11
gordunni,672,deathknight,unholy,18,7,11
dalaran,672,deathknight,unholy,18,7,11
aegwynn,672,deathknight,unholy,18,7,11
gordunni,672,deathknight,unholy,18,7,11
ravencrest,672,deathknight,unholy,18,7,11
draenor,672,deathknight,unholy,18,7,11
twisting-nether,672,deathknight,unholy,18,7,11
outland,672,deathknight,unholy,18,7,11
onyxia,672,deathknight,unholy,18,7,11
blackmoore,671,deathknight,unholy,12,7,5
gordunni,671,deathknight,unholy,12,7,5
blackrock,671,deathknight,unholy,12,7,5
drakthul,671,deathknight,unholy,12,7,5
ravencrest,671,deathknight,unholy,18,7,11
forscherliga,671,deathknight,unholy,18,7,11
zuljin,671,deathknight,unholy,18,7,11
outland,671,deathknight,unholy,24,7,17
twisting-nether,660,deathknight,unholy,12,7,5
gorgonnash,645,deathknight,unholy,18,7,11
ravencrest,639,deathknight,unholy,17,7,10
thrall,576,deathknight,unholy,12,6,6
blackmoore,576,deathknight,unholy,12,6,6
drakthul,576,deathknight,unholy,12,6,6
ungoro,576,deathknight,unholy,12,6,6
blackrock,576,deathknight,unholy,12,6,6
soulflayer,576,deathknight,unholy,12,6,6
archimonde,576,deathknight,unholy,18,6,12
drakthul,576,deathknight,unholy,18,6,12
kazzak,575,deathknight,unholy,12,6,6
argent-dawn,575,deathknight,unholy,12,6,6
hyjal,575,deathknight,unholy,12,6,6
drakthul,575,deathknight,unholy,12,6,6
thunderhorn,575,deathknight,unholy,12,6,6
medivh,575,deathknight,unholy,12,6,6
neptulon,575,deathknight,unholy,12,6,6
stormscale,572,deathknight,unholy,12,6,6
skullcrusher,570,deathknight,unholy,12,6,6
quelthalas,527,deathknight,unholy,11,6,5
twisting-nether,521,deathknight,unholy,33,7,26
silvermoon,480,deathknight,unholy,6,5,1
exodar,480,deathknight,unholy,6,5,1
thermaplugg,480,deathknight,unholy,6,5,1
draenor,480,deathknight,unholy,6,5,1
twisting-nether,480,deathknight,unholy,6,5,1
ragnaros,480,deathknight,unholy,12,5,7
dun-modr,480,deathknight,unholy,12,5,7
soulflayer,480,deathknight,unholy,12,5,7
sylvanas,480,deathknight,unholy,12,5,7
madmortem,480,deathknight,unholy,12,5,7
stormscale,480,deathknight,unholy,12,5,7
auchindoun,480,deathknight,unholy,12,5,7
blackscar,480,deathknight,unholy,12,5,7
ragnaros,480,deathknight,unholy,12,5,7
ragnaros,480,deathknight,unholy,12,5,7
archimonde,480,deathknight,unholy,12,5,7
ravencrest,480,deathknight,unholy,12,5,7
ragnaros,480,deathknight,unholy,12,5,7
sunstrider,480,deathknight,unholy,12,5,7
bladefist,480,deathknight,unholy,12,5,7
blackrock,480,deathknight,unholy,18,5,13
zuljin,479,deathknight,unholy,12,5,7
dalaran,476,deathknight,unholy,10,6,4
silvermoon,400,deathknight,unholy,7,5,2
deathwing,384,deathknight,unholy,6,4,2
stormscale,384,deathknight,unholy,6,4,2
blackhand,384,deathknight,unholy,6,4,2
ravencrest,384,deathknight,unholy,6,4,2
ravencrest,384,deathknight,unholy,6,4,2
silvermoon,384,deathknight,unholy,6,4,2
hyjal,384,deathknight,unholy,6,4,2
ragnaros,384,deathknight,unholy,6,4,2
draenor,384,deathknight,unholy,6,4,2
stormscale,384,deathknight,unholy,6,4,2
soulflayer,384,deathknight,unholy,6,4,2
blackscar,384,deathknight,unholy,6,4,2
stormscale,384,deathknight,unholy,6,4,2
frostmane,384,deathknight,unholy,6,4,2
argent-dawn,384,deathknight,unholy,6,4,2
howling-fjord,384,deathknight,unholy,6,4,2
draenor,384,deathknight,unholy,6,4,2
xavius,384,deathknight,unholy,8,4,4
blackhand,384,deathknight,unholy,15,5,10
soulflayer,384,deathknight,unholy,12,4,8
gordunni,384,deathknight,unholy,12,4,8
soulflayer,384,deathknight,unholy,12,4,8
azjolnerub,384,deathknight,unholy,12,4,8
draenor,384,deathknight,unholy,12,4,8
tarren-mill,384,deathknight,unholy,12,4,8
ravencrest,384,deathknight,unholy,12,4,8
dun-modr,384,deathknight,unholy,12,4,8
defias-brotherhood,384,deathknight,unholy,12,4,8
argent-dawn,384,deathknight,unholy,18,4,14
blackmoore,383,deathknight,unholy,6,4,2
archimonde,383,deathknight,unholy,6,4,2
silvermoon,383,deathknight,unholy,6,4,2
argent-dawn,383,deathknight,unholy,9,5,4
howling-fjord,383,deathknight,unholy,12,4,8
haomarush,379,deathknight,unholy,12,4,8
soulflayer,367,deathknight,unholy,11,4,7
ravencrest,352,deathknight,unholy,10,4,6
norgannon,341,deathknight,unholy,15,6,9
ravencrest,304,deathknight,unholy,13,4,9
silvermoon,288,deathknight,unholy,6,3,3
grim-batol,288,deathknight,unholy,6,3,3
archimonde,288,deathknight,unholy,6,3,3
blackrock,288,deathknight,unholy,6,3,3
sylvanas,288,deathknight,unholy,6,3,3
archimonde,288,deathknight,unholy,6,3,3
aegwynn,288,deathknight,unholy,6,3,3
aegwynn,288,deathknight,unholy,6,3,3
auchindoun,288,deathknight,unholy,6,3,3
blackmoore,288,deathknight,unholy,6,3,3
silvermoon,288,deathknight,unholy,6,3,3
culte-de-la-rive-noire,288,deathknight,unholy,6,3,3
howling-fjord,288,deathknight,unholy,6,3,3
teldrassil,288,deathknight,unholy,6,3,3
stormscale,288,deathknight,unholy,6,3,3
soulflayer,288,deathknight,unholy,6,3,3
argent-dawn,288,deathknight,unholy,6,3,3
twisting-nether,288,deathknight,unholy,6,3,3
sanguino,288,deathknight,unholy,6,3,3
sanguino,288,deathknight,unholy,6,3,3
kazzak,288,deathknight,unholy,6,3,3
kazzak,288,deathknight,unholy,6,3,3
soulflayer,288,deathknight,unholy,6,3,3
argent-dawn,288,deathknight,unholy,6,3,3
kazzak,288,deathknight,unholy,6,3,3
ghostlands,288,deathknight,unholy,6,3,3
frostwolf,288,deathknight,unholy,6,3,3
agamaggan,288,deathknight,unholy,6,3,3
outland,288,deathknight,unholy,6,3,3
silvermoon,288,deathknight,unholy,12,3,9
argent-dawn,288,deathknight,unholy,12,3,9
outland,288,deathknight,unholy,12,3,9
kazzak,288,deathknight,unholy,12,3,9
shendralar,288,deathknight,unholy,12,3,9
blackmoore,288,deathknight,unholy,12,3,9
the-maelstrom,288,deathknight,unholy,12,3,9
kazzak,288,deathknight,unholy,12,3,9
ravencrest,288,deathknight,unholy,12,3,9
eredar,288,deathknight,unholy,18,3,15
nemesis,287,deathknight,unholy,6,3,3
stormscale,285,deathknight,unholy,12,3,9
blackrock,256,deathknight,unholy,10,3,7
stormscale,239,deathknight,unholy,5,3,2
ulduar,234,deathknight,unholy,8,4,4
argent-dawn,192,deathknight,unholy,6,2,4
ravencrest,192,deathknight,unholy,6,2,4
ravencrest,192,deathknight,unholy,6,2,4
alonsus,192,deathknight,unholy,6,2,4
burning-legion,192,deathknight,unholy,6,2,4
darksorrow,192,deathknight,unholy,6,2,4
stormscale,192,deathknight,unholy,6,2,4
kazzak,192,deathknight,unholy,6,2,4
stormreaver,192,deathknight,unholy,6,2,4
ysondre,192,deathknight,unholy,6,2,4
ravencrest,192,deathknight,unholy,6,2,4
kazzak,192,deathknight,unholy,6,2,4
twisting-nether,192,deathknight,unholy,6,2,4
argent-dawn,192,deathknight,unholy,6,2,4
kazzak,192,deathknight,unholy,6,2,4
twisting-nether,192,deathknight,unholy,6,2,4
soulflayer,192,deathknight,unholy,6,2,4
ragnaros,192,deathknight,unholy,6,2,4
howling-fjord,192,deathknight,unholy,6,2,4
emerald-dream,192,deathknight,unholy,6,2,4
howling-fjord,192,deathknight,unholy,6,2,4
silvermoon,192,deathknight,unholy,6,2,4
khaz-modan,192,deathknight,unholy,6,2,4
defias-brotherhood,192,deathknight,unholy,6,2,4
earthen-ring,192,deathknight,unholy,6,2,4
silvermoon,192,deathknight,unholy,6,2,4
silvermoon,192,deathknight,unholy,6,2,4
ahnqiraj,192,deathknight,unholy,6,2,4
blackmoore,192,deathknight,unholy,6,2,4
argent-dawn,192,deathknight,unholy,6,2,4
blackrock,192,deathknight,unholy,6,2,4
blackrock,192,deathknight,unholy,6,2,4
twisting-nether,192,deathknight,unholy,6,2,4
hyjal,192,deathknight,unholy,6,2,4
blackrock,192,deathknight,unholy,6,2,4
hyjal,192,deathknight,unholy,6,2,4
blackrock,192,deathknight,unholy,6,2,4
blades-edge,192,deathknight,unholy,6,2,4
azuregos,192,deathknight,unholy,6,2,4
tarren-mill,192,deathknight,unholy,6,2,4
blackscar,192,deathknight,unholy,6,2,4
soulflayer,191,deathknight,unholy,4,3,1
blackrock,191,deathknight,unholy,6,2,4
gordunni,191,deathknight,unholy,12,2,10
twisting-nether,144,deathknight,unholy,9,2,7
tarren-mill,138,deathknight,unholy,14,4,10
grim-batol,96,deathknight,unholy,10,3,7
lightnings-blade,96,deathknight,unholy,15,4,11
emerald-dream,96,deathknight,unholy,6,1,5
frostmane,96,deathknight,unholy,6,1,5
shattrath,96,deathknight,unholy,6,1,5
stormreaver,96,deathknight,unholy,6,1,5
garrosh,96,deathknight,unholy,6,1,5
kazzak,96,deathknight,unholy,6,1,5
frostwolf,96,deathknight,unholy,6,1,5
bloodfeather,96,deathknight,unholy,6,1,5
ravencrest,96,deathknight,unholy,6,1,5
howling-fjord,96,deathknight,unholy,6,1,5
soulflayer,96,deathknight,unholy,6,1,5
blackrock,96,deathknight,unholy,6,1,5
tarren-mill,96,deathknight,unholy,6,1,5
das-syndikat,96,deathknight,unholy,6,1,5
tarren-mill,96,deathknight,unholy,6,1,5
stormreaver,96,deathknight,unholy,6,1,5
howling-fjord,96,deathknight,unholy,12,1,11
outland,96,deathknight,unholy,12,1,11
aegwynn,64,deathknight,unholy,4,1,3
tarren-mill,48,deathknight,unholy,3,1,2
stormscale,1999,deathknight,frost,54,33,21
ravencrest,1997,deathknight,frost,60,36,24
gordunni,1929,deathknight,frost,42,26,16
tarren-mill,1865,deathknight,frost,48,25,23
draenor,1851,deathknight,frost,96,45,51
archimonde,1733,deathknight,frost,144,68,76
gordunni,1647,deathknight,frost,42,21,21
argent-dawn,1611,deathknight,frost,50,28,22
outland,1596,deathknight,frost,36,20,16
ravencrest,1585,deathknight,frost,71,35,36
sylvanas,1584,deathknight,frost,88,47,41
uldaman,1574,deathknight,frost,57,29,28
draenor,1556,deathknight,frost,42,23,19
blackmoore,1546,deathknight,frost,109,50,59
frostwolf,1540,deathknight,frost,51,23,28
nemesis,1501,deathknight,frost,42,18,24
soulflayer,1494,deathknight,frost,66,34,32
blackhand,1434,deathknight,frost,30,15,15
tarren-mill,1427,deathknight,frost,33,17,16
ashenvale,1424,deathknight,frost,24,15,9
ashenvale,1422,deathknight,frost,36,15,21
gordunni,1417,deathknight,frost,78,36,42
nemesis,1357,deathknight,frost,66,30,36
aegwynn,1357,deathknight,frost,52,21,31
dentarg,1256,deathknight,frost,54,27,27
drakthul,1245,deathknight,frost,24,13,11
dun-modr,1238,deathknight,frost,87,39,48
norgannon,1214,deathknight,frost,18,13,5
dun-modr,1163,deathknight,frost,38,20,18
silvermoon,1144,deathknight,frost,24,12,12
hyjal,1126,deathknight,frost,36,19,17
amanthul,1125,deathknight,frost,30,15,15
draenor,1114,deathknight,frost,48,18,30
silvermoon,1112,deathknight,frost,54,26,28
gordunni,1076,deathknight,frost,30,12,18
blackrock,1073,deathknight,frost,48,22,26
blackscar,1073,deathknight,frost,43,17,26
kazzak,1056,deathknight,frost,18,11,7
darkspear,1051,deathknight,frost,18,11,7
hyjal,1026,deathknight,frost,24,11,13
thrall,965,deathknight,frost,43,20,23
argent-dawn,959,deathknight,frost,18,10,8
kazzak,955,deathknight,frost,18,10,8
hyjal,954,deathknight,frost,18,10,8
drakthul,951,deathknight,frost,24,10,14
nerathor,924,deathknight,frost,42,21,21
burning-legion,884,deathknight,frost,20,10,10
tyrande,863,deathknight,frost,18,9,9
dun-modr,863,deathknight,frost,24,9,15
argent-dawn,862,deathknight,frost,18,9,9
kazzak,862,deathknight,frost,24,9,15
argent-dawn,860,deathknight,frost,18,9,9
kazzak,859,deathknight,frost,18,9,9
turalyon,855,deathknight,frost,24,11,13
kazzak,839,deathknight,frost,30,13,17
turalyon,830,deathknight,frost,16,10,6
eonar,816,deathknight,frost,44,19,25
the-maelstrom,771,deathknight,frost,20,10,10
ravencrest,768,deathknight,frost,12,8,4
draenor,768,deathknight,frost,18,8,10
hyjal,761,deathknight,frost,12,8,4
bloodfeather,711,deathknight,frost,29,8,21
kazzak,672,deathknight,frost,12,7,5
archimonde,672,deathknight,frost,12,7,5
alleria,672,deathknight,frost,12,7,5
ravencrest,672,deathknight,frost,18,7,11
kazzak,672,deathknight,frost,18,7,11
arthas,672,deathknight,frost,18,7,11
tarren-mill,670,deathknight,frost,12,7,5
gordunni,669,deathknight,frost,15,8,7
nemesis,665,deathknight,frost,18,7,11
the-shatar,646,deathknight,frost,18,7,11
deathguard,576,deathknight,frost,12,6,6
gordunni,576,deathknight,frost,12,6,6
booty-bay,576,deathknight,frost,12,6,6
argent-dawn,576,deathknight,frost,12,6,6
exodar,572,deathknight,frost,12,6,6
blackrock,480,deathknight,frost,6,5,1
mazrigos,480,deathknight,frost,12,5,7
kazzak,480,deathknight,frost,12,5,7
blackhand,479,deathknight,frost,12,5,7
blackmoore,479,deathknight,frost,12,5,7
teldrassil,477,deathknight,frost,6,5,1
hyjal,477,deathknight,frost,12,5,7
ravencrest,429,deathknight,frost,11,5,6
argent-dawn,384,deathknight,frost,6,4,2
draenor,384,deathknight,frost,6,4,2
shadowsong,384,deathknight,frost,15,5,10
blackmoore,384,deathknight,frost,12,4,8
kazzak,384,deathknight,frost,12,4,8
gordunni,384,deathknight,frost,17,4,13
sunstrider,383,deathknight,frost,6,4,2
sylvanas,383,deathknight,frost,6,4,2
soulflayer,383,deathknight,frost,12,4,8
xavius,383,deathknight,frost,12,4,8
gordunni,383,deathknight,frost,12,4,8
marécage-de-zangar,383,deathknight,frost,12,4,8
ravencrest,288,deathknight,frost,6,3,3
ashenvale,288,deathknight,frost,6,3,3
ravencrest,288,deathknight,frost,6,3,3
dalaran,288,deathknight,frost,6,3,3
draenor,288,deathknight,frost,6,3,3
ravencrest,288,deathknight,frost,6,3,3
twisting-nether,288,deathknight,frost,6,3,3
ravencrest,288,deathknight,frost,6,3,3
tarren-mill,288,deathknight,frost,6,3,3
blackmoore,288,deathknight,frost,6,3,3
howling-fjord,288,deathknight,frost,6,3,3
auchindoun,288,deathknight,frost,6,3,3
emeriss,288,deathknight,frost,6,3,3
twisting-nether,288,deathknight,frost,6,3,3
deathguard,288,deathknight,frost,6,3,3
blackscar,288,deathknight,frost,6,3,3
aggra-português,288,deathknight,frost,6,3,3
outland,288,deathknight,frost,8,3,5
kazzak,288,deathknight,frost,12,3,9
silvermoon,288,deathknight,frost,12,3,9
blackmoore,288,deathknight,frost,18,3,15
chogall,285,deathknight,frost,21,3,18
kazzak,284,deathknight,frost,7,5,2
frostmane,192,deathknight,frost,6,2,4
blackrock,192,deathknight,frost,6,2,4
arthas,192,deathknight,frost,6,2,4
die-aldor,192,deathknight,frost,6,2,4
the-maelstrom,192,deathknight,frost,6,2,4
spinebreaker,192,deathknight,frost,6,2,4
ragnaros,192,deathknight,frost,6,2,4
tarren-mill,192,deathknight,frost,6,2,4
draenor,192,deathknight,frost,6,2,4
draenor,192,deathknight,frost,6,2,4
stormscale,192,deathknight,frost,6,2,4
ravencrest,192,deathknight,frost,6,2,4
ravencrest,192,deathknight,frost,6,2,4
twisting-nether,192,deathknight,frost,12,2,10
ravencrest,159,deathknight,frost,5,2,3
argent-dawn,96,deathknight,frost,6,1,5
blackscar,96,deathknight,frost,6,1,5
silvermoon,96,deathknight,frost,6,1,5
archimonde,96,deathknight,frost,6,1,5
silvermoon,96,deathknight,frost,6,1,5
archimonde,96,deathknight,frost,6,1,5
ravencrest,96,deathknight,frost,6,1,5
soulflayer,96,deathknight,frost,6,1,5
ysondre,96,deathknight,frost,6,1,5
silvermoon,96,deathknight,frost,6,1,5
magtheridon,96,deathknight,frost,6,1,5
arathor,42,deathknight,frost,11,2,9
dun-modr,2204,demonhunter,havoc,104,55,49
die-aldor,2178,demonhunter,havoc,81,44,37
sanguino,2116,demonhunter,havoc,108,54,54
kazzak,2064,demonhunter,havoc,67,36,31
ghostlands,2032,demonhunter,havoc,83,39,44
antonidas,2025,demonhunter,havoc,101,53,48
twisting-nether,2001,demonhunter,havoc,92,42,50
outland,1991,demonhunter,havoc,108,57,51
ravencrest,1989,demonhunter,havoc,221,106,115
defias-brotherhood,1978,demonhunter,havoc,72,38,34
kazzak,1968,demonhunter,havoc,90,49,41
sanguino,1960,demonhunter,havoc,78,37,41
malganis,1941,demonhunter,havoc,114,60,54
archimonde,1934,demonhunter,havoc,79,37,42
tarren-mill,1932,demonhunter,havoc,54,31,23
ysondre,1928,demonhunter,havoc,54,28,26
kazzak,1918,demonhunter,havoc,83,45,38
sylvanas,1911,demonhunter,havoc,78,39,39
elune,1910,demonhunter,havoc,42,20,22
twisting-nether,1907,demonhunter,havoc,90,46,44
archimonde,1903,demonhunter,havoc,77,38,39
draenor,1897,demonhunter,havoc,78,40,38
ghostlands,1885,demonhunter,havoc,54,23,31
tarren-mill,1868,demonhunter,havoc,54,36,18
ghostlands,1867,demonhunter,havoc,60,29,31
darksorrow,1866,demonhunter,havoc,114,58,56
ravencrest,1859,demonhunter,havoc,66,32,34
tyrande,1856,demonhunter,havoc,84,45,39
blackhand,1854,demonhunter,havoc,48,23,25
ravencrest,1843,demonhunter,havoc,47,24,23
gordunni,1842,demonhunter,havoc,69,37,32
twisting-nether,1842,demonhunter,havoc,54,27,27
soulflayer,1839,demonhunter,havoc,41,23,18
blackrock,1837,demonhunter,havoc,61,32,29
aggramar,1835,demonhunter,havoc,65,33,32
ravencrest,1831,demonhunter,havoc,80,39,41
galakrond,1831,demonhunter,havoc,69,32,37
rexxar,1830,demonhunter,havoc,58,31,27
outland,1828,demonhunter,havoc,54,32,22
stormreaver,1827,demonhunter,havoc,42,26,16
archimonde,1826,demonhunter,havoc,62,31,31
ysondre,1825,demonhunter,havoc,60,31,29
soulflayer,1825,demonhunter,havoc,48,21,27
onyxia,1820,demonhunter,havoc,60,32,28
tarren-mill,1817,demonhunter,havoc,52,29,23
ragnaros,1813,demonhunter,havoc,60,25,35
outland,1809,demonhunter,havoc,48,29,19
twisting-nether,1809,demonhunter,havoc,42,22,20
soulflayer,1809,demonhunter,havoc,97,47,50
blackrock,1809,demonhunter,havoc,48,23,25
ravencrest,1808,demonhunter,havoc,36,23,13
stormscale,1808,demonhunter,havoc,33,19,14
eredar,1805,demonhunter,havoc,48,22,26
ravencrest,1804,demonhunter,havoc,66,33,33
auchindoun,1804,demonhunter,havoc,54,27,27
outland,1803,demonhunter,havoc,84,44,40
blackmoore,1802,demonhunter,havoc,78,40,38
argent-dawn,1802,demonhunter,havoc,66,31,35
gordunni,1800,demonhunter,havoc,65,29,36
twisting-nether,1796,demonhunter,havoc,83,43,40
stormscale,1788,demonhunter,havoc,46,24,22
ravencrest,1787,demonhunter,havoc,72,41,31
die-aldor,1785,demonhunter,havoc,48,31,17
howling-fjord,1779,demonhunter,havoc,90,50,40
drakthul,1768,demonhunter,havoc,48,26,22
twisting-nether,1768,demonhunter,havoc,60,27,33
draenor,1764,demonhunter,havoc,66,29,37
silvermoon,1763,demonhunter,havoc,54,26,28
drakthul,1756,demonhunter,havoc,85,46,39
silvermoon,1750,demonhunter,havoc,83,49,34
tarren-mill,1749,demonhunter,havoc,96,49,47
outland,1747,demonhunter,havoc,54,27,27
hyjal,1742,demonhunter,havoc,54,26,28
twisting-nether,1741,demonhunter,havoc,115,60,55
kilrogg,1719,demonhunter,havoc,54,26,28
burning-legion,1715,demonhunter,havoc,42,25,17
frostmourne,1712,demonhunter,havoc,37,19,18
defias-brotherhood,1711,demonhunter,havoc,56,26,30
howling-fjord,1710,demonhunter,havoc,42,19,23
blackrock,1707,demonhunter,havoc,48,24,24
archimonde,1707,demonhunter,havoc,36,18,18
kazzak,1706,demonhunter,havoc,54,32,22
soulflayer,1705,demonhunter,havoc,24,18,6
twisting-nether,1705,demonhunter,havoc,46,22,24
frostmane,1705,demonhunter,havoc,54,25,29
blackmoore,1703,demonhunter,havoc,57,35,22
zuljin,1703,demonhunter,havoc,47,21,26
nemesis,1700,demonhunter,havoc,24,18,6
argent-dawn,1699,demonhunter,havoc,42,25,17
ragnaros,1699,demonhunter,havoc,42,22,20
blackrock,1698,demonhunter,havoc,42,21,21
stormscale,1696,demonhunter,havoc,53,36,17
twisting-nether,1692,demonhunter,havoc,48,27,21
outland,1688,demonhunter,havoc,45,21,24
blackscar,1687,demonhunter,havoc,54,33,21
gordunni,1675,demonhunter,havoc,36,23,13
howling-fjord,1673,demonhunter,havoc,76,43,33
outland,1671,demonhunter,havoc,83,40,43
soulflayer,1655,demonhunter,havoc,30,18,12
argent-dawn,1655,demonhunter,havoc,58,23,35
ravenholdt,1653,demonhunter,havoc,60,31,29
tarren-mill,1652,demonhunter,havoc,48,23,25
ravencrest,1651,demonhunter,havoc,78,44,34
guldan,1650,demonhunter,havoc,46,25,21
outland,1646,demonhunter,havoc,39,23,16
archimonde,1646,demonhunter,havoc,62,31,31
stormscale,1638,demonhunter,havoc,36,25,11
aegwynn,1638,demonhunter,havoc,53,21,32
blackhand,1635,demonhunter,havoc,46,22,24
kazzak,1635,demonhunter,havoc,51,23,28
ravencrest,1631,demonhunter,havoc,56,32,24
magtheridon,1630,demonhunter,havoc,42,22,20
eredar,1628,demonhunter,havoc,30,17,13
gordunni,1627,demonhunter,havoc,36,20,16
ravencrest,1626,demonhunter,havoc,36,19,17
ravencrest,1624,demonhunter,havoc,30,17,13
nemesis,1622,demonhunter,havoc,36,24,12
howling-fjord,1617,demonhunter,havoc,54,35,19
tarren-mill,1617,demonhunter,havoc,36,20,16
azjolnerub,1617,demonhunter,havoc,84,43,41
draenor,1610,demonhunter,havoc,54,29,25
hyjal,1609,demonhunter,havoc,101,54,47
archimonde,1608,demonhunter,havoc,48,22,26
ravencrest,1608,demonhunter,havoc,48,20,28
stormscale,1598,demonhunter,havoc,78,52,26
twisting-nether,1598,demonhunter,havoc,36,20,16
ravencrest,1597,demonhunter,havoc,72,35,37
gordunni,1593,demonhunter,havoc,72,28,44
frostmane,1584,demonhunter,havoc,35,25,10
tarren-mill,1584,demonhunter,havoc,54,28,26
stormscale,1582,demonhunter,havoc,42,26,16
gordunni,1582,demonhunter,havoc,56,33,23
blackscar,1572,demonhunter,havoc,38,23,15
kazzak,1572,demonhunter,havoc,36,21,15
outland,1572,demonhunter,havoc,40,18,22
gordunni,1568,demonhunter,havoc,36,18,18
archimonde,1566,demonhunter,havoc,89,45,44
silvermoon,1565,demonhunter,havoc,36,20,16
ravencrest,1560,demonhunter,havoc,66,33,33
twisting-nether,1557,demonhunter,havoc,117,71,46
blackrock,1553,demonhunter,havoc,48,18,30
exodar,1552,demonhunter,havoc,42,20,22
ravencrest,1551,demonhunter,havoc,54,30,24
archimonde,1546,demonhunter,havoc,30,17,13
outland,1543,demonhunter,havoc,71,45,26
nemesis,1541,demonhunter,havoc,63,34,29
teldrassil,1538,demonhunter,havoc,67,31,36
tarren-mill,1537,demonhunter,havoc,54,28,26
thrall,1537,demonhunter,havoc,54,18,36
kazzak,1533,demonhunter,havoc,30,16,14
argent-dawn,1531,demonhunter,havoc,36,16,20
soulflayer,1529,demonhunter,havoc,30,18,12
draenor,1527,demonhunter,havoc,105,59,46
blackmoore,1525,demonhunter,havoc,30,20,10
eredar,1522,demonhunter,havoc,36,22,14
soulflayer,1522,demonhunter,havoc,35,17,18
zuljin,1521,demonhunter,havoc,30,16,14
ysondre,1521,demonhunter,havoc,36,16,20
silvermoon,1518,demonhunter,havoc,42,21,21
blackrock,1517,demonhunter,havoc,46,33,13
antonidas,1513,demonhunter,havoc,36,16,20
ravencrest,1513,demonhunter,havoc,42,18,24
archimonde,1512,demonhunter,havoc,30,23,7
hellscream,1511,demonhunter,havoc,87,47,40
burning-legion,1511,demonhunter,havoc,36,18,18
kazzak,1511,demonhunter,havoc,45,17,28
outland,1509,demonhunter,havoc,69,44,25
draenor,1509,demonhunter,havoc,30,19,11
outland,1509,demonhunter,havoc,33,18,15
soulflayer,1509,demonhunter,havoc,48,24,24
silvermoon,1503,demonhunter,havoc,54,26,28
argent-dawn,1501,demonhunter,havoc,39,24,15
archimonde,1497,demonhunter,havoc,54,27,27
grim-batol,1496,demonhunter,havoc,90,54,36
burning-legion,1494,demonhunter,havoc,66,40,26
ysondre,1488,demonhunter,havoc,45,22,23
blackmoore,1486,demonhunter,havoc,66,36,30
eredar,1481,demonhunter,havoc,81,40,41
tarren-mill,1479,demonhunter,havoc,36,17,19
tarren-mill,1479,demonhunter,havoc,36,17,19
ravencrest,1478,demonhunter,havoc,41,24,17
argent-dawn,1477,demonhunter,havoc,66,30,36
twisting-nether,1472,demonhunter,havoc,42,17,25
gordunni,1462,demonhunter,havoc,60,28,32
kazzak,1462,demonhunter,havoc,42,18,24
sylvanas,1453,demonhunter,havoc,123,57,66
kazzak,1450,demonhunter,havoc,53,34,19
blackhand,1437,demonhunter,havoc,24,15,9
nemesis,1433,demonhunter,havoc,24,15,9
outland,1433,demonhunter,havoc,24,15,9
hyjal,1432,demonhunter,havoc,35,23,12
ravencrest,1432,demonhunter,havoc,78,36,42
drakthul,1431,demonhunter,havoc,24,15,9
dun-modr,1431,demonhunter,havoc,36,15,21
twisting-nether,1428,demonhunter,havoc,72,32,40
garona,1427,demonhunter,havoc,24,15,9
doomhammer,1427,demonhunter,havoc,60,26,34
ravencrest,1425,demonhunter,havoc,66,34,32
soulflayer,1423,demonhunter,havoc,36,16,20
gordunni,1422,demonhunter,havoc,44,26,18
ragnaros,1422,demonhunter,havoc,38,17,21
hyjal,1421,demonhunter,havoc,30,15,15
tarren-mill,1419,demonhunter,havoc,71,32,39
ravencrest,1418,demonhunter,havoc,38,15,23
ravencrest,1416,demonhunter,havoc,25,16,9
blackscar,1407,demonhunter,havoc,42,26,16
blackrock,1405,demonhunter,havoc,47,31,16
tarren-mill,1403,demonhunter,havoc,54,30,24
kazzak,1400,demonhunter,havoc,53,32,21
the-maelstrom,1396,demonhunter,havoc,36,20,16
ragnaros,1396,demonhunter,havoc,41,21,20
ravencrest,1395,demonhunter,havoc,63,38,25
kazzak,1395,demonhunter,havoc,65,28,37
soulflayer,1392,demonhunter,havoc,86,42,44
soulflayer,1387,demonhunter,havoc,36,15,21
drakthul,1386,demonhunter,havoc,39,16,23
blackrock,1385,demonhunter,havoc,36,18,18
tarren-mill,1382,demonhunter,havoc,35,16,19
dentarg,1376,demonhunter,havoc,60,33,27
tarren-mill,1373,demonhunter,havoc,33,15,18
kazzak,1371,demonhunter,havoc,42,19,23
silvermoon,1367,demonhunter,havoc,30,15,15
ravencrest,1366,demonhunter,havoc,49,24,25
archimonde,1366,demonhunter,havoc,45,22,23
draenor,1363,demonhunter,havoc,64,32,32
azuregos,1361,demonhunter,havoc,60,24,36
kazzak,1360,demonhunter,havoc,36,16,20
archimonde,1356,demonhunter,havoc,36,15,21
ragnaros,1355,demonhunter,havoc,48,23,25
borean-tundra,1343,demonhunter,havoc,35,15,20
ravencrest,1342,demonhunter,havoc,24,14,10
azjolnerub,1340,demonhunter,havoc,62,32,30
frostwolf,1339,demonhunter,havoc,30,14,16
dalaran,1338,demonhunter,havoc,30,14,16
blackhand,1338,demonhunter,havoc,33,15,18
stormscale,1337,demonhunter,havoc,24,14,10
kazzak,1336,demonhunter,havoc,36,17,19
kult-der-verdammten,1336,demonhunter,havoc,30,14,16
sanguino,1336,demonhunter,havoc,48,22,26
stormrage,1336,demonhunter,havoc,35,15,20
frostmane,1330,demonhunter,havoc,18,14,4
shendralar,1330,demonhunter,havoc,36,15,21
soulflayer,1324,demonhunter,havoc,70,27,43
deathwing,1317,demonhunter,havoc,42,18,24
ravencrest,1314,demonhunter,havoc,50,21,29
draenor,1310,demonhunter,havoc,26,15,11
stormscale,1307,demonhunter,havoc,85,44,41
twisting-nether,1305,demonhunter,havoc,29,14,15
antonidas,1303,demonhunter,havoc,35,15,20
soulflayer,1301,demonhunter,havoc,36,21,15
stormscale,1292,demonhunter,havoc,33,14,19
kazzak,1287,demonhunter,havoc,29,14,15
eredar,1282,demonhunter,havoc,54,25,29
mazrigos,1281,demonhunter,havoc,29,14,15
ravencrest,1279,demonhunter,havoc,139,69,70
archimonde,1275,demonhunter,havoc,36,21,15
chamber-of-aspects,1264,demonhunter,havoc,47,25,22
silvermoon,1248,demonhunter,havoc,41,16,25
stormscale,1247,demonhunter,havoc,24,13,11
blackscar,1246,demonhunter,havoc,24,13,11
ravencrest,1244,demonhunter,havoc,24,13,11
ravencrest,1243,demonhunter,havoc,36,13,23
ravencrest,1241,demonhunter,havoc,18,13,5
spinebreaker,1240,demonhunter,havoc,24,13,11
gordunni,1239,demonhunter,havoc,24,13,11
draenor,1239,demonhunter,havoc,66,35,31
dalaran,1239,demonhunter,havoc,30,13,17
outland,1234,demonhunter,havoc,24,13,11
silvermoon,1234,demonhunter,havoc,24,13,11
silvermoon,1234,demonhunter,havoc,42,19,23
zuljin,1231,demonhunter,havoc,18,13,5
blackhand,1231,demonhunter,havoc,60,33,27
silvermoon,1222,demonhunter,havoc,61,25,36
drakthul,1222,demonhunter,havoc,46,18,28
ysondre,1218,demonhunter,havoc,18,13,5
tarren-mill,1218,demonhunter,havoc,24,13,11
eredar,1215,demonhunter,havoc,18,13,5
draenor,1213,demonhunter,havoc,38,15,23
tarren-mill,1211,demonhunter,havoc,26,14,12
die-aldor,1209,demonhunter,havoc,63,28,35
chamber-of-aspects,1194,demonhunter,havoc,24,14,10
soulflayer,1193,demonhunter,havoc,30,14,16
twisting-nether,1187,demonhunter,havoc,51,24,27
grom,1180,demonhunter,havoc,23,13,10
ambossar,1171,demonhunter,havoc,64,31,33
blackmoore,1169,demonhunter,havoc,42,18,24
aggramar,1161,demonhunter,havoc,18,14,4
ravencrest,1152,demonhunter,havoc,24,12,12
ragnaros,1151,demonhunter,havoc,18,12,6
silvermoon,1151,demonhunter,havoc,18,12,6
stormreaver,1151,demonhunter,havoc,24,12,12
ravencrest,1151,demonhunter,havoc,24,12,12
howling-fjord,1151,demonhunter,havoc,24,12,12
twisting-nether,1151,demonhunter,havoc,24,12,12
kazzak,1151,demonhunter,havoc,24,12,12
tirion,1151,demonhunter,havoc,24,12,12
twisting-nether,1150,demonhunter,havoc,24,12,12
emeriss,1149,demonhunter,havoc,18,12,6
antonidas,1149,demonhunter,havoc,18,12,6
twisting-nether,1149,demonhunter,havoc,36,19,17
tarren-mill,1149,demonhunter,havoc,24,12,12
ravencrest,1148,demonhunter,havoc,18,12,6
burning-legion,1147,demonhunter,havoc,18,12,6
tarren-mill,1146,demonhunter,havoc,24,12,12
twisting-nether,1146,demonhunter,havoc,24,12,12
tarren-mill,1145,demonhunter,havoc,24,12,12
ragnaros,1145,demonhunter,havoc,36,12,24
nemesis,1144,demonhunter,havoc,24,12,12
blackmoore,1143,demonhunter,havoc,24,12,12
tarren-mill,1143,demonhunter,havoc,24,12,12
stormscale,1141,demonhunter,havoc,18,14,4
dun-modr,1140,demonhunter,havoc,24,12,12
twisting-nether,1140,demonhunter,havoc,24,12,12
stormscale,1139,demonhunter,havoc,30,12,18
archimonde,1136,demonhunter,havoc,24,12,12
thrall,1135,demonhunter,havoc,18,12,6
soulflayer,1133,demonhunter,havoc,29,16,13
argent-dawn,1130,demonhunter,havoc,24,12,12
soulflayer,1127,demonhunter,havoc,24,12,12
gordunni,1121,demonhunter,havoc,30,12,18
ragnaros,1117,demonhunter,havoc,24,12,12
uldum,1115,demonhunter,havoc,18,12,6
outland,1113,demonhunter,havoc,42,23,19
twilights-hammer,1109,demonhunter,havoc,28,14,14
soulflayer,1102,demonhunter,havoc,42,17,25
ragnaros,1090,demonhunter,havoc,23,12,11
ravencrest,1086,demonhunter,havoc,23,12,11
ravencrest,1085,demonhunter,havoc,17,12,5
eldrethalas,1084,demonhunter,havoc,84,37,47
kazzak,1076,demonhunter,havoc,49,20,29
skullcrusher,1067,demonhunter,havoc,21,12,9
silvermoon,1066,demonhunter,havoc,33,13,20
hyjal,1064,demonhunter,havoc,36,16,20
stormscale,1063,demonhunter,havoc,24,13,11
argent-dawn,1056,demonhunter,havoc,23,15,8
kazzak,1056,demonhunter,havoc,18,11,7
zuljin,1056,demonhunter,havoc,18,11,7
twisting-nether,1056,demonhunter,havoc,30,11,19
draenor,1055,demonhunter,havoc,18,11,7
eredar,1055,demonhunter,havoc,18,11,7
sylvanas,1055,demonhunter,havoc,18,11,7
tarren-mill,1055,demonhunter,havoc,24,11,13
ravencrest,1054,demonhunter,havoc,18,11,7
sylvanas,1054,demonhunter,havoc,30,11,19
uldum,1051,demonhunter,havoc,24,11,13
kazzak,1050,demonhunter,havoc,30,11,19
twisting-nether,1041,demonhunter,havoc,24,13,11
ravencrest,1041,demonhunter,havoc,42,21,21
chants-éternels,1035,demonhunter,havoc,49,25,24
gordunni,1035,demonhunter,havoc,24,12,12
tarren-mill,1030,demonhunter,havoc,30,16,14
eversong,1021,demonhunter,havoc,47,22,25
outland,1016,demonhunter,havoc,54,29,25
gordunni,997,demonhunter,havoc,32,12,20
silvermoon,993,demonhunter,havoc,36,16,20
deepholm,984,demonhunter,havoc,45,21,24
amanthul,975,demonhunter,havoc,36,21,15
alexstrasza,975,demonhunter,havoc,42,19,23
silvermoon,973,demonhunter,havoc,69,36,33
galakrond,972,demonhunter,havoc,55,28,27
twisting-nether,963,demonhunter,havoc,62,34,28
soulflayer,960,demonhunter,havoc,18,10,8
outland,960,demonhunter,havoc,18,10,8
howling-fjord,960,demonhunter,havoc,18,10,8
ysondre,960,demonhunter,havoc,24,10,14
burning-legion,960,demonhunter,havoc,24,10,14
twisting-nether,960,demonhunter,havoc,24,10,14
blackrock,960,demonhunter,havoc,24,10,14
archimonde,959,demonhunter,havoc,18,10,8
gordunni,959,demonhunter,havoc,18,10,8
twisting-nether,959,demonhunter,havoc,18,10,8
sanguino,959,demonhunter,havoc,18,10,8
ravencrest,959,demonhunter,havoc,18,10,8
gordunni,958,demonhunter,havoc,12,10,2
deathguard,958,demonhunter,havoc,18,10,8
frostmane,958,demonhunter,havoc,22,10,12
tarren-mill,958,demonhunter,havoc,24,10,14
outland,957,demonhunter,havoc,18,10,8
ravencrest,953,demonhunter,havoc,18,10,8
argent-dawn,953,demonhunter,havoc,18,10,8
archimonde,953,demonhunter,havoc,96,43,53
silvermoon,952,demonhunter,havoc,18,10,8
blackrock,951,demonhunter,havoc,24,10,14
quelthalas,940,demonhunter,havoc,24,14,10
alakir,937,demonhunter,havoc,24,10,14
blackmoore,909,demonhunter,havoc,18,10,8
kazzak,906,demonhunter,havoc,23,10,13
dentarg,901,demonhunter,havoc,48,24,24
blackrock,894,demonhunter,havoc,22,10,12
ragnaros,891,demonhunter,havoc,20,11,9
exodar,890,demonhunter,havoc,20,10,10
outland,864,demonhunter,havoc,12,9,3
kazzak,864,demonhunter,havoc,12,9,3
kazzak,864,demonhunter,havoc,12,9,3
ravencrest,864,demonhunter,havoc,18,9,9
blackmoore,864,demonhunter,havoc,18,9,9
blackmoore,864,demonhunter,havoc,18,9,9
ravencrest,864,demonhunter,havoc,18,9,9
garona,864,demonhunter,havoc,18,9,9
archimonde,864,demonhunter,havoc,18,9,9
howling-fjord,864,demonhunter,havoc,18,9,9
aegwynn,864,demonhunter,havoc,18,9,9
ravencrest,864,demonhunter,havoc,18,9,9
outland,864,demonhunter,havoc,18,9,9
pozzo-delleternità,864,demonhunter,havoc,18,9,9
tarren-mill,864,demonhunter,havoc,18,9,9
gordunni,864,demonhunter,havoc,24,9,15
archimonde,864,demonhunter,havoc,24,9,15
blackmoore,863,demonhunter,havoc,12,9,3
tarren-mill,863,demonhunter,havoc,18,9,9
dalaran,863,demonhunter,havoc,18,9,9
draenor,862,demonhunter,havoc,12,9,3
doomhammer,862,demonhunter,havoc,18,9,9
argent-dawn,862,demonhunter,havoc,18,9,9
silvermoon,862,demonhunter,havoc,18,9,9
sylvanas,859,demonhunter,havoc,18,9,9
twisting-nether,856,demonhunter,havoc,18,9,9
madmortem,855,demonhunter,havoc,12,9,3
ragnaros,855,demonhunter,havoc,18,9,9
doomhammer,845,demonhunter,havoc,24,9,15
howling-fjord,842,demonhunter,havoc,18,9,9
tarren-mill,830,demonhunter,havoc,14,10,4
eversong,819,demonhunter,havoc,41,19,22
drakthul,816,demonhunter,havoc,15,9,6
gordunni,816,demonhunter,havoc,23,9,14
mazrigos,789,demonhunter,havoc,18,9,9
aegwynn,787,demonhunter,havoc,17,9,8
nemesis,768,demonhunter,havoc,12,8,4
sargeras,768,demonhunter,havoc,12,8,4
ysondre,768,demonhunter,havoc,12,8,4
twisting-nether,768,demonhunter,havoc,12,8,4
scarshield-legion,768,demonhunter,havoc,12,8,4
pozzo-delleternità,768,demonhunter,havoc,18,8,10
twisting-nether,768,demonhunter,havoc,24,8,16
gordunni,768,demonhunter,havoc,30,8,22
tarren-mill,767,demonhunter,havoc,12,8,4
draenor,767,demonhunter,havoc,12,8,4
stormscale,767,demonhunter,havoc,12,8,4
gordunni,767,demonhunter,havoc,18,8,10
ravencrest,766,demonhunter,havoc,18,8,10
stormscale,766,demonhunter,havoc,22,9,13
eredar,765,demonhunter,havoc,18,8,10
hellfire,763,demonhunter,havoc,18,8,10
kilrogg,762,demonhunter,havoc,12,8,4
aggra-português,762,demonhunter,havoc,18,8,10
ysondre,762,demonhunter,havoc,18,8,10
uldum,759,demonhunter,havoc,18,8,10
arthas,749,demonhunter,havoc,12,8,4
twisting-nether,736,demonhunter,havoc,16,8,8
dun-modr,735,demonhunter,havoc,14,9,5
ragnaros,719,demonhunter,havoc,11,8,3
blackmoore,719,demonhunter,havoc,11,8,3
kiljaeden,711,demonhunter,havoc,17,8,9
kazzak,703,demonhunter,havoc,20,8,12
grom,693,demonhunter,havoc,17,8,9
burning-blade,672,demonhunter,havoc,12,7,5
arygos,672,demonhunter,havoc,12,7,5
eredar,672,demonhunter,havoc,12,7,5
draenor,672,demonhunter,havoc,12,7,5
stormscale,672,demonhunter,havoc,12,7,5
deathguard,672,demonhunter,havoc,12,7,5
blackrock,672,demonhunter,havoc,12,7,5
bronze-dragonflight,672,demonhunter,havoc,12,7,5
blackmoore,672,demonhunter,havoc,12,7,5
howling-fjord,672,demonhunter,havoc,12,7,5
blackmoore,672,demonhunter,havoc,12,7,5
kazzak,672,demonhunter,havoc,12,7,5
nemesis,672,demonhunter,havoc,12,7,5
stormscale,672,demonhunter,havoc,12,7,5
kazzak,672,demonhunter,havoc,18,7,11
sargeras,672,demonhunter,havoc,18,7,11
archimonde,672,demonhunter,havoc,18,7,11
malganis,672,demonhunter,havoc,18,7,11
emeriss,672,demonhunter,havoc,18,7,11
goldrinn,672,demonhunter,havoc,18,7,11
magtheridon,672,demonhunter,havoc,18,7,11
sanguino,672,demonhunter,havoc,24,7,17
silvermoon,671,demonhunter,havoc,12,7,5
drakthul,671,demonhunter,havoc,12,7,5
ravencrest,671,demonhunter,havoc,12,7,5
burning-legion,671,demonhunter,havoc,12,7,5
malganis,671,demonhunter,havoc,18,7,11
hyjal,671,demonhunter,havoc,18,7,11
draenor,671,demonhunter,havoc,24,7,17
eversong,670,demonhunter,havoc,12,7,5
lich-king,670,demonhunter,havoc,12,7,5
twisting-nether,669,demonhunter,havoc,21,8,13
draenor,667,demonhunter,havoc,18,7,11
grim-batol,639,demonhunter,havoc,11,7,4
drakthul,639,demonhunter,havoc,23,7,16
burning-blade,629,demonhunter,havoc,14,8,6
gordunni,623,demonhunter,havoc,17,7,10
terokkar,618,demonhunter,havoc,28,8,20
hyjal,607,demonhunter,havoc,13,8,5
daggerspine,606,demonhunter,havoc,11,7,4
blackmoore,602,demonhunter,havoc,14,7,7
turalyon,588,demonhunter,havoc,21,8,13
twisting-nether,576,demonhunter,havoc,6,6,0
ghostlands,576,demonhunter,havoc,6,6,0
ravencrest,576,demonhunter,havoc,6,6,0
dun-modr,576,demonhunter,havoc,9,7,2
ravencrest,576,demonhunter,havoc,12,6,6
dalaran,576,demonhunter,havoc,12,6,6
ravencrest,576,demonhunter,havoc,12,6,6
stormreaver,576,demonhunter,havoc,12,6,6
howling-fjord,576,demonhunter,havoc,12,6,6
kazzak,576,demonhunter,havoc,12,6,6
tarren-mill,576,demonhunter,havoc,12,6,6
ravencrest,576,demonhunter,havoc,12,6,6
blackmoore,576,demonhunter,havoc,12,6,6
draenor,576,demonhunter,havoc,12,6,6
deathguard,576,demonhunter,havoc,12,6,6
burning-legion,576,demonhunter,havoc,12,6,6
soulflayer,576,demonhunter,havoc,12,6,6
dunemaul,576,demonhunter,havoc,12,6,6
kazzak,576,demonhunter,havoc,12,6,6
eredar,576,demonhunter,havoc,12,6,6
tarren-mill,576,demonhunter,havoc,12,6,6
sanguino,576,demonhunter,havoc,12,6,6
ahnqiraj,576,demonhunter,havoc,12,6,6
ragnaros,576,demonhunter,havoc,12,6,6
norgannon,576,demonhunter,havoc,12,6,6
kazzak,576,demonhunter,havoc,12,6,6
kazzak,576,demonhunter,havoc,12,6,6
doomhammer,576,demonhunter,havoc,12,6,6
archimonde,576,demonhunter,havoc,18,6,12
blackrock,576,demonhunter,havoc,18,6,12
hyjal,576,demonhunter,havoc,18,6,12
stormscale,576,demonhunter,havoc,18,6,12
archimonde,576,demonhunter,havoc,18,6,12
chamber-of-aspects,576,demonhunter,havoc,18,6,12
antonidas,576,demonhunter,havoc,18,6,12
blackmoore,576,demonhunter,havoc,18,6,12
stormscale,576,demonhunter,havoc,18,6,12
outland,576,demonhunter,havoc,30,6,24
dun-modr,575,demonhunter,havoc,12,6,6
gordunni,575,demonhunter,havoc,12,6,6
the-maelstrom,575,demonhunter,havoc,12,6,6
ysondre,575,demonhunter,havoc,12,6,6
argent-dawn,575,demonhunter,havoc,12,6,6
turalyon,575,demonhunter,havoc,16,7,9
kazzak,575,demonhunter,havoc,18,6,12
ragnaros,574,demonhunter,havoc,12,6,6
aszune,574,demonhunter,havoc,12,6,6
dentarg,574,demonhunter,havoc,12,6,6
tarren-mill,574,demonhunter,havoc,12,6,6
fordragon,572,demonhunter,havoc,6,6,0
argent-dawn,569,demonhunter,havoc,12,6,6
drakthul,569,demonhunter,havoc,18,6,12
gordunni,568,demonhunter,havoc,18,6,12
dun-modr,542,demonhunter,havoc,14,7,7
soulflayer,527,demonhunter,havoc,9,7,2
archimonde,527,demonhunter,havoc,15,6,9
gordunni,526,demonhunter,havoc,11,6,5
ravencrest,512,demonhunter,havoc,10,6,4
sylvanas,480,demonhunter,havoc,6,5,1
tarren-mill,480,demonhunter,havoc,6,5,1
blackrock,480,demonhunter,havoc,6,5,1
sanguino,480,demonhunter,havoc,6,5,1
emerald-dream,480,demonhunter,havoc,6,5,1
eredar,480,demonhunter,havoc,6,5,1
ravencrest,480,demonhunter,havoc,6,5,1
ravencrest,480,demonhunter,havoc,6,5,1
nemesis,480,demonhunter,havoc,6,5,1
grim-batol,480,demonhunter,havoc,6,5,1
ravencrest,480,demonhunter,havoc,12,5,7
twisting-nether,480,demonhunter,havoc,12,5,7
draenor,480,demonhunter,havoc,12,5,7
ravencrest,480,demonhunter,havoc,12,5,7
antonidas,480,demonhunter,havoc,12,5,7
alakir,480,demonhunter,havoc,12,5,7
ravencrest,480,demonhunter,havoc,12,5,7
silvermoon,480,demonhunter,havoc,12,5,7
rexxar,480,demonhunter,havoc,12,5,7
blackscar,480,demonhunter,havoc,12,5,7
sanguino,480,demonhunter,havoc,12,5,7
agamaggan,480,demonhunter,havoc,12,5,7
outland,480,demonhunter,havoc,12,5,7
twisting-nether,480,demonhunter,havoc,12,5,7
ravencrest,480,demonhunter,havoc,12,5,7
zuljin,480,demonhunter,havoc,12,5,7
blackrock,480,demonhunter,havoc,12,5,7
archimonde,480,demonhunter,havoc,12,5,7
silvermoon,480,demonhunter,havoc,12,5,7
cthun,480,demonhunter,havoc,12,5,7
tarren-mill,480,demonhunter,havoc,12,5,7
outland,480,demonhunter,havoc,12,5,7
bladefist,480,demonhunter,havoc,12,5,7
aegwynn,480,demonhunter,havoc,12,5,7
tarren-mill,480,demonhunter,havoc,12,5,7
antonidas,480,demonhunter,havoc,12,5,7
twisting-nether,480,demonhunter,havoc,12,5,7
blackmoore,480,demonhunter,havoc,12,5,7
twisting-nether,480,demonhunter,havoc,15,6,9
area-52,480,demonhunter,havoc,18,5,13
howling-fjord,480,demonhunter,havoc,18,5,13
draenor,480,demonhunter,havoc,18,5,13
silvermoon,480,demonhunter,havoc,18,5,13
argent-dawn,479,demonhunter,havoc,6,5,1
blackrock,479,demonhunter,havoc,12,5,7
outland,479,demonhunter,havoc,12,5,7
gordunni,478,demonhunter,havoc,12,5,7
nordrassil,478,demonhunter,havoc,12,5,7
eredar,477,demonhunter,havoc,12,5,7
chamber-of-aspects,477,demonhunter,havoc,15,5,10
tarren-mill,476,demonhunter,havoc,12,5,7
stormscale,474,demonhunter,havoc,12,5,7
turalyon,473,demonhunter,havoc,12,5,7
die-nachtwache,463,demonhunter,havoc,13,6,7
drakthul,447,demonhunter,havoc,11,5,6
hyjal,447,demonhunter,havoc,11,5,6
soulflayer,431,demonhunter,havoc,11,5,6
wildhammer,415,demonhunter,havoc,11,5,6
hellscream,384,demonhunter,havoc,6,4,2
ravencrest,384,demonhunter,havoc,6,4,2
los-errantes,384,demonhunter,havoc,6,4,2
archimonde,384,demonhunter,havoc,6,4,2
twisting-nether,384,demonhunter,havoc,6,4,2
gordunni,384,demonhunter,havoc,6,4,2
drakthul,384,demonhunter,havoc,6,4,2
dun-modr,384,demonhunter,havoc,6,4,2
twisting-nether,384,demonhunter,havoc,6,4,2
arathor,384,demonhunter,havoc,6,4,2
blackhand,384,demonhunter,havoc,6,4,2
tarren-mill,384,demonhunter,havoc,6,4,2
naxxramas,384,demonhunter,havoc,6,4,2
azjolnerub,384,demonhunter,havoc,6,4,2
outland,384,demonhunter,havoc,6,4,2
gordunni,384,demonhunter,havoc,6,4,2
burning-legion,384,demonhunter,havoc,6,4,2
outland,384,demonhunter,havoc,6,4,2
archimonde,384,demonhunter,havoc,6,4,2
kazzak,384,demonhunter,havoc,6,4,2
grom,384,demonhunter,havoc,6,4,2
outland,384,demonhunter,havoc,6,4,2
neptulon,384,demonhunter,havoc,6,4,2
gordunni,384,demonhunter,havoc,6,4,2
gordunni,384,demonhunter,havoc,6,4,2
gordunni,384,demonhunter,havoc,6,4,2
ravencrest,384,demonhunter,havoc,6,4,2
silvermoon,384,demonhunter,havoc,6,4,2
ragnaros,384,demonhunter,havoc,6,4,2
kazzak,384,demonhunter,havoc,11,4,7
ysondre,384,demonhunter,havoc,12,4,8
magtheridon,384,demonhunter,havoc,12,4,8
twisting-nether,384,demonhunter,havoc,12,4,8
dun-modr,384,demonhunter,havoc,12,4,8
antonidas,384,demonhunter,havoc,12,4,8
hyjal,384,demonhunter,havoc,12,4,8
twisting-nether,384,demonhunter,havoc,12,4,8
blackhand,384,demonhunter,havoc,12,4,8
twisting-nether,384,demonhunter,havoc,12,4,8
sanguino,384,demonhunter,havoc,12,4,8
nagrand,384,demonhunter,havoc,12,4,8
gordunni,384,demonhunter,havoc,12,4,8
ravencrest,384,demonhunter,havoc,12,4,8
kazzak,384,demonhunter,havoc,12,4,8
blackmoore,384,demonhunter,havoc,12,4,8
blackscar,384,demonhunter,havoc,12,4,8
soulflayer,384,demonhunter,havoc,12,4,8
argent-dawn,384,demonhunter,havoc,18,4,14
blackhand,384,demonhunter,havoc,18,4,14
tarren-mill,383,demonhunter,havoc,6,4,2
earthen-ring,383,demonhunter,havoc,12,4,8
kazzak,383,demonhunter,havoc,12,4,8
cthun,383,demonhunter,havoc,12,4,8
ravencrest,383,demonhunter,havoc,12,4,8
dun-morogh,381,demonhunter,havoc,12,4,8
blackmoore,351,demonhunter,havoc,8,5,3
soulflayer,351,demonhunter,havoc,11,4,7
blackrock,320,demonhunter,havoc,10,4,6
silvermoon,316,demonhunter,havoc,8,4,4
frostwolf,288,demonhunter,havoc,6,3,3
antonidas,288,demonhunter,havoc,6,3,3
archimonde,288,demonhunter,havoc,6,3,3
kazzak,288,demonhunter,havoc,6,3,3
ragnaros,288,demonhunter,havoc,6,3,3
hyjal,288,demonhunter,havoc,6,3,3
howling-fjord,288,demonhunter,havoc,6,3,3
blackscar,288,demonhunter,havoc,6,3,3
sanguino,288,demonhunter,havoc,6,3,3
antonidas,288,demonhunter,havoc,6,3,3
argent-dawn,288,demonhunter,havoc,6,3,3
kazzak,288,demonhunter,havoc,6,3,3
magtheridon,288,demonhunter,havoc,6,3,3
kazzak,288,demonhunter,havoc,6,3,3
blackhand,288,demonhunter,havoc,6,3,3
ravencrest,288,demonhunter,havoc,6,3,3
dalaran,288,demonhunter,havoc,6,3,3
outland,288,demonhunter,havoc,6,3,3
dun-modr,288,demonhunter,havoc,6,3,3
defias-brotherhood,288,demonhunter,havoc,6,3,3
ravencrest,288,demonhunter,havoc,6,3,3
soulflayer,288,demonhunter,havoc,6,3,3
sylvanas,288,demonhunter,havoc,6,3,3
drakthul,288,demonhunter,havoc,6,3,3
howling-fjord,288,demonhunter,havoc,6,3,3
stormscale,288,demonhunter,havoc,6,3,3
blackscar,288,demonhunter,havoc,6,3,3
nordrassil,288,demonhunter,havoc,6,3,3
soulflayer,288,demonhunter,havoc,6,3,3
drakthul,288,demonhunter,havoc,6,3,3
ravencrest,288,demonhunter,havoc,6,3,3
draenor,288,demonhunter,havoc,6,3,3
uldaman,288,demonhunter,havoc,6,3,3
blackmoore,288,demonhunter,havoc,6,3,3
dun-modr,288,demonhunter,havoc,6,3,3
archimonde,288,demonhunter,havoc,6,3,3
draenor,288,demonhunter,havoc,6,3,3
burning-legion,288,demonhunter,havoc,6,3,3
blackrock,288,demonhunter,havoc,6,3,3
howling-fjord,288,demonhunter,havoc,6,3,3
eredar,288,demonhunter,havoc,6,3,3
gordunni,288,demonhunter,havoc,6,3,3
silvermoon,288,demonhunter,havoc,6,3,3
blackrock,288,demonhunter,havoc,6,3,3
outland,288,demonhunter,havoc,6,3,3
blackmoore,288,demonhunter,havoc,6,3,3
malganis,288,demonhunter,havoc,6,3,3
soulflayer,288,demonhunter,havoc,6,3,3
antonidas,288,demonhunter,havoc,6,3,3
tichondrius,288,demonhunter,havoc,6,3,3
gordunni,288,demonhunter,havoc,6,3,3
ravencrest,288,demonhunter,havoc,6,3,3
turalyon,288,demonhunter,havoc,6,3,3
soulflayer,288,demonhunter,havoc,6,3,3
blackmoore,288,demonhunter,havoc,6,3,3
gordunni,288,demonhunter,havoc,6,3,3
ravencrest,288,demonhunter,havoc,6,3,3
howling-fjord,288,demonhunter,havoc,6,3,3
culte-de-la-rive-noire,288,demonhunter,havoc,6,3,3
silvermoon,288,demonhunter,havoc,6,3,3
blackmoore,288,demonhunter,havoc,6,3,3
draenor,288,demonhunter,havoc,6,3,3
nemesis,288,demonhunter,havoc,6,3,3
tarren-mill,288,demonhunter,havoc,6,3,3
ravencrest,288,demonhunter,havoc,6,3,3
twisting-nether,288,demonhunter,havoc,6,3,3
greymane,288,demonhunter,havoc,6,3,3
outland,288,demonhunter,havoc,7,3,4
ragnaros,288,demonhunter,havoc,8,3,5
the-shatar,288,demonhunter,havoc,12,3,9
sanguino,288,demonhunter,havoc,12,3,9
taerar,288,demonhunter,havoc,12,3,9
thrall,288,demonhunter,havoc,12,3,9
silvermoon,288,demonhunter,havoc,12,3,9
earthen-ring,288,demonhunter,havoc,12,3,9
pozzo-delleternità,288,demonhunter,havoc,12,3,9
archimonde,288,demonhunter,havoc,12,3,9
burning-legion,288,demonhunter,havoc,12,3,9
silvermoon,288,demonhunter,havoc,12,3,9
silvermoon,288,demonhunter,havoc,12,3,9
drakthul,288,demonhunter,havoc,12,3,9
argent-dawn,288,demonhunter,havoc,12,3,9
burning-legion,288,demonhunter,havoc,12,3,9
eredar,288,demonhunter,havoc,12,3,9
turalyon,288,demonhunter,havoc,12,3,9
nemesis,288,demonhunter,havoc,12,3,9
ravencrest,288,demonhunter,havoc,18,3,15
quelthalas,288,demonhunter,havoc,18,3,15
dun-modr,288,demonhunter,havoc,18,3,15
stormscale,287,demonhunter,havoc,6,3,3
tarren-mill,287,demonhunter,havoc,6,3,3
blutkessel,287,demonhunter,havoc,6,3,3
silvermoon,287,demonhunter,havoc,9,4,5
bronze-dragonflight,286,demonhunter,havoc,6,3,3
archimonde,286,demonhunter,havoc,6,3,3
alakir,286,demonhunter,havoc,12,3,9
quelthalas,239,demonhunter,havoc,5,3,2
outland,239,demonhunter,havoc,5,3,2
amanthul,208,demonhunter,havoc,7,3,4
kazzak,192,demonhunter,havoc,4,3,1
blackmoore,192,demonhunter,havoc,4,3,1
argent-dawn,192,demonhunter,havoc,6,2,4
alonsus,192,demonhunter,havoc,6,2,4
archimonde,192,demonhunter,havoc,6,2,4
aegwynn,192,demonhunter,havoc,6,2,4
ravencrest,192,demonhunter,havoc,6,2,4
hyjal,192,demonhunter,havoc,6,2,4
pozzo-delleternità,192,demonhunter,havoc,6,2,4
kazzak,192,demonhunter,havoc,6,2,4
soulflayer,192,demonhunter,havoc,6,2,4
tarren-mill,192,demonhunter,havoc,6,2,4
uldum,192,demonhunter,havoc,6,2,4
ragnaros,192,demonhunter,havoc,6,2,4
ravencrest,192,demonhunter,havoc,6,2,4
drakthul,192,demonhunter,havoc,6,2,4
ragnaros,192,demonhunter,havoc,6,2,4
stormreaver,192,demonhunter,havoc,6,2,4
tarren-mill,192,demonhunter,havoc,6,2,4
outland,192,demonhunter,havoc,6,2,4
twisting-nether,192,demonhunter,havoc,6,2,4
ravencrest,192,demonhunter,havoc,6,2,4
stormscale,192,demonhunter,havoc,6,2,4
archimonde,192,demonhunter,havoc,6,2,4
soulflayer,192,demonhunter,havoc,6,2,4
zenedar,192,demonhunter,havoc,6,2,4
ysondre,192,demonhunter,havoc,6,2,4
outland,192,demonhunter,havoc,6,2,4
nemesis,192,demonhunter,havoc,6,2,4
outland,192,demonhunter,havoc,6,2,4
hellfire,192,demonhunter,havoc,6,2,4
draenor,192,demonhunter,havoc,6,2,4
kazzak,192,demonhunter,havoc,6,2,4
kirin-tor,192,demonhunter,havoc,6,2,4
rexxar,192,demonhunter,havoc,6,2,4
sylvanas,192,demonhunter,havoc,6,2,4
blackmoore,192,demonhunter,havoc,6,2,4
ysondre,192,demonhunter,havoc,6,2,4
borean-tundra,192,demonhunter,havoc,6,2,4
gordunni,192,demonhunter,havoc,6,2,4
uldaman,192,demonhunter,havoc,6,2,4
laughing-skull,192,demonhunter,havoc,6,2,4
gordunni,192,demonhunter,havoc,6,2,4
turalyon,192,demonhunter,havoc,6,2,4
sylvanas,192,demonhunter,havoc,6,2,4
howling-fjord,192,demonhunter,havoc,6,2,4
doomhammer,192,demonhunter,havoc,6,2,4
blackhand,192,demonhunter,havoc,6,2,4
borean-tundra,192,demonhunter,havoc,6,2,4
blackscar,192,demonhunter,havoc,6,2,4
malganis,192,demonhunter,havoc,6,2,4
ragnaros,192,demonhunter,havoc,12,2,10
ravencrest,192,demonhunter,havoc,12,2,10
draenor,192,demonhunter,havoc,12,2,10
la-croisade-écarlate,192,demonhunter,havoc,12,2,10
ravencrest,192,demonhunter,havoc,12,2,10
sylvanas,192,demonhunter,havoc,12,2,10
the-maelstrom,192,demonhunter,havoc,12,2,10
tarren-mill,192,demonhunter,havoc,12,2,10
frostmane,192,demonhunter,havoc,12,2,10
kargath,192,demonhunter,havoc,12,2,10
argent-dawn,191,demonhunter,havoc,6,2,4
nemesis,191,demonhunter,havoc,6,2,4
ulduar,191,demonhunter,havoc,12,2,10
hyjal,191,demonhunter,havoc,12,2,10
blackmoore,127,demonhunter,havoc,8,2,6
argent-dawn,96,demonhunter,havoc,3,2,1
grim-batol,96,demonhunter,havoc,6,1,5
eredar,96,demonhunter,havoc,6,1,5
silvermoon,96,demonhunter,havoc,6,1,5
tarren-mill,96,demonhunter,havoc,6,1,5
bronzebeard,96,demonhunter,havoc,6,1,5
stormscale,96,demonhunter,havoc,6,1,5
drakthul,96,demonhunter,havoc,6,1,5
stormscale,96,demonhunter,havoc,6,1,5
alleria,96,demonhunter,havoc,6,1,5
argent-dawn,96,demonhunter,havoc,6,1,5
gordunni,96,demonhunter,havoc,6,1,5
twisting-nether,96,demonhunter,havoc,6,1,5
drakthul,96,demonhunter,havoc,6,1,5
nemesis,96,demonhunter,havoc,6,1,5
draenor,96,demonhunter,havoc,6,1,5
archimonde,96,demonhunter,havoc,6,1,5
draenor,96,demonhunter,havoc,6,1,5
draenor,96,demonhunter,havoc,6,1,5
pozzo-delleternità,96,demonhunter,havoc,6,1,5
gordunni,96,demonhunter,havoc,6,1,5
frostwolf,96,demonhunter,havoc,6,1,5
ahnqiraj,96,demonhunter,havoc,6,1,5
howling-fjord,96,demonhunter,havoc,6,1,5
howling-fjord,96,demonhunter,havoc,6,1,5
eredar,96,demonhunter,havoc,6,1,5
outland,96,demonhunter,havoc,6,1,5
kazzak,96,demonhunter,havoc,6,1,5
fordragon,96,demonhunter,havoc,6,1,5
hyjal,96,demonhunter,havoc,6,1,5
sunstrider,96,demonhunter,havoc,12,1,11
outland,96,demonhunter,havoc,12,1,11
blackhand,79,demonhunter,havoc,5,1,4
stormscale,79,demonhunter,havoc,5,1,4
blackmoore,79,demonhunter,havoc,5,1,4
gordunni,42,demonhunter,havoc,8,2,6
blackhand,31,demonhunter,havoc,2,1,1
blackrock,31,demonhunter,havoc,2,1,1
tarren-mill,31,demonhunter,havoc,2,1,1
ravencrest,31,demonhunter,havoc,2,1,1
draenor,16,demonhunter,havoc,1,1,0
madmortem,16,demonhunter,havoc,1,1,0
frostwhisper,1736,demonhunter,vengeance,48,23,25
outland,765,demonhunter,vengeance,18,8,10
aggra-português,336,demonhunter,vengeance,9,4,5
grom,192,demonhunter,vengeance,12,2,10
hyjal,95,demonhunter,vengeance,6,1,5
kazzak,2200,druid,restoration,81,47,34
ravencrest,2162,druid,restoration,130,71,59
ravencrest,2153,druid,restoration,120,65,55
outland,2107,druid,restoration,95,59,36
kelthuzad,2105,druid,restoration,78,45,33
stormscale,2101,druid,restoration,60,44,16
elune,2017,druid,restoration,131,65,66
argent-dawn,1990,druid,restoration,212,114,98
kazzak,1960,druid,restoration,60,31,29
sylvanas,1947,druid,restoration,60,36,24
stormreaver,1945,druid,restoration,54,31,23
magtheridon,1932,druid,restoration,90,47,43
outland,1911,druid,restoration,58,29,29
stormreaver,1886,druid,restoration,60,34,26
ravencrest,1876,druid,restoration,142,88,54
guldan,1865,druid,restoration,54,29,25
tarren-mill,1862,druid,restoration,93,54,39
eredar,1855,druid,restoration,66,32,34
ravencrest,1852,druid,restoration,48,30,18
archimonde,1850,druid,restoration,47,30,17
silvermoon,1844,druid,restoration,97,46,51
ravencrest,1836,druid,restoration,42,25,17
silvermoon,1830,druid,restoration,71,31,40
draenor,1828,druid,restoration,57,30,27
blackhand,1827,druid,restoration,65,33,32
sunstrider,1825,druid,restoration,43,25,18
aszune,1823,druid,restoration,42,25,17
blackrock,1820,druid,restoration,60,27,33
stormscale,1800,druid,restoration,60,32,28
arthas,1799,druid,restoration,59,26,33
burning-legion,1794,druid,restoration,125,63,62
blackscar,1775,druid,restoration,83,38,45
dun-morogh,1774,druid,restoration,42,23,19
silvermoon,1767,druid,restoration,60,27,33
archimonde,1763,druid,restoration,102,49,53
ravencrest,1755,druid,restoration,93,54,39
aegwynn,1752,druid,restoration,36,21,15
outland,1742,druid,restoration,41,19,22
thunderhorn,1740,druid,restoration,66,36,30
deathguard,1739,druid,restoration,66,38,28
outland,1734,druid,restoration,48,23,25
kazzak,1728,druid,restoration,47,28,19
outland,1716,druid,restoration,65,26,39
ravencrest,1715,druid,restoration,31,21,10
draenor,1715,druid,restoration,36,18,18
archimonde,1711,druid,restoration,30,18,12
ravencrest,1706,druid,restoration,42,18,24
burning-blade,1704,druid,restoration,42,28,14
argent-dawn,1696,druid,restoration,42,29,13
stormscale,1683,druid,restoration,42,27,15
gordunni,1674,druid,restoration,36,18,18
thrall,1673,druid,restoration,47,26,21
silvermoon,1673,druid,restoration,102,51,51
ravencrest,1667,druid,restoration,117,56,61
kazzak,1657,druid,restoration,48,29,19
xavius,1657,druid,restoration,45,26,19
stormscale,1650,druid,restoration,60,23,37
archimonde,1646,druid,restoration,48,20,28
elune,1645,druid,restoration,72,36,36
howling-fjord,1636,druid,restoration,52,29,23
stormscale,1630,druid,restoration,60,34,26
tarren-mill,1629,druid,restoration,30,17,13
stormscale,1628,druid,restoration,30,17,13
auchindoun,1622,druid,restoration,51,30,21
gordunni,1619,druid,restoration,32,18,14
outland,1615,druid,restoration,24,17,7
zuljin,1608,druid,restoration,48,20,28
blackscar,1607,druid,restoration,39,27,12
kazzak,1600,druid,restoration,24,17,7
argent-dawn,1600,druid,restoration,48,27,21
sinstralis,1600,druid,restoration,152,77,75
tarren-mill,1600,druid,restoration,58,20,38
auchindoun,1589,druid,restoration,96,49,47
twisting-nether,1569,druid,restoration,60,36,24
archimonde,1562,druid,restoration,66,29,37
ravencrest,1553,druid,restoration,36,17,19
dalaran,1550,druid,restoration,107,60,47
blackhand,1548,druid,restoration,48,23,25
korgall,1547,druid,restoration,30,18,12
eredar,1539,druid,restoration,36,19,17
aegwynn,1532,druid,restoration,24,16,8
ravencrest,1532,druid,restoration,30,16,14
ysondre,1530,druid,restoration,30,16,14
ravencrest,1514,druid,restoration,47,24,23
outland,1512,druid,restoration,51,26,25
gordunni,1506,druid,restoration,78,47,31
outland,1494,druid,restoration,66,34,32
kazzak,1488,druid,restoration,43,21,22
blackmoore,1482,druid,restoration,42,20,22
gordunni,1481,druid,restoration,75,37,38
drakthul,1478,druid,restoration,24,16,8
ambossar,1474,druid,restoration,48,23,25
tarren-mill,1464,druid,restoration,42,23,19
silvermoon,1461,druid,restoration,56,28,28
draenor,1458,druid,restoration,42,21,21
eredar,1455,druid,restoration,44,25,19
darksorrow,1443,druid,restoration,84,45,39
kazzak,1441,druid,restoration,171,69,102
howling-fjord,1435,druid,restoration,66,34,32
ravencrest,1423,druid,restoration,133,84,49
tarren-mill,1399,druid,restoration,28,16,12
kazzak,1395,druid,restoration,54,25,29
gordunni,1369,druid,restoration,65,32,33
ragnaros,1366,druid,restoration,30,16,14
jaedenar,1357,druid,restoration,60,27,33
sylvanas,1356,druid,restoration,93,49,44
silvermoon,1353,druid,restoration,271,130,141
outland,1348,druid,restoration,34,19,15
kazzak,1343,druid,restoration,24,14,10
draenor,1334,druid,restoration,60,28,32
eversong,1331,druid,restoration,66,33,33
ravencrest,1330,druid,restoration,36,15,21
ragnaros,1326,druid,restoration,71,33,38
stormreaver,1324,druid,restoration,30,20,10
dun-modr,1323,druid,restoration,120,62,58
kazzak,1322,druid,restoration,36,20,16
sunstrider,1319,druid,restoration,42,27,15
soulflayer,1316,druid,restoration,36,18,18
xavius,1309,druid,restoration,60,30,30
sylvanas,1305,druid,restoration,47,24,23
stormscale,1300,druid,restoration,54,26,28
tirion,1298,druid,restoration,42,22,20
sylvanas,1294,druid,restoration,36,18,18
terokkar,1294,druid,restoration,87,36,51
ambossar,1293,druid,restoration,32,15,17
outland,1292,druid,restoration,73,34,39
rexxar,1291,druid,restoration,36,17,19
sylvanas,1290,druid,restoration,24,14,10
stormscale,1286,druid,restoration,42,14,28
defias-brotherhood,1284,druid,restoration,91,41,50
outland,1277,druid,restoration,24,14,10
arathor,1276,druid,restoration,44,22,22
twisting-nether,1275,druid,restoration,69,36,33
gordunni,1267,druid,restoration,81,38,43
kazzak,1265,druid,restoration,48,27,21
gordunni,1252,druid,restoration,73,47,26
blackmoore,1251,druid,restoration,84,39,45
ravencrest,1247,druid,restoration,24,13,11
stormscale,1247,druid,restoration,35,17,18
ravencrest,1246,druid,restoration,30,13,17
voljin,1245,druid,restoration,36,13,23
outland,1242,druid,restoration,18,13,5
earthen-ring,1242,druid,restoration,131,71,60
outland,1236,druid,restoration,24,16,8
aszune,1231,druid,restoration,72,39,33
silvermoon,1230,druid,restoration,48,24,24
archimonde,1223,druid,restoration,30,13,17
archimonde,1210,druid,restoration,24,13,11
nemesis,1209,druid,restoration,30,16,14
gilneas,1209,druid,restoration,49,26,23
archimonde,1204,druid,restoration,103,56,47
azshara,1200,druid,restoration,72,39,33
antonidas,1200,druid,restoration,35,17,18
kazzak,1199,druid,restoration,23,13,10
gordunni,1188,druid,restoration,54,25,29
eversong,1182,druid,restoration,72,26,46
twisting-nether,1181,druid,restoration,24,17,7
hyjal,1177,druid,restoration,72,39,33
tarren-mill,1155,druid,restoration,24,13,11
stormscale,1151,druid,restoration,47,29,18
ravencrest,1151,druid,restoration,24,12,12
twisting-nether,1150,druid,restoration,24,12,12
archimonde,1147,druid,restoration,24,12,12
aegwynn,1146,druid,restoration,24,12,12
sanguino,1146,druid,restoration,36,12,24
archimonde,1145,druid,restoration,18,12,6
aegwynn,1143,druid,restoration,179,87,92
karazhan,1141,druid,restoration,79,43,36
thrall,1141,druid,restoration,66,34,32
gordunni,1139,druid,restoration,30,12,18
howling-fjord,1138,druid,restoration,19,13,6
kazzak,1136,druid,restoration,42,24,18
outland,1134,druid,restoration,53,19,34
kazzak,1130,druid,restoration,26,14,12
khaz-modan,1114,druid,restoration,30,18,12
alakir,1109,druid,restoration,30,16,14
aegwynn,1102,druid,restoration,29,14,15
hyjal,1101,druid,restoration,30,19,11
blackrock,1097,druid,restoration,29,14,15
argent-dawn,1093,druid,restoration,48,14,34
gordunni,1089,druid,restoration,75,35,40
aegwynn,1087,druid,restoration,20,12,8
twisting-nether,1086,druid,restoration,42,23,19
drakthul,1085,druid,restoration,56,29,27
stormscale,1082,druid,restoration,36,18,18
twisting-nether,1081,druid,restoration,17,12,5
grim-batol,1073,druid,restoration,24,13,11
outland,1062,druid,restoration,76,31,45
drakthul,1056,druid,restoration,24,11,13
draenor,1056,druid,restoration,24,11,13
gordunni,1056,druid,restoration,24,11,13
aegwynn,1055,druid,restoration,18,11,7
kazzak,1055,druid,restoration,18,11,7
malganis,1055,druid,restoration,24,11,13
malganis,1053,druid,restoration,18,11,7
shattered-hand,1053,druid,restoration,18,11,7
gordunni,1053,druid,restoration,18,11,7
gordunni,1052,druid,restoration,18,11,7
kazzak,1041,druid,restoration,18,11,7
ravencrest,1038,druid,restoration,18,11,7
silvermoon,1024,druid,restoration,50,13,37
argent-dawn,1021,druid,restoration,44,20,24
azjolnerub,1020,druid,restoration,30,18,12
eredar,1019,druid,restoration,25,12,13
antonidas,1015,druid,restoration,33,21,12
kazzak,1015,druid,restoration,31,11,20
archimonde,1011,druid,restoration,36,13,23
blackrock,1001,druid,restoration,24,11,13
kazzak,991,druid,restoration,47,16,31
sanguino,986,druid,restoration,30,15,15
runetotem,976,druid,restoration,22,12,10
argent-dawn,966,druid,restoration,36,16,20
sylvanas,962,druid,restoration,63,36,27
archimonde,960,druid,restoration,18,10,8
soulflayer,960,druid,restoration,18,10,8
burning-legion,960,druid,restoration,24,10,14
draenor,959,druid,restoration,12,10,2
sylvanas,959,druid,restoration,24,10,14
blackrock,958,druid,restoration,18,10,8
ragnaros,955,druid,restoration,18,10,8
archimonde,954,druid,restoration,30,18,12
drakthul,954,druid,restoration,82,44,38
kazzak,950,druid,restoration,18,10,8
blackscar,950,druid,restoration,24,10,14
ravencrest,947,druid,restoration,18,10,8
kazzak,943,druid,restoration,12,10,2
defias-brotherhood,938,druid,restoration,42,22,20
auchindoun,930,druid,restoration,30,10,20
stormscale,927,druid,restoration,17,10,7
tarren-mill,925,druid,restoration,24,13,11
doomhammer,923,druid,restoration,36,13,23
blackmoore,917,druid,restoration,46,20,26
sylvanas,911,druid,restoration,17,10,7
archimonde,903,druid,restoration,35,11,24
archimonde,899,druid,restoration,24,12,12
lich-king,878,druid,restoration,24,10,14
archimonde,870,druid,restoration,42,18,24
sanguino,864,druid,restoration,12,9,3
kazzak,864,druid,restoration,12,9,3
burning-legion,864,druid,restoration,18,9,9
sylvanas,864,druid,restoration,24,9,15
outland,863,druid,restoration,18,9,9
ravencrest,862,druid,restoration,18,9,9
shattered-hand,862,druid,restoration,18,9,9
silvermoon,861,druid,restoration,24,9,15
stormscale,860,druid,restoration,18,9,9
drakthul,859,druid,restoration,18,10,8
dun-morogh,859,druid,restoration,35,17,18
blackrock,855,druid,restoration,24,9,15
outland,854,druid,restoration,12,9,3
kazzak,843,druid,restoration,23,9,14
silvermoon,837,druid,restoration,19,10,9
twisting-nether,836,druid,restoration,18,9,9
blackscar,830,druid,restoration,24,10,14
gordunni,828,druid,restoration,16,10,6
ravencrest,817,druid,restoration,71,24,47
ragnaros,816,druid,restoration,15,10,5
sylvanas,804,druid,restoration,42,16,26
grom,784,druid,restoration,28,11,17
silvermoon,783,druid,restoration,11,9,2
silvermoon,768,druid,restoration,12,8,4
ravencrest,768,druid,restoration,12,8,4
draenor,768,druid,restoration,12,8,4
aegwynn,768,druid,restoration,12,8,4
ravencrest,768,druid,restoration,12,8,4
silvermoon,767,druid,restoration,12,8,4
ravencrest,766,druid,restoration,18,8,10
blackhand,765,druid,restoration,12,8,4
silvermoon,765,druid,restoration,12,8,4
nemesis,765,druid,restoration,14,8,6
aegwynn,765,druid,restoration,18,8,10
kazzak,765,druid,restoration,18,8,10
krasus,762,druid,restoration,12,8,4
outland,761,druid,restoration,18,8,10
magtheridon,752,druid,restoration,12,8,4
burning-legion,751,druid,restoration,12,8,4
ghostlands,741,druid,restoration,22,9,13
nemesis,729,druid,restoration,123,51,72
eversong,721,druid,restoration,18,8,10
stormscale,702,druid,restoration,16,8,8
blackscar,700,druid,restoration,29,9,20
blackmoore,690,druid,restoration,14,8,6
kazzak,686,druid,restoration,13,8,5
azuregos,675,druid,restoration,25,8,17
ravencrest,672,druid,restoration,12,7,5
ravencrest,672,druid,restoration,12,7,5
outland,672,druid,restoration,12,7,5
eredar,672,druid,restoration,12,7,5
galakrond,672,druid,restoration,18,7,11
ravencrest,672,druid,restoration,18,7,11
archimonde,672,druid,restoration,18,7,11
gordunni,672,druid,restoration,24,7,17
kazzak,671,druid,restoration,12,7,5
ravencrest,671,druid,restoration,12,7,5
archimonde,671,druid,restoration,12,7,5
archimonde,671,druid,restoration,18,7,11
twilights-hammer,671,druid,restoration,18,7,11
gordunni,671,druid,restoration,24,7,17
aegwynn,670,druid,restoration,18,7,11
gordunni,668,druid,restoration,16,8,8
argent-dawn,667,druid,restoration,18,7,11
draenor,667,druid,restoration,18,7,11
hyjal,666,druid,restoration,12,7,5
kazzak,666,druid,restoration,12,7,5
argent-dawn,661,druid,restoration,12,7,5
ravencrest,640,druid,restoration,10,8,2
aegwynn,639,druid,restoration,16,7,9
ravencrest,639,druid,restoration,20,8,12
ravencrest,624,druid,restoration,17,7,10
aegwynn,610,druid,restoration,28,9,19
deathguard,607,druid,restoration,8,7,1
emeriss,607,druid,restoration,11,7,4
argent-dawn,594,druid,restoration,16,7,9
ravencrest,576,druid,restoration,6,6,0
sylvanas,576,druid,restoration,6,6,0
kazzak,576,druid,restoration,6,6,0
blackmoore,576,druid,restoration,6,6,0
die-nachtwache,576,druid,restoration,12,6,6
silvermoon,576,druid,restoration,12,6,6
ragnaros,576,druid,restoration,12,6,6
gordunni,576,druid,restoration,12,6,6
outland,576,druid,restoration,12,6,6
aegwynn,576,druid,restoration,12,6,6
eredar,576,druid,restoration,12,6,6
kazzak,576,druid,restoration,12,6,6
twisting-nether,576,druid,restoration,12,6,6
ravencrest,576,druid,restoration,12,6,6
ravencrest,576,druid,restoration,12,6,6
argent-dawn,576,druid,restoration,18,6,12
stormscale,576,druid,restoration,18,6,12
tarren-mill,576,druid,restoration,18,6,12
soulflayer,575,druid,restoration,12,6,6
dun-morogh,575,druid,restoration,12,6,6
outland,575,druid,restoration,12,6,6
ragnaros,575,druid,restoration,12,6,6
tarren-mill,575,druid,restoration,18,6,12
archimonde,575,druid,restoration,18,6,12
stormscale,575,druid,restoration,18,6,12
earthen-ring,575,druid,restoration,18,6,12
tarren-mill,574,druid,restoration,12,6,6
wrathbringer,574,druid,restoration,12,6,6
ragnaros,574,druid,restoration,18,6,12
gordunni,574,druid,restoration,24,6,18
gordunni,573,druid,restoration,10,7,3
baelgun,573,druid,restoration,18,6,12
twisting-nether,573,druid,restoration,24,6,18
the-maelstrom,571,druid,restoration,12,6,6
khazgoroth,568,druid,restoration,18,6,12
tarren-mill,543,druid,restoration,17,6,11
blackscar,528,druid,restoration,9,6,3
stormscale,522,druid,restoration,17,8,9
outland,480,druid,restoration,6,5,1
grim-batol,480,druid,restoration,6,5,1
soulflayer,480,druid,restoration,6,5,1
ravencrest,480,druid,restoration,12,5,7
outland,480,druid,restoration,12,5,7
stormscale,480,druid,restoration,12,5,7
outland,480,druid,restoration,12,5,7
blackscar,480,druid,restoration,12,5,7
stormscale,480,druid,restoration,12,5,7
outland,480,druid,restoration,12,5,7
kazzak,480,druid,restoration,12,5,7
argent-dawn,480,druid,restoration,12,5,7
stormscale,480,druid,restoration,12,5,7
ragnaros,480,druid,restoration,12,5,7
hellscream,480,druid,restoration,12,5,7
drakthul,480,druid,restoration,18,5,13
ravencrest,480,druid,restoration,18,5,13
blackmoore,479,druid,restoration,6,5,1
blackrock,479,druid,restoration,6,5,1
twisting-nether,479,druid,restoration,6,5,1
colinas-pardas,479,druid,restoration,12,5,7
ravencrest,479,druid,restoration,12,5,7
hyjal,479,druid,restoration,12,5,7
blackrock,479,druid,restoration,13,5,8
emerald-dream,479,druid,restoration,16,6,10
silvermoon,478,druid,restoration,6,5,1
eredar,477,druid,restoration,12,5,7
spinebreaker,477,druid,restoration,12,5,7
aggramar,477,druid,restoration,12,5,7
doomhammer,476,druid,restoration,12,5,7
malganis,475,druid,restoration,12,5,7
ysondre,463,druid,restoration,17,5,12
eredar,453,druid,restoration,31,10,21
sylvanas,447,druid,restoration,10,5,5
draenor,447,druid,restoration,11,5,6
gilneas,426,druid,restoration,21,6,15
garona,425,druid,restoration,16,7,9
dun-modr,400,druid,restoration,13,5,8
twisting-nether,393,druid,restoration,28,6,22
ravencrest,384,druid,restoration,6,4,2
ravencrest,384,druid,restoration,6,4,2
tarren-mill,384,druid,restoration,6,4,2
hyjal,384,druid,restoration,6,4,2
howling-fjord,384,druid,restoration,6,4,2
ravencrest,384,druid,restoration,6,4,2
antonidas,384,druid,restoration,6,4,2
archimonde,384,druid,restoration,6,4,2
archimonde,384,druid,restoration,6,4,2
blackrock,384,druid,restoration,6,4,2
argent-dawn,384,druid,restoration,6,4,2
eonar,384,druid,restoration,6,4,2
destromath,384,druid,restoration,6,4,2
chants-éternels,384,druid,restoration,6,4,2
kazzak,384,druid,restoration,6,4,2
ysondre,384,druid,restoration,6,4,2
twisting-nether,384,druid,restoration,6,4,2
silvermoon,384,druid,restoration,6,4,2
the-maelstrom,384,druid,restoration,6,4,2
ravencrest,384,druid,restoration,6,4,2
blackmoore,384,druid,restoration,6,4,2
silvermoon,384,druid,restoration,6,4,2
sanguino,384,druid,restoration,6,4,2
blackmoore,384,druid,restoration,12,4,8
antonidas,384,druid,restoration,12,4,8
aszune,384,druid,restoration,12,4,8
argent-dawn,384,druid,restoration,12,4,8
aegwynn,384,druid,restoration,12,4,8
aszune,384,druid,restoration,12,4,8
blackmoore,384,druid,restoration,12,4,8
draenor,384,druid,restoration,12,4,8
pozzo-delleternità,384,druid,restoration,12,4,8
blackmoore,384,druid,restoration,12,4,8
tarren-mill,384,druid,restoration,12,4,8
kazzak,384,druid,restoration,18,4,14
defias-brotherhood,383,druid,restoration,6,4,2
silvermoon,383,druid,restoration,6,4,2
kargath,383,druid,restoration,6,4,2
deathguard,383,druid,restoration,12,4,8
burning-legion,383,druid,restoration,12,4,8
howling-fjord,383,druid,restoration,24,4,20
nazjatar,382,druid,restoration,12,4,8
ravencrest,382,druid,restoration,12,4,8
soulflayer,382,druid,restoration,12,4,8
ravencrest,381,druid,restoration,12,4,8
outland,379,druid,restoration,12,4,8
doomhammer,379,druid,restoration,12,4,8
silvermoon,377,druid,restoration,18,4,14
silvermoon,351,druid,restoration,11,4,7
ysera,351,druid,restoration,11,4,7
stormreaver,288,druid,restoration,6,3,3
tarren-mill,288,druid,restoration,6,3,3
shattrath,288,druid,restoration,6,3,3
blackmoore,288,druid,restoration,6,3,3
stormscale,288,druid,restoration,6,3,3
frostmane,288,druid,restoration,6,3,3
blackrock,288,druid,restoration,6,3,3
ravencrest,288,druid,restoration,6,3,3
frostmane,288,druid,restoration,6,3,3
blackmoore,288,druid,restoration,6,3,3
tarren-mill,288,druid,restoration,6,3,3
blackrock,288,druid,restoration,6,3,3
tarren-mill,288,druid,restoration,6,3,3
draenor,288,druid,restoration,6,3,3
nazjatar,288,druid,restoration,6,3,3
ravencrest,288,druid,restoration,6,3,3
ravencrest,288,druid,restoration,6,3,3
ravencrest,288,druid,restoration,6,3,3
ysondre,288,druid,restoration,6,3,3
tarren-mill,288,druid,restoration,6,3,3
howling-fjord,288,druid,restoration,6,3,3
silvermoon,288,druid,restoration,6,3,3
tarren-mill,288,druid,restoration,6,3,3
outland,288,druid,restoration,6,3,3
defias-brotherhood,288,druid,restoration,6,3,3
outland,288,druid,restoration,6,3,3
neptulon,288,druid,restoration,6,3,3
ravencrest,288,druid,restoration,6,3,3
outland,288,druid,restoration,6,3,3
sylvanas,288,druid,restoration,6,3,3
sylvanas,288,druid,restoration,6,3,3
ragnaros,288,druid,restoration,6,3,3
los-errantes,288,druid,restoration,6,3,3
gordunni,288,druid,restoration,6,3,3
soulflayer,288,druid,restoration,6,3,3
soulflayer,288,druid,restoration,6,3,3
twisting-nether,288,druid,restoration,6,3,3
sanguino,288,druid,restoration,7,3,4
archimonde,288,druid,restoration,9,3,6
burning-legion,288,druid,restoration,11,3,8
kazzak,288,druid,restoration,12,3,9
razuvious,288,druid,restoration,12,3,9
darkmoon-faire,288,druid,restoration,12,3,9
ravencrest,288,druid,restoration,12,3,9
hyjal,288,druid,restoration,12,3,9
blackscar,288,druid,restoration,12,3,9
die-nachtwache,288,druid,restoration,12,3,9
stormscale,288,druid,restoration,12,3,9
pozzo-delleternità,288,druid,restoration,12,3,9
blackrock,288,druid,restoration,18,3,15
archimonde,287,druid,restoration,6,3,3
eredar,287,druid,restoration,6,3,3
outland,287,druid,restoration,6,3,3
twisting-nether,287,druid,restoration,6,3,3
amanthul,286,druid,restoration,6,3,3
twisting-nether,286,druid,restoration,6,3,3
antonidas,285,druid,restoration,12,3,9
khaz-modan,283,druid,restoration,36,3,33
ravencrest,256,druid,restoration,16,3,13
twisting-nether,255,druid,restoration,11,3,8
pozzo-delleternità,240,druid,restoration,7,4,3
ragnaros,239,druid,restoration,5,3,2
chamber-of-aspects,239,druid,restoration,5,3,2
ragnaros,239,druid,restoration,5,3,2
blackrock,192,druid,restoration,4,3,1
blackmoore,192,druid,restoration,6,2,4
archimonde,192,druid,restoration,6,2,4
kazzak,192,druid,restoration,6,2,4
kazzak,192,druid,restoration,6,2,4
aegwynn,192,druid,restoration,6,2,4
kazzak,192,druid,restoration,6,2,4
argent-dawn,192,druid,restoration,6,2,4
archimonde,192,druid,restoration,6,2,4
quelthalas,192,druid,restoration,6,2,4
twisting-nether,192,druid,restoration,6,2,4
ravencrest,192,druid,restoration,6,2,4
silvermoon,192,druid,restoration,6,2,4
arthas,192,druid,restoration,6,2,4
thrall,192,druid,restoration,6,2,4
gordunni,192,druid,restoration,6,2,4
burning-legion,192,druid,restoration,6,2,4
blackmoore,192,druid,restoration,6,2,4
silvermoon,192,druid,restoration,6,2,4
malganis,192,druid,restoration,6,2,4
frostwolf,192,druid,restoration,6,2,4
twilights-hammer,192,druid,restoration,12,2,10
blackmoore,192,druid,restoration,12,2,10
deathguard,192,druid,restoration,12,2,10
silvermoon,191,druid,restoration,6,2,4
eversong,191,druid,restoration,6,2,4
stormscale,168,druid,restoration,11,4,7
frostwhisper,138,druid,restoration,6,3,3
sylvanas,111,druid,restoration,13,2,11
twisting-nether,96,druid,restoration,6,1,5
sylvanas,96,druid,restoration,6,1,5
gordunni,96,druid,restoration,6,1,5
draenor,96,druid,restoration,6,1,5
dun-modr,96,druid,restoration,6,1,5
sylvanas,96,druid,restoration,6,1,5
silvermoon,96,druid,restoration,6,1,5
magtheridon,96,druid,restoration,6,1,5
dalaran,96,druid,restoration,6,1,5
argent-dawn,96,druid,restoration,6,1,5
twisting-nether,96,druid,restoration,6,1,5
quelthalas,96,druid,restoration,6,1,5
tarren-mill,96,druid,restoration,6,1,5
gordunni,96,druid,restoration,6,1,5
darksorrow,96,druid,restoration,6,1,5
aggramar,96,druid,restoration,6,1,5
blackmoore,96,druid,restoration,6,1,5
blackrock,96,druid,restoration,6,1,5
blackmoore,96,druid,restoration,6,1,5
twisting-nether,96,druid,restoration,6,1,5
blackmoore,96,druid,restoration,6,1,5
stormscale,96,druid,restoration,6,1,5
drakthul,96,druid,restoration,6,1,5
azshara,96,druid,restoration,6,1,5
archimonde,96,druid,restoration,12,1,11
ravencrest,95,druid,restoration,6,1,5
stormscale,79,druid,restoration,5,1,4
deathweaver,64,druid,restoration,10,1,9
kaelthas,63,druid,restoration,2,2,0
auchindoun,48,druid,restoration,3,1,2
draenor,42,druid,restoration,10,3,7
the-maelstrom,42,druid,restoration,9,2,7
sylvanas,42,druid,restoration,11,2,9
argent-dawn,1585,druid,guardian,42,18,24
stormscale,1215,druid,guardian,80,40,40
blackhand,857,druid,guardian,18,9,9
ysondre,719,druid,guardian,11,8,3
goldrinn,573,druid,guardian,12,6,6
kargath,572,druid,guardian,12,6,6
argent-dawn,479,druid,guardian,12,5,7
sylvanas,474,druid,guardian,12,5,7
tarren-mill,393,druid,guardian,17,6,11
argent-dawn,384,druid,guardian,12,4,8
hyjal,192,druid,guardian,6,2,4
ravencrest,2224,druid,feral,86,45,41
outland,2094,druid,feral,59,35,24
ravencrest,2063,druid,feral,101,56,45
ravencrest,2053,druid,feral,78,37,41
ravencrest,2039,druid,feral,120,62,58
tarren-mill,1999,druid,feral,60,31,29
aegwynn,1963,druid,feral,60,35,25
silvermoon,1954,druid,feral,66,41,25
argent-dawn,1952,druid,feral,42,24,18
ravencrest,1952,druid,feral,60,33,27
argent-dawn,1896,druid,feral,36,20,16
gordunni,1884,druid,feral,60,32,28
ravencrest,1860,druid,feral,123,59,64
ravencrest,1852,druid,feral,48,23,25
stormscale,1851,druid,feral,144,74,70
blackrock,1849,druid,feral,54,27,27
antonidas,1846,druid,feral,72,33,39
ravencrest,1830,druid,feral,36,23,13
gordunni,1822,druid,feral,48,27,21
dun-modr,1818,druid,feral,60,25,35
argent-dawn,1810,druid,feral,90,54,36
ravencrest,1807,druid,feral,55,31,24
dun-modr,1807,druid,feral,54,25,29
ragnaros,1806,druid,feral,72,40,32
ravencrest,1803,druid,feral,62,26,36
burning-legion,1785,druid,feral,48,28,20
silvermoon,1773,druid,feral,144,72,72
gordunni,1762,druid,feral,53,29,24
ravencrest,1755,druid,feral,39,27,12
emerald-dream,1743,druid,feral,69,32,37
ravencrest,1739,druid,feral,52,31,21
stormreaver,1731,druid,feral,36,20,16
outland,1721,druid,feral,48,25,23
gordunni,1721,druid,feral,36,18,18
sylvanas,1720,druid,feral,37,18,19
tarren-mill,1718,druid,feral,36,18,18
outland,1711,druid,feral,48,27,21
silvermoon,1706,druid,feral,48,21,27
argent-dawn,1701,druid,feral,66,27,39
archimonde,1696,druid,feral,36,20,16
ysondre,1694,druid,feral,108,62,46
archimonde,1686,druid,feral,50,26,24
kazzak,1683,druid,feral,65,26,39
ravencrest,1681,druid,feral,38,22,16
proudmoore,1679,druid,feral,53,23,30
gordunni,1673,druid,feral,35,18,17
ravencrest,1668,druid,feral,66,31,35
blackhand,1656,druid,feral,42,21,21
silvermoon,1654,druid,feral,42,22,20
archimonde,1650,druid,feral,48,29,19
ysera,1647,druid,feral,36,21,15
thunderhorn,1647,druid,feral,83,34,49
archimonde,1635,druid,feral,41,24,17
silvermoon,1633,druid,feral,43,20,23
ravencrest,1630,druid,feral,30,17,13
aegwynn,1626,druid,feral,30,17,13
blackscar,1615,druid,feral,60,31,29
thrall,1610,druid,feral,24,17,7
ghostlands,1609,druid,feral,54,34,20
nordrassil,1607,druid,feral,68,35,33
twisting-nether,1603,druid,feral,36,17,19
outland,1603,druid,feral,36,17,19
kazzak,1602,druid,feral,50,22,28
ravencrest,1599,druid,feral,77,28,49
argent-dawn,1567,druid,feral,60,33,27
sargeras,1567,druid,feral,41,17,24
blackmoore,1545,druid,feral,62,27,35
ravencrest,1535,druid,feral,24,16,8
howling-fjord,1535,druid,feral,66,29,37
argent-dawn,1534,druid,feral,57,31,26
sylvanas,1505,druid,feral,48,29,19
ravencrest,1495,druid,feral,60,27,33
gordunni,1493,druid,feral,64,33,31
zuljin,1479,druid,feral,113,56,57
the-maelstrom,1452,druid,feral,43,17,26
amanthul,1426,druid,feral,18,15,3
sylvanas,1425,druid,feral,42,21,21
twilights-hammer,1421,druid,feral,78,34,44
ravencrest,1407,druid,feral,45,25,20
ravencrest,1405,druid,feral,30,17,13
kazzak,1405,druid,feral,42,18,24
archimonde,1399,druid,feral,72,33,39
soulflayer,1396,druid,feral,35,15,20
magtheridon,1379,druid,feral,51,20,31
silvermoon,1368,druid,feral,34,15,19
outland,1367,druid,feral,65,35,30
stormscale,1337,druid,feral,51,22,29
alakir,1336,druid,feral,53,29,24
gordunni,1317,druid,feral,40,15,25
soulflayer,1316,druid,feral,29,18,11
frostmane,1308,druid,feral,31,14,17
ravencrest,1307,druid,feral,44,23,21
kult-der-verdammten,1307,druid,feral,29,14,15
sylvanas,1305,druid,feral,86,45,41
blackscar,1255,druid,feral,23,14,9
draenor,1248,druid,feral,18,13,5
khaz-modan,1248,druid,feral,46,21,25
festung-der-stürme,1243,druid,feral,60,23,37
blackmoore,1241,druid,feral,50,30,20
blackhand,1234,druid,feral,34,20,14
tarren-mill,1231,druid,feral,39,20,19
blackmoore,1230,druid,feral,24,13,11
hyjal,1206,druid,feral,73,30,43
silvermoon,1198,druid,feral,45,17,28
draenor,1186,druid,feral,52,19,33
twisting-nether,1162,druid,feral,76,41,35
sanguino,1157,druid,feral,56,25,31
ravencrest,1152,druid,feral,24,12,12
nemesis,1151,druid,feral,18,12,6
twisting-nether,1151,druid,feral,18,12,6
archimonde,1151,druid,feral,22,13,9
kazzak,1151,druid,feral,36,16,20
archimonde,1150,druid,feral,18,12,6
tarren-mill,1150,druid,feral,36,18,18
archimonde,1150,druid,feral,30,12,18
blackmoore,1149,druid,feral,23,13,10
ravencrest,1145,druid,feral,23,13,10
sanguino,1142,druid,feral,39,21,18
twisting-nether,1141,druid,feral,30,12,18
draenor,1128,druid,feral,36,12,24
alakir,1115,druid,feral,36,18,18
kazzak,1100,druid,feral,23,12,11
darkmoon-faire,1097,druid,feral,30,13,17
sylvanas,1056,druid,feral,18,11,7
blackmoore,1056,druid,feral,24,11,13
ragnaros,1056,druid,feral,24,11,13
archimonde,1056,druid,feral,24,11,13
ravencrest,1055,druid,feral,18,11,7
silvermoon,1055,druid,feral,18,11,7
ravencrest,1055,druid,feral,18,11,7
ravencrest,1054,druid,feral,30,11,19
sylvanas,1053,druid,feral,30,11,19
stormreaver,1052,druid,feral,27,16,11
soulflayer,1050,druid,feral,18,11,7
ravencrest,1049,druid,feral,24,11,13
ravencrest,1047,druid,feral,30,11,19
eredar,1038,druid,feral,16,12,4
kazzak,1028,druid,feral,18,12,6
draenor,1016,druid,feral,31,17,14
soulflayer,1008,druid,feral,35,15,20
gordunni,1004,druid,feral,23,11,12
twisting-nether,990,druid,feral,28,13,15
ysondre,972,druid,feral,18,11,7
naxxramas,962,druid,feral,35,16,19
silvermoon,960,druid,feral,18,10,8
kazzak,959,druid,feral,18,10,8
ragnaros,959,druid,feral,18,10,8
tarren-mill,959,druid,feral,24,11,13
shadowsong,958,druid,feral,18,10,8
blackmoore,958,druid,feral,18,10,8
ravencrest,956,druid,feral,12,10,2
outland,955,druid,feral,24,10,14
ravencrest,947,druid,feral,12,10,2
soulflayer,942,druid,feral,24,10,14
silvermoon,939,druid,feral,51,27,24
sylvanas,937,druid,feral,26,10,16
die-aldor,937,druid,feral,39,10,29
outland,864,druid,feral,12,9,3
ravencrest,864,druid,feral,18,9,9
outland,864,druid,feral,18,9,9
the-maelstrom,864,druid,feral,18,9,9
howling-fjord,863,druid,feral,18,9,9
tarren-mill,863,druid,feral,18,9,9
blackmoore,863,druid,feral,18,9,9
silvermoon,863,druid,feral,24,9,15
soulflayer,863,druid,feral,24,9,15
dentarg,863,druid,feral,27,10,17
howling-fjord,863,druid,feral,30,9,21
galakrond,862,druid,feral,18,9,9
nathrezim,862,druid,feral,18,9,9
kazzak,859,druid,feral,18,9,9
howling-fjord,847,druid,feral,23,9,14
outland,815,druid,feral,17,9,8
ragnaros,800,druid,feral,16,9,7
gordunni,793,druid,feral,26,9,17
ravencrest,768,druid,feral,12,8,4
outland,768,druid,feral,18,8,10
doomhammer,768,druid,feral,18,8,10
gordunni,768,druid,feral,18,8,10
la-croisade-écarlate,767,druid,feral,12,8,4
argent-dawn,767,druid,feral,18,8,10
silvermoon,767,druid,feral,18,8,10
chogall,767,druid,feral,24,8,16
kazzak,766,druid,feral,18,8,10
blackmoore,766,druid,feral,18,8,10
saurfang,766,druid,feral,20,8,12
khaz-modan,762,druid,feral,18,8,10
grom,749,druid,feral,30,8,22
twisting-nether,730,druid,feral,22,8,14
outland,719,druid,feral,14,9,5
eredar,719,druid,feral,17,8,9
tyrande,718,druid,feral,17,8,9
draenor,704,druid,feral,16,8,8
gordunni,672,druid,feral,12,7,5
draenor,672,druid,feral,12,7,5
stormreaver,672,druid,feral,12,7,5
blackmoore,672,druid,feral,12,7,5
twisting-nether,672,druid,feral,12,7,5
soulflayer,672,druid,feral,12,7,5
howling-fjord,672,druid,feral,12,7,5
kelthuzad,672,druid,feral,18,7,11
ravencrest,672,druid,feral,18,7,11
goldrinn,671,druid,feral,12,7,5
blackrock,671,druid,feral,12,7,5
blackhand,671,druid,feral,12,7,5
howling-fjord,671,druid,feral,12,7,5
kirin-tor,671,druid,feral,15,8,7
blackrock,671,druid,feral,18,7,11
outland,671,druid,feral,18,7,11
blackmoore,671,druid,feral,24,7,17
draenor,670,druid,feral,12,7,5
silvermoon,670,druid,feral,12,7,5
kazzak,670,druid,feral,24,7,17
blackrock,669,druid,feral,12,7,5
khaz-modan,669,druid,feral,12,7,5
silvermoon,669,druid,feral,12,7,5
argent-dawn,669,druid,feral,24,7,17
elune,668,druid,feral,18,7,11
antonidas,661,druid,feral,18,7,11
stormscale,639,druid,feral,14,8,6
ashenvale,639,druid,feral,32,8,24
ravencrest,576,druid,feral,6,6,0
hyjal,576,druid,feral,6,6,0
ravencrest,576,druid,feral,12,6,6
burning-legion,576,druid,feral,12,6,6
sanguino,576,druid,feral,12,6,6
silvermoon,576,druid,feral,12,6,6
auchindoun,576,druid,feral,12,6,6
archimonde,576,druid,feral,12,6,6
drakthul,576,druid,feral,12,6,6
dun-modr,576,druid,feral,12,6,6
drakthul,576,druid,feral,12,6,6
lightbringer,576,druid,feral,12,6,6
outland,576,druid,feral,12,6,6
ravencrest,576,druid,feral,12,6,6
gordunni,576,druid,feral,18,6,12
ravencrest,575,druid,feral,12,6,6
silvermoon,575,druid,feral,12,6,6
kazzak,575,druid,feral,12,6,6
alonsus,575,druid,feral,12,6,6
sanguino,575,druid,feral,12,6,6
stormscale,575,druid,feral,12,6,6
gordunni,575,druid,feral,18,6,12
ravencrest,574,druid,feral,12,6,6
chamber-of-aspects,574,druid,feral,12,6,6
blackhand,570,druid,feral,12,6,6
greymane,570,druid,feral,12,6,6
stormscale,554,druid,feral,21,7,14
gordunni,522,druid,feral,21,8,13
grim-batol,520,druid,feral,11,6,5
archimonde,480,druid,feral,6,5,1
tyrande,480,druid,feral,6,5,1
ravencrest,480,druid,feral,10,6,4
ravencrest,480,druid,feral,12,5,7
ravencrest,480,druid,feral,12,5,7
ravencrest,480,druid,feral,12,5,7
ravencrest,480,druid,feral,12,5,7
fordragon,480,druid,feral,12,5,7
stormscale,480,druid,feral,12,5,7
sanguino,480,druid,feral,12,5,7
blackmoore,480,druid,feral,12,5,7
draenor,480,druid,feral,12,5,7
frostmane,480,druid,feral,18,5,13
drakthul,480,druid,feral,18,5,13
archimonde,480,druid,feral,18,5,13
stormscale,480,druid,feral,18,5,13
outland,480,druid,feral,24,5,19
stormscale,479,druid,feral,12,5,7
outland,479,druid,feral,12,5,7
grim-batol,479,druid,feral,12,5,7
howling-fjord,479,druid,feral,18,5,13
stormscale,478,druid,feral,12,5,7
kazzak,477,druid,feral,12,5,7
alexstrasza,475,druid,feral,12,5,7
howling-fjord,463,druid,feral,11,5,6
lordaeron,416,druid,feral,19,6,13
ravencrest,415,druid,feral,15,6,9
blackhand,384,druid,feral,6,4,2
twisting-nether,384,druid,feral,6,4,2
ysondre,384,druid,feral,6,4,2
hyjal,384,druid,feral,6,4,2
uldum,384,druid,feral,6,4,2
die-nachtwache,384,druid,feral,6,4,2
ravencrest,384,druid,feral,6,4,2
silvermoon,384,druid,feral,6,4,2
draenor,384,druid,feral,6,4,2
grim-batol,384,druid,feral,6,4,2
darksorrow,384,druid,feral,6,4,2
blackrock,384,druid,feral,6,4,2
ravencrest,384,druid,feral,6,4,2
tarren-mill,384,druid,feral,6,4,2
aegwynn,384,druid,feral,6,4,2
sylvanas,384,druid,feral,6,4,2
ashenvale,384,druid,feral,6,4,2
stormscale,384,druid,feral,6,4,2
howling-fjord,384,druid,feral,6,4,2
outland,384,druid,feral,6,4,2
stormreaver,384,druid,feral,6,4,2
tarren-mill,384,druid,feral,12,4,8
tarren-mill,384,druid,feral,12,4,8
gordunni,384,druid,feral,12,4,8
ysondre,384,druid,feral,12,4,8
draenor,384,druid,feral,12,4,8
tarren-mill,384,druid,feral,12,4,8
outland,384,druid,feral,12,4,8
kazzak,384,druid,feral,12,4,8
hyjal,384,druid,feral,12,4,8
archimonde,384,druid,feral,12,4,8
drakthul,384,druid,feral,18,4,14
argent-dawn,384,druid,feral,18,4,14
eonar,383,druid,feral,6,4,2
aggra-português,383,druid,feral,6,4,2
magtheridon,383,druid,feral,12,4,8
uldum,382,druid,feral,6,4,2
kazzak,382,druid,feral,12,4,8
silvermoon,381,druid,feral,12,4,8
cthun,379,druid,feral,12,4,8
thrall,352,druid,feral,10,4,6
twisting-nether,352,druid,feral,10,4,6
elune,351,druid,feral,11,4,7
aegwynn,288,druid,feral,6,3,3
culte-de-la-rive-noire,288,druid,feral,6,3,3
draenor,288,druid,feral,6,3,3
stormscale,288,druid,feral,6,3,3
ravencrest,288,druid,feral,6,3,3
argent-dawn,288,druid,feral,6,3,3
dun-modr,288,druid,feral,6,3,3
khaz-modan,288,druid,feral,6,3,3
zuljin,288,druid,feral,6,3,3
twisting-nether,288,druid,feral,6,3,3
the-maelstrom,288,druid,feral,6,3,3
malganis,288,druid,feral,6,3,3
blackhand,288,druid,feral,6,3,3
haomarush,288,druid,feral,6,3,3
dun-modr,288,druid,feral,6,3,3
dun-modr,288,druid,feral,6,3,3
eldrethalas,288,druid,feral,6,3,3
alonsus,288,druid,feral,6,3,3
blackmoore,288,druid,feral,6,3,3
dalaran,288,druid,feral,6,3,3
outland,288,druid,feral,6,3,3
kazzak,288,druid,feral,6,3,3
aegwynn,288,druid,feral,6,3,3
twisting-nether,288,druid,feral,6,3,3
ravencrest,288,druid,feral,6,3,3
chamber-of-aspects,288,druid,feral,7,3,4
perenolde,288,druid,feral,12,3,9
destromath,288,druid,feral,12,3,9
azuregos,288,druid,feral,12,3,9
nemesis,288,druid,feral,12,3,9
hyjal,288,druid,feral,13,3,10
stormscale,288,druid,feral,18,3,15
burning-legion,288,druid,feral,18,3,15
burning-blade,287,druid,feral,6,3,3
forscherliga,287,druid,feral,12,3,9
twisting-nether,287,druid,feral,12,3,9
blackrock,286,druid,feral,6,3,3
ghostlands,286,druid,feral,6,3,3
silvermoon,271,druid,feral,11,3,8
howling-fjord,239,druid,feral,5,3,2
archimonde,239,druid,feral,5,3,2
ysondre,192,druid,feral,6,2,4
blackrock,192,druid,feral,6,2,4
stormscale,192,druid,feral,6,2,4
kazzak,192,druid,feral,6,2,4
culte-de-la-rive-noire,192,druid,feral,6,2,4
eredar,192,druid,feral,6,2,4
silvermoon,192,druid,feral,6,2,4
outland,192,druid,feral,6,2,4
hyjal,192,druid,feral,6,2,4
gordunni,192,druid,feral,6,2,4
outland,192,druid,feral,6,2,4
howling-fjord,192,druid,feral,6,2,4
sargeras,192,druid,feral,6,2,4
blackmoore,192,druid,feral,6,2,4
tarren-mill,192,druid,feral,6,2,4
xavius,192,druid,feral,6,2,4
earthen-ring,192,druid,feral,6,2,4
aegwynn,192,druid,feral,6,2,4
chogall,192,druid,feral,6,2,4
ravencrest,192,druid,feral,6,2,4
stormscale,192,druid,feral,6,2,4
eitrigg,192,druid,feral,6,2,4
frostmourne,192,druid,feral,6,2,4
blackrock,192,druid,feral,6,2,4
ghostlands,192,druid,feral,6,2,4
gordunni,192,druid,feral,6,2,4
soulflayer,192,druid,feral,6,2,4
ghostlands,192,druid,feral,6,2,4
karazhan,192,druid,feral,6,2,4
argent-dawn,192,druid,feral,12,2,10
sanguino,192,druid,feral,12,2,10
gordunni,191,druid,feral,6,2,4
dun-morogh,191,druid,feral,6,2,4
stormscale,191,druid,feral,6,2,4
eldrethalas,191,druid,feral,6,2,4
drakthul,191,druid,feral,6,2,4
deathguard,191,druid,feral,18,2,16
twisting-nether,191,druid,feral,18,2,16
silvermoon,190,druid,feral,12,2,10
draenor,159,druid,feral,5,2,3
der-rat-von-dalaran,159,druid,feral,5,2,3
aegwynn,128,druid,feral,4,2,2
azjolnerub,128,druid,feral,4,2,2
aegwynn,96,druid,feral,17,4,13
nagrand,96,druid,feral,6,1,5
the-maelstrom,96,druid,feral,6,1,5
tarren-mill,96,druid,feral,6,1,5
kiljaeden,96,druid,feral,6,1,5
tarren-mill,96,druid,feral,6,1,5
drakthul,96,druid,feral,6,1,5
archimonde,96,druid,feral,6,1,5
blackmoore,96,druid,feral,6,1,5
echsenkessel,96,druid,feral,6,1,5
argent-dawn,96,druid,feral,6,1,5
aegwynn,96,druid,feral,6,1,5
ravencrest,96,druid,feral,6,1,5
hyjal,96,druid,feral,6,1,5
dalaran,96,druid,feral,6,1,5
archimonde,96,druid,feral,6,1,5
bladefist,96,druid,feral,6,1,5
genjuros,96,druid,feral,6,1,5
tarren-mill,96,druid,feral,6,1,5
tarren-mill,96,druid,feral,6,1,5
sanguino,96,druid,feral,6,1,5
doomhammer,96,druid,feral,6,1,5
gordunni,96,druid,feral,6,1,5
gordunni,96,druid,feral,6,1,5
blackhand,96,druid,feral,12,1,11
burning-legion,96,druid,feral,12,1,11
eredar,96,druid,feral,12,1,11
nemesis,95,druid,feral,6,1,5
les-clairvoyants,79,druid,feral,5,1,4
draenor,48,druid,feral,3,1,2
tarren-mill,48,druid,feral,3,1,2
ravencrest,42,druid,feral,11,3,8
stormscale,2225,druid,balance,83,49,34
kazzak,2215,druid,balance,101,55,46
blackmoore,2142,druid,balance,100,58,42
ravencrest,2134,druid,balance,63,44,19
stormscale,2120,druid,balance,90,63,27
zuljin,2109,druid,balance,114,71,43
kazzak,2101,druid,balance,72,42,30
kazzak,2088,druid,balance,78,40,38
stormscale,2078,druid,balance,84,47,37
tarren-mill,2075,druid,balance,78,47,31
silvermoon,2065,druid,balance,78,45,33
archimonde,2057,druid,balance,60,34,26
ravencrest,2046,druid,balance,58,39,19
gordunni,2036,druid,balance,59,35,24
ravencrest,2024,druid,balance,93,47,46
destromath,1969,druid,balance,89,53,36
draenor,1964,druid,balance,42,29,13
kult-der-verdammten,1963,druid,balance,49,28,21
sylvanas,1949,druid,balance,42,26,16
blackmoore,1926,druid,balance,86,47,39
blackmoore,1923,druid,balance,61,32,29
malganis,1912,druid,balance,95,47,48
kazzak,1910,druid,balance,36,23,13
howling-fjord,1905,druid,balance,78,40,38
ragnaros,1902,druid,balance,48,29,19
ravencrest,1898,druid,balance,48,27,21
twisting-nether,1892,druid,balance,54,32,22
silvermoon,1892,druid,balance,48,26,22
tarren-mill,1891,druid,balance,64,38,26
tarren-mill,1890,druid,balance,93,57,36
ravencrest,1887,druid,balance,42,29,13
twisting-nether,1887,druid,balance,84,54,30
aegwynn,1884,druid,balance,60,33,27
stormscale,1882,druid,balance,65,44,21
auchindoun,1870,druid,balance,48,29,19
twisting-nether,1870,druid,balance,64,33,31
stormreaver,1865,druid,balance,90,56,34
senjin,1856,druid,balance,24,20,4
grim-batol,1856,druid,balance,48,27,21
gordunni,1853,druid,balance,76,35,41
hyjal,1846,druid,balance,84,52,32
gordunni,1843,druid,balance,66,35,31
tarren-mill,1841,druid,balance,53,31,22
kazzak,1839,druid,balance,79,50,29
ravencrest,1838,druid,balance,60,32,28
ravencrest,1838,druid,balance,140,71,69
aegwynn,1832,druid,balance,53,26,27
stormscale,1831,druid,balance,84,48,36
eredar,1830,druid,balance,54,27,27
kazzak,1823,druid,balance,48,29,19
tarren-mill,1822,druid,balance,42,27,15
elune,1822,druid,balance,81,43,38
archimonde,1820,druid,balance,44,25,19
elune,1818,druid,balance,42,20,22
twisting-nether,1816,druid,balance,36,27,9
argent-dawn,1816,druid,balance,72,42,30
burning-legion,1815,druid,balance,36,24,12
stormreaver,1815,druid,balance,77,48,29
aegwynn,1814,druid,balance,36,24,12
kazzak,1813,druid,balance,36,25,11
ravencrest,1813,druid,balance,42,23,19
howling-fjord,1813,druid,balance,89,43,46
hellscream,1809,druid,balance,48,25,23
soulflayer,1808,druid,balance,59,30,29
nazjatar,1807,druid,balance,48,28,20
hyjal,1806,druid,balance,48,23,25
argent-dawn,1803,druid,balance,54,31,23
kazzak,1789,druid,balance,32,21,11
ravencrest,1773,druid,balance,42,28,14
the-maelstrom,1770,druid,balance,30,23,7
blackrock,1767,druid,balance,36,27,9
draenor,1767,druid,balance,42,28,14
gordunni,1763,druid,balance,42,20,22
silvermoon,1758,druid,balance,78,47,31
outland,1755,druid,balance,36,24,12
blackmoore,1754,druid,balance,41,25,16
burning-legion,1753,druid,balance,48,28,20
stormscale,1738,druid,balance,66,40,26
draenor,1737,druid,balance,89,49,40
nemesis,1737,druid,balance,48,26,22
stormscale,1729,druid,balance,30,19,11
sylvanas,1729,druid,balance,48,22,26
stormscale,1723,druid,balance,24,18,6
archimonde,1723,druid,balance,42,21,21
outland,1720,druid,balance,51,30,21
burning-legion,1719,druid,balance,66,29,37
archimonde,1717,druid,balance,24,18,6
xavius,1715,druid,balance,48,26,22
archimonde,1714,druid,balance,72,31,41
gordunni,1712,druid,balance,36,18,18
dun-modr,1707,druid,balance,81,47,34
sanguino,1705,druid,balance,32,21,11
frostmane,1705,druid,balance,48,28,20
ravencrest,1704,druid,balance,69,41,28
ravencrest,1699,druid,balance,108,67,41
tarren-mill,1699,druid,balance,36,20,16
zuljin,1693,druid,balance,47,23,24
zuljin,1690,druid,balance,42,24,18
stormrage,1687,druid,balance,30,18,12
outland,1683,druid,balance,36,23,13
kazzak,1678,druid,balance,48,25,23
silvermoon,1671,druid,balance,30,22,8
blackmoore,1670,druid,balance,24,18,6
aerie-peak,1668,druid,balance,30,22,8
soulflayer,1668,druid,balance,54,33,21
blackmoore,1668,druid,balance,37,20,17
grom,1667,druid,balance,47,27,20
aegwynn,1656,druid,balance,32,19,13
bloodscalp,1652,druid,balance,82,49,33
tarren-mill,1644,druid,balance,38,26,12
dalaran,1644,druid,balance,42,27,15
ravencrest,1636,druid,balance,28,20,8
kaelthas,1636,druid,balance,41,21,20
blackscar,1634,druid,balance,29,19,10
argent-dawn,1634,druid,balance,40,22,18
outland,1632,druid,balance,48,28,20
blackrock,1631,druid,balance,39,26,13
blackmoore,1631,druid,balance,48,26,22
sanguino,1631,druid,balance,36,18,18
drakthul,1630,druid,balance,30,17,13
soulflayer,1623,druid,balance,36,21,15
grim-batol,1620,druid,balance,42,30,12
sylvanas,1620,druid,balance,30,17,13
kazzak,1619,druid,balance,24,21,3
azshara,1618,druid,balance,54,26,28
garona,1616,druid,balance,90,51,39
dethecus,1613,druid,balance,30,17,13
ravencrest,1611,druid,balance,28,18,10
gordunni,1611,druid,balance,72,32,40
frostmane,1610,druid,balance,30,23,7
xavius,1610,druid,balance,30,19,11
deathweaver,1610,druid,balance,60,28,32
outland,1609,druid,balance,34,21,13
blackrock,1608,druid,balance,24,17,7
argent-dawn,1607,druid,balance,42,23,19
nagrand,1606,druid,balance,60,41,19
kazzak,1606,druid,balance,80,38,42
twisting-nether,1605,druid,balance,24,19,5
howling-fjord,1604,druid,balance,24,17,7
teldrassil,1604,druid,balance,46,30,16
greymane,1603,druid,balance,24,17,7
burning-legion,1586,druid,balance,42,22,20
sanguino,1580,druid,balance,66,35,31
sylvanas,1580,druid,balance,35,17,18
mugthol,1578,druid,balance,24,18,6
outland,1573,druid,balance,24,19,5
ravencrest,1570,druid,balance,77,42,35
sylvanas,1569,druid,balance,36,25,11
hyjal,1567,druid,balance,36,24,12
antonidas,1561,druid,balance,30,21,9
gordunni,1559,druid,balance,24,17,7
aggra-português,1555,druid,balance,36,22,14
ragnaros,1554,druid,balance,47,25,22
stormscale,1552,druid,balance,48,26,22
ravencrest,1550,druid,balance,66,36,30
razuvious,1543,druid,balance,48,27,21
tarren-mill,1537,druid,balance,60,24,36
arathor,1534,druid,balance,42,24,18
ravencrest,1534,druid,balance,48,24,24
ravencrest,1533,druid,balance,36,16,20
ragnaros,1530,druid,balance,30,18,12
nerathor,1527,druid,balance,30,17,13
nemesis,1523,druid,balance,24,16,8
skullcrusher,1523,druid,balance,30,16,14
forscherliga,1520,druid,balance,42,29,13
gordunni,1520,druid,balance,65,31,34
thrall,1519,druid,balance,46,26,20
pozzo-delleternità,1515,druid,balance,52,25,27
wildhammer,1512,druid,balance,24,16,8
alleria,1512,druid,balance,36,16,20
borean-tundra,1505,druid,balance,23,16,7
pozzo-delleternità,1479,druid,balance,36,18,18
nemesis,1470,druid,balance,36,27,9
outland,1459,druid,balance,108,60,48
nemesis,1459,druid,balance,38,19,19
gordunni,1458,druid,balance,39,26,13
defias-brotherhood,1457,druid,balance,29,19,10
gordunni,1453,druid,balance,36,17,19
kazzak,1453,druid,balance,42,17,25
ravencrest,1448,druid,balance,35,21,14
ravencrest,1445,druid,balance,36,19,17
blackmoore,1444,druid,balance,29,16,13
blackrock,1443,druid,balance,53,26,27
ysera,1442,druid,balance,32,18,14
stormscale,1439,druid,balance,24,15,9
howling-fjord,1438,druid,balance,36,20,16
tarren-mill,1437,druid,balance,29,16,13
blackmoore,1434,druid,balance,95,49,46
blackrock,1429,druid,balance,21,16,5
frostwhisper,1423,druid,balance,24,15,9
archimonde,1420,druid,balance,24,16,8
stormscale,1418,druid,balance,36,23,13
draenor,1411,druid,balance,30,15,15
auchindoun,1399,druid,balance,48,25,23
twisting-nether,1388,druid,balance,36,15,21
rexxar,1387,druid,balance,96,56,40
outland,1384,druid,balance,24,16,8
draenor,1368,druid,balance,24,16,8
frostmane,1363,druid,balance,35,22,13
ragnaros,1349,druid,balance,18,16,2
ravencrest,1344,druid,balance,18,14,4
tarren-mill,1343,druid,balance,18,14,4
sanguino,1343,druid,balance,30,15,15
tarren-mill,1342,druid,balance,18,14,4
ravencrest,1339,druid,balance,24,14,10
blackrock,1339,druid,balance,24,14,10
twisting-nether,1335,druid,balance,36,14,22
razuvious,1334,druid,balance,18,14,4
la-croisade-écarlate,1331,druid,balance,38,17,21
outland,1330,druid,balance,24,14,10
booty-bay,1328,druid,balance,30,14,16
ravencrest,1318,druid,balance,24,14,10
hyjal,1314,druid,balance,88,40,48
burning-legion,1311,druid,balance,36,19,17
ravencrest,1304,druid,balance,42,26,16
silvermoon,1296,druid,balance,84,44,40
rajaxx,1295,druid,balance,33,16,17
hyjal,1294,druid,balance,18,14,4
kazzak,1275,druid,balance,20,14,6
hyjal,1274,druid,balance,18,14,4
gordunni,1267,druid,balance,23,14,9
draenor,1261,druid,balance,54,26,28
kazzak,1261,druid,balance,50,22,28
ragnaros,1255,druid,balance,31,20,11
magtheridon,1246,druid,balance,30,14,16
bloodhoof,1243,druid,balance,36,17,19
ravencrest,1240,druid,balance,23,14,9
archimonde,1239,druid,balance,24,13,11
archimonde,1234,druid,balance,18,13,5
blackmoore,1234,druid,balance,24,13,11
kirin-tor,1231,druid,balance,45,21,24
tarren-mill,1229,druid,balance,39,18,21
defias-brotherhood,1227,druid,balance,24,14,10
silvermoon,1225,druid,balance,78,43,35
blackmoore,1201,druid,balance,26,13,13
blackrock,1200,druid,balance,31,13,18
tarren-mill,1199,druid,balance,21,13,8
sanguino,1199,druid,balance,27,13,14
the-maelstrom,1189,druid,balance,78,38,40
howling-fjord,1186,druid,balance,74,32,42
sylvanas,1181,druid,balance,24,18,6
sylvanas,1181,druid,balance,24,14,10
azjolnerub,1164,druid,balance,42,15,27
burning-legion,1160,druid,balance,23,13,10
gordunni,1160,druid,balance,60,33,27
archimonde,1155,druid,balance,17,14,3
thunderhorn,1154,druid,balance,23,13,10
ravencrest,1152,druid,balance,12,12,0
blackrock,1152,druid,balance,18,12,6
outland,1151,druid,balance,12,12,0
kazzak,1151,druid,balance,18,12,6
ravencrest,1150,druid,balance,18,12,6
stormscale,1150,druid,balance,24,12,12
twisting-nether,1149,druid,balance,18,12,6
ravencrest,1147,druid,balance,12,12,0
ravencrest,1141,druid,balance,24,12,12
hyjal,1139,druid,balance,24,12,12
defias-brotherhood,1137,druid,balance,54,19,35
antonidas,1132,druid,balance,18,12,6
ravencrest,1116,druid,balance,20,13,7
twisting-nether,1112,druid,balance,30,12,18
twisting-nether,1111,druid,balance,20,13,7
stormscale,1111,druid,balance,30,14,16
twisting-nether,1111,druid,balance,69,31,38
alexstrasza,1102,druid,balance,51,34,17
ragnaros,1100,druid,balance,21,13,8
ravencrest,1096,druid,balance,33,12,21
blackmoore,1095,druid,balance,18,13,5
deathwing,1090,druid,balance,30,16,14
ravencrest,1086,druid,balance,26,12,14
doomhammer,1066,druid,balance,47,25,22
turalyon,1065,druid,balance,23,12,11
durotan,1056,druid,balance,18,11,7
blackmoore,1056,druid,balance,18,11,7
blackrock,1056,druid,balance,18,11,7
blackmoore,1055,druid,balance,18,11,7
kazzak,1055,druid,balance,18,11,7
stormscale,1055,druid,balance,18,11,7
stormscale,1054,druid,balance,18,11,7
hyjal,1053,druid,balance,12,11,1
argent-dawn,1053,druid,balance,18,11,7
dun-modr,1053,druid,balance,24,11,13
ravencrest,1050,druid,balance,24,11,13
soulflayer,1045,druid,balance,24,11,13
sanguino,1044,druid,balance,18,11,7
sylvanas,1040,druid,balance,60,35,25
tarren-mill,1035,druid,balance,24,11,13
ysondre,1034,druid,balance,18,11,7
arthas,1031,druid,balance,36,19,17
aegwynn,1030,druid,balance,42,22,20
aszune,998,druid,balance,29,11,18
silvermoon,987,druid,balance,26,11,15
silvermoon,986,druid,balance,16,11,5
argent-dawn,986,druid,balance,22,11,11
tarren-mill,986,druid,balance,28,11,17
medivh,979,druid,balance,14,11,3
argent-dawn,961,druid,balance,30,16,14
aegwynn,960,druid,balance,12,10,2
nemesis,960,druid,balance,12,10,2
moonglade,960,druid,balance,12,10,2
tarren-mill,960,druid,balance,18,10,8
ravencrest,960,druid,balance,18,10,8
dunemaul,960,druid,balance,24,10,14
the-maelstrom,959,druid,balance,18,10,8
ravencrest,959,druid,balance,18,10,8
sylvanas,959,druid,balance,18,10,8
frostmane,959,druid,balance,21,10,11
dun-modr,958,druid,balance,12,10,2
sylvanas,958,druid,balance,18,10,8
malganis,958,druid,balance,24,10,14
draenor,957,druid,balance,12,10,2
bloodfeather,957,druid,balance,12,10,2
blackmoore,957,druid,balance,18,10,8
sylvanas,956,druid,balance,12,10,2
ravencrest,956,druid,balance,22,11,11
doomhammer,955,druid,balance,18,10,8
gorgonnash,955,druid,balance,18,10,8
antonidas,954,druid,balance,21,11,10
forscherliga,953,druid,balance,22,11,11
outland,951,druid,balance,24,10,14
gordunni,947,druid,balance,18,10,8
draenor,935,druid,balance,18,10,8
kazzak,934,druid,balance,18,10,8
silvermoon,929,druid,balance,24,10,14
aegwynn,910,druid,balance,17,10,7
howling-fjord,909,druid,balance,75,36,39
tarren-mill,870,druid,balance,25,10,15
ravencrest,864,druid,balance,12,9,3
twisting-nether,864,druid,balance,12,9,3
drakthul,864,druid,balance,12,9,3
stormscale,864,druid,balance,18,9,9
kazzak,864,druid,balance,18,9,9
zuljin,864,druid,balance,18,9,9
twisting-nether,864,druid,balance,18,9,9
twisting-nether,863,druid,balance,12,9,3
tarren-mill,863,druid,balance,18,9,9
stormreaver,863,druid,balance,24,9,15
draenor,862,druid,balance,12,9,3
kazzak,862,druid,balance,18,9,9
arthas,862,druid,balance,18,9,9
ravencrest,862,druid,balance,18,9,9
kazzak,862,druid,balance,30,9,21
deathweaver,861,druid,balance,12,9,3
outland,859,druid,balance,24,9,15
silvermoon,855,druid,balance,18,9,9
ravencrest,855,druid,balance,18,9,9
kazzak,850,druid,balance,21,10,11
arathi,829,druid,balance,22,9,13
hyjal,796,druid,balance,24,10,14
kazzak,768,druid,balance,12,8,4
emeriss,768,druid,balance,12,8,4
ravencrest,768,druid,balance,12,8,4
archimonde,768,druid,balance,12,8,4
frostmane,768,druid,balance,12,8,4
ravencrest,768,druid,balance,12,8,4
outland,768,druid,balance,12,8,4
aegwynn,768,druid,balance,12,8,4
goldrinn,768,druid,balance,12,8,4
kazzak,768,druid,balance,12,8,4
blackrock,768,druid,balance,12,8,4
ravencrest,768,druid,balance,12,8,4
draenor,768,druid,balance,12,8,4
stormscale,768,druid,balance,12,8,4
outland,768,druid,balance,12,8,4
tarren-mill,768,druid,balance,12,8,4
alleria,768,druid,balance,12,8,4
ravencrest,768,druid,balance,18,8,10
ravencrest,768,druid,balance,18,8,10
stormscale,767,druid,balance,12,8,4
archimonde,767,druid,balance,12,8,4
outland,767,druid,balance,18,8,10
laughing-skull,767,druid,balance,18,8,10
garona,767,druid,balance,18,8,10
nefarian,767,druid,balance,18,8,10
saurfang,766,druid,balance,12,8,4
soulflayer,763,druid,balance,12,8,4
kazzak,763,druid,balance,12,8,4
defias-brotherhood,763,druid,balance,12,8,4
blackhand,724,druid,balance,18,8,10
gordunni,687,druid,balance,11,8,3
kazzak,672,druid,balance,12,7,5
sylvanas,672,druid,balance,12,7,5
gordunni,672,druid,balance,12,7,5
outland,672,druid,balance,12,7,5
kazzak,672,druid,balance,12,7,5
aegwynn,672,druid,balance,12,7,5
argent-dawn,672,druid,balance,12,7,5
tarren-mill,672,druid,balance,12,7,5
stormscale,672,druid,balance,12,7,5
archimonde,672,druid,balance,12,7,5
nemesis,672,druid,balance,12,7,5
culte-de-la-rive-noire,672,druid,balance,12,7,5
nemesis,672,druid,balance,12,7,5
draenor,672,druid,balance,12,7,5
archimonde,672,druid,balance,12,7,5
kazzak,672,druid,balance,12,7,5
sylvanas,672,druid,balance,12,7,5
kazzak,672,druid,balance,12,7,5
argent-dawn,672,druid,balance,12,7,5
ravencrest,672,druid,balance,12,7,5
marécage-de-zangar,672,druid,balance,12,7,5
lordaeron,672,druid,balance,18,7,11
nemesis,672,druid,balance,18,7,11
dun-modr,672,druid,balance,18,7,11
aegwynn,672,druid,balance,18,7,11
sylvanas,672,druid,balance,18,7,11
kazzak,671,druid,balance,12,7,5
blackmoore,671,druid,balance,12,7,5
sylvanas,671,druid,balance,12,7,5
tarren-mill,671,druid,balance,12,7,5
ravencrest,671,druid,balance,12,7,5
sanguino,671,druid,balance,12,7,5
ravencrest,671,druid,balance,15,8,7
nathrezim,671,druid,balance,18,7,11
outland,671,druid,balance,18,7,11
ravenholdt,670,druid,balance,12,7,5
hyjal,670,druid,balance,12,7,5
ravencrest,670,druid,balance,12,7,5
blackmoore,669,druid,balance,12,7,5
nordrassil,669,druid,balance,18,7,11
howling-fjord,668,druid,balance,12,7,5
howling-fjord,663,druid,balance,15,8,7
earthen-ring,651,druid,balance,19,8,11
tarren-mill,617,druid,balance,14,8,6
twisting-nether,605,druid,balance,16,7,9
kazzak,576,druid,balance,6,6,0
ravencrest,576,druid,balance,6,6,0
sylvanas,576,druid,balance,6,6,0
gordunni,576,druid,balance,6,6,0
ravencrest,576,druid,balance,9,7,2
draenor,576,druid,balance,12,6,6
les-sentinelles,576,druid,balance,12,6,6
argent-dawn,576,druid,balance,12,6,6
auchindoun,576,druid,balance,12,6,6
gordunni,576,druid,balance,12,6,6
ravencrest,576,druid,balance,12,6,6
ysondre,576,druid,balance,12,6,6
hyjal,576,druid,balance,12,6,6
ulduar,576,druid,balance,12,6,6
stormscale,576,druid,balance,12,6,6
soulflayer,576,druid,balance,12,6,6
dalaran,576,druid,balance,12,6,6
silvermoon,576,druid,balance,12,6,6
aegwynn,576,druid,balance,12,6,6
twisting-nether,576,druid,balance,12,6,6
hyjal,576,druid,balance,12,6,6
tarren-mill,576,druid,balance,12,6,6
stormscale,576,druid,balance,12,6,6
ambossar,576,druid,balance,14,6,8
outland,576,druid,balance,18,6,12
ragnaros,575,druid,balance,12,6,6
hyjal,575,druid,balance,12,6,6
arathor,575,druid,balance,12,6,6
silvermoon,575,druid,balance,12,6,6
khaz-modan,575,druid,balance,12,6,6
the-maelstrom,575,druid,balance,12,6,6
ravencrest,575,druid,balance,12,6,6
twisting-nether,575,druid,balance,18,6,12
gordunni,574,druid,balance,10,7,3
neptulon,574,druid,balance,12,6,6
nemesis,574,druid,balance,18,6,12
drakthul,572,druid,balance,12,6,6
tarren-mill,572,druid,balance,12,6,6
kazzak,572,druid,balance,18,6,12
turalyon,543,druid,balance,14,7,7
ravencrest,528,druid,balance,15,6,9
howling-fjord,527,druid,balance,15,6,9
argent-dawn,519,druid,balance,17,7,10
dun-modr,480,druid,balance,6,5,1
sanguino,480,druid,balance,6,5,1
ravencrest,480,druid,balance,6,5,1
arthas,480,druid,balance,6,5,1
archimonde,480,druid,balance,6,5,1
blackmoore,480,druid,balance,6,5,1
silvermoon,480,druid,balance,6,5,1
archimonde,480,druid,balance,6,5,1
outland,480,druid,balance,6,5,1
stormscale,480,druid,balance,6,5,1
karazhan,480,druid,balance,6,5,1
eredar,480,druid,balance,6,5,1
argent-dawn,480,druid,balance,6,5,1
nordrassil,480,druid,balance,6,5,1
blackhand,480,druid,balance,6,5,1
soulflayer,480,druid,balance,6,5,1
alakir,480,druid,balance,12,5,7
kazzak,480,druid,balance,12,5,7
ragnaros,480,druid,balance,12,5,7
dalaran,480,druid,balance,12,5,7
archimonde,480,druid,balance,12,5,7
twisting-nether,480,druid,balance,12,5,7
shattered-hand,480,druid,balance,12,5,7
blackmoore,480,druid,balance,12,5,7
the-maelstrom,480,druid,balance,12,5,7
twisting-nether,480,druid,balance,12,5,7
nemesis,480,druid,balance,12,5,7
blackmoore,480,druid,balance,12,5,7
taerar,480,druid,balance,12,5,7
stormscale,480,druid,balance,12,5,7
outland,480,druid,balance,15,6,9
tarren-mill,480,druid,balance,18,5,13
tyrande,479,druid,balance,6,5,1
chogall,479,druid,balance,6,5,1
draenor,479,druid,balance,12,5,7
the-maelstrom,477,druid,balance,6,5,1
naxxramas,476,druid,balance,16,6,10
archimonde,463,druid,balance,11,5,6
howling-fjord,457,druid,balance,15,7,8
marécage-de-zangar,457,druid,balance,21,7,14
blackhand,432,druid,balance,9,5,4
archimonde,432,druid,balance,15,5,10
argent-dawn,415,druid,balance,11,5,6
emerald-dream,400,druid,balance,7,5,2
ragnaros,384,druid,balance,6,4,2
argent-dawn,384,druid,balance,6,4,2
blackmoore,384,druid,balance,6,4,2
stormscale,384,druid,balance,6,4,2
blackmoore,384,druid,balance,6,4,2
hyjal,384,druid,balance,6,4,2
darksorrow,384,druid,balance,6,4,2
malganis,384,druid,balance,6,4,2
argent-dawn,384,druid,balance,6,4,2
sanguino,384,druid,balance,6,4,2
blackrock,384,druid,balance,6,4,2
twisting-nether,384,druid,balance,6,4,2
draenor,384,druid,balance,6,4,2
blackrock,384,druid,balance,6,4,2
draenor,384,druid,balance,6,4,2
eredar,384,druid,balance,6,4,2
ragnaros,384,druid,balance,6,4,2
archimonde,384,druid,balance,6,4,2
das-konsortium,384,druid,balance,6,4,2
twilights-hammer,384,druid,balance,6,4,2
xavius,384,druid,balance,6,4,2
dalaran,384,druid,balance,6,4,2
stormrage,384,druid,balance,6,4,2
dun-modr,384,druid,balance,6,4,2
tarren-mill,384,druid,balance,6,4,2
silvermoon,384,druid,balance,6,4,2
kazzak,384,druid,balance,6,4,2
sylvanas,384,druid,balance,6,4,2
outland,384,druid,balance,6,4,2
kazzak,384,druid,balance,6,4,2
sylvanas,384,druid,balance,6,4,2
outland,384,druid,balance,6,4,2
silvermoon,384,druid,balance,6,4,2
blackrock,384,druid,balance,11,4,7
ragnaros,384,druid,balance,12,4,8
outland,384,druid,balance,12,4,8
hyjal,384,druid,balance,12,4,8
soulflayer,384,druid,balance,12,4,8
outland,384,druid,balance,12,4,8
kazzak,384,druid,balance,12,4,8
burning-blade,384,druid,balance,12,4,8
kazzak,384,druid,balance,12,4,8
twisting-nether,384,druid,balance,12,4,8
blackhand,384,druid,balance,12,4,8
tarren-mill,384,druid,balance,12,4,8
tarren-mill,384,druid,balance,12,4,8
thunderhorn,384,druid,balance,12,4,8
twisting-nether,384,druid,balance,12,4,8
kazzak,384,druid,balance,12,4,8
ravencrest,384,druid,balance,12,4,8
kazzak,384,druid,balance,12,4,8
eversong,384,druid,balance,12,4,8
blackrock,384,druid,balance,12,4,8
galakrond,384,druid,balance,16,4,12
blackscar,383,druid,balance,6,4,2
blackrock,383,druid,balance,6,4,2
archimonde,383,druid,balance,6,4,2
draenor,383,druid,balance,6,4,2
blackhand,383,druid,balance,12,4,8
silvermoon,383,druid,balance,18,4,14
kult-der-verdammten,383,druid,balance,24,4,20
dun-modr,367,druid,balance,11,4,7
the-venture-co,352,druid,balance,10,4,6
blackscar,351,druid,balance,8,5,3
khaz-modan,351,druid,balance,8,5,3
ragnaros,351,druid,balance,11,4,7
argent-dawn,351,druid,balance,11,4,7
howling-fjord,351,druid,balance,11,4,7
kazzak,336,druid,balance,15,4,11
grim-batol,335,druid,balance,11,4,7
kazzak,330,druid,balance,8,6,2
outland,320,druid,balance,10,4,6
tarren-mill,319,druid,balance,5,4,1
silvermoon,319,druid,balance,5,4,1
silvermoon,288,druid,balance,6,3,3
hyjal,288,druid,balance,6,3,3
aegwynn,288,druid,balance,6,3,3
argent-dawn,288,druid,balance,6,3,3
blackrock,288,druid,balance,6,3,3
stormreaver,288,druid,balance,6,3,3
hyjal,288,druid,balance,6,3,3
twisting-nether,288,druid,balance,6,3,3
burning-blade,288,druid,balance,6,3,3
nazjatar,288,druid,balance,6,3,3
drakthul,288,druid,balance,6,3,3
silvermoon,288,druid,balance,6,3,3
grim-batol,288,druid,balance,6,3,3
onyxia,288,druid,balance,6,3,3
blackrock,288,druid,balance,6,3,3
blackhand,288,druid,balance,6,3,3
blackrock,288,druid,balance,6,3,3
ragnaros,288,druid,balance,6,3,3
gordunni,288,druid,balance,6,3,3
stormscale,288,druid,balance,6,3,3
sanguino,288,druid,balance,6,3,3
malganis,288,druid,balance,6,3,3
stormscale,288,druid,balance,6,3,3
auchindoun,288,druid,balance,6,3,3
kazzak,288,druid,balance,6,3,3
stormscale,288,druid,balance,6,3,3
sylvanas,288,druid,balance,6,3,3
defias-brotherhood,288,druid,balance,6,3,3
gordunni,288,druid,balance,6,3,3
stormscale,288,druid,balance,6,3,3
stormscale,288,druid,balance,6,3,3
stormscale,288,druid,balance,6,3,3
twisting-nether,288,druid,balance,6,3,3
gordunni,288,druid,balance,6,3,3
blackrock,288,druid,balance,6,3,3
eredar,288,druid,balance,6,3,3
blackrock,288,druid,balance,6,3,3
gordunni,288,druid,balance,6,3,3
gordunni,288,druid,balance,6,3,3
antonidas,288,druid,balance,6,3,3
blackmoore,288,druid,balance,6,3,3
ravencrest,288,druid,balance,6,3,3
ravencrest,288,druid,balance,6,3,3
ravencrest,288,druid,balance,6,3,3
ravencrest,288,druid,balance,6,3,3
silvermoon,288,druid,balance,7,3,4
stormscale,288,druid,balance,12,3,9
silvermoon,288,druid,balance,12,3,9
grom,288,druid,balance,12,3,9
silvermoon,288,druid,balance,12,3,9
laughing-skull,288,druid,balance,12,3,9
arthas,288,druid,balance,12,3,9
antonidas,288,druid,balance,12,3,9
nethersturm,287,druid,balance,12,3,9
ragnaros,256,druid,balance,4,4,0
doomhammer,255,druid,balance,11,3,8
stormscale,255,druid,balance,11,3,8
hellfire,239,druid,balance,5,3,2
burning-blade,192,druid,balance,6,2,4
kazzak,192,druid,balance,6,2,4
ravencrest,192,druid,balance,6,2,4
burning-legion,192,druid,balance,6,2,4
ravencrest,192,druid,balance,6,2,4
silvermoon,192,druid,balance,6,2,4
ravencrest,192,druid,balance,6,2,4
silvermoon,192,druid,balance,6,2,4
stormscale,192,druid,balance,6,2,4
kazzak,192,druid,balance,6,2,4
sanguino,192,druid,balance,6,2,4
sanguino,192,druid,balance,6,2,4
kirin-tor,192,druid,balance,6,2,4
tarren-mill,192,druid,balance,6,2,4
draenor,192,druid,balance,6,2,4
twisting-nether,192,druid,balance,6,2,4
aegwynn,192,druid,balance,6,2,4
archimonde,192,druid,balance,6,2,4
archimonde,192,druid,balance,6,2,4
twisting-nether,192,druid,balance,6,2,4
ragnaros,192,druid,balance,6,2,4
outland,192,druid,balance,6,2,4
hyjal,192,druid,balance,6,2,4
ravencrest,192,druid,balance,6,2,4
hyjal,192,druid,balance,6,2,4
antonidas,192,druid,balance,6,2,4
blackrock,192,druid,balance,6,2,4
tarren-mill,192,druid,balance,6,2,4
deathweaver,192,druid,balance,6,2,4
borean-tundra,192,druid,balance,6,2,4
blackmoore,192,druid,balance,6,2,4
blackmoore,192,druid,balance,6,2,4
gordunni,192,druid,balance,6,2,4
malfurion,191,druid,balance,6,2,4
teldrassil,191,druid,balance,12,2,10
frostwolf,175,druid,balance,11,2,9
dalaran,127,druid,balance,13,2,11
ravencrest,96,druid,balance,3,2,1
blackmoore,96,druid,balance,3,2,1
bladefist,96,druid,balance,6,1,5
ravencrest,96,druid,balance,6,1,5
soulflayer,96,druid,balance,6,1,5
ysondre,96,druid,balance,6,1,5
antonidas,96,druid,balance,6,1,5
ravenholdt,96,druid,balance,6,1,5
stormscale,96,druid,balance,6,1,5
ragnaros,96,druid,balance,6,1,5
stormscale,96,druid,balance,6,1,5
blackrock,96,druid,balance,6,1,5
kazzak,96,druid,balance,6,1,5
ravencrest,96,druid,balance,6,1,5
tarren-mill,96,druid,balance,6,1,5
stormscale,96,druid,balance,6,1,5
blackrock,96,druid,balance,6,1,5
argent-dawn,96,druid,balance,6,1,5
wrathbringer,96,druid,balance,6,1,5
argent-dawn,96,druid,balance,6,1,5
draenor,96,druid,balance,6,1,5
frostmane,96,druid,balance,6,1,5
blackrock,96,druid,balance,12,1,11
cthun,95,druid,balance,3,2,1
stormscale,79,druid,balance,6,1,5
frostmane,31,druid,balance,2,1,1
outland,31,druid,balance,2,1,1
kazzak,31,druid,balance,8,1,7
blackrock,16,druid,balance,7,1,6
argent-dawn,2186,evoker,preservation,78,47,31
terenas,2169,evoker,preservation,110,62,48
draenor,2120,evoker,preservation,79,39,40
galakrond,2091,evoker,preservation,191,95,96
stormscale,1972,evoker,preservation,66,33,33
fordragon,1958,evoker,preservation,30,22,8
blackrock,1945,evoker,preservation,198,103,95
ravencrest,1913,evoker,preservation,36,20,16
hyjal,1910,evoker,preservation,48,29,19
shendralar,1909,evoker,preservation,54,29,25
blackhand,1900,evoker,preservation,175,85,90
eredar,1875,evoker,preservation,66,32,34
ravencrest,1874,evoker,preservation,48,30,18
ravencrest,1864,evoker,preservation,70,34,36
shattered-hand,1863,evoker,preservation,54,23,31
blackmoore,1854,evoker,preservation,189,97,92
ravencrest,1846,evoker,preservation,45,27,18
area-52,1845,evoker,preservation,72,33,39
blackhand,1832,evoker,preservation,56,27,29
outland,1828,evoker,preservation,60,29,31
nemesis,1826,evoker,preservation,36,26,10
bronzebeard,1826,evoker,preservation,42,28,14
tarren-mill,1822,evoker,preservation,69,38,31
ravencrest,1821,evoker,preservation,59,50,9
ravencrest,1818,evoker,preservation,52,25,27
draenor,1816,evoker,preservation,60,29,31
twisting-nether,1815,evoker,preservation,72,32,40
argent-dawn,1812,evoker,preservation,93,41,52
soulflayer,1811,evoker,preservation,72,30,42
ravencrest,1810,evoker,preservation,36,19,17
kazzak,1808,evoker,preservation,36,19,17
kazzak,1805,evoker,preservation,135,72,63
twisting-nether,1802,evoker,preservation,77,43,34
ravencrest,1797,evoker,preservation,36,19,17
archimonde,1776,evoker,preservation,42,19,23
stormscale,1762,evoker,preservation,110,61,49
ravencrest,1754,evoker,preservation,42,29,13
eredar,1748,evoker,preservation,42,19,23
terrordar,1742,evoker,preservation,48,21,27
magtheridon,1715,evoker,preservation,117,60,57
soulflayer,1714,evoker,preservation,72,29,43
stormscale,1713,evoker,preservation,30,18,12
blackmoore,1675,evoker,preservation,95,47,48
korgall,1660,evoker,preservation,29,18,11
twisting-nether,1654,evoker,preservation,91,51,40
gordunni,1652,evoker,preservation,42,22,20
blackscar,1642,evoker,preservation,84,35,49
archimonde,1639,evoker,preservation,51,24,27
gordunni,1632,evoker,preservation,48,25,23
stormscale,1631,evoker,preservation,36,21,15
soulflayer,1630,evoker,preservation,30,17,13
tarren-mill,1625,evoker,preservation,69,37,32
silvermoon,1613,evoker,preservation,38,20,18
sanguino,1606,evoker,preservation,51,33,18
twisting-nether,1603,evoker,preservation,44,26,18
die-nachtwache,1593,evoker,preservation,48,24,24
malganis,1552,evoker,preservation,63,22,41
ravencrest,1550,evoker,preservation,60,25,35
eredar,1548,evoker,preservation,37,18,19
kazzak,1534,evoker,preservation,30,16,14
archimonde,1524,evoker,preservation,36,18,18
howling-fjord,1510,evoker,preservation,122,61,61
kazzak,1503,evoker,preservation,54,24,30
blackscar,1502,evoker,preservation,66,27,39
silvermoon,1496,evoker,preservation,55,32,23
blackmoore,1492,evoker,preservation,42,18,24
draenor,1450,evoker,preservation,30,25,5
archimonde,1447,evoker,preservation,72,33,39
chogall,1443,evoker,preservation,83,44,39
grim-batol,1432,evoker,preservation,30,17,13
darksorrow,1410,evoker,preservation,74,33,41
nagrand,1407,evoker,preservation,53,30,23
die-aldor,1405,evoker,preservation,52,23,29
ysondre,1397,evoker,preservation,24,15,9
outland,1390,evoker,preservation,90,52,38
blackrock,1384,evoker,preservation,46,27,19
outland,1383,evoker,preservation,60,26,34
sylvanas,1380,evoker,preservation,32,16,16
archimonde,1373,evoker,preservation,39,28,11
gordunni,1352,evoker,preservation,147,71,76
tarren-mill,1343,evoker,preservation,60,22,38
draenor,1342,evoker,preservation,30,18,12
draenor,1341,evoker,preservation,18,14,4
hyjal,1340,evoker,preservation,54,24,30
arygos,1340,evoker,preservation,34,14,20
kazzak,1330,evoker,preservation,166,87,79
hyjal,1313,evoker,preservation,96,41,55
howling-fjord,1306,evoker,preservation,166,65,101
conseil-des-ombres,1299,evoker,preservation,43,25,18
conseil-des-ombres,1296,evoker,preservation,40,17,23
kazzak,1292,evoker,preservation,90,41,49
stormreaver,1279,evoker,preservation,100,54,46
exodar,1270,evoker,preservation,91,45,46
kaelthas,1269,evoker,preservation,35,21,14
silvermoon,1268,evoker,preservation,55,32,23
antonidas,1267,evoker,preservation,66,34,32
blackmoore,1263,evoker,preservation,49,20,29
frostwhisper,1263,evoker,preservation,82,32,50
ravencrest,1253,evoker,preservation,41,22,19
blackrock,1249,evoker,preservation,33,16,17
chamber-of-aspects,1247,evoker,preservation,30,13,17
aegwynn,1246,evoker,preservation,30,13,17
kazzak,1239,evoker,preservation,24,13,11
twisting-nether,1227,evoker,preservation,39,18,21
guldan,1199,evoker,preservation,28,13,15
gordunni,1198,evoker,preservation,23,13,10
outland,1198,evoker,preservation,33,14,19
silvermoon,1170,evoker,preservation,58,30,28
grim-batol,1159,evoker,preservation,42,27,15
twisting-nether,1158,evoker,preservation,95,53,42
aszune,1154,evoker,preservation,31,13,18
kazzak,1152,evoker,preservation,24,12,12
archimonde,1151,evoker,preservation,24,12,12
destromath,1142,evoker,preservation,18,12,6
silvermoon,1139,evoker,preservation,30,13,17
thrall,1131,evoker,preservation,33,20,13
tarren-mill,1124,evoker,preservation,19,13,6
twisting-nether,1118,evoker,preservation,30,13,17
doomhammer,1117,evoker,preservation,24,14,10
tarren-mill,1106,evoker,preservation,30,17,13
blackmoore,1103,evoker,preservation,24,15,9
argent-dawn,1098,evoker,preservation,75,31,44
blackscar,1097,evoker,preservation,30,16,14
hyjal,1094,evoker,preservation,28,13,15
nemesis,1081,evoker,preservation,48,12,36
kazzak,1074,evoker,preservation,33,14,19
burning-legion,1056,evoker,preservation,18,11,7
outland,1056,evoker,preservation,18,11,7
sanguino,1056,evoker,preservation,24,11,13
silvermoon,1055,evoker,preservation,18,11,7
kazzak,1055,evoker,preservation,18,11,7
kazzak,1055,evoker,preservation,18,11,7
defias-brotherhood,1055,evoker,preservation,24,11,13
argent-dawn,1055,evoker,preservation,24,11,13
archimonde,1047,evoker,preservation,18,11,7
burning-blade,1047,evoker,preservation,24,11,13
drakthul,1040,evoker,preservation,42,21,21
silvermoon,1031,evoker,preservation,59,31,28
argent-dawn,1022,evoker,preservation,24,11,13
argent-dawn,1019,evoker,preservation,18,12,6
argent-dawn,987,evoker,preservation,29,14,15
argent-dawn,987,evoker,preservation,29,13,16
veklor,973,evoker,preservation,23,14,9
archimonde,972,evoker,preservation,36,17,19
outland,960,evoker,preservation,18,10,8
howling-fjord,960,evoker,preservation,18,10,8
sanguino,960,evoker,preservation,18,10,8
stormscale,959,evoker,preservation,12,10,2
ravencrest,959,evoker,preservation,18,10,8
aegwynn,959,evoker,preservation,18,10,8
archimonde,950,evoker,preservation,21,10,11
moonglade,935,evoker,preservation,12,10,2
stormscale,934,evoker,preservation,24,11,13
twilights-hammer,902,evoker,preservation,33,11,22
cthun,898,evoker,preservation,60,30,30
silvermoon,893,evoker,preservation,42,22,20
blackrock,890,evoker,preservation,23,10,13
outland,864,evoker,preservation,18,9,9
silvermoon,864,evoker,preservation,18,9,9
silvermoon,864,evoker,preservation,48,21,27
gordunni,863,evoker,preservation,12,9,3
dalaran,863,evoker,preservation,18,9,9
sylvanas,861,evoker,preservation,12,9,3
sylvanas,861,evoker,preservation,36,15,21
kazzak,860,evoker,preservation,18,9,9
bladefist,859,evoker,preservation,18,9,9
veknilash,858,evoker,preservation,27,10,17
kazzak,855,evoker,preservation,18,9,9
outland,849,evoker,preservation,18,9,9
deathwing,835,evoker,preservation,18,9,9
archimonde,827,evoker,preservation,24,9,15
soulflayer,809,evoker,preservation,21,9,12
grim-batol,804,evoker,preservation,18,9,9
soulflayer,790,evoker,preservation,60,15,45
kazzak,768,evoker,preservation,12,8,4
bloodhoof,768,evoker,preservation,12,8,4
zuljin,768,evoker,preservation,12,8,4
archimonde,768,evoker,preservation,12,8,4
stormscale,768,evoker,preservation,18,8,10
tarren-mill,768,evoker,preservation,18,8,10
archimonde,768,evoker,preservation,18,8,10
draenor,768,evoker,preservation,18,8,10
tarren-mill,767,evoker,preservation,18,8,10
twisting-nether,765,evoker,preservation,24,8,16
soulflayer,764,evoker,preservation,12,8,4
kazzak,763,evoker,preservation,12,8,4
darksorrow,763,evoker,preservation,18,8,10
norgannon,753,evoker,preservation,18,8,10
ambossar,751,evoker,preservation,18,8,10
kazzak,749,evoker,preservation,18,8,10
azuregos,680,evoker,preservation,13,8,5
frostmane,679,evoker,preservation,28,8,20
zuluhed,672,evoker,preservation,12,7,5
the-maelstrom,672,evoker,preservation,12,7,5
stormscale,672,evoker,preservation,12,7,5
outland,672,evoker,preservation,12,7,5
sanguino,672,evoker,preservation,18,7,11
aegwynn,671,evoker,preservation,12,7,5
twisting-nether,671,evoker,preservation,15,8,7
kazzak,670,evoker,preservation,12,7,5
ravencrest,670,evoker,preservation,12,7,5
kazzak,607,evoker,preservation,17,7,10
eonar,576,evoker,preservation,6,6,0
ravencrest,576,evoker,preservation,6,6,0
soulflayer,576,evoker,preservation,12,6,6
sylvanas,576,evoker,preservation,12,6,6
gordunni,576,evoker,preservation,12,6,6
nemesis,576,evoker,preservation,12,6,6
sylvanas,576,evoker,preservation,12,6,6
tarren-mill,576,evoker,preservation,12,6,6
stormreaver,576,evoker,preservation,12,6,6
ravencrest,576,evoker,preservation,12,6,6
ravencrest,576,evoker,preservation,12,6,6
burning-legion,576,evoker,preservation,12,6,6
tarren-mill,576,evoker,preservation,18,6,12
draenor,576,evoker,preservation,18,6,12
antonidas,575,evoker,preservation,6,6,0
ravencrest,575,evoker,preservation,12,6,6
frostmane,575,evoker,preservation,12,6,6
blackrock,574,evoker,preservation,12,6,6
kelthuzad,574,evoker,preservation,12,6,6
dun-modr,574,evoker,preservation,12,6,6
stormscale,574,evoker,preservation,12,6,6
hyjal,574,evoker,preservation,12,6,6
kazzak,574,evoker,preservation,18,6,12
kazzak,573,evoker,preservation,12,6,6
zuljin,573,evoker,preservation,15,7,8
haomarush,572,evoker,preservation,18,6,12
defias-brotherhood,571,evoker,preservation,12,6,6
uldum,522,evoker,preservation,15,6,9
grim-batol,520,evoker,preservation,15,7,8
archimonde,520,evoker,preservation,22,9,13
doomhammer,480,evoker,preservation,6,5,1
grim-batol,480,evoker,preservation,6,5,1
argent-dawn,480,evoker,preservation,6,5,1
dalaran,480,evoker,preservation,6,5,1
aegwynn,480,evoker,preservation,6,5,1
ravencrest,480,evoker,preservation,12,5,7
ravencrest,480,evoker,preservation,12,5,7
silvermoon,480,evoker,preservation,12,5,7
outland,480,evoker,preservation,12,5,7
blackmoore,480,evoker,preservation,12,5,7
argent-dawn,480,evoker,preservation,18,5,13
argent-dawn,479,evoker,preservation,12,5,7
dun-modr,478,evoker,preservation,12,5,7
chromaggus,478,evoker,preservation,12,5,7
sanguino,478,evoker,preservation,12,5,7
medivh,477,evoker,preservation,12,5,7
blackscar,443,evoker,preservation,11,5,6
dun-modr,422,evoker,preservation,15,6,9
ahnqiraj,384,evoker,preservation,6,4,2
kazzak,384,evoker,preservation,6,4,2
ysondre,384,evoker,preservation,6,4,2
sylvanas,384,evoker,preservation,6,4,2
tarren-mill,384,evoker,preservation,6,4,2
ravencrest,384,evoker,preservation,6,4,2
archimonde,384,evoker,preservation,6,4,2
aegwynn,384,evoker,preservation,6,4,2
kazzak,384,evoker,preservation,6,4,2
stormscale,384,evoker,preservation,6,4,2
dentarg,384,evoker,preservation,6,4,2
blackmoore,384,evoker,preservation,12,4,8
antonidas,384,evoker,preservation,12,4,8
kazzak,384,evoker,preservation,12,4,8
kazzak,384,evoker,preservation,12,4,8
ragnaros,384,evoker,preservation,12,4,8
silvermoon,384,evoker,preservation,12,4,8
dun-modr,383,evoker,preservation,6,4,2
soulflayer,383,evoker,preservation,6,4,2
twisting-nether,383,evoker,preservation,6,4,2
dun-modr,383,evoker,preservation,18,4,14
doomhammer,382,evoker,preservation,6,4,2
sylvanas,379,evoker,preservation,18,4,14
stormscale,288,evoker,preservation,6,3,3
stormscale,288,evoker,preservation,6,3,3
stormscale,288,evoker,preservation,6,3,3
ravencrest,288,evoker,preservation,6,3,3
ragnaros,288,evoker,preservation,6,3,3
ragnaros,288,evoker,preservation,6,3,3
ravencrest,288,evoker,preservation,6,3,3
tarren-mill,288,evoker,preservation,6,3,3
ravencrest,288,evoker,preservation,6,3,3
silvermoon,288,evoker,preservation,6,3,3
ravencrest,288,evoker,preservation,6,3,3
twisting-nether,288,evoker,preservation,6,3,3
blackrock,288,evoker,preservation,6,3,3
zuljin,288,evoker,preservation,6,3,3
ravencrest,288,evoker,preservation,6,3,3
kazzak,288,evoker,preservation,6,3,3
blackmoore,288,evoker,preservation,6,3,3
draenor,288,evoker,preservation,6,3,3
blackmoore,288,evoker,preservation,6,3,3
ravencrest,288,evoker,preservation,6,3,3
sylvanas,288,evoker,preservation,6,3,3
aegwynn,288,evoker,preservation,6,3,3
dun-modr,288,evoker,preservation,6,3,3
eredar,288,evoker,preservation,6,3,3
cthun,288,evoker,preservation,6,3,3
twisting-nether,288,evoker,preservation,6,3,3
tarren-mill,288,evoker,preservation,6,3,3
draenor,288,evoker,preservation,6,3,3
grim-batol,288,evoker,preservation,6,3,3
darksorrow,288,evoker,preservation,6,3,3
silvermoon,288,evoker,preservation,6,3,3
kazzak,288,evoker,preservation,8,3,5
archimonde,288,evoker,preservation,12,3,9
twisting-nether,288,evoker,preservation,12,3,9
archimonde,288,evoker,preservation,12,3,9
silvermoon,288,evoker,preservation,12,3,9
grim-batol,288,evoker,preservation,12,3,9
kazzak,288,evoker,preservation,12,3,9
drakthul,288,evoker,preservation,16,3,13
alakir,287,evoker,preservation,11,3,8
hyjal,287,evoker,preservation,12,3,9
deathweaver,286,evoker,preservation,6,3,3
sanguino,240,evoker,preservation,9,3,6
argent-dawn,240,evoker,preservation,9,3,6
twisting-nether,207,evoker,preservation,8,3,5
aggra-português,192,evoker,preservation,6,2,4
thrall,192,evoker,preservation,6,2,4
twisting-nether,192,evoker,preservation,6,2,4
blackrock,192,evoker,preservation,6,2,4
archimonde,192,evoker,preservation,6,2,4
nemesis,192,evoker,preservation,6,2,4
archimonde,192,evoker,preservation,6,2,4
stormscale,192,evoker,preservation,6,2,4
arathor,192,evoker,preservation,6,2,4
ravencrest,192,evoker,preservation,6,2,4
archimonde,192,evoker,preservation,6,2,4
stormscale,192,evoker,preservation,6,2,4
archimonde,192,evoker,preservation,6,2,4
bronze-dragonflight,192,evoker,preservation,6,2,4
twisting-nether,192,evoker,preservation,6,2,4
ravencrest,192,evoker,preservation,6,2,4
blackmoore,192,evoker,preservation,6,2,4
ravencrest,192,evoker,preservation,6,2,4
archimonde,192,evoker,preservation,6,2,4
aegwynn,192,evoker,preservation,6,2,4
kazzak,192,evoker,preservation,6,2,4
gordunni,192,evoker,preservation,11,2,9
ravencrest,192,evoker,preservation,12,2,10
madmortem,192,evoker,preservation,12,2,10
gordunni,191,evoker,preservation,6,2,4
grom,191,evoker,preservation,6,2,4
varimathras,191,evoker,preservation,6,2,4
tichondrius,191,evoker,preservation,6,2,4
emerald-dream,159,evoker,preservation,5,2,3
blackhand,159,evoker,preservation,5,2,3
argent-dawn,137,evoker,preservation,10,3,7
dun-modr,96,evoker,preservation,3,2,1
terokkar,96,evoker,preservation,6,1,5
stormscale,96,evoker,preservation,6,1,5
archimonde,96,evoker,preservation,6,1,5
archimonde,96,evoker,preservation,6,1,5
aegwynn,96,evoker,preservation,6,1,5
archimonde,96,evoker,preservation,6,1,5
frostwolf,96,evoker,preservation,6,1,5
twisting-nether,96,evoker,preservation,6,1,5
ghostlands,96,evoker,preservation,6,1,5
deathguard,96,evoker,preservation,6,1,5
twisting-nether,96,evoker,preservation,6,1,5
quelthalas,96,evoker,preservation,6,1,5
thermaplugg,96,evoker,preservation,6,1,5
hyjal,96,evoker,preservation,6,1,5
blades-edge,96,evoker,preservation,6,1,5
blackrock,96,evoker,preservation,6,1,5
hyjal,96,evoker,preservation,6,1,5
ravencrest,96,evoker,preservation,16,2,14
draenor,96,evoker,preservation,12,1,11
archimonde,96,evoker,preservation,12,1,11
outland,95,evoker,preservation,7,1,6
silvermoon,95,evoker,preservation,12,1,11
ragnaros,79,evoker,preservation,5,1,4
tarren-mill,2109,evoker,devastation,87,44,43
ravencrest,2035,evoker,devastation,120,62,58
blackhand,2019,evoker,devastation,55,27,28
darksorrow,1961,evoker,devastation,50,31,19
argent-dawn,1896,evoker,devastation,78,43,35
sanguino,1845,evoker,devastation,90,47,43
eredar,1841,evoker,devastation,54,31,23
blackhand,1827,evoker,devastation,66,33,33
gordunni,1823,evoker,devastation,65,33,32
ravencrest,1810,evoker,devastation,55,30,25
blackhand,1808,evoker,devastation,48,26,22
twisting-nether,1806,evoker,devastation,30,19,11
kazzak,1800,evoker,devastation,54,29,25
kazzak,1790,evoker,devastation,71,36,35
blackrock,1786,evoker,devastation,65,35,30
alakir,1779,evoker,devastation,36,30,6
ravencrest,1767,evoker,devastation,47,28,19
ysondre,1761,evoker,devastation,52,25,27
ravencrest,1741,evoker,devastation,102,49,53
ravencrest,1733,evoker,devastation,32,19,13
gordunni,1719,evoker,devastation,90,53,37
hyjal,1716,evoker,devastation,48,22,26
sanguino,1702,evoker,devastation,171,97,74
draenor,1693,evoker,devastation,120,59,61
silvermoon,1680,evoker,devastation,107,54,53
argent-dawn,1675,evoker,devastation,66,30,36
grim-batol,1641,evoker,devastation,54,30,24
tarren-mill,1629,evoker,devastation,43,26,17
eredar,1625,evoker,devastation,42,23,19
blackmoore,1617,evoker,devastation,39,23,16
archimonde,1617,evoker,devastation,30,17,13
dentarg,1610,evoker,devastation,45,26,19
blackmoore,1607,evoker,devastation,48,23,25
howling-fjord,1600,evoker,devastation,46,24,22
sylvanas,1594,evoker,devastation,48,30,18
hyjal,1589,evoker,devastation,90,48,42
antonidas,1589,evoker,devastation,35,18,17
outland,1588,evoker,devastation,82,46,36
gordunni,1586,evoker,devastation,53,25,28
bloodhoof,1583,evoker,devastation,33,20,13
tarren-mill,1577,evoker,devastation,61,40,21
sanguino,1574,evoker,devastation,71,43,28
gordunni,1574,evoker,devastation,36,18,18
kazzak,1569,evoker,devastation,76,39,37
onyxia,1552,evoker,devastation,51,25,26
ghostlands,1551,evoker,devastation,41,20,21
draenor,1546,evoker,devastation,36,18,18
tarren-mill,1541,evoker,devastation,36,20,16
twisting-nether,1538,evoker,devastation,36,26,10
archimonde,1532,evoker,devastation,44,27,17
twisting-nether,1527,evoker,devastation,30,16,14
archimonde,1522,evoker,devastation,30,19,11
sanguino,1521,evoker,devastation,58,29,29
ravencrest,1509,evoker,devastation,36,16,20
anetheron,1506,evoker,devastation,120,63,57
blackrock,1503,evoker,devastation,41,25,16
blackrock,1503,evoker,devastation,50,29,21
draenor,1495,evoker,devastation,30,17,13
taerar,1479,evoker,devastation,42,24,18
blackhand,1462,evoker,devastation,65,34,31
blackrock,1456,evoker,devastation,30,16,14
arathor,1451,evoker,devastation,48,27,21
blackmoore,1440,evoker,devastation,53,22,31
gordunni,1435,evoker,devastation,36,15,21
gordunni,1422,evoker,devastation,36,15,21
tarren-mill,1414,evoker,devastation,30,15,15
soulflayer,1400,evoker,devastation,36,16,20
nemesis,1388,evoker,devastation,30,16,14
onyxia,1387,evoker,devastation,36,20,16
aegwynn,1376,evoker,devastation,30,16,14
soulflayer,1368,evoker,devastation,42,20,22
la-croisade-écarlate,1358,evoker,devastation,42,19,23
blackrock,1342,evoker,devastation,24,14,10
archimonde,1337,evoker,devastation,30,15,15
doomhammer,1336,evoker,devastation,24,14,10
sylvanas,1332,evoker,devastation,47,21,26
blackhand,1318,evoker,devastation,45,18,27
silvermoon,1304,evoker,devastation,75,37,38
blackhand,1265,evoker,devastation,81,34,47
uldum,1260,evoker,devastation,113,50,63
soulflayer,1246,evoker,devastation,21,14,7
blackrock,1245,evoker,devastation,36,13,23
dalaran,1238,evoker,devastation,24,13,11
outland,1237,evoker,devastation,18,13,5
hyjal,1235,evoker,devastation,57,26,31
stormreaver,1234,evoker,devastation,30,13,17
antonidas,1226,evoker,devastation,18,13,5
silvermoon,1220,evoker,devastation,42,18,24
draenor,1205,evoker,devastation,73,37,36
dun-modr,1156,evoker,devastation,30,17,13
eredar,1149,evoker,devastation,24,12,12
outland,1149,evoker,devastation,36,12,24
tarren-mill,1147,evoker,devastation,24,12,12
howling-fjord,1147,evoker,devastation,30,12,18
stormscale,1145,evoker,devastation,18,12,6
blackrock,1134,evoker,devastation,30,20,10
eonar,1134,evoker,devastation,31,13,18
argent-dawn,1121,evoker,devastation,18,12,6
outland,1118,evoker,devastation,32,14,18
ragnaros,1091,evoker,devastation,24,14,10
tarren-mill,1056,evoker,devastation,18,11,7
zenedar,1055,evoker,devastation,18,11,7
emerald-dream,1055,evoker,devastation,21,12,9
tarren-mill,1047,evoker,devastation,24,11,13
gordunni,1036,evoker,devastation,18,11,7
stormreaver,1034,evoker,devastation,97,51,46
howling-fjord,1030,evoker,devastation,24,11,13
sanguino,1022,evoker,devastation,26,15,11
howling-fjord,1016,evoker,devastation,21,12,9
ravencrest,960,evoker,devastation,18,10,8
grim-batol,958,evoker,devastation,24,10,14
twisting-nether,955,evoker,devastation,18,10,8
nemesis,955,evoker,devastation,18,10,8
silvermoon,952,evoker,devastation,18,10,8
haomarush,952,evoker,devastation,24,10,14
khaz-modan,950,evoker,devastation,18,10,8
blackmoore,949,evoker,devastation,18,10,8
fordragon,948,evoker,devastation,18,10,8
aegwynn,948,evoker,devastation,24,12,12
kazzak,935,evoker,devastation,17,10,7
doomhammer,910,evoker,devastation,48,24,24
garrosh,882,evoker,devastation,30,12,18
zuljin,879,evoker,devastation,17,10,7
howling-fjord,871,evoker,devastation,30,16,14
eversong,864,evoker,devastation,12,9,3
blackrock,864,evoker,devastation,18,9,9
twisting-nether,864,evoker,devastation,18,9,9
tarren-mill,863,evoker,devastation,12,9,3
galakrond,863,evoker,devastation,18,9,9
gordunni,863,evoker,devastation,18,9,9
dentarg,863,evoker,devastation,18,9,9
howling-fjord,863,evoker,devastation,18,9,9
soulflayer,862,evoker,devastation,12,9,3
tarren-mill,858,evoker,devastation,24,9,15
gordunni,842,evoker,devastation,24,9,15
arygos,830,evoker,devastation,36,16,20
draenor,768,evoker,devastation,12,8,4
blackrock,768,evoker,devastation,12,8,4
soulflayer,768,evoker,devastation,12,8,4
gordunni,768,evoker,devastation,18,8,10
argent-dawn,768,evoker,devastation,18,8,10
tarren-mill,735,evoker,devastation,17,8,9
ragnaros,672,evoker,devastation,12,7,5
gordunni,672,evoker,devastation,12,7,5
twisting-nether,672,evoker,devastation,12,7,5
gordunni,672,evoker,devastation,18,7,11
malganis,671,evoker,devastation,12,7,5
nemesis,671,evoker,devastation,12,7,5
twisting-nether,669,evoker,devastation,14,9,5
tarren-mill,667,evoker,devastation,12,7,5
blackhand,667,evoker,devastation,12,7,5
drakthul,658,evoker,devastation,12,7,5
nemesis,623,evoker,devastation,11,7,4
ravencrest,618,evoker,devastation,27,9,18
arathi,601,evoker,devastation,14,7,7
ragnaros,584,evoker,devastation,9,8,1
draenor,576,evoker,devastation,12,6,6
hyjal,576,evoker,devastation,12,6,6
argent-dawn,576,evoker,devastation,12,6,6
rashgarroth,576,evoker,devastation,12,6,6
kirin-tor,576,evoker,devastation,12,6,6
ragnaros,576,evoker,devastation,12,6,6
xavius,576,evoker,devastation,12,6,6
ragnaros,575,evoker,devastation,12,6,6
twisting-nether,572,evoker,devastation,6,6,0
blackrock,480,evoker,devastation,6,5,1
ravencrest,480,evoker,devastation,6,5,1
blackmoore,480,evoker,devastation,6,5,1
ahnqiraj,480,evoker,devastation,12,5,7
silvermoon,480,evoker,devastation,12,5,7
draenor,480,evoker,devastation,12,5,7
ysondre,480,evoker,devastation,12,5,7
blackrock,480,evoker,devastation,12,5,7
scarshield-legion,480,evoker,devastation,18,5,13
kazzak,480,evoker,devastation,18,5,13
blackmoore,479,evoker,devastation,6,5,1
cthun,479,evoker,devastation,6,5,1
ravencrest,479,evoker,devastation,12,5,7
nethersturm,478,evoker,devastation,12,5,7
gilneas,477,evoker,devastation,16,6,10
shadowsong,415,evoker,devastation,10,5,5
howling-fjord,384,evoker,devastation,6,4,2
stormscale,384,evoker,devastation,6,4,2
shadowsong,384,evoker,devastation,6,4,2
bladefist,384,evoker,devastation,6,4,2
stormscale,384,evoker,devastation,6,4,2
argent-dawn,384,evoker,devastation,6,4,2
dentarg,384,evoker,devastation,6,4,2
tarren-mill,384,evoker,devastation,6,4,2
stormscale,384,evoker,devastation,6,4,2
outland,384,evoker,devastation,6,4,2
archimonde,384,evoker,devastation,6,4,2
aegwynn,384,evoker,devastation,6,4,2
blackmoore,384,evoker,devastation,6,4,2
blackmoore,384,evoker,devastation,12,4,8
ragnaros,384,evoker,devastation,12,4,8
ravencrest,384,evoker,devastation,12,4,8
ravencrest,384,evoker,devastation,18,4,14
blackmoore,383,evoker,devastation,6,4,2
hyjal,383,evoker,devastation,6,4,2
tichondrius,383,evoker,devastation,6,4,2
lightbringer,383,evoker,devastation,12,4,8
thunderhorn,382,evoker,devastation,6,4,2
uldum,382,evoker,devastation,6,4,2
anetheron,382,evoker,devastation,6,4,2
archimonde,382,evoker,devastation,6,4,2
sanguino,367,evoker,devastation,17,4,13
blackhand,335,evoker,devastation,11,4,7
argent-dawn,319,evoker,devastation,5,4,1
gorgonnash,303,evoker,devastation,7,4,3
aegwynn,288,evoker,devastation,6,3,3
archimonde,288,evoker,devastation,6,3,3
archimonde,288,evoker,devastation,6,3,3
stormreaver,288,evoker,devastation,6,3,3
blackmoore,288,evoker,devastation,6,3,3
ravencrest,288,evoker,devastation,6,3,3
outland,288,evoker,devastation,6,3,3
archimonde,288,evoker,devastation,6,3,3
archimonde,288,evoker,devastation,6,3,3
blackmoore,288,evoker,devastation,6,3,3
ravencrest,288,evoker,devastation,6,3,3
kazzak,288,evoker,devastation,6,3,3
outland,288,evoker,devastation,6,3,3
eversong,288,evoker,devastation,6,3,3
eredar,288,evoker,devastation,6,3,3
tarren-mill,288,evoker,devastation,6,3,3
ysondre,288,evoker,devastation,6,3,3
malfurion,288,evoker,devastation,6,3,3
argent-dawn,288,evoker,devastation,6,3,3
nazjatar,288,evoker,devastation,6,3,3
sanguino,288,evoker,devastation,6,3,3
argent-dawn,288,evoker,devastation,6,3,3
rexxar,288,evoker,devastation,6,3,3
sylvanas,288,evoker,devastation,6,3,3
sylvanas,288,evoker,devastation,6,3,3
mazrigos,288,evoker,devastation,6,3,3
soulflayer,288,evoker,devastation,9,4,5
ravencrest,288,evoker,devastation,12,3,9
zuljin,288,evoker,devastation,12,3,9
bloodfeather,288,evoker,devastation,12,3,9
anubarak,288,evoker,devastation,12,3,9
the-maelstrom,288,evoker,devastation,12,3,9
silvermoon,287,evoker,devastation,6,3,3
doomhammer,286,evoker,devastation,6,3,3
gordunni,255,evoker,devastation,8,4,4
teldrassil,233,evoker,devastation,6,4,2
blackrock,192,evoker,devastation,6,2,4
illidan,192,evoker,devastation,6,2,4
dalaran,192,evoker,devastation,6,2,4
argent-dawn,192,evoker,devastation,6,2,4
draenor,192,evoker,devastation,6,2,4
die-nachtwache,192,evoker,devastation,6,2,4
blackhand,192,evoker,devastation,6,2,4
archimonde,192,evoker,devastation,6,2,4
twisting-nether,192,evoker,devastation,6,2,4
eversong,192,evoker,devastation,12,2,10
elune,192,evoker,devastation,18,2,16
turalyon,191,evoker,devastation,6,2,4
silvermoon,159,evoker,devastation,5,2,3
tarren-mill,159,evoker,devastation,8,3,5
blackhand,96,evoker,devastation,6,1,5
twisting-nether,96,evoker,devastation,6,1,5
dragonblight,96,evoker,devastation,6,1,5
soulflayer,96,evoker,devastation,6,1,5
blackrock,96,evoker,devastation,6,1,5
kazzak,96,evoker,devastation,6,1,5
ravencrest,96,evoker,devastation,6,1,5
argent-dawn,96,evoker,devastation,6,1,5
sylvanas,63,evoker,devastation,2,2,0
kazzak,42,evoker,devastation,7,2,5
archimonde,31,evoker,devastation,2,1,1
ravencrest,2143,hunter,marksmanship,72,49,23
howling-fjord,1973,hunter,marksmanship,95,47,48
kazzak,1952,hunter,marksmanship,71,37,34
ravencrest,1941,hunter,marksmanship,63,35,28
razuvious,1898,hunter,marksmanship,83,44,39
ravencrest,1881,hunter,marksmanship,66,35,31
burning-legion,1849,hunter,marksmanship,53,30,23
archimonde,1828,hunter,marksmanship,42,23,19
argent-dawn,1826,hunter,marksmanship,66,33,33
ravencrest,1819,hunter,marksmanship,48,22,26
silvermoon,1816,hunter,marksmanship,42,27,15
twisting-nether,1816,hunter,marksmanship,54,30,24
blackrock,1806,hunter,marksmanship,36,20,16
frostmane,1769,hunter,marksmanship,66,39,27
argent-dawn,1765,hunter,marksmanship,42,23,19
khaz-modan,1739,hunter,marksmanship,54,28,26
tarren-mill,1717,hunter,marksmanship,42,21,21
stormscale,1698,hunter,marksmanship,47,23,24
tarren-mill,1682,hunter,marksmanship,59,31,28
gordunni,1670,hunter,marksmanship,75,45,30
eredar,1668,hunter,marksmanship,78,35,43
aegwynn,1659,hunter,marksmanship,42,23,19
outland,1649,hunter,marksmanship,48,22,26
dragonblight,1638,hunter,marksmanship,42,32,10
gordunni,1634,hunter,marksmanship,34,24,10
argent-dawn,1626,hunter,marksmanship,57,31,26
eredar,1619,hunter,marksmanship,24,17,7
magtheridon,1602,hunter,marksmanship,148,75,73
drakthul,1597,hunter,marksmanship,59,25,34
sylvanas,1588,hunter,marksmanship,44,21,23
kazzak,1578,hunter,marksmanship,48,28,20
gordunni,1562,hunter,marksmanship,48,22,26
arathi,1557,hunter,marksmanship,53,29,24
soulflayer,1556,hunter,marksmanship,54,26,28
hellfire,1553,hunter,marksmanship,36,20,16
gordunni,1545,hunter,marksmanship,36,18,18
tarren-mill,1534,hunter,marksmanship,47,22,25
kazzak,1532,hunter,marksmanship,42,22,20
howling-fjord,1531,hunter,marksmanship,42,22,20
alexstrasza,1526,hunter,marksmanship,48,26,22
ysondre,1524,hunter,marksmanship,42,22,20
blackhand,1521,hunter,marksmanship,48,31,17
laughing-skull,1521,hunter,marksmanship,30,19,11
kazzak,1510,hunter,marksmanship,69,37,32
twisting-nether,1494,hunter,marksmanship,42,21,21
defias-brotherhood,1488,hunter,marksmanship,48,24,24
stormscale,1486,hunter,marksmanship,33,17,16
silvermoon,1482,hunter,marksmanship,54,26,28
aegwynn,1471,hunter,marksmanship,65,37,28
outland,1465,hunter,marksmanship,55,28,27
khaz-modan,1464,hunter,marksmanship,54,24,30
chamber-of-aspects,1454,hunter,marksmanship,39,23,16
eredar,1454,hunter,marksmanship,48,24,24
gordunni,1452,hunter,marksmanship,64,30,34
frostwolf,1448,hunter,marksmanship,48,30,18
sanguino,1445,hunter,marksmanship,36,23,13
stormscale,1442,hunter,marksmanship,83,36,47
ashenvale,1437,hunter,marksmanship,30,15,15
aegwynn,1436,hunter,marksmanship,29,16,13
antonidas,1435,hunter,marksmanship,30,15,15
argent-dawn,1422,hunter,marksmanship,126,77,49
malfurion,1416,hunter,marksmanship,72,28,44
blackmoore,1414,hunter,marksmanship,36,15,21
defias-brotherhood,1386,hunter,marksmanship,48,20,28
nemesis,1383,hunter,marksmanship,42,17,25
soulflayer,1374,hunter,marksmanship,48,17,31
ravencrest,1365,hunter,marksmanship,35,15,20
sanguino,1365,hunter,marksmanship,113,46,67
tarren-mill,1357,hunter,marksmanship,42,18,24
outland,1355,hunter,marksmanship,30,15,15
tarren-mill,1352,hunter,marksmanship,33,16,17
stormscale,1350,hunter,marksmanship,24,16,8
chamber-of-aspects,1345,hunter,marksmanship,36,18,18
grom,1345,hunter,marksmanship,41,16,25
ragnaros,1343,hunter,marksmanship,19,14,5
silvermoon,1340,hunter,marksmanship,30,14,16
turalyon,1335,hunter,marksmanship,24,14,10
lordaeron,1333,hunter,marksmanship,24,14,10
blackmoore,1333,hunter,marksmanship,48,20,28
argent-dawn,1333,hunter,marksmanship,55,21,34
ravencrest,1328,hunter,marksmanship,35,15,20
hyjal,1325,hunter,marksmanship,42,20,22
pozzo-delleternità,1325,hunter,marksmanship,30,14,16
draenor,1312,hunter,marksmanship,43,23,20
silvermoon,1310,hunter,marksmanship,117,51,66
howling-fjord,1306,hunter,marksmanship,24,14,10
azuremyst,1301,hunter,marksmanship,34,17,17
blackrock,1299,hunter,marksmanship,29,14,15
draenor,1288,hunter,marksmanship,28,14,14
eonar,1287,hunter,marksmanship,36,17,19
argent-dawn,1287,hunter,marksmanship,48,22,26
ravencrest,1286,hunter,marksmanship,35,15,20
blackhand,1281,hunter,marksmanship,42,17,25
gordunni,1275,hunter,marksmanship,37,16,21
eversong,1267,hunter,marksmanship,39,21,18
gordunni,1257,hunter,marksmanship,22,14,8
argent-dawn,1256,hunter,marksmanship,30,14,16
kazzak,1251,hunter,marksmanship,77,41,36
silvermoon,1239,hunter,marksmanship,30,16,14
twisting-nether,1234,hunter,marksmanship,24,13,11
ravencrest,1234,hunter,marksmanship,30,13,17
culte-de-la-rive-noire,1227,hunter,marksmanship,18,13,5
quelthalas,1204,hunter,marksmanship,67,32,35
blackrock,1185,hunter,marksmanship,44,20,24
ysondre,1177,hunter,marksmanship,42,23,19
dun-modr,1157,hunter,marksmanship,36,14,22
ragnaros,1152,hunter,marksmanship,24,12,12
outland,1152,hunter,marksmanship,69,34,35
draenor,1152,hunter,marksmanship,30,13,17
ravencrest,1151,hunter,marksmanship,18,12,6
twisting-nether,1150,hunter,marksmanship,18,12,6
tarren-mill,1149,hunter,marksmanship,30,12,18
soulflayer,1143,hunter,marksmanship,18,12,6
stormrage,1119,hunter,marksmanship,24,12,12
alakir,1117,hunter,marksmanship,18,12,6
defias-brotherhood,1116,hunter,marksmanship,30,17,13
borean-tundra,1079,hunter,marksmanship,29,16,13
area-52,1066,hunter,marksmanship,32,12,20
twisting-nether,1064,hunter,marksmanship,184,84,100
khaz-modan,1063,hunter,marksmanship,43,15,28
lich-king,1059,hunter,marksmanship,94,46,48
aerie-peak,1056,hunter,marksmanship,18,11,7
hyjal,1054,hunter,marksmanship,18,11,7
quelthalas,1054,hunter,marksmanship,24,11,13
sunstrider,1054,hunter,marksmanship,24,11,13
drakthul,1053,hunter,marksmanship,18,11,7
aerie-peak,1052,hunter,marksmanship,55,26,29
ashenvale,1051,hunter,marksmanship,24,11,13
sanguino,1050,hunter,marksmanship,24,11,13
silvermoon,1049,hunter,marksmanship,18,11,7
deepholm,1041,hunter,marksmanship,59,26,33
ragnaros,1039,hunter,marksmanship,29,11,18
malganis,1034,hunter,marksmanship,23,11,12
draenor,1030,hunter,marksmanship,54,24,30
sylvanas,1022,hunter,marksmanship,23,11,12
draenor,1020,hunter,marksmanship,42,19,23
arthas,1019,hunter,marksmanship,41,15,26
blackrock,1011,hunter,marksmanship,22,11,11
ravencrest,990,hunter,marksmanship,20,11,9
tarren-mill,977,hunter,marksmanship,30,13,17
stormscale,960,hunter,marksmanship,24,10,14
blackscar,960,hunter,marksmanship,24,10,14
burning-legion,959,hunter,marksmanship,18,10,8
tarren-mill,959,hunter,marksmanship,18,10,8
burning-legion,955,hunter,marksmanship,18,10,8
ravencrest,954,hunter,marksmanship,18,10,8
frostmane,953,hunter,marksmanship,24,10,14
silvermoon,952,hunter,marksmanship,12,10,2
tarren-mill,948,hunter,marksmanship,18,10,8
ravencrest,925,hunter,marksmanship,12,10,2
antonidas,890,hunter,marksmanship,20,10,10
khaz-modan,889,hunter,marksmanship,41,16,25
nethersturm,877,hunter,marksmanship,71,32,39
ravencrest,863,hunter,marksmanship,18,9,9
gordunni,863,hunter,marksmanship,18,9,9
archimonde,862,hunter,marksmanship,12,9,3
ragnaros,861,hunter,marksmanship,24,9,15
stormscale,846,hunter,marksmanship,29,9,20
aggramar,836,hunter,marksmanship,18,9,9
blackscar,831,hunter,marksmanship,20,10,10
saurfang,791,hunter,marksmanship,24,10,14
malfurion,787,hunter,marksmanship,41,19,22
arthas,783,hunter,marksmanship,18,9,9
dalaran,780,hunter,marksmanship,19,9,10
howling-fjord,768,hunter,marksmanship,12,8,4
archimonde,768,hunter,marksmanship,18,8,10
blackrock,768,hunter,marksmanship,18,8,10
blackrock,767,hunter,marksmanship,18,8,10
sanguino,767,hunter,marksmanship,18,8,10
dalaran,767,hunter,marksmanship,18,8,10
elune,767,hunter,marksmanship,30,8,22
aegwynn,766,hunter,marksmanship,12,8,4
blackmoore,766,hunter,marksmanship,18,8,10
ravencrest,765,hunter,marksmanship,18,8,10
dun-modr,763,hunter,marksmanship,18,8,10
conseil-des-ombres,762,hunter,marksmanship,12,8,4
outland,762,hunter,marksmanship,18,8,10
ravencrest,759,hunter,marksmanship,18,8,10
krasus,757,hunter,marksmanship,12,8,4
uldum,754,hunter,marksmanship,12,8,4
pozzo-delleternità,754,hunter,marksmanship,18,8,10
hellfire,747,hunter,marksmanship,12,8,4
ravencrest,719,hunter,marksmanship,11,8,3
archimonde,701,hunter,marksmanship,32,11,21
silvermoon,672,hunter,marksmanship,12,7,5
gordunni,672,hunter,marksmanship,12,7,5
gordunni,672,hunter,marksmanship,12,7,5
gordunni,672,hunter,marksmanship,12,7,5
archimonde,672,hunter,marksmanship,12,7,5
ragnaros,672,hunter,marksmanship,12,7,5
gordunni,672,hunter,marksmanship,12,7,5
zuljin,672,hunter,marksmanship,12,7,5
drakthul,672,hunter,marksmanship,12,7,5
draenor,672,hunter,marksmanship,12,7,5
draenor,672,hunter,marksmanship,12,7,5
outland,672,hunter,marksmanship,15,8,7
soulflayer,672,hunter,marksmanship,18,7,11
eversong,672,hunter,marksmanship,18,7,11
tyrande,672,hunter,marksmanship,18,7,11
kazzak,672,hunter,marksmanship,18,7,11
blackmoore,672,hunter,marksmanship,24,7,17
gordunni,672,hunter,marksmanship,24,7,17
tarren-mill,671,hunter,marksmanship,12,7,5
eredar,671,hunter,marksmanship,12,7,5
sylvanas,671,hunter,marksmanship,12,7,5
nemesis,671,hunter,marksmanship,12,7,5
frostmourne,671,hunter,marksmanship,18,7,11
blackmoore,671,hunter,marksmanship,24,7,17
thermaplugg,671,hunter,marksmanship,36,7,29
burning-legion,670,hunter,marksmanship,12,7,5
bronzebeard,670,hunter,marksmanship,12,7,5
twisting-nether,670,hunter,marksmanship,18,7,11
howling-fjord,670,hunter,marksmanship,24,7,17
ravencrest,669,hunter,marksmanship,18,7,11
silvermoon,667,hunter,marksmanship,18,7,11
dun-modr,637,hunter,marksmanship,15,8,7
stormscale,636,hunter,marksmanship,11,7,4
archimonde,617,hunter,marksmanship,20,8,12
silvermoon,576,hunter,marksmanship,6,6,0
ravencrest,576,hunter,marksmanship,6,6,0
ravencrest,576,hunter,marksmanship,12,6,6
amanthul,576,hunter,marksmanship,12,6,6
gordunni,576,hunter,marksmanship,12,6,6
ysondre,576,hunter,marksmanship,12,6,6
deepholm,576,hunter,marksmanship,12,6,6
jaedenar,576,hunter,marksmanship,12,6,6
draenor,576,hunter,marksmanship,12,6,6
the-maelstrom,576,hunter,marksmanship,12,6,6
aggra-português,576,hunter,marksmanship,12,6,6
aggra-português,576,hunter,marksmanship,12,6,6
argent-dawn,576,hunter,marksmanship,12,6,6
sylvanas,576,hunter,marksmanship,12,6,6
sylvanas,576,hunter,marksmanship,15,7,8
stormscale,576,hunter,marksmanship,18,6,12
uldaman,576,hunter,marksmanship,24,6,18
pozzo-delleternità,575,hunter,marksmanship,12,6,6
howling-fjord,575,hunter,marksmanship,12,6,6
sinstralis,575,hunter,marksmanship,12,6,6
twisting-nether,575,hunter,marksmanship,12,6,6
turalyon,575,hunter,marksmanship,12,6,6
eversong,575,hunter,marksmanship,12,6,6
tarren-mill,575,hunter,marksmanship,12,6,6
ragnaros,575,hunter,marksmanship,12,6,6
ragnaros,573,hunter,marksmanship,18,6,12
darkmoon-faire,565,hunter,marksmanship,12,6,6
culte-de-la-rive-noire,565,hunter,marksmanship,12,6,6
stormreaver,564,hunter,marksmanship,18,6,12
zirkel-des-cenarius,561,hunter,marksmanship,18,6,12
archimonde,480,hunter,marksmanship,6,5,1
tarren-mill,480,hunter,marksmanship,6,5,1
gordunni,480,hunter,marksmanship,6,5,1
gordunni,480,hunter,marksmanship,12,5,7
ghostlands,480,hunter,marksmanship,12,5,7
blackrock,480,hunter,marksmanship,12,5,7
zuljin,480,hunter,marksmanship,12,5,7
ravencrest,480,hunter,marksmanship,12,5,7
kazzak,480,hunter,marksmanship,12,5,7
gordunni,480,hunter,marksmanship,12,5,7
eitrigg,480,hunter,marksmanship,12,5,7
blackrock,480,hunter,marksmanship,12,5,7
nordrassil,480,hunter,marksmanship,12,5,7
twilights-hammer,480,hunter,marksmanship,12,5,7
howling-fjord,480,hunter,marksmanship,12,5,7
elune,480,hunter,marksmanship,13,5,8
defias-brotherhood,480,hunter,marksmanship,18,5,13
aegwynn,480,hunter,marksmanship,18,5,13
sanguino,480,hunter,marksmanship,24,5,19
azshara,479,hunter,marksmanship,6,5,1
ragnaros,479,hunter,marksmanship,6,5,1
argent-dawn,479,hunter,marksmanship,12,5,7
azjolnerub,479,hunter,marksmanship,12,5,7
azjolnerub,479,hunter,marksmanship,12,5,7
korgall,478,hunter,marksmanship,12,5,7
argent-dawn,478,hunter,marksmanship,12,5,7
eredar,478,hunter,marksmanship,12,5,7
dentarg,475,hunter,marksmanship,12,5,7
rajaxx,474,hunter,marksmanship,18,5,13
outland,447,hunter,marksmanship,16,6,10
ragnaros,432,hunter,marksmanship,9,6,3
anetheron,384,hunter,marksmanship,6,4,2
shadowsong,384,hunter,marksmanship,6,4,2
tarren-mill,384,hunter,marksmanship,6,4,2
azshara,384,hunter,marksmanship,6,4,2
sylvanas,384,hunter,marksmanship,6,4,2
tarren-mill,384,hunter,marksmanship,6,4,2
blackrock,384,hunter,marksmanship,6,4,2
soulflayer,384,hunter,marksmanship,6,4,2
outland,384,hunter,marksmanship,6,4,2
kazzak,384,hunter,marksmanship,6,4,2
silvermoon,384,hunter,marksmanship,6,4,2
silvermoon,384,hunter,marksmanship,6,4,2
draenor,384,hunter,marksmanship,6,4,2
burning-legion,384,hunter,marksmanship,6,4,2
ragnaros,384,hunter,marksmanship,6,4,2
blackscar,384,hunter,marksmanship,6,4,2
gordunni,384,hunter,marksmanship,6,4,2
blackscar,384,hunter,marksmanship,6,4,2
hyjal,384,hunter,marksmanship,6,4,2
ravencrest,384,hunter,marksmanship,6,4,2
ragnaros,384,hunter,marksmanship,6,4,2
shattered-hand,384,hunter,marksmanship,6,4,2
elune,384,hunter,marksmanship,6,4,2
stormscale,384,hunter,marksmanship,12,4,8
stormscale,384,hunter,marksmanship,12,4,8
argent-dawn,384,hunter,marksmanship,12,4,8
hyjal,384,hunter,marksmanship,12,4,8
blackrock,384,hunter,marksmanship,12,4,8
shadowsong,384,hunter,marksmanship,12,4,8
hyjal,384,hunter,marksmanship,12,4,8
archimonde,384,hunter,marksmanship,12,4,8
drakthul,384,hunter,marksmanship,12,4,8
blackmoore,384,hunter,marksmanship,18,4,14
soulflayer,383,hunter,marksmanship,6,4,2
dethecus,383,hunter,marksmanship,6,4,2
frostmane,383,hunter,marksmanship,6,4,2
kirin-tor,383,hunter,marksmanship,12,4,8
uldum,383,hunter,marksmanship,12,4,8
mazrigos,383,hunter,marksmanship,12,4,8
cthun,382,hunter,marksmanship,6,4,2
hyjal,382,hunter,marksmanship,12,4,8
argent-dawn,382,hunter,marksmanship,12,4,8
ravencrest,335,hunter,marksmanship,9,4,5
sylvanas,288,hunter,marksmanship,6,3,3
ysondre,288,hunter,marksmanship,6,3,3
twisting-nether,288,hunter,marksmanship,6,3,3
auchindoun,288,hunter,marksmanship,6,3,3
silvermoon,288,hunter,marksmanship,6,3,3
archimonde,288,hunter,marksmanship,6,3,3
ravencrest,288,hunter,marksmanship,6,3,3
elune,288,hunter,marksmanship,6,3,3
gordunni,288,hunter,marksmanship,6,3,3
ragnaros,288,hunter,marksmanship,6,3,3
ravencrest,288,hunter,marksmanship,6,3,3
stormscale,288,hunter,marksmanship,6,3,3
stormscale,288,hunter,marksmanship,6,3,3
stormscale,288,hunter,marksmanship,6,3,3
thrall,288,hunter,marksmanship,6,3,3
nozdormu,288,hunter,marksmanship,6,3,3
stormscale,288,hunter,marksmanship,6,3,3
grim-batol,288,hunter,marksmanship,6,3,3
kazzak,288,hunter,marksmanship,6,3,3
soulflayer,288,hunter,marksmanship,6,3,3
stormscale,288,hunter,marksmanship,6,3,3
twisting-nether,288,hunter,marksmanship,6,3,3
gordunni,288,hunter,marksmanship,6,3,3
howling-fjord,288,hunter,marksmanship,6,3,3
ravencrest,288,hunter,marksmanship,6,3,3
hyjal,288,hunter,marksmanship,6,3,3
silvermoon,288,hunter,marksmanship,6,3,3
hyjal,288,hunter,marksmanship,6,3,3
soulflayer,288,hunter,marksmanship,6,3,3
hyjal,288,hunter,marksmanship,6,3,3
rajaxx,288,hunter,marksmanship,6,3,3
sylvanas,288,hunter,marksmanship,6,3,3
kazzak,288,hunter,marksmanship,6,3,3
burning-legion,288,hunter,marksmanship,6,3,3
blackmoore,288,hunter,marksmanship,6,3,3
gordunni,288,hunter,marksmanship,6,3,3
blackrock,288,hunter,marksmanship,6,3,3
burning-legion,288,hunter,marksmanship,6,3,3
silvermoon,288,hunter,marksmanship,6,3,3
frostwolf,288,hunter,marksmanship,6,3,3
drakthul,288,hunter,marksmanship,6,3,3
ravencrest,288,hunter,marksmanship,6,3,3
tarren-mill,288,hunter,marksmanship,9,4,5
boulderfist,288,hunter,marksmanship,10,4,6
doomhammer,288,hunter,marksmanship,11,3,8
khaz-modan,288,hunter,marksmanship,12,3,9
kazzak,288,hunter,marksmanship,12,3,9
grim-batol,288,hunter,marksmanship,12,3,9
minahonda,288,hunter,marksmanship,12,3,9
kazzak,288,hunter,marksmanship,12,3,9
ravencrest,288,hunter,marksmanship,12,3,9
stormscale,288,hunter,marksmanship,12,3,9
kazzak,288,hunter,marksmanship,12,3,9
howling-fjord,288,hunter,marksmanship,12,3,9
silvermoon,288,hunter,marksmanship,12,3,9
argent-dawn,288,hunter,marksmanship,12,3,9
kilrogg,288,hunter,marksmanship,12,3,9
silvermoon,288,hunter,marksmanship,12,3,9
deathweaver,287,hunter,marksmanship,6,3,3
nemesis,287,hunter,marksmanship,6,3,3
darkspear,287,hunter,marksmanship,12,3,9
malganis,287,hunter,marksmanship,18,3,15
dun-modr,286,hunter,marksmanship,6,3,3
howling-fjord,286,hunter,marksmanship,6,3,3
norgannon,284,hunter,marksmanship,12,3,9
dalaran,240,hunter,marksmanship,15,3,12
teldrassil,192,hunter,marksmanship,6,2,4
stormscale,192,hunter,marksmanship,6,2,4
ravencrest,192,hunter,marksmanship,6,2,4
blackrock,192,hunter,marksmanship,6,2,4
blackrock,192,hunter,marksmanship,6,2,4
ravencrest,192,hunter,marksmanship,6,2,4
shattered-hand,192,hunter,marksmanship,6,2,4
arthas,192,hunter,marksmanship,6,2,4
grom,192,hunter,marksmanship,6,2,4
outland,192,hunter,marksmanship,6,2,4
outland,192,hunter,marksmanship,6,2,4
kazzak,192,hunter,marksmanship,6,2,4
gilneas,192,hunter,marksmanship,6,2,4
outland,192,hunter,marksmanship,6,2,4
twisting-nether,192,hunter,marksmanship,6,2,4
arathi,192,hunter,marksmanship,6,2,4
ravenholdt,192,hunter,marksmanship,6,2,4
ravencrest,192,hunter,marksmanship,6,2,4
soulflayer,192,hunter,marksmanship,6,2,4
ragnaros,192,hunter,marksmanship,6,2,4
frostmane,192,hunter,marksmanship,6,2,4
archimonde,192,hunter,marksmanship,6,2,4
darkspear,192,hunter,marksmanship,6,2,4
silvermoon,192,hunter,marksmanship,6,2,4
aegwynn,192,hunter,marksmanship,6,2,4
genjuros,192,hunter,marksmanship,6,2,4
nemesis,192,hunter,marksmanship,6,2,4
stormscale,192,hunter,marksmanship,6,2,4
blackhand,192,hunter,marksmanship,6,2,4
talnivarr,192,hunter,marksmanship,6,2,4
sanguino,192,hunter,marksmanship,6,2,4
blackmoore,192,hunter,marksmanship,6,2,4
doomhammer,192,hunter,marksmanship,6,2,4
twisting-nether,192,hunter,marksmanship,6,2,4
la-croisade-écarlate,192,hunter,marksmanship,6,2,4
gordunni,192,hunter,marksmanship,6,2,4
medivh,192,hunter,marksmanship,6,2,4
gordunni,192,hunter,marksmanship,6,2,4
doomhammer,192,hunter,marksmanship,6,2,4
ysondre,192,hunter,marksmanship,6,2,4
gordunni,192,hunter,marksmanship,6,2,4
stormreaver,192,hunter,marksmanship,6,2,4
aggra-português,192,hunter,marksmanship,12,2,10
hyjal,192,hunter,marksmanship,12,2,10
draenor,192,hunter,marksmanship,12,2,10
ahnqiraj,192,hunter,marksmanship,12,2,10
area-52,192,hunter,marksmanship,12,2,10
anachronos,192,hunter,marksmanship,12,2,10
stormscale,192,hunter,marksmanship,12,2,10
gordunni,192,hunter,marksmanship,12,2,10
cthun,192,hunter,marksmanship,12,2,10
bloodhoof,191,hunter,marksmanship,6,2,4
turalyon,191,hunter,marksmanship,6,2,4
bloodfeather,191,hunter,marksmanship,6,2,4
kazzak,159,hunter,marksmanship,5,2,3
sylvanas,159,hunter,marksmanship,5,2,3
alleria,159,hunter,marksmanship,5,2,3
uldum,159,hunter,marksmanship,5,2,3
sylvanas,138,hunter,marksmanship,9,3,6
ravencrest,128,hunter,marksmanship,4,2,2
thrall,96,hunter,marksmanship,3,2,1
drakthul,96,hunter,marksmanship,6,1,5
drakthul,96,hunter,marksmanship,6,1,5
sylvanas,96,hunter,marksmanship,6,1,5
argent-dawn,96,hunter,marksmanship,6,1,5
dun-modr,96,hunter,marksmanship,6,1,5
sylvanas,96,hunter,marksmanship,6,1,5
tarren-mill,96,hunter,marksmanship,6,1,5
moonglade,96,hunter,marksmanship,6,1,5
kazzak,96,hunter,marksmanship,6,1,5
blackrock,96,hunter,marksmanship,6,1,5
twisting-nether,96,hunter,marksmanship,6,1,5
gordunni,96,hunter,marksmanship,6,1,5
thunderhorn,96,hunter,marksmanship,6,1,5
deathwing,96,hunter,marksmanship,6,1,5
kargath,96,hunter,marksmanship,6,1,5
dragonblight,96,hunter,marksmanship,6,1,5
hyjal,96,hunter,marksmanship,6,1,5
kazzak,96,hunter,marksmanship,6,1,5
blackrock,96,hunter,marksmanship,6,1,5
outland,96,hunter,marksmanship,6,1,5
blackscar,96,hunter,marksmanship,6,1,5
howling-fjord,96,hunter,marksmanship,6,1,5
blackscar,96,hunter,marksmanship,6,1,5
ravencrest,96,hunter,marksmanship,6,1,5
ravencrest,96,hunter,marksmanship,6,1,5
howling-fjord,96,hunter,marksmanship,6,1,5
dun-morogh,96,hunter,marksmanship,7,1,6
bronzebeard,95,hunter,marksmanship,3,2,1
thrall,95,hunter,marksmanship,6,1,5
outland,64,hunter,marksmanship,4,1,3
kazzak,64,hunter,marksmanship,4,1,3
les-clairvoyants,63,hunter,marksmanship,2,2,0
kazzak,16,hunter,marksmanship,1,1,0
blackrock,16,hunter,marksmanship,1,1,0
blackrock,16,hunter,marksmanship,1,1,0
archimonde,2097,hunter,survival,96,51,45
tarren-mill,2060,hunter,survival,54,30,24
outland,2059,hunter,survival,157,81,76
outland,2006,hunter,survival,96,45,51
ravenholdt,1995,hunter,survival,71,34,37
kazzak,1994,hunter,survival,95,51,44
tarren-mill,1971,hunter,survival,60,38,22
grim-batol,1934,hunter,survival,57,40,17
garona,1930,hunter,survival,87,50,37
nemesis,1923,hunter,survival,72,42,30
blackrock,1911,hunter,survival,90,51,39
silvermoon,1876,hunter,survival,66,32,34
ravencrest,1867,hunter,survival,78,33,45
outland,1864,hunter,survival,53,27,26
argent-dawn,1861,hunter,survival,67,41,26
silvermoon,1851,hunter,survival,90,46,44
howling-fjord,1842,hunter,survival,78,46,32
sylvanas,1840,hunter,survival,81,37,44
blackscar,1832,hunter,survival,30,20,10
stormscale,1832,hunter,survival,66,32,34
burning-legion,1809,hunter,survival,60,37,23
blackscar,1804,hunter,survival,54,29,25
archimonde,1802,hunter,survival,48,24,24
silvermoon,1801,hunter,survival,56,30,26
ravencrest,1800,hunter,survival,33,21,12
archimonde,1798,hunter,survival,42,19,23
stormscale,1786,hunter,survival,30,19,11
draenor,1756,hunter,survival,48,28,20
anachronos,1752,hunter,survival,60,33,27
sylvanas,1750,hunter,survival,42,20,22
twisting-nether,1726,hunter,survival,32,23,9
soulflayer,1720,hunter,survival,60,37,23
ravencrest,1719,hunter,survival,100,54,46
ravencrest,1705,hunter,survival,24,19,5
ragnaros,1699,hunter,survival,96,43,53
crushridge,1698,hunter,survival,54,30,24
archimonde,1698,hunter,survival,48,26,22
ravencrest,1682,hunter,survival,47,27,20
argent-dawn,1662,hunter,survival,111,58,53
turalyon,1660,hunter,survival,119,60,59
kazzak,1657,hunter,survival,71,33,38
deathwing,1638,hunter,survival,58,34,24
ravencrest,1628,hunter,survival,48,24,24
antonidas,1626,hunter,survival,54,32,22
ragnaros,1626,hunter,survival,46,24,22
howling-fjord,1622,hunter,survival,44,22,22
outland,1621,hunter,survival,54,24,30
soulflayer,1618,hunter,survival,60,32,28
sanguino,1607,hunter,survival,84,47,37
kargath,1600,hunter,survival,57,36,21
sylvanas,1598,hunter,survival,54,32,22
silvermoon,1598,hunter,survival,58,32,26
archimonde,1594,hunter,survival,31,20,11
thrall,1592,hunter,survival,58,29,29
stormreaver,1581,hunter,survival,76,43,33
zuluhed,1575,hunter,survival,51,29,22
gordunni,1573,hunter,survival,88,48,40
borean-tundra,1571,hunter,survival,54,31,23
blackrock,1564,hunter,survival,37,20,17
executus,1559,hunter,survival,40,23,17
tarren-mill,1557,hunter,survival,54,29,25
la-croisade-écarlate,1556,hunter,survival,54,28,26
ravencrest,1549,hunter,survival,42,17,25
hyjal,1541,hunter,survival,99,52,47
festung-der-stürme,1534,hunter,survival,30,16,14
norgannon,1526,hunter,survival,24,16,8
howling-fjord,1514,hunter,survival,24,16,8
ravencrest,1513,hunter,survival,24,16,8
ravencrest,1498,hunter,survival,24,16,8
archimonde,1490,hunter,survival,41,16,25
stormscale,1439,hunter,survival,24,15,9
hyjal,1439,hunter,survival,111,52,59
gordunni,1434,hunter,survival,24,15,9
sanguino,1406,hunter,survival,30,15,15
ravencrest,1398,hunter,survival,23,16,7
kazzak,1398,hunter,survival,30,15,15
blackrock,1395,hunter,survival,59,23,36
aegwynn,1363,hunter,survival,29,15,14
kazzak,1341,hunter,survival,30,14,16
eredar,1341,hunter,survival,30,14,16
blackrock,1340,hunter,survival,18,14,4
blackmoore,1339,hunter,survival,30,14,16
archimonde,1337,hunter,survival,30,14,16
shattered-halls,1325,hunter,survival,22,15,7
silvermoon,1322,hunter,survival,60,38,22
archimonde,1322,hunter,survival,42,23,19
ysondre,1316,hunter,survival,57,25,32
burning-legion,1314,hunter,survival,34,23,11
ragnaros,1290,hunter,survival,24,15,9
kazzak,1288,hunter,survival,42,15,27
howling-fjord,1264,hunter,survival,22,14,8
ragnaros,1246,hunter,survival,24,13,11
runetotem,1234,hunter,survival,30,13,17
la-croisade-écarlate,1227,hunter,survival,24,13,11
doomhammer,1226,hunter,survival,30,13,17
argent-dawn,1198,hunter,survival,21,15,6
twisting-nether,1173,hunter,survival,26,14,12
guldan,1151,hunter,survival,18,12,6
los-errantes,1151,hunter,survival,24,12,12
draenor,1150,hunter,survival,18,12,6
kazzak,1150,hunter,survival,30,12,18
howling-fjord,1146,hunter,survival,18,12,6
aszune,1146,hunter,survival,19,12,7
exodar,1138,hunter,survival,30,12,18
eredar,1137,hunter,survival,18,12,6
outland,1122,hunter,survival,67,30,37
draenor,1117,hunter,survival,29,12,17
dun-modr,1111,hunter,survival,22,12,10
hyjal,1096,hunter,survival,22,14,8
thrall,1065,hunter,survival,36,13,23
tarren-mill,1056,hunter,survival,18,11,7
sanguino,1056,hunter,survival,24,11,13
outland,1056,hunter,survival,30,11,19
archimonde,1055,hunter,survival,12,11,1
gordunni,1055,hunter,survival,18,11,7
ravencrest,1055,hunter,survival,24,11,13
azuregos,1055,hunter,survival,24,11,13
galakrond,1054,hunter,survival,24,11,13
archimonde,1051,hunter,survival,18,11,7
soulflayer,1038,hunter,survival,30,11,19
draenor,996,hunter,survival,24,13,11
stormscale,960,hunter,survival,18,10,8
ravencrest,960,hunter,survival,18,10,8
ravencrest,960,hunter,survival,24,10,14
blackmoore,958,hunter,survival,18,10,8
deathguard,958,hunter,survival,18,10,8
kazzak,958,hunter,survival,30,10,20
archimonde,956,hunter,survival,21,11,10
arthas,953,hunter,survival,18,10,8
eversong,953,hunter,survival,24,10,14
blackrock,936,hunter,survival,18,10,8
argent-dawn,888,hunter,survival,17,10,7
blackscar,864,hunter,survival,12,9,3
kazzak,864,hunter,survival,12,9,3
stormreaver,864,hunter,survival,12,9,3
ravencrest,864,hunter,survival,12,9,3
blackhand,864,hunter,survival,12,9,3
arygos,864,hunter,survival,18,9,9
ravencrest,864,hunter,survival,18,9,9
stormscale,863,hunter,survival,12,9,3
stormscale,863,hunter,survival,12,9,3
drakthul,863,hunter,survival,12,9,3
khaz-modan,861,hunter,survival,12,9,3
dentarg,861,hunter,survival,12,9,3
antonidas,854,hunter,survival,24,9,15
silvermoon,816,hunter,survival,21,9,12
silvermoon,810,hunter,survival,22,10,12
kazzak,798,hunter,survival,14,9,5
eversong,797,hunter,survival,18,9,9
blackmoore,793,hunter,survival,17,9,8
blackrock,768,hunter,survival,12,8,4
dun-modr,768,hunter,survival,12,8,4
arygos,768,hunter,survival,12,8,4
kult-der-verdammten,768,hunter,survival,12,8,4
dun-morogh,768,hunter,survival,18,8,10
thermaplugg,768,hunter,survival,18,8,10
auchindoun,767,hunter,survival,12,8,4
outland,767,hunter,survival,12,8,4
kazzak,767,hunter,survival,12,8,4
frostmane,767,hunter,survival,18,8,10
razuvious,766,hunter,survival,12,8,4
stormscale,765,hunter,survival,18,8,10
aegwynn,763,hunter,survival,18,8,10
silvermoon,762,hunter,survival,18,8,10
gordunni,756,hunter,survival,18,8,10
blackrock,735,hunter,survival,20,9,11
kazzak,720,hunter,survival,15,8,7
quelthalas,672,hunter,survival,12,7,5
hyjal,672,hunter,survival,12,7,5
stormscale,672,hunter,survival,12,7,5
draenor,672,hunter,survival,12,7,5
soulflayer,672,hunter,survival,12,7,5
blackmoore,672,hunter,survival,12,7,5
blackscar,672,hunter,survival,12,7,5
nozdormu,672,hunter,survival,12,7,5
tarren-mill,672,hunter,survival,18,7,11
howling-fjord,672,hunter,survival,18,7,11
argent-dawn,672,hunter,survival,18,7,11
draenor,672,hunter,survival,18,7,11
sylvanas,672,hunter,survival,18,7,11
soulflayer,671,hunter,survival,12,7,5
silvermoon,671,hunter,survival,12,7,5
twisting-nether,671,hunter,survival,12,7,5
doomhammer,671,hunter,survival,12,7,5
sylvanas,666,hunter,survival,12,7,5
the-shatar,666,hunter,survival,16,8,8
silvermoon,623,hunter,survival,17,7,10
outland,622,hunter,survival,11,7,4
argent-dawn,607,hunter,survival,16,7,9
silvermoon,576,hunter,survival,6,6,0
auchindoun,576,hunter,survival,6,6,0
ravencrest,576,hunter,survival,6,6,0
dun-modr,576,hunter,survival,6,6,0
blackmoore,576,hunter,survival,6,6,0
gordunni,576,hunter,survival,12,6,6
nemesis,576,hunter,survival,12,6,6
twisting-nether,576,hunter,survival,12,6,6
quelthalas,576,hunter,survival,12,6,6
dalaran,576,hunter,survival,12,6,6
archimonde,576,hunter,survival,12,6,6
archimonde,576,hunter,survival,12,6,6
uldaman,575,hunter,survival,12,6,6
chogall,575,hunter,survival,12,6,6
tarren-mill,575,hunter,survival,12,6,6
ravencrest,575,hunter,survival,12,6,6
the-maelstrom,573,hunter,survival,12,6,6
ravencrest,480,hunter,survival,6,5,1
malganis,480,hunter,survival,6,5,1
gordunni,480,hunter,survival,6,5,1
arthas,480,hunter,survival,6,5,1
archimonde,480,hunter,survival,6,5,1
ysera,480,hunter,survival,6,5,1
ravencrest,480,hunter,survival,6,5,1
blackrock,480,hunter,survival,6,5,1
argent-dawn,480,hunter,survival,6,5,1
gordunni,480,hunter,survival,6,5,1
tarren-mill,480,hunter,survival,12,5,7
elune,480,hunter,survival,12,5,7
burning-legion,480,hunter,survival,12,5,7
grim-batol,480,hunter,survival,12,5,7
silvermoon,480,hunter,survival,12,5,7
ravencrest,480,hunter,survival,12,5,7
silvermoon,480,hunter,survival,12,5,7
blackhand,480,hunter,survival,18,5,13
stormscale,479,hunter,survival,6,5,1
ragnaros,479,hunter,survival,12,5,7
kazzak,478,hunter,survival,24,5,19
dun-morogh,474,hunter,survival,12,5,7
eredar,447,hunter,survival,11,5,6
soulflayer,445,hunter,survival,14,6,8
twisting-nether,430,hunter,survival,11,5,6
outland,384,hunter,survival,6,4,2
ravencrest,384,hunter,survival,6,4,2
ravencrest,384,hunter,survival,6,4,2
dun-morogh,384,hunter,survival,6,4,2
pozzo-delleternità,384,hunter,survival,6,4,2
archimonde,384,hunter,survival,6,4,2
silvermoon,384,hunter,survival,6,4,2
zuljin,384,hunter,survival,6,4,2
ravencrest,384,hunter,survival,6,4,2
frostwhisper,384,hunter,survival,6,4,2
the-maelstrom,384,hunter,survival,6,4,2
sanguino,384,hunter,survival,6,4,2
ravencrest,384,hunter,survival,6,4,2
arthas,384,hunter,survival,6,4,2
ragnaros,384,hunter,survival,6,4,2
blackscar,384,hunter,survival,6,4,2
blackscar,384,hunter,survival,6,4,2
silvermoon,384,hunter,survival,6,4,2
guldan,384,hunter,survival,6,4,2
eredar,384,hunter,survival,6,4,2
ravencrest,384,hunter,survival,10,4,6
frostwolf,384,hunter,survival,12,4,8
outland,384,hunter,survival,12,4,8
malganis,384,hunter,survival,12,4,8
thrall,384,hunter,survival,12,4,8
blackhand,384,hunter,survival,12,4,8
thermaplugg,384,hunter,survival,12,4,8
argent-dawn,383,hunter,survival,6,4,2
ragnaros,383,hunter,survival,12,4,8
kazzak,330,hunter,survival,8,5,3
alakir,319,hunter,survival,6,4,2
ysondre,288,hunter,survival,6,3,3
frostmane,288,hunter,survival,6,3,3
hyjal,288,hunter,survival,6,3,3
ravencrest,288,hunter,survival,6,3,3
shattered-hand,288,hunter,survival,6,3,3
outland,288,hunter,survival,6,3,3
ravencrest,288,hunter,survival,6,3,3
silvermoon,288,hunter,survival,6,3,3
ravencrest,288,hunter,survival,6,3,3
blackmoore,288,hunter,survival,6,3,3
blackmoore,288,hunter,survival,6,3,3
sylvanas,288,hunter,survival,6,3,3
elune,288,hunter,survival,6,3,3
blackmoore,288,hunter,survival,6,3,3
sylvanas,288,hunter,survival,6,3,3
twisting-nether,288,hunter,survival,6,3,3
the-maelstrom,288,hunter,survival,6,3,3
gordunni,288,hunter,survival,6,3,3
gordunni,288,hunter,survival,6,3,3
drakthul,288,hunter,survival,6,3,3
blackmoore,288,hunter,survival,6,3,3
soulflayer,288,hunter,survival,6,3,3
the-maelstrom,288,hunter,survival,12,3,9
ragnaros,288,hunter,survival,12,3,9
todeswache,288,hunter,survival,12,3,9
outland,288,hunter,survival,12,3,9
marécage-de-zangar,287,hunter,survival,6,3,3
marécage-de-zangar,287,hunter,survival,12,3,9
thrall,239,hunter,survival,5,3,2
ravencrest,192,hunter,survival,6,2,4
eversong,192,hunter,survival,6,2,4
sanguino,192,hunter,survival,6,2,4
kazzak,192,hunter,survival,6,2,4
archimonde,192,hunter,survival,6,2,4
kazzak,192,hunter,survival,6,2,4
hyjal,192,hunter,survival,6,2,4
burning-legion,192,hunter,survival,6,2,4
twisting-nether,192,hunter,survival,6,2,4
deathguard,192,hunter,survival,6,2,4
archimonde,192,hunter,survival,6,2,4
drakthul,192,hunter,survival,6,2,4
archimonde,192,hunter,survival,6,2,4
howling-fjord,192,hunter,survival,6,2,4
silvermoon,192,hunter,survival,6,2,4
kazzak,192,hunter,survival,6,2,4
archimonde,192,hunter,survival,6,2,4
outland,192,hunter,survival,6,2,4
zuljin,192,hunter,survival,6,2,4
archimonde,192,hunter,survival,6,2,4
tarren-mill,192,hunter,survival,6,2,4
blackscar,192,hunter,survival,6,2,4
hyjal,192,hunter,survival,12,2,10
burning-blade,192,hunter,survival,12,2,10
kilrogg,192,hunter,survival,12,2,10
grom,191,hunter,survival,6,2,4
soulflayer,169,hunter,survival,17,4,13
azuregos,159,hunter,survival,8,3,5
ragnaros,96,hunter,survival,6,1,5
soulflayer,96,hunter,survival,6,1,5
garona,96,hunter,survival,6,1,5
defias-brotherhood,96,hunter,survival,6,1,5
burning-legion,96,hunter,survival,6,1,5
aegwynn,96,hunter,survival,6,1,5
stormscale,96,hunter,survival,6,1,5
kazzak,84,hunter,survival,16,4,12
howling-fjord,79,hunter,survival,5,1,4
blackhand,64,hunter,survival,4,1,3
tarren-mill,64,hunter,survival,5,1,4
outland,63,hunter,survival,2,2,0
throkferoth,48,hunter,survival,3,1,2
tarren-mill,16,hunter,survival,7,1,6
aegwynn,2286,hunter,beastmastery,180,96,84
ragnaros,2042,hunter,beastmastery,90,43,47
kazzak,2031,hunter,beastmastery,107,50,57
der-rat-von-dalaran,2024,hunter,beastmastery,90,43,47
ravencrest,1995,hunter,beastmastery,42,21,21
hyjal,1994,hunter,beastmastery,59,28,31
archimonde,1987,hunter,beastmastery,107,50,57
frostwolf,1973,hunter,beastmastery,107,51,56
blackscar,1909,hunter,beastmastery,36,20,16
burning-legion,1902,hunter,beastmastery,71,36,35
blackhand,1888,hunter,beastmastery,54,29,25
twisting-nether,1885,hunter,beastmastery,63,32,31
frostmane,1880,hunter,beastmastery,148,73,75
jaedenar,1876,hunter,beastmastery,42,23,19
howling-fjord,1876,hunter,beastmastery,71,35,36
sylvanas,1865,hunter,beastmastery,54,27,27
silvermoon,1864,hunter,beastmastery,44,30,14
archimonde,1864,hunter,beastmastery,167,101,66
gordunni,1862,hunter,beastmastery,68,34,34
stormscale,1860,hunter,beastmastery,117,66,51
dun-modr,1858,hunter,beastmastery,54,31,23
ravencrest,1853,hunter,beastmastery,42,21,21
ravencrest,1852,hunter,beastmastery,57,30,27
gordunni,1843,hunter,beastmastery,48,27,21
die-aldor,1843,hunter,beastmastery,54,26,28
silvermoon,1835,hunter,beastmastery,48,26,22
twisting-nether,1833,hunter,beastmastery,66,31,35
blackmoore,1832,hunter,beastmastery,66,32,34
outland,1828,hunter,beastmastery,72,34,38
twisting-nether,1826,hunter,beastmastery,48,20,28
ravencrest,1822,hunter,beastmastery,60,32,28
ravencrest,1821,hunter,beastmastery,54,26,28
stormscale,1815,hunter,beastmastery,35,19,16
blackscar,1813,hunter,beastmastery,42,24,18
blackscar,1810,hunter,beastmastery,42,19,23
blackmoore,1808,hunter,beastmastery,42,21,21
kazzak,1806,hunter,beastmastery,53,27,26
silvermoon,1805,hunter,beastmastery,54,29,25
tarren-mill,1803,hunter,beastmastery,54,28,26
grim-batol,1778,hunter,beastmastery,54,25,29
silvermoon,1773,hunter,beastmastery,54,32,22
blackrock,1765,hunter,beastmastery,69,31,38
outland,1764,hunter,beastmastery,42,19,23
hyjal,1763,hunter,beastmastery,41,19,22
twisting-nether,1754,hunter,beastmastery,48,23,25
archimonde,1750,hunter,beastmastery,46,20,26
hyjal,1737,hunter,beastmastery,72,44,28
twisting-nether,1731,hunter,beastmastery,48,24,24
howling-fjord,1730,hunter,beastmastery,42,21,21
hyjal,1728,hunter,beastmastery,54,26,28
outland,1726,hunter,beastmastery,72,32,40
eredar,1726,hunter,beastmastery,66,29,37
twisting-nether,1716,hunter,beastmastery,30,18,12
soulflayer,1715,hunter,beastmastery,42,21,21
blackmoore,1712,hunter,beastmastery,41,20,21
blackrock,1711,hunter,beastmastery,66,28,38
ravencrest,1709,hunter,beastmastery,48,25,23
gordunni,1705,hunter,beastmastery,42,18,24
outland,1703,hunter,beastmastery,47,21,26
auchindoun,1695,hunter,beastmastery,36,21,15
gordunni,1691,hunter,beastmastery,82,43,39
doomhammer,1691,hunter,beastmastery,66,26,40
eversong,1690,hunter,beastmastery,42,25,17
stormscale,1672,hunter,beastmastery,25,18,7
todeswache,1667,hunter,beastmastery,36,22,14
kazzak,1667,hunter,beastmastery,52,23,29
blackscar,1662,hunter,beastmastery,40,22,18
outland,1657,hunter,beastmastery,53,31,22
kazzak,1650,hunter,beastmastery,44,25,19
blackhand,1648,hunter,beastmastery,100,46,54
ragnaros,1635,hunter,beastmastery,42,26,16
fordragon,1633,hunter,beastmastery,36,21,15
ravencrest,1631,hunter,beastmastery,65,29,36
ravencrest,1630,hunter,beastmastery,60,24,36
dentarg,1628,hunter,beastmastery,48,21,27
blackrock,1627,hunter,beastmastery,36,17,19
outland,1626,hunter,beastmastery,66,32,34
howling-fjord,1625,hunter,beastmastery,30,17,13
deathweaver,1625,hunter,beastmastery,42,22,20
outland,1625,hunter,beastmastery,36,17,19
archimonde,1624,hunter,beastmastery,60,32,28
ravencrest,1623,hunter,beastmastery,46,30,16
twisting-nether,1623,hunter,beastmastery,42,20,22
ravencrest,1622,hunter,beastmastery,36,17,19
ravencrest,1619,hunter,beastmastery,36,20,16
ravencrest,1618,hunter,beastmastery,42,26,16
outland,1617,hunter,beastmastery,39,18,21
gordunni,1613,hunter,beastmastery,42,17,25
stormscale,1611,hunter,beastmastery,48,26,22
baelgun,1610,hunter,beastmastery,48,22,26
die-aldor,1609,hunter,beastmastery,54,30,24
ravencrest,1609,hunter,beastmastery,48,26,22
argent-dawn,1604,hunter,beastmastery,32,19,13
blackrock,1604,hunter,beastmastery,54,28,26
khaz-modan,1600,hunter,beastmastery,29,21,8
ravencrest,1596,hunter,beastmastery,31,22,9
stormscale,1591,hunter,beastmastery,108,50,58
gordunni,1586,hunter,beastmastery,52,25,27
shattrath,1575,hunter,beastmastery,36,18,18
tarren-mill,1574,hunter,beastmastery,54,25,29
executus,1573,hunter,beastmastery,66,33,33
kazzak,1572,hunter,beastmastery,36,18,18
soulflayer,1568,hunter,beastmastery,53,24,29
darksorrow,1566,hunter,beastmastery,48,26,22
ashenvale,1566,hunter,beastmastery,52,25,27
blackrock,1565,hunter,beastmastery,41,17,24
ravencrest,1561,hunter,beastmastery,27,17,10
tarren-mill,1560,hunter,beastmastery,78,49,29
kazzak,1551,hunter,beastmastery,102,52,50
antonidas,1541,hunter,beastmastery,48,23,25
booty-bay,1541,hunter,beastmastery,66,31,35
argent-dawn,1537,hunter,beastmastery,30,17,13
soulflayer,1532,hunter,beastmastery,77,38,39
ravencrest,1526,hunter,beastmastery,36,19,17
howling-fjord,1523,hunter,beastmastery,24,16,8
ravencrest,1523,hunter,beastmastery,77,41,36
archimonde,1522,hunter,beastmastery,33,17,16
gordunni,1518,hunter,beastmastery,50,27,23
draenor,1518,hunter,beastmastery,55,28,27
gordunni,1515,hunter,beastmastery,36,22,14
eredar,1502,hunter,beastmastery,41,25,16
neptulon,1502,hunter,beastmastery,34,20,14
twisting-nether,1501,hunter,beastmastery,60,29,31
lich-king,1489,hunter,beastmastery,64,34,30
ravencrest,1485,hunter,beastmastery,29,16,13
ashenvale,1484,hunter,beastmastery,29,16,13
soulflayer,1484,hunter,beastmastery,29,16,13
ysondre,1479,hunter,beastmastery,78,35,43
hyjal,1473,hunter,beastmastery,24,16,8
ysondre,1457,hunter,beastmastery,94,57,37
blackhand,1451,hunter,beastmastery,27,17,10
aegwynn,1445,hunter,beastmastery,36,17,19
kazzak,1440,hunter,beastmastery,53,26,27
draenor,1439,hunter,beastmastery,36,15,21
silvermoon,1436,hunter,beastmastery,24,15,9
archimonde,1436,hunter,beastmastery,30,15,15
howling-fjord,1435,hunter,beastmastery,89,41,48
aegwynn,1434,hunter,beastmastery,30,15,15
tarren-mill,1429,hunter,beastmastery,24,15,9
nemesis,1427,hunter,beastmastery,40,24,16
ravencrest,1423,hunter,beastmastery,48,22,26
the-maelstrom,1421,hunter,beastmastery,90,39,51
stormscale,1416,hunter,beastmastery,24,15,9
ragnaros,1414,hunter,beastmastery,66,30,36
gordunni,1413,hunter,beastmastery,24,17,7
nagrand,1411,hunter,beastmastery,41,19,22
blackmoore,1411,hunter,beastmastery,66,30,36
archimonde,1409,hunter,beastmastery,30,15,15
the-maelstrom,1405,hunter,beastmastery,42,17,25
outland,1403,hunter,beastmastery,30,15,15
dun-modr,1401,hunter,beastmastery,63,36,27
shadowsong,1400,hunter,beastmastery,29,19,10
stormscale,1399,hunter,beastmastery,42,18,24
stormscale,1389,hunter,beastmastery,39,15,24
antonidas,1378,hunter,beastmastery,72,34,38
kazzak,1373,hunter,beastmastery,32,16,16
bronze-dragonflight,1363,hunter,beastmastery,30,16,14
drakthul,1363,hunter,beastmastery,36,16,20
howling-fjord,1352,hunter,beastmastery,30,15,15
hyjal,1351,hunter,beastmastery,30,15,15
stormreaver,1348,hunter,beastmastery,28,15,13
blackhand,1339,hunter,beastmastery,30,14,16
ravencrest,1327,hunter,beastmastery,30,16,14
kazzak,1326,hunter,beastmastery,30,14,16
draenor,1319,hunter,beastmastery,36,16,20
tarren-mill,1313,hunter,beastmastery,81,37,44
blackrock,1306,hunter,beastmastery,30,14,16
aegwynn,1304,hunter,beastmastery,36,15,21
gordunni,1300,hunter,beastmastery,24,18,6
gordunni,1298,hunter,beastmastery,48,24,24
kazzak,1296,hunter,beastmastery,30,14,16
deathguard,1295,hunter,beastmastery,30,14,16
blackmoore,1280,hunter,beastmastery,36,15,21
archimonde,1268,hunter,beastmastery,33,15,18
howling-fjord,1250,hunter,beastmastery,26,14,12
ysondre,1248,hunter,beastmastery,24,13,11
gordunni,1247,hunter,beastmastery,24,13,11
thrall,1247,hunter,beastmastery,30,13,17
kazzak,1246,hunter,beastmastery,24,13,11
tarren-mill,1245,hunter,beastmastery,18,13,5
the-maelstrom,1244,hunter,beastmastery,30,19,11
howling-fjord,1244,hunter,beastmastery,24,13,11
ragnaros,1243,hunter,beastmastery,24,13,11
blackrock,1242,hunter,beastmastery,24,13,11
outland,1240,hunter,beastmastery,24,13,11
chromaggus,1239,hunter,beastmastery,54,28,26
sylvanas,1236,hunter,beastmastery,27,14,13
zuljin,1232,hunter,beastmastery,30,13,17
tarren-mill,1226,hunter,beastmastery,65,35,30
gordunni,1225,hunter,beastmastery,42,21,21
blackrock,1222,hunter,beastmastery,18,13,5
auchindoun,1217,hunter,beastmastery,24,13,11
burning-legion,1209,hunter,beastmastery,42,18,24
senjin,1206,hunter,beastmastery,47,16,31
gordunni,1162,hunter,beastmastery,54,28,26
pozzo-delleternità,1154,hunter,beastmastery,24,13,11
argent-dawn,1152,hunter,beastmastery,24,12,12
tarren-mill,1151,hunter,beastmastery,24,12,12
stormscale,1151,hunter,beastmastery,24,12,12
kazzak,1150,hunter,beastmastery,18,12,6
sanguino,1150,hunter,beastmastery,26,12,14
twisting-nether,1149,hunter,beastmastery,24,12,12
sanguino,1149,hunter,beastmastery,30,12,18
uldum,1147,hunter,beastmastery,30,12,18
kazzak,1146,hunter,beastmastery,30,12,18
draenor,1144,hunter,beastmastery,30,12,18
festung-der-stürme,1144,hunter,beastmastery,30,12,18
hyjal,1141,hunter,beastmastery,24,12,12
thrall,1139,hunter,beastmastery,24,12,12
defias-brotherhood,1128,hunter,beastmastery,59,27,32
stormscale,1112,hunter,beastmastery,36,15,21
the-maelstrom,1111,hunter,beastmastery,26,13,13
kazzak,1096,hunter,beastmastery,31,18,13
kul-tiras,1091,hunter,beastmastery,30,12,18
sylvanas,1083,hunter,beastmastery,41,15,26
nerathor,1059,hunter,beastmastery,24,12,12
silvermoon,1057,hunter,beastmastery,37,16,21
argent-dawn,1056,hunter,beastmastery,18,11,7
azjolnerub,1055,hunter,beastmastery,18,11,7
greymane,1055,hunter,beastmastery,18,11,7
illidan,1055,hunter,beastmastery,41,24,17
tarren-mill,1055,hunter,beastmastery,36,11,25
ravencrest,1054,hunter,beastmastery,25,12,13
drakthul,1054,hunter,beastmastery,24,11,13
stormreaver,1052,hunter,beastmastery,24,11,13
silvermoon,1050,hunter,beastmastery,18,11,7
howling-fjord,1048,hunter,beastmastery,24,11,13
blackmoore,1046,hunter,beastmastery,18,11,7
archimonde,1039,hunter,beastmastery,37,19,18
madmortem,1035,hunter,beastmastery,34,15,19
dentarg,1034,hunter,beastmastery,30,11,19
gordunni,1020,hunter,beastmastery,30,11,19
blackmoore,1019,hunter,beastmastery,24,11,13
burning-blade,1019,hunter,beastmastery,39,16,23
ragnaros,1014,hunter,beastmastery,80,42,38
sanguino,1014,hunter,beastmastery,30,11,19
silvermoon,1006,hunter,beastmastery,27,13,14
blackscar,1003,hunter,beastmastery,21,11,10
quelthalas,1003,hunter,beastmastery,23,11,12
ashenvale,975,hunter,beastmastery,26,12,14
sanguino,969,hunter,beastmastery,24,12,12
silvermoon,962,hunter,beastmastery,36,13,23
archimonde,960,hunter,beastmastery,12,10,2
frostmane,960,hunter,beastmastery,18,10,8
draenor,960,hunter,beastmastery,18,10,8
twisting-nether,960,hunter,beastmastery,18,10,8
stormscale,960,hunter,beastmastery,24,10,14
ravencrest,960,hunter,beastmastery,24,10,14
ravencrest,959,hunter,beastmastery,12,10,2
blackhand,959,hunter,beastmastery,18,10,8
blackrock,959,hunter,beastmastery,18,10,8
silvermoon,959,hunter,beastmastery,18,10,8
archimonde,959,hunter,beastmastery,24,10,14
archimonde,958,hunter,beastmastery,12,10,2
tarren-mill,958,hunter,beastmastery,18,10,8
frostwolf,957,hunter,beastmastery,18,10,8
eredar,953,hunter,beastmastery,24,10,14
onyxia,952,hunter,beastmastery,21,11,10
ravencrest,951,hunter,beastmastery,18,10,8
ahnqiraj,951,hunter,beastmastery,24,10,14
blackmoore,942,hunter,beastmastery,19,10,9
antonidas,941,hunter,beastmastery,16,11,5
tarren-mill,931,hunter,beastmastery,24,10,14
minahonda,927,hunter,beastmastery,24,10,14
kazzak,926,hunter,beastmastery,23,10,13
blackmoore,917,hunter,beastmastery,35,19,16
chamber-of-aspects,917,hunter,beastmastery,63,30,33
eredar,914,hunter,beastmastery,36,16,20
kazzak,893,hunter,beastmastery,20,10,10
antonidas,864,hunter,beastmastery,12,9,3
twisting-nether,864,hunter,beastmastery,12,9,3
kazzak,864,hunter,beastmastery,12,9,3
kazzak,864,hunter,beastmastery,12,9,3
archimonde,864,hunter,beastmastery,16,10,6
destromath,864,hunter,beastmastery,18,9,9
stormscale,864,hunter,beastmastery,18,9,9
nagrand,864,hunter,beastmastery,18,9,9
tarren-mill,864,hunter,beastmastery,18,9,9
stormscale,864,hunter,beastmastery,18,9,9
antonidas,864,hunter,beastmastery,18,9,9
tarren-mill,864,hunter,beastmastery,24,9,15
exodar,863,hunter,beastmastery,18,9,9
thrall,863,hunter,beastmastery,18,9,9
lich-king,863,hunter,beastmastery,19,9,10
arthas,862,hunter,beastmastery,12,9,3
silvermoon,861,hunter,beastmastery,18,9,9
howling-fjord,859,hunter,beastmastery,18,9,9
stormscale,859,hunter,beastmastery,18,9,9
fordragon,857,hunter,beastmastery,19,9,10
drakthul,849,hunter,beastmastery,23,10,13
dalaran,847,hunter,beastmastery,24,9,15
twisting-nether,846,hunter,beastmastery,27,10,17
soulflayer,841,hunter,beastmastery,28,11,17
blackrock,830,hunter,beastmastery,14,10,4
blackrock,830,hunter,beastmastery,29,9,20
stormreaver,829,hunter,beastmastery,48,22,26
frostmourne,827,hunter,beastmastery,17,9,8
thrall,826,hunter,beastmastery,32,10,22
thrall,825,hunter,beastmastery,18,9,9
aegwynn,825,hunter,beastmastery,23,9,14
blackrock,824,hunter,beastmastery,28,10,18
blackhand,822,hunter,beastmastery,24,11,13
arthas,815,hunter,beastmastery,17,9,8
gordunni,815,hunter,beastmastery,21,9,12
sanguino,798,hunter,beastmastery,17,9,8
ravencrest,768,hunter,beastmastery,12,8,4
twisting-nether,768,hunter,beastmastery,12,8,4
outland,768,hunter,beastmastery,12,8,4
archimonde,768,hunter,beastmastery,12,8,4
stormscale,768,hunter,beastmastery,12,8,4
sylvanas,768,hunter,beastmastery,18,8,10
antonidas,768,hunter,beastmastery,18,8,10
todeswache,768,hunter,beastmastery,18,8,10
draenor,768,hunter,beastmastery,18,8,10
kazzak,768,hunter,beastmastery,24,8,16
bronzebeard,768,hunter,beastmastery,24,8,16
soulflayer,767,hunter,beastmastery,12,8,4
blackrock,767,hunter,beastmastery,18,8,10
outland,767,hunter,beastmastery,18,8,10
howling-fjord,767,hunter,beastmastery,18,8,10
galakrond,767,hunter,beastmastery,24,8,16
frostmane,767,hunter,beastmastery,24,8,16
twisting-nether,766,hunter,beastmastery,12,8,4
sanguino,766,hunter,beastmastery,12,8,4
twisting-nether,766,hunter,beastmastery,12,8,4
grim-batol,766,hunter,beastmastery,12,8,4
ragnaros,766,hunter,beastmastery,18,8,10
argent-dawn,761,hunter,beastmastery,12,8,4
malganis,751,hunter,beastmastery,23,8,15
blackmoore,719,hunter,beastmastery,17,8,9
grim-batol,717,hunter,beastmastery,14,9,5
gordunni,717,hunter,beastmastery,17,8,9
ravencrest,704,hunter,beastmastery,22,8,14
hyjal,703,hunter,beastmastery,16,8,8
blackrock,703,hunter,beastmastery,23,9,14
aegwynn,695,hunter,beastmastery,22,8,14
doomhammer,672,hunter,beastmastery,12,7,5
kazzak,672,hunter,beastmastery,12,7,5
outland,672,hunter,beastmastery,12,7,5
frostmane,672,hunter,beastmastery,12,7,5
sanguino,672,hunter,beastmastery,12,7,5
outland,672,hunter,beastmastery,12,7,5
borean-tundra,672,hunter,beastmastery,12,7,5
draenor,672,hunter,beastmastery,12,7,5
ravencrest,672,hunter,beastmastery,12,7,5
ravencrest,672,hunter,beastmastery,12,7,5
stormscale,672,hunter,beastmastery,12,7,5
die-aldor,672,hunter,beastmastery,12,7,5
blackmoore,672,hunter,beastmastery,12,7,5
ravencrest,672,hunter,beastmastery,12,7,5
eredar,672,hunter,beastmastery,12,7,5
kazzak,672,hunter,beastmastery,12,7,5
blackscar,672,hunter,beastmastery,15,8,7
nemesis,672,hunter,beastmastery,18,7,11
hyjal,672,hunter,beastmastery,18,7,11
dun-modr,672,hunter,beastmastery,18,7,11
howling-fjord,672,hunter,beastmastery,26,7,19
defias-brotherhood,671,hunter,beastmastery,12,7,5
argent-dawn,671,hunter,beastmastery,12,7,5
sylvanas,671,hunter,beastmastery,12,7,5
dun-modr,671,hunter,beastmastery,12,7,5
blackhand,671,hunter,beastmastery,12,7,5
outland,671,hunter,beastmastery,12,7,5
sylvanas,671,hunter,beastmastery,18,7,11
stormscale,670,hunter,beastmastery,12,7,5
outland,667,hunter,beastmastery,18,7,11
uldum,666,hunter,beastmastery,12,7,5
draenor,657,hunter,beastmastery,18,7,11
stormscale,639,hunter,beastmastery,11,7,4
gordunni,639,hunter,beastmastery,15,8,7
burning-legion,623,hunter,beastmastery,11,7,4
frostmourne,602,hunter,beastmastery,16,7,9
silvermoon,591,hunter,beastmastery,19,7,12
kazzak,576,hunter,beastmastery,6,6,0
blackhand,576,hunter,beastmastery,10,7,3
blackscar,576,hunter,beastmastery,12,6,6
archimonde,576,hunter,beastmastery,12,6,6
gordunni,576,hunter,beastmastery,12,6,6
twisting-nether,576,hunter,beastmastery,12,6,6
drakthul,576,hunter,beastmastery,12,6,6
gordunni,576,hunter,beastmastery,12,6,6
dragonblight,576,hunter,beastmastery,12,6,6
drakthul,576,hunter,beastmastery,12,6,6
sanguino,576,hunter,beastmastery,12,6,6
ravencrest,576,hunter,beastmastery,12,6,6
dun-modr,576,hunter,beastmastery,12,6,6
blackrock,576,hunter,beastmastery,12,6,6
kazzak,576,hunter,beastmastery,12,6,6
nemesis,576,hunter,beastmastery,12,6,6
blackrock,576,hunter,beastmastery,12,6,6
ravencrest,576,hunter,beastmastery,12,6,6
howling-fjord,576,hunter,beastmastery,12,6,6
stormscale,576,hunter,beastmastery,12,6,6
aegwynn,576,hunter,beastmastery,12,6,6
antonidas,576,hunter,beastmastery,12,6,6
blackrock,576,hunter,beastmastery,12,6,6
twisting-nether,576,hunter,beastmastery,12,6,6
blackrock,576,hunter,beastmastery,15,7,8
blackrock,576,hunter,beastmastery,15,7,8
silvermoon,576,hunter,beastmastery,16,7,9
blackrock,576,hunter,beastmastery,18,6,12
aegwynn,576,hunter,beastmastery,18,6,12
gordunni,576,hunter,beastmastery,18,6,12
xavius,575,hunter,beastmastery,12,6,6
gordunni,575,hunter,beastmastery,12,6,6
ashenvale,575,hunter,beastmastery,12,6,6
razuvious,575,hunter,beastmastery,12,6,6
aggramar,575,hunter,beastmastery,12,6,6
gilneas,575,hunter,beastmastery,12,6,6
hyjal,575,hunter,beastmastery,18,6,12
deathguard,575,hunter,beastmastery,18,6,12
zuljin,575,hunter,beastmastery,18,6,12
soulflayer,575,hunter,beastmastery,31,6,25
tarren-mill,573,hunter,beastmastery,12,6,6
twisting-nether,570,hunter,beastmastery,12,6,6
twisting-nether,543,hunter,beastmastery,11,6,5
stormscale,542,hunter,beastmastery,11,6,5
gordunni,528,hunter,beastmastery,15,6,9
stormscale,526,hunter,beastmastery,18,7,11
stormscale,512,hunter,beastmastery,16,6,10
argent-dawn,480,hunter,beastmastery,6,5,1
tarren-mill,480,hunter,beastmastery,6,5,1
drakthul,480,hunter,beastmastery,6,5,1
blackscar,480,hunter,beastmastery,6,5,1
silvermoon,480,hunter,beastmastery,6,5,1
eredar,480,hunter,beastmastery,6,5,1
confrérie-du-thorium,480,hunter,beastmastery,6,5,1
ravencrest,480,hunter,beastmastery,6,5,1
draenor,480,hunter,beastmastery,6,5,1
kazzak,480,hunter,beastmastery,6,5,1
shattered-hand,480,hunter,beastmastery,6,5,1
draenor,480,hunter,beastmastery,6,5,1
draenor,480,hunter,beastmastery,6,5,1
silvermoon,480,hunter,beastmastery,9,6,3
draenor,480,hunter,beastmastery,12,5,7
grim-batol,480,hunter,beastmastery,12,5,7
silvermoon,480,hunter,beastmastery,12,5,7
kazzak,480,hunter,beastmastery,12,5,7
antonidas,480,hunter,beastmastery,12,5,7
antonidas,480,hunter,beastmastery,12,5,7
kazzak,480,hunter,beastmastery,12,5,7
arygos,480,hunter,beastmastery,12,5,7
twisting-nether,480,hunter,beastmastery,12,5,7
ragnaros,480,hunter,beastmastery,12,5,7
eversong,480,hunter,beastmastery,12,5,7
blackscar,480,hunter,beastmastery,12,5,7
gorgonnash,480,hunter,beastmastery,12,5,7
blackscar,480,hunter,beastmastery,12,5,7
bronze-dragonflight,480,hunter,beastmastery,12,5,7
soulflayer,480,hunter,beastmastery,12,5,7
twisting-nether,480,hunter,beastmastery,12,5,7
kazzak,480,hunter,beastmastery,12,5,7
ragnaros,480,hunter,beastmastery,12,5,7
howling-fjord,480,hunter,beastmastery,12,5,7
blackrock,480,hunter,beastmastery,18,5,13
ravencrest,480,hunter,beastmastery,18,5,13
ravencrest,480,hunter,beastmastery,18,5,13
soulflayer,480,hunter,beastmastery,24,5,19
auchindoun,479,hunter,beastmastery,12,5,7
les-clairvoyants,479,hunter,beastmastery,12,5,7
garona,479,hunter,beastmastery,12,5,7
sylvanas,479,hunter,beastmastery,12,5,7
eitrigg,479,hunter,beastmastery,24,5,19
soulflayer,477,hunter,beastmastery,12,5,7
archimonde,448,hunter,beastmastery,10,5,5
arathi,447,hunter,beastmastery,11,5,6
gordunni,384,hunter,beastmastery,6,4,2
tarren-mill,384,hunter,beastmastery,6,4,2
soulflayer,384,hunter,beastmastery,6,4,2
tarren-mill,384,hunter,beastmastery,6,4,2
soulflayer,384,hunter,beastmastery,6,4,2
aegwynn,384,hunter,beastmastery,6,4,2
sanguino,384,hunter,beastmastery,6,4,2
kilrogg,384,hunter,beastmastery,6,4,2
sanguino,384,hunter,beastmastery,6,4,2
howling-fjord,384,hunter,beastmastery,6,4,2
antonidas,384,hunter,beastmastery,6,4,2
draenor,384,hunter,beastmastery,6,4,2
blades-edge,384,hunter,beastmastery,6,4,2
gordunni,384,hunter,beastmastery,6,4,2
archimonde,384,hunter,beastmastery,6,4,2
blackmoore,384,hunter,beastmastery,6,4,2
arathor,384,hunter,beastmastery,6,4,2
outland,384,hunter,beastmastery,6,4,2
aerie-peak,384,hunter,beastmastery,6,4,2
ragnaros,384,hunter,beastmastery,6,4,2
outland,384,hunter,beastmastery,6,4,2
drakthul,384,hunter,beastmastery,6,4,2
khaz-modan,384,hunter,beastmastery,6,4,2
twisting-nether,384,hunter,beastmastery,6,4,2
pozzo-delleternità,384,hunter,beastmastery,6,4,2
ravencrest,384,hunter,beastmastery,6,4,2
nemesis,384,hunter,beastmastery,6,4,2
ungoro,384,hunter,beastmastery,6,4,2
deathguard,384,hunter,beastmastery,6,4,2
nemesis,384,hunter,beastmastery,6,4,2
nemesis,384,hunter,beastmastery,6,4,2
howling-fjord,384,hunter,beastmastery,6,4,2
ravencrest,384,hunter,beastmastery,6,4,2
blackrock,384,hunter,beastmastery,6,4,2
rajaxx,384,hunter,beastmastery,6,4,2
blackhand,384,hunter,beastmastery,6,4,2
blackhand,384,hunter,beastmastery,6,4,2
howling-fjord,384,hunter,beastmastery,6,4,2
quelthalas,384,hunter,beastmastery,6,4,2
ravencrest,384,hunter,beastmastery,6,4,2
outland,384,hunter,beastmastery,6,4,2
kazzak,384,hunter,beastmastery,6,4,2
hyjal,384,hunter,beastmastery,6,4,2
sanguino,384,hunter,beastmastery,12,4,8
ravencrest,384,hunter,beastmastery,12,4,8
ashenvale,384,hunter,beastmastery,12,4,8
kazzak,384,hunter,beastmastery,12,4,8
gordunni,384,hunter,beastmastery,12,4,8
dun-modr,384,hunter,beastmastery,12,4,8
tarren-mill,384,hunter,beastmastery,12,4,8
kazzak,384,hunter,beastmastery,12,4,8
ravencrest,384,hunter,beastmastery,12,4,8
gordunni,384,hunter,beastmastery,12,4,8
outland,384,hunter,beastmastery,12,4,8
ragnaros,384,hunter,beastmastery,12,4,8
spinebreaker,384,hunter,beastmastery,12,4,8
twisting-nether,384,hunter,beastmastery,12,4,8
burning-blade,384,hunter,beastmastery,18,4,14
draenor,384,hunter,beastmastery,18,4,14
silvermoon,384,hunter,beastmastery,18,4,14
twilights-hammer,383,hunter,beastmastery,6,4,2
proudmoore,383,hunter,beastmastery,12,4,8
khaz-modan,383,hunter,beastmastery,17,4,13
ysondre,382,hunter,beastmastery,12,4,8
gordunni,382,hunter,beastmastery,12,4,8
kazzak,367,hunter,beastmastery,11,4,7
magtheridon,288,hunter,beastmastery,6,3,3
archimonde,288,hunter,beastmastery,6,3,3
tyrande,288,hunter,beastmastery,6,3,3
twisting-nether,288,hunter,beastmastery,6,3,3
outland,288,hunter,beastmastery,6,3,3
twisting-nether,288,hunter,beastmastery,6,3,3
magtheridon,288,hunter,beastmastery,6,3,3
sanguino,288,hunter,beastmastery,6,3,3
hyjal,288,hunter,beastmastery,6,3,3
outland,288,hunter,beastmastery,6,3,3
frostmane,288,hunter,beastmastery,6,3,3
shattrath,288,hunter,beastmastery,6,3,3
outland,288,hunter,beastmastery,6,3,3
chants-éternels,288,hunter,beastmastery,6,3,3
frostmane,288,hunter,beastmastery,6,3,3
silvermoon,288,hunter,beastmastery,6,3,3
argent-dawn,288,hunter,beastmastery,6,3,3
xavius,288,hunter,beastmastery,6,3,3
tarren-mill,288,hunter,beastmastery,6,3,3
twisting-nether,288,hunter,beastmastery,6,3,3
medivh,288,hunter,beastmastery,6,3,3
silvermoon,288,hunter,beastmastery,6,3,3
twisting-nether,288,hunter,beastmastery,6,3,3
ysondre,288,hunter,beastmastery,6,3,3
sanguino,288,hunter,beastmastery,6,3,3
nemesis,288,hunter,beastmastery,6,3,3
tarren-mill,288,hunter,beastmastery,6,3,3
silvermoon,288,hunter,beastmastery,6,3,3
dalaran,288,hunter,beastmastery,6,3,3
madmortem,288,hunter,beastmastery,6,3,3
ravencrest,288,hunter,beastmastery,6,3,3
burning-legion,288,hunter,beastmastery,6,3,3
nathrezim,288,hunter,beastmastery,6,3,3
ragnaros,288,hunter,beastmastery,6,3,3
stormreaver,288,hunter,beastmastery,6,3,3
tarren-mill,288,hunter,beastmastery,6,3,3
ravencrest,288,hunter,beastmastery,6,3,3
ravencrest,288,hunter,beastmastery,6,3,3
stormscale,288,hunter,beastmastery,6,3,3
stormscale,288,hunter,beastmastery,6,3,3
ravencrest,288,hunter,beastmastery,6,3,3
ravencrest,288,hunter,beastmastery,6,3,3
stormscale,288,hunter,beastmastery,6,3,3
ravencrest,288,hunter,beastmastery,6,3,3
ravencrest,288,hunter,beastmastery,6,3,3
antonidas,288,hunter,beastmastery,6,3,3
twisting-nether,288,hunter,beastmastery,6,3,3
kazzak,288,hunter,beastmastery,6,3,3
gordunni,288,hunter,beastmastery,6,3,3
blackmoore,288,hunter,beastmastery,6,3,3
grom,288,hunter,beastmastery,6,3,3
kazzak,288,hunter,beastmastery,6,3,3
grom,288,hunter,beastmastery,6,3,3
deathweaver,288,hunter,beastmastery,6,3,3
blackscar,288,hunter,beastmastery,6,3,3
booty-bay,288,hunter,beastmastery,6,3,3
kazzak,288,hunter,beastmastery,6,3,3
gordunni,288,hunter,beastmastery,6,3,3
sylvanas,288,hunter,beastmastery,6,3,3
howling-fjord,288,hunter,beastmastery,6,3,3
nerathor,288,hunter,beastmastery,6,3,3
sylvanas,288,hunter,beastmastery,6,3,3
gordunni,288,hunter,beastmastery,6,3,3
blackrock,288,hunter,beastmastery,6,3,3
sylvanas,288,hunter,beastmastery,6,3,3
kazzak,288,hunter,beastmastery,6,3,3
blackmoore,288,hunter,beastmastery,6,3,3
sylvanas,288,hunter,beastmastery,6,3,3
blackmoore,288,hunter,beastmastery,6,3,3
soulflayer,288,hunter,beastmastery,6,3,3
blackmoore,288,hunter,beastmastery,6,3,3
baelgun,288,hunter,beastmastery,8,3,5
gordunni,288,hunter,beastmastery,8,3,5
ragnaros,288,hunter,beastmastery,12,3,9
dun-modr,288,hunter,beastmastery,12,3,9
stormscale,288,hunter,beastmastery,12,3,9
blackhand,288,hunter,beastmastery,12,3,9
ravencrest,288,hunter,beastmastery,12,3,9
ravencrest,288,hunter,beastmastery,12,3,9
daggerspine,288,hunter,beastmastery,12,3,9
burning-legion,288,hunter,beastmastery,12,3,9
blackrock,288,hunter,beastmastery,12,3,9
aegwynn,288,hunter,beastmastery,12,3,9
aegwynn,288,hunter,beastmastery,12,3,9
stormreaver,287,hunter,beastmastery,6,3,3
eldrethalas,287,hunter,beastmastery,12,3,9
antonidas,286,hunter,beastmastery,6,3,3
blackrock,239,hunter,beastmastery,5,3,2
blackrock,234,hunter,beastmastery,9,4,5
argent-dawn,208,hunter,beastmastery,7,3,4
nordrassil,192,hunter,beastmastery,6,2,4
greymane,192,hunter,beastmastery,6,2,4
tyrande,192,hunter,beastmastery,6,2,4
antonidas,192,hunter,beastmastery,6,2,4
lordaeron,192,hunter,beastmastery,6,2,4
blackmoore,192,hunter,beastmastery,6,2,4
blackmoore,192,hunter,beastmastery,6,2,4
frostmane,192,hunter,beastmastery,6,2,4
twisting-nether,192,hunter,beastmastery,6,2,4
kazzak,192,hunter,beastmastery,6,2,4
ragnaros,192,hunter,beastmastery,6,2,4
archimonde,192,hunter,beastmastery,6,2,4
magtheridon,192,hunter,beastmastery,6,2,4
gordunni,192,hunter,beastmastery,6,2,4
archimonde,192,hunter,beastmastery,6,2,4
archimonde,192,hunter,beastmastery,6,2,4
drakthul,192,hunter,beastmastery,6,2,4
soulflayer,192,hunter,beastmastery,6,2,4
sanguino,192,hunter,beastmastery,6,2,4
sanguino,192,hunter,beastmastery,6,2,4
soulflayer,192,hunter,beastmastery,6,2,4
blackrock,192,hunter,beastmastery,6,2,4
blackrock,192,hunter,beastmastery,6,2,4
aegwynn,192,hunter,beastmastery,6,2,4
burning-blade,192,hunter,beastmastery,6,2,4
culte-de-la-rive-noire,192,hunter,beastmastery,6,2,4
kargath,192,hunter,beastmastery,6,2,4
ashenvale,192,hunter,beastmastery,6,2,4
frostmane,192,hunter,beastmastery,6,2,4
aegwynn,192,hunter,beastmastery,6,2,4
drakthul,192,hunter,beastmastery,6,2,4
gordunni,192,hunter,beastmastery,6,2,4
nemesis,192,hunter,beastmastery,6,2,4
auchindoun,192,hunter,beastmastery,6,2,4
kazzak,192,hunter,beastmastery,6,2,4
burning-legion,192,hunter,beastmastery,6,2,4
malganis,192,hunter,beastmastery,6,2,4
silvermoon,192,hunter,beastmastery,6,2,4
draenor,192,hunter,beastmastery,6,2,4
silvermoon,192,hunter,beastmastery,6,2,4
dun-modr,192,hunter,beastmastery,6,2,4
ravencrest,192,hunter,beastmastery,6,2,4
nazjatar,192,hunter,beastmastery,6,2,4
kazzak,192,hunter,beastmastery,6,2,4
blackhand,192,hunter,beastmastery,6,2,4
silvermoon,192,hunter,beastmastery,6,2,4
hyjal,192,hunter,beastmastery,6,2,4
gordunni,192,hunter,beastmastery,6,2,4
silvermoon,192,hunter,beastmastery,6,2,4
twisting-nether,192,hunter,beastmastery,6,2,4
turalyon,192,hunter,beastmastery,6,2,4
hyjal,192,hunter,beastmastery,6,2,4
skullcrusher,192,hunter,beastmastery,6,2,4
gordunni,192,hunter,beastmastery,6,2,4
bronzebeard,192,hunter,beastmastery,6,2,4
stormscale,192,hunter,beastmastery,6,2,4
gordunni,192,hunter,beastmastery,6,2,4
archimonde,192,hunter,beastmastery,8,2,6
the-maelstrom,192,hunter,beastmastery,12,2,10
laughing-skull,192,hunter,beastmastery,12,2,10
dun-morogh,192,hunter,beastmastery,12,2,10
doomhammer,192,hunter,beastmastery,12,2,10
gordunni,192,hunter,beastmastery,12,2,10
kazzak,192,hunter,beastmastery,18,2,16
confrérie-du-thorium,191,hunter,beastmastery,6,2,4
archimonde,191,hunter,beastmastery,6,2,4
twisting-nether,144,hunter,beastmastery,9,2,7
archimonde,128,hunter,beastmastery,4,2,2
ravencrest,128,hunter,beastmastery,4,2,2
tarren-mill,96,hunter,beastmastery,6,1,5
proudmoore,96,hunter,beastmastery,6,1,5
auchindoun,96,hunter,beastmastery,6,1,5
twisting-nether,96,hunter,beastmastery,6,1,5
frostwhisper,96,hunter,beastmastery,6,1,5
tarren-mill,96,hunter,beastmastery,6,1,5
silvermoon,96,hunter,beastmastery,6,1,5
burning-legion,96,hunter,beastmastery,6,1,5
hyjal,96,hunter,beastmastery,6,1,5
ravencrest,96,hunter,beastmastery,6,1,5
blackrock,96,hunter,beastmastery,6,1,5
gordunni,96,hunter,beastmastery,6,1,5
howling-fjord,96,hunter,beastmastery,6,1,5
gordunni,96,hunter,beastmastery,6,1,5
outland,96,hunter,beastmastery,6,1,5
sylvanas,96,hunter,beastmastery,6,1,5
blackrock,96,hunter,beastmastery,6,1,5
frostmane,96,hunter,beastmastery,6,1,5
zuljin,96,hunter,beastmastery,6,1,5
outland,96,hunter,beastmastery,6,1,5
hyjal,96,hunter,beastmastery,6,1,5
gordunni,96,hunter,beastmastery,6,1,5
dun-modr,96,hunter,beastmastery,6,1,5
kazzak,96,hunter,beastmastery,6,1,5
frostwhisper,96,hunter,beastmastery,6,1,5
dalaran,96,hunter,beastmastery,6,1,5
blackmoore,96,hunter,beastmastery,6,1,5
ragnaros,96,hunter,beastmastery,6,1,5
azshara,96,hunter,beastmastery,6,1,5
la-croisade-écarlate,96,hunter,beastmastery,6,1,5
ravencrest,96,hunter,beastmastery,6,1,5
kazzak,96,hunter,beastmastery,6,1,5
kiljaeden,96,hunter,beastmastery,6,1,5
ravencrest,96,hunter,beastmastery,12,1,11
blackmoore,96,hunter,beastmastery,12,1,11
tarren-mill,96,hunter,beastmastery,12,1,11
destromath,95,hunter,beastmastery,3,2,1
ravencrest,64,hunter,beastmastery,4,1,3
ysondre,64,hunter,beastmastery,4,1,3
tarren-mill,42,hunter,beastmastery,10,2,8
gordunni,31,hunter,beastmastery,2,1,1
arthas,16,hunter,beastmastery,1,1,0
outland,9,hunter,beastmastery,6,2,4
stormscale,1866,mage,arcane,30,20,10
archimonde,1825,mage,arcane,60,29,31
ravencrest,1811,mage,arcane,48,25,23
ravencrest,1748,mage,arcane,60,30,30
ravencrest,1723,mage,arcane,30,18,12
gordunni,1715,mage,arcane,24,23,1
kazzak,1691,mage,arcane,36,24,12
ravencrest,1645,mage,arcane,30,19,11
ravencrest,1626,mage,arcane,30,17,13
argent-dawn,1620,mage,arcane,36,23,13
skullcrusher,1578,mage,arcane,42,24,18
gordunni,1564,mage,arcane,36,18,18
fordragon,1554,mage,arcane,66,40,26
soulflayer,1546,mage,arcane,35,17,18
twisting-nether,1528,mage,arcane,89,46,43
ravencrest,1514,mage,arcane,42,16,26
sanguino,1481,mage,arcane,56,28,28
blackrock,1407,mage,arcane,39,24,15
kazzak,1395,mage,arcane,33,19,14
howling-fjord,1390,mage,arcane,23,15,8
outland,1386,mage,arcane,112,49,63
lightnings-blade,1380,mage,arcane,30,18,12
draenor,1370,mage,arcane,23,15,8
defias-brotherhood,1370,mage,arcane,30,18,12
gordunni,1362,mage,arcane,105,54,51
draenor,1285,mage,arcane,42,20,22
hyjal,1262,mage,arcane,67,33,34
deepholm,1241,mage,arcane,48,31,17
tarren-mill,1234,mage,arcane,18,13,5
ravencrest,1218,mage,arcane,26,14,12
stormscale,1212,mage,arcane,54,28,26
archimonde,1184,mage,arcane,78,32,46
archimonde,1152,mage,arcane,24,12,12
outland,1148,mage,arcane,35,15,20
archimonde,1143,mage,arcane,60,31,29
the-maelstrom,1119,mage,arcane,20,13,7
ravencrest,1057,mage,arcane,30,15,15
stormscale,1056,mage,arcane,12,11,1
outland,1049,mage,arcane,24,11,13
rashgarroth,1042,mage,arcane,24,11,13
stormscale,960,mage,arcane,18,10,8
gordunni,960,mage,arcane,18,10,8
quelthalas,956,mage,arcane,12,10,2
gordunni,909,mage,arcane,17,10,7
soulflayer,904,mage,arcane,37,17,20
stormscale,891,mage,arcane,22,10,12
tarren-mill,864,mage,arcane,12,9,3
emerald-dream,864,mage,arcane,12,9,3
ravencrest,864,mage,arcane,18,9,9
tarren-mill,799,mage,arcane,11,9,2
archimonde,768,mage,arcane,12,8,4
burning-legion,768,mage,arcane,12,8,4
sylvanas,768,mage,arcane,18,8,10
sylvanas,768,mage,arcane,18,8,10
antonidas,767,mage,arcane,18,8,10
galakrond,766,mage,arcane,18,8,10
darkspear,765,mage,arcane,18,8,10
spinebreaker,764,mage,arcane,24,8,16
silvermoon,672,mage,arcane,12,7,5
blackscar,672,mage,arcane,12,7,5
silvermoon,670,mage,arcane,12,7,5
tarren-mill,668,mage,arcane,12,7,5
argent-dawn,621,mage,arcane,17,7,10
kazzak,576,mage,arcane,12,6,6
outland,576,mage,arcane,18,6,12
chogall,575,mage,arcane,12,6,6
gordunni,480,mage,arcane,6,5,1
tarren-mill,480,mage,arcane,12,5,7
outland,480,mage,arcane,12,5,7
burning-legion,480,mage,arcane,12,5,7
eredar,480,mage,arcane,15,6,9
kazzak,480,mage,arcane,18,5,13
gordunni,480,mage,arcane,18,5,13
twisting-nether,479,mage,arcane,6,5,1
chamber-of-aspects,479,mage,arcane,12,5,7
ravencrest,478,mage,arcane,12,5,7
scarshield-legion,384,mage,arcane,6,4,2
argent-dawn,384,mage,arcane,6,4,2
ragnaros,384,mage,arcane,6,4,2
stormscale,384,mage,arcane,6,4,2
tarren-mill,384,mage,arcane,6,4,2
outland,384,mage,arcane,6,4,2
ragnaros,384,mage,arcane,6,4,2
emerald-dream,384,mage,arcane,12,4,8
aegwynn,383,mage,arcane,6,4,2
medivh,383,mage,arcane,12,4,8
gordunni,382,mage,arcane,6,4,2
howling-fjord,352,mage,arcane,16,4,12
galakrond,288,mage,arcane,6,3,3
kazzak,288,mage,arcane,6,3,3
outland,288,mage,arcane,6,3,3
dentarg,288,mage,arcane,6,3,3
argent-dawn,288,mage,arcane,6,3,3
howling-fjord,288,mage,arcane,6,3,3
silvermoon,288,mage,arcane,6,3,3
stormscale,288,mage,arcane,6,3,3
ravencrest,288,mage,arcane,9,4,5
ravencrest,288,mage,arcane,12,3,9
sanguino,287,mage,arcane,6,3,3
borean-tundra,286,mage,arcane,6,3,3
sporeggar,286,mage,arcane,6,3,3
twisting-nether,255,mage,arcane,11,3,8
hyjal,239,mage,arcane,5,3,2
outland,239,mage,arcane,5,3,2
fordragon,192,mage,arcane,6,2,4
blackrock,192,mage,arcane,6,2,4
twisting-nether,192,mage,arcane,6,2,4
howling-fjord,192,mage,arcane,6,2,4
archimonde,192,mage,arcane,6,2,4
ragnaros,192,mage,arcane,6,2,4
outland,192,mage,arcane,6,2,4
archimonde,192,mage,arcane,6,2,4
aegwynn,192,mage,arcane,6,2,4
ragnaros,192,mage,arcane,6,2,4
sylvanas,192,mage,arcane,6,2,4
ravencrest,192,mage,arcane,6,2,4
stormscale,192,mage,arcane,6,2,4
neptulon,192,mage,arcane,6,2,4
ravenholdt,192,mage,arcane,6,2,4
eredar,192,mage,arcane,6,2,4
howling-fjord,192,mage,arcane,7,2,5
gordunni,96,mage,arcane,6,1,5
outland,96,mage,arcane,6,1,5
blackmoore,96,mage,arcane,6,1,5
stormscale,96,mage,arcane,6,1,5
ragnaros,96,mage,arcane,6,1,5
silvermoon,96,mage,arcane,6,1,5
azuregos,79,mage,arcane,11,1,10
blackscar,1943,mage,fire,66,35,31
outland,1918,mage,fire,75,35,40
kazzak,1917,mage,fire,27,21,6
kazzak,1893,mage,fire,30,20,10
kazzak,1884,mage,fire,60,32,28
gordunni,1862,mage,fire,78,39,39
alakir,1857,mage,fire,72,34,38
ravencrest,1849,mage,fire,48,30,18
ravencrest,1848,mage,fire,132,62,70
ravencrest,1831,mage,fire,40,25,15
stormscale,1822,mage,fire,66,33,33
aegwynn,1815,mage,fire,48,30,18
stormscale,1814,mage,fire,62,27,35
frostmane,1810,mage,fire,66,34,32
stormscale,1782,mage,fire,47,28,19
stormscale,1755,mage,fire,32,21,11
hyjal,1740,mage,fire,65,29,36
blackhand,1738,mage,fire,70,38,32
ravencrest,1724,mage,fire,73,36,37
ravencrest,1721,mage,fire,36,18,18
dalaran,1720,mage,fire,36,19,17
silvermoon,1719,mage,fire,39,19,20
ravencrest,1714,mage,fire,42,21,21
ravencrest,1696,mage,fire,35,22,13
howling-fjord,1685,mage,fire,36,18,18
blackmoore,1675,mage,fire,36,18,18
sylvanas,1668,mage,fire,54,33,21
ravencrest,1656,mage,fire,23,18,5
archimonde,1649,mage,fire,30,23,7
archimonde,1637,mage,fire,42,21,21
ravencrest,1631,mage,fire,72,36,36
outland,1630,mage,fire,42,24,18
laughing-skull,1628,mage,fire,42,20,22
kazzak,1627,mage,fire,36,17,19
ravencrest,1619,mage,fire,47,20,27
outland,1606,mage,fire,66,34,32
howling-fjord,1602,mage,fire,42,21,21
korgall,1585,mage,fire,70,39,31
outland,1574,mage,fire,53,21,32
soulflayer,1573,mage,fire,33,17,16
draenor,1531,mage,fire,36,21,15
blackrock,1525,mage,fire,42,25,17
kazzak,1448,mage,fire,36,16,20
aegwynn,1439,mage,fire,66,37,29
thrall,1428,mage,fire,24,15,9
antonidas,1422,mage,fire,72,28,44
ragnaros,1409,mage,fire,36,19,17
ravencrest,1403,mage,fire,42,24,18
ravencrest,1393,mage,fire,56,27,29
draenor,1391,mage,fire,36,18,18
gordunni,1389,mage,fire,41,15,26
madmortem,1361,mage,fire,42,25,17
ravencrest,1348,mage,fire,29,17,12
burning-legion,1342,mage,fire,36,19,17
aszune,1337,mage,fire,18,14,4
kazzak,1334,mage,fire,36,26,10
drakthul,1330,mage,fire,30,14,16
ravencrest,1328,mage,fire,38,16,22
argent-dawn,1323,mage,fire,41,16,25
twisting-nether,1317,mage,fire,35,18,17
kazzak,1308,mage,fire,30,14,16
aegwynn,1305,mage,fire,30,14,16
amanthul,1286,mage,fire,156,72,84
blackrock,1283,mage,fire,69,33,36
draenor,1278,mage,fire,84,52,32
blackrock,1273,mage,fire,35,16,19
tarren-mill,1271,mage,fire,48,25,23
greymane,1247,mage,fire,18,13,5
archimonde,1246,mage,fire,18,13,5
kul-tiras,1246,mage,fire,24,13,11
silvermoon,1235,mage,fire,24,13,11
sanguino,1233,mage,fire,30,13,17
kazzak,1230,mage,fire,46,27,19
gordunni,1196,mage,fire,24,13,11
silvermoon,1179,mage,fire,62,28,34
archimonde,1178,mage,fire,30,21,9
twisting-nether,1147,mage,fire,18,12,6
uldum,1145,mage,fire,24,12,12
ravencrest,1145,mage,fire,28,13,15
argent-dawn,1135,mage,fire,18,12,6
deathguard,1128,mage,fire,24,12,12
silvermoon,1121,mage,fire,27,13,14
archimonde,1116,mage,fire,36,21,15
draenor,1072,mage,fire,47,17,30
aegwynn,1056,mage,fire,18,11,7
blackscar,1056,mage,fire,24,11,13
argent-dawn,1051,mage,fire,18,11,7
blackmoore,1051,mage,fire,24,11,13
blackmoore,1051,mage,fire,25,11,14
shattered-hand,1050,mage,fire,18,11,7
blackrock,1014,mage,fire,31,15,16
malygos,979,mage,fire,67,33,34
razuvious,975,mage,fire,22,11,11
outland,960,mage,fire,18,10,8
silvermoon,958,mage,fire,18,10,8
argent-dawn,957,mage,fire,18,10,8
aegwynn,952,mage,fire,27,11,16
gorgonnash,944,mage,fire,21,11,10
drakthul,927,mage,fire,23,10,13
tarren-mill,905,mage,fire,21,12,9
madmortem,898,mage,fire,54,26,28
outland,891,mage,fire,17,10,7
kazzak,864,mage,fire,12,9,3
ragnaros,864,mage,fire,12,9,3
draenor,864,mage,fire,12,9,3
blackrock,864,mage,fire,18,9,9
kazzak,864,mage,fire,18,9,9
goldrinn,863,mage,fire,18,9,9
ravencrest,862,mage,fire,24,9,15
sanguino,861,mage,fire,18,9,9
silvermoon,861,mage,fire,60,26,34
blackhand,860,mage,fire,18,9,9
gordunni,858,mage,fire,24,9,15
archimonde,846,mage,fire,17,9,8
greymane,830,mage,fire,23,9,14
draenor,827,mage,fire,16,9,7
kazzak,798,mage,fire,16,9,7
archimonde,768,mage,fire,12,8,4
kazzak,768,mage,fire,12,8,4
stormscale,768,mage,fire,12,8,4
kazzak,767,mage,fire,12,8,4
terokkar,767,mage,fire,16,9,7
howling-fjord,767,mage,fire,18,8,10
twisting-nether,767,mage,fire,24,8,16
sylvanas,762,mage,fire,12,8,4
sanguino,758,mage,fire,12,8,4
ragnaros,751,mage,fire,17,8,9
arygos,735,mage,fire,16,9,7
stormscale,672,mage,fire,12,7,5
stormscale,672,mage,fire,12,7,5
blackscar,672,mage,fire,12,7,5
soulflayer,672,mage,fire,12,7,5
howling-fjord,672,mage,fire,12,7,5
blackrock,672,mage,fire,12,7,5
draenor,672,mage,fire,12,7,5
outland,672,mage,fire,12,7,5
ravencrest,672,mage,fire,12,7,5
ragnaros,672,mage,fire,18,7,11
tarren-mill,672,mage,fire,18,7,11
tarren-mill,672,mage,fire,18,7,11
nemesis,672,mage,fire,18,7,11
drakthul,671,mage,fire,12,7,5
blackhand,671,mage,fire,12,7,5
gordunni,671,mage,fire,18,7,11
blades-edge,670,mage,fire,12,7,5
argent-dawn,670,mage,fire,13,7,6
tarren-mill,639,mage,fire,17,7,10
blackrock,623,mage,fire,11,7,4
tarren-mill,617,mage,fire,17,10,7
argent-dawn,606,mage,fire,20,7,13
dragonmaw,576,mage,fire,6,6,0
ravencrest,576,mage,fire,6,6,0
nemesis,576,mage,fire,6,6,0
die-arguswacht,576,mage,fire,12,6,6
ravencrest,576,mage,fire,12,6,6
thrall,576,mage,fire,12,6,6
the-maelstrom,576,mage,fire,12,6,6
ravencrest,576,mage,fire,12,6,6
ravencrest,576,mage,fire,12,6,6
burning-legion,576,mage,fire,12,6,6
ravencrest,576,mage,fire,12,6,6
tarren-mill,576,mage,fire,13,6,7
howling-fjord,576,mage,fire,18,6,12
emerald-dream,575,mage,fire,9,7,2
silvermoon,574,mage,fire,12,6,6
arthas,574,mage,fire,12,6,6
blackrock,504,mage,fire,14,6,8
deathwing,480,mage,fire,6,5,1
frostwolf,480,mage,fire,6,5,1
stormscale,480,mage,fire,6,5,1
ravencrest,480,mage,fire,6,5,1
zuljin,480,mage,fire,6,5,1
tarren-mill,480,mage,fire,6,5,1
blackhand,480,mage,fire,6,5,1
nethersturm,480,mage,fire,6,5,1
burning-legion,480,mage,fire,12,5,7
sanguino,480,mage,fire,12,5,7
twisting-nether,480,mage,fire,12,5,7
kazzak,480,mage,fire,12,5,7
aegwynn,480,mage,fire,12,5,7
ravencrest,480,mage,fire,12,5,7
kazzak,480,mage,fire,18,5,13
burning-legion,479,mage,fire,15,6,9
azshara,479,mage,fire,24,5,19
argent-dawn,478,mage,fire,12,5,7
dun-modr,477,mage,fire,16,5,11
outland,430,mage,fire,11,5,6
argent-dawn,384,mage,fire,6,4,2
les-clairvoyants,384,mage,fire,6,4,2
ravencrest,384,mage,fire,6,4,2
tarren-mill,384,mage,fire,6,4,2
ravencrest,384,mage,fire,6,4,2
frostwhisper,384,mage,fire,6,4,2
dalaran,384,mage,fire,6,4,2
ravencrest,384,mage,fire,6,4,2
silvermoon,384,mage,fire,6,4,2
kazzak,384,mage,fire,6,4,2
darksorrow,384,mage,fire,6,4,2
gordunni,384,mage,fire,6,4,2
silvermoon,384,mage,fire,6,4,2
silvermoon,384,mage,fire,6,4,2
silvermoon,384,mage,fire,6,4,2
aegwynn,384,mage,fire,12,4,8
borean-tundra,384,mage,fire,12,4,8
gordunni,384,mage,fire,12,4,8
tarren-mill,384,mage,fire,12,4,8
kazzak,384,mage,fire,12,4,8
stormscale,384,mage,fire,12,4,8
defias-brotherhood,384,mage,fire,18,4,14
outland,383,mage,fire,6,4,2
drakthul,383,mage,fire,6,4,2
chogall,380,mage,fire,12,4,8
stormscale,351,mage,fire,11,4,7
outland,336,mage,fire,9,4,5
ysondre,336,mage,fire,9,4,5
gordunni,335,mage,fire,17,4,13
eredar,288,mage,fire,6,3,3
aggra-português,288,mage,fire,6,3,3
outland,288,mage,fire,6,3,3
gordunni,288,mage,fire,6,3,3
archimonde,288,mage,fire,6,3,3
guldan,288,mage,fire,6,3,3
ysondre,288,mage,fire,6,3,3
fordragon,288,mage,fire,6,3,3
bloodscalp,288,mage,fire,6,3,3
ravencrest,288,mage,fire,6,3,3
silvermoon,288,mage,fire,6,3,3
ravencrest,288,mage,fire,6,3,3
ravencrest,288,mage,fire,6,3,3
kaelthas,288,mage,fire,6,3,3
blackrock,288,mage,fire,6,3,3
stormscale,288,mage,fire,6,3,3
khazgoroth,288,mage,fire,6,3,3
twisting-nether,288,mage,fire,6,3,3
blackscar,288,mage,fire,9,3,6
twisting-nether,288,mage,fire,12,3,9
ravencrest,288,mage,fire,12,3,9
kazzak,288,mage,fire,12,3,9
stormscale,288,mage,fire,12,3,9
argent-dawn,288,mage,fire,12,3,9
argent-dawn,287,mage,fire,12,3,9
kazzak,286,mage,fire,6,3,3
sylvanas,239,mage,fire,5,3,2
blackmoore,239,mage,fire,5,3,2
confrérie-du-thorium,239,mage,fire,9,4,5
the-maelstrom,192,mage,fire,4,3,1
kazzak,192,mage,fire,6,2,4
ragnaros,192,mage,fire,6,2,4
sanguino,192,mage,fire,6,2,4
twilights-hammer,192,mage,fire,6,2,4
archimonde,192,mage,fire,6,2,4
ravencrest,192,mage,fire,6,2,4
frostmane,192,mage,fire,6,2,4
howling-fjord,192,mage,fire,6,2,4
blackrock,192,mage,fire,6,2,4
archimonde,192,mage,fire,6,2,4
arathi,192,mage,fire,6,2,4
outland,192,mage,fire,6,2,4
eversong,192,mage,fire,6,2,4
ysondre,192,mage,fire,6,2,4
shadowsong,192,mage,fire,6,2,4
drakthul,192,mage,fire,6,2,4
draenor,192,mage,fire,6,2,4
drakthul,192,mage,fire,6,2,4
blackrock,192,mage,fire,6,2,4
sinstralis,192,mage,fire,12,2,10
archimonde,192,mage,fire,12,2,10
silvermoon,192,mage,fire,12,2,10
ragnaros,192,mage,fire,12,2,10
argent-dawn,192,mage,fire,12,2,10
silvermoon,192,mage,fire,12,2,10
kazzak,192,mage,fire,12,2,10
mannoroth,192,mage,fire,12,2,10
defias-brotherhood,191,mage,fire,6,2,4
defias-brotherhood,138,mage,fire,11,4,7
silvermoon,96,mage,fire,6,1,5
soulflayer,96,mage,fire,6,1,5
gordunni,96,mage,fire,6,1,5
gordunni,96,mage,fire,6,1,5
kazzak,96,mage,fire,6,1,5
dragonblight,96,mage,fire,6,1,5
sylvanas,96,mage,fire,6,1,5
sylvanas,96,mage,fire,6,1,5
soulflayer,96,mage,fire,6,1,5
ragnaros,96,mage,fire,6,1,5
ravencrest,96,mage,fire,6,1,5
gordunni,96,mage,fire,6,1,5
twisting-nether,96,mage,fire,6,1,5
gordunni,96,mage,fire,6,1,5
sylvanas,96,mage,fire,6,1,5
archimonde,96,mage,fire,6,1,5
argent-dawn,96,mage,fire,6,1,5
thrall,96,mage,fire,6,1,5
ravencrest,96,mage,fire,6,1,5
blackmoore,96,mage,fire,6,1,5
culte-de-la-rive-noire,95,mage,fire,6,1,5
blackmoore,16,mage,fire,7,1,6
ravencrest,2031,mage,frost,90,44,46
twisting-nether,2006,mage,frost,75,37,38
defias-brotherhood,1989,mage,frost,77,37,40
argent-dawn,1960,mage,frost,83,46,37
kazzak,1951,mage,frost,42,25,17
outland,1923,mage,frost,100,55,45
agamaggan,1899,mage,frost,65,31,34
ravencrest,1886,mage,frost,72,34,38
blackhand,1857,mage,frost,96,49,47
ravencrest,1847,mage,frost,56,27,29
sylvanas,1828,mage,frost,66,32,34
gordunni,1819,mage,frost,48,31,17
kazzak,1815,mage,frost,36,19,17
bloodhoof,1807,mage,frost,59,31,28
blackrock,1805,mage,frost,48,24,24
ravencrest,1805,mage,frost,59,29,30
blackmoore,1802,mage,frost,47,26,21
ravencrest,1789,mage,frost,84,51,33
twisting-nether,1789,mage,frost,54,29,25
ravencrest,1763,mage,frost,49,27,22
dun-modr,1763,mage,frost,42,23,19
burning-legion,1762,mage,frost,58,25,33
thrall,1761,mage,frost,36,21,15
ravencrest,1755,mage,frost,27,21,6
hyjal,1751,mage,frost,48,21,27
defias-brotherhood,1748,mage,frost,42,26,16
soulflayer,1748,mage,frost,101,50,51
outland,1746,mage,frost,116,55,61
eredar,1745,mage,frost,42,21,21
ravencrest,1743,mage,frost,48,25,23
ravencrest,1725,mage,frost,30,18,12
outland,1724,mage,frost,29,19,10
quelthalas,1717,mage,frost,66,32,34
blackhand,1712,mage,frost,60,24,36
mazrigos,1699,mage,frost,42,18,24
ragnaros,1694,mage,frost,42,26,16
archimonde,1690,mage,frost,48,20,28
howling-fjord,1686,mage,frost,42,22,20
ravencrest,1681,mage,frost,35,18,17
silvermoon,1680,mage,frost,96,51,45
silvermoon,1678,mage,frost,63,31,32
eredar,1675,mage,frost,66,37,29
kazzak,1660,mage,frost,42,23,19
soulflayer,1659,mage,frost,54,40,14
fordragon,1654,mage,frost,74,39,35
kilrogg,1648,mage,frost,51,22,29
kazzak,1644,mage,frost,41,20,21
archimonde,1631,mage,frost,48,22,26
ravencrest,1629,mage,frost,36,20,16
archimonde,1627,mage,frost,39,21,18
defias-brotherhood,1620,mage,frost,24,18,6
ragnaros,1615,mage,frost,30,17,13
argent-dawn,1615,mage,frost,71,38,33
arathor,1614,mage,frost,36,20,16
kazzak,1611,mage,frost,36,21,15
silvermoon,1611,mage,frost,114,61,53
runetotem,1610,mage,frost,48,21,27
cthun,1602,mage,frost,34,18,16
tarren-mill,1601,mage,frost,54,35,19
archimonde,1598,mage,frost,36,17,19
sylvanas,1596,mage,frost,48,23,25
ravencrest,1595,mage,frost,36,19,17
burning-legion,1591,mage,frost,24,17,7
ravencrest,1585,mage,frost,70,40,30
blackrock,1578,mage,frost,36,19,17
blackrock,1574,mage,frost,47,24,23
ravencrest,1561,mage,frost,80,34,46
hyjal,1559,mage,frost,47,24,23
kazzak,1556,mage,frost,66,28,38
ragnaros,1555,mage,frost,60,30,30
ravencrest,1545,mage,frost,37,19,18
stormreaver,1532,mage,frost,30,16,14
burning-legion,1526,mage,frost,30,16,14
ravencrest,1526,mage,frost,42,16,26
burning-blade,1521,mage,frost,96,48,48
aggra-português,1520,mage,frost,24,16,8
gordunni,1520,mage,frost,71,39,32
twisting-nether,1513,mage,frost,69,32,37
festung-der-stürme,1506,mage,frost,48,20,28
silvermoon,1505,mage,frost,42,16,26
drakthul,1503,mage,frost,63,33,30
twisting-nether,1493,mage,frost,30,19,11
sanguino,1493,mage,frost,51,29,22
aggramar,1478,mage,frost,54,23,31
ashenvale,1476,mage,frost,30,18,12
twisting-nether,1476,mage,frost,33,17,16
silvermoon,1469,mage,frost,54,30,24
stormscale,1467,mage,frost,47,32,15
stormscale,1464,mage,frost,44,20,24
fordragon,1461,mage,frost,37,17,20
tarren-mill,1458,mage,frost,169,90,79
archimonde,1453,mage,frost,30,19,11
twisting-nether,1448,mage,frost,66,27,39
sylvanas,1446,mage,frost,76,44,32
eredar,1436,mage,frost,30,15,15
dun-modr,1434,mage,frost,53,28,25
tarren-mill,1416,mage,frost,33,16,17
dun-modr,1410,mage,frost,71,35,36
kazzak,1404,mage,frost,60,35,25
sargeras,1402,mage,frost,36,16,20
silvermoon,1380,mage,frost,36,16,20
thrall,1374,mage,frost,39,23,16
goldrinn,1371,mage,frost,34,17,17
silvermoon,1359,mage,frost,91,41,50
anachronos,1344,mage,frost,24,14,10
kazzak,1337,mage,frost,18,14,4
blackmoore,1332,mage,frost,30,14,16
outland,1321,mage,frost,30,16,14
soulflayer,1319,mage,frost,60,41,19
tarren-mill,1319,mage,frost,24,14,10
soulflayer,1318,mage,frost,29,14,15
silvermoon,1318,mage,frost,30,14,16
kazzak,1299,mage,frost,73,33,40
kazzak,1298,mage,frost,49,27,22
minahonda,1290,mage,frost,60,28,32
onyxia,1288,mage,frost,37,20,17
blackhand,1275,mage,frost,48,22,26
auchindoun,1273,mage,frost,42,18,24
die-todeskrallen,1269,mage,frost,40,19,21
gordunni,1269,mage,frost,41,16,25
tarren-mill,1263,mage,frost,40,22,18
terenas,1248,mage,frost,39,15,24
ravencrest,1246,mage,frost,30,13,17
sylvanas,1246,mage,frost,36,13,23
howling-fjord,1245,mage,frost,36,13,23
eitrigg,1243,mage,frost,49,19,30
frostwolf,1232,mage,frost,30,14,16
aggra-português,1230,mage,frost,24,13,11
draenor,1228,mage,frost,81,44,37
ravencrest,1225,mage,frost,30,13,17
outland,1223,mage,frost,30,13,17
ravencrest,1218,mage,frost,36,20,16
argent-dawn,1218,mage,frost,36,13,23
kazzak,1212,mage,frost,30,13,17
stormscale,1209,mage,frost,58,28,30
gordunni,1208,mage,frost,30,14,16
howling-fjord,1205,mage,frost,83,49,34
twisting-nether,1189,mage,frost,24,13,11
gordunni,1185,mage,frost,36,14,22
silvermoon,1176,mage,frost,72,41,31
ysondre,1162,mage,frost,20,14,6
silvermoon,1158,mage,frost,58,28,30
ravencrest,1152,mage,frost,18,12,6
deathguard,1152,mage,frost,18,12,6
howling-fjord,1148,mage,frost,30,12,18
guldan,1148,mage,frost,33,13,20
ravencrest,1138,mage,frost,36,12,24
twisting-nether,1132,mage,frost,18,12,6
argent-dawn,1131,mage,frost,60,33,27
sylvanas,1130,mage,frost,18,12,6
kaelthas,1128,mage,frost,24,12,12
ravencrest,1127,mage,frost,27,14,13
ravencrest,1125,mage,frost,36,17,19
gordunni,1119,mage,frost,26,13,13
gordunni,1111,mage,frost,24,12,12
burning-legion,1109,mage,frost,30,12,18
chogall,1099,mage,frost,29,16,13
blackrock,1086,mage,frost,26,12,14
kazzak,1083,mage,frost,35,14,21
stormreaver,1078,mage,frost,30,12,18
ravencrest,1074,mage,frost,32,12,20
khaz-modan,1068,mage,frost,19,12,7
eversong,1064,mage,frost,36,18,18
gordunni,1056,mage,frost,12,11,1
dun-modr,1056,mage,frost,18,11,7
zenedar,1054,mage,frost,26,13,13
blackscar,1052,mage,frost,18,11,7
gordunni,1051,mage,frost,142,67,75
silvermoon,1050,mage,frost,18,11,7
ysondre,1045,mage,frost,30,11,19
galakrond,1044,mage,frost,30,11,19
soulflayer,1037,mage,frost,36,14,22
chamber-of-aspects,1030,mage,frost,48,23,25
silvermoon,1024,mage,frost,56,22,34
archimonde,1022,mage,frost,23,11,12
todeswache,992,mage,frost,23,13,10
sunstrider,991,mage,frost,30,14,16
aggramar,990,mage,frost,20,11,9
gordunni,989,mage,frost,17,11,6
archimonde,981,mage,frost,24,12,12
twilights-hammer,974,mage,frost,24,11,13
ysondre,972,mage,frost,66,37,29
sylvanas,971,mage,frost,31,16,15
draenor,960,mage,frost,18,10,8
deathguard,959,mage,frost,18,10,8
defias-brotherhood,958,mage,frost,24,10,14
soulflayer,958,mage,frost,30,10,20
the-maelstrom,957,mage,frost,18,10,8
howling-fjord,952,mage,frost,18,10,8
sylvanas,951,mage,frost,18,10,8
howling-fjord,947,mage,frost,30,10,20
eversong,938,mage,frost,12,10,2
laughing-skull,927,mage,frost,23,10,13
blackmoore,926,mage,frost,48,20,28
howling-fjord,918,mage,frost,18,11,7
archimonde,917,mage,frost,30,16,14
dun-modr,914,mage,frost,47,25,22
malganis,912,mage,frost,21,10,11
garona,900,mage,frost,36,19,17
veklor,891,mage,frost,14,11,3
borean-tundra,874,mage,frost,16,11,5
terokkar,869,mage,frost,22,10,12
sylvanas,864,mage,frost,12,9,3
drakthul,864,mage,frost,12,9,3
darkspear,864,mage,frost,18,9,9
outland,863,mage,frost,18,9,9
outland,863,mage,frost,18,9,9
ragnaros,862,mage,frost,12,9,3
ragnaros,860,mage,frost,12,9,3
nemesis,858,mage,frost,12,9,3
doomhammer,858,mage,frost,18,9,9
blackhand,858,mage,frost,18,9,9
twisting-nether,857,mage,frost,12,9,3
doomhammer,855,mage,frost,12,9,3
argent-dawn,852,mage,frost,12,9,3
nemesis,845,mage,frost,23,9,14
blackrock,811,mage,frost,23,9,14
ragnaros,796,mage,frost,16,9,7
silvermoon,784,mage,frost,25,9,16
draenor,768,mage,frost,12,8,4
zuljin,768,mage,frost,12,8,4
die-aldor,768,mage,frost,54,28,26
outland,768,mage,frost,18,8,10
galakrond,768,mage,frost,18,8,10
draenor,768,mage,frost,18,8,10
ravencrest,768,mage,frost,18,8,10
soulflayer,768,mage,frost,24,8,16
drakthul,767,mage,frost,12,8,4
ravencrest,767,mage,frost,12,8,4
ghostlands,766,mage,frost,12,8,4
gordunni,766,mage,frost,12,8,4
ravencrest,766,mage,frost,12,8,4
norgannon,765,mage,frost,24,8,16
blackmoore,762,mage,frost,18,8,10
silvermoon,748,mage,frost,13,9,4
ravencrest,733,mage,frost,18,8,10
stormscale,729,mage,frost,26,9,17
aszune,719,mage,frost,11,8,3
blackhand,719,mage,frost,15,8,7
outland,672,mage,frost,12,7,5
darksorrow,672,mage,frost,12,7,5
azuregos,672,mage,frost,12,7,5
nemesis,672,mage,frost,12,7,5
hyjal,672,mage,frost,12,7,5
ravencrest,672,mage,frost,18,7,11
gordunni,672,mage,frost,18,7,11
quelthalas,672,mage,frost,18,7,11
archimonde,672,mage,frost,18,7,11
gordunni,672,mage,frost,18,7,11
frostmane,671,mage,frost,12,7,5
frostwolf,671,mage,frost,12,7,5
outland,671,mage,frost,12,7,5
twisting-nether,671,mage,frost,18,7,11
sargeras,671,mage,frost,18,7,11
sanguino,671,mage,frost,30,7,23
burning-legion,669,mage,frost,18,7,11
draenor,668,mage,frost,18,7,11
destromath,668,mage,frost,18,7,11
draenor,667,mage,frost,18,7,11
drakthul,657,mage,frost,12,7,5
silvermoon,657,mage,frost,18,7,11
blackmoore,655,mage,frost,17,7,10
aegwynn,640,mage,frost,16,7,9
silvermoon,576,mage,frost,6,6,0
pozzo-delleternità,576,mage,frost,12,6,6
ravencrest,576,mage,frost,12,6,6
sylvanas,576,mage,frost,12,6,6
outland,576,mage,frost,12,6,6
ravencrest,576,mage,frost,12,6,6
archimonde,576,mage,frost,12,6,6
sanguino,576,mage,frost,12,6,6
howling-fjord,576,mage,frost,12,6,6
deathguard,576,mage,frost,12,6,6
confrérie-du-thorium,576,mage,frost,12,6,6
stormscale,576,mage,frost,12,6,6
ravencrest,576,mage,frost,18,6,12
kazzak,576,mage,frost,18,6,12
hyjal,576,mage,frost,18,6,12
draenor,575,mage,frost,12,6,6
blackrock,575,mage,frost,12,6,6
kazzak,575,mage,frost,12,6,6
eredar,575,mage,frost,18,6,12
outland,575,mage,frost,18,6,12
burning-legion,575,mage,frost,18,6,12
kazzak,574,mage,frost,18,6,12
darkmoon-faire,572,mage,frost,12,6,6
turalyon,565,mage,frost,12,6,6
tarren-mill,559,mage,frost,11,6,5
ragnaros,480,mage,frost,6,5,1
archimonde,480,mage,frost,6,5,1
outland,480,mage,frost,6,5,1
kazzak,480,mage,frost,6,5,1
twisting-nether,480,mage,frost,6,5,1
antonidas,480,mage,frost,6,5,1
howling-fjord,480,mage,frost,10,6,4
blackmoore,480,mage,frost,12,5,7
frostwolf,480,mage,frost,12,5,7
azuregos,480,mage,frost,12,5,7
sylvanas,480,mage,frost,12,5,7
outland,480,mage,frost,12,5,7
malganis,480,mage,frost,12,5,7
zuluhed,480,mage,frost,12,5,7
ragnaros,480,mage,frost,12,5,7
outland,480,mage,frost,12,5,7
ravencrest,480,mage,frost,12,5,7
malganis,480,mage,frost,18,5,13
blackrock,480,mage,frost,18,5,13
silvermoon,480,mage,frost,18,5,13
aegwynn,479,mage,frost,6,5,1
aegwynn,479,mage,frost,12,5,7
frostmourne,479,mage,frost,12,5,7
archimonde,476,mage,frost,12,5,7
blackmoore,473,mage,frost,12,5,7
ragnaros,448,mage,frost,16,5,11
arathor,432,mage,frost,9,6,3
lightnings-blade,432,mage,frost,9,5,4
outland,432,mage,frost,9,5,4
twisting-nether,432,mage,frost,15,5,10
archimonde,431,mage,frost,11,5,6
blackmoore,399,mage,frost,5,5,0
pozzo-delleternità,384,mage,frost,6,4,2
silvermoon,384,mage,frost,6,4,2
ragnaros,384,mage,frost,6,4,2
soulflayer,384,mage,frost,6,4,2
kazzak,384,mage,frost,6,4,2
tarren-mill,384,mage,frost,6,4,2
ragnaros,384,mage,frost,6,4,2
archimonde,384,mage,frost,6,4,2
blackrock,384,mage,frost,6,4,2
ravencrest,384,mage,frost,6,4,2
silvermoon,384,mage,frost,6,4,2
outland,384,mage,frost,6,4,2
sylvanas,384,mage,frost,6,4,2
die-aldor,384,mage,frost,6,4,2
the-maelstrom,384,mage,frost,6,4,2
howling-fjord,384,mage,frost,6,4,2
outland,384,mage,frost,6,4,2
blackrock,384,mage,frost,6,4,2
defias-brotherhood,384,mage,frost,6,4,2
kargath,384,mage,frost,6,4,2
argent-dawn,384,mage,frost,6,4,2
stormscale,384,mage,frost,6,4,2
outland,384,mage,frost,6,4,2
tarren-mill,384,mage,frost,6,4,2
dalaran,384,mage,frost,6,4,2
pozzo-delleternità,384,mage,frost,7,4,3
darksorrow,384,mage,frost,12,4,8
azshara,384,mage,frost,12,4,8
alexstrasza,384,mage,frost,12,4,8
khaz-modan,384,mage,frost,12,4,8
ravencrest,384,mage,frost,12,4,8
chamber-of-aspects,384,mage,frost,12,4,8
tarren-mill,384,mage,frost,12,4,8
silvermoon,384,mage,frost,12,4,8
ravencrest,384,mage,frost,12,4,8
archimonde,384,mage,frost,12,4,8
dragonmaw,384,mage,frost,12,4,8
kazzak,384,mage,frost,12,4,8
malganis,384,mage,frost,18,4,14
elune,383,mage,frost,6,4,2
kazzak,383,mage,frost,6,4,2
grim-batol,383,mage,frost,6,4,2
burning-blade,383,mage,frost,12,4,8
ragnaros,383,mage,frost,12,4,8
soulflayer,382,mage,frost,12,4,8
frostmane,335,mage,frost,8,5,3
twisting-nether,335,mage,frost,11,4,7
sanguino,320,mage,frost,10,4,6
kazzak,318,mage,frost,5,4,1
archimonde,288,mage,frost,6,3,3
grim-batol,288,mage,frost,6,3,3
argent-dawn,288,mage,frost,6,3,3
outland,288,mage,frost,6,3,3
gordunni,288,mage,frost,6,3,3
sanguino,288,mage,frost,6,3,3
sylvanas,288,mage,frost,6,3,3
ragnaros,288,mage,frost,6,3,3
turalyon,288,mage,frost,6,3,3
burning-blade,288,mage,frost,6,3,3
conseil-des-ombres,288,mage,frost,6,3,3
alakir,288,mage,frost,6,3,3
blackrock,288,mage,frost,6,3,3
aegwynn,288,mage,frost,6,3,3
draenor,288,mage,frost,6,3,3
ragnaros,288,mage,frost,6,3,3
ashenvale,288,mage,frost,6,3,3
draenor,288,mage,frost,6,3,3
ravencrest,288,mage,frost,6,3,3
ravencrest,288,mage,frost,6,3,3
blackmoore,288,mage,frost,6,3,3
outland,288,mage,frost,6,3,3
ravencrest,288,mage,frost,6,3,3
draenor,288,mage,frost,6,3,3
dragonblight,288,mage,frost,6,3,3
dragonblight,288,mage,frost,6,3,3
howling-fjord,288,mage,frost,6,3,3
khaz-modan,288,mage,frost,6,3,3
blackhand,288,mage,frost,6,3,3
eredar,288,mage,frost,6,3,3
stormscale,288,mage,frost,6,3,3
thrall,288,mage,frost,6,3,3
kazzak,288,mage,frost,6,3,3
kazzak,288,mage,frost,6,3,3
twisting-nether,288,mage,frost,6,3,3
blackhand,288,mage,frost,6,3,3
silvermoon,288,mage,frost,12,3,9
vashj,288,mage,frost,12,3,9
gordunni,288,mage,frost,12,3,9
ragnaros,288,mage,frost,12,3,9
ravencrest,288,mage,frost,12,3,9
hyjal,288,mage,frost,12,3,9
ravencrest,288,mage,frost,12,3,9
ravencrest,288,mage,frost,12,3,9
draenor,288,mage,frost,12,3,9
kazzak,288,mage,frost,12,3,9
gordunni,288,mage,frost,12,3,9
eredar,287,mage,frost,6,3,3
twisting-nether,287,mage,frost,6,3,3
pozzo-delleternità,287,mage,frost,12,3,9
emerald-dream,287,mage,frost,12,3,9
sporeggar,287,mage,frost,12,3,9
soulflayer,256,mage,frost,4,4,0
archimonde,240,mage,frost,9,3,6
khaz-modan,233,mage,frost,8,5,3
blackmoore,223,mage,frost,8,3,5
auchindoun,192,mage,frost,6,2,4
alexstrasza,192,mage,frost,6,2,4
sinstralis,192,mage,frost,6,2,4
kazzak,192,mage,frost,6,2,4
kazzak,192,mage,frost,6,2,4
outland,192,mage,frost,6,2,4
tarren-mill,192,mage,frost,6,2,4
blackscar,192,mage,frost,6,2,4
stormscale,192,mage,frost,6,2,4
stormscale,192,mage,frost,6,2,4
dun-modr,192,mage,frost,6,2,4
thrall,192,mage,frost,6,2,4
eredar,192,mage,frost,6,2,4
zenedar,192,mage,frost,6,2,4
die-aldor,192,mage,frost,6,2,4
drakthul,192,mage,frost,6,2,4
los-errantes,192,mage,frost,6,2,4
archimonde,192,mage,frost,6,2,4
blackrock,192,mage,frost,6,2,4
draenor,192,mage,frost,6,2,4
soulflayer,192,mage,frost,6,2,4
soulflayer,192,mage,frost,6,2,4
ysondre,192,mage,frost,6,2,4
defias-brotherhood,192,mage,frost,6,2,4
archimonde,192,mage,frost,6,2,4
tirion,192,mage,frost,6,2,4
soulflayer,192,mage,frost,6,2,4
tarren-mill,192,mage,frost,6,2,4
blackmoore,192,mage,frost,6,2,4
drakthul,192,mage,frost,6,2,4
silvermoon,192,mage,frost,6,2,4
draenor,192,mage,frost,6,2,4
blackrock,192,mage,frost,6,2,4
ravencrest,192,mage,frost,6,2,4
stormscale,192,mage,frost,12,2,10
arathor,192,mage,frost,12,2,10
ravencrest,192,mage,frost,12,2,10
ravencrest,192,mage,frost,12,2,10
drakthul,192,mage,frost,12,2,10
archimonde,192,mage,frost,12,2,10
blackrock,192,mage,frost,12,2,10
sylvanas,191,mage,frost,6,2,4
silvermoon,191,mage,frost,12,2,10
burning-legion,159,mage,frost,5,2,3
archimonde,159,mage,frost,5,2,3
ravencrest,159,mage,frost,5,2,3
argent-dawn,159,mage,frost,5,2,3
blackrock,144,mage,frost,3,3,0
ravencrest,138,mage,frost,10,3,7
shadowsong,127,mage,frost,4,2,2
kazzak,127,mage,frost,8,2,6
kazzak,96,mage,frost,3,2,1
tarren-mill,96,mage,frost,3,2,1
ragnaros,96,mage,frost,6,1,5
twisting-nether,96,mage,frost,6,1,5
hyjal,96,mage,frost,6,1,5
kazzak,96,mage,frost,6,1,5
hyjal,96,mage,frost,6,1,5
chamber-of-aspects,96,mage,frost,6,1,5
twisting-nether,96,mage,frost,6,1,5
draenor,96,mage,frost,6,1,5
doomhammer,96,mage,frost,6,1,5
magtheridon,96,mage,frost,6,1,5
zuljin,96,mage,frost,6,1,5
ragnaros,96,mage,frost,6,1,5
argent-dawn,96,mage,frost,6,1,5
argent-dawn,96,mage,frost,6,1,5
silvermoon,96,mage,frost,6,1,5
archimonde,96,mage,frost,6,1,5
earthen-ring,96,mage,frost,6,1,5
stormreaver,96,mage,frost,6,1,5
ravencrest,96,mage,frost,6,1,5
eredar,96,mage,frost,6,1,5
blackscar,96,mage,frost,6,1,5
stormscale,96,mage,frost,6,1,5
tarren-mill,63,mage,frost,2,2,0
blackhand,31,mage,frost,2,1,1
ysondre,16,mage,frost,1,1,0
colinas-pardas,8,mage,frost,9,3,6
zuljin,2277,monk,mistweaver,104,64,40
twisting-nether,2205,monk,mistweaver,85,51,34
tarren-mill,2194,monk,mistweaver,60,42,18
blackrock,2166,monk,mistweaver,84,53,31
stormscale,2151,monk,mistweaver,101,60,41
tarren-mill,2131,monk,mistweaver,59,42,17
outland,2126,monk,mistweaver,66,39,27
stormscale,2118,monk,mistweaver,42,28,14
blackmoore,2103,monk,mistweaver,83,52,31
blackrock,2103,monk,mistweaver,57,34,23
kazzak,2102,monk,mistweaver,78,48,30
alonsus,2096,monk,mistweaver,102,50,52
silvermoon,2076,monk,mistweaver,102,55,47
magtheridon,2036,monk,mistweaver,54,34,20
nemesis,2029,monk,mistweaver,84,45,39
auchindoun,2027,monk,mistweaver,123,71,52
antonidas,1985,monk,mistweaver,57,32,25
dun-modr,1969,monk,mistweaver,72,35,37
stormscale,1961,monk,mistweaver,59,35,24
darksorrow,1960,monk,mistweaver,44,27,17
zuljin,1953,monk,mistweaver,120,73,47
kazzak,1938,monk,mistweaver,66,45,21
ravencrest,1937,monk,mistweaver,24,21,3
twisting-nether,1937,monk,mistweaver,72,38,34
daggerspine,1933,monk,mistweaver,84,50,34
hyjal,1932,monk,mistweaver,108,63,45
stormscale,1927,monk,mistweaver,60,31,29
emeriss,1925,monk,mistweaver,91,49,42
blackhand,1908,monk,mistweaver,47,27,20
defias-brotherhood,1891,monk,mistweaver,72,41,31
blackrock,1888,monk,mistweaver,114,63,51
destromath,1885,monk,mistweaver,36,20,16
moonglade,1885,monk,mistweaver,104,57,47
outland,1879,monk,mistweaver,51,33,18
dentarg,1870,monk,mistweaver,114,60,54
blackmoore,1863,monk,mistweaver,66,36,30
argent-dawn,1862,monk,mistweaver,53,31,22
blackrock,1859,monk,mistweaver,48,31,17
blackrock,1858,monk,mistweaver,57,33,24
archimonde,1856,monk,mistweaver,48,29,19
soulflayer,1855,monk,mistweaver,60,35,25
blackscar,1852,monk,mistweaver,66,37,29
draenor,1850,monk,mistweaver,131,57,74
soulflayer,1846,monk,mistweaver,90,57,33
drakthul,1845,monk,mistweaver,96,49,47
twisting-nether,1843,monk,mistweaver,47,26,21
ravencrest,1840,monk,mistweaver,54,31,23
stormscale,1838,monk,mistweaver,53,37,16
blackrock,1838,monk,mistweaver,42,27,15
eredar,1833,monk,mistweaver,31,20,11
blackmoore,1833,monk,mistweaver,56,32,24
twisting-nether,1832,monk,mistweaver,30,22,8
archimonde,1829,monk,mistweaver,42,27,15
dun-modr,1829,monk,mistweaver,48,24,24
blackrock,1828,monk,mistweaver,54,27,27
aszune,1828,monk,mistweaver,95,45,50
eredar,1825,monk,mistweaver,36,26,10
terenas,1823,monk,mistweaver,47,26,21
twisting-nether,1821,monk,mistweaver,49,31,18
grom,1820,monk,mistweaver,54,24,30
ragnaros,1815,monk,mistweaver,119,62,57
sanguino,1814,monk,mistweaver,60,32,28
stormscale,1813,monk,mistweaver,48,27,21
draenor,1812,monk,mistweaver,57,32,25
stormscale,1811,monk,mistweaver,42,28,14
soulflayer,1811,monk,mistweaver,30,19,11
stormscale,1811,monk,mistweaver,42,19,23
gordunni,1810,monk,mistweaver,66,42,24
silvermoon,1810,monk,mistweaver,60,29,31
antonidas,1808,monk,mistweaver,66,38,28
twisting-nether,1807,monk,mistweaver,39,21,18
ravencrest,1804,monk,mistweaver,36,28,8
gordunni,1804,monk,mistweaver,48,28,20
ravencrest,1801,monk,mistweaver,53,41,12
dun-modr,1800,monk,mistweaver,75,38,37
burning-legion,1792,monk,mistweaver,36,22,14
kazzak,1787,monk,mistweaver,44,25,19
blackrock,1786,monk,mistweaver,75,44,31
blackrock,1783,monk,mistweaver,30,24,6
turalyon,1781,monk,mistweaver,48,24,24
archimonde,1779,monk,mistweaver,89,47,42
draenor,1772,monk,mistweaver,42,29,13
tarren-mill,1772,monk,mistweaver,60,34,26
howling-fjord,1772,monk,mistweaver,41,20,21
stormreaver,1771,monk,mistweaver,326,160,166
ambossar,1766,monk,mistweaver,42,27,15
draenor,1766,monk,mistweaver,42,20,22
gordunni,1764,monk,mistweaver,48,25,23
soulflayer,1761,monk,mistweaver,78,44,34
chamber-of-aspects,1760,monk,mistweaver,61,36,25
soulflayer,1758,monk,mistweaver,85,48,37
silvermoon,1756,monk,mistweaver,104,66,38
ravencrest,1754,monk,mistweaver,54,35,19
ragnaros,1753,monk,mistweaver,72,44,28
ragnaros,1742,monk,mistweaver,35,24,11
kazzak,1740,monk,mistweaver,88,51,37
ragnaros,1737,monk,mistweaver,48,22,26
blackhand,1726,monk,mistweaver,24,22,2
blackmoore,1722,monk,mistweaver,36,18,18
kazzak,1721,monk,mistweaver,36,18,18
deathweaver,1717,monk,mistweaver,60,35,25
drakthul,1711,monk,mistweaver,42,26,16
silvermoon,1701,monk,mistweaver,30,19,11
shadowsong,1697,monk,mistweaver,77,44,33
gordunni,1694,monk,mistweaver,48,31,17
outland,1692,monk,mistweaver,42,22,20
eredar,1692,monk,mistweaver,36,18,18
ragnaros,1692,monk,mistweaver,54,25,29
dun-modr,1689,monk,mistweaver,41,27,14
lich-king,1688,monk,mistweaver,36,20,16
nemesis,1684,monk,mistweaver,126,62,64
ragnaros,1680,monk,mistweaver,48,25,23
silvermoon,1678,monk,mistweaver,72,42,30
ysondre,1676,monk,mistweaver,30,22,8
blackmoore,1676,monk,mistweaver,60,38,22
defias-brotherhood,1673,monk,mistweaver,60,33,27
blackmoore,1671,monk,mistweaver,47,21,26
soulflayer,1659,monk,mistweaver,42,23,19
aegwynn,1657,monk,mistweaver,70,40,30
gordunni,1656,monk,mistweaver,34,20,14
antonidas,1655,monk,mistweaver,24,18,6
gordunni,1655,monk,mistweaver,66,35,31
draenor,1654,monk,mistweaver,35,18,17
ragnaros,1651,monk,mistweaver,41,20,21
kazzak,1650,monk,mistweaver,42,23,19
hyjal,1649,monk,mistweaver,43,19,24
magtheridon,1647,monk,mistweaver,59,26,33
rexxar,1645,monk,mistweaver,60,31,29
dun-modr,1644,monk,mistweaver,30,18,12
ravencrest,1644,monk,mistweaver,48,25,23
outland,1643,monk,mistweaver,48,25,23
outland,1641,monk,mistweaver,42,21,21
destromath,1639,monk,mistweaver,24,20,4
zuluhed,1639,monk,mistweaver,36,21,15
blackmoore,1638,monk,mistweaver,70,43,27
hyjal,1636,monk,mistweaver,40,26,14
ragnaros,1635,monk,mistweaver,36,19,17
kazzak,1634,monk,mistweaver,66,40,26
silvermoon,1632,monk,mistweaver,38,20,18
ravencrest,1630,monk,mistweaver,30,17,13
draenor,1630,monk,mistweaver,30,17,13
ravencrest,1628,monk,mistweaver,28,18,10
dalaran,1628,monk,mistweaver,36,20,16
kazzak,1627,monk,mistweaver,48,22,26
howling-fjord,1625,monk,mistweaver,42,27,15
soulflayer,1625,monk,mistweaver,30,17,13
eredar,1624,monk,mistweaver,24,17,7
twisting-nether,1623,monk,mistweaver,30,17,13
stormscale,1623,monk,mistweaver,54,28,26
ravencrest,1621,monk,mistweaver,88,39,49
outland,1620,monk,mistweaver,24,20,4
twisting-nether,1620,monk,mistweaver,36,20,16
blackscar,1619,monk,mistweaver,36,20,16
eredar,1617,monk,mistweaver,138,71,67
gordunni,1616,monk,mistweaver,54,30,24
tarren-mill,1611,monk,mistweaver,42,21,21
dun-modr,1604,monk,mistweaver,72,37,35
argent-dawn,1603,monk,mistweaver,66,41,25
blackhand,1603,monk,mistweaver,88,48,40
archimonde,1601,monk,mistweaver,158,84,74
eredar,1600,monk,mistweaver,51,30,21
kazzak,1595,monk,mistweaver,45,21,24
elune,1590,monk,mistweaver,42,19,23
thermaplugg,1580,monk,mistweaver,23,17,6
burning-legion,1580,monk,mistweaver,48,22,26
sylvanas,1577,monk,mistweaver,42,30,12
kazzak,1573,monk,mistweaver,60,25,35
aegwynn,1570,monk,mistweaver,48,26,22
ravencrest,1568,monk,mistweaver,36,27,9
aegwynn,1568,monk,mistweaver,41,25,16
eredar,1568,monk,mistweaver,57,32,25
twisting-nether,1566,monk,mistweaver,36,21,15
drakthul,1562,monk,mistweaver,66,43,23
deepholm,1561,monk,mistweaver,48,33,15
vashj,1558,monk,mistweaver,42,20,22
blackrock,1557,monk,mistweaver,72,40,32
ravencrest,1553,monk,mistweaver,30,22,8
howling-fjord,1550,monk,mistweaver,36,18,18
zuljin,1546,monk,mistweaver,41,25,16
defias-brotherhood,1545,monk,mistweaver,30,18,12
ravencrest,1541,monk,mistweaver,114,66,48
dun-modr,1539,monk,mistweaver,36,21,15
frostwolf,1535,monk,mistweaver,24,16,8
blades-edge,1534,monk,mistweaver,80,39,41
draenor,1529,monk,mistweaver,24,16,8
sanguino,1528,monk,mistweaver,23,17,6
tarren-mill,1527,monk,mistweaver,42,27,15
archimonde,1526,monk,mistweaver,48,26,22
arthas,1526,monk,mistweaver,30,16,14
blackmoore,1522,monk,mistweaver,24,16,8
archimonde,1519,monk,mistweaver,42,27,15
bronze-dragonflight,1515,monk,mistweaver,30,16,14
quelthalas,1513,monk,mistweaver,54,35,19
blackmoore,1507,monk,mistweaver,36,25,11
blackhand,1506,monk,mistweaver,34,25,9
blackmoore,1503,monk,mistweaver,35,22,13
aegwynn,1503,monk,mistweaver,36,18,18
eredar,1501,monk,mistweaver,24,16,8
chogall,1499,monk,mistweaver,24,16,8
sanguino,1499,monk,mistweaver,30,16,14
dun-modr,1495,monk,mistweaver,157,85,72
destromath,1494,monk,mistweaver,47,24,23
amanthul,1493,monk,mistweaver,71,41,30
ragnaros,1490,monk,mistweaver,29,18,11
blackrock,1486,monk,mistweaver,101,56,45
stormscale,1485,monk,mistweaver,18,16,2
antonidas,1483,monk,mistweaver,48,28,20
kazzak,1479,monk,mistweaver,63,36,27
doomhammer,1471,monk,mistweaver,77,38,39
ravencrest,1466,monk,mistweaver,30,23,7
gorgonnash,1459,monk,mistweaver,65,31,34
blackscar,1456,monk,mistweaver,30,16,14
draenor,1450,monk,mistweaver,75,46,29
stormscale,1439,monk,mistweaver,18,15,3
gordunni,1439,monk,mistweaver,69,43,26
silvermoon,1439,monk,mistweaver,30,18,12
ravencrest,1439,monk,mistweaver,30,15,15
blackmoore,1439,monk,mistweaver,54,22,32
archimonde,1438,monk,mistweaver,24,15,9
blackmoore,1436,monk,mistweaver,30,15,15
tarren-mill,1436,monk,mistweaver,36,16,20
azuremyst,1433,monk,mistweaver,30,15,15
silvermoon,1432,monk,mistweaver,42,23,19
blackmoore,1432,monk,mistweaver,66,33,33
tarren-mill,1421,monk,mistweaver,30,16,14
outland,1420,monk,mistweaver,48,31,17
thrall,1420,monk,mistweaver,55,32,23
twilights-hammer,1420,monk,mistweaver,111,50,61
nagrand,1415,monk,mistweaver,27,16,11
burning-blade,1415,monk,mistweaver,48,24,24
blackrock,1414,monk,mistweaver,67,45,22
kazzak,1414,monk,mistweaver,75,44,31
kazzak,1411,monk,mistweaver,30,19,11
sylvanas,1411,monk,mistweaver,30,15,15
howling-fjord,1411,monk,mistweaver,50,24,26
nemesis,1409,monk,mistweaver,62,37,25
die-nachtwache,1387,monk,mistweaver,32,22,10
outland,1387,monk,mistweaver,33,16,17
ravencrest,1387,monk,mistweaver,70,28,42
ravencrest,1387,monk,mistweaver,41,15,26
sylvanas,1384,monk,mistweaver,96,54,42
blackmoore,1380,monk,mistweaver,81,46,35
frostwolf,1378,monk,mistweaver,52,31,21
blackrock,1366,monk,mistweaver,35,15,20
darkspear,1352,monk,mistweaver,36,25,11
blackscar,1352,monk,mistweaver,35,15,20
howling-fjord,1344,monk,mistweaver,66,41,25
hyjal,1341,monk,mistweaver,24,14,10
nerathor,1337,monk,mistweaver,24,14,10
tarren-mill,1337,monk,mistweaver,24,14,10
silvermoon,1337,monk,mistweaver,24,14,10
executus,1336,monk,mistweaver,24,14,10
stormscale,1333,monk,mistweaver,36,24,12
sanguino,1332,monk,mistweaver,24,16,8
burning-legion,1332,monk,mistweaver,75,47,28
outland,1330,monk,mistweaver,42,23,19
kazzak,1325,monk,mistweaver,35,21,14
ragnaros,1317,monk,mistweaver,35,22,13
kazzak,1315,monk,mistweaver,78,37,41
ravencrest,1315,monk,mistweaver,36,16,20
sanguino,1305,monk,mistweaver,24,15,9
archimonde,1305,monk,mistweaver,72,35,37
draenor,1297,monk,mistweaver,76,40,36
gordunni,1296,monk,mistweaver,24,15,9
kazzak,1294,monk,mistweaver,23,14,9
korgall,1292,monk,mistweaver,48,23,25
drakthul,1288,monk,mistweaver,57,37,20
wildhammer,1286,monk,mistweaver,30,21,9
blackrock,1284,monk,mistweaver,39,21,18
blackmoore,1278,monk,mistweaver,39,22,17
argent-dawn,1275,monk,mistweaver,51,28,23
auchindoun,1273,monk,mistweaver,36,14,22
blackrock,1272,monk,mistweaver,26,14,12
sanguino,1270,monk,mistweaver,28,17,11
ravencrest,1269,monk,mistweaver,65,31,34
draenor,1268,monk,mistweaver,72,35,37
blackmoore,1264,monk,mistweaver,61,36,25
sylvanas,1263,monk,mistweaver,48,25,23
outland,1258,monk,mistweaver,24,14,10
azuregos,1254,monk,mistweaver,30,15,15
kazzak,1248,monk,mistweaver,18,13,5
kazzak,1248,monk,mistweaver,24,13,11
grim-batol,1248,monk,mistweaver,46,20,26
defias-brotherhood,1247,monk,mistweaver,18,13,5
tarren-mill,1247,monk,mistweaver,24,13,11
stormscale,1247,monk,mistweaver,24,13,11
gorgonnash,1247,monk,mistweaver,24,13,11
ravencrest,1247,monk,mistweaver,24,13,11
frostmane,1246,monk,mistweaver,24,13,11
kazzak,1242,monk,mistweaver,21,14,7
kazzak,1241,monk,mistweaver,24,13,11
stormscale,1240,monk,mistweaver,18,13,5
silvermoon,1240,monk,mistweaver,24,13,11
frostwhisper,1238,monk,mistweaver,46,23,23
azjolnerub,1238,monk,mistweaver,26,13,13
dun-modr,1227,monk,mistweaver,48,20,28
twisting-nether,1226,monk,mistweaver,18,13,5
twisting-nether,1220,monk,mistweaver,18,13,5
emerald-dream,1220,monk,mistweaver,30,14,16
dentarg,1214,monk,mistweaver,29,13,16
turalyon,1212,monk,mistweaver,88,51,37
nethersturm,1209,monk,mistweaver,24,13,11
archimonde,1204,monk,mistweaver,70,33,37
silvermoon,1197,monk,mistweaver,42,21,21
kult-der-verdammten,1197,monk,mistweaver,29,13,16
kazzak,1181,monk,mistweaver,17,13,4
antonidas,1176,monk,mistweaver,27,13,14
defias-brotherhood,1167,monk,mistweaver,40,19,21
twisting-nether,1151,monk,mistweaver,18,12,6
eredar,1151,monk,mistweaver,18,12,6
twisting-nether,1151,monk,mistweaver,24,12,12
zuljin,1151,monk,mistweaver,30,12,18
aegwynn,1150,monk,mistweaver,18,12,6
gordunni,1150,monk,mistweaver,24,12,12
drakthul,1147,monk,mistweaver,18,12,6
stormscale,1142,monk,mistweaver,42,24,18
silvermoon,1142,monk,mistweaver,24,12,12
khazgoroth,1138,monk,mistweaver,69,37,32
kazzak,1138,monk,mistweaver,30,12,18
burning-legion,1138,monk,mistweaver,34,13,21
silvermoon,1137,monk,mistweaver,18,12,6
kirin-tor,1131,monk,mistweaver,34,21,13
eonar,1128,monk,mistweaver,18,13,5
blackrock,1124,monk,mistweaver,24,12,12
gordunni,1119,monk,mistweaver,29,12,17
aszune,1113,monk,mistweaver,76,32,44
stormscale,1102,monk,mistweaver,21,13,8
argent-dawn,1093,monk,mistweaver,24,12,12
bladefist,1093,monk,mistweaver,36,13,23
arthas,1090,monk,mistweaver,23,12,11
dun-modr,1085,monk,mistweaver,29,12,17
blackrock,1083,monk,mistweaver,30,18,12
tarren-mill,1070,monk,mistweaver,17,14,3
hyjal,1056,monk,mistweaver,18,11,7
ragnaros,1056,monk,mistweaver,18,11,7
outland,1056,monk,mistweaver,18,11,7
archimonde,1056,monk,mistweaver,18,11,7
stormreaver,1056,monk,mistweaver,18,11,7
gordunni,1056,monk,mistweaver,24,11,13
outland,1055,monk,mistweaver,12,11,1
defias-brotherhood,1055,monk,mistweaver,18,11,7
gorgonnash,1055,monk,mistweaver,18,11,7
gorgonnash,1055,monk,mistweaver,18,11,7
ravencrest,1055,monk,mistweaver,18,11,7
burning-legion,1055,monk,mistweaver,18,11,7
draenor,1055,monk,mistweaver,18,11,7
archimonde,1055,monk,mistweaver,24,11,13
twisting-nether,1055,monk,mistweaver,30,11,19
twilights-hammer,1054,monk,mistweaver,12,11,1
ravencrest,1054,monk,mistweaver,18,11,7
madmortem,1054,monk,mistweaver,30,11,19
kazzak,1052,monk,mistweaver,18,11,7
kazzak,1052,monk,mistweaver,26,11,15
kazzak,1046,monk,mistweaver,33,22,11
stormscale,1046,monk,mistweaver,56,20,36
archimonde,1033,monk,mistweaver,27,11,16
eredar,1032,monk,mistweaver,24,11,13
doomhammer,1025,monk,mistweaver,54,26,28
archimonde,1007,monk,mistweaver,15,12,3
ragnaros,979,monk,mistweaver,21,15,6
boulderfist,964,monk,mistweaver,30,17,13
the-maelstrom,960,monk,mistweaver,12,10,2
ravencrest,960,monk,mistweaver,12,10,2
outland,960,monk,mistweaver,18,10,8
ragnaros,960,monk,mistweaver,18,10,8
blackmoore,960,monk,mistweaver,18,10,8
dun-morogh,960,monk,mistweaver,18,10,8
stormscale,960,monk,mistweaver,18,10,8
argent-dawn,960,monk,mistweaver,18,10,8
aegwynn,960,monk,mistweaver,24,10,14
blackmoore,959,monk,mistweaver,12,10,2
ragnaros,959,monk,mistweaver,12,10,2
kazzak,958,monk,mistweaver,16,11,5
draenor,958,monk,mistweaver,18,10,8
la-croisade-écarlate,958,monk,mistweaver,18,10,8
ysera,958,monk,mistweaver,24,10,14
kelthuzad,957,monk,mistweaver,24,10,14
antonidas,956,monk,mistweaver,24,10,14
nemesis,954,monk,mistweaver,12,10,2
turalyon,952,monk,mistweaver,12,10,2
stormscale,950,monk,mistweaver,18,10,8
hyjal,946,monk,mistweaver,24,10,14
sanguino,938,monk,mistweaver,18,12,6
marécage-de-zangar,930,monk,mistweaver,24,13,11
ravencrest,910,monk,mistweaver,17,10,7
cthun,906,monk,mistweaver,22,12,10
outland,905,monk,mistweaver,20,11,9
dragonmaw,889,monk,mistweaver,17,10,7
stormscale,879,monk,mistweaver,13,10,3
blackrock,864,monk,mistweaver,12,9,3
blackmoore,864,monk,mistweaver,12,9,3
blackmoore,864,monk,mistweaver,12,9,3
outland,864,monk,mistweaver,18,9,9
ragnaros,864,monk,mistweaver,18,9,9
burning-legion,864,monk,mistweaver,18,9,9
ragnaros,864,monk,mistweaver,18,9,9
ysondre,864,monk,mistweaver,18,9,9
archimonde,864,monk,mistweaver,18,9,9
outland,863,monk,mistweaver,12,9,3
ravencrest,863,monk,mistweaver,12,9,3
uldaman,863,monk,mistweaver,18,9,9
blackmoore,863,monk,mistweaver,18,9,9
nordrassil,863,monk,mistweaver,18,9,9
rashgarroth,862,monk,mistweaver,12,9,3
sylvanas,861,monk,mistweaver,12,9,3
blackrock,861,monk,mistweaver,12,9,3
nozdormu,855,monk,mistweaver,18,9,9
chromaggus,852,monk,mistweaver,18,9,9
baelgun,816,monk,mistweaver,27,9,18
archimonde,815,monk,mistweaver,23,9,14
defias-brotherhood,810,monk,mistweaver,15,9,6
ragnaros,798,monk,mistweaver,26,9,17
blackmoore,768,monk,mistweaver,12,8,4
ravencrest,768,monk,mistweaver,12,8,4
tarren-mill,768,monk,mistweaver,12,8,4
nemesis,768,monk,mistweaver,12,8,4
aegwynn,768,monk,mistweaver,12,8,4
ravencrest,768,monk,mistweaver,12,8,4
eredar,768,monk,mistweaver,12,8,4
thermaplugg,768,monk,mistweaver,12,8,4
ravencrest,768,monk,mistweaver,12,8,4
blackmoore,768,monk,mistweaver,12,8,4
archimonde,768,monk,mistweaver,16,9,7
kazzak,768,monk,mistweaver,18,8,10
soulflayer,768,monk,mistweaver,18,8,10
ravencrest,768,monk,mistweaver,18,8,10
twisting-nether,768,monk,mistweaver,18,8,10
tarren-mill,768,monk,mistweaver,18,8,10
ravencrest,768,monk,mistweaver,18,8,10
eredar,768,monk,mistweaver,28,9,19
ravencrest,767,monk,mistweaver,12,8,4
sanguino,767,monk,mistweaver,12,8,4
gordunni,767,monk,mistweaver,12,8,4
dun-morogh,767,monk,mistweaver,12,8,4
blackhand,767,monk,mistweaver,12,8,4
stormreaver,767,monk,mistweaver,12,8,4
outland,767,monk,mistweaver,18,8,10
silvermoon,767,monk,mistweaver,18,8,10
gordunni,767,monk,mistweaver,24,8,16
howling-fjord,766,monk,mistweaver,12,8,4
drakthul,765,monk,mistweaver,12,8,4
magtheridon,760,monk,mistweaver,24,8,16
blackmoore,734,monk,mistweaver,19,9,10
outland,719,monk,mistweaver,9,9,0
gordunni,719,monk,mistweaver,15,9,6
archimonde,702,monk,mistweaver,22,8,14
stormreaver,687,monk,mistweaver,13,8,5
kirin-tor,679,monk,mistweaver,99,42,57
auchindoun,672,monk,mistweaver,12,7,5
eredar,672,monk,mistweaver,12,7,5
stormreaver,672,monk,mistweaver,12,7,5
blackmoore,672,monk,mistweaver,12,7,5
stormscale,672,monk,mistweaver,12,7,5
blackhand,672,monk,mistweaver,12,7,5
silvermoon,672,monk,mistweaver,12,7,5
archimonde,672,monk,mistweaver,12,7,5
darkspear,672,monk,mistweaver,12,7,5
blackmoore,672,monk,mistweaver,12,7,5
uldum,672,monk,mistweaver,12,7,5
sanguino,672,monk,mistweaver,12,7,5
ravencrest,672,monk,mistweaver,12,7,5
drakthul,672,monk,mistweaver,12,7,5
burning-legion,672,monk,mistweaver,12,7,5
aegwynn,672,monk,mistweaver,12,7,5
tarren-mill,672,monk,mistweaver,12,7,5
archimonde,672,monk,mistweaver,12,7,5
aerie-peak,672,monk,mistweaver,12,7,5
aggra-português,672,monk,mistweaver,12,7,5
outland,672,monk,mistweaver,12,7,5
ravencrest,672,monk,mistweaver,12,7,5
twisting-nether,672,monk,mistweaver,12,7,5
blades-edge,672,monk,mistweaver,12,7,5
ravencrest,672,monk,mistweaver,12,7,5
archimonde,672,monk,mistweaver,12,7,5
alakir,672,monk,mistweaver,18,7,11
hyjal,671,monk,mistweaver,12,7,5
kazzak,671,monk,mistweaver,12,7,5
soulflayer,671,monk,mistweaver,12,7,5
earthen-ring,671,monk,mistweaver,12,7,5
kazzak,671,monk,mistweaver,15,8,7
tarren-mill,671,monk,mistweaver,18,7,11
dalaran,670,monk,mistweaver,12,7,5
haomarush,670,monk,mistweaver,12,7,5
argent-dawn,670,monk,mistweaver,12,7,5
la-croisade-écarlate,665,monk,mistweaver,18,7,11
mugthol,659,monk,mistweaver,18,7,11
sylvanas,639,monk,mistweaver,8,8,0
kilrogg,624,monk,mistweaver,15,7,8
ravencrest,623,monk,mistweaver,15,7,8
silvermoon,616,monk,mistweaver,24,10,14
blackmoore,607,monk,mistweaver,11,7,4
moonglade,576,monk,mistweaver,6,6,0
frostmourne,576,monk,mistweaver,6,6,0
blackrock,576,monk,mistweaver,12,6,6
tarren-mill,576,monk,mistweaver,12,6,6
archimonde,576,monk,mistweaver,12,6,6
ravencrest,576,monk,mistweaver,12,6,6
ravencrest,576,monk,mistweaver,12,6,6
archimonde,576,monk,mistweaver,12,6,6
aegwynn,576,monk,mistweaver,12,6,6
tarren-mill,576,monk,mistweaver,12,6,6
dun-modr,576,monk,mistweaver,12,6,6
howling-fjord,576,monk,mistweaver,12,6,6
kazzak,576,monk,mistweaver,12,6,6
silvermoon,576,monk,mistweaver,12,6,6
zirkel-des-cenarius,576,monk,mistweaver,12,6,6
stormreaver,576,monk,mistweaver,12,6,6
silvermoon,576,monk,mistweaver,12,6,6
soulflayer,576,monk,mistweaver,12,6,6
blackmoore,576,monk,mistweaver,12,6,6
sylvanas,576,monk,mistweaver,12,6,6
gordunni,576,monk,mistweaver,15,7,8
archimonde,576,monk,mistweaver,18,6,12
soulflayer,576,monk,mistweaver,18,6,12
ravencrest,576,monk,mistweaver,24,6,18
dalaran,575,monk,mistweaver,6,6,0
tarren-mill,575,monk,mistweaver,12,6,6
stormreaver,575,monk,mistweaver,12,6,6
arthas,575,monk,mistweaver,12,6,6
stormscale,575,monk,mistweaver,12,6,6
ravencrest,575,monk,mistweaver,12,6,6
kazzak,575,monk,mistweaver,12,6,6
blackmoore,575,monk,mistweaver,12,6,6
draenor,575,monk,mistweaver,12,6,6
blackhand,575,monk,mistweaver,18,6,12
borean-tundra,575,monk,mistweaver,24,6,18
silvermoon,574,monk,mistweaver,12,6,6
silvermoon,574,monk,mistweaver,12,6,6
drakthul,574,monk,mistweaver,12,6,6
tarren-mill,571,monk,mistweaver,12,6,6
outland,527,monk,mistweaver,11,6,5
blackhand,517,monk,mistweaver,27,7,20
stormreaver,512,monk,mistweaver,16,6,10
hyjal,494,monk,mistweaver,13,6,7
silvermoon,480,monk,mistweaver,6,5,1
ragnaros,480,monk,mistweaver,6,5,1
kazzak,480,monk,mistweaver,6,5,1
gordunni,480,monk,mistweaver,6,5,1
sanguino,480,monk,mistweaver,6,5,1
blackrock,480,monk,mistweaver,6,5,1
blackrock,480,monk,mistweaver,6,5,1
ravencrest,480,monk,mistweaver,6,5,1
tarren-mill,480,monk,mistweaver,6,5,1
dentarg,480,monk,mistweaver,6,5,1
aegwynn,480,monk,mistweaver,6,5,1
gordunni,480,monk,mistweaver,6,5,1
kazzak,480,monk,mistweaver,6,5,1
sargeras,480,monk,mistweaver,6,5,1
frostmane,480,monk,mistweaver,6,5,1
silvermoon,480,monk,mistweaver,6,5,1
gordunni,480,monk,mistweaver,6,5,1
ravencrest,480,monk,mistweaver,6,5,1
outland,480,monk,mistweaver,6,5,1
silvermoon,480,monk,mistweaver,12,5,7
ravencrest,480,monk,mistweaver,12,5,7
draenor,480,monk,mistweaver,12,5,7
ravencrest,480,monk,mistweaver,12,5,7
blackrock,480,monk,mistweaver,12,5,7
aegwynn,480,monk,mistweaver,12,5,7
argent-dawn,480,monk,mistweaver,12,5,7
burning-blade,480,monk,mistweaver,12,5,7
twisting-nether,480,monk,mistweaver,12,5,7
ragnaros,480,monk,mistweaver,12,5,7
auchindoun,480,monk,mistweaver,12,5,7
ravencrest,480,monk,mistweaver,18,5,13
archimonde,480,monk,mistweaver,18,5,13
neptulon,479,monk,mistweaver,12,5,7
xavius,479,monk,mistweaver,12,5,7
tarren-mill,478,monk,mistweaver,6,5,1
gordunni,477,monk,mistweaver,12,5,7
rexxar,469,monk,mistweaver,19,5,14
garona,432,monk,mistweaver,9,6,3
twisting-nether,426,monk,mistweaver,19,6,13
gordunni,415,monk,mistweaver,8,5,3
soulflayer,384,monk,mistweaver,6,4,2
todeswache,384,monk,mistweaver,6,4,2
kiljaeden,384,monk,mistweaver,6,4,2
draenor,384,monk,mistweaver,6,4,2
ravencrest,384,monk,mistweaver,6,4,2
stormscale,384,monk,mistweaver,6,4,2
silvermoon,384,monk,mistweaver,6,4,2
ravencrest,384,monk,mistweaver,6,4,2
soulflayer,384,monk,mistweaver,6,4,2
stormscale,384,monk,mistweaver,6,4,2
twisting-nether,384,monk,mistweaver,6,4,2
aegwynn,384,monk,mistweaver,6,4,2
blackmoore,384,monk,mistweaver,6,4,2
die-aldor,384,monk,mistweaver,6,4,2
draenor,384,monk,mistweaver,6,4,2
deepholm,384,monk,mistweaver,6,4,2
gordunni,384,monk,mistweaver,6,4,2
defias-brotherhood,384,monk,mistweaver,6,4,2
outland,384,monk,mistweaver,6,4,2
aegwynn,384,monk,mistweaver,6,4,2
dun-modr,384,monk,mistweaver,6,4,2
ragnaros,384,monk,mistweaver,6,4,2
twisting-nether,384,monk,mistweaver,6,4,2
ravencrest,384,monk,mistweaver,6,4,2
silvermoon,384,monk,mistweaver,6,4,2
draenor,384,monk,mistweaver,6,4,2
blackrock,384,monk,mistweaver,6,4,2
arygos,384,monk,mistweaver,6,4,2
archimonde,384,monk,mistweaver,6,4,2
draenor,384,monk,mistweaver,6,4,2
silvermoon,384,monk,mistweaver,6,4,2
frostwolf,384,monk,mistweaver,6,4,2
kazzak,384,monk,mistweaver,6,4,2
ravencrest,384,monk,mistweaver,6,4,2
burning-legion,384,monk,mistweaver,6,4,2
archimonde,384,monk,mistweaver,6,4,2
burning-legion,384,monk,mistweaver,6,4,2
conseil-des-ombres,384,monk,mistweaver,6,4,2
dun-modr,384,monk,mistweaver,6,4,2
tarren-mill,384,monk,mistweaver,6,4,2
blackhand,384,monk,mistweaver,6,4,2
dun-morogh,384,monk,mistweaver,6,4,2
dun-modr,384,monk,mistweaver,12,4,8
blackhand,384,monk,mistweaver,12,4,8
gordunni,384,monk,mistweaver,12,4,8
malganis,384,monk,mistweaver,12,4,8
dun-modr,384,monk,mistweaver,12,4,8
deepholm,383,monk,mistweaver,6,4,2
soulflayer,383,monk,mistweaver,6,4,2
burning-legion,383,monk,mistweaver,6,4,2
zuljin,383,monk,mistweaver,12,4,8
kazzak,383,monk,mistweaver,12,4,8
defias-brotherhood,381,monk,mistweaver,12,4,8
tarren-mill,351,monk,mistweaver,11,4,7
blackmoore,335,monk,mistweaver,11,4,7
silvermoon,330,monk,mistweaver,10,8,2
ravencrest,319,monk,mistweaver,5,4,1
twisting-nether,304,monk,mistweaver,7,4,3
ragnaros,304,monk,mistweaver,7,4,3
hyjal,288,monk,mistweaver,6,3,3
aegwynn,288,monk,mistweaver,6,3,3
chamber-of-aspects,288,monk,mistweaver,6,3,3
grim-batol,288,monk,mistweaver,6,3,3
frostmane,288,monk,mistweaver,6,3,3
burning-legion,288,monk,mistweaver,6,3,3
blackscar,288,monk,mistweaver,6,3,3
onyxia,288,monk,mistweaver,6,3,3
mugthol,288,monk,mistweaver,6,3,3
terokkar,288,monk,mistweaver,6,3,3
outland,288,monk,mistweaver,6,3,3
outland,288,monk,mistweaver,6,3,3
tarren-mill,288,monk,mistweaver,6,3,3
archimonde,288,monk,mistweaver,6,3,3
blackhand,288,monk,mistweaver,6,3,3
malganis,288,monk,mistweaver,6,3,3
blackmoore,288,monk,mistweaver,6,3,3
runetotem,288,monk,mistweaver,6,3,3
stormscale,288,monk,mistweaver,6,3,3
twisting-nether,288,monk,mistweaver,6,3,3
ragnaros,288,monk,mistweaver,6,3,3
frostwolf,288,monk,mistweaver,6,3,3
alakir,288,monk,mistweaver,6,3,3
dun-modr,288,monk,mistweaver,6,3,3
silvermoon,288,monk,mistweaver,6,3,3
gorgonnash,288,monk,mistweaver,6,3,3
outland,288,monk,mistweaver,6,3,3
ragnaros,288,monk,mistweaver,6,3,3
alakir,288,monk,mistweaver,6,3,3
outland,288,monk,mistweaver,6,3,3
spinebreaker,288,monk,mistweaver,6,3,3
stormreaver,288,monk,mistweaver,6,3,3
galakrond,288,monk,mistweaver,6,3,3
dun-modr,288,monk,mistweaver,6,3,3
antonidas,288,monk,mistweaver,6,3,3
twisting-nether,288,monk,mistweaver,12,3,9
laughing-skull,288,monk,mistweaver,12,3,9
sanguino,288,monk,mistweaver,12,3,9
tarren-mill,288,monk,mistweaver,18,3,15
twisting-nether,287,monk,mistweaver,6,3,3
outland,287,monk,mistweaver,6,3,3
eredar,287,monk,mistweaver,6,3,3
stormscale,239,monk,mistweaver,5,3,2
kazzak,239,monk,mistweaver,5,3,2
archimonde,239,monk,mistweaver,9,4,5
kazzak,233,monk,mistweaver,16,5,11
tarren-mill,192,monk,mistweaver,6,2,4
tarren-mill,192,monk,mistweaver,6,2,4
tarren-mill,192,monk,mistweaver,6,2,4
thunderhorn,192,monk,mistweaver,6,2,4
howling-fjord,192,monk,mistweaver,6,2,4
medivh,192,monk,mistweaver,6,2,4
nemesis,192,monk,mistweaver,6,2,4
archimonde,192,monk,mistweaver,6,2,4
emerald-dream,192,monk,mistweaver,6,2,4
argent-dawn,192,monk,mistweaver,6,2,4
alakir,192,monk,mistweaver,6,2,4
outland,192,monk,mistweaver,6,2,4
shattered-halls,192,monk,mistweaver,6,2,4
drakthul,192,monk,mistweaver,6,2,4
kilrogg,192,monk,mistweaver,6,2,4
blackscar,192,monk,mistweaver,6,2,4
gordunni,192,monk,mistweaver,6,2,4
outland,192,monk,mistweaver,6,2,4
dun-modr,192,monk,mistweaver,6,2,4
draenor,192,monk,mistweaver,6,2,4
hellscream,192,monk,mistweaver,6,2,4
antonidas,192,monk,mistweaver,6,2,4
twisting-nether,192,monk,mistweaver,6,2,4
ravencrest,192,monk,mistweaver,6,2,4
kazzak,192,monk,mistweaver,6,2,4
dun-modr,192,monk,mistweaver,6,2,4
stormscale,192,monk,mistweaver,6,2,4
dun-modr,192,monk,mistweaver,6,2,4
kazzak,192,monk,mistweaver,6,2,4
archimonde,192,monk,mistweaver,20,5,15
kazzak,192,monk,mistweaver,12,2,10
ragnaros,192,monk,mistweaver,12,2,10
sanguino,192,monk,mistweaver,12,2,10
dalaran,191,monk,mistweaver,6,2,4
kargath,186,monk,mistweaver,16,4,12
azuremyst,159,monk,mistweaver,5,2,3
darksorrow,138,monk,mistweaver,10,4,6
tarren-mill,138,monk,mistweaver,11,4,7
tarren-mill,128,monk,mistweaver,4,2,2
tarren-mill,112,monk,mistweaver,13,2,11
gordunni,96,monk,mistweaver,6,1,5
twisting-nether,96,monk,mistweaver,6,1,5
ravencrest,96,monk,mistweaver,6,1,5
la-croisade-écarlate,96,monk,mistweaver,6,1,5
outland,96,monk,mistweaver,6,1,5
ravencrest,96,monk,mistweaver,6,1,5
thrall,96,monk,mistweaver,6,1,5
kazzak,96,monk,mistweaver,6,1,5
doomhammer,96,monk,mistweaver,6,1,5
drakthul,96,monk,mistweaver,6,1,5
the-maelstrom,96,monk,mistweaver,6,1,5
ravencrest,96,monk,mistweaver,6,1,5
drakthul,96,monk,mistweaver,6,1,5
kazzak,96,monk,mistweaver,6,1,5
kazzak,96,monk,mistweaver,6,1,5
drekthar,96,monk,mistweaver,6,1,5
blackmoore,96,monk,mistweaver,6,1,5
malfurion,96,monk,mistweaver,6,1,5
blackhand,96,monk,mistweaver,6,1,5
ysondre,96,monk,mistweaver,6,1,5
ysondre,96,monk,mistweaver,6,1,5
burning-legion,96,monk,mistweaver,6,1,5
draenor,96,monk,mistweaver,6,1,5
ragnaros,96,monk,mistweaver,6,1,5
wrathbringer,96,monk,mistweaver,11,1,10
ravencrest,96,monk,mistweaver,12,1,11
argent-dawn,79,monk,mistweaver,5,1,4
stormscale,42,monk,mistweaver,12,3,9
defias-brotherhood,40,monk,mistweaver,16,3,13
twisting-nether,767,monk,brewmaster,24,8,16
kirin-tor,96,monk,brewmaster,6,1,5
stormscale,2263,monk,windwalker,72,48,24
stormscale,2141,monk,windwalker,80,46,34
tarren-mill,2125,monk,windwalker,90,46,44
tyrande,2123,monk,windwalker,66,36,30
silvermoon,2121,monk,windwalker,102,51,51
the-maelstrom,2120,monk,windwalker,78,39,39
dalaran,2051,monk,windwalker,84,53,31
archimonde,2035,monk,windwalker,124,59,65
soulflayer,1984,monk,windwalker,48,30,18
drakthul,1971,monk,windwalker,66,36,30
kazzak,1962,monk,windwalker,70,37,33
outland,1961,monk,windwalker,78,47,31
antonidas,1950,monk,windwalker,54,34,20
aggra-português,1936,monk,windwalker,48,27,21
dentarg,1935,monk,windwalker,66,35,31
ravencrest,1921,monk,windwalker,84,47,37
blackmoore,1919,monk,windwalker,47,27,20
doomhammer,1911,monk,windwalker,46,21,25
draenor,1906,monk,windwalker,30,20,10
dun-morogh,1898,monk,windwalker,42,23,19
twisting-nether,1887,monk,windwalker,77,48,29
ravencrest,1865,monk,windwalker,41,22,19
howling-fjord,1850,monk,windwalker,74,36,38
dragonblight,1847,monk,windwalker,54,26,28
defias-brotherhood,1845,monk,windwalker,90,42,48
gordunni,1840,monk,windwalker,36,21,15
ravencrest,1834,monk,windwalker,42,27,15
ravencrest,1821,monk,windwalker,54,27,27
twisting-nether,1815,monk,windwalker,65,33,32
bloodfeather,1810,monk,windwalker,46,29,17
silvermoon,1810,monk,windwalker,51,31,20
ravencrest,1809,monk,windwalker,48,26,22
soulflayer,1809,monk,windwalker,58,26,32
ravencrest,1807,monk,windwalker,72,38,34
kazzak,1805,monk,windwalker,60,24,36
thermaplugg,1803,monk,windwalker,52,29,23
outland,1803,monk,windwalker,60,30,30
frostwolf,1800,monk,windwalker,30,19,11
argent-dawn,1800,monk,windwalker,42,22,20
aegwynn,1792,monk,windwalker,84,43,41
drakthul,1789,monk,windwalker,54,34,20
howling-fjord,1788,monk,windwalker,95,44,51
blackscar,1781,monk,windwalker,54,25,29
hyjal,1779,monk,windwalker,42,22,20
howling-fjord,1765,monk,windwalker,72,39,33
ravencrest,1761,monk,windwalker,42,23,19
howling-fjord,1757,monk,windwalker,60,32,28
tarren-mill,1740,monk,windwalker,72,38,34
dun-modr,1740,monk,windwalker,42,21,21
nemesis,1738,monk,windwalker,49,25,24
soulflayer,1735,monk,windwalker,54,24,30
grom,1731,monk,windwalker,60,27,33
nagrand,1725,monk,windwalker,42,22,20
archimonde,1719,monk,windwalker,66,29,37
howling-fjord,1710,monk,windwalker,30,18,12
howling-fjord,1692,monk,windwalker,42,22,20
dun-modr,1692,monk,windwalker,36,18,18
drekthar,1685,monk,windwalker,34,22,12
draenor,1683,monk,windwalker,56,26,30
silvermoon,1678,monk,windwalker,101,53,48
ravencrest,1677,monk,windwalker,36,22,14
ravencrest,1671,monk,windwalker,42,23,19
soulflayer,1665,monk,windwalker,66,33,33
outland,1662,monk,windwalker,49,26,23
runetotem,1659,monk,windwalker,48,20,28
deathguard,1656,monk,windwalker,48,28,20
blackmoore,1650,monk,windwalker,42,22,20
alleria,1648,monk,windwalker,97,47,50
eredar,1646,monk,windwalker,50,24,26
howling-fjord,1646,monk,windwalker,54,23,31
argent-dawn,1645,monk,windwalker,42,25,17
draenor,1638,monk,windwalker,36,20,16
draenor,1629,monk,windwalker,36,25,11
ragnaros,1626,monk,windwalker,48,19,29
archimonde,1623,monk,windwalker,36,20,16
kazzak,1623,monk,windwalker,42,22,20
tarren-mill,1608,monk,windwalker,24,17,7
ragnaros,1600,monk,windwalker,36,17,19
outland,1588,monk,windwalker,36,18,18
soulflayer,1571,monk,windwalker,41,18,23
blackrock,1569,monk,windwalker,156,81,75
nemesis,1563,monk,windwalker,36,29,7
hyjal,1559,monk,windwalker,48,27,21
blackscar,1557,monk,windwalker,29,17,12
soulflayer,1557,monk,windwalker,36,17,19
dragonblight,1542,monk,windwalker,60,27,33
blackrock,1537,monk,windwalker,38,20,18
stormscale,1531,monk,windwalker,36,16,20
ravencrest,1528,monk,windwalker,41,29,12
stormrage,1528,monk,windwalker,30,16,14
les-sentinelles,1527,monk,windwalker,30,16,14
antonidas,1519,monk,windwalker,24,16,8
galakrond,1507,monk,windwalker,47,26,21
soulflayer,1507,monk,windwalker,36,16,20
blackscar,1506,monk,windwalker,54,24,30
draenor,1500,monk,windwalker,34,17,17
blackscar,1499,monk,windwalker,48,19,29
blackmoore,1456,monk,windwalker,57,29,28
argent-dawn,1448,monk,windwalker,54,33,21
blackhand,1447,monk,windwalker,23,16,7
blackrock,1439,monk,windwalker,24,15,9
stormscale,1439,monk,windwalker,30,15,15
blackrock,1432,monk,windwalker,30,15,15
ravencrest,1429,monk,windwalker,45,20,25
quelthalas,1422,monk,windwalker,30,15,15
ravencrest,1405,monk,windwalker,54,24,30
blackmoore,1389,monk,windwalker,89,44,45
silvermoon,1379,monk,windwalker,36,17,19
gordunni,1379,monk,windwalker,83,38,45
tarren-mill,1378,monk,windwalker,60,33,27
twisting-nether,1376,monk,windwalker,53,31,22
ysondre,1353,monk,windwalker,128,57,71
howling-fjord,1343,monk,windwalker,72,42,30
tarren-mill,1341,monk,windwalker,30,14,16
blackhand,1339,monk,windwalker,30,14,16
ravencrest,1335,monk,windwalker,92,48,44
kazzak,1329,monk,windwalker,77,37,40
blackmoore,1328,monk,windwalker,24,14,10
ashenvale,1327,monk,windwalker,24,14,10
dun-modr,1317,monk,windwalker,30,14,16
howling-fjord,1296,monk,windwalker,30,17,13
stormscale,1292,monk,windwalker,29,14,15
dalaran,1289,monk,windwalker,29,15,14
stormscale,1248,monk,windwalker,24,13,11
twisting-nether,1248,monk,windwalker,24,13,11
tarren-mill,1247,monk,windwalker,24,13,11
eversong,1247,monk,windwalker,24,13,11
eredar,1247,monk,windwalker,24,13,11
ravencrest,1246,monk,windwalker,30,13,17
blackmoore,1241,monk,windwalker,54,26,28
kazzak,1238,monk,windwalker,24,13,11
twisting-nether,1234,monk,windwalker,29,16,13
doomhammer,1231,monk,windwalker,42,21,21
outland,1222,monk,windwalker,24,13,11
onyxia,1216,monk,windwalker,24,13,11
stormscale,1204,monk,windwalker,28,14,14
hyjal,1203,monk,windwalker,30,13,17
blackhand,1180,monk,windwalker,34,17,17
dalaran,1171,monk,windwalker,35,16,19
tarren-mill,1152,monk,windwalker,24,12,12
soulflayer,1152,monk,windwalker,24,12,12
ashenvale,1152,monk,windwalker,28,13,15
argent-dawn,1151,monk,windwalker,18,12,6
twisting-nether,1151,monk,windwalker,24,12,12
sylvanas,1151,monk,windwalker,24,12,12
howling-fjord,1151,monk,windwalker,30,12,18
ravencrest,1151,monk,windwalker,30,12,18
borean-tundra,1146,monk,windwalker,24,12,12
gordunni,1145,monk,windwalker,153,73,80
hyjal,1137,monk,windwalker,24,12,12
shadowsong,1132,monk,windwalker,24,12,12
antonidas,1100,monk,windwalker,24,12,12
dun-morogh,1090,monk,windwalker,31,14,17
archimonde,1083,monk,windwalker,23,12,11
the-maelstrom,1062,monk,windwalker,22,12,10
blackscar,1056,monk,windwalker,25,11,14
ravencrest,1055,monk,windwalker,18,11,7
thrall,1055,monk,windwalker,24,11,13
aerie-peak,1055,monk,windwalker,24,11,13
sylvanas,1054,monk,windwalker,18,11,7
silvermoon,1054,monk,windwalker,18,11,7
aegwynn,1053,monk,windwalker,12,11,1
ragnaros,1052,monk,windwalker,18,11,7
destromath,1049,monk,windwalker,30,11,19
quelthalas,1049,monk,windwalker,40,13,27
dalaran,1047,monk,windwalker,18,11,7
blackscar,1043,monk,windwalker,24,14,10
twisting-nether,1027,monk,windwalker,18,11,7
howling-fjord,1011,monk,windwalker,28,11,17
gordunni,998,monk,windwalker,30,20,10
magtheridon,998,monk,windwalker,36,18,18
grim-batol,991,monk,windwalker,23,11,12
archimonde,987,monk,windwalker,30,13,17
outland,980,monk,windwalker,25,12,13
howling-fjord,974,monk,windwalker,22,11,11
twisting-nether,960,monk,windwalker,12,10,2
eredar,960,monk,windwalker,18,10,8
stormscale,960,monk,windwalker,18,10,8
stormscale,960,monk,windwalker,18,10,8
ysondre,960,monk,windwalker,18,10,8
eredar,960,monk,windwalker,24,10,14
sanguino,959,monk,windwalker,30,10,20
archimonde,874,monk,windwalker,31,10,21
kazzak,864,monk,windwalker,12,9,3
kazzak,864,monk,windwalker,12,9,3
ragnaros,864,monk,windwalker,12,9,3
draenor,864,monk,windwalker,18,9,9
howling-fjord,864,monk,windwalker,18,9,9
soulflayer,864,monk,windwalker,18,9,9
ysondre,864,monk,windwalker,18,9,9
argent-dawn,864,monk,windwalker,18,9,9
ragnaros,864,monk,windwalker,18,9,9
frostwolf,864,monk,windwalker,18,9,9
ravencrest,864,monk,windwalker,24,9,15
kazzak,863,monk,windwalker,18,9,9
tichondrius,863,monk,windwalker,18,9,9
blackhand,862,monk,windwalker,12,9,3
bladefist,860,monk,windwalker,16,10,6
gordunni,860,monk,windwalker,18,9,9
baelgun,860,monk,windwalker,18,9,9
frostwolf,860,monk,windwalker,18,9,9
stormscale,853,monk,windwalker,18,9,9
doomhammer,844,monk,windwalker,81,27,54
archimonde,815,monk,windwalker,17,9,8
stormscale,768,monk,windwalker,12,8,4
archimonde,768,monk,windwalker,12,8,4
sanguino,768,monk,windwalker,12,8,4
die-aldor,768,monk,windwalker,12,8,4
archimonde,768,monk,windwalker,12,8,4
archimonde,768,monk,windwalker,12,8,4
twisting-nether,768,monk,windwalker,12,8,4
archimonde,768,monk,windwalker,12,8,4
howling-fjord,768,monk,windwalker,18,8,10
tarren-mill,768,monk,windwalker,18,8,10
twisting-nether,768,monk,windwalker,18,8,10
blackrock,768,monk,windwalker,18,8,10
sanguino,768,monk,windwalker,18,8,10
gordunni,767,monk,windwalker,12,8,4
howling-fjord,767,monk,windwalker,18,8,10
arakarahm,766,monk,windwalker,18,8,10
archimonde,764,monk,windwalker,12,8,4
gordunni,761,monk,windwalker,12,8,4
gordunni,735,monk,windwalker,17,8,9
silvermoon,687,monk,windwalker,11,8,3
frostmane,672,monk,windwalker,12,7,5
drakthul,672,monk,windwalker,12,7,5
tarren-mill,672,monk,windwalker,12,7,5
twisting-nether,672,monk,windwalker,12,7,5
howling-fjord,672,monk,windwalker,12,7,5
outland,672,monk,windwalker,12,7,5
kazzak,672,monk,windwalker,12,7,5
ysondre,672,monk,windwalker,12,7,5
nemesis,672,monk,windwalker,12,7,5
stormscale,672,monk,windwalker,18,7,11
shattered-halls,672,monk,windwalker,18,7,11
ragnaros,672,monk,windwalker,18,7,11
burning-legion,672,monk,windwalker,18,7,11
archimonde,672,monk,windwalker,18,7,11
auchindoun,672,monk,windwalker,18,7,11
stormscale,672,monk,windwalker,21,8,13
blackhand,671,monk,windwalker,12,7,5
howling-fjord,671,monk,windwalker,12,7,5
gordunni,671,monk,windwalker,12,7,5
stormscale,671,monk,windwalker,12,7,5
defias-brotherhood,671,monk,windwalker,12,7,5
ysondre,671,monk,windwalker,24,7,17
talnivarr,668,monk,windwalker,12,7,5
ravencrest,639,monk,windwalker,20,8,12
tarren-mill,623,monk,windwalker,11,7,4
archimonde,576,monk,windwalker,6,6,0
nemesis,576,monk,windwalker,6,6,0
draenor,576,monk,windwalker,6,6,0
nemesis,576,monk,windwalker,6,6,0
tarren-mill,576,monk,windwalker,12,6,6
ravencrest,576,monk,windwalker,12,6,6
outland,576,monk,windwalker,12,6,6
laughing-skull,576,monk,windwalker,12,6,6
aegwynn,576,monk,windwalker,12,6,6
gordunni,576,monk,windwalker,12,6,6
blackhand,576,monk,windwalker,12,6,6
soulflayer,576,monk,windwalker,12,6,6
kazzak,576,monk,windwalker,12,6,6
silvermoon,576,monk,windwalker,12,6,6
blackrock,576,monk,windwalker,18,6,12
alakir,576,monk,windwalker,18,6,12
arathi,576,monk,windwalker,18,6,12
ravencrest,576,monk,windwalker,18,6,12
ragnaros,576,monk,windwalker,18,6,12
ragnaros,575,monk,windwalker,12,6,6
kazzak,575,monk,windwalker,12,6,6
blackmoore,573,monk,windwalker,12,6,6
eonar,573,monk,windwalker,24,6,18
argent-dawn,543,monk,windwalker,17,6,11
stormscale,527,monk,windwalker,11,6,5
kazzak,480,monk,windwalker,6,5,1
tarren-mill,480,monk,windwalker,6,5,1
sylvanas,480,monk,windwalker,6,5,1
ragnaros,480,monk,windwalker,6,5,1
ravencrest,480,monk,windwalker,6,5,1
argent-dawn,480,monk,windwalker,6,5,1
twisting-nether,480,monk,windwalker,6,5,1
ravencrest,480,monk,windwalker,6,5,1
burning-legion,480,monk,windwalker,6,5,1
ragnaros,480,monk,windwalker,6,5,1
tarren-mill,480,monk,windwalker,12,5,7
kazzak,480,monk,windwalker,12,5,7
uldum,480,monk,windwalker,12,5,7
argent-dawn,480,monk,windwalker,12,5,7
kazzak,480,monk,windwalker,12,5,7
draenor,480,monk,windwalker,12,5,7
frostmane,480,monk,windwalker,12,5,7
burning-legion,480,monk,windwalker,12,5,7
argent-dawn,480,monk,windwalker,12,5,7
stormscale,480,monk,windwalker,12,5,7
sylvanas,480,monk,windwalker,12,5,7
sylvanas,480,monk,windwalker,12,5,7
gordunni,480,monk,windwalker,12,5,7
stormscale,480,monk,windwalker,12,5,7
dentarg,480,monk,windwalker,12,5,7
blackrock,480,monk,windwalker,12,5,7
gordunni,480,monk,windwalker,12,5,7
aegwynn,480,monk,windwalker,12,5,7
ravencrest,480,monk,windwalker,18,5,13
argent-dawn,479,monk,windwalker,6,5,1
darkspear,477,monk,windwalker,6,5,1
howling-fjord,400,monk,windwalker,7,5,2
ravencrest,399,monk,windwalker,5,5,0
argent-dawn,384,monk,windwalker,6,4,2
aegwynn,384,monk,windwalker,6,4,2
antonidas,384,monk,windwalker,6,4,2
blackrock,384,monk,windwalker,6,4,2
boulderfist,384,monk,windwalker,6,4,2
anachronos,384,monk,windwalker,6,4,2
twilights-hammer,384,monk,windwalker,6,4,2
draenor,384,monk,windwalker,6,4,2
draenor,384,monk,windwalker,6,4,2
ravencrest,384,monk,windwalker,6,4,2
twisting-nether,384,monk,windwalker,6,4,2
twisting-nether,384,monk,windwalker,6,4,2
twisting-nether,384,monk,windwalker,6,4,2
archimonde,384,monk,windwalker,6,4,2
culte-de-la-rive-noire,384,monk,windwalker,6,4,2
thrall,384,monk,windwalker,6,4,2
dalaran,384,monk,windwalker,6,4,2
ragnaros,384,monk,windwalker,6,4,2
mugthol,384,monk,windwalker,6,4,2
ravenholdt,384,monk,windwalker,6,4,2
ragnaros,384,monk,windwalker,6,4,2
ravencrest,384,monk,windwalker,6,4,2
blackhand,384,monk,windwalker,6,4,2
outland,384,monk,windwalker,6,4,2
blackrock,384,monk,windwalker,6,4,2
burning-legion,384,monk,windwalker,9,5,4
twisting-nether,384,monk,windwalker,9,5,4
blackmoore,384,monk,windwalker,12,4,8
tarren-mill,384,monk,windwalker,12,4,8
stormscale,384,monk,windwalker,12,4,8
outland,384,monk,windwalker,12,4,8
ravencrest,384,monk,windwalker,12,4,8
drakthul,384,monk,windwalker,24,4,20
lothar,383,monk,windwalker,6,4,2
sanguino,383,monk,windwalker,12,4,8
howling-fjord,335,monk,windwalker,11,4,7
argent-dawn,319,monk,windwalker,8,4,4
howling-fjord,288,monk,windwalker,6,3,3
ragnaros,288,monk,windwalker,6,3,3
drakthul,288,monk,windwalker,6,3,3
tarren-mill,288,monk,windwalker,6,3,3
ysondre,288,monk,windwalker,6,3,3
outland,288,monk,windwalker,6,3,3
stormreaver,288,monk,windwalker,6,3,3
burning-steppes,288,monk,windwalker,6,3,3
drakthul,288,monk,windwalker,6,3,3
terrordar,288,monk,windwalker,6,3,3
tyrande,288,monk,windwalker,6,3,3
galakrond,288,monk,windwalker,6,3,3
twisting-nether,288,monk,windwalker,6,3,3
kazzak,288,monk,windwalker,6,3,3
twisting-nether,288,monk,windwalker,6,3,3
twisting-nether,288,monk,windwalker,6,3,3
twisting-nether,288,monk,windwalker,6,3,3
hyjal,288,monk,windwalker,6,3,3
tarren-mill,288,monk,windwalker,6,3,3
kazzak,288,monk,windwalker,6,3,3
arathor,288,monk,windwalker,6,3,3
sylvanas,288,monk,windwalker,6,3,3
sylvanas,288,monk,windwalker,6,3,3
outland,288,monk,windwalker,12,3,9
draenor,288,monk,windwalker,12,3,9
blackhand,288,monk,windwalker,12,3,9
ysondre,288,monk,windwalker,12,3,9
gordunni,288,monk,windwalker,12,3,9
darkspear,288,monk,windwalker,12,3,9
ravencrest,288,monk,windwalker,12,3,9
sylvanas,288,monk,windwalker,18,3,15
khaz-modan,287,monk,windwalker,6,3,3
kazzak,239,monk,windwalker,5,3,2
stormscale,234,monk,windwalker,11,5,6
draenor,192,monk,windwalker,4,3,1
hyjal,192,monk,windwalker,4,3,1
nemesis,192,monk,windwalker,6,2,4
twisting-nether,192,monk,windwalker,6,2,4
tarren-mill,192,monk,windwalker,6,2,4
twisting-nether,192,monk,windwalker,6,2,4
argent-dawn,192,monk,windwalker,6,2,4
blackrock,192,monk,windwalker,6,2,4
forscherliga,192,monk,windwalker,6,2,4
dun-modr,192,monk,windwalker,6,2,4
blackmoore,192,monk,windwalker,6,2,4
hyjal,192,monk,windwalker,6,2,4
hyjal,192,monk,windwalker,6,2,4
howling-fjord,192,monk,windwalker,6,2,4
tarren-mill,192,monk,windwalker,6,2,4
hyjal,192,monk,windwalker,6,2,4
ragnaros,192,monk,windwalker,6,2,4
burning-blade,192,monk,windwalker,6,2,4
aszune,192,monk,windwalker,6,2,4
blackhand,192,monk,windwalker,6,2,4
blackmoore,192,monk,windwalker,6,2,4
blackmoore,192,monk,windwalker,6,2,4
ysondre,192,monk,windwalker,6,2,4
ysondre,192,monk,windwalker,6,2,4
draenor,192,monk,windwalker,6,2,4
auchindoun,192,monk,windwalker,6,2,4
burning-legion,192,monk,windwalker,6,2,4
ysondre,192,monk,windwalker,6,2,4
ravencrest,192,monk,windwalker,6,2,4
stormscale,192,monk,windwalker,6,2,4
ravencrest,192,monk,windwalker,6,2,4
ravencrest,192,monk,windwalker,6,2,4
ravencrest,192,monk,windwalker,6,2,4
archimonde,192,monk,windwalker,11,2,9
ravencrest,192,monk,windwalker,12,2,10
gordunni,192,monk,windwalker,12,2,10
blackmoore,191,monk,windwalker,6,2,4
howling-fjord,191,monk,windwalker,10,3,7
drakthul,144,monk,windwalker,3,3,0
blackrock,128,monk,windwalker,4,2,2
archimonde,128,monk,windwalker,10,2,8
burning-legion,96,monk,windwalker,3,2,1
stormscale,96,monk,windwalker,6,1,5
eredar,96,monk,windwalker,6,1,5
soulflayer,96,monk,windwalker,6,1,5
runetotem,96,monk,windwalker,6,1,5
blackhand,96,monk,windwalker,6,1,5
ahnqiraj,96,monk,windwalker,6,1,5
twisting-nether,96,monk,windwalker,6,1,5
blackrock,96,monk,windwalker,6,1,5
ravencrest,96,monk,windwalker,6,1,5
khazgoroth,96,monk,windwalker,6,1,5
blackmoore,96,monk,windwalker,6,1,5
silvermoon,96,monk,windwalker,6,1,5
booty-bay,96,monk,windwalker,6,1,5
thrall,96,monk,windwalker,6,1,5
frostmane,96,monk,windwalker,6,1,5
hyjal,96,monk,windwalker,6,1,5
kazzak,79,monk,windwalker,5,1,4
ravencrest,48,monk,windwalker,3,1,2
argent-dawn,2191,paladin,holy,113,59,54
frostmane,2123,paladin,holy,211,118,93
outland,2001,paladin,holy,94,56,38
ysondre,1915,paladin,holy,102,47,55
burning-legion,1876,paladin,holy,63,28,35
ravencrest,1856,paladin,holy,61,37,24
draenor,1853,paladin,holy,54,25,29
silvermoon,1852,paladin,holy,60,37,23
howling-fjord,1851,paladin,holy,42,25,17
stormscale,1823,paladin,holy,54,28,26
ravencrest,1816,paladin,holy,48,31,17
ravencrest,1812,paladin,holy,54,26,28
anachronos,1809,paladin,holy,48,22,26
archimonde,1807,paladin,holy,70,41,29
tarren-mill,1804,paladin,holy,42,25,17
defias-brotherhood,1773,paladin,holy,83,37,46
archimonde,1771,paladin,holy,48,35,13
blackscar,1727,paladin,holy,70,36,34
runetotem,1717,paladin,holy,75,36,39
tarren-mill,1710,paladin,holy,60,25,35
tarren-mill,1704,paladin,holy,47,29,18
auchindoun,1696,paladin,holy,42,20,22
blackrock,1689,paladin,holy,30,18,12
gordunni,1685,paladin,holy,102,50,52
tarren-mill,1676,paladin,holy,48,23,25
outland,1661,paladin,holy,60,32,28
archimonde,1647,paladin,holy,108,56,52
defias-brotherhood,1647,paladin,holy,54,25,29
kazzak,1638,paladin,holy,48,26,22
aegwynn,1636,paladin,holy,41,20,21
mugthol,1635,paladin,holy,48,25,23
silvermoon,1629,paladin,holy,66,35,31
argent-dawn,1610,paladin,holy,30,17,13
kazzak,1607,paladin,holy,43,20,23
gordunni,1605,paladin,holy,78,45,33
kazzak,1600,paladin,holy,92,44,48
ragnaros,1595,paladin,holy,42,21,21
soulflayer,1587,paladin,holy,48,23,25
ravenholdt,1571,paladin,holy,42,25,17
antonidas,1562,paladin,holy,96,45,51
sylvanas,1557,paladin,holy,34,18,16
soulflayer,1557,paladin,holy,57,30,27
sanguino,1553,paladin,holy,69,29,40
ragnaros,1551,paladin,holy,42,19,23
outland,1543,paladin,holy,47,25,22
blackscar,1543,paladin,holy,83,29,54
howling-fjord,1534,paladin,holy,86,36,50
frostwolf,1533,paladin,holy,69,35,34
ravencrest,1525,paladin,holy,111,59,52
ravencrest,1521,paladin,holy,45,16,29
draenor,1513,paladin,holy,34,22,12
kazzak,1509,paladin,holy,48,28,20
archimonde,1504,paladin,holy,30,16,14
silvermoon,1501,paladin,holy,72,38,34
tarren-mill,1491,paladin,holy,30,17,13
kazzak,1486,paladin,holy,30,16,14
howling-fjord,1486,paladin,holy,60,22,38
sylvanas,1483,paladin,holy,83,39,44
ragnaros,1482,paladin,holy,54,22,32
arygos,1474,paladin,holy,36,17,19
ravencrest,1467,paladin,holy,68,39,29
soulflayer,1466,paladin,holy,48,25,23
bronzebeard,1466,paladin,holy,36,17,19
twisting-nether,1463,paladin,holy,57,32,25
silvermoon,1454,paladin,holy,132,67,65
archimonde,1448,paladin,holy,48,21,27
ravencrest,1439,paladin,holy,33,16,17
ravencrest,1438,paladin,holy,91,38,53
alonsus,1422,paladin,holy,132,64,68
stormscale,1421,paladin,holy,42,20,22
blackrock,1419,paladin,holy,36,18,18
gordunni,1414,paladin,holy,30,15,15
destromath,1408,paladin,holy,104,53,51
gordunni,1400,paladin,holy,52,28,24
ravencrest,1399,paladin,holy,71,31,40
moonglade,1393,paladin,holy,42,19,23
kazzak,1391,paladin,holy,62,20,42
varimathras,1389,paladin,holy,60,29,31
booty-bay,1388,paladin,holy,47,20,27
stormscale,1387,paladin,holy,87,45,42
blackscar,1383,paladin,holy,66,35,31
gordunni,1380,paladin,holy,90,41,49
stormscale,1369,paladin,holy,58,28,30
sargeras,1368,paladin,holy,69,28,41
hyjal,1365,paladin,holy,42,21,21
grim-batol,1352,paladin,holy,39,15,24
gordunni,1351,paladin,holy,108,58,50
dethecus,1351,paladin,holy,36,15,21
blackscar,1351,paladin,holy,45,18,27
silvermoon,1350,paladin,holy,142,65,77
azshara,1349,paladin,holy,48,22,26
argent-dawn,1340,paladin,holy,78,28,50
ravencrest,1338,paladin,holy,24,14,10
galakrond,1334,paladin,holy,18,14,4
stormscale,1333,paladin,holy,48,16,32
blackmoore,1328,paladin,holy,55,36,19
hyjal,1327,paladin,holy,53,26,27
tarren-mill,1321,paladin,holy,24,15,9
ravencrest,1317,paladin,holy,65,31,34
tirion,1299,paladin,holy,30,15,15
doomhammer,1293,paladin,holy,42,16,26
drakthul,1290,paladin,holy,27,19,8
argent-dawn,1281,paladin,holy,36,14,22
sanguino,1277,paladin,holy,60,22,38
gordunni,1276,paladin,holy,29,14,15
gordunni,1268,paladin,holy,39,20,19
gordunni,1267,paladin,holy,48,22,26
stormscale,1263,paladin,holy,36,21,15
blackmoore,1262,paladin,holy,71,36,35
tarren-mill,1252,paladin,holy,91,46,45
twisting-nether,1245,paladin,holy,84,39,45
veknilash,1213,paladin,holy,48,19,29
ravencrest,1192,paladin,holy,94,44,50
blackmoore,1188,paladin,holy,47,13,34
outland,1180,paladin,holy,35,13,22
aegwynn,1175,paladin,holy,57,23,34
argent-dawn,1168,paladin,holy,54,24,30
silvermoon,1167,paladin,holy,42,19,23
outland,1166,paladin,holy,30,14,16
blackmoore,1152,paladin,holy,30,12,18
gorgonnash,1151,paladin,holy,18,12,6
tarren-mill,1151,paladin,holy,30,12,18
ravencrest,1151,paladin,holy,30,12,18
gorgonnash,1150,paladin,holy,30,12,18
soulflayer,1149,paladin,holy,18,12,6
thrall,1149,paladin,holy,18,12,6
twisting-nether,1148,paladin,holy,65,26,39
archimonde,1146,paladin,holy,30,12,18
silvermoon,1141,paladin,holy,30,12,18
kazzak,1140,paladin,holy,18,12,6
chogall,1130,paladin,holy,133,49,84
laughing-skull,1124,paladin,holy,36,15,21
dun-modr,1119,paladin,holy,54,23,31
silvermoon,1111,paladin,holy,97,50,47
kazzak,1109,paladin,holy,82,42,40
antonidas,1086,paladin,holy,88,41,47
tarren-mill,1084,paladin,holy,46,21,25
tarren-mill,1081,paladin,holy,53,24,29
sanguino,1079,paladin,holy,41,19,22
twilights-hammer,1079,paladin,holy,30,12,18
khazgoroth,1075,paladin,holy,53,22,31
malganis,1061,paladin,holy,44,22,22
les-sentinelles,1054,paladin,holy,27,12,15
silvermoon,1052,paladin,holy,24,11,13
dun-modr,1050,paladin,holy,30,11,19
twisting-nether,1048,paladin,holy,18,11,7
stormscale,1044,paladin,holy,36,12,24
thermaplugg,1044,paladin,holy,36,11,25
outland,1043,paladin,holy,37,14,23
hellfire,1042,paladin,holy,18,11,7
aggra-português,1028,paladin,holy,18,11,7
gordunni,1028,paladin,holy,93,41,52
eredar,1022,paladin,holy,47,16,31
kazzak,1015,paladin,holy,24,11,13
burning-legion,1008,paladin,holy,21,12,9
stormscale,1007,paladin,holy,18,12,6
aegwynn,1000,paladin,holy,41,15,26
archimonde,993,paladin,holy,30,19,11
eredar,987,paladin,holy,52,27,25
stormscale,978,paladin,holy,38,15,23
ravencrest,960,paladin,holy,18,10,8
veklor,959,paladin,holy,18,10,8
eredar,958,paladin,holy,36,10,26
outland,953,paladin,holy,25,11,14
draenor,949,paladin,holy,18,10,8
soulflayer,948,paladin,holy,18,10,8
wildhammer,948,paladin,holy,18,10,8
kirin-tor,945,paladin,holy,12,10,2
ragnaros,939,paladin,holy,36,20,16
outland,939,paladin,holy,43,19,24
dun-modr,938,paladin,holy,21,11,10
kirin-tor,938,paladin,holy,28,13,15
darksorrow,922,paladin,holy,30,16,14
grim-batol,908,paladin,holy,24,11,13
gordunni,887,paladin,holy,53,30,23
drakthul,883,paladin,holy,23,12,11
aegwynn,864,paladin,holy,12,9,3
ravencrest,864,paladin,holy,12,9,3
blackmoore,864,paladin,holy,37,14,23
tarren-mill,863,paladin,holy,12,9,3
borean-tundra,863,paladin,holy,18,9,9
blackrock,863,paladin,holy,36,9,27
khaz-modan,862,paladin,holy,26,9,17
soulflayer,861,paladin,holy,18,9,9
tarren-mill,861,paladin,holy,24,9,15
ragnaros,861,paladin,holy,24,9,15
ravencrest,859,paladin,holy,18,9,9
aggra-português,857,paladin,holy,12,9,3
hyjal,856,paladin,holy,18,9,9
tarren-mill,855,paladin,holy,24,9,15
ysondre,853,paladin,holy,18,9,9
arathor,853,paladin,holy,30,9,21
antonidas,852,paladin,holy,24,9,15
aggramar,838,paladin,holy,18,9,9
aegwynn,833,paladin,holy,30,12,18
deathguard,831,paladin,holy,17,9,8
kelthuzad,825,paladin,holy,17,9,8
nemesis,823,paladin,holy,18,9,9
grim-batol,767,paladin,holy,12,8,4
aegwynn,767,paladin,holy,12,8,4
blackhand,767,paladin,holy,12,8,4
gordunni,767,paladin,holy,12,8,4
drakthul,767,paladin,holy,18,8,10
blackhand,767,paladin,holy,18,8,10
drakthul,767,paladin,holy,18,8,10
twisting-nether,767,paladin,holy,18,8,10
thrall,767,paladin,holy,18,8,10
drekthar,767,paladin,holy,19,8,11
draenor,766,paladin,holy,12,8,4
thunderhorn,766,paladin,holy,18,8,10
alakir,766,paladin,holy,18,8,10
ravencrest,765,paladin,holy,18,8,10
argent-dawn,763,paladin,holy,24,8,16
tarren-mill,760,paladin,holy,18,8,10
conseil-des-ombres,757,paladin,holy,12,8,4
howling-fjord,757,paladin,holy,18,8,10
ravencrest,755,paladin,holy,18,8,10
quelthalas,743,paladin,holy,24,8,16
kazzak,701,paladin,holy,26,8,18
xavius,686,paladin,holy,13,8,5
kazzak,672,paladin,holy,12,7,5
zenedar,672,paladin,holy,20,7,13
ravencrest,671,paladin,holy,12,7,5
frostwolf,671,paladin,holy,12,7,5
silvermoon,671,paladin,holy,18,7,11
tarren-mill,671,paladin,holy,18,7,11
stormscale,671,paladin,holy,18,7,11
outland,671,paladin,holy,24,7,17
pozzo-delleternità,670,paladin,holy,18,7,11
talnivarr,668,paladin,holy,18,7,11
argent-dawn,658,paladin,holy,12,7,5
malfurion,658,paladin,holy,12,7,5
pozzo-delleternità,623,paladin,holy,17,7,10
howling-fjord,622,paladin,holy,15,8,7
twisting-nether,576,paladin,holy,12,6,6
ghostlands,576,paladin,holy,12,6,6
burning-legion,576,paladin,holy,12,6,6
blackmoore,576,paladin,holy,12,6,6
howling-fjord,576,paladin,holy,12,6,6
dun-modr,576,paladin,holy,12,6,6
aegwynn,576,paladin,holy,12,6,6
ragnaros,576,paladin,holy,12,6,6
silvermoon,576,paladin,holy,12,6,6
howling-fjord,576,paladin,holy,18,6,12
goldrinn,576,paladin,holy,18,6,12
soulflayer,576,paladin,holy,18,6,12
sylvanas,576,paladin,holy,18,6,12
blackscar,576,paladin,holy,22,7,15
stormscale,576,paladin,holy,24,6,18
blackmoore,575,paladin,holy,12,6,6
dentarg,575,paladin,holy,12,6,6
stormreaver,575,paladin,holy,12,6,6
ravencrest,575,paladin,holy,17,8,9
silvermoon,574,paladin,holy,12,6,6
ravencrest,574,paladin,holy,18,6,12
gorgonnash,573,paladin,holy,12,6,6
kazzak,480,paladin,holy,6,5,1
defias-brotherhood,480,paladin,holy,6,5,1
hellscream,480,paladin,holy,6,5,1
frostmourne,480,paladin,holy,6,5,1
ravencrest,480,paladin,holy,12,5,7
aszune,480,paladin,holy,12,5,7
uldum,480,paladin,holy,12,5,7
tarren-mill,480,paladin,holy,12,5,7
outland,480,paladin,holy,12,5,7
kazzak,480,paladin,holy,12,5,7
tarren-mill,480,paladin,holy,12,5,7
stormscale,480,paladin,holy,12,5,7
gordunni,480,paladin,holy,12,5,7
draenor,480,paladin,holy,18,5,13
stormscale,480,paladin,holy,18,5,13
echsenkessel,480,paladin,holy,18,5,13
gordunni,480,paladin,holy,18,5,13
dalaran,480,paladin,holy,18,5,13
thrall,480,paladin,holy,18,5,13
eredar,479,paladin,holy,12,5,7
archimonde,479,paladin,holy,12,5,7
dentarg,478,paladin,holy,18,5,13
tarren-mill,476,paladin,holy,13,5,8
dalaran,476,paladin,holy,18,5,13
antonidas,472,paladin,holy,12,5,7
gordunni,426,paladin,holy,21,6,15
ravencrest,426,paladin,holy,24,6,18
dun-modr,384,paladin,holy,6,4,2
thrall,384,paladin,holy,6,4,2
tarren-mill,384,paladin,holy,6,4,2
dentarg,384,paladin,holy,6,4,2
blackscar,384,paladin,holy,6,4,2
eredar,384,paladin,holy,6,4,2
ravencrest,384,paladin,holy,6,4,2
argent-dawn,384,paladin,holy,6,4,2
turalyon,384,paladin,holy,12,4,8
grim-batol,384,paladin,holy,12,4,8
zenedar,384,paladin,holy,12,4,8
aegwynn,384,paladin,holy,12,4,8
burning-legion,384,paladin,holy,12,4,8
balnazzar,384,paladin,holy,12,4,8
frostmane,384,paladin,holy,12,4,8
tarren-mill,384,paladin,holy,12,4,8
kazzak,384,paladin,holy,12,4,8
stormscale,384,paladin,holy,12,4,8
ravencrest,384,paladin,holy,12,4,8
ravencrest,384,paladin,holy,12,4,8
hyjal,384,paladin,holy,12,4,8
the-maelstrom,384,paladin,holy,12,4,8
hyjal,384,paladin,holy,12,4,8
howling-fjord,384,paladin,holy,18,4,14
blackrock,383,paladin,holy,6,4,2
bloodhoof,383,paladin,holy,12,4,8
elune,383,paladin,holy,12,4,8
los-errantes,383,paladin,holy,12,4,8
elune,383,paladin,holy,12,4,8
draenor,383,paladin,holy,18,4,14
dun-modr,383,paladin,holy,18,4,14
dun-morogh,383,paladin,holy,18,4,14
draenor,382,paladin,holy,12,4,8
sanguino,320,paladin,holy,16,4,12
kazzak,319,paladin,holy,11,4,7
aegwynn,288,paladin,holy,6,3,3
drakthul,288,paladin,holy,6,3,3
argent-dawn,288,paladin,holy,6,3,3
blackmoore,288,paladin,holy,6,3,3
hyjal,288,paladin,holy,6,3,3
howling-fjord,288,paladin,holy,6,3,3
outland,288,paladin,holy,6,3,3
blackrock,288,paladin,holy,6,3,3
draenor,288,paladin,holy,6,3,3
gorgonnash,288,paladin,holy,6,3,3
dun-modr,288,paladin,holy,6,3,3
ysondre,288,paladin,holy,6,3,3
stormscale,288,paladin,holy,6,3,3
blackrock,288,paladin,holy,6,3,3
soulflayer,288,paladin,holy,6,3,3
borean-tundra,288,paladin,holy,6,3,3
gordunni,288,paladin,holy,6,3,3
die-aldor,288,paladin,holy,6,3,3
soulflayer,288,paladin,holy,9,3,6
sanguino,288,paladin,holy,12,3,9
archimonde,288,paladin,holy,12,3,9
argent-dawn,288,paladin,holy,12,3,9
ragnaros,288,paladin,holy,12,3,9
tarren-mill,288,paladin,holy,12,3,9
die-nachtwache,288,paladin,holy,12,3,9
twisting-nether,288,paladin,holy,12,3,9
aggra-português,288,paladin,holy,12,3,9
draenor,288,paladin,holy,12,3,9
lich-king,288,paladin,holy,18,3,15
lich-king,287,paladin,holy,6,3,3
the-maelstrom,287,paladin,holy,6,3,3
alakir,287,paladin,holy,6,3,3
argent-dawn,287,paladin,holy,12,3,9
draenor,287,paladin,holy,12,3,9
blackrock,287,paladin,holy,12,3,9
soulflayer,286,paladin,holy,6,3,3
archimonde,256,paladin,holy,4,4,0
ysondre,239,paladin,holy,5,3,2
dragonblight,234,paladin,holy,7,4,3
blackrock,234,paladin,holy,9,4,5
ravencrest,234,paladin,holy,17,5,12
tarren-mill,234,paladin,holy,14,4,10
archimonde,234,paladin,holy,20,4,16
antonidas,192,paladin,holy,6,2,4
drakthul,192,paladin,holy,6,2,4
tarren-mill,192,paladin,holy,6,2,4
stormscale,192,paladin,holy,6,2,4
ragnaros,192,paladin,holy,6,2,4
karazhan,192,paladin,holy,6,2,4
ravencrest,192,paladin,holy,6,2,4
blackscar,192,paladin,holy,6,2,4
kazzak,192,paladin,holy,6,2,4
soulflayer,192,paladin,holy,6,2,4
twisting-nether,192,paladin,holy,6,2,4
terenas,192,paladin,holy,6,2,4
defias-brotherhood,192,paladin,holy,6,2,4
argent-dawn,192,paladin,holy,6,2,4
draenor,192,paladin,holy,6,2,4
kilrogg,192,paladin,holy,6,2,4
nordrassil,192,paladin,holy,6,2,4
confrérie-du-thorium,192,paladin,holy,6,2,4
emerald-dream,192,paladin,holy,6,2,4
gordunni,192,paladin,holy,6,2,4
culte-de-la-rive-noire,192,paladin,holy,6,2,4
sylvanas,192,paladin,holy,6,2,4
argent-dawn,192,paladin,holy,12,2,10
ravencrest,192,paladin,holy,12,2,10
howling-fjord,192,paladin,holy,12,2,10
kazzak,192,paladin,holy,12,2,10
stormscale,192,paladin,holy,12,2,10
deathwing,191,paladin,holy,6,2,4
blackmoore,191,paladin,holy,6,2,4
tarren-mill,138,paladin,holy,14,3,11
ashenvale,96,paladin,holy,6,1,5
sylvanas,96,paladin,holy,6,1,5
silvermoon,96,paladin,holy,6,1,5
blackmoore,96,paladin,holy,6,1,5
khaz-modan,96,paladin,holy,6,1,5
tarren-mill,96,paladin,holy,6,1,5
ragnaros,96,paladin,holy,6,1,5
ravencrest,96,paladin,holy,6,1,5
stormscale,96,paladin,holy,6,1,5
ahnqiraj,96,paladin,holy,6,1,5
twisting-nether,96,paladin,holy,6,1,5
aegwynn,96,paladin,holy,6,1,5
dun-modr,96,paladin,holy,6,1,5
frostmane,96,paladin,holy,6,1,5
norgannon,96,paladin,holy,6,1,5
aegwynn,96,paladin,holy,6,1,5
frostwolf,96,paladin,holy,6,1,5
ravencrest,96,paladin,holy,6,1,5
antonidas,96,paladin,holy,12,1,11
silvermoon,96,paladin,holy,12,1,11
das-syndikat,95,paladin,holy,6,1,5
argent-dawn,42,paladin,holy,9,2,7
kazzak,2189,paladin,retribution,83,46,37
ravencrest,2108,paladin,retribution,48,34,14
ravencrest,2106,paladin,retribution,100,49,51
blackrock,2066,paladin,retribution,64,35,29
magtheridon,2022,paladin,retribution,66,35,31
argent-dawn,1986,paladin,retribution,122,66,56
tarren-mill,1985,paladin,retribution,72,36,36
howling-fjord,1945,paladin,retribution,77,39,38
ravencrest,1917,paladin,retribution,92,39,53
ravencrest,1906,paladin,retribution,54,29,25
howling-fjord,1886,paladin,retribution,66,27,39
gordunni,1881,paladin,retribution,25,21,4
gordunni,1876,paladin,retribution,60,30,30
the-maelstrom,1872,paladin,retribution,60,31,29
gordunni,1866,paladin,retribution,48,26,22
aegwynn,1859,paladin,retribution,72,32,40
gordunni,1853,paladin,retribution,77,34,43
twisting-nether,1851,paladin,retribution,72,31,41
blackhand,1848,paladin,retribution,102,47,55
kult-der-verdammten,1844,paladin,retribution,78,47,31
howling-fjord,1843,paladin,retribution,66,34,32
sylvanas,1843,paladin,retribution,84,43,41
kazzak,1839,paladin,retribution,96,46,50
twisting-nether,1831,paladin,retribution,125,61,64
outland,1829,paladin,retribution,66,31,35
stormscale,1826,paladin,retribution,66,32,34
stormscale,1825,paladin,retribution,70,33,37
ravencrest,1823,paladin,retribution,66,30,36
ravencrest,1816,paladin,retribution,36,19,17
burning-legion,1814,paladin,retribution,60,23,37
ravencrest,1813,paladin,retribution,121,67,54
blackrock,1811,paladin,retribution,31,20,11
borean-tundra,1810,paladin,retribution,66,36,30
tarren-mill,1810,paladin,retribution,66,29,37
archimonde,1808,paladin,retribution,53,23,30
blackmoore,1807,paladin,retribution,89,39,50
twisting-nether,1806,paladin,retribution,99,46,53
stormscale,1805,paladin,retribution,61,30,31
archimonde,1802,paladin,retribution,90,41,49
archimonde,1802,paladin,retribution,60,26,34
burning-legion,1800,paladin,retribution,60,28,32
hyjal,1795,paladin,retribution,24,19,5
argent-dawn,1782,paladin,retribution,48,24,24
stormscale,1771,paladin,retribution,33,20,13
eversong,1771,paladin,retribution,59,27,32
blackhand,1767,paladin,retribution,60,28,32
thrall,1761,paladin,retribution,54,29,25
silvermoon,1759,paladin,retribution,42,24,18
blackscar,1759,paladin,retribution,54,25,29
gordunni,1758,paladin,retribution,83,41,42
gordunni,1755,paladin,retribution,59,28,31
defias-brotherhood,1745,paladin,retribution,102,61,41
kazzak,1745,paladin,retribution,36,20,16
kazzak,1742,paladin,retribution,134,69,65
ravencrest,1733,paladin,retribution,53,22,31
argent-dawn,1732,paladin,retribution,65,30,35
tarren-mill,1723,paladin,retribution,36,24,12
sylvanas,1723,paladin,retribution,48,25,23
archimonde,1720,paladin,retribution,113,53,60
argent-dawn,1718,paladin,retribution,78,33,45
blackmoore,1713,paladin,retribution,30,18,12
tarren-mill,1704,paladin,retribution,60,36,24
tarren-mill,1704,paladin,retribution,53,24,29
thrall,1704,paladin,retribution,60,24,36
blackscar,1704,paladin,retribution,72,28,44
archimonde,1702,paladin,retribution,36,21,15
draenor,1701,paladin,retribution,102,48,54
howling-fjord,1700,paladin,retribution,44,27,17
xavius,1698,paladin,retribution,45,22,23
twisting-nether,1696,paladin,retribution,53,28,25
ravencrest,1695,paladin,retribution,60,25,35
stormscale,1694,paladin,retribution,51,23,28
ravencrest,1693,paladin,retribution,47,24,23
kazzak,1688,paladin,retribution,30,20,10
grim-batol,1688,paladin,retribution,53,23,30
stormscale,1688,paladin,retribution,48,20,28
booty-bay,1687,paladin,retribution,59,24,35
ravencrest,1687,paladin,retribution,54,20,34
silvermoon,1685,paladin,retribution,84,39,45
silvermoon,1681,paladin,retribution,47,18,29
blackrock,1681,paladin,retribution,84,32,52
gordunni,1678,paladin,retribution,36,21,15
gordunni,1678,paladin,retribution,48,27,21
azuregos,1677,paladin,retribution,50,26,24
howling-fjord,1676,paladin,retribution,42,21,21
silvermoon,1672,paladin,retribution,48,21,27
ravencrest,1670,paladin,retribution,85,34,51
gordunni,1666,paladin,retribution,49,28,21
nemesis,1662,paladin,retribution,42,19,23
sylvanas,1659,paladin,retribution,53,35,18
howling-fjord,1657,paladin,retribution,38,21,17
soulflayer,1654,paladin,retribution,54,26,28
sanguino,1651,paladin,retribution,60,29,31
outland,1646,paladin,retribution,32,23,9
dragonblight,1633,paladin,retribution,54,23,31
ravencrest,1629,paladin,retribution,44,26,18
gordunni,1628,paladin,retribution,59,21,38
gordunni,1627,paladin,retribution,36,17,19
bloodfeather,1623,paladin,retribution,47,26,21
kazzak,1623,paladin,retribution,48,17,31
razuvious,1622,paladin,retribution,80,36,44
blackrock,1621,paladin,retribution,36,19,17
sylvanas,1618,paladin,retribution,36,20,16
quelthalas,1618,paladin,retribution,42,17,25
aggra-português,1617,paladin,retribution,42,20,22
goldrinn,1616,paladin,retribution,30,17,13
archimonde,1615,paladin,retribution,42,22,20
ravencrest,1614,paladin,retribution,42,23,19
outland,1613,paladin,retribution,66,26,40
sylvanas,1611,paladin,retribution,30,19,11
blackmoore,1610,paladin,retribution,43,21,22
xavius,1610,paladin,retribution,42,18,24
kazzak,1601,paladin,retribution,24,20,4
outland,1600,paladin,retribution,96,59,37
silvermoon,1590,paladin,retribution,50,28,22
ravencrest,1587,paladin,retribution,48,25,23
blackmoore,1573,paladin,retribution,72,46,26
soulflayer,1573,paladin,retribution,41,21,20
dun-modr,1572,paladin,retribution,42,18,24
tarren-mill,1567,paladin,retribution,42,18,24
twisting-nether,1565,paladin,retribution,61,36,25
ravencrest,1564,paladin,retribution,68,28,40
kazzak,1563,paladin,retribution,24,18,6
stormscale,1549,paladin,retribution,105,52,53
chamber-of-aspects,1548,paladin,retribution,78,42,36
howling-fjord,1547,paladin,retribution,41,18,23
silvermoon,1546,paladin,retribution,24,17,7
gordunni,1537,paladin,retribution,60,34,26
blackrock,1534,paladin,retribution,49,29,20
archimonde,1533,paladin,retribution,33,17,16
draenor,1531,paladin,retribution,118,53,65
blackmoore,1530,paladin,retribution,42,16,26
aggra-português,1529,paladin,retribution,24,16,8
kazzak,1528,paladin,retribution,66,30,36
antonidas,1521,paladin,retribution,76,40,36
stormscale,1520,paladin,retribution,37,19,18
ravencrest,1520,paladin,retribution,42,16,26
nemesis,1518,paladin,retribution,48,24,24
gordunni,1518,paladin,retribution,36,16,20
magtheridon,1517,paladin,retribution,61,31,30
sylvanas,1515,paladin,retribution,60,30,30
eredar,1512,paladin,retribution,45,25,20
twisting-nether,1512,paladin,retribution,71,29,42
grim-batol,1511,paladin,retribution,30,16,14
blackscar,1509,paladin,retribution,45,19,26
twisting-nether,1508,paladin,retribution,42,20,22
blackrock,1506,paladin,retribution,30,16,14
antonidas,1500,paladin,retribution,42,20,22
twisting-nether,1498,paladin,retribution,72,32,40
ragnaros,1494,paladin,retribution,84,29,55
ghostlands,1492,paladin,retribution,24,16,8
azshara,1491,paladin,retribution,29,16,13
darksorrow,1490,paladin,retribution,104,46,58
galakrond,1488,paladin,retribution,52,17,35
ragnaros,1485,paladin,retribution,39,24,15
silvermoon,1485,paladin,retribution,48,25,23
stormscale,1483,paladin,retribution,42,25,17
lich-king,1480,paladin,retribution,43,21,22
grom,1478,paladin,retribution,72,30,42
ravencrest,1472,paladin,retribution,24,16,8
arathor,1467,paladin,retribution,140,78,62
dun-modr,1462,paladin,retribution,30,19,11
howling-fjord,1457,paladin,retribution,81,38,43
draenor,1456,paladin,retribution,30,17,13
hyjal,1455,paladin,retribution,42,17,25
gordunni,1454,paladin,retribution,48,17,31
doomhammer,1452,paladin,retribution,60,33,27
stormscale,1448,paladin,retribution,54,20,34
silvermoon,1444,paladin,retribution,50,28,22
dragonblight,1443,paladin,retribution,30,19,11
archimonde,1439,paladin,retribution,30,15,15
gordunni,1436,paladin,retribution,24,15,9
silvermoon,1436,paladin,retribution,36,15,21
pozzo-delleternità,1435,paladin,retribution,30,15,15
hyjal,1433,paladin,retribution,42,15,27
doomhammer,1432,paladin,retribution,30,15,15
silvermoon,1431,paladin,retribution,24,15,9
aegwynn,1427,paladin,retribution,24,17,7
kazzak,1427,paladin,retribution,78,39,39
vashj,1425,paladin,retribution,54,27,27
ravencrest,1420,paladin,retribution,18,15,3
onyxia,1419,paladin,retribution,42,16,26
minahonda,1407,paladin,retribution,35,20,15
ghostlands,1407,paladin,retribution,30,15,15
gordunni,1405,paladin,retribution,36,22,14
eredar,1404,paladin,retribution,48,27,21
kazzak,1403,paladin,retribution,74,35,39
gordunni,1396,paladin,retribution,33,18,15
frostmane,1395,paladin,retribution,24,16,8
eredar,1391,paladin,retribution,42,15,27
draenor,1375,paladin,retribution,48,25,23
gordunni,1375,paladin,retribution,66,16,50
argent-dawn,1374,paladin,retribution,54,29,25
antonidas,1373,paladin,retribution,30,16,14
aegwynn,1372,paladin,retribution,42,16,26
rexxar,1372,paladin,retribution,42,15,27
kazzak,1367,paladin,retribution,60,29,31
gordunni,1364,paladin,retribution,54,29,25
soulflayer,1362,paladin,retribution,50,29,21
gordunni,1359,paladin,retribution,58,29,29
gordunni,1358,paladin,retribution,60,20,40
howling-fjord,1354,paladin,retribution,48,27,21
blackhand,1354,paladin,retribution,36,20,16
stormscale,1353,paladin,retribution,42,19,23
gordunni,1352,paladin,retribution,77,35,42
dun-modr,1350,paladin,retribution,36,20,16
silvermoon,1343,paladin,retribution,36,18,18
nordrassil,1342,paladin,retribution,24,14,10
eversong,1342,paladin,retribution,30,14,16
ravencrest,1342,paladin,retribution,36,14,22
twilights-hammer,1341,paladin,retribution,58,30,28
dethecus,1341,paladin,retribution,30,14,16
draenor,1339,paladin,retribution,33,14,19
howling-fjord,1339,paladin,retribution,42,14,28
greymane,1338,paladin,retribution,30,14,16
blackmoore,1338,paladin,retribution,30,14,16
howling-fjord,1335,paladin,retribution,36,14,22
twisting-nether,1335,paladin,retribution,36,14,22
tarren-mill,1332,paladin,retribution,50,26,24
soulflayer,1332,paladin,retribution,32,14,18
draenor,1331,paladin,retribution,24,14,10
ravencrest,1326,paladin,retribution,30,14,16
shattrath,1320,paladin,retribution,96,49,47
alonsus,1316,paladin,retribution,30,14,16
gordunni,1309,paladin,retribution,26,15,11
ragnaros,1308,paladin,retribution,35,14,21
aggra-português,1306,paladin,retribution,23,14,9
twilights-hammer,1303,paladin,retribution,35,15,20
ravencrest,1301,paladin,retribution,36,17,19
khaz-modan,1300,paladin,retribution,30,15,15
burning-legion,1299,paladin,retribution,41,23,18
sanguino,1295,paladin,retribution,22,16,6
antonidas,1291,paladin,retribution,96,43,53
shattered-halls,1290,paladin,retribution,48,14,34
soulflayer,1287,paladin,retribution,23,14,9
blackmoore,1285,paladin,retribution,31,21,10
blackmoore,1284,paladin,retribution,59,28,31
silvermoon,1284,paladin,retribution,41,15,26
antonidas,1281,paladin,retribution,93,43,50
stormscale,1280,paladin,retribution,41,16,25
ysondre,1278,paladin,retribution,68,34,34
thrall,1269,paladin,retribution,31,14,17
lich-king,1268,paladin,retribution,45,21,24
gordunni,1267,paladin,retribution,30,16,14
burning-legion,1257,paladin,retribution,35,20,15
les-clairvoyants,1253,paladin,retribution,32,14,18
outland,1249,paladin,retribution,36,19,17
archimonde,1248,paladin,retribution,30,13,17
runetotem,1247,paladin,retribution,24,13,11
kazzak,1247,paladin,retribution,24,13,11
aegwynn,1247,paladin,retribution,24,13,11
drakthul,1247,paladin,retribution,30,16,14
hyjal,1247,paladin,retribution,42,16,26
the-maelstrom,1247,paladin,retribution,36,13,23
blackmoore,1246,paladin,retribution,18,13,5
die-aldor,1245,paladin,retribution,30,13,17
destromath,1244,paladin,retribution,36,13,23
silvermoon,1242,paladin,retribution,24,13,11
archimonde,1242,paladin,retribution,30,13,17
hyjal,1241,paladin,retribution,42,13,29
zuljin,1238,paladin,retribution,24,13,11
kazzak,1235,paladin,retribution,36,13,23
doomhammer,1233,paladin,retribution,27,14,13
talnivarr,1227,paladin,retribution,18,13,5
soulflayer,1227,paladin,retribution,30,13,17
soulflayer,1226,paladin,retribution,24,13,11
frostmane,1221,paladin,retribution,50,26,24
galakrond,1220,paladin,retribution,30,13,17
naxxramas,1219,paladin,retribution,30,13,17
khaz-modan,1217,paladin,retribution,42,20,22
tarren-mill,1215,paladin,retribution,30,13,17
ulduar,1209,paladin,retribution,24,15,9
tichondrius,1209,paladin,retribution,22,13,9
ragnaros,1209,paladin,retribution,40,19,21
aggra-português,1208,paladin,retribution,24,13,11
blackscar,1204,paladin,retribution,48,25,23
gordunni,1201,paladin,retribution,46,20,26
outland,1198,paladin,retribution,23,13,10
sanguino,1193,paladin,retribution,29,13,16
silvermoon,1193,paladin,retribution,36,13,23
tarren-mill,1189,paladin,retribution,27,16,11
ravencrest,1185,paladin,retribution,35,13,22
blackmoore,1166,paladin,retribution,36,16,20
tarren-mill,1153,paladin,retribution,48,26,22
twisting-nether,1152,paladin,retribution,18,12,6
blackrock,1152,paladin,retribution,24,12,12
hyjal,1152,paladin,retribution,29,12,17
ravencrest,1151,paladin,retribution,18,12,6
ravencrest,1151,paladin,retribution,24,12,12
twisting-nether,1151,paladin,retribution,30,12,18
ravencrest,1150,paladin,retribution,24,12,12
nemesis,1150,paladin,retribution,24,12,12
stormscale,1150,paladin,retribution,24,12,12
sylvanas,1149,paladin,retribution,24,12,12
tarren-mill,1149,paladin,retribution,24,12,12
hyjal,1149,paladin,retribution,30,12,18
twisting-nether,1148,paladin,retribution,24,12,12
kazzak,1147,paladin,retribution,33,13,20
sylvanas,1146,paladin,retribution,24,12,12
howling-fjord,1146,paladin,retribution,25,12,13
kazzak,1145,paladin,retribution,30,14,16
argent-dawn,1144,paladin,retribution,18,12,6
boulderfist,1139,paladin,retribution,30,12,18
drakthul,1139,paladin,retribution,30,12,18
gordunni,1133,paladin,retribution,24,12,12
antonidas,1132,paladin,retribution,29,12,17
burning-legion,1130,paladin,retribution,45,25,20
aszune,1126,paladin,retribution,24,12,12
kazzak,1125,paladin,retribution,42,13,29
dun-modr,1121,paladin,retribution,18,12,6
ahnqiraj,1112,paladin,retribution,30,14,16
blackmoore,1109,paladin,retribution,25,12,13
hyjal,1105,paladin,retribution,76,34,42
elune,1104,paladin,retribution,27,12,15
argent-dawn,1080,paladin,retribution,72,37,35
gordunni,1077,paladin,retribution,28,12,16
deathguard,1062,paladin,retribution,23,12,11
frostwolf,1059,paladin,retribution,30,15,15
turalyon,1058,paladin,retribution,30,13,17
silvermoon,1056,paladin,retribution,18,11,7
ragnaros,1056,paladin,retribution,18,11,7
silvermoon,1056,paladin,retribution,25,13,12
archimonde,1055,paladin,retribution,24,11,13
silvermoon,1055,paladin,retribution,24,11,13
blackmoore,1055,paladin,retribution,30,11,19
archimonde,1055,paladin,retribution,30,11,19
howling-fjord,1054,paladin,retribution,12,11,1
blackrock,1054,paladin,retribution,18,11,7
silvermoon,1054,paladin,retribution,18,11,7
tarren-mill,1054,paladin,retribution,24,11,13
hyjal,1054,paladin,retribution,30,11,19
nemesis,1053,paladin,retribution,18,11,7
draenor,1053,paladin,retribution,18,11,7
kazzak,1053,paladin,retribution,24,11,13
eversong,1052,paladin,retribution,18,11,7
blackmoore,1052,paladin,retribution,24,11,13
ravencrest,1052,paladin,retribution,27,12,15
howling-fjord,1052,paladin,retribution,30,11,19
ysondre,1051,paladin,retribution,24,11,13
tarren-mill,1046,paladin,retribution,128,64,64
stormscale,1044,paladin,retribution,24,12,12
archimonde,1044,paladin,retribution,36,13,23
nemesis,1044,paladin,retribution,42,11,31
soulflayer,1043,paladin,retribution,36,11,25
silvermoon,1038,paladin,retribution,28,12,16
kazzak,1037,paladin,retribution,23,11,12
ravencrest,1035,paladin,retribution,22,12,10
stormreaver,1035,paladin,retribution,30,11,19
draenor,1034,paladin,retribution,24,11,13
sylvanas,1031,paladin,retribution,18,11,7
garona,1029,paladin,retribution,24,11,13
doomhammer,1027,paladin,retribution,24,12,12
gordunni,1026,paladin,retribution,55,22,33
archimonde,1024,paladin,retribution,22,11,11
tarren-mill,1024,paladin,retribution,28,11,17
shattered-hand,1018,paladin,retribution,24,13,11
archimonde,1014,paladin,retribution,34,15,19
blackmoore,1010,paladin,retribution,30,13,17
twisting-nether,1007,paladin,retribution,23,11,12
khaz-modan,1004,paladin,retribution,33,18,15
nozdormu,1004,paladin,retribution,25,13,12
dalaran,997,paladin,retribution,84,43,41
garona,991,paladin,retribution,43,23,20
kazzak,989,paladin,retribution,20,11,9
archimonde,984,paladin,retribution,26,11,15
burning-blade,982,paladin,retribution,23,11,12
dalaran,962,paladin,retribution,19,11,8
archimonde,960,paladin,retribution,18,10,8
stormscale,960,paladin,retribution,18,10,8
howling-fjord,959,paladin,retribution,18,10,8
twisting-nether,959,paladin,retribution,18,10,8
tarren-mill,959,paladin,retribution,18,10,8
ravencrest,959,paladin,retribution,18,10,8
ravencrest,959,paladin,retribution,18,10,8
howling-fjord,959,paladin,retribution,24,10,14
ravencrest,959,paladin,retribution,36,10,26
grim-batol,958,paladin,retribution,18,10,8
twisting-nether,958,paladin,retribution,18,10,8
tarren-mill,958,paladin,retribution,18,10,8
dun-morogh,958,paladin,retribution,18,10,8
frostwolf,958,paladin,retribution,30,10,20
archimonde,957,paladin,retribution,30,11,19
hyjal,956,paladin,retribution,18,10,8
blackhand,956,paladin,retribution,24,10,14
blackrock,955,paladin,retribution,49,19,30
defias-brotherhood,954,paladin,retribution,18,10,8
uldum,952,paladin,retribution,18,10,8
aggra-português,952,paladin,retribution,23,10,13
gordunni,951,paladin,retribution,18,10,8
sinstralis,950,paladin,retribution,18,10,8
galakrond,948,paladin,retribution,24,10,14
kazzak,947,paladin,retribution,18,10,8
kul-tiras,945,paladin,retribution,19,10,9
argent-dawn,941,paladin,retribution,36,20,16
arthas,933,paladin,retribution,18,10,8
kazzak,927,paladin,retribution,23,10,13
silvermoon,926,paladin,retribution,23,10,13
silvermoon,913,paladin,retribution,30,10,20
nemesis,911,paladin,retribution,27,11,16
twilights-hammer,909,paladin,retribution,24,12,12
khaz-modan,880,paladin,retribution,20,10,10
argent-dawn,864,paladin,retribution,12,9,3
burning-legion,864,paladin,retribution,12,9,3
tarren-mill,864,paladin,retribution,12,9,3
kazzak,864,paladin,retribution,18,9,9
soulflayer,864,paladin,retribution,18,9,9
howling-fjord,864,paladin,retribution,18,9,9
sylvanas,864,paladin,retribution,18,9,9
sunstrider,864,paladin,retribution,22,10,12
howling-fjord,864,paladin,retribution,24,9,15
burning-legion,864,paladin,retribution,24,9,15
soulflayer,864,paladin,retribution,24,9,15
zuljin,864,paladin,retribution,24,9,15
zenedar,864,paladin,retribution,30,9,21
nerathor,863,paladin,retribution,12,9,3
archimonde,863,paladin,retribution,12,9,3
antonidas,863,paladin,retribution,12,9,3
ravenholdt,863,paladin,retribution,18,9,9
draenor,863,paladin,retribution,18,9,9
silvermoon,863,paladin,retribution,18,9,9
gordunni,863,paladin,retribution,18,9,9
arathor,863,paladin,retribution,18,9,9
drakthul,863,paladin,retribution,24,9,15
twisting-nether,863,paladin,retribution,30,9,21
gordunni,862,paladin,retribution,12,9,3
thrall,862,paladin,retribution,12,9,3
argent-dawn,862,paladin,retribution,12,9,3
gordunni,862,paladin,retribution,24,9,15
gordunni,861,paladin,retribution,18,9,9
silvermoon,860,paladin,retribution,18,9,9
sanguino,858,paladin,retribution,18,9,9
nathrezim,858,paladin,retribution,18,9,9
veknilash,857,paladin,retribution,18,9,9
turalyon,851,paladin,retribution,18,9,9
dun-modr,850,paladin,retribution,24,9,15
die-todeskrallen,847,paladin,retribution,30,11,19
outland,847,paladin,retribution,29,9,20
khaz-modan,826,paladin,retribution,18,9,9
defias-brotherhood,794,paladin,retribution,48,19,29
malganis,784,paladin,retribution,19,9,10
nemesis,768,paladin,retribution,12,8,4
blackrock,768,paladin,retribution,12,8,4
stormscale,768,paladin,retribution,12,8,4
blackmoore,768,paladin,retribution,16,9,7
draenor,768,paladin,retribution,18,8,10
ravencrest,768,paladin,retribution,18,8,10
dragonblight,768,paladin,retribution,18,8,10
kilrogg,768,paladin,retribution,18,8,10
gordunni,768,paladin,retribution,18,8,10
dun-modr,768,paladin,retribution,18,8,10
ravencrest,768,paladin,retribution,18,8,10
twisting-nether,768,paladin,retribution,18,8,10
burning-blade,768,paladin,retribution,18,8,10
soulflayer,768,paladin,retribution,18,8,10
aegwynn,768,paladin,retribution,18,8,10
sanguino,768,paladin,retribution,18,8,10
silvermoon,768,paladin,retribution,18,8,10
ravencrest,768,paladin,retribution,24,8,16
gordunni,768,paladin,retribution,24,8,16
ravencrest,768,paladin,retribution,24,8,16
aegwynn,768,paladin,retribution,24,8,16
argent-dawn,768,paladin,retribution,30,8,22
ragnaros,768,paladin,retribution,30,8,22
turalyon,767,paladin,retribution,12,8,4
blackmoore,767,paladin,retribution,12,8,4
kazzak,767,paladin,retribution,12,8,4
tarren-mill,767,paladin,retribution,12,8,4
argent-dawn,767,paladin,retribution,12,8,4
frostmane,767,paladin,retribution,18,8,10
ragnaros,767,paladin,retribution,18,8,10
silvermoon,767,paladin,retribution,18,8,10
ravencrest,767,paladin,retribution,18,8,10
draenor,767,paladin,retribution,18,8,10
gordunni,767,paladin,retribution,24,8,16
argent-dawn,766,paladin,retribution,12,8,4
ravencrest,766,paladin,retribution,12,8,4
outland,766,paladin,retribution,21,9,12
garrosh,766,paladin,retribution,19,8,11
blackscar,766,paladin,retribution,30,8,22
outland,765,paladin,retribution,24,8,16
stormrage,764,paladin,retribution,18,8,10
kazzak,763,paladin,retribution,12,8,4
nemesis,763,paladin,retribution,18,8,10
draenor,762,paladin,retribution,24,8,16
bloodfeather,759,paladin,retribution,12,8,4
doomhammer,755,paladin,retribution,12,8,4
kazzak,742,paladin,retribution,18,8,10
silvermoon,735,paladin,retribution,14,9,5
blackhand,735,paladin,retribution,13,8,5
archimonde,735,paladin,retribution,23,8,15
kazzak,720,paladin,retribution,17,8,9
archimonde,719,paladin,retribution,15,9,6
anubarak,718,paladin,retribution,17,8,9
twilights-hammer,717,paladin,retribution,17,8,9
twisting-nether,714,paladin,retribution,12,9,3
kazzak,703,paladin,retribution,20,8,12
sylvanas,701,paladin,retribution,11,8,3
hyjal,688,paladin,retribution,25,8,17
drakthul,687,paladin,retribution,19,8,11
outland,672,paladin,retribution,12,7,5
rexxar,672,paladin,retribution,12,7,5
anachronos,672,paladin,retribution,12,7,5
frostmane,672,paladin,retribution,12,7,5
nemesis,672,paladin,retribution,12,7,5
ragnaros,672,paladin,retribution,12,7,5
silvermoon,672,paladin,retribution,12,7,5
dun-modr,672,paladin,retribution,12,7,5
soulflayer,672,paladin,retribution,12,7,5
howling-fjord,672,paladin,retribution,12,7,5
twisting-nether,672,paladin,retribution,12,7,5
twisting-nether,672,paladin,retribution,12,7,5
draenor,672,paladin,retribution,12,7,5
blackscar,672,paladin,retribution,12,7,5
bronzebeard,672,paladin,retribution,12,7,5
gordunni,672,paladin,retribution,12,7,5
argent-dawn,672,paladin,retribution,12,7,5
gordunni,672,paladin,retribution,12,7,5
gordunni,672,paladin,retribution,12,7,5
guldan,672,paladin,retribution,12,7,5
blackrock,672,paladin,retribution,12,7,5
ravencrest,672,paladin,retribution,13,7,6
soulflayer,672,paladin,retribution,18,7,11
burning-legion,672,paladin,retribution,18,7,11
draenor,672,paladin,retribution,18,7,11
blackmoore,672,paladin,retribution,18,7,11
blackmoore,672,paladin,retribution,18,7,11
blackmoore,672,paladin,retribution,18,7,11
kirin-tor,672,paladin,retribution,18,7,11
kazzak,672,paladin,retribution,18,7,11
aggramar,672,paladin,retribution,18,7,11
antonidas,672,paladin,retribution,18,7,11
argent-dawn,672,paladin,retribution,18,7,11
tarren-mill,672,paladin,retribution,18,7,11
nemesis,672,paladin,retribution,18,7,11
sanguino,672,paladin,retribution,18,7,11
eredar,672,paladin,retribution,20,7,13
greymane,672,paladin,retribution,23,7,16
argent-dawn,672,paladin,retribution,24,7,17
draenor,672,paladin,retribution,24,7,17
gordunni,672,paladin,retribution,24,7,17
blackrock,671,paladin,retribution,12,7,5
blackmoore,671,paladin,retribution,12,7,5
bronzebeard,671,paladin,retribution,12,7,5
tarren-mill,671,paladin,retribution,12,7,5
deathguard,671,paladin,retribution,12,7,5
gordunni,671,paladin,retribution,12,7,5
draenor,671,paladin,retribution,12,7,5
burning-blade,671,paladin,retribution,12,7,5
stormscale,671,paladin,retribution,12,7,5
nemesis,671,paladin,retribution,18,7,11
argent-dawn,671,paladin,retribution,18,7,11
dun-modr,671,paladin,retribution,18,7,11
sanguino,671,paladin,retribution,18,7,11
hyjal,671,paladin,retribution,18,7,11
tarren-mill,671,paladin,retribution,18,7,11
stormscale,671,paladin,retribution,21,8,13
sanguino,670,paladin,retribution,12,7,5
hyjal,670,paladin,retribution,18,7,11
twisting-nether,669,paladin,retribution,12,7,5
aszune,669,paladin,retribution,12,7,5
malganis,669,paladin,retribution,12,7,5
borean-tundra,669,paladin,retribution,12,7,5
khaz-modan,669,paladin,retribution,12,7,5
defias-brotherhood,669,paladin,retribution,24,7,17
hyjal,667,paladin,retribution,12,7,5
outland,666,paladin,retribution,12,7,5
turalyon,664,paladin,retribution,15,8,7
terokkar,664,paladin,retribution,18,7,11
blackrock,663,paladin,retribution,15,8,7
blackrock,661,paladin,retribution,12,7,5
draenor,660,paladin,retribution,15,8,7
sporeggar,658,paladin,retribution,12,7,5
draenor,638,paladin,retribution,17,7,10
rajaxx,624,paladin,retribution,15,7,8
defias-brotherhood,624,paladin,retribution,21,7,14
argent-dawn,623,paladin,retribution,15,7,8
alleria,623,paladin,retribution,21,7,14
ravencrest,618,paladin,retribution,16,9,7
tichondrius,616,paladin,retribution,15,7,8
tarren-mill,607,paladin,retribution,11,7,4
nemesis,607,paladin,retribution,14,7,7
eredar,576,paladin,retribution,6,6,0
forscherliga,576,paladin,retribution,6,6,0
kazzak,576,paladin,retribution,6,6,0
ravencrest,576,paladin,retribution,12,6,6
stormscale,576,paladin,retribution,12,6,6
ashenvale,576,paladin,retribution,12,6,6
stormscale,576,paladin,retribution,12,6,6
stormscale,576,paladin,retribution,12,6,6
stormscale,576,paladin,retribution,12,6,6
eredar,576,paladin,retribution,12,6,6
howling-fjord,576,paladin,retribution,12,6,6
azjolnerub,576,paladin,retribution,12,6,6
draenor,576,paladin,retribution,12,6,6
archimonde,576,paladin,retribution,12,6,6
archimonde,576,paladin,retribution,12,6,6
deathweaver,576,paladin,retribution,12,6,6
twisting-nether,576,paladin,retribution,12,6,6
twisting-nether,576,paladin,retribution,12,6,6
nemesis,576,paladin,retribution,12,6,6
ravencrest,576,paladin,retribution,12,6,6
blackrock,576,paladin,retribution,12,6,6
blackrock,576,paladin,retribution,12,6,6
gordunni,576,paladin,retribution,12,6,6
borean-tundra,576,paladin,retribution,12,6,6
kazzak,576,paladin,retribution,12,6,6
sylvanas,576,paladin,retribution,12,6,6
sargeras,576,paladin,retribution,12,6,6
argent-dawn,576,paladin,retribution,12,6,6
tarren-mill,576,paladin,retribution,12,6,6
archimonde,576,paladin,retribution,12,6,6
sanguino,576,paladin,retribution,12,6,6
festung-der-stürme,576,paladin,retribution,12,6,6
silvermoon,576,paladin,retribution,12,6,6
silvermoon,576,paladin,retribution,12,6,6
gordunni,576,paladin,retribution,12,6,6
archimonde,576,paladin,retribution,12,6,6
archimonde,576,paladin,retribution,12,6,6
burning-legion,576,paladin,retribution,12,6,6
outland,576,paladin,retribution,14,6,8
the-maelstrom,576,paladin,retribution,18,6,12
outland,576,paladin,retribution,18,6,12
gordunni,576,paladin,retribution,18,6,12
grim-batol,576,paladin,retribution,18,6,12
blackrock,576,paladin,retribution,18,6,12
elune,576,paladin,retribution,18,6,12
silvermoon,576,paladin,retribution,18,6,12
archimonde,576,paladin,retribution,18,6,12
silvermoon,576,paladin,retribution,18,6,12
howling-fjord,576,paladin,retribution,18,6,12
burning-legion,576,paladin,retribution,18,6,12
alakir,576,paladin,retribution,18,6,12
blackscar,576,paladin,retribution,18,6,12
ragnaros,576,paladin,retribution,18,6,12
nagrand,576,paladin,retribution,18,6,12
ravencrest,576,paladin,retribution,18,6,12
howling-fjord,576,paladin,retribution,18,6,12
twisting-nether,576,paladin,retribution,18,6,12
drekthar,576,paladin,retribution,18,6,12
hyjal,576,paladin,retribution,24,6,18
shattered-hand,575,paladin,retribution,6,6,0
hyjal,575,paladin,retribution,6,6,0
blackmoore,575,paladin,retribution,14,7,7
tarren-mill,575,paladin,retribution,12,6,6
illidan,575,paladin,retribution,12,6,6
rashgarroth,575,paladin,retribution,12,6,6
twisting-nether,575,paladin,retribution,12,6,6
dun-modr,575,paladin,retribution,12,6,6
howling-fjord,575,paladin,retribution,12,6,6
ragnaros,575,paladin,retribution,12,6,6
stormscale,575,paladin,retribution,12,6,6
archimonde,575,paladin,retribution,12,6,6
ragnaros,575,paladin,retribution,12,6,6
draenor,575,paladin,retribution,12,6,6
shattrath,575,paladin,retribution,12,6,6
dragonmaw,575,paladin,retribution,12,6,6
blackrock,575,paladin,retribution,12,6,6
twisting-nether,575,paladin,retribution,12,6,6
howling-fjord,575,paladin,retribution,18,6,12
zuluhed,574,paladin,retribution,13,8,5
magtheridon,574,paladin,retribution,12,6,6
draenor,574,paladin,retribution,18,6,12
azuremyst,573,paladin,retribution,12,6,6
earthen-ring,572,paladin,retribution,16,8,8
destromath,572,paladin,retribution,12,6,6
outland,571,paladin,retribution,18,6,12
ravencrest,571,paladin,retribution,18,6,12
twisting-nether,559,paladin,retribution,23,6,17
silvermoon,558,paladin,retribution,9,8,1
howling-fjord,558,paladin,retribution,11,7,4
ysondre,543,paladin,retribution,17,6,11
archimonde,542,paladin,retribution,23,6,17
ambossar,511,paladin,retribution,14,6,8
silvermoon,480,paladin,retribution,6,5,1
ravencrest,480,paladin,retribution,6,5,1
silvermoon,480,paladin,retribution,6,5,1
ravencrest,480,paladin,retribution,6,5,1
ragnaros,480,paladin,retribution,6,5,1
twisting-nether,480,paladin,retribution,6,5,1
arathor,480,paladin,retribution,6,5,1
antonidas,480,paladin,retribution,6,5,1
azshara,480,paladin,retribution,6,5,1
archimonde,480,paladin,retribution,6,5,1
blackrock,480,paladin,retribution,6,5,1
ravencrest,480,paladin,retribution,6,5,1
outland,480,paladin,retribution,6,5,1
ravencrest,480,paladin,retribution,6,5,1
thrall,480,paladin,retribution,6,5,1
argent-dawn,480,paladin,retribution,6,5,1
norgannon,480,paladin,retribution,6,5,1
stormscale,480,paladin,retribution,6,5,1
turalyon,480,paladin,retribution,6,5,1
ragnaros,480,paladin,retribution,12,5,7
frostwolf,480,paladin,retribution,12,5,7
ravencrest,480,paladin,retribution,12,5,7
howling-fjord,480,paladin,retribution,12,5,7
silvermoon,480,paladin,retribution,12,5,7
tarren-mill,480,paladin,retribution,12,5,7
silvermoon,480,paladin,retribution,12,5,7
borean-tundra,480,paladin,retribution,12,5,7
kazzak,480,paladin,retribution,12,5,7
ravencrest,480,paladin,retribution,12,5,7
aegwynn,480,paladin,retribution,12,5,7
stormscale,480,paladin,retribution,12,5,7
tarren-mill,480,paladin,retribution,12,5,7
dun-modr,480,paladin,retribution,12,5,7
silvermoon,480,paladin,retribution,12,5,7
outland,480,paladin,retribution,12,5,7
kazzak,480,paladin,retribution,12,5,7
ravencrest,480,paladin,retribution,12,5,7
blackhand,480,paladin,retribution,12,5,7
ravencrest,480,paladin,retribution,12,5,7
ravencrest,480,paladin,retribution,12,5,7
nemesis,480,paladin,retribution,12,5,7
outland,480,paladin,retribution,12,5,7
ravencrest,480,paladin,retribution,12,5,7
eredar,480,paladin,retribution,12,5,7
burning-legion,480,paladin,retribution,12,5,7
razuvious,480,paladin,retribution,12,5,7
blackrock,480,paladin,retribution,12,5,7
draenor,480,paladin,retribution,12,5,7
quelthalas,480,paladin,retribution,12,5,7
deepholm,480,paladin,retribution,12,5,7
blackrock,480,paladin,retribution,12,5,7
outland,480,paladin,retribution,12,5,7
archimonde,480,paladin,retribution,12,5,7
ysondre,480,paladin,retribution,12,5,7
sanguino,480,paladin,retribution,12,5,7
ysondre,480,paladin,retribution,12,5,7
hyjal,480,paladin,retribution,12,5,7
die-ewige-wacht,480,paladin,retribution,12,5,7
burning-legion,480,paladin,retribution,12,5,7
grim-batol,480,paladin,retribution,12,5,7
blackmoore,480,paladin,retribution,12,5,7
twisting-nether,480,paladin,retribution,12,5,7
ysondre,480,paladin,retribution,12,5,7
hyjal,480,paladin,retribution,12,5,7
sargeras,480,paladin,retribution,12,5,7
archimonde,480,paladin,retribution,12,5,7
blackscar,480,paladin,retribution,18,5,13
perenolde,480,paladin,retribution,18,5,13
frostwolf,480,paladin,retribution,18,5,13
tarren-mill,480,paladin,retribution,18,5,13
rexxar,480,paladin,retribution,18,5,13
arathor,480,paladin,retribution,18,5,13
rexxar,480,paladin,retribution,18,5,13
ravencrest,480,paladin,retribution,24,5,19
stormscale,480,paladin,retribution,24,5,19
ysondre,479,paladin,retribution,6,5,1
blackmoore,479,paladin,retribution,6,5,1
sanguino,479,paladin,retribution,12,5,7
tarren-mill,479,paladin,retribution,12,5,7
greymane,479,paladin,retribution,12,5,7
gordunni,479,paladin,retribution,12,5,7
burning-legion,479,paladin,retribution,12,5,7
howling-fjord,479,paladin,retribution,12,5,7
blackhand,479,paladin,retribution,12,5,7
stormrage,479,paladin,retribution,12,5,7
draenor,479,paladin,retribution,12,5,7
twisting-nether,478,paladin,retribution,12,5,7
drakthul,478,paladin,retribution,12,5,7
tarren-mill,478,paladin,retribution,17,6,11
soulflayer,478,paladin,retribution,18,5,13
malorne,477,paladin,retribution,18,5,13
alleria,476,paladin,retribution,12,5,7
kazzak,476,paladin,retribution,18,5,13
borean-tundra,472,paladin,retribution,12,5,7
greymane,448,paladin,retribution,16,5,11
khazgoroth,447,paladin,retribution,11,5,6
howling-fjord,447,paladin,retribution,11,5,6
frostmane,446,paladin,retribution,12,6,6
blackrock,432,paladin,retribution,9,5,4
tarren-mill,431,paladin,retribution,11,5,6
dalaran,429,paladin,retribution,27,5,22
frostwhisper,416,paladin,retribution,16,5,11
argent-dawn,416,paladin,retribution,16,5,11
thermaplugg,415,paladin,retribution,8,5,3
tarren-mill,400,paladin,retribution,7,5,2
archimonde,388,paladin,retribution,14,7,7
marécage-de-zangar,384,paladin,retribution,6,4,2
tarren-mill,384,paladin,retribution,6,4,2
howling-fjord,384,paladin,retribution,6,4,2
ravencrest,384,paladin,retribution,6,4,2
twisting-nether,384,paladin,retribution,6,4,2
gordunni,384,paladin,retribution,6,4,2
frostwolf,384,paladin,retribution,6,4,2
sargeras,384,paladin,retribution,6,4,2
lightbringer,384,paladin,retribution,6,4,2
howling-fjord,384,paladin,retribution,6,4,2
sylvanas,384,paladin,retribution,6,4,2
lothar,384,paladin,retribution,6,4,2
trollbane,384,paladin,retribution,6,4,2
colinas-pardas,384,paladin,retribution,6,4,2
gordunni,384,paladin,retribution,6,4,2
kazzak,384,paladin,retribution,6,4,2
sylvanas,384,paladin,retribution,6,4,2
aszune,384,paladin,retribution,6,4,2
nazjatar,384,paladin,retribution,6,4,2
gordunni,384,paladin,retribution,6,4,2
ysondre,384,paladin,retribution,6,4,2
aggra-português,384,paladin,retribution,6,4,2
ashenvale,384,paladin,retribution,6,4,2
archimonde,384,paladin,retribution,6,4,2
ragnaros,384,paladin,retribution,6,4,2
blackmoore,384,paladin,retribution,6,4,2
twisting-nether,384,paladin,retribution,6,4,2
bloodhoof,384,paladin,retribution,6,4,2
sanguino,384,paladin,retribution,6,4,2
sanguino,384,paladin,retribution,6,4,2
kazzak,384,paladin,retribution,6,4,2
archimonde,384,paladin,retribution,6,4,2
ravencrest,384,paladin,retribution,6,4,2
blackscar,384,paladin,retribution,6,4,2
khaz-modan,384,paladin,retribution,6,4,2
zuljin,384,paladin,retribution,6,4,2
draenor,384,paladin,retribution,6,4,2
argent-dawn,384,paladin,retribution,6,4,2
silvermoon,384,paladin,retribution,6,4,2
eredar,384,paladin,retribution,6,4,2
blackrock,384,paladin,retribution,6,4,2
archimonde,384,paladin,retribution,6,4,2
stormscale,384,paladin,retribution,6,4,2
frostmane,384,paladin,retribution,6,4,2
blackmoore,384,paladin,retribution,6,4,2
stormscale,384,paladin,retribution,6,4,2
archimonde,384,paladin,retribution,6,4,2
howling-fjord,384,paladin,retribution,6,4,2
ravencrest,384,paladin,retribution,6,4,2
zuljin,384,paladin,retribution,6,4,2
blackhand,384,paladin,retribution,6,4,2
ravencrest,384,paladin,retribution,6,4,2
stormscale,384,paladin,retribution,6,4,2
sylvanas,384,paladin,retribution,6,4,2
frostmane,384,paladin,retribution,6,4,2
ysondre,384,paladin,retribution,6,4,2
zuljin,384,paladin,retribution,6,4,2
sanguino,384,paladin,retribution,6,4,2
pozzo-delleternità,384,paladin,retribution,6,4,2
draenor,384,paladin,retribution,6,4,2
dun-modr,384,paladin,retribution,6,4,2
dun-modr,384,paladin,retribution,6,4,2
blackmoore,384,paladin,retribution,6,4,2
antonidas,384,paladin,retribution,6,4,2
dun-modr,384,paladin,retribution,6,4,2
dun-modr,384,paladin,retribution,6,4,2
stormscale,384,paladin,retribution,7,4,3
dun-modr,384,paladin,retribution,8,4,4
blackscar,384,paladin,retribution,11,4,7
azjolnerub,384,paladin,retribution,15,5,10
tarren-mill,384,paladin,retribution,12,4,8
dun-modr,384,paladin,retribution,12,4,8
argent-dawn,384,paladin,retribution,12,4,8
argent-dawn,384,paladin,retribution,12,4,8
gordunni,384,paladin,retribution,12,4,8
nemesis,384,paladin,retribution,12,4,8
soulflayer,384,paladin,retribution,12,4,8
emerald-dream,384,paladin,retribution,12,4,8
burning-legion,384,paladin,retribution,12,4,8
gordunni,384,paladin,retribution,12,4,8
argent-dawn,384,paladin,retribution,12,4,8
antonidas,384,paladin,retribution,12,4,8
borean-tundra,384,paladin,retribution,12,4,8
tarren-mill,384,paladin,retribution,12,4,8
alakir,384,paladin,retribution,12,4,8
ravencrest,384,paladin,retribution,12,4,8
stormscale,384,paladin,retribution,12,4,8
stormscale,384,paladin,retribution,12,4,8
gordunni,384,paladin,retribution,12,4,8
blackscar,384,paladin,retribution,12,4,8
draenor,384,paladin,retribution,12,4,8
argent-dawn,384,paladin,retribution,12,4,8
dun-modr,384,paladin,retribution,12,4,8
sylvanas,384,paladin,retribution,12,4,8
ragnaros,384,paladin,retribution,12,4,8
silvermoon,384,paladin,retribution,12,4,8
outland,384,paladin,retribution,12,4,8
outland,384,paladin,retribution,12,4,8
howling-fjord,384,paladin,retribution,12,4,8
kilrogg,384,paladin,retribution,12,4,8
dun-modr,384,paladin,retribution,12,4,8
twisting-nether,384,paladin,retribution,12,4,8
blackmoore,384,paladin,retribution,12,4,8
blackrock,384,paladin,retribution,12,4,8
twisting-nether,384,paladin,retribution,12,4,8
sylvanas,384,paladin,retribution,12,4,8
aegwynn,384,paladin,retribution,12,4,8
twisting-nether,384,paladin,retribution,12,4,8
trollbane,384,paladin,retribution,12,4,8
ragnaros,384,paladin,retribution,12,4,8
ragnaros,384,paladin,retribution,16,5,11
twisting-nether,384,paladin,retribution,18,4,14
argent-dawn,384,paladin,retribution,18,4,14
kazzak,384,paladin,retribution,18,4,14
antonidas,384,paladin,retribution,18,4,14
draenor,384,paladin,retribution,18,4,14
bronzebeard,384,paladin,retribution,18,4,14
sanguino,384,paladin,retribution,18,4,14
twisting-nether,384,paladin,retribution,18,4,14
tarren-mill,384,paladin,retribution,18,4,14
deathguard,384,paladin,retribution,18,4,14
antonidas,384,paladin,retribution,24,4,20
blackrock,383,paladin,retribution,6,4,2
soulflayer,383,paladin,retribution,6,4,2
blackrock,383,paladin,retribution,6,4,2
aegwynn,383,paladin,retribution,6,4,2
garrosh,383,paladin,retribution,6,4,2
frostwhisper,383,paladin,retribution,6,4,2
silvermoon,383,paladin,retribution,6,4,2
silvermoon,383,paladin,retribution,12,4,8
thrall,383,paladin,retribution,16,4,12
ravencrest,382,paladin,retribution,6,4,2
auchindoun,382,paladin,retribution,7,4,3
die-todeskrallen,382,paladin,retribution,12,4,8
archimonde,376,paladin,retribution,20,7,13
ragnaros,351,paladin,retribution,11,4,7
ravencrest,351,paladin,retribution,11,4,7
archimonde,351,paladin,retribution,11,4,7
doomhammer,336,paladin,retribution,9,4,5
blackrock,330,paladin,retribution,8,5,3
tarren-mill,330,paladin,retribution,13,6,7
soulflayer,330,paladin,retribution,16,6,10
archimonde,330,paladin,retribution,15,5,10
archimonde,320,paladin,retribution,10,4,6
bronze-dragonflight,319,paladin,retribution,5,4,1
sylvanas,319,paladin,retribution,5,4,1
blackrock,319,paladin,retribution,8,4,4
arathor,304,paladin,retribution,10,5,5
gordunni,288,paladin,retribution,6,3,3
stormscale,288,paladin,retribution,6,3,3
defias-brotherhood,288,paladin,retribution,6,3,3
blackmoore,288,paladin,retribution,6,3,3
blackmoore,288,paladin,retribution,6,3,3
shattered-hand,288,paladin,retribution,6,3,3
stormscale,288,paladin,retribution,6,3,3
blackmoore,288,paladin,retribution,6,3,3
kirin-tor,288,paladin,retribution,6,3,3
archimonde,288,paladin,retribution,6,3,3
gordunni,288,paladin,retribution,6,3,3
draenor,288,paladin,retribution,6,3,3
blackrock,288,paladin,retribution,6,3,3
blackrock,288,paladin,retribution,6,3,3
antonidas,288,paladin,retribution,6,3,3
khaz-modan,288,paladin,retribution,6,3,3
turalyon,288,paladin,retribution,6,3,3
tyrande,288,paladin,retribution,6,3,3
silvermoon,288,paladin,retribution,6,3,3
malganis,288,paladin,retribution,6,3,3
draenor,288,paladin,retribution,6,3,3
khaz-modan,288,paladin,retribution,6,3,3
archimonde,288,paladin,retribution,6,3,3
khaz-modan,288,paladin,retribution,6,3,3
kazzak,288,paladin,retribution,6,3,3
ravencrest,288,paladin,retribution,6,3,3
soulflayer,288,paladin,retribution,6,3,3
soulflayer,288,paladin,retribution,6,3,3
sanguino,288,paladin,retribution,6,3,3
ravencrest,288,paladin,retribution,6,3,3
eitrigg,288,paladin,retribution,6,3,3
draenor,288,paladin,retribution,6,3,3
antonidas,288,paladin,retribution,6,3,3
uldaman,288,paladin,retribution,6,3,3
ravencrest,288,paladin,retribution,6,3,3
theradras,288,paladin,retribution,6,3,3
blackscar,288,paladin,retribution,6,3,3
twisting-nether,288,paladin,retribution,6,3,3
archimonde,288,paladin,retribution,6,3,3
sargeras,288,paladin,retribution,6,3,3
ysondre,288,paladin,retribution,6,3,3
drakthul,288,paladin,retribution,6,3,3
argent-dawn,288,paladin,retribution,6,3,3
gordunni,288,paladin,retribution,6,3,3
ysondre,288,paladin,retribution,6,3,3
kazzak,288,paladin,retribution,6,3,3
gordunni,288,paladin,retribution,6,3,3
hyjal,288,paladin,retribution,6,3,3
die-todeskrallen,288,paladin,retribution,6,3,3
argent-dawn,288,paladin,retribution,6,3,3
antonidas,288,paladin,retribution,6,3,3
ravencrest,288,paladin,retribution,6,3,3
argent-dawn,288,paladin,retribution,6,3,3
hyjal,288,paladin,retribution,6,3,3
argent-dawn,288,paladin,retribution,6,3,3
ysondre,288,paladin,retribution,6,3,3
ravencrest,288,paladin,retribution,6,3,3
kazzak,288,paladin,retribution,6,3,3
twisting-nether,288,paladin,retribution,6,3,3
sylvanas,288,paladin,retribution,6,3,3
the-maelstrom,288,paladin,retribution,6,3,3
steamwheedle-cartel,288,paladin,retribution,6,3,3
soulflayer,288,paladin,retribution,6,3,3
argent-dawn,288,paladin,retribution,6,3,3
argent-dawn,288,paladin,retribution,6,3,3
draenor,288,paladin,retribution,6,3,3
dun-modr,288,paladin,retribution,6,3,3
kazzak,288,paladin,retribution,6,3,3
sanguino,288,paladin,retribution,6,3,3
blackrock,288,paladin,retribution,6,3,3
ysera,288,paladin,retribution,6,3,3
gordunni,288,paladin,retribution,6,3,3
bronzebeard,288,paladin,retribution,6,3,3
kazzak,288,paladin,retribution,6,3,3
howling-fjord,288,paladin,retribution,6,3,3
arathor,288,paladin,retribution,6,3,3
archimonde,288,paladin,retribution,6,3,3
antonidas,288,paladin,retribution,6,3,3
howling-fjord,288,paladin,retribution,6,3,3
gordunni,288,paladin,retribution,6,3,3
howling-fjord,288,paladin,retribution,6,3,3
ragnaros,288,paladin,retribution,6,3,3
outland,288,paladin,retribution,6,3,3
ravencrest,288,paladin,retribution,6,3,3
outland,288,paladin,retribution,6,3,3
silvermoon,288,paladin,retribution,6,3,3
tarren-mill,288,paladin,retribution,6,3,3
twilights-hammer,288,paladin,retribution,6,3,3
tarren-mill,288,paladin,retribution,6,3,3
silvermoon,288,paladin,retribution,6,3,3
silvermoon,288,paladin,retribution,6,3,3
ravencrest,288,paladin,retribution,6,3,3
stormreaver,288,paladin,retribution,6,3,3
thunderhorn,288,paladin,retribution,6,3,3
blackrock,288,paladin,retribution,6,3,3
tarren-mill,288,paladin,retribution,6,3,3
silvermoon,288,paladin,retribution,6,3,3
tarren-mill,288,paladin,retribution,6,3,3
ragnaros,288,paladin,retribution,6,3,3
stormreaver,288,paladin,retribution,6,3,3
sylvanas,288,paladin,retribution,6,3,3
dalaran,288,paladin,retribution,6,3,3
frostwolf,288,paladin,retribution,6,3,3
dragonmaw,288,paladin,retribution,6,3,3
naxxramas,288,paladin,retribution,13,4,9
frostwolf,288,paladin,retribution,12,3,9
gordunni,288,paladin,retribution,12,3,9
blackrock,288,paladin,retribution,12,3,9
magtheridon,288,paladin,retribution,12,3,9
gordunni,288,paladin,retribution,12,3,9
dun-modr,288,paladin,retribution,12,3,9
archimonde,288,paladin,retribution,12,3,9
argent-dawn,288,paladin,retribution,12,3,9
aegwynn,288,paladin,retribution,12,3,9
gordunni,288,paladin,retribution,12,3,9
argent-dawn,288,paladin,retribution,12,3,9
eredar,288,paladin,retribution,12,3,9
gordunni,288,paladin,retribution,12,3,9
aegwynn,288,paladin,retribution,12,3,9
blackscar,288,paladin,retribution,12,3,9
kilrogg,288,paladin,retribution,12,3,9
silvermoon,288,paladin,retribution,12,3,9
ravencrest,288,paladin,retribution,12,3,9
ravencrest,288,paladin,retribution,12,3,9
ravencrest,288,paladin,retribution,12,3,9
ragnaros,288,paladin,retribution,12,3,9
stormscale,288,paladin,retribution,12,3,9
blackmoore,288,paladin,retribution,12,3,9
stormscale,288,paladin,retribution,12,3,9
drakthul,288,paladin,retribution,12,3,9
stormreaver,288,paladin,retribution,12,3,9
ravencrest,288,paladin,retribution,12,3,9
kazzak,288,paladin,retribution,12,3,9
soulflayer,288,paladin,retribution,12,3,9
drakthul,288,paladin,retribution,12,3,9
blackmoore,288,paladin,retribution,12,3,9
stormscale,288,paladin,retribution,12,3,9
soulflayer,288,paladin,retribution,14,3,11
arathi,288,paladin,retribution,15,3,12
bronzebeard,288,paladin,retribution,18,3,15
tarren-mill,288,paladin,retribution,18,3,15
howling-fjord,288,paladin,retribution,18,3,15
dun-modr,288,paladin,retribution,18,3,15
sylvanas,287,paladin,retribution,8,4,4
blackmoore,287,paladin,retribution,7,3,4
aegwynn,287,paladin,retribution,18,5,13
argent-dawn,287,paladin,retribution,12,3,9
culte-de-la-rive-noire,287,paladin,retribution,12,3,9
frostwolf,286,paladin,retribution,6,3,3
howling-fjord,271,paladin,retribution,11,3,8
kazzak,271,paladin,retribution,11,3,8
ragnaros,239,paladin,retribution,5,3,2
blackmoore,239,paladin,retribution,5,3,2
kirin-tor,239,paladin,retribution,5,3,2
amanthul,239,paladin,retribution,9,4,5
culte-de-la-rive-noire,234,paladin,retribution,11,4,7
argent-dawn,223,paladin,retribution,6,4,2
blackscar,223,paladin,retribution,8,3,5
draenor,192,paladin,retribution,4,3,1
sylvanas,192,paladin,retribution,12,5,7
sylvanas,192,paladin,retribution,9,3,6
deathguard,192,paladin,retribution,6,2,4
twisting-nether,192,paladin,retribution,6,2,4
twisting-nether,192,paladin,retribution,6,2,4
burning-blade,192,paladin,retribution,6,2,4
antonidas,192,paladin,retribution,6,2,4
burning-blade,192,paladin,retribution,6,2,4
howling-fjord,192,paladin,retribution,6,2,4
drakthul,192,paladin,retribution,6,2,4
outland,192,paladin,retribution,6,2,4
howling-fjord,192,paladin,retribution,6,2,4
frostmane,192,paladin,retribution,6,2,4
aggra-português,192,paladin,retribution,6,2,4
argent-dawn,192,paladin,retribution,6,2,4
frostmane,192,paladin,retribution,6,2,4
ravencrest,192,paladin,retribution,6,2,4
ravencrest,192,paladin,retribution,6,2,4
grim-batol,192,paladin,retribution,6,2,4
alleria,192,paladin,retribution,6,2,4
kazzak,192,paladin,retribution,6,2,4
outland,192,paladin,retribution,6,2,4
argent-dawn,192,paladin,retribution,6,2,4
grim-batol,192,paladin,retribution,6,2,4
burning-legion,192,paladin,retribution,6,2,4
kazzak,192,paladin,retribution,6,2,4
ravencrest,192,paladin,retribution,6,2,4
zirkel-des-cenarius,192,paladin,retribution,6,2,4
blackhand,192,paladin,retribution,6,2,4
outland,192,paladin,retribution,6,2,4
die-nachtwache,192,paladin,retribution,6,2,4
nordrassil,192,paladin,retribution,6,2,4
bronze-dragonflight,192,paladin,retribution,6,2,4
ravencrest,192,paladin,retribution,6,2,4
outland,192,paladin,retribution,6,2,4
malganis,192,paladin,retribution,6,2,4
burning-legion,192,paladin,retribution,6,2,4
antonidas,192,paladin,retribution,6,2,4
burning-legion,192,paladin,retribution,6,2,4
antonidas,192,paladin,retribution,6,2,4
twisting-nether,192,paladin,retribution,6,2,4
turalyon,192,paladin,retribution,6,2,4
outland,192,paladin,retribution,6,2,4
eredar,192,paladin,retribution,6,2,4
confrérie-du-thorium,192,paladin,retribution,6,2,4
argent-dawn,192,paladin,retribution,6,2,4
ashenvale,192,paladin,retribution,6,2,4
sanguino,192,paladin,retribution,6,2,4
silvermoon,192,paladin,retribution,6,2,4
die-aldor,192,paladin,retribution,6,2,4
twisting-nether,192,paladin,retribution,6,2,4
elune,192,paladin,retribution,6,2,4
ravencrest,192,paladin,retribution,6,2,4
stormscale,192,paladin,retribution,6,2,4
silvermoon,192,paladin,retribution,6,2,4
archimonde,192,paladin,retribution,6,2,4
ravencrest,192,paladin,retribution,6,2,4
greymane,192,paladin,retribution,6,2,4
tarren-mill,192,paladin,retribution,6,2,4
darkspear,192,paladin,retribution,6,2,4
the-maelstrom,192,paladin,retribution,6,2,4
draenor,192,paladin,retribution,6,2,4
silvermoon,192,paladin,retribution,6,2,4
sanguino,192,paladin,retribution,6,2,4
dalaran,192,paladin,retribution,6,2,4
darksorrow,192,paladin,retribution,6,2,4
antonidas,192,paladin,retribution,6,2,4
draenor,192,paladin,retribution,6,2,4
draenor,192,paladin,retribution,6,2,4
vashj,192,paladin,retribution,6,2,4
silvermoon,192,paladin,retribution,6,2,4
soulflayer,192,paladin,retribution,6,2,4
shendralar,192,paladin,retribution,6,2,4
ravencrest,192,paladin,retribution,6,2,4
aegwynn,192,paladin,retribution,6,2,4
ravencrest,192,paladin,retribution,6,2,4
dun-modr,192,paladin,retribution,6,2,4
dun-modr,192,paladin,retribution,6,2,4
howling-fjord,192,paladin,retribution,6,2,4
nemesis,192,paladin,retribution,6,2,4
howling-fjord,192,paladin,retribution,6,2,4
magtheridon,192,paladin,retribution,6,2,4
sylvanas,192,paladin,retribution,6,2,4
blackrock,192,paladin,retribution,6,2,4
das-konsortium,192,paladin,retribution,6,2,4
dunemaul,192,paladin,retribution,6,2,4
thrall,192,paladin,retribution,6,2,4
anetheron,192,paladin,retribution,6,2,4
thrall,192,paladin,retribution,6,2,4
blackrock,192,paladin,retribution,6,2,4
blackmoore,192,paladin,retribution,6,2,4
blackrock,192,paladin,retribution,6,2,4
blackrock,192,paladin,retribution,6,2,4
blackmoore,192,paladin,retribution,6,2,4
sylvanas,192,paladin,retribution,6,2,4
sylvanas,192,paladin,retribution,6,2,4
soulflayer,192,paladin,retribution,6,2,4
blackscar,192,paladin,retribution,6,2,4
blackmoore,192,paladin,retribution,6,2,4
blackrock,192,paladin,retribution,6,2,4
laughing-skull,192,paladin,retribution,6,2,4
goldrinn,192,paladin,retribution,12,2,10
blackmoore,192,paladin,retribution,12,2,10
nozdormu,192,paladin,retribution,12,2,10
draenor,192,paladin,retribution,12,2,10
eredar,192,paladin,retribution,12,2,10
kazzak,192,paladin,retribution,12,2,10
burning-blade,192,paladin,retribution,12,2,10
gordunni,192,paladin,retribution,12,2,10
alleria,192,paladin,retribution,12,2,10
sanguino,192,paladin,retribution,12,2,10
archimonde,192,paladin,retribution,12,2,10
doomhammer,192,paladin,retribution,12,2,10
hyjal,192,paladin,retribution,12,2,10
archimonde,192,paladin,retribution,12,2,10
darksorrow,192,paladin,retribution,12,2,10
silvermoon,192,paladin,retribution,12,2,10
ravencrest,192,paladin,retribution,12,2,10
thrall,192,paladin,retribution,12,2,10
booty-bay,192,paladin,retribution,12,2,10
silvermoon,192,paladin,retribution,18,2,16
khaz-modan,191,paladin,retribution,6,2,4
ravenholdt,191,paladin,retribution,6,2,4
terrordar,191,paladin,retribution,6,2,4
malganis,191,paladin,retribution,6,2,4
blackrock,191,paladin,retribution,6,2,4
azshara,191,paladin,retribution,6,2,4
sinstralis,191,paladin,retribution,13,2,11
kelthuzad,175,paladin,retribution,11,2,9
vashj,159,paladin,retribution,5,2,3
tarren-mill,159,paladin,retribution,5,2,3
azuremyst,159,paladin,retribution,5,2,3
soulflayer,159,paladin,retribution,14,3,11
soulflayer,138,paladin,retribution,6,3,3
thrall,138,paladin,retribution,6,3,3
soulflayer,138,paladin,retribution,8,3,5
blackmoore,138,paladin,retribution,9,3,6
sanguino,137,paladin,retribution,7,3,4
nerzhul,128,paladin,retribution,4,2,2
twisting-nether,128,paladin,retribution,4,2,2
blackrock,96,paladin,retribution,3,2,1
zirkel-des-cenarius,96,paladin,retribution,3,2,1
drakthul,96,paladin,retribution,3,2,1
gordunni,96,paladin,retribution,3,2,1
chamber-of-aspects,96,paladin,retribution,3,2,1
outland,96,paladin,retribution,6,1,5
twisting-nether,96,paladin,retribution,6,1,5
auchindoun,96,paladin,retribution,6,1,5
outland,96,paladin,retribution,6,1,5
blackmoore,96,paladin,retribution,6,1,5
defias-brotherhood,96,paladin,retribution,6,1,5
blackrock,96,paladin,retribution,6,1,5
twisting-nether,96,paladin,retribution,6,1,5
twisting-nether,96,paladin,retribution,6,1,5
silvermoon,96,paladin,retribution,6,1,5
the-maelstrom,96,paladin,retribution,6,1,5
sinstralis,96,paladin,retribution,6,1,5
sanguino,96,paladin,retribution,6,1,5
silvermoon,96,paladin,retribution,6,1,5
sanguino,96,paladin,retribution,6,1,5
silvermoon,96,paladin,retribution,6,1,5
blackrock,96,paladin,retribution,6,1,5
silvermoon,96,paladin,retribution,6,1,5
gordunni,96,paladin,retribution,6,1,5
blackmoore,96,paladin,retribution,6,1,5
blackmoore,96,paladin,retribution,6,1,5
sanguino,96,paladin,retribution,6,1,5
archimonde,96,paladin,retribution,6,1,5
silvermoon,96,paladin,retribution,6,1,5
archimonde,96,paladin,retribution,6,1,5
outland,96,paladin,retribution,6,1,5
sylvanas,96,paladin,retribution,6,1,5
blackrock,96,paladin,retribution,6,1,5
blackrock,96,paladin,retribution,6,1,5
chamber-of-aspects,96,paladin,retribution,6,1,5
auchindoun,96,paladin,retribution,6,1,5
ragnaros,96,paladin,retribution,6,1,5
chamber-of-aspects,96,paladin,retribution,6,1,5
nemesis,96,paladin,retribution,6,1,5
dun-modr,96,paladin,retribution,6,1,5
gordunni,96,paladin,retribution,6,1,5
ragnaros,96,paladin,retribution,6,1,5
draenor,96,paladin,retribution,6,1,5
howling-fjord,96,paladin,retribution,6,1,5
draenor,96,paladin,retribution,6,1,5
draenor,96,paladin,retribution,6,1,5
blackmoore,96,paladin,retribution,6,1,5
fordragon,96,paladin,retribution,6,1,5
shattered-hand,96,paladin,retribution,6,1,5
soulflayer,96,paladin,retribution,6,1,5
hellfire,96,paladin,retribution,6,1,5
ashenvale,96,paladin,retribution,6,1,5
kazzak,96,paladin,retribution,6,1,5
kazzak,96,paladin,retribution,6,1,5
kazzak,96,paladin,retribution,6,1,5
burning-legion,96,paladin,retribution,6,1,5
blackmoore,96,paladin,retribution,6,1,5
laughing-skull,96,paladin,retribution,6,1,5
hyjal,96,paladin,retribution,6,1,5
soulflayer,96,paladin,retribution,6,1,5
gordunni,96,paladin,retribution,6,1,5
stormreaver,96,paladin,retribution,6,1,5
tarren-mill,96,paladin,retribution,6,1,5
emerald-dream,96,paladin,retribution,6,1,5
ravencrest,96,paladin,retribution,6,1,5
gordunni,96,paladin,retribution,6,1,5
chants-éternels,96,paladin,retribution,6,1,5
argent-dawn,96,paladin,retribution,6,1,5
argent-dawn,96,paladin,retribution,6,1,5
ravencrest,96,paladin,retribution,6,1,5
gordunni,96,paladin,retribution,6,1,5
ysondre,96,paladin,retribution,6,1,5
argent-dawn,96,paladin,retribution,6,1,5
argent-dawn,96,paladin,retribution,6,1,5
drakthul,96,paladin,retribution,6,1,5
eredar,96,paladin,retribution,6,1,5
antonidas,96,paladin,retribution,6,1,5
antonidas,96,paladin,retribution,6,1,5
argent-dawn,96,paladin,retribution,6,1,5
gordunni,96,paladin,retribution,6,1,5
stormscale,96,paladin,retribution,6,1,5
rajaxx,96,paladin,retribution,6,1,5
eredar,96,paladin,retribution,6,1,5
ravencrest,96,paladin,retribution,6,1,5
stormscale,96,paladin,retribution,6,1,5
nethersturm,96,paladin,retribution,6,1,5
antonidas,96,paladin,retribution,6,1,5
kul-tiras,96,paladin,retribution,6,1,5
stormscale,96,paladin,retribution,6,1,5
drakthul,96,paladin,retribution,6,1,5
ravencrest,96,paladin,retribution,6,1,5
sanguino,96,paladin,retribution,7,1,6
howling-fjord,96,paladin,retribution,8,1,7
shattered-hand,96,paladin,retribution,10,1,9
kaelthas,96,paladin,retribution,12,1,11
turalyon,96,paladin,retribution,12,1,11
dun-modr,96,paladin,retribution,12,1,11
korgall,96,paladin,retribution,12,1,11
blackrock,96,paladin,retribution,12,1,11
chamber-of-aspects,96,paladin,retribution,12,1,11
gordunni,96,paladin,retribution,12,1,11
darkmoon-faire,96,paladin,retribution,20,1,19
archimonde,95,paladin,retribution,6,1,5
dun-modr,79,paladin,retribution,5,1,4
blackrock,79,paladin,retribution,5,1,4
twisting-nether,64,paladin,retribution,4,1,3
burning-legion,64,paladin,retribution,4,1,3
darksorrow,63,paladin,retribution,2,2,0
culte-de-la-rive-noire,48,paladin,retribution,3,1,2
blackmoore,42,paladin,retribution,15,2,13
gordunni,31,paladin,retribution,2,1,1
kazzak,31,paladin,retribution,2,1,1
rajaxx,31,paladin,retribution,8,1,7
drakthul,16,paladin,retribution,1,1,0
antonidas,16,paladin,retribution,1,1,0
draenor,1936,paladin,protection,54,38,16
boulderfist,1763,paladin,protection,156,104,52
aegwynn,1741,paladin,protection,72,36,36
ravencrest,1662,paladin,protection,30,22,8
aegwynn,1625,paladin,protection,48,20,28
hyjal,1481,paladin,protection,124,31,93
hyjal,1449,paladin,protection,60,42,18
argent-dawn,1448,paladin,protection,42,21,21
sanguino,1298,paladin,protection,53,22,31
frostmane,1284,paladin,protection,46,23,23
hyjal,1224,paladin,protection,29,14,15
twisting-nether,1055,paladin,protection,12,11,1
kazzak,1055,paladin,protection,24,11,13
alakir,767,paladin,protection,12,8,4
soulflayer,766,paladin,protection,12,8,4
silvermoon,672,paladin,protection,12,7,5
soulflayer,672,paladin,protection,18,7,11
thrall,511,paladin,protection,11,6,5
silvermoon,480,paladin,protection,12,5,7
nethersturm,479,paladin,protection,12,5,7
argent-dawn,384,paladin,protection,6,4,2
ragnaros,384,paladin,protection,12,4,8
blackhand,382,paladin,protection,12,4,8
azjolnerub,319,paladin,protection,5,4,1
archimonde,318,paladin,protection,10,4,6
thrall,288,paladin,protection,6,3,3
hyjal,288,paladin,protection,6,3,3
blackhand,288,paladin,protection,6,3,3
azuregos,288,paladin,protection,6,3,3
deathwing,288,paladin,protection,6,3,3
bloodfeather,288,paladin,protection,12,3,9
kazzak,239,paladin,protection,5,3,2
silvermoon,192,paladin,protection,6,2,4
argent-dawn,192,paladin,protection,6,2,4
haomarush,192,paladin,protection,6,2,4
blackscar,192,paladin,protection,6,2,4
frostwolf,192,paladin,protection,12,2,10
ravenholdt,159,paladin,protection,5,2,3
stormscale,96,paladin,protection,12,1,11
twisting-nether,79,paladin,protection,5,1,4
ravencrest,64,paladin,protection,4,1,3
archimonde,2115,priest,holy,84,43,41
ravencrest,2043,priest,holy,60,32,28
sanguino,1900,priest,holy,78,41,37
stormscale,1873,priest,holy,108,55,53
der-rat-von-dalaran,1864,priest,holy,47,30,17
deathweaver,1863,priest,holy,45,24,21
gordunni,1850,priest,holy,48,25,23
ysondre,1849,priest,holy,72,36,36
blackrock,1840,priest,holy,75,34,41
blackmoore,1824,priest,holy,62,32,30
soulflayer,1823,priest,holy,48,27,21
arathor,1815,priest,holy,168,91,77
malganis,1812,priest,holy,113,60,53
ravencrest,1811,priest,holy,66,34,32
blackrock,1807,priest,holy,66,31,35
ravencrest,1805,priest,holy,66,28,38
gordunni,1749,priest,holy,138,75,63
hakkar,1725,priest,holy,127,76,51
sanguino,1701,priest,holy,42,27,15
alakir,1701,priest,holy,106,59,47
ravencrest,1688,priest,holy,143,73,70
blackhand,1677,priest,holy,102,58,44
blackrock,1676,priest,holy,66,30,36
ravencrest,1670,priest,holy,72,40,32
thrall,1660,priest,holy,177,92,85
ravencrest,1637,priest,holy,36,18,18
saurfang,1635,priest,holy,192,92,100
gordunni,1635,priest,holy,54,19,35
wrathbringer,1633,priest,holy,96,48,48
kazzak,1633,priest,holy,65,30,35
kazzak,1631,priest,holy,95,53,42
ravencrest,1621,priest,holy,60,36,24
ravencrest,1617,priest,holy,46,21,25
drakthul,1613,priest,holy,54,27,27
gordunni,1611,priest,holy,60,28,32
frostmane,1611,priest,holy,116,53,63
ravencrest,1608,priest,holy,37,18,19
dun-morogh,1607,priest,holy,42,25,17
ravencrest,1601,priest,holy,160,88,72
outland,1591,priest,holy,56,26,30
kazzak,1563,priest,holy,38,21,17
argent-dawn,1563,priest,holy,36,18,18
archimonde,1547,priest,holy,36,18,18
stormscale,1533,priest,holy,120,55,65
blackscar,1530,priest,holy,24,16,8
twisting-nether,1523,priest,holy,43,19,24
blackscar,1518,priest,holy,90,43,47
ravencrest,1516,priest,holy,78,35,43
kazzak,1514,priest,holy,135,67,68
ragnaros,1510,priest,holy,60,24,36
kazzak,1504,priest,holy,24,16,8
thrall,1493,priest,holy,89,43,46
blackmoore,1482,priest,holy,30,19,11
stormscale,1468,priest,holy,54,30,24
silvermoon,1464,priest,holy,102,54,48
ravencrest,1460,priest,holy,117,62,55
arthas,1448,priest,holy,111,61,50
defias-brotherhood,1444,priest,holy,74,42,32
ravencrest,1433,priest,holy,30,15,15
tarren-mill,1425,priest,holy,30,15,15
khaz-modan,1420,priest,holy,51,27,24
gordunni,1400,priest,holy,30,15,15
chogall,1399,priest,holy,36,22,14
nemesis,1380,priest,holy,42,20,22
blackhand,1371,priest,holy,85,43,42
kazzak,1353,priest,holy,54,24,30
elune,1346,priest,holy,54,26,28
eredar,1343,priest,holy,24,14,10
soulflayer,1341,priest,holy,24,14,10
ravencrest,1341,priest,holy,30,14,16
ravencrest,1314,priest,holy,74,37,37
twisting-nether,1302,priest,holy,60,26,34
ravencrest,1300,priest,holy,89,38,51
stormrage,1290,priest,holy,70,37,33
outland,1286,priest,holy,60,35,25
ravencrest,1280,priest,holy,36,25,11
argent-dawn,1271,priest,holy,60,30,30
sanguino,1270,priest,holy,36,19,17
argent-dawn,1266,priest,holy,65,33,32
garrosh,1263,priest,holy,244,114,130
kazzak,1258,priest,holy,51,23,28
archimonde,1254,priest,holy,41,20,21
argent-dawn,1248,priest,holy,21,14,7
kazzak,1239,priest,holy,24,13,11
stormscale,1237,priest,holy,53,23,30
antonidas,1224,priest,holy,55,19,36
stormreaver,1217,priest,holy,48,18,30
ravencrest,1214,priest,holy,50,25,25
argent-dawn,1201,priest,holy,53,31,22
howling-fjord,1200,priest,holy,42,20,22
garrosh,1175,priest,holy,71,36,35
twisting-nether,1161,priest,holy,23,13,10
ravencrest,1152,priest,holy,18,12,6
the-maelstrom,1149,priest,holy,18,12,6
argent-dawn,1149,priest,holy,24,12,12
gordunni,1149,priest,holy,30,12,18
sanguino,1147,priest,holy,24,18,6
nazjatar,1131,priest,holy,24,12,12
ravencrest,1092,priest,holy,73,26,47
blackrock,1091,priest,holy,64,28,36
elune,1070,priest,holy,36,13,23
stormscale,1056,priest,holy,18,11,7
twisting-nether,1056,priest,holy,42,21,21
talnivarr,1056,priest,holy,24,11,13
soulflayer,1054,priest,holy,24,11,13
tirion,1053,priest,holy,30,11,19
frostmane,1052,priest,holy,24,11,13
defias-brotherhood,1048,priest,holy,24,11,13
goldrinn,1041,priest,holy,42,18,24
draenor,1033,priest,holy,18,12,6
die-aldor,1032,priest,holy,27,13,14
outland,1013,priest,holy,56,33,23
tarren-mill,1011,priest,holy,36,15,21
argent-dawn,996,priest,holy,73,39,34
ravenholdt,986,priest,holy,36,11,25
archimonde,980,priest,holy,20,11,9
medivh,961,priest,holy,57,27,30
kazzak,960,priest,holy,12,10,2
argent-dawn,959,priest,holy,18,10,8
defias-brotherhood,951,priest,holy,18,10,8
terokkar,942,priest,holy,42,22,20
haomarush,925,priest,holy,42,19,23
blackrock,887,priest,holy,16,10,6
thunderhorn,886,priest,holy,17,10,7
ravencrest,864,priest,holy,18,9,9
archimonde,863,priest,holy,12,9,3
aegwynn,863,priest,holy,18,9,9
antonidas,863,priest,holy,18,9,9
anetheron,863,priest,holy,18,9,9
ravencrest,860,priest,holy,18,9,9
gordunni,849,priest,holy,18,9,9
ysondre,797,priest,holy,11,9,2
dun-modr,793,priest,holy,17,9,8
tarren-mill,768,priest,holy,12,8,4
nemesis,768,priest,holy,18,8,10
blackmoore,767,priest,holy,12,8,4
uldaman,767,priest,holy,18,8,10
silvermoon,765,priest,holy,12,8,4
runetotem,761,priest,holy,12,8,4
doomhammer,755,priest,holy,12,8,4
minahonda,718,priest,holy,17,8,9
ravencrest,713,priest,holy,17,9,8
blackmoore,691,priest,holy,28,9,19
pozzo-delleternità,673,priest,holy,30,8,22
twisting-nether,672,priest,holy,12,7,5
blackhand,672,priest,holy,12,7,5
gordunni,672,priest,holy,12,7,5
conseil-des-ombres,672,priest,holy,12,7,5
hyjal,672,priest,holy,12,7,5
outland,672,priest,holy,12,7,5
ragnaros,672,priest,holy,18,7,11
ravencrest,672,priest,holy,24,7,17
blackmoore,671,priest,holy,12,7,5
elune,671,priest,holy,12,7,5
drekthar,671,priest,holy,18,7,11
silvermoon,670,priest,holy,18,7,11
dalaran,668,priest,holy,12,7,5
silvermoon,667,priest,holy,18,7,11
kelthuzad,610,priest,holy,27,8,19
gorgonnash,589,priest,holy,17,7,10
stormscale,576,priest,holy,12,6,6
ravencrest,576,priest,holy,12,6,6
auchindoun,576,priest,holy,12,6,6
ravencrest,576,priest,holy,12,6,6
ragnaros,576,priest,holy,12,6,6
gordunni,576,priest,holy,12,6,6
thrall,576,priest,holy,12,6,6
ravencrest,576,priest,holy,12,6,6
kazzak,576,priest,holy,12,6,6
draenor,576,priest,holy,12,6,6
aegwynn,576,priest,holy,12,6,6
elune,576,priest,holy,18,6,12
gordunni,576,priest,holy,18,6,12
stormscale,575,priest,holy,12,6,6
turalyon,575,priest,holy,12,6,6
cthun,575,priest,holy,12,6,6
blackmoore,575,priest,holy,18,6,12
tarren-mill,573,priest,holy,18,6,12
kazzak,571,priest,holy,18,6,12
nemesis,571,priest,holy,18,6,12
twilights-hammer,543,priest,holy,11,6,5
outland,543,priest,holy,11,6,5
twisting-nether,542,priest,holy,11,6,5
silvermoon,480,priest,holy,6,5,1
ravencrest,480,priest,holy,6,5,1
tarren-mill,480,priest,holy,12,5,7
sylvanas,480,priest,holy,12,5,7
stormscale,480,priest,holy,12,5,7
blackrock,480,priest,holy,12,5,7
twisting-nether,480,priest,holy,12,5,7
ysondre,480,priest,holy,12,5,7
draenor,480,priest,holy,18,5,13
quelthalas,479,priest,holy,12,5,7
argent-dawn,476,priest,holy,12,5,7
nemesis,447,priest,holy,11,5,6
draenor,384,priest,holy,6,4,2
voljin,384,priest,holy,6,4,2
nethersturm,384,priest,holy,6,4,2
uldaman,384,priest,holy,6,4,2
blackrock,384,priest,holy,6,4,2
sylvanas,384,priest,holy,6,4,2
blackhand,384,priest,holy,12,4,8
tarren-mill,384,priest,holy,12,4,8
chamber-of-aspects,384,priest,holy,12,4,8
stormscale,384,priest,holy,12,4,8
tarren-mill,384,priest,holy,12,4,8
argent-dawn,384,priest,holy,12,4,8
ragnaros,384,priest,holy,12,4,8
eredar,384,priest,holy,13,4,9
blackrock,384,priest,holy,18,4,14
outland,384,priest,holy,18,4,14
archimonde,383,priest,holy,12,4,8
dragonmaw,352,priest,holy,16,4,12
ravencrest,319,priest,holy,5,4,1
doomhammer,288,priest,holy,6,3,3
argent-dawn,288,priest,holy,6,3,3
draenor,288,priest,holy,6,3,3
draenor,288,priest,holy,6,3,3
argent-dawn,288,priest,holy,6,3,3
draenor,288,priest,holy,6,3,3
nemesis,288,priest,holy,6,3,3
drekthar,288,priest,holy,6,3,3
tarren-mill,288,priest,holy,6,3,3
kazzak,288,priest,holy,6,3,3
stormscale,288,priest,holy,6,3,3
chromaggus,288,priest,holy,6,3,3
gordunni,288,priest,holy,6,3,3
ysondre,288,priest,holy,6,3,3
ravencrest,288,priest,holy,6,3,3
ravencrest,288,priest,holy,6,3,3
shattered-hand,288,priest,holy,6,3,3
ravencrest,288,priest,holy,6,3,3
tarren-mill,288,priest,holy,12,3,9
dun-modr,288,priest,holy,12,3,9
arathor,288,priest,holy,18,3,15
sylvanas,287,priest,holy,12,3,9
thrall,192,priest,holy,6,2,4
ragnaros,192,priest,holy,6,2,4
gorgonnash,192,priest,holy,6,2,4
archimonde,192,priest,holy,6,2,4
defias-brotherhood,192,priest,holy,6,2,4
dun-modr,192,priest,holy,6,2,4
soulflayer,192,priest,holy,6,2,4
stormscale,192,priest,holy,6,2,4
drakthul,192,priest,holy,6,2,4
silvermoon,192,priest,holy,6,2,4
die-nachtwache,192,priest,holy,6,2,4
antonidas,192,priest,holy,6,2,4
twisting-nether,192,priest,holy,6,2,4
aegwynn,192,priest,holy,6,2,4
blackrock,192,priest,holy,6,2,4
frostwhisper,192,priest,holy,6,2,4
howling-fjord,192,priest,holy,8,2,6
pozzo-delleternità,192,priest,holy,8,2,6
magtheridon,192,priest,holy,18,2,16
argent-dawn,159,priest,holy,5,2,3
defias-brotherhood,96,priest,holy,6,1,5
blackrock,96,priest,holy,6,1,5
twisting-nether,96,priest,holy,6,1,5
blackhand,96,priest,holy,6,1,5
twisting-nether,96,priest,holy,6,1,5
hyjal,96,priest,holy,6,1,5
sanguino,96,priest,holy,6,1,5
gordunni,96,priest,holy,6,1,5
ragnaros,96,priest,holy,6,1,5
stormscale,96,priest,holy,12,1,11
blackrock,96,priest,holy,12,1,11
twisting-nether,96,priest,holy,12,1,11
outland,79,priest,holy,5,1,4
azshara,42,priest,holy,6,2,4
ravencrest,2172,priest,discipline,86,54,32
ravencrest,2161,priest,discipline,211,122,89
draenor,2159,priest,discipline,79,46,33
ravencrest,2145,priest,discipline,115,64,51
kazzak,2133,priest,discipline,95,68,27
stormscale,2133,priest,discipline,114,62,52
archimonde,2132,priest,discipline,66,39,27
sanguino,2131,priest,discipline,83,44,39
kazzak,2131,priest,discipline,90,45,45
ravencrest,2106,priest,discipline,67,35,32
ravencrest,2049,priest,discipline,60,29,31
emerald-dream,2045,priest,discipline,77,40,37
stormscale,2022,priest,discipline,85,45,40
blackscar,2017,priest,discipline,104,47,57
kelthuzad,1999,priest,discipline,90,48,42
ravencrest,1989,priest,discipline,66,32,34
aegwynn,1979,priest,discipline,88,52,36
kazzak,1977,priest,discipline,76,43,33
kazzak,1972,priest,discipline,107,50,57
dun-modr,1971,priest,discipline,120,63,57
ravencrest,1971,priest,discipline,74,36,38
frostwolf,1969,priest,discipline,84,37,47
shattered-hand,1963,priest,discipline,84,42,42
gordunni,1955,priest,discipline,66,35,31
tarren-mill,1953,priest,discipline,86,50,36
ravencrest,1951,priest,discipline,59,39,20
archimonde,1947,priest,discipline,58,33,25
twisting-nether,1940,priest,discipline,72,38,34
sylvanas,1938,priest,discipline,65,34,31
kazzak,1937,priest,discipline,78,38,40
ravencrest,1935,priest,discipline,54,28,26
soulflayer,1919,priest,discipline,72,34,38
howling-fjord,1917,priest,discipline,117,73,44
ravencrest,1911,priest,discipline,63,32,31
ravencrest,1903,priest,discipline,107,62,45
ravencrest,1902,priest,discipline,58,30,28
ravencrest,1901,priest,discipline,78,35,43
stormscale,1898,priest,discipline,127,54,73
gordunni,1890,priest,discipline,29,21,8
ravencrest,1890,priest,discipline,87,45,42
destromath,1887,priest,discipline,88,58,30
ravencrest,1887,priest,discipline,72,32,40
ravencrest,1885,priest,discipline,42,24,18
stormscale,1883,priest,discipline,66,37,29
draenor,1880,priest,discipline,42,24,18
ragnaros,1880,priest,discipline,60,29,31
sylvanas,1873,priest,discipline,90,55,35
soulflayer,1873,priest,discipline,144,75,69
kazzak,1865,priest,discipline,57,35,22
draenor,1864,priest,discipline,54,23,31
ravencrest,1862,priest,discipline,68,35,33
ravencrest,1861,priest,discipline,66,34,32
ravencrest,1860,priest,discipline,52,28,24
kazzak,1859,priest,discipline,60,33,27
blackmoore,1858,priest,discipline,59,36,23
howling-fjord,1858,priest,discipline,102,62,40
archimonde,1858,priest,discipline,48,29,19
die-aldor,1855,priest,discipline,30,20,10
twisting-nether,1854,priest,discipline,70,43,27
kazzak,1854,priest,discipline,66,34,32
tarren-mill,1852,priest,discipline,44,29,15
ravencrest,1852,priest,discipline,42,25,17
blackmoore,1850,priest,discipline,166,86,80
eredar,1849,priest,discipline,60,33,27
zuljin,1849,priest,discipline,72,31,41
kazzak,1848,priest,discipline,42,25,17
twisting-nether,1848,priest,discipline,72,28,44
outland,1847,priest,discipline,48,27,21
ragnaros,1845,priest,discipline,46,29,17
stormscale,1845,priest,discipline,59,33,26
gordunni,1845,priest,discipline,48,25,23
ravencrest,1844,priest,discipline,54,30,24
die-aldor,1843,priest,discipline,48,30,18
auchindoun,1843,priest,discipline,52,27,25
ravencrest,1842,priest,discipline,47,35,12
ravencrest,1842,priest,discipline,36,22,14
archimonde,1841,priest,discipline,42,22,20
blackrock,1841,priest,discipline,89,41,48
tarren-mill,1841,priest,discipline,77,34,43
blutkessel,1839,priest,discipline,48,28,20
ravencrest,1839,priest,discipline,54,27,27
ravencrest,1838,priest,discipline,66,32,34
ravencrest,1837,priest,discipline,60,30,30
aegwynn,1835,priest,discipline,30,25,5
blackscar,1834,priest,discipline,42,27,15
sylvanas,1832,priest,discipline,48,29,19
arygos,1830,priest,discipline,62,39,23
argent-dawn,1829,priest,discipline,63,31,32
pozzo-delleternità,1829,priest,discipline,58,28,30
sylvanas,1829,priest,discipline,70,31,39
eredar,1828,priest,discipline,54,31,23
argent-dawn,1828,priest,discipline,119,64,55
ravencrest,1827,priest,discipline,48,24,24
thrall,1826,priest,discipline,96,48,48
quelthalas,1826,priest,discipline,64,30,34
ravencrest,1825,priest,discipline,60,29,31
aegwynn,1824,priest,discipline,105,57,48
blackrock,1823,priest,discipline,60,34,26
soulflayer,1823,priest,discipline,71,37,34
stormscale,1822,priest,discipline,72,40,32
sylvanas,1822,priest,discipline,42,23,19
stormscale,1822,priest,discipline,90,47,43
draenor,1822,priest,discipline,130,65,65
silvermoon,1821,priest,discipline,35,28,7
nemesis,1821,priest,discipline,30,21,9
borean-tundra,1821,priest,discipline,42,26,16
khaz-modan,1821,priest,discipline,134,82,52
argent-dawn,1821,priest,discipline,239,124,115
ravencrest,1819,priest,discipline,47,27,20
howling-fjord,1819,priest,discipline,66,36,30
outland,1819,priest,discipline,54,27,27
lothar,1818,priest,discipline,51,27,24
outland,1818,priest,discipline,90,44,46
blackscar,1817,priest,discipline,47,27,20
argent-dawn,1817,priest,discipline,104,48,56
dun-modr,1816,priest,discipline,57,34,23
archimonde,1816,priest,discipline,48,28,20
blackscar,1815,priest,discipline,48,24,24
blackrock,1815,priest,discipline,66,29,37
blackmoore,1814,priest,discipline,60,32,28
anachronos,1814,priest,discipline,66,34,32
gordunni,1814,priest,discipline,59,30,29
silvermoon,1812,priest,discipline,79,45,34
argent-dawn,1812,priest,discipline,58,32,26
outland,1812,priest,discipline,36,19,17
aegwynn,1812,priest,discipline,60,30,30
blackrock,1811,priest,discipline,100,55,45
ravencrest,1811,priest,discipline,80,40,40
blackrock,1810,priest,discipline,81,43,38
stormscale,1809,priest,discipline,36,27,9
nemesis,1809,priest,discipline,48,26,22
sylvanas,1808,priest,discipline,42,23,19
razuvious,1808,priest,discipline,60,31,29
hyjal,1808,priest,discipline,112,57,55
blackmoore,1808,priest,discipline,54,25,29
tarren-mill,1807,priest,discipline,60,28,32
archimonde,1806,priest,discipline,102,65,37
antonidas,1806,priest,discipline,30,19,11
draenor,1806,priest,discipline,120,65,55
blackscar,1805,priest,discipline,36,26,10
ragnaros,1805,priest,discipline,84,57,27
thrall,1805,priest,discipline,42,26,16
ravencrest,1805,priest,discipline,60,32,28
gordunni,1805,priest,discipline,60,27,33
kazzak,1804,priest,discipline,42,24,18
frostwolf,1804,priest,discipline,54,26,28
silvermoon,1803,priest,discipline,105,51,54
soulflayer,1802,priest,discipline,36,19,17
twisting-nether,1801,priest,discipline,53,29,24
ravencrest,1801,priest,discipline,60,28,32
sanguino,1801,priest,discipline,179,82,97
stormscale,1800,priest,discipline,48,31,17
blackrock,1800,priest,discipline,96,52,44
aegwynn,1800,priest,discipline,54,27,27
tarren-mill,1800,priest,discipline,59,29,30
draenor,1798,priest,discipline,72,40,32
blackscar,1797,priest,discipline,120,67,53
ravencrest,1797,priest,discipline,78,39,39
blackmoore,1794,priest,discipline,151,69,82
howling-fjord,1793,priest,discipline,45,27,18
tarren-mill,1791,priest,discipline,59,31,28
stormscale,1787,priest,discipline,84,52,32
blackrock,1786,priest,discipline,30,21,9
silvermoon,1782,priest,discipline,220,119,101
ravencrest,1781,priest,discipline,23,19,4
blackrock,1770,priest,discipline,72,36,36
ravencrest,1768,priest,discipline,48,29,19
tarren-mill,1765,priest,discipline,60,42,18
kazzak,1764,priest,discipline,66,31,35
kazzak,1762,priest,discipline,119,60,59
sargeras,1758,priest,discipline,36,23,13
malfurion,1758,priest,discipline,112,48,64
twisting-nether,1756,priest,discipline,60,29,31
stormreaver,1751,priest,discipline,60,32,28
ravencrest,1746,priest,discipline,48,26,22
draenor,1746,priest,discipline,76,35,41
archimonde,1744,priest,discipline,147,65,82
archimonde,1744,priest,discipline,83,30,53
norgannon,1743,priest,discipline,138,66,72
soulflayer,1742,priest,discipline,64,38,26
nemesis,1739,priest,discipline,66,45,21
azshara,1739,priest,discipline,41,22,19
archimonde,1738,priest,discipline,148,88,60
archimonde,1738,priest,discipline,72,38,34
silvermoon,1737,priest,discipline,83,33,50
blackrock,1734,priest,discipline,183,101,82
argent-dawn,1729,priest,discipline,108,60,48
bladefist,1725,priest,discipline,213,108,105
kazzak,1724,priest,discipline,47,27,20
aggramar,1724,priest,discipline,36,20,16
sanguino,1723,priest,discipline,57,29,28
hyjal,1723,priest,discipline,46,23,23
frostwolf,1723,priest,discipline,88,37,51
twisting-nether,1722,priest,discipline,108,61,47
soulflayer,1722,priest,discipline,53,23,30
twisting-nether,1721,priest,discipline,42,22,20
blackrock,1721,priest,discipline,80,36,44
baelgun,1720,priest,discipline,60,30,30
draenor,1719,priest,discipline,42,27,15
twisting-nether,1719,priest,discipline,77,47,30
outland,1719,priest,discipline,51,26,25
blackrock,1718,priest,discipline,60,35,25
sargeras,1716,priest,discipline,42,21,21
silvermoon,1715,priest,discipline,48,25,23
the-venture-co,1715,priest,discipline,48,24,24
executus,1715,priest,discipline,96,44,52
silvermoon,1713,priest,discipline,159,86,73
silvermoon,1711,priest,discipline,160,70,90
archimonde,1711,priest,discipline,54,23,31
kazzak,1710,priest,discipline,94,56,38
hyjal,1708,priest,discipline,42,26,16
uldaman,1707,priest,discipline,66,37,29
illidan,1705,priest,discipline,48,27,21
ravencrest,1703,priest,discipline,30,18,12
kazzak,1702,priest,discipline,77,37,40
ravencrest,1702,priest,discipline,90,41,49
ravencrest,1700,priest,discipline,48,21,27
talnivarr,1700,priest,discipline,78,33,45
eredar,1699,priest,discipline,65,36,29
blackrock,1699,priest,discipline,48,24,24
argent-dawn,1697,priest,discipline,42,23,19
ravencrest,1697,priest,discipline,54,27,27
argent-dawn,1695,priest,discipline,54,30,24
aegwynn,1695,priest,discipline,48,24,24
blackhand,1694,priest,discipline,36,18,18
ravencrest,1694,priest,discipline,42,20,22
stormscale,1693,priest,discipline,30,18,12
archimonde,1693,priest,discipline,50,29,21
argent-dawn,1693,priest,discipline,87,45,42
defias-brotherhood,1693,priest,discipline,36,18,18
twisting-nether,1692,priest,discipline,47,26,21
blackrock,1690,priest,discipline,50,29,21
soulflayer,1690,priest,discipline,36,18,18
tyrande,1690,priest,discipline,48,20,28
blackrock,1689,priest,discipline,90,44,46
hyjal,1687,priest,discipline,79,52,27
ravencrest,1687,priest,discipline,64,39,25
blackhand,1686,priest,discipline,138,71,67
eredar,1685,priest,discipline,100,52,48
stormscale,1683,priest,discipline,36,18,18
auchindoun,1682,priest,discipline,90,41,49
kazzak,1681,priest,discipline,54,26,28
dun-modr,1679,priest,discipline,66,31,35
silvermoon,1679,priest,discipline,54,21,33
soulflayer,1677,priest,discipline,56,30,26
soulflayer,1676,priest,discipline,120,59,61
tarren-mill,1675,priest,discipline,55,33,22
darkmoon-faire,1671,priest,discipline,54,34,20
kazzak,1671,priest,discipline,56,31,25
stormscale,1670,priest,discipline,42,22,20
kazzak,1670,priest,discipline,36,18,18
twisting-nether,1669,priest,discipline,108,56,52
twisting-nether,1668,priest,discipline,47,21,26
draenor,1667,priest,discipline,46,26,20
outland,1667,priest,discipline,125,59,66
ravencrest,1664,priest,discipline,36,23,13
blackrock,1664,priest,discipline,84,43,41
tarren-mill,1664,priest,discipline,66,33,33
blackmoore,1664,priest,discipline,43,21,22
frostwolf,1662,priest,discipline,102,56,46
blackhand,1662,priest,discipline,66,35,31
gordunni,1661,priest,discipline,34,20,14
ravencrest,1661,priest,discipline,89,52,37
kazzak,1660,priest,discipline,96,36,60
dun-modr,1659,priest,discipline,42,19,23
ravencrest,1658,priest,discipline,89,49,40
destromath,1656,priest,discipline,110,46,64
draenor,1653,priest,discipline,101,59,42
stormscale,1653,priest,discipline,246,123,123
ysondre,1652,priest,discipline,77,49,28
greymane,1651,priest,discipline,90,56,34
dun-modr,1650,priest,discipline,53,36,17
ravencrest,1649,priest,discipline,72,47,25
stormscale,1649,priest,discipline,42,22,20
ragnaros,1644,priest,discipline,39,24,15
outland,1644,priest,discipline,66,31,35
tarren-mill,1643,priest,discipline,50,26,24
ravencrest,1641,priest,discipline,72,38,34
gordunni,1641,priest,discipline,42,22,20
zirkel-des-cenarius,1640,priest,discipline,42,21,21
gordunni,1639,priest,discipline,48,24,24
stormscale,1639,priest,discipline,42,20,22
gordunni,1639,priest,discipline,50,22,28
ashenvale,1639,priest,discipline,54,23,31
stormscale,1638,priest,discipline,54,29,25
argent-dawn,1638,priest,discipline,58,28,30
silvermoon,1637,priest,discipline,56,31,25
blackhand,1637,priest,discipline,48,26,22
silvermoon,1637,priest,discipline,110,54,56
frostmane,1635,priest,discipline,48,25,23
dun-modr,1635,priest,discipline,47,21,26
blackscar,1633,priest,discipline,42,21,21
argent-dawn,1632,priest,discipline,36,20,16
tarren-mill,1631,priest,discipline,48,23,25
twilights-hammer,1630,priest,discipline,75,36,39
stormreaver,1629,priest,discipline,78,41,37
eredar,1628,priest,discipline,36,20,16
blackrock,1628,priest,discipline,42,18,24
aegwynn,1627,priest,discipline,48,23,25
alonsus,1627,priest,discipline,99,43,56
tarren-mill,1626,priest,discipline,45,20,25
sylvanas,1626,priest,discipline,150,66,84
blackmoore,1625,priest,discipline,42,17,25
ysondre,1624,priest,discipline,24,17,7
kazzak,1624,priest,discipline,90,46,44
aegwynn,1624,priest,discipline,105,48,57
doomhammer,1623,priest,discipline,36,20,16
gordunni,1622,priest,discipline,54,30,24
kazzak,1621,priest,discipline,40,25,15
archimonde,1621,priest,discipline,61,37,24
twisting-nether,1619,priest,discipline,39,25,14
azjolnerub,1617,priest,discipline,30,17,13
outland,1617,priest,discipline,42,20,22
gordunni,1617,priest,discipline,36,17,19
twisting-nether,1616,priest,discipline,58,37,21
silvermoon,1615,priest,discipline,36,21,15
ragnaros,1615,priest,discipline,96,51,45
ragnaros,1614,priest,discipline,48,21,27
darksorrow,1613,priest,discipline,36,21,15
arakarahm,1612,priest,discipline,49,27,22
blackrock,1611,priest,discipline,36,21,15
lightnings-blade,1611,priest,discipline,36,17,19
tarren-mill,1611,priest,discipline,48,20,28
ragnaros,1610,priest,discipline,32,20,12
ravencrest,1610,priest,discipline,64,35,29
hellscream,1608,priest,discipline,101,60,41
tarren-mill,1608,priest,discipline,59,30,29
sargeras,1608,priest,discipline,51,22,29
kazzak,1607,priest,discipline,84,37,47
kazzak,1605,priest,discipline,24,20,4
twisting-nether,1604,priest,discipline,42,21,21
sanguino,1603,priest,discipline,30,21,9
borean-tundra,1602,priest,discipline,42,32,10
stormscale,1602,priest,discipline,42,17,25
kazzak,1601,priest,discipline,30,20,10
ashenvale,1601,priest,discipline,41,20,21
archimonde,1601,priest,discipline,64,31,33
guldan,1600,priest,discipline,54,30,24
twisting-nether,1600,priest,discipline,36,17,19
kazzak,1600,priest,discipline,66,30,36
ravencrest,1600,priest,discipline,42,19,23
kaelthas,1599,priest,discipline,78,43,35
antonidas,1599,priest,discipline,144,77,67
archimonde,1599,priest,discipline,72,32,40
boulderfist,1598,priest,discipline,118,63,55
nagrand,1596,priest,discipline,40,23,17
blackhand,1596,priest,discipline,47,20,27
tarren-mill,1596,priest,discipline,48,19,29
burning-legion,1592,priest,discipline,198,99,99
blackhand,1591,priest,discipline,54,34,20
soulflayer,1589,priest,discipline,60,36,24
ragnaros,1589,priest,discipline,102,50,52
kazzak,1587,priest,discipline,59,34,25
silvermoon,1585,priest,discipline,76,40,36
sanguino,1581,priest,discipline,36,17,19
alleria,1580,priest,discipline,42,22,20
stormscale,1578,priest,discipline,56,29,27
soulflayer,1577,priest,discipline,42,18,24
the-venture-co,1577,priest,discipline,42,17,25
blackmoore,1576,priest,discipline,65,34,31
kazzak,1574,priest,discipline,42,18,24
ravencrest,1573,priest,discipline,105,51,54
grom,1570,priest,discipline,48,38,10
kazzak,1570,priest,discipline,44,20,24
twisting-nether,1569,priest,discipline,173,95,78
tichondrius,1568,priest,discipline,55,41,14
blackscar,1566,priest,discipline,66,31,35
blackrock,1566,priest,discipline,54,21,33
norgannon,1565,priest,discipline,46,23,23
eversong,1565,priest,discipline,239,107,132
dun-modr,1564,priest,discipline,54,24,30
silvermoon,1564,priest,discipline,48,21,27
eredar,1563,priest,discipline,100,60,40
blackhand,1563,priest,discipline,152,78,74
sylvanas,1563,priest,discipline,42,19,23
drakthul,1562,priest,discipline,36,23,13
argent-dawn,1562,priest,discipline,136,65,71
stormscale,1561,priest,discipline,84,51,33
twisting-nether,1561,priest,discipline,78,40,38
rashgarroth,1561,priest,discipline,68,33,35
the-maelstrom,1561,priest,discipline,72,34,38
blackrock,1561,priest,discipline,48,19,29
gordunni,1559,priest,discipline,124,68,56
deathguard,1558,priest,discipline,48,29,19
xavius,1557,priest,discipline,40,23,17
bloodhoof,1557,priest,discipline,120,64,56
blackmoore,1557,priest,discipline,35,18,17
blackmoore,1557,priest,discipline,54,24,30
twisting-nether,1557,priest,discipline,117,51,66
ragnaros,1557,priest,discipline,48,18,30
kazzak,1555,priest,discipline,54,25,29
archimonde,1555,priest,discipline,42,18,24
soulflayer,1555,priest,discipline,85,29,56
tarren-mill,1554,priest,discipline,69,34,35
draenor,1552,priest,discipline,43,21,22
hyjal,1551,priest,discipline,27,18,9
sylvanas,1551,priest,discipline,77,38,39
dun-modr,1550,priest,discipline,102,54,48
outland,1549,priest,discipline,124,59,65
kazzak,1548,priest,discipline,41,29,12
sylvanas,1548,priest,discipline,60,29,31
antonidas,1548,priest,discipline,66,31,35
stormscale,1547,priest,discipline,54,28,26
kazzak,1547,priest,discipline,36,18,18
twisting-nether,1546,priest,discipline,78,45,33
the-maelstrom,1546,priest,discipline,183,102,81
howling-fjord,1546,priest,discipline,75,38,37
outland,1544,priest,discipline,36,20,16
sanguino,1544,priest,discipline,102,51,51
kazzak,1543,priest,discipline,51,31,20
das-syndikat,1542,priest,discipline,36,18,18
twisting-nether,1542,priest,discipline,52,25,27
howling-fjord,1541,priest,discipline,48,28,20
twisting-nether,1540,priest,discipline,60,30,30
blackhand,1540,priest,discipline,36,17,19
aggra-português,1540,priest,discipline,53,25,28
antonidas,1540,priest,discipline,66,30,36
sylvanas,1540,priest,discipline,59,24,35
chogall,1539,priest,discipline,48,23,25
die-ewige-wacht,1536,priest,discipline,30,17,13
ravencrest,1536,priest,discipline,48,25,23
blackscar,1535,priest,discipline,61,32,29
hyjal,1535,priest,discipline,63,28,35
gordunni,1534,priest,discipline,24,16,8
blackmoore,1534,priest,discipline,30,16,14
twisting-nether,1533,priest,discipline,36,16,20
argent-dawn,1533,priest,discipline,60,26,34
silvermoon,1532,priest,discipline,91,56,35
kazzak,1531,priest,discipline,30,16,14
soulflayer,1531,priest,discipline,30,16,14
ravencrest,1531,priest,discipline,48,19,29
blackscar,1530,priest,discipline,36,26,10
grim-batol,1530,priest,discipline,68,45,23
alleria,1530,priest,discipline,45,27,18
nagrand,1530,priest,discipline,34,18,16
tarren-mill,1529,priest,discipline,41,21,20
twisting-nether,1529,priest,discipline,65,29,36
gordunni,1528,priest,discipline,69,31,38
pozzo-delleternità,1527,priest,discipline,54,25,29
archimonde,1526,priest,discipline,36,16,20
ravencrest,1525,priest,discipline,72,44,28
kult-der-verdammten,1525,priest,discipline,60,30,30
twisting-nether,1525,priest,discipline,157,71,86
malganis,1523,priest,discipline,147,74,73
tarren-mill,1523,priest,discipline,54,23,31
stormscale,1521,priest,discipline,36,21,15
draenor,1521,priest,discipline,42,24,18
blackrock,1520,priest,discipline,87,55,32
blackmoore,1520,priest,discipline,42,24,18
aszune,1520,priest,discipline,30,17,13
blackmoore,1520,priest,discipline,54,26,28
madmortem,1518,priest,discipline,78,45,33
onyxia,1518,priest,discipline,54,24,30
draenor,1517,priest,discipline,30,16,14
eredar,1517,priest,discipline,100,43,57
ragnaros,1516,priest,discipline,48,27,21
ragnaros,1515,priest,discipline,36,17,19
silvermoon,1514,priest,discipline,102,49,53
outland,1513,priest,discipline,38,25,13
sylvanas,1512,priest,discipline,54,33,21
aegwynn,1511,priest,discipline,30,16,14
tarren-mill,1510,priest,discipline,84,43,41
ravencrest,1510,priest,discipline,68,32,36
draenor,1509,priest,discipline,24,16,8
chromaggus,1509,priest,discipline,44,22,22
twisting-nether,1508,priest,discipline,71,39,32
kazzak,1508,priest,discipline,68,34,34
twisting-nether,1506,priest,discipline,128,58,70
azjolnerub,1505,priest,discipline,60,25,35
blackmoore,1504,priest,discipline,104,49,55
eredar,1501,priest,discipline,51,27,24
stormrage,1501,priest,discipline,50,19,31
blackhand,1500,priest,discipline,24,16,8
deathguard,1500,priest,discipline,77,42,35
kazzak,1499,priest,discipline,33,19,14
burning-legion,1497,priest,discipline,89,39,50
hyjal,1497,priest,discipline,44,19,25
eredar,1496,priest,discipline,24,16,8
silvermoon,1495,priest,discipline,52,22,30
outland,1494,priest,discipline,76,35,41
tarren-mill,1493,priest,discipline,70,36,34
sanguino,1493,priest,discipline,84,37,47
ravencrest,1492,priest,discipline,36,17,19
stormscale,1487,priest,discipline,78,37,41
zuljin,1487,priest,discipline,72,30,42
argent-dawn,1486,priest,discipline,61,28,33
blackhand,1486,priest,discipline,48,17,31
soulflayer,1485,priest,discipline,46,32,14
twilights-hammer,1485,priest,discipline,36,18,18
tarren-mill,1481,priest,discipline,43,24,19
khaz-modan,1481,priest,discipline,48,26,22
nemesis,1481,priest,discipline,119,60,59
gordunni,1477,priest,discipline,104,57,47
drakthul,1477,priest,discipline,48,23,25
deathguard,1477,priest,discipline,35,16,19
argent-dawn,1475,priest,discipline,60,30,30
blackmoore,1475,priest,discipline,88,42,46
eredar,1475,priest,discipline,48,21,27
silvermoon,1475,priest,discipline,44,19,25
destromath,1473,priest,discipline,35,20,15
outland,1473,priest,discipline,30,17,13
gordunni,1470,priest,discipline,66,38,28
archimonde,1470,priest,discipline,29,16,13
gordunni,1469,priest,discipline,38,25,13
argent-dawn,1468,priest,discipline,78,41,37
deathguard,1467,priest,discipline,72,41,31
twisting-nether,1467,priest,discipline,54,29,25
ravencrest,1467,priest,discipline,174,90,84
darksorrow,1466,priest,discipline,72,30,42
frostwhisper,1465,priest,discipline,42,16,26
dalaran,1462,priest,discipline,51,20,31
tarren-mill,1461,priest,discipline,42,26,16
khaz-modan,1459,priest,discipline,30,20,10
burning-blade,1458,priest,discipline,60,38,22
azshara,1458,priest,discipline,81,39,42
tarren-mill,1457,priest,discipline,36,17,19
nemesis,1453,priest,discipline,36,20,16
aegwynn,1446,priest,discipline,48,24,24
archimonde,1445,priest,discipline,38,24,14
gordunni,1445,priest,discipline,107,45,62
durotan,1443,priest,discipline,42,24,18
sanguino,1442,priest,discipline,36,20,16
ravencrest,1442,priest,discipline,59,30,29
sanguino,1441,priest,discipline,36,16,20
soulflayer,1441,priest,discipline,54,22,32
kazzak,1439,priest,discipline,50,28,22
ravencrest,1439,priest,discipline,30,15,15
twisting-nether,1439,priest,discipline,58,23,35
frostmane,1438,priest,discipline,24,15,9
draenor,1437,priest,discipline,24,15,9
argent-dawn,1437,priest,discipline,49,27,22
stormscale,1437,priest,discipline,72,30,42
kazzak,1436,priest,discipline,58,27,31
onyxia,1434,priest,discipline,51,24,27
ravencrest,1433,priest,discipline,24,19,5
blackrock,1433,priest,discipline,42,22,20
outland,1433,priest,discipline,30,15,15
ravencrest,1431,priest,discipline,18,15,3
stormscale,1431,priest,discipline,77,40,37
eredar,1430,priest,discipline,30,15,15
kazzak,1429,priest,discipline,24,18,6
galakrond,1429,priest,discipline,47,19,28
ravencrest,1428,priest,discipline,54,31,23
sylvanas,1428,priest,discipline,36,15,21
twisting-nether,1425,priest,discipline,113,60,53
howling-fjord,1425,priest,discipline,54,25,29
howling-fjord,1421,priest,discipline,24,15,9
archimonde,1421,priest,discipline,135,73,62
drakthul,1420,priest,discipline,36,20,16
archimonde,1420,priest,discipline,42,23,19
gordunni,1418,priest,discipline,30,16,14
aegwynn,1417,priest,discipline,88,45,43
stormscale,1416,priest,discipline,89,45,44
arathor,1416,priest,discipline,37,18,19
tarren-mill,1415,priest,discipline,78,40,38
sylvanas,1415,priest,discipline,42,15,27
blackrock,1414,priest,discipline,30,15,15
ysondre,1413,priest,discipline,24,15,9
howling-fjord,1410,priest,discipline,24,15,9
ravencrest,1409,priest,discipline,30,20,10
outland,1409,priest,discipline,30,15,15
stormscale,1408,priest,discipline,36,20,16
blackmoore,1408,priest,discipline,30,16,14
magtheridon,1408,priest,discipline,36,18,18
tarren-mill,1407,priest,discipline,90,49,41
draenor,1406,priest,discipline,44,26,18
gordunni,1405,priest,discipline,34,25,9
ravencrest,1405,priest,discipline,23,15,8
twisting-nether,1405,priest,discipline,53,22,31
hyjal,1403,priest,discipline,54,33,21
tarren-mill,1403,priest,discipline,84,44,40
ragnaros,1401,priest,discipline,62,37,25
hyjal,1401,priest,discipline,66,34,32
burning-blade,1400,priest,discipline,24,15,9
azjolnerub,1400,priest,discipline,36,15,21
khaz-modan,1399,priest,discipline,72,39,33
dun-modr,1399,priest,discipline,119,51,68
blackhand,1398,priest,discipline,140,70,70
stormscale,1398,priest,discipline,48,18,30
blackhand,1397,priest,discipline,105,57,48
ragnaros,1393,priest,discipline,57,28,29
thrall,1393,priest,discipline,62,29,33
chogall,1392,priest,discipline,69,31,38
gordunni,1392,priest,discipline,114,51,63
sanguino,1387,priest,discipline,48,20,28
the-maelstrom,1386,priest,discipline,30,16,14
howling-fjord,1386,priest,discipline,60,28,32
twisting-nether,1386,priest,discipline,83,35,48
turalyon,1383,priest,discipline,77,42,35
aszune,1381,priest,discipline,75,38,37
thrall,1380,priest,discipline,36,15,21
silvermoon,1378,priest,discipline,24,15,9
nethersturm,1378,priest,discipline,90,43,47
archimonde,1377,priest,discipline,88,48,40
kazzak,1377,priest,discipline,78,42,36
dalaran,1375,priest,discipline,50,30,20
twisting-nether,1374,priest,discipline,60,26,34
sylvanas,1372,priest,discipline,36,20,16
stormscale,1372,priest,discipline,82,42,40
soulflayer,1372,priest,discipline,72,35,37
outland,1372,priest,discipline,39,16,23
silvermoon,1372,priest,discipline,42,16,26
silvermoon,1371,priest,discipline,36,19,17
gordunni,1370,priest,discipline,42,25,17
azjolnerub,1370,priest,discipline,70,29,41
blackmoore,1369,priest,discipline,30,16,14
gordunni,1369,priest,discipline,36,15,21
soulflayer,1368,priest,discipline,100,44,56
darksorrow,1368,priest,discipline,35,15,20
gordunni,1364,priest,discipline,24,15,9
ravencrest,1364,priest,discipline,82,39,43
twilights-hammer,1364,priest,discipline,39,17,22
draenor,1363,priest,discipline,66,28,38
rajaxx,1361,priest,discipline,69,32,37
stormreaver,1361,priest,discipline,48,20,28
hyjal,1358,priest,discipline,54,24,30
stormreaver,1358,priest,discipline,48,20,28
sylvanas,1357,priest,discipline,34,20,14
twisting-nether,1356,priest,discipline,32,16,16
blackrock,1354,priest,discipline,68,37,31
blackmoore,1354,priest,discipline,90,47,43
argent-dawn,1353,priest,discipline,54,36,18
silvermoon,1353,priest,discipline,30,15,15
garona,1352,priest,discipline,32,19,13
shendralar,1352,priest,discipline,39,16,23
outland,1351,priest,discipline,28,18,10
culte-de-la-rive-noire,1351,priest,discipline,34,20,14
kazzak,1350,priest,discipline,42,23,19
howling-fjord,1348,priest,discipline,36,17,19
stormscale,1347,priest,discipline,43,26,17
gordunni,1347,priest,discipline,102,51,51
aegwynn,1347,priest,discipline,48,18,30
grim-batol,1345,priest,discipline,97,52,45
kelthuzad,1345,priest,discipline,72,33,39
aggra-português,1344,priest,discipline,36,22,14
silvermoon,1344,priest,discipline,37,19,18
ravencrest,1344,priest,discipline,50,18,32
twisting-nether,1343,priest,discipline,30,18,12
howling-fjord,1343,priest,discipline,38,18,20
silvermoon,1342,priest,discipline,24,14,10
outland,1342,priest,discipline,24,14,10
outland,1342,priest,discipline,30,15,15
deathguard,1342,priest,discipline,36,14,22
twisting-nether,1342,priest,discipline,36,14,22
twisting-nether,1341,priest,discipline,24,14,10
outland,1341,priest,discipline,107,60,47
blackhand,1339,priest,discipline,24,14,10
silvermoon,1339,priest,discipline,172,85,87
blackmoore,1339,priest,discipline,30,14,16
aegwynn,1338,priest,discipline,30,14,16
eredar,1338,priest,discipline,30,14,16
ravencrest,1337,priest,discipline,36,24,12
thrall,1335,priest,discipline,45,30,15
gordunni,1334,priest,discipline,36,14,22
darksorrow,1332,priest,discipline,54,23,31
eredar,1331,priest,discipline,54,23,31
kazzak,1331,priest,discipline,42,14,28
ragnaros,1330,priest,discipline,30,14,16
gordunni,1330,priest,discipline,30,14,16
stormrage,1328,priest,discipline,24,14,10
darksorrow,1328,priest,discipline,37,21,16
kazzak,1328,priest,discipline,48,19,29
ravencrest,1327,priest,discipline,45,28,17
hyjal,1327,priest,discipline,30,14,16
aegwynn,1327,priest,discipline,36,14,22
area-52,1326,priest,discipline,33,18,15
draenor,1324,priest,discipline,18,14,4
ravencrest,1324,priest,discipline,48,26,22
kazzak,1324,priest,discipline,130,62,68
thrall,1324,priest,discipline,30,14,16
kazzak,1322,priest,discipline,24,14,10
howling-fjord,1322,priest,discipline,34,16,18
silvermoon,1321,priest,discipline,65,38,27
malganis,1320,priest,discipline,36,16,20
emerald-dream,1319,priest,discipline,42,19,23
gordunni,1318,priest,discipline,36,22,14
silvermoon,1318,priest,discipline,46,27,19
tarren-mill,1316,priest,discipline,30,16,14
burning-legion,1313,priest,discipline,24,14,10
outland,1313,priest,discipline,48,20,28
soulflayer,1312,priest,discipline,66,30,36
archimonde,1306,priest,discipline,48,19,29
gordunni,1298,priest,discipline,32,15,17
gordunni,1297,priest,discipline,129,67,62
grim-batol,1296,priest,discipline,39,20,19
blackrock,1296,priest,discipline,36,14,22
ravencrest,1295,priest,discipline,21,14,7
draenor,1294,priest,discipline,30,19,11
nazjatar,1293,priest,discipline,24,15,9
sunstrider,1293,priest,discipline,42,22,20
stormscale,1292,priest,discipline,54,30,24
stormreaver,1291,priest,discipline,27,14,13
darksorrow,1289,priest,discipline,53,18,35
dun-modr,1288,priest,discipline,81,42,39
gordunni,1285,priest,discipline,45,18,27
nordrassil,1284,priest,discipline,76,39,37
turalyon,1284,priest,discipline,48,23,25
defias-brotherhood,1282,priest,discipline,46,26,20
twisting-nether,1282,priest,discipline,42,18,24
antonidas,1277,priest,discipline,42,27,15
outland,1277,priest,discipline,77,39,38
frostwolf,1274,priest,discipline,30,15,15
drakthul,1274,priest,discipline,29,14,15
eitrigg,1273,priest,discipline,59,24,35
kazzak,1272,priest,discipline,169,77,92
soulflayer,1270,priest,discipline,53,28,25
ysondre,1269,priest,discipline,48,28,20
dalaran,1267,priest,discipline,24,14,10
antonidas,1267,priest,discipline,62,24,38
argent-dawn,1264,priest,discipline,32,14,18
sanguino,1263,priest,discipline,48,23,25
silvermoon,1263,priest,discipline,42,20,22
deepholm,1262,priest,discipline,36,19,17
hyjal,1260,priest,discipline,28,14,14
goldrinn,1257,priest,discipline,34,14,20
emerald-dream,1254,priest,discipline,24,14,10
gordunni,1251,priest,discipline,48,24,24
outland,1248,priest,discipline,18,13,5
draenor,1248,priest,discipline,24,13,11
ravencrest,1248,priest,discipline,30,13,17
stormscale,1247,priest,discipline,18,13,5
hyjal,1247,priest,discipline,49,35,14
antonidas,1247,priest,discipline,24,13,11
aegwynn,1247,priest,discipline,24,13,11
dun-modr,1247,priest,discipline,24,13,11
ravencrest,1247,priest,discipline,30,13,17
archimonde,1247,priest,discipline,30,13,17
draenor,1244,priest,discipline,18,13,5
kult-der-verdammten,1244,priest,discipline,30,17,13
eversong,1243,priest,discipline,42,13,29
stormscale,1241,priest,discipline,18,13,5
ysondre,1241,priest,discipline,30,13,17
burning-blade,1240,priest,discipline,30,14,16
blackscar,1240,priest,discipline,42,13,29
dun-morogh,1239,priest,discipline,85,45,40
gordunni,1237,priest,discipline,33,20,13
deathwing,1236,priest,discipline,30,13,17
archimonde,1235,priest,discipline,24,13,11
archimonde,1235,priest,discipline,30,13,17
eredar,1234,priest,discipline,48,18,30
ysondre,1233,priest,discipline,24,13,11
ysondre,1232,priest,discipline,44,21,23
sylvanas,1232,priest,discipline,30,13,17
malganis,1232,priest,discipline,57,23,34
draenor,1231,priest,discipline,24,14,10
dragonblight,1230,priest,discipline,46,31,15
sanguino,1230,priest,discipline,48,27,21
blackscar,1229,priest,discipline,24,13,11
ravencrest,1224,priest,discipline,24,13,11
frostmane,1223,priest,discipline,48,24,24
dun-modr,1223,priest,discipline,30,13,17
outland,1222,priest,discipline,54,29,25
antonidas,1222,priest,discipline,45,18,27
outland,1220,priest,discipline,54,22,32
soulflayer,1218,priest,discipline,57,31,26
conseil-des-ombres,1218,priest,discipline,24,13,11
thrall,1217,priest,discipline,71,33,38
archimonde,1214,priest,discipline,30,17,13
arygos,1214,priest,discipline,30,13,17
ravencrest,1213,priest,discipline,24,13,11
aegwynn,1210,priest,discipline,26,14,12
gordunni,1210,priest,discipline,69,32,37
hyjal,1209,priest,discipline,52,30,22
silvermoon,1207,priest,discipline,63,37,26
kazzak,1207,priest,discipline,24,13,11
neptulon,1205,priest,discipline,36,19,17
howling-fjord,1203,priest,discipline,76,33,43
ravencrest,1203,priest,discipline,30,13,17
blackrock,1203,priest,discipline,53,13,40
doomhammer,1200,priest,discipline,37,21,16
sargeras,1193,priest,discipline,28,13,15
turalyon,1192,priest,discipline,35,13,22
gordunni,1191,priest,discipline,28,15,13
conseil-des-ombres,1191,priest,discipline,40,15,25
tirion,1190,priest,discipline,41,14,27
sylvanas,1187,priest,discipline,24,19,5
blackrock,1185,priest,discipline,48,23,25
silvermoon,1184,priest,discipline,42,20,22
bronze-dragonflight,1184,priest,discipline,42,17,25
turalyon,1181,priest,discipline,20,14,6
ravencrest,1178,priest,discipline,22,14,8
draenor,1177,priest,discipline,73,33,40
soulflayer,1171,priest,discipline,36,23,13
nazjatar,1171,priest,discipline,126,58,68
draenor,1171,priest,discipline,54,22,32
shattered-hand,1165,priest,discipline,32,14,18
la-croisade-écarlate,1164,priest,discipline,30,14,16
draenor,1163,priest,discipline,25,15,10
hyjal,1163,priest,discipline,30,14,16
bloodfeather,1163,priest,discipline,48,21,27
blackmoore,1161,priest,discipline,30,15,15
ravencrest,1154,priest,discipline,54,34,20
blackrock,1152,priest,discipline,18,12,6
dentarg,1152,priest,discipline,24,12,12
tarren-mill,1152,priest,discipline,30,12,18
twisting-nether,1151,priest,discipline,18,12,6
draenor,1151,priest,discipline,25,13,12
frostmane,1151,priest,discipline,30,12,18
eredar,1151,priest,discipline,30,12,18
kazzak,1150,priest,discipline,36,12,24
ravencrest,1149,priest,discipline,24,12,12
ravencrest,1148,priest,discipline,30,21,9
kazzak,1148,priest,discipline,20,12,8
burning-legion,1148,priest,discipline,24,12,12
norgannon,1148,priest,discipline,29,12,17
archimonde,1147,priest,discipline,24,12,12
darksorrow,1147,priest,discipline,27,13,14
drakthul,1146,priest,discipline,47,21,26
khadgar,1143,priest,discipline,30,12,18
dun-modr,1141,priest,discipline,18,12,6
draenor,1140,priest,discipline,24,12,12
ravencrest,1140,priest,discipline,81,37,44
blackrock,1140,priest,discipline,36,13,23
draenor,1139,priest,discipline,72,38,34
kazzak,1139,priest,discipline,72,32,40
archimonde,1139,priest,discipline,30,12,18
archimonde,1135,priest,discipline,24,12,12
twisting-nether,1135,priest,discipline,24,12,12
pozzo-delleternità,1133,priest,discipline,50,23,27
blackrock,1130,priest,discipline,225,113,112
dalaran,1129,priest,discipline,47,25,22
ravencrest,1126,priest,discipline,24,12,12
argent-dawn,1122,priest,discipline,18,12,6
burning-legion,1122,priest,discipline,24,12,12
aggra-português,1120,priest,discipline,60,28,32
twisting-nether,1120,priest,discipline,28,13,15
archimonde,1119,priest,discipline,30,13,17
twisting-nether,1117,priest,discipline,29,14,15
shattered-halls,1117,priest,discipline,28,13,15
nemesis,1116,priest,discipline,16,13,3
hyjal,1112,priest,discipline,48,25,23
gordunni,1111,priest,discipline,24,12,12
stormreaver,1111,priest,discipline,28,13,15
outland,1109,priest,discipline,18,12,6
blackmoore,1106,priest,discipline,24,12,12
stormscale,1103,priest,discipline,27,13,14
blackmoore,1103,priest,discipline,25,12,13
dalaran,1102,priest,discipline,27,15,12
ragnaros,1100,priest,discipline,30,13,17
tarren-mill,1097,priest,discipline,22,13,9
gordunni,1097,priest,discipline,23,12,11
drakthul,1094,priest,discipline,42,22,20
gordunni,1093,priest,discipline,28,13,15
twisting-nether,1092,priest,discipline,18,14,4
onyxia,1092,priest,discipline,33,17,16
galakrond,1091,priest,discipline,44,24,20
burning-legion,1083,priest,discipline,26,12,14
hyjal,1082,priest,discipline,27,13,14
howling-fjord,1079,priest,discipline,102,54,48
blackhand,1079,priest,discipline,66,23,43
tarren-mill,1076,priest,discipline,24,16,8
silvermoon,1076,priest,discipline,62,25,37
pozzo-delleternità,1075,priest,discipline,36,20,16
ravencrest,1075,priest,discipline,23,12,11
silvermoon,1069,priest,discipline,60,16,44
defias-brotherhood,1065,priest,discipline,17,12,5
magtheridon,1057,priest,discipline,34,21,13
aegwynn,1056,priest,discipline,12,11,1
hyjal,1056,priest,discipline,16,12,4
stormscale,1056,priest,discipline,18,11,7
ravencrest,1056,priest,discipline,24,11,13
kazzak,1056,priest,discipline,24,11,13
kazzak,1056,priest,discipline,30,11,19
kelthuzad,1056,priest,discipline,30,11,19
draenor,1055,priest,discipline,18,11,7
blackrock,1055,priest,discipline,23,13,10
ravencrest,1055,priest,discipline,24,11,13
stormscale,1055,priest,discipline,24,11,13
draenor,1055,priest,discipline,30,11,19
azjolnerub,1054,priest,discipline,18,11,7
kazzak,1054,priest,discipline,18,11,7
frostwolf,1054,priest,discipline,18,11,7
eredar,1054,priest,discipline,18,11,7
blackrock,1054,priest,discipline,30,11,19
tarren-mill,1054,priest,discipline,38,11,27
hyjal,1053,priest,discipline,18,11,7
stormscale,1053,priest,discipline,18,11,7
draenor,1053,priest,discipline,24,11,13
zuljin,1052,priest,discipline,18,11,7
tarren-mill,1052,priest,discipline,24,11,13
draenor,1052,priest,discipline,24,11,13
blackrock,1050,priest,discipline,23,14,9
ravencrest,1050,priest,discipline,24,11,13
ragnaros,1050,priest,discipline,30,11,19
draenor,1048,priest,discipline,12,11,1
ragnaros,1048,priest,discipline,24,11,13
blutkessel,1047,priest,discipline,18,11,7
draenor,1047,priest,discipline,24,11,13
eredar,1046,priest,discipline,24,11,13
khaz-modan,1044,priest,discipline,12,11,1
hyjal,1044,priest,discipline,36,15,21
anetheron,1043,priest,discipline,15,13,2
ravencrest,1043,priest,discipline,24,11,13
ashenvale,1042,priest,discipline,24,11,13
sanguino,1038,priest,discipline,18,11,7
blackmoore,1037,priest,discipline,81,44,37
tarren-mill,1037,priest,discipline,49,26,23
archimonde,1032,priest,discipline,18,11,7
doomhammer,1031,priest,discipline,30,11,19
antonidas,1023,priest,discipline,20,12,8
burning-legion,1021,priest,discipline,23,11,12
archimonde,1018,priest,discipline,60,25,35
blackmoore,1016,priest,discipline,67,30,37
soulflayer,1013,priest,discipline,20,12,8
blackscar,1011,priest,discipline,23,11,12
blackmoore,1008,priest,discipline,21,12,9
ravencrest,1007,priest,discipline,21,12,9
ravencrest,1007,priest,discipline,23,11,12
stormreaver,1002,priest,discipline,20,12,8
zuljin,1000,priest,discipline,36,23,13
drakthul,993,priest,discipline,61,30,31
archimonde,991,priest,discipline,17,11,6
aegwynn,987,priest,discipline,113,54,59
kazzak,983,priest,discipline,28,11,17
die-aldor,975,priest,discipline,19,11,8
sanguino,971,priest,discipline,13,11,2
blackmoore,960,priest,discipline,12,10,2
stormscale,960,priest,discipline,12,10,2
twisting-nether,960,priest,discipline,18,10,8
ragnaros,960,priest,discipline,18,10,8
howling-fjord,960,priest,discipline,18,10,8
outland,960,priest,discipline,18,10,8
draenor,960,priest,discipline,24,10,14
silvermoon,959,priest,discipline,12,10,2
mazrigos,959,priest,discipline,12,10,2
blackhand,959,priest,discipline,12,10,2
blackrock,959,priest,discipline,18,10,8
silvermoon,959,priest,discipline,18,10,8
twisting-nether,959,priest,discipline,18,10,8
blackrock,959,priest,discipline,18,10,8
sanguino,959,priest,discipline,18,10,8
soulflayer,959,priest,discipline,18,10,8
soulflayer,959,priest,discipline,24,10,14
burning-legion,959,priest,discipline,24,10,14
blackmoore,959,priest,discipline,28,11,17
grim-batol,958,priest,discipline,16,11,5
blackmoore,958,priest,discipline,18,10,8
korgall,958,priest,discipline,18,10,8
dun-morogh,958,priest,discipline,24,10,14
grim-batol,958,priest,discipline,24,10,14
stormscale,957,priest,discipline,12,10,2
ysondre,957,priest,discipline,12,10,2
anetheron,957,priest,discipline,24,10,14
blackhand,957,priest,discipline,57,22,35
gordunni,957,priest,discipline,30,10,20
saurfang,956,priest,discipline,18,10,8
shattered-hand,956,priest,discipline,18,10,8
aggra-português,956,priest,discipline,18,10,8
eredar,955,priest,discipline,18,10,8
archimonde,955,priest,discipline,24,10,14
defias-brotherhood,955,priest,discipline,30,10,20
blackrock,954,priest,discipline,26,10,16
nethersturm,953,priest,discipline,18,10,8
sanguino,952,priest,discipline,30,10,20
ragnaros,950,priest,discipline,12,10,2
stormscale,949,priest,discipline,18,10,8
ragnaros,949,priest,discipline,24,10,14
ravencrest,945,priest,discipline,24,10,14
howling-fjord,942,priest,discipline,40,20,20
sanguino,940,priest,discipline,71,37,34
twisting-nether,926,priest,discipline,23,10,13
sylvanas,924,priest,discipline,17,10,7
antonidas,923,priest,discipline,24,14,10
drakthul,922,priest,discipline,17,10,7
ravencrest,920,priest,discipline,27,15,12
soulflayer,915,priest,discipline,30,10,20
silvermoon,911,priest,discipline,17,10,7
sanguino,908,priest,discipline,23,10,13
kazzak,906,priest,discipline,60,30,30
burning-blade,905,priest,discipline,37,14,23
antonidas,886,priest,discipline,42,17,25
sylvanas,885,priest,discipline,28,11,17
dragonblight,882,priest,discipline,31,17,14
agamaggan,882,priest,discipline,22,12,10
argent-dawn,878,priest,discipline,17,10,7
draenor,878,priest,discipline,23,10,13
frostmourne,876,priest,discipline,17,10,7
stormscale,871,priest,discipline,45,10,35
burning-legion,870,priest,discipline,24,11,13
la-croisade-écarlate,867,priest,discipline,22,10,12
ravencrest,864,priest,discipline,12,9,3
veknilash,864,priest,discipline,12,9,3
kazzak,864,priest,discipline,12,9,3
borean-tundra,864,priest,discipline,12,9,3
quelthalas,864,priest,discipline,12,9,3
nazjatar,864,priest,discipline,12,9,3
azuregos,864,priest,discipline,18,9,9
eredar,864,priest,discipline,18,9,9
sylvanas,864,priest,discipline,18,9,9
dun-modr,864,priest,discipline,18,9,9
kazzak,864,priest,discipline,18,9,9
deathguard,864,priest,discipline,18,9,9
magtheridon,864,priest,discipline,18,9,9
gordunni,864,priest,discipline,18,9,9
ravencrest,864,priest,discipline,18,9,9
auchindoun,864,priest,discipline,24,9,15
archimonde,864,priest,discipline,25,9,16
the-maelstrom,863,priest,discipline,12,9,3
stormreaver,863,priest,discipline,12,9,3
drakthul,863,priest,discipline,12,9,3
aegwynn,863,priest,discipline,12,9,3
doomhammer,863,priest,discipline,18,9,9
blackmoore,863,priest,discipline,18,9,9
aegwynn,863,priest,discipline,18,9,9
silvermoon,863,priest,discipline,18,9,9
blackscar,863,priest,discipline,18,9,9
dun-modr,863,priest,discipline,18,9,9
stormscale,863,priest,discipline,18,9,9
kazzak,863,priest,discipline,24,9,15
aegwynn,863,priest,discipline,24,9,15
kazzak,863,priest,discipline,24,9,15
sanguino,863,priest,discipline,30,9,21
blackrock,862,priest,discipline,12,9,3
tarren-mill,862,priest,discipline,12,9,3
tichondrius,862,priest,discipline,12,9,3
elune,862,priest,discipline,12,9,3
silvermoon,862,priest,discipline,12,9,3
blackhand,862,priest,discipline,18,9,9
silvermoon,862,priest,discipline,18,9,9
ghostlands,861,priest,discipline,18,9,9
argent-dawn,861,priest,discipline,22,9,13
tarren-mill,861,priest,discipline,30,9,21
the-maelstrom,858,priest,discipline,12,9,3
howling-fjord,858,priest,discipline,18,9,9
spinebreaker,858,priest,discipline,18,9,9
howling-fjord,857,priest,discipline,13,9,4
argent-dawn,857,priest,discipline,18,9,9
sanguino,853,priest,discipline,18,9,9
blackmoore,846,priest,discipline,18,9,9
turalyon,836,priest,discipline,24,9,15
doomhammer,835,priest,discipline,12,9,3
perenolde,833,priest,discipline,20,11,9
ravencrest,831,priest,discipline,17,9,8
sylvanas,831,priest,discipline,17,9,8
ysondre,831,priest,discipline,23,9,14
argent-dawn,831,priest,discipline,23,9,14
ravencrest,830,priest,discipline,23,9,14
stormscale,815,priest,discipline,19,9,10
sylvanas,809,priest,discipline,15,9,6
silvermoon,809,priest,discipline,20,10,10
pozzo-delleternità,809,priest,discipline,19,9,10
gordunni,807,priest,discipline,27,10,17
nemesis,800,priest,discipline,22,9,13
sanguino,799,priest,discipline,11,9,2
nordrassil,799,priest,discipline,16,9,7
dun-modr,798,priest,discipline,14,9,5
gordunni,783,priest,discipline,11,9,2
draenor,768,priest,discipline,12,8,4
blackrock,768,priest,discipline,12,8,4
archimonde,768,priest,discipline,12,8,4
shattered-hand,768,priest,discipline,12,8,4
draenor,768,priest,discipline,12,8,4
tarren-mill,768,priest,discipline,12,8,4
blackrock,768,priest,discipline,12,8,4
ravencrest,768,priest,discipline,12,8,4
archimonde,768,priest,discipline,12,8,4
archimonde,768,priest,discipline,12,8,4
stormscale,768,priest,discipline,12,8,4
ravencrest,768,priest,discipline,12,8,4
kazzak,768,priest,discipline,12,8,4
blackrock,768,priest,discipline,12,8,4
blackmoore,768,priest,discipline,12,8,4
the-maelstrom,768,priest,discipline,18,8,10
kult-der-verdammten,768,priest,discipline,18,8,10
archimonde,768,priest,discipline,18,8,10
outland,768,priest,discipline,18,8,10
sunstrider,768,priest,discipline,18,8,10
blackrock,768,priest,discipline,18,8,10
draenor,768,priest,discipline,18,8,10
blackmoore,768,priest,discipline,18,8,10
kazzak,768,priest,discipline,18,8,10
pozzo-delleternità,768,priest,discipline,18,8,10
outland,768,priest,discipline,18,8,10
zuljin,768,priest,discipline,18,8,10
drakthul,768,priest,discipline,18,8,10
stormscale,768,priest,discipline,18,8,10
draenor,768,priest,discipline,24,8,16
tarren-mill,767,priest,discipline,12,8,4
blackmoore,767,priest,discipline,12,8,4
blackmoore,767,priest,discipline,12,8,4
blackrock,767,priest,discipline,12,8,4
sunstrider,767,priest,discipline,12,8,4
archimonde,767,priest,discipline,12,8,4
blackrock,767,priest,discipline,12,8,4
auchindoun,767,priest,discipline,12,8,4
blackmoore,767,priest,discipline,12,8,4
howling-fjord,767,priest,discipline,18,8,10
ragnaros,767,priest,discipline,18,8,10
kazzak,767,priest,discipline,18,8,10
silvermoon,767,priest,discipline,18,8,10
blackhand,767,priest,discipline,18,8,10
zuljin,767,priest,discipline,18,8,10
outland,767,priest,discipline,36,8,28
draenor,766,priest,discipline,12,8,4
earthen-ring,766,priest,discipline,12,8,4
kirin-tor,766,priest,discipline,18,8,10
howling-fjord,766,priest,discipline,18,8,10
malganis,766,priest,discipline,18,8,10
ravencrest,766,priest,discipline,18,8,10
ravencrest,765,priest,discipline,12,8,4
blackrock,765,priest,discipline,18,8,10
stormscale,765,priest,discipline,18,8,10
arathi,765,priest,discipline,24,8,16
archimonde,764,priest,discipline,18,8,10
draenor,763,priest,discipline,18,8,10
silvermoon,763,priest,discipline,18,8,10
ravencrest,763,priest,discipline,18,8,10
silvermoon,762,priest,discipline,22,10,12
argent-dawn,760,priest,discipline,18,8,10
hellscream,757,priest,discipline,12,8,4
argent-dawn,756,priest,discipline,18,8,10
archimonde,754,priest,discipline,12,8,4
ashenvale,735,priest,discipline,16,9,7
howling-fjord,735,priest,discipline,29,8,21
tarren-mill,734,priest,discipline,26,9,17
twisting-nether,733,priest,discipline,10,9,1
twisting-nether,731,priest,discipline,17,8,9
dun-modr,728,priest,discipline,26,9,17
silvermoon,714,priest,discipline,34,9,25
stormreaver,704,priest,discipline,22,8,14
outland,702,priest,discipline,19,9,10
blackmoore,701,priest,discipline,16,8,8
dun-modr,686,priest,discipline,11,8,3
ragnaros,684,priest,discipline,14,8,6
ravencrest,672,priest,discipline,12,7,5
kazzak,672,priest,discipline,12,7,5
dentarg,672,priest,discipline,12,7,5
twilights-hammer,672,priest,discipline,12,7,5
tarren-mill,672,priest,discipline,12,7,5
gordunni,672,priest,discipline,12,7,5
tarren-mill,672,priest,discipline,12,7,5
blackmoore,672,priest,discipline,12,7,5
frostmane,672,priest,discipline,12,7,5
ravencrest,672,priest,discipline,12,7,5
blackmoore,672,priest,discipline,12,7,5
stormscale,672,priest,discipline,12,7,5
tarren-mill,672,priest,discipline,12,7,5
archimonde,672,priest,discipline,12,7,5
silvermoon,672,priest,discipline,12,7,5
eredar,672,priest,discipline,12,7,5
stormreaver,672,priest,discipline,12,7,5
soulflayer,672,priest,discipline,12,7,5
howling-fjord,672,priest,discipline,12,7,5
argent-dawn,672,priest,discipline,12,7,5
drakthul,672,priest,discipline,12,7,5
dunemaul,672,priest,discipline,12,7,5
sylvanas,672,priest,discipline,12,7,5
gordunni,672,priest,discipline,12,7,5
eredar,672,priest,discipline,12,7,5
twisting-nether,672,priest,discipline,12,7,5
teldrassil,672,priest,discipline,12,7,5
ragnaros,672,priest,discipline,12,7,5
ragnaros,672,priest,discipline,12,7,5
ghostlands,672,priest,discipline,12,7,5
ragnaros,672,priest,discipline,12,7,5
pozzo-delleternità,672,priest,discipline,12,7,5
sanguino,672,priest,discipline,12,7,5
ragnaros,672,priest,discipline,12,7,5
burning-legion,672,priest,discipline,12,7,5
dun-modr,672,priest,discipline,12,7,5
archimonde,672,priest,discipline,12,7,5
dragonblight,672,priest,discipline,12,7,5
twisting-nether,672,priest,discipline,15,7,8
chamber-of-aspects,672,priest,discipline,16,7,9
aegwynn,672,priest,discipline,18,7,11
blackscar,672,priest,discipline,18,7,11
soulflayer,672,priest,discipline,18,7,11
die-aldor,672,priest,discipline,18,7,11
kazzak,672,priest,discipline,18,7,11
magtheridon,672,priest,discipline,18,7,11
dun-modr,672,priest,discipline,18,7,11
ravencrest,672,priest,discipline,18,7,11
sanguino,672,priest,discipline,18,7,11
dun-modr,672,priest,discipline,18,7,11
draenor,672,priest,discipline,18,7,11
silvermoon,672,priest,discipline,18,7,11
argent-dawn,672,priest,discipline,18,7,11
archimonde,672,priest,discipline,18,7,11
silvermoon,672,priest,discipline,18,7,11
ravencrest,672,priest,discipline,21,8,13
zuljin,672,priest,discipline,21,8,13
festung-der-stürme,672,priest,discipline,24,7,17
throkferoth,672,priest,discipline,24,7,17
ragnaros,672,priest,discipline,24,7,17
ravencrest,672,priest,discipline,24,7,17
blackmoore,671,priest,discipline,12,7,5
stormscale,671,priest,discipline,12,7,5
dun-modr,671,priest,discipline,12,7,5
eonar,671,priest,discipline,12,7,5
aerie-peak,671,priest,discipline,12,7,5
ravencrest,671,priest,discipline,12,7,5
elune,671,priest,discipline,12,7,5
sanguino,671,priest,discipline,12,7,5
tarren-mill,671,priest,discipline,12,7,5
ravencrest,671,priest,discipline,16,7,9
twisting-nether,671,priest,discipline,18,7,11
ragnaros,671,priest,discipline,18,7,11
kazzak,671,priest,discipline,20,7,13
dun-modr,671,priest,discipline,24,7,17
antonidas,671,priest,discipline,24,7,17
draenor,670,priest,discipline,12,7,5
eredar,670,priest,discipline,12,7,5
drakthul,670,priest,discipline,12,7,5
sanguino,670,priest,discipline,12,7,5
anetheron,670,priest,discipline,12,7,5
drakthul,670,priest,discipline,18,7,11
kazzak,670,priest,discipline,24,7,17
frostwhisper,669,priest,discipline,12,7,5
blackrock,669,priest,discipline,12,7,5
silvermoon,669,priest,discipline,12,7,5
zuljin,669,priest,discipline,12,7,5
drakthul,669,priest,discipline,12,7,5
blackmoore,668,priest,discipline,18,7,11
blackhand,668,priest,discipline,22,8,14
blackrock,667,priest,discipline,12,7,5
hellfire,665,priest,discipline,12,7,5
argent-dawn,664,priest,discipline,12,7,5
frostmourne,662,priest,discipline,12,7,5
stormreaver,655,priest,discipline,18,8,10
grim-batol,644,priest,discipline,53,19,34
marécage-de-zangar,639,priest,discipline,14,8,6
hellfire,634,priest,discipline,11,7,4
draenor,624,priest,discipline,15,8,7
twisting-nether,621,priest,discipline,21,8,13
draenor,620,priest,discipline,11,7,4
antonidas,617,priest,discipline,20,9,11
twilights-hammer,607,priest,discipline,16,7,9
twilights-hammer,592,priest,discipline,13,7,6
soulflayer,592,priest,discipline,13,7,6
garona,576,priest,discipline,6,6,0
arthas,576,priest,discipline,6,6,0
drakthul,576,priest,discipline,6,6,0
silvermoon,576,priest,discipline,6,6,0
tarren-mill,576,priest,discipline,6,6,0
kazzak,576,priest,discipline,6,6,0
aegwynn,576,priest,discipline,6,6,0
ravencrest,576,priest,discipline,12,6,6
dun-modr,576,priest,discipline,12,6,6
kazzak,576,priest,discipline,12,6,6
dalaran,576,priest,discipline,12,6,6
ahnqiraj,576,priest,discipline,12,6,6
ravencrest,576,priest,discipline,12,6,6
draenor,576,priest,discipline,12,6,6
nemesis,576,priest,discipline,12,6,6
archimonde,576,priest,discipline,12,6,6
archimonde,576,priest,discipline,12,6,6
sylvanas,576,priest,discipline,12,6,6
ravencrest,576,priest,discipline,12,6,6
stormscale,576,priest,discipline,12,6,6
blackrock,576,priest,discipline,12,6,6
gorgonnash,576,priest,discipline,12,6,6
tarren-mill,576,priest,discipline,12,6,6
stormscale,576,priest,discipline,12,6,6
blackhand,576,priest,discipline,12,6,6
sylvanas,576,priest,discipline,12,6,6
twisting-nether,576,priest,discipline,12,6,6
argent-dawn,576,priest,discipline,12,6,6
sanguino,576,priest,discipline,12,6,6
tarren-mill,576,priest,discipline,12,6,6
earthen-ring,576,priest,discipline,12,6,6
gordunni,576,priest,discipline,12,6,6
stormreaver,576,priest,discipline,12,6,6
archimonde,576,priest,discipline,12,6,6
blackmoore,576,priest,discipline,12,6,6
burning-legion,576,priest,discipline,12,6,6
dun-morogh,576,priest,discipline,12,6,6
eitrigg,576,priest,discipline,12,6,6
blackscar,576,priest,discipline,12,6,6
hyjal,576,priest,discipline,12,6,6
sylvanas,576,priest,discipline,12,6,6
archimonde,576,priest,discipline,12,6,6
ravencrest,576,priest,discipline,12,6,6
hyjal,576,priest,discipline,12,6,6
gorgonnash,576,priest,discipline,12,6,6
outland,576,priest,discipline,12,6,6
twisting-nether,576,priest,discipline,12,6,6
tyrande,576,priest,discipline,12,6,6
ravencrest,576,priest,discipline,12,6,6
ravencrest,576,priest,discipline,12,6,6
tarren-mill,576,priest,discipline,18,6,12
aegwynn,576,priest,discipline,18,6,12
sylvanas,576,priest,discipline,18,6,12
eredar,576,priest,discipline,18,6,12
outland,576,priest,discipline,18,6,12
elune,576,priest,discipline,18,6,12
stormscale,576,priest,discipline,18,6,12
ravencrest,576,priest,discipline,18,6,12
gordunni,576,priest,discipline,18,6,12
thrall,576,priest,discipline,19,6,13
blackhand,575,priest,discipline,6,6,0
drakthul,575,priest,discipline,12,6,6
kazzak,575,priest,discipline,12,6,6
ravencrest,575,priest,discipline,12,6,6
burning-legion,575,priest,discipline,12,6,6
xavius,575,priest,discipline,12,6,6
darksorrow,575,priest,discipline,12,6,6
neptulon,575,priest,discipline,12,6,6
sanguino,575,priest,discipline,12,6,6
nemesis,575,priest,discipline,12,6,6
stormreaver,575,priest,discipline,12,6,6
nemesis,575,priest,discipline,12,6,6
sanguino,575,priest,discipline,12,6,6
tarren-mill,575,priest,discipline,12,6,6
draenor,575,priest,discipline,12,6,6
blackscar,575,priest,discipline,12,6,6
kelthuzad,575,priest,discipline,12,6,6
hyjal,575,priest,discipline,12,6,6
blackrock,575,priest,discipline,12,6,6
ragnaros,575,priest,discipline,12,6,6
archimonde,575,priest,discipline,12,6,6
silvermoon,575,priest,discipline,15,7,8
draenor,575,priest,discipline,18,6,12
gordunni,575,priest,discipline,24,6,18
howling-fjord,575,priest,discipline,24,6,18
outland,574,priest,discipline,12,6,6
silvermoon,574,priest,discipline,12,6,6
bronzebeard,574,priest,discipline,12,6,6
sylvanas,574,priest,discipline,18,6,12
twisting-nether,574,priest,discipline,19,6,13
frostmane,573,priest,discipline,12,6,6
steamwheedle-cartel,573,priest,discipline,24,6,18
ysondre,572,priest,discipline,12,6,6
outland,572,priest,discipline,12,6,6
aggra-português,571,priest,discipline,12,6,6
stormscale,571,priest,discipline,12,6,6
blackrock,566,priest,discipline,16,6,10
blackrock,566,priest,discipline,24,6,18
ragnaros,544,priest,discipline,16,6,10
kazzak,542,priest,discipline,11,6,5
kazzak,528,priest,discipline,9,6,3
stormscale,527,priest,discipline,12,7,5
zuljin,527,priest,discipline,11,6,5
blackhand,527,priest,discipline,11,6,5
culte-de-la-rive-noire,522,priest,discipline,13,7,6
sylvanas,522,priest,discipline,17,8,9
dun-modr,522,priest,discipline,22,7,15
galakrond,522,priest,discipline,23,7,16
silvermoon,512,priest,discipline,16,6,10
dun-modr,512,priest,discipline,22,6,16
soulflayer,511,priest,discipline,11,6,5
ysondre,511,priest,discipline,14,6,8
vashj,511,priest,discipline,26,6,20
howling-fjord,509,priest,discipline,15,6,9
defias-brotherhood,496,priest,discipline,7,6,1
draenor,496,priest,discipline,13,6,7
sylvanas,493,priest,discipline,13,6,7
hyjal,480,priest,discipline,6,5,1
sylvanas,480,priest,discipline,6,5,1
arthas,480,priest,discipline,6,5,1
blackhand,480,priest,discipline,6,5,1
aegwynn,480,priest,discipline,6,5,1
silvermoon,480,priest,discipline,6,5,1
malorne,480,priest,discipline,6,5,1
kazzak,480,priest,discipline,6,5,1
nemesis,480,priest,discipline,6,5,1
silvermoon,480,priest,discipline,6,5,1
kazzak,480,priest,discipline,6,5,1
kazzak,480,priest,discipline,6,5,1
twisting-nether,480,priest,discipline,6,5,1
ragnaros,480,priest,discipline,6,5,1
archimonde,480,priest,discipline,6,5,1
terokkar,480,priest,discipline,6,5,1
ravencrest,480,priest,discipline,6,5,1
defias-brotherhood,480,priest,discipline,6,5,1
tarren-mill,480,priest,discipline,6,5,1
ravencrest,480,priest,discipline,6,5,1
outland,480,priest,discipline,6,5,1
tarren-mill,480,priest,discipline,6,5,1
stormscale,480,priest,discipline,6,5,1
antonidas,480,priest,discipline,6,5,1
senjin,480,priest,discipline,6,5,1
ravencrest,480,priest,discipline,6,5,1
gordunni,480,priest,discipline,6,5,1
ysondre,480,priest,discipline,6,5,1
ragnaros,480,priest,discipline,10,6,4
argent-dawn,480,priest,discipline,12,5,7
zuljin,480,priest,discipline,12,5,7
silvermoon,480,priest,discipline,12,5,7
sylvanas,480,priest,discipline,12,5,7
draenor,480,priest,discipline,12,5,7
tyrande,480,priest,discipline,12,5,7
dun-modr,480,priest,discipline,12,5,7
frostwhisper,480,priest,discipline,12,5,7
razuvious,480,priest,discipline,12,5,7
deepholm,480,priest,discipline,12,5,7
twisting-nether,480,priest,discipline,12,5,7
silvermoon,480,priest,discipline,12,5,7
galakrond,480,priest,discipline,12,5,7
ysondre,480,priest,discipline,12,5,7
aegwynn,480,priest,discipline,12,5,7
ravencrest,480,priest,discipline,12,5,7
sylvanas,480,priest,discipline,12,5,7
ravencrest,480,priest,discipline,12,5,7
ravencrest,480,priest,discipline,12,5,7
twisting-nether,480,priest,discipline,12,5,7
dun-modr,480,priest,discipline,12,5,7
ahnqiraj,480,priest,discipline,12,5,7
silvermoon,480,priest,discipline,12,5,7
howling-fjord,480,priest,discipline,12,5,7
ragnaros,480,priest,discipline,12,5,7
silvermoon,480,priest,discipline,12,5,7
silvermoon,480,priest,discipline,12,5,7
howling-fjord,480,priest,discipline,12,5,7
howling-fjord,480,priest,discipline,12,5,7
ravencrest,480,priest,discipline,12,5,7
grim-batol,480,priest,discipline,12,5,7
lothar,480,priest,discipline,12,5,7
kazzak,480,priest,discipline,12,5,7
ravencrest,480,priest,discipline,12,5,7
ravencrest,480,priest,discipline,12,5,7
archimonde,480,priest,discipline,12,5,7
frostmane,480,priest,discipline,12,5,7
stormreaver,480,priest,discipline,12,5,7
hyjal,480,priest,discipline,12,5,7
hyjal,480,priest,discipline,12,5,7
stormscale,480,priest,discipline,12,5,7
hyjal,480,priest,discipline,12,5,7
kazzak,480,priest,discipline,12,5,7
blackrock,480,priest,discipline,12,5,7
blackmoore,480,priest,discipline,12,5,7
tarren-mill,480,priest,discipline,12,5,7
blackmoore,480,priest,discipline,12,5,7
stormscale,480,priest,discipline,12,5,7
tarren-mill,480,priest,discipline,12,5,7
tarren-mill,480,priest,discipline,12,5,7
kazzak,480,priest,discipline,12,5,7
tarren-mill,480,priest,discipline,12,5,7
antonidas,480,priest,discipline,12,5,7
sylvanas,480,priest,discipline,13,5,8
runetotem,480,priest,discipline,16,6,10
ravencrest,480,priest,discipline,18,5,13
fordragon,480,priest,discipline,18,5,13
argent-dawn,480,priest,discipline,18,5,13
burning-legion,480,priest,discipline,18,5,13
blackrock,480,priest,discipline,18,5,13
stormscale,480,priest,discipline,18,5,13
silvermoon,480,priest,discipline,18,5,13
thermaplugg,480,priest,discipline,18,5,13
stormscale,479,priest,discipline,6,5,1
twisting-nether,479,priest,discipline,6,5,1
archimonde,479,priest,discipline,6,5,1
thunderhorn,479,priest,discipline,9,6,3
stormrage,479,priest,discipline,12,5,7
ashenvale,479,priest,discipline,12,5,7
pozzo-delleternità,479,priest,discipline,12,5,7
argent-dawn,479,priest,discipline,12,5,7
doomhammer,479,priest,discipline,12,5,7
the-maelstrom,479,priest,discipline,12,5,7
sunstrider,479,priest,discipline,12,5,7
auchindoun,479,priest,discipline,12,5,7
nemesis,479,priest,discipline,12,5,7
tarren-mill,479,priest,discipline,18,5,13
blackmoore,479,priest,discipline,24,5,19
ysondre,478,priest,discipline,12,5,7
outland,477,priest,discipline,12,5,7
blackhand,476,priest,discipline,12,5,7
conseil-des-ombres,463,priest,discipline,11,5,6
ravencrest,448,priest,discipline,10,5,5
zuluhed,446,priest,discipline,11,5,6
dun-modr,431,priest,discipline,17,5,12
soulflayer,426,priest,discipline,14,6,8
outland,426,priest,discipline,14,6,8
tarren-mill,425,priest,discipline,8,6,2
howling-fjord,400,priest,discipline,24,5,19
stormscale,384,priest,discipline,6,4,2
frostwolf,384,priest,discipline,6,4,2
blackrock,384,priest,discipline,6,4,2
tarren-mill,384,priest,discipline,6,4,2
ravencrest,384,priest,discipline,6,4,2
ravencrest,384,priest,discipline,6,4,2
ravencrest,384,priest,discipline,6,4,2
archimonde,384,priest,discipline,6,4,2
ravencrest,384,priest,discipline,6,4,2
bronzebeard,384,priest,discipline,6,4,2
dun-modr,384,priest,discipline,6,4,2
tarren-mill,384,priest,discipline,6,4,2
eredar,384,priest,discipline,6,4,2
tarren-mill,384,priest,discipline,6,4,2
ravencrest,384,priest,discipline,6,4,2
frostwolf,384,priest,discipline,6,4,2
draenor,384,priest,discipline,6,4,2
blackhand,384,priest,discipline,6,4,2
tarren-mill,384,priest,discipline,6,4,2
archimonde,384,priest,discipline,6,4,2
draenor,384,priest,discipline,6,4,2
nerathor,384,priest,discipline,6,4,2
nazjatar,384,priest,discipline,6,4,2
magtheridon,384,priest,discipline,6,4,2
blackmoore,384,priest,discipline,6,4,2
blackmoore,384,priest,discipline,6,4,2
ysera,384,priest,discipline,6,4,2
bloodhoof,384,priest,discipline,6,4,2
shadowsong,384,priest,discipline,6,4,2
drakthul,384,priest,discipline,6,4,2
stormscale,384,priest,discipline,6,4,2
ravencrest,384,priest,discipline,6,4,2
blackrock,384,priest,discipline,6,4,2
stormscale,384,priest,discipline,6,4,2
hyjal,384,priest,discipline,6,4,2
ravencrest,384,priest,discipline,6,4,2
howling-fjord,384,priest,discipline,6,4,2
kiljaeden,384,priest,discipline,6,4,2
baelgun,384,priest,discipline,6,4,2
kazzak,384,priest,discipline,6,4,2
tarren-mill,384,priest,discipline,6,4,2
garona,384,priest,discipline,6,4,2
zuljin,384,priest,discipline,6,4,2
kazzak,384,priest,discipline,6,4,2
kazzak,384,priest,discipline,6,4,2
dragonblight,384,priest,discipline,6,4,2
kazzak,384,priest,discipline,6,4,2
booty-bay,384,priest,discipline,6,4,2
silvermoon,384,priest,discipline,6,4,2
sylvanas,384,priest,discipline,6,4,2
sylvanas,384,priest,discipline,6,4,2
sylvanas,384,priest,discipline,6,4,2
kazzak,384,priest,discipline,6,4,2
kazzak,384,priest,discipline,6,4,2
sylvanas,384,priest,discipline,6,4,2
blackrock,384,priest,discipline,12,4,8
gordunni,384,priest,discipline,12,4,8
hyjal,384,priest,discipline,12,4,8
blackrock,384,priest,discipline,12,4,8
hyjal,384,priest,discipline,12,4,8
tirion,384,priest,discipline,12,4,8
howling-fjord,384,priest,discipline,12,4,8
howling-fjord,384,priest,discipline,12,4,8
frostmane,384,priest,discipline,12,4,8
frostmane,384,priest,discipline,12,4,8
tarren-mill,384,priest,discipline,12,4,8
tarren-mill,384,priest,discipline,12,4,8
stormreaver,384,priest,discipline,12,4,8
howling-fjord,384,priest,discipline,12,4,8
tarren-mill,384,priest,discipline,12,4,8
blackmoore,384,priest,discipline,12,4,8
ragnaros,384,priest,discipline,12,4,8
blackmoore,384,priest,discipline,12,4,8
sylvanas,384,priest,discipline,12,4,8
twisting-nether,384,priest,discipline,12,4,8
twisting-nether,384,priest,discipline,12,4,8
twisting-nether,384,priest,discipline,12,4,8
stormscale,384,priest,discipline,12,4,8
deathguard,384,priest,discipline,12,4,8
archimonde,384,priest,discipline,12,4,8
kazzak,384,priest,discipline,12,4,8
dun-morogh,384,priest,discipline,12,4,8
turalyon,384,priest,discipline,12,4,8
silvermoon,384,priest,discipline,12,4,8
twisting-nether,384,priest,discipline,12,4,8
sylvanas,384,priest,discipline,12,4,8
aegwynn,384,priest,discipline,12,4,8
eredar,384,priest,discipline,12,4,8
twisting-nether,384,priest,discipline,12,4,8
dun-modr,384,priest,discipline,12,4,8
stormscale,384,priest,discipline,12,4,8
nordrassil,384,priest,discipline,12,4,8
thunderhorn,384,priest,discipline,12,4,8
nemesis,384,priest,discipline,12,4,8
stormscale,384,priest,discipline,12,4,8
sylvanas,384,priest,discipline,12,4,8
draenor,384,priest,discipline,12,4,8
ravencrest,384,priest,discipline,12,4,8
uldum,384,priest,discipline,12,4,8
stormscale,384,priest,discipline,12,4,8
sanguino,384,priest,discipline,12,4,8
cthun,384,priest,discipline,12,4,8
silvermoon,384,priest,discipline,17,4,13
chromaggus,384,priest,discipline,18,4,14
doomhammer,383,priest,discipline,6,4,2
blackscar,383,priest,discipline,6,4,2
burning-legion,383,priest,discipline,6,4,2
defias-brotherhood,383,priest,discipline,12,4,8
outland,383,priest,discipline,12,4,8
howling-fjord,383,priest,discipline,12,4,8
ysondre,382,priest,discipline,6,4,2
dethecus,382,priest,discipline,6,4,2
stormscale,382,priest,discipline,12,4,8
greymane,382,priest,discipline,12,4,8
eredar,381,priest,discipline,12,4,8
ravencrest,367,priest,discipline,11,4,7
bloodfeather,367,priest,discipline,11,4,7
outland,351,priest,discipline,11,4,7
argent-dawn,336,priest,discipline,9,5,4
quelthalas,336,priest,discipline,15,5,10
moonglade,335,priest,discipline,12,5,7
ragnaros,335,priest,discipline,11,4,7
tarren-mill,335,priest,discipline,11,4,7
stormscale,335,priest,discipline,11,4,7
stormscale,330,priest,discipline,17,7,10
draenor,330,priest,discipline,13,5,8
stormscale,330,priest,discipline,17,5,12
gordunni,320,priest,discipline,10,4,6
ysondre,319,priest,discipline,8,4,4
twisting-nether,304,priest,discipline,7,4,3
les-clairvoyants,288,priest,discipline,6,3,3
dun-morogh,288,priest,discipline,6,3,3
draenor,288,priest,discipline,6,3,3
emerald-dream,288,priest,discipline,6,3,3
argent-dawn,288,priest,discipline,6,3,3
nemesis,288,priest,discipline,6,3,3
draenor,288,priest,discipline,6,3,3
nemesis,288,priest,discipline,6,3,3
aegwynn,288,priest,discipline,6,3,3
draenor,288,priest,discipline,6,3,3
silvermoon,288,priest,discipline,6,3,3
silvermoon,288,priest,discipline,6,3,3
aegwynn,288,priest,discipline,6,3,3
tarren-mill,288,priest,discipline,6,3,3
archimonde,288,priest,discipline,6,3,3
silvermoon,288,priest,discipline,6,3,3
archimonde,288,priest,discipline,6,3,3
outland,288,priest,discipline,6,3,3
tarren-mill,288,priest,discipline,6,3,3
frostmane,288,priest,discipline,6,3,3
kazzak,288,priest,discipline,6,3,3
aggra-português,288,priest,discipline,6,3,3
archimonde,288,priest,discipline,6,3,3
grim-batol,288,priest,discipline,6,3,3
kazzak,288,priest,discipline,6,3,3
hyjal,288,priest,discipline,6,3,3
outland,288,priest,discipline,6,3,3
ravencrest,288,priest,discipline,6,3,3
cthun,288,priest,discipline,6,3,3
tarren-mill,288,priest,discipline,6,3,3
tarren-mill,288,priest,discipline,6,3,3
dun-modr,288,priest,discipline,6,3,3
kazzak,288,priest,discipline,6,3,3
ysondre,288,priest,discipline,6,3,3
silvermoon,288,priest,discipline,6,3,3
kazzak,288,priest,discipline,6,3,3
tarren-mill,288,priest,discipline,6,3,3
hakkar,288,priest,discipline,6,3,3
kazzak,288,priest,discipline,6,3,3
illidan,288,priest,discipline,6,3,3
kazzak,288,priest,discipline,6,3,3
stormreaver,288,priest,discipline,6,3,3
howling-fjord,288,priest,discipline,6,3,3
howling-fjord,288,priest,discipline,6,3,3
gordunni,288,priest,discipline,6,3,3
drakthul,288,priest,discipline,6,3,3
thrall,288,priest,discipline,6,3,3
azshara,288,priest,discipline,6,3,3
howling-fjord,288,priest,discipline,6,3,3
gordunni,288,priest,discipline,6,3,3
shadowsong,288,priest,discipline,6,3,3
stormscale,288,priest,discipline,6,3,3
gordunni,288,priest,discipline,6,3,3
kazzak,288,priest,discipline,6,3,3
gordunni,288,priest,discipline,6,3,3
blackhand,288,priest,discipline,6,3,3
stormscale,288,priest,discipline,6,3,3
auchindoun,288,priest,discipline,6,3,3
stormscale,288,priest,discipline,6,3,3
blackhand,288,priest,discipline,6,3,3
gordunni,288,priest,discipline,6,3,3
kazzak,288,priest,discipline,6,3,3
destromath,288,priest,discipline,6,3,3
blackhand,288,priest,discipline,6,3,3
malganis,288,priest,discipline,6,3,3
ragnaros,288,priest,discipline,6,3,3
stormscale,288,priest,discipline,6,3,3
sylvanas,288,priest,discipline,6,3,3
nefarian,288,priest,discipline,6,3,3
stormscale,288,priest,discipline,6,3,3
gorgonnash,288,priest,discipline,6,3,3
blackscar,288,priest,discipline,6,3,3
stormscale,288,priest,discipline,6,3,3
ragnaros,288,priest,discipline,6,3,3
ragnaros,288,priest,discipline,6,3,3
stormscale,288,priest,discipline,6,3,3
dalaran,288,priest,discipline,6,3,3
twisting-nether,288,priest,discipline,6,3,3
twisting-nether,288,priest,discipline,6,3,3
twisting-nether,288,priest,discipline,6,3,3
tichondrius,288,priest,discipline,6,3,3
twisting-nether,288,priest,discipline,6,3,3
kazzak,288,priest,discipline,6,3,3
twisting-nether,288,priest,discipline,6,3,3
twisting-nether,288,priest,discipline,6,3,3
blackmoore,288,priest,discipline,6,3,3
lich-king,288,priest,discipline,6,3,3
bronze-dragonflight,288,priest,discipline,6,3,3
kazzak,288,priest,discipline,6,3,3
burning-legion,288,priest,discipline,6,3,3
bronze-dragonflight,288,priest,discipline,6,3,3
outland,288,priest,discipline,6,3,3
sanguino,288,priest,discipline,6,3,3
ravencrest,288,priest,discipline,6,3,3
stormscale,288,priest,discipline,6,3,3
burning-legion,288,priest,discipline,6,3,3
blackrock,288,priest,discipline,6,3,3
uldum,288,priest,discipline,6,3,3
blackmoore,288,priest,discipline,6,3,3
sanguino,288,priest,discipline,6,3,3
blackrock,288,priest,discipline,6,3,3
blackmoore,288,priest,discipline,6,3,3
ravencrest,288,priest,discipline,6,3,3
dun-modr,288,priest,discipline,6,3,3
bladefist,288,priest,discipline,6,3,3
gordunni,288,priest,discipline,6,3,3
neptulon,288,priest,discipline,6,3,3
the-maelstrom,288,priest,discipline,6,3,3
kazzak,288,priest,discipline,6,3,3
ravencrest,288,priest,discipline,6,3,3
blackmoore,288,priest,discipline,6,3,3
burning-legion,288,priest,discipline,6,3,3
frostwolf,288,priest,discipline,6,3,3
burning-legion,288,priest,discipline,6,3,3
eversong,288,priest,discipline,6,3,3
ravencrest,288,priest,discipline,6,3,3
ysondre,288,priest,discipline,6,3,3
ravencrest,288,priest,discipline,6,3,3
blackmoore,288,priest,discipline,6,3,3
soulflayer,288,priest,discipline,6,3,3
ravencrest,288,priest,discipline,6,3,3
blackscar,288,priest,discipline,6,3,3
frostwolf,288,priest,discipline,6,3,3
ravencrest,288,priest,discipline,6,3,3
madmortem,288,priest,discipline,6,3,3
ravencrest,288,priest,discipline,6,3,3
ashenvale,288,priest,discipline,6,3,3
ravencrest,288,priest,discipline,6,3,3
ragnaros,288,priest,discipline,10,4,6
kazzak,288,priest,discipline,12,3,9
alleria,288,priest,discipline,12,3,9
blackrock,288,priest,discipline,12,3,9
durotan,288,priest,discipline,12,3,9
der-rat-von-dalaran,288,priest,discipline,12,3,9
azuregos,288,priest,discipline,12,3,9
blackmoore,288,priest,discipline,12,3,9
dun-modr,288,priest,discipline,12,3,9
howling-fjord,288,priest,discipline,12,3,9
howling-fjord,288,priest,discipline,12,3,9
grim-batol,288,priest,discipline,12,3,9
outland,288,priest,discipline,12,3,9
marécage-de-zangar,288,priest,discipline,12,3,9
defias-brotherhood,288,priest,discipline,12,3,9
archimonde,288,priest,discipline,12,3,9
hellfire,288,priest,discipline,12,3,9
ragnaros,288,priest,discipline,12,3,9
aegwynn,288,priest,discipline,12,3,9
draenor,288,priest,discipline,12,3,9
twisting-nether,288,priest,discipline,12,3,9
frostmane,288,priest,discipline,12,3,9
archimonde,288,priest,discipline,12,3,9
gordunni,288,priest,discipline,12,3,9
terokkar,288,priest,discipline,12,3,9
darkmoon-faire,288,priest,discipline,12,3,9
archimonde,288,priest,discipline,18,3,15
ravencrest,287,priest,discipline,6,3,3
aegwynn,287,priest,discipline,6,3,3
antonidas,287,priest,discipline,6,3,3
blackmoore,287,priest,discipline,6,3,3
ragnaros,287,priest,discipline,8,3,5
ragnaros,287,priest,discipline,12,3,9
ravencrest,287,priest,discipline,12,3,9
ravencrest,287,priest,discipline,12,3,9
korgall,287,priest,discipline,12,3,9
stormscale,287,priest,discipline,12,3,9
ambossar,256,priest,discipline,4,4,0
draenor,255,priest,discipline,11,3,8
sanguino,255,priest,discipline,11,3,8
blackrock,255,priest,discipline,11,3,8
quelthalas,240,priest,discipline,9,4,5
blackrock,240,priest,discipline,9,4,5
blackmoore,240,priest,discipline,9,3,6
tarren-mill,239,priest,discipline,5,3,2
ragnaros,239,priest,discipline,9,4,5
gordunni,239,priest,discipline,29,3,26
sylvanas,234,priest,discipline,9,4,5
outland,234,priest,discipline,9,4,5
hyjal,234,priest,discipline,16,6,10
argent-dawn,234,priest,discipline,11,4,7
twisting-nether,234,priest,discipline,15,4,11
ragnaros,234,priest,discipline,23,5,18
ragnaros,233,priest,discipline,8,4,4
aggra-português,233,priest,discipline,11,4,7
sylvanas,223,priest,discipline,8,3,5
dalaran,192,priest,discipline,4,3,1
soulflayer,192,priest,discipline,4,3,1
draenor,192,priest,discipline,6,2,4
blackmoore,192,priest,discipline,6,2,4
darksorrow,192,priest,discipline,6,2,4
antonidas,192,priest,discipline,6,2,4
quelthalas,192,priest,discipline,6,2,4
antonidas,192,priest,discipline,6,2,4
ravencrest,192,priest,discipline,6,2,4
tarren-mill,192,priest,discipline,6,2,4
hyjal,192,priest,discipline,6,2,4
culte-de-la-rive-noire,192,priest,discipline,6,2,4
draenor,192,priest,discipline,6,2,4
ysondre,192,priest,discipline,6,2,4
ravencrest,192,priest,discipline,6,2,4
silvermoon,192,priest,discipline,6,2,4
blackmoore,192,priest,discipline,6,2,4
ravencrest,192,priest,discipline,6,2,4
eredar,192,priest,discipline,6,2,4
kilrogg,192,priest,discipline,6,2,4
hyjal,192,priest,discipline,6,2,4
silvermoon,192,priest,discipline,6,2,4
stormscale,192,priest,discipline,6,2,4
sanguino,192,priest,discipline,6,2,4
argent-dawn,192,priest,discipline,6,2,4
ravencrest,192,priest,discipline,6,2,4
blackmoore,192,priest,discipline,6,2,4
ysondre,192,priest,discipline,6,2,4
stormscale,192,priest,discipline,6,2,4
ysondre,192,priest,discipline,6,2,4
elune,192,priest,discipline,6,2,4
ravencrest,192,priest,discipline,6,2,4
eredar,192,priest,discipline,6,2,4
soulflayer,192,priest,discipline,6,2,4
aegwynn,192,priest,discipline,6,2,4
aegwynn,192,priest,discipline,6,2,4
silvermoon,192,priest,discipline,6,2,4
ravencrest,192,priest,discipline,6,2,4
sylvanas,192,priest,discipline,6,2,4
stormscale,192,priest,discipline,6,2,4
ravencrest,192,priest,discipline,6,2,4
frostmane,192,priest,discipline,6,2,4
outland,192,priest,discipline,6,2,4
twisting-nether,192,priest,discipline,6,2,4
nethersturm,192,priest,discipline,6,2,4
burning-legion,192,priest,discipline,6,2,4
argent-dawn,192,priest,discipline,6,2,4
ravencrest,192,priest,discipline,6,2,4
ravencrest,192,priest,discipline,6,2,4
the-maelstrom,192,priest,discipline,6,2,4
tirion,192,priest,discipline,6,2,4
kazzak,192,priest,discipline,6,2,4
ravencrest,192,priest,discipline,6,2,4
soulflayer,192,priest,discipline,6,2,4
burning-legion,192,priest,discipline,6,2,4
dalaran,192,priest,discipline,6,2,4
nemesis,192,priest,discipline,6,2,4
dalaran,192,priest,discipline,6,2,4
eredar,192,priest,discipline,6,2,4
doomhammer,192,priest,discipline,6,2,4
stormscale,192,priest,discipline,6,2,4
dalaran,192,priest,discipline,6,2,4
agamaggan,192,priest,discipline,6,2,4
ravencrest,192,priest,discipline,6,2,4
ragnaros,192,priest,discipline,6,2,4
outland,192,priest,discipline,6,2,4
twisting-nether,192,priest,discipline,6,2,4
tarren-mill,192,priest,discipline,6,2,4
tarren-mill,192,priest,discipline,6,2,4
blackhand,192,priest,discipline,6,2,4
galakrond,192,priest,discipline,6,2,4
gorgonnash,192,priest,discipline,6,2,4
archimonde,192,priest,discipline,6,2,4
twilights-hammer,192,priest,discipline,6,2,4
argent-dawn,192,priest,discipline,6,2,4
sylvanas,192,priest,discipline,6,2,4
ragnaros,192,priest,discipline,6,2,4
howling-fjord,192,priest,discipline,6,2,4
ragnaros,192,priest,discipline,6,2,4
outland,192,priest,discipline,6,2,4
blackhand,192,priest,discipline,6,2,4
rexxar,192,priest,discipline,6,2,4
the-shatar,192,priest,discipline,6,2,4
ragnaros,192,priest,discipline,6,2,4
howling-fjord,192,priest,discipline,6,2,4
naxxramas,192,priest,discipline,6,2,4
das-konsortium,192,priest,discipline,6,2,4
defias-brotherhood,192,priest,discipline,6,2,4
gordunni,192,priest,discipline,6,2,4
howling-fjord,192,priest,discipline,6,2,4
howling-fjord,192,priest,discipline,6,2,4
defias-brotherhood,192,priest,discipline,6,2,4
kazzak,192,priest,discipline,7,2,5
stormscale,192,priest,discipline,20,4,16
darksorrow,192,priest,discipline,12,2,10
outland,192,priest,discipline,12,2,10
tarren-mill,192,priest,discipline,12,2,10
blackmoore,192,priest,discipline,12,2,10
aggra-português,192,priest,discipline,12,2,10
ragnaros,192,priest,discipline,12,2,10
stormscale,192,priest,discipline,12,2,10
dun-modr,192,priest,discipline,12,2,10
antonidas,192,priest,discipline,12,2,10
silvermoon,192,priest,discipline,12,2,10
kirin-tor,192,priest,discipline,12,2,10
defias-brotherhood,192,priest,discipline,18,2,16
silvermoon,192,priest,discipline,18,2,16
thrall,191,priest,discipline,6,2,4
khazgoroth,144,priest,discipline,9,2,7
outland,138,priest,discipline,8,3,5
ravencrest,138,priest,discipline,11,4,7
kazzak,138,priest,discipline,16,3,13
cthun,137,priest,discipline,13,3,10
blackhand,127,priest,discipline,8,2,6
argent-dawn,121,priest,discipline,16,3,13
defias-brotherhood,112,priest,discipline,7,2,5
drakthul,96,priest,discipline,3,2,1
archimonde,96,priest,discipline,6,1,5
howling-fjord,96,priest,discipline,6,1,5
defias-brotherhood,96,priest,discipline,6,1,5
ragnaros,96,priest,discipline,6,1,5
gordunni,96,priest,discipline,6,1,5
ragnaros,96,priest,discipline,6,1,5
gordunni,96,priest,discipline,6,1,5
defias-brotherhood,96,priest,discipline,6,1,5
aggra-português,96,priest,discipline,6,1,5
twisting-nether,96,priest,discipline,6,1,5
aegwynn,96,priest,discipline,6,1,5
blackmoore,96,priest,discipline,6,1,5
sanguino,96,priest,discipline,6,1,5
nemesis,96,priest,discipline,6,1,5
zuljin,96,priest,discipline,6,1,5
sanguino,96,priest,discipline,6,1,5
dalaran,96,priest,discipline,6,1,5
blackmoore,96,priest,discipline,6,1,5
draenor,96,priest,discipline,6,1,5
gordunni,96,priest,discipline,6,1,5
darksorrow,96,priest,discipline,6,1,5
gordunni,96,priest,discipline,6,1,5
la-croisade-écarlate,96,priest,discipline,6,1,5
burning-legion,96,priest,discipline,6,1,5
soulflayer,96,priest,discipline,6,1,5
gordunni,96,priest,discipline,6,1,5
ysondre,96,priest,discipline,6,1,5
blackrock,96,priest,discipline,6,1,5
blackscar,96,priest,discipline,6,1,5
eredar,96,priest,discipline,6,1,5
turalyon,96,priest,discipline,6,1,5
ravencrest,96,priest,discipline,6,1,5
ravencrest,96,priest,discipline,6,1,5
ravencrest,96,priest,discipline,6,1,5
blackrock,96,priest,discipline,6,1,5
onyxia,96,priest,discipline,6,1,5
soulflayer,96,priest,discipline,6,1,5
stormscale,96,priest,discipline,6,1,5
kazzak,96,priest,discipline,6,1,5
hyjal,96,priest,discipline,6,1,5
silvermoon,96,priest,discipline,6,1,5
stormscale,96,priest,discipline,6,1,5
tarren-mill,96,priest,discipline,6,1,5
stormscale,96,priest,discipline,6,1,5
stormscale,96,priest,discipline,6,1,5
tarren-mill,96,priest,discipline,6,1,5
silvermoon,96,priest,discipline,6,1,5
blackhand,96,priest,discipline,6,1,5
kazzak,96,priest,discipline,6,1,5
tarren-mill,96,priest,discipline,6,1,5
tarren-mill,96,priest,discipline,6,1,5
drakthul,96,priest,discipline,6,1,5
tarren-mill,96,priest,discipline,6,1,5
ragnaros,96,priest,discipline,12,1,11
stormscale,96,priest,discipline,12,1,11
cthun,96,priest,discipline,12,1,11
blackrock,64,priest,discipline,4,1,3
aegwynn,48,priest,discipline,3,1,2
outland,48,priest,discipline,3,1,2
outland,42,priest,discipline,11,3,8
argent-dawn,42,priest,discipline,8,2,6
draenor,42,priest,discipline,17,3,14
gorgonnash,42,priest,discipline,13,2,11
ragnaros,2229,priest,shadow,66,44,22
aegwynn,2151,priest,shadow,78,45,33
drakthul,2150,priest,shadow,105,52,53
gordunni,2143,priest,shadow,138,69,69
eredar,2110,priest,shadow,93,50,43
burning-blade,2080,priest,shadow,94,46,48
soulflayer,2060,priest,shadow,116,58,58
gordunni,2059,priest,shadow,65,35,30
blackrock,2056,priest,shadow,72,41,31
kult-der-verdammten,2056,priest,shadow,102,56,46
ravencrest,2045,priest,shadow,113,54,59
outland,2039,priest,shadow,90,43,47
gordunni,2033,priest,shadow,65,37,28
tarren-mill,2030,priest,shadow,59,40,19
tarren-mill,2022,priest,shadow,96,52,44
silvermoon,2009,priest,shadow,72,37,35
tarren-mill,2003,priest,shadow,93,60,33
blackmoore,1993,priest,shadow,54,33,21
sanguino,1982,priest,shadow,126,66,60
stormscale,1964,priest,shadow,84,45,39
silvermoon,1960,priest,shadow,42,23,19
ravencrest,1953,priest,shadow,54,32,22
archimonde,1951,priest,shadow,66,36,30
hyjal,1950,priest,shadow,141,85,56
shendralar,1938,priest,shadow,66,39,27
kazzak,1906,priest,shadow,54,27,27
twisting-nether,1905,priest,shadow,81,54,27
argent-dawn,1900,priest,shadow,42,29,13
thrall,1897,priest,shadow,36,20,16
silvermoon,1895,priest,shadow,42,27,15
kazzak,1889,priest,shadow,36,20,16
ravencrest,1886,priest,shadow,46,29,17
ravencrest,1882,priest,shadow,42,25,17
outland,1880,priest,shadow,93,58,35
aegwynn,1876,priest,shadow,52,27,25
twisting-nether,1875,priest,shadow,36,22,14
blackscar,1870,priest,shadow,59,37,22
dun-modr,1866,priest,shadow,38,29,9
hyjal,1863,priest,shadow,57,29,28
thrall,1861,priest,shadow,93,46,47
magtheridon,1860,priest,shadow,60,28,32
quelthalas,1859,priest,shadow,58,32,26
lich-king,1856,priest,shadow,89,50,39
kazzak,1856,priest,shadow,54,30,24
silvermoon,1855,priest,shadow,42,33,9
dun-modr,1854,priest,shadow,54,32,22
booty-bay,1853,priest,shadow,59,40,19
twisting-nether,1847,priest,shadow,42,25,17
kazzak,1845,priest,shadow,48,30,18
blackmoore,1843,priest,shadow,36,22,14
ravencrest,1843,priest,shadow,34,20,14
ravencrest,1835,priest,shadow,66,38,28
howling-fjord,1834,priest,shadow,55,29,26
blackrock,1830,priest,shadow,36,23,13
tarren-mill,1829,priest,shadow,65,29,36
twisting-nether,1828,priest,shadow,46,30,16
blackrock,1827,priest,shadow,72,43,29
turalyon,1825,priest,shadow,76,43,33
outland,1822,priest,shadow,48,34,14
ragnaros,1815,priest,shadow,36,19,17
thrall,1814,priest,shadow,42,30,12
draenor,1812,priest,shadow,81,52,29
soulflayer,1811,priest,shadow,53,27,26
ravencrest,1810,priest,shadow,54,29,25
kazzak,1809,priest,shadow,54,31,23
stormscale,1807,priest,shadow,30,19,11
sylvanas,1806,priest,shadow,36,20,16
les-sentinelles,1805,priest,shadow,78,44,34
outland,1804,priest,shadow,30,19,11
kazzak,1803,priest,shadow,84,49,35
kazzak,1802,priest,shadow,42,22,20
sanguino,1797,priest,shadow,39,19,20
stormscale,1791,priest,shadow,36,21,15
kazzak,1783,priest,shadow,72,38,34
gordunni,1777,priest,shadow,62,30,32
gordunni,1775,priest,shadow,48,23,25
defias-brotherhood,1774,priest,shadow,48,27,21
blackrock,1774,priest,shadow,50,24,26
blackrock,1768,priest,shadow,30,22,8
blackmoore,1767,priest,shadow,107,73,34
silvermoon,1758,priest,shadow,53,26,27
hyjal,1740,priest,shadow,59,34,25
soulflayer,1735,priest,shadow,60,35,25
aegwynn,1731,priest,shadow,78,42,36
drakthul,1730,priest,shadow,35,22,13
burning-legion,1727,priest,shadow,63,41,22
tarren-mill,1723,priest,shadow,36,22,14
soulflayer,1722,priest,shadow,81,45,36
aegwynn,1721,priest,shadow,30,18,12
eversong,1712,priest,shadow,100,55,45
stormscale,1706,priest,shadow,89,58,31
outland,1706,priest,shadow,54,27,27
twisting-nether,1703,priest,shadow,42,22,20
argent-dawn,1700,priest,shadow,36,18,18
ravencrest,1695,priest,shadow,52,34,18
kazzak,1694,priest,shadow,36,23,13
blackscar,1688,priest,shadow,36,23,13
gordunni,1688,priest,shadow,66,35,31
stormreaver,1682,priest,shadow,53,32,21
nozdormu,1680,priest,shadow,56,32,24
anachronos,1676,priest,shadow,77,34,43
turalyon,1669,priest,shadow,76,46,30
pozzo-delleternità,1668,priest,shadow,76,45,31
antonidas,1661,priest,shadow,30,19,11
gordunni,1649,priest,shadow,102,54,48
hellfire,1647,priest,shadow,78,43,35
ravencrest,1641,priest,shadow,96,46,50
argent-dawn,1640,priest,shadow,102,61,41
ravencrest,1638,priest,shadow,31,19,12
chamber-of-aspects,1634,priest,shadow,40,28,12
kazzak,1631,priest,shadow,24,17,7
tarren-mill,1630,priest,shadow,30,17,13
ragnaros,1628,priest,shadow,29,21,8
sylvanas,1628,priest,shadow,24,17,7
dun-modr,1626,priest,shadow,42,26,16
blackhand,1624,priest,shadow,30,17,13
kazzak,1613,priest,shadow,42,25,17
sanguino,1612,priest,shadow,36,20,16
twisting-nether,1611,priest,shadow,84,49,35
blackmoore,1607,priest,shadow,32,18,14
outland,1606,priest,shadow,47,22,25
thrall,1604,priest,shadow,97,54,43
ravencrest,1603,priest,shadow,55,28,27
blackmoore,1601,priest,shadow,42,20,22
hyjal,1600,priest,shadow,92,48,44
howling-fjord,1599,priest,shadow,52,25,27
blackscar,1593,priest,shadow,30,20,10
ragnaros,1587,priest,shadow,54,36,18
howling-fjord,1585,priest,shadow,106,59,47
burning-legion,1585,priest,shadow,54,25,29
silvermoon,1583,priest,shadow,42,22,20
madmortem,1577,priest,shadow,78,46,32
runetotem,1576,priest,shadow,95,56,39
kazzak,1576,priest,shadow,60,28,32
earthen-ring,1572,priest,shadow,36,18,18
ravencrest,1571,priest,shadow,50,27,23
soulflayer,1568,priest,shadow,54,23,31
sylvanas,1556,priest,shadow,30,20,10
blackmoore,1555,priest,shadow,54,29,25
galakrond,1552,priest,shadow,78,46,32
ravencrest,1549,priest,shadow,42,23,19
sylvanas,1543,priest,shadow,36,18,18
bloodscalp,1539,priest,shadow,42,19,23
howling-fjord,1535,priest,shadow,97,53,44
dun-modr,1534,priest,shadow,24,16,8
blackrock,1534,priest,shadow,30,16,14
doomhammer,1532,priest,shadow,82,42,40
ragnaros,1513,priest,shadow,71,42,29
outland,1511,priest,shadow,66,41,25
ragnaros,1497,priest,shadow,30,18,12
kazzak,1496,priest,shadow,36,24,12
ragnaros,1487,priest,shadow,60,34,26
soulflayer,1485,priest,shadow,60,36,24
kazzak,1483,priest,shadow,35,21,14
ravencrest,1475,priest,shadow,63,36,27
aegwynn,1475,priest,shadow,36,18,18
tarren-mill,1475,priest,shadow,41,19,22
frostmane,1473,priest,shadow,39,27,12
burning-legion,1469,priest,shadow,48,21,27
goldrinn,1464,priest,shadow,24,16,8
silvermoon,1455,priest,shadow,29,17,12
kazzak,1453,priest,shadow,77,40,37
twisting-nether,1452,priest,shadow,36,17,19
stormreaver,1449,priest,shadow,51,27,24
kazzak,1447,priest,shadow,94,55,39
ravencrest,1439,priest,shadow,30,15,15
kazzak,1439,priest,shadow,30,15,15
howling-fjord,1438,priest,shadow,24,15,9
gordunni,1437,priest,shadow,41,26,15
silvermoon,1435,priest,shadow,81,46,35
eredar,1433,priest,shadow,30,15,15
draenor,1430,priest,shadow,47,25,22
outland,1426,priest,shadow,30,21,9
zirkel-des-cenarius,1425,priest,shadow,24,15,9
kazzak,1417,priest,shadow,53,32,21
twisting-nether,1416,priest,shadow,30,18,12
thermaplugg,1416,priest,shadow,42,24,18
archimonde,1410,priest,shadow,45,30,15
antonidas,1406,priest,shadow,39,22,17
sylvanas,1406,priest,shadow,60,28,32
defias-brotherhood,1404,priest,shadow,66,34,32
stormscale,1398,priest,shadow,42,22,20
howling-fjord,1391,priest,shadow,28,16,12
argent-dawn,1386,priest,shadow,73,36,37
sylvanas,1384,priest,shadow,72,36,36
kazzak,1383,priest,shadow,58,30,28
deathguard,1382,priest,shadow,42,29,13
eredar,1381,priest,shadow,54,29,25
gordunni,1377,priest,shadow,34,16,18
dun-modr,1371,priest,shadow,29,16,13
bronze-dragonflight,1371,priest,shadow,69,28,41
malganis,1369,priest,shadow,24,21,3
nemesis,1368,priest,shadow,75,43,32
sanguino,1366,priest,shadow,54,30,24
blutkessel,1364,priest,shadow,29,20,9
kazzak,1362,priest,shadow,36,17,19
eversong,1359,priest,shadow,48,28,20
twisting-nether,1358,priest,shadow,52,31,21
kazzak,1353,priest,shadow,29,15,14
gilneas,1346,priest,shadow,43,21,22
blackrock,1342,priest,shadow,24,14,10
howling-fjord,1340,priest,shadow,35,19,16
argent-dawn,1338,priest,shadow,41,23,18
tarren-mill,1334,priest,shadow,18,14,4
daggerspine,1333,priest,shadow,36,23,13
burning-blade,1332,priest,shadow,58,32,26
archimonde,1332,priest,shadow,30,14,16
gordunni,1328,priest,shadow,24,14,10
twisting-nether,1327,priest,shadow,24,14,10
bronze-dragonflight,1318,priest,shadow,30,14,16
ysondre,1313,priest,shadow,19,14,5
tarren-mill,1305,priest,shadow,42,26,16
blackhand,1305,priest,shadow,49,27,22
gordunni,1295,priest,shadow,24,15,9
gordunni,1284,priest,shadow,25,15,10
hyjal,1271,priest,shadow,33,14,19
argent-dawn,1254,priest,shadow,39,15,24
kazzak,1247,priest,shadow,18,13,5
khaz-modan,1247,priest,shadow,18,13,5
magtheridon,1245,priest,shadow,18,13,5
ravencrest,1245,priest,shadow,24,13,11
stormscale,1243,priest,shadow,24,13,11
eredar,1242,priest,shadow,18,13,5
blackhand,1240,priest,shadow,18,13,5
stormscale,1239,priest,shadow,24,13,11
blackhand,1239,priest,shadow,30,14,16
dun-modr,1238,priest,shadow,24,13,11
alleria,1235,priest,shadow,27,14,13
twisting-nether,1234,priest,shadow,171,86,85
nemesis,1224,priest,shadow,24,13,11
twisting-nether,1222,priest,shadow,56,27,29
blackmoore,1220,priest,shadow,42,21,21
soulflayer,1219,priest,shadow,30,15,15
perenolde,1217,priest,shadow,36,16,20
sylvanas,1212,priest,shadow,23,13,10
nemesis,1193,priest,shadow,36,23,13
twisting-nether,1187,priest,shadow,27,13,14
stormscale,1178,priest,shadow,36,26,10
soulflayer,1177,priest,shadow,22,13,9
ravencrest,1166,priest,shadow,36,23,13
ravencrest,1157,priest,shadow,23,14,9
stormscale,1152,priest,shadow,18,12,6
kazzak,1152,priest,shadow,24,12,12
blackscar,1152,priest,shadow,24,12,12
stormscale,1152,priest,shadow,24,12,12
soulflayer,1152,priest,shadow,24,12,12
aegwynn,1151,priest,shadow,18,12,6
kazzak,1151,priest,shadow,18,12,6
blackhand,1151,priest,shadow,18,12,6
kiljaeden,1151,priest,shadow,24,12,12
ravencrest,1150,priest,shadow,18,12,6
tarren-mill,1150,priest,shadow,18,12,6
draenor,1149,priest,shadow,18,12,6
ravencrest,1147,priest,shadow,18,12,6
eredar,1147,priest,shadow,24,12,12
ravencrest,1147,priest,shadow,24,12,12
draenor,1140,priest,shadow,48,25,23
tarren-mill,1137,priest,shadow,60,31,29
frostmane,1135,priest,shadow,24,12,12
doomhammer,1128,priest,shadow,18,12,6
kult-der-verdammten,1128,priest,shadow,36,16,20
malganis,1118,priest,shadow,26,13,13
hyjal,1116,priest,shadow,28,13,15
dalaran,1103,priest,shadow,31,16,15
elune,1100,priest,shadow,24,16,8
silvermoon,1091,priest,shadow,36,18,18
silvermoon,1089,priest,shadow,21,12,9
blackscar,1087,priest,shadow,48,28,20
blackrock,1085,priest,shadow,17,12,5
ravencrest,1055,priest,shadow,18,11,7
kazzak,1055,priest,shadow,18,11,7
dun-modr,1054,priest,shadow,23,12,11
ravencrest,1054,priest,shadow,24,11,13
silvermoon,1053,priest,shadow,18,11,7
blackscar,1052,priest,shadow,30,18,12
sylvanas,1052,priest,shadow,21,12,9
ravencrest,1049,priest,shadow,24,11,13
twisting-nether,1048,priest,shadow,24,11,13
twisting-nether,1041,priest,shadow,24,11,13
kazzak,1035,priest,shadow,24,11,13
gordunni,1035,priest,shadow,35,11,24
greymane,1018,priest,shadow,18,12,6
blackhand,988,priest,shadow,16,11,5
argent-dawn,973,priest,shadow,23,12,11
ravencrest,960,priest,shadow,12,10,2
ravencrest,960,priest,shadow,12,10,2
tarren-mill,960,priest,shadow,18,10,8
argent-dawn,959,priest,shadow,12,10,2
outland,959,priest,shadow,18,10,8
alakir,959,priest,shadow,24,10,14
outland,959,priest,shadow,24,10,14
ravencrest,959,priest,shadow,24,10,14
tarren-mill,958,priest,shadow,18,10,8
aegwynn,958,priest,shadow,18,10,8
silvermoon,956,priest,shadow,18,10,8
burning-blade,955,priest,shadow,18,10,8
alakir,950,priest,shadow,18,10,8
spinebreaker,949,priest,shadow,18,10,8
ravencrest,948,priest,shadow,18,10,8
howling-fjord,947,priest,shadow,24,11,13
deathguard,946,priest,shadow,38,20,18
sylvanas,927,priest,shadow,16,10,6
draenor,911,priest,shadow,21,10,11
blackhand,911,priest,shadow,23,10,13
blackrock,864,priest,shadow,12,9,3
aegwynn,864,priest,shadow,12,9,3
skullcrusher,864,priest,shadow,18,9,9
outland,864,priest,shadow,18,9,9
tichondrius,863,priest,shadow,12,9,3
ragnaros,863,priest,shadow,18,9,9
the-maelstrom,863,priest,shadow,18,9,9
outland,863,priest,shadow,21,10,11
drakthul,862,priest,shadow,16,10,6
burning-legion,862,priest,shadow,18,9,9
twisting-nether,862,priest,shadow,18,9,9
runetotem,862,priest,shadow,24,9,15
ravenholdt,861,priest,shadow,12,9,3
alakir,861,priest,shadow,12,9,3
draenor,861,priest,shadow,12,9,3
kazzak,861,priest,shadow,12,9,3
karazhan,861,priest,shadow,18,9,9
outland,860,priest,shadow,12,9,3
ysondre,858,priest,shadow,16,10,6
borean-tundra,858,priest,shadow,30,12,18
gordunni,848,priest,shadow,12,9,3
archimonde,847,priest,shadow,17,9,8
gordunni,847,priest,shadow,24,9,15
stormscale,820,priest,shadow,23,9,14
sargeras,815,priest,shadow,11,9,2
ravencrest,799,priest,shadow,23,9,14
zuljin,797,priest,shadow,16,9,7
ravencrest,768,priest,shadow,12,8,4
tarren-mill,768,priest,shadow,12,8,4
howling-fjord,768,priest,shadow,12,8,4
tarren-mill,768,priest,shadow,12,8,4
ravencrest,768,priest,shadow,12,8,4
dalvengyr,768,priest,shadow,12,8,4
ysondre,768,priest,shadow,12,8,4
argent-dawn,768,priest,shadow,18,8,10
sylvanas,767,priest,shadow,12,8,4
draenor,767,priest,shadow,12,8,4
dun-modr,767,priest,shadow,18,8,10
nagrand,767,priest,shadow,18,8,10
destromath,767,priest,shadow,18,8,10
blackmoore,767,priest,shadow,18,8,10
aegwynn,767,priest,shadow,24,8,16
blackrock,766,priest,shadow,12,8,4
blackscar,766,priest,shadow,12,8,4
hyjal,766,priest,shadow,18,8,10
blackrock,765,priest,shadow,12,8,4
alakir,765,priest,shadow,19,8,11
moonglade,763,priest,shadow,18,8,10
hellfire,758,priest,shadow,12,8,4
kazzak,734,priest,shadow,29,8,21
shattered-hand,733,priest,shadow,22,8,14
stormscale,703,priest,shadow,14,8,6
ravencrest,672,priest,shadow,12,7,5
stormscale,672,priest,shadow,12,7,5
draenor,672,priest,shadow,12,7,5
blackrock,672,priest,shadow,12,7,5
kazzak,672,priest,shadow,12,7,5
lightbringer,672,priest,shadow,12,7,5
twisting-nether,672,priest,shadow,12,7,5
blackscar,672,priest,shadow,12,7,5
blackscar,672,priest,shadow,12,7,5
blackmoore,672,priest,shadow,12,7,5
tarren-mill,672,priest,shadow,12,7,5
dun-modr,672,priest,shadow,12,7,5
gordunni,672,priest,shadow,12,7,5
magtheridon,672,priest,shadow,12,7,5
draenor,672,priest,shadow,15,8,7
ravencrest,672,priest,shadow,20,7,13
draenor,671,priest,shadow,12,7,5
zenedar,671,priest,shadow,12,7,5
kazzak,671,priest,shadow,12,7,5
howling-fjord,671,priest,shadow,12,7,5
tarren-mill,671,priest,shadow,13,7,6
azjolnerub,671,priest,shadow,18,7,11
sanguino,671,priest,shadow,18,7,11
chamber-of-aspects,671,priest,shadow,18,7,11
ravencrest,671,priest,shadow,18,7,11
die-arguswacht,670,priest,shadow,12,7,5
outland,670,priest,shadow,12,7,5
tarren-mill,670,priest,shadow,12,7,5
ravencrest,669,priest,shadow,12,7,5
sylvanas,666,priest,shadow,12,7,5
ysondre,658,priest,shadow,12,7,5
antonidas,655,priest,shadow,17,7,10
archimonde,624,priest,shadow,15,8,7
darksorrow,608,priest,shadow,16,7,9
ravencrest,607,priest,shadow,14,7,7
twilights-hammer,576,priest,shadow,6,6,0
aszune,576,priest,shadow,6,6,0
sanguino,576,priest,shadow,6,6,0
sylvanas,576,priest,shadow,6,6,0
stormscale,576,priest,shadow,6,6,0
tarren-mill,576,priest,shadow,6,6,0
ragnaros,576,priest,shadow,6,6,0
blackrock,576,priest,shadow,12,6,6
ragnaros,576,priest,shadow,12,6,6
defias-brotherhood,576,priest,shadow,12,6,6
burning-steppes,576,priest,shadow,12,6,6
blackmoore,576,priest,shadow,12,6,6
defias-brotherhood,576,priest,shadow,12,6,6
kazzak,576,priest,shadow,12,6,6
blackmoore,576,priest,shadow,12,6,6
ravencrest,576,priest,shadow,12,6,6
howling-fjord,576,priest,shadow,12,6,6
kazzak,576,priest,shadow,12,6,6
blackrock,576,priest,shadow,12,6,6
ravencrest,576,priest,shadow,12,6,6
frostmane,576,priest,shadow,12,6,6
ravencrest,576,priest,shadow,12,6,6
dun-morogh,576,priest,shadow,18,6,12
outland,576,priest,shadow,18,6,12
howling-fjord,575,priest,shadow,12,6,6
aegwynn,575,priest,shadow,12,6,6
doomhammer,575,priest,shadow,12,6,6
nethersturm,575,priest,shadow,12,6,6
bloodfeather,574,priest,shadow,12,6,6
tichondrius,573,priest,shadow,12,6,6
antonidas,571,priest,shadow,12,6,6
eredar,543,priest,shadow,11,6,5
silvermoon,543,priest,shadow,22,6,16
dun-modr,522,priest,shadow,15,8,7
kazzak,511,priest,shadow,11,6,5
chamber-of-aspects,495,priest,shadow,14,6,8
nemesis,480,priest,shadow,6,5,1
ysondre,480,priest,shadow,6,5,1
argent-dawn,480,priest,shadow,6,5,1
ravencrest,480,priest,shadow,6,5,1
silvermoon,480,priest,shadow,6,5,1
ravencrest,480,priest,shadow,6,5,1
defias-brotherhood,480,priest,shadow,6,5,1
soulflayer,480,priest,shadow,6,5,1
gordunni,480,priest,shadow,6,5,1
kazzak,480,priest,shadow,6,5,1
stormscale,480,priest,shadow,6,5,1
archimonde,480,priest,shadow,6,5,1
archimonde,480,priest,shadow,6,5,1
aggra-português,480,priest,shadow,6,5,1
drakthul,480,priest,shadow,12,5,7
archimonde,480,priest,shadow,12,5,7
twisting-nether,480,priest,shadow,12,5,7
norgannon,480,priest,shadow,12,5,7
emerald-dream,480,priest,shadow,12,5,7
ravencrest,480,priest,shadow,12,5,7
ravencrest,480,priest,shadow,12,5,7
hyjal,480,priest,shadow,12,5,7
outland,480,priest,shadow,12,5,7
ravencrest,480,priest,shadow,12,5,7
outland,480,priest,shadow,12,5,7
tarren-mill,480,priest,shadow,12,5,7
sargeras,480,priest,shadow,12,5,7
ravencrest,480,priest,shadow,12,5,7
argent-dawn,480,priest,shadow,12,5,7
stormscale,480,priest,shadow,12,5,7
neptulon,480,priest,shadow,12,5,7
blackmoore,480,priest,shadow,18,5,13
dun-modr,479,priest,shadow,6,5,1
kazzak,479,priest,shadow,6,5,1
cthun,479,priest,shadow,12,5,7
blackrock,479,priest,shadow,12,5,7
ragnaros,479,priest,shadow,12,5,7
voljin,448,priest,shadow,10,5,5
argent-dawn,413,priest,shadow,16,5,11
alakir,384,priest,shadow,6,4,2
aegwynn,384,priest,shadow,6,4,2
blackmoore,384,priest,shadow,6,4,2
grom,384,priest,shadow,6,4,2
argent-dawn,384,priest,shadow,6,4,2
blackhand,384,priest,shadow,6,4,2
ravencrest,384,priest,shadow,6,4,2
ravencrest,384,priest,shadow,6,4,2
ravencrest,384,priest,shadow,6,4,2
sylvanas,384,priest,shadow,6,4,2
frostmane,384,priest,shadow,6,4,2
blackmoore,384,priest,shadow,6,4,2
turalyon,384,priest,shadow,6,4,2
howling-fjord,384,priest,shadow,6,4,2
tarren-mill,384,priest,shadow,6,4,2
kazzak,384,priest,shadow,6,4,2
howling-fjord,384,priest,shadow,6,4,2
dun-modr,384,priest,shadow,6,4,2
silvermoon,384,priest,shadow,6,4,2
thrall,384,priest,shadow,6,4,2
silvermoon,384,priest,shadow,6,4,2
emerald-dream,384,priest,shadow,6,4,2
stormreaver,384,priest,shadow,6,4,2
ravencrest,384,priest,shadow,6,4,2
defias-brotherhood,384,priest,shadow,6,4,2
ravencrest,384,priest,shadow,6,4,2
argent-dawn,384,priest,shadow,6,4,2
kazzak,384,priest,shadow,6,4,2
nemesis,384,priest,shadow,6,4,2
twisting-nether,384,priest,shadow,6,4,2
tarren-mill,384,priest,shadow,6,4,2
ravencrest,384,priest,shadow,6,4,2
twisting-nether,384,priest,shadow,6,4,2
twisting-nether,384,priest,shadow,6,4,2
ravencrest,384,priest,shadow,6,4,2
los-errantes,384,priest,shadow,6,4,2
soulflayer,384,priest,shadow,6,4,2
ysondre,384,priest,shadow,15,5,10
tarren-mill,384,priest,shadow,12,4,8
blackscar,384,priest,shadow,12,4,8
aegwynn,384,priest,shadow,12,4,8
gordunni,384,priest,shadow,12,4,8
frostmane,384,priest,shadow,12,4,8
grim-batol,384,priest,shadow,12,4,8
blackhand,384,priest,shadow,12,4,8
gordunni,384,priest,shadow,12,4,8
silvermoon,384,priest,shadow,12,4,8
sanguino,384,priest,shadow,12,4,8
blackrock,384,priest,shadow,12,4,8
ragnaros,384,priest,shadow,13,4,9
chogall,384,priest,shadow,13,4,9
frostmane,383,priest,shadow,12,4,8
aggramar,382,priest,shadow,6,4,2
silvermoon,367,priest,shadow,11,4,7
silvermoon,367,priest,shadow,11,4,7
twisting-nether,351,priest,shadow,11,4,7
stormscale,351,priest,shadow,11,4,7
antonidas,335,priest,shadow,11,4,7
kazzak,288,priest,shadow,6,3,3
twisting-nether,288,priest,shadow,6,3,3
kazzak,288,priest,shadow,6,3,3
moonglade,288,priest,shadow,6,3,3
sanguino,288,priest,shadow,6,3,3
uldum,288,priest,shadow,6,3,3
dalaran,288,priest,shadow,6,3,3
outland,288,priest,shadow,6,3,3
kazzak,288,priest,shadow,6,3,3
ravencrest,288,priest,shadow,6,3,3
executus,288,priest,shadow,6,3,3
tarren-mill,288,priest,shadow,6,3,3
saurfang,288,priest,shadow,6,3,3
frostmane,288,priest,shadow,6,3,3
tarren-mill,288,priest,shadow,6,3,3
dun-modr,288,priest,shadow,6,3,3
ysondre,288,priest,shadow,6,3,3
eredar,288,priest,shadow,6,3,3
draenor,288,priest,shadow,6,3,3
ysondre,288,priest,shadow,6,3,3
draenor,288,priest,shadow,6,3,3
hyjal,288,priest,shadow,6,3,3
garona,288,priest,shadow,6,3,3
hyjal,288,priest,shadow,6,3,3
ysondre,288,priest,shadow,6,3,3
stormscale,288,priest,shadow,6,3,3
draenor,288,priest,shadow,6,3,3
hyjal,288,priest,shadow,6,3,3
ravencrest,288,priest,shadow,6,3,3
blackmoore,288,priest,shadow,6,3,3
soulflayer,288,priest,shadow,6,3,3
silvermoon,288,priest,shadow,6,3,3
dun-modr,288,priest,shadow,6,3,3
twisting-nether,288,priest,shadow,6,3,3
gordunni,288,priest,shadow,6,3,3
silvermoon,288,priest,shadow,6,3,3
ragnaros,288,priest,shadow,6,3,3
bronzebeard,288,priest,shadow,6,3,3
ravencrest,288,priest,shadow,6,3,3
soulflayer,288,priest,shadow,6,3,3
wrathbringer,288,priest,shadow,6,3,3
silvermoon,288,priest,shadow,6,3,3
darkmoon-faire,288,priest,shadow,6,3,3
talnivarr,288,priest,shadow,6,3,3
argent-dawn,288,priest,shadow,6,3,3
defias-brotherhood,288,priest,shadow,6,3,3
mazrigos,288,priest,shadow,6,3,3
argent-dawn,288,priest,shadow,6,3,3
gordunni,288,priest,shadow,6,3,3
ravencrest,288,priest,shadow,6,3,3
blackmoore,288,priest,shadow,7,3,4
twisting-nether,288,priest,shadow,12,3,9
drakthul,288,priest,shadow,12,3,9
dun-modr,288,priest,shadow,12,3,9
stormscale,288,priest,shadow,12,3,9
ravencrest,288,priest,shadow,12,3,9
the-maelstrom,288,priest,shadow,12,3,9
blackrock,288,priest,shadow,12,3,9
the-maelstrom,288,priest,shadow,18,3,15
howling-fjord,288,priest,shadow,18,3,15
thrall,287,priest,shadow,6,3,3
ragnaros,287,priest,shadow,6,3,3
howling-fjord,287,priest,shadow,6,3,3
eversong,287,priest,shadow,6,3,3
defias-brotherhood,287,priest,shadow,12,3,9
nozdormu,286,priest,shadow,6,3,3
eredar,286,priest,shadow,6,3,3
ravenholdt,256,priest,shadow,4,4,0
argent-dawn,239,priest,shadow,5,3,2
twisting-nether,239,priest,shadow,5,3,2
argent-dawn,192,priest,shadow,6,2,4
hellfire,192,priest,shadow,6,2,4
kazzak,192,priest,shadow,6,2,4
kazzak,192,priest,shadow,6,2,4
nagrand,192,priest,shadow,6,2,4
tarren-mill,192,priest,shadow,6,2,4
hellfire,192,priest,shadow,6,2,4
twisting-nether,192,priest,shadow,6,2,4
kazzak,192,priest,shadow,6,2,4
soulflayer,192,priest,shadow,6,2,4
antonidas,192,priest,shadow,6,2,4
sanguino,192,priest,shadow,6,2,4
doomhammer,192,priest,shadow,6,2,4
magtheridon,192,priest,shadow,6,2,4
ravencrest,192,priest,shadow,6,2,4
deathguard,192,priest,shadow,6,2,4
blackmoore,192,priest,shadow,6,2,4
dun-modr,192,priest,shadow,6,2,4
sylvanas,192,priest,shadow,6,2,4
argent-dawn,192,priest,shadow,6,2,4
ravencrest,192,priest,shadow,6,2,4
archimonde,192,priest,shadow,6,2,4
der-rat-von-dalaran,192,priest,shadow,6,2,4
archimonde,192,priest,shadow,6,2,4
blackrock,192,priest,shadow,6,2,4
archimonde,192,priest,shadow,6,2,4
drakthul,192,priest,shadow,6,2,4
draenor,192,priest,shadow,6,2,4
stormscale,192,priest,shadow,6,2,4
stormscale,192,priest,shadow,6,2,4
gorgonnash,192,priest,shadow,6,2,4
frostmane,192,priest,shadow,6,2,4
gordunni,192,priest,shadow,6,2,4
gordunni,192,priest,shadow,6,2,4
blackrock,192,priest,shadow,6,2,4
aegwynn,192,priest,shadow,6,2,4
drakthul,192,priest,shadow,6,2,4
dun-modr,192,priest,shadow,12,2,10
gordunni,192,priest,shadow,12,2,10
silvermoon,191,priest,shadow,6,2,4
dun-modr,175,priest,shadow,11,2,9
ragnaros,159,priest,shadow,5,2,3
ravencrest,144,priest,shadow,9,3,6
howling-fjord,138,priest,shadow,10,4,6
draenor,138,priest,shadow,13,3,10
blackmoore,96,priest,shadow,3,2,1
blackhand,96,priest,shadow,6,1,5
ravencrest,96,priest,shadow,6,1,5
archimonde,96,priest,shadow,6,1,5
howling-fjord,96,priest,shadow,6,1,5
kazzak,96,priest,shadow,6,1,5
archimonde,96,priest,shadow,6,1,5
shendralar,96,priest,shadow,6,1,5
stormscale,96,priest,shadow,6,1,5
ravencrest,96,priest,shadow,6,1,5
howling-fjord,96,priest,shadow,6,1,5
sunstrider,96,priest,shadow,6,1,5
twisting-nether,96,priest,shadow,6,1,5
ravencrest,96,priest,shadow,6,1,5
ysondre,96,priest,shadow,6,1,5
defias-brotherhood,96,priest,shadow,6,1,5
die-aldor,96,priest,shadow,6,1,5
silvermoon,96,priest,shadow,6,1,5
amanthul,96,priest,shadow,12,1,11
shadowsong,64,priest,shadow,4,1,3
ravencrest,64,priest,shadow,4,1,3
sylvanas,48,priest,shadow,3,1,2
stormscale,2130,rogue,outlaw,66,36,30
vashj,1819,rogue,outlaw,76,40,36
ravencrest,1570,rogue,outlaw,83,39,44
tarren-mill,1563,rogue,outlaw,90,42,48
blackscar,1442,rogue,outlaw,48,26,22
silvermoon,1429,rogue,outlaw,41,24,17
ravencrest,1421,rogue,outlaw,30,15,15
aggramar,1419,rogue,outlaw,84,40,44
argent-dawn,1407,rogue,outlaw,54,25,29
ravencrest,1373,rogue,outlaw,51,25,26
silvermoon,1343,rogue,outlaw,78,48,30
dun-morogh,1270,rogue,outlaw,41,15,26
archimonde,1230,rogue,outlaw,34,17,17
defias-brotherhood,1221,rogue,outlaw,27,14,13
argent-dawn,1143,rogue,outlaw,24,12,12
burning-legion,1064,rogue,outlaw,44,17,27
ragnaros,1034,rogue,outlaw,24,11,13
gilneas,924,rogue,outlaw,20,11,9
kazzak,909,rogue,outlaw,18,11,7
blackmoore,876,rogue,outlaw,18,10,8
gordunni,868,rogue,outlaw,19,10,9
stormscale,863,rogue,outlaw,24,9,15
tarren-mill,862,rogue,outlaw,12,9,3
lich-king,768,rogue,outlaw,24,8,16
soulflayer,767,rogue,outlaw,24,8,16
silvermoon,743,rogue,outlaw,24,9,15
ysondre,672,rogue,outlaw,12,7,5
silvermoon,672,rogue,outlaw,12,7,5
ysondre,672,rogue,outlaw,12,7,5
ragnaros,672,rogue,outlaw,18,7,11
twisting-nether,672,rogue,outlaw,18,7,11
archimonde,655,rogue,outlaw,17,7,10
tarren-mill,576,rogue,outlaw,12,6,6
wrathbringer,575,rogue,outlaw,12,6,6
tarren-mill,575,rogue,outlaw,12,6,6
argent-dawn,575,rogue,outlaw,12,6,6
hyjal,574,rogue,outlaw,12,6,6
eversong,572,rogue,outlaw,18,6,12
blackrock,491,rogue,outlaw,13,6,7
frostwolf,480,rogue,outlaw,6,5,1
aggra-português,480,rogue,outlaw,6,5,1
ragnaros,480,rogue,outlaw,12,5,7
argent-dawn,480,rogue,outlaw,12,5,7
blackmoore,480,rogue,outlaw,12,5,7
howling-fjord,480,rogue,outlaw,12,5,7
ravencrest,384,rogue,outlaw,6,4,2
sylvanas,384,rogue,outlaw,12,4,8
outland,384,rogue,outlaw,12,4,8
gordunni,384,rogue,outlaw,18,4,14
gorgonnash,351,rogue,outlaw,11,4,7
emeriss,288,rogue,outlaw,6,3,3
dun-modr,288,rogue,outlaw,6,3,3
outland,288,rogue,outlaw,6,3,3
die-ewige-wacht,288,rogue,outlaw,12,3,9
sanguino,288,rogue,outlaw,12,3,9
ravencrest,288,rogue,outlaw,12,3,9
doomhammer,286,rogue,outlaw,6,3,3
magtheridon,285,rogue,outlaw,12,3,9
emerald-dream,238,rogue,outlaw,5,3,2
gordunni,192,rogue,outlaw,6,2,4
argent-dawn,192,rogue,outlaw,6,2,4
dalaran,192,rogue,outlaw,6,2,4
gordunni,192,rogue,outlaw,12,2,10
hyjal,191,rogue,outlaw,6,2,4
moonglade,138,rogue,outlaw,10,3,7
hyjal,96,rogue,outlaw,6,1,5
dalaran,96,rogue,outlaw,6,1,5
sylvanas,96,rogue,outlaw,6,1,5
kaelthas,96,rogue,outlaw,6,1,5
burning-blade,96,rogue,outlaw,6,1,5
gordunni,47,rogue,outlaw,3,1,2
culte-de-la-rive-noire,2107,rogue,subtlety,78,43,35
gordunni,1917,rogue,subtlety,74,35,39
thrall,1912,rogue,subtlety,60,30,30
silvermoon,1879,rogue,subtlety,83,51,32
gordunni,1869,rogue,subtlety,36,20,16
archimonde,1866,rogue,subtlety,38,24,14
nemesis,1857,rogue,subtlety,99,60,39
argent-dawn,1853,rogue,subtlety,59,32,27
hyjal,1842,rogue,subtlety,48,24,24
stormscale,1832,rogue,subtlety,42,23,19
soulflayer,1832,rogue,subtlety,60,30,30
borean-tundra,1830,rogue,subtlety,62,31,31
drakthul,1830,rogue,subtlety,84,41,43
ravencrest,1811,rogue,subtlety,54,29,25
blackrock,1809,rogue,subtlety,82,48,34
tarren-mill,1806,rogue,subtlety,42,22,20
zuljin,1804,rogue,subtlety,54,29,25
archimonde,1776,rogue,subtlety,104,59,45
lightbringer,1758,rogue,subtlety,42,20,22
ravencrest,1743,rogue,subtlety,90,42,48
aegwynn,1719,rogue,subtlety,36,23,13
arygos,1697,rogue,subtlety,80,44,36
outland,1692,rogue,subtlety,48,23,25
silvermoon,1678,rogue,subtlety,88,41,47
gordunni,1676,rogue,subtlety,74,38,36
burning-legion,1667,rogue,subtlety,155,79,76
stormscale,1662,rogue,subtlety,59,32,27
ragnaros,1655,rogue,subtlety,35,18,17
turalyon,1650,rogue,subtlety,39,21,18
ravencrest,1639,rogue,subtlety,27,18,9
ravencrest,1639,rogue,subtlety,48,22,26
kazzak,1634,rogue,subtlety,42,28,14
tarren-mill,1630,rogue,subtlety,75,47,28
dun-morogh,1620,rogue,subtlety,48,29,19
galakrond,1616,rogue,subtlety,30,18,12
silvermoon,1615,rogue,subtlety,43,22,21
kult-der-verdammten,1603,rogue,subtlety,30,19,11
ragnaros,1603,rogue,subtlety,44,25,19
hyjal,1597,rogue,subtlety,36,21,15
argent-dawn,1590,rogue,subtlety,36,18,18
howling-fjord,1582,rogue,subtlety,66,39,27
ravencrest,1580,rogue,subtlety,42,22,20
exodar,1572,rogue,subtlety,48,20,28
twisting-nether,1531,rogue,subtlety,50,23,27
stormscale,1522,rogue,subtlety,30,19,11
blackscar,1512,rogue,subtlety,34,21,13
ravencrest,1511,rogue,subtlety,36,22,14
gordunni,1505,rogue,subtlety,48,24,24
onyxia,1505,rogue,subtlety,42,18,24
blackmoore,1488,rogue,subtlety,36,17,19
silvermoon,1484,rogue,subtlety,39,22,17
outland,1477,rogue,subtlety,76,41,35
ravencrest,1477,rogue,subtlety,36,18,18
soulflayer,1456,rogue,subtlety,54,28,26
dun-modr,1451,rogue,subtlety,58,32,26
gordunni,1446,rogue,subtlety,96,52,44
blackhand,1437,rogue,subtlety,30,15,15
hyjal,1428,rogue,subtlety,60,29,31
ragnaros,1427,rogue,subtlety,30,17,13
howling-fjord,1418,rogue,subtlety,30,17,13
kazzak,1415,rogue,subtlety,24,16,8
gordunni,1385,rogue,subtlety,42,19,23
dalaran,1376,rogue,subtlety,24,15,9
ravencrest,1374,rogue,subtlety,65,31,34
deathguard,1366,rogue,subtlety,30,15,15
tarren-mill,1366,rogue,subtlety,62,24,38
malfurion,1354,rogue,subtlety,62,33,29
tarren-mill,1353,rogue,subtlety,48,32,16
gordunni,1351,rogue,subtlety,47,25,22
argent-dawn,1349,rogue,subtlety,36,20,16
boulderfist,1349,rogue,subtlety,46,25,21
archimonde,1347,rogue,subtlety,40,19,21
the-maelstrom,1344,rogue,subtlety,18,14,4
ravencrest,1344,rogue,subtlety,24,14,10
eredar,1342,rogue,subtlety,30,14,16
archimonde,1333,rogue,subtlety,29,17,12
antonidas,1328,rogue,subtlety,54,27,27
argent-dawn,1327,rogue,subtlety,50,30,20
ravencrest,1324,rogue,subtlety,72,39,33
gordunni,1322,rogue,subtlety,24,14,10
antonidas,1322,rogue,subtlety,30,14,16
burning-legion,1308,rogue,subtlety,30,14,16
terokkar,1304,rogue,subtlety,18,14,4
gordunni,1296,rogue,subtlety,70,33,37
stormscale,1278,rogue,subtlety,42,25,17
minahonda,1275,rogue,subtlety,24,14,10
gordunni,1261,rogue,subtlety,60,29,31
chogall,1258,rogue,subtlety,24,14,10
outland,1257,rogue,subtlety,23,14,9
burning-legion,1257,rogue,subtlety,30,18,12
outland,1247,rogue,subtlety,24,13,11
archimonde,1247,rogue,subtlety,24,13,11
archimonde,1245,rogue,subtlety,22,14,8
blackrock,1245,rogue,subtlety,36,13,23
soulflayer,1243,rogue,subtlety,42,25,17
eredar,1243,rogue,subtlety,24,13,11
howling-fjord,1242,rogue,subtlety,30,13,17
archimonde,1226,rogue,subtlety,45,20,25
ravencrest,1216,rogue,subtlety,18,13,5
eredar,1209,rogue,subtlety,38,14,24
blackrock,1206,rogue,subtlety,18,14,4
soulflayer,1204,rogue,subtlety,24,13,11
tarren-mill,1203,rogue,subtlety,24,13,11
antonidas,1201,rogue,subtlety,30,13,17
blackhand,1192,rogue,subtlety,33,14,19
ysondre,1188,rogue,subtlety,26,15,11
kaelthas,1159,rogue,subtlety,48,29,19
archimonde,1152,rogue,subtlety,18,12,6
draenor,1148,rogue,subtlety,37,15,22
tarren-mill,1147,rogue,subtlety,18,12,6
cthun,1143,rogue,subtlety,22,13,9
dun-modr,1142,rogue,subtlety,30,12,18
frostmane,1140,rogue,subtlety,24,12,12
eredar,1128,rogue,subtlety,24,12,12
tarren-mill,1128,rogue,subtlety,30,12,18
tarren-mill,1126,rogue,subtlety,24,12,12
soulflayer,1124,rogue,subtlety,29,12,17
soulflayer,1116,rogue,subtlety,18,13,5
sanguino,1115,rogue,subtlety,30,12,18
blackmoore,1113,rogue,subtlety,29,12,17
turalyon,1112,rogue,subtlety,18,12,6
archimonde,1091,rogue,subtlety,54,28,26
silvermoon,1077,rogue,subtlety,68,29,39
amanthul,1071,rogue,subtlety,117,59,58
ravencrest,1062,rogue,subtlety,19,12,7
ravencrest,1056,rogue,subtlety,21,12,9
stormscale,1055,rogue,subtlety,18,11,7
lich-king,1055,rogue,subtlety,24,11,13
gordunni,1055,rogue,subtlety,35,16,19
sylvanas,1054,rogue,subtlety,18,11,7
azuremyst,1053,rogue,subtlety,33,15,18
stormreaver,1050,rogue,subtlety,18,11,7
ravencrest,1046,rogue,subtlety,18,11,7
outland,1043,rogue,subtlety,18,11,7
ashenvale,1037,rogue,subtlety,24,11,13
twisting-nether,1035,rogue,subtlety,102,51,51
draenor,1030,rogue,subtlety,18,11,7
gordunni,1025,rogue,subtlety,27,11,16
eonar,1016,rogue,subtlety,18,11,7
kazzak,1004,rogue,subtlety,26,12,14
silvermoon,981,rogue,subtlety,17,11,6
ravencrest,976,rogue,subtlety,13,11,2
chogall,973,rogue,subtlety,27,16,11
blackrock,964,rogue,subtlety,35,13,22
tarren-mill,960,rogue,subtlety,12,10,2
ravencrest,959,rogue,subtlety,12,10,2
howling-fjord,959,rogue,subtlety,36,10,26
archimonde,958,rogue,subtlety,18,10,8
gordunni,958,rogue,subtlety,18,10,8
ravencrest,957,rogue,subtlety,24,10,14
stormscale,956,rogue,subtlety,18,10,8
kazzak,951,rogue,subtlety,12,10,2
stormscale,949,rogue,subtlety,18,10,8
turalyon,949,rogue,subtlety,24,10,14
tarren-mill,939,rogue,subtlety,18,10,8
borean-tundra,939,rogue,subtlety,22,11,11
howling-fjord,938,rogue,subtlety,42,21,21
ravencrest,937,rogue,subtlety,25,11,14
silvermoon,923,rogue,subtlety,24,13,11
ravencrest,908,rogue,subtlety,44,23,21
argent-dawn,903,rogue,subtlety,36,18,18
blackhand,894,rogue,subtlety,20,10,10
ysondre,892,rogue,subtlety,29,11,18
khaz-modan,887,rogue,subtlety,24,11,13
outland,884,rogue,subtlety,42,21,21
thrall,875,rogue,subtlety,17,10,7
eversong,867,rogue,subtlety,19,10,9
gordunni,864,rogue,subtlety,12,9,3
ravencrest,864,rogue,subtlety,12,9,3
tarren-mill,864,rogue,subtlety,18,9,9
kazzak,863,rogue,subtlety,12,9,3
twisting-nether,863,rogue,subtlety,18,9,9
blackhand,863,rogue,subtlety,18,9,9
archimonde,863,rogue,subtlety,24,9,15
kazzak,863,rogue,subtlety,24,9,15
howling-fjord,862,rogue,subtlety,12,9,3
blackrock,861,rogue,subtlety,12,9,3
antonidas,860,rogue,subtlety,24,9,15
frostmane,859,rogue,subtlety,18,9,9
blackrock,858,rogue,subtlety,24,9,15
silvermoon,852,rogue,subtlety,12,9,3
ravencrest,847,rogue,subtlety,17,9,8
archimonde,847,rogue,subtlety,29,9,20
ashenvale,841,rogue,subtlety,18,9,9
drakthul,831,rogue,subtlety,17,9,8
antonidas,830,rogue,subtlety,20,10,10
ravencrest,787,rogue,subtlety,36,13,23
gordunni,768,rogue,subtlety,12,8,4
kazzak,768,rogue,subtlety,12,8,4
booty-bay,768,rogue,subtlety,12,8,4
archimonde,768,rogue,subtlety,16,9,7
lich-king,768,rogue,subtlety,18,8,10
gordunni,768,rogue,subtlety,18,8,10
hyjal,768,rogue,subtlety,18,8,10
sanguino,767,rogue,subtlety,12,8,4
kazzak,767,rogue,subtlety,12,8,4
gorgonnash,767,rogue,subtlety,12,8,4
stormreaver,767,rogue,subtlety,18,8,10
ravencrest,766,rogue,subtlety,12,8,4
durotan,763,rogue,subtlety,12,8,4
silvermoon,762,rogue,subtlety,12,8,4
sanguino,756,rogue,subtlety,18,8,10
sanguino,752,rogue,subtlety,12,8,4
kazzak,749,rogue,subtlety,12,8,4
archimonde,730,rogue,subtlety,16,8,8
stormscale,672,rogue,subtlety,12,7,5
gordunni,672,rogue,subtlety,12,7,5
outland,672,rogue,subtlety,12,7,5
gordunni,672,rogue,subtlety,12,7,5
frostmane,672,rogue,subtlety,12,7,5
pozzo-delleternità,672,rogue,subtlety,12,7,5
outland,672,rogue,subtlety,12,7,5
gordunni,672,rogue,subtlety,18,7,11
ravencrest,672,rogue,subtlety,18,7,11
silvermoon,672,rogue,subtlety,18,7,11
draenor,671,rogue,subtlety,12,7,5
tarren-mill,671,rogue,subtlety,12,7,5
zuljin,671,rogue,subtlety,12,7,5
draenor,671,rogue,subtlety,12,7,5
kazzak,671,rogue,subtlety,18,7,11
argent-dawn,671,rogue,subtlety,18,7,11
argent-dawn,670,rogue,subtlety,18,7,11
argent-dawn,669,rogue,subtlety,18,7,11
argent-dawn,668,rogue,subtlety,12,7,5
howling-fjord,668,rogue,subtlety,24,7,17
twisting-nether,667,rogue,subtlety,12,7,5
twisting-nether,667,rogue,subtlety,30,8,22
kazzak,666,rogue,subtlety,12,7,5
ravencrest,576,rogue,subtlety,6,6,0
gordunni,576,rogue,subtlety,6,6,0
antonidas,576,rogue,subtlety,6,6,0
blackscar,576,rogue,subtlety,12,6,6
drakthul,576,rogue,subtlety,12,6,6
thrall,576,rogue,subtlety,12,6,6
ravencrest,576,rogue,subtlety,12,6,6
ravencrest,576,rogue,subtlety,12,6,6
tarren-mill,576,rogue,subtlety,12,6,6
emerald-dream,576,rogue,subtlety,12,6,6
ravencrest,576,rogue,subtlety,12,6,6
silvermoon,576,rogue,subtlety,18,6,12
ravencrest,576,rogue,subtlety,18,6,12
draenor,575,rogue,subtlety,12,6,6
gordunni,575,rogue,subtlety,12,6,6
outland,575,rogue,subtlety,12,6,6
archimonde,575,rogue,subtlety,18,6,12
nemesis,575,rogue,subtlety,18,6,12
doomhammer,574,rogue,subtlety,12,6,6
blackmoore,574,rogue,subtlety,12,6,6
defias-brotherhood,573,rogue,subtlety,12,6,6
twisting-nether,571,rogue,subtlety,12,6,6
sanguino,569,rogue,subtlety,12,6,6
argent-dawn,566,rogue,subtlety,12,6,6
ravencrest,565,rogue,subtlety,12,6,6
silvermoon,544,rogue,subtlety,17,6,11
draenor,539,rogue,subtlety,21,7,14
drakthul,511,rogue,subtlety,14,7,7
nemesis,480,rogue,subtlety,6,5,1
soulflayer,480,rogue,subtlety,6,5,1
twisting-nether,480,rogue,subtlety,6,5,1
outland,480,rogue,subtlety,12,5,7
archimonde,480,rogue,subtlety,12,5,7
ravencrest,480,rogue,subtlety,12,5,7
xavius,480,rogue,subtlety,12,5,7
magtheridon,480,rogue,subtlety,12,5,7
ravencrest,480,rogue,subtlety,12,5,7
gordunni,480,rogue,subtlety,12,5,7
fordragon,480,rogue,subtlety,12,5,7
sylvanas,480,rogue,subtlety,12,5,7
ravencrest,480,rogue,subtlety,12,5,7
archimonde,480,rogue,subtlety,16,5,11
scarshield-legion,480,rogue,subtlety,18,5,13
kazzak,480,rogue,subtlety,18,5,13
twisting-nether,479,rogue,subtlety,12,5,7
eversong,479,rogue,subtlety,12,5,7
arathor,479,rogue,subtlety,12,5,7
stormscale,479,rogue,subtlety,12,5,7
gordunni,479,rogue,subtlety,12,5,7
stormscale,479,rogue,subtlety,12,5,7
gordunni,479,rogue,subtlety,12,5,7
archimonde,479,rogue,subtlety,12,5,7
burning-blade,478,rogue,subtlety,18,5,13
draenor,478,rogue,subtlety,19,5,14
dalaran,474,rogue,subtlety,12,5,7
frostmane,447,rogue,subtlety,11,5,6
howling-fjord,447,rogue,subtlety,11,5,6
ravencrest,415,rogue,subtlety,11,5,6
argent-dawn,384,rogue,subtlety,6,4,2
bronze-dragonflight,384,rogue,subtlety,6,4,2
gordunni,384,rogue,subtlety,6,4,2
stormscale,384,rogue,subtlety,6,4,2
ravencrest,384,rogue,subtlety,6,4,2
archimonde,384,rogue,subtlety,6,4,2
nordrassil,384,rogue,subtlety,6,4,2
archimonde,384,rogue,subtlety,6,4,2
blackrock,384,rogue,subtlety,6,4,2
blackmoore,384,rogue,subtlety,6,4,2
aegwynn,384,rogue,subtlety,6,4,2
anetheron,384,rogue,subtlety,6,4,2
soulflayer,384,rogue,subtlety,6,4,2
silvermoon,384,rogue,subtlety,6,4,2
stormscale,384,rogue,subtlety,12,4,8
kazzak,384,rogue,subtlety,12,4,8
gorgonnash,384,rogue,subtlety,12,4,8
ravencrest,384,rogue,subtlety,12,4,8
burning-legion,384,rogue,subtlety,12,4,8
kazzak,384,rogue,subtlety,18,4,14
argent-dawn,382,rogue,subtlety,6,4,2
kazzak,322,rogue,subtlety,13,6,7
stormrage,317,rogue,subtlety,10,4,6
gordunni,304,rogue,subtlety,14,4,10
ysondre,303,rogue,subtlety,7,4,3
frostmane,288,rogue,subtlety,6,3,3
auchindoun,288,rogue,subtlety,6,3,3
blackmoore,288,rogue,subtlety,6,3,3
stormscale,288,rogue,subtlety,6,3,3
antonidas,288,rogue,subtlety,6,3,3
hyjal,288,rogue,subtlety,6,3,3
gordunni,288,rogue,subtlety,6,3,3
archimonde,288,rogue,subtlety,6,3,3
kazzak,288,rogue,subtlety,6,3,3
howling-fjord,288,rogue,subtlety,6,3,3
aszune,288,rogue,subtlety,6,3,3
silvermoon,288,rogue,subtlety,6,3,3
hyjal,288,rogue,subtlety,6,3,3
ravencrest,288,rogue,subtlety,6,3,3
defias-brotherhood,288,rogue,subtlety,6,3,3
outland,288,rogue,subtlety,6,3,3
draenor,288,rogue,subtlety,6,3,3
outland,288,rogue,subtlety,6,3,3
draenor,288,rogue,subtlety,6,3,3
drakthul,288,rogue,subtlety,6,3,3
archimonde,288,rogue,subtlety,6,3,3
silvermoon,288,rogue,subtlety,6,3,3
zuljin,288,rogue,subtlety,6,3,3
soulflayer,288,rogue,subtlety,6,3,3
malganis,288,rogue,subtlety,6,3,3
tarren-mill,288,rogue,subtlety,6,3,3
blackmoore,288,rogue,subtlety,6,3,3
argent-dawn,288,rogue,subtlety,6,3,3
ragnaros,288,rogue,subtlety,8,3,5
drakthul,288,rogue,subtlety,12,3,9
emerald-dream,288,rogue,subtlety,12,3,9
soulflayer,288,rogue,subtlety,12,3,9
bloodhoof,288,rogue,subtlety,12,3,9
gordunni,288,rogue,subtlety,12,3,9
ravencrest,288,rogue,subtlety,12,3,9
ravencrest,288,rogue,subtlety,12,3,9
sanguino,288,rogue,subtlety,12,3,9
argent-dawn,288,rogue,subtlety,12,3,9
archimonde,288,rogue,subtlety,12,3,9
kiljaeden,288,rogue,subtlety,12,3,9
doomhammer,287,rogue,subtlety,6,3,3
tarren-mill,287,rogue,subtlety,15,4,11
howling-fjord,287,rogue,subtlety,12,3,9
blackhand,286,rogue,subtlety,6,3,3
dun-modr,286,rogue,subtlety,6,3,3
gordunni,286,rogue,subtlety,6,3,3
sanguino,284,rogue,subtlety,12,3,9
silvermoon,256,rogue,subtlety,4,4,0
outland,239,rogue,subtlety,5,3,2
tarren-mill,239,rogue,subtlety,5,3,2
dentarg,234,rogue,subtlety,6,4,2
soulflayer,208,rogue,subtlety,7,3,4
sylvanas,192,rogue,subtlety,6,2,4
soulflayer,192,rogue,subtlety,6,2,4
azuremyst,192,rogue,subtlety,6,2,4
gordunni,192,rogue,subtlety,6,2,4
archimonde,192,rogue,subtlety,6,2,4
twisting-nether,192,rogue,subtlety,6,2,4
twisting-nether,192,rogue,subtlety,6,2,4
sanguino,192,rogue,subtlety,6,2,4
eredar,192,rogue,subtlety,6,2,4
argent-dawn,192,rogue,subtlety,6,2,4
bloodhoof,192,rogue,subtlety,6,2,4
howling-fjord,192,rogue,subtlety,6,2,4
dalaran,192,rogue,subtlety,6,2,4
stormreaver,192,rogue,subtlety,6,2,4
silvermoon,192,rogue,subtlety,6,2,4
aegwynn,192,rogue,subtlety,6,2,4
blackhand,192,rogue,subtlety,6,2,4
howling-fjord,192,rogue,subtlety,6,2,4
antonidas,192,rogue,subtlety,6,2,4
stormscale,192,rogue,subtlety,6,2,4
blackmoore,192,rogue,subtlety,6,2,4
cthun,192,rogue,subtlety,15,3,12
kazzak,192,rogue,subtlety,12,2,10
stormscale,192,rogue,subtlety,12,2,10
ragnaros,192,rogue,subtlety,12,2,10
antonidas,192,rogue,subtlety,12,2,10
kazzak,192,rogue,subtlety,12,2,10
hyjal,191,rogue,subtlety,6,2,4
gordunni,191,rogue,subtlety,6,2,4
draenor,191,rogue,subtlety,6,2,4
cthun,191,rogue,subtlety,6,2,4
ragnaros,191,rogue,subtlety,6,2,4
silvermoon,191,rogue,subtlety,6,2,4
kazzak,159,rogue,subtlety,5,2,3
ragnaros,138,rogue,subtlety,15,3,12
rashgarroth,137,rogue,subtlety,9,3,6
tirion,96,rogue,subtlety,3,2,1
nemesis,96,rogue,subtlety,6,1,5
stormscale,96,rogue,subtlety,6,1,5
ravencrest,96,rogue,subtlety,6,1,5
draenor,96,rogue,subtlety,6,1,5
dun-modr,96,rogue,subtlety,6,1,5
ravencrest,96,rogue,subtlety,6,1,5
stormscale,96,rogue,subtlety,6,1,5
twilights-hammer,96,rogue,subtlety,6,1,5
silvermoon,96,rogue,subtlety,6,1,5
ragnaros,96,rogue,subtlety,6,1,5
ragnaros,96,rogue,subtlety,6,1,5
ragnaros,96,rogue,subtlety,6,1,5
archimonde,96,rogue,subtlety,6,1,5
archimonde,96,rogue,subtlety,6,1,5
gordunni,96,rogue,subtlety,6,1,5
twisting-nether,96,rogue,subtlety,6,1,5
archimonde,96,rogue,subtlety,6,1,5
onyxia,96,rogue,subtlety,6,1,5
dun-modr,96,rogue,subtlety,6,1,5
kazzak,96,rogue,subtlety,6,1,5
ravencrest,96,rogue,subtlety,6,1,5
dun-modr,96,rogue,subtlety,6,1,5
blackmoore,96,rogue,subtlety,6,1,5
howling-fjord,96,rogue,subtlety,6,1,5
blackmoore,96,rogue,subtlety,6,1,5
sylvanas,96,rogue,subtlety,12,1,11
howling-fjord,96,rogue,subtlety,12,1,11
norgannon,96,rogue,subtlety,12,1,11
drakthul,79,rogue,subtlety,5,1,4
silvermoon,79,rogue,subtlety,5,1,4
die-ewige-wacht,63,rogue,subtlety,2,2,0
blackhand,63,rogue,subtlety,2,2,0
kazzak,31,rogue,subtlety,2,1,1
silvermoon,2101,rogue,assassination,72,37,35
ravencrest,1986,rogue,assassination,119,55,64
thunderhorn,1973,rogue,assassination,87,46,41
silvermoon,1943,rogue,assassination,130,63,67
argent-dawn,1899,rogue,assassination,77,44,33
ravencrest,1858,rogue,assassination,65,41,24
stormscale,1852,rogue,assassination,53,28,25
stormscale,1842,rogue,assassination,47,35,12
draenor,1841,rogue,assassination,47,30,17
hyjal,1812,rogue,assassination,60,30,30
ravencrest,1811,rogue,assassination,60,29,31
gordunni,1811,rogue,assassination,54,26,28
ravencrest,1808,rogue,assassination,48,20,28
soulflayer,1775,rogue,assassination,47,23,24
stormscale,1758,rogue,assassination,81,38,43
ravencrest,1757,rogue,assassination,66,27,39
blackmoore,1741,rogue,assassination,74,37,37
antonidas,1721,rogue,assassination,83,35,48
outland,1711,rogue,assassination,66,31,35
borean-tundra,1704,rogue,assassination,78,41,37
turalyon,1703,rogue,assassination,66,30,36
emerald-dream,1700,rogue,assassination,48,24,24
gordunni,1692,rogue,assassination,114,55,59
gordunni,1691,rogue,assassination,102,57,45
dun-modr,1690,rogue,assassination,66,26,40
draenor,1689,rogue,assassination,54,23,31
tarren-mill,1686,rogue,assassination,65,27,38
antonidas,1643,rogue,assassination,51,22,29
stormreaver,1626,rogue,assassination,97,49,48
howling-fjord,1624,rogue,assassination,47,19,28
zuljin,1615,rogue,assassination,54,27,27
blackmoore,1600,rogue,assassination,42,18,24
sylvanas,1551,rogue,assassination,48,19,29
archimonde,1534,rogue,assassination,45,22,23
soulflayer,1524,rogue,assassination,54,27,27
outland,1518,rogue,assassination,36,17,19
ravencrest,1515,rogue,assassination,24,16,8
nemesis,1510,rogue,assassination,36,18,18
archimonde,1507,rogue,assassination,94,43,51
wildhammer,1500,rogue,assassination,96,43,53
area-52,1498,rogue,assassination,119,65,54
gordunni,1489,rogue,assassination,30,18,12
darkspear,1488,rogue,assassination,30,17,13
burning-legion,1473,rogue,assassination,46,27,19
blackmoore,1460,rogue,assassination,48,20,28
aegwynn,1459,rogue,assassination,60,26,34
eversong,1453,rogue,assassination,64,32,32
draenor,1417,rogue,assassination,40,22,18
kazzak,1415,rogue,assassination,40,19,21
silvermoon,1409,rogue,assassination,64,32,32
archimonde,1406,rogue,assassination,24,15,9
outland,1395,rogue,assassination,30,16,14
aegwynn,1394,rogue,assassination,84,32,52
antonidas,1343,rogue,assassination,30,14,16
argent-dawn,1343,rogue,assassination,30,14,16
sylvanas,1330,rogue,assassination,66,30,36
azshara,1320,rogue,assassination,74,32,42
ravencrest,1312,rogue,assassination,36,15,21
argent-dawn,1309,rogue,assassination,61,28,33
archimonde,1308,rogue,assassination,36,14,22
galakrond,1247,rogue,assassination,52,27,25
kazzak,1240,rogue,assassination,48,23,25
sylvanas,1239,rogue,assassination,24,13,11
outland,1219,rogue,assassination,24,14,10
blackrock,1214,rogue,assassination,24,13,11
kazzak,1212,rogue,assassination,35,13,22
aegwynn,1205,rogue,assassination,48,20,28
argent-dawn,1205,rogue,assassination,42,16,26
sanguino,1200,rogue,assassination,29,13,16
archimonde,1186,rogue,assassination,23,13,10
silvermoon,1167,rogue,assassination,60,31,29
stormreaver,1166,rogue,assassination,48,24,24
dun-modr,1158,rogue,assassination,71,32,39
chogall,1138,rogue,assassination,30,14,16
moonglade,1105,rogue,assassination,47,20,27
archimonde,1101,rogue,assassination,24,12,12
silvermoon,1097,rogue,assassination,30,14,16
ravencrest,1091,rogue,assassination,23,12,11
sunstrider,1085,rogue,assassination,36,17,19
malganis,1072,rogue,assassination,30,13,17
gordunni,1064,rogue,assassination,37,14,23
ragnaros,1056,rogue,assassination,36,17,19
stormscale,1056,rogue,assassination,30,11,19
eredar,1055,rogue,assassination,24,11,13
tarren-mill,1049,rogue,assassination,27,12,15
deathwing,1049,rogue,assassination,30,11,19
soulflayer,1045,rogue,assassination,24,11,13
twisting-nether,1044,rogue,assassination,24,11,13
ghostlands,1032,rogue,assassination,24,11,13
turalyon,1011,rogue,assassination,36,16,20
ravencrest,1006,rogue,assassination,56,29,27
silvermoon,994,rogue,assassination,79,29,50
lich-king,959,rogue,assassination,18,10,8
blackscar,958,rogue,assassination,18,10,8
dun-modr,958,rogue,assassination,24,10,14
blackscar,956,rogue,assassination,18,10,8
soulflayer,954,rogue,assassination,18,10,8
blackhand,954,rogue,assassination,18,10,8
frostmane,939,rogue,assassination,36,18,18
silvermoon,936,rogue,assassination,24,10,14
alleria,922,rogue,assassination,23,10,13
soulflayer,914,rogue,assassination,95,42,53
draenor,906,rogue,assassination,28,11,17
greymane,891,rogue,assassination,20,12,8
ravencrest,864,rogue,assassination,12,9,3
ravencrest,864,rogue,assassination,18,9,9
aegwynn,864,rogue,assassination,30,9,21
argent-dawn,864,rogue,assassination,36,9,27
silvermoon,863,rogue,assassination,24,9,15
blackhand,862,rogue,assassination,24,9,15
outland,861,rogue,assassination,12,9,3
ravencrest,856,rogue,assassination,18,9,9
dalaran,854,rogue,assassination,24,9,15
zuljin,824,rogue,assassination,42,16,26
silvermoon,816,rogue,assassination,21,10,11
guldan,813,rogue,assassination,36,14,22
archimonde,810,rogue,assassination,40,15,25
ysondre,803,rogue,assassination,23,11,12
dun-modr,768,rogue,assassination,24,8,16
blackrock,767,rogue,assassination,16,9,7
archimonde,759,rogue,assassination,12,8,4
malganis,713,rogue,assassination,23,9,14
burning-legion,687,rogue,assassination,13,8,5
stormscale,672,rogue,assassination,12,7,5
burning-legion,672,rogue,assassination,12,7,5
stormscale,672,rogue,assassination,18,7,11
outland,672,rogue,assassination,18,7,11
archimonde,672,rogue,assassination,18,7,11
kazzak,672,rogue,assassination,18,7,11
ravencrest,672,rogue,assassination,24,7,17
twisting-nether,672,rogue,assassination,24,7,17
frostmane,671,rogue,assassination,12,7,5
ravencrest,671,rogue,assassination,12,7,5
kult-der-verdammten,671,rogue,assassination,12,7,5
archimonde,671,rogue,assassination,18,7,11
the-maelstrom,670,rogue,assassination,12,7,5
gordunni,670,rogue,assassination,12,7,5
howling-fjord,670,rogue,assassination,12,7,5
ragnaros,669,rogue,assassination,18,7,11
genjuros,666,rogue,assassination,18,7,11
nemesis,601,rogue,assassination,16,7,9
silvermoon,576,rogue,assassination,12,6,6
blackmoore,576,rogue,assassination,12,6,6
ravencrest,576,rogue,assassination,12,6,6
blackmoore,576,rogue,assassination,12,6,6
deathguard,576,rogue,assassination,12,6,6
blackrock,576,rogue,assassination,12,6,6
ragnaros,576,rogue,assassination,18,6,12
ravencrest,576,rogue,assassination,18,6,12
twisting-nether,575,rogue,assassination,12,6,6
dun-morogh,575,rogue,assassination,12,6,6
hyjal,575,rogue,assassination,18,6,12
ysondre,575,rogue,assassination,18,6,12
argent-dawn,574,rogue,assassination,12,6,6
ravencrest,574,rogue,assassination,12,6,6
earthen-ring,574,rogue,assassination,18,7,11
argent-dawn,572,rogue,assassination,6,6,0
ravenholdt,569,rogue,assassination,12,6,6
die-aldor,569,rogue,assassination,18,6,12
lich-king,568,rogue,assassination,12,6,6
burning-legion,528,rogue,assassination,9,7,2
ysondre,528,rogue,assassination,15,6,9
ravencrest,527,rogue,assassination,11,6,5
die-aldor,526,rogue,assassination,11,6,5
ysondre,480,rogue,assassination,6,5,1
kazzak,480,rogue,assassination,12,5,7
stormscale,480,rogue,assassination,12,5,7
eredar,480,rogue,assassination,12,5,7
silvermoon,480,rogue,assassination,12,5,7
argent-dawn,480,rogue,assassination,12,5,7
blackscar,480,rogue,assassination,12,5,7
soulflayer,480,rogue,assassination,12,5,7
die-aldor,480,rogue,assassination,12,5,7
blackmoore,480,rogue,assassination,12,5,7
thrall,480,rogue,assassination,12,5,7
ravencrest,480,rogue,assassination,18,5,13
cthun,480,rogue,assassination,18,5,13
stormreaver,480,rogue,assassination,18,5,13
tarren-mill,480,rogue,assassination,24,5,19
soulflayer,479,rogue,assassination,6,5,1
stormscale,479,rogue,assassination,12,5,7
tarren-mill,479,rogue,assassination,12,5,7
nemesis,473,rogue,assassination,18,5,13
ravencrest,446,rogue,assassination,11,5,6
archimonde,425,rogue,assassination,21,6,15
sanguino,415,rogue,assassination,10,5,5
kaelthas,391,rogue,assassination,25,8,17
sylvanas,384,rogue,assassination,6,4,2
howling-fjord,384,rogue,assassination,6,4,2
ragnaros,384,rogue,assassination,6,4,2
eversong,384,rogue,assassination,6,4,2
ragnaros,384,rogue,assassination,6,4,2
drakthul,384,rogue,assassination,6,4,2
ragnaros,384,rogue,assassination,6,4,2
soulflayer,384,rogue,assassination,6,4,2
echsenkessel,384,rogue,assassination,6,4,2
ravencrest,384,rogue,assassination,6,4,2
outland,384,rogue,assassination,6,4,2
ravencrest,384,rogue,assassination,6,4,2
outland,384,rogue,assassination,6,4,2
ravencrest,384,rogue,assassination,6,4,2
blackscar,384,rogue,assassination,6,4,2
ravencrest,384,rogue,assassination,6,4,2
ravencrest,384,rogue,assassination,6,4,2
hyjal,384,rogue,assassination,6,4,2
dun-modr,384,rogue,assassination,12,4,8
kazzak,384,rogue,assassination,12,4,8
rajaxx,384,rogue,assassination,12,4,8
silvermoon,384,rogue,assassination,12,4,8
tarren-mill,384,rogue,assassination,12,4,8
sylvanas,384,rogue,assassination,12,4,8
sanguino,384,rogue,assassination,12,4,8
gordunni,384,rogue,assassination,12,4,8
argent-dawn,384,rogue,assassination,12,4,8
blackscar,384,rogue,assassination,12,4,8
ravencrest,384,rogue,assassination,12,4,8
tarren-mill,384,rogue,assassination,12,4,8
ravencrest,384,rogue,assassination,18,4,14
stormscale,383,rogue,assassination,6,4,2
ysondre,383,rogue,assassination,6,4,2
howling-fjord,383,rogue,assassination,6,4,2
gordunni,383,rogue,assassination,6,4,2
alexstrasza,383,rogue,assassination,15,5,10
outland,383,rogue,assassination,12,4,8
terokkar,383,rogue,assassination,18,4,14
antonidas,382,rogue,assassination,6,4,2
archimonde,382,rogue,assassination,12,4,8
darkspear,381,rogue,assassination,12,4,8
emerald-dream,351,rogue,assassination,11,4,7
amanthul,335,rogue,assassination,11,4,7
drakthul,330,rogue,assassination,29,6,23
gordunni,288,rogue,assassination,6,3,3
argent-dawn,288,rogue,assassination,6,3,3
ravencrest,288,rogue,assassination,6,3,3
gordunni,288,rogue,assassination,6,3,3
eredar,288,rogue,assassination,6,3,3
dalaran,288,rogue,assassination,6,3,3
ysondre,288,rogue,assassination,6,3,3
argent-dawn,288,rogue,assassination,6,3,3
tarren-mill,288,rogue,assassination,6,3,3
auchindoun,288,rogue,assassination,6,3,3
stormscale,288,rogue,assassination,6,3,3
howling-fjord,288,rogue,assassination,6,3,3
stormscale,288,rogue,assassination,6,3,3
silvermoon,288,rogue,assassination,6,3,3
howling-fjord,288,rogue,assassination,6,3,3
kazzak,288,rogue,assassination,6,3,3
outland,288,rogue,assassination,12,3,9
draenor,288,rogue,assassination,12,3,9
blackmoore,288,rogue,assassination,12,3,9
archimonde,288,rogue,assassination,12,3,9
sylvanas,288,rogue,assassination,12,3,9
deathweaver,288,rogue,assassination,12,3,9
antonidas,288,rogue,assassination,18,3,15
kazzak,287,rogue,assassination,6,3,3
gordunni,287,rogue,assassination,6,3,3
zuljin,286,rogue,assassination,12,3,9
khaz-modan,285,rogue,assassination,12,3,9
turalyon,284,rogue,assassination,12,3,9
zuljin,284,rogue,assassination,12,3,9
darksorrow,284,rogue,assassination,18,3,15
ravencrest,255,rogue,assassination,8,4,4
bloodfeather,240,rogue,assassination,9,3,6
archimonde,239,rogue,assassination,5,3,2
dun-modr,239,rogue,assassination,5,3,2
twisting-nether,234,rogue,assassination,8,4,4
kazzak,234,rogue,assassination,23,4,19
eredar,192,rogue,assassination,6,2,4
bloodfeather,192,rogue,assassination,6,2,4
silvermoon,192,rogue,assassination,6,2,4
silvermoon,192,rogue,assassination,6,2,4
ravencrest,192,rogue,assassination,6,2,4
burning-legion,192,rogue,assassination,6,2,4
burning-legion,192,rogue,assassination,6,2,4
outland,192,rogue,assassination,6,2,4
aszune,192,rogue,assassination,6,2,4
gordunni,192,rogue,assassination,6,2,4
ysondre,192,rogue,assassination,6,2,4
silvermoon,192,rogue,assassination,6,2,4
tarren-mill,192,rogue,assassination,6,2,4
tarren-mill,192,rogue,assassination,6,2,4
ravencrest,192,rogue,assassination,6,2,4
draenor,192,rogue,assassination,6,2,4
dun-modr,192,rogue,assassination,6,2,4
sanguino,192,rogue,assassination,6,2,4
ragnaros,192,rogue,assassination,6,2,4
turalyon,192,rogue,assassination,6,2,4
blackrock,192,rogue,assassination,6,2,4
outland,192,rogue,assassination,6,2,4
terokkar,192,rogue,assassination,6,2,4
howling-fjord,192,rogue,assassination,6,2,4
stormscale,192,rogue,assassination,6,2,4
ravencrest,192,rogue,assassination,6,2,4
blackmoore,192,rogue,assassination,6,2,4
tarren-mill,192,rogue,assassination,6,2,4
frostmane,192,rogue,assassination,6,2,4
dalaran,192,rogue,assassination,6,2,4
blackmoore,192,rogue,assassination,6,2,4
draenor,192,rogue,assassination,6,2,4
antonidas,192,rogue,assassination,7,2,5
aegwynn,192,rogue,assassination,12,2,10
fordragon,192,rogue,assassination,12,2,10
twilights-hammer,192,rogue,assassination,12,2,10
ravencrest,192,rogue,assassination,12,2,10
blackscar,192,rogue,assassination,12,2,10
kazzak,192,rogue,assassination,12,2,10
drakthul,192,rogue,assassination,12,2,10
ravencrest,192,rogue,assassination,12,2,10
antonidas,192,rogue,assassination,12,2,10
ravencrest,192,rogue,assassination,12,2,10
gordunni,192,rogue,assassination,12,2,10
dun-morogh,191,rogue,assassination,6,2,4
kazzak,191,rogue,assassination,6,2,4
drakthul,191,rogue,assassination,6,2,4
stormreaver,191,rogue,assassination,6,2,4
kazzak,96,rogue,assassination,3,2,1
gordunni,96,rogue,assassination,6,1,5
gordunni,96,rogue,assassination,6,1,5
eredar,96,rogue,assassination,6,1,5
gordunni,96,rogue,assassination,6,1,5
gordunni,96,rogue,assassination,6,1,5
eredar,96,rogue,assassination,6,1,5
archimonde,96,rogue,assassination,6,1,5
eredar,96,rogue,assassination,6,1,5
emerald-dream,96,rogue,assassination,6,1,5
draenor,96,rogue,assassination,6,1,5
eredar,96,rogue,assassination,6,1,5
drakthul,96,rogue,assassination,6,1,5
sanguino,96,rogue,assassination,6,1,5
blackrock,96,rogue,assassination,6,1,5
gilneas,96,rogue,assassination,6,1,5
kazzak,96,rogue,assassination,6,1,5
dalaran,96,rogue,assassination,6,1,5
dun-modr,96,rogue,assassination,6,1,5
silvermoon,96,rogue,assassination,6,1,5
silvermoon,96,rogue,assassination,6,1,5
les-clairvoyants,79,rogue,assassination,5,1,4
emeriss,79,rogue,assassination,5,1,4
hyjal,79,rogue,assassination,11,1,10
gordunni,2133,shaman,restoration,215,117,98
eredar,2123,shaman,restoration,84,46,38
kazzak,2050,shaman,restoration,66,36,30
soulflayer,2024,shaman,restoration,78,42,36
blackrock,1960,shaman,restoration,103,56,47
kazzak,1945,shaman,restoration,89,45,44
archimonde,1941,shaman,restoration,167,89,78
twisting-nether,1923,shaman,restoration,36,28,8
twisting-nether,1913,shaman,restoration,102,55,47
outland,1908,shaman,restoration,78,37,41
drakthul,1896,shaman,restoration,72,36,36
dun-modr,1895,shaman,restoration,52,33,19
ragnaros,1880,shaman,restoration,108,57,51
stormscale,1878,shaman,restoration,100,48,52
pozzo-delleternità,1863,shaman,restoration,33,25,8
ragnaros,1860,shaman,restoration,124,69,55
ravencrest,1855,shaman,restoration,72,34,38
sylvanas,1854,shaman,restoration,73,59,14
twisting-nether,1833,shaman,restoration,41,26,15
ravencrest,1830,shaman,restoration,54,28,26
deathguard,1830,shaman,restoration,68,30,38
hyjal,1829,shaman,restoration,102,47,55
kazzak,1827,shaman,restoration,39,22,17
ravencrest,1825,shaman,restoration,70,42,28
hyjal,1823,shaman,restoration,48,28,20
archimonde,1818,shaman,restoration,77,40,37
outland,1816,shaman,restoration,83,42,41
razuvious,1815,shaman,restoration,65,38,27
draenor,1811,shaman,restoration,80,47,33
ravencrest,1810,shaman,restoration,48,23,25
archimonde,1809,shaman,restoration,48,24,24
ravencrest,1807,shaman,restoration,95,59,36
twisting-nether,1806,shaman,restoration,84,60,24
twisting-nether,1805,shaman,restoration,36,22,14
hellfire,1804,shaman,restoration,30,19,11
blackhand,1803,shaman,restoration,45,28,17
archimonde,1803,shaman,restoration,54,27,27
stormreaver,1801,shaman,restoration,48,28,20
silvermoon,1801,shaman,restoration,47,26,21
tarren-mill,1796,shaman,restoration,84,38,46
twisting-nether,1791,shaman,restoration,47,25,22
ravencrest,1787,shaman,restoration,48,25,23
ravencrest,1783,shaman,restoration,48,24,24
kazzak,1783,shaman,restoration,75,32,43
deathweaver,1778,shaman,restoration,47,29,18
blackrock,1778,shaman,restoration,162,91,71
soulflayer,1775,shaman,restoration,24,19,5
ravencrest,1772,shaman,restoration,90,51,39
blackrock,1755,shaman,restoration,72,37,35
howling-fjord,1748,shaman,restoration,66,33,33
outland,1746,shaman,restoration,24,19,5
khaz-modan,1746,shaman,restoration,93,46,47
aegwynn,1740,shaman,restoration,59,32,27
howling-fjord,1734,shaman,restoration,36,27,9
gordunni,1726,shaman,restoration,24,18,6
eredar,1722,shaman,restoration,53,28,25
haomarush,1714,shaman,restoration,36,23,13
wildhammer,1711,shaman,restoration,72,30,42
blackrock,1707,shaman,restoration,30,22,8
hyjal,1704,shaman,restoration,39,21,18
soulflayer,1700,shaman,restoration,54,22,32
stormreaver,1699,shaman,restoration,42,18,24
kazzak,1690,shaman,restoration,24,18,6
bladefist,1689,shaman,restoration,66,25,41
soulflayer,1684,shaman,restoration,41,24,17
blackscar,1682,shaman,restoration,177,87,90
howling-fjord,1680,shaman,restoration,77,38,39
stormscale,1677,shaman,restoration,85,54,31
blackhand,1674,shaman,restoration,48,26,22
tarren-mill,1669,shaman,restoration,42,20,22
blackrock,1666,shaman,restoration,60,33,27
archimonde,1665,shaman,restoration,42,21,21
ravencrest,1663,shaman,restoration,51,31,20
ravencrest,1663,shaman,restoration,74,42,32
argent-dawn,1662,shaman,restoration,62,32,30
stormscale,1659,shaman,restoration,42,20,22
gordunni,1656,shaman,restoration,54,24,30
kazzak,1654,shaman,restoration,150,81,69
howling-fjord,1648,shaman,restoration,48,25,23
blackmoore,1638,shaman,restoration,36,21,15
blackscar,1636,shaman,restoration,136,71,65
thunderhorn,1635,shaman,restoration,54,28,26
dalaran,1632,shaman,restoration,54,24,30
blackmoore,1631,shaman,restoration,43,27,16
archimonde,1628,shaman,restoration,60,39,21
howling-fjord,1628,shaman,restoration,114,54,60
alleria,1624,shaman,restoration,30,20,10
sylvanas,1624,shaman,restoration,28,18,10
kazzak,1624,shaman,restoration,36,20,16
howling-fjord,1621,shaman,restoration,42,20,22
ragnaros,1619,shaman,restoration,30,17,13
stormscale,1619,shaman,restoration,71,40,31
blackrock,1618,shaman,restoration,42,30,12
frostmane,1618,shaman,restoration,66,34,32
soulflayer,1617,shaman,restoration,40,18,22
ragnaros,1612,shaman,restoration,105,56,49
twisting-nether,1611,shaman,restoration,18,17,1
kazzak,1609,shaman,restoration,24,17,7
blackrock,1606,shaman,restoration,36,21,15
stormscale,1601,shaman,restoration,48,30,18
kazzak,1598,shaman,restoration,26,18,8
kazzak,1597,shaman,restoration,56,29,27
kazzak,1595,shaman,restoration,63,37,26
nemesis,1591,shaman,restoration,72,39,33
outland,1591,shaman,restoration,61,32,29
frostwolf,1591,shaman,restoration,69,32,37
blackrock,1584,shaman,restoration,48,19,29
colinas-pardas,1583,shaman,restoration,38,21,17
blackscar,1577,shaman,restoration,30,20,10
aegwynn,1573,shaman,restoration,104,59,45
eredar,1567,shaman,restoration,132,68,64
drakthul,1564,shaman,restoration,60,26,34
silvermoon,1561,shaman,restoration,85,41,44
twisting-nether,1557,shaman,restoration,60,28,32
stormscale,1553,shaman,restoration,42,18,24
thrall,1547,shaman,restoration,71,40,31
tarren-mill,1545,shaman,restoration,23,17,6
ravencrest,1544,shaman,restoration,60,31,29
aggramar,1540,shaman,restoration,60,26,34
ysondre,1535,shaman,restoration,42,19,23
silvermoon,1534,shaman,restoration,36,22,14
dun-modr,1533,shaman,restoration,46,20,26
outland,1532,shaman,restoration,48,20,28
thunderhorn,1531,shaman,restoration,54,18,36
cthun,1530,shaman,restoration,30,16,14
silvermoon,1526,shaman,restoration,65,34,31
drakthul,1525,shaman,restoration,54,26,28
sylvanas,1522,shaman,restoration,54,30,24
howling-fjord,1520,shaman,restoration,61,28,33
silvermoon,1519,shaman,restoration,150,75,75
eredar,1518,shaman,restoration,36,24,12
ashenvale,1512,shaman,restoration,44,19,25
thrall,1511,shaman,restoration,102,45,57
eredar,1508,shaman,restoration,108,36,72
stormscale,1507,shaman,restoration,42,23,19
tarren-mill,1505,shaman,restoration,48,25,23
silvermoon,1501,shaman,restoration,54,31,23
blackrock,1498,shaman,restoration,24,17,7
howling-fjord,1496,shaman,restoration,41,21,20
draenor,1495,shaman,restoration,34,16,18
twisting-nether,1493,shaman,restoration,92,46,46
archimonde,1489,shaman,restoration,66,27,39
stormscale,1488,shaman,restoration,36,20,16
alakir,1481,shaman,restoration,78,40,38
argent-dawn,1478,shaman,restoration,36,20,16
drakthul,1475,shaman,restoration,59,31,28
blackmoore,1474,shaman,restoration,93,35,58
burning-legion,1471,shaman,restoration,48,18,30
ysondre,1470,shaman,restoration,48,28,20
auchindoun,1468,shaman,restoration,42,21,21
stormscale,1458,shaman,restoration,96,49,47
nemesis,1458,shaman,restoration,37,18,19
silvermoon,1452,shaman,restoration,63,27,36
blackhand,1448,shaman,restoration,30,17,13
thrall,1448,shaman,restoration,91,44,47
ravencrest,1445,shaman,restoration,115,53,62
kirin-tor,1443,shaman,restoration,41,20,21
terokkar,1435,shaman,restoration,92,34,58
karazhan,1434,shaman,restoration,66,31,35
kazzak,1433,shaman,restoration,24,17,7
outland,1425,shaman,restoration,57,26,31
silvermoon,1423,shaman,restoration,41,17,24
ravencrest,1417,shaman,restoration,29,15,14
ravencrest,1416,shaman,restoration,78,33,45
thrall,1413,shaman,restoration,24,15,9
blackrock,1412,shaman,restoration,54,21,33
alakir,1401,shaman,restoration,48,20,28
nemesis,1392,shaman,restoration,60,34,26
stormscale,1391,shaman,restoration,30,19,11
stormscale,1389,shaman,restoration,51,30,21
argent-dawn,1387,shaman,restoration,36,18,18
archimonde,1369,shaman,restoration,47,19,28
blackrock,1368,shaman,restoration,18,15,3
blackmoore,1367,shaman,restoration,24,18,6
soulflayer,1358,shaman,restoration,95,50,45
ravencrest,1354,shaman,restoration,52,27,25
hyjal,1351,shaman,restoration,52,32,20
alleria,1351,shaman,restoration,30,18,12
draenor,1343,shaman,restoration,24,14,10
ragnaros,1341,shaman,restoration,30,14,16
nemesis,1340,shaman,restoration,30,16,14
kazzak,1339,shaman,restoration,30,14,16
antonidas,1338,shaman,restoration,30,14,16
darksorrow,1336,shaman,restoration,24,14,10
grim-batol,1333,shaman,restoration,36,16,20
gordunni,1331,shaman,restoration,24,14,10
gilneas,1327,shaman,restoration,50,19,31
illidan,1320,shaman,restoration,53,28,25
ravencrest,1317,shaman,restoration,44,24,20
twisting-nether,1310,shaman,restoration,48,29,19
khaz-modan,1309,shaman,restoration,40,19,21
stormreaver,1307,shaman,restoration,33,18,15
ravencrest,1301,shaman,restoration,24,16,8
archimonde,1298,shaman,restoration,62,28,34
gordunni,1295,shaman,restoration,81,43,38
ravencrest,1287,shaman,restoration,27,18,9
ashenvale,1284,shaman,restoration,94,51,43
archimonde,1282,shaman,restoration,63,27,36
twisting-nether,1270,shaman,restoration,33,15,18
howling-fjord,1263,shaman,restoration,52,28,24
soulflayer,1261,shaman,restoration,35,14,21
outland,1252,shaman,restoration,45,23,22
ravencrest,1250,shaman,restoration,36,20,16
howling-fjord,1248,shaman,restoration,24,13,11
outland,1247,shaman,restoration,30,13,17
stormrage,1246,shaman,restoration,18,13,5
silvermoon,1241,shaman,restoration,18,13,5
stormscale,1240,shaman,restoration,30,13,17
blackrock,1228,shaman,restoration,30,13,17
blackrock,1227,shaman,restoration,58,24,34
thrall,1226,shaman,restoration,78,48,30
frostmourne,1226,shaman,restoration,24,13,11
dun-modr,1216,shaman,restoration,41,32,9
silvermoon,1216,shaman,restoration,45,19,26
ashenvale,1212,shaman,restoration,93,39,54
burning-legion,1205,shaman,restoration,27,14,13
blackrock,1202,shaman,restoration,30,15,15
drakthul,1200,shaman,restoration,35,14,21
blackmoore,1184,shaman,restoration,38,18,20
jaedenar,1178,shaman,restoration,48,26,22
arygos,1169,shaman,restoration,96,46,50
elune,1169,shaman,restoration,42,20,22
argent-dawn,1168,shaman,restoration,29,18,11
stormscale,1165,shaman,restoration,42,19,23
shattered-hand,1162,shaman,restoration,42,25,17
stormscale,1155,shaman,restoration,30,14,16
antonidas,1154,shaman,restoration,30,23,7
ravencrest,1151,shaman,restoration,18,12,6
twisting-nether,1151,shaman,restoration,24,12,12
archimonde,1151,shaman,restoration,24,12,12
kazzak,1150,shaman,restoration,30,14,16
drakthul,1149,shaman,restoration,38,12,26
blackrock,1148,shaman,restoration,18,12,6
draenor,1148,shaman,restoration,24,12,12
antonidas,1148,shaman,restoration,72,33,39
draenor,1147,shaman,restoration,40,17,23
blackrock,1146,shaman,restoration,18,12,6
kazzak,1145,shaman,restoration,24,12,12
archimonde,1136,shaman,restoration,53,21,32
booty-bay,1131,shaman,restoration,18,12,6
ravencrest,1128,shaman,restoration,24,12,12
nemesis,1127,shaman,restoration,90,39,51
burning-blade,1112,shaman,restoration,30,12,18
silvermoon,1108,shaman,restoration,30,12,18
ravencrest,1103,shaman,restoration,21,12,9
tarren-mill,1094,shaman,restoration,23,13,10
quelthalas,1079,shaman,restoration,42,16,26
blackmoore,1076,shaman,restoration,48,21,27
sylvanas,1071,shaman,restoration,24,12,12
magtheridon,1069,shaman,restoration,60,31,29
howling-fjord,1056,shaman,restoration,24,11,13
archimonde,1056,shaman,restoration,24,11,13
stormscale,1056,shaman,restoration,24,11,13
ravencrest,1055,shaman,restoration,18,11,7
stormscale,1055,shaman,restoration,18,11,7
stormscale,1055,shaman,restoration,18,11,7
dun-morogh,1055,shaman,restoration,24,11,13
ravencrest,1054,shaman,restoration,18,11,7
ravencrest,1054,shaman,restoration,24,11,13
arathor,1053,shaman,restoration,18,11,7
frostwolf,1053,shaman,restoration,18,11,7
sunstrider,1051,shaman,restoration,18,11,7
aegwynn,1050,shaman,restoration,18,11,7
blackrock,1050,shaman,restoration,24,11,13
blackmoore,1050,shaman,restoration,30,11,19
stormreaver,1048,shaman,restoration,24,11,13
aggra-português,1048,shaman,restoration,30,11,19
draenor,1047,shaman,restoration,24,11,13
blackrock,1046,shaman,restoration,63,37,26
sylvanas,1041,shaman,restoration,24,11,13
nordrassil,1033,shaman,restoration,18,11,7
sylvanas,1022,shaman,restoration,24,12,12
doomhammer,1013,shaman,restoration,30,12,18
arathor,1006,shaman,restoration,30,12,18
aegwynn,1005,shaman,restoration,23,12,11
soulflayer,1002,shaman,restoration,30,12,18
twisting-nether,981,shaman,restoration,54,28,26
outland,974,shaman,restoration,11,11,0
bronze-dragonflight,961,shaman,restoration,30,18,12
soulflayer,961,shaman,restoration,31,17,14
archimonde,960,shaman,restoration,24,10,14
ravencrest,960,shaman,restoration,24,10,14
blackrock,959,shaman,restoration,18,10,8
sanguino,959,shaman,restoration,18,10,8
blackrock,959,shaman,restoration,24,10,14
silvermoon,956,shaman,restoration,24,10,14
archimonde,951,shaman,restoration,18,10,8
saurfang,943,shaman,restoration,30,10,20
zuljin,942,shaman,restoration,29,10,19
alleria,933,shaman,restoration,54,30,24
arygos,927,shaman,restoration,23,10,13
twisting-nether,920,shaman,restoration,23,10,13
dun-modr,909,shaman,restoration,72,33,39
twisting-nether,879,shaman,restoration,25,10,15
nemesis,864,shaman,restoration,12,9,3
twisting-nether,864,shaman,restoration,16,10,6
stormscale,864,shaman,restoration,18,9,9
soulflayer,864,shaman,restoration,18,9,9
soulflayer,864,shaman,restoration,24,9,15
eredar,864,shaman,restoration,24,9,15
ravencrest,863,shaman,restoration,18,9,9
tarren-mill,861,shaman,restoration,18,9,9
burning-blade,861,shaman,restoration,24,9,15
ravencrest,860,shaman,restoration,18,9,9
gordunni,860,shaman,restoration,18,9,9
soulflayer,860,shaman,restoration,30,9,21
defias-brotherhood,859,shaman,restoration,18,9,9
illidan,858,shaman,restoration,18,9,9
ravencrest,852,shaman,restoration,46,19,27
kazzak,841,shaman,restoration,12,9,3
stormreaver,831,shaman,restoration,17,9,8
kazzak,829,shaman,restoration,22,10,12
archimonde,815,shaman,restoration,18,9,9
soulflayer,815,shaman,restoration,36,9,27
silvermoon,796,shaman,restoration,14,9,5
drakthul,768,shaman,restoration,12,8,4
gordunni,768,shaman,restoration,12,8,4
ravencrest,768,shaman,restoration,12,8,4
outland,768,shaman,restoration,12,8,4
ravencrest,768,shaman,restoration,12,8,4
archimonde,768,shaman,restoration,12,8,4
ravencrest,768,shaman,restoration,12,8,4
ragnaros,768,shaman,restoration,12,8,4
twisting-nether,768,shaman,restoration,18,8,10
antonidas,768,shaman,restoration,18,8,10
aegwynn,768,shaman,restoration,18,8,10
ysondre,768,shaman,restoration,18,8,10
sylvanas,768,shaman,restoration,18,8,10
ravencrest,768,shaman,restoration,18,8,10
stormscale,767,shaman,restoration,12,8,4
dalaran,767,shaman,restoration,12,8,4
ragnaros,767,shaman,restoration,12,8,4
terokkar,767,shaman,restoration,12,8,4
ravencrest,767,shaman,restoration,18,8,10
burning-legion,767,shaman,restoration,18,8,10
dalaran,767,shaman,restoration,18,8,10
kazzak,767,shaman,restoration,24,8,16
tirion,766,shaman,restoration,12,8,4
howling-fjord,766,shaman,restoration,12,8,4
twisting-nether,765,shaman,restoration,18,8,10
stormscale,763,shaman,restoration,18,8,10
silvermoon,763,shaman,restoration,24,8,16
dun-morogh,761,shaman,restoration,12,8,4
aegwynn,761,shaman,restoration,18,8,10
thrall,760,shaman,restoration,12,8,4
kazzak,757,shaman,restoration,20,11,9
blackrock,718,shaman,restoration,23,8,15
kazzak,714,shaman,restoration,22,10,12
ragnaros,714,shaman,restoration,21,9,12
twilights-hammer,703,shaman,restoration,14,8,6
ragnaros,703,shaman,restoration,16,8,8
tarren-mill,672,shaman,restoration,12,7,5
tarren-mill,672,shaman,restoration,12,7,5
ravencrest,672,shaman,restoration,12,7,5
ysondre,672,shaman,restoration,12,7,5
aszune,672,shaman,restoration,12,7,5
outland,672,shaman,restoration,12,7,5
twisting-nether,672,shaman,restoration,12,7,5
kazzak,672,shaman,restoration,12,7,5
aggra-português,672,shaman,restoration,12,7,5
soulflayer,672,shaman,restoration,12,7,5
twisting-nether,672,shaman,restoration,12,7,5
hyjal,672,shaman,restoration,12,7,5
antonidas,672,shaman,restoration,12,7,5
ravencrest,672,shaman,restoration,12,7,5
kazzak,672,shaman,restoration,15,7,8
dun-modr,672,shaman,restoration,18,7,11
hyjal,672,shaman,restoration,18,7,11
howling-fjord,672,shaman,restoration,18,7,11
blackrock,672,shaman,restoration,18,7,11
aegwynn,672,shaman,restoration,20,7,13
khaz-modan,671,shaman,restoration,12,7,5
tarren-mill,671,shaman,restoration,12,7,5
kazzak,671,shaman,restoration,12,7,5
antonidas,671,shaman,restoration,18,7,11
thrall,671,shaman,restoration,18,7,11
vashj,670,shaman,restoration,12,7,5
antonidas,670,shaman,restoration,12,7,5
eredar,670,shaman,restoration,24,7,17
the-maelstrom,659,shaman,restoration,39,13,26
blackrock,638,shaman,restoration,17,7,10
kaelthas,634,shaman,restoration,20,8,12
soulflayer,623,shaman,restoration,11,7,4
soulflayer,618,shaman,restoration,12,8,4
howling-fjord,615,shaman,restoration,29,11,18
ravencrest,576,shaman,restoration,6,6,0
tarren-mill,576,shaman,restoration,12,6,6
tarren-mill,576,shaman,restoration,12,6,6
kazzak,576,shaman,restoration,12,6,6
blackrock,576,shaman,restoration,12,6,6
blackrock,576,shaman,restoration,12,6,6
tarren-mill,576,shaman,restoration,12,6,6
twisting-nether,576,shaman,restoration,12,6,6
hyjal,576,shaman,restoration,12,6,6
blackhand,576,shaman,restoration,12,6,6
razuvious,576,shaman,restoration,12,6,6
gorgonnash,576,shaman,restoration,12,6,6
ragnaros,576,shaman,restoration,12,6,6
tarren-mill,576,shaman,restoration,12,6,6
ravencrest,576,shaman,restoration,12,6,6
nagrand,576,shaman,restoration,12,6,6
burning-legion,576,shaman,restoration,12,6,6
the-maelstrom,576,shaman,restoration,12,6,6
hyjal,576,shaman,restoration,12,6,6
stormscale,576,shaman,restoration,12,6,6
borean-tundra,576,shaman,restoration,12,6,6
stormreaver,576,shaman,restoration,12,6,6
kazzak,576,shaman,restoration,12,6,6
kirin-tor,576,shaman,restoration,18,6,12
ragnaros,576,shaman,restoration,18,6,12
frostwhisper,576,shaman,restoration,18,6,12
stormreaver,575,shaman,restoration,6,6,0
sylvanas,575,shaman,restoration,12,6,6
blackrock,575,shaman,restoration,12,6,6
twisting-nether,575,shaman,restoration,12,6,6
aggramar,575,shaman,restoration,12,6,6
kazzak,528,shaman,restoration,15,6,9
ragnaros,527,shaman,restoration,11,6,5
soulflayer,526,shaman,restoration,9,6,3
argent-dawn,526,shaman,restoration,11,6,5
twilights-hammer,511,shaman,restoration,11,6,5
stormscale,494,shaman,restoration,11,7,4
gordunni,486,shaman,restoration,22,8,14
garona,480,shaman,restoration,6,5,1
blackrock,480,shaman,restoration,6,5,1
blackrock,480,shaman,restoration,6,5,1
thrall,480,shaman,restoration,6,5,1
howling-fjord,480,shaman,restoration,6,5,1
blackrock,480,shaman,restoration,6,5,1
aggra-português,480,shaman,restoration,6,5,1
silvermoon,480,shaman,restoration,6,5,1
ravencrest,480,shaman,restoration,6,5,1
ravencrest,480,shaman,restoration,6,5,1
hyjal,480,shaman,restoration,6,5,1
blackrock,480,shaman,restoration,6,5,1
silvermoon,480,shaman,restoration,6,5,1
aegwynn,480,shaman,restoration,10,6,4
twisting-nether,480,shaman,restoration,12,5,7
silvermoon,480,shaman,restoration,12,5,7
ravencrest,480,shaman,restoration,12,5,7
darksorrow,480,shaman,restoration,12,5,7
kazzak,480,shaman,restoration,12,5,7
magtheridon,480,shaman,restoration,12,5,7
arathor,480,shaman,restoration,12,5,7
ravencrest,480,shaman,restoration,12,5,7
tarren-mill,480,shaman,restoration,12,5,7
earthen-ring,480,shaman,restoration,12,5,7
silvermoon,480,shaman,restoration,12,5,7
stormscale,480,shaman,restoration,12,5,7
blackhand,480,shaman,restoration,12,5,7
twisting-nether,480,shaman,restoration,12,5,7
argent-dawn,480,shaman,restoration,12,5,7
twisting-nether,480,shaman,restoration,12,5,7
aegwynn,480,shaman,restoration,12,5,7
hyjal,480,shaman,restoration,12,5,7
grim-batol,480,shaman,restoration,12,5,7
archimonde,480,shaman,restoration,12,5,7
kazzak,480,shaman,restoration,12,5,7
kazzak,480,shaman,restoration,12,5,7
teldrassil,480,shaman,restoration,13,5,8
darkspear,480,shaman,restoration,24,5,19
tarren-mill,480,shaman,restoration,24,5,19
draenor,479,shaman,restoration,6,5,1
ravencrest,479,shaman,restoration,10,6,4
soulflayer,479,shaman,restoration,12,5,7
dalaran,479,shaman,restoration,12,5,7
antonidas,475,shaman,restoration,12,5,7
tarren-mill,447,shaman,restoration,14,6,8
ragnaros,431,shaman,restoration,9,6,3
tarren-mill,426,shaman,restoration,17,7,10
earthen-ring,426,shaman,restoration,15,6,9
ravencrest,424,shaman,restoration,17,6,11
magtheridon,400,shaman,restoration,13,5,8
auchindoun,384,shaman,restoration,6,4,2
tarren-mill,384,shaman,restoration,6,4,2
stormscale,384,shaman,restoration,6,4,2
eredar,384,shaman,restoration,6,4,2
kazzak,384,shaman,restoration,6,4,2
twisting-nether,384,shaman,restoration,6,4,2
aegwynn,384,shaman,restoration,6,4,2
tarren-mill,384,shaman,restoration,6,4,2
stormreaver,384,shaman,restoration,6,4,2
blackscar,384,shaman,restoration,6,4,2
gordunni,384,shaman,restoration,6,4,2
kazzak,384,shaman,restoration,6,4,2
trollbane,384,shaman,restoration,6,4,2
twisting-nether,384,shaman,restoration,6,4,2
stormreaver,384,shaman,restoration,6,4,2
nemesis,384,shaman,restoration,6,4,2
nemesis,384,shaman,restoration,6,4,2
nerathor,384,shaman,restoration,6,4,2
gordunni,384,shaman,restoration,6,4,2
auchindoun,384,shaman,restoration,6,4,2
sanguino,384,shaman,restoration,6,4,2
silvermoon,384,shaman,restoration,6,4,2
uldum,384,shaman,restoration,6,4,2
burning-legion,384,shaman,restoration,6,4,2
skullcrusher,384,shaman,restoration,6,4,2
kazzak,384,shaman,restoration,6,4,2
burning-legion,384,shaman,restoration,6,4,2
aggra-português,384,shaman,restoration,6,4,2
uldum,384,shaman,restoration,6,4,2
soulflayer,384,shaman,restoration,6,4,2
ysondre,384,shaman,restoration,12,4,8
zuljin,384,shaman,restoration,12,4,8
tarren-mill,384,shaman,restoration,12,4,8
blackmoore,384,shaman,restoration,12,4,8
argent-dawn,384,shaman,restoration,12,4,8
burning-legion,384,shaman,restoration,12,4,8
stormscale,384,shaman,restoration,12,4,8
blackrock,384,shaman,restoration,12,4,8
ragnaros,384,shaman,restoration,12,4,8
malganis,384,shaman,restoration,12,4,8
hyjal,384,shaman,restoration,12,4,8
alakir,384,shaman,restoration,12,4,8
burning-blade,384,shaman,restoration,12,4,8
aggra-português,383,shaman,restoration,6,4,2
tarren-mill,383,shaman,restoration,6,4,2
outland,383,shaman,restoration,6,4,2
malygos,383,shaman,restoration,12,4,8
blackhand,383,shaman,restoration,12,4,8
chamber-of-aspects,383,shaman,restoration,12,4,8
malganis,382,shaman,restoration,6,4,2
azshara,382,shaman,restoration,12,4,8
blackrock,380,shaman,restoration,12,4,8
archimonde,351,shaman,restoration,11,4,7
twisting-nether,328,shaman,restoration,29,6,23
ravencrest,319,shaman,restoration,5,4,1
sanguino,304,shaman,restoration,7,4,3
ragnaros,288,shaman,restoration,6,3,3
argent-dawn,288,shaman,restoration,6,3,3
archimonde,288,shaman,restoration,6,3,3
tarren-mill,288,shaman,restoration,6,3,3
dalaran,288,shaman,restoration,6,3,3
doomhammer,288,shaman,restoration,6,3,3
ragnaros,288,shaman,restoration,6,3,3
stormscale,288,shaman,restoration,6,3,3
twisting-nether,288,shaman,restoration,6,3,3
blackscar,288,shaman,restoration,6,3,3
gordunni,288,shaman,restoration,6,3,3
nemesis,288,shaman,restoration,6,3,3
draenor,288,shaman,restoration,6,3,3
stormscale,288,shaman,restoration,6,3,3
frostwolf,288,shaman,restoration,6,3,3
die-ewige-wacht,288,shaman,restoration,6,3,3
argent-dawn,288,shaman,restoration,6,3,3
howling-fjord,288,shaman,restoration,6,3,3
ysondre,288,shaman,restoration,6,3,3
draenor,288,shaman,restoration,6,3,3
stormscale,288,shaman,restoration,6,3,3
archimonde,288,shaman,restoration,6,3,3
antonidas,288,shaman,restoration,6,3,3
twisting-nether,288,shaman,restoration,6,3,3
dun-modr,288,shaman,restoration,6,3,3
frostmourne,288,shaman,restoration,6,3,3
thrall,288,shaman,restoration,6,3,3
perenolde,288,shaman,restoration,6,3,3
silvermoon,288,shaman,restoration,6,3,3
dun-modr,288,shaman,restoration,6,3,3
tarren-mill,288,shaman,restoration,6,3,3
uldaman,288,shaman,restoration,6,3,3
ravencrest,288,shaman,restoration,6,3,3
ravencrest,288,shaman,restoration,6,3,3
eredar,288,shaman,restoration,6,3,3
nemesis,288,shaman,restoration,6,3,3
kazzak,288,shaman,restoration,6,3,3
kazzak,288,shaman,restoration,6,3,3
lich-king,288,shaman,restoration,6,3,3
blackmoore,288,shaman,restoration,6,3,3
ravencrest,288,shaman,restoration,12,3,9
argent-dawn,288,shaman,restoration,12,3,9
ysondre,288,shaman,restoration,12,3,9
emerald-dream,288,shaman,restoration,12,3,9
ragnaros,288,shaman,restoration,12,3,9
archimonde,288,shaman,restoration,12,3,9
tarren-mill,288,shaman,restoration,12,3,9
outland,288,shaman,restoration,12,3,9
stormscale,288,shaman,restoration,12,3,9
ravencrest,288,shaman,restoration,12,3,9
blackmoore,288,shaman,restoration,12,3,9
ravencrest,288,shaman,restoration,16,3,13
twisting-nether,287,shaman,restoration,6,3,3
throkferoth,287,shaman,restoration,6,3,3
nemesis,287,shaman,restoration,12,3,9
ysondre,285,shaman,restoration,9,4,5
hyjal,285,shaman,restoration,12,3,9
howling-fjord,270,shaman,restoration,11,3,8
arathor,255,shaman,restoration,11,3,8
kazzak,239,shaman,restoration,5,3,2
burning-legion,239,shaman,restoration,5,3,2
blackhand,239,shaman,restoration,5,3,2
zuljin,238,shaman,restoration,5,3,2
argent-dawn,222,shaman,restoration,8,3,5
twisting-nether,192,shaman,restoration,6,2,4
blackrock,192,shaman,restoration,6,2,4
archimonde,192,shaman,restoration,6,2,4
twisting-nether,192,shaman,restoration,6,2,4
kazzak,192,shaman,restoration,6,2,4
nemesis,192,shaman,restoration,6,2,4
archimonde,192,shaman,restoration,6,2,4
stormreaver,192,shaman,restoration,6,2,4
archimonde,192,shaman,restoration,6,2,4
ashenvale,192,shaman,restoration,6,2,4
archimonde,192,shaman,restoration,6,2,4
twisting-nether,192,shaman,restoration,6,2,4
outland,192,shaman,restoration,6,2,4
ravencrest,192,shaman,restoration,6,2,4
outland,192,shaman,restoration,6,2,4
blackmoore,192,shaman,restoration,6,2,4
soulflayer,192,shaman,restoration,6,2,4
silvermoon,192,shaman,restoration,6,2,4
defias-brotherhood,192,shaman,restoration,6,2,4
argent-dawn,192,shaman,restoration,6,2,4
stormscale,192,shaman,restoration,6,2,4
nordrassil,192,shaman,restoration,6,2,4
ravencrest,192,shaman,restoration,6,2,4
ysondre,192,shaman,restoration,6,2,4
ysondre,192,shaman,restoration,6,2,4
tarren-mill,192,shaman,restoration,6,2,4
magtheridon,192,shaman,restoration,6,2,4
kirin-tor,192,shaman,restoration,6,2,4
onyxia,192,shaman,restoration,6,2,4
ragnaros,192,shaman,restoration,6,2,4
soulflayer,192,shaman,restoration,6,2,4
malganis,192,shaman,restoration,6,2,4
burning-legion,192,shaman,restoration,6,2,4
kazzak,192,shaman,restoration,6,2,4
blackhand,192,shaman,restoration,6,2,4
aegwynn,192,shaman,restoration,6,2,4
sylvanas,192,shaman,restoration,6,2,4
gorgonnash,192,shaman,restoration,6,2,4
mannoroth,192,shaman,restoration,6,2,4
kazzak,192,shaman,restoration,6,2,4
blutkessel,192,shaman,restoration,6,2,4
sylvanas,192,shaman,restoration,6,2,4
borean-tundra,192,shaman,restoration,6,2,4
blutkessel,192,shaman,restoration,6,2,4
aggra-português,192,shaman,restoration,7,2,5
sylvanas,192,shaman,restoration,12,2,10
kazzak,192,shaman,restoration,12,2,10
thrall,192,shaman,restoration,12,2,10
malganis,192,shaman,restoration,12,2,10
ravencrest,192,shaman,restoration,12,2,10
stormscale,192,shaman,restoration,18,2,16
twisting-nether,159,shaman,restoration,5,2,3
archimonde,128,shaman,restoration,4,2,2
stormscale,127,shaman,restoration,8,2,6
thrall,96,shaman,restoration,3,2,1
silvermoon,96,shaman,restoration,6,1,5
outland,96,shaman,restoration,6,1,5
howling-fjord,96,shaman,restoration,6,1,5
kazzak,96,shaman,restoration,6,1,5
soulflayer,96,shaman,restoration,6,1,5
kazzak,96,shaman,restoration,6,1,5
twisting-nether,96,shaman,restoration,6,1,5
burning-blade,96,shaman,restoration,6,1,5
archimonde,96,shaman,restoration,6,1,5
stormreaver,96,shaman,restoration,6,1,5
antonidas,96,shaman,restoration,6,1,5
antonidas,96,shaman,restoration,6,1,5
blackrock,96,shaman,restoration,6,1,5
sanguino,96,shaman,restoration,6,1,5
minahonda,96,shaman,restoration,6,1,5
argent-dawn,96,shaman,restoration,6,1,5
thrall,96,shaman,restoration,6,1,5
draenor,96,shaman,restoration,6,1,5
argent-dawn,96,shaman,restoration,12,1,11
culte-de-la-rive-noire,96,shaman,restoration,12,1,11
silvermoon,96,shaman,restoration,12,1,11
zuljin,96,shaman,restoration,12,1,11
kazzak,96,shaman,restoration,20,1,19
turalyon,95,shaman,restoration,6,2,4
defias-brotherhood,95,shaman,restoration,6,1,5
sylvanas,90,shaman,restoration,13,4,9
ysondre,79,shaman,restoration,5,1,4
stormscale,48,shaman,restoration,3,1,2
ravencrest,42,shaman,restoration,9,2,7
thrall,41,shaman,restoration,7,2,5
blackrock,2267,shaman,elemental,84,48,36
thrall,2157,shaman,elemental,97,55,42
twisting-nether,2153,shaman,elemental,66,41,25
kazzak,2136,shaman,elemental,60,42,18
doomhammer,2119,shaman,elemental,71,46,25
kazzak,2086,shaman,elemental,66,47,19
stormscale,1983,shaman,elemental,66,33,33
ambossar,1937,shaman,elemental,53,31,22
blackrock,1906,shaman,elemental,36,23,13
ambossar,1883,shaman,elemental,80,40,40
blackrock,1878,shaman,elemental,87,48,39
blackrock,1869,shaman,elemental,42,25,17
blackrock,1861,shaman,elemental,42,24,18
soulflayer,1843,shaman,elemental,36,24,12
ravencrest,1829,shaman,elemental,53,26,27
blackmoore,1817,shaman,elemental,105,51,54
kilrogg,1816,shaman,elemental,30,19,11
howling-fjord,1810,shaman,elemental,48,30,18
malganis,1810,shaman,elemental,110,56,54
defias-brotherhood,1808,shaman,elemental,54,26,28
kazzak,1804,shaman,elemental,83,40,43
tarren-mill,1801,shaman,elemental,58,32,26
aegwynn,1800,shaman,elemental,55,30,25
twisting-nether,1800,shaman,elemental,66,34,32
kazzak,1766,shaman,elemental,42,26,16
ambossar,1741,shaman,elemental,35,21,14
frostmane,1732,shaman,elemental,63,37,26
blackmoore,1709,shaman,elemental,24,18,6
drakthul,1695,shaman,elemental,24,18,6
norgannon,1682,shaman,elemental,36,20,16
ravencrest,1681,shaman,elemental,42,20,22
blackrock,1677,shaman,elemental,96,47,49
sanguino,1676,shaman,elemental,36,22,14
blackrock,1673,shaman,elemental,42,22,20
blackrock,1665,shaman,elemental,31,21,10
voljin,1655,shaman,elemental,81,37,44
ravencrest,1650,shaman,elemental,43,21,22
kazzak,1643,shaman,elemental,53,26,27
outland,1643,shaman,elemental,52,24,28
soulflayer,1641,shaman,elemental,30,19,11
kazzak,1640,shaman,elemental,66,40,26
alleria,1639,shaman,elemental,36,24,12
ravencrest,1636,shaman,elemental,35,20,15
archimonde,1630,shaman,elemental,30,17,13
ysondre,1628,shaman,elemental,30,17,13
twisting-nether,1628,shaman,elemental,30,17,13
ravencrest,1625,shaman,elemental,24,17,7
stormscale,1625,shaman,elemental,72,42,30
malygos,1621,shaman,elemental,137,74,63
ysondre,1594,shaman,elemental,61,33,28
soulflayer,1584,shaman,elemental,58,32,26
silvermoon,1572,shaman,elemental,76,45,31
ysondre,1572,shaman,elemental,42,21,21
outland,1571,shaman,elemental,60,31,29
gordunni,1569,shaman,elemental,79,40,39
suramar,1558,shaman,elemental,66,34,32
ravencrest,1557,shaman,elemental,60,38,22
defias-brotherhood,1557,shaman,elemental,48,24,24
sanguino,1554,shaman,elemental,30,17,13
grim-batol,1550,shaman,elemental,30,17,13
ravencrest,1526,shaman,elemental,30,16,14
burning-legion,1523,shaman,elemental,36,18,18
lordaeron,1518,shaman,elemental,52,22,30
draenor,1517,shaman,elemental,36,16,20
theradras,1513,shaman,elemental,37,22,15
korgall,1506,shaman,elemental,42,21,21
blackscar,1505,shaman,elemental,35,17,18
argent-dawn,1496,shaman,elemental,34,16,18
hyjal,1439,shaman,elemental,24,15,9
deathwing,1435,shaman,elemental,30,15,15
ravencrest,1434,shaman,elemental,24,15,9
uldaman,1432,shaman,elemental,30,15,15
tarren-mill,1429,shaman,elemental,91,48,43
anetheron,1428,shaman,elemental,60,33,27
blackrock,1421,shaman,elemental,30,15,15
forscherliga,1415,shaman,elemental,56,36,20
blackrock,1415,shaman,elemental,36,15,21
draenor,1401,shaman,elemental,43,22,21
archimonde,1400,shaman,elemental,30,15,15
gordunni,1385,shaman,elemental,36,20,16
ragnaros,1374,shaman,elemental,30,17,13
minahonda,1373,shaman,elemental,60,34,26
howling-fjord,1366,shaman,elemental,30,20,10
frostwhisper,1353,shaman,elemental,24,15,9
ravencrest,1343,shaman,elemental,24,14,10
blackmoore,1343,shaman,elemental,24,14,10
stormscale,1338,shaman,elemental,24,14,10
twisting-nether,1337,shaman,elemental,54,26,28
blackrock,1333,shaman,elemental,24,14,10
soulflayer,1332,shaman,elemental,34,16,18
blackmoore,1326,shaman,elemental,30,14,16
blackrock,1315,shaman,elemental,24,14,10
twisting-nether,1313,shaman,elemental,42,21,21
blackmoore,1313,shaman,elemental,36,18,18
gordunni,1287,shaman,elemental,42,15,27
outland,1261,shaman,elemental,29,15,14
sanguino,1253,shaman,elemental,31,14,17
dun-modr,1247,shaman,elemental,18,13,5
dun-morogh,1247,shaman,elemental,24,13,11
twisting-nether,1247,shaman,elemental,24,13,11
blackrock,1246,shaman,elemental,30,13,17
ravencrest,1246,shaman,elemental,34,14,20
blackrock,1245,shaman,elemental,60,25,35
hyjal,1239,shaman,elemental,24,13,11
ysondre,1237,shaman,elemental,18,13,5
silvermoon,1236,shaman,elemental,24,13,11
marécage-de-zangar,1232,shaman,elemental,47,31,16
archimonde,1224,shaman,elemental,34,14,20
blackmoore,1219,shaman,elemental,24,13,11
howling-fjord,1217,shaman,elemental,30,13,17
garona,1210,shaman,elemental,36,16,20
elune,1206,shaman,elemental,24,13,11
twisting-nether,1191,shaman,elemental,29,15,14
sanguino,1180,shaman,elemental,32,13,19
frostwolf,1169,shaman,elemental,46,27,19
soulflayer,1162,shaman,elemental,35,16,19
auchindoun,1152,shaman,elemental,18,12,6
malganis,1152,shaman,elemental,24,12,12
lightnings-blade,1152,shaman,elemental,24,12,12
stormscale,1152,shaman,elemental,24,12,12
hyjal,1152,shaman,elemental,30,12,18
hyjal,1151,shaman,elemental,18,12,6
ravencrest,1151,shaman,elemental,18,12,6
sanguino,1151,shaman,elemental,24,12,12
tarren-mill,1151,shaman,elemental,24,12,12
archimonde,1151,shaman,elemental,24,12,12
kazzak,1151,shaman,elemental,24,12,12
archimonde,1149,shaman,elemental,30,12,18
kirin-tor,1144,shaman,elemental,54,22,32
eredar,1138,shaman,elemental,24,12,12
dun-modr,1138,shaman,elemental,27,13,14
uldum,1137,shaman,elemental,24,12,12
kul-tiras,1136,shaman,elemental,18,12,6
outland,1133,shaman,elemental,24,12,12
kazzak,1126,shaman,elemental,24,14,10
throkferoth,1125,shaman,elemental,24,12,12
soulflayer,1120,shaman,elemental,26,13,13
ravencrest,1102,shaman,elemental,21,13,8
ragnaros,1087,shaman,elemental,17,12,5
ysondre,1056,shaman,elemental,12,11,1
aegwynn,1056,shaman,elemental,18,11,7
kazzak,1056,shaman,elemental,18,11,7
blackmoore,1056,shaman,elemental,24,11,13
hyjal,1056,shaman,elemental,24,11,13
silvermoon,1054,shaman,elemental,18,11,7
blackhand,1053,shaman,elemental,24,11,13
stormscale,1049,shaman,elemental,24,11,13
ragnaros,1049,shaman,elemental,24,11,13
die-ewige-wacht,1047,shaman,elemental,18,11,7
argent-dawn,1008,shaman,elemental,42,25,17
blackmoore,980,shaman,elemental,27,12,15
twisting-nether,960,shaman,elemental,18,10,8
alonsus,960,shaman,elemental,24,10,14
silvermoon,959,shaman,elemental,18,10,8
twisting-nether,958,shaman,elemental,24,10,14
malorne,956,shaman,elemental,12,10,2
shattered-hand,954,shaman,elemental,18,10,8
ysondre,954,shaman,elemental,22,11,11
burning-legion,944,shaman,elemental,18,10,8
outland,943,shaman,elemental,30,11,19
kazzak,934,shaman,elemental,30,10,20
blackrock,932,shaman,elemental,23,10,13
malganis,907,shaman,elemental,24,10,14
booty-bay,876,shaman,elemental,39,17,22
kazzak,864,shaman,elemental,12,9,3
kazzak,864,shaman,elemental,12,9,3
twisting-nether,864,shaman,elemental,12,9,3
ysondre,864,shaman,elemental,18,9,9
archimonde,863,shaman,elemental,12,9,3
blackscar,863,shaman,elemental,16,10,6
gordunni,863,shaman,elemental,18,9,9
frostwolf,863,shaman,elemental,18,9,9
ragnaros,863,shaman,elemental,18,9,9
quelthalas,862,shaman,elemental,18,9,9
ravencrest,849,shaman,elemental,12,9,3
tarren-mill,798,shaman,elemental,14,9,5
malganis,768,shaman,elemental,12,8,4
archimonde,768,shaman,elemental,12,8,4
frostmane,768,shaman,elemental,12,8,4
malganis,768,shaman,elemental,12,8,4
stormscale,768,shaman,elemental,12,8,4
stormscale,768,shaman,elemental,18,8,10
ysondre,768,shaman,elemental,18,8,10
sylvanas,768,shaman,elemental,24,8,16
ravencrest,767,shaman,elemental,12,8,4
der-rat-von-dalaran,767,shaman,elemental,12,8,4
grim-batol,767,shaman,elemental,18,8,10
nethersturm,766,shaman,elemental,12,8,4
thermaplugg,719,shaman,elemental,11,8,3
silvermoon,672,shaman,elemental,12,7,5
doomhammer,672,shaman,elemental,12,7,5
blackhand,672,shaman,elemental,12,7,5
archimonde,672,shaman,elemental,12,7,5
veknilash,672,shaman,elemental,12,7,5
outland,672,shaman,elemental,12,7,5
deathguard,672,shaman,elemental,12,7,5
wildhammer,672,shaman,elemental,12,7,5
the-maelstrom,672,shaman,elemental,12,7,5
sylvanas,672,shaman,elemental,12,7,5
ravencrest,672,shaman,elemental,12,7,5
dun-morogh,672,shaman,elemental,12,7,5
draenor,672,shaman,elemental,18,7,11
howling-fjord,672,shaman,elemental,18,7,11
aegwynn,671,shaman,elemental,18,7,11
outland,671,shaman,elemental,18,7,11
culte-de-la-rive-noire,667,shaman,elemental,18,7,11
doomhammer,659,shaman,elemental,18,7,11
galakrond,658,shaman,elemental,18,7,11
kazzak,639,shaman,elemental,11,7,4
archimonde,638,shaman,elemental,14,8,6
burning-legion,607,shaman,elemental,14,7,7
ravencrest,576,shaman,elemental,6,6,0
neptulon,576,shaman,elemental,6,6,0
argent-dawn,576,shaman,elemental,12,6,6
kazzak,576,shaman,elemental,12,6,6
archimonde,576,shaman,elemental,12,6,6
ravencrest,576,shaman,elemental,12,6,6
blackmoore,576,shaman,elemental,12,6,6
culte-de-la-rive-noire,576,shaman,elemental,12,6,6
archimonde,576,shaman,elemental,12,6,6
deathweaver,576,shaman,elemental,12,6,6
tarren-mill,576,shaman,elemental,18,6,12
draenor,576,shaman,elemental,18,6,12
das-konsortium,575,shaman,elemental,12,6,6
hyjal,575,shaman,elemental,13,6,7
thrall,574,shaman,elemental,12,6,6
outland,543,shaman,elemental,11,6,5
grim-batol,527,shaman,elemental,17,6,11
tarren-mill,522,shaman,elemental,17,8,9
blackrock,480,shaman,elemental,6,5,1
stormscale,480,shaman,elemental,6,5,1
kazzak,480,shaman,elemental,6,5,1
malganis,480,shaman,elemental,6,5,1
howling-fjord,480,shaman,elemental,6,5,1
twisting-nether,480,shaman,elemental,6,5,1
stormscale,480,shaman,elemental,6,5,1
blackrock,480,shaman,elemental,6,5,1
eredar,480,shaman,elemental,6,5,1
ravencrest,480,shaman,elemental,6,5,1
silvermoon,480,shaman,elemental,6,5,1
silvermoon,480,shaman,elemental,7,5,2
sargeras,480,shaman,elemental,12,5,7
howling-fjord,480,shaman,elemental,12,5,7
alakir,480,shaman,elemental,12,5,7
outland,480,shaman,elemental,12,5,7
stormscale,480,shaman,elemental,12,5,7
hyjal,480,shaman,elemental,12,5,7
argent-dawn,480,shaman,elemental,12,5,7
argent-dawn,479,shaman,elemental,12,5,7
blackrock,479,shaman,elemental,12,5,7
blackscar,479,shaman,elemental,12,5,7
ravencrest,478,shaman,elemental,12,5,7
eredar,447,shaman,elemental,11,5,6
outland,426,shaman,elemental,13,6,7
tarren-mill,399,shaman,elemental,5,5,0
hyjal,384,shaman,elemental,6,4,2
tarren-mill,384,shaman,elemental,6,4,2
blackrock,384,shaman,elemental,6,4,2
twisting-nether,384,shaman,elemental,6,4,2
onyxia,384,shaman,elemental,6,4,2
the-maelstrom,384,shaman,elemental,6,4,2
stormscale,384,shaman,elemental,6,4,2
aegwynn,384,shaman,elemental,6,4,2
draenor,384,shaman,elemental,6,4,2
ravencrest,384,shaman,elemental,6,4,2
ravencrest,384,shaman,elemental,6,4,2
ravencrest,384,shaman,elemental,6,4,2
outland,384,shaman,elemental,6,4,2
ravencrest,384,shaman,elemental,6,4,2
howling-fjord,384,shaman,elemental,6,4,2
kazzak,384,shaman,elemental,6,4,2
hyjal,384,shaman,elemental,6,4,2
kazzak,384,shaman,elemental,6,4,2
chogall,384,shaman,elemental,6,4,2
twisting-nether,384,shaman,elemental,6,4,2
sanguino,384,shaman,elemental,6,4,2
pozzo-delleternità,384,shaman,elemental,6,4,2
azuremyst,384,shaman,elemental,12,4,8
soulflayer,384,shaman,elemental,12,4,8
kazzak,384,shaman,elemental,12,4,8
malganis,384,shaman,elemental,12,4,8
bronzebeard,384,shaman,elemental,12,4,8
howling-fjord,384,shaman,elemental,12,4,8
onyxia,384,shaman,elemental,12,4,8
emeriss,383,shaman,elemental,6,4,2
booty-bay,379,shaman,elemental,12,4,8
gordunni,319,shaman,elemental,5,4,1
kazzak,319,shaman,elemental,5,4,1
argent-dawn,288,shaman,elemental,6,3,3
ragnaros,288,shaman,elemental,6,3,3
aegwynn,288,shaman,elemental,6,3,3
drakthul,288,shaman,elemental,6,3,3
rashgarroth,288,shaman,elemental,6,3,3
drakthul,288,shaman,elemental,6,3,3
outland,288,shaman,elemental,6,3,3
tichondrius,288,shaman,elemental,6,3,3
twisting-nether,288,shaman,elemental,6,3,3
draenor,288,shaman,elemental,6,3,3
aggra-português,288,shaman,elemental,6,3,3
grim-batol,288,shaman,elemental,6,3,3
ravencrest,288,shaman,elemental,6,3,3
ravencrest,288,shaman,elemental,6,3,3
magtheridon,288,shaman,elemental,6,3,3
thrall,288,shaman,elemental,6,3,3
thrall,288,shaman,elemental,6,3,3
hyjal,288,shaman,elemental,6,3,3
ysondre,288,shaman,elemental,6,3,3
silvermoon,288,shaman,elemental,6,3,3
hyjal,288,shaman,elemental,6,3,3
stormrage,288,shaman,elemental,6,3,3
stormreaver,288,shaman,elemental,6,3,3
silvermoon,288,shaman,elemental,6,3,3
silvermoon,288,shaman,elemental,6,3,3
kazzak,288,shaman,elemental,6,3,3
kazzak,288,shaman,elemental,6,3,3
soulflayer,288,shaman,elemental,6,3,3
soulflayer,288,shaman,elemental,6,3,3
kazzak,288,shaman,elemental,6,3,3
soulflayer,288,shaman,elemental,6,3,3
the-maelstrom,288,shaman,elemental,6,3,3
blackscar,288,shaman,elemental,6,3,3
blackscar,288,shaman,elemental,6,3,3
gordunni,288,shaman,elemental,6,3,3
kazzak,288,shaman,elemental,6,3,3
gordunni,288,shaman,elemental,6,3,3
gordunni,288,shaman,elemental,6,3,3
gordunni,288,shaman,elemental,6,3,3
gordunni,288,shaman,elemental,6,3,3
eversong,288,shaman,elemental,6,3,3
archimonde,288,shaman,elemental,12,3,9
shattered-hand,288,shaman,elemental,12,3,9
drakthul,288,shaman,elemental,12,3,9
blackmoore,287,shaman,elemental,6,3,3
deathguard,284,shaman,elemental,12,3,9
silvermoon,234,shaman,elemental,8,4,4
kazzak,192,shaman,elemental,4,3,1
malganis,192,shaman,elemental,4,3,1
silvermoon,192,shaman,elemental,6,2,4
tarren-mill,192,shaman,elemental,6,2,4
tarren-mill,192,shaman,elemental,6,2,4
archimonde,192,shaman,elemental,6,2,4
argent-dawn,192,shaman,elemental,6,2,4
argent-dawn,192,shaman,elemental,6,2,4
stormscale,192,shaman,elemental,6,2,4
outland,192,shaman,elemental,6,2,4
kazzak,192,shaman,elemental,6,2,4
stormscale,192,shaman,elemental,6,2,4
twisting-nether,192,shaman,elemental,6,2,4
deathweaver,192,shaman,elemental,6,2,4
stormscale,192,shaman,elemental,6,2,4
die-aldor,192,shaman,elemental,6,2,4
booty-bay,192,shaman,elemental,6,2,4
howling-fjord,192,shaman,elemental,6,2,4
twisting-nether,192,shaman,elemental,6,2,4
ravencrest,192,shaman,elemental,6,2,4
twisting-nether,192,shaman,elemental,6,2,4
dun-modr,192,shaman,elemental,6,2,4
gordunni,192,shaman,elemental,6,2,4
ravencrest,192,shaman,elemental,6,2,4
sanguino,192,shaman,elemental,6,2,4
sanguino,192,shaman,elemental,6,2,4
sylvanas,192,shaman,elemental,6,2,4
dun-modr,192,shaman,elemental,6,2,4
eredar,192,shaman,elemental,7,2,5
turalyon,192,shaman,elemental,12,2,10
nemesis,192,shaman,elemental,12,2,10
stormscale,192,shaman,elemental,12,2,10
gordunni,192,shaman,elemental,12,2,10
outland,192,shaman,elemental,12,2,10
antonidas,138,shaman,elemental,10,3,7
archimonde,96,shaman,elemental,3,2,1
hyjal,96,shaman,elemental,7,2,5
grim-batol,96,shaman,elemental,6,1,5
sylvanas,96,shaman,elemental,6,1,5
ravencrest,96,shaman,elemental,6,1,5
ravencrest,96,shaman,elemental,6,1,5
soulflayer,96,shaman,elemental,6,1,5
draenor,96,shaman,elemental,6,1,5
hyjal,96,shaman,elemental,6,1,5
howling-fjord,96,shaman,elemental,6,1,5
stormscale,96,shaman,elemental,6,1,5
blackscar,96,shaman,elemental,6,1,5
ysera,96,shaman,elemental,6,1,5
blackmoore,96,shaman,elemental,6,1,5
thrall,96,shaman,elemental,6,1,5
argent-dawn,96,shaman,elemental,12,1,11
ravencrest,31,shaman,elemental,2,1,1
drakthul,16,shaman,elemental,7,1,6
kazzak,2369,shaman,enhancement,98,66,32
twisting-nether,2176,shaman,enhancement,102,52,50
soulflayer,2151,shaman,enhancement,120,61,59
stormscale,2130,shaman,enhancement,72,43,29
stormscale,2119,shaman,enhancement,84,44,40
stormscale,2116,shaman,enhancement,78,46,32
soulflayer,2104,shaman,enhancement,81,46,35
twisting-nether,2102,shaman,enhancement,78,40,38
ysondre,2067,shaman,enhancement,96,45,51
stormscale,2048,shaman,enhancement,89,46,43
gordunni,2042,shaman,enhancement,54,33,21
twisting-nether,2029,shaman,enhancement,90,53,37
silvermoon,2018,shaman,enhancement,48,33,15
blackhand,2010,shaman,enhancement,90,48,42
kazzak,2000,shaman,enhancement,42,26,16
stormscale,1981,shaman,enhancement,83,55,28
blackmoore,1970,shaman,enhancement,64,39,25
eredar,1968,shaman,enhancement,90,57,33
stormscale,1961,shaman,enhancement,114,59,55
ravencrest,1919,shaman,enhancement,42,37,5
goldrinn,1913,shaman,enhancement,80,46,34
ravencrest,1888,shaman,enhancement,84,61,23
blackrock,1882,shaman,enhancement,30,20,10
stormscale,1868,shaman,enhancement,55,26,29
terokkar,1855,shaman,enhancement,36,24,12
ravencrest,1854,shaman,enhancement,60,25,35
stormreaver,1853,shaman,enhancement,42,21,21
draenor,1851,shaman,enhancement,90,44,46
soulflayer,1840,shaman,enhancement,42,27,15
soulflayer,1828,shaman,enhancement,42,24,18
draenor,1824,shaman,enhancement,42,23,19
dun-modr,1822,shaman,enhancement,42,25,17
howling-fjord,1818,shaman,enhancement,38,23,15
drakthul,1817,shaman,enhancement,71,43,28
kazzak,1816,shaman,enhancement,40,27,13
silvermoon,1813,shaman,enhancement,29,20,9
dun-modr,1812,shaman,enhancement,78,47,31
stormscale,1809,shaman,enhancement,48,25,23
eredar,1806,shaman,enhancement,132,74,58
soulflayer,1803,shaman,enhancement,47,27,20
blackrock,1802,shaman,enhancement,45,25,20
area-52,1802,shaman,enhancement,45,25,20
twisting-nether,1789,shaman,enhancement,60,31,29
rexxar,1786,shaman,enhancement,72,32,40
kazzak,1778,shaman,enhancement,66,34,32
silvermoon,1772,shaman,enhancement,54,27,27
stormscale,1746,shaman,enhancement,82,41,41
turalyon,1740,shaman,enhancement,48,26,22
burning-legion,1738,shaman,enhancement,53,25,28
kazzak,1736,shaman,enhancement,36,19,17
outland,1729,shaman,enhancement,48,28,20
howling-fjord,1726,shaman,enhancement,60,36,24
ravencrest,1722,shaman,enhancement,36,18,18
stormscale,1717,shaman,enhancement,96,46,50
howling-fjord,1715,shaman,enhancement,24,18,6
kazzak,1714,shaman,enhancement,48,21,27
stormscale,1709,shaman,enhancement,93,59,34
stormscale,1703,shaman,enhancement,36,22,14
archimonde,1703,shaman,enhancement,36,18,18
ravencrest,1699,shaman,enhancement,45,32,13
howling-fjord,1699,shaman,enhancement,30,21,9
zuljin,1691,shaman,enhancement,45,24,21
aegwynn,1690,shaman,enhancement,31,18,13
outland,1683,shaman,enhancement,30,22,8
sanguino,1683,shaman,enhancement,45,26,19
frostmane,1683,shaman,enhancement,83,35,48
zuljin,1680,shaman,enhancement,36,22,14
ravencrest,1679,shaman,enhancement,63,34,29
eredar,1674,shaman,enhancement,42,21,21
archimonde,1672,shaman,enhancement,36,23,13
twisting-nether,1662,shaman,enhancement,72,49,23
argent-dawn,1656,shaman,enhancement,60,35,25
soulflayer,1652,shaman,enhancement,69,38,31
twisting-nether,1650,shaman,enhancement,35,24,11
dun-modr,1648,shaman,enhancement,107,52,55
howling-fjord,1641,shaman,enhancement,36,21,15
frostwolf,1632,shaman,enhancement,42,19,23
conseil-des-ombres,1631,shaman,enhancement,29,18,11
thermaplugg,1629,shaman,enhancement,30,17,13
tarren-mill,1628,shaman,enhancement,42,20,22
tarren-mill,1624,shaman,enhancement,63,41,22
sanguino,1623,shaman,enhancement,72,37,35
blackmoore,1621,shaman,enhancement,30,18,12
argent-dawn,1619,shaman,enhancement,36,22,14
tarren-mill,1616,shaman,enhancement,36,24,12
twisting-nether,1615,shaman,enhancement,81,54,27
blackmoore,1608,shaman,enhancement,66,34,32
tarren-mill,1606,shaman,enhancement,36,22,14
draenor,1604,shaman,enhancement,42,23,19
stormscale,1604,shaman,enhancement,73,38,35
stormscale,1603,shaman,enhancement,42,24,18
darksorrow,1602,shaman,enhancement,36,19,17
blackmoore,1601,shaman,enhancement,42,29,13
sanguino,1599,shaman,enhancement,36,21,15
kazzak,1596,shaman,enhancement,24,19,5
stormscale,1595,shaman,enhancement,64,42,22
archimonde,1591,shaman,enhancement,48,20,28
howling-fjord,1589,shaman,enhancement,36,21,15
the-maelstrom,1588,shaman,enhancement,30,18,12
sanguino,1581,shaman,enhancement,97,49,48
azuregos,1578,shaman,enhancement,92,51,41
defias-brotherhood,1575,shaman,enhancement,40,19,21
scarshield-legion,1570,shaman,enhancement,77,37,40
gordunni,1565,shaman,enhancement,30,19,11
blackmoore,1564,shaman,enhancement,29,17,12
ravencrest,1564,shaman,enhancement,37,21,16
soulflayer,1563,shaman,enhancement,35,17,18
malganis,1559,shaman,enhancement,30,18,12
tarren-mill,1557,shaman,enhancement,71,38,33
argent-dawn,1540,shaman,enhancement,24,17,7
khaz-modan,1534,shaman,enhancement,30,18,12
tarren-mill,1533,shaman,enhancement,27,17,10
hyjal,1531,shaman,enhancement,35,17,18
tarren-mill,1530,shaman,enhancement,30,16,14
stormscale,1527,shaman,enhancement,34,25,9
doomhammer,1525,shaman,enhancement,48,29,19
stormscale,1523,shaman,enhancement,57,32,25
drakthul,1517,shaman,enhancement,54,24,30
howling-fjord,1513,shaman,enhancement,42,20,22
laughing-skull,1507,shaman,enhancement,29,20,9
ravencrest,1507,shaman,enhancement,54,28,26
soulflayer,1505,shaman,enhancement,36,17,19
gordunni,1503,shaman,enhancement,36,16,20
twisting-nether,1494,shaman,enhancement,62,30,32
burning-legion,1493,shaman,enhancement,39,18,21
grim-batol,1486,shaman,enhancement,48,22,26
blackrock,1477,shaman,enhancement,54,33,21
kazzak,1469,shaman,enhancement,81,39,42
silvermoon,1464,shaman,enhancement,23,16,7
norgannon,1464,shaman,enhancement,34,16,18
twisting-nether,1460,shaman,enhancement,36,21,15
tarren-mill,1442,shaman,enhancement,30,17,13
howling-fjord,1439,shaman,enhancement,54,26,28
aegwynn,1438,shaman,enhancement,18,15,3
stormscale,1435,shaman,enhancement,33,18,15
draenor,1433,shaman,enhancement,36,16,20
silvermoon,1430,shaman,enhancement,36,15,21
gordunni,1428,shaman,enhancement,30,15,15
howling-fjord,1424,shaman,enhancement,48,31,17
outland,1422,shaman,enhancement,24,15,9
lightnings-blade,1415,shaman,enhancement,30,17,13
soulflayer,1415,shaman,enhancement,60,29,31
soulflayer,1410,shaman,enhancement,24,15,9
silvermoon,1410,shaman,enhancement,24,15,9
exodar,1403,shaman,enhancement,31,17,14
stormscale,1402,shaman,enhancement,57,22,35
uldum,1397,shaman,enhancement,54,25,29
outland,1393,shaman,enhancement,39,21,18
blackrock,1387,shaman,enhancement,58,34,24
ragnaros,1386,shaman,enhancement,42,24,18
wildhammer,1372,shaman,enhancement,30,16,14
antonidas,1364,shaman,enhancement,78,39,39
archimonde,1351,shaman,enhancement,84,45,39
aegwynn,1345,shaman,enhancement,137,79,58
stormscale,1343,shaman,enhancement,30,14,16
twisting-nether,1342,shaman,enhancement,24,14,10
sylvanas,1341,shaman,enhancement,18,14,4
gordunni,1337,shaman,enhancement,45,30,15
hyjal,1333,shaman,enhancement,24,14,10
ravencrest,1332,shaman,enhancement,42,23,19
das-syndikat,1324,shaman,enhancement,30,14,16
gordunni,1320,shaman,enhancement,28,15,13
kazzak,1317,shaman,enhancement,83,39,44
ravencrest,1310,shaman,enhancement,29,14,15
outland,1299,shaman,enhancement,42,22,20
stormscale,1283,shaman,enhancement,29,19,10
gordunni,1280,shaman,enhancement,36,20,16
gordunni,1279,shaman,enhancement,47,26,21
tarren-mill,1271,shaman,enhancement,48,25,23
archimonde,1270,shaman,enhancement,42,14,28
kazzak,1264,shaman,enhancement,30,14,16
stormscale,1248,shaman,enhancement,24,13,11
outland,1247,shaman,enhancement,18,13,5
archimonde,1247,shaman,enhancement,24,13,11
sylvanas,1242,shaman,enhancement,30,13,17
kirin-tor,1235,shaman,enhancement,24,13,11
tarren-mill,1233,shaman,enhancement,30,13,17
grim-batol,1230,shaman,enhancement,22,14,8
tarren-mill,1229,shaman,enhancement,36,21,15
azjolnerub,1220,shaman,enhancement,24,13,11
hyjal,1217,shaman,enhancement,30,13,17
outland,1214,shaman,enhancement,29,13,16
stormscale,1208,shaman,enhancement,30,16,14
thermaplugg,1178,shaman,enhancement,65,29,36
tarren-mill,1176,shaman,enhancement,28,13,15
gordunni,1173,shaman,enhancement,33,13,20
greymane,1159,shaman,enhancement,30,18,12
tarren-mill,1152,shaman,enhancement,18,12,6
soulflayer,1151,shaman,enhancement,18,12,6
ravencrest,1151,shaman,enhancement,24,12,12
grim-batol,1151,shaman,enhancement,24,12,12
stormscale,1151,shaman,enhancement,28,13,15
tarren-mill,1150,shaman,enhancement,18,12,6
howling-fjord,1150,shaman,enhancement,18,12,6
kazzak,1149,shaman,enhancement,24,12,12
twisting-nether,1149,shaman,enhancement,24,12,12
aegwynn,1148,shaman,enhancement,18,12,6
archimonde,1148,shaman,enhancement,24,12,12
kazzak,1147,shaman,enhancement,18,12,6
ysondre,1147,shaman,enhancement,19,12,7
aszune,1147,shaman,enhancement,24,12,12
stormscale,1146,shaman,enhancement,24,12,12
chromaggus,1144,shaman,enhancement,24,12,12
greymane,1143,shaman,enhancement,18,12,6
ravencrest,1138,shaman,enhancement,24,12,12
ragnaros,1132,shaman,enhancement,24,12,12
twisting-nether,1127,shaman,enhancement,24,13,11
sporeggar,1115,shaman,enhancement,34,19,15
booty-bay,1101,shaman,enhancement,30,12,18
soulflayer,1088,shaman,enhancement,22,12,10
azshara,1088,shaman,enhancement,30,13,17
twisting-nether,1086,shaman,enhancement,55,34,21
twisting-nether,1056,shaman,enhancement,18,11,7
blackscar,1056,shaman,enhancement,18,11,7
sanguino,1056,shaman,enhancement,24,11,13
kazzak,1056,shaman,enhancement,24,11,13
tarren-mill,1055,shaman,enhancement,12,11,1
stormscale,1053,shaman,enhancement,18,11,7
kazzak,1053,shaman,enhancement,18,11,7
turalyon,1053,shaman,enhancement,18,11,7
archimonde,1053,shaman,enhancement,18,11,7
blackhand,1053,shaman,enhancement,24,11,13
outland,1051,shaman,enhancement,18,11,7
kazzak,1050,shaman,enhancement,18,11,7
sanguino,1049,shaman,enhancement,66,36,30
tarren-mill,1049,shaman,enhancement,24,11,13
soulflayer,1047,shaman,enhancement,18,11,7
archimonde,1042,shaman,enhancement,30,15,15
la-croisade-écarlate,1014,shaman,enhancement,24,11,13
suramar,997,shaman,enhancement,26,13,13
chogall,997,shaman,enhancement,25,12,13
frostmane,987,shaman,enhancement,14,11,3
sanguino,960,shaman,enhancement,12,10,2
stormscale,960,shaman,enhancement,12,10,2
ravencrest,960,shaman,enhancement,18,10,8
ravencrest,960,shaman,enhancement,18,10,8
hyjal,960,shaman,enhancement,18,10,8
blackrock,960,shaman,enhancement,24,10,14
sanguino,959,shaman,enhancement,12,10,2
blackrock,959,shaman,enhancement,18,10,8
kazzak,958,shaman,enhancement,12,10,2
ysondre,958,shaman,enhancement,16,11,5
thrall,958,shaman,enhancement,18,10,8
drakthul,958,shaman,enhancement,18,10,8
blackmoore,958,shaman,enhancement,24,10,14
howling-fjord,956,shaman,enhancement,18,10,8
deathguard,952,shaman,enhancement,12,10,2
defias-brotherhood,951,shaman,enhancement,18,10,8
aegwynn,948,shaman,enhancement,24,10,14
terrordar,945,shaman,enhancement,12,10,2
hyjal,941,shaman,enhancement,41,17,24
gordunni,932,shaman,enhancement,23,11,12
silvermoon,904,shaman,enhancement,30,10,20
ravencrest,900,shaman,enhancement,21,10,11
outland,896,shaman,enhancement,22,10,12
blackmoore,867,shaman,enhancement,36,18,18
bloodfeather,864,shaman,enhancement,12,9,3
dun-modr,864,shaman,enhancement,12,9,3
sylvanas,864,shaman,enhancement,18,9,9
soulflayer,864,shaman,enhancement,18,9,9
stormscale,864,shaman,enhancement,18,9,9
soulflayer,864,shaman,enhancement,24,9,15
terokkar,863,shaman,enhancement,12,9,3
frostwolf,863,shaman,enhancement,12,9,3
archimonde,863,shaman,enhancement,12,9,3
hellfire,863,shaman,enhancement,18,9,9
kazzak,863,shaman,enhancement,18,9,9
vashj,863,shaman,enhancement,18,9,9
ravencrest,863,shaman,enhancement,18,9,9
aegwynn,863,shaman,enhancement,21,10,11
ravencrest,863,shaman,enhancement,24,9,15
kazzak,863,shaman,enhancement,27,10,17
ashenvale,862,shaman,enhancement,12,9,3
antonidas,862,shaman,enhancement,24,9,15
draenor,859,shaman,enhancement,16,10,6
gordunni,852,shaman,enhancement,18,9,9
magtheridon,846,shaman,enhancement,18,9,9
culte-de-la-rive-noire,812,shaman,enhancement,18,9,9
ragnaros,796,shaman,enhancement,20,9,11
argent-dawn,784,shaman,enhancement,13,9,4
blackhand,768,shaman,enhancement,12,8,4
draenor,768,shaman,enhancement,12,8,4
blackmoore,768,shaman,enhancement,12,8,4
ravencrest,768,shaman,enhancement,12,8,4
archimonde,768,shaman,enhancement,12,8,4
ravencrest,768,shaman,enhancement,12,8,4
stormscale,768,shaman,enhancement,12,8,4
kazzak,768,shaman,enhancement,12,8,4
dun-modr,768,shaman,enhancement,12,8,4
tarren-mill,768,shaman,enhancement,18,8,10
aegwynn,768,shaman,enhancement,18,8,10
gordunni,768,shaman,enhancement,18,8,10
ravencrest,768,shaman,enhancement,18,8,10
vashj,768,shaman,enhancement,18,8,10
blackrock,768,shaman,enhancement,18,8,10
gilneas,768,shaman,enhancement,18,8,10
borean-tundra,767,shaman,enhancement,12,8,4
argent-dawn,767,shaman,enhancement,12,8,4
ragnaros,767,shaman,enhancement,16,9,7
archimonde,767,shaman,enhancement,18,8,10
malganis,767,shaman,enhancement,18,8,10
nemesis,767,shaman,enhancement,18,8,10
blackmoore,767,shaman,enhancement,18,8,10
kazzak,767,shaman,enhancement,24,8,16
thrall,764,shaman,enhancement,18,8,10
ysondre,763,shaman,enhancement,18,8,10
sanguino,759,shaman,enhancement,16,9,7
laughing-skull,749,shaman,enhancement,15,10,5
nazjatar,748,shaman,enhancement,18,8,10
twisting-nether,735,shaman,enhancement,14,9,5
gordunni,731,shaman,enhancement,16,8,8
drakthul,731,shaman,enhancement,17,8,9
ravencrest,718,shaman,enhancement,17,8,9
blackmoore,672,shaman,enhancement,12,7,5
the-maelstrom,672,shaman,enhancement,12,7,5
aegwynn,672,shaman,enhancement,12,7,5
outland,672,shaman,enhancement,12,7,5
blackrock,672,shaman,enhancement,12,7,5
khaz-modan,672,shaman,enhancement,12,7,5
xavius,672,shaman,enhancement,12,7,5
argent-dawn,672,shaman,enhancement,12,7,5
archimonde,672,shaman,enhancement,12,7,5
blackmoore,672,shaman,enhancement,12,7,5
argent-dawn,672,shaman,enhancement,12,7,5
zuljin,672,shaman,enhancement,14,7,7
silvermoon,672,shaman,enhancement,18,7,11
blackrock,672,shaman,enhancement,18,7,11
draenor,672,shaman,enhancement,18,7,11
soulflayer,672,shaman,enhancement,18,7,11
ravencrest,672,shaman,enhancement,18,7,11
archimonde,672,shaman,enhancement,18,7,11
soulflayer,672,shaman,enhancement,24,7,17
onyxia,672,shaman,enhancement,24,7,17
blackmoore,672,shaman,enhancement,24,7,17
burning-legion,671,shaman,enhancement,12,7,5
drakthul,670,shaman,enhancement,12,7,5
soulflayer,668,shaman,enhancement,12,7,5
dalaran,667,shaman,enhancement,12,7,5
kazzak,607,shaman,enhancement,16,7,9
stormscale,576,shaman,enhancement,6,6,0
thrall,576,shaman,enhancement,6,6,0
tarren-mill,576,shaman,enhancement,6,6,0
blackmoore,576,shaman,enhancement,12,6,6
blackhand,576,shaman,enhancement,12,6,6
sanguino,576,shaman,enhancement,12,6,6
kazzak,576,shaman,enhancement,12,6,6
eredar,576,shaman,enhancement,12,6,6
die-aldor,576,shaman,enhancement,12,6,6
tarren-mill,576,shaman,enhancement,12,6,6
burning-steppes,576,shaman,enhancement,12,6,6
blackmoore,576,shaman,enhancement,12,6,6
ravencrest,576,shaman,enhancement,12,6,6
sanguino,576,shaman,enhancement,12,6,6
dun-modr,576,shaman,enhancement,12,6,6
blackscar,576,shaman,enhancement,12,6,6
azshara,576,shaman,enhancement,12,6,6
blackmoore,576,shaman,enhancement,12,6,6
outland,576,shaman,enhancement,12,6,6
silvermoon,576,shaman,enhancement,12,6,6
hyjal,575,shaman,enhancement,12,6,6
ravencrest,575,shaman,enhancement,12,6,6
howling-fjord,575,shaman,enhancement,12,6,6
howling-fjord,573,shaman,enhancement,18,6,12
gordunni,573,shaman,enhancement,18,6,12
dalaran,571,shaman,enhancement,12,6,6
soulflayer,570,shaman,enhancement,12,6,6
blackrock,543,shaman,enhancement,14,7,7
argent-dawn,542,shaman,enhancement,11,6,5
deathweaver,527,shaman,enhancement,15,6,9
soulflayer,522,shaman,enhancement,14,7,7
ysondre,480,shaman,enhancement,6,5,1
kazzak,480,shaman,enhancement,6,5,1
argent-dawn,480,shaman,enhancement,6,5,1
ravencrest,480,shaman,enhancement,6,5,1
kazzak,480,shaman,enhancement,6,5,1
stormscale,480,shaman,enhancement,6,5,1
blackrock,480,shaman,enhancement,6,5,1
the-maelstrom,480,shaman,enhancement,6,5,1
gordunni,480,shaman,enhancement,6,5,1
silvermoon,480,shaman,enhancement,6,5,1
stormscale,480,shaman,enhancement,6,5,1
hyjal,480,shaman,enhancement,6,5,1
sylvanas,480,shaman,enhancement,6,5,1
tichondrius,480,shaman,enhancement,9,6,3
tarren-mill,480,shaman,enhancement,10,6,4
sanguino,480,shaman,enhancement,12,5,7
kazzak,480,shaman,enhancement,12,5,7
kirin-tor,480,shaman,enhancement,12,5,7
nemesis,480,shaman,enhancement,12,5,7
la-croisade-écarlate,480,shaman,enhancement,12,5,7
stormreaver,480,shaman,enhancement,12,5,7
nethersturm,480,shaman,enhancement,12,5,7
archimonde,480,shaman,enhancement,12,5,7
drakthul,480,shaman,enhancement,12,5,7
greymane,480,shaman,enhancement,12,5,7
silvermoon,480,shaman,enhancement,12,5,7
ravencrest,480,shaman,enhancement,12,5,7
outland,480,shaman,enhancement,12,5,7
blackrock,480,shaman,enhancement,12,5,7
blackscar,480,shaman,enhancement,12,5,7
gordunni,480,shaman,enhancement,18,5,13
twisting-nether,478,shaman,enhancement,18,5,13
sanguino,477,shaman,enhancement,6,5,1
ysondre,464,shaman,enhancement,13,6,7
twisting-nether,435,shaman,enhancement,20,9,11
howling-fjord,431,shaman,enhancement,17,5,12
archimonde,384,shaman,enhancement,6,4,2
ravencrest,384,shaman,enhancement,6,4,2
ravencrest,384,shaman,enhancement,6,4,2
ravencrest,384,shaman,enhancement,6,4,2
eredar,384,shaman,enhancement,6,4,2
sylvanas,384,shaman,enhancement,6,4,2
ravencrest,384,shaman,enhancement,6,4,2
stormscale,384,shaman,enhancement,6,4,2
burning-legion,384,shaman,enhancement,6,4,2
azjolnerub,384,shaman,enhancement,6,4,2
aegwynn,384,shaman,enhancement,6,4,2
gordunni,384,shaman,enhancement,6,4,2
blackrock,384,shaman,enhancement,6,4,2
dun-modr,384,shaman,enhancement,6,4,2
blackmoore,384,shaman,enhancement,6,4,2
ragnaros,384,shaman,enhancement,6,4,2
archimonde,384,shaman,enhancement,6,4,2
the-maelstrom,384,shaman,enhancement,6,4,2
kazzak,384,shaman,enhancement,6,4,2
kazzak,384,shaman,enhancement,6,4,2
tichondrius,384,shaman,enhancement,6,4,2
hyjal,384,shaman,enhancement,6,4,2
tarren-mill,384,shaman,enhancement,6,4,2
eldrethalas,384,shaman,enhancement,6,4,2
argent-dawn,384,shaman,enhancement,6,4,2
galakrond,384,shaman,enhancement,6,4,2
kazzak,384,shaman,enhancement,6,4,2
dun-modr,384,shaman,enhancement,6,4,2
howling-fjord,384,shaman,enhancement,6,4,2
silvermoon,384,shaman,enhancement,6,4,2
silvermoon,384,shaman,enhancement,6,4,2
howling-fjord,384,shaman,enhancement,6,4,2
hyjal,384,shaman,enhancement,10,4,6
ragnaros,384,shaman,enhancement,12,4,8
tarren-mill,384,shaman,enhancement,12,4,8
booty-bay,384,shaman,enhancement,12,4,8
soulflayer,384,shaman,enhancement,12,4,8
blackmoore,384,shaman,enhancement,12,4,8
soulflayer,384,shaman,enhancement,12,4,8
stormscale,384,shaman,enhancement,16,4,12
ravencrest,384,shaman,enhancement,18,4,14
silvermoon,384,shaman,enhancement,18,4,14
auchindoun,383,shaman,enhancement,6,4,2
nemesis,383,shaman,enhancement,6,4,2
zuljin,383,shaman,enhancement,10,5,5
gordunni,383,shaman,enhancement,12,4,8
sylvanas,383,shaman,enhancement,12,4,8
sanguino,382,shaman,enhancement,6,4,2
archimonde,379,shaman,enhancement,12,4,8
blackmoore,367,shaman,enhancement,11,4,7
tarren-mill,336,shaman,enhancement,9,4,5
ragnaros,329,shaman,enhancement,16,6,10
ravencrest,320,shaman,enhancement,10,4,6
ysondre,320,shaman,enhancement,22,4,18
tarren-mill,319,shaman,enhancement,5,4,1
howling-fjord,288,shaman,enhancement,6,3,3
forscherliga,288,shaman,enhancement,6,3,3
magtheridon,288,shaman,enhancement,6,3,3
outland,288,shaman,enhancement,6,3,3
garona,288,shaman,enhancement,6,3,3
howling-fjord,288,shaman,enhancement,6,3,3
howling-fjord,288,shaman,enhancement,6,3,3
sanguino,288,shaman,enhancement,6,3,3
anachronos,288,shaman,enhancement,6,3,3
blackrock,288,shaman,enhancement,6,3,3
archimonde,288,shaman,enhancement,6,3,3
aegwynn,288,shaman,enhancement,6,3,3
ravencrest,288,shaman,enhancement,6,3,3
drakthul,288,shaman,enhancement,6,3,3
kazzak,288,shaman,enhancement,6,3,3
blackscar,288,shaman,enhancement,6,3,3
archimonde,288,shaman,enhancement,6,3,3
hyjal,288,shaman,enhancement,6,3,3
ravencrest,288,shaman,enhancement,6,3,3
soulflayer,288,shaman,enhancement,6,3,3
antonidas,288,shaman,enhancement,6,3,3
zuljin,288,shaman,enhancement,6,3,3
aegwynn,288,shaman,enhancement,6,3,3
burning-legion,288,shaman,enhancement,6,3,3
twisting-nether,288,shaman,enhancement,6,3,3
stormscale,288,shaman,enhancement,6,3,3
gordunni,288,shaman,enhancement,6,3,3
blackmoore,288,shaman,enhancement,6,3,3
quelthalas,288,shaman,enhancement,6,3,3
stormreaver,288,shaman,enhancement,6,3,3
emeriss,288,shaman,enhancement,6,3,3
dun-modr,288,shaman,enhancement,6,3,3
sylvanas,288,shaman,enhancement,6,3,3
nemesis,288,shaman,enhancement,12,3,9
aegwynn,288,shaman,enhancement,12,3,9
twisting-nether,288,shaman,enhancement,12,3,9
archimonde,288,shaman,enhancement,12,3,9
twisting-nether,288,shaman,enhancement,12,3,9
chamber-of-aspects,288,shaman,enhancement,12,3,9
blackmoore,288,shaman,enhancement,12,3,9
aegwynn,287,shaman,enhancement,6,3,3
chamber-of-aspects,287,shaman,enhancement,6,3,3
amanthul,287,shaman,enhancement,6,3,3
dalaran,287,shaman,enhancement,6,3,3
nemesis,287,shaman,enhancement,6,3,3
pozzo-delleternità,287,shaman,enhancement,6,3,3
defias-brotherhood,286,shaman,enhancement,6,3,3
dun-modr,286,shaman,enhancement,6,3,3
archimonde,239,shaman,enhancement,5,3,2
balnazzar,223,shaman,enhancement,8,3,5
stormscale,223,shaman,enhancement,8,3,5
alleria,192,shaman,enhancement,6,2,4
magtheridon,192,shaman,enhancement,6,2,4
silvermoon,192,shaman,enhancement,6,2,4
stormscale,192,shaman,enhancement,6,2,4
bladefist,192,shaman,enhancement,6,2,4
stormscale,192,shaman,enhancement,6,2,4
blackscar,192,shaman,enhancement,6,2,4
blackscar,192,shaman,enhancement,6,2,4
twisting-nether,192,shaman,enhancement,6,2,4
shattered-hand,192,shaman,enhancement,6,2,4
tichondrius,192,shaman,enhancement,6,2,4
chamber-of-aspects,192,shaman,enhancement,6,2,4
burning-legion,192,shaman,enhancement,6,2,4
thrall,192,shaman,enhancement,6,2,4
darkspear,192,shaman,enhancement,6,2,4
archimonde,192,shaman,enhancement,6,2,4
blackmoore,192,shaman,enhancement,6,2,4
magtheridon,192,shaman,enhancement,6,2,4
ravencrest,192,shaman,enhancement,6,2,4
outland,192,shaman,enhancement,6,2,4
ragnaros,192,shaman,enhancement,6,2,4
agamaggan,192,shaman,enhancement,6,2,4
archimonde,192,shaman,enhancement,6,2,4
blackscar,192,shaman,enhancement,6,2,4
defias-brotherhood,192,shaman,enhancement,6,2,4
blackrock,192,shaman,enhancement,6,2,4
magtheridon,192,shaman,enhancement,6,2,4
ravencrest,192,shaman,enhancement,6,2,4
kazzak,192,shaman,enhancement,6,2,4
dalaran,192,shaman,enhancement,6,2,4
tarren-mill,192,shaman,enhancement,12,2,10
ravencrest,191,shaman,enhancement,6,2,4
blackhand,159,shaman,enhancement,5,2,3
amanthul,159,shaman,enhancement,5,2,3
alleria,159,shaman,enhancement,5,2,3
burning-legion,159,shaman,enhancement,8,3,5
drakthul,144,shaman,enhancement,3,3,0
howling-fjord,96,shaman,enhancement,6,1,5
stormscale,96,shaman,enhancement,6,1,5
stormscale,96,shaman,enhancement,6,1,5
tarren-mill,96,shaman,enhancement,6,1,5
antonidas,96,shaman,enhancement,6,1,5
twisting-nether,96,shaman,enhancement,6,1,5
draenor,96,shaman,enhancement,6,1,5
twisting-nether,96,shaman,enhancement,6,1,5
sanguino,96,shaman,enhancement,6,1,5
silvermoon,96,shaman,enhancement,6,1,5
kazzak,96,shaman,enhancement,6,1,5
blackmoore,96,shaman,enhancement,6,1,5
tarren-mill,96,shaman,enhancement,6,1,5
gordunni,96,shaman,enhancement,6,1,5
ravencrest,96,shaman,enhancement,6,1,5
eredar,96,shaman,enhancement,6,1,5
frostwolf,96,shaman,enhancement,6,1,5
tarren-mill,96,shaman,enhancement,6,1,5
lightbringer,96,shaman,enhancement,6,1,5
sanguino,96,shaman,enhancement,6,1,5
grom,96,shaman,enhancement,12,1,11
ysondre,95,shaman,enhancement,6,1,5
stormscale,79,shaman,enhancement,5,1,4
aegwynn,79,shaman,enhancement,5,1,4
ysondre,48,shaman,enhancement,3,1,2
outland,48,shaman,enhancement,3,1,2
kazzak,31,shaman,enhancement,2,1,1
blackrock,2205,warlock,demonology,84,48,36
draenor,2186,warlock,demonology,83,45,38
stormreaver,2154,warlock,demonology,91,51,40
ravencrest,2141,warlock,demonology,69,42,27
blackrock,2112,warlock,demonology,71,38,33
eversong,2086,warlock,demonology,96,53,43
doomhammer,2076,warlock,demonology,66,36,30
twisting-nether,2070,warlock,demonology,72,37,35
twisting-nether,2008,warlock,demonology,72,41,31
stormscale,2007,warlock,demonology,76,37,39
blackscar,1954,warlock,demonology,83,38,45
stormscale,1943,warlock,demonology,48,27,21
blackhand,1912,warlock,demonology,36,20,16
blackrock,1905,warlock,demonology,64,32,32
kazzak,1900,warlock,demonology,25,21,4
chogall,1893,warlock,demonology,52,31,21
kazzak,1875,warlock,demonology,60,33,27
twisting-nether,1860,warlock,demonology,36,22,14
sanguino,1854,warlock,demonology,54,31,23
grim-batol,1847,warlock,demonology,48,31,17
howling-fjord,1847,warlock,demonology,54,27,27
blackmoore,1844,warlock,demonology,36,24,12
argent-dawn,1839,warlock,demonology,36,27,9
grim-batol,1839,warlock,demonology,58,28,30
kazzak,1829,warlock,demonology,33,22,11
blackscar,1822,warlock,demonology,54,30,24
kazzak,1818,warlock,demonology,42,24,18
blackhand,1817,warlock,demonology,49,29,20
tarren-mill,1815,warlock,demonology,36,22,14
blackhand,1815,warlock,demonology,59,35,24
argent-dawn,1814,warlock,demonology,48,23,25
twisting-nether,1811,warlock,demonology,48,29,19
lightnings-blade,1810,warlock,demonology,48,26,22
stormscale,1806,warlock,demonology,66,34,32
antonidas,1802,warlock,demonology,48,25,23
gordunni,1788,warlock,demonology,40,23,17
sunstrider,1786,warlock,demonology,42,21,21
gordunni,1783,warlock,demonology,39,23,16
draenor,1760,warlock,demonology,42,25,17
tarren-mill,1752,warlock,demonology,36,20,16
howling-fjord,1740,warlock,demonology,161,88,73
twisting-nether,1730,warlock,demonology,30,22,8
gordunni,1716,warlock,demonology,30,18,12
outland,1712,warlock,demonology,30,21,9
howling-fjord,1711,warlock,demonology,75,33,42
silvermoon,1708,warlock,demonology,96,54,42
silvermoon,1708,warlock,demonology,42,23,19
stormscale,1703,warlock,demonology,42,22,20
burning-legion,1699,warlock,demonology,66,36,30
kazzak,1696,warlock,demonology,72,33,39
sylvanas,1686,warlock,demonology,36,23,13
burning-legion,1682,warlock,demonology,43,23,20
howling-fjord,1682,warlock,demonology,35,18,17
argent-dawn,1676,warlock,demonology,30,19,11
perenolde,1668,warlock,demonology,124,65,59
hyjal,1661,warlock,demonology,34,21,13
thrall,1655,warlock,demonology,30,21,9
tarren-mill,1649,warlock,demonology,44,21,23
tarren-mill,1645,warlock,demonology,36,23,13
draenor,1630,warlock,demonology,36,20,16
hyjal,1626,warlock,demonology,18,17,1
outland,1625,warlock,demonology,36,17,19
aegwynn,1623,warlock,demonology,36,17,19
howling-fjord,1620,warlock,demonology,36,17,19
draenor,1618,warlock,demonology,53,29,24
ravencrest,1617,warlock,demonology,36,17,19
draenor,1611,warlock,demonology,44,19,25
tarren-mill,1608,warlock,demonology,36,22,14
tichondrius,1602,warlock,demonology,42,32,10
garona,1601,warlock,demonology,30,19,11
draenor,1601,warlock,demonology,30,19,11
ravenholdt,1599,warlock,demonology,60,32,28
mannoroth,1595,warlock,demonology,33,18,15
tarren-mill,1593,warlock,demonology,122,54,68
howling-fjord,1577,warlock,demonology,150,79,71
destromath,1574,warlock,demonology,48,27,21
soulflayer,1567,warlock,demonology,54,26,28
tarren-mill,1566,warlock,demonology,84,32,52
twisting-nether,1565,warlock,demonology,30,17,13
argent-dawn,1564,warlock,demonology,36,19,17
aegwynn,1558,warlock,demonology,40,22,18
frostwolf,1553,warlock,demonology,53,32,21
doomhammer,1539,warlock,demonology,94,51,43
ravencrest,1535,warlock,demonology,30,16,14
stormscale,1534,warlock,demonology,24,16,8
ravencrest,1534,warlock,demonology,30,16,14
turalyon,1526,warlock,demonology,150,78,72
sylvanas,1523,warlock,demonology,24,16,8
kelthuzad,1521,warlock,demonology,30,16,14
ragnaros,1520,warlock,demonology,46,25,21
frostwolf,1517,warlock,demonology,27,17,10
defias-brotherhood,1507,warlock,demonology,42,21,21
eredar,1498,warlock,demonology,30,16,14
blackhand,1494,warlock,demonology,27,17,10
twisting-nether,1477,warlock,demonology,45,22,23
kazzak,1439,warlock,demonology,24,15,9
gordunni,1438,warlock,demonology,24,15,9
archimonde,1438,warlock,demonology,30,15,15
kazzak,1436,warlock,demonology,24,15,9
senjin,1435,warlock,demonology,30,15,15
outland,1427,warlock,demonology,36,15,21
tarren-mill,1425,warlock,demonology,58,23,35
argent-dawn,1391,warlock,demonology,48,25,23
tarren-mill,1374,warlock,demonology,38,15,23
kazzak,1357,warlock,demonology,27,16,11
kazzak,1345,warlock,demonology,24,15,9
anetheron,1331,warlock,demonology,28,15,13
blackscar,1327,warlock,demonology,18,14,4
turalyon,1326,warlock,demonology,97,55,42
cthun,1311,warlock,demonology,24,14,10
archimonde,1285,warlock,demonology,73,34,39
howling-fjord,1283,warlock,demonology,45,23,22
blackmoore,1257,warlock,demonology,23,14,9
blackscar,1256,warlock,demonology,42,18,24
ragnaros,1245,warlock,demonology,18,13,5
ysondre,1245,warlock,demonology,24,13,11
howling-fjord,1241,warlock,demonology,21,13,8
draenor,1241,warlock,demonology,24,13,11
blackhand,1237,warlock,demonology,18,13,5
ravencrest,1237,warlock,demonology,24,13,11
gordunni,1237,warlock,demonology,24,13,11
silvermoon,1234,warlock,demonology,25,14,11
blackhand,1221,warlock,demonology,18,13,5
argent-dawn,1179,warlock,demonology,28,13,15
twisting-nether,1152,warlock,demonology,18,12,6
shattered-hand,1152,warlock,demonology,18,12,6
grim-batol,1152,warlock,demonology,18,12,6
onyxia,1152,warlock,demonology,24,12,12
deathweaver,1151,warlock,demonology,18,12,6
gordunni,1150,warlock,demonology,18,12,6
sanguino,1150,warlock,demonology,18,12,6
soulflayer,1149,warlock,demonology,30,12,18
antonidas,1142,warlock,demonology,18,12,6
dun-modr,1132,warlock,demonology,18,12,6
soulflayer,1119,warlock,demonology,23,12,11
blackmoore,1112,warlock,demonology,22,12,10
tichondrius,1101,warlock,demonology,23,12,11
blackmoore,1100,warlock,demonology,17,12,5
burning-legion,1056,warlock,demonology,18,11,7
tarren-mill,1055,warlock,demonology,12,11,1
antonidas,1055,warlock,demonology,18,11,7
stormscale,1054,warlock,demonology,18,11,7
thrall,1054,warlock,demonology,18,11,7
archimonde,1054,warlock,demonology,18,11,7
stormreaver,1042,warlock,demonology,24,11,13
earthen-ring,1038,warlock,demonology,23,11,12
stormrage,1016,warlock,demonology,17,11,6
eredar,975,warlock,demonology,19,11,8
nemesis,960,warlock,demonology,12,10,2
draenor,960,warlock,demonology,24,10,14
blackmoore,959,warlock,demonology,24,10,14
gordunni,958,warlock,demonology,18,10,8
stormscale,958,warlock,demonology,18,10,8
gordunni,943,warlock,demonology,23,10,13
bladefist,940,warlock,demonology,35,10,25
alleria,926,warlock,demonology,17,10,7
ravencrest,896,warlock,demonology,16,10,6
hyjal,864,warlock,demonology,12,9,3
ravencrest,864,warlock,demonology,12,9,3
bladefist,864,warlock,demonology,12,9,3
frostwolf,864,warlock,demonology,12,9,3
silvermoon,864,warlock,demonology,12,9,3
outland,864,warlock,demonology,18,9,9
blackmoore,864,warlock,demonology,18,9,9
draenor,864,warlock,demonology,18,9,9
azjolnerub,863,warlock,demonology,12,9,3
twisting-nether,863,warlock,demonology,18,9,9
twisting-nether,863,warlock,demonology,18,9,9
sylvanas,863,warlock,demonology,24,9,15
ysondre,861,warlock,demonology,18,9,9
auchindoun,858,warlock,demonology,18,9,9
soulflayer,831,warlock,demonology,17,9,8
soulflayer,799,warlock,demonology,16,9,7
deathweaver,768,warlock,demonology,12,8,4
ashenvale,768,warlock,demonology,12,8,4
blackhand,768,warlock,demonology,12,8,4
eredar,768,warlock,demonology,12,8,4
ravencrest,768,warlock,demonology,12,8,4
blackrock,768,warlock,demonology,12,8,4
stormscale,768,warlock,demonology,12,8,4
doomhammer,768,warlock,demonology,18,8,10
blackmoore,768,warlock,demonology,18,8,10
stormscale,768,warlock,demonology,18,8,10
ravencrest,768,warlock,demonology,18,8,10
kazzak,765,warlock,demonology,12,8,4
ragnaros,765,warlock,demonology,18,8,10
soulflayer,761,warlock,demonology,22,11,11
blackmoore,760,warlock,demonology,12,8,4
gordunni,703,warlock,demonology,17,8,9
dun-modr,672,warlock,demonology,12,7,5
ravencrest,672,warlock,demonology,12,7,5
blackscar,672,warlock,demonology,12,7,5
kazzak,672,warlock,demonology,12,7,5
draenor,672,warlock,demonology,12,7,5
blackhand,672,warlock,demonology,12,7,5
sanguino,672,warlock,demonology,12,7,5
archimonde,672,warlock,demonology,12,7,5
archimonde,672,warlock,demonology,12,7,5
argent-dawn,672,warlock,demonology,12,7,5
archimonde,672,warlock,demonology,12,7,5
argent-dawn,672,warlock,demonology,18,7,11
draenor,671,warlock,demonology,24,7,17
soulflayer,670,warlock,demonology,18,7,11
draenor,655,warlock,demonology,17,7,10
azjolnerub,623,warlock,demonology,15,7,8
gordunni,576,warlock,demonology,6,6,0
ysondre,576,warlock,demonology,6,6,0
blackrock,576,warlock,demonology,6,6,0
draenor,576,warlock,demonology,6,6,0
kazzak,576,warlock,demonology,10,7,3
drakthul,576,warlock,demonology,12,6,6
silvermoon,576,warlock,demonology,12,6,6
antonidas,576,warlock,demonology,12,6,6
silvermoon,576,warlock,demonology,12,6,6
howling-fjord,576,warlock,demonology,12,6,6
soulflayer,576,warlock,demonology,12,6,6
fordragon,576,warlock,demonology,12,6,6
burning-blade,576,warlock,demonology,12,6,6
tarren-mill,576,warlock,demonology,12,6,6
archimonde,576,warlock,demonology,12,6,6
soulflayer,576,warlock,demonology,12,6,6
silvermoon,576,warlock,demonology,12,6,6
eredar,576,warlock,demonology,12,6,6
gordunni,576,warlock,demonology,12,6,6
burning-legion,576,warlock,demonology,12,6,6
deathguard,576,warlock,demonology,12,6,6
blackrock,576,warlock,demonology,12,6,6
blackmoore,576,warlock,demonology,12,6,6
blackrock,576,warlock,demonology,18,6,12
jaedenar,576,warlock,demonology,18,6,12
blackrock,575,warlock,demonology,10,7,3
arathor,575,warlock,demonology,12,6,6
blackrock,575,warlock,demonology,18,6,12
outland,573,warlock,demonology,15,6,9
turalyon,568,warlock,demonology,14,9,5
stormscale,559,warlock,demonology,17,6,11
aegwynn,480,warlock,demonology,6,5,1
frostwolf,480,warlock,demonology,6,5,1
theradras,480,warlock,demonology,6,5,1
sanguino,480,warlock,demonology,6,5,1
blackmoore,480,warlock,demonology,6,5,1
bloodfeather,480,warlock,demonology,6,5,1
soulflayer,480,warlock,demonology,6,5,1
draenor,480,warlock,demonology,6,5,1
draenor,480,warlock,demonology,6,5,1
ysondre,480,warlock,demonology,12,5,7
frostwolf,480,warlock,demonology,12,5,7
culte-de-la-rive-noire,480,warlock,demonology,12,5,7
blackrock,480,warlock,demonology,12,5,7
drakthul,480,warlock,demonology,12,5,7
archimonde,480,warlock,demonology,12,5,7
archimonde,480,warlock,demonology,12,5,7
blackrock,480,warlock,demonology,13,5,8
dun-modr,480,warlock,demonology,18,5,13
blackhand,479,warlock,demonology,6,5,1
neptulon,479,warlock,demonology,6,5,1
ravencrest,479,warlock,demonology,6,5,1
azshara,479,warlock,demonology,14,7,7
draenor,400,warlock,demonology,7,5,2
zuluhed,399,warlock,demonology,7,5,2
elune,384,warlock,demonology,6,4,2
thrall,384,warlock,demonology,6,4,2
drekthar,384,warlock,demonology,6,4,2
draenor,384,warlock,demonology,6,4,2
nemesis,384,warlock,demonology,6,4,2
twisting-nether,384,warlock,demonology,6,4,2
silvermoon,384,warlock,demonology,6,4,2
stormscale,384,warlock,demonology,6,4,2
sanguino,384,warlock,demonology,6,4,2
burning-legion,384,warlock,demonology,6,4,2
uldum,384,warlock,demonology,6,4,2
kazzak,384,warlock,demonology,6,4,2
ravencrest,384,warlock,demonology,6,4,2
sanguino,384,warlock,demonology,6,4,2
outland,384,warlock,demonology,6,4,2
ragnaros,384,warlock,demonology,6,4,2
tarren-mill,384,warlock,demonology,6,4,2
tarren-mill,384,warlock,demonology,6,4,2
magtheridon,384,warlock,demonology,6,4,2
antonidas,384,warlock,demonology,6,4,2
stormscale,384,warlock,demonology,6,4,2
twisting-nether,384,warlock,demonology,6,4,2
drakthul,384,warlock,demonology,6,4,2
gordunni,384,warlock,demonology,9,5,4
blackmoore,384,warlock,demonology,12,4,8
hyjal,384,warlock,demonology,12,4,8
ragnaros,384,warlock,demonology,12,4,8
quelthalas,384,warlock,demonology,12,4,8
argent-dawn,384,warlock,demonology,12,4,8
kazzak,384,warlock,demonology,12,4,8
gordunni,384,warlock,demonology,12,4,8
exodar,382,warlock,demonology,6,4,2
hellfire,367,warlock,demonology,11,4,7
dethecus,351,warlock,demonology,11,4,7
argent-dawn,329,warlock,demonology,13,5,8
archimonde,288,warlock,demonology,6,3,3
stormscale,288,warlock,demonology,6,3,3
stormscale,288,warlock,demonology,6,3,3
darksorrow,288,warlock,demonology,6,3,3
hyjal,288,warlock,demonology,6,3,3
kilrogg,288,warlock,demonology,6,3,3
stormreaver,288,warlock,demonology,6,3,3
perenolde,288,warlock,demonology,6,3,3
tarren-mill,288,warlock,demonology,6,3,3
malganis,288,warlock,demonology,6,3,3
blackhand,288,warlock,demonology,6,3,3
blackrock,288,warlock,demonology,6,3,3
borean-tundra,288,warlock,demonology,6,3,3
nathrezim,288,warlock,demonology,6,3,3
sanguino,288,warlock,demonology,6,3,3
blackmoore,288,warlock,demonology,6,3,3
kazzak,288,warlock,demonology,6,3,3
kazzak,288,warlock,demonology,6,3,3
eredar,288,warlock,demonology,6,3,3
blackmoore,288,warlock,demonology,6,3,3
eredar,288,warlock,demonology,6,3,3
draenor,288,warlock,demonology,6,3,3
howling-fjord,288,warlock,demonology,6,3,3
quelthalas,288,warlock,demonology,6,3,3
moonglade,288,warlock,demonology,6,3,3
the-maelstrom,288,warlock,demonology,6,3,3
frostwhisper,288,warlock,demonology,6,3,3
silvermoon,288,warlock,demonology,9,4,5
ravencrest,288,warlock,demonology,7,3,4
illidan,288,warlock,demonology,10,3,7
hyjal,288,warlock,demonology,12,3,9
stormscale,288,warlock,demonology,12,3,9
argent-dawn,288,warlock,demonology,12,3,9
ragnaros,288,warlock,demonology,12,3,9
sanguino,288,warlock,demonology,12,3,9
argent-dawn,288,warlock,demonology,18,3,15
blackmoore,287,warlock,demonology,6,3,3
korgall,239,warlock,demonology,5,3,2
aegwynn,239,warlock,demonology,5,3,2
ravencrest,192,warlock,demonology,6,2,4
eredar,192,warlock,demonology,6,2,4
ravencrest,192,warlock,demonology,6,2,4
soulflayer,192,warlock,demonology,6,2,4
ravencrest,192,warlock,demonology,6,2,4
sanguino,192,warlock,demonology,6,2,4
stormscale,192,warlock,demonology,6,2,4
doomhammer,192,warlock,demonology,6,2,4
zirkel-des-cenarius,192,warlock,demonology,6,2,4
ravencrest,192,warlock,demonology,6,2,4
silvermoon,192,warlock,demonology,6,2,4
tarren-mill,192,warlock,demonology,6,2,4
archimonde,192,warlock,demonology,6,2,4
ysondre,192,warlock,demonology,6,2,4
draenor,192,warlock,demonology,6,2,4
argent-dawn,192,warlock,demonology,6,2,4
uldum,192,warlock,demonology,7,2,5
thrall,159,warlock,demonology,5,2,3
burning-legion,96,warlock,demonology,6,1,5
thunderhorn,96,warlock,demonology,6,1,5
blackrock,96,warlock,demonology,6,1,5
twisting-nether,96,warlock,demonology,6,1,5
gorgonnash,96,warlock,demonology,6,1,5
stormscale,96,warlock,demonology,6,1,5
stormreaver,96,warlock,demonology,6,1,5
tarren-mill,96,warlock,demonology,6,1,5
thrall,96,warlock,demonology,6,1,5
draenor,96,warlock,demonology,6,1,5
fordragon,31,warlock,demonology,2,1,1
nemesis,31,warlock,demonology,2,1,1
sanguino,16,warlock,demonology,1,1,0
ravencrest,2339,warlock,destruction,69,52,17
aegwynn,2276,warlock,destruction,83,53,30
stormscale,2269,warlock,destruction,90,55,35
stormscale,2231,warlock,destruction,71,46,25
howling-fjord,2206,warlock,destruction,90,52,38
twisting-nether,2140,warlock,destruction,54,43,11
blackscar,2135,warlock,destruction,36,30,6
twisting-nether,2130,warlock,destruction,54,37,17
stormreaver,2123,warlock,destruction,66,45,21
outland,2119,warlock,destruction,92,68,24
stormscale,2109,warlock,destruction,36,29,7
nagrand,2109,warlock,destruction,72,38,34
ravencrest,2103,warlock,destruction,85,49,36
hyjal,2103,warlock,destruction,77,43,34
drakthul,2096,warlock,destruction,42,29,13
twisting-nether,2075,warlock,destruction,67,43,24
burning-legion,2061,warlock,destruction,72,41,31
stormscale,2047,warlock,destruction,141,78,63
twisting-nether,2046,warlock,destruction,54,31,23
gordunni,2032,warlock,destruction,36,30,6
draenor,2026,warlock,destruction,113,65,48
malganis,2022,warlock,destruction,72,46,26
soulflayer,2021,warlock,destruction,47,37,10
tarren-mill,2015,warlock,destruction,60,35,25
dun-modr,2010,warlock,destruction,36,29,7
howling-fjord,2008,warlock,destruction,60,32,28
stormscale,2007,warlock,destruction,72,38,34
blackrock,1993,warlock,destruction,48,31,17
ravencrest,1986,warlock,destruction,48,31,17
stormscale,1979,warlock,destruction,48,27,21
howling-fjord,1976,warlock,destruction,66,39,27
gordunni,1974,warlock,destruction,48,30,18
burning-legion,1972,warlock,destruction,54,35,19
dunemaul,1972,warlock,destruction,63,37,26
ravencrest,1970,warlock,destruction,60,39,21
tarren-mill,1966,warlock,destruction,60,34,26
gordunni,1960,warlock,destruction,42,27,15
howling-fjord,1955,warlock,destruction,41,21,20
gordunni,1954,warlock,destruction,66,35,31
twilights-hammer,1950,warlock,destruction,60,34,26
stormreaver,1948,warlock,destruction,48,28,20
gordunni,1942,warlock,destruction,73,38,35
dun-modr,1941,warlock,destruction,36,24,12
galakrond,1934,warlock,destruction,57,34,23
magtheridon,1932,warlock,destruction,60,40,20
blackmoore,1930,warlock,destruction,36,24,12
kazzak,1924,warlock,destruction,54,33,21
argent-dawn,1921,warlock,destruction,54,35,19
twisting-nether,1916,warlock,destruction,81,48,33
twisting-nether,1910,warlock,destruction,64,33,31
stormscale,1908,warlock,destruction,42,30,12
blackrock,1904,warlock,destruction,48,32,16
kargath,1896,warlock,destruction,95,59,36
outland,1889,warlock,destruction,54,29,25
norgannon,1885,warlock,destruction,58,33,25
blackhand,1881,warlock,destruction,42,29,13
tarren-mill,1880,warlock,destruction,54,23,31
stormscale,1879,warlock,destruction,64,37,27
tarren-mill,1878,warlock,destruction,36,22,14
twisting-nether,1877,warlock,destruction,36,22,14
gordunni,1873,warlock,destruction,47,32,15
argent-dawn,1871,warlock,destruction,54,31,23
tarren-mill,1870,warlock,destruction,42,28,14
aegwynn,1870,warlock,destruction,48,26,22
blackrock,1869,warlock,destruction,36,28,8
dunemaul,1867,warlock,destruction,106,53,53
howling-fjord,1866,warlock,destruction,68,51,17
archimonde,1865,warlock,destruction,36,27,9
draenor,1865,warlock,destruction,58,34,24
sylvanas,1865,warlock,destruction,60,33,27
kazzak,1864,warlock,destruction,54,32,22
hyjal,1863,warlock,destruction,36,24,12
ysondre,1863,warlock,destruction,60,39,21
kazzak,1863,warlock,destruction,48,29,19
hyjal,1857,warlock,destruction,41,32,9
ravencrest,1857,warlock,destruction,54,28,26
archimonde,1856,warlock,destruction,101,65,36
tarren-mill,1854,warlock,destruction,132,81,51
hyjal,1853,warlock,destruction,41,31,10
der-rat-von-dalaran,1853,warlock,destruction,96,48,48
gordunni,1852,warlock,destruction,54,30,24
rexxar,1852,warlock,destruction,48,20,28
archimonde,1851,warlock,destruction,78,52,26
draenor,1850,warlock,destruction,116,71,45
gordunni,1850,warlock,destruction,36,21,15
howling-fjord,1847,warlock,destruction,42,26,16
ravencrest,1847,warlock,destruction,54,33,21
tyrande,1847,warlock,destruction,72,38,34
blackscar,1846,warlock,destruction,42,22,20
blackrock,1844,warlock,destruction,48,24,24
stormscale,1839,warlock,destruction,32,23,9
ravencrest,1839,warlock,destruction,36,23,13
argent-dawn,1839,warlock,destruction,75,35,40
twisting-nether,1836,warlock,destruction,66,30,36
blackscar,1835,warlock,destruction,42,23,19
silvermoon,1831,warlock,destruction,124,71,53
twisting-nether,1830,warlock,destruction,30,23,7
tarren-mill,1828,warlock,destruction,30,23,7
archimonde,1827,warlock,destruction,48,23,25
outland,1823,warlock,destruction,33,21,12
kazzak,1823,warlock,destruction,48,29,19
ravencrest,1822,warlock,destruction,54,31,23
blackrock,1818,warlock,destruction,30,19,11
durotan,1817,warlock,destruction,66,35,31
twisting-nether,1816,warlock,destruction,24,19,5
ragnaros,1815,warlock,destruction,36,22,14
kazzak,1815,warlock,destruction,36,19,17
draenor,1814,warlock,destruction,66,31,35
blackhand,1813,warlock,destruction,30,19,11
frostwolf,1811,warlock,destruction,36,23,13
hellscream,1809,warlock,destruction,24,19,5
tarren-mill,1809,warlock,destruction,36,23,13
kazzak,1806,warlock,destruction,53,27,26
wildhammer,1805,warlock,destruction,48,36,12
sylvanas,1804,warlock,destruction,23,20,3
twisting-nether,1803,warlock,destruction,60,30,30
ravencrest,1802,warlock,destruction,39,25,14
burning-legion,1802,warlock,destruction,42,22,20
zirkel-des-cenarius,1801,warlock,destruction,47,28,19
howling-fjord,1800,warlock,destruction,36,28,8
kazzak,1800,warlock,destruction,65,39,26
kazzak,1792,warlock,destruction,36,28,8
drakthul,1788,warlock,destruction,46,26,20
gordunni,1787,warlock,destruction,57,33,24
tarren-mill,1787,warlock,destruction,90,48,42
gordunni,1786,warlock,destruction,35,24,11
ravencrest,1785,warlock,destruction,99,59,40
stormscale,1781,warlock,destruction,36,25,11
frostwhisper,1780,warlock,destruction,30,21,9
blackhand,1775,warlock,destruction,42,26,16
argent-dawn,1773,warlock,destruction,74,44,30
burning-legion,1766,warlock,destruction,167,90,77
antonidas,1761,warlock,destruction,36,26,10
sanguino,1757,warlock,destruction,84,38,46
eredar,1756,warlock,destruction,44,26,18
sylvanas,1756,warlock,destruction,83,48,35
argent-dawn,1755,warlock,destruction,67,40,27
ragnaros,1750,warlock,destruction,42,25,17
howling-fjord,1749,warlock,destruction,45,31,14
outland,1745,warlock,destruction,44,28,16
stormscale,1743,warlock,destruction,27,20,7
drekthar,1743,warlock,destruction,36,21,15
blackrock,1736,warlock,destruction,30,19,11
soulflayer,1736,warlock,destruction,60,30,30
draenor,1734,warlock,destruction,115,73,42
thermaplugg,1731,warlock,destruction,42,25,17
gordunni,1729,warlock,destruction,30,22,8
stormscale,1727,warlock,destruction,45,33,12
the-maelstrom,1726,warlock,destruction,48,26,22
kazzak,1724,warlock,destruction,30,18,12
tarren-mill,1722,warlock,destruction,41,19,22
blackmoore,1720,warlock,destruction,42,28,14
wildhammer,1718,warlock,destruction,114,58,56
hyjal,1715,warlock,destruction,43,23,20
kazzak,1712,warlock,destruction,77,38,39
kazzak,1708,warlock,destruction,48,29,19
ysondre,1707,warlock,destruction,38,23,15
silvermoon,1706,warlock,destruction,30,18,12
archimonde,1706,warlock,destruction,72,34,38
argent-dawn,1705,warlock,destruction,84,46,38
deathguard,1704,warlock,destruction,36,21,15
kazzak,1703,warlock,destruction,116,65,51
tarren-mill,1700,warlock,destruction,48,28,20
twilights-hammer,1696,warlock,destruction,36,22,14
kazzak,1696,warlock,destruction,42,24,18
blackmoore,1694,warlock,destruction,50,29,21
ravencrest,1692,warlock,destruction,60,33,27
twisting-nether,1688,warlock,destruction,42,21,21
terokkar,1679,warlock,destruction,42,25,17
silvermoon,1677,warlock,destruction,42,23,19
kazzak,1676,warlock,destruction,30,22,8
stormscale,1675,warlock,destruction,27,18,9
kazzak,1673,warlock,destruction,24,18,6
defias-brotherhood,1671,warlock,destruction,35,22,13
medivh,1669,warlock,destruction,48,27,21
frostmane,1668,warlock,destruction,66,31,35
malganis,1662,warlock,destruction,42,22,20
ravencrest,1655,warlock,destruction,48,26,22
burning-legion,1653,warlock,destruction,40,24,16
gordunni,1652,warlock,destruction,38,21,17
drakthul,1651,warlock,destruction,42,23,19
amanthul,1648,warlock,destruction,72,40,32
argent-dawn,1646,warlock,destruction,29,18,11
twisting-nether,1645,warlock,destruction,29,19,10
malganis,1645,warlock,destruction,43,24,19
destromath,1642,warlock,destruction,36,20,16
sylvanas,1641,warlock,destruction,41,19,22
aegwynn,1639,warlock,destruction,30,19,11
kazzak,1638,warlock,destruction,41,23,18
nemesis,1638,warlock,destruction,58,32,26
nagrand,1637,warlock,destruction,50,29,21
aegwynn,1636,warlock,destruction,30,22,8
ravencrest,1636,warlock,destruction,30,19,11
tarren-mill,1635,warlock,destruction,30,21,9
howling-fjord,1628,warlock,destruction,29,18,11
blackmoore,1627,warlock,destruction,46,26,20
eredar,1626,warlock,destruction,36,22,14
tarren-mill,1624,warlock,destruction,66,34,32
aggra-português,1622,warlock,destruction,30,17,13
ravencrest,1622,warlock,destruction,30,17,13
stormscale,1620,warlock,destruction,36,17,19
argent-dawn,1619,warlock,destruction,30,18,12
draenor,1619,warlock,destruction,30,17,13
minahonda,1615,warlock,destruction,27,18,9
scarshield-legion,1614,warlock,destruction,24,17,7
sanguino,1614,warlock,destruction,35,18,17
tarren-mill,1609,warlock,destruction,46,31,15
draenor,1609,warlock,destruction,66,37,29
blackmoore,1609,warlock,destruction,39,20,19
argent-dawn,1608,warlock,destruction,71,43,28
silvermoon,1606,warlock,destruction,41,22,19
blackrock,1605,warlock,destruction,24,19,5
outland,1600,warlock,destruction,79,44,35
dun-modr,1599,warlock,destruction,70,32,38
outland,1598,warlock,destruction,36,21,15
lordaeron,1595,warlock,destruction,30,19,11
tarren-mill,1592,warlock,destruction,25,18,7
tarren-mill,1589,warlock,destruction,24,17,7
stormscale,1588,warlock,destruction,36,17,19
ravencrest,1586,warlock,destruction,72,36,36
archimonde,1583,warlock,destruction,42,19,23
eredar,1577,warlock,destruction,66,32,34
outland,1570,warlock,destruction,42,18,24
tarren-mill,1565,warlock,destruction,59,35,24
malorne,1563,warlock,destruction,42,29,13
la-croisade-écarlate,1562,warlock,destruction,54,26,28
silvermoon,1561,warlock,destruction,60,32,28
twisting-nether,1559,warlock,destruction,41,17,24
archimonde,1557,warlock,destruction,42,22,20
silvermoon,1550,warlock,destruction,36,17,19
draenor,1544,warlock,destruction,30,19,11
archimonde,1541,warlock,destruction,36,18,18
kazzak,1538,warlock,destruction,56,37,19
uldum,1538,warlock,destruction,54,27,27
ragnaros,1537,warlock,destruction,24,17,7
draenor,1537,warlock,destruction,85,44,41
howling-fjord,1536,warlock,destruction,58,35,23
kazzak,1535,warlock,destruction,24,16,8
ravencrest,1535,warlock,destruction,24,16,8
kazzak,1535,warlock,destruction,30,17,13
outland,1532,warlock,destruction,24,16,8
archimonde,1531,warlock,destruction,30,16,14
kazzak,1530,warlock,destruction,30,16,14
draenor,1529,warlock,destruction,24,16,8
aegwynn,1529,warlock,destruction,40,18,22
archimonde,1528,warlock,destruction,24,16,8
aegwynn,1528,warlock,destruction,36,19,17
zuljin,1527,warlock,destruction,42,25,17
ysondre,1527,warlock,destruction,30,16,14
kazzak,1522,warlock,destruction,90,47,43
howling-fjord,1521,warlock,destruction,56,29,27
draenor,1519,warlock,destruction,52,31,21
bladefist,1519,warlock,destruction,63,29,34
defias-brotherhood,1518,warlock,destruction,24,16,8
kazzak,1518,warlock,destruction,34,17,17
twisting-nether,1515,warlock,destruction,109,59,50
kazzak,1513,warlock,destruction,30,16,14
kazzak,1510,warlock,destruction,24,16,8
burning-legion,1508,warlock,destruction,48,23,25
stormreaver,1507,warlock,destruction,30,18,12
sargeras,1507,warlock,destruction,205,101,104
twilights-hammer,1502,warlock,destruction,31,23,8
elune,1498,warlock,destruction,48,25,23
drakthul,1498,warlock,destruction,51,26,25
hyjal,1498,warlock,destruction,36,17,19
blackrock,1496,warlock,destruction,36,18,18
the-maelstrom,1493,warlock,destruction,72,34,38
dalaran,1486,warlock,destruction,41,16,25
archimonde,1463,warlock,destruction,42,24,18
argent-dawn,1459,warlock,destruction,32,18,14
twisting-nether,1447,warlock,destruction,30,18,12
blackhand,1446,warlock,destruction,31,19,12
the-maelstrom,1446,warlock,destruction,40,21,19
sunstrider,1445,warlock,destruction,36,18,18
eredar,1439,warlock,destruction,18,15,3
blackmoore,1438,warlock,destruction,24,15,9
draenor,1438,warlock,destruction,30,15,15
tarren-mill,1437,warlock,destruction,30,15,15
blackrock,1436,warlock,destruction,24,15,9
eredar,1432,warlock,destruction,30,15,15
draenor,1430,warlock,destruction,18,15,3
tarren-mill,1430,warlock,destruction,42,19,23
dun-modr,1427,warlock,destruction,24,15,9
stormscale,1427,warlock,destruction,115,55,60
argent-dawn,1426,warlock,destruction,39,30,9
ghostlands,1424,warlock,destruction,28,16,12
ravencrest,1422,warlock,destruction,36,19,17
outland,1420,warlock,destruction,30,15,15
twisting-nether,1412,warlock,destruction,33,16,17
ashenvale,1410,warlock,destruction,66,35,31
hyjal,1406,warlock,destruction,30,16,14
tarren-mill,1404,warlock,destruction,24,16,8
thrall,1403,warlock,destruction,36,19,17
nemesis,1398,warlock,destruction,33,16,17
tarren-mill,1384,warlock,destruction,42,26,16
cthun,1379,warlock,destruction,59,31,28
kazzak,1378,warlock,destruction,42,23,19
blackrock,1377,warlock,destruction,84,39,45
alakir,1373,warlock,destruction,69,33,36
ravencrest,1368,warlock,destruction,28,15,13
trollbane,1364,warlock,destruction,60,22,38
hyjal,1363,warlock,destruction,42,19,23
ravencrest,1361,warlock,destruction,23,15,8
outland,1361,warlock,destruction,60,27,33
outland,1344,warlock,destruction,24,14,10
the-maelstrom,1344,warlock,destruction,24,14,10
drakthul,1343,warlock,destruction,18,14,4
blackrock,1343,warlock,destruction,24,14,10
argent-dawn,1343,warlock,destruction,24,14,10
howling-fjord,1343,warlock,destruction,28,14,14
blackmoore,1342,warlock,destruction,18,14,4
ravencrest,1341,warlock,destruction,18,14,4
khaz-modan,1341,warlock,destruction,27,16,11
blackmoore,1340,warlock,destruction,18,14,4
blackmoore,1340,warlock,destruction,24,14,10
sylvanas,1339,warlock,destruction,36,24,12
bloodhoof,1338,warlock,destruction,22,15,7
blackrock,1338,warlock,destruction,24,14,10
kazzak,1338,warlock,destruction,30,14,16
drakthul,1337,warlock,destruction,28,15,13
howling-fjord,1337,warlock,destruction,36,14,22
sanguino,1334,warlock,destruction,30,14,16
ravencrest,1330,warlock,destruction,18,14,4
tarren-mill,1329,warlock,destruction,24,14,10
silvermoon,1327,warlock,destruction,24,14,10
eredar,1321,warlock,destruction,49,31,18
blackmoore,1317,warlock,destruction,34,23,11
tarren-mill,1317,warlock,destruction,24,14,10
silvermoon,1316,warlock,destruction,48,19,29
ravencrest,1314,warlock,destruction,30,14,16
tarren-mill,1313,warlock,destruction,21,15,6
soulflayer,1313,warlock,destruction,24,14,10
runetotem,1307,warlock,destruction,108,52,56
tarren-mill,1305,warlock,destruction,36,14,22
dalaran,1302,warlock,destruction,30,18,12
darksorrow,1298,warlock,destruction,36,15,21
sanguino,1289,warlock,destruction,28,17,11
ragnaros,1288,warlock,destruction,43,21,22
zuljin,1275,warlock,destruction,35,19,16
kazzak,1275,warlock,destruction,30,16,14
korgall,1272,warlock,destruction,22,14,8
ravencrest,1263,warlock,destruction,30,14,16
burning-legion,1251,warlock,destruction,25,14,11
drakthul,1248,warlock,destruction,18,13,5
stormscale,1248,warlock,destruction,18,13,5
tarren-mill,1248,warlock,destruction,24,13,11
stormscale,1248,warlock,destruction,24,13,11
tarren-mill,1248,warlock,destruction,24,13,11
outland,1248,warlock,destruction,24,13,11
draenor,1247,warlock,destruction,24,13,11
twisting-nether,1247,warlock,destruction,24,13,11
blackhand,1247,warlock,destruction,24,13,11
silvermoon,1246,warlock,destruction,18,13,5
stormreaver,1246,warlock,destruction,24,13,11
saurfang,1246,warlock,destruction,24,13,11
stormscale,1246,warlock,destruction,35,18,17
alleria,1245,warlock,destruction,24,13,11
kiljaeden,1245,warlock,destruction,30,13,17
silvermoon,1243,warlock,destruction,24,13,11
tarren-mill,1243,warlock,destruction,30,13,17
sanguino,1241,warlock,destruction,18,13,5
anetheron,1239,warlock,destruction,28,14,14
gorgonnash,1238,warlock,destruction,18,13,5
soulflayer,1237,warlock,destruction,18,13,5
hyjal,1235,warlock,destruction,30,13,17
blackscar,1230,warlock,destruction,24,14,10
hyjal,1230,warlock,destruction,24,13,11
stormscale,1228,warlock,destruction,24,13,11
blackmoore,1219,warlock,destruction,30,13,17
arathor,1215,warlock,destruction,20,14,6
tarren-mill,1211,warlock,destruction,37,22,15
twisting-nether,1205,warlock,destruction,83,39,44
hyjal,1198,warlock,destruction,23,13,10
tarren-mill,1197,warlock,destruction,21,14,7
blackmoore,1192,warlock,destruction,28,16,12
doomhammer,1187,warlock,destruction,59,33,26
blackhand,1183,warlock,destruction,24,15,9
drakthul,1167,warlock,destruction,17,13,4
shadowsong,1162,warlock,destruction,23,13,10
tarren-mill,1152,warlock,destruction,16,13,3
gordunni,1152,warlock,destruction,18,12,6
kazzak,1152,warlock,destruction,18,12,6
gordunni,1152,warlock,destruction,18,12,6
soulflayer,1152,warlock,destruction,24,12,12
ravencrest,1152,warlock,destruction,24,12,12
gordunni,1152,warlock,destruction,30,12,18
twisting-nether,1152,warlock,destruction,33,13,20
burning-legion,1151,warlock,destruction,18,12,6
ravencrest,1151,warlock,destruction,18,12,6
draenor,1151,warlock,destruction,24,12,12
twisting-nether,1151,warlock,destruction,24,12,12
stormscale,1150,warlock,destruction,18,12,6
blackrock,1150,warlock,destruction,18,12,6
aegwynn,1150,warlock,destruction,18,12,6
kazzak,1149,warlock,destruction,18,12,6
alakir,1149,warlock,destruction,60,29,31
stormscale,1148,warlock,destruction,18,12,6
lightnings-blade,1146,warlock,destruction,18,12,6
dun-modr,1146,warlock,destruction,24,12,12
howling-fjord,1144,warlock,destruction,36,12,24
frostwhisper,1143,warlock,destruction,18,12,6
dun-morogh,1126,warlock,destruction,24,12,12
thermaplugg,1126,warlock,destruction,30,13,17
twisting-nether,1122,warlock,destruction,18,12,6
antonidas,1109,warlock,destruction,47,24,23
burning-legion,1109,warlock,destruction,30,14,16
khaz-modan,1103,warlock,destruction,41,15,26
bloodfeather,1087,warlock,destruction,17,12,5
ravencrest,1056,warlock,destruction,12,11,1
stormreaver,1056,warlock,destruction,12,11,1
twisting-nether,1056,warlock,destruction,16,12,4
outland,1056,warlock,destruction,16,12,4
outland,1056,warlock,destruction,18,11,7
blackscar,1056,warlock,destruction,18,11,7
blackmoore,1056,warlock,destruction,18,11,7
kazzak,1056,warlock,destruction,18,11,7
ravencrest,1056,warlock,destruction,24,11,13
blackrock,1055,warlock,destruction,18,11,7
blackmoore,1055,warlock,destruction,18,11,7
blackmoore,1055,warlock,destruction,18,11,7
nathrezim,1055,warlock,destruction,24,11,13
outland,1054,warlock,destruction,19,12,7
outland,1054,warlock,destruction,18,11,7
aegwynn,1054,warlock,destruction,18,11,7
draenor,1054,warlock,destruction,18,11,7
dun-modr,1052,warlock,destruction,29,18,11
archimonde,1051,warlock,destruction,18,11,7
blackscar,1051,warlock,destruction,24,11,13
gordunni,1047,warlock,destruction,15,12,3
hyjal,1045,warlock,destruction,48,29,19
bronze-dragonflight,1044,warlock,destruction,36,20,16
gordunni,1036,warlock,destruction,48,23,25
darksorrow,1005,warlock,destruction,26,14,12
die-todeskrallen,1000,warlock,destruction,17,11,6
stormscale,985,warlock,destruction,17,11,6
anetheron,985,warlock,destruction,42,24,18
kazzak,981,warlock,destruction,27,13,14
thrall,961,warlock,destruction,65,22,43
blackhand,960,warlock,destruction,12,10,2
talnivarr,960,warlock,destruction,12,10,2
ravencrest,960,warlock,destruction,12,10,2
stormscale,960,warlock,destruction,12,10,2
blackmoore,960,warlock,destruction,12,10,2
kelthuzad,960,warlock,destruction,12,10,2
ravencrest,960,warlock,destruction,12,10,2
sylvanas,960,warlock,destruction,12,10,2
blackrock,960,warlock,destruction,12,10,2
kazzak,960,warlock,destruction,12,10,2
kazzak,960,warlock,destruction,12,10,2
draenor,960,warlock,destruction,18,10,8
sanguino,960,warlock,destruction,18,10,8
twisting-nether,960,warlock,destruction,18,10,8
blackrock,960,warlock,destruction,18,10,8
razuvious,960,warlock,destruction,18,10,8
ravencrest,960,warlock,destruction,18,10,8
silvermoon,960,warlock,destruction,18,10,8
stormscale,960,warlock,destruction,18,10,8
dun-modr,960,warlock,destruction,24,10,14
kazzak,960,warlock,destruction,24,10,14
tarren-mill,960,warlock,destruction,24,10,14
drakthul,960,warlock,destruction,24,10,14
sylvanas,959,warlock,destruction,12,10,2
archimonde,959,warlock,destruction,16,11,5
twisting-nether,959,warlock,destruction,18,10,8
archimonde,959,warlock,destruction,18,10,8
blackrock,958,warlock,destruction,12,10,2
antonidas,958,warlock,destruction,18,10,8
aegwynn,958,warlock,destruction,18,10,8
xavius,958,warlock,destruction,18,10,8
howling-fjord,958,warlock,destruction,18,10,8
turalyon,955,warlock,destruction,16,11,5
ysondre,955,warlock,destruction,18,10,8
ravencrest,955,warlock,destruction,24,10,14
sanguino,954,warlock,destruction,12,10,2
kazzak,954,warlock,destruction,18,10,8
tarren-mill,954,warlock,destruction,24,10,14
soulflayer,954,warlock,destruction,24,10,14
tarren-mill,953,warlock,destruction,18,10,8
arathor,951,warlock,destruction,16,11,5
frostwolf,951,warlock,destruction,16,11,5
burning-legion,941,warlock,destruction,18,10,8
suramar,940,warlock,destruction,24,10,14
stormscale,911,warlock,destruction,17,10,7
darksorrow,910,warlock,destruction,15,10,5
archimonde,908,warlock,destruction,24,10,14
blackhand,896,warlock,destruction,16,10,6
blackrock,894,warlock,destruction,20,10,10
ragnaros,864,warlock,destruction,12,9,3
stormscale,864,warlock,destruction,12,9,3
dun-modr,864,warlock,destruction,12,9,3
draenor,864,warlock,destruction,12,9,3
burning-legion,864,warlock,destruction,12,9,3
archimonde,864,warlock,destruction,12,9,3
kazzak,864,warlock,destruction,12,9,3
ulduar,864,warlock,destruction,12,9,3
gordunni,864,warlock,destruction,12,9,3
stormreaver,864,warlock,destruction,12,9,3
stormscale,864,warlock,destruction,12,9,3
ravencrest,864,warlock,destruction,16,10,6
blackscar,864,warlock,destruction,18,9,9
soulflayer,864,warlock,destruction,18,9,9
laughing-skull,864,warlock,destruction,18,9,9
howling-fjord,864,warlock,destruction,18,9,9
ravencrest,864,warlock,destruction,24,9,15
drakthul,864,warlock,destruction,24,9,15
ysondre,863,warlock,destruction,12,9,3
kazzak,863,warlock,destruction,12,9,3
blackscar,863,warlock,destruction,18,9,9
azshara,863,warlock,destruction,18,9,9
outland,863,warlock,destruction,18,9,9
archimonde,863,warlock,destruction,18,9,9
outland,862,warlock,destruction,12,9,3
ravencrest,862,warlock,destruction,16,11,5
howling-fjord,861,warlock,destruction,18,9,9
argent-dawn,860,warlock,destruction,18,9,9
draenor,860,warlock,destruction,18,9,9
zuluhed,815,warlock,destruction,17,9,8
blackmoore,814,warlock,destruction,23,9,14
magtheridon,801,warlock,destruction,20,10,10
blackrock,797,warlock,destruction,14,9,5
taerar,796,warlock,destruction,20,9,11
ravencrest,784,warlock,destruction,13,9,4
uldaman,768,warlock,destruction,12,8,4
ravencrest,768,warlock,destruction,12,8,4
kazzak,768,warlock,destruction,12,8,4
soulflayer,768,warlock,destruction,12,8,4
ashenvale,768,warlock,destruction,12,8,4
tarren-mill,768,warlock,destruction,12,8,4
sargeras,768,warlock,destruction,12,8,4
wildhammer,768,warlock,destruction,12,8,4
sylvanas,768,warlock,destruction,12,8,4
defias-brotherhood,768,warlock,destruction,12,8,4
blackmoore,768,warlock,destruction,12,8,4
nemesis,768,warlock,destruction,12,8,4
hyjal,768,warlock,destruction,12,8,4
tarren-mill,768,warlock,destruction,12,8,4
archimonde,768,warlock,destruction,12,8,4
blackrock,768,warlock,destruction,12,8,4
ravencrest,768,warlock,destruction,18,8,10
saurfang,768,warlock,destruction,18,8,10
silvermoon,768,warlock,destruction,18,8,10
blackrock,768,warlock,destruction,18,8,10
blackrock,768,warlock,destruction,18,8,10
blackrock,768,warlock,destruction,18,8,10
eredar,768,warlock,destruction,24,8,16
blackmoore,767,warlock,destruction,16,11,5
destromath,767,warlock,destruction,12,8,4
soulflayer,767,warlock,destruction,12,8,4
blackscar,767,warlock,destruction,15,9,6
razuvious,767,warlock,destruction,18,8,10
howling-fjord,767,warlock,destruction,18,8,10
silvermoon,766,warlock,destruction,18,8,10
kazzak,765,warlock,destruction,12,8,4
twisting-nether,765,warlock,destruction,12,8,4
argent-dawn,765,warlock,destruction,12,8,4
soulflayer,751,warlock,destruction,14,9,5
soulflayer,751,warlock,destruction,23,8,15
ragnaros,735,warlock,destruction,11,8,3
stormscale,735,warlock,destruction,17,8,9
ravencrest,727,warlock,destruction,29,8,21
ravencrest,713,warlock,destruction,22,9,13
archimonde,703,warlock,destruction,20,8,12
ravencrest,672,warlock,destruction,12,7,5
rajaxx,672,warlock,destruction,12,7,5
nozdormu,672,warlock,destruction,12,7,5
ravencrest,672,warlock,destruction,12,7,5
ravencrest,672,warlock,destruction,12,7,5
soulflayer,672,warlock,destruction,12,7,5
blackrock,672,warlock,destruction,12,7,5
burning-legion,672,warlock,destruction,12,7,5
twisting-nether,672,warlock,destruction,12,7,5
eredar,672,warlock,destruction,12,7,5
quelthalas,672,warlock,destruction,12,7,5
drakthul,672,warlock,destruction,12,7,5
nemesis,672,warlock,destruction,12,7,5
stormscale,672,warlock,destruction,12,7,5
burning-blade,672,warlock,destruction,12,7,5
archimonde,672,warlock,destruction,12,7,5
arathor,672,warlock,destruction,12,7,5
ravencrest,672,warlock,destruction,12,7,5
drakthul,672,warlock,destruction,12,7,5
aegwynn,672,warlock,destruction,12,7,5
twisting-nether,672,warlock,destruction,12,7,5
kazzak,672,warlock,destruction,12,7,5
twisting-nether,672,warlock,destruction,18,7,11
tarren-mill,672,warlock,destruction,18,7,11
antonidas,672,warlock,destruction,18,7,11
draenor,672,warlock,destruction,18,7,11
eredar,672,warlock,destruction,18,7,11
sanguino,672,warlock,destruction,24,7,17
azjolnerub,671,warlock,destruction,12,7,5
draenor,671,warlock,destruction,12,7,5
kazzak,671,warlock,destruction,12,7,5
ravencrest,671,warlock,destruction,12,7,5
ravencrest,671,warlock,destruction,12,7,5
sylvanas,671,warlock,destruction,12,7,5
blackrock,671,warlock,destruction,12,7,5
nemesis,671,warlock,destruction,12,7,5
ravencrest,671,warlock,destruction,12,7,5
outland,671,warlock,destruction,18,7,11
thrall,671,warlock,destruction,18,7,11
burning-legion,670,warlock,destruction,12,7,5
wrathbringer,670,warlock,destruction,16,8,8
tarren-mill,668,warlock,destruction,12,7,5
kazzak,639,warlock,destruction,17,7,10
sunstrider,624,warlock,destruction,15,7,8
blackmoore,622,warlock,destruction,11,7,4
soulflayer,622,warlock,destruction,16,7,9
twisting-nether,608,warlock,destruction,10,7,3
archimonde,607,warlock,destruction,11,7,4
alonsus,607,warlock,destruction,11,7,4
kazzak,607,warlock,destruction,14,7,7
tarren-mill,599,warlock,destruction,19,8,11
gordunni,576,warlock,destruction,6,6,0
archimonde,576,warlock,destruction,6,6,0
archimonde,576,warlock,destruction,6,6,0
archimonde,576,warlock,destruction,6,6,0
tarren-mill,576,warlock,destruction,6,6,0
kazzak,576,warlock,destruction,6,6,0
dun-modr,576,warlock,destruction,9,7,2
stormscale,576,warlock,destruction,12,6,6
tarren-mill,576,warlock,destruction,12,6,6
drakthul,576,warlock,destruction,12,6,6
kazzak,576,warlock,destruction,12,6,6
kazzak,576,warlock,destruction,12,6,6
blackhand,576,warlock,destruction,12,6,6
azshara,576,warlock,destruction,12,6,6
burning-legion,576,warlock,destruction,12,6,6
nathrezim,576,warlock,destruction,12,6,6
blackrock,576,warlock,destruction,12,6,6
blackrock,576,warlock,destruction,12,6,6
eredar,576,warlock,destruction,12,6,6
ravencrest,576,warlock,destruction,12,6,6
draenor,576,warlock,destruction,12,6,6
korgall,576,warlock,destruction,12,6,6
blackmoore,576,warlock,destruction,12,6,6
silvermoon,576,warlock,destruction,12,6,6
sanguino,576,warlock,destruction,12,6,6
cthun,576,warlock,destruction,12,6,6
ravencrest,576,warlock,destruction,12,6,6
sylvanas,576,warlock,destruction,12,6,6
colinas-pardas,576,warlock,destruction,12,6,6
ragnaros,576,warlock,destruction,12,6,6
kazzak,576,warlock,destruction,16,7,9
argent-dawn,576,warlock,destruction,18,6,12
ravencrest,576,warlock,destruction,18,6,12
steamwheedle-cartel,575,warlock,destruction,6,6,0
zuljin,575,warlock,destruction,12,6,6
sylvanas,575,warlock,destruction,12,6,6
blackhand,575,warlock,destruction,12,6,6
dun-modr,575,warlock,destruction,18,6,12
blackrock,574,warlock,destruction,6,6,0
frostwhisper,527,warlock,destruction,11,6,5
neptulon,526,warlock,destruction,13,7,6
argent-dawn,521,warlock,destruction,24,7,17
drakthul,511,warlock,destruction,8,6,2
laughing-skull,510,warlock,destruction,8,6,2
ravencrest,495,warlock,destruction,11,6,5
fordragon,493,warlock,destruction,13,6,7
tarren-mill,480,warlock,destruction,6,5,1
ysondre,480,warlock,destruction,6,5,1
soulflayer,480,warlock,destruction,6,5,1
dragonblight,480,warlock,destruction,6,5,1
soulflayer,480,warlock,destruction,6,5,1
ravencrest,480,warlock,destruction,6,5,1
kazzak,480,warlock,destruction,6,5,1
ravencrest,480,warlock,destruction,6,5,1
ysondre,480,warlock,destruction,6,5,1
soulflayer,480,warlock,destruction,6,5,1
stormscale,480,warlock,destruction,6,5,1
soulflayer,480,warlock,destruction,6,5,1
ravencrest,480,warlock,destruction,6,5,1
ravencrest,480,warlock,destruction,6,5,1
zenedar,480,warlock,destruction,6,5,1
nagrand,480,warlock,destruction,6,5,1
dethecus,480,warlock,destruction,6,5,1
ravencrest,480,warlock,destruction,6,5,1
twisting-nether,480,warlock,destruction,6,5,1
drakthul,480,warlock,destruction,6,5,1
howling-fjord,480,warlock,destruction,6,5,1
stormscale,480,warlock,destruction,6,5,1
argent-dawn,480,warlock,destruction,6,5,1
archimonde,480,warlock,destruction,6,5,1
thrall,480,warlock,destruction,6,5,1
drakthul,480,warlock,destruction,6,5,1
kazzak,480,warlock,destruction,6,5,1
howling-fjord,480,warlock,destruction,6,5,1
blackscar,480,warlock,destruction,6,5,1
blackrock,480,warlock,destruction,6,5,1
hyjal,480,warlock,destruction,6,5,1
archimonde,480,warlock,destruction,6,5,1
azuremyst,480,warlock,destruction,6,5,1
blackmoore,480,warlock,destruction,6,5,1
stormscale,480,warlock,destruction,6,5,1
defias-brotherhood,480,warlock,destruction,6,5,1
twisting-nether,480,warlock,destruction,6,5,1
sylvanas,480,warlock,destruction,6,5,1
ragnaros,480,warlock,destruction,6,5,1
howling-fjord,480,warlock,destruction,6,5,1
tarren-mill,480,warlock,destruction,12,5,7
stormscale,480,warlock,destruction,12,5,7
tarren-mill,480,warlock,destruction,12,5,7
howling-fjord,480,warlock,destruction,12,5,7
blackmoore,480,warlock,destruction,12,5,7
alakir,480,warlock,destruction,12,5,7
ragnaros,480,warlock,destruction,12,5,7
archimonde,480,warlock,destruction,12,5,7
twisting-nether,480,warlock,destruction,12,5,7
blackrock,480,warlock,destruction,12,5,7
alleria,480,warlock,destruction,12,5,7
twisting-nether,480,warlock,destruction,12,5,7
ragnaros,480,warlock,destruction,12,5,7
tarren-mill,480,warlock,destruction,12,5,7
draenor,480,warlock,destruction,12,5,7
drakthul,480,warlock,destruction,12,5,7
ravencrest,480,warlock,destruction,12,5,7
kazzak,480,warlock,destruction,18,5,13
defias-brotherhood,480,warlock,destruction,18,5,13
uldum,479,warlock,destruction,12,5,7
ashenvale,479,warlock,destruction,12,5,7
silvermoon,479,warlock,destruction,12,5,7
sylvanas,478,warlock,destruction,12,5,7
aegwynn,399,warlock,destruction,5,5,0
zuljin,399,warlock,destruction,5,5,0
archimonde,384,warlock,destruction,6,4,2
archimonde,384,warlock,destruction,6,4,2
argent-dawn,384,warlock,destruction,6,4,2
archimonde,384,warlock,destruction,6,4,2
dun-morogh,384,warlock,destruction,6,4,2
archimonde,384,warlock,destruction,6,4,2
ragnaros,384,warlock,destruction,6,4,2
twisting-nether,384,warlock,destruction,6,4,2
eredar,384,warlock,destruction,6,4,2
draenor,384,warlock,destruction,6,4,2
blackhand,384,warlock,destruction,6,4,2
burning-blade,384,warlock,destruction,6,4,2
twisting-nether,384,warlock,destruction,6,4,2
frostwolf,384,warlock,destruction,6,4,2
garona,384,warlock,destruction,6,4,2
archimonde,384,warlock,destruction,6,4,2
eredar,384,warlock,destruction,6,4,2
archimonde,384,warlock,destruction,6,4,2
tarren-mill,384,warlock,destruction,6,4,2
twisting-nether,384,warlock,destruction,6,4,2
ravencrest,384,warlock,destruction,6,4,2
archimonde,384,warlock,destruction,6,4,2
twisting-nether,384,warlock,destruction,6,4,2
draenor,384,warlock,destruction,6,4,2
blackmoore,384,warlock,destruction,6,4,2
ravencrest,384,warlock,destruction,6,4,2
ysondre,384,warlock,destruction,6,4,2
tarren-mill,384,warlock,destruction,6,4,2
blackmoore,384,warlock,destruction,6,4,2
haomarush,384,warlock,destruction,6,4,2
stormscale,384,warlock,destruction,6,4,2
emeriss,384,warlock,destruction,6,4,2
stormscale,384,warlock,destruction,6,4,2
blackrock,384,warlock,destruction,6,4,2
archimonde,384,warlock,destruction,6,4,2
blackrock,384,warlock,destruction,6,4,2
ravencrest,384,warlock,destruction,6,4,2
howling-fjord,384,warlock,destruction,6,4,2
ravencrest,384,warlock,destruction,6,4,2
chamber-of-aspects,384,warlock,destruction,6,4,2
dun-modr,384,warlock,destruction,6,4,2
stormscale,384,warlock,destruction,6,4,2
blackrock,384,warlock,destruction,6,4,2
blackrock,384,warlock,destruction,6,4,2
argent-dawn,384,warlock,destruction,6,4,2
cthun,384,warlock,destruction,6,4,2
fordragon,384,warlock,destruction,6,4,2
nemesis,384,warlock,destruction,6,4,2
thrall,384,warlock,destruction,6,4,2
nemesis,384,warlock,destruction,6,4,2
tarren-mill,384,warlock,destruction,6,4,2
archimonde,384,warlock,destruction,6,4,2
twisting-nether,384,warlock,destruction,6,4,2
drakthul,384,warlock,destruction,6,4,2
soulflayer,384,warlock,destruction,6,4,2
silvermoon,384,warlock,destruction,6,4,2
outland,384,warlock,destruction,6,4,2
kazzak,384,warlock,destruction,6,4,2
outland,384,warlock,destruction,6,4,2
kazzak,384,warlock,destruction,6,4,2
sylvanas,384,warlock,destruction,6,4,2
dragonblight,384,warlock,destruction,6,4,2
tarren-mill,384,warlock,destruction,6,4,2
sylvanas,384,warlock,destruction,6,4,2
sylvanas,384,warlock,destruction,6,4,2
twisting-nether,384,warlock,destruction,6,4,2
kazzak,384,warlock,destruction,6,4,2
gordunni,384,warlock,destruction,6,4,2
kazzak,384,warlock,destruction,6,4,2
sylvanas,384,warlock,destruction,6,4,2
gordunni,384,warlock,destruction,6,4,2
kazzak,384,warlock,destruction,6,4,2
kazzak,384,warlock,destruction,6,4,2
azuregos,384,warlock,destruction,6,4,2
eversong,384,warlock,destruction,9,5,4
thrall,384,warlock,destruction,12,4,8
argent-dawn,384,warlock,destruction,12,4,8
argent-dawn,384,warlock,destruction,12,4,8
outland,384,warlock,destruction,12,4,8
blackmoore,384,warlock,destruction,12,4,8
gordunni,384,warlock,destruction,12,4,8
stormscale,384,warlock,destruction,12,4,8
blackrock,384,warlock,destruction,12,4,8
stormscale,384,warlock,destruction,12,4,8
blackhand,384,warlock,destruction,12,4,8
kazzak,384,warlock,destruction,12,4,8
ragnaros,384,warlock,destruction,12,4,8
outland,384,warlock,destruction,12,4,8
grom,384,warlock,destruction,12,4,8
archimonde,384,warlock,destruction,12,4,8
stormscale,384,warlock,destruction,12,4,8
drakthul,384,warlock,destruction,12,4,8
silvermoon,383,warlock,destruction,6,4,2
blackmoore,351,warlock,destruction,11,4,7
soulflayer,336,warlock,destruction,9,4,5
twisting-nether,336,warlock,destruction,15,4,11
eversong,330,warlock,destruction,15,6,9
burning-legion,319,warlock,destruction,5,4,1
nemesis,319,warlock,destruction,5,4,1
gordunni,319,warlock,destruction,5,4,1
eredar,319,warlock,destruction,11,4,7
aerie-peak,288,warlock,destruction,6,3,3
draenor,288,warlock,destruction,6,3,3
draenor,288,warlock,destruction,6,3,3
borean-tundra,288,warlock,destruction,6,3,3
blades-edge,288,warlock,destruction,6,3,3
nemesis,288,warlock,destruction,6,3,3
draenor,288,warlock,destruction,6,3,3
draenor,288,warlock,destruction,6,3,3
draenor,288,warlock,destruction,6,3,3
nemesis,288,warlock,destruction,6,3,3
draenor,288,warlock,destruction,6,3,3
nazjatar,288,warlock,destruction,6,3,3
draenor,288,warlock,destruction,6,3,3
draenor,288,warlock,destruction,6,3,3
aegwynn,288,warlock,destruction,6,3,3
blackrock,288,warlock,destruction,6,3,3
kazzak,288,warlock,destruction,6,3,3
aegwynn,288,warlock,destruction,6,3,3
silvermoon,288,warlock,destruction,6,3,3
gordunni,288,warlock,destruction,6,3,3
gordunni,288,warlock,destruction,6,3,3
archimonde,288,warlock,destruction,6,3,3
kazzak,288,warlock,destruction,6,3,3
das-syndikat,288,warlock,destruction,6,3,3
frostmane,288,warlock,destruction,6,3,3
outland,288,warlock,destruction,6,3,3
outland,288,warlock,destruction,6,3,3
drakthul,288,warlock,destruction,6,3,3
twisting-nether,288,warlock,destruction,6,3,3
tarren-mill,288,warlock,destruction,6,3,3
tarren-mill,288,warlock,destruction,6,3,3
stormscale,288,warlock,destruction,6,3,3
tarren-mill,288,warlock,destruction,6,3,3
sanguino,288,warlock,destruction,6,3,3
dun-modr,288,warlock,destruction,6,3,3
blackmoore,288,warlock,destruction,6,3,3
tarren-mill,288,warlock,destruction,6,3,3
twisting-nether,288,warlock,destruction,6,3,3
blackmoore,288,warlock,destruction,6,3,3
drakthul,288,warlock,destruction,6,3,3
dun-modr,288,warlock,destruction,6,3,3
sylvanas,288,warlock,destruction,6,3,3
anachronos,288,warlock,destruction,6,3,3
dun-modr,288,warlock,destruction,6,3,3
alleria,288,warlock,destruction,6,3,3
darksorrow,288,warlock,destruction,6,3,3
blackhand,288,warlock,destruction,6,3,3
shattered-hand,288,warlock,destruction,6,3,3
terokkar,288,warlock,destruction,6,3,3
ravencrest,288,warlock,destruction,6,3,3
stormscale,288,warlock,destruction,6,3,3
medivh,288,warlock,destruction,6,3,3
ahnqiraj,288,warlock,destruction,6,3,3
ragnaros,288,warlock,destruction,6,3,3
twisting-nether,288,warlock,destruction,6,3,3
goldrinn,288,warlock,destruction,6,3,3
stormscale,288,warlock,destruction,6,3,3
eredar,288,warlock,destruction,6,3,3
dalaran,288,warlock,destruction,6,3,3
frostwolf,288,warlock,destruction,6,3,3
stormscale,288,warlock,destruction,6,3,3
stormscale,288,warlock,destruction,6,3,3
ravencrest,288,warlock,destruction,6,3,3
ravencrest,288,warlock,destruction,6,3,3
howling-fjord,288,warlock,destruction,6,3,3
ravencrest,288,warlock,destruction,6,3,3
sylvanas,288,warlock,destruction,6,3,3
the-maelstrom,288,warlock,destruction,6,3,3
chogall,288,warlock,destruction,6,3,3
bronze-dragonflight,288,warlock,destruction,6,3,3
stormscale,288,warlock,destruction,6,3,3
tarren-mill,288,warlock,destruction,12,3,9
aegwynn,288,warlock,destruction,12,3,9
blackrock,288,warlock,destruction,12,3,9
nemesis,288,warlock,destruction,12,3,9
outland,288,warlock,destruction,12,3,9
frostwolf,288,warlock,destruction,12,3,9
eldrethalas,288,warlock,destruction,12,3,9
dalaran,288,warlock,destruction,12,3,9
anubarak,288,warlock,destruction,12,3,9
soulflayer,287,warlock,destruction,6,3,3
sylvanas,287,warlock,destruction,6,3,3
blackmoore,286,warlock,destruction,6,3,3
blackmoore,286,warlock,destruction,6,3,3
draenor,239,warlock,destruction,5,3,2
kelthuzad,208,warlock,destruction,7,3,4
tarren-mill,192,warlock,destruction,9,3,6
silvermoon,192,warlock,destruction,6,2,4
draenor,192,warlock,destruction,6,2,4
dragonblight,192,warlock,destruction,6,2,4
antonidas,192,warlock,destruction,6,2,4
ravencrest,192,warlock,destruction,6,2,4
ravencrest,192,warlock,destruction,6,2,4
soulflayer,192,warlock,destruction,6,2,4
ravencrest,192,warlock,destruction,6,2,4
deathwing,192,warlock,destruction,6,2,4
tarren-mill,192,warlock,destruction,6,2,4
the-maelstrom,192,warlock,destruction,6,2,4
archimonde,192,warlock,destruction,6,2,4
eredar,192,warlock,destruction,6,2,4
kazzak,192,warlock,destruction,6,2,4
lightnings-blade,192,warlock,destruction,6,2,4
kazzak,192,warlock,destruction,6,2,4
soulflayer,192,warlock,destruction,6,2,4
kazzak,192,warlock,destruction,6,2,4
archimonde,192,warlock,destruction,6,2,4
kazzak,192,warlock,destruction,6,2,4
skullcrusher,192,warlock,destruction,6,2,4
frostmane,192,warlock,destruction,6,2,4
frostmane,192,warlock,destruction,6,2,4
outland,192,warlock,destruction,6,2,4
turalyon,192,warlock,destruction,6,2,4
terokkar,192,warlock,destruction,6,2,4
malganis,192,warlock,destruction,6,2,4
neptulon,192,warlock,destruction,6,2,4
turalyon,192,warlock,destruction,6,2,4
argent-dawn,192,warlock,destruction,6,2,4
kazzak,192,warlock,destruction,6,2,4
soulflayer,192,warlock,destruction,6,2,4
tarren-mill,192,warlock,destruction,6,2,4
hyjal,192,warlock,destruction,6,2,4
dun-modr,192,warlock,destruction,6,2,4
sylvanas,192,warlock,destruction,6,2,4
uldum,192,warlock,destruction,6,2,4
outland,192,warlock,destruction,6,2,4
eredar,192,warlock,destruction,6,2,4
tarren-mill,192,warlock,destruction,6,2,4
twisting-nether,192,warlock,destruction,6,2,4
archimonde,192,warlock,destruction,6,2,4
archimonde,192,warlock,destruction,6,2,4
stormscale,192,warlock,destruction,6,2,4
gordunni,192,warlock,destruction,6,2,4
gordunni,192,warlock,destruction,6,2,4
gordunni,192,warlock,destruction,6,2,4
blackrock,192,warlock,destruction,6,2,4
booty-bay,192,warlock,destruction,6,2,4
blackrock,192,warlock,destruction,6,2,4
gordunni,192,warlock,destruction,6,2,4
tarren-mill,192,warlock,destruction,6,2,4
ragnaros,192,warlock,destruction,6,2,4
gordunni,192,warlock,destruction,6,2,4
blackmoore,192,warlock,destruction,6,2,4
blackmoore,192,warlock,destruction,6,2,4
blackmoore,192,warlock,destruction,6,2,4
howling-fjord,192,warlock,destruction,6,2,4
dun-modr,192,warlock,destruction,12,2,10
nemesis,192,warlock,destruction,12,2,10
argent-dawn,192,warlock,destruction,12,2,10
burning-legion,191,warlock,destruction,6,2,4
blackrock,191,warlock,destruction,6,2,4
goldrinn,169,warlock,destruction,18,6,12
antonidas,159,warlock,destruction,5,2,3
burning-legion,159,warlock,destruction,5,2,3
dun-morogh,159,warlock,destruction,5,2,3
ysondre,159,warlock,destruction,5,2,3
outland,159,warlock,destruction,5,2,3
nemesis,159,warlock,destruction,5,2,3
blackrock,128,warlock,destruction,4,2,2
blackscar,127,warlock,destruction,8,2,6
soulflayer,96,warlock,destruction,3,2,1
ravencrest,96,warlock,destruction,3,2,1
archimonde,96,warlock,destruction,3,2,1
soulflayer,96,warlock,destruction,6,1,5
stormscale,96,warlock,destruction,6,1,5
twisting-nether,96,warlock,destruction,6,1,5
stormscale,96,warlock,destruction,6,1,5
grim-batol,96,warlock,destruction,6,1,5
nethersturm,96,warlock,destruction,6,1,5
blackrock,96,warlock,destruction,6,1,5
auchindoun,96,warlock,destruction,6,1,5
gordunni,96,warlock,destruction,6,1,5
outland,96,warlock,destruction,6,1,5
argent-dawn,96,warlock,destruction,6,1,5
antonidas,96,warlock,destruction,6,1,5
forscherliga,96,warlock,destruction,6,1,5
the-maelstrom,96,warlock,destruction,6,1,5
turalyon,96,warlock,destruction,6,1,5
burning-blade,96,warlock,destruction,6,1,5
sanguino,96,warlock,destruction,6,1,5
doomhammer,96,warlock,destruction,6,1,5
les-sentinelles,96,warlock,destruction,6,1,5
blackmoore,96,warlock,destruction,6,1,5
draenor,96,warlock,destruction,6,1,5
draenor,96,warlock,destruction,6,1,5
silvermoon,96,warlock,destruction,6,1,5
stormscale,96,warlock,destruction,6,1,5
azshara,96,warlock,destruction,6,1,5
frostmourne,96,warlock,destruction,6,1,5
wildhammer,96,warlock,destruction,6,1,5
eredar,96,warlock,destruction,9,1,8
sylvanas,96,warlock,destruction,12,1,11
outland,64,warlock,destruction,4,1,3
dun-morogh,48,warlock,destruction,3,1,2
ravencrest,31,warlock,destruction,2,1,1
antonidas,16,warlock,destruction,1,1,0
stormscale,16,warlock,destruction,1,1,0
grim-batol,16,warlock,destruction,1,1,0
die-aldor,2078,warrior,fury,108,63,45
kazzak,2036,warrior,fury,84,40,44
lothar,2025,warrior,fury,95,51,44
twisting-nether,2000,warrior,fury,138,66,72
blackrock,1978,warrior,fury,66,37,29
silvermoon,1966,warrior,fury,54,34,20
bronzebeard,1856,warrior,fury,54,29,25
kazzak,1850,warrior,fury,60,34,26
ravencrest,1840,warrior,fury,66,36,30
aegwynn,1838,warrior,fury,54,33,21
antonidas,1838,warrior,fury,42,24,18
fordragon,1830,warrior,fury,48,25,23
nemesis,1828,warrior,fury,58,30,28
argent-dawn,1825,warrior,fury,60,32,28
sanguino,1824,warrior,fury,36,21,15
ravencrest,1824,warrior,fury,54,30,24
blackscar,1823,warrior,fury,48,27,21
blackrock,1816,warrior,fury,105,57,48
ravencrest,1813,warrior,fury,42,26,16
azshara,1811,warrior,fury,48,29,19
howling-fjord,1810,warrior,fury,42,23,19
draenor,1802,warrior,fury,42,24,18
ravencrest,1777,warrior,fury,48,24,24
nemesis,1774,warrior,fury,36,22,14
gordunni,1763,warrior,fury,83,47,36
twisting-nether,1755,warrior,fury,78,47,31
thrall,1749,warrior,fury,36,27,9
kazzak,1747,warrior,fury,55,28,27
blutkessel,1733,warrior,fury,48,23,25
aegwynn,1726,warrior,fury,48,27,21
soulflayer,1724,warrior,fury,102,55,47
blackscar,1718,warrior,fury,39,19,20
gordunni,1717,warrior,fury,59,32,27
argent-dawn,1712,warrior,fury,132,72,60
blackmoore,1709,warrior,fury,42,24,18
kazzak,1704,warrior,fury,30,18,12
burning-legion,1697,warrior,fury,42,27,15
soulflayer,1694,warrior,fury,58,30,28
blackmoore,1690,warrior,fury,120,62,58
outland,1683,warrior,fury,36,21,15
blackrock,1682,warrior,fury,30,19,11
blackhand,1671,warrior,fury,84,51,33
howling-fjord,1667,warrior,fury,48,25,23
ysondre,1667,warrior,fury,40,20,20
hellscream,1663,warrior,fury,39,20,19
gordunni,1662,warrior,fury,46,25,21
das-konsortium,1661,warrior,fury,42,23,19
silvermoon,1654,warrior,fury,48,24,24
ragnaros,1650,warrior,fury,65,34,31
ysondre,1637,warrior,fury,56,32,24
blackmoore,1636,warrior,fury,90,45,45
burning-blade,1634,warrior,fury,102,50,52
gordunni,1620,warrior,fury,36,18,18
ravencrest,1612,warrior,fury,36,22,14
ragnaros,1610,warrior,fury,107,58,49
silvermoon,1606,warrior,fury,121,68,53
tarren-mill,1604,warrior,fury,90,41,49
frostwolf,1601,warrior,fury,68,34,34
soulflayer,1580,warrior,fury,66,32,34
sylvanas,1577,warrior,fury,96,49,47
burning-legion,1576,warrior,fury,54,28,26
ravencrest,1567,warrior,fury,42,23,19
soulflayer,1566,warrior,fury,30,17,13
ysondre,1565,warrior,fury,72,36,36
silvermoon,1564,warrior,fury,87,47,40
twilights-hammer,1555,warrior,fury,72,38,34
howling-fjord,1508,warrior,fury,36,22,14
silvermoon,1505,warrior,fury,38,19,19
twisting-nether,1504,warrior,fury,30,18,12
moonglade,1503,warrior,fury,60,28,32
burning-legion,1495,warrior,fury,30,16,14
twisting-nether,1490,warrior,fury,70,36,34
howling-fjord,1488,warrior,fury,24,16,8
burning-legion,1480,warrior,fury,42,20,22
argent-dawn,1465,warrior,fury,72,33,39
silvermoon,1455,warrior,fury,59,35,24
kazzak,1443,warrior,fury,42,20,22
soulflayer,1434,warrior,fury,37,24,13
alexstrasza,1434,warrior,fury,59,35,24
argent-dawn,1433,warrior,fury,65,31,34
burning-legion,1432,warrior,fury,24,15,9
ravencrest,1429,warrior,fury,34,18,16
moonglade,1420,warrior,fury,30,15,15
blackmoore,1405,warrior,fury,34,18,16
ravencrest,1401,warrior,fury,30,17,13
kazzak,1400,warrior,fury,57,27,30
bronzebeard,1399,warrior,fury,70,35,35
blackscar,1396,warrior,fury,36,22,14
aegwynn,1361,warrior,fury,24,16,8
elune,1353,warrior,fury,30,19,11
blackrock,1343,warrior,fury,18,14,4
sanguino,1338,warrior,fury,24,14,10
thermaplugg,1338,warrior,fury,37,21,16
kazzak,1336,warrior,fury,18,14,4
anetheron,1329,warrior,fury,45,25,20
draenor,1316,warrior,fury,24,14,10
antonidas,1314,warrior,fury,24,16,8
bronze-dragonflight,1314,warrior,fury,54,25,29
blackscar,1313,warrior,fury,39,21,18
aggra-português,1312,warrior,fury,33,15,18
soulflayer,1310,warrior,fury,77,41,36
argent-dawn,1310,warrior,fury,59,30,29
dun-modr,1310,warrior,fury,30,14,16
archimonde,1306,warrior,fury,69,31,38
argent-dawn,1303,warrior,fury,60,31,29
hyjal,1301,warrior,fury,36,16,20
deathguard,1290,warrior,fury,23,14,9
burning-blade,1268,warrior,fury,49,24,25
howling-fjord,1264,warrior,fury,33,14,19
howling-fjord,1262,warrior,fury,49,20,29
gordunni,1261,warrior,fury,73,30,43
draenor,1260,warrior,fury,54,26,28
dethecus,1250,warrior,fury,19,14,5
gordunni,1248,warrior,fury,36,15,21
sylvanas,1247,warrior,fury,30,13,17
stormscale,1246,warrior,fury,24,13,11
tarren-mill,1232,warrior,fury,36,18,18
dalaran,1226,warrior,fury,33,14,19
frostmane,1225,warrior,fury,42,25,17
blackhand,1205,warrior,fury,25,13,12
zuljin,1201,warrior,fury,24,13,11
cthun,1175,warrior,fury,87,42,45
blackmoore,1169,warrior,fury,36,21,15
eversong,1169,warrior,fury,57,21,36
eredar,1163,warrior,fury,23,13,10
draenor,1146,warrior,fury,18,12,6
hyjal,1144,warrior,fury,30,12,18
ragnaros,1135,warrior,fury,23,12,11
blackhand,1135,warrior,fury,36,12,24
draenor,1119,warrior,fury,54,23,31
tarren-mill,1116,warrior,fury,23,12,11
nozdormu,1098,warrior,fury,48,27,21
kazzak,1091,warrior,fury,18,13,5
draenor,1055,warrior,fury,18,11,7
greymane,1055,warrior,fury,18,11,7
silvermoon,1054,warrior,fury,18,11,7
draenor,1050,warrior,fury,28,12,16
die-silberne-hand,1048,warrior,fury,39,23,16
twisting-nether,1046,warrior,fury,30,11,19
khaz-modan,1035,warrior,fury,30,11,19
eversong,1034,warrior,fury,24,11,13
tarren-mill,1033,warrior,fury,24,11,13
burning-legion,1032,warrior,fury,18,11,7
ragnaros,1030,warrior,fury,25,12,13
silvermoon,1028,warrior,fury,21,12,9
elune,1015,warrior,fury,18,11,7
draenor,1012,warrior,fury,23,11,12
gordunni,995,warrior,fury,41,25,16
tarren-mill,977,warrior,fury,27,14,13
howling-fjord,966,warrior,fury,60,29,31
gordunni,959,warrior,fury,18,10,8
aggra-português,959,warrior,fury,18,10,8
booty-bay,958,warrior,fury,18,10,8
stormscale,957,warrior,fury,18,10,8
soulflayer,957,warrior,fury,18,10,8
argent-dawn,955,warrior,fury,18,10,8
tarren-mill,950,warrior,fury,24,10,14
garrosh,949,warrior,fury,18,10,8
defias-brotherhood,935,warrior,fury,21,11,10
les-clairvoyants,927,warrior,fury,30,12,18
gordunni,911,warrior,fury,23,10,13
frostmourne,903,warrior,fury,24,11,13
howling-fjord,894,warrior,fury,27,13,14
thrall,879,warrior,fury,19,10,9
nazjatar,878,warrior,fury,19,10,9
twisting-nether,864,warrior,fury,12,9,3
twisting-nether,864,warrior,fury,12,9,3
galakrond,864,warrior,fury,18,9,9
gordunni,864,warrior,fury,24,9,15
ragnaros,863,warrior,fury,12,9,3
gordunni,863,warrior,fury,18,9,9
argent-dawn,863,warrior,fury,18,9,9
nemesis,863,warrior,fury,24,9,15
ravencrest,862,warrior,fury,12,9,3
twisting-nether,862,warrior,fury,18,9,9
alonsus,862,warrior,fury,18,9,9
hyjal,860,warrior,fury,30,10,20
blackrock,851,warrior,fury,18,9,9
nathrezim,850,warrior,fury,35,17,18
twisting-nether,847,warrior,fury,15,10,5
silvermoon,831,warrior,fury,14,10,4
kirin-tor,824,warrior,fury,18,9,9
hyjal,768,warrior,fury,12,8,4
soulflayer,768,warrior,fury,12,8,4
draenor,768,warrior,fury,12,8,4
argent-dawn,768,warrior,fury,12,8,4
burning-legion,768,warrior,fury,18,8,10
silvermoon,767,warrior,fury,12,8,4
argent-dawn,767,warrior,fury,12,8,4
howling-fjord,767,warrior,fury,18,8,10
howling-fjord,767,warrior,fury,24,8,16
soulflayer,766,warrior,fury,12,8,4
gordunni,766,warrior,fury,12,8,4
twisting-nether,766,warrior,fury,12,8,4
howling-fjord,766,warrior,fury,18,8,10
draenor,766,warrior,fury,18,8,10
archimonde,765,warrior,fury,12,8,4
blackmoore,763,warrior,fury,15,9,6
frostmane,762,warrior,fury,12,8,4
blackhand,760,warrior,fury,12,8,4
silvermoon,758,warrior,fury,24,8,16
dun-modr,704,warrior,fury,16,8,8
archimonde,687,warrior,fury,13,8,5
auchindoun,672,warrior,fury,12,7,5
blackscar,672,warrior,fury,12,7,5
burning-blade,672,warrior,fury,12,7,5
tarren-mill,672,warrior,fury,12,7,5
drakthul,672,warrior,fury,12,7,5
ravencrest,672,warrior,fury,12,7,5
blackrock,672,warrior,fury,16,8,8
azuremyst,671,warrior,fury,12,7,5
howling-fjord,671,warrior,fury,12,7,5
draenor,671,warrior,fury,12,7,5
howling-fjord,671,warrior,fury,12,7,5
tyrande,671,warrior,fury,12,7,5
twisting-nether,671,warrior,fury,12,7,5
draenor,671,warrior,fury,18,7,11
los-errantes,671,warrior,fury,18,7,11
drakthul,666,warrior,fury,12,7,5
ravencrest,640,warrior,fury,16,8,8
gordunni,638,warrior,fury,11,7,4
silvermoon,624,warrior,fury,15,8,7
argent-dawn,607,warrior,fury,14,7,7
zenedar,592,warrior,fury,13,7,6
outland,576,warrior,fury,6,6,0
soulflayer,576,warrior,fury,6,6,0
gordunni,576,warrior,fury,6,6,0
ravencrest,576,warrior,fury,12,6,6
silvermoon,576,warrior,fury,12,6,6
stormscale,576,warrior,fury,12,6,6
outland,576,warrior,fury,12,6,6
argent-dawn,576,warrior,fury,12,6,6
gordunni,576,warrior,fury,12,6,6
blackscar,576,warrior,fury,12,6,6
dragonblight,576,warrior,fury,12,6,6
drakthul,576,warrior,fury,12,6,6
kazzak,576,warrior,fury,12,6,6
kazzak,576,warrior,fury,12,6,6
blackrock,576,warrior,fury,12,6,6
sylvanas,576,warrior,fury,12,6,6
blackrock,576,warrior,fury,12,6,6
draenor,576,warrior,fury,12,6,6
gordunni,576,warrior,fury,18,6,12
gordunni,576,warrior,fury,18,6,12
argent-dawn,575,warrior,fury,12,6,6
draenor,575,warrior,fury,12,6,6
eldrethalas,575,warrior,fury,12,6,6
kazzak,575,warrior,fury,18,6,12
arthas,575,warrior,fury,18,6,12
frostwolf,543,warrior,fury,11,6,5
kazzak,536,warrior,fury,14,7,7
ravencrest,527,warrior,fury,11,6,5
tarren-mill,527,warrior,fury,11,6,5
marécage-de-zangar,527,warrior,fury,15,6,9
frostmane,526,warrior,fury,11,6,5
kazzak,521,warrior,fury,21,7,14
blackhand,496,warrior,fury,13,6,7
gordunni,480,warrior,fury,6,5,1
drakthul,480,warrior,fury,6,5,1
howling-fjord,480,warrior,fury,6,5,1
gordunni,480,warrior,fury,6,5,1
tarren-mill,480,warrior,fury,6,5,1
draenor,480,warrior,fury,6,5,1
gordunni,480,warrior,fury,6,5,1
argent-dawn,480,warrior,fury,6,5,1
dalaran,480,warrior,fury,6,5,1
sanguino,480,warrior,fury,6,5,1
frostmourne,480,warrior,fury,6,5,1
goldrinn,480,warrior,fury,6,5,1
emerald-dream,480,warrior,fury,12,5,7
sanguino,480,warrior,fury,12,5,7
galakrond,480,warrior,fury,12,5,7
azjolnerub,480,warrior,fury,12,5,7
stormreaver,480,warrior,fury,12,5,7
eredar,480,warrior,fury,12,5,7
stormscale,480,warrior,fury,12,5,7
outland,480,warrior,fury,12,5,7
outland,480,warrior,fury,12,5,7
archimonde,480,warrior,fury,12,5,7
howling-fjord,480,warrior,fury,12,5,7
frostmane,480,warrior,fury,12,5,7
soulflayer,480,warrior,fury,12,5,7
thrall,479,warrior,fury,9,6,3
terokkar,479,warrior,fury,10,6,4
twisting-nether,479,warrior,fury,12,5,7
rexxar,479,warrior,fury,12,5,7
thermaplugg,479,warrior,fury,12,5,7
drakthul,479,warrior,fury,18,5,13
aggra-português,478,warrior,fury,10,6,4
archimonde,477,warrior,fury,18,5,13
shattered-hand,476,warrior,fury,12,5,7
sanguino,444,warrior,fury,11,7,4
naxxramas,444,warrior,fury,11,5,6
gordunni,425,warrior,fury,15,7,8
kazzak,416,warrior,fury,10,5,5
silvermoon,415,warrior,fury,8,5,3
stormreaver,384,warrior,fury,6,4,2
booty-bay,384,warrior,fury,6,4,2
tarren-mill,384,warrior,fury,6,4,2
howling-fjord,384,warrior,fury,6,4,2
gordunni,384,warrior,fury,6,4,2
howling-fjord,384,warrior,fury,6,4,2
laughing-skull,384,warrior,fury,6,4,2
kult-der-verdammten,384,warrior,fury,6,4,2
stormreaver,384,warrior,fury,6,4,2
gordunni,384,warrior,fury,6,4,2
ravencrest,384,warrior,fury,6,4,2
twisting-nether,384,warrior,fury,6,4,2
outland,384,warrior,fury,6,4,2
dunemaul,384,warrior,fury,6,4,2
archimonde,384,warrior,fury,6,4,2
deepholm,384,warrior,fury,6,4,2
gordunni,384,warrior,fury,6,4,2
ravencrest,384,warrior,fury,6,4,2
blackmoore,384,warrior,fury,6,4,2
blackmoore,384,warrior,fury,6,4,2
ravencrest,384,warrior,fury,6,4,2
soulflayer,384,warrior,fury,6,4,2
nathrezim,384,warrior,fury,6,4,2
ravencrest,384,warrior,fury,6,4,2
draenor,384,warrior,fury,6,4,2
outland,384,warrior,fury,12,4,8
soulflayer,384,warrior,fury,12,4,8
tarren-mill,384,warrior,fury,12,4,8
doomhammer,384,warrior,fury,12,4,8
kazzak,384,warrior,fury,12,4,8
burning-legion,384,warrior,fury,12,4,8
ravencrest,384,warrior,fury,12,4,8
argent-dawn,384,warrior,fury,12,4,8
burning-blade,384,warrior,fury,18,4,14
howling-fjord,382,warrior,fury,6,4,2
grim-batol,367,warrior,fury,11,4,7
hyjal,351,warrior,fury,14,5,9
kazzak,351,warrior,fury,17,4,13
doomhammer,336,warrior,fury,9,4,5
argent-dawn,330,warrior,fury,11,7,4
frostmourne,319,warrior,fury,5,4,1
draenor,319,warrior,fury,8,4,4
argent-dawn,319,warrior,fury,8,4,4
frostmane,288,warrior,fury,6,3,3
stormscale,288,warrior,fury,6,3,3
antonidas,288,warrior,fury,6,3,3
archimonde,288,warrior,fury,6,3,3
ravencrest,288,warrior,fury,6,3,3
draenor,288,warrior,fury,6,3,3
archimonde,288,warrior,fury,6,3,3
stormscale,288,warrior,fury,6,3,3
stormscale,288,warrior,fury,6,3,3
ravencrest,288,warrior,fury,6,3,3
draenor,288,warrior,fury,6,3,3
draenor,288,warrior,fury,6,3,3
stormscale,288,warrior,fury,6,3,3
dun-morogh,288,warrior,fury,6,3,3
arakarahm,288,warrior,fury,6,3,3
silvermoon,288,warrior,fury,6,3,3
booty-bay,288,warrior,fury,6,3,3
colinas-pardas,288,warrior,fury,6,3,3
doomhammer,288,warrior,fury,6,3,3
blackmoore,288,warrior,fury,6,3,3
sylvanas,288,warrior,fury,6,3,3
sylvanas,288,warrior,fury,6,3,3
dalaran,288,warrior,fury,6,3,3
stormreaver,288,warrior,fury,6,3,3
goldrinn,288,warrior,fury,6,3,3
haomarush,288,warrior,fury,6,3,3
kazzak,288,warrior,fury,6,3,3
kazzak,288,warrior,fury,6,3,3
quelthalas,288,warrior,fury,6,3,3
der-abyssische-rat,288,warrior,fury,6,3,3
soulflayer,288,warrior,fury,6,3,3
blackmoore,288,warrior,fury,6,3,3
twisting-nether,288,warrior,fury,6,3,3
burning-legion,288,warrior,fury,6,3,3
emeriss,288,warrior,fury,6,3,3
tarren-mill,288,warrior,fury,6,3,3
xavius,288,warrior,fury,6,3,3
alakir,288,warrior,fury,6,3,3
soulflayer,288,warrior,fury,6,3,3
twisting-nether,288,warrior,fury,6,3,3
tarren-mill,288,warrior,fury,6,3,3
ashenvale,288,warrior,fury,6,3,3
norgannon,288,warrior,fury,12,3,9
outland,288,warrior,fury,12,3,9
dentarg,288,warrior,fury,12,3,9
stormscale,288,warrior,fury,12,3,9
defias-brotherhood,288,warrior,fury,12,3,9
skullcrusher,288,warrior,fury,12,3,9
drakthul,288,warrior,fury,12,3,9
ravencrest,287,warrior,fury,6,3,3
dun-modr,287,warrior,fury,6,3,3
chamber-of-aspects,287,warrior,fury,6,3,3
nagrand,286,warrior,fury,6,3,3
blutkessel,286,warrior,fury,6,3,3
dun-modr,271,warrior,fury,11,3,8
blackhand,256,warrior,fury,10,3,7
balnazzar,238,warrior,fury,5,3,2
howling-fjord,208,warrior,fury,7,3,4
soulflayer,192,warrior,fury,4,3,1
hyjal,192,warrior,fury,6,2,4
sanguino,192,warrior,fury,6,2,4
hyjal,192,warrior,fury,6,2,4
soulflayer,192,warrior,fury,6,2,4
eversong,192,warrior,fury,6,2,4
ashenvale,192,warrior,fury,6,2,4
soulflayer,192,warrior,fury,6,2,4
burning-legion,192,warrior,fury,6,2,4
burning-legion,192,warrior,fury,6,2,4
ragnaros,192,warrior,fury,6,2,4
blackrock,192,warrior,fury,6,2,4
kazzak,192,warrior,fury,6,2,4
blades-edge,192,warrior,fury,6,2,4
ysondre,192,warrior,fury,6,2,4
zuljin,192,warrior,fury,6,2,4
ysondre,192,warrior,fury,6,2,4
nozdormu,192,warrior,fury,6,2,4
blackmoore,192,warrior,fury,6,2,4
silvermoon,192,warrior,fury,6,2,4
arathor,192,warrior,fury,6,2,4
eredar,192,warrior,fury,6,2,4
archimonde,192,warrior,fury,6,2,4
silvermoon,192,warrior,fury,6,2,4
proudmoore,192,warrior,fury,6,2,4
turalyon,192,warrior,fury,6,2,4
sanguino,192,warrior,fury,6,2,4
gordunni,192,warrior,fury,6,2,4
archimonde,192,warrior,fury,6,2,4
stormscale,192,warrior,fury,6,2,4
proudmoore,192,warrior,fury,6,2,4
stormscale,192,warrior,fury,6,2,4
illidan,192,warrior,fury,6,2,4
tarren-mill,192,warrior,fury,6,2,4
tarren-mill,192,warrior,fury,6,2,4
argent-dawn,192,warrior,fury,6,2,4
ravencrest,192,warrior,fury,6,2,4
ravencrest,192,warrior,fury,6,2,4
thrall,192,warrior,fury,6,2,4
razuvious,192,warrior,fury,6,2,4
stormscale,192,warrior,fury,11,3,8
draenor,192,warrior,fury,12,2,10
defias-brotherhood,192,warrior,fury,12,2,10
blackmoore,192,warrior,fury,12,2,10
die-aldor,191,warrior,fury,6,2,4
defias-brotherhood,191,warrior,fury,6,2,4
khaz-modan,191,warrior,fury,6,2,4
burning-legion,191,warrior,fury,6,2,4
howling-fjord,175,warrior,fury,11,2,9
sanguino,159,warrior,fury,5,2,3
kargath,159,warrior,fury,5,2,3
kazzak,96,warrior,fury,6,1,5
hyjal,96,warrior,fury,6,1,5
outland,96,warrior,fury,6,1,5
ragnaros,96,warrior,fury,6,1,5
draenor,96,warrior,fury,6,1,5
deathguard,96,warrior,fury,6,1,5
fordragon,96,warrior,fury,6,1,5
thunderhorn,96,warrior,fury,6,1,5
ravencrest,96,warrior,fury,6,1,5
nemesis,79,warrior,fury,5,1,4
burning-legion,63,warrior,fury,2,2,0
deathwing,42,warrior,fury,15,2,13
silvermoon,16,warrior,fury,1,1,0
twisting-nether,2136,warrior,arms,69,39,30
ravencrest,2111,warrior,arms,78,39,39
howling-fjord,2100,warrior,arms,83,50,33
blackhand,2093,warrior,arms,78,56,22
sylvanas,2088,warrior,arms,142,83,59
kazzak,2020,warrior,arms,101,54,47
blackhand,2014,warrior,arms,56,26,30
soulflayer,2012,warrior,arms,86,42,44
tarren-mill,2011,warrior,arms,66,39,27
sanguino,1987,warrior,arms,119,61,58
stormscale,1955,warrior,arms,78,37,41
auchindoun,1945,warrior,arms,54,31,23
blackmoore,1937,warrior,arms,68,41,27
dun-modr,1936,warrior,arms,54,31,23
draenor,1923,warrior,arms,36,21,15
twisting-nether,1921,warrior,arms,48,27,21
twisting-nether,1917,warrior,arms,76,32,44
howling-fjord,1914,warrior,arms,31,21,10
ravencrest,1906,warrior,arms,51,25,26
drakthul,1903,warrior,arms,66,39,27
howling-fjord,1897,warrior,arms,54,27,27
ravencrest,1892,warrior,arms,47,25,22
ravencrest,1889,warrior,arms,54,33,21
howling-fjord,1886,warrior,arms,60,35,25
howling-fjord,1880,warrior,arms,36,20,16
drakthul,1875,warrior,arms,48,27,21
terokkar,1873,warrior,arms,47,27,20
arygos,1871,warrior,arms,54,31,23
soulflayer,1860,warrior,arms,96,51,45
ragnaros,1859,warrior,arms,42,22,20
soulflayer,1859,warrior,arms,41,20,21
kazzak,1857,warrior,arms,54,28,26
ravencrest,1856,warrior,arms,71,32,39
silvermoon,1854,warrior,arms,48,27,21
soulflayer,1854,warrior,arms,54,28,26
dalaran,1852,warrior,arms,66,32,34
dun-modr,1847,warrior,arms,78,33,45
deathweaver,1839,warrior,arms,54,27,27
burning-legion,1838,warrior,arms,48,25,23
kazzak,1838,warrior,arms,48,25,23
gordunni,1831,warrior,arms,53,31,22
ravencrest,1827,warrior,arms,61,33,28
soulflayer,1825,warrior,arms,66,35,31
silvermoon,1823,warrior,arms,72,42,30
archimonde,1821,warrior,arms,66,34,32
bronzebeard,1820,warrior,arms,48,32,16
tarren-mill,1820,warrior,arms,61,35,26
soulflayer,1820,warrior,arms,35,20,15
gordunni,1819,warrior,arms,30,19,11
ravencrest,1818,warrior,arms,30,19,11
archimonde,1818,warrior,arms,97,48,49
soulflayer,1816,warrior,arms,47,25,22
sylvanas,1816,warrior,arms,36,19,17
archimonde,1815,warrior,arms,54,33,21
minahonda,1814,warrior,arms,48,21,27
tarren-mill,1813,warrior,arms,47,20,27
blackrock,1811,warrior,arms,42,23,19
drekthar,1811,warrior,arms,42,19,23
kazzak,1810,warrior,arms,115,60,55
blackrock,1808,warrior,arms,36,19,17
blackscar,1807,warrior,arms,53,22,31
draenor,1805,warrior,arms,54,25,29
tarren-mill,1804,warrior,arms,56,31,25
kazzak,1804,warrior,arms,60,30,30
ravencrest,1803,warrior,arms,60,32,28
kazzak,1802,warrior,arms,36,25,11
blackrock,1802,warrior,arms,47,23,24
tarren-mill,1801,warrior,arms,66,32,34
aegwynn,1787,warrior,arms,30,19,11
stormscale,1780,warrior,arms,60,32,28
blackhand,1779,warrior,arms,95,47,48
hyjal,1771,warrior,arms,62,27,35
kazzak,1767,warrior,arms,41,20,21
archimonde,1758,warrior,arms,101,51,50
bloodhoof,1757,warrior,arms,83,36,47
ravencrest,1754,warrior,arms,87,39,48
kazzak,1753,warrior,arms,28,19,9
sanguino,1750,warrior,arms,68,30,38
gordunni,1745,warrior,arms,138,63,75
aegwynn,1744,warrior,arms,99,48,51
archimonde,1739,warrior,arms,48,23,25
taerar,1738,warrior,arms,64,36,28
ravencrest,1736,warrior,arms,42,25,17
twisting-nether,1736,warrior,arms,72,30,42
kazzak,1734,warrior,arms,48,22,26
stormscale,1732,warrior,arms,36,19,17
auchindoun,1731,warrior,arms,54,29,25
sylvanas,1727,warrior,arms,81,46,35
draenor,1727,warrior,arms,95,48,47
kazzak,1726,warrior,arms,44,24,20
scarshield-legion,1726,warrior,arms,82,39,43
arathor,1725,warrior,arms,96,49,47
tarren-mill,1724,warrior,arms,60,29,31
tarren-mill,1722,warrior,arms,52,26,26
twisting-nether,1722,warrior,arms,36,18,18
tarren-mill,1718,warrior,arms,96,49,47
blackrock,1715,warrior,arms,54,26,28
hyjal,1714,warrior,arms,42,18,24
howling-fjord,1713,warrior,arms,90,44,46
argent-dawn,1710,warrior,arms,42,23,19
eredar,1707,warrior,arms,47,21,26
eredar,1691,warrior,arms,42,29,13
outland,1690,warrior,arms,36,20,16
chamber-of-aspects,1688,warrior,arms,56,24,32
krasus,1687,warrior,arms,107,47,60
silvermoon,1684,warrior,arms,42,20,22
outland,1682,warrior,arms,36,22,14
howling-fjord,1681,warrior,arms,42,21,21
howling-fjord,1680,warrior,arms,53,24,29
soulflayer,1678,warrior,arms,66,34,32
kazzak,1678,warrior,arms,78,38,40
blackhand,1677,warrior,arms,36,25,11
aegwynn,1676,warrior,arms,39,21,18
stormscale,1676,warrior,arms,36,19,17
blackmoore,1676,warrior,arms,48,24,24
gordunni,1672,warrior,arms,50,28,22
gordunni,1672,warrior,arms,71,39,32
defias-brotherhood,1672,warrior,arms,42,19,23
frostmourne,1669,warrior,arms,84,38,46
gordunni,1665,warrior,arms,60,32,28
drakthul,1664,warrior,arms,50,26,24
tarren-mill,1660,warrior,arms,48,26,22
sanguino,1658,warrior,arms,53,21,32
kazzak,1657,warrior,arms,69,42,27
tarren-mill,1657,warrior,arms,44,24,20
ysondre,1657,warrior,arms,49,26,23
howling-fjord,1656,warrior,arms,46,23,23
gordunni,1655,warrior,arms,57,29,28
stormscale,1655,warrior,arms,40,18,22
tarren-mill,1653,warrior,arms,30,18,12
stormscale,1650,warrior,arms,72,45,27
dun-modr,1649,warrior,arms,47,22,25
naxxramas,1648,warrior,arms,42,21,21
blackrock,1647,warrior,arms,69,31,38
silvermoon,1646,warrior,arms,36,21,15
uldaman,1640,warrior,arms,84,43,41
argent-dawn,1640,warrior,arms,94,45,49
kazzak,1639,warrior,arms,26,18,8
twisting-nether,1635,warrior,arms,78,41,37
blackmoore,1632,warrior,arms,73,41,32
ravencrest,1631,warrior,arms,45,26,19
argent-dawn,1631,warrior,arms,84,42,42
soulflayer,1631,warrior,arms,48,22,26
burning-blade,1628,warrior,arms,27,18,9
gordunni,1627,warrior,arms,30,20,10
onyxia,1627,warrior,arms,60,34,26
tarren-mill,1625,warrior,arms,48,26,22
ravencrest,1624,warrior,arms,48,24,24
archimonde,1624,warrior,arms,48,23,25
pozzo-delleternità,1624,warrior,arms,42,20,22
argent-dawn,1623,warrior,arms,36,20,16
frostmane,1619,warrior,arms,42,17,25
howling-fjord,1618,warrior,arms,24,17,7
argent-dawn,1617,warrior,arms,42,23,19
ravencrest,1616,warrior,arms,30,17,13
ysera,1615,warrior,arms,86,43,43
tarren-mill,1615,warrior,arms,36,17,19
ravencrest,1613,warrior,arms,48,20,28
gordunni,1612,warrior,arms,24,17,7
bloodhoof,1612,warrior,arms,76,37,39
ravencrest,1609,warrior,arms,81,51,30
kazzak,1609,warrior,arms,42,20,22
stormscale,1609,warrior,arms,48,20,28
ragnaros,1608,warrior,arms,105,54,51
ravencrest,1608,warrior,arms,36,17,19
argent-dawn,1607,warrior,arms,30,17,13
ravencrest,1607,warrior,arms,47,23,24
blackhand,1607,warrior,arms,42,17,25
silvermoon,1604,warrior,arms,74,41,33
kirin-tor,1602,warrior,arms,38,20,18
draenor,1600,warrior,arms,45,24,21
gordunni,1600,warrior,arms,94,49,45
sylvanas,1598,warrior,arms,58,24,34
outland,1595,warrior,arms,60,27,33
anetheron,1591,warrior,arms,74,43,31
archimonde,1586,warrior,arms,59,28,31
stormscale,1585,warrior,arms,46,18,28
das-syndikat,1584,warrior,arms,78,41,37
gordunni,1582,warrior,arms,42,21,21
twisting-nether,1580,warrior,arms,30,17,13
gordunni,1578,warrior,arms,42,20,22
soulflayer,1577,warrior,arms,42,21,21
lich-king,1575,warrior,arms,39,18,21
ashenvale,1573,warrior,arms,48,27,21
sporeggar,1573,warrior,arms,60,27,33
gordunni,1572,warrior,arms,35,18,17
silvermoon,1570,warrior,arms,95,48,47
elune,1562,warrior,arms,74,36,38
burning-legion,1561,warrior,arms,32,21,11
outland,1557,warrior,arms,65,30,35
ysondre,1555,warrior,arms,54,24,30
ravencrest,1554,warrior,arms,54,26,28
argent-dawn,1552,warrior,arms,36,18,18
burning-legion,1551,warrior,arms,54,19,35
outland,1547,warrior,arms,48,25,23
blackscar,1547,warrior,arms,74,37,37
soulflayer,1547,warrior,arms,65,28,37
lich-king,1546,warrior,arms,184,97,87
argent-dawn,1544,warrior,arms,49,24,25
ravencrest,1543,warrior,arms,47,37,10
twisting-nether,1535,warrior,arms,42,23,19
archimonde,1535,warrior,arms,30,16,14
hyjal,1534,warrior,arms,36,17,19
ragnaros,1533,warrior,arms,36,16,20
stormscale,1532,warrior,arms,32,22,10
outland,1532,warrior,arms,63,29,34
aegwynn,1529,warrior,arms,30,16,14
soulflayer,1528,warrior,arms,90,41,49
archimonde,1527,warrior,arms,36,16,20
burning-blade,1526,warrior,arms,24,16,8
kelthuzad,1525,warrior,arms,57,36,21
ysondre,1524,warrior,arms,42,20,22
nemesis,1524,warrior,arms,36,16,20
kazzak,1523,warrior,arms,32,17,15
alakir,1522,warrior,arms,35,19,16
drakthul,1522,warrior,arms,30,16,14
grim-batol,1522,warrior,arms,36,16,20
silvermoon,1521,warrior,arms,74,34,40
rexxar,1520,warrior,arms,30,20,10
blackrock,1519,warrior,arms,48,23,25
kazzak,1519,warrior,arms,48,22,26
deathweaver,1518,warrior,arms,66,33,33
tarren-mill,1517,warrior,arms,42,23,19
blackmoore,1516,warrior,arms,42,24,18
dun-modr,1515,warrior,arms,66,34,32
archimonde,1515,warrior,arms,36,17,19
outland,1515,warrior,arms,42,16,26
sanguino,1511,warrior,arms,66,34,32
antonidas,1511,warrior,arms,42,16,26
sylvanas,1510,warrior,arms,54,30,24
soulflayer,1509,warrior,arms,111,59,52
argent-dawn,1506,warrior,arms,36,16,20
ravencrest,1504,warrior,arms,97,47,50
blackhand,1504,warrior,arms,60,27,33
twisting-nether,1504,warrior,arms,81,34,47
tarren-mill,1503,warrior,arms,30,17,13
tarren-mill,1503,warrior,arms,42,20,22
howling-fjord,1498,warrior,arms,63,25,38
dalaran,1492,warrior,arms,46,20,26
kazzak,1491,warrior,arms,47,21,26
stormscale,1489,warrior,arms,54,32,22
sanguino,1488,warrior,arms,36,20,16
aegwynn,1485,warrior,arms,35,20,15
gordunni,1485,warrior,arms,34,19,15
hyjal,1476,warrior,arms,64,31,33
silvermoon,1471,warrior,arms,42,22,20
blackrock,1470,warrior,arms,42,22,20
silvermoon,1469,warrior,arms,75,37,38
gordunni,1468,warrior,arms,39,20,19
blackhand,1467,warrior,arms,78,32,46
chamber-of-aspects,1462,warrior,arms,48,27,21
draenor,1460,warrior,arms,48,27,21
silvermoon,1460,warrior,arms,92,51,41
sanguino,1460,warrior,arms,49,22,27
ravencrest,1454,warrior,arms,42,17,25
deathweaver,1452,warrior,arms,26,16,10
darkspear,1449,warrior,arms,78,36,42
twisting-nether,1447,warrior,arms,42,27,15
defias-brotherhood,1447,warrior,arms,36,16,20
kazzak,1446,warrior,arms,45,28,17
elune,1446,warrior,arms,54,27,27
hyjal,1440,warrior,arms,68,33,35
stormscale,1439,warrior,arms,30,15,15
ravencrest,1439,warrior,arms,30,15,15
ravencrest,1438,warrior,arms,50,26,24
burning-legion,1437,warrior,arms,39,20,19
doomhammer,1437,warrior,arms,38,18,20
blackmoore,1437,warrior,arms,42,18,24
silvermoon,1436,warrior,arms,114,58,56
mugthol,1436,warrior,arms,66,33,33
twisting-nether,1434,warrior,arms,36,15,21
stormscale,1433,warrior,arms,33,18,15
soulflayer,1433,warrior,arms,30,15,15
twisting-nether,1433,warrior,arms,33,16,17
draenor,1431,warrior,arms,24,15,9
twisting-nether,1431,warrior,arms,30,15,15
aegwynn,1427,warrior,arms,51,24,27
howling-fjord,1426,warrior,arms,30,15,15
dun-modr,1424,warrior,arms,30,15,15
blackhand,1422,warrior,arms,48,20,28
tarren-mill,1421,warrior,arms,36,16,20
stormscale,1418,warrior,arms,36,20,16
soulflayer,1414,warrior,arms,45,28,17
mannoroth,1412,warrior,arms,42,24,18
thrall,1412,warrior,arms,48,22,26
blackrock,1411,warrior,arms,24,15,9
kazzak,1407,warrior,arms,71,39,32
gordunni,1406,warrior,arms,35,15,20
soulflayer,1403,warrior,arms,29,17,12
stormscale,1403,warrior,arms,45,23,22
deepholm,1401,warrior,arms,35,16,19
terokkar,1400,warrior,arms,67,38,29
aggra-português,1400,warrior,arms,48,15,33
gordunni,1398,warrior,arms,30,16,14
gordunni,1396,warrior,arms,42,24,18
burning-legion,1394,warrior,arms,65,33,32
la-croisade-écarlate,1393,warrior,arms,36,17,19
twisting-nether,1393,warrior,arms,42,19,23
galakrond,1393,warrior,arms,36,15,21
onyxia,1391,warrior,arms,68,35,33
blackrock,1390,warrior,arms,149,72,77
howling-fjord,1389,warrior,arms,24,15,9
gordunni,1387,warrior,arms,24,15,9
confrérie-du-thorium,1383,warrior,arms,53,22,31
blackrock,1376,warrior,arms,30,16,14
chogall,1373,warrior,arms,42,26,16
ravencrest,1371,warrior,arms,78,39,39
twisting-nether,1367,warrior,arms,41,20,21
gordunni,1363,warrior,arms,91,41,50
ravencrest,1361,warrior,arms,30,18,12
chogall,1361,warrior,arms,60,24,36
dun-modr,1360,warrior,arms,42,21,21
burning-legion,1360,warrior,arms,44,19,25
twisting-nether,1353,warrior,arms,54,29,25
alleria,1350,warrior,arms,59,29,30
soulflayer,1349,warrior,arms,71,32,39
blackmoore,1346,warrior,arms,77,35,42
tarren-mill,1343,warrior,arms,24,14,10
soulflayer,1343,warrior,arms,29,15,14
silvermoon,1343,warrior,arms,30,14,16
tarren-mill,1342,warrior,arms,24,14,10
draenor,1342,warrior,arms,27,15,12
deathguard,1341,warrior,arms,30,14,16
stormscale,1339,warrior,arms,24,14,10
nemesis,1336,warrior,arms,18,14,4
kazzak,1335,warrior,arms,36,14,22
argent-dawn,1333,warrior,arms,30,19,11
grim-batol,1330,warrior,arms,24,14,10
kazzak,1327,warrior,arms,75,37,38
soulflayer,1327,warrior,arms,36,15,21
drakthul,1326,warrior,arms,29,14,15
grim-batol,1324,warrior,arms,30,16,14
blackhand,1324,warrior,arms,30,15,15
frostmane,1323,warrior,arms,36,20,16
soulflayer,1323,warrior,arms,51,24,27
kazzak,1320,warrior,arms,32,17,15
gordunni,1319,warrior,arms,24,15,9
twilights-hammer,1317,warrior,arms,52,22,30
deathguard,1315,warrior,arms,24,15,9
khadgar,1314,warrior,arms,61,27,34
deathguard,1311,warrior,arms,24,14,10
twisting-nether,1307,warrior,arms,66,37,29
eldrethalas,1303,warrior,arms,36,17,19
doomhammer,1301,warrior,arms,80,44,36
blackhand,1301,warrior,arms,36,17,19
soulflayer,1300,warrior,arms,53,24,29
ravencrest,1298,warrior,arms,29,14,15
jaedenar,1298,warrior,arms,34,16,18
stormscale,1296,warrior,arms,34,18,16
kazzak,1295,warrior,arms,30,15,15
blackrock,1294,warrior,arms,23,14,9
ravencrest,1290,warrior,arms,30,18,12
eredar,1283,warrior,arms,27,15,12
ashenvale,1279,warrior,arms,72,35,37
sanguino,1263,warrior,arms,70,24,46
silvermoon,1256,warrior,arms,82,40,42
stormreaver,1255,warrior,arms,44,23,21
soulflayer,1255,warrior,arms,42,15,27
draenor,1254,warrior,arms,36,17,19
howling-fjord,1254,warrior,arms,48,22,26
ragnaros,1254,warrior,arms,54,22,32
nemesis,1248,warrior,arms,24,13,11
blackmoore,1245,warrior,arms,24,13,11
burning-legion,1244,warrior,arms,22,14,8
sylvanas,1243,warrior,arms,23,14,9
ravencrest,1242,warrior,arms,24,13,11
bronzebeard,1242,warrior,arms,24,13,11
blackrock,1242,warrior,arms,24,13,11
frostwolf,1242,warrior,arms,30,13,17
sylvanas,1241,warrior,arms,24,13,11
draenor,1239,warrior,arms,30,13,17
draenor,1238,warrior,arms,24,13,11
stormscale,1236,warrior,arms,30,19,11
wrathbringer,1233,warrior,arms,37,19,18
ravencrest,1227,warrior,arms,48,22,26
gordunni,1227,warrior,arms,33,14,19
thermaplugg,1225,warrior,arms,47,23,24
garona,1222,warrior,arms,30,15,15
blackmoore,1221,warrior,arms,38,23,15
blackmoore,1215,warrior,arms,38,19,19
ysondre,1213,warrior,arms,23,13,10
archimonde,1213,warrior,arms,35,13,22
blackmoore,1209,warrior,arms,60,20,40
archimonde,1207,warrior,arms,42,21,21
silvermoon,1207,warrior,arms,30,13,17
argent-dawn,1207,warrior,arms,36,13,23
magtheridon,1205,warrior,arms,18,13,5
twisting-nether,1200,warrior,arms,48,31,17
twisting-nether,1200,warrior,arms,30,14,16
ravencrest,1197,warrior,arms,60,25,35
doomhammer,1196,warrior,arms,57,23,34
nemesis,1193,warrior,arms,21,14,7
kazzak,1192,warrior,arms,36,24,12
blackrock,1186,warrior,arms,134,72,62
outland,1185,warrior,arms,40,14,26
twisting-nether,1184,warrior,arms,24,15,9
outland,1181,warrior,arms,28,13,15
blackhand,1177,warrior,arms,26,13,13
gordunni,1177,warrior,arms,36,13,23
burning-legion,1175,warrior,arms,23,13,10
terokkar,1169,warrior,arms,69,24,45
magtheridon,1165,warrior,arms,24,13,11
eredar,1156,warrior,arms,72,33,39
stormscale,1152,warrior,arms,18,12,6
hyjal,1152,warrior,arms,18,12,6
kazzak,1152,warrior,arms,18,12,6
blackmoore,1152,warrior,arms,18,12,6
archimonde,1152,warrior,arms,24,12,12
kazzak,1152,warrior,arms,24,12,12
hyjal,1151,warrior,arms,12,12,0
ravencrest,1151,warrior,arms,18,12,6
eredar,1151,warrior,arms,18,12,6
ravencrest,1151,warrior,arms,24,12,12
outland,1151,warrior,arms,31,12,19
ragnaros,1150,warrior,arms,18,12,6
kazzak,1150,warrior,arms,24,12,12
twisting-nether,1150,warrior,arms,24,12,12
dalaran,1150,warrior,arms,30,12,18
tarren-mill,1150,warrior,arms,30,12,18
aegwynn,1149,warrior,arms,24,12,12
archimonde,1149,warrior,arms,30,12,18
rexxar,1149,warrior,arms,30,12,18
archimonde,1149,warrior,arms,30,12,18
ravencrest,1148,warrior,arms,18,12,6
drakthul,1148,warrior,arms,24,12,12
exodar,1148,warrior,arms,30,14,16
blackmoore,1147,warrior,arms,18,12,6
stormscale,1147,warrior,arms,24,12,12
mugthol,1147,warrior,arms,24,12,12
soulflayer,1147,warrior,arms,36,12,24
archimonde,1147,warrior,arms,36,12,24
onyxia,1146,warrior,arms,51,29,22
eversong,1146,warrior,arms,24,12,12
silvermoon,1142,warrior,arms,29,13,16
frostwolf,1142,warrior,arms,30,13,17
gordunni,1142,warrior,arms,30,12,18
magtheridon,1140,warrior,arms,30,12,18
silvermoon,1138,warrior,arms,52,17,35
haomarush,1132,warrior,arms,24,12,12
howling-fjord,1130,warrior,arms,28,14,14
the-venture-co,1129,warrior,arms,24,12,12
sanguino,1128,warrior,arms,36,13,23
alakir,1126,warrior,arms,64,32,32
lich-king,1124,warrior,arms,39,13,26
uldaman,1121,warrior,arms,30,15,15
madmortem,1120,warrior,arms,30,12,18
ragnaros,1119,warrior,arms,25,13,12
silvermoon,1117,warrior,arms,78,34,44
soulflayer,1116,warrior,arms,28,15,13
silvermoon,1113,warrior,arms,41,16,25
silvermoon,1112,warrior,arms,25,14,11
archimonde,1111,warrior,arms,38,16,22
soulflayer,1106,warrior,arms,35,12,23
azshara,1105,warrior,arms,17,12,5
kazzak,1102,warrior,arms,30,15,15
archimonde,1102,warrior,arms,36,15,21
blackhand,1099,warrior,arms,32,17,15
silvermoon,1098,warrior,arms,15,12,3
howling-fjord,1096,warrior,arms,30,13,17
eversong,1095,warrior,arms,30,13,17
sanguino,1094,warrior,arms,34,12,22
ashenvale,1091,warrior,arms,27,13,14
draenor,1080,warrior,arms,42,13,29
gilneas,1076,warrior,arms,78,36,42
howling-fjord,1065,warrior,arms,30,12,18
ravencrest,1057,warrior,arms,47,24,23
ravencrest,1056,warrior,arms,18,11,7
kazzak,1056,warrior,arms,18,11,7
kazzak,1056,warrior,arms,18,11,7
kazzak,1056,warrior,arms,24,11,13
howling-fjord,1055,warrior,arms,18,11,7
hyjal,1055,warrior,arms,18,11,7
archimonde,1055,warrior,arms,18,11,7
antonidas,1055,warrior,arms,18,11,7
deathguard,1055,warrior,arms,24,11,13
burning-legion,1055,warrior,arms,24,11,13
nathrezim,1055,warrior,arms,24,11,13
kazzak,1054,warrior,arms,18,11,7
silvermoon,1054,warrior,arms,18,11,7
perenolde,1054,warrior,arms,24,11,13
nemesis,1054,warrior,arms,31,13,18
der-mithrilorden,1054,warrior,arms,30,11,19
blackhand,1053,warrior,arms,18,11,7
blackmoore,1053,warrior,arms,30,11,19
burning-blade,1053,warrior,arms,30,11,19
drakthul,1053,warrior,arms,30,11,19
outland,1052,warrior,arms,18,11,7
sylvanas,1052,warrior,arms,22,12,10
ragnaros,1051,warrior,arms,18,11,7
doomhammer,1051,warrior,arms,18,11,7
tarren-mill,1051,warrior,arms,18,11,7
ysondre,1051,warrior,arms,24,11,13
hyjal,1050,warrior,arms,18,11,7
hyjal,1050,warrior,arms,66,22,44
blackmoore,1049,warrior,arms,18,11,7
burning-legion,1049,warrior,arms,24,11,13
outland,1049,warrior,arms,30,11,19
gordunni,1046,warrior,arms,18,11,7
dalaran,1046,warrior,arms,24,11,13
archimonde,1041,warrior,arms,30,11,19
silvermoon,1037,warrior,arms,18,11,7
gordunni,1034,warrior,arms,24,11,13
dun-morogh,1031,warrior,arms,24,11,13
argent-dawn,1025,warrior,arms,30,12,18
ragnaros,1022,warrior,arms,16,12,4
aegwynn,1020,warrior,arms,18,11,7
tarren-mill,1019,warrior,arms,35,11,24
eversong,1017,warrior,arms,17,11,6
blackmoore,1012,warrior,arms,18,11,7
gordunni,1012,warrior,arms,24,11,13
tarren-mill,1008,warrior,arms,27,12,15
blackhand,1007,warrior,arms,90,43,47
tarren-mill,1006,warrior,arms,23,11,12
blackmoore,1000,warrior,arms,25,12,13
dun-modr,996,warrior,arms,33,13,20
steamwheedle-cartel,994,warrior,arms,23,11,12
outland,994,warrior,arms,23,11,12
argent-dawn,987,warrior,arms,36,11,25
archimonde,981,warrior,arms,25,12,13
blackscar,977,warrior,arms,25,13,12
silvermoon,970,warrior,arms,19,11,8
blackhand,960,warrior,arms,12,10,2
howling-fjord,960,warrior,arms,12,10,2
stormscale,960,warrior,arms,12,10,2
stormscale,960,warrior,arms,12,10,2
soulflayer,960,warrior,arms,18,10,8
ragnaros,960,warrior,arms,18,10,8
ragnaros,960,warrior,arms,18,10,8
argent-dawn,960,warrior,arms,18,10,8
soulflayer,960,warrior,arms,24,10,14
tarren-mill,960,warrior,arms,24,10,14
kazzak,960,warrior,arms,30,10,20
howling-fjord,959,warrior,arms,12,10,2
ysondre,959,warrior,arms,12,10,2
blackrock,959,warrior,arms,18,10,8
draenor,959,warrior,arms,18,10,8
sylvanas,959,warrior,arms,18,10,8
blackrock,959,warrior,arms,18,10,8
blackhand,959,warrior,arms,18,10,8
nazjatar,959,warrior,arms,24,10,14
gordunni,959,warrior,arms,24,10,14
blackhand,959,warrior,arms,30,10,20
stormscale,958,warrior,arms,12,10,2
ravencrest,958,warrior,arms,18,10,8
silvermoon,958,warrior,arms,18,10,8
archimonde,958,warrior,arms,28,11,17
silvermoon,957,warrior,arms,24,10,14
archimonde,956,warrior,arms,18,10,8
drakthul,954,warrior,arms,18,10,8
silvermoon,954,warrior,arms,24,10,14
kirin-tor,953,warrior,arms,24,10,14
gordunni,953,warrior,arms,24,10,14
dalaran,952,warrior,arms,30,15,15
ysondre,950,warrior,arms,18,10,8
talnivarr,948,warrior,arms,16,11,5
ravencrest,948,warrior,arms,40,17,23
tarren-mill,947,warrior,arms,18,10,8
draenor,947,warrior,arms,40,21,19
aegwynn,945,warrior,arms,20,10,10
tarren-mill,939,warrior,arms,30,10,20
ravencrest,929,warrior,arms,19,11,8
antonidas,926,warrior,arms,17,10,7
die-aldor,926,warrior,arms,29,10,19
stormscale,919,warrior,arms,30,15,15
magtheridon,911,warrior,arms,17,10,7
outland,895,warrior,arms,23,10,13
shattered-halls,887,warrior,arms,47,24,23
gordunni,885,warrior,arms,14,10,4
galakrond,883,warrior,arms,42,20,22
zuljin,876,warrior,arms,19,10,9
silvermoon,865,warrior,arms,30,14,16
nordrassil,864,warrior,arms,12,9,3
twisting-nether,864,warrior,arms,12,9,3
borean-tundra,864,warrior,arms,12,9,3
arthas,864,warrior,arms,12,9,3
dun-modr,864,warrior,arms,12,9,3
outland,864,warrior,arms,12,9,3
ravencrest,864,warrior,arms,12,9,3
outland,864,warrior,arms,18,9,9
blackmoore,864,warrior,arms,18,9,9
tarren-mill,864,warrior,arms,18,9,9
antonidas,864,warrior,arms,18,9,9
kazzak,864,warrior,arms,18,9,9
stormscale,864,warrior,arms,18,9,9
stormscale,864,warrior,arms,18,9,9
tarren-mill,864,warrior,arms,18,9,9
burning-legion,864,warrior,arms,18,9,9
silvermoon,864,warrior,arms,18,9,9
silvermoon,864,warrior,arms,18,9,9
kazzak,864,warrior,arms,24,9,15
sylvanas,864,warrior,arms,24,9,15
dun-morogh,864,warrior,arms,24,9,15
ravencrest,864,warrior,arms,24,9,15
drakthul,863,warrior,arms,12,9,3
stormscale,863,warrior,arms,12,9,3
twisting-nether,863,warrior,arms,12,9,3
stormscale,863,warrior,arms,18,9,9
lich-king,863,warrior,arms,18,9,9
outland,863,warrior,arms,18,9,9
twisting-nether,863,warrior,arms,18,9,9
kargath,863,warrior,arms,18,9,9
ravencrest,863,warrior,arms,18,9,9
howling-fjord,863,warrior,arms,18,9,9
rajaxx,863,warrior,arms,18,9,9
frostwolf,863,warrior,arms,24,9,15
howling-fjord,863,warrior,arms,24,9,15
tarren-mill,863,warrior,arms,24,9,15
lightbringer,863,warrior,arms,24,9,15
twilights-hammer,862,warrior,arms,18,9,9
dun-modr,862,warrior,arms,18,9,9
tarren-mill,862,warrior,arms,18,9,9
dun-modr,862,warrior,arms,18,9,9
stormscale,862,warrior,arms,24,9,15
greymane,862,warrior,arms,24,9,15
kazzak,861,warrior,arms,24,9,15
twisting-nether,860,warrior,arms,36,9,27
hyjal,859,warrior,arms,18,9,9
kazzak,858,warrior,arms,18,9,9
doomhammer,858,warrior,arms,24,9,15
drakthul,857,warrior,arms,18,9,9
howling-fjord,857,warrior,arms,18,9,9
eversong,857,warrior,arms,18,9,9
twisting-nether,857,warrior,arms,24,9,15
khaz-modan,855,warrior,arms,25,9,16
malfurion,854,warrior,arms,18,9,9
echsenkessel,846,warrior,arms,21,11,10
ravencrest,846,warrior,arms,24,9,15
tarren-mill,840,warrior,arms,18,10,8
ravencrest,838,warrior,arms,21,10,11
ysondre,825,warrior,arms,90,35,55
twisting-nether,799,warrior,arms,14,9,5
ravencrest,799,warrior,arms,16,9,7
exodar,799,warrior,arms,17,9,8
ragnaros,799,warrior,arms,20,9,11
thrall,798,warrior,arms,36,14,22
kazzak,796,warrior,arms,14,9,5
blackmoore,784,warrior,arms,19,9,10
silvermoon,768,warrior,arms,12,8,4
norgannon,768,warrior,arms,12,8,4
dragonblight,768,warrior,arms,12,8,4
ravencrest,768,warrior,arms,12,8,4
sylvanas,768,warrior,arms,12,8,4
zuljin,768,warrior,arms,12,8,4
eredar,768,warrior,arms,12,8,4
silvermoon,768,warrior,arms,12,8,4
gordunni,768,warrior,arms,12,8,4
ravencrest,768,warrior,arms,18,8,10
sylvanas,768,warrior,arms,18,8,10
kiljaeden,768,warrior,arms,18,8,10
twisting-nether,768,warrior,arms,18,8,10
pozzo-delleternità,768,warrior,arms,18,8,10
drakthul,768,warrior,arms,18,8,10
outland,768,warrior,arms,18,8,10
howling-fjord,768,warrior,arms,18,8,10
draenor,768,warrior,arms,18,8,10
khazgoroth,768,warrior,arms,18,8,10
argent-dawn,768,warrior,arms,24,8,16
blackscar,768,warrior,arms,24,8,16
ysondre,768,warrior,arms,24,8,16
draenor,768,warrior,arms,24,8,16
argent-dawn,767,warrior,arms,12,8,4
ravencrest,767,warrior,arms,12,8,4
kirin-tor,767,warrior,arms,12,8,4
khaz-modan,767,warrior,arms,18,8,10
ysondre,767,warrior,arms,18,8,10
ysondre,767,warrior,arms,18,8,10
gordunni,767,warrior,arms,18,8,10
drakthul,767,warrior,arms,18,8,10
tarren-mill,767,warrior,arms,18,8,10
kazzak,767,warrior,arms,18,8,10
kazzak,767,warrior,arms,18,8,10
howling-fjord,767,warrior,arms,18,8,10
eredar,767,warrior,arms,18,8,10
aegwynn,767,warrior,arms,21,9,12
draenor,767,warrior,arms,24,8,16
silvermoon,767,warrior,arms,24,8,16
anubarak,767,warrior,arms,30,8,22
aegwynn,766,warrior,arms,12,8,4
antonidas,766,warrior,arms,12,8,4
drakthul,766,warrior,arms,12,8,4
silvermoon,766,warrior,arms,18,8,10
burning-legion,766,warrior,arms,18,8,10
ghostlands,766,warrior,arms,18,8,10
twisting-nether,766,warrior,arms,24,8,16
defias-brotherhood,765,warrior,arms,12,8,4
soulflayer,763,warrior,arms,24,8,16
stormscale,762,warrior,arms,18,8,10
burning-blade,762,warrior,arms,18,8,10
tarren-mill,761,warrior,arms,13,8,5
dun-modr,761,warrior,arms,19,10,9
draenor,761,warrior,arms,18,8,10
archimonde,751,warrior,arms,12,8,4
twisting-nether,748,warrior,arms,12,8,4
ashenvale,735,warrior,arms,29,8,21
elune,720,warrior,arms,15,8,7
silvermoon,719,warrior,arms,29,8,21
ysondre,714,warrior,arms,17,8,9
antonidas,703,warrior,arms,16,8,8
blackmoore,701,warrior,arms,14,8,6
stormscale,679,warrior,arms,19,9,10
blackscar,672,warrior,arms,12,7,5
doomhammer,672,warrior,arms,12,7,5
stormscale,672,warrior,arms,12,7,5
blackrock,672,warrior,arms,12,7,5
hyjal,672,warrior,arms,12,7,5
blackmoore,672,warrior,arms,12,7,5
stormscale,672,warrior,arms,12,7,5
silvermoon,672,warrior,arms,12,7,5
kazzak,672,warrior,arms,12,7,5
outland,672,warrior,arms,12,7,5
arthas,672,warrior,arms,12,7,5
blackrock,672,warrior,arms,12,7,5
stormrage,672,warrior,arms,12,7,5
dalaran,672,warrior,arms,12,7,5
thrall,672,warrior,arms,12,7,5
dalaran,672,warrior,arms,12,7,5
argent-dawn,672,warrior,arms,12,7,5
stormscale,672,warrior,arms,12,7,5
blackscar,672,warrior,arms,12,7,5
blackmoore,672,warrior,arms,12,7,5
frostmane,672,warrior,arms,12,7,5
archimonde,672,warrior,arms,12,7,5
twisting-nether,672,warrior,arms,12,7,5
stormscale,672,warrior,arms,12,7,5
thrall,672,warrior,arms,12,7,5
gordunni,672,warrior,arms,12,7,5
twisting-nether,672,warrior,arms,12,7,5
howling-fjord,672,warrior,arms,12,7,5
twisting-nether,672,warrior,arms,12,7,5
executus,672,warrior,arms,12,7,5
burning-legion,672,warrior,arms,16,8,8
stormscale,672,warrior,arms,18,7,11
sylvanas,672,warrior,arms,18,7,11
draenor,672,warrior,arms,18,7,11
kazzak,672,warrior,arms,18,7,11
ravencrest,672,warrior,arms,18,7,11
argent-dawn,672,warrior,arms,18,7,11
sylvanas,672,warrior,arms,18,7,11
blackmoore,672,warrior,arms,18,7,11
silvermoon,672,warrior,arms,18,7,11
ragnaros,672,warrior,arms,18,7,11
sylvanas,672,warrior,arms,24,7,17
ragnaros,671,warrior,arms,12,7,5
gordunni,671,warrior,arms,12,7,5
kirin-tor,671,warrior,arms,12,7,5
azjolnerub,671,warrior,arms,12,7,5
howling-fjord,671,warrior,arms,12,7,5
cthun,671,warrior,arms,12,7,5
blackrock,671,warrior,arms,12,7,5
sanguino,671,warrior,arms,12,7,5
blackmoore,671,warrior,arms,12,7,5
blutkessel,671,warrior,arms,12,7,5
defias-brotherhood,671,warrior,arms,18,7,11
ragnaros,671,warrior,arms,18,7,11
ravencrest,671,warrior,arms,18,7,11
hyjal,671,warrior,arms,18,7,11
gordunni,671,warrior,arms,24,7,17
twisting-nether,671,warrior,arms,24,7,17
blackmoore,670,warrior,arms,12,7,5
burning-legion,670,warrior,arms,12,7,5
blackhand,670,warrior,arms,18,7,11
greymane,669,warrior,arms,12,7,5
nemesis,669,warrior,arms,12,7,5
chogall,669,warrior,arms,20,7,13
durotan,667,warrior,arms,12,7,5
twisting-nether,667,warrior,arms,18,7,11
burning-legion,667,warrior,arms,24,7,17
the-maelstrom,666,warrior,arms,12,7,5
howling-fjord,654,warrior,arms,17,7,10
blackrock,639,warrior,arms,11,7,4
grim-batol,639,warrior,arms,17,7,10
ragnaros,639,warrior,arms,17,7,10
gordunni,623,warrior,arms,17,7,10
kazzak,607,warrior,arms,14,7,7
outland,607,warrior,arms,14,7,7
uldum,607,warrior,arms,16,7,9
nemesis,576,warrior,arms,6,6,0
howling-fjord,576,warrior,arms,6,6,0
howling-fjord,576,warrior,arms,6,6,0
hellfire,576,warrior,arms,12,6,6
quelthalas,576,warrior,arms,12,6,6
twisting-nether,576,warrior,arms,12,6,6
blackrock,576,warrior,arms,12,6,6
sanguino,576,warrior,arms,12,6,6
draenor,576,warrior,arms,12,6,6
hyjal,576,warrior,arms,12,6,6
ragnaros,576,warrior,arms,12,6,6
outland,576,warrior,arms,12,6,6
eredar,576,warrior,arms,12,6,6
kult-der-verdammten,576,warrior,arms,12,6,6
burning-legion,576,warrior,arms,12,6,6
nerathor,576,warrior,arms,12,6,6
doomhammer,576,warrior,arms,12,6,6
gordunni,576,warrior,arms,12,6,6
howling-fjord,576,warrior,arms,12,6,6
lightbringer,576,warrior,arms,12,6,6
gordunni,576,warrior,arms,12,6,6
draenor,576,warrior,arms,12,6,6
stormscale,576,warrior,arms,12,6,6
kazzak,576,warrior,arms,12,6,6
ravencrest,576,warrior,arms,12,6,6
ragnaros,576,warrior,arms,12,6,6
soulflayer,576,warrior,arms,12,6,6
soulflayer,576,warrior,arms,12,6,6
sanguino,576,warrior,arms,12,6,6
blackhand,576,warrior,arms,12,6,6
drakthul,576,warrior,arms,12,6,6
burning-legion,576,warrior,arms,12,6,6
gordunni,576,warrior,arms,12,6,6
ravencrest,576,warrior,arms,12,6,6
draenor,576,warrior,arms,12,6,6
blackhand,576,warrior,arms,12,6,6
blackhand,576,warrior,arms,12,6,6
ravencrest,576,warrior,arms,12,6,6
rashgarroth,576,warrior,arms,12,6,6
blackrock,576,warrior,arms,12,6,6
burning-legion,576,warrior,arms,12,6,6
sanguino,576,warrior,arms,12,6,6
burning-legion,576,warrior,arms,12,6,6
draenor,576,warrior,arms,12,6,6
draenor,576,warrior,arms,12,6,6
blackrock,576,warrior,arms,12,6,6
archimonde,576,warrior,arms,12,6,6
silvermoon,576,warrior,arms,12,6,6
blackhand,576,warrior,arms,12,6,6
nemesis,576,warrior,arms,12,6,6
soulflayer,576,warrior,arms,18,6,12
kazzak,576,warrior,arms,18,6,12
silvermoon,576,warrior,arms,18,6,12
tarren-mill,576,warrior,arms,18,6,12
thrall,576,warrior,arms,18,6,12
draenor,576,warrior,arms,18,6,12
archimonde,576,warrior,arms,18,6,12
hellscream,576,warrior,arms,18,6,12
kazzak,576,warrior,arms,24,6,18
kazzak,576,warrior,arms,24,6,18
blackmoore,576,warrior,arms,24,6,18
argent-dawn,575,warrior,arms,6,6,0
blackmoore,575,warrior,arms,9,7,2
fordragon,575,warrior,arms,12,6,6
defias-brotherhood,575,warrior,arms,12,6,6
silvermoon,575,warrior,arms,12,6,6
drakthul,575,warrior,arms,12,6,6
tarren-mill,575,warrior,arms,12,6,6
blades-edge,575,warrior,arms,12,6,6
sylvanas,575,warrior,arms,12,6,6
tarren-mill,575,warrior,arms,12,6,6
conseil-des-ombres,575,warrior,arms,12,6,6
hyjal,575,warrior,arms,16,6,10
dun-modr,575,warrior,arms,18,6,12
kazzak,575,warrior,arms,18,6,12
blackmoore,575,warrior,arms,18,6,12
burning-legion,575,warrior,arms,18,6,12
outland,575,warrior,arms,18,6,12
kazzak,575,warrior,arms,18,6,12
argent-dawn,575,warrior,arms,18,6,12
drakthul,575,warrior,arms,18,6,12
auchindoun,575,warrior,arms,24,6,18
eredar,574,warrior,arms,15,7,8
minahonda,574,warrior,arms,24,6,18
aegwynn,572,warrior,arms,12,6,6
hyjal,571,warrior,arms,12,6,6
argent-dawn,571,warrior,arms,12,6,6
pozzo-delleternità,568,warrior,arms,12,6,6
howling-fjord,559,warrior,arms,17,6,11
burning-legion,543,warrior,arms,11,6,5
malganis,543,warrior,arms,11,6,5
outland,528,warrior,arms,15,7,8
twisting-nether,528,warrior,arms,15,6,9
kazzak,527,warrior,arms,11,6,5
ravencrest,526,warrior,arms,11,6,5
gordunni,512,warrior,arms,10,6,4
ragnaros,512,warrior,arms,16,6,10
lightnings-blade,480,warrior,arms,6,5,1
soulflayer,480,warrior,arms,6,5,1
tarren-mill,480,warrior,arms,6,5,1
deathguard,480,warrior,arms,6,5,1
blackrock,480,warrior,arms,6,5,1
ravencrest,480,warrior,arms,6,5,1
twisting-nether,480,warrior,arms,6,5,1
mugthol,480,warrior,arms,6,5,1
twisting-nether,480,warrior,arms,6,5,1
silvermoon,480,warrior,arms,6,5,1
archimonde,480,warrior,arms,6,5,1
ravencrest,480,warrior,arms,6,5,1
tarren-mill,480,warrior,arms,6,5,1
tarren-mill,480,warrior,arms,6,5,1
drakthul,480,warrior,arms,6,5,1
malganis,480,warrior,arms,6,5,1
burning-blade,480,warrior,arms,6,5,1
burning-blade,480,warrior,arms,6,5,1
blackmoore,480,warrior,arms,6,5,1
stormscale,480,warrior,arms,6,5,1
tarren-mill,480,warrior,arms,6,5,1
sinstralis,480,warrior,arms,6,5,1
outland,480,warrior,arms,6,5,1
grim-batol,480,warrior,arms,6,5,1
archimonde,480,warrior,arms,6,5,1
howling-fjord,480,warrior,arms,6,5,1
draenor,480,warrior,arms,6,5,1
khaz-modan,480,warrior,arms,6,5,1
howling-fjord,480,warrior,arms,6,5,1
draenor,480,warrior,arms,6,5,1
soulflayer,480,warrior,arms,9,6,3
stormscale,480,warrior,arms,9,6,3
gordunni,480,warrior,arms,12,5,7
stormscale,480,warrior,arms,12,5,7
gordunni,480,warrior,arms,12,5,7
ravencrest,480,warrior,arms,12,5,7
eldrethalas,480,warrior,arms,12,5,7
doomhammer,480,warrior,arms,12,5,7
archimonde,480,warrior,arms,12,5,7
burning-legion,480,warrior,arms,12,5,7
stormscale,480,warrior,arms,12,5,7
tarren-mill,480,warrior,arms,12,5,7
blackrock,480,warrior,arms,12,5,7
argent-dawn,480,warrior,arms,12,5,7
ravencrest,480,warrior,arms,12,5,7
wildhammer,480,warrior,arms,12,5,7
soulflayer,480,warrior,arms,12,5,7
soulflayer,480,warrior,arms,12,5,7
silvermoon,480,warrior,arms,12,5,7
nerathor,480,warrior,arms,12,5,7
pozzo-delleternità,480,warrior,arms,12,5,7
drakthul,480,warrior,arms,12,5,7
argent-dawn,480,warrior,arms,12,5,7
archimonde,480,warrior,arms,12,5,7
ragnaros,480,warrior,arms,12,5,7
draenor,480,warrior,arms,12,5,7
outland,480,warrior,arms,12,5,7
twisting-nether,480,warrior,arms,12,5,7
hyjal,480,warrior,arms,12,5,7
silvermoon,480,warrior,arms,12,5,7
argent-dawn,480,warrior,arms,12,5,7
malygos,480,warrior,arms,12,5,7
kazzak,480,warrior,arms,12,5,7
antonidas,480,warrior,arms,12,5,7
draenor,480,warrior,arms,12,5,7
nemesis,480,warrior,arms,12,5,7
silvermoon,480,warrior,arms,12,5,7
shadowsong,480,warrior,arms,12,5,7
ragnaros,480,warrior,arms,12,5,7
antonidas,480,warrior,arms,12,5,7
archimonde,480,warrior,arms,12,5,7
uldum,480,warrior,arms,12,5,7
gordunni,480,warrior,arms,12,5,7
ravencrest,480,warrior,arms,12,5,7
drakthul,480,warrior,arms,12,5,7
drakthul,480,warrior,arms,12,5,7
kazzak,480,warrior,arms,12,5,7
quelthalas,480,warrior,arms,12,5,7
tarren-mill,480,warrior,arms,12,5,7
soulflayer,480,warrior,arms,12,5,7
eredar,480,warrior,arms,12,5,7
ragnaros,480,warrior,arms,12,5,7
gordunni,480,warrior,arms,12,5,7
blackmoore,480,warrior,arms,12,5,7
sylvanas,480,warrior,arms,12,5,7
antonidas,480,warrior,arms,13,5,8
howling-fjord,480,warrior,arms,16,6,10
thrall,480,warrior,arms,18,5,13
nazjatar,480,warrior,arms,18,5,13
draenor,480,warrior,arms,18,5,13
borean-tundra,480,warrior,arms,18,5,13
auchindoun,480,warrior,arms,18,5,13
krasus,480,warrior,arms,18,5,13
deathguard,480,warrior,arms,18,5,13
ravencrest,480,warrior,arms,24,5,19
kazzak,480,warrior,arms,24,5,19
ragnaros,479,warrior,arms,6,5,1
eredar,479,warrior,arms,6,5,1
kazzak,479,warrior,arms,12,5,7
arathor,479,warrior,arms,12,5,7
tarren-mill,479,warrior,arms,12,5,7
silvermoon,479,warrior,arms,18,6,12
howling-fjord,479,warrior,arms,18,5,13
draenor,478,warrior,arms,18,5,13
stormscale,447,warrior,arms,11,5,6
auchindoun,447,warrior,arms,11,5,6
gordunni,447,warrior,arms,17,5,12
tarren-mill,431,warrior,arms,11,5,6
ravencrest,415,warrior,arms,8,6,2
pozzo-delleternità,415,warrior,arms,8,5,3
burning-legion,415,warrior,arms,10,5,5
exodar,415,warrior,arms,11,5,6
blackmoore,414,warrior,arms,14,5,9
culte-de-la-rive-noire,413,warrior,arms,16,5,11
tarren-mill,384,warrior,arms,6,4,2
tarren-mill,384,warrior,arms,6,4,2
gordunni,384,warrior,arms,6,4,2
thrall,384,warrior,arms,6,4,2
azjolnerub,384,warrior,arms,6,4,2
draenor,384,warrior,arms,6,4,2
executus,384,warrior,arms,6,4,2
der-abyssische-rat,384,warrior,arms,6,4,2
alakir,384,warrior,arms,6,4,2
kult-der-verdammten,384,warrior,arms,6,4,2
ravencrest,384,warrior,arms,6,4,2
aegwynn,384,warrior,arms,6,4,2
thrall,384,warrior,arms,6,4,2
ravencrest,384,warrior,arms,6,4,2
illidan,384,warrior,arms,6,4,2
ravencrest,384,warrior,arms,6,4,2
silvermoon,384,warrior,arms,6,4,2
outland,384,warrior,arms,6,4,2
blackmoore,384,warrior,arms,6,4,2
ragnaros,384,warrior,arms,6,4,2
defias-brotherhood,384,warrior,arms,6,4,2
defias-brotherhood,384,warrior,arms,6,4,2
draenor,384,warrior,arms,6,4,2
hyjal,384,warrior,arms,6,4,2
drakthul,384,warrior,arms,6,4,2
outland,384,warrior,arms,6,4,2
ravencrest,384,warrior,arms,6,4,2
aegwynn,384,warrior,arms,6,4,2
draenor,384,warrior,arms,6,4,2
draenor,384,warrior,arms,6,4,2
tarren-mill,384,warrior,arms,6,4,2
howling-fjord,384,warrior,arms,6,4,2
sanguino,384,warrior,arms,6,4,2
aegwynn,384,warrior,arms,6,4,2
borean-tundra,384,warrior,arms,6,4,2
archimonde,384,warrior,arms,6,4,2
stormscale,384,warrior,arms,6,4,2
uldum,384,warrior,arms,6,4,2
blackscar,384,warrior,arms,6,4,2
hyjal,384,warrior,arms,6,4,2
gordunni,384,warrior,arms,6,4,2
stormscale,384,warrior,arms,6,4,2
archimonde,384,warrior,arms,6,4,2
soulflayer,384,warrior,arms,6,4,2
blackhand,384,warrior,arms,6,4,2
the-maelstrom,384,warrior,arms,6,4,2
stormscale,384,warrior,arms,6,4,2
magtheridon,384,warrior,arms,6,4,2
the-maelstrom,384,warrior,arms,6,4,2
zuljin,384,warrior,arms,8,4,4
dun-morogh,384,warrior,arms,12,4,8
antonidas,384,warrior,arms,12,4,8
burning-legion,384,warrior,arms,12,4,8
aegwynn,384,warrior,arms,12,4,8
ragnaros,384,warrior,arms,12,4,8
tyrande,384,warrior,arms,12,4,8
stormscale,384,warrior,arms,12,4,8
frostwhisper,384,warrior,arms,12,4,8
ravencrest,384,warrior,arms,12,4,8
ragnaros,384,warrior,arms,12,4,8
antonidas,384,warrior,arms,12,4,8
terokkar,384,warrior,arms,12,4,8
burning-blade,384,warrior,arms,12,4,8
ravencrest,384,warrior,arms,12,4,8
malganis,384,warrior,arms,12,4,8
stormscale,384,warrior,arms,12,4,8
ravencrest,384,warrior,arms,12,4,8
tarren-mill,384,warrior,arms,12,4,8
twisting-nether,384,warrior,arms,12,4,8
archimonde,384,warrior,arms,12,4,8
argent-dawn,384,warrior,arms,12,4,8
burning-legion,384,warrior,arms,12,4,8
zenedar,384,warrior,arms,12,4,8
sanguino,384,warrior,arms,12,4,8
argent-dawn,384,warrior,arms,12,4,8
sinstralis,384,warrior,arms,12,4,8
voljin,384,warrior,arms,12,4,8
ravencrest,384,warrior,arms,12,4,8
ragnaros,384,warrior,arms,12,4,8
shattrath,384,warrior,arms,12,4,8
ragnaros,384,warrior,arms,12,4,8
blackmoore,384,warrior,arms,12,4,8
hyjal,384,warrior,arms,12,4,8
silvermoon,384,warrior,arms,12,4,8
gordunni,384,warrior,arms,12,4,8
frostmane,384,warrior,arms,12,4,8
die-aldor,384,warrior,arms,12,4,8
howling-fjord,384,warrior,arms,12,4,8
lightnings-blade,384,warrior,arms,12,4,8
blackmoore,384,warrior,arms,12,4,8
blackmoore,384,warrior,arms,12,4,8
grim-batol,384,warrior,arms,12,4,8
fordragon,384,warrior,arms,12,4,8
kazzak,384,warrior,arms,12,4,8
tirion,384,warrior,arms,12,4,8
borean-tundra,384,warrior,arms,12,4,8
kazzak,384,warrior,arms,12,4,8
kazzak,384,warrior,arms,12,4,8
sylvanas,384,warrior,arms,12,4,8
blackmoore,384,warrior,arms,12,4,8
veknilash,384,warrior,arms,12,4,8
silvermoon,384,warrior,arms,12,4,8
blackrock,384,warrior,arms,20,4,16
blackrock,383,warrior,arms,6,4,2
silvermoon,383,warrior,arms,6,4,2
kazzak,383,warrior,arms,6,4,2
archimonde,383,warrior,arms,6,4,2
doomhammer,383,warrior,arms,6,4,2
burning-legion,383,warrior,arms,6,4,2
outland,383,warrior,arms,6,4,2
howling-fjord,383,warrior,arms,9,5,4
ravencrest,383,warrior,arms,12,4,8
draenor,383,warrior,arms,12,4,8
khaz-modan,383,warrior,arms,12,4,8
sanguino,383,warrior,arms,12,4,8
silvermoon,383,warrior,arms,12,4,8
ravencrest,383,warrior,arms,18,4,14
anetheron,382,warrior,arms,6,4,2
the-maelstrom,382,warrior,arms,6,4,2
stormscale,382,warrior,arms,6,4,2
dun-morogh,382,warrior,arms,12,4,8
khaz-modan,379,warrior,arms,12,4,8
ragnaros,351,warrior,arms,11,4,7
ravencrest,351,warrior,arms,11,4,7
burning-legion,335,warrior,arms,11,4,7
gordunni,335,warrior,arms,17,4,13
kazzak,320,warrior,arms,10,4,6
draenor,320,warrior,arms,16,4,12
gordunni,304,warrior,arms,7,4,3
thrall,288,warrior,arms,6,3,3
aegwynn,288,warrior,arms,6,3,3
aegwynn,288,warrior,arms,6,3,3
gordunni,288,warrior,arms,6,3,3
gordunni,288,warrior,arms,6,3,3
eredar,288,warrior,arms,6,3,3
ravencrest,288,warrior,arms,6,3,3
outland,288,warrior,arms,6,3,3
hyjal,288,warrior,arms,6,3,3
ravencrest,288,warrior,arms,6,3,3
burning-legion,288,warrior,arms,6,3,3
burning-legion,288,warrior,arms,6,3,3
howling-fjord,288,warrior,arms,6,3,3
archimonde,288,warrior,arms,6,3,3
ragnaros,288,warrior,arms,6,3,3
ravencrest,288,warrior,arms,6,3,3
ravencrest,288,warrior,arms,6,3,3
eredar,288,warrior,arms,6,3,3
burning-legion,288,warrior,arms,6,3,3
outland,288,warrior,arms,6,3,3
nemesis,288,warrior,arms,6,3,3
burning-legion,288,warrior,arms,6,3,3
howling-fjord,288,warrior,arms,6,3,3
outland,288,warrior,arms,6,3,3
ysondre,288,warrior,arms,6,3,3
ragnaros,288,warrior,arms,6,3,3
stormrage,288,warrior,arms,6,3,3
ravencrest,288,warrior,arms,6,3,3
outland,288,warrior,arms,6,3,3
howling-fjord,288,warrior,arms,6,3,3
blackscar,288,warrior,arms,6,3,3
eredar,288,warrior,arms,6,3,3
outland,288,warrior,arms,6,3,3
antonidas,288,warrior,arms,6,3,3
sylvanas,288,warrior,arms,6,3,3
aegwynn,288,warrior,arms,6,3,3
howling-fjord,288,warrior,arms,6,3,3
borean-tundra,288,warrior,arms,6,3,3
thrall,288,warrior,arms,6,3,3
stormrage,288,warrior,arms,6,3,3
ragnaros,288,warrior,arms,6,3,3
draenor,288,warrior,arms,6,3,3
gorgonnash,288,warrior,arms,6,3,3
twisting-nether,288,warrior,arms,6,3,3
madmortem,288,warrior,arms,6,3,3
draenor,288,warrior,arms,6,3,3
gordunni,288,warrior,arms,6,3,3
stormscale,288,warrior,arms,6,3,3
stormscale,288,warrior,arms,6,3,3
sylvanas,288,warrior,arms,6,3,3
blackscar,288,warrior,arms,6,3,3
ragnaros,288,warrior,arms,6,3,3
kirin-tor,288,warrior,arms,6,3,3
veknilash,288,warrior,arms,6,3,3
turalyon,288,warrior,arms,6,3,3
archimonde,288,warrior,arms,6,3,3
hyjal,288,warrior,arms,6,3,3
ysondre,288,warrior,arms,6,3,3
silvermoon,288,warrior,arms,6,3,3
silvermoon,288,warrior,arms,6,3,3
runetotem,288,warrior,arms,6,3,3
arathor,288,warrior,arms,6,3,3
soulflayer,288,warrior,arms,6,3,3
stormscale,288,warrior,arms,6,3,3
turalyon,288,warrior,arms,6,3,3
temple-noir,288,warrior,arms,6,3,3
ysondre,288,warrior,arms,6,3,3
howling-fjord,288,warrior,arms,6,3,3
stormscale,288,warrior,arms,6,3,3
howling-fjord,288,warrior,arms,6,3,3
todeswache,288,warrior,arms,6,3,3
antonidas,288,warrior,arms,6,3,3
blackrock,288,warrior,arms,6,3,3
blackrock,288,warrior,arms,6,3,3
sylvanas,288,warrior,arms,6,3,3
fordragon,288,warrior,arms,6,3,3
zuljin,288,warrior,arms,6,3,3
aggra-português,288,warrior,arms,6,3,3
soulflayer,288,warrior,arms,6,3,3
sanguino,288,warrior,arms,6,3,3
onyxia,288,warrior,arms,6,3,3
dalaran,288,warrior,arms,6,3,3
ysondre,288,warrior,arms,6,3,3
dunemaul,288,warrior,arms,6,3,3
blackrock,288,warrior,arms,6,3,3
howling-fjord,288,warrior,arms,6,3,3
arakarahm,288,warrior,arms,6,3,3
taerar,288,warrior,arms,6,3,3
stormscale,288,warrior,arms,6,3,3
ysondre,288,warrior,arms,6,3,3
aggra-português,288,warrior,arms,6,3,3
the-maelstrom,288,warrior,arms,6,3,3
ysondre,288,warrior,arms,6,3,3
arygos,288,warrior,arms,6,3,3
bloodhoof,288,warrior,arms,6,3,3
dalaran,288,warrior,arms,6,3,3
argent-dawn,288,warrior,arms,6,3,3
the-maelstrom,288,warrior,arms,6,3,3
argent-dawn,288,warrior,arms,6,3,3
argent-dawn,288,warrior,arms,6,3,3
veklor,288,warrior,arms,6,3,3
magtheridon,288,warrior,arms,6,3,3
archimonde,288,warrior,arms,6,3,3
rexxar,288,warrior,arms,6,3,3
rexxar,288,warrior,arms,6,3,3
kazzak,288,warrior,arms,6,3,3
magtheridon,288,warrior,arms,6,3,3
kul-tiras,288,warrior,arms,6,3,3
eversong,288,warrior,arms,6,3,3
ashenvale,288,warrior,arms,6,3,3
tarren-mill,288,warrior,arms,6,3,3
earthen-ring,288,warrior,arms,6,3,3
argent-dawn,288,warrior,arms,6,3,3
lightbringer,288,warrior,arms,6,3,3
drakthul,288,warrior,arms,6,3,3
emeriss,288,warrior,arms,6,3,3
kazzak,288,warrior,arms,6,3,3
razuvious,288,warrior,arms,6,3,3
twisting-nether,288,warrior,arms,6,3,3
kazzak,288,warrior,arms,6,3,3
kazzak,288,warrior,arms,6,3,3
tarren-mill,288,warrior,arms,6,3,3
kazzak,288,warrior,arms,6,3,3
twisting-nether,288,warrior,arms,6,3,3
tarren-mill,288,warrior,arms,6,3,3
tarren-mill,288,warrior,arms,6,3,3
howling-fjord,288,warrior,arms,12,3,9
silvermoon,288,warrior,arms,12,3,9
turalyon,288,warrior,arms,12,3,9
frostmane,288,warrior,arms,12,3,9
ragnaros,288,warrior,arms,12,3,9
draenor,288,warrior,arms,12,3,9
argent-dawn,288,warrior,arms,12,3,9
archimonde,288,warrior,arms,12,3,9
howling-fjord,288,warrior,arms,12,3,9
kazzak,288,warrior,arms,12,3,9
grom,288,warrior,arms,12,3,9
ravencrest,288,warrior,arms,12,3,9
ysondre,288,warrior,arms,12,3,9
blackmoore,288,warrior,arms,12,3,9
kazzak,288,warrior,arms,12,3,9
malganis,288,warrior,arms,12,3,9
tarren-mill,288,warrior,arms,12,3,9
tarren-mill,288,warrior,arms,12,3,9
stormscale,288,warrior,arms,12,3,9
gordunni,288,warrior,arms,12,3,9
tarren-mill,288,warrior,arms,12,3,9
tarren-mill,288,warrior,arms,12,3,9
stormscale,288,warrior,arms,12,3,9
alakir,288,warrior,arms,12,3,9
thrall,288,warrior,arms,12,3,9
dun-modr,288,warrior,arms,12,3,9
hyjal,288,warrior,arms,17,3,14
drakthul,287,warrior,arms,6,3,3
burning-legion,287,warrior,arms,6,3,3
darksorrow,287,warrior,arms,12,3,9
khaz-modan,255,warrior,arms,11,3,8
silvermoon,255,warrior,arms,11,3,8
hyjal,240,warrior,arms,15,3,12
proudmoore,239,warrior,arms,5,3,2
trollbane,239,warrior,arms,5,3,2
soulflayer,239,warrior,arms,5,3,2
draenor,239,warrior,arms,5,3,2
hyjal,239,warrior,arms,5,3,2
twisting-nether,239,warrior,arms,9,4,5
stormscale,234,warrior,arms,23,6,17
outland,234,warrior,arms,23,4,19
soulflayer,208,warrior,arms,7,3,4
burning-legion,192,warrior,arms,9,3,6
tarren-mill,192,warrior,arms,6,2,4
kazzak,192,warrior,arms,6,2,4
kazzak,192,warrior,arms,6,2,4
tarren-mill,192,warrior,arms,6,2,4
tarren-mill,192,warrior,arms,6,2,4
blackmoore,192,warrior,arms,6,2,4
stormreaver,192,warrior,arms,6,2,4
kazzak,192,warrior,arms,6,2,4
blackmoore,192,warrior,arms,6,2,4
tarren-mill,192,warrior,arms,6,2,4
drakthul,192,warrior,arms,6,2,4
argent-dawn,192,warrior,arms,6,2,4
twisting-nether,192,warrior,arms,6,2,4
tarren-mill,192,warrior,arms,6,2,4
blackmoore,192,warrior,arms,6,2,4
kazzak,192,warrior,arms,6,2,4
drakthul,192,warrior,arms,6,2,4
mazrigos,192,warrior,arms,6,2,4
drakthul,192,warrior,arms,6,2,4
tarren-mill,192,warrior,arms,6,2,4
tarren-mill,192,warrior,arms,6,2,4
tarren-mill,192,warrior,arms,6,2,4
argent-dawn,192,warrior,arms,6,2,4
eversong,192,warrior,arms,6,2,4
twisting-nether,192,warrior,arms,6,2,4
argent-dawn,192,warrior,arms,6,2,4
stormscale,192,warrior,arms,6,2,4
lothar,192,warrior,arms,6,2,4
azshara,192,warrior,arms,6,2,4
argent-dawn,192,warrior,arms,6,2,4
antonidas,192,warrior,arms,6,2,4
kazzak,192,warrior,arms,6,2,4
argent-dawn,192,warrior,arms,6,2,4
stormscale,192,warrior,arms,6,2,4
ysondre,192,warrior,arms,6,2,4
aegwynn,192,warrior,arms,6,2,4
ysondre,192,warrior,arms,6,2,4
silvermoon,192,warrior,arms,6,2,4
malganis,192,warrior,arms,6,2,4
hellscream,192,warrior,arms,6,2,4
booty-bay,192,warrior,arms,6,2,4
blackhand,192,warrior,arms,6,2,4
silvermoon,192,warrior,arms,6,2,4
sanguino,192,warrior,arms,6,2,4
howling-fjord,192,warrior,arms,6,2,4
gordunni,192,warrior,arms,6,2,4
malganis,192,warrior,arms,6,2,4
burning-legion,192,warrior,arms,6,2,4
blackhand,192,warrior,arms,6,2,4
archimonde,192,warrior,arms,6,2,4
eredar,192,warrior,arms,6,2,4
uldum,192,warrior,arms,6,2,4
eredar,192,warrior,arms,6,2,4
archimonde,192,warrior,arms,6,2,4
archimonde,192,warrior,arms,6,2,4
blackhand,192,warrior,arms,6,2,4
malganis,192,warrior,arms,6,2,4
howling-fjord,192,warrior,arms,6,2,4
hyjal,192,warrior,arms,6,2,4
die-aldor,192,warrior,arms,6,2,4
stormscale,192,warrior,arms,6,2,4
hyjal,192,warrior,arms,6,2,4
blackrock,192,warrior,arms,6,2,4
stormscale,192,warrior,arms,6,2,4
uldaman,192,warrior,arms,6,2,4
stormscale,192,warrior,arms,6,2,4
ravencrest,192,warrior,arms,6,2,4
guldan,192,warrior,arms,6,2,4
archimonde,192,warrior,arms,6,2,4
blackrock,192,warrior,arms,6,2,4
soulflayer,192,warrior,arms,6,2,4
stormscale,192,warrior,arms,6,2,4
aegwynn,192,warrior,arms,6,2,4
gordunni,192,warrior,arms,6,2,4
gordunni,192,warrior,arms,6,2,4
frostwolf,192,warrior,arms,6,2,4
ravencrest,192,warrior,arms,6,2,4
silvermoon,192,warrior,arms,6,2,4
aegwynn,192,warrior,arms,6,2,4
howling-fjord,192,warrior,arms,6,2,4
dun-modr,192,warrior,arms,6,2,4
ravencrest,192,warrior,arms,6,2,4
frostmane,192,warrior,arms,6,2,4
soulflayer,192,warrior,arms,6,2,4
aegwynn,192,warrior,arms,6,2,4
silvermoon,192,warrior,arms,6,2,4
aegwynn,192,warrior,arms,6,2,4
dun-modr,192,warrior,arms,6,2,4
aegwynn,192,warrior,arms,6,2,4
festung-der-stürme,192,warrior,arms,6,2,4
argent-dawn,192,warrior,arms,6,2,4
stormscale,192,warrior,arms,6,2,4
ravencrest,192,warrior,arms,6,2,4
borean-tundra,192,warrior,arms,6,2,4
burning-legion,192,warrior,arms,6,2,4
ragnaros,192,warrior,arms,6,2,4
stormscale,192,warrior,arms,6,2,4
ravencrest,192,warrior,arms,6,2,4
howling-fjord,192,warrior,arms,6,2,4
silvermoon,192,warrior,arms,6,2,4
draenor,192,warrior,arms,6,2,4
silvermoon,192,warrior,arms,6,2,4
ragnaros,192,warrior,arms,6,2,4
howling-fjord,192,warrior,arms,6,2,4
gordunni,192,warrior,arms,6,2,4
ravencrest,192,warrior,arms,6,2,4
pozzo-delleternità,192,warrior,arms,6,2,4
frostmane,192,warrior,arms,6,2,4
amanthul,192,warrior,arms,6,2,4
stormscale,192,warrior,arms,6,2,4
gordunni,192,warrior,arms,6,2,4
ravencrest,192,warrior,arms,6,2,4
draenor,192,warrior,arms,6,2,4
ravencrest,192,warrior,arms,6,2,4
archimonde,192,warrior,arms,6,2,4
booty-bay,192,warrior,arms,6,2,4
pozzo-delleternità,192,warrior,arms,6,2,4
antonidas,192,warrior,arms,6,2,4
tirion,192,warrior,arms,6,2,4
nemesis,192,warrior,arms,6,2,4
ravencrest,192,warrior,arms,7,2,5
archimonde,192,warrior,arms,8,2,6
sylvanas,192,warrior,arms,12,2,10
stormscale,192,warrior,arms,12,2,10
silvermoon,192,warrior,arms,12,2,10
gordunni,192,warrior,arms,12,2,10
outland,192,warrior,arms,12,2,10
tarren-mill,192,warrior,arms,12,2,10
silvermoon,192,warrior,arms,12,2,10
blackmoore,192,warrior,arms,12,2,10
kazzak,192,warrior,arms,18,2,16
ragnaros,159,warrior,arms,5,2,3
gordunni,159,warrior,arms,5,2,3
twisting-nether,159,warrior,arms,5,2,3
sylvanas,159,warrior,arms,5,2,3
norgannon,138,warrior,arms,11,5,6
xavius,128,warrior,arms,4,2,2
blackmoore,128,warrior,arms,4,2,2
blackhand,128,warrior,arms,4,2,2
ysondre,127,warrior,arms,10,2,8
voljin,112,warrior,arms,7,2,5
ravencrest,96,warrior,arms,3,2,1
ravencrest,96,warrior,arms,3,2,1
silvermoon,96,warrior,arms,3,2,1
blackrock,96,warrior,arms,3,2,1
hyjal,96,warrior,arms,3,2,1
blackmoore,96,warrior,arms,3,2,1
silvermoon,96,warrior,arms,6,1,5
draenor,96,warrior,arms,6,1,5
chamber-of-aspects,96,warrior,arms,6,1,5
argent-dawn,96,warrior,arms,6,1,5
blackmoore,96,warrior,arms,6,1,5
doomhammer,96,warrior,arms,6,1,5
antonidas,96,warrior,arms,6,1,5
draenor,96,warrior,arms,6,1,5
tarren-mill,96,warrior,arms,6,1,5
doomhammer,96,warrior,arms,6,1,5
tarren-mill,96,warrior,arms,6,1,5
kazzak,96,warrior,arms,6,1,5
ravencrest,96,warrior,arms,6,1,5
bloodhoof,96,warrior,arms,6,1,5
defias-brotherhood,96,warrior,arms,6,1,5
antonidas,96,warrior,arms,6,1,5
ravencrest,96,warrior,arms,6,1,5
draenor,96,warrior,arms,6,1,5
drakthul,96,warrior,arms,6,1,5
dun-modr,96,warrior,arms,6,1,5
khaz-modan,96,warrior,arms,6,1,5
hyjal,96,warrior,arms,6,1,5
draenor,96,warrior,arms,6,1,5
argent-dawn,96,warrior,arms,6,1,5
sanguino,96,warrior,arms,6,1,5
kazzak,96,warrior,arms,6,1,5
gordunni,96,warrior,arms,6,1,5
ravencrest,96,warrior,arms,6,1,5
blackmoore,96,warrior,arms,6,1,5
kazzak,96,warrior,arms,6,1,5
silvermoon,96,warrior,arms,6,1,5
argent-dawn,96,warrior,arms,6,1,5
eredar,96,warrior,arms,6,1,5
outland,96,warrior,arms,6,1,5
draenor,96,warrior,arms,6,1,5
gordunni,96,warrior,arms,6,1,5
blackhand,96,warrior,arms,6,1,5
mazrigos,96,warrior,arms,6,1,5
drakthul,96,warrior,arms,6,1,5
blackmoore,96,warrior,arms,6,1,5
drakthul,96,warrior,arms,6,1,5
defias-brotherhood,96,warrior,arms,6,1,5
eversong,96,warrior,arms,6,1,5
sanguino,96,warrior,arms,6,1,5
sargeras,96,warrior,arms,6,1,5
ragnaros,96,warrior,arms,6,1,5
kazzak,96,warrior,arms,6,1,5
blackhand,96,warrior,arms,6,1,5
spinebreaker,96,warrior,arms,6,1,5
argent-dawn,96,warrior,arms,6,1,5
antonidas,96,warrior,arms,6,1,5
draenor,96,warrior,arms,6,1,5
shattered-hand,96,warrior,arms,6,1,5
kazzak,96,warrior,arms,6,1,5
archimonde,96,warrior,arms,6,1,5
archimonde,96,warrior,arms,6,1,5
archimonde,96,warrior,arms,6,1,5
howling-fjord,96,warrior,arms,12,1,11
antonidas,96,warrior,arms,12,1,11
archimonde,95,warrior,arms,3,2,1
dun-modr,84,warrior,arms,19,4,15
aegwynn,79,warrior,arms,5,1,4
silvermoon,64,warrior,arms,4,1,3
uldaman,63,warrior,arms,2,2,0
tarren-mill,63,warrior,arms,2,2,0
silvermoon,63,warrior,arms,8,2,6
argent-dawn,48,warrior,arms,3,1,2
ahnqiraj,48,warrior,arms,3,1,2
sylvanas,42,warrior,arms,11,3,8
howling-fjord,42,warrior,arms,11,3,8
ashenvale,42,warrior,arms,10,2,8
gordunni,31,warrior,arms,2,1,1
ravencrest,16,warrior,arms,1,1,0
argent-dawn,16,warrior,arms,1,1,0
blackrock,1840,warrior,protection,66,31,35
kult-der-verdammten,670,warrior,protection,12,7,5
kazzak,478,warrior,protection,24,5,19
sanguino,383,warrior,protection,12,4,8
gordunni,192,warrior,protection,6,2,4
