,name,realm,rating,cls,spec,play,win,lose
0,Эваер,blackscar,1506,deathknight,blood,60,29,31
1,Rahbekius,kazzak,1468,deathknight,blood,195,86,109
2,Hoggster,kazzak,1416,deathknight,blood,69,25,44
3,Maylined,antonidas,1316,deathknight,blood,36,16,20
4,Horrorda,defias-brotherhood,1265,deathknight,blood,44,24,20
5,Nîghtmáre,ravencrest,1180,deathknight,blood,35,20,15
6,Minoporc,archimonde,916,deathknight,blood,39,14,25
7,Ducados,forscherliga,838,deathknight,blood,18,9,9
8,Wickedgray,outland,672,deathknight,blood,12,7,5
9,Smalldk,silvermoon,574,deathknight,blood,18,6,12
10,Оосака,gordunni,573,deathknight,blood,24,6,18
11,Downtoclown,argent-dawn,480,deathknight,blood,12,5,7
12,Schwuischädl,eredar,479,deathknight,blood,12,5,7
13,Zdan,sylvanas,476,deathknight,blood,12,5,7
14,Schiva,eredar,437,deathknight,blood,17,5,12
15,Akamechân,frostmourne,382,deathknight,blood,6,4,2
16,Airok,proudmoore,381,deathknight,blood,12,4,8
17,Hellcrosser,blackrock,381,deathknight,blood,12,4,8
18,Pinkish,argent-dawn,379,deathknight,blood,12,4,8
19,Барагган,thermaplugg,288,deathknight,blood,6,3,3
20,Кмамехочу,howling-fjord,288,deathknight,blood,18,3,15
21,Pechugona,zuljin,287,deathknight,blood,24,3,21
22,Rakia,defias-brotherhood,191,deathknight,blood,12,2,10
23,Maradk,drakthul,96,deathknight,blood,6,1,5
24,Fixmybones,frostmane,96,deathknight,blood,6,1,5
25,Нишимба,soulflayer,2121,deathknight,unholy,90,46,44
26,Хайвейтухэлл,soulflayer,2098,deathknight,unholy,96,48,48
27,Conqueròr,tarren-mill,2083,deathknight,unholy,94,46,48
28,Страхолит,soulflayer,2077,deathknight,unholy,90,44,46
29,Кромгона,soulflayer,1993,deathknight,unholy,130,79,51
30,Leónid,kazzak,1962,deathknight,unholy,72,36,36
31,Bedstemoor,ravencrest,1955,deathknight,unholy,90,47,43
32,Enzy,drakthul,1948,deathknight,unholy,42,26,16
33,Leomordf,doomhammer,1948,deathknight,unholy,220,125,95
34,Дайтоолгоун,gordunni,1937,deathknight,unholy,113,56,57
35,Storhøf,sanguino,1923,deathknight,unholy,90,50,40
36,Bøby,kul-tiras,1917,deathknight,unholy,60,31,29
37,Shadowdeathj,kazzak,1913,deathknight,unholy,54,27,27
38,Worlviuz,argent-dawn,1905,deathknight,unholy,141,70,71
39,Murky,kazzak,1901,deathknight,unholy,164,79,85
40,Валькейн,blackscar,1883,deathknight,unholy,60,32,28
41,Fxckingmad,ravencrest,1883,deathknight,unholy,72,37,35
42,Akaliz,die-aldor,1876,deathknight,unholy,66,35,31
43,Ipanic,argent-dawn,1875,deathknight,unholy,228,120,108
44,Шайбовёрт,gordunni,1875,deathknight,unholy,124,63,61
45,Eyyoo,blackmoore,1875,deathknight,unholy,70,35,35
46,Necrølyte,sylvanas,1874,deathknight,unholy,102,55,47
47,Narali,argent-dawn,1859,deathknight,unholy,72,34,38
48,Likewise,twisting-nether,1853,deathknight,unholy,48,20,28
49,Vallenhal,twisting-nether,1850,deathknight,unholy,48,23,25
50,Azüla,ysondre,1848,deathknight,unholy,66,30,36
51,Fabricius,blackrock,1847,deathknight,unholy,66,36,30
52,Меланндрис,gordunni,1845,deathknight,unholy,60,44,16
53,Лордпафос,blackscar,1844,deathknight,unholy,66,37,29
54,Øtherànóther,stormscale,1843,deathknight,unholy,54,30,24
55,Ezlyy,ravencrest,1843,deathknight,unholy,114,60,54
56,Amnésyx,ysondre,1842,deathknight,unholy,64,32,32
57,Nómòre,ravencrest,1839,deathknight,unholy,60,30,30
58,Mockingbirdo,sanguino,1836,deathknight,unholy,36,24,12
59,Fennro,ysondre,1836,deathknight,unholy,300,147,153
60,Аронас,blackscar,1833,deathknight,unholy,83,42,41
61,Lilshiet,stormreaver,1831,deathknight,unholy,66,30,36
62,Namzera,draenor,1827,deathknight,unholy,114,70,44
63,Undeadcell,ravencrest,1826,deathknight,unholy,60,34,26
64,Quizon,tarren-mill,1826,deathknight,unholy,84,39,45
65,Oj,darkspear,1825,deathknight,unholy,211,112,99
66,Bíllÿ,kazzak,1822,deathknight,unholy,72,34,38
67,Zokko,blackrock,1820,deathknight,unholy,59,31,28
68,Cealdris,blackmoore,1819,deathknight,unholy,30,20,10
69,Обледенение,gordunni,1819,deathknight,unholy,36,19,17
70,Bigdickdk,ragnaros,1819,deathknight,unholy,58,27,31
71,Bephomet,onyxia,1819,deathknight,unholy,111,50,61
72,Lutcher,hellfire,1818,deathknight,unholy,36,20,16
73,Rankor,grim-batol,1816,deathknight,unholy,66,36,30
74,Necrofear,grim-batol,1816,deathknight,unholy,126,62,64
75,Змейняша,soulflayer,1814,deathknight,unholy,121,62,59
76,Andreàs,silvermoon,1813,deathknight,unholy,60,30,30
77,Aryash,silvermoon,1812,deathknight,unholy,66,31,35
78,Sélyne,dalaran,1811,deathknight,unholy,60,27,33
79,Аоепупс,gordunni,1809,deathknight,unholy,57,28,29
80,Allmawt,argent-dawn,1808,deathknight,unholy,89,51,38
81,Oscman,silvermoon,1805,deathknight,unholy,123,65,58
82,Лордэскорт,gordunni,1805,deathknight,unholy,78,37,41
83,Køley,draenor,1804,deathknight,unholy,53,30,23
84,Annabolik,ravencrest,1804,deathknight,unholy,36,19,17
85,Icegrin,silvermoon,1803,deathknight,unholy,150,81,69
86,Butthurtx,stormscale,1802,deathknight,unholy,46,27,19
87,Bóby,ravencrest,1802,deathknight,unholy,249,113,136
88,Бургер,soulflayer,1802,deathknight,unholy,78,33,45
89,Exoflake,kazzak,1801,deathknight,unholy,64,36,28
90,Inflex,silvermoon,1800,deathknight,unholy,102,51,51
91,Grepetta,argent-dawn,1800,deathknight,unholy,243,121,122
92,Hotcherryx,dun-modr,1800,deathknight,unholy,150,71,79
93,Yazga,blackmoore,1798,deathknight,unholy,59,27,32
94,Кромгон,soulflayer,1797,deathknight,unholy,55,27,28
95,Вовчан,howling-fjord,1789,deathknight,unholy,62,29,33
96,Apacstanya,ragnaros,1787,deathknight,unholy,54,23,31
97,Aifam,twisting-nether,1784,deathknight,unholy,110,55,55
98,Дайтоолгоун,deathguard,1783,deathknight,unholy,69,38,31
99,Unhóly,tarren-mill,1782,deathknight,unholy,115,65,50
100,Frege,tarren-mill,1779,deathknight,unholy,48,23,25
101,Дэхон,gordunni,1777,deathknight,unholy,85,45,40
102,Argonat,silvermoon,1775,deathknight,unholy,132,72,60
103,Péterpain,antonidas,1771,deathknight,unholy,102,49,53
104,Jesûsx,ravencrest,1765,deathknight,unholy,108,58,50
105,Фростинг,gordunni,1757,deathknight,unholy,42,23,19
106,Motvinden,stormscale,1754,deathknight,unholy,76,43,33
107,Sendurd,ragnaros,1747,deathknight,unholy,66,27,39
108,Sanlex,twisting-nether,1740,deathknight,unholy,127,59,68
109,Сантамо,soulflayer,1738,deathknight,unholy,110,59,51
110,Sakiko,thrall,1736,deathknight,unholy,42,23,19
111,Slade,blackrock,1734,deathknight,unholy,60,23,37
112,Zerachy,blackmoore,1733,deathknight,unholy,30,19,11
113,Shanariel,khaz-modan,1733,deathknight,unholy,102,58,44
114,Неондк,eversong,1733,deathknight,unholy,116,56,60
115,Râke,teldrassil,1729,deathknight,unholy,54,25,29
116,Darkknights,archimonde,1725,deathknight,unholy,61,35,26
117,Vakü,burning-legion,1725,deathknight,unholy,462,225,237
118,Darkertimes,ragnaros,1723,deathknight,unholy,189,92,97
119,Skulm,twisting-nether,1722,deathknight,unholy,48,20,28
120,Inâste,thrall,1719,deathknight,unholy,48,26,22
121,Ghostreign,tarren-mill,1719,deathknight,unholy,68,33,35
122,Тхиро,gordunni,1716,deathknight,unholy,95,38,57
123,Koranderx,argent-dawn,1713,deathknight,unholy,30,18,12
124,Reidemorte,minahonda,1710,deathknight,unholy,134,79,55
125,Elyth,kazzak,1710,deathknight,unholy,52,29,23
126,Тыпидо,howling-fjord,1707,deathknight,unholy,66,40,26
127,Wôrgenator,kazzak,1704,deathknight,unholy,48,18,30
128,Alessia,alonsus,1701,deathknight,unholy,36,21,15
129,Ràiven,blackmoore,1701,deathknight,unholy,65,31,34
130,Enzÿ,drakthul,1698,deathknight,unholy,54,29,25
131,Моровой,blackscar,1698,deathknight,unholy,59,30,29
132,Aeneriah,tarren-mill,1696,deathknight,unholy,79,47,32
133,Эриданс,gordunni,1696,deathknight,unholy,142,79,63
134,Fraeya,sunstrider,1695,deathknight,unholy,213,107,106
135,Doozz,draenor,1693,deathknight,unholy,63,26,37
136,Vainajala,die-aldor,1691,deathknight,unholy,77,46,31
137,Arizon,drakthul,1691,deathknight,unholy,98,40,58
138,Necrotic,blackrock,1690,deathknight,unholy,53,30,23
139,Deathlog,silvermoon,1690,deathknight,unholy,132,68,64
140,Itreachesout,ravencrest,1689,deathknight,unholy,125,60,65
141,Verminosis,stormscale,1689,deathknight,unholy,54,21,33
142,Кулькулегал,ashenvale,1686,deathknight,unholy,60,30,30
143,Ronsôn,terrordar,1685,deathknight,unholy,54,27,27
144,Dejkå,silvermoon,1685,deathknight,unholy,54,26,28
145,Happsor,eredar,1684,deathknight,unholy,42,18,24
146,Ûñhølýðéåthj,tarren-mill,1683,deathknight,unholy,59,28,31
147,ßankoedno,stormscale,1681,deathknight,unholy,120,62,58
148,Triffdich,blackrock,1681,deathknight,unholy,108,55,53
149,Аркёт,howling-fjord,1681,deathknight,unholy,84,42,42
150,Raziee,twisting-nether,1678,deathknight,unholy,36,22,14
151,Stely,alonsus,1678,deathknight,unholy,36,21,15
152,Wombo,dentarg,1677,deathknight,unholy,57,30,27
153,Lovroo,silvermoon,1677,deathknight,unholy,93,43,50
154,Senkingodx,ravencrest,1677,deathknight,unholy,54,18,36
155,Vatø,tarren-mill,1676,deathknight,unholy,60,27,33
156,Leanâdle,hyjal,1672,deathknight,unholy,116,58,58
157,Femilista,dun-modr,1671,deathknight,unholy,42,23,19
158,Nèrfx,ragnaros,1669,deathknight,unholy,78,37,41
159,Synthwave,tarren-mill,1666,deathknight,unholy,87,40,47
160,Олинф,deathguard,1664,deathknight,unholy,56,23,33
161,Blazeberg,blackrock,1662,deathknight,unholy,58,33,25
162,Mammacitaa,argent-dawn,1661,deathknight,unholy,36,21,15
163,Geraltbg,twisting-nether,1661,deathknight,unholy,42,18,24
164,Dräpârn,sylvanas,1660,deathknight,unholy,93,50,43
165,Økah,outland,1659,deathknight,unholy,54,25,29
166,Вирко,eversong,1657,deathknight,unholy,172,87,85
167,Thezftw,kazzak,1656,deathknight,unholy,71,30,41
168,Средозавр,howling-fjord,1655,deathknight,unholy,48,31,17
169,Dasvidania,ragnaros,1651,deathknight,unholy,30,18,12
170,Qtxi,nozdormu,1651,deathknight,unholy,156,85,71
171,Reann,argent-dawn,1649,deathknight,unholy,55,31,24
172,Кидер,blackscar,1647,deathknight,unholy,53,29,24
173,Ampdk,ravencrest,1647,deathknight,unholy,36,19,17
174,Heyä,ysondre,1646,deathknight,unholy,36,19,17
175,Äyrenn,draenor,1645,deathknight,unholy,61,35,26
176,Mávé,tarren-mill,1645,deathknight,unholy,64,31,33
177,Sangíus,blackmoore,1642,deathknight,unholy,335,161,174
178,Creatar,kazzak,1639,deathknight,unholy,53,31,22
179,Lockhead,stormscale,1638,deathknight,unholy,108,60,48
180,Çruél,silvermoon,1638,deathknight,unholy,48,21,27
181,Gladiadk,ysondre,1638,deathknight,unholy,48,18,30
182,Lichbørn,ragnaros,1637,deathknight,unholy,90,45,45
183,Garrinchá,stormscale,1636,deathknight,unholy,48,21,27
184,Évìl,stormscale,1635,deathknight,unholy,39,21,18
185,Crenshawx,twisting-nether,1635,deathknight,unholy,125,57,68
186,Sølîta,archimonde,1632,deathknight,unholy,71,39,32
187,Акамахи,ashenvale,1631,deathknight,unholy,42,23,19
188,Гронташ,howling-fjord,1628,deathknight,unholy,59,30,29
189,Khalifamia,alonsus,1628,deathknight,unholy,54,26,28
190,Herumor,nerzhul,1627,deathknight,unholy,60,32,28
191,Yusehz,kazzak,1627,deathknight,unholy,51,25,26
192,Deadlyorca,tarren-mill,1625,deathknight,unholy,42,18,24
193,Castlevanía,ravencrest,1623,deathknight,unholy,115,58,57
194,Сгеатог,gordunni,1623,deathknight,unholy,36,17,19
195,Smallbaboon,stormreaver,1623,deathknight,unholy,42,17,25
196,Kickbot,outland,1622,deathknight,unholy,187,92,95
197,Faznik,twisting-nether,1622,deathknight,unholy,94,44,50
198,Quetza,twisting-nether,1621,deathknight,unholy,36,17,19
199,Кокосоус,gordunni,1618,deathknight,unholy,36,18,18
200,Pandahapci,ragnaros,1617,deathknight,unholy,54,23,31
201,Baltersa,blackhand,1614,deathknight,unholy,48,19,29
202,Pellizquitas,sanguino,1612,deathknight,unholy,30,17,13
203,Смердонос,grom,1612,deathknight,unholy,179,100,79
204,Инлакеш,howling-fjord,1611,deathknight,unholy,57,25,32
205,Stinglelz,chogall,1610,deathknight,unholy,30,19,11
206,Deathvid,ravencrest,1610,deathknight,unholy,78,43,35
207,Sugarcakedk,blackrock,1610,deathknight,unholy,83,40,43
208,Анзорини,gordunni,1609,deathknight,unholy,48,19,29
209,Вондум,howling-fjord,1606,deathknight,unholy,42,18,24
210,Sang,deathwing,1605,deathknight,unholy,38,19,19
211,Krisigaped,blackhand,1603,deathknight,unholy,36,17,19
212,Адэлина,soulflayer,1602,deathknight,unholy,24,17,7
213,Jiodythyy,archimonde,1602,deathknight,unholy,54,23,31
214,Маххес,howling-fjord,1601,deathknight,unholy,101,48,53
215,Nazgül,drakthul,1600,deathknight,unholy,110,58,52
216,Aceléss,drakthul,1600,deathknight,unholy,42,20,22
217,Лапочки,gordunni,1598,deathknight,unholy,72,42,30
218,Yandeäth,chants-éternels,1596,deathknight,unholy,173,88,85
219,Deathcaller,zuljin,1594,deathknight,unholy,65,32,33
220,Deathgrab,twisting-nether,1590,deathknight,unholy,36,17,19
221,Hellguy,draenor,1588,deathknight,unholy,251,119,132
222,Yagoora,silvermoon,1588,deathknight,unholy,74,29,45
223,Kwc,kazzak,1586,deathknight,unholy,117,54,63
224,Шуршаня,blackscar,1586,deathknight,unholy,48,19,29
225,Branchë,stormscale,1585,deathknight,unholy,99,49,50
226,Кадавров,gordunni,1582,deathknight,unholy,96,51,45
227,Raizhen,ragnaros,1582,deathknight,unholy,36,17,19
228,Bredox,ravencrest,1582,deathknight,unholy,63,27,36
229,Linuzbunny,zenedar,1580,deathknight,unholy,30,18,12
230,Skórm,burning-legion,1580,deathknight,unholy,36,17,19
231,Капустас,gordunni,1579,deathknight,unholy,72,37,35
232,Giandam,draenor,1577,deathknight,unholy,42,17,25
233,Vexxed,magtheridon,1576,deathknight,unholy,99,55,44
234,Ghaloob,draenor,1576,deathknight,unholy,42,20,22
235,Garasu,eredar,1574,deathknight,unholy,48,19,29
236,Слендер,howling-fjord,1572,deathknight,unholy,107,51,56
237,Ктунец,blackscar,1570,deathknight,unholy,36,19,17
238,Gødofredo,dun-modr,1568,deathknight,unholy,96,55,41
239,Söttguetsi,blackrock,1566,deathknight,unholy,41,23,18
240,Smörj,aggramar,1566,deathknight,unholy,71,30,41
241,Zoree,draenor,1564,deathknight,unholy,113,60,53
242,Alti,blackmoore,1564,deathknight,unholy,70,36,34
243,Körthazz,hyjal,1563,deathknight,unholy,55,27,28
244,Хорссэ,soulflayer,1562,deathknight,unholy,37,22,15
245,Винерас,soulflayer,1562,deathknight,unholy,66,31,35
246,Вурдулакх,gordunni,1561,deathknight,unholy,96,48,48
247,Derfitt,sanguino,1559,deathknight,unholy,84,41,43
248,Oweiowei,blackrock,1558,deathknight,unholy,30,18,12
249,Jollíe,tarren-mill,1557,deathknight,unholy,35,22,13
250,Gushik,twisting-nether,1555,deathknight,unholy,52,30,22
251,Feministi,stormreaver,1552,deathknight,unholy,108,51,57
252,Aleejha,draenor,1551,deathknight,unholy,70,39,31
253,Yamisukehiro,drakthul,1551,deathknight,unholy,60,28,32
254,Utyr,ragnaros,1550,deathknight,unholy,60,31,29
255,Emphendk,twisting-nether,1550,deathknight,unholy,120,55,65
256,Gargalon,drakthul,1547,deathknight,unholy,72,37,35
257,Ahilus,bladefist,1547,deathknight,unholy,61,29,32
258,Turboface,kazzak,1546,deathknight,unholy,60,34,26
259,Apoikos,argent-dawn,1546,deathknight,unholy,36,19,17
260,Элекна,deepholm,1541,deathknight,unholy,48,24,24
261,Ullefuz,silvermoon,1537,deathknight,unholy,30,21,9
262,Nysaia,blackmoore,1537,deathknight,unholy,36,17,19
263,Abcdk,sargeras,1535,deathknight,unholy,56,31,25
264,Bokrak,norgannon,1534,deathknight,unholy,111,64,47
265,Èvíl,stormscale,1534,deathknight,unholy,30,16,14
266,Metalmanethé,tarren-mill,1534,deathknight,unholy,242,120,122
267,Megdeath,silvermoon,1533,deathknight,unholy,102,50,52
268,Nommad,archimonde,1531,deathknight,unholy,119,55,64
269,Rottenpete,grim-batol,1530,deathknight,unholy,30,16,14
270,Maxto,outland,1530,deathknight,unholy,30,16,14
271,Bertonilo,burning-legion,1529,deathknight,unholy,72,34,38
272,Zariia,twisting-nether,1527,deathknight,unholy,72,41,31
273,Pawcio,argent-dawn,1527,deathknight,unholy,135,74,61
274,Dzemoo,drakthul,1527,deathknight,unholy,59,31,28
275,Алсидис,gordunni,1527,deathknight,unholy,72,29,43
276,Арцевус,gordunni,1524,deathknight,unholy,109,56,53
277,Полонит,gordunni,1523,deathknight,unholy,76,38,38
278,Рыжаяпедаль,soulflayer,1522,deathknight,unholy,24,16,8
279,Dörfl,antonidas,1521,deathknight,unholy,87,42,45
280,Woddey,blackrock,1520,deathknight,unholy,72,39,33
281,Rizzlerdk,blackhand,1519,deathknight,unholy,108,47,61
282,Агереро,howling-fjord,1518,deathknight,unholy,59,32,27
283,Deadroses,tarren-mill,1517,deathknight,unholy,78,49,29
284,Goreshovel,stormscale,1517,deathknight,unholy,72,39,33
285,Торедх,howling-fjord,1516,deathknight,unholy,66,27,39
286,Lurkkiss,ravencrest,1515,deathknight,unholy,36,16,20
287,Athanatøs,archimonde,1514,deathknight,unholy,98,43,55
288,Ganessha,sanguino,1513,deathknight,unholy,39,23,16
289,Greymarker,kirin-tor,1513,deathknight,unholy,66,37,29
290,Raust,xavius,1512,deathknight,unholy,74,33,41
291,Manego,eredar,1511,deathknight,unholy,30,18,12
292,Хассандра,galakrond,1511,deathknight,unholy,80,38,42
293,Катаринья,howling-fjord,1511,deathknight,unholy,53,24,29
294,Zff,hyjal,1510,deathknight,unholy,30,20,10
295,Grendul,blackmoore,1509,deathknight,unholy,54,23,31
296,Ardros,eredar,1507,deathknight,unholy,48,23,25
297,Apoikia,argent-dawn,1507,deathknight,unholy,42,19,23
298,Segrim,drakthul,1506,deathknight,unholy,80,44,36
299,Руариди,gordunni,1504,deathknight,unholy,36,18,18
300,Salezians,drakthul,1503,deathknight,unholy,107,59,48
301,Prekliatylad,burning-blade,1503,deathknight,unholy,42,17,25
302,Sîck,bladefist,1503,deathknight,unholy,60,22,38
303,Numnuts,alakir,1502,deathknight,unholy,36,21,15
304,Lavonobatas,kazzak,1502,deathknight,unholy,54,27,27
305,Jäätynyt,zenedar,1501,deathknight,unholy,278,131,147
306,Unchaindk,outland,1500,deathknight,unholy,136,68,68
307,Kebabpizza,argent-dawn,1499,deathknight,unholy,48,25,23
308,Ахелекус,blackscar,1498,deathknight,unholy,30,17,13
309,Анфалагон,gordunni,1498,deathknight,unholy,78,41,37
310,Halez,antonidas,1497,deathknight,unholy,126,62,64
311,Nødder,ragnaros,1496,deathknight,unholy,54,29,25
312,Anaralien,ravencrest,1494,deathknight,unholy,107,50,57
313,Epoch,azjolnerub,1493,deathknight,unholy,87,42,45
314,Протосеня,soulflayer,1493,deathknight,unholy,66,30,36
315,Dzwiadke,burning-legion,1492,deathknight,unholy,108,52,56
316,Дедхо,soulflayer,1491,deathknight,unholy,56,27,29
317,Recoil,blackrock,1490,deathknight,unholy,26,17,9
318,Axram,ravencrest,1487,deathknight,unholy,60,30,30
319,Juliean,blackmoore,1484,deathknight,unholy,36,17,19
320,Riceeater,kazzak,1483,deathknight,unholy,59,29,30
321,Tölp,ravencrest,1482,deathknight,unholy,77,38,39
322,Yousaindk,blackrock,1482,deathknight,unholy,42,19,23
323,Calina,frostwolf,1480,deathknight,unholy,72,26,46
324,Anathela,dalaran,1478,deathknight,unholy,79,36,43
325,Сванхильда,grom,1477,deathknight,unholy,108,51,57
326,Veçh,turalyon,1476,deathknight,unholy,48,20,28
327,Polimeh,draenor,1473,deathknight,unholy,72,39,33
328,Ilius,kelthuzad,1473,deathknight,unholy,75,39,36
329,Дерайв,gordunni,1473,deathknight,unholy,78,36,42
330,Ультерис,deathguard,1468,deathknight,unholy,24,17,7
331,Sorostew,twisting-nether,1467,deathknight,unholy,42,23,19
332,Arxelas,sylvanas,1467,deathknight,unholy,115,60,55
333,Moko,defias-brotherhood,1467,deathknight,unholy,54,25,29
334,Промештейн,gordunni,1466,deathknight,unholy,87,40,47
335,Erodevil,kazzak,1465,deathknight,unholy,42,17,25
336,Ðiesel,stormscale,1464,deathknight,unholy,93,38,55
337,Bärdk,forscherliga,1461,deathknight,unholy,95,47,48
338,Шифычдк,howling-fjord,1460,deathknight,unholy,60,27,33
339,Manovar,archimonde,1459,deathknight,unholy,125,59,66
340,Blízna,kazzak,1459,deathknight,unholy,96,45,51
341,Nospets,kazzak,1459,deathknight,unholy,54,25,29
342,Gethunts,drakthul,1457,deathknight,unholy,42,25,17
343,Deusmort,ravencrest,1457,deathknight,unholy,66,26,40
344,Thecurator,ragnaros,1456,deathknight,unholy,72,32,40
345,Барагган,thermaplugg,1455,deathknight,unholy,96,47,49
346,Ceranto,frostwolf,1453,deathknight,unholy,77,46,31
347,Teljujad,sanguino,1453,deathknight,unholy,92,45,47
348,Skèltòn,rexxar,1451,deathknight,unholy,73,47,26
349,Ohsevèn,ravencrest,1450,deathknight,unholy,65,36,29
350,Sathmayla,silvermoon,1448,deathknight,unholy,53,32,21
351,Arkaris,blackmoore,1447,deathknight,unholy,32,21,11
352,Frags,arathor,1447,deathknight,unholy,60,28,32
353,Ithis,zuljin,1445,deathknight,unholy,114,54,60
354,Deathcam,emerald-dream,1445,deathknight,unholy,83,37,46
355,Борнтудай,borean-tundra,1445,deathknight,unholy,48,17,31
356,Quantumshift,ravencrest,1444,deathknight,unholy,36,23,13
357,Unholy,ragnaros,1444,deathknight,unholy,38,20,18
358,Рэндрей,gordunni,1443,deathknight,unholy,39,21,18
359,Сенкрул,gordunni,1440,deathknight,unholy,72,48,24
360,Logoz,dun-modr,1440,deathknight,unholy,30,17,13
361,Ðavy,silvermoon,1438,deathknight,unholy,30,15,15
362,Notsyndra,nemesis,1437,deathknight,unholy,49,25,24
363,Cayliadk,tarren-mill,1436,deathknight,unholy,56,28,28
364,Bloodkatana,drakthul,1435,deathknight,unholy,44,19,25
365,Mîîkkaa,blackhand,1435,deathknight,unholy,42,15,27
366,Nauser,kazzak,1434,deathknight,unholy,41,19,22
367,Chrispbacøn,ragnaros,1433,deathknight,unholy,40,19,21
368,Кристер,lich-king,1433,deathknight,unholy,36,16,20
369,Спавни,blackscar,1432,deathknight,unholy,153,71,82
370,Demrior,hellfire,1432,deathknight,unholy,54,20,34
371,Таможникс,soulflayer,1431,deathknight,unholy,29,18,11
372,Reezeer,stormscale,1431,deathknight,unholy,35,17,18
373,Кромгак,soulflayer,1427,deathknight,unholy,30,15,15
374,Шейзо,soulflayer,1424,deathknight,unholy,39,22,17
375,Моорта,soulflayer,1424,deathknight,unholy,66,34,32
376,Анихиме,howling-fjord,1424,deathknight,unholy,75,37,38
377,Dklékata,archimonde,1424,deathknight,unholy,37,18,19
378,Xado,frostwolf,1423,deathknight,unholy,90,49,41
379,Skøurge,silvermoon,1422,deathknight,unholy,156,79,77
380,Zegaan,kazzak,1422,deathknight,unholy,84,41,43
381,Späwn,ysondre,1422,deathknight,unholy,64,24,40
382,Discochoppa,blackmoore,1421,deathknight,unholy,36,15,21
383,Xenfos,tarren-mill,1420,deathknight,unholy,36,15,21
384,Maradk,drakthul,1419,deathknight,unholy,166,82,84
385,Анкара,ashenvale,1419,deathknight,unholy,65,32,33
386,Ínví,aegwynn,1418,deathknight,unholy,96,47,49
387,Wallenschøld,kazzak,1418,deathknight,unholy,36,15,21
388,Форнителли,howling-fjord,1418,deathknight,unholy,48,16,32
389,Аирфрост,howling-fjord,1416,deathknight,unholy,54,25,29
390,Arxelas,stormscale,1416,deathknight,unholy,72,30,42
391,Pavkata,outland,1415,deathknight,unholy,154,74,80
392,Mìa,kragjin,1415,deathknight,unholy,73,33,40
393,Cheethdoom,ragnaros,1413,deathknight,unholy,30,15,15
394,Sorcc,burning-legion,1413,deathknight,unholy,76,36,40
395,Десхоб,soulflayer,1413,deathknight,unholy,163,66,97
396,Empiu,blackhand,1409,deathknight,unholy,30,20,10
397,Terren,ravencrest,1409,deathknight,unholy,52,29,23
398,Nilodk,nemesis,1409,deathknight,unholy,244,127,117
399,Xirra,tarren-mill,1409,deathknight,unholy,67,33,34
400,Hêalz,ungoro,1408,deathknight,unholy,66,34,32
401,Hawkthuglife,dun-modr,1408,deathknight,unholy,60,25,35
402,Spøøk,defias-brotherhood,1407,deathknight,unholy,36,15,21
403,Assgripper,hyjal,1406,deathknight,unholy,42,26,16
404,Walkeni,defias-brotherhood,1405,deathknight,unholy,78,35,43
405,Metalist,ravencrest,1404,deathknight,unholy,66,32,34
406,Estoico,ragnaros,1404,deathknight,unholy,66,32,34
407,Reapocalypse,blackhand,1404,deathknight,unholy,214,103,111
408,Кланки,soulflayer,1404,deathknight,unholy,76,34,42
409,Deathlïght,nemesis,1399,deathknight,unholy,77,41,36
410,Fýhr,silvermoon,1398,deathknight,unholy,36,18,18
411,Sonofalích,aerie-peak,1397,deathknight,unholy,43,24,19
412,Draforce,quelthalas,1396,deathknight,unholy,63,35,28
413,Shabiri,twisting-nether,1396,deathknight,unholy,79,42,37
414,Grubbins,kul-tiras,1396,deathknight,unholy,49,25,24
415,Lorvetis,malorne,1395,deathknight,unholy,42,19,23
416,Frostmommy,argent-dawn,1394,deathknight,unholy,87,37,50
417,Blorin,sylvanas,1391,deathknight,unholy,79,35,44
418,Unholycard,argent-dawn,1389,deathknight,unholy,72,37,35
419,Hordak,stormscale,1384,deathknight,unholy,39,15,24
420,Gaurk,aggra-português,1382,deathknight,unholy,42,24,18
421,Jalapeñofan,tarren-mill,1382,deathknight,unholy,75,36,39
422,Gûuts,archimonde,1381,deathknight,unholy,247,127,120
423,Fixmybones,frostmane,1378,deathknight,unholy,54,22,32
424,Дядьдим,soulflayer,1377,deathknight,unholy,39,18,21
425,Flawstmourne,kazzak,1374,deathknight,unholy,35,15,20
426,Нарилуне,blackscar,1373,deathknight,unholy,394,194,200
427,Мёрдерфэйсх,soulflayer,1373,deathknight,unholy,132,63,69
428,Лекъса,gordunni,1372,deathknight,unholy,130,62,68
429,Ziuziu,twisting-nether,1371,deathknight,unholy,48,15,33
430,Dkbladet,ravencrest,1370,deathknight,unholy,81,41,40
431,Roaredrick,draenor,1370,deathknight,unholy,93,44,49
432,Babsyknight,wildhammer,1370,deathknight,unholy,84,33,51
433,Kérmít,tarren-mill,1369,deathknight,unholy,64,36,28
434,Tyvra,blackhand,1369,deathknight,unholy,47,17,30
435,Fizzdk,pozzo-delleternità,1366,deathknight,unholy,42,19,23
436,Oßitø,ravencrest,1365,deathknight,unholy,31,17,14
437,Arthrex,twisting-nether,1358,deathknight,unholy,36,21,15
438,Ridire,saurfang,1358,deathknight,unholy,53,27,26
439,Morinosei,twisting-nether,1351,deathknight,unholy,89,48,41
440,Nekote,silvermoon,1350,deathknight,unholy,33,17,16
441,Kratagon,thrall,1348,deathknight,unholy,66,25,41
442,Xênôrr,archimonde,1347,deathknight,unholy,30,15,15
443,Jihm,silvermoon,1344,deathknight,unholy,123,65,58
444,Bloodbane,burning-blade,1343,deathknight,unholy,60,25,35
445,Zeghor,ragnaros,1343,deathknight,unholy,42,15,27
446,Хейткрю,howling-fjord,1342,deathknight,unholy,48,21,27
447,Zektal,thrall,1340,deathknight,unholy,30,14,16
448,Apatheia,stormscale,1338,deathknight,unholy,22,15,7
449,Judin,kazzak,1338,deathknight,unholy,24,14,10
450,Брексиен,gordunni,1338,deathknight,unholy,48,14,34
451,Томиганн,grom,1336,deathknight,unholy,48,23,25
452,Züg,draenor,1336,deathknight,unholy,120,56,64
453,Альдафьод,howling-fjord,1332,deathknight,unholy,24,14,10
454,Aesthaetik,draenor,1332,deathknight,unholy,28,16,12
455,Ezlar,silvermoon,1329,deathknight,unholy,25,15,10
456,Jöndas,drakthul,1329,deathknight,unholy,48,25,23
457,Evelys,kazzak,1329,deathknight,unholy,34,17,17
458,Kalantii,draenor,1326,deathknight,unholy,36,19,17
459,Gengàr,tarren-mill,1325,deathknight,unholy,24,14,10
460,Fentanil,elune,1325,deathknight,unholy,223,113,110
461,Шинратенсеи,howling-fjord,1324,deathknight,unholy,36,18,18
462,Зибак,soulflayer,1322,deathknight,unholy,51,24,27
463,Negzul,blackmoore,1321,deathknight,unholy,56,28,28
464,Teflonphobos,stormreaver,1320,deathknight,unholy,18,14,4
465,Dunkàn,silvermoon,1318,deathknight,unholy,36,26,10
466,Prænklý,blackrock,1316,deathknight,unholy,48,22,26
467,Detrah,argent-dawn,1315,deathknight,unholy,52,27,25
468,Сивкабурка,fordragon,1312,deathknight,unholy,36,14,22
469,Джайвана,soulflayer,1310,deathknight,unholy,215,109,106
470,Exoduss,dunemaul,1308,deathknight,unholy,36,15,21
471,Ahlat,blackmoore,1306,deathknight,unholy,89,53,36
472,Defeated,thrall,1301,deathknight,unholy,81,36,45
473,Akelæ,draenor,1300,deathknight,unholy,70,35,35
474,Mojodango,outland,1299,deathknight,unholy,26,15,11
475,Fluffínator,kazzak,1298,deathknight,unholy,88,45,43
476,Reportmeplz,ragnaros,1298,deathknight,unholy,42,20,22
477,Endlesspain,burning-legion,1298,deathknight,unholy,53,22,31
478,Крикед,soulflayer,1297,deathknight,unholy,102,55,47
479,Роземайер,ashenvale,1297,deathknight,unholy,60,29,31
480,Msvine,kazzak,1294,deathknight,unholy,72,39,33
481,Táli,tarren-mill,1294,deathknight,unholy,33,14,19
482,Asakim,tarren-mill,1291,deathknight,unholy,29,14,15
483,Альмон,howling-fjord,1290,deathknight,unholy,42,19,23
484,Ничер,thermaplugg,1289,deathknight,unholy,24,14,10
485,Бреч,gordunni,1285,deathknight,unholy,42,14,28
486,Sictir,stormscale,1280,deathknight,unholy,236,113,123
487,Âlîce,culte-de-la-rive-noire,1277,deathknight,unholy,36,19,17
488,Galayn,burning-legion,1277,deathknight,unholy,33,14,19
489,Sveinnhran,kazzak,1274,deathknight,unholy,170,80,90
490,Heyabigail,wildhammer,1274,deathknight,unholy,54,20,34
491,Zracul,nordrassil,1272,deathknight,unholy,85,41,44
492,Necrozy,aggra-português,1269,deathknight,unholy,84,43,41
493,Necrocancerr,twisting-nether,1269,deathknight,unholy,104,49,55
494,Kaletorn,ragnaros,1265,deathknight,unholy,84,41,43
495,Undtot,azshara,1264,deathknight,unholy,36,16,20
496,Pjthedk,lightbringer,1263,deathknight,unholy,42,21,21
497,Huekun,draenor,1262,deathknight,unholy,23,14,9
498,Drenodur,amanthul,1261,deathknight,unholy,24,14,10
499,Darkhallow,thrall,1261,deathknight,unholy,136,71,65
500,Superere,hyjal,1261,deathknight,unholy,36,17,19
501,Mamanica,sanguino,1261,deathknight,unholy,30,14,16
502,Lobotomia,burning-blade,1259,deathknight,unholy,47,23,24
503,Persefal,nemesis,1259,deathknight,unholy,42,15,27
504,Tesasd,silvermoon,1255,deathknight,unholy,58,26,32
505,Highmelli,ambossar,1253,deathknight,unholy,42,15,27
506,Sarkasm,malganis,1248,deathknight,unholy,66,31,35
507,Fishtruction,tarren-mill,1247,deathknight,unholy,161,82,79
508,Zpartan,ragnaros,1247,deathknight,unholy,42,15,27
509,Chocopeanut,ravencrest,1246,deathknight,unholy,24,15,9
510,Джонаджеймсн,soulflayer,1244,deathknight,unholy,24,13,11
511,Elíta,draenor,1242,deathknight,unholy,36,15,21
512,Schweezlord,tarren-mill,1241,deathknight,unholy,24,13,11
513,Брюшина,gordunni,1240,deathknight,unholy,24,13,11
514,Патриаррх,gordunni,1240,deathknight,unholy,47,25,22
515,Flinsen,blackmoore,1239,deathknight,unholy,86,47,39
516,Gothenburger,darksorrow,1239,deathknight,unholy,42,22,20
517,Kéréos,hyjal,1238,deathknight,unholy,24,13,11
518,Turkknight,outland,1236,deathknight,unholy,30,13,17
519,Obstwald,blackrock,1235,deathknight,unholy,49,26,23
520,Zelbørk,medivh,1235,deathknight,unholy,42,21,21
521,Khorag,lordaeron,1235,deathknight,unholy,30,13,17
522,Zdi,tarren-mill,1230,deathknight,unholy,29,13,16
523,Аданаэль,howling-fjord,1228,deathknight,unholy,47,21,26
524,Крус,blackscar,1227,deathknight,unholy,89,39,50
525,Варделон,gordunni,1219,deathknight,unholy,18,13,5
526,Tanenoss,kazzak,1213,deathknight,unholy,54,21,33
527,Razzvy,darkspear,1208,deathknight,unholy,63,27,36
528,Thedx,blades-edge,1208,deathknight,unholy,52,20,32
529,Деркхаус,soulflayer,1206,deathknight,unholy,24,15,9
530,Tyranus,quelthalas,1202,deathknight,unholy,150,66,84
531,Дэбон,howling-fjord,1189,deathknight,unholy,122,53,69
532,Gegham,ravencrest,1181,deathknight,unholy,28,13,15
533,Darkqüeen,sanguino,1180,deathknight,unholy,30,14,16
534,Homoforsluts,silvermoon,1178,deathknight,unholy,24,15,9
535,Elite,xavius,1176,deathknight,unholy,32,14,18
536,Abnormus,tarren-mill,1175,deathknight,unholy,45,19,26
537,Zóur,rajaxx,1171,deathknight,unholy,30,13,17
538,Tarfu,kazzak,1168,deathknight,unholy,42,20,22
539,Ezreo,neptulon,1167,deathknight,unholy,31,14,17
540,Eltorro,ravencrest,1165,deathknight,unholy,42,14,28
541,Микелон,gordunni,1164,deathknight,unholy,22,13,9
542,Дэдушка,gordunni,1159,deathknight,unholy,23,13,10
543,Sprangers,ravencrest,1151,deathknight,unholy,18,12,6
544,Mirídiuss,silvermoon,1151,deathknight,unholy,18,12,6
545,Apacsom,ragnaros,1151,deathknight,unholy,24,12,12
546,Fyrkadk,aegwynn,1151,deathknight,unholy,24,12,12
547,Олинфия,soulflayer,1151,deathknight,unholy,24,12,12
548,Panorboy,tarren-mill,1151,deathknight,unholy,24,12,12
549,Nurekindk,argent-dawn,1150,deathknight,unholy,18,12,6
550,Dklol,dun-morogh,1150,deathknight,unholy,36,14,22
551,Numnutz,alakir,1149,deathknight,unholy,25,13,12
552,Auru,tarren-mill,1149,deathknight,unholy,57,28,29
553,Линфео,galakrond,1149,deathknight,unholy,36,12,24
554,Дрогдош,howling-fjord,1148,deathknight,unholy,18,12,6
555,Zugzugdecay,kazzak,1148,deathknight,unholy,24,12,12
556,Nasxsy,blackmoore,1148,deathknight,unholy,24,12,12
557,Goùlag,culte-de-la-rive-noire,1147,deathknight,unholy,36,12,24
558,Mawdrym,twisting-nether,1146,deathknight,unholy,24,12,12
559,Клиссанг,razuvious,1146,deathknight,unholy,42,12,30
560,Lilyxtulle,tarren-mill,1144,deathknight,unholy,81,35,46
561,Trialist,dun-modr,1143,deathknight,unholy,24,12,12
562,Nellath,kazzak,1143,deathknight,unholy,36,12,24
563,Rûnâr,proudmoore,1141,deathknight,unholy,21,13,8
564,Mãshi,hyjal,1140,deathknight,unholy,59,26,33
565,Gùra,sanguino,1139,deathknight,unholy,36,13,23
566,Sevatar,zuljin,1137,deathknight,unholy,18,12,6
567,Qmy,outland,1135,deathknight,unholy,40,16,24
568,Zarad,scarshield-legion,1134,deathknight,unholy,24,12,12
569,Fineral,argent-dawn,1134,deathknight,unholy,24,12,12
570,Kailara,draenor,1133,deathknight,unholy,29,12,17
571,Jowân,blackmoore,1131,deathknight,unholy,24,13,11
572,Dêku,aegwynn,1130,deathknight,unholy,79,44,35
573,Asakurai,grim-batol,1126,deathknight,unholy,42,22,20
574,Nestia,emerald-dream,1125,deathknight,unholy,43,18,25
575,Feekus,deathwing,1123,deathknight,unholy,18,12,6
576,Mellowqt,aegwynn,1120,deathknight,unholy,53,25,28
577,Kazay,madmortem,1119,deathknight,unholy,24,12,12
578,Híruzen,blackrock,1115,deathknight,unholy,30,15,15
579,Darhma,archimonde,1110,deathknight,unholy,38,13,25
580,Younix,silvermoon,1110,deathknight,unholy,42,12,30
581,Ârtjom,aegwynn,1106,deathknight,unholy,28,12,16
582,Saromón,ravencrest,1101,deathknight,unholy,30,18,12
583,Roykoopa,hyjal,1099,deathknight,unholy,30,13,17
584,Apolyio,outland,1095,deathknight,unholy,35,14,21
585,Охъламон,soulflayer,1092,deathknight,unholy,72,31,41
586,Zathron,blackmoore,1087,deathknight,unholy,35,15,20
587,Skeggjold,drakthul,1083,deathknight,unholy,24,12,12
588,Diatriss,argent-dawn,1078,deathknight,unholy,63,27,36
589,Ashlëy,kaelthas,1074,deathknight,unholy,132,65,67
590,Ennigmá,stormscale,1066,deathknight,unholy,24,13,11
591,Kixx,bloodfeather,1062,deathknight,unholy,65,27,38
592,Grisig,twisting-nether,1057,deathknight,unholy,30,18,12
593,Bigblackgrip,hyjal,1056,deathknight,unholy,18,11,7
594,Deathmonsta,auchindoun,1055,deathknight,unholy,30,11,19
595,Ayra,nethersturm,1054,deathknight,unholy,18,11,7
596,Gøretterog,ysondre,1054,deathknight,unholy,18,11,7
597,Synchronic,stormscale,1053,deathknight,unholy,24,11,13
598,Fosswire,stormscale,1049,deathknight,unholy,18,11,7
599,Pamplemouse,burning-blade,1046,deathknight,unholy,85,40,45
600,Нуурргл,howling-fjord,1046,deathknight,unholy,48,19,29
601,Dunklerlord,malfurion,1045,deathknight,unholy,24,11,13
602,Rammsteïn,ravencrest,1042,deathknight,unholy,33,12,21
603,Ilovegouàng,khaz-modan,1041,deathknight,unholy,36,15,21
604,Eibon,drakthul,1037,deathknight,unholy,18,11,7
605,Порнпанда,gordunni,1037,deathknight,unholy,24,11,13
606,Jixcore,draenor,1034,deathknight,unholy,36,11,25
607,Gowther,blackmoore,1032,deathknight,unholy,60,32,28
608,Мокраявода,soulflayer,1026,deathknight,unholy,94,49,45
609,Larvalîs,blackmoore,1025,deathknight,unholy,48,24,24
610,Karalun,nagrand,1024,deathknight,unholy,66,32,34
611,Taylorswiift,tarren-mill,1023,deathknight,unholy,17,11,6
612,Артушадк,soulflayer,1022,deathknight,unholy,18,11,7
613,Icyplague,ravencrest,1018,deathknight,unholy,20,12,8
614,Малп,gordunni,1018,deathknight,unholy,42,24,18
615,Kaldhan,nemesis,1017,deathknight,unholy,30,13,17
616,Scorbion,kilrogg,1015,deathknight,unholy,24,11,13
617,Takåtry,archimonde,1004,deathknight,unholy,30,14,16
618,Assasínator,tarren-mill,1003,deathknight,unholy,171,87,84
619,Tyrannus,earthen-ring,1000,deathknight,unholy,23,13,10
620,Jess,blackhand,996,deathknight,unholy,59,33,26
621,Braastad,sylvanas,989,deathknight,unholy,66,35,31
622,Gathalion,the-maelstrom,980,deathknight,unholy,48,28,20
623,Квашонка,howling-fjord,972,deathknight,unholy,72,22,50
624,Бешенсство,soulflayer,960,deathknight,unholy,18,10,8
625,Kaliro,sylvanas,960,deathknight,unholy,18,10,8
626,Кромгондк,soulflayer,960,deathknight,unholy,24,10,14
627,Gripbroblem,nemesis,960,deathknight,unholy,30,10,20
628,Spom,elune,960,deathknight,unholy,30,10,20
629,Скизм,howling-fjord,959,deathknight,unholy,24,10,14
630,Silvergreed,kazzak,959,deathknight,unholy,24,10,14
631,Abomination,emeriss,959,deathknight,unholy,30,10,20
632,Drogba,burning-blade,958,deathknight,unholy,18,10,8
633,Exanex,ragnaros,957,deathknight,unholy,18,10,8
634,Funds,kazzak,957,deathknight,unholy,24,10,14
635,Fpsrvg,minahonda,956,deathknight,unholy,53,23,30
636,Syncros,blackrock,955,deathknight,unholy,24,10,14
637,Puppétmastér,kazzak,954,deathknight,unholy,24,10,14
638,Nickolass,skullcrusher,953,deathknight,unholy,48,22,26
639,Azrìal,agamaggan,951,deathknight,unholy,24,10,14
640,Zandruq,twisting-nether,950,deathknight,unholy,24,10,14
641,Sigarå,twisting-nether,945,deathknight,unholy,24,10,14
642,Kisenth,doomhammer,927,deathknight,unholy,36,19,17
643,Dekayo,blackrock,925,deathknight,unholy,22,10,12
644,Rognvald,les-sentinelles,921,deathknight,unholy,47,23,24
645,Gravetitan,shattrath,906,deathknight,unholy,67,23,44
646,Алкеокол,soulflayer,904,deathknight,unholy,27,10,17
647,Rayliegh,silvermoon,891,deathknight,unholy,17,10,7
648,Лордэнергон,gordunni,888,deathknight,unholy,16,10,6
649,Restodrowd,tarren-mill,888,deathknight,unholy,24,11,13
650,Hqxdd,twisting-nether,881,deathknight,unholy,42,12,30
651,Unzul,twisting-nether,869,deathknight,unholy,18,10,8
652,Orcborg,zuljin,868,deathknight,unholy,25,10,15
653,Scotty,ravencrest,864,deathknight,unholy,12,9,3
654,Gáïà,blackmoore,864,deathknight,unholy,12,9,3
655,Usbdock,stormscale,864,deathknight,unholy,18,9,9
656,Charlytango,archimonde,864,deathknight,unholy,18,9,9
657,Fringles,twisting-nether,864,deathknight,unholy,18,9,9
658,Catloaf,silvermoon,864,deathknight,unholy,24,9,15
659,Gharzhul,xavius,863,deathknight,unholy,12,9,3
660,Mateusz,lightbringer,863,deathknight,unholy,12,9,3
661,Mefhesto,tarren-mill,863,deathknight,unholy,18,9,9
662,Dharniman,sylvanas,863,deathknight,unholy,18,9,9
663,Styxdk,blackhand,863,deathknight,unholy,18,9,9
664,Darknemesis,nemesis,863,deathknight,unholy,18,9,9
665,Elliipirelli,doomhammer,863,deathknight,unholy,18,9,9
666,Råyzen,draenor,863,deathknight,unholy,24,9,15
667,Трибунальщик,gordunni,863,deathknight,unholy,24,9,15
668,Oxxöw,draenor,863,deathknight,unholy,24,9,15
669,Frostplague,aegwynn,863,deathknight,unholy,24,9,15
670,Dimania,the-maelstrom,863,deathknight,unholy,30,9,21
671,Shakour,argent-dawn,862,deathknight,unholy,12,9,3
672,Рэкставр,soulflayer,862,deathknight,unholy,30,12,18
673,Vrez,argent-dawn,862,deathknight,unholy,24,9,15
674,Alroc,blackrock,862,deathknight,unholy,30,9,21
675,Grezak,defias-brotherhood,861,deathknight,unholy,18,9,9
676,Izanagii,exodar,861,deathknight,unholy,18,9,9
677,Valanaari,argent-dawn,861,deathknight,unholy,24,9,15
678,Тзинч,soulflayer,859,deathknight,unholy,18,9,9
679,Dzahnecro,archimonde,858,deathknight,unholy,18,9,9
680,Booneuh,kazzak,858,deathknight,unholy,24,9,15
681,Кмамехочу,howling-fjord,857,deathknight,unholy,12,9,3
682,Grubyr,burning-legion,857,deathknight,unholy,24,9,15
683,Джагат,gordunni,856,deathknight,unholy,30,12,18
684,Marcianorock,dalaran,850,deathknight,unholy,18,9,9
685,Deathcleave,burning-legion,845,deathknight,unholy,23,9,14
686,Lastdragon,dun-modr,840,deathknight,unholy,42,16,26
687,Жекабыкует,borean-tundra,836,deathknight,unholy,38,14,24
688,Civilredevil,ravencrest,830,deathknight,unholy,23,9,14
689,Cryistyx,draenor,828,deathknight,unholy,14,10,4
690,Alielib,eredar,828,deathknight,unholy,64,20,44
691,Zot,twisting-nether,814,deathknight,unholy,18,10,8
692,Ecoya,blackrock,812,deathknight,unholy,23,9,14
693,Beinlausi,dalaran,807,deathknight,unholy,15,9,6
694,Oldu,haomarush,800,deathknight,unholy,57,24,33
695,Flúrrý,ravencrest,799,deathknight,unholy,17,9,8
696,Шмуркич,gordunni,798,deathknight,unholy,23,10,13
697,Некронн,grom,795,deathknight,unholy,17,9,8
698,Barnëylord,argent-dawn,768,deathknight,unholy,12,8,4
699,Шадоудез,gordunni,768,deathknight,unholy,12,8,4
700,Psychopathz,tarren-mill,768,deathknight,unholy,12,8,4
701,Rimda,twisting-nether,768,deathknight,unholy,12,8,4
702,Radan,stormscale,768,deathknight,unholy,12,8,4
703,Wórzzag,arygos,768,deathknight,unholy,12,8,4
704,Preddktwo,twisting-nether,768,deathknight,unholy,12,8,4
705,Ravencraft,azjolnerub,768,deathknight,unholy,12,8,4
706,Aladonreith,zenedar,768,deathknight,unholy,12,8,4
707,Critycal,draenor,768,deathknight,unholy,12,8,4
708,Micaiah,dun-modr,768,deathknight,unholy,18,8,10
709,Xisaark,blackrock,768,deathknight,unholy,18,8,10
710,Glower,burning-blade,768,deathknight,unholy,18,8,10
711,Fatøumatata,archimonde,768,deathknight,unholy,18,8,10
712,Sanuky,blackrock,768,deathknight,unholy,18,8,10
713,Fuzzyofc,draenor,768,deathknight,unholy,18,8,10
714,Zatrina,blackrock,768,deathknight,unholy,24,8,16
715,Dreshtarg,draenor,768,deathknight,unholy,24,8,16
716,Мионеелол,goldrinn,768,deathknight,unholy,24,8,16
717,Amelia,ambossar,767,deathknight,unholy,12,8,4
718,Shewoman,stormreaver,767,deathknight,unholy,18,8,10
719,Apocalypse,ravencrest,767,deathknight,unholy,18,8,10
720,Cyliandra,silvermoon,767,deathknight,unholy,27,9,18
721,Nuadar,outland,767,deathknight,unholy,24,8,16
722,Payat,aegwynn,766,deathknight,unholy,12,8,4
723,Veyrøn,kazzak,766,deathknight,unholy,12,8,4
724,Auggee,ravencrest,766,deathknight,unholy,18,8,10
725,Krinoe,dalaran,766,deathknight,unholy,18,8,10
726,Zombienatíon,silvermoon,766,deathknight,unholy,24,8,16
727,Petardodupy,burning-legion,765,deathknight,unholy,24,8,16
728,Trigárdon,antonidas,764,deathknight,unholy,58,28,30
729,Mjölnir,sanguino,764,deathknight,unholy,18,8,10
730,Zanretxd,outland,764,deathknight,unholy,20,8,12
731,Жупело,gordunni,762,deathknight,unholy,12,8,4
732,Latindvergur,sylvanas,762,deathknight,unholy,18,8,10
733,Kazagoth,draenor,761,deathknight,unholy,18,8,10
734,Badbrian,draenor,760,deathknight,unholy,12,8,4
735,Ricardiob,argent-dawn,748,deathknight,unholy,16,9,7
736,Morssal,outland,748,deathknight,unholy,17,8,9
737,Arthursq,stormscale,738,deathknight,unholy,71,28,43
738,Aldramil,gorgonnash,726,deathknight,unholy,24,9,15
739,Deathuss,silvermoon,702,deathknight,unholy,22,8,14
740,Holîx,kazzak,672,deathknight,unholy,12,7,5
741,Cervä,kazzak,672,deathknight,unholy,12,7,5
742,Moonpoxdk,nerathor,672,deathknight,unholy,12,7,5
743,Bølvar,zuljin,672,deathknight,unholy,12,7,5
744,Hyperflexz,blackrock,672,deathknight,unholy,14,7,7
745,Soulchaos,ravencrest,672,deathknight,unholy,18,7,11
746,Wttdmg,kazzak,672,deathknight,unholy,18,7,11
747,Darkarthás,aegwynn,672,deathknight,unholy,18,7,11
748,Unholykebab,defias-brotherhood,672,deathknight,unholy,18,7,11
749,Gadres,aegwynn,672,deathknight,unholy,18,7,11
750,Sythuss,argent-dawn,672,deathknight,unholy,18,7,11
751,Никнейм,gordunni,672,deathknight,unholy,18,7,11
752,Чумазная,howling-fjord,672,deathknight,unholy,18,7,11
753,Keet,turalyon,672,deathknight,unholy,21,8,13
754,Моргаррок,soulflayer,671,deathknight,unholy,12,7,5
755,Theamine,silvermoon,671,deathknight,unholy,12,7,5
756,Smightydk,kazzak,671,deathknight,unholy,12,7,5
757,Падшийрыцарь,gordunni,671,deathknight,unholy,12,7,5
758,Lùrtzz,frostwolf,671,deathknight,unholy,12,7,5
759,Lìlïth,kazzak,671,deathknight,unholy,18,7,11
760,Корольбич,soulflayer,671,deathknight,unholy,18,7,11
761,Mcrune,ravencrest,671,deathknight,unholy,18,7,11
762,Ráisy,outland,671,deathknight,unholy,24,7,17
763,Думсдэйи,gordunni,670,deathknight,unholy,12,7,5
764,Crudelias,aegwynn,670,deathknight,unholy,12,7,5
765,Amencore,kazzak,670,deathknight,unholy,14,7,7
766,Akuji,dragonmaw,669,deathknight,unholy,12,7,5
767,Gothral,doomhammer,665,deathknight,unholy,12,7,5
768,Dreamgirl,sylvanas,658,deathknight,unholy,12,7,5
769,Ogomegee,ravencrest,638,deathknight,unholy,16,7,9
770,Vargass,darksorrow,598,deathknight,unholy,14,7,7
771,Duriel,stormscale,576,deathknight,unholy,12,6,6
772,Ymirzo,outland,576,deathknight,unholy,12,6,6
773,Myeltior,kazzak,576,deathknight,unholy,12,6,6
774,Ketnissq,blackrock,576,deathknight,unholy,12,6,6
775,Petergrippin,dragonblight,576,deathknight,unholy,12,6,6
776,Nephalêm,thrall,576,deathknight,unholy,12,6,6
777,Tombkeeper,silvermoon,576,deathknight,unholy,12,6,6
778,Kurían,burning-legion,576,deathknight,unholy,12,6,6
779,Venexia,kazzak,576,deathknight,unholy,12,6,6
780,Larrydk,tarren-mill,576,deathknight,unholy,12,6,6
781,Kyusuke,blackhand,576,deathknight,unholy,12,6,6
782,Huxleeyys,draenor,576,deathknight,unholy,12,6,6
783,Gigadk,ragnaros,576,deathknight,unholy,12,6,6
784,Swordkill,drakthul,576,deathknight,unholy,12,6,6
785,Lemain,drakthul,576,deathknight,unholy,12,6,6
786,Feelmyfuri,mazrigos,576,deathknight,unholy,12,6,6
787,Sfintter,uldum,576,deathknight,unholy,12,6,6
788,Critgødx,draenor,576,deathknight,unholy,13,6,7
789,Deathboost,archimonde,576,deathknight,unholy,18,6,12
790,Armanelo,stormscale,576,deathknight,unholy,18,6,12
791,Pestikus,thrall,576,deathknight,unholy,18,6,12
792,Tyranuse,kazzak,576,deathknight,unholy,18,6,12
793,Itokawa,tarren-mill,576,deathknight,unholy,18,6,12
794,Exult,twisting-nether,576,deathknight,unholy,18,6,12
795,Bubbledeath,tarren-mill,576,deathknight,unholy,18,6,12
796,Sxyd,silvermoon,576,deathknight,unholy,18,6,12
797,Niex,destromath,576,deathknight,unholy,18,6,12
798,Kaeyz,blackmoore,576,deathknight,unholy,18,6,12
799,Quazy,draenor,576,deathknight,unholy,24,6,18
800,Pangen,ravencrest,576,deathknight,unholy,36,6,30
801,Squeeze,drakthul,575,deathknight,unholy,12,6,6
802,Regniér,frostwolf,575,deathknight,unholy,12,6,6
803,Oldiseas,grim-batol,575,deathknight,unholy,12,6,6
804,Feugen,hyjal,575,deathknight,unholy,12,6,6
805,Archdemonio,wildhammer,575,deathknight,unholy,12,6,6
806,Havi,thunderhorn,575,deathknight,unholy,12,6,6
807,Mosscraciun,kazzak,575,deathknight,unholy,12,6,6
808,Dekatos,twisting-nether,575,deathknight,unholy,12,6,6
809,Arrakìs,nemesis,575,deathknight,unholy,12,6,6
810,Deathmaiden,outland,575,deathknight,unholy,12,6,6
811,Namfuuh,blackrock,575,deathknight,unholy,24,6,18
812,Nephenty,der-rat-von-dalaran,574,deathknight,unholy,12,6,6
813,Luciferyan,twisting-nether,574,deathknight,unholy,12,6,6
814,Zdan,sylvanas,574,deathknight,unholy,12,6,6
815,Fortinateur,dalaran,573,deathknight,unholy,12,6,6
816,Cervanteso,uldum,571,deathknight,unholy,12,6,6
817,Kirkster,terokkar,570,deathknight,unholy,18,6,12
818,Homunculas,twisting-nether,559,deathknight,unholy,11,6,5
819,Narrua,die-aldor,542,deathknight,unholy,17,6,11
820,Keltòr,antonidas,539,deathknight,unholy,17,6,11
821,Laobeef,twisting-nether,527,deathknight,unholy,11,6,5
822,Moartèa,blackhand,527,deathknight,unholy,17,6,11
823,Xawias,ulduar,522,deathknight,unholy,14,7,7
824,Даркслэш,howling-fjord,522,deathknight,unholy,23,8,15
825,Deadpòól,twisting-nether,521,deathknight,unholy,33,7,26
826,Nirna,argent-dawn,514,deathknight,unholy,39,6,33
827,Seal,lightnings-blade,511,deathknight,unholy,26,9,17
828,Náthrakh,argent-dawn,480,deathknight,unholy,6,5,1
829,Blácklíght,silvermoon,480,deathknight,unholy,6,5,1
830,Dromor,echsenkessel,480,deathknight,unholy,6,5,1
831,Roids,twisting-nether,480,deathknight,unholy,6,5,1
832,Rêxaks,dun-modr,480,deathknight,unholy,12,5,7
833,Stipemiocic,nemesis,480,deathknight,unholy,12,5,7
834,Morgianà,argent-dawn,480,deathknight,unholy,12,5,7
835,Тидог,ashenvale,480,deathknight,unholy,12,5,7
836,Clérora,argent-dawn,480,deathknight,unholy,12,5,7
837,Luciferon,zenedar,480,deathknight,unholy,12,5,7
838,Шэйп,fordragon,480,deathknight,unholy,12,5,7
839,Gigacow,outland,480,deathknight,unholy,12,5,7
840,Zhugzug,ragnaros,480,deathknight,unholy,12,5,7
841,Sipsip,tarren-mill,480,deathknight,unholy,12,5,7
842,Cbalife,ragnaros,480,deathknight,unholy,12,5,7
843,Unholybezerk,darkspear,480,deathknight,unholy,12,5,7
844,Taylorswiftz,tarren-mill,480,deathknight,unholy,12,5,7
845,Миракл,howling-fjord,480,deathknight,unholy,12,5,7
846,Kelebglin,silvermoon,480,deathknight,unholy,12,5,7
847,Gripshiftr,kazzak,480,deathknight,unholy,12,5,7
848,Дкшрёдингера,gordunni,480,deathknight,unholy,12,5,7
849,Amyntasz,twisting-nether,480,deathknight,unholy,12,5,7
850,Christldeath,blackrock,480,deathknight,unholy,12,5,7
851,Boreghar,drakthul,480,deathknight,unholy,12,5,7
852,Deathkanta,antonidas,480,deathknight,unholy,12,5,7
853,Frostich,ragnaros,480,deathknight,unholy,12,5,7
854,Dêeath,madmortem,480,deathknight,unholy,12,5,7
855,Shining,blackrock,480,deathknight,unholy,21,6,15
856,Тоши,fordragon,480,deathknight,unholy,18,5,13
857,Xad,blackrock,480,deathknight,unholy,18,5,13
858,Frostbone,ravencrest,480,deathknight,unholy,18,5,13
859,Helixsdk,outland,480,deathknight,unholy,20,5,15
860,Maxïmus,argent-dawn,480,deathknight,unholy,24,5,19
861,Еххел,soulflayer,479,deathknight,unholy,12,5,7
862,Mennal,the-maelstrom,479,deathknight,unholy,12,5,7
863,Dalenn,kazzak,479,deathknight,unholy,12,5,7
864,Bitdead,doomhammer,479,deathknight,unholy,12,5,7
865,Crostrike,kazzak,479,deathknight,unholy,12,5,7
866,Scareanger,argent-dawn,479,deathknight,unholy,12,5,7
867,Halohuntress,outland,479,deathknight,unholy,18,5,13
868,Kraken,aerie-peak,479,deathknight,unholy,18,5,13
869,Hacknorris,aegwynn,478,deathknight,unholy,12,5,7
870,Mailasse,dalaran,476,deathknight,unholy,10,6,4
871,Jarhèad,grim-batol,476,deathknight,unholy,22,7,15
872,Kavour,tarren-mill,447,deathknight,unholy,8,6,2
873,Calhoun,teldrassil,447,deathknight,unholy,11,5,6
874,Ðaserka,blackrock,447,deathknight,unholy,11,5,6
875,Shadowgohst,dun-morogh,440,deathknight,unholy,14,6,8
876,Eli,dalaran,431,deathknight,unholy,11,5,6
877,Uqrdk,twisting-nether,384,deathknight,unholy,6,4,2
878,Cówboylayla,stormscale,384,deathknight,unholy,6,4,2
879,Kalhyst,archimonde,384,deathknight,unholy,6,4,2
880,Kãzan,archimonde,384,deathknight,unholy,6,4,2
881,Copium,hyjal,384,deathknight,unholy,6,4,2
882,Wesnoth,ravencrest,384,deathknight,unholy,6,4,2
883,Zyôs,blackmoore,384,deathknight,unholy,6,4,2
884,Redduck,silvermoon,384,deathknight,unholy,6,4,2
885,Астартэс,deathguard,384,deathknight,unholy,6,4,2
886,Tigros,burning-legion,384,deathknight,unholy,6,4,2
887,Мурмадонище,soulflayer,384,deathknight,unholy,6,4,2
888,Vaalur,dalaran,384,deathknight,unholy,6,4,2
889,Lichkunt,stormscale,384,deathknight,unholy,6,4,2
890,Радиосмерти,gordunni,384,deathknight,unholy,6,4,2
891,Stepknìght,draenor,384,deathknight,unholy,6,4,2
892,Shlongripper,silvermoon,384,deathknight,unholy,6,4,2
893,Bonethugg,burning-legion,384,deathknight,unholy,6,4,2
894,Вирзерагна,howling-fjord,384,deathknight,unholy,6,4,2
895,Yggrauthr,argent-dawn,384,deathknight,unholy,6,4,2
896,Karisteur,azuremyst,384,deathknight,unholy,6,4,2
897,Buldog,laughing-skull,384,deathknight,unholy,6,4,2
898,Mangemicro,archimonde,384,deathknight,unholy,6,4,2
899,Darkeron,dun-modr,384,deathknight,unholy,6,4,2
900,Helmich,frostmane,384,deathknight,unholy,6,4,2
901,Budgetarthas,arthas,384,deathknight,unholy,6,4,2
902,Neph,sanguino,384,deathknight,unholy,6,4,2
903,Лордтемар,howling-fjord,384,deathknight,unholy,12,4,8
904,Vezthel,stormscale,384,deathknight,unholy,12,4,8
905,Volkovitch,archimonde,384,deathknight,unholy,12,4,8
906,Dreadmind,blackrock,384,deathknight,unholy,12,4,8
907,Amesz,tarren-mill,384,deathknight,unholy,12,4,8
908,Dk,tarren-mill,384,deathknight,unholy,12,4,8
909,Sekkah,tarren-mill,384,deathknight,unholy,12,4,8
910,Хлопайпопой,howling-fjord,384,deathknight,unholy,12,4,8
911,Nathriel,stormscale,384,deathknight,unholy,12,4,8
912,Servein,stormscale,384,deathknight,unholy,12,4,8
913,Thoir,ahnqiraj,384,deathknight,unholy,12,4,8
914,Kranker,thrall,384,deathknight,unholy,12,4,8
915,Тумм,howling-fjord,384,deathknight,unholy,12,4,8
916,Cervâ,twisting-nether,384,deathknight,unholy,12,4,8
917,Ecormcpz,eredar,384,deathknight,unholy,12,4,8
918,Pängei,frostwolf,384,deathknight,unholy,12,4,8
919,Razdig,dun-modr,384,deathknight,unholy,12,4,8
920,Szayestra,draenor,384,deathknight,unholy,12,4,8
921,Fatuglyrat,kazzak,384,deathknight,unholy,12,4,8
922,Derimathras,stormscale,384,deathknight,unholy,12,4,8
923,Necroslap,blackhand,384,deathknight,unholy,12,4,8
924,Виндрукс,soulflayer,384,deathknight,unholy,12,4,8
925,Trashdk,blackrock,384,deathknight,unholy,12,4,8
926,Mustakäsi,ravencrest,384,deathknight,unholy,12,4,8
927,Колхозник,howling-fjord,384,deathknight,unholy,12,4,8
928,Wlcrealworld,ravencrest,384,deathknight,unholy,12,4,8
929,Skypowerxx,darkspear,384,deathknight,unholy,12,4,8
930,Luzifear,bloodscalp,384,deathknight,unholy,18,4,14
931,Pottifar,tarren-mill,384,deathknight,unholy,18,4,14
932,Freakabiceps,draenor,384,deathknight,unholy,18,4,14
933,Brurf,ysondre,384,deathknight,unholy,18,4,14
934,Blòópy,silvermoon,384,deathknight,unholy,18,4,14
935,Dizin,ravencrest,384,deathknight,unholy,19,4,15
936,Zoombie,draenor,383,deathknight,unholy,6,4,2
937,Bargane,twilights-hammer,383,deathknight,unholy,6,4,2
938,Flippmo,argent-dawn,383,deathknight,unholy,9,5,4
939,Aczheron,argent-dawn,383,deathknight,unholy,12,4,8
940,Orochimaruo,stormscale,383,deathknight,unholy,12,4,8
941,Хворной,howling-fjord,383,deathknight,unholy,12,4,8
942,Фиджибро,soulflayer,383,deathknight,unholy,14,4,10
943,Darkangelina,aggra-português,378,deathknight,unholy,12,4,8
944,Варрлнишнс,soulflayer,367,deathknight,unholy,11,4,7
945,Millknight,norgannon,341,deathknight,unholy,15,6,9
946,Väkü,silvermoon,336,deathknight,unholy,9,5,4
947,Рамкар,howling-fjord,319,deathknight,unholy,8,4,4
948,Ikarack,twisting-nether,319,deathknight,unholy,8,4,4
949,Randomdkxd,ravencrest,304,deathknight,unholy,13,4,9
950,Saryn,burning-steppes,304,deathknight,unholy,13,4,9
951,Amentet,anetheron,288,deathknight,unholy,10,5,5
952,Soseiuchi,sargeras,288,deathknight,unholy,6,3,3
953,Merekx,emerald-dream,288,deathknight,unholy,6,3,3
954,Dëmise,ravencrest,288,deathknight,unholy,6,3,3
955,Uridk,sanguino,288,deathknight,unholy,6,3,3
956,Небишоп,howling-fjord,288,deathknight,unholy,6,3,3
957,Тряпьё,galakrond,288,deathknight,unholy,6,3,3
958,Babs,sylvanas,288,deathknight,unholy,6,3,3
959,Krookidk,archimonde,288,deathknight,unholy,6,3,3
960,Израф,soulflayer,288,deathknight,unholy,6,3,3
961,Smalldk,silvermoon,288,deathknight,unholy,6,3,3
962,Hasbullagødx,blackrock,288,deathknight,unholy,6,3,3
963,Rävjakt,twisting-nether,288,deathknight,unholy,6,3,3
964,Zathy,twisting-nether,288,deathknight,unholy,6,3,3
965,Dextroyersx,sanguino,288,deathknight,unholy,6,3,3
966,Krozzytwo,draenor,288,deathknight,unholy,6,3,3
967,Rades,sanguino,288,deathknight,unholy,6,3,3
968,Tenzøftw,archimonde,288,deathknight,unholy,6,3,3
969,Knoxhult,kazzak,288,deathknight,unholy,6,3,3
970,Fredriksend,argent-dawn,288,deathknight,unholy,6,3,3
971,Zêlëph,archimonde,288,deathknight,unholy,6,3,3
972,Kalenis,nemesis,288,deathknight,unholy,6,3,3
973,Карвалан,eversong,288,deathknight,unholy,6,3,3
974,Bloodraynee,twisting-nether,288,deathknight,unholy,6,3,3
975,Cyphîllyth,auchindoun,288,deathknight,unholy,6,3,3
976,Wpízdu,aegwynn,288,deathknight,unholy,6,3,3
977,Joyt,argent-dawn,288,deathknight,unholy,6,3,3
978,Løz,kazzak,288,deathknight,unholy,6,3,3
979,Masakryczny,burning-legion,288,deathknight,unholy,6,3,3
980,Mêlian,blackmoore,288,deathknight,unholy,6,3,3
981,Mayaya,malganis,288,deathknight,unholy,6,3,3
982,Bigbaboon,stormreaver,288,deathknight,unholy,6,3,3
983,Kaenor,sporeggar,288,deathknight,unholy,6,3,3
984,Cmonbruvv,outland,288,deathknight,unholy,6,3,3
985,Mocca,aegwynn,288,deathknight,unholy,6,3,3
986,Galgalí,blackmoore,288,deathknight,unholy,6,3,3
987,Jénga,ghostlands,288,deathknight,unholy,6,3,3
988,Gbdk,xavius,288,deathknight,unholy,6,3,3
989,Kàrásu,eredar,288,deathknight,unholy,6,3,3
990,Uvros,bloodhoof,288,deathknight,unholy,6,3,3
991,Heresjohny,stormrage,288,deathknight,unholy,6,3,3
992,Zfeuda,azshara,288,deathknight,unholy,6,3,3
993,Grippyb,tarren-mill,288,deathknight,unholy,6,3,3
994,Dakyforfun,ravencrest,288,deathknight,unholy,6,3,3
995,Darkrolexx,blackhand,288,deathknight,unholy,6,3,3
996,Vip,argent-dawn,288,deathknight,unholy,6,3,3
997,Nmedk,grim-batol,288,deathknight,unholy,15,4,11
998,Juicyjayho,stormscale,288,deathknight,unholy,12,3,9
999,Ashgôrath,defias-brotherhood,288,deathknight,unholy,12,3,9
1000,Plaguebones,ravencrest,288,deathknight,unholy,12,3,9
1001,Dagë,twisting-nether,288,deathknight,unholy,12,3,9
1002,Zixcommixx,hyjal,288,deathknight,unholy,12,3,9
1003,Sulf,burning-legion,288,deathknight,unholy,12,3,9
1004,Worldwiynd,ravencrest,288,deathknight,unholy,12,3,9
1005,Whiskine,aggramar,288,deathknight,unholy,12,3,9
1006,Эвессом,goldrinn,288,deathknight,unholy,12,3,9
1007,Chains,sanguino,288,deathknight,unholy,12,3,9
1008,Ecatholicus,silvermoon,288,deathknight,unholy,12,3,9
1009,Lair,shendralar,288,deathknight,unholy,12,3,9
1010,Морталес,azuregos,288,deathknight,unholy,12,3,9
1011,Infamousmobb,archimonde,288,deathknight,unholy,12,3,9
1012,Alakiah,khaz-modan,288,deathknight,unholy,12,3,9
1013,Serelis,argent-dawn,288,deathknight,unholy,12,3,9
1014,Deathclapp,twisting-nether,288,deathknight,unholy,12,3,9
1015,Ipanicfart,argent-dawn,288,deathknight,unholy,12,3,9
1016,Adlian,twisting-nether,288,deathknight,unholy,12,3,9
1017,Cleverb,silvermoon,288,deathknight,unholy,12,3,9
1018,Benetleilax,bronzebeard,288,deathknight,unholy,12,3,9
1019,Jonyo,silvermoon,288,deathknight,unholy,12,3,9
1020,Drraugrinn,tarren-mill,288,deathknight,unholy,12,3,9
1021,Каскадёрка,howling-fjord,287,deathknight,unholy,12,3,9
1022,Mámmôn,malygos,287,deathknight,unholy,13,3,10
1023,Aguroh,khaz-modan,286,deathknight,unholy,12,3,9
1024,Abyad,dalaran,285,deathknight,unholy,12,3,9
1025,Hateem,sylvanas,255,deathknight,unholy,11,3,8
1026,Miruvar,tarren-mill,240,deathknight,unholy,9,3,6
1027,Difestia,silvermoon,239,deathknight,unholy,5,3,2
1028,Charai,blackhand,234,deathknight,unholy,14,4,10
1029,Nexium,outland,192,deathknight,unholy,4,3,1
1030,Аэрит,howling-fjord,192,deathknight,unholy,6,2,4
1031,Hoggster,kazzak,192,deathknight,unholy,6,2,4
1032,Янатащи,gordunni,192,deathknight,unholy,6,2,4
1033,Гнилец,soulflayer,192,deathknight,unholy,6,2,4
1034,Fdkgotbuffed,tarren-mill,192,deathknight,unholy,6,2,4
1035,Olriklol,dentarg,192,deathknight,unholy,6,2,4
1036,Thryndiel,ravencrest,192,deathknight,unholy,6,2,4
1037,Буризан,blackscar,192,deathknight,unholy,6,2,4
1038,Имбазомбарь,howling-fjord,192,deathknight,unholy,6,2,4
1039,Doubledead,the-maelstrom,192,deathknight,unholy,6,2,4
1040,Mangalitsa,twisting-nether,192,deathknight,unholy,6,2,4
1041,Горосов,gordunni,192,deathknight,unholy,6,2,4
1042,Haeydez,draenor,192,deathknight,unholy,6,2,4
1043,Feldøøm,nemesis,192,deathknight,unholy,6,2,4
1044,Dilbil,tarren-mill,192,deathknight,unholy,6,2,4
1045,Valkion,nemesis,192,deathknight,unholy,6,2,4
1046,Goochtickler,kazzak,192,deathknight,unholy,6,2,4
1047,Ластофас,gordunni,192,deathknight,unholy,6,2,4
1048,Njor,twisting-nether,192,deathknight,unholy,6,2,4
1049,Kacpèr,burning-legion,192,deathknight,unholy,6,2,4
1050,Barnalord,dentarg,192,deathknight,unholy,6,2,4
1051,Mustapha,kazzak,192,deathknight,unholy,6,2,4
1052,Mizrael,burning-blade,192,deathknight,unholy,6,2,4
1053,Hemopathy,tarren-mill,192,deathknight,unholy,6,2,4
1054,Eigrin,argent-dawn,192,deathknight,unholy,6,2,4
1055,Clipe,sanguino,192,deathknight,unholy,6,2,4
1056,Rektsohard,ravencrest,192,deathknight,unholy,6,2,4
1057,Angalor,argent-dawn,192,deathknight,unholy,6,2,4
1058,Draghonis,argent-dawn,192,deathknight,unholy,6,2,4
1059,Engelinä,ysondre,192,deathknight,unholy,6,2,4
1060,Binknight,argent-dawn,192,deathknight,unholy,6,2,4
1061,Iziqroi,archimonde,192,deathknight,unholy,6,2,4
1062,Lithics,blades-edge,192,deathknight,unholy,6,2,4
1063,Letudra,outland,192,deathknight,unholy,6,2,4
1064,Elendren,blackrock,192,deathknight,unholy,6,2,4
1065,Kaysto,blackrock,192,deathknight,unholy,6,2,4
1066,Nihilistyx,blackrock,192,deathknight,unholy,6,2,4
1067,Kachie,stormscale,192,deathknight,unholy,6,2,4
1068,Norux,alonsus,192,deathknight,unholy,6,2,4
1069,Unholyysteel,silvermoon,192,deathknight,unholy,6,2,4
1070,Kromas,silvermoon,192,deathknight,unholy,6,2,4
1071,Alameda,nathrezim,192,deathknight,unholy,6,2,4
1072,Dk,earthen-ring,192,deathknight,unholy,6,2,4
1073,Urukaye,silvermoon,192,deathknight,unholy,6,2,4
1074,Hexenköníg,frostmourne,192,deathknight,unholy,6,2,4
1075,Postura,kazzak,192,deathknight,unholy,6,2,4
1076,Bårêlýgød,blackmoore,192,deathknight,unholy,6,2,4
1077,Homelándér,blackmoore,192,deathknight,unholy,6,2,4
1078,Kane,destromath,192,deathknight,unholy,7,2,5
1079,ßambøøzle,draenor,192,deathknight,unholy,13,3,10
1080,Vîrus,kazzak,192,deathknight,unholy,12,2,10
1081,Azrail,alonsus,192,deathknight,unholy,12,2,10
1082,Carnificis,nefarian,192,deathknight,unholy,12,2,10
1083,Goldins,doomhammer,192,deathknight,unholy,12,2,10
1084,Demonicaltar,dalaran,192,deathknight,unholy,12,2,10
1085,Majkântês,drakthul,192,deathknight,unholy,12,2,10
1086,Arthaslegend,magtheridon,192,deathknight,unholy,12,2,10
1087,Гадиния,soulflayer,191,deathknight,unholy,4,3,1
1088,Whitedead,destromath,191,deathknight,unholy,6,2,4
1089,Àragørn,blackrock,191,deathknight,unholy,6,2,4
1090,Narancha,haomarush,191,deathknight,unholy,6,2,4
1091,Ândi,alleria,190,deathknight,unholy,12,2,10
1092,Hokdk,voljin,159,deathknight,unholy,17,2,15
1093,Dødsmanna,twisting-nether,144,deathknight,unholy,9,2,7
1094,Jodure,silvermoon,138,deathknight,unholy,17,3,14
1095,Sämäël,outland,137,deathknight,unholy,8,3,5
1096,Auto,hyjal,128,deathknight,unholy,4,2,2
1097,Inmau,sanguino,96,deathknight,unholy,3,2,1
1098,Cowsoup,stormscale,96,deathknight,unholy,6,1,5
1099,Úñçháíñéd,kazzak,96,deathknight,unholy,6,1,5
1100,Eívór,garrosh,96,deathknight,unholy,6,1,5
1101,Abusedk,archimonde,96,deathknight,unholy,6,1,5
1102,Verssatus,archimonde,96,deathknight,unholy,6,1,5
1103,Rouskkoff,hyjal,96,deathknight,unholy,6,1,5
1104,Drfatnuts,kazzak,96,deathknight,unholy,6,1,5
1105,Wavemaker,kazzak,96,deathknight,unholy,6,1,5
1106,Brotén,grim-batol,96,deathknight,unholy,6,1,5
1107,Deathdayben,kazzak,96,deathknight,unholy,6,1,5
1108,Routasydän,outland,96,deathknight,unholy,6,1,5
1109,Rongos,norgannon,96,deathknight,unholy,6,1,5
1110,Madsgrip,tarren-mill,96,deathknight,unholy,6,1,5
1111,Dextèr,stormreaver,96,deathknight,unholy,6,1,5
1112,Bytedk,aggra-português,96,deathknight,unholy,6,1,5
1113,Zagoôo,outland,96,deathknight,unholy,6,1,5
1114,Beliall,draenor,96,deathknight,unholy,6,1,5
1115,Orrengo,blackrock,96,deathknight,unholy,6,1,5
1116,Коилкоилкоил,blackscar,96,deathknight,unholy,6,1,5
1117,Axemastery,draenor,96,deathknight,unholy,6,1,5
1118,Dumbclass,wildhammer,96,deathknight,unholy,6,1,5
1119,Кернесса,blackscar,96,deathknight,unholy,6,1,5
1120,Yagashi,stormscale,96,deathknight,unholy,6,1,5
1121,Antexdk,drakthul,96,deathknight,unholy,6,1,5
1122,Диманекротик,blackscar,96,deathknight,unholy,6,1,5
1123,Veleran,blackrock,96,deathknight,unholy,6,1,5
1124,Lieven,tarren-mill,96,deathknight,unholy,6,1,5
1125,Муунрок,howling-fjord,96,deathknight,unholy,6,1,5
1126,Имерсий,gordunni,96,deathknight,unholy,6,1,5
1127,Джеттар,howling-fjord,96,deathknight,unholy,6,1,5
1128,Gdubet,kazzak,96,deathknight,unholy,6,1,5
1129,Grimgôr,kazzak,96,deathknight,unholy,6,1,5
1130,Skrati,das-syndikat,96,deathknight,unholy,6,1,5
1131,Shadowevil,silvermoon,96,deathknight,unholy,6,1,5
1132,Инфлюминс,soulflayer,96,deathknight,unholy,6,1,5
1133,Cameltôe,frostwolf,96,deathknight,unholy,6,1,5
1134,Unholygunnds,ravencrest,96,deathknight,unholy,6,1,5
1135,Sìrmooalot,twisting-nether,96,deathknight,unholy,6,1,5
1136,Erezar,burning-legion,96,deathknight,unholy,6,1,5
1137,Искрос,gordunni,96,deathknight,unholy,6,1,5
1138,Ôcb,marécage-de-zangar,96,deathknight,unholy,6,1,5
1139,Дкмонт,deathguard,96,deathknight,unholy,6,1,5
1140,Madseason,burning-legion,96,deathknight,unholy,6,1,5
1141,Гачимучий,soulflayer,96,deathknight,unholy,6,1,5
1142,Depleterus,blackrock,96,deathknight,unholy,12,1,11
1143,Thyrandre,khaz-modan,96,deathknight,unholy,12,1,11
1144,Peiie,ravencrest,96,deathknight,unholy,12,1,11
1145,Fenixflexin,ravencrest,96,deathknight,unholy,12,1,11
1146,Buzknight,twisting-nether,96,deathknight,unholy,12,1,11
1147,Brasith,outland,96,deathknight,unholy,12,1,11
1148,Gosting,kirin-tor,96,deathknight,unholy,12,1,11
1149,Plaguecloud,kazzak,96,deathknight,unholy,12,1,11
1150,Bestiaccia,nemesis,95,deathknight,unholy,6,1,5
1151,Necromedes,kazzak,64,deathknight,unholy,4,1,3
1152,Cremefresh,ragnaros,48,deathknight,unholy,3,1,2
1153,Errøar,aegwynn,31,deathknight,unholy,2,1,1
1154,Шарабум,howling-fjord,16,deathknight,unholy,7,1,6
1155,Никнейм,gordunni,2123,deathknight,frost,102,55,47
1156,Fdkgotbuffed,tarren-mill,2071,deathknight,frost,78,39,39
1157,Nellion,kazzak,2060,deathknight,frost,84,38,46
1158,Garrinchá,stormscale,2040,deathknight,frost,60,36,24
1159,Имерсий,gordunni,2033,deathknight,frost,54,33,21
1160,Anotherdkx,ravencrest,2002,deathknight,frost,66,39,27
1161,Igetmount,draenor,1993,deathknight,frost,48,27,21
1162,Murbastic,draenor,1981,deathknight,frost,251,127,124
1163,Viuff,kazzak,1894,deathknight,frost,42,23,19
1164,Jeanice,blackhand,1833,deathknight,frost,42,23,19
1165,Малтель,howling-fjord,1828,deathknight,frost,54,28,26
1166,Эриданс,gordunni,1806,deathknight,frost,48,32,16
1167,Картафилиус,soulflayer,1804,deathknight,frost,66,28,38
1168,Дарргг,ashenvale,1750,deathknight,frost,144,72,72
1169,Ayro,aegwynn,1732,deathknight,frost,66,34,32
1170,Duriel,stormscale,1712,deathknight,frost,114,62,52
1171,Mikagoddess,argent-dawn,1708,deathknight,frost,95,49,46
1172,Arrèsted,aegwynn,1696,deathknight,frost,45,20,25
1173,Diogenisis,arthas,1671,deathknight,frost,54,23,31
1174,Винкис,gordunni,1669,deathknight,frost,78,46,32
1175,Zektal,thrall,1652,deathknight,frost,48,19,29
1176,Moreau,eredar,1640,deathknight,frost,40,20,20
1177,Rêxaks,dun-modr,1630,deathknight,frost,42,19,23
1178,Ниффер,deathguard,1627,deathknight,frost,34,18,16
1179,Geunieve,ysondre,1621,deathknight,frost,60,23,37
1180,Espatula,ravencrest,1619,deathknight,frost,48,23,25
1181,Frace,tyrande,1619,deathknight,frost,84,38,46
1182,Cyliandra,silvermoon,1615,deathknight,frost,48,27,21
1183,Banishabomb,ragnaros,1615,deathknight,frost,78,39,39
1184,Vidofnir,argent-dawn,1611,deathknight,frost,56,31,25
1185,Raylenx,uldaman,1609,deathknight,frost,75,39,36
1186,Arxelas,stormscale,1607,deathknight,frost,68,42,26
1187,Xolaani,outland,1596,deathknight,frost,36,20,16
1188,Deucàlyqt,nemesis,1589,deathknight,frost,64,28,36
1189,Selena,blackmoore,1587,deathknight,frost,30,17,13
1190,Arxelas,sylvanas,1580,deathknight,frost,166,86,80
1191,Клиссанг,razuvious,1572,deathknight,frost,30,19,11
1192,Kailara,draenor,1551,deathknight,frost,72,38,34
1193,Hatriox,outland,1543,deathknight,frost,141,77,64
1194,Fallenjaina,kazzak,1541,deathknight,frost,191,96,95
1195,Deucalyqt,nemesis,1538,deathknight,frost,66,31,35
1196,Chakko,ravencrest,1534,deathknight,frost,42,18,24
1197,Dripgrip,ravencrest,1529,deathknight,frost,77,36,41
1198,Frostlux,archimonde,1524,deathknight,frost,539,257,282
1199,Diatriss,argent-dawn,1518,deathknight,frost,85,49,36
1200,Маклайкнайт,gordunni,1508,deathknight,frost,152,76,76
1201,Brawlerbabe,stormscale,1502,deathknight,frost,126,56,70
1202,Leónid,kazzak,1486,deathknight,frost,33,17,16
1203,Obliterate,frostmourne,1469,deathknight,frost,52,28,24
1204,Катаринья,howling-fjord,1461,deathknight,frost,69,33,36
1205,Геннош,howling-fjord,1460,deathknight,frost,48,23,25
1206,Gorobijec,drakthul,1460,deathknight,frost,173,78,95
1207,Wildsword,sylvanas,1429,deathknight,frost,39,21,18
1208,Dktroll,blackmoore,1428,deathknight,frost,151,67,84
1209,Stevensdk,darkspear,1427,deathknight,frost,36,17,19
1210,Кулькулегал,ashenvale,1424,deathknight,frost,24,15,9
1211,Neitoperho,frostmane,1422,deathknight,frost,36,15,21
1212,Асаала,soulflayer,1419,deathknight,frost,27,19,8
1213,Furleyc,argent-dawn,1405,deathknight,frost,60,34,26
1214,Arthaslegend,magtheridon,1403,deathknight,frost,66,27,39
1215,Desolatiøn,ravencrest,1401,deathknight,frost,30,16,14
1216,Angalor,argent-dawn,1399,deathknight,frost,44,18,26
1217,Blácked,draenor,1397,deathknight,frost,36,18,18
1218,Düksito,dun-modr,1392,deathknight,frost,63,32,31
1219,Skorice,dalaran,1389,deathknight,frost,48,19,29
1220,Флаттершайдк,booty-bay,1383,deathknight,frost,37,16,21
1221,Фростмаран,soulflayer,1373,deathknight,frost,96,45,51
1222,Mcrune,ravencrest,1364,deathknight,frost,44,22,22
1223,Cdp,ragnaros,1361,deathknight,frost,30,20,10
1224,Regniér,frostwolf,1358,deathknight,frost,176,79,97
1225,Ðeucaly,nemesis,1357,deathknight,frost,66,30,36
1226,Mocca,aegwynn,1357,deathknight,frost,52,21,31
1227,Keronaterol,blackhand,1352,deathknight,frost,54,31,23
1228,Reezeer,stormscale,1351,deathknight,frost,30,15,15
1229,Ubiystvo,kazzak,1346,deathknight,frost,36,21,15
1230,Deathknight,spinebreaker,1342,deathknight,frost,38,17,21
1231,Frostymel,ravencrest,1337,deathknight,frost,42,15,27
1232,Superere,hyjal,1326,deathknight,frost,150,80,70
1233,Comehere,norgannon,1321,deathknight,frost,30,19,11
1234,Kãra,ysondre,1320,deathknight,frost,61,31,30
1235,Tofin,dunemaul,1320,deathknight,frost,38,18,20
1236,Касуляпвнз,gordunni,1305,deathknight,frost,39,21,18
1237,Sinabre,eitrigg,1302,deathknight,frost,30,14,16
1238,Akril,tarren-mill,1301,deathknight,frost,36,14,22
1239,Deucalygodx,nemesis,1301,deathknight,frost,60,22,38
1240,Lylíth,archimonde,1298,deathknight,frost,48,21,27
1241,Âlîce,culte-de-la-rive-noire,1297,deathknight,frost,54,26,28
1242,Arthasuk,dun-modr,1285,deathknight,frost,117,63,54
1243,Кроуфрост,gordunni,1285,deathknight,frost,60,29,31
1244,Dzengiskhan,draenor,1285,deathknight,frost,66,27,39
1245,Unchaindk,outland,1282,deathknight,frost,60,31,29
1246,Jumbogrip,tarren-mill,1282,deathknight,frost,31,15,16
1247,Barathéøn,les-sentinelles,1282,deathknight,frost,53,19,34
1248,Spøøk,defias-brotherhood,1275,deathknight,frost,183,87,96
1249,Abnormus,tarren-mill,1273,deathknight,frost,90,46,44
1250,Ihatelife,frostwolf,1271,deathknight,frost,102,49,53
1251,Døuffy,hyjal,1248,deathknight,frost,149,72,77
1252,Sonnedeath,tarren-mill,1247,deathknight,frost,22,14,8
1253,Elendren,blackrock,1247,deathknight,frost,24,13,11
1254,Drkok,blackmoore,1240,deathknight,frost,24,13,11
1255,Düks,dun-modr,1238,deathknight,frost,87,39,48
1256,Morgouse,kazzak,1225,deathknight,frost,107,49,58
1257,Satyriasis,twisting-nether,1224,deathknight,frost,28,16,12
1258,Frostmommy,argent-dawn,1214,deathknight,frost,41,16,25
1259,Moosbirne,blackhand,1213,deathknight,frost,36,15,21
1260,Belía,blackmoore,1204,deathknight,frost,56,26,30
1261,Môrgøth,nemesis,1204,deathknight,frost,36,14,22
1262,Monkeydclaus,arathor,1202,deathknight,frost,60,31,29
1263,Êbøla,sanguino,1202,deathknight,frost,66,28,38
1264,Fixmybones,frostmane,1183,deathknight,frost,54,27,27
1265,Krasny,hyjal,1179,deathknight,frost,78,42,36
1266,Twardobaba,burning-legion,1176,deathknight,frost,56,25,31
1267,Cayliadk,tarren-mill,1174,deathknight,frost,167,76,91
1268,Zandruq,twisting-nether,1162,deathknight,frost,58,24,34
1269,Iaccidens,stormscale,1154,deathknight,frost,46,16,30
1270,Aceléss,drakthul,1150,deathknight,frost,18,12,6
1271,Tenzøftw,archimonde,1148,deathknight,frost,24,12,12
1272,Leyc,argent-dawn,1146,deathknight,frost,24,12,12
1273,Nôsferatú,amanthul,1145,deathknight,frost,78,39,39
1274,Darkchas,silvermoon,1144,deathknight,frost,24,12,12
1275,Zerodude,silvermoon,1142,deathknight,frost,60,30,30
1276,Azrador,frostwolf,1140,deathknight,frost,54,21,33
1277,Sipsip,tarren-mill,1139,deathknight,frost,24,12,12
1278,Thenrys,culte-de-la-rive-noire,1139,deathknight,frost,80,32,48
1279,Akantras,blackmoore,1136,deathknight,frost,47,23,24
1280,Polimeh,draenor,1132,deathknight,frost,66,38,28
1281,Zuggandk,tarren-mill,1132,deathknight,frost,24,13,11
1282,Mattesøs,drakthul,1130,deathknight,frost,36,13,23
1283,Wardrickxdd,ravencrest,1128,deathknight,frost,24,12,12
1284,Orcborg,zuljin,1125,deathknight,frost,24,12,12
1285,Dkruffos,draenor,1114,deathknight,frost,60,24,36
1286,Zioan,jaedenar,1109,deathknight,frost,56,31,25
1287,Alastoras,nemesis,1108,deathknight,frost,37,19,18
1288,Collinná,aegwynn,1104,deathknight,frost,36,13,23
1289,Woddey,blackrock,1101,deathknight,frost,60,29,31
1290,Gauloupin,lightnings-blade,1092,deathknight,frost,33,16,17
1291,Порция,greymane,1085,deathknight,frost,48,30,18
1292,Dämäger,proudmoore,1080,deathknight,frost,66,29,37
1293,Regys,argent-dawn,1080,deathknight,frost,28,12,16
1294,Вафельнаяфея,blackscar,1073,deathknight,frost,43,17,26
1295,Khelthalas,teldrassil,1053,deathknight,frost,25,18,7
1296,Unaxito,sanguino,1052,deathknight,frost,24,11,13
1297,Scørn,thrall,1051,deathknight,frost,24,11,13
1298,Bari,the-venture-co,1032,deathknight,frost,24,11,13
1299,Ivik,the-maelstrom,1024,deathknight,frost,62,35,27
1300,Krylow,draenor,1020,deathknight,frost,42,17,25
1301,Quantumshift,ravencrest,1004,deathknight,frost,17,11,6
1302,Папичдк,gordunni,1002,deathknight,frost,21,12,9
1303,Sooran,blackhand,994,deathknight,frost,24,16,8
1304,Dakyforfun,ravencrest,960,deathknight,frost,12,10,2
1305,Flúrrý,kazzak,960,deathknight,frost,24,10,14
1306,Leonis,arthas,959,deathknight,frost,18,10,8
1307,Abadonn,archimonde,959,deathknight,frost,24,10,14
1308,Kooklynn,aggra-português,955,deathknight,frost,18,10,8
1309,Nifllheimr,outland,954,deathknight,frost,18,10,8
1310,Wintersons,tarren-mill,954,deathknight,frost,18,10,8
1311,Scorbion,kilrogg,947,deathknight,frost,33,16,17
1312,Dursall,thrall,947,deathknight,frost,125,60,65
1313,Assasínator,tarren-mill,932,deathknight,frost,43,23,20
1314,Mauryr,drakthul,900,deathknight,frost,60,20,40
1315,Нифер,deathguard,894,deathknight,frost,20,10,10
1316,Карвалан,eversong,884,deathknight,frost,36,18,18
1317,Kixx,bloodfeather,873,deathknight,frost,53,13,40
1318,Fareast,nerathor,865,deathknight,frost,78,36,42
1319,Mellion,ragnaros,864,deathknight,frost,12,9,3
1320,Løz,kazzak,864,deathknight,frost,18,9,9
1321,ßambøøzle,draenor,864,deathknight,frost,18,9,9
1322,Wrathlich,tyrande,863,deathknight,frost,18,9,9
1323,Murky,kazzak,863,deathknight,frost,18,9,9
1324,Madseason,burning-legion,863,deathknight,frost,18,9,9
1325,Asphyxias,alleria,863,deathknight,frost,18,9,9
1326,Лордтемар,howling-fjord,863,deathknight,frost,24,9,15
1327,Nymfo,tirion,862,deathknight,frost,12,9,3
1328,Neorteriona,argent-dawn,860,deathknight,frost,18,9,9
1329,Vîrus,kazzak,859,deathknight,frost,18,9,9
1330,Clàymax,kazzak,857,deathknight,frost,24,9,15
1331,Rogerwaterz,twisting-nether,855,deathknight,frost,12,9,3
1332,Deadkilla,stormreaver,851,deathknight,frost,18,9,9
1333,Dànté,eitrigg,848,deathknight,frost,18,10,8
1334,Peachvajz,turalyon,845,deathknight,frost,87,43,44
1335,Guillemet,turalyon,830,deathknight,frost,16,10,6
1336,Elbaqwan,the-shatar,827,deathknight,frost,30,13,17
1337,Craftmaker,eonar,816,deathknight,frost,44,19,25
1338,Afadk,kazzak,786,deathknight,frost,66,25,41
1339,Tenzøjr,archimonde,768,deathknight,frost,12,8,4
1340,Селес,ashenvale,768,deathknight,frost,12,8,4
1341,Salaahadin,darkspear,768,deathknight,frost,18,8,10
1342,Dexterlul,blackmoore,768,deathknight,frost,18,8,10
1343,Frege,tarren-mill,768,deathknight,frost,18,8,10
1344,Eynoway,blackmoore,768,deathknight,frost,18,8,10
1345,Khagra,ravencrest,767,deathknight,frost,18,8,10
1346,Jollíe,tarren-mill,767,deathknight,frost,24,8,16
1347,Zaouros,silvermoon,767,deathknight,frost,30,8,22
1348,Leahthebad,sylvanas,766,deathknight,frost,18,8,10
1349,Zombíe,laughing-skull,765,deathknight,frost,12,8,4
1350,Дрогдош,howling-fjord,765,deathknight,frost,24,8,16
1351,Арнорос,lich-king,764,deathknight,frost,12,8,4
1352,Gageth,shadowsong,763,deathknight,frost,33,9,24
1353,Fullbusterr,hyjal,761,deathknight,frost,12,8,4
1354,Posinkautta,silvermoon,757,deathknight,frost,12,8,4
1355,Zerdon,frostmane,756,deathknight,frost,13,8,5
1356,Lichfils,chogall,745,deathknight,frost,27,8,19
1357,Prokszii,turalyon,733,deathknight,frost,20,9,11
1358,Odaijini,archimonde,719,deathknight,frost,17,8,9
1359,Veneera,emeriss,672,deathknight,frost,12,7,5
1360,Gorefiend,kazzak,672,deathknight,frost,12,7,5
1361,Mâxî,hyjal,672,deathknight,frost,12,7,5
1362,Kerastrell,doomhammer,672,deathknight,frost,18,7,11
1363,Primø,malganis,671,deathknight,frost,16,8,8
1364,Halohuntress,outland,671,deathknight,frost,18,7,11
1365,Vampire,ahnqiraj,671,deathknight,frost,18,7,11
1366,Holîx,kazzak,671,deathknight,frost,30,7,23
1367,Blurek,lordaeron,670,deathknight,frost,12,7,5
1368,Merdraut,alakir,670,deathknight,frost,12,7,5
1369,Uthn,outland,670,deathknight,frost,24,7,17
1370,Меланндрис,gordunni,669,deathknight,frost,15,8,7
1371,Annecanos,ravencrest,668,deathknight,frost,12,7,5
1372,Gravehammer,sylvanas,663,deathknight,frost,12,7,5
1373,Menacê,ravencrest,662,deathknight,frost,18,7,11
1374,Aczheron,argent-dawn,660,deathknight,frost,24,7,17
1375,Antîlâ,antonidas,658,deathknight,frost,12,7,5
1376,Dreadnight,sanguino,639,deathknight,frost,14,8,6
1377,Планус,booty-bay,576,deathknight,frost,12,6,6
1378,Volestral,emeriss,576,deathknight,frost,12,6,6
1379,Doping,eredar,576,deathknight,frost,12,6,6
1380,Rubbann,ravencrest,576,deathknight,frost,12,6,6
1381,Narali,argent-dawn,576,deathknight,frost,12,6,6
1382,Sødax,sanguino,576,deathknight,frost,12,6,6
1383,Orangatang,dalaran,576,deathknight,frost,12,6,6
1384,Pandahapci,ragnaros,576,deathknight,frost,12,6,6
1385,Xeliora,ragnaros,576,deathknight,frost,15,7,8
1386,Rompå,ravencrest,576,deathknight,frost,18,6,12
1387,Oj,darkspear,576,deathknight,frost,18,6,12
1388,Qus,twisting-nether,576,deathknight,frost,18,6,12
1389,Worlviuz,argent-dawn,576,deathknight,frost,18,6,12
1390,Parayysite,eredar,576,deathknight,frost,18,6,12
1391,Deathmike,steamwheedle-cartel,576,deathknight,frost,18,6,12
1392,Gotendk,draenor,575,deathknight,frost,12,6,6
1393,Fatbutdead,malganis,575,deathknight,frost,12,6,6
1394,Wlcrealworld,ravencrest,575,deathknight,frost,18,6,12
1395,Tugarinzmey,tarren-mill,575,deathknight,frost,18,6,12
1396,Ahnuk,aggra-português,574,deathknight,frost,12,6,6
1397,Deathcardos,die-aldor,573,deathknight,frost,18,6,12
1398,Фламмивир,gordunni,572,deathknight,frost,12,6,6
1399,Izanagii,exodar,572,deathknight,frost,12,6,6
1400,Ziuziu,twisting-nether,542,deathknight,frost,16,6,10
1401,Tyranuse,kazzak,527,deathknight,frost,17,6,11
1402,Фэйлстрайк,azuregos,510,deathknight,frost,14,6,8
1403,Exodiuss,dalaran,510,deathknight,frost,16,6,10
1404,Deckbulle,blackhand,480,deathknight,frost,6,5,1
1405,Thebangman,ravencrest,480,deathknight,frost,9,6,3
1406,Ларкусдк,howling-fjord,480,deathknight,frost,12,5,7
1407,Feelmyfuri,mazrigos,480,deathknight,frost,12,5,7
1408,Nommad,archimonde,480,deathknight,frost,12,5,7
1409,Hemopathy,tarren-mill,480,deathknight,frost,12,5,7
1410,Khnïshou,silvermoon,480,deathknight,frost,12,5,7
1411,Runepride,argent-dawn,480,deathknight,frost,12,5,7
1412,Руин,blackscar,480,deathknight,frost,12,5,7
1413,Дэвайна,gordunni,480,deathknight,frost,12,5,7
1414,Gringly,tarren-mill,480,deathknight,frost,12,5,7
1415,Justaniceguy,silvermoon,480,deathknight,frost,12,5,7
1416,Ûñhølýðéåthj,tarren-mill,480,deathknight,frost,12,5,7
1417,Ñogg,kazzak,480,deathknight,frost,12,5,7
1418,Goochtickler,kazzak,480,deathknight,frost,12,5,7
1419,Pestilerous,draenor,480,deathknight,frost,18,5,13
1420,Nathriel,stormscale,479,deathknight,frost,12,5,7
1421,Hellcrosser,blackrock,479,deathknight,frost,12,5,7
1422,Sindó,blackrock,479,deathknight,frost,12,5,7
1423,Talge,sylvanas,479,deathknight,frost,12,5,7
1424,Ostridz,grim-batol,479,deathknight,frost,12,5,7
1425,Xtream,blackmoore,479,deathknight,frost,12,5,7
1426,Jowân,blackmoore,479,deathknight,frost,12,5,7
1427,Смердонос,grom,479,deathknight,frost,12,5,7
1428,Deadpòól,twisting-nether,479,deathknight,frost,18,5,13
1429,Bigspider,aggramar,479,deathknight,frost,24,5,19
1430,Grumpykathi,blackmoore,478,deathknight,frost,12,5,7
1431,Copium,hyjal,477,deathknight,frost,12,5,7
1432,Fishtruction,tarren-mill,476,deathknight,frost,12,5,7
1433,Kejpo,drakthul,473,deathknight,frost,12,5,7
1434,Predatormkdd,ravencrest,429,deathknight,frost,11,5,6
1435,Oldiseas,grim-batol,384,deathknight,frost,6,4,2
1436,Dunkàn,silvermoon,384,deathknight,frost,6,4,2
1437,Gozuryu,kazzak,384,deathknight,frost,6,4,2
1438,Lemmegetuuh,chogall,384,deathknight,frost,6,4,2
1439,Enzy,drakthul,384,deathknight,frost,6,4,2
1440,Wuurzaag,twisting-nether,384,deathknight,frost,6,4,2
1441,Karthor,teldrassil,384,deathknight,frost,6,4,2
1442,Indrette,archimonde,384,deathknight,frost,6,4,2
1443,Re,stormrage,384,deathknight,frost,6,4,2
1444,Reann,argent-dawn,384,deathknight,frost,6,4,2
1445,Namzera,draenor,384,deathknight,frost,6,4,2
1446,Letumnex,tarren-mill,384,deathknight,frost,6,4,2
1447,Smardacus,silvermoon,384,deathknight,frost,6,4,2
1448,Вирко,eversong,384,deathknight,frost,9,5,4
1449,Pawnzqtie,stormscale,384,deathknight,frost,12,4,8
1450,Anasûrimbor,tarren-mill,384,deathknight,frost,12,4,8
1451,Æew,kazzak,384,deathknight,frost,12,4,8
1452,Doodcraft,tarren-mill,384,deathknight,frost,12,4,8
1453,Xenake,kazzak,384,deathknight,frost,12,4,8
1454,Maxmo,twilights-hammer,384,deathknight,frost,12,4,8
1455,Buldog,laughing-skull,384,deathknight,frost,12,4,8
1456,Apraxia,ravencrest,384,deathknight,frost,12,4,8
1457,Джайвана,soulflayer,384,deathknight,frost,12,4,8
1458,Raihor,outland,384,deathknight,frost,14,4,10
1459,Кокосоус,gordunni,384,deathknight,frost,17,4,13
1460,Beherith,sunstrider,383,deathknight,frost,6,4,2
1461,Tÿnak,der-mithrilorden,383,deathknight,frost,9,4,5
1462,Гадиния,soulflayer,383,deathknight,frost,12,4,8
1463,Eckodk,aggra-português,383,deathknight,frost,12,4,8
1464,Бранс,gordunni,383,deathknight,frost,12,4,8
1465,Kivo,marécage-de-zangar,383,deathknight,frost,12,4,8
1466,Arond,arygos,383,deathknight,frost,12,4,8
1467,Archa,shendralar,383,deathknight,frost,12,4,8
1468,Breeze,xavius,383,deathknight,frost,12,4,8
1469,Belâam,archimonde,383,deathknight,frost,24,4,20
1470,Dødsgud,khaz-modan,382,deathknight,frost,12,4,8
1471,Дневнои,howling-fjord,382,deathknight,frost,12,4,8
1472,Vicoperian,stormscale,382,deathknight,frost,12,4,8
1473,Poaka,outland,380,deathknight,frost,12,4,8
1474,Iikarus,eredar,376,deathknight,frost,18,4,14
1475,Nîghtmáre,ravencrest,351,deathknight,frost,11,4,7
1476,Душанерзула,howling-fjord,330,deathknight,frost,18,6,12
1477,Petardodupy,burning-legion,288,deathknight,frost,6,3,3
1478,Трибунальщик,gordunni,288,deathknight,frost,6,3,3
1479,Moko,defias-brotherhood,288,deathknight,frost,6,3,3
1480,Vexxed,magtheridon,288,deathknight,frost,6,3,3
1481,Maryø,drakthul,288,deathknight,frost,6,3,3
1482,Necrozy,aggra-português,288,deathknight,frost,6,3,3
1483,Madsgrip,tarren-mill,288,deathknight,frost,6,3,3
1484,Merdenhall,argent-dawn,288,deathknight,frost,6,3,3
1485,Kèén,kazzak,288,deathknight,frost,6,3,3
1486,Soulrender,kirin-tor,288,deathknight,frost,6,3,3
1487,Шэйп,fordragon,288,deathknight,frost,6,3,3
1488,Hellcrusher,kazzak,288,deathknight,frost,6,3,3
1489,Loorda,kazzak,288,deathknight,frost,6,3,3
1490,Микелон,gordunni,288,deathknight,frost,6,3,3
1491,Emielf,silvermoon,288,deathknight,frost,6,3,3
1492,Jjayker,kazzak,288,deathknight,frost,6,3,3
1493,Persefal,nemesis,288,deathknight,frost,6,3,3
1494,Nazgül,drakthul,288,deathknight,frost,6,3,3
1495,Cyphîllyth,auchindoun,288,deathknight,frost,6,3,3
1496,Джеттар,howling-fjord,288,deathknight,frost,6,3,3
1497,Modelo,twisting-nether,288,deathknight,frost,6,3,3
1498,Keridíin,twisting-nether,288,deathknight,frost,6,3,3
1499,Nasxsy,blackmoore,288,deathknight,frost,6,3,3
1500,Vaanor,draenor,288,deathknight,frost,6,3,3
1501,Ogomegee,ravencrest,288,deathknight,frost,6,3,3
1502,Dextroyersx,sanguino,288,deathknight,frost,6,3,3
1503,Whippy,ravencrest,288,deathknight,frost,6,3,3
1504,Cptneverdie,stormscale,288,deathknight,frost,6,3,3
1505,Гурий,ashenvale,288,deathknight,frost,6,3,3
1506,Xanthic,ravencrest,288,deathknight,frost,6,3,3
1507,Flúrry,ravencrest,288,deathknight,frost,6,3,3
1508,Nexxel,blackhand,288,deathknight,frost,11,3,8
1509,Powerlifting,los-errantes,288,deathknight,frost,12,3,9
1510,Zoree,draenor,288,deathknight,frost,12,3,9
1511,Discochoppa,blackmoore,288,deathknight,frost,12,3,9
1512,Chifuyu,azjolnerub,288,deathknight,frost,12,3,9
1513,Thilior,silvermoon,288,deathknight,frost,12,3,9
1514,Râke,teldrassil,288,deathknight,frost,12,3,9
1515,Prekliatylad,burning-blade,288,deathknight,frost,12,3,9
1516,Тенелла,gordunni,288,deathknight,frost,12,3,9
1517,Obstwald,blackrock,288,deathknight,frost,12,3,9
1518,Milchimhaus,dun-morogh,288,deathknight,frost,12,3,9
1519,Thedk,voljin,288,deathknight,frost,12,3,9
1520,Dekagramcz,drakthul,287,deathknight,frost,6,3,3
1521,Balekouille,eldrethalas,287,deathknight,frost,6,3,3
1522,Sawishere,sanguino,287,deathknight,frost,12,3,9
1523,Whitedead,destromath,286,deathknight,frost,6,3,3
1524,Tiunping,silvermoon,286,deathknight,frost,12,3,9
1525,Housemeyster,antonidas,286,deathknight,frost,12,3,9
1526,Venthyrgwa,kazzak,284,deathknight,frost,7,5,2
1527,Rubyblood,aggra-português,271,deathknight,frost,11,3,8
1528,Dimania,the-maelstrom,192,deathknight,frost,4,3,1
1529,Pandahapcii,ragnaros,192,deathknight,frost,6,2,4
1530,Hordak,stormscale,192,deathknight,frost,6,2,4
1531,Rektsohard,ravencrest,192,deathknight,frost,6,2,4
1532,Nergål,sanguino,192,deathknight,frost,6,2,4
1533,Ilaenu,ravencrest,192,deathknight,frost,6,2,4
1534,Archdemonio,wildhammer,192,deathknight,frost,6,2,4
1535,Darkarthás,aegwynn,192,deathknight,frost,6,2,4
1536,Ratge,hyjal,192,deathknight,frost,6,2,4
1537,Necrossis,stormscale,192,deathknight,frost,6,2,4
1538,Darksoulk,frostmane,192,deathknight,frost,6,2,4
1539,Ikarack,twisting-nether,192,deathknight,frost,6,2,4
1540,Royalcrown,stormscale,192,deathknight,frost,6,2,4
1541,Nèrfx,ragnaros,192,deathknight,frost,6,2,4
1542,Tyró,ravencrest,192,deathknight,frost,6,2,4
1543,Аирфрост,howling-fjord,192,deathknight,frost,6,2,4
1544,Ilovegouàng,khaz-modan,192,deathknight,frost,6,2,4
1545,Сивкабурка,fordragon,192,deathknight,frost,6,2,4
1546,Vaffe,tarren-mill,192,deathknight,frost,6,2,4
1547,Abomination,emeriss,192,deathknight,frost,6,2,4
1548,Unholz,kazzak,192,deathknight,frost,6,2,4
1549,Ullefuz,silvermoon,192,deathknight,frost,6,2,4
1550,Эвессом,goldrinn,192,deathknight,frost,6,2,4
1551,Inaëlys,medivh,192,deathknight,frost,6,2,4
1552,Doozz,draenor,192,deathknight,frost,6,2,4
1553,Kane,destromath,192,deathknight,frost,6,2,4
1554,Doubledead,the-maelstrom,192,deathknight,frost,6,2,4
1555,Notstacy,dragonblight,192,deathknight,frost,6,2,4
1556,Mennal,the-maelstrom,192,deathknight,frost,6,2,4
1557,Bedstemoor,ravencrest,192,deathknight,frost,6,2,4
1558,Dreadmind,blackrock,192,deathknight,frost,6,2,4
1559,Køley,draenor,192,deathknight,frost,6,2,4
1560,Toffy,anetheron,192,deathknight,frost,6,2,4
1561,Babsyknight,wildhammer,192,deathknight,frost,6,2,4
1562,Seasonfive,arathor,192,deathknight,frost,6,2,4
1563,Импостик,blackscar,192,deathknight,frost,6,2,4
1564,Nelahh,the-maelstrom,192,deathknight,frost,12,2,10
1565,Adreak,defias-brotherhood,192,deathknight,frost,12,2,10
1566,Eisentorte,nerathor,192,deathknight,frost,12,2,10
1567,Бахлыщ,soulflayer,192,deathknight,frost,12,2,10
1568,Lillekas,outland,192,deathknight,frost,12,2,10
1569,Deadlygnome,silvermoon,192,deathknight,frost,12,2,10
1570,Narrua,die-aldor,192,deathknight,frost,12,2,10
1571,Tüsa,exodar,192,deathknight,frost,18,2,16
1572,Ренкус,grom,191,deathknight,frost,6,2,4
1573,Lithirion,ysondre,191,deathknight,frost,6,2,4
1574,Aegwynnêr,blackmoore,191,deathknight,frost,6,2,4
1575,Arthursq,stormscale,190,deathknight,frost,12,2,10
1576,Endlesspain,burning-legion,138,deathknight,frost,8,3,5
1577,Tzunâ,blackmoore,138,deathknight,frost,21,3,18
1578,Ezlar,silvermoon,96,deathknight,frost,6,1,5
1579,Pavkata,outland,96,deathknight,frost,6,1,5
1580,Rudysek,dunemaul,96,deathknight,frost,6,1,5
1581,Dïkcite,archimonde,96,deathknight,frost,6,1,5
1582,Hydross,archimonde,96,deathknight,frost,6,1,5
1583,Gotbaked,outland,96,deathknight,frost,6,1,5
1584,Urukaye,silvermoon,96,deathknight,frost,6,1,5
1585,Umadßroh,sanguino,96,deathknight,frost,6,1,5
1586,Slimez,magtheridon,96,deathknight,frost,6,1,5
1587,Sokkara,silvermoon,96,deathknight,frost,6,1,5
1588,Veçh,turalyon,96,deathknight,frost,6,1,5
1589,Gigadk,ragnaros,96,deathknight,frost,6,1,5
1590,Thyrandre,khaz-modan,96,deathknight,frost,6,1,5
1591,Cleverb,silvermoon,96,deathknight,frost,6,1,5
1592,Brurf,ysondre,96,deathknight,frost,6,1,5
1593,Jenkk,drakthul,96,deathknight,frost,6,1,5
1594,Thryndiel,ravencrest,96,deathknight,frost,6,1,5
1595,Thínkk,ysondre,96,deathknight,frost,6,1,5
1596,Kaeyz,blackmoore,96,deathknight,frost,6,1,5
1597,Ischozâr,blackmoore,96,deathknight,frost,6,1,5
1598,Reyu,ambossar,96,deathknight,frost,6,1,5
1599,Feddk,stormscale,96,deathknight,frost,6,1,5
1600,Armanelo,stormscale,96,deathknight,frost,6,1,5
1601,Буризан,blackscar,96,deathknight,frost,6,1,5
1602,Syncros,blackrock,96,deathknight,frost,6,1,5
1603,Burebistà,eonar,96,deathknight,frost,12,1,11
1604,Nirna,argent-dawn,96,deathknight,frost,18,1,17
1605,Assølid,arathor,42,deathknight,frost,11,2,9
1606,Elswavé,kazzak,2342,demonhunter,havoc,132,80,52
1607,Íllìðåñgøðx,twisting-nether,2289,demonhunter,havoc,130,68,62
1608,Itsdampbaby,kazzak,2211,demonhunter,havoc,115,62,53
1609,Guësswho,twisting-nether,2201,demonhunter,havoc,105,54,51
1610,Norgan,die-aldor,2187,demonhunter,havoc,94,53,41
1611,Norgàn,die-aldor,2178,demonhunter,havoc,81,44,37
1612,Ðesz,sanguino,2153,demonhunter,havoc,95,52,43
1613,Glìmpsêgøðx,twisting-nether,2148,demonhunter,havoc,101,51,50
1614,Wibez,twisting-nether,2131,demonhunter,havoc,120,74,46
1615,Zslebaans,dun-modr,2129,demonhunter,havoc,242,121,121
1616,Enysia,twisting-nether,2127,demonhunter,havoc,122,62,60
1617,Badtime,malganis,2126,demonhunter,havoc,218,117,101
1618,Zuklio,ysondre,2125,demonhunter,havoc,146,74,72
1619,Heatx,ysondre,2124,demonhunter,havoc,144,83,61
1620,Melan,sanguino,2116,demonhunter,havoc,108,54,54
1621,Évø,silvermoon,2114,demonhunter,havoc,107,54,53
1622,Лфгхиро,soulflayer,2101,demonhunter,havoc,65,37,28
1623,Razzagall,elune,2101,demonhunter,havoc,54,30,24
1624,Boostbydh,archimonde,2101,demonhunter,havoc,219,115,104
1625,Battlebruh,ghostlands,2032,demonhunter,havoc,83,39,44
1626,Bxdh,outland,2031,demonhunter,havoc,87,44,43
1627,Demonalpha,stormscale,2018,demonhunter,havoc,61,34,27
1628,Satånist,outland,2016,demonhunter,havoc,208,114,94
1629,Betterevoker,outland,2000,demonhunter,havoc,162,89,73
1630,Hellwynne,archimonde,1999,demonhunter,havoc,92,53,39
1631,Illíllìllî,twisting-nether,1998,demonhunter,havoc,60,33,27
1632,Smydi,blackmoore,1991,demonhunter,havoc,112,82,30
1633,Майотх,gordunni,1991,demonhunter,havoc,151,81,70
1634,Læsy,antonidas,1990,demonhunter,havoc,151,77,74
1635,Veon,ravencrest,1988,demonhunter,havoc,281,136,145
1636,Paschli,tarren-mill,1985,demonhunter,havoc,204,106,98
1637,Истребитель,blackscar,1977,demonhunter,havoc,276,154,122
1638,Cuddlypeanut,argent-dawn,1977,demonhunter,havoc,183,88,95
1639,Konydh,outland,1976,demonhunter,havoc,41,27,14
1640,Scubaman,tarren-mill,1969,demonhunter,havoc,66,36,30
1641,Anabbele,kazzak,1968,demonhunter,havoc,96,52,44
1642,Gilletteabdi,argent-dawn,1966,demonhunter,havoc,115,58,57
1643,Çøððøøððøøðð,blackmoore,1963,demonhunter,havoc,174,93,81
1644,Ohseri,defias-brotherhood,1963,demonhunter,havoc,180,87,93
1645,Мортрэд,gordunni,1950,demonhunter,havoc,66,39,27
1646,Pipeandy,kazzak,1946,demonhunter,havoc,95,52,43
1647,Nèvér,silvermoon,1941,demonhunter,havoc,126,63,63
1648,Battlebruuh,ghostlands,1935,demonhunter,havoc,66,27,39
1649,Iryut,onyxia,1932,demonhunter,havoc,84,45,39
1650,Delanoss,blackmoore,1922,demonhunter,havoc,133,72,61
1651,Майвэйх,soulflayer,1922,demonhunter,havoc,124,62,62
1652,Brawndow,draenor,1921,demonhunter,havoc,123,63,60
1653,Cydh,auchindoun,1917,demonhunter,havoc,90,45,45
1654,Wibergdh,kazzak,1915,demonhunter,havoc,54,30,24
1655,Damatche,outland,1910,demonhunter,havoc,136,68,68
1656,Gíftig,ravencrest,1900,demonhunter,havoc,95,50,45
1657,Avye,tichondrius,1892,demonhunter,havoc,66,34,32
1658,Rvnx,archimonde,1890,demonhunter,havoc,281,154,127
1659,Skywålker,stormscale,1882,demonhunter,havoc,81,41,40
1660,Schrewneil,twisting-nether,1882,demonhunter,havoc,72,30,42
1661,Ïîï,archimonde,1880,demonhunter,havoc,85,38,47
1662,Nøbodyx,tarren-mill,1879,demonhunter,havoc,72,36,36
1663,Walkmyshoes,twisting-nether,1877,demonhunter,havoc,102,51,51
1664,Ææçëñ,ravencrest,1876,demonhunter,havoc,48,27,21
1665,Boxssabanned,archimonde,1875,demonhunter,havoc,137,67,70
1666,Elipireli,doomhammer,1874,demonhunter,havoc,54,27,27
1667,Mazöku,ravencrest,1873,demonhunter,havoc,86,51,35
1668,Lassudan,stormreaver,1873,demonhunter,havoc,53,28,25
1669,Donkeydh,tarren-mill,1868,demonhunter,havoc,54,36,18
1670,Tórstenstøck,ravencrest,1865,demonhunter,havoc,53,36,17
1671,Oldforwow,outland,1865,demonhunter,havoc,174,91,83
1672,Pulsefuzzy,burning-legion,1861,demonhunter,havoc,59,34,25
1673,Jincksdh,kazzak,1861,demonhunter,havoc,61,29,32
1674,Brolafsen,ravencrest,1859,demonhunter,havoc,66,32,34
1675,Apfelbaum,die-aldor,1857,demonhunter,havoc,60,40,20
1676,Carboen,tarren-mill,1856,demonhunter,havoc,96,52,44
1677,Kebabidin,kazzak,1856,demonhunter,havoc,66,30,36
1678,Itadora,antonidas,1854,demonhunter,havoc,77,40,37
1679,Mädchen,blackhand,1854,demonhunter,havoc,48,23,25
1680,Демонблэйдс,gordunni,1853,demonhunter,havoc,66,36,30
1681,Dasein,tarren-mill,1852,demonhunter,havoc,54,29,25
1682,Notlars,chamber-of-aspects,1847,demonhunter,havoc,65,37,28
1683,Аркантт,soulflayer,1847,demonhunter,havoc,183,88,95
1684,Flyingwhale,terokkar,1846,demonhunter,havoc,75,43,32
1685,Хэллшок,eversong,1843,demonhunter,havoc,48,28,20
1686,Клопобойка,gordunni,1842,demonhunter,havoc,69,37,32
1687,Bloodwatcher,twisting-nether,1842,demonhunter,havoc,54,27,27
1688,Neunelfturbo,ravencrest,1839,demonhunter,havoc,48,32,16
1689,Çrymemøre,dun-modr,1839,demonhunter,havoc,120,63,57
1690,Rxor,eredar,1838,demonhunter,havoc,120,66,54
1691,Màuul,ravencrest,1838,demonhunter,havoc,201,99,102
1692,Fotmdehatwo,blackrock,1837,demonhunter,havoc,61,32,29
1693,Ilovelilith,zuljin,1837,demonhunter,havoc,129,67,62
1694,Xarôth,eredar,1837,demonhunter,havoc,66,32,34
1695,Illislan,darksorrow,1836,demonhunter,havoc,251,126,125
1696,Minifranger,archimonde,1835,demonhunter,havoc,87,47,40
1697,Ðoksy,archimonde,1835,demonhunter,havoc,60,31,29
1698,Zkrdh,kazzak,1835,demonhunter,havoc,65,33,32
1699,Нэйтиси,soulflayer,1834,demonhunter,havoc,68,36,32
1700,Mittÿ,tarren-mill,1833,demonhunter,havoc,77,36,41
1701,Evilidan,hyjal,1833,demonhunter,havoc,48,22,26
1702,Dânÿ,elune,1831,demonhunter,havoc,66,35,31
1703,Zeroques,frostmane,1831,demonhunter,havoc,66,33,33
1704,Сасун,galakrond,1831,demonhunter,havoc,69,32,37
1705,Supay,rexxar,1830,demonhunter,havoc,58,31,27
1706,Sofun,stormscale,1830,demonhunter,havoc,186,89,97
1707,Mür,nordrassil,1830,demonhunter,havoc,59,26,33
1708,Charteryo,eredar,1829,demonhunter,havoc,60,35,25
1709,Yamehd,stormreaver,1827,demonhunter,havoc,42,26,16
1710,Eyecandy,scarshield-legion,1827,demonhunter,havoc,66,34,32
1711,Anerana,malganis,1827,demonhunter,havoc,60,29,31
1712,Sayph,hyjal,1826,demonhunter,havoc,54,30,24
1713,Chxpo,twisting-nether,1826,demonhunter,havoc,89,47,42
1714,Сибу,soulflayer,1825,demonhunter,havoc,48,21,27
1715,Mürh,nordrassil,1824,demonhunter,havoc,54,25,29
1716,Дантеллиан,gordunni,1823,demonhunter,havoc,135,77,58
1717,Cuirnoir,ravencrest,1823,demonhunter,havoc,54,30,24
1718,Malignantx,ragnaros,1823,demonhunter,havoc,56,31,25
1719,Zireáel,stormscale,1822,demonhunter,havoc,56,33,23
1720,Hopéless,aggra-português,1821,demonhunter,havoc,42,23,19
1721,Khétí,tarren-mill,1821,demonhunter,havoc,101,53,48
1722,Uldren,defias-brotherhood,1821,demonhunter,havoc,200,102,98
1723,Элизар,howling-fjord,1821,demonhunter,havoc,120,61,59
1724,Aiean,ravencrest,1820,demonhunter,havoc,198,94,104
1725,Dadøw,dun-modr,1820,demonhunter,havoc,66,31,35
1726,Onof,hyjal,1820,demonhunter,havoc,96,43,53
1727,Empúsa,stormscale,1819,demonhunter,havoc,72,39,33
1728,Razex,kazzak,1819,demonhunter,havoc,111,59,52
1729,Stickidan,malganis,1819,demonhunter,havoc,72,36,36
1730,Krm,dun-modr,1818,demonhunter,havoc,38,23,15
1731,Amnésysx,ysondre,1818,demonhunter,havoc,72,35,37
1732,Luwayne,blackmoore,1818,demonhunter,havoc,47,21,26
1733,Dreamslash,tarren-mill,1817,demonhunter,havoc,52,29,23
1734,Airelidari,tyrande,1817,demonhunter,havoc,149,76,73
1735,Zhadrom,ragnaros,1817,demonhunter,havoc,72,31,41
1736,Perna,ghostlands,1814,demonhunter,havoc,74,34,40
1737,Unseenshadow,ragnaros,1813,demonhunter,havoc,60,25,35
1738,Írony,draenor,1812,demonhunter,havoc,50,25,25
1739,Yukiz,ravencrest,1812,demonhunter,havoc,48,24,24
1740,Найтшифт,blackscar,1811,demonhunter,havoc,46,29,17
1741,Elsynn,dalaran,1811,demonhunter,havoc,66,35,31
1742,Vexanic,chamber-of-aspects,1811,demonhunter,havoc,93,49,44
1743,Eyasluna,twisting-nether,1811,demonhunter,havoc,66,30,36
1744,Djratatouill,kazzak,1810,demonhunter,havoc,42,27,15
1745,Ted,frostwolf,1810,demonhunter,havoc,60,29,31
1746,Хменчик,soulflayer,1809,demonhunter,havoc,97,47,50
1747,Yúki,blackrock,1809,demonhunter,havoc,48,23,25
1748,Mandariâ,blackmoore,1808,demonhunter,havoc,60,32,28
1749,Jumpmeister,ragnaros,1806,demonhunter,havoc,42,25,17
1750,Gøat,nemesis,1804,demonhunter,havoc,96,55,41
1751,Jawohunt,rexxar,1803,demonhunter,havoc,108,49,59
1752,Stràt,ysondre,1803,demonhunter,havoc,72,31,41
1753,Дэн,blackscar,1802,demonhunter,havoc,48,28,20
1754,Мэйзиквин,howling-fjord,1802,demonhunter,havoc,117,63,54
1755,Batik,blackmoore,1802,demonhunter,havoc,136,69,67
1756,Phesxdh,sylvanas,1801,demonhunter,havoc,122,77,45
1757,Possomhd,kazzak,1801,demonhunter,havoc,144,83,61
1758,Kindablind,aggramar,1801,demonhunter,havoc,95,46,49
1759,Barbarinjo,silvermoon,1800,demonhunter,havoc,36,22,14
1760,Jco,kazzak,1800,demonhunter,havoc,50,23,27
1761,Миелион,gordunni,1800,demonhunter,havoc,65,29,36
1762,Badtimes,malganis,1799,demonhunter,havoc,243,120,123
1763,Fiveyearques,sylvanas,1799,demonhunter,havoc,108,50,58
1764,Grimjow,arthas,1798,demonhunter,havoc,67,31,36
1765,Icekissl,hyjal,1797,demonhunter,havoc,40,20,20
1766,Mongoose,drakthul,1796,demonhunter,havoc,154,78,76
1767,Камуи,gordunni,1796,demonhunter,havoc,90,45,45
1768,Finwe,outland,1795,demonhunter,havoc,51,31,20
1769,Bojestvena,twisting-nether,1793,demonhunter,havoc,156,76,80
1770,Yarrøck,silvermoon,1792,demonhunter,havoc,50,27,23
1771,Лизарин,gordunni,1792,demonhunter,havoc,71,34,37
1772,Hunee,kazzak,1790,demonhunter,havoc,69,43,26
1773,Funkiller,stormscale,1790,demonhunter,havoc,64,34,30
1774,Demonmancer,ravencrest,1788,demonhunter,havoc,210,115,95
1775,Tyssra,argent-dawn,1788,demonhunter,havoc,264,123,141
1776,Kardyö,archimonde,1788,demonhunter,havoc,77,34,43
1777,Zedxx,kazzak,1787,demonhunter,havoc,105,54,51
1778,Kostiq,kazzak,1787,demonhunter,havoc,59,30,29
1779,Найтбладия,gordunni,1783,demonhunter,havoc,66,38,28
1780,Ïfï,archimonde,1782,demonhunter,havoc,153,80,73
1781,Spheria,outland,1780,demonhunter,havoc,123,63,60
1782,Camtoe,ravencrest,1779,demonhunter,havoc,155,89,66
1783,Скинр,soulflayer,1778,demonhunter,havoc,60,36,24
1784,Врежимеэтти,soulflayer,1775,demonhunter,havoc,58,31,27
1785,Cláw,ravencrest,1774,demonhunter,havoc,102,50,52
1786,Felom,garona,1771,demonhunter,havoc,54,32,22
1787,Demonmatheo,stormscale,1771,demonhunter,havoc,54,31,23
1788,Автокикер,soulflayer,1771,demonhunter,havoc,54,31,23
1789,Rïmðh,haomarush,1770,demonhunter,havoc,36,20,16
1790,Daemonax,ragnaros,1767,demonhunter,havoc,60,29,31
1791,Lagseven,ravencrest,1763,demonhunter,havoc,52,27,25
1792,Ðemøñsåy,blackrock,1763,demonhunter,havoc,174,87,87
1793,Lelaniae,blackhand,1759,demonhunter,havoc,48,20,28
1794,Shtahuntna,tarren-mill,1757,demonhunter,havoc,192,113,79
1795,Nørðìç,nordrassil,1756,demonhunter,havoc,36,21,15
1796,Faufilé,garona,1755,demonhunter,havoc,139,71,68
1797,Bokajr,ragnaros,1754,demonhunter,havoc,48,28,20
1798,Shanaplow,hyjal,1754,demonhunter,havoc,72,33,39
1799,Leýara,blackmoore,1753,demonhunter,havoc,38,23,15
1800,Dhgoddess,kazzak,1752,demonhunter,havoc,42,21,21
1801,Eurobeat,dun-modr,1751,demonhunter,havoc,120,67,53
1802,Primolover,outland,1751,demonhunter,havoc,66,33,33
1803,Badreal,sylvanas,1750,demonhunter,havoc,42,22,20
1804,Calloww,kazzak,1750,demonhunter,havoc,37,19,18
1805,Cheetòs,blackmoore,1747,demonhunter,havoc,45,28,17
1806,Ehrin,lightbringer,1746,demonhunter,havoc,100,49,51
1807,Xotourlife,stormscale,1744,demonhunter,havoc,36,22,14
1808,Merelini,twisting-nether,1743,demonhunter,havoc,40,22,18
1809,Dpsspec,draenor,1743,demonhunter,havoc,54,24,30
1810,Billyhassan,kazzak,1742,demonhunter,havoc,48,31,17
1811,Loucee,blackhand,1740,demonhunter,havoc,60,36,24
1812,Mazeeken,kazzak,1739,demonhunter,havoc,51,25,26
1813,Brunhity,twisting-nether,1739,demonhunter,havoc,47,21,26
1814,Mojothejojo,ravencrest,1738,demonhunter,havoc,79,42,37
1815,Zerinitý,outland,1737,demonhunter,havoc,54,29,25
1816,Jeannedäsh,archimonde,1736,demonhunter,havoc,48,24,24
1817,Susanoø,eredar,1735,demonhunter,havoc,207,113,94
1818,Shadyblady,nemesis,1732,demonhunter,havoc,124,63,61
1819,Xenits,kazzak,1731,demonhunter,havoc,63,32,31
1820,Йактон,soulflayer,1731,demonhunter,havoc,42,20,22
1821,Ewlyna,stormscale,1730,demonhunter,havoc,48,22,26
1822,Donipwnz,blackrock,1729,demonhunter,havoc,89,38,51
1823,Азместь,howling-fjord,1727,demonhunter,havoc,42,20,22
1824,Trashcarlitô,eredar,1726,demonhunter,havoc,56,30,26
1825,Alundil,ravencrest,1725,demonhunter,havoc,60,32,28
1826,Kinstak,sanguino,1725,demonhunter,havoc,54,27,27
1827,Balberith,twisting-nether,1724,demonhunter,havoc,87,47,40
1828,Stazó,drakthul,1724,demonhunter,havoc,127,66,61
1829,Rabæ,blackhand,1724,demonhunter,havoc,90,45,45
1830,Immørtaldh,tarren-mill,1723,demonhunter,havoc,48,23,25
1831,Kékw,stormscale,1722,demonhunter,havoc,105,67,38
1832,Депрессивдед,gordunni,1722,demonhunter,havoc,42,23,19
1833,Nagatobimaru,tarren-mill,1721,demonhunter,havoc,48,26,22
1834,Simshady,stormscale,1720,demonhunter,havoc,54,34,20
1835,Felpsita,kazzak,1719,demonhunter,havoc,54,27,27
1836,Âspen,archimonde,1717,demonhunter,havoc,84,52,32
1837,Periphere,eredar,1715,demonhunter,havoc,42,22,20
1838,Barneeéy,tarren-mill,1713,demonhunter,havoc,83,43,40
1839,Maevê,frostmourne,1712,demonhunter,havoc,37,19,18
1840,Культсмерти,howling-fjord,1712,demonhunter,havoc,78,31,47
1841,Kezumå,tarren-mill,1710,demonhunter,havoc,84,42,42
1842,Mavorz,blackhand,1709,demonhunter,havoc,30,18,12
1843,Indral,argent-dawn,1709,demonhunter,havoc,65,37,28
1844,Alythes,stormscale,1708,demonhunter,havoc,109,59,50
1845,Imslapping,draenor,1707,demonhunter,havoc,78,44,34
1846,Smoothbraiin,ravencrest,1707,demonhunter,havoc,101,53,48
1847,Depure,blackrock,1707,demonhunter,havoc,48,24,24
1848,Wàýztøpgx,ravencrest,1707,demonhunter,havoc,47,19,28
1849,Jolyh,nemesis,1704,demonhunter,havoc,53,34,19
1850,Kïallz,hyjal,1704,demonhunter,havoc,307,161,146
1851,Гвинович,blackscar,1704,demonhunter,havoc,60,28,32
1852,Neralith,ravencrest,1703,demonhunter,havoc,119,62,57
1853,Авилолз,gordunni,1702,demonhunter,havoc,48,25,23
1854,Weez,kilrogg,1702,demonhunter,havoc,84,40,44
1855,Enfy,twisting-nether,1701,demonhunter,havoc,71,35,36
1856,Dantert,zuljin,1699,demonhunter,havoc,36,21,15
1857,Киттигоплей,soulflayer,1699,demonhunter,havoc,90,46,44
1858,Haldin,kazzak,1699,demonhunter,havoc,71,36,35
1859,Belákor,twisting-nether,1698,demonhunter,havoc,187,95,92
1860,Smâshêd,stormscale,1697,demonhunter,havoc,63,38,25
1861,Fruchtzwerg,tarren-mill,1697,demonhunter,havoc,54,31,23
1862,Tanjero,stormscale,1696,demonhunter,havoc,53,36,17
1863,Nolitara,exodar,1696,demonhunter,havoc,80,44,36
1864,Felski,outland,1696,demonhunter,havoc,55,26,29
1865,Purpleturtle,blackrock,1695,demonhunter,havoc,48,25,23
1866,Máédhros,ravencrest,1695,demonhunter,havoc,46,21,25
1867,Alareey,antonidas,1694,demonhunter,havoc,117,59,58
1868,Çôæ,twisting-nether,1694,demonhunter,havoc,135,66,69
1869,Yousaindh,blackrock,1694,demonhunter,havoc,66,29,37
1870,Malabala,grim-batol,1693,demonhunter,havoc,29,19,10
1871,Márcin,burning-legion,1693,demonhunter,havoc,64,31,33
1872,Yerla,burning-legion,1691,demonhunter,havoc,42,20,22
1873,Ðisgraze,argent-dawn,1689,demonhunter,havoc,90,51,39
1874,Lanadelbae,teldrassil,1689,demonhunter,havoc,103,54,49
1875,Mâdzylîa,archimonde,1688,demonhunter,havoc,41,19,22
1876,Dxæn,archimonde,1687,demonhunter,havoc,41,24,17
1877,Deehâ,eredar,1686,demonhunter,havoc,48,25,23
1878,Nerronaxd,silvermoon,1686,demonhunter,havoc,54,28,26
1879,Demobob,tarren-mill,1686,demonhunter,havoc,48,23,25
1880,Demonkata,twisting-nether,1684,demonhunter,havoc,80,46,34
1881,Slutkitten,ravencrest,1684,demonhunter,havoc,48,21,27
1882,Burchulica,sylvanas,1683,demonhunter,havoc,42,24,18
1883,Soizis,drakthul,1682,demonhunter,havoc,42,23,19
1884,Emurid,les-sentinelles,1682,demonhunter,havoc,54,26,28
1885,Edh,dalaran,1681,demonhunter,havoc,89,45,44
1886,Aethinos,sylvanas,1678,demonhunter,havoc,42,27,15
1887,Demonichanta,azjolnerub,1678,demonhunter,havoc,184,95,89
1888,Asmonsmash,twisting-nether,1678,demonhunter,havoc,56,27,29
1889,Зарах,gordunni,1677,demonhunter,havoc,36,18,18
1890,Ryänåir,ravencrest,1675,demonhunter,havoc,72,42,30
1891,Hcsgötze,dalaran,1674,demonhunter,havoc,64,39,25
1892,Шахдан,howling-fjord,1673,demonhunter,havoc,76,43,33
1893,Twopumpchump,twisting-nether,1673,demonhunter,havoc,98,48,50
1894,Demoncyka,twisting-nether,1673,demonhunter,havoc,60,22,38
1895,Hialdoo,sylvanas,1672,demonhunter,havoc,66,29,37
1896,Anzz,kazzak,1670,demonhunter,havoc,36,22,14
1897,Chàk,marécage-de-zangar,1669,demonhunter,havoc,108,44,64
1898,Bestboytoy,ravencrest,1666,demonhunter,havoc,41,22,19
1899,Wojtall,silvermoon,1666,demonhunter,havoc,200,104,96
1900,Shadowjambo,twisting-nether,1665,demonhunter,havoc,57,31,26
1901,Valarauk,ravencrest,1664,demonhunter,havoc,163,97,66
1902,Thingawoop,tarren-mill,1664,demonhunter,havoc,67,33,34
1903,Ranked,drakthul,1664,demonhunter,havoc,129,55,74
1904,Shaihulud,sanguino,1662,demonhunter,havoc,199,109,90
1905,Nyalah,eredar,1662,demonhunter,havoc,48,24,24
1906,Nepthýs,blackhand,1662,demonhunter,havoc,57,25,32
1907,Nillrogthedh,stormscale,1661,demonhunter,havoc,132,81,51
1908,Сосочков,soulflayer,1661,demonhunter,havoc,163,81,82
1909,Nisirae,argent-dawn,1659,demonhunter,havoc,138,80,58
1910,Уполномочен,howling-fjord,1658,demonhunter,havoc,42,23,19
1911,Anayihh,dun-modr,1658,demonhunter,havoc,48,22,26
1912,Nøvillain,blackrock,1657,demonhunter,havoc,102,59,43
1913,Nyalaah,eredar,1657,demonhunter,havoc,42,23,19
1914,Кейтпрнстарс,howling-fjord,1657,demonhunter,havoc,100,53,47
1915,Ðêmønìnsìðê,blackmoore,1656,demonhunter,havoc,30,19,11
1916,Èfiie,culte-de-la-rive-noire,1656,demonhunter,havoc,53,24,29
1917,Sailen,blackmoore,1656,demonhunter,havoc,48,21,27
1918,Wyna,aggra-português,1654,demonhunter,havoc,107,50,57
1919,Anubias,ravencrest,1654,demonhunter,havoc,60,25,35
1920,Tamtheone,silvermoon,1652,demonhunter,havoc,102,55,47
1921,Broglaive,sylvanas,1652,demonhunter,havoc,42,21,21
1922,Xalgalor,silvermoon,1650,demonhunter,havoc,48,29,19
1923,Cptncucumber,blackmoore,1650,demonhunter,havoc,96,49,47
1924,Ethína,kazzak,1649,demonhunter,havoc,48,23,25
1925,Killia,lothar,1647,demonhunter,havoc,30,19,11
1926,Shabalda,dun-morogh,1647,demonhunter,havoc,52,26,26
1927,Gigasloth,outland,1646,demonhunter,havoc,30,23,7
1928,Lhya,tarren-mill,1645,demonhunter,havoc,60,32,28
1929,Aofaye,aegwynn,1645,demonhunter,havoc,77,29,48
1930,Rylqt,blackmoore,1644,demonhunter,havoc,67,33,34
1931,Benihimee,twisting-nether,1644,demonhunter,havoc,72,35,37
1932,Kâsúxôxô,ravencrest,1643,demonhunter,havoc,34,19,15
1933,Broilerx,balnazzar,1643,demonhunter,havoc,48,22,26
1934,Azaleia,archimonde,1642,demonhunter,havoc,142,74,68
1935,Felen,zuljin,1642,demonhunter,havoc,136,64,72
1936,Razrsolo,tarren-mill,1640,demonhunter,havoc,53,30,23
1937,Ðârksìðê,stormscale,1638,demonhunter,havoc,30,20,10
1938,Bizl,arygos,1638,demonhunter,havoc,30,19,11
1939,Boozlike,tarren-mill,1637,demonhunter,havoc,72,41,31
1940,Zayláh,ravencrest,1637,demonhunter,havoc,93,46,47
1941,Picpouc,archimonde,1637,demonhunter,havoc,54,24,30
1942,Rezer,stormscale,1637,demonhunter,havoc,66,29,37
1943,Destinado,aggra-português,1636,demonhunter,havoc,48,28,20
1944,Netherim,twisting-nether,1636,demonhunter,havoc,104,44,60
1945,Batx,ravencrest,1636,demonhunter,havoc,48,20,28
1946,Øctågøñ,blackrock,1635,demonhunter,havoc,98,50,48
1947,ßerdína,tarren-mill,1635,demonhunter,havoc,81,41,40
1948,Xekaul,tarren-mill,1635,demonhunter,havoc,258,124,134
1949,Riptos,blackhand,1635,demonhunter,havoc,46,22,24
1950,Azraethx,ravencrest,1633,demonhunter,havoc,60,35,25
1951,Djdeathsweep,blackrock,1633,demonhunter,havoc,36,19,17
1952,Смутсайбот,howling-fjord,1633,demonhunter,havoc,48,22,26
1953,Lasaka,stormscale,1631,demonhunter,havoc,78,49,29
1954,Havocer,burning-legion,1631,demonhunter,havoc,72,40,32
1955,Ryuwar,dun-modr,1630,demonhunter,havoc,60,34,26
1956,Temac,magtheridon,1630,demonhunter,havoc,42,22,20
1957,Velysaría,guldan,1630,demonhunter,havoc,97,50,47
1958,Fullsënd,ragnaros,1630,demonhunter,havoc,146,71,75
1959,Shadoss,ravencrest,1629,demonhunter,havoc,78,41,37
1960,Molntuss,ravencrest,1629,demonhunter,havoc,80,36,44
1961,Reckqt,eredar,1628,demonhunter,havoc,30,17,13
1962,Mentalìst,blackmoore,1628,demonhunter,havoc,93,50,43
1963,Юзлескласс,gordunni,1627,demonhunter,havoc,36,20,16
1964,Felbannedguy,twisting-nether,1627,demonhunter,havoc,42,23,19
1965,Tdh,sanguino,1627,demonhunter,havoc,36,19,17
1966,Оригамушка,gordunni,1627,demonhunter,havoc,48,23,25
1967,Speedførce,antonidas,1627,demonhunter,havoc,114,52,62
1968,Крикадский,howling-fjord,1626,demonhunter,havoc,90,54,36
1969,Xetalar,burning-legion,1626,demonhunter,havoc,144,84,60
1970,Omegapump,ravencrest,1626,demonhunter,havoc,36,19,17
1971,Unkqt,dalaran,1625,demonhunter,havoc,36,20,16
1972,Jumboo,tarren-mill,1625,demonhunter,havoc,53,29,24
1973,Lindzor,frostmane,1624,demonhunter,havoc,47,32,15
1974,Zahadius,silvermoon,1624,demonhunter,havoc,47,30,17
1975,Quazr,outland,1624,demonhunter,havoc,193,110,83
1976,Drmanaburn,ravencrest,1624,demonhunter,havoc,30,17,13
1977,Onecho,ragnaros,1623,demonhunter,havoc,30,18,12
1978,Despèradø,archimonde,1623,demonhunter,havoc,140,74,66
1979,Koomaliha,outland,1623,demonhunter,havoc,85,42,43
1980,Nowhereturun,stormscale,1619,demonhunter,havoc,36,20,16
1981,Dragontwist,sylvanas,1619,demonhunter,havoc,42,22,20
1982,Fazero,silvermoon,1618,demonhunter,havoc,84,40,44
1983,Пибзянка,howling-fjord,1616,demonhunter,havoc,36,20,16
1984,Ботология,gordunni,1616,demonhunter,havoc,78,37,41
1985,Aroxos,draenor,1616,demonhunter,havoc,64,29,35
1986,Maytherel,blackhand,1616,demonhunter,havoc,126,52,74
1987,Mønkeyx,kazzak,1614,demonhunter,havoc,26,17,9
1988,Фэсс,soulflayer,1613,demonhunter,havoc,65,35,30
1989,Zakaji,blackmoore,1613,demonhunter,havoc,38,20,18
1990,Tachala,khaz-modan,1612,demonhunter,havoc,39,20,19
1991,Thedudex,dunemaul,1612,demonhunter,havoc,44,21,23
1992,Sekørm,ragnaros,1612,demonhunter,havoc,48,21,27
1993,Junkai,echsenkessel,1611,demonhunter,havoc,36,22,14
1994,Lilfly,twisting-nether,1611,demonhunter,havoc,30,17,13
1995,Sepdy,draenor,1611,demonhunter,havoc,92,48,44
1996,Mêgumi,kirin-tor,1610,demonhunter,havoc,152,78,74
1997,Gündüzgezen,silvermoon,1610,demonhunter,havoc,59,30,29
1998,Дайкиаомине,soulflayer,1609,demonhunter,havoc,36,19,17
1999,Râindra,twisting-nether,1607,demonhunter,havoc,168,87,81
2000,Jórúnn,twisting-nether,1607,demonhunter,havoc,48,22,26
2001,Kayzel,argent-dawn,1606,demonhunter,havoc,183,93,90
2002,Майкелелекек,gordunni,1606,demonhunter,havoc,36,17,19
2003,Glayvie,kazzak,1606,demonhunter,havoc,51,23,28
2004,Höllymedx,blackmoore,1605,demonhunter,havoc,30,17,13
2005,Ifeeldirty,draenor,1605,demonhunter,havoc,37,20,17
2006,ßerdíná,tarren-mill,1605,demonhunter,havoc,60,31,29
2007,Sturmovik,ravencrest,1604,demonhunter,havoc,30,19,11
2008,Èstefany,stormscale,1604,demonhunter,havoc,90,49,41
2009,Zevsa,ravencrest,1604,demonhunter,havoc,48,25,23
2010,Ferihokurva,outland,1604,demonhunter,havoc,42,21,21
2011,Nixzon,thrall,1604,demonhunter,havoc,78,31,47
2012,Trashclass,draenor,1603,demonhunter,havoc,34,18,16
2013,Kekburagól,kazzak,1602,demonhunter,havoc,39,21,18
2014,Neverdance,ravencrest,1602,demonhunter,havoc,42,19,23
2015,Zoyle,blackrock,1602,demonhunter,havoc,54,22,32
2016,Alithy,kazzak,1600,demonhunter,havoc,132,79,53
2017,Brodor,alakir,1600,demonhunter,havoc,30,17,13
2018,Nuxzhell,tarren-mill,1600,demonhunter,havoc,222,106,116
2019,Ícéìnmývèins,stormscale,1600,demonhunter,havoc,45,20,25
2020,Kins,dun-modr,1599,demonhunter,havoc,60,25,35
2021,Exact,throkferoth,1598,demonhunter,havoc,35,22,13
2022,Великаямыша,blackscar,1598,demonhunter,havoc,44,26,18
2023,Ignasei,archimonde,1598,demonhunter,havoc,69,31,38
2024,Ðêmønìç,area-52,1597,demonhunter,havoc,42,25,17
2025,Рейз,howling-fjord,1597,demonhunter,havoc,138,67,71
2026,Illidarisi,auchindoun,1597,demonhunter,havoc,66,32,34
2027,Illidankxx,sylvanas,1596,demonhunter,havoc,61,36,25
2028,Турбосвинья,gordunni,1596,demonhunter,havoc,162,84,78
2029,Zamassu,kazzak,1596,demonhunter,havoc,42,21,21
2030,Thorair,ravenholdt,1593,demonhunter,havoc,66,32,34
2031,Sebyk,doomhammer,1592,demonhunter,havoc,60,35,25
2032,Dominik,the-maelstrom,1592,demonhunter,havoc,132,75,57
2033,Bhairav,silvermoon,1591,demonhunter,havoc,36,21,15
2034,Oniramqt,aegwynn,1591,demonhunter,havoc,42,19,23
2035,Akkita,ravencrest,1590,demonhunter,havoc,120,63,57
2036,Lghdtv,ravencrest,1587,demonhunter,havoc,78,40,38
2037,Schejtan,blackmoore,1586,demonhunter,havoc,42,27,15
2038,Felwinter,ravencrest,1586,demonhunter,havoc,132,61,71
2039,Evil,uldum,1585,demonhunter,havoc,131,68,63
2040,Трукейт,gordunni,1582,demonhunter,havoc,56,33,23
2041,Азелира,gordunni,1581,demonhunter,havoc,72,40,32
2042,Dinastye,archimonde,1579,demonhunter,havoc,139,73,66
2043,Ydrael,terokkar,1578,demonhunter,havoc,54,29,25
2044,Gïzmó,tarren-mill,1578,demonhunter,havoc,60,30,30
2045,Мишаметапамп,grom,1578,demonhunter,havoc,38,19,19
2046,Геммула,howling-fjord,1575,demonhunter,havoc,144,70,74
2047,Azmodían,silvermoon,1575,demonhunter,havoc,53,23,30
2048,Pogdh,silvermoon,1574,demonhunter,havoc,29,17,12
2049,Бананчикус,gordunni,1573,demonhunter,havoc,40,21,19
2050,Shylaría,blackhand,1573,demonhunter,havoc,42,20,22
2051,Muyoni,eredar,1573,demonhunter,havoc,42,18,24
2052,Eréthrus,ravencrest,1572,demonhunter,havoc,36,18,18
2053,Ruíko,dun-morogh,1568,demonhunter,havoc,42,24,18
2054,Przemson,mazrigos,1568,demonhunter,havoc,71,35,36
2055,Драксх,gordunni,1566,demonhunter,havoc,54,26,28
2056,Blæm,archimonde,1565,demonhunter,havoc,39,20,19
2057,Dhqoo,blackrock,1565,demonhunter,havoc,42,18,24
2058,Цезарий,gordunni,1563,demonhunter,havoc,162,83,79
2059,Winxclub,ravencrest,1562,demonhunter,havoc,95,54,41
2060,Дрэгонборн,howling-fjord,1560,demonhunter,havoc,42,22,20
2061,Akaria,blackrock,1559,demonhunter,havoc,82,53,29
2062,Guáca,draenor,1557,demonhunter,havoc,33,20,13
2063,Imsickleavme,draenor,1557,demonhunter,havoc,82,42,40
2064,Zintu,draenor,1554,demonhunter,havoc,108,53,55
2065,Thkingragnar,sanguino,1553,demonhunter,havoc,36,23,13
2066,Dhzor,twisting-nether,1552,demonhunter,havoc,64,32,32
2067,Shylea,ravencrest,1551,demonhunter,havoc,126,66,60
2068,Этмер,soulflayer,1550,demonhunter,havoc,48,27,21
2069,Safedaddy,silvermoon,1548,demonhunter,havoc,33,18,15
2070,Solarae,silvermoon,1546,demonhunter,havoc,108,57,51
2071,Luunz,argent-dawn,1546,demonhunter,havoc,84,34,50
2072,Кельдарк,soulflayer,1545,demonhunter,havoc,171,85,86
2073,Fellespont,hellscream,1544,demonhunter,havoc,81,36,45
2074,Däshgødx,stormscale,1543,demonhunter,havoc,54,31,23
2075,Telarris,twisting-nether,1542,demonhunter,havoc,195,110,85
2076,Pibzya,ravencrest,1542,demonhunter,havoc,39,19,20
2077,Snibsxdh,silvermoon,1542,demonhunter,havoc,42,19,23
2078,Testôdh,blackrock,1542,demonhunter,havoc,48,17,31
2079,Zitx,ravencrest,1540,demonhunter,havoc,126,67,59
2080,Чанпэн,soulflayer,1539,demonhunter,havoc,128,68,60
2081,Kanabiz,outland,1539,demonhunter,havoc,132,70,62
2082,Duffin,doomhammer,1538,demonhunter,havoc,138,69,69
2083,Enthia,antonidas,1536,demonhunter,havoc,77,41,36
2084,Roaf,twisting-nether,1536,demonhunter,havoc,99,48,51
2085,Iphanaa,frostmane,1534,demonhunter,havoc,85,43,42
2086,Ambudh,kazzak,1533,demonhunter,havoc,30,16,14
2087,Глефавочко,gordunni,1533,demonhunter,havoc,36,16,20
2088,Alcóhon,ravencrest,1526,demonhunter,havoc,35,17,18
2089,Амбату,howling-fjord,1525,demonhunter,havoc,38,25,13
2090,Crappyftw,ravencrest,1525,demonhunter,havoc,311,160,151
2091,Крикетчсв,soulflayer,1524,demonhunter,havoc,42,23,19
2092,Glímpse,ravencrest,1524,demonhunter,havoc,66,32,34
2093,Garoteromani,draenor,1523,demonhunter,havoc,72,41,31
2094,Snitchezz,blackmoore,1523,demonhunter,havoc,102,55,47
2095,Yeedhlol,blackmoore,1523,demonhunter,havoc,30,16,14
2096,Shyuk,sanguino,1521,demonhunter,havoc,24,16,8
2097,Shiefwiggum,aegwynn,1521,demonhunter,havoc,42,22,20
2098,Míàkhãlîfâýð,stormscale,1521,demonhunter,havoc,42,16,26
2099,Ashiharademo,twilights-hammer,1520,demonhunter,havoc,78,42,36
2100,Ranzerg,tarren-mill,1519,demonhunter,havoc,24,17,7
2101,Drphillidan,tarren-mill,1518,demonhunter,havoc,38,17,21
2102,Vorbis,twisting-nether,1517,demonhunter,havoc,78,36,42
2103,Jesana,argent-dawn,1515,demonhunter,havoc,126,67,59
2104,Méruème,hyjal,1515,demonhunter,havoc,37,19,18
2105,Azzïnoth,sargeras,1515,demonhunter,havoc,36,17,19
2106,Âyro,ravencrest,1514,demonhunter,havoc,30,17,13
2107,Mephîsto,sylvanas,1514,demonhunter,havoc,78,41,37
2108,Мужичок,soulflayer,1514,demonhunter,havoc,131,68,63
2109,Аитерия,gordunni,1513,demonhunter,havoc,24,18,6
2110,Hornyhexy,stormscale,1513,demonhunter,havoc,60,30,30
2111,Vênedri,eredar,1511,demonhunter,havoc,45,26,19
2112,Cynmatic,kargath,1511,demonhunter,havoc,48,23,25
2113,Slaanaesh,kazzak,1511,demonhunter,havoc,45,17,28
2114,Draxie,turalyon,1509,demonhunter,havoc,28,17,11
2115,Blacklidan,blackrock,1509,demonhunter,havoc,40,17,23
2116,Øhka,outland,1509,demonhunter,havoc,60,24,36
2117,Faytundh,kult-der-verdammten,1508,demonhunter,havoc,36,16,20
2118,Geashy,blackmoore,1507,demonhunter,havoc,52,31,21
2119,Mâlefiz,blackmoore,1507,demonhunter,havoc,48,22,26
2120,Ihløøx,minahonda,1506,demonhunter,havoc,36,21,15
2121,Khray,archimonde,1506,demonhunter,havoc,30,16,14
2122,Theaisbae,twisting-nether,1506,demonhunter,havoc,54,25,29
2123,Сложныйдх,howling-fjord,1505,demonhunter,havoc,48,29,19
2124,Grimberg,tarren-mill,1505,demonhunter,havoc,79,43,36
2125,Baball,kazzak,1504,demonhunter,havoc,81,46,35
2126,Brawngodx,draenor,1503,demonhunter,havoc,25,17,8
2127,Штормдоттэр,howling-fjord,1503,demonhunter,havoc,36,19,17
2128,Sweetpety,tarren-mill,1503,demonhunter,havoc,93,47,46
2129,Sidekiq,silvermoon,1503,demonhunter,havoc,52,26,26
2130,Crylater,twisting-nether,1502,demonhunter,havoc,24,16,8
2131,Цэрри,soulflayer,1501,demonhunter,havoc,60,30,30
2132,Incanator,tarren-mill,1501,demonhunter,havoc,72,34,38
2133,Íllìðåñgøðx,antonidas,1500,demonhunter,havoc,118,57,61
2134,Bippsy,zuljin,1499,demonhunter,havoc,44,28,16
2135,Mikezilla,drakthul,1498,demonhunter,havoc,48,24,24
2136,Arnokia,kazzak,1498,demonhunter,havoc,108,53,55
2137,Nuitrayer,hyjal,1497,demonhunter,havoc,50,33,17
2138,Lòsâng,sanguino,1497,demonhunter,havoc,80,32,48
2139,Hauntedseoul,grim-batol,1496,demonhunter,havoc,90,54,36
2140,Kéftëmé,ravencrest,1495,demonhunter,havoc,60,27,33
2141,Szexypopsi,ragnaros,1492,demonhunter,havoc,53,28,25
2142,Venatica,twisting-nether,1490,demonhunter,havoc,78,42,36
2143,Échô,tarren-mill,1489,demonhunter,havoc,40,18,22
2144,Brisingamen,outland,1488,demonhunter,havoc,48,25,23
2145,Бельторо,soulflayer,1488,demonhunter,havoc,87,45,42
2146,Métakagoule,ysondre,1488,demonhunter,havoc,87,43,44
2147,Kolrex,ragnaros,1488,demonhunter,havoc,59,29,30
2148,Läderjoel,ravencrest,1488,demonhunter,havoc,65,31,34
2149,Cantseêyou,blackmoore,1487,demonhunter,havoc,78,42,36
2150,Ziltush,archimonde,1487,demonhunter,havoc,137,69,68
2151,Împd,ravencrest,1485,demonhunter,havoc,96,47,49
2152,Toonsdh,kazzak,1484,demonhunter,havoc,73,44,29
2153,Покахонта,soulflayer,1484,demonhunter,havoc,100,54,46
2154,Myztiko,hellscream,1484,demonhunter,havoc,170,87,83
2155,Dhsheesh,draenor,1484,demonhunter,havoc,42,21,21
2156,Pvpabuser,ravencrest,1483,demonhunter,havoc,47,27,20
2157,Kïng,frostmane,1482,demonhunter,havoc,24,17,7
2158,Morskivuk,draenor,1482,demonhunter,havoc,32,20,12
2159,Oonn,outland,1482,demonhunter,havoc,45,21,24
2160,Monkeypox,twisting-nether,1481,demonhunter,havoc,94,47,47
2161,Misli,stormscale,1480,demonhunter,havoc,54,29,25
2162,Onlytwokeys,dun-modr,1480,demonhunter,havoc,42,21,21
2163,Кирсена,gordunni,1479,demonhunter,havoc,41,19,22
2164,Tenawees,blackmoore,1478,demonhunter,havoc,48,27,21
2165,Perojeina,draenor,1478,demonhunter,havoc,35,16,19
2166,Oggidanbuu,tarren-mill,1478,demonhunter,havoc,49,22,27
2167,Demøniac,ravencrest,1477,demonhunter,havoc,68,37,31
2168,Netrisha,ravencrest,1475,demonhunter,havoc,60,23,37
2169,Xenca,ravencrest,1473,demonhunter,havoc,95,52,43
2170,Баттлрэп,soulflayer,1473,demonhunter,havoc,74,36,38
2171,Thehûnt,outland,1472,demonhunter,havoc,101,55,46
2172,Treehunter,ravencrest,1470,demonhunter,havoc,30,16,14
2173,Ардатйякши,borean-tundra,1470,demonhunter,havoc,98,39,59
2174,Ashcan,tarren-mill,1469,demonhunter,havoc,53,25,28
2175,Ноубрейндыха,gordunni,1467,demonhunter,havoc,215,111,104
2176,Persio,sanguino,1465,demonhunter,havoc,67,33,34
2177,Davidastt,drakthul,1465,demonhunter,havoc,41,16,25
2178,Frevee,outland,1464,demonhunter,havoc,113,63,50
2179,Убийца,soulflayer,1463,demonhunter,havoc,53,29,24
2180,Рэгес,howling-fjord,1463,demonhunter,havoc,30,16,14
2181,Níghtwing,wildhammer,1459,demonhunter,havoc,35,19,16
2182,Kvye,archimonde,1459,demonhunter,havoc,30,16,14
2183,Flaybalbooll,ragnaros,1459,demonhunter,havoc,143,76,67
2184,Blîndmaster,ravencrest,1459,demonhunter,havoc,130,65,65
2185,Actuallytrol,argent-dawn,1457,demonhunter,havoc,59,27,32
2186,Фумиан,soulflayer,1457,demonhunter,havoc,64,28,36
2187,Yugsiturath,drakthul,1456,demonhunter,havoc,66,33,33
2188,Malakbel,nemesis,1454,demonhunter,havoc,181,90,91
2189,Trinchensdh,blackhand,1453,demonhunter,havoc,48,23,25
2190,Мужна,grom,1452,demonhunter,havoc,34,19,15
2191,Ayö,draenor,1452,demonhunter,havoc,121,66,55
2192,Emerelle,die-aldor,1451,demonhunter,havoc,120,56,64
2193,Ülquiorrä,kazzak,1450,demonhunter,havoc,53,34,19
2194,Аянамирейко,blackscar,1450,demonhunter,havoc,60,36,24
2195,Dibo,blackmoore,1448,demonhunter,havoc,99,48,51
2196,Guccibaby,silvermoon,1445,demonhunter,havoc,60,27,33
2197,Knùbbz,ravencrest,1444,demonhunter,havoc,63,29,34
2198,Tursal,dun-morogh,1442,demonhunter,havoc,39,22,17
2199,Onebuttonxd,ravencrest,1440,demonhunter,havoc,30,17,13
2200,Дашажмимету,blackscar,1439,demonhunter,havoc,32,16,16
2201,Chotzbrocke,blackhand,1438,demonhunter,havoc,24,15,9
2202,Bestro,tarren-mill,1438,demonhunter,havoc,44,20,24
2203,Alury,blackrock,1437,demonhunter,havoc,54,30,24
2204,Blizdliksk,outland,1437,demonhunter,havoc,42,22,20
2205,Valkorion,chamber-of-aspects,1437,demonhunter,havoc,33,17,16
2206,Onlyfangodx,antonidas,1436,demonhunter,havoc,30,15,15
2207,Sturmimon,arthas,1436,demonhunter,havoc,36,15,21
2208,Erzàuwu,silvermoon,1435,demonhunter,havoc,36,15,21
2209,Shõ,twisting-nether,1433,demonhunter,havoc,42,15,27
2210,Nvampire,draenor,1429,demonhunter,havoc,24,17,7
2211,Экселия,howling-fjord,1429,demonhunter,havoc,54,30,24
2212,Øbsessiøn,kazzak,1429,demonhunter,havoc,107,53,54
2213,Bhaz,tichondrius,1428,demonhunter,havoc,30,16,14
2214,Ûro,dun-modr,1428,demonhunter,havoc,42,15,27
2215,Ultîma,hyjal,1427,demonhunter,havoc,36,15,21
2216,Kîrîto,nethersturm,1426,demonhunter,havoc,47,16,31
2217,Afuwarrior,doomhammer,1425,demonhunter,havoc,57,31,26
2218,Древиал,gordunni,1424,demonhunter,havoc,50,27,23
2219,Deponiajkm,dun-modr,1424,demonhunter,havoc,30,15,15
2220,Adapterinput,auchindoun,1423,demonhunter,havoc,114,62,52
2221,Culywurly,silvermoon,1423,demonhunter,havoc,60,28,32
2222,Obitum,burning-legion,1422,demonhunter,havoc,101,56,45
2223,Gullveîg,archimonde,1422,demonhunter,havoc,36,19,17
2224,Lawus,blackhand,1422,demonhunter,havoc,30,15,15
2225,Enhtailo,draenor,1421,demonhunter,havoc,24,15,9
2226,Ilidrax,hyjal,1421,demonhunter,havoc,30,15,15
2227,Azaeel,blackhand,1421,demonhunter,havoc,30,15,15
2228,Tayo,dun-modr,1421,demonhunter,havoc,71,35,36
2229,Cheethless,ragnaros,1420,demonhunter,havoc,54,29,25
2230,Хорбелий,deathguard,1420,demonhunter,havoc,66,32,34
2231,Olddemon,ravencrest,1419,demonhunter,havoc,53,35,18
2232,Doomcake,emeriss,1419,demonhunter,havoc,24,15,9
2233,Иллиферрат,blackscar,1419,demonhunter,havoc,104,53,51
2234,Zumei,stormreaver,1419,demonhunter,havoc,38,19,19
2235,Dyamo,sylvanas,1419,demonhunter,havoc,374,182,192
2236,Эллий,blackscar,1419,demonhunter,havoc,36,15,21
2237,Aphulucky,kazzak,1418,demonhunter,havoc,48,21,27
2238,Biü,tarren-mill,1418,demonhunter,havoc,42,16,26
2239,Инферналка,howling-fjord,1416,demonhunter,havoc,24,15,9
2240,Felcaller,sylvanas,1414,demonhunter,havoc,65,34,31
2241,Antidevil,kazzak,1414,demonhunter,havoc,52,27,25
2242,Бропинг,soulflayer,1413,demonhunter,havoc,105,61,44
2243,Illiada,spinebreaker,1411,demonhunter,havoc,30,15,15
2244,Ziplar,tarren-mill,1409,demonhunter,havoc,54,28,26
2245,Ibeem,dentarg,1408,demonhunter,havoc,45,31,14
2246,Balsza,burning-legion,1407,demonhunter,havoc,48,26,22
2247,Kainenn,silvermoon,1407,demonhunter,havoc,54,26,28
2248,Luzifer,ambossar,1406,demonhunter,havoc,147,77,70
2249,Kanéki,sylvanas,1405,demonhunter,havoc,29,22,7
2250,Choclatballs,stormscale,1404,demonhunter,havoc,125,59,66
2251,Saleny,blackrock,1404,demonhunter,havoc,36,15,21
2252,Garretos,senjin,1403,demonhunter,havoc,31,22,9
2253,Gonextbg,tarren-mill,1402,demonhunter,havoc,61,29,32
2254,Fumbiidhx,thrall,1402,demonhunter,havoc,36,17,19
2255,Vaynahi,grim-batol,1401,demonhunter,havoc,72,36,36
2256,Albunico,draenor,1400,demonhunter,havoc,141,73,68
2257,Mareen,pozzo-delleternità,1400,demonhunter,havoc,42,21,21
2258,Деструкцыя,howling-fjord,1399,demonhunter,havoc,45,24,21
2259,Тириола,howling-fjord,1398,demonhunter,havoc,36,20,16
2260,Razziyel,ragnaros,1396,demonhunter,havoc,41,21,20
2261,Остроухйй,blackscar,1396,demonhunter,havoc,42,17,25
2262,Дартарин,gordunni,1395,demonhunter,havoc,62,34,28
2263,Aååááååââåâå,arygos,1394,demonhunter,havoc,24,15,9
2264,Immune,aegwynn,1394,demonhunter,havoc,36,17,19
2265,Харольд,deepholm,1392,demonhunter,havoc,76,38,38
2266,Beerseewälk,ragnaros,1392,demonhunter,havoc,70,33,37
2267,Demonsqueezy,nemesis,1389,demonhunter,havoc,34,21,13
2268,Thugrøse,blackrock,1389,demonhunter,havoc,126,63,63
2269,Tyhaxx,ravencrest,1388,demonhunter,havoc,42,18,24
2270,Nanana,doomhammer,1387,demonhunter,havoc,30,15,15
2271,Skyborn,tarren-mill,1386,demonhunter,havoc,27,16,11
2272,Коньх,goldrinn,1386,demonhunter,havoc,71,31,40
2273,Hatemrankone,outland,1383,demonhunter,havoc,51,23,28
2274,Toddsnuggles,thrall,1382,demonhunter,havoc,42,25,17
2275,Cptxo,tarren-mill,1382,demonhunter,havoc,35,16,19
2276,Philona,die-aldor,1380,demonhunter,havoc,129,67,62
2277,Kamaz,twisting-nether,1378,demonhunter,havoc,39,20,19
2278,Дикаяособа,howling-fjord,1378,demonhunter,havoc,45,22,23
2279,Imlegalblind,ragnaros,1378,demonhunter,havoc,79,34,45
2280,Smoochygodx,antonidas,1376,demonhunter,havoc,36,20,16
2281,Keanujeeves,dentarg,1376,demonhunter,havoc,60,33,27
2282,Daemonai,neptulon,1376,demonhunter,havoc,66,35,31
2283,Natazia,eredar,1374,demonhunter,havoc,48,28,20
2284,Дэйнни,blackscar,1374,demonhunter,havoc,48,21,27
2285,Adalya,stormrage,1373,demonhunter,havoc,82,35,47
2286,Даблкорк,soulflayer,1372,demonhunter,havoc,119,68,51
2287,Sayee,drakthul,1371,demonhunter,havoc,30,19,11
2288,Pówèr,ravencrest,1371,demonhunter,havoc,54,29,25
2289,Tkr,zuljin,1371,demonhunter,havoc,102,53,49
2290,Кейсимег,soulflayer,1371,demonhunter,havoc,44,21,23
2291,Anstict,kazzak,1371,demonhunter,havoc,48,22,26
2292,Itheos,kazzak,1369,demonhunter,havoc,172,86,86
2293,Error,ravencrest,1369,demonhunter,havoc,34,16,18
2294,Gwx,draenor,1368,demonhunter,havoc,36,16,20
2295,Súrinox,blackrock,1367,demonhunter,havoc,83,48,35
2296,Seyran,silvermoon,1367,demonhunter,havoc,30,15,15
2297,Тарапынька,gordunni,1366,demonhunter,havoc,116,64,52
2298,Iaml,ravencrest,1366,demonhunter,havoc,49,24,25
2299,Sakumi,azshara,1366,demonhunter,havoc,169,75,94
2300,Poutanaola,twisting-nether,1365,demonhunter,havoc,30,15,15
2301,Алькирена,howling-fjord,1363,demonhunter,havoc,30,16,14
2302,Darrkdemon,kazzak,1363,demonhunter,havoc,240,115,125
2303,Nezruslfive,dun-modr,1361,demonhunter,havoc,36,18,18
2304,Adraelia,archimonde,1360,demonhunter,havoc,51,29,22
2305,Stellarvore,nemesis,1358,demonhunter,havoc,90,39,51
2306,Wrakdh,archimonde,1355,demonhunter,havoc,56,34,22
2307,Destructs,sylvanas,1353,demonhunter,havoc,61,31,30
2308,Ilyerias,twisting-nether,1352,demonhunter,havoc,42,16,26
2309,Easywaay,kazzak,1351,demonhunter,havoc,74,37,37
2310,Агрочика,borean-tundra,1349,demonhunter,havoc,36,16,20
2311,Thalamis,kazzak,1345,demonhunter,havoc,75,33,42
2312,Моигваза,soulflayer,1343,demonhunter,havoc,30,14,16
2313,Flowen,stormreaver,1343,demonhunter,havoc,54,25,29
2314,Ларэгар,azuregos,1343,demonhunter,havoc,70,28,42
2315,Zephyrê,blackrock,1342,demonhunter,havoc,66,33,33
2316,Usaïnbolts,archimonde,1341,demonhunter,havoc,24,14,10
2317,Illídana,azjolnerub,1340,demonhunter,havoc,62,32,30
2318,Rehagen,ysondre,1339,demonhunter,havoc,36,14,22
2319,Ämi,blackmoore,1337,demonhunter,havoc,106,50,56
2320,Ikari,neptulon,1336,demonhunter,havoc,41,24,17
2321,Aryuna,frostwolf,1335,demonhunter,havoc,36,21,15
2322,Hawoc,chamber-of-aspects,1334,demonhunter,havoc,42,26,16
2323,Sadzari,burning-legion,1333,demonhunter,havoc,24,14,10
2324,Tylleröwittu,grim-batol,1333,demonhunter,havoc,24,14,10
2325,Åelita,burning-legion,1333,demonhunter,havoc,28,15,13
2326,Orochimaruu,kargath,1332,demonhunter,havoc,63,22,41
2327,Irenzy,twisting-nether,1331,demonhunter,havoc,30,14,16
2328,Келадор,soulflayer,1331,demonhunter,havoc,83,35,48
2329,Notcrashy,eredar,1329,demonhunter,havoc,35,22,13
2330,Checakore,argent-dawn,1329,demonhunter,havoc,66,34,32
2331,Ðraudræm,ravencrest,1329,demonhunter,havoc,83,39,44
2332,Иланари,gordunni,1328,demonhunter,havoc,23,16,7
2333,Kiirtach,dun-modr,1326,demonhunter,havoc,21,15,6
2334,Louloulou,aegwynn,1326,demonhunter,havoc,93,52,41
2335,Wintalker,nemesis,1324,demonhunter,havoc,30,14,16
2336,Егордемон,soulflayer,1323,demonhunter,havoc,46,25,21
2337,Kâtsulol,ysondre,1321,demonhunter,havoc,30,14,16
2338,Tharysan,sanguino,1320,demonhunter,havoc,48,31,17
2339,Szopóvadász,ragnaros,1320,demonhunter,havoc,30,14,16
2340,Бичерезх,soulflayer,1319,demonhunter,havoc,30,16,14
2341,Demonpun,the-venture-co,1318,demonhunter,havoc,40,22,18
2342,Ragnirok,deathwing,1318,demonhunter,havoc,138,66,72
2343,Felleaf,ragnaros,1318,demonhunter,havoc,58,24,34
2344,Ashrena,ysondre,1317,demonhunter,havoc,36,22,14
2345,Нейроуз,howling-fjord,1315,demonhunter,havoc,42,25,17
2346,Yäkku,drakthul,1315,demonhunter,havoc,66,26,40
2347,Yvrig,eredar,1313,demonhunter,havoc,24,14,10
2348,Jazhz,dalaran,1313,demonhunter,havoc,30,14,16
2349,Obey,exodar,1312,demonhunter,havoc,47,22,25
2350,Délyria,blackhand,1311,demonhunter,havoc,54,32,22
2351,Valendriel,archimonde,1311,demonhunter,havoc,30,17,13
2352,Jayhan,chamber-of-aspects,1311,demonhunter,havoc,68,37,31
2353,Bestdemon,tarren-mill,1311,demonhunter,havoc,39,20,19
2354,Icelucard,argent-dawn,1309,demonhunter,havoc,65,31,34
2355,Мицлейн,gordunni,1309,demonhunter,havoc,57,21,36
2356,Demonk,nemesis,1308,demonhunter,havoc,33,20,13
2357,Sinninse,blackmoore,1308,demonhunter,havoc,30,18,12
2358,Lilydrop,varimathras,1308,demonhunter,havoc,33,15,18
2359,Slowcuzclick,stormscale,1307,demonhunter,havoc,85,44,41
2360,Luckertwo,tarren-mill,1307,demonhunter,havoc,109,55,54
2361,Дисофи,soulflayer,1307,demonhunter,havoc,64,29,35
2362,Varedisa,kazzak,1307,demonhunter,havoc,53,23,30
2363,Phudi,tarren-mill,1306,demonhunter,havoc,95,40,55
2364,Thëos,argent-dawn,1305,demonhunter,havoc,91,46,45
2365,Havocnslash,ragnaros,1305,demonhunter,havoc,30,15,15
2366,Breezzdh,twisting-nether,1305,demonhunter,havoc,29,14,15
2367,Lexim,khaz-modan,1303,demonhunter,havoc,66,36,30
2368,Khalestya,shendralar,1303,demonhunter,havoc,78,34,44
2369,Каралас,soulflayer,1301,demonhunter,havoc,36,21,15
2370,Bläckdëvïl,uldum,1298,demonhunter,havoc,49,30,19
2371,Bicskas,ragnaros,1296,demonhunter,havoc,45,19,26
2372,Сумърак,grom,1294,demonhunter,havoc,84,40,44
2373,Soca,ysondre,1294,demonhunter,havoc,66,29,37
2374,Coltender,drakthul,1290,demonhunter,havoc,73,34,39
2375,Даргсайд,gordunni,1290,demonhunter,havoc,42,19,23
2376,Guanzho,silvermoon,1289,demonhunter,havoc,140,67,73
2377,Féileacán,kazzak,1286,demonhunter,havoc,48,20,28
2378,Momochi,silvermoon,1285,demonhunter,havoc,24,14,10
2379,Nasghul,drakthul,1284,demonhunter,havoc,42,18,24
2380,Billidan,eredar,1282,demonhunter,havoc,54,25,29
2381,Ozeey,draenor,1280,demonhunter,havoc,29,14,15
2382,Kaizzy,twisting-nether,1279,demonhunter,havoc,107,56,51
2383,Symbul,blackrock,1279,demonhunter,havoc,42,19,23
2384,Cassitä,chogall,1278,demonhunter,havoc,48,24,24
2385,Полетела,gordunni,1278,demonhunter,havoc,30,15,15
2386,Antrixa,ravencrest,1278,demonhunter,havoc,29,14,15
2387,Demogen,sylvanas,1275,demonhunter,havoc,54,27,27
2388,Pleskdh,malganis,1272,demonhunter,havoc,54,23,31
2389,Illidanio,xavius,1271,demonhunter,havoc,30,14,16
2390,Sabe,ravencrest,1267,demonhunter,havoc,23,14,9
2391,Juha,bronze-dragonflight,1267,demonhunter,havoc,43,26,17
2392,Эридали,gordunni,1266,demonhunter,havoc,60,28,32
2393,Gurvan,kazzak,1263,demonhunter,havoc,65,32,33
2394,Släshes,kazzak,1262,demonhunter,havoc,34,14,20
2395,Schonevrouw,aszune,1261,demonhunter,havoc,48,29,19
2396,Chapzi,ragnaros,1256,demonhunter,havoc,51,26,25
2397,Реалистик,deathweaver,1256,demonhunter,havoc,67,28,39
2398,Lùcîfer,hellfire,1255,demonhunter,havoc,77,38,39
2399,Hellboii,kilrogg,1253,demonhunter,havoc,63,39,24
2400,Schahmiran,kargath,1252,demonhunter,havoc,30,14,16
2401,Anödyth,kirin-tor,1252,demonhunter,havoc,30,14,16
2402,Demonronin,the-maelstrom,1251,demonhunter,havoc,62,34,28
2403,Marmotaa,ragnaros,1251,demonhunter,havoc,29,15,14
2404,Jahannam,ysondre,1251,demonhunter,havoc,66,31,35
2405,Сильверган,soulflayer,1248,demonhunter,havoc,144,73,71
2406,Norac,silvermoon,1248,demonhunter,havoc,41,16,25
2407,Nstea,cthun,1247,demonhunter,havoc,24,13,11
2408,Abuelodosaka,dun-modr,1247,demonhunter,havoc,24,13,11
2409,Нереалочка,blackscar,1247,demonhunter,havoc,24,13,11
2410,Embruixada,sanguino,1246,demonhunter,havoc,58,34,24
2411,Zernoid,kazzak,1246,demonhunter,havoc,24,13,11
2412,Zyasea,blackmoore,1246,demonhunter,havoc,48,16,32
2413,Illidrax,outland,1245,demonhunter,havoc,36,13,23
2414,Jotaros,ravencrest,1245,demonhunter,havoc,36,13,23
2415,Minutte,twisting-nether,1244,demonhunter,havoc,36,20,16
2416,Dedemøn,ysondre,1243,demonhunter,havoc,24,13,11
2417,Kimberleh,doomhammer,1243,demonhunter,havoc,24,13,11
2418,Thorno,argent-dawn,1243,demonhunter,havoc,36,13,23
2419,Meleidar,kazzak,1242,demonhunter,havoc,30,13,17
2420,Medievils,silvermoon,1241,demonhunter,havoc,54,20,34
2421,Itàchì,kazzak,1240,demonhunter,havoc,18,13,5
2422,Mooty,drekthar,1240,demonhunter,havoc,24,13,11
2423,Nekkëtsu,archimonde,1235,demonhunter,havoc,24,13,11
2424,Полутемный,howling-fjord,1235,demonhunter,havoc,24,13,11
2425,Zejza,ragnaros,1235,demonhunter,havoc,31,15,16
2426,Хингарский,deathguard,1234,demonhunter,havoc,24,13,11
2427,Demonjay,stormscale,1233,demonhunter,havoc,28,14,14
2428,Titanslayyer,azjolnerub,1233,demonhunter,havoc,30,13,17
2429,Heàvic,outland,1230,demonhunter,havoc,39,24,15
2430,Lozakum,draenor,1230,demonhunter,havoc,90,42,48
2431,Hirbs,silvermoon,1230,demonhunter,havoc,72,31,41
2432,Djaris,ghostlands,1228,demonhunter,havoc,18,13,5
2433,Даудаев,gordunni,1225,demonhunter,havoc,36,19,17
2434,Azkerash,draenor,1225,demonhunter,havoc,36,15,21
2435,Sindweller,arathi,1225,demonhunter,havoc,36,14,22
2436,Shreddern,ragnaros,1224,demonhunter,havoc,31,14,17
2437,Aenirá,tarren-mill,1224,demonhunter,havoc,36,13,23
2438,Шмальнуть,gordunni,1223,demonhunter,havoc,49,22,27
2439,Кайриель,gordunni,1222,demonhunter,havoc,24,13,11
2440,Dârhma,archimonde,1221,demonhunter,havoc,29,18,11
2441,Овецловец,deathguard,1220,demonhunter,havoc,24,13,11
2442,Нксин,howling-fjord,1218,demonhunter,havoc,30,14,16
2443,Dmgchris,sylvanas,1218,demonhunter,havoc,36,13,23
2444,Quakes,pozzo-delleternità,1217,demonhunter,havoc,36,19,17
2445,Осхимс,deathguard,1215,demonhunter,havoc,30,18,12
2446,Fruttidimare,frostwolf,1214,demonhunter,havoc,93,41,52
2447,Betråyêr,draenor,1213,demonhunter,havoc,38,15,23
2448,Kladius,skullcrusher,1210,demonhunter,havoc,27,15,12
2449,Sua,outland,1210,demonhunter,havoc,61,29,32
2450,Ávto,stormscale,1209,demonhunter,havoc,47,28,19
2451,Jyzu,festung-der-stürme,1209,demonhunter,havoc,36,13,23
2452,Bessus,aggra-português,1207,demonhunter,havoc,48,24,24
2453,Maltok,ysondre,1206,demonhunter,havoc,43,21,22
2454,Ìllídán,ravencrest,1205,demonhunter,havoc,80,41,39
2455,Bøøgý,silvermoon,1202,demonhunter,havoc,54,24,30
2456,Isila,alakir,1202,demonhunter,havoc,89,33,56
2457,Vozol,stormscale,1195,demonhunter,havoc,30,20,10
2458,Бабкамопед,howling-fjord,1195,demonhunter,havoc,27,14,13
2459,Hellarious,ragnaros,1195,demonhunter,havoc,72,30,42
2460,Nanocsika,twisting-nether,1194,demonhunter,havoc,131,63,68
2461,Дитяхаоса,howling-fjord,1194,demonhunter,havoc,60,24,36
2462,Chaosfist,blackrock,1193,demonhunter,havoc,30,13,17
2463,Aûrelian,kragjin,1189,demonhunter,havoc,33,15,18
2464,Giace,drakthul,1185,demonhunter,havoc,42,15,27
2465,Hawek,madmortem,1184,demonhunter,havoc,58,33,25
2466,Claere,blackhand,1184,demonhunter,havoc,87,45,42
2467,Dämonbumm,blackmoore,1183,demonhunter,havoc,22,13,9
2468,Demonligos,draenor,1183,demonhunter,havoc,72,36,36
2469,Danedemlia,magtheridon,1182,demonhunter,havoc,49,22,27
2470,Artexxen,kazzak,1182,demonhunter,havoc,42,14,28
2471,Trekxx,ragnaros,1180,demonhunter,havoc,30,13,17
2472,Tokoloshë,ragnaros,1177,demonhunter,havoc,54,27,27
2473,Øutsider,blackmoore,1174,demonhunter,havoc,78,34,44
2474,Munja,hyjal,1173,demonhunter,havoc,208,106,102
2475,Эндимэн,soulflayer,1172,demonhunter,havoc,44,24,20
2476,Самфор,soulflayer,1172,demonhunter,havoc,84,41,43
2477,Геннитиро,deathguard,1171,demonhunter,havoc,28,15,13
2478,Änyä,ravencrest,1171,demonhunter,havoc,28,13,15
2479,Kiriall,blackmoore,1166,demonhunter,havoc,78,36,42
2480,Oxydh,ravencrest,1165,demonhunter,havoc,28,13,15
2481,Shizá,burning-legion,1165,demonhunter,havoc,86,39,47
2482,Dämokröte,ambossar,1164,demonhunter,havoc,24,14,10
2483,Lagordin,aggramar,1161,demonhunter,havoc,18,14,4
2484,Athoribos,silvermoon,1160,demonhunter,havoc,60,32,28
2485,Letidyr,ravencrest,1158,demonhunter,havoc,54,17,37
2486,Люцифэйль,gordunni,1155,demonhunter,havoc,38,17,21
2487,Wréckful,ravencrest,1155,demonhunter,havoc,48,17,31
2488,Itsukix,stormscale,1153,demonhunter,havoc,36,21,15
2489,Флеркенкот,galakrond,1153,demonhunter,havoc,175,94,81
2490,Аоешный,howling-fjord,1152,demonhunter,havoc,24,12,12
2491,Carablue,hyjal,1151,demonhunter,havoc,18,12,6
2492,Brainlessdmg,ragnaros,1151,demonhunter,havoc,18,12,6
2493,Hagana,tirion,1151,demonhunter,havoc,24,12,12
2494,Гивюрхартми,gordunni,1151,demonhunter,havoc,30,12,18
2495,Chïbrøne,archimonde,1151,demonhunter,havoc,36,12,24
2496,Onlyw,ravencrest,1150,demonhunter,havoc,17,13,4
2497,Demonzeus,sylvanas,1150,demonhunter,havoc,44,22,22
2498,Róxor,twisting-nether,1150,demonhunter,havoc,30,12,18
2499,Azzinoth,outland,1150,demonhunter,havoc,57,20,37
2500,Seleverkauft,antonidas,1149,demonhunter,havoc,18,12,6
2501,Kerog,blackmoore,1149,demonhunter,havoc,18,12,6
2502,Spankoproof,kazzak,1149,demonhunter,havoc,18,12,6
2503,Flys,doomhammer,1149,demonhunter,havoc,21,13,8
2504,Bigboychaos,twisting-nether,1149,demonhunter,havoc,36,19,17
2505,Gnarpump,emeriss,1149,demonhunter,havoc,30,12,18
2506,Bignugs,ravencrest,1149,demonhunter,havoc,30,12,18
2507,Schøck,blackhand,1148,demonhunter,havoc,18,12,6
2508,Maøu,hyjal,1147,demonhunter,havoc,24,12,12
2509,Mèlfurion,hyjal,1147,demonhunter,havoc,97,42,55
2510,Exceltor,sanguino,1147,demonhunter,havoc,36,12,24
2511,Sonnefel,tarren-mill,1145,demonhunter,havoc,24,12,12
2512,Száraz,ragnaros,1145,demonhunter,havoc,24,12,12
2513,Satanmanna,twisting-nether,1145,demonhunter,havoc,30,12,18
2514,Джигурдинец,gordunni,1144,demonhunter,havoc,30,17,13
2515,Allalina,draenor,1144,demonhunter,havoc,60,33,27
2516,Moonbeàm,kazzak,1144,demonhunter,havoc,24,12,12
2517,Téthis,uldaman,1143,demonhunter,havoc,78,34,44
2518,Anandria,blutkessel,1140,demonhunter,havoc,71,42,29
2519,Yuka,earthen-ring,1140,demonhunter,havoc,42,20,22
2520,Gamaö,khaz-modan,1140,demonhunter,havoc,30,12,18
2521,Сангвиннус,howling-fjord,1139,demonhunter,havoc,23,13,10
2522,Fotmfgt,eredar,1139,demonhunter,havoc,24,12,12
2523,Lilithxz,blackmoore,1139,demonhunter,havoc,24,12,12
2524,Dreggath,doomhammer,1139,demonhunter,havoc,59,29,30
2525,Тушино,lich-king,1135,demonhunter,havoc,18,12,6
2526,Нохелет,deepholm,1135,demonhunter,havoc,121,65,56
2527,Гарражж,howling-fjord,1135,demonhunter,havoc,24,12,12
2528,Shadowkick,archimonde,1134,demonhunter,havoc,192,97,95
2529,Тонниданза,howling-fjord,1134,demonhunter,havoc,107,48,59
2530,Khamzath,blackhand,1131,demonhunter,havoc,18,12,6
2531,Mojois,ravenholdt,1131,demonhunter,havoc,69,37,32
2532,Stringsz,ragnaros,1129,demonhunter,havoc,46,29,17
2533,Pichkachu,sylvanas,1129,demonhunter,havoc,24,12,12
2534,Gurthalak,alakir,1129,demonhunter,havoc,35,14,21
2535,Liisza,blackhand,1124,demonhunter,havoc,18,12,6
2536,Picotea,argent-dawn,1124,demonhunter,havoc,18,12,6
2537,Vio,jaedenar,1124,demonhunter,havoc,54,33,21
2538,Арат,ashenvale,1122,demonhunter,havoc,18,12,6
2539,Sarissa,dun-modr,1120,demonhunter,havoc,26,14,12
2540,Asmedios,twisting-nether,1120,demonhunter,havoc,314,154,160
2541,Amatèrasú,kazzak,1119,demonhunter,havoc,23,12,11
2542,Jnfd,outland,1118,demonhunter,havoc,32,13,19
2543,Sharhan,sylvanas,1118,demonhunter,havoc,42,16,26
2544,Calcïum,archimonde,1116,demonhunter,havoc,35,12,23
2545,Шалдарон,howling-fjord,1112,demonhunter,havoc,22,12,10
2546,Youjosenki,magtheridon,1111,demonhunter,havoc,23,15,8
2547,Zulthealbino,tarren-mill,1110,demonhunter,havoc,20,13,7
2548,Zengor,twilights-hammer,1109,demonhunter,havoc,28,14,14
2549,Мотек,howling-fjord,1109,demonhunter,havoc,120,57,63
2550,Tatsukiyuzu,hyjal,1107,demonhunter,havoc,42,29,13
2551,Shirakava,quelthalas,1102,demonhunter,havoc,42,15,27
2552,Mcsmackface,hellfire,1101,demonhunter,havoc,48,16,32
2553,Viridisignis,silvermoon,1100,demonhunter,havoc,54,29,25
2554,Scarebearz,outland,1100,demonhunter,havoc,66,34,32
2555,Leloine,trollbane,1098,demonhunter,havoc,30,17,13
2556,Айвэнгос,thermaplugg,1097,demonhunter,havoc,61,35,26
2557,Twistyy,drakthul,1097,demonhunter,havoc,72,41,31
2558,Darkustos,blackrock,1096,demonhunter,havoc,26,14,12
2559,Гневныймомон,soulflayer,1093,demonhunter,havoc,58,26,32
2560,Аллилания,fordragon,1092,demonhunter,havoc,50,32,18
2561,Kebiz,ragnaros,1090,demonhunter,havoc,23,12,11
2562,Eranduur,draenor,1088,demonhunter,havoc,24,13,11
2563,Âkazza,archimonde,1086,demonhunter,havoc,26,12,14
2564,Fikyx,draenor,1086,demonhunter,havoc,44,17,27
2565,Илизарнный,gordunni,1085,demonhunter,havoc,30,13,17
2566,Thegamesucks,ravencrest,1084,demonhunter,havoc,214,104,110
2567,Venøøm,eldrethalas,1084,demonhunter,havoc,90,40,50
2568,Дэрзлорд,fordragon,1082,demonhunter,havoc,23,12,11
2569,Stonebanker,turalyon,1079,demonhunter,havoc,23,14,9
2570,Typhoonxq,tarren-mill,1078,demonhunter,havoc,41,21,20
2571,Lögan,uldum,1078,demonhunter,havoc,36,16,20
2572,Koiskdh,tarren-mill,1071,demonhunter,havoc,22,13,9
2573,Dèathless,pozzo-delleternità,1070,demonhunter,havoc,37,14,23
2574,Dadicek,drakthul,1069,demonhunter,havoc,18,12,6
2575,Gabquist,argent-dawn,1063,demonhunter,havoc,47,25,22
2576,Teoma,hyjal,1063,demonhunter,havoc,120,61,59
2577,Yousif,stormscale,1061,demonhunter,havoc,55,26,29
2578,Makkivar,terenas,1060,demonhunter,havoc,36,15,21
2579,Xellnaga,twisting-nether,1059,demonhunter,havoc,26,12,14
2580,Happykx,draenor,1056,demonhunter,havoc,12,11,1
2581,Dripcatchér,ravencrest,1056,demonhunter,havoc,18,11,7
2582,Солфдх,fordragon,1056,demonhunter,havoc,24,11,13
2583,Ayyo,agamaggan,1056,demonhunter,havoc,24,11,13
2584,Véin,stormscale,1056,demonhunter,havoc,30,11,19
2585,Håssan,ravencrest,1055,demonhunter,havoc,18,11,7
2586,Dhlee,ravencrest,1055,demonhunter,havoc,18,11,7
2587,Maskinegoðx,tarren-mill,1055,demonhunter,havoc,24,11,13
2588,Draqula,ravencrest,1055,demonhunter,havoc,24,11,13
2589,Onizukadh,archimonde,1055,demonhunter,havoc,24,11,13
2590,Skippydemon,nozdormu,1055,demonhunter,havoc,30,11,19
2591,Kolísenn,drakthul,1054,demonhunter,havoc,18,11,7
2592,Enjøybrah,nemesis,1054,demonhunter,havoc,18,11,7
2593,Cappaowx,ravencrest,1054,demonhunter,havoc,18,11,7
2594,Mårcxb,blackhand,1054,demonhunter,havoc,24,11,13
2595,Lyzzra,blackmoore,1054,demonhunter,havoc,24,11,13
2596,Verybigdps,aegwynn,1054,demonhunter,havoc,24,11,13
2597,Përry,archimonde,1054,demonhunter,havoc,24,11,13
2598,Bichmicher,earthen-ring,1054,demonhunter,havoc,30,11,19
2599,Cayssaelle,argent-dawn,1053,demonhunter,havoc,18,11,7
2600,Turbomenak,drakthul,1053,demonhunter,havoc,18,11,7
2601,Fredoo,sylvanas,1053,demonhunter,havoc,20,11,9
2602,Бистлайк,soulflayer,1053,demonhunter,havoc,24,11,13
2603,Darktérror,silvermoon,1053,demonhunter,havoc,30,11,19
2604,Никельдон,howling-fjord,1052,demonhunter,havoc,54,33,21
2605,Asporos,pozzo-delleternità,1052,demonhunter,havoc,30,11,19
2606,Шавермье,gordunni,1052,demonhunter,havoc,36,11,25
2607,Bud,lightnings-blade,1051,demonhunter,havoc,18,11,7
2608,Demonbean,stormscale,1051,demonhunter,havoc,22,12,10
2609,Jyrpä,stormscale,1051,demonhunter,havoc,29,12,17
2610,Squan,blackmoore,1050,demonhunter,havoc,20,12,8
2611,Vìdhar,tarren-mill,1049,demonhunter,havoc,24,11,13
2612,Zamp,deathwing,1049,demonhunter,havoc,30,11,19
2613,Wauway,ragnaros,1048,demonhunter,havoc,20,11,9
2614,Muharaar,ravencrest,1047,demonhunter,havoc,16,12,4
2615,Äzräël,dun-modr,1047,demonhunter,havoc,30,11,19
2616,Blisdon,argent-dawn,1046,demonhunter,havoc,60,27,33
2617,Aminféryadi,twisting-nether,1046,demonhunter,havoc,30,11,19
2618,Byakugaan,drakthul,1045,demonhunter,havoc,18,11,7
2619,Noctilucent,executus,1044,demonhunter,havoc,78,42,36
2620,Metadel,outland,1043,demonhunter,havoc,127,66,61
2621,Ascanius,nemesis,1040,demonhunter,havoc,48,26,22
2622,Estarloco,blackmoore,1038,demonhunter,havoc,36,19,17
2623,Kaitlyyn,norgannon,1038,demonhunter,havoc,30,11,19
2624,Haýuken,kazzak,1035,demonhunter,havoc,24,13,11
2625,Lightkick,archimonde,1034,demonhunter,havoc,36,23,13
2626,Самуройд,gordunni,1034,demonhunter,havoc,24,11,13
2627,Syonis,archimonde,1032,demonhunter,havoc,19,12,7
2628,Aamonath,tarren-mill,1030,demonhunter,havoc,30,16,14
2629,Azazelkw,ragnaros,1026,demonhunter,havoc,48,23,25
2630,Zy,ahnqiraj,1023,demonhunter,havoc,17,11,6
2631,Cobayashi,der-mithrilorden,1023,demonhunter,havoc,38,21,17
2632,Увиден,eversong,1023,demonhunter,havoc,53,25,28
2633,Omegasyx,dun-modr,1021,demonhunter,havoc,22,11,11
2634,Siscia,outland,1020,demonhunter,havoc,42,23,19
2635,Heemaglobin,ravencrest,1018,demonhunter,havoc,24,12,12
2636,Gigipletosu,ravencrest,1018,demonhunter,havoc,30,11,19
2637,Milkeyes,ravencrest,1011,demonhunter,havoc,66,32,34
2638,Nyxxeria,drakthul,1006,demonhunter,havoc,27,11,16
2639,Scurenzio,outland,1005,demonhunter,havoc,30,16,14
2640,Demontripo,silvermoon,1005,demonhunter,havoc,81,43,38
2641,Solrosfrön,stormscale,1005,demonhunter,havoc,23,11,12
2642,Delfee,twisting-nether,1005,demonhunter,havoc,54,25,29
2643,Карнавалыч,gordunni,1003,demonhunter,havoc,84,30,54
2644,Vaco,la-croisade-écarlate,996,demonhunter,havoc,30,13,17
2645,Nehmarath,doomhammer,995,demonhunter,havoc,36,11,25
2646,Гарнаш,howling-fjord,993,demonhunter,havoc,60,30,30
2647,Hunterston,twisting-nether,992,demonhunter,havoc,68,38,30
2648,Byah,kazzak,984,demonhunter,havoc,103,44,59
2649,Straizo,malganis,984,demonhunter,havoc,26,11,15
2650,Ravier,baelgun,980,demonhunter,havoc,63,34,29
2651,Demonhyan,chants-éternels,975,demonhunter,havoc,55,26,29
2652,Silan,kiljaeden,972,demonhunter,havoc,29,16,13
2653,Sintoraz,amanthul,968,demonhunter,havoc,38,21,17
2654,Огнод,gordunni,968,demonhunter,havoc,42,21,21
2655,Winnztlol,chamber-of-aspects,961,demonhunter,havoc,21,11,10
2656,Necorinex,silvermoon,960,demonhunter,havoc,12,10,2
2657,Johncoffèy,ragnaros,960,demonhunter,havoc,12,10,2
2658,Дианист,gordunni,960,demonhunter,havoc,16,11,5
2659,Reckqqt,eredar,960,demonhunter,havoc,18,10,8
2660,Antrix,ravencrest,960,demonhunter,havoc,18,10,8
2661,Анхардх,gordunni,960,demonhunter,havoc,18,10,8
2662,Keýrañe,ragnaros,960,demonhunter,havoc,18,10,8
2663,Izzidan,magtheridon,960,demonhunter,havoc,18,10,8
2664,Vaiprix,ragnaros,960,demonhunter,havoc,18,10,8
2665,Ragefighterr,ragnaros,960,demonhunter,havoc,36,16,20
2666,Bogren,sylvanas,960,demonhunter,havoc,24,10,14
2667,Krvckhead,hyjal,960,demonhunter,havoc,24,10,14
2668,Iíïììïiíïìïï,alakir,960,demonhunter,havoc,24,10,14
2669,Íamprepared,tarren-mill,960,demonhunter,havoc,30,10,20
2670,Fishmicksh,twisting-nether,959,demonhunter,havoc,12,10,2
2671,Lucianloco,dun-morogh,959,demonhunter,havoc,18,10,8
2672,Gandzsä,ragnaros,959,demonhunter,havoc,18,10,8
2673,Гранкрю,blackscar,959,demonhunter,havoc,18,10,8
2674,Катякрылышки,gordunni,959,demonhunter,havoc,18,10,8
2675,Qqski,kazzak,959,demonhunter,havoc,18,10,8
2676,Хирако,booty-bay,959,demonhunter,havoc,18,10,8
2677,Völkswagen,dun-modr,959,demonhunter,havoc,18,10,8
2678,Mollamaija,defias-brotherhood,959,demonhunter,havoc,24,10,14
2679,Yumhip,dun-modr,959,demonhunter,havoc,24,10,14
2680,Vayshi,turalyon,959,demonhunter,havoc,24,10,14
2681,Barny,skullcrusher,959,demonhunter,havoc,24,10,14
2682,Demonicat,twisting-nether,959,demonhunter,havoc,24,10,14
2683,Darnke,silvermoon,959,demonhunter,havoc,30,10,20
2684,Elenôy,malganis,958,demonhunter,havoc,18,10,8
2685,Shivarræ,stormreaver,958,demonhunter,havoc,18,10,8
2686,Baddxd,ragnaros,958,demonhunter,havoc,20,11,9
2687,Critlerman,blackmoore,957,demonhunter,havoc,16,11,5
2688,Aedilles,ravencrest,957,demonhunter,havoc,18,10,8
2689,Skarvy,bronze-dragonflight,957,demonhunter,havoc,18,10,8
2690,Bobdh,twisting-nether,957,demonhunter,havoc,35,10,25
2691,Drilloz,ravencrest,956,demonhunter,havoc,18,10,8
2692,Версомния,gordunni,956,demonhunter,havoc,24,10,14
2693,Такетомии,gordunni,956,demonhunter,havoc,24,10,14
2694,Morphiyy,tarren-mill,955,demonhunter,havoc,18,10,8
2695,Morvash,nemesis,954,demonhunter,havoc,18,10,8
2696,Эльгастон,howling-fjord,954,demonhunter,havoc,30,11,19
2697,Argnils,tarren-mill,953,demonhunter,havoc,12,10,2
2698,Эфемерид,howling-fjord,953,demonhunter,havoc,18,10,8
2699,Ejder,anubarak,953,demonhunter,havoc,48,19,29
2700,Шэдоуштормх,soulflayer,952,demonhunter,havoc,18,10,8
2701,Цейн,azuregos,952,demonhunter,havoc,39,15,24
2702,Илайора,galakrond,952,demonhunter,havoc,30,10,20
2703,Jemoer,twisting-nether,951,demonhunter,havoc,20,13,7
2704,Flamme,amanthul,951,demonhunter,havoc,18,11,7
2705,Pijvijie,shattrath,951,demonhunter,havoc,30,10,20
2706,Иллидал,greymane,949,demonhunter,havoc,18,10,8
2707,Никкэс,gordunni,949,demonhunter,havoc,24,10,14
2708,Alandrisz,argent-dawn,949,demonhunter,havoc,30,10,20
2709,Mamazboy,lightnings-blade,946,demonhunter,havoc,18,10,8
2710,Максаналл,soulflayer,944,demonhunter,havoc,18,10,8
2711,Hannipham,silvermoon,944,demonhunter,havoc,21,11,10
2712,Électrâs,archimonde,943,demonhunter,havoc,24,10,14
2713,Nylaria,dethecus,940,demonhunter,havoc,18,10,8
2714,Shishiro,alakir,937,demonhunter,havoc,24,10,14
2715,Nelairia,tarren-mill,931,demonhunter,havoc,18,10,8
2716,Rockymarcia,archimonde,930,demonhunter,havoc,18,11,7
2717,Terrminator,darksorrow,925,demonhunter,havoc,17,10,7
2718,Zermut,culte-de-la-rive-noire,925,demonhunter,havoc,17,10,7
2719,Maßik,terokkar,922,demonhunter,havoc,21,11,10
2720,Sinthetyx,quelthalas,917,demonhunter,havoc,36,19,17
2721,Noire,zuljin,917,demonhunter,havoc,29,10,19
2722,Cirino,defias-brotherhood,915,demonhunter,havoc,24,10,14
2723,Aelita,twisting-nether,914,demonhunter,havoc,43,23,20
2724,Ànavar,twisting-nether,913,demonhunter,havoc,29,12,17
2725,Andij,frostwolf,913,demonhunter,havoc,29,11,18
2726,Taliaa,drakthul,911,demonhunter,havoc,21,10,11
2727,Lorcanmar,draenor,911,demonhunter,havoc,45,19,26
2728,Skylinex,dentarg,909,demonhunter,havoc,66,33,33
2729,Манапарда,howling-fjord,909,demonhunter,havoc,35,10,25
2730,Kalr,silvermoon,908,demonhunter,havoc,17,10,7
2731,Зографос,fordragon,905,demonhunter,havoc,19,11,8
2732,Hicgidik,outland,905,demonhunter,havoc,24,11,13
2733,Nuriia,arthas,904,demonhunter,havoc,42,22,20
2734,Maurî,tarren-mill,895,demonhunter,havoc,26,10,16
2735,Kroepoeks,mazrigos,894,demonhunter,havoc,30,16,14
2736,Jamule,dun-morogh,889,demonhunter,havoc,36,15,21
2737,Amionisiken,amanthul,873,demonhunter,havoc,25,10,15
2738,Alfazar,pozzo-delleternità,873,demonhunter,havoc,68,23,45
2739,Фирулия,goldrinn,871,demonhunter,havoc,74,35,39
2740,Legionek,burning-blade,866,demonhunter,havoc,20,11,9
2741,Dbolmami,twisting-nether,864,demonhunter,havoc,12,9,3
2742,Folygale,outland,864,demonhunter,havoc,12,9,3
2743,Fizzpep,eredar,864,demonhunter,havoc,12,9,3
2744,Лфгнехиро,soulflayer,864,demonhunter,havoc,12,9,3
2745,Insaneomg,blackmoore,864,demonhunter,havoc,18,9,9
2746,Saene,ravencrest,864,demonhunter,havoc,18,9,9
2747,Shattre,silvermoon,864,demonhunter,havoc,18,9,9
2748,Ittas,archimonde,864,demonhunter,havoc,18,9,9
2749,Zophý,ragnaros,864,demonhunter,havoc,18,9,9
2750,Raïley,archimonde,864,demonhunter,havoc,18,9,9
2751,Toschadh,blackmoore,864,demonhunter,havoc,18,9,9
2752,Sghemon,pozzo-delleternità,864,demonhunter,havoc,18,9,9
2753,Thulânn,twisting-nether,864,demonhunter,havoc,18,9,9
2754,Chosabreka,zuljin,864,demonhunter,havoc,18,9,9
2755,Realtrance,sanguino,864,demonhunter,havoc,18,9,9
2756,Эридари,blackscar,864,demonhunter,havoc,18,9,9
2757,Fuseton,kazzak,864,demonhunter,havoc,24,9,15
2758,Муими,soulflayer,864,demonhunter,havoc,24,9,15
2759,Viced,kazzak,864,demonhunter,havoc,24,9,15
2760,Krmâ,blackrock,864,demonhunter,havoc,24,9,15
2761,Сочняга,gordunni,864,demonhunter,havoc,24,9,15
2762,Jugøbænned,blackrock,863,demonhunter,havoc,12,9,3
2763,Sunestaa,kazzak,863,demonhunter,havoc,12,9,3
2764,Солевыеглефы,gordunni,863,demonhunter,havoc,12,9,3
2765,Lennöx,silvermoon,863,demonhunter,havoc,13,9,4
2766,Sutures,ravencrest,863,demonhunter,havoc,18,9,9
2767,Neomicha,blackmoore,863,demonhunter,havoc,18,9,9
2768,Õmen,ravencrest,863,demonhunter,havoc,18,9,9
2769,Ræko,sanguino,863,demonhunter,havoc,18,9,9
2770,Ììîîííììîîíí,tarren-mill,863,demonhunter,havoc,18,9,9
2771,Illidaia,ravencrest,863,demonhunter,havoc,18,9,9
2772,Kenzaii,aegwynn,863,demonhunter,havoc,18,9,9
2773,Finstergraf,blackmoore,863,demonhunter,havoc,36,17,19
2774,Djdhh,draenor,863,demonhunter,havoc,20,9,11
2775,Slizer,draenor,863,demonhunter,havoc,24,9,15
2776,Блъя,gordunni,863,demonhunter,havoc,24,9,15
2777,Kãzïn,archimonde,863,demonhunter,havoc,24,9,15
2778,Zappikdh,silvermoon,862,demonhunter,havoc,18,9,9
2779,Illidián,chamber-of-aspects,862,demonhunter,havoc,24,9,15
2780,Aeshalla,blackmoore,862,demonhunter,havoc,24,9,15
2781,Demonstorpix,drakthul,862,demonhunter,havoc,24,9,15
2782,Wirsing,azshara,862,demonhunter,havoc,30,9,21
2783,Tzklkn,sylvanas,861,demonhunter,havoc,12,9,3
2784,Selénhe,silvermoon,861,demonhunter,havoc,18,9,9
2785,Тэниан,gordunni,861,demonhunter,havoc,24,9,15
2786,Wrathill,draenor,860,demonhunter,havoc,24,9,15
2787,Doobregeesy,burning-legion,859,demonhunter,havoc,21,10,11
2788,Deadskill,alexstrasza,858,demonhunter,havoc,54,21,33
2789,Æroa,antonidas,856,demonhunter,havoc,18,9,9
2790,Лолбичьпро,blackscar,856,demonhunter,havoc,18,9,9
2791,Keiti,drakthul,856,demonhunter,havoc,36,9,27
2792,Goatcorpse,blackmoore,853,demonhunter,havoc,24,9,15
2793,Besnik,stormscale,844,demonhunter,havoc,30,9,21
2794,Winchesterxx,sanguino,842,demonhunter,havoc,24,9,15
2795,Ladj,blackmoore,841,demonhunter,havoc,18,9,9
2796,Subelsiu,alakir,840,demonhunter,havoc,63,26,37
2797,Fckmlf,outland,839,demonhunter,havoc,21,12,9
2798,Backflipgødx,uldaman,832,demonhunter,havoc,22,9,13
2799,Alkann,chogall,830,demonhunter,havoc,17,9,8
2800,Ataddcay,outland,828,demonhunter,havoc,39,14,25
2801,Дантавул,gordunni,825,demonhunter,havoc,24,9,15
2802,Daimon,pozzo-delleternità,813,demonhunter,havoc,21,10,11
2803,Illidaniellé,tarren-mill,799,demonhunter,havoc,17,9,8
2804,Demonzeus,archimonde,797,demonhunter,havoc,19,10,9
2805,Blutox,antonidas,797,demonhunter,havoc,25,11,14
2806,Deadhuntor,daggerspine,795,demonhunter,havoc,17,9,8
2807,Dombra,kult-der-verdammten,788,demonhunter,havoc,11,9,2
2808,Kundans,antonidas,787,demonhunter,havoc,17,9,8
2809,Кусьзакиску,soulflayer,781,demonhunter,havoc,22,9,13
2810,Wèx,tarren-mill,768,demonhunter,havoc,12,8,4
2811,Dhamp,kazzak,768,demonhunter,havoc,12,8,4
2812,Qweqweasd,outland,768,demonhunter,havoc,12,8,4
2813,Джастх,howling-fjord,768,demonhunter,havoc,12,8,4
2814,Mesini,darksorrow,768,demonhunter,havoc,12,8,4
2815,Синтвеив,soulflayer,768,demonhunter,havoc,12,8,4
2816,Eysndh,blackrock,768,demonhunter,havoc,12,8,4
2817,Snubbeldemon,outland,768,demonhunter,havoc,12,8,4
2818,Traumadh,tarren-mill,768,demonhunter,havoc,12,8,4
2819,Mips,ghostlands,768,demonhunter,havoc,18,8,10
2820,Praisethelrd,blackrock,768,demonhunter,havoc,18,8,10
2821,Thestrength,twisting-nether,768,demonhunter,havoc,18,8,10
2822,Stinkymonkey,pozzo-delleternità,768,demonhunter,havoc,18,8,10
2823,Nthday,draenor,768,demonhunter,havoc,18,8,10
2824,Jaquees,stormscale,768,demonhunter,havoc,18,8,10
2825,Синнэрлити,soulflayer,768,demonhunter,havoc,18,8,10
2826,Mvqdh,stormscale,768,demonhunter,havoc,18,8,10
2827,Demoan,outland,768,demonhunter,havoc,24,8,16
2828,Rõb,magtheridon,768,demonhunter,havoc,24,8,16
2829,Ohshietwadap,twisting-nether,768,demonhunter,havoc,24,8,16
2830,Ðarckjojo,hyjal,767,demonhunter,havoc,12,8,4
2831,Lilor,aegwynn,767,demonhunter,havoc,12,8,4
2832,Ninetzqp,tarren-mill,767,demonhunter,havoc,12,8,4
2833,Эска,razuvious,767,demonhunter,havoc,12,8,4
2834,Felsbane,argent-dawn,767,demonhunter,havoc,15,9,6
2835,Yorxdh,eredar,767,demonhunter,havoc,15,9,6
2836,Knmdemon,draenor,767,demonhunter,havoc,18,8,10
2837,Lilitlovesme,blackmoore,767,demonhunter,havoc,18,8,10
2838,Apokalypsra,blackmoore,767,demonhunter,havoc,18,8,10
2839,Shax,hellscream,767,demonhunter,havoc,18,8,10
2840,Zmasteez,ahnqiraj,767,demonhunter,havoc,18,8,10
2841,Dirtydoggy,dun-modr,767,demonhunter,havoc,18,8,10
2842,Kithan,zuljin,767,demonhunter,havoc,18,8,10
2843,Bamßi,ragnaros,767,demonhunter,havoc,18,8,10
2844,Paindemon,outland,767,demonhunter,havoc,18,8,10
2845,Calendith,arathor,767,demonhunter,havoc,21,9,12
2846,Salamihexler,dun-morogh,767,demonhunter,havoc,23,8,15
2847,Skrelarent,argent-dawn,766,demonhunter,havoc,12,8,4
2848,Deathblades,twisting-nether,766,demonhunter,havoc,18,8,10
2849,Varthag,antonidas,766,demonhunter,havoc,18,8,10
2850,Nestrae,drakthul,766,demonhunter,havoc,18,8,10
2851,Badgyalriri,hyjal,766,demonhunter,havoc,18,8,10
2852,Мейьибейьи,howling-fjord,766,demonhunter,havoc,18,8,10
2853,Sarrabulho,magtheridon,766,demonhunter,havoc,18,8,10
2854,Neiden,deathwing,766,demonhunter,havoc,24,8,16
2855,Akäly,hyjal,765,demonhunter,havoc,19,9,10
2856,Mihaliana,argent-dawn,765,demonhunter,havoc,18,8,10
2857,Aelzeran,stormscale,765,demonhunter,havoc,24,8,16
2858,Ironjòe,eredar,764,demonhunter,havoc,18,8,10
2859,Hupon,drakthul,764,demonhunter,havoc,18,8,10
2860,Noxxi,gorgonnash,764,demonhunter,havoc,18,8,10
2861,Saìras,blackhand,763,demonhunter,havoc,18,8,10
2862,Попкасиська,eversong,763,demonhunter,havoc,47,19,28
2863,Covidian,kilrogg,762,demonhunter,havoc,12,8,4
2864,Darksink,kazzak,762,demonhunter,havoc,18,8,10
2865,Unsainted,blackhand,762,demonhunter,havoc,18,8,10
2866,Amaterasù,alleria,761,demonhunter,havoc,18,8,10
2867,Lovzuu,draenor,759,demonhunter,havoc,12,8,4
2868,Dutchmadman,aerie-peak,758,demonhunter,havoc,49,20,29
2869,Цион,soulflayer,757,demonhunter,havoc,18,8,10
2870,Petefile,kazzak,757,demonhunter,havoc,18,8,10
2871,Meliòdas,draenor,757,demonhunter,havoc,25,8,17
2872,Yiùna,hyjal,756,demonhunter,havoc,18,8,10
2873,Maryjane,nordrassil,756,demonhunter,havoc,18,8,10
2874,Roostidh,shattered-hand,753,demonhunter,havoc,18,8,10
2875,Pismanik,drakthul,752,demonhunter,havoc,12,8,4
2876,Lailat,alexstrasza,752,demonhunter,havoc,16,9,7
2877,Sìnbad,khaz-modan,749,demonhunter,havoc,12,8,4
2878,Braserol,archimonde,749,demonhunter,havoc,26,8,18
2879,Butcherr,ulduar,736,demonhunter,havoc,24,8,16
2880,Quavanity,sylvanas,735,demonhunter,havoc,17,8,9
2881,Zealdancer,veknilash,734,demonhunter,havoc,17,8,9
2882,Kélida,dun-modr,720,demonhunter,havoc,21,8,13
2883,Gushìñgwøuñð,blackmoore,719,demonhunter,havoc,11,8,3
2884,Glavesong,burning-legion,719,demonhunter,havoc,15,9,6
2885,Bezdna,stormrage,718,demonhunter,havoc,15,8,7
2886,Judderzz,bronze-dragonflight,717,demonhunter,havoc,18,8,10
2887,Makiu,archimonde,717,demonhunter,havoc,21,8,13
2888,Zlett,draenor,704,demonhunter,havoc,16,8,8
2889,Liondam,pozzo-delleternità,696,demonhunter,havoc,24,8,16
2890,Yeyote,dun-modr,695,demonhunter,havoc,15,10,5
2891,Стрепа,grom,693,demonhunter,havoc,17,8,9
2892,Maddificator,silvermoon,686,demonhunter,havoc,14,8,6
2893,Магнисс,fordragon,685,demonhunter,havoc,14,8,6
2894,Itzrazor,ravencrest,683,demonhunter,havoc,25,8,17
2895,Herzbann,madmortem,676,demonhunter,havoc,19,8,11
2896,Zmemroo,magtheridon,672,demonhunter,havoc,12,7,5
2897,Caronte,los-errantes,672,demonhunter,havoc,12,7,5
2898,Ronstoppable,ravencrest,672,demonhunter,havoc,12,7,5
2899,Evul,blackmoore,672,demonhunter,havoc,12,7,5
2900,Lirigizel,hellscream,672,demonhunter,havoc,12,7,5
2901,Damnituther,kazzak,672,demonhunter,havoc,12,7,5
2902,Ozu,blackrock,672,demonhunter,havoc,12,7,5
2903,Weback,ravencrest,672,demonhunter,havoc,12,7,5
2904,Glevenuschii,blackmoore,672,demonhunter,havoc,12,7,5
2905,Stonedaf,ravencrest,672,demonhunter,havoc,12,7,5
2906,Ekaõs,les-sentinelles,672,demonhunter,havoc,12,7,5
2907,Esadeáth,ravencrest,672,demonhunter,havoc,12,7,5
2908,Дезлее,gordunni,672,demonhunter,havoc,12,7,5
2909,Styxdh,blackhand,672,demonhunter,havoc,12,7,5
2910,Lemiisa,burning-blade,672,demonhunter,havoc,12,7,5
2911,Chaosknight,outland,672,demonhunter,havoc,12,7,5
2912,Кррюкс,gordunni,672,demonhunter,havoc,12,7,5
2913,Illyriel,antonidas,672,demonhunter,havoc,12,7,5
2914,Teinzy,stormscale,672,demonhunter,havoc,12,7,5
2915,Itsfinee,outland,672,demonhunter,havoc,12,7,5
2916,Hextechz,stormscale,672,demonhunter,havoc,12,7,5
2917,Atrikagodx,kazzak,672,demonhunter,havoc,12,7,5
2918,Kalachiquezz,kazzak,672,demonhunter,havoc,12,7,5
2919,Alied,burning-blade,672,demonhunter,havoc,12,7,5
2920,Crispychick,stormscale,672,demonhunter,havoc,12,7,5
2921,Pepenger,kazzak,672,demonhunter,havoc,12,7,5
2922,Freylis,burning-legion,672,demonhunter,havoc,14,7,7
2923,Opsidaisi,tarren-mill,672,demonhunter,havoc,18,7,11
2924,Келидаррия,soulflayer,672,demonhunter,havoc,18,7,11
2925,Satti,sargeras,672,demonhunter,havoc,18,7,11
2926,Grazax,lightnings-blade,672,demonhunter,havoc,18,7,11
2927,Veryfunhaha,ravencrest,672,demonhunter,havoc,18,7,11
2928,Badess,malfurion,672,demonhunter,havoc,18,7,11
2929,Abigorien,blackmoore,672,demonhunter,havoc,18,7,11
2930,Wrathia,rexxar,672,demonhunter,havoc,18,7,11
2931,Ayimprepared,ragnaros,672,demonhunter,havoc,18,7,11
2932,Charleyzard,argent-dawn,672,demonhunter,havoc,18,7,11
2933,Chrístíe,sanguino,672,demonhunter,havoc,18,7,11
2934,Êlva,alleria,672,demonhunter,havoc,18,7,11
2935,Demondulle,kazzak,672,demonhunter,havoc,18,7,11
2936,Крикетх,soulflayer,672,demonhunter,havoc,18,7,11
2937,Kruthor,taerar,672,demonhunter,havoc,18,7,11
2938,Iamayaqt,nemesis,672,demonhunter,havoc,24,7,17
2939,Jokas,archimonde,672,demonhunter,havoc,24,7,17
2940,Рагнос,goldrinn,672,demonhunter,havoc,30,7,23
2941,Selcan,archimonde,671,demonhunter,havoc,12,7,5
2942,Ddvh,drakthul,671,demonhunter,havoc,12,7,5
2943,Randydhunt,draenor,671,demonhunter,havoc,12,7,5
2944,Nxmpys,sanguino,671,demonhunter,havoc,12,7,5
2945,Youngboost,blackrock,671,demonhunter,havoc,12,7,5
2946,Meji,ravencrest,671,demonhunter,havoc,12,7,5
2947,Marcellaa,ravencrest,671,demonhunter,havoc,12,7,5
2948,Nerfy,silvermoon,671,demonhunter,havoc,12,7,5
2949,Mirajen,dun-modr,671,demonhunter,havoc,12,7,5
2950,Elfmonger,ravencrest,671,demonhunter,havoc,12,7,5
2951,Gruusha,kazzak,671,demonhunter,havoc,12,7,5
2952,Rebelion,dun-modr,671,demonhunter,havoc,18,7,11
2953,Norebb,sanguino,671,demonhunter,havoc,18,7,11
2954,Corelly,ragnaros,671,demonhunter,havoc,18,7,11
2955,Abrahêll,dun-modr,671,demonhunter,havoc,18,7,11
2956,Gearuzaki,ghostlands,671,demonhunter,havoc,18,7,11
2957,Manga,aegwynn,671,demonhunter,havoc,18,7,11
2958,Azn,twisting-nether,671,demonhunter,havoc,18,7,11
2959,Lîllîv,wrathbringer,671,demonhunter,havoc,18,7,11
2960,Тэлэсык,gordunni,671,demonhunter,havoc,18,7,11
2961,Moojdh,malganis,671,demonhunter,havoc,18,7,11
2962,Abendro,twisting-nether,671,demonhunter,havoc,18,7,11
2963,Милинайт,eversong,670,demonhunter,havoc,12,7,5
2964,Nikkidesaint,twisting-nether,670,demonhunter,havoc,12,7,5
2965,Leäf,drakthul,670,demonhunter,havoc,12,7,5
2966,Hyunkél,kirin-tor,670,demonhunter,havoc,18,7,11
2967,Xtrmhunter,ysondre,670,demonhunter,havoc,18,7,11
2968,Felni,lightbringer,669,demonhunter,havoc,12,7,5
2969,Diabloman,stormscale,669,demonhunter,havoc,18,7,11
2970,Kumoko,burning-legion,669,demonhunter,havoc,21,8,13
2971,Necrotyle,twisting-nether,669,demonhunter,havoc,21,8,13
2972,Valen,die-aldor,669,demonhunter,havoc,24,7,17
2973,Katheros,garrosh,667,demonhunter,havoc,12,7,5
2974,Дядяэл,fordragon,667,demonhunter,havoc,24,7,17
2975,Fugma,defias-brotherhood,666,demonhunter,havoc,12,7,5
2976,Glaiverush,alakir,666,demonhunter,havoc,12,7,5
2977,Sgravo,nemesis,665,demonhunter,havoc,12,7,5
2978,Danshokudino,kazzak,665,demonhunter,havoc,18,7,11
2979,Rúpél,thrall,664,demonhunter,havoc,24,7,17
2980,Турботашш,soulflayer,655,demonhunter,havoc,17,7,10
2981,Ёмайл,soulflayer,655,demonhunter,havoc,18,7,11
2982,Anishara,die-nachtwache,653,demonhunter,havoc,19,8,11
2983,Devilmonkey,ambossar,647,demonhunter,havoc,48,13,35
2984,Летучий,howling-fjord,638,demonhunter,havoc,14,8,6
2985,Emmunka,drakthul,638,demonhunter,havoc,17,7,10
2986,Lexxdh,blackmoore,637,demonhunter,havoc,14,8,6
2987,Snelle,outland,624,demonhunter,havoc,15,7,8
2988,Harha,stormscale,623,demonhunter,havoc,11,7,4
2989,Аллидариан,howling-fjord,623,demonhunter,havoc,17,7,10
2990,Подкрадунзай,soulflayer,621,demonhunter,havoc,12,9,3
2991,Prismio,ysondre,618,demonhunter,havoc,15,7,8
2992,Makhabunda,terokkar,618,demonhunter,havoc,28,8,20
2993,Inolia,argent-dawn,608,demonhunter,havoc,16,7,9
2994,Hyperflex,blackrock,608,demonhunter,havoc,16,7,9
2995,Phalekxox,ravencrest,607,demonhunter,havoc,11,7,4
2996,Calainis,twisting-nether,606,demonhunter,havoc,14,7,7
2997,Nahlendris,darkmoon-faire,596,demonhunter,havoc,16,7,9
2998,Prouser,turalyon,588,demonhunter,havoc,21,8,13
2999,Vengeful,alonsus,576,demonhunter,havoc,6,6,0
3000,Firstwolf,twisting-nether,576,demonhunter,havoc,6,6,0
3001,Mímð,ravencrest,576,demonhunter,havoc,6,6,0
3002,Fôns,sanguino,576,demonhunter,havoc,6,6,0
3003,Illidiangød,sanguino,576,demonhunter,havoc,6,6,0
3004,Alasune,twisting-nether,576,demonhunter,havoc,6,6,0
3005,Like,shattrath,576,demonhunter,havoc,14,7,7
3006,Tëvnic,kazzak,576,demonhunter,havoc,12,6,6
3007,Malethrienna,argent-dawn,576,demonhunter,havoc,12,6,6
3008,Lòsêr,ravencrest,576,demonhunter,havoc,12,6,6
3009,Kyuzo,sanguino,576,demonhunter,havoc,12,6,6
3010,Adírael,cthun,576,demonhunter,havoc,12,6,6
3011,Demonzøku,ravencrest,576,demonhunter,havoc,12,6,6
3012,Asylèm,draenor,576,demonhunter,havoc,12,6,6
3013,Stickihunt,malganis,576,demonhunter,havoc,12,6,6
3014,Calicó,draenor,576,demonhunter,havoc,12,6,6
3015,Вскрыша,soulflayer,576,demonhunter,havoc,12,6,6
3016,Jaace,silvermoon,576,demonhunter,havoc,12,6,6
3017,Noovedh,ravencrest,576,demonhunter,havoc,12,6,6
3018,Neonishh,twisting-nether,576,demonhunter,havoc,12,6,6
3019,Gangstaboy,nemesis,576,demonhunter,havoc,12,6,6
3020,Mythnimue,tarren-mill,576,demonhunter,havoc,12,6,6
3021,Størmrage,sanguino,576,demonhunter,havoc,12,6,6
3022,Сихая,howling-fjord,576,demonhunter,havoc,12,6,6
3023,Брилаброви,soulflayer,576,demonhunter,havoc,12,6,6
3024,Lurtéx,kazzak,576,demonhunter,havoc,12,6,6
3025,Lezzo,tarren-mill,576,demonhunter,havoc,12,6,6
3026,Noitradh,zuljin,576,demonhunter,havoc,12,6,6
3027,Pyleá,malganis,576,demonhunter,havoc,12,6,6
3028,Friidaadh,lightbringer,576,demonhunter,havoc,12,6,6
3029,Rhinozerg,kazzak,576,demonhunter,havoc,12,6,6
3030,Вафлистикус,ashenvale,576,demonhunter,havoc,12,6,6
3031,Soulmortal,draenor,576,demonhunter,havoc,12,6,6
3032,Kazeha,tarren-mill,576,demonhunter,havoc,12,6,6
3033,Lanaël,kaelthas,576,demonhunter,havoc,12,6,6
3034,Cielis,outland,576,demonhunter,havoc,12,6,6
3035,Demonpegasus,draenor,576,demonhunter,havoc,12,6,6
3036,Охотникн,howling-fjord,576,demonhunter,havoc,12,6,6
3037,Xyrs,draenor,576,demonhunter,havoc,12,6,6
3038,Zelidh,korgall,576,demonhunter,havoc,12,6,6
3039,Mortyb,kazzak,576,demonhunter,havoc,12,6,6
3040,Анавеллка,howling-fjord,576,demonhunter,havoc,12,6,6
3041,Notapistol,outland,576,demonhunter,havoc,12,6,6
3042,Jedbrazander,ragnaros,576,demonhunter,havoc,12,6,6
3043,Anklàr,blackrock,576,demonhunter,havoc,12,6,6
3044,Нулевыйчел,gordunni,576,demonhunter,havoc,12,6,6
3045,Länika,drakthul,576,demonhunter,havoc,12,6,6
3046,Desdh,blackmoore,576,demonhunter,havoc,12,6,6
3047,Mendøøza,hyjal,576,demonhunter,havoc,12,6,6
3048,Ferrero,guldan,576,demonhunter,havoc,12,6,6
3049,Peacedopice,drakthul,576,demonhunter,havoc,12,6,6
3050,Ceyye,blackrock,576,demonhunter,havoc,12,6,6
3051,Miyxcu,aegwynn,576,demonhunter,havoc,12,6,6
3052,Newgens,kazzak,576,demonhunter,havoc,12,6,6
3053,Paîmon,hyjal,576,demonhunter,havoc,12,6,6
3054,Hatemaker,burning-legion,576,demonhunter,havoc,15,7,8
3055,Shreeð,blackmoore,576,demonhunter,havoc,16,7,9
3056,Chíwas,outland,576,demonhunter,havoc,18,6,12
3057,Inasyndre,argent-dawn,576,demonhunter,havoc,18,6,12
3058,Mettdaemon,ravencrest,576,demonhunter,havoc,18,6,12
3059,Mëy,thrall,576,demonhunter,havoc,18,6,12
3060,Zaÿn,antonidas,576,demonhunter,havoc,18,6,12
3061,Sèptember,draenor,576,demonhunter,havoc,18,6,12
3062,Luceafaru,draenor,576,demonhunter,havoc,18,6,12
3063,Dèsdemøna,nemesis,576,demonhunter,havoc,18,6,12
3064,Pinx,archimonde,576,demonhunter,havoc,18,6,12
3065,Nøøßønline,hyjal,576,demonhunter,havoc,18,6,12
3066,Blueformeld,draenor,576,demonhunter,havoc,18,6,12
3067,Shyoxdh,twisting-nether,576,demonhunter,havoc,18,6,12
3068,Alandiel,twisting-nether,576,demonhunter,havoc,18,6,12
3069,Riñ,twisting-nether,576,demonhunter,havoc,18,6,12
3070,Bämbøué,hyjal,576,demonhunter,havoc,18,6,12
3071,Стараятварь,thermaplugg,576,demonhunter,havoc,24,6,18
3072,Pèpsì,kazzak,576,demonhunter,havoc,24,6,18
3073,Redgi,tarren-mill,576,demonhunter,havoc,24,6,18
3074,Shizuuli,outland,576,demonhunter,havoc,30,6,24
3075,Instinctivee,sylvanas,575,demonhunter,havoc,12,6,6
3076,Jimlast,eredar,575,demonhunter,havoc,12,6,6
3077,Posterboy,tarren-mill,575,demonhunter,havoc,12,6,6
3078,Valshatt,sanguino,575,demonhunter,havoc,12,6,6
3079,Saftad,outland,575,demonhunter,havoc,12,6,6
3080,Extraxtreme,ravencrest,575,demonhunter,havoc,12,6,6
3081,Kramixx,thrall,575,demonhunter,havoc,12,6,6
3082,Devilord,sanguino,575,demonhunter,havoc,12,6,6
3083,Calthmon,shattrath,575,demonhunter,havoc,12,6,6
3084,Nerudas,blackhand,575,demonhunter,havoc,12,6,6
3085,Davdavdh,tarren-mill,575,demonhunter,havoc,12,6,6
3086,Nassou,hyjal,575,demonhunter,havoc,12,6,6
3087,Lailâh,blackmoore,575,demonhunter,havoc,12,6,6
3088,Sinorack,sargeras,575,demonhunter,havoc,12,6,6
3089,Daweeo,the-maelstrom,575,demonhunter,havoc,12,6,6
3090,Arløw,archimonde,575,demonhunter,havoc,16,7,9
3091,Brolycoly,stormscale,575,demonhunter,havoc,16,6,10
3092,Joezus,draenor,575,demonhunter,havoc,18,6,12
3093,Зедю,howling-fjord,575,demonhunter,havoc,18,6,12
3094,Нокаруру,gordunni,575,demonhunter,havoc,18,6,12
3095,Candylicks,kazzak,575,demonhunter,havoc,18,6,12
3096,Julmia,dragonblight,575,demonhunter,havoc,24,6,18
3097,Zayl,defias-brotherhood,575,demonhunter,havoc,24,6,18
3098,Талона,fordragon,574,demonhunter,havoc,12,6,6
3099,Sangita,tarren-mill,574,demonhunter,havoc,12,6,6
3100,Ôlowain,blackmoore,574,demonhunter,havoc,18,6,12
3101,Aloii,kazzak,574,demonhunter,havoc,18,6,12
3102,Klave,argent-dawn,573,demonhunter,havoc,18,6,12
3103,Elindoria,dalaran,572,demonhunter,havoc,12,6,6
3104,Dântés,silvermoon,572,demonhunter,havoc,24,6,18
3105,Arxaxe,sanguino,571,demonhunter,havoc,12,6,6
3106,Caria,twisting-nether,570,demonhunter,havoc,12,6,6
3107,Bahmut,argent-dawn,569,demonhunter,havoc,12,6,6
3108,Dàrkinette,archimonde,566,demonhunter,havoc,12,6,6
3109,Glerog,ragnaros,558,demonhunter,havoc,10,7,3
3110,Kranta,blackmoore,544,demonhunter,havoc,16,8,8
3111,Tzigonline,silvermoon,542,demonhunter,havoc,17,6,11
3112,Foxylama,stormscale,528,demonhunter,havoc,15,7,8
3113,Panejo,drakthul,528,demonhunter,havoc,15,6,9
3114,Хисаго,gordunni,522,demonhunter,havoc,15,7,8
3115,Beraxulus,aegwynn,522,demonhunter,havoc,16,7,9
3116,Алистреель,gordunni,521,demonhunter,havoc,13,7,6
3117,Gnjurac,outland,511,demonhunter,havoc,14,6,8
3118,Asperity,antonidas,511,demonhunter,havoc,18,6,12
3119,Illidancz,thunderhorn,488,demonhunter,havoc,13,6,7
3120,Avavidh,blackmoore,480,demonhunter,havoc,6,5,1
3121,Morrion,blackmoore,480,demonhunter,havoc,6,5,1
3122,Nanába,draenor,480,demonhunter,havoc,6,5,1
3123,Judditdhx,draenor,480,demonhunter,havoc,6,5,1
3124,Monion,defias-brotherhood,480,demonhunter,havoc,6,5,1
3125,Amylia,perenolde,480,demonhunter,havoc,6,5,1
3126,Giboo,emerald-dream,480,demonhunter,havoc,6,5,1
3127,Gixota,silvermoon,480,demonhunter,havoc,6,5,1
3128,Guziel,kazzak,480,demonhunter,havoc,6,5,1
3129,Bruxdh,colinas-pardas,480,demonhunter,havoc,6,5,1
3130,Kakashî,darksorrow,480,demonhunter,havoc,6,5,1
3131,Lesamaritain,ysondre,480,demonhunter,havoc,6,5,1
3132,Mouga,hyjal,480,demonhunter,havoc,6,5,1
3133,Ismelldemons,silvermoon,480,demonhunter,havoc,6,5,1
3134,Эрнерион,soulflayer,480,demonhunter,havoc,6,5,1
3135,Táti,blackrock,480,demonhunter,havoc,6,5,1
3136,Demongodxx,twisting-nether,480,demonhunter,havoc,6,5,1
3137,Miscodedh,ravencrest,480,demonhunter,havoc,9,6,3
3138,Подэхилла,galakrond,480,demonhunter,havoc,10,6,4
3139,Takad,twisting-nether,480,demonhunter,havoc,12,5,7
3140,Tatoos,bronze-dragonflight,480,demonhunter,havoc,12,5,7
3141,Innostigma,dalaran,480,demonhunter,havoc,12,5,7
3142,Tthic,shadowsong,480,demonhunter,havoc,12,5,7
3143,Tastyblades,blackmoore,480,demonhunter,havoc,12,5,7
3144,Superchocowo,sanguino,480,demonhunter,havoc,12,5,7
3145,Eibemme,alleria,480,demonhunter,havoc,12,5,7
3146,Sokal,dun-modr,480,demonhunter,havoc,12,5,7
3147,Giftìg,ravencrest,480,demonhunter,havoc,12,5,7
3148,Spitface,aegwynn,480,demonhunter,havoc,12,5,7
3149,Thelyan,ravencrest,480,demonhunter,havoc,12,5,7
3150,Natzú,ravencrest,480,demonhunter,havoc,12,5,7
3151,Gwoodza,archimonde,480,demonhunter,havoc,12,5,7
3152,Hakakuri,ravencrest,480,demonhunter,havoc,12,5,7
3153,Zunada,ragnaros,480,demonhunter,havoc,12,5,7
3154,Caøtix,blackrock,480,demonhunter,havoc,12,5,7
3155,Ferndejar,draenor,480,demonhunter,havoc,12,5,7
3156,Максимлолпро,howling-fjord,480,demonhunter,havoc,12,5,7
3157,Korrupt,draenor,480,demonhunter,havoc,12,5,7
3158,Séphrióth,frostwolf,480,demonhunter,havoc,12,5,7
3159,Nidorino,aegwynn,480,demonhunter,havoc,12,5,7
3160,Glìmpsêgøðx,antonidas,480,demonhunter,havoc,12,5,7
3161,Nagh,archimonde,480,demonhunter,havoc,12,5,7
3162,Пупчански,howling-fjord,480,demonhunter,havoc,12,5,7
3163,Revérse,stormscale,480,demonhunter,havoc,12,5,7
3164,Jimfromsales,argent-dawn,480,demonhunter,havoc,12,5,7
3165,Topg,bladefist,480,demonhunter,havoc,12,5,7
3166,Ourius,blackmoore,480,demonhunter,havoc,12,5,7
3167,Atômik,drakthul,480,demonhunter,havoc,12,5,7
3168,Tomkis,ravencrest,480,demonhunter,havoc,12,5,7
3169,Dhaosh,nemesis,480,demonhunter,havoc,12,5,7
3170,Integer,tarren-mill,480,demonhunter,havoc,12,5,7
3171,Malzehar,tarren-mill,480,demonhunter,havoc,12,5,7
3172,Coniras,dun-morogh,480,demonhunter,havoc,12,5,7
3173,Lyanadh,blackhand,480,demonhunter,havoc,12,5,7
3174,Rybn,eredar,480,demonhunter,havoc,12,5,7
3175,Blind,kazzak,480,demonhunter,havoc,12,5,7
3176,Ðhgøðx,outland,480,demonhunter,havoc,12,5,7
3177,Шликшлик,blackscar,480,demonhunter,havoc,12,5,7
3178,Диртхамен,blackscar,480,demonhunter,havoc,12,5,7
3179,Дракомуфлон,gordunni,480,demonhunter,havoc,12,5,7
3180,Deathe,kilrogg,480,demonhunter,havoc,12,5,7
3181,Khenetai,silvermoon,480,demonhunter,havoc,12,5,7
3182,Demondusk,silvermoon,480,demonhunter,havoc,12,5,7
3183,Albdh,kazzak,480,demonhunter,havoc,12,5,7
3184,Филеровщик,deathguard,480,demonhunter,havoc,12,5,7
3185,Shyynedh,grim-batol,480,demonhunter,havoc,15,6,9
3186,Natarásh,blackmoore,480,demonhunter,havoc,18,5,13
3187,Wajoglaive,blackhand,480,demonhunter,havoc,18,5,13
3188,Lovesong,the-shatar,480,demonhunter,havoc,18,5,13
3189,Djaskmazi,archimonde,480,demonhunter,havoc,18,5,13
3190,Talyrîs,aegwynn,480,demonhunter,havoc,18,5,13
3191,Gagfordaddy,ravencrest,480,demonhunter,havoc,18,5,13
3192,Vaimustus,outland,480,demonhunter,havoc,18,5,13
3193,Crushidemon,draenor,480,demonhunter,havoc,18,5,13
3194,Aelina,area-52,480,demonhunter,havoc,18,5,13
3195,Dübler,gorgonnash,480,demonhunter,havoc,18,5,13
3196,Кайренсс,howling-fjord,480,demonhunter,havoc,18,5,13
3197,Каталейна,howling-fjord,480,demonhunter,havoc,24,5,19
3198,Sephiris,argent-dawn,479,demonhunter,havoc,6,5,1
3199,Sholon,kiljaeden,479,demonhunter,havoc,6,5,1
3200,Dontrunaway,tarren-mill,479,demonhunter,havoc,6,5,1
3201,Ridweng,ravenholdt,479,demonhunter,havoc,7,5,2
3202,Cindras,turalyon,479,demonhunter,havoc,12,5,7
3203,Dedaronnes,hyjal,479,demonhunter,havoc,12,5,7
3204,Aruzar,twisting-nether,479,demonhunter,havoc,12,5,7
3205,Rtz,malfurion,479,demonhunter,havoc,12,5,7
3206,Marsterkush,malygos,479,demonhunter,havoc,12,5,7
3207,Approxis,archimonde,479,demonhunter,havoc,12,5,7
3208,Merilidan,blackrock,479,demonhunter,havoc,12,5,7
3209,Макай,deathguard,479,demonhunter,havoc,12,5,7
3210,Chàuvequipeu,dalaran,479,demonhunter,havoc,12,5,7
3211,Shekny,sanguino,479,demonhunter,havoc,12,5,7
3212,Gryphory,ravencrest,479,demonhunter,havoc,12,5,7
3213,Demontevz,outland,479,demonhunter,havoc,12,5,7
3214,Jonasdh,antonidas,479,demonhunter,havoc,12,5,7
3215,Vaenil,hyjal,479,demonhunter,havoc,18,5,13
3216,Скудайвер,gordunni,478,demonhunter,havoc,12,5,7
3217,Thilanea,emeriss,478,demonhunter,havoc,12,5,7
3218,Kairidemon,eredar,477,demonhunter,havoc,12,5,7
3219,Гёнке,gordunni,477,demonhunter,havoc,22,6,16
3220,Гачирабыня,lich-king,477,demonhunter,havoc,30,5,25
3221,Vincbengt,tarren-mill,476,demonhunter,havoc,12,5,7
3222,Cometofloki,outland,475,demonhunter,havoc,12,5,7
3223,Hellforce,nemesis,474,demonhunter,havoc,12,5,7
3224,Illikan,stormscale,474,demonhunter,havoc,12,5,7
3225,Etraidor,turalyon,473,demonhunter,havoc,12,5,7
3226,Кислотна,borean-tundra,471,demonhunter,havoc,13,5,8
3227,Cameclc,hyjal,448,demonhunter,havoc,16,5,11
3228,Shaundead,drakthul,447,demonhunter,havoc,11,5,6
3229,Majînßûü,ravencrest,447,demonhunter,havoc,11,5,6
3230,Slaanesh,xavius,447,demonhunter,havoc,11,5,6
3231,Жемчужинка,eversong,447,demonhunter,havoc,11,5,6
3232,Илнари,soulflayer,447,demonhunter,havoc,11,5,6
3233,Greyfel,blackhand,447,demonhunter,havoc,18,6,12
3234,Иллианэль,howling-fjord,432,demonhunter,havoc,9,5,4
3235,Bertori,dun-modr,416,demonhunter,havoc,10,5,5
3236,Opmuch,eonar,416,demonhunter,havoc,10,5,5
3237,Predatrix,khaz-modan,415,demonhunter,havoc,8,5,3
3238,Thorskinius,ravencrest,414,demonhunter,havoc,20,5,15
3239,Nightglaives,twisting-nether,384,demonhunter,havoc,6,4,2
3240,Tzs,blackrock,384,demonhunter,havoc,6,4,2
3241,Шизванаденс,gordunni,384,demonhunter,havoc,6,4,2
3242,Талисзора,gordunni,384,demonhunter,havoc,6,4,2
3243,Akaniiaa,blackmoore,384,demonhunter,havoc,6,4,2
3244,Ðevl,blackmoore,384,demonhunter,havoc,6,4,2
3245,Vidagín,blackmoore,384,demonhunter,havoc,6,4,2
3246,Demonakis,twisting-nether,384,demonhunter,havoc,6,4,2
3247,Gorinda,twisting-nether,384,demonhunter,havoc,6,4,2
3248,Exerzaria,twisting-nether,384,demonhunter,havoc,6,4,2
3249,Atti,the-maelstrom,384,demonhunter,havoc,6,4,2
3250,Милифесена,gordunni,384,demonhunter,havoc,6,4,2
3251,Maupau,ravencrest,384,demonhunter,havoc,6,4,2
3252,Dakydh,ravencrest,384,demonhunter,havoc,6,4,2
3253,Memedhbtw,outland,384,demonhunter,havoc,6,4,2
3254,Niellarsc,ravencrest,384,demonhunter,havoc,6,4,2
3255,Varonx,drakthul,384,demonhunter,havoc,6,4,2
3256,Grazilo,outland,384,demonhunter,havoc,6,4,2
3257,Watchmepoop,stormscale,384,demonhunter,havoc,6,4,2
3258,Fiduci,archimonde,384,demonhunter,havoc,6,4,2
3259,Mýg,ravencrest,384,demonhunter,havoc,6,4,2
3260,Docos,genjuros,384,demonhunter,havoc,6,4,2
3261,Jennyßright,sargeras,384,demonhunter,havoc,6,4,2
3262,Khrtdh,silvermoon,384,demonhunter,havoc,6,4,2
3263,Dimonhunta,tarren-mill,384,demonhunter,havoc,6,4,2
3264,Apsodemon,twisting-nether,384,demonhunter,havoc,6,4,2
3265,Garra,chants-éternels,384,demonhunter,havoc,6,4,2
3266,Çhïñêséðëmøñ,draenor,384,demonhunter,havoc,6,4,2
3267,Wårbÿ,ravencrest,384,demonhunter,havoc,6,4,2
3268,Demoncalle,the-maelstrom,384,demonhunter,havoc,6,4,2
3269,Gotwings,sunstrider,384,demonhunter,havoc,6,4,2
3270,Véspé,naxxramas,384,demonhunter,havoc,6,4,2
3271,Onkwang,twisting-nether,384,demonhunter,havoc,6,4,2
3272,Kriszidan,arathor,384,demonhunter,havoc,6,4,2
3273,Diagonol,ragnaros,384,demonhunter,havoc,6,4,2
3274,Adexi,twisting-nether,384,demonhunter,havoc,6,4,2
3275,Verrottung,blackhand,384,demonhunter,havoc,6,4,2
3276,Мэртольятти,soulflayer,384,demonhunter,havoc,6,4,2
3277,Lemondehunta,twisting-nether,384,demonhunter,havoc,6,4,2
3278,Rageglaive,ragnaros,384,demonhunter,havoc,6,4,2
3279,Iken,ragnaros,384,demonhunter,havoc,6,4,2
3280,Greedsmoke,kazzak,384,demonhunter,havoc,6,4,2
3281,Imprøve,ravencrest,384,demonhunter,havoc,9,5,4
3282,Darmash,ambossar,384,demonhunter,havoc,9,5,4
3283,Deocleo,draenor,384,demonhunter,havoc,9,5,4
3284,Freakerzoid,kazzak,384,demonhunter,havoc,11,4,7
3285,Fbh,stormscale,384,demonhunter,havoc,12,4,8
3286,Алмантиус,gordunni,384,demonhunter,havoc,12,4,8
3287,Saikamango,blackhand,384,demonhunter,havoc,12,4,8
3288,Illidarios,blackhand,384,demonhunter,havoc,12,4,8
3289,Leylas,nagrand,384,demonhunter,havoc,12,4,8
3290,Лупидолх,soulflayer,384,demonhunter,havoc,12,4,8
3291,Graffyre,eonar,384,demonhunter,havoc,12,4,8
3292,Deadrawdh,aegwynn,384,demonhunter,havoc,12,4,8
3293,Хреньещёта,booty-bay,384,demonhunter,havoc,12,4,8
3294,Daekon,ahnqiraj,384,demonhunter,havoc,12,4,8
3295,Akkixy,die-aldor,384,demonhunter,havoc,12,4,8
3296,Mamio,chogall,384,demonhunter,havoc,12,4,8
3297,Hatred,argent-dawn,384,demonhunter,havoc,12,4,8
3298,Voicechat,tarren-mill,384,demonhunter,havoc,12,4,8
3299,Becknárn,sylvanas,384,demonhunter,havoc,12,4,8
3300,Lenuna,frostmourne,384,demonhunter,havoc,12,4,8
3301,Innocuouss,twisting-nether,384,demonhunter,havoc,12,4,8
3302,Одзангейра,blackscar,384,demonhunter,havoc,12,4,8
3303,Betterdk,twilights-hammer,384,demonhunter,havoc,12,4,8
3304,Dhogge,emerald-dream,384,demonhunter,havoc,12,4,8
3305,Deathbydeaf,terenas,384,demonhunter,havoc,12,4,8
3306,Arkta,kazzak,384,demonhunter,havoc,12,4,8
3307,Reachfight,lothar,384,demonhunter,havoc,12,4,8
3308,Floridaboy,ravencrest,384,demonhunter,havoc,12,4,8
3309,Папичгодх,borean-tundra,384,demonhunter,havoc,12,4,8
3310,Хокану,gordunni,384,demonhunter,havoc,12,4,8
3311,Rúllio,rexxar,384,demonhunter,havoc,12,4,8
3312,Saehila,kirin-tor,384,demonhunter,havoc,12,4,8
3313,Ázârìûs,draenor,384,demonhunter,havoc,12,4,8
3314,Blüëräin,draenor,384,demonhunter,havoc,12,4,8
3315,Dannyp,ravencrest,384,demonhunter,havoc,12,4,8
3316,Mouz,thrall,384,demonhunter,havoc,12,4,8
3317,Nephylon,draenor,384,demonhunter,havoc,12,4,8
3318,Ascindra,kazzak,384,demonhunter,havoc,12,4,8
3319,Maeltus,hyjal,384,demonhunter,havoc,12,4,8
3320,Rivy,magtheridon,384,demonhunter,havoc,12,4,8
3321,Mempaan,magtheridon,384,demonhunter,havoc,12,4,8
3322,Cutforshred,zenedar,384,demonhunter,havoc,12,4,8
3323,Exodlia,silvermoon,384,demonhunter,havoc,12,4,8
3324,Артёмблэйдх,blackscar,384,demonhunter,havoc,12,4,8
3325,Ninjantiz,antonidas,384,demonhunter,havoc,12,4,8
3326,Alleyezønme,outland,384,demonhunter,havoc,12,4,8
3327,Frostidh,ysondre,384,demonhunter,havoc,12,4,8
3328,Gorilla,korgall,384,demonhunter,havoc,12,4,8
3329,Stormshred,stormscale,384,demonhunter,havoc,13,4,9
3330,Linea,jaedenar,384,demonhunter,havoc,18,4,14
3331,Sazukè,blackmoore,384,demonhunter,havoc,18,4,14
3332,Ekhlipz,ysondre,384,demonhunter,havoc,18,4,14
3333,Skajlan,burning-legion,384,demonhunter,havoc,18,4,14
3334,Inflection,ravencrest,384,demonhunter,havoc,18,4,14
3335,Gouteça,la-croisade-écarlate,384,demonhunter,havoc,18,4,14
3336,Cmi,tarren-mill,384,demonhunter,havoc,18,4,14
3337,Yocolo,sinstralis,383,demonhunter,havoc,6,4,2
3338,Zaeros,archimonde,383,demonhunter,havoc,6,4,2
3339,Poliex,khaz-modan,383,demonhunter,havoc,6,4,2
3340,Rouzi,defias-brotherhood,383,demonhunter,havoc,6,4,2
3341,Némesîs,cthun,383,demonhunter,havoc,6,4,2
3342,Сязекть,goldrinn,383,demonhunter,havoc,12,4,8
3343,Vengatoria,cthun,383,demonhunter,havoc,12,4,8
3344,Шоеррей,gordunni,383,demonhunter,havoc,12,4,8
3345,Selvagg,archimonde,383,demonhunter,havoc,12,4,8
3346,Elenastar,kazzak,383,demonhunter,havoc,12,4,8
3347,Plec,alakir,383,demonhunter,havoc,18,4,14
3348,Solian,ravencrest,382,demonhunter,havoc,6,4,2
3349,Nazzan,destromath,382,demonhunter,havoc,6,4,2
3350,Demoncancer,kazzak,382,demonhunter,havoc,6,4,2
3351,Rijsel,dalaran,382,demonhunter,havoc,6,4,2
3352,Séleister,khaz-modan,382,demonhunter,havoc,12,4,8
3353,Deathniresa,argent-dawn,379,demonhunter,havoc,12,4,8
3354,Åáäàáåàáäàáå,dun-modr,377,demonhunter,havoc,15,6,9
3355,Deamo,stormscale,367,demonhunter,havoc,11,4,7
3356,Блэйденрифтс,soulflayer,351,demonhunter,havoc,11,4,7
3357,Buttslapper,silvermoon,330,demonhunter,havoc,14,5,9
3358,Shytan,tarren-mill,320,demonhunter,havoc,10,4,6
3359,Piloudh,dalaran,320,demonhunter,havoc,10,4,6
3360,Zavoc,the-maelstrom,319,demonhunter,havoc,8,4,4
3361,Scotcheggs,argent-dawn,319,demonhunter,havoc,8,4,4
3362,Felwaifu,tarren-mill,319,demonhunter,havoc,8,4,4
3363,Линдорм,deathguard,318,demonhunter,havoc,8,4,4
3364,Squarty,wrathbringer,316,demonhunter,havoc,8,4,4
3365,Неффкодх,howling-fjord,304,demonhunter,havoc,7,4,3
3366,Dzikalocha,burning-legion,288,demonhunter,havoc,6,3,3
3367,Cánoo,blackhand,288,demonhunter,havoc,6,3,3
3368,Bayerd,burning-legion,288,demonhunter,havoc,6,3,3
3369,Cydonia,medivh,288,demonhunter,havoc,6,3,3
3370,Songur,blackhand,288,demonhunter,havoc,6,3,3
3371,Lolliance,talnivarr,288,demonhunter,havoc,6,3,3
3372,Mandemz,nagrand,288,demonhunter,havoc,6,3,3
3373,Funclass,blackrock,288,demonhunter,havoc,6,3,3
3374,Cursedblade,archimonde,288,demonhunter,havoc,6,3,3
3375,Xénôns,archimonde,288,demonhunter,havoc,6,3,3
3376,Âstræa,antonidas,288,demonhunter,havoc,6,3,3
3377,Terboven,outland,288,demonhunter,havoc,6,3,3
3378,Ravae,burning-legion,288,demonhunter,havoc,6,3,3
3379,Leïaprincess,hyjal,288,demonhunter,havoc,6,3,3
3380,Crasyface,kazzak,288,demonhunter,havoc,6,3,3
3381,Naargof,outland,288,demonhunter,havoc,6,3,3
3382,Viodemon,blackrock,288,demonhunter,havoc,6,3,3
3383,Kritflake,blackrock,288,demonhunter,havoc,6,3,3
3384,Lundí,tarren-mill,288,demonhunter,havoc,6,3,3
3385,Rehaell,burning-legion,288,demonhunter,havoc,6,3,3
3386,Jörgböhme,blackhand,288,demonhunter,havoc,6,3,3
3387,Youngfelrush,blackrock,288,demonhunter,havoc,6,3,3
3388,Ксен,howling-fjord,288,demonhunter,havoc,6,3,3
3389,Андрюхадх,soulflayer,288,demonhunter,havoc,6,3,3
3390,Blizó,tarren-mill,288,demonhunter,havoc,6,3,3
3391,Shotraklul,zuljin,288,demonhunter,havoc,6,3,3
3392,Hyonzyyesh,silvermoon,288,demonhunter,havoc,6,3,3
3393,Jellyjoker,malganis,288,demonhunter,havoc,6,3,3
3394,Demonjagge,tarren-mill,288,demonhunter,havoc,6,3,3
3395,Hárald,sanguino,288,demonhunter,havoc,6,3,3
3396,Vaterdenke,defias-brotherhood,288,demonhunter,havoc,6,3,3
3397,Rustedchurl,draenor,288,demonhunter,havoc,6,3,3
3398,Demonyz,hyjal,288,demonhunter,havoc,6,3,3
3399,Kyart,nemesis,288,demonhunter,havoc,6,3,3
3400,Xellidan,dun-modr,288,demonhunter,havoc,6,3,3
3401,Шрэдэр,thermaplugg,288,demonhunter,havoc,6,3,3
3402,Minadng,silvermoon,288,demonhunter,havoc,6,3,3
3403,Норилайнн,gordunni,288,demonhunter,havoc,6,3,3
3404,Akhyra,ysondre,288,demonhunter,havoc,6,3,3
3405,Sandem,blackrock,288,demonhunter,havoc,6,3,3
3406,Lonedh,sylvanas,288,demonhunter,havoc,6,3,3
3407,Alfaa,outland,288,demonhunter,havoc,6,3,3
3408,Чубрик,howling-fjord,288,demonhunter,havoc,6,3,3
3409,Marilu,nathrezim,288,demonhunter,havoc,6,3,3
3410,Резако,soulflayer,288,demonhunter,havoc,6,3,3
3411,Hellboi,dun-modr,288,demonhunter,havoc,6,3,3
3412,Nameerr,ragnaros,288,demonhunter,havoc,6,3,3
3413,Demonsushi,tarren-mill,288,demonhunter,havoc,6,3,3
3414,Tígél,argent-dawn,288,demonhunter,havoc,6,3,3
3415,Deschacke,eredar,288,demonhunter,havoc,6,3,3
3416,Cienlowczyni,silvermoon,288,demonhunter,havoc,6,3,3
3417,Dàrknight,azjolnerub,288,demonhunter,havoc,6,3,3
3418,Heiltgalen,grim-batol,288,demonhunter,havoc,6,3,3
3419,Themen,ragnaros,288,demonhunter,havoc,6,3,3
3420,Morow,die-ewige-wacht,288,demonhunter,havoc,6,3,3
3421,Lifel,nemesis,288,demonhunter,havoc,6,3,3
3422,Divia,anubarak,288,demonhunter,havoc,6,3,3
3423,Shinnu,antonidas,288,demonhunter,havoc,6,3,3
3424,Factcox,magtheridon,288,demonhunter,havoc,6,3,3
3425,Bunzi,sylvanas,288,demonhunter,havoc,6,3,3
3426,Annaboliik,ravencrest,288,demonhunter,havoc,6,3,3
3427,Zsídakabra,ragnaros,288,demonhunter,havoc,6,3,3
3428,Shirra,shadowsong,288,demonhunter,havoc,6,3,3
3429,Meserani,eredar,288,demonhunter,havoc,6,3,3
3430,Тиктокденсер,gordunni,288,demonhunter,havoc,6,3,3
3431,Fredhy,tarren-mill,288,demonhunter,havoc,6,3,3
3432,Myuøu,hyjal,288,demonhunter,havoc,6,3,3
3433,Kukulkanx,tarren-mill,288,demonhunter,havoc,6,3,3
3434,Tozpak,sylvanas,288,demonhunter,havoc,6,3,3
3435,Headlessdh,ragnaros,288,demonhunter,havoc,6,3,3
3436,Fantabolous,ragnaros,288,demonhunter,havoc,6,3,3
3437,Mephedroni,kazzak,288,demonhunter,havoc,6,3,3
3438,Dadagodx,kazzak,288,demonhunter,havoc,6,3,3
3439,Nightfly,twisting-nether,288,demonhunter,havoc,6,3,3
3440,Qualron,twisting-nether,288,demonhunter,havoc,6,3,3
3441,Felthunder,twisting-nether,288,demonhunter,havoc,6,3,3
3442,Aaryaa,archimonde,288,demonhunter,havoc,6,3,3
3443,Tåkotsubo,archimonde,288,demonhunter,havoc,6,3,3
3444,Joeybadass,aegwynn,288,demonhunter,havoc,6,3,3
3445,Velvetrain,ravencrest,288,demonhunter,havoc,6,3,3
3446,Imvnrcvr,dalaran,288,demonhunter,havoc,6,3,3
3447,Shaadraz,stormscale,288,demonhunter,havoc,6,3,3
3448,Filthyape,ravencrest,288,demonhunter,havoc,6,3,3
3449,Froog,frostmane,288,demonhunter,havoc,6,3,3
3450,Killaden,ravenholdt,288,demonhunter,havoc,6,3,3
3451,Дэйзиджонсон,soulflayer,288,demonhunter,havoc,6,3,3
3452,Neony,blackmoore,288,demonhunter,havoc,6,3,3
3453,Spiriteru,archimonde,288,demonhunter,havoc,6,3,3
3454,Allosa,argent-dawn,288,demonhunter,havoc,6,3,3
3455,Bossmac,mugthol,288,demonhunter,havoc,6,3,3
3456,Sionar,kazzak,288,demonhunter,havoc,6,3,3
3457,Kätarïnas,confrérie-du-thorium,288,demonhunter,havoc,6,3,3
3458,Sonreye,kazzak,288,demonhunter,havoc,6,3,3
3459,Na,conseil-des-ombres,288,demonhunter,havoc,6,3,3
3460,Yelans,twisting-nether,288,demonhunter,havoc,6,3,3
3461,Cnbâckbb,archimonde,288,demonhunter,havoc,6,3,3
3462,Koger,twisting-nether,288,demonhunter,havoc,6,3,3
3463,Ашерис,deathguard,288,demonhunter,havoc,6,3,3
3464,Kyoukaii,kazzak,288,demonhunter,havoc,6,3,3
3465,Schwitte,tichondrius,288,demonhunter,havoc,6,3,3
3466,Makwah,kazzak,288,demonhunter,havoc,6,3,3
3467,Nmeule,turalyon,288,demonhunter,havoc,6,3,3
3468,Karakas,drakthul,288,demonhunter,havoc,6,3,3
3469,Darkshadow,turalyon,288,demonhunter,havoc,6,3,3
3470,Sfguild,kazzak,288,demonhunter,havoc,6,3,3
3471,Tødø,nemesis,288,demonhunter,havoc,6,3,3
3472,Эинхерия,soulflayer,288,demonhunter,havoc,6,3,3
3473,Extitan,twisting-nether,288,demonhunter,havoc,6,3,3
3474,Wildest,blackmoore,288,demonhunter,havoc,9,4,5
3475,Фавлав,ashenvale,288,demonhunter,havoc,8,3,5
3476,Aethilios,silvermoon,288,demonhunter,havoc,11,3,8
3477,Sazzox,blackrock,288,demonhunter,havoc,12,3,9
3478,Nightwalk,blackmoore,288,demonhunter,havoc,12,3,9
3479,Välhöll,kirin-tor,288,demonhunter,havoc,12,3,9
3480,Vulcaan,ravencrest,288,demonhunter,havoc,12,3,9
3481,Tenaebris,silvermoon,288,demonhunter,havoc,12,3,9
3482,Laurana,argent-dawn,288,demonhunter,havoc,12,3,9
3483,Lamello,nemesis,288,demonhunter,havoc,12,3,9
3484,Tuffêli,turalyon,288,demonhunter,havoc,12,3,9
3485,Ïvø,sargeras,288,demonhunter,havoc,12,3,9
3486,Cptgmiasbria,eredar,288,demonhunter,havoc,12,3,9
3487,Metaman,archimonde,288,demonhunter,havoc,12,3,9
3488,Râny,blackmoore,288,demonhunter,havoc,12,3,9
3489,Ambodh,thrall,288,demonhunter,havoc,12,3,9
3490,Milanto,antonidas,288,demonhunter,havoc,12,3,9
3491,Demonwithin,nerathor,288,demonhunter,havoc,12,3,9
3492,Firebringer,silvermoon,288,demonhunter,havoc,12,3,9
3493,Naturalis,die-todeskrallen,288,demonhunter,havoc,12,3,9
3494,Bengleng,draenor,288,demonhunter,havoc,12,3,9
3495,Fullinaretta,archimonde,288,demonhunter,havoc,12,3,9
3496,Dharuel,cthun,288,demonhunter,havoc,12,3,9
3497,Rurt,sanguino,288,demonhunter,havoc,12,3,9
3498,Rapp,nemesis,288,demonhunter,havoc,12,3,9
3499,Самадиэль,soulflayer,288,demonhunter,havoc,12,3,9
3500,Deathsnote,marécage-de-zangar,288,demonhunter,havoc,12,3,9
3501,Хемах,howling-fjord,288,demonhunter,havoc,12,3,9
3502,Vandazza,argent-dawn,288,demonhunter,havoc,12,3,9
3503,Mordaer,twisting-nether,288,demonhunter,havoc,12,3,9
3504,Феяужаса,soulflayer,288,demonhunter,havoc,12,3,9
3505,Donstyle,anachronos,288,demonhunter,havoc,12,3,9
3506,Bernhoftdh,ravencrest,288,demonhunter,havoc,12,3,9
3507,Artwar,stormscale,288,demonhunter,havoc,12,3,9
3508,Coolpizzaguy,twisting-nether,288,demonhunter,havoc,12,3,9
3509,Domiinator,sylvanas,288,demonhunter,havoc,12,3,9
3510,Illidorie,twisting-nether,288,demonhunter,havoc,12,3,9
3511,Valø,malganis,288,demonhunter,havoc,12,3,9
3512,Gpk,argent-dawn,288,demonhunter,havoc,12,3,9
3513,Jïsoo,blackhand,288,demonhunter,havoc,12,3,9
3514,Гелиосса,soulflayer,288,demonhunter,havoc,12,3,9
3515,Blish,blackhand,288,demonhunter,havoc,12,3,9
3516,Ricmorphis,grim-batol,288,demonhunter,havoc,18,3,15
3517,Jimdh,quelthalas,288,demonhunter,havoc,18,3,15
3518,Lasthija,dun-modr,288,demonhunter,havoc,18,3,15
3519,Devildust,ravencrest,288,demonhunter,havoc,18,3,15
3520,Samurase,kazzak,287,demonhunter,havoc,6,3,3
3521,Dethlyn,twisting-nether,287,demonhunter,havoc,6,3,3
3522,Sorgnarol,dalaran,287,demonhunter,havoc,6,3,3
3523,Saturnein,stormscale,287,demonhunter,havoc,6,3,3
3524,Нотреди,howling-fjord,287,demonhunter,havoc,6,3,3
3525,Dimonanta,grim-batol,287,demonhunter,havoc,6,3,3
3526,Mormefiél,twisting-nether,287,demonhunter,havoc,6,3,3
3527,Menutzdh,tarren-mill,287,demonhunter,havoc,6,3,3
3528,Hamssterek,magtheridon,287,demonhunter,havoc,12,3,9
3529,Gêliôs,kazzak,271,demonhunter,havoc,11,3,8
3530,Chancelvie,outland,255,demonhunter,havoc,11,3,8
3531,Dexterzx,stormscale,240,demonhunter,havoc,9,3,6
3532,Nithraim,kazzak,240,demonhunter,havoc,9,3,6
3533,Itskarmax,outland,239,demonhunter,havoc,5,3,2
3534,Ponn,blackmoore,239,demonhunter,havoc,5,3,2
3535,Herax,drakthul,239,demonhunter,havoc,5,3,2
3536,Xaro,quelthalas,239,demonhunter,havoc,5,3,2
3537,Ñítøryù,ravencrest,234,demonhunter,havoc,10,4,6
3538,Munamasa,archimonde,234,demonhunter,havoc,11,4,7
3539,Лэймрисх,gordunni,223,demonhunter,havoc,14,3,11
3540,Demoqt,ragnaros,192,demonhunter,havoc,4,3,1
3541,Erenyeagerr,kazzak,192,demonhunter,havoc,4,3,1
3542,Kiô,drakthul,192,demonhunter,havoc,9,3,6
3543,Heidihauge,silvermoon,192,demonhunter,havoc,6,2,4
3544,Mayzhi,hyjal,192,demonhunter,havoc,6,2,4
3545,Dikcitx,archimonde,192,demonhunter,havoc,6,2,4
3546,Axxad,kazzak,192,demonhunter,havoc,6,2,4
3547,Cøldlean,ravencrest,192,demonhunter,havoc,6,2,4
3548,Roxxis,mazrigos,192,demonhunter,havoc,6,2,4
3549,Khinn,tyrande,192,demonhunter,havoc,6,2,4
3550,Riveén,blackhand,192,demonhunter,havoc,6,2,4
3551,Dhslayer,magtheridon,192,demonhunter,havoc,6,2,4
3552,Omegahunterx,ravencrest,192,demonhunter,havoc,6,2,4
3553,Czl,silvermoon,192,demonhunter,havoc,6,2,4
3554,Yataganac,draenor,192,demonhunter,havoc,6,2,4
3555,Harrah,archimonde,192,demonhunter,havoc,6,2,4
3556,Cowardh,silvermoon,192,demonhunter,havoc,6,2,4
3557,Chaeeri,twisting-nether,192,demonhunter,havoc,6,2,4
3558,Fleshes,draenor,192,demonhunter,havoc,6,2,4
3559,Juicyglaives,ragnaros,192,demonhunter,havoc,6,2,4
3560,Tacodhx,ravencrest,192,demonhunter,havoc,6,2,4
3561,Haveadad,outland,192,demonhunter,havoc,6,2,4
3562,Martøsdh,uldum,192,demonhunter,havoc,6,2,4
3563,Wheelchairdh,twisting-nether,192,demonhunter,havoc,6,2,4
3564,Nörsedh,sanguino,192,demonhunter,havoc,6,2,4
3565,Шоксенсацияя,howling-fjord,192,demonhunter,havoc,6,2,4
3566,Anekk,kazzak,192,demonhunter,havoc,6,2,4
3567,Zenô,antonidas,192,demonhunter,havoc,6,2,4
3568,Pablino,darksorrow,192,demonhunter,havoc,6,2,4
3569,Янгфрукт,howling-fjord,192,demonhunter,havoc,6,2,4
3570,Tvé,ravencrest,192,demonhunter,havoc,6,2,4
3571,Sajr,twisting-nether,192,demonhunter,havoc,6,2,4
3572,Hykoolique,arakarahm,192,demonhunter,havoc,6,2,4
3573,Остинджейн,soulflayer,192,demonhunter,havoc,6,2,4
3574,Blacklance,ravencrest,192,demonhunter,havoc,6,2,4
3575,Gnaget,the-maelstrom,192,demonhunter,havoc,6,2,4
3576,Disconecting,outland,192,demonhunter,havoc,6,2,4
3577,Дабллди,soulflayer,192,demonhunter,havoc,6,2,4
3578,Беатриз,soulflayer,192,demonhunter,havoc,6,2,4
3579,Fellout,burning-legion,192,demonhunter,havoc,6,2,4
3580,Кеиичи,howling-fjord,192,demonhunter,havoc,6,2,4
3581,Kryshan,burning-legion,192,demonhunter,havoc,6,2,4
3582,Grinchdemon,nagrand,192,demonhunter,havoc,6,2,4
3583,Wolfex,hellfire,192,demonhunter,havoc,6,2,4
3584,Neimfel,outland,192,demonhunter,havoc,6,2,4
3585,Stifeur,archimonde,192,demonhunter,havoc,6,2,4
3586,Drahîna,khaz-modan,192,demonhunter,havoc,6,2,4
3587,Hicke,burning-legion,192,demonhunter,havoc,6,2,4
3588,Sñüîîâ,kazzak,192,demonhunter,havoc,6,2,4
3589,Sârgan,khaz-modan,192,demonhunter,havoc,6,2,4
3590,Datejust,archimonde,192,demonhunter,havoc,6,2,4
3591,Barocs,antonidas,192,demonhunter,havoc,6,2,4
3592,Demontoolz,outland,192,demonhunter,havoc,6,2,4
3593,Маскитол,soulflayer,192,demonhunter,havoc,6,2,4
3594,Sweåfy,outland,192,demonhunter,havoc,6,2,4
3595,Schakalèn,ragnaros,192,demonhunter,havoc,6,2,4
3596,Emkogødx,outland,192,demonhunter,havoc,6,2,4
3597,Sälexz,ysondre,192,demonhunter,havoc,6,2,4
3598,Aggrodíte,antonidas,192,demonhunter,havoc,6,2,4
3599,Malkyor,ysondre,192,demonhunter,havoc,6,2,4
3600,Razzàl,sinstralis,192,demonhunter,havoc,6,2,4
3601,Scarath,eredar,192,demonhunter,havoc,6,2,4
3602,Saphira,laughing-skull,192,demonhunter,havoc,6,2,4
3603,Tetedechaise,archimonde,192,demonhunter,havoc,6,2,4
3604,Draneka,argent-dawn,192,demonhunter,havoc,6,2,4
3605,Dionyz,magtheridon,192,demonhunter,havoc,6,2,4
3606,Brolafsen,ragnaros,192,demonhunter,havoc,6,2,4
3607,Zxcjklcasdlk,sylvanas,192,demonhunter,havoc,6,2,4
3608,Lodjay,hyjal,192,demonhunter,havoc,6,2,4
3609,Холегдх,gordunni,192,demonhunter,havoc,6,2,4
3610,Hatabaa,argent-dawn,192,demonhunter,havoc,6,2,4
3611,Kibiri,rajaxx,192,demonhunter,havoc,6,2,4
3612,Kakovicz,gorgonnash,192,demonhunter,havoc,6,2,4
3613,Sephy,argent-dawn,192,demonhunter,havoc,6,2,4
3614,Cíondra,aegwynn,192,demonhunter,havoc,6,2,4
3615,Zarkhyl,malygos,192,demonhunter,havoc,6,2,4
3616,Khrum,rajaxx,192,demonhunter,havoc,6,2,4
3617,Люблюмеф,gordunni,192,demonhunter,havoc,6,2,4
3618,Chlorel,arthas,192,demonhunter,havoc,6,2,4
3619,Ybou,archimonde,192,demonhunter,havoc,6,2,4
3620,Alervius,blackrock,192,demonhunter,havoc,6,2,4
3621,Bratti,kazzak,192,demonhunter,havoc,6,2,4
3622,Andariell,sylvanas,192,demonhunter,havoc,6,2,4
3623,Тэнсу,borean-tundra,192,demonhunter,havoc,6,2,4
3624,Narkiza,tarren-mill,192,demonhunter,havoc,6,2,4
3625,Lexdh,blackrock,192,demonhunter,havoc,6,2,4
3626,Мэлифсб,blackscar,192,demonhunter,havoc,6,2,4
3627,Лилэйв,gordunni,192,demonhunter,havoc,6,2,4
3628,Alcadejas,pozzo-delleternità,192,demonhunter,havoc,6,2,4
3629,Palaurx,kazzak,192,demonhunter,havoc,6,2,4
3630,Mythisa,blackrock,192,demonhunter,havoc,6,2,4
3631,Jabuzi,drakthul,192,demonhunter,havoc,6,2,4
3632,Bhuta,aerie-peak,192,demonhunter,havoc,6,2,4
3633,Артесдх,gordunni,192,demonhunter,havoc,6,2,4
3634,Lixxersmeta,stormscale,192,demonhunter,havoc,6,2,4
3635,Ragnarak,amanthul,192,demonhunter,havoc,6,2,4
3636,Bananabritta,aegwynn,192,demonhunter,havoc,6,2,4
3637,Williamgrant,alonsus,192,demonhunter,havoc,6,2,4
3638,Lucziane,blackmoore,192,demonhunter,havoc,6,2,4
3639,Lillinète,archimonde,192,demonhunter,havoc,6,2,4
3640,Nairra,blackmoore,192,demonhunter,havoc,6,2,4
3641,Деорру,gordunni,192,demonhunter,havoc,6,2,4
3642,Linkôs,aegwynn,192,demonhunter,havoc,6,2,4
3643,Karpandero,stormreaver,192,demonhunter,havoc,6,2,4
3644,Hârambe,stormscale,192,demonhunter,havoc,12,3,9
3645,Врадость,soulflayer,192,demonhunter,havoc,8,2,6
3646,Uthinare,silvermoon,192,demonhunter,havoc,8,2,6
3647,Qweasda,stormscale,192,demonhunter,havoc,12,2,10
3648,Aytèè,eredar,192,demonhunter,havoc,12,2,10
3649,Drâparn,sylvanas,192,demonhunter,havoc,12,2,10
3650,Enygamy,frostmane,192,demonhunter,havoc,12,2,10
3651,Synistera,trollbane,192,demonhunter,havoc,12,2,10
3652,Zynês,draenor,192,demonhunter,havoc,12,2,10
3653,Themogar,earthen-ring,192,demonhunter,havoc,12,2,10
3654,Tbomb,ragnaros,192,demonhunter,havoc,12,2,10
3655,Tôx,dalaran,192,demonhunter,havoc,12,2,10
3656,Ayido,xavius,192,demonhunter,havoc,12,2,10
3657,Asperatus,dalaran,192,demonhunter,havoc,12,2,10
3658,Парагони,gordunni,192,demonhunter,havoc,12,2,10
3659,Zaydra,the-maelstrom,192,demonhunter,havoc,12,2,10
3660,Dhogus,twisting-nether,192,demonhunter,havoc,12,2,10
3661,Esseline,outland,192,demonhunter,havoc,12,2,10
3662,Deehoh,twisting-nether,192,demonhunter,havoc,12,2,10
3663,Spideymon,ragnaros,192,demonhunter,havoc,12,2,10
3664,Язамясо,gordunni,192,demonhunter,havoc,12,2,10
3665,Tapio,burning-legion,192,demonhunter,havoc,18,2,16
3666,Fullmutter,twisting-nether,191,demonhunter,havoc,6,2,4
3667,Lilarii,argent-dawn,191,demonhunter,havoc,12,2,10
3668,Manjirosano,blackmoore,191,demonhunter,havoc,12,2,10
3669,Noorrd,hyjal,191,demonhunter,havoc,12,2,10
3670,Kurox,drakthul,191,demonhunter,havoc,18,2,16
3671,Onorera,tarren-mill,160,demonhunter,havoc,10,2,8
3672,Galafel,outland,159,demonhunter,havoc,5,2,3
3673,Mezo,outland,144,demonhunter,havoc,3,3,0
3674,Gucknicht,blackrock,144,demonhunter,havoc,9,2,7
3675,Razerøø,ysondre,138,demonhunter,havoc,9,3,6
3676,Kantklipper,ragnaros,138,demonhunter,havoc,10,3,7
3677,Джэкмэн,soulflayer,138,demonhunter,havoc,23,4,19
3678,Luferite,burning-blade,127,demonhunter,havoc,8,2,6
3679,Amatèrasu,burning-legion,110,demonhunter,havoc,13,2,11
3680,Âyoôrts,archimonde,96,demonhunter,havoc,3,2,1
3681,Спокоивич,soulflayer,96,demonhunter,havoc,6,1,5
3682,Laethas,twisting-nether,96,demonhunter,havoc,6,1,5
3683,Вирбль,gordunni,96,demonhunter,havoc,6,1,5
3684,Hørnyßæ,drakthul,96,demonhunter,havoc,6,1,5
3685,Áarón,der-mithrilorden,96,demonhunter,havoc,6,1,5
3686,Zarafel,hyjal,96,demonhunter,havoc,6,1,5
3687,Azazël,turalyon,96,demonhunter,havoc,6,1,5
3688,Dhgoddess,ravencrest,96,demonhunter,havoc,6,1,5
3689,Dýlän,argent-dawn,96,demonhunter,havoc,6,1,5
3690,Cruptiq,kazzak,96,demonhunter,havoc,6,1,5
3691,Permachill,blackmoore,96,demonhunter,havoc,6,1,5
3692,Jiínx,kazzak,96,demonhunter,havoc,6,1,5
3693,Nairu,doomhammer,96,demonhunter,havoc,6,1,5
3694,Louú,blackmoore,96,demonhunter,havoc,6,1,5
3695,Kassin,dun-modr,96,demonhunter,havoc,6,1,5
3696,Stormma,kazzak,96,demonhunter,havoc,6,1,5
3697,Abalim,nemesis,96,demonhunter,havoc,6,1,5
3698,Sgit,doomhammer,96,demonhunter,havoc,6,1,5
3699,Aygael,archimonde,96,demonhunter,havoc,6,1,5
3700,Bröwnye,dun-modr,96,demonhunter,havoc,6,1,5
3701,Toio,nemesis,96,demonhunter,havoc,6,1,5
3702,Karxarias,silvermoon,96,demonhunter,havoc,6,1,5
3703,Styggve,ragnaros,96,demonhunter,havoc,6,1,5
3704,Ryuhayabusa,stormscale,96,demonhunter,havoc,6,1,5
3705,Pkdaemon,draenor,96,demonhunter,havoc,6,1,5
3706,Vrazjababa,dragonmaw,96,demonhunter,havoc,6,1,5
3707,Stàmàzza,nemesis,96,demonhunter,havoc,6,1,5
3708,Ghetzlel,draenor,96,demonhunter,havoc,6,1,5
3709,Blulake,silvermoon,96,demonhunter,havoc,6,1,5
3710,Camotheck,stormscale,96,demonhunter,havoc,6,1,5
3711,Vg,blackhand,96,demonhunter,havoc,6,1,5
3712,Рензокукеен,gordunni,96,demonhunter,havoc,6,1,5
3713,Maikko,los-errantes,96,demonhunter,havoc,6,1,5
3714,Akron,magtheridon,96,demonhunter,havoc,6,1,5
3715,Tòd,silvermoon,96,demonhunter,havoc,6,1,5
3716,Flasqo,eredar,96,demonhunter,havoc,6,1,5
3717,Fantamazing,ragnaros,96,demonhunter,havoc,6,1,5
3718,Satela,azjolnerub,96,demonhunter,havoc,6,1,5
3719,Anänke,twisting-nether,96,demonhunter,havoc,6,1,5
3720,Askari,lothar,96,demonhunter,havoc,6,1,5
3721,Mlecznygolem,silvermoon,96,demonhunter,havoc,6,1,5
3722,Ripgodx,bronzebeard,96,demonhunter,havoc,6,1,5
3723,Ellare,burning-blade,96,demonhunter,havoc,6,1,5
3724,Malvax,tarren-mill,96,demonhunter,havoc,6,1,5
3725,Reikuel,nemesis,96,demonhunter,havoc,6,1,5
3726,Annee,eredar,96,demonhunter,havoc,6,1,5
3727,Ilovesabrina,dun-modr,96,demonhunter,havoc,6,1,5
3728,Чесденьгамии,soulflayer,96,demonhunter,havoc,6,1,5
3729,Неверластх,gordunni,96,demonhunter,havoc,6,1,5
3730,Niqel,blackrock,96,demonhunter,havoc,6,1,5
3731,Wìxx,blackrock,96,demonhunter,havoc,6,1,5
3732,Esthá,argent-dawn,96,demonhunter,havoc,6,1,5
3733,Bitex,archimonde,96,demonhunter,havoc,6,1,5
3734,Найлинель,fordragon,96,demonhunter,havoc,6,1,5
3735,Evlos,hyjal,96,demonhunter,havoc,6,1,5
3736,Аззазэль,howling-fjord,96,demonhunter,havoc,6,1,5
3737,Teimotevey,silvermoon,96,demonhunter,havoc,6,1,5
3738,Яестьдима,howling-fjord,96,demonhunter,havoc,6,1,5
3739,Zyfu,antonidas,96,demonhunter,havoc,6,1,5
3740,Äzot,burning-legion,96,demonhunter,havoc,6,1,5
3741,Saisahan,archimonde,96,demonhunter,havoc,6,1,5
3742,Shaelby,archimonde,96,demonhunter,havoc,6,1,5
3743,Ганстапутин,howling-fjord,96,demonhunter,havoc,6,1,5
3744,Дронкрылатый,soulflayer,96,demonhunter,havoc,6,1,5
3745,Burritodh,tarren-mill,96,demonhunter,havoc,6,1,5
3746,Clexa,thrall,96,demonhunter,havoc,6,1,5
3747,Булёхинс,howling-fjord,96,demonhunter,havoc,6,1,5
3748,Zoer,kazzak,96,demonhunter,havoc,6,1,5
3749,Syldrae,hyjal,96,demonhunter,havoc,6,1,5
3750,Bradzdh,outland,96,demonhunter,havoc,6,1,5
3751,ßaßayaga,blackhand,96,demonhunter,havoc,6,1,5
3752,Demongorgon,arathor,96,demonhunter,havoc,6,1,5
3753,Tricki,kelthuzad,96,demonhunter,havoc,6,1,5
3754,Oob,ysondre,96,demonhunter,havoc,6,1,5
3755,Соларт,howling-fjord,96,demonhunter,havoc,6,1,5
3756,Néèdgirly,malfurion,96,demonhunter,havoc,6,1,5
3757,Bchj,ysondre,96,demonhunter,havoc,6,1,5
3758,Бонятяф,gordunni,96,demonhunter,havoc,12,1,11
3759,Dìus,blackmoore,96,demonhunter,havoc,12,1,11
3760,Jásírá,shattrath,96,demonhunter,havoc,12,1,11
3761,Ecthelionn,outland,96,demonhunter,havoc,12,1,11
3762,Babyyéah,sunstrider,96,demonhunter,havoc,12,1,11
3763,Shinarei,silvermoon,95,demonhunter,havoc,6,1,5
3764,Elldarion,blackhand,79,demonhunter,havoc,5,1,4
3765,Caluxe,blackmoore,79,demonhunter,havoc,5,1,4
3766,Гадх,gordunni,42,demonhunter,havoc,8,2,6
3767,Impulz,archimonde,42,demonhunter,havoc,9,2,7
3768,Sinjinzoo,blackrock,31,demonhunter,havoc,2,1,1
3769,Frozensoules,turalyon,31,demonhunter,havoc,8,1,7
3770,Plagues,quelthalas,30,demonhunter,havoc,14,5,9
3771,Vengeancezin,frostwhisper,2031,demonhunter,vengeance,150,80,70
3772,Strqt,archimonde,1509,demonhunter,vengeance,54,29,25
3773,Jedidiah,aggra-português,1496,demonhunter,vengeance,110,49,61
3774,Zarín,outland,1394,demonhunter,vengeance,78,41,37
3775,Paindemon,outland,1288,demonhunter,vengeance,60,35,25
3776,Enithy,twisting-nether,934,demonhunter,vengeance,18,10,8
3777,Kubusz,ravencrest,889,demonhunter,vengeance,36,16,20
3778,Сумърак,grom,739,demonhunter,vengeance,29,8,21
3779,Kekburagól,kazzak,575,demonhunter,vengeance,12,6,6
3780,Demonlucy,colinas-pardas,287,demonhunter,vengeance,12,3,9
3781,Camtoe,ravencrest,192,demonhunter,vengeance,6,2,4
3782,Геммула,howling-fjord,192,demonhunter,vengeance,6,2,4
3783,Askari,lothar,192,demonhunter,vengeance,6,2,4
3784,Myztiko,hellscream,96,demonhunter,vengeance,6,1,5
3785,Arussil,pozzo-delleternità,96,demonhunter,vengeance,6,1,5
3786,Xenits,kazzak,96,demonhunter,vengeance,6,1,5
3787,Zarafel,hyjal,95,demonhunter,vengeance,12,1,11
3788,Hibibi,kazzak,2257,druid,restoration,113,66,47
3789,Kev,elune,2190,druid,restoration,185,102,83
3790,Pegasu,kelthuzad,2182,druid,restoration,114,66,48
3791,Vanostboom,kazzak,2181,druid,restoration,88,50,38
3792,Iloveher,ravencrest,2180,druid,restoration,160,89,71
3793,Miouzy,archimonde,2156,druid,restoration,66,36,30
3794,Årt,ravencrest,2106,druid,restoration,186,100,86
3795,Unohanâ,archimonde,2103,druid,restoration,108,65,43
3796,Nesedondon,stormscale,2086,druid,restoration,72,50,22
3797,Trèes,outland,2085,druid,restoration,264,144,120
3798,Drjmy,silvermoon,2053,druid,restoration,71,54,17
3799,Dendariottvx,sunstrider,2042,druid,restoration,73,44,29
3800,Rives,sylvanas,2030,druid,restoration,102,60,42
3801,Bambambimbim,draenor,2023,druid,restoration,84,44,40
3802,Afky,stormreaver,2013,druid,restoration,114,59,55
3803,Surfingbirdx,ragnaros,2005,druid,restoration,48,25,23
3804,Yoogy,ravencrest,1995,druid,restoration,60,37,23
3805,Thotz,kazzak,1974,druid,restoration,174,87,87
3806,Dokixo,kazzak,1968,druid,restoration,47,29,18
3807,Bloomitize,ravencrest,1967,druid,restoration,78,43,35
3808,Tjxaxa,ravencrest,1966,druid,restoration,78,38,40
3809,Lunamimi,argent-dawn,1962,druid,restoration,368,190,178
3810,Galadronìa,aegwynn,1960,druid,restoration,65,38,27
3811,Shinöbü,sanguino,1954,druid,restoration,87,49,38
3812,Ovérheal,ravencrest,1953,druid,restoration,94,52,42
3813,Mentallyill,ravencrest,1949,druid,restoration,204,106,98
3814,Theatrex,ravencrest,1945,druid,restoration,165,100,65
3815,Sheippi,stormreaver,1945,druid,restoration,54,31,23
3816,Niksidruid,grim-batol,1942,druid,restoration,34,25,9
3817,Angrykejton,silvermoon,1940,druid,restoration,276,138,138
3818,Håbibi,kazzak,1936,druid,restoration,48,25,23
3819,Hånukkah,outland,1929,druid,restoration,64,30,34
3820,Threesixnìne,dun-morogh,1928,druid,restoration,246,134,112
3821,Skrrlock,ravencrest,1923,druid,restoration,108,53,55
3822,Kyomã,burning-legion,1915,druid,restoration,102,49,53
3823,Syví,outland,1912,druid,restoration,59,29,30
3824,Vinniehacker,archimonde,1908,druid,restoration,47,30,17
3825,Cplazi,kazzak,1890,druid,restoration,48,30,18
3826,Maxpojke,ravencrest,1876,druid,restoration,142,88,54
3827,Amaré,burning-legion,1873,druid,restoration,54,28,26
3828,Ralaa,guldan,1865,druid,restoration,54,29,25
3829,Arthéas,archimonde,1865,druid,restoration,174,89,85
3830,Andr,voljin,1863,druid,restoration,96,44,52
3831,Naffelle,ysondre,1862,druid,restoration,71,34,37
3832,Druidrak,eredar,1855,druid,restoration,66,32,34
3833,Panigale,dun-modr,1855,druid,restoration,48,22,26
3834,Leyô,archimonde,1852,druid,restoration,60,31,29
3835,Traffix,outland,1852,druid,restoration,51,26,25
3836,Alolexx,archimonde,1851,druid,restoration,45,27,18
3837,Lalalime,arthas,1851,druid,restoration,64,31,33
3838,Skrood,kazzak,1847,druid,restoration,60,31,29
3839,Druidello,stormscale,1845,druid,restoration,52,24,28
3840,Åä,ravencrest,1837,druid,restoration,32,20,12
3841,Thebiggest,ravencrest,1836,druid,restoration,42,25,17
3842,Myndrá,varimathras,1835,druid,restoration,66,34,32
3843,Ammare,burning-legion,1834,druid,restoration,72,39,33
3844,Nantou,stormscale,1833,druid,restoration,59,28,31
3845,Treliuz,twilights-hammer,1830,druid,restoration,298,166,132
3846,Jmdr,silvermoon,1830,druid,restoration,71,31,40
3847,Asøri,antonidas,1829,druid,restoration,48,21,27
3848,Kìttÿ,dun-modr,1828,druid,restoration,66,41,25
3849,Chas,ravencrest,1828,druid,restoration,48,28,20
3850,Spamclone,draenor,1828,druid,restoration,57,30,27
3851,Kanyevotèrx,ravencrest,1828,druid,restoration,54,25,29
3852,Jìnró,ravencrest,1825,druid,restoration,135,66,69
3853,Sprøut,drakthul,1825,druid,restoration,59,27,32
3854,Gummysnake,aszune,1823,druid,restoration,42,25,17
3855,Zydrux,outland,1822,druid,restoration,48,36,12
3856,Yesco,malganis,1821,druid,restoration,63,27,36
3857,Doodlez,blackrock,1820,druid,restoration,60,27,33
3858,Baawz,blackmoore,1820,druid,restoration,60,25,35
3859,Aesha,los-errantes,1819,druid,restoration,54,26,28
3860,Metagrass,stormscale,1818,druid,restoration,129,59,70
3861,Thugzie,kazzak,1817,druid,restoration,189,90,99
3862,Skadooshee,kazzak,1816,druid,restoration,36,19,17
3863,Køngx,blackhand,1812,druid,restoration,125,64,61
3864,Thysabtw,archimonde,1809,druid,restoration,81,48,33
3865,Sorryblya,ravencrest,1809,druid,restoration,60,26,34
3866,Bellatrx,darksorrow,1806,druid,restoration,56,33,23
3867,Uñsullied,kazzak,1806,druid,restoration,57,31,26
3868,Morkius,ravencrest,1806,druid,restoration,36,19,17
3869,Chacopic,archimonde,1806,druid,restoration,150,78,72
3870,Eedaza,argent-dawn,1805,druid,restoration,134,75,59
3871,Мафио,blackscar,1805,druid,restoration,48,25,23
3872,Дикаякиара,blackscar,1804,druid,restoration,307,151,156
3873,Riplilpeep,grim-batol,1803,druid,restoration,54,28,26
3874,Gaeldeth,silvermoon,1802,druid,restoration,105,63,42
3875,Nastycat,magtheridon,1802,druid,restoration,209,101,108
3876,Wraithshape,stormscale,1800,druid,restoration,60,32,28
3877,Hadok,azjolnerub,1798,druid,restoration,167,76,91
3878,Promethezine,tarren-mill,1795,druid,restoration,200,104,96
3879,Кенкертайм,gordunni,1794,druid,restoration,84,43,41
3880,Tedel,kazzak,1791,druid,restoration,53,33,20
3881,Orayin,ravencrest,1784,druid,restoration,166,102,64
3882,Traickovic,antonidas,1779,druid,restoration,48,24,24
3883,Lexopewpew,ravencrest,1779,druid,restoration,47,22,25
3884,Clone,aegwynn,1778,druid,restoration,126,67,59
3885,Xvmon,draenor,1777,druid,restoration,93,40,53
3886,Jaytiz,ravencrest,1774,druid,restoration,47,22,25
3887,Weezíng,ysondre,1771,druid,restoration,44,27,17
3888,Heçtôr,silvermoon,1767,druid,restoration,60,27,33
3889,Reins,silvermoon,1766,druid,restoration,94,49,45
3890,Bëstwôrld,archimonde,1763,druid,restoration,76,39,37
3891,Friedbrocolí,tarren-mill,1762,druid,restoration,42,23,19
3892,Gøðførm,silvermoon,1758,druid,restoration,118,63,55
3893,Wéédmâñ,ravencrest,1756,druid,restoration,45,30,15
3894,Slayced,blackrock,1756,druid,restoration,71,34,37
3895,Asaj,argent-dawn,1754,druid,restoration,207,112,95
3896,Joksica,draenor,1751,druid,restoration,47,24,23
3897,Hizzy,burning-legion,1751,druid,restoration,243,119,124
3898,Loleh,ragnaros,1751,druid,restoration,59,27,32
3899,Lamatoes,ravencrest,1750,druid,restoration,59,24,35
3900,Qjkuug,twisting-nether,1749,druid,restoration,154,91,63
3901,Migami,nemesis,1748,druid,restoration,65,27,38
3902,Zonsy,twisting-nether,1747,druid,restoration,48,27,21
3903,Moonbee,burning-blade,1747,druid,restoration,120,67,53
3904,Джелони,soulflayer,1745,druid,restoration,47,23,24
3905,Badashellm,ravencrest,1744,druid,restoration,60,34,26
3906,Matteps,outland,1742,druid,restoration,41,19,22
3907,Улдрэйн,deathguard,1739,druid,restoration,66,38,28
3908,Naraia,aegwynn,1739,druid,restoration,125,66,59
3909,Nasduck,ravencrest,1726,druid,restoration,172,93,79
3910,Lúh,kazzak,1724,druid,restoration,24,19,5
3911,Крашдру,gordunni,1724,druid,restoration,64,38,26
3912,Филавтия,gordunni,1724,druid,restoration,60,32,28
3913,Notsikaan,blackhand,1723,druid,restoration,71,27,44
3914,Luhmanish,thunderhorn,1718,druid,restoration,119,62,57
3915,Druidella,stormscale,1716,druid,restoration,30,18,12
3916,Ûnsullied,kazzak,1716,druid,restoration,54,25,29
3917,Evílz,kazzak,1710,druid,restoration,36,21,15
3918,Olaphy,elune,1710,druid,restoration,209,106,103
3919,Muraebbasta,pozzo-delleternità,1709,druid,restoration,42,18,24
3920,Hólo,blackrock,1706,druid,restoration,72,34,38
3921,Sintiq,silvermoon,1705,druid,restoration,41,24,17
3922,Wraithmoon,stormscale,1705,druid,restoration,36,18,18
3923,Афклалка,gordunni,1705,druid,restoration,36,18,18
3924,Acondris,kazzak,1705,druid,restoration,190,91,99
3925,Lifelover,outland,1704,druid,restoration,54,25,29
3926,Praetorian,sylvanas,1703,druid,restoration,255,125,130
3927,Tooclosex,outland,1700,druid,restoration,53,34,19
3928,Treeførm,ravencrest,1694,druid,restoration,36,25,11
3929,Josedudu,twisting-nether,1692,druid,restoration,75,37,38
3930,Diolives,stormscale,1691,druid,restoration,240,127,113
3931,Kittyperry,tarren-mill,1690,druid,restoration,50,25,25
3932,Moondra,outland,1688,druid,restoration,95,39,56
3933,Erika,vashj,1684,druid,restoration,72,38,34
3934,Builtdiffy,kazzak,1683,druid,restoration,202,105,97
3935,Synapes,outland,1680,druid,restoration,60,28,32
3936,Traick,antonidas,1679,druid,restoration,41,18,23
3937,Bjoernbrudn,ravencrest,1674,druid,restoration,48,24,24
3938,Fryén,archimonde,1671,druid,restoration,75,33,42
3939,Elayria,blackmoore,1663,druid,restoration,36,19,17
3940,Rozi,draenor,1660,druid,restoration,48,27,21
3941,Demerit,aegwynn,1657,druid,restoration,32,18,14
3942,Sélia,sylvanas,1657,druid,restoration,116,57,59
3943,Bâneth,destromath,1656,druid,restoration,60,33,27
3944,Andromedda,twisting-nether,1655,druid,restoration,174,94,80
3945,Catgirlx,ravencrest,1652,druid,restoration,42,26,16
3946,Чухх,howling-fjord,1649,druid,restoration,73,39,34
3947,Nozome,draenor,1648,druid,restoration,45,22,23
3948,Велаине,gordunni,1641,druid,restoration,162,93,69
3949,Pogoth,turalyon,1641,druid,restoration,72,38,34
3950,Абраг,soulflayer,1637,druid,restoration,72,36,36
3951,Drøødis,archimonde,1636,druid,restoration,42,24,18
3952,Trèes,draenor,1636,druid,restoration,46,22,24
3953,Zudwa,twisting-nether,1635,druid,restoration,44,27,17
3954,Adjaara,ravencrest,1635,druid,restoration,115,68,47
3955,Pardus,ambossar,1635,druid,restoration,50,27,23
3956,Kroghelf,tarren-mill,1634,druid,restoration,42,21,21
3957,Rhonir,twisting-nether,1634,druid,restoration,53,22,31
3958,Bellhooks,blackrock,1633,druid,restoration,30,18,12
3959,Rawri,blackmoore,1633,druid,restoration,48,26,22
3960,Mafiasnipe,ravencrest,1630,druid,restoration,24,17,7
3961,Cæsífer,area-52,1630,druid,restoration,71,37,34
3962,Crownydrood,hyjal,1628,druid,restoration,42,25,17
3963,Asga,stormscale,1628,druid,restoration,30,17,13
3964,Funnyjoker,outland,1628,druid,restoration,58,25,33
3965,Mortalnight,sinstralis,1625,druid,restoration,194,99,95
3966,Ёу,soulflayer,1624,druid,restoration,161,85,76
3967,Tropjeune,dalaran,1623,druid,restoration,36,17,19
3968,Frances,auchindoun,1622,druid,restoration,51,30,21
3969,Davorian,frostmane,1622,druid,restoration,63,35,28
3970,Chaboom,hyjal,1622,druid,restoration,60,25,35
3971,Миледистайпи,gordunni,1619,druid,restoration,32,18,14
3972,Pawful,malganis,1619,druid,restoration,248,135,113
3973,Bjútiful,silvermoon,1618,druid,restoration,41,23,18
3974,Elu,eredar,1617,druid,restoration,48,28,20
3975,Haszard,outland,1617,druid,restoration,134,68,66
3976,Nancey,auchindoun,1617,druid,restoration,149,75,74
3977,Друлихаз,gordunni,1617,druid,restoration,54,20,34
3978,Wømbat,ravencrest,1616,druid,restoration,36,17,19
3979,Goldrax,outland,1615,druid,restoration,24,17,7
3980,Bigdaddyshay,twisting-nether,1615,druid,restoration,42,24,18
3981,Tåylor,laughing-skull,1615,druid,restoration,41,21,20
3982,Драменбейз,gordunni,1615,druid,restoration,42,20,22
3983,Dûdûrînâ,blackrock,1614,druid,restoration,66,42,24
3984,Ooktharg,turalyon,1614,druid,restoration,36,20,16
3985,Nímbs,tarren-mill,1612,druid,restoration,35,20,15
3986,Zhosy,shattrath,1612,druid,restoration,61,22,39
3987,Zevana,tarren-mill,1611,druid,restoration,30,18,12
3988,Skipperd,blackmoore,1610,druid,restoration,42,17,25
3989,Xalio,ravencrest,1609,druid,restoration,161,90,71
3990,Xoriauz,archimonde,1609,druid,restoration,78,37,41
3991,Slaugh,zuljin,1608,druid,restoration,48,20,28
3992,Опапенелопа,blackscar,1607,druid,restoration,39,27,12
3993,Monatamis,kazzak,1607,druid,restoration,36,21,15
3994,Akumei,ravencrest,1607,druid,restoration,36,20,16
3995,Bigmeandruid,twisting-nether,1606,druid,restoration,30,17,13
3996,Ltmx,ravencrest,1605,druid,restoration,41,17,24
3997,Чекхмеаскохз,gordunni,1604,druid,restoration,36,21,15
3998,Bîrke,blackrock,1604,druid,restoration,36,17,19
3999,Diriculous,kazzak,1603,druid,restoration,60,20,40
4000,Soguu,thrall,1601,druid,restoration,30,17,13
4001,Fantastix,silvermoon,1601,druid,restoration,30,17,13
4002,Watchmebear,stormscale,1601,druid,restoration,42,23,19
4003,Ðarckness,kazzak,1600,druid,restoration,24,17,7
4004,Reinulfen,blackmoore,1600,druid,restoration,124,71,53
4005,Swifte,argent-dawn,1600,druid,restoration,48,27,21
4006,Akmón,tarren-mill,1600,druid,restoration,58,20,38
4007,Dïsä,ravencrest,1599,druid,restoration,30,17,13
4008,Ittei,korgall,1596,druid,restoration,120,63,57
4009,Hyggefinger,ravencrest,1596,druid,restoration,42,19,23
4010,Рамзес,gordunni,1595,druid,restoration,54,31,23
4011,Eyvimel,ravencrest,1587,druid,restoration,308,160,148
4012,Bêvêrly,ravencrest,1586,druid,restoration,70,37,33
4013,Lunglung,blutkessel,1585,druid,restoration,42,22,20
4014,Naridruidx,eredar,1578,druid,restoration,42,26,16
4015,Øhshift,drakthul,1576,druid,restoration,41,20,21
4016,Shiftway,stormscale,1573,druid,restoration,36,20,16
4017,Pega,archimonde,1572,druid,restoration,84,39,45
4018,Ninadobrev,ragnaros,1568,druid,restoration,33,18,15
4019,Sangré,suramar,1568,druid,restoration,96,44,52
4020,Scorlok,eredar,1567,druid,restoration,68,42,26
4021,Devióus,twilights-hammer,1562,druid,restoration,167,87,80
4022,Kheazar,blackmoore,1558,druid,restoration,103,61,42
4023,Kundz,dalaran,1558,druid,restoration,160,88,72
4024,Naturez,sylvanas,1557,druid,restoration,32,20,12
4025,Уэсериктх,blackscar,1557,druid,restoration,45,26,19
4026,Crïn,ravencrest,1553,druid,restoration,36,17,19
4027,Druncha,sunstrider,1553,druid,restoration,189,74,115
4028,Néllä,archimonde,1552,druid,restoration,36,25,11
4029,Bearform,blackhand,1548,druid,restoration,48,23,25
4030,Legyna,ravencrest,1547,druid,restoration,65,40,25
4031,Khunahype,thrall,1546,druid,restoration,88,48,40
4032,Arogane,outland,1543,druid,restoration,72,38,34
4033,Bammedrudu,archimonde,1541,druid,restoration,42,25,17
4034,Нубстримсс,gordunni,1538,druid,restoration,82,38,44
4035,Peerpope,draenor,1536,druid,restoration,232,130,102
4036,Tôrmêñtêd,outland,1535,druid,restoration,99,62,37
4037,Zaerox,ambossar,1534,druid,restoration,72,37,35
4038,Buffbloom,auchindoun,1534,druid,restoration,141,72,69
4039,Директорх,blackscar,1534,druid,restoration,47,22,25
4040,Shufflebot,sylvanas,1529,druid,restoration,24,16,8
4041,Eviscreator,stormscale,1529,druid,restoration,45,27,18
4042,Utopiah,ravencrest,1529,druid,restoration,68,39,29
4043,Rhapsodý,twisting-nether,1529,druid,restoration,30,16,14
4044,Kætachy,archimonde,1529,druid,restoration,42,16,26
4045,Hasselhoof,eredar,1526,druid,restoration,63,26,37
4046,Deluron,malganis,1525,druid,restoration,113,59,54
4047,Lyvuni,blackmoore,1524,druid,restoration,60,36,24
4048,Noosh,thrall,1524,druid,restoration,36,19,17
4049,Skillfall,ravencrest,1524,druid,restoration,42,16,26
4050,Høtbøt,ysera,1523,druid,restoration,33,19,14
4051,Melonmanx,outland,1523,druid,restoration,30,17,13
4052,Floka,archimonde,1523,druid,restoration,60,32,28
4053,Ына,gordunni,1523,druid,restoration,114,60,54
4054,Аренатренер,gordunni,1523,druid,restoration,60,25,35
4055,Kaamirach,blackmoore,1520,druid,restoration,128,79,49
4056,Mw,dun-modr,1520,druid,restoration,71,33,38
4057,Stratocaster,blackmoore,1517,druid,restoration,24,16,8
4058,Hatecrew,twisting-nether,1517,druid,restoration,59,33,26
4059,Атмос,deathguard,1517,druid,restoration,174,97,77
4060,Dwaokut,ravencrest,1514,druid,restoration,47,24,23
4061,Eaglefox,aszune,1512,druid,restoration,53,26,27
4062,Сладуляя,gordunni,1512,druid,restoration,53,23,30
4063,Tînkerbèll,blackmoore,1511,druid,restoration,41,22,19
4064,Jìnro,stormscale,1508,druid,restoration,24,16,8
4065,Друрашка,soulflayer,1508,druid,restoration,81,43,38
4066,Jcpenney,xavius,1508,druid,restoration,223,109,114
4067,Cheçhy,aegwynn,1508,druid,restoration,48,22,26
4068,Bloomies,tarren-mill,1507,druid,restoration,100,59,41
4069,Ystalgia,sylvanas,1507,druid,restoration,42,16,26
4070,Homek,eredar,1505,druid,restoration,42,24,18
4071,Trollisha,mannoroth,1505,druid,restoration,488,234,254
4072,Feelstreeman,twisting-nether,1504,druid,restoration,77,42,35
4073,Kaher,ravencrest,1503,druid,restoration,42,22,20
4074,Lÿter,dun-modr,1502,druid,restoration,60,27,33
4075,Elwenyss,outland,1498,druid,restoration,65,30,35
4076,Нагетсмяу,howling-fjord,1496,druid,restoration,24,16,8
4077,Маминапуська,soulflayer,1496,druid,restoration,48,28,20
4078,Trayndaras,drakthul,1495,druid,restoration,35,23,12
4079,Setztes,tarren-mill,1495,druid,restoration,85,46,39
4080,Kicki,outland,1494,druid,restoration,66,34,32
4081,Маккаланн,soulflayer,1493,druid,restoration,48,30,18
4082,Zaelitwo,archimonde,1490,druid,restoration,24,16,8
4083,Rougetreize,khaz-modan,1490,druid,restoration,30,16,14
4084,Jtepdru,ravencrest,1490,druid,restoration,132,67,65
4085,Atôtheex,kazzak,1488,druid,restoration,43,21,22
4086,Guccicken,garona,1487,druid,restoration,173,92,81
4087,Skailzdruid,hyjal,1482,druid,restoration,146,90,56
4088,Фапдрим,howling-fjord,1480,druid,restoration,246,123,123
4089,Xoat,marécage-de-zangar,1479,druid,restoration,36,23,13
4090,Phala,outland,1478,druid,restoration,48,20,28
4091,Tunling,ravencrest,1477,druid,restoration,54,35,19
4092,Supremecat,kazzak,1477,druid,restoration,66,38,28
4093,Pureballs,twisting-nether,1477,druid,restoration,165,93,72
4094,Nyxxz,shattered-hand,1477,druid,restoration,36,19,17
4095,Xôárqt,aegwynn,1477,druid,restoration,72,33,39
4096,Nasgra,malganis,1473,druid,restoration,41,17,24
4097,Halyconwings,outland,1470,druid,restoration,57,29,28
4098,Islandbôy,blackrock,1470,druid,restoration,42,16,26
4099,Hashtagone,ysondre,1468,druid,restoration,47,23,24
4100,Drukae,stormscale,1467,druid,restoration,42,20,22
4101,Trúdl,das-konsortium,1466,druid,restoration,24,18,6
4102,Drbse,silvermoon,1461,druid,restoration,56,28,28
4103,Цукерище,gordunni,1459,druid,restoration,40,25,15
4104,Cliftshifter,outland,1458,druid,restoration,36,25,11
4105,Styleexd,ragnaros,1458,druid,restoration,69,39,30
4106,Spliçe,draenor,1458,druid,restoration,42,21,21
4107,Arlandia,drakthul,1458,druid,restoration,42,17,25
4108,Bakicadr,sylvanas,1454,druid,restoration,27,17,10
4109,Cptfalcony,outland,1453,druid,restoration,42,24,18
4110,Ööh,outland,1453,druid,restoration,48,25,23
4111,Warami,eredar,1453,druid,restoration,54,24,30
4112,Euskal,chogall,1451,druid,restoration,42,18,24
4113,Deltalol,blackmoore,1450,druid,restoration,48,25,23
4114,Sandirion,silvermoon,1450,druid,restoration,452,224,228
4115,Tamburoo,tarren-mill,1449,druid,restoration,119,52,67
4116,Dafapa,twilights-hammer,1447,druid,restoration,42,21,21
4117,Vashiko,tarren-mill,1446,druid,restoration,83,41,42
4118,Brorsnor,ravencrest,1445,druid,restoration,86,38,48
4119,Xyruden,kazzak,1441,druid,restoration,171,69,102
4120,Grololotte,dalaran,1439,druid,restoration,168,91,77
4121,Shiftyshaft,tarren-mill,1439,druid,restoration,78,39,39
4122,Jnzymiau,blackrock,1438,druid,restoration,46,25,21
4123,Síggíe,eredar,1436,druid,restoration,30,17,13
4124,Shredzz,ravencrest,1436,druid,restoration,36,15,21
4125,Dartdogg,sanguino,1436,druid,restoration,65,22,43
4126,Блумха,howling-fjord,1435,druid,restoration,66,34,32
4127,Solàryx,hyjal,1434,druid,restoration,72,38,34
4128,Scra,anubarak,1433,druid,restoration,107,55,52
4129,Kukisanban,stormscale,1432,druid,restoration,314,168,146
4130,Làhen,ravencrest,1432,druid,restoration,154,74,80
4131,Ráw,dun-modr,1432,druid,restoration,64,28,36
4132,Брэвно,gordunni,1430,druid,restoration,225,116,109
4133,Delviri,stormreaver,1430,druid,restoration,92,46,46
4134,Bloompuf,draenor,1430,druid,restoration,96,42,54
4135,Pumplt,thrall,1429,druid,restoration,54,31,23
4136,Wenciorek,kazzak,1429,druid,restoration,93,47,46
4137,Maethar,stormrage,1428,druid,restoration,111,67,44
4138,Thanom,auchindoun,1428,druid,restoration,181,92,89
4139,Kittý,terokkar,1427,druid,restoration,156,76,80
4140,Analmonstret,shattered-hand,1427,druid,restoration,35,17,18
4141,Вексиус,gordunni,1425,druid,restoration,54,26,28
4142,Weisslogia,aegwynn,1424,druid,restoration,30,15,15
4143,Febricyla,blackmoore,1424,druid,restoration,48,23,25
4144,Filyina,blackrock,1424,druid,restoration,105,46,59
4145,Lukass,drakthul,1423,druid,restoration,158,81,77
4146,Georn,sylvanas,1423,druid,restoration,36,15,21
4147,Asanaria,ravencrest,1423,druid,restoration,83,34,49
4148,Clovér,outland,1422,druid,restoration,47,22,25
4149,Scaleo,stormreaver,1419,druid,restoration,66,42,24
4150,Tokifong,kazzak,1419,druid,restoration,36,15,21
4151,Eeivi,argent-dawn,1418,druid,restoration,135,70,65
4152,Mindru,sylvanas,1417,druid,restoration,45,22,23
4153,Twerkdabooty,azjolnerub,1416,druid,restoration,30,15,15
4154,Yunalaa,blackmoore,1415,druid,restoration,44,25,19
4155,Drineh,ravencrest,1415,druid,restoration,42,19,23
4156,Bearliheals,draenor,1414,druid,restoration,36,24,12
4157,Ráay,blackrock,1414,druid,restoration,66,34,32
4158,Rawillinen,kazzak,1413,druid,restoration,36,18,18
4159,Lestty,the-maelstrom,1412,druid,restoration,30,19,11
4160,Nayokô,grim-batol,1412,druid,restoration,36,20,16
4161,Kajiun,silvermoon,1411,druid,restoration,48,28,20
4162,Antheiaa,frostmane,1411,druid,restoration,72,32,40
4163,Mortagua,kazzak,1410,druid,restoration,36,15,21
4164,Jugaia,frostmourne,1409,druid,restoration,41,19,22
4165,Ilyethea,earthen-ring,1408,druid,restoration,447,237,210
4166,Друидсимба,howling-fjord,1407,druid,restoration,123,69,54
4167,Plàntz,tarren-mill,1406,druid,restoration,79,39,40
4168,Wooshy,kazzak,1403,druid,restoration,52,25,27
4169,Rytmusdudu,ragnaros,1403,druid,restoration,42,19,23
4170,Béccàbtw,draenor,1402,druid,restoration,30,16,14
4171,Theeix,silvermoon,1400,druid,restoration,36,18,18
4172,Fabsl,archimonde,1399,druid,restoration,36,15,21
4173,Hellofresh,silvermoon,1399,druid,restoration,54,21,33
4174,Kramit,stormscale,1397,druid,restoration,42,23,19
4175,Phebzdrood,archimonde,1396,druid,restoration,45,27,18
4176,Kooglaash,kazzak,1395,druid,restoration,97,47,50
4177,Wagoneis,grim-batol,1395,druid,restoration,58,28,30
4178,Cesn,vashj,1395,druid,restoration,42,15,27
4179,Shufflê,blackmoore,1392,druid,restoration,125,57,68
4180,Champaa,aggra-português,1392,druid,restoration,46,16,30
4181,Zyndril,silvermoon,1390,druid,restoration,38,17,21
4182,Катяблум,gordunni,1387,druid,restoration,84,36,48
4183,Jikuni,ravencrest,1386,druid,restoration,42,20,22
4184,Folzenqt,archimonde,1384,druid,restoration,56,21,35
4185,Ивантяй,gordunni,1381,druid,restoration,125,62,63
4186,Gandraste,neptulon,1379,druid,restoration,24,19,5
4187,Bägira,sylvanas,1379,druid,restoration,189,99,90
4188,Азя,blackscar,1379,druid,restoration,54,22,32
4189,Друлёнышь,eversong,1377,druid,restoration,161,82,79
4190,Blacksage,dragonmaw,1376,druid,restoration,107,50,57
4191,Fth,dethecus,1375,druid,restoration,24,16,8
4192,Spacedout,taerar,1375,druid,restoration,61,33,28
4193,Bennydruid,kazzak,1373,druid,restoration,70,28,42
4194,Badbloom,ravencrest,1370,druid,restoration,46,22,24
4195,Erebear,ravencrest,1369,druid,restoration,59,34,25
4196,Òniz,hyjal,1367,druid,restoration,24,17,7
4197,Мекс,gordunni,1366,druid,restoration,23,15,8
4198,Balanc,ragnaros,1366,druid,restoration,42,22,20
4199,Hideme,tarren-mill,1366,druid,restoration,72,31,41
4200,Avimoo,tarren-mill,1364,druid,restoration,41,22,19
4201,Bigßoi,stormscale,1364,druid,restoration,84,44,40
4202,Badbeliø,hyjal,1360,druid,restoration,82,31,51
4203,Cörelly,ravencrest,1358,druid,restoration,187,108,79
4204,Zwierzyniec,jaedenar,1357,druid,restoration,60,27,33
4205,Xontpos,stormscale,1356,druid,restoration,24,15,9
4206,Naruhot,archimonde,1353,druid,restoration,25,15,10
4207,Sertris,kazzak,1352,druid,restoration,58,23,35
4208,Althei,argent-dawn,1349,druid,restoration,45,22,23
4209,Wwvwwvwwvwvw,burning-legion,1347,druid,restoration,75,27,48
4210,Ipossible,kazzak,1347,druid,restoration,48,16,32
4211,Hotsandpot,outland,1346,druid,restoration,36,15,21
4212,Feralgodx,quelthalas,1344,druid,restoration,27,16,11
4213,Zaeli,archimonde,1344,druid,restoration,24,14,10
4214,Cyclonebroo,blackmoore,1344,druid,restoration,29,15,14
4215,Papjin,blackhand,1343,druid,restoration,30,18,12
4216,Lindémann,blackhand,1343,druid,restoration,36,19,17
4217,Acxaryl,ravencrest,1343,druid,restoration,30,14,16
4218,Mòzat,stormscale,1342,druid,restoration,24,14,10
4219,Asklepion,twisting-nether,1342,druid,restoration,30,14,16
4220,Рефикс,gordunni,1340,druid,restoration,109,68,41
4221,Bibeed,blackmoore,1339,druid,restoration,36,14,22
4222,Ванечка,razuvious,1337,druid,restoration,36,14,22
4223,Hotsexpress,aegwynn,1336,druid,restoration,36,15,21
4224,Shifthappénz,draenor,1334,druid,restoration,60,28,32
4225,Likh,das-konsortium,1332,druid,restoration,24,14,10
4226,Yenwe,kazzak,1332,druid,restoration,185,96,89
4227,Bronox,ragnaros,1332,druid,restoration,59,27,32
4228,Вакидзами,gordunni,1331,druid,restoration,48,28,20
4229,Nelffie,kazzak,1330,druid,restoration,114,64,50
4230,Autoritär,gilneas,1326,druid,restoration,106,58,48
4231,Senoka,shattrath,1326,druid,restoration,54,29,25
4232,Minipilsen,outland,1325,druid,restoration,36,16,20
4233,Knzm,dun-modr,1323,druid,restoration,120,62,58
4234,Çãm,magtheridon,1321,druid,restoration,24,14,10
4235,Microw,ghostlands,1321,druid,restoration,111,59,52
4236,Buckxxz,nazjatar,1320,druid,restoration,30,17,13
4237,Exïlla,archimonde,1320,druid,restoration,30,15,15
4238,Koemarkt,sunstrider,1319,druid,restoration,46,29,17
4239,Endoplazmik,silvermoon,1319,druid,restoration,61,36,25
4240,Chinoiserie,aszune,1319,druid,restoration,185,99,86
4241,Brømberry,blackrock,1319,druid,restoration,41,17,24
4242,Trõn,draenor,1318,druid,restoration,119,69,50
4243,Rabacki,blackmoore,1318,druid,restoration,84,38,46
4244,Крайсонг,soulflayer,1316,druid,restoration,36,18,18
4245,Groundpovx,blackmoore,1315,druid,restoration,30,14,16
4246,Elysea,antonidas,1315,druid,restoration,54,25,29
4247,Feinberg,stormscale,1315,druid,restoration,47,15,32
4248,Mangy,xavius,1309,druid,restoration,78,39,39
4249,Иггдрассиль,blackscar,1309,druid,restoration,30,15,15
4250,Nuwell,arathor,1309,druid,restoration,132,62,70
4251,Closér,stormscale,1307,druid,restoration,54,27,27
4252,Disclaimed,twisting-nether,1307,druid,restoration,36,15,21
4253,Cultivatedz,twisting-nether,1306,druid,restoration,54,24,30
4254,Basilethe,hyjal,1304,druid,restoration,30,17,13
4255,Glaskål,draenor,1304,druid,restoration,48,17,31
4256,Boomayé,archimonde,1301,druid,restoration,56,34,22
4257,Hanibalector,silvermoon,1298,druid,restoration,45,24,21
4258,Ekologiskxx,outland,1296,druid,restoration,85,40,45
4259,Wannabanhere,outland,1295,druid,restoration,41,16,25
4260,Atsumåsterx,archimonde,1294,druid,restoration,46,19,27
4261,Beesoup,blackrock,1291,druid,restoration,21,15,6
4262,Phatbushy,silvermoon,1291,druid,restoration,35,16,19
4263,Karodoom,twisting-nether,1290,druid,restoration,42,26,16
4264,Idect,silvermoon,1290,druid,restoration,124,63,61
4265,Flum,darksorrow,1289,druid,restoration,149,77,72
4266,Varrdru,kazzak,1288,druid,restoration,91,42,49
4267,Khalec,silvermoon,1287,druid,restoration,40,24,16
4268,Хуссипусси,galakrond,1285,druid,restoration,29,14,15
4269,Parkydru,draenor,1284,druid,restoration,24,15,9
4270,Kattig,grim-batol,1284,druid,restoration,44,21,23
4271,Seikoo,defias-brotherhood,1284,druid,restoration,91,41,50
4272,Morfer,grim-batol,1283,druid,restoration,133,69,64
4273,Yeats,blackmoore,1283,druid,restoration,42,17,25
4274,Wazam,kazzak,1281,druid,restoration,122,62,60
4275,Paawz,stormscale,1281,druid,restoration,65,33,32
4276,Царапкатян,gordunni,1280,druid,restoration,158,71,87
4277,Leliaen,sylvanas,1278,druid,restoration,75,39,36
4278,Panørax,archimonde,1277,druid,restoration,29,14,15
4279,Cubalitis,tarren-mill,1276,druid,restoration,39,24,15
4280,Mv,gorgonnash,1276,druid,restoration,52,27,25
4281,Zaratras,arathor,1276,druid,restoration,79,39,40
4282,Nøbødy,silvermoon,1276,druid,restoration,29,14,15
4283,Кнесис,howling-fjord,1274,druid,restoration,49,28,21
4284,Rrayed,kazzak,1274,druid,restoration,94,47,47
4285,Урька,blackscar,1273,druid,restoration,71,32,39
4286,Diastra,silvermoon,1268,druid,restoration,220,111,109
4287,Mchots,ragnaros,1267,druid,restoration,95,42,53
4288,Walexx,kazzak,1266,druid,restoration,44,25,19
4289,Delmond,sylvanas,1266,druid,restoration,185,93,92
4290,Nalreaa,kazzak,1265,druid,restoration,48,27,21
4291,Lalon,blackrock,1265,druid,restoration,48,24,24
4292,Noxlunaire,ravencrest,1265,druid,restoration,58,25,33
4293,Elainx,thrall,1264,druid,restoration,30,16,14
4294,Дюссельдорф,blackscar,1263,druid,restoration,30,19,11
4295,Shelby,tirion,1263,druid,restoration,81,41,40
4296,Dortalon,outland,1263,druid,restoration,60,22,38
4297,Обейрин,gordunni,1261,druid,restoration,78,40,38
4298,Cuxorb,rexxar,1259,druid,restoration,48,21,27
4299,Delarion,nemesis,1258,druid,restoration,36,21,15
4300,Lépaw,twisting-nether,1257,druid,restoration,71,36,35
4301,Zadrood,rashgarroth,1254,druid,restoration,33,16,17
4302,Närthex,kazzak,1253,druid,restoration,24,14,10
4303,Solstrale,ravencrest,1252,druid,restoration,67,29,38
4304,Bloomer,stormreaver,1251,druid,restoration,42,21,21
4305,Arulol,aegwynn,1250,druid,restoration,36,16,20
4306,Випера,gordunni,1249,druid,restoration,36,19,17
4307,Liquis,outland,1249,druid,restoration,109,56,53
4308,Nizkul,dun-modr,1249,druid,restoration,80,37,43
4309,Deltsur,stormscale,1247,druid,restoration,35,17,18
4310,Кэлиборн,gordunni,1246,druid,restoration,53,26,27
4311,Callìa,sylvanas,1246,druid,restoration,42,19,23
4312,Nediena,twisting-nether,1246,druid,restoration,36,13,23
4313,Xomeboci,draenor,1246,druid,restoration,42,14,28
4314,Doodougie,silvermoon,1245,druid,restoration,30,13,17
4315,Mitnik,stormscale,1244,druid,restoration,122,71,51
4316,Hotlotta,aegwynn,1244,druid,restoration,24,13,11
4317,Naphé,ysondre,1243,druid,restoration,18,13,5
4318,Crep,krasus,1243,druid,restoration,30,21,9
4319,Erdnuckèl,antonidas,1242,druid,restoration,27,18,9
4320,Gnaro,ragnaros,1242,druid,restoration,76,40,36
4321,Göli,argent-dawn,1240,druid,restoration,32,16,16
4322,Maqer,argent-dawn,1240,druid,restoration,38,18,20
4323,Siuo,ravencrest,1240,druid,restoration,30,13,17
4324,Amoreah,silvermoon,1239,druid,restoration,103,45,58
4325,Ironveins,ravencrest,1238,druid,restoration,42,28,14
4326,Ceapamatii,sylvanas,1238,druid,restoration,48,28,20
4327,Juicy,stormreaver,1237,druid,restoration,42,26,16
4328,ßløøm,outland,1236,druid,restoration,24,16,8
4329,Irondruid,silvermoon,1236,druid,restoration,105,58,47
4330,Artichte,archimonde,1236,druid,restoration,24,13,11
4331,Mutato,draenor,1234,druid,restoration,198,111,87
4332,Ghaara,outland,1231,druid,restoration,49,28,21
4333,Julss,archimonde,1230,druid,restoration,78,37,41
4334,Корнерит,gordunni,1229,druid,restoration,82,43,39
4335,Razmus,lightbringer,1226,druid,restoration,24,13,11
4336,Acwi,dun-morogh,1226,druid,restoration,72,36,36
4337,Ninø,gorgonnash,1226,druid,restoration,51,25,26
4338,Канимэ,howling-fjord,1226,druid,restoration,30,13,17
4339,Weregoon,blackmoore,1225,druid,restoration,191,91,100
4340,Jyggz,azshara,1224,druid,restoration,33,19,14
4341,Akasuky,thrall,1224,druid,restoration,24,13,11
4342,Sgtdrood,archimonde,1223,druid,restoration,30,13,17
4343,Herbiko,turalyon,1222,druid,restoration,110,60,50
4344,Duharbrahud,outland,1222,druid,restoration,30,13,17
4345,Fettpumpad,karazhan,1221,druid,restoration,103,59,44
4346,Harei,archimonde,1221,druid,restoration,24,13,11
4347,Ekaterina,dun-morogh,1220,druid,restoration,30,16,14
4348,Siako,sanguino,1218,druid,restoration,71,32,39
4349,Eko,auchindoun,1216,druid,restoration,99,48,51
4350,Arear,frostmane,1216,druid,restoration,85,40,45
4351,Bonsai,terrordar,1215,druid,restoration,43,21,22
4352,Tommix,ravencrest,1214,druid,restoration,26,14,12
4353,Киберужас,gordunni,1214,druid,restoration,173,90,83
4354,Deretus,blackmoore,1213,druid,restoration,34,13,21
4355,Dreaddot,archimonde,1210,druid,restoration,24,13,11
4356,Didi,frostwhisper,1210,druid,restoration,80,34,46
4357,Zelíx,bronzebeard,1208,druid,restoration,71,41,30
4358,Cazzette,grim-batol,1208,druid,restoration,46,26,20
4359,Aebí,dalaran,1208,druid,restoration,24,13,11
4360,Forzaed,twisting-nether,1207,druid,restoration,24,13,11
4361,Shapeshafter,twisting-nether,1207,druid,restoration,114,56,58
4362,Ubbeleg,kazzak,1206,druid,restoration,30,18,12
4363,Vícvega,ravencrest,1206,druid,restoration,52,28,24
4364,Midnightstry,alakir,1206,druid,restoration,304,158,146
4365,Sariel,saurfang,1206,druid,restoration,69,31,38
4366,Tsurío,thrall,1205,druid,restoration,72,42,30
4367,Hordzee,blackmoore,1205,druid,restoration,24,14,10
4368,Эверих,soulflayer,1203,druid,restoration,71,34,37
4369,Schwertlilie,aegwynn,1202,druid,restoration,29,13,16
4370,Дилайт,blackscar,1201,druid,restoration,30,13,17
4371,Saberrtooth,twisting-nether,1201,druid,restoration,66,25,41
4372,Namenloser,azshara,1200,druid,restoration,72,39,33
4373,Goodzychoo,silvermoon,1199,druid,restoration,36,17,19
4374,Weiden,twisting-nether,1199,druid,restoration,42,19,23
4375,Basajáun,dun-modr,1198,druid,restoration,60,21,39
4376,Karlsn,ravencrest,1197,druid,restoration,25,14,11
4377,Amakary,blackrock,1193,druid,restoration,42,19,23
4378,Стенлимур,eversong,1191,druid,restoration,54,27,27
4379,Vanlise,ravencrest,1191,druid,restoration,66,30,36
4380,Plsbuffdruid,ravencrest,1189,druid,restoration,28,14,14
4381,Yazari,nathrezim,1188,druid,restoration,36,14,22
4382,Chable,hyjal,1187,druid,restoration,60,31,29
4383,Secondage,blackmoore,1185,druid,restoration,36,15,21
4384,Jiujiteiro,tarren-mill,1184,druid,restoration,47,26,21
4385,Baldurix,blackrock,1184,druid,restoration,32,15,17
4386,Collîî,aegwynn,1183,druid,restoration,44,25,19
4387,Røxhot,archimonde,1182,druid,restoration,23,13,10
4388,Inkeyes,outland,1182,druid,restoration,107,45,62
4389,Kattbjörnen,ragnaros,1181,druid,restoration,90,45,45
4390,Nissemand,ravencrest,1180,druid,restoration,54,28,26
4391,Papanik,tarren-mill,1179,druid,restoration,54,30,24
4392,Soratess,azshara,1179,druid,restoration,45,19,26
4393,Amberleaff,auchindoun,1178,druid,restoration,31,16,15
4394,Arazorwyn,ravencrest,1174,druid,restoration,48,31,17
4395,Hílarío,sanguino,1174,druid,restoration,38,13,25
4396,Restopesto,silvermoon,1173,druid,restoration,38,22,16
4397,Tsuteymanga,veknilash,1172,druid,restoration,66,33,33
4398,Bonza,agamaggan,1172,druid,restoration,48,20,28
4399,Digestivebis,defias-brotherhood,1170,druid,restoration,91,55,36
4400,Shinymoomoo,tarren-mill,1169,druid,restoration,27,14,13
4401,Vioboomie,blackrock,1168,druid,restoration,27,14,13
4402,Xdrus,argent-dawn,1166,druid,restoration,50,26,24
4403,Вертуос,soulflayer,1166,druid,restoration,51,23,28
4404,Halleyz,hyjal,1163,druid,restoration,135,70,65
4405,Bynxx,antonidas,1163,druid,restoration,118,57,61
4406,Maxekaxe,sylvanas,1162,druid,restoration,35,16,19
4407,Forzend,twisting-nether,1161,druid,restoration,20,13,7
4408,Krizak,eredar,1161,druid,restoration,65,37,28
4409,Дудумейстер,howling-fjord,1160,druid,restoration,144,60,84
4410,Lucael,blackmoore,1160,druid,restoration,60,22,38
4411,Makelsi,tarren-mill,1158,druid,restoration,36,15,21
4412,Kbåkå,ravencrest,1157,druid,restoration,36,17,19
4413,Røsary,stormscale,1156,druid,restoration,81,43,38
4414,Mochiløxz,tarren-mill,1155,druid,restoration,24,13,11
4415,Walenok,thrall,1155,druid,restoration,185,90,95
4416,Cäsïo,khaz-modan,1154,druid,restoration,54,32,22
4417,Corias,blackmoore,1154,druid,restoration,42,14,28
4418,Stevedru,ravencrest,1152,druid,restoration,18,12,6
4419,Ÿdrassia,archimonde,1152,druid,restoration,44,17,27
4420,Lfsecondreju,ravencrest,1151,druid,restoration,18,12,6
4421,Dyloxe,silvermoon,1151,druid,restoration,24,12,12
4422,Ковамедведь,borean-tundra,1151,druid,restoration,65,27,38
4423,Hotop,draenor,1151,druid,restoration,30,12,18
4424,Древнина,gordunni,1150,druid,restoration,96,51,45
4425,Rozt,ravencrest,1150,druid,restoration,24,12,12
4426,Dreathqt,twisting-nether,1150,druid,restoration,24,12,12
4427,Burattino,draenor,1147,druid,restoration,12,12,0
4428,Olympïee,archimonde,1147,druid,restoration,24,12,12
4429,Zuuhhl,ravencrest,1146,druid,restoration,18,12,6
4430,Eluñeãdore,silvermoon,1146,druid,restoration,41,26,15
4431,Elmáestró,aegwynn,1146,druid,restoration,24,12,12
4432,Bigbones,frostwolf,1146,druid,restoration,60,22,38
4433,Mikshak,drakthul,1144,druid,restoration,24,12,12
4434,Séyla,blackrock,1143,druid,restoration,18,12,6
4435,Trànsformer,nemesis,1142,druid,restoration,30,12,18
4436,Ajwen,tarren-mill,1141,druid,restoration,30,12,18
4437,Clownrad,tarren-mill,1141,druid,restoration,30,12,18
4438,Stuu,nathrezim,1140,druid,restoration,24,12,12
4439,Shenandoah,hyjal,1139,druid,restoration,36,20,16
4440,Adiycrazy,outland,1138,druid,restoration,54,22,32
4441,Hót,ravencrest,1138,druid,restoration,42,14,28
4442,Qri,ahnqiraj,1137,druid,restoration,18,12,6
4443,Golddy,hyjal,1136,druid,restoration,80,38,42
4444,Lisovamavka,draenor,1134,druid,restoration,64,32,32
4445,Exane,ragnaros,1132,druid,restoration,24,14,10
4446,Spacenoub,archimonde,1130,druid,restoration,24,12,12
4447,Bioházard,blackrock,1129,druid,restoration,30,17,13
4448,Thunderzeus,mazrigos,1129,druid,restoration,40,20,20
4449,Curoahojas,silvermoon,1129,druid,restoration,124,53,71
4450,Druiddingo,lightnings-blade,1127,druid,restoration,24,12,12
4451,Druibe,burning-legion,1127,druid,restoration,56,23,33
4452,Simplydrood,archimonde,1127,druid,restoration,30,12,18
4453,Dadud,twisting-nether,1126,druid,restoration,30,18,12
4454,Betelgues,kazzak,1126,druid,restoration,108,60,48
4455,Дремлин,deathguard,1123,druid,restoration,131,63,68
4456,Madshad,draenor,1121,druid,restoration,30,12,18
4457,Vranz,draenor,1120,druid,restoration,67,32,35
4458,Bazilika,argent-dawn,1119,druid,restoration,107,60,47
4459,Raysa,archimonde,1119,druid,restoration,69,35,34
4460,Moonshîne,arygos,1117,druid,restoration,94,54,40
4461,Kikinho,argent-dawn,1117,druid,restoration,24,12,12
4462,Сваткумбрат,eversong,1117,druid,restoration,102,38,64
4463,Maryjuanita,silvermoon,1116,druid,restoration,146,64,82
4464,Farodiin,blackmoore,1114,druid,restoration,96,50,46
4465,Feyzoude,ysondre,1113,druid,restoration,16,13,3
4466,Lïlja,tarren-mill,1113,druid,restoration,24,15,9
4467,Ndnd,drakthul,1112,druid,restoration,82,42,40
4468,Legharta,ravencrest,1111,druid,restoration,84,31,53
4469,Saimdude,blackrock,1108,druid,restoration,42,21,21
4470,Blazor,eredar,1108,druid,restoration,52,24,28
4471,Arfedan,kazzak,1106,druid,restoration,66,35,31
4472,Klerosa,moonglade,1105,druid,restoration,56,24,32
4473,Berdix,ragnaros,1103,druid,restoration,25,14,11
4474,Zirkuszwei,aegwynn,1102,druid,restoration,29,14,15
4475,Vertymbras,hyjal,1101,druid,restoration,44,25,19
4476,Ankhenature,outland,1100,druid,restoration,71,40,31
4477,Shadowmeld,stormreaver,1100,druid,restoration,32,13,19
4478,Catkayn,stormscale,1100,druid,restoration,36,12,24
4479,Räysa,archimonde,1098,druid,restoration,214,105,109
4480,Ccmydcv,archimonde,1095,druid,restoration,25,13,12
4481,Snowrk,hyjal,1093,druid,restoration,54,31,23
4482,Tharandrél,argent-dawn,1092,druid,restoration,72,20,52
4483,Тианна,razuvious,1091,druid,restoration,48,24,24
4484,Zillo,stormscale,1091,druid,restoration,80,34,46
4485,Thornat,chamber-of-aspects,1089,druid,restoration,35,19,16
4486,Mayte,ragnaros,1088,druid,restoration,23,14,9
4487,Ganoförd,zuljin,1087,druid,restoration,19,13,6
4488,Relache,twisting-nether,1086,druid,restoration,42,23,19
4489,Hypnosoad,outland,1086,druid,restoration,136,61,75
4490,Alexstraza,arthas,1085,druid,restoration,25,13,12
4491,Jamburapro,sylvanas,1083,druid,restoration,89,49,40
4492,Georn,bladefist,1079,druid,restoration,17,12,5
4493,Vurgyl,hyjal,1079,druid,restoration,54,33,21
4494,Wyngx,blackrock,1076,druid,restoration,60,34,26
4495,Zarlaac,ravencrest,1075,druid,restoration,66,27,39
4496,Spikill,uldaman,1074,druid,restoration,18,12,6
4497,Lïs,the-maelstrom,1074,druid,restoration,31,17,14
4498,Drúídárn,talnivarr,1074,druid,restoration,54,26,28
4499,Bloomly,tarren-mill,1073,druid,restoration,36,18,18
4500,Jagerdog,archimonde,1072,druid,restoration,13,12,1
4501,Алунар,lich-king,1070,druid,restoration,84,39,45
4502,Petitchät,archimonde,1069,druid,restoration,46,23,23
4503,Инский,howling-fjord,1069,druid,restoration,49,24,25
4504,Mirana,drakthul,1067,druid,restoration,39,21,18
4505,Аматэррасу,blackscar,1067,druid,restoration,36,18,18
4506,Elanrya,argent-dawn,1066,druid,restoration,53,15,38
4507,Gyvunas,silvermoon,1065,druid,restoration,43,25,18
4508,Niknoom,azjolnerub,1065,druid,restoration,96,55,41
4509,Djungelgrabb,twisting-nether,1064,druid,restoration,48,22,26
4510,Hotouck,hyjal,1063,druid,restoration,32,18,14
4511,Dreäms,ravencrest,1063,druid,restoration,152,83,69
4512,Shadowcat,archimonde,1063,druid,restoration,25,12,13
4513,Shylanna,ragnaros,1057,druid,restoration,28,12,16
4514,Justforgames,ravencrest,1056,druid,restoration,12,11,1
4515,Degentiuso,alakir,1056,druid,restoration,30,21,9
4516,Bananadru,stormscale,1056,druid,restoration,18,11,7
4517,Kobrá,ravencrest,1056,druid,restoration,18,11,7
4518,Isitbleedin,silvermoon,1056,druid,restoration,18,11,7
4519,Taurvid,outland,1056,druid,restoration,24,11,13
4520,Лабирошка,blackscar,1056,druid,restoration,24,11,13
4521,Хлайси,gordunni,1056,druid,restoration,24,11,13
4522,Happypeanut,blackmoore,1055,druid,restoration,18,11,7
4523,Fotmrerollér,darksorrow,1055,druid,restoration,63,34,29
4524,Дуггизавр,howling-fjord,1055,druid,restoration,24,11,13
4525,Арбузир,howling-fjord,1055,druid,restoration,54,21,33
4526,Ðezo,stormscale,1055,druid,restoration,30,11,19
4527,Oschlandor,blackmoore,1054,druid,restoration,12,11,1
4528,Emodruid,sunstrider,1054,druid,restoration,18,11,7
4529,Solern,ravencrest,1054,druid,restoration,24,11,13
4530,Azchuk,blackmoore,1054,druid,restoration,24,11,13
4531,Светдру,blackscar,1054,druid,restoration,24,11,13
4532,Ssonty,drakthul,1054,druid,restoration,24,11,13
4533,Wernøs,archimonde,1054,druid,restoration,27,12,15
4534,Dârkacêû,blackmoore,1053,druid,restoration,24,11,13
4535,Elviiradruid,tarren-mill,1053,druid,restoration,24,11,13
4536,Jackyblue,silvermoon,1053,druid,restoration,30,11,19
4537,Noskillx,auchindoun,1052,druid,restoration,12,11,1
4538,Тчаёк,gordunni,1052,druid,restoration,21,13,8
4539,Benjosef,blackmoore,1051,druid,restoration,62,31,31
4540,Коляскальяс,howling-fjord,1051,druid,restoration,27,12,15
4541,Druidenbeton,antonidas,1050,druid,restoration,24,13,11
4542,Exilia,kragjin,1050,druid,restoration,24,11,13
4543,Spidete,sanguino,1049,druid,restoration,78,41,37
4544,Moonfan,darkmoon-faire,1049,druid,restoration,36,14,22
4545,Влажныйдру,soulflayer,1048,druid,restoration,24,11,13
4546,Ghostbustér,emeriss,1047,druid,restoration,37,22,15
4547,Felfran,ravencrest,1047,druid,restoration,36,13,23
4548,Sodamncute,ravencrest,1046,druid,restoration,24,11,13
4549,Jehtrotull,nemesis,1046,druid,restoration,40,17,23
4550,Pzyhlol,anetheron,1045,druid,restoration,18,11,7
4551,Hopê,burning-legion,1043,druid,restoration,102,59,43
4552,Soný,aegwynn,1043,druid,restoration,24,11,13
4553,Ponytheone,burning-legion,1043,druid,restoration,30,11,19
4554,Suprot,aggramar,1042,druid,restoration,30,11,19
4555,Greengolly,argent-dawn,1042,druid,restoration,30,11,19
4556,Luarbak,kazzak,1041,druid,restoration,18,11,7
4557,Xenva,blackmoore,1041,druid,restoration,54,24,30
4558,Ранок,fordragon,1040,druid,restoration,24,11,13
4559,Жолудь,gordunni,1040,druid,restoration,66,28,38
4560,Dfjguidfg,baelgun,1040,druid,restoration,36,13,23
4561,Taatz,stormscale,1036,druid,restoration,61,25,36
4562,Pakù,archimonde,1033,druid,restoration,12,11,1
4563,Silvyan,silvermoon,1033,druid,restoration,27,11,16
4564,Vextron,burning-legion,1030,druid,restoration,26,13,13
4565,Xadidruîd,blackrock,1030,druid,restoration,42,11,31
4566,Mendozä,stormscale,1029,druid,restoration,82,38,44
4567,Storpboom,drakthul,1028,druid,restoration,31,13,18
4568,Chéchédroïd,marécage-de-zangar,1027,druid,restoration,64,30,34
4569,Klørfem,draenor,1027,druid,restoration,36,13,23
4570,Mayurí,kazzak,1026,druid,restoration,18,11,7
4571,Davincidru,tarren-mill,1026,druid,restoration,68,32,36
4572,Кишкинахир,razuvious,1025,druid,restoration,33,16,17
4573,Ella,kult-der-verdammten,1024,druid,restoration,24,15,9
4574,Raysien,doomhammer,1021,druid,restoration,24,13,11
4575,Shanikya,argent-dawn,1021,druid,restoration,44,20,24
4576,Elrroir,dun-modr,1021,druid,restoration,34,12,22
4577,Baroona,kazzak,1019,druid,restoration,24,14,10
4578,Tângo,eredar,1019,druid,restoration,31,15,16
4579,Malandrin,khazgoroth,1019,druid,restoration,55,25,30
4580,Jagu,blackrock,1018,druid,restoration,30,16,14
4581,Domsz,dalaran,1017,druid,restoration,51,22,29
4582,Эмканегодяйк,galakrond,1016,druid,restoration,95,50,45
4583,Омгдру,gordunni,1016,druid,restoration,117,53,64
4584,Lutzmiller,eredar,1013,druid,restoration,230,108,122
4585,Komiker,ravencrest,1011,druid,restoration,47,29,18
4586,Dobbmaster,aegwynn,1011,druid,restoration,244,121,123
4587,Dirtyhacks,blackmoore,1010,druid,restoration,36,17,19
4588,Флиперкэт,howling-fjord,1010,druid,restoration,36,12,24
4589,Ukri,ravencrest,1008,druid,restoration,22,11,11
4590,Akuda,blackrock,1004,druid,restoration,21,11,10
4591,Фэйблуд,blackscar,1004,druid,restoration,138,72,66
4592,Feedbark,stormscale,1002,druid,restoration,23,13,10
4593,Buitonix,khaz-modan,1002,druid,restoration,48,19,29
4594,Ушастикэ,gordunni,1001,druid,restoration,12,11,1
4595,Zerschmatzen,aegwynn,1001,druid,restoration,63,18,45
4596,Spiralout,nemesis,1000,druid,restoration,298,144,154
4597,Spankproof,kazzak,999,druid,restoration,20,12,8
4598,Pudseytree,doomhammer,996,druid,restoration,74,38,36
4599,Trolléverte,archimonde,996,druid,restoration,51,23,28
4600,Cárnagè,stormscale,996,druid,restoration,92,40,52
4601,Kirïllx,silvermoon,995,druid,restoration,24,12,12
4602,Дела,eversong,994,druid,restoration,36,21,15
4603,Sorahe,arthas,989,druid,restoration,20,12,8
4604,Sooamazing,korgall,987,druid,restoration,27,15,12
4605,Aolynk,twisting-nether,986,druid,restoration,35,12,23
4606,Bearinator,aggramar,985,druid,restoration,63,29,34
4607,Inspiredrood,archimonde,984,druid,restoration,107,58,49
4608,Weremyst,outland,982,druid,restoration,32,11,21
4609,Ellismera,argent-dawn,978,druid,restoration,36,17,19
4610,Robutt,runetotem,976,druid,restoration,22,12,10
4611,Liloè,onyxia,975,druid,restoration,48,24,24
4612,Arydan,quelthalas,974,druid,restoration,28,11,17
4613,Nali,arthas,972,druid,restoration,19,12,7
4614,Spoco,defias-brotherhood,972,druid,restoration,84,43,41
4615,Sinthorasia,blackrock,972,druid,restoration,28,12,16
4616,Ванилане,ashenvale,971,druid,restoration,66,27,39
4617,Menolao,dun-morogh,970,druid,restoration,32,18,14
4618,Torawara,ragnaros,969,druid,restoration,17,11,6
4619,Shaorma,ravencrest,964,druid,restoration,18,13,5
4620,Sfarcolacul,tarren-mill,964,druid,restoration,82,44,38
4621,Jimmorris,eredar,964,druid,restoration,24,11,13
4622,Jambonmaster,archimonde,963,druid,restoration,30,15,15
4623,Wegian,sylvanas,962,druid,restoration,63,36,27
4624,Wolfeiy,ravenholdt,961,druid,restoration,139,74,65
4625,Bntyx,dun-modr,960,druid,restoration,18,10,8
4626,Peterpain,grim-batol,960,druid,restoration,18,10,8
4627,Foxyfeet,outland,960,druid,restoration,18,10,8
4628,Caldino,tarren-mill,960,druid,restoration,23,11,12
4629,Eviency,outland,960,druid,restoration,24,10,14
4630,Crìmz,aszune,960,druid,restoration,36,10,26
4631,Worstdruid,sanguino,959,druid,restoration,12,10,2
4632,Блицклик,gordunni,959,druid,restoration,18,10,8
4633,Treedog,ravencrest,959,druid,restoration,18,10,8
4634,Snedden,silvermoon,959,druid,restoration,30,15,15
4635,Kasugia,aegwynn,959,druid,restoration,24,10,14
4636,Flåppers,stormscale,959,druid,restoration,24,10,14
4637,Tjann,darksorrow,959,druid,restoration,24,10,14
4638,Zmira,outland,959,druid,restoration,30,10,20
4639,Plantpuzzl,silvermoon,959,druid,restoration,36,10,26
4640,Bäckey,silvermoon,958,druid,restoration,12,10,2
4641,Rînaa,ravencrest,958,druid,restoration,18,10,8
4642,Iqfrags,silvermoon,957,druid,restoration,21,14,7
4643,Prayx,dalaran,957,druid,restoration,30,10,20
4644,Plúx,antonidas,956,druid,restoration,26,10,16
4645,Элеарсия,gordunni,956,druid,restoration,42,15,27
4646,Snuffurious,ragnaros,955,druid,restoration,18,10,8
4647,Indann,kazzak,955,druid,restoration,24,10,14
4648,Leafceld,aggra-português,955,druid,restoration,30,10,20
4649,Taèzoth,terokkar,954,druid,restoration,18,10,8
4650,Moonfetamine,silvermoon,954,druid,restoration,30,10,20
4651,Бульбион,gordunni,952,druid,restoration,24,11,13
4652,Энчантерес,gordunni,952,druid,restoration,30,10,20
4653,Maghh,ravencrest,951,druid,restoration,18,10,8
4654,Eô,antonidas,950,druid,restoration,18,10,8
4655,Buffspencer,ragnaros,950,druid,restoration,89,47,42
4656,Thieane,blackhand,948,druid,restoration,18,10,8
4657,Johndru,kazzak,948,druid,restoration,71,26,45
4658,Wrak,eonar,947,druid,restoration,18,10,8
4659,Zêrg,ysondre,946,druid,restoration,18,10,8
4660,Triplej,twisting-nether,946,druid,restoration,52,26,26
4661,Thélon,antonidas,945,druid,restoration,69,35,34
4662,Yespapa,kazzak,945,druid,restoration,232,116,116
4663,Zyska,outland,944,druid,restoration,199,87,112
4664,Cigamt,kazzak,943,druid,restoration,12,10,2
4665,Layzz,archimonde,943,druid,restoration,23,10,13
4666,Muju,stormscale,942,druid,restoration,66,30,36
4667,Erinark,aegwynn,940,druid,restoration,42,10,32
4668,Nimèl,argent-dawn,936,druid,restoration,42,18,24
4669,Draneis,les-sentinelles,934,druid,restoration,56,32,24
4670,Fubarmeep,outland,932,druid,restoration,42,22,20
4671,Krollix,dun-morogh,929,druid,restoration,47,25,22
4672,Trikill,hyjal,929,druid,restoration,49,20,29
4673,Loumpa,hyjal,928,druid,restoration,24,14,10
4674,Racadruid,antonidas,928,druid,restoration,36,10,26
4675,Maldrýn,stormscale,927,druid,restoration,17,10,7
4676,Gribix,kazzak,927,druid,restoration,18,10,8
4677,Ellinaki,neptulon,927,druid,restoration,84,42,42
4678,Santamonica,blackrock,927,druid,restoration,30,10,20
4679,Sinestah,ravencrest,926,druid,restoration,79,35,44
4680,Missfar,doomhammer,923,druid,restoration,42,16,26
4681,Djclonex,archimonde,922,druid,restoration,36,16,20
4682,Kaod,outland,918,druid,restoration,33,17,16
4683,Kkriss,stormscale,918,druid,restoration,22,11,11
4684,Shokazu,blackmoore,917,druid,restoration,70,32,38
4685,Çhuucky,khaz-modan,912,druid,restoration,60,16,44
4686,Yam,thrall,911,druid,restoration,23,10,13
4687,Allod,stormscale,910,druid,restoration,198,99,99
4688,Бехеровка,grom,910,druid,restoration,58,24,34
4689,Woodrla,sylvanas,908,druid,restoration,54,30,24
4690,Kárél,drakthul,906,druid,restoration,24,12,12
4691,Akifumi,archimonde,903,druid,restoration,35,11,24
4692,Celéry,silvermoon,896,druid,restoration,16,10,6
4693,Lorucka,die-nachtwache,894,druid,restoration,20,10,10
4694,Мирафлоресс,booty-bay,893,druid,restoration,82,34,48
4695,Борзойрог,soulflayer,890,druid,restoration,54,23,31
4696,Naturberserk,tarren-mill,887,druid,restoration,27,12,15
4697,Feanthur,drakthul,886,druid,restoration,148,72,76
4698,ßlackßåmßå,zuljin,886,druid,restoration,29,13,16
4699,Котанет,gordunni,879,druid,restoration,30,10,20
4700,Do,alakir,876,druid,restoration,24,10,14
4701,Lyarx,ragnaros,873,druid,restoration,42,20,22
4702,Bunnykiss,kazzak,873,druid,restoration,24,10,14
4703,Merakir,dun-modr,870,druid,restoration,66,22,44
4704,Spaartaa,blackhand,870,druid,restoration,36,10,26
4705,Argbjörn,sylvanas,868,druid,restoration,57,23,34
4706,Dokus,grim-batol,866,druid,restoration,30,11,19
4707,Healbrah,burning-blade,865,druid,restoration,54,10,44
4708,Иксвовски,gordunni,864,druid,restoration,18,9,9
4709,Viggez,outland,864,druid,restoration,18,9,9
4710,Лабирон,soulflayer,864,druid,restoration,24,9,15
4711,Tarshish,outland,863,druid,restoration,12,9,3
4712,Stonesight,argent-dawn,863,druid,restoration,12,9,3
4713,Madmanul,draenor,863,druid,restoration,18,9,9
4714,Místergreen,ravencrest,863,druid,restoration,18,9,9
4715,Jtsoigne,ysondre,863,druid,restoration,40,19,21
4716,Fatøumatä,archimonde,863,druid,restoration,24,9,15
4717,Greenlips,ravencrest,863,druid,restoration,30,9,21
4718,Drrood,stormscale,862,druid,restoration,12,9,3
4719,Brosephiné,stormscale,862,druid,restoration,18,9,9
4720,Csmedruid,blackrock,862,druid,restoration,18,9,9
4721,Yandris,argent-dawn,862,druid,restoration,18,9,9
4722,Barbesco,zuljin,861,druid,restoration,26,12,14
4723,Smucka,ragnaros,861,druid,restoration,24,9,15
4724,Fknmad,burning-blade,860,druid,restoration,12,9,3
4725,Thardruid,stormscale,860,druid,restoration,18,9,9
4726,Suunto,blackrock,859,druid,restoration,18,9,9
4727,Shadraw,arakarahm,857,druid,restoration,24,9,15
4728,Relxc,outland,854,druid,restoration,12,9,3
4729,Aivy,boulderfist,854,druid,restoration,37,17,20
4730,Happyhoter,blackrock,854,druid,restoration,24,9,15
4731,Nious,kazzak,853,druid,restoration,24,9,15
4732,Lunatrixs,dun-modr,852,druid,restoration,18,9,9
4733,Инуараши,ashenvale,851,druid,restoration,38,14,24
4734,Baineaordur,krasus,850,druid,restoration,18,9,9
4735,Nachtelf,lightbringer,850,druid,restoration,84,29,55
4736,Simouch,archimonde,848,druid,restoration,124,57,67
4737,Relay,ragnaros,847,druid,restoration,24,12,12
4738,Theridrax,twisting-nether,846,druid,restoration,20,9,11
4739,Jendiiss,drakthul,843,druid,restoration,22,11,11
4740,Chujogrzmot,kazzak,843,druid,restoration,23,9,14
4741,Iprex,outland,841,druid,restoration,18,10,8
4742,Seabath,kirin-tor,841,druid,restoration,24,9,15
4743,Houwalia,archimonde,840,druid,restoration,42,18,24
4744,Kaydjan,elune,839,druid,restoration,18,10,8
4745,Clearwipe,thunderhorn,835,druid,restoration,24,9,15
4746,Driiptoohard,turalyon,833,druid,restoration,87,37,50
4747,Robeala,twisting-nether,832,druid,restoration,42,17,25
4748,Rááy,blackrock,831,druid,restoration,17,9,8
4749,Maylika,hyjal,831,druid,restoration,52,13,39
4750,Ånåphorå,archimonde,830,druid,restoration,17,9,8
4751,Omegaheals,scarshield-legion,826,druid,restoration,30,13,17
4752,Nube,alonsus,826,druid,restoration,66,25,41
4753,Ruap,blackmoore,822,druid,restoration,20,10,10
4754,Blolzz,silvermoon,819,druid,restoration,24,9,15
4755,Metaboss,ravencrest,817,druid,restoration,71,24,47
4756,Kirkey,terokkar,816,druid,restoration,72,34,38
4757,Karvapersé,argent-dawn,816,druid,restoration,24,10,14
4758,Macanbre,tarren-mill,813,druid,restoration,54,22,32
4759,Droodfist,khaz-modan,805,druid,restoration,54,24,30
4760,Ratskrone,alleria,803,druid,restoration,72,30,42
4761,Kiadorn,stormreaver,799,druid,restoration,22,9,13
4762,Moontriix,kazzak,798,druid,restoration,22,9,13
4763,Avadakodavra,ravencrest,797,druid,restoration,36,10,26
4764,Trytargetme,outland,796,druid,restoration,17,9,8
4765,Lyndruid,sylvanas,788,druid,restoration,90,32,58
4766,Sacmycløne,draenor,786,druid,restoration,35,10,25
4767,Gladyon,ravencrest,785,druid,restoration,24,9,15
4768,Bidodici,nemesis,783,druid,restoration,135,57,78
4769,Lynysae,blackmoore,782,druid,restoration,17,9,8
4770,Mirreska,silvermoon,782,druid,restoration,36,9,27
4771,Buufu,kazzak,780,druid,restoration,19,9,10
4772,Lxstcentury,stormscale,768,druid,restoration,12,8,4
4773,Bunzor,sylvanas,768,druid,restoration,12,8,4
4774,Dablol,draenor,768,druid,restoration,12,8,4
4775,Ecological,outland,768,druid,restoration,12,8,4
4776,Nohos,blackrock,768,druid,restoration,18,8,10
4777,Zekmvp,silvermoon,768,druid,restoration,18,8,10
4778,Eldi,uldum,768,druid,restoration,18,8,10
4779,Flensí,stormscale,768,druid,restoration,18,8,10
4780,Lyricx,kazzak,768,druid,restoration,18,8,10
4781,Jin,the-venture-co,768,druid,restoration,18,8,10
4782,Ксенона,gordunni,768,druid,restoration,18,8,10
4783,Neverfall,aegwynn,768,druid,restoration,24,10,14
4784,Skilloxus,gilneas,768,druid,restoration,105,35,70
4785,Ajaÿ,sylvanas,768,druid,restoration,24,8,16
4786,Amaree,burning-legion,768,druid,restoration,24,8,16
4787,Pikkusuhnu,twisting-nether,768,druid,restoration,24,8,16
4788,Piggo,tarren-mill,767,druid,restoration,12,8,4
4789,Alexialol,silvermoon,767,druid,restoration,12,8,4
4790,Möllemäck,sylvanas,767,druid,restoration,12,8,4
4791,Fanboij,kazzak,767,druid,restoration,18,8,10
4792,Liunara,nemesis,767,druid,restoration,18,8,10
4793,Lavague,hyjal,767,druid,restoration,18,8,10
4794,Brindefolie,archimonde,767,druid,restoration,18,8,10
4795,Muminoses,burning-legion,767,druid,restoration,24,8,16
4796,Steuerung,twisting-nether,767,druid,restoration,24,8,16
4797,Dêrbombär,guldan,767,druid,restoration,24,8,16
4798,Saintbiose,dalaran,766,druid,restoration,12,8,4
4799,Seekx,silvermoon,766,druid,restoration,12,8,4
4800,Ghxsty,silvermoon,766,druid,restoration,18,8,10
4801,Uncleruccus,outland,766,druid,restoration,24,8,16
4802,Nutzlos,azshara,766,druid,restoration,102,30,72
4803,Razudru,nerathor,765,druid,restoration,15,8,7
4804,Crydotcom,aegwynn,765,druid,restoration,18,8,10
4805,Ischumekcid,anubarak,765,druid,restoration,18,8,10
4806,Memento,kazzak,765,druid,restoration,18,8,10
4807,Druidorie,ravencrest,765,druid,restoration,18,8,10
4808,Lil,elune,763,druid,restoration,30,8,22
4809,Uvøgin,ragnaros,762,druid,restoration,12,8,4
4810,Димитруа,howling-fjord,761,druid,restoration,18,8,10
4811,Catbear,kazzak,760,druid,restoration,49,20,29
4812,Друоид,howling-fjord,759,druid,restoration,24,8,16
4813,Kkthanks,twisting-nether,757,druid,restoration,12,8,4
4814,Semiflora,silvermoon,757,druid,restoration,24,8,16
4815,Лаегмерил,gordunni,756,druid,restoration,16,9,7
4816,Karmacowboy,ravencrest,756,druid,restoration,24,8,16
4817,Mandy,spinebreaker,755,druid,restoration,18,8,10
4818,Fòggie,silvermoon,755,druid,restoration,18,8,10
4819,Caturday,terrordar,755,druid,restoration,24,9,15
4820,Nargaí,kargath,753,druid,restoration,18,8,10
4821,Hootymactoot,magtheridon,752,druid,restoration,12,8,4
4822,Nezruslfour,dun-modr,752,druid,restoration,12,8,4
4823,Karochi,kazzak,751,druid,restoration,12,8,4
4824,Malfis,the-maelstrom,748,druid,restoration,18,8,10
4825,Wildblu,nemesis,748,druid,restoration,24,8,16
4826,Bug,eredar,747,druid,restoration,12,8,4
4827,Foyboy,ravencrest,747,druid,restoration,62,13,49
4828,Frostfox,ghostlands,741,druid,restoration,22,9,13
4829,Haveacoffee,stormscale,739,druid,restoration,54,17,37
4830,Skraks,ysondre,739,druid,restoration,30,8,22
4831,Ivysun,auchindoun,734,druid,restoration,20,9,11
4832,Saxondale,aszune,729,druid,restoration,18,8,10
4833,Лордсенка,eversong,721,druid,restoration,18,8,10
4834,Catman,eredar,717,druid,restoration,15,9,6
4835,Jakeparkki,sylvanas,714,druid,restoration,26,9,17
4836,Тремакулан,gordunni,711,druid,restoration,18,9,9
4837,Arthoriana,thrall,711,druid,restoration,35,8,27
4838,Avemonthemus,silvermoon,701,druid,restoration,23,9,14
4839,Sylocin,earthen-ring,699,druid,restoration,16,8,8
4840,Itswoland,emeriss,687,druid,restoration,11,8,3
4841,Найтед,gordunni,678,druid,restoration,17,10,7
4842,Магараганага,azuregos,675,druid,restoration,25,8,17
4843,Luuxiå,archimonde,672,druid,restoration,12,7,5
4844,Icecöld,silvermoon,672,druid,restoration,12,7,5
4845,Jakeffsake,stormscale,672,druid,restoration,12,7,5
4846,Zarune,sanguino,672,druid,restoration,12,7,5
4847,Innos,azshara,672,druid,restoration,12,7,5
4848,Noramun,alexstrasza,672,druid,restoration,12,7,5
4849,Антиблэк,soulflayer,672,druid,restoration,12,7,5
4850,Riddlerdruid,aegwynn,672,druid,restoration,12,7,5
4851,Ekexd,grim-batol,672,druid,restoration,12,7,5
4852,Maiverdr,ravencrest,672,druid,restoration,12,7,5
4853,Druidomedio,pozzo-delleternità,672,druid,restoration,12,7,5
4854,Juhato,outland,672,druid,restoration,18,7,11
4855,Holybarkzqt,aegwynn,672,druid,restoration,18,7,11
4856,Renewer,argent-dawn,672,druid,restoration,18,7,11
4857,Smightydr,silvermoon,672,druid,restoration,18,7,11
4858,Darkyblood,archimonde,672,druid,restoration,18,7,11
4859,Drèamer,ravencrest,672,druid,restoration,18,7,11
4860,Buzzlîghtyea,outland,672,druid,restoration,18,7,11
4861,Juhudy,kazzak,672,druid,restoration,18,7,11
4862,Фатуомуэрте,razuvious,672,druid,restoration,18,7,11
4863,Stormendru,kazzak,672,druid,restoration,24,7,17
4864,Yseraheal,drakthul,672,druid,restoration,24,7,17
4865,Стомпбр,gordunni,672,druid,restoration,24,7,17
4866,Norkenis,neptulon,671,druid,restoration,12,7,5
4867,Тое,soulflayer,671,druid,restoration,12,7,5
4868,Мамамышь,gordunni,671,druid,restoration,12,7,5
4869,Zatarmix,sylvanas,671,druid,restoration,12,7,5
4870,Darktigrou,archimonde,671,druid,restoration,12,7,5
4871,Jugai,archimonde,671,druid,restoration,12,7,5
4872,Pomdöner,echsenkessel,671,druid,restoration,12,7,5
4873,Badballance,outland,671,druid,restoration,12,7,5
4874,Kormakurr,silvermoon,671,druid,restoration,16,8,8
4875,Zkasnoname,archimonde,671,druid,restoration,18,7,11
4876,Азазиона,gordunni,671,druid,restoration,18,7,11
4877,Scuta,sylvanas,671,druid,restoration,18,7,11
4878,Wizår,outland,671,druid,restoration,18,7,11
4879,Sandh,uldum,671,druid,restoration,18,7,11
4880,Rosskemp,tarren-mill,671,druid,restoration,18,7,11
4881,Шеданна,gordunni,671,druid,restoration,24,7,17
4882,Bayerant,burning-legion,671,druid,restoration,24,7,17
4883,Behemothe,dalaran,670,druid,restoration,12,7,5
4884,Proxis,the-maelstrom,670,druid,restoration,18,7,11
4885,Muffinjump,outland,670,druid,restoration,18,7,11
4886,Driftmaster,defias-brotherhood,670,druid,restoration,18,7,11
4887,Imissclone,outland,670,druid,restoration,18,7,11
4888,Naicy,khaz-modan,670,druid,restoration,30,7,23
4889,Azenoir,ravencrest,669,druid,restoration,18,7,11
4890,Derie,nazjatar,669,druid,restoration,18,7,11
4891,Sâty,draenor,669,druid,restoration,18,7,11
4892,Ballosh,hyjal,669,druid,restoration,18,7,11
4893,Vickepicke,stormreaver,669,druid,restoration,18,7,11
4894,Gailiûga,kazzak,669,druid,restoration,25,8,17
4895,Ayehotx,ragnaros,668,druid,restoration,12,7,5
4896,Kezbaniye,silvermoon,668,druid,restoration,12,7,5
4897,Druidbox,ravencrest,668,druid,restoration,12,7,5
4898,Ultrassick,kazzak,668,druid,restoration,12,7,5
4899,Coínlíp,drakthul,668,druid,restoration,24,7,17
4900,Shäylä,sinstralis,667,druid,restoration,12,7,5
4901,Thaeldres,argent-dawn,667,druid,restoration,18,7,11
4902,Borne,aggra-português,666,druid,restoration,18,7,11
4903,Croassant,archimonde,665,druid,restoration,12,7,5
4904,Kasjuz,tarren-mill,665,druid,restoration,12,7,5
4905,Mcneil,wrathbringer,665,druid,restoration,18,7,11
4906,Bepanten,azshara,665,druid,restoration,18,7,11
4907,Syre,pozzo-delleternità,664,druid,restoration,12,7,5
4908,Druiddamage,the-maelstrom,660,druid,restoration,18,7,11
4909,Raktav,kazzak,659,druid,restoration,12,7,5
4910,Rukashi,die-aldor,659,druid,restoration,12,7,5
4911,Сутулоерыгло,howling-fjord,658,druid,restoration,20,7,13
4912,Arianator,culte-de-la-rive-noire,652,druid,restoration,18,7,11
4913,Foaqi,aegwynn,639,druid,restoration,16,7,9
4914,Lyvaley,dun-modr,629,druid,restoration,28,7,21
4915,Унаген,howling-fjord,624,druid,restoration,15,8,7
4916,Kùrámágødx,ravencrest,624,druid,restoration,17,7,10
4917,Нюхнимедведя,blackscar,623,druid,restoration,11,7,4
4918,Solutionx,aegwynn,618,druid,restoration,21,8,13
4919,Амильфийка,blackscar,617,druid,restoration,15,8,7
4920,ßïgßúll,twisting-nether,614,druid,restoration,19,8,11
4921,Chainbrake,sylvanas,611,druid,restoration,21,10,11
4922,Thespanker,aggramar,608,druid,restoration,10,7,3
4923,Heavysmoker,emeriss,607,druid,restoration,11,7,4
4924,Yamsha,dalaran,607,druid,restoration,16,7,9
4925,Метафрея,gordunni,605,druid,restoration,11,7,4
4926,Kerataas,lightnings-blade,603,druid,restoration,17,7,10
4927,Medreas,argent-dawn,594,druid,restoration,16,7,9
4928,Draxedin,kazzak,576,druid,restoration,6,6,0
4929,Poporseven,archimonde,576,druid,restoration,12,6,6
4930,Freddyßear,draenor,576,druid,restoration,12,6,6
4931,Outformpoly,ravencrest,576,druid,restoration,12,6,6
4932,Bøømerswågxx,twisting-nether,576,druid,restoration,12,6,6
4933,Biggttgothgf,doomhammer,576,druid,restoration,12,6,6
4934,Milkyheals,burning-blade,576,druid,restoration,12,6,6
4935,Felisin,ravencrest,576,druid,restoration,12,6,6
4936,Vacuumcleanr,ravencrest,576,druid,restoration,12,6,6
4937,Ferraribob,ravencrest,576,druid,restoration,12,6,6
4938,Bilmo,ragnaros,576,druid,restoration,12,6,6
4939,Vindruva,ravencrest,576,druid,restoration,12,6,6
4940,Tashani,blackhand,576,druid,restoration,12,6,6
4941,Mikeisbike,ragnaros,576,druid,restoration,12,6,6
4942,Kyssope,chants-éternels,576,druid,restoration,12,6,6
4943,Vijaja,aegwynn,576,druid,restoration,12,6,6
4944,Vacaleiteira,aggra-português,576,druid,restoration,12,6,6
4945,Zaelithree,archimonde,576,druid,restoration,12,6,6
4946,Jincksdru,ravencrest,576,druid,restoration,12,6,6
4947,Telpha,onyxia,576,druid,restoration,12,6,6
4948,Sakkosækk,ravencrest,576,druid,restoration,12,6,6
4949,Jhiun,ragnaros,576,druid,restoration,12,6,6
4950,Muraglia,pozzo-delleternità,576,druid,restoration,12,6,6
4951,Thorns,blackrock,576,druid,restoration,12,6,6
4952,Ravnac,aegwynn,576,druid,restoration,12,6,6
4953,Pogidruid,ragnaros,576,druid,restoration,12,6,6
4954,Cyriaan,eredar,576,druid,restoration,12,6,6
4955,Sálty,aegwynn,576,druid,restoration,12,6,6
4956,Theforest,stormscale,576,druid,restoration,12,6,6
4957,Animaldoh,kazzak,576,druid,restoration,18,6,12
4958,Neverpanic,stormscale,576,druid,restoration,18,6,12
4959,Джунали,howling-fjord,576,druid,restoration,18,6,12
4960,Swisz,bronzebeard,576,druid,restoration,18,6,12
4961,Bulldócer,sanguino,576,druid,restoration,18,6,12
4962,Tjillevippen,tarren-mill,576,druid,restoration,18,6,12
4963,Shaelx,nethersturm,576,druid,restoration,18,6,12
4964,Pölkky,argent-dawn,576,druid,restoration,18,6,12
4965,Lyalis,kazzak,576,druid,restoration,18,6,12
4966,Jìkkz,aegwynn,576,druid,restoration,24,6,18
4967,Meall,blackmoore,575,druid,restoration,6,6,0
4968,Afret,kazzak,575,druid,restoration,12,6,6
4969,Лэвиш,blackscar,575,druid,restoration,12,6,6
4970,Lucidor,frostmane,575,druid,restoration,12,6,6
4971,Mistgone,hyjal,575,druid,restoration,12,6,6
4972,Wykked,outland,575,druid,restoration,12,6,6
4973,Garbloom,silvermoon,575,druid,restoration,12,6,6
4974,Lanmìe,malganis,575,druid,restoration,12,6,6
4975,Jinxaran,culte-de-la-rive-noire,575,druid,restoration,12,6,6
4976,Geeorge,stormscale,575,druid,restoration,12,6,6
4977,Fondü,outland,575,druid,restoration,12,6,6
4978,Берды,gordunni,575,druid,restoration,12,6,6
4979,Iamsocute,silvermoon,575,druid,restoration,12,6,6
4980,Scarrymonsta,outland,575,druid,restoration,12,6,6
4981,Chicobullz,ysondre,575,druid,restoration,12,6,6
4982,Chintawaz,archimonde,575,druid,restoration,16,7,9
4983,Mayhh,ragnaros,575,druid,restoration,18,6,12
4984,Séifér,auchindoun,575,druid,restoration,18,6,12
4985,Sartipus,draenor,575,druid,restoration,18,6,12
4986,Fiq,silvermoon,575,druid,restoration,18,6,12
4987,Storfjåset,stormscale,575,druid,restoration,18,6,12
4988,Telaroxx,die-nachtwache,575,druid,restoration,18,6,12
4989,Pouletqt,archimonde,575,druid,restoration,18,6,12
4990,Урголяфа,gordunni,575,druid,restoration,18,6,12
4991,Enggetsu,drakthul,575,druid,restoration,18,6,12
4992,Mascraxx,earthen-ring,575,druid,restoration,18,6,12
4993,Ipiridian,kargath,575,druid,restoration,18,6,12
4994,Avilary,tarren-mill,575,druid,restoration,18,6,12
4995,Spritzer,tarren-mill,574,druid,restoration,12,6,6
4996,Ruberg,kazzak,574,druid,restoration,12,6,6
4997,Silverdice,thrall,574,druid,restoration,12,6,6
4998,Tsihsel,ravencrest,574,druid,restoration,12,6,6
4999,Rìften,stormscale,574,druid,restoration,18,6,12
5000,Wiyah,hyjal,574,druid,restoration,18,6,12
5001,Зервес,gordunni,574,druid,restoration,24,6,18
5002,Goatmeal,draenor,574,druid,restoration,24,6,18
5003,Visurat,tarren-mill,573,druid,restoration,12,6,6
5004,Oaky,alonsus,573,druid,restoration,12,6,6
5005,Kattman,tarren-mill,573,druid,restoration,18,6,12
5006,Ragdru,twisting-nether,573,druid,restoration,24,6,18
5007,Zalherbata,burning-legion,572,druid,restoration,18,6,12
5008,Theguyandbea,draenor,572,druid,restoration,24,6,18
5009,Nøboorst,ravencrest,571,druid,restoration,12,6,6
5010,Bearshift,aggra-português,571,druid,restoration,18,6,12
5011,Pussn,twisting-nether,570,druid,restoration,18,6,12
5012,Kelerun,blackhand,570,druid,restoration,24,6,18
5013,Эгерме24FA33,howling-fjord,569,druid,restoration,12,6,6
5014,Essya,earthen-ring,569,druid,restoration,31,7,24
5015,Roséa,ravencrest,568,druid,restoration,18,6,12
5016,Walkao,tarren-mill,566,druid,restoration,12,6,6
5017,Wellsie,blackmoore,565,druid,restoration,18,6,12
5018,Juggmusicxd,hyjal,543,druid,restoration,14,7,7
5019,Vlookup,tarren-mill,543,druid,restoration,17,6,11
5020,Márron,blackhand,542,druid,restoration,16,7,9
5021,Siahra,khaz-modan,534,druid,restoration,48,6,42
5022,Quorn,pozzo-delleternità,527,druid,restoration,13,7,6
5023,Deliveru,outland,527,druid,restoration,17,6,11
5024,Orgazmo,archimonde,526,druid,restoration,17,6,11
5025,Noodledru,tarren-mill,526,druid,restoration,21,6,15
5026,Laserlars,blackrock,522,druid,restoration,13,7,6
5027,Zagrem,antonidas,522,druid,restoration,16,7,9
5028,Dablolo,ravencrest,521,druid,restoration,12,7,5
5029,Auspicer,moonglade,519,druid,restoration,16,7,9
5030,Nøkki,draenor,517,druid,restoration,21,8,13
5031,Sethdr,hyjal,511,druid,restoration,20,6,14
5032,Piñaclo,archimonde,480,druid,restoration,6,5,1
5033,Druidtar,burning-steppes,480,druid,restoration,6,5,1
5034,Мегабамбук,soulflayer,480,druid,restoration,6,5,1
5035,Miskydruid,kazzak,480,druid,restoration,6,5,1
5036,Blòódý,ravencrest,480,druid,restoration,6,5,1
5037,Bobthebull,ragnaros,480,druid,restoration,6,5,1
5038,Quadpulse,ravencrest,480,druid,restoration,6,5,1
5039,Mykk,ravencrest,480,druid,restoration,6,5,1
5040,Jenovas,argent-dawn,480,druid,restoration,12,5,7
5041,Kvalitet,outland,480,druid,restoration,12,5,7
5042,Thatzdmg,blackmoore,480,druid,restoration,12,5,7
5043,Skirr,kelthuzad,480,druid,restoration,12,5,7
5044,Helløkittyßß,dun-modr,480,druid,restoration,12,5,7
5045,Miyá,sylvanas,480,druid,restoration,12,5,7
5046,Daisyx,eredar,480,druid,restoration,12,5,7
5047,Demncow,twisting-nether,480,druid,restoration,12,5,7
5048,Druidicchi,stormscale,480,druid,restoration,12,5,7
5049,Nightmoon,hellscream,480,druid,restoration,12,5,7
5050,Horstyolo,blackrock,480,druid,restoration,12,5,7
5051,Vaacku,stormreaver,480,druid,restoration,12,5,7
5052,Devastras,ravencrest,480,druid,restoration,12,5,7
5053,Druni,blackrock,480,druid,restoration,12,5,7
5054,Malacella,marécage-de-zangar,480,druid,restoration,12,5,7
5055,Asude,outland,480,druid,restoration,12,5,7
5056,Slimp,the-maelstrom,480,druid,restoration,12,5,7
5057,Búse,twisting-nether,480,druid,restoration,12,5,7
5058,Epicskin,kazzak,480,druid,restoration,12,5,7
5059,Marmotini,the-maelstrom,480,druid,restoration,12,5,7
5060,Jebaitor,tarren-mill,480,druid,restoration,12,5,7
5061,Holybarkz,aegwynn,480,druid,restoration,12,5,7
5062,Troc,karazhan,480,druid,restoration,12,5,7
5063,Pyctograhm,eldrethalas,480,druid,restoration,12,5,7
5064,Crysís,sanguino,480,druid,restoration,12,5,7
5065,Øxxy,ravencrest,480,druid,restoration,12,5,7
5066,Billydruida,sanguino,480,druid,restoration,12,5,7
5067,Solonely,argent-dawn,480,druid,restoration,12,5,7
5068,Pomjo,archimonde,480,druid,restoration,12,5,7
5069,Higuys,the-maelstrom,480,druid,restoration,12,5,7
5070,Napsta,sylvanas,480,druid,restoration,12,5,7
5071,Neshalry,blackhand,480,druid,restoration,13,5,8
5072,Локотьдрева,gordunni,480,druid,restoration,18,5,13
5073,Åzjôl,magtheridon,480,druid,restoration,18,5,13
5074,Subu,drakthul,480,druid,restoration,18,5,13
5075,Restaidpvs,wildhammer,480,druid,restoration,18,5,13
5076,Erelieva,silvermoon,480,druid,restoration,18,5,13
5077,Bigbaddream,stormscale,480,druid,restoration,18,5,13
5078,Fricky,burning-blade,479,druid,restoration,6,5,1
5079,Клиптыч,soulflayer,479,druid,restoration,6,5,1
5080,Greenthûmbs,sylvanas,479,druid,restoration,12,5,7
5081,Килаф,gordunni,479,druid,restoration,12,5,7
5082,Xaeerow,archimonde,479,druid,restoration,12,5,7
5083,Alfrëd,quelthalas,479,druid,restoration,12,5,7
5084,Inspira,teldrassil,479,druid,restoration,12,5,7
5085,Bhorumir,colinas-pardas,479,druid,restoration,12,5,7
5086,Tanariel,ravencrest,479,druid,restoration,12,5,7
5087,Sieur,archimonde,479,druid,restoration,12,5,7
5088,Reiss,tarren-mill,479,druid,restoration,12,5,7
5089,Delphina,dun-modr,479,druid,restoration,12,5,7
5090,Epidruid,stormrage,479,druid,restoration,12,5,7
5091,Benzimaax,ragnaros,479,druid,restoration,12,5,7
5092,Quiksx,blackrock,479,druid,restoration,13,5,8
5093,Whiskers,emerald-dream,479,druid,restoration,16,6,10
5094,Drix,frostwolf,479,druid,restoration,15,5,10
5095,Jemyd,aegwynn,479,druid,restoration,24,5,19
5096,Kroshka,sylvanas,478,druid,restoration,12,5,7
5097,Шмыгадру,eversong,478,druid,restoration,12,5,7
5098,Yodox,kazzak,477,druid,restoration,6,5,1
5099,Kodobursto,stormscale,477,druid,restoration,12,5,7
5100,Шмору,deathguard,477,druid,restoration,12,5,7
5101,Wybsalt,dragonblight,477,druid,restoration,18,5,13
5102,Sýrês,malganis,475,druid,restoration,12,5,7
5103,Raylla,dun-modr,475,druid,restoration,12,5,7
5104,Бацна,gordunni,475,druid,restoration,18,5,13
5105,Prowlinger,silvermoon,473,druid,restoration,12,5,7
5106,Voodoodrood,draenor,473,druid,restoration,30,5,25
5107,Iamtheone,ragnaros,463,druid,restoration,17,5,12
5108,Krayzz,tarren-mill,448,druid,restoration,16,5,11
5109,Druidicmorr,sylvanas,447,druid,restoration,10,5,5
5110,Flandersdru,ravencrest,447,druid,restoration,11,5,6
5111,Happyhippo,arathor,447,druid,restoration,17,5,12
5112,Dhomaris,emerald-dream,447,druid,restoration,17,5,12
5113,Oyoyo,kaelthas,446,druid,restoration,8,6,2
5114,Ambracer,silvermoon,444,druid,restoration,8,6,2
5115,Исмалат,howling-fjord,429,druid,restoration,11,5,6
5116,Pfandmalle,blackrock,426,druid,restoration,14,6,8
5117,Qjkuug,ravencrest,416,druid,restoration,10,5,5
5118,Meridus,thrall,400,druid,restoration,13,5,8
5119,Bartoluca,twisting-nether,393,druid,restoration,34,6,28
5120,Jimmyjam,archimonde,384,druid,restoration,6,4,2
5121,Сокдобрый,gordunni,384,druid,restoration,6,4,2
5122,Zuldram,uldaman,384,druid,restoration,6,4,2
5123,Druidka,grim-batol,384,druid,restoration,6,4,2
5124,Corroboree,archimonde,384,druid,restoration,6,4,2
5125,Zeroclones,the-maelstrom,384,druid,restoration,6,4,2
5126,Koala,temple-noir,384,druid,restoration,6,4,2
5127,Гвенивар,soulflayer,384,druid,restoration,6,4,2
5128,Bekkjin,todeswache,384,druid,restoration,6,4,2
5129,Àrkange,hyjal,384,druid,restoration,6,4,2
5130,Jellyxdd,silvermoon,384,druid,restoration,6,4,2
5131,Sensisdruid,blackmoore,384,druid,restoration,6,4,2
5132,Boomkïn,draenor,384,druid,restoration,6,4,2
5133,Cerius,drakthul,384,druid,restoration,6,4,2
5134,Whiplazh,archimonde,384,druid,restoration,6,4,2
5135,Балаклаваа,soulflayer,384,druid,restoration,6,4,2
5136,Híraad,blackmoore,384,druid,restoration,6,4,2
5137,Bigborst,ravencrest,384,druid,restoration,6,4,2
5138,Cykablyaster,defias-brotherhood,384,druid,restoration,6,4,2
5139,Феразинария,gordunni,384,druid,restoration,6,4,2
5140,Stinka,ravencrest,384,druid,restoration,6,4,2
5141,Greenberry,eonar,384,druid,restoration,6,4,2
5142,Bombiix,sanguino,384,druid,restoration,6,4,2
5143,Xandersito,sanguino,384,druid,restoration,6,4,2
5144,Notmyfriend,sylvanas,384,druid,restoration,6,4,2
5145,Марголав,gordunni,384,druid,restoration,6,4,2
5146,Lerralol,eredar,384,druid,restoration,6,4,2
5147,Bearmeister,kazzak,384,druid,restoration,6,4,2
5148,Kapidrooqt,suramar,384,druid,restoration,6,4,2
5149,Heathen,defias-brotherhood,384,druid,restoration,6,4,2
5150,Mancy,silvermoon,384,druid,restoration,6,4,2
5151,Shegal,uldum,384,druid,restoration,6,4,2
5152,Pll,defias-brotherhood,384,druid,restoration,6,4,2
5153,Daleen,silvermoon,384,druid,restoration,12,4,8
5154,Найадра,gordunni,384,druid,restoration,12,4,8
5155,Murlwywy,blackmoore,384,druid,restoration,12,4,8
5156,Baraforet,archimonde,384,druid,restoration,12,4,8
5157,Sqoopy,tarren-mill,384,druid,restoration,12,4,8
5158,Farashh,archimonde,384,druid,restoration,12,4,8
5159,Kobra,twilights-hammer,384,druid,restoration,12,4,8
5160,Wakefields,dun-modr,384,druid,restoration,12,4,8
5161,Ravenfel,argent-dawn,384,druid,restoration,12,4,8
5162,Àlec,silvermoon,384,druid,restoration,12,4,8
5163,Holdmabeer,blackmoore,384,druid,restoration,12,4,8
5164,Swiftlife,blackrock,384,druid,restoration,12,4,8
5165,Neri,shattered-hand,384,druid,restoration,12,4,8
5166,Xanxiety,outland,384,druid,restoration,12,4,8
5167,Farmmygold,dun-modr,384,druid,restoration,12,4,8
5168,Koniny,drakthul,384,druid,restoration,12,4,8
5169,Toffyfee,anetheron,384,druid,restoration,12,4,8
5170,Irrlycht,blackrock,384,druid,restoration,12,4,8
5171,Crazydos,tarren-mill,384,druid,restoration,12,4,8
5172,Meowu,twisting-nether,384,druid,restoration,12,4,8
5173,Shaize,dalaran,384,druid,restoration,12,4,8
5174,Uuni,sylvanas,384,druid,restoration,12,4,8
5175,Celtimi,antonidas,384,druid,restoration,12,4,8
5176,Zivela,blackrock,384,druid,restoration,12,4,8
5177,Cumulisama,sylvanas,384,druid,restoration,12,4,8
5178,Hotundwech,blackrock,384,druid,restoration,12,4,8
5179,Noggerglatze,blackrock,384,druid,restoration,12,4,8
5180,Sneedlewøødz,exodar,384,druid,restoration,12,4,8
5181,Biglet,tarren-mill,384,druid,restoration,12,4,8
5182,Litany,drakthul,384,druid,restoration,13,4,9
5183,Nezara,kazzak,384,druid,restoration,18,4,14
5184,Hrz,kazzak,384,druid,restoration,18,4,14
5185,Cmfg,blackrock,383,druid,restoration,6,4,2
5186,Lathlas,defias-brotherhood,383,druid,restoration,6,4,2
5187,Бабазарулем,fordragon,383,druid,restoration,6,4,2
5188,Santoniq,dun-morogh,383,druid,restoration,6,4,2
5189,Jabbah,defias-brotherhood,383,druid,restoration,6,4,2
5190,Svass,ragnaros,383,druid,restoration,6,4,2
5191,Blackfür,sylvanas,383,druid,restoration,6,4,2
5192,Growiêlle,ravencrest,383,druid,restoration,6,4,2
5193,Semenisback,archimonde,383,druid,restoration,12,4,8
5194,Mimisiek,burning-legion,383,druid,restoration,12,4,8
5195,Noxndruid,blackhand,383,druid,restoration,12,4,8
5196,Opla,nethersturm,383,druid,restoration,12,4,8
5197,Замакибо,howling-fjord,383,druid,restoration,12,4,8
5198,Прожималодру,deathguard,383,druid,restoration,12,4,8
5199,Xidenn,quelthalas,383,druid,restoration,12,4,8
5200,Arns,kazzak,383,druid,restoration,12,4,8
5201,Høpè,die-silberne-hand,383,druid,restoration,12,4,8
5202,Leeonore,burning-legion,383,druid,restoration,18,4,14
5203,Itê,dun-morogh,383,druid,restoration,18,4,14
5204,Шикалат,howling-fjord,383,druid,restoration,24,4,20
5205,Xele,destromath,382,druid,restoration,6,4,2
5206,Mongetout,ravencrest,382,druid,restoration,6,4,2
5207,Pega,nazjatar,382,druid,restoration,12,4,8
5208,Khalynn,eredar,382,druid,restoration,18,4,14
5209,Nàrina,der-abyssische-rat,381,druid,restoration,12,4,8
5210,Amalou,ravencrest,381,druid,restoration,12,4,8
5211,Dolob,ragnaros,381,druid,restoration,18,4,14
5212,Thaurus,durotan,380,druid,restoration,12,4,8
5213,Фигоначи,soulflayer,379,druid,restoration,12,4,8
5214,Tranquillo,outland,379,druid,restoration,12,4,8
5215,Тырубльдуде,gordunni,372,druid,restoration,15,7,8
5216,Jincksdru,anachronos,367,druid,restoration,11,4,7
5217,Demerit,defias-brotherhood,351,druid,restoration,11,4,7
5218,Biegel,ysera,351,druid,restoration,11,4,7
5219,Fapmasterx,eredar,351,druid,restoration,23,4,19
5220,Lyhene,outland,339,druid,restoration,32,8,24
5221,Wuppii,blackmoore,329,druid,restoration,10,6,4
5222,Swarmah,draenor,329,druid,restoration,18,5,13
5223,Hubek,silvermoon,328,druid,restoration,8,6,2
5224,Thaldrenaar,argent-dawn,319,druid,restoration,14,4,10
5225,Mímír,frostmane,317,druid,restoration,10,4,6
5226,Elsnorro,sylvanas,313,druid,restoration,19,5,14
5227,Biomat,norgannon,288,druid,restoration,6,3,3
5228,Spielmann,ravencrest,288,druid,restoration,6,3,3
5229,Qwopeiqpwoid,kazzak,288,druid,restoration,6,3,3
5230,Cøwgirl,draenor,288,druid,restoration,6,3,3
5231,Xbrokeaf,eredar,288,druid,restoration,6,3,3
5232,Zaethul,draenor,288,druid,restoration,6,3,3
5233,Shadowdury,frostwolf,288,druid,restoration,6,3,3
5234,Myos,conseil-des-ombres,288,druid,restoration,6,3,3
5235,Астраджет,gordunni,288,druid,restoration,6,3,3
5236,Mnine,twisting-nether,288,druid,restoration,6,3,3
5237,Jonnaxø,ravencrest,288,druid,restoration,6,3,3
5238,Jöggel,perenolde,288,druid,restoration,6,3,3
5239,Wurzeldor,ravencrest,288,druid,restoration,6,3,3
5240,Snowlight,der-rat-von-dalaran,288,druid,restoration,6,3,3
5241,Drozzie,twisting-nether,288,druid,restoration,6,3,3
5242,Friyiee,stormscale,288,druid,restoration,6,3,3
5243,Lolaven,turalyon,288,druid,restoration,6,3,3
5244,Wísh,stormscale,288,druid,restoration,6,3,3
5245,Bêlion,dun-modr,288,druid,restoration,6,3,3
5246,Milknosugar,tarren-mill,288,druid,restoration,6,3,3
5247,Druu,stormscale,288,druid,restoration,6,3,3
5248,Зурсага,deathguard,288,druid,restoration,6,3,3
5249,Qb,blackrock,288,druid,restoration,6,3,3
5250,Owldschool,blackmoore,288,druid,restoration,6,3,3
5251,Ipsdray,ysondre,288,druid,restoration,6,3,3
5252,Heidepaa,tichondrius,288,druid,restoration,6,3,3
5253,Fallken,burning-blade,288,druid,restoration,6,3,3
5254,Faustîno,dun-modr,288,druid,restoration,6,3,3
5255,Magiskeforme,draenor,288,druid,restoration,6,3,3
5256,Whitemaine,aggramar,288,druid,restoration,6,3,3
5257,Shyni,outland,288,druid,restoration,6,3,3
5258,Droodyàz,hyjal,288,druid,restoration,6,3,3
5259,Lèafy,silvermoon,288,druid,restoration,6,3,3
5260,Moonbloom,defias-brotherhood,288,druid,restoration,6,3,3
5261,Ghøstavdruid,ravencrest,288,druid,restoration,6,3,3
5262,Eftersmak,ravencrest,288,druid,restoration,6,3,3
5263,Ripmacmiller,grim-batol,288,druid,restoration,6,3,3
5264,Bll,defias-brotherhood,288,druid,restoration,6,3,3
5265,Kll,defias-brotherhood,288,druid,restoration,6,3,3
5266,Koprogatos,twilights-hammer,288,druid,restoration,6,3,3
5267,Furbyz,kazzak,288,druid,restoration,6,3,3
5268,Skrewu,silvermoon,288,druid,restoration,6,3,3
5269,Vellusdruid,burning-legion,288,druid,restoration,6,3,3
5270,Sygko,kazzak,288,druid,restoration,6,3,3
5271,Hð,blackmoore,288,druid,restoration,6,3,3
5272,Дробовик,soulflayer,288,druid,restoration,6,3,3
5273,Фонш,soulflayer,288,druid,restoration,6,3,3
5274,Dopadruid,ravencrest,288,druid,restoration,6,3,3
5275,Whelpss,archimonde,288,druid,restoration,6,3,3
5276,Танганэку,howling-fjord,288,druid,restoration,6,3,3
5277,Néøu,archimonde,288,druid,restoration,6,3,3
5278,Мехнакиске,howling-fjord,288,druid,restoration,6,3,3
5279,Paskixoxo,ravencrest,288,druid,restoration,6,3,3
5280,Peaches,aerie-peak,288,druid,restoration,6,3,3
5281,Noobr,ravencrest,288,druid,restoration,6,3,3
5282,Сайнтификх,gordunni,288,druid,restoration,6,3,3
5283,Kawèlz,archimonde,288,druid,restoration,6,3,3
5284,Chæmp,blackmoore,288,druid,restoration,6,3,3
5285,Myxa,arthas,288,druid,restoration,6,3,3
5286,Skuhlxz,thrall,288,druid,restoration,6,3,3
5287,Gotyoufam,tarren-mill,288,druid,restoration,9,4,5
5288,Rumbus,sanguino,288,druid,restoration,7,3,4
5289,Piñaclonada,archimonde,288,druid,restoration,9,3,6
5290,Draawun,burning-legion,288,druid,restoration,11,3,8
5291,Smarticle,aegwynn,288,druid,restoration,11,3,8
5292,Imoen,hyjal,288,druid,restoration,12,3,9
5293,Shiotake,hyjal,288,druid,restoration,12,3,9
5294,Fejgi,stormreaver,288,druid,restoration,12,3,9
5295,Nostigon,azshara,288,druid,restoration,12,3,9
5296,Elxa,silvermoon,288,druid,restoration,12,3,9
5297,Jàgêr,archimonde,288,druid,restoration,12,3,9
5298,Awienx,kazzak,288,druid,restoration,12,3,9
5299,Taugenîchts,blackmoore,288,druid,restoration,12,3,9
5300,Teah,darkmoon-faire,288,druid,restoration,12,3,9
5301,Jàgër,archimonde,288,druid,restoration,12,3,9
5302,Lukøu,blackrock,288,druid,restoration,12,3,9
5303,Furía,anubarak,288,druid,restoration,12,3,9
5304,Ezils,silvermoon,288,druid,restoration,12,3,9
5305,Untouchablè,outland,288,druid,restoration,12,3,9
5306,Fajia,frostmane,288,druid,restoration,12,3,9
5307,Areidhel,pozzo-delleternità,288,druid,restoration,12,3,9
5308,Raila,pozzo-delleternità,288,druid,restoration,12,3,9
5309,Dorange,stormscale,288,druid,restoration,12,3,9
5310,Amstaffio,blackhand,288,druid,restoration,12,3,9
5311,Harrasmoes,ravencrest,288,druid,restoration,12,3,9
5312,Mchøt,ravencrest,288,druid,restoration,12,3,9
5313,Emeskay,ravencrest,288,druid,restoration,12,3,9
5314,Lemicus,twisting-nether,288,druid,restoration,12,3,9
5315,Trolthelhas,chogall,288,druid,restoration,12,3,9
5316,Храмульчик,blackscar,288,druid,restoration,12,3,9
5317,Restodruidx,ravencrest,288,druid,restoration,12,3,9
5318,Navra,ravencrest,288,druid,restoration,12,3,9
5319,Ajày,sylvanas,288,druid,restoration,12,3,9
5320,Chapawee,eredar,288,druid,restoration,12,3,9
5321,Marryat,argent-dawn,288,druid,restoration,12,3,9
5322,Eladhria,arakarahm,288,druid,restoration,12,3,9
5323,Sharlla,burning-legion,288,druid,restoration,12,3,9
5324,Amazed,wildhammer,288,druid,restoration,12,3,9
5325,Biebear,sylvanas,288,druid,restoration,12,3,9
5326,Rakuy,thrall,288,druid,restoration,18,3,15
5327,Денчикбратиш,soulflayer,288,druid,restoration,18,3,15
5328,Nyha,garrosh,288,druid,restoration,18,3,15
5329,Квазарм,gordunni,288,druid,restoration,18,3,15
5330,Hurutuk,ysondre,288,druid,restoration,18,3,15
5331,Boomdruud,tarren-mill,288,druid,restoration,18,3,15
5332,Yøungreidzz,blackrock,288,druid,restoration,18,3,15
5333,Youngjin,ravencrest,287,druid,restoration,6,3,3
5334,Aègon,ravencrest,287,druid,restoration,6,3,3
5335,Kuokkanen,azuremyst,287,druid,restoration,6,3,3
5336,Boompjeh,chamber-of-aspects,287,druid,restoration,6,3,3
5337,Grimmie,frostmane,287,druid,restoration,6,3,3
5338,Smittly,bloodhoof,287,druid,restoration,6,3,3
5339,Lundx,ravencrest,287,druid,restoration,6,3,3
5340,Kuhlheit,der-rat-von-dalaran,287,druid,restoration,6,3,3
5341,Taskingoman,twisting-nether,287,druid,restoration,6,3,3
5342,Huayhey,the-maelstrom,287,druid,restoration,6,3,3
5343,Papalegba,kilrogg,287,druid,restoration,12,3,9
5344,Barki,silvermoon,287,druid,restoration,12,3,9
5345,Xulian,exodar,287,druid,restoration,12,3,9
5346,Лёшациклонх,deathguard,287,druid,restoration,12,3,9
5347,Paniel,amanthul,286,druid,restoration,6,3,3
5348,Kebanos,ravencrest,286,druid,restoration,6,3,3
5349,Elônea,antonidas,285,druid,restoration,12,3,9
5350,Bunga,quelthalas,255,druid,restoration,11,3,8
5351,Duduque,twisting-nether,255,druid,restoration,11,3,8
5352,Kaliyuga,dalaran,255,druid,restoration,11,3,8
5353,Yopi,stormscale,240,druid,restoration,15,3,12
5354,Amélor,ragnaros,239,druid,restoration,5,3,2
5355,Акетчи,howling-fjord,239,druid,restoration,5,3,2
5356,Потнаякиса,grom,239,druid,restoration,5,3,2
5357,Lxz,blackhand,234,druid,restoration,8,4,4
5358,Izhusky,ravencrest,234,druid,restoration,8,4,4
5359,Beerplusbeer,kazzak,234,druid,restoration,23,6,17
5360,Hotseîdank,blackrock,192,druid,restoration,6,2,4
5361,Адорабэль,deathguard,192,druid,restoration,6,2,4
5362,Rtxy,hyjal,192,druid,restoration,6,2,4
5363,Morphael,ravencrest,192,druid,restoration,6,2,4
5364,Gaiaa,kilrogg,192,druid,restoration,6,2,4
5365,Midrialis,sinstralis,192,druid,restoration,6,2,4
5366,Pinkpanda,arthas,192,druid,restoration,6,2,4
5367,Xanánioma,ravencrest,192,druid,restoration,6,2,4
5368,Mjáy,tarren-mill,192,druid,restoration,6,2,4
5369,Xerrean,ravencrest,192,druid,restoration,6,2,4
5370,Skavenlol,zuljin,192,druid,restoration,6,2,4
5371,Tàazz,sargeras,192,druid,restoration,6,2,4
5372,Kkona,silvermoon,192,druid,restoration,6,2,4
5373,Devdude,blackrock,192,druid,restoration,6,2,4
5374,Zhiwé,ravencrest,192,druid,restoration,6,2,4
5375,Vandalís,garrosh,192,druid,restoration,6,2,4
5376,Шокоокулист,gordunni,192,druid,restoration,6,2,4
5377,Kremhelt,outland,192,druid,restoration,6,2,4
5378,Griminal,norgannon,192,druid,restoration,6,2,4
5379,Zenkillers,outland,192,druid,restoration,6,2,4
5380,Slimsneeky,outland,192,druid,restoration,6,2,4
5381,Drøda,aegwynn,192,druid,restoration,6,2,4
5382,Moodee,kazzak,192,druid,restoration,6,2,4
5383,Príimé,kazzak,192,druid,restoration,6,2,4
5384,Димадубощит,blackscar,192,druid,restoration,6,2,4
5385,Jasof,sylvanas,192,druid,restoration,6,2,4
5386,Benjiee,kazzak,192,druid,restoration,6,2,4
5387,Januzo,kazzak,192,druid,restoration,6,2,4
5388,Huebbi,blackmoore,192,druid,restoration,6,2,4
5389,Speegle,kazzak,192,druid,restoration,6,2,4
5390,Громозилка,soulflayer,192,druid,restoration,6,2,4
5391,Curtainscall,kazzak,192,druid,restoration,6,2,4
5392,Revølter,kazzak,192,druid,restoration,6,2,4
5393,Hidras,tarren-mill,192,druid,restoration,6,2,4
5394,Ymöthep,archimonde,192,druid,restoration,6,2,4
5395,Sajlol,doomhammer,192,druid,restoration,6,2,4
5396,Nooz,thrall,192,druid,restoration,6,2,4
5397,Fanso,burning-legion,192,druid,restoration,6,2,4
5398,Baldhir,nemesis,192,druid,restoration,6,2,4
5399,Sickomodê,blackmoore,192,druid,restoration,6,2,4
5400,Cpt,xavius,192,druid,restoration,6,2,4
5401,Hydrochronic,ravencrest,192,druid,restoration,6,2,4
5402,Ðon,nemesis,192,druid,restoration,6,2,4
5403,Conn,ravencrest,192,druid,restoration,6,2,4
5404,Sekunden,ravencrest,192,druid,restoration,6,2,4
5405,Oøom,stormscale,192,druid,restoration,6,2,4
5406,Jimboza,stormscale,192,druid,restoration,6,2,4
5407,Droodu,dun-modr,192,druid,restoration,6,2,4
5408,Milkmepls,balnazzar,192,druid,restoration,6,2,4
5409,Palavanus,stormscale,192,druid,restoration,6,2,4
5410,Zhényá,ravencrest,192,druid,restoration,6,2,4
5411,Chrisdruid,argent-dawn,192,druid,restoration,6,2,4
5412,Ppr,stormscale,192,druid,restoration,6,2,4
5413,Атитока,goldrinn,192,druid,restoration,6,2,4
5414,Ультраафина,gordunni,192,druid,restoration,6,2,4
5415,Restoboi,stormscale,192,druid,restoration,6,2,4
5416,Nelfurion,twisting-nether,192,druid,restoration,6,2,4
5417,Orten,dun-modr,192,druid,restoration,6,2,4
5418,Gonco,blackrock,192,druid,restoration,8,2,6
5419,Shaggí,draenor,192,druid,restoration,11,2,9
5420,Wahahoo,la-croisade-écarlate,192,druid,restoration,12,2,10
5421,Vertabrain,twilights-hammer,192,druid,restoration,12,2,10
5422,Qocotte,archimonde,192,druid,restoration,12,2,10
5423,Testomake,kazzak,192,druid,restoration,12,2,10
5424,Jacksonella,dun-morogh,192,druid,restoration,12,2,10
5425,Tyraloll,ghostlands,192,druid,restoration,12,2,10
5426,Skorpo,blackrock,192,druid,restoration,12,2,10
5427,Tommiz,silvermoon,192,druid,restoration,12,2,10
5428,Fâucon,eitrigg,192,druid,restoration,12,2,10
5429,Helpthebear,twisting-nether,192,druid,restoration,12,2,10
5430,Blâckrök,blackhand,192,druid,restoration,12,2,10
5431,Estariol,auchindoun,192,druid,restoration,12,2,10
5432,Piper,culte-de-la-rive-noire,192,druid,restoration,12,2,10
5433,Amaaja,blackmoore,192,druid,restoration,12,2,10
5434,Anníe,tarren-mill,192,druid,restoration,12,2,10
5435,Álou,dalaran,192,druid,restoration,12,2,10
5436,Darkstalker,arygos,192,druid,restoration,12,2,10
5437,Салона,deathguard,192,druid,restoration,12,2,10
5438,Quentalius,argent-dawn,192,druid,restoration,12,2,10
5439,Maceyx,ravencrest,192,druid,restoration,12,2,10
5440,Swo,emeriss,192,druid,restoration,12,2,10
5441,Drâcâ,antonidas,192,druid,restoration,12,2,10
5442,Kizanimagus,magtheridon,192,druid,restoration,12,2,10
5443,Nakkikastike,magtheridon,192,druid,restoration,12,2,10
5444,Imperador,tyrande,192,druid,restoration,12,2,10
5445,Bigstop,kazzak,192,druid,restoration,17,2,15
5446,Quza,lightbringer,192,druid,restoration,18,2,16
5447,Охломон,gordunni,192,druid,restoration,24,2,22
5448,Адаладиус,howling-fjord,192,druid,restoration,24,2,22
5449,Siyoo,thrall,191,druid,restoration,6,2,4
5450,Bingó,blutkessel,191,druid,restoration,6,2,4
5451,Зулгасилич,howling-fjord,191,druid,restoration,6,2,4
5452,Dahelire,shendralar,191,druid,restoration,6,2,4
5453,Snifa,the-venture-co,191,druid,restoration,7,2,5
5454,Mômmôm,aggra-português,191,druid,restoration,12,2,10
5455,Эхосна,howling-fjord,191,druid,restoration,12,2,10
5456,Westbeast,doomhammer,191,druid,restoration,12,2,10
5457,Charlierunkl,gorgonnash,190,druid,restoration,18,2,16
5458,Stkk,dun-modr,159,druid,restoration,5,2,3
5459,Zayrok,throkferoth,159,druid,restoration,8,3,5
5460,Сугрик,deathweaver,143,druid,restoration,15,2,13
5461,Starcrash,amanthul,138,druid,restoration,6,3,3
5462,Kokanine,ravencrest,138,druid,restoration,9,3,6
5463,Watchmymoon,blackrock,138,druid,restoration,10,3,7
5464,Hottêd,sylvanas,138,druid,restoration,11,3,8
5465,Greyhøund,archimonde,138,druid,restoration,11,3,8
5466,Chauntee,draenor,138,druid,restoration,15,3,12
5467,Prettysavage,blackhand,138,druid,restoration,19,3,16
5468,Lynaee,cthun,128,druid,restoration,4,2,2
5469,Ihatewhales,ravencrest,128,druid,restoration,4,2,2
5470,Thaiboimbyy,veknilash,127,druid,restoration,4,2,2
5471,Razorleaf,turalyon,127,druid,restoration,8,2,6
5472,Xneji,sylvanas,111,druid,restoration,13,2,11
5473,Trä,earthen-ring,96,druid,restoration,3,2,1
5474,Chelsealeart,frostmane,96,druid,restoration,3,2,1
5475,Sucukk,antonidas,96,druid,restoration,6,1,5
5476,Enfy,lightbringer,96,druid,restoration,6,1,5
5477,Tshungubuäch,eredar,96,druid,restoration,6,1,5
5478,Zoura,ysondre,96,druid,restoration,6,1,5
5479,Nuggetspøwa,dalaran,96,druid,restoration,6,1,5
5480,Marynlord,dalaran,96,druid,restoration,6,1,5
5481,Lyj,dalaran,96,druid,restoration,6,1,5
5482,Naturaven,sylvanas,96,druid,restoration,6,1,5
5483,Blanoz,ravencrest,96,druid,restoration,6,1,5
5484,Sozu,magtheridon,96,druid,restoration,6,1,5
5485,Nøunøurss,dalaran,96,druid,restoration,6,1,5
5486,Secô,sylvanas,96,druid,restoration,6,1,5
5487,Rakhajan,twisting-nether,96,druid,restoration,6,1,5
5488,Nanuu,sylvanas,96,druid,restoration,6,1,5
5489,Tilikum,stormscale,96,druid,restoration,6,1,5
5490,Qdrood,quelthalas,96,druid,restoration,6,1,5
5491,Blodemoon,ragnaros,96,druid,restoration,6,1,5
5492,Phatzoo,stormscale,96,druid,restoration,6,1,5
5493,Madmoss,twisting-nether,96,druid,restoration,6,1,5
5494,Xkirtach,dun-modr,96,druid,restoration,6,1,5
5495,Pølïna,ysondre,96,druid,restoration,6,1,5
5496,Zulk,draenor,96,druid,restoration,6,1,5
5497,Effi,aggramar,96,druid,restoration,6,1,5
5498,Kruwkamilka,burning-legion,96,druid,restoration,6,1,5
5499,Kisyqt,aegwynn,96,druid,restoration,6,1,5
5500,Мунпраид,gordunni,96,druid,restoration,6,1,5
5501,Meisterd,aegwynn,96,druid,restoration,6,1,5
5502,Fedelmae,nagrand,96,druid,restoration,6,1,5
5503,Aspegic,grim-batol,96,druid,restoration,6,1,5
5504,Winstonka,doomhammer,96,druid,restoration,6,1,5
5505,Haginator,twisting-nether,96,druid,restoration,6,1,5
5506,Nermax,kazzak,96,druid,restoration,6,1,5
5507,Durlehardu,archimonde,96,druid,restoration,6,1,5
5508,Пасторизсша,soulflayer,96,druid,restoration,6,1,5
5509,Taicoo,outland,96,druid,restoration,6,1,5
5510,Elo,dun-morogh,96,druid,restoration,6,1,5
5511,Kerydwen,silvermoon,96,druid,restoration,6,1,5
5512,Tytankon,silvermoon,96,druid,restoration,6,1,5
5513,Bignunu,silvermoon,96,druid,restoration,6,1,5
5514,Malurith,silvermoon,96,druid,restoration,6,1,5
5515,Horadruid,silvermoon,96,druid,restoration,6,1,5
5516,Nebrahl,silvermoon,96,druid,restoration,6,1,5
5517,Psitol,silvermoon,96,druid,restoration,6,1,5
5518,Gámóra,argent-dawn,96,druid,restoration,6,1,5
5519,Shapeshiptur,argent-dawn,96,druid,restoration,6,1,5
5520,Søfiaa,argent-dawn,96,druid,restoration,6,1,5
5521,Сейтил,deathguard,96,druid,restoration,6,1,5
5522,Ka,the-maelstrom,96,druid,restoration,6,1,5
5523,Sylindra,argent-dawn,96,druid,restoration,6,1,5
5524,Celendiil,argent-dawn,96,druid,restoration,6,1,5
5525,Druvian,argent-dawn,96,druid,restoration,6,1,5
5526,Gintoni,dun-modr,96,druid,restoration,6,1,5
5527,Thaïs,blackmoore,96,druid,restoration,6,1,5
5528,Винш,grom,96,druid,restoration,6,1,5
5529,Druidguden,tarren-mill,96,druid,restoration,6,1,5
5530,Cemiink,drakthul,96,druid,restoration,6,1,5
5531,Anahots,silvermoon,96,druid,restoration,6,1,5
5532,Tranduiil,drakthul,96,druid,restoration,6,1,5
5533,Släshes,stormreaver,96,druid,restoration,6,1,5
5534,Vaizier,defias-brotherhood,96,druid,restoration,6,1,5
5535,Seekíng,blackmoore,96,druid,restoration,6,1,5
5536,Cowárd,blackmoore,96,druid,restoration,6,1,5
5537,Teengirl,blackmoore,96,druid,restoration,6,1,5
5538,Linkin,azshara,96,druid,restoration,6,1,5
5539,Злодзейка,gordunni,96,druid,restoration,6,1,5
5540,Sodapop,aszune,96,druid,restoration,6,1,5
5541,Mariss25076F,chogall,96,druid,restoration,12,1,11
5542,Athenex,azshara,96,druid,restoration,12,1,11
5543,Лапунька,gordunni,96,druid,restoration,12,1,11
5544,Aisak,burning-legion,96,druid,restoration,12,1,11
5545,Anniko,garona,96,druid,restoration,12,1,11
5546,Xilmai,darksorrow,96,druid,restoration,12,1,11
5547,Avalora,the-maelstrom,96,druid,restoration,12,1,11
5548,Griimmjjow,kazzak,96,druid,restoration,12,1,11
5549,Келиса,blackscar,96,druid,restoration,12,1,11
5550,Blietmachine,ravencrest,96,druid,restoration,12,1,11
5551,Püpply,antonidas,96,druid,restoration,12,1,11
5552,Ra,stormscale,96,druid,restoration,12,1,11
5553,Natur,gorgonnash,96,druid,restoration,12,1,11
5554,Raveous,tarren-mill,96,druid,restoration,18,1,17
5555,Acidbrate,aegwynn,90,druid,restoration,12,3,9
5556,Pobrica,stormscale,79,druid,restoration,5,1,4
5557,Rasserdruid,runetotem,63,druid,restoration,2,2,0
5558,Druidenee,hyjal,63,druid,restoration,2,2,0
5559,Shunos,ragnaros,48,druid,restoration,9,1,8
5560,Restouz,twisting-nether,42,druid,restoration,6,2,4
5561,Quizdarude,draenor,42,druid,restoration,10,3,7
5562,Therøn,dun-modr,42,druid,restoration,11,3,8
5563,Growlithe,hellfire,42,druid,restoration,8,2,6
5564,Amadi,grim-batol,42,druid,restoration,9,2,7
5565,Feráx,doomhammer,42,druid,restoration,9,2,7
5566,Eceria,the-maelstrom,42,druid,restoration,9,2,7
5567,Noxann,archimonde,42,druid,restoration,10,2,8
5568,Onacor,stormrage,42,druid,restoration,10,2,8
5569,Uniquz,sylvanas,42,druid,restoration,11,2,9
5570,Vanarea,argent-dawn,42,druid,restoration,14,2,12
5571,Druiden,the-maelstrom,31,druid,restoration,2,1,1
5572,Bulleyo,ysondre,1596,druid,guardian,83,46,37
5573,Djemdruid,argent-dawn,1585,druid,guardian,42,18,24
5574,Windythemilf,stormscale,1303,druid,guardian,148,77,71
5575,Rbgbear,blackhand,1156,druid,guardian,36,15,21
5576,Rapatera,argent-dawn,1115,druid,guardian,24,12,12
5577,Сверххищникк,soulflayer,1106,druid,guardian,32,13,19
5578,Reshifted,sunstrider,1090,druid,guardian,39,14,25
5579,Durlehardu,archimonde,1053,druid,guardian,41,19,22
5580,Avior,eonar,991,druid,guardian,76,32,44
5581,Микайо,goldrinn,986,druid,guardian,41,17,24
5582,Avisa,blackhand,842,druid,guardian,60,23,37
5583,Bigdomas,sylvanas,811,druid,guardian,28,11,17
5584,Ноорру,gordunni,715,druid,guardian,11,8,3
5585,Lioky,dun-modr,670,druid,guardian,12,7,5
5586,Critter,kargath,661,druid,guardian,24,7,17
5587,Crazydudu,tarren-mill,550,druid,guardian,27,8,19
5588,Win,hellscream,496,druid,guardian,23,7,16
5589,Tigerbear,argent-dawn,384,druid,guardian,12,4,8
5590,Horizonline,terokkar,350,druid,guardian,11,4,7
5591,Фэк,eversong,288,druid,guardian,6,3,3
5592,Pumpick,doomhammer,285,druid,guardian,13,3,10
5593,Laracroft,the-maelstrom,192,druid,guardian,4,3,1
5594,Astralcore,stormscale,192,druid,guardian,6,2,4
5595,Kárrde,balnazzar,192,druid,guardian,6,2,4
5596,Sároman,ravencrest,192,druid,guardian,6,2,4
5597,Джирас,gordunni,192,druid,guardian,6,2,4
5598,Zinister,hyjal,192,druid,guardian,6,2,4
5599,Fynvola,anubarak,192,druid,guardian,12,2,10
5600,Beteralsjij,frostwhisper,192,druid,guardian,12,2,10
5601,Nwal,thunderhorn,192,druid,guardian,12,2,10
5602,Silver,terokkar,192,druid,guardian,12,2,10
5603,Sheâ,nemesis,191,druid,guardian,6,2,4
5604,Pure,kul-tiras,190,druid,guardian,15,3,12
5605,Ксидронис,eversong,127,druid,guardian,4,2,2
5606,Leondir,quelthalas,96,druid,guardian,6,1,5
5607,Oõ,aggra-português,96,druid,guardian,6,1,5
5608,Anthlas,outland,96,druid,guardian,6,1,5
5609,Almightydudu,draenor,96,druid,guardian,6,1,5
5610,Brutaldamage,ravencrest,2271,druid,feral,119,63,56
5611,Ktx,aegwynn,2238,druid,feral,84,50,34
5612,Verycringe,ravencrest,2237,druid,feral,144,75,69
5613,Lïved,nemesis,2184,druid,feral,114,71,43
5614,Xercas,outland,2166,druid,feral,65,39,26
5615,Mabkferal,ravencrest,2146,druid,feral,133,67,66
5616,Desenlace,ravencrest,2127,druid,feral,149,82,67
5617,Vulko,lightbringer,2119,druid,feral,60,35,25
5618,Tael,elune,2119,druid,feral,120,60,60
5619,Bloodyredlyx,ysera,2112,druid,feral,90,46,44
5620,Öøöøöøöøöøöø,anachronos,2110,druid,feral,72,47,25
5621,Ромкабикстар,gordunni,2107,druid,feral,78,40,38
5622,Zøte,ravencrest,2083,druid,feral,84,43,41
5623,Twinklex,ravencrest,2077,druid,feral,131,66,65
5624,Cataferal,ravencrest,2075,druid,feral,108,57,51
5625,Dashfull,ravencrest,2071,druid,feral,215,117,98
5626,Taladruide,archimonde,2066,druid,feral,84,43,41
5627,Nìm,outland,2057,druid,feral,124,60,64
5628,Crøwnd,twisting-nether,2056,druid,feral,54,34,20
5629,Houmrx,ravencrest,2055,druid,feral,114,57,57
5630,Desenlace,silvermoon,2047,druid,feral,156,77,79
5631,Tomyn,burning-legion,2033,druid,feral,72,43,29
5632,Uebiwe,silvermoon,2022,druid,feral,84,48,36
5633,Rapatera,argent-dawn,2019,druid,feral,54,30,24
5634,Jakamx,ravencrest,2017,druid,feral,342,172,170
5635,Mmlprox,burning-legion,2012,druid,feral,115,56,59
5636,Lxve,tarren-mill,1999,druid,feral,66,34,32
5637,Degmond,silvermoon,1997,druid,feral,78,41,37
5638,Trøüpäx,outland,1994,druid,feral,90,46,44
5639,Råñkønêbëår,ravencrest,1982,druid,feral,60,36,24
5640,Gurranq,argent-dawn,1964,druid,feral,60,32,28
5641,Djgírlßøssqt,argent-dawn,1941,druid,feral,126,62,64
5642,Трэвисдог,gordunni,1936,druid,feral,59,31,28
5643,Purgatxry,ravencrest,1922,druid,feral,401,201,200
5644,Cløwnferalx,argent-dawn,1921,druid,feral,54,25,29
5645,Yone,blackmoore,1918,druid,feral,60,33,27
5646,Cåssidy,archimonde,1911,druid,feral,72,32,40
5647,Kàraba,archimonde,1909,druid,feral,94,47,47
5648,Ðevilwhite,nemesis,1902,druid,feral,36,20,16
5649,Nîîght,ravencrest,1895,druid,feral,54,26,28
5650,Iminz,ravencrest,1892,druid,feral,191,88,103
5651,Noxxìe,draenor,1888,druid,feral,50,28,22
5652,Норланда,gordunni,1884,druid,feral,60,32,28
5653,Опакот,howling-fjord,1879,druid,feral,68,30,38
5654,Garbagemonky,amanthul,1878,druid,feral,130,83,47
5655,Trauller,outland,1872,druid,feral,72,30,42
5656,Symbiosa,silvermoon,1870,druid,feral,30,20,10
5657,Kaldorei,nemesis,1869,druid,feral,50,28,22
5658,Sleepykitty,argent-dawn,1865,druid,feral,89,52,37
5659,Alessathrina,argent-dawn,1862,druid,feral,135,68,67
5660,Obeseferal,outland,1859,druid,feral,66,31,35
5661,Boostedbear,ragnaros,1848,druid,feral,65,30,35
5662,Kattenvoer,stormscale,1842,druid,feral,36,27,9
5663,Ethryl,ravencrest,1837,druid,feral,90,45,45
5664,Skatch,sylvanas,1836,druid,feral,54,28,26
5665,Yesbody,tarren-mill,1836,druid,feral,48,24,24
5666,Elfsu,ravencrest,1833,druid,feral,71,40,31
5667,Jhiun,ragnaros,1833,druid,feral,126,68,58
5668,Mysticalmoon,ravencrest,1832,druid,feral,72,32,40
5669,Февти,gordunni,1828,druid,feral,59,34,25
5670,Блюгилли,ashenvale,1826,druid,feral,86,40,46
5671,Annksunamún,ysondre,1825,druid,feral,213,119,94
5672,Drbeef,sanguino,1823,druid,feral,45,28,17
5673,Zelaron,twisting-nether,1823,druid,feral,42,22,20
5674,Фейкхехе,gordunni,1822,druid,feral,48,27,21
5675,Reward,ragnaros,1819,druid,feral,64,30,34
5676,Rheasilvià,silvermoon,1818,druid,feral,54,31,23
5677,Fyrkax,aegwynn,1818,druid,feral,48,26,22
5678,Kroñm,dun-modr,1818,druid,feral,60,25,35
5679,Rubbershark,ravencrest,1815,druid,feral,76,53,23
5680,Fendrïl,varimathras,1814,druid,feral,90,55,35
5681,Nøfåmïly,silvermoon,1814,druid,feral,160,83,77
5682,Nainket,ravencrest,1813,druid,feral,48,22,26
5683,Mortality,proudmoore,1812,druid,feral,65,31,34
5684,Moonkniight,ravencrest,1810,druid,feral,30,22,8
5685,Nfxdruid,argent-dawn,1810,druid,feral,90,54,36
5686,Minaervea,antonidas,1808,druid,feral,78,35,43
5687,Bleêds,dun-modr,1807,druid,feral,30,19,11
5688,Coineagan,frostmourne,1807,druid,feral,46,20,26
5689,Alexmeow,ravencrest,1805,druid,feral,44,29,15
5690,Caprïsun,archimonde,1804,druid,feral,42,24,18
5691,Tilikum,stormscale,1804,druid,feral,311,156,155
5692,Bigangrycatx,ravencrest,1803,druid,feral,62,26,36
5693,Mykk,ravencrest,1802,druid,feral,54,33,21
5694,Ratsimulator,tarren-mill,1802,druid,feral,54,32,22
5695,Skytek,silvermoon,1802,druid,feral,84,41,43
5696,Мелталиора,soulflayer,1800,druid,feral,59,30,29
5697,Nzmdruid,burning-legion,1795,druid,feral,48,25,23
5698,Jåkeferalta,outland,1794,druid,feral,75,38,37
5699,Ålleyézoffme,ravencrest,1780,druid,feral,77,43,34
5700,Catkovic,kult-der-verdammten,1777,druid,feral,47,24,23
5701,Jarethy,dun-modr,1766,druid,feral,117,55,62
5702,Каергорн,soulflayer,1766,druid,feral,54,19,35
5703,Klaerke,tarren-mill,1762,druid,feral,65,27,38
5704,Селфика,gordunni,1757,druid,feral,66,21,45
5705,Khunahype,thrall,1754,druid,feral,36,26,10
5706,Dzandel,silvermoon,1754,druid,feral,466,231,235
5707,Fürfur,ravencrest,1749,druid,feral,48,29,19
5708,Kikihoux,ravencrest,1747,druid,feral,41,22,19
5709,Elîas,kazzak,1745,druid,feral,42,25,17
5710,Moldrokk,ravencrest,1739,druid,feral,52,31,21
5711,Babynaty,ravencrest,1735,druid,feral,102,48,54
5712,Pilaf,emerald-dream,1734,druid,feral,133,63,70
5713,Итильтириэль,gordunni,1733,druid,feral,74,33,41
5714,Apuasaatana,stormreaver,1731,druid,feral,36,20,16
5715,Блиденг,gordunni,1731,druid,feral,69,34,35
5716,Noé,aegwynn,1727,druid,feral,141,90,51
5717,Jukeboks,silvermoon,1726,druid,feral,55,25,30
5718,Yaddas,draenor,1722,druid,feral,48,25,23
5719,Buffshred,ravencrest,1721,druid,feral,24,18,6
5720,Zechey,stormreaver,1721,druid,feral,30,18,12
5721,Mutaattori,sylvanas,1720,druid,feral,37,18,19
5722,Zaibastus,doomhammer,1718,druid,feral,72,30,42
5723,Kaÿn,tarren-mill,1716,druid,feral,36,18,18
5724,Melsson,stormreaver,1714,druid,feral,48,22,26
5725,Pänthërä,ravencrest,1711,druid,feral,36,18,18
5726,Отхода,gordunni,1704,druid,feral,34,19,15
5727,Worgenshiftr,kazzak,1697,druid,feral,48,21,27
5728,Ottur,argent-dawn,1695,druid,feral,30,18,12
5729,Blvckðvitchz,ravencrest,1692,druid,feral,36,18,18
5730,Tangela,stormreaver,1689,druid,feral,48,29,19
5731,Fückøff,ravencrest,1689,druid,feral,65,33,32
5732,Natakis,blades-edge,1688,druid,feral,48,25,23
5733,Shiftydruid,thunderhorn,1688,druid,feral,170,80,90
5734,Doopdroo,tarren-mill,1687,druid,feral,48,20,28
5735,Verbxp,kazzak,1682,druid,feral,56,29,27
5736,ßgøðx,argent-dawn,1681,druid,feral,79,45,34
5737,Feralwilder,turalyon,1676,druid,feral,159,70,89
5738,Jellytardx,outland,1675,druid,feral,75,41,34
5739,Paranoia,outland,1675,druid,feral,94,46,48
5740,Freyanah,argent-dawn,1675,druid,feral,108,47,61
5741,Zifr,dalaran,1675,druid,feral,66,22,44
5742,Jabbari,outland,1673,druid,feral,168,85,83
5743,Nouin,twisting-nether,1673,druid,feral,136,66,70
5744,Crazydos,tarren-mill,1671,druid,feral,57,27,30
5745,Phenova,sargeras,1671,druid,feral,99,41,58
5746,Aedui,tarren-mill,1668,druid,feral,38,20,18
5747,Ðrüid,ravencrest,1668,druid,feral,72,34,38
5748,Rbgbot,ragnaros,1667,druid,feral,54,30,24
5749,Jgltrainer,archimonde,1666,druid,feral,53,31,22
5750,Nøkki,draenor,1666,druid,feral,44,25,19
5751,Kouda,draenor,1665,druid,feral,68,30,38
5752,Silksharp,ravencrest,1663,druid,feral,60,31,29
5753,Bernfried,silvermoon,1661,druid,feral,58,25,33
5754,Moskaros,turalyon,1660,druid,feral,48,22,26
5755,Triluxa,blackmoore,1659,druid,feral,54,28,26
5756,Adabsurdum,kazzak,1659,druid,feral,124,55,69
5757,Unoseeme,outland,1655,druid,feral,66,29,37
5758,Opresse,archimonde,1655,druid,feral,54,23,31
5759,Indann,kazzak,1651,druid,feral,48,19,29
5760,Nasukka,grim-batol,1648,druid,feral,103,54,49
5761,Thørkang,dun-modr,1647,druid,feral,47,29,18
5762,Simdruid,stormscale,1641,druid,feral,36,19,17
5763,Bulan,ghostlands,1638,druid,feral,66,41,25
5764,Goodtrip,archimonde,1636,druid,feral,110,53,57
5765,Ñøpe,ravencrest,1630,druid,feral,30,17,13
5766,Fzx,aegwynn,1629,druid,feral,30,17,13
5767,Ddru,ravencrest,1629,druid,feral,36,20,16
5768,Avanah,silvermoon,1626,druid,feral,72,35,37
5769,Паинтер,blackscar,1624,druid,feral,53,24,29
5770,Котосапенс,howling-fjord,1623,druid,feral,42,23,19
5771,Грязныекогти,gordunni,1622,druid,feral,65,39,26
5772,Злодзейка,gordunni,1619,druid,feral,105,53,52
5773,Dubakoo,outland,1617,druid,feral,81,46,35
5774,Skypinho,blackhand,1616,druid,feral,48,22,26
5775,Djmeowxd,blackrock,1616,druid,feral,69,30,39
5776,Rayjinn,dun-modr,1613,druid,feral,36,17,19
5777,Hässelhoof,ragnaros,1610,druid,feral,54,18,36
5778,Heyiamdan,tarren-mill,1609,druid,feral,158,88,70
5779,Hugepepega,ravencrest,1608,druid,feral,48,27,21
5780,Banzeye,nordrassil,1607,druid,feral,68,35,33
5781,Тётявискас,howling-fjord,1606,druid,feral,42,26,16
5782,Pitchou,karazhan,1606,druid,feral,66,33,33
5783,Bigpapad,ravencrest,1605,druid,feral,36,19,17
5784,Реалаг,howling-fjord,1604,druid,feral,47,20,27
5785,Wucherwurzel,eredar,1604,druid,feral,71,30,41
5786,Evilshade,ravencrest,1604,druid,feral,115,47,68
5787,Gediminas,argent-dawn,1604,druid,feral,58,22,36
5788,Акиша,deepholm,1602,druid,feral,44,21,23
5789,Køgér,kazzak,1601,druid,feral,30,17,13
5790,Zarc,stormreaver,1601,druid,feral,37,20,17
5791,Chronoqtxd,ravencrest,1601,druid,feral,52,24,28
5792,Tani,kazzak,1600,druid,feral,63,34,29
5793,Adastroeolo,sanguino,1598,druid,feral,57,31,26
5794,Frighton,ravencrest,1591,druid,feral,72,30,42
5795,Drunosio,magtheridon,1588,druid,feral,78,36,42
5796,Narunis,tarren-mill,1583,druid,feral,72,33,39
5797,Vëgâñgøðx,ragnaros,1582,druid,feral,170,90,80
5798,Phïl,ravencrest,1580,druid,feral,66,34,32
5799,Leylå,ravencrest,1578,druid,feral,42,19,23
5800,Sartipus,draenor,1575,druid,feral,48,24,24
5801,Raznos,ravencrest,1572,druid,feral,83,48,35
5802,Asçdruid,kazzak,1572,druid,feral,56,24,32
5803,Eranor,archimonde,1569,druid,feral,152,79,73
5804,Yongala,archimonde,1565,druid,feral,66,35,31
5805,Stopwatching,outland,1565,druid,feral,42,18,24
5806,Rami,sylvanas,1564,druid,feral,90,42,48
5807,Fangornn,outland,1560,druid,feral,89,40,49
5808,Риама,blackscar,1558,druid,feral,78,38,40
5809,Jasperqt,silvermoon,1556,druid,feral,30,18,12
5810,Emph,ravencrest,1556,druid,feral,30,18,12
5811,Drylle,argent-dawn,1555,druid,feral,93,50,43
5812,Soofyan,kazzak,1554,druid,feral,42,17,25
5813,Cubswansón,outland,1550,druid,feral,79,43,36
5814,Fluffygoon,azjolnerub,1550,druid,feral,62,28,34
5815,Chiwsy,outland,1548,druid,feral,83,42,41
5816,Féral,hyjal,1548,druid,feral,101,48,53
5817,Smuktøs,twisting-nether,1546,druid,feral,47,28,19
5818,Texoria,twisting-nether,1546,druid,feral,84,42,42
5819,Kärmä,eldrethalas,1534,druid,feral,83,43,40
5820,Shyngodx,archimonde,1533,druid,feral,41,17,24
5821,Feytique,aegwynn,1530,druid,feral,41,19,22
5822,Maccín,draenor,1530,druid,feral,52,18,34
5823,Одряя,soulflayer,1525,druid,feral,90,51,39
5824,Sekunden,ravencrest,1522,druid,feral,42,21,21
5825,Оудин,blackscar,1521,druid,feral,47,23,24
5826,Goldrax,outland,1518,druid,feral,36,16,20
5827,Муумуумуу,howling-fjord,1515,druid,feral,114,52,62
5828,Мунпраид,gordunni,1514,druid,feral,72,35,37
5829,Crisspurolss,ysondre,1512,druid,feral,58,27,31
5830,Сириль,soulflayer,1507,druid,feral,47,25,22
5831,Druidry,ragnaros,1506,druid,feral,54,30,24
5832,Jerrybeans,ravencrest,1504,druid,feral,120,57,63
5833,Взп,gordunni,1502,druid,feral,36,18,18
5834,Зонкс,gordunni,1501,druid,feral,92,47,45
5835,Epicplays,sylvanas,1500,druid,feral,66,39,27
5836,Броодяга,razuvious,1497,druid,feral,41,18,23
5837,Kabraxis,silvermoon,1494,druid,feral,54,25,29
5838,Бобасик,fordragon,1491,druid,feral,54,27,27
5839,Арбузег,gordunni,1491,druid,feral,64,31,33
5840,Rollozuu,blackrock,1483,druid,feral,96,46,50
5841,Crow,saurfang,1482,druid,feral,56,31,25
5842,Clipsy,twilights-hammer,1482,druid,feral,219,107,112
5843,Màz,blackmoore,1480,druid,feral,140,64,76
5844,Byet,kazzak,1478,druid,feral,42,17,25
5845,Nå,outland,1477,druid,feral,96,47,49
5846,Larryburns,nathrezim,1471,druid,feral,104,52,52
5847,Unlit,draenor,1469,druid,feral,42,20,22
5848,Extracssion,ysondre,1468,druid,feral,44,17,27
5849,Алексина,fordragon,1465,druid,feral,148,82,66
5850,Oleander,zuljin,1465,druid,feral,133,66,67
5851,Hushorde,twisting-nether,1464,druid,feral,47,23,24
5852,Zaethul,draenor,1460,druid,feral,30,20,10
5853,Margueriti,the-maelstrom,1460,druid,feral,79,36,43
5854,Tîma,blackmoore,1457,druid,feral,192,97,95
5855,Arlina,magtheridon,1454,druid,feral,57,26,31
5856,Christàlyst,garona,1452,druid,feral,45,23,22
5857,Bomoth,kazzak,1451,druid,feral,36,16,20
5858,Baerminatør,blackrock,1451,druid,feral,60,26,34
5859,Deehe,thrall,1447,druid,feral,36,18,18
5860,Smellykitten,ravencrest,1445,druid,feral,36,18,18
5861,Kimpine,kirin-tor,1444,druid,feral,73,41,32
5862,Vargall,silvermoon,1441,druid,feral,29,19,10
5863,Docmedlove,aegwynn,1437,druid,feral,36,15,21
5864,Chromaticx,argent-dawn,1436,druid,feral,50,29,21
5865,Hydorn,cthun,1435,druid,feral,42,20,22
5866,Crinji,ravencrest,1433,druid,feral,24,15,9
5867,Boomzter,frostmane,1433,druid,feral,75,36,39
5868,Микайо,goldrinn,1432,druid,feral,167,79,88
5869,Cocaqt,nemesis,1429,druid,feral,24,15,9
5870,Беконайзер,howling-fjord,1427,druid,feral,40,20,20
5871,Tazdino,destromath,1427,druid,feral,48,15,33
5872,Arilíaxo,amanthul,1426,druid,feral,18,15,3
5873,Phesxd,sylvanas,1425,druid,feral,42,21,21
5874,Lugtedyr,draenor,1423,druid,feral,59,29,30
5875,Gonco,blackrock,1422,druid,feral,45,21,24
5876,Vancis,ravencrest,1421,druid,feral,51,29,22
5877,Sadskia,sanguino,1420,druid,feral,30,15,15
5878,Mervend,tarren-mill,1420,druid,feral,41,15,26
5879,Ephixa,burning-legion,1419,druid,feral,47,23,24
5880,Alcik,silvermoon,1417,druid,feral,54,15,39
5881,Dadzeus,khaz-modan,1414,druid,feral,44,27,17
5882,Calaftayou,ravencrest,1414,druid,feral,48,19,29
5883,Drudonja,silvermoon,1412,druid,feral,90,48,42
5884,Муунфаер,gordunni,1412,druid,feral,90,41,49
5885,Razoremperor,tarren-mill,1410,druid,feral,108,50,58
5886,Vlcák,drakthul,1409,druid,feral,178,88,90
5887,Mônchô,sanguino,1408,druid,feral,100,61,39
5888,Thaelyy,drakthul,1407,druid,feral,66,27,39
5889,Chirnaruk,ravencrest,1406,druid,feral,60,29,31
5890,Furmagic,tarren-mill,1405,druid,feral,30,15,15
5891,Enjoik,drakthul,1404,druid,feral,131,65,66
5892,Snapzy,sylvanas,1401,druid,feral,42,27,15
5893,Luigina,blackmoore,1400,druid,feral,30,15,15
5894,Bagheera,archimonde,1396,druid,feral,71,32,39
5895,Picatso,blackrock,1395,druid,feral,30,15,15
5896,Seyyid,archimonde,1394,druid,feral,36,18,18
5897,Sabertoon,argent-dawn,1393,druid,feral,165,73,92
5898,Neshalry,blackhand,1392,druid,feral,36,16,20
5899,Degentiuso,alakir,1390,druid,feral,90,50,40
5900,Котфилин,gordunni,1389,druid,feral,78,44,34
5901,Ponshü,hyjal,1389,druid,feral,45,24,21
5902,Legitx,dentarg,1385,druid,feral,43,17,26
5903,Tsopúnisher,twisting-nether,1383,druid,feral,46,20,26
5904,Carlitto,blackmoore,1382,druid,feral,33,23,10
5905,Kodobursto,stormscale,1380,druid,feral,64,38,26
5906,Liqoú,tarren-mill,1380,druid,feral,54,31,23
5907,Donoz,ravencrest,1378,druid,feral,42,26,16
5908,Zhényá,ravencrest,1377,druid,feral,36,17,19
5909,Ferøsse,hyjal,1374,druid,feral,42,21,21
5910,Pipima,kazzak,1374,druid,feral,48,20,28
5911,Crtx,blackhand,1372,druid,feral,78,47,31
5912,Bigdaddytate,kazzak,1372,druid,feral,35,20,15
5913,Cörelly,ravencrest,1368,druid,feral,96,48,48
5914,Elitarian,argent-dawn,1367,druid,feral,133,65,68
5915,Blintschiki,echsenkessel,1363,druid,feral,71,32,39
5916,Друличч,blackscar,1361,druid,feral,61,29,32
5917,Диаболус,gordunni,1359,druid,feral,62,32,30
5918,Ripgødx,outland,1357,druid,feral,126,66,60
5919,Manoestouro,draenor,1353,druid,feral,48,19,29
5920,ßußßo,ravencrest,1352,druid,feral,30,24,6
5921,Druidicmorr,sylvanas,1351,druid,feral,68,30,38
5922,Sÿlph,sylvanas,1348,druid,feral,102,51,51
5923,Grimgoor,burning-legion,1347,druid,feral,94,52,42
5924,Snapeshifter,blackhand,1343,druid,feral,36,19,17
5925,Chepochem,stormscale,1341,druid,feral,38,16,22
5926,Ефомитстерша,gordunni,1339,druid,feral,36,17,19
5927,Тёмныйзверь,borean-tundra,1339,druid,feral,54,20,34
5928,Нимир,soulflayer,1339,druid,feral,42,14,28
5929,Snøwden,twisting-nether,1337,druid,feral,42,24,18
5930,Фейк,howling-fjord,1337,druid,feral,36,14,22
5931,Хэрес,gordunni,1336,druid,feral,24,14,10
5932,Ghettoven,kazzak,1333,druid,feral,60,29,31
5933,Rottweiler,doomhammer,1332,druid,feral,72,30,42
5934,Droodae,hyjal,1331,druid,feral,47,25,22
5935,Эскоф,gordunni,1331,druid,feral,55,27,28
5936,Криашин,goldrinn,1331,druid,feral,63,28,35
5937,Ведмедив,blackscar,1331,druid,feral,48,21,27
5938,Mooncarnatio,burning-legion,1329,druid,feral,42,14,28
5939,Paws,dun-modr,1327,druid,feral,54,28,26
5940,Starliner,ravencrest,1326,druid,feral,36,14,22
5941,Шэйпшифт,fordragon,1326,druid,feral,42,16,26
5942,Quikahn,outland,1323,druid,feral,30,14,16
5943,Vanhelsíng,dun-modr,1322,druid,feral,22,15,7
5944,Panthéra,ravencrest,1320,druid,feral,192,89,103
5945,Drupal,argent-dawn,1319,druid,feral,36,19,17
5946,Migajde,stormscale,1317,druid,feral,83,49,34
5947,Lukeyferalxo,argent-dawn,1317,druid,feral,162,75,87
5948,Балаклаваа,soulflayer,1316,druid,feral,29,18,11
5949,Enock,hyjal,1312,druid,feral,24,14,10
5950,Лякокля,soulflayer,1312,druid,feral,72,39,33
5951,Majokz,ravencrest,1307,druid,feral,44,23,21
5952,Regelè,sylvanas,1305,druid,feral,86,45,41
5953,Hottad,tarren-mill,1304,druid,feral,120,66,54
5954,Henessi,ragnaros,1302,druid,feral,30,14,16
5955,Soléda,thrall,1299,druid,feral,105,50,55
5956,Maylon,darksorrow,1294,druid,feral,48,23,25
5957,Koumma,archimonde,1291,druid,feral,37,21,16
5958,Biffsteak,blackhand,1291,druid,feral,114,53,61
5959,Kirmelastas,kazzak,1289,druid,feral,56,29,27
5960,Jaxtn,tarren-mill,1288,druid,feral,36,20,16
5961,Chinoiserie,aszune,1286,druid,feral,30,17,13
5962,Chouan,marécage-de-zangar,1285,druid,feral,155,78,77
5963,Carakal,outland,1284,druid,feral,53,24,29
5964,Weydjin,garona,1278,druid,feral,30,16,14
5965,Tyldormeow,tarren-mill,1275,druid,feral,133,59,74
5966,Symbiosîs,stormscale,1273,druid,feral,41,17,24
5967,Laguna,ravencrest,1271,druid,feral,41,14,27
5968,Jxst,tarren-mill,1270,druid,feral,48,19,29
5969,Koffee,archimonde,1259,druid,feral,48,23,25
5970,Беркамп,howling-fjord,1257,druid,feral,111,45,66
5971,Shinshìva,twisting-nether,1255,druid,feral,205,104,101
5972,Nalaa,festung-der-stürme,1255,druid,feral,106,46,60
5973,Pepeja,doomhammer,1253,druid,feral,24,15,9
5974,Tussenfryd,draenor,1253,druid,feral,132,61,71
5975,Dougi,argent-dawn,1252,druid,feral,60,28,32
5976,Trusten,nemesis,1249,druid,feral,78,43,35
5977,Шев,blackscar,1246,druid,feral,24,13,11
5978,Taigarus,aerie-peak,1246,druid,feral,72,34,38
5979,Muckì,alleria,1246,druid,feral,30,13,17
5980,Weedgras,eredar,1244,druid,feral,30,13,17
5981,Shifthappens,dun-modr,1242,druid,feral,24,13,11
5982,Dureka,tarren-mill,1241,druid,feral,24,13,11
5983,Salseo,uldum,1239,druid,feral,33,14,19
5984,Ivìs,nemesis,1239,druid,feral,42,17,25
5985,Cheddar,tyrande,1237,druid,feral,29,14,15
5986,Cleandc,blackhand,1234,druid,feral,34,20,14
5987,Кеорл,gordunni,1234,druid,feral,102,43,59
5988,Webla,blackmoore,1231,druid,feral,29,15,14
5989,Deviantdruid,tarren-mill,1231,druid,feral,39,20,19
5990,Bâbusch,blackmoore,1230,druid,feral,24,13,11
5991,Катяблум,gordunni,1230,druid,feral,30,13,17
5992,Shaggery,stormscale,1227,druid,feral,69,27,42
5993,Ildrin,ragnaros,1226,druid,feral,30,19,11
5994,Whísperclaw,ravencrest,1226,druid,feral,41,21,20
5995,Dirtyfantasy,alakir,1225,druid,feral,54,31,23
5996,Malfyurion,ragnaros,1224,druid,feral,78,37,41
5997,Jdogger,tarren-mill,1219,druid,feral,24,13,11
5998,Azmerloth,antonidas,1214,druid,feral,36,13,23
5999,Defløwer,aegwynn,1213,druid,feral,36,18,18
6000,Смизм,gordunni,1209,druid,feral,38,19,19
6001,Lunamimi,argent-dawn,1206,druid,feral,24,14,10
6002,Dudeimgodly,ravencrest,1205,druid,feral,42,13,29
6003,Йванныч,gordunni,1203,druid,feral,44,19,25
6004,Stelthee,silvermoon,1202,druid,feral,54,21,33
6005,Kintax,drakthul,1201,druid,feral,81,44,37
6006,Storslev,stormscale,1199,druid,feral,137,55,82
6007,Azenoir,ravencrest,1199,druid,feral,39,14,25
6008,Liionheart,khaz-modan,1198,druid,feral,54,26,28
6009,Devonshira,ravencrest,1198,druid,feral,36,14,22
6010,Zeyne,ravencrest,1193,druid,feral,24,14,10
6011,Богарт,soulflayer,1193,druid,feral,24,14,10
6012,Lorcàn,argent-dawn,1189,druid,feral,52,22,30
6013,Herten,tarren-mill,1185,druid,feral,30,13,17
6014,Millenia,darkmoon-faire,1183,druid,feral,127,64,63
6015,Twyty,khaz-modan,1182,druid,feral,155,73,82
6016,Arnwaald,kaelthas,1173,druid,feral,30,16,14
6017,Tl,archimonde,1170,druid,feral,61,28,33
6018,Kynji,twisting-nether,1169,druid,feral,60,27,33
6019,Álex,anachronos,1169,druid,feral,36,16,20
6020,Kittasek,drakthul,1167,druid,feral,36,23,13
6021,Dijem,wildhammer,1160,druid,feral,30,15,15
6022,Nightfáll,tarren-mill,1157,druid,feral,36,13,23
6023,Howtonio,archimonde,1151,druid,feral,18,12,6
6024,Lenyl,dun-modr,1151,druid,feral,24,12,12
6025,Zbear,kazzak,1151,druid,feral,36,16,20
6026,Nédith,archimonde,1151,druid,feral,30,12,18
6027,Äcajou,hyjal,1150,druid,feral,52,27,25
6028,Exortas,kazzak,1150,druid,feral,61,27,34
6029,Fallken,burning-blade,1149,druid,feral,24,12,12
6030,Фекаллис,soulflayer,1147,druid,feral,24,12,12
6031,Frs,bladefist,1147,druid,feral,30,12,18
6032,Tibozx,stormscale,1146,druid,feral,36,21,15
6033,Mímír,frostmane,1145,druid,feral,24,12,12
6034,Snootxt,blackmoore,1143,druid,feral,42,16,26
6035,Calîmerô,blackrock,1142,druid,feral,18,12,6
6036,Veryfast,blackhand,1142,druid,feral,24,12,12
6037,Jinxaran,culte-de-la-rive-noire,1135,druid,feral,36,12,24
6038,Käissi,blackmoore,1134,druid,feral,42,18,24
6039,Blazor,eredar,1132,druid,feral,46,25,21
6040,Moonpuff,kazzak,1132,druid,feral,39,20,19
6041,Кыцко,soulflayer,1124,druid,feral,24,12,12
6042,Naheliaqt,outland,1121,druid,feral,24,12,12
6043,Feraligator,sanguino,1120,druid,feral,168,79,89
6044,Andros,arathor,1120,druid,feral,36,12,24
6045,Swagmode,draenor,1119,druid,feral,49,30,19
6046,Lemmí,frostwolf,1113,druid,feral,30,13,17
6047,Медверх,gordunni,1113,druid,feral,36,12,24
6048,Malvakten,kazzak,1112,druid,feral,25,13,12
6049,Jaghut,burning-legion,1109,druid,feral,18,12,6
6050,Papan,sylvanas,1108,druid,feral,18,12,6
6051,Bæghira,draenor,1106,druid,feral,88,49,39
6052,Tranduiil,drakthul,1104,druid,feral,66,40,26
6053,Спэкк,gordunni,1104,druid,feral,36,14,22
6054,Mudpie,stormscale,1100,druid,feral,55,23,32
6055,Progodd,silvermoon,1097,druid,feral,48,24,24
6056,Lutis,magtheridon,1095,druid,feral,48,21,27
6057,Zivertgodx,argent-dawn,1093,druid,feral,48,23,25
6058,Nicos,elune,1091,druid,feral,29,13,16
6059,Vidlna,outland,1089,druid,feral,60,26,34
6060,Shymä,hyjal,1088,druid,feral,91,35,56
6061,Йонарк,gordunni,1087,druid,feral,41,20,21
6062,Teacherr,quelthalas,1087,druid,feral,73,24,49
6063,Greengünter,blackmoore,1086,druid,feral,22,12,10
6064,Nevercloneqt,argent-dawn,1086,druid,feral,23,12,11
6065,Tsajj,stormreaver,1083,druid,feral,45,26,19
6066,Rootznloots,draenor,1082,druid,feral,48,26,22
6067,Derzis,eonar,1081,druid,feral,66,32,34
6068,Denadu,turalyon,1080,druid,feral,48,12,36
6069,Hönör,ysondre,1076,druid,feral,151,73,78
6070,Elenwyth,argent-dawn,1072,druid,feral,36,12,24
6071,Kageioshi,kazzak,1070,druid,feral,56,28,28
6072,Maaghera,silvermoon,1065,druid,feral,60,26,34
6073,Owling,antonidas,1061,druid,feral,48,24,24
6074,Yøløswag,naxxramas,1060,druid,feral,71,38,33
6075,Salviaf,silvermoon,1055,druid,feral,94,43,51
6076,Bigcrazycatx,ravencrest,1055,druid,feral,30,11,19
6077,Belsebub,ravencrest,1055,druid,feral,30,11,19
6078,Liya,ravencrest,1054,druid,feral,30,11,19
6079,Ra,stormscale,1053,druid,feral,18,11,7
6080,Runeclaws,twisting-nether,1053,druid,feral,18,11,7
6081,Chexdruid,silvermoon,1053,druid,feral,27,12,15
6082,Unreally,drakthul,1051,druid,feral,18,11,7
6083,Togara,kazzak,1050,druid,feral,24,11,13
6084,Weedum,kazzak,1046,druid,feral,24,11,13
6085,Battleray,twisting-nether,1040,druid,feral,57,25,32
6086,Zokix,doomhammer,1040,druid,feral,30,12,18
6087,Treeflogger,ravencrest,1038,druid,feral,24,11,13
6088,Kermit,die-aldor,1032,druid,feral,81,32,49
6089,Élmunia,ravencrest,1030,druid,feral,36,19,17
6090,Hadesx,blackhand,1028,druid,feral,30,17,13
6091,Eternas,elune,1027,druid,feral,82,37,45
6092,Morfâns,ragnaros,1024,druid,feral,49,23,26
6093,Amoonaa,kazzak,1020,druid,feral,54,28,26
6094,Boombassador,stormscale,1012,druid,feral,30,17,13
6095,Phanterus,chamber-of-aspects,1012,druid,feral,24,11,13
6096,Carldroid,sylvanas,1009,druid,feral,28,13,15
6097,Cøcøpøpsmøke,archimonde,1009,druid,feral,26,12,14
6098,Tatabomba,archimonde,1008,druid,feral,60,30,30
6099,Брэмблс,soulflayer,1008,druid,feral,35,15,20
6100,Mpounia,twilights-hammer,1006,druid,feral,89,45,44
6101,Ripndip,eredar,1006,druid,feral,82,39,43
6102,Kyoshî,blackmoore,1006,druid,feral,130,61,69
6103,Smittly,bloodhoof,1005,druid,feral,58,23,35
6104,Chlambak,archimonde,1004,druid,feral,24,14,10
6105,Фаллендэл,gordunni,1001,druid,feral,30,17,13
6106,Tyranderawr,ravencrest,999,druid,feral,27,12,15
6107,Isaye,archimonde,999,druid,feral,70,23,47
6108,Moonglade,deathwing,996,druid,feral,27,11,16
6109,Clawdiá,silvermoon,995,druid,feral,60,28,32
6110,Mîyukí,ravencrest,995,druid,feral,30,12,18
6111,Terror,agamaggan,983,druid,feral,36,12,24
6112,Rakuy,thrall,981,druid,feral,27,11,16
6113,Saltow,archimonde,978,druid,feral,48,14,34
6114,Zaltaruk,sanguino,977,druid,feral,54,21,33
6115,Janjalism,silvermoon,973,druid,feral,63,34,29
6116,Скагуар,blackscar,973,druid,feral,38,11,27
6117,Descendance,ysondre,968,druid,feral,85,42,43
6118,Klatro,terokkar,965,druid,feral,24,13,11
6119,Ryseqt,nemesis,960,druid,feral,12,10,2
6120,Tjxaxa,ravencrest,960,druid,feral,12,10,2
6121,Shylovez,aegwynn,960,druid,feral,18,10,8
6122,Nîghtz,ravencrest,960,druid,feral,18,10,8
6123,Møonknight,ravencrest,960,druid,feral,18,10,8
6124,Cyborgz,archimonde,960,druid,feral,18,10,8
6125,Suggly,ysondre,959,druid,feral,18,10,8
6126,Даркедес,gordunni,959,druid,feral,18,10,8
6127,Goodtrip,hyjal,959,druid,feral,18,10,8
6128,Beerista,tarren-mill,959,druid,feral,24,11,13
6129,Hahafun,ravencrest,959,druid,feral,24,10,14
6130,Luphrekfurry,ysondre,959,druid,feral,24,10,14
6131,Cyph,shadowsong,958,druid,feral,18,10,8
6132,Dipz,frostwolf,958,druid,feral,18,10,8
6133,Nîchtsnutz,blackmoore,958,druid,feral,18,10,8
6134,Carridwyn,argent-dawn,958,druid,feral,24,10,14
6135,Basedgôd,alakir,957,druid,feral,18,10,8
6136,Nightdruidcz,turalyon,955,druid,feral,18,10,8
6137,Zjukov,ragnaros,955,druid,feral,24,10,14
6138,Corrupthz,outland,955,druid,feral,24,10,14
6139,Pointlez,frostmane,954,druid,feral,24,10,14
6140,Шонгу,soulflayer,953,druid,feral,24,10,14
6141,Phandris,argent-dawn,952,druid,feral,67,36,31
6142,Друлевой,greymane,948,druid,feral,24,12,12
6143,Ультраафина,gordunni,946,druid,feral,24,10,14
6144,Collnaris,ravencrest,944,druid,feral,18,10,8
6145,Реептилоид,soulflayer,942,druid,feral,24,10,14
6146,Wuzzington,outland,940,druid,feral,24,10,14
6147,Stéely,ravencrest,933,druid,feral,30,14,16
6148,Béar,arathor,931,druid,feral,58,21,37
6149,Маветт,blackscar,925,druid,feral,63,29,34
6150,Erelae,twisting-nether,924,druid,feral,22,10,12
6151,Trikill,hyjal,922,druid,feral,31,10,21
6152,Teddîursa,kazzak,915,druid,feral,34,10,24
6153,Blacksagex,dragonmaw,910,druid,feral,17,10,7
6154,Gató,kazzak,899,druid,feral,32,11,21
6155,Lohki,eredar,895,druid,feral,21,12,9
6156,Леминвинкс,eversong,889,druid,feral,24,13,11
6157,Джирас,gordunni,883,druid,feral,38,14,24
6158,Verbat,cthun,878,druid,feral,42,21,21
6159,Mommonga,onyxia,874,druid,feral,38,14,24
6160,Urfi,tyrande,864,druid,feral,12,9,3
6161,Wex,darksorrow,864,druid,feral,12,9,3
6162,Fyrka,aegwynn,864,druid,feral,18,9,9
6163,Aleatório,grim-batol,864,druid,feral,18,9,9
6164,Rysejr,nemesis,864,druid,feral,18,9,9
6165,Cocomojo,outland,864,druid,feral,18,9,9
6166,Sixmonthbann,ravencrest,864,druid,feral,18,9,9
6167,Furrykruger,the-maelstrom,864,druid,feral,18,9,9
6168,Bignik,tarren-mill,864,druid,feral,18,9,9
6169,Paramore,outland,864,druid,feral,18,9,9
6170,Roska,archimonde,864,druid,feral,18,9,9
6171,Pitý,kaelthas,864,druid,feral,24,9,15
6172,Xilmai,darksorrow,863,druid,feral,18,9,9
6173,Cjparker,archimonde,863,druid,feral,18,9,9
6174,Rbg,dun-modr,863,druid,feral,22,10,12
6175,Aendy,tarren-mill,863,druid,feral,23,10,13
6176,Zurllyn,ravencrest,863,druid,feral,24,9,15
6177,Пиггипоп,soulflayer,863,druid,feral,24,9,15
6178,Олежасутра,howling-fjord,863,druid,feral,30,9,21
6179,Dilleydank,ravencrest,862,druid,feral,18,9,9
6180,Мунфайр,galakrond,862,druid,feral,18,9,9
6181,Кецян,gordunni,862,druid,feral,19,9,10
6182,Exïlla,archimonde,861,druid,feral,18,9,9
6183,Nalreaa,kazzak,859,druid,feral,18,9,9
6184,Caèlas,outland,859,druid,feral,18,9,9
6185,Minaye,hyjal,859,druid,feral,18,9,9
6186,Golddy,hyjal,859,druid,feral,19,9,10
6187,Бруан,gordunni,859,druid,feral,24,9,15
6188,Hadespool,sanguino,859,druid,feral,24,9,15
6189,Плагиат,grom,858,druid,feral,36,10,26
6190,Toaa,antonidas,857,druid,feral,30,9,21
6191,Астраджет,gordunni,856,druid,feral,12,9,3
6192,Aniprimal,auchindoun,854,druid,feral,18,9,9
6193,Noyake,ragnaros,854,druid,feral,24,9,15
6194,Wainl,hyjal,854,druid,feral,30,9,21
6195,Bgam,ravencrest,853,druid,feral,12,9,3
6196,Жекакотик,eversong,848,druid,feral,30,11,19
6197,Plingan,argent-dawn,847,druid,feral,17,9,8
6198,Tàlented,aggra-português,846,druid,feral,17,9,8
6199,Larkos,grim-batol,840,druid,feral,24,9,15
6200,Ziovris,silvermoon,839,druid,feral,33,9,24
6201,Kîñg,tarren-mill,836,druid,feral,76,33,43
6202,Рефикс,gordunni,827,druid,feral,17,9,8
6203,Théó,grim-batol,818,druid,feral,41,18,23
6204,Snupy,outland,815,druid,feral,17,9,8
6205,Зенза,howling-fjord,815,druid,feral,27,9,18
6206,Zulazain,bladefist,809,druid,feral,84,30,54
6207,Domänia,onyxia,779,druid,feral,25,9,16
6208,Hakuchey,aegwynn,768,druid,feral,12,8,4
6209,Kgn,blackmoore,768,druid,feral,12,8,4
6210,Mikor,aegwynn,768,druid,feral,12,8,4
6211,Themartyr,tarren-mill,768,druid,feral,12,8,4
6212,Snkxo,perenolde,768,druid,feral,12,8,4
6213,Scaleo,stormreaver,768,druid,feral,12,8,4
6214,Апвель,gordunni,768,druid,feral,18,8,10
6215,Ashtral,kazzak,768,druid,feral,18,8,10
6216,Älênkâ,drakthul,768,druid,feral,30,8,22
6217,Kørnuto,nemesis,767,druid,feral,12,8,4
6218,Firrothe,die-aldor,767,druid,feral,15,9,6
6219,Jeezuschrist,archimonde,767,druid,feral,18,8,10
6220,Naetsch,blackrock,767,druid,feral,18,8,10
6221,Развалустоев,blackscar,767,druid,feral,18,8,10
6222,Seysso,silvermoon,767,druid,feral,18,8,10
6223,Mimir,la-croisade-écarlate,767,druid,feral,18,8,10
6224,Стэлларпауэр,gordunni,767,druid,feral,18,8,10
6225,Буйныйкот,gordunni,767,druid,feral,18,8,10
6226,Bäkø,dun-modr,767,druid,feral,21,9,12
6227,Pneuma,xavius,767,druid,feral,24,8,16
6228,Acéré,archimonde,767,druid,feral,24,8,16
6229,Laek,chogall,767,druid,feral,24,8,16
6230,Kutjing,dun-modr,766,druid,feral,12,8,4
6231,Thielyy,blackmoore,766,druid,feral,18,8,10
6232,Naturalie,silvermoon,766,druid,feral,24,8,16
6233,Dracaan,boulderfist,765,druid,feral,12,8,4
6234,Krvopito,tarren-mill,765,druid,feral,12,8,4
6235,Chunkeykill,alonsus,765,druid,feral,18,8,10
6236,Koshde,blackrock,765,druid,feral,18,8,10
6237,Plankface,ravencrest,765,druid,feral,18,8,10
6238,Шадараф,howling-fjord,765,druid,feral,21,9,12
6239,Vorag,dalaran,765,druid,feral,24,8,16
6240,Bâlou,nathrezim,764,druid,feral,18,8,10
6241,Oblivark,draenor,764,druid,feral,18,8,10
6242,Djsnigel,stormscale,764,druid,feral,24,8,16
6243,Shuffey,frostmane,763,druid,feral,12,8,4
6244,Dash,the-maelstrom,763,druid,feral,18,8,10
6245,Holditorsken,grim-batol,761,druid,feral,18,8,10
6246,Razorleaf,turalyon,761,druid,feral,24,8,16
6247,Jamaican,outland,758,druid,feral,24,8,16
6248,Druidou,kaelthas,756,druid,feral,30,8,22
6249,Jupter,burning-blade,755,druid,feral,18,8,10
6250,Zhosy,shattrath,751,druid,feral,17,8,9
6251,Neischa,das-konsortium,746,druid,feral,18,8,10
6252,Mordpaw,stormscale,735,druid,feral,20,9,11
6253,Âltashamane,elune,733,druid,feral,17,8,9
6254,Ytzù,archimonde,719,druid,feral,11,8,3
6255,Aègon,ravencrest,719,druid,feral,15,8,7
6256,Cyriaan,eredar,719,druid,feral,17,8,9
6257,Shifabull,kazzak,716,druid,feral,17,8,9
6258,Euskal,chogall,703,druid,feral,14,8,6
6259,Asarune,hyjal,703,druid,feral,20,9,11
6260,Xarxius,sanguino,699,druid,feral,32,8,24
6261,Диздру,howling-fjord,672,druid,feral,12,7,5
6262,Jincksdruid,anachronos,672,druid,feral,12,7,5
6263,Goretterog,archimonde,672,druid,feral,12,7,5
6264,Tanmax,blackmoore,672,druid,feral,12,7,5
6265,Zoobidu,garona,672,druid,feral,12,7,5
6266,Blakkowl,drakthul,672,druid,feral,12,7,5
6267,Loyoq,elune,672,druid,feral,12,7,5
6268,Starasta,magtheridon,672,druid,feral,12,7,5
6269,Fíja,blackmoore,672,druid,feral,12,7,5
6270,Lolhaha,ravencrest,672,druid,feral,12,7,5
6271,Snkyferalmov,aegwynn,672,druid,feral,12,7,5
6272,Cruelbunny,nemesis,672,druid,feral,12,7,5
6273,Àzà,dun-modr,672,druid,feral,12,7,5
6274,Sùmmèrz,ravencrest,672,druid,feral,12,7,5
6275,Saabeq,hyjal,672,druid,feral,18,7,11
6276,Oni,kelthuzad,672,druid,feral,18,7,11
6277,Coldkíng,twisting-nether,672,druid,feral,18,7,11
6278,Sethread,ragnaros,672,druid,feral,18,7,11
6279,Flawkin,kazzak,672,druid,feral,18,7,11
6280,Luveena,kazzak,672,druid,feral,18,7,11
6281,Savvy,arthas,672,druid,feral,18,7,11
6282,Druiidou,dalaran,672,druid,feral,18,7,11
6283,Samian,turalyon,672,druid,feral,18,7,11
6284,Trevorkki,korgall,672,druid,feral,19,7,12
6285,Liptonbite,blackhand,672,druid,feral,24,7,17
6286,Déme,twisting-nether,671,druid,feral,12,7,5
6287,Sôalôgel,blackrock,671,druid,feral,12,7,5
6288,Druikraut,silvermoon,671,druid,feral,12,7,5
6289,Eltroncazo,sanguino,671,druid,feral,18,7,11
6290,Annksunamun,ysondre,671,druid,feral,18,7,11
6291,Bærbell,blackrock,671,druid,feral,18,7,11
6292,Toron,dalaran,671,druid,feral,18,7,11
6293,Speedlebee,malganis,671,druid,feral,18,7,11
6294,Axiu,kazzak,671,druid,feral,24,7,17
6295,Lazerbinks,blackmoore,671,druid,feral,24,7,17
6296,Biorythm,draenor,670,druid,feral,12,7,5
6297,Noobbiiee,silvermoon,670,druid,feral,12,7,5
6298,Radime,khaz-modan,669,druid,feral,12,7,5
6299,Toredorxy,blackrock,669,druid,feral,12,7,5
6300,Терамин,howling-fjord,669,druid,feral,18,7,11
6301,Stoormrage,deathwing,668,druid,feral,12,7,5
6302,Itzferal,durotan,668,druid,feral,15,7,8
6303,Мукару,howling-fjord,666,druid,feral,12,7,5
6304,Грэкхэк,soulflayer,666,druid,feral,15,8,7
6305,Tricklou,tarren-mill,666,druid,feral,18,7,11
6306,Sherkàn,dalaran,661,druid,feral,18,7,11
6307,Nkoyi,argent-dawn,659,druid,feral,24,7,17
6308,Blejkv,defias-brotherhood,658,druid,feral,18,7,11
6309,Ôpium,eldrethalas,658,druid,feral,24,7,17
6310,Kovlian,argent-dawn,655,druid,feral,17,7,10
6311,Greenfingerz,azjolnerub,654,druid,feral,24,7,17
6312,Эвгедент,deathguard,646,druid,feral,30,7,23
6313,Nspirit,ravencrest,639,druid,feral,17,7,10
6314,Sìa,frostmane,639,druid,feral,23,7,16
6315,Muffinjump,outland,636,druid,feral,16,7,9
6316,Лорирэнд,gordunni,623,druid,feral,23,7,16
6317,Shalys,archimonde,622,druid,feral,11,7,4
6318,Blacknight,aggramar,616,druid,feral,21,8,13
6319,Хённим,howling-fjord,607,druid,feral,11,7,4
6320,Àyóorts,archimonde,607,druid,feral,14,7,7
6321,Neyok,blackrock,607,druid,feral,14,7,7
6322,Halabanaha,silvermoon,606,druid,feral,11,7,4
6323,Mistic,twisting-nether,601,druid,feral,17,7,10
6324,Hadoukan,ravencrest,576,druid,feral,6,6,0
6325,Baccthana,auchindoun,576,druid,feral,12,6,6
6326,Kittý,terokkar,576,druid,feral,12,6,6
6327,Ataxyhehe,sylvanas,576,druid,feral,12,6,6
6328,Seekx,silvermoon,576,druid,feral,12,6,6
6329,Dragonferal,tarren-mill,576,druid,feral,12,6,6
6330,Tonycatmeow,ravencrest,576,druid,feral,12,6,6
6331,Hàlunkè,eredar,576,druid,feral,12,6,6
6332,Rimpularaisa,grim-batol,576,druid,feral,12,6,6
6333,Arlandia,drakthul,576,druid,feral,12,6,6
6334,Сиэн,ashenvale,576,druid,feral,12,6,6
6335,Amandial,silvermoon,576,druid,feral,12,6,6
6336,Borja,malganis,576,druid,feral,12,6,6
6337,Эриэс,gordunni,576,druid,feral,12,6,6
6338,Асония,deathguard,576,druid,feral,12,6,6
6339,Snkyexpress,aegwynn,576,druid,feral,12,6,6
6340,Aslanah,hyjal,576,druid,feral,12,6,6
6341,Forrest,bronze-dragonflight,576,druid,feral,12,6,6
6342,Ganjeez,kazzak,576,druid,feral,12,6,6
6343,Imbadxx,kazzak,576,druid,feral,12,6,6
6344,Notsad,dun-modr,576,druid,feral,18,6,12
6345,Svxstarz,archimonde,576,druid,feral,18,6,12
6346,Bilis,nazjatar,576,druid,feral,18,6,12
6347,Хокан,deepholm,576,druid,feral,18,6,12
6348,Svass,ragnaros,576,druid,feral,18,6,12
6349,Radauronny,malganis,576,druid,feral,18,6,12
6350,Hasted,kazzak,576,druid,feral,18,6,12
6351,Fur,antonidas,576,druid,feral,23,6,17
6352,Teknó,ragnaros,575,druid,feral,6,6,0
6353,Lakaport,dun-modr,575,druid,feral,12,6,6
6354,Xurta,kazzak,575,druid,feral,12,6,6
6355,Psixx,blackhand,575,druid,feral,12,6,6
6356,Leidbulle,blackrock,575,druid,feral,12,6,6
6357,Broccoliform,eredar,575,druid,feral,12,6,6
6358,Леромейкен,fordragon,575,druid,feral,12,6,6
6359,Chrîslol,twisting-nether,575,druid,feral,18,6,12
6360,Скайтибрайдх,gordunni,575,druid,feral,24,6,18
6361,Alimona,the-venture-co,573,druid,feral,30,6,24
6362,Hetalia,culte-de-la-rive-noire,571,druid,feral,12,6,6
6363,Грегориан,galakrond,571,druid,feral,12,6,6
6364,Avior,eonar,571,druid,feral,12,6,6
6365,Whiterun,pozzo-delleternità,555,druid,feral,19,7,12
6366,Düldül,kargath,555,druid,feral,68,24,44
6367,Spangle,stormscale,554,druid,feral,21,7,14
6368,Неваляка,gordunni,542,druid,feral,11,6,5
6369,Диджейкошка,howling-fjord,527,druid,feral,11,6,5
6370,Garfield,uldum,527,druid,feral,11,6,5
6371,Nuashoa,argent-dawn,521,druid,feral,16,7,9
6372,Lionquokk,azjolnerub,512,druid,feral,10,6,4
6373,Vârima,ravencrest,480,druid,feral,6,5,1
6374,Benyameow,ravencrest,480,druid,feral,6,5,1
6375,Vahid,antonidas,480,druid,feral,6,5,1
6376,Drach,ravencrest,480,druid,feral,6,5,1
6377,Ryselol,nemesis,480,druid,feral,6,5,1
6378,Retzerbil,ravencrest,480,druid,feral,10,6,4
6379,Xunjeral,blackhand,480,druid,feral,12,7,5
6380,Hipølita,zuljin,480,druid,feral,12,5,7
6381,Flum,darksorrow,480,druid,feral,12,5,7
6382,Жеводанский,gordunni,480,druid,feral,12,5,7
6383,Deßradator,stormscale,480,druid,feral,12,5,7
6384,Redlung,outland,480,druid,feral,12,5,7
6385,Hardbasior,burning-legion,480,druid,feral,12,5,7
6386,Mooqt,alexstrasza,480,druid,feral,12,5,7
6387,Erenalby,draenor,480,druid,feral,12,5,7
6388,Epidruid,stormrage,480,druid,feral,12,5,7
6389,Animålz,archimonde,480,druid,feral,12,5,7
6390,Vãrima,ravencrest,480,druid,feral,12,5,7
6391,Bloomly,tarren-mill,480,druid,feral,12,5,7
6392,Turkus,draenor,480,druid,feral,12,5,7
6393,Guiltyas,turalyon,480,druid,feral,12,5,7
6394,Miracoplixx,blackrock,480,druid,feral,12,5,7
6395,Житмедветь,booty-bay,480,druid,feral,12,5,7
6396,Rapzr,argent-dawn,480,druid,feral,12,5,7
6397,Siire,ravencrest,480,druid,feral,12,5,7
6398,Sølaria,kazzak,480,druid,feral,12,5,7
6399,Оссава,blackscar,480,druid,feral,12,5,7
6400,Garoh,dalaran,480,druid,feral,12,5,7
6401,Sketz,stormscale,480,druid,feral,12,5,7
6402,Hrabioid,burning-legion,480,druid,feral,12,5,7
6403,Rímeru,blackmoore,480,druid,feral,12,5,7
6404,Pronkson,tarren-mill,480,druid,feral,12,5,7
6405,Einsfünfkcat,madmortem,480,druid,feral,12,5,7
6406,Kardashìan,ravencrest,480,druid,feral,13,5,8
6407,Pethebär,tarren-mill,480,druid,feral,18,5,13
6408,Nefertiti,baelgun,480,druid,feral,18,5,13
6409,Mérias,archimonde,480,druid,feral,18,5,13
6410,Yamkar,blackrock,480,druid,feral,18,5,13
6411,Derrezzed,stormscale,480,druid,feral,18,5,13
6412,Outtanowhere,drakthul,480,druid,feral,18,5,13
6413,Wølveríne,frostmane,480,druid,feral,18,5,13
6414,Yiradur,stormscale,480,druid,feral,18,5,13
6415,Enylasi,hyjal,480,druid,feral,18,5,13
6416,Cdsxr,outland,480,druid,feral,24,5,19
6417,Sløthy,uldum,479,druid,feral,10,6,4
6418,Dorcelvision,archimonde,479,druid,feral,12,5,7
6419,Shifts,the-maelstrom,479,druid,feral,12,5,7
6420,Mambalol,sanguino,479,druid,feral,12,5,7
6421,Telpha,onyxia,479,druid,feral,12,5,7
6422,Lukass,drakthul,479,druid,feral,12,5,7
6423,Poskehh,outland,479,druid,feral,12,5,7
6424,Morsee,hellfire,479,druid,feral,12,5,7
6425,Менстряк,howling-fjord,479,druid,feral,18,5,13
6426,Yorashi,blackhand,478,druid,feral,6,5,1
6427,Эндердру,gordunni,478,druid,feral,12,5,7
6428,Cattastrophe,bronzebeard,477,druid,feral,12,5,7
6429,Mitomen,ragnaros,476,druid,feral,12,5,7
6430,Skylarr,alexstrasza,475,druid,feral,12,5,7
6431,Bumsbert,teldrassil,472,druid,feral,18,9,9
6432,Cosiris,elune,469,druid,feral,18,5,13
6433,Varø,aegwynn,463,druid,feral,11,5,6
6434,Jamera,stormscale,463,druid,feral,17,5,12
6435,Nefariz,dun-modr,448,druid,feral,10,5,5
6436,Apetino,dun-modr,447,druid,feral,11,5,6
6437,Infêrno,twisting-nether,446,druid,feral,22,5,17
6438,Sároman,ravencrest,431,druid,feral,11,5,6
6439,Zynmeow,lordaeron,416,druid,feral,19,6,13
6440,Бабакошка,gordunni,415,druid,feral,11,5,6
6441,Nipply,ravencrest,415,druid,feral,15,6,9
6442,Svarre,outland,413,druid,feral,10,5,5
6443,Staness,khaz-modan,413,druid,feral,32,5,27
6444,Faveyo,die-nachtwache,384,druid,feral,6,4,2
6445,Коксвейн,ashenvale,384,druid,feral,6,4,2
6446,Dystaleon,blackrock,384,druid,feral,6,4,2
6447,Noxxzar,stormscale,384,druid,feral,6,4,2
6448,Osaviciosa,shendralar,384,druid,feral,6,4,2
6449,Shapeshifts,kul-tiras,384,druid,feral,6,4,2
6450,Takamizy,ysondre,384,druid,feral,6,4,2
6451,Ryáanz,ravencrest,384,druid,feral,6,4,2
6452,Currare,aegwynn,384,druid,feral,6,4,2
6453,Madeath,stormscale,384,druid,feral,6,4,2
6454,Pegert,aegwynn,384,druid,feral,6,4,2
6455,Kowtuerz,silvermoon,384,druid,feral,6,4,2
6456,Шабашиоргия,soulflayer,384,druid,feral,6,4,2
6457,Tróllinger,blackrock,384,druid,feral,6,4,2
6458,Knatch,outland,384,druid,feral,6,4,2
6459,Крофтт,goldrinn,384,druid,feral,6,4,2
6460,Idraly,kirin-tor,384,druid,feral,6,4,2
6461,Ábomínatíon,draenor,384,druid,feral,6,4,2
6462,Gyome,sargeras,384,druid,feral,6,4,2
6463,Dèxò,blackmoore,384,druid,feral,17,7,10
6464,Milkniatrump,tarren-mill,384,druid,feral,12,4,8
6465,Турбокалясик,gordunni,384,druid,feral,12,4,8
6466,Nibbl,doomhammer,384,druid,feral,12,4,8
6467,Éxy,kazzak,384,druid,feral,12,4,8
6468,Tenader,draenor,384,druid,feral,12,4,8
6469,Фдру,eversong,384,druid,feral,12,4,8
6470,Lenzork,thrall,384,druid,feral,12,4,8
6471,Ялория,azuregos,384,druid,feral,12,4,8
6472,Goatmeal,draenor,384,druid,feral,12,4,8
6473,Giaya,turalyon,384,druid,feral,12,4,8
6474,Noxxll,gorgonnash,384,druid,feral,12,4,8
6475,Эверблуми,howling-fjord,384,druid,feral,12,4,8
6476,ßlackßåmßå,zuljin,384,druid,feral,12,4,8
6477,Рэво,gordunni,384,druid,feral,12,4,8
6478,Derni,burning-legion,384,druid,feral,12,4,8
6479,Helltoothz,ragnaros,384,druid,feral,12,4,8
6480,Gruffeline,marécage-de-zangar,384,druid,feral,12,4,8
6481,Maethar,stormrage,384,druid,feral,12,4,8
6482,Mbk,kazzak,384,druid,feral,12,4,8
6483,Deranion,drakthul,384,druid,feral,12,4,8
6484,Shiotake,hyjal,384,druid,feral,12,4,8
6485,Skinnyleg,baelgun,384,druid,feral,12,4,8
6486,Marshy,kazzak,384,druid,feral,14,4,10
6487,Plandros,draenor,384,druid,feral,18,4,14
6488,Hartzig,blackmoore,383,druid,feral,6,4,2
6489,Tombenuit,tarren-mill,383,druid,feral,6,4,2
6490,Bearshift,aggra-português,383,druid,feral,6,4,2
6491,Tsukuyómi,ragnaros,383,druid,feral,6,4,2
6492,Nidaalee,thrall,383,druid,feral,6,4,2
6493,Asterya,dun-modr,383,druid,feral,10,5,5
6494,Tettsu,silvermoon,383,druid,feral,12,4,8
6495,Arntooth,burning-legion,383,druid,feral,12,4,8
6496,Tastyrawr,blackhand,383,druid,feral,12,4,8
6497,Loafy,the-maelstrom,383,druid,feral,12,4,8
6498,Sheiheda,kazzak,383,druid,feral,12,4,8
6499,Элинна,ashenvale,383,druid,feral,12,4,8
6500,Fòggie,silvermoon,383,druid,feral,12,4,8
6501,Altramuz,uldum,382,druid,feral,6,4,2
6502,Fiagard,antonidas,382,druid,feral,6,4,2
6503,Jamaicanherb,bronzebeard,382,druid,feral,12,4,8
6504,Hasdruida,zuljin,382,druid,feral,14,4,10
6505,Viølin,silvermoon,381,druid,feral,12,4,8
6506,Wathen,argent-dawn,381,druid,feral,18,4,14
6507,Yopi,stormscale,351,druid,feral,11,4,7
6508,Krekigaadzre,draenor,335,druid,feral,9,4,5
6509,Fyralion,silvermoon,335,druid,feral,9,4,5
6510,Arfgtdispo,hyjal,330,druid,feral,17,6,11
6511,Wolfly,ravencrest,329,druid,feral,17,6,11
6512,Wintx,ragnaros,329,druid,feral,24,7,17
6513,Lybell,antonidas,319,druid,feral,8,4,4
6514,Fuzzylol,haomarush,288,druid,feral,6,3,3
6515,Snky,perenolde,288,druid,feral,6,3,3
6516,Beckett,aszune,288,druid,feral,6,3,3
6517,Ociroza,outland,288,druid,feral,6,3,3
6518,Xercàs,outland,288,druid,feral,6,3,3
6519,Hkwoaf,chants-éternels,288,druid,feral,6,3,3
6520,Syniixmeow,ravencrest,288,druid,feral,6,3,3
6521,Kørn,drakthul,288,druid,feral,6,3,3
6522,Ацкийдру,gordunni,288,druid,feral,6,3,3
6523,Жексоул,gordunni,288,druid,feral,6,3,3
6524,Muffler,ragnaros,288,druid,feral,6,3,3
6525,Амахасла,deathweaver,288,druid,feral,6,3,3
6526,Павлорион,gordunni,288,druid,feral,6,3,3
6527,Kúùsh,frostwolf,288,druid,feral,6,3,3
6528,Ferpylul,ragnaros,288,druid,feral,6,3,3
6529,Azyol,argent-dawn,288,druid,feral,6,3,3
6530,Nariah,silvermoon,288,druid,feral,6,3,3
6531,Reservebär,blackhand,288,druid,feral,6,3,3
6532,Fraptal,dalaran,288,druid,feral,6,3,3
6533,Oddform,silvermoon,288,druid,feral,6,3,3
6534,Alkurosa,sylvanas,288,druid,feral,6,3,3
6535,Ysomnia,tirion,288,druid,feral,6,3,3
6536,Loryaayroll,stormscale,288,druid,feral,6,3,3
6537,Druidicchi,stormscale,288,druid,feral,6,3,3
6538,Lyrasanna,argent-dawn,288,druid,feral,6,3,3
6539,Hundavidsad,quelthalas,288,druid,feral,6,3,3
6540,Vitaex,blackrock,288,druid,feral,6,3,3
6541,Miruush,malganis,288,druid,feral,6,3,3
6542,Wildthing,blackmoore,288,druid,feral,6,3,3
6543,Gargnda,tarren-mill,288,druid,feral,6,3,3
6544,Theonlydruid,frostmane,288,druid,feral,6,3,3
6545,Ðeathwatch,ravencrest,288,druid,feral,6,3,3
6546,Kømo,draenor,288,druid,feral,6,3,3
6547,Sylvy,dun-modr,288,druid,feral,6,3,3
6548,Kattenover,stormscale,288,druid,feral,6,3,3
6549,Madgazfanboi,ravencrest,288,druid,feral,6,3,3
6550,Fearthecat,defias-brotherhood,288,druid,feral,6,3,3
6551,Biggestnick,ravencrest,288,druid,feral,6,3,3
6552,Dianabigby,silvermoon,288,druid,feral,6,3,3
6553,Synzuu,turalyon,288,druid,feral,6,3,3
6554,Tropicqt,ravencrest,288,druid,feral,6,3,3
6555,Yepnesse,khaz-modan,288,druid,feral,6,3,3
6556,Кошикк,azuregos,288,druid,feral,6,3,3
6557,Lunanikuya,ravencrest,288,druid,feral,6,3,3
6558,Urgrull,baelgun,288,druid,feral,6,3,3
6559,Мцк,deathguard,288,druid,feral,6,3,3
6560,Мивинчик,ashenvale,288,druid,feral,6,3,3
6561,Zantill,chamber-of-aspects,288,druid,feral,7,3,4
6562,Shingeki,alonsus,288,druid,feral,8,3,5
6563,Skywíng,stormscale,288,druid,feral,12,3,9
6564,Drocos,genjuros,288,druid,feral,12,3,9
6565,Diow,elune,288,druid,feral,12,3,9
6566,Фэк,eversong,288,druid,feral,12,3,9
6567,Elocat,blackmoore,288,druid,feral,12,3,9
6568,Лорья,azuregos,288,druid,feral,12,3,9
6569,Lupa,drakthul,288,druid,feral,12,3,9
6570,Zink,sanguino,288,druid,feral,12,3,9
6571,Senoka,shattrath,288,druid,feral,12,3,9
6572,Zulucat,aegwynn,288,druid,feral,12,3,9
6573,Kittyclâw,perenolde,288,druid,feral,12,3,9
6574,Psychodeliya,ragnaros,288,druid,feral,12,3,9
6575,Phòènìx,twisting-nether,288,druid,feral,12,3,9
6576,Ferdax,outland,288,druid,feral,12,3,9
6577,Tskilli,draenor,288,druid,feral,12,3,9
6578,Myex,exodar,288,druid,feral,12,3,9
6579,Ripern,silvermoon,288,druid,feral,12,3,9
6580,Bénjî,khazgoroth,288,druid,feral,12,3,9
6581,Kratzbeiß,blackmoore,288,druid,feral,18,3,15
6582,Frincessa,burning-legion,288,druid,feral,18,3,15
6583,Tallbutshort,stormscale,288,druid,feral,18,3,15
6584,Knææl,argent-dawn,288,druid,feral,18,3,15
6585,Annajak,bloodfeather,287,druid,feral,6,3,3
6586,Khai,argent-dawn,287,druid,feral,6,3,3
6587,Giosis,stormscale,287,druid,feral,6,3,3
6588,Huginmuninn,outland,287,druid,feral,6,3,3
6589,Cemendur,bronzebeard,287,druid,feral,6,3,3
6590,Growshax,nerzhul,287,druid,feral,6,3,3
6591,Vicendius,drakthul,287,druid,feral,12,3,9
6592,Vólotyr,ravencrest,287,druid,feral,12,3,9
6593,Sìíta,dun-modr,287,druid,feral,12,3,9
6594,Kyth,forscherliga,287,druid,feral,12,3,9
6595,Poxu,eredar,287,druid,feral,18,3,15
6596,Maräanhatähr,silvermoon,287,druid,feral,18,3,15
6597,Bakar,ghostlands,286,druid,feral,6,3,3
6598,Zottelmahne,blackrock,286,druid,feral,6,3,3
6599,Puuhalí,stormreaver,286,druid,feral,6,3,3
6600,Zhabka,silvermoon,286,druid,feral,6,3,3
6601,Glanis,malorne,271,druid,feral,11,3,8
6602,Muryo,der-rat-von-dalaran,255,druid,feral,11,3,8
6603,Creadora,ravencrest,255,druid,feral,11,3,8
6604,Bartax,culte-de-la-rive-noire,240,druid,feral,9,3,6
6605,Diktus,outland,234,druid,feral,8,4,4
6606,Anyône,dun-morogh,229,druid,feral,16,4,12
6607,Mapitom,stormscale,192,druid,feral,4,3,1
6608,Tommyferal,outland,192,druid,feral,4,3,1
6609,Bïscøte,archimonde,192,druid,feral,6,2,4
6610,Mcservietsky,chogall,192,druid,feral,6,2,4
6611,Friidaf,lightbringer,192,druid,feral,6,2,4
6612,Voyerka,drakthul,192,druid,feral,6,2,4
6613,Variolus,dun-modr,192,druid,feral,6,2,4
6614,Aryitu,blackrock,192,druid,feral,6,2,4
6615,Melcow,eredar,192,druid,feral,6,2,4
6616,Astlanes,ysondre,192,druid,feral,6,2,4
6617,Indräkah,dun-modr,192,druid,feral,6,2,4
6618,Astøriøn,elune,192,druid,feral,6,2,4
6619,Zyron,sanguino,192,druid,feral,6,2,4
6620,Erundrood,ysondre,192,druid,feral,6,2,4
6621,Glenn,alakir,192,druid,feral,6,2,4
6622,Shiningztar,twisting-nether,192,druid,feral,6,2,4
6623,Routasydän,shattered-hand,192,druid,feral,6,2,4
6624,Valkeryu,hyjal,192,druid,feral,6,2,4
6625,Lyvaley,dun-modr,192,druid,feral,6,2,4
6626,Zibark,nemesis,192,druid,feral,6,2,4
6627,Likë,frostwolf,192,druid,feral,6,2,4
6628,Spale,twisting-nether,192,druid,feral,6,2,4
6629,Getsomefunny,archimonde,192,druid,feral,6,2,4
6630,Tøpkittyg,twisting-nether,192,druid,feral,6,2,4
6631,Kiizal,twisting-nether,192,druid,feral,6,2,4
6632,Кентухен,gordunni,192,druid,feral,6,2,4
6633,Snûx,antonidas,192,druid,feral,6,2,4
6634,Docdruid,outland,192,druid,feral,6,2,4
6635,Ckelf,ravencrest,192,druid,feral,6,2,4
6636,Вендьета,blackscar,192,druid,feral,6,2,4
6637,Bigbear,stormrage,192,druid,feral,6,2,4
6638,Sandirion,silvermoon,192,druid,feral,6,2,4
6639,Zouzouille,ravencrest,192,druid,feral,6,2,4
6640,Savagehèals,ravencrest,192,druid,feral,6,2,4
6641,Druiddamage,the-maelstrom,192,druid,feral,6,2,4
6642,Канвус,gordunni,192,druid,feral,6,2,4
6643,Mjáy,tarren-mill,192,druid,feral,6,2,4
6644,Атиса,gordunni,192,druid,feral,6,2,4
6645,Leylajr,ravencrest,192,druid,feral,6,2,4
6646,Сверххищникк,soulflayer,192,druid,feral,6,2,4
6647,Jokiri,argent-dawn,192,druid,feral,6,2,4
6648,Nidra,silvermoon,192,druid,feral,6,2,4
6649,Treepoloski,stormscale,192,druid,feral,6,2,4
6650,Pitsas,silvermoon,192,druid,feral,6,2,4
6651,Dwaokut,ravencrest,192,druid,feral,6,2,4
6652,Kisskossa,stormscale,192,druid,feral,6,2,4
6653,Rabacki,blackmoore,192,druid,feral,6,2,4
6654,Nelfboyuk,tarren-mill,192,druid,feral,6,2,4
6655,Feralsaber,ghostlands,192,druid,feral,6,2,4
6656,Jimmyxdd,kazzak,192,druid,feral,6,2,4
6657,Вохако,howling-fjord,192,druid,feral,6,2,4
6658,Lechaource,silvermoon,192,druid,feral,6,2,4
6659,Womzas,blackhand,192,druid,feral,6,2,4
6660,Catbear,kazzak,192,druid,feral,6,2,4
6661,Chikiz,ghostlands,192,druid,feral,6,2,4
6662,Catwild,blackmoore,192,druid,feral,6,2,4
6663,Redyogurt,outland,192,druid,feral,6,2,4
6664,Bullhoezerx,silvermoon,192,druid,feral,6,2,4
6665,Papjin,blackhand,192,druid,feral,6,2,4
6666,Yeats,blackmoore,192,druid,feral,6,2,4
6667,Santamonica,blackrock,192,druid,feral,6,2,4
6668,Агнотар,soulflayer,192,druid,feral,6,2,4
6669,Nicodruid,ravencrest,192,druid,feral,6,2,4
6670,Ringthaw,silvermoon,192,druid,feral,6,2,4
6671,Beginníng,outland,192,druid,feral,6,2,4
6672,Swagdemonxd,outland,192,druid,feral,6,2,4
6673,Pöttli,blackhand,192,druid,feral,6,2,4
6674,Migalo,outland,192,druid,feral,6,2,4
6675,Bóssít,doomhammer,192,druid,feral,6,2,4
6676,Metamø,blackrock,192,druid,feral,6,2,4
6677,Growlithe,hellfire,192,druid,feral,6,2,4
6678,Casiu,blackmoore,192,druid,feral,6,2,4
6679,Rabatout,eitrigg,192,druid,feral,6,2,4
6680,Seekíng,blackmoore,192,druid,feral,6,2,4
6681,Shyasiandru,area-52,192,druid,feral,6,2,4
6682,Glyn,earthen-ring,192,druid,feral,6,2,4
6683,Impertinent,outland,192,druid,feral,6,2,4
6684,Citrus,sargeras,192,druid,feral,6,2,4
6685,Lilkâzzam,blackrock,192,druid,feral,6,2,4
6686,Гимодера,gordunni,192,druid,feral,6,2,4
6687,Snuggums,argent-dawn,192,druid,feral,6,2,4
6688,Spidete,sanguino,192,druid,feral,9,2,7
6689,Линнер,lich-king,192,druid,feral,12,2,10
6690,Naturexbot,silvermoon,192,druid,feral,12,2,10
6691,Kuw,archimonde,192,druid,feral,12,2,10
6692,Trànsformer,nemesis,192,druid,feral,12,2,10
6693,Amoveo,argent-dawn,192,druid,feral,12,2,10
6694,Vanarea,argent-dawn,192,druid,feral,12,2,10
6695,Rasgath,kazzak,192,druid,feral,12,2,10
6696,Steakotaur,chamber-of-aspects,192,druid,feral,12,2,10
6697,Affines,the-maelstrom,192,druid,feral,12,2,10
6698,Erelieva,silvermoon,192,druid,feral,12,2,10
6699,Papírzsepi,ragnaros,192,druid,feral,12,2,10
6700,Твойбарсик,gordunni,192,druid,feral,12,2,10
6701,Ellaria,burning-legion,192,druid,feral,12,2,10
6702,Трясишатай,gordunni,192,druid,feral,12,2,10
6703,Feralzeus,sylvanas,192,druid,feral,12,2,10
6704,Yoshia,shadowsong,192,druid,feral,12,2,10
6705,Aaune,argent-dawn,192,druid,feral,12,2,10
6706,Speegle,kazzak,192,druid,feral,12,2,10
6707,Nicotex,draenor,192,druid,feral,12,2,10
6708,Tigerroll,kazzak,192,druid,feral,18,2,16
6709,Teám,tarren-mill,192,druid,feral,18,2,16
6710,Gachal,kazzak,192,druid,feral,18,2,16
6711,Taco,eredar,192,druid,feral,20,2,18
6712,Mãui,blackhand,191,druid,feral,9,3,6
6713,Jompemanfish,stormscale,191,druid,feral,6,2,4
6714,Muju,stormscale,191,druid,feral,6,2,4
6715,Sellsarya,blackmoore,191,druid,feral,6,2,4
6716,Nayato,draenor,191,druid,feral,12,2,10
6717,Loriann,twisting-nether,191,druid,feral,18,2,16
6718,Meuhtéki,hyjal,190,druid,feral,13,3,10
6719,Avisa,blackhand,190,druid,feral,12,2,10
6720,Shadøwdruid,silvermoon,190,druid,feral,18,2,16
6721,Ilyethea,earthen-ring,175,druid,feral,11,2,9
6722,Korkskruven,draenor,159,druid,feral,5,2,3
6723,Hiloqtdruid,blackmoore,159,druid,feral,5,2,3
6724,Совулька,howling-fjord,159,druid,feral,5,2,3
6725,Grawlex,silvermoon,159,druid,feral,11,2,9
6726,Bearfôrceône,blackrock,159,druid,feral,11,2,9
6727,Найадра,gordunni,144,druid,feral,9,2,7
6728,Несессари,howling-fjord,144,druid,feral,15,2,13
6729,Azaría,aegwynn,128,druid,feral,4,2,2
6730,Baniaucygana,draenor,127,druid,feral,4,2,2
6731,Wurnas,silvermoon,121,druid,feral,15,3,12
6732,Epikeks,blackmoore,96,druid,feral,4,2,2
6733,Moderntalkin,aegwynn,96,druid,feral,17,4,13
6734,Théodên,dalaran,96,druid,feral,6,1,5
6735,Haragmancs,arathor,96,druid,feral,6,1,5
6736,Majesty,nagrand,96,druid,feral,6,1,5
6737,Seraxi,der-mithrilorden,96,druid,feral,6,1,5
6738,Tartáros,blackrock,96,druid,feral,6,1,5
6739,Rszn,ravencrest,96,druid,feral,6,1,5
6740,Tshungubuäch,eredar,96,druid,feral,6,1,5
6741,Ragnai,emerald-dream,96,druid,feral,6,1,5
6742,Saliencias,kazzak,96,druid,feral,6,1,5
6743,Feyzode,ysondre,96,druid,feral,6,1,5
6744,Albinoape,doomhammer,96,druid,feral,6,1,5
6745,Ayatola,conseil-des-ombres,96,druid,feral,6,1,5
6746,Абапер,galakrond,96,druid,feral,6,1,5
6747,Awán,aegwynn,96,druid,feral,6,1,5
6748,Zðe,la-croisade-écarlate,96,druid,feral,6,1,5
6749,Vaalya,hyjal,96,druid,feral,6,1,5
6750,Nidrien,doomhammer,96,druid,feral,6,1,5
6751,Weyztwo,hyjal,96,druid,feral,6,1,5
6752,Tael,argent-dawn,96,druid,feral,6,1,5
6753,Thaneo,blackmoore,96,druid,feral,6,1,5
6754,Hccl,blackhand,96,druid,feral,6,1,5
6755,Legyna,ravencrest,96,druid,feral,6,1,5
6756,Laaide,blackmoore,96,druid,feral,6,1,5
6757,Dawgydawg,emerald-dream,96,druid,feral,6,1,5
6758,Мурталор,soulflayer,96,druid,feral,6,1,5
6759,Пивч,soulflayer,96,druid,feral,6,1,5
6760,Xenrakh,blackhand,96,druid,feral,6,1,5
6761,Thecòntról,ravencrest,96,druid,feral,6,1,5
6762,Snorlaxza,ravencrest,96,druid,feral,6,1,5
6763,Strand,ragnaros,96,druid,feral,6,1,5
6764,Yarrp,stormscale,96,druid,feral,6,1,5
6765,Aahboom,draenor,96,druid,feral,6,1,5
6766,Sabresheep,twisting-nether,96,druid,feral,6,1,5
6767,Plàntz,tarren-mill,96,druid,feral,6,1,5
6768,Benfufu,kazzak,96,druid,feral,6,1,5
6769,Imsothorny,genjuros,96,druid,feral,6,1,5
6770,Fabulous,genjuros,96,druid,feral,6,1,5
6771,Azgär,naxxramas,96,druid,feral,6,1,5
6772,Арбузир,howling-fjord,96,druid,feral,6,1,5
6773,Hyza,bronzebeard,96,druid,feral,6,1,5
6774,Ãnimal,argent-dawn,96,druid,feral,6,1,5
6775,Cegorach,xavius,96,druid,feral,6,1,5
6776,Markuslanz,blackrock,96,druid,feral,6,1,5
6777,Malfurryon,drakthul,96,druid,feral,6,1,5
6778,Gurudru,tarren-mill,96,druid,feral,6,1,5
6779,Zinister,hyjal,96,druid,feral,6,1,5
6780,Taurendruid,the-maelstrom,96,druid,feral,6,1,5
6781,Inuah,veknilash,96,druid,feral,6,1,5
6782,Cesty,silvermoon,96,druid,feral,6,1,5
6783,Jellybra,tarren-mill,96,druid,feral,6,1,5
6784,Catgirlx,ravencrest,96,druid,feral,6,1,5
6785,Heav,kiljaeden,96,druid,feral,6,1,5
6786,Venomjr,bloodhoof,96,druid,feral,6,1,5
6787,Sodniss,aggra-português,96,druid,feral,6,1,5
6788,Горртек,howling-fjord,96,druid,feral,6,1,5
6789,Raferalston,nathrezim,96,druid,feral,12,1,11
6790,Veyronn,burning-legion,96,druid,feral,12,1,11
6791,Yabooni,ravencrest,96,druid,feral,12,1,11
6792,Sempai,hyjal,96,druid,feral,12,1,11
6793,Farnae,kirin-tor,96,druid,feral,12,1,11
6794,Nakkikastike,magtheridon,96,druid,feral,12,1,11
6795,Mäywen,ravencrest,96,druid,feral,12,1,11
6796,Mássive,darkmoon-faire,96,druid,feral,12,1,11
6797,Bidodici,nemesis,95,druid,feral,6,1,5
6798,Allîyâ,archimonde,79,druid,feral,5,1,4
6799,Tamakie,blackmoore,64,druid,feral,4,1,3
6800,Forigiver,draenor,64,druid,feral,4,1,3
6801,Прокси,gordunni,64,druid,feral,4,1,3
6802,Lycal,chogall,63,druid,feral,2,2,0
6803,Wadles,draenor,48,druid,feral,3,1,2
6804,Cus,tarren-mill,48,druid,feral,3,1,2
6805,Maroxd,stormscale,2391,druid,balance,106,73,33
6806,Kaabeedo,ravencrest,2354,druid,balance,108,65,43
6807,Fuséton,tarren-mill,2346,druid,balance,281,168,113
6808,Merceý,ravencrest,2323,druid,balance,97,65,32
6809,Immuz,kazzak,2316,druid,balance,166,93,73
6810,Wriong,ravencrest,2250,druid,balance,141,87,54
6811,Skivesnulle,kazzak,2238,druid,balance,249,128,121
6812,Ackiz,ravencrest,2225,druid,balance,87,53,34
6813,Bd,stormscale,2225,druid,balance,83,49,34
6814,Batboomie,zuljin,2198,druid,balance,280,156,124
6815,Thelire,silvermoon,2188,druid,balance,310,164,146
6816,Crippaa,tarren-mill,2185,druid,balance,104,69,35
6817,Wwboomy,kazzak,2184,druid,balance,126,64,62
6818,Norgand,die-aldor,2173,druid,balance,42,33,9
6819,Sadgeconvoke,draenor,2172,druid,balance,251,156,95
6820,Flanagân,hyjal,2171,druid,balance,60,36,24
6821,Shayia,aegwynn,2156,druid,balance,143,78,65
6822,Shåmss,kazzak,2151,druid,balance,54,35,19
6823,Deép,nazjatar,2149,druid,balance,96,50,46
6824,Dezarden,die-aldor,2147,druid,balance,93,58,35
6825,Ööh,outland,2145,druid,balance,108,62,46
6826,Sleepyhallow,blackmoore,2142,druid,balance,100,58,42
6827,Стомпбр,gordunni,2141,druid,balance,144,89,55
6828,Broccoliboy,sylvanas,2136,druid,balance,120,65,55
6829,Eôxxd,blackrock,2135,druid,balance,95,63,32
6830,Agagagagagag,ravencrest,2129,druid,balance,108,59,49
6831,Vabore,twisting-nether,2128,druid,balance,78,44,34
6832,Muhammadali,ravencrest,2126,druid,balance,72,42,30
6833,Isatá,ravencrest,2123,druid,balance,66,42,24
6834,Mopboomkin,twisting-nether,2122,druid,balance,78,45,33
6835,Jwrld,stormscale,2121,druid,balance,66,35,31
6836,Rexonadudu,kazzak,2120,druid,balance,165,98,67
6837,Bumkin,bloodhoof,2120,druid,balance,72,41,31
6838,Kirexz,blackrock,2118,druid,balance,83,55,28
6839,Newaccount,kazzak,2115,druid,balance,150,92,58
6840,Feelstreeman,twisting-nether,2115,druid,balance,54,33,21
6841,Ursulaboomer,blackrock,2113,druid,balance,96,55,41
6842,Zødzin,kazzak,2113,druid,balance,96,53,43
6843,Positivîty,stormscale,2111,druid,balance,168,99,69
6844,Winkler,kazzak,2109,druid,balance,50,38,12
6845,Владисзади,gordunni,2109,druid,balance,113,64,49
6846,Бубаджек,howling-fjord,2102,druid,balance,48,31,17
6847,Gulmi,outland,2088,druid,balance,105,64,41
6848,Tmeister,kazzak,2081,druid,balance,114,65,49
6849,Ôwlnur,kult-der-verdammten,2080,druid,balance,85,50,35
6850,Mephîs,ravencrest,2078,druid,balance,76,49,27
6851,Cmfg,blackrock,2077,druid,balance,92,61,31
6852,Eviscreator,stormscale,2076,druid,balance,120,76,44
6853,Limme,ravencrest,2066,druid,balance,122,81,41
6854,Bulla,culte-de-la-rive-noire,2065,druid,balance,124,79,45
6855,Catchmê,archimonde,2065,druid,balance,74,43,31
6856,Gonyogonyo,blackmoore,2061,druid,balance,66,38,28
6857,Antahka,archimonde,2057,druid,balance,60,34,26
6858,Oskol,tarren-mill,2057,druid,balance,70,37,33
6859,Shivany,twisting-nether,2052,druid,balance,130,66,64
6860,Méáckós,aegwynn,2050,druid,balance,164,82,82
6861,Yore,tichondrius,2048,druid,balance,96,66,30
6862,Shakso,stormscale,2045,druid,balance,78,49,29
6863,Rootzxx,ravencrest,2043,druid,balance,126,72,54
6864,Nutsnack,tarren-mill,2039,druid,balance,78,38,40
6865,Akinimod,ravencrest,2029,druid,balance,96,58,38
6866,Handsoff,stormscale,2025,druid,balance,192,100,92
6867,Starsy,frostmane,2019,druid,balance,77,37,40
6868,Saufeb,stormscale,2016,druid,balance,113,65,48
6869,Flanagàn,hyjal,2016,druid,balance,82,41,41
6870,Dincks,draenor,2015,druid,balance,89,54,35
6871,Рейзакх,howling-fjord,2015,druid,balance,138,74,64
6872,Carnivals,twisting-nether,2014,druid,balance,114,66,48
6873,Secrägodx,ragnaros,2011,druid,balance,90,54,36
6874,Win,hellscream,1992,druid,balance,102,57,45
6875,Ganqb,ravencrest,1991,druid,balance,471,258,213
6876,Klimakleber,ravencrest,1991,druid,balance,158,78,80
6877,Turtleform,blackrock,1988,druid,balance,132,62,70
6878,Bittebads,stormscale,1987,druid,balance,54,35,19
6879,Lilpumpz,outland,1978,druid,balance,89,45,44
6880,Hammd,kazzak,1977,druid,balance,149,85,64
6881,Rek,sanguino,1976,druid,balance,69,38,31
6882,Imperiusx,ravencrest,1973,druid,balance,227,128,99
6883,Disvikz,outland,1971,druid,balance,72,41,31
6884,Lifeseed,ravencrest,1968,druid,balance,77,42,35
6885,Slaugh,zuljin,1966,druid,balance,101,55,46
6886,Zaoow,stormscale,1964,druid,balance,102,64,38
6887,ßa,blackmoore,1960,druid,balance,59,38,21
6888,Uglyrasputin,blackmoore,1960,druid,balance,156,94,62
6889,Wizzlafa,ravencrest,1960,druid,balance,82,48,34
6890,Pvekek,stormscale,1953,druid,balance,68,45,23
6891,Punxybear,ravencrest,1953,druid,balance,267,140,127
6892,Aggroasian,tarren-mill,1952,druid,balance,263,144,119
6893,Даирлин,gordunni,1952,druid,balance,154,77,77
6894,Transmangodx,tarren-mill,1950,druid,balance,78,48,30
6895,Bákhar,ravencrest,1949,druid,balance,113,58,55
6896,Bambye,stormscale,1946,druid,balance,104,71,33
6897,Ghostpaws,ravencrest,1946,druid,balance,90,50,40
6898,Qtkitty,outland,1944,druid,balance,272,151,121
6899,Néllÿ,elune,1942,druid,balance,102,51,51
6900,Høtpøket,ravencrest,1940,druid,balance,42,29,13
6901,Millions,tarren-mill,1937,druid,balance,123,80,43
6902,Cassiddyy,draenor,1937,druid,balance,78,45,33
6903,Dudukid,nemesis,1937,druid,balance,150,79,71
6904,Рябчиик,blackscar,1935,druid,balance,191,109,82
6905,Siuo,ravencrest,1930,druid,balance,77,43,34
6906,Wrathgodx,aegwynn,1929,druid,balance,48,31,17
6907,Æøøm,blackmoore,1929,druid,balance,152,89,63
6908,Laker,stormscale,1929,druid,balance,145,79,66
6909,Muufasa,blackmoore,1929,druid,balance,176,92,84
6910,Kruwkamilka,burning-legion,1928,druid,balance,134,74,60
6911,Veonski,argent-dawn,1925,druid,balance,105,57,48
6912,Björnskift,tarren-mill,1924,druid,balance,66,40,26
6913,Mooskie,draenor,1921,druid,balance,54,37,17
6914,Moodý,aegwynn,1920,druid,balance,58,39,19
6915,Fredhqt,tarren-mill,1918,druid,balance,59,37,22
6916,Ледруд,gordunni,1918,druid,balance,68,34,34
6917,Вбг,soulflayer,1915,druid,balance,106,60,46
6918,Karvajyrä,stormreaver,1913,druid,balance,264,145,119
6919,Flæppy,blackmoore,1913,druid,balance,174,88,86
6920,Narq,sylvanas,1911,druid,balance,84,51,33
6921,Didiee,kazzak,1911,druid,balance,126,69,57
6922,Celtimi,antonidas,1909,druid,balance,42,32,10
6923,Greenful,drakthul,1907,druid,balance,90,51,39
6924,Trntydr,senjin,1906,druid,balance,41,30,11
6925,Detü,blackrock,1906,druid,balance,63,42,21
6926,Tuttu,kazzak,1906,druid,balance,84,46,38
6927,Найттир,gordunni,1905,druid,balance,66,37,29
6928,Kjøttberit,moonglade,1901,druid,balance,42,32,10
6929,Zendda,hyjal,1896,druid,balance,61,30,31
6930,Эё,howling-fjord,1895,druid,balance,66,44,22
6931,Malex,auchindoun,1895,druid,balance,54,32,22
6932,Knùbz,ravencrest,1895,druid,balance,77,40,37
6933,Fiskmåsn,twisting-nether,1894,druid,balance,161,93,68
6934,Øsbura,silvermoon,1894,druid,balance,54,31,23
6935,Sylvy,dun-modr,1893,druid,balance,130,75,55
6936,Votionex,tarren-mill,1891,druid,balance,64,38,26
6937,Hunkex,frostmane,1891,druid,balance,93,51,42
6938,Hppsr,eredar,1889,druid,balance,66,35,31
6939,Výragosa,der-rat-von-dalaran,1887,druid,balance,60,33,27
6940,Boomky,blackmoore,1887,druid,balance,57,29,28
6941,Kenzia,stormrage,1886,druid,balance,72,43,29
6942,Небесныйхант,soulflayer,1886,druid,balance,107,57,50
6943,Peaches,aerie-peak,1882,druid,balance,65,45,20
6944,Kankstery,stormscale,1882,druid,balance,65,44,21
6945,Crnkie,sylvanas,1880,druid,balance,60,37,23
6946,Blopstar,stormscale,1879,druid,balance,54,34,20
6947,Mdrgtwo,ravencrest,1877,druid,balance,47,34,13
6948,Grässoppa,tarren-mill,1877,druid,balance,53,29,24
6949,Sentería,sylvanas,1876,druid,balance,60,30,30
6950,Bmybmybmybmy,outland,1875,druid,balance,30,24,6
6951,Mesmerizing,ravencrest,1875,druid,balance,72,41,31
6952,Ciucciotutto,nemesis,1874,druid,balance,54,38,16
6953,Balanc,ragnaros,1874,druid,balance,146,85,61
6954,Credenz,frostmane,1871,druid,balance,96,56,40
6955,Øncê,durotan,1871,druid,balance,54,29,25
6956,Rbgkári,draenor,1870,druid,balance,72,45,27
6957,Tobid,blackrock,1869,druid,balance,48,36,12
6958,Hyperbêast,blackrock,1866,druid,balance,41,31,10
6959,Xerlog,thrall,1866,druid,balance,60,39,21
6960,Boomjutzu,kazzak,1866,druid,balance,42,25,17
6961,Rudabaebey,draenor,1863,druid,balance,42,28,14
6962,Shàal,ysondre,1859,druid,balance,134,73,61
6963,ßoomin,tarren-mill,1859,druid,balance,48,25,23
6964,Maijs,ravencrest,1857,druid,balance,66,31,35
6965,Starbro,grim-batol,1856,druid,balance,48,27,21
6966,Emmdru,silvermoon,1854,druid,balance,101,63,38
6967,Howgh,destromath,1854,druid,balance,186,97,89
6968,Juicypus,ragnaros,1851,druid,balance,54,32,22
6969,Izhusky,ravencrest,1850,druid,balance,79,44,35
6970,Näela,archimonde,1850,druid,balance,54,27,27
6971,Øhmygød,stormscale,1849,druid,balance,66,35,31
6972,Миртлэкшн,gordunni,1848,druid,balance,83,45,38
6973,Tzeeni,stormscale,1847,druid,balance,35,28,7
6974,Друлякич,gordunni,1846,druid,balance,49,30,19
6975,Xora,kazzak,1845,druid,balance,197,106,91
6976,Арадия,gordunni,1843,druid,balance,66,35,31
6977,Gipi,ravencrest,1843,druid,balance,60,31,29
6978,Drooshy,ravencrest,1840,druid,balance,51,34,17
6979,Hrz,kazzak,1839,druid,balance,79,50,29
6980,Starfallkey,dun-modr,1839,druid,balance,99,61,38
6981,Rlwlwlwlwr,twisting-nether,1838,druid,balance,48,33,15
6982,Pluginbaby,stormscale,1838,druid,balance,64,41,23
6983,Айрокси,blackscar,1838,druid,balance,48,28,20
6984,Restaidpvs,wildhammer,1838,druid,balance,60,32,28
6985,Tjillevippen,tarren-mill,1836,druid,balance,36,23,13
6986,Nassii,antonidas,1836,druid,balance,162,99,63
6987,Connydor,stormscale,1836,druid,balance,48,29,19
6988,Metamoo,tarren-mill,1835,druid,balance,47,36,11
6989,Atrosity,ravencrest,1835,druid,balance,66,40,26
6990,Nyndrà,archimonde,1835,druid,balance,165,81,84
6991,Tommyruin,the-venture-co,1834,druid,balance,105,57,48
6992,Zuterlø,ragnaros,1834,druid,balance,54,28,26
6993,Jøkèr,outland,1833,druid,balance,53,30,23
6994,Кирукхэ,gordunni,1832,druid,balance,36,28,8
6995,Bigpûmp,elune,1832,druid,balance,48,30,18
6996,Shamerika,tarren-mill,1832,druid,balance,77,48,29
6997,Tárzáñ,ravencrest,1831,druid,balance,60,37,23
6998,Kabôôm,stormscale,1830,druid,balance,48,28,20
6999,Ezeke,eredar,1830,druid,balance,160,79,81
7000,Lóvebeam,ravencrest,1829,druid,balance,42,26,16
7001,Tummus,blackrock,1829,druid,balance,60,32,28
7002,Bastodonte,skullcrusher,1828,druid,balance,178,91,87
7003,Eloahdruid,blackhand,1826,druid,balance,63,36,27
7004,Rngmåchinéx,ravencrest,1825,druid,balance,127,83,44
7005,Зетзул,grom,1825,druid,balance,242,131,111
7006,Dizay,xavius,1823,druid,balance,60,40,20
7007,Bearpawzz,kazzak,1823,druid,balance,48,29,19
7008,Melyssea,argent-dawn,1823,druid,balance,59,35,24
7009,Qtrly,ravencrest,1823,druid,balance,56,30,26
7010,Травкер,howling-fjord,1823,druid,balance,305,151,154
7011,Faxotium,argent-dawn,1822,druid,balance,30,21,9
7012,Djemdruid,argent-dawn,1822,druid,balance,42,27,15
7013,Kaalil,argent-dawn,1822,druid,balance,72,40,32
7014,Okøë,marécage-de-zangar,1820,druid,balance,42,26,16
7015,Hyac,the-maelstrom,1819,druid,balance,42,29,13
7016,Shivany,outland,1819,druid,balance,64,40,24
7017,Alxzdru,auchindoun,1819,druid,balance,135,83,52
7018,Хальтенис,gordunni,1819,druid,balance,58,34,24
7019,Andreud,dunemaul,1819,druid,balance,77,37,40
7020,Zâe,archimonde,1818,druid,balance,36,21,15
7021,Sunshinex,silvermoon,1818,druid,balance,96,47,49
7022,Snøø,frostwolf,1817,druid,balance,78,44,34
7023,Captaïn,twisting-nether,1816,druid,balance,36,27,9
7024,Lunahu,argent-dawn,1816,druid,balance,72,42,30
7025,Sylindra,argent-dawn,1815,druid,balance,94,60,34
7026,Astrobazooka,stormreaver,1815,druid,balance,77,48,29
7027,Neirdá,hyjal,1815,druid,balance,191,104,87
7028,Laserchicken,malganis,1815,druid,balance,197,95,102
7029,Gambós,kazzak,1814,druid,balance,35,24,11
7030,Tallu,das-konsortium,1812,druid,balance,60,38,22
7031,Flanders,blackrock,1811,druid,balance,36,25,11
7032,Bashmac,mugthol,1811,druid,balance,72,49,23
7033,Owlbum,grim-batol,1810,druid,balance,48,31,17
7034,Veganvapex,draenor,1810,druid,balance,79,48,31
7035,Sartipus,draenor,1810,druid,balance,78,47,31
7036,Superchïcken,archimonde,1809,druid,balance,36,23,13
7037,Imaginarý,ravencrest,1809,druid,balance,47,26,21
7038,Ccoco,aegwynn,1809,druid,balance,96,49,47
7039,Afret,kazzak,1809,druid,balance,323,164,159
7040,Ferawri,draenor,1808,druid,balance,42,24,18
7041,Scaleo,stormreaver,1808,druid,balance,90,48,42
7042,Citróne,blackrock,1807,druid,balance,24,19,5
7043,Icek,outland,1806,druid,balance,54,33,21
7044,Elunælle,les-sentinelles,1806,druid,balance,126,72,54
7045,Gehrkehotter,silvermoon,1805,druid,balance,90,58,32
7046,Meowcry,outland,1804,druid,balance,66,39,27
7047,Solariah,garona,1804,druid,balance,143,84,59
7048,Cøntrol,argent-dawn,1804,druid,balance,60,34,26
7049,Starcowx,ragnaros,1804,druid,balance,69,38,31
7050,Ruetinjeri,blackmoore,1804,druid,balance,73,38,35
7051,Rnkx,sanguino,1803,druid,balance,57,33,24
7052,Wrldx,twisting-nether,1802,druid,balance,106,61,45
7053,Nuvemone,stormscale,1802,druid,balance,96,53,43
7054,Justyo,archimonde,1801,druid,balance,69,45,24
7055,Geîl,blackrock,1801,druid,balance,42,24,18
7056,Daÿdream,ravencrest,1800,druid,balance,60,39,21
7057,Eselhirte,blackhand,1800,druid,balance,45,27,18
7058,Triskelion,burning-legion,1797,druid,balance,46,28,18
7059,Abyssaldepth,ravencrest,1796,druid,balance,90,62,28
7060,Kribie,aegwynn,1795,druid,balance,60,39,21
7061,Legitx,dentarg,1794,druid,balance,85,46,39
7062,Crunchtime,ragnaros,1792,druid,balance,127,68,59
7063,Klappskaft,outland,1791,druid,balance,35,20,15
7064,Mqs,stormscale,1789,druid,balance,86,56,30
7065,Moonhusky,blackrock,1789,druid,balance,60,36,24
7066,Gurru,xavius,1789,druid,balance,143,71,72
7067,Embrangle,silvermoon,1787,druid,balance,42,27,15
7068,Ventrìx,alleria,1787,druid,balance,84,43,41
7069,Longhornjohn,ragnaros,1784,druid,balance,58,33,25
7070,Trekkertt,zuljin,1784,druid,balance,53,28,25
7071,Trytargetme,outland,1782,druid,balance,42,27,15
7072,Memphiswhx,drakthul,1782,druid,balance,90,45,45
7073,Kivimon,dun-modr,1781,druid,balance,48,31,17
7074,Gudñ,tarren-mill,1781,druid,balance,59,36,23
7075,Calê,blackrock,1781,druid,balance,159,91,68
7076,Vregord,twisting-nether,1779,druid,balance,42,28,14
7077,Låsèrpêwpéw,tarren-mill,1779,druid,balance,78,48,30
7078,Mochiløxz,tarren-mill,1778,druid,balance,127,76,51
7079,Morlán,blackmoore,1777,druid,balance,30,19,11
7080,Яммаккаасии,grom,1776,druid,balance,54,28,26
7081,Darktigrou,archimonde,1775,druid,balance,30,21,9
7082,Zkrd,kazzak,1774,druid,balance,61,33,28
7083,Rivella,blackrock,1774,druid,balance,57,30,27
7084,Лёхалепеха,gordunni,1770,druid,balance,72,44,28
7085,Онличикен,gordunni,1769,druid,balance,132,68,64
7086,Лсдспайсы,soulflayer,1767,druid,balance,69,44,25
7087,Núri,lordaeron,1767,druid,balance,54,31,23
7088,Skarbowka,burning-legion,1766,druid,balance,24,20,4
7089,Shiftowl,tarren-mill,1766,druid,balance,36,25,11
7090,Mirynn,elune,1766,druid,balance,127,64,63
7091,Asinistar,ravencrest,1764,druid,balance,56,32,24
7092,Сосисосочка,gordunni,1761,druid,balance,66,32,34
7093,Ахисса,gordunni,1760,druid,balance,60,29,31
7094,Elgatos,kazzak,1758,druid,balance,24,19,5
7095,Yinx,darksorrow,1758,druid,balance,66,38,28
7096,Escaa,stormscale,1757,druid,balance,36,21,15
7097,Taylorshîft,burning-legion,1757,druid,balance,60,31,29
7098,Shyngodx,archimonde,1755,druid,balance,96,58,38
7099,Kokslina,sylvanas,1755,druid,balance,53,25,28
7100,Euphørie,twisting-nether,1754,druid,balance,193,108,85
7101,Amazed,wildhammer,1753,druid,balance,54,34,20
7102,Brovis,sylvanas,1752,druid,balance,24,19,5
7103,Broflovskii,tarren-mill,1752,druid,balance,60,27,33
7104,Hornykarenn,bladefist,1749,druid,balance,36,25,11
7105,Pneuma,xavius,1749,druid,balance,117,67,50
7106,Подпивасникх,gordunni,1747,druid,balance,36,24,12
7107,Ånaðeårmas,outland,1746,druid,balance,77,47,30
7108,Babynaty,ravencrest,1745,druid,balance,188,91,97
7109,Págánxø,kazzak,1743,druid,balance,53,34,19
7110,Угощаюх,howling-fjord,1743,druid,balance,47,30,17
7111,Stepgødx,twisting-nether,1743,druid,balance,54,24,30
7112,Hotsincee,stormscale,1742,druid,balance,133,76,57
7113,Мариантус,greymane,1742,druid,balance,42,22,20
7114,Brîvaëlle,silvermoon,1740,druid,balance,30,24,6
7115,Dràkàn,dethecus,1739,druid,balance,42,24,18
7116,Meowmf,silvermoon,1738,druid,balance,78,48,30
7117,Gallokiriko,zuljin,1738,druid,balance,66,32,34
7118,Frenkoz,outland,1737,druid,balance,72,43,29
7119,Fuzzylol,haomarush,1736,druid,balance,41,24,17
7120,Leqt,ravencrest,1736,druid,balance,84,49,35
7121,Connorz,blackmoore,1735,druid,balance,46,27,19
7122,Cioaralba,sylvanas,1734,druid,balance,45,26,19
7123,Bigbaddream,stormscale,1733,druid,balance,60,34,26
7124,Isuckdruid,aegwynn,1733,druid,balance,100,56,44
7125,Nerem,blackrock,1733,druid,balance,48,23,25
7126,Jenovas,argent-dawn,1730,druid,balance,75,38,37
7127,Мягкийвисп,howling-fjord,1729,druid,balance,72,41,31
7128,Трэйкотик,blackscar,1728,druid,balance,71,41,30
7129,Tâliah,silvermoon,1726,druid,balance,48,32,16
7130,Pultsarí,tarren-mill,1725,druid,balance,39,24,15
7131,Pouletqt,archimonde,1723,druid,balance,42,21,21
7132,Píøøx,tarren-mill,1722,druid,balance,84,53,31
7133,Oommis,outland,1722,druid,balance,48,28,20
7134,Eddiethepunk,ravencrest,1722,druid,balance,207,117,90
7135,Pwnylol,teldrassil,1721,druid,balance,70,46,24
7136,Даена,razuvious,1719,druid,balance,36,27,9
7137,Xyzy,burning-legion,1719,druid,balance,96,48,48
7138,Hugeragê,stormreaver,1719,druid,balance,71,33,38
7139,Kalgarm,burning-legion,1719,druid,balance,66,29,37
7140,Quadpulse,ravencrest,1718,druid,balance,36,18,18
7141,Juicew,stormscale,1717,druid,balance,24,18,6
7142,Hymìr,silvermoon,1717,druid,balance,65,35,30
7143,Melby,tarren-mill,1717,druid,balance,42,21,21
7144,Shakeme,zuljin,1716,druid,balance,48,25,23
7145,Crywingz,antonidas,1716,druid,balance,66,30,36
7146,Pikatwo,tyrande,1715,druid,balance,24,18,6
7147,Khålêd,kazzak,1714,druid,balance,52,38,14
7148,Orangeterror,stormscale,1714,druid,balance,48,30,18
7149,Yapyapyapyap,eredar,1713,druid,balance,42,25,17
7150,Kabuul,dun-modr,1712,druid,balance,119,74,45
7151,Владибой,gordunni,1712,druid,balance,36,18,18
7152,Madhatterr,kazzak,1710,druid,balance,90,60,30
7153,Scars,outland,1710,druid,balance,30,18,12
7154,Bîjaqt,blackmoore,1710,druid,balance,30,18,12
7155,Dreathqt,twisting-nether,1708,druid,balance,72,33,39
7156,Kørra,dun-modr,1707,druid,balance,73,42,31
7157,Gigacooker,ravencrest,1706,druid,balance,36,26,10
7158,Moonfirecow,thrall,1706,druid,balance,54,32,22
7159,Slahnesh,aegwynn,1706,druid,balance,48,26,22
7160,Kënzo,ravencrest,1705,druid,balance,79,50,29
7161,Каралесер,gordunni,1705,druid,balance,145,81,64
7162,Linkin,azshara,1704,druid,balance,102,53,49
7163,Naturez,sylvanas,1704,druid,balance,74,37,37
7164,Mikhaili,stormreaver,1703,druid,balance,30,18,12
7165,Nerfmemaybe,blackmoore,1702,druid,balance,29,20,9
7166,Yuhor,outland,1702,druid,balance,202,107,95
7167,Жизэ,galakrond,1701,druid,balance,50,36,14
7168,Elissian,silvermoon,1701,druid,balance,223,117,106
7169,Dyroxs,twisting-nether,1701,druid,balance,160,77,83
7170,Neufcinqq,archimonde,1700,druid,balance,39,26,13
7171,Cupoftea,drakthul,1699,druid,balance,83,54,29
7172,Мэдикейт,soulflayer,1699,druid,balance,66,40,26
7173,Thardruid,stormscale,1699,druid,balance,72,42,30
7174,Blanoz,ravencrest,1699,druid,balance,48,21,27
7175,Htxo,kazzak,1698,druid,balance,30,18,12
7176,Сибирячечка,greymane,1698,druid,balance,101,55,46
7177,Cryspie,hyjal,1697,druid,balance,42,23,19
7178,Raykk,culte-de-la-rive-noire,1696,druid,balance,30,18,12
7179,Pyaw,kazzak,1693,druid,balance,48,30,18
7180,Större,twisting-nether,1692,druid,balance,50,36,14
7181,Nastyclones,kazzak,1691,druid,balance,36,21,15
7182,Adizero,blackrock,1688,druid,balance,31,20,11
7183,Néxct,stormscale,1688,druid,balance,36,22,14
7184,Durkdriven,kazzak,1687,druid,balance,51,29,22
7185,Msb,the-maelstrom,1687,druid,balance,36,18,18
7186,Gnoobr,ravencrest,1686,druid,balance,24,18,6
7187,Cyriaan,eredar,1686,druid,balance,101,55,46
7188,Zerozerosex,archimonde,1686,druid,balance,54,25,29
7189,Güccïmane,twisting-nether,1685,druid,balance,72,53,19
7190,Cowgurl,stormscale,1682,druid,balance,48,27,21
7191,Moffwastaken,kazzak,1682,druid,balance,147,77,70
7192,Loethen,argent-dawn,1680,druid,balance,70,49,21
7193,Mäismz,hyjal,1680,druid,balance,54,37,17
7194,Thielyy,blackmoore,1679,druid,balance,65,38,27
7195,Zeptune,tarren-mill,1677,druid,balance,126,59,67
7196,Highonfire,grim-batol,1676,druid,balance,60,41,19
7197,Dotclass,outland,1675,druid,balance,44,25,19
7198,Iamobito,blackmoore,1674,druid,balance,36,22,14
7199,Totemdrood,blackmoore,1673,druid,balance,30,20,10
7200,Leywä,drekthar,1673,druid,balance,35,21,14
7201,Хрофт,blackscar,1672,druid,balance,48,22,26
7202,Taurendruid,the-maelstrom,1670,druid,balance,96,51,45
7203,Cptnclone,blackmoore,1669,druid,balance,72,38,34
7204,Воому,soulflayer,1668,druid,balance,30,22,8
7205,Drcaøs,sanguino,1668,druid,balance,84,47,37
7206,Yarinai,blackmoore,1668,druid,balance,66,36,30
7207,Maladorf,draenor,1667,druid,balance,30,21,9
7208,Aleza,tarren-mill,1667,druid,balance,45,26,19
7209,Esrín,the-maelstrom,1667,druid,balance,98,52,46
7210,Bobobobobobo,blackrock,1666,druid,balance,78,48,30
7211,Settembre,ragnaros,1664,druid,balance,69,40,29
7212,Shroomdoom,ravencrest,1664,druid,balance,41,19,22
7213,Suprachybre,arathi,1662,druid,balance,48,31,17
7214,Stb,outland,1662,druid,balance,42,23,19
7215,Shapeshift,sanguino,1659,druid,balance,62,34,28
7216,Suevlaki,ragnaros,1658,druid,balance,108,68,40
7217,Møømøø,tarren-mill,1658,druid,balance,30,18,12
7218,Nönö,tarren-mill,1657,druid,balance,36,21,15
7219,Bàrathrum,blackrock,1657,druid,balance,48,27,21
7220,Kaïnak,dalaran,1657,druid,balance,48,25,23
7221,Jamzydruid,kazzak,1657,druid,balance,72,37,35
7222,Shaakm,nerathor,1656,druid,balance,54,32,22
7223,Hilom,grim-batol,1656,druid,balance,36,21,15
7224,Svend,kazzak,1653,druid,balance,59,36,23
7225,Baboss,chogall,1652,druid,balance,54,29,25
7226,Shreedex,blackmoore,1651,druid,balance,66,41,25
7227,Malvakten,kazzak,1651,druid,balance,188,92,96
7228,ßoom,antonidas,1650,druid,balance,53,28,25
7229,Nizkul,dun-modr,1649,druid,balance,61,34,27
7230,Thcpositiv,aegwynn,1649,druid,balance,104,47,57
7231,Troc,karazhan,1648,druid,balance,30,21,9
7232,Macron,terokkar,1648,druid,balance,64,35,29
7233,Kabòöóm,outland,1647,druid,balance,42,25,17
7234,Grisdrood,draenor,1647,druid,balance,161,82,79
7235,Ampdru,ravencrest,1644,druid,balance,23,18,5
7236,Hyunâ,dalaran,1644,druid,balance,48,30,18
7237,Twitchmoney,archimonde,1643,druid,balance,32,24,8
7238,Øffroadz,blackmoore,1643,druid,balance,30,20,10
7239,Holziger,azshara,1643,druid,balance,51,32,19
7240,Kittenmitten,ragnaros,1643,druid,balance,130,76,54
7241,Мэдикейт,gordunni,1643,druid,balance,60,33,27
7242,Chäz,sanguino,1642,druid,balance,44,34,10
7243,Pradasurge,ravencrest,1642,druid,balance,149,81,68
7244,Ploho,blackmoore,1642,druid,balance,39,19,20
7245,Фигарофигаро,gordunni,1641,druid,balance,66,35,31
7246,Xoap,kazzak,1640,druid,balance,30,21,9
7247,Хотдиллер,howling-fjord,1639,druid,balance,30,20,10
7248,Zapx,hyjal,1639,druid,balance,90,50,40
7249,Drutro,hellfire,1639,druid,balance,54,27,27
7250,Meganfoxdq,sanguino,1638,druid,balance,82,53,29
7251,Convokeboost,archimonde,1638,druid,balance,199,120,79
7252,Blood,frostwolf,1638,druid,balance,42,24,18
7253,Shiftcaster,ravencrest,1638,druid,balance,48,22,26
7254,Npml,tarren-mill,1637,druid,balance,29,18,11
7255,Obrys,tarren-mill,1637,druid,balance,42,21,21
7256,Gotnaga,silvermoon,1636,druid,balance,30,20,10
7257,Illmíndofboo,twisting-nether,1636,druid,balance,41,26,15
7258,Grafíx,blackrock,1636,druid,balance,30,18,12
7259,Sagezza,draenor,1636,druid,balance,153,83,70
7260,Derfaï,kaelthas,1636,druid,balance,41,21,20
7261,Kl,archimonde,1636,druid,balance,96,45,51
7262,Gretathnberg,ravencrest,1635,druid,balance,38,20,18
7263,Deví,twilights-hammer,1634,druid,balance,48,30,18
7264,Bobcup,tarren-mill,1634,druid,balance,97,55,42
7265,Naturalbeef,argent-dawn,1634,druid,balance,40,22,18
7266,Слоич,howling-fjord,1634,druid,balance,146,71,75
7267,Batmòn,stormscale,1633,druid,balance,75,37,38
7268,Knuffle,eredar,1631,druid,balance,82,52,30
7269,Rekked,alleria,1631,druid,balance,42,23,19
7270,Bøøstèdtréè,ravencrest,1631,druid,balance,126,66,60
7271,Masakrelol,sanguino,1631,druid,balance,36,18,18
7272,Felysae,kazzak,1630,druid,balance,24,17,7
7273,Feralenjoyer,drakthul,1630,druid,balance,30,17,13
7274,Squirtdogx,drakthul,1630,druid,balance,30,17,13
7275,Добродейтель,soulflayer,1629,druid,balance,71,50,21
7276,Izzual,tarren-mill,1628,druid,balance,36,20,16
7277,Èøèøèøèøè,stormscale,1627,druid,balance,18,17,1
7278,Bubadruid,silvermoon,1627,druid,balance,50,37,13
7279,Nergi,darksorrow,1627,druid,balance,35,22,13
7280,Pikamoo,kazzak,1627,druid,balance,35,20,15
7281,Vulkayn,ysondre,1627,druid,balance,42,22,20
7282,Jaycutler,archimonde,1627,druid,balance,72,36,36
7283,Иггдрасиль,gordunni,1625,druid,balance,103,61,42
7284,Zonsy,twisting-nether,1625,druid,balance,42,20,22
7285,Ykg,twisting-nether,1624,druid,balance,39,24,15
7286,Zømßie,outland,1624,druid,balance,78,45,33
7287,Kkona,silvermoon,1624,druid,balance,77,41,36
7288,Superdr,ragnaros,1623,druid,balance,22,19,3
7289,Çhîñêséðrüîð,kazzak,1623,druid,balance,36,21,15
7290,Hirmo,ragnaros,1623,druid,balance,52,30,22
7291,Grisdrood,ragnaros,1623,druid,balance,54,31,23
7292,Kittyexpress,arygos,1623,druid,balance,48,25,23
7293,Мунстрайк,borean-tundra,1622,druid,balance,35,23,12
7294,Rassia,blackrock,1622,druid,balance,60,39,21
7295,Храш,gordunni,1622,druid,balance,29,18,11
7296,Yosimoo,draenor,1622,druid,balance,72,43,29
7297,Merfje,karazhan,1622,druid,balance,36,17,19
7298,Светдру,blackscar,1621,druid,balance,24,17,7
7299,Trinket,frostmane,1620,druid,balance,36,26,10
7300,Thundruid,archimonde,1620,druid,balance,30,18,12
7301,Kåmen,ravenholdt,1620,druid,balance,91,53,38
7302,Rasgath,kazzak,1620,druid,balance,285,157,128
7303,Moonzysunzy,sylvanas,1620,druid,balance,36,17,19
7304,Landesverrat,kazzak,1619,druid,balance,24,21,3
7305,Rosskemp,tarren-mill,1619,druid,balance,24,17,7
7306,Arecsne,turalyon,1619,druid,balance,62,34,28
7307,Колтрэйнх,fordragon,1619,druid,balance,35,19,16
7308,Døttore,garona,1619,druid,balance,122,63,59
7309,Whisker,outland,1618,druid,balance,24,17,7
7310,Youngdinozzo,dalaran,1618,druid,balance,35,23,12
7311,Damigjat,sylvanas,1618,druid,balance,215,123,92
7312,Mendorin,stormrage,1618,druid,balance,69,36,33
7313,Ícekiss,hyjal,1617,druid,balance,30,24,6
7314,Cantdonothig,ravencrest,1617,druid,balance,227,120,107
7315,Ryuzu,aegwynn,1616,druid,balance,79,45,34
7316,Fabuboomy,blackrock,1616,druid,balance,30,17,13
7317,Alessàsavage,nemesis,1616,druid,balance,36,18,18
7318,Xirbtihs,stormscale,1615,druid,balance,50,32,18
7319,Panpanqcul,archimonde,1615,druid,balance,52,31,21
7320,Âlhajillo,dun-modr,1615,druid,balance,30,17,13
7321,Klørfem,draenor,1614,druid,balance,36,21,15
7322,Teebeidl,tarren-mill,1613,druid,balance,30,22,8
7323,Happybear,outland,1613,druid,balance,63,46,17
7324,Horadruid,silvermoon,1613,druid,balance,268,147,121
7325,Gòrgoth,pozzo-delleternità,1613,druid,balance,42,23,19
7326,Exilara,twisting-nether,1612,druid,balance,61,38,23
7327,Бонони,booty-bay,1612,druid,balance,84,42,42
7328,Rá,outland,1611,druid,balance,32,22,10
7329,Xenuss,kazzak,1611,druid,balance,36,22,14
7330,Pëchy,aggra-português,1611,druid,balance,66,39,27
7331,Åkømo,aegwynn,1610,druid,balance,36,21,15
7332,Deadmeøw,outland,1609,druid,balance,34,21,13
7333,Zevis,outland,1609,druid,balance,114,60,54
7334,Deepak,nemesis,1609,druid,balance,42,21,21
7335,Boomykush,twisting-nether,1608,druid,balance,74,42,32
7336,Doncy,ragnaros,1607,druid,balance,54,24,30
7337,Sqoopy,tarren-mill,1606,druid,balance,36,27,9
7338,Ryng,nagrand,1606,druid,balance,60,41,19
7339,Porzi,eredar,1606,druid,balance,66,41,25
7340,Lillevän,tarren-mill,1606,druid,balance,30,18,12
7341,Noou,aegwynn,1606,druid,balance,46,25,21
7342,Scamlafsen,ragnaros,1606,druid,balance,42,22,20
7343,Neverpanic,stormscale,1605,druid,balance,30,21,9
7344,Newdudu,draenor,1605,druid,balance,36,24,12
7345,Bompfer,blackmoore,1605,druid,balance,30,19,11
7346,Séxycàt,ravencrest,1605,druid,balance,135,74,61
7347,Isylia,twisting-nether,1605,druid,balance,72,36,36
7348,Balencìága,sanguino,1604,druid,balance,41,26,15
7349,Owenwilson,twisting-nether,1604,druid,balance,36,22,14
7350,Rode,magtheridon,1604,druid,balance,129,75,54
7351,Taveirasurge,kazzak,1603,druid,balance,30,22,8
7352,Alamâ,madmortem,1603,druid,balance,48,21,27
7353,Dematos,forscherliga,1602,druid,balance,114,68,46
7354,Ashleyx,antonidas,1601,druid,balance,24,19,5
7355,Nomilkforyou,steamwheedle-cartel,1601,druid,balance,63,39,24
7356,Niul,aegwynn,1601,druid,balance,146,83,63
7357,Goom,rexxar,1600,druid,balance,214,124,90
7358,Зенза,howling-fjord,1600,druid,balance,48,26,22
7359,Mopferal,twisting-nether,1599,druid,balance,36,28,8
7360,Bigtouch,draenor,1597,druid,balance,54,31,23
7361,Phobidru,thrall,1595,druid,balance,30,19,11
7362,Hashishi,grim-batol,1594,druid,balance,72,40,32
7363,Malfurien,magtheridon,1593,druid,balance,30,17,13
7364,Àspro,hyjal,1591,druid,balance,42,21,21
7365,Buurzalbai,drakthul,1590,druid,balance,54,30,24
7366,Rwq,outland,1590,druid,balance,57,30,27
7367,Saltymoo,tarren-mill,1589,druid,balance,41,24,17
7368,Ôp,aegwynn,1589,druid,balance,65,31,34
7369,Wildrice,blackhand,1588,druid,balance,53,28,25
7370,Truffleßuttr,kazzak,1587,druid,balance,30,17,13
7371,Xä,bloodscalp,1587,druid,balance,159,86,73
7372,Veyronn,burning-legion,1586,druid,balance,48,25,23
7373,Vitaex,blackrock,1585,druid,balance,30,20,10
7374,Magnusson,shadowsong,1585,druid,balance,90,59,31
7375,Laødinay,hyjal,1585,druid,balance,42,22,20
7376,Elatadru,silvermoon,1583,druid,balance,36,18,18
7377,Jaiyen,ravencrest,1582,druid,balance,41,28,13
7378,Óffstér,kazzak,1582,druid,balance,60,19,41
7379,Kroaxs,draenor,1581,druid,balance,127,76,51
7380,Vaacku,stormreaver,1581,druid,balance,64,34,30
7381,Аласторвов,deathweaver,1580,druid,balance,72,33,39
7382,Teaser,dun-modr,1579,druid,balance,54,28,26
7383,Moler,hyjal,1577,druid,balance,36,29,7
7384,Hillarious,blackmoore,1576,druid,balance,99,58,41
7385,Goüsta,archimonde,1576,druid,balance,60,35,25
7386,Ittei,korgall,1575,druid,balance,36,22,14
7387,Kylaaz,die-ewige-wacht,1574,druid,balance,69,42,27
7388,Amoveo,argent-dawn,1574,druid,balance,56,31,25
7389,Mjáy,tarren-mill,1574,druid,balance,36,19,17
7390,Redlung,outland,1573,druid,balance,30,18,12
7391,Nevermeldx,blackrock,1573,druid,balance,29,17,12
7392,Deepqt,kargath,1573,druid,balance,60,32,28
7393,Merawr,ravencrest,1573,druid,balance,129,66,63
7394,Сансплэш,lich-king,1572,druid,balance,24,20,4
7395,Drutiful,outland,1571,druid,balance,42,21,21
7396,Diggear,doomhammer,1570,druid,balance,30,21,9
7397,Halouest,archimonde,1570,druid,balance,77,42,35
7398,Bôoze,nathrezim,1569,druid,balance,36,19,17
7399,Rhaf,argent-dawn,1568,druid,balance,114,66,48
7400,Cptsponksa,tarren-mill,1566,druid,balance,101,56,45
7401,Topfrag,outland,1566,druid,balance,42,22,20
7402,Møønhorn,nemesis,1565,druid,balance,119,64,55
7403,Pewpewdruid,blackmoore,1565,druid,balance,126,67,59
7404,Amøveo,draenor,1564,druid,balance,42,20,22
7405,Elodìa,antonidas,1561,druid,balance,30,21,9
7406,Hotlife,ravencrest,1559,druid,balance,55,29,26
7407,Starcrash,amanthul,1559,druid,balance,60,28,32
7408,Ðelix,ysera,1558,druid,balance,62,37,25
7409,Sequisha,tarren-mill,1555,druid,balance,30,17,13
7410,Kubzii,archimonde,1555,druid,balance,72,37,35
7411,Урркке,soulflayer,1552,druid,balance,48,29,19
7412,Obsessíon,kazzak,1551,druid,balance,48,24,24
7413,Баттнэйкед,gordunni,1551,druid,balance,83,41,42
7414,Wildmistake,argent-dawn,1550,druid,balance,35,17,18
7415,Potatodru,ragnaros,1549,druid,balance,30,17,13
7416,Haanook,ravencrest,1549,druid,balance,88,46,42
7417,Бамболони,gordunni,1548,druid,balance,92,56,36
7418,Грибомания,soulflayer,1548,druid,balance,35,18,17
7419,Majokz,ravencrest,1547,druid,balance,74,37,37
7420,Кыцко,soulflayer,1546,druid,balance,63,32,31
7421,Frikolina,outland,1543,druid,balance,92,46,46
7422,Hollymedx,blackmoore,1542,druid,balance,74,42,32
7423,Rivenx,ravencrest,1541,druid,balance,41,25,16
7424,Pawel,defias-brotherhood,1541,druid,balance,119,61,58
7425,Zhof,ravencrest,1540,druid,balance,130,63,67
7426,Mianmar,silvermoon,1539,druid,balance,131,80,51
7427,Algír,argent-dawn,1539,druid,balance,107,53,54
7428,Notmyfriend,sylvanas,1538,druid,balance,41,28,13
7429,Stinkyicky,sylvanas,1538,druid,balance,48,30,18
7430,Spaceshift,magtheridon,1537,druid,balance,87,51,36
7431,Alethorn,twisting-nether,1536,druid,balance,31,21,10
7432,Lazerbinks,blackmoore,1536,druid,balance,29,18,11
7433,Azurai,blackmoore,1536,druid,balance,60,31,29
7434,Jazzme,aegwynn,1535,druid,balance,24,16,8
7435,Winarchikxxl,tarren-mill,1535,druid,balance,176,92,84
7436,Seboom,outland,1534,druid,balance,114,65,49
7437,Whythis,archimonde,1534,druid,balance,134,69,65
7438,Druidflight,ravencrest,1534,druid,balance,48,24,24
7439,Maaw,tarren-mill,1533,druid,balance,42,23,19
7440,Dharli,stormscale,1533,druid,balance,36,17,19
7441,Thaeris,outland,1531,druid,balance,28,17,11
7442,Mindruid,kazzak,1531,druid,balance,30,18,12
7443,Gstahr,taerar,1530,druid,balance,64,34,30
7444,Catten,sylvanas,1529,druid,balance,30,17,13
7445,Whiskers,emerald-dream,1529,druid,balance,84,44,40
7446,Monkeynight,ambossar,1529,druid,balance,35,18,17
7447,Ljóskan,kazzak,1528,druid,balance,36,16,20
7448,Zì,stormscale,1527,druid,balance,36,19,17
7449,Fantomasik,drakthul,1527,druid,balance,148,68,80
7450,Bashfui,draenor,1526,druid,balance,66,38,28
7451,Migami,nemesis,1526,druid,balance,36,18,18
7452,Uptoyou,defias-brotherhood,1524,druid,balance,65,38,27
7453,Leathy,eredar,1524,druid,balance,60,35,25
7454,Lisbethqt,nemesis,1523,druid,balance,24,16,8
7455,Healol,sanguino,1523,druid,balance,63,36,27
7456,Muhz,nathrezim,1523,druid,balance,58,32,26
7457,Crackfat,stormscale,1521,druid,balance,52,34,18
7458,Chansnax,thrall,1519,druid,balance,52,29,23
7459,Exca,stormscale,1519,druid,balance,54,28,26
7460,Shedzokey,tarren-mill,1517,druid,balance,48,30,18
7461,Brainjuice,blackrock,1517,druid,balance,30,16,14
7462,Ylmh,archimonde,1516,druid,balance,24,16,8
7463,Elrroir,dun-modr,1516,druid,balance,42,24,18
7464,Feralspîrît,outland,1516,druid,balance,30,17,13
7465,Brokul,kazzak,1516,druid,balance,48,25,23
7466,Saqartvelo,tarren-mill,1515,druid,balance,42,21,21
7467,Грандал,howling-fjord,1515,druid,balance,60,27,33
7468,Kalthazar,twisting-nether,1513,druid,balance,30,16,14
7469,Schannine,archimonde,1513,druid,balance,41,20,21
7470,Beanery,aegwynn,1512,druid,balance,24,16,8
7471,Opla,nethersturm,1510,druid,balance,40,27,13
7472,Saabeq,hyjal,1509,druid,balance,38,22,16
7473,Ðrpressure,blackrock,1508,druid,balance,120,72,48
7474,Aègon,ravencrest,1508,druid,balance,83,48,35
7475,Aetheris,varimathras,1508,druid,balance,50,24,26
7476,Druidka,grim-batol,1507,druid,balance,42,20,22
7477,Pórts,kazzak,1507,druid,balance,42,20,22
7478,Andjuga,doomhammer,1506,druid,balance,124,59,65
7479,Elfsu,ravencrest,1505,druid,balance,42,29,13
7480,Gurudru,tarren-mill,1505,druid,balance,96,41,55
7481,Moonwatcher,blackrock,1503,druid,balance,108,62,46
7482,Lasertipu,tarren-mill,1502,druid,balance,41,22,19
7483,Анестезий,soulflayer,1501,druid,balance,54,41,13
7484,Skadruid,blackmoore,1499,druid,balance,60,30,30
7485,Symbiosa,silvermoon,1498,druid,balance,30,21,9
7486,Trylune,blackmoore,1498,druid,balance,30,17,13
7487,Karodoom,twisting-nether,1497,druid,balance,125,68,57
7488,Brandyballix,twisting-nether,1497,druid,balance,110,54,56
7489,Sweetner,outland,1495,druid,balance,58,35,23
7490,Gorthunx,kazzak,1494,druid,balance,28,19,9
7491,Гнетея,howling-fjord,1494,druid,balance,53,30,23
7492,Carismatic,blackmoore,1494,druid,balance,224,116,108
7493,Milkywáys,draenor,1491,druid,balance,130,63,67
7494,Nøny,gorgonnash,1489,druid,balance,48,28,20
7495,Restouz,twisting-nether,1489,druid,balance,123,63,60
7496,Woodzey,sylvanas,1489,druid,balance,36,18,18
7497,Kittyperry,blackmoore,1489,druid,balance,41,20,21
7498,Quorn,pozzo-delleternità,1489,druid,balance,59,28,31
7499,Duis,twilights-hammer,1488,druid,balance,44,22,22
7500,Jöggel,perenolde,1485,druid,balance,30,21,9
7501,Sodapop,aszune,1485,druid,balance,114,64,50
7502,Муниня,gordunni,1485,druid,balance,60,32,28
7503,Arkatt,outland,1482,druid,balance,36,24,12
7504,Seudoz,silvermoon,1482,druid,balance,48,29,19
7505,Kolt,rajaxx,1481,druid,balance,62,32,30
7506,Pyqmi,stormscale,1479,druid,balance,36,23,13
7507,Yiradur,stormscale,1479,druid,balance,90,47,43
7508,Demonbalance,silvermoon,1478,druid,balance,64,39,25
7509,Likwidator,stormscale,1477,druid,balance,88,51,37
7510,Pitbull,archimonde,1476,druid,balance,36,17,19
7511,Редмун,soulflayer,1474,druid,balance,84,46,38
7512,Báco,dun-modr,1473,druid,balance,36,17,19
7513,Kbdd,outland,1472,druid,balance,36,16,20
7514,Lèafy,silvermoon,1470,druid,balance,37,22,15
7515,Prinzfarming,mugthol,1469,druid,balance,57,29,28
7516,Mønrøe,ravencrest,1467,druid,balance,29,17,12
7517,Ddggss,ragnaros,1466,druid,balance,37,21,16
7518,Ziele,the-maelstrom,1465,druid,balance,40,23,17
7519,Chillerin,draenor,1465,druid,balance,42,23,19
7520,Pfandmalle,blackrock,1464,druid,balance,36,24,12
7521,Lashketchum,aszune,1463,druid,balance,42,27,15
7522,Sefinana,malganis,1463,druid,balance,132,60,72
7523,Vaizier,defias-brotherhood,1462,druid,balance,119,60,59
7524,Viverion,ravencrest,1461,druid,balance,68,35,33
7525,Meatwallet,defias-brotherhood,1460,druid,balance,41,24,17
7526,Lyø,draenor,1460,druid,balance,80,46,34
7527,Magiskeforme,draenor,1459,druid,balance,32,22,10
7528,Entas,kazzak,1459,druid,balance,36,24,12
7529,Kamzik,drakthul,1459,druid,balance,36,19,17
7530,Primdâhl,ravencrest,1459,druid,balance,60,31,29
7531,Fiomy,blackhand,1458,druid,balance,47,36,11
7532,Almrudi,blackrock,1456,druid,balance,42,20,22
7533,Dabudi,kazzak,1455,druid,balance,57,32,25
7534,Wildanomaly,argent-dawn,1455,druid,balance,64,32,32
7535,Drøøkîé,antonidas,1454,druid,balance,111,62,49
7536,Czarnykocur,burning-legion,1452,druid,balance,102,57,45
7537,Kuhgucci,blackmoore,1451,druid,balance,30,16,14
7538,Gúccî,blackrock,1450,druid,balance,30,22,8
7539,Frodds,grim-batol,1448,druid,balance,30,25,5
7540,Abercrombx,thrall,1448,druid,balance,38,21,17
7541,Aik,gorgonnash,1448,druid,balance,60,30,30
7542,Karolg,tyrande,1448,druid,balance,63,30,33
7543,Mahist,archimonde,1447,druid,balance,54,31,23
7544,Кортанус,gordunni,1447,druid,balance,39,21,18
7545,Tawaraki,outland,1444,druid,balance,156,84,72
7546,Dudana,argent-dawn,1441,druid,balance,48,29,19
7547,Anahots,silvermoon,1441,druid,balance,111,55,56
7548,Duridlol,nemesis,1439,druid,balance,18,15,3
7549,Dudmæster,blackmoore,1439,druid,balance,33,18,15
7550,Lappe,stormreaver,1439,druid,balance,30,15,15
7551,Ferraridudux,ravencrest,1437,druid,balance,18,15,3
7552,Vamix,aegwynn,1437,druid,balance,18,15,3
7553,Chángé,draenor,1437,druid,balance,36,23,13
7554,Shuffey,frostmane,1437,druid,balance,45,24,21
7555,Duskdawn,xavius,1434,druid,balance,60,30,30
7556,Kørn,drakthul,1433,druid,balance,61,28,33
7557,Syremark,silvermoon,1433,druid,balance,36,16,20
7558,Restromide,ravencrest,1432,druid,balance,30,15,15
7559,Mogi,pozzo-delleternità,1432,druid,balance,75,35,40
7560,Skywíng,stormscale,1432,druid,balance,42,19,23
7561,Maelkan,sanguino,1432,druid,balance,58,26,32
7562,Tøyz,stormscale,1431,druid,balance,18,15,3
7563,Óðinn,stormscale,1431,druid,balance,18,15,3
7564,Juvencus,twisting-nether,1431,druid,balance,24,15,9
7565,Chouwa,korgall,1431,druid,balance,65,38,27
7566,Blackfür,sylvanas,1431,druid,balance,80,36,44
7567,Ovérheal,ravencrest,1430,druid,balance,21,16,5
7568,Farmerone,tarren-mill,1430,druid,balance,90,53,37
7569,Tonutc,sanguino,1430,druid,balance,51,25,26
7570,Krathar,kazzak,1430,druid,balance,36,15,21
7571,Ibnform,archimonde,1429,druid,balance,18,15,3
7572,Lxz,blackhand,1429,druid,balance,52,23,29
7573,Kazuid,argent-dawn,1428,druid,balance,38,24,14
7574,Vëgâñgøðx,ragnaros,1428,druid,balance,24,15,9
7575,Крейзикет,eversong,1427,druid,balance,24,15,9
7576,Chúcky,twisting-nether,1427,druid,balance,73,41,32
7577,Fluffeh,doomhammer,1426,druid,balance,36,22,14
7578,Littleneo,ambossar,1426,druid,balance,47,22,25
7579,Dypas,chogall,1425,druid,balance,36,20,16
7580,Däkk,draenor,1425,druid,balance,72,32,40
7581,Anabola,frostwhisper,1423,druid,balance,24,15,9
7582,Inghlo,blackmoore,1423,druid,balance,53,29,24
7583,Rilak,nordrassil,1423,druid,balance,94,49,45
7584,Mørshac,blackrock,1422,druid,balance,24,15,9
7585,Wize,pozzo-delleternità,1422,druid,balance,56,27,29
7586,Chrevarraige,saurfang,1421,druid,balance,132,72,60
7587,Dantet,the-maelstrom,1421,druid,balance,30,15,15
7588,Petiteorange,archimonde,1420,druid,balance,24,16,8
7589,Кектахан,soulflayer,1420,druid,balance,24,15,9
7590,Reed,sylvanas,1420,druid,balance,30,15,15
7591,Applestrudle,blackrock,1420,druid,balance,54,24,30
7592,Екфта,gordunni,1419,druid,balance,36,18,18
7593,Fransman,sylvanas,1419,druid,balance,41,19,22
7594,Kanataka,stormscale,1418,druid,balance,54,32,22
7595,Guthíx,silvermoon,1418,druid,balance,60,26,34
7596,Salseo,uldum,1416,druid,balance,66,44,22
7597,Levéltetü,ragnaros,1416,druid,balance,24,15,9
7598,Мантоя,gordunni,1416,druid,balance,119,64,55
7599,Carebearlol,frostmane,1416,druid,balance,42,17,25
7600,Ashkaxx,ragnaros,1415,druid,balance,36,18,18
7601,Smuktøs,twisting-nether,1414,druid,balance,45,31,14
7602,Storpboom,drakthul,1414,druid,balance,96,56,40
7603,Cyclønegodxd,dentarg,1413,druid,balance,24,17,7
7604,Hypam,archimonde,1413,druid,balance,42,19,23
7605,Chispiwini,cthun,1412,druid,balance,49,25,24
7606,Calambius,blackhand,1411,druid,balance,30,15,15
7607,Fruitdealer,antonidas,1410,druid,balance,42,23,19
7608,Шубаиздуба,howling-fjord,1409,druid,balance,60,33,27
7609,Матумбо,razuvious,1409,druid,balance,270,134,136
7610,Strinx,ragnaros,1407,druid,balance,84,51,33
7611,Izzi,arathor,1405,druid,balance,56,31,25
7612,Rbgbear,blackhand,1403,druid,balance,59,32,27
7613,Rrayed,kazzak,1402,druid,balance,64,42,22
7614,Hisoca,tarren-mill,1402,druid,balance,102,57,45
7615,Itadorikun,silvermoon,1401,druid,balance,71,41,30
7616,Asterism,stormscale,1401,druid,balance,123,66,57
7617,Jejoueferal,chogall,1401,druid,balance,90,45,45
7618,Rédbull,outland,1400,druid,balance,88,46,42
7619,Xyiz,ravencrest,1399,druid,balance,80,42,38
7620,Boomalot,auchindoun,1399,druid,balance,48,25,23
7621,Keynn,kazzak,1399,druid,balance,66,29,37
7622,Eärendir,ravencrest,1398,druid,balance,167,81,86
7623,Ramgis,sanguino,1397,druid,balance,36,17,19
7624,Weisslogia,aegwynn,1397,druid,balance,71,33,38
7625,Mercmydude,ravencrest,1396,druid,balance,63,30,33
7626,Krtt,tarren-mill,1395,druid,balance,135,64,71
7627,Nujus,kazzak,1394,druid,balance,30,15,15
7628,Kénshin,blackhand,1392,druid,balance,30,15,15
7629,Irishdemón,ravencrest,1391,druid,balance,84,45,39
7630,Pantheraa,twisting-nether,1388,druid,balance,55,35,20
7631,Cowárd,blackmoore,1388,druid,balance,38,18,20
7632,Couleaf,stormscale,1387,druid,balance,31,22,9
7633,Icetep,sargeras,1386,druid,balance,60,30,30
7634,Джоннчек,gordunni,1385,druid,balance,46,29,17
7635,Bëndover,uldaman,1384,druid,balance,24,15,9
7636,Стампид,blackscar,1382,druid,balance,85,47,38
7637,Catsgomeow,outland,1382,druid,balance,48,24,24
7638,Rinjindin,eredar,1376,druid,balance,42,24,18
7639,Boomzter,frostmane,1376,druid,balance,42,20,22
7640,Rexiehunty,aszune,1376,druid,balance,59,28,31
7641,Æîîs,blackrock,1373,druid,balance,63,36,27
7642,Тёмныйзверь,borean-tundra,1373,druid,balance,84,43,41
7643,Megaball,sylvanas,1372,druid,balance,72,44,28
7644,Telbo,ravencrest,1372,druid,balance,77,41,36
7645,Jarko,ysondre,1372,druid,balance,104,46,58
7646,Neova,dun-modr,1371,druid,balance,57,29,28
7647,Hackamore,archimonde,1371,druid,balance,36,16,20
7648,Pø,blackrock,1371,druid,balance,59,26,33
7649,Owlcápown,ravencrest,1370,druid,balance,30,15,15
7650,Mayhh,ragnaros,1369,druid,balance,143,79,64
7651,Elonax,eredar,1368,druid,balance,38,24,14
7652,Pøpp,archimonde,1367,druid,balance,23,15,8
7653,Druidboss,tarren-mill,1366,druid,balance,84,46,38
7654,Chrîslol,twisting-nether,1366,druid,balance,103,49,54
7655,Arreton,silvermoon,1365,druid,balance,22,15,7
7656,Shìrò,kelthuzad,1365,druid,balance,48,24,24
7657,Heanra,frostmane,1363,druid,balance,35,22,13
7658,Ðiàblos,nemesis,1363,druid,balance,72,41,31
7659,Insølitø,sanguino,1363,druid,balance,69,35,34
7660,Yungle,stormscale,1363,druid,balance,48,20,28
7661,Druiddamage,the-maelstrom,1362,druid,balance,224,117,107
7662,Ketama,sylvanas,1362,druid,balance,60,30,30
7663,Kimba,onyxia,1361,druid,balance,36,23,13
7664,Wazam,kazzak,1359,druid,balance,38,26,12
7665,Амахасла,deathweaver,1358,druid,balance,66,38,28
7666,Catmøm,blackmoore,1357,druid,balance,94,47,47
7667,Hauntie,kazzak,1356,druid,balance,36,19,17
7668,Nyetoo,dun-modr,1355,druid,balance,85,38,47
7669,Ennelle,silvermoon,1353,druid,balance,38,23,15
7670,Endoth,blackrock,1352,druid,balance,38,20,18
7671,Zhroomx,blackmoore,1351,druid,balance,44,20,24
7672,Xclonedotcom,aegwynn,1348,druid,balance,42,27,15
7673,Druidere,outland,1348,druid,balance,66,32,34
7674,Freakyo,blackrock,1347,druid,balance,29,15,14
7675,Bum,ravencrest,1344,druid,balance,18,14,4
7676,Divref,tarren-mill,1343,druid,balance,18,14,4
7677,Broxisqt,blackrock,1343,druid,balance,24,14,10
7678,Wenciorek,kazzak,1343,druid,balance,36,17,19
7679,Suppencaster,frostwolf,1342,druid,balance,18,14,4
7680,Heav,kiljaeden,1342,druid,balance,29,19,10
7681,Pôpcorn,ragnaros,1342,druid,balance,54,33,21
7682,Ravneskrig,ravencrest,1340,druid,balance,18,14,4
7683,Patchlølx,blackmoore,1339,druid,balance,39,24,15
7684,Treesus,blackrock,1339,druid,balance,24,14,10
7685,Huxleyys,draenor,1339,druid,balance,24,14,10
7686,Santoniq,dun-morogh,1339,druid,balance,162,79,83
7687,Seysso,silvermoon,1339,druid,balance,66,29,37
7688,Kittyboomy,burning-blade,1338,druid,balance,69,33,36
7689,Threesixnìne,dun-morogh,1337,druid,balance,36,14,22
7690,Insanexp,antonidas,1336,druid,balance,19,14,5
7691,Nuqa,thrall,1336,druid,balance,21,15,6
7692,Illebra,defias-brotherhood,1336,druid,balance,24,14,10
7693,Buhuu,blackmoore,1336,druid,balance,78,38,40
7694,Milantu,antonidas,1335,druid,balance,24,14,10
7695,Beamgødx,thrall,1333,druid,balance,22,15,7
7696,Забурсчу,howling-fjord,1333,druid,balance,30,20,10
7697,Soward,la-croisade-écarlate,1331,druid,balance,38,17,21
7698,Stìck,archimonde,1330,druid,balance,65,34,31
7699,Kermit,die-aldor,1330,druid,balance,78,35,43
7700,Sanaponic,burning-legion,1329,druid,balance,24,14,10
7701,Arrakiz,sanguino,1328,druid,balance,53,36,17
7702,Mirikastiko,korgall,1328,druid,balance,24,14,10
7703,Trydru,blackmoore,1328,druid,balance,48,27,21
7704,Хастла,galakrond,1326,druid,balance,24,14,10
7705,Kâllîsto,eredar,1325,druid,balance,30,14,16
7706,Fruntimmern,sylvanas,1323,druid,balance,24,14,10
7707,Экстазиус,borean-tundra,1321,druid,balance,42,14,28
7708,Lucidx,blackrock,1319,druid,balance,54,20,34
7709,Кекичшрекич,soulflayer,1318,druid,balance,54,25,29
7710,Stêvé,silvermoon,1317,druid,balance,38,25,13
7711,Wildthing,blackmoore,1316,druid,balance,44,25,19
7712,Pavesino,nemesis,1315,druid,balance,24,15,9
7713,Bløødax,hyjal,1315,druid,balance,136,64,72
7714,Silvix,blackrock,1314,druid,balance,30,14,16
7715,Усыильвиры,soulflayer,1309,druid,balance,30,14,16
7716,Yomosh,eredar,1308,druid,balance,39,19,20
7717,Альмазар,lich-king,1306,druid,balance,54,27,27
7718,Fouser,shattered-hand,1305,druid,balance,30,14,16
7719,Solarian,ravencrest,1304,druid,balance,42,26,16
7720,Шадарлогот,gordunni,1300,druid,balance,90,52,38
7721,Sazo,elune,1300,druid,balance,28,14,14
7722,Fäcker,blackhand,1299,druid,balance,30,18,12
7723,Aryitu,blackrock,1299,druid,balance,50,25,25
7724,Snedden,silvermoon,1298,druid,balance,31,14,17
7725,Zeifana,khaz-modan,1297,druid,balance,30,18,12
7726,Oiseth,tarren-mill,1297,druid,balance,78,36,42
7727,Callmev,hyjal,1294,druid,balance,18,14,4
7728,Tubi,darksorrow,1292,druid,balance,30,16,14
7729,Forestrun,sylvanas,1287,druid,balance,42,27,15
7730,Quiksx,blackrock,1286,druid,balance,43,20,23
7731,Ralokian,drakthul,1285,druid,balance,53,34,19
7732,Nømat,defias-brotherhood,1285,druid,balance,78,43,35
7733,Shaize,dalaran,1283,druid,balance,26,17,9
7734,Scottparker,sylvanas,1282,druid,balance,36,24,12
7735,Fhi,antonidas,1281,druid,balance,42,23,19
7736,Hadoukan,ravencrest,1281,druid,balance,41,22,19
7737,Fantaclause,tarren-mill,1281,druid,balance,162,78,84
7738,Myex,exodar,1280,druid,balance,30,14,16
7739,Smøuler,sanguino,1279,druid,balance,27,15,12
7740,Ххансолл,gordunni,1279,druid,balance,131,69,62
7741,Астраджет,gordunni,1279,druid,balance,30,15,15
7742,Slurmms,sylvanas,1278,druid,balance,114,70,44
7743,Whísperclaw,ravencrest,1278,druid,balance,43,23,20
7744,Doomkin,tichondrius,1278,druid,balance,30,15,15
7745,Voorhess,blackmoore,1278,druid,balance,36,14,22
7746,Кашаган,howling-fjord,1277,druid,balance,39,20,19
7747,Corrupthz,outland,1276,druid,balance,23,14,9
7748,Droodfarm,hyjal,1275,druid,balance,58,31,27
7749,Meezy,ragnaros,1273,druid,balance,30,15,15
7750,Rektjin,stormscale,1273,druid,balance,42,17,25
7751,Slaskêt,tarren-mill,1272,druid,balance,22,14,8
7752,Revølter,kazzak,1272,druid,balance,32,15,17
7753,Wtcseven,eredar,1272,druid,balance,36,16,20
7754,Àsúnâ,eredar,1272,druid,balance,42,15,27
7755,Chugs,draenor,1271,druid,balance,30,16,14
7756,Hardí,tarren-mill,1268,druid,balance,60,28,32
7757,Atbõs,stormscale,1267,druid,balance,29,16,13
7758,Kunya,tarren-mill,1267,druid,balance,80,35,45
7759,Melyo,blackmoore,1265,druid,balance,36,21,15
7760,Caltvalai,ravencrest,1265,druid,balance,28,14,14
7761,Ðãddy,ravencrest,1263,druid,balance,32,20,12
7762,Petju,darksorrow,1262,druid,balance,48,21,27
7763,Жибка,howling-fjord,1261,druid,balance,32,15,17
7764,Bambøué,khaz-modan,1260,druid,balance,24,14,10
7765,Achre,thunderhorn,1259,druid,balance,30,14,16
7766,Ilovedruid,forscherliga,1259,druid,balance,34,15,19
7767,Hushorde,twisting-nether,1259,druid,balance,48,17,31
7768,Fillet,aggra-português,1257,druid,balance,20,15,5
7769,Ohndankalan,kazzak,1257,druid,balance,42,17,25
7770,Ваандри,gordunni,1255,druid,balance,24,16,8
7771,Rullader,draenor,1255,druid,balance,36,23,13
7772,Нэйроуз,howling-fjord,1254,druid,balance,95,49,46
7773,Medreas,argent-dawn,1253,druid,balance,71,46,25
7774,Xora,aegwynn,1252,druid,balance,29,16,13
7775,Кулунхе,soulflayer,1251,druid,balance,42,25,17
7776,Braokhull,stormscale,1250,druid,balance,36,19,17
7777,Tytankon,silvermoon,1250,druid,balance,37,15,22
7778,Mascraxx,earthen-ring,1249,druid,balance,73,38,35
7779,Zuldram,uldaman,1249,druid,balance,29,14,15
7780,Киллиманжаро,howling-fjord,1249,druid,balance,110,52,58
7781,Tygra,blackrock,1248,druid,balance,18,13,5
7782,Luphrekmeow,ravencrest,1247,druid,balance,18,13,5
7783,Lílpèëpgødx,archimonde,1247,druid,balance,18,13,5
7784,Whêylon,ragnaros,1247,druid,balance,24,13,11
7785,Replicusowl,doomhammer,1247,druid,balance,24,13,11
7786,Rozi,draenor,1247,druid,balance,24,13,11
7787,Valijan,blackrock,1247,druid,balance,28,14,14
7788,Совёнушек,howling-fjord,1246,druid,balance,18,13,5
7789,Mariss25076F,chogall,1246,druid,balance,30,18,12
7790,Mazalot,kazzak,1246,druid,balance,25,14,11
7791,Ymagyne,frostmane,1246,druid,balance,24,13,11
7792,Xkirtach,dun-modr,1245,druid,balance,24,13,11
7793,Hotdóts,outland,1244,druid,balance,18,13,5
7794,Uglydruid,drakthul,1244,druid,balance,98,53,45
7795,Eranor,archimonde,1243,druid,balance,18,13,5
7796,Ateli,kazzak,1243,druid,balance,21,14,7
7797,Smittly,bloodhoof,1243,druid,balance,36,17,19
7798,Velnens,shattered-halls,1243,druid,balance,60,27,33
7799,Ærîs,garona,1243,druid,balance,52,23,29
7800,Guccicken,garona,1242,druid,balance,18,13,5
7801,Clonorrhea,tarren-mill,1242,druid,balance,24,13,11
7802,Mahwi,das-konsortium,1241,druid,balance,18,13,5
7803,Naicy,khaz-modan,1240,druid,balance,24,13,11
7804,Füsselviech,frostwolf,1239,druid,balance,18,13,5
7805,Fangornn,outland,1239,druid,balance,30,13,17
7806,Morphael,ravencrest,1233,druid,balance,24,13,11
7807,Makelsi,tarren-mill,1233,druid,balance,29,14,15
7808,Kielorn,stormscale,1232,druid,balance,24,13,11
7809,Amici,eredar,1232,druid,balance,24,13,11
7810,Lindémann,blackhand,1231,druid,balance,38,25,13
7811,Toffyfee,anetheron,1229,druid,balance,30,20,10
7812,Мунмунмун,gordunni,1229,druid,balance,43,19,24
7813,Psycloniac,ravencrest,1228,druid,balance,24,13,11
7814,Vrill,kazzak,1228,druid,balance,81,41,40
7815,Oxox,defias-brotherhood,1227,druid,balance,24,14,10
7816,Succee,stormscale,1227,druid,balance,60,30,30
7817,Ðoxi,draenor,1226,druid,balance,120,58,62
7818,Maurana,sylvanas,1225,druid,balance,30,13,17
7819,Jatto,magtheridon,1223,druid,balance,24,13,11
7820,Dingeren,stormscale,1222,druid,balance,24,13,11
7821,Sheâ,nemesis,1221,druid,balance,126,63,63
7822,Bulma,dun-modr,1220,druid,balance,36,15,21
7823,Rayðii,archimonde,1219,druid,balance,44,24,20
7824,Inkibek,burning-blade,1218,druid,balance,18,13,5
7825,Certton,arakarahm,1218,druid,balance,75,36,39
7826,Àlec,silvermoon,1217,druid,balance,114,61,53
7827,Fluffykin,defias-brotherhood,1216,druid,balance,24,13,11
7828,Artío,the-maelstrom,1215,druid,balance,69,32,37
7829,Balzàc,ravencrest,1213,druid,balance,42,23,19
7830,Avior,eonar,1213,druid,balance,53,18,35
7831,Jeesman,sylvanas,1212,druid,balance,66,35,31
7832,Vasilona,sanguino,1211,druid,balance,24,13,11
7833,Мяурицао,howling-fjord,1210,druid,balance,98,54,44
7834,Challi,nordrassil,1210,druid,balance,24,13,11
7835,Antiseptik,ysondre,1210,druid,balance,30,14,16
7836,Cagaboliches,sanguino,1208,druid,balance,30,14,16
7837,Eliaster,ysondre,1204,druid,balance,30,18,12
7838,Altix,blackmoore,1200,druid,balance,48,26,22
7839,Wolfhealer,blackmoore,1198,druid,balance,36,21,15
7840,Dremdra,draenor,1197,druid,balance,36,14,22
7841,Malammore,burning-legion,1195,druid,balance,77,49,28
7842,Shåmssz,kazzak,1194,druid,balance,20,15,5
7843,Suitti,ravencrest,1191,druid,balance,23,13,10
7844,Trollisha,mannoroth,1191,druid,balance,32,17,15
7845,Suranaelle,argent-dawn,1190,druid,balance,38,19,19
7846,Dêesse,archimonde,1188,druid,balance,42,20,22
7847,Fleq,antonidas,1188,druid,balance,32,14,18
7848,Vulyr,outland,1187,druid,balance,72,33,39
7849,Chulainn,sylvanas,1181,druid,balance,24,18,6
7850,Zerofrenzy,hyjal,1179,druid,balance,78,28,50
7851,Deadmorph,ysondre,1178,druid,balance,27,14,13
7852,Mööñ,hyjal,1177,druid,balance,22,14,8
7853,Doggerz,aggra-português,1177,druid,balance,72,36,36
7854,Farodiin,blackmoore,1177,druid,balance,48,18,30
7855,Larbre,dalaran,1176,druid,balance,43,29,14
7856,Fey,stormrage,1174,druid,balance,35,13,22
7857,Bénjî,khazgoroth,1169,druid,balance,48,22,26
7858,Gardenstate,silvermoon,1168,druid,balance,36,22,14
7859,Maelinou,archimonde,1168,druid,balance,36,19,17
7860,Сейтил,deathguard,1167,druid,balance,55,23,32
7861,ßalmain,nethersturm,1163,druid,balance,36,20,16
7862,Wartôn,blackhand,1161,druid,balance,34,19,15
7863,Bearcosby,burning-legion,1160,druid,balance,23,13,10
7864,Toxida,antonidas,1157,druid,balance,71,35,36
7865,Haginator,twisting-nether,1157,druid,balance,102,48,54
7866,Northstar,sylvanas,1156,druid,balance,18,13,5
7867,Gnotten,thunderhorn,1154,druid,balance,23,13,10
7868,Conn,ravencrest,1153,druid,balance,27,16,11
7869,Clonecity,ravencrest,1152,druid,balance,12,12,0
7870,Lêviàthäñ,blackhand,1152,druid,balance,24,12,12
7871,Minado,outland,1151,druid,balance,12,12,0
7872,Heiden,terokkar,1151,druid,balance,18,12,6
7873,Renzay,ysondre,1151,druid,balance,18,12,6
7874,Anpassad,outland,1151,druid,balance,18,12,6
7875,Vârima,ravencrest,1151,druid,balance,18,12,6
7876,Lodikum,defias-brotherhood,1151,druid,balance,18,12,6
7877,Bigfeeder,ravencrest,1151,druid,balance,20,12,8
7878,Øwlkin,ravencrest,1151,druid,balance,24,12,12
7879,Friidaf,lightbringer,1151,druid,balance,24,12,12
7880,Beutow,archimonde,1151,druid,balance,24,12,12
7881,Fabutwo,blackrock,1151,druid,balance,24,12,12
7882,Lazermonster,tarren-mill,1151,druid,balance,24,12,12
7883,Kÿara,khaz-modan,1151,druid,balance,24,12,12
7884,Mirâculixx,dethecus,1150,druid,balance,18,12,6
7885,Djsnigel,stormscale,1150,druid,balance,18,12,6
7886,Sofiadrood,stormreaver,1150,druid,balance,18,12,6
7887,Deblin,ragnaros,1148,druid,balance,41,23,18
7888,Drdudu,dun-morogh,1148,druid,balance,32,15,17
7889,Putitimoriri,pozzo-delleternità,1147,druid,balance,30,21,9
7890,Leafsandstuf,ragnaros,1147,druid,balance,18,12,6
7891,Limmiited,ravencrest,1147,druid,balance,60,28,32
7892,Rabbalala,twisting-nether,1147,druid,balance,30,12,18
7893,Mnqn,ravencrest,1146,druid,balance,18,12,6
7894,Hïrøshïmå,malganis,1146,druid,balance,24,12,12
7895,Ashär,kirin-tor,1146,druid,balance,75,33,42
7896,Featherfeet,kazzak,1146,druid,balance,30,12,18
7897,Weregoon,blackmoore,1145,druid,balance,42,13,29
7898,Dancingrain,ravencrest,1144,druid,balance,24,12,12
7899,Meuhtéki,hyjal,1143,druid,balance,18,12,6
7900,Criaø,blackrock,1143,druid,balance,24,12,12
7901,Happysw,thrall,1143,druid,balance,62,23,39
7902,Requinymph,ravencrest,1141,druid,balance,24,12,12
7903,Loriann,twisting-nether,1141,druid,balance,75,36,39
7904,Ibêx,blackmoore,1139,druid,balance,18,12,6
7905,Søfiaa,argent-dawn,1139,druid,balance,125,69,56
7906,Shiotake,hyjal,1139,druid,balance,24,12,12
7907,Zoxen,nefarian,1138,druid,balance,30,12,18
7908,Schneéeule,blackrock,1138,druid,balance,30,12,18
7909,Bztémor,archimonde,1137,druid,balance,24,12,12
7910,Дайтеполено,howling-fjord,1137,druid,balance,58,25,33
7911,Gluqt,outland,1135,druid,balance,54,21,33
7912,Kizilbuka,ragnaros,1133,druid,balance,30,21,9
7913,Blark,sylvanas,1133,druid,balance,30,12,18
7914,Tankis,dalaran,1132,druid,balance,39,25,14
7915,Quoting,ravencrest,1132,druid,balance,29,12,17
7916,Pretender,arathi,1123,druid,balance,40,13,27
7917,Exactt,blackrock,1119,druid,balance,36,13,23
7918,Tjoepert,azjolnerub,1117,druid,balance,72,28,44
7919,Drrestospec,tarren-mill,1116,druid,balance,24,15,9
7920,Bluebanana,bronzebeard,1115,druid,balance,31,13,18
7921,Blesya,ravencrest,1113,druid,balance,33,13,20
7922,Bazikk,kazzak,1112,druid,balance,18,14,4
7923,Jabah,silvermoon,1111,druid,balance,18,12,6
7924,Morlas,kazzak,1111,druid,balance,50,22,28
7925,Laiquaril,ravencrest,1111,druid,balance,31,12,19
7926,Hightotem,hakkar,1104,druid,balance,29,16,13
7927,Ooxx,rashgarroth,1104,druid,balance,29,12,17
7928,Roroa,ravencrest,1102,druid,balance,21,12,9
7929,Aionx,ravencrest,1101,druid,balance,23,12,11
7930,Phatbushy,silvermoon,1096,druid,balance,27,12,15
7931,Ruberg,kazzak,1091,druid,balance,21,12,9
7932,Amalou,ravencrest,1091,druid,balance,54,27,27
7933,Животноеыы,howling-fjord,1089,druid,balance,29,12,17
7934,Бруан,gordunni,1088,druid,balance,41,20,21
7935,Исмалат,howling-fjord,1088,druid,balance,51,24,27
7936,Frapucino,ravencrest,1085,druid,balance,18,13,5
7937,Bearhúg,kazzak,1082,druid,balance,29,12,17
7938,Orchard,silvermoon,1080,druid,balance,24,13,11
7939,Chadru,magtheridon,1079,druid,balance,26,12,14
7940,Cráck,nagrand,1074,druid,balance,22,12,10
7941,Dobradoonga,exodar,1072,druid,balance,21,13,8
7942,Buckshee,doomhammer,1066,druid,balance,47,25,22
7943,Legyna,ravencrest,1066,druid,balance,26,12,14
7944,Cubir,turalyon,1065,druid,balance,23,12,11
7945,Exiztenz,deathwing,1062,druid,balance,36,18,18
7946,Потерявшийся,howling-fjord,1059,druid,balance,38,15,23
7947,Eyune,tarren-mill,1057,druid,balance,33,15,18
7948,Colibrix,ravencrest,1057,druid,balance,56,20,36
7949,Dakotaboomer,ravencrest,1056,druid,balance,18,11,7
7950,Drmoe,blackmoore,1055,druid,balance,15,12,3
7951,Maedic,outland,1055,druid,balance,18,11,7
7952,Shiffe,argent-dawn,1055,druid,balance,18,11,7
7953,Buckmysallz,archimonde,1055,druid,balance,18,11,7
7954,Narkiza,blackhand,1055,druid,balance,18,11,7
7955,Píps,ravencrest,1055,druid,balance,18,11,7
7956,Fatfingerx,blackrock,1055,druid,balance,18,11,7
7957,Skirr,kelthuzad,1055,druid,balance,24,11,13
7958,Oomhammer,darkspear,1054,druid,balance,18,11,7
7959,Angelinax,silvermoon,1054,druid,balance,18,11,7
7960,Teddyxbear,nefarian,1054,druid,balance,18,11,7
7961,Deetaa,eredar,1054,druid,balance,18,11,7
7962,Flukeyz,draenor,1054,druid,balance,18,11,7
7963,Deßradator,stormscale,1054,druid,balance,18,11,7
7964,Lechaource,silvermoon,1053,druid,balance,18,11,7
7965,Нортикус,soulflayer,1053,druid,balance,24,11,13
7966,Hållkäften,twisting-nether,1052,druid,balance,24,11,13
7967,Gallorath,draenor,1051,druid,balance,24,11,13
7968,Bigpopp,kazzak,1050,druid,balance,18,11,7
7969,Taylorshift,argent-dawn,1050,druid,balance,18,11,7
7970,Gajani,stormscale,1050,druid,balance,18,11,7
7971,Aimwaré,ravencrest,1050,druid,balance,24,11,13
7972,Puppen,alakir,1049,druid,balance,18,11,7
7973,Zhyra,arathor,1049,druid,balance,18,11,7
7974,Soguu,thrall,1049,druid,balance,18,11,7
7975,Drugnag,blackmoore,1049,druid,balance,18,11,7
7976,Orazien,ravencrest,1049,druid,balance,18,11,7
7977,Skyphi,silvermoon,1048,druid,balance,18,11,7
7978,Tongá,draenor,1048,druid,balance,24,11,13
7979,Tulleku,azjolnerub,1047,druid,balance,21,12,9
7980,Nefariz,dun-modr,1047,druid,balance,24,11,13
7981,Alterejuv,ravencrest,1047,druid,balance,30,11,19
7982,Smashella,pozzo-delleternità,1046,druid,balance,18,11,7
7983,Hengst,laughing-skull,1046,druid,balance,24,11,13
7984,Tchoubouléru,throkferoth,1045,druid,balance,36,13,23
7985,Rorugo,sanguino,1044,druid,balance,18,11,7
7986,Wainl,hyjal,1044,druid,balance,24,11,13
7987,Høtbøx,aegwynn,1044,druid,balance,33,11,22
7988,Мутаборец,howling-fjord,1043,druid,balance,32,18,14
7989,Adoodo,argent-dawn,1041,druid,balance,29,16,13
7990,Ðelnôs,destromath,1041,druid,balance,24,11,13
7991,Elmunia,ravencrest,1041,druid,balance,35,16,19
7992,Månljuset,outland,1035,druid,balance,18,11,7
7993,Hárty,tarren-mill,1035,druid,balance,24,11,13
7994,Sabresheep,twisting-nether,1034,druid,balance,30,11,19
7995,Anerol,arthas,1031,druid,balance,36,19,17
7996,Diepauline,aegwynn,1030,druid,balance,42,22,20
7997,Iamramen,blackmoore,1030,druid,balance,60,20,40
7998,Dudukush,eredar,1029,druid,balance,43,19,24
7999,Ronî,arthas,1028,druid,balance,30,11,19
8000,Théodên,dalaran,1027,druid,balance,164,82,82
8001,Вёкс,howling-fjord,1023,druid,balance,14,12,2
8002,Fx,mazrigos,1018,druid,balance,17,11,6
8003,Makoes,tarren-mill,1018,druid,balance,20,12,8
8004,Nightingalee,stormscale,1018,druid,balance,30,12,18
8005,Ambracer,silvermoon,1016,druid,balance,29,12,17
8006,Bearhugzz,outland,1013,druid,balance,167,84,83
8007,Bullmarkets,kazzak,1013,druid,balance,24,12,12
8008,Лякокля,soulflayer,1013,druid,balance,30,12,18
8009,Terrays,the-maelstrom,1008,druid,balance,12,11,1
8010,Yolobolo,ragnaros,1007,druid,balance,17,11,6
8011,Semiflora,silvermoon,993,druid,balance,24,12,12
8012,Yugene,dun-modr,991,druid,balance,20,11,9
8013,Darisom,alexstrasza,989,druid,balance,191,100,91
8014,Starcat,defias-brotherhood,988,druid,balance,20,11,9
8015,Skvll,silvermoon,987,druid,balance,26,11,15
8016,Two,silvermoon,982,druid,balance,48,20,28
8017,Bulvai,medivh,979,druid,balance,14,11,3
8018,Notsikaan,blackhand,975,druid,balance,25,11,14
8019,Moonleaf,burning-steppes,960,druid,balance,12,10,2
8020,Nàaz,stormscale,960,druid,balance,12,10,2
8021,Lacÿn,twisting-nether,960,druid,balance,12,10,2
8022,Boomco,stormscale,960,druid,balance,12,10,2
8023,Ноунэймбич,blackscar,960,druid,balance,12,10,2
8024,Klßa,grim-batol,960,druid,balance,12,10,2
8025,Nätsügødxqt,archimonde,960,druid,balance,12,10,2
8026,Djfukface,ravencrest,960,druid,balance,18,10,8
8027,Blackdrd,archimonde,960,druid,balance,18,10,8
8028,Shapees,sylvanas,960,druid,balance,18,10,8
8029,Rofyx,twisting-nether,960,druid,balance,18,10,8
8030,Ðevilwhite,nemesis,960,druid,balance,24,10,14
8031,Eroxx,blackrock,960,druid,balance,24,10,14
8032,Feralisser,ravencrest,959,druid,balance,12,10,2
8033,Jerie,silvermoon,959,druid,balance,12,10,2
8034,Littlecok,blackmoore,959,druid,balance,18,10,8
8035,Stalkdro,elune,959,druid,balance,18,10,8
8036,Häggrä,dalaran,959,druid,balance,18,10,8
8037,Zarune,sanguino,959,druid,balance,18,10,8
8038,Sün,kazzak,959,druid,balance,18,10,8
8039,Kikïnøu,garona,959,druid,balance,18,10,8
8040,Ultrapoulet,archimonde,959,druid,balance,18,10,8
8041,Tiktokstar,blackrock,959,druid,balance,18,10,8
8042,Slâkkxz,kazzak,959,druid,balance,18,10,8
8043,Focusboomy,archimonde,959,druid,balance,18,10,8
8044,Luphrekfurry,ysondre,959,druid,balance,18,10,8
8045,Ayamiss,outland,959,druid,balance,18,10,8
8046,Thepuma,dun-modr,958,druid,balance,12,10,2
8047,Éatshiftndie,tarren-mill,958,druid,balance,18,10,8
8048,Nelíno,twisting-nether,958,druid,balance,18,10,8
8049,Barbielolz,archimonde,958,druid,balance,18,10,8
8050,Clone,aegwynn,958,druid,balance,18,10,8
8051,Pèps,dalaran,958,druid,balance,18,10,8
8052,Dèxò,blackmoore,958,druid,balance,18,10,8
8053,Auches,argent-dawn,958,druid,balance,24,10,14
8054,Élán,sylvanas,958,druid,balance,24,10,14
8055,Verenai,bloodfeather,957,druid,balance,12,10,2
8056,Джасэл,howling-fjord,957,druid,balance,12,10,2
8057,Coldleans,kazzak,957,druid,balance,12,10,2
8058,Albás,kazzak,957,druid,balance,12,10,2
8059,Gbq,ravencrest,957,druid,balance,18,10,8
8060,Sajlol,doomhammer,955,druid,balance,18,10,8
8061,Feral,mazrigos,955,druid,balance,18,10,8
8062,Toondog,doomhammer,954,druid,balance,18,10,8
8063,Медведяра,howling-fjord,954,druid,balance,84,38,46
8064,Trollskee,draenor,953,druid,balance,18,10,8
8065,Zac,quelthalas,953,druid,balance,18,10,8
8066,Ciaolol,ragnaros,953,druid,balance,18,10,8
8067,Bolskigg,stormreaver,953,druid,balance,24,10,14
8068,Оудин,blackscar,952,druid,balance,18,10,8
8069,Kaspurr,ravencrest,951,druid,balance,12,10,2
8070,Hypnosoad,outland,951,druid,balance,24,10,14
8071,Yeahbuddeh,draenor,951,druid,balance,28,11,17
8072,Видди,soulflayer,947,druid,balance,24,10,14
8073,Yepnesse,khaz-modan,946,druid,balance,18,10,8
8074,Duhdudu,thrall,944,druid,balance,18,10,8
8075,Metamorfurio,arthas,939,druid,balance,24,11,13
8076,Mâéviss,ysondre,936,druid,balance,36,10,26
8077,Resthunor,draenor,935,druid,balance,18,10,8
8078,Máximus,blades-edge,934,druid,balance,60,20,40
8079,Naone,silvermoon,929,druid,balance,24,10,14
8080,Kotomer,defias-brotherhood,926,druid,balance,108,38,70
8081,Calistane,silvermoon,926,druid,balance,69,24,45
8082,Numberonebs,silvermoon,925,druid,balance,17,10,7
8083,Zindaya,blades-edge,918,druid,balance,20,11,9
8084,Saxondale,aszune,918,druid,balance,30,14,16
8085,Cöyote,hyjal,916,druid,balance,54,28,26
8086,Суггуторр,howling-fjord,909,druid,balance,87,42,45
8087,Trickpotato,terrordar,908,druid,balance,24,10,14
8088,Mushröøms,nemesis,904,druid,balance,27,13,14
8089,Darkillaa,anetheron,902,druid,balance,23,10,13
8090,Древнина,gordunni,901,druid,balance,21,10,11
8091,Flume,chromaggus,896,druid,balance,24,10,14
8092,Dao,aegwynn,893,druid,balance,20,10,10
8093,Smexim,dalaran,876,druid,balance,49,26,23
8094,Aastal,uldaman,876,druid,balance,25,10,15
8095,Yaendra,dun-modr,875,druid,balance,27,11,16
8096,Aggibääm,blackhand,868,druid,balance,24,12,12
8097,Bakkú,ravencrest,864,druid,balance,12,9,3
8098,Flopparider,ravencrest,864,druid,balance,12,9,3
8099,Yshára,darkmoon-faire,864,druid,balance,12,9,3
8100,Kissachtak,blackrock,864,druid,balance,12,9,3
8101,Kuraina,the-maelstrom,864,druid,balance,12,9,3
8102,Claynoe,blackmoore,864,druid,balance,15,10,5
8103,Cowxoxo,twisting-nether,864,druid,balance,18,9,9
8104,Sifferx,stormscale,864,druid,balance,18,9,9
8105,Tronchetto,nemesis,864,druid,balance,24,9,15
8106,Lakersinfive,argent-dawn,863,druid,balance,12,9,3
8107,Merq,ravencrest,863,druid,balance,12,9,3
8108,Aolynk,twisting-nether,863,druid,balance,12,9,3
8109,Pezuñera,sanguino,863,druid,balance,12,9,3
8110,Borticow,sanguino,863,druid,balance,12,9,3
8111,Jengá,nagrand,863,druid,balance,12,9,3
8112,Xalio,ravencrest,863,druid,balance,18,9,9
8113,Lockied,eredar,863,druid,balance,18,9,9
8114,Fâucon,eitrigg,863,druid,balance,18,9,9
8115,Damagebot,tarren-mill,863,druid,balance,18,9,9
8116,Empi,sanguino,863,druid,balance,18,9,9
8117,Croquetoro,sanguino,863,druid,balance,18,9,9
8118,Redyogurt,outland,863,druid,balance,24,9,15
8119,Malolepszy,burning-legion,863,druid,balance,24,9,15
8120,Bxxmkin,draenor,862,druid,balance,12,9,3
8121,Qocotte,archimonde,862,druid,balance,18,9,9
8122,Metaboss,ravencrest,862,druid,balance,18,9,9
8123,Ábomínatíon,draenor,862,druid,balance,18,9,9
8124,Jabbah,defias-brotherhood,862,druid,balance,18,9,9
8125,Angharradh,arthas,862,druid,balance,18,9,9
8126,Oxe,malganis,861,druid,balance,12,9,3
8127,Quza,lightbringer,861,druid,balance,18,9,9
8128,Noctilus,steamwheedle-cartel,861,druid,balance,18,9,9
8129,Wombati,blackrock,861,druid,balance,24,9,15
8130,Spoco,defias-brotherhood,860,druid,balance,18,9,9
8131,Drocos,genjuros,860,druid,balance,18,9,9
8132,Rumjin,burning-blade,859,druid,balance,18,9,9
8133,Corias,blackmoore,859,druid,balance,36,9,27
8134,Pelagius,ravencrest,858,druid,balance,12,9,3
8135,Grizzlyhills,silvermoon,856,druid,balance,12,9,3
8136,Taskingoman,twisting-nether,856,druid,balance,18,9,9
8137,Lunably,silvermoon,855,druid,balance,18,9,9
8138,Freshener,antonidas,854,druid,balance,20,10,10
8139,Fejgi,stormreaver,854,druid,balance,18,9,9
8140,Erbaiolo,pozzo-delleternità,852,druid,balance,12,9,3
8141,Tombenuit,tarren-mill,843,druid,balance,18,9,9
8142,Rockymarci,dalaran,840,druid,balance,12,9,3
8143,Sethdr,hyjal,840,druid,balance,23,11,12
8144,Katharo,kult-der-verdammten,839,druid,balance,36,9,27
8145,Tarâkings,outland,832,druid,balance,18,9,9
8146,Сомеваск,deathweaver,830,druid,balance,23,9,14
8147,Eikthyrson,alleria,829,druid,balance,16,10,6
8148,Пушистаялапа,blackscar,824,druid,balance,16,10,6
8149,Yungtrappy,stormscale,815,druid,balance,15,10,5
8150,Tôrmêñtêd,outland,815,druid,balance,17,9,8
8151,Ishaqu,bladefist,815,druid,balance,23,9,14
8152,Nuggetspøwa,dalaran,814,druid,balance,17,9,8
8153,Sháko,dun-modr,807,druid,balance,24,10,14
8154,Kucsmagoomba,ragnaros,800,druid,balance,73,28,45
8155,Ashirae,drakthul,798,druid,balance,14,9,5
8156,Fréki,ravenholdt,791,druid,balance,20,9,11
8157,Rungohar,stormscale,791,druid,balance,28,9,19
8158,Kakaiy,shadowsong,784,druid,balance,96,43,53
8159,Покекек,lich-king,784,druid,balance,22,9,13
8160,Yiriy,baelgun,768,druid,balance,12,8,4
8161,Positivity,stormscale,768,druid,balance,12,8,4
8162,Bigbrrd,outland,768,druid,balance,12,8,4
8163,Kissaey,emeriss,768,druid,balance,12,8,4
8164,Curzex,blackmoore,768,druid,balance,12,8,4
8165,Ðíør,ravencrest,768,druid,balance,12,8,4
8166,Gsix,blackrock,768,druid,balance,12,8,4
8167,Cryspie,garona,768,druid,balance,12,8,4
8168,Everdreamx,arathor,768,druid,balance,12,8,4
8169,Felicìty,draenor,768,druid,balance,12,8,4
8170,Jónahfalcon,draenor,768,druid,balance,12,8,4
8171,Soofiaa,ravencrest,768,druid,balance,12,8,4
8172,Rifthy,nemesis,768,druid,balance,12,8,4
8173,Jometatile,hyjal,768,druid,balance,12,8,4
8174,Bignunu,silvermoon,768,druid,balance,12,8,4
8175,Treeswinger,twisting-nether,768,druid,balance,12,8,4
8176,Ethiqd,aegwynn,768,druid,balance,12,8,4
8177,Pjuske,silvermoon,768,druid,balance,12,8,4
8178,Meillaeth,sylvanas,768,druid,balance,12,8,4
8179,Barneycatz,tarren-mill,768,druid,balance,12,8,4
8180,Клыкояр,goldrinn,768,druid,balance,12,8,4
8181,Emochicken,silvermoon,768,druid,balance,15,9,6
8182,Superpoulet,archimonde,768,druid,balance,18,8,10
8183,Commonsense,kazzak,768,druid,balance,18,8,10
8184,Réhagen,archimonde,768,druid,balance,18,8,10
8185,Cioban,ravencrest,768,druid,balance,18,8,10
8186,Epicplays,sylvanas,768,druid,balance,18,8,10
8187,Boompjeh,chamber-of-aspects,768,druid,balance,18,8,10
8188,Sebikboomie,ravencrest,767,druid,balance,12,8,4
8189,Xtremeterror,blackmoore,767,druid,balance,12,8,4
8190,Древогрут,howling-fjord,767,druid,balance,12,8,4
8191,Kheleñ,blackrock,767,druid,balance,14,8,6
8192,Loswochos,blackmoore,767,druid,balance,18,8,10
8193,Endoplazmik,silvermoon,767,druid,balance,18,8,10
8194,Bigsmoké,die-aldor,767,druid,balance,18,8,10
8195,Bogahcan,twisting-nether,767,druid,balance,18,8,10
8196,Царапкатян,gordunni,767,druid,balance,18,8,10
8197,Arydan,quelthalas,767,druid,balance,18,8,10
8198,Ilovehannah,laughing-skull,767,druid,balance,18,8,10
8199,Hugepepega,ravencrest,767,druid,balance,18,8,10
8200,Schebäb,blackhand,767,druid,balance,24,8,16
8201,Drazefin,twisting-nether,767,druid,balance,24,8,16
8202,Srkameltouss,sanguino,766,druid,balance,12,8,4
8203,Humanoidpt,aggra-português,766,druid,balance,12,8,4
8204,Irithel,ravencrest,766,druid,balance,12,8,4
8205,Stormspirit,hellscream,766,druid,balance,12,8,4
8206,Benzinoid,silvermoon,766,druid,balance,12,8,4
8207,Vandalís,garrosh,766,druid,balance,12,8,4
8208,Obois,archimonde,766,druid,balance,18,8,10
8209,Lendron,malygos,766,druid,balance,23,8,15
8210,Pansarbamse,outland,766,druid,balance,25,8,17
8211,Rât,blackmoore,765,druid,balance,12,8,4
8212,Darthiud,outland,765,druid,balance,12,8,4
8213,When,kirin-tor,765,druid,balance,18,8,10
8214,Arenshimoon,kazzak,765,druid,balance,18,8,10
8215,Machie,argent-dawn,765,druid,balance,18,8,10
8216,Zaratras,arathor,765,druid,balance,18,8,10
8217,Губкобоб,galakrond,765,druid,balance,22,8,14
8218,Бсуза,soulflayer,765,druid,balance,24,8,16
8219,Mongobongo,onyxia,764,druid,balance,12,8,4
8220,Lonedrood,blackrock,764,druid,balance,18,8,10
8221,Dwaokut,ravencrest,763,druid,balance,12,8,4
8222,Druice,tyrande,763,druid,balance,12,8,4
8223,Cobradrood,culte-de-la-rive-noire,763,druid,balance,18,8,10
8224,Anchoring,argent-dawn,763,druid,balance,22,9,13
8225,Nolak,frostwolf,763,druid,balance,24,8,16
8226,Vigôuróuz,blackmoore,762,druid,balance,12,8,4
8227,Sároman,ravencrest,761,druid,balance,24,8,16
8228,Lothadriel,sylvanas,760,druid,balance,18,8,10
8229,Celebras,chogall,756,druid,balance,12,8,4
8230,Putzé,blackrock,749,druid,balance,20,8,12
8231,Fakers,the-maelstrom,747,druid,balance,12,8,4
8232,Ратататата,blackscar,734,druid,balance,14,9,5
8233,Vaea,hyjal,731,druid,balance,26,9,17
8234,Laylie,aegwynn,719,druid,balance,17,8,9
8235,Maw,hellfire,717,druid,balance,11,8,3
8236,Cörelly,ravencrest,715,druid,balance,15,9,6
8237,Elpresidénté,blackmoore,713,druid,balance,12,9,3
8238,Flippy,blackmoore,710,druid,balance,26,9,17
8239,Gløbal,antonidas,703,druid,balance,10,8,2
8240,Ohpfo,outland,703,druid,balance,11,8,3
8241,Durtidikdave,kazzak,703,druid,balance,17,8,9
8242,Rønièl,tarren-mill,702,druid,balance,11,8,3
8243,Papalegba,kilrogg,700,druid,balance,14,8,6
8244,Lörex,ravencrest,687,druid,balance,13,8,5
8245,Cotangens,tarren-mill,672,druid,balance,12,7,5
8246,Tease,blackrock,672,druid,balance,12,7,5
8247,Locite,blackrock,672,druid,balance,12,7,5
8248,Ахаххаха,howling-fjord,672,druid,balance,12,7,5
8249,Surlax,defias-brotherhood,672,druid,balance,12,7,5
8250,Glúingél,tarren-mill,672,druid,balance,12,7,5
8251,Twerkdabooty,azjolnerub,672,druid,balance,12,7,5
8252,Wísh,stormscale,672,druid,balance,12,7,5
8253,Pumpingurass,twisting-nether,672,druid,balance,12,7,5
8254,Sitruu,zenedar,672,druid,balance,12,7,5
8255,Krosanx,outland,672,druid,balance,12,7,5
8256,Аррерон,howling-fjord,672,druid,balance,12,7,5
8257,Yseraheal,drakthul,672,druid,balance,12,7,5
8258,Формен,howling-fjord,672,druid,balance,12,7,5
8259,Mythiaran,argent-dawn,672,druid,balance,12,7,5
8260,Deeizm,ravencrest,672,druid,balance,12,7,5
8261,Noggelicious,ragnaros,672,druid,balance,12,7,5
8262,Sweedrood,hyjal,672,druid,balance,12,7,5
8263,Qyoon,argent-dawn,672,druid,balance,12,7,5
8264,Harrydòtter,eredar,672,druid,balance,12,7,5
8265,Kosadoodoo,sylvanas,672,druid,balance,12,7,5
8266,Mommymìlkers,archimonde,672,druid,balance,12,7,5
8267,Delarion,nemesis,672,druid,balance,12,7,5
8268,Hajlol,sylvanas,672,druid,balance,12,7,5
8269,Trønchetto,nemesis,672,druid,balance,12,7,5
8270,Thornat,chamber-of-aspects,672,druid,balance,12,7,5
8271,Трусырвущая,gordunni,672,druid,balance,12,7,5
8272,Därgon,archimonde,672,druid,balance,12,7,5
8273,Амераки,blackscar,672,druid,balance,12,7,5
8274,Pansaa,stormscale,672,druid,balance,15,8,7
8275,Nyenna,twilights-hammer,672,druid,balance,16,8,8
8276,Drudd,hellscream,672,druid,balance,18,7,11
8277,Solgarna,saurfang,672,druid,balance,18,7,11
8278,Lilim,culte-de-la-rive-noire,672,druid,balance,18,7,11
8279,Quellwell,outland,672,druid,balance,18,7,11
8280,Ravenfang,dun-modr,672,druid,balance,18,7,11
8281,Lifty,dun-modr,672,druid,balance,18,7,11
8282,Avimoo,tarren-mill,672,druid,balance,18,7,11
8283,Shreddít,tarren-mill,672,druid,balance,24,7,17
8284,Alexuwu,draenor,671,druid,balance,12,7,5
8285,Лидир,blackscar,671,druid,balance,12,7,5
8286,Halfback,blackhand,671,druid,balance,12,7,5
8287,Asura,nozdormu,671,druid,balance,12,7,5
8288,Maruuk,argent-dawn,671,druid,balance,12,7,5
8289,Rikayn,tarren-mill,671,druid,balance,12,7,5
8290,Найадра,gordunni,671,druid,balance,12,7,5
8291,Felfran,ravencrest,671,druid,balance,18,7,11
8292,Legevakten,grim-batol,671,druid,balance,18,7,11
8293,Ipsdray,ysondre,671,druid,balance,18,7,11
8294,Malaprljavca,kazzak,671,druid,balance,18,7,11
8295,Thunderzeus,mazrigos,671,druid,balance,18,7,11
8296,Fesenjon,blackhand,671,druid,balance,18,7,11
8297,Yunød,silvermoon,671,druid,balance,18,7,11
8298,Släshes,stormreaver,670,druid,balance,12,7,5
8299,Teldrastion,silvermoon,670,druid,balance,24,7,17
8300,Thyanya,blackmoore,668,druid,balance,18,7,11
8301,Feraligator,sanguino,667,druid,balance,24,7,17
8302,Thrynitie,les-sentinelles,663,druid,balance,12,7,5
8303,Nightshape,kragjin,661,druid,balance,18,7,11
8304,Qra,area-52,660,druid,balance,12,7,5
8305,Kawaíï,frostwolf,659,druid,balance,26,10,16
8306,Iskaarjx,archimonde,654,druid,balance,17,7,10
8307,Abadar,tarren-mill,638,druid,balance,14,8,6
8308,Athenã,blackmoore,633,druid,balance,23,7,16
8309,Ånåphorå,archimonde,624,druid,balance,15,7,8
8310,Bagginston,nazjatar,623,druid,balance,14,8,6
8311,Utiniutini,thrall,623,druid,balance,15,7,8
8312,Nille,tarren-mill,617,druid,balance,14,8,6
8313,Blazek,sylvanas,617,druid,balance,14,8,6
8314,Kidawi,frostwolf,617,druid,balance,16,8,8
8315,Kamatea,eredar,607,druid,balance,11,7,4
8316,Mehgyver,ravencrest,607,druid,balance,14,7,7
8317,Bubidiblumdr,twisting-nether,605,druid,balance,16,7,9
8318,Melábufes,dun-modr,592,druid,balance,13,7,6
8319,Rtfz,ravencrest,591,druid,balance,13,7,6
8320,Zamans,silvermoon,576,druid,balance,6,6,0
8321,Hideinbushh,ravencrest,576,druid,balance,6,6,0
8322,Ухухуня,gordunni,576,druid,balance,6,6,0
8323,Admeliora,ravencrest,576,druid,balance,6,6,0
8324,Qpoof,sylvanas,576,druid,balance,6,6,0
8325,Doublesunday,thrall,576,druid,balance,9,7,2
8326,Valoruk,ravencrest,576,druid,balance,12,6,6
8327,Forthis,frostmane,576,druid,balance,12,6,6
8328,Knozylg,kazzak,576,druid,balance,12,6,6
8329,Metzarqq,stormscale,576,druid,balance,12,6,6
8330,Лунныйфилин,deathguard,576,druid,balance,12,6,6
8331,Dyuuna,hyjal,576,druid,balance,12,6,6
8332,Wrx,sylvanas,576,druid,balance,12,6,6
8333,Зулкхаку,soulflayer,576,druid,balance,12,6,6
8334,Diolives,stormscale,576,druid,balance,12,6,6
8335,Nancey,auchindoun,576,druid,balance,12,6,6
8336,Kamenká,aegwynn,576,druid,balance,12,6,6
8337,Póllen,magtheridon,576,druid,balance,12,6,6
8338,Thefudge,silvermoon,576,druid,balance,12,6,6
8339,Crittler,forscherliga,576,druid,balance,12,6,6
8340,Seraxi,der-mithrilorden,576,druid,balance,12,6,6
8341,Quinten,ulduar,576,druid,balance,12,6,6
8342,Raízun,blackmoore,576,druid,balance,12,6,6
8343,Wîzzp,magtheridon,576,druid,balance,12,6,6
8344,Lunarveil,draenor,576,druid,balance,12,6,6
8345,Lushe,kazzak,576,druid,balance,12,6,6
8346,Teryx,blackmoore,576,druid,balance,12,6,6
8347,Vongihkuhher,blackmoore,576,druid,balance,12,6,6
8348,Sarkophag,blackrock,576,druid,balance,12,6,6
8349,Kahar,eredar,576,druid,balance,12,6,6
8350,Pælter,draenor,576,druid,balance,12,6,6
8351,Боблерсс,gordunni,576,druid,balance,12,6,6
8352,Islandbôy,blackrock,576,druid,balance,12,6,6
8353,Fishanchips,archimonde,576,druid,balance,12,6,6
8354,Pataleaqtp,sanguino,576,druid,balance,12,6,6
8355,Naturexbot,silvermoon,576,druid,balance,12,6,6
8356,Inbml,silvermoon,576,druid,balance,12,6,6
8357,Salvaga,outland,576,druid,balance,12,6,6
8358,Vedee,tarren-mill,576,druid,balance,12,6,6
8359,Mentaldead,tarren-mill,576,druid,balance,12,6,6
8360,Мунпраид,gordunni,576,druid,balance,12,6,6
8361,Téddý,tarren-mill,576,druid,balance,12,6,6
8362,Schneelol,outland,576,druid,balance,12,6,6
8363,Talressian,argent-dawn,576,druid,balance,12,6,6
8364,Layle,argent-dawn,576,druid,balance,12,6,6
8365,Кеорл,gordunni,576,druid,balance,12,6,6
8366,Degnosaur,outland,576,druid,balance,12,6,6
8367,Shoca,die-ewige-wacht,576,druid,balance,12,6,6
8368,Bane,dun-modr,576,druid,balance,12,6,6
8369,Smedoge,outland,576,druid,balance,18,6,12
8370,Axrae,ravencrest,576,druid,balance,18,6,12
8371,Disney,ragnaros,576,druid,balance,18,6,12
8372,Doncaino,amanthul,576,druid,balance,18,6,12
8373,Çãm,magtheridon,575,druid,balance,12,6,6
8374,Helguard,silvermoon,575,druid,balance,12,6,6
8375,Natoro,outland,575,druid,balance,12,6,6
8376,Praythysun,khaz-modan,575,druid,balance,12,6,6
8377,Òniz,hyjal,575,druid,balance,12,6,6
8378,Raxona,blackmoore,575,druid,balance,12,6,6
8379,Graffyrre,eonar,575,druid,balance,12,6,6
8380,Tekal,vashj,575,druid,balance,12,6,6
8381,Лицеторг,howling-fjord,575,druid,balance,12,6,6
8382,Litany,drakthul,575,druid,balance,12,6,6
8383,Дайдорогу,blackscar,575,druid,balance,12,6,6
8384,Gruvkatt,stormscale,575,druid,balance,12,6,6
8385,Barkskin,grim-batol,575,druid,balance,15,6,9
8386,Shag,archimonde,575,druid,balance,18,6,12
8387,Аматэррасу,blackscar,575,druid,balance,18,6,12
8388,Дарзамат,blackscar,575,druid,balance,18,6,12
8389,Robinchwän,archimonde,575,druid,balance,18,6,12
8390,Moonsama,twisting-nether,575,druid,balance,18,6,12
8391,Aimïn,sanguino,575,druid,balance,18,6,12
8392,Wardruíd,outland,575,druid,balance,24,6,18
8393,Lúthiëñ,silvermoon,575,druid,balance,24,6,18
8394,Derie,nazjatar,574,druid,balance,12,6,6
8395,Momaa,neptulon,574,druid,balance,12,6,6
8396,Raciness,grim-batol,574,druid,balance,12,6,6
8397,Shainá,dun-modr,574,druid,balance,12,6,6
8398,Тиликум,goldrinn,574,druid,balance,12,6,6
8399,Tyreek,eredar,574,druid,balance,16,7,9
8400,Жекакотик,eversong,574,druid,balance,24,6,18
8401,Kittasek,drakthul,572,druid,balance,12,6,6
8402,Tarantinonon,kazzak,572,druid,balance,18,6,12
8403,Keltaris,dun-modr,565,druid,balance,12,6,6
8404,Delfin,aerie-peak,563,druid,balance,21,7,14
8405,Thaiboimbyy,veknilash,558,druid,balance,29,10,19
8406,Ellüna,ravencrest,543,druid,balance,14,7,7
8407,Duwaz,blackmoore,543,druid,balance,14,7,7
8408,Ancientix,burning-legion,543,druid,balance,17,6,11
8409,Blamer,thrall,527,druid,balance,11,6,5
8410,Lyøñ,dun-modr,527,druid,balance,11,6,5
8411,Humizon,silvermoon,522,druid,balance,15,7,8
8412,Opathecool,bladefist,511,druid,balance,11,6,5
8413,Fotmrerollér,darksorrow,510,druid,balance,8,6,2
8414,Фэк,eversong,509,druid,balance,10,6,4
8415,Mlyzioz,ahnqiraj,507,druid,balance,16,6,10
8416,Хлайси,gordunni,480,druid,balance,6,5,1
8417,Wizår,outland,480,druid,balance,6,5,1
8418,Sleepz,blackrock,480,druid,balance,6,5,1
8419,Füllxtrap,hyjal,480,druid,balance,6,5,1
8420,Freefang,dun-modr,480,druid,balance,6,5,1
8421,Cowieowie,draenor,480,druid,balance,6,5,1
8422,Опущеныйкелх,gordunni,480,druid,balance,6,5,1
8423,Eñzo,stormscale,480,druid,balance,6,5,1
8424,Ferdiboo,draenor,480,druid,balance,6,5,1
8425,Corkiri,tarren-mill,480,druid,balance,6,5,1
8426,Murdok,suramar,480,druid,balance,6,5,1
8427,Huayhey,the-maelstrom,480,druid,balance,6,5,1
8428,Tåylor,laughing-skull,480,druid,balance,6,5,1
8429,Súçúkbøømíe,aegwynn,480,druid,balance,6,5,1
8430,Brbrøyk,tarren-mill,480,druid,balance,6,5,1
8431,Boomdruud,tarren-mill,480,druid,balance,6,5,1
8432,Clawlessqtx,outland,480,druid,balance,6,5,1
8433,Nixhot,blackmoore,480,druid,balance,6,5,1
8434,Tshungubuäch,eredar,480,druid,balance,6,5,1
8435,Corkiy,tarren-mill,480,druid,balance,6,5,1
8436,Stkk,sanguino,480,druid,balance,6,5,1
8437,Smølboi,ravencrest,480,druid,balance,6,5,1
8438,Boomytunes,silvermoon,480,druid,balance,6,5,1
8439,Svartvit,sylvanas,480,druid,balance,6,5,1
8440,Papacarlo,ravencrest,480,druid,balance,6,5,1
8441,Pinkpanda,arthas,480,druid,balance,6,5,1
8442,Bighike,drakthul,480,druid,balance,6,5,1
8443,Hashtagone,ysondre,480,druid,balance,6,5,1
8444,Smøkyyd,eredar,480,druid,balance,6,5,1
8445,Fapmasterx,eredar,480,druid,balance,6,5,1
8446,Xhifty,ravencrest,480,druid,balance,6,5,1
8447,Ischumekcid,anubarak,480,druid,balance,9,6,3
8448,Goated,stormscale,480,druid,balance,12,5,7
8449,Balanced,blackhand,480,druid,balance,12,5,7
8450,Grîsh,burning-legion,480,druid,balance,12,5,7
8451,Liiandri,khaz-modan,480,druid,balance,12,5,7
8452,Zomgcow,twisting-nether,480,druid,balance,12,5,7
8453,Còwgummi,blackhand,480,druid,balance,12,5,7
8454,Robsondruid,twisting-nether,480,druid,balance,12,5,7
8455,Quisp,ravencrest,480,druid,balance,12,5,7
8456,Lifecycle,nemesis,480,druid,balance,12,5,7
8457,Angrykejton,silvermoon,480,druid,balance,12,5,7
8458,Hairydøtter,aegwynn,480,druid,balance,12,5,7
8459,Polymorphler,theradras,480,druid,balance,12,5,7
8460,Elrandir,tarren-mill,480,druid,balance,12,5,7
8461,Zephris,grim-batol,480,druid,balance,12,5,7
8462,Pròtodrù,twisting-nether,480,druid,balance,12,5,7
8463,Bafere,twisting-nether,480,druid,balance,12,5,7
8464,Naturina,shattered-hand,480,druid,balance,12,5,7
8465,Blueedood,twisting-nether,480,druid,balance,12,5,7
8466,Shreddies,the-maelstrom,480,druid,balance,12,5,7
8467,Acwi,dun-morogh,480,druid,balance,12,5,7
8468,Duckiethotx,twisting-nether,480,druid,balance,12,5,7
8469,Siajin,frostwolf,480,druid,balance,12,5,7
8470,Doup,alakir,480,druid,balance,12,5,7
8471,Elayria,blackmoore,480,druid,balance,12,5,7
8472,Phala,outland,480,druid,balance,12,5,7
8473,Quin,frostwolf,480,druid,balance,12,5,7
8474,Mîraculix,dun-morogh,480,druid,balance,12,5,7
8475,Yadon,the-maelstrom,480,druid,balance,12,5,7
8476,Димадубощит,blackscar,480,druid,balance,12,5,7
8477,Fofosdru,kazzak,480,druid,balance,12,5,7
8478,Variolus,dun-modr,480,druid,balance,12,5,7
8479,Shawkz,kazzak,480,druid,balance,12,5,7
8480,Phanÿ,garona,480,druid,balance,12,5,7
8481,Kovalawa,archimonde,480,druid,balance,12,5,7
8482,Tomixdd,stormrage,480,druid,balance,12,5,7
8483,Zebår,runetotem,480,druid,balance,12,5,7
8484,Yabbah,blackrock,480,druid,balance,12,5,7
8485,Флексим,soulflayer,480,druid,balance,12,5,7
8486,Eýesburn,silvermoon,480,druid,balance,12,5,7
8487,Brunogösta,aerie-peak,480,druid,balance,12,5,7
8488,Snoxy,wrathbringer,480,druid,balance,12,5,7
8489,Лолэтохег,soulflayer,480,druid,balance,12,5,7
8490,Vodibull,aegwynn,480,druid,balance,15,6,9
8491,Qïx,outland,480,druid,balance,15,6,9
8492,Lemonjohn,outland,480,druid,balance,14,5,9
8493,Aloraysoda,doomhammer,480,druid,balance,18,5,13
8494,Этъя,borean-tundra,480,druid,balance,18,5,13
8495,Polimorphism,tarren-mill,480,druid,balance,18,5,13
8496,Máilo,aegwynn,480,druid,balance,18,5,13
8497,Lootmann,die-silberne-hand,479,druid,balance,6,5,1
8498,Xaeia,aegwynn,479,druid,balance,6,5,1
8499,Betol,das-konsortium,479,druid,balance,12,5,7
8500,Fiberpäls,magtheridon,479,druid,balance,12,5,7
8501,Biologie,onyxia,479,druid,balance,12,5,7
8502,Larsia,nordrassil,479,druid,balance,12,5,7
8503,Forigiver,draenor,479,druid,balance,12,5,7
8504,Карантини,howling-fjord,479,druid,balance,15,6,9
8505,Músclébéach,silvermoon,479,druid,balance,18,5,13
8506,Тахикамару,blackscar,479,druid,balance,18,5,13
8507,Чепенкос,gordunni,478,druid,balance,12,5,7
8508,Lysende,arathor,478,druid,balance,12,5,7
8509,Барли,grom,478,druid,balance,16,6,10
8510,Druvian,argent-dawn,478,druid,balance,24,5,19
8511,Zenkay,naxxramas,476,druid,balance,16,6,10
8512,Spellmáster,ravencrest,473,druid,balance,12,5,7
8513,Chouan,marécage-de-zangar,457,druid,balance,21,7,14
8514,Yawawe,blackmoore,447,druid,balance,11,5,6
8515,Foxîo,frostmane,415,druid,balance,8,5,3
8516,Pine,aggramar,415,druid,balance,8,5,3
8517,Amellian,silvermoon,384,druid,balance,6,4,2
8518,Wiligun,archimonde,384,druid,balance,6,4,2
8519,Mâlcøm,archimonde,384,druid,balance,6,4,2
8520,Daluria,malganis,384,druid,balance,6,4,2
8521,Jwifgodx,archimonde,384,druid,balance,6,4,2
8522,Zootxd,ravencrest,384,druid,balance,6,4,2
8523,Mylanqx,ragnaros,384,druid,balance,6,4,2
8524,Cpt,xavius,384,druid,balance,6,4,2
8525,Sunisan,stormscale,384,druid,balance,6,4,2
8526,Ezkatka,ravencrest,384,druid,balance,6,4,2
8527,Cmzdruidxdd,ravencrest,384,druid,balance,6,4,2
8528,Kattbjörnen,ragnaros,384,druid,balance,6,4,2
8529,Freshpussyz,ravencrest,384,druid,balance,6,4,2
8530,Bigbitez,kazzak,384,druid,balance,6,4,2
8531,Bildukas,ravencrest,384,druid,balance,6,4,2
8532,Fordragos,ravencrest,384,druid,balance,6,4,2
8533,Feign,blackmoore,384,druid,balance,6,4,2
8534,Dikc,twisting-nether,384,druid,balance,6,4,2
8535,Druikraut,silvermoon,384,druid,balance,6,4,2
8536,Skavenlol,zuljin,384,druid,balance,6,4,2
8537,Jeaylqt,archimonde,384,druid,balance,6,4,2
8538,Brucebruce,stormscale,384,druid,balance,6,4,2
8539,Ragingmilker,tarren-mill,384,druid,balance,6,4,2
8540,Freedonnad,alleria,384,druid,balance,6,4,2
8541,Wotahn,antonidas,384,druid,balance,6,4,2
8542,Seasexsune,antonidas,384,druid,balance,6,4,2
8543,Bearygrylls,sylvanas,384,druid,balance,6,4,2
8544,Petypeet,drakthul,384,druid,balance,6,4,2
8545,Nizrã,archimonde,384,druid,balance,6,4,2
8546,Астралъх,gordunni,384,druid,balance,6,4,2
8547,Lunor,kazzak,384,druid,balance,6,4,2
8548,Kkriss,stormscale,384,druid,balance,6,4,2
8549,Drufar,outland,384,druid,balance,6,4,2
8550,Aelins,twisting-nether,384,druid,balance,6,4,2
8551,Rugsul,kazzak,384,druid,balance,6,4,2
8552,Jp,eredar,384,druid,balance,6,4,2
8553,Mîrxy,outland,384,druid,balance,6,4,2
8554,Treebearded,agamaggan,384,druid,balance,6,4,2
8555,Vertabrain,twilights-hammer,384,druid,balance,6,4,2
8556,Womzas,blackhand,384,druid,balance,6,4,2
8557,Izzyb,draenor,384,druid,balance,6,4,2
8558,Inspira,teldrassil,384,druid,balance,6,4,2
8559,Caddan,argent-dawn,384,druid,balance,6,4,2
8560,Lolaven,turalyon,384,druid,balance,6,4,2
8561,Ekologiskxx,outland,384,druid,balance,6,4,2
8562,Noodledru,tarren-mill,384,druid,balance,6,4,2
8563,Xvmon,draenor,384,druid,balance,6,4,2
8564,Haarbál,tarren-mill,384,druid,balance,6,4,2
8565,Sakkrethd,hyjal,384,druid,balance,6,4,2
8566,Kasugia,aegwynn,384,druid,balance,6,4,2
8567,Rawr,dun-morogh,384,druid,balance,6,4,2
8568,Fzx,aegwynn,384,druid,balance,6,4,2
8569,Weremyst,outland,384,druid,balance,6,4,2
8570,Epidemic,argent-dawn,384,druid,balance,6,4,2
8571,Buikstuk,kilrogg,384,druid,balance,6,4,2
8572,Shiftmeow,tarren-mill,384,druid,balance,6,4,2
8573,Dermegon,outland,384,druid,balance,6,4,2
8574,Vrillox,blackmoore,384,druid,balance,9,5,4
8575,Adelsten,tarren-mill,384,druid,balance,9,5,4
8576,Euphoríax,ravencrest,384,druid,balance,10,5,5
8577,Фамай,howling-fjord,384,druid,balance,8,4,4
8578,Sixtyinches,burning-blade,384,druid,balance,12,4,8
8579,Kiggstar,blackmoore,384,druid,balance,12,4,8
8580,Boomlex,defias-brotherhood,384,druid,balance,12,4,8
8581,Astralbody,auchindoun,384,druid,balance,12,4,8
8582,Elainx,thrall,384,druid,balance,12,4,8
8583,Telära,argent-dawn,384,druid,balance,12,4,8
8584,Roxshifter,tarren-mill,384,druid,balance,12,4,8
8585,Allîyâ,archimonde,384,druid,balance,12,4,8
8586,Mauzicek,drakthul,384,druid,balance,12,4,8
8587,Druidytrudy,blackrock,384,druid,balance,12,4,8
8588,Tmhaikyu,blackhand,384,druid,balance,12,4,8
8589,Феразинария,gordunni,384,druid,balance,12,4,8
8590,Manimalia,kazzak,384,druid,balance,12,4,8
8591,Pathetik,archimonde,384,druid,balance,12,4,8
8592,Mazzawii,kazzak,384,druid,balance,12,4,8
8593,Veijari,deathwing,384,druid,balance,12,4,8
8594,Piiti,burning-legion,384,druid,balance,12,4,8
8595,Lorucka,die-nachtwache,384,druid,balance,12,4,8
8596,Astracat,korgall,384,druid,balance,12,4,8
8597,Màlàkaii,hyjal,384,druid,balance,12,4,8
8598,Meretrizx,kazzak,384,druid,balance,12,4,8
8599,Мукару,howling-fjord,384,druid,balance,12,4,8
8600,Fortuma,eredar,384,druid,balance,12,4,8
8601,Alanpapi,sanguino,384,druid,balance,12,4,8
8602,Tønychopper,sanguino,384,druid,balance,12,4,8
8603,Yee,twisting-nether,384,druid,balance,12,4,8
8604,Ibroninad,ragnaros,384,druid,balance,12,4,8
8605,Zeldaa,antonidas,384,druid,balance,14,4,10
8606,Wykked,outland,384,druid,balance,18,4,14
8607,Herten,tarren-mill,383,druid,balance,6,4,2
8608,Храмульчик,blackscar,383,druid,balance,6,4,2
8609,Котангис,eversong,383,druid,balance,6,4,2
8610,Mongwau,blackrock,383,druid,balance,6,4,2
8611,Fluke,thrall,383,druid,balance,11,4,7
8612,Ondope,blackmoore,383,druid,balance,12,4,8
8613,Summertearz,thrall,383,druid,balance,12,4,8
8614,Rústy,baelgun,383,druid,balance,12,4,8
8615,Moonpouk,archimonde,383,druid,balance,12,4,8
8616,Blablábla,silvermoon,383,druid,balance,12,4,8
8617,Катафей,deathguard,382,druid,balance,6,4,2
8618,Wuki,conseil-des-ombres,379,druid,balance,12,4,8
8619,Billybobb,dentarg,377,druid,balance,19,8,11
8620,Ráw,dun-modr,367,druid,balance,11,4,7
8621,Gôdzîllâ,silvermoon,352,druid,balance,10,4,6
8622,Blakemonster,khaz-modan,351,druid,balance,8,5,3
8623,Nightshaðe,argent-dawn,351,druid,balance,11,4,7
8624,Zybri,ragnaros,351,druid,balance,11,4,7
8625,Oaeb,stormscale,351,druid,balance,11,4,7
8626,Blownaway,outland,336,druid,balance,9,4,5
8627,Sketit,grim-batol,335,druid,balance,11,4,7
8628,Hilliax,sanguino,330,druid,balance,13,5,8
8629,Martinesämst,outland,320,druid,balance,10,4,6
8630,Eclipße,silvermoon,319,druid,balance,5,4,1
8631,Løsër,ravencrest,319,druid,balance,5,4,1
8632,Holyconvoke,stormscale,319,druid,balance,5,4,1
8633,Xqzmybleedz,onyxia,319,druid,balance,8,4,4
8634,Исканет,gordunni,288,druid,balance,6,3,3
8635,Hordepwnr,sylvanas,288,druid,balance,6,3,3
8636,Зонкс,gordunni,288,druid,balance,6,3,3
8637,Vyzir,stormscale,288,druid,balance,6,3,3
8638,Fayn,aggra-português,288,druid,balance,6,3,3
8639,Faqbàdi,twisting-nether,288,druid,balance,6,3,3
8640,Катяблум,gordunni,288,druid,balance,6,3,3
8641,Блиденг,gordunni,288,druid,balance,6,3,3
8642,Neincat,sylvanas,288,druid,balance,6,3,3
8643,Durlehardu,archimonde,288,druid,balance,6,3,3
8644,Maldrýn,stormscale,288,druid,balance,6,3,3
8645,Ullainho,stormscale,288,druid,balance,6,3,3
8646,Блэкфорест,gordunni,288,druid,balance,6,3,3
8647,Jubbs,laughing-skull,288,druid,balance,6,3,3
8648,Auden,arathor,288,druid,balance,6,3,3
8649,Tritit,marécage-de-zangar,288,druid,balance,6,3,3
8650,Framoin,archimonde,288,druid,balance,6,3,3
8651,Хоточник,gordunni,288,druid,balance,6,3,3
8652,Fishe,twisting-nether,288,druid,balance,6,3,3
8653,Bámbí,sylvanas,288,druid,balance,6,3,3
8654,Вооми,gordunni,288,druid,balance,6,3,3
8655,Блинчек,gordunni,288,druid,balance,6,3,3
8656,Dabulla,kazzak,288,druid,balance,6,3,3
8657,Néøu,archimonde,288,druid,balance,6,3,3
8658,Druidat,kazzak,288,druid,balance,6,3,3
8659,Àyóorts,archimonde,288,druid,balance,6,3,3
8660,Måckïngsx,the-maelstrom,288,druid,balance,6,3,3
8661,Rêdx,archimonde,288,druid,balance,6,3,3
8662,Lærken,the-maelstrom,288,druid,balance,6,3,3
8663,Baubles,ghostlands,288,druid,balance,6,3,3
8664,Barbulloup,hyjal,288,druid,balance,6,3,3
8665,Ahylles,antonidas,288,druid,balance,6,3,3
8666,Nareeik,tarren-mill,288,druid,balance,6,3,3
8667,Lèthal,arakarahm,288,druid,balance,6,3,3
8668,Treksta,draenor,288,druid,balance,6,3,3
8669,Coogee,malganis,288,druid,balance,6,3,3
8670,Jac,blackhand,288,druid,balance,6,3,3
8671,Quinteness,silvermoon,288,druid,balance,6,3,3
8672,Phike,blackrock,288,druid,balance,6,3,3
8673,Cáptnmorgan,blackmoore,288,druid,balance,6,3,3
8674,Djclonebot,kazzak,288,druid,balance,6,3,3
8675,Prytek,turalyon,288,druid,balance,6,3,3
8676,Seey,thrall,288,druid,balance,6,3,3
8677,Blietmachine,ravencrest,288,druid,balance,6,3,3
8678,Testopöllö,ravencrest,288,druid,balance,6,3,3
8679,Pogoth,turalyon,288,druid,balance,6,3,3
8680,Sweqt,argent-dawn,288,druid,balance,6,3,3
8681,Ilus,outland,288,druid,balance,6,3,3
8682,Bäckey,silvermoon,288,druid,balance,6,3,3
8683,Nóque,ravencrest,288,druid,balance,6,3,3
8684,Veilath,tarren-mill,288,druid,balance,6,3,3
8685,Cursedmee,blackrock,288,druid,balance,6,3,3
8686,Rbg,dun-modr,288,druid,balance,6,3,3
8687,Motry,tarren-mill,288,druid,balance,6,3,3
8688,Eysnd,blackrock,288,druid,balance,6,3,3
8689,Ciwone,blackrock,288,druid,balance,6,3,3
8690,Yeats,blackmoore,288,druid,balance,6,3,3
8691,Sparkex,ravencrest,288,druid,balance,6,3,3
8692,Kooglaash,kazzak,288,druid,balance,6,3,3
8693,Knindza,tarren-mill,288,druid,balance,6,3,3
8694,Vodkavodkaa,tarren-mill,288,druid,balance,6,3,3
8695,Junglelist,antonidas,288,druid,balance,6,3,3
8696,Emeskay,ravencrest,288,druid,balance,6,3,3
8697,Cyclonejk,blackrock,288,druid,balance,6,3,3
8698,Shermi,eredar,288,druid,balance,6,3,3
8699,Irfrayl,antonidas,288,druid,balance,6,3,3
8700,Drester,blackrock,288,druid,balance,6,3,3
8701,Svantte,stormreaver,288,druid,balance,6,3,3
8702,Leslra,agamaggan,288,druid,balance,6,3,3
8703,Dinamitko,silvermoon,288,druid,balance,6,3,3
8704,Chøpzjr,blackrock,288,druid,balance,6,3,3
8705,Catgirlx,ravencrest,288,druid,balance,6,3,3
8706,Flower,aggramar,288,druid,balance,6,3,3
8707,Erelieva,silvermoon,288,druid,balance,6,3,3
8708,Jirenthegrey,antonidas,288,druid,balance,6,3,3
8709,Amakary,blackrock,288,druid,balance,6,3,3
8710,Zagrem,antonidas,288,druid,balance,6,3,3
8711,Hð,blackmoore,288,druid,balance,6,3,3
8712,Garbagemonky,amanthul,288,druid,balance,6,3,3
8713,Sucukk,antonidas,288,druid,balance,6,3,3
8714,Yezzir,defias-brotherhood,288,druid,balance,6,3,3
8715,Gnarrdrood,eredar,288,druid,balance,6,3,3
8716,Byjiblznuk,kazzak,288,druid,balance,6,3,3
8717,Furíouz,darksorrow,288,druid,balance,9,4,5
8718,Bootydrooty,thrall,288,druid,balance,9,3,6
8719,Astralcaller,kazzak,288,druid,balance,12,3,9
8720,Zuwyldxd,blackrock,288,druid,balance,12,3,9
8721,Kidow,wrathbringer,288,druid,balance,12,3,9
8722,Ednaqt,grim-batol,288,druid,balance,12,3,9
8723,Baracüda,draenor,288,druid,balance,12,3,9
8724,Kivu,blackrock,288,druid,balance,12,3,9
8725,Tayswiftmend,defias-brotherhood,288,druid,balance,12,3,9
8726,Thruf,nemesis,288,druid,balance,12,3,9
8727,Miyá,sylvanas,288,druid,balance,12,3,9
8728,Thaneo,blackmoore,288,druid,balance,12,3,9
8729,Groncowski,blackmoore,288,druid,balance,12,3,9
8730,Enolcyc,frostmane,288,druid,balance,12,3,9
8731,Segundø,archimonde,288,druid,balance,12,3,9
8732,Loverace,dun-modr,288,druid,balance,12,3,9
8733,Brujo,azjolnerub,288,druid,balance,12,3,9
8734,Chavinelf,twisting-nether,288,druid,balance,12,3,9
8735,Сейдр,grom,288,druid,balance,18,3,15
8736,Dasgrandeur,kazzak,287,druid,balance,6,3,3
8737,Walkao,tarren-mill,287,druid,balance,6,3,3
8738,Bigcappa,ahnqiraj,287,druid,balance,6,3,3
8739,Burren,auchindoun,286,druid,balance,13,3,10
8740,Jhiun,ragnaros,256,druid,balance,4,4,0
8741,Calligenia,antonidas,256,druid,balance,16,3,13
8742,Bóssít,doomhammer,255,druid,balance,11,3,8
8743,Sinyi,arathor,239,druid,balance,11,3,8
8744,Qoatazinha,malganis,192,druid,balance,4,3,1
8745,Bidochonne,ravencrest,192,druid,balance,6,2,4
8746,Surgeshift,ravencrest,192,druid,balance,6,2,4
8747,Fanboij,kazzak,192,druid,balance,6,2,4
8748,Saliencias,kazzak,192,druid,balance,6,2,4
8749,Chickenboss,sanguino,192,druid,balance,6,2,4
8750,Spidete,sanguino,192,druid,balance,6,2,4
8751,Maxiturbogay,stormscale,192,druid,balance,6,2,4
8752,Héryse,hyjal,192,druid,balance,6,2,4
8753,Erkerkerk,twisting-nether,192,druid,balance,6,2,4
8754,Meatus,ragnaros,192,druid,balance,6,2,4
8755,Luveena,kazzak,192,druid,balance,6,2,4
8756,Chzycow,twisting-nether,192,druid,balance,6,2,4
8757,Hotributionx,ravencrest,192,druid,balance,6,2,4
8758,Foxglove,ravencrest,192,druid,balance,6,2,4
8759,Galgaan,burning-legion,192,druid,balance,6,2,4
8760,Harrasmoes,ravencrest,192,druid,balance,6,2,4
8761,Baccon,ravencrest,192,druid,balance,6,2,4
8762,Tallbutshort,stormscale,192,druid,balance,6,2,4
8763,Emidrem,ravencrest,192,druid,balance,6,2,4
8764,Wheyproteín,dun-modr,192,druid,balance,6,2,4
8765,Trueforms,ravencrest,192,druid,balance,6,2,4
8766,Druidbox,ravencrest,192,druid,balance,6,2,4
8767,Halfaway,ravencrest,192,druid,balance,6,2,4
8768,Varìx,ysondre,192,druid,balance,6,2,4
8769,Borne,aggra-português,192,druid,balance,6,2,4
8770,Rootbeamftw,ravencrest,192,druid,balance,6,2,4
8771,Twodaysordie,ravencrest,192,druid,balance,6,2,4
8772,Димитруа,howling-fjord,192,druid,balance,6,2,4
8773,Nilatsfloda,quelthalas,192,druid,balance,6,2,4
8774,Nakkikastike,magtheridon,192,druid,balance,6,2,4
8775,Roidcat,twisting-nether,192,druid,balance,6,2,4
8776,Deadlydudu,magtheridon,192,druid,balance,6,2,4
8777,Hâyâbusa,antonidas,192,druid,balance,6,2,4
8778,Natuh,outland,192,druid,balance,6,2,4
8779,Ipossible,kazzak,192,druid,balance,6,2,4
8780,Jimmyxdd,kazzak,192,druid,balance,6,2,4
8781,Akiíra,twisting-nether,192,druid,balance,6,2,4
8782,Jaffacakeqt,draenor,192,druid,balance,6,2,4
8783,Kheluna,the-maelstrom,192,druid,balance,6,2,4
8784,Малисеннта,gordunni,192,druid,balance,6,2,4
8785,Phanos,twisting-nether,192,druid,balance,6,2,4
8786,Fromeden,silvermoon,192,druid,balance,6,2,4
8787,Chupapoya,pozzo-delleternità,192,druid,balance,6,2,4
8788,Frenkiej,pozzo-delleternità,192,druid,balance,6,2,4
8789,Kasiopee,hyjal,192,druid,balance,6,2,4
8790,Faetish,hyjal,192,druid,balance,6,2,4
8791,Уличныйиисус,azuregos,192,druid,balance,6,2,4
8792,Nëko,chamber-of-aspects,192,druid,balance,6,2,4
8793,Имбахилка,lich-king,192,druid,balance,6,2,4
8794,Kaamirach,blackmoore,192,druid,balance,6,2,4
8795,Skrewu,silvermoon,192,druid,balance,6,2,4
8796,Коктявзер,deathweaver,192,druid,balance,6,2,4
8797,Filderah,doomhammer,192,druid,balance,6,2,4
8798,Tadoson,blackmoore,192,druid,balance,6,2,4
8799,Lïlara,elune,192,druid,balance,6,2,4
8800,Versality,lightnings-blade,192,druid,balance,6,2,4
8801,Kotkacy,silvermoon,192,druid,balance,6,2,4
8802,Feraflux,dragonblight,192,druid,balance,6,2,4
8803,Pawnamera,norgannon,192,druid,balance,6,2,4
8804,Снэйк,borean-tundra,192,druid,balance,6,2,4
8805,Tamburoo,tarren-mill,192,druid,balance,6,2,4
8806,Энокей,gordunni,192,druid,balance,6,2,4
8807,Dresten,burning-blade,192,druid,balance,6,2,4
8808,Дробовик,soulflayer,192,druid,balance,6,2,4
8809,Старселлер,gordunni,192,druid,balance,6,2,4
8810,Sorkoxd,silvermoon,192,druid,balance,6,2,4
8811,Mmhcharal,voljin,192,druid,balance,6,2,4
8812,Kwenden,arygos,192,druid,balance,6,2,4
8813,Tranduiil,drakthul,192,druid,balance,6,2,4
8814,Друнуар,gordunni,192,druid,balance,6,2,4
8815,Werevolf,drakthul,192,druid,balance,6,2,4
8816,Zolduran,archimonde,192,druid,balance,6,2,4
8817,Катали,soulflayer,192,druid,balance,6,2,4
8818,Csmedruid,blackrock,192,druid,balance,6,2,4
8819,Луноэльф,gordunni,192,druid,balance,6,2,4
8820,Blacksage,dragonmaw,192,druid,balance,6,2,4
8821,Маалир,gordunni,192,druid,balance,6,2,4
8822,Canezmvp,blackrock,192,druid,balance,6,2,4
8823,Epidruid,stormrage,192,druid,balance,6,2,4
8824,Paulskinbak,tarren-mill,192,druid,balance,6,2,4
8825,Leliaen,sylvanas,192,druid,balance,6,2,4
8826,Gurranq,argent-dawn,192,druid,balance,11,3,8
8827,Sodniss,aggra-português,192,druid,balance,8,2,6
8828,Aceeu,dalaran,192,druid,balance,9,2,7
8829,Broasted,stormscale,192,druid,balance,12,2,10
8830,Trækvinden,ravencrest,192,druid,balance,12,2,10
8831,Leekroom,forscherliga,192,druid,balance,12,2,10
8832,Darksthero,draenor,192,druid,balance,12,2,10
8833,Fallingmoon,ravencrest,192,druid,balance,12,2,10
8834,Shapeshiptur,argent-dawn,192,druid,balance,12,2,10
8835,Zeromario,draenor,192,druid,balance,12,2,10
8836,Nctmé,tarren-mill,192,druid,balance,12,2,10
8837,Kramit,stormscale,192,druid,balance,12,2,10
8838,Lelyssa,burning-legion,192,druid,balance,12,2,10
8839,Onmyass,dragonblight,192,druid,balance,12,2,10
8840,Sumbahe,blackrock,191,druid,balance,6,2,4
8841,Millworgen,norgannon,191,druid,balance,6,2,4
8842,Catbear,kazzak,191,druid,balance,6,2,4
8843,Bönüs,cthun,191,druid,balance,6,2,4
8844,Arrock,malfurion,191,druid,balance,12,2,10
8845,Silvacustos,teldrassil,191,druid,balance,12,2,10
8846,Drix,frostwolf,175,druid,balance,11,2,9
8847,Vendeqt,aegwynn,159,druid,balance,5,2,3
8848,Иосси,soulflayer,138,druid,balance,9,5,4
8849,Покусаютебя,gordunni,138,druid,balance,10,3,7
8850,Xaahl,archimonde,128,druid,balance,4,2,2
8851,Tekilaz,sanguino,128,druid,balance,4,2,2
8852,Delmond,sylvanas,127,druid,balance,8,2,6
8853,Disclaimed,twisting-nether,96,druid,balance,3,2,1
8854,Ligoz,silvermoon,96,druid,balance,3,2,1
8855,Karyaga,tarren-mill,96,druid,balance,3,2,1
8856,Котябра,gordunni,96,druid,balance,6,1,5
8857,Ösdru,tarren-mill,96,druid,balance,6,1,5
8858,Devióus,twilights-hammer,96,druid,balance,6,1,5
8859,Lemónde,outland,96,druid,balance,6,1,5
8860,Beginníng,outland,96,druid,balance,6,1,5
8861,Сверххищникк,soulflayer,96,druid,balance,6,1,5
8862,Пасторизсша,soulflayer,96,druid,balance,6,1,5
8863,Druidlaba,drakthul,96,druid,balance,6,1,5
8864,Маминапуська,soulflayer,96,druid,balance,6,1,5
8865,Ãnimal,argent-dawn,96,druid,balance,6,1,5
8866,Druidja,sylvanas,96,druid,balance,6,1,5
8867,Wafflecat,outland,96,druid,balance,6,1,5
8868,Skinnyleg,baelgun,96,druid,balance,6,1,5
8869,Tykè,outland,96,druid,balance,6,1,5
8870,Teog,stormreaver,96,druid,balance,6,1,5
8871,Brownny,dun-modr,96,druid,balance,6,1,5
8872,Nermax,kazzak,96,druid,balance,6,1,5
8873,Astarhot,cthun,96,druid,balance,6,1,5
8874,Tàazz,sargeras,96,druid,balance,6,1,5
8875,Môõn,tarren-mill,96,druid,balance,6,1,5
8876,Bellatrx,darksorrow,96,druid,balance,6,1,5
8877,Nayemi,blackmoore,96,druid,balance,6,1,5
8878,Blazor,eredar,96,druid,balance,6,1,5
8879,Dramweida,eredar,96,druid,balance,6,1,5
8880,Druiduis,minahonda,96,druid,balance,6,1,5
8881,Fakeztwo,eredar,96,druid,balance,6,1,5
8882,Kaira,kazzak,96,druid,balance,6,1,5
8883,Tortugo,dun-modr,96,druid,balance,6,1,5
8884,Liegremmah,blackmoore,96,druid,balance,6,1,5
8885,Yööi,nemesis,96,druid,balance,6,1,5
8886,Siahra,khaz-modan,96,druid,balance,6,1,5
8887,Cattdamon,outland,96,druid,balance,6,1,5
8888,Scarykejton,draenor,96,druid,balance,6,1,5
8889,Wolfverine,dentarg,96,druid,balance,6,1,5
8890,Арбузир,howling-fjord,96,druid,balance,6,1,5
8891,Tigerbalm,ravenholdt,96,druid,balance,6,1,5
8892,Reyk,sunstrider,96,druid,balance,6,1,5
8893,Asrais,dun-modr,96,druid,balance,6,1,5
8894,Herekitykity,frostmane,96,druid,balance,6,1,5
8895,Stuntgirlcat,pozzo-delleternità,96,druid,balance,6,1,5
8896,Fullcyclone,stormscale,96,druid,balance,6,1,5
8897,Arún,nazjatar,96,druid,balance,6,1,5
8898,Summër,los-errantes,96,druid,balance,6,1,5
8899,Ayven,kazzak,96,druid,balance,6,1,5
8900,Pudseytree,doomhammer,96,druid,balance,6,1,5
8901,Eredhion,stormscale,96,druid,balance,6,1,5
8902,Panigale,dun-modr,96,druid,balance,6,1,5
8903,Frequentist,ragnaros,96,druid,balance,6,1,5
8904,Ghostdoggie,stormscale,96,druid,balance,6,1,5
8905,Hotseîdank,blackrock,96,druid,balance,6,1,5
8906,Dreathie,kazzak,96,druid,balance,6,1,5
8907,Spielmann,ravencrest,96,druid,balance,6,1,5
8908,Xwerzz,stormscale,96,druid,balance,6,1,5
8909,Zaerox,ambossar,96,druid,balance,6,1,5
8910,Garudax,blackrock,96,druid,balance,6,1,5
8911,Razah,ravencrest,96,druid,balance,6,1,5
8912,Whelpss,archimonde,96,druid,balance,6,1,5
8913,Lilkâzzam,blackrock,96,druid,balance,6,1,5
8914,Ghxsty,silvermoon,96,druid,balance,6,1,5
8915,Samuelito,ravencrest,96,druid,balance,6,1,5
8916,Plankface,ravencrest,96,druid,balance,13,2,11
8917,Mondino,blackrock,96,druid,balance,12,1,11
8918,Grynoth,silvermoon,96,druid,balance,12,1,11
8919,Tarendil,argent-dawn,96,druid,balance,12,1,11
8920,Stanjr,archimonde,96,druid,balance,12,1,11
8921,Negríno,cthun,95,druid,balance,3,2,1
8922,Gawsworth,aerie-peak,95,druid,balance,6,1,5
8923,Kocovali,frostmane,95,druid,balance,6,1,5
8924,Qb,blackrock,79,druid,balance,5,1,4
8925,Revoidý,blackmoore,79,druid,balance,5,1,4
8926,Mûcke,kazzak,79,druid,balance,5,1,4
8927,Kodobursto,stormscale,79,druid,balance,6,1,5
8928,Ушастикэ,gordunni,64,druid,balance,4,1,3
8929,Møønlight,scarshield-legion,48,druid,balance,3,1,2
8930,Exïlla,archimonde,48,druid,balance,3,1,2
8931,Madschinken,malganis,42,druid,balance,8,2,6
8932,Melonjuicer,argent-dawn,42,druid,balance,9,2,7
8933,Tiemyrôpe,outland,31,druid,balance,2,1,1
8934,Nalreaa,kazzak,31,druid,balance,8,1,7
8935,Báttlx,blackrock,16,druid,balance,7,1,6
8936,Kankethyr,korgall,2241,evoker,preservation,107,64,43
8937,Гачитварь,galakrond,2194,evoker,preservation,245,126,119
8938,Nesedon,stormscale,2170,evoker,preservation,239,127,112
8939,Bodytypezero,terenas,2169,evoker,preservation,110,62,48
8940,Бедныйгрузин,howling-fjord,2146,evoker,preservation,72,43,29
8941,Zychodrac,draenor,2145,evoker,preservation,148,74,74
8942,Néthy,argent-dawn,2131,evoker,preservation,108,60,48
8943,Sukkmymadnes,draenor,2120,evoker,preservation,79,39,40
8944,Сансетшторм,gordunni,2119,evoker,preservation,88,47,41
8945,Kronata,sanguino,2112,evoker,preservation,102,45,57
8946,Dn,shattered-hand,2111,evoker,preservation,89,46,43
8947,Haxyia,outland,2083,evoker,preservation,120,63,57
8948,Dragonsweat,hyjal,2039,evoker,preservation,114,61,53
8949,Nerfevøker,ragnaros,2010,evoker,preservation,88,45,43
8950,Humòngóus,kazzak,2008,evoker,preservation,54,29,25
8951,Sinéstrà,antonidas,2005,evoker,preservation,216,111,105
8952,Gardennewt,ravencrest,2001,evoker,preservation,78,39,39
8953,Drogon,shendralar,1992,evoker,preservation,84,48,36
8954,Najikí,tarren-mill,1992,evoker,preservation,83,45,38
8955,Xays,ravencrest,1987,evoker,preservation,100,50,50
8956,Theories,blackhand,1977,evoker,preservation,110,54,56
8957,Puzikloh,ravencrest,1973,evoker,preservation,42,23,19
8958,Ноубадиаттак,soulflayer,1963,evoker,preservation,102,49,53
8959,Ramfurry,kazzak,1962,evoker,preservation,120,63,57
8960,Smellybreath,ravencrest,1961,evoker,preservation,48,27,21
8961,Шафлэнжоер,fordragon,1958,evoker,preservation,30,22,8
8962,Dizablise,burning-legion,1954,evoker,preservation,59,33,26
8963,Lazey,stormscale,1940,evoker,preservation,84,46,38
8964,Jamesdéan,twisting-nether,1939,evoker,preservation,90,60,30
8965,Podonok,ravencrest,1932,evoker,preservation,84,45,39
8966,Seafolk,stormscale,1927,evoker,preservation,217,119,98
8967,Onelastdance,ravencrest,1922,evoker,preservation,71,61,10
8968,Dragondaddy,eredar,1917,evoker,preservation,114,63,51
8969,Rvrsl,outland,1916,evoker,preservation,96,48,48
8970,Amadeusx,ravencrest,1910,evoker,preservation,90,46,44
8971,Waifuwu,blackhand,1900,evoker,preservation,175,85,90
8972,Huxleysroar,draenor,1888,evoker,preservation,54,26,28
8973,Ðåñîq,kazzak,1888,evoker,preservation,89,38,51
8974,Phnx,blackrock,1886,evoker,preservation,246,125,121
8975,Matrixslave,tarren-mill,1875,evoker,preservation,81,46,35
8976,Vokedrak,eredar,1875,evoker,preservation,66,32,34
8977,Myxiwinxy,archimonde,1872,evoker,preservation,30,20,10
8978,Plogi,twisting-nether,1869,evoker,preservation,54,32,22
8979,Ipho,twisting-nether,1856,evoker,preservation,100,45,55
8980,Titnoute,archimonde,1856,evoker,preservation,60,25,35
8981,Bodytypefour,stormscale,1854,evoker,preservation,66,28,38
8982,Zimbello,nemesis,1849,evoker,preservation,54,34,20
8983,Myshagini,ravencrest,1846,evoker,preservation,45,27,18
8984,Æzorahai,area-52,1845,evoker,preservation,72,33,39
8985,Bümber,stormscale,1835,evoker,preservation,129,64,65
8986,Drookun,outland,1834,evoker,preservation,51,30,21
8987,Yulinex,argent-dawn,1833,evoker,preservation,160,92,68
8988,Jakelóng,ravencrest,1818,evoker,preservation,52,25,27
8989,Justyowxs,archimonde,1817,evoker,preservation,85,49,36
8990,Béatér,aegwynn,1816,evoker,preservation,72,41,31
8991,Smâûg,silvermoon,1812,evoker,preservation,48,27,21
8992,Mixn,argent-dawn,1812,evoker,preservation,93,41,52
8993,Gneltharion,draenor,1811,evoker,preservation,68,31,37
8994,Infidus,ravencrest,1810,evoker,preservation,145,82,63
8995,Puffthemagic,archimonde,1810,evoker,preservation,60,28,32
8996,Dragonmeta,kazzak,1808,evoker,preservation,36,19,17
8997,Dreamwalk,archimonde,1806,evoker,preservation,24,19,5
8998,Wakûwakû,kazzak,1805,evoker,preservation,135,72,63
8999,Evokis,tarren-mill,1804,evoker,preservation,71,40,31
9000,Трейш,soulflayer,1804,evoker,preservation,90,42,48
9001,Keñwøød,ysondre,1803,evoker,preservation,60,33,27
9002,Cptdrakon,twisting-nether,1802,evoker,preservation,77,43,34
9003,Lerrastrasza,zirkel-des-cenarius,1802,evoker,preservation,48,24,24
9004,Alusiedrake,ravencrest,1800,evoker,preservation,295,163,132
9005,Talim,terrordar,1800,evoker,preservation,78,37,41
9006,Dracthal,blackmoore,1793,evoker,preservation,36,19,17
9007,Лабирон,blackscar,1789,evoker,preservation,54,24,30
9008,Swainsupp,archimonde,1776,evoker,preservation,42,19,23
9009,Nakavoker,arygos,1763,evoker,preservation,79,34,45
9010,Антошадф,gordunni,1760,evoker,preservation,54,29,25
9011,Froststraza,chamber-of-aspects,1758,evoker,preservation,54,27,27
9012,Healevoker,aegwynn,1755,evoker,preservation,177,85,92
9013,Asyncgosa,ravencrest,1749,evoker,preservation,60,25,35
9014,Ripgódx,bronzebeard,1740,evoker,preservation,330,171,159
9015,Baiyuekui,blackmoore,1740,evoker,preservation,375,183,192
9016,Kalevra,eredar,1737,evoker,preservation,105,56,49
9017,Phyrrax,silvermoon,1732,evoker,preservation,36,22,14
9018,Drakela,frostwhisper,1732,evoker,preservation,42,22,20
9019,Ezinice,hyjal,1726,evoker,preservation,64,30,34
9020,Brynesuge,ragnaros,1721,evoker,preservation,45,25,20
9021,Lurkî,blackhand,1720,evoker,preservation,155,71,84
9022,Camdaddy,magtheridon,1715,evoker,preservation,117,60,57
9023,Âspên,archimonde,1714,evoker,preservation,75,39,36
9024,Bugdul,twisting-nether,1713,evoker,preservation,74,46,28
9025,Даэдра,gordunni,1712,evoker,preservation,186,94,92
9026,Ранкондракон,lich-king,1712,evoker,preservation,95,42,53
9027,Maxthecar,draenor,1710,evoker,preservation,136,87,49
9028,Branados,argent-dawn,1707,evoker,preservation,36,22,14
9029,Novvae,hyjal,1704,evoker,preservation,60,32,28
9030,Carrotz,doomhammer,1703,evoker,preservation,60,28,32
9031,Yayaxoxoxoxo,hyjal,1702,evoker,preservation,42,21,21
9032,Themasktw,kazzak,1702,evoker,preservation,58,25,33
9033,Nyghtx,sanguino,1698,evoker,preservation,100,45,55
9034,Detdragetid,zenedar,1696,evoker,preservation,90,37,53
9035,Ятромантис,gordunni,1691,evoker,preservation,458,241,217
9036,Хронолиса,blackscar,1690,evoker,preservation,216,110,106
9037,Аскми,blackscar,1690,evoker,preservation,96,43,53
9038,Tombeelee,kazzak,1687,evoker,preservation,36,21,15
9039,Nivoker,kazzak,1687,evoker,preservation,51,24,27
9040,Evoxter,twisting-nether,1686,evoker,preservation,36,26,10
9041,Ms,ravencrest,1683,evoker,preservation,46,24,22
9042,Reska,archimonde,1678,evoker,preservation,54,25,29
9043,Mìnos,drakthul,1677,evoker,preservation,36,18,18
9044,Sính,ravencrest,1673,evoker,preservation,36,22,14
9045,Jkdrage,stormscale,1670,evoker,preservation,36,19,17
9046,Häröpallo,stormscale,1669,evoker,preservation,75,44,31
9047,Malboroasted,archimonde,1665,evoker,preservation,48,25,23
9048,Mixoö,throkferoth,1664,evoker,preservation,78,39,39
9049,Драконсила,gordunni,1663,evoker,preservation,41,21,20
9050,Eryot,aggra-português,1660,evoker,preservation,54,25,29
9051,Thèrèse,hyjal,1658,evoker,preservation,42,20,22
9052,Ambuy,kazzak,1656,evoker,preservation,35,21,14
9053,Setraxia,argent-dawn,1655,evoker,preservation,112,69,43
9054,Sebek,archimonde,1653,evoker,preservation,33,19,14
9055,Штеци,howling-fjord,1650,evoker,preservation,402,198,204
9056,Gardenewt,ravencrest,1647,evoker,preservation,42,21,21
9057,Devidra,defias-brotherhood,1645,evoker,preservation,111,47,64
9058,Roth,stormreaver,1637,evoker,preservation,208,104,104
9059,Nahfr,terenas,1633,evoker,preservation,49,23,26
9060,Shroudflight,draenor,1632,evoker,preservation,54,23,31
9061,Rüllatorsven,stormscale,1631,evoker,preservation,36,21,15
9062,Тирэсплюс,soulflayer,1630,evoker,preservation,30,17,13
9063,Kaipha,ravencrest,1630,evoker,preservation,59,29,30
9064,Kackaloch,tarren-mill,1625,evoker,preservation,69,37,32
9065,Dwagonzuv,the-maelstrom,1624,evoker,preservation,60,36,24
9066,Aeste,dun-modr,1624,evoker,preservation,42,23,19
9067,Methamfetami,kazzak,1619,evoker,preservation,72,40,32
9068,Эндемический,soulflayer,1618,evoker,preservation,73,34,39
9069,Chasxstrasza,ravencrest,1616,evoker,preservation,54,20,34
9070,Akaos,silvermoon,1613,evoker,preservation,38,20,18
9071,Blueaizu,draenor,1612,evoker,preservation,137,78,59
9072,Bònéz,blackmoore,1612,evoker,preservation,107,50,57
9073,Fartinhaler,ravencrest,1611,evoker,preservation,56,34,22
9074,Адоннис,gordunni,1611,evoker,preservation,30,17,13
9075,Adriia,draenor,1610,evoker,preservation,24,17,7
9076,Valtion,stormscale,1607,evoker,preservation,36,19,17
9077,Hjucen,twisting-nether,1603,evoker,preservation,90,49,41
9078,Потныйдракон,soulflayer,1603,evoker,preservation,42,20,22
9079,Пидрактир,soulflayer,1602,evoker,preservation,54,26,28
9080,Castytopg,blackrock,1602,evoker,preservation,36,17,19
9081,Bråckie,draenor,1600,evoker,preservation,84,49,35
9082,Malowux,outland,1600,evoker,preservation,36,19,17
9083,Crocodeal,ysondre,1593,evoker,preservation,48,26,22
9084,Ксенондрейк,gordunni,1591,evoker,preservation,36,17,19
9085,Wernøker,archimonde,1591,evoker,preservation,48,20,28
9086,Dragnthsnuts,sylvanas,1590,evoker,preservation,50,26,24
9087,Ystarblaze,tarren-mill,1590,evoker,preservation,57,26,31
9088,Cellv,kazzak,1586,evoker,preservation,54,26,28
9089,Scarydragôn,draenor,1584,evoker,preservation,134,77,57
9090,Omac,sylvanas,1582,evoker,preservation,36,20,16
9091,Odensbest,silvermoon,1580,evoker,preservation,79,48,31
9092,Dragarius,tarren-mill,1580,evoker,preservation,48,19,29
9093,Didii,frostwhisper,1576,evoker,preservation,171,83,88
9094,Dedx,sylvanas,1573,evoker,preservation,34,18,16
9095,Websensation,twisting-nether,1572,evoker,preservation,66,24,42
9096,Gracyn,ravencrest,1570,evoker,preservation,30,20,10
9097,Nahkiainen,darksorrow,1569,evoker,preservation,42,19,23
9098,Flowerscale,tarren-mill,1567,evoker,preservation,51,19,32
9099,Kuramir,twisting-nether,1560,evoker,preservation,54,27,27
9100,Kitoed,aegwynn,1559,evoker,preservation,48,29,19
9101,Eidachsal,antonidas,1558,evoker,preservation,66,24,42
9102,Lytër,sanguino,1555,evoker,preservation,141,75,66
9103,Vydrag,der-rat-von-dalaran,1553,evoker,preservation,35,17,18
9104,Fearawr,malganis,1552,evoker,preservation,63,22,41
9105,Zenvoker,silvermoon,1543,evoker,preservation,119,60,59
9106,Valkroth,argent-dawn,1541,evoker,preservation,149,67,82
9107,Antiflexx,ragnaros,1537,evoker,preservation,66,30,36
9108,Нежныйболт,howling-fjord,1536,evoker,preservation,134,68,66
9109,Nekrosdrake,tarren-mill,1536,evoker,preservation,60,30,30
9110,Torae,burning-legion,1535,evoker,preservation,48,23,25
9111,Sedricae,twisting-nether,1534,evoker,preservation,137,70,67
9112,Dârys,kazzak,1531,evoker,preservation,36,16,20
9113,Drakeadorie,twisting-nether,1528,evoker,preservation,24,16,8
9114,Kirivoker,dun-modr,1526,evoker,preservation,65,31,34
9115,Kharduk,outland,1525,evoker,preservation,40,19,21
9116,Flouzzx,blackmoore,1525,evoker,preservation,36,16,20
9117,Hornyxj,draenor,1521,evoker,preservation,48,16,32
9118,Бадикабаер,thermaplugg,1514,evoker,preservation,182,96,86
9119,Sinistrea,conseil-des-ombres,1512,evoker,preservation,117,65,52
9120,Динамика,borean-tundra,1508,evoker,preservation,79,43,36
9121,Дарконикс,gordunni,1508,evoker,preservation,98,44,54
9122,Vimoker,trollbane,1502,evoker,preservation,90,42,48
9123,Skypov,sylvanas,1498,evoker,preservation,41,24,17
9124,Tenibris,die-nachtwache,1491,evoker,preservation,143,67,76
9125,Tobbebakar,silvermoon,1490,evoker,preservation,48,22,26
9126,Luderx,outland,1489,evoker,preservation,66,38,28
9127,Fiiery,deathwing,1488,evoker,preservation,82,42,40
9128,Polzeig,dentarg,1487,evoker,preservation,45,19,26
9129,Obbwoke,ravencrest,1486,evoker,preservation,120,53,67
9130,Lazurius,ravencrest,1485,evoker,preservation,66,26,40
9131,Rgedrake,blackrock,1482,evoker,preservation,28,18,10
9132,Ацидракон,blackscar,1481,evoker,preservation,83,35,48
9133,Sakade,archimonde,1480,evoker,preservation,40,18,22
9134,Ámenó,stormscale,1476,evoker,preservation,48,25,23
9135,Drageye,tarren-mill,1474,evoker,preservation,84,48,36
9136,Nexxà,archimonde,1472,evoker,preservation,57,41,16
9137,Indragon,blackmoore,1471,evoker,preservation,63,29,34
9138,Eagleflow,aszune,1469,evoker,preservation,85,41,44
9139,Oldwhiteman,guldan,1465,evoker,preservation,52,25,27
9140,Nanthira,darksorrow,1462,evoker,preservation,92,44,48
9141,Fubukinoryuu,frostwolf,1455,evoker,preservation,64,37,27
9142,Beefwing,xavius,1454,evoker,preservation,48,21,27
9143,Féféledragon,archimonde,1452,evoker,preservation,62,24,38
9144,Madelynxoxo,draenor,1450,evoker,preservation,30,25,5
9145,Navilism,kazzak,1449,evoker,preservation,269,143,126
9146,Dragoncya,archimonde,1447,evoker,preservation,72,33,39
9147,Bigaluga,blackmoore,1446,evoker,preservation,54,22,32
9148,Condrage,grim-batol,1445,evoker,preservation,42,22,20
9149,Шкуроносец,gordunni,1442,evoker,preservation,36,20,16
9150,Маркзук,gordunni,1442,evoker,preservation,60,30,30
9151,Drackarys,tarren-mill,1437,evoker,preservation,54,30,24
9152,Dazaar,kazzak,1435,evoker,preservation,30,21,9
9153,Dokkàmxk,archimonde,1429,evoker,preservation,36,15,21
9154,Natashtrasza,tarren-mill,1427,evoker,preservation,72,26,46
9155,Мефодийевок,howling-fjord,1425,evoker,preservation,36,16,20
9156,Sârmikas,blackhand,1420,evoker,preservation,30,15,15
9157,Cheryl,aggra-português,1420,evoker,preservation,31,15,16
9158,Орехдракона,gordunni,1418,evoker,preservation,30,16,14
9159,Yeatsa,blackmoore,1417,evoker,preservation,24,15,9
9160,Omnipøtens,silvermoon,1416,evoker,preservation,36,23,13
9161,Th,stormscale,1415,evoker,preservation,48,32,16
9162,Djrabtah,sargeras,1414,evoker,preservation,82,43,39
9163,Вексалис,gordunni,1411,evoker,preservation,30,15,15
9164,Lichbõrne,outland,1411,evoker,preservation,42,18,24
9165,Evizard,nagrand,1407,evoker,preservation,53,30,23
9166,Spiragon,ysondre,1406,evoker,preservation,154,76,78
9167,Kuubski,ravencrest,1405,evoker,preservation,26,17,9
9168,Alamostrasza,doomhammer,1404,evoker,preservation,36,15,21
9169,Tarecgosa,sanguino,1403,evoker,preservation,204,96,108
9170,Aêro,malganis,1403,evoker,preservation,50,22,28
9171,Evoketing,tarren-mill,1396,evoker,preservation,24,15,9
9172,Scalo,kazzak,1394,evoker,preservation,125,63,62
9173,Cragheart,ravencrest,1391,evoker,preservation,60,28,32
9174,Dracanus,bronze-dragonflight,1390,evoker,preservation,54,28,26
9175,Nadoney,hyjal,1389,evoker,preservation,67,42,25
9176,Dragio,blackrock,1387,evoker,preservation,48,25,23
9177,Ammendorn,blackrock,1384,evoker,preservation,46,27,19
9178,Azorgaron,outland,1383,evoker,preservation,60,26,34
9179,Asraestrasz,silvermoon,1380,evoker,preservation,38,24,14
9180,Jamiewing,ravencrest,1380,evoker,preservation,42,25,17
9181,Evodorie,ravencrest,1371,evoker,preservation,26,15,11
9182,Dothemath,blackmoore,1371,evoker,preservation,48,22,26
9183,Superflyy,kazzak,1370,evoker,preservation,134,58,76
9184,Badrig,silvermoon,1369,evoker,preservation,144,70,74
9185,Thyrke,aegwynn,1366,evoker,preservation,70,38,32
9186,Nagimurr,kazzak,1360,evoker,preservation,87,50,37
9187,Filtendragon,stormscale,1360,evoker,preservation,37,18,19
9188,Buqxrawrr,antonidas,1358,evoker,preservation,32,18,14
9189,Matysniak,burning-legion,1355,evoker,preservation,51,24,27
9190,Scalie,ravencrest,1353,evoker,preservation,54,31,23
9191,Darigo,ravencrest,1353,evoker,preservation,30,16,14
9192,Sarapakara,burning-blade,1351,evoker,preservation,36,18,18
9193,Liliwood,ravencrest,1349,evoker,preservation,82,38,44
9194,Evokazoran,dentarg,1349,evoker,preservation,78,27,51
9195,Cinquanteuro,hyjal,1347,evoker,preservation,101,45,56
9196,Choubalo,archimonde,1346,evoker,preservation,66,35,31
9197,Rescuegirl,blackrock,1345,evoker,preservation,99,50,49
9198,Varkoth,nemesis,1345,evoker,preservation,84,41,43
9199,Cenca,blackmoore,1342,evoker,preservation,162,79,83
9200,Drarent,hyjal,1340,evoker,preservation,54,24,30
9201,Aphelïon,dun-modr,1339,evoker,preservation,107,52,55
9202,Mugeki,burning-legion,1338,evoker,preservation,32,18,14
9203,Profdrake,zuluhed,1337,evoker,preservation,24,14,10
9204,Donns,frostmane,1335,evoker,preservation,46,27,19
9205,Elleavo,tarren-mill,1334,evoker,preservation,36,14,22
9206,Rhaenîra,twisting-nether,1333,evoker,preservation,36,20,16
9207,Thellon,frostwolf,1333,evoker,preservation,91,47,44
9208,Icemushu,twisting-nether,1331,evoker,preservation,24,14,10
9209,Draevil,emerald-dream,1330,evoker,preservation,42,22,20
9210,Loveheart,die-aldor,1330,evoker,preservation,94,41,53
9211,Pelington,silvermoon,1329,evoker,preservation,59,27,32
9212,Gissthebuzzy,dun-modr,1326,evoker,preservation,42,24,18
9213,Saga,aegwynn,1325,evoker,preservation,154,77,77
9214,Fetzi,blackhand,1324,evoker,preservation,126,63,63
9215,Smrdimipytel,drakthul,1323,evoker,preservation,40,15,25
9216,Sorextrazy,twisting-nether,1318,evoker,preservation,64,27,37
9217,Uroegevoker,twisting-nether,1316,evoker,preservation,68,36,32
9218,Ladrieth,hyjal,1316,evoker,preservation,65,31,34
9219,Desnø,frostwolf,1315,evoker,preservation,37,21,16
9220,Голденджо,gordunni,1315,evoker,preservation,59,21,38
9221,Dägon,drakthul,1312,evoker,preservation,72,36,36
9222,Xerragon,ravencrest,1306,evoker,preservation,60,20,40
9223,Fredgobrr,tarren-mill,1305,evoker,preservation,102,62,40
9224,Ludracy,antonidas,1301,evoker,preservation,102,54,48
9225,Asinitaris,ravencrest,1300,evoker,preservation,77,42,35
9226,Nonolildrake,ysondre,1297,evoker,preservation,82,46,36
9227,Vahamut,argent-dawn,1297,evoker,preservation,42,22,20
9228,Scarlexo,ravencrest,1297,evoker,preservation,47,22,25
9229,Geckonen,stormreaver,1291,evoker,preservation,140,74,66
9230,Flygfjås,stormscale,1288,evoker,preservation,57,28,29
9231,Discodidling,silvermoon,1287,evoker,preservation,63,32,31
9232,Samidr,ravencrest,1287,evoker,preservation,35,14,21
9233,Drgnokn,silvermoon,1285,evoker,preservation,68,43,25
9234,Malfø,exodar,1282,evoker,preservation,115,58,57
9235,Cothikos,ysondre,1282,evoker,preservation,34,15,19
9236,Xiomarita,frostmane,1280,evoker,preservation,60,29,31
9237,Drashiku,zuljin,1280,evoker,preservation,42,14,28
9238,Draxaer,outland,1278,evoker,preservation,116,60,56
9239,Lynastrasza,silvermoon,1274,evoker,preservation,147,78,69
9240,Hyggëê,sanguino,1273,evoker,preservation,51,22,29
9241,Stormwing,twilights-hammer,1272,evoker,preservation,29,19,10
9242,Bambusák,draenor,1271,evoker,preservation,58,29,29
9243,Drackheal,kaelthas,1270,evoker,preservation,47,27,20
9244,Vaermithor,tarren-mill,1270,evoker,preservation,59,33,26
9245,Vyron,amanthul,1270,evoker,preservation,46,19,27
9246,Iphonetwo,ravencrest,1267,evoker,preservation,23,17,6
9247,Thundermifln,nemesis,1266,evoker,preservation,48,26,22
9248,Dragonerr,kiljaeden,1264,evoker,preservation,47,25,22
9249,Howtodragon,twisting-nether,1262,evoker,preservation,48,26,22
9250,Mortlalune,conseil-des-ombres,1260,evoker,preservation,154,78,76
9251,Nagoli,silvermoon,1250,evoker,preservation,55,26,29
9252,Dinotron,uldaman,1249,evoker,preservation,54,27,27
9253,Lynt,burning-blade,1248,evoker,preservation,66,34,32
9254,Nazalath,eonar,1245,evoker,preservation,42,18,24
9255,Патриотика,howling-fjord,1244,evoker,preservation,95,45,50
9256,Dargenpont,turalyon,1244,evoker,preservation,30,13,17
9257,Crottedezen,archimonde,1243,evoker,preservation,30,13,17
9258,Apaçi,ravencrest,1243,evoker,preservation,51,19,32
9259,Chronowalker,ragnaros,1242,evoker,preservation,24,13,11
9260,Glouglouti,drekthar,1241,evoker,preservation,42,21,21
9261,Ithijin,blackmoore,1241,evoker,preservation,59,27,32
9262,Kymura,archimonde,1239,evoker,preservation,30,13,17
9263,Тектрис,howling-fjord,1238,evoker,preservation,126,58,68
9264,Jimmytrivet,archimonde,1237,evoker,preservation,51,23,28
9265,Draskathyr,sylvanas,1236,evoker,preservation,24,13,11
9266,Drachenlilie,aegwynn,1235,evoker,preservation,24,13,11
9267,Bubbleblower,stormscale,1231,evoker,preservation,18,13,5
9268,Beenus,doomhammer,1228,evoker,preservation,36,24,12
9269,Драгоблуд,soulflayer,1227,evoker,preservation,54,25,29
9270,Âbs,archimonde,1227,evoker,preservation,99,41,58
9271,Smokitor,kazzak,1223,evoker,preservation,48,24,24
9272,Raøug,blackmoore,1222,evoker,preservation,42,14,28
9273,Douevnfly,ravencrest,1220,evoker,preservation,44,26,18
9274,Stjáuni,ravencrest,1219,evoker,preservation,58,29,29
9275,Nynnaydoth,drakthul,1219,evoker,preservation,42,19,23
9276,Мвпгуччи,blackscar,1219,evoker,preservation,36,13,23
9277,Verithian,kazzak,1218,evoker,preservation,36,19,17
9278,Drakdilla,tarren-mill,1216,evoker,preservation,24,13,11
9279,Shnptyr,ragnaros,1215,evoker,preservation,42,22,20
9280,Lojinevo,twisting-nether,1215,evoker,preservation,95,43,52
9281,Kekvoker,antonidas,1213,evoker,preservation,72,35,37
9282,Ruinastrasza,silvermoon,1212,evoker,preservation,24,13,11
9283,Wrcdragon,drakthul,1212,evoker,preservation,136,60,76
9284,Varaug,veklor,1211,evoker,preservation,40,25,15
9285,Muccavok,stormrage,1211,evoker,preservation,54,30,24
9286,Awaboo,draenor,1210,evoker,preservation,24,13,11
9287,Slimygecko,ravencrest,1210,evoker,preservation,41,22,19
9288,Flyingaway,tarren-mill,1209,evoker,preservation,42,19,23
9289,Groovyy,hyjal,1204,evoker,preservation,48,30,18
9290,Bestofriendo,eredar,1204,evoker,preservation,36,20,16
9291,Elenaevoker,stormscale,1203,evoker,preservation,50,26,24
9292,Whitelizzard,tarren-mill,1199,evoker,preservation,60,29,31
9293,Dragonspaff,argent-dawn,1199,evoker,preservation,30,14,16
9294,Erhvoker,veknilash,1199,evoker,preservation,111,47,64
9295,Yeetsera,thrall,1195,evoker,preservation,58,25,33
9296,Sibvoker,kazzak,1188,evoker,preservation,108,52,56
9297,Salamanderx,stormscale,1186,evoker,preservation,22,14,8
9298,Uztfuzt,blackmoore,1185,evoker,preservation,44,29,15
9299,Belkavoker,zirkel-des-cenarius,1177,evoker,preservation,42,14,28
9300,Sissilisko,sylvanas,1176,evoker,preservation,22,14,8
9301,Breall,tarren-mill,1175,evoker,preservation,316,144,172
9302,Zethreus,silvermoon,1170,evoker,preservation,58,30,28
9303,Dayandnight,quelthalas,1170,evoker,preservation,60,28,32
9304,Aphi,frostwolf,1170,evoker,preservation,57,26,31
9305,Saucy,sanguino,1166,evoker,preservation,43,26,17
9306,Anso,sanguino,1164,evoker,preservation,53,26,27
9307,Tennin,thrall,1157,evoker,preservation,45,27,18
9308,Dracobelli,drakthul,1157,evoker,preservation,30,14,16
9309,Amaterãsu,kazzak,1154,evoker,preservation,77,37,40
9310,Jmy,bloodhoof,1152,evoker,preservation,18,12,6
9311,Elcocodrilo,tarren-mill,1152,evoker,preservation,18,12,6
9312,Dracum,kazzak,1152,evoker,preservation,24,12,12
9313,Odiin,dun-modr,1151,evoker,preservation,21,13,8
9314,Hehehihihaha,ravencrest,1151,evoker,preservation,24,12,12
9315,Mistrßroducr,stormreaver,1151,evoker,preservation,24,12,12
9316,Conwoker,ravencrest,1151,evoker,preservation,24,12,12
9317,Siìre,thrall,1150,evoker,preservation,12,12,0
9318,Theocean,turalyon,1149,evoker,preservation,151,65,86
9319,Dractarys,arathi,1148,evoker,preservation,60,34,26
9320,Veryspikes,twisting-nether,1148,evoker,preservation,30,12,18
9321,Dragawn,grim-batol,1147,evoker,preservation,73,41,32
9322,Sárkány,ravencrest,1146,evoker,preservation,24,12,12
9323,Reptak,stormscale,1146,evoker,preservation,24,12,12
9324,Sürion,grim-batol,1145,evoker,preservation,18,12,6
9325,Uwudyret,tarren-mill,1145,evoker,preservation,30,12,18
9326,Draelaynex,eredar,1145,evoker,preservation,30,12,18
9327,Cryuu,burning-legion,1144,evoker,preservation,30,12,18
9328,Sinusiitiis,destromath,1142,evoker,preservation,18,12,6
9329,Ryujíin,kazzak,1139,evoker,preservation,23,12,11
9330,Nisiris,doomhammer,1139,evoker,preservation,58,29,29
9331,Etier,aegwynn,1139,evoker,preservation,24,12,12
9332,Steeken,haomarush,1130,evoker,preservation,54,26,28
9333,Adnoc,tarren-mill,1124,evoker,preservation,19,13,6
9334,Djolero,silvermoon,1124,evoker,preservation,60,28,32
9335,Jurrassic,defias-brotherhood,1119,evoker,preservation,33,20,13
9336,Schenlong,kelthuzad,1112,evoker,preservation,36,18,18
9337,Drachenglas,antonidas,1112,evoker,preservation,30,13,17
9338,Hems,bronzebeard,1111,evoker,preservation,40,22,18
9339,Huusdrache,outland,1107,evoker,preservation,34,14,20
9340,Xorago,guldan,1101,evoker,preservation,36,14,22
9341,Tusibi,hyjal,1100,evoker,preservation,47,32,15
9342,Алекстраса,blackscar,1097,evoker,preservation,30,16,14
9343,Dmn,defias-brotherhood,1097,evoker,preservation,54,24,30
9344,Saphirá,hyjal,1094,evoker,preservation,28,13,15
9345,Эбиб,gordunni,1092,evoker,preservation,60,32,28
9346,Deathwinng,twisting-nether,1090,evoker,preservation,66,26,40
9347,Asgá,kazzak,1087,evoker,preservation,23,12,11
9348,Singe,nemesis,1081,evoker,preservation,48,12,36
9349,Drakeish,kazzak,1077,evoker,preservation,29,13,16
9350,Blackli,kazzak,1074,evoker,preservation,33,14,19
9351,Tsukiko,archimonde,1074,evoker,preservation,31,12,19
9352,Dreiwyn,kazzak,1072,evoker,preservation,30,20,10
9353,Pikiscalez,bronzebeard,1072,evoker,preservation,24,12,12
9354,Kyrathir,hyjal,1069,evoker,preservation,30,12,18
9355,Iblvicanfly,stormscale,1067,evoker,preservation,25,13,12
9356,Kurger,twisting-nether,1062,evoker,preservation,53,18,35
9357,Folevo,stormreaver,1061,evoker,preservation,235,105,130
9358,Wingzy,chogall,1059,evoker,preservation,201,93,108
9359,Lizardofoz,argent-dawn,1058,evoker,preservation,30,18,12
9360,Вискписк,soulflayer,1056,evoker,preservation,12,11,1
9361,Berlyvoke,stormscale,1056,evoker,preservation,18,11,7
9362,Kremost,sylvanas,1056,evoker,preservation,30,11,19
9363,Шадофдрагон,deathweaver,1055,evoker,preservation,42,28,14
9364,Lacer,minahonda,1055,evoker,preservation,30,11,19
9365,Srache,frostwolf,1054,evoker,preservation,24,11,13
9366,Àtòmìc,malorne,1053,evoker,preservation,24,11,13
9367,Bombrush,ragnaros,1052,evoker,preservation,27,15,12
9368,Parodize,thrall,1051,evoker,preservation,24,11,13
9369,Pokemongame,draenor,1049,evoker,preservation,18,11,7
9370,Dragonsimp,archimonde,1047,evoker,preservation,18,11,7
9371,Уконэ,blackscar,1047,evoker,preservation,30,12,18
9372,Drakkujjer,twisting-nether,1046,evoker,preservation,18,11,7
9373,Zeigrem,antonidas,1044,evoker,preservation,12,11,1
9374,Gilgakek,darksorrow,1042,evoker,preservation,50,17,33
9375,Elaijaz,turalyon,1040,evoker,preservation,18,14,4
9376,Predatax,drakthul,1039,evoker,preservation,142,71,71
9377,Detixbae,blackrock,1037,evoker,preservation,29,11,18
9378,Morlie,argent-dawn,1036,evoker,preservation,76,36,40
9379,Kharalambos,stormscale,1036,evoker,preservation,36,13,23
9380,Thedrake,aegwynn,1034,evoker,preservation,47,28,19
9381,Antistrasza,argent-dawn,1033,evoker,preservation,48,22,26
9382,Kujira,draenor,1032,evoker,preservation,21,13,8
9383,Spirow,archimonde,1032,evoker,preservation,30,17,13
9384,Dontiá,draenor,1032,evoker,preservation,63,30,33
9385,Chrisú,thrall,1029,evoker,preservation,30,12,18
9386,Hios,twisting-nether,1028,evoker,preservation,24,16,8
9387,Ohcaralho,outland,1028,evoker,preservation,50,19,31
9388,Athyrstria,blackmoore,1028,evoker,preservation,65,18,47
9389,Zathîel,argent-dawn,1026,evoker,preservation,149,64,85
9390,Бунтз,howling-fjord,1022,evoker,preservation,23,11,12
9391,Drazor,blackhand,1021,evoker,preservation,23,11,12
9392,Snällaldo,bladefist,1020,evoker,preservation,16,12,4
9393,Aezthaza,outland,1018,evoker,preservation,26,12,14
9394,Offering,ravencrest,1015,evoker,preservation,30,11,19
9395,Dragonna,argent-dawn,1013,evoker,preservation,99,43,56
9396,Гопоп,gordunni,1011,evoker,preservation,31,14,17
9397,Dreamiee,kazzak,1008,evoker,preservation,54,20,34
9398,Jaje,nerathor,1006,evoker,preservation,23,11,12
9399,Chronicryder,draenor,1004,evoker,preservation,21,11,10
9400,Pigioto,silvermoon,1002,evoker,preservation,210,104,106
9401,Archont,eredar,999,evoker,preservation,42,12,30
9402,Viodragon,blackrock,998,evoker,preservation,33,13,20
9403,Rafale,the-maelstrom,989,evoker,preservation,117,56,61
9404,Tf,doomhammer,988,evoker,preservation,40,15,25
9405,Jhoanna,grim-batol,987,evoker,preservation,48,25,23
9406,Palindre,argent-dawn,987,evoker,preservation,29,14,15
9407,Deadfyre,dun-modr,986,evoker,preservation,30,15,15
9408,Blackwing,twilights-hammer,986,evoker,preservation,28,11,17
9409,Viseron,zuljin,983,evoker,preservation,99,35,64
9410,Zaverion,nathrezim,977,evoker,preservation,30,13,17
9411,Kàzuée,outland,969,evoker,preservation,42,14,28
9412,Мйлкйвей,deathguard,968,evoker,preservation,40,25,15
9413,Reddeaddrago,silvermoon,966,evoker,preservation,44,24,20
9414,Алифсе,howling-fjord,965,evoker,preservation,84,23,61
9415,Drakares,la-croisade-écarlate,962,evoker,preservation,54,19,35
9416,Ecovoker,outland,960,evoker,preservation,18,10,8
9417,Yavak,blackmoore,960,evoker,preservation,18,10,8
9418,Mauül,ravencrest,959,evoker,preservation,12,10,2
9419,Síire,ravencrest,958,evoker,preservation,12,10,2
9420,Mithrandir,marécage-de-zangar,957,evoker,preservation,24,10,14
9421,Baszz,aegwynn,955,evoker,preservation,24,10,14
9422,Kleftra,stormscale,954,evoker,preservation,18,10,8
9423,Yorfyr,ravencrest,953,evoker,preservation,31,13,18
9424,Hool,silvermoon,951,evoker,preservation,132,63,69
9425,Thymian,ambossar,951,evoker,preservation,104,48,56
9426,Bobonakia,sylvanas,950,evoker,preservation,24,10,14
9427,Slashlowe,archimonde,948,evoker,preservation,40,18,22
9428,Drogøn,khaz-modan,947,evoker,preservation,24,10,14
9429,Scaleyfurry,azshara,941,evoker,preservation,21,12,9
9430,Lînkôs,aegwynn,938,evoker,preservation,71,35,36
9431,Dracwyn,shattrath,938,evoker,preservation,25,11,14
9432,Винтер,azuregos,935,evoker,preservation,19,11,8
9433,Vozzat,stormscale,934,evoker,preservation,24,11,13
9434,Draklorn,moonglade,933,evoker,preservation,75,36,39
9435,Dracnass,silvermoon,930,evoker,preservation,18,10,8
9436,Retyss,twisting-nether,916,evoker,preservation,302,144,158
9437,Тирдде,deathweaver,914,evoker,preservation,102,48,54
9438,Vores,norgannon,908,evoker,preservation,59,26,33
9439,Cárried,twilights-hammer,902,evoker,preservation,33,11,22
9440,Canitabravar,cthun,898,evoker,preservation,60,30,30
9441,Morsan,tichondrius,896,evoker,preservation,42,20,22
9442,Marasz,silvermoon,893,evoker,preservation,42,22,20
9443,Eosin,blackrock,890,evoker,preservation,23,10,13
9444,Абьюз,galakrond,886,evoker,preservation,191,94,97
9445,Drakars,kazzak,886,evoker,preservation,62,27,35
9446,Doriangray,drakthul,884,evoker,preservation,20,11,9
9447,Domynevoc,hyjal,884,evoker,preservation,49,23,26
9448,Drachi,ambossar,880,evoker,preservation,78,35,43
9449,Drâcarys,destromath,879,evoker,preservation,25,13,12
9450,Mergwahlbark,hyjal,878,evoker,preservation,29,10,19
9451,Drazikz,archimonde,877,evoker,preservation,64,31,33
9452,Dioni,sylvanas,873,evoker,preservation,39,15,24
9453,Jamesdouglas,eredar,867,evoker,preservation,18,10,8
9454,Minikuja,culte-de-la-rive-noire,867,evoker,preservation,56,22,34
9455,Dekaralol,ravencrest,864,evoker,preservation,12,9,3
9456,Antifightx,kazzak,864,evoker,preservation,12,9,3
9457,Moondraka,outland,864,evoker,preservation,18,9,9
9458,Dragonello,stormscale,864,evoker,preservation,18,9,9
9459,Drgigapump,blackmoore,864,evoker,preservation,18,9,9
9460,Мишанячешуя,gordunni,863,evoker,preservation,12,9,3
9461,Cupcâke,dalaran,863,evoker,preservation,18,9,9
9462,Nassuada,dalaran,863,evoker,preservation,18,9,9
9463,Dracronix,the-maelstrom,863,evoker,preservation,18,9,9
9464,Lytër,dun-modr,863,evoker,preservation,19,9,10
9465,Anlong,alakir,863,evoker,preservation,23,10,13
9466,Teneja,malganis,863,evoker,preservation,24,9,15
9467,Zygumy,hyjal,862,evoker,preservation,18,9,9
9468,Навидх,howling-fjord,862,evoker,preservation,24,9,15
9469,Blazeros,sylvanas,861,evoker,preservation,36,15,21
9470,Mistvoke,kazzak,860,evoker,preservation,18,9,9
9471,Lithnxv,bladefist,859,evoker,preservation,18,9,9
9472,Orocimaaru,pozzo-delleternità,858,evoker,preservation,18,9,9
9473,Evok,deathwing,858,evoker,preservation,24,10,14
9474,Drakmool,ysondre,858,evoker,preservation,30,12,18
9475,Setoc,blackrock,857,evoker,preservation,19,9,10
9476,Nedflanderss,silvermoon,856,evoker,preservation,18,9,9
9477,Haawwt,eredar,852,evoker,preservation,18,9,9
9478,Azurewings,argent-dawn,851,evoker,preservation,65,23,42
9479,Javåscript,outland,849,evoker,preservation,18,9,9
9480,Damssx,medivh,847,evoker,preservation,33,13,20
9481,Drâkarys,khaz-modan,845,evoker,preservation,57,21,36
9482,Yadormi,sylvanas,843,evoker,preservation,60,28,32
9483,Sumo,burning-legion,841,evoker,preservation,36,16,20
9484,Avizz,tarren-mill,837,evoker,preservation,23,12,11
9485,Zerario,blackhand,827,evoker,preservation,23,9,14
9486,Viseriðn,archimonde,827,evoker,preservation,24,9,15
9487,Miumyuki,drakthul,815,evoker,preservation,54,21,33
9488,Мэриджэин,soulflayer,809,evoker,preservation,21,9,12
9489,Aayala,dalaran,806,evoker,preservation,21,9,12
9490,Nochance,dentarg,795,evoker,preservation,127,45,82
9491,Dratheon,dun-modr,794,evoker,preservation,32,10,22
9492,Cheapdragon,tarren-mill,791,evoker,preservation,45,18,27
9493,Верметор,soulflayer,773,evoker,preservation,90,27,63
9494,Myshavion,hyjal,768,evoker,preservation,12,8,4
9495,Kanketopg,kazzak,768,evoker,preservation,12,8,4
9496,Zendaë,archimonde,768,evoker,preservation,12,8,4
9497,Nst,zuljin,768,evoker,preservation,12,8,4
9498,Nhoru,stormscale,768,evoker,preservation,12,8,4
9499,Zemar,dalaran,768,evoker,preservation,12,8,4
9500,Ringil,tarren-mill,768,evoker,preservation,18,8,10
9501,Sanktcs,blackhand,768,evoker,preservation,18,8,10
9502,Rawrus,blackrock,768,evoker,preservation,18,8,10
9503,Korialstraz,aegwynn,767,evoker,preservation,12,8,4
9504,Meteo,the-maelstrom,767,evoker,preservation,15,9,6
9505,Sysstrasza,archimonde,767,evoker,preservation,18,8,10
9506,Mirajhti,blackrock,767,evoker,preservation,30,8,22
9507,Horiz,kazzak,766,evoker,preservation,24,8,16
9508,Daracthyr,arathor,765,evoker,preservation,18,8,10
9509,Mfdragon,grim-batol,765,evoker,preservation,24,8,16
9510,Уполнамоченн,soulflayer,764,evoker,preservation,12,8,4
9511,Mikevoker,aegwynn,763,evoker,preservation,12,8,4
9512,Iscale,twisting-nether,763,evoker,preservation,24,8,16
9513,Arecibo,tarren-mill,762,evoker,preservation,12,8,4
9514,Kalerinozi,blackhand,762,evoker,preservation,36,8,28
9515,Dracanis,shendralar,761,evoker,preservation,27,12,15
9516,Dolphdrago,outland,761,evoker,preservation,18,8,10
9517,Эфирид,blackscar,760,evoker,preservation,53,17,36
9518,Dragonrocker,silvermoon,757,evoker,preservation,24,8,16
9519,Дрэгтир,lich-king,755,evoker,preservation,14,8,6
9520,Maverickx,nemesis,753,evoker,preservation,18,8,10
9521,Lunariëlle,les-sentinelles,749,evoker,preservation,12,8,4
9522,Dangai,draenor,747,evoker,preservation,17,8,9
9523,Inspecto,turalyon,737,evoker,preservation,18,8,10
9524,Ptipangoevok,dalaran,713,evoker,preservation,22,9,13
9525,Kuzzan,blackhand,707,evoker,preservation,18,9,9
9526,Baléryon,archimonde,705,evoker,preservation,11,8,3
9527,Kamings,outland,698,evoker,preservation,20,8,12
9528,Nicholbolas,nordrassil,690,evoker,preservation,11,8,3
9529,Sunfyres,frostmane,679,evoker,preservation,28,8,20
9530,Blazelt,blackrock,672,evoker,preservation,12,7,5
9531,Zarikus,argent-dawn,672,evoker,preservation,12,7,5
9532,Stormnn,kazzak,672,evoker,preservation,12,7,5
9533,Fûrý,twisting-nether,672,evoker,preservation,12,7,5
9534,Evyzz,blackmoore,672,evoker,preservation,12,7,5
9535,Løcøtømmy,blackrock,672,evoker,preservation,12,7,5
9536,Corneflex,chogall,672,evoker,preservation,18,7,11
9537,Spacebreath,ravencrest,672,evoker,preservation,18,7,11
9538,Sulführer,sanguino,672,evoker,preservation,18,7,11
9539,Viseriøn,kazzak,672,evoker,preservation,24,7,17
9540,Kraaznus,ravencrest,671,evoker,preservation,12,7,5
9541,Dárnast,draenor,671,evoker,preservation,12,7,5
9542,Dragondznutz,defias-brotherhood,671,evoker,preservation,12,7,5
9543,Draaxy,twisting-nether,671,evoker,preservation,15,8,7
9544,Fusanabide,kazzak,671,evoker,preservation,14,7,7
9545,Karristrasza,silvermoon,671,evoker,preservation,18,7,11
9546,Dagruel,exodar,671,evoker,preservation,18,7,11
9547,Esalisko,kazzak,670,evoker,preservation,12,7,5
9548,Liroo,hyjal,670,evoker,preservation,12,7,5
9549,Spïzz,dun-modr,670,evoker,preservation,12,7,5
9550,Myszostrasza,burning-legion,670,evoker,preservation,12,7,5
9551,Coaxoch,thunderhorn,670,evoker,preservation,12,7,5
9552,Leblon,stormreaver,670,evoker,preservation,12,7,5
9553,Hakuzah,terokkar,670,evoker,preservation,18,7,11
9554,Malfestio,zuljin,669,evoker,preservation,12,7,5
9555,Avemonetemus,silvermoon,669,evoker,preservation,18,7,11
9556,Vatiras,magtheridon,669,evoker,preservation,24,7,17
9557,Lapaneri,sylvanas,669,evoker,preservation,24,7,17
9558,Wywill,eitrigg,668,evoker,preservation,12,7,5
9559,Prikkedøden,grim-batol,668,evoker,preservation,18,7,11
9560,Hornbeam,tarren-mill,666,evoker,preservation,18,7,11
9561,Acnologîa,ysondre,665,evoker,preservation,12,7,5
9562,Gihzmo,tarren-mill,664,evoker,preservation,12,7,5
9563,Voryax,kirin-tor,660,evoker,preservation,24,7,17
9564,Awfultrash,archimonde,655,evoker,preservation,23,7,16
9565,Charezard,draenor,638,evoker,preservation,17,7,10
9566,Aevon,blackrock,631,evoker,preservation,36,7,29
9567,Myndragosa,varimathras,624,evoker,preservation,15,8,7
9568,Blyatcuka,kazzak,617,evoker,preservation,17,8,9
9569,Sitdownnow,blackrock,599,evoker,preservation,32,8,24
9570,Bluesaphir,ravencrest,576,evoker,preservation,12,6,6
9571,Iandret,destromath,576,evoker,preservation,12,6,6
9572,Holyvoker,aegwynn,576,evoker,preservation,12,6,6
9573,Yesdaddyowo,draenor,576,evoker,preservation,12,6,6
9574,Krayvoker,tarren-mill,576,evoker,preservation,12,6,6
9575,Kajer,nemesis,576,evoker,preservation,12,6,6
9576,Sindragonk,ravencrest,576,evoker,preservation,12,6,6
9577,Jacko,nemesis,576,evoker,preservation,12,6,6
9578,Theories,aegwynn,576,evoker,preservation,12,6,6
9579,Judragon,kazzak,576,evoker,preservation,12,6,6
9580,Psheetae,kazzak,576,evoker,preservation,12,6,6
9581,Darkevokoul,conseil-des-ombres,576,evoker,preservation,12,6,6
9582,Talynn,sylvanas,576,evoker,preservation,12,6,6
9583,Drakarroar,ragnaros,576,evoker,preservation,12,6,6
9584,Snipy,burning-legion,576,evoker,preservation,12,6,6
9585,Rømmegrøt,tarren-mill,576,evoker,preservation,12,6,6
9586,Mesarin,eredar,576,evoker,preservation,12,6,6
9587,Rmplol,twisting-nether,576,evoker,preservation,12,6,6
9588,Luu,the-maelstrom,576,evoker,preservation,12,6,6
9589,Lolprevoker,outland,576,evoker,preservation,18,6,12
9590,Enzetrius,argent-dawn,576,evoker,preservation,18,6,12
9591,Discodraken,stormscale,576,evoker,preservation,18,6,12
9592,Myntara,tarren-mill,576,evoker,preservation,18,6,12
9593,Lìssàndra,argent-dawn,576,evoker,preservation,24,6,18
9594,Дэзвинк,gordunni,576,evoker,preservation,24,6,18
9595,Drakeó,kazzak,575,evoker,preservation,12,6,6
9596,Pe,dalaran,575,evoker,preservation,12,6,6
9597,Pasqvoker,ravencrest,575,evoker,preservation,12,6,6
9598,Nevara,ragnaros,575,evoker,preservation,12,6,6
9599,Draccaris,silvermoon,575,evoker,preservation,12,6,6
9600,Raegos,ravencrest,575,evoker,preservation,12,6,6
9601,Nexevo,blackmoore,575,evoker,preservation,18,6,12
9602,Kutdraak,laughing-skull,574,evoker,preservation,12,6,6
9603,Aebivoker,dalaran,574,evoker,preservation,12,6,6
9604,Tarystrasza,blackrock,574,evoker,preservation,12,6,6
9605,Drakpojke,stormscale,574,evoker,preservation,12,6,6
9606,Etherwood,bronze-dragonflight,573,evoker,preservation,12,6,6
9607,Dracarysfire,kazzak,573,evoker,preservation,12,6,6
9608,Калесгоз,howling-fjord,573,evoker,preservation,12,6,6
9609,Kaiser,trollbane,573,evoker,preservation,18,6,12
9610,Ewings,archimonde,573,evoker,preservation,24,6,18
9611,Büsselberg,blackmoore,570,evoker,preservation,12,6,6
9612,Synhtol,ragnaros,564,evoker,preservation,18,6,12
9613,ßëkûsåùrús,ragnaros,559,evoker,preservation,17,6,11
9614,Балрогхаоса,gordunni,539,evoker,preservation,14,7,7
9615,Ahyllesevok,antonidas,527,evoker,preservation,15,7,8
9616,Rasalhague,uldum,522,evoker,preservation,15,6,9
9617,Dracarysx,grim-batol,520,evoker,preservation,15,7,8
9618,Drakthur,terenas,519,evoker,preservation,27,7,20
9619,Tyuz,antonidas,509,evoker,preservation,14,6,8
9620,Cokayn,eonar,496,evoker,preservation,13,6,7
9621,Ralfferion,auchindoun,480,evoker,preservation,6,5,1
9622,Pyrestra,argent-dawn,480,evoker,preservation,6,5,1
9623,Dragondn,alleria,480,evoker,preservation,6,5,1
9624,Diggidydract,silvermoon,480,evoker,preservation,6,5,1
9625,Stêwpit,blackhand,480,evoker,preservation,6,5,1
9626,Baddragonn,nemesis,480,evoker,preservation,6,5,1
9627,Dåseskjuul,kazzak,480,evoker,preservation,6,5,1
9628,Øoøoøoøo,outland,480,evoker,preservation,6,5,1
9629,Coarraze,eldrethalas,480,evoker,preservation,6,5,1
9630,Jmyzard,tarren-mill,480,evoker,preservation,10,6,4
9631,Emeraldcomun,twisting-nether,480,evoker,preservation,12,5,7
9632,Катяламизил,howling-fjord,480,evoker,preservation,12,5,7
9633,Candicewho,twisting-nether,480,evoker,preservation,12,5,7
9634,Runewing,turalyon,480,evoker,preservation,12,5,7
9635,Deathwingx,sylvanas,480,evoker,preservation,12,5,7
9636,Feddra,twisting-nether,480,evoker,preservation,12,5,7
9637,Lootharon,blackhand,480,evoker,preservation,12,5,7
9638,Favera,taerar,480,evoker,preservation,12,5,7
9639,Toplevel,eredar,480,evoker,preservation,12,5,7
9640,Dzin,burning-legion,480,evoker,preservation,12,5,7
9641,Dragonsito,cthun,480,evoker,preservation,12,5,7
9642,Драгонкокс,gordunni,480,evoker,preservation,12,5,7
9643,Poporaight,archimonde,480,evoker,preservation,12,5,7
9644,Fnom,hyjal,480,evoker,preservation,12,5,7
9645,Evoris,frostmane,480,evoker,preservation,12,5,7
9646,Nemrák,blackmoore,480,evoker,preservation,12,5,7
9647,Rímmer,kazzak,480,evoker,preservation,12,5,7
9648,Óceiros,silvermoon,480,evoker,preservation,12,5,7
9649,Iwaavoker,archimonde,480,evoker,preservation,12,5,7
9650,Vizdraken,tarren-mill,480,evoker,preservation,12,5,7
9651,Belzevoker,blackrock,480,evoker,preservation,12,5,7
9652,Mimic,scarshield-legion,480,evoker,preservation,12,5,7
9653,Bigreddragon,outland,480,evoker,preservation,12,5,7
9654,Soupmah,silvermoon,480,evoker,preservation,12,5,7
9655,Evokoloko,outland,480,evoker,preservation,12,5,7
9656,Alanikus,silvermoon,480,evoker,preservation,12,5,7
9657,Draakoñ,outland,480,evoker,preservation,18,5,13
9658,Kda,die-nachtwache,480,evoker,preservation,18,5,13
9659,Xyphoo,kazzak,480,evoker,preservation,18,5,13
9660,Rise,tarren-mill,480,evoker,preservation,24,5,19
9661,Uxiono,dun-modr,480,evoker,preservation,24,5,19
9662,Jayrexx,doomhammer,479,evoker,preservation,6,5,1
9663,Darksaider,draenor,479,evoker,preservation,12,5,7
9664,Scaleflux,argent-dawn,479,evoker,preservation,12,5,7
9665,Sudrac,antonidas,479,evoker,preservation,12,5,7
9666,Cinnamoon,defias-brotherhood,479,evoker,preservation,12,5,7
9667,Shosk,chamber-of-aspects,479,evoker,preservation,12,5,7
9668,Dragondisnut,sylvanas,479,evoker,preservation,12,5,7
9669,Puffdaddyxd,twisting-nether,479,evoker,preservation,12,5,7
9670,Dudebrö,arathor,479,evoker,preservation,12,5,7
9671,Luftwaffel,blackmoore,479,evoker,preservation,12,5,7
9672,Kampe,nemesis,479,evoker,preservation,12,5,7
9673,Chunlooi,baelgun,479,evoker,preservation,12,5,7
9674,Naloqa,frostwolf,479,evoker,preservation,12,5,7
9675,Zymotîx,stormscale,479,evoker,preservation,18,5,13
9676,Chizy,aegwynn,479,evoker,preservation,18,5,13
9677,Widow,chromaggus,478,evoker,preservation,12,5,7
9678,Kärlethos,dun-modr,478,evoker,preservation,12,5,7
9679,Siderion,drakthul,478,evoker,preservation,12,5,7
9680,Bbuszek,outland,478,evoker,preservation,18,5,13
9681,Fodom,medivh,477,evoker,preservation,12,5,7
9682,Dragorasi,frostwolf,476,evoker,preservation,24,5,19
9683,Гарил,grom,475,evoker,preservation,12,5,7
9684,Gladdrake,doomhammer,474,evoker,preservation,18,5,13
9685,Fricandela,sanguino,472,evoker,preservation,12,5,7
9686,Incarnevoke,ravencrest,463,evoker,preservation,11,5,6
9687,Dragonban,tarren-mill,448,evoker,preservation,22,5,17
9688,Wingard,twisting-nether,447,evoker,preservation,11,5,6
9689,Thyriån,kazzak,447,evoker,preservation,11,5,6
9690,Missnorway,blackmoore,447,evoker,preservation,11,5,6
9691,Jcloud,shattered-hand,432,evoker,preservation,15,5,10
9692,Drakutyr,defias-brotherhood,424,evoker,preservation,14,6,8
9693,Grajade,dun-modr,422,evoker,preservation,15,6,9
9694,Alrakis,kragjin,415,evoker,preservation,16,5,11
9695,Krakadayle,archimonde,384,evoker,preservation,6,4,2
9696,Bindrasz,ahnqiraj,384,evoker,preservation,6,4,2
9697,Roastedpig,kazzak,384,evoker,preservation,6,4,2
9698,Aymoreth,argent-dawn,384,evoker,preservation,6,4,2
9699,Snàx,aggra-português,384,evoker,preservation,6,4,2
9700,Druggz,burning-blade,384,evoker,preservation,6,4,2
9701,Killmeifucan,twisting-nether,384,evoker,preservation,6,4,2
9702,Krazuntus,argent-dawn,384,evoker,preservation,6,4,2
9703,Grumes,blackmoore,384,evoker,preservation,6,4,2
9704,Zaffira,kazzak,384,evoker,preservation,6,4,2
9705,Drakatha,kazzak,384,evoker,preservation,6,4,2
9706,Ahnë,archimonde,384,evoker,preservation,6,4,2
9707,Pflanz,nozdormu,384,evoker,preservation,6,4,2
9708,Flatterhipy,blackrock,384,evoker,preservation,6,4,2
9709,Evokker,antonidas,384,evoker,preservation,12,4,8
9710,Killafoolz,kazzak,384,evoker,preservation,12,4,8
9711,Yaraxes,outland,384,evoker,preservation,12,4,8
9712,Галактиг,thermaplugg,384,evoker,preservation,12,4,8
9713,Deadwing,eonar,384,evoker,preservation,12,4,8
9714,Sondosa,twisting-nether,384,evoker,preservation,12,4,8
9715,Tokvoker,tarren-mill,384,evoker,preservation,12,4,8
9716,Ninhursag,hyjal,384,evoker,preservation,12,4,8
9717,Crunktusk,twisting-nether,384,evoker,preservation,12,4,8
9718,Arniye,ravencrest,384,evoker,preservation,12,4,8
9719,Feyrbrand,ysera,384,evoker,preservation,12,4,8
9720,Toílet,blackmoore,384,evoker,preservation,12,4,8
9721,Dractharion,blackrock,384,evoker,preservation,18,4,14
9722,Fogwing,ravencrest,384,evoker,preservation,18,4,14
9723,Timeshifter,stormscale,383,evoker,preservation,6,4,2
9724,Кефтыме,soulflayer,383,evoker,preservation,6,4,2
9725,Zahaak,doomhammer,383,evoker,preservation,6,4,2
9726,Nicnacx,stormscale,383,evoker,preservation,6,4,2
9727,Entombevoker,twisting-nether,383,evoker,preservation,6,4,2
9728,Ignisaureus,silvermoon,383,evoker,preservation,12,4,8
9729,Renistra,argent-dawn,383,evoker,preservation,12,4,8
9730,Flawxy,blackmoore,383,evoker,preservation,12,4,8
9731,Vereeza,draenor,383,evoker,preservation,12,4,8
9732,Сантанико,grom,383,evoker,preservation,12,4,8
9733,Pureshot,archimonde,383,evoker,preservation,12,4,8
9734,Yaldthion,dun-modr,383,evoker,preservation,18,4,14
9735,Steadyop,doomhammer,382,evoker,preservation,6,4,2
9736,Dolceprada,stormscale,381,evoker,preservation,12,4,8
9737,Dragonboss,doomhammer,380,evoker,preservation,12,4,8
9738,Valasthor,argent-dawn,379,evoker,preservation,12,4,8
9739,Мизурион,gordunni,379,evoker,preservation,12,4,8
9740,Ekko,nethersturm,379,evoker,preservation,13,4,9
9741,Sinastral,sanguino,350,evoker,preservation,11,4,7
9742,Xdxd,burning-blade,336,evoker,preservation,9,4,5
9743,Quewl,blackmoore,319,evoker,preservation,5,4,1
9744,Драмуся,gordunni,288,evoker,preservation,6,3,3
9745,Ivokerz,tarren-mill,288,evoker,preservation,6,3,3
9746,Beetk,tarren-mill,288,evoker,preservation,6,3,3
9747,Asrwea,draenor,288,evoker,preservation,6,3,3
9748,Escaaboy,stormscale,288,evoker,preservation,6,3,3
9749,Сулистраза,blackscar,288,evoker,preservation,6,3,3
9750,Знамядрак,soulflayer,288,evoker,preservation,6,3,3
9751,Психея,soulflayer,288,evoker,preservation,6,3,3
9752,Eurydíke,blackhand,288,evoker,preservation,6,3,3
9753,Моралдракон,soulflayer,288,evoker,preservation,6,3,3
9754,Ceroxs,aegwynn,288,evoker,preservation,6,3,3
9755,Tactician,stormreaver,288,evoker,preservation,6,3,3
9756,Saphiraa,lightnings-blade,288,evoker,preservation,6,3,3
9757,Pruttburk,draenor,288,evoker,preservation,6,3,3
9758,Rippo,tarren-mill,288,evoker,preservation,6,3,3
9759,Jmý,tarren-mill,288,evoker,preservation,6,3,3
9760,Notadvanced,draenor,288,evoker,preservation,6,3,3
9761,Distinkd,draenor,288,evoker,preservation,6,3,3
9762,Kocaina,ravencrest,288,evoker,preservation,6,3,3
9763,Alicendre,hyjal,288,evoker,preservation,6,3,3
9764,Dokkamok,hyjal,288,evoker,preservation,6,3,3
9765,Rullatorsvên,sylvanas,288,evoker,preservation,6,3,3
9766,Ramilbest,ravencrest,288,evoker,preservation,6,3,3
9767,Speckjarrow,blackrock,288,evoker,preservation,6,3,3
9768,Azwel,khaz-modan,288,evoker,preservation,6,3,3
9769,Jpeo,blackhand,288,evoker,preservation,6,3,3
9770,Botomforgold,ravencrest,288,evoker,preservation,6,3,3
9771,Vyore,silvermoon,288,evoker,preservation,6,3,3
9772,Spudvoker,silvermoon,288,evoker,preservation,6,3,3
9773,Niffdra,twisting-nether,288,evoker,preservation,6,3,3
9774,Colacorta,zuljin,288,evoker,preservation,6,3,3
9775,Nêóô,blackrock,288,evoker,preservation,6,3,3
9776,Släshés,ravencrest,288,evoker,preservation,6,3,3
9777,Cutegirlx,blackrock,288,evoker,preservation,6,3,3
9778,Soø,kazzak,288,evoker,preservation,6,3,3
9779,Zanarian,defias-brotherhood,288,evoker,preservation,6,3,3
9780,Renalia,blackrock,288,evoker,preservation,6,3,3
9781,Shôrty,ravencrest,288,evoker,preservation,6,3,3
9782,Espâgnøl,hyjal,288,evoker,preservation,6,3,3
9783,Kanketo,ravencrest,288,evoker,preservation,6,3,3
9784,Alldru,outland,288,evoker,preservation,6,3,3
9785,Jackarlys,outland,288,evoker,preservation,6,3,3
9786,Zordrach,quelthalas,288,evoker,preservation,6,3,3
9787,Keizal,twisting-nether,288,evoker,preservation,6,3,3
9788,Meezyevo,ragnaros,288,evoker,preservation,6,3,3
9789,Morkek,dun-modr,288,evoker,preservation,6,3,3
9790,Flâneur,ysondre,288,evoker,preservation,6,3,3
9791,Nezruslfarm,cthun,288,evoker,preservation,6,3,3
9792,Evokimag,grim-batol,288,evoker,preservation,6,3,3
9793,Konstraz,kazzak,288,evoker,preservation,6,3,3
9794,Chrisussy,argent-dawn,288,evoker,preservation,12,3,9
9795,Боевойхомякд,howling-fjord,288,evoker,preservation,12,3,9
9796,Reelona,silvermoon,288,evoker,preservation,12,3,9
9797,Elderruan,shattered-hand,288,evoker,preservation,12,3,9
9798,Siigge,draenor,288,evoker,preservation,12,3,9
9799,Dreamdoll,tarren-mill,288,evoker,preservation,12,3,9
9800,Tojodormi,argent-dawn,288,evoker,preservation,12,3,9
9801,Boonvoker,the-maelstrom,288,evoker,preservation,12,3,9
9802,Cadwalader,blades-edge,288,evoker,preservation,12,3,9
9803,Bemil,twisting-nether,288,evoker,preservation,12,3,9
9804,Monftroglou,archimonde,288,evoker,preservation,12,3,9
9805,Edgybeb,archimonde,288,evoker,preservation,12,3,9
9806,Taktcik,archimonde,288,evoker,preservation,12,3,9
9807,Khaliy,blackrock,288,evoker,preservation,12,3,9
9808,Moltenazo,dun-modr,288,evoker,preservation,13,3,10
9809,Милеис,soulflayer,287,evoker,preservation,6,3,3
9810,Elexatra,hyjal,287,evoker,preservation,12,3,9
9811,Лунет,lich-king,286,evoker,preservation,12,3,9
9812,Valystrá,die-aldor,285,evoker,preservation,24,3,21
9813,Quarsilly,frostwolf,271,evoker,preservation,11,3,8
9814,Trellie,die-aldor,255,evoker,preservation,11,3,8
9815,Agnî,sanguino,240,evoker,preservation,9,3,6
9816,Smoochbumble,argent-dawn,240,evoker,preservation,9,3,6
9817,Ryujinx,blackhand,239,evoker,preservation,5,3,2
9818,Nêrifiel,hyjal,239,evoker,preservation,5,3,2
9819,Provôker,tarren-mill,223,evoker,preservation,8,3,5
9820,Baranzion,twisting-nether,207,evoker,preservation,8,3,5
9821,Иванза,howling-fjord,192,evoker,preservation,6,2,4
9822,Zendervish,draenor,192,evoker,preservation,6,2,4
9823,Drunkvoker,stormscale,192,evoker,preservation,6,2,4
9824,Puzzles,ravencrest,192,evoker,preservation,6,2,4
9825,Cousinbetty,defias-brotherhood,192,evoker,preservation,6,2,4
9826,Rngmåchinè,ravencrest,192,evoker,preservation,6,2,4
9827,Solutionevok,aegwynn,192,evoker,preservation,6,2,4
9828,Crazylucifer,kazzak,192,evoker,preservation,6,2,4
9829,Voldermort,ravencrest,192,evoker,preservation,6,2,4
9830,Vermithors,ravencrest,192,evoker,preservation,6,2,4
9831,Azurog,blackmoore,192,evoker,preservation,6,2,4
9832,Garussy,draenor,192,evoker,preservation,6,2,4
9833,Flyvern,kazzak,192,evoker,preservation,6,2,4
9834,Mistime,twisting-nether,192,evoker,preservation,6,2,4
9835,Maudragosa,blackmoore,192,evoker,preservation,6,2,4
9836,Dno,archimonde,192,evoker,preservation,6,2,4
9837,Blamdrake,blackhand,192,evoker,preservation,6,2,4
9838,Glurak,stormscale,192,evoker,preservation,6,2,4
9839,Whatisthis,archimonde,192,evoker,preservation,6,2,4
9840,Dragonlol,stormscale,192,evoker,preservation,6,2,4
9841,Glurakk,aegwynn,192,evoker,preservation,6,2,4
9842,Adriia,ravencrest,192,evoker,preservation,6,2,4
9843,Freesckretx,archimonde,192,evoker,preservation,6,2,4
9844,Shinad,ravencrest,192,evoker,preservation,6,2,4
9845,Язычник,thermaplugg,192,evoker,preservation,6,2,4
9846,Arbîter,eredar,192,evoker,preservation,6,2,4
9847,Sheràqt,blackrock,192,evoker,preservation,6,2,4
9848,Youzfull,blackrock,192,evoker,preservation,6,2,4
9849,Flipflapflop,twisting-nether,192,evoker,preservation,6,2,4
9850,Zelenobelata,neptulon,192,evoker,preservation,6,2,4
9851,Asunarion,silvermoon,192,evoker,preservation,6,2,4
9852,Invinite,blackrock,192,evoker,preservation,6,2,4
9853,Høt,nemesis,192,evoker,preservation,6,2,4
9854,Nordomu,silvermoon,192,evoker,preservation,6,2,4
9855,Burndaddy,dun-modr,192,evoker,preservation,6,2,4
9856,Sénkú,silvermoon,192,evoker,preservation,6,2,4
9857,Dragonzo,arathor,192,evoker,preservation,6,2,4
9858,Soondeleted,eredar,192,evoker,preservation,6,2,4
9859,Змийх,gordunni,192,evoker,preservation,6,2,4
9860,Rhäegal,kaelthas,192,evoker,preservation,12,2,10
9861,Pico,madmortem,192,evoker,preservation,12,2,10
9862,Teyvoker,blackmoore,192,evoker,preservation,12,2,10
9863,Flametender,silvermoon,192,evoker,preservation,12,2,10
9864,Suicidel,silvermoon,192,evoker,preservation,12,2,10
9865,Lììn,hyjal,192,evoker,preservation,12,2,10
9866,Margouillax,archimonde,192,evoker,preservation,12,2,10
9867,Dracipsouk,drakthul,192,evoker,preservation,18,2,16
9868,Macdrac,area-52,192,evoker,preservation,18,2,16
9869,Touge,varimathras,191,evoker,preservation,6,2,4
9870,Yuyux,sanguino,191,evoker,preservation,6,2,4
9871,Azza,uldum,191,evoker,preservation,12,2,10
9872,Flameclaw,argent-dawn,191,evoker,preservation,12,2,10
9873,Draktoros,kazzak,179,evoker,preservation,15,6,9
9874,Eldrax,emerald-dream,159,evoker,preservation,5,2,3
9875,Stinka,blackmoore,138,evoker,preservation,9,5,4
9876,Asharys,argent-dawn,138,evoker,preservation,17,4,13
9877,Primepewpew,ragnaros,138,evoker,preservation,15,3,12
9878,Zzaazaa,argent-dawn,137,evoker,preservation,10,3,7
9879,Marcelproust,burning-legion,127,evoker,preservation,4,2,2
9880,Beec,tarren-mill,96,evoker,preservation,6,1,5
9881,Mulqahdiiv,archimonde,96,evoker,preservation,6,1,5
9882,Brystrasza,quelthalas,96,evoker,preservation,6,1,5
9883,Oogabuga,outland,96,evoker,preservation,6,1,5
9884,Kaezmasterx,blackrock,96,evoker,preservation,6,1,5
9885,Dewi,anachronos,96,evoker,preservation,6,1,5
9886,Смехокрыл,deathguard,96,evoker,preservation,6,1,5
9887,Drakenballen,ragnaros,96,evoker,preservation,6,1,5
9888,Awienz,kazzak,96,evoker,preservation,6,1,5
9889,Louzard,draenor,96,evoker,preservation,6,1,5
9890,Foldoudoune,archimonde,96,evoker,preservation,6,1,5
9891,Tokidormi,nemesis,96,evoker,preservation,6,1,5
9892,Batmanjasii,eredar,96,evoker,preservation,6,1,5
9893,Tályn,twisting-nether,96,evoker,preservation,6,1,5
9894,Ch,ghostlands,96,evoker,preservation,6,1,5
9895,Effrt,ravencrest,96,evoker,preservation,6,1,5
9896,Dragonpro,kazzak,96,evoker,preservation,6,1,5
9897,Huangzhang,burning-legion,96,evoker,preservation,6,1,5
9898,Yaboismok,burning-legion,96,evoker,preservation,6,1,5
9899,Belzilian,dalaran,96,evoker,preservation,6,1,5
9900,Kedel,tarren-mill,96,evoker,preservation,6,1,5
9901,Hizzo,burning-legion,96,evoker,preservation,6,1,5
9902,Lumberdrake,stormscale,96,evoker,preservation,6,1,5
9903,Alphabét,ravencrest,96,evoker,preservation,6,1,5
9904,Chocodragon,blackmoore,96,evoker,preservation,6,1,5
9905,Charovoker,blackmoore,96,evoker,preservation,6,1,5
9906,Larrykoopa,hyjal,96,evoker,preservation,6,1,5
9907,Breathpitt,blackrock,96,evoker,preservation,6,1,5
9908,Drgn,blackhand,96,evoker,preservation,6,1,5
9909,Targzæ,hyjal,96,evoker,preservation,6,1,5
9910,Ceerdrogo,twisting-nether,96,evoker,preservation,9,1,8
9911,Frreeyya,silvermoon,96,evoker,preservation,12,1,11
9912,Vänesiä,sylvanas,96,evoker,preservation,12,1,11
9913,Sopollina,draenor,96,evoker,preservation,12,1,11
9914,Vullgred,sylvanas,96,evoker,preservation,12,1,11
9915,Tatsuki,arthas,96,evoker,preservation,12,1,11
9916,Heidrun,ravenholdt,95,evoker,preservation,6,1,5
9917,Fluffykoi,silvermoon,95,evoker,preservation,12,1,11
9918,Gg,wildhammer,79,evoker,preservation,5,2,3
9919,Imend,stormscale,79,evoker,preservation,5,1,4
9920,Sentos,blackmoore,64,evoker,preservation,10,1,9
9921,Taynia,stormscale,48,evoker,preservation,3,1,2
9922,Dopëshow,drakthul,48,evoker,preservation,3,1,2
9923,Nickydragonx,stormscale,42,evoker,preservation,10,3,7
9924,Faijer,blackmoore,42,evoker,preservation,10,3,7
9925,Пероник,gordunni,16,evoker,preservation,1,1,0
9926,Кеннокс,soulflayer,2172,evoker,devastation,84,48,36
9927,Rexzstrasza,eredar,2114,evoker,devastation,78,49,29
9928,Sârmikas,blackhand,2113,evoker,devastation,120,67,53
9929,Kàido,ravencrest,2110,evoker,devastation,360,185,175
9930,Ryujíin,kazzak,2045,evoker,devastation,89,59,30
9931,Drakenyasha,tarren-mill,2045,evoker,devastation,207,103,104
9932,Babodrake,blackhand,2019,evoker,devastation,55,27,28
9933,Heõ,twisting-nether,2016,evoker,devastation,189,92,97
9934,Twodeep,blackrock,1995,evoker,devastation,108,57,51
9935,Dracohfeu,archimonde,1971,evoker,devastation,76,43,33
9936,Meust,blackrock,1960,evoker,devastation,48,33,15
9937,Claxy,ragnaros,1952,evoker,devastation,72,38,34
9938,Diznutz,kazzak,1949,evoker,devastation,90,45,45
9939,Wexvoker,darksorrow,1936,evoker,devastation,109,59,50
9940,Darkssoul,outland,1932,evoker,devastation,96,52,44
9941,Myxker,burning-legion,1922,evoker,devastation,77,36,41
9942,Evodraxx,hyjal,1911,evoker,devastation,72,32,40
9943,Edvoker,twisting-nether,1906,evoker,devastation,108,57,51
9944,Brokz,twisting-nether,1906,evoker,devastation,106,54,52
9945,Нерфсрочно,gordunni,1906,evoker,devastation,180,87,93
9946,Ízma,ravencrest,1894,evoker,devastation,192,99,93
9947,Animenorgam,alakir,1892,evoker,devastation,194,113,81
9948,Lesgrossman,ravencrest,1870,evoker,devastation,42,26,16
9949,Ipanicsoar,tarren-mill,1869,evoker,devastation,128,64,64
9950,Hehehihihaha,ravencrest,1866,evoker,devastation,54,25,29
9951,Eldunaries,argent-dawn,1863,evoker,devastation,90,48,42
9952,Nigesaurus,burning-legion,1862,evoker,devastation,39,21,18
9953,Enzetrius,argent-dawn,1861,evoker,devastation,36,22,14
9954,Atoll,scarshield-legion,1858,evoker,devastation,55,29,26
9955,Lizardbøi,blackhand,1855,evoker,devastation,72,37,35
9956,Silvior,outland,1854,evoker,devastation,60,29,31
9957,Frozendragon,twisting-nether,1849,evoker,devastation,45,32,13
9958,Xzvoker,kazzak,1848,evoker,devastation,134,67,67
9959,Balthinar,argent-dawn,1846,evoker,devastation,66,31,35
9960,Calygosa,antonidas,1843,evoker,devastation,36,23,13
9961,Evøkergøðx,outland,1837,evoker,devastation,85,47,38
9962,Sagrax,silvermoon,1835,evoker,devastation,68,40,28
9963,Mizamiza,blackrock,1832,evoker,devastation,142,75,67
9964,Korvi,ravencrest,1830,evoker,devastation,44,25,19
9965,Azorgaron,outland,1827,evoker,devastation,36,23,13
9966,Ryuu,mazrigos,1823,evoker,devastation,41,22,19
9967,Драгонтьма,gordunni,1823,evoker,devastation,71,36,35
9968,Irvethius,argent-dawn,1822,evoker,devastation,203,103,100
9969,Tremmérz,outland,1821,evoker,devastation,66,34,32
9970,Bigmacfrite,ysondre,1821,evoker,devastation,88,45,43
9971,Oontäälihis,ravencrest,1819,evoker,devastation,145,76,69
9972,Дракшотик,soulflayer,1817,evoker,devastation,30,19,11
9973,Jamzyevoker,emerald-dream,1816,evoker,devastation,49,26,23
9974,Ryuujin,outland,1815,evoker,devastation,66,30,36
9975,Amadeusx,ravencrest,1810,evoker,devastation,55,30,25
9976,Valdrakon,doomhammer,1807,evoker,devastation,66,39,27
9977,Zmej,twisting-nether,1807,evoker,devastation,60,27,33
9978,Дарратель,gordunni,1806,evoker,devastation,195,106,89
9979,Apacstrasza,ragnaros,1805,evoker,devastation,110,55,55
9980,Wuiflyta,dun-modr,1805,evoker,devastation,65,29,36
9981,Kamehaméha,outland,1803,evoker,devastation,48,26,22
9982,Hëroinhenry,tarren-mill,1794,evoker,devastation,48,33,15
9983,Avë,kazzak,1790,evoker,devastation,77,39,38
9984,Hanoostrasz,tarren-mill,1771,evoker,devastation,103,61,42
9985,Sawk,archimonde,1762,evoker,devastation,102,63,39
9986,Lidldragon,argent-dawn,1760,evoker,devastation,26,20,6
9987,Obbwoke,ravencrest,1760,evoker,devastation,84,44,40
9988,Shaze,zuljin,1758,evoker,devastation,47,32,15
9989,Saintly,kult-der-verdammten,1733,evoker,devastation,54,31,23
9990,Rahzk,twisting-nether,1732,evoker,devastation,42,24,18
9991,Cinnannoe,tarren-mill,1729,evoker,devastation,127,75,52
9992,Jeannedebruj,ravencrest,1725,evoker,devastation,165,81,84
9993,Kymaíra,hyjal,1716,evoker,devastation,48,22,26
9994,Archdragon,argent-dawn,1715,evoker,devastation,103,59,44
9995,Melodio,outland,1713,evoker,devastation,60,37,23
9996,Kôlaghan,archimonde,1713,evoker,devastation,35,20,15
9997,Jamiewing,ravencrest,1709,evoker,devastation,147,76,71
9998,Famouszorc,sanguino,1704,evoker,devastation,168,96,72
9999,Flâneur,ysondre,1703,evoker,devastation,47,24,23
10000,Rokki,blackrock,1701,evoker,devastation,82,45,37
10001,Sloeez,kazzak,1696,evoker,devastation,42,20,22
10002,Cybraxq,kazzak,1692,evoker,devastation,30,18,12
10003,Хетсв,gordunni,1691,evoker,devastation,96,55,41
10004,Hollowbreath,sanguino,1685,evoker,devastation,203,98,105
10005,Duvahkahr,ragnaros,1683,evoker,devastation,57,28,29
10006,Merkels,blackmoore,1681,evoker,devastation,279,142,137
10007,Lurkî,blackhand,1678,evoker,devastation,48,21,27
10008,Ларенил,gordunni,1674,evoker,devastation,60,25,35
10009,Amnevoker,dalaran,1671,evoker,devastation,30,18,12
10010,Sintharion,ravencrest,1668,evoker,devastation,77,38,39
10011,Фиамниэль,gordunni,1655,evoker,devastation,48,22,26
10012,Yuhabahha,kazzak,1653,evoker,devastation,166,87,79
10013,Zendaÿa,silvermoon,1653,evoker,devastation,54,25,29
10014,Advancedboy,archimonde,1647,evoker,devastation,42,21,21
10015,Dispelgodx,eredar,1647,evoker,devastation,42,20,22
10016,Dracoli,eredar,1646,evoker,devastation,91,48,43
10017,Скорукх,gordunni,1643,evoker,devastation,48,30,18
10018,Дреадди,soulflayer,1643,evoker,devastation,64,34,30
10019,Sürion,grim-batol,1642,evoker,devastation,66,36,30
10020,Ясъелинеры,gordunni,1640,evoker,devastation,54,31,23
10021,Homeoffice,zenedar,1639,evoker,devastation,48,24,24
10022,Draxxys,blackmoore,1637,evoker,devastation,66,33,33
10023,Dragonide,draenor,1636,evoker,devastation,35,20,15
10024,Serulyon,draenor,1636,evoker,devastation,84,43,41
10025,Ruinastrasza,silvermoon,1636,evoker,devastation,169,84,85
10026,Voklath,kazzak,1636,evoker,devastation,61,30,31
10027,Hyperan,twisting-nether,1635,evoker,devastation,82,40,42
10028,Гневиан,eversong,1634,evoker,devastation,102,51,51
10029,Rzektwo,eredar,1634,evoker,devastation,54,24,30
10030,Aegón,uldum,1633,evoker,devastation,84,38,46
10031,Niddhøgg,ragnaros,1632,evoker,devastation,36,21,15
10032,Papayoyo,draenor,1630,evoker,devastation,156,75,81
10033,Crueh,outland,1628,evoker,devastation,36,17,19
10034,Deathdream,stormscale,1627,evoker,devastation,36,17,19
10035,Eskavoker,kazzak,1623,evoker,devastation,36,22,14
10036,Саммеракс,gordunni,1619,evoker,devastation,60,25,35
10037,Mazaw,burning-legion,1613,evoker,devastation,72,41,31
10038,Batsquatch,argent-dawn,1612,evoker,devastation,36,23,13
10039,Drazam,blackrock,1612,evoker,devastation,94,55,39
10040,Zapaflap,silvermoon,1612,evoker,devastation,119,65,54
10041,Shumma,frostmane,1608,evoker,devastation,57,25,32
10042,Denegos,sylvanas,1606,evoker,devastation,66,40,26
10043,Drakshoff,khaz-modan,1606,evoker,devastation,265,142,123
10044,Ludwoker,tarren-mill,1605,evoker,devastation,67,44,23
10045,Lizarduck,tarren-mill,1605,evoker,devastation,52,26,26
10046,Аймбадикабтв,howling-fjord,1605,evoker,devastation,60,29,31
10047,Gasparievok,sylvanas,1603,evoker,devastation,81,45,36
10048,Пивнаябошка,soulflayer,1603,evoker,devastation,36,19,17
10049,Delorraine,burning-legion,1602,evoker,devastation,30,17,13
10050,Släshés,ravencrest,1601,evoker,devastation,48,20,28
10051,Мнякуня,howling-fjord,1600,evoker,devastation,46,24,22
10052,Спайрок,gordunni,1600,evoker,devastation,158,78,80
10053,Soleric,drakthul,1599,evoker,devastation,121,57,64
10054,Fyndassil,blackrock,1599,evoker,devastation,48,17,31
10055,Pêengei,blackrock,1596,evoker,devastation,66,36,30
10056,Углекислот,howling-fjord,1595,evoker,devastation,78,35,43
10057,Parisinka,silvermoon,1591,evoker,devastation,263,140,123
10058,Krothus,outland,1590,evoker,devastation,124,67,57
10059,Ðø,antonidas,1589,evoker,devastation,35,18,17
10060,Devoxz,tarren-mill,1572,evoker,devastation,42,25,17
10061,Øxyom,archimonde,1570,evoker,devastation,46,27,19
10062,Tetsú,tarren-mill,1567,evoker,devastation,54,30,24
10063,Ocanada,draenor,1563,evoker,devastation,84,45,39
10064,Инсейнмэн,soulflayer,1562,evoker,devastation,133,69,64
10065,Touchmywings,ravencrest,1560,evoker,devastation,24,17,7
10066,Voldermort,ravencrest,1558,evoker,devastation,65,39,26
10067,Ch,ghostlands,1551,evoker,devastation,41,20,21
10068,Dragonandyy,blackrock,1547,evoker,devastation,47,26,21
10069,Tezkaz,blackmoore,1542,evoker,devastation,256,128,128
10070,Kayly,twisting-nether,1540,evoker,devastation,42,29,13
10071,Emmagosa,argent-dawn,1539,evoker,devastation,96,52,44
10072,Tiganj,silvermoon,1536,evoker,devastation,48,31,17
10073,Shimmerscale,blackhand,1533,evoker,devastation,111,60,51
10074,Dowaa,tarren-mill,1528,evoker,devastation,42,19,23
10075,Лечулечу,blackscar,1526,evoker,devastation,72,33,39
10076,Hömeöffice,sylvanas,1525,evoker,devastation,41,21,20
10077,Ольменго,fordragon,1523,evoker,devastation,44,18,26
10078,Hyperflexx,blackrock,1521,evoker,devastation,30,16,14
10079,Cûddles,hyjal,1521,evoker,devastation,138,70,68
10080,Dikkondrus,twisting-nether,1519,evoker,devastation,72,39,33
10081,Øseria,khaz-modan,1510,evoker,devastation,98,59,39
10082,Lilpooper,bloodhoof,1508,evoker,devastation,57,29,28
10083,Phanex,bloodhoof,1506,evoker,devastation,66,28,38
10084,Stefanosxios,bloodfeather,1505,evoker,devastation,83,43,40
10085,Ironwing,sanguino,1502,evoker,devastation,456,234,222
10086,Drackial,zuljin,1502,evoker,devastation,48,23,25
10087,Грринч,deathweaver,1502,evoker,devastation,64,30,34
10088,Yol,bladefist,1499,evoker,devastation,54,25,29
10089,Bakspek,kilrogg,1498,evoker,devastation,24,16,8
10090,Mommystrasza,dentarg,1493,evoker,devastation,92,46,46
10091,Draghad,blackmoore,1493,evoker,devastation,70,34,36
10092,Dragorus,stormscale,1490,evoker,devastation,69,36,33
10093,Agnî,sanguino,1490,evoker,devastation,82,40,42
10094,Kaynyxia,argent-dawn,1487,evoker,devastation,45,25,20
10095,Deadlyvok,zenedar,1486,evoker,devastation,24,16,8
10096,Bodytypechad,ravencrest,1482,evoker,devastation,60,32,28
10097,Dracyan,taerar,1479,evoker,devastation,42,24,18
10098,Arbylegion,outland,1478,evoker,devastation,118,63,55
10099,Лабриса,galakrond,1477,evoker,devastation,196,95,101
10100,Chuckyy,archimonde,1476,evoker,devastation,36,21,15
10101,Piyuli,silvermoon,1475,evoker,devastation,49,27,22
10102,Màlakir,chogall,1474,evoker,devastation,44,20,24
10103,Draakoñ,outland,1473,evoker,devastation,42,18,24
10104,Motloh,ravencrest,1468,evoker,devastation,42,20,22
10105,Ken,la-croisade-écarlate,1466,evoker,devastation,192,98,94
10106,Уфдрактир,howling-fjord,1466,evoker,devastation,48,23,25
10107,Shenronblue,bloodscalp,1465,evoker,devastation,30,16,14
10108,Yála,anetheron,1464,evoker,devastation,220,112,108
10109,Baroqs,antonidas,1456,evoker,devastation,24,18,6
10110,Простокоршун,howling-fjord,1456,evoker,devastation,30,20,10
10111,Nagoli,silvermoon,1456,evoker,devastation,52,27,25
10112,Rowzy,sylvanas,1454,evoker,devastation,119,62,57
10113,Кунидракон,gordunni,1453,evoker,devastation,80,37,43
10114,Malfoyer,arathor,1452,evoker,devastation,54,30,24
10115,Ghiscar,dentarg,1451,evoker,devastation,102,50,52
10116,Tibimbo,blackrock,1447,evoker,devastation,86,46,40
10117,Woasid,outland,1440,evoker,devastation,30,17,13
10118,Паунфаунд,eversong,1435,evoker,devastation,96,45,51
10119,Feyrbrand,ysera,1434,evoker,devastation,92,48,44
10120,Bindrasz,ahnqiraj,1433,evoker,devastation,30,15,15
10121,Drunkino,aegwynn,1432,evoker,devastation,60,31,29
10122,Drakea,sanguino,1432,evoker,devastation,98,49,49
10123,Pippomale,nemesis,1430,evoker,devastation,42,22,20
10124,Caliss,archimonde,1427,evoker,devastation,71,38,33
10125,Drákon,dalaran,1425,evoker,devastation,105,49,56
10126,Spýröo,kazzak,1424,evoker,devastation,78,48,30
10127,Fogwing,ravencrest,1420,evoker,devastation,53,27,26
10128,Ferante,ragnaros,1417,evoker,devastation,79,37,42
10129,Nuvese,tarren-mill,1415,evoker,devastation,30,15,15
10130,Solandor,kazzak,1411,evoker,devastation,24,15,9
10131,Lazurius,ravencrest,1410,evoker,devastation,30,15,15
10132,Badrig,silvermoon,1402,evoker,devastation,126,66,60
10133,Flügelnix,blackmoore,1401,evoker,devastation,59,28,31
10134,Skywitch,ragnaros,1401,evoker,devastation,36,15,21
10135,Magmarôs,argent-dawn,1396,evoker,devastation,75,43,32
10136,Avizz,tarren-mill,1396,evoker,devastation,33,18,15
10137,Ouaitamaman,draenor,1386,evoker,devastation,30,15,15
10138,Kuve,stormscale,1386,evoker,devastation,81,39,42
10139,Tályn,twisting-nether,1385,evoker,devastation,48,25,23
10140,Grillkylling,outland,1382,evoker,devastation,57,29,28
10141,Honz,antonidas,1380,evoker,devastation,49,23,26
10142,Keeqo,silvermoon,1378,evoker,devastation,54,33,21
10143,Cuufizix,silvermoon,1377,evoker,devastation,64,35,29
10144,Nathraakhza,argent-dawn,1375,evoker,devastation,48,26,22
10145,Dratheon,dun-modr,1375,evoker,devastation,39,20,19
10146,Kaìdo,tarren-mill,1365,evoker,devastation,48,21,27
10147,Xtdrakaris,uldum,1359,evoker,devastation,443,218,225
10148,Sakade,archimonde,1359,evoker,devastation,66,22,44
10149,Драгтир,blackscar,1355,evoker,devastation,76,45,31
10150,Nazalath,eonar,1354,evoker,devastation,106,51,55
10151,Smegma,norgannon,1348,evoker,devastation,30,15,15
10152,Thyriån,kazzak,1344,evoker,devastation,42,19,23
10153,Juicyjeffe,blackrock,1341,evoker,devastation,18,14,4
10154,Ксдз,soulflayer,1341,evoker,devastation,60,28,32
10155,Yoshinora,archimonde,1337,evoker,devastation,30,15,15
10156,Yaboismok,burning-legion,1336,evoker,devastation,53,23,30
10157,Potéto,rashgarroth,1334,evoker,devastation,72,31,41
10158,Loveheart,die-aldor,1332,evoker,devastation,38,18,20
10159,Karnâks,silvermoon,1326,evoker,devastation,30,16,14
10160,Димадракон,gordunni,1321,evoker,devastation,58,37,21
10161,Yantaî,hyjal,1315,evoker,devastation,42,27,15
10162,Nochance,dentarg,1315,evoker,devastation,66,33,33
10163,Йормунгандка,soulflayer,1313,evoker,devastation,33,16,17
10164,Dakir,blackmoore,1312,evoker,devastation,38,26,12
10165,Seryphys,blackhand,1312,evoker,devastation,48,24,24
10166,Favill,blackhand,1312,evoker,devastation,69,30,39
10167,Nurilla,twisting-nether,1309,evoker,devastation,24,14,10
10168,Snoby,onyxia,1309,evoker,devastation,158,70,88
10169,Childofdawn,blackmoore,1303,evoker,devastation,42,24,18
10170,Darktempest,onyxia,1300,evoker,devastation,66,32,34
10171,Draxone,malfurion,1297,evoker,devastation,54,33,21
10172,Yaldthion,dun-modr,1295,evoker,devastation,48,21,27
10173,Thavion,forscherliga,1291,evoker,devastation,30,14,16
10174,Rieper,twisting-nether,1289,evoker,devastation,195,97,98
10175,Душнот,fordragon,1283,evoker,devastation,65,35,30
10176,Rafale,the-maelstrom,1281,evoker,devastation,36,19,17
10177,Airbourne,sanguino,1280,evoker,devastation,38,18,20
10178,Dragonaked,silvermoon,1279,evoker,devastation,78,38,40
10179,Sharaxis,blackmoore,1276,evoker,devastation,42,23,19
10180,Драганайт,gordunni,1274,evoker,devastation,94,58,36
10181,Shmog,stormscale,1272,evoker,devastation,41,15,26
10182,Raagnar,kazzak,1266,evoker,devastation,60,29,31
10183,Ppiaxx,dalaran,1263,evoker,devastation,30,15,15
10184,Gharløk,outland,1262,evoker,devastation,50,27,23
10185,Itisabuse,antonidas,1262,evoker,devastation,36,18,18
10186,Echoker,stormscale,1261,evoker,devastation,31,16,15
10187,Llael,blackhand,1259,evoker,devastation,86,36,50
10188,Shoggoth,chogall,1258,evoker,devastation,126,59,67
10189,Коляомон,gordunni,1256,evoker,devastation,71,38,33
10190,Emayra,argent-dawn,1253,evoker,devastation,23,14,9
10191,Mölnlycke,twisting-nether,1253,evoker,devastation,29,14,15
10192,Orazur,hyjal,1247,evoker,devastation,18,13,5
10193,Evojøa,tarren-mill,1246,evoker,devastation,24,13,11
10194,Swapxyevo,ravencrest,1246,evoker,devastation,24,13,11
10195,Steeken,haomarush,1246,evoker,devastation,123,56,67
10196,Veo,aggra-português,1244,evoker,devastation,42,20,22
10197,Hazzèr,blackrock,1244,evoker,devastation,100,47,53
10198,Tenshà,nemesis,1244,evoker,devastation,58,26,32
10199,Доракарис,deathweaver,1243,evoker,devastation,42,20,22
10200,Шотнутый,soulflayer,1241,evoker,devastation,45,24,21
10201,Lagerstrasza,stormreaver,1234,evoker,devastation,30,13,17
10202,Snitties,tarren-mill,1234,evoker,devastation,34,14,20
10203,Draconz,stormrage,1231,evoker,devastation,24,13,11
10204,Rufistraz,burning-legion,1231,evoker,devastation,43,18,25
10205,Oudwood,onyxia,1229,evoker,devastation,36,13,23
10206,Xendrag,silvermoon,1227,evoker,devastation,96,45,51
10207,Gämeovêrkïd,archimonde,1226,evoker,devastation,24,13,11
10208,Tokzestra,hyjal,1222,evoker,devastation,62,28,34
10209,Thebigsmoke,lightbringer,1221,evoker,devastation,112,57,55
10210,Серцедраконн,gordunni,1215,evoker,devastation,63,27,36
10211,Dragoncloak,blackrock,1209,evoker,devastation,106,59,47
10212,Evosker,zuljin,1207,evoker,devastation,48,17,31
10213,Isizzu,draenor,1205,evoker,devastation,73,37,36
10214,Razthyr,twisting-nether,1201,evoker,devastation,70,33,37
10215,Xfckd,ragnaros,1199,evoker,devastation,60,28,32
10216,Wingit,frostmane,1187,evoker,devastation,36,21,15
10217,Алексатэтсуя,ashenvale,1186,evoker,devastation,30,14,16
10218,Mesmerìze,khaz-modan,1185,evoker,devastation,30,14,16
10219,Рептилойдина,howling-fjord,1184,evoker,devastation,30,15,15
10220,Ryújín,blackhand,1183,evoker,devastation,29,13,16
10221,Голденджо,gordunni,1182,evoker,devastation,34,14,20
10222,Flaminghot,stormreaver,1179,evoker,devastation,245,131,114
10223,Папиич,soulflayer,1176,evoker,devastation,59,21,38
10224,Dopëshow,drakthul,1170,evoker,devastation,36,20,16
10225,Lugarius,gilneas,1164,evoker,devastation,41,23,18
10226,Meust,destromath,1152,evoker,devastation,24,12,12
10227,Kmzi,twisting-nether,1151,evoker,devastation,24,12,12
10228,Savaithnir,draenor,1149,evoker,devastation,24,12,12
10229,Dragomakry,blackmoore,1148,evoker,devastation,24,16,8
10230,Draguzee,draenor,1146,evoker,devastation,18,12,6
10231,Darthagos,outland,1145,evoker,devastation,18,12,6
10232,Zaralek,stormscale,1145,evoker,devastation,18,12,6
10233,Imwhite,doomhammer,1144,evoker,devastation,48,22,26
10234,Туймаада,soulflayer,1141,evoker,devastation,18,12,6
10235,Ahiresegyfej,ragnaros,1139,evoker,devastation,72,39,33
10236,Ayders,khaz-modan,1139,evoker,devastation,120,53,67
10237,Ekko,nethersturm,1136,evoker,devastation,54,30,24
10238,Wircea,kazzak,1133,evoker,devastation,18,12,6
10239,Ignisaureus,silvermoon,1133,evoker,devastation,30,13,17
10240,Kirinde,draenor,1132,evoker,devastation,18,12,6
10241,Алыйкиви,howling-fjord,1127,evoker,devastation,27,15,12
10242,Sleepnot,argent-dawn,1121,evoker,devastation,18,12,6
10243,Lektar,eredar,1118,evoker,devastation,29,13,16
10244,Dragis,die-aldor,1116,evoker,devastation,30,15,15
10245,Jelboen,draenor,1111,evoker,devastation,34,19,15
10246,Iolite,dun-modr,1111,evoker,devastation,78,39,39
10247,Rytoshi,medivh,1111,evoker,devastation,78,28,50
10248,Lago,gorgonnash,1107,evoker,devastation,37,20,17
10249,Theredpepper,outland,1104,evoker,devastation,30,12,18
10250,Hornytail,doomhammer,1090,evoker,devastation,23,12,11
10251,Crygon,outland,1086,evoker,devastation,42,17,25
10252,Tazouu,marécage-de-zangar,1082,evoker,devastation,18,12,6
10253,Padrepì,nemesis,1078,evoker,devastation,18,13,5
10254,Syraxis,shadowsong,1074,evoker,devastation,22,12,10
10255,Raktoy,frostwolf,1071,evoker,devastation,70,28,42
10256,Мизурион,gordunni,1070,evoker,devastation,24,19,5
10257,Akúda,blackhand,1069,evoker,devastation,42,20,22
10258,Sethos,dalaran,1068,evoker,devastation,36,13,23
10259,Дархо,goldrinn,1061,evoker,devastation,24,15,9
10260,Dranke,silvermoon,1059,evoker,devastation,43,22,21
10261,Mørningstãr,ragnaros,1055,evoker,devastation,18,11,7
10262,Аксиомх,soulflayer,1055,evoker,devastation,24,11,13
10263,Dragônslayer,amanthul,1054,evoker,devastation,24,14,10
10264,Telepathy,ravencrest,1053,evoker,devastation,18,11,7
10265,Калесгоз,howling-fjord,1053,evoker,devastation,24,11,13
10266,Pêrcevâl,archimonde,1053,evoker,devastation,24,11,13
10267,Dragonlia,blackrock,1052,evoker,devastation,18,11,7
10268,Lecutos,sunstrider,1052,evoker,devastation,18,11,7
10269,Daboc,tarren-mill,1051,evoker,devastation,74,30,44
10270,Azzul,teldrassil,1046,evoker,devastation,25,14,11
10271,Dovakin,arathi,1043,evoker,devastation,20,12,8
10272,Otr,draenor,1037,evoker,devastation,72,29,43
10273,Гекаш,soulflayer,1034,evoker,devastation,36,11,25
10274,Elorand,ulduar,1025,evoker,devastation,78,29,49
10275,Bubbleblower,stormscale,1023,evoker,devastation,16,11,5
10276,Canitabravar,cthun,1023,evoker,devastation,48,23,25
10277,Rîncêwind,uldum,1018,evoker,devastation,42,25,17
10278,Dàenérys,hyjal,1016,evoker,devastation,30,20,10
10279,Pedogos,outland,1016,evoker,devastation,75,31,44
10280,Arella,mannoroth,1008,evoker,devastation,137,70,67
10281,Kirkgon,terokkar,1003,evoker,devastation,36,12,24
10282,Drakridarn,kazzak,999,evoker,devastation,29,11,18
10283,Mallor,kirin-tor,990,evoker,devastation,36,14,22
10284,Julerion,draenor,984,evoker,devastation,42,26,16
10285,Vucashi,blackhand,974,evoker,devastation,46,18,28
10286,Ashlàr,earthen-ring,968,evoker,devastation,39,15,24
10287,Dragonhero,arygos,966,evoker,devastation,84,45,39
10288,Minikuja,culte-de-la-rive-noire,961,evoker,devastation,120,59,61
10289,Billyhassan,stormscale,960,evoker,devastation,12,10,2
10290,Rhegal,auchindoun,960,evoker,devastation,12,10,2
10291,Bläckrow,tarren-mill,960,evoker,devastation,12,10,2
10292,Spicylizard,stormscale,960,evoker,devastation,18,10,8
10293,Kiwí,antonidas,960,evoker,devastation,18,10,8
10294,Jinthyr,anachronos,959,evoker,devastation,12,10,2
10295,Lùñe,hyjal,959,evoker,devastation,12,10,2
10296,Terradòr,die-aldor,959,evoker,devastation,18,10,8
10297,Drevo,nemesis,958,evoker,devastation,12,10,2
10298,Varagon,rexxar,958,evoker,devastation,18,10,8
10299,Волккейн,soulflayer,958,evoker,devastation,18,10,8
10300,Dragotar,malygos,958,evoker,devastation,79,42,37
10301,Evokimag,grim-batol,958,evoker,devastation,24,10,14
10302,Enzospatalo,nemesis,955,evoker,devastation,18,10,8
10303,Danaval,blackhand,955,evoker,devastation,18,10,8
10304,Maccen,twisting-nether,955,evoker,devastation,18,10,8
10305,Grajade,dun-modr,954,evoker,devastation,18,10,8
10306,Boulior,defias-brotherhood,952,evoker,devastation,24,10,14
10307,Lizzardhero,kazzak,948,evoker,devastation,24,10,14
10308,Leyca,outland,946,evoker,devastation,30,10,20
10309,Tenkenfutsu,elune,944,evoker,devastation,80,33,47
10310,Быковскии,howling-fjord,939,evoker,devastation,60,34,26
10311,Scalo,kazzak,935,evoker,devastation,17,10,7
10312,Jkrowlingxox,ravencrest,928,evoker,devastation,36,17,19
10313,Leskano,aegwynn,923,evoker,devastation,30,14,16
10314,Drakkisat,archimonde,918,evoker,devastation,34,17,17
10315,Ewoky,ravencrest,908,evoker,devastation,24,10,14
10316,Stormydude,doomhammer,907,evoker,devastation,24,13,11
10317,Tendoker,ragnaros,888,evoker,devastation,17,10,7
10318,Sleipnyr,garrosh,888,evoker,devastation,60,27,33
10319,Donairian,doomhammer,885,evoker,devastation,60,29,31
10320,Disizmaju,silvermoon,873,evoker,devastation,30,15,15
10321,Lifestrasza,drakthul,868,evoker,devastation,13,10,3
10322,Deny,frostmane,864,evoker,devastation,12,9,3
10323,Pinacóladaqt,stormscale,864,evoker,devastation,18,9,9
10324,Krazuntus,argent-dawn,864,evoker,devastation,18,9,9
10325,Juhadormu,stormreaver,864,evoker,devastation,18,9,9
10326,Yimvoker,blackrock,864,evoker,devastation,18,9,9
10327,Ralfferion,auchindoun,864,evoker,devastation,18,9,9
10328,Luu,the-maelstrom,863,evoker,devastation,18,9,9
10329,Féféledragon,archimonde,863,evoker,devastation,18,9,9
10330,Рогатыйдебик,gordunni,863,evoker,devastation,18,9,9
10331,Haltorr,ravencrest,863,evoker,devastation,24,9,15
10332,Storhorn,silvermoon,863,evoker,devastation,30,9,21
10333,Abehethan,archimonde,862,evoker,devastation,18,9,9
10334,Saragoza,kirin-tor,862,evoker,devastation,18,9,9
10335,Dreek,emerald-dream,861,evoker,devastation,12,9,3
10336,Nanderoza,the-maelstrom,861,evoker,devastation,12,9,3
10337,Scathethrel,draenor,861,evoker,devastation,18,9,9
10338,Dschíses,malganis,858,evoker,devastation,18,9,9
10339,Karistrasza,sylvanas,854,evoker,devastation,24,9,15
10340,Elitedraach,tarren-mill,847,evoker,devastation,17,9,8
10341,Oeos,dragonblight,843,evoker,devastation,30,9,21
10342,Флардикас,gordunni,842,evoker,devastation,24,9,15
10343,Scalash,drakthul,836,evoker,devastation,54,25,29
10344,Xatures,twisting-nether,832,evoker,devastation,24,14,10
10345,Sivaas,arathi,832,evoker,devastation,60,29,31
10346,Thebabayag,kazzak,823,evoker,devastation,24,10,14
10347,Crynerf,ravencrest,817,evoker,devastation,84,39,45
10348,Tsunamì,ysondre,768,evoker,devastation,12,8,4
10349,Beeragos,deathwing,768,evoker,devastation,12,8,4
10350,Gloombloom,emeriss,768,evoker,devastation,13,8,5
10351,Súnny,archimonde,768,evoker,devastation,15,8,7
10352,Garussy,draenor,768,evoker,devastation,18,8,10
10353,Zp,kazzak,768,evoker,devastation,18,8,10
10354,Nekrosdrake,tarren-mill,768,evoker,devastation,18,8,10
10355,Mazakqt,draenor,768,evoker,devastation,18,8,10
10356,Judda,stormscale,768,evoker,devastation,18,8,10
10357,Balerioon,draenor,767,evoker,devastation,12,8,4
10358,Fayral,blackmoore,767,evoker,devastation,12,8,4
10359,Lumberdrake,stormscale,767,evoker,devastation,12,8,4
10360,Tooltipshow,ragnaros,767,evoker,devastation,18,8,10
10361,Deathwingx,sylvanas,767,evoker,devastation,18,8,10
10362,Antistrasza,argent-dawn,766,evoker,devastation,12,8,4
10363,Aiakès,marécage-de-zangar,766,evoker,devastation,12,8,4
10364,Vagar,garona,766,evoker,devastation,18,8,10
10365,Flypzz,stormscale,766,evoker,devastation,18,8,10
10366,Flawxy,blackmoore,766,evoker,devastation,18,8,10
10367,Saratharion,argent-dawn,764,evoker,devastation,24,8,16
10368,Firebutt,argent-dawn,763,evoker,devastation,12,8,4
10369,Ogienoddech,silvermoon,762,evoker,devastation,18,8,10
10370,Zerotales,turalyon,755,evoker,devastation,12,8,4
10371,Drakenballen,ragnaros,755,evoker,devastation,15,8,7
10372,Davioncz,thunderhorn,749,evoker,devastation,12,8,4
10373,Acedragniir,khaz-modan,730,evoker,devastation,18,8,10
10374,Morsan,tichondrius,679,evoker,devastation,15,8,7
10375,Lulvoker,blackrock,672,evoker,devastation,12,7,5
10376,Paizz,tarren-mill,672,evoker,devastation,12,7,5
10377,Sebek,archimonde,672,evoker,devastation,12,7,5
10378,Styxev,blackhand,672,evoker,devastation,12,7,5
10379,Zettaflare,nazjatar,672,evoker,devastation,12,7,5
10380,Merqury,ravencrest,672,evoker,devastation,12,7,5
10381,Gonzalo,dun-modr,672,evoker,devastation,12,7,5
10382,Эбиб,gordunni,672,evoker,devastation,12,7,5
10383,Arecibo,tarren-mill,672,evoker,devastation,12,7,5
10384,Flythe,silvermoon,672,evoker,devastation,12,7,5
10385,Ønce,durotan,672,evoker,devastation,18,7,11
10386,Kda,die-nachtwache,672,evoker,devastation,18,7,11
10387,Hästdrake,the-maelstrom,672,evoker,devastation,18,7,11
10388,Glurakk,aegwynn,672,evoker,devastation,18,7,11
10389,Zaradreth,grim-batol,672,evoker,devastation,18,7,11
10390,Drexxe,boulderfist,672,evoker,devastation,24,7,17
10391,Юнигоса,soulflayer,671,evoker,devastation,12,7,5
10392,Kábutø,antonidas,671,evoker,devastation,12,7,5
10393,Evoslaps,norgannon,671,evoker,devastation,12,7,5
10394,Stalkhyr,elune,671,evoker,devastation,18,7,11
10395,Mijähh,taerar,671,evoker,devastation,18,7,11
10396,Enemi,twisting-nether,669,evoker,devastation,14,9,5
10397,Kvothe,malygos,668,evoker,devastation,18,7,11
10398,Fruhans,tarren-mill,667,evoker,devastation,12,7,5
10399,Аверьятор,fordragon,663,evoker,devastation,18,7,11
10400,Chrysaetor,argent-dawn,657,evoker,devastation,12,7,5
10401,Kayizer,archimonde,657,evoker,devastation,12,7,5
10402,Draknil,ysondre,640,evoker,devastation,16,7,9
10403,Zharas,nemesis,623,evoker,devastation,11,7,4
10404,Glennett,silvermoon,608,evoker,devastation,16,7,9
10405,Blazinamazin,korgall,605,evoker,devastation,16,7,9
10406,Zpartadraga,ragnaros,584,evoker,devastation,9,8,1
10407,Henmon,defias-brotherhood,576,evoker,devastation,6,6,0
10408,Tholanía,baelgun,576,evoker,devastation,6,6,0
10409,Hodnsak,blackmoore,576,evoker,devastation,6,6,0
10410,Terrorclaw,ragnaros,576,evoker,devastation,12,6,6
10411,Naömi,archimonde,576,evoker,devastation,12,6,6
10412,Дыханиеочка,howling-fjord,576,evoker,devastation,12,6,6
10413,Azustraza,ysondre,576,evoker,devastation,12,6,6
10414,Puffdaddyxd,twisting-nether,576,evoker,devastation,12,6,6
10415,Mattyastrasz,hyjal,576,evoker,devastation,12,6,6
10416,Aesstrass,hyjal,576,evoker,devastation,12,6,6
10417,Drôgon,archimonde,576,evoker,devastation,12,6,6
10418,Фаламэйн,soulflayer,576,evoker,devastation,12,6,6
10419,Khimari,xavius,576,evoker,devastation,12,6,6
10420,Charezard,draenor,576,evoker,devastation,12,6,6
10421,Dracalos,silvermoon,576,evoker,devastation,12,6,6
10422,Xendragon,kazzak,576,evoker,devastation,12,6,6
10423,Митокада,soulflayer,576,evoker,devastation,18,6,12
10424,Fabrizios,blackrock,576,evoker,devastation,18,6,12
10425,Burnrate,draenor,576,evoker,devastation,20,6,14
10426,Barneyxx,tarren-mill,576,evoker,devastation,24,6,18
10427,Batmanjasii,eredar,575,evoker,devastation,12,6,6
10428,Ágarosz,sanguino,575,evoker,devastation,12,6,6
10429,Chunlooi,baelgun,575,evoker,devastation,12,6,6
10430,Meyowuo,doomhammer,575,evoker,devastation,14,6,8
10431,Uprover,kazzak,575,evoker,devastation,18,6,12
10432,Copíum,silvermoon,575,evoker,devastation,18,6,12
10433,Малесиндра,gordunni,575,evoker,devastation,18,6,12
10434,Temeraire,argent-dawn,575,evoker,devastation,18,6,12
10435,Mazzg,blackmoore,574,evoker,devastation,21,7,14
10436,Morph,talnivarr,574,evoker,devastation,18,6,12
10437,Kharon,garrosh,574,evoker,devastation,24,6,18
10438,Firaxis,kazzak,573,evoker,devastation,12,6,6
10439,Эллъис,gordunni,544,evoker,devastation,34,7,27
10440,Molem,defias-brotherhood,543,evoker,devastation,11,6,5
10441,Филлид,gordunni,543,evoker,devastation,14,7,7
10442,Lilvorki,silvermoon,543,evoker,devastation,17,6,11
10443,Hekatonshire,hyjal,539,evoker,devastation,11,6,5
10444,Rise,tarren-mill,522,evoker,devastation,12,7,5
10445,Drakeflaps,lightnings-blade,480,evoker,devastation,6,5,1
10446,Hösh,elune,480,evoker,devastation,6,5,1
10447,Tovaro,xavius,480,evoker,devastation,6,5,1
10448,Chronougi,ravencrest,480,evoker,devastation,6,5,1
10449,Elvarg,ragnaros,480,evoker,devastation,6,5,1
10450,Норимида,soulflayer,480,evoker,devastation,6,5,1
10451,Nyedrak,kilrogg,480,evoker,devastation,6,5,1
10452,Сансетшторм,gordunni,480,evoker,devastation,12,5,7
10453,Bullseiye,silvermoon,480,evoker,devastation,12,5,7
10454,Soondeleted,eredar,480,evoker,devastation,12,5,7
10455,Dracnass,silvermoon,480,evoker,devastation,12,5,7
10456,Kuhi,twisting-nether,480,evoker,devastation,12,5,7
10457,Syraxxes,sanguino,480,evoker,devastation,12,5,7
10458,Pavelito,ysondre,480,evoker,devastation,12,5,7
10459,Arbîter,eredar,480,evoker,devastation,12,5,7
10460,Bal,arakarahm,480,evoker,devastation,12,5,7
10461,Pandagos,archimonde,480,evoker,devastation,12,5,7
10462,Cooperevoker,blackrock,480,evoker,devastation,12,5,7
10463,Niddhog,antonidas,480,evoker,devastation,12,5,7
10464,Rekinn,tarren-mill,480,evoker,devastation,12,5,7
10465,Леерустан,howling-fjord,480,evoker,devastation,12,5,7
10466,Skulblakas,blackmoore,480,evoker,devastation,12,5,7
10467,Icyevoker,ravencrest,480,evoker,devastation,12,5,7
10468,Nerõ,thrall,480,evoker,devastation,12,5,7
10469,Spyro,bloodfeather,480,evoker,devastation,12,5,7
10470,Gissthebuzzy,dun-modr,480,evoker,devastation,12,5,7
10471,Wuschwuscha,thrall,480,evoker,devastation,12,5,7
10472,Predictrash,archimonde,480,evoker,devastation,12,5,7
10473,Tilwahlzok,pozzo-delleternità,480,evoker,devastation,12,5,7
10474,Vermithors,ravencrest,479,evoker,devastation,12,5,7
10475,Magicae,drakthul,479,evoker,devastation,12,5,7
10476,Кайрэс,gordunni,479,evoker,devastation,12,5,7
10477,Draganeel,frostwolf,479,evoker,devastation,18,5,13
10478,Mirazare,khadgar,478,evoker,devastation,12,5,7
10479,Vanima,forscherliga,477,evoker,devastation,6,5,1
10480,Shenrøn,garona,476,evoker,devastation,12,5,7
10481,Blamdrake,blackhand,384,evoker,devastation,6,4,2
10482,Theralon,tarren-mill,384,evoker,devastation,6,4,2
10483,Zyevoker,silvermoon,384,evoker,devastation,6,4,2
10484,Iblvicanfly,stormscale,384,evoker,devastation,6,4,2
10485,Jarhys,draenor,384,evoker,devastation,6,4,2
10486,Scalewind,twisting-nether,384,evoker,devastation,6,4,2
10487,Штеци,howling-fjord,384,evoker,devastation,6,4,2
10488,Notadvanced,draenor,384,evoker,devastation,6,4,2
10489,Gulimvoker,aegwynn,384,evoker,devastation,6,4,2
10490,Wurm,shadowsong,384,evoker,devastation,6,4,2
10491,Skiora,argent-dawn,384,evoker,devastation,6,4,2
10492,Дракарус,soulflayer,384,evoker,devastation,12,4,8
10493,Dracofeuxd,archimonde,384,evoker,devastation,12,4,8
10494,Nynnaydoth,drakthul,384,evoker,devastation,12,4,8
10495,Chck,ragnaros,384,evoker,devastation,12,4,8
10496,Vrèsh,blackrock,384,evoker,devastation,12,4,8
10497,Лавеон,gordunni,384,evoker,devastation,12,4,8
10498,Pentraktar,pozzo-delleternità,384,evoker,devastation,12,4,8
10499,Spyróò,ravencrest,384,evoker,devastation,12,4,8
10500,Huangzhang,burning-legion,384,evoker,devastation,12,4,8
10501,Croker,ravencrest,384,evoker,devastation,12,4,8
10502,Ãbl,silvermoon,384,evoker,devastation,12,4,8
10503,Sadlylate,dentarg,384,evoker,devastation,18,4,14
10504,Bæxo,blackrock,384,evoker,devastation,18,4,14
10505,Jamesdouglas,eredar,383,evoker,devastation,6,4,2
10506,Deskölorio,shendralar,383,evoker,devastation,7,4,3
10507,Bombrush,ragnaros,383,evoker,devastation,9,5,4
10508,Ominobari,silvermoon,383,evoker,devastation,18,4,14
10509,Sheego,anetheron,382,evoker,devastation,6,4,2
10510,Calonddraig,turalyon,382,evoker,devastation,6,4,2
10511,Flameclaw,argent-dawn,382,evoker,devastation,6,4,2
10512,Deimong,khaz-modan,381,evoker,devastation,12,4,8
10513,Quicksmoke,argent-dawn,379,evoker,devastation,21,6,15
10514,Dracsamdi,tarren-mill,367,evoker,devastation,11,4,7
10515,Renalia,blackrock,351,evoker,devastation,14,5,9
10516,Evokíng,argent-dawn,330,evoker,devastation,10,5,5
10517,Tremola,twisting-nether,320,evoker,devastation,10,4,6
10518,Belkavoker,zirkel-des-cenarius,319,evoker,devastation,5,4,1
10519,Somntersu,argent-dawn,319,evoker,devastation,5,4,1
10520,Adônis,malorne,288,evoker,devastation,6,3,3
10521,Норус,howling-fjord,288,evoker,devastation,6,3,3
10522,Psheetae,kazzak,288,evoker,devastation,6,3,3
10523,Nørgan,die-aldor,288,evoker,devastation,6,3,3
10524,Ughvoker,kazzak,288,evoker,devastation,6,3,3
10525,Draceon,argent-dawn,288,evoker,devastation,6,3,3
10526,Dalsath,silvermoon,288,evoker,devastation,6,3,3
10527,Azurog,blackmoore,288,evoker,devastation,6,3,3
10528,Drachenwut,aegwynn,288,evoker,devastation,6,3,3
10529,Akaitzu,blackmoore,288,evoker,devastation,6,3,3
10530,Shåmsse,kazzak,288,evoker,devastation,6,3,3
10531,Ripgódx,bronzebeard,288,evoker,devastation,6,3,3
10532,Feinerkerl,blackmoore,288,evoker,devastation,6,3,3
10533,Malowux,outland,288,evoker,devastation,6,3,3
10534,Rosiash,auchindoun,288,evoker,devastation,6,3,3
10535,Навидх,howling-fjord,288,evoker,devastation,6,3,3
10536,Runednmf,kazzak,288,evoker,devastation,6,3,3
10537,Nerfmeplze,outland,288,evoker,devastation,6,3,3
10538,Тектрис,howling-fjord,288,evoker,devastation,6,3,3
10539,Эндемический,soulflayer,288,evoker,devastation,6,3,3
10540,Jaykvoker,kazzak,288,evoker,devastation,6,3,3
10541,Fivebeers,silvermoon,288,evoker,devastation,6,3,3
10542,Драккалис,eversong,288,evoker,devastation,6,3,3
10543,Merrius,der-rat-von-dalaran,288,evoker,devastation,6,3,3
10544,Jrmdragik,kaelthas,288,evoker,devastation,6,3,3
10545,Keltullis,archimonde,288,evoker,devastation,6,3,3
10546,Louzard,draenor,288,evoker,devastation,6,3,3
10547,Nózdormuwu,argent-dawn,288,evoker,devastation,6,3,3
10548,Feldrac,ravencrest,288,evoker,devastation,6,3,3
10549,Lìshrá,baelgun,288,evoker,devastation,6,3,3
10550,Galanix,argent-dawn,288,evoker,devastation,6,3,3
10551,Azzazed,dun-modr,288,evoker,devastation,6,3,3
10552,Bestofriendo,eredar,288,evoker,devastation,6,3,3
10553,Mollÿ,sanguino,288,evoker,devastation,6,3,3
10554,Lajra,ragnaros,288,evoker,devastation,6,3,3
10555,Dracofion,ravencrest,288,evoker,devastation,6,3,3
10556,Geckonen,stormreaver,288,evoker,devastation,6,3,3
10557,Flippmoker,argent-dawn,288,evoker,devastation,6,3,3
10558,Ernesti,draenor,288,evoker,devastation,6,3,3
10559,Ðragøn,argent-dawn,288,evoker,devastation,6,3,3
10560,Alusiedrake,ravencrest,288,evoker,devastation,6,3,3
10561,Whaazzdragon,tarren-mill,288,evoker,devastation,6,3,3
10562,Hateroll,ravencrest,288,evoker,devastation,6,3,3
10563,Drokki,burning-legion,288,evoker,devastation,6,3,3
10564,Gailliade,archimonde,288,evoker,devastation,12,3,9
10565,Raøug,blackmoore,288,evoker,devastation,12,3,9
10566,Shindragøsa,ysondre,288,evoker,devastation,12,3,9
10567,Tamargon,frostwhisper,288,evoker,devastation,12,3,9
10568,Rhel,the-maelstrom,288,evoker,devastation,12,3,9
10569,Valdrakken,anubarak,288,evoker,devastation,12,3,9
10570,Sáróman,ravencrest,288,evoker,devastation,13,3,10
10571,Belianf,silvermoon,287,evoker,devastation,6,3,3
10572,Sliimshady,dalaran,287,evoker,devastation,6,3,3
10573,Drks,draenor,287,evoker,devastation,12,4,8
10574,Aegonis,archimonde,287,evoker,devastation,12,3,9
10575,Abcxqt,hyjal,287,evoker,devastation,12,3,9
10576,Syccs,blackrock,255,evoker,devastation,8,4,4
10577,Argentrenard,twilights-hammer,239,evoker,devastation,5,3,2
10578,Kirien,blackhand,234,evoker,devastation,22,4,18
10579,Färsia,drakthul,223,evoker,devastation,8,3,5
10580,Gelamk,twisting-nether,192,evoker,devastation,6,2,4
10581,Авидогх,gordunni,192,evoker,devastation,6,2,4
10582,Vynestria,argent-dawn,192,evoker,devastation,6,2,4
10583,Kandragor,antonidas,192,evoker,devastation,6,2,4
10584,Camilis,archimonde,192,evoker,devastation,6,2,4
10585,Snàx,aggra-português,192,evoker,devastation,6,2,4
10586,Fueu,draenor,192,evoker,devastation,6,2,4
10587,Drevoker,daggerspine,192,evoker,devastation,6,2,4
10588,Adamâs,archimonde,192,evoker,devastation,6,2,4
10589,Lelemion,arathor,192,evoker,devastation,6,2,4
10590,Exitelolx,blackrock,192,evoker,devastation,6,2,4
10591,Валказар,gordunni,192,evoker,devastation,6,2,4
10592,Bittewhyally,grim-batol,192,evoker,devastation,6,2,4
10593,Airplanepeek,draenor,192,evoker,devastation,6,2,4
10594,Norskairline,kazzak,192,evoker,devastation,6,2,4
10595,Twokgbananas,blackhand,192,evoker,devastation,6,2,4
10596,Drakary,chogall,192,evoker,devastation,6,2,4
10597,Niluslangbal,stormscale,192,evoker,devastation,6,2,4
10598,Reddeaddrago,silvermoon,192,evoker,devastation,6,2,4
10599,Azzaanan,kirin-tor,192,evoker,devastation,6,2,4
10600,Chürbis,blackmoore,192,evoker,devastation,6,2,4
10601,Ellphi,illidan,192,evoker,devastation,6,2,4
10602,Shenronn,zuljin,192,evoker,devastation,6,2,4
10603,Oogabuga,outland,192,evoker,devastation,6,2,4
10604,Evøcado,blackmoore,192,evoker,devastation,6,2,4
10605,Майтимаус,goldrinn,192,evoker,devastation,6,2,4
10606,Hahahahalolx,twisting-nether,192,evoker,devastation,6,2,4
10607,Draaxy,twisting-nether,192,evoker,devastation,6,2,4
10608,Draagon,burning-legion,192,evoker,devastation,6,2,4
10609,Kroqmoo,drekthar,192,evoker,devastation,7,2,5
10610,Lubyan,pozzo-delleternità,192,evoker,devastation,18,3,15
10611,Nybxx,frostmane,192,evoker,devastation,12,2,10
10612,Erenhan,archimonde,192,evoker,devastation,12,2,10
10613,Oldlizard,blackrock,192,evoker,devastation,12,2,10
10614,Jacra,twisting-nether,192,evoker,devastation,12,2,10
10615,Невердракон,howling-fjord,192,evoker,devastation,12,2,10
10616,Andragosa,confrérie-du-thorium,192,evoker,devastation,12,2,10
10617,Czerwonooki,turalyon,192,evoker,devastation,12,2,10
10618,Shellfire,twisting-nether,192,evoker,devastation,12,2,10
10619,Дракомант,eversong,192,evoker,devastation,12,2,10
10620,Jpeo,blackhand,192,evoker,devastation,12,2,10
10621,Tatsuki,arthas,192,evoker,devastation,18,2,16
10622,Kraakraa,turalyon,191,evoker,devastation,6,2,4
10623,Вжухкия,gordunni,159,evoker,devastation,5,2,3
10624,Gypsydrake,tarren-mill,159,evoker,devastation,8,3,5
10625,Kekeri,blackhand,112,evoker,devastation,7,2,5
10626,Tneen,stormscale,96,evoker,devastation,3,2,1
10627,Craycry,argent-dawn,96,evoker,devastation,6,1,5
10628,Suba,tarren-mill,96,evoker,devastation,6,1,5
10629,Terrorwings,twisting-nether,96,evoker,devastation,6,1,5
10630,Jetfqds,archimonde,96,evoker,devastation,6,1,5
10631,Vahamut,argent-dawn,96,evoker,devastation,6,1,5
10632,Eosin,blackrock,96,evoker,devastation,6,1,5
10633,Holdya,archimonde,96,evoker,devastation,6,1,5
10634,Asharys,argent-dawn,96,evoker,devastation,6,1,5
10635,Dracarysfire,kazzak,96,evoker,devastation,6,1,5
10636,Zerario,blackhand,96,evoker,devastation,6,1,5
10637,Piecemaker,malganis,96,evoker,devastation,6,1,5
10638,Zørix,hyjal,96,evoker,devastation,6,1,5
10639,Ronmanarmy,blackrock,96,evoker,devastation,6,1,5
10640,Мельхиор,booty-bay,96,evoker,devastation,6,1,5
10641,Devanthar,argent-dawn,96,evoker,devastation,6,1,5
10642,Тренакса,soulflayer,96,evoker,devastation,6,1,5
10643,Skyfire,stormscale,96,evoker,devastation,6,1,5
10644,Rawrdragon,twisting-nether,96,evoker,devastation,6,1,5
10645,Bloodspiral,tarren-mill,96,evoker,devastation,6,1,5
10646,Retyss,twisting-nether,96,evoker,devastation,6,1,5
10647,Effrt,ravencrest,96,evoker,devastation,12,1,11
10648,Spioche,burning-legion,96,evoker,devastation,12,1,11
10649,Setur,outland,96,evoker,devastation,12,1,11
10650,Драгоблуд,soulflayer,79,evoker,devastation,5,1,4
10651,Xidalulz,sylvanas,63,evoker,devastation,2,2,0
10652,Bulydracguir,kazzak,42,evoker,devastation,7,2,5
10653,Âspên,archimonde,31,evoker,devastation,2,1,1
10654,Abragan,aegwynn,31,evoker,devastation,2,1,1
10655,Chronoalis,nemesis,31,evoker,devastation,2,1,1
10656,Thundermifln,nemesis,16,evoker,devastation,7,1,6
10657,Ceitronox,argent-dawn,2101,hunter,marksmanship,78,40,38
10658,Matasso,burning-legion,1984,hunter,marksmanship,185,94,91
10659,Olyleskotch,ravencrest,1983,hunter,marksmanship,60,31,29
10660,Nennimi,ravencrest,1978,hunter,marksmanship,87,44,43
10661,Alêx,outland,1973,hunter,marksmanship,114,58,56
10662,Pjållistani,ravencrest,1967,hunter,marksmanship,188,100,88
10663,Yasuohasagi,archimonde,1967,hunter,marksmanship,60,30,30
10664,Stavfel,kazzak,1965,hunter,marksmanship,95,49,46
10665,Мартидэн,howling-fjord,1949,hunter,marksmanship,155,76,79
10666,Stylez,emeriss,1945,hunter,marksmanship,66,35,31
10667,Drxta,blackrock,1937,hunter,marksmanship,72,36,36
10668,Yezzu,sylvanas,1936,hunter,marksmanship,68,34,34
10669,Wruck,echsenkessel,1929,hunter,marksmanship,126,71,55
10670,Harrianlar,ravenholdt,1905,hunter,marksmanship,120,53,67
10671,Huprah,ravencrest,1901,hunter,marksmanship,126,63,63
10672,Аккулэйд,blackscar,1859,hunter,marksmanship,72,35,37
10673,Skilachi,stormscale,1848,hunter,marksmanship,84,39,45
10674,Душнила,razuvious,1841,hunter,marksmanship,113,57,56
10675,Aimywinehaus,drakthul,1840,hunter,marksmanship,60,31,29
10676,Evacuatur,argent-dawn,1826,hunter,marksmanship,66,33,33
10677,Wildheárt,aegwynn,1824,hunter,marksmanship,66,35,31
10678,Ancalarion,tarren-mill,1824,hunter,marksmanship,54,26,28
10679,Hï,eitrigg,1819,hunter,marksmanship,72,35,37
10680,Cenaa,ragnaros,1816,hunter,marksmanship,25,19,6
10681,Rashoumon,zuljin,1816,hunter,marksmanship,52,35,17
10682,Techpoint,silvermoon,1816,hunter,marksmanship,42,27,15
10683,Crôwley,twisting-nether,1816,hunter,marksmanship,54,30,24
10684,Xoarqt,aegwynn,1812,hunter,marksmanship,72,32,40
10685,Лесбиянюсь,gordunni,1809,hunter,marksmanship,30,19,11
10686,Lenooby,blades-edge,1807,hunter,marksmanship,90,48,42
10687,Áñmy,ravencrest,1804,hunter,marksmanship,53,28,25
10688,Aimshotx,stormscale,1801,hunter,marksmanship,48,28,20
10689,Mogwai,stormscale,1801,hunter,marksmanship,59,29,30
10690,Арамор,blackscar,1787,hunter,marksmanship,52,30,22
10691,Iceyx,stormscale,1785,hunter,marksmanship,42,19,23
10692,Passalaqua,aegwynn,1783,hunter,marksmanship,72,43,29
10693,Warbringerx,stormscale,1782,hunter,marksmanship,36,19,17
10694,Åíøñs,kazzak,1778,hunter,marksmanship,35,19,16
10695,Myice,twisting-nether,1771,hunter,marksmanship,66,36,30
10696,Onlystuns,sylvanas,1771,hunter,marksmanship,83,41,42
10697,Misstrap,drakthul,1769,hunter,marksmanship,53,35,18
10698,Johnreapèr,sylvanas,1762,hunter,marksmanship,77,36,41
10699,Suchskill,stormreaver,1752,hunter,marksmanship,60,29,31
10700,Spoonfingers,ravencrest,1744,hunter,marksmanship,41,21,20
10701,Mógwaí,stormscale,1739,hunter,marksmanship,54,29,25
10702,Buffrøgues,ravencrest,1739,hunter,marksmanship,175,88,87
10703,Dis,twilights-hammer,1739,hunter,marksmanship,53,26,27
10704,Bestregards,ravencrest,1739,hunter,marksmanship,95,42,53
10705,Murtagh,khaz-modan,1733,hunter,marksmanship,72,37,35
10706,Amistat,kazzak,1732,hunter,marksmanship,115,57,58
10707,Huntrag,tarren-mill,1729,hunter,marksmanship,247,123,124
10708,Лотариель,howling-fjord,1728,hunter,marksmanship,66,34,32
10709,Spirys,drakthul,1727,hunter,marksmanship,48,20,28
10710,Trashcarlito,eredar,1725,hunter,marksmanship,36,23,13
10711,Lègolas,sylvanas,1721,hunter,marksmanship,66,28,38
10712,Hallé,frostmane,1714,hunter,marksmanship,78,43,35
10713,Strikke,archimonde,1709,hunter,marksmanship,42,18,24
10714,Dragnial,kazzak,1703,hunter,marksmanship,53,26,27
10715,Setyouintrap,ravencrest,1698,hunter,marksmanship,42,24,18
10716,Xanter,blackrock,1698,hunter,marksmanship,62,29,33
10717,Ремонтлицаа,gordunni,1695,hunter,marksmanship,115,66,49
10718,Podroto,tyrande,1688,hunter,marksmanship,71,28,43
10719,Trapsfordays,tarren-mill,1687,hunter,marksmanship,40,23,17
10720,Huntsmart,kazzak,1682,hunter,marksmanship,78,34,44
10721,Lowcaskor,turalyon,1678,hunter,marksmanship,47,26,21
10722,Deuterium,stormscale,1677,hunter,marksmanship,36,26,10
10723,Velrox,blackmoore,1674,hunter,marksmanship,60,30,30
10724,Jabela,eredar,1668,hunter,marksmanship,78,35,43
10725,Rizlay,the-maelstrom,1663,hunter,marksmanship,84,38,46
10726,Maticshorter,blackmoore,1660,hunter,marksmanship,29,18,11
10727,Eldrekou,kazzak,1657,hunter,marksmanship,48,22,26
10728,Murkek,drakthul,1653,hunter,marksmanship,42,26,16
10729,Адвентурер,howling-fjord,1652,hunter,marksmanship,96,53,43
10730,Speedhack,argent-dawn,1650,hunter,marksmanship,63,35,28
10731,Xqzmytrapz,blackrock,1650,hunter,marksmanship,36,18,18
10732,Hotshòt,silvermoon,1642,hunter,marksmanship,132,72,60
10733,Sindorian,aggra-português,1638,hunter,marksmanship,36,19,17
10734,Bearmane,tarren-mill,1638,hunter,marksmanship,94,47,47
10735,Triggaz,stormscale,1637,hunter,marksmanship,83,39,44
10736,Zeanoff,ravencrest,1636,hunter,marksmanship,54,35,19
10737,Srsbsnshunta,kazzak,1632,hunter,marksmanship,43,24,19
10738,Naid,lordaeron,1632,hunter,marksmanship,36,20,16
10739,Dexter,ravencrest,1632,hunter,marksmanship,184,87,97
10740,Khregan,aerie-peak,1630,hunter,marksmanship,42,18,24
10741,Дарктеххно,howling-fjord,1629,hunter,marksmanship,36,18,18
10742,Амореселф,gordunni,1629,hunter,marksmanship,59,25,34
10743,Metak,auchindoun,1627,hunter,marksmanship,32,22,10
10744,Chindala,zuljin,1627,hunter,marksmanship,36,17,19
10745,Куфачка,soulflayer,1627,hunter,marksmanship,36,17,19
10746,Evengance,dragonblight,1624,hunter,marksmanship,66,43,23
10747,Nidaliyae,archimonde,1624,hunter,marksmanship,42,20,22
10748,Klarix,outland,1624,hunter,marksmanship,51,23,28
10749,Natchell,ysondre,1623,hunter,marksmanship,48,22,26
10750,Травок,gordunni,1620,hunter,marksmanship,64,34,30
10751,Nätzz,dun-modr,1618,hunter,marksmanship,67,29,38
10752,Бипбип,galakrond,1615,hunter,marksmanship,35,20,15
10753,Ледо,deathguard,1614,hunter,marksmanship,66,30,36
10754,Jetay,silvermoon,1613,hunter,marksmanship,60,33,27
10755,Играсломана,howling-fjord,1613,hunter,marksmanship,39,21,18
10756,Loretta,ragnaros,1609,hunter,marksmanship,47,27,20
10757,Darts,outland,1608,hunter,marksmanship,82,41,41
10758,Crétin,archimonde,1605,hunter,marksmanship,38,20,18
10759,Streetxpres,nethersturm,1602,hunter,marksmanship,35,19,16
10760,Çryneth,ravencrest,1602,hunter,marksmanship,92,49,43
10761,Arung,ravencrest,1600,hunter,marksmanship,36,18,18
10762,Rêmøórsêlês,outland,1594,hunter,marksmanship,39,19,20
10763,Gugenot,tarren-mill,1589,hunter,marksmanship,56,33,23
10764,Vangeroth,kazzak,1589,hunter,marksmanship,324,169,155
10765,Gunlaugr,defias-brotherhood,1588,hunter,marksmanship,33,18,15
10766,Desudi,tarren-mill,1588,hunter,marksmanship,59,30,29
10767,Крой,howling-fjord,1588,hunter,marksmanship,83,40,43
10768,Recrent,kazzak,1582,hunter,marksmanship,96,53,43
10769,Sizemattersx,kazzak,1580,hunter,marksmanship,112,52,60
10770,Шотнес,gordunni,1579,hunter,marksmanship,72,33,39
10771,Nutshotx,stormscale,1576,hunter,marksmanship,48,19,29
10772,Inayah,outland,1571,hunter,marksmanship,121,65,56
10773,Scheixanter,drakthul,1570,hunter,marksmanship,146,72,74
10774,Kayvaal,kaelthas,1568,hunter,marksmanship,48,26,22
10775,Lebalaffré,arathi,1562,hunter,marksmanship,77,41,36
10776,Лисатия,gordunni,1562,hunter,marksmanship,48,22,26
10777,Minisay,magtheridon,1560,hunter,marksmanship,262,131,131
10778,Мизэрица,soulflayer,1556,hunter,marksmanship,66,32,34
10779,Ekz,twisting-nether,1554,hunter,marksmanship,46,24,22
10780,Килофвратх,gordunni,1554,hunter,marksmanship,128,60,68
10781,Mantinell,hellfire,1553,hunter,marksmanship,36,20,16
10782,Xrey,ragnaros,1553,hunter,marksmanship,57,30,27
10783,Хальвеген,gordunni,1545,hunter,marksmanship,212,107,105
10784,Миссклик,soulflayer,1544,hunter,marksmanship,54,33,21
10785,Cpflex,arthas,1543,hunter,marksmanship,64,27,37
10786,Miladinorc,azjolnerub,1540,hunter,marksmanship,54,32,22
10787,Vruh,antonidas,1540,hunter,marksmanship,54,30,24
10788,Chaussons,kazzak,1539,hunter,marksmanship,114,59,55
10789,Lookmyezzy,ravencrest,1535,hunter,marksmanship,32,17,15
10790,Brk,dun-modr,1534,hunter,marksmanship,30,16,14
10791,Elja,laughing-skull,1531,hunter,marksmanship,73,40,33
10792,Mînérvá,blackhand,1530,hunter,marksmanship,60,38,22
10793,Jamzyhunter,emerald-dream,1530,hunter,marksmanship,42,17,25
10794,Kariss,khaz-modan,1521,hunter,marksmanship,143,71,72
10795,Hardscoped,tarren-mill,1521,hunter,marksmanship,64,29,35
10796,Trytoconnect,ravencrest,1516,hunter,marksmanship,48,26,22
10797,Eenel,twisting-nether,1513,hunter,marksmanship,30,16,14
10798,Eferos,quelthalas,1513,hunter,marksmanship,60,26,34
10799,Souljâh,ravencrest,1511,hunter,marksmanship,35,20,15
10800,Crowsza,archimonde,1508,hunter,marksmanship,35,19,16
10801,Swïtchz,hyjal,1507,hunter,marksmanship,111,57,54
10802,Jup,elune,1507,hunter,marksmanship,49,17,32
10803,Focushunter,outland,1506,hunter,marksmanship,64,30,34
10804,Jurá,perenolde,1502,hunter,marksmanship,71,33,38
10805,Rattentäter,alexstrasza,1498,hunter,marksmanship,54,28,26
10806,Ронингуд,gordunni,1497,hunter,marksmanship,48,26,22
10807,Barnabaz,skullcrusher,1497,hunter,marksmanship,42,22,20
10808,Yarnvid,twisting-nether,1487,hunter,marksmanship,123,62,61
10809,Jeeves,outland,1474,hunter,marksmanship,35,16,19
10810,Длинноемоджо,soulflayer,1473,hunter,marksmanship,309,151,158
10811,Афигеннски,ashenvale,1473,hunter,marksmanship,66,31,35
10812,Emnia,argent-dawn,1470,hunter,marksmanship,78,37,41
10813,Хжв,ashenvale,1469,hunter,marksmanship,56,28,28
10814,Mânhunt,blackhand,1467,hunter,marksmanship,53,31,22
10815,Дисконнэктор,soulflayer,1467,hunter,marksmanship,72,27,45
10816,Короткиствол,gordunni,1463,hunter,marksmanship,48,21,27
10817,Surtfire,alonsus,1462,hunter,marksmanship,108,54,54
10818,Smekminbåge,tarren-mill,1462,hunter,marksmanship,36,16,20
10819,Вееном,gordunni,1458,hunter,marksmanship,111,51,60
10820,Rèyz,blackhand,1457,hunter,marksmanship,64,34,30
10821,Tntabsotrap,silvermoon,1455,hunter,marksmanship,82,44,38
10822,Daela,elune,1455,hunter,marksmanship,77,32,45
10823,Rex,chamber-of-aspects,1454,hunter,marksmanship,39,23,16
10824,Autoturret,eredar,1454,hunter,marksmanship,48,24,24
10825,Zirilan,nemesis,1452,hunter,marksmanship,82,41,41
10826,Summa,silvermoon,1452,hunter,marksmanship,72,34,38
10827,Dafhel,hyjal,1451,hunter,marksmanship,54,24,30
10828,Mizumo,burning-legion,1450,hunter,marksmanship,109,63,46
10829,Bollo,malganis,1449,hunter,marksmanship,61,29,32
10830,Meinkoenig,frostwolf,1448,hunter,marksmanship,48,30,18
10831,Будкусломаю,grom,1447,hunter,marksmanship,77,35,42
10832,Bapt,blackrock,1447,hunter,marksmanship,42,17,25
10833,Hunsed,sanguino,1445,hunter,marksmanship,42,26,16
10834,Balamut,aegwynn,1445,hunter,marksmanship,83,45,38
10835,Mervyl,burning-legion,1445,hunter,marksmanship,36,18,18
10836,Pickaboo,defias-brotherhood,1445,hunter,marksmanship,215,106,109
10837,Carpante,nemesis,1442,hunter,marksmanship,72,34,38
10838,Asthorio,stormscale,1442,hunter,marksmanship,89,39,50
10839,Эльк,gordunni,1440,hunter,marksmanship,33,21,12
10840,Nanns,silvermoon,1439,hunter,marksmanship,59,29,30
10841,Killitoss,blackmoore,1438,hunter,marksmanship,33,16,17
10842,Джоуе,ashenvale,1437,hunter,marksmanship,30,15,15
10843,Luuszapfae,aegwynn,1436,hunter,marksmanship,29,16,13
10844,Àfpro,hyjal,1436,hunter,marksmanship,70,32,38
10845,Babclaar,culte-de-la-rive-noire,1435,hunter,marksmanship,36,22,14
10846,Nagu,antonidas,1435,hunter,marksmanship,30,15,15
10847,Skillzone,silvermoon,1432,hunter,marksmanship,36,15,21
10848,Оленнька,howling-fjord,1431,hunter,marksmanship,48,30,18
10849,Jeston,amanthul,1430,hunter,marksmanship,49,23,26
10850,Ønske,azjolnerub,1423,hunter,marksmanship,48,25,23
10851,Mfbloom,blackmoore,1423,hunter,marksmanship,30,15,15
10852,Ashimaru,sylvanas,1423,hunter,marksmanship,63,31,32
10853,Crar,frostwolf,1421,hunter,marksmanship,76,43,33
10854,Shootingbob,blackrock,1421,hunter,marksmanship,42,23,19
10855,Rikishot,ravencrest,1420,hunter,marksmanship,52,25,27
10856,Kravên,anubarak,1417,hunter,marksmanship,63,32,31
10857,Kalima,malfurion,1416,hunter,marksmanship,72,28,44
10858,Doubletap,ysondre,1415,hunter,marksmanship,18,15,3
10859,Duckling,argent-dawn,1415,hunter,marksmanship,48,23,25
10860,Mindgap,pozzo-delleternità,1415,hunter,marksmanship,80,38,42
10861,Firescorpion,onyxia,1414,hunter,marksmanship,30,19,11
10862,Littlerat,kult-der-verdammten,1414,hunter,marksmanship,30,15,15
10863,Aimnfire,anachronos,1412,hunter,marksmanship,61,32,29
10864,Аскентр,gordunni,1411,hunter,marksmanship,67,31,36
10865,Elonyr,sanguino,1411,hunter,marksmanship,196,90,106
10866,Keskolica,outland,1407,hunter,marksmanship,54,25,29
10867,Jimbow,blackrock,1404,hunter,marksmanship,28,16,12
10868,Piit,elune,1403,hunter,marksmanship,67,28,39
10869,Scatshot,grim-batol,1401,hunter,marksmanship,24,16,8
10870,Wowkulaka,kazzak,1401,hunter,marksmanship,42,21,21
10871,Еввнух,gordunni,1401,hunter,marksmanship,72,31,41
10872,Hiðe,archimonde,1399,hunter,marksmanship,56,28,28
10873,Darm,sunstrider,1398,hunter,marksmanship,36,15,21
10874,Laskoo,tarren-mill,1396,hunter,marksmanship,54,30,24
10875,Begøne,draenor,1392,hunter,marksmanship,18,15,3
10876,Plzdontrun,sylvanas,1389,hunter,marksmanship,47,24,23
10877,Kyudo,ravencrest,1387,hunter,marksmanship,100,49,51
10878,Sharpeyezz,ravencrest,1387,hunter,marksmanship,71,28,43
10879,Ensomnia,silvermoon,1382,hunter,marksmanship,24,19,5
10880,Gilgharsh,rajaxx,1380,hunter,marksmanship,42,20,22
10881,Роктджана,deathguard,1379,hunter,marksmanship,58,27,31
10882,Lincolne,ravencrest,1375,hunter,marksmanship,41,17,24
10883,Stingarrow,stormscale,1374,hunter,marksmanship,42,24,18
10884,Lrr,grim-batol,1370,hunter,marksmanship,18,15,3
10885,Bøøgy,silvermoon,1370,hunter,marksmanship,152,78,74
10886,Vavabxl,ysondre,1370,hunter,marksmanship,102,47,55
10887,Samhunt,blackrock,1370,hunter,marksmanship,35,15,20
10888,Doncar,stormscale,1367,hunter,marksmanship,99,44,55
10889,Lobos,ravencrest,1367,hunter,marksmanship,60,25,35
10890,Mmaaee,ravencrest,1365,hunter,marksmanship,58,33,25
10891,Ofortuna,silvermoon,1365,hunter,marksmanship,42,23,19
10892,Nêzz,tarren-mill,1365,hunter,marksmanship,32,15,17
10893,Absolutnoob,blackrock,1362,hunter,marksmanship,38,21,17
10894,Gwalëndil,hyjal,1359,hunter,marksmanship,54,26,28
10895,Slmao,tarren-mill,1357,hunter,marksmanship,60,27,33
10896,Llaz,silvermoon,1355,hunter,marksmanship,28,15,13
10897,Szybky,defias-brotherhood,1354,hunter,marksmanship,60,25,35
10898,Wmaximoff,tarren-mill,1351,hunter,marksmanship,80,33,47
10899,Silvyn,pozzo-delleternità,1347,hunter,marksmanship,36,20,16
10900,Meskette,ravencrest,1344,hunter,marksmanship,36,18,18
10901,Cadvan,nagrand,1343,hunter,marksmanship,27,15,12
10902,Gromaya,elune,1342,hunter,marksmanship,47,23,24
10903,Скартэкс,howling-fjord,1340,hunter,marksmanship,26,18,8
10904,Xalaar,frostwolf,1339,hunter,marksmanship,62,33,29
10905,Antiork,doomhammer,1339,hunter,marksmanship,66,31,35
10906,Røxxilia,blackmoore,1339,hunter,marksmanship,60,26,34
10907,Enÿo,ysondre,1339,hunter,marksmanship,48,16,32
10908,Prodanhunts,frostmane,1336,hunter,marksmanship,66,32,34
10909,Jamesie,ravencrest,1335,hunter,marksmanship,24,14,10
10910,Nirn,ravencrest,1335,hunter,marksmanship,30,14,16
10911,Encore,sylvanas,1334,hunter,marksmanship,48,23,25
10912,Rzeezznik,burning-legion,1333,hunter,marksmanship,24,14,10
10913,Шимэйла,gordunni,1333,hunter,marksmanship,67,31,36
10914,Moschtix,forscherliga,1333,hunter,marksmanship,48,20,28
10915,Noxxen,burning-legion,1328,hunter,marksmanship,31,18,13
10916,Klinksz,ysondre,1328,hunter,marksmanship,31,16,15
10917,Bæst,elune,1327,hunter,marksmanship,31,16,15
10918,Deadfire,hyjal,1325,hunter,marksmanship,42,20,22
10919,Diapositiv,draenor,1325,hunter,marksmanship,30,14,16
10920,Maroxy,ragnaros,1325,hunter,marksmanship,35,14,21
10921,Selaesa,chamber-of-aspects,1321,hunter,marksmanship,45,22,23
10922,Adariana,archimonde,1321,hunter,marksmanship,54,23,31
10923,Amphi,stormscale,1320,hunter,marksmanship,66,36,30
10924,Zirgoo,outland,1320,hunter,marksmanship,66,28,38
10925,Glad,argent-dawn,1320,hunter,marksmanship,77,32,45
10926,Tupalax,outland,1320,hunter,marksmanship,64,26,38
10927,Donneraàn,blackrock,1319,hunter,marksmanship,60,33,27
10928,Abraxan,twisting-nether,1318,hunter,marksmanship,34,22,12
10929,Kokowawaa,kazzak,1317,hunter,marksmanship,66,28,38
10930,Arrown,outland,1316,hunter,marksmanship,35,17,18
10931,Smitheye,argent-dawn,1314,hunter,marksmanship,141,69,72
10932,Narawinger,silvermoon,1310,hunter,marksmanship,36,21,15
10933,Arrowdoxx,silvermoon,1310,hunter,marksmanship,117,51,66
10934,Huntaloko,outland,1305,hunter,marksmanship,29,15,14
10935,Zushji,ysondre,1305,hunter,marksmanship,87,36,51
10936,Xzmiq,outland,1304,hunter,marksmanship,26,15,11
10937,Silvyina,todeswache,1302,hunter,marksmanship,86,43,43
10938,Ixlxlxlxl,kazzak,1301,hunter,marksmanship,30,21,9
10939,Høward,aegwynn,1300,hunter,marksmanship,36,20,16
10940,Thysalee,hyjal,1296,hunter,marksmanship,38,15,23
10941,Pappous,kul-tiras,1294,hunter,marksmanship,65,32,33
10942,Bobleearrow,darkspear,1294,hunter,marksmanship,53,25,28
10943,Jeddaj,stormscale,1289,hunter,marksmanship,36,14,22
10944,Yoúmad,draenor,1288,hunter,marksmanship,28,14,14
10945,Heísenberg,ragnaros,1287,hunter,marksmanship,31,15,16
10946,Rupeebtw,stormscale,1285,hunter,marksmanship,96,43,53
10947,Rabiate,blackrock,1284,hunter,marksmanship,34,16,18
10948,Eskubar,burning-legion,1278,hunter,marksmanship,42,23,19
10949,Fauda,hellscream,1277,hunter,marksmanship,30,15,15
10950,Doomhorg,quelthalas,1276,hunter,marksmanship,60,30,30
10951,Waltuhwhite,teldrassil,1275,hunter,marksmanship,20,14,6
10952,Curtiss,sanguino,1275,hunter,marksmanship,30,17,13
10953,Iòvól,azuremyst,1274,hunter,marksmanship,82,41,41
10954,Argahnim,azjolnerub,1272,hunter,marksmanship,48,21,27
10955,Rmnsbm,blackmoore,1271,hunter,marksmanship,30,14,16
10956,Nightshäde,aggra-português,1264,hunter,marksmanship,40,16,24
10957,Øßlíck,ysondre,1262,hunter,marksmanship,28,14,14
10958,Zelira,boulderfist,1262,hunter,marksmanship,76,33,43
10959,Loca,twilights-hammer,1261,hunter,marksmanship,72,36,36
10960,Pekkoe,khaz-modan,1259,hunter,marksmanship,54,29,25
10961,Yanger,burning-legion,1259,hunter,marksmanship,42,18,24
10962,Шамагута,gordunni,1258,hunter,marksmanship,30,14,16
10963,Хантвкроксах,gordunni,1257,hunter,marksmanship,22,14,8
10964,Феорика,grom,1257,hunter,marksmanship,66,33,33
10965,Имбакласс,howling-fjord,1257,hunter,marksmanship,80,37,43
10966,Cutehuntér,ragnaros,1256,hunter,marksmanship,74,31,43
10967,Booms,eonar,1254,hunter,marksmanship,65,31,34
10968,Boomkillshot,zuljin,1250,hunter,marksmanship,101,52,49
10969,Mönster,ravenholdt,1248,hunter,marksmanship,27,14,13
10970,Mspt,archimonde,1248,hunter,marksmanship,30,13,17
10971,Lísy,hyjal,1244,hunter,marksmanship,24,13,11
10972,Iilac,argent-dawn,1242,hunter,marksmanship,184,104,80
10973,Epheso,daggerspine,1242,hunter,marksmanship,24,13,11
10974,Ксидре,eversong,1242,hunter,marksmanship,42,20,22
10975,Nharul,blackmoore,1242,hunter,marksmanship,30,13,17
10976,Рбг,blackscar,1241,hunter,marksmanship,30,13,17
10977,Poatan,outland,1240,hunter,marksmanship,164,86,78
10978,Арийская,gordunni,1239,hunter,marksmanship,65,29,36
10979,Хантнерюга,gordunni,1236,hunter,marksmanship,24,13,11
10980,Jðsi,dalaran,1236,hunter,marksmanship,60,26,34
10981,Огнеборик,howling-fjord,1235,hunter,marksmanship,30,13,17
10982,Shedzargo,twisting-nether,1234,hunter,marksmanship,24,13,11
10983,Fränko,ravencrest,1234,hunter,marksmanship,36,13,23
10984,Mainblu,nemesis,1231,hunter,marksmanship,30,14,16
10985,Breier,argent-dawn,1229,hunter,marksmanship,65,34,31
10986,Xesih,twisting-nether,1228,hunter,marksmanship,59,26,33
10987,Sivoh,silvermoon,1227,hunter,marksmanship,50,23,27
10988,Ililivillumi,tarren-mill,1227,hunter,marksmanship,36,16,20
10989,Andtamed,thunderhorn,1225,hunter,marksmanship,48,22,26
10990,Travels,tarren-mill,1222,hunter,marksmanship,30,13,17
10991,Одисенс,eversong,1220,hunter,marksmanship,109,55,54
10992,Redneckjoe,draenor,1219,hunter,marksmanship,41,18,23
10993,Snaped,malganis,1219,hunter,marksmanship,34,14,20
10994,Курунирка,gordunni,1213,hunter,marksmanship,36,13,23
10995,Elyxa,ysondre,1211,hunter,marksmanship,54,30,24
10996,Sallina,blutkessel,1209,hunter,marksmanship,24,13,11
10997,Эвилтар,soulflayer,1206,hunter,marksmanship,26,14,12
10998,Blowplac,moonglade,1206,hunter,marksmanship,58,25,33
10999,Vïcødïnë,sinstralis,1205,hunter,marksmanship,48,20,28
11000,Хакаар,grom,1204,hunter,marksmanship,89,46,43
11001,Hawkz,quelthalas,1204,hunter,marksmanship,67,32,35
11002,Deneja,kilrogg,1201,hunter,marksmanship,30,13,17
11003,Skohal,draenor,1200,hunter,marksmanship,78,36,42
11004,Sinsé,conseil-des-ombres,1198,hunter,marksmanship,28,17,11
11005,Watty,chogall,1195,hunter,marksmanship,88,45,43
11006,Серргио,soulflayer,1191,hunter,marksmanship,18,13,5
11007,Deathshots,aggra-português,1191,hunter,marksmanship,42,13,29
11008,Fetts,silvermoon,1189,hunter,marksmanship,56,29,27
11009,Bigfoot,argent-dawn,1189,hunter,marksmanship,129,56,73
11010,Zendar,blackmoore,1189,hunter,marksmanship,45,19,26
11011,Féliché,elune,1188,hunter,marksmanship,72,27,45
11012,Corrwus,argent-dawn,1181,hunter,marksmanship,42,18,24
11013,Blackas,dun-modr,1179,hunter,marksmanship,78,36,42
11014,Хапмьюзик,howling-fjord,1179,hunter,marksmanship,90,37,53
11015,Swáy,twisting-nether,1175,hunter,marksmanship,268,130,138
11016,Каизик,soulflayer,1173,hunter,marksmanship,35,14,21
11017,Yunalèsca,eredar,1171,hunter,marksmanship,34,13,21
11018,Naven,minahonda,1170,hunter,marksmanship,36,15,21
11019,Lillynahh,argent-dawn,1169,hunter,marksmanship,127,59,68
11020,Celtya,archimonde,1166,hunter,marksmanship,135,69,66
11021,Opsi,area-52,1166,hunter,marksmanship,66,27,39
11022,Tránsphobic,kilrogg,1162,hunter,marksmanship,36,17,19
11023,Lightarròw,nordrassil,1162,hunter,marksmanship,36,13,23
11024,Sâetha,dun-modr,1157,hunter,marksmanship,36,14,22
11025,Taveon,turalyon,1154,hunter,marksmanship,36,13,23
11026,Jodd,ragnaros,1152,hunter,marksmanship,24,12,12
11027,Bøost,stormscale,1151,hunter,marksmanship,18,12,6
11028,Pandanero,ravencrest,1149,hunter,marksmanship,24,12,12
11029,Pewpewstuff,draenor,1149,hunter,marksmanship,24,12,12
11030,Лорбан,gordunni,1148,hunter,marksmanship,32,16,16
11031,Kendow,blackrock,1148,hunter,marksmanship,60,27,33
11032,Ëluna,burning-legion,1147,hunter,marksmanship,25,16,9
11033,Farmerjoee,alakir,1147,hunter,marksmanship,24,13,11
11034,Migro,sylvanas,1145,hunter,marksmanship,24,12,12
11035,Reyst,moonglade,1144,hunter,marksmanship,18,12,6
11036,Akyra,runetotem,1144,hunter,marksmanship,48,18,30
11037,Bluelol,ravencrest,1143,hunter,marksmanship,34,12,22
11038,Bgkrasavec,stormscale,1142,hunter,marksmanship,75,36,39
11039,Белыйатомщик,howling-fjord,1142,hunter,marksmanship,30,12,18
11040,Voitelka,terokkar,1141,hunter,marksmanship,62,32,30
11041,Nezekielle,drekthar,1140,hunter,marksmanship,30,12,18
11042,Survivr,frostmane,1139,hunter,marksmanship,24,14,10
11043,Tokkie,burning-blade,1138,hunter,marksmanship,18,12,6
11044,Kakadoo,twisting-nether,1131,hunter,marksmanship,36,16,20
11045,Touscahunter,kazzak,1129,hunter,marksmanship,270,134,136
11046,Azaella,tarren-mill,1127,hunter,marksmanship,30,13,17
11047,Дайпострелят,gordunni,1127,hunter,marksmanship,30,12,18
11048,Jägarbröje,kazzak,1126,hunter,marksmanship,30,18,12
11049,Anpaytoo,antonidas,1126,hunter,marksmanship,36,14,22
11050,Neldrassil,blackmoore,1124,hunter,marksmanship,65,32,33
11051,Hoody,culte-de-la-rive-noire,1123,hunter,marksmanship,30,18,12
11052,Jozsiur,ragnaros,1121,hunter,marksmanship,24,14,10
11053,Bazrzokh,elune,1121,hunter,marksmanship,24,12,12
11054,Rediction,ravencrest,1121,hunter,marksmanship,55,20,35
11055,Réja,norgannon,1120,hunter,marksmanship,31,14,17
11056,Cooroona,stormrage,1119,hunter,marksmanship,24,12,12
11057,Overhït,hyjal,1119,hunter,marksmanship,83,38,45
11058,Serihu,cthun,1119,hunter,marksmanship,36,12,24
11059,Gorá,dethecus,1118,hunter,marksmanship,18,12,6
11060,Aratoxx,blackmoore,1115,hunter,marksmanship,36,21,15
11061,Áragorn,frostmane,1110,hunter,marksmanship,30,15,15
11062,Эннабонни,gordunni,1108,hunter,marksmanship,24,12,12
11063,Bobihunt,argent-dawn,1108,hunter,marksmanship,30,14,16
11064,Hollabackgrl,outland,1105,hunter,marksmanship,42,18,24
11065,Naghtel,die-silberne-hand,1101,hunter,marksmanship,54,29,25
11066,Lonewolfe,ravencrest,1097,hunter,marksmanship,164,77,87
11067,Анхантэй,lich-king,1092,hunter,marksmanship,136,69,67
11068,Naizoo,doomhammer,1090,hunter,marksmanship,24,12,12
11069,Йошумитсу,howling-fjord,1084,hunter,marksmanship,56,29,27
11070,Mántîs,argent-dawn,1084,hunter,marksmanship,73,32,41
11071,Robìnhood,nemesis,1080,hunter,marksmanship,42,22,20
11072,Thelasiel,aerie-peak,1079,hunter,marksmanship,67,33,34
11073,Bendit,eredar,1076,hunter,marksmanship,48,23,25
11074,Narøs,blackhand,1076,hunter,marksmanship,76,31,45
11075,Retroxia,stormreaver,1075,hunter,marksmanship,26,12,14
11076,Sisilianno,khaz-modan,1073,hunter,marksmanship,124,55,69
11077,Chassfurax,hyjal,1067,hunter,marksmanship,48,19,29
11078,Tinlop,ragnaros,1065,hunter,marksmanship,96,41,55
11079,Thauana,los-errantes,1060,hunter,marksmanship,30,14,16
11080,Sùnzí,alakir,1055,hunter,marksmanship,18,11,7
11081,Сандабар,borean-tundra,1055,hunter,marksmanship,41,20,21
11082,Vanstro,ragnaros,1055,hunter,marksmanship,24,11,13
11083,Енвина,gordunni,1054,hunter,marksmanship,29,13,16
11084,Snipèr,blackmoore,1050,hunter,marksmanship,18,11,7
11085,Kbesagrillo,sanguino,1050,hunter,marksmanship,24,11,13
11086,Artémíss,kazzak,1050,hunter,marksmanship,24,11,13
11087,Lennylynx,garrosh,1049,hunter,marksmanship,24,11,13
11088,Слезыотлука,howling-fjord,1048,hunter,marksmanship,18,11,7
11089,Zajaczek,burning-legion,1048,hunter,marksmanship,24,11,13
11090,Shubichou,illidan,1048,hunter,marksmanship,30,13,17
11091,Bgxd,tarren-mill,1048,hunter,marksmanship,30,11,19
11092,Pøca,kaelthas,1045,hunter,marksmanship,18,11,7
11093,Oatmeal,dun-morogh,1044,hunter,marksmanship,71,36,35
11094,Bulseye,kilrogg,1044,hunter,marksmanship,24,11,13
11095,Omixloua,ragnaros,1044,hunter,marksmanship,47,20,27
11096,Kliantra,wildhammer,1043,hunter,marksmanship,39,17,22
11097,Blacksyo,elune,1042,hunter,marksmanship,27,11,16
11098,Винтаж,deepholm,1041,hunter,marksmanship,59,26,33
11099,Cêdric,alleria,1041,hunter,marksmanship,28,12,16
11100,Ямакасси,thermaplugg,1038,hunter,marksmanship,96,38,58
11101,Hunterdream,aszune,1037,hunter,marksmanship,25,11,14
11102,Bélier,hyjal,1033,hunter,marksmanship,50,25,25
11103,Honzu,silvermoon,1030,hunter,marksmanship,24,11,13
11104,Gilgalat,drakthul,1029,hunter,marksmanship,47,20,27
11105,Ispo,frostwolf,1028,hunter,marksmanship,94,45,49
11106,Neosmoke,shadowsong,1026,hunter,marksmanship,81,33,48
11107,Talcaliste,archimonde,1026,hunter,marksmanship,45,16,29
11108,Dentaar,draenor,1025,hunter,marksmanship,113,54,59
11109,Olnàk,ysondre,1023,hunter,marksmanship,60,32,28
11110,Slicer,arthas,1023,hunter,marksmanship,73,31,42
11111,Vèreesa,azjolnerub,1022,hunter,marksmanship,36,12,24
11112,Honrø,hyjal,1020,hunter,marksmanship,24,11,13
11113,Fèhn,krasus,1019,hunter,marksmanship,24,14,10
11114,Noobatala,tarren-mill,1018,hunter,marksmanship,36,17,19
11115,Мальберна,eversong,1017,hunter,marksmanship,34,17,17
11116,Hanzolo,uldum,1016,hunter,marksmanship,42,15,27
11117,Crní,tarren-mill,1015,hunter,marksmanship,81,37,44
11118,Isarnexx,dun-modr,1007,hunter,marksmanship,41,21,20
11119,Tungusta,defias-brotherhood,1006,hunter,marksmanship,42,19,23
11120,Nutzz,ragnaros,1006,hunter,marksmanship,41,15,26
11121,Hkizzler,kazzak,1005,hunter,marksmanship,68,27,41
11122,Брухлянка,gordunni,1003,hunter,marksmanship,24,12,12
11123,Sazak,draenor,1000,hunter,marksmanship,30,17,13
11124,Ashkabous,kazzak,1000,hunter,marksmanship,36,19,17
11125,Heavenlyx,area-52,998,hunter,marksmanship,42,13,29
11126,Jaýlah,draenor,991,hunter,marksmanship,54,24,30
11127,Bonquiesha,tarren-mill,991,hunter,marksmanship,25,11,14
11128,Tomtus,aggramar,983,hunter,marksmanship,55,27,28
11129,Jaggatee,senjin,983,hunter,marksmanship,24,11,13
11130,Aidsmacka,shattered-hand,982,hunter,marksmanship,20,11,9
11131,Ártemide,pozzo-delleternità,975,hunter,marksmanship,33,15,18
11132,Väärä,stormscale,964,hunter,marksmanship,27,13,14
11133,Bekrepál,outland,960,hunter,marksmanship,18,10,8
11134,Nyxìa,shattered-halls,960,hunter,marksmanship,18,10,8
11135,Квит,blackscar,960,hunter,marksmanship,24,10,14
11136,Hurion,sanguino,959,hunter,marksmanship,18,10,8
11137,Cill,ravencrest,959,hunter,marksmanship,18,10,8
11138,Velites,aggra-português,959,hunter,marksmanship,18,10,8
11139,Amortên,silvermoon,959,hunter,marksmanship,18,10,8
11140,Bãbas,sargeras,959,hunter,marksmanship,24,10,14
11141,Тамирка,deathguard,958,hunter,marksmanship,12,10,2
11142,Metalbaci,sylvanas,958,hunter,marksmanship,18,10,8
11143,Shaib,kazzak,958,hunter,marksmanship,18,10,8
11144,Оверман,azuregos,958,hunter,marksmanship,18,10,8
11145,Everya,ravencrest,958,hunter,marksmanship,18,10,8
11146,Birgitta,jaedenar,958,hunter,marksmanship,24,10,14
11147,Angelcr,uldum,958,hunter,marksmanship,24,10,14
11148,Yelanna,argent-dawn,957,hunter,marksmanship,18,10,8
11149,Deatharow,ravencrest,957,hunter,marksmanship,18,10,8
11150,Kértor,die-aldor,957,hunter,marksmanship,18,10,8
11151,Zlejkadlec,burning-blade,957,hunter,marksmanship,24,10,14
11152,Huntazt,draenor,956,hunter,marksmanship,18,10,8
11153,Zrijad,draenor,955,hunter,marksmanship,18,10,8
11154,Tiidus,burning-legion,955,hunter,marksmanship,18,10,8
11155,Johnydep,silvermoon,955,hunter,marksmanship,30,10,20
11156,Setis,uldaman,955,hunter,marksmanship,36,10,26
11157,Фузег,deathguard,953,hunter,marksmanship,18,10,8
11158,Phillon,blackrock,949,hunter,marksmanship,12,10,2
11159,Aaryel,outland,948,hunter,marksmanship,18,10,8
11160,Jisila,ravencrest,946,hunter,marksmanship,57,24,33
11161,Freezyshinkn,blackrock,945,hunter,marksmanship,18,11,7
11162,Sekeh,ragnaros,938,hunter,marksmanship,30,10,20
11163,Ayshæ,tarren-mill,937,hunter,marksmanship,41,21,20
11164,Agarez,blackrock,936,hunter,marksmanship,42,19,23
11165,Armoredtiger,grim-batol,934,hunter,marksmanship,66,31,35
11166,Nezuqo,archimonde,932,hunter,marksmanship,30,10,20
11167,Mhood,dun-morogh,931,hunter,marksmanship,56,27,29
11168,Ранбоу,howling-fjord,929,hunter,marksmanship,115,55,60
11169,Sogoru,dun-modr,927,hunter,marksmanship,69,37,32
11170,Azsräel,dalaran,924,hunter,marksmanship,74,30,44
11171,Wìndrunner,malfurion,922,hunter,marksmanship,83,40,43
11172,Laara,khaz-modan,922,hunter,marksmanship,107,49,58
11173,Milandria,antonidas,918,hunter,marksmanship,36,16,20
11174,Madida,ravencrest,916,hunter,marksmanship,29,15,14
11175,Matarmeya,los-errantes,908,hunter,marksmanship,22,11,11
11176,Zicko,argent-dawn,908,hunter,marksmanship,47,19,28
11177,Grafhunter,antonidas,907,hunter,marksmanship,90,46,44
11178,Euphellius,darkmoon-faire,907,hunter,marksmanship,36,15,21
11179,Tenkai,cthun,906,hunter,marksmanship,53,27,26
11180,Амобарбиталх,gordunni,901,hunter,marksmanship,33,11,22
11181,Mimiop,hyjal,900,hunter,marksmanship,54,27,27
11182,Enfinici,eitrigg,894,hunter,marksmanship,17,10,7
11183,Jibolad,stormreaver,893,hunter,marksmanship,24,11,13
11184,Burondeya,twisting-nether,886,hunter,marksmanship,30,13,17
11185,Linneâ,blackmoore,884,hunter,marksmanship,20,10,10
11186,Honilsom,thunderhorn,884,hunter,marksmanship,33,10,23
11187,Adventures,darkmoon-faire,881,hunter,marksmanship,18,10,8
11188,Quinty,durotan,881,hunter,marksmanship,20,10,10
11189,Madtony,aegwynn,879,hunter,marksmanship,26,12,14
11190,Лордорион,gordunni,878,hunter,marksmanship,23,12,11
11191,Luckyshooter,nethersturm,877,hunter,marksmanship,71,32,39
11192,Лордввт,howling-fjord,874,hunter,marksmanship,30,14,16
11193,Aszasi,azjolnerub,871,hunter,marksmanship,25,10,15
11194,Krøsh,blackmoore,870,hunter,marksmanship,36,16,20
11195,Aliyah,blackmoore,867,hunter,marksmanship,66,33,33
11196,Nyjal,archimonde,864,hunter,marksmanship,12,9,3
11197,Feelmyfurý,tarren-mill,864,hunter,marksmanship,12,9,3
11198,Mòzetonq,ravencrest,864,hunter,marksmanship,18,9,9
11199,Denkstah,tarren-mill,864,hunter,marksmanship,18,9,9
11200,Liquidhunter,quelthalas,864,hunter,marksmanship,18,9,9
11201,Medgical,outland,864,hunter,marksmanship,24,9,15
11202,Watchouttah,the-maelstrom,864,hunter,marksmanship,24,9,15
11203,Longblow,outland,863,hunter,marksmanship,12,9,3
11204,Vyana,sylvanas,863,hunter,marksmanship,18,9,9
11205,Thugzilla,auchindoun,863,hunter,marksmanship,18,9,9
11206,Jayri,ravencrest,863,hunter,marksmanship,18,9,9
11207,Какжеплевать,gordunni,862,hunter,marksmanship,12,9,3
11208,Obii,stormscale,862,hunter,marksmanship,18,9,9
11209,Grolmgar,malganis,862,hunter,marksmanship,18,9,9
11210,Eilyn,quelthalas,862,hunter,marksmanship,18,9,9
11211,Theuzikat,ragnaros,861,hunter,marksmanship,24,9,15
11212,Vandathien,stormrage,861,hunter,marksmanship,24,9,15
11213,Jalcer,draenor,860,hunter,marksmanship,30,9,21
11214,Джимуха,soulflayer,859,hunter,marksmanship,30,15,15
11215,Oneeyed,kazzak,859,hunter,marksmanship,18,9,9
11216,Enistee,silvermoon,859,hunter,marksmanship,19,9,10
11217,Shieryu,archimonde,859,hunter,marksmanship,24,9,15
11218,Krippie,dun-modr,857,hunter,marksmanship,36,16,20
11219,Gintønic,blackmoore,857,hunter,marksmanship,36,9,27
11220,Helioshin,pozzo-delleternità,855,hunter,marksmanship,24,9,15
11221,Qmbonboni,ravencrest,855,hunter,marksmanship,24,9,15
11222,Aliriana,doomhammer,853,hunter,marksmanship,18,9,9
11223,Baraduh,sylvanas,853,hunter,marksmanship,18,9,9
11224,Erdna,khaz-modan,853,hunter,marksmanship,42,20,22
11225,Baldazr,shadowsong,853,hunter,marksmanship,24,9,15
11226,Rivery,azjolnerub,852,hunter,marksmanship,18,10,8
11227,Eldrilaon,arthas,852,hunter,marksmanship,39,18,21
11228,Ruppig,nozdormu,851,hunter,marksmanship,24,9,15
11229,Zerkarok,draenor,851,hunter,marksmanship,30,9,21
11230,Talanar,tarren-mill,850,hunter,marksmanship,18,9,9
11231,Фридор,deathguard,850,hunter,marksmanship,24,10,14
11232,Bluetiger,azshara,842,hunter,marksmanship,22,10,12
11233,Calea,zirkel-des-cenarius,835,hunter,marksmanship,30,13,17
11234,Куфа,blackscar,831,hunter,marksmanship,20,10,10
11235,Faelhorn,archimonde,831,hunter,marksmanship,18,9,9
11236,Kartouche,culte-de-la-rive-noire,830,hunter,marksmanship,48,23,25
11237,Hylzen,outland,828,hunter,marksmanship,17,9,8
11238,Digsholes,ravencrest,828,hunter,marksmanship,17,9,8
11239,Annihllation,twilights-hammer,826,hunter,marksmanship,18,9,9
11240,Rollei,uldum,816,hunter,marksmanship,18,9,9
11241,Ímpulsion,stormscale,799,hunter,marksmanship,20,9,11
11242,Эксп,ashenvale,784,hunter,marksmanship,25,9,16
11243,Neiloh,defias-brotherhood,782,hunter,marksmanship,13,9,4
11244,Moonzsu,ravencrest,768,hunter,marksmanship,12,8,4
11245,Luzivar,malganis,768,hunter,marksmanship,12,8,4
11246,Fitzgerald,ragnaros,768,hunter,marksmanship,12,8,4
11247,Celesticx,chamber-of-aspects,768,hunter,marksmanship,18,8,10
11248,Carre,twilights-hammer,768,hunter,marksmanship,18,8,10
11249,Wolfud,pozzo-delleternità,768,hunter,marksmanship,18,8,10
11250,Meetyour,stormscale,768,hunter,marksmanship,18,8,10
11251,Kittykite,thunderhorn,768,hunter,marksmanship,24,8,16
11252,Bladewing,archimonde,768,hunter,marksmanship,24,8,16
11253,Луврен,deepholm,768,hunter,marksmanship,30,8,22
11254,Sylverain,silvermoon,767,hunter,marksmanship,12,8,4
11255,Кривоватый,galakrond,767,hunter,marksmanship,12,8,4
11256,Mareyn,argent-dawn,767,hunter,marksmanship,12,8,4
11257,Dasimir,blackrock,767,hunter,marksmanship,18,8,10
11258,Skitari,draenor,767,hunter,marksmanship,18,8,10
11259,Donfabio,norgannon,767,hunter,marksmanship,18,8,10
11260,Иттириса,gordunni,767,hunter,marksmanship,18,8,10
11261,Raegal,sanguino,767,hunter,marksmanship,18,8,10
11262,Рэкрэйван,gordunni,767,hunter,marksmanship,18,8,10
11263,Lourse,ysondre,767,hunter,marksmanship,18,8,10
11264,Thallia,todeswache,767,hunter,marksmanship,18,8,10
11265,Screewu,twisting-nether,767,hunter,marksmanship,21,8,13
11266,Иоссифсталин,soulflayer,767,hunter,marksmanship,24,8,16
11267,Обнимуха,soulflayer,767,hunter,marksmanship,24,8,16
11268,Shoót,blackmoore,766,hunter,marksmanship,18,8,10
11269,Xaotsu,ravencrest,766,hunter,marksmanship,18,8,10
11270,Makaxx,stormscale,766,hunter,marksmanship,24,8,16
11271,Galadris,kirin-tor,765,hunter,marksmanship,18,8,10
11272,Ixôn,tarren-mill,765,hunter,marksmanship,24,8,16
11273,Aourön,archimonde,764,hunter,marksmanship,18,8,10
11274,Juliã,dalaran,763,hunter,marksmanship,12,8,4
11275,Høøli,nethersturm,763,hunter,marksmanship,12,8,4
11276,Rosiee,dun-modr,762,hunter,marksmanship,12,8,4
11277,Huntatard,silvermoon,762,hunter,marksmanship,18,8,10
11278,Shibai,outland,762,hunter,marksmanship,18,8,10
11279,Hunterhouse,draenor,761,hunter,marksmanship,23,8,15
11280,Krothga,blackrock,760,hunter,marksmanship,18,8,10
11281,Wetto,ravencrest,759,hunter,marksmanship,18,8,10
11282,Mendinar,sylvanas,759,hunter,marksmanship,35,8,27
11283,Gorett,kazzak,756,hunter,marksmanship,24,8,16
11284,Greel,saurfang,753,hunter,marksmanship,66,26,40
11285,Thrund,burning-legion,751,hunter,marksmanship,12,8,4
11286,Спелла,goldrinn,748,hunter,marksmanship,29,8,21
11287,Erestor,hellfire,747,hunter,marksmanship,12,8,4
11288,Ønur,twisting-nether,747,hunter,marksmanship,18,8,10
11289,Thedoors,twisting-nether,746,hunter,marksmanship,30,9,21
11290,Deathøfrats,ravencrest,719,hunter,marksmanship,11,8,3
11291,Загзигзаг,soulflayer,710,hunter,marksmanship,21,9,12
11292,Gyldain,argent-dawn,706,hunter,marksmanship,51,9,42
11293,Sauer,stormreaver,704,hunter,marksmanship,24,8,16
11294,Yrtja,minahonda,689,hunter,marksmanship,16,8,8
11295,Аабстрактная,gordunni,672,hunter,marksmanship,12,7,5
11296,Avaren,archimonde,672,hunter,marksmanship,12,7,5
11297,Blackbane,ravencrest,672,hunter,marksmanship,12,7,5
11298,Fluttershy,terokkar,672,hunter,marksmanship,12,7,5
11299,Costner,darksorrow,672,hunter,marksmanship,12,7,5
11300,Найтхантишка,gordunni,672,hunter,marksmanship,12,7,5
11301,Dtq,silvermoon,672,hunter,marksmanship,12,7,5
11302,Hesuss,kazzak,672,hunter,marksmanship,12,7,5
11303,Monnee,outland,672,hunter,marksmanship,12,7,5
11304,Агелетка,gordunni,672,hunter,marksmanship,12,7,5
11305,Гусецап,gordunni,672,hunter,marksmanship,12,7,5
11306,Хвоостт,gordunni,672,hunter,marksmanship,12,7,5
11307,Lilsnuss,outland,672,hunter,marksmanship,12,7,5
11308,Weilerz,drakthul,672,hunter,marksmanship,12,7,5
11309,Vracarx,silvermoon,672,hunter,marksmanship,12,7,5
11310,Merquryh,ravencrest,672,hunter,marksmanship,12,7,5
11311,Imonér,frostmane,672,hunter,marksmanship,12,7,5
11312,Killershadow,twisting-nether,672,hunter,marksmanship,12,7,5
11313,Bigbowyahurd,draenor,672,hunter,marksmanship,12,7,5
11314,Ahrtemís,destromath,672,hunter,marksmanship,18,7,11
11315,Трольболь,eversong,672,hunter,marksmanship,18,7,11
11316,Ixxmhunt,blackrock,672,hunter,marksmanship,18,7,11
11317,Джарвиз,soulflayer,672,hunter,marksmanship,18,7,11
11318,Scartet,blackmoore,672,hunter,marksmanship,18,7,11
11319,Mclooving,runetotem,672,hunter,marksmanship,18,7,11
11320,Påtrîckbátém,ravencrest,672,hunter,marksmanship,18,7,11
11321,Землепух,howling-fjord,672,hunter,marksmanship,18,7,11
11322,Corrupth,outland,672,hunter,marksmanship,21,8,13
11323,Онкьяр,gordunni,672,hunter,marksmanship,24,7,17
11324,Piksî,kazzak,672,hunter,marksmanship,24,7,17
11325,Манаррия,soulflayer,672,hunter,marksmanship,24,7,17
11326,Griffithstew,blackmoore,672,hunter,marksmanship,24,7,17
11327,Ôrïøn,archimonde,671,hunter,marksmanship,12,7,5
11328,Недоношенная,howling-fjord,671,hunter,marksmanship,12,7,5
11329,Pínnen,draenor,671,hunter,marksmanship,12,7,5
11330,Rísu,argent-dawn,671,hunter,marksmanship,12,7,5
11331,Maknamara,tarren-mill,671,hunter,marksmanship,12,7,5
11332,Partouche,sargeras,671,hunter,marksmanship,12,7,5
11333,Kaktus,shattered-hand,671,hunter,marksmanship,12,7,5
11334,Халикер,soulflayer,671,hunter,marksmanship,12,7,5
11335,Qiruun,draenor,671,hunter,marksmanship,12,7,5
11336,Warkum,zuljin,671,hunter,marksmanship,12,7,5
11337,Jomerin,thrall,671,hunter,marksmanship,18,7,11
11338,Guerrilla,stormscale,671,hunter,marksmanship,18,7,11
11339,Ashrak,frostmourne,671,hunter,marksmanship,18,7,11
11340,Thengill,draenor,671,hunter,marksmanship,18,7,11
11341,Ihateyoumore,ravencrest,671,hunter,marksmanship,18,7,11
11342,Snaptrap,eredar,671,hunter,marksmanship,18,7,11
11343,Faenor,arygos,671,hunter,marksmanship,24,7,17
11344,Pôts,blackrock,671,hunter,marksmanship,24,7,17
11345,Sjufemman,ravencrest,671,hunter,marksmanship,24,7,17
11346,Aureboby,hyjal,671,hunter,marksmanship,24,7,17
11347,Deathtrapper,bronzebeard,670,hunter,marksmanship,12,7,5
11348,Pewpewshotz,stormscale,670,hunter,marksmanship,12,7,5
11349,Ромажиробас,gordunni,670,hunter,marksmanship,12,7,5
11350,Yip,twisting-nether,670,hunter,marksmanship,18,7,11
11351,Odyzeus,drakthul,670,hunter,marksmanship,18,7,11
11352,Spêctrâ,sylvanas,670,hunter,marksmanship,18,7,11
11353,Ричардн,howling-fjord,670,hunter,marksmanship,18,7,11
11354,Elektrô,blackmoore,670,hunter,marksmanship,27,7,20
11355,Flintenwilly,die-aldor,669,hunter,marksmanship,18,7,11
11356,Kaudza,archimonde,669,hunter,marksmanship,18,7,11
11357,Aggyaceshot,silvermoon,669,hunter,marksmanship,18,7,11
11358,Ядрис,gordunni,668,hunter,marksmanship,12,7,5
11359,Rayzør,eitrigg,668,hunter,marksmanship,18,7,11
11360,Wishmeweed,kazzak,668,hunter,marksmanship,18,7,11
11361,Panfilmaaj,burning-legion,667,hunter,marksmanship,18,7,11
11362,Жабра,gordunni,667,hunter,marksmanship,24,7,17
11363,Nìsalle,argent-dawn,666,hunter,marksmanship,18,7,11
11364,Eilaa,ravencrest,662,hunter,marksmanship,18,7,11
11365,Fernetcola,los-errantes,661,hunter,marksmanship,12,7,5
11366,Arkman,malganis,660,hunter,marksmanship,30,7,23
11367,Shokre,silvermoon,657,hunter,marksmanship,12,7,5
11368,Breezhunt,twisting-nether,655,hunter,marksmanship,17,7,10
11369,Есселин,thermaplugg,650,hunter,marksmanship,18,7,11
11370,Aadarshh,turalyon,645,hunter,marksmanship,18,7,11
11371,Filizvogel,aegwynn,639,hunter,marksmanship,11,7,4
11372,Lofiv,turalyon,639,hunter,marksmanship,16,7,9
11373,Hellriderr,silvermoon,636,hunter,marksmanship,24,7,17
11374,Jocitwitch,ragnaros,624,hunter,marksmanship,15,8,7
11375,Samuru,auchindoun,623,hunter,marksmanship,17,7,10
11376,Элфй,gordunni,623,hunter,marksmanship,21,7,14
11377,Scark,tarren-mill,621,hunter,marksmanship,11,7,4
11378,Miezuu,ravencrest,620,hunter,marksmanship,15,7,8
11379,Kyliun,frostmane,620,hunter,marksmanship,17,7,10
11380,Iniduhr,dalaran,617,hunter,marksmanship,21,8,13
11381,Sylasteria,twisting-nether,617,hunter,marksmanship,22,8,14
11382,Zion,kul-tiras,608,hunter,marksmanship,16,7,9
11383,Trachunt,twisting-nether,607,hunter,marksmanship,11,7,4
11384,Weridia,der-rat-von-dalaran,607,hunter,marksmanship,11,7,4
11385,Chizuna,dun-morogh,606,hunter,marksmanship,14,7,7
11386,Tingly,grim-batol,605,hunter,marksmanship,20,7,13
11387,Biggusdickuz,tarren-mill,590,hunter,marksmanship,11,7,4
11388,Крошкамэг,eversong,582,hunter,marksmanship,13,7,6
11389,Connyrövöga,draenor,576,hunter,marksmanship,6,6,0
11390,Jettraichu,aggra-português,576,hunter,marksmanship,12,6,6
11391,Pantero,kazzak,576,hunter,marksmanship,12,6,6
11392,Djidawn,ysondre,576,hunter,marksmanship,12,6,6
11393,Aenina,kazzak,576,hunter,marksmanship,12,6,6
11394,Джинксан,blackscar,576,hunter,marksmanship,12,6,6
11395,Инкризшот,gordunni,576,hunter,marksmanship,12,6,6
11396,Dolwen,argent-dawn,576,hunter,marksmanship,12,6,6
11397,Fantus,sylvanas,576,hunter,marksmanship,12,6,6
11398,Stamzer,drakthul,576,hunter,marksmanship,12,6,6
11399,Axran,ravencrest,576,hunter,marksmanship,12,6,6
11400,Gramyr,ysondre,576,hunter,marksmanship,12,6,6
11401,Grandiosity,tarren-mill,576,hunter,marksmanship,12,6,6
11402,Hunlin,kazzak,576,hunter,marksmanship,12,6,6
11403,Crudeconzept,talnivarr,576,hunter,marksmanship,12,6,6
11404,Nelf,shattered-hand,576,hunter,marksmanship,12,6,6
11405,Therakal,culte-de-la-rive-noire,576,hunter,marksmanship,12,6,6
11406,Sketana,silvermoon,576,hunter,marksmanship,12,6,6
11407,Vorsia,tarren-mill,576,hunter,marksmanship,12,6,6
11408,Bøgs,the-maelstrom,576,hunter,marksmanship,12,6,6
11409,Madjia,ravencrest,576,hunter,marksmanship,12,6,6
11410,Krooghan,outland,576,hunter,marksmanship,12,6,6
11411,Shína,argent-dawn,576,hunter,marksmanship,12,6,6
11412,Freexkite,aegwynn,576,hunter,marksmanship,14,6,8
11413,Imfiné,outland,576,hunter,marksmanship,18,6,12
11414,Такувами,gordunni,576,hunter,marksmanship,18,6,12
11415,Dirtydolores,thrall,575,hunter,marksmanship,12,6,6
11416,Muddí,ravencrest,575,hunter,marksmanship,12,6,6
11417,Xeragon,frostwolf,575,hunter,marksmanship,12,6,6
11418,Ruger,hyjal,575,hunter,marksmanship,12,6,6
11419,Чизано,deathguard,575,hunter,marksmanship,12,6,6
11420,Fugass,ragnaros,575,hunter,marksmanship,12,6,6
11421,Tolkienn,archimonde,575,hunter,marksmanship,12,6,6
11422,Ina,tarren-mill,575,hunter,marksmanship,12,6,6
11423,Kilölek,ragnaros,575,hunter,marksmanship,12,6,6
11424,Oneeyedjoe,the-maelstrom,575,hunter,marksmanship,12,6,6
11425,Slayné,silvermoon,575,hunter,marksmanship,12,6,6
11426,Evelhunter,kargath,575,hunter,marksmanship,12,6,6
11427,Elladiel,blackmoore,575,hunter,marksmanship,12,6,6
11428,Jägarenen,kazzak,575,hunter,marksmanship,12,6,6
11429,Narziel,die-todeskrallen,575,hunter,marksmanship,18,6,12
11430,Elvenian,twisting-nether,575,hunter,marksmanship,18,6,12
11431,Dritzdòurden,dun-modr,575,hunter,marksmanship,18,6,12
11432,Løløsifredo,ysondre,574,hunter,marksmanship,12,6,6
11433,Longshot,burning-legion,574,hunter,marksmanship,12,6,6
11434,Egy,the-maelstrom,574,hunter,marksmanship,12,6,6
11435,Seariko,draenor,574,hunter,marksmanship,18,6,12
11436,Hitscan,ravencrest,572,hunter,marksmanship,12,6,6
11437,Анариэлль,gordunni,572,hunter,marksmanship,12,6,6
11438,Skynner,blackrock,572,hunter,marksmanship,12,6,6
11439,Orcgun,mugthol,572,hunter,marksmanship,18,6,12
11440,Hnut,kazzak,571,hunter,marksmanship,18,6,12
11441,Selini,bloodfeather,570,hunter,marksmanship,12,6,6
11442,Dødshøt,twisting-nether,569,hunter,marksmanship,18,6,12
11443,Aous,burning-legion,566,hunter,marksmanship,18,6,12
11444,Jilkhar,twisting-nether,565,hunter,marksmanship,12,6,6
11445,Mooj,malganis,559,hunter,marksmanship,11,6,5
11446,Rockymarciaa,dalaran,527,hunter,marksmanship,21,6,15
11447,Кисяныч,gordunni,522,hunter,marksmanship,15,7,8
11448,Huntseeker,draenor,511,hunter,marksmanship,14,6,8
11449,Emriye,antonidas,510,hunter,marksmanship,14,6,8
11450,Фэйсконтроль,azuregos,506,hunter,marksmanship,20,6,14
11451,Пушкабомби,soulflayer,497,hunter,marksmanship,20,6,14
11452,Сальверди,gordunni,480,hunter,marksmanship,6,5,1
11453,Elyar,eredar,480,hunter,marksmanship,6,5,1
11454,Hollyz,auchindoun,480,hunter,marksmanship,6,5,1
11455,Akkixz,antonidas,480,hunter,marksmanship,6,5,1
11456,Ormsliskaren,shattered-hand,480,hunter,marksmanship,6,5,1
11457,Srédder,defias-brotherhood,480,hunter,marksmanship,6,5,1
11458,Soloist,sylvanas,480,hunter,marksmanship,6,5,1
11459,Eveo,antonidas,480,hunter,marksmanship,6,5,1
11460,Ðarrk,tarren-mill,480,hunter,marksmanship,6,5,1
11461,Îløvémêld,kazzak,480,hunter,marksmanship,6,5,1
11462,Hvaskøduenme,stormscale,480,hunter,marksmanship,6,5,1
11463,Toptìérgoðx,drakthul,480,hunter,marksmanship,6,5,1
11464,Hawkinstinct,tarren-mill,480,hunter,marksmanship,6,5,1
11465,Полития,azuregos,480,hunter,marksmanship,9,6,3
11466,Ðõt,ravencrest,480,hunter,marksmanship,12,5,7
11467,Agbaba,twisting-nether,480,hunter,marksmanship,12,5,7
11468,Мафчик,razuvious,480,hunter,marksmanship,12,5,7
11469,Sashobg,aerie-peak,480,hunter,marksmanship,12,5,7
11470,Deathmarks,blackrock,480,hunter,marksmanship,12,5,7
11471,Oobe,hyjal,480,hunter,marksmanship,12,5,7
11472,Mazhug,stormreaver,480,hunter,marksmanship,12,5,7
11473,Carrilynn,blackrock,480,hunter,marksmanship,12,5,7
11474,Denaik,ravencrest,480,hunter,marksmanship,12,5,7
11475,Kundra,ravencrest,480,hunter,marksmanship,12,5,7
11476,Tavira,zuljin,480,hunter,marksmanship,12,5,7
11477,Leílah,kazzak,480,hunter,marksmanship,12,5,7
11478,Fylealaes,ravencrest,480,hunter,marksmanship,12,5,7
11479,Huntardös,outland,480,hunter,marksmanship,12,5,7
11480,Galou,ghostlands,480,hunter,marksmanship,12,5,7
11481,Frágile,drakthul,480,hunter,marksmanship,12,5,7
11482,Msir,kazzak,480,hunter,marksmanship,12,5,7
11483,Nothrokh,auchindoun,480,hunter,marksmanship,12,5,7
11484,Кайсго,gordunni,480,hunter,marksmanship,12,5,7
11485,Geete,kazzak,480,hunter,marksmanship,12,5,7
11486,Ghøst,madmortem,480,hunter,marksmanship,12,5,7
11487,Headshott,agamaggan,480,hunter,marksmanship,12,5,7
11488,Куников,booty-bay,480,hunter,marksmanship,12,5,7
11489,Sloee,sylvanas,480,hunter,marksmanship,12,5,7
11490,Famex,blackmoore,480,hunter,marksmanship,12,5,7
11491,Spitchy,kazzak,480,hunter,marksmanship,12,5,7
11492,Meghanmarkle,tarren-mill,480,hunter,marksmanship,13,5,8
11493,Draknik,nemesis,480,hunter,marksmanship,16,6,10
11494,Athel,moonglade,480,hunter,marksmanship,18,5,13
11495,Hÿyrøk,ysondre,480,hunter,marksmanship,18,5,13
11496,Noobhuntress,norgannon,480,hunter,marksmanship,18,5,13
11497,Deathwallker,silvermoon,480,hunter,marksmanship,18,5,13
11498,Sylphie,dalaran,480,hunter,marksmanship,18,5,13
11499,Carnificis,sanguino,480,hunter,marksmanship,18,5,13
11500,Triggery,ravencrest,480,hunter,marksmanship,18,5,13
11501,Dramin,defias-brotherhood,480,hunter,marksmanship,18,5,13
11502,Gukéx,stormscale,480,hunter,marksmanship,18,5,13
11503,Тэуреэль,gordunni,480,hunter,marksmanship,18,5,13
11504,Outkást,sylvanas,480,hunter,marksmanship,18,5,13
11505,Zajebantip,sylvanas,480,hunter,marksmanship,19,5,14
11506,Tetiscaza,sanguino,480,hunter,marksmanship,24,5,19
11507,Ryhope,silvermoon,479,hunter,marksmanship,6,5,1
11508,Asâya,blackmoore,479,hunter,marksmanship,6,5,1
11509,Enerhunt,ysondre,479,hunter,marksmanship,6,5,1
11510,Nathah,burning-legion,479,hunter,marksmanship,6,5,1
11511,Grimazg,chogall,479,hunter,marksmanship,12,5,7
11512,Razzét,stormscale,479,hunter,marksmanship,12,5,7
11513,Aspéct,ravencrest,479,hunter,marksmanship,12,5,7
11514,Zäyk,zuljin,479,hunter,marksmanship,12,5,7
11515,Typex,defias-brotherhood,479,hunter,marksmanship,12,5,7
11516,Whereismypet,azjolnerub,479,hunter,marksmanship,12,5,7
11517,Lunalai,antonidas,479,hunter,marksmanship,12,5,7
11518,Bicepz,azjolnerub,479,hunter,marksmanship,12,5,7
11519,Meläna,ysondre,479,hunter,marksmanship,18,5,13
11520,Nígruløl,arthas,479,hunter,marksmanship,18,5,13
11521,Зиргус,gordunni,479,hunter,marksmanship,18,5,13
11522,Fugerlynipps,stormrage,479,hunter,marksmanship,24,5,19
11523,Nightarrows,ravencrest,478,hunter,marksmanship,6,5,1
11524,Bæbåk,frostmane,478,hunter,marksmanship,6,5,1
11525,Thebalrog,korgall,478,hunter,marksmanship,12,5,7
11526,Tiph,argent-dawn,478,hunter,marksmanship,12,5,7
11527,Legath,emerald-dream,477,hunter,marksmanship,12,5,7
11528,Miisakaa,antonidas,477,hunter,marksmanship,12,5,7
11529,Titanx,sylvanas,477,hunter,marksmanship,12,5,7
11530,Bloodshot,nethersturm,477,hunter,marksmanship,12,5,7
11531,Pylos,azshara,477,hunter,marksmanship,12,5,7
11532,Klittcrit,bloodhoof,475,hunter,marksmanship,12,5,7
11533,Robros,dentarg,475,hunter,marksmanship,12,5,7
11534,Sixty,rajaxx,474,hunter,marksmanship,18,5,13
11535,Karmios,drakthul,473,hunter,marksmanship,12,5,7
11536,Juki,pozzo-delleternità,472,hunter,marksmanship,12,5,7
11537,Banninymph,culte-de-la-rive-noire,467,hunter,marksmanship,18,5,13
11538,Brønkø,azshara,463,hunter,marksmanship,17,5,12
11539,Rdevill,outland,448,hunter,marksmanship,16,5,11
11540,Шэнчи,greymane,447,hunter,marksmanship,11,6,5
11541,Littlenugget,ravencrest,447,hunter,marksmanship,11,5,6
11542,Urith,les-clairvoyants,447,hunter,marksmanship,14,6,8
11543,Foxhunt,turalyon,447,hunter,marksmanship,16,5,11
11544,Haleth,uldum,447,hunter,marksmanship,17,5,12
11545,Thedanchodak,stormrage,440,hunter,marksmanship,11,5,6
11546,Silverinn,turalyon,432,hunter,marksmanship,15,5,10
11547,Darkstripe,turalyon,431,hunter,marksmanship,11,5,6
11548,Zaragattas,aggra-português,426,hunter,marksmanship,17,7,10
11549,Сашатетива,gordunni,426,hunter,marksmanship,20,6,14
11550,Sleepyarrow,chogall,420,hunter,marksmanship,12,6,6
11551,Artaeos,lordaeron,416,hunter,marksmanship,16,5,11
11552,Гилара,soulflayer,415,hunter,marksmanship,17,5,12
11553,Gotha,festung-der-stürme,414,hunter,marksmanship,14,5,9
11554,Anjeschka,nemesis,400,hunter,marksmanship,7,5,2
11555,Zulthat,thrall,384,hunter,marksmanship,6,4,2
11556,Lennyx,quelthalas,384,hunter,marksmanship,6,4,2
11557,Yuptae,alonsus,384,hunter,marksmanship,6,4,2
11558,Bosseleon,blackrock,384,hunter,marksmanship,6,4,2
11559,Nöbody,khaz-modan,384,hunter,marksmanship,6,4,2
11560,Vantagepoint,arathor,384,hunter,marksmanship,6,4,2
11561,Gaudio,outland,384,hunter,marksmanship,6,4,2
11562,Darllene,kazzak,384,hunter,marksmanship,6,4,2
11563,Burninghunt,ravencrest,384,hunter,marksmanship,6,4,2
11564,Nßatrapper,outland,384,hunter,marksmanship,6,4,2
11565,Томбомбадил,howling-fjord,384,hunter,marksmanship,6,4,2
11566,Тумбаюмб,howling-fjord,384,hunter,marksmanship,6,4,2
11567,Rymous,nemesis,384,hunter,marksmanship,6,4,2
11568,Valkhen,boulderfist,384,hunter,marksmanship,6,4,2
11569,Kikilirilivi,ysondre,384,hunter,marksmanship,6,4,2
11570,Luzivarus,malganis,384,hunter,marksmanship,6,4,2
11571,Roke,malganis,384,hunter,marksmanship,6,4,2
11572,Destynarîa,illidan,384,hunter,marksmanship,6,4,2
11573,Ðøper,hyjal,384,hunter,marksmanship,6,4,2
11574,Virdirthera,silvermoon,384,hunter,marksmanship,6,4,2
11575,Snipinx,draenor,384,hunter,marksmanship,6,4,2
11576,Earlyspring,ragnaros,384,hunter,marksmanship,6,4,2
11577,Yoey,tarren-mill,384,hunter,marksmanship,6,4,2
11578,Sandchaton,ragnaros,384,hunter,marksmanship,6,4,2
11579,Сацыви,gordunni,384,hunter,marksmanship,6,4,2
11580,Хантероо,gordunni,384,hunter,marksmanship,6,4,2
11581,Doloresman,tarren-mill,384,hunter,marksmanship,6,4,2
11582,Джеймсфранко,blackscar,384,hunter,marksmanship,6,4,2
11583,Huntbegin,burning-legion,384,hunter,marksmanship,6,4,2
11584,Myoui,silvermoon,384,hunter,marksmanship,6,4,2
11585,Slo,sylvanas,384,hunter,marksmanship,6,4,2
11586,Velen,pozzo-delleternità,384,hunter,marksmanship,6,4,2
11587,Hollybuster,perenolde,384,hunter,marksmanship,6,4,2
11588,Øtemløol,sanguino,384,hunter,marksmanship,6,4,2
11589,Ðæom,outland,384,hunter,marksmanship,6,4,2
11590,Kragán,silvermoon,384,hunter,marksmanship,6,4,2
11591,Thain,stormscale,384,hunter,marksmanship,6,4,2
11592,Spyte,twisting-nether,384,hunter,marksmanship,6,4,2
11593,Sodavand,silvermoon,384,hunter,marksmanship,6,4,2
11594,Barrybigtoe,tarren-mill,384,hunter,marksmanship,6,4,2
11595,Dariusmm,silvermoon,384,hunter,marksmanship,6,4,2
11596,Zoêva,blackhand,384,hunter,marksmanship,6,4,2
11597,Benbutton,antonidas,384,hunter,marksmanship,6,4,2
11598,Comegetme,auchindoun,384,hunter,marksmanship,6,4,2
11599,Intoxd,sylvanas,384,hunter,marksmanship,6,4,2
11600,Niffe,stormscale,384,hunter,marksmanship,6,4,2
11601,Сынсема,blackscar,384,hunter,marksmanship,6,4,2
11602,Yuichiro,senjin,384,hunter,marksmanship,6,4,2
11603,Hntudwn,azshara,384,hunter,marksmanship,6,4,2
11604,Unßørn,archimonde,384,hunter,marksmanship,6,4,2
11605,Likandria,blackmoore,384,hunter,marksmanship,6,4,2
11606,Wîldhunt,burning-legion,384,hunter,marksmanship,11,4,7
11607,Snipekill,bronze-dragonflight,384,hunter,marksmanship,12,4,8
11608,Переферия,galakrond,384,hunter,marksmanship,12,4,8
11609,Hashaya,hyjal,384,hunter,marksmanship,12,4,8
11610,Døømslayer,nemesis,384,hunter,marksmanship,12,4,8
11611,Графруру,soulflayer,384,hunter,marksmanship,12,4,8
11612,Darilli,wildhammer,384,hunter,marksmanship,12,4,8
11613,Becoming,burning-legion,384,hunter,marksmanship,12,4,8
11614,Bugspitz,outland,384,hunter,marksmanship,12,4,8
11615,Ozaï,eredar,384,hunter,marksmanship,12,4,8
11616,Абунай,soulflayer,384,hunter,marksmanship,12,4,8
11617,Tonttulul,draenor,384,hunter,marksmanship,12,4,8
11618,Zurzok,blackrock,384,hunter,marksmanship,12,4,8
11619,Nyri,drakthul,384,hunter,marksmanship,12,4,8
11620,Fennecshand,colinas-pardas,384,hunter,marksmanship,12,4,8
11621,Slinkywinky,eonar,384,hunter,marksmanship,12,4,8
11622,Sharún,sylvanas,384,hunter,marksmanship,12,4,8
11623,Jiton,grim-batol,384,hunter,marksmanship,12,4,8
11624,Vallêria,malganis,384,hunter,marksmanship,12,4,8
11625,Vohnívak,turalyon,384,hunter,marksmanship,12,4,8
11626,Tytoyz,khaz-modan,384,hunter,marksmanship,12,4,8
11627,Jskey,aggramar,384,hunter,marksmanship,12,4,8
11628,Darkshe,dun-modr,384,hunter,marksmanship,12,4,8
11629,Rapid,sylvanas,384,hunter,marksmanship,12,4,8
11630,Naestra,tarren-mill,384,hunter,marksmanship,12,4,8
11631,Jondone,silvermoon,384,hunter,marksmanship,12,4,8
11632,Deeparrow,stormscale,384,hunter,marksmanship,12,4,8
11633,Свадебная,gordunni,384,hunter,marksmanship,12,4,8
11634,Йинги,gordunni,384,hunter,marksmanship,12,4,8
11635,Egodennis,frostwolf,384,hunter,marksmanship,12,4,8
11636,Kanlina,ravencrest,384,hunter,marksmanship,12,4,8
11637,Tartaupommes,hyjal,384,hunter,marksmanship,12,4,8
11638,Harmonía,outland,384,hunter,marksmanship,12,4,8
11639,Sjins,draenor,384,hunter,marksmanship,12,4,8
11640,Querro,azshara,384,hunter,marksmanship,12,4,8
11641,Aimedbot,azjolnerub,384,hunter,marksmanship,12,4,8
11642,Jinxpeasant,twisting-nether,384,hunter,marksmanship,12,4,8
11643,Peonfarmer,argent-dawn,384,hunter,marksmanship,12,4,8
11644,Mexine,dun-morogh,384,hunter,marksmanship,12,4,8
11645,Shadowxx,silvermoon,384,hunter,marksmanship,12,4,8
11646,Dangerousfoe,argent-dawn,384,hunter,marksmanship,12,4,8
11647,Oròg,hyjal,384,hunter,marksmanship,12,4,8
11648,Gødzftw,kazzak,384,hunter,marksmanship,14,4,10
11649,Haraigoshí,grim-batol,384,hunter,marksmanship,18,4,14
11650,Krypzit,garona,384,hunter,marksmanship,18,4,14
11651,Шумогон,gordunni,384,hunter,marksmanship,18,4,14
11652,Ruhen,aegwynn,384,hunter,marksmanship,18,4,14
11653,Kêêpsmile,blackmoore,384,hunter,marksmanship,18,4,14
11654,Soppatorsk,shadowsong,384,hunter,marksmanship,18,4,14
11655,Enablee,lightbringer,384,hunter,marksmanship,24,4,20
11656,Конар,soulflayer,383,hunter,marksmanship,6,4,2
11657,Вевери,blackscar,383,hunter,marksmanship,6,4,2
11658,Amiosi,sanguino,383,hunter,marksmanship,10,5,5
11659,Zirriath,mazrigos,383,hunter,marksmanship,12,4,8
11660,Anguerande,khaz-modan,383,hunter,marksmanship,12,4,8
11661,Penelopé,darkmoon-faire,383,hunter,marksmanship,12,4,8
11662,Djzntrap,outland,383,hunter,marksmanship,12,4,8
11663,Kyéra,kirin-tor,383,hunter,marksmanship,12,4,8
11664,Amsterdamer,sylvanas,383,hunter,marksmanship,12,4,8
11665,Tervel,dun-morogh,383,hunter,marksmanship,12,4,8
11666,Meletis,stormreaver,383,hunter,marksmanship,12,4,8
11667,Beaupapa,archimonde,383,hunter,marksmanship,14,4,10
11668,Koreic,silvermoon,383,hunter,marksmanship,18,4,14
11669,Agnõr,chants-éternels,382,hunter,marksmanship,6,4,2
11670,Deadshout,kazzak,382,hunter,marksmanship,6,4,2
11671,Banshees,sylvanas,382,hunter,marksmanship,6,4,2
11672,Bulhumt,draenor,382,hunter,marksmanship,6,4,2
11673,Бурбоньчик,soulflayer,382,hunter,marksmanship,12,4,8
11674,Saccä,ysondre,381,hunter,marksmanship,12,4,8
11675,Skapig,frostwolf,381,hunter,marksmanship,12,4,8
11676,Pâthfînder,destromath,379,hunter,marksmanship,12,4,8
11677,Lumidii,burning-legion,379,hunter,marksmanship,12,4,8
11678,Éddiémórphín,kazzak,367,hunter,marksmanship,11,4,7
11679,Boehelientje,defias-brotherhood,351,hunter,marksmanship,11,4,7
11680,Rea,archimonde,350,hunter,marksmanship,16,4,12
11681,Эолиана,borean-tundra,335,hunter,marksmanship,9,4,5
11682,Shadoox,argent-dawn,335,hunter,marksmanship,11,4,7
11683,Arwenna,argent-dawn,328,hunter,marksmanship,11,6,5
11684,Bloópy,silvermoon,320,hunter,marksmanship,10,4,6
11685,Rykini,twisting-nether,288,hunter,marksmanship,6,3,3
11686,Velne,ravencrest,288,hunter,marksmanship,6,3,3
11687,Chaoticshot,ravencrest,288,hunter,marksmanship,6,3,3
11688,Rakshor,thrall,288,hunter,marksmanship,6,3,3
11689,Coft,sargeras,288,hunter,marksmanship,6,3,3
11690,Techpøint,silvermoon,288,hunter,marksmanship,6,3,3
11691,Kfcmanagerx,silvermoon,288,hunter,marksmanship,6,3,3
11692,Трапавграунд,howling-fjord,288,hunter,marksmanship,6,3,3
11693,Abaforth,bronze-dragonflight,288,hunter,marksmanship,6,3,3
11694,Bocek,silvermoon,288,hunter,marksmanship,6,3,3
11695,Pläpp,stormscale,288,hunter,marksmanship,6,3,3
11696,Neescafe,sylvanas,288,hunter,marksmanship,6,3,3
11697,Aerieshan,ravencrest,288,hunter,marksmanship,6,3,3
11698,Eéilin,the-maelstrom,288,hunter,marksmanship,6,3,3
11699,Atranex,ravencrest,288,hunter,marksmanship,6,3,3
11700,Zugzlug,tarren-mill,288,hunter,marksmanship,6,3,3
11701,Lioness,ahnqiraj,288,hunter,marksmanship,6,3,3
11702,Ев,lich-king,288,hunter,marksmanship,6,3,3
11703,Lani,talnivarr,288,hunter,marksmanship,6,3,3
11704,Eliune,silvermoon,288,hunter,marksmanship,6,3,3
11705,Dreemshoot,stormscale,288,hunter,marksmanship,6,3,3
11706,Каэсс,gordunni,288,hunter,marksmanship,6,3,3
11707,Кукито,goldrinn,288,hunter,marksmanship,6,3,3
11708,Aamön,tarren-mill,288,hunter,marksmanship,6,3,3
11709,Sissnik,thrall,288,hunter,marksmanship,6,3,3
11710,Aimshot,ravencrest,288,hunter,marksmanship,6,3,3
11711,Комомура,soulflayer,288,hunter,marksmanship,6,3,3
11712,Graavi,silvermoon,288,hunter,marksmanship,6,3,3
11713,Kahbe,ravencrest,288,hunter,marksmanship,6,3,3
11714,Aliltoxic,silvermoon,288,hunter,marksmanship,6,3,3
11715,Ökisek,drakthul,288,hunter,marksmanship,6,3,3
11716,Burbutsuluki,silvermoon,288,hunter,marksmanship,6,3,3
11717,Ayiu,argent-dawn,288,hunter,marksmanship,6,3,3
11718,Celebor,sanguino,288,hunter,marksmanship,6,3,3
11719,Phinecone,stormscale,288,hunter,marksmanship,6,3,3
11720,Elmadre,arthas,288,hunter,marksmanship,6,3,3
11721,Sylariel,die-aldor,288,hunter,marksmanship,6,3,3
11722,Barbrady,nethersturm,288,hunter,marksmanship,6,3,3
11723,Elonmask,argent-dawn,288,hunter,marksmanship,6,3,3
11724,Ashide,dun-modr,288,hunter,marksmanship,6,3,3
11725,Люблюлюбовь,gordunni,288,hunter,marksmanship,6,3,3
11726,Attileus,ragnaros,288,hunter,marksmanship,6,3,3
11727,Антисерт,ashenvale,288,hunter,marksmanship,6,3,3
11728,Richidex,zuljin,288,hunter,marksmanship,6,3,3
11729,Экономист,fordragon,288,hunter,marksmanship,6,3,3
11730,Ozzaty,drekthar,288,hunter,marksmanship,6,3,3
11731,Kaminôr,antonidas,288,hunter,marksmanship,6,3,3
11732,Mhb,quelthalas,288,hunter,marksmanship,6,3,3
11733,Яроняютрапу,gordunni,288,hunter,marksmanship,6,3,3
11734,Zøk,stormscale,288,hunter,marksmanship,6,3,3
11735,Storphunt,drakthul,288,hunter,marksmanship,6,3,3
11736,Смотрюанимэ,gordunni,288,hunter,marksmanship,6,3,3
11737,Колякилшот,gordunni,288,hunter,marksmanship,6,3,3
11738,Brûmovitch,archimonde,288,hunter,marksmanship,6,3,3
11739,Nerdhark,hyjal,288,hunter,marksmanship,6,3,3
11740,Osie,kazzak,288,hunter,marksmanship,6,3,3
11741,Viséeauto,confrérie-du-thorium,288,hunter,marksmanship,6,3,3
11742,Deadluck,kazzak,288,hunter,marksmanship,6,3,3
11743,Djøgi,archimonde,288,hunter,marksmanship,6,3,3
11744,Elywiél,frostwolf,288,hunter,marksmanship,6,3,3
11745,Thúnar,aegwynn,288,hunter,marksmanship,6,3,3
11746,Andrøk,archimonde,288,hunter,marksmanship,6,3,3
11747,Samasukë,grim-batol,288,hunter,marksmanship,6,3,3
11748,Feyoonxx,blackrock,288,hunter,marksmanship,6,3,3
11749,Hidalgô,kult-der-verdammten,288,hunter,marksmanship,6,3,3
11750,Sazox,blackrock,288,hunter,marksmanship,6,3,3
11751,Loydzz,hyjal,288,hunter,marksmanship,6,3,3
11752,ßæro,hyjal,288,hunter,marksmanship,6,3,3
11753,Гунныч,grom,288,hunter,marksmanship,6,3,3
11754,Tardoboy,blackrock,288,hunter,marksmanship,6,3,3
11755,Dedral,aegwynn,288,hunter,marksmanship,6,3,3
11756,Fize,blackmoore,288,hunter,marksmanship,6,3,3
11757,Kaznek,hyjal,288,hunter,marksmanship,6,3,3
11758,Soviectk,aggra-português,288,hunter,marksmanship,6,3,3
11759,Lithell,kazzak,288,hunter,marksmanship,6,3,3
11760,Threeguns,blackrock,288,hunter,marksmanship,6,3,3
11761,Nightarrowq,tarren-mill,288,hunter,marksmanship,9,4,5
11762,Amdéa,boulderfist,288,hunter,marksmanship,10,4,6
11763,Нойран,eversong,288,hunter,marksmanship,9,3,6
11764,Secrety,doomhammer,288,hunter,marksmanship,11,3,8
11765,Нэвлоск,gordunni,288,hunter,marksmanship,12,3,9
11766,Bowgamerx,ravencrest,288,hunter,marksmanship,12,3,9
11767,Saîtek,chogall,288,hunter,marksmanship,12,3,9
11768,Lùchiean,kazzak,288,hunter,marksmanship,12,3,9
11769,Fatfrumos,twisting-nether,288,hunter,marksmanship,12,3,9
11770,Incompetence,argent-dawn,288,hunter,marksmanship,12,3,9
11771,Deahtviper,blackmoore,288,hunter,marksmanship,12,3,9
11772,Скадхи,blackscar,288,hunter,marksmanship,12,3,9
11773,Хедшоттер,blackscar,288,hunter,marksmanship,12,3,9
11774,Thalanel,arthas,288,hunter,marksmanship,12,3,9
11775,Mewithoutyou,ragnaros,288,hunter,marksmanship,12,3,9
11776,Zubro,kazzak,288,hunter,marksmanship,12,3,9
11777,Ceres,kaelthas,288,hunter,marksmanship,12,3,9
11778,Deify,grim-batol,288,hunter,marksmanship,12,3,9
11779,Foxmis,kazzak,288,hunter,marksmanship,12,3,9
11780,Oduross,minahonda,288,hunter,marksmanship,12,3,9
11781,Астериел,blackscar,288,hunter,marksmanship,12,3,9
11782,Травмаопасен,gordunni,288,hunter,marksmanship,12,3,9
11783,Akù,magtheridon,288,hunter,marksmanship,12,3,9
11784,Spakster,blackrock,288,hunter,marksmanship,12,3,9
11785,Jakis,silvermoon,288,hunter,marksmanship,12,3,9
11786,Rløad,hyjal,288,hunter,marksmanship,12,3,9
11787,Бубунн,howling-fjord,288,hunter,marksmanship,12,3,9
11788,Snipar,chogall,288,hunter,marksmanship,12,3,9
11789,Dafragger,blackmoore,288,hunter,marksmanship,12,3,9
11790,Augie,kazzak,288,hunter,marksmanship,12,3,9
11791,Sidera,der-rat-von-dalaran,288,hunter,marksmanship,12,3,9
11792,Grinfall,archimonde,288,hunter,marksmanship,12,3,9
11793,Chassuu,khaz-modan,288,hunter,marksmanship,12,3,9
11794,Ghenter,sargeras,288,hunter,marksmanship,12,3,9
11795,Jensa,darksorrow,288,hunter,marksmanship,12,3,9
11796,Naaztko,stormscale,288,hunter,marksmanship,12,3,9
11797,Missdarkness,shattered-hand,288,hunter,marksmanship,12,3,9
11798,Tsía,ysondre,288,hunter,marksmanship,17,3,14
11799,Shademd,ahnqiraj,288,hunter,marksmanship,18,3,15
11800,Showdope,drakthul,288,hunter,marksmanship,18,3,15
11801,Apolix,ragnaros,288,hunter,marksmanship,18,3,15
11802,Marcher,aggra-português,288,hunter,marksmanship,18,3,15
11803,Оркос,deathweaver,287,hunter,marksmanship,6,3,3
11804,Turkos,krasus,287,hunter,marksmanship,6,3,3
11805,Cronox,sporeggar,287,hunter,marksmanship,6,3,3
11806,Kilshot,burning-legion,287,hunter,marksmanship,6,3,3
11807,Мокку,howling-fjord,287,hunter,marksmanship,6,3,3
11808,Btk,sanguino,287,hunter,marksmanship,6,3,3
11809,Dwoas,darkspear,287,hunter,marksmanship,12,3,9
11810,Sasi,burning-legion,286,hunter,marksmanship,6,3,3
11811,Jomoguin,stormscale,286,hunter,marksmanship,6,3,3
11812,Millhunter,norgannon,284,hunter,marksmanship,12,3,9
11813,Najetazruda,drakthul,255,hunter,marksmanship,10,3,7
11814,Eazzyy,auchindoun,239,hunter,marksmanship,5,3,2
11815,Jaguarundy,dun-modr,239,hunter,marksmanship,5,3,2
11816,Олдорк,howling-fjord,239,hunter,marksmanship,12,3,9
11817,Incrediown,tarren-mill,234,hunter,marksmanship,7,4,3
11818,Фаффурион,gordunni,234,hunter,marksmanship,13,5,8
11819,Cais,drakthul,234,hunter,marksmanship,12,4,8
11820,Dampfwâlzê,nozdormu,223,hunter,marksmanship,14,3,11
11821,Skarra,zuljin,208,hunter,marksmanship,7,3,4
11822,Youardead,arthas,192,hunter,marksmanship,6,2,4
11823,Ecthelione,the-venture-co,192,hunter,marksmanship,6,2,4
11824,Hadto,der-rat-von-dalaran,192,hunter,marksmanship,6,2,4
11825,Greg,defias-brotherhood,192,hunter,marksmanship,6,2,4
11826,Ðkð,archimonde,192,hunter,marksmanship,6,2,4
11827,Goldnug,karazhan,192,hunter,marksmanship,6,2,4
11828,Corrector,outland,192,hunter,marksmanship,6,2,4
11829,Rafaela,genjuros,192,hunter,marksmanship,6,2,4
11830,Bignug,conseil-des-ombres,192,hunter,marksmanship,6,2,4
11831,Bobshmurda,defias-brotherhood,192,hunter,marksmanship,6,2,4
11832,Vâleriaa,blackrock,192,hunter,marksmanship,6,2,4
11833,Nnoyk,defias-brotherhood,192,hunter,marksmanship,6,2,4
11834,Arunaky,uldum,192,hunter,marksmanship,6,2,4
11835,Domsín,ravencrest,192,hunter,marksmanship,6,2,4
11836,Охотуначал,soulflayer,192,hunter,marksmanship,6,2,4
11837,Arnakua,outland,192,hunter,marksmanship,6,2,4
11838,Darkshàdow,archimonde,192,hunter,marksmanship,6,2,4
11839,Bóssit,skullcrusher,192,hunter,marksmanship,6,2,4
11840,Plilolz,archimonde,192,hunter,marksmanship,6,2,4
11841,Anoroxx,arthas,192,hunter,marksmanship,6,2,4
11842,Mcperra,zuljin,192,hunter,marksmanship,6,2,4
11843,Beletor,medivh,192,hunter,marksmanship,6,2,4
11844,Шергала,soulflayer,192,hunter,marksmanship,6,2,4
11845,Themehdi,silvermoon,192,hunter,marksmanship,6,2,4
11846,Зихантер,soulflayer,192,hunter,marksmanship,6,2,4
11847,Arrowlight,archimonde,192,hunter,marksmanship,6,2,4
11848,Уайлен,gordunni,192,hunter,marksmanship,6,2,4
11849,Sebrienne,defias-brotherhood,192,hunter,marksmanship,6,2,4
11850,Maeba,shendralar,192,hunter,marksmanship,6,2,4
11851,Zulldek,sanguino,192,hunter,marksmanship,6,2,4
11852,Doknak,gilneas,192,hunter,marksmanship,6,2,4
11853,Hapocalypt,pozzo-delleternità,192,hunter,marksmanship,6,2,4
11854,Сактарион,soulflayer,192,hunter,marksmanship,6,2,4
11855,Fenomhunt,silvermoon,192,hunter,marksmanship,6,2,4
11856,Kodakcrack,draenor,192,hunter,marksmanship,6,2,4
11857,Denixilith,eredar,192,hunter,marksmanship,6,2,4
11858,Powerofanime,drakthul,192,hunter,marksmanship,6,2,4
11859,Notikâ,aegwynn,192,hunter,marksmanship,6,2,4
11860,Elfyhunter,outland,192,hunter,marksmanship,6,2,4
11861,Isokrates,das-syndikat,192,hunter,marksmanship,6,2,4
11862,Olrik,dentarg,192,hunter,marksmanship,6,2,4
11863,Sarblade,bronze-dragonflight,192,hunter,marksmanship,6,2,4
11864,Brizza,talnivarr,192,hunter,marksmanship,6,2,4
11865,Traplørdx,sylvanas,192,hunter,marksmanship,6,2,4
11866,Deadyeyez,doomhammer,192,hunter,marksmanship,6,2,4
11867,Bnji,hyjal,192,hunter,marksmanship,6,2,4
11868,Chenony,ravencrest,192,hunter,marksmanship,6,2,4
11869,Dola,archimonde,192,hunter,marksmanship,6,2,4
11870,Sloe,sylvanas,192,hunter,marksmanship,6,2,4
11871,Glockzs,auchindoun,192,hunter,marksmanship,6,2,4
11872,Маори,deepholm,192,hunter,marksmanship,6,2,4
11873,Bláckheart,doomhammer,192,hunter,marksmanship,6,2,4
11874,Rhyle,hyjal,192,hunter,marksmanship,6,2,4
11875,Miracleh,tarren-mill,192,hunter,marksmanship,6,2,4
11876,Grytax,outland,192,hunter,marksmanship,6,2,4
11877,Kerrveros,ravencrest,192,hunter,marksmanship,6,2,4
11878,Avp,sylvanas,192,hunter,marksmanship,6,2,4
11879,Flick,auchindoun,192,hunter,marksmanship,6,2,4
11880,Mobshot,twisting-nether,192,hunter,marksmanship,6,2,4
11881,Soupsoupsòup,blackmoore,192,hunter,marksmanship,6,2,4
11882,Bréanni,auchindoun,192,hunter,marksmanship,6,2,4
11883,Garrash,teldrassil,192,hunter,marksmanship,6,2,4
11884,Хароко,gordunni,192,hunter,marksmanship,6,2,4
11885,Tòràk,twisting-nether,192,hunter,marksmanship,6,2,4
11886,Greenstar,twisting-nether,192,hunter,marksmanship,6,2,4
11887,Лукорды,gordunni,192,hunter,marksmanship,6,2,4
11888,Eilosh,outland,192,hunter,marksmanship,6,2,4
11889,Bawwykwipkee,ragnaros,192,hunter,marksmanship,6,2,4
11890,Aspergun,ragnaros,192,hunter,marksmanship,6,2,4
11891,Elvyns,silvermoon,192,hunter,marksmanship,6,2,4
11892,Huntbeard,ragnaros,192,hunter,marksmanship,6,2,4
11893,Фетсол,soulflayer,192,hunter,marksmanship,6,2,4
11894,Velvett,blackmoore,192,hunter,marksmanship,6,2,4
11895,Nyght,ravencrest,192,hunter,marksmanship,6,2,4
11896,Coxxie,ragnaros,192,hunter,marksmanship,6,2,4
11897,Шикаа,gordunni,192,hunter,marksmanship,6,2,4
11898,Entaiy,blackmoore,192,hunter,marksmanship,6,2,4
11899,Дианнесса,howling-fjord,192,hunter,marksmanship,6,2,4
11900,Горгудц,gordunni,192,hunter,marksmanship,6,2,4
11901,Lilsnipè,outland,192,hunter,marksmanship,6,2,4
11902,Silenta,outland,192,hunter,marksmanship,6,2,4
11903,Viktorijå,draenor,192,hunter,marksmanship,6,2,4
11904,Sylverein,silvermoon,192,hunter,marksmanship,6,2,4
11905,Boarthrills,ravencrest,192,hunter,marksmanship,6,2,4
11906,Хисдед,howling-fjord,192,hunter,marksmanship,6,2,4
11907,Bowner,frostmane,192,hunter,marksmanship,6,2,4
11908,Nimri,kazzak,192,hunter,marksmanship,6,2,4
11909,Majuli,stormrage,192,hunter,marksmanship,6,2,4
11910,Galintzor,area-52,192,hunter,marksmanship,6,2,4
11911,Tórbjorn,argent-dawn,192,hunter,marksmanship,6,2,4
11912,Realme,blackrock,192,hunter,marksmanship,6,2,4
11913,Sayn,la-croisade-écarlate,192,hunter,marksmanship,6,2,4
11914,Traenuss,azuremyst,192,hunter,marksmanship,6,2,4
11915,Anklar,blackrock,192,hunter,marksmanship,6,2,4
11916,Cilia,suramar,192,hunter,marksmanship,6,2,4
11917,Трисциллочка,howling-fjord,192,hunter,marksmanship,6,2,4
11918,Bellecoq,arathi,192,hunter,marksmanship,6,2,4
11919,Zinà,naxxramas,192,hunter,marksmanship,6,2,4
11920,Carioca,blackhand,192,hunter,marksmanship,6,2,4
11921,Hvnn,stormscale,192,hunter,marksmanship,6,2,4
11922,Rixxâr,blackrock,192,hunter,marksmanship,6,2,4
11923,Jachtorc,kazzak,192,hunter,marksmanship,6,2,4
11924,Othellö,kazzak,192,hunter,marksmanship,6,2,4
11925,Jamais02AEE6,stormscale,192,hunter,marksmanship,6,2,4
11926,Slayman,kazzak,192,hunter,marksmanship,6,2,4
11927,Veñom,stormscale,192,hunter,marksmanship,6,2,4
11928,Bärberøusse,illidan,192,hunter,marksmanship,6,2,4
11929,Sinadoreck,sargeras,192,hunter,marksmanship,6,2,4
11930,Андреймвп,galakrond,192,hunter,marksmanship,9,2,7
11931,Ghostriders,archimonde,192,hunter,marksmanship,11,2,9
11932,Musux,uldum,192,hunter,marksmanship,12,2,10
11933,Weedonyhunt,hyjal,192,hunter,marksmanship,12,2,10
11934,Rêxxer,blackmoore,192,hunter,marksmanship,12,2,10
11935,Spacenøub,archimonde,192,hunter,marksmanship,12,2,10
11936,Deathchoice,azshara,192,hunter,marksmanship,12,2,10
11937,Banglor,shattered-hand,192,hunter,marksmanship,12,2,10
11938,Fedya,kazzak,192,hunter,marksmanship,12,2,10
11939,Explicits,stormscale,192,hunter,marksmanship,12,2,10
11940,Katharyne,argent-dawn,192,hunter,marksmanship,12,2,10
11941,Friskì,draenor,192,hunter,marksmanship,12,2,10
11942,Whitehor,ragnaros,192,hunter,marksmanship,12,2,10
11943,Dmanite,ravencrest,192,hunter,marksmanship,12,2,10
11944,Muckel,area-52,192,hunter,marksmanship,12,2,10
11945,Cazaó,sanguino,192,hunter,marksmanship,12,2,10
11946,Headshota,stormscale,192,hunter,marksmanship,12,2,10
11947,Kronzucker,eredar,192,hunter,marksmanship,18,2,16
11948,Sushimän,kaelthas,191,hunter,marksmanship,6,2,4
11949,Downpipe,shattered-hand,191,hunter,marksmanship,6,2,4
11950,Гекагека,gordunni,191,hunter,marksmanship,6,2,4
11951,Rockét,malorne,191,hunter,marksmanship,6,2,4
11952,Stormhoofd,bloodhoof,191,hunter,marksmanship,6,2,4
11953,Enanorabioso,minahonda,191,hunter,marksmanship,6,2,4
11954,Chalyto,dun-morogh,191,hunter,marksmanship,12,2,10
11955,Kure,blackrock,191,hunter,marksmanship,12,2,10
11956,Fingon,alleria,191,hunter,marksmanship,12,2,10
11957,Doojas,archimonde,159,hunter,marksmanship,5,2,3
11958,Buttsnipe,sylvanas,159,hunter,marksmanship,5,2,3
11959,Jaguàr,kazzak,159,hunter,marksmanship,5,2,3
11960,Spagooters,argent-dawn,138,hunter,marksmanship,11,3,8
11961,Robingood,alexstrasza,138,hunter,marksmanship,22,5,17
11962,Neremyn,sylvanas,138,hunter,marksmanship,15,3,12
11963,Chrishyh,blackrock,112,hunter,marksmanship,7,2,5
11964,Akahr,thrall,96,hunter,marksmanship,3,2,1
11965,Tryx,darksorrow,96,hunter,marksmanship,3,2,1
11966,Janoh,dalaran,96,hunter,marksmanship,3,2,1
11967,Tyrone,saurfang,96,hunter,marksmanship,9,2,7
11968,Åbomìnatïon,ravencrest,96,hunter,marksmanship,18,3,15
11969,Roupinol,aggra-português,96,hunter,marksmanship,6,1,5
11970,Tesourinho,aggra-português,96,hunter,marksmanship,6,1,5
11971,Aurah,les-clairvoyants,96,hunter,marksmanship,6,1,5
11972,Kenpach,frostmane,96,hunter,marksmanship,6,1,5
11973,Almêryck,ysondre,96,hunter,marksmanship,6,1,5
11974,Xurrl,kazzak,96,hunter,marksmanship,6,1,5
11975,Badkirves,kazzak,96,hunter,marksmanship,6,1,5
11976,Galedjïn,conseil-des-ombres,96,hunter,marksmanship,6,1,5
11977,Wèdra,hyjal,96,hunter,marksmanship,6,1,5
11978,Syx,amanthul,96,hunter,marksmanship,6,1,5
11979,Zwerglogan,amanthul,96,hunter,marksmanship,6,1,5
11980,Desow,blackrock,96,hunter,marksmanship,6,1,5
11981,Darthbow,outland,96,hunter,marksmanship,6,1,5
11982,Metapouk,archimonde,96,hunter,marksmanship,6,1,5
11983,Cléò,kazzak,96,hunter,marksmanship,6,1,5
11984,Tillhunt,kargath,96,hunter,marksmanship,6,1,5
11985,Negz,eredar,96,hunter,marksmanship,6,1,5
11986,Eowale,outland,96,hunter,marksmanship,6,1,5
11987,Rydén,pozzo-delleternità,96,hunter,marksmanship,6,1,5
11988,Sinplify,emeriss,96,hunter,marksmanship,6,1,5
11989,Обспн,borean-tundra,96,hunter,marksmanship,6,1,5
11990,Коватори,borean-tundra,96,hunter,marksmanship,6,1,5
11991,Горгонт,blackscar,96,hunter,marksmanship,6,1,5
11992,Pestilencio,shendralar,96,hunter,marksmanship,6,1,5
11993,Râpton,blackmoore,96,hunter,marksmanship,6,1,5
11994,Nethria,antonidas,96,hunter,marksmanship,6,1,5
11995,Санзи,howling-fjord,96,hunter,marksmanship,6,1,5
11996,Drágø,blackmoore,96,hunter,marksmanship,6,1,5
11997,Камсшотт,gordunni,96,hunter,marksmanship,6,1,5
11998,Avizi,anachronos,96,hunter,marksmanship,6,1,5
11999,Chantalia,ravencrest,96,hunter,marksmanship,6,1,5
12000,Moskalhunter,terokkar,96,hunter,marksmanship,6,1,5
12001,Fayenia,ravencrest,96,hunter,marksmanship,6,1,5
12002,Oneofus,malygos,96,hunter,marksmanship,6,1,5
12003,Chaydee,stormscale,96,hunter,marksmanship,6,1,5
12004,Killzo,sylvanas,96,hunter,marksmanship,6,1,5
12005,Arkancia,throkferoth,96,hunter,marksmanship,6,1,5
12006,Cowmelk,stormscale,96,hunter,marksmanship,6,1,5
12007,Cítyzens,drakthul,96,hunter,marksmanship,6,1,5
12008,Leaxs,onyxia,96,hunter,marksmanship,6,1,5
12009,Castbuny,drakthul,96,hunter,marksmanship,6,1,5
12010,Хантунец,soulflayer,96,hunter,marksmanship,6,1,5
12011,Pinocion,drakthul,96,hunter,marksmanship,6,1,5
12012,Ренектон,soulflayer,96,hunter,marksmanship,6,1,5
12013,Deadlymayhem,dragonblight,96,hunter,marksmanship,6,1,5
12014,Statik,deathwing,96,hunter,marksmanship,6,1,5
12015,Hallem,karazhan,96,hunter,marksmanship,6,1,5
12016,Cendrac,ravencrest,96,hunter,marksmanship,6,1,5
12017,Wolfmcquade,draenor,96,hunter,marksmanship,6,1,5
12018,Орталиус,deathguard,96,hunter,marksmanship,6,1,5
12019,Flucxx,stormscale,96,hunter,marksmanship,6,1,5
12020,Instinctx,agamaggan,96,hunter,marksmanship,6,1,5
12021,Kolgrim,temple-noir,96,hunter,marksmanship,6,1,5
12022,Elaresas,argent-dawn,96,hunter,marksmanship,6,1,5
12023,Mehtäsika,xavius,96,hunter,marksmanship,6,1,5
12024,Raverave,burning-legion,96,hunter,marksmanship,6,1,5
12025,Hentt,burning-legion,96,hunter,marksmanship,6,1,5
12026,Feedbackloop,silvermoon,96,hunter,marksmanship,6,1,5
12027,Akaname,ravencrest,96,hunter,marksmanship,6,1,5
12028,Xaraimz,ravencrest,96,hunter,marksmanship,6,1,5
12029,Nortroll,draenor,96,hunter,marksmanship,6,1,5
12030,Tuljan,ravencrest,96,hunter,marksmanship,6,1,5
12031,Mavis,bloodfeather,96,hunter,marksmanship,6,1,5
12032,Гижуна,howling-fjord,96,hunter,marksmanship,6,1,5
12033,Dewshot,silvermoon,96,hunter,marksmanship,6,1,5
12034,Наладдчик,howling-fjord,96,hunter,marksmanship,6,1,5
12035,Azmena,silvermoon,96,hunter,marksmanship,6,1,5
12036,Wàterloo,marécage-de-zangar,96,hunter,marksmanship,6,1,5
12037,Pennymarks,blackhand,96,hunter,marksmanship,6,1,5
12038,Drolarin,zuljin,96,hunter,marksmanship,6,1,5
12039,Лсныйпамп,howling-fjord,96,hunter,marksmanship,6,1,5
12040,Cxc,dun-modr,96,hunter,marksmanship,6,1,5
12041,Velcy,ravencrest,96,hunter,marksmanship,6,1,5
12042,Teedfredd,tarren-mill,96,hunter,marksmanship,6,1,5
12043,Hanzú,argent-dawn,96,hunter,marksmanship,6,1,5
12044,Applix,tarren-mill,96,hunter,marksmanship,6,1,5
12045,Superfacial,twisting-nether,96,hunter,marksmanship,6,1,5
12046,Delanoche,exodar,96,hunter,marksmanship,6,1,5
12047,Flechaoscurä,exodar,96,hunter,marksmanship,6,1,5
12048,Wantsumsnipe,twisting-nether,96,hunter,marksmanship,6,1,5
12049,Salie,argent-dawn,96,hunter,marksmanship,6,1,5
12050,Toulouki,silvermoon,96,hunter,marksmanship,6,1,5
12051,Frapt,dalaran,96,hunter,marksmanship,6,1,5
12052,Faccacamoale,twisting-nether,96,hunter,marksmanship,6,1,5
12053,Kongweaver,ragnaros,96,hunter,marksmanship,6,1,5
12054,Crowcifer,argent-dawn,96,hunter,marksmanship,6,1,5
12055,Jagarbladet,ravencrest,96,hunter,marksmanship,6,1,5
12056,Nalys,argent-dawn,96,hunter,marksmanship,6,1,5
12057,Лиасон,howling-fjord,96,hunter,marksmanship,6,1,5
12058,Ggproiettili,pozzo-delleternità,96,hunter,marksmanship,12,1,11
12059,Götthunter,antonidas,96,hunter,marksmanship,12,1,11
12060,Tiguy,archimonde,96,hunter,marksmanship,12,1,11
12061,Donáldtrúmp,tarren-mill,96,hunter,marksmanship,12,1,11
12062,Artexxia,kazzak,96,hunter,marksmanship,12,1,11
12063,Snípér,blackhand,96,hunter,marksmanship,12,1,11
12064,Kratozs,outland,96,hunter,marksmanship,13,1,12
12065,Kælan,grim-batol,96,hunter,marksmanship,18,1,17
12066,Denixxia,bronzebeard,95,hunter,marksmanship,3,2,1
12067,Gohsthunter,dun-morogh,95,hunter,marksmanship,6,1,5
12068,Magahra,thrall,95,hunter,marksmanship,6,1,5
12069,Twinshot,anetheron,84,hunter,marksmanship,15,5,10
12070,Gettóbuxa,arathor,79,hunter,marksmanship,5,1,4
12071,Dréws,kazzak,64,hunter,marksmanship,4,1,3
12072,Naepy,thrall,64,hunter,marksmanship,10,1,9
12073,Nimrod,norgannon,48,hunter,marksmanship,3,1,2
12074,Draugrinnh,tarren-mill,48,hunter,marksmanship,3,1,2
12075,Howlinjoe,darkspear,48,hunter,marksmanship,9,1,8
12076,Merveilleux,hyjal,42,hunter,marksmanship,11,3,8
12077,Svinrbglol,arygos,31,hunter,marksmanship,2,1,1
12078,Imortaltroll,kazzak,16,hunter,marksmanship,1,1,0
12079,Elgango,blackrock,16,hunter,marksmanship,1,1,0
12080,Bonquiesha,tarren-mill,2163,hunter,survival,120,69,51
12081,Corossity,blackmoore,2155,hunter,survival,107,71,36
12082,Gíggí,malganis,2155,hunter,survival,72,40,32
12083,Rynex,festung-der-stürme,2134,hunter,survival,78,45,33
12084,Harrianlar,ravenholdt,2128,hunter,survival,166,84,82
12085,Nikzeubii,archimonde,2113,hunter,survival,66,39,27
12086,Pokefangirlx,grim-batol,2107,hunter,survival,209,121,88
12087,Razoorine,blackrock,2102,hunter,survival,156,87,69
12088,Pridz,archimonde,2096,hunter,survival,180,90,90
12089,Götdelen,kult-der-verdammten,2085,hunter,survival,140,76,64
12090,Uglybaboon,draenor,2081,hunter,survival,281,138,143
12091,Fíng,tarren-mill,2079,hunter,survival,216,109,107
12092,Djheartstrng,argent-dawn,2069,hunter,survival,126,75,51
12093,Macrolaim,outland,2039,hunter,survival,192,94,98
12094,Epicsurvive,ravencrest,2013,hunter,survival,102,52,50
12095,Earfalass,twisting-nether,2009,hunter,survival,184,105,79
12096,Yeezu,sylvanas,2009,hunter,survival,66,36,30
12097,Belaux,archimonde,2006,hunter,survival,173,84,89
12098,Jànet,ravencrest,2002,hunter,survival,66,33,33
12099,Mestar,outland,2001,hunter,survival,199,100,99
12100,Stormblãze,ravencrest,1999,hunter,survival,149,71,78
12101,Huntity,kazzak,1994,hunter,survival,95,51,44
12102,Crucfixion,kazzak,1993,hunter,survival,60,35,25
12103,Лесбиянюсь,gordunni,1983,hunter,survival,137,77,60
12104,Booxun,sylvanas,1982,hunter,survival,133,68,65
12105,Yemistar,archimonde,1980,hunter,survival,78,43,35
12106,Jamboss,twisting-nether,1974,hunter,survival,54,27,27
12107,Josethepimpo,stormscale,1974,hunter,survival,137,68,69
12108,Dackeldustin,norgannon,1970,hunter,survival,59,50,9
12109,Mspt,archimonde,1967,hunter,survival,130,63,67
12110,Exquisitor,draenor,1966,hunter,survival,259,137,122
12111,Gukexa,outland,1965,hunter,survival,66,39,27
12112,Gukéx,stormscale,1965,hunter,survival,72,39,33
12113,Rayadz,nethersturm,1960,hunter,survival,198,98,100
12114,Akronis,outland,1951,hunter,survival,119,58,61
12115,Jackjager,ravencrest,1950,hunter,survival,63,40,23
12116,Marvelmary,ravencrest,1942,hunter,survival,71,34,37
12117,Hyderr,aegwynn,1939,hunter,survival,42,27,15
12118,Aboleon,ragnaros,1934,hunter,survival,74,38,36
12119,Cjezka,blackmoore,1931,hunter,survival,123,64,59
12120,Dyndns,blackmoore,1930,hunter,survival,84,42,42
12121,Bicmex,ravencrest,1928,hunter,survival,44,30,14
12122,Zhulk,los-errantes,1926,hunter,survival,131,65,66
12123,Mmkekw,guldan,1902,hunter,survival,48,33,15
12124,Горгонт,blackscar,1897,hunter,survival,132,72,60
12125,Sneakyshøt,nemesis,1894,hunter,survival,263,137,126
12126,Krakenaspect,kazzak,1890,hunter,survival,36,24,12
12127,Momohenní,archimonde,1871,hunter,survival,156,86,70
12128,Raelaf,zuljin,1866,hunter,survival,42,23,19
12129,Scypher,ragnaros,1864,hunter,survival,50,33,17
12130,Lágåta,outland,1864,hunter,survival,53,27,26
12131,Соняпиво,gordunni,1863,hunter,survival,60,37,23
12132,Ryomen,garona,1862,hunter,survival,189,99,90
12133,Øvade,argent-dawn,1861,hunter,survival,67,41,26
12134,Glosendra,ravencrest,1861,hunter,survival,84,51,33
12135,Brkh,ravencrest,1857,hunter,survival,54,30,24
12136,Nwnw,tarren-mill,1855,hunter,survival,36,22,14
12137,Draxil,archimonde,1852,hunter,survival,94,55,39
12138,Kagrot,silvermoon,1847,hunter,survival,102,49,53
12139,Kyosoku,silvermoon,1845,hunter,survival,57,28,29
12140,Madzynette,archimonde,1842,hunter,survival,67,40,27
12141,Feignfisto,draenor,1840,hunter,survival,33,20,13
12142,Lugnåls,hyjal,1838,hunter,survival,89,46,43
12143,Moustø,archimonde,1836,hunter,survival,47,29,18
12144,Zerberas,blackrock,1835,hunter,survival,60,32,28
12145,Åíøñs,kazzak,1834,hunter,survival,42,26,16
12146,Djshibalxd,argent-dawn,1834,hunter,survival,90,44,46
12147,Квит,blackscar,1832,hunter,survival,30,20,10
12148,Fwaffidack,tarren-mill,1829,hunter,survival,63,36,27
12149,Vunter,malganis,1828,hunter,survival,48,26,22
12150,Dabeszt,draenor,1827,hunter,survival,60,38,22
12151,Avaren,archimonde,1826,hunter,survival,118,61,57
12152,Calesthas,tarren-mill,1825,hunter,survival,84,44,40
12153,Ravebae,silvermoon,1822,hunter,survival,138,69,69
12154,Svinrbglol,arygos,1821,hunter,survival,48,24,24
12155,Зеленыйиисус,gordunni,1818,hunter,survival,153,84,69
12156,Stuckstepbro,silvermoon,1818,hunter,survival,47,22,25
12157,Mogumogu,blackhand,1817,hunter,survival,66,34,32
12158,Pwon,ravencrest,1811,hunter,survival,236,125,111
12159,Frog,crushridge,1810,hunter,survival,78,46,32
12160,Thugzilla,auchindoun,1810,hunter,survival,71,40,31
12161,Polaqu,burning-legion,1809,hunter,survival,60,37,23
12162,Betarayjinx,kazzak,1806,hunter,survival,63,37,26
12163,Saliressa,ravencrest,1803,hunter,survival,78,39,39
12164,Zpf,silvermoon,1801,hunter,survival,56,30,26
12165,Minibicmex,aegwynn,1801,hunter,survival,82,43,39
12166,Lagich,stormscale,1799,hunter,survival,34,24,10
12167,Killerkatze,outland,1794,hunter,survival,36,19,17
12168,Clydefrog,outland,1793,hunter,survival,46,21,25
12169,Qwèrts,stormscale,1791,hunter,survival,54,29,25
12170,Fatbushpig,stormscale,1786,hunter,survival,30,19,11
12171,Boops,ragnaros,1781,hunter,survival,66,31,35
12172,Chopitoo,blackmoore,1777,hunter,survival,60,35,25
12173,Onlylfg,drakthul,1772,hunter,survival,68,35,33
12174,Dreämhäck,ravencrest,1768,hunter,survival,78,47,31
12175,Sneakyshoot,nemesis,1767,hunter,survival,59,31,28
12176,Летмимейт,howling-fjord,1759,hunter,survival,96,53,43
12177,Marchik,outland,1758,hunter,survival,46,30,16
12178,Easyclass,hyjal,1756,hunter,survival,78,40,38
12179,Ksreport,stormscale,1756,hunter,survival,52,24,28
12180,Burbutsuluki,silvermoon,1755,hunter,survival,48,24,24
12181,Obbnfriends,ravencrest,1749,hunter,survival,66,30,36
12182,Clifton,archimonde,1748,hunter,survival,42,27,15
12183,Rewgodxq,ravencrest,1748,hunter,survival,107,48,59
12184,Svetlanatrap,stormscale,1746,hunter,survival,48,24,24
12185,Hunjo,quelthalas,1739,hunter,survival,90,40,50
12186,Døvah,argent-dawn,1737,hunter,survival,54,30,24
12187,Alexdi,kazzak,1736,hunter,survival,60,25,35
12188,Майен,thermaplugg,1735,hunter,survival,54,26,28
12189,Monkeytrapz,norgannon,1733,hunter,survival,54,29,25
12190,Subha,quelthalas,1731,hunter,survival,48,31,17
12191,Kalthrog,ragnaros,1731,hunter,survival,66,37,29
12192,Avizi,anachronos,1724,hunter,survival,78,41,37
12193,Skârlock,blackmoore,1720,hunter,survival,54,29,25
12194,Иснсейшн,soulflayer,1718,hunter,survival,53,31,22
12195,Curbý,blackhand,1718,hunter,survival,36,20,16
12196,Wicmex,archimonde,1713,hunter,survival,33,21,12
12197,Sorozo,aegwynn,1712,hunter,survival,96,50,46
12198,Хансбург,howling-fjord,1710,hunter,survival,74,35,39
12199,Sipsomewater,ravencrest,1707,hunter,survival,36,21,15
12200,Hühneknubbel,blackmoore,1707,hunter,survival,42,24,18
12201,Løvebombing,ravencrest,1706,hunter,survival,24,18,6
12202,Леоа,howling-fjord,1703,hunter,survival,54,24,30
12203,Razôr,blackhand,1700,hunter,survival,30,18,12
12204,Киссмайпет,howling-fjord,1700,hunter,survival,60,34,26
12205,Разплюханка,howling-fjord,1698,hunter,survival,120,62,58
12206,Véncsótány,ragnaros,1697,hunter,survival,42,24,18
12207,Микихаса,galakrond,1697,hunter,survival,99,53,46
12208,Rubydacherrý,argent-dawn,1696,hunter,survival,30,21,9
12209,Yazqua,deathwing,1696,hunter,survival,70,42,28
12210,Fusko,ysondre,1695,hunter,survival,54,29,25
12211,Búddhìst,ravencrest,1694,hunter,survival,48,22,26
12212,Yosia,draenor,1692,hunter,survival,78,39,39
12213,Closeenought,ravencrest,1690,hunter,survival,84,44,40
12214,Zøk,stormscale,1689,hunter,survival,113,65,48
12215,Zapzy,ravencrest,1688,hunter,survival,83,47,36
12216,Плутяра,blackscar,1684,hunter,survival,66,31,35
12217,Eunte,archimonde,1680,hunter,survival,78,38,40
12218,Yemmeth,argent-dawn,1676,hunter,survival,210,108,102
12219,Slizzle,sporeggar,1675,hunter,survival,78,42,36
12220,Snippy,sanguino,1674,hunter,survival,108,50,58
12221,Arrcher,thrall,1670,hunter,survival,36,26,10
12222,Аркеро,soulflayer,1670,hunter,survival,61,31,30
12223,Knokkelmann,outland,1668,hunter,survival,36,24,12
12224,Оскорбление,howling-fjord,1667,hunter,survival,84,42,42
12225,Axehead,outland,1664,hunter,survival,42,22,20
12226,Robzyhunter,kazzak,1663,hunter,survival,66,39,27
12227,Kurkelx,ravencrest,1661,hunter,survival,48,30,18
12228,Sunyjuyono,ravencrest,1659,hunter,survival,54,25,29
12229,Lukez,ravencrest,1656,hunter,survival,48,28,20
12230,Lìmpy,stormreaver,1656,hunter,survival,36,21,15
12231,Mewithoutyou,ragnaros,1655,hunter,survival,208,97,111
12232,Zäroury,ravencrest,1653,hunter,survival,64,32,32
12233,Regale,archimonde,1653,hunter,survival,48,20,28
12234,Глефард,fordragon,1651,hunter,survival,36,24,12
12235,Бомбетта,grom,1649,hunter,survival,90,43,47
12236,Xiumiune,antonidas,1648,hunter,survival,69,40,29
12237,Urtanis,stormscale,1647,hunter,survival,107,58,49
12238,Бубунн,howling-fjord,1646,hunter,survival,81,47,34
12239,Чууч,blackscar,1645,hunter,survival,153,72,81
12240,Xamisch,eredar,1644,hunter,survival,34,22,12
12241,Brattamer,twisting-nether,1642,hunter,survival,28,19,9
12242,Wonkeedx,ravencrest,1641,hunter,survival,42,21,21
12243,Halfogre,draenor,1640,hunter,survival,30,20,10
12244,Ázurâ,blackhand,1639,hunter,survival,139,70,69
12245,Zulldek,sanguino,1638,hunter,survival,78,42,36
12246,Fablet,draenor,1637,hunter,survival,42,24,18
12247,Unsáinted,ravencrest,1635,hunter,survival,215,113,102
12248,Xexhel,twisting-nether,1634,hunter,survival,45,26,19
12249,Gedept,blackrock,1633,hunter,survival,80,41,39
12250,Maiverx,ravencrest,1631,hunter,survival,24,17,7
12251,Субоота,gordunni,1630,hunter,survival,71,36,35
12252,Kfcmanagerx,silvermoon,1629,hunter,survival,34,22,12
12253,Nienel,archimonde,1629,hunter,survival,125,57,68
12254,Renathir,argent-dawn,1628,hunter,survival,50,28,22
12255,Skyh,outland,1628,hunter,survival,101,48,53
12256,Кулерквест,soulflayer,1627,hunter,survival,85,46,39
12257,Marryme,blackhand,1625,hunter,survival,50,32,18
12258,Iceyx,stormscale,1624,hunter,survival,49,22,27
12259,Kajtarn,outland,1621,hunter,survival,60,27,33
12260,Katzila,outland,1620,hunter,survival,41,22,19
12261,Nemámponetí,drakthul,1619,hunter,survival,60,35,25
12262,Копия,azuregos,1619,hunter,survival,72,30,42
12263,Скадхи,blackscar,1616,hunter,survival,126,59,67
12264,Ntwoõ,ravencrest,1615,hunter,survival,65,37,28
12265,Pizzafanatic,blackrock,1614,hunter,survival,49,25,24
12266,Losiané,thrall,1613,hunter,survival,94,48,46
12267,Фломидзе,gordunni,1611,hunter,survival,76,47,29
12268,Defjacks,argent-dawn,1609,hunter,survival,80,40,40
12269,Savageone,frostwhisper,1609,hunter,survival,48,23,25
12270,Ruxhunter,sanguino,1607,hunter,survival,90,50,40
12271,Cira,archimonde,1606,hunter,survival,48,24,24
12272,Гудхантер,blackscar,1605,hunter,survival,66,38,28
12273,Turdy,executus,1605,hunter,survival,70,39,31
12274,Rasmi,kazzak,1605,hunter,survival,65,31,34
12275,Mclooving,runetotem,1604,hunter,survival,49,29,20
12276,Жэш,howling-fjord,1602,hunter,survival,42,21,21
12277,Raztreadör,dun-modr,1601,hunter,survival,275,144,131
12278,Сабакаа,borean-tundra,1600,hunter,survival,78,44,34
12279,Darllene,kazzak,1599,hunter,survival,101,46,55
12280,Dariusmm,silvermoon,1598,hunter,survival,58,32,26
12281,Calyssae,shattered-halls,1591,hunter,survival,99,58,41
12282,Ódelagga,sylvanas,1591,hunter,survival,123,66,57
12283,Løwg,drekthar,1590,hunter,survival,54,28,26
12284,Aspergun,ragnaros,1590,hunter,survival,46,22,24
12285,Танчибосс,soulflayer,1589,hunter,survival,92,47,45
12286,Оути,azuregos,1588,hunter,survival,138,76,62
12287,Amilienne,nozdormu,1588,hunter,survival,39,18,21
12288,Стингергодх,gordunni,1587,hunter,survival,81,40,41
12289,Sznxøxo,ravencrest,1585,hunter,survival,42,24,18
12290,Saejku,archimonde,1585,hunter,survival,69,36,33
12291,Миаур,gordunni,1583,hunter,survival,42,19,23
12292,Skydraz,ysondre,1575,hunter,survival,54,29,25
12293,Тэмплест,howling-fjord,1574,hunter,survival,30,19,11
12294,Tillhunt,kargath,1573,hunter,survival,87,50,37
12295,Свадебная,gordunni,1572,hunter,survival,148,78,70
12296,Juniorm,kazzak,1568,hunter,survival,42,22,20
12297,Albumx,hyjal,1568,hunter,survival,235,119,116
12298,Хантзер,howling-fjord,1568,hunter,survival,86,42,44
12299,Suzumebachi,twisting-nether,1562,hunter,survival,54,34,20
12300,Bren,shattrath,1554,hunter,survival,61,30,31
12301,Gradevine,twisting-nether,1551,hunter,survival,68,41,27
12302,Ðarrk,tarren-mill,1551,hunter,survival,66,35,31
12303,Rettoo,aszune,1550,hunter,survival,42,25,17
12304,Westcøãst,archimonde,1550,hunter,survival,54,32,22
12305,Ðrãke,blackmoore,1550,hunter,survival,48,27,21
12306,Âmalphy,ravencrest,1549,hunter,survival,42,17,25
12307,Rizlay,the-maelstrom,1546,hunter,survival,72,34,38
12308,Смолильщик,gordunni,1542,hunter,survival,45,22,23
12309,Ищименявтени,gordunni,1540,hunter,survival,77,40,37
12310,Wikariusz,kazzak,1540,hunter,survival,66,27,39
12311,Sarrow,ravencrest,1535,hunter,survival,69,36,33
12312,Knoxblå,stormscale,1533,hunter,survival,24,16,8
12313,Bnak,thrall,1530,hunter,survival,24,16,8
12314,Skzu,archimonde,1529,hunter,survival,30,20,10
12315,Lottemor,tarren-mill,1528,hunter,survival,47,32,15
12316,Sphexya,ravencrest,1528,hunter,survival,30,16,14
12317,Garxzhunter,tarren-mill,1528,hunter,survival,30,16,14
12318,Danissia,argent-dawn,1525,hunter,survival,39,19,20
12319,Babûsch,blackmoore,1524,hunter,survival,42,17,25
12320,Psychotik,stormreaver,1523,hunter,survival,148,77,71
12321,Глаззалмаз,howling-fjord,1519,hunter,survival,34,21,13
12322,Bittercoast,stormscale,1518,hunter,survival,29,16,13
12323,Cenesthesia,draenor,1514,hunter,survival,52,28,24
12324,Vènuhá,ravencrest,1513,hunter,survival,24,16,8
12325,Jakis,silvermoon,1513,hunter,survival,35,17,18
12326,Zacxx,ravencrest,1512,hunter,survival,47,33,14
12327,Dedral,aegwynn,1509,hunter,survival,30,16,14
12328,Iòvól,azuremyst,1507,hunter,survival,84,44,40
12329,Næ,kazzak,1504,hunter,survival,103,55,48
12330,Capd,kazzak,1504,hunter,survival,66,35,31
12331,Fmatzen,the-maelstrom,1503,hunter,survival,30,16,14
12332,Blvckjvckz,ravencrest,1500,hunter,survival,30,16,14
12333,Галятрицепс,eversong,1494,hunter,survival,38,19,19
12334,Clicker,runetotem,1494,hunter,survival,60,28,32
12335,Sayn,la-croisade-écarlate,1488,hunter,survival,56,30,26
12336,Hakkoti,argent-dawn,1486,hunter,survival,66,33,33
12337,Виралатта,gordunni,1485,hunter,survival,30,16,14
12338,Kalani,la-croisade-écarlate,1483,hunter,survival,131,64,67
12339,Riema,ragnaros,1483,hunter,survival,76,34,42
12340,Andjelaa,kazzak,1482,hunter,survival,36,18,18
12341,Lxoh,turalyon,1478,hunter,survival,191,90,101
12342,Horxxa,kul-tiras,1476,hunter,survival,78,46,32
12343,Zeer,sylvanas,1475,hunter,survival,129,55,74
12344,Анариэльсин,soulflayer,1474,hunter,survival,36,20,16
12345,Молеандрис,gordunni,1474,hunter,survival,57,28,29
12346,Jailevaccin,khaz-modan,1474,hunter,survival,97,45,52
12347,Noop,sylvanas,1473,hunter,survival,54,22,32
12348,Штынь,gordunni,1471,hunter,survival,36,17,19
12349,Хитвейн,gordunni,1469,hunter,survival,48,20,28
12350,Комомура,soulflayer,1467,hunter,survival,65,34,31
12351,Killitoss,blackmoore,1466,hunter,survival,54,26,28
12352,Melissax,silvermoon,1464,hunter,survival,40,17,23
12353,Яшатаю,soulflayer,1463,hunter,survival,39,26,13
12354,Notikâ,aegwynn,1461,hunter,survival,66,33,33
12355,Frapt,dalaran,1459,hunter,survival,28,16,12
12356,Hreo,twisting-nether,1452,hunter,survival,48,24,24
12357,Atalnta,ravencrest,1451,hunter,survival,69,28,41
12358,Чужойй,howling-fjord,1450,hunter,survival,42,21,21
12359,Pentaboule,archimonde,1448,hunter,survival,114,61,53
12360,Nalys,argent-dawn,1447,hunter,survival,70,39,31
12361,Makeawish,antonidas,1444,hunter,survival,64,37,27
12362,Olk,stormscale,1439,hunter,survival,24,15,9
12363,Wastage,draenor,1439,hunter,survival,48,25,23
12364,Islide,ravencrest,1438,hunter,survival,36,15,21
12365,Huntsmart,kazzak,1432,hunter,survival,30,15,15
12366,Крэин,howling-fjord,1429,hunter,survival,36,19,17
12367,Laayopeh,argent-dawn,1428,hunter,survival,24,15,9
12368,Nurki,the-maelstrom,1427,hunter,survival,30,15,15
12369,Dorota,auchindoun,1426,hunter,survival,36,19,17
12370,Гаррельд,blackscar,1426,hunter,survival,36,18,18
12371,Тэуреэль,gordunni,1426,hunter,survival,66,26,40
12372,Yake,kazzak,1425,hunter,survival,46,18,28
12373,Vengefull,draenor,1421,hunter,survival,162,84,78
12374,Shibai,outland,1420,hunter,survival,65,31,34
12375,Boggy,outland,1419,hunter,survival,41,22,19
12376,Hoffen,dentarg,1414,hunter,survival,24,18,6
12377,Huntiika,silvermoon,1413,hunter,survival,70,32,38
12378,Китас,soulflayer,1412,hunter,survival,119,68,51
12379,Kürze,silvermoon,1409,hunter,survival,58,27,31
12380,Arykes,drakthul,1409,hunter,survival,59,27,32
12381,Capullospawn,dun-morogh,1406,hunter,survival,24,15,9
12382,Шадак,soulflayer,1405,hunter,survival,47,24,23
12383,Oggi,draenor,1402,hunter,survival,60,29,31
12384,Shoty,zuluhed,1402,hunter,survival,106,50,56
12385,Sívér,antonidas,1401,hunter,survival,36,15,21
12386,Jeddaj,stormscale,1400,hunter,survival,36,15,21
12387,Survsen,kazzak,1399,hunter,survival,72,35,37
12388,Feignindeath,twisting-nether,1396,hunter,survival,38,23,15
12389,Milééna,ravencrest,1396,hunter,survival,47,18,29
12390,Crème,blackrock,1395,hunter,survival,65,26,39
12391,Ballistix,elune,1394,hunter,survival,30,15,15
12392,Кфоззи,soulflayer,1391,hunter,survival,30,15,15
12393,Deathwallker,silvermoon,1389,hunter,survival,30,23,7
12394,Itchy,das-syndikat,1387,hunter,survival,57,28,29
12395,Eufumo,sanguino,1384,hunter,survival,29,16,13
12396,Ajko,blackmoore,1378,hunter,survival,60,33,27
12397,Taurïel,stormscale,1373,hunter,survival,67,36,31
12398,Torrë,sanguino,1372,hunter,survival,35,17,18
12399,Сильвиина,eversong,1372,hunter,survival,36,17,19
12400,Йинги,gordunni,1371,hunter,survival,77,40,37
12401,Вандамос,soulflayer,1371,hunter,survival,79,41,38
12402,Jónes,dunemaul,1370,hunter,survival,36,16,20
12403,Hunttes,nagrand,1365,hunter,survival,29,15,14
12404,Shootingu,aegwynn,1364,hunter,survival,96,49,47
12405,Rolky,silvermoon,1360,hunter,survival,30,16,14
12406,Suxino,doomhammer,1360,hunter,survival,82,37,45
12407,Zwerghauer,arthas,1358,hunter,survival,30,17,13
12408,Стивстифлер,razuvious,1357,hunter,survival,60,33,27
12409,Мандалорецц,soulflayer,1356,hunter,survival,92,44,48
12410,Santiägø,archimonde,1353,hunter,survival,54,30,24
12411,Trapfish,dalaran,1350,hunter,survival,60,33,27
12412,Abovival,ragnaros,1349,hunter,survival,30,20,10
12413,Skyyw,tarren-mill,1348,hunter,survival,62,34,28
12414,Zaphody,doomhammer,1346,hunter,survival,63,32,31
12415,Malgorn,burning-legion,1341,hunter,survival,40,27,13
12416,Icetrapped,eredar,1341,hunter,survival,30,14,16
12417,Xaone,blackrock,1340,hunter,survival,18,14,4
12418,Ðévi,ravencrest,1340,hunter,survival,18,14,4
12419,Zanpa,archimonde,1340,hunter,survival,18,14,4
12420,Ðoñko,hyjal,1340,hunter,survival,147,69,78
12421,Айхана,gordunni,1337,hunter,survival,53,30,23
12422,Satantrapbot,outland,1337,hunter,survival,30,14,16
12423,Grulog,kazzak,1335,hunter,survival,36,14,22
12424,Xallis,outland,1334,hunter,survival,24,14,10
12425,Shiceloch,blackmoore,1334,hunter,survival,30,14,16
12426,Jalcer,draenor,1334,hunter,survival,56,25,31
12427,Tyrone,saurfang,1332,hunter,survival,36,15,21
12428,Shotazz,frostmane,1331,hunter,survival,24,14,10
12429,Kobayashi,arathor,1331,hunter,survival,89,40,49
12430,Sasquaczek,burning-legion,1328,hunter,survival,42,24,18
12431,Jamalinho,silvermoon,1322,hunter,survival,60,38,22
12432,Карвинн,soulflayer,1321,hunter,survival,30,14,16
12433,Подлыйстарик,gordunni,1320,hunter,survival,43,30,13
12434,Zehned,ysondre,1316,hunter,survival,57,25,32
12435,Ниалла,thermaplugg,1316,hunter,survival,48,19,29
12436,Slagatronic,ragnaros,1314,hunter,survival,108,57,51
12437,Vâleriaa,blackrock,1314,hunter,survival,30,14,16
12438,Занзуолли,howling-fjord,1309,hunter,survival,66,32,34
12439,Artemisïa,archimonde,1307,hunter,survival,36,14,22
12440,Littlhuntard,tarren-mill,1306,hunter,survival,24,14,10
12441,Пятницкий,soulflayer,1304,hunter,survival,33,17,16
12442,Bigbababotan,blackrock,1303,hunter,survival,26,18,8
12443,Karabeg,twisting-nether,1301,hunter,survival,53,22,31
12444,Steezowl,kazzak,1297,hunter,survival,47,20,27
12445,Prodanhunts,frostmane,1296,hunter,survival,30,14,16
12446,Wôôdsy,blackrock,1291,hunter,survival,30,14,16
12447,Sarttrap,aerie-peak,1289,hunter,survival,24,14,10
12448,Ilovejwrld,dun-modr,1289,hunter,survival,28,15,13
12449,Kasperle,frostwolf,1281,hunter,survival,24,14,10
12450,Getsniffarn,sylvanas,1277,hunter,survival,36,18,18
12451,Röwene,argent-dawn,1276,hunter,survival,26,16,10
12452,Daweí,draenor,1275,hunter,survival,40,15,25
12453,Gakco,twisting-nether,1265,hunter,survival,30,16,14
12454,Nvukaze,argent-dawn,1262,hunter,survival,33,22,11
12455,Moralisa,eredar,1262,hunter,survival,29,14,15
12456,Cásper,tarren-mill,1261,hunter,survival,48,23,25
12457,Ägris,die-todeskrallen,1260,hunter,survival,80,42,38
12458,Bigmøist,ravencrest,1257,hunter,survival,74,34,40
12459,Jomoguin,stormscale,1255,hunter,survival,54,27,27
12460,Фурболгов,gordunni,1251,hunter,survival,60,26,34
12461,Куджикс,soulflayer,1248,hunter,survival,18,13,5
12462,Zudith,sanguino,1248,hunter,survival,24,14,10
12463,Spitchy,kazzak,1248,hunter,survival,36,17,19
12464,Jumong,ragnaros,1246,hunter,survival,24,13,11
12465,Caelas,outland,1245,hunter,survival,36,17,19
12466,Foxyfoxo,guldan,1245,hunter,survival,41,19,22
12467,Vargar,arygos,1245,hunter,survival,30,13,17
12468,Guanchin,silvermoon,1245,hunter,survival,42,16,26
12469,Kydérr,aegwynn,1243,hunter,survival,24,13,11
12470,Thalanos,antonidas,1243,hunter,survival,30,13,17
12471,Paxiwtf,eredar,1242,hunter,survival,22,14,8
12472,Tortillia,madmortem,1242,hunter,survival,75,32,43
12473,Skytraped,hyjal,1241,hunter,survival,23,14,9
12474,Morkahs,dalaran,1240,hunter,survival,24,13,11
12475,Bicepspump,dun-morogh,1240,hunter,survival,30,13,17
12476,Wuad,silvermoon,1239,hunter,survival,24,13,11
12477,ßlackjack,thrall,1237,hunter,survival,18,13,5
12478,Bowmasterjay,kazzak,1221,hunter,survival,24,13,11
12479,Барабаша,deathguard,1220,hunter,survival,36,13,23
12480,Thëoden,cthun,1217,hunter,survival,24,13,11
12481,Тике,soulflayer,1215,hunter,survival,38,19,19
12482,Vorsord,zuljin,1209,hunter,survival,30,13,17
12483,Кир,blackscar,1208,hunter,survival,24,13,11
12484,Herubin,doomhammer,1202,hunter,survival,57,26,31
12485,Bloodxx,ragnaros,1201,hunter,survival,72,33,39
12486,Sainttcc,thrall,1195,hunter,survival,54,25,29
12487,Kazzaak,kazzak,1188,hunter,survival,72,26,46
12488,Dîdierraoult,archimonde,1167,hunter,survival,23,13,10
12489,Ketaminösa,zuljin,1151,hunter,survival,18,12,6
12490,Ähäkutti,kazzak,1151,hunter,survival,30,12,18
12491,Bnak,die-ewige-wacht,1150,hunter,survival,18,12,6
12492,Erhu,drakthul,1150,hunter,survival,18,12,6
12493,Nkl,archimonde,1150,hunter,survival,24,12,12
12494,Natchell,ysondre,1148,hunter,survival,24,12,12
12495,Nevêrse,archimonde,1147,hunter,survival,24,12,12
12496,Звериныйпапа,gordunni,1146,hunter,survival,24,12,12
12497,Clicktrap,runetotem,1146,hunter,survival,30,12,18
12498,Äzul,ysondre,1142,hunter,survival,27,13,14
12499,Såvëâmäzøñíà,stormscale,1142,hunter,survival,30,12,18
12500,Kaynor,dalaran,1141,hunter,survival,24,12,12
12501,Ayshæ,tarren-mill,1139,hunter,survival,48,17,31
12502,Gilzog,exodar,1138,hunter,survival,30,12,18
12503,Cabaim,eredar,1137,hunter,survival,18,12,6
12504,Floris,outland,1126,hunter,survival,24,12,12
12505,Cämper,aegwynn,1124,hunter,survival,24,12,12
12506,Leemool,ysondre,1123,hunter,survival,30,18,12
12507,Ashablack,argent-dawn,1118,hunter,survival,119,55,64
12508,Bâng,zuljin,1117,hunter,survival,24,12,12
12509,Бандерака,goldrinn,1115,hunter,survival,24,12,12
12510,Junglez,nagrand,1113,hunter,survival,24,12,12
12511,Absolutnoob,blackrock,1103,hunter,survival,56,28,28
12512,Apachy,amanthul,1100,hunter,survival,29,12,17
12513,Sláyer,the-shatar,1099,hunter,survival,58,28,30
12514,Aszasi,azjolnerub,1096,hunter,survival,23,12,11
12515,Himba,dentarg,1088,hunter,survival,36,18,18
12516,Yinn,kilrogg,1069,hunter,survival,36,13,23
12517,Guccyfied,blackrock,1056,hunter,survival,18,11,7
12518,Djsecousse,hyjal,1056,hunter,survival,18,11,7
12519,Lutza,sanguino,1056,hunter,survival,24,11,13
12520,Hûntyhunt,silvermoon,1055,hunter,survival,18,11,7
12521,Djtrápálót,dragonmaw,1055,hunter,survival,18,11,7
12522,Síraw,tarren-mill,1055,hunter,survival,30,11,19
12523,Agarez,blackrock,1054,hunter,survival,30,14,16
12524,Éddiémórphín,kazzak,1053,hunter,survival,24,11,13
12525,Coromant,blackrock,1053,hunter,survival,26,11,15
12526,Cataleýà,outland,1052,hunter,survival,18,11,7
12527,Твояпомощь,gordunni,1052,hunter,survival,18,11,7
12528,Рэдхаант,soulflayer,1052,hunter,survival,24,11,13
12529,Живучийорех,gordunni,1048,hunter,survival,18,11,7
12530,Heliandra,dun-modr,1047,hunter,survival,18,11,7
12531,Huntoruu,outland,1042,hunter,survival,107,47,60
12532,Querro,azshara,1036,hunter,survival,42,11,31
12533,Pôîson,kazzak,1034,hunter,survival,84,33,51
12534,Bairex,magtheridon,1033,hunter,survival,36,18,18
12535,Spliinter,twisting-nether,1025,hunter,survival,22,13,9
12536,Doru,silvermoon,1025,hunter,survival,24,11,13
12537,Dragonflayer,sylvanas,1021,hunter,survival,18,11,7
12538,Szybky,defias-brotherhood,1017,hunter,survival,18,11,7
12539,Voltár,antonidas,1017,hunter,survival,30,11,19
12540,Giobi,draenor,996,hunter,survival,24,13,11
12541,Animàl,argent-dawn,988,hunter,survival,22,11,11
12542,Änubïs,culte-de-la-rive-noire,973,hunter,survival,28,12,16
12543,Крысюкпифпаф,blackscar,971,hunter,survival,19,11,8
12544,Аминотоксид,blackscar,960,hunter,survival,12,10,2
12545,Tayu,throkferoth,960,hunter,survival,12,10,2
12546,Reviam,ravencrest,960,hunter,survival,12,10,2
12547,Kukenisluken,stormscale,960,hunter,survival,18,10,8
12548,Мигнитюша,blackscar,960,hunter,survival,18,10,8
12549,Vincex,ravencrest,960,hunter,survival,18,10,8
12550,Neddly,draenor,960,hunter,survival,24,10,14
12551,Skewdar,hyjal,960,hunter,survival,30,10,20
12552,Смертонносна,lich-king,959,hunter,survival,12,10,2
12553,Nttcoopzz,silvermoon,959,hunter,survival,18,10,8
12554,Xelsera,antonidas,959,hunter,survival,18,10,8
12555,Cadier,argent-dawn,959,hunter,survival,24,10,14
12556,Terrorduni,tarren-mill,959,hunter,survival,24,10,14
12557,Менстряк,deathguard,958,hunter,survival,18,10,8
12558,Mcgloebels,archimonde,956,hunter,survival,21,11,10
12559,Starkt,ragnaros,956,hunter,survival,24,10,14
12560,Binhoker,argent-dawn,953,hunter,survival,12,10,2
12561,Memli,uldaman,950,hunter,survival,18,10,8
12562,Marluxiâ,archimonde,947,hunter,survival,30,11,19
12563,Zipzâp,blackrock,936,hunter,survival,18,10,8
12564,Neilime,marécage-de-zangar,936,hunter,survival,74,33,41
12565,Doraxa,sanguino,911,hunter,survival,27,10,17
12566,Pechvogel,blackmoore,910,hunter,survival,17,10,7
12567,Zinà,naxxramas,891,hunter,survival,22,10,12
12568,Bláckheart,doomhammer,888,hunter,survival,22,10,12
12569,Ирртой,grom,885,hunter,survival,24,10,14
12570,Mahikotwo,arathor,864,hunter,survival,12,9,3
12571,Urrane,archimonde,864,hunter,survival,12,9,3
12572,Agnêas,silvermoon,864,hunter,survival,18,9,9
12573,Nooksem,blackrock,864,hunter,survival,18,9,9
12574,Mortybeans,ravencrest,864,hunter,survival,18,9,9
12575,Bùddhíst,ravencrest,864,hunter,survival,18,9,9
12576,Mileysaures,stormscale,863,hunter,survival,12,9,3
12577,Murkek,drakthul,863,hunter,survival,12,9,3
12578,Kapitannapas,deathwing,863,hunter,survival,18,9,9
12579,Zion,kul-tiras,863,hunter,survival,18,9,9
12580,Kirax,ravencrest,863,hunter,survival,21,10,11
12581,Ashendan,silvermoon,863,hunter,survival,24,9,15
12582,Тиометра,gordunni,862,hunter,survival,12,9,3
12583,Torelk,dalaran,862,hunter,survival,18,9,9
12584,Skumrask,outland,862,hunter,survival,24,9,15
12585,Вилдфлекс,gordunni,861,hunter,survival,12,9,3
12586,Rollin,khaz-modan,861,hunter,survival,12,9,3
12587,Tôm,ravencrest,860,hunter,survival,12,9,3
12588,Пивпавнах,gordunni,859,hunter,survival,12,9,3
12589,Raenard,ragnaros,858,hunter,survival,21,10,11
12590,Milandra,the-maelstrom,851,hunter,survival,18,9,9
12591,Критпояйцам,howling-fjord,847,hunter,survival,17,11,6
12592,Beaupapa,archimonde,846,hunter,survival,18,9,9
12593,Killdembro,sunstrider,835,hunter,survival,102,31,71
12594,Dhmain,frostmane,805,hunter,survival,27,10,17
12595,Hotgrillexde,sylvanas,799,hunter,survival,17,9,8
12596,Drolig,blackmoore,793,hunter,survival,17,9,8
12597,Jaggy,hyjal,768,hunter,survival,12,8,4
12598,Патчхороший,howling-fjord,768,hunter,survival,12,8,4
12599,Maiver,ravencrest,768,hunter,survival,12,8,4
12600,Poggersdaddy,kazzak,768,hunter,survival,12,8,4
12601,Gurrmex,stormscale,768,hunter,survival,12,8,4
12602,Oczkuhne,burning-legion,768,hunter,survival,12,8,4
12603,Djfortnite,ravencrest,768,hunter,survival,12,8,4
12604,Velen,pozzo-delleternità,768,hunter,survival,12,8,4
12605,Пьёт,gordunni,768,hunter,survival,18,8,10
12606,Фираналь,blackscar,768,hunter,survival,18,8,10
12607,Fiskerr,darksorrow,768,hunter,survival,18,8,10
12608,Jäinenool,outland,768,hunter,survival,18,8,10
12609,Waziralwazar,auchindoun,768,hunter,survival,18,8,10
12610,Bø,burning-blade,768,hunter,survival,18,8,10
12611,Epicsurvive,kazzak,768,hunter,survival,24,8,16
12612,Øpedro,kirin-tor,767,hunter,survival,12,8,4
12613,Каморан,grom,767,hunter,survival,12,8,4
12614,Nokti,die-ewige-wacht,767,hunter,survival,12,8,4
12615,Тиандриса,soulflayer,767,hunter,survival,12,8,4
12616,Luftikuss,arthas,767,hunter,survival,12,8,4
12617,Double,sylvanas,767,hunter,survival,18,8,10
12618,Akasa,twilights-hammer,767,hunter,survival,24,8,16
12619,Blackwarz,la-croisade-écarlate,766,hunter,survival,12,8,4
12620,Вуйчеч,howling-fjord,766,hunter,survival,24,8,16
12621,Harmonía,outland,764,hunter,survival,24,8,16
12622,Eledanu,blackmoore,762,hunter,survival,12,8,4
12623,Риппер,gordunni,762,hunter,survival,24,8,16
12624,Harrak,ysondre,761,hunter,survival,12,8,4
12625,Хантероо,gordunni,756,hunter,survival,18,8,10
12626,Powerhord,burning-legion,751,hunter,survival,18,8,10
12627,Thëhunter,tyrande,749,hunter,survival,17,8,9
12628,Hanibale,burning-blade,740,hunter,survival,30,8,22
12629,Оверман,azuregos,735,hunter,survival,26,9,17
12630,Ватмано,gordunni,718,hunter,survival,11,8,3
12631,Otekkâ,hyjal,703,hunter,survival,17,8,9
12632,Reefa,the-maelstrom,702,hunter,survival,11,8,3
12633,Dexx,kazzak,698,hunter,survival,17,9,8
12634,Dauria,blackhand,672,hunter,survival,12,7,5
12635,Arnakua,outland,672,hunter,survival,12,7,5
12636,Amadia,defias-brotherhood,672,hunter,survival,12,7,5
12637,Motri,tarren-mill,672,hunter,survival,12,7,5
12638,Robinbuds,stormscale,672,hunter,survival,12,7,5
12639,Волкорн,gordunni,672,hunter,survival,12,7,5
12640,Nulles,ravencrest,672,hunter,survival,12,7,5
12641,Burninghunt,ravencrest,672,hunter,survival,12,7,5
12642,Алекскиллшот,blackscar,672,hunter,survival,12,7,5
12643,Wórldz,dun-modr,672,hunter,survival,12,7,5
12644,Трапгодикс,eversong,672,hunter,survival,12,7,5
12645,Merquryh,ravencrest,672,hunter,survival,12,7,5
12646,Tomorrow,ravencrest,672,hunter,survival,12,7,5
12647,Snôptas,blackmoore,672,hunter,survival,12,7,5
12648,Ilovemax,archimonde,672,hunter,survival,12,7,5
12649,Davidghettô,dalaran,672,hunter,survival,12,7,5
12650,Neyv,blackmoore,672,hunter,survival,15,8,7
12651,Норапина,eversong,672,hunter,survival,33,15,18
12652,Avashah,ravencrest,672,hunter,survival,16,7,9
12653,Niro,argent-dawn,672,hunter,survival,18,7,11
12654,Aspects,blackrock,672,hunter,survival,18,7,11
12655,Óneshóter,madmortem,671,hunter,survival,12,7,5
12656,Flamehand,kazzak,671,hunter,survival,12,7,5
12657,Fyoni,silvermoon,671,hunter,survival,12,7,5
12658,Элфй,gordunni,671,hunter,survival,12,7,5
12659,Shanndu,ravencrest,671,hunter,survival,18,7,11
12660,Алестея,gordunni,671,hunter,survival,18,7,11
12661,Koblih,draenor,671,hunter,survival,30,7,23
12662,Cliff,kiljaeden,670,hunter,survival,12,7,5
12663,Мертвыйпсарь,soulflayer,670,hunter,survival,12,7,5
12664,Blackox,zirkel-des-cenarius,670,hunter,survival,12,7,5
12665,Renegansnipe,silvermoon,670,hunter,survival,18,7,11
12666,Panfilmaaj,burning-legion,670,hunter,survival,19,7,12
12667,Санясурв,gordunni,665,hunter,survival,25,12,13
12668,Skyythe,dun-morogh,649,hunter,survival,18,7,11
12669,Bowkeeper,kazzak,642,hunter,survival,24,7,17
12670,Bugspitz,outland,622,hunter,survival,11,7,4
12671,Хищник,gordunni,622,hunter,survival,14,8,6
12672,Onefatalshot,the-maelstrom,617,hunter,survival,14,8,6
12673,Gitanìlla,dun-modr,576,hunter,survival,6,6,0
12674,Laptopplayër,ravencrest,576,hunter,survival,6,6,0
12675,Alissón,aegwynn,576,hunter,survival,6,6,0
12676,Haileyjones,darkmoon-faire,576,hunter,survival,6,6,0
12677,Ernorx,stormscale,576,hunter,survival,6,6,0
12678,Iloveluna,silvermoon,576,hunter,survival,6,6,0
12679,Reelgigachad,archimonde,576,hunter,survival,12,6,6
12680,Mahikosan,outland,576,hunter,survival,12,6,6
12681,Bicmeks,ravencrest,576,hunter,survival,12,6,6
12682,Уроборос,gordunni,576,hunter,survival,12,6,6
12683,Maddoqx,frostwolf,576,hunter,survival,12,6,6
12684,Mouganstine,archimonde,576,hunter,survival,12,6,6
12685,Nobuno,dun-modr,576,hunter,survival,12,6,6
12686,Snoude,silvermoon,576,hunter,survival,12,6,6
12687,Seandeluxe,defias-brotherhood,576,hunter,survival,12,6,6
12688,Scarletgirl,draenor,576,hunter,survival,12,6,6
12689,Psghunt,argent-dawn,576,hunter,survival,12,6,6
12690,Schwabbels,silvermoon,576,hunter,survival,12,6,6
12691,Crapulegangz,archimonde,576,hunter,survival,12,6,6
12692,Alibigjungle,ravencrest,576,hunter,survival,12,6,6
12693,Uranîa,blackmoore,576,hunter,survival,12,6,6
12694,Xxø,ravencrest,576,hunter,survival,12,6,6
12695,Nirn,ravencrest,576,hunter,survival,12,6,6
12696,Autoturret,eredar,576,hunter,survival,12,6,6
12697,Kuzes,ravencrest,576,hunter,survival,12,6,6
12698,Nunziatellà,nemesis,576,hunter,survival,12,6,6
12699,Weraxo,ravencrest,576,hunter,survival,12,6,6
12700,Jamoneame,sanguino,576,hunter,survival,12,6,6
12701,Куджикс,gordunni,576,hunter,survival,20,7,13
12702,Alwaysthug,ravencrest,576,hunter,survival,18,6,12
12703,Huntanova,antonidas,576,hunter,survival,18,6,12
12704,Согекхей,gordunni,576,hunter,survival,24,6,18
12705,Grimazg,chogall,575,hunter,survival,12,6,6
12706,Pãstèque,ravencrest,575,hunter,survival,12,6,6
12707,Orcpie,defias-brotherhood,575,hunter,survival,12,6,6
12708,Broomyuk,kilrogg,575,hunter,survival,12,6,6
12709,Hevl,silvermoon,575,hunter,survival,12,6,6
12710,Йеттеринг,deathweaver,575,hunter,survival,15,7,8
12711,Sekkeh,ragnaros,575,hunter,survival,18,6,12
12712,Enistee,silvermoon,575,hunter,survival,18,6,12
12713,Girlfwiend,argent-dawn,575,hunter,survival,18,6,12
12714,Дондонандон,gordunni,575,hunter,survival,18,6,12
12715,Bôbby,kelthuzad,575,hunter,survival,18,6,12
12716,Amjamh,hyjal,575,hunter,survival,18,6,12
12717,Whyareurunin,silvermoon,575,hunter,survival,24,6,18
12718,Mufassa,sinstralis,574,hunter,survival,12,6,6
12719,Васябицепс,howling-fjord,574,hunter,survival,18,6,12
12720,Vuloshi,twisting-nether,573,hunter,survival,18,6,12
12721,Shanè,blackrock,557,hunter,survival,17,6,11
12722,Mâjôô,blackhand,544,hunter,survival,10,6,4
12723,Боцекабузер,galakrond,543,hunter,survival,11,6,5
12724,Chillibetv,blackrock,543,hunter,survival,16,7,9
12725,Abeji,malygos,543,hunter,survival,17,6,11
12726,Reðrighthånð,throkferoth,528,hunter,survival,9,6,3
12727,Hyparion,kazzak,527,hunter,survival,11,6,5
12728,Yvenne,uldaman,525,hunter,survival,11,6,5
12729,Aequitaz,blackhand,511,hunter,survival,20,6,14
12730,Хантвкроксах,gordunni,496,hunter,survival,13,6,7
12731,Dheredre,silvermoon,480,hunter,survival,6,5,1
12732,Deek,ysera,480,hunter,survival,6,5,1
12733,Alohunt,archimonde,480,hunter,survival,6,5,1
12734,Lísy,hyjal,480,hunter,survival,6,5,1
12735,Забзаб,soulflayer,480,hunter,survival,6,5,1
12736,Mòzetónq,ravencrest,480,hunter,survival,6,5,1
12737,Sebikh,ravencrest,480,hunter,survival,6,5,1
12738,Smellygroin,darksorrow,480,hunter,survival,6,5,1
12739,Jelibon,ragnaros,480,hunter,survival,6,5,1
12740,Glama,archimonde,480,hunter,survival,6,5,1
12741,Vilopez,arthas,480,hunter,survival,6,5,1
12742,Musen,draenor,480,hunter,survival,6,5,1
12743,Acefyre,sylvanas,480,hunter,survival,12,5,7
12744,Jäegr,hyjal,480,hunter,survival,12,5,7
12745,Doloresman,tarren-mill,480,hunter,survival,12,5,7
12746,Эвилтар,soulflayer,480,hunter,survival,12,5,7
12747,Oof,lightnings-blade,480,hunter,survival,12,5,7
12748,Варкраб,blackscar,480,hunter,survival,12,5,7
12749,Discoråttan,stormscale,480,hunter,survival,12,5,7
12750,Вкинулматрас,gordunni,480,hunter,survival,12,5,7
12751,Ранкон,lich-king,480,hunter,survival,12,5,7
12752,Yakayoshi,kazzak,480,hunter,survival,12,5,7
12753,Grusijohn,executus,480,hunter,survival,12,5,7
12754,Horku,kazzak,480,hunter,survival,12,5,7
12755,Cyhi,ravencrest,480,hunter,survival,12,5,7
12756,Madtony,aegwynn,480,hunter,survival,12,5,7
12757,Caìuz,pozzo-delleternità,480,hunter,survival,12,5,7
12758,Abeba,grim-batol,480,hunter,survival,12,5,7
12759,Moscowmule,tarren-mill,480,hunter,survival,12,5,7
12760,Baconflips,ravencrest,480,hunter,survival,12,5,7
12761,Unferth,the-venture-co,480,hunter,survival,12,5,7
12762,Hunterado,burning-legion,480,hunter,survival,12,5,7
12763,Coopatron,silvermoon,480,hunter,survival,12,5,7
12764,Ormassey,drakthul,480,hunter,survival,12,5,7
12765,Noneedtotrap,darksorrow,480,hunter,survival,12,5,7
12766,Аскентр,gordunni,480,hunter,survival,12,5,7
12767,Vypaz,twisting-nether,480,hunter,survival,12,5,7
12768,Ðîe,ysondre,480,hunter,survival,12,5,7
12769,Мэйвиан,gordunni,480,hunter,survival,12,5,7
12770,Solotrap,kazzak,480,hunter,survival,12,5,7
12771,Ector,silvermoon,480,hunter,survival,18,5,13
12772,Sharpeyezz,ravencrest,480,hunter,survival,18,5,13
12773,Beletor,medivh,480,hunter,survival,18,5,13
12774,Дэнитрехо,soulflayer,480,hunter,survival,24,5,19
12775,Badboyxoxo,stormscale,479,hunter,survival,6,5,1
12776,Zireal,pozzo-delleternità,479,hunter,survival,6,5,1
12777,Daltyr,ravencrest,479,hunter,survival,12,5,7
12778,Cazados,shendralar,479,hunter,survival,16,6,10
12779,Marvii,drakthul,479,hunter,survival,18,5,13
12780,Grufflin,bronzebeard,479,hunter,survival,18,5,13
12781,Сногивкабину,soulflayer,479,hunter,survival,18,5,13
12782,Mahemi,mazrigos,478,hunter,survival,24,5,19
12783,Jabela,eredar,447,hunter,survival,11,5,6
12784,Axiøs,thrall,431,hunter,survival,11,5,6
12785,Azuren,twisting-nether,430,hunter,survival,11,5,6
12786,Nektard,ravencrest,425,hunter,survival,14,6,8
12787,Nillaxy,blackmoore,384,hunter,survival,6,4,2
12788,Nyxìa,shattered-halls,384,hunter,survival,6,4,2
12789,Nomorex,frostwhisper,384,hunter,survival,6,4,2
12790,Kàisèr,shendralar,384,hunter,survival,6,4,2
12791,Giggiwho,malganis,384,hunter,survival,6,4,2
12792,Cinnè,frostwolf,384,hunter,survival,6,4,2
12793,Gogolehunt,archimonde,384,hunter,survival,6,4,2
12794,Chrønôs,archimonde,384,hunter,survival,6,4,2
12795,Vádîazmeý,twisting-nether,384,hunter,survival,6,4,2
12796,Trapandstun,aszune,384,hunter,survival,6,4,2
12797,Henario,ravencrest,384,hunter,survival,6,4,2
12798,Trappewpew,blackmoore,384,hunter,survival,6,4,2
12799,Shøt,stormreaver,384,hunter,survival,6,4,2
12800,Blhunt,magtheridon,384,hunter,survival,6,4,2
12801,Djøgi,archimonde,384,hunter,survival,6,4,2
12802,Youngbepse,blackrock,384,hunter,survival,6,4,2
12803,Ilørell,archimonde,384,hunter,survival,6,4,2
12804,Murotar,dalaran,384,hunter,survival,6,4,2
12805,Куфа,blackscar,384,hunter,survival,6,4,2
12806,Bubboo,dun-modr,384,hunter,survival,6,4,2
12807,Nazona,blackmoore,384,hunter,survival,6,4,2
12808,Lilsnuss,outland,384,hunter,survival,6,4,2
12809,Twitche,ravencrest,384,hunter,survival,6,4,2
12810,Repap,defias-brotherhood,384,hunter,survival,6,4,2
12811,Bièretrand,les-clairvoyants,384,hunter,survival,6,4,2
12812,Thresha,ravenholdt,384,hunter,survival,6,4,2
12813,Tyràél,mugthol,384,hunter,survival,6,4,2
12814,Ледо,deathguard,384,hunter,survival,6,4,2
12815,Techpoint,silvermoon,384,hunter,survival,6,4,2
12816,Shenra,argent-dawn,384,hunter,survival,6,4,2
12817,Speartusk,blackhand,384,hunter,survival,6,4,2
12818,Fyrya,ravencrest,384,hunter,survival,6,4,2
12819,Oldlynx,ravencrest,384,hunter,survival,6,4,2
12820,Mooj,malganis,384,hunter,survival,6,4,2
12821,Virzion,silvermoon,384,hunter,survival,6,4,2
12822,Shubou,silvermoon,384,hunter,survival,6,4,2
12823,Abgeherjoe,antonidas,384,hunter,survival,12,4,8
12824,Fíwhale,tarren-mill,384,hunter,survival,12,4,8
12825,Magicnanø,nemesis,384,hunter,survival,12,4,8
12826,Хикази,soulflayer,384,hunter,survival,12,4,8
12827,Beaststeaks,thrall,384,hunter,survival,12,4,8
12828,Salie,argent-dawn,384,hunter,survival,12,4,8
12829,Voldagor,hyjal,384,hunter,survival,12,4,8
12830,Dettas,silvermoon,384,hunter,survival,12,4,8
12831,Geevhunt,hyjal,384,hunter,survival,12,4,8
12832,Illuminate,laughing-skull,384,hunter,survival,12,4,8
12833,Wärft,arathi,384,hunter,survival,12,4,8
12834,Eâgleêyê,frostwolf,384,hunter,survival,12,4,8
12835,Esperion,ragnaros,384,hunter,survival,12,4,8
12836,Жуткойкрот,lich-king,384,hunter,survival,12,4,8
12837,Døømslayer,nemesis,383,hunter,survival,6,4,2
12838,Platza,ragnaros,383,hunter,survival,12,4,8
12839,Одисенс,eversong,383,hunter,survival,12,4,8
12840,Vhaagarr,blackmoore,351,hunter,survival,11,4,7
12841,Thalanos,blackmoore,335,hunter,survival,11,4,7
12842,Ghob,kazzak,330,hunter,survival,8,5,3
12843,Эквинтия,soulflayer,319,hunter,survival,5,4,1
12844,Sùnzí,alakir,319,hunter,survival,6,4,2
12845,Джулибуба,howling-fjord,304,hunter,survival,7,4,3
12846,Velrhegal,tarren-mill,304,hunter,survival,13,4,9
12847,Crispystix,draenor,288,hunter,survival,6,3,3
12848,Rákthar,blackmoore,288,hunter,survival,6,3,3
12849,Monnezzus,nemesis,288,hunter,survival,6,3,3
12850,Jäegarn,ravencrest,288,hunter,survival,6,3,3
12851,Suetøløgx,shadowsong,288,hunter,survival,6,3,3
12852,Нойран,eversong,288,hunter,survival,6,3,3
12853,Himatoumi,elune,288,hunter,survival,6,3,3
12854,Deskö,shendralar,288,hunter,survival,6,3,3
12855,Goblinstyle,kazzak,288,hunter,survival,6,3,3
12856,Oneeyedjoe,the-maelstrom,288,hunter,survival,6,3,3
12857,Hræsvëlg,archimonde,288,hunter,survival,6,3,3
12858,Myoui,silvermoon,288,hunter,survival,6,3,3
12859,Faccacamoale,twisting-nether,288,hunter,survival,6,3,3
12860,Kapowz,kazzak,288,hunter,survival,6,3,3
12861,Assaultrifle,frostmane,288,hunter,survival,6,3,3
12862,Grippage,draenor,288,hunter,survival,6,3,3
12863,Jwishrankone,outland,288,hunter,survival,6,3,3
12864,Рэкрэйван,gordunni,288,hunter,survival,6,3,3
12865,Tràpz,archimonde,288,hunter,survival,6,3,3
12866,Hépheistos,kelthuzad,288,hunter,survival,6,3,3
12867,Natheldir,silvermoon,288,hunter,survival,6,3,3
12868,Psychadelic,chamber-of-aspects,288,hunter,survival,6,3,3
12869,Arrowknee,outland,288,hunter,survival,6,3,3
12870,Aidsmacka,shattered-hand,288,hunter,survival,6,3,3
12871,Kabedon,drakthul,288,hunter,survival,6,3,3
12872,Veganmuscles,madmortem,288,hunter,survival,6,3,3
12873,Prinzz,blackmoore,288,hunter,survival,6,3,3
12874,Spakster,blackrock,288,hunter,survival,6,3,3
12875,Loading,garrosh,288,hunter,survival,6,3,3
12876,Unöhänä,archimonde,288,hunter,survival,6,3,3
12877,Kissnodig,outland,288,hunter,survival,6,3,3
12878,Zwergjäger,aegwynn,288,hunter,survival,6,3,3
12879,Паркх,soulflayer,288,hunter,survival,6,3,3
12880,Fjarla,aegwynn,288,hunter,survival,6,3,3
12881,Bubby,burning-legion,288,hunter,survival,6,3,3
12882,Engetsu,drakthul,288,hunter,survival,6,3,3
12883,Eazzyy,auchindoun,288,hunter,survival,6,3,3
12884,Buekåre,outland,288,hunter,survival,6,3,3
12885,Lightxyz,ravencrest,288,hunter,survival,6,3,3
12886,Friendlyone,quelthalas,288,hunter,survival,6,3,3
12887,Sworra,silvermoon,288,hunter,survival,6,3,3
12888,Daddytrap,burning-legion,288,hunter,survival,6,3,3
12889,Ремонтлицаа,gordunni,288,hunter,survival,6,3,3
12890,Likandria,blackmoore,288,hunter,survival,6,3,3
12891,Simppeli,sylvanas,288,hunter,survival,6,3,3
12892,Kleiar,dun-modr,288,hunter,survival,6,3,3
12893,Jorhan,ravencrest,288,hunter,survival,6,3,3
12894,Helvetiya,sylvanas,288,hunter,survival,6,3,3
12895,Jayquillen,sylvanas,288,hunter,survival,6,3,3
12896,Aella,thrall,288,hunter,survival,12,3,9
12897,Àfpro,hyjal,288,hunter,survival,12,3,9
12898,Nestór,todeswache,288,hunter,survival,12,3,9
12899,Bláckthorn,ravencrest,288,hunter,survival,12,3,9
12900,Cryts,dun-modr,288,hunter,survival,12,3,9
12901,Karasana,earthen-ring,288,hunter,survival,12,3,9
12902,Wolfína,drakthul,288,hunter,survival,12,3,9
12903,Шмалетар,gordunni,288,hunter,survival,12,3,9
12904,Amyst,senjin,288,hunter,survival,12,3,9
12905,Bigfoot,argent-dawn,288,hunter,survival,12,3,9
12906,Aleenya,dalaran,288,hunter,survival,12,3,9
12907,Lezigoulleur,marécage-de-zangar,287,hunter,survival,6,3,3
12908,Charlet,archimonde,287,hunter,survival,6,3,3
12909,Trabucones,sanguino,287,hunter,survival,12,3,9
12910,Arkeye,draenor,271,hunter,survival,11,3,8
12911,Twinkhunter,pozzo-delleternità,256,hunter,survival,10,3,7
12912,Jacobszy,outland,255,hunter,survival,8,4,4
12913,Fãdê,ravencrest,255,hunter,survival,8,4,4
12914,Beersalma,arathor,239,hunter,survival,5,3,2
12915,Дочьпескова,gordunni,239,hunter,survival,5,3,2
12916,Bowtreat,aggramar,239,hunter,survival,5,3,2
12917,Jeanpisse,hyjal,239,hunter,survival,5,3,2
12918,Arrowboss,kazzak,239,hunter,survival,5,3,2
12919,Sizemattersx,kazzak,239,hunter,survival,11,3,8
12920,Gharzok,blackrock,234,hunter,survival,8,4,4
12921,Himpy,twisting-nether,234,hunter,survival,14,4,10
12922,Adram,burning-legion,192,hunter,survival,6,2,4
12923,Неужто,deathguard,192,hunter,survival,6,2,4
12924,Орталиус,deathguard,192,hunter,survival,6,2,4
12925,Jarekk,auchindoun,192,hunter,survival,6,2,4
12926,Zøøkëëper,silvermoon,192,hunter,survival,6,2,4
12927,Sakaryali,silvermoon,192,hunter,survival,6,2,4
12928,Eromoar,outland,192,hunter,survival,6,2,4
12929,Malover,ravencrest,192,hunter,survival,6,2,4
12930,Roscke,drakthul,192,hunter,survival,6,2,4
12931,Buoma,kazzak,192,hunter,survival,6,2,4
12932,Lithell,kazzak,192,hunter,survival,6,2,4
12933,Ammò,kazzak,192,hunter,survival,6,2,4
12934,Афганыч,soulflayer,192,hunter,survival,6,2,4
12935,Yezzu,sylvanas,192,hunter,survival,6,2,4
12936,Rølyn,hyjal,192,hunter,survival,6,2,4
12937,Flexifys,tarren-mill,192,hunter,survival,6,2,4
12938,Gynax,hyjal,192,hunter,survival,6,2,4
12939,Robosexual,ravencrest,192,hunter,survival,6,2,4
12940,Draugrinnh,tarren-mill,192,hunter,survival,6,2,4
12941,Valtondre,argent-dawn,192,hunter,survival,6,2,4
12942,Twobuttngodx,blackrock,192,hunter,survival,6,2,4
12943,Brindefolìe,archimonde,192,hunter,survival,6,2,4
12944,Grundibg,chamber-of-aspects,192,hunter,survival,6,2,4
12945,Наладдчик,howling-fjord,192,hunter,survival,6,2,4
12946,Bèâr,stormscale,192,hunter,survival,6,2,4
12947,Yopps,draenor,192,hunter,survival,6,2,4
12948,Steffxd,twisting-nether,192,hunter,survival,6,2,4
12949,Тандеркейдж,gordunni,192,hunter,survival,6,2,4
12950,Daarkkhunter,twisting-nether,192,hunter,survival,6,2,4
12951,Xaotsu,ravencrest,192,hunter,survival,6,2,4
12952,Gerzyy,drakthul,192,hunter,survival,6,2,4
12953,Evazeonhunt,antonidas,192,hunter,survival,6,2,4
12954,Milkyway,jaedenar,192,hunter,survival,6,2,4
12955,Akhtabot,twisting-nether,192,hunter,survival,6,2,4
12956,Ilòóll,veknilash,192,hunter,survival,6,2,4
12957,Aggrobatics,blackmoore,192,hunter,survival,6,2,4
12958,Honeytrap,blackmoore,192,hunter,survival,6,2,4
12959,Vasco,chogall,192,hunter,survival,6,2,4
12960,Kinaou,sargeras,192,hunter,survival,6,2,4
12961,Tdapills,sanguino,192,hunter,survival,6,2,4
12962,Nýka,sanguino,192,hunter,survival,6,2,4
12963,Fajitax,lightbringer,192,hunter,survival,6,2,4
12964,Keinzira,hyjal,192,hunter,survival,12,2,10
12965,Ecthelione,the-venture-co,192,hunter,survival,12,2,10
12966,Réja,norgannon,192,hunter,survival,12,2,10
12967,Haskeer,shattrath,192,hunter,survival,12,2,10
12968,Блоуйоэсс,howling-fjord,192,hunter,survival,12,2,10
12969,Zéros,argent-dawn,192,hunter,survival,12,2,10
12970,Sixty,rajaxx,192,hunter,survival,18,2,16
12971,Bélier,hyjal,191,hunter,survival,6,2,4
12972,Akibane,blackmoore,159,hunter,survival,8,3,5
12973,Rdwlf,draenor,138,hunter,survival,8,3,5
12974,Ryztik,garona,96,hunter,survival,6,1,5
12975,Leaxs,onyxia,96,hunter,survival,6,1,5
12976,Куоль,gordunni,96,hunter,survival,6,1,5
12977,Fantus,sylvanas,96,hunter,survival,6,1,5
12978,Grollar,ragnaros,96,hunter,survival,6,1,5
12979,Supcuz,stormscale,96,hunter,survival,6,1,5
12980,Escaflôwn,aegwynn,96,hunter,survival,6,1,5
12981,Серомиг,eversong,96,hunter,survival,6,1,5
12982,Барановируса,soulflayer,96,hunter,survival,6,1,5
12983,Panzershot,hyjal,96,hunter,survival,6,1,5
12984,Leviáckerman,ravencrest,96,hunter,survival,6,1,5
12985,Gyurkicz,hyjal,96,hunter,survival,6,1,5
12986,Hekyna,ravencrest,96,hunter,survival,6,1,5
12987,Хипстеркотик,gordunni,96,hunter,survival,6,1,5
12988,Illnysa,silvermoon,96,hunter,survival,6,1,5
12989,Aimywinehaus,drakthul,96,hunter,survival,6,1,5
12990,Stirea,alakir,96,hunter,survival,6,1,5
12991,Lowfet,neptulon,96,hunter,survival,6,1,5
12992,Durion,tichondrius,96,hunter,survival,6,1,5
12993,Zynga,sylvanas,96,hunter,survival,6,1,5
12994,Zárnah,defias-brotherhood,96,hunter,survival,6,1,5
12995,Katzchen,burning-legion,96,hunter,survival,6,1,5
12996,Zuggi,defias-brotherhood,96,hunter,survival,6,1,5
12997,Liljan,kult-der-verdammten,96,hunter,survival,6,1,5
12998,Nixerious,alakir,96,hunter,survival,6,1,5
12999,Раелиин,gordunni,96,hunter,survival,6,1,5
13000,Saksa,blackrock,96,hunter,survival,6,1,5
13001,Эннабонни,gordunni,79,hunter,survival,5,1,4
13002,Рангмар,howling-fjord,79,hunter,survival,5,1,4
13003,Mariabanks,aegwynn,2251,hunter,beastmastery,228,120,108
13004,Hypse,kazzak,2185,hunter,beastmastery,268,134,134
13005,Brokeasalwys,ravencrest,2164,hunter,beastmastery,84,46,38
13006,Cbã,ravencrest,2156,hunter,beastmastery,60,32,28
13007,Куфа,blackscar,2132,hunter,beastmastery,54,32,22
13008,Nelida,ragnaros,2105,hunter,beastmastery,60,32,28
13009,Noorky,kazzak,2093,hunter,beastmastery,78,43,35
13010,Eldrekou,kazzak,2045,hunter,beastmastery,96,53,43
13011,Plugonbaby,hyjal,2035,hunter,beastmastery,77,37,40
13012,Kfcmanagerx,silvermoon,2024,hunter,beastmastery,90,42,48
13013,Mekerosh,burning-legion,2017,hunter,beastmastery,76,38,38
13014,Truejkee,silvermoon,2014,hunter,beastmastery,137,72,65
13015,Jambomambo,twisting-nether,2008,hunter,beastmastery,90,46,44
13016,Esperion,ragnaros,2007,hunter,beastmastery,138,66,72
13017,Baltímore,stormscale,2006,hunter,beastmastery,77,35,42
13018,Тружка,soulflayer,2000,hunter,beastmastery,96,44,52
13019,Luzivarus,malganis,1993,hunter,beastmastery,83,40,43
13020,Doghxnter,ravencrest,1989,hunter,beastmastery,60,29,31
13021,Онкьяр,gordunni,1984,hunter,beastmastery,80,47,33
13022,Берх,gordunni,1984,hunter,beastmastery,148,72,76
13023,Gernoqz,frostwolf,1973,hunter,beastmastery,107,51,56
13024,Ynv,argent-dawn,1956,hunter,beastmastery,134,69,65
13025,Nivshot,kazzak,1950,hunter,beastmastery,54,31,23
13026,Kachaxa,kazzak,1947,hunter,beastmastery,81,38,43
13027,Sipsomewater,ravencrest,1943,hunter,beastmastery,69,36,33
13028,Zyphx,der-rat-von-dalaran,1935,hunter,beastmastery,146,68,78
13029,Sukzess,antonidas,1934,hunter,beastmastery,66,34,32
13030,Баянист,soulflayer,1933,hunter,beastmastery,114,56,58
13031,Teals,blackrock,1921,hunter,beastmastery,117,60,57
13032,Odeôn,twisting-nether,1921,hunter,beastmastery,65,27,38
13033,Мираклдримз,gordunni,1919,hunter,beastmastery,72,38,34
13034,Feevah,frostmane,1916,hunter,beastmastery,278,139,139
13035,Roarmantic,blackrock,1915,hunter,beastmastery,66,31,35
13036,Rákthar,blackmoore,1911,hunter,beastmastery,96,49,47
13037,Rndhunt,shattrath,1911,hunter,beastmastery,84,41,43
13038,Fãdê,ravencrest,1909,hunter,beastmastery,90,55,35
13039,Safnirx,tarren-mill,1908,hunter,beastmastery,72,32,40
13040,Trend,silvermoon,1907,hunter,beastmastery,213,105,108
13041,Aimshots,twisting-nether,1906,hunter,beastmastery,66,36,30
13042,Ataxyz,draenor,1906,hunter,beastmastery,60,30,30
13043,Экономист,fordragon,1905,hunter,beastmastery,60,37,23
13044,Libanais,archimonde,1905,hunter,beastmastery,251,119,132
13045,Беби,gordunni,1901,hunter,beastmastery,66,31,35
13046,Thing,kazzak,1900,hunter,beastmastery,36,21,15
13047,Easyclass,hyjal,1898,hunter,beastmastery,152,90,62
13048,Trapgoddxx,archimonde,1894,hunter,beastmastery,65,44,21
13049,Expiraa,twisting-nether,1894,hunter,beastmastery,60,32,28
13050,Гринмех,gordunni,1893,hunter,beastmastery,66,35,31
13051,Tagz,ravencrest,1887,hunter,beastmastery,60,29,31
13052,Winiswin,stormscale,1884,hunter,beastmastery,101,47,54
13053,Luzivar,malganis,1879,hunter,beastmastery,77,33,44
13054,Blackszpak,jaedenar,1876,hunter,beastmastery,42,23,19
13055,Snarthelg,tarren-mill,1874,hunter,beastmastery,60,32,28
13056,Евилик,gordunni,1870,hunter,beastmastery,66,31,35
13057,Pussirotta,stormreaver,1869,hunter,beastmastery,60,30,30
13058,Jàsøn,ravencrest,1867,hunter,beastmastery,72,33,39
13059,Phesx,sylvanas,1865,hunter,beastmastery,54,27,27
13060,Биско,gordunni,1865,hunter,beastmastery,144,71,73
13061,Ígrågøßñø,silvermoon,1864,hunter,beastmastery,44,30,14
13062,Breezme,twisting-nether,1864,hunter,beastmastery,72,33,39
13063,Raawy,blackmoore,1862,hunter,beastmastery,30,24,6
13064,Hanuong,ragnaros,1862,hunter,beastmastery,36,20,16
13065,Moscowmule,tarren-mill,1859,hunter,beastmastery,59,29,30
13066,Krampack,dun-modr,1858,hunter,beastmastery,54,31,23
13067,Draxil,archimonde,1855,hunter,beastmastery,54,24,30
13068,Найстити,deathguard,1854,hunter,beastmastery,66,31,35
13069,Imcuteandfun,ravencrest,1852,hunter,beastmastery,117,60,57
13070,Nexztwo,blackrock,1852,hunter,beastmastery,69,33,36
13071,Samanou,kazzak,1851,hunter,beastmastery,94,45,49
13072,Chillbroo,twisting-nether,1851,hunter,beastmastery,71,33,38
13073,Jägarnmt,twisting-nether,1848,hunter,beastmastery,77,33,44
13074,Âmalphy,ravencrest,1846,hunter,beastmastery,47,23,24
13075,Дианнесса,howling-fjord,1845,hunter,beastmastery,83,40,43
13076,Колякилшот,gordunni,1844,hunter,beastmastery,60,29,31
13077,Kondy,twisting-nether,1843,hunter,beastmastery,43,29,14
13078,Nyzuri,die-aldor,1843,hunter,beastmastery,54,26,28
13079,Priceqtxd,ravencrest,1840,hunter,beastmastery,139,84,55
13080,Scrubbi,destromath,1840,hunter,beastmastery,59,30,29
13081,Wilfyre,twisting-nether,1840,hunter,beastmastery,75,36,39
13082,Лесбиянюсь,gordunni,1838,hunter,beastmastery,60,43,17
13083,Thogel,hyjal,1838,hunter,beastmastery,72,33,39
13084,Dheredre,silvermoon,1835,hunter,beastmastery,48,27,21
13085,Miløø,silvermoon,1835,hunter,beastmastery,48,26,22
13086,Eazzyy,auchindoun,1835,hunter,beastmastery,105,53,52
13087,Manj,blackhand,1835,hunter,beastmastery,65,32,33
13088,Hlogic,tarren-mill,1834,hunter,beastmastery,108,51,57
13089,Kabaro,rajaxx,1830,hunter,beastmastery,60,27,33
13090,Рагнарианх,gordunni,1829,hunter,beastmastery,105,48,57
13091,Кразайс,ashenvale,1829,hunter,beastmastery,91,39,52
13092,Diktatos,kazzak,1828,hunter,beastmastery,64,31,33
13093,Bilbohunter,draenor,1825,hunter,beastmastery,48,27,21
13094,Горгонт,blackscar,1825,hunter,beastmastery,47,25,22
13095,Saggymilkies,outland,1825,hunter,beastmastery,72,33,39
13096,Mottorhead,kazzak,1823,hunter,beastmastery,45,30,15
13097,Burninghunt,ravencrest,1822,hunter,beastmastery,60,32,28
13098,Wêskêr,tarren-mill,1821,hunter,beastmastery,66,31,35
13099,Куроните,howling-fjord,1820,hunter,beastmastery,48,27,21
13100,Bynen,tarren-mill,1819,hunter,beastmastery,77,33,44
13101,Шергала,soulflayer,1818,hunter,beastmastery,298,147,151
13102,Omegakek,madmortem,1817,hunter,beastmastery,85,45,40
13103,Jawox,antonidas,1817,hunter,beastmastery,60,27,33
13104,Wiffed,tarren-mill,1816,hunter,beastmastery,36,24,12
13105,Brokenpetman,defias-brotherhood,1816,hunter,beastmastery,36,22,14
13106,Haltrâdar,archimonde,1816,hunter,beastmastery,69,35,34
13107,Ryxzn,eredar,1816,hunter,beastmastery,60,26,34
13108,Bíllybobbs,argent-dawn,1815,hunter,beastmastery,36,19,17
13109,Badboybørge,draenor,1815,hunter,beastmastery,42,22,20
13110,Пожилойпупь,soulflayer,1815,hunter,beastmastery,66,32,34
13111,Ooh,doomhammer,1815,hunter,beastmastery,120,56,64
13112,Jabela,eredar,1814,hunter,beastmastery,53,39,14
13113,Cor,ravencrest,1814,hunter,beastmastery,113,54,59
13114,Лордсахарок,gordunni,1814,hunter,beastmastery,90,40,50
13115,Alpharaven,ravencrest,1812,hunter,beastmastery,60,31,29
13116,Dréws,kazzak,1811,hunter,beastmastery,58,26,32
13117,Shroomynuts,kazzak,1810,hunter,beastmastery,114,68,46
13118,Марчик,blackscar,1810,hunter,beastmastery,42,19,23
13119,Mòzetonq,ravencrest,1809,hunter,beastmastery,42,22,20
13120,Corossity,blackmoore,1808,hunter,beastmastery,30,19,11
13121,Hiddenx,blackmoore,1808,hunter,beastmastery,42,21,21
13122,Sparcùs,stormreaver,1807,hunter,beastmastery,140,79,61
13123,Bøgs,the-maelstrom,1807,hunter,beastmastery,42,22,20
13124,Поппишот,blackscar,1806,hunter,beastmastery,36,19,17
13125,Цитрукс,gordunni,1806,hunter,beastmastery,90,47,43
13126,Huntchonk,kazzak,1806,hunter,beastmastery,53,27,26
13127,Spirys,drakthul,1806,hunter,beastmastery,47,20,27
13128,Hugø,twisting-nether,1806,hunter,beastmastery,90,36,54
13129,Dogetrainer,silvermoon,1805,hunter,beastmastery,181,92,89
13130,Hacz,bronzebeard,1804,hunter,beastmastery,138,70,68
13131,Lysanhunt,zuljin,1804,hunter,beastmastery,54,27,27
13132,Crippa,tarren-mill,1803,hunter,beastmastery,54,28,26
13133,Играсломана,howling-fjord,1802,hunter,beastmastery,54,36,18
13134,Трапгодикс,eversong,1800,hunter,beastmastery,176,95,81
13135,Qtìp,aegwynn,1798,hunter,beastmastery,89,42,47
13136,Fluphy,thrall,1794,hunter,beastmastery,76,44,32
13137,Sekzpitch,blackmoore,1790,hunter,beastmastery,48,24,24
13138,Пивопьюня,ashenvale,1790,hunter,beastmastery,71,34,37
13139,Izmad,archimonde,1789,hunter,beastmastery,287,159,128
13140,Smhx,stormscale,1788,hunter,beastmastery,30,21,9
13141,Wodhunterxdd,outland,1788,hunter,beastmastery,53,25,28
13142,Appirc,tarren-mill,1785,hunter,beastmastery,48,24,24
13143,Twineyes,ravencrest,1784,hunter,beastmastery,136,65,71
13144,Deathcode,stormscale,1784,hunter,beastmastery,66,27,39
13145,Gaeln,outland,1782,hunter,beastmastery,186,89,97
13146,Wîldhunt,burning-legion,1781,hunter,beastmastery,161,76,85
13147,Jamesyy,ravencrest,1776,hunter,beastmastery,60,28,32
13148,Babýrage,twisting-nether,1774,hunter,beastmastery,42,21,21
13149,Gucçi,kazzak,1773,hunter,beastmastery,73,42,31
13150,Orcji,blackhand,1772,hunter,beastmastery,101,49,52
13151,Miraculous,dalaran,1772,hunter,beastmastery,45,20,25
13152,Fatmum,magtheridon,1770,hunter,beastmastery,57,32,25
13153,Silverwolfa,dun-modr,1770,hunter,beastmastery,81,43,38
13154,Irefutabil,stormscale,1770,hunter,beastmastery,66,28,38
13155,Erethrus,ravencrest,1769,hunter,beastmastery,48,19,29
13156,Вождь,howling-fjord,1768,hunter,beastmastery,59,29,30
13157,Fanjah,sylvanas,1767,hunter,beastmastery,63,36,27
13158,Amyndôr,ravencrest,1767,hunter,beastmastery,48,27,21
13159,Pryse,hyjal,1767,hunter,beastmastery,42,21,21
13160,Fullxtrap,hyjal,1763,hunter,beastmastery,41,19,22
13161,Jamzyhunter,emerald-dream,1762,hunter,beastmastery,48,24,24
13162,Скадхи,blackscar,1762,hunter,beastmastery,88,42,46
13163,Dafhel,hyjal,1762,hunter,beastmastery,95,44,51
13164,Grynu,kazzak,1761,hunter,beastmastery,72,31,41
13165,Nimhunt,dentarg,1759,hunter,beastmastery,65,29,36
13166,Futureman,blackrock,1758,hunter,beastmastery,54,31,23
13167,Ruffixvs,blackrock,1756,hunter,beastmastery,35,19,16
13168,Balthazzarxx,ravencrest,1756,hunter,beastmastery,53,26,27
13169,Порошокк,gordunni,1756,hunter,beastmastery,69,29,40
13170,Мэлвиса,borean-tundra,1754,hunter,beastmastery,90,50,40
13171,Pawzz,kazzak,1750,hunter,beastmastery,60,29,31
13172,Ilovemax,archimonde,1750,hunter,beastmastery,46,20,26
13173,Painaldeepz,stormscale,1748,hunter,beastmastery,42,24,18
13174,Такувами,gordunni,1746,hunter,beastmastery,90,35,55
13175,Dìgítal,twisting-nether,1745,hunter,beastmastery,83,40,43
13176,Мориартис,ashenvale,1744,hunter,beastmastery,83,43,40
13177,Åsynåmvp,twisting-nether,1742,hunter,beastmastery,65,29,36
13178,Блэкстейдж,howling-fjord,1741,hunter,beastmastery,135,74,61
13179,Chúx,twisting-nether,1741,hunter,beastmastery,90,49,41
13180,Carioca,blackhand,1741,hunter,beastmastery,66,30,36
13181,Антошадпс,gordunni,1739,hunter,beastmastery,48,29,19
13182,Treaz,sanguino,1739,hunter,beastmastery,66,33,33
13183,Tyranski,ravencrest,1738,hunter,beastmastery,75,40,35
13184,Stingsz,chogall,1733,hunter,beastmastery,64,25,39
13185,Lofiel,blackrock,1732,hunter,beastmastery,92,50,42
13186,Nèxz,blackrock,1732,hunter,beastmastery,77,33,44
13187,Pewpewshotz,stormscale,1731,hunter,beastmastery,168,86,82
13188,Каоссхант,howling-fjord,1728,hunter,beastmastery,47,29,18
13189,Parhainkoira,argent-dawn,1728,hunter,beastmastery,78,45,33
13190,Irefutabilâ,outland,1727,hunter,beastmastery,132,62,70
13191,Valkrys,die-aldor,1726,hunter,beastmastery,70,35,35
13192,Duppdupp,eredar,1726,hunter,beastmastery,84,38,46
13193,Oldbear,frostmane,1725,hunter,beastmastery,70,38,32
13194,Riflur,stormscale,1725,hunter,beastmastery,72,35,37
13195,Ashily,blackhand,1725,hunter,beastmastery,56,27,29
13196,Дэнвин,deathweaver,1723,hunter,beastmastery,153,77,76
13197,Guccihuntlol,ravencrest,1723,hunter,beastmastery,62,30,32
13198,Darksmoke,forscherliga,1722,hunter,beastmastery,30,19,11
13199,Lsa,kazzak,1722,hunter,beastmastery,59,28,31
13200,Misstrap,nemesis,1722,hunter,beastmastery,60,28,32
13201,Mtrider,twisting-nether,1721,hunter,beastmastery,105,50,55
13202,Ericspet,stormscale,1717,hunter,beastmastery,48,32,16
13203,Laserkamel,aegwynn,1716,hunter,beastmastery,24,18,6
13204,Адыгах,blackscar,1716,hunter,beastmastery,49,30,19
13205,Вееном,gordunni,1715,hunter,beastmastery,36,19,17
13206,Дашатрирубля,soulflayer,1715,hunter,beastmastery,42,21,21
13207,Фираналь,blackscar,1715,hunter,beastmastery,81,40,41
13208,Ayiu,argent-dawn,1713,hunter,beastmastery,36,18,18
13209,Noversia,aegwynn,1710,hunter,beastmastery,123,59,64
13210,Jägarntwo,stormscale,1710,hunter,beastmastery,51,20,31
13211,Petshopgirl,ravencrest,1709,hunter,beastmastery,30,18,12
13212,Mogwai,stormscale,1709,hunter,beastmastery,42,18,24
13213,Impxgodx,outland,1704,hunter,beastmastery,51,24,27
13214,Dmanite,ravencrest,1703,hunter,beastmastery,96,53,43
13215,Kestlér,twisting-nether,1703,hunter,beastmastery,72,30,42
13216,Unßørn,archimonde,1702,hunter,beastmastery,96,38,58
13217,Vilopez,arthas,1701,hunter,beastmastery,24,20,4
13218,Jungletime,outland,1701,hunter,beastmastery,30,18,12
13219,Nollieflip,stormscale,1700,hunter,beastmastery,90,53,37
13220,Kafkules,outland,1700,hunter,beastmastery,137,78,59
13221,Vrikenh,tarren-mill,1699,hunter,beastmastery,91,55,36
13222,Shinkichi,archimonde,1699,hunter,beastmastery,30,18,12
13223,Elamondria,outland,1699,hunter,beastmastery,72,42,30
13224,Sznxøxo,ravencrest,1699,hunter,beastmastery,54,29,25
13225,Каосси,gordunni,1697,hunter,beastmastery,49,24,25
13226,Pkz,dun-modr,1696,hunter,beastmastery,87,36,51
13227,Bluefluclue,draenor,1696,hunter,beastmastery,74,30,44
13228,Гигапупсх,howling-fjord,1695,hunter,beastmastery,149,85,64
13229,Nystaleoss,grim-batol,1695,hunter,beastmastery,255,123,132
13230,Merquryh,ravencrest,1693,hunter,beastmastery,48,27,21
13231,Naraxis,blackrock,1692,hunter,beastmastery,54,27,27
13232,Idtrapthat,nagrand,1692,hunter,beastmastery,78,37,41
13233,Fize,blackmoore,1692,hunter,beastmastery,77,36,41
13234,Séyena,outland,1692,hunter,beastmastery,54,22,32
13235,Krix,ragnaros,1691,hunter,beastmastery,54,34,20
13236,Пихпахах,gordunni,1691,hunter,beastmastery,82,43,39
13237,Paimen,darksorrow,1690,hunter,beastmastery,96,54,42
13238,Pëâcêßß,outland,1688,hunter,beastmastery,36,21,15
13239,Letsrock,outland,1682,hunter,beastmastery,33,20,13
13240,Liquidhunter,quelthalas,1681,hunter,beastmastery,42,25,17
13241,Poupoune,uldum,1680,hunter,beastmastery,48,24,24
13242,Забзаб,soulflayer,1680,hunter,beastmastery,63,31,32
13243,Nestór,todeswache,1678,hunter,beastmastery,47,28,19
13244,Sïmc,archimonde,1678,hunter,beastmastery,102,55,47
13245,Erilis,twisting-nether,1676,hunter,beastmastery,37,22,15
13246,Ingvi,antonidas,1676,hunter,beastmastery,100,47,53
13247,Hawkeyé,forscherliga,1675,hunter,beastmastery,119,50,69
13248,Murtagh,khaz-modan,1674,hunter,beastmastery,36,20,16
13249,Spinella,antonidas,1674,hunter,beastmastery,84,43,41
13250,Galileo,sanguino,1674,hunter,beastmastery,62,29,33
13251,Raindra,twisting-nether,1672,hunter,beastmastery,42,20,22
13252,Father,auchindoun,1670,hunter,beastmastery,77,39,38
13253,Lobo,kazzak,1670,hunter,beastmastery,60,24,36
13254,Techpøint,silvermoon,1669,hunter,beastmastery,35,18,17
13255,Kachaxaa,ravencrest,1669,hunter,beastmastery,52,23,29
13256,Spider,zuljin,1666,hunter,beastmastery,36,22,14
13257,Zubro,kazzak,1666,hunter,beastmastery,60,31,29
13258,Kamar,archimonde,1665,hunter,beastmastery,60,39,21
13259,Triggaz,stormscale,1665,hunter,beastmastery,216,109,107
13260,Zanpa,archimonde,1663,hunter,beastmastery,122,56,66
13261,Ysina,arathi,1660,hunter,beastmastery,42,20,22
13262,Trenesta,tarren-mill,1659,hunter,beastmastery,34,18,16
13263,Крайдершот,howling-fjord,1659,hunter,beastmastery,41,21,20
13264,Næmes,hyjal,1659,hunter,beastmastery,48,22,26
13265,Pérnix,tarren-mill,1657,hunter,beastmastery,30,18,12
13266,Hîldegard,todeswache,1657,hunter,beastmastery,47,23,24
13267,Klausmanne,blackrock,1657,hunter,beastmastery,164,75,89
13268,Anklar,blackrock,1657,hunter,beastmastery,53,24,29
13269,Dragosvis,arathor,1656,hunter,beastmastery,30,20,10
13270,Хантунец,soulflayer,1654,hunter,beastmastery,48,27,21
13271,Cnby,stormscale,1652,hunter,beastmastery,43,26,17
13272,Meghanmarkle,tarren-mill,1650,hunter,beastmastery,52,26,26
13273,Vajraw,blackrock,1648,hunter,beastmastery,159,77,82
13274,Ansâvage,ravencrest,1648,hunter,beastmastery,60,24,36
13275,Røzy,twisting-nether,1647,hunter,beastmastery,48,35,13
13276,Thogelle,hyjal,1646,hunter,beastmastery,54,25,29
13277,Oldcocknbals,silvermoon,1645,hunter,beastmastery,100,54,46
13278,Nîøssx,blackrock,1644,hunter,beastmastery,53,28,25
13279,Jêsslíne,ravencrest,1644,hunter,beastmastery,42,21,21
13280,Nkdchef,outland,1642,hunter,beastmastery,54,29,25
13281,Infléx,silvermoon,1642,hunter,beastmastery,65,34,31
13282,Astari,outland,1641,hunter,beastmastery,48,21,27
13283,Смертонносна,lich-king,1641,hunter,beastmastery,71,30,41
13284,Rynx,hellfire,1640,hunter,beastmastery,60,28,32
13285,Askaway,sylvanas,1639,hunter,beastmastery,42,31,11
13286,Povish,twisting-nether,1639,hunter,beastmastery,49,25,24
13287,Kerólus,blackhand,1639,hunter,beastmastery,48,18,30
13288,Teestylee,stormscale,1638,hunter,beastmastery,42,21,21
13289,Traplørdx,sylvanas,1638,hunter,beastmastery,48,21,27
13290,Drøøðqt,blackrock,1637,hunter,beastmastery,60,31,29
13291,Ætå,blackmoore,1637,hunter,beastmastery,47,22,25
13292,Coltan,nemesis,1636,hunter,beastmastery,54,19,35
13293,Akaris,archimonde,1635,hunter,beastmastery,78,35,43
13294,Yolofant,blackhand,1634,hunter,beastmastery,36,22,14
13295,Wlâd,archimonde,1634,hunter,beastmastery,35,21,14
13296,Hultasy,outland,1634,hunter,beastmastery,134,67,67
13297,Bebiyo,sanguino,1631,hunter,beastmastery,94,45,49
13298,Horhyndan,ragnaros,1631,hunter,beastmastery,51,24,27
13299,Nickyhunt,stormscale,1629,hunter,beastmastery,71,37,34
13300,Ðesøtø,frostwolf,1628,hunter,beastmastery,66,33,33
13301,Mânhunt,blackhand,1628,hunter,beastmastery,352,172,180
13302,Xenvantoss,silvermoon,1627,hunter,beastmastery,30,17,13
13303,Ðéadsøulz,stormscale,1627,hunter,beastmastery,123,64,59
13304,Hypsenn,kazzak,1627,hunter,beastmastery,36,17,19
13305,Trapzila,aggra-português,1626,hunter,beastmastery,90,50,40
13306,Eggcowmeow,azjolnerub,1626,hunter,beastmastery,42,22,20
13307,Порошокк,howling-fjord,1625,hunter,beastmastery,30,17,13
13308,Gibiswag,outland,1625,hunter,beastmastery,36,17,19
13309,Uglybaboon,draenor,1625,hunter,beastmastery,42,17,25
13310,Mirmona,stormscale,1624,hunter,beastmastery,40,19,21
13311,Lambo,laughing-skull,1624,hunter,beastmastery,36,17,19
13312,Sayn,la-croisade-écarlate,1624,hunter,beastmastery,59,24,35
13313,Sicktrapbtw,hyjal,1624,hunter,beastmastery,42,17,25
13314,Solò,eredar,1623,hunter,beastmastery,30,17,13
13315,Bebar,kazzak,1622,hunter,beastmastery,120,62,58
13316,Índigo,kazzak,1620,hunter,beastmastery,56,30,26
13317,Dohter,kazzak,1619,hunter,beastmastery,31,17,14
13318,Сотк,howling-fjord,1619,hunter,beastmastery,36,19,17
13319,Vezeka,ravencrest,1618,hunter,beastmastery,42,26,16
13320,Vinsanity,dunemaul,1618,hunter,beastmastery,42,17,25
13321,Djøgi,archimonde,1617,hunter,beastmastery,42,22,20
13322,Pfizershotx,khaz-modan,1617,hunter,beastmastery,36,17,19
13323,Notdilly,varimathras,1617,hunter,beastmastery,48,20,28
13324,Мерзкийбот,gordunni,1616,hunter,beastmastery,42,17,25
13325,Ганидони,soulflayer,1616,hunter,beastmastery,59,23,36
13326,Lufreak,ravencrest,1614,hunter,beastmastery,30,23,7
13327,Bobon,stormscale,1613,hunter,beastmastery,42,22,20
13328,Missmytraps,ravencrest,1613,hunter,beastmastery,39,20,19
13329,Aroeris,ravencrest,1611,hunter,beastmastery,57,32,25
13330,Ixix,blackhand,1611,hunter,beastmastery,54,26,28
13331,Blupo,stormscale,1610,hunter,beastmastery,109,56,53
13332,Pekaxôxô,sanguino,1609,hunter,beastmastery,48,34,14
13333,Denkstah,tarren-mill,1609,hunter,beastmastery,51,21,30
13334,Nordafrøst,antonidas,1609,hunter,beastmastery,66,27,39
13335,Eaglexx,twisting-nether,1608,hunter,beastmastery,78,39,39
13336,Símpíng,tarren-mill,1607,hunter,beastmastery,24,17,7
13337,Jinxpeasant,twisting-nether,1607,hunter,beastmastery,30,20,10
13338,Nukenfoobs,draenor,1607,hunter,beastmastery,36,23,13
13339,Axran,ravencrest,1607,hunter,beastmastery,52,23,29
13340,Nallepuuoh,outland,1606,hunter,beastmastery,117,61,56
13341,Jomerin,thrall,1606,hunter,beastmastery,48,20,28
13342,Homesz,blackmoore,1605,hunter,beastmastery,36,22,14
13343,Эвилтар,soulflayer,1605,hunter,beastmastery,66,34,32
13344,Smegmagol,baelgun,1605,hunter,beastmastery,41,20,21
13345,Taoshii,die-aldor,1604,hunter,beastmastery,66,36,30
13346,Céah,blackrock,1604,hunter,beastmastery,54,28,26
13347,Ariabeast,archimonde,1604,hunter,beastmastery,42,20,22
13348,Zuxz,blackmoore,1604,hunter,beastmastery,66,31,35
13349,Chasseurcool,argent-dawn,1603,hunter,beastmastery,50,28,22
13350,Bànsundara,hyjal,1603,hunter,beastmastery,97,53,44
13351,Cubro,sanguino,1603,hunter,beastmastery,77,42,35
13352,Asery,blackmoore,1603,hunter,beastmastery,42,20,22
13353,Pluttbug,xavius,1602,hunter,beastmastery,32,19,13
13354,Hunterlolz,tarren-mill,1601,hunter,beastmastery,54,29,25
13355,Nottberozz,silvermoon,1601,hunter,beastmastery,146,72,74
13356,Douglas,die-silberne-hand,1601,hunter,beastmastery,36,17,19
13357,Brisbya,khaz-modan,1600,hunter,beastmastery,29,21,8
13358,Stickey,antonidas,1600,hunter,beastmastery,66,34,32
13359,Gigamesh,sporeggar,1599,hunter,beastmastery,66,39,27
13360,Dhadhar,kazzak,1599,hunter,beastmastery,107,47,60
13361,Snaipergirl,twisting-nether,1597,hunter,beastmastery,66,30,36
13362,Sallya,kazzak,1595,hunter,beastmastery,36,20,16
13363,Оути,azuregos,1595,hunter,beastmastery,63,34,29
13364,Ðrtrapx,blackmoore,1592,hunter,beastmastery,44,22,22
13365,Memehunter,aegwynn,1591,hunter,beastmastery,66,41,25
13366,Eagletalon,twisting-nether,1590,hunter,beastmastery,57,27,30
13367,Зоотян,gordunni,1589,hunter,beastmastery,111,55,56
13368,Аллони,booty-bay,1586,hunter,beastmastery,147,73,74
13369,Акройя,gordunni,1585,hunter,beastmastery,36,20,16
13370,Lowfet,neptulon,1585,hunter,beastmastery,144,78,66
13371,Xxiioo,ravencrest,1583,hunter,beastmastery,85,49,36
13372,Moistmán,kazzak,1582,hunter,beastmastery,164,81,83
13373,Búddhá,stormscale,1581,hunter,beastmastery,186,88,98
13374,Diapositiv,draenor,1580,hunter,beastmastery,60,33,27
13375,Зуланария,howling-fjord,1579,hunter,beastmastery,36,23,13
13376,Тиблэк,soulflayer,1579,hunter,beastmastery,101,51,50
13377,Камшотовна,blackscar,1577,hunter,beastmastery,115,69,46
13378,Bigdog,eredar,1577,hunter,beastmastery,65,26,39
13379,Jeeso,baelgun,1574,hunter,beastmastery,130,61,69
13380,Отерон,gordunni,1573,hunter,beastmastery,158,85,73
13381,Lëgølåslõrdx,blackrock,1573,hunter,beastmastery,56,26,30
13382,Akïratqz,sanguino,1572,hunter,beastmastery,30,18,12
13383,Леао,howling-fjord,1571,hunter,beastmastery,45,30,15
13384,Мунлэс,lich-king,1569,hunter,beastmastery,69,30,39
13385,Bøøya,aegwynn,1569,hunter,beastmastery,42,18,24
13386,Dragomirka,kazzak,1568,hunter,beastmastery,62,29,33
13387,Комомура,soulflayer,1568,hunter,beastmastery,53,24,29
13388,Sagethunt,blackrock,1565,hunter,beastmastery,41,17,24
13389,Gnouminøu,archimonde,1564,hunter,beastmastery,121,66,55
13390,Spidak,stormscale,1560,hunter,beastmastery,36,19,17
13391,Saymqt,blackrock,1560,hunter,beastmastery,63,29,34
13392,Charleramsey,outland,1558,hunter,beastmastery,60,30,30
13393,Nolove,burning-legion,1557,hunter,beastmastery,137,67,70
13394,Жокра,greymane,1557,hunter,beastmastery,42,19,23
13395,Zendra,sylvanas,1555,hunter,beastmastery,59,36,23
13396,Shkorvi,drakthul,1555,hunter,beastmastery,36,17,19
13397,Søuïlløn,archimonde,1553,hunter,beastmastery,48,30,18
13398,Gunde,kazzak,1551,hunter,beastmastery,102,52,50
13399,Wrongtarget,auchindoun,1551,hunter,beastmastery,48,19,29
13400,Reptile,outland,1549,hunter,beastmastery,36,22,14
13401,Morìtz,ravencrest,1548,hunter,beastmastery,30,17,13
13402,Janko,ravencrest,1548,hunter,beastmastery,261,130,131
13403,Sharún,sylvanas,1548,hunter,beastmastery,56,27,29
13404,Gedzer,silvermoon,1547,hunter,beastmastery,40,19,21
13405,Xenvantos,stormscale,1547,hunter,beastmastery,36,17,19
13406,Æblesaft,stormscale,1547,hunter,beastmastery,76,34,42
13407,Calutis,blackmoore,1546,hunter,beastmastery,48,28,20
13408,Wèndy,blackrock,1546,hunter,beastmastery,76,36,40
13409,Пулявзубах,gordunni,1544,hunter,beastmastery,104,55,49
13410,Xiioo,ravencrest,1544,hunter,beastmastery,77,32,45
13411,Ledrox,ravencrest,1543,hunter,beastmastery,48,24,24
13412,Grusijohn,executus,1543,hunter,beastmastery,72,35,37
13413,Øô,dun-morogh,1541,hunter,beastmastery,65,33,32
13414,Orcoro,ysondre,1540,hunter,beastmastery,229,112,117
13415,Антисерт,ashenvale,1538,hunter,beastmastery,70,33,37
13416,Bortian,argent-dawn,1536,hunter,beastmastery,73,41,32
13417,Arcø,dun-modr,1535,hunter,beastmastery,30,16,14
13418,Wolfster,kazzak,1534,hunter,beastmastery,42,19,23
13419,Corrupth,outland,1533,hunter,beastmastery,36,18,18
13420,Encore,sylvanas,1532,hunter,beastmastery,140,75,65
13421,Trapyx,malganis,1532,hunter,beastmastery,303,150,153
13422,Sonìc,kazzak,1531,hunter,beastmastery,44,25,19
13423,Djbombastic,archimonde,1528,hunter,beastmastery,48,31,17
13424,Tayaa,draenor,1528,hunter,beastmastery,91,47,44
13425,Córelly,outland,1527,hunter,beastmastery,119,57,62
13426,Almogrote,sanguino,1526,hunter,beastmastery,42,21,21
13427,Lascazador,dun-modr,1526,hunter,beastmastery,74,32,42
13428,Vaelyste,doomhammer,1524,hunter,beastmastery,59,31,28
13429,Zugmypole,stormscale,1524,hunter,beastmastery,48,25,23
13430,Sarrow,ravencrest,1523,hunter,beastmastery,77,41,36
13431,Оуаоа,blackscar,1522,hunter,beastmastery,24,16,8
13432,Tigerups,burning-legion,1522,hunter,beastmastery,40,19,21
13433,Pewmasters,stormscale,1519,hunter,beastmastery,31,18,13
13434,Palaur,kazzak,1519,hunter,beastmastery,94,50,44
13435,Feralhound,exodar,1519,hunter,beastmastery,222,111,111
13436,Valldes,argent-dawn,1518,hunter,beastmastery,63,28,35
13437,Ryuwen,dun-modr,1517,hunter,beastmastery,60,28,32
13438,Draugrinnh,tarren-mill,1511,hunter,beastmastery,66,29,37
13439,Slmao,tarren-mill,1510,hunter,beastmastery,79,35,44
13440,Маунтдроп,gordunni,1509,hunter,beastmastery,130,70,60
13441,Lobos,ravencrest,1509,hunter,beastmastery,78,41,37
13442,Snipertjuh,silvermoon,1509,hunter,beastmastery,67,32,35
13443,Кежма,howling-fjord,1507,hunter,beastmastery,42,26,16
13444,Avatarofwoe,blackmoore,1507,hunter,beastmastery,48,20,28
13445,Icetrapped,eredar,1502,hunter,beastmastery,41,25,16
13446,Leriath,shadowsong,1502,hunter,beastmastery,89,52,37
13447,Jèrsèy,draenor,1502,hunter,beastmastery,30,17,13
13448,Druckwelle,frostwolf,1502,hunter,beastmastery,62,25,37
13449,Kravchenko,draenor,1501,hunter,beastmastery,41,23,18
13450,Chasxc,kazzak,1499,hunter,beastmastery,30,16,14
13451,Gumm,gorgonnash,1496,hunter,beastmastery,30,17,13
13452,Funkalation,ravencrest,1495,hunter,beastmastery,36,20,16
13453,Coldmonster,tarren-mill,1495,hunter,beastmastery,151,83,68
13454,Rdom,stormreaver,1493,hunter,beastmastery,96,49,47
13455,Ubietza,aegwynn,1493,hunter,beastmastery,48,23,25
13456,Wøden,ysondre,1492,hunter,beastmastery,42,17,25
13457,Solot,silvermoon,1490,hunter,beastmastery,54,24,30
13458,Laoriane,hyjal,1489,hunter,beastmastery,51,28,23
13459,Nyght,ravencrest,1487,hunter,beastmastery,62,33,29
13460,Трэйсх,howling-fjord,1487,hunter,beastmastery,36,17,19
13461,Ahlgood,stormscale,1484,hunter,beastmastery,30,16,14
13462,Dramin,defias-brotherhood,1482,hunter,beastmastery,209,114,95
13463,Anjeschka,nemesis,1481,hunter,beastmastery,58,35,23
13464,Raxedo,blackrock,1481,hunter,beastmastery,30,16,14
13465,Rhee,the-maelstrom,1481,hunter,beastmastery,96,44,52
13466,Fiftyóne,festung-der-stürme,1480,hunter,beastmastery,48,23,25
13467,Bicmax,archimonde,1475,hunter,beastmastery,39,17,22
13468,Tràxes,quelthalas,1475,hunter,beastmastery,44,19,25
13469,Жмыххунтер,howling-fjord,1474,hunter,beastmastery,48,19,29
13470,Engetsu,drakthul,1473,hunter,beastmastery,66,31,35
13471,Wingclip,ravencrest,1472,hunter,beastmastery,40,17,23
13472,Bastianapa,twisting-nether,1471,hunter,beastmastery,66,31,35
13473,Dirtydolores,thrall,1467,hunter,beastmastery,29,19,10
13474,Aenina,kazzak,1466,hunter,beastmastery,30,19,11
13475,Earnzie,outland,1466,hunter,beastmastery,54,23,31
13476,Råhl,zuljin,1466,hunter,beastmastery,41,17,24
13477,Jas,kargath,1465,hunter,beastmastery,90,48,42
13478,Baileé,onyxia,1464,hunter,beastmastery,50,30,20
13479,Куоль,gordunni,1463,hunter,beastmastery,47,21,26
13480,Domnite,ravencrest,1462,hunter,beastmastery,121,64,57
13481,Mytown,hyjal,1462,hunter,beastmastery,126,64,62
13482,Huntma,kazzak,1462,hunter,beastmastery,73,36,37
13483,Anca,aegwynn,1462,hunter,beastmastery,107,52,55
13484,Ayyubi,blackrock,1460,hunter,beastmastery,71,36,35
13485,Zäyk,zuljin,1459,hunter,beastmastery,37,21,16
13486,Ххун,gordunni,1459,hunter,beastmastery,40,21,19
13487,Lokiis,hyjal,1458,hunter,beastmastery,54,32,22
13488,Ázurâ,blackhand,1458,hunter,beastmastery,75,39,36
13489,Johnwick,aerie-peak,1457,hunter,beastmastery,42,24,18
13490,Sylariel,die-aldor,1455,hunter,beastmastery,40,20,20
13491,Снюсинка,gordunni,1455,hunter,beastmastery,47,23,24
13492,Metalmaison,archimonde,1452,hunter,beastmastery,82,37,45
13493,Shawnrai,drakthul,1449,hunter,beastmastery,44,24,20
13494,Толяарканшот,razuvious,1448,hunter,beastmastery,36,20,16
13495,Metrolog,twisting-nether,1446,hunter,beastmastery,99,48,51
13496,Shieryu,archimonde,1446,hunter,beastmastery,48,19,29
13497,Toxical,ragnaros,1444,hunter,beastmastery,24,17,7
13498,Ivanthebeast,twisting-nether,1439,hunter,beastmastery,47,27,20
13499,Ghost,tarren-mill,1439,hunter,beastmastery,30,15,15
13500,Kásúxôxô,ravencrest,1439,hunter,beastmastery,30,15,15
13501,Ilovekatsu,archimonde,1437,hunter,beastmastery,24,15,9
13502,Waalth,ragnaros,1437,hunter,beastmastery,76,37,39
13503,Yryyh,silvermoon,1436,hunter,beastmastery,54,20,34
13504,Mágaz,draenor,1435,hunter,beastmastery,48,26,22
13505,Drigs,blackrock,1434,hunter,beastmastery,62,31,31
13506,Kissnodig,outland,1433,hunter,beastmastery,39,26,13
13507,Spizglub,defias-brotherhood,1433,hunter,beastmastery,59,28,31
13508,Duïvell,grim-batol,1432,hunter,beastmastery,36,15,21
13509,Raggeh,frostwhisper,1432,hunter,beastmastery,36,15,21
13510,Tukene,kazzak,1432,hunter,beastmastery,45,17,28
13511,Noréaga,suramar,1431,hunter,beastmastery,36,20,16
13512,Shoranon,stormscale,1431,hunter,beastmastery,30,15,15
13513,Strélka,blackrock,1431,hunter,beastmastery,36,16,20
13514,Fotmrerollér,aegwynn,1430,hunter,beastmastery,30,15,15
13515,Chenony,ravencrest,1430,hunter,beastmastery,66,32,34
13516,Badkirves,kazzak,1430,hunter,beastmastery,78,35,43
13517,Khatia,blackrock,1429,hunter,beastmastery,36,18,18
13518,Dzikapumpa,burning-legion,1429,hunter,beastmastery,39,18,21
13519,Наспидахх,blackscar,1427,hunter,beastmastery,24,15,9
13520,Eufumo,sanguino,1427,hunter,beastmastery,88,48,40
13521,Gondoo,tarren-mill,1427,hunter,beastmastery,30,15,15
13522,Fåded,ravencrest,1425,hunter,beastmastery,31,16,15
13523,Инкризшот,gordunni,1422,hunter,beastmastery,30,15,15
13524,Thinkerer,silvermoon,1421,hunter,beastmastery,30,15,15
13525,Трапча,soulflayer,1420,hunter,beastmastery,24,15,9
13526,Kethos,draenor,1420,hunter,beastmastery,54,28,26
13527,Mariehunt,blackmoore,1420,hunter,beastmastery,108,52,56
13528,Siegbald,ragnaros,1419,hunter,beastmastery,30,15,15
13529,Vypaz,twisting-nether,1419,hunter,beastmastery,54,26,28
13530,Yoggys,outland,1419,hunter,beastmastery,48,23,25
13531,Sníper,aggra-português,1419,hunter,beastmastery,109,51,58
13532,Andjelaa,kazzak,1417,hunter,beastmastery,38,19,19
13533,Oife,auchindoun,1416,hunter,beastmastery,47,27,20
13534,Neíth,the-maelstrom,1415,hunter,beastmastery,69,31,38
13535,Jarekk,auchindoun,1414,hunter,beastmastery,53,28,25
13536,Kalt,twisting-nether,1412,hunter,beastmastery,54,30,24
13537,Velocity,nagrand,1411,hunter,beastmastery,41,19,22
13538,Cosmol,kazzak,1409,hunter,beastmastery,47,24,23
13539,Berkobaggins,twisting-nether,1408,hunter,beastmastery,46,21,25
13540,Hruon,sporeggar,1407,hunter,beastmastery,36,17,19
13541,Flunkytim,blackmoore,1405,hunter,beastmastery,102,56,46
13542,Фетсол,soulflayer,1405,hunter,beastmastery,48,26,22
13543,Juha,the-maelstrom,1405,hunter,beastmastery,40,18,22
13544,Váal,dun-modr,1401,hunter,beastmastery,63,36,27
13545,Xüscha,ysera,1401,hunter,beastmastery,78,33,45
13546,Geete,kazzak,1400,hunter,beastmastery,30,17,13
13547,Шэйдуокер,gordunni,1400,hunter,beastmastery,271,133,138
13548,Phinecone,stormscale,1399,hunter,beastmastery,42,18,24
13549,Дафирия,deathguard,1395,hunter,beastmastery,58,31,27
13550,Бубунн,howling-fjord,1394,hunter,beastmastery,96,42,54
13551,Metsänmies,defias-brotherhood,1393,hunter,beastmastery,46,27,19
13552,Xystîco,thrall,1393,hunter,beastmastery,54,26,28
13553,Честнный,howling-fjord,1392,hunter,beastmastery,135,62,73
13554,Шионо,howling-fjord,1391,hunter,beastmastery,56,29,27
13555,Desow,blackrock,1390,hunter,beastmastery,42,25,17
13556,Unrealy,grim-batol,1387,hunter,beastmastery,147,78,69
13557,Афигеннски,ashenvale,1387,hunter,beastmastery,54,25,29
13558,Adram,burning-legion,1386,hunter,beastmastery,29,16,13
13559,Acmé,kazzak,1385,hunter,beastmastery,36,15,21
13560,Pancakesgo,twilights-hammer,1383,hunter,beastmastery,53,22,31
13561,Grrizzly,kazzak,1382,hunter,beastmastery,43,23,20
13562,Hammertime,sanguino,1382,hunter,beastmastery,53,26,27
13563,Chagaure,hyjal,1382,hunter,beastmastery,36,17,19
13564,Туруханец,gordunni,1380,hunter,beastmastery,108,59,49
13565,Beardmastery,auchindoun,1380,hunter,beastmastery,36,16,20
13566,Drestan,drakthul,1379,hunter,beastmastery,48,22,26
13567,Bambamgalke,antonidas,1378,hunter,beastmastery,72,34,38
13568,Zelarun,ragnaros,1377,hunter,beastmastery,30,19,11
13569,Amitar,tarren-mill,1377,hunter,beastmastery,48,28,20
13570,Pumbuboo,deathwing,1377,hunter,beastmastery,30,15,15
13571,Талигар,razuvious,1377,hunter,beastmastery,78,33,45
13572,Стреладемона,gordunni,1376,hunter,beastmastery,63,36,27
13573,Loógosh,blackmoore,1375,hunter,beastmastery,66,32,34
13574,Жэш,howling-fjord,1374,hunter,beastmastery,45,30,15
13575,Esgar,blackrock,1374,hunter,beastmastery,74,34,40
13576,Boulaax,ysondre,1372,hunter,beastmastery,118,66,52
13577,Raymear,kazzak,1370,hunter,beastmastery,30,16,14
13578,Wondersnipes,stormrage,1369,hunter,beastmastery,33,15,18
13579,Beletor,medivh,1365,hunter,beastmastery,30,15,15
13580,Zantorious,ravencrest,1363,hunter,beastmastery,63,37,26
13581,Лёт,azuregos,1362,hunter,beastmastery,44,28,16
13582,Assbúrgers,silvermoon,1362,hunter,beastmastery,34,16,18
13583,Dotkor,laughing-skull,1359,hunter,beastmastery,72,38,34
13584,Zúzú,hyjal,1358,hunter,beastmastery,54,32,22
13585,Nycrom,ravencrest,1354,hunter,beastmastery,32,15,17
13586,Киборка,howling-fjord,1352,hunter,beastmastery,30,15,15
13587,Чапуршилов,lich-king,1346,hunter,beastmastery,106,50,56
13588,Felorya,kazzak,1345,hunter,beastmastery,46,25,21
13589,Glizzygobblr,kazzak,1345,hunter,beastmastery,28,15,13
13590,Porch,dragonmaw,1345,hunter,beastmastery,31,16,15
13591,Tåxi,silvermoon,1345,hunter,beastmastery,160,78,82
13592,Piky,nemesis,1343,hunter,beastmastery,18,14,4
13593,Dùmbo,khaz-modan,1343,hunter,beastmastery,66,32,34
13594,Straybullet,kazzak,1343,hunter,beastmastery,119,56,63
13595,Piranhaa,archimonde,1343,hunter,beastmastery,33,14,19
13596,Ðoxz,blackrock,1342,hunter,beastmastery,24,14,10
13597,Fahin,draenor,1341,hunter,beastmastery,38,19,19
13598,Elsasehunter,zuljin,1341,hunter,beastmastery,120,52,68
13599,Sentriks,tarren-mill,1340,hunter,beastmastery,30,14,16
13600,Karuso,ravencrest,1340,hunter,beastmastery,30,14,16
13601,Meskette,ravencrest,1340,hunter,beastmastery,70,30,40
13602,Joshalama,quelthalas,1339,hunter,beastmastery,35,19,16
13603,Фузег,deathguard,1339,hunter,beastmastery,54,27,27
13604,Lolez,dun-modr,1339,hunter,beastmastery,36,14,22
13605,Poatan,outland,1338,hunter,beastmastery,96,54,42
13606,Келен,blackscar,1337,hunter,beastmastery,18,14,4
13607,Zisqa,alleria,1337,hunter,beastmastery,28,15,13
13608,Saromán,ravencrest,1336,hunter,beastmastery,36,19,17
13609,Иоссифсталин,soulflayer,1336,hunter,beastmastery,30,14,16
13610,Notikâ,aegwynn,1336,hunter,beastmastery,48,20,28
13611,Pammycakes,bronze-dragonflight,1335,hunter,beastmastery,194,96,98
13612,Grabbin,silvermoon,1333,hunter,beastmastery,30,14,16
13613,Traktorr,stormscale,1333,hunter,beastmastery,84,39,45
13614,Budhunter,alakir,1333,hunter,beastmastery,48,22,26
13615,Trapwann,argent-dawn,1329,hunter,beastmastery,24,14,10
13616,Афонадзе,gordunni,1329,hunter,beastmastery,90,41,49
13617,Feignindeath,twisting-nether,1328,hunter,beastmastery,60,35,25
13618,Amigoss,argent-dawn,1323,hunter,beastmastery,24,14,10
13619,Luniel,gilneas,1321,hunter,beastmastery,24,14,10
13620,Xraay,stormscale,1321,hunter,beastmastery,28,15,13
13621,Ríckybobby,kazzak,1319,hunter,beastmastery,43,22,21
13622,Hogar,frostwolf,1317,hunter,beastmastery,24,14,10
13623,Джантига,howling-fjord,1315,hunter,beastmastery,30,16,14
13624,Чизано,deathguard,1315,hunter,beastmastery,47,21,26
13625,Øßlíck,ysondre,1314,hunter,beastmastery,30,14,16
13626,Meredo,burning-legion,1313,hunter,beastmastery,64,33,31
13627,Mehtäsika,xavius,1313,hunter,beastmastery,33,17,16
13628,Bigfoot,argent-dawn,1313,hunter,beastmastery,74,34,40
13629,Muspigen,tarren-mill,1313,hunter,beastmastery,81,37,44
13630,Ханзолес,gordunni,1312,hunter,beastmastery,24,14,10
13631,Сатарр,gordunni,1311,hunter,beastmastery,142,67,75
13632,Люблюлюбовь,gordunni,1310,hunter,beastmastery,42,27,15
13633,Platzpatron,eredar,1310,hunter,beastmastery,69,30,39
13634,Belorgrim,kirin-tor,1306,hunter,beastmastery,30,16,14
13635,Nårgai,kargath,1305,hunter,beastmastery,30,18,12
13636,Showerhead,silvermoon,1305,hunter,beastmastery,32,14,18
13637,Michaelvm,ravencrest,1302,hunter,beastmastery,36,20,16
13638,Koopo,stormreaver,1299,hunter,beastmastery,51,28,23
13639,Whatifany,tarren-mill,1299,hunter,beastmastery,90,36,54
13640,Asousa,stormscale,1297,hunter,beastmastery,60,30,30
13641,Sixty,rajaxx,1293,hunter,beastmastery,30,16,14
13642,Hantro,argent-dawn,1292,hunter,beastmastery,36,20,16
13643,Bøwjøb,arthas,1292,hunter,beastmastery,42,23,19
13644,Crippler,arthas,1288,hunter,beastmastery,22,15,7
13645,Zerisi,silvermoon,1288,hunter,beastmastery,35,21,14
13646,Salvia,chromaggus,1288,hunter,beastmastery,96,51,45
13647,Benbutton,antonidas,1286,hunter,beastmastery,46,22,24
13648,Maknamara,tarren-mill,1284,hunter,beastmastery,60,31,29
13649,Кулинарк,howling-fjord,1282,hunter,beastmastery,60,29,31
13650,Nerdhark,hyjal,1282,hunter,beastmastery,33,15,18
13651,Cobra,magtheridon,1282,hunter,beastmastery,71,30,41
13652,Bravestarr,blades-edge,1280,hunter,beastmastery,66,32,34
13653,Cêleste,kaelthas,1280,hunter,beastmastery,52,25,27
13654,Ägris,die-todeskrallen,1277,hunter,beastmastery,144,70,74
13655,Mufdii,sylvanas,1275,hunter,beastmastery,28,14,14
13656,Rushgarroth,ravencrest,1271,hunter,beastmastery,96,44,52
13657,Безос,soulflayer,1270,hunter,beastmastery,44,23,21
13658,Halessia,ravencrest,1270,hunter,beastmastery,75,35,40
13659,Яроняютрапу,gordunni,1268,hunter,beastmastery,34,21,13
13660,Tháyn,tarren-mill,1268,hunter,beastmastery,23,14,9
13661,Kiingsane,archimonde,1268,hunter,beastmastery,33,15,18
13662,Lustor,ravencrest,1268,hunter,beastmastery,65,24,41
13663,Verathelon,drakthul,1266,hunter,beastmastery,51,25,26
13664,Blastarrow,the-maelstrom,1264,hunter,beastmastery,66,26,40
13665,Rxr,kazzak,1264,hunter,beastmastery,54,17,37
13666,Бирмингем,ashenvale,1262,hunter,beastmastery,36,17,19
13667,Waidø,blackhand,1256,hunter,beastmastery,24,14,10
13668,Linchpin,dentarg,1255,hunter,beastmastery,62,28,34
13669,Aneji,hyjal,1254,hunter,beastmastery,38,19,19
13670,Swâân,sanguino,1254,hunter,beastmastery,33,16,17
13671,Focuslhunt,archimonde,1250,hunter,beastmastery,24,16,8
13672,Jaky,illidan,1250,hunter,beastmastery,161,91,70
13673,Pareia,blackrock,1248,hunter,beastmastery,18,13,5
13674,Oliene,twisting-nether,1248,hunter,beastmastery,58,27,31
13675,Ðowz,ysondre,1248,hunter,beastmastery,30,13,17
13676,Rïm,haomarush,1247,hunter,beastmastery,24,13,11
13677,Pagman,thrall,1247,hunter,beastmastery,30,13,17
13678,Clickbile,twisting-nether,1246,hunter,beastmastery,18,13,5
13679,Ivanoé,archimonde,1246,hunter,beastmastery,30,13,17
13680,Лвндскейп,gordunni,1245,hunter,beastmastery,30,13,17
13681,Sebastien,frostmane,1244,hunter,beastmastery,27,14,13
13682,Ommadawn,dun-modr,1244,hunter,beastmastery,72,33,39
13683,Brawnshunt,stormscale,1244,hunter,beastmastery,30,13,17
13684,Spineshot,thrall,1244,hunter,beastmastery,48,19,29
13685,Дуссита,gordunni,1244,hunter,beastmastery,36,13,23
13686,Skytraped,hyjal,1242,hunter,beastmastery,24,13,11
13687,Bêastî,blackrock,1242,hunter,beastmastery,30,13,17
13688,Palav,outland,1241,hunter,beastmastery,24,13,11
13689,Survabuse,silvermoon,1240,hunter,beastmastery,21,14,7
13690,Хастла,greymane,1240,hunter,beastmastery,30,13,17
13691,Blazeityolo,outland,1240,hunter,beastmastery,36,13,23
13692,Lusifa,antonidas,1239,hunter,beastmastery,74,40,34
13693,Earlygrey,ravencrest,1238,hunter,beastmastery,36,13,23
13694,Halgen,medivh,1237,hunter,beastmastery,88,37,51
13695,Freebïrd,shattered-hand,1236,hunter,beastmastery,24,13,11
13696,Neescafe,sylvanas,1236,hunter,beastmastery,27,14,13
13697,Фитьфитий,howling-fjord,1236,hunter,beastmastery,42,21,21
13698,Йокуя,blackscar,1235,hunter,beastmastery,18,13,5
13699,Jyenety,stormscale,1233,hunter,beastmastery,36,18,18
13700,Гримкааг,eversong,1232,hunter,beastmastery,45,23,22
13701,Bufosh,twisting-nether,1232,hunter,beastmastery,86,43,43
13702,Брзенк,gordunni,1232,hunter,beastmastery,64,23,41
13703,Shaznak,argent-dawn,1231,hunter,beastmastery,36,17,19
13704,Skidzo,alakir,1231,hunter,beastmastery,32,15,17
13705,Mââl,archimonde,1231,hunter,beastmastery,30,13,17
13706,Оксанчек,howling-fjord,1229,hunter,beastmastery,29,13,16
13707,Bibsy,tarren-mill,1228,hunter,beastmastery,24,13,11
13708,Qmbonboni,ravencrest,1226,hunter,beastmastery,55,32,23
13709,Toralfmoralf,aegwynn,1225,hunter,beastmastery,24,13,11
13710,Дзэнмашина,booty-bay,1225,hunter,beastmastery,68,32,36
13711,Viktorijå,draenor,1224,hunter,beastmastery,24,13,11
13712,Davíncí,tarren-mill,1224,hunter,beastmastery,77,41,36
13713,Neeske,sylvanas,1224,hunter,beastmastery,30,13,17
13714,Vexhh,outland,1221,hunter,beastmastery,24,13,11
13715,Балласкиндер,gordunni,1219,hunter,beastmastery,66,36,30
13716,Stogie,auchindoun,1217,hunter,beastmastery,24,13,11
13717,Тофуитер,howling-fjord,1214,hunter,beastmastery,57,25,32
13718,Travels,tarren-mill,1210,hunter,beastmastery,117,54,63
13719,Ládysháyà,blackrock,1209,hunter,beastmastery,54,31,23
13720,Snipingdog,stormscale,1209,hunter,beastmastery,36,18,18
13721,Basìcs,nemesis,1209,hunter,beastmastery,54,26,28
13722,Heylie,senjin,1206,hunter,beastmastery,47,16,31
13723,Ниамх,blackscar,1203,hunter,beastmastery,47,21,26
13724,Diac,dalaran,1201,hunter,beastmastery,18,13,5
13725,Hunterbeck,ravencrest,1200,hunter,beastmastery,66,28,38
13726,Анютикус,gordunni,1199,hunter,beastmastery,60,34,26
13727,Kyliun,frostmane,1197,hunter,beastmastery,47,20,27
13728,Slojork,thrall,1190,hunter,beastmastery,92,40,52
13729,Johntoffee,eredar,1190,hunter,beastmastery,35,14,21
13730,Ashjen,aszune,1188,hunter,beastmastery,29,18,11
13731,Eddy,the-maelstrom,1187,hunter,beastmastery,36,20,16
13732,Быщь,gordunni,1186,hunter,beastmastery,29,14,15
13733,Loyalman,blackmoore,1180,hunter,beastmastery,24,15,9
13734,Винченцо,blackscar,1180,hunter,beastmastery,27,13,14
13735,Cicatrice,kazzak,1180,hunter,beastmastery,28,13,15
13736,Harpin,azuremyst,1179,hunter,beastmastery,65,32,33
13737,Haleth,uldum,1177,hunter,beastmastery,29,13,16
13738,Fizè,blackmoore,1175,hunter,beastmastery,23,13,10
13739,Амобарбиталх,gordunni,1173,hunter,beastmastery,39,20,19
13740,Skullstah,ravencrest,1169,hunter,beastmastery,24,13,11
13741,Sàclak,ysondre,1166,hunter,beastmastery,31,17,14
13742,Spycke,dalaran,1163,hunter,beastmastery,33,22,11
13743,Olamay,blackmoore,1159,hunter,beastmastery,56,29,27
13744,Cityhunter,archimonde,1156,hunter,beastmastery,64,30,34
13745,Eluun,saurfang,1156,hunter,beastmastery,30,13,17
13746,Velites,aggra-português,1155,hunter,beastmastery,27,15,12
13747,Rafizox,kazzak,1152,hunter,beastmastery,18,12,6
13748,Lajnus,frostmane,1152,hunter,beastmastery,24,12,12
13749,Джаствэл,howling-fjord,1151,hunter,beastmastery,24,12,12
13750,Jeskö,tarren-mill,1151,hunter,beastmastery,24,12,12
13751,Downey,azshara,1151,hunter,beastmastery,30,12,18
13752,Wicmex,archimonde,1150,hunter,beastmastery,18,12,6
13753,Fendros,kazzak,1150,hunter,beastmastery,18,12,6
13754,Digimørtal,kazzak,1150,hunter,beastmastery,18,12,6
13755,Leza,kult-der-verdammten,1150,hunter,beastmastery,24,12,12
13756,Raythe,argent-dawn,1150,hunter,beastmastery,24,12,12
13757,Outkást,sylvanas,1150,hunter,beastmastery,30,12,18
13758,Næ,kazzak,1150,hunter,beastmastery,30,12,18
13759,Deathvain,tarren-mill,1150,hunter,beastmastery,30,12,18
13760,Амореселф,gordunni,1150,hunter,beastmastery,30,12,18
13761,Bujie,ragnaros,1150,hunter,beastmastery,30,12,18
13762,Crowsza,archimonde,1150,hunter,beastmastery,34,13,21
13763,Mâjôô,blackhand,1149,hunter,beastmastery,22,13,9
13764,Noxin,blackrock,1149,hunter,beastmastery,24,12,12
13765,Lòò,aegwynn,1148,hunter,beastmastery,18,12,6
13766,Мэдраэль,deathguard,1148,hunter,beastmastery,39,18,21
13767,Подлыйстарик,gordunni,1146,hunter,beastmastery,24,12,12
13768,Gorgorm,ravencrest,1146,hunter,beastmastery,36,12,24
13769,Ловихимеру,soulflayer,1145,hunter,beastmastery,18,12,6
13770,Лсныйпамп,howling-fjord,1145,hunter,beastmastery,24,12,12
13771,Weiaw,blackmoore,1144,hunter,beastmastery,24,12,12
13772,Сенджогахара,greymane,1144,hunter,beastmastery,28,13,15
13773,Artemisas,draenor,1144,hunter,beastmastery,36,12,24
13774,Dioxis,silvermoon,1143,hunter,beastmastery,108,55,53
13775,Ililivillumi,tarren-mill,1142,hunter,beastmastery,19,13,6
13776,Lunaunii,argent-dawn,1142,hunter,beastmastery,18,12,6
13777,Синглшот,blackscar,1141,hunter,beastmastery,24,12,12
13778,Mordhunterx,draenor,1138,hunter,beastmastery,24,12,12
13779,Tedohunter,ragnaros,1138,hunter,beastmastery,42,19,23
13780,Zpy,blackmoore,1137,hunter,beastmastery,18,12,6
13781,Crossjob,kazzak,1136,hunter,beastmastery,24,12,12
13782,Бвонсамдик,howling-fjord,1135,hunter,beastmastery,24,12,12
13783,Vimd,archimonde,1135,hunter,beastmastery,30,12,18
13784,Glorfindhel,archimonde,1134,hunter,beastmastery,24,12,12
13785,Abovival,ragnaros,1134,hunter,beastmastery,24,12,12
13786,Tempestes,tarren-mill,1133,hunter,beastmastery,83,41,42
13787,Kiwala,burning-legion,1132,hunter,beastmastery,30,13,17
13788,Oròme,pozzo-delleternità,1129,hunter,beastmastery,72,36,36
13789,Pigoen,sporeggar,1128,hunter,beastmastery,89,40,49
13790,Tremby,kazzak,1124,hunter,beastmastery,27,13,14
13791,Ridlas,silvermoon,1123,hunter,beastmastery,36,14,22
13792,Huntiio,khaz-modan,1113,hunter,beastmastery,60,25,35
13793,Øutkast,silvermoon,1105,hunter,beastmastery,29,18,11
13794,Куфачка,soulflayer,1103,hunter,beastmastery,17,12,5
13795,Nerfjuice,silvermoon,1102,hunter,beastmastery,39,21,18
13796,Sâranjágo,argent-dawn,1100,hunter,beastmastery,49,23,26
13797,Paraskámu,twisting-nether,1099,hunter,beastmastery,23,12,11
13798,Savori,kazzak,1096,hunter,beastmastery,31,18,13
13799,Грознострел,gordunni,1096,hunter,beastmastery,30,17,13
13800,Atraxi,aegwynn,1096,hunter,beastmastery,64,28,36
13801,Goonii,bronzebeard,1094,hunter,beastmastery,24,12,12
13802,Karstarkk,sanguino,1092,hunter,beastmastery,59,25,34
13803,Tsoutsoukoss,silvermoon,1091,hunter,beastmastery,89,42,47
13804,Ertestuing,tarren-mill,1090,hunter,beastmastery,30,14,16
13805,Ezelina,lightnings-blade,1086,hunter,beastmastery,54,27,27
13806,Luckyhunty,dalaran,1086,hunter,beastmastery,36,15,21
13807,Brometheus,sylvanas,1083,hunter,beastmastery,41,15,26
13808,Soulshoot,khaz-modan,1078,hunter,beastmastery,88,44,44
13809,Amdonesia,ravencrest,1078,hunter,beastmastery,45,13,32
13810,Pawder,silvermoon,1077,hunter,beastmastery,42,15,27
13811,Arrechus,khaz-modan,1076,hunter,beastmastery,98,46,52
13812,Janjal,silvermoon,1070,hunter,beastmastery,78,31,47
13813,Nieki,eitrigg,1070,hunter,beastmastery,80,30,50
13814,Ønur,twisting-nether,1069,hunter,beastmastery,54,25,29
13815,Wodlenprince,draenor,1069,hunter,beastmastery,48,12,36
13816,Cinan,twisting-nether,1066,hunter,beastmastery,97,46,51
13817,Spiritshot,baelgun,1066,hunter,beastmastery,34,14,20
13818,Venkox,archimonde,1062,hunter,beastmastery,79,42,37
13819,Cruelsummer,kul-tiras,1061,hunter,beastmastery,60,22,38
13820,Deblaze,aegwynn,1056,hunter,beastmastery,18,11,7
13821,Vargar,arygos,1056,hunter,beastmastery,24,11,13
13822,Trapgodxx,archimonde,1056,hunter,beastmastery,24,11,13
13823,Atrisi,tarren-mill,1055,hunter,beastmastery,18,11,7
13824,Jaxteller,archimonde,1055,hunter,beastmastery,18,11,7
13825,Drewsx,ravencrest,1054,hunter,beastmastery,18,11,7
13826,Simpyani,silvermoon,1054,hunter,beastmastery,18,11,7
13827,Bazouf,outland,1054,hunter,beastmastery,18,11,7
13828,Daveq,drakthul,1054,hunter,beastmastery,24,11,13
13829,Зимняясказка,soulflayer,1053,hunter,beastmastery,29,11,18
13830,Greg,defias-brotherhood,1051,hunter,beastmastery,24,11,13
13831,Xéraphine,mannoroth,1051,hunter,beastmastery,24,11,13
13832,Darllene,kazzak,1051,hunter,beastmastery,30,11,19
13833,Pilogbueferd,silvermoon,1050,hunter,beastmastery,18,11,7
13834,Bogüen,sanguino,1050,hunter,beastmastery,24,11,13
13835,Devøurer,blackmoore,1048,hunter,beastmastery,18,11,7
13836,Коблазнх,howling-fjord,1048,hunter,beastmastery,24,11,13
13837,Sourxete,silvermoon,1048,hunter,beastmastery,24,11,13
13838,Дипшот,deathguard,1047,hunter,beastmastery,24,11,13
13839,Гиладар,borean-tundra,1046,hunter,beastmastery,29,11,18
13840,Faze,hellfire,1044,hunter,beastmastery,42,22,20
13841,Shinibon,blackmoore,1044,hunter,beastmastery,36,11,25
13842,Yukina,frostmourne,1038,hunter,beastmastery,28,13,15
13843,Cäri,colinas-pardas,1037,hunter,beastmastery,30,12,18
13844,Arnatti,tyrande,1036,hunter,beastmastery,28,16,12
13845,Pumukle,madmortem,1035,hunter,beastmastery,34,15,19
13846,Айлиси,soulflayer,1031,hunter,beastmastery,43,11,32
13847,Румлис,gordunni,1029,hunter,beastmastery,29,14,15
13848,Nesthor,sinstralis,1026,hunter,beastmastery,30,11,19
13849,Ремонтлицаа,gordunni,1022,hunter,beastmastery,23,11,12
13850,Neïç,antonidas,1022,hunter,beastmastery,29,11,18
13851,Ветиринарша,gordunni,1020,hunter,beastmastery,30,11,19
13852,Leemool,ysondre,1017,hunter,beastmastery,24,12,12
13853,Kagan,nemesis,1016,hunter,beastmastery,18,13,5
13854,Grollar,ragnaros,1014,hunter,beastmastery,80,42,38
13855,Heiltfürzwei,ungoro,1014,hunter,beastmastery,23,11,12
13856,Schnezzler,nerathor,1011,hunter,beastmastery,100,48,52
13857,Bouboule,elune,1010,hunter,beastmastery,30,20,10
13858,Arakton,drakthul,1008,hunter,beastmastery,46,23,23
13859,Altimor,blackmoore,1007,hunter,beastmastery,23,11,12
13860,Jimmý,sylvanas,1004,hunter,beastmastery,26,11,15
13861,Фэннон,gordunni,1002,hunter,beastmastery,27,13,14
13862,Shpider,burning-blade,1000,hunter,beastmastery,52,22,30
13863,Feigur,sanguino,999,hunter,beastmastery,47,24,23
13864,Bigbababotan,blackrock,996,hunter,beastmastery,27,12,15
13865,Sinux,lordaeron,995,hunter,beastmastery,17,11,6
13866,Grandiosity,tarren-mill,992,hunter,beastmastery,17,11,6
13867,Хантвкроксах,gordunni,991,hunter,beastmastery,26,12,14
13868,Enanorabioso,minahonda,991,hunter,beastmastery,30,12,18
13869,Frencharena,the-venture-co,990,hunter,beastmastery,29,11,18
13870,Gbureczka,burning-legion,988,hunter,beastmastery,26,11,15
13871,Rubyblack,archimonde,984,hunter,beastmastery,42,21,21
13872,Nidromel,stormscale,983,hunter,beastmastery,90,38,52
13873,Вагар,blackscar,974,hunter,beastmastery,18,12,6
13874,Kikijojo,ravencrest,971,hunter,beastmastery,30,16,14
13875,Traenuss,azuremyst,968,hunter,beastmastery,48,19,29
13876,Llamp,draenor,964,hunter,beastmastery,60,29,31
13877,Dariatate,eredar,963,hunter,beastmastery,40,17,23
13878,Kure,blackrock,962,hunter,beastmastery,67,30,37
13879,Missmytrap,archimonde,960,hunter,beastmastery,12,10,2
13880,Торая,gordunni,960,hunter,beastmastery,12,10,2
13881,Dathrixjr,ravencrest,960,hunter,beastmastery,12,10,2
13882,Kásúxøxø,ravencrest,960,hunter,beastmastery,16,11,5
13883,Spergmeister,argent-dawn,960,hunter,beastmastery,18,10,8
13884,Hahahxd,ragnaros,960,hunter,beastmastery,18,10,8
13885,Akhtabot,twisting-nether,960,hunter,beastmastery,18,10,8
13886,Dealtqt,ysondre,960,hunter,beastmastery,18,10,8
13887,Hasáblover,ragnaros,960,hunter,beastmastery,18,10,8
13888,Хантнерюга,gordunni,960,hunter,beastmastery,18,10,8
13889,Jackjager,ravencrest,960,hunter,beastmastery,24,10,14
13890,Zeanort,nordrassil,960,hunter,beastmastery,24,10,14
13891,Jägarn,stormscale,960,hunter,beastmastery,24,10,14
13892,Hollyz,auchindoun,960,hunter,beastmastery,24,10,14
13893,Bubby,burning-legion,960,hunter,beastmastery,34,11,23
13894,Dragh,blackrock,959,hunter,beastmastery,18,10,8
13895,Mckanê,ysondre,959,hunter,beastmastery,18,10,8
13896,Ausgefuchst,forscherliga,959,hunter,beastmastery,24,10,14
13897,Bempl,onyxia,959,hunter,beastmastery,24,10,14
13898,Alée,twisting-nether,959,hunter,beastmastery,30,10,20
13899,Rikitikii,burning-legion,958,hunter,beastmastery,15,11,4
13900,Shikar,sanguino,958,hunter,beastmastery,18,10,8
13901,Zinco,ravencrest,958,hunter,beastmastery,24,10,14
13902,Blainehunts,arathor,958,hunter,beastmastery,36,11,25
13903,Vescar,argent-dawn,958,hunter,beastmastery,36,10,26
13904,Therasin,ravenholdt,957,hunter,beastmastery,18,10,8
13905,Choukzt,archimonde,957,hunter,beastmastery,18,10,8
13906,Nandrohunt,dalaran,957,hunter,beastmastery,24,10,14
13907,Ayaille,marécage-de-zangar,957,hunter,beastmastery,34,11,23
13908,Хлопс,howling-fjord,956,hunter,beastmastery,24,10,14
13909,Latschodives,malorne,956,hunter,beastmastery,27,10,17
13910,Blutack,stormscale,956,hunter,beastmastery,30,10,20
13911,Pufyrella,kilrogg,955,hunter,beastmastery,18,10,8
13912,Бедствиие,galakrond,955,hunter,beastmastery,30,10,20
13913,Badhunt,stormscale,954,hunter,beastmastery,30,10,20
13914,Herpray,blackmoore,953,hunter,beastmastery,18,10,8
13915,Dêstiny,dun-modr,953,hunter,beastmastery,18,10,8
13916,Tomli,nemesis,953,hunter,beastmastery,21,11,10
13917,Magarosh,eredar,953,hunter,beastmastery,24,10,14
13918,Karên,blackmoore,952,hunter,beastmastery,24,10,14
13919,Ecalter,dun-modr,951,hunter,beastmastery,18,10,8
13920,Darkdexou,defias-brotherhood,951,hunter,beastmastery,18,10,8
13921,Straikkeri,draenor,951,hunter,beastmastery,18,10,8
13922,Lioness,ahnqiraj,951,hunter,beastmastery,24,10,14
13923,Zappikhunter,silvermoon,950,hunter,beastmastery,24,10,14
13924,Zarlena,tarren-mill,947,hunter,beastmastery,43,19,24
13925,Bakatumbah,draenor,946,hunter,beastmastery,18,10,8
13926,Cernunnos,auchindoun,944,hunter,beastmastery,19,10,9
13927,Lemeric,blackmoore,942,hunter,beastmastery,19,10,9
13928,Podroto,tyrande,942,hunter,beastmastery,23,10,13
13929,Deadlysnîpe,antonidas,941,hunter,beastmastery,16,11,5
13930,Woöky,dalaran,941,hunter,beastmastery,24,14,10
13931,Guanchin,silvermoon,938,hunter,beastmastery,30,10,20
13932,Paînfull,kazzak,926,hunter,beastmastery,23,10,13
13933,Marlaska,exodar,919,hunter,beastmastery,40,21,19
13934,Goliathoz,blackmoore,917,hunter,beastmastery,35,19,16
13935,Stjordal,chamber-of-aspects,917,hunter,beastmastery,63,30,33
13936,Lissudarlin,stormreaver,914,hunter,beastmastery,123,63,60
13937,Akrepkral,kargath,914,hunter,beastmastery,37,18,19
13938,Kronzucker,eredar,914,hunter,beastmastery,36,16,20
13939,Nixxay,antonidas,913,hunter,beastmastery,36,19,17
13940,Cyclontrapgg,antonidas,911,hunter,beastmastery,17,11,6
13941,Allcollapse,outland,910,hunter,beastmastery,21,11,10
13942,Rachelgg,ravencrest,910,hunter,beastmastery,22,10,12
13943,Zorana,twisting-nether,910,hunter,beastmastery,23,10,13
13944,Mankkis,stormscale,909,hunter,beastmastery,48,14,34
13945,Happyrme,thrall,906,hunter,beastmastery,30,14,16
13946,Bjarnhild,die-aldor,906,hunter,beastmastery,24,11,13
13947,Djfury,archimonde,896,hunter,beastmastery,22,10,12
13948,Zoomiesuwu,antonidas,895,hunter,beastmastery,17,10,7
13949,Flappypig,stormscale,895,hunter,beastmastery,26,11,15
13950,Draknik,nemesis,895,hunter,beastmastery,39,10,29
13951,Teacee,twisting-nether,894,hunter,beastmastery,29,13,16
13952,Kënshiro,kazzak,893,hunter,beastmastery,20,10,10
13953,Bornum,khaz-modan,892,hunter,beastmastery,31,10,21
13954,Floppybobby,burning-blade,890,hunter,beastmastery,23,10,13
13955,Catmother,grim-batol,886,hunter,beastmastery,20,12,8
13956,Kapowz,kazzak,864,hunter,beastmastery,12,9,3
13957,Blazinghunt,kazzak,864,hunter,beastmastery,12,9,3
13958,Lilpancake,kazzak,864,hunter,beastmastery,12,9,3
13959,Grapemint,blackrock,864,hunter,beastmastery,12,9,3
13960,Kayluh,sylvanas,864,hunter,beastmastery,12,9,3
13961,Тирин,ashenvale,864,hunter,beastmastery,12,9,3
13962,Hispanøxd,sanguino,864,hunter,beastmastery,12,9,3
13963,Onlyforfun,ravencrest,864,hunter,beastmastery,12,9,3
13964,Eenel,twisting-nether,864,hunter,beastmastery,12,9,3
13965,Clockwerk,durotan,864,hunter,beastmastery,16,10,6
13966,Lothram,les-sentinelles,864,hunter,beastmastery,18,9,9
13967,Dogwatcher,outland,864,hunter,beastmastery,18,9,9
13968,Negz,eredar,864,hunter,beastmastery,18,9,9
13969,Weoneshot,ravencrest,864,hunter,beastmastery,18,9,9
13970,Lísy,hyjal,864,hunter,beastmastery,18,9,9
13971,Donixx,blackrock,864,hunter,beastmastery,18,9,9
13972,Dwgkia,ravencrest,864,hunter,beastmastery,18,9,9
13973,Dawil,ragnaros,864,hunter,beastmastery,18,9,9
13974,Pjållistani,ravencrest,864,hunter,beastmastery,24,9,15
13975,Valhnir,sanguino,864,hunter,beastmastery,24,9,15
13976,Zyrøra,ravencrest,864,hunter,beastmastery,24,9,15
13977,Coôkie,ysondre,864,hunter,beastmastery,24,9,15
13978,Леоа,howling-fjord,864,hunter,beastmastery,27,10,17
13979,Pavxar,draenor,863,hunter,beastmastery,18,9,9
13980,Reshka,dunemaul,863,hunter,beastmastery,18,9,9
13981,Кишмякхант,howling-fjord,863,hunter,beastmastery,18,9,9
13982,Jahunter,aggra-português,863,hunter,beastmastery,18,9,9
13983,Aliltoxic,silvermoon,863,hunter,beastmastery,18,9,9
13984,Tiendat,kazzak,863,hunter,beastmastery,18,9,9
13985,Fléxyz,sylvanas,863,hunter,beastmastery,18,9,9
13986,Holdmypurse,kazzak,863,hunter,beastmastery,18,9,9
13987,Nillaxy,blackmoore,863,hunter,beastmastery,18,9,9
13988,Nettie,arathor,863,hunter,beastmastery,24,9,15
13989,Krâven,ysondre,863,hunter,beastmastery,36,9,27
13990,Massimox,draenor,862,hunter,beastmastery,12,9,3
13991,Arrowman,burning-legion,862,hunter,beastmastery,18,9,9
13992,Vyrê,ghostlands,862,hunter,beastmastery,18,9,9
13993,Ecthelione,the-venture-co,862,hunter,beastmastery,18,9,9
13994,Aamön,tarren-mill,862,hunter,beastmastery,18,9,9
13995,Armanny,sylvanas,862,hunter,beastmastery,24,9,15
13996,Анариэльсин,soulflayer,862,hunter,beastmastery,24,9,15
13997,Buc,burning-legion,862,hunter,beastmastery,28,9,19
13998,Tsivoula,twisting-nether,861,hunter,beastmastery,12,9,3
13999,Settisetä,defias-brotherhood,861,hunter,beastmastery,18,9,9
14000,Marleyson,uldum,861,hunter,beastmastery,18,9,9
14001,Dzikabestia,burning-legion,860,hunter,beastmastery,18,9,9
14002,Сяову,gordunni,859,hunter,beastmastery,73,26,47
14003,Sokyokuh,burning-legion,858,hunter,beastmastery,18,9,9
14004,Darilli,wildhammer,858,hunter,beastmastery,19,9,10
14005,Câonimâ,twisting-nether,858,hunter,beastmastery,24,9,15
14006,Footsy,twisting-nether,858,hunter,beastmastery,24,9,15
14007,Mînérvá,blackhand,857,hunter,beastmastery,18,9,9
14008,Бруксиан,fordragon,857,hunter,beastmastery,19,9,10
14009,Sika,nozdormu,857,hunter,beastmastery,24,9,15
14010,Ynfik,sinstralis,857,hunter,beastmastery,24,9,15
14011,Jollis,argent-dawn,855,hunter,beastmastery,27,10,17
14012,Ulyash,ysondre,854,hunter,beastmastery,18,9,9
14013,Towu,archimonde,849,hunter,beastmastery,24,9,15
14014,Zinnady,outland,846,hunter,beastmastery,12,9,3
14015,Greenstar,twisting-nether,846,hunter,beastmastery,27,10,17
14016,Зоопсихолог,gordunni,843,hunter,beastmastery,18,10,8
14017,Гоу,fordragon,843,hunter,beastmastery,30,9,21
14018,Olddèath,archimonde,837,hunter,beastmastery,24,9,15
14019,Zimmoo,tarren-mill,833,hunter,beastmastery,18,9,9
14020,Venõm,pozzo-delleternità,832,hunter,beastmastery,21,11,10
14021,Гримнар,borean-tundra,831,hunter,beastmastery,17,9,8
14022,Chrysantes,forscherliga,831,hunter,beastmastery,20,10,10
14023,Enty,blackrock,830,hunter,beastmastery,14,10,4
14024,Deathmarks,blackrock,830,hunter,beastmastery,29,9,20
14025,Sithrom,blackmoore,829,hunter,beastmastery,22,9,13
14026,Võnbødefeld,frostmourne,827,hunter,beastmastery,17,9,8
14027,Oramar,archimonde,824,hunter,beastmastery,24,9,15
14028,Anoroxx,arthas,815,hunter,beastmastery,17,9,8
14029,Шаурмэ,gordunni,815,hunter,beastmastery,21,9,12
14030,Belgorin,alexstrasza,813,hunter,beastmastery,66,30,36
14031,Kreiden,twisting-nether,810,hunter,beastmastery,34,11,23
14032,Colth,hyjal,799,hunter,beastmastery,29,9,20
14033,Slaghunter,argent-dawn,798,hunter,beastmastery,17,9,8
14034,Grokis,blackhand,782,hunter,beastmastery,67,28,39
14035,Vystrelil,drakthul,779,hunter,beastmastery,85,39,46
14036,Irükandji,chants-éternels,768,hunter,beastmastery,12,8,4
14037,Mettämies,twisting-nether,768,hunter,beastmastery,12,8,4
14038,Poggelicious,terenas,768,hunter,beastmastery,12,8,4
14039,Ebobuss,tarren-mill,768,hunter,beastmastery,12,8,4
14040,Sejkxi,malganis,768,hunter,beastmastery,12,8,4
14041,Hecken,nemesis,768,hunter,beastmastery,12,8,4
14042,Suffrebobbs,ravencrest,768,hunter,beastmastery,12,8,4
14043,Watchouttah,the-maelstrom,768,hunter,beastmastery,12,8,4
14044,Krakenaspect,kazzak,768,hunter,beastmastery,18,8,10
14045,Páiz,tarren-mill,768,hunter,beastmastery,18,8,10
14046,Appollo,magtheridon,768,hunter,beastmastery,18,8,10
14047,Каэлланис,soulflayer,768,hunter,beastmastery,18,8,10
14048,Dispairge,antonidas,768,hunter,beastmastery,18,8,10
14049,Freakyhoe,twisting-nether,768,hunter,beastmastery,18,8,10
14050,Krâýnn,aegwynn,768,hunter,beastmastery,18,8,10
14051,Bonobo,dentarg,768,hunter,beastmastery,18,8,10
14052,Рафлекс,eversong,768,hunter,beastmastery,18,8,10
14053,Leonidazar,draenor,768,hunter,beastmastery,18,8,10
14054,Utoast,ravencrest,768,hunter,beastmastery,18,8,10
14055,Pewpewstuff,draenor,768,hunter,beastmastery,18,8,10
14056,Vasco,chogall,768,hunter,beastmastery,18,8,10
14057,Ishotharambe,doomhammer,768,hunter,beastmastery,18,8,10
14058,Reyko,stormscale,768,hunter,beastmastery,24,8,16
14059,Mogumogu,blackhand,768,hunter,beastmastery,24,8,16
14060,Fridion,argent-dawn,768,hunter,beastmastery,24,8,16
14061,Wayland,dalaran,768,hunter,beastmastery,24,8,16
14062,Craná,blackrock,768,hunter,beastmastery,24,8,16
14063,Джулибуба,howling-fjord,768,hunter,beastmastery,24,8,16
14064,Hyunkies,ysondre,768,hunter,beastmastery,30,8,22
14065,Kuljaa,ravencrest,767,hunter,beastmastery,12,8,4
14066,Callmepapi,kazzak,767,hunter,beastmastery,12,8,4
14067,Hlynsson,tarren-mill,767,hunter,beastmastery,12,8,4
14068,Huntyadaun,blackrock,767,hunter,beastmastery,12,8,4
14069,Awoe,blackrock,767,hunter,beastmastery,12,8,4
14070,Deathwallker,silvermoon,767,hunter,beastmastery,18,8,10
14071,Xeld,outland,767,hunter,beastmastery,18,8,10
14072,Солевойй,gordunni,767,hunter,beastmastery,18,8,10
14073,Jónes,dunemaul,767,hunter,beastmastery,18,8,10
14074,Эмомото,howling-fjord,767,hunter,beastmastery,18,8,10
14075,Yoüllsuffer,twisting-nether,767,hunter,beastmastery,18,8,10
14076,Blàdê,blackrock,767,hunter,beastmastery,18,8,10
14077,Arcaniz,ravencrest,767,hunter,beastmastery,18,8,10
14078,Môrkh,sanguino,767,hunter,beastmastery,18,8,10
14079,Шурикцаревич,galakrond,767,hunter,beastmastery,24,8,16
14080,Гунныч,grom,767,hunter,beastmastery,24,8,16
14081,Prodanhunts,frostmane,767,hunter,beastmastery,24,8,16
14082,Vassiliadis,bronze-dragonflight,767,hunter,beastmastery,24,8,16
14083,Имбакласс,howling-fjord,766,hunter,beastmastery,12,8,4
14084,Birdseye,thrall,766,hunter,beastmastery,18,8,10
14085,Miracleh,tarren-mill,766,hunter,beastmastery,18,8,10
14086,Druvnik,zenedar,766,hunter,beastmastery,18,8,10
14087,Rdwlf,draenor,766,hunter,beastmastery,18,8,10
14088,Sillychilly,frostwolf,766,hunter,beastmastery,24,8,16
14089,Rickh,ravencrest,765,hunter,beastmastery,12,8,4
14090,Лузановка,gordunni,765,hunter,beastmastery,18,8,10
14091,Cxc,dun-modr,765,hunter,beastmastery,18,8,10
14092,Marsian,lordaeron,765,hunter,beastmastery,19,8,11
14093,Mykris,aegwynn,765,hunter,beastmastery,86,34,52
14094,Attiladagun,hellfire,765,hunter,beastmastery,24,8,16
14095,Джэромо,gordunni,765,hunter,beastmastery,24,8,16
14096,Фаталлити,grom,763,hunter,beastmastery,12,8,4
14097,Laerya,les-clairvoyants,763,hunter,beastmastery,18,8,10
14098,Plong,argent-dawn,761,hunter,beastmastery,12,8,4
14099,Boompuf,draenor,761,hunter,beastmastery,24,8,16
14100,Vachekiki,archimonde,759,hunter,beastmastery,12,8,4
14101,Bliss,senjin,756,hunter,beastmastery,12,8,4
14102,Dravara,blackmoore,755,hunter,beastmastery,24,8,16
14103,Sushimän,kaelthas,751,hunter,beastmastery,12,8,4
14104,Lynx,garona,750,hunter,beastmastery,50,12,38
14105,Delazi,proudmoore,748,hunter,beastmastery,24,8,16
14106,Begehunter,sylvanas,740,hunter,beastmastery,18,8,10
14107,Remiss,sanguino,738,hunter,beastmastery,22,10,12
14108,Аквилеон,gordunni,734,hunter,beastmastery,17,8,9
14109,Xyrone,bladefist,734,hunter,beastmastery,24,8,16
14110,Адула,eversong,729,hunter,beastmastery,35,12,23
14111,Kürze,silvermoon,712,hunter,beastmastery,22,10,12
14112,Пушкабомби,soulflayer,708,hunter,beastmastery,70,25,45
14113,Бей,gordunni,703,hunter,beastmastery,14,8,6
14114,Sélenaé,hyjal,703,hunter,beastmastery,16,8,8
14115,Zevlove,kazzak,703,hunter,beastmastery,20,8,12
14116,Feyoonx,blackrock,703,hunter,beastmastery,23,9,14
14117,Neuromancien,archimonde,703,hunter,beastmastery,23,8,15
14118,Melèxè,ysondre,702,hunter,beastmastery,23,8,15
14119,Kruk,blackhand,698,hunter,beastmastery,16,8,8
14120,Huntbeard,aegwynn,695,hunter,beastmastery,22,8,14
14121,Attileus,ragnaros,687,hunter,beastmastery,17,8,9
14122,Elledrin,argent-dawn,680,hunter,beastmastery,21,11,10
14123,Isaîas,uldum,672,hunter,beastmastery,12,7,5
14124,Kissay,blackmoore,672,hunter,beastmastery,12,7,5
14125,Загзигзаг,soulflayer,672,hunter,beastmastery,12,7,5
14126,Belaux,archimonde,672,hunter,beastmastery,12,7,5
14127,Unreachable,dethecus,672,hunter,beastmastery,12,7,5
14128,Midist,stormscale,672,hunter,beastmastery,12,7,5
14129,Potatobeast,twisting-nether,672,hunter,beastmastery,12,7,5
14130,Hunttes,nagrand,672,hunter,beastmastery,12,7,5
14131,Mspt,archimonde,672,hunter,beastmastery,12,7,5
14132,Hiddenxsabo,blackmoore,672,hunter,beastmastery,12,7,5
14133,Slejpy,drakthul,672,hunter,beastmastery,12,7,5
14134,Knokkelmann,outland,672,hunter,beastmastery,12,7,5
14135,Onof,archimonde,672,hunter,beastmastery,12,7,5
14136,Ulfrîc,exodar,672,hunter,beastmastery,12,7,5
14137,Stamzer,drakthul,672,hunter,beastmastery,12,7,5
14138,Dåo,doomhammer,672,hunter,beastmastery,12,7,5
14139,Ufecläimbe,eredar,672,hunter,beastmastery,12,7,5
14140,Fôx,frostmane,672,hunter,beastmastery,12,7,5
14141,Garfie,tarren-mill,672,hunter,beastmastery,12,7,5
14142,Виралатта,gordunni,672,hunter,beastmastery,12,7,5
14143,Haxaids,sylvanas,672,hunter,beastmastery,12,7,5
14144,Найтсол,greymane,672,hunter,beastmastery,12,7,5
14145,Lultrap,nemesis,672,hunter,beastmastery,12,7,5
14146,Marcsman,blackrock,672,hunter,beastmastery,12,7,5
14147,Flugsmälla,kazzak,672,hunter,beastmastery,12,7,5
14148,Forthehordee,chamber-of-aspects,672,hunter,beastmastery,12,7,5
14149,Beorind,frostwolf,672,hunter,beastmastery,12,7,5
14150,Rakeesh,hyjal,672,hunter,beastmastery,12,7,5
14151,Gostry,archimonde,672,hunter,beastmastery,12,7,5
14152,Ahotnik,aegwynn,672,hunter,beastmastery,12,7,5
14153,Lambikas,argent-dawn,672,hunter,beastmastery,12,7,5
14154,Razuye,nerathor,672,hunter,beastmastery,12,7,5
14155,Alexdi,kazzak,672,hunter,beastmastery,12,7,5
14156,Лиор,howling-fjord,672,hunter,beastmastery,12,7,5
14157,Connyrøvøga,stormscale,672,hunter,beastmastery,12,7,5
14158,Сашказнаток,azuregos,672,hunter,beastmastery,12,7,5
14159,Hask,pozzo-delleternità,672,hunter,beastmastery,15,7,8
14160,Fyô,outland,672,hunter,beastmastery,15,7,8
14161,Chïefhunt,twisting-nether,672,hunter,beastmastery,18,7,11
14162,Gitanìlla,dun-modr,672,hunter,beastmastery,18,7,11
14163,Bigramy,sanguino,672,hunter,beastmastery,18,7,11
14164,Lurigalinda,twisting-nether,672,hunter,beastmastery,18,7,11
14165,Svolatch,blackrock,672,hunter,beastmastery,18,7,11
14166,Graavi,silvermoon,672,hunter,beastmastery,18,7,11
14167,Sauce,alonsus,672,hunter,beastmastery,18,7,11
14168,Дэментед,soulflayer,672,hunter,beastmastery,18,7,11
14169,Дьярэ,gordunni,672,hunter,beastmastery,18,7,11
14170,Тандеркейдж,gordunni,672,hunter,beastmastery,18,7,11
14171,Zublime,dragonblight,672,hunter,beastmastery,18,7,11
14172,Düivell,grim-batol,672,hunter,beastmastery,18,7,11
14173,Hunterstein,archimonde,672,hunter,beastmastery,18,7,11
14174,Géeked,ravencrest,672,hunter,beastmastery,18,7,11
14175,Ромкола,gordunni,672,hunter,beastmastery,18,7,11
14176,Boybiron,silvermoon,672,hunter,beastmastery,18,7,11
14177,Setyouintrap,ravencrest,672,hunter,beastmastery,24,7,17
14178,Ridbàck,archimonde,672,hunter,beastmastery,24,7,17
14179,Lis,gorgonnash,672,hunter,beastmastery,24,7,17
14180,Летмимейт,howling-fjord,672,hunter,beastmastery,26,7,19
14181,Crynomore,tarren-mill,671,hunter,beastmastery,17,11,6
14182,Retroxia,stormreaver,671,hunter,beastmastery,12,7,5
14183,Doubleoseven,frostmane,671,hunter,beastmastery,12,7,5
14184,Ashryqt,ravencrest,671,hunter,beastmastery,12,7,5
14185,Mazekhin,khaz-modan,671,hunter,beastmastery,12,7,5
14186,Akkonas,antonidas,671,hunter,beastmastery,12,7,5
14187,Noaim,blackrock,671,hunter,beastmastery,12,7,5
14188,Kareltje,stormscale,671,hunter,beastmastery,12,7,5
14189,Jaydogg,lightbringer,671,hunter,beastmastery,12,7,5
14190,Бэталол,gordunni,671,hunter,beastmastery,12,7,5
14191,Beaststeaks,thrall,671,hunter,beastmastery,12,7,5
14192,Strade,argent-dawn,671,hunter,beastmastery,12,7,5
14193,Døømslayer,nemesis,671,hunter,beastmastery,12,7,5
14194,Mindgap,pozzo-delleternità,671,hunter,beastmastery,18,7,11
14195,Блудитролль,soulflayer,671,hunter,beastmastery,18,7,11
14196,Castbuny,drakthul,671,hunter,beastmastery,18,7,11
14197,Orian,argent-dawn,671,hunter,beastmastery,18,7,11
14198,Rifle,dun-morogh,671,hunter,beastmastery,18,7,11
14199,Dràcula,tarren-mill,671,hunter,beastmastery,18,7,11
14200,Tstigaard,argent-dawn,671,hunter,beastmastery,24,7,17
14201,Løløsifredo,ysondre,671,hunter,beastmastery,24,7,17
14202,Kirky,terokkar,670,hunter,beastmastery,12,7,5
14203,Epheso,daggerspine,670,hunter,beastmastery,12,7,5
14204,Oneshotkill,laughing-skull,670,hunter,beastmastery,12,7,5
14205,Asâya,blackmoore,670,hunter,beastmastery,18,7,11
14206,Paradisiaco,sanguino,670,hunter,beastmastery,24,7,17
14207,Gladiátor,kult-der-verdammten,669,hunter,beastmastery,12,7,5
14208,Darkhunt,ysondre,669,hunter,beastmastery,18,7,11
14209,Casey,zuluhed,669,hunter,beastmastery,18,7,11
14210,Orgasmatronn,stormscale,669,hunter,beastmastery,18,7,11
14211,Nelerias,defias-brotherhood,669,hunter,beastmastery,24,7,17
14212,Asharial,twisting-nether,668,hunter,beastmastery,21,8,13
14213,Doômzi,ysondre,666,hunter,beastmastery,12,7,5
14214,Rollei,uldum,666,hunter,beastmastery,12,7,5
14215,Aroldo,kazzak,665,hunter,beastmastery,12,7,5
14216,Саэсантессис,howling-fjord,665,hunter,beastmastery,18,7,11
14217,Electrastar,illidan,664,hunter,beastmastery,12,7,5
14218,Winfar,draenor,664,hunter,beastmastery,24,7,17
14219,Барбарисовна,ashenvale,655,hunter,beastmastery,17,7,10
14220,Papithagore,hyjal,655,hunter,beastmastery,17,7,10
14221,Akù,magtheridon,653,hunter,beastmastery,23,7,16
14222,Chipok,outland,651,hunter,beastmastery,23,7,16
14223,Johnblønn,stormscale,624,hunter,beastmastery,15,7,8
14224,Pennyflame,blackmoore,623,hunter,beastmastery,17,7,10
14225,Stukrotka,hellfire,617,hunter,beastmastery,15,7,8
14226,Zwergnàse,thrall,616,hunter,beastmastery,23,7,16
14227,Bnji,hyjal,607,hunter,beastmastery,16,7,9
14228,Rezgor,stormscale,606,hunter,beastmastery,11,7,4
14229,Annisaqt,kazzak,606,hunter,beastmastery,11,7,4
14230,Космодиск,gordunni,576,hunter,beastmastery,6,6,0
14231,Luke,chromaggus,576,hunter,beastmastery,6,6,0
14232,Narolaf,doomhammer,576,hunter,beastmastery,9,7,2
14233,Iuyiuy,dalaran,576,hunter,beastmastery,12,6,6
14234,Metalbaci,sylvanas,576,hunter,beastmastery,12,6,6
14235,Poke,aggra-português,576,hunter,beastmastery,12,6,6
14236,Дайсё,soulflayer,576,hunter,beastmastery,12,6,6
14237,Flytomars,ravencrest,576,hunter,beastmastery,12,6,6
14238,Zêrøtwø,draenor,576,hunter,beastmastery,12,6,6
14239,Зеленыйиисус,gordunni,576,hunter,beastmastery,12,6,6
14240,Gîsh,burning-legion,576,hunter,beastmastery,12,6,6
14241,Бранцо,howling-fjord,576,hunter,beastmastery,12,6,6
14242,Cítyzens,drakthul,576,hunter,beastmastery,12,6,6
14243,Astair,hyjal,576,hunter,beastmastery,12,6,6
14244,Showdope,drakthul,576,hunter,beastmastery,12,6,6
14245,Стёпкахант,gordunni,576,hunter,beastmastery,12,6,6
14246,Skarra,zuljin,576,hunter,beastmastery,12,6,6
14247,Batcool,tarren-mill,576,hunter,beastmastery,12,6,6
14248,Zæuz,outland,576,hunter,beastmastery,12,6,6
14249,Razoorine,blackrock,576,hunter,beastmastery,12,6,6
14250,Kaballa,ahnqiraj,576,hunter,beastmastery,12,6,6
14251,Vu,shattered-hand,576,hunter,beastmastery,12,6,6
14252,Magicnanø,nemesis,576,hunter,beastmastery,12,6,6
14253,Darkstripe,turalyon,576,hunter,beastmastery,12,6,6
14254,Burbutsuluki,silvermoon,576,hunter,beastmastery,12,6,6
14255,Шмыгахант,gordunni,576,hunter,beastmastery,12,6,6
14256,Ahsóka,frostwhisper,576,hunter,beastmastery,12,6,6
14257,Steìn,ysondre,576,hunter,beastmastery,12,6,6
14258,Bråndy,draenor,576,hunter,beastmastery,12,6,6
14259,Leáa,eredar,576,hunter,beastmastery,12,6,6
14260,Ângell,kirin-tor,576,hunter,beastmastery,12,6,6
14261,Nagu,antonidas,576,hunter,beastmastery,12,6,6
14262,Guidomista,drakthul,576,hunter,beastmastery,12,6,6
14263,Fogknows,ravencrest,576,hunter,beastmastery,12,6,6
14264,Vepzen,haomarush,576,hunter,beastmastery,12,6,6
14265,Therakal,culte-de-la-rive-noire,576,hunter,beastmastery,12,6,6
14266,Мишечкатоп,gordunni,576,hunter,beastmastery,12,6,6
14267,Беспокойный,soulflayer,576,hunter,beastmastery,12,6,6
14268,Petitsui,zuljin,576,hunter,beastmastery,12,6,6
14269,Autopilot,aegwynn,576,hunter,beastmastery,12,6,6
14270,Wödën,argent-dawn,576,hunter,beastmastery,12,6,6
14271,Dtq,silvermoon,576,hunter,beastmastery,12,6,6
14272,Dregor,nemesis,576,hunter,beastmastery,12,6,6
14273,Dorkos,sanguino,576,hunter,beastmastery,12,6,6
14274,Заксель,soulflayer,576,hunter,beastmastery,12,6,6
14275,Джарвиз,soulflayer,576,hunter,beastmastery,12,6,6
14276,Blmlooter,stormreaver,576,hunter,beastmastery,12,6,6
14277,Flecheoeil,hyjal,576,hunter,beastmastery,12,6,6
14278,Toptìérgoðx,drakthul,576,hunter,beastmastery,12,6,6
14279,Raegal,sanguino,576,hunter,beastmastery,12,6,6
14280,Logales,dragonblight,576,hunter,beastmastery,12,6,6
14281,Healscare,dalaran,576,hunter,beastmastery,16,7,9
14282,Suisiide,antonidas,576,hunter,beastmastery,18,6,12
14283,Huntarbeît,eredar,576,hunter,beastmastery,18,6,12
14284,Vhalín,magtheridon,576,hunter,beastmastery,18,6,12
14285,Azrhu,ravencrest,576,hunter,beastmastery,18,6,12
14286,Realme,blackrock,576,hunter,beastmastery,18,6,12
14287,Uselessx,kazzak,576,hunter,beastmastery,18,6,12
14288,Xiaoly,kaelthas,576,hunter,beastmastery,18,6,12
14289,Jwah,tarren-mill,576,hunter,beastmastery,18,6,12
14290,Wetto,ravencrest,576,hunter,beastmastery,18,6,12
14291,Свадебная,gordunni,576,hunter,beastmastery,18,6,12
14292,Disyö,kazzak,576,hunter,beastmastery,18,6,12
14293,Матанал,gordunni,576,hunter,beastmastery,18,6,12
14294,Сексишмекс,soulflayer,576,hunter,beastmastery,24,6,18
14295,Eyetto,dun-modr,575,hunter,beastmastery,12,6,6
14296,Hunterizi,silvermoon,575,hunter,beastmastery,12,6,6
14297,Kairrux,twisting-nether,575,hunter,beastmastery,12,6,6
14298,Truedetectiv,aggramar,575,hunter,beastmastery,12,6,6
14299,Furian,der-rat-von-dalaran,575,hunter,beastmastery,12,6,6
14300,Труласек,blackscar,575,hunter,beastmastery,12,6,6
14301,Puska,gilneas,575,hunter,beastmastery,12,6,6
14302,Ghanik,draenor,575,hunter,beastmastery,12,6,6
14303,Robingood,alexstrasza,575,hunter,beastmastery,12,6,6
14304,Toosmall,stormscale,575,hunter,beastmastery,12,6,6
14305,Абунай,soulflayer,575,hunter,beastmastery,12,6,6
14306,Maglór,senjin,575,hunter,beastmastery,12,6,6
14307,Gløbi,malfurion,575,hunter,beastmastery,12,6,6
14308,Nosfuratu,stormscale,575,hunter,beastmastery,12,6,6
14309,Krasavcik,shattrath,575,hunter,beastmastery,12,6,6
14310,Täpy,arathor,575,hunter,beastmastery,18,6,12
14311,Tracrium,hyjal,575,hunter,beastmastery,18,6,12
14312,Soen,zuljin,575,hunter,beastmastery,18,6,12
14313,Hitray,stormscale,575,hunter,beastmastery,18,6,12
14314,Okumo,the-maelstrom,574,hunter,beastmastery,12,6,6
14315,Ketator,archimonde,574,hunter,beastmastery,12,6,6
14316,Хантетский,howling-fjord,574,hunter,beastmastery,12,6,6
14317,Erenjaeger,onyxia,574,hunter,beastmastery,12,6,6
14318,Örrn,ragnaros,574,hunter,beastmastery,18,6,12
14319,Kannon,twisting-nether,574,hunter,beastmastery,18,6,12
14320,Mizumi,frostmane,574,hunter,beastmastery,18,6,12
14321,Ranrôk,rexxar,573,hunter,beastmastery,12,6,6
14322,Penelopé,darkmoon-faire,573,hunter,beastmastery,12,6,6
14323,Cliff,kiljaeden,572,hunter,beastmastery,30,6,24
14324,Jsâ,blackmoore,571,hunter,beastmastery,12,6,6
14325,Шейхант,gordunni,571,hunter,beastmastery,12,6,6
14326,Ñava,dalaran,570,hunter,beastmastery,12,6,6
14327,Corrwus,argent-dawn,570,hunter,beastmastery,18,6,12
14328,Zahgrug,aerie-peak,568,hunter,beastmastery,12,6,6
14329,Олькахант,galakrond,568,hunter,beastmastery,12,6,6
14330,Bloodxx,ragnaros,568,hunter,beastmastery,18,6,12
14331,Dreemshoot,stormscale,542,hunter,beastmastery,11,6,5
14332,Åånei,twisting-nether,528,hunter,beastmastery,15,6,9
14333,Kukenisluken,stormscale,527,hunter,beastmastery,11,6,5
14334,Archfiend,stormscale,527,hunter,beastmastery,11,6,5
14335,Braatski,stormscale,526,hunter,beastmastery,18,7,11
14336,Raxxic,eredar,512,hunter,beastmastery,10,6,4
14337,Ázèrøñå,ravencrest,511,hunter,beastmastery,11,6,5
14338,Hacx,ravencrest,511,hunter,beastmastery,17,6,11
14339,Pennymarks,blackhand,511,hunter,beastmastery,20,6,14
14340,Nefroo,defias-brotherhood,505,hunter,beastmastery,11,6,5
14341,Jinxbomber,draenor,480,hunter,beastmastery,6,5,1
14342,Jakis,silvermoon,480,hunter,beastmastery,6,5,1
14343,Hidethegun,draenor,480,hunter,beastmastery,6,5,1
14344,Skipee,ravencrest,480,hunter,beastmastery,6,5,1
14345,Connyrövöga,draenor,480,hunter,beastmastery,6,5,1
14346,Dogliz,stormscale,480,hunter,beastmastery,6,5,1
14347,Sunyjuyono,ravencrest,480,hunter,beastmastery,6,5,1
14348,Wellocérapt,confrérie-du-thorium,480,hunter,beastmastery,6,5,1
14349,Мунмейстер,blackscar,480,hunter,beastmastery,6,5,1
14350,Ветрослав,thermaplugg,480,hunter,beastmastery,6,5,1
14351,Smokerofweed,kazzak,480,hunter,beastmastery,6,5,1
14352,Tøkÿöghøül,ravencrest,480,hunter,beastmastery,7,5,2
14353,Juniorm,kazzak,480,hunter,beastmastery,12,5,7
14354,Bloodpanter,ragnaros,480,hunter,beastmastery,12,5,7
14355,Hiff,burning-legion,480,hunter,beastmastery,12,5,7
14356,Wolfyx,cthun,480,hunter,beastmastery,12,5,7
14357,Келкузд,howling-fjord,480,hunter,beastmastery,12,5,7
14358,Naposin,ragnaros,480,hunter,beastmastery,12,5,7
14359,Nissa,blackrock,480,hunter,beastmastery,12,5,7
14360,Tizzlbang,ragnaros,480,hunter,beastmastery,12,5,7
14361,Palomo,argent-dawn,480,hunter,beastmastery,12,5,7
14362,Speartusk,blackhand,480,hunter,beastmastery,12,5,7
14363,Elvenian,twisting-nether,480,hunter,beastmastery,12,5,7
14364,Khort,twisting-nether,480,hunter,beastmastery,12,5,7
14365,Notley,thrall,480,hunter,beastmastery,12,5,7
14366,Китас,soulflayer,480,hunter,beastmastery,12,5,7
14367,Eredark,zuljin,480,hunter,beastmastery,12,5,7
14368,Bubbahubba,ragnaros,480,hunter,beastmastery,12,5,7
14369,Jins,illidan,480,hunter,beastmastery,12,5,7
14370,Shantala,frostwolf,480,hunter,beastmastery,12,5,7
14371,Квит,blackscar,480,hunter,beastmastery,12,5,7
14372,Kanzlerkohl,frostwolf,480,hunter,beastmastery,12,5,7
14373,Sbegodx,hyjal,480,hunter,beastmastery,12,5,7
14374,Вуйчеч,howling-fjord,480,hunter,beastmastery,12,5,7
14375,Yamadorî,blackrock,480,hunter,beastmastery,12,5,7
14376,Elmez,outland,480,hunter,beastmastery,12,5,7
14377,Crasharrow,stormscale,480,hunter,beastmastery,12,5,7
14378,Pilpetra,tarren-mill,480,hunter,beastmastery,12,5,7
14379,Dyve,antonidas,480,hunter,beastmastery,12,5,7
14380,Stónéyyx,azjolnerub,480,hunter,beastmastery,12,5,7
14381,Jimbowjones,antonidas,480,hunter,beastmastery,12,5,7
14382,Waneìs,stormscale,480,hunter,beastmastery,12,5,7
14383,Makaxx,stormscale,480,hunter,beastmastery,12,5,7
14384,Seviaz,draenor,480,hunter,beastmastery,12,5,7
14385,Mdmalol,malganis,480,hunter,beastmastery,12,5,7
14386,Wüst,tarren-mill,480,hunter,beastmastery,12,5,7
14387,Yésdave,stormscale,480,hunter,beastmastery,12,5,7
14388,Quoicoubèh,hyjal,480,hunter,beastmastery,12,5,7
14389,Hizzenstein,blackhand,480,hunter,beastmastery,12,5,7
14390,Feelmyfurý,tarren-mill,480,hunter,beastmastery,12,5,7
14391,Hõth,kazzak,480,hunter,beastmastery,12,5,7
14392,Джеймсфранко,blackscar,480,hunter,beastmastery,12,5,7
14393,Eilnu,zuljin,480,hunter,beastmastery,17,5,12
14394,Lepap,arygos,480,hunter,beastmastery,17,5,12
14395,Chrishyh,blackrock,480,hunter,beastmastery,18,5,13
14396,Begøne,draenor,480,hunter,beastmastery,18,5,13
14397,Rheyl,dun-morogh,480,hunter,beastmastery,24,5,19
14398,Djzntrap,outland,479,hunter,beastmastery,12,5,7
14399,Ivanrockstar,draenor,479,hunter,beastmastery,12,5,7
14400,Swïtchz,hyjal,479,hunter,beastmastery,12,5,7
14401,Енвина,gordunni,479,hunter,beastmastery,12,5,7
14402,Killzo,sylvanas,479,hunter,beastmastery,12,5,7
14403,Ninjaskillss,ravencrest,479,hunter,beastmastery,12,5,7
14404,Arhyah,medivh,479,hunter,beastmastery,12,5,7
14405,Droubidi,garona,479,hunter,beastmastery,12,5,7
14406,Sylverein,silvermoon,479,hunter,beastmastery,18,5,13
14407,Arielowy,doomhammer,479,hunter,beastmastery,18,5,13
14408,Kepâssa,ysondre,478,hunter,beastmastery,12,5,7
14409,Добрыйклыкач,gordunni,478,hunter,beastmastery,12,5,7
14410,Oldrocker,sylvanas,478,hunter,beastmastery,18,5,13
14411,Бодрыйсэм,soulflayer,477,hunter,beastmastery,12,5,7
14412,Ghostaim,kazzak,475,hunter,beastmastery,10,6,4
14413,Poine,sylvanas,472,hunter,beastmastery,12,5,7
14414,Ferax,alleria,472,hunter,beastmastery,12,5,7
14415,Ahilleaa,aegwynn,472,hunter,beastmastery,12,5,7
14416,Aryaae,les-clairvoyants,472,hunter,beastmastery,13,5,8
14417,Ruhen,aegwynn,463,hunter,beastmastery,11,5,6
14418,Tiguy,archimonde,462,hunter,beastmastery,23,5,18
14419,Momohenní,archimonde,448,hunter,beastmastery,10,5,5
14420,Kabedon,drakthul,448,hunter,beastmastery,16,5,11
14421,Artemmis,tarren-mill,447,hunter,beastmastery,11,5,6
14422,Bellecoq,arathi,447,hunter,beastmastery,11,5,6
14423,Såvëâmäzøñíà,stormscale,431,hunter,beastmastery,11,5,6
14424,Angeedau,kazzak,431,hunter,beastmastery,11,5,6
14425,Lovecjelenu,drakthul,431,hunter,beastmastery,11,5,6
14426,Grufflin,bronzebeard,430,hunter,beastmastery,11,5,6
14427,Тауриэлль,soulflayer,426,hunter,beastmastery,15,6,9
14428,Truxp,tarren-mill,416,hunter,beastmastery,10,5,5
14429,Valamié,stormscale,415,hunter,beastmastery,8,5,3
14430,Topbow,talnivarr,415,hunter,beastmastery,10,5,5
14431,Darkshe,dun-modr,415,hunter,beastmastery,14,5,9
14432,Tunhaa,arthas,399,hunter,beastmastery,16,6,10
14433,Zbyrkana,neptulon,384,hunter,beastmastery,6,4,2
14434,Разплюханка,howling-fjord,384,hunter,beastmastery,6,4,2
14435,Arellia,blackmoore,384,hunter,beastmastery,6,4,2
14436,Áñmy,ravencrest,384,hunter,beastmastery,6,4,2
14437,Xndr,sanguino,384,hunter,beastmastery,6,4,2
14438,Srvol,dun-modr,384,hunter,beastmastery,6,4,2
14439,Hølinkasbabe,blackmoore,384,hunter,beastmastery,6,4,2
14440,Dafragger,blackmoore,384,hunter,beastmastery,6,4,2
14441,Celebor,sanguino,384,hunter,beastmastery,6,4,2
14442,Pandanero,ravencrest,384,hunter,beastmastery,6,4,2
14443,Wristflex,kazzak,384,hunter,beastmastery,6,4,2
14444,Трисциллочка,howling-fjord,384,hunter,beastmastery,6,4,2
14445,Sackboy,thrall,384,hunter,beastmastery,6,4,2
14446,Hoppelchen,blackmoore,384,hunter,beastmastery,6,4,2
14447,Vïcødïnë,sinstralis,384,hunter,beastmastery,6,4,2
14448,Fajitax,lightbringer,384,hunter,beastmastery,6,4,2
14449,Mestar,outland,384,hunter,beastmastery,6,4,2
14450,Бэрими,gordunni,384,hunter,beastmastery,6,4,2
14451,Chindaliña,zuljin,384,hunter,beastmastery,6,4,2
14452,Bloodymarìe,kelthuzad,384,hunter,beastmastery,6,4,2
14453,Sørha,chogall,384,hunter,beastmastery,6,4,2
14454,Varkiza,sylvanas,384,hunter,beastmastery,6,4,2
14455,Double,sylvanas,384,hunter,beastmastery,6,4,2
14456,Zigi,grim-batol,384,hunter,beastmastery,6,4,2
14457,Kàisèr,shendralar,384,hunter,beastmastery,6,4,2
14458,Jaxxoo,outland,384,hunter,beastmastery,6,4,2
14459,Няшуличка,gordunni,384,hunter,beastmastery,6,4,2
14460,Jagarbladet,ravencrest,384,hunter,beastmastery,6,4,2
14461,Skeng,xavius,384,hunter,beastmastery,6,4,2
14462,Garratha,burning-legion,384,hunter,beastmastery,6,4,2
14463,Mothmanx,kazzak,384,hunter,beastmastery,6,4,2
14464,Khregan,aerie-peak,384,hunter,beastmastery,6,4,2
14465,Ntguilty,blackrock,384,hunter,beastmastery,6,4,2
14466,Machinedream,sylvanas,384,hunter,beastmastery,6,4,2
14467,Murkek,drakthul,384,hunter,beastmastery,6,4,2
14468,Thursty,twisting-nether,384,hunter,beastmastery,6,4,2
14469,Zanéy,ravencrest,384,hunter,beastmastery,6,4,2
14470,Hetzenauer,nathrezim,384,hunter,beastmastery,6,4,2
14471,Нью,soulflayer,384,hunter,beastmastery,6,4,2
14472,Killstreak,magtheridon,384,hunter,beastmastery,6,4,2
14473,Nulldmgmaker,malganis,384,hunter,beastmastery,6,4,2
14474,Kioception,blackrock,384,hunter,beastmastery,6,4,2
14475,Napa,kazzak,384,hunter,beastmastery,6,4,2
14476,Tiratats,sylvanas,384,hunter,beastmastery,6,4,2
14477,Béarrockx,alleria,384,hunter,beastmastery,6,4,2
14478,Illaice,antonidas,384,hunter,beastmastery,6,4,2
14479,Schwabbels,silvermoon,384,hunter,beastmastery,6,4,2
14480,Nomorepain,outland,384,hunter,beastmastery,6,4,2
14481,Riema,ragnaros,384,hunter,beastmastery,6,4,2
14482,Zyprix,blackrock,384,hunter,beastmastery,6,4,2
14483,Nocturr,ragnaros,384,hunter,beastmastery,6,4,2
14484,Ghõst,frostmane,384,hunter,beastmastery,6,4,2
14485,Komesz,ragnaros,384,hunter,beastmastery,6,4,2
14486,Djurmästaren,ravencrest,384,hunter,beastmastery,6,4,2
14487,Патапум,deathguard,384,hunter,beastmastery,6,4,2
14488,Thromkhar,sanguino,384,hunter,beastmastery,6,4,2
14489,Кайсго,gordunni,384,hunter,beastmastery,6,4,2
14490,Oobe,hyjal,384,hunter,beastmastery,6,4,2
14491,Xiviora,archimonde,384,hunter,beastmastery,6,4,2
14492,Azzazeal,drakthul,384,hunter,beastmastery,6,4,2
14493,Sxmphxny,argent-dawn,384,hunter,beastmastery,6,4,2
14494,Eisenhørn,archimonde,384,hunter,beastmastery,6,4,2
14495,Robbingyou,tarren-mill,384,hunter,beastmastery,6,4,2
14496,Nith,ungoro,384,hunter,beastmastery,6,4,2
14497,Вихтриэль,gordunni,384,hunter,beastmastery,6,4,2
14498,Elðer,dentarg,384,hunter,beastmastery,10,5,5
14499,Lännennopein,outland,384,hunter,beastmastery,17,6,11
14500,Valomeere,tarren-mill,384,hunter,beastmastery,12,4,8
14501,Neocb,ravencrest,384,hunter,beastmastery,12,4,8
14502,Sîriell,arthas,384,hunter,beastmastery,12,4,8
14503,Thekev,ravencrest,384,hunter,beastmastery,12,4,8
14504,Thérón,ravencrest,384,hunter,beastmastery,12,4,8
14505,Marzenielas,silvermoon,384,hunter,beastmastery,12,4,8
14506,Nîco,nathrezim,384,hunter,beastmastery,12,4,8
14507,Sjufemman,ravencrest,384,hunter,beastmastery,12,4,8
14508,Catman,stormreaver,384,hunter,beastmastery,12,4,8
14509,Exwifey,ravencrest,384,hunter,beastmastery,12,4,8
14510,Brønkø,azshara,384,hunter,beastmastery,12,4,8
14511,Malromero,outland,384,hunter,beastmastery,12,4,8
14512,Серцебиение,soulflayer,384,hunter,beastmastery,12,4,8
14513,Sharpeneye,ragnaros,384,hunter,beastmastery,12,4,8
14514,Гернриета,gordunni,384,hunter,beastmastery,12,4,8
14515,Zippyzen,twisting-nether,384,hunter,beastmastery,12,4,8
14516,Øï,outland,384,hunter,beastmastery,12,4,8
14517,Qled,sylvanas,384,hunter,beastmastery,12,4,8
14518,Вейзу,ashenvale,384,hunter,beastmastery,12,4,8
14519,Mobshot,twisting-nether,384,hunter,beastmastery,12,4,8
14520,Navarro,nemesis,384,hunter,beastmastery,12,4,8
14521,Teddybeardo,stormscale,384,hunter,beastmastery,12,4,8
14522,Saiko,kazzak,384,hunter,beastmastery,12,4,8
14523,Tøixøna,tyrande,384,hunter,beastmastery,12,4,8
14524,Horxxa,kul-tiras,384,hunter,beastmastery,12,4,8
14525,Monnee,outland,384,hunter,beastmastery,12,4,8
14526,Penehuntos,eredar,384,hunter,beastmastery,12,4,8
14527,Pergola,spinebreaker,384,hunter,beastmastery,12,4,8
14528,Zynga,sylvanas,384,hunter,beastmastery,12,4,8
14529,Zakert,zuljin,384,hunter,beastmastery,12,4,8
14530,Кустурица,azuregos,384,hunter,beastmastery,12,4,8
14531,Sylphie,dalaran,384,hunter,beastmastery,12,4,8
14532,Dissectiøn,hyjal,384,hunter,beastmastery,12,4,8
14533,Дэлмор,greymane,384,hunter,beastmastery,12,4,8
14534,Aléxy,sanguino,384,hunter,beastmastery,12,4,8
14535,Khyleanqt,dun-modr,384,hunter,beastmastery,12,4,8
14536,Nßatrapper,outland,384,hunter,beastmastery,12,4,8
14537,Дланьгоспода,soulflayer,384,hunter,beastmastery,13,4,9
14538,Keinzira,hyjal,384,hunter,beastmastery,16,4,12
14539,Kayvaal,kaelthas,384,hunter,beastmastery,18,4,14
14540,Хедшоттер,blackscar,384,hunter,beastmastery,18,4,14
14541,Tervueren,burning-blade,384,hunter,beastmastery,18,4,14
14542,Bláckheart,doomhammer,384,hunter,beastmastery,18,4,14
14543,Swargano,archimonde,384,hunter,beastmastery,18,4,14
14544,Mævis,ravencrest,384,hunter,beastmastery,18,4,14
14545,Bemtistaru,draenor,384,hunter,beastmastery,18,4,14
14546,Resonate,stormreaver,383,hunter,beastmastery,6,4,2
14547,Jelezenchuk,outland,383,hunter,beastmastery,6,4,2
14548,Xscaper,twilights-hammer,383,hunter,beastmastery,6,4,2
14549,Doguago,draenor,383,hunter,beastmastery,12,4,8
14550,Huntseeker,draenor,383,hunter,beastmastery,12,4,8
14551,Bessa,skullcrusher,383,hunter,beastmastery,12,4,8
14552,Lalluna,malganis,383,hunter,beastmastery,12,4,8
14553,Mugiwaras,eldrethalas,383,hunter,beastmastery,18,4,14
14554,Beerox,ysondre,382,hunter,beastmastery,12,4,8
14555,Neuwi,stormreaver,382,hunter,beastmastery,12,4,8
14556,Баззи,grom,382,hunter,beastmastery,12,4,8
14557,Jolox,blackrock,379,hunter,beastmastery,12,4,8
14558,Thelasiel,aerie-peak,379,hunter,beastmastery,12,4,8
14559,Barzti,thrall,376,hunter,beastmastery,12,6,6
14560,Pîpî,blackrock,368,hunter,beastmastery,11,6,5
14561,Zakos,kirin-tor,351,hunter,beastmastery,17,4,13
14562,Jaszczomp,magtheridon,350,hunter,beastmastery,16,4,12
14563,Harpers,kazzak,336,hunter,beastmastery,15,4,11
14564,Dorollo,khaz-modan,332,hunter,beastmastery,11,4,7
14565,Itzcritch,tarren-mill,330,hunter,beastmastery,14,5,9
14566,Skyh,outland,330,hunter,beastmastery,16,5,11
14567,Ozunâ,blackmoore,318,hunter,beastmastery,24,8,16
14568,Klèo,frostwhisper,288,hunter,beastmastery,6,3,3
14569,Visas,burning-legion,288,hunter,beastmastery,6,3,3
14570,Микихаса,galakrond,288,hunter,beastmastery,6,3,3
14571,Арнесс,deepholm,288,hunter,beastmastery,6,3,3
14572,Prurt,pozzo-delleternità,288,hunter,beastmastery,6,3,3
14573,Anthorio,cthun,288,hunter,beastmastery,6,3,3
14574,Saîtek,chogall,288,hunter,beastmastery,6,3,3
14575,Natashä,area-52,288,hunter,beastmastery,6,3,3
14576,Svinrbglol,arygos,288,hunter,beastmastery,6,3,3
14577,Katzchen,burning-legion,288,hunter,beastmastery,6,3,3
14578,Natchell,ysondre,288,hunter,beastmastery,6,3,3
14579,Papisbae,stormscale,288,hunter,beastmastery,6,3,3
14580,Daela,elune,288,hunter,beastmastery,6,3,3
14581,Cryptomars,twisting-nether,288,hunter,beastmastery,6,3,3
14582,Kronkh,nemesis,288,hunter,beastmastery,6,3,3
14583,Berenger,twisting-nether,288,hunter,beastmastery,6,3,3
14584,Скукота,grom,288,hunter,beastmastery,6,3,3
14585,Будкусломаю,grom,288,hunter,beastmastery,6,3,3
14586,Hattorisama,ghostlands,288,hunter,beastmastery,6,3,3
14587,Elbatale,sylvanas,288,hunter,beastmastery,6,3,3
14588,Ipad,cthun,288,hunter,beastmastery,6,3,3
14589,Liikes,arygos,288,hunter,beastmastery,6,3,3
14590,Bâng,zuljin,288,hunter,beastmastery,6,3,3
14591,Taurïel,stormscale,288,hunter,beastmastery,6,3,3
14592,Texaco,dun-modr,288,hunter,beastmastery,6,3,3
14593,Nastynutshot,stormscale,288,hunter,beastmastery,6,3,3
14594,Nathah,burning-legion,288,hunter,beastmastery,6,3,3
14595,Mark,runetotem,288,hunter,beastmastery,6,3,3
14596,Ðøømsðay,sanguino,288,hunter,beastmastery,6,3,3
14597,Hallem,karazhan,288,hunter,beastmastery,6,3,3
14598,Zajebantip,sylvanas,288,hunter,beastmastery,6,3,3
14599,Valtondre,argent-dawn,288,hunter,beastmastery,6,3,3
14600,Enthur,sylvanas,288,hunter,beastmastery,6,3,3
14601,Xðxðxðxðxðxð,sylvanas,288,hunter,beastmastery,6,3,3
14602,Ekz,twisting-nether,288,hunter,beastmastery,6,3,3
14603,Efficíent,auchindoun,288,hunter,beastmastery,6,3,3
14604,Chasseeur,archimonde,288,hunter,beastmastery,6,3,3
14605,Bòw,antonidas,288,hunter,beastmastery,6,3,3
14606,Thyala,twisting-nether,288,hunter,beastmastery,6,3,3
14607,Lûnelle,argent-dawn,288,hunter,beastmastery,6,3,3
14608,Kondirox,twisting-nether,288,hunter,beastmastery,6,3,3
14609,Колтрэйнборз,blackscar,288,hunter,beastmastery,6,3,3
14610,Shedzargo,twisting-nether,288,hunter,beastmastery,6,3,3
14611,Стингергодх,gordunni,288,hunter,beastmastery,6,3,3
14612,Kaletorw,ragnaros,288,hunter,beastmastery,6,3,3
14613,Aimshot,ravencrest,288,hunter,beastmastery,6,3,3
14614,Haggy,die-nachtwache,288,hunter,beastmastery,6,3,3
14615,Chrønôs,archimonde,288,hunter,beastmastery,6,3,3
14616,Nervetøxin,ravencrest,288,hunter,beastmastery,6,3,3
14617,Shimzz,twisting-nether,288,hunter,beastmastery,6,3,3
14618,Nestereo,zirkel-des-cenarius,288,hunter,beastmastery,6,3,3
14619,Боураш,gordunni,288,hunter,beastmastery,6,3,3
14620,Тысячиимен,gordunni,288,hunter,beastmastery,6,3,3
14621,Zäroury,ravencrest,288,hunter,beastmastery,6,3,3
14622,Наладдчик,howling-fjord,288,hunter,beastmastery,6,3,3
14623,Beefchops,draenor,288,hunter,beastmastery,6,3,3
14624,Козладой,gordunni,288,hunter,beastmastery,6,3,3
14625,Шеннокс,howling-fjord,288,hunter,beastmastery,6,3,3
14626,Jimpage,eredar,288,hunter,beastmastery,6,3,3
14627,Sebikh,ravencrest,288,hunter,beastmastery,6,3,3
14628,Ragingdragon,turalyon,288,hunter,beastmastery,6,3,3
14629,Демела,gordunni,288,hunter,beastmastery,6,3,3
14630,Доррети,howling-fjord,288,hunter,beastmastery,6,3,3
14631,Живучийорех,gordunni,288,hunter,beastmastery,6,3,3
14632,Келентори,gordunni,288,hunter,beastmastery,6,3,3
14633,Трапавграунд,howling-fjord,288,hunter,beastmastery,6,3,3
14634,Yümekø,khaz-modan,288,hunter,beastmastery,6,3,3
14635,Кискавтесте,gordunni,288,hunter,beastmastery,6,3,3
14636,Lioneli,sylvanas,288,hunter,beastmastery,6,3,3
14637,Abonah,khaz-modan,288,hunter,beastmastery,6,3,3
14638,Kanwfulldmg,stormscale,288,hunter,beastmastery,6,3,3
14639,Keyshu,die-aldor,288,hunter,beastmastery,6,3,3
14640,Оркос,deathweaver,288,hunter,beastmastery,6,3,3
14641,Рофшор,gordunni,288,hunter,beastmastery,6,3,3
14642,Arsola,sylvanas,288,hunter,beastmastery,6,3,3
14643,Styxht,blackhand,288,hunter,beastmastery,6,3,3
14644,Mooj,malganis,288,hunter,beastmastery,6,3,3
14645,Zercore,echsenkessel,288,hunter,beastmastery,6,3,3
14646,Shtooko,conseil-des-ombres,288,hunter,beastmastery,6,3,3
14647,Baïonnettex,archimonde,288,hunter,beastmastery,6,3,3
14648,Bârli,amanthul,288,hunter,beastmastery,6,3,3
14649,Darthbow,outland,288,hunter,beastmastery,6,3,3
14650,Darkdrais,archimonde,288,hunter,beastmastery,6,3,3
14651,Donbonz,blackmoore,288,hunter,beastmastery,6,3,3
14652,Nizzoz,blackmoore,288,hunter,beastmastery,6,3,3
14653,Bugspitz,outland,288,hunter,beastmastery,6,3,3
14654,Popofles,outland,288,hunter,beastmastery,6,3,3
14655,Haeero,archimonde,288,hunter,beastmastery,6,3,3
14656,Scräppÿ,kazzak,288,hunter,beastmastery,6,3,3
14657,Ileira,blackmoore,288,hunter,beastmastery,6,3,3
14658,Fedya,kazzak,288,hunter,beastmastery,6,3,3
14659,Huntness,kazzak,288,hunter,beastmastery,6,3,3
14660,Lofiel,aegwynn,288,hunter,beastmastery,6,3,3
14661,Anhur,blackmoore,288,hunter,beastmastery,6,3,3
14662,Niedzwiedzor,silvermoon,288,hunter,beastmastery,6,3,3
14663,Fangzahn,aegwynn,288,hunter,beastmastery,6,3,3
14664,Japuog,kazzak,288,hunter,beastmastery,6,3,3
14665,Djtrapyasis,blackmoore,288,hunter,beastmastery,6,3,3
14666,Birdwatcher,kazzak,288,hunter,beastmastery,6,3,3
14667,Sakaryali,silvermoon,288,hunter,beastmastery,6,3,3
14668,Thebigboom,outland,288,hunter,beastmastery,6,3,3
14669,Kxx,kazzak,288,hunter,beastmastery,6,3,3
14670,Ravis,aegwynn,288,hunter,beastmastery,6,3,3
14671,Weedonyhunt,hyjal,288,hunter,beastmastery,6,3,3
14672,Yssup,frostmane,288,hunter,beastmastery,6,3,3
14673,Yoey,tarren-mill,288,hunter,beastmastery,6,3,3
14674,Dangen,stormreaver,288,hunter,beastmastery,6,3,3
14675,Imonér,frostmane,288,hunter,beastmastery,6,3,3
14676,Iliíilíiílíl,outland,288,hunter,beastmastery,6,3,3
14677,Zoophobiaqt,silvermoon,288,hunter,beastmastery,6,3,3
14678,Akahr,thrall,288,hunter,beastmastery,6,3,3
14679,Haraigoshí,grim-batol,288,hunter,beastmastery,6,3,3
14680,Blazeblue,hyjal,288,hunter,beastmastery,6,3,3
14681,Aldra,kelthuzad,288,hunter,beastmastery,6,3,3
14682,Salemenos,silvermoon,288,hunter,beastmastery,6,3,3
14683,Skrag,outland,288,hunter,beastmastery,6,3,3
14684,Kragán,silvermoon,288,hunter,beastmastery,6,3,3
14685,Artze,outland,288,hunter,beastmastery,6,3,3
14686,Goethe,ravencrest,288,hunter,beastmastery,9,4,5
14687,Хантероо,gordunni,288,hunter,beastmastery,8,3,5
14688,Nerøz,ravencrest,288,hunter,beastmastery,12,3,9
14689,Spakster,blackrock,288,hunter,beastmastery,12,3,9
14690,Jellyfat,silvermoon,288,hunter,beastmastery,12,3,9
14691,Ímpulsion,stormscale,288,hunter,beastmastery,12,3,9
14692,Crittix,kiljaeden,288,hunter,beastmastery,12,3,9
14693,Xoarqt,aegwynn,288,hunter,beastmastery,12,3,9
14694,Quasar,ravencrest,288,hunter,beastmastery,12,3,9
14695,Mârked,argent-dawn,288,hunter,beastmastery,12,3,9
14696,Perkxd,stormscale,288,hunter,beastmastery,12,3,9
14697,Stuckstepbro,silvermoon,288,hunter,beastmastery,12,3,9
14698,Zárnah,defias-brotherhood,288,hunter,beastmastery,12,3,9
14699,Andraz,burning-legion,288,hunter,beastmastery,12,3,9
14700,Riik,ragnaros,288,hunter,beastmastery,12,3,9
14701,Nelthara,burning-blade,288,hunter,beastmastery,12,3,9
14702,Marusmaskin,kazzak,288,hunter,beastmastery,12,3,9
14703,Drakess,daggerspine,288,hunter,beastmastery,12,3,9
14704,Mélovéa,sinstralis,288,hunter,beastmastery,12,3,9
14705,Rrushi,argent-dawn,288,hunter,beastmastery,12,3,9
14706,Jaguarundy,dun-modr,288,hunter,beastmastery,12,3,9
14707,Jamesbownd,ravencrest,288,hunter,beastmastery,12,3,9
14708,Headhunterzz,dun-modr,288,hunter,beastmastery,12,3,9
14709,Shalinda,azshara,288,hunter,beastmastery,12,3,9
14710,Götthunter,antonidas,288,hunter,beastmastery,12,3,9
14711,Хансбург,howling-fjord,288,hunter,beastmastery,12,3,9
14712,Krëmpai,frostmane,288,hunter,beastmastery,12,3,9
14713,Drherbs,bloodhoof,288,hunter,beastmastery,12,3,9
14714,Huntardxx,outland,288,hunter,beastmastery,12,3,9
14715,Narziel,die-todeskrallen,288,hunter,beastmastery,12,3,9
14716,Rachelzane,blackrock,288,hunter,beastmastery,12,3,9
14717,Frikandelli,outland,288,hunter,beastmastery,12,3,9
14718,Phillon,blackrock,288,hunter,beastmastery,12,3,9
14719,Drennak,kult-der-verdammten,288,hunter,beastmastery,12,3,9
14720,Gzà,kazzak,288,hunter,beastmastery,12,3,9
14721,Demónhunter,frostmane,288,hunter,beastmastery,12,3,9
14722,Tillhunt,kargath,288,hunter,beastmastery,12,3,9
14723,Дварфмэн,gordunni,288,hunter,beastmastery,13,3,10
14724,Tràpz,archimonde,288,hunter,beastmastery,14,3,11
14725,Ohwagga,pozzo-delleternità,287,hunter,beastmastery,6,3,3
14726,Промахнулся,gordunni,287,hunter,beastmastery,12,3,9
14727,Asca,eldrethalas,287,hunter,beastmastery,12,3,9
14728,Voraxh,draenor,287,hunter,beastmastery,12,3,9
14729,Oatmeal,dun-morogh,287,hunter,beastmastery,12,3,9
14730,Trapgodz,ragnaros,271,hunter,beastmastery,11,3,8
14731,Lightrandom,kazzak,269,hunter,beastmastery,11,3,8
14732,Ватмано,gordunni,255,hunter,beastmastery,8,4,4
14733,Sarblade,bronze-dragonflight,255,hunter,beastmastery,11,3,8
14734,Graltar,tarren-mill,255,hunter,beastmastery,11,3,8
14735,Shoothim,destromath,254,hunter,beastmastery,8,4,4
14736,Кулерквест,soulflayer,240,hunter,beastmastery,9,3,6
14737,Dybhalsma,outland,239,hunter,beastmastery,5,3,2
14738,Dogthebounty,tarren-mill,234,hunter,beastmastery,8,4,4
14739,Слышумертвых,gordunni,234,hunter,beastmastery,15,5,10
14740,Sacroz,frostwhisper,223,hunter,beastmastery,8,3,5
14741,Shagora,dalaran,223,hunter,beastmastery,8,3,5
14742,Musraah,zuljin,192,hunter,beastmastery,5,3,2
14743,Травок,gordunni,192,hunter,beastmastery,6,2,4
14744,Marudô,aegwynn,192,hunter,beastmastery,6,2,4
14745,Samasukë,grim-batol,192,hunter,beastmastery,6,2,4
14746,Bethenny,draenor,192,hunter,beastmastery,6,2,4
14747,Jayyke,frostmane,192,hunter,beastmastery,6,2,4
14748,Шимэйла,gordunni,192,hunter,beastmastery,6,2,4
14749,Jezaja,draenor,192,hunter,beastmastery,6,2,4
14750,Lifeiscool,drakthul,192,hunter,beastmastery,6,2,4
14751,Sarbacanes,hyjal,192,hunter,beastmastery,6,2,4
14752,Waveshoot,hyjal,192,hunter,beastmastery,6,2,4
14753,Hvaskøduenme,stormscale,192,hunter,beastmastery,6,2,4
14754,Holytrapqt,aegwynn,192,hunter,beastmastery,6,2,4
14755,Bæbåk,frostmane,192,hunter,beastmastery,6,2,4
14756,Nómarak,drakthul,192,hunter,beastmastery,6,2,4
14757,Arykes,drakthul,192,hunter,beastmastery,6,2,4
14758,Риперквин,gordunni,192,hunter,beastmastery,6,2,4
14759,Privelle,argent-dawn,192,hunter,beastmastery,6,2,4
14760,Wodhunterjr,ravencrest,192,hunter,beastmastery,6,2,4
14761,Zetaph,argent-dawn,192,hunter,beastmastery,6,2,4
14762,Wülfhart,argent-dawn,192,hunter,beastmastery,6,2,4
14763,Dentaar,draenor,192,hunter,beastmastery,6,2,4
14764,Хароко,gordunni,192,hunter,beastmastery,6,2,4
14765,Dis,twilights-hammer,192,hunter,beastmastery,6,2,4
14766,Talanar,tarren-mill,192,hunter,beastmastery,6,2,4
14767,Nikzeubii,archimonde,192,hunter,beastmastery,6,2,4
14768,Zusale,azshara,192,hunter,beastmastery,6,2,4
14769,Azahunt,kazzak,192,hunter,beastmastery,6,2,4
14770,Annababygirl,silvermoon,192,hunter,beastmastery,6,2,4
14771,Myoui,silvermoon,192,hunter,beastmastery,6,2,4
14772,Ефрейя,gordunni,192,hunter,beastmastery,6,2,4
14773,Orosko,archimonde,192,hunter,beastmastery,6,2,4
14774,Comegetme,auchindoun,192,hunter,beastmastery,6,2,4
14775,Bodytypedog,ragnaros,192,hunter,beastmastery,6,2,4
14776,Goosebite,ravencrest,192,hunter,beastmastery,6,2,4
14777,Snakepit,stormscale,192,hunter,beastmastery,6,2,4
14778,Avp,sylvanas,192,hunter,beastmastery,6,2,4
14779,Vorthrax,drakthul,192,hunter,beastmastery,6,2,4
14780,Díkembe,aegwynn,192,hunter,beastmastery,6,2,4
14781,Ядрис,gordunni,192,hunter,beastmastery,6,2,4
14782,Diabloiv,doomhammer,192,hunter,beastmastery,6,2,4
14783,Nythilia,blackrock,192,hunter,beastmastery,6,2,4
14784,Fofoulinaki,silvermoon,192,hunter,beastmastery,6,2,4
14785,Marryme,blackhand,192,hunter,beastmastery,6,2,4
14786,Pets,aegwynn,192,hunter,beastmastery,6,2,4
14787,Luuszapfae,aegwynn,192,hunter,beastmastery,6,2,4
14788,Vör,drakthul,192,hunter,beastmastery,6,2,4
14789,Ataxyjr,ravencrest,192,hunter,beastmastery,6,2,4
14790,Legolex,burning-blade,192,hunter,beastmastery,6,2,4
14791,Progh,ragnaros,192,hunter,beastmastery,6,2,4
14792,Twirlylock,emerald-dream,192,hunter,beastmastery,6,2,4
14793,Silencxz,aegwynn,192,hunter,beastmastery,6,2,4
14794,Avâlos,dentarg,192,hunter,beastmastery,6,2,4
14795,Feedbackloop,silvermoon,192,hunter,beastmastery,6,2,4
14796,Medûse,stormscale,192,hunter,beastmastery,6,2,4
14797,Raztreadör,dun-modr,192,hunter,beastmastery,6,2,4
14798,Màdnéss,blackmoore,192,hunter,beastmastery,6,2,4
14799,Elastaplast,thunderhorn,192,hunter,beastmastery,6,2,4
14800,Yakayoshi,kazzak,192,hunter,beastmastery,6,2,4
14801,Shademd,ahnqiraj,192,hunter,beastmastery,6,2,4
14802,Phantoprowl,stormscale,192,hunter,beastmastery,6,2,4
14803,Dragoki,blackmoore,192,hunter,beastmastery,6,2,4
14804,Pixxeel,khaz-modan,192,hunter,beastmastery,6,2,4
14805,Droz,blackmoore,192,hunter,beastmastery,6,2,4
14806,Willzz,ravencrest,192,hunter,beastmastery,6,2,4
14807,Wolfmarko,ragnaros,192,hunter,beastmastery,6,2,4
14808,Foleck,aegwynn,192,hunter,beastmastery,6,2,4
14809,Sotu,stormscale,192,hunter,beastmastery,6,2,4
14810,Dogstrust,stormscale,192,hunter,beastmastery,6,2,4
14811,Níne,sylvanas,192,hunter,beastmastery,6,2,4
14812,Phyllobates,blackrock,192,hunter,beastmastery,6,2,4
14813,Lersey,blackmoore,192,hunter,beastmastery,6,2,4
14814,Gandro,blackmoore,192,hunter,beastmastery,6,2,4
14815,Mâgnesium,blackmoore,192,hunter,beastmastery,6,2,4
14816,As,kazzak,192,hunter,beastmastery,6,2,4
14817,Aughtism,turalyon,192,hunter,beastmastery,6,2,4
14818,Cøkø,sanguino,192,hunter,beastmastery,6,2,4
14819,Doraxa,sanguino,192,hunter,beastmastery,6,2,4
14820,Kirinó,ragnaros,192,hunter,beastmastery,6,2,4
14821,Sarganno,archimonde,192,hunter,beastmastery,6,2,4
14822,Naid,lordaeron,192,hunter,beastmastery,6,2,4
14823,Dola,archimonde,192,hunter,beastmastery,6,2,4
14824,Ancalarion,tarren-mill,192,hunter,beastmastery,6,2,4
14825,Wolfariana,chamber-of-aspects,192,hunter,beastmastery,6,2,4
14826,Ренектон,soulflayer,192,hunter,beastmastery,6,2,4
14827,Dahunter,blackmoore,192,hunter,beastmastery,6,2,4
14828,Скелус,soulflayer,192,hunter,beastmastery,6,2,4
14829,Bówyóurfácé,outland,192,hunter,beastmastery,6,2,4
14830,Bernhardoder,blackhand,192,hunter,beastmastery,6,2,4
14831,Zulldek,sanguino,192,hunter,beastmastery,6,2,4
14832,Генрах,soulflayer,192,hunter,beastmastery,6,2,4
14833,Anghron,minahonda,192,hunter,beastmastery,6,2,4
14834,Maeba,shendralar,192,hunter,beastmastery,6,2,4
14835,Korrekt,stormscale,192,hunter,beastmastery,6,2,4
14836,Deskö,shendralar,192,hunter,beastmastery,6,2,4
14837,Bradunov,sylvanas,192,hunter,beastmastery,6,2,4
14838,Mufassa,sinstralis,192,hunter,beastmastery,6,2,4
14839,Gunmeister,bronzebeard,192,hunter,beastmastery,6,2,4
14840,Jarran,karazhan,192,hunter,beastmastery,6,2,4
14841,Starkt,ragnaros,192,hunter,beastmastery,6,2,4
14842,Curtiss,sanguino,192,hunter,beastmastery,6,2,4
14843,Kabá,eredar,192,hunter,beastmastery,6,2,4
14844,Bojestemrudy,outland,192,hunter,beastmastery,6,2,4
14845,Кукито,goldrinn,192,hunter,beastmastery,6,2,4
14846,Robal,burning-legion,192,hunter,beastmastery,6,2,4
14847,Samodiva,twisting-nether,192,hunter,beastmastery,6,2,4
14848,Спелла,goldrinn,192,hunter,beastmastery,6,2,4
14849,Focùs,eredar,192,hunter,beastmastery,6,2,4
14850,Lágåta,outland,192,hunter,beastmastery,6,2,4
14851,Stronkbeast,kazzak,192,hunter,beastmastery,6,2,4
14852,Thecorruptor,skullcrusher,192,hunter,beastmastery,6,2,4
14853,Abraxan,twisting-nether,192,hunter,beastmastery,6,2,4
14854,Фэйсконтроль,azuregos,192,hunter,beastmastery,6,2,4
14855,Scatterinc,antonidas,192,hunter,beastmastery,6,2,4
14856,Xeragon,frostwolf,192,hunter,beastmastery,6,2,4
14857,Wildwingsebb,nazjatar,192,hunter,beastmastery,6,2,4
14858,Gukéx,stormscale,192,hunter,beastmastery,6,2,4
14859,Patrouifort,ysondre,192,hunter,beastmastery,6,2,4
14860,Aliyaan,twisting-nether,192,hunter,beastmastery,6,2,4
14861,Sylasteria,twisting-nether,192,hunter,beastmastery,6,2,4
14862,Жабра,gordunni,192,hunter,beastmastery,11,3,8
14863,Куджикс,soulflayer,192,hunter,beastmastery,19,4,15
14864,Swallowbaby,lothar,192,hunter,beastmastery,12,2,10
14865,Elja,laughing-skull,192,hunter,beastmastery,12,2,10
14866,Calesthas,tarren-mill,192,hunter,beastmastery,12,2,10
14867,Кронн,howling-fjord,192,hunter,beastmastery,12,2,10
14868,Biorson,silvermoon,192,hunter,beastmastery,12,2,10
14869,Schräubchen,antonidas,192,hunter,beastmastery,12,2,10
14870,Psailaa,azjolnerub,192,hunter,beastmastery,12,2,10
14871,Кертион,howling-fjord,192,hunter,beastmastery,12,2,10
14872,Waraëlle,dalaran,192,hunter,beastmastery,12,2,10
14873,Фомкалол,howling-fjord,192,hunter,beastmastery,12,2,10
14874,Pôîson,kazzak,192,hunter,beastmastery,12,2,10
14875,Talmïr,archimonde,192,hunter,beastmastery,12,2,10
14876,Hêndricks,eredar,192,hunter,beastmastery,12,2,10
14877,Jeddaj,stormscale,192,hunter,beastmastery,12,2,10
14878,Willýs,ysondre,192,hunter,beastmastery,12,2,10
14879,Korneatza,twisting-nether,192,hunter,beastmastery,12,2,10
14880,Slayman,kazzak,192,hunter,beastmastery,18,2,16
14881,Traknard,confrérie-du-thorium,191,hunter,beastmastery,6,2,4
14882,Сливочкии,goldrinn,191,hunter,beastmastery,6,2,4
14883,Charlet,archimonde,191,hunter,beastmastery,6,2,4
14884,Snehvit,bloodhoof,191,hunter,beastmastery,12,2,10
14885,Kizscamander,magtheridon,191,hunter,beastmastery,12,2,10
14886,Uab,dun-morogh,191,hunter,beastmastery,12,2,10
14887,Masarusan,eredar,175,hunter,beastmastery,11,2,9
14888,Eilosh,outland,160,hunter,beastmastery,10,2,8
14889,Rakmo,blackmoore,159,hunter,beastmastery,5,2,3
14890,Dolwen,argent-dawn,159,hunter,beastmastery,5,2,3
14891,Guna,aggra-português,159,hunter,beastmastery,5,2,3
14892,Phinox,sanguino,159,hunter,beastmastery,11,2,9
14893,Cadier,argent-dawn,144,hunter,beastmastery,3,3,0
14894,Enîgmatîke,archimonde,138,hunter,beastmastery,9,3,6
14895,Deathøfrats,ravencrest,128,hunter,beastmastery,4,2,2
14896,Elnazar,archimonde,128,hunter,beastmastery,4,2,2
14897,Иттириса,gordunni,128,hunter,beastmastery,4,2,2
14898,Heavenknøws,dun-modr,96,hunter,beastmastery,3,2,1
14899,Huntinger,twisting-nether,96,hunter,beastmastery,3,2,1
14900,Darkray,dalaran,96,hunter,beastmastery,6,1,5
14901,Hÿyrøk,ysondre,96,hunter,beastmastery,6,1,5
14902,Weafster,outland,96,hunter,beastmastery,6,1,5
14903,Exorbitant,blackrock,96,hunter,beastmastery,6,1,5
14904,Achiles,die-todeskrallen,96,hunter,beastmastery,6,1,5
14905,Gurkans,aggramar,96,hunter,beastmastery,6,1,5
14906,Dasmusdrückn,antonidas,96,hunter,beastmastery,6,1,5
14907,Idetylem,burning-legion,96,hunter,beastmastery,6,1,5
14908,Bobtroll,twisting-nether,96,hunter,beastmastery,6,1,5
14909,Grigur,dalaran,96,hunter,beastmastery,6,1,5
14910,Elfyhunter,outland,96,hunter,beastmastery,6,1,5
14911,Noxll,gorgonnash,96,hunter,beastmastery,6,1,5
14912,Buoma,kazzak,96,hunter,beastmastery,6,1,5
14913,Trollohunt,twisting-nether,96,hunter,beastmastery,6,1,5
14914,Nomorex,frostwhisper,96,hunter,beastmastery,6,1,5
14915,Sokrám,sanguino,96,hunter,beastmastery,6,1,5
14916,Auau,the-maelstrom,96,hunter,beastmastery,6,1,5
14917,Zurzok,blackrock,96,hunter,beastmastery,6,1,5
14918,Пиппиракон,soulflayer,96,hunter,beastmastery,6,1,5
14919,Zulô,rexxar,96,hunter,beastmastery,6,1,5
14920,Bloodking,madmortem,96,hunter,beastmastery,6,1,5
14921,Táráh,proudmoore,96,hunter,beastmastery,6,1,5
14922,Круперок,howling-fjord,96,hunter,beastmastery,6,1,5
14923,Jägerjokke,blackrock,96,hunter,beastmastery,6,1,5
14924,Foxhunt,turalyon,96,hunter,beastmastery,6,1,5
14925,Valiriz,blackmoore,96,hunter,beastmastery,6,1,5
14926,Jozsiur,ragnaros,96,hunter,beastmastery,6,1,5
14927,Pewpewcus,ravencrest,96,hunter,beastmastery,6,1,5
14928,Hairyplottér,kazzak,96,hunter,beastmastery,6,1,5
14929,Wórldz,dun-modr,96,hunter,beastmastery,6,1,5
14930,Rayana,garrosh,96,hunter,beastmastery,6,1,5
14931,Beastmaster,ragnaros,96,hunter,beastmastery,6,1,5
14932,Ichbringbier,blackrock,96,hunter,beastmastery,6,1,5
14933,Gramzy,blackmoore,96,hunter,beastmastery,6,1,5
14934,Hante,ravencrest,96,hunter,beastmastery,6,1,5
14935,Øô,blackrock,96,hunter,beastmastery,6,1,5
14936,Traptard,blackrock,96,hunter,beastmastery,6,1,5
14937,Nätzz,dun-modr,96,hunter,beastmastery,6,1,5
14938,Hechozar,kazzak,96,hunter,beastmastery,6,1,5
14939,Ðxlz,archimonde,96,hunter,beastmastery,6,1,5
14940,Baldazr,shadowsong,96,hunter,beastmastery,6,1,5
14941,Женистайл,howling-fjord,96,hunter,beastmastery,6,1,5
14942,Anun,magtheridon,96,hunter,beastmastery,6,1,5
14943,Runescimmy,twisting-nether,96,hunter,beastmastery,6,1,5
14944,Justchill,ravencrest,96,hunter,beastmastery,6,1,5
14945,Oou,auchindoun,96,hunter,beastmastery,6,1,5
14946,Betarayjinx,kazzak,96,hunter,beastmastery,6,1,5
14947,Odenssbest,silvermoon,96,hunter,beastmastery,6,1,5
14948,Hntudwn,azshara,96,hunter,beastmastery,6,1,5
14949,Bensoussan,archimonde,96,hunter,beastmastery,6,1,5
14950,Буреклык,gordunni,96,hunter,beastmastery,6,1,5
14951,Дочьпескова,gordunni,96,hunter,beastmastery,6,1,5
14952,Imahuntard,frostmane,96,hunter,beastmastery,6,1,5
14953,Zogzøg,draenor,96,hunter,beastmastery,6,1,5
14954,Chambiann,tarren-mill,96,hunter,beastmastery,6,1,5
14955,Jâyranger,ravencrest,96,hunter,beastmastery,6,1,5
14956,Platano,hyjal,96,hunter,beastmastery,6,1,5
14957,Derhùnethàl,hyjal,96,hunter,beastmastery,6,1,5
14958,Steez,hyjal,96,hunter,beastmastery,6,1,5
14959,Zergst,nathrezim,96,hunter,beastmastery,6,1,5
14960,Эннабонни,gordunni,96,hunter,beastmastery,6,1,5
14961,Drolarin,zuljin,96,hunter,beastmastery,6,1,5
14962,Teedfredd,tarren-mill,96,hunter,beastmastery,6,1,5
14963,Ventaric,pozzo-delleternità,96,hunter,beastmastery,6,1,5
14964,Zugzlug,tarren-mill,96,hunter,beastmastery,6,1,5
14965,Anhyzer,nemesis,96,hunter,beastmastery,6,1,5
14966,Hashaya,hyjal,96,hunter,beastmastery,6,1,5
14967,Fizí,stormscale,96,hunter,beastmastery,6,1,5
14968,Bobletty,tarren-mill,96,hunter,beastmastery,6,1,5
14969,Сочнаятурель,howling-fjord,96,hunter,beastmastery,6,1,5
14970,Nicoh,elune,96,hunter,beastmastery,6,1,5
14971,Thóorin,ravencrest,96,hunter,beastmastery,12,1,11
14972,Schmaikell,blackmoore,96,hunter,beastmastery,12,1,11
14973,Críted,blackmoore,96,hunter,beastmastery,12,1,11
14974,Сыньйорита,howling-fjord,96,hunter,beastmastery,12,1,11
14975,Tsyapka,tarren-mill,96,hunter,beastmastery,12,1,11
14976,Vandathien,stormrage,96,hunter,beastmastery,12,1,11
14977,Jamaro,dun-modr,96,hunter,beastmastery,12,1,11
14978,Johnnygnus,drakthul,96,hunter,beastmastery,12,1,11
14979,Milandria,antonidas,96,hunter,beastmastery,18,1,17
14980,Халфен,eversong,79,hunter,beastmastery,5,1,4
14981,Youngjinh,ravencrest,64,hunter,beastmastery,4,1,3
14982,Quiarà,elune,64,hunter,beastmastery,4,1,3
14983,Bmilfhunter,blackhand,64,hunter,beastmastery,4,1,3
14984,Yahamenistos,ysondre,64,hunter,beastmastery,4,1,3
14985,Illnysa,silvermoon,48,hunter,beastmastery,3,1,2
14986,Voldtzeig,dentarg,42,hunter,beastmastery,13,4,9
14987,Liscie,silvermoon,42,hunter,beastmastery,14,2,12
14988,Котюнечка,gordunni,31,hunter,beastmastery,2,1,1
14989,Martuk,aegwynn,31,hunter,beastmastery,2,1,1
14990,Ôrly,outland,31,hunter,beastmastery,2,1,1
14991,Ripulianneli,stormscale,31,hunter,beastmastery,2,1,1
14992,Random,sylvanas,16,hunter,beastmastery,1,1,0
14993,Gwaan,outland,9,hunter,beastmastery,6,2,4
14994,Aleç,ravencrest,1932,mage,arcane,60,31,29
14995,Aleteia,stormscale,1884,mage,arcane,70,36,34
14996,Choll,stormscale,1866,mage,arcane,30,20,10
14997,Tokerlol,stormscale,1863,mage,arcane,167,97,70
14998,Wàneís,ravencrest,1843,mage,arcane,78,38,40
14999,Castorcato,kazzak,1841,mage,arcane,60,34,26
15000,Boogeymanx,ravencrest,1822,mage,arcane,36,21,15
15001,Макотшельник,gordunni,1807,mage,arcane,24,19,5
15002,Belthesad,twisting-nether,1806,mage,arcane,62,42,20
15003,Фоулли,howling-fjord,1794,mage,arcane,54,28,26
15004,Ephreaym,stormscale,1787,mage,arcane,83,39,44
15005,Bebenm,archimonde,1762,mage,arcane,105,47,58
15006,Нефростмаг,gordunni,1756,mage,arcane,168,85,83
15007,Папущенный,soulflayer,1753,mage,arcane,61,33,28
15008,Obbjob,ravencrest,1748,mage,arcane,60,30,30
15009,Lemaroxd,draenor,1747,mage,arcane,53,29,24
15010,Burstology,kazzak,1734,mage,arcane,119,65,54
15011,Frostseeker,tarren-mill,1731,mage,arcane,54,30,24
15012,Cubis,archimonde,1729,mage,arcane,48,22,26
15013,Derett,stormscale,1725,mage,arcane,48,22,26
15014,Raíku,ravencrest,1723,mage,arcane,30,18,12
15015,Непутевыймаг,gordunni,1715,mage,arcane,24,23,1
15016,Mercem,stormscale,1711,mage,arcane,30,21,9
15017,Wracrz,argent-dawn,1704,mage,arcane,90,50,40
15018,Persi,dentarg,1702,mage,arcane,192,97,95
15019,Alustrasz,skullcrusher,1697,mage,arcane,100,57,43
15020,Shirrunn,the-maelstrom,1687,mage,arcane,38,19,19
15021,Dardíe,ravencrest,1681,mage,arcane,54,31,23
15022,Fearbeäch,ravencrest,1666,mage,arcane,52,25,27
15023,Сизаам,howling-fjord,1665,mage,arcane,35,20,15
15024,Dárdie,ravencrest,1662,mage,arcane,40,21,19
15025,Ecovation,tarren-mill,1659,mage,arcane,115,62,53
15026,Covran,stormscale,1650,mage,arcane,65,29,36
15027,Шттрвблнкт,soulflayer,1644,mage,arcane,83,41,42
15028,Magijoana,silvermoon,1629,mage,arcane,32,18,14
15029,Nvpk,blackrock,1628,mage,arcane,48,24,24
15030,Radagulf,outland,1628,mage,arcane,109,53,56
15031,Sérc,ravencrest,1626,mage,arcane,30,17,13
15032,Медивера,gordunni,1622,mage,arcane,24,17,7
15033,Sallesauruus,outland,1622,mage,arcane,72,34,38
15034,Orkamor,sylvanas,1622,mage,arcane,42,17,25
15035,Absie,tarren-mill,1603,mage,arcane,72,47,25
15036,Манкай,fordragon,1550,mage,arcane,183,99,84
15037,Димаскунфу,howling-fjord,1534,mage,arcane,46,18,28
15038,Uknowhowwedu,blackrock,1529,mage,arcane,24,16,8
15039,Magegôd,outland,1527,mage,arcane,30,16,14
15040,Poochmage,archimonde,1516,mage,arcane,66,31,35
15041,Nakamura,outland,1486,mage,arcane,344,171,173
15042,Samirra,stormscale,1485,mage,arcane,60,32,28
15043,Манаманна,gordunni,1484,mage,arcane,289,152,137
15044,Nelg,silvermoon,1478,mage,arcane,36,22,14
15045,Vxvfrowstxvx,jaedenar,1471,mage,arcane,30,17,13
15046,Waterhagx,tarren-mill,1462,mage,arcane,23,16,7
15047,Akâri,silvermoon,1450,mage,arcane,71,44,27
15048,Portal,scarshield-legion,1446,mage,arcane,48,27,21
15049,Magikere,tarren-mill,1445,mage,arcane,119,72,47
15050,Antaos,drakthul,1437,mage,arcane,42,25,17
15051,Tiqma,sylvanas,1434,mage,arcane,36,15,21
15052,Ogarcanefist,outland,1424,mage,arcane,69,35,34
15053,Ekron,sanguino,1417,mage,arcane,305,152,153
15054,Раканчик,gordunni,1406,mage,arcane,86,42,44
15055,Sukalamink,alonsus,1405,mage,arcane,48,22,26
15056,Trucy,eredar,1400,mage,arcane,150,72,78
15057,Lusionator,defias-brotherhood,1394,mage,arcane,54,31,23
15058,Azuredragon,tarren-mill,1388,mage,arcane,49,25,24
15059,Másterdukè,silvermoon,1387,mage,arcane,48,19,29
15060,Sapien,sanguino,1373,mage,arcane,64,27,37
15061,Barspin,lightnings-blade,1368,mage,arcane,102,54,48
15062,Весиал,deathguard,1346,mage,arcane,53,31,22
15063,Ðøæø,twisting-nether,1346,mage,arcane,93,46,47
15064,Tnhigh,blackrock,1343,mage,arcane,57,31,26
15065,Проблембойх,gordunni,1343,mage,arcane,30,14,16
15066,Рбгпотаскуха,gordunni,1337,mage,arcane,18,14,4
15067,Elor,eredar,1331,mage,arcane,33,17,16
15068,Diper,burning-legion,1328,mage,arcane,36,15,21
15069,Fadi,anachronos,1325,mage,arcane,30,14,16
15070,Krykz,sanguino,1310,mage,arcane,36,15,21
15071,Arkeus,turalyon,1305,mage,arcane,41,26,15
15072,Paradigma,sylvanas,1305,mage,arcane,30,14,16
15073,Nefrendel,kazzak,1299,mage,arcane,68,33,35
15074,Валбериса,deepholm,1298,mage,arcane,60,39,21
15075,Mäalaka,archimonde,1289,mage,arcane,42,16,26
15076,Pradapimp,ravencrest,1286,mage,arcane,32,15,17
15077,Nimdáá,stormscale,1286,mage,arcane,54,24,30
15078,Venchimage,silvermoon,1284,mage,arcane,62,26,36
15079,Nïo,ravencrest,1283,mage,arcane,104,44,60
15080,Tokyodes,twisting-nether,1262,mage,arcane,67,30,37
15081,Jhawkwizard,draenor,1259,mage,arcane,208,103,105
15082,Sadrã,kazzak,1247,mage,arcane,69,30,39
15083,Яшабурстх,blackscar,1246,mage,arcane,30,13,17
15084,Bananflickan,kazzak,1244,mage,arcane,84,49,35
15085,Нормалмап,soulflayer,1243,mage,arcane,54,21,33
15086,Meolchum,outland,1237,mage,arcane,45,22,23
15087,Nécrømage,confrérie-du-thorium,1235,mage,arcane,18,13,5
15088,Léa,rashgarroth,1235,mage,arcane,48,21,27
15089,Scaleeth,kazzak,1233,mage,arcane,30,13,17
15090,Leanboy,dun-modr,1231,mage,arcane,24,13,11
15091,Rezre,stormscale,1212,mage,arcane,54,28,26
15092,Kazeen,silvermoon,1211,mage,arcane,82,45,37
15093,Канеллис,howling-fjord,1197,mage,arcane,37,14,23
15094,Hruon,ravenholdt,1195,mage,arcane,30,14,16
15095,Ozdewish,hyjal,1183,mage,arcane,118,55,63
15096,Xiaomofashi,quelthalas,1166,mage,arcane,120,58,62
15097,Scaless,stormscale,1157,mage,arcane,52,19,33
15098,Demizboub,archimonde,1154,mage,arcane,168,85,83
15099,Knúbbz,ravencrest,1147,mage,arcane,36,12,24
15100,Noarcane,twisting-nether,1141,mage,arcane,78,44,34
15101,Gorn,ravencrest,1123,mage,arcane,36,21,15
15102,Vaelwin,argent-dawn,1116,mage,arcane,36,17,19
15103,Hardways,archimonde,1109,mage,arcane,153,67,86
15104,Sszz,ravencrest,1104,mage,arcane,102,53,49
15105,Burnqq,twisting-nether,1101,mage,arcane,77,37,40
15106,Astrryy,burning-legion,1096,mage,arcane,29,13,16
15107,Sulteaxion,garrosh,1085,mage,arcane,24,12,12
15108,Nelfchewer,ravencrest,1068,mage,arcane,23,12,11
15109,Fôôxy,aegwynn,1059,mage,arcane,36,16,20
15110,Angryalways,stormscale,1054,mage,arcane,18,11,7
15111,Roulettefar,kazzak,1038,mage,arcane,24,11,13
15112,Mylord,bronze-dragonflight,993,mage,arcane,53,21,32
15113,Iwannakissu,gorgonnash,992,mage,arcane,29,15,14
15114,Дантрий,gordunni,985,mage,arcane,30,16,14
15115,Кронни,razuvious,979,mage,arcane,23,11,12
15116,Roughfked,silvermoon,965,mage,arcane,47,27,20
15117,Banjó,twilights-hammer,959,mage,arcane,12,10,2
15118,Arcticfury,ravencrest,959,mage,arcane,18,10,8
15119,Magiwan,silvermoon,959,mage,arcane,30,10,20
15120,Иссэя,borean-tundra,954,mage,arcane,37,21,16
15121,Дырявка,galakrond,949,mage,arcane,30,10,20
15122,Plor,exodar,940,mage,arcane,20,11,9
15123,Zezt,tarren-mill,939,mage,arcane,30,10,20
15124,Frostdeath,medivh,906,mage,arcane,24,10,14
15125,Mannenye,stormscale,899,mage,arcane,30,11,19
15126,Исусина,borean-tundra,877,mage,arcane,23,11,12
15127,Вадимодесса,soulflayer,877,mage,arcane,61,28,33
15128,Uknowhowwedu,aegwynn,864,mage,arcane,12,9,3
15129,Fuhry,tarren-mill,864,mage,arcane,12,9,3
15130,Puni,emerald-dream,864,mage,arcane,12,9,3
15131,Letsa,stormscale,863,mage,arcane,12,9,3
15132,Gnarrly,tarren-mill,863,mage,arcane,15,9,6
15133,Bullegong,archimonde,863,mage,arcane,18,9,9
15134,Kobrass,spinebreaker,855,mage,arcane,30,9,21
15135,Kaevelin,argent-dawn,852,mage,arcane,24,9,15
15136,Merlïne,les-clairvoyants,838,mage,arcane,72,31,41
15137,Mageé,argent-dawn,807,mage,arcane,23,9,14
15138,Neséri,blackmoore,800,mage,arcane,22,9,13
15139,Сморгонец,gordunni,794,mage,arcane,20,10,10
15140,Zimbabweborc,burning-legion,768,mage,arcane,12,8,4
15141,Zehnvonzehn,antonidas,767,mage,arcane,18,8,10
15142,Даанрен,galakrond,767,mage,arcane,18,8,10
15143,Aloxigozal,shendralar,766,mage,arcane,12,8,4
15144,Wolftemper,ravencrest,766,mage,arcane,18,8,10
15145,Aeghis,darkspear,765,mage,arcane,18,8,10
15146,Angélique,ragnaros,763,mage,arcane,24,8,16
15147,Diaflash,silvermoon,752,mage,arcane,41,15,26
15148,Estelliên,burning-legion,719,mage,arcane,15,8,7
15149,Ímnotback,outland,718,mage,arcane,23,8,15
15150,Freshforces,ragnaros,703,mage,arcane,22,8,14
15151,Nelluc,turalyon,702,mage,arcane,14,8,6
15152,Pyroden,stormscale,700,mage,arcane,20,8,12
15153,Wanrltw,ragnaros,672,mage,arcane,12,7,5
15154,Jengele,argent-dawn,672,mage,arcane,12,7,5
15155,Млдбоярин,gordunni,672,mage,arcane,12,7,5
15156,Doryy,silvermoon,672,mage,arcane,12,7,5
15157,Pizwiz,kazzak,672,mage,arcane,16,8,8
15158,Nötmârtònxø,ragnaros,671,mage,arcane,12,7,5
15159,Adetin,tarren-mill,671,mage,arcane,12,7,5
15160,Hâplo,burning-legion,670,mage,arcane,12,7,5
15161,Thorstäin,ragnaros,670,mage,arcane,18,7,11
15162,Malshash,outland,668,mage,arcane,12,7,5
15163,Зухвала,howling-fjord,655,mage,arcane,29,8,21
15164,Brugg,antonidas,651,mage,arcane,18,7,11
15165,Pyllymake,kazzak,576,mage,arcane,12,6,6
15166,Spicymash,chogall,575,mage,arcane,12,6,6
15167,Tarovan,defias-brotherhood,575,mage,arcane,12,6,6
15168,Aod,chogall,575,mage,arcane,12,6,6
15169,Карраско,soulflayer,575,mage,arcane,12,6,6
15170,Apc,sylvanas,575,mage,arcane,12,6,6
15171,Sticlachivas,stormscale,575,mage,arcane,18,6,12
15172,ßjwercke,stormscale,575,mage,arcane,18,6,12
15173,Окости,howling-fjord,574,mage,arcane,12,6,6
15174,Sarjeta,grim-batol,572,mage,arcane,18,6,12
15175,Syltris,drakthul,567,mage,arcane,24,6,18
15176,Seraf,argent-dawn,496,mage,arcane,13,6,7
15177,Jayhó,outland,480,mage,arcane,6,5,1
15178,Rmnzr,blackrock,480,mage,arcane,6,5,1
15179,Tamtheone,frostwhisper,480,mage,arcane,6,5,1
15180,Aletheía,stormscale,480,mage,arcane,6,5,1
15181,Pwntt,terenas,480,mage,arcane,12,5,7
15182,Auchenax,argent-dawn,480,mage,arcane,12,5,7
15183,Vaerén,malganis,480,mage,arcane,12,5,7
15184,Barryscótt,stormscale,480,mage,arcane,12,5,7
15185,Médivh,archimonde,480,mage,arcane,12,5,7
15186,Magevnr,hyjal,480,mage,arcane,12,5,7
15187,Alarak,drakthul,480,mage,arcane,12,5,7
15188,Soulraider,tarren-mill,480,mage,arcane,12,5,7
15189,Jînexo,shattrath,480,mage,arcane,12,5,7
15190,Mðj,kazzak,480,mage,arcane,18,5,13
15191,Ледянойкекс,gordunni,480,mage,arcane,18,5,13
15192,Ewina,twisting-nether,479,mage,arcane,6,5,1
15193,Mortlol,chamber-of-aspects,479,mage,arcane,12,5,7
15194,Winterblues,frostmourne,479,mage,arcane,12,5,7
15195,Bogher,pozzo-delleternità,472,mage,arcane,12,5,7
15196,Hexmath,tarren-mill,384,mage,arcane,6,4,2
15197,Rizzlybear,outland,384,mage,arcane,6,4,2
15198,Бигдикмаг,soulflayer,384,mage,arcane,6,4,2
15199,Yunox,stormscale,384,mage,arcane,6,4,2
15200,Мглавечная,azuregos,384,mage,arcane,6,4,2
15201,Mysticbeard,argent-dawn,384,mage,arcane,6,4,2
15202,Arcann,ravencrest,384,mage,arcane,6,4,2
15203,Apollohouse,ravencrest,384,mage,arcane,6,4,2
15204,Uskomaaginen,ravencrest,384,mage,arcane,12,4,8
15205,Zoot,ravencrest,384,mage,arcane,12,4,8
15206,Uní,emerald-dream,384,mage,arcane,12,4,8
15207,Isralysa,ravencrest,384,mage,arcane,12,4,8
15208,Cysbb,arathi,384,mage,arcane,12,4,8
15209,Boogeyone,drakthul,384,mage,arcane,12,4,8
15210,Mupana,nagrand,384,mage,arcane,12,4,8
15211,Säga,the-venture-co,384,mage,arcane,18,4,14
15212,Reiggo,silvermoon,383,mage,arcane,6,4,2
15213,Mikaelà,blackmoore,383,mage,arcane,6,4,2
15214,Némmesis,zuljin,378,mage,arcane,12,4,8
15215,Bigshape,frostwolf,351,mage,arcane,11,4,7
15216,Roxolani,defias-brotherhood,303,mage,arcane,14,4,10
15217,Bmbiscuit,ravencrest,288,mage,arcane,6,3,3
15218,Radiantfury,outland,288,mage,arcane,6,3,3
15219,Æskalatîøn,blackmoore,288,mage,arcane,6,3,3
15220,Euphorie,twisting-nether,288,mage,arcane,6,3,3
15221,Dcolon,tarren-mill,288,mage,arcane,6,3,3
15222,Hachiro,onyxia,288,mage,arcane,6,3,3
15223,Purrpl,twisting-nether,288,mage,arcane,6,3,3
15224,Deadtedd,twisting-nether,288,mage,arcane,6,3,3
15225,Khoshgele,draenor,288,mage,arcane,6,3,3
15226,Råståfåri,uldum,288,mage,arcane,6,3,3
15227,Brokenlegman,defias-brotherhood,288,mage,arcane,6,3,3
15228,Mylanq,ragnaros,288,mage,arcane,6,3,3
15229,Onlymage,outland,288,mage,arcane,6,3,3
15230,Seyece,silvermoon,288,mage,arcane,6,3,3
15231,Choise,stormscale,288,mage,arcane,6,3,3
15232,Колдрагос,gordunni,288,mage,arcane,6,3,3
15233,Ovrpwrdxd,kazzak,288,mage,arcane,6,3,3
15234,Astroknight,silvermoon,288,mage,arcane,6,3,3
15235,Gagaj,ravencrest,288,mage,arcane,6,3,3
15236,Мактай,gordunni,288,mage,arcane,6,3,3
15237,Aristarco,outland,288,mage,arcane,6,3,3
15238,Inaruy,hyjal,288,mage,arcane,6,3,3
15239,Kyrn,zuljin,288,mage,arcane,6,3,3
15240,Serctheone,ravencrest,288,mage,arcane,9,4,5
15241,Хблэйз,howling-fjord,288,mage,arcane,12,3,9
15242,Kudakto,ravencrest,288,mage,arcane,12,3,9
15243,Magitis,blackhand,288,mage,arcane,12,3,9
15244,Superduck,ragnaros,288,mage,arcane,12,3,9
15245,Магборода,soulflayer,287,mage,arcane,6,3,3
15246,Burnem,kult-der-verdammten,287,mage,arcane,6,3,3
15247,Arcadua,sanguino,287,mage,arcane,6,3,3
15248,Leil,die-todeskrallen,287,mage,arcane,12,3,9
15249,Kasus,sporeggar,286,mage,arcane,6,3,3
15250,Sparrowixx,turalyon,254,mage,arcane,8,4,4
15251,Naween,hyjal,239,mage,arcane,5,3,2
15252,Arimila,sylvanas,192,mage,arcane,6,2,4
15253,Noxkin,stormscale,192,mage,arcane,6,2,4
15254,Shiranize,aegwynn,192,mage,arcane,6,2,4
15255,Phyzed,archimonde,192,mage,arcane,6,2,4
15256,Зерагуд,eversong,192,mage,arcane,6,2,4
15257,Kuhwar,echsenkessel,192,mage,arcane,6,2,4
15258,Ãshs,archimonde,192,mage,arcane,6,2,4
15259,Kold,stormscale,192,mage,arcane,6,2,4
15260,Миднаит,gordunni,192,mage,arcane,6,2,4
15261,Леракобольд,gordunni,192,mage,arcane,6,2,4
15262,Галадриелька,gordunni,192,mage,arcane,6,2,4
15263,Ryûblast,archimonde,192,mage,arcane,6,2,4
15264,Rommelo,ravencrest,192,mage,arcane,6,2,4
15265,Sheeptowin,thrall,192,mage,arcane,6,2,4
15266,Imbatto,quelthalas,192,mage,arcane,6,2,4
15267,Линклер,fordragon,192,mage,arcane,6,2,4
15268,Schøkø,eredar,192,mage,arcane,6,2,4
15269,Kjh,twisting-nether,192,mage,arcane,6,2,4
15270,Nerzzhul,burning-legion,192,mage,arcane,6,2,4
15271,Baravar,blackrock,192,mage,arcane,6,2,4
15272,Versachi,neptulon,192,mage,arcane,6,2,4
15273,Naomypayton,tarren-mill,192,mage,arcane,6,2,4
15274,Drinte,blackmoore,192,mage,arcane,6,2,4
15275,Shockólot,outland,192,mage,arcane,6,2,4
15276,Teeclis,twisting-nether,192,mage,arcane,6,2,4
15277,Azoru,twisting-nether,192,mage,arcane,6,2,4
15278,Kbd,outland,192,mage,arcane,6,2,4
15279,Æones,kult-der-verdammten,192,mage,arcane,12,2,10
15280,Chimará,eredar,192,mage,arcane,12,2,10
15281,Smlx,outland,192,mage,arcane,12,2,10
15282,Veveroiu,defias-brotherhood,191,mage,arcane,6,2,4
15283,Roslinda,outland,191,mage,arcane,6,2,4
15284,Magse,kirin-tor,191,mage,arcane,6,2,4
15285,Icx,tarren-mill,191,mage,arcane,6,2,4
15286,Anderl,kirin-tor,191,mage,arcane,12,2,10
15287,Jamzymage,emerald-dream,96,mage,arcane,3,2,1
15288,Thelastmage,outland,96,mage,arcane,6,1,5
15289,Døomey,ravencrest,96,mage,arcane,6,1,5
15290,Moosemæn,stormscale,96,mage,arcane,6,1,5
15291,Azakadabra,ysondre,96,mage,arcane,6,1,5
15292,Sorrow,outland,96,mage,arcane,6,1,5
15293,Animaze,argent-dawn,96,mage,arcane,6,1,5
15294,Sidildur,ravencrest,96,mage,arcane,6,1,5
15295,Yungbambix,twisting-nether,96,mage,arcane,6,1,5
15296,Hólmess,silvermoon,96,mage,arcane,6,1,5
15297,Мерац,howling-fjord,96,mage,arcane,6,1,5
15298,Nohbrain,blackmoore,96,mage,arcane,6,1,5
15299,Старкскрим,gordunni,96,mage,arcane,6,1,5
15300,Zerøsílgødx,antonidas,96,mage,arcane,6,1,5
15301,Souldemon,burning-legion,96,mage,arcane,6,1,5
15302,Шпексх,soulflayer,96,mage,arcane,6,1,5
15303,Саназэр,soulflayer,96,mage,arcane,6,1,5
15304,Magicpowers,silvermoon,96,mage,arcane,12,1,11
15305,Buttet,blackmoore,96,mage,arcane,12,1,11
15306,Манднесс,azuregos,79,mage,arcane,11,1,10
15307,Vinlimar,drakthul,64,mage,arcane,4,1,3
15308,Jíncks,draenor,2104,mage,fire,65,38,27
15309,Slôw,kazzak,2089,mage,fire,59,38,21
15310,Gelußaßa,ravencrest,2076,mage,fire,77,42,35
15311,Диссоциация,greymane,2073,mage,fire,77,46,31
15312,Thegoodoctor,kazzak,2072,mage,fire,198,103,95
15313,Håtsu,ravencrest,2060,mage,fire,78,39,39
15314,Ráìkù,ravencrest,2021,mage,fire,60,32,28
15315,Яшабурстх,blackscar,1986,mage,fire,119,63,56
15316,Dazz,ravencrest,1980,mage,fire,120,62,58
15317,Реордиан,gordunni,1975,mage,fire,86,38,48
15318,Шипми,gordunni,1957,mage,fire,108,57,51
15319,Ygø,hyjal,1940,mage,fire,204,104,100
15320,Twizzkek,silvermoon,1939,mage,fire,136,64,72
15321,Рофкастер,gordunni,1929,mage,fire,113,53,60
15322,Tommy,laughing-skull,1928,mage,fire,60,34,26
15323,Rizzlybear,outland,1918,mage,fire,75,35,40
15324,Laynerz,kazzak,1917,mage,fire,27,21,6
15325,Milkenjoyer,ravencrest,1906,mage,fire,47,30,17
15326,Mssilvy,sylvanas,1901,mage,fire,216,118,98
15327,Urkela,sylvanas,1893,mage,fire,114,64,50
15328,Hatsu,kazzak,1884,mage,fire,60,32,28
15329,Uknowhowwedu,aegwynn,1879,mage,fire,36,20,16
15330,Altraftw,archimonde,1871,mage,fire,77,52,25
15331,Smlx,outland,1868,mage,fire,72,39,33
15332,Cornfloax,ravencrest,1865,mage,fire,42,27,15
15333,Uniquenoodle,alakir,1857,mage,fire,72,34,38
15334,Excuséme,ravencrest,1851,mage,fire,51,27,24
15335,Frøstqt,ravencrest,1851,mage,fire,65,30,35
15336,Dardie,ravencrest,1849,mage,fire,48,30,18
15337,Hazewrld,ravencrest,1848,mage,fire,132,62,70
15338,Lotharie,aegwynn,1847,mage,fire,36,23,13
15339,Tiáno,drakthul,1845,mage,fire,72,36,36
15340,Spelltastíc,blackmoore,1844,mage,fire,54,34,20
15341,Wàneís,ravencrest,1831,mage,fire,40,25,15
15342,Archíques,kazzak,1831,mage,fire,46,24,22
15343,Zzpf,silvermoon,1831,mage,fire,72,37,35
15344,Wizzárd,ravencrest,1830,mage,fire,48,23,25
15345,Cörnflekz,stormscale,1829,mage,fire,50,30,20
15346,Síckmode,khadgar,1823,mage,fire,60,36,24
15347,Твейзи,blackscar,1823,mage,fire,40,24,16
15348,Evohz,stormscale,1822,mage,fire,66,33,33
15349,Nøw,kazzak,1816,mage,fire,48,29,19
15350,Hiryú,kazzak,1815,mage,fire,30,20,10
15351,Elmaestró,aegwynn,1815,mage,fire,48,30,18
15352,Прауз,soulflayer,1814,mage,fire,67,33,34
15353,Bigkent,stormscale,1814,mage,fire,62,27,35
15354,Djflashz,archimonde,1813,mage,fire,52,27,25
15355,Nihilvm,dalaran,1812,mage,fire,46,26,20
15356,Jirt,stormscale,1809,mage,fire,59,35,24
15357,Cienaños,outland,1807,mage,fire,102,59,43
15358,Файрус,soulflayer,1806,mage,fire,48,26,22
15359,Divey,draenor,1805,mage,fire,304,166,138
15360,Medivqt,ragnaros,1792,mage,fire,42,33,9
15361,Hey,khazgoroth,1783,mage,fire,71,41,30
15362,Ввнд,galakrond,1782,mage,fire,36,21,15
15363,Nøw,ravencrest,1779,mage,fire,69,35,34
15364,Reyown,archimonde,1777,mage,fire,54,40,14
15365,Isenhour,frostmane,1776,mage,fire,180,89,91
15366,Ширм,blackscar,1774,mage,fire,42,22,20
15367,Dxdxdxdxdx,drakthul,1772,mage,fire,54,32,22
15368,Ðevlqt,blackmoore,1771,mage,fire,48,30,18
15369,Hólmess,silvermoon,1761,mage,fire,96,46,50
15370,Choll,stormscale,1760,mage,fire,54,29,25
15371,Sanjoop,tarren-mill,1756,mage,fire,48,25,23
15372,Arcticfury,ravencrest,1753,mage,fire,36,22,14
15373,Libre,stormscale,1753,mage,fire,201,108,93
15374,Ókamí,ravencrest,1752,mage,fire,133,67,66
15375,Frozentwink,kul-tiras,1749,mage,fire,58,29,29
15376,Dizzy,ahnqiraj,1743,mage,fire,131,61,70
15377,Гекомория,fordragon,1736,mage,fire,65,26,39
15378,Авгурей,howling-fjord,1735,mage,fire,130,65,65
15379,Достижений,soulflayer,1733,mage,fire,66,30,36
15380,Asterixus,sylvanas,1728,mage,fire,72,44,28
15381,Cesi,silvermoon,1728,mage,fire,60,26,34
15382,Hooksclay,archimonde,1725,mage,fire,54,30,24
15383,Wenant,ravencrest,1720,mage,fire,48,22,26
15384,Skrex,blackrock,1710,mage,fire,233,127,106
15385,Siérra,outland,1708,mage,fire,119,70,49
15386,Rekzaop,ravencrest,1700,mage,fire,28,19,9
15387,Underscore,outland,1698,mage,fire,73,38,35
15388,Fuego,sylvanas,1689,mage,fire,79,43,36
15389,Auchenax,argent-dawn,1686,mage,fire,40,25,15
15390,Jumpfanqt,stormscale,1685,mage,fire,30,23,7
15391,Naps,argent-dawn,1685,mage,fire,104,61,43
15392,Nùts,archimonde,1681,mage,fire,48,23,25
15393,Aryasa,silvermoon,1676,mage,fire,30,18,12
15394,Spelltastìc,blackmoore,1675,mage,fire,36,18,18
15395,Аквамэрис,gordunni,1658,mage,fire,36,21,15
15396,Møøk,magtheridon,1654,mage,fire,30,19,11
15397,Skylezy,blackrock,1654,mage,fire,35,18,17
15398,Magão,frostmane,1650,mage,fire,42,23,19
15399,Magethings,kazzak,1649,mage,fire,72,40,32
15400,Consquens,aszune,1648,mage,fire,42,25,17
15401,Isildurone,ragnaros,1648,mage,fire,44,24,20
15402,Itrius,tarren-mill,1647,mage,fire,60,29,31
15403,Quentin,grim-batol,1646,mage,fire,80,42,38
15404,Elldiamage,draenor,1639,mage,fire,41,23,18
15405,Macheat,kazzak,1639,mage,fire,66,35,31
15406,Magenerfed,archimonde,1637,mage,fire,42,21,21
15407,Lemaroxd,draenor,1633,mage,fire,39,22,17
15408,Mikefires,blackrock,1630,mage,fire,32,21,11
15409,Fuhrem,blackrock,1630,mage,fire,36,23,13
15410,Ayken,burning-legion,1628,mage,fire,42,26,16
15411,Cheerió,aggramar,1627,mage,fire,167,91,76
15412,Råståfåri,uldum,1627,mage,fire,87,47,40
15413,Ênizt,archimonde,1626,mage,fire,58,34,24
15414,Roxxis,kazzak,1625,mage,fire,30,17,13
15415,Nocturnes,sylvanas,1624,mage,fire,43,21,22
15416,Radiantfury,outland,1623,mage,fire,82,38,44
15417,Âcryz,blackrock,1623,mage,fire,47,21,26
15418,Игрдлпдров,gordunni,1621,mage,fire,163,91,72
15419,Evovar,silvermoon,1621,mage,fire,40,18,22
15420,Vulcanô,sanguino,1619,mage,fire,66,32,34
15421,Lilblinks,silvermoon,1616,mage,fire,126,67,59
15422,Акиххабара,gordunni,1610,mage,fire,24,18,6
15423,Enandia,darksorrow,1608,mage,fire,92,48,44
15424,Insaneex,aegwynn,1607,mage,fire,36,20,16
15425,Obbjob,ravencrest,1607,mage,fire,108,54,54
15426,Sheepmeepbip,ravencrest,1605,mage,fire,106,47,59
15427,Whats,korgall,1602,mage,fire,112,61,51
15428,Айслэнц,howling-fjord,1602,mage,fire,42,21,21
15429,Htwhy,kazzak,1601,mage,fire,159,82,77
15430,Doonii,ragnaros,1596,mage,fire,47,20,27
15431,Миднаит,gordunni,1588,mage,fire,54,33,21
15432,Вовзон,howling-fjord,1587,mage,fire,53,26,27
15433,Texmexguden,tarren-mill,1583,mage,fire,54,28,26
15434,Witak,ysondre,1581,mage,fire,106,52,54
15435,Shahnoza,thrall,1580,mage,fire,30,17,13
15436,Czd,outland,1580,mage,fire,83,31,52
15437,Firedeáth,kazzak,1577,mage,fire,64,36,28
15438,Symera,dun-modr,1575,mage,fire,36,20,16
15439,Zíru,outland,1572,mage,fire,63,32,31
15440,Stoychav,outland,1572,mage,fire,96,48,48
15441,Dantiqa,ravencrest,1564,mage,fire,286,145,141
15442,Двинск,soulflayer,1558,mage,fire,66,28,38
15443,Hardtimes,blackhand,1556,mage,fire,74,38,36
15444,Pyrobomb,sylvanas,1547,mage,fire,48,22,26
15445,Terlon,ragnaros,1546,mage,fire,66,38,28
15446,Whócárés,dragonmaw,1546,mage,fire,30,17,13
15447,Babidi,nemesis,1544,mage,fire,42,23,19
15448,Triplesevenx,silvermoon,1544,mage,fire,144,76,68
15449,Aimaniac,stormscale,1542,mage,fire,164,92,72
15450,Belled,silvermoon,1541,mage,fire,42,27,15
15451,Гнилоглазка,howling-fjord,1536,mage,fire,107,58,49
15452,Gagaj,ravencrest,1534,mage,fire,42,20,22
15453,Твейдей,blackscar,1533,mage,fire,30,16,14
15454,Calientay,ragnaros,1533,mage,fire,54,27,27
15455,Бингчилинг,howling-fjord,1532,mage,fire,42,21,21
15456,Фоулли,howling-fjord,1526,mage,fire,30,16,14
15457,Camiina,shattered-hand,1526,mage,fire,143,76,67
15458,Prácticemàge,archimonde,1524,mage,fire,24,16,8
15459,Аквамелис,gordunni,1522,mage,fire,84,36,48
15460,Hexmath,tarren-mill,1518,mage,fire,53,30,23
15461,Tomia,burning-legion,1517,mage,fire,42,22,20
15462,Flypz,stormscale,1516,mage,fire,54,35,19
15463,Hil,blackrock,1516,mage,fire,30,19,11
15464,Caesarclown,silvermoon,1514,mage,fire,192,111,81
15465,Utarii,deathwing,1513,mage,fire,48,25,23
15466,Emoden,silvermoon,1506,mage,fire,36,17,19
15467,Экзорсус,goldrinn,1504,mage,fire,146,73,73
15468,Аластормаг,deathweaver,1498,mage,fire,78,42,36
15469,Goomba,tarren-mill,1493,mage,fire,53,18,35
15470,Petar,tarren-mill,1490,mage,fire,127,62,65
15471,Insanewizard,kazzak,1480,mage,fire,59,30,29
15472,Elesios,blackmoore,1480,mage,fire,66,32,34
15473,Thughunterqt,silvermoon,1474,mage,fire,177,89,88
15474,Ghalanz,ravencrest,1474,mage,fire,141,70,71
15475,Мозифорест,gordunni,1474,mage,fire,78,37,41
15476,Robowhoore,silvermoon,1469,mage,fire,42,24,18
15477,Aronnax,ravencrest,1466,mage,fire,40,18,22
15478,Soxlol,sylvanas,1463,mage,fire,29,16,13
15479,Barbeuqx,garona,1460,mage,fire,41,22,19
15480,Aikamie,draenor,1456,mage,fire,77,40,37
15481,Anthrex,drakthul,1456,mage,fire,66,27,39
15482,Imtrynasheep,kazzak,1455,mage,fire,30,18,12
15483,Razrkh,ragnaros,1448,mage,fire,72,39,33
15484,Eddiee,outland,1444,mage,fire,30,17,13
15485,Carinuz,blackmoore,1444,mage,fire,61,26,35
15486,Secretagent,aegwynn,1439,mage,fire,66,37,29
15487,Mäalaka,archimonde,1439,mage,fire,54,29,25
15488,Intz,twisting-nether,1438,mage,fire,45,18,27
15489,Wenndrid,draenor,1434,mage,fire,176,95,81
15490,Колдрагос,gordunni,1433,mage,fire,62,29,33
15491,Wheí,ravencrest,1432,mage,fire,24,15,9
15492,Дрраго,greymane,1432,mage,fire,119,60,59
15493,Mieria,argent-dawn,1432,mage,fire,48,24,24
15494,Yshax,malganis,1430,mage,fire,85,35,50
15495,Gnomag,argent-dawn,1429,mage,fire,113,56,57
15496,Lokilus,dalaran,1428,mage,fire,72,40,32
15497,Neird,sinstralis,1428,mage,fire,72,38,34
15498,Plætinum,ravencrest,1427,mage,fire,110,55,55
15499,Fireblood,runetotem,1426,mage,fire,36,15,21
15500,Baxeraa,draenor,1425,mage,fire,73,41,32
15501,Shizzy,onyxia,1423,mage,fire,57,30,27
15502,Bònk,sylvanas,1423,mage,fire,36,17,19
15503,Töframaður,draenor,1422,mage,fire,60,36,24
15504,Chucknoir,draenor,1420,mage,fire,30,16,14
15505,Rayniß,blackmoore,1419,mage,fire,72,34,38
15506,Tûttifrutti,ravencrest,1413,mage,fire,60,28,32
15507,Kappotjeplif,ravencrest,1404,mage,fire,114,60,54
15508,Apócalyptic,tarren-mill,1393,mage,fire,141,70,71
15509,Liendri,aegwynn,1392,mage,fire,36,17,19
15510,Zazatorica,tarren-mill,1390,mage,fire,94,49,45
15511,Ледянойкекс,gordunni,1390,mage,fire,52,26,26
15512,Gaárá,stormscale,1388,mage,fire,156,71,85
15513,Fortian,boulderfist,1384,mage,fire,24,15,9
15514,Frostytutes,ragnaros,1382,mage,fire,72,39,33
15515,Akâri,silvermoon,1380,mage,fire,30,15,15
15516,Calegos,twisting-nether,1378,mage,fire,48,25,23
15517,Линклер,fordragon,1374,mage,fire,24,15,9
15518,Noviina,argent-dawn,1372,mage,fire,56,30,26
15519,Zéngã,kazzak,1372,mage,fire,49,24,25
15520,Bloodycast,archimonde,1370,mage,fire,46,19,27
15521,Atixx,aegwynn,1369,mage,fire,48,20,28
15522,Glïder,archimonde,1366,mage,fire,47,22,25
15523,Vzrmage,antonidas,1366,mage,fire,126,54,72
15524,Zensheep,silvermoon,1364,mage,fire,30,15,15
15525,Rilac,nordrassil,1364,mage,fire,36,16,20
15526,Tiltedpapi,ravencrest,1348,mage,fire,47,20,27
15527,Bobbasor,defias-brotherhood,1345,mage,fire,68,33,35
15528,Titarie,ravencrest,1343,mage,fire,30,14,16
15529,Pisini,tarren-mill,1342,mage,fire,30,14,16
15530,Mons,the-venture-co,1341,mage,fire,130,62,68
15531,Freeyourmind,kazzak,1341,mage,fire,50,23,27
15532,Zestrax,kazzak,1339,mage,fire,42,29,13
15533,Feuererdnuss,blackhand,1338,mage,fire,42,24,18
15534,Mauvé,blades-edge,1338,mage,fire,59,33,26
15535,Нереварин,soulflayer,1338,mage,fire,27,15,12
15536,Aulny,kaelthas,1338,mage,fire,64,28,36
15537,Stylaaz,twisting-nether,1337,mage,fire,59,31,28
15538,Reqwyz,ragnaros,1337,mage,fire,32,16,16
15539,Magnobi,sanguino,1334,mage,fire,24,14,10
15540,Быкуня,gordunni,1328,mage,fire,48,28,20
15541,Sukalamink,alonsus,1328,mage,fire,42,22,20
15542,Rewq,twisting-nether,1326,mage,fire,24,14,10
15543,Fenrirson,drakthul,1326,mage,fire,121,65,56
15544,Wankel,blackmoore,1325,mage,fire,60,28,32
15545,Magicalmig,draenor,1323,mage,fire,126,75,51
15546,Darríck,argent-dawn,1323,mage,fire,41,16,25
15547,Рифтиг,howling-fjord,1322,mage,fire,95,43,52
15548,Momomagic,silvermoon,1318,mage,fire,64,31,33
15549,Wizmec,silvermoon,1317,mage,fire,171,83,88
15550,Cinoox,blackrock,1316,mage,fire,84,46,38
15551,Деозар,eversong,1316,mage,fire,198,95,103
15552,Quiwi,dun-modr,1313,mage,fire,33,24,9
15553,Magicuze,argent-dawn,1313,mage,fire,48,20,28
15554,Skarxaa,sanguino,1312,mage,fire,74,34,40
15555,Manvo,bloodscalp,1310,mage,fire,102,52,50
15556,Jaídy,aegwynn,1308,mage,fire,46,21,25
15557,Fiveboyjr,tarren-mill,1302,mage,fire,54,29,25
15558,Sonofdragon,frostwolf,1301,mage,fire,24,14,10
15559,Ziscine,tarren-mill,1297,mage,fire,51,23,28
15560,Rockyballboa,silvermoon,1292,mage,fire,30,15,15
15561,Аваон,deathguard,1289,mage,fire,136,67,69
15562,Hahahehe,aegwynn,1288,mage,fire,45,24,21
15563,Mëgu,silvermoon,1286,mage,fire,293,148,145
15564,Эстерленс,gordunni,1285,mage,fire,40,26,14
15565,Bclaudiu,terokkar,1285,mage,fire,50,22,28
15566,Maggresive,sylvanas,1284,mage,fire,36,16,20
15567,Magmarro,burning-legion,1276,mage,fire,89,43,46
15568,Pewwpewwpeww,doomhammer,1276,mage,fire,71,33,38
15569,Sylvîe,tarren-mill,1275,mage,fire,47,19,28
15570,Isiah,kaelthas,1267,mage,fire,32,17,15
15571,Cyrîll,malygos,1263,mage,fire,133,75,58
15572,Kuríbo,gorgonnash,1262,mage,fire,33,19,14
15573,Greey,blackhand,1258,mage,fire,30,15,15
15574,Varenca,blackrock,1256,mage,fire,75,35,40
15575,Фрозитв,blackscar,1247,mage,fire,18,13,5
15576,Larmp,outland,1245,mage,fire,24,13,11
15577,Yanir,die-arguswacht,1245,mage,fire,24,13,11
15578,Haxyo,twisting-nether,1244,mage,fire,18,13,5
15579,Johnnydeepp,archimonde,1244,mage,fire,18,13,5
15580,Romethito,dun-modr,1240,mage,fire,42,27,15
15581,Zivac,kazzak,1240,mage,fire,24,13,11
15582,Grandbasile,hyjal,1235,mage,fire,42,13,29
15583,Pandathis,frostwolf,1233,mage,fire,18,13,5
15584,Elcølgaø,sanguino,1233,mage,fire,30,13,17
15585,Вселениум,razuvious,1232,mage,fire,63,32,31
15586,Смилер,gordunni,1231,mage,fire,24,13,11
15587,Tokerlol,stormscale,1231,mage,fire,27,13,14
15588,Faunas,kazzak,1230,mage,fire,46,27,19
15589,Estelliên,burning-legion,1229,mage,fire,30,13,17
15590,Warwizz,sanguino,1226,mage,fire,24,13,11
15591,Silatara,twisting-nether,1223,mage,fire,24,13,11
15592,Ryzea,ravencrest,1223,mage,fire,53,23,30
15593,Ràyden,khaz-modan,1219,mage,fire,36,18,18
15594,Айсбоунт,eversong,1218,mage,fire,42,16,26
15595,Røvso,ragnaros,1216,mage,fire,36,13,23
15596,Fingolfin,amanthul,1213,mage,fire,255,119,136
15597,Nuvx,ravencrest,1212,mage,fire,72,39,33
15598,Yatsune,defias-brotherhood,1205,mage,fire,18,13,5
15599,Джеззабэль,ashenvale,1204,mage,fire,24,15,9
15600,Immortanjoe,thrall,1203,mage,fire,54,24,30
15601,Wîtchcurse,dentarg,1197,mage,fire,36,15,21
15602,Rictue,silvermoon,1195,mage,fire,31,16,15
15603,Anshara,stormscale,1193,mage,fire,66,39,27
15604,Critr,sylvanas,1188,mage,fire,128,66,62
15605,Critzeklein,antonidas,1184,mage,fire,42,16,26
15606,Bonto,tarren-mill,1182,mage,fire,52,23,29
15607,Dobbite,archimonde,1178,mage,fire,30,21,9
15608,Athenå,dalaran,1176,mage,fire,48,21,27
15609,Kickyaa,twisting-nether,1175,mage,fire,31,14,17
15610,Blitzo,madmortem,1174,mage,fire,53,29,24
15611,Darkoftw,ysondre,1166,mage,fire,25,13,12
15612,Dóncójones,blackrock,1166,mage,fire,95,42,53
15613,Gerdâ,chants-éternels,1154,mage,fire,72,38,34
15614,Slashkiiss,archimonde,1152,mage,fire,65,33,32
15615,Nilitar,kazzak,1152,mage,fire,24,12,12
15616,Kaki,stormscale,1150,mage,fire,36,19,17
15617,Azulêera,archimonde,1149,mage,fire,24,12,12
15618,Wizarð,archimonde,1149,mage,fire,29,13,16
15619,Demensida,ravencrest,1145,mage,fire,28,13,15
15620,Büyübaba,twisting-nether,1145,mage,fire,30,12,18
15621,Avakadaver,draenor,1143,mage,fire,24,12,12
15622,Revanov,outland,1142,mage,fire,18,12,6
15623,Themagicguy,silvermoon,1140,mage,fire,24,12,12
15624,Skitsó,shadowsong,1139,mage,fire,48,29,19
15625,Fäust,drakthul,1136,mage,fire,52,16,36
15626,Darkice,sanguino,1133,mage,fire,24,12,12
15627,Асидочка,soulflayer,1118,mage,fire,86,41,45
15628,Lybazinga,frostmane,1118,mage,fire,37,16,21
15629,Дмблдр,soulflayer,1116,mage,fire,33,14,19
15630,Searchy,blackhand,1114,mage,fire,93,46,47
15631,Rapidfrost,drakthul,1104,mage,fire,34,21,13
15632,Worstlove,blackrock,1099,mage,fire,44,23,21
15633,Drunkpunk,kazzak,1098,mage,fire,42,24,18
15634,Nezousta,sinstralis,1094,mage,fire,24,12,12
15635,Скиллао,gordunni,1086,mage,fire,29,13,16
15636,Kjh,twisting-nether,1084,mage,fire,20,12,8
15637,Fritmckhaine,archimonde,1084,mage,fire,66,35,31
15638,Leontus,outland,1072,mage,fire,18,12,6
15639,Gorleg,draenor,1072,mage,fire,47,17,30
15640,Newtwo,ravencrest,1070,mage,fire,25,12,13
15641,Ilikesheep,blackmoore,1056,mage,fire,18,11,7
15642,Uknowhowwedu,blackrock,1056,mage,fire,24,11,13
15643,Mowns,ravencrest,1056,mage,fire,24,11,13
15644,Sleepingfate,stormscale,1055,mage,fire,18,11,7
15645,Covran,stormscale,1055,mage,fire,24,11,13
15646,Anisovsky,archimonde,1055,mage,fire,24,11,13
15647,Мизерун,deathguard,1053,mage,fire,79,33,46
15648,Pluggis,the-maelstrom,1051,mage,fire,24,11,13
15649,Калихор,gordunni,1051,mage,fire,24,11,13
15650,Laetitiah,archimonde,1042,mage,fire,26,11,15
15651,Mikaelà,blackmoore,1040,mage,fire,18,11,7
15652,Larah,les-clairvoyants,1038,mage,fire,18,11,7
15653,Dyx,nemesis,1036,mage,fire,89,42,47
15654,Самза,howling-fjord,1032,mage,fire,18,11,7
15655,Nohbrain,blackmoore,1031,mage,fire,33,11,22
15656,Rmforever,archimonde,1029,mage,fire,36,18,18
15657,Icx,tarren-mill,1021,mage,fire,108,56,52
15658,Freezeballs,blackmoore,1017,mage,fire,37,12,25
15659,Pablø,blackrock,1014,mage,fire,31,15,16
15660,Devilpain,zuluhed,1001,mage,fire,24,11,13
15661,Зубарол,gordunni,984,mage,fire,49,24,25
15662,Sukmikok,twisting-nether,960,mage,fire,12,10,2
15663,Drè,daggerspine,959,mage,fire,18,10,8
15664,Барсуктри,deathguard,959,mage,fire,24,10,14
15665,Magijoana,silvermoon,959,mage,fire,36,10,26
15666,Rambau,archimonde,958,mage,fire,18,10,8
15667,Ахиригиз,gordunni,958,mage,fire,18,10,8
15668,Mejtschazor,twisting-nether,957,mage,fire,18,10,8
15669,Säroumäne,archimonde,957,mage,fire,21,11,10
15670,Charizard,emerald-dream,956,mage,fire,15,11,4
15671,Arcann,ravencrest,956,mage,fire,18,10,8
15672,Arandartis,kazzak,954,mage,fire,18,10,8
15673,Tóadette,die-aldor,953,mage,fire,28,11,17
15674,Firen,thrall,952,mage,fire,24,13,11
15675,Çana,thrall,952,mage,fire,30,10,20
15676,Shealá,blackhand,951,mage,fire,24,10,14
15677,Firewitch,blackhand,950,mage,fire,24,10,14
15678,Durdi,silvermoon,945,mage,fire,18,10,8
15679,Løxyy,ysondre,943,mage,fire,32,12,20
15680,Кельтаз,soulflayer,932,mage,fire,30,15,15
15681,Häddës,archimonde,925,mage,fire,24,14,10
15682,Freezandrun,tarren-mill,918,mage,fire,47,21,26
15683,Netherstorm,chogall,896,mage,fire,66,30,36
15684,Nåzmyz,outland,891,mage,fire,23,10,13
15685,Plessx,sylvanas,888,mage,fire,21,11,10
15686,Pyro,daggerspine,877,mage,fire,54,27,27
15687,Texhex,ahnqiraj,877,mage,fire,36,10,26
15688,Santoz,blackrock,873,mage,fire,76,37,39
15689,Sagregas,silvermoon,866,mage,fire,83,36,47
15690,Turbomedusa,draenor,864,mage,fire,12,9,3
15691,Dyen,hyjal,864,mage,fire,12,9,3
15692,Magerocks,ragnaros,864,mage,fire,12,9,3
15693,Grumpié,ravencrest,864,mage,fire,12,9,3
15694,Spacehoe,stormscale,864,mage,fire,18,9,9
15695,Tagrine,kaelthas,863,mage,fire,12,9,3
15696,Smíte,kazzak,863,mage,fire,12,9,3
15697,Kurtcobain,draenor,863,mage,fire,12,9,3
15698,Sakuranosuke,twisting-nether,863,mage,fire,18,9,9
15699,Vixis,dalaran,863,mage,fire,18,9,9
15700,Pumped,haomarush,863,mage,fire,18,9,9
15701,Steveishigh,tarren-mill,863,mage,fire,19,9,10
15702,Morphis,talnivarr,862,mage,fire,18,9,9
15703,Shìnra,ravencrest,862,mage,fire,18,9,9
15704,Weedup,zuljin,862,mage,fire,18,9,9
15705,Феновар,goldrinn,862,mage,fire,24,9,15
15706,Hokuspokicus,ravencrest,862,mage,fire,24,9,15
15707,Мерджреквест,howling-fjord,861,mage,fire,18,9,9
15708,Abocajarro,dun-modr,861,mage,fire,18,9,9
15709,Sadrã,kazzak,860,mage,fire,24,9,15
15710,Backped,kazzak,860,mage,fire,34,10,24
15711,Чоуза,gordunni,858,mage,fire,24,9,15
15712,Mirobol,hyjal,856,mage,fire,24,9,15
15713,Bigbazzabean,silvermoon,849,mage,fire,42,17,25
15714,Sippebób,laughing-skull,830,mage,fire,16,10,6
15715,Nagano,deathwing,827,mage,fire,23,9,14
15716,Abruaa,tarren-mill,799,mage,fire,11,9,2
15717,Takayaki,terokkar,783,mage,fire,19,9,10
15718,Занерзулаа,soulflayer,782,mage,fire,23,9,14
15719,Sèrum,drakthul,777,mage,fire,23,10,13
15720,Lestrangé,azjolnerub,768,mage,fire,12,8,4
15721,Yésdávé,stormscale,768,mage,fire,12,8,4
15722,Stockfísh,ravencrest,768,mage,fire,12,8,4
15723,Fakeklepter,sylvanas,768,mage,fire,12,8,4
15724,Nilitarrgh,outland,768,mage,fire,12,8,4
15725,Apollohouse,ravencrest,768,mage,fire,12,8,4
15726,Mlodysimba,burning-legion,768,mage,fire,12,8,4
15727,Nuj,blackrock,768,mage,fire,12,8,4
15728,Saiyangodx,twisting-nether,768,mage,fire,12,8,4
15729,Matsuratkø,nemesis,768,mage,fire,12,8,4
15730,Marøjuniõr,draenor,768,mage,fire,12,8,4
15731,Sölø,stormscale,768,mage,fire,12,8,4
15732,Незерёб,soulflayer,768,mage,fire,18,8,10
15733,Octtmiss,twisting-nether,768,mage,fire,18,8,10
15734,Zelimeth,outland,768,mage,fire,18,8,10
15735,Airo,drakthul,768,mage,fire,24,8,16
15736,Mðj,kazzak,768,mage,fire,24,8,16
15737,Zoot,ravencrest,768,mage,fire,24,8,16
15738,Benjibop,ravencrest,767,mage,fire,12,8,4
15739,Azakadabra,ysondre,767,mage,fire,12,8,4
15740,Alyraza,chamber-of-aspects,767,mage,fire,18,8,10
15741,Einsmagus,blackrock,767,mage,fire,18,8,10
15742,Kbd,outland,767,mage,fire,18,8,10
15743,Elreas,blackmoore,767,mage,fire,18,8,10
15744,Dauwen,silvermoon,767,mage,fire,18,8,10
15745,Codeincassie,blackhand,767,mage,fire,18,8,10
15746,Алаурс,howling-fjord,767,mage,fire,18,8,10
15747,Эммилиарда,gordunni,767,mage,fire,18,8,10
15748,Dynamica,ravencrest,767,mage,fire,18,8,10
15749,Магмагистр,blackscar,767,mage,fire,24,8,16
15750,Takiix,antonidas,766,mage,fire,12,8,4
15751,Versachi,neptulon,766,mage,fire,18,8,10
15752,Exitelol,blackrock,764,mage,fire,18,8,10
15753,Estwald,arathor,763,mage,fire,18,8,10
15754,Нетлель,soulflayer,763,mage,fire,24,8,16
15755,Iamslow,sylvanas,762,mage,fire,12,8,4
15756,Linyah,arathor,762,mage,fire,18,8,10
15757,Вельдрик,soulflayer,762,mage,fire,24,8,16
15758,Majinbo,doomhammer,760,mage,fire,18,8,10
15759,Blasic,stormscale,760,mage,fire,24,8,16
15760,Arcadua,sanguino,758,mage,fire,12,8,4
15761,Фиеран,grom,747,mage,fire,26,10,16
15762,Rasputina,blackrock,744,mage,fire,35,12,23
15763,Kalyypso,arygos,735,mage,fire,16,9,7
15764,Magicspark,madmortem,735,mage,fire,77,35,42
15765,Mitchmage,ravencrest,732,mage,fire,17,8,9
15766,Lanadorei,stormscale,711,mage,fire,21,8,13
15767,Pàntera,blackmoore,683,mage,fire,31,8,23
15768,Мосгормаг,gordunni,672,mage,fire,12,7,5
15769,Oseri,defias-brotherhood,672,mage,fire,12,7,5
15770,Melíssa,silvermoon,672,mage,fire,12,7,5
15771,Netrinkuet,outland,672,mage,fire,12,7,5
15772,Randommagexd,ravencrest,672,mage,fire,12,7,5
15773,Pïeck,archimonde,672,mage,fire,12,7,5
15774,Gnðmeonfire,sylvanas,672,mage,fire,12,7,5
15775,Iconic,eredar,672,mage,fire,12,7,5
15776,Equálity,blackrock,672,mage,fire,12,7,5
15777,Кодимагх,gordunni,672,mage,fire,12,7,5
15778,Анзот,howling-fjord,672,mage,fire,18,7,11
15779,Akrapovic,drakthul,672,mage,fire,18,7,11
15780,Plexyoo,thrall,672,mage,fire,18,7,11
15781,Mangiafuoco,nemesis,672,mage,fire,18,7,11
15782,Anaxtra,guldan,672,mage,fire,18,7,11
15783,Wizkidcutt,tarren-mill,671,mage,fire,12,7,5
15784,Spellfaker,drakthul,671,mage,fire,12,7,5
15785,Azîlko,frostwolf,671,mage,fire,12,7,5
15786,Barspin,lightnings-blade,671,mage,fire,12,7,5
15787,Zaci,argent-dawn,671,mage,fire,12,7,5
15788,Sokardes,the-maelstrom,671,mage,fire,16,8,8
15789,Karima,drekthar,671,mage,fire,16,8,8
15790,Mìsaki,hellscream,671,mage,fire,18,7,11
15791,Camelshaver,tarren-mill,671,mage,fire,18,7,11
15792,Ustafrr,argent-dawn,670,mage,fire,13,7,6
15793,Жгумпель,howling-fjord,670,mage,fire,24,7,17
15794,Vanah,the-maelstrom,669,mage,fire,12,7,5
15795,Kaktuzze,antonidas,664,mage,fire,18,7,11
15796,Magikere,tarren-mill,639,mage,fire,17,7,10
15797,Vulcanx,stormscale,638,mage,fire,17,7,10
15798,Luxxurious,xavius,623,mage,fire,9,7,2
15799,Bezelgeuse,pozzo-delleternità,623,mage,fire,17,7,10
15800,Twoeightybpm,draenor,618,mage,fire,16,9,7
15801,Qusx,malganis,607,mage,fire,11,7,4
15802,Chrismage,argent-dawn,606,mage,fire,20,7,13
15803,Apcg,sylvanas,576,mage,fire,6,6,0
15804,Nihilum,dalaran,576,mage,fire,12,6,6
15805,Canceled,kazzak,576,mage,fire,12,6,6
15806,Zimbabweborc,burning-legion,576,mage,fire,12,6,6
15807,Pradapimp,ravencrest,576,mage,fire,12,6,6
15808,Macey,ravencrest,576,mage,fire,12,6,6
15809,Skylez,blackrock,576,mage,fire,12,6,6
15810,Feath,ravencrest,576,mage,fire,12,6,6
15811,Витуз,gordunni,576,mage,fire,12,6,6
15812,Serctheone,ravencrest,576,mage,fire,12,6,6
15813,Consulalgeri,archimonde,576,mage,fire,12,6,6
15814,Rhodghar,ravencrest,576,mage,fire,12,6,6
15815,Relik,sylvanas,576,mage,fire,18,6,12
15816,Wormhole,kazzak,576,mage,fire,18,6,12
15817,Qwibbly,kazzak,576,mage,fire,18,6,12
15818,Gavra,ravencrest,575,mage,fire,12,6,6
15819,Kitchimage,ravencrest,575,mage,fire,12,6,6
15820,Тачитачи,gordunni,575,mage,fire,12,6,6
15821,Тудысюдым,eversong,575,mage,fire,12,6,6
15822,Vurtnez,kazzak,575,mage,fire,12,6,6
15823,Akhali,chamber-of-aspects,575,mage,fire,12,6,6
15824,Arhi,silvermoon,575,mage,fire,12,6,6
15825,Zuckerzimt,ravencrest,575,mage,fire,18,6,12
15826,Saturator,burning-legion,575,mage,fire,18,6,12
15827,Khalkazzar,darkspear,575,mage,fire,18,6,12
15828,Lupuus,anubarak,575,mage,fire,24,6,18
15829,Zeddic,burning-legion,574,mage,fire,12,6,6
15830,Explosìve,arthas,574,mage,fire,12,6,6
15831,Shâykó,sylvanas,573,mage,fire,12,6,6
15832,Plazem,argent-dawn,573,mage,fire,18,6,12
15833,Поймайбелку,booty-bay,572,mage,fire,12,6,6
15834,Melimar,khaz-modan,572,mage,fire,12,6,6
15835,Труупоед,borean-tundra,571,mage,fire,12,6,6
15836,Laviathan,die-aldor,568,mage,fire,12,6,6
15837,Hidrax,outland,543,mage,fire,16,6,10
15838,Nâmiz,blackrock,528,mage,fire,9,6,3
15839,Kyrn,zuljin,527,mage,fire,15,6,9
15840,Zeklo,frostmane,521,mage,fire,20,7,13
15841,Dárdie,ravencrest,512,mage,fire,10,6,4
15842,Yoku,nethersturm,480,mage,fire,6,5,1
15843,Bzzr,tarren-mill,480,mage,fire,6,5,1
15844,Jél,stormscale,480,mage,fire,6,5,1
15845,Helloimgone,blackmoore,480,mage,fire,6,5,1
15846,Dcolon,tarren-mill,480,mage,fire,6,5,1
15847,Climatrix,twisting-nether,480,mage,fire,6,5,1
15848,Ицка,fordragon,480,mage,fire,6,5,1
15849,Gadeplan,sylvanas,480,mage,fire,12,5,7
15850,Moojob,kazzak,480,mage,fire,12,5,7
15851,Magechonk,kazzak,480,mage,fire,12,5,7
15852,Cleancc,blackhand,480,mage,fire,12,5,7
15853,Schøkø,eredar,480,mage,fire,12,5,7
15854,Sheepwithmeh,blackrock,480,mage,fire,12,5,7
15855,Arcandor,tarren-mill,480,mage,fire,12,5,7
15856,Brokenlegman,defias-brotherhood,480,mage,fire,12,5,7
15857,Проблембойх,gordunni,480,mage,fire,12,5,7
15858,Máximus,ravencrest,480,mage,fire,12,5,7
15859,Moleester,twisting-nether,480,mage,fire,12,5,7
15860,Røysi,ravencrest,480,mage,fire,12,5,7
15861,Runbabyrun,hyjal,480,mage,fire,12,5,7
15862,Shifteurprõ,hyjal,480,mage,fire,12,5,7
15863,Shíróyama,ravencrest,480,mage,fire,12,5,7
15864,Teeclis,twisting-nether,480,mage,fire,12,5,7
15865,Интровертка,blackscar,480,mage,fire,16,6,10
15866,Awart,burning-legion,480,mage,fire,18,5,13
15867,Валбериса,deepholm,479,mage,fire,6,5,1
15868,Neoreactor,ravencrest,479,mage,fire,12,5,7
15869,Megancox,blackmoore,479,mage,fire,12,5,7
15870,Spispi,burning-legion,479,mage,fire,15,6,9
15871,Kyani,mannoroth,479,mage,fire,18,5,13
15872,Iceorb,azshara,479,mage,fire,24,5,19
15873,Spader,argent-dawn,478,mage,fire,12,5,7
15874,Oneal,the-maelstrom,478,mage,fire,12,5,7
15875,Комонщик,howling-fjord,478,mage,fire,18,5,13
15876,Illiaria,antonidas,478,mage,fire,18,5,13
15877,Exorifrigo,dun-modr,477,mage,fire,22,5,17
15878,Shadowmag,burning-legion,477,mage,fire,24,5,19
15879,Warpx,aegwynn,476,mage,fire,12,5,7
15880,Хээйлии,goldrinn,476,mage,fire,12,5,7
15881,Eldiablo,dun-modr,476,mage,fire,12,5,7
15882,Draenaya,forscherliga,473,mage,fire,21,6,15
15883,Nabucor,culte-de-la-rive-noire,468,mage,fire,25,6,19
15884,Mínêrvâ,blackrock,431,mage,fire,11,5,6
15885,Buuszek,outland,430,mage,fire,11,5,6
15886,Сморгонец,gordunni,412,mage,fire,14,5,9
15887,Naween,hyjal,384,mage,fire,6,4,2
15888,Blinker,frostwhisper,384,mage,fire,6,4,2
15889,Botbotamba,hyjal,384,mage,fire,6,4,2
15890,Gennésïs,darksorrow,384,mage,fire,6,4,2
15891,Drewna,silvermoon,384,mage,fire,6,4,2
15892,Shyasianmage,area-52,384,mage,fire,6,4,2
15893,Bergillos,sanguino,384,mage,fire,6,4,2
15894,Yenneferr,magtheridon,384,mage,fire,6,4,2
15895,Фюртэ,howling-fjord,384,mage,fire,6,4,2
15896,Файрусх,deathguard,384,mage,fire,6,4,2
15897,Farmassist,stormscale,384,mage,fire,6,4,2
15898,Мактай,gordunni,384,mage,fire,6,4,2
15899,Gidsor,silvermoon,384,mage,fire,6,4,2
15900,Fkndog,ravencrest,384,mage,fire,6,4,2
15901,Mnday,ravencrest,384,mage,fire,6,4,2
15902,Нефростмаг,gordunni,384,mage,fire,6,4,2
15903,Taylorswîft,ragnaros,384,mage,fire,6,4,2
15904,Praison,defias-brotherhood,384,mage,fire,6,4,2
15905,Ovrpwrdxd,kazzak,384,mage,fire,6,4,2
15906,Saryotheone,silvermoon,384,mage,fire,6,4,2
15907,Pavlé,draenor,384,mage,fire,6,4,2
15908,Cardioexpert,ravencrest,384,mage,fire,6,4,2
15909,Dibzz,sanguino,384,mage,fire,6,4,2
15910,Zyreanx,blackrock,384,mage,fire,6,4,2
15911,Rotøk,burning-legion,384,mage,fire,6,4,2
15912,Wopi,sylvanas,384,mage,fire,6,4,2
15913,Гандолъер,soulflayer,384,mage,fire,6,4,2
15914,Нехай,ashenvale,384,mage,fire,6,4,2
15915,Doryy,silvermoon,384,mage,fire,6,4,2
15916,Dubbleblast,draenor,384,mage,fire,6,4,2
15917,Kold,stormscale,384,mage,fire,6,4,2
15918,Kkohp,ravencrest,384,mage,fire,6,4,2
15919,Шуткам,gordunni,384,mage,fire,6,4,2
15920,Waterhagx,tarren-mill,384,mage,fire,6,4,2
15921,Curran,ravencrest,384,mage,fire,6,4,2
15922,Аркагос,gordunni,384,mage,fire,12,4,8
15923,Diji,the-maelstrom,384,mage,fire,12,4,8
15924,Aarcheon,kazzak,384,mage,fire,12,4,8
15925,Feuern,antonidas,384,mage,fire,12,4,8
15926,Раканчик,gordunni,384,mage,fire,12,4,8
15927,Бабайбайкала,gordunni,384,mage,fire,12,4,8
15928,Rooven,aegwynn,384,mage,fire,12,4,8
15929,Popbg,outland,384,mage,fire,12,4,8
15930,Michellee,ravencrest,384,mage,fire,12,4,8
15931,Дантрий,gordunni,384,mage,fire,12,4,8
15932,Гелиадо,soulflayer,384,mage,fire,12,4,8
15933,Викликс,borean-tundra,384,mage,fire,12,4,8
15934,Genviedgiclé,arathi,384,mage,fire,12,4,8
15935,Kazeen,silvermoon,384,mage,fire,12,4,8
15936,Деорро,gordunni,384,mage,fire,12,4,8
15937,Lusionator,defias-brotherhood,384,mage,fire,18,4,14
15938,Birdlort,draenor,383,mage,fire,6,4,2
15939,Ildrøv,stormscale,383,mage,fire,12,4,8
15940,Unhedged,eredar,383,mage,fire,12,4,8
15941,Мэджиксул,grom,383,mage,fire,12,4,8
15942,Chimará,eredar,367,mage,fire,11,4,7
15943,Lusifera,outland,336,mage,fire,9,4,5
15944,Niivel,ysondre,336,mage,fire,15,4,11
15945,Мэдраша,gordunni,335,mage,fire,17,4,13
15946,Tigerblod,tarren-mill,330,mage,fire,10,5,5
15947,Shermî,blackrock,288,mage,fire,6,3,3
15948,Pævl,drakthul,288,mage,fire,6,3,3
15949,Frøstdream,dun-modr,288,mage,fire,6,3,3
15950,Driana,dragonmaw,288,mage,fire,6,3,3
15951,Mylanq,ragnaros,288,mage,fire,6,3,3
15952,Lëyra,ysondre,288,mage,fire,6,3,3
15953,Adetin,tarren-mill,288,mage,fire,6,3,3
15954,Maveya,blackmoore,288,mage,fire,6,3,3
15955,Salvadordalí,ravencrest,288,mage,fire,6,3,3
15956,Nàtcho,tichondrius,288,mage,fire,6,3,3
15957,Сизаам,howling-fjord,288,mage,fire,6,3,3
15958,Trowbe,blackmoore,288,mage,fire,6,3,3
15959,Sendro,twisting-nether,288,mage,fire,6,3,3
15960,Росвенд,gordunni,288,mage,fire,6,3,3
15961,Funkyfriday,twisting-nether,288,mage,fire,6,3,3
15962,Namemage,stormscale,288,mage,fire,6,3,3
15963,Макотшельник,gordunni,288,mage,fire,6,3,3
15964,Mága,grim-batol,288,mage,fire,6,3,3
15965,Alterwhite,archimonde,288,mage,fire,6,3,3
15966,Couñterspell,eredar,288,mage,fire,6,3,3
15967,Fleurdelacur,ravencrest,288,mage,fire,6,3,3
15968,Даатхедра,booty-bay,288,mage,fire,6,3,3
15969,Modrone,ragnaros,288,mage,fire,6,3,3
15970,Shinigamí,blackrock,288,mage,fire,6,3,3
15971,Botstyle,ravencrest,288,mage,fire,6,3,3
15972,Narexa,silvermoon,288,mage,fire,6,3,3
15973,Alearis,die-aldor,288,mage,fire,6,3,3
15974,Uwutehe,ravencrest,288,mage,fire,6,3,3
15975,Néiloth,frostmane,288,mage,fire,6,3,3
15976,Мэджу,gordunni,288,mage,fire,6,3,3
15977,Procahontas,ravencrest,288,mage,fire,6,3,3
15978,Coachrmp,ravencrest,288,mage,fire,6,3,3
15979,Capphaow,ravencrest,288,mage,fire,6,3,3
15980,Ãzi,ravencrest,288,mage,fire,6,3,3
15981,Xlarb,kazzak,288,mage,fire,6,3,3
15982,Onlymage,ravencrest,288,mage,fire,6,3,3
15983,Ørka,stormscale,288,mage,fire,6,3,3
15984,Kryptass,aegwynn,288,mage,fire,6,3,3
15985,Êgôn,perenolde,288,mage,fire,6,3,3
15986,Meign,eredar,288,mage,fire,6,3,3
15987,Tildetbfa,antonidas,288,mage,fire,6,3,3
15988,Cryptik,blackmoore,288,mage,fire,6,3,3
15989,Zøe,aggra-português,288,mage,fire,6,3,3
15990,Zerøsílgødx,antonidas,288,mage,fire,6,3,3
15991,Partypower,twisting-nether,288,mage,fire,6,3,3
15992,Fuchso,area-52,288,mage,fire,6,3,3
15993,Sonybonanza,kazzak,288,mage,fire,6,3,3
15994,Исендэя,gordunni,288,mage,fire,6,3,3
15995,Balderk,sanguino,288,mage,fire,6,3,3
15996,Bebenm,archimonde,288,mage,fire,6,3,3
15997,Noxkin,stormscale,288,mage,fire,6,3,3
15998,Diffa,tarren-mill,288,mage,fire,6,3,3
15999,Kàtsu,tarren-mill,288,mage,fire,6,3,3
16000,Хблэйз,howling-fjord,288,mage,fire,9,4,5
16001,Ice,sargeras,288,mage,fire,9,4,5
16002,Колтрэйн,blackscar,288,mage,fire,9,3,6
16003,Tsubas,blackmoore,288,mage,fire,12,3,9
16004,Aylan,kazzak,288,mage,fire,12,3,9
16005,Abêj,malygos,288,mage,fire,12,3,9
16006,Trenpapi,twisting-nether,288,mage,fire,12,3,9
16007,Saivedija,blackmoore,288,mage,fire,12,3,9
16008,Frökenfrost,stormscale,288,mage,fire,12,3,9
16009,Овеча,gordunni,288,mage,fire,12,3,9
16010,Oblív,ravencrest,288,mage,fire,12,3,9
16011,Mogettemagic,ysondre,288,mage,fire,12,3,9
16012,Milton,dunemaul,288,mage,fire,12,3,9
16013,Waan,sylvanas,288,mage,fire,12,3,9
16014,Rasaku,argent-dawn,288,mage,fire,12,3,9
16015,Beardmorph,auchindoun,288,mage,fire,12,3,9
16016,Kyrox,ysondre,287,mage,fire,12,3,9
16017,Ceanna,argent-dawn,287,mage,fire,12,3,9
16018,Regenn,kazzak,286,mage,fire,6,3,3
16019,Smî,aegwynn,286,mage,fire,6,3,3
16020,Венлич,gordunni,271,mage,fire,9,4,5
16021,Mercem,stormscale,239,mage,fire,5,3,2
16022,Goukakyu,ravencrest,239,mage,fire,5,3,2
16023,Khalix,blackmoore,239,mage,fire,5,3,2
16024,Worstwòrld,draenor,208,mage,fire,7,3,4
16025,Decedé,dun-modr,192,mage,fire,6,2,4
16026,Rõdokunohi,darksorrow,192,mage,fire,6,2,4
16027,Letitsnow,ravencrest,192,mage,fire,6,2,4
16028,Oizar,hyjal,192,mage,fire,6,2,4
16029,Mohovik,wildhammer,192,mage,fire,6,2,4
16030,Kilféfroid,ysondre,192,mage,fire,6,2,4
16031,Дэката,grom,192,mage,fire,6,2,4
16032,Lisanalgaib,kilrogg,192,mage,fire,6,2,4
16033,Ôbsury,hyjal,192,mage,fire,6,2,4
16034,Transformo,draenor,192,mage,fire,6,2,4
16035,Solitaria,tarren-mill,192,mage,fire,6,2,4
16036,Eksl,draenor,192,mage,fire,6,2,4
16037,Puracz,defias-brotherhood,192,mage,fire,6,2,4
16038,Пиньон,borean-tundra,192,mage,fire,6,2,4
16039,Xatures,tarren-mill,192,mage,fire,6,2,4
16040,Quínt,blackhand,192,mage,fire,6,2,4
16041,Jokiss,draenor,192,mage,fire,6,2,4
16042,Hopewell,aszune,192,mage,fire,6,2,4
16043,Alorin,dun-modr,192,mage,fire,6,2,4
16044,Zerobelow,silvermoon,192,mage,fire,6,2,4
16045,Solarian,nemesis,192,mage,fire,6,2,4
16046,Apc,sylvanas,192,mage,fire,6,2,4
16047,Alarak,drakthul,192,mage,fire,6,2,4
16048,Гнег,gordunni,192,mage,fire,6,2,4
16049,Szarbán,ragnaros,192,mage,fire,6,2,4
16050,Frígíd,outland,192,mage,fire,6,2,4
16051,Vantimere,twisting-nether,192,mage,fire,6,2,4
16052,Shinegami,hyjal,192,mage,fire,6,2,4
16053,Elynaé,draenor,192,mage,fire,6,2,4
16054,Antaos,drakthul,192,mage,fire,6,2,4
16055,Gregoss,elune,192,mage,fire,6,2,4
16056,Ikefire,draenor,192,mage,fire,6,2,4
16057,Sickßlink,outland,192,mage,fire,6,2,4
16058,Lìx,ravencrest,192,mage,fire,6,2,4
16059,Magenox,blackrock,192,mage,fire,6,2,4
16060,Gêrky,drakthul,192,mage,fire,6,2,4
16061,Watchmeclic,archimonde,192,mage,fire,6,2,4
16062,Dnt,twilights-hammer,192,mage,fire,6,2,4
16063,Zeusmon,ragnaros,192,mage,fire,6,2,4
16064,Milminmage,ravencrest,192,mage,fire,6,2,4
16065,Roberx,sanguino,192,mage,fire,6,2,4
16066,Malshash,outland,192,mage,fire,6,2,4
16067,Димаскунфу,howling-fjord,192,mage,fire,6,2,4
16068,Atzin,sanguino,192,mage,fire,6,2,4
16069,Zisseron,frostmane,192,mage,fire,6,2,4
16070,Mesvef,archimonde,192,mage,fire,12,2,10
16071,Firelight,argent-dawn,192,mage,fire,12,2,10
16072,Symbiano,twisting-nether,192,mage,fire,12,2,10
16073,Çatàclysmík,kazzak,192,mage,fire,12,2,10
16074,Nötmârtònxø,ragnaros,192,mage,fire,12,2,10
16075,Явернулси,soulflayer,192,mage,fire,12,2,10
16076,Veveroiu,defias-brotherhood,191,mage,fire,6,2,4
16077,Kirripirri,doomhammer,191,mage,fire,12,2,10
16078,Shockólot,outland,159,mage,fire,5,2,3
16079,Tahiti,twisting-nether,159,mage,fire,5,2,3
16080,Xhal,hyjal,138,mage,fire,9,3,6
16081,Wëylin,chogall,128,mage,fire,4,2,2
16082,Rukiax,blackrock,128,mage,fire,4,2,2
16083,Ayoubz,outland,128,mage,fire,4,2,2
16084,Burstology,kazzak,128,mage,fire,4,2,2
16085,Wwjd,darksorrow,127,mage,fire,8,2,6
16086,Slashlife,wrathbringer,96,mage,fire,6,1,5
16087,Arcanik,archimonde,96,mage,fire,6,1,5
16088,Radagulf,outland,96,mage,fire,6,1,5
16089,Infamage,draenor,96,mage,fire,6,1,5
16090,Zalfax,sinstralis,96,mage,fire,6,1,5
16091,Martixx,stormscale,96,mage,fire,6,1,5
16092,Dingin,bronze-dragonflight,96,mage,fire,6,1,5
16093,Пламяорды,soulflayer,96,mage,fire,6,1,5
16094,Одз,grom,96,mage,fire,6,1,5
16095,Polÿmorph,stormscale,96,mage,fire,6,1,5
16096,Камаёри,howling-fjord,96,mage,fire,6,1,5
16097,Akadran,blackmoore,96,mage,fire,6,1,5
16098,Phenoxi,sylvanas,96,mage,fire,6,1,5
16099,Halbattar,garona,96,mage,fire,6,1,5
16100,Фантомланс,howling-fjord,96,mage,fire,6,1,5
16101,Caststuffatu,sylvanas,96,mage,fire,6,1,5
16102,Zagori,sylvanas,96,mage,fire,6,1,5
16103,Símple,sylvanas,96,mage,fire,6,1,5
16104,Alaster,culte-de-la-rive-noire,96,mage,fire,6,1,5
16105,Pyroden,stormscale,96,mage,fire,6,1,5
16106,Варриморыч,soulflayer,96,mage,fire,6,1,5
16107,Дизордерх,gordunni,96,mage,fire,6,1,5
16108,Nodnarb,dragonblight,96,mage,fire,6,1,5
16109,Ckrax,sanguino,96,mage,fire,6,1,5
16110,Roey,defias-brotherhood,96,mage,fire,6,1,5
16111,Bekkmzi,drakthul,96,mage,fire,6,1,5
16112,Prinskoekie,twisting-nether,96,mage,fire,6,1,5
16113,Westx,blackmoore,96,mage,fire,6,1,5
16114,Zakardo,kazzak,96,mage,fire,6,1,5
16115,Tombkiller,kult-der-verdammten,96,mage,fire,6,1,5
16116,Maybeblood,kazzak,96,mage,fire,6,1,5
16117,Satheril,argent-dawn,96,mage,fire,6,1,5
16118,Tsungy,twisting-nether,96,mage,fire,6,1,5
16119,Mexxî,thrall,96,mage,fire,6,1,5
16120,Tarryxa,kazzak,96,mage,fire,12,1,11
16121,Kenny,nerzhul,96,mage,fire,12,1,11
16122,Mallphass,dalaran,96,mage,fire,12,1,11
16123,Syltris,drakthul,96,mage,fire,18,1,17
16124,Pyrias,sylvanas,95,mage,fire,6,1,5
16125,Shâdozy,blackmoore,89,mage,fire,6,3,3
16126,Mimicassa,defias-brotherhood,84,mage,fire,14,7,7
16127,Incenia,ravencrest,79,mage,fire,11,1,10
16128,Hecht,burning-legion,64,mage,fire,4,1,3
16129,Preí,archimonde,42,mage,fire,12,3,9
16130,Cleophe,burning-legion,31,mage,fire,2,1,1
16131,Озобочений,greymane,31,mage,fire,2,1,1
16132,Ðøæø,twisting-nether,16,mage,fire,1,1,0
16133,Partypower,twisting-nether,2238,mage,frost,195,100,95
16134,Chikounet,archimonde,2188,mage,frost,150,78,72
16135,Tommy,laughing-skull,2144,mage,frost,88,45,43
16136,Ðeejkñ,archimonde,2139,mage,frost,72,45,27
16137,Avizura,kazzak,2134,mage,frost,60,35,25
16138,Dastion,ravencrest,2105,mage,frost,91,45,46
16139,Макотшельник,gordunni,2091,mage,frost,85,54,31
16140,Søz,agamaggan,2089,mage,frost,119,60,59
16141,Медивера,gordunni,2076,mage,frost,95,50,45
16142,Laynerz,kazzak,2065,mage,frost,61,34,27
16143,Fakér,ravencrest,2058,mage,frost,184,88,96
16144,Watchmeclic,archimonde,2053,mage,frost,96,46,50
16145,Serctheone,ravencrest,2043,mage,frost,190,94,96
16146,Sóz,ravencrest,2033,mage,frost,109,51,58
16147,Oseri,defias-brotherhood,2028,mage,frost,143,72,71
16148,Ticklefinger,agamaggan,2004,mage,frost,59,40,19
16149,Naynn,archimonde,2004,mage,frost,76,41,35
16150,Барсуктри,deathguard,1984,mage,frost,60,30,30
16151,Evovar,silvermoon,1981,mage,frost,119,59,60
16152,Kalamaras,quelthalas,1972,mage,frost,62,30,32
16153,Oscarwizyo,ravencrest,1968,mage,frost,77,36,41
16154,Voerk,twisting-nether,1955,mage,frost,88,46,42
16155,Gavno,ravencrest,1955,mage,frost,54,26,28
16156,Øscarwizyo,ravencrest,1940,mage,frost,78,38,40
16157,Efes,dun-modr,1934,mage,frost,58,32,26
16158,Setyouoncs,ravencrest,1927,mage,frost,84,42,42
16159,Akyrâz,blackrock,1927,mage,frost,94,40,54
16160,Abovè,outland,1918,mage,frost,54,23,31
16161,Sukmikok,twisting-nether,1911,mage,frost,190,94,96
16162,Nilitar,kazzak,1910,mage,frost,60,24,36
16163,Watchmeclick,archimonde,1909,mage,frost,36,20,16
16164,Santriss,defias-brotherhood,1883,mage,frost,72,36,36
16165,Sìckofme,aegwynn,1875,mage,frost,36,26,10
16166,Kurtkiels,draenor,1872,mage,frost,60,29,31
16167,Ввнд,galakrond,1869,mage,frost,60,27,33
16168,Praison,defias-brotherhood,1863,mage,frost,54,32,22
16169,Zhodusqt,ragnaros,1859,mage,frost,54,27,27
16170,Rosady,ragnaros,1857,mage,frost,107,55,52
16171,Henqo,burning-legion,1856,mage,frost,64,30,34
16172,Cleophe,burning-legion,1853,mage,frost,81,44,37
16173,Emoden,silvermoon,1850,mage,frost,302,158,144
16174,Shíróyama,ravencrest,1849,mage,frost,132,77,55
16175,Arkhaen,archimonde,1848,mage,frost,71,36,35
16176,Drfeeldgoodd,mazrigos,1843,mage,frost,84,38,46
16177,Auchenax,argent-dawn,1839,mage,frost,167,84,83
16178,Aìnz,hyjal,1837,mage,frost,60,27,33
16179,Gossipgirlz,outland,1836,mage,frost,244,124,120
16180,Silverlining,ravencrest,1830,mage,frost,169,88,81
16181,Exone,sylvanas,1828,mage,frost,66,32,34
16182,Незерёб,soulflayer,1828,mage,frost,96,46,50
16183,Bebenm,archimonde,1827,mage,frost,36,24,12
16184,Mlodysimba,burning-legion,1827,mage,frost,58,33,25
16185,Lyndsey,dalaran,1826,mage,frost,65,31,34
16186,Laurents,silvermoon,1825,mage,frost,128,86,42
16187,Èverix,ravencrest,1823,mage,frost,106,47,59
16188,Goneforever,draenor,1820,mage,frost,42,27,15
16189,Мэдвэйз,gordunni,1819,mage,frost,48,31,17
16190,Søbert,hyjal,1818,mage,frost,36,22,14
16191,Pryt,ragnaros,1813,mage,frost,137,78,59
16192,Crylz,kazzak,1813,mage,frost,59,28,31
16193,Djdankzter,outland,1812,mage,frost,42,19,23
16194,Máximus,ravencrest,1809,mage,frost,53,27,26
16195,Reflexz,thrall,1805,mage,frost,42,25,17
16196,Xmoo,blackrock,1805,mage,frost,48,24,24
16197,Novaco,ravencrest,1805,mage,frost,59,29,30
16198,Baconlance,stormscale,1803,mage,frost,42,23,19
16199,Tellysia,blackmoore,1802,mage,frost,47,26,21
16200,Símple,sylvanas,1802,mage,frost,60,27,33
16201,Kiirin,drakthul,1801,mage,frost,57,34,23
16202,Lidely,kazzak,1800,mage,frost,30,19,11
16203,Zøe,aggra-português,1800,mage,frost,54,34,20
16204,Whócárés,dragonmaw,1798,mage,frost,45,32,13
16205,Mgtowforlife,ravencrest,1797,mage,frost,152,77,75
16206,Stickiburn,malganis,1797,mage,frost,87,42,45
16207,Knometsj,ravencrest,1796,mage,frost,48,26,22
16208,Løwskìll,outland,1795,mage,frost,95,53,42
16209,Einsmagus,blackrock,1793,mage,frost,60,31,29
16210,Onnÿy,dun-modr,1781,mage,frost,80,37,43
16211,Äntigood,outland,1780,mage,frost,131,71,60
16212,Chazs,kazzak,1778,mage,frost,72,36,36
16213,Rekzaop,ravencrest,1778,mage,frost,108,48,60
16214,Whïm,ysondre,1776,mage,frost,83,34,49
16215,Polÿmorph,stormscale,1774,mage,frost,59,30,29
16216,Esscheppert,blackrock,1771,mage,frost,78,38,40
16217,Môv,tarren-mill,1770,mage,frost,42,21,21
16218,Medara,darkspear,1768,mage,frost,72,38,34
16219,Lo,kilrogg,1764,mage,frost,96,49,47
16220,Ovrpwrdxd,kazzak,1763,mage,frost,24,20,4
16221,Wmp,ravencrest,1763,mage,frost,42,23,19
16222,Wracrz,argent-dawn,1762,mage,frost,72,38,34
16223,Sorrow,outland,1762,mage,frost,84,39,45
16224,Shakéx,outland,1758,mage,frost,51,26,25
16225,Sâkuya,blackrock,1756,mage,frost,122,60,62
16226,Sunehx,blackrock,1753,mage,frost,54,30,24
16227,Layzzy,kazzak,1748,mage,frost,150,75,75
16228,Колинас,soulflayer,1748,mage,frost,101,50,51
16229,Darkoftw,ysondre,1747,mage,frost,101,47,54
16230,Nightfee,eredar,1745,mage,frost,42,21,21
16231,Jirø,cthun,1738,mage,frost,130,65,65
16232,Jocelynn,aggramar,1735,mage,frost,65,27,38
16233,Soloqtarget,archimonde,1730,mage,frost,110,55,55
16234,Zoot,ravencrest,1730,mage,frost,72,30,42
16235,Nozarashí,hyjal,1726,mage,frost,76,38,38
16236,Neymar,aszune,1725,mage,frost,35,24,11
16237,Blackfirez,ravencrest,1725,mage,frost,30,18,12
16238,Гелиадо,soulflayer,1724,mage,frost,42,19,23
16239,Bombswag,bloodhoof,1722,mage,frost,131,64,67
16240,Sylbris,outland,1722,mage,frost,131,62,69
16241,Мэтаскрим,soulflayer,1721,mage,frost,72,30,42
16242,Soz,agamaggan,1720,mage,frost,30,18,12
16243,Калихор,gordunni,1719,mage,frost,42,28,14
16244,Mexxî,thrall,1719,mage,frost,72,37,35
16245,Tánu,quelthalas,1717,mage,frost,66,32,34
16246,Fireblood,runetotem,1716,mage,frost,60,28,32
16247,Rambau,archimonde,1712,mage,frost,198,97,101
16248,Аресуперпрес,gordunni,1712,mage,frost,46,21,25
16249,Lorothar,blackhand,1712,mage,frost,60,24,36
16250,Raíner,eredar,1708,mage,frost,78,44,34
16251,Shalien,tarren-mill,1704,mage,frost,65,35,30
16252,Missl,draenor,1700,mage,frost,38,20,18
16253,Axhole,darksorrow,1700,mage,frost,48,23,25
16254,Tfmchamp,ravencrest,1698,mage,frost,33,22,11
16255,Ishimura,eredar,1697,mage,frost,54,31,23
16256,Леракобольд,gordunni,1695,mage,frost,41,20,21
16257,Slobbery,aggramar,1694,mage,frost,54,29,25
16258,Melíssa,silvermoon,1692,mage,frost,36,25,11
16259,Alearis,die-aldor,1690,mage,frost,72,38,34
16260,Jaimey,blackhand,1690,mage,frost,161,75,86
16261,Ãshs,archimonde,1690,mage,frost,48,20,28
16262,Frostgodxqt,ravencrest,1689,mage,frost,105,58,47
16263,Алаурс,howling-fjord,1686,mage,frost,42,22,20
16264,Ironhood,nemesis,1685,mage,frost,36,21,15
16265,Swizzy,arathor,1685,mage,frost,64,35,29
16266,Dsmoke,ravencrest,1684,mage,frost,51,25,26
16267,Jenggot,ravencrest,1681,mage,frost,35,18,17
16268,Vilain,tarren-mill,1678,mage,frost,35,18,17
16269,Pharohe,stormscale,1678,mage,frost,52,25,27
16270,Hógwarts,aegwynn,1677,mage,frost,60,34,26
16271,Xirrasho,argent-dawn,1677,mage,frost,42,22,20
16272,Zimbabweborc,burning-legion,1675,mage,frost,64,37,27
16273,Tiqma,sylvanas,1673,mage,frost,42,23,19
16274,Саваннхмаег,blackscar,1665,mage,frost,57,34,23
16275,Tromie,archimonde,1664,mage,frost,83,49,34
16276,Tdv,draenor,1664,mage,frost,45,23,22
16277,Lïppoutou,archimonde,1663,mage,frost,35,18,17
16278,Girldalf,silvermoon,1660,mage,frost,195,99,96
16279,Anaxtra,guldan,1660,mage,frost,135,66,69
16280,Rankonedeep,kazzak,1659,mage,frost,57,34,23
16281,Vilenciaga,kazzak,1659,mage,frost,66,35,31
16282,Snowsánji,blackmoore,1656,mage,frost,41,21,20
16283,Gensorèd,darksorrow,1655,mage,frost,74,36,38
16284,Гекомория,fordragon,1654,mage,frost,74,39,35
16285,Манакса,gordunni,1654,mage,frost,54,24,30
16286,Bigkent,stormscale,1653,mage,frost,48,22,26
16287,Nebbur,dun-modr,1650,mage,frost,54,25,29
16288,Thinamerican,defias-brotherhood,1649,mage,frost,30,20,10
16289,Tagrine,kaelthas,1648,mage,frost,102,49,53
16290,Marybaguette,archimonde,1647,mage,frost,48,22,26
16291,Johnnydeepp,archimonde,1646,mage,frost,36,18,18
16292,Djflashz,archimonde,1644,mage,frost,42,18,24
16293,Firebaw,tarren-mill,1643,mage,frost,36,25,11
16294,Dostoïevskix,hyjal,1640,mage,frost,30,19,11
16295,Nickg,ravencrest,1636,mage,frost,42,21,21
16296,Magerocks,ragnaros,1635,mage,frost,36,20,16
16297,Sondremage,outland,1635,mage,frost,134,60,74
16298,Pezi,outland,1634,mage,frost,50,31,19
16299,Demensida,ravencrest,1634,mage,frost,190,100,90
16300,Xall,silvermoon,1631,mage,frost,36,23,13
16301,Scorchira,outland,1631,mage,frost,30,18,12
16302,Манахк,gordunni,1631,mage,frost,42,19,23
16303,Asiman,eredar,1631,mage,frost,51,22,29
16304,Райоми,fordragon,1630,mage,frost,172,88,84
16305,Ephixis,ravencrest,1630,mage,frost,48,21,27
16306,Thesiôu,ravencrest,1629,mage,frost,36,20,16
16307,Buddi,burning-blade,1629,mage,frost,287,148,139
16308,Озобочений,greymane,1628,mage,frost,49,24,25
16309,Bestial,alexstrasza,1627,mage,frost,100,46,54
16310,Unsaìntly,kult-der-verdammten,1625,mage,frost,37,17,20
16311,Glowie,stormreaver,1623,mage,frost,36,20,16
16312,Xenant,ravencrest,1623,mage,frost,42,18,24
16313,Blasty,guldan,1622,mage,frost,57,25,32
16314,Emerlyn,ragnaros,1618,mage,frost,30,17,13
16315,Sykz,hyjal,1617,mage,frost,65,35,30
16316,Digi,ravencrest,1617,mage,frost,57,22,35
16317,Jonku,tarren-mill,1616,mage,frost,41,21,20
16318,Mumage,blackrock,1614,mage,frost,24,17,7
16319,Covran,stormscale,1614,mage,frost,30,17,13
16320,Манаксаа,gordunni,1612,mage,frost,45,21,24
16321,Trowbe,blackmoore,1611,mage,frost,42,23,19
16322,Xæll,silvermoon,1611,mage,frost,114,61,53
16323,Kaeser,ravencrest,1611,mage,frost,53,28,25
16324,Itzlucky,twisting-nether,1610,mage,frost,141,72,69
16325,Sheepthrillz,blackmoore,1609,mage,frost,41,24,17
16326,Ôbsury,hyjal,1608,mage,frost,100,54,46
16327,Mupana,nagrand,1607,mage,frost,150,76,74
16328,Espressno,ravencrest,1606,mage,frost,30,19,11
16329,Tills,kargath,1606,mage,frost,42,20,22
16330,Ðazzftw,archimonde,1605,mage,frost,24,17,7
16331,Dubstep,blackrock,1605,mage,frost,48,23,25
16332,Stîckî,malganis,1605,mage,frost,51,19,32
16333,Jamzymage,emerald-dream,1604,mage,frost,30,17,13
16334,Copyright,deathwing,1604,mage,frost,36,17,19
16335,Tjq,ravencrest,1603,mage,frost,36,20,16
16336,Noxkin,stormscale,1603,mage,frost,36,17,19
16337,Magethings,kazzak,1603,mage,frost,54,25,29
16338,Фирдаркнесс,howling-fjord,1602,mage,frost,36,19,17
16339,Bzzr,tarren-mill,1601,mage,frost,54,35,19
16340,Réd,earthen-ring,1601,mage,frost,77,36,41
16341,Icefix,dun-modr,1599,mage,frost,119,67,52
16342,Absoluteswag,tarren-mill,1598,mage,frost,39,22,17
16343,Mecharience,rexxar,1597,mage,frost,33,18,15
16344,Iroya,festung-der-stürme,1597,mage,frost,179,90,89
16345,Quinella,ravencrest,1592,mage,frost,96,50,46
16346,Вольняша,azuregos,1591,mage,frost,112,49,63
16347,Sersei,garona,1590,mage,frost,36,17,19
16348,Okayhehexd,dun-morogh,1586,mage,frost,90,51,39
16349,Leafløver,ravencrest,1586,mage,frost,59,30,29
16350,Яшабурстх,blackscar,1583,mage,frost,35,19,16
16351,Joulz,ravencrest,1583,mage,frost,200,94,106
16352,Ёкай,soulflayer,1582,mage,frost,199,111,88
16353,Boomboomciao,nemesis,1578,mage,frost,102,49,53
16354,Óuíja,outland,1576,mage,frost,45,28,17
16355,Nimdáá,stormscale,1575,mage,frost,204,113,91
16356,Takayaki,terokkar,1575,mage,frost,60,31,29
16357,Мибринк,soulflayer,1575,mage,frost,72,32,40
16358,Sekulicgoga,draenor,1572,mage,frost,297,164,133
16359,Iverson,kazzak,1571,mage,frost,57,23,34
16360,Dubbleblast,draenor,1570,mage,frost,48,25,23
16361,Petepan,argent-dawn,1570,mage,frost,109,53,56
16362,Ингилейф,howling-fjord,1570,mage,frost,46,18,28
16363,Datpolytho,twisting-nether,1567,mage,frost,54,36,18
16364,Левелнес,howling-fjord,1567,mage,frost,74,32,42
16365,Ceillech,blackrock,1564,mage,frost,76,38,38
16366,Sheepmaster,aegwynn,1563,mage,frost,36,19,17
16367,Smashdown,blackrock,1562,mage,frost,36,19,17
16368,Vyuca,argent-dawn,1559,mage,frost,52,28,24
16369,Chareyla,argent-dawn,1558,mage,frost,83,42,41
16370,Afterimage,zuljin,1556,mage,frost,122,57,65
16371,Gaduz,kazzak,1556,mage,frost,72,31,41
16372,Apeex,chamber-of-aspects,1555,mage,frost,90,43,47
16373,Homellander,silvermoon,1553,mage,frost,230,122,108
16374,Elynaé,draenor,1550,mage,frost,42,20,22
16375,Mxrrz,kazzak,1547,mage,frost,211,111,100
16376,Icydeadsheep,draenor,1547,mage,frost,72,28,44
16377,Ghalanz,ravencrest,1545,mage,frost,60,29,31
16378,Бингчилинг,howling-fjord,1543,mage,frost,64,30,34
16379,Старкскрим,gordunni,1542,mage,frost,100,48,52
16380,Necizbored,tarren-mill,1539,mage,frost,48,30,18
16381,Icekíss,hyjal,1539,mage,frost,58,29,29
16382,Reðemption,dun-modr,1538,mage,frost,23,17,6
16383,Sakuranosuke,twisting-nether,1534,mage,frost,36,20,16
16384,Newintown,blackmoore,1533,mage,frost,56,30,26
16385,Elcritadoré,ragnaros,1533,mage,frost,45,22,23
16386,Walian,burning-blade,1532,mage,frost,42,24,18
16387,Alluryeine,draenor,1531,mage,frost,59,34,25
16388,Миднаит,gordunni,1531,mage,frost,105,47,58
16389,Wýr,archimonde,1531,mage,frost,48,21,27
16390,Фоулли,howling-fjord,1528,mage,frost,34,17,17
16391,Buffenhance,ravencrest,1527,mage,frost,48,16,32
16392,Fullpolly,twisting-nether,1525,mage,frost,36,23,13
16393,Excuses,chamber-of-aspects,1525,mage,frost,195,94,101
16394,Evilmagíc,tarren-mill,1523,mage,frost,30,16,14
16395,Rihnou,blackmoore,1523,mage,frost,77,33,44
16396,Beaun,tarren-mill,1521,mage,frost,81,43,38
16397,Hbarftw,ravencrest,1521,mage,frost,47,23,24
16398,Manafuzz,outland,1521,mage,frost,36,17,19
16399,Фемна,soulflayer,1519,mage,frost,89,50,39
16400,Xep,ragnaros,1518,mage,frost,30,16,14
16401,Únna,sanguino,1517,mage,frost,75,42,33
16402,Larmp,outland,1517,mage,frost,42,16,26
16403,Ney,drakthul,1516,mage,frost,24,16,8
16404,Гамаюнх,deathguard,1516,mage,frost,36,17,19
16405,Mystikj,arathor,1514,mage,frost,36,16,20
16406,Helminsterr,archimonde,1511,mage,frost,30,16,14
16407,Sangumage,silvermoon,1509,mage,frost,48,24,24
16408,Kaì,twisting-nether,1508,mage,frost,78,45,33
16409,Borêta,blackrock,1506,mage,frost,96,46,50
16410,Widmage,silvermoon,1506,mage,frost,122,55,67
16411,Rexør,frostwolf,1505,mage,frost,54,31,23
16412,Denaleidi,stormscale,1505,mage,frost,54,30,24
16413,Ímnotback,outland,1503,mage,frost,241,124,117
16414,Isralysa,ravencrest,1502,mage,frost,251,131,120
16415,Dzikk,silvermoon,1502,mage,frost,66,34,32
16416,Comodus,ragnaros,1500,mage,frost,84,40,44
16417,Spellcast,ravencrest,1496,mage,frost,33,18,15
16418,Arimila,sylvanas,1491,mage,frost,112,51,61
16419,Мозифрост,gordunni,1490,mage,frost,62,23,39
16420,Realone,ragnaros,1488,mage,frost,30,16,14
16421,Сосулькина,gordunni,1488,mage,frost,95,50,45
16422,Surlancealot,outland,1488,mage,frost,47,20,27
16423,Borko,rashgarroth,1486,mage,frost,36,19,17
16424,Plætinum,ravencrest,1485,mage,frost,186,94,92
16425,Azakadabra,ysondre,1483,mage,frost,49,30,19
16426,Свдпро,deathguard,1483,mage,frost,46,22,24
16427,Корадо,gordunni,1483,mage,frost,120,54,66
16428,Datakrigern,tarren-mill,1480,mage,frost,41,22,19
16429,Scaleeth,kazzak,1479,mage,frost,40,18,22
16430,Тачмахал,soulflayer,1478,mage,frost,60,31,29
16431,Qqpwn,ragnaros,1477,mage,frost,65,32,33
16432,Octtmiss,twisting-nether,1476,mage,frost,33,17,16
16433,Tàylerdarden,nemesis,1472,mage,frost,47,22,25
16434,Rodatudo,ravencrest,1472,mage,frost,82,37,45
16435,Джейнанис,gordunni,1471,mage,frost,64,33,31
16436,Tôke,kaelthas,1467,mage,frost,66,38,28
16437,Вендайса,soulflayer,1467,mage,frost,240,135,105
16438,Kelthuzed,twisting-nether,1466,mage,frost,33,18,15
16439,Shainax,dun-modr,1466,mage,frost,88,45,43
16440,Fïttan,stormscale,1464,mage,frost,44,20,24
16441,Nàtcho,tichondrius,1462,mage,frost,36,20,16
16442,Hernêise,silvermoon,1462,mage,frost,167,87,80
16443,Bigacombusta,tarren-mill,1461,mage,frost,44,17,27
16444,Phélenia,sargeras,1459,mage,frost,72,34,38
16445,Koreanbbq,kazzak,1458,mage,frost,59,29,30
16446,Lolmageop,aegwynn,1457,mage,frost,35,16,19
16447,Hambones,outland,1456,mage,frost,38,16,22
16448,Оай,gordunni,1456,mage,frost,48,19,29
16449,Råståfåri,uldum,1455,mage,frost,60,25,35
16450,Lesoleil,archimonde,1453,mage,frost,30,19,11
16451,Демолюшн,soulflayer,1453,mage,frost,156,72,84
16452,Дарнивил,gordunni,1452,mage,frost,167,85,82
16453,Azkarr,stormscale,1450,mage,frost,59,33,26
16454,Zaruna,arathor,1448,mage,frost,51,26,25
16455,Dllarky,drakthul,1448,mage,frost,48,24,24
16456,Snakebit,kazzak,1448,mage,frost,67,32,35
16457,Khivax,twisting-nether,1448,mage,frost,66,27,39
16458,Woorm,sylvanas,1446,mage,frost,76,44,32
16459,Afklow,pozzo-delleternità,1442,mage,frost,39,21,18
16460,Maquiwizz,aggra-português,1442,mage,frost,48,24,24
16461,Eldariel,ravencrest,1442,mage,frost,83,39,44
16462,Shnitz,stormscale,1436,mage,frost,24,15,9
16463,Novalia,wrathbringer,1435,mage,frost,78,43,35
16464,Hayaka,sanguino,1435,mage,frost,59,30,29
16465,Charliezard,argent-dawn,1435,mage,frost,36,15,21
16466,Hazzá,ravencrest,1433,mage,frost,24,15,9
16467,Maege,ragnaros,1432,mage,frost,32,17,15
16468,Quadekun,tarren-mill,1432,mage,frost,30,15,15
16469,Stillfrostin,blackrock,1430,mage,frost,60,38,22
16470,Аваон,deathguard,1429,mage,frost,81,39,42
16471,Mßs,outland,1429,mage,frost,36,15,21
16472,Пиньон,borean-tundra,1425,mage,frost,36,21,15
16473,Smöked,tarren-mill,1424,mage,frost,264,137,127
16474,Vannq,silvermoon,1422,mage,frost,30,15,15
16475,Gêrky,drakthul,1422,mage,frost,108,53,55
16476,Samath,conseil-des-ombres,1421,mage,frost,36,15,21
16477,Jedite,die-todeskrallen,1420,mage,frost,218,114,104
16478,Naylz,archimonde,1419,mage,frost,30,15,15
16479,Koreanbbq,outland,1414,mage,frost,36,15,21
16480,Hexmath,tarren-mill,1413,mage,frost,30,15,15
16481,Nutsa,silvermoon,1412,mage,frost,24,15,9
16482,Bebarz,darksorrow,1412,mage,frost,89,47,42
16483,Messatsux,tarren-mill,1411,mage,frost,30,15,15
16484,Нонекс,soulflayer,1411,mage,frost,71,33,38
16485,Zionw,frostwolf,1410,mage,frost,121,60,61
16486,Averus,outland,1409,mage,frost,24,15,9
16487,Pipihu,silvermoon,1409,mage,frost,54,27,27
16488,Elcølgaø,sanguino,1406,mage,frost,90,39,51
16489,Quail,anubarak,1402,mage,frost,106,52,54
16490,Sixx,aegwynn,1400,mage,frost,41,19,22
16491,Shagee,stormscale,1399,mage,frost,30,16,14
16492,Pluribusunum,outland,1398,mage,frost,38,17,21
16493,Frèézê,frostwolf,1398,mage,frost,36,16,20
16494,Dabka,argent-dawn,1394,mage,frost,139,69,70
16495,Nightplays,sylvanas,1391,mage,frost,36,22,14
16496,Shüri,kazzak,1391,mage,frost,72,41,31
16497,Фиджарь,soulflayer,1391,mage,frost,87,46,41
16498,Ymirë,khaz-modan,1391,mage,frost,45,20,25
16499,Моритакаа,gordunni,1382,mage,frost,42,22,20
16500,Derbomber,guldan,1382,mage,frost,41,16,25
16501,Iulie,kazzak,1381,mage,frost,168,84,84
16502,Psika,kazzak,1377,mage,frost,79,37,42
16503,Find,archimonde,1373,mage,frost,86,36,50
16504,Caesarclown,silvermoon,1372,mage,frost,125,63,62
16505,Lsdt,stormscale,1372,mage,frost,42,16,26
16506,Oizar,hyjal,1371,mage,frost,48,25,23
16507,Цепнойпёс,goldrinn,1371,mage,frost,34,17,17
16508,Орижн,howling-fjord,1366,mage,frost,53,29,24
16509,Alicánte,silvermoon,1365,mage,frost,66,29,37
16510,Iceorb,azshara,1364,mage,frost,114,52,62
16511,Arlunea,blackmoore,1364,mage,frost,50,20,30
16512,Iceiceice,stormscale,1361,mage,frost,48,25,23
16513,Fractox,ysondre,1360,mage,frost,106,56,50
16514,Cheerió,aggramar,1360,mage,frost,254,118,136
16515,Magitron,wildhammer,1358,mage,frost,29,17,12
16516,Енотмаг,gordunni,1356,mage,frost,42,20,22
16517,Fistersfrizz,aegwynn,1348,mage,frost,36,20,16
16518,Sylênna,kazzak,1347,mage,frost,60,30,30
16519,Katarapower,silvermoon,1346,mage,frost,201,97,104
16520,Morphees,twisting-nether,1345,mage,frost,36,22,14
16521,Manvo,bloodscalp,1345,mage,frost,60,23,37
16522,Ràiku,ravencrest,1344,mage,frost,24,14,10
16523,Jíncks,anachronos,1344,mage,frost,24,14,10
16524,Preí,archimonde,1344,mage,frost,37,15,22
16525,Bolesnimage,draenor,1343,mage,frost,41,24,17
16526,Arnoldkelly,tarren-mill,1342,mage,frost,24,14,10
16527,Obbjob,ravencrest,1342,mage,frost,30,14,16
16528,Firehasse,draenor,1341,mage,frost,92,49,43
16529,Dmmeforcam,archimonde,1340,mage,frost,26,15,11
16530,Apócalyptic,tarren-mill,1340,mage,frost,64,36,28
16531,Jokiss,draenor,1339,mage,frost,114,57,57
16532,Immobilizer,eredar,1339,mage,frost,78,39,39
16533,Анзот,howling-fjord,1338,mage,frost,34,19,15
16534,Деорро,gordunni,1338,mage,frost,30,14,16
16535,Grandbasile,hyjal,1338,mage,frost,30,14,16
16536,Cinoox,blackrock,1337,mage,frost,34,15,19
16537,Animaze,argent-dawn,1335,mage,frost,155,88,67
16538,Tirenia,bloodfeather,1335,mage,frost,41,15,26
16539,Illius,kelthuzad,1334,mage,frost,37,18,19
16540,Spelltastíc,blackmoore,1333,mage,frost,24,14,10
16541,Imbatto,quelthalas,1332,mage,frost,42,20,22
16542,Alktraz,outland,1332,mage,frost,72,32,40
16543,Däpper,ragnaros,1332,mage,frost,36,15,21
16544,Karstnstenzl,blackrock,1331,mage,frost,24,14,10
16545,Shinzel,hyjal,1331,mage,frost,64,26,38
16546,Кройзис,howling-fjord,1328,mage,frost,80,46,34
16547,Игрдлпдров,gordunni,1327,mage,frost,72,34,38
16548,Dïabolike,archimonde,1326,mage,frost,36,22,14
16549,Phenoxi,sylvanas,1325,mage,frost,24,14,10
16550,Laenadria,argent-dawn,1325,mage,frost,71,28,43
16551,Tìnder,tarren-mill,1324,mage,frost,78,40,38
16552,Discomorph,the-maelstrom,1322,mage,frost,24,14,10
16553,Ðíø,twisting-nether,1321,mage,frost,28,15,13
16554,Sused,outland,1321,mage,frost,30,16,14
16555,Гунмаказ,soulflayer,1318,mage,frost,22,16,6
16556,Mdog,stormreaver,1317,mage,frost,68,35,33
16557,Гатмир,gordunni,1316,mage,frost,219,105,114
16558,Alkhazzar,defias-brotherhood,1316,mage,frost,114,48,66
16559,Nups,ravencrest,1315,mage,frost,60,24,36
16560,Kundry,tarren-mill,1314,mage,frost,36,15,21
16561,Лутиум,howling-fjord,1313,mage,frost,181,100,81
16562,Hetaxata,kazzak,1313,mage,frost,32,16,16
16563,Iceym,ravencrest,1313,mage,frost,41,17,24
16564,Bænoß,ravencrest,1312,mage,frost,30,16,14
16565,Quilava,ghostlands,1305,mage,frost,37,19,18
16566,Vrajitöru,doomhammer,1304,mage,frost,26,16,10
16567,Iceterror,ravencrest,1300,mage,frost,24,15,9
16568,Oiklo,eitrigg,1300,mage,frost,55,24,31
16569,Máurus,antonidas,1299,mage,frost,54,21,33
16570,Psychosiss,kazzak,1298,mage,frost,49,27,22
16571,Velâska,malganis,1296,mage,frost,57,32,25
16572,Криолетта,gordunni,1295,mage,frost,54,25,29
16573,Магсимум,ashenvale,1292,mage,frost,35,18,17
16574,Winterblues,frostmourne,1291,mage,frost,36,20,16
16575,Nevaehine,ravencrest,1291,mage,frost,141,72,69
16576,Tarkún,dun-modr,1290,mage,frost,60,35,25
16577,Abolf,twisting-nether,1288,mage,frost,30,16,14
16578,Frostjävel,grim-batol,1288,mage,frost,46,24,22
16579,Seelengott,onyxia,1288,mage,frost,193,98,95
16580,Saucise,hyjal,1287,mage,frost,30,14,16
16581,Zoubaz,archimonde,1286,mage,frost,31,16,15
16582,Umaguma,elune,1284,mage,frost,30,14,16
16583,Destruct,doomhammer,1277,mage,frost,30,18,12
16584,Justleblanc,dalaran,1277,mage,frost,46,18,28
16585,Iggilaus,blackhand,1276,mage,frost,297,147,150
16586,Flakeh,outland,1276,mage,frost,83,40,43
16587,Crackheads,hyjal,1276,mage,frost,42,17,25
16588,Asteria,twisting-nether,1274,mage,frost,142,67,75
16589,Kleini,die-aldor,1273,mage,frost,23,15,8
16590,Silvariy,stormscale,1272,mage,frost,142,71,71
16591,Teuboku,ysondre,1271,mage,frost,43,27,16
16592,Tradez,norgannon,1271,mage,frost,42,17,25
16593,Tacto,ravencrest,1267,mage,frost,142,75,67
16594,Jaghahah,tarren-mill,1266,mage,frost,90,52,38
16595,Lenycz,burning-blade,1266,mage,frost,36,19,17
16596,Морозящий,howling-fjord,1265,mage,frost,138,74,64
16597,Braxxorz,chamber-of-aspects,1261,mage,frost,36,24,12
16598,Дырявка,galakrond,1261,mage,frost,72,32,40
16599,Corpusqq,eredar,1261,mage,frost,36,15,21
16600,Lovësosa,hyjal,1260,mage,frost,41,20,21
16601,Синийлед,galakrond,1260,mage,frost,90,38,52
16602,Daneliam,outland,1259,mage,frost,36,15,21
16603,Shroomie,eredar,1258,mage,frost,78,35,43
16604,Nïo,ravencrest,1256,mage,frost,24,14,10
16605,Левченкопро,soulflayer,1256,mage,frost,145,74,71
16606,Confine,twisting-nether,1252,mage,frost,48,20,28
16607,Crzyubrdrver,blackrock,1246,mage,frost,24,13,11
16608,Jackin,burning-legion,1246,mage,frost,60,27,33
16609,Bengé,ragnaros,1245,mage,frost,22,14,8
16610,Dènzx,ravencrest,1244,mage,frost,18,13,5
16611,Bceps,stormscale,1244,mage,frost,54,29,25
16612,Akúmã,stormscale,1244,mage,frost,173,84,89
16613,Jezí,ghostlands,1244,mage,frost,30,13,17
16614,Xânârchy,minahonda,1242,mage,frost,72,33,39
16615,Dabina,sanguino,1240,mage,frost,48,22,26
16616,Lukewizard,twisting-nether,1239,mage,frost,30,15,15
16617,Titanshao,silvermoon,1237,mage,frost,24,16,8
16618,Esculapìo,nemesis,1236,mage,frost,82,44,38
16619,Вайконд,howling-fjord,1236,mage,frost,50,23,27
16620,Qtiepatootie,silvermoon,1231,mage,frost,151,80,71
16621,Zice,antonidas,1231,mage,frost,28,14,14
16622,Kaaguraa,ravencrest,1230,mage,frost,142,72,70
16623,Quincy,frostwolf,1230,mage,frost,42,20,22
16624,Pyroden,stormscale,1224,mage,frost,42,18,24
16625,Boredpeon,burning-legion,1223,mage,frost,60,31,29
16626,Gliffy,terokkar,1222,mage,frost,49,29,20
16627,Dyx,nemesis,1222,mage,frost,78,33,45
16628,Хблэйз,howling-fjord,1222,mage,frost,36,14,22
16629,Pwntt,terenas,1219,mage,frost,51,20,31
16630,Xhal,hyjal,1217,mage,frost,24,13,11
16631,Suidas,auchindoun,1217,mage,frost,66,28,38
16632,Yenkonidas,blackmoore,1216,mage,frost,36,16,20
16633,Lupuus,anubarak,1215,mage,frost,24,13,11
16634,Airo,drakthul,1215,mage,frost,24,13,11
16635,Faycia,blackhand,1212,mage,frost,72,30,42
16636,Meydoum,archimonde,1209,mage,frost,24,13,11
16637,Olivaresa,ravencrest,1205,mage,frost,50,17,33
16638,Хоф,deathguard,1204,mage,frost,30,13,17
16639,Zevúlòs,ravencrest,1202,mage,frost,42,28,14
16640,Zzombi,sylvanas,1197,mage,frost,75,37,38
16641,Pruneau,hyjal,1194,mage,frost,36,15,21
16642,Rektd,blackhand,1193,mage,frost,133,61,72
16643,Zagori,sylvanas,1193,mage,frost,43,18,25
16644,Phaege,defias-brotherhood,1192,mage,frost,32,15,17
16645,Søphiâ,thrall,1191,mage,frost,72,38,34
16646,Funakin,blackrock,1191,mage,frost,36,13,23
16647,Вескнам,lich-king,1188,mage,frost,72,30,42
16648,Сибиди,gordunni,1185,mage,frost,24,13,11
16649,Гаразлик,howling-fjord,1184,mage,frost,78,31,47
16650,Vathalis,zuluhed,1183,mage,frost,53,19,34
16651,Fleurdelacur,ravencrest,1182,mage,frost,57,29,28
16652,Хируэль,gordunni,1180,mage,frost,98,47,51
16653,Scaless,stormscale,1176,mage,frost,77,37,40
16654,Инкрионити,gordunni,1175,mage,frost,23,13,10
16655,Zvuta,sanguino,1166,mage,frost,18,14,4
16656,Айсвеном,gordunni,1166,mage,frost,36,16,20
16657,Latiny,destromath,1163,mage,frost,53,25,28
16658,Bossgb,twisting-nether,1160,mage,frost,27,15,12
16659,Flamya,stormscale,1160,mage,frost,47,20,27
16660,Райдзен,greymane,1160,mage,frost,51,19,32
16661,Hagiko,archimonde,1156,mage,frost,21,14,7
16662,Baravar,blackrock,1155,mage,frost,35,14,21
16663,Айсбоунт,eversong,1151,mage,frost,49,27,22
16664,Аквамелис,gordunni,1151,mage,frost,24,12,12
16665,Valyndra,twisting-nether,1150,mage,frost,18,12,6
16666,Amicuta,ravencrest,1150,mage,frost,48,24,24
16667,Arcticfury,ravencrest,1149,mage,frost,24,12,12
16668,Anamalhoa,aggra-português,1147,mage,frost,36,18,18
16669,Sukky,todeswache,1146,mage,frost,24,12,12
16670,Блья,howling-fjord,1145,mage,frost,54,31,23
16671,Ayoubz,outland,1145,mage,frost,24,12,12
16672,Kippercarry,outland,1144,mage,frost,24,12,12
16673,Tiltedpapi,ravencrest,1142,mage,frost,46,24,22
16674,Qulinx,kazzak,1142,mage,frost,29,13,16
16675,Mohovik,wildhammer,1141,mage,frost,24,12,12
16676,Maggresive,sylvanas,1140,mage,frost,30,15,15
16677,Учительйода,ashenvale,1139,mage,frost,18,12,6
16678,Frostvirgin,twisting-nether,1138,mage,frost,30,12,18
16679,Frostyfart,tarren-mill,1136,mage,frost,24,12,12
16680,Oathkeepper,silvermoon,1135,mage,frost,124,60,64
16681,Zwölfte,outland,1133,mage,frost,70,37,33
16682,Iamslow,sylvanas,1130,mage,frost,18,12,6
16683,Rafaeala,argent-dawn,1129,mage,frost,118,62,56
16684,Ewina,twisting-nether,1128,mage,frost,24,12,12
16685,Stryee,ragnaros,1128,mage,frost,24,12,12
16686,Momotemp,emerald-dream,1128,mage,frost,92,45,47
16687,Вельдрик,soulflayer,1127,mage,frost,85,41,44
16688,Lêgólás,blackmoore,1119,mage,frost,24,12,12
16689,Ëloenn,dalaran,1119,mage,frost,29,12,17
16690,Lifemagic,chamber-of-aspects,1118,mage,frost,81,43,38
16691,Pinkis,darkmoon-faire,1116,mage,frost,79,40,39
16692,Gacosane,chamber-of-aspects,1113,mage,frost,69,26,43
16693,Kapueca,jaedenar,1110,mage,frost,39,25,14
16694,Kadsy,tarren-mill,1106,mage,frost,35,16,19
16695,Ryydee,silvermoon,1106,mage,frost,76,34,42
16696,Magjaw,twisting-nether,1105,mage,frost,24,14,10
16697,Suikune,twisting-nether,1104,mage,frost,18,12,6
16698,Луциаз,gordunni,1104,mage,frost,41,24,17
16699,Саназэр,soulflayer,1095,mage,frost,66,30,36
16700,Aileean,burning-legion,1087,mage,frost,47,20,27
16701,Dodgezdream,kazzak,1084,mage,frost,16,12,4
16702,Goeb,kazzak,1083,mage,frost,35,14,21
16703,Niivel,ysondre,1082,mage,frost,120,68,52
16704,Килавый,eversong,1080,mage,frost,24,16,8
16705,Broduy,draenor,1079,mage,frost,90,40,50
16706,Çxçx,dun-modr,1077,mage,frost,30,12,18
16707,Aelire,die-aldor,1077,mage,frost,33,12,21
16708,Nazø,archimonde,1076,mage,frost,54,20,34
16709,Roughfked,silvermoon,1075,mage,frost,50,27,23
16710,Isolia,silvermoon,1075,mage,frost,29,12,17
16711,Умелецмаг,gordunni,1072,mage,frost,42,22,20
16712,Cardioexpert,ravencrest,1071,mage,frost,19,12,7
16713,Shivah,onyxia,1068,mage,frost,100,37,63
16714,Дедамаг,eversong,1064,mage,frost,36,18,18
16715,Jodiefroster,bronzebeard,1063,mage,frost,50,29,21
16716,Nåzmyz,outland,1058,mage,frost,42,17,25
16717,Xèrec,ysondre,1058,mage,frost,36,12,24
16718,Pinguíni,aegwynn,1057,mage,frost,42,21,21
16719,Лемозяра,gordunni,1056,mage,frost,12,11,1
16720,Sìsia,ragnaros,1056,mage,frost,18,11,7
16721,Kilstine,outland,1056,mage,frost,18,11,7
16722,Elldiamage,draenor,1056,mage,frost,24,11,13
16723,Dastion,sylvanas,1056,mage,frost,24,11,13
16724,Unsaîntly,kult-der-verdammten,1056,mage,frost,28,11,17
16725,Нереварин,soulflayer,1056,mage,frost,30,11,19
16726,Xläderz,ravencrest,1055,mage,frost,18,11,7
16727,Decedé,dun-modr,1055,mage,frost,18,11,7
16728,Tenetic,thrall,1055,mage,frost,20,11,9
16729,Келлазар,gordunni,1055,mage,frost,24,11,13
16730,Síckmode,khadgar,1055,mage,frost,36,11,25
16731,Rere,zenedar,1054,mage,frost,26,13,13
16732,Kõl,ravencrest,1054,mage,frost,24,11,13
16733,Grömit,drakthul,1053,mage,frost,18,11,7
16734,Scoodles,kazzak,1053,mage,frost,24,11,13
16735,Лакифриз,gordunni,1052,mage,frost,18,11,7
16736,Викликс,borean-tundra,1052,mage,frost,22,13,9
16737,Pixlet,kazzak,1052,mage,frost,30,11,19
16738,Винилочка,deathguard,1051,mage,frost,24,11,13
16739,Бальзамон,eversong,1051,mage,frost,37,15,22
16740,Ízumi,stormscale,1051,mage,frost,30,11,19
16741,Lyramage,draenor,1051,mage,frost,36,11,25
16742,Destrech,aggra-português,1050,mage,frost,18,11,7
16743,Saphiregos,dalaran,1050,mage,frost,94,44,50
16744,Файрусх,blackscar,1049,mage,frost,18,11,7
16745,Chililol,dun-modr,1048,mage,frost,24,11,13
16746,Ryzea,ravencrest,1047,mage,frost,23,15,8
16747,Риктусемпра,ashenvale,1047,mage,frost,18,11,7
16748,Tainted,eredar,1047,mage,frost,24,11,13
16749,Qwixxis,sylvanas,1045,mage,frost,96,44,52
16750,Férécide,ysondre,1045,mage,frost,30,11,19
16751,Ãzi,ravencrest,1042,mage,frost,18,11,7
16752,Nuryielle,blackmoore,1042,mage,frost,24,11,13
16753,Ørcan,azshara,1042,mage,frost,78,29,49
16754,Thry,bronzebeard,1042,mage,frost,30,11,19
16755,Юлианх,gordunni,1039,mage,frost,256,124,132
16756,Khoshgele,draenor,1039,mage,frost,24,11,13
16757,Irreversal,ravencrest,1037,mage,frost,59,27,32
16758,Miidi,doomhammer,1036,mage,frost,30,16,14
16759,Heavyfire,kazzak,1034,mage,frost,18,11,7
16760,Clonefcf,sylvanas,1032,mage,frost,55,31,24
16761,Forestie,silvermoon,1032,mage,frost,50,23,27
16762,Mystto,silvermoon,1030,mage,frost,48,29,19
16763,Snowrain,chogall,1030,mage,frost,47,23,24
16764,Ramcoz,twisting-nether,1029,mage,frost,42,21,21
16765,Tomuru,draenor,1028,mage,frost,39,23,16
16766,Ananaskana,ragnaros,1025,mage,frost,18,11,7
16767,Коласольдом,gordunni,1024,mage,frost,24,11,13
16768,Smõóve,hyjal,1023,mage,frost,69,25,44
16769,Yasheaa,ysondre,1020,mage,frost,23,11,12
16770,Tiefkühler,norgannon,1019,mage,frost,36,19,17
16771,Icyshot,blackhand,1019,mage,frost,24,11,13
16772,Gønzô,blackmoore,1018,mage,frost,49,21,28
16773,Dumbledores,aegwynn,1017,mage,frost,47,19,28
16774,Илайла,booty-bay,1007,mage,frost,15,12,3
16775,Thalaja,kazzak,1005,mage,frost,23,11,12
16776,Этридемус,howling-fjord,1000,mage,frost,42,11,31
16777,Фрайбл,gordunni,997,mage,frost,25,12,13
16778,Schtenen,silvermoon,994,mage,frost,170,77,93
16779,Erzà,todeswache,991,mage,frost,35,18,17
16780,Kumakara,archimonde,981,mage,frost,24,12,12
16781,Zedsdeadbaby,argent-dawn,980,mage,frost,55,25,30
16782,Fashes,sunstrider,977,mage,frost,75,36,39
16783,Dnt,twilights-hammer,974,mage,frost,24,11,13
16784,Neboonu,sylvanas,962,mage,frost,30,14,16
16785,Mlogic,tarren-mill,960,mage,frost,18,10,8
16786,Cosmostms,ravencrest,960,mage,frost,18,10,8
16787,Acx,drakthul,960,mage,frost,18,10,8
16788,Mollymorph,ragnaros,960,mage,frost,24,10,14
16789,Rukiax,blackrock,960,mage,frost,36,10,26
16790,Rinuria,blackrock,959,mage,frost,12,10,2
16791,Тортикток,soulflayer,959,mage,frost,24,10,14
16792,Джинетикс,deathguard,958,mage,frost,18,10,8
16793,Track,blackhand,958,mage,frost,24,10,14
16794,Wslyx,dun-morogh,958,mage,frost,36,10,26
16795,Фростидзе,gordunni,956,mage,frost,24,10,14
16796,Zenó,blackrock,956,mage,frost,30,10,20
16797,Anthrex,drakthul,955,mage,frost,24,10,14
16798,Бабайбайкала,gordunni,951,mage,frost,36,10,26
16799,Haljina,kazzak,949,mage,frost,255,117,138
16800,Celdra,blackrock,949,mage,frost,24,10,14
16801,Shanny,argent-dawn,948,mage,frost,18,10,8
16802,Maybeblood,kazzak,946,mage,frost,28,11,17
16803,Frisstana,outland,946,mage,frost,30,10,20
16804,Evuryl,nemesis,944,mage,frost,24,10,14
16805,Vamelia,blackmoore,944,mage,frost,36,13,23
16806,Chogger,blackmoore,938,mage,frost,30,17,13
16807,Fujitoras,khaz-modan,938,mage,frost,54,25,29
16808,Speedshatter,aegwynn,928,mage,frost,22,10,12
16809,Мосгормаг,gordunni,924,mage,frost,23,10,13
16810,Qwibbly,kazzak,921,mage,frost,17,10,7
16811,Nandie,stormreaver,919,mage,frost,20,11,9
16812,Kótaranka,kazzak,915,mage,frost,29,10,19
16813,Teals,turalyon,915,mage,frost,48,16,32
16814,Piego,turalyon,913,mage,frost,70,37,33
16815,Lìx,ravencrest,911,mage,frost,17,10,7
16816,Toxttr,drakthul,908,mage,frost,18,11,7
16817,Magicoliwia,ysera,905,mage,frost,24,13,11
16818,Mutly,kazzak,900,mage,frost,20,11,9
16819,Døliprane,garona,900,mage,frost,36,19,17
16820,Misscandy,doomhammer,898,mage,frost,79,35,44
16821,Apic,blackrock,897,mage,frost,17,10,7
16822,Мрперут,eversong,895,mage,frost,119,61,58
16823,Venu,dun-modr,895,mage,frost,30,15,15
16824,Funnyzowie,minahonda,895,mage,frost,20,10,10
16825,Pickaachu,doomhammer,893,mage,frost,30,15,15
16826,Çana,thrall,893,mage,frost,22,10,12
16827,Frostspree,wildhammer,892,mage,frost,20,10,10
16828,Wopi,sylvanas,890,mage,frost,36,13,23
16829,Êmmá,blackmoore,885,mage,frost,54,22,32
16830,Sammelbot,kargath,872,mage,frost,48,24,24
16831,Ghostgivree,archimonde,872,mage,frost,48,23,25
16832,Lexalia,blackmoore,869,mage,frost,32,14,18
16833,Xæl,ravencrest,866,mage,frost,57,27,30
16834,Kyomachix,burning-legion,864,mage,frost,12,9,3
16835,Abruaa,tarren-mill,864,mage,frost,12,9,3
16836,Zauberdose,blackhand,864,mage,frost,12,9,3
16837,Fakeklepter,sylvanas,864,mage,frost,12,9,3
16838,Oblív,ravencrest,864,mage,frost,12,9,3
16839,Philoû,archimonde,864,mage,frost,18,9,9
16840,Рй,galakrond,863,mage,frost,18,9,9
16841,Qtpoof,sylvanas,863,mage,frost,18,9,9
16842,Авгурей,howling-fjord,863,mage,frost,18,9,9
16843,Musé,kazzak,863,mage,frost,18,9,9
16844,Næj,hyjal,863,mage,frost,18,9,9
16845,Qqcult,ravencrest,863,mage,frost,18,9,9
16846,Muchmage,silvermoon,863,mage,frost,24,9,15
16847,Слизерин,gordunni,863,mage,frost,24,9,15
16848,Spamblink,archimonde,863,mage,frost,33,9,24
16849,Skretx,archimonde,862,mage,frost,12,9,3
16850,Darkseidez,alonsus,862,mage,frost,18,9,9
16851,Манднесс,azuregos,861,mage,frost,18,9,9
16852,Strychne,ragnaros,860,mage,frost,12,9,3
16853,Raikøn,blackmoore,860,mage,frost,18,9,9
16854,Noviina,argent-dawn,860,mage,frost,18,9,9
16855,Ilikepoly,blackmoore,859,mage,frost,18,9,9
16856,Zanazanelor,twisting-nether,859,mage,frost,18,9,9
16857,Amazona,veklor,859,mage,frost,38,18,20
16858,Naote,blackhand,858,mage,frost,18,9,9
16859,Klésh,nemesis,858,mage,frost,18,9,9
16860,Aûrûm,silvermoon,858,mage,frost,24,9,15
16861,Vexperious,tarren-mill,857,mage,frost,12,9,3
16862,Markasaura,kazzak,856,mage,frost,38,11,27
16863,Voralastor,doomhammer,855,mage,frost,12,9,3
16864,Farrä,dun-modr,854,mage,frost,53,26,27
16865,Arcanik,archimonde,854,mage,frost,30,9,21
16866,Narzoul,ysondre,849,mage,frost,18,9,9
16867,Iceicebáby,draenor,845,mage,frost,24,9,15
16868,Madzía,ravencrest,842,mage,frost,33,16,17
16869,Ezzekkiel,elune,835,mage,frost,18,9,9
16870,Лордбелиал,soulflayer,834,mage,frost,24,9,15
16871,Skyra,les-sentinelles,829,mage,frost,18,9,9
16872,Rintoh,pozzo-delleternità,828,mage,frost,30,9,21
16873,Didub,outland,827,mage,frost,30,9,21
16874,Ттэль,gordunni,820,mage,frost,34,14,20
16875,Zenoss,khaz-modan,815,mage,frost,42,18,24
16876,Aerius,lightnings-blade,813,mage,frost,21,9,12
16877,Lemonshelo,archimonde,806,mage,frost,27,9,18
16878,Frigus,khaz-modan,804,mage,frost,27,9,18
16879,Hooffer,stormscale,797,mage,frost,28,9,19
16880,Jobarttrach,les-clairvoyants,793,mage,frost,126,63,63
16881,Akâri,silvermoon,784,mage,frost,25,9,16
16882,Margistikus,die-aldor,776,mage,frost,111,57,54
16883,Séxmachiné,draenor,768,mage,frost,12,8,4
16884,Subzeraxo,archimonde,768,mage,frost,12,8,4
16885,Arunx,magtheridon,768,mage,frost,12,8,4
16886,Botanicula,the-maelstrom,768,mage,frost,12,8,4
16887,Rillia,argent-dawn,768,mage,frost,12,8,4
16888,Spacehoe,stormscale,768,mage,frost,12,8,4
16889,Serclulz,ravencrest,768,mage,frost,12,8,4
16890,Trashmage,blackrock,768,mage,frost,12,8,4
16891,Гдедипфриз,soulflayer,768,mage,frost,18,8,10
16892,Tærrëñshíll,tarren-mill,768,mage,frost,18,8,10
16893,Nelfchewer,ravencrest,768,mage,frost,18,8,10
16894,Transformo,draenor,768,mage,frost,18,8,10
16895,Väänik,draenor,768,mage,frost,18,8,10
16896,Mðj,kazzak,768,mage,frost,18,8,10
16897,Wambamm,ravencrest,768,mage,frost,24,8,16
16898,Чистокрут,gordunni,768,mage,frost,24,8,16
16899,Zelimeth,outland,768,mage,frost,24,8,16
16900,Blinkfloyd,blackmoore,768,mage,frost,24,8,16
16901,Ilovedana,dun-modr,768,mage,frost,26,8,18
16902,Tajos,drakthul,767,mage,frost,12,8,4
16903,Ia,kirin-tor,767,mage,frost,12,8,4
16904,Zili,draenor,767,mage,frost,12,8,4
16905,Chicke,outland,767,mage,frost,12,8,4
16906,Gagaj,ravencrest,767,mage,frost,12,8,4
16907,Xyfys,azshara,767,mage,frost,12,8,4
16908,Archyl,kazzak,767,mage,frost,18,8,10
16909,Bumbumdead,sylvanas,767,mage,frost,18,8,10
16910,Соорка,gordunni,767,mage,frost,18,8,10
16911,Goodheadcake,ragnaros,767,mage,frost,18,8,10
16912,Khorosho,draenor,767,mage,frost,24,8,16
16913,Vinlimar,drakthul,767,mage,frost,24,8,16
16914,Insanewizard,kazzak,766,mage,frost,12,8,4
16915,Thorstäin,ragnaros,766,mage,frost,12,8,4
16916,Anoez,kargath,766,mage,frost,18,8,10
16917,Кварийм,howling-fjord,766,mage,frost,24,8,16
16918,Illiaria,antonidas,765,mage,frost,12,8,4
16919,Partagedeco,dalaran,765,mage,frost,18,8,10
16920,Ærrflôw,frostwolf,765,mage,frost,18,8,10
16921,Xakiha,kazzak,764,mage,frost,18,8,10
16922,Vignoni,the-maelstrom,764,mage,frost,18,8,10
16923,Skarxaa,sanguino,763,mage,frost,18,8,10
16924,Кельтузат,azuregos,762,mage,frost,12,8,4
16925,Archilól,drakthul,762,mage,frost,18,8,10
16926,Dominos,medivh,762,mage,frost,18,8,10
16927,Полеморв,soulflayer,761,mage,frost,18,8,10
16928,Edwiin,dun-morogh,761,mage,frost,33,9,24
16929,Tomjedusor,hyjal,757,mage,frost,12,8,4
16930,Gnoumen,shadowsong,755,mage,frost,18,8,10
16931,Мерджреквест,howling-fjord,745,mage,frost,17,8,9
16932,Fôôxy,aegwynn,745,mage,frost,23,8,15
16933,Voldemort,bronzebeard,741,mage,frost,27,10,17
16934,Qqlool,draenor,735,mage,frost,23,8,15
16935,Amalou,stormscale,729,mage,frost,32,9,23
16936,Mumpii,blackrock,719,mage,frost,17,8,9
16937,Clitch,blutkessel,715,mage,frost,20,9,11
16938,Blinklet,twisting-nether,713,mage,frost,17,10,7
16939,Kaeki,khaz-modan,708,mage,frost,20,10,10
16940,Чогоце,eversong,705,mage,frost,42,12,30
16941,Emesarry,scarshield-legion,703,mage,frost,11,8,3
16942,Rayniß,blackmoore,702,mage,frost,26,8,18
16943,Щавзорву,gordunni,686,mage,frost,16,8,8
16944,Fîsheye,blackrock,672,mage,frost,12,7,5
16945,Альмодера,gordunni,672,mage,frost,12,7,5
16946,Wortyvery,outland,672,mage,frost,12,7,5
16947,Prinskoekie,twisting-nether,672,mage,frost,12,7,5
16948,Monkeydmafia,blackrock,672,mage,frost,12,7,5
16949,Agus,ravencrest,672,mage,frost,12,7,5
16950,Icéy,kazzak,672,mage,frost,12,7,5
16951,Skyblink,hyjal,672,mage,frost,12,7,5
16952,Njl,blackmoore,672,mage,frost,12,7,5
16953,Gizzoo,draenor,672,mage,frost,12,7,5
16954,Bumboozling,kazzak,672,mage,frost,12,7,5
16955,Yobys,burning-legion,672,mage,frost,12,7,5
16956,Schmutzki,eredar,672,mage,frost,12,7,5
16957,Lyès,uldaman,672,mage,frost,12,7,5
16958,Glindalefay,silvermoon,672,mage,frost,12,7,5
16959,Viro,defias-brotherhood,672,mage,frost,15,8,7
16960,Drandis,blackmoore,672,mage,frost,18,7,11
16961,Mageyreid,quelthalas,672,mage,frost,18,7,11
16962,Dalaras,archimonde,672,mage,frost,18,7,11
16963,Kèj,kazzak,672,mage,frost,18,7,11
16964,Løgi,drakthul,672,mage,frost,18,7,11
16965,Lillelord,defias-brotherhood,672,mage,frost,18,7,11
16966,Drwrey,tarren-mill,672,mage,frost,18,7,11
16967,Aterso,azshara,672,mage,frost,21,8,13
16968,Krookéd,tarren-mill,672,mage,frost,24,7,17
16969,Wàneís,ravencrest,672,mage,frost,24,7,17
16970,Qùb,eldrethalas,671,mage,frost,12,7,5
16971,Geepie,twisting-nether,671,mage,frost,12,7,5
16972,Møstwãntêd,aegwynn,671,mage,frost,12,7,5
16973,Badphaz,frostmane,671,mage,frost,12,7,5
16974,Microsmag,thrall,671,mage,frost,12,7,5
16975,Митгори,gordunni,671,mage,frost,12,7,5
16976,Ellyson,silvermoon,671,mage,frost,12,7,5
16977,Fyriel,burning-legion,671,mage,frost,18,7,11
16978,Ice,sargeras,671,mage,frost,18,7,11
16979,Lylla,cthun,671,mage,frost,18,7,11
16980,Crayz,magtheridon,671,mage,frost,18,7,11
16981,Antaos,drakthul,671,mage,frost,18,7,11
16982,Aern,sinstralis,671,mage,frost,18,7,11
16983,Tjayy,kazzak,671,mage,frost,18,7,11
16984,Chread,bronze-dragonflight,671,mage,frost,18,7,11
16985,Kyrn,zuljin,671,mage,frost,18,7,11
16986,Kalyipso,blackrock,671,mage,frost,30,7,23
16987,Шанлис,gordunni,670,mage,frost,12,7,5
16988,Hotpotatox,ravencrest,670,mage,frost,13,7,6
16989,Placidius,twisting-nether,670,mage,frost,18,7,11
16990,Nery,ravencrest,670,mage,frost,18,7,11
16991,Unreadyx,archimonde,670,mage,frost,18,7,11
16992,Crematorium,argent-dawn,669,mage,frost,19,7,12
16993,Aériza,silvermoon,667,mage,frost,12,7,5
16994,Bolthen,uldum,667,mage,frost,24,7,17
16995,Yojimbot,archimonde,667,mage,frost,36,7,29
16996,Vurtnez,kazzak,665,mage,frost,15,7,8
16997,Listro,argent-dawn,664,mage,frost,12,7,5
16998,Sinanogan,draenor,658,mage,frost,24,7,17
16999,Helloimgone,blackmoore,655,mage,frost,17,7,10
17000,Xatures,tarren-mill,653,mage,frost,23,7,16
17001,Escobar,frostmane,622,mage,frost,20,8,12
17002,Skæde,ravencrest,618,mage,frost,17,11,6
17003,Svanteg,kazzak,618,mage,frost,14,8,6
17004,Hidrax,outland,617,mage,frost,15,9,6
17005,Jockin,stormrage,616,mage,frost,19,8,11
17006,Ioriyagami,dragonmaw,608,mage,frost,22,7,15
17007,Sleîhg,sanguino,607,mage,frost,16,7,9
17008,Shakamage,grim-batol,603,mage,frost,16,7,9
17009,Escapematrix,ravencrest,576,mage,frost,6,6,0
17010,Estonka,ravencrest,576,mage,frost,6,6,0
17011,Tvångstralla,tarren-mill,576,mage,frost,12,6,6
17012,Диппро,soulflayer,576,mage,frost,12,6,6
17013,Kanjani,antonidas,576,mage,frost,12,6,6
17014,Sainth,sanguino,576,mage,frost,12,6,6
17015,Kurtcobain,draenor,576,mage,frost,12,6,6
17016,Ouija,kazzak,576,mage,frost,12,6,6
17017,Elgriefo,sylvanas,576,mage,frost,12,6,6
17018,Glöden,ravencrest,576,mage,frost,12,6,6
17019,Skdroople,ravencrest,576,mage,frost,12,6,6
17020,Унитазныймаг,howling-fjord,576,mage,frost,12,6,6
17021,Insømnium,stormscale,576,mage,frost,12,6,6
17022,Søo,kazzak,576,mage,frost,12,6,6
17023,Titarie,ravencrest,576,mage,frost,12,6,6
17024,Сизаам,howling-fjord,576,mage,frost,12,6,6
17025,Dumblemore,ragnaros,576,mage,frost,12,6,6
17026,Миллерфест,howling-fjord,576,mage,frost,12,6,6
17027,Halfanapple,the-maelstrom,576,mage,frost,12,6,6
17028,Creden,frostmane,576,mage,frost,12,6,6
17029,Froststarr,burning-legion,576,mage,frost,12,6,6
17030,Magicdingo,lightnings-blade,576,mage,frost,12,6,6
17031,Maximilian,pozzo-delleternità,576,mage,frost,12,6,6
17032,Aeternitaz,outland,576,mage,frost,12,6,6
17033,Nécrømage,confrérie-du-thorium,576,mage,frost,12,6,6
17034,Lepronsito,kazzak,576,mage,frost,12,6,6
17035,Ecnaclappy,blackrock,576,mage,frost,12,6,6
17036,Eléaena,argent-dawn,576,mage,frost,12,6,6
17037,Eìnì,kazzak,576,mage,frost,12,6,6
17038,Sickofme,blackmoore,576,mage,frost,12,6,6
17039,Seikatsu,sylvanas,576,mage,frost,18,6,12
17040,Articunoh,ravencrest,576,mage,frost,18,6,12
17041,Ury,hyjal,576,mage,frost,18,6,12
17042,Reeroll,arthas,576,mage,frost,18,6,12
17043,Zikyo,silvermoon,576,mage,frost,18,6,12
17044,Shakeándbake,ravencrest,576,mage,frost,18,6,12
17045,Wenndrid,draenor,576,mage,frost,24,6,18
17046,Yshax,malganis,576,mage,frost,24,6,18
17047,Depai,blackrock,575,mage,frost,12,6,6
17048,Poter,silvermoon,575,mage,frost,12,6,6
17049,Metaboi,ragnaros,575,mage,frost,12,6,6
17050,Yvonnita,chamber-of-aspects,575,mage,frost,12,6,6
17051,Jokèr,silvermoon,575,mage,frost,12,6,6
17052,Zulko,krasus,575,mage,frost,12,6,6
17053,Pitbones,archimonde,575,mage,frost,12,6,6
17054,Razzìatore,pozzo-delleternità,575,mage,frost,13,6,7
17055,Saturator,burning-legion,575,mage,frost,18,6,12
17056,Длинныеухи,blackscar,575,mage,frost,18,6,12
17057,Bloodymage,zenedar,575,mage,frost,18,6,12
17058,Kaptenski,stormscale,575,mage,frost,24,6,18
17059,Galdrari,sylvanas,574,mage,frost,12,6,6
17060,Вхламинка,howling-fjord,574,mage,frost,12,6,6
17061,Bhaâl,hyjal,574,mage,frost,12,6,6
17062,Stilnox,nemesis,574,mage,frost,18,6,12
17063,Pumpzy,tarren-mill,574,mage,frost,18,6,12
17064,Soulcatcheus,archimonde,560,mage,frost,24,6,18
17065,Maran,outland,555,mage,frost,24,6,18
17066,Meign,eredar,537,mage,frost,22,8,14
17067,Mínêrvâ,blackrock,528,mage,frost,15,7,8
17068,Lidin,draenor,527,mage,frost,11,6,5
17069,Nøxas,archimonde,527,mage,frost,17,6,11
17070,Avb,twisting-nether,527,mage,frost,17,6,11
17071,Xyhno,eredar,519,mage,frost,13,7,6
17072,Tschelo,eredar,512,mage,frost,16,6,10
17073,Miihawkk,khaz-modan,510,mage,frost,20,6,14
17074,Magicstorm,anubarak,504,mage,frost,16,6,10
17075,Trøll,nemesis,480,mage,frost,6,5,1
17076,Driana,dragonmaw,480,mage,frost,6,5,1
17077,Hérä,archimonde,480,mage,frost,6,5,1
17078,Veemi,blackmoore,480,mage,frost,6,5,1
17079,Zehnvonzehn,antonidas,480,mage,frost,6,5,1
17080,Chucknoir,draenor,480,mage,frost,6,5,1
17081,Barryscótt,stormscale,480,mage,frost,6,5,1
17082,Ascik,dalaran,480,mage,frost,6,5,1
17083,Magnopvp,sanguino,480,mage,frost,10,6,4
17084,Манахк,blackscar,480,mage,frost,12,5,7
17085,Trevise,ravencrest,480,mage,frost,12,5,7
17086,Vzrmage,antonidas,480,mage,frost,12,5,7
17087,Okey,frostwhisper,480,mage,frost,12,5,7
17088,Venque,blackrock,480,mage,frost,12,5,7
17089,Лрее,gordunni,480,mage,frost,12,5,7
17090,Milkenjoyer,ravencrest,480,mage,frost,12,5,7
17091,Bamz,malganis,480,mage,frost,12,5,7
17092,Kleptomania,archimonde,480,mage,frost,12,5,7
17093,Adagar,chamber-of-aspects,480,mage,frost,12,5,7
17094,Zaurok,sanguino,480,mage,frost,12,5,7
17095,Magenox,blackrock,480,mage,frost,12,5,7
17096,Médivh,archimonde,480,mage,frost,12,5,7
17097,Reznøør,confrérie-du-thorium,480,mage,frost,12,5,7
17098,Ikefire,draenor,480,mage,frost,12,5,7
17099,Burnit,dalaran,480,mage,frost,12,5,7
17100,Zyxiie,sylvanas,480,mage,frost,12,5,7
17101,Chrømy,twisting-nether,480,mage,frost,12,5,7
17102,Gàtsby,outland,480,mage,frost,12,5,7
17103,Thelastmage,outland,480,mage,frost,12,5,7
17104,Néiloth,frostmane,480,mage,frost,12,5,7
17105,Marikisanx,blackmoore,480,mage,frost,12,5,7
17106,Мэлфариус,soulflayer,480,mage,frost,12,5,7
17107,Maestrá,outland,480,mage,frost,12,5,7
17108,Spell,blackmoore,480,mage,frost,12,5,7
17109,Finkle,spinebreaker,480,mage,frost,12,5,7
17110,Shirrunn,the-maelstrom,480,mage,frost,12,5,7
17111,Betomage,blackmoore,480,mage,frost,12,5,7
17112,Primodious,kazzak,480,mage,frost,12,5,7
17113,Funkyfriday,twisting-nether,480,mage,frost,12,5,7
17114,Azegodxlul,kazzak,480,mage,frost,12,5,7
17115,Barzle,blackmoore,480,mage,frost,12,5,7
17116,Pronyma,outland,480,mage,frost,12,5,7
17117,Vapurx,blackmoore,480,mage,frost,12,5,7
17118,Quaile,malygos,480,mage,frost,12,5,7
17119,Leontus,outland,480,mage,frost,12,5,7
17120,Moleester,twisting-nether,480,mage,frost,12,5,7
17121,Moffmage,sylvanas,480,mage,frost,12,5,7
17122,Brolyzerr,archimonde,480,mage,frost,13,5,8
17123,Rusdor,frostwhisper,480,mage,frost,21,6,15
17124,Шипкастермвп,howling-fjord,480,mage,frost,18,5,13
17125,Consquens,aszune,480,mage,frost,18,5,13
17126,Vioulette,elune,480,mage,frost,18,5,13
17127,Edelvise,azjolnerub,480,mage,frost,18,5,13
17128,Xoouuboo,eredar,480,mage,frost,18,5,13
17129,Wukidiwn,draenor,480,mage,frost,18,5,13
17130,Shøcked,blackrock,480,mage,frost,18,5,13
17131,Donishakur,ragnaros,480,mage,frost,19,5,14
17132,Grismage,twisting-nether,480,mage,frost,24,5,19
17133,Intêrnet,archimonde,480,mage,frost,26,5,21
17134,Restinnpiss,twisting-nether,479,mage,frost,6,5,1
17135,Coldstormz,terenas,479,mage,frost,12,5,7
17136,Allotropia,ravencrest,479,mage,frost,12,5,7
17137,Zionara,stormscale,479,mage,frost,12,5,7
17138,Scoxywoxy,ragnaros,479,mage,frost,12,5,7
17139,Шиллаа,blackscar,479,mage,frost,12,5,7
17140,Xýton,azjolnerub,479,mage,frost,12,5,7
17141,Popixx,magtheridon,479,mage,frost,18,5,13
17142,Deletron,ragnaros,479,mage,frost,18,5,13
17143,Feuerflamme,theradras,478,mage,frost,12,5,7
17144,Банана,lich-king,478,mage,frost,12,5,7
17145,Потныйдпс,eversong,478,mage,frost,16,6,10
17146,Kyrox,ysondre,477,mage,frost,24,5,19
17147,Rifinouu,archimonde,476,mage,frost,12,5,7
17148,Polflop,sylvanas,476,mage,frost,12,5,7
17149,Phibonaci,sylvanas,475,mage,frost,12,5,7
17150,Blinkinggoat,ragnaros,448,mage,frost,16,5,11
17151,Swemagus,outland,432,mage,frost,9,5,4
17152,Shunii,ravencrest,431,mage,frost,11,5,6
17153,Dozono,silvermoon,428,mage,frost,15,5,10
17154,Маушко,soulflayer,426,mage,frost,14,7,7
17155,Euklid,ravencrest,416,mage,frost,10,5,5
17156,Торар,deathguard,415,mage,frost,16,5,11
17157,Xerathon,ravencrest,414,mage,frost,16,5,11
17158,Leylus,blackmoore,399,mage,frost,5,5,0
17159,Nightcàller,pozzo-delleternità,384,mage,frost,6,4,2
17160,Pinkusbruh,aggra-português,384,mage,frost,6,4,2
17161,Proudmøøre,argent-dawn,384,mage,frost,6,4,2
17162,Arcitech,tarren-mill,384,mage,frost,6,4,2
17163,Anev,sylvanas,384,mage,frost,6,4,2
17164,Kalterfurz,thrall,384,mage,frost,6,4,2
17165,Willmajacki,blackmoore,384,mage,frost,6,4,2
17166,Doryy,silvermoon,384,mage,frost,6,4,2
17167,Поэтик,soulflayer,384,mage,frost,6,4,2
17168,Sylvîe,tarren-mill,384,mage,frost,6,4,2
17169,Fontaíne,doomhammer,384,mage,frost,6,4,2
17170,Gyanni,blackmoore,384,mage,frost,6,4,2
17171,Sneakii,the-maelstrom,384,mage,frost,6,4,2
17172,Widurr,burning-legion,384,mage,frost,6,4,2
17173,Gravelegacy,quelthalas,384,mage,frost,6,4,2
17174,Ahøllic,frostwolf,384,mage,frost,6,4,2
17175,Ón,burning-steppes,384,mage,frost,6,4,2
17176,Reákan,ragnaros,384,mage,frost,6,4,2
17177,Zerobelow,silvermoon,384,mage,frost,6,4,2
17178,Cesi,silvermoon,384,mage,frost,6,4,2
17179,Friedkek,ravencrest,384,mage,frost,6,4,2
17180,Fuhry,tarren-mill,384,mage,frost,6,4,2
17181,Jodíefroster,doomhammer,384,mage,frost,6,4,2
17182,Drmng,stormscale,384,mage,frost,6,4,2
17183,Leonora,blackhand,384,mage,frost,6,4,2
17184,Nötmârtònxø,ragnaros,384,mage,frost,6,4,2
17185,Shatterdude,kazzak,384,mage,frost,6,4,2
17186,Gnðmeonfire,sylvanas,384,mage,frost,12,4,8
17187,Jazzi,blackrock,384,mage,frost,12,4,8
17188,Doidadetanga,aggra-português,384,mage,frost,12,4,8
17189,Fikkamika,ragnaros,384,mage,frost,12,4,8
17190,Tarovan,defias-brotherhood,384,mage,frost,12,4,8
17191,Ðarkreaver,kaelthas,384,mage,frost,12,4,8
17192,Mopus,ravencrest,384,mage,frost,12,4,8
17193,Wwjd,darksorrow,384,mage,frost,12,4,8
17194,Proffset,outland,384,mage,frost,12,4,8
17195,Kaschnatze,blackmoore,384,mage,frost,12,4,8
17196,Managurke,blackrock,384,mage,frost,12,4,8
17197,Stellarie,sylvanas,384,mage,frost,12,4,8
17198,Facerollyo,tarren-mill,384,mage,frost,12,4,8
17199,Querasimar,blackrock,384,mage,frost,12,4,8
17200,Faunas,kazzak,384,mage,frost,12,4,8
17201,Kuhwar,echsenkessel,384,mage,frost,12,4,8
17202,Roberx,sanguino,384,mage,frost,12,4,8
17203,Зефенжо,howling-fjord,384,mage,frost,12,4,8
17204,Acclay,malganis,384,mage,frost,12,4,8
17205,Lambaa,thrall,384,mage,frost,12,4,8
17206,Ahdetärjag,silvermoon,384,mage,frost,12,4,8
17207,Muntiks,ravencrest,384,mage,frost,12,4,8
17208,Юджегс,soulflayer,384,mage,frost,12,4,8
17209,Newtwo,ravencrest,384,mage,frost,12,4,8
17210,Kukerr,burning-legion,384,mage,frost,12,4,8
17211,Пламяорды,soulflayer,384,mage,frost,12,4,8
17212,Ruténa,aegwynn,384,mage,frost,18,4,14
17213,Blinkmehome,silvermoon,384,mage,frost,18,4,14
17214,Ripdeepfreez,culte-de-la-rive-noire,384,mage,frost,18,4,14
17215,Cavadrex,arathor,384,mage,frost,18,4,14
17216,Wuffwuffspik,grim-batol,383,mage,frost,6,4,2
17217,Juntara,stormscale,383,mage,frost,12,4,8
17218,Скватро,gordunni,383,mage,frost,12,4,8
17219,Brandonjames,ragnaros,383,mage,frost,12,4,8
17220,Труупоед,borean-tundra,383,mage,frost,12,4,8
17221,Malicä,ravencrest,383,mage,frost,30,4,26
17222,Atreu,mazrigos,382,mage,frost,12,4,8
17223,Bisuke,stormscale,367,mage,frost,11,4,7
17224,Whosthemage,kazzak,351,mage,frost,8,5,3
17225,Nebby,argent-dawn,351,mage,frost,11,4,7
17226,Trais,blackrock,336,mage,frost,9,5,4
17227,Tsubas,blackmoore,330,mage,frost,15,5,10
17228,Regenn,kazzak,318,mage,frost,5,4,1
17229,Иксайс,soulflayer,318,mage,frost,27,9,18
17230,Coldnight,uldum,301,mage,frost,13,4,9
17231,Snowberry,blackrock,288,mage,frost,6,3,3
17232,Bigburns,draenor,288,mage,frost,6,3,3
17233,Equálity,blackrock,288,mage,frost,6,3,3
17234,Arandartis,kazzak,288,mage,frost,6,3,3
17235,Orelox,kazzak,288,mage,frost,6,3,3
17236,Rèkt,lightbringer,288,mage,frost,6,3,3
17237,Onegaisenpai,ragnaros,288,mage,frost,6,3,3
17238,ßjwercke,stormscale,288,mage,frost,6,3,3
17239,Овеча,gordunni,288,mage,frost,6,3,3
17240,Swayyx,sylvanas,288,mage,frost,6,3,3
17241,Каперниан,fordragon,288,mage,frost,6,3,3
17242,Merlín,malganis,288,mage,frost,6,3,3
17243,Frökenfrost,stormscale,288,mage,frost,6,3,3
17244,Illîllîllî,blackrock,288,mage,frost,6,3,3
17245,Ørixx,blackhand,288,mage,frost,6,3,3
17246,Broccosoup,kazzak,288,mage,frost,6,3,3
17247,Сайджена,howling-fjord,288,mage,frost,6,3,3
17248,Suitx,draenor,288,mage,frost,6,3,3
17249,Vodjka,nemesis,288,mage,frost,6,3,3
17250,Nevertøxic,ravencrest,288,mage,frost,6,3,3
17251,Invinsible,xavius,288,mage,frost,6,3,3
17252,Crashleaf,argent-dawn,288,mage,frost,6,3,3
17253,Zyllu,argent-dawn,288,mage,frost,6,3,3
17254,Ghayaa,defias-brotherhood,288,mage,frost,6,3,3
17255,Meras,die-ewige-wacht,288,mage,frost,6,3,3
17256,Muuckie,blackrock,288,mage,frost,6,3,3
17257,Eclyftw,blackmoore,288,mage,frost,6,3,3
17258,Дмблдр,soulflayer,288,mage,frost,6,3,3
17259,Wormhole,kazzak,288,mage,frost,6,3,3
17260,Bóósh,alakir,288,mage,frost,6,3,3
17261,Justvik,eredar,288,mage,frost,6,3,3
17262,Aestus,outland,288,mage,frost,6,3,3
17263,Frígíd,outland,288,mage,frost,6,3,3
17264,Amaterâsu,antonidas,288,mage,frost,6,3,3
17265,Dragotus,dragonblight,288,mage,frost,6,3,3
17266,Tommyboy,dragonblight,288,mage,frost,6,3,3
17267,Azrx,blackmoore,288,mage,frost,6,3,3
17268,Luckydo,turalyon,288,mage,frost,6,3,3
17269,Sozie,tarren-mill,288,mage,frost,6,3,3
17270,Zlacked,tarren-mill,288,mage,frost,6,3,3
17271,Panlong,twisting-nether,288,mage,frost,6,3,3
17272,Kebkhadar,ravencrest,288,mage,frost,6,3,3
17273,Nynduriella,teldrassil,288,mage,frost,6,3,3
17274,Narcîsa,sanguino,288,mage,frost,6,3,3
17275,Brunettdelux,archimonde,288,mage,frost,6,3,3
17276,Gotone,tarren-mill,288,mage,frost,6,3,3
17277,Siérra,outland,288,mage,frost,6,3,3
17278,Souleh,ravencrest,288,mage,frost,6,3,3
17279,Askannor,norgannon,288,mage,frost,6,3,3
17280,Cns,tarren-mill,288,mage,frost,6,3,3
17281,Eliosia,drakthul,288,mage,frost,6,3,3
17282,Haginatorr,twisting-nether,288,mage,frost,6,3,3
17283,Gladxp,outland,288,mage,frost,6,3,3
17284,Magekaoz,sylvanas,288,mage,frost,6,3,3
17285,Larsimore,drakthul,288,mage,frost,6,3,3
17286,Milminmage,ravencrest,288,mage,frost,6,3,3
17287,Lzd,ravencrest,288,mage,frost,6,3,3
17288,Mobjar,twisting-nether,288,mage,frost,6,3,3
17289,Волшебну,soulflayer,288,mage,frost,6,3,3
17290,Fboltprocd,ragnaros,288,mage,frost,6,3,3
17291,Нефростмаг,gordunni,288,mage,frost,6,3,3
17292,Сэрруденкент,soulflayer,288,mage,frost,6,3,3
17293,Séptímus,kazzak,288,mage,frost,6,3,3
17294,Xeldary,blackmoore,288,mage,frost,12,3,9
17295,Эммилиарда,gordunni,288,mage,frost,12,3,9
17296,Waterhagx,tarren-mill,288,mage,frost,12,3,9
17297,Micklolz,blackmoore,288,mage,frost,12,3,9
17298,Fernandéz,ravencrest,288,mage,frost,12,3,9
17299,Kaiyn,argent-dawn,288,mage,frost,12,3,9
17300,Cortis,outland,288,mage,frost,12,3,9
17301,Subtempo,silvermoon,288,mage,frost,12,3,9
17302,Paradigma,sylvanas,288,mage,frost,12,3,9
17303,Tadaa,blackmoore,288,mage,frost,12,3,9
17304,Ypy,dragonmaw,288,mage,frost,12,3,9
17305,Elreas,blackmoore,288,mage,frost,12,3,9
17306,Naween,hyjal,288,mage,frost,12,3,9
17307,Hacimari,hyjal,288,mage,frost,12,3,9
17308,Imasheeper,silvermoon,288,mage,frost,12,3,9
17309,Ахиригиз,gordunni,288,mage,frost,12,3,9
17310,Kryptass,aegwynn,288,mage,frost,12,3,9
17311,Котофайв,howling-fjord,288,mage,frost,12,3,9
17312,Gogara,kazzak,288,mage,frost,12,3,9
17313,Phonkim,stormscale,288,mage,frost,12,3,9
17314,Faitha,ravencrest,288,mage,frost,12,3,9
17315,Деметрадон,gordunni,288,mage,frost,12,3,9
17316,Sérc,ravencrest,288,mage,frost,12,3,9
17317,Скайлуйт,gordunni,288,mage,frost,12,3,9
17318,Voraxma,draenor,288,mage,frost,12,3,9
17319,Sikaia,twisting-nether,288,mage,frost,12,3,9
17320,Fumachustas,kazzak,287,mage,frost,6,3,3
17321,Magó,eredar,287,mage,frost,6,3,3
17322,Valtarisoo,amanthul,287,mage,frost,6,3,3
17323,Tsr,burning-legion,287,mage,frost,6,3,3
17324,Kasus,sporeggar,287,mage,frost,12,3,9
17325,Djblink,twisting-nether,287,mage,frost,12,3,9
17326,Familyfrost,thunderhorn,287,mage,frost,12,3,9
17327,Freeto,blackmoore,286,mage,frost,6,3,3
17328,Cybercommand,blackmoore,286,mage,frost,6,3,3
17329,Rosenkrauz,kul-tiras,280,mage,frost,26,3,23
17330,Torryel,silvermoon,256,mage,frost,10,3,7
17331,Кагумми,gordunni,256,mage,frost,16,3,13
17332,Колдунская,gordunni,255,mage,frost,11,3,8
17333,Iif,zirkel-des-cenarius,239,mage,frost,5,3,2
17334,Zeusmon,ragnaros,239,mage,frost,11,3,8
17335,Setyon,burning-legion,223,mage,frost,8,3,5
17336,Mimicassa,defias-brotherhood,221,mage,frost,24,9,15
17337,Шеллестун,soulflayer,208,mage,frost,7,3,4
17338,Estupen,sanguino,192,mage,frost,6,2,4
17339,Smokedaddy,stormscale,192,mage,frost,6,2,4
17340,Balmak,doomhammer,192,mage,frost,6,2,4
17341,Dxdxdxdxdx,drakthul,192,mage,frost,6,2,4
17342,Thegoodoctor,kazzak,192,mage,frost,6,2,4
17343,Piscialetto,nemesis,192,mage,frost,6,2,4
17344,Alleii,kazzak,192,mage,frost,6,2,4
17345,Alieni,stormreaver,192,mage,frost,6,2,4
17346,Etherìon,los-errantes,192,mage,frost,6,2,4
17347,Alirya,stormscale,192,mage,frost,6,2,4
17348,Medium,der-rat-von-dalaran,192,mage,frost,6,2,4
17349,Kobrass,spinebreaker,192,mage,frost,6,2,4
17350,Frazztato,tarren-mill,192,mage,frost,6,2,4
17351,Delvir,stormreaver,192,mage,frost,6,2,4
17352,Meteofrost,draenor,192,mage,frost,6,2,4
17353,Ckrax,sanguino,192,mage,frost,6,2,4
17354,Welt,drakthul,192,mage,frost,6,2,4
17355,Mooryel,burning-legion,192,mage,frost,6,2,4
17356,Devon,haomarush,192,mage,frost,6,2,4
17357,Beardyman,haomarush,192,mage,frost,6,2,4
17358,Mizt,ragnaros,192,mage,frost,6,2,4
17359,Warwizz,sanguino,192,mage,frost,6,2,4
17360,Swørd,aggra-português,192,mage,frost,6,2,4
17361,Proxanlulz,ravencrest,192,mage,frost,6,2,4
17362,Ðøæø,twisting-nether,192,mage,frost,6,2,4
17363,Laciee,silvermoon,192,mage,frost,6,2,4
17364,Ellianor,drakthul,192,mage,frost,6,2,4
17365,Naldora,turalyon,192,mage,frost,6,2,4
17366,Møøk,magtheridon,192,mage,frost,6,2,4
17367,Creak,blackhand,192,mage,frost,6,2,4
17368,Tomia,burning-legion,192,mage,frost,6,2,4
17369,Adetin,tarren-mill,192,mage,frost,6,2,4
17370,Perfection,cthun,192,mage,frost,6,2,4
17371,Heatwavesa,ravencrest,192,mage,frost,6,2,4
17372,Xaerow,archimonde,192,mage,frost,6,2,4
17373,Ehbehad,doomhammer,192,mage,frost,6,2,4
17374,Халадель,howling-fjord,192,mage,frost,6,2,4
17375,Fearbeäch,ravencrest,192,mage,frost,6,2,4
17376,Løxyy,ysondre,192,mage,frost,6,2,4
17377,Magovix,archimonde,192,mage,frost,6,2,4
17378,Rachouu,archimonde,192,mage,frost,6,2,4
17379,Shealá,blackhand,192,mage,frost,6,2,4
17380,Zulkas,stormreaver,192,mage,frost,6,2,4
17381,Gameart,alexstrasza,192,mage,frost,6,2,4
17382,Barspin,lightnings-blade,192,mage,frost,6,2,4
17383,Infamage,draenor,192,mage,frost,6,2,4
17384,Berylton,argent-dawn,192,mage,frost,6,2,4
17385,Frostbringer,archimonde,192,mage,frost,6,2,4
17386,Zerøsílgødx,antonidas,192,mage,frost,6,2,4
17387,Xblaz,draenor,192,mage,frost,6,2,4
17388,Mezaiyh,blackmoore,192,mage,frost,6,2,4
17389,Димаскунфу,howling-fjord,192,mage,frost,6,2,4
17390,Feath,ravencrest,192,mage,frost,6,2,4
17391,Labius,dun-modr,192,mage,frost,6,2,4
17392,Ipen,bloodfeather,192,mage,frost,6,2,4
17393,Elor,eredar,192,mage,frost,6,2,4
17394,Rizzlybear,outland,192,mage,frost,6,2,4
17395,Zheakz,kazzak,192,mage,frost,6,2,4
17396,Sebers,kazzak,192,mage,frost,6,2,4
17397,Yunion,burning-legion,192,mage,frost,6,2,4
17398,Hardways,archimonde,192,mage,frost,6,2,4
17399,Sperow,marécage-de-zangar,192,mage,frost,6,2,4
17400,Blastus,ragnaros,192,mage,frost,6,2,4
17401,Флоой,gordunni,192,mage,frost,6,2,4
17402,Skylezy,blackrock,192,mage,frost,6,2,4
17403,Caststuffatu,sylvanas,192,mage,frost,6,2,4
17404,Xenodike,blackrock,192,mage,frost,6,2,4
17405,Бд,blackscar,192,mage,frost,6,2,4
17406,Chíefsheep,thrall,192,mage,frost,6,2,4
17407,Чоуза,gordunni,192,mage,frost,6,2,4
17408,Arcaneiun,nagrand,192,mage,frost,6,2,4
17409,Ingibjorg,auchindoun,192,mage,frost,6,2,4
17410,Brutal,thrall,192,mage,frost,6,2,4
17411,Stærq,blackrock,192,mage,frost,6,2,4
17412,Treyz,tichondrius,192,mage,frost,6,2,4
17413,Галадриелька,gordunni,192,mage,frost,6,2,4
17414,Sany,anubarak,192,mage,frost,6,2,4
17415,Maveya,blackmoore,192,mage,frost,6,2,4
17416,Burnem,kult-der-verdammten,192,mage,frost,6,2,4
17417,Tygaone,tirion,192,mage,frost,6,2,4
17418,Rapidfrost,drakthul,192,mage,frost,12,2,10
17419,Arinel,stormreaver,192,mage,frost,12,2,10
17420,Bêta,dun-modr,192,mage,frost,12,2,10
17421,Boned,ravencrest,192,mage,frost,12,2,10
17422,Mariujana,ravencrest,192,mage,frost,12,2,10
17423,Myriel,thrall,192,mage,frost,12,2,10
17424,Xawokem,outland,192,mage,frost,12,2,10
17425,Pogmage,blackrock,192,mage,frost,12,2,10
17426,Kbd,outland,192,mage,frost,12,2,10
17427,Luxxurious,xavius,192,mage,frost,12,2,10
17428,Kaevelin,argent-dawn,192,mage,frost,12,2,10
17429,Shallari,argent-dawn,192,mage,frost,12,2,10
17430,Ezìl,nemesis,192,mage,frost,12,2,10
17431,Gylith,kirin-tor,192,mage,frost,12,2,10
17432,Portnography,draenor,192,mage,frost,12,2,10
17433,Freezeballs,blackmoore,192,mage,frost,12,2,10
17434,Atírpá,doomhammer,192,mage,frost,12,2,10
17435,Illiot,twisting-nether,192,mage,frost,12,2,10
17436,Магниффика,blackscar,192,mage,frost,12,2,10
17437,Braínfreeze,kazzak,192,mage,frost,12,2,10
17438,Flamê,ragnaros,192,mage,frost,12,2,10
17439,Shizzy,onyxia,192,mage,frost,12,2,10
17440,Hruon,ravenholdt,192,mage,frost,15,2,13
17441,Duncanidaho,throkferoth,191,mage,frost,6,2,4
17442,Illusionx,grim-batol,191,mage,frost,6,2,4
17443,Sântillius,twisting-nether,191,mage,frost,6,2,4
17444,Aaropalli,kazzak,191,mage,frost,6,2,4
17445,Faithseed,dun-modr,191,mage,frost,6,2,4
17446,Makkertje,silvermoon,191,mage,frost,6,2,4
17447,Mátraxx,silvermoon,191,mage,frost,12,2,10
17448,Hadziaj,doomhammer,191,mage,frost,18,2,16
17449,Magipus,anetheron,190,mage,frost,12,2,10
17450,Bobbasor,defias-brotherhood,186,mage,frost,19,5,14
17451,Proxj,stormscale,175,mage,frost,11,2,9
17452,Dødo,archimonde,159,mage,frost,5,2,3
17453,Azadan,pozzo-delleternità,159,mage,frost,5,2,3
17454,Aerathâ,blackrock,159,mage,frost,5,2,3
17455,Kyan,burning-legion,159,mage,frost,5,2,3
17456,Ivailo,ravencrest,159,mage,frost,5,2,3
17457,Lunnysvet,blackrock,159,mage,frost,5,2,3
17458,Codeincassie,blackhand,138,mage,frost,10,4,6
17459,Rusdorcito,frostwhisper,138,mage,frost,8,3,5
17460,Zôot,ravencrest,138,mage,frost,11,4,7
17461,Drinte,blackmoore,138,mage,frost,10,3,7
17462,Ehren,ravencrest,138,mage,frost,10,3,7
17463,Distrophy,vashj,138,mage,frost,12,3,9
17464,Klivapå,aggramar,128,mage,frost,4,2,2
17465,Skitsó,shadowsong,127,mage,frost,4,2,2
17466,Arghen,nemesis,105,mage,frost,13,3,10
17467,Firestárter,ravencrest,96,mage,frost,3,2,1
17468,Ntintsec,tarren-mill,96,mage,frost,3,2,1
17469,Tabueno,kazzak,96,mage,frost,6,1,5
17470,Graell,archimonde,96,mage,frost,6,1,5
17471,Stace,area-52,96,mage,frost,6,1,5
17472,Meisterg,frostwolf,96,mage,frost,6,1,5
17473,Consulalgeri,archimonde,96,mage,frost,6,1,5
17474,Bananabread,the-maelstrom,96,mage,frost,6,1,5
17475,Arogance,archimonde,96,mage,frost,6,1,5
17476,Ледянойкекс,gordunni,96,mage,frost,6,1,5
17477,Saytmage,ragnaros,96,mage,frost,6,1,5
17478,Fîrestorm,doomhammer,96,mage,frost,6,1,5
17479,Aarcheon,kazzak,96,mage,frost,6,1,5
17480,Pungvre,kazzak,96,mage,frost,6,1,5
17481,Kpacey,guldan,96,mage,frost,6,1,5
17482,Alphaburstqx,ragnaros,96,mage,frost,6,1,5
17483,Колтрэйн,blackscar,96,mage,frost,6,1,5
17484,Dwarfyy,frostmane,96,mage,frost,6,1,5
17485,Petri,laughing-skull,96,mage,frost,6,1,5
17486,Dyen,hyjal,96,mage,frost,6,1,5
17487,Sheeptonreup,archimonde,96,mage,frost,6,1,5
17488,Sílvér,draenor,96,mage,frost,6,1,5
17489,Dzomage,kazzak,96,mage,frost,6,1,5
17490,Kosso,twisting-nether,96,mage,frost,6,1,5
17491,Capz,outland,96,mage,frost,6,1,5
17492,Одз,grom,96,mage,frost,6,1,5
17493,Dphz,tarren-mill,96,mage,frost,6,1,5
17494,Rilac,nordrassil,96,mage,frost,6,1,5
17495,Ekyoo,blackrock,96,mage,frost,6,1,5
17496,Niladyel,hyjal,96,mage,frost,6,1,5
17497,Testoletku,twisting-nether,96,mage,frost,6,1,5
17498,Squìshy,magtheridon,96,mage,frost,6,1,5
17499,Magîny,antonidas,96,mage,frost,6,1,5
17500,Babynilli,ravencrest,96,mage,frost,6,1,5
17501,Холдми,gordunni,96,mage,frost,6,1,5
17502,Romaga,quelthalas,96,mage,frost,6,1,5
17503,Mëgu,silvermoon,96,mage,frost,6,1,5
17504,Teeclis,twisting-nether,96,mage,frost,6,1,5
17505,Magiocre,silvermoon,96,mage,frost,6,1,5
17506,Homeessa,stormreaver,96,mage,frost,6,1,5
17507,Loskapaska,stormreaver,96,mage,frost,6,1,5
17508,Fumandalonso,sanguino,96,mage,frost,6,1,5
17509,Froostii,aegwynn,96,mage,frost,6,1,5
17510,Keïji,khaz-modan,96,mage,frost,6,1,5
17511,Dóncójones,blackrock,96,mage,frost,6,1,5
17512,Nullso,zuljin,96,mage,frost,6,1,5
17513,Nekroulis,agamaggan,96,mage,frost,6,1,5
17514,Devòna,silvermoon,96,mage,frost,6,1,5
17515,Rezre,stormscale,96,mage,frost,6,1,5
17516,Сморгонец,gordunni,96,mage,frost,6,1,5
17517,Мэджиксул,grom,96,mage,frost,6,1,5
17518,Luckymango,alakir,96,mage,frost,6,1,5
17519,Ghelder,drakthul,96,mage,frost,6,1,5
17520,Vali,drakthul,96,mage,frost,6,1,5
17521,Deathbrínger,alakir,96,mage,frost,6,1,5
17522,Dphalos,ravencrest,96,mage,frost,6,1,5
17523,Snowy,sargeras,96,mage,frost,12,1,11
17524,Vïto,zuljin,96,mage,frost,12,1,11
17525,Kyraja,arthas,96,mage,frost,12,1,11
17526,Ploufatak,hyjal,96,mage,frost,18,1,17
17527,Floé,twisting-nether,95,mage,frost,6,1,5
17528,Aurayaa,teldrassil,95,mage,frost,11,1,10
17529,Nalord,saurfang,95,mage,frost,12,1,11
17530,Elkayizer,archimonde,95,mage,frost,12,1,11
17531,Bagss,ysondre,95,mage,frost,12,1,11
17532,Levora,ragnaros,79,mage,frost,5,1,4
17533,Milhoux,ysondre,79,mage,frost,5,1,4
17534,Каппашилка,gordunni,64,mage,frost,4,1,3
17535,Magebraín,ravencrest,63,mage,frost,2,2,0
17536,Gocu,tarren-mill,63,mage,frost,2,2,0
17537,Seyece,silvermoon,48,mage,frost,3,1,2
17538,Ямурайхо,howling-fjord,48,mage,frost,3,1,2
17539,Aeghis,darkspear,42,mage,frost,10,3,7
17540,Grönmonster,shattered-hand,42,mage,frost,7,2,5
17541,Mayreel,antonidas,42,mage,frost,11,3,8
17542,Substitutes,draenor,31,mage,frost,2,1,1
17543,Yoxt,blackhand,31,mage,frost,2,1,1
17544,Интровертка,blackscar,31,mage,frost,2,1,1
17545,Lanere,argent-dawn,16,mage,frost,1,1,0
17546,Flizwiz,ragnaros,16,mage,frost,7,1,6
17547,Xaramael,colinas-pardas,8,mage,frost,9,3,6
17548,Fisterino,zuljin,2304,monk,mistweaver,54,42,12
17549,Fister,zuljin,2295,monk,mistweaver,77,54,23
17550,Cocojones,tarren-mill,2286,monk,mistweaver,108,76,32
17551,Nnsstt,zuljin,2277,monk,mistweaver,104,64,40
17552,Bankmw,tarren-mill,2265,monk,mistweaver,77,52,25
17553,Brickedup,twisting-nether,2246,monk,mistweaver,139,81,58
17554,Kåtsumi,sanguino,2236,monk,mistweaver,95,68,27
17555,Iminar,blackrock,2233,monk,mistweaver,84,54,30
17556,Chsx,ravencrest,2225,monk,mistweaver,132,92,40
17557,Ballademager,magtheridon,2218,monk,mistweaver,96,59,37
17558,Montex,stormscale,2210,monk,mistweaver,96,53,43
17559,Lp,mugthol,2206,monk,mistweaver,78,52,26
17560,Онимэшнеца,gordunni,2170,monk,mistweaver,77,48,29
17561,Øllen,stormscale,2161,monk,mistweaver,107,59,48
17562,Sâu,twisting-nether,2157,monk,mistweaver,92,57,35
17563,Zaerin,eredar,2155,monk,mistweaver,67,39,28
17564,Quendiz,frostwolf,2152,monk,mistweaver,90,49,41
17565,Chichigneux,hyjal,2148,monk,mistweaver,99,67,32
17566,Вульфхильда,soulflayer,2146,monk,mistweaver,246,144,102
17567,Brickeduptwo,twisting-nether,2144,monk,mistweaver,120,90,30
17568,Nawak,archimonde,2144,monk,mistweaver,201,108,93
17569,Meliowo,ravencrest,2141,monk,mistweaver,102,58,44
17570,Çoomðragon,stormscale,2139,monk,mistweaver,48,33,15
17571,Akanetsu,kazzak,2139,monk,mistweaver,138,80,58
17572,Monkield,kazzak,2136,monk,mistweaver,182,120,62
17573,Mønkeÿ,ravencrest,2130,monk,mistweaver,70,42,28
17574,Ltmxy,ravencrest,2127,monk,mistweaver,66,40,26
17575,Vivie,destromath,2126,monk,mistweaver,78,48,30
17576,Umadbrohuh,outland,2126,monk,mistweaver,66,39,27
17577,Фунтос,soulflayer,2124,monk,mistweaver,66,41,25
17578,Mibe,alonsus,2121,monk,mistweaver,126,63,63
17579,Trashcarlita,eredar,2120,monk,mistweaver,84,48,36
17580,Beetlejuicé,stormscale,2118,monk,mistweaver,42,28,14
17581,Loofey,ragnaros,2117,monk,mistweaver,218,128,90
17582,Дамбмонк,blackscar,2116,monk,mistweaver,76,46,30
17583,Tryhârdx,stormscale,2115,monk,mistweaver,96,51,45
17584,Bmane,archimonde,2114,monk,mistweaver,71,40,31
17585,Vanost,kazzak,2114,monk,mistweaver,90,45,45
17586,Bighealz,aggra-português,2113,monk,mistweaver,77,43,34
17587,Dekaramw,ravencrest,2112,monk,mistweaver,42,33,9
17588,Bigbøøty,silvermoon,2112,monk,mistweaver,90,46,44
17589,Cranex,terenas,2109,monk,mistweaver,118,72,46
17590,Glooni,blackrock,2108,monk,mistweaver,75,46,29
17591,Кимлейн,blackscar,2108,monk,mistweaver,48,29,19
17592,Shonbadatret,argent-dawn,2108,monk,mistweaver,90,54,36
17593,Donitrivegas,blackrock,2106,monk,mistweaver,126,85,41
17594,Mememaster,blackhand,2106,monk,mistweaver,172,105,67
17595,Bobthewild,draenor,2104,monk,mistweaver,449,233,216
17596,Sinted,blackmoore,2103,monk,mistweaver,83,52,31
17597,Lifelessons,blackrock,2103,monk,mistweaver,57,34,23
17598,Fisterbean,outland,2103,monk,mistweaver,72,40,32
17599,Swoshz,ragnaros,2103,monk,mistweaver,66,33,33
17600,Blubberwurst,gorgonnash,2102,monk,mistweaver,130,74,56
17601,Webhottie,twisting-nether,2102,monk,mistweaver,155,88,67
17602,Karsat,hyjal,2102,monk,mistweaver,639,339,300
17603,Kurbanov,stormscale,2102,monk,mistweaver,81,42,39
17604,Wajoba,blackhand,2102,monk,mistweaver,114,58,56
17605,Flowy,uldum,2101,monk,mistweaver,60,31,29
17606,Cítysushi,draenor,2100,monk,mistweaver,63,42,21
17607,Глитч,deepholm,2100,monk,mistweaver,66,43,23
17608,Yellowtape,kiljaeden,2100,monk,mistweaver,215,127,88
17609,Dollyqt,ravencrest,2100,monk,mistweaver,90,46,44
17610,Turricane,blackmoore,2100,monk,mistweaver,108,55,53
17611,Commadore,draenor,2097,monk,mistweaver,84,39,45
17612,Monkeystar,archimonde,2092,monk,mistweaver,78,45,33
17613,Botweaver,tarren-mill,2091,monk,mistweaver,48,32,16
17614,Lylleri,darksorrow,2089,monk,mistweaver,68,40,28
17615,Tímmz,blackrock,2088,monk,mistweaver,96,56,40
17616,Kêkburagol,kazzak,2079,monk,mistweaver,168,104,64
17617,Kêkbûrâgól,kazzak,2079,monk,mistweaver,157,89,68
17618,Lyashi,dalaran,2077,monk,mistweaver,84,45,39
17619,Леолайт,borean-tundra,2075,monk,mistweaver,118,68,50
17620,Diorc,outland,2070,monk,mistweaver,80,47,33
17621,Хапаюивтыкаю,gordunni,2069,monk,mistweaver,66,43,23
17622,Pizzabud,ravencrest,2068,monk,mistweaver,64,43,21
17623,Ltmdwarf,ravencrest,2067,monk,mistweaver,84,45,39
17624,Hiryu,argent-dawn,2059,monk,mistweaver,107,65,42
17625,Joke,ragnaros,2059,monk,mistweaver,102,51,51
17626,Bigbummer,blackmoore,2044,monk,mistweaver,144,83,61
17627,Quendi,frostwolf,2043,monk,mistweaver,143,71,72
17628,Tigermw,twisting-nether,2040,monk,mistweaver,67,45,22
17629,Monkeyi,silvermoon,2040,monk,mistweaver,108,57,51
17630,Stringg,zuljin,2036,monk,mistweaver,336,185,151
17631,Zevenblad,stormscale,2036,monk,mistweaver,82,43,39
17632,Loiyah,dun-modr,2034,monk,mistweaver,60,34,26
17633,Коконгкд,blackscar,2027,monk,mistweaver,334,182,152
17634,Mergina,silvermoon,2026,monk,mistweaver,66,37,29
17635,Pennyflame,stormscale,2026,monk,mistweaver,125,67,58
17636,Ruurruuru,archimonde,2022,monk,mistweaver,132,83,49
17637,Adgoh,tarren-mill,2018,monk,mistweaver,58,43,15
17638,Qwertyxo,draenor,2017,monk,mistweaver,123,77,46
17639,Ouhmaikgød,dun-modr,2017,monk,mistweaver,142,71,71
17640,Кулакх,blackscar,2012,monk,mistweaver,106,59,47
17641,Ðalvan,blackrock,2011,monk,mistweaver,78,39,39
17642,Fåtjøë,ravencrest,2010,monk,mistweaver,48,31,17
17643,Flandersmonk,ravencrest,2008,monk,mistweaver,90,57,33
17644,Шортмневноги,howling-fjord,2008,monk,mistweaver,137,74,63
17645,Seeyoulater,nemesis,2004,monk,mistweaver,294,150,144
17646,Суммрачная,gordunni,2002,monk,mistweaver,144,89,55
17647,Ðurîmar,ravencrest,2000,monk,mistweaver,51,31,20
17648,Yoghurtz,frostmourne,1997,monk,mistweaver,186,108,78
17649,Sofunny,blackrock,1995,monk,mistweaver,110,64,46
17650,Inlakech,auchindoun,1992,monk,mistweaver,129,73,56
17651,Mösêê,eredar,1992,monk,mistweaver,88,39,49
17652,Couchfrmikea,twisting-nether,1991,monk,mistweaver,78,42,36
17653,Brxndimonk,antonidas,1990,monk,mistweaver,63,35,28
17654,Teampro,ragnaros,1990,monk,mistweaver,258,138,120
17655,Srdarr,kazzak,1987,monk,mistweaver,90,52,38
17656,Pyrìt,blackhand,1985,monk,mistweaver,54,39,15
17657,Marqinio,archimonde,1984,monk,mistweaver,84,47,37
17658,Holyrop,aegwynn,1982,monk,mistweaver,36,25,11
17659,Môûsè,ravencrest,1981,monk,mistweaver,102,62,40
17660,Øméga,ravencrest,1980,monk,mistweaver,170,115,55
17661,Mharlie,stormscale,1979,monk,mistweaver,184,98,86
17662,Voltzeig,dentarg,1979,monk,mistweaver,288,153,135
17663,Zeoverx,ragnaros,1977,monk,mistweaver,78,36,42
17664,Mistyhoe,twisting-nether,1972,monk,mistweaver,124,68,56
17665,Uao,tarren-mill,1971,monk,mistweaver,66,31,35
17666,Боецкфц,soulflayer,1969,monk,mistweaver,64,37,27
17667,Monkrah,blackmoore,1969,monk,mistweaver,72,37,35
17668,Loiyh,dun-modr,1969,monk,mistweaver,72,35,37
17669,Halùnkè,eredar,1968,monk,mistweaver,177,101,76
17670,Veganweaver,ravencrest,1966,monk,mistweaver,60,37,23
17671,Zonsym,twisting-nether,1966,monk,mistweaver,96,51,45
17672,Magixc,drakthul,1965,monk,mistweaver,104,62,42
17673,Bigmilkies,ysondre,1965,monk,mistweaver,96,52,44
17674,Кулачонка,blackscar,1964,monk,mistweaver,51,28,23
17675,Manatoiled,draenor,1961,monk,mistweaver,54,34,20
17676,Vienuolè,silvermoon,1961,monk,mistweaver,54,30,24
17677,Howtoown,burning-legion,1960,monk,mistweaver,60,34,26
17678,Ганссмонк,blackscar,1960,monk,mistweaver,96,48,48
17679,Kapud,twisting-nether,1958,monk,mistweaver,84,47,37
17680,Pwner,daggerspine,1956,monk,mistweaver,287,151,136
17681,Neszesmonk,ragnaros,1954,monk,mistweaver,220,120,100
17682,Roadrunnér,ravencrest,1952,monk,mistweaver,66,35,31
17683,Shorus,blackmoore,1951,monk,mistweaver,54,37,17
17684,Лабирончик,blackscar,1949,monk,mistweaver,71,50,21
17685,Residùe,kazzak,1946,monk,mistweaver,84,50,34
17686,Capkum,dun-modr,1946,monk,mistweaver,142,76,66
17687,Beili,ravencrest,1946,monk,mistweaver,79,42,37
17688,Skailzkrtwo,hyjal,1943,monk,mistweaver,72,41,31
17689,Manjini,blackhand,1940,monk,mistweaver,92,49,43
17690,Problematic,blackmoore,1932,monk,mistweaver,52,33,19
17691,Пиписечка,gordunni,1932,monk,mistweaver,47,28,19
17692,Stemanit,draenor,1929,monk,mistweaver,77,47,30
17693,Monkeymain,tarren-mill,1926,monk,mistweaver,53,29,24
17694,Arenatwo,outland,1925,monk,mistweaver,93,56,37
17695,Siignmonk,ravencrest,1923,monk,mistweaver,158,85,73
17696,Timmzý,blackmoore,1919,monk,mistweaver,72,50,22
17697,Zanzetsu,twisting-nether,1919,monk,mistweaver,167,92,75
17698,Gronkr,draenor,1916,monk,mistweaver,94,50,44
17699,Djsqx,outland,1915,monk,mistweaver,30,20,10
17700,Tinydolls,archimonde,1915,monk,mistweaver,42,24,18
17701,Ashm,shattered-halls,1915,monk,mistweaver,60,30,30
17702,Гроксси,howling-fjord,1914,monk,mistweaver,128,79,49
17703,Wwvwwvwwvwwv,ragnaros,1913,monk,mistweaver,90,41,49
17704,Siphem,ravencrest,1911,monk,mistweaver,287,154,133
17705,Ûnknöw,archimonde,1910,monk,mistweaver,66,39,27
17706,Meemyo,blackmoore,1904,monk,mistweaver,83,34,49
17707,Moariann,drakthul,1902,monk,mistweaver,120,64,56
17708,Muchobijca,defias-brotherhood,1900,monk,mistweaver,78,44,34
17709,Shirkán,ragnaros,1899,monk,mistweaver,162,90,72
17710,Subàru,draenor,1898,monk,mistweaver,93,60,33
17711,Seventhirty,ravencrest,1896,monk,mistweaver,36,20,16
17712,Luru,outland,1895,monk,mistweaver,65,39,26
17713,Æøwyn,ragnaros,1892,monk,mistweaver,88,61,27
17714,Dmonk,aegwynn,1891,monk,mistweaver,100,46,54
17715,Jam,aerie-peak,1889,monk,mistweaver,24,20,4
17716,Willxmonk,silvermoon,1889,monk,mistweaver,65,34,31
17717,Mafiazøo,hyjal,1888,monk,mistweaver,130,81,49
17718,Melysà,antonidas,1885,monk,mistweaver,45,27,18
17719,Speedahx,dun-modr,1883,monk,mistweaver,62,36,26
17720,Rolxx,twisting-nether,1883,monk,mistweaver,104,53,51
17721,Scribzw,twisting-nether,1880,monk,mistweaver,59,37,22
17722,Jemp,ravencrest,1880,monk,mistweaver,517,292,225
17723,Tierrax,cthun,1880,monk,mistweaver,71,36,35
17724,Deepl,dun-modr,1880,monk,mistweaver,54,27,27
17725,Chanzey,silvermoon,1876,monk,mistweaver,252,139,113
17726,Lmnsx,ravencrest,1875,monk,mistweaver,36,23,13
17727,Nåwãk,archimonde,1875,monk,mistweaver,145,71,74
17728,Meldi,ravencrest,1873,monk,mistweaver,54,32,22
17729,Homes,blackmoore,1872,monk,mistweaver,102,56,46
17730,Monkeycoke,ragnaros,1870,monk,mistweaver,35,21,14
17731,Brxmonki,antonidas,1870,monk,mistweaver,83,45,38
17732,Strillen,twisting-nether,1869,monk,mistweaver,67,35,32
17733,Inuria,ravencrest,1867,monk,mistweaver,78,54,24
17734,Kratzl,blackrock,1867,monk,mistweaver,54,34,20
17735,Uwû,ravencrest,1866,monk,mistweaver,77,56,21
17736,Yuukiiqt,kult-der-verdammten,1866,monk,mistweaver,107,57,50
17737,Ræïzò,dun-morogh,1865,monk,mistweaver,58,34,24
17738,Blantai,tarren-mill,1865,monk,mistweaver,72,35,37
17739,Тащунаскилле,thermaplugg,1862,monk,mistweaver,62,39,23
17740,Jiafei,tarren-mill,1862,monk,mistweaver,42,25,17
17741,Effeots,blackrock,1862,monk,mistweaver,222,116,106
17742,Cptsensey,draenor,1861,monk,mistweaver,42,29,13
17743,Chazu,outland,1861,monk,mistweaver,66,36,30
17744,Youkâi,blackrock,1859,monk,mistweaver,48,31,17
17745,Savagex,sanguino,1859,monk,mistweaver,66,35,31
17746,Dragzol,tarren-mill,1858,monk,mistweaver,144,72,72
17747,Rullsimpa,ravencrest,1858,monk,mistweaver,77,34,43
17748,Shadezz,blackmoore,1857,monk,mistweaver,52,36,16
17749,Sookrates,ragnaros,1857,monk,mistweaver,54,34,20
17750,Aromipesäx,outland,1857,monk,mistweaver,71,35,36
17751,Digzzy,draenor,1856,monk,mistweaver,63,35,28
17752,Waramow,eredar,1855,monk,mistweaver,36,25,11
17753,Supercoach,blackrock,1855,monk,mistweaver,111,65,46
17754,Yexìu,kult-der-verdammten,1855,monk,mistweaver,42,23,19
17755,Фейкнаут,soulflayer,1855,monk,mistweaver,108,57,51
17756,Crôcøpx,blackhand,1855,monk,mistweaver,78,39,39
17757,Døk,twisting-nether,1852,monk,mistweaver,36,24,12
17758,Sugra,frostwolf,1852,monk,mistweaver,63,39,24
17759,Zöumi,ravencrest,1852,monk,mistweaver,124,66,58
17760,Bicmex,archimonde,1852,monk,mistweaver,96,46,50
17761,Muerb,die-arguswacht,1851,monk,mistweaver,45,28,17
17762,Perelman,burning-legion,1851,monk,mistweaver,84,48,36
17763,Haìryplotter,kazzak,1850,monk,mistweaver,226,124,102
17764,Perceptîon,thrall,1849,monk,mistweaver,71,40,31
17765,Çheeks,kazzak,1848,monk,mistweaver,48,26,22
17766,Wrynja,blackmoore,1847,monk,mistweaver,54,32,22
17767,Керизз,gordunni,1846,monk,mistweaver,42,27,15
17768,Кодизи,gordunni,1845,monk,mistweaver,41,28,13
17769,Yamqt,thrall,1845,monk,mistweaver,42,27,15
17770,Kóan,stormscale,1845,monk,mistweaver,105,56,49
17771,Neisha,drakthul,1843,monk,mistweaver,102,63,39
17772,Enveløp,stormscale,1842,monk,mistweaver,42,29,13
17773,Pizelx,alakir,1842,monk,mistweaver,54,28,26
17774,Musclemage,turalyon,1841,monk,mistweaver,60,31,29
17775,Минимонахх,blackscar,1839,monk,mistweaver,78,50,28
17776,Yungsooth,stormscale,1838,monk,mistweaver,53,37,16
17777,Swaghäuser,blackmoore,1838,monk,mistweaver,174,98,76
17778,Pøhx,ragnaros,1837,monk,mistweaver,87,51,36
17779,Shimmichanga,blackrock,1836,monk,mistweaver,65,42,23
17780,Monkdrak,eredar,1835,monk,mistweaver,39,24,15
17781,Jades,emeriss,1835,monk,mistweaver,198,99,99
17782,Toram,burning-legion,1833,monk,mistweaver,60,29,31
17783,Jabington,aegwynn,1832,monk,mistweaver,121,73,48
17784,Рендикаое,soulflayer,1832,monk,mistweaver,199,110,89
17785,Monkbtw,kazzak,1831,monk,mistweaver,36,27,9
17786,Egg,frostmane,1831,monk,mistweaver,42,26,16
17787,Ønlyfäns,kazzak,1831,monk,mistweaver,112,67,45
17788,Jamiedhism,ravencrest,1831,monk,mistweaver,54,28,26
17789,Donkeymønk,hyjal,1830,monk,mistweaver,355,193,162
17790,Santoron,baelgun,1829,monk,mistweaver,75,36,39
17791,Monkwithlove,blackhand,1828,monk,mistweaver,96,57,39
17792,Нубстриимс,gordunni,1828,monk,mistweaver,62,33,29
17793,Mistyfox,aszune,1828,monk,mistweaver,95,45,50
17794,Koguosa,outland,1827,monk,mistweaver,42,32,10
17795,Véxyra,draenor,1827,monk,mistweaver,48,32,16
17796,Lanory,blackmoore,1827,monk,mistweaver,42,26,16
17797,Chitea,argent-dawn,1827,monk,mistweaver,53,30,23
17798,Tráïner,madmortem,1827,monk,mistweaver,161,85,76
17799,Мефодийкун,howling-fjord,1826,monk,mistweaver,108,63,45
17800,Playbîrd,archimonde,1826,monk,mistweaver,100,54,46
17801,Notachi,doomhammer,1825,monk,mistweaver,243,135,108
17802,Porcman,archimonde,1825,monk,mistweaver,141,71,70
17803,Элонхаск,gordunni,1824,monk,mistweaver,54,29,25
17804,Swagmonk,silvermoon,1824,monk,mistweaver,56,30,26
17805,Cåpybårå,outland,1824,monk,mistweaver,249,131,118
17806,Bmwmthree,draenor,1824,monk,mistweaver,48,25,23
17807,Maesha,ahnqiraj,1823,monk,mistweaver,90,57,33
17808,Dmonkz,magtheridon,1823,monk,mistweaver,54,30,24
17809,Vizfist,tarren-mill,1823,monk,mistweaver,54,26,28
17810,Legsweep,blackhand,1822,monk,mistweaver,109,74,35
17811,Grauwe,stormscale,1822,monk,mistweaver,57,35,22
17812,Sadmw,archimonde,1822,monk,mistweaver,48,28,20
17813,Lildaddymonk,ravencrest,1822,monk,mistweaver,54,24,30
17814,Astromune,draenor,1821,monk,mistweaver,53,32,21
17815,Амаранточка,howling-fjord,1820,monk,mistweaver,60,38,22
17816,Trollroll,defias-brotherhood,1820,monk,mistweaver,132,74,58
17817,Mobrac,twisting-nether,1820,monk,mistweaver,50,26,24
17818,Анстапоблх,grom,1820,monk,mistweaver,54,24,30
17819,Hurri,krasus,1819,monk,mistweaver,36,25,11
17820,Claudiå,kazzak,1819,monk,mistweaver,57,29,28
17821,Kungfublyat,twisting-nether,1818,monk,mistweaver,59,43,16
17822,Шэганэ,deathguard,1818,monk,mistweaver,74,45,29
17823,Fistíe,sylvanas,1817,monk,mistweaver,33,22,11
17824,Cøcøøn,blackrock,1816,monk,mistweaver,74,45,29
17825,Taeyhung,thrall,1816,monk,mistweaver,93,55,38
17826,Motang,blackmoore,1816,monk,mistweaver,62,34,28
17827,Mugenzen,sanguino,1816,monk,mistweaver,36,19,17
17828,Precocconx,stormreaver,1816,monk,mistweaver,36,19,17
17829,Polch,archimonde,1816,monk,mistweaver,78,38,40
17830,Твикса,soulflayer,1816,monk,mistweaver,114,54,60
17831,Loiythree,dun-modr,1815,monk,mistweaver,60,29,31
17832,Wrox,sylvanas,1814,monk,mistweaver,60,43,17
17833,Zulein,defias-brotherhood,1814,monk,mistweaver,36,21,15
17834,Тамаз,gordunni,1814,monk,mistweaver,59,24,35
17835,Crñ,blackmoore,1813,monk,mistweaver,44,26,18
17836,Basilbrushxd,stormscale,1813,monk,mistweaver,48,27,21
17837,Людзяо,galakrond,1813,monk,mistweaver,107,59,48
17838,Myeers,dun-modr,1813,monk,mistweaver,168,90,78
17839,Karmasnitch,antonidas,1812,monk,mistweaver,72,41,31
17840,Onlyfist,stormscale,1811,monk,mistweaver,42,28,14
17841,Sugermum,outland,1811,monk,mistweaver,54,31,23
17842,Shâng,blackhand,1810,monk,mistweaver,48,27,21
17843,Xoconut,kazzak,1810,monk,mistweaver,292,160,132
17844,Shyheimyo,outland,1810,monk,mistweaver,54,27,27
17845,Schizacademy,draenor,1809,monk,mistweaver,44,26,18
17846,Yäffa,archimonde,1809,monk,mistweaver,126,71,55
17847,Fìstpwnjk,forscherliga,1808,monk,mistweaver,145,93,52
17848,Errowin,blackmoore,1807,monk,mistweaver,108,68,40
17849,Kilograme,tarren-mill,1806,monk,mistweaver,66,36,30
17850,Kîrânâ,eredar,1806,monk,mistweaver,54,29,25
17851,Ранки,lich-king,1806,monk,mistweaver,60,27,33
17852,Fullzi,dalaran,1805,monk,mistweaver,30,19,11
17853,Maybeexm,ravencrest,1805,monk,mistweaver,48,26,22
17854,Lanvia,argent-dawn,1804,monk,mistweaver,108,63,45
17855,Panson,twisting-nether,1804,monk,mistweaver,54,28,26
17856,Yum,anetheron,1803,monk,mistweaver,90,46,44
17857,Vanicweaver,aegwynn,1802,monk,mistweaver,36,26,10
17858,Fùckaround,emeriss,1802,monk,mistweaver,60,37,23
17859,Notzaele,zuljin,1802,monk,mistweaver,42,23,19
17860,Alprox,moonglade,1802,monk,mistweaver,170,87,83
17861,Monkler,blackhand,1802,monk,mistweaver,90,43,47
17862,Bossmanfred,outland,1801,monk,mistweaver,84,56,28
17863,Monkgolitaxd,dun-modr,1801,monk,mistweaver,240,131,109
17864,Heramonk,dun-modr,1801,monk,mistweaver,58,30,28
17865,Jinxini,twisting-nether,1800,monk,mistweaver,24,19,5
17866,Callysra,archimonde,1800,monk,mistweaver,42,30,12
17867,Pudgefeed,silvermoon,1800,monk,mistweaver,72,42,30
17868,Wrv,kazzak,1800,monk,mistweaver,247,129,118
17869,Monknice,sylvanas,1800,monk,mistweaver,77,40,37
17870,Xarêlla,aegwynn,1800,monk,mistweaver,114,58,56
17871,Hurricaine,hyjal,1799,monk,mistweaver,30,19,11
17872,Vienuole,silvermoon,1798,monk,mistweaver,53,27,26
17873,Brewnox,ragnaros,1797,monk,mistweaver,59,30,29
17874,Killibrew,ravencrest,1796,monk,mistweaver,36,28,8
17875,Нимбмонк,soulflayer,1796,monk,mistweaver,53,25,28
17876,Baatu,frostmane,1794,monk,mistweaver,84,41,43
17877,Shurdax,silvermoon,1793,monk,mistweaver,90,49,41
17878,Snówtea,silvermoon,1792,monk,mistweaver,45,28,17
17879,Butterbean,conseil-des-ombres,1792,monk,mistweaver,45,28,17
17880,Dewamønk,blackmoore,1792,monk,mistweaver,46,28,18
17881,Skïrmíshgødx,ravencrest,1790,monk,mistweaver,54,25,29
17882,Фунтос,gordunni,1788,monk,mistweaver,42,30,12
17883,Lünara,ambossar,1787,monk,mistweaver,90,52,38
17884,Лиянь,soulflayer,1787,monk,mistweaver,108,61,47
17885,Luvmollý,silvermoon,1787,monk,mistweaver,114,57,57
17886,Jorahmarmond,tarren-mill,1786,monk,mistweaver,48,35,13
17887,Bluran,dalaran,1783,monk,mistweaver,76,42,34
17888,Threesíxníne,dun-morogh,1783,monk,mistweaver,42,22,20
17889,Loobee,ravencrest,1782,monk,mistweaver,48,24,24
17890,Cdriscas,aggra-português,1781,monk,mistweaver,119,65,54
17891,Doffm,auchindoun,1780,monk,mistweaver,72,44,28
17892,Zoida,azuremyst,1779,monk,mistweaver,144,70,74
17893,Birgitbuddha,gorgonnash,1776,monk,mistweaver,84,48,36
17894,Shortinlegs,silvermoon,1776,monk,mistweaver,60,32,28
17895,Brysiqtx,aegwynn,1775,monk,mistweaver,75,38,37
17896,Papimonkx,garona,1773,monk,mistweaver,48,22,26
17897,Limbaskalol,dun-modr,1772,monk,mistweaver,211,106,105
17898,Мичан,howling-fjord,1770,monk,mistweaver,122,72,50
17899,Vingurd,terokkar,1768,monk,mistweaver,39,23,16
17900,Soulring,kazzak,1767,monk,mistweaver,63,31,32
17901,Lildaddymunk,ravencrest,1766,monk,mistweaver,36,21,15
17902,Esriin,shattered-hand,1765,monk,mistweaver,36,24,12
17903,Фунтих,soulflayer,1764,monk,mistweaver,40,21,19
17904,Nêøø,blackrock,1760,monk,mistweaver,156,105,51
17905,Bammemw,archimonde,1760,monk,mistweaver,54,25,29
17906,Sícknéss,aegwynn,1759,monk,mistweaver,42,26,16
17907,Räpeltäjä,stormreaver,1757,monk,mistweaver,30,24,6
17908,Mêshuggâh,malganis,1757,monk,mistweaver,48,28,20
17909,Gréèñðrägôñ,stormscale,1756,monk,mistweaver,36,26,10
17910,Ziibaa,outland,1756,monk,mistweaver,75,46,29
17911,Sîono,antonidas,1755,monk,mistweaver,48,34,14
17912,Key,stormreaver,1755,monk,mistweaver,82,50,32
17913,Holyropx,aegwynn,1755,monk,mistweaver,42,25,17
17914,Sniffn,ravencrest,1754,monk,mistweaver,54,35,19
17915,Natsuø,nemesis,1754,monk,mistweaver,36,22,14
17916,Blamethegame,hyjal,1753,monk,mistweaver,35,24,11
17917,Actionsusi,area-52,1753,monk,mistweaver,48,27,21
17918,Päws,kazzak,1751,monk,mistweaver,42,25,17
17919,Stifmeister,tarren-mill,1750,monk,mistweaver,94,50,44
17920,Барлиос,soulflayer,1750,monk,mistweaver,307,161,146
17921,Wiwâ,outland,1750,monk,mistweaver,67,35,32
17922,Jayber,laughing-skull,1749,monk,mistweaver,66,43,23
17923,Sushiroller,blackrock,1749,monk,mistweaver,42,24,18
17924,Эрмилинда,gordunni,1749,monk,mistweaver,54,26,28
17925,Бадика,howling-fjord,1748,monk,mistweaver,221,123,98
17926,Théverre,uldaman,1747,monk,mistweaver,189,119,70
17927,Kaezm,blackrock,1746,monk,mistweaver,42,26,16
17928,Xámell,ravencrest,1746,monk,mistweaver,36,19,17
17929,Dog,garona,1745,monk,mistweaver,84,36,48
17930,Seandyche,ravencrest,1744,monk,mistweaver,34,23,11
17931,Neash,silvermoon,1744,monk,mistweaver,90,51,39
17932,Mcscrub,ragnaros,1742,monk,mistweaver,35,24,11
17933,Jerymonk,tarren-mill,1742,monk,mistweaver,162,91,71
17934,Calmed,tarren-mill,1737,monk,mistweaver,259,148,111
17935,Ipmanlol,archimonde,1736,monk,mistweaver,114,69,45
17936,Mugotea,twisting-nether,1736,monk,mistweaver,66,36,30
17937,Oikodomos,twisting-nether,1735,monk,mistweaver,65,36,29
17938,Fatdad,magtheridon,1735,monk,mistweaver,83,41,42
17939,Piedliés,ravencrest,1733,monk,mistweaver,72,31,41
17940,Taylorghost,ravencrest,1732,monk,mistweaver,50,33,17
17941,Kapitan,sanguino,1732,monk,mistweaver,105,67,38
17942,Аскмилол,deathweaver,1731,monk,mistweaver,76,44,32
17943,Riendy,silvermoon,1731,monk,mistweaver,226,128,98
17944,Nsq,ravencrest,1731,monk,mistweaver,48,26,22
17945,Greentape,kiljaeden,1730,monk,mistweaver,42,27,15
17946,Prototyp,burning-legion,1729,monk,mistweaver,36,23,13
17947,Wørsthealxd,alakir,1728,monk,mistweaver,82,56,26
17948,Brewstea,kazzak,1727,monk,mistweaver,84,40,44
17949,Эифорйя,howling-fjord,1726,monk,mistweaver,58,25,33
17950,Фдма,soulflayer,1724,monk,mistweaver,41,26,15
17951,Yadokaí,darkmoon-faire,1724,monk,mistweaver,48,23,25
17952,Kickin,burning-legion,1723,monk,mistweaver,64,37,27
17953,Chünlii,dun-modr,1723,monk,mistweaver,60,29,31
17954,Nrafflig,draenor,1722,monk,mistweaver,48,32,16
17955,Wajøba,blackhand,1722,monk,mistweaver,36,18,18
17956,Séi,kazzak,1721,monk,mistweaver,36,18,18
17957,Mwrbg,shadowsong,1720,monk,mistweaver,113,63,50
17958,Poohya,silvermoon,1720,monk,mistweaver,36,18,18
17959,Crymonkya,aegwynn,1719,monk,mistweaver,126,78,48
17960,Shehulkk,ravencrest,1719,monk,mistweaver,42,21,21
17961,Chimara,kazzak,1718,monk,mistweaver,79,45,34
17962,Déffly,ravencrest,1717,monk,mistweaver,24,18,6
17963,Акли,gordunni,1717,monk,mistweaver,48,31,17
17964,Нийтринно,howling-fjord,1716,monk,mistweaver,78,44,34
17965,Pogimonkey,ragnaros,1715,monk,mistweaver,54,28,26
17966,Alë,argent-dawn,1714,monk,mistweaver,105,65,40
17967,Blacktee,eredar,1714,monk,mistweaver,36,21,15
17968,Merína,ragnaros,1714,monk,mistweaver,207,109,98
17969,Olympiiee,archimonde,1713,monk,mistweaver,293,157,136
17970,Xineeaa,outland,1712,monk,mistweaver,88,50,38
17971,Ashjaxa,silvermoon,1710,monk,mistweaver,42,18,24
17972,Enoffovicz,archimonde,1709,monk,mistweaver,48,34,14
17973,Ivanzamonka,stormscale,1708,monk,mistweaver,71,47,24
17974,Behrens,defias-brotherhood,1708,monk,mistweaver,39,23,16
17975,Babbub,tarren-mill,1707,monk,mistweaver,60,36,24
17976,Bigdaddypump,blackmoore,1707,monk,mistweaver,42,25,17
17977,Tjann,stormscale,1706,monk,mistweaver,48,33,15
17978,Бладмонки,soulflayer,1706,monk,mistweaver,60,38,22
17979,Shyheim,outland,1705,monk,mistweaver,48,36,12
17980,Pamtu,dun-modr,1704,monk,mistweaver,78,49,29
17981,Öhlinmonk,outland,1704,monk,mistweaver,42,24,18
17982,Kebabrolle,blackrock,1704,monk,mistweaver,42,21,21
17983,Adis,nerathor,1703,monk,mistweaver,48,28,20
17984,Moontríx,kazzak,1703,monk,mistweaver,48,21,27
17985,Djpunchable,blackrock,1701,monk,mistweaver,35,26,9
17986,Hôn,sanguino,1701,monk,mistweaver,41,29,12
17987,Lurklee,blackhand,1701,monk,mistweaver,48,27,21
17988,Shigong,hellscream,1700,monk,mistweaver,66,36,30
17989,Fulgrem,stormscale,1699,monk,mistweaver,75,46,29
17990,Trifogeorge,archimonde,1699,monk,mistweaver,36,21,15
17991,Evad,kazzak,1698,monk,mistweaver,66,41,25
17992,Erapanzon,nemesis,1698,monk,mistweaver,36,22,14
17993,Wernos,archimonde,1698,monk,mistweaver,48,25,23
17994,Rullefald,stormscale,1697,monk,mistweaver,102,57,45
17995,Stramonk,nemesis,1696,monk,mistweaver,189,94,95
17996,Onlyfunn,sanguino,1695,monk,mistweaver,75,42,33
17997,Вакидзави,gordunni,1694,monk,mistweaver,48,31,17
17998,Кикподхвост,blackscar,1694,monk,mistweaver,66,29,37
17999,Pikemi,dun-modr,1692,monk,mistweaver,78,48,30
18000,Фучой,howling-fjord,1692,monk,mistweaver,57,34,23
18001,Pitrols,twisting-nether,1692,monk,mistweaver,237,134,103
18002,Táuriéll,eredar,1692,monk,mistweaver,36,18,18
18003,Кербю,gordunni,1690,monk,mistweaver,42,23,19
18004,Taekwonroll,stormscale,1688,monk,mistweaver,30,18,12
18005,Binkote,zuljin,1688,monk,mistweaver,107,64,43
18006,Irêfutabil,sylvanas,1688,monk,mistweaver,63,34,29
18007,Kukn,twisting-nether,1686,monk,mistweaver,87,44,43
18008,Patiencebro,archimonde,1686,monk,mistweaver,54,27,27
18009,Onaiâ,ravencrest,1685,monk,mistweaver,37,26,11
18010,Hamsster,ravencrest,1684,monk,mistweaver,128,66,62
18011,Konnîchîwa,kazzak,1683,monk,mistweaver,149,80,69
18012,Saáru,argent-dawn,1682,monk,mistweaver,66,41,25
18013,Suliya,zuluhed,1681,monk,mistweaver,48,28,20
18014,Zlodey,laughing-skull,1679,monk,mistweaver,37,23,14
18015,Mîstxd,kazzak,1679,monk,mistweaver,53,30,23
18016,Simonex,ravencrest,1678,monk,mistweaver,24,18,6
18017,ßojo,kazzak,1677,monk,mistweaver,81,53,28
18018,Papours,ysondre,1676,monk,mistweaver,30,22,8
18019,Milksbtw,kazzak,1676,monk,mistweaver,113,79,34
18020,Монккд,gordunni,1675,monk,mistweaver,183,105,78
18021,Cykatea,dun-modr,1675,monk,mistweaver,396,211,185
18022,Aseidith,tarren-mill,1672,monk,mistweaver,48,26,22
18023,Аци,blackscar,1671,monk,mistweaver,47,31,16
18024,Dokternelg,silvermoon,1671,monk,mistweaver,36,23,13
18025,Hokespokus,silvermoon,1671,monk,mistweaver,59,37,22
18026,Jolude,nemesis,1671,monk,mistweaver,90,47,43
18027,Артэкрио,soulflayer,1669,monk,mistweaver,54,37,17
18028,Milkhy,minahonda,1669,monk,mistweaver,148,73,75
18029,Bullergøjen,ravencrest,1668,monk,mistweaver,78,52,26
18030,Elmezz,burning-legion,1668,monk,mistweaver,39,19,20
18031,Macpunchy,defias-brotherhood,1667,monk,mistweaver,48,28,20
18032,Zorkev,dun-modr,1667,monk,mistweaver,113,63,50
18033,Dearmw,silvermoon,1666,monk,mistweaver,90,50,40
18034,Diffenbachia,outland,1665,monk,mistweaver,87,58,29
18035,Fisterinos,blackrock,1665,monk,mistweaver,114,73,41
18036,Steveé,kazzak,1664,monk,mistweaver,36,25,11
18037,Féfè,archimonde,1663,monk,mistweaver,42,22,20
18038,Calli,auchindoun,1662,monk,mistweaver,82,42,40
18039,Insømnia,ragnaros,1660,monk,mistweaver,34,21,13
18040,Jacksa,bronze-dragonflight,1660,monk,mistweaver,152,74,78
18041,Linshai,eredar,1659,monk,mistweaver,36,23,13
18042,Rhatid,twisting-nether,1657,monk,mistweaver,161,87,74
18043,Репаблликуес,gordunni,1656,monk,mistweaver,34,20,14
18044,Varyat,uldum,1656,monk,mistweaver,41,24,17
18045,Ultdave,eredar,1655,monk,mistweaver,129,72,57
18046,Trollandroll,stormscale,1655,monk,mistweaver,131,71,60
18047,Эддрос,gordunni,1655,monk,mistweaver,66,35,31
18048,Mangi,rexxar,1655,monk,mistweaver,72,37,35
18049,Incmines,ravencrest,1655,monk,mistweaver,62,30,32
18050,Botspec,twisting-nether,1654,monk,mistweaver,69,46,23
18051,Callmeks,stormscale,1654,monk,mistweaver,30,20,10
18052,Kaàli,pozzo-delleternità,1654,monk,mistweaver,36,21,15
18053,Meltfistqt,ravencrest,1654,monk,mistweaver,112,52,60
18054,Maikez,stormreaver,1654,monk,mistweaver,46,19,27
18055,Inear,chogall,1651,monk,mistweaver,190,100,90
18056,Ínsanez,dun-modr,1651,monk,mistweaver,36,18,18
18057,Джулибубба,borean-tundra,1650,monk,mistweaver,48,30,18
18058,Handarbetare,ravencrest,1650,monk,mistweaver,52,24,28
18059,Coularx,stormscale,1649,monk,mistweaver,42,21,21
18060,Skailzkrt,hyjal,1649,monk,mistweaver,43,19,24
18061,Varea,blackrock,1648,monk,mistweaver,95,47,48
18062,Orfantal,ravencrest,1647,monk,mistweaver,102,60,42
18063,Otemøøn,sanguino,1646,monk,mistweaver,45,25,20
18064,Mankee,kazzak,1646,monk,mistweaver,109,57,52
18065,Yukimøn,hyjal,1645,monk,mistweaver,86,60,26
18066,Dicedkiwi,quelthalas,1645,monk,mistweaver,209,119,90
18067,Evâ,stormscale,1645,monk,mistweaver,58,32,26
18068,Darlaa,ravencrest,1644,monk,mistweaver,29,18,11
18069,Imeon,dun-modr,1644,monk,mistweaver,30,18,12
18070,Эрмонд,soulflayer,1644,monk,mistweaver,44,23,21
18071,Unsanegodx,ravencrest,1643,monk,mistweaver,54,38,16
18072,Eugenn,alonsus,1643,monk,mistweaver,52,29,23
18073,Jingfeng,arthas,1643,monk,mistweaver,131,60,71
18074,Nepho,twisting-nether,1642,monk,mistweaver,38,23,15
18075,Rogvi,argent-dawn,1642,monk,mistweaver,186,88,98
18076,Hajlong,outland,1641,monk,mistweaver,42,21,21
18077,Mer,outland,1640,monk,mistweaver,44,24,20
18078,Risesx,blackmoore,1640,monk,mistweaver,60,27,33
18079,Fistify,destromath,1639,monk,mistweaver,24,20,4
18080,Saneshayne,ravencrest,1639,monk,mistweaver,29,18,11
18081,Факенщет,soulflayer,1639,monk,mistweaver,60,34,26
18082,Amatör,frostwolf,1638,monk,mistweaver,30,20,10
18083,Timboqt,blackmoore,1638,monk,mistweaver,70,43,27
18084,Uftis,thrall,1637,monk,mistweaver,77,56,21
18085,Uckkm,ragnaros,1637,monk,mistweaver,42,24,18
18086,Apolskis,ravencrest,1636,monk,mistweaver,42,30,12
18087,Xameht,the-maelstrom,1636,monk,mistweaver,98,49,49
18088,Frednmonk,twisting-nether,1635,monk,mistweaver,48,26,22
18089,Karoou,kelthuzad,1635,monk,mistweaver,89,48,41
18090,Mistïnguette,dalaran,1634,monk,mistweaver,210,120,90
18091,Quotes,darksorrow,1634,monk,mistweaver,54,26,28
18092,Shiftkin,stormscale,1634,monk,mistweaver,48,22,26
18093,Akkadianx,ravencrest,1633,monk,mistweaver,59,34,25
18094,Raveleth,silvermoon,1632,monk,mistweaver,36,21,15
18095,Youssee,silvermoon,1632,monk,mistweaver,192,105,87
18096,Bonk,defias-brotherhood,1631,monk,mistweaver,47,22,25
18097,Schane,zuluhed,1630,monk,mistweaver,24,18,6
18098,Quickmist,draenor,1630,monk,mistweaver,95,57,38
18099,Elvand,twisting-nether,1630,monk,mistweaver,72,41,31
18100,Orcimon,draenor,1630,monk,mistweaver,30,17,13
18101,Shyreen,zirkel-des-cenarius,1630,monk,mistweaver,47,25,22
18102,Áyell,archimonde,1629,monk,mistweaver,117,69,48
18103,Brüderlichke,elune,1629,monk,mistweaver,48,21,27
18104,Rashakura,blackrock,1628,monk,mistweaver,36,23,13
18105,Ryx,twisting-nether,1628,monk,mistweaver,49,22,27
18106,Løta,blackmoore,1627,monk,mistweaver,30,20,10
18107,Papermakerx,blackrock,1627,monk,mistweaver,46,28,18
18108,Çz,tarren-mill,1627,monk,mistweaver,36,20,16
18109,Soulxq,blackrock,1626,monk,mistweaver,135,74,61
18110,Twistie,aegwynn,1626,monk,mistweaver,36,17,19
18111,Йорита,soulflayer,1625,monk,mistweaver,30,17,13
18112,Фапдао,howling-fjord,1625,monk,mistweaver,236,126,110
18113,Старыйхиро,gordunni,1624,monk,mistweaver,24,17,7
18114,Correforrest,dun-modr,1624,monk,mistweaver,105,66,39
18115,Yotke,ravencrest,1624,monk,mistweaver,48,30,18
18116,Yto,gorgonnash,1624,monk,mistweaver,30,17,13
18117,Endir,mazrigos,1623,monk,mistweaver,101,62,39
18118,Rulletunna,grim-batol,1623,monk,mistweaver,42,25,17
18119,Elhäbedehä,eredar,1622,monk,mistweaver,182,90,92
18120,Issho,der-rat-von-dalaran,1620,monk,mistweaver,36,19,17
18121,Almonkdiga,sanguino,1620,monk,mistweaver,42,19,23
18122,Deadlywuu,antonidas,1619,monk,mistweaver,71,44,27
18123,Olgachocolat,blackmoore,1618,monk,mistweaver,96,72,24
18124,Mimimatrick,hyjal,1618,monk,mistweaver,48,28,20
18125,Jpstwo,gorgonnash,1617,monk,mistweaver,54,28,26
18126,Jetleê,eredar,1617,monk,mistweaver,138,71,67
18127,Phyxone,twisting-nether,1616,monk,mistweaver,36,20,16
18128,Kwa,grim-batol,1616,monk,mistweaver,69,37,32
18129,Jiuhjitsu,blackmoore,1616,monk,mistweaver,42,21,21
18130,Fansolini,burning-legion,1616,monk,mistweaver,46,22,24
18131,Vasknem,hyjal,1615,monk,mistweaver,66,45,21
18132,Ceeja,blackmoore,1615,monk,mistweaver,137,76,61
18133,Kaizetsu,drakthul,1614,monk,mistweaver,36,27,9
18134,Wwception,blackrock,1614,monk,mistweaver,38,22,16
18135,Sensorium,ravencrest,1614,monk,mistweaver,108,59,49
18136,Watchmedamp,draenor,1613,monk,mistweaver,176,104,72
18137,Encanthar,blackhand,1613,monk,mistweaver,237,123,114
18138,Junâ,les-sentinelles,1613,monk,mistweaver,37,19,18
18139,Zanizu,blackhand,1612,monk,mistweaver,60,33,27
18140,Sart,aerie-peak,1612,monk,mistweaver,42,22,20
18141,Zodyiac,blackrock,1611,monk,mistweaver,41,29,12
18142,Koraxx,blackmoore,1611,monk,mistweaver,90,46,44
18143,Сэм,gordunni,1610,monk,mistweaver,30,21,9
18144,Arimira,outland,1610,monk,mistweaver,80,46,34
18145,Yulonian,argent-dawn,1609,monk,mistweaver,66,45,21
18146,Биак,howling-fjord,1609,monk,mistweaver,38,23,15
18147,Slizzlie,outland,1609,monk,mistweaver,45,26,19
18148,Kitingbuddha,aegwynn,1609,monk,mistweaver,114,62,52
18149,Plebmonkx,frostmane,1609,monk,mistweaver,185,98,87
18150,Nirexi,blackrock,1609,monk,mistweaver,63,32,31
18151,Лолидевочка,soulflayer,1609,monk,mistweaver,61,24,37
18152,Chiuna,sylvanas,1608,monk,mistweaver,36,20,16
18153,Ignygodx,ragnaros,1608,monk,mistweaver,35,19,16
18154,Cerrya,silvermoon,1608,monk,mistweaver,48,21,27
18155,Ulns,blackrock,1607,monk,mistweaver,60,25,35
18156,Òó,vashj,1606,monk,mistweaver,66,33,33
18157,Gronoz,drakthul,1605,monk,mistweaver,90,57,33
18158,Happymonktwo,ravencrest,1605,monk,mistweaver,124,64,60
18159,Igozoom,draenor,1604,monk,mistweaver,36,29,7
18160,Crazydingo,lightnings-blade,1604,monk,mistweaver,72,51,21
18161,Авентусс,howling-fjord,1603,monk,mistweaver,36,27,9
18162,Chinmachine,kazzak,1603,monk,mistweaver,66,39,27
18163,Bamiegoreng,aegwynn,1603,monk,mistweaver,30,17,13
18164,Амаззонния,soulflayer,1603,monk,mistweaver,168,86,82
18165,Cochonhalall,archimonde,1603,monk,mistweaver,36,17,19
18166,Xurf,draenor,1602,monk,mistweaver,30,22,8
18167,Lizardspock,hyjal,1602,monk,mistweaver,30,17,13
18168,Räyh,outland,1602,monk,mistweaver,57,31,26
18169,Makïi,archimonde,1601,monk,mistweaver,179,108,71
18170,Waitaminute,outland,1601,monk,mistweaver,142,85,57
18171,Zýru,ragnaros,1601,monk,mistweaver,65,38,27
18172,Yörg,eredar,1600,monk,mistweaver,51,30,21
18173,Snookzlol,aegwynn,1600,monk,mistweaver,65,38,27
18174,Setup,thrall,1600,monk,mistweaver,197,111,86
18175,Jcchi,xavius,1597,monk,mistweaver,72,37,35
18176,Hardi,chamber-of-aspects,1597,monk,mistweaver,90,44,46
18177,Vooxis,drakthul,1596,monk,mistweaver,60,35,25
18178,Notdearmw,shattered-hand,1595,monk,mistweaver,30,20,10
18179,Zenfir,sylvanas,1593,monk,mistweaver,74,46,28
18180,Chàrràth,blackmoore,1593,monk,mistweaver,121,62,59
18181,Texiq,drakthul,1591,monk,mistweaver,48,32,16
18182,Carlteaz,drakthul,1590,monk,mistweaver,25,17,8
18183,Bonnybravo,wildhammer,1590,monk,mistweaver,30,20,10
18184,Elmonkodonko,draenor,1590,monk,mistweaver,30,17,13
18185,Eckø,rashgarroth,1589,monk,mistweaver,82,51,31
18186,Shokko,uldaman,1589,monk,mistweaver,36,21,15
18187,Lacasyto,sanguino,1586,monk,mistweaver,48,34,14
18188,Freyas,outland,1585,monk,mistweaver,71,40,31
18189,Whoszeus,archimonde,1585,monk,mistweaver,190,103,87
18190,Zaiyox,thrall,1584,monk,mistweaver,36,17,19
18191,Pitit,outland,1584,monk,mistweaver,78,31,47
18192,Srav,archimonde,1583,monk,mistweaver,36,19,17
18193,Слишкомхорош,thermaplugg,1580,monk,mistweaver,23,17,6
18194,Jeydi,ravencrest,1580,monk,mistweaver,86,49,37
18195,Monkim,chogall,1579,monk,mistweaver,42,24,18
18196,Drugashe,archimonde,1576,monk,mistweaver,354,171,183
18197,Belärus,outland,1573,monk,mistweaver,36,19,17
18198,Vanoarabidze,ravencrest,1572,monk,mistweaver,78,36,42
18199,Warsox,aegwynn,1570,monk,mistweaver,48,26,22
18200,Sanktxy,blackhand,1570,monk,mistweaver,69,28,41
18201,Namelessmist,drakthul,1569,monk,mistweaver,42,26,16
18202,Orgasmix,tarren-mill,1569,monk,mistweaver,42,21,21
18203,Xadu,frostwolf,1568,monk,mistweaver,36,24,12
18204,Ilovesanrio,kazzak,1567,monk,mistweaver,30,19,11
18205,Dosakua,silvermoon,1563,monk,mistweaver,66,38,28
18206,Molgar,tarren-mill,1562,monk,mistweaver,32,22,10
18207,Jinhee,nemesis,1562,monk,mistweaver,66,44,22
18208,Zuvzuv,the-maelstrom,1560,monk,mistweaver,54,26,28
18209,Endorrphine,ravencrest,1560,monk,mistweaver,110,48,62
18210,Mòñkêÿgøðx,outland,1558,monk,mistweaver,36,23,13
18211,Jasonbbmist,stormscale,1558,monk,mistweaver,36,21,15
18212,Bitbird,zirkel-des-cenarius,1557,monk,mistweaver,42,25,17
18213,Mushush,draenor,1557,monk,mistweaver,52,29,23
18214,Doingmaster,blackrock,1557,monk,mistweaver,36,20,16
18215,Musslee,elune,1556,monk,mistweaver,105,54,51
18216,Lukeybabyy,defias-brotherhood,1555,monk,mistweaver,48,32,16
18217,Leblatt,blackhand,1555,monk,mistweaver,66,42,24
18218,Isadri,madmortem,1555,monk,mistweaver,36,21,15
18219,Rzi,amanthul,1555,monk,mistweaver,143,80,63
18220,Monkymonka,antonidas,1555,monk,mistweaver,121,62,59
18221,Blondefurry,twisting-nether,1550,monk,mistweaver,42,28,14
18222,Idrdob,kazzak,1548,monk,mistweaver,140,78,62
18223,Taìka,archimonde,1546,monk,mistweaver,27,17,10
18224,Prettysus,silvermoon,1546,monk,mistweaver,66,41,25
18225,Visk,blackmoore,1545,monk,mistweaver,131,73,58
18226,Kirkeý,ravencrest,1544,monk,mistweaver,55,31,24
18227,Barracüs,dun-modr,1544,monk,mistweaver,78,43,35
18228,Simòna,dun-modr,1544,monk,mistweaver,221,115,106
18229,Inthepoopa,outland,1543,monk,mistweaver,102,56,46
18230,Кулаквнос,gordunni,1543,monk,mistweaver,66,33,33
18231,Milkabtw,kazzak,1542,monk,mistweaver,43,25,18
18232,Вдыхайтуман,gordunni,1542,monk,mistweaver,96,52,44
18233,Тевикс,gordunni,1542,monk,mistweaver,60,30,30
18234,Индоран,howling-fjord,1541,monk,mistweaver,66,47,19
18235,Bîgmø,blades-edge,1540,monk,mistweaver,30,20,10
18236,Kåýðø,archimonde,1540,monk,mistweaver,90,48,42
18237,Mmrkick,kazzak,1537,monk,mistweaver,36,18,18
18238,Cubw,archimonde,1537,monk,mistweaver,36,17,19
18239,Jusn,tarren-mill,1536,monk,mistweaver,101,58,43
18240,Fungku,azjolnerub,1536,monk,mistweaver,243,125,118
18241,Smâsh,blackhand,1535,monk,mistweaver,70,44,26
18242,Absolutezen,tarren-mill,1535,monk,mistweaver,66,34,32
18243,Фуфинус,gordunni,1535,monk,mistweaver,36,16,20
18244,Pembi,blades-edge,1534,monk,mistweaver,80,39,41
18245,Stdzym,tarren-mill,1534,monk,mistweaver,56,24,32
18246,Vitnam,auchindoun,1533,monk,mistweaver,84,51,33
18247,Ashenore,outland,1533,monk,mistweaver,42,17,25
18248,Invadem,shattered-hand,1532,monk,mistweaver,27,17,10
18249,Прогреслал,tarren-mill,1532,monk,mistweaver,54,28,26
18250,Chikokon,silvermoon,1531,monk,mistweaver,63,42,21
18251,Daitaro,ravencrest,1531,monk,mistweaver,60,37,23
18252,Windspiritt,ragnaros,1531,monk,mistweaver,60,31,29
18253,Egï,azshara,1530,monk,mistweaver,35,19,16
18254,Djsnake,blackrock,1528,monk,mistweaver,24,16,8
18255,Tû,nerathor,1528,monk,mistweaver,48,27,21
18256,Mistbringer,kazzak,1528,monk,mistweaver,244,130,114
18257,Saitamä,archimonde,1528,monk,mistweaver,98,45,53
18258,Dr,sylvanas,1527,monk,mistweaver,30,16,14
18259,Urbàs,blackmoore,1526,monk,mistweaver,42,29,13
18260,Àjay,outland,1526,monk,mistweaver,24,16,8
18261,Shkorwi,drakthul,1525,monk,mistweaver,30,17,13
18262,Musashiden,twisting-nether,1525,monk,mistweaver,42,23,19
18263,Дилейнх,gordunni,1521,monk,mistweaver,24,16,8
18264,Hollymêdx,blackmoore,1521,monk,mistweaver,37,22,15
18265,Slugerpigen,stormscale,1521,monk,mistweaver,297,163,134
18266,Plaguer,nordrassil,1519,monk,mistweaver,30,18,12
18267,Eynodiggity,blackmoore,1519,monk,mistweaver,60,32,28
18268,Kæmará,blackrock,1519,monk,mistweaver,30,16,14
18269,Mightnorn,tarren-mill,1517,monk,mistweaver,36,20,16
18270,Erannas,turalyon,1517,monk,mistweaver,29,16,13
18271,Dmonk,alakir,1517,monk,mistweaver,72,34,38
18272,Misthera,burning-legion,1517,monk,mistweaver,72,32,40
18273,Frónzy,kazzak,1516,monk,mistweaver,146,79,67
18274,Psychocop,drakthul,1516,monk,mistweaver,191,98,93
18275,Ticktak,archimonde,1515,monk,mistweaver,86,52,34
18276,Sobadzlolz,alexstrasza,1515,monk,mistweaver,60,28,32
18277,Типмах,howling-fjord,1514,monk,mistweaver,26,16,10
18278,Teamviewer,blackmoore,1514,monk,mistweaver,30,16,14
18279,Piednuques,archimonde,1514,monk,mistweaver,46,20,26
18280,Notfist,kazzak,1513,monk,mistweaver,54,35,19
18281,Xiaokingqvq,silvermoon,1512,monk,mistweaver,78,41,37
18282,Xado,aegwynn,1511,monk,mistweaver,24,16,8
18283,Loddarita,ravencrest,1510,monk,mistweaver,42,31,11
18284,Andoran,hyjal,1510,monk,mistweaver,24,16,8
18285,Elity,archimonde,1510,monk,mistweaver,82,54,28
18286,Medovic,blackmoore,1510,monk,mistweaver,156,89,67
18287,Guthäxlul,khazgoroth,1510,monk,mistweaver,221,124,97
18288,Лалафест,soulflayer,1510,monk,mistweaver,46,25,21
18289,Oneshotmacro,spinebreaker,1509,monk,mistweaver,24,16,8
18290,Orkiya,archimonde,1507,monk,mistweaver,324,170,154
18291,Saduh,thrall,1506,monk,mistweaver,30,16,14
18292,Spoompls,argent-dawn,1505,monk,mistweaver,54,24,30
18293,Incapme,outland,1504,monk,mistweaver,109,64,45
18294,Darkkmonk,dun-modr,1504,monk,mistweaver,101,51,50
18295,Aeolôs,hyjal,1503,monk,mistweaver,48,27,21
18296,Ричфлекс,howling-fjord,1503,monk,mistweaver,218,122,96
18297,Gravityfist,aegwynn,1503,monk,mistweaver,36,18,18
18298,Caniluvz,eredar,1501,monk,mistweaver,24,16,8
18299,Самадайка,howling-fjord,1501,monk,mistweaver,154,80,74
18300,Quicc,ravencrest,1500,monk,mistweaver,36,19,17
18301,Lillklappz,outland,1499,monk,mistweaver,18,16,2
18302,Гачитварина,galakrond,1499,monk,mistweaver,24,16,8
18303,Calmpalms,tarren-mill,1499,monk,mistweaver,87,45,42
18304,Benenutz,archimonde,1498,monk,mistweaver,36,27,9
18305,Gernokz,antonidas,1497,monk,mistweaver,96,53,43
18306,Trnd,draenor,1497,monk,mistweaver,47,19,28
18307,Needthát,twisting-nether,1495,monk,mistweaver,24,16,8
18308,Syyn,twisting-nether,1494,monk,mistweaver,102,60,42
18309,Miînd,tarren-mill,1494,monk,mistweaver,60,35,25
18310,Monkzdino,destromath,1494,monk,mistweaver,47,24,23
18311,Civix,sanguino,1492,monk,mistweaver,116,69,47
18312,Harislkwamk,aegwynn,1491,monk,mistweaver,36,21,15
18313,Zukatan,tarren-mill,1491,monk,mistweaver,81,45,36
18314,Njursten,twilights-hammer,1489,monk,mistweaver,243,121,122
18315,Aryaz,ravencrest,1489,monk,mistweaver,63,28,35
18316,Chakuro,ravencrest,1488,monk,mistweaver,30,20,10
18317,Thuz,kazzak,1488,monk,mistweaver,63,34,29
18318,Zikzer,darksorrow,1487,monk,mistweaver,30,16,14
18319,Oregan,conseil-des-ombres,1487,monk,mistweaver,36,19,17
18320,Kungfubatti,stormscale,1486,monk,mistweaver,143,81,62
18321,Kegrøll,doomhammer,1486,monk,mistweaver,48,26,22
18322,Moveietss,stormscale,1485,monk,mistweaver,18,16,2
18323,Nihao,tarren-mill,1485,monk,mistweaver,48,26,22
18324,Bóber,kazzak,1485,monk,mistweaver,42,22,20
18325,Sneezao,ravencrest,1484,monk,mistweaver,150,82,68
18326,Инженерия,howling-fjord,1483,monk,mistweaver,54,32,22
18327,Melamonk,ravencrest,1483,monk,mistweaver,266,133,133
18328,Sindresa,outland,1483,monk,mistweaver,108,51,57
18329,Ohmegah,frostmane,1481,monk,mistweaver,24,18,6
18330,Fluki,twisting-nether,1480,monk,mistweaver,48,24,24
18331,Kano,burning-legion,1479,monk,mistweaver,38,23,15
18332,Kreynich,blackhand,1477,monk,mistweaver,36,25,11
18333,Dìó,tarren-mill,1477,monk,mistweaver,210,117,93
18334,Leôlulu,blackmoore,1476,monk,mistweaver,36,27,9
18335,Влажныйтач,soulflayer,1475,monk,mistweaver,30,19,11
18336,Fatskeleton,stormreaver,1475,monk,mistweaver,427,198,229
18337,Quezatrix,ravencrest,1473,monk,mistweaver,132,69,63
18338,Okdontnerf,kazzak,1471,monk,mistweaver,76,36,40
18339,Bullbøx,chamber-of-aspects,1471,monk,mistweaver,93,38,55
18340,Wushin,antonidas,1470,monk,mistweaver,27,17,10
18341,Тучковский,lich-king,1470,monk,mistweaver,78,43,35
18342,Karatekickyo,ravencrest,1468,monk,mistweaver,28,16,12
18343,Moistweaver,hellfire,1468,monk,mistweaver,84,44,40
18344,Zenified,ragnaros,1468,monk,mistweaver,82,40,42
18345,Marielo,blackmoore,1467,monk,mistweaver,30,23,7
18346,Zinnout,twisting-nether,1467,monk,mistweaver,36,26,10
18347,Shiesel,draenor,1464,monk,mistweaver,36,20,16
18348,Meuhporgg,hyjal,1463,monk,mistweaver,36,25,11
18349,Gråce,nemesis,1463,monk,mistweaver,116,69,47
18350,Zeldrís,ragnaros,1463,monk,mistweaver,96,46,50
18351,Zenmastêr,twisting-nether,1461,monk,mistweaver,172,95,77
18352,Coopers,hyjal,1460,monk,mistweaver,47,27,20
18353,Hymonk,draenor,1459,monk,mistweaver,42,25,17
18354,Pøwcow,blackrock,1459,monk,mistweaver,113,61,52
18355,Noni,gorgonnash,1459,monk,mistweaver,65,31,34
18356,Тадоичи,soulflayer,1458,monk,mistweaver,72,44,28
18357,Watchôut,blackmoore,1458,monk,mistweaver,47,26,21
18358,Timmyßênz,kaelthas,1456,monk,mistweaver,42,26,16
18359,Rngmåchínè,ravencrest,1453,monk,mistweaver,62,31,31
18360,Bambøuéqtz,khaz-modan,1452,monk,mistweaver,42,27,15
18361,Drâcømørt,dalaran,1452,monk,mistweaver,33,21,12
18362,Kroyus,antonidas,1450,monk,mistweaver,120,63,57
18363,Неэверида,deepholm,1449,monk,mistweaver,180,94,86
18364,Rebekko,pozzo-delleternità,1449,monk,mistweaver,126,62,64
18365,Cybert,blackmoore,1449,monk,mistweaver,59,25,34
18366,Скорпин,ashenvale,1448,monk,mistweaver,56,30,26
18367,Venac,burning-legion,1447,monk,mistweaver,166,100,66
18368,Suggy,kilrogg,1447,monk,mistweaver,40,22,18
18369,Lökmedsmör,draenor,1446,monk,mistweaver,30,23,7
18370,Larå,ravencrest,1444,monk,mistweaver,223,119,104
18371,Bleja,blackhand,1442,monk,mistweaver,160,85,75
18372,Guanglee,silvermoon,1441,monk,mistweaver,50,34,16
18373,Mugenzenx,sanguino,1439,monk,mistweaver,24,15,9
18374,Demakis,stormscale,1439,monk,mistweaver,47,29,18
18375,Achtal,blackmoore,1439,monk,mistweaver,41,23,18
18376,Lîlilîlîlîlí,stormscale,1439,monk,mistweaver,30,15,15
18377,Vivir,stormreaver,1435,monk,mistweaver,133,75,58
18378,Thiiogg,archimonde,1435,monk,mistweaver,36,15,21
18379,Cbmonk,sylvanas,1434,monk,mistweaver,42,27,15
18380,Ähronius,stormscale,1434,monk,mistweaver,24,15,9
18381,Poyi,ravencrest,1434,monk,mistweaver,24,15,9
18382,Freebírd,shattered-hand,1431,monk,mistweaver,45,31,14
18383,Callim,blackrock,1431,monk,mistweaver,24,15,9
18384,Heartless,sporeggar,1430,monk,mistweaver,42,30,12
18385,Tokz,ravencrest,1430,monk,mistweaver,30,19,11
18386,Nievah,argent-dawn,1430,monk,mistweaver,39,24,15
18387,Malkaviano,kazzak,1430,monk,mistweaver,80,46,34
18388,Monkgd,sylvanas,1428,monk,mistweaver,152,85,67
18389,Pe,blackhand,1428,monk,mistweaver,88,46,42
18390,Saliya,draenor,1428,monk,mistweaver,34,16,18
18391,Jyll,malganis,1428,monk,mistweaver,125,48,77
18392,Puddinpop,auchindoun,1427,monk,mistweaver,61,29,32
18393,Applestrûdel,blackrock,1425,monk,mistweaver,45,27,18
18394,Farmander,silvermoon,1423,monk,mistweaver,91,57,34
18395,Yarie,blackmoore,1423,monk,mistweaver,78,39,39
18396,Dumplings,earthen-ring,1422,monk,mistweaver,48,29,19
18397,Shiguru,dun-morogh,1422,monk,mistweaver,65,37,28
18398,Bigchaz,outland,1421,monk,mistweaver,24,15,9
18399,Xianxiaa,ravencrest,1420,monk,mistweaver,88,51,37
18400,Musaya,chamber-of-aspects,1420,monk,mistweaver,42,18,24
18401,Monkadorie,twisting-nether,1418,monk,mistweaver,38,25,13
18402,Saolin,emeriss,1417,monk,mistweaver,54,31,23
18403,Affrro,drakthul,1415,monk,mistweaver,42,25,17
18404,Biftas,nagrand,1415,monk,mistweaver,27,16,11
18405,Greenshortea,aegwynn,1415,monk,mistweaver,52,30,22
18406,Kungfupandy,blackmoore,1415,monk,mistweaver,162,92,70
18407,Eedaza,blackrock,1414,monk,mistweaver,30,20,10
18408,Mistsen,kazzak,1414,monk,mistweaver,81,47,34
18409,Nerdmonkx,tarren-mill,1413,monk,mistweaver,24,15,9
18410,Zenzu,blackmoore,1411,monk,mistweaver,30,20,10
18411,Mistfistmw,outland,1410,monk,mistweaver,42,18,24
18412,Kéza,culte-de-la-rive-noire,1407,monk,mistweaver,28,16,12
18413,Soyuz,die-aldor,1406,monk,mistweaver,36,23,13
18414,Orenjis,kazzak,1405,monk,mistweaver,40,19,21
18415,Gucciweaver,tarren-mill,1404,monk,mistweaver,24,16,8
18416,Edll,silvermoon,1403,monk,mistweaver,24,15,9
18417,Kify,dun-modr,1402,monk,mistweaver,33,19,14
18418,Tanata,blackmoore,1401,monk,mistweaver,27,16,11
18419,Pandacus,silvermoon,1401,monk,mistweaver,78,35,43
18420,Benzzy,ragnaros,1397,monk,mistweaver,31,18,13
18421,Gigilonis,korgall,1397,monk,mistweaver,170,89,81
18422,Wryktas,aegwynn,1396,monk,mistweaver,18,15,3
18423,Kushvendorx,silvermoon,1394,monk,mistweaver,66,34,32
18424,Woushou,outland,1392,monk,mistweaver,66,39,27
18425,Caskgut,ravencrest,1391,monk,mistweaver,83,49,34
18426,Panicfist,stormscale,1391,monk,mistweaver,45,21,24
18427,Popcornn,archimonde,1389,monk,mistweaver,54,29,25
18428,Yumhai,dun-modr,1389,monk,mistweaver,30,15,15
18429,Haxxo,die-nachtwache,1387,monk,mistweaver,32,22,10
18430,Dudulinda,silvermoon,1387,monk,mistweaver,102,52,50
18431,Badcøwboy,archimonde,1387,monk,mistweaver,122,54,68
18432,Rymz,sanguino,1385,monk,mistweaver,85,50,35
18433,Xplosiv,twisting-nether,1385,monk,mistweaver,208,109,99
18434,Scare,stormreaver,1384,monk,mistweaver,43,23,20
18435,Pundok,blackrock,1383,monk,mistweaver,65,37,28
18436,Umagon,chogall,1383,monk,mistweaver,60,29,31
18437,Roidcarry,blackrock,1383,monk,mistweaver,41,16,25
18438,Striptina,blackmoore,1382,monk,mistweaver,90,49,41
18439,Bigballs,ysera,1382,monk,mistweaver,36,15,21
18440,Мирюзаки,gordunni,1381,monk,mistweaver,52,29,23
18441,Pandimaci,ragnaros,1381,monk,mistweaver,101,56,45
18442,Tyzin,blackrock,1380,monk,mistweaver,66,37,29
18443,Brewzleè,ravencrest,1380,monk,mistweaver,46,22,24
18444,Allosthenos,ravencrest,1379,monk,mistweaver,33,21,12
18445,Smmithyy,draenor,1379,monk,mistweaver,34,19,15
18446,Moohamood,argent-dawn,1379,monk,mistweaver,66,26,40
18447,Kruemelkeks,frostwolf,1378,monk,mistweaver,57,33,24
18448,Amélith,kirin-tor,1378,monk,mistweaver,42,23,19
18449,Mommymonk,outland,1378,monk,mistweaver,33,15,18
18450,Awesomebrah,the-maelstrom,1377,monk,mistweaver,24,15,9
18451,Oddessa,ravenholdt,1376,monk,mistweaver,137,74,63
18452,ßountÿ,kazzak,1375,monk,mistweaver,54,38,16
18453,Onlyvegan,ravencrest,1375,monk,mistweaver,28,16,12
18454,Monarko,twisting-nether,1374,monk,mistweaver,26,16,10
18455,Jarô,silvermoon,1374,monk,mistweaver,130,58,72
18456,Bláckøutx,quelthalas,1372,monk,mistweaver,25,15,10
18457,Tetetete,silvermoon,1372,monk,mistweaver,64,30,34
18458,Campix,blackmoore,1371,monk,mistweaver,87,44,43
18459,Faa,archimonde,1367,monk,mistweaver,23,17,6
18460,Shailene,kazzak,1367,monk,mistweaver,61,44,17
18461,Beaglemo,blackrock,1366,monk,mistweaver,35,15,20
18462,Myfresh,ysondre,1366,monk,mistweaver,38,16,22
18463,Coollann,drakthul,1364,monk,mistweaver,58,26,32
18464,Sanhollo,stormscale,1361,monk,mistweaver,23,15,8
18465,Brêwjob,archimonde,1356,monk,mistweaver,34,20,14
18466,Nevelbeast,rexxar,1356,monk,mistweaver,69,38,31
18467,Romk,darkspear,1354,monk,mistweaver,42,28,14
18468,Dánný,antonidas,1354,monk,mistweaver,43,26,17
18469,Thayne,blades-edge,1354,monk,mistweaver,30,15,15
18470,Патаомальчик,blackscar,1352,monk,mistweaver,35,15,20
18471,Mécagnóme,dalaran,1350,monk,mistweaver,96,51,45
18472,Yahní,eredar,1347,monk,mistweaver,65,37,28
18473,Kwacisawhe,die-aldor,1347,monk,mistweaver,56,25,31
18474,Сильфиета,gordunni,1345,monk,mistweaver,65,37,28
18475,Akùmawíns,archimonde,1344,monk,mistweaver,36,16,20
18476,Rokobasilisk,outland,1343,monk,mistweaver,24,14,10
18477,Dodomino,archimonde,1343,monk,mistweaver,24,14,10
18478,Zagar,emeriss,1342,monk,mistweaver,24,14,10
18479,Akuuji,silvermoon,1342,monk,mistweaver,24,14,10
18480,Ultrasense,outland,1342,monk,mistweaver,24,14,10
18481,Ipmonk,outland,1341,monk,mistweaver,18,14,4
18482,Brucechi,kargath,1338,monk,mistweaver,36,31,5
18483,Jeññie,stormscale,1337,monk,mistweaver,18,14,4
18484,Teacup,aegwynn,1337,monk,mistweaver,48,32,16
18485,Rocknreroll,executus,1336,monk,mistweaver,30,14,16
18486,Sînê,archimonde,1334,monk,mistweaver,33,19,14
18487,Ðømínus,blackmoore,1334,monk,mistweaver,66,34,32
18488,Якунка,soulflayer,1334,monk,mistweaver,30,14,16
18489,Ilovesnoopy,blackmoore,1333,monk,mistweaver,24,14,10
18490,Boomboôom,outland,1332,monk,mistweaver,24,14,10
18491,Monkehst,dun-modr,1332,monk,mistweaver,84,42,42
18492,Keksmash,ravencrest,1332,monk,mistweaver,30,15,15
18493,Acidflexx,kazzak,1331,monk,mistweaver,41,20,21
18494,Mistur,blackrock,1331,monk,mistweaver,30,14,16
18495,Boomshaq,defias-brotherhood,1330,monk,mistweaver,84,45,39
18496,Гиббискус,gordunni,1330,monk,mistweaver,42,18,24
18497,Sajin,la-croisade-écarlate,1329,monk,mistweaver,36,15,21
18498,Løsang,blackrock,1327,monk,mistweaver,131,78,53
18499,Córporation,outland,1327,monk,mistweaver,30,14,16
18500,Ariluna,tarren-mill,1326,monk,mistweaver,24,14,10
18501,Германика,soulflayer,1326,monk,mistweaver,131,58,73
18502,Krylin,antonidas,1322,monk,mistweaver,93,45,48
18503,Sÿldae,dun-modr,1321,monk,mistweaver,24,18,6
18504,Vladikus,tarren-mill,1320,monk,mistweaver,105,50,55
18505,Monkypunch,tarren-mill,1319,monk,mistweaver,46,23,23
18506,Discoelysia,outland,1318,monk,mistweaver,90,43,47
18507,Адскиймех,deathweaver,1317,monk,mistweaver,69,36,33
18508,Akalaja,alakir,1316,monk,mistweaver,34,19,15
18509,Erenaar,nemesis,1315,monk,mistweaver,42,24,18
18510,Genjosanso,kazzak,1315,monk,mistweaver,177,97,80
18511,Thegrudge,dragonblight,1315,monk,mistweaver,42,16,26
18512,Shreckmonk,burning-blade,1313,monk,mistweaver,30,14,16
18513,Brewswíllis,tarren-mill,1312,monk,mistweaver,18,14,4
18514,Lfmasctop,ravencrest,1312,monk,mistweaver,22,16,6
18515,Maqs,argent-dawn,1311,monk,mistweaver,30,20,10
18516,Рекилоллз,gordunni,1311,monk,mistweaver,59,31,28
18517,Leefang,neptulon,1311,monk,mistweaver,49,24,25
18518,Extrimist,sylvanas,1310,monk,mistweaver,150,76,74
18519,Rèddit,kazzak,1310,monk,mistweaver,78,37,41
18520,Трикленд,azuregos,1305,monk,mistweaver,42,21,21
18521,Onlyfísts,stormscale,1304,monk,mistweaver,48,16,32
18522,Bizzet,jaedenar,1303,monk,mistweaver,27,17,10
18523,Applemonk,tarren-mill,1302,monk,mistweaver,58,28,30
18524,Ðëvx,argent-dawn,1300,monk,mistweaver,96,52,44
18525,Quendi,arthas,1300,monk,mistweaver,191,97,94
18526,Звиздаатый,blackscar,1299,monk,mistweaver,18,14,4
18527,Moinalisaa,outland,1299,monk,mistweaver,30,18,12
18528,Джоский,borean-tundra,1299,monk,mistweaver,72,29,43
18529,Baddany,sanguino,1298,monk,mistweaver,66,35,31
18530,Камикадзэн,gordunni,1296,monk,mistweaver,24,15,9
18531,Lanuia,aegwynn,1295,monk,mistweaver,21,14,7
18532,Spiritualia,kazzak,1295,monk,mistweaver,38,23,15
18533,Zenmist,kazzak,1294,monk,mistweaver,23,14,9
18534,Stolas,spinebreaker,1293,monk,mistweaver,36,24,12
18535,Mareki,nethersturm,1293,monk,mistweaver,44,22,22
18536,Moonica,zenedar,1291,monk,mistweaver,26,17,9
18537,Tsifsakari,silvermoon,1289,monk,mistweaver,66,24,42
18538,Proxxyqt,blackrock,1285,monk,mistweaver,20,15,5
18539,Loreo,burning-legion,1285,monk,mistweaver,87,50,37
18540,Carnat,blackrock,1284,monk,mistweaver,30,17,13
18541,Trivi,blackrock,1284,monk,mistweaver,45,24,21
18542,Drboombay,kazzak,1283,monk,mistweaver,38,21,17
18543,Mestro,argent-dawn,1280,monk,mistweaver,166,92,74
18544,Jetchi,twisting-nether,1279,monk,mistweaver,101,59,42
18545,Янезнаюкенни,soulflayer,1279,monk,mistweaver,48,26,22
18546,Mischenka,thrall,1279,monk,mistweaver,54,27,27
18547,Marrave,chogall,1279,monk,mistweaver,90,37,53
18548,Numpys,sanguino,1277,monk,mistweaver,29,14,15
18549,Ráây,blackrock,1276,monk,mistweaver,36,22,14
18550,Даопецдын,howling-fjord,1275,monk,mistweaver,20,14,6
18551,Bruceflea,blackrock,1275,monk,mistweaver,156,83,73
18552,Хэйхати,gordunni,1274,monk,mistweaver,128,64,64
18553,Ugras,auchindoun,1273,monk,mistweaver,36,14,22
18554,Cranecannon,aegwynn,1272,monk,mistweaver,24,14,10
18555,Daltailr,silvermoon,1271,monk,mistweaver,48,20,28
18556,Bloodpanci,ragnaros,1270,monk,mistweaver,57,32,25
18557,Galaxyfist,ragnaros,1268,monk,mistweaver,171,88,83
18558,Vetocorleone,kazzak,1268,monk,mistweaver,141,71,70
18559,Mishax,draenor,1268,monk,mistweaver,78,38,40
18560,Boredom,wildhammer,1266,monk,mistweaver,60,35,25
18561,Rotkäppchen,blackmoore,1265,monk,mistweaver,23,14,9
18562,Szilvia,sylvanas,1263,monk,mistweaver,48,25,23
18563,Bluum,ravencrest,1263,monk,mistweaver,54,23,31
18564,Evelios,blackmoore,1262,monk,mistweaver,41,23,18
18565,Алли,lich-king,1260,monk,mistweaver,72,31,41
18566,Nîcko,ravencrest,1259,monk,mistweaver,24,14,10
18567,Macgyverr,outland,1258,monk,mistweaver,24,14,10
18568,Sandrafarm,ragnaros,1257,monk,mistweaver,102,65,37
18569,Юансноу,blackscar,1257,monk,mistweaver,36,19,17
18570,Chígoku,grim-batol,1257,monk,mistweaver,52,23,29
18571,Vanquishlølz,archimonde,1255,monk,mistweaver,45,21,24
18572,Саас,gordunni,1253,monk,mistweaver,29,15,14
18573,Putrezitu,ragnaros,1252,monk,mistweaver,27,17,10
18574,Namitsa,trollbane,1250,monk,mistweaver,30,16,14
18575,Sheishot,kazzak,1249,monk,mistweaver,31,15,16
18576,Angeryw,kazzak,1248,monk,mistweaver,18,13,5
18577,Supaverli,archimonde,1248,monk,mistweaver,18,13,5
18578,Katmunk,kazzak,1248,monk,mistweaver,18,13,5
18579,Hialdó,sylvanas,1248,monk,mistweaver,24,14,10
18580,Jackål,silvermoon,1247,monk,mistweaver,21,14,7
18581,Sonydl,archimonde,1247,monk,mistweaver,22,14,8
18582,Worf,haomarush,1247,monk,mistweaver,54,30,24
18583,Catmønk,drakthul,1247,monk,mistweaver,24,13,11
18584,Batmanwife,stormscale,1247,monk,mistweaver,24,13,11
18585,Лемонк,gordunni,1247,monk,mistweaver,28,13,15
18586,Ajay,outland,1247,monk,mistweaver,30,13,17
18587,Xdhehehexd,twisting-nether,1246,monk,mistweaver,18,13,5
18588,Deliveroo,twisting-nether,1246,monk,mistweaver,24,13,11
18589,Йуппи,galakrond,1246,monk,mistweaver,24,13,11
18590,Salsina,nemesis,1246,monk,mistweaver,138,74,64
18591,Nesthorian,draenor,1246,monk,mistweaver,123,61,62
18592,Репабликус,gordunni,1246,monk,mistweaver,30,13,17
18593,Eclipsè,dragonmaw,1245,monk,mistweaver,23,14,9
18594,Bulletproof,bloodscalp,1245,monk,mistweaver,36,20,16
18595,Mcloving,turalyon,1245,monk,mistweaver,29,14,15
18596,Ana,eredar,1244,monk,mistweaver,24,13,11
18597,Spinonyou,silvermoon,1243,monk,mistweaver,18,13,5
18598,Кубермонкер,gordunni,1243,monk,mistweaver,24,13,11
18599,Nìkâ,blackmoore,1243,monk,mistweaver,57,29,28
18600,Yeetkunmeep,outland,1243,monk,mistweaver,54,25,29
18601,Táy,ravencrest,1242,monk,mistweaver,18,13,5
18602,Финуправ,soulflayer,1242,monk,mistweaver,18,13,5
18603,Bigmckoy,kazzak,1242,monk,mistweaver,21,14,7
18604,Jûzô,illidan,1242,monk,mistweaver,24,13,11
18605,Ouaipäül,archimonde,1241,monk,mistweaver,24,13,11
18606,Kammia,drekthar,1241,monk,mistweaver,24,13,11
18607,Chibuku,burning-legion,1240,monk,mistweaver,24,13,11
18608,Luciellie,archimonde,1240,monk,mistweaver,24,13,11
18609,Freemann,archimonde,1240,monk,mistweaver,295,149,146
18610,Skusle,defias-brotherhood,1238,monk,mistweaver,18,13,5
18611,Hydrôlîcz,blackrock,1238,monk,mistweaver,24,13,11
18612,Kayen,frostwhisper,1238,monk,mistweaver,46,23,23
18613,Ninjasven,bladefist,1238,monk,mistweaver,30,13,17
18614,Etzu,shattrath,1237,monk,mistweaver,24,13,11
18615,Wteg,emerald-dream,1237,monk,mistweaver,54,24,30
18616,Xfu,auchindoun,1236,monk,mistweaver,30,13,17
18617,Salix,quelthalas,1235,monk,mistweaver,26,14,12
18618,Drpajhiwo,burning-legion,1234,monk,mistweaver,52,30,22
18619,Bendís,twisting-nether,1233,monk,mistweaver,24,13,11
18620,Schaulong,blackmoore,1233,monk,mistweaver,48,21,27
18621,Arathos,tichondrius,1231,monk,mistweaver,93,54,39
18622,Kunolis,kazzak,1231,monk,mistweaver,26,15,11
18623,Maiver,stormscale,1230,monk,mistweaver,24,14,10
18624,Chainster,defias-brotherhood,1229,monk,mistweaver,70,35,35
18625,Rgkekw,dun-modr,1222,monk,mistweaver,66,39,27
18626,Jihaaz,nemesis,1222,monk,mistweaver,24,13,11
18627,Tripitakâ,dun-modr,1220,monk,mistweaver,65,30,35
18628,Fistus,dentarg,1214,monk,mistweaver,29,13,16
18629,Bhasundara,turalyon,1212,monk,mistweaver,88,51,37
18630,Pandasia,kargath,1212,monk,mistweaver,62,25,37
18631,Badonkamonk,twilights-hammer,1209,monk,mistweaver,42,26,16
18632,Xwtdreamz,hyjal,1209,monk,mistweaver,42,18,24
18633,Mofisto,bladefist,1208,monk,mistweaver,60,29,31
18634,Zaïn,hyjal,1207,monk,mistweaver,31,19,12
18635,Hvnm,ravencrest,1207,monk,mistweaver,158,82,76
18636,Fistingfury,burning-blade,1204,monk,mistweaver,97,41,56
18637,Toon,eredar,1203,monk,mistweaver,118,56,62
18638,Bensó,stormscale,1202,monk,mistweaver,45,31,14
18639,Ivi,neptulon,1197,monk,mistweaver,58,29,29
18640,Barks,archimonde,1197,monk,mistweaver,30,14,16
18641,Vattghern,blackhand,1196,monk,mistweaver,88,43,45
18642,Heretogo,draenor,1189,monk,mistweaver,72,39,33
18643,Ksll,silvermoon,1189,monk,mistweaver,36,17,19
18644,Nyrkkiseski,outland,1183,monk,mistweaver,17,13,4
18645,Lcflay,archimonde,1183,monk,mistweaver,75,37,38
18646,Siamesedream,outland,1182,monk,mistweaver,30,19,11
18647,Phrynè,silvermoon,1182,monk,mistweaver,31,16,15
18648,Sosyc,malganis,1181,monk,mistweaver,23,13,10
18649,Highmonktain,alakir,1179,monk,mistweaver,30,20,10
18650,Creatinin,ragnaros,1177,monk,mistweaver,36,18,18
18651,Skaadoosh,aggra-português,1176,monk,mistweaver,27,13,14
18652,Elainmonk,thrall,1175,monk,mistweaver,17,13,4
18653,Carloz,drakthul,1174,monk,mistweaver,30,16,14
18654,Torqualis,kazzak,1174,monk,mistweaver,114,53,61
18655,Kelechi,stormreaver,1172,monk,mistweaver,32,13,19
18656,Fistweavr,antonidas,1171,monk,mistweaver,36,14,22
18657,Boozmoo,stormscale,1166,monk,mistweaver,22,16,6
18658,Tintatama,aszune,1157,monk,mistweaver,87,39,48
18659,Мистерхюй,gordunni,1156,monk,mistweaver,83,35,48
18660,Kîârâ,frostwolf,1153,monk,mistweaver,22,14,8
18661,Yayaxoxoxo,archimonde,1152,monk,mistweaver,18,12,6
18662,Yuuhai,ravencrest,1152,monk,mistweaver,18,12,6
18663,Chijis,blackmoore,1152,monk,mistweaver,24,12,12
18664,Pikachi,ysondre,1151,monk,mistweaver,18,12,6
18665,Ofwgkta,moonglade,1151,monk,mistweaver,24,12,12
18666,Shixen,ragnaros,1151,monk,mistweaver,24,12,12
18667,Hélpx,stormscale,1151,monk,mistweaver,24,12,12
18668,Kôtsvlêkjê,outland,1151,monk,mistweaver,24,12,12
18669,Zesha,zuljin,1151,monk,mistweaver,30,12,18
18670,Дилдобойс,gordunni,1150,monk,mistweaver,18,12,6
18671,Capwouk,tarren-mill,1150,monk,mistweaver,18,12,6
18672,Loorda,neptulon,1150,monk,mistweaver,24,13,11
18673,Ness,hyjal,1150,monk,mistweaver,24,12,12
18674,Yshaolin,tarren-mill,1150,monk,mistweaver,24,12,12
18675,Нунтяк,gordunni,1150,monk,mistweaver,24,12,12
18676,Monkiful,haomarush,1150,monk,mistweaver,30,12,18
18677,Wannabejoker,stormscale,1149,monk,mistweaver,18,12,6
18678,Ciridely,thrall,1149,monk,mistweaver,18,12,6
18679,Chichi,ravencrest,1149,monk,mistweaver,24,12,12
18680,Aryphus,blackmoore,1148,monk,mistweaver,24,12,12
18681,Kalet,ragnaros,1147,monk,mistweaver,53,26,27
18682,Fungxi,archimonde,1146,monk,mistweaver,30,12,18
18683,Lovange,silvermoon,1145,monk,mistweaver,18,12,6
18684,Telder,sylvanas,1145,monk,mistweaver,24,12,12
18685,Uncleheal,tarren-mill,1145,monk,mistweaver,24,12,12
18686,Антошамв,gordunni,1145,monk,mistweaver,36,12,24
18687,Nimander,burning-legion,1144,monk,mistweaver,24,12,12
18688,Alphafist,argent-dawn,1144,monk,mistweaver,30,14,16
18689,Tokkz,eredar,1143,monk,mistweaver,16,13,3
18690,Madafis,twisting-nether,1143,monk,mistweaver,18,12,6
18691,Shiftchenko,stormscale,1142,monk,mistweaver,42,24,18
18692,Icantstopme,argent-dawn,1139,monk,mistweaver,18,12,6
18693,Mythadeya,stormscale,1139,monk,mistweaver,30,12,18
18694,Cicera,kazzak,1138,monk,mistweaver,30,12,18
18695,Syyrø,silvermoon,1137,monk,mistweaver,36,12,24
18696,Atenazadonte,sanguino,1136,monk,mistweaver,21,13,8
18697,Валялекарь,gordunni,1135,monk,mistweaver,24,12,12
18698,Fellatia,garrosh,1134,monk,mistweaver,36,24,12
18699,Gantz,blackhand,1134,monk,mistweaver,72,28,44
18700,Kyuumaa,ravencrest,1132,monk,mistweaver,26,13,13
18701,Lubeï,kirin-tor,1131,monk,mistweaver,34,21,13
18702,Hornissy,antonidas,1129,monk,mistweaver,35,22,13
18703,Rag,burning-legion,1127,monk,mistweaver,42,14,28
18704,Friartucker,bloodhoof,1126,monk,mistweaver,51,32,19
18705,Vvårdenfell,hyjal,1126,monk,mistweaver,33,13,20
18706,Mondrim,burning-legion,1123,monk,mistweaver,145,63,82
18707,Dipdop,blackhand,1120,monk,mistweaver,75,39,36
18708,Nasaislying,grim-batol,1119,monk,mistweaver,34,14,20
18709,Dharmå,norgannon,1118,monk,mistweaver,20,13,7
18710,Jumper,xavius,1118,monk,mistweaver,24,12,12
18711,Akiiro,aegwynn,1118,monk,mistweaver,36,15,21
18712,Tsouli,twilights-hammer,1116,monk,mistweaver,24,12,12
18713,Coliusz,bloodhoof,1116,monk,mistweaver,35,12,23
18714,Октай,gordunni,1114,monk,mistweaver,28,19,9
18715,Dankiron,darksorrow,1114,monk,mistweaver,42,13,29
18716,Zøubida,draenor,1111,monk,mistweaver,24,12,12
18717,Katse,eredar,1106,monk,mistweaver,62,29,33
18718,Graffy,eonar,1101,monk,mistweaver,42,25,17
18719,Ляосинь,deepholm,1099,monk,mistweaver,24,12,12
18720,Carcasce,la-croisade-écarlate,1096,monk,mistweaver,38,22,16
18721,Thrallergik,ysondre,1093,monk,mistweaver,24,15,9
18722,Sinthorasas,blackrock,1093,monk,mistweaver,24,13,11
18723,Brünó,kazzak,1089,monk,mistweaver,60,38,22
18724,Sydras,silvermoon,1086,monk,mistweaver,200,97,103
18725,Cudworth,silvermoon,1082,monk,mistweaver,24,17,7
18726,Claudet,das-konsortium,1080,monk,mistweaver,64,27,37
18727,Chun,arathor,1076,monk,mistweaver,50,24,26
18728,Loctak,nathrezim,1075,monk,mistweaver,54,38,16
18729,Enceladion,burning-legion,1073,monk,mistweaver,54,25,29
18730,Bobbyknuckls,ravencrest,1064,monk,mistweaver,54,17,37
18731,Äcé,sylvanas,1063,monk,mistweaver,31,12,19
18732,Ninpou,blackrock,1060,monk,mistweaver,17,12,5
18733,Marvboy,aegwynn,1056,monk,mistweaver,12,11,1
18734,Кувырбек,howling-fjord,1056,monk,mistweaver,12,11,1
18735,Gârdt,blackmoore,1056,monk,mistweaver,36,22,14
18736,Vöyage,kazzak,1056,monk,mistweaver,18,11,7
18737,Totemlygodx,alakir,1056,monk,mistweaver,18,11,7
18738,Izuwumi,ragnaros,1056,monk,mistweaver,18,11,7
18739,Traickomonk,eredar,1056,monk,mistweaver,18,11,7
18740,Coalsack,outland,1056,monk,mistweaver,22,12,10
18741,Darkmonkky,tarren-mill,1056,monk,mistweaver,24,11,13
18742,Ffxivrefugee,argent-dawn,1056,monk,mistweaver,24,11,13
18743,Clemoine,archimonde,1055,monk,mistweaver,18,11,7
18744,Kakor,gorgonnash,1055,monk,mistweaver,18,11,7
18745,Yèna,pozzo-delleternità,1055,monk,mistweaver,132,52,80
18746,Jakethestake,twilights-hammer,1054,monk,mistweaver,12,11,1
18747,Kispiszock,bloodscalp,1054,monk,mistweaver,18,11,7
18748,Neehl,aegwynn,1054,monk,mistweaver,18,11,7
18749,Hærleyquin,ravencrest,1054,monk,mistweaver,18,11,7
18750,Psychømonk,antonidas,1053,monk,mistweaver,18,11,7
18751,Shàká,stormscale,1052,monk,mistweaver,12,11,1
18752,Rebeka,dun-modr,1052,monk,mistweaver,18,11,7
18753,Pepesmacks,kazzak,1052,monk,mistweaver,18,11,7
18754,Basthek,blackhand,1052,monk,mistweaver,30,11,19
18755,Lambofmonkz,stormscale,1052,monk,mistweaver,36,11,25
18756,Aebì,dalaran,1051,monk,mistweaver,18,11,7
18757,Dachilla,gilneas,1051,monk,mistweaver,22,12,10
18758,Asho,outland,1051,monk,mistweaver,24,11,13
18759,Brewmâster,kazzak,1050,monk,mistweaver,24,11,13
18760,Lefferubie,hyjal,1049,monk,mistweaver,24,11,13
18761,Irìss,nerzhul,1048,monk,mistweaver,39,19,20
18762,Fisticuffs,tarren-mill,1048,monk,mistweaver,24,11,13
18763,Bukkits,argent-dawn,1048,monk,mistweaver,24,11,13
18764,Ashulera,archimonde,1048,monk,mistweaver,30,11,19
18765,Smitheal,outland,1047,monk,mistweaver,12,11,1
18766,Mjaweaver,stormscale,1046,monk,mistweaver,62,23,39
18767,Snack,mannoroth,1045,monk,mistweaver,18,11,7
18768,Blinkër,sanguino,1044,monk,mistweaver,18,11,7
18769,Hithxbye,stormscale,1044,monk,mistweaver,66,24,42
18770,Birdymonk,boulderfist,1043,monk,mistweaver,61,36,25
18771,Irphan,ravencrest,1042,monk,mistweaver,18,11,7
18772,Gozgajr,twisting-nether,1039,monk,mistweaver,24,11,13
18773,Ívó,ragnaros,1039,monk,mistweaver,24,11,13
18774,Assfist,drakthul,1038,monk,mistweaver,93,51,42
18775,Rumiñawi,ravencrest,1033,monk,mistweaver,30,11,19
18776,Mcronald,blackhand,1031,monk,mistweaver,46,23,23
18777,Chimonk,ravencrest,1030,monk,mistweaver,18,11,7
18778,Dèathpunch,doomhammer,1025,monk,mistweaver,54,26,28
18779,Légit,argent-dawn,1024,monk,mistweaver,18,11,7
18780,Ugotcraned,tarren-mill,1019,monk,mistweaver,72,27,45
18781,Zedruu,tarren-mill,1015,monk,mistweaver,24,12,12
18782,Snitzla,drakthul,1010,monk,mistweaver,15,13,2
18783,Shoshin,stormscale,1009,monk,mistweaver,66,37,29
18784,Fuzzypunch,draenor,1009,monk,mistweaver,34,13,21
18785,Bèfmoka,sargeras,1008,monk,mistweaver,194,95,99
18786,Mwmkgodxz,archimonde,1007,monk,mistweaver,15,12,3
18787,Nathaanel,argent-dawn,1007,monk,mistweaver,42,20,22
18788,Ivnatorx,outland,1006,monk,mistweaver,17,11,6
18789,Candypoppe,argent-dawn,1004,monk,mistweaver,52,27,25
18790,Kameltreiba,antonidas,1004,monk,mistweaver,23,11,12
18791,Апесиинка,gordunni,1002,monk,mistweaver,24,11,13
18792,Zenchî,ysondre,1001,monk,mistweaver,22,13,9
18793,Lucebree,nozdormu,999,monk,mistweaver,48,18,30
18794,Kégman,silvermoon,992,monk,mistweaver,33,18,15
18795,Tootenchamun,veklor,992,monk,mistweaver,84,33,51
18796,Xladerzz,kazzak,991,monk,mistweaver,17,11,6
18797,Pawfong,draenor,987,monk,mistweaver,24,12,12
18798,Andim,frostwolf,986,monk,mistweaver,30,18,12
18799,Wangho,magtheridon,986,monk,mistweaver,96,40,56
18800,Heäléna,ragnaros,979,monk,mistweaver,21,15,6
18801,Siouxxsie,thunderhorn,975,monk,mistweaver,72,20,52
18802,Celestine,mugthol,966,monk,mistweaver,120,57,63
18803,Keeba,kirin-tor,965,monk,mistweaver,185,89,96
18804,Suchergebnis,tarren-mill,964,monk,mistweaver,66,23,43
18805,Habmit,ravencrest,960,monk,mistweaver,12,10,2
18806,Vadrigar,drakthul,960,monk,mistweaver,12,10,2
18807,Dihsa,ragnaros,960,monk,mistweaver,12,10,2
18808,Kz,culte-de-la-rive-noire,960,monk,mistweaver,12,10,2
18809,Glaphan,the-maelstrom,960,monk,mistweaver,12,10,2
18810,Sinnermonkk,outland,960,monk,mistweaver,18,10,8
18811,Chisurgeon,outland,960,monk,mistweaver,18,10,8
18812,Deore,kazzak,960,monk,mistweaver,18,10,8
18813,Xoleck,aegwynn,960,monk,mistweaver,24,10,14
18814,Citamonk,blackmoore,959,monk,mistweaver,12,10,2
18815,Garuda,darkspear,959,monk,mistweaver,12,10,2
18816,Sioumoo,malganis,959,monk,mistweaver,16,11,5
18817,Mâjô,blackhand,959,monk,mistweaver,18,10,8
18818,Såvonnette,ysondre,959,monk,mistweaver,18,10,8
18819,Energyqt,twisting-nether,959,monk,mistweaver,18,10,8
18820,Chexmonk,silvermoon,959,monk,mistweaver,18,10,8
18821,Mahøni,malganis,959,monk,mistweaver,18,10,8
18822,Valdaras,runetotem,959,monk,mistweaver,18,10,8
18823,Xadoqt,aegwynn,959,monk,mistweaver,18,10,8
18824,Shishasho,stormreaver,959,monk,mistweaver,21,11,10
18825,Stanimirov,outland,959,monk,mistweaver,24,10,14
18826,Ðéliora,la-croisade-écarlate,959,monk,mistweaver,30,10,20
18827,Mynokxu,blackmoore,958,monk,mistweaver,12,10,2
18828,Zappikmonk,silvermoon,958,monk,mistweaver,12,10,2
18829,Fettakules,eredar,958,monk,mistweaver,18,10,8
18830,Yuyuni,laughing-skull,958,monk,mistweaver,18,10,8
18831,Уиннии,soulflayer,958,monk,mistweaver,18,10,8
18832,Паклюха,howling-fjord,958,monk,mistweaver,18,10,8
18833,Búns,draenor,958,monk,mistweaver,18,10,8
18834,Kanajambe,twisting-nether,957,monk,mistweaver,12,10,2
18835,Rollsamdi,tarren-mill,957,monk,mistweaver,18,10,8
18836,Garcon,tarren-mill,957,monk,mistweaver,18,10,8
18837,Folfimo,silvermoon,957,monk,mistweaver,18,10,8
18838,Imamonk,tarren-mill,957,monk,mistweaver,24,10,14
18839,Gumar,antonidas,956,monk,mistweaver,18,10,8
18840,Rheinair,antonidas,956,monk,mistweaver,24,10,14
18841,Lobnx,kazzak,955,monk,mistweaver,18,10,8
18842,Bruceliam,emerald-dream,955,monk,mistweaver,24,10,14
18843,Latsu,silvermoon,955,monk,mistweaver,24,10,14
18844,Ossifist,blackhand,955,monk,mistweaver,24,10,14
18845,Bottomoré,silvermoon,955,monk,mistweaver,71,24,47
18846,Йомо,borean-tundra,954,monk,mistweaver,30,10,20
18847,Jimbearend,argent-dawn,952,monk,mistweaver,18,10,8
18848,Garmuth,tarren-mill,952,monk,mistweaver,20,10,10
18849,Pämella,alleria,951,monk,mistweaver,12,10,2
18850,Tojokirumi,dalaran,951,monk,mistweaver,12,10,2
18851,Dennó,mannoroth,951,monk,mistweaver,18,10,8
18852,Monkyd,stormscale,950,monk,mistweaver,18,10,8
18853,Gammelbruno,azshara,942,monk,mistweaver,18,10,8
18854,Serylliah,aegwynn,942,monk,mistweaver,24,10,14
18855,Røär,khaz-modan,934,monk,mistweaver,12,10,2
18856,Ariä,marécage-de-zangar,930,monk,mistweaver,24,13,11
18857,Liathina,sylvanas,928,monk,mistweaver,25,10,15
18858,Mugn,sanguino,927,monk,mistweaver,14,11,3
18859,Шадялинь,howling-fjord,920,monk,mistweaver,23,10,13
18860,Ronanze,silvermoon,918,monk,mistweaver,60,30,30
18861,Blackeyé,malganis,914,monk,mistweaver,47,25,22
18862,Dícxi,ravencrest,910,monk,mistweaver,17,10,7
18863,Yøøps,dalaran,908,monk,mistweaver,27,13,14
18864,Leafsoup,argent-dawn,906,monk,mistweaver,84,41,43
18865,Rsk,antonidas,905,monk,mistweaver,22,12,10
18866,Indris,dun-modr,895,monk,mistweaver,17,10,7
18867,Мишапяточка,howling-fjord,890,monk,mistweaver,12,11,1
18868,Mislaw,silvermoon,886,monk,mistweaver,21,11,10
18869,Rokux,kazzak,880,monk,mistweaver,19,10,9
18870,Тиктокмонк,gordunni,877,monk,mistweaver,20,11,9
18871,Greez,tarren-mill,869,monk,mistweaver,22,10,12
18872,Sanchios,twisting-nether,864,monk,mistweaver,12,9,3
18873,Turbobär,blackrock,864,monk,mistweaver,12,9,3
18874,Remyhadley,dun-modr,864,monk,mistweaver,12,9,3
18875,Fistpunk,kazzak,864,monk,mistweaver,12,9,3
18876,Iixil,sylvanas,864,monk,mistweaver,12,9,3
18877,Tidemist,argent-dawn,864,monk,mistweaver,12,9,3
18878,Nesedondondn,stormscale,864,monk,mistweaver,12,9,3
18879,Fredmonk,stormscale,864,monk,mistweaver,18,9,9
18880,Miists,kazzak,864,monk,mistweaver,18,9,9
18881,Kaguræ,hyjal,864,monk,mistweaver,18,9,9
18882,Jiest,outland,864,monk,mistweaver,18,9,9
18883,Zóma,ragnaros,864,monk,mistweaver,18,9,9
18884,Monkasape,nemesis,864,monk,mistweaver,18,9,9
18885,Balia,blackrock,864,monk,mistweaver,24,9,15
18886,Flowey,uldum,864,monk,mistweaver,24,9,15
18887,Pô,sanguino,863,monk,mistweaver,12,9,3
18888,Spinalot,eredar,863,monk,mistweaver,12,9,3
18889,Backseatgmr,ravencrest,863,monk,mistweaver,12,9,3
18890,Desmî,ravencrest,863,monk,mistweaver,12,9,3
18891,Mistwave,eredar,863,monk,mistweaver,12,9,3
18892,Arlot,blackmoore,863,monk,mistweaver,12,9,3
18893,Malfius,shadowsong,863,monk,mistweaver,12,9,3
18894,Shabaz,draenor,863,monk,mistweaver,12,9,3
18895,Kungfox,frostwolf,863,monk,mistweaver,18,9,9
18896,Torinia,madmortem,863,monk,mistweaver,18,9,9
18897,Nowhaazzer,dun-modr,863,monk,mistweaver,18,9,9
18898,Phébz,archimonde,863,monk,mistweaver,18,9,9
18899,Kyleestrutt,stormscale,863,monk,mistweaver,18,9,9
18900,Hoppinxd,burning-blade,863,monk,mistweaver,18,9,9
18901,Kattlåda,darkspear,863,monk,mistweaver,18,9,9
18902,Rminto,twisting-nether,863,monk,mistweaver,24,9,15
18903,Niborc,doomhammer,862,monk,mistweaver,12,9,3
18904,Beerbringer,kazzak,862,monk,mistweaver,12,9,3
18905,Missfist,stormscale,862,monk,mistweaver,12,9,3
18906,Monkjakt,draenor,862,monk,mistweaver,18,9,9
18907,Konexzx,blackmoore,861,monk,mistweaver,12,9,3
18908,Puñolou,sanguino,861,monk,mistweaver,12,9,3
18909,Mwsama,stormscale,861,monk,mistweaver,12,9,3
18910,Koldar,grim-batol,861,monk,mistweaver,17,12,5
18911,Миамита,eversong,858,monk,mistweaver,18,9,9
18912,Mistréss,silvermoon,858,monk,mistweaver,18,9,9
18913,Herdom,blackmoore,856,monk,mistweaver,12,9,3
18914,Blackmonk,chromaggus,852,monk,mistweaver,18,9,9
18915,Pafia,sargeras,852,monk,mistweaver,25,12,13
18916,Liwong,antonidas,850,monk,mistweaver,12,9,3
18917,Geckazz,kazzak,847,monk,mistweaver,12,9,3
18918,Wûcm,silvermoon,846,monk,mistweaver,17,9,8
18919,Changzu,sanguino,837,monk,mistweaver,42,17,25
18920,ßæutiful,silvermoon,835,monk,mistweaver,30,13,17
18921,Fréýáá,blackrock,827,monk,mistweaver,18,9,9
18922,Tèam,defias-brotherhood,810,monk,mistweaver,15,9,6
18923,Nouraxo,kazzak,809,monk,mistweaver,22,10,12
18924,Xalyà,archimonde,803,monk,mistweaver,18,12,6
18925,Extaszeh,turalyon,802,monk,mistweaver,17,11,6
18926,Zerochi,kazzak,796,monk,mistweaver,19,10,9
18927,Jînex,shattrath,784,monk,mistweaver,13,9,4
18928,Adrianchase,ravencrest,768,monk,mistweaver,12,8,4
18929,Гуппер,howling-fjord,768,monk,mistweaver,12,8,4
18930,Ikuyaa,ravencrest,768,monk,mistweaver,12,8,4
18931,Zødiac,quelthalas,768,monk,mistweaver,12,8,4
18932,Jlo,stormscale,768,monk,mistweaver,12,8,4
18933,Mialena,eredar,768,monk,mistweaver,12,8,4
18934,Reivil,kazzak,768,monk,mistweaver,12,8,4
18935,Kragor,eredar,768,monk,mistweaver,12,8,4
18936,Fckisrael,archimonde,768,monk,mistweaver,12,8,4
18937,Hurjat,stormreaver,768,monk,mistweaver,12,8,4
18938,Mvm,outland,768,monk,mistweaver,12,8,4
18939,Kradder,nordrassil,768,monk,mistweaver,12,8,4
18940,Mástermônkèy,tarren-mill,768,monk,mistweaver,12,8,4
18941,Бэккс,howling-fjord,768,monk,mistweaver,12,8,4
18942,Cattleyah,ysondre,768,monk,mistweaver,12,8,4
18943,Wisebeb,les-clairvoyants,768,monk,mistweaver,12,8,4
18944,Brutamonk,blackmoore,768,monk,mistweaver,12,8,4
18945,Xoonaki,turalyon,768,monk,mistweaver,12,8,4
18946,Savvuzzino,nemesis,768,monk,mistweaver,12,8,4
18947,Shyrea,nazjatar,768,monk,mistweaver,12,8,4
18948,Miamalkøva,nemesis,768,monk,mistweaver,12,8,4
18949,Lxstcxntury,stormscale,768,monk,mistweaver,18,8,10
18950,Träskolasse,tarren-mill,768,monk,mistweaver,18,8,10
18951,Nillebpgodx,kazzak,768,monk,mistweaver,18,8,10
18952,Orki,ragnaros,768,monk,mistweaver,18,8,10
18953,Adamlól,tarren-mill,768,monk,mistweaver,18,8,10
18954,Eldaras,tarren-mill,768,monk,mistweaver,18,8,10
18955,Tøxicweaver,kazzak,768,monk,mistweaver,18,8,10
18956,Ronkingkong,ravencrest,768,monk,mistweaver,18,8,10
18957,Truelo,eredar,767,monk,mistweaver,12,8,4
18958,Hvdo,silvermoon,767,monk,mistweaver,12,8,4
18959,Maigraith,malganis,767,monk,mistweaver,12,8,4
18960,Россиянин,thermaplugg,767,monk,mistweaver,12,8,4
18961,Adzk,tarren-mill,767,monk,mistweaver,12,8,4
18962,Xerzulo,silvermoon,767,monk,mistweaver,12,8,4
18963,Lin,nathrezim,767,monk,mistweaver,12,8,4
18964,Souhei,drakthul,767,monk,mistweaver,12,8,4
18965,Мистхоррор,gordunni,767,monk,mistweaver,12,8,4
18966,Draxed,kazzak,767,monk,mistweaver,12,8,4
18967,Lerouxx,archimonde,767,monk,mistweaver,18,8,10
18968,Gízmö,tarren-mill,767,monk,mistweaver,18,8,10
18969,Nexyyfist,kazzak,767,monk,mistweaver,18,8,10
18970,Æbscourgê,azjolnerub,767,monk,mistweaver,18,8,10
18971,Qî,ravencrest,767,monk,mistweaver,24,8,16
18972,Lilithrevan,frostmourne,766,monk,mistweaver,12,8,4
18973,Cocoonkappa,dun-modr,766,monk,mistweaver,12,8,4
18974,Riip,ysondre,766,monk,mistweaver,12,8,4
18975,Sinzy,dentarg,766,monk,mistweaver,12,8,4
18976,Nulojeu,archimonde,766,monk,mistweaver,12,8,4
18977,Aznreznzfdqs,grim-batol,766,monk,mistweaver,12,8,4
18978,Nela,sanguino,766,monk,mistweaver,18,8,10
18979,Astolfochan,silvermoon,766,monk,mistweaver,18,8,10
18980,Gakunie,blackhand,766,monk,mistweaver,18,8,10
18981,Galaxumi,ragnaros,766,monk,mistweaver,18,8,10
18982,Hersmonk,drakthul,765,monk,mistweaver,12,8,4
18983,Kegbrew,kazzak,765,monk,mistweaver,12,8,4
18984,Хромдар,gordunni,765,monk,mistweaver,15,9,6
18985,Каземат,booty-bay,765,monk,mistweaver,18,8,10
18986,Lûxz,ragnaros,765,monk,mistweaver,18,8,10
18987,Lilniccí,blackrock,764,monk,mistweaver,12,8,4
18988,Lumpiiná,antonidas,764,monk,mistweaver,18,8,10
18989,Saintmoon,drakthul,762,monk,mistweaver,18,8,10
18990,Pussochkram,ravencrest,761,monk,mistweaver,12,8,4
18991,Pekinn,sanguino,761,monk,mistweaver,18,8,10
18992,Kieteltje,sylvanas,760,monk,mistweaver,12,8,4
18993,Skrøn,kult-der-verdammten,760,monk,mistweaver,12,8,4
18994,Karmasfist,ravencrest,760,monk,mistweaver,12,8,4
18995,Сукавкимоно,soulflayer,758,monk,mistweaver,18,8,10
18996,Jsuispasheal,dalaran,735,monk,mistweaver,18,8,10
18997,Fetchd,blackmoore,733,monk,mistweaver,16,8,8
18998,Dinxfar,draenor,732,monk,mistweaver,14,9,5
18999,ßam,ravencrest,726,monk,mistweaver,23,8,15
19000,Moreløs,stormscale,710,monk,mistweaver,24,10,14
19001,Hidekami,archimonde,702,monk,mistweaver,22,8,14
19002,Merçury,dun-morogh,672,monk,mistweaver,12,7,5
19003,Yoogychi,ravencrest,672,monk,mistweaver,12,7,5
19004,Astarrserran,drakthul,672,monk,mistweaver,12,7,5
19005,Longpeng,ysera,672,monk,mistweaver,12,7,5
19006,Fshn,sylvanas,672,monk,mistweaver,12,7,5
19007,Prismaticx,ravencrest,672,monk,mistweaver,12,7,5
19008,Mjoo,blackrock,672,monk,mistweaver,12,7,5
19009,Monkamonk,blutkessel,672,monk,mistweaver,12,7,5
19010,Lamasauce,ravencrest,672,monk,mistweaver,12,7,5
19011,Tøwtc,outland,672,monk,mistweaver,12,7,5
19012,Фистингкоуч,gordunni,672,monk,mistweaver,12,7,5
19013,Podrugabomja,outland,672,monk,mistweaver,12,7,5
19014,Sèrafin,burning-legion,672,monk,mistweaver,12,7,5
19015,Busfâhrer,antonidas,672,monk,mistweaver,12,7,5
19016,Tedels,kazzak,672,monk,mistweaver,12,7,5
19017,Kbwser,silvermoon,672,monk,mistweaver,12,7,5
19018,Wåñmëíßãøx,sylvanas,672,monk,mistweaver,12,7,5
19019,Pabloboy,kazzak,672,monk,mistweaver,12,7,5
19020,Yulon,blackrock,672,monk,mistweaver,12,7,5
19021,Monkel,frostwolf,672,monk,mistweaver,12,7,5
19022,Fugmonk,ravencrest,672,monk,mistweaver,12,7,5
19023,Bekachu,ragnaros,672,monk,mistweaver,12,7,5
19024,Фешнмонк,soulflayer,672,monk,mistweaver,12,7,5
19025,Irønmaxx,die-aldor,672,monk,mistweaver,12,7,5
19026,Demmonkz,stormreaver,672,monk,mistweaver,12,7,5
19027,Flexify,outland,672,monk,mistweaver,12,7,5
19028,Hessuzen,stormreaver,672,monk,mistweaver,12,7,5
19029,Frajer,auchindoun,672,monk,mistweaver,12,7,5
19030,Exbuddhist,outland,672,monk,mistweaver,12,7,5
19031,Soulcháos,ravencrest,672,monk,mistweaver,12,7,5
19032,Bjj,blackrock,672,monk,mistweaver,12,7,5
19033,Вхукьютиикс,howling-fjord,672,monk,mistweaver,13,7,6
19034,Péppy,aegwynn,672,monk,mistweaver,16,8,8
19035,Bâsarä,archimonde,672,monk,mistweaver,18,7,11
19036,Dråf,ysondre,672,monk,mistweaver,18,7,11
19037,Lazyslooth,ravencrest,672,monk,mistweaver,18,7,11
19038,Scz,draenor,672,monk,mistweaver,18,7,11
19039,Atómic,eredar,672,monk,mistweaver,18,7,11
19040,Abdulhealer,stormscale,672,monk,mistweaver,18,7,11
19041,Boîndíl,malfurion,672,monk,mistweaver,18,7,11
19042,Exru,draenor,672,monk,mistweaver,18,7,11
19043,Fistweavingg,tarren-mill,672,monk,mistweaver,18,7,11
19044,Madraven,ravencrest,672,monk,mistweaver,24,7,17
19045,Jagermonk,doomhammer,671,monk,mistweaver,12,7,5
19046,Кисеч,soulflayer,671,monk,mistweaver,12,7,5
19047,Conguitø,colinas-pardas,671,monk,mistweaver,12,7,5
19048,Agodx,sanguino,671,monk,mistweaver,12,7,5
19049,Hugemuffin,the-maelstrom,671,monk,mistweaver,12,7,5
19050,Chigee,kazzak,671,monk,mistweaver,12,7,5
19051,Xanadoll,outland,671,monk,mistweaver,12,7,5
19052,Shoryugrops,chants-éternels,671,monk,mistweaver,12,7,5
19053,Anadia,blackrock,671,monk,mistweaver,12,7,5
19054,Åshêrs,stormscale,671,monk,mistweaver,12,7,5
19055,Mitchell,sylvanas,671,monk,mistweaver,12,7,5
19056,Fonk,blades-edge,671,monk,mistweaver,12,7,5
19057,Ogpandapo,stormscale,671,monk,mistweaver,12,7,5
19058,Wudao,anubarak,671,monk,mistweaver,12,7,5
19059,Алунам,soulflayer,671,monk,mistweaver,18,7,11
19060,Lazuros,auchindoun,671,monk,mistweaver,18,7,11
19061,Hittokick,draenor,671,monk,mistweaver,18,7,11
19062,Joübar,archimonde,670,monk,mistweaver,12,7,5
19063,Zendyy,argent-dawn,670,monk,mistweaver,12,7,5
19064,Ytonie,gorgonnash,670,monk,mistweaver,12,7,5
19065,Аверлорд,fordragon,670,monk,mistweaver,12,7,5
19066,Healmeup,anetheron,670,monk,mistweaver,12,7,5
19067,Monkinamight,turalyon,670,monk,mistweaver,12,7,5
19068,Bréwsléé,ragnaros,670,monk,mistweaver,12,7,5
19069,Rhuru,argent-dawn,670,monk,mistweaver,14,7,7
19070,Zywoo,emerald-dream,668,monk,mistweaver,18,7,11
19071,Chenpô,gorgonnash,667,monk,mistweaver,12,7,5
19072,Houzagackel,blackrock,667,monk,mistweaver,30,7,23
19073,Ryanshazier,eredar,666,monk,mistweaver,12,7,5
19074,Wuchanglan,blackmoore,665,monk,mistweaver,18,7,11
19075,Senseithai,trollbane,665,monk,mistweaver,18,7,11
19076,Cheriedevile,drakthul,665,monk,mistweaver,24,7,17
19077,Pandadoum,ysondre,663,monk,mistweaver,12,7,5
19078,Shmidi,antonidas,658,monk,mistweaver,18,7,11
19079,Mistyheals,nagrand,647,monk,mistweaver,18,7,11
19080,Fistarfrans,sylvanas,639,monk,mistweaver,8,8,0
19081,Lylaei,argent-dawn,639,monk,mistweaver,17,7,10
19082,Klischi,taerar,639,monk,mistweaver,17,7,10
19083,Shapumvilla,alonsus,637,monk,mistweaver,8,8,0
19084,Randomxbrew,draenor,624,monk,mistweaver,9,8,1
19085,Vatsmijter,silvermoon,623,monk,mistweaver,11,7,4
19086,Pikajeww,kazzak,621,monk,mistweaver,11,7,4
19087,Tanyà,hyjal,617,monk,mistweaver,12,8,4
19088,Ronocs,turalyon,606,monk,mistweaver,14,7,7
19089,Althéia,dalaran,576,monk,mistweaver,6,6,0
19090,Флориусс,soulflayer,576,monk,mistweaver,6,6,0
19091,Zxcursèd,tarren-mill,576,monk,mistweaver,6,6,0
19092,Mowì,stormscale,576,monk,mistweaver,6,6,0
19093,Chìless,shadowsong,576,monk,mistweaver,6,6,0
19094,Barbielølz,archimonde,576,monk,mistweaver,6,6,0
19095,Redundänt,kazzak,576,monk,mistweaver,6,6,0
19096,Djalexmw,kazzak,576,monk,mistweaver,6,6,0
19097,Leashed,blackmoore,576,monk,mistweaver,12,6,6
19098,Yez,azjolnerub,576,monk,mistweaver,12,6,6
19099,Pivomamrad,drakthul,576,monk,mistweaver,12,6,6
19100,Gruslinovica,archimonde,576,monk,mistweaver,12,6,6
19101,Annoyingtwo,archimonde,576,monk,mistweaver,12,6,6
19102,Ryac,defias-brotherhood,576,monk,mistweaver,12,6,6
19103,Миражмонк,howling-fjord,576,monk,mistweaver,12,6,6
19104,Mørbradgryde,silvermoon,576,monk,mistweaver,12,6,6
19105,Vedak,stormreaver,576,monk,mistweaver,12,6,6
19106,Tiddor,burning-legion,576,monk,mistweaver,12,6,6
19107,Åmba,blackrock,576,monk,mistweaver,12,6,6
19108,Insanepace,blackmoore,576,monk,mistweaver,12,6,6
19109,Garfunkel,emeriss,576,monk,mistweaver,12,6,6
19110,Sinensi,conseil-des-ombres,576,monk,mistweaver,12,6,6
19111,Potkuri,stormreaver,576,monk,mistweaver,12,6,6
19112,Bigkim,khadgar,576,monk,mistweaver,12,6,6
19113,Oiorie,twisting-nether,576,monk,mistweaver,12,6,6
19114,Найтчерри,deathguard,576,monk,mistweaver,12,6,6
19115,Monjonagger,tyrande,576,monk,mistweaver,12,6,6
19116,Aritisi,tarren-mill,576,monk,mistweaver,12,6,6
19117,Кончеглаз,soulflayer,576,monk,mistweaver,12,6,6
19118,Mozzi,frostmane,576,monk,mistweaver,12,6,6
19119,Amzu,kazzak,576,monk,mistweaver,12,6,6
19120,Icecoldbrew,outland,576,monk,mistweaver,12,6,6
19121,Vàlky,outland,576,monk,mistweaver,12,6,6
19122,Rashtamonk,blackmoore,576,monk,mistweaver,12,6,6
19123,Gosphhell,archimonde,576,monk,mistweaver,12,6,6
19124,Iliketofist,ravencrest,576,monk,mistweaver,12,6,6
19125,Faki,eredar,576,monk,mistweaver,12,6,6
19126,Deepênd,antonidas,576,monk,mistweaver,12,6,6
19127,Shàllýn,antonidas,576,monk,mistweaver,12,6,6
19128,Goamix,ravencrest,576,monk,mistweaver,12,6,6
19129,Zabjudah,stormscale,576,monk,mistweaver,12,6,6
19130,Doll,stormscale,576,monk,mistweaver,12,6,6
19131,Коумана,gordunni,576,monk,mistweaver,15,7,8
19132,Modequillo,blackmoore,576,monk,mistweaver,18,6,12
19133,Монкмяу,howling-fjord,576,monk,mistweaver,18,6,12
19134,Renegatt,twisting-nether,576,monk,mistweaver,18,6,12
19135,Ayanaami,pozzo-delleternità,576,monk,mistweaver,18,6,12
19136,Торен,soulflayer,576,monk,mistweaver,18,6,12
19137,Itsthemonkky,tarren-mill,576,monk,mistweaver,24,6,18
19138,Heyami,ravencrest,576,monk,mistweaver,24,6,18
19139,Fraideberoa,ravencrest,575,monk,mistweaver,6,6,0
19140,Badonna,burning-legion,575,monk,mistweaver,12,6,6
19141,Druni,archimonde,575,monk,mistweaver,12,6,6
19142,Vexzen,tarren-mill,575,monk,mistweaver,12,6,6
19143,Drlyn,blackmoore,575,monk,mistweaver,12,6,6
19144,Фериго,gordunni,575,monk,mistweaver,12,6,6
19145,Tily,stormreaver,575,monk,mistweaver,12,6,6
19146,Bbigttgothgf,doomhammer,575,monk,mistweaver,12,6,6
19147,Khakk,elune,575,monk,mistweaver,12,6,6
19148,Thymesurge,ravencrest,575,monk,mistweaver,12,6,6
19149,Shenyen,silvermoon,575,monk,mistweaver,12,6,6
19150,Samie,ravencrest,575,monk,mistweaver,12,6,6
19151,Drír,archimonde,575,monk,mistweaver,12,6,6
19152,Toweliè,thrall,575,monk,mistweaver,12,6,6
19153,Rakowo,arthas,575,monk,mistweaver,12,6,6
19154,Eldunári,sanguino,575,monk,mistweaver,12,6,6
19155,Тэсси,blackscar,575,monk,mistweaver,12,6,6
19156,Ðoom,sylvanas,575,monk,mistweaver,12,6,6
19157,Kushinaa,teldrassil,575,monk,mistweaver,12,6,6
19158,Skonk,frostmane,575,monk,mistweaver,12,6,6
19159,Mulana,sanguino,575,monk,mistweaver,18,6,12
19160,Latify,todeswache,575,monk,mistweaver,18,6,12
19161,Painswîft,blackhand,575,monk,mistweaver,18,6,12
19162,Dotheas,argent-dawn,574,monk,mistweaver,12,6,6
19163,Othalain,silvermoon,574,monk,mistweaver,12,6,6
19164,Irishdëmon,ravencrest,574,monk,mistweaver,16,6,10
19165,Jackamonk,kazzak,574,monk,mistweaver,18,6,12
19166,Ghninscare,blackmoore,560,monk,mistweaver,13,8,5
19167,Ndaula,drakthul,543,monk,mistweaver,14,7,7
19168,Psychö,zuljin,538,monk,mistweaver,17,6,11
19169,Gingerbrew,hyjal,528,monk,mistweaver,9,7,2
19170,Lidalol,silvermoon,527,monk,mistweaver,9,7,2
19171,Trymax,blackmoore,522,monk,mistweaver,17,7,10
19172,Leïsha,ysondre,522,monk,mistweaver,18,7,11
19173,Plií,frostwolf,512,monk,mistweaver,16,6,10
19174,Годъяр,gordunni,510,monk,mistweaver,14,6,8
19175,Tarzaki,hyjal,494,monk,mistweaver,13,6,7
19176,Veladana,chamber-of-aspects,480,monk,mistweaver,6,5,1
19177,Stromon,silvermoon,480,monk,mistweaver,6,5,1
19178,Флориус,soulflayer,480,monk,mistweaver,6,5,1
19179,Павнмонкх,gordunni,480,monk,mistweaver,6,5,1
19180,Notgherit,nemesis,480,monk,mistweaver,6,5,1
19181,Подорожнник,gordunni,480,monk,mistweaver,6,5,1
19182,Plancton,kazzak,480,monk,mistweaver,6,5,1
19183,Sio,dentarg,480,monk,mistweaver,6,5,1
19184,Nxmonk,sylvanas,480,monk,mistweaver,6,5,1
19185,Такиера,gordunni,480,monk,mistweaver,6,5,1
19186,Clydemonk,outland,480,monk,mistweaver,6,5,1
19187,Gaalon,ravencrest,480,monk,mistweaver,6,5,1
19188,Muix,draenor,480,monk,mistweaver,6,5,1
19189,Ørcqt,tarren-mill,480,monk,mistweaver,6,5,1
19190,Xkäz,archimonde,480,monk,mistweaver,6,5,1
19191,Sloopkogel,tarren-mill,480,monk,mistweaver,6,5,1
19192,Kaowar,nerzhul,480,monk,mistweaver,6,5,1
19193,Dukhi,kazzak,480,monk,mistweaver,6,5,1
19194,Zarona,outland,480,monk,mistweaver,6,5,1
19195,Kookmin,doomhammer,480,monk,mistweaver,6,5,1
19196,Drylezm,twisting-nether,480,monk,mistweaver,6,5,1
19197,Watschensepp,arthas,480,monk,mistweaver,6,5,1
19198,Tîptap,blackrock,480,monk,mistweaver,12,5,7
19199,Andelicek,burning-blade,480,monk,mistweaver,12,5,7
19200,Teninchwilly,outland,480,monk,mistweaver,12,5,7
19201,Lunì,nathrezim,480,monk,mistweaver,12,5,7
19202,Miquella,scarshield-legion,480,monk,mistweaver,12,5,7
19203,Порвуседло,soulflayer,480,monk,mistweaver,12,5,7
19204,Siezlebabo,blackrock,480,monk,mistweaver,12,5,7
19205,Ðrçleañ,stormreaver,480,monk,mistweaver,12,5,7
19206,Erandja,silvermoon,480,monk,mistweaver,12,5,7
19207,Jacm,blackhand,480,monk,mistweaver,12,5,7
19208,Jodeen,shadowsong,480,monk,mistweaver,12,5,7
19209,Kandislee,ravencrest,480,monk,mistweaver,12,5,7
19210,Gemil,argent-dawn,480,monk,mistweaver,12,5,7
19211,Místborn,ravencrest,480,monk,mistweaver,12,5,7
19212,Hon,sanguino,480,monk,mistweaver,12,5,7
19213,Тайви,deepholm,480,monk,mistweaver,12,5,7
19214,Minervaez,grim-batol,480,monk,mistweaver,12,5,7
19215,Jeanmartin,hyjal,480,monk,mistweaver,12,5,7
19216,Bearmw,draenor,480,monk,mistweaver,12,5,7
19217,Mickjabber,aegwynn,480,monk,mistweaver,12,5,7
19218,Hoibglotzn,antonidas,480,monk,mistweaver,12,5,7
19219,Machó,kazzak,480,monk,mistweaver,12,5,7
19220,Bountyño,dun-modr,480,monk,mistweaver,12,5,7
19221,Diabolùs,blackmoore,480,monk,mistweaver,18,5,13
19222,Drumonk,kelthuzad,480,monk,mistweaver,18,5,13
19223,Risomonk,blackrock,480,monk,mistweaver,18,5,13
19224,Whytoosxy,silvermoon,480,monk,mistweaver,18,5,13
19225,Копытька,gordunni,480,monk,mistweaver,18,5,13
19226,Wkiller,outland,480,monk,mistweaver,18,5,13
19227,Kakos,eldrethalas,479,monk,mistweaver,6,5,1
19228,Slý,archimonde,479,monk,mistweaver,6,5,1
19229,Proxxona,eredar,479,monk,mistweaver,6,5,1
19230,Bovinebuddha,stormscale,479,monk,mistweaver,12,5,7
19231,Durand,blackhand,479,monk,mistweaver,12,5,7
19232,Яутжа,soulflayer,479,monk,mistweaver,12,5,7
19233,Wotaner,eredar,479,monk,mistweaver,12,5,7
19234,Sotqyy,stormscale,479,monk,mistweaver,12,5,7
19235,Luigimonk,dun-modr,479,monk,mistweaver,12,5,7
19236,Loma,drakthul,479,monk,mistweaver,12,5,7
19237,Дарума,grom,479,monk,mistweaver,12,5,7
19238,Добраядушка,gordunni,479,monk,mistweaver,18,5,13
19239,Knotze,eredar,479,monk,mistweaver,18,5,13
19240,Løkî,culte-de-la-rive-noire,479,monk,mistweaver,24,5,19
19241,Toaborsten,tarren-mill,478,monk,mistweaver,6,5,1
19242,Shontal,ravencrest,478,monk,mistweaver,12,5,7
19243,Wînk,amanthul,478,monk,mistweaver,12,5,7
19244,Брэйки,lich-king,478,monk,mistweaver,18,5,13
19245,Brizs,outland,476,monk,mistweaver,12,5,7
19246,Leffe,thunderhorn,476,monk,mistweaver,12,5,7
19247,Drugarix,uldaman,475,monk,mistweaver,12,5,7
19248,Chucknorrís,kilrogg,474,monk,mistweaver,18,7,11
19249,Filomenata,rexxar,469,monk,mistweaver,19,5,14
19250,Zinzyo,aegwynn,447,monk,mistweaver,11,5,6
19251,Pìmpìnelle,garona,432,monk,mistweaver,9,6,3
19252,Mku,kazzak,432,monk,mistweaver,9,6,3
19253,Ygêrne,archimonde,426,monk,mistweaver,15,6,9
19254,Dræk,twisting-nether,426,monk,mistweaver,19,6,13
19255,Lévanà,antonidas,415,monk,mistweaver,8,5,3
19256,Sudoku,thrall,415,monk,mistweaver,14,5,9
19257,Леобтв,soulflayer,384,monk,mistweaver,6,4,2
19258,Jifun,kazzak,384,monk,mistweaver,6,4,2
19259,Эрумонк,gordunni,384,monk,mistweaver,6,4,2
19260,Олежатоксик,gordunni,384,monk,mistweaver,6,4,2
19261,Missislee,aegwynn,384,monk,mistweaver,6,4,2
19262,Ibsmonk,outland,384,monk,mistweaver,6,4,2
19263,Dath,outland,384,monk,mistweaver,6,4,2
19264,Дядямаготика,deathguard,384,monk,mistweaver,6,4,2
19265,Xloxloxloxy,outland,384,monk,mistweaver,6,4,2
19266,Spánkproóf,kazzak,384,monk,mistweaver,6,4,2
19267,Fakestrxx,aegwynn,384,monk,mistweaver,6,4,2
19268,Trancendent,silvermoon,384,monk,mistweaver,6,4,2
19269,Nêrfmeta,kazzak,384,monk,mistweaver,6,4,2
19270,Bréwmáster,silvermoon,384,monk,mistweaver,6,4,2
19271,Podekouil,ysondre,384,monk,mistweaver,6,4,2
19272,Foaqer,aegwynn,384,monk,mistweaver,6,4,2
19273,Elasha,archimonde,384,monk,mistweaver,6,4,2
19274,Pinkstar,kazzak,384,monk,mistweaver,6,4,2
19275,Shenexo,kazzak,384,monk,mistweaver,6,4,2
19276,Camlen,draenor,384,monk,mistweaver,6,4,2
19277,Муррчалкин,howling-fjord,384,monk,mistweaver,6,4,2
19278,Punkfukanda,drakthul,384,monk,mistweaver,6,4,2
19279,Mistfeeder,burning-blade,384,monk,mistweaver,6,4,2
19280,Mentonk,frostwolf,384,monk,mistweaver,6,4,2
19281,Jemijedno,drakthul,384,monk,mistweaver,6,4,2
19282,Meineaugen,blackhand,384,monk,mistweaver,6,4,2
19283,Slokwerk,dentarg,384,monk,mistweaver,6,4,2
19284,Starside,tarren-mill,384,monk,mistweaver,6,4,2
19285,Bratana,dun-morogh,384,monk,mistweaver,6,4,2
19286,Plånck,archimonde,384,monk,mistweaver,6,4,2
19287,Ennamoly,blackmoore,384,monk,mistweaver,6,4,2
19288,Monkersquad,doomhammer,384,monk,mistweaver,6,4,2
19289,Bhrag,die-aldor,384,monk,mistweaver,6,4,2
19290,Alomonk,archimonde,384,monk,mistweaver,6,4,2
19291,Roudious,arathi,384,monk,mistweaver,6,4,2
19292,Yepp,blackmoore,384,monk,mistweaver,6,4,2
19293,Xevol,burning-legion,384,monk,mistweaver,6,4,2
19294,Харуказэ,howling-fjord,384,monk,mistweaver,6,4,2
19295,Mônkykong,ravencrest,384,monk,mistweaver,6,4,2
19296,Naìsh,arygos,384,monk,mistweaver,6,4,2
19297,Cocacolazeró,draenor,384,monk,mistweaver,6,4,2
19298,Peaceweaver,ravencrest,384,monk,mistweaver,6,4,2
19299,Kazéshini,doomhammer,384,monk,mistweaver,6,4,2
19300,Bigflex,conseil-des-ombres,384,monk,mistweaver,6,4,2
19301,Highline,draenor,384,monk,mistweaver,6,4,2
19302,Claww,blackrock,384,monk,mistweaver,6,4,2
19303,Req,darksorrow,384,monk,mistweaver,6,4,2
19304,Dexcore,draenor,384,monk,mistweaver,6,4,2
19305,Escopetin,los-errantes,384,monk,mistweaver,6,4,2
19306,Caipha,ravencrest,384,monk,mistweaver,6,4,2
19307,Gangichi,blackhand,384,monk,mistweaver,9,5,4
19308,Subzxftw,archimonde,384,monk,mistweaver,12,4,8
19309,Bruceli,darkmoon-faire,384,monk,mistweaver,12,4,8
19310,Bûl,blackmoore,384,monk,mistweaver,12,4,8
19311,Dromarch,dun-modr,384,monk,mistweaver,12,4,8
19312,Тсайм,howling-fjord,384,monk,mistweaver,12,4,8
19313,Woofi,tarren-mill,384,monk,mistweaver,12,4,8
19314,Kswis,outland,384,monk,mistweaver,12,4,8
19315,Слишкомхорош,howling-fjord,384,monk,mistweaver,12,4,8
19316,Nebelwandler,blackhand,384,monk,mistweaver,12,4,8
19317,Карманедаун,howling-fjord,384,monk,mistweaver,12,4,8
19318,Suhnukka,stormscale,384,monk,mistweaver,12,4,8
19319,Päätöksiä,defias-brotherhood,384,monk,mistweaver,12,4,8
19320,Eth,nagrand,384,monk,mistweaver,12,4,8
19321,Monkmonkesen,stormscale,384,monk,mistweaver,12,4,8
19322,Audaz,dun-modr,384,monk,mistweaver,12,4,8
19323,Pikkupotkuri,stormreaver,384,monk,mistweaver,12,4,8
19324,Bakersdozen,tarren-mill,384,monk,mistweaver,12,4,8
19325,Invsionrush,crushridge,384,monk,mistweaver,12,4,8
19326,Skelmir,dragonblight,384,monk,mistweaver,12,4,8
19327,Craneovic,kult-der-verdammten,384,monk,mistweaver,12,4,8
19328,Betelgeuse,jaedenar,384,monk,mistweaver,18,4,14
19329,Supwithat,kazzak,383,monk,mistweaver,6,4,2
19330,Goldenquinn,sylvanas,383,monk,mistweaver,6,4,2
19331,Níki,earthen-ring,383,monk,mistweaver,6,4,2
19332,Vzan,kazzak,383,monk,mistweaver,6,4,2
19333,Wrathing,tarren-mill,383,monk,mistweaver,6,4,2
19334,Korrok,sanguino,383,monk,mistweaver,12,4,8
19335,Doneithné,stormscale,383,monk,mistweaver,12,4,8
19336,Gnomebrew,ravencrest,383,monk,mistweaver,12,4,8
19337,Eucalyptuz,draenor,383,monk,mistweaver,12,4,8
19338,Velicko,ravencrest,383,monk,mistweaver,12,4,8
19339,Xentimus,kazzak,383,monk,mistweaver,12,4,8
19340,Fkflying,defias-brotherhood,381,monk,mistweaver,12,4,8
19341,Geeberz,twisting-nether,380,monk,mistweaver,12,4,8
19342,Hullumunkki,blackmoore,352,monk,mistweaver,10,4,6
19343,Matrim,arathor,351,monk,mistweaver,8,5,3
19344,Chiá,tarren-mill,351,monk,mistweaver,11,4,7
19345,Masimonk,blackrock,350,monk,mistweaver,11,4,7
19346,Киото,ashenvale,350,monk,mistweaver,11,4,7
19347,Thiccbaby,kazzak,336,monk,mistweaver,9,4,5
19348,Yøda,malganis,335,monk,mistweaver,9,4,5
19349,Buckersxo,kazzak,330,monk,mistweaver,11,6,5
19350,Монкиннияя,gordunni,330,monk,mistweaver,21,6,15
19351,Midgetyoda,outland,330,monk,mistweaver,22,5,17
19352,Zaalleh,draenor,319,monk,mistweaver,5,4,1
19353,Ilikeducks,ravencrest,319,monk,mistweaver,5,4,1
19354,Nabenja,madmortem,319,monk,mistweaver,14,4,10
19355,Schellentano,defias-brotherhood,301,monk,mistweaver,13,4,9
19356,Mickeyworms,archimonde,288,monk,mistweaver,6,3,3
19357,Nexìan,kazzak,288,monk,mistweaver,6,3,3
19358,Родо,blackscar,288,monk,mistweaver,6,3,3
19359,Domedagsdamp,draenor,288,monk,mistweaver,6,3,3
19360,Leikô,grim-batol,288,monk,mistweaver,6,3,3
19361,Píco,gorgonnash,288,monk,mistweaver,6,3,3
19362,Perikencito,dun-modr,288,monk,mistweaver,6,3,3
19363,Ricidora,nerathor,288,monk,mistweaver,6,3,3
19364,Atommyran,frostmane,288,monk,mistweaver,6,3,3
19365,Yogi,defias-brotherhood,288,monk,mistweaver,6,3,3
19366,Похмелись,blackscar,288,monk,mistweaver,6,3,3
19367,Friidam,lightbringer,288,monk,mistweaver,6,3,3
19368,Viggex,outland,288,monk,mistweaver,6,3,3
19369,Kätelyys,dun-modr,288,monk,mistweaver,6,3,3
19370,Uggs,hyjal,288,monk,mistweaver,6,3,3
19371,Wando,defias-brotherhood,288,monk,mistweaver,6,3,3
19372,Koba,frostwolf,288,monk,mistweaver,6,3,3
19373,Neptulion,ravencrest,288,monk,mistweaver,6,3,3
19374,Kylâas,die-ewige-wacht,288,monk,mistweaver,6,3,3
19375,Mønkek,kazzak,288,monk,mistweaver,6,3,3
19376,Kaskinhas,archimonde,288,monk,mistweaver,6,3,3
19377,Lorkas,darkmoon-faire,288,monk,mistweaver,6,3,3
19378,Loempia,outland,288,monk,mistweaver,6,3,3
19379,Stenhård,azjolnerub,288,monk,mistweaver,6,3,3
19380,Xanderpowa,sanguino,288,monk,mistweaver,6,3,3
19381,Fluxqt,ravencrest,288,monk,mistweaver,6,3,3
19382,Yutahon,azjolnerub,288,monk,mistweaver,6,3,3
19383,Киликххл,deathguard,288,monk,mistweaver,6,3,3
19384,Baisi,blackhand,288,monk,mistweaver,6,3,3
19385,Leiwill,stormreaver,288,monk,mistweaver,6,3,3
19386,Fairhand,emerald-dream,288,monk,mistweaver,6,3,3
19387,Cmgxbrew,blackrock,288,monk,mistweaver,6,3,3
19388,Wèéman,grim-batol,288,monk,mistweaver,6,3,3
19389,Relentlessly,blackrock,288,monk,mistweaver,6,3,3
19390,Lassador,onyxia,288,monk,mistweaver,6,3,3
19391,Màlydôr,outland,288,monk,mistweaver,6,3,3
19392,Kaizenthor,runetotem,288,monk,mistweaver,6,3,3
19393,Culiacàn,blackmoore,288,monk,mistweaver,6,3,3
19394,Shoskio,chamber-of-aspects,288,monk,mistweaver,6,3,3
19395,Коррелир,howling-fjord,288,monk,mistweaver,6,3,3
19396,Louiemon,outland,288,monk,mistweaver,6,3,3
19397,Rípple,alakir,288,monk,mistweaver,6,3,3
19398,Fistwave,malganis,288,monk,mistweaver,6,3,3
19399,Shnohh,blackmoore,288,monk,mistweaver,6,3,3
19400,Crommul,burning-legion,288,monk,mistweaver,6,3,3
19401,Menecares,blackhand,288,monk,mistweaver,6,3,3
19402,Mistless,ragnaros,288,monk,mistweaver,6,3,3
19403,Shàolïn,dalaran,288,monk,mistweaver,6,3,3
19404,Norbii,twisting-nether,288,monk,mistweaver,6,3,3
19405,Ipès,archimonde,288,monk,mistweaver,6,3,3
19406,Moistweaver,drakthul,288,monk,mistweaver,6,3,3
19407,Trubushatal,ravencrest,288,monk,mistweaver,6,3,3
19408,Leifjuster,stormscale,288,monk,mistweaver,6,3,3
19409,Ninetz,tarren-mill,288,monk,mistweaver,6,3,3
19410,Zyrosmonk,blackmoore,288,monk,mistweaver,6,3,3
19411,Mecin,ragnaros,288,monk,mistweaver,6,3,3
19412,Askmeout,ravencrest,288,monk,mistweaver,7,3,4
19413,Karatemonk,stormscale,288,monk,mistweaver,12,3,9
19414,Jinora,theradras,288,monk,mistweaver,12,3,9
19415,Leøni,malfurion,288,monk,mistweaver,12,3,9
19416,Drunklee,aegwynn,288,monk,mistweaver,12,3,9
19417,Olîvê,ravencrest,288,monk,mistweaver,12,3,9
19418,Justfistyoux,archimonde,288,monk,mistweaver,12,3,9
19419,Fistmeg,grim-batol,288,monk,mistweaver,12,3,9
19420,Brewdooms,laughing-skull,288,monk,mistweaver,12,3,9
19421,Tossen,ragnaros,288,monk,mistweaver,12,3,9
19422,Albertã,doomhammer,288,monk,mistweaver,12,3,9
19423,Xvll,kaelthas,288,monk,mistweaver,12,3,9
19424,Monkenya,kazzak,288,monk,mistweaver,12,3,9
19425,Koreanbullet,archimonde,288,monk,mistweaver,12,3,9
19426,Lonechi,sylvanas,288,monk,mistweaver,12,3,9
19427,Trxy,argent-dawn,288,monk,mistweaver,12,3,9
19428,Velita,dun-modr,288,monk,mistweaver,18,3,15
19429,Playboicarti,frostwolf,287,monk,mistweaver,6,3,3
19430,Bo,malorne,287,monk,mistweaver,6,3,3
19431,Vørdèthxd,outland,287,monk,mistweaver,6,3,3
19432,Hanumahn,kilrogg,287,monk,mistweaver,12,3,9
19433,Edenbllow,twisting-nether,287,monk,mistweaver,12,3,9
19434,Shorebreak,argent-dawn,286,monk,mistweaver,6,3,3
19435,Pepefocho,sanguino,286,monk,mistweaver,6,3,3
19436,Mossadjr,blackmoore,256,monk,mistweaver,4,4,0
19437,Maharaj,terenas,255,monk,mistweaver,11,3,8
19438,Trlmøna,gorgonnash,240,monk,mistweaver,9,4,5
19439,Mouhous,hellscream,234,monk,mistweaver,13,4,9
19440,Jackíechen,draenor,234,monk,mistweaver,15,4,11
19441,Арнольдовна,blackscar,234,monk,mistweaver,17,4,13
19442,Colita,kazzak,233,monk,mistweaver,16,5,11
19443,Chakarma,twisting-nether,224,monk,mistweaver,10,3,7
19444,Mynaira,tarren-mill,208,monk,mistweaver,25,3,22
19445,Simbabsu,thrall,192,monk,mistweaver,4,3,1
19446,Злюкшо,howling-fjord,192,monk,mistweaver,10,4,6
19447,Chegweaver,ravencrest,192,monk,mistweaver,6,2,4
19448,Axilane,outland,192,monk,mistweaver,6,2,4
19449,Fistandfury,outland,192,monk,mistweaver,6,2,4
19450,Ebonymilfy,archimonde,192,monk,mistweaver,6,2,4
19451,Altairan,ragnaros,192,monk,mistweaver,6,2,4
19452,Mistya,ragnaros,192,monk,mistweaver,6,2,4
19453,Trippyv,ragnaros,192,monk,mistweaver,6,2,4
19454,Shinyin,outland,192,monk,mistweaver,6,2,4
19455,Auaaua,ravencrest,192,monk,mistweaver,6,2,4
19456,Jadefain,argent-dawn,192,monk,mistweaver,6,2,4
19457,Wilymonka,dalaran,192,monk,mistweaver,6,2,4
19458,Mutai,tarren-mill,192,monk,mistweaver,6,2,4
19459,Toxicvxpe,archimonde,192,monk,mistweaver,6,2,4
19460,Tøngpø,argent-dawn,192,monk,mistweaver,6,2,4
19461,Ahaa,kazzak,192,monk,mistweaver,6,2,4
19462,Kûngfu,tarren-mill,192,monk,mistweaver,6,2,4
19463,Karatemooves,kazzak,192,monk,mistweaver,6,2,4
19464,Headakzar,kazzak,192,monk,mistweaver,6,2,4
19465,Syy,medivh,192,monk,mistweaver,6,2,4
19466,Brewsmaster,archimonde,192,monk,mistweaver,6,2,4
19467,Wifeeagro,doomhammer,192,monk,mistweaver,6,2,4
19468,Justacomma,outland,192,monk,mistweaver,6,2,4
19469,Nephi,kirin-tor,192,monk,mistweaver,6,2,4
19470,Rbgmachine,burning-legion,192,monk,mistweaver,6,2,4
19471,Acbcz,draenor,192,monk,mistweaver,6,2,4
19472,Shaosshoshin,exodar,192,monk,mistweaver,6,2,4
19473,Flyingraven,magtheridon,192,monk,mistweaver,6,2,4
19474,Yokuboo,ysondre,192,monk,mistweaver,6,2,4
19475,Dalaipyjama,quelthalas,192,monk,mistweaver,6,2,4
19476,Monkfriend,quelthalas,192,monk,mistweaver,6,2,4
19477,Skâte,dun-modr,192,monk,mistweaver,6,2,4
19478,Luffix,outland,192,monk,mistweaver,6,2,4
19479,Kmorhin,antonidas,192,monk,mistweaver,6,2,4
19480,Domingovivas,dun-modr,192,monk,mistweaver,6,2,4
19481,Espectrå,dun-modr,192,monk,mistweaver,6,2,4
19482,Jetsweep,kazzak,192,monk,mistweaver,6,2,4
19483,Sînge,archimonde,192,monk,mistweaver,6,2,4
19484,Rudiculous,malganis,192,monk,mistweaver,6,2,4
19485,Obeliskbrew,kazzak,192,monk,mistweaver,6,2,4
19486,Zaheer,xavius,192,monk,mistweaver,6,2,4
19487,Shynlee,frostwhisper,192,monk,mistweaver,6,2,4
19488,Mystize,shattered-hand,192,monk,mistweaver,6,2,4
19489,Монкпех,gordunni,192,monk,mistweaver,6,2,4
19490,Кулаквтебе,borean-tundra,192,monk,mistweaver,6,2,4
19491,Люсилью,howling-fjord,192,monk,mistweaver,6,2,4
19492,Watermelon,laughing-skull,192,monk,mistweaver,6,2,4
19493,Dennismansix,sylvanas,192,monk,mistweaver,6,2,4
19494,Леронтас,gordunni,192,monk,mistweaver,6,2,4
19495,Yinsho,stormscale,192,monk,mistweaver,6,2,4
19496,Fisterxd,blackrock,192,monk,mistweaver,6,2,4
19497,Scorpìon,blackrock,192,monk,mistweaver,6,2,4
19498,Âechlz,malfurion,192,monk,mistweaver,6,2,4
19499,Зараз,gordunni,192,monk,mistweaver,6,2,4
19500,Loveít,blackrock,192,monk,mistweaver,6,2,4
19501,Xùen,blackrock,192,monk,mistweaver,6,2,4
19502,Pleasure,laughing-skull,192,monk,mistweaver,6,2,4
19503,Fènja,kult-der-verdammten,192,monk,mistweaver,6,2,4
19504,Sashun,blackmoore,192,monk,mistweaver,6,2,4
19505,Jolifine,alleria,192,monk,mistweaver,6,2,4
19506,Liluzi,aszune,192,monk,mistweaver,6,2,4
19507,Dunkfjås,stormscale,192,monk,mistweaver,6,2,4
19508,Faustíne,blackmoore,192,monk,mistweaver,6,2,4
19509,Хере,soulflayer,192,monk,mistweaver,6,2,4
19510,Merlyñ,blackmoore,192,monk,mistweaver,6,2,4
19511,Jacksbäro,zirkel-des-cenarius,192,monk,mistweaver,12,2,10
19512,Brixelol,kazzak,192,monk,mistweaver,12,2,10
19513,Anifurry,tarren-mill,192,monk,mistweaver,12,2,10
19514,Johnsôn,blackmoore,192,monk,mistweaver,12,2,10
19515,Chîca,ysondre,192,monk,mistweaver,12,2,10
19516,Ascrem,ragnaros,192,monk,mistweaver,12,2,10
19517,Sargnorak,dalaran,191,monk,mistweaver,6,2,4
19518,Hisagi,khaz-modan,191,monk,mistweaver,6,2,4
19519,Чвка,booty-bay,191,monk,mistweaver,6,2,4
19520,Andrah,blackmoore,185,monk,mistweaver,14,4,10
19521,Facetimee,ahnqiraj,159,monk,mistweaver,5,2,3
19522,Swiftmonky,azuremyst,159,monk,mistweaver,5,2,3
19523,Bigdickmonk,blackmoore,144,monk,mistweaver,3,3,0
19524,Зрти,gordunni,138,monk,mistweaver,12,4,8
19525,Ostarikyttä,stormscale,138,monk,mistweaver,10,3,7
19526,Saïtama,krasus,138,monk,mistweaver,10,3,7
19527,Ghettomonk,blackmoore,138,monk,mistweaver,11,3,8
19528,Shenlong,burning-blade,138,monk,mistweaver,14,3,11
19529,Спартаннка,gordunni,137,monk,mistweaver,8,3,5
19530,Wraq,tarren-mill,128,monk,mistweaver,4,2,2
19531,Cheechong,grim-batol,127,monk,mistweaver,8,2,6
19532,Bænkai,naxxramas,96,monk,mistweaver,6,1,5
19533,Cbamonk,tarren-mill,96,monk,mistweaver,6,1,5
19534,Konïï,dalaran,96,monk,mistweaver,6,1,5
19535,Assaalaria,argent-dawn,96,monk,mistweaver,6,1,5
19536,Ätishâ,archimonde,96,monk,mistweaver,6,1,5
19537,Monkolben,blackmoore,96,monk,mistweaver,6,1,5
19538,Butrinto,hellfire,96,monk,mistweaver,6,1,5
19539,Mongretod,ravencrest,96,monk,mistweaver,6,1,5
19540,Gôeller,stormscale,96,monk,mistweaver,6,1,5
19541,Glivilalis,drekthar,96,monk,mistweaver,6,1,5
19542,Legpunch,the-maelstrom,96,monk,mistweaver,6,1,5
19543,Missblack,zuljin,96,monk,mistweaver,6,1,5
19544,Jozo,hyjal,96,monk,mistweaver,6,1,5
19545,Skadchi,blackhand,96,monk,mistweaver,6,1,5
19546,Shîïna,ysondre,96,monk,mistweaver,6,1,5
19547,Monkinator,stormreaver,96,monk,mistweaver,6,1,5
19548,Brandy,kazzak,96,monk,mistweaver,6,1,5
19549,Havefunguys,alakir,96,monk,mistweaver,6,1,5
19550,Fapmaster,aegwynn,96,monk,mistweaver,6,1,5
19551,Ytjin,draenor,96,monk,mistweaver,6,1,5
19552,Àómìñêdâìkí,lightnings-blade,96,monk,mistweaver,6,1,5
19553,Moorf,ravencrest,96,monk,mistweaver,6,1,5
19554,Smlpp,kazzak,96,monk,mistweaver,6,1,5
19555,Rostick,drakthul,96,monk,mistweaver,6,1,5
19556,Lìlíy,taerar,96,monk,mistweaver,6,1,5
19557,Jessiemonk,blackhand,96,monk,mistweaver,6,1,5
19558,Botsmw,kazzak,96,monk,mistweaver,6,1,5
19559,Brewbunnyqt,thrall,96,monk,mistweaver,6,1,5
19560,Backbone,auchindoun,96,monk,mistweaver,6,1,5
19561,Pream,blackrock,96,monk,mistweaver,6,1,5
19562,Jusex,stormreaver,96,monk,mistweaver,6,1,5
19563,Itxelita,zuljin,96,monk,mistweaver,6,1,5
19564,Capos,wrathbringer,96,monk,mistweaver,11,1,10
19565,Arukoru,kazzak,96,monk,mistweaver,12,1,11
19566,Xiâomèi,dun-modr,96,monk,mistweaver,12,1,11
19567,Rhodin,krasus,96,monk,mistweaver,12,1,11
19568,Sigournémist,silvermoon,96,monk,mistweaver,12,1,11
19569,Upbringer,ragnaros,96,monk,mistweaver,12,1,11
19570,Marrów,chamber-of-aspects,96,monk,mistweaver,14,1,13
19571,Christien,ungoro,95,monk,mistweaver,6,1,5
19572,Nïkaa,dun-modr,84,monk,mistweaver,9,5,4
19573,Woguo,drakthul,84,monk,mistweaver,10,4,6
19574,Griffens,argent-dawn,79,monk,mistweaver,5,1,4
19575,Barendhoff,sylvanas,64,monk,mistweaver,4,1,3
19576,Автотюн,gordunni,64,monk,mistweaver,10,1,9
19577,Бязь,gordunni,63,monk,mistweaver,2,2,0
19578,Johnnybgood,tarren-mill,42,monk,mistweaver,10,3,7
19579,Флокэ,soulflayer,42,monk,mistweaver,9,2,7
19580,Monkeykung,defias-brotherhood,40,monk,mistweaver,16,3,13
19581,Sinpho,ahnqiraj,1171,monk,brewmaster,36,13,23
19582,Winchun,ravencrest,820,monk,brewmaster,32,14,18
19583,Padawang,twisting-nether,767,monk,brewmaster,24,8,16
19584,Комбатпро,borean-tundra,764,monk,brewmaster,70,30,40
19585,Jademyst,outland,671,monk,brewmaster,18,7,11
19586,Shirôhige,zirkel-des-cenarius,288,monk,brewmaster,6,3,3
19587,Tauroné,draenor,288,monk,brewmaster,12,3,9
19588,Tayoo,aegwynn,192,monk,brewmaster,6,2,4
19589,Fullzi,dalaran,192,monk,brewmaster,6,2,4
19590,Mezz,ahnqiraj,96,monk,brewmaster,6,1,5
19591,Lubeï,kirin-tor,96,monk,brewmaster,6,1,5
19592,Tylee,tarren-mill,96,monk,brewmaster,6,1,5
19593,Badcøwboy,archimonde,96,monk,brewmaster,6,1,5
19594,Lòthbar,confrérie-du-thorium,63,monk,brewmaster,2,2,0
19595,Queteapie,stormscale,2331,monk,windwalker,100,60,40
19596,Fistyw,stormscale,2313,monk,windwalker,104,60,44
19597,Sîxmonths,stormscale,2263,monk,windwalker,72,48,24
19598,Ilovehim,antonidas,2237,monk,windwalker,102,58,44
19599,Ewynamonk,silvermoon,2236,monk,windwalker,114,61,53
19600,Rmtexter,ravencrest,2233,monk,windwalker,131,70,61
19601,Senretsu,shattered-halls,2177,monk,windwalker,102,54,48
19602,Plaww,dalaran,2172,monk,windwalker,120,75,45
19603,Monkmeta,frostwolf,2171,monk,windwalker,114,70,44
19604,Щищ,gordunni,2154,monk,windwalker,174,101,73
19605,Faxax,draenor,2150,monk,windwalker,90,47,43
19606,Wonkeed,hyjal,2144,monk,windwalker,113,68,45
19607,Daosh,nemesis,2137,monk,windwalker,91,48,43
19608,Stepsyzz,stormscale,2134,monk,windwalker,113,57,56
19609,Tabetai,tarren-mill,2125,monk,windwalker,90,46,44
19610,Elinalia,burning-legion,2124,monk,windwalker,120,62,58
19611,Lilcatlife,tyrande,2123,monk,windwalker,66,36,30
19612,Redundänt,kazzak,2122,monk,windwalker,78,43,35
19613,Brñ,twisting-nether,2121,monk,windwalker,72,39,33
19614,Rivazsunkick,archimonde,2121,monk,windwalker,172,86,86
19615,Unpruneable,stormscale,2120,monk,windwalker,132,67,65
19616,Váinz,ravencrest,2112,monk,windwalker,78,41,37
19617,Pichouhuahua,elune,2096,monk,windwalker,120,63,57
19618,Snusochnocco,the-maelstrom,2088,monk,windwalker,84,41,43
19619,Fistinguhuhu,outland,2067,monk,windwalker,84,45,39
19620,Минимонахх,blackscar,2066,monk,windwalker,87,43,44
19621,Fabrina,blackrock,2038,monk,windwalker,96,52,44
19622,Theoww,dragonblight,2037,monk,windwalker,78,38,40
19623,Edenwalker,dun-morogh,2035,monk,windwalker,84,40,44
19624,Hitsuwalker,archimonde,2033,monk,windwalker,156,85,71
19625,Hefners,grim-batol,2028,monk,windwalker,71,36,35
19626,Инрэйджинкап,soulflayer,2007,monk,windwalker,150,77,73
19627,Melyda,ravencrest,2003,monk,windwalker,168,92,76
19628,Zukatan,tarren-mill,2001,monk,windwalker,111,59,52
19629,Keeferslover,dun-morogh,1997,monk,windwalker,48,28,20
19630,Balia,blackrock,1997,monk,windwalker,78,39,39
19631,Enerchi,ravencrest,1988,monk,windwalker,72,42,30
19632,Мистмастер,soulflayer,1984,monk,windwalker,48,30,18
19633,Nicesky,ravencrest,1984,monk,windwalker,102,53,49
19634,Niamix,archimonde,1978,monk,windwalker,194,96,98
19635,Soulja,bloodfeather,1977,monk,windwalker,284,150,134
19636,Erazhen,blackrock,1977,monk,windwalker,60,31,29
19637,Eth,nagrand,1975,monk,windwalker,84,42,42
19638,Нелегитимный,howling-fjord,1971,monk,windwalker,361,183,178
19639,Bulluh,blackmoore,1964,monk,windwalker,59,31,28
19640,Deretrox,twisting-nether,1962,monk,windwalker,60,36,24
19641,Juujika,ravencrest,1961,monk,windwalker,53,31,22
19642,Vixia,outland,1956,monk,windwalker,35,21,14
19643,Ztl,twisting-nether,1931,monk,windwalker,179,100,79
19644,Dänÿww,elune,1926,monk,windwalker,62,32,30
19645,Ladderfiend,stormscale,1925,monk,windwalker,89,37,52
19646,Shînøbi,dalaran,1923,monk,windwalker,60,33,27
19647,Jájsemshadow,drakthul,1922,monk,windwalker,72,37,35
19648,Rismonk,frostmane,1920,monk,windwalker,42,22,20
19649,Sørann,drekthar,1916,monk,windwalker,88,48,40
19650,Yassøux,archimonde,1915,monk,windwalker,250,128,122
19651,Dêsmî,ravencrest,1913,monk,windwalker,34,25,9
19652,Sobadzlolz,alexstrasza,1911,monk,windwalker,184,104,80
19653,Trendyroxy,blackrock,1908,monk,windwalker,103,51,52
19654,Troopmonk,ravencrest,1907,monk,windwalker,141,69,72
19655,Muix,draenor,1906,monk,windwalker,30,20,10
19656,Vexíllum,sylvanas,1906,monk,windwalker,84,46,38
19657,Riskcapcap,dentarg,1905,monk,windwalker,72,37,35
19658,Ninadobrév,stormscale,1898,monk,windwalker,139,81,58
19659,Pitball,ravencrest,1898,monk,windwalker,72,36,36
19660,Ksâin,ravencrest,1896,monk,windwalker,66,34,32
19661,Gyto,archimonde,1893,monk,windwalker,54,33,21
19662,Pandamoniun,aggra-português,1890,monk,windwalker,176,87,89
19663,Копытька,gordunni,1889,monk,windwalker,63,35,28
19664,Sayozz,hyjal,1881,monk,windwalker,198,100,98
19665,Rismonk,twisting-nether,1881,monk,windwalker,78,38,40
19666,Муррчалкин,howling-fjord,1880,monk,windwalker,48,28,20
19667,Ellipirelli,doomhammer,1880,monk,windwalker,70,30,40
19668,Stillwater,thrall,1876,monk,windwalker,131,68,63
19669,Санварион,eversong,1875,monk,windwalker,72,36,36
19670,Аррани,thermaplugg,1874,monk,windwalker,58,33,25
19671,Devilmønk,thrall,1874,monk,windwalker,84,44,40
19672,Domww,outland,1871,monk,windwalker,108,59,49
19673,Rivaz,archimonde,1865,monk,windwalker,54,31,23
19674,Эльморо,goldrinn,1865,monk,windwalker,54,30,24
19675,Oberháupt,blackrock,1864,monk,windwalker,60,33,27
19676,Ãmaterasû,kazzak,1864,monk,windwalker,61,30,31
19677,Имортарион,howling-fjord,1860,monk,windwalker,42,25,17
19678,Hurricrane,kazzak,1859,monk,windwalker,225,111,114
19679,Beernie,tarren-mill,1855,monk,windwalker,66,41,25
19680,Edenmonk,dun-morogh,1855,monk,windwalker,48,27,21
19681,Маруты,soulflayer,1855,monk,windwalker,88,35,53
19682,Iceym,stormscale,1854,monk,windwalker,75,39,36
19683,Mosch,blackrock,1853,monk,windwalker,54,33,21
19684,Carbozø,archimonde,1850,monk,windwalker,95,58,37
19685,Kokushibo,cthun,1850,monk,windwalker,54,28,26
19686,Яагрессивный,howling-fjord,1850,monk,windwalker,74,36,38
19687,Tianzu,twisting-nether,1849,monk,windwalker,78,36,42
19688,Gararasu,eredar,1846,monk,windwalker,42,22,20
19689,Rorkito,sanguino,1846,monk,windwalker,86,45,41
19690,Ilovealicia,ragnaros,1844,monk,windwalker,54,29,25
19691,Projectasura,draenor,1844,monk,windwalker,149,78,71
19692,Boostarevine,stormscale,1842,monk,windwalker,59,38,21
19693,Тихийпук,deathguard,1839,monk,windwalker,164,92,72
19694,Shaolinthug,stormscale,1838,monk,windwalker,66,31,35
19695,Джэкичача,soulflayer,1837,monk,windwalker,56,29,27
19696,Santanax,ravencrest,1834,monk,windwalker,42,27,15
19697,Mynokxu,blackmoore,1833,monk,windwalker,80,49,31
19698,Kitcheneer,twisting-nether,1832,monk,windwalker,65,37,28
19699,Peaceweaver,ravencrest,1832,monk,windwalker,94,53,41
19700,Fistenjoyer,outland,1832,monk,windwalker,54,28,26
19701,Linuxx,ravencrest,1832,monk,windwalker,90,45,45
19702,Toyless,ravencrest,1831,monk,windwalker,54,27,27
19703,Диванн,howling-fjord,1827,monk,windwalker,53,27,26
19704,Jinpachi,ravencrest,1826,monk,windwalker,48,23,25
19705,Reõ,argent-dawn,1825,monk,windwalker,107,64,43
19706,Monkini,kazzak,1823,monk,windwalker,54,27,27
19707,Sororicide,stormscale,1822,monk,windwalker,161,81,80
19708,Klumpenx,draenor,1821,monk,windwalker,80,43,37
19709,Iminzww,ravencrest,1819,monk,windwalker,90,45,45
19710,Милыйколян,soulflayer,1819,monk,windwalker,60,29,31
19711,Monkees,twisting-nether,1815,monk,windwalker,65,33,32
19712,Rêshi,draenor,1814,monk,windwalker,90,58,32
19713,Калестонз,howling-fjord,1811,monk,windwalker,54,31,23
19714,Lullerull,silvermoon,1810,monk,windwalker,51,31,20
19715,Shpunk,ravencrest,1810,monk,windwalker,102,47,55
19716,Mónkâs,tarren-mill,1810,monk,windwalker,72,32,40
19717,Orkamonka,burning-legion,1809,monk,windwalker,30,19,11
19718,Рэйвх,howling-fjord,1808,monk,windwalker,36,19,17
19719,Sushiroll,stormrage,1808,monk,windwalker,111,55,56
19720,Venrea,archimonde,1807,monk,windwalker,54,31,23
19721,Эльторо,goldrinn,1807,monk,windwalker,54,25,29
19722,Baltimore,stormscale,1806,monk,windwalker,36,25,11
19723,Mebrin,ragnaros,1805,monk,windwalker,71,37,34
19724,Åbyssgòd,kazzak,1805,monk,windwalker,60,24,36
19725,Niyka,silvermoon,1804,monk,windwalker,72,40,32
19726,Unangebracht,silvermoon,1803,monk,windwalker,227,121,106
19727,Pandafuki,ravencrest,1803,monk,windwalker,62,33,29
19728,Saltotriks,tarren-mill,1802,monk,windwalker,62,28,34
19729,Notmelo,dun-modr,1801,monk,windwalker,48,25,23
19730,Krothus,tarren-mill,1800,monk,windwalker,36,26,10
19731,Wolmachégodx,archimonde,1800,monk,windwalker,36,22,14
19732,Windwanker,eredar,1800,monk,windwalker,36,22,14
19733,Fln,blackrock,1800,monk,windwalker,58,33,25
19734,Teressah,argent-dawn,1800,monk,windwalker,42,22,20
19735,Yacum,blackrock,1795,monk,windwalker,71,32,39
19736,Twinny,drakthul,1793,monk,windwalker,90,52,38
19737,Karmaisabich,ragnaros,1792,monk,windwalker,30,19,11
19738,Yukfou,tarren-mill,1792,monk,windwalker,59,28,31
19739,Kaijam,argent-dawn,1792,monk,windwalker,78,33,45
19740,Mikedcrybaby,tarren-mill,1790,monk,windwalker,131,69,62
19741,Pàrádìsé,ravencrest,1787,monk,windwalker,119,60,59
19742,Fotmwalker,ragnaros,1785,monk,windwalker,227,113,114
19743,Madelnheaven,burning-legion,1784,monk,windwalker,59,31,28
19744,Megatazz,hyjal,1783,monk,windwalker,82,47,35
19745,Chaospilot,sylvanas,1783,monk,windwalker,92,45,47
19746,Healbotzweik,frostwolf,1782,monk,windwalker,54,24,30
19747,Skailzkrt,hyjal,1779,monk,windwalker,48,22,26
19748,Freehelper,stormscale,1779,monk,windwalker,60,24,36
19749,Tinjihn,magtheridon,1774,monk,windwalker,86,39,47
19750,Sponkas,tarren-mill,1768,monk,windwalker,42,20,22
19751,Xinxanxonxin,zuljin,1767,monk,windwalker,42,21,21
19752,Ароба,blackscar,1766,monk,windwalker,90,42,48
19753,Heran,ravencrest,1761,monk,windwalker,111,50,61
19754,Korié,ravencrest,1760,monk,windwalker,47,27,20
19755,Doktormonk,blackrock,1760,monk,windwalker,166,92,74
19756,Moultsou,hyjal,1758,monk,windwalker,66,33,33
19757,Тэсти,blackscar,1758,monk,windwalker,64,32,32
19758,Flunkefar,defias-brotherhood,1758,monk,windwalker,102,45,57
19759,Ванфист,gordunni,1754,monk,windwalker,72,42,30
19760,Arachmk,drakthul,1749,monk,windwalker,66,28,38
19761,Ackken,twisting-nether,1748,monk,windwalker,51,26,25
19762,Hôllowx,archimonde,1743,monk,windwalker,39,24,15
19763,Фодз,soulflayer,1740,monk,windwalker,76,30,46
19764,Dwdw,aerie-peak,1737,monk,windwalker,54,28,26
19765,Mionoor,aegwynn,1737,monk,windwalker,208,103,105
19766,Pwaff,kazzak,1736,monk,windwalker,72,37,35
19767,Lonechi,sylvanas,1733,monk,windwalker,36,21,15
19768,Лазанья,grom,1731,monk,windwalker,66,30,36
19769,Bugrika,tarren-mill,1728,monk,windwalker,42,22,20
19770,Виндволкерша,gordunni,1725,monk,windwalker,54,31,23
19771,Däemon,twisting-nether,1725,monk,windwalker,45,20,25
19772,Schøcker,blackmoore,1723,monk,windwalker,60,30,30
19773,Locotommy,blackrock,1721,monk,windwalker,42,21,21
19774,Roidcarry,blackrock,1720,monk,windwalker,83,45,38
19775,Гладастар,soulflayer,1719,monk,windwalker,78,41,37
19776,Varis,stormreaver,1718,monk,windwalker,39,19,20
19777,Трэйци,blackscar,1716,monk,windwalker,39,23,16
19778,Möîne,arathi,1716,monk,windwalker,72,35,37
19779,Yiannischan,draenor,1715,monk,windwalker,92,49,43
19780,Narstie,kazzak,1714,monk,windwalker,71,36,35
19781,Виноипиво,soulflayer,1713,monk,windwalker,60,30,30
19782,Цеска,howling-fjord,1712,monk,windwalker,48,25,23
19783,Ютуми,soulflayer,1712,monk,windwalker,48,24,24
19784,Димакарма,howling-fjord,1712,monk,windwalker,101,45,56
19785,Aslêyia,antonidas,1709,monk,windwalker,49,26,23
19786,Dansaam,tarren-mill,1706,monk,windwalker,24,18,6
19787,Cheethfu,ragnaros,1705,monk,windwalker,42,29,13
19788,Yungdrippy,eredar,1705,monk,windwalker,52,26,26
19789,Moistpocket,stormscale,1705,monk,windwalker,54,22,32
19790,Xiâomèi,dun-modr,1700,monk,windwalker,78,35,43
19791,Hybridtheory,doomhammer,1697,monk,windwalker,124,66,58
19792,Меняубило,howling-fjord,1696,monk,windwalker,78,37,41
19793,Osalot,ravencrest,1695,monk,windwalker,60,30,30
19794,Testmonial,hyjal,1694,monk,windwalker,48,21,27
19795,Bnî,blackmoore,1691,monk,windwalker,51,35,16
19796,Idiot,outland,1691,monk,windwalker,54,28,26
19797,Ashânti,eredar,1691,monk,windwalker,62,30,32
19798,Ugabugash,silvermoon,1689,monk,windwalker,36,25,11
19799,Shoenk,blackhand,1689,monk,windwalker,30,18,12
19800,Gonkun,outland,1688,monk,windwalker,67,35,32
19801,Greenshortea,aegwynn,1684,monk,windwalker,36,18,18
19802,Khrylx,twisting-nether,1681,monk,windwalker,40,25,15
19803,Tenshinhann,outland,1681,monk,windwalker,78,37,41
19804,Tommypistol,runetotem,1681,monk,windwalker,174,82,92
19805,Tisaki,blackhand,1680,monk,windwalker,41,25,16
19806,Hilzaxsub,archimonde,1679,monk,windwalker,47,29,18
19807,Pazü,ysondre,1679,monk,windwalker,119,57,62
19808,Fistofrage,ravencrest,1677,monk,windwalker,42,25,17
19809,Sàitama,hyjal,1676,monk,windwalker,42,18,24
19810,Шотгар,howling-fjord,1670,monk,windwalker,36,18,18
19811,Ratslayerz,dun-modr,1669,monk,windwalker,42,24,18
19812,Chigre,hyjal,1667,monk,windwalker,36,21,15
19813,Bastos,blackrock,1664,monk,windwalker,316,165,151
19814,Vtx,blackrock,1662,monk,windwalker,30,18,12
19815,Iløvealicia,ravencrest,1662,monk,windwalker,40,20,20
19816,Salvaje,stormscale,1660,monk,windwalker,36,25,11
19817,Mollytov,tarren-mill,1659,monk,windwalker,53,22,31
19818,Geeér,outland,1658,monk,windwalker,42,24,18
19819,Kåýðø,archimonde,1658,monk,windwalker,50,25,25
19820,Zéroneufsix,silvermoon,1658,monk,windwalker,50,19,31
19821,Shardonay,ravencrest,1655,monk,windwalker,42,26,16
19822,Wuux,tarren-mill,1655,monk,windwalker,66,37,29
19823,Saduh,thrall,1653,monk,windwalker,44,20,24
19824,Mîsts,aszune,1650,monk,windwalker,39,21,18
19825,Bîmbâmboom,blackmoore,1650,monk,windwalker,48,25,23
19826,Shirkán,ragnaros,1649,monk,windwalker,36,21,15
19827,Thérez,les-sentinelles,1648,monk,windwalker,42,22,20
19828,Pili,aegwynn,1647,monk,windwalker,36,21,15
19829,Hunkfur,ravencrest,1647,monk,windwalker,44,25,19
19830,Бадхидхаарма,booty-bay,1647,monk,windwalker,78,32,46
19831,Bonepalm,kazzak,1646,monk,windwalker,23,18,5
19832,Кишмякмонк,howling-fjord,1646,monk,windwalker,60,31,29
19833,Гуппер,howling-fjord,1646,monk,windwalker,54,23,31
19834,Capedbaldy,blackhand,1645,monk,windwalker,29,18,11
19835,Faustux,blackmoore,1644,monk,windwalker,42,23,19
19836,Gresmar,defias-brotherhood,1642,monk,windwalker,36,18,18
19837,Alkanphel,kazzak,1641,monk,windwalker,30,20,10
19838,Miløøx,silvermoon,1641,monk,windwalker,76,40,36
19839,Кианасоломид,gordunni,1638,monk,windwalker,146,70,76
19840,Мионелолл,goldrinn,1637,monk,windwalker,48,28,20
19841,Такюн,howling-fjord,1637,monk,windwalker,149,73,76
19842,Mefîsto,blackrock,1634,monk,windwalker,69,38,31
19843,Morslee,burning-legion,1634,monk,windwalker,74,33,41
19844,Yeratel,argent-dawn,1633,monk,windwalker,90,39,51
19845,Атакцуки,gordunni,1630,monk,windwalker,42,25,17
19846,Jafandmeja,tarren-mill,1629,monk,windwalker,100,60,40
19847,Hosh,ysondre,1629,monk,windwalker,60,30,30
19848,Sylicia,alleria,1628,monk,windwalker,102,49,53
19849,Yobo,archimonde,1626,monk,windwalker,47,23,24
19850,Akhlÿs,ysondre,1624,monk,windwalker,30,17,13
19851,Anteric,sylvanas,1623,monk,windwalker,30,20,10
19852,Bossdog,mugthol,1623,monk,windwalker,33,21,12
19853,Gaehitmonlee,ravencrest,1623,monk,windwalker,223,120,103
19854,Iastyn,kazzak,1620,monk,windwalker,99,50,49
19855,Sérrè,tarren-mill,1618,monk,windwalker,48,25,23
19856,Монголгодх,howling-fjord,1617,monk,windwalker,192,110,82
19857,Catchmee,agamaggan,1616,monk,windwalker,30,17,13
19858,Pelou,culte-de-la-rive-noire,1616,monk,windwalker,64,34,30
19859,Mutah,arathor,1615,monk,windwalker,68,37,31
19860,Erenaar,nemesis,1614,monk,windwalker,60,43,17
19861,Форгетх,soulflayer,1614,monk,windwalker,36,17,19
19862,Fijiwater,draenor,1613,monk,windwalker,24,17,7
19863,Тринх,ashenvale,1613,monk,windwalker,54,31,23
19864,Shoura,blackmoore,1613,monk,windwalker,30,17,13
19865,Saisha,defias-brotherhood,1613,monk,windwalker,36,20,16
19866,Notsmol,quelthalas,1613,monk,windwalker,54,26,28
19867,Heyami,ravencrest,1613,monk,windwalker,36,17,19
19868,Ravelbaby,blackrock,1613,monk,windwalker,45,21,24
19869,Zandoy,draenor,1611,monk,windwalker,58,29,29
19870,Tauti,dun-morogh,1610,monk,windwalker,36,21,15
19871,Steros,die-aldor,1608,monk,windwalker,42,21,21
19872,Nigu,dun-modr,1606,monk,windwalker,67,38,29
19873,Vayarah,antonidas,1605,monk,windwalker,54,28,26
19874,Рокебайбейби,howling-fjord,1605,monk,windwalker,131,67,64
19875,Акумах,blackscar,1605,monk,windwalker,99,48,51
19876,Thungara,emerald-dream,1604,monk,windwalker,42,22,20
19877,Valduri,stormscale,1604,monk,windwalker,60,27,33
19878,Fistu,silvermoon,1602,monk,windwalker,31,18,13
19879,Faustix,blackmoore,1602,monk,windwalker,78,42,36
19880,Янакаблуках,howling-fjord,1600,monk,windwalker,201,111,90
19881,Thyf,drakthul,1596,monk,windwalker,48,20,28
19882,Waaks,archimonde,1592,monk,windwalker,36,20,16
19883,Луэнн,gordunni,1590,monk,windwalker,126,68,58
19884,Дуэльныйчел,howling-fjord,1590,monk,windwalker,104,53,51
19885,Шейдла,soulflayer,1590,monk,windwalker,47,23,24
19886,Ocëane,sanguino,1589,monk,windwalker,110,54,56
19887,Pêterpump,blackrock,1589,monk,windwalker,54,24,30
19888,Venuki,blackrock,1582,monk,windwalker,30,19,11
19889,Ròux,blackmoore,1582,monk,windwalker,35,18,17
19890,Skiplegsweeb,stormscale,1579,monk,windwalker,30,21,9
19891,Эвэйжион,gordunni,1579,monk,windwalker,42,25,17
19892,Samantonah,nemesis,1578,monk,windwalker,46,30,16
19893,Naschitüte,blackrock,1571,monk,windwalker,263,132,131
19894,Vandamme,archimonde,1570,monk,windwalker,38,18,20
19895,Lycké,silvermoon,1568,monk,windwalker,60,36,24
19896,Сандерстрайк,howling-fjord,1567,monk,windwalker,51,28,23
19897,Lørðbrøñkø,blackrock,1566,monk,windwalker,36,19,17
19898,Djshady,sylvanas,1566,monk,windwalker,60,30,30
19899,Chulli,stormscale,1558,monk,windwalker,39,21,18
19900,Jeydi,ravencrest,1556,monk,windwalker,56,37,19
19901,Wwisalright,burning-legion,1553,monk,windwalker,38,20,18
19902,Sòftx,stormscale,1549,monk,windwalker,34,22,12
19903,Soxx,arthas,1548,monk,windwalker,85,46,39
19904,Shagzy,ravencrest,1547,monk,windwalker,29,17,12
19905,Rayokhen,kazzak,1546,monk,windwalker,30,17,13
19906,Akuuji,silvermoon,1544,monk,windwalker,36,17,19
19907,Gdkz,tarren-mill,1543,monk,windwalker,48,18,30
19908,Xullon,dragonblight,1542,monk,windwalker,60,27,33
19909,Fistedx,twisting-nether,1537,monk,windwalker,87,36,51
19910,Анпапаяя,galakrond,1535,monk,windwalker,53,30,23
19911,Хекмуги,borean-tundra,1535,monk,windwalker,91,44,47
19912,Chireapz,blackrock,1532,monk,windwalker,48,25,23
19913,Муайтайец,howling-fjord,1532,monk,windwalker,47,20,27
19914,Jeppehmonk,stormscale,1530,monk,windwalker,30,16,14
19915,Тшейши,howling-fjord,1526,monk,windwalker,54,28,26
19916,Bèrïth,kazzak,1526,monk,windwalker,54,26,28
19917,Scribzw,twisting-nether,1524,monk,windwalker,24,16,8
19918,Монашкасюэ,howling-fjord,1519,monk,windwalker,24,17,7
19919,Jolbucheron,hyjal,1517,monk,windwalker,99,52,47
19920,Embodimonk,twisting-nether,1514,monk,windwalker,114,59,55
19921,Feyzmonk,ysondre,1513,monk,windwalker,30,16,14
19922,Bakash,ysondre,1510,monk,windwalker,187,92,95
19923,Bloodfist,zuljin,1509,monk,windwalker,28,17,11
19924,Kirkeý,ravencrest,1506,monk,windwalker,43,20,23
19925,Дивипи,blackscar,1506,monk,windwalker,54,24,30
19926,Ànklar,blackrock,1504,monk,windwalker,57,26,31
19927,Artharox,anachronos,1501,monk,windwalker,36,22,14
19928,Wakmo,bladefist,1497,monk,windwalker,61,35,26
19929,Fablemayfly,tarren-mill,1497,monk,windwalker,54,25,29
19930,Nggz,archimonde,1495,monk,windwalker,121,73,48
19931,Kármo,thrall,1495,monk,windwalker,29,16,13
19932,Eonyzi,kazzak,1491,monk,windwalker,42,20,22
19933,Fratznkicker,blackhand,1480,monk,windwalker,85,48,37
19934,Plsnerfmemor,hyjal,1480,monk,windwalker,64,32,32
19935,Хзт,howling-fjord,1480,monk,windwalker,45,17,28
19936,Awesomebrah,the-maelstrom,1478,monk,windwalker,36,19,17
19937,Nolo,outland,1476,monk,windwalker,48,21,27
19938,Vuzashiji,argent-dawn,1473,monk,windwalker,36,17,19
19939,Xuuan,argent-dawn,1472,monk,windwalker,101,57,44
19940,Томтью,gordunni,1472,monk,windwalker,77,40,37
19941,Ìnconnu,dalaran,1472,monk,windwalker,78,40,38
19942,Darré,sylvanas,1472,monk,windwalker,181,88,93
19943,Agitoyamissj,burning-legion,1468,monk,windwalker,132,63,69
19944,Senshí,stormscale,1468,monk,windwalker,42,20,22
19945,Реброперо,gordunni,1466,monk,windwalker,51,20,31
19946,Крутотимс,howling-fjord,1463,monk,windwalker,47,18,29
19947,Mikz,ravencrest,1462,monk,windwalker,30,17,13
19948,Fungamelol,blackhand,1459,monk,windwalker,30,19,11
19949,Chígoku,grim-batol,1459,monk,windwalker,110,55,55
19950,Fantazero,burning-legion,1459,monk,windwalker,35,16,19
19951,Sagewhisper,ravencrest,1458,monk,windwalker,57,27,30
19952,Andyww,doomhammer,1454,monk,windwalker,54,17,37
19953,Boxpunchkick,kazzak,1452,monk,windwalker,56,27,29
19954,Nikchi,destromath,1444,monk,windwalker,66,30,36
19955,Spinntowin,blackmoore,1442,monk,windwalker,102,51,51
19956,Тайммуайтай,howling-fjord,1438,monk,windwalker,48,23,25
19957,Пампич,borean-tundra,1438,monk,windwalker,36,17,19
19958,Дезмимонк,ashenvale,1438,monk,windwalker,34,16,18
19959,Артемиоксх,blackscar,1437,monk,windwalker,37,15,22
19960,Exikûsh,frostwolf,1436,monk,windwalker,39,23,16
19961,Galaxyfists,blackhand,1436,monk,windwalker,126,64,62
19962,Флурсон,gordunni,1434,monk,windwalker,24,15,9
19963,Helloimfrank,tarren-mill,1434,monk,windwalker,30,15,15
19964,Yesman,quelthalas,1433,monk,windwalker,128,70,58
19965,Домудароги,gordunni,1431,monk,windwalker,60,29,31
19966,Jukei,blackmoore,1425,monk,windwalker,30,15,15
19967,Anhox,ragnaros,1425,monk,windwalker,30,15,15
19968,Doobly,kazzak,1423,monk,windwalker,113,58,55
19969,Løwping,blackmoore,1421,monk,windwalker,95,41,54
19970,Misutò,tarren-mill,1416,monk,windwalker,30,19,11
19971,Räudiger,nazjatar,1416,monk,windwalker,120,60,60
19972,Анике,howling-fjord,1413,monk,windwalker,33,16,17
19973,Mirôku,onyxia,1412,monk,windwalker,48,27,21
19974,Mink,uldum,1412,monk,windwalker,30,15,15
19975,Votbo,kazzak,1412,monk,windwalker,60,25,35
19976,Dræk,twisting-nether,1410,monk,windwalker,116,60,56
19977,Ryle,forscherliga,1409,monk,windwalker,30,15,15
19978,Vibé,blackmoore,1407,monk,windwalker,30,17,13
19979,Pandarok,argent-dawn,1407,monk,windwalker,42,17,25
19980,Kyraxs,silvermoon,1406,monk,windwalker,48,24,24
19981,Белено,deathguard,1402,monk,windwalker,30,15,15
19982,Добраядушка,gordunni,1400,monk,windwalker,36,19,17
19983,Ívó,ragnaros,1400,monk,windwalker,48,20,28
19984,Akÿo,archimonde,1399,monk,windwalker,35,15,20
19985,Pipatvs,drakthul,1398,monk,windwalker,31,21,10
19986,Azato,hyjal,1398,monk,windwalker,48,23,25
19987,Бладмонки,soulflayer,1395,monk,windwalker,42,18,24
19988,Fífrelin,archimonde,1394,monk,windwalker,48,24,24
19989,Kanõ,outland,1392,monk,windwalker,77,40,37
19990,Монахнехилит,howling-fjord,1389,monk,windwalker,66,27,39
19991,Keskonriz,ysondre,1388,monk,windwalker,86,38,48
19992,Brüshïë,kazzak,1387,monk,windwalker,29,15,14
19993,Kîngjungeîle,dalaran,1384,monk,windwalker,30,17,13
19994,Кюзичка,gordunni,1379,monk,windwalker,83,38,45
19995,Swiftmonky,azuremyst,1376,monk,windwalker,48,27,21
19996,Kyujushigu,silvermoon,1375,monk,windwalker,72,39,33
19997,Recklusa,stormscale,1374,monk,windwalker,69,39,30
19998,Nodzomi,shadowsong,1374,monk,windwalker,58,31,27
19999,Lucaspires,sylvanas,1370,monk,windwalker,72,25,47
20000,Lemmeportbk,ravencrest,1368,monk,windwalker,38,16,22
20001,Kneecapper,ravencrest,1367,monk,windwalker,54,25,29
20002,Йетисан,gordunni,1359,monk,windwalker,137,63,74
20003,Îrønfist,blackmoore,1358,monk,windwalker,29,17,12
20004,Bandiya,archimonde,1358,monk,windwalker,61,28,33
20005,Moonkeeye,stormscale,1357,monk,windwalker,90,51,39
20006,Greytail,argent-dawn,1350,monk,windwalker,42,16,26
20007,Boutarzi,hyjal,1347,monk,windwalker,54,25,29
20008,Intensivee,silvermoon,1345,monk,windwalker,77,36,41
20009,Icecoldish,tarren-mill,1344,monk,windwalker,78,41,37
20010,Omnibar,kazzak,1343,monk,windwalker,24,14,10
20011,Тхэгык,soulflayer,1342,monk,windwalker,36,14,22
20012,Hôllowx,throkferoth,1342,monk,windwalker,36,14,22
20013,Ревенджж,howling-fjord,1340,monk,windwalker,28,15,13
20014,Schmidti,kazzak,1340,monk,windwalker,30,14,16
20015,Arsonists,argent-dawn,1339,monk,windwalker,24,14,10
20016,Domiqx,blackhand,1339,monk,windwalker,30,14,16
20017,Лагвай,gordunni,1338,monk,windwalker,24,14,10
20018,Czvibuh,drakthul,1337,monk,windwalker,42,21,21
20019,Piedliés,ravencrest,1336,monk,windwalker,30,14,16
20020,Undefinedid,ravencrest,1335,monk,windwalker,110,57,53
20021,Lesauceboss,kazzak,1332,monk,windwalker,30,14,16
20022,Matlahon,kazzak,1325,monk,windwalker,71,32,39
20023,Øbamakush,archimonde,1323,monk,windwalker,36,17,19
20024,Коркирас,howling-fjord,1322,monk,windwalker,84,47,37
20025,Tempestu,twisting-nether,1319,monk,windwalker,30,14,16
20026,Яшкациган,howling-fjord,1319,monk,windwalker,64,29,35
20027,Gatyz,archimonde,1317,monk,windwalker,33,14,19
20028,Fûràxx,hyjal,1314,monk,windwalker,60,31,29
20029,Wazari,nemesis,1312,monk,windwalker,61,27,34
20030,Vivvy,argent-dawn,1311,monk,windwalker,35,17,18
20031,Orkuuddiu,pozzo-delleternità,1305,monk,windwalker,30,14,16
20032,Kungfumite,twisting-nether,1296,monk,windwalker,95,49,46
20033,Djînns,blackmoore,1296,monk,windwalker,30,15,15
20034,Bænkai,naxxramas,1293,monk,windwalker,29,15,14
20035,Xialongbao,khaz-modan,1291,monk,windwalker,41,16,25
20036,Hampocket,ravencrest,1290,monk,windwalker,38,15,23
20037,Thekaj,kazzak,1289,monk,windwalker,24,15,9
20038,Mycki,dalaran,1289,monk,windwalker,29,15,14
20039,Cptfist,argent-dawn,1289,monk,windwalker,29,14,15
20040,Phyllochinon,blackrock,1288,monk,windwalker,52,32,20
20041,Kylerøne,hyjal,1285,monk,windwalker,30,14,16
20042,Fatlazypanda,argent-dawn,1273,monk,windwalker,56,33,23
20043,Mønkeydluffy,blackmoore,1269,monk,windwalker,66,33,33
20044,Miyaghï,dun-modr,1262,monk,windwalker,85,42,43
20045,Chucknorrîs,doomhammer,1255,monk,windwalker,31,14,17
20046,Lòthbar,confrérie-du-thorium,1252,monk,windwalker,47,27,20
20047,Malutkie,defias-brotherhood,1252,monk,windwalker,144,68,76
20048,Thänkky,kazzak,1247,monk,windwalker,18,13,5
20049,Djpunchable,blackrock,1247,monk,windwalker,24,13,11
20050,Ðâvàizskÿ,ysondre,1247,monk,windwalker,24,13,11
20051,Rerowine,magtheridon,1245,monk,windwalker,30,13,17
20052,Mezz,ahnqiraj,1245,monk,windwalker,30,13,17
20053,Zenified,ragnaros,1243,monk,windwalker,24,13,11
20054,Nightingalê,silvermoon,1243,monk,windwalker,24,13,11
20055,Brandy,kazzak,1242,monk,windwalker,30,13,17
20056,Pacimaru,silvermoon,1242,monk,windwalker,30,13,17
20057,Fullzi,dalaran,1241,monk,windwalker,24,13,11
20058,Брэгандерт,gordunni,1238,monk,windwalker,24,13,11
20059,Pandermann,antonidas,1238,monk,windwalker,30,16,14
20060,Чвка,booty-bay,1236,monk,windwalker,61,30,31
20061,Кирокко,gordunni,1235,monk,windwalker,30,20,10
20062,Kouradoskylo,twisting-nether,1234,monk,windwalker,29,16,13
20063,Meltfistqt,ravencrest,1234,monk,windwalker,30,13,17
20064,Blyatfast,draenor,1233,monk,windwalker,24,13,11
20065,Lumpero,stormreaver,1232,monk,windwalker,24,16,8
20066,Янасру,gordunni,1232,monk,windwalker,273,136,137
20067,Kegrøll,doomhammer,1231,monk,windwalker,42,21,21
20068,Gorskie,silvermoon,1230,monk,windwalker,27,13,14
20069,Bobbyknuckls,ravencrest,1230,monk,windwalker,138,60,78
20070,Hazmad,archimonde,1229,monk,windwalker,60,28,32
20071,Cac,argent-dawn,1226,monk,windwalker,45,14,31
20072,Jesmander,kazzak,1224,monk,windwalker,30,16,14
20073,Bal,tyrande,1222,monk,windwalker,27,17,10
20074,Лаодзы,deathguard,1220,monk,windwalker,36,13,23
20075,Bruzuh,outland,1215,monk,windwalker,31,15,16
20076,Vushao,blackmoore,1215,monk,windwalker,174,81,93
20077,Клепер,soulflayer,1213,monk,windwalker,24,14,10
20078,Euronymesis,silvermoon,1208,monk,windwalker,32,15,17
20079,Билльбо,fordragon,1201,monk,windwalker,114,56,58
20080,Yøøps,dalaran,1191,monk,windwalker,71,33,38
20081,Likethat,hyjal,1191,monk,windwalker,65,27,38
20082,Smørc,the-maelstrom,1186,monk,windwalker,32,14,18
20083,Bogey,ragnaros,1182,monk,windwalker,26,13,13
20084,Cranekickbot,ravencrest,1182,monk,windwalker,29,13,16
20085,Imvengeance,stormscale,1181,monk,windwalker,34,16,18
20086,Dankiron,darksorrow,1179,monk,windwalker,32,13,19
20087,Gúerrilla,tarren-mill,1174,monk,windwalker,78,42,36
20088,Ketakarlsson,tarren-mill,1174,monk,windwalker,30,16,14
20089,Vercya,dun-morogh,1173,monk,windwalker,43,22,21
20090,Trunks,turalyon,1164,monk,windwalker,42,20,22
20091,Panzeerotto,nemesis,1164,monk,windwalker,42,15,27
20092,Брысьли,howling-fjord,1162,monk,windwalker,32,14,18
20093,Bellarika,nemesis,1152,monk,windwalker,12,12,0
20094,Monk,shattered-hand,1152,monk,windwalker,30,12,18
20095,Uwuhehe,ravencrest,1151,monk,windwalker,18,12,6
20096,Tðptier,drakthul,1151,monk,windwalker,18,12,6
20097,Kungfuhkyou,tarren-mill,1151,monk,windwalker,18,12,6
20098,Çhina,twisting-nether,1151,monk,windwalker,24,12,12
20099,Ellevance,draenor,1151,monk,windwalker,24,12,12
20100,Adrianchase,ravencrest,1151,monk,windwalker,24,12,12
20101,Bigfistah,tarren-mill,1150,monk,windwalker,24,12,12
20102,Coollann,drakthul,1150,monk,windwalker,30,12,18
20103,Saadx,ravencrest,1149,monk,windwalker,18,12,6
20104,Elfisto,baelgun,1149,monk,windwalker,26,13,13
20105,Monk,dun-modr,1148,monk,windwalker,24,12,12
20106,Blumonk,argent-dawn,1148,monk,windwalker,114,53,61
20107,Brorsantuck,frostmane,1147,monk,windwalker,18,12,6
20108,Траблы,howling-fjord,1147,monk,windwalker,24,12,12
20109,Sesi,drakthul,1147,monk,windwalker,42,12,30
20110,Sugura,dethecus,1146,monk,windwalker,24,12,12
20111,Joaquuin,sylvanas,1146,monk,windwalker,36,16,20
20112,Silvrt,tarren-mill,1145,monk,windwalker,24,12,12
20113,Ролитта,gordunni,1144,monk,windwalker,18,12,6
20114,Халиосфа,gordunni,1129,monk,windwalker,30,12,18
20115,Malarie,magtheridon,1128,monk,windwalker,96,52,44
20116,Azangar,kazzak,1114,monk,windwalker,22,12,10
20117,Stronkman,frostwhisper,1109,monk,windwalker,24,16,8
20118,Noodlesauce,silvermoon,1100,monk,windwalker,15,12,3
20119,Chæli,tarren-mill,1094,monk,windwalker,23,12,11
20120,Непорядочная,gordunni,1094,monk,windwalker,42,17,25
20121,Ехерех,blackscar,1084,monk,windwalker,36,21,15
20122,Martial,arthas,1075,monk,windwalker,29,13,16
20123,Jayline,kazzak,1069,monk,windwalker,48,18,30
20124,Kusid,ragnaros,1066,monk,windwalker,21,12,9
20125,Daybaobao,the-maelstrom,1062,monk,windwalker,22,12,10
20126,Одиниз,gordunni,1059,monk,windwalker,54,34,20
20127,Hàtéppl,ravencrest,1056,monk,windwalker,18,11,7
20128,Dévíllíá,ragnaros,1056,monk,windwalker,24,11,13
20129,Monksea,ravencrest,1056,monk,windwalker,24,11,13
20130,Зестус,galakrond,1056,monk,windwalker,24,11,13
20131,Leppix,outland,1056,monk,windwalker,24,11,13
20132,Cirixx,outland,1055,monk,windwalker,18,11,7
20133,Weezé,outland,1055,monk,windwalker,18,11,7
20134,Runefists,twisting-nether,1055,monk,windwalker,18,11,7
20135,Mabkww,ravencrest,1055,monk,windwalker,18,11,7
20136,Ijji,argent-dawn,1055,monk,windwalker,24,11,13
20137,Mcflaïe,ysondre,1055,monk,windwalker,24,11,13
20138,Garlä,archimonde,1054,monk,windwalker,18,11,7
20139,Leolilu,ravencrest,1054,monk,windwalker,18,11,7
20140,Shapzxd,archimonde,1054,monk,windwalker,18,11,7
20141,Goldengem,silvermoon,1054,monk,windwalker,24,11,13
20142,Вэилэй,gordunni,1054,monk,windwalker,24,11,13
20143,Futtefut,ravencrest,1054,monk,windwalker,30,11,19
20144,Tiaqa,aegwynn,1053,monk,windwalker,12,11,1
20145,Zenothar,ravencrest,1053,monk,windwalker,18,11,7
20146,Inkegomonk,draenor,1053,monk,windwalker,36,11,25
20147,Cleør,blackmoore,1052,monk,windwalker,18,11,7
20148,Degentz,alakir,1051,monk,windwalker,21,12,9
20149,Gotmonkon,tarren-mill,1051,monk,windwalker,24,11,13
20150,Realiaze,tichondrius,1051,monk,windwalker,30,11,19
20151,Вамптолкер,howling-fjord,1049,monk,windwalker,18,11,7
20152,Fantasiløs,twisting-nether,1049,monk,windwalker,18,11,7
20153,Dokuziq,twisting-nether,1046,monk,windwalker,28,12,16
20154,Klapptoast,blackmoore,1036,monk,windwalker,24,11,13
20155,Monkiatsu,turalyon,1034,monk,windwalker,32,18,14
20156,Néroburnsred,eredar,1031,monk,windwalker,33,12,21
20157,Napqi,malganis,1023,monk,windwalker,17,11,6
20158,Broner,dunemaul,1022,monk,windwalker,23,11,12
20159,Roptoglad,hyjal,1017,monk,windwalker,29,11,18
20160,Secretmonk,ravencrest,1007,monk,windwalker,23,11,12
20161,Buggaa,dalaran,996,monk,windwalker,23,11,12
20162,Dionee,twisting-nether,992,monk,windwalker,27,14,13
20163,Marcianorock,archimonde,987,monk,windwalker,30,13,17
20164,Agress,sanguino,984,monk,windwalker,72,33,39
20165,Sarmal,nemesis,979,monk,windwalker,26,11,15
20166,Вагонюлеера,howling-fjord,974,monk,windwalker,22,11,11
20167,Elfisto,eredar,960,monk,windwalker,12,10,2
20168,Pïpöu,archimonde,960,monk,windwalker,12,10,2
20169,Plånck,archimonde,960,monk,windwalker,18,10,8
20170,Ðävàizskó,ysondre,960,monk,windwalker,18,10,8
20171,Senniñ,ravencrest,960,monk,windwalker,18,10,8
20172,Wreckpuss,tarren-mill,960,monk,windwalker,18,10,8
20173,Sqoobie,tarren-mill,960,monk,windwalker,18,10,8
20174,Martur,bronzebeard,960,monk,windwalker,18,10,8
20175,Mcscrub,ragnaros,960,monk,windwalker,18,10,8
20176,Mädic,outland,960,monk,windwalker,18,10,8
20177,Holmwalker,twisting-nether,960,monk,windwalker,18,10,8
20178,Rìnox,blackmoore,960,monk,windwalker,18,10,8
20179,Волкейн,soulflayer,960,monk,windwalker,24,10,14
20180,Laggedfist,kazzak,960,monk,windwalker,24,10,14
20181,Сугробикк,soulflayer,960,monk,windwalker,24,10,14
20182,Kåtsumi,sanguino,960,monk,windwalker,24,10,14
20183,Eggroll,archimonde,959,monk,windwalker,18,10,8
20184,Nycea,blackrock,959,monk,windwalker,18,10,8
20185,Miridius,silvermoon,959,monk,windwalker,24,10,14
20186,Lottelita,tarren-mill,958,monk,windwalker,18,10,8
20187,Трайтубайтми,gordunni,958,monk,windwalker,24,10,14
20188,Blickx,draenor,958,monk,windwalker,24,10,14
20189,Sigath,emeriss,958,monk,windwalker,36,10,26
20190,Heffertonne,eredar,957,monk,windwalker,18,10,8
20191,Permagone,argent-dawn,956,monk,windwalker,24,10,14
20192,Doreese,moonglade,955,monk,windwalker,18,10,8
20193,Монкфейс,howling-fjord,955,monk,windwalker,24,10,14
20194,Ørlandéa,archimonde,952,monk,windwalker,23,12,11
20195,Traxxus,sanguino,951,monk,windwalker,24,10,14
20196,Sebbii,twisting-nether,927,monk,windwalker,23,10,13
20197,Djbuttholex,tarren-mill,926,monk,windwalker,17,10,7
20198,Karmachi,ravencrest,910,monk,windwalker,29,10,19
20199,Chilleê,blackmoore,909,monk,windwalker,17,10,7
20200,Концептуалик,gordunni,896,monk,windwalker,21,11,10
20201,Gidmonk,darkspear,894,monk,windwalker,24,12,12
20202,Denji,kargath,864,monk,windwalker,12,9,3
20203,Denjasftw,culte-de-la-rive-noire,864,monk,windwalker,12,9,3
20204,Pattafixcrin,blackrock,864,monk,windwalker,12,9,3
20205,Gankplank,nemesis,864,monk,windwalker,18,9,9
20206,Brols,dalaran,864,monk,windwalker,18,9,9
20207,Weaverman,ragnaros,864,monk,windwalker,18,9,9
20208,Snookzlol,aegwynn,864,monk,windwalker,18,9,9
20209,Lrizz,argent-dawn,864,monk,windwalker,18,9,9
20210,Zmile,ragnaros,864,monk,windwalker,18,9,9
20211,Blizò,tarren-mill,864,monk,windwalker,18,9,9
20212,Фортрен,deepholm,864,monk,windwalker,24,9,15
20213,Flowér,auchindoun,864,monk,windwalker,24,9,15
20214,Monkeystar,archimonde,863,monk,windwalker,12,9,3
20215,Alandriai,blackmoore,863,monk,windwalker,12,9,3
20216,Shrimpcawk,alonsus,863,monk,windwalker,18,9,9
20217,Barneyzan,tarren-mill,863,monk,windwalker,18,9,9
20218,Otp,hyjal,863,monk,windwalker,18,9,9
20219,Wâgwân,hyjal,863,monk,windwalker,18,9,9
20220,Fisty,lightbringer,863,monk,windwalker,24,9,15
20221,Gálaxyfist,blackhand,863,monk,windwalker,24,9,15
20222,Nouraxo,kazzak,862,monk,windwalker,18,9,9
20223,Sûûn,hyjal,862,monk,windwalker,18,9,9
20224,Lin,nathrezim,861,monk,windwalker,18,9,9
20225,Monkgol,stormscale,861,monk,windwalker,18,9,9
20226,Linocence,draenor,860,monk,windwalker,95,47,48
20227,Tetetete,silvermoon,858,monk,windwalker,18,9,9
20228,Somonks,twisting-nether,857,monk,windwalker,18,9,9
20229,Patadademijo,tarren-mill,855,monk,windwalker,24,9,15
20230,Mozzaks,doomhammer,852,monk,windwalker,12,9,3
20231,Goltigald,archimonde,838,monk,windwalker,23,9,14
20232,Апесиинка,gordunni,831,monk,windwalker,20,9,11
20233,Apprentice,ravencrest,815,monk,windwalker,17,9,8
20234,Yamo,blackrock,814,monk,windwalker,17,9,8
20235,Enjàz,sylvanas,812,monk,windwalker,17,9,8
20236,Okilexsan,sanguino,797,monk,windwalker,11,9,2
20237,Karatiy,doomhammer,795,monk,windwalker,99,33,66
20238,Monkiki,hyjal,784,monk,windwalker,25,9,16
20239,Senguro,frostwolf,768,monk,windwalker,12,8,4
20240,Vajawalkerx,twisting-nether,768,monk,windwalker,12,8,4
20241,Meineaugen,blackhand,768,monk,windwalker,12,8,4
20242,Karels,archimonde,768,monk,windwalker,12,8,4
20243,Gøøgodx,tarren-mill,768,monk,windwalker,12,8,4
20244,Ðìør,kazzak,768,monk,windwalker,12,8,4
20245,Kukazamura,silvermoon,768,monk,windwalker,12,8,4
20246,Gojò,outland,768,monk,windwalker,12,8,4
20247,Такиера,gordunni,768,monk,windwalker,12,8,4
20248,Slayh,archimonde,768,monk,windwalker,12,8,4
20249,Sultanofrizz,draenor,768,monk,windwalker,12,8,4
20250,Гномкия,gordunni,768,monk,windwalker,12,8,4
20251,Fistyfast,hyjal,768,monk,windwalker,12,8,4
20252,Wladqz,stormscale,768,monk,windwalker,12,8,4
20253,Купейчик,gordunni,768,monk,windwalker,18,8,10
20254,Cuteshygirl,shattrath,768,monk,windwalker,18,8,10
20255,Jamiedhism,ravencrest,768,monk,windwalker,18,8,10
20256,Stÿvww,archimonde,768,monk,windwalker,24,8,16
20257,ßibip,hyjal,767,monk,windwalker,14,10,4
20258,Nízra,archimonde,767,monk,windwalker,12,8,4
20259,Earendil,culte-de-la-rive-noire,767,monk,windwalker,12,8,4
20260,Odelagga,draenor,767,monk,windwalker,12,8,4
20261,Sêssai,outland,767,monk,windwalker,12,8,4
20262,Yungbaren,frostwolf,767,monk,windwalker,12,8,4
20263,Hazzat,nordrassil,767,monk,windwalker,12,8,4
20264,Дыня,gordunni,767,monk,windwalker,12,8,4
20265,Merilwyn,argent-dawn,767,monk,windwalker,12,8,4
20266,Kaztruman,draenor,767,monk,windwalker,15,9,6
20267,Bansheerrz,hyjal,767,monk,windwalker,18,8,10
20268,Kryzu,ragnaros,767,monk,windwalker,18,8,10
20269,Risomonk,blackrock,767,monk,windwalker,18,8,10
20270,Johnsôn,blackmoore,767,monk,windwalker,18,8,10
20271,Løllapalooza,ragnaros,767,monk,windwalker,18,8,10
20272,Mynaira,tarren-mill,767,monk,windwalker,25,8,17
20273,Wilywolxx,silvermoon,766,monk,windwalker,12,8,4
20274,Plsnerfrogue,tarren-mill,766,monk,windwalker,12,8,4
20275,Pocaa,arakarahm,766,monk,windwalker,18,8,10
20276,Rollah,ravencrest,765,monk,windwalker,18,8,10
20277,Verfa,twisting-nether,765,monk,windwalker,18,8,10
20278,Kaipo,ragnaros,765,monk,windwalker,24,8,16
20279,Rangomind,silvermoon,761,monk,windwalker,12,8,4
20280,Fredder,blackrock,701,monk,windwalker,23,8,15
20281,Chiscake,blackrock,672,monk,windwalker,12,7,5
20282,Shoelaren,ragnaros,672,monk,windwalker,12,7,5
20283,Dopi,frostmane,672,monk,windwalker,12,7,5
20284,Pawsy,twisting-nether,672,monk,windwalker,12,7,5
20285,Saodiseng,outland,672,monk,windwalker,12,7,5
20286,Yipmaan,kazzak,672,monk,windwalker,12,7,5
20287,Âdonis,twisting-nether,672,monk,windwalker,12,7,5
20288,Melaz,ravencrest,672,monk,windwalker,12,7,5
20289,Dennismansix,sylvanas,672,monk,windwalker,12,7,5
20290,Arthanaar,drakthul,672,monk,windwalker,12,7,5
20291,Tortasauro,sanguino,672,monk,windwalker,12,7,5
20292,Chanzey,silvermoon,672,monk,windwalker,12,7,5
20293,Vixiatwo,outland,672,monk,windwalker,12,7,5
20294,Potsymist,twisting-nether,672,monk,windwalker,12,7,5
20295,Bryggarn,draenor,672,monk,windwalker,12,7,5
20296,Sàlêxz,ysondre,672,monk,windwalker,12,7,5
20297,Njursten,twilights-hammer,672,monk,windwalker,12,7,5
20298,Джийви,goldrinn,672,monk,windwalker,18,7,11
20299,Bonkboi,tarren-mill,672,monk,windwalker,18,7,11
20300,Jkmonkyo,blackrock,672,monk,windwalker,18,7,11
20301,Quï,hyjal,672,monk,windwalker,18,7,11
20302,Keberathom,stormscale,672,monk,windwalker,18,7,11
20303,Ráây,blackrock,672,monk,windwalker,18,7,11
20304,Galexuz,blackrock,672,monk,windwalker,18,7,11
20305,Niyatî,draenor,672,monk,windwalker,18,7,11
20306,Elababe,ravencrest,672,monk,windwalker,18,7,11
20307,Mystikmonk,blackrock,671,monk,windwalker,12,7,5
20308,Teztouza,kazzak,671,monk,windwalker,12,7,5
20309,Sonofelrond,twisting-nether,671,monk,windwalker,12,7,5
20310,Эзархадон,lich-king,671,monk,windwalker,12,7,5
20311,Bierdame,blackhand,671,monk,windwalker,12,7,5
20312,Dubhira,blackmoore,671,monk,windwalker,12,7,5
20313,Duches,tarren-mill,671,monk,windwalker,18,7,11
20314,Velita,dun-modr,671,monk,windwalker,18,7,11
20315,Arshy,silvermoon,671,monk,windwalker,18,7,11
20316,Discosean,frostmane,671,monk,windwalker,18,7,11
20317,Zhiothe,argent-dawn,670,monk,windwalker,12,7,5
20318,Xamaan,sanguino,670,monk,windwalker,18,7,11
20319,Mwoinesamdi,hyjal,670,monk,windwalker,18,7,11
20320,Dummars,ragnaros,670,monk,windwalker,18,7,11
20321,Рочч,gordunni,668,monk,windwalker,12,7,5
20322,Kirara,talnivarr,668,monk,windwalker,12,7,5
20323,Undgrund,burning-legion,661,monk,windwalker,18,7,11
20324,Humpenpower,blackhand,655,monk,windwalker,17,7,10
20325,Fusetonww,tarren-mill,623,monk,windwalker,11,7,4
20326,Ahlu,argent-dawn,623,monk,windwalker,21,7,14
20327,Ktrina,ravencrest,618,monk,windwalker,21,9,12
20328,Sori,mazrigos,592,monk,windwalker,19,7,12
20329,Rezuz,draenor,576,monk,windwalker,6,6,0
20330,Yeol,ravencrest,576,monk,windwalker,12,6,6
20331,Bubjuu,ravencrest,576,monk,windwalker,12,6,6
20332,Tenszangetsu,ragnaros,576,monk,windwalker,12,6,6
20333,Sungødx,blackrock,576,monk,windwalker,12,6,6
20334,Worasemonk,hyjal,576,monk,windwalker,12,6,6
20335,Rhâzalgûl,khaz-modan,576,monk,windwalker,12,6,6
20336,Gîø,blackmoore,576,monk,windwalker,12,6,6
20337,Мэрджик,soulflayer,576,monk,windwalker,12,6,6
20338,Муаннуар,soulflayer,576,monk,windwalker,12,6,6
20339,Rainymonday,ravencrest,576,monk,windwalker,12,6,6
20340,Luckyjones,tarren-mill,576,monk,windwalker,12,6,6
20341,Xàrslòulolz,kazzak,576,monk,windwalker,12,6,6
20342,Gramkin,ravencrest,576,monk,windwalker,12,6,6
20343,Whoszeus,archimonde,576,monk,windwalker,12,6,6
20344,Pabu,emeriss,576,monk,windwalker,12,6,6
20345,Doyoubleed,twisting-nether,576,monk,windwalker,12,6,6
20346,Ilovecravmag,draenor,576,monk,windwalker,12,6,6
20347,Ampm,ravencrest,576,monk,windwalker,12,6,6
20348,Nyrkkikylpy,ravencrest,576,monk,windwalker,12,6,6
20349,Geezer,the-maelstrom,576,monk,windwalker,12,6,6
20350,Tecisharmony,ravencrest,576,monk,windwalker,12,6,6
20351,Jam,aerie-peak,576,monk,windwalker,12,6,6
20352,Ferree,tarren-mill,576,monk,windwalker,12,6,6
20353,Balance,laughing-skull,576,monk,windwalker,12,6,6
20354,Fiddyy,outland,576,monk,windwalker,12,6,6
20355,Jollyzug,blackrock,576,monk,windwalker,12,6,6
20356,Níko,korgall,576,monk,windwalker,12,6,6
20357,Turbofistsqt,kazzak,576,monk,windwalker,12,6,6
20358,Ogelele,twisting-nether,576,monk,windwalker,12,6,6
20359,Монкигодхх,howling-fjord,576,monk,windwalker,13,6,7
20360,Bbcmonkinc,aegwynn,576,monk,windwalker,16,7,9
20361,Мишадуротар,borean-tundra,576,monk,windwalker,16,7,9
20362,Fiststowin,blackrock,576,monk,windwalker,18,6,12
20363,Xoconut,ravencrest,576,monk,windwalker,18,6,12
20364,Norgamx,alakir,576,monk,windwalker,18,6,12
20365,Desmî,ravencrest,576,monk,windwalker,18,6,12
20366,Кримсон,blackscar,575,monk,windwalker,6,6,0
20367,Iluvatareru,twisting-nether,575,monk,windwalker,12,6,6
20368,Okpm,marécage-de-zangar,575,monk,windwalker,12,6,6
20369,Woknroll,draenor,575,monk,windwalker,12,6,6
20370,Raychi,draenor,575,monk,windwalker,12,6,6
20371,Teetoor,argent-dawn,575,monk,windwalker,12,6,6
20372,Chiroidz,kazzak,575,monk,windwalker,12,6,6
20373,Woalter,silvermoon,575,monk,windwalker,12,6,6
20374,Jaylée,thrall,574,monk,windwalker,12,6,6
20375,Mönchdog,blackmoore,573,monk,windwalker,12,6,6
20376,Veila,the-maelstrom,573,monk,windwalker,12,6,6
20377,Izabell,bronzebeard,573,monk,windwalker,18,6,12
20378,Mullan,eonar,573,monk,windwalker,24,6,18
20379,Монкуем,gordunni,567,monk,windwalker,12,6,6
20380,Жарптыца,gordunni,559,monk,windwalker,17,6,11
20381,Dianly,ravencrest,543,monk,windwalker,23,6,17
20382,Merjis,stormscale,527,monk,windwalker,11,6,5
20383,Armutschkerl,blackhand,522,monk,windwalker,23,8,15
20384,Жекадобряк,howling-fjord,503,monk,windwalker,15,7,8
20385,Kapud,twisting-nether,480,monk,windwalker,6,5,1
20386,Nastyvibes,dun-modr,480,monk,windwalker,6,5,1
20387,Ноупэйн,soulflayer,480,monk,windwalker,6,5,1
20388,Larsowns,ragnaros,480,monk,windwalker,6,5,1
20389,Emptyeyés,kazzak,480,monk,windwalker,6,5,1
20390,Энвишь,soulflayer,480,monk,windwalker,6,5,1
20391,Wheelchairqt,stormscale,480,monk,windwalker,6,5,1
20392,Killabees,stormscale,480,monk,windwalker,6,5,1
20393,Монкигодх,howling-fjord,480,monk,windwalker,6,5,1
20394,Boxarnsgrabb,shattered-hand,480,monk,windwalker,6,5,1
20395,Tubørg,ravencrest,480,monk,windwalker,12,5,7
20396,Onlypressw,tarren-mill,480,monk,windwalker,12,5,7
20397,Investing,silvermoon,480,monk,windwalker,12,5,7
20398,Расселкроу,galakrond,480,monk,windwalker,12,5,7
20399,Joshxao,blackmoore,480,monk,windwalker,12,5,7
20400,Kebabvevaren,twisting-nether,480,monk,windwalker,12,5,7
20401,Nerd,argent-dawn,480,monk,windwalker,12,5,7
20402,Enrookiejr,aegwynn,480,monk,windwalker,12,5,7
20403,Aljabbar,ravencrest,480,monk,windwalker,12,5,7
20404,Franziskanus,das-syndikat,480,monk,windwalker,12,5,7
20405,Kaelwind,burning-legion,480,monk,windwalker,12,5,7
20406,Мяуки,soulflayer,480,monk,windwalker,12,5,7
20407,Badcøwboy,archimonde,480,monk,windwalker,12,5,7
20408,Betelgeuse,jaedenar,480,monk,windwalker,12,5,7
20409,Yaxleyx,dragonblight,480,monk,windwalker,12,5,7
20410,Plingpong,sylvanas,480,monk,windwalker,12,5,7
20411,Kenjibsen,blackhand,480,monk,windwalker,12,5,7
20412,Bwayn,blackhand,480,monk,windwalker,12,5,7
20413,Fistus,dentarg,480,monk,windwalker,12,5,7
20414,Bimberta,argent-dawn,480,monk,windwalker,12,5,7
20415,Jjslag,stormscale,480,monk,windwalker,12,5,7
20416,Nevertouch,blackrock,480,monk,windwalker,12,5,7
20417,Кунфумастер,gordunni,480,monk,windwalker,12,5,7
20418,Áutumnfalls,stormscale,480,monk,windwalker,12,5,7
20419,Belobe,stormscale,480,monk,windwalker,12,5,7
20420,Grintilif,malygos,480,monk,windwalker,12,5,7
20421,Käsefäuste,azshara,480,monk,windwalker,12,5,7
20422,Gorguts,stormscale,480,monk,windwalker,12,5,7
20423,Astriz,outland,480,monk,windwalker,12,5,7
20424,Archnun,stormscale,480,monk,windwalker,12,5,7
20425,Mayliene,stormscale,480,monk,windwalker,12,5,7
20426,Babyfax,draenor,480,monk,windwalker,12,5,7
20427,Pîna,onyxia,480,monk,windwalker,12,5,7
20428,Qtv,arthas,480,monk,windwalker,12,5,7
20429,Drfistalot,blackrock,480,monk,windwalker,12,5,7
20430,Diagmonk,kazzak,480,monk,windwalker,12,5,7
20431,Немонахх,howling-fjord,480,monk,windwalker,18,5,13
20432,Nicetrybuddy,draenor,480,monk,windwalker,18,5,13
20433,Askarg,khaz-modan,479,monk,windwalker,12,5,7
20434,Диксэш,ashenvale,479,monk,windwalker,12,5,7
20435,Alopécida,voljin,479,monk,windwalker,15,6,9
20436,Øñ,cthun,479,monk,windwalker,18,5,13
20437,Effeots,blackrock,479,monk,windwalker,18,5,13
20438,Tjukkas,bloodhoof,479,monk,windwalker,24,5,19
20439,Blackdu,drakthul,477,monk,windwalker,16,6,10
20440,Sadwhi,turalyon,472,monk,windwalker,12,5,7
20441,Wodniuch,defias-brotherhood,447,monk,windwalker,11,5,6
20442,Lqp,outland,447,monk,windwalker,11,5,6
20443,Dushimonk,runetotem,416,monk,windwalker,10,5,5
20444,Камагами,howling-fjord,400,monk,windwalker,7,5,2
20445,Theoalt,dragonblight,399,monk,windwalker,5,5,0
20446,Blazeuu,drakthul,384,monk,windwalker,6,4,2
20447,Palarîns,dalaran,384,monk,windwalker,6,4,2
20448,Monkflexi,draenor,384,monk,windwalker,6,4,2
20449,Styxmk,blackhand,384,monk,windwalker,6,4,2
20450,Tàlo,anachronos,384,monk,windwalker,6,4,2
20451,Vjelan,forscherliga,384,monk,windwalker,6,4,2
20452,Silcet,stormscale,384,monk,windwalker,6,4,2
20453,Baisi,blackhand,384,monk,windwalker,6,4,2
20454,Twdabuser,tarren-mill,384,monk,windwalker,6,4,2
20455,Venersere,eitrigg,384,monk,windwalker,6,4,2
20456,Møønkëy,archimonde,384,monk,windwalker,6,4,2
20457,Sprizzfuaz,blackmoore,384,monk,windwalker,6,4,2
20458,Disciprín,tarren-mill,384,monk,windwalker,6,4,2
20459,Karatemonk,stormscale,384,monk,windwalker,6,4,2
20460,Piednuques,archimonde,384,monk,windwalker,6,4,2
20461,Krazylegs,sanguino,384,monk,windwalker,6,4,2
20462,Dadrael,argent-dawn,384,monk,windwalker,6,4,2
20463,Vetocorleone,kazzak,384,monk,windwalker,6,4,2
20464,Seyley,tarren-mill,384,monk,windwalker,6,4,2
20465,Twinkletoe,twisting-nether,384,monk,windwalker,6,4,2
20466,Windstormcro,ragnaros,384,monk,windwalker,6,4,2
20467,Tysonwonka,thrall,384,monk,windwalker,6,4,2
20468,Krâr,onyxia,384,monk,windwalker,6,4,2
20469,Wushin,antonidas,384,monk,windwalker,6,4,2
20470,Orenichi,antonidas,384,monk,windwalker,6,4,2
20471,Diagmonk,arathi,384,monk,windwalker,6,4,2
20472,Rugys,ravenholdt,384,monk,windwalker,6,4,2
20473,Jériícho,khaz-modan,384,monk,windwalker,6,4,2
20474,Mickjabber,aegwynn,384,monk,windwalker,6,4,2
20475,Wingwalker,twisting-nether,384,monk,windwalker,6,4,2
20476,Soulspar,ragnaros,384,monk,windwalker,6,4,2
20477,Windvibes,antonidas,384,monk,windwalker,6,4,2
20478,Jetcee,kazzak,384,monk,windwalker,6,4,2
20479,Larrý,sylvanas,384,monk,windwalker,6,4,2
20480,Orênda,silvermoon,384,monk,windwalker,6,4,2
20481,Onn,outland,384,monk,windwalker,6,4,2
20482,Clìtfister,silvermoon,384,monk,windwalker,6,4,2
20483,Hertel,boulderfist,384,monk,windwalker,6,4,2
20484,Sepi,hellfire,384,monk,windwalker,6,4,2
20485,Пашаскороход,gordunni,384,monk,windwalker,6,4,2
20486,Нежненький,gordunni,384,monk,windwalker,6,4,2
20487,Емопацан,gordunni,384,monk,windwalker,6,4,2
20488,Màlydôr,outland,384,monk,windwalker,6,4,2
20489,Hoøo,hyjal,384,monk,windwalker,12,4,8
20490,Risingspud,frostmane,384,monk,windwalker,12,4,8
20491,Ожиганов,soulflayer,384,monk,windwalker,12,4,8
20492,Scribzz,twisting-nether,384,monk,windwalker,12,4,8
20493,Dëvilliä,ragnaros,384,monk,windwalker,12,4,8
20494,Blutáar,khazgoroth,384,monk,windwalker,12,4,8
20495,Räyh,outland,384,monk,windwalker,12,4,8
20496,Кириешек,deathguard,384,monk,windwalker,12,4,8
20497,Symaro,aegwynn,384,monk,windwalker,12,4,8
20498,Jessie,bloodscalp,384,monk,windwalker,12,4,8
20499,Andrah,blackmoore,384,monk,windwalker,12,4,8
20500,Крэйзимедвед,howling-fjord,384,monk,windwalker,12,4,8
20501,Байтли,gordunni,384,monk,windwalker,12,4,8
20502,Kushvendorx,silvermoon,384,monk,windwalker,12,4,8
20503,Aesthetìc,draenor,384,monk,windwalker,12,4,8
20504,Goremancey,draenor,384,monk,windwalker,12,4,8
20505,Ñinjakick,outland,384,monk,windwalker,12,4,8
20506,Ragobd,argent-dawn,384,monk,windwalker,12,4,8
20507,Bluum,ravencrest,384,monk,windwalker,12,4,8
20508,Bigkim,khadgar,384,monk,windwalker,12,4,8
20509,Аоепуп,soulflayer,384,monk,windwalker,12,4,8
20510,Chlamydious,silvermoon,384,monk,windwalker,18,4,14
20511,Runny,sanguino,384,monk,windwalker,18,4,14
20512,Yuchiiro,hyjal,383,monk,windwalker,6,4,2
20513,Bbinzu,lothar,383,monk,windwalker,6,4,2
20514,Monktoon,doomhammer,383,monk,windwalker,12,4,8
20515,Югэн,azuregos,383,monk,windwalker,12,4,8
20516,Broussly,voljin,380,monk,windwalker,12,4,8
20517,Youngmonk,tarren-mill,351,monk,windwalker,17,4,13
20518,Scedadle,outland,336,monk,windwalker,9,4,5
20519,Benkkei,ysondre,336,monk,windwalker,15,4,11
20520,Jujujitsu,archimonde,330,monk,windwalker,17,4,13
20521,Choje,blackmoore,319,monk,windwalker,5,4,1
20522,Des,bronzebeard,319,monk,windwalker,8,4,4
20523,Alë,argent-dawn,319,monk,windwalker,8,4,4
20524,Monkacek,drakthul,288,monk,windwalker,6,3,3
20525,Tshajek,hyjal,288,monk,windwalker,6,3,3
20526,Despéradø,archimonde,288,monk,windwalker,6,3,3
20527,Ratfacè,outland,288,monk,windwalker,6,3,3
20528,Shaol,stormreaver,288,monk,windwalker,6,3,3
20529,Räpeltäjä,stormreaver,288,monk,windwalker,6,3,3
20530,Klotsobunidi,kazzak,288,monk,windwalker,6,3,3
20531,Zéná,gilneas,288,monk,windwalker,6,3,3
20532,Dasjinso,blackhand,288,monk,windwalker,6,3,3
20533,Dertekk,archimonde,288,monk,windwalker,6,3,3
20534,Marcjess,kazzak,288,monk,windwalker,6,3,3
20535,Bg,blackhand,288,monk,windwalker,6,3,3
20536,Wowweaver,outland,288,monk,windwalker,6,3,3
20537,Lokregar,blackmoore,288,monk,windwalker,6,3,3
20538,Пингкин,deathweaver,288,monk,windwalker,6,3,3
20539,Ybnobama,outland,288,monk,windwalker,6,3,3
20540,Sizok,blackmoore,288,monk,windwalker,6,3,3
20541,Fapmaster,aegwynn,288,monk,windwalker,6,3,3
20542,Arisua,blackhand,288,monk,windwalker,6,3,3
20543,Aaronm,tarren-mill,288,monk,windwalker,6,3,3
20544,Daltailr,silvermoon,288,monk,windwalker,6,3,3
20545,Monkelibonk,ravencrest,288,monk,windwalker,6,3,3
20546,Blyadislav,ravencrest,288,monk,windwalker,6,3,3
20547,Iluvfistinjk,sylvanas,288,monk,windwalker,6,3,3
20548,Bluumorc,ravencrest,288,monk,windwalker,6,3,3
20549,Koot,ragnaros,288,monk,windwalker,6,3,3
20550,Exòar,ravencrest,288,monk,windwalker,6,3,3
20551,Kungf,twisting-nether,288,monk,windwalker,6,3,3
20552,Jakfuki,ragnaros,288,monk,windwalker,6,3,3
20553,Adewelee,dalaran,288,monk,windwalker,6,3,3
20554,Tjmnk,ravencrest,288,monk,windwalker,6,3,3
20555,Tossen,ragnaros,288,monk,windwalker,6,3,3
20556,Бреэйн,howling-fjord,288,monk,windwalker,6,3,3
20557,Qdwdwqerdads,ravencrest,288,monk,windwalker,6,3,3
20558,Droozy,silvermoon,288,monk,windwalker,6,3,3
20559,Realfighter,arathor,288,monk,windwalker,6,3,3
20560,Междунамиад,gordunni,288,monk,windwalker,6,3,3
20561,Homelanderxx,tarren-mill,288,monk,windwalker,6,3,3
20562,Notadrâgon,sylvanas,288,monk,windwalker,6,3,3
20563,Antomamonk,ravencrest,288,monk,windwalker,6,3,3
20564,Bobblasfists,tarren-mill,288,monk,windwalker,6,3,3
20565,Stonkss,ragnaros,288,monk,windwalker,6,3,3
20566,Рендикаое,soulflayer,288,monk,windwalker,6,3,3
20567,Zunixxww,terrordar,288,monk,windwalker,6,3,3
20568,Zelraqt,burning-steppes,288,monk,windwalker,6,3,3
20569,Ðoom,sylvanas,288,monk,windwalker,6,3,3
20570,Дзинкс,howling-fjord,288,monk,windwalker,6,3,3
20571,Xpobak,ravencrest,288,monk,windwalker,6,3,3
20572,Velduin,dun-modr,288,monk,windwalker,6,3,3
20573,Xen,uldum,288,monk,windwalker,6,3,3
20574,Møngøwéávé,argent-dawn,288,monk,windwalker,6,3,3
20575,Астрал,soulflayer,288,monk,windwalker,6,3,3
20576,Atrøciøus,ravencrest,288,monk,windwalker,6,3,3
20577,Sajin,la-croisade-écarlate,288,monk,windwalker,6,3,3
20578,Phesxm,sylvanas,288,monk,windwalker,6,3,3
20579,Hästgodx,the-maelstrom,288,monk,windwalker,6,3,3
20580,Zìnko,eredar,288,monk,windwalker,6,3,3
20581,Авентусс,howling-fjord,288,monk,windwalker,6,3,3
20582,Бичмэн,deathguard,288,monk,windwalker,6,3,3
20583,Street,nethersturm,288,monk,windwalker,7,3,4
20584,Balkanbeastt,draenor,288,monk,windwalker,10,4,6
20585,Barylen,outland,288,monk,windwalker,12,3,9
20586,Howkong,archimonde,288,monk,windwalker,12,3,9
20587,Cøbrakaï,archimonde,288,monk,windwalker,12,3,9
20588,Mönchfatih,blackhand,288,monk,windwalker,12,3,9
20589,Roxmonk,ravencrest,288,monk,windwalker,12,3,9
20590,Clamps,darkspear,288,monk,windwalker,12,3,9
20591,Mongole,hellscream,288,monk,windwalker,12,3,9
20592,Ikasama,culte-de-la-rive-noire,288,monk,windwalker,12,3,9
20593,Jgma,auchindoun,288,monk,windwalker,12,3,9
20594,Dòrâ,archimonde,288,monk,windwalker,12,3,9
20595,Geliôs,kazzak,288,monk,windwalker,12,3,9
20596,Ayyee,blackmoore,288,monk,windwalker,18,3,15
20597,Мистерхюй,gordunni,288,monk,windwalker,18,3,15
20598,Lewimoäne,khaz-modan,287,monk,windwalker,6,3,3
20599,Brucilli,dalaran,287,monk,windwalker,6,3,3
20600,Wallky,burning-blade,287,monk,windwalker,18,3,15
20601,Syaóran,exodar,286,monk,windwalker,12,3,9
20602,Пкмлкм,gordunni,255,monk,windwalker,11,3,8
20603,Dolkenm,tarren-mill,240,monk,windwalker,9,4,5
20604,Zerno,archimonde,239,monk,windwalker,5,3,2
20605,Iamzra,kazzak,239,monk,windwalker,11,3,8
20606,Kungfupandy,blackmoore,224,monk,windwalker,10,3,7
20607,Trolleurz,archimonde,224,monk,windwalker,16,3,13
20608,Idointcare,ravencrest,192,monk,windwalker,4,3,1
20609,Bignessb,draenor,192,monk,windwalker,4,3,1
20610,Kano,burning-legion,192,monk,windwalker,9,3,6
20611,Npkwalker,outland,192,monk,windwalker,6,2,4
20612,Lilßaby,archimonde,192,monk,windwalker,6,2,4
20613,Jackonk,eredar,192,monk,windwalker,6,2,4
20614,Musclorww,ysondre,192,monk,windwalker,6,2,4
20615,Stenhård,azjolnerub,192,monk,windwalker,6,2,4
20616,Дедизшишки,soulflayer,192,monk,windwalker,6,2,4
20617,Akazuki,frostwolf,192,monk,windwalker,6,2,4
20618,Glorïagaynor,archimonde,192,monk,windwalker,6,2,4
20619,Yaevinn,burning-legion,192,monk,windwalker,6,2,4
20620,Joachi,outland,192,monk,windwalker,6,2,4
20621,Panicfist,stormscale,192,monk,windwalker,6,2,4
20622,Tayoo,aegwynn,192,monk,windwalker,6,2,4
20623,Niborc,doomhammer,192,monk,windwalker,6,2,4
20624,Latify,todeswache,192,monk,windwalker,6,2,4
20625,Khirazim,ysondre,192,monk,windwalker,6,2,4
20626,Shïma,sargeras,192,monk,windwalker,6,2,4
20627,Dodoglad,hyjal,192,monk,windwalker,6,2,4
20628,Akkadianx,ravencrest,192,monk,windwalker,6,2,4
20629,Bloodychi,ravencrest,192,monk,windwalker,6,2,4
20630,Tonikor,kazzak,192,monk,windwalker,6,2,4
20631,Psyhooz,burning-legion,192,monk,windwalker,6,2,4
20632,Bobthewild,draenor,192,monk,windwalker,6,2,4
20633,Lxq,blackhand,192,monk,windwalker,6,2,4
20634,Nebelpanda,ravencrest,192,monk,windwalker,6,2,4
20635,Bamboosnack,kazzak,192,monk,windwalker,6,2,4
20636,Tyrastel,dalaran,192,monk,windwalker,6,2,4
20637,Deathpùlse,ravencrest,192,monk,windwalker,6,2,4
20638,Bensil,ravencrest,192,monk,windwalker,6,2,4
20639,Brewroll,ravencrest,192,monk,windwalker,6,2,4
20640,Icaena,ravencrest,192,monk,windwalker,6,2,4
20641,Mezeko,stormscale,192,monk,windwalker,6,2,4
20642,Øåæøæøåæ,kazzak,192,monk,windwalker,6,2,4
20643,Márliene,twisting-nether,192,monk,windwalker,6,2,4
20644,Lollonko,kazzak,192,monk,windwalker,6,2,4
20645,Påiñ,silvermoon,192,monk,windwalker,6,2,4
20646,Lildaddymonk,ravencrest,192,monk,windwalker,6,2,4
20647,Friidam,lightbringer,192,monk,windwalker,6,2,4
20648,Geochi,tarren-mill,192,monk,windwalker,6,2,4
20649,Brevduwan,ragnaros,192,monk,windwalker,6,2,4
20650,Frajer,auchindoun,192,monk,windwalker,6,2,4
20651,Zýru,ragnaros,192,monk,windwalker,6,2,4
20652,Lilotus,ragnaros,192,monk,windwalker,6,2,4
20653,Såliten,tarren-mill,192,monk,windwalker,6,2,4
20654,Orcword,ragnaros,192,monk,windwalker,6,2,4
20655,Rationis,blackmoore,192,monk,windwalker,6,2,4
20656,Loriodas,tarren-mill,192,monk,windwalker,6,2,4
20657,Eynodiggity,blackmoore,192,monk,windwalker,6,2,4
20658,Walterwayne,blackrock,192,monk,windwalker,6,2,4
20659,Fistingfury,burning-blade,192,monk,windwalker,6,2,4
20660,Miamausebär,blackmoore,192,monk,windwalker,6,2,4
20661,Gabbah,blackrock,192,monk,windwalker,6,2,4
20662,Майамибитч,howling-fjord,192,monk,windwalker,6,2,4
20663,Mtmonk,tarren-mill,192,monk,windwalker,6,2,4
20664,Îreful,tarren-mill,192,monk,windwalker,6,2,4
20665,Savecdfornxt,blackmoore,192,monk,windwalker,6,2,4
20666,Monkkr,argent-dawn,192,monk,windwalker,6,2,4
20667,Yamqt,thrall,192,monk,windwalker,6,2,4
20668,Schneewase,blackrock,192,monk,windwalker,6,2,4
20669,Drýton,blackrock,192,monk,windwalker,6,2,4
20670,Píkachuu,ragnaros,192,monk,windwalker,9,2,7
20671,Tongat,ravencrest,192,monk,windwalker,12,2,10
20672,Shaow,hyjal,192,monk,windwalker,12,2,10
20673,Гнидожор,booty-bay,192,monk,windwalker,12,2,10
20674,Mashalar,ravencrest,191,monk,windwalker,6,2,4
20675,Соловьюх,gordunni,191,monk,windwalker,6,2,4
20676,Yianjih,blackmoore,191,monk,windwalker,6,2,4
20677,Vyneth,draenor,144,monk,windwalker,3,3,0
20678,Óó,los-errantes,144,monk,windwalker,9,2,7
20679,Astmönk,archimonde,127,monk,windwalker,8,2,6
20680,Uftis,thrall,127,monk,windwalker,8,2,6
20681,Циорех,gordunni,96,monk,windwalker,3,2,1
20682,Nightninja,drakthul,96,monk,windwalker,6,1,5
20683,Zugzuwg,ahnqiraj,96,monk,windwalker,6,1,5
20684,Olympeá,silvermoon,96,monk,windwalker,6,1,5
20685,Cumspiller,ravencrest,96,monk,windwalker,6,1,5
20686,Zymonks,silvermoon,96,monk,windwalker,6,1,5
20687,Dìó,tarren-mill,96,monk,windwalker,6,1,5
20688,Родиер,gordunni,96,monk,windwalker,6,1,5
20689,Yvètte,ravencrest,96,monk,windwalker,6,1,5
20690,Dudulinda,silvermoon,96,monk,windwalker,6,1,5
20691,Gøsù,antonidas,96,monk,windwalker,6,1,5
20692,Kickboxer,burning-legion,96,monk,windwalker,6,1,5
20693,Smâsh,blackhand,96,monk,windwalker,6,1,5
20694,Жъёь,howling-fjord,96,monk,windwalker,6,1,5
20695,Mjaweaver,stormscale,96,monk,windwalker,6,1,5
20696,Doneithné,stormscale,96,monk,windwalker,6,1,5
20697,Løkî,culte-de-la-rive-noire,96,monk,windwalker,6,1,5
20698,Musaya,chamber-of-aspects,96,monk,windwalker,6,1,5
20699,Drlightorc,tarren-mill,96,monk,windwalker,6,1,5
20700,Тиронфлакс,soulflayer,96,monk,windwalker,6,1,5
20701,Jongoatjones,outland,96,monk,windwalker,6,1,5
20702,Sînge,archimonde,96,monk,windwalker,6,1,5
20703,Deuxmonk,outland,96,monk,windwalker,6,1,5
20704,Lîlpumpx,outland,96,monk,windwalker,6,1,5
20705,Draina,archimonde,96,monk,windwalker,6,1,5
20706,Kazéshini,doomhammer,96,monk,windwalker,6,1,5
20707,Çùçé,dalaran,96,monk,windwalker,6,1,5
20708,Olgachocolat,blackmoore,96,monk,windwalker,6,1,5
20709,Mìcrøb,blackmoore,96,monk,windwalker,6,1,5
20710,Синнэрли,soulflayer,96,monk,windwalker,6,1,5
20711,Bâsarä,archimonde,96,monk,windwalker,6,1,5
20712,Kaizenthor,runetotem,96,monk,windwalker,6,1,5
20713,Мяяумяу,gordunni,96,monk,windwalker,6,1,5
20714,Konnîchîwa,kazzak,96,monk,windwalker,6,1,5
20715,Butrinto,hellfire,96,monk,windwalker,6,1,5
20716,Umbrâsyl,ravencrest,96,monk,windwalker,6,1,5
20717,Бумчака,blackscar,96,monk,windwalker,6,1,5
20718,Kinføu,hyjal,96,monk,windwalker,6,1,5
20719,Jakaron,kazzak,96,monk,windwalker,6,1,5
20720,Monkenya,kazzak,96,monk,windwalker,6,1,5
20721,Dadeldo,blackrock,96,monk,windwalker,6,1,5
20722,Onisakebi,nemesis,96,monk,windwalker,10,1,9
20723,Araey,argent-dawn,89,monk,windwalker,9,3,6
20724,Odanobunaga,ravencrest,79,monk,windwalker,5,1,4
20725,Xtcc,kazzak,79,monk,windwalker,5,1,4
20726,Tenzen,dun-modr,79,monk,windwalker,11,1,10
20727,Touchgodx,blackrock,64,monk,windwalker,4,1,3
20728,Огненныйкит,blackscar,48,monk,windwalker,3,1,2
20729,Xámell,ravencrest,48,monk,windwalker,3,1,2
20730,Shamarinator,kazzak,42,monk,windwalker,9,2,7
20731,Monkinko,tarren-mill,42,monk,windwalker,10,2,8
20732,Pjetro,draenor,31,monk,windwalker,2,1,1
20733,Everydayrain,ravencrest,31,monk,windwalker,2,1,1
20734,Åbx,argent-dawn,2191,paladin,holy,113,59,54
20735,Wiriday,draenor,2168,paladin,holy,275,141,134
20736,Crewxdlolz,frostmane,2123,paladin,holy,211,118,93
20737,Likkik,ravencrest,2121,paladin,holy,86,42,44
20738,Royki,the-maelstrom,2111,paladin,holy,70,38,32
20739,Алексендлер,howling-fjord,2061,paladin,holy,356,194,162
20740,Ranchiek,ravencrest,2019,paladin,holy,60,31,29
20741,Lickssi,outland,2001,paladin,holy,94,56,38
20742,Måvé,tarren-mill,1974,paladin,holy,90,55,35
20743,Nemesisbot,dun-modr,1965,paladin,holy,102,59,43
20744,Zabrok,outland,1951,paladin,holy,64,38,26
20745,Goyimslayer,ravencrest,1939,paladin,holy,114,61,53
20746,Jìmjim,ysondre,1916,paladin,holy,114,53,61
20747,Peacerainer,stormscale,1915,paladin,holy,72,32,40
20748,Rïzé,ravencrest,1911,paladin,holy,54,26,28
20749,Aww,anachronos,1874,paladin,holy,150,77,73
20750,Kyoma,burning-legion,1869,paladin,holy,149,70,79
20751,Pointguard,blackrock,1862,paladin,holy,54,28,26
20752,Tipmax,ravencrest,1856,paladin,holy,61,37,24
20753,Goodpeace,kazzak,1855,paladin,holy,73,35,38
20754,Niwariel,silvermoon,1852,paladin,holy,60,37,23
20755,Типмакс,howling-fjord,1851,paladin,holy,42,25,17
20756,Áftershøck,ravencrest,1850,paladin,holy,60,32,28
20757,Powertilt,ravencrest,1848,paladin,holy,159,77,82
20758,Wheelybin,argent-dawn,1843,paladin,holy,53,23,30
20759,Optîmuslîme,veklor,1835,paladin,holy,42,27,15
20760,Vaîjin,aegwynn,1827,paladin,holy,154,77,77
20761,Rekieuna,archimonde,1825,paladin,holy,354,185,169
20762,Phalphlingo,stormscale,1824,paladin,holy,84,40,44
20763,Wokyo,tarren-mill,1823,paladin,holy,231,134,97
20764,Jeø,stormscale,1823,paladin,holy,54,28,26
20765,Eldorín,blackmoore,1823,paladin,holy,54,20,34
20766,Kianpal,silvermoon,1818,paladin,holy,158,89,69
20767,Galaxys,blackhand,1818,paladin,holy,128,62,66
20768,Neverlostx,ravencrest,1816,paladin,holy,48,31,17
20769,Popecrusade,archimonde,1813,paladin,holy,107,66,41
20770,Ránchìek,ravencrest,1812,paladin,holy,54,26,28
20771,Welivewewin,defias-brotherhood,1811,paladin,holy,151,78,73
20772,Majör,ysondre,1809,paladin,holy,66,34,32
20773,Danipaladin,tarren-mill,1808,paladin,holy,76,44,32
20774,Seabrook,stormscale,1808,paladin,holy,90,34,56
20775,Jûliâ,archimonde,1777,paladin,holy,88,49,39
20776,Edelarøs,ysondre,1771,paladin,holy,54,27,27
20777,Гола,gordunni,1771,paladin,holy,97,44,53
20778,Reckx,argent-dawn,1766,paladin,holy,53,26,27
20779,Shufflenjoyr,argent-dawn,1765,paladin,holy,113,56,57
20780,Holylightxz,runetotem,1765,paladin,holy,93,46,47
20781,Pêacerainer,stormscale,1765,paladin,holy,186,78,108
20782,Макстипчик,howling-fjord,1758,paladin,holy,63,29,34
20783,Emloses,outland,1750,paladin,holy,282,149,133
20784,Svyata,twisting-nether,1748,paladin,holy,101,46,55
20785,Holysacx,aegwynn,1745,paladin,holy,42,25,17
20786,Pignonn,dalaran,1745,paladin,holy,119,61,58
20787,Rettyfield,blackrock,1744,paladin,holy,42,23,19
20788,Гигашмяк,howling-fjord,1742,paladin,holy,221,115,106
20789,Wollymolly,ravencrest,1741,paladin,holy,60,30,30
20790,Everflame,blackmoore,1739,paladin,holy,84,50,34
20791,Dbblou,draenor,1739,paladin,holy,42,20,22
20792,Jüther,pozzo-delleternità,1736,paladin,holy,35,19,16
20793,Vindîcator,defias-brotherhood,1736,paladin,holy,191,91,100
20794,Аришалисичка,blackscar,1727,paladin,holy,70,36,34
20795,Skyf,outland,1717,paladin,holy,239,116,123
20796,Valia,argent-dawn,1715,paladin,holy,75,40,35
20797,Tyrsa,defias-brotherhood,1715,paladin,holy,53,23,30
20798,Haylø,archimonde,1714,paladin,holy,45,24,21
20799,Stratarxis,kazzak,1714,paladin,holy,82,43,39
20800,Runtheshôw,tarren-mill,1714,paladin,holy,149,69,80
20801,Kwinn,aggra-português,1713,paladin,holy,36,18,18
20802,Pigpiss,ravencrest,1707,paladin,holy,46,19,27
20803,Beefcrusher,outland,1704,paladin,holy,42,18,24
20804,Faíren,mugthol,1697,paladin,holy,66,36,30
20805,Emlight,kazzak,1693,paladin,holy,53,32,21
20806,Акунделар,gordunni,1689,paladin,holy,119,59,60
20807,Tibælius,ravencrest,1683,paladin,holy,65,33,32
20808,Thaderyl,auchindoun,1678,paladin,holy,168,82,86
20809,Lycerax,antonidas,1677,paladin,holy,42,24,18
20810,Arysur,defias-brotherhood,1677,paladin,holy,251,123,128
20811,Voklane,tarren-mill,1676,paladin,holy,48,23,25
20812,Мылонеуроних,deathguard,1675,paladin,holy,54,26,28
20813,Narkal,archimonde,1672,paladin,holy,99,51,48
20814,Думгохан,howling-fjord,1670,paladin,holy,42,18,24
20815,Holysac,aegwynn,1669,paladin,holy,48,26,22
20816,Isøri,antonidas,1667,paladin,holy,114,58,56
20817,Callístó,amanthul,1667,paladin,holy,277,139,138
20818,Ajani,la-croisade-écarlate,1667,paladin,holy,48,19,29
20819,Wíw,kazzak,1664,paladin,holy,136,71,65
20820,Mðnsterz,archimonde,1661,paladin,holy,54,25,29
20821,Shabbyy,bronzebeard,1659,paladin,holy,102,58,44
20822,Лайтпалочка,soulflayer,1657,paladin,holy,274,135,139
20823,Fleshgraft,drakthul,1653,paladin,holy,48,26,22
20824,Kakii,gorgonnash,1645,paladin,holy,59,24,35
20825,Spinne,tarren-mill,1642,paladin,holy,142,71,71
20826,Itsjulie,sylvanas,1642,paladin,holy,94,46,48
20827,Tibelious,ravencrest,1635,paladin,holy,84,34,50
20828,Хегия,gordunni,1633,paladin,holy,48,28,20
20829,Мускатер,gordunni,1633,paladin,holy,58,26,32
20830,Holychît,sanguino,1631,paladin,holy,111,53,58
20831,Baazil,ragnaros,1631,paladin,holy,84,38,46
20832,Chowo,argent-dawn,1631,paladin,holy,63,26,37
20833,Insanevegan,ravencrest,1628,paladin,holy,66,33,33
20834,Holeck,aegwynn,1627,paladin,holy,66,26,40
20835,Máttés,antonidas,1626,paladin,holy,59,21,38
20836,Chryme,thrall,1625,paladin,holy,60,33,27
20837,Jeromesavile,tarren-mill,1625,paladin,holy,143,68,75
20838,Jambbo,twisting-nether,1622,paladin,holy,148,81,67
20839,Jcbubs,xavius,1619,paladin,holy,180,91,89
20840,Nezâ,thrall,1619,paladin,holy,58,26,32
20841,Blazerlolz,kazzak,1616,paladin,holy,60,33,27
20842,Athenewins,tarren-mill,1616,paladin,holy,400,210,190
20843,Lexolex,ravencrest,1616,paladin,holy,36,17,19
20844,Papasito,tarren-mill,1616,paladin,holy,48,17,31
20845,Percocetx,tarren-mill,1613,paladin,holy,54,24,30
20846,Buntqt,kazzak,1612,paladin,holy,100,54,46
20847,Andûrîl,tarren-mill,1610,paladin,holy,101,49,52
20848,ßestsacjk,kazzak,1610,paladin,holy,54,22,32
20849,Pisr,draenor,1607,paladin,holy,48,21,27
20850,Острит,gordunni,1605,paladin,holy,78,45,33
20851,Xaérulus,draenor,1604,paladin,holy,35,20,15
20852,Джонниджага,blackscar,1604,paladin,holy,58,28,30
20853,Lexó,ravencrest,1604,paladin,holy,42,20,22
20854,Stepsislana,tarren-mill,1601,paladin,holy,30,17,13
20855,Judgejuryexe,kazzak,1600,paladin,holy,92,44,48
20856,Xray,ahnqiraj,1598,paladin,holy,53,27,26
20857,Drdeus,kazzak,1597,paladin,holy,140,74,66
20858,Chosenlight,darkspear,1597,paladin,holy,163,76,87
20859,Easypala,blackrock,1595,paladin,holy,114,50,64
20860,Дарксайгн,gordunni,1593,paladin,holy,48,17,31
20861,Ìschtarsdad,blackrock,1591,paladin,holy,192,96,96
20862,Сэлфхил,gordunni,1591,paladin,holy,107,47,60
20863,Neverbuble,archimonde,1590,paladin,holy,41,20,21
20864,Erathoor,grim-batol,1589,paladin,holy,66,32,34
20865,Astollfo,hyjal,1588,paladin,holy,42,26,16
20866,Fannypoo,sylvanas,1588,paladin,holy,185,91,94
20867,Jinyssa,silvermoon,1587,paladin,holy,36,21,15
20868,Crankaess,tarren-mill,1587,paladin,holy,48,23,25
20869,Smightypal,silvermoon,1582,paladin,holy,123,62,61
20870,Powarpufgirl,blackrock,1582,paladin,holy,36,18,18
20871,Xenyaa,arygos,1581,paladin,holy,103,53,50
20872,Louiepal,outland,1580,paladin,holy,41,25,16
20873,Myssa,uldum,1577,paladin,holy,42,21,21
20874,Dömötörp,ragnaros,1575,paladin,holy,129,67,62
20875,Аронасхе,blackscar,1573,paladin,holy,89,39,50
20876,Umirinbruv,zenedar,1573,paladin,holy,50,20,30
20877,Aíe,draenor,1571,paladin,holy,69,41,28
20878,Потокденег,howling-fjord,1563,paladin,holy,152,71,81
20879,Femaleelf,eredar,1561,paladin,holy,48,20,28
20880,Aiyäna,argent-dawn,1560,paladin,holy,72,36,36
20881,Ретриксвета,eversong,1559,paladin,holy,48,31,17
20882,Fourshaw,ravencrest,1558,paladin,holy,149,77,72
20883,Lofé,drakthul,1557,paladin,holy,38,18,20
20884,Skurly,ragnaros,1551,paladin,holy,42,19,23
20885,Fløcki,blackhand,1547,paladin,holy,100,54,46
20886,Nîkå,ravencrest,1546,paladin,holy,63,39,24
20887,Алукартик,deathguard,1546,paladin,holy,89,44,45
20888,Mistsx,kazzak,1546,paladin,holy,60,27,33
20889,Strûgglebûs,outland,1543,paladin,holy,47,25,22
20890,Срувтапкизз,blackscar,1543,paladin,holy,89,32,57
20891,Kristelle,argent-dawn,1542,paladin,holy,72,38,34
20892,Deodas,kazzak,1542,paladin,holy,209,102,107
20893,Cozm,silvermoon,1540,paladin,holy,60,31,29
20894,Asenae,draenor,1540,paladin,holy,72,29,43
20895,Тошанич,soulflayer,1539,paladin,holy,54,24,30
20896,Gasilol,frostwolf,1537,paladin,holy,81,41,40
20897,Andronar,blackmoore,1536,paladin,holy,66,29,37
20898,Nstea,zuljin,1534,paladin,holy,30,16,14
20899,Lóde,silvermoon,1530,paladin,holy,148,77,71
20900,Pooncy,ragnaros,1530,paladin,holy,60,27,33
20901,Ирестли,azuregos,1529,paladin,holy,54,29,25
20902,Sncx,ravencrest,1528,paladin,holy,42,22,20
20903,Бадбх,howling-fjord,1527,paladin,holy,90,39,51
20904,Búbblicioús,ravencrest,1524,paladin,holy,84,49,35
20905,Мифариан,blackscar,1523,paladin,holy,99,51,48
20906,Всехилящий,gordunni,1522,paladin,holy,48,21,27
20907,Marygueguete,archimonde,1518,paladin,holy,108,53,55
20908,Lrnz,tarren-mill,1518,paladin,holy,42,16,26
20909,Bécasszelium,varimathras,1514,paladin,holy,129,68,61
20910,Tuoppi,steamwheedle-cartel,1513,paladin,holy,41,20,21
20911,Dathróhán,silvermoon,1512,paladin,holy,267,135,132
20912,Rotana,eredar,1511,paladin,holy,36,24,12
20913,Powerpufgirl,blackrock,1511,paladin,holy,36,19,17
20914,Sofishoida,blackmoore,1508,paladin,holy,78,47,31
20915,Флэшкапро,soulflayer,1508,paladin,holy,202,100,102
20916,Sonil,les-sentinelles,1507,paladin,holy,57,24,33
20917,Erao,the-maelstrom,1506,paladin,holy,42,19,23
20918,Jaesa,lordaeron,1506,paladin,holy,71,32,39
20919,Fatmidget,kazzak,1503,paladin,holy,66,43,23
20920,Sorfalik,silvermoon,1502,paladin,holy,30,18,12
20921,Aese,dun-modr,1499,paladin,holy,102,51,51
20922,Chocòbon,archimonde,1498,paladin,holy,44,27,17
20923,Эндемичный,soulflayer,1498,paladin,holy,48,28,20
20924,Hawki,blackmoore,1497,paladin,holy,36,20,16
20925,Эсерпи,gordunni,1497,paladin,holy,232,121,111
20926,Rùfus,tarren-mill,1497,paladin,holy,162,84,78
20927,Sübôvîñ,ravencrest,1497,paladin,holy,135,69,66
20928,Delmothounet,ysondre,1496,paladin,holy,46,28,18
20929,Devinèqt,tarren-mill,1496,paladin,holy,55,31,24
20930,Delicztwo,der-rat-von-dalaran,1490,paladin,holy,30,16,14
20931,Xsÿde,archimonde,1489,paladin,holy,48,17,31
20932,Emistesía,stormscale,1488,paladin,holy,54,24,30
20933,Hirolde,zenedar,1487,paladin,holy,128,61,67
20934,Rookbeef,eredar,1486,paladin,holy,42,22,20
20935,Elvandara,blackmoore,1484,paladin,holy,48,19,29
20936,Nano,veknilash,1479,paladin,holy,42,18,24
20937,Эллиарэй,gordunni,1478,paladin,holy,95,46,49
20938,Curtfizzle,kazzak,1478,paladin,holy,59,26,33
20939,Dàrckness,ravencrest,1476,paladin,holy,268,142,126
20940,Волнысвета,howling-fjord,1475,paladin,holy,64,37,27
20941,Nåmï,culte-de-la-rive-noire,1475,paladin,holy,48,26,22
20942,Skinstructor,silvermoon,1473,paladin,holy,72,37,35
20943,Arenalena,sylvanas,1464,paladin,holy,181,88,93
20944,Jajmentx,kazzak,1459,paladin,holy,78,40,38
20945,Curufin,grim-batol,1457,paladin,holy,95,51,44
20946,Blessedpapi,draenor,1457,paladin,holy,66,31,35
20947,Mitsaklas,grim-batol,1453,paladin,holy,73,32,41
20948,Realpalla,ravenholdt,1452,paladin,holy,126,62,64
20949,Крусейдор,soulflayer,1452,paladin,holy,61,25,36
20950,Archaegis,silvermoon,1452,paladin,holy,48,19,29
20951,Luxxorr,outland,1451,paladin,holy,21,17,4
20952,Emistesia,stormscale,1448,paladin,holy,47,22,25
20953,Scrimple,stormscale,1447,paladin,holy,73,35,38
20954,Norandel,turalyon,1447,paladin,holy,42,16,26
20955,Mercedes,arthas,1443,paladin,holy,35,20,15
20956,Aachenbrand,blackhand,1442,paladin,holy,90,36,54
20957,Présidential,grim-batol,1441,paladin,holy,59,28,31
20958,Паладинас,lich-king,1440,paladin,holy,64,21,43
20959,Глиндес,gordunni,1439,paladin,holy,168,80,88
20960,Slezz,tarren-mill,1438,paladin,holy,258,135,123
20961,Уретроград,soulflayer,1436,paladin,holy,72,36,36
20962,Enemylosers,stormscale,1436,paladin,holy,83,41,42
20963,Hpal,aegwynn,1435,paladin,holy,123,55,68
20964,Flouzz,blackmoore,1434,paladin,holy,30,15,15
20965,Selphii,twisting-nether,1431,paladin,holy,28,16,12
20966,Tiffanyqt,frostwolf,1428,paladin,holy,24,16,8
20967,Injection,khaz-modan,1428,paladin,holy,87,40,47
20968,Sacbøt,stormscale,1427,paladin,holy,259,132,127
20969,Ekzykes,ravencrest,1427,paladin,holy,48,21,27
20970,Séphiran,hyjal,1426,paladin,holy,53,28,25
20971,Taiso,alonsus,1422,paladin,holy,132,64,68
20972,Holydawnx,kazzak,1422,paladin,holy,50,23,27
20973,Phalex,outland,1416,paladin,holy,36,23,13
20974,Swâpxy,proudmoore,1414,paladin,holy,24,15,9
20975,Preyy,eredar,1414,paladin,holy,54,30,24
20976,Astarox,kazzak,1414,paladin,holy,113,40,73
20977,Zilu,kazzak,1413,paladin,holy,47,24,23
20978,Maitrelampe,argent-dawn,1413,paladin,holy,84,42,42
20979,Wepalapvpbop,ravencrest,1413,paladin,holy,30,15,15
20980,Böllerbarbie,silvermoon,1411,paladin,holy,36,21,15
20981,Blazeberg,tirion,1411,paladin,holy,36,20,16
20982,Сашафистинг,gordunni,1411,paladin,holy,159,77,82
20983,Vadomar,emerald-dream,1409,paladin,holy,78,33,45
20984,Ðenlox,destromath,1408,paladin,holy,104,53,51
20985,Коварное,borean-tundra,1407,paladin,holy,46,21,25
20986,Снупарь,blackscar,1406,paladin,holy,102,50,52
20987,Diamir,rajaxx,1404,paladin,holy,75,55,20
20988,Салфеточник,thermaplugg,1403,paladin,holy,60,23,37
20989,Аяпал,blackscar,1401,paladin,holy,72,39,33
20990,Deathsfate,defias-brotherhood,1397,paladin,holy,39,18,21
20991,Дифицит,blackscar,1396,paladin,holy,75,44,31
20992,Грор,galakrond,1395,paladin,holy,79,35,44
20993,Витёнокь,howling-fjord,1394,paladin,holy,44,29,15
20994,Hazø,silvermoon,1394,paladin,holy,48,26,22
20995,Honeygodx,antonidas,1393,paladin,holy,33,20,13
20996,Badckes,sylvanas,1393,paladin,holy,104,49,55
20997,Lastaid,azshara,1392,paladin,holy,144,70,74
20998,Леонящер,gordunni,1390,paladin,holy,223,118,105
20999,Stinkepieet,blackmoore,1390,paladin,holy,48,20,28
21000,Реколори,gordunni,1389,paladin,holy,167,91,76
21001,Эверейс,howling-fjord,1389,paladin,holy,47,22,25
21002,Kantfyrste,ravencrest,1388,paladin,holy,139,59,80
21003,Goodbit,dentarg,1387,paladin,holy,47,31,16
21004,Бэнкли,soulflayer,1387,paladin,holy,78,45,33
21005,Expot,blackmoore,1387,paladin,holy,54,31,23
21006,Locofatguy,drakthul,1385,paladin,holy,149,70,79
21007,Noliferx,ravencrest,1383,paladin,holy,82,49,33
21008,Rullstolen,the-maelstrom,1382,paladin,holy,48,28,20
21009,Artherius,silvermoon,1381,paladin,holy,60,34,26
21010,Cykadin,dun-modr,1380,paladin,holy,72,30,42
21011,Danepala,defias-brotherhood,1378,paladin,holy,59,29,30
21012,Rëtnuhka,drakthul,1378,paladin,holy,50,24,26
21013,Beecq,tarren-mill,1377,paladin,holy,48,26,22
21014,Zycqo,silvermoon,1377,paladin,holy,174,84,90
21015,Wingcomandêr,aegwynn,1377,paladin,holy,36,15,21
21016,Gabriev,twisting-nether,1376,paladin,holy,49,25,24
21017,Døgstømper,outland,1370,paladin,holy,29,15,14
21018,Watras,drakthul,1370,paladin,holy,66,25,41
21019,Anythíng,kazzak,1368,paladin,holy,72,38,34
21020,Mestgone,dalaran,1367,paladin,holy,59,26,33
21021,Vivalabeef,stormscale,1367,paladin,holy,60,26,34
21022,Unpal,ravencrest,1366,paladin,holy,42,18,24
21023,Mecah,hyjal,1365,paladin,holy,42,21,21
21024,Pullheavy,silvermoon,1363,paladin,holy,89,38,51
21025,Xelqt,draenor,1361,paladin,holy,36,15,21
21026,Claudîax,kazzak,1361,paladin,holy,72,29,43
21027,Ramos,aggra-português,1360,paladin,holy,60,22,38
21028,Fenye,twisting-nether,1359,paladin,holy,63,28,35
21029,Ostardo,blackhand,1357,paladin,holy,24,15,9
21030,Flowerbud,tarren-mill,1357,paladin,holy,48,23,25
21031,Xenaké,kazzak,1356,paladin,holy,101,40,61
21032,Shakalol,dun-modr,1355,paladin,holy,60,23,37
21033,Heilgaharald,blackrock,1351,paladin,holy,110,51,59
21034,Mikemyers,blackhand,1350,paladin,holy,42,20,22
21035,Cerinae,tarren-mill,1350,paladin,holy,33,15,18
21036,Talimañ,kazzak,1349,paladin,holy,42,23,19
21037,Hairybabe,outland,1347,paladin,holy,24,15,9
21038,Demonskiller,alakir,1346,paladin,holy,89,47,42
21039,Кольт,borean-tundra,1346,paladin,holy,79,40,39
21040,Nerdpallyx,tarren-mill,1346,paladin,holy,69,28,41
21041,Европпа,soulflayer,1346,paladin,holy,93,30,63
21042,Pussdocta,ravencrest,1345,paladin,holy,89,48,41
21043,Arlette,moonglade,1345,paladin,holy,72,32,40
21044,Nudzolini,tarren-mill,1344,paladin,holy,36,22,14
21045,Derpe,hellscream,1344,paladin,holy,24,14,10
21046,Jerryhârvey,kazzak,1342,paladin,holy,24,14,10
21047,Insanez,stormscale,1342,paladin,holy,30,14,16
21048,Keele,stormscale,1341,paladin,holy,69,32,37
21049,Vonat,outland,1340,paladin,holy,42,16,26
21050,Shamoo,archimonde,1338,paladin,holy,24,14,10
21051,Itsgossiplol,twisting-nether,1338,paladin,holy,205,104,101
21052,Freaak,dethecus,1337,paladin,holy,60,24,36
21053,Alphaøne,stormscale,1336,paladin,holy,30,14,16
21054,Holypapa,argent-dawn,1336,paladin,holy,60,27,33
21055,Elians,outland,1336,paladin,holy,54,22,32
21056,Sangriul,outland,1336,paladin,holy,93,37,56
21057,Лимфома,goldrinn,1334,paladin,holy,65,25,40
21058,Alldo,drakthul,1333,paladin,holy,124,58,66
21059,Ztiina,tarren-mill,1332,paladin,holy,60,27,33
21060,Steggeh,argent-dawn,1331,paladin,holy,120,48,72
21061,Wyllian,grim-batol,1328,paladin,holy,77,42,35
21062,Lightbrîng,hyjal,1327,paladin,holy,53,26,27
21063,Бэдмэн,deathguard,1327,paladin,holy,53,16,37
21064,Nde,silvermoon,1320,paladin,holy,47,20,27
21065,Holynstuff,auchindoun,1319,paladin,holy,37,26,11
21066,Даниэль,howling-fjord,1319,paladin,holy,66,36,30
21067,Alard,sanguino,1319,paladin,holy,96,42,54
21068,Aytu,blackmoore,1317,paladin,holy,33,16,17
21069,Zondãn,blackrock,1316,paladin,holy,30,14,16
21070,Lazyknight,silvermoon,1316,paladin,holy,60,25,35
21071,Цитология,borean-tundra,1316,paladin,holy,36,15,21
21072,Crusherpala,laughing-skull,1316,paladin,holy,83,33,50
21073,Neyd,hyjal,1314,paladin,holy,60,21,39
21074,Necrozi,stormscale,1311,paladin,holy,60,35,25
21075,Agadin,ysondre,1310,paladin,holy,35,19,16
21076,Bigfailure,blackmoore,1309,paladin,holy,65,21,44
21077,Bagull,zuljin,1308,paladin,holy,94,45,49
21078,Mythsion,blackmoore,1307,paladin,holy,36,16,20
21079,Daizen,blackrock,1306,paladin,holy,67,45,22
21080,Skengdaddy,ragnaros,1306,paladin,holy,84,39,45
21081,Рэймета,soulflayer,1306,paladin,holy,42,16,26
21082,Подлыйдим,fordragon,1303,paladin,holy,84,34,50
21083,Evo,drakthul,1301,paladin,holy,55,25,30
21084,Wrathlol,ravencrest,1300,paladin,holy,183,90,93
21085,Bladê,kazzak,1299,paladin,holy,66,26,40
21086,Dlfî,hyjal,1298,paladin,holy,30,18,12
21087,Bovinequeef,twisting-nether,1298,paladin,holy,42,21,21
21088,Æmiø,blackmoore,1298,paladin,holy,59,27,32
21089,Aebî,dalaran,1295,paladin,holy,24,14,10
21090,Vuup,silvermoon,1295,paladin,holy,44,25,19
21091,Hîfi,blackmoore,1295,paladin,holy,147,80,67
21092,Matagladis,dun-modr,1294,paladin,holy,84,42,42
21093,Îiî,archimonde,1294,paladin,holy,30,14,16
21094,Kerven,doomhammer,1293,paladin,holy,54,22,32
21095,Polydeukis,stormscale,1288,paladin,holy,78,29,49
21096,Rekolon,antonidas,1287,paladin,holy,159,83,76
21097,Alphä,auchindoun,1287,paladin,holy,30,14,16
21098,Keltinne,ysondre,1286,paladin,holy,24,15,9
21099,Gegge,kazzak,1285,paladin,holy,50,19,31
21100,Gucix,sylvanas,1283,paladin,holy,84,35,49
21101,Алекхей,gordunni,1282,paladin,holy,66,28,38
21102,Arand,blackrock,1281,paladin,holy,51,31,20
21103,Pokébowl,outland,1280,paladin,holy,42,23,19
21104,Paellysuir,blackmoore,1280,paladin,holy,38,19,19
21105,Ggiwastheret,kazzak,1277,paladin,holy,23,14,9
21106,Tyktyk,draenor,1275,paladin,holy,36,21,15
21107,Maxôr,norgannon,1274,paladin,holy,36,19,17
21108,Taligon,arathor,1272,paladin,holy,42,21,21
21109,Albertina,silvermoon,1271,paladin,holy,38,19,19
21110,Paiadinho,malganis,1271,paladin,holy,53,15,38
21111,Ugolf,kazzak,1270,paladin,holy,66,34,32
21112,Tommoffwarrs,archimonde,1270,paladin,holy,67,33,34
21113,Öbedö,malganis,1270,paladin,holy,57,26,31
21114,Toradin,thunderhorn,1268,paladin,holy,49,22,27
21115,Делатор,gordunni,1267,paladin,holy,48,22,26
21116,Trisunonvaki,khazgoroth,1266,paladin,holy,144,78,66
21117,Amolan,drakthul,1264,paladin,holy,45,27,18
21118,Regis,dragonblight,1264,paladin,holy,61,34,27
21119,Кузнейц,borean-tundra,1264,paladin,holy,52,18,34
21120,Tíep,blackmoore,1262,paladin,holy,71,36,35
21121,Pajtash,doomhammer,1261,paladin,holy,59,29,30
21122,Bloodsoldier,twisting-nether,1258,paladin,holy,88,45,43
21123,Нинтендо,grom,1257,paladin,holy,90,37,53
21124,Rookzter,sylvanas,1256,paladin,holy,48,26,22
21125,Strudell,terrordar,1254,paladin,holy,60,31,29
21126,Kaitlyne,tarren-mill,1254,paladin,holy,97,49,48
21127,Анбели,gordunni,1252,paladin,holy,60,24,36
21128,Ginbeam,aegwynn,1251,paladin,holy,100,48,52
21129,Hogma,hyjal,1250,paladin,holy,36,14,22
21130,Luraa,drakthul,1249,paladin,holy,42,21,21
21131,Alastrr,hyjal,1248,paladin,holy,73,44,29
21132,Odrareg,kazzak,1248,paladin,holy,24,13,11
21133,Opopoï,dalaran,1247,paladin,holy,24,15,9
21134,Aelly,hyjal,1246,paladin,holy,93,48,45
21135,Valkhana,draenor,1244,paladin,holy,58,29,29
21136,Kaputs,twisting-nether,1242,paladin,holy,24,13,11
21137,Pegason,twisting-nether,1240,paladin,holy,37,21,16
21138,Зондарк,booty-bay,1239,paladin,holy,65,23,42
21139,Neithi,twisting-nether,1238,paladin,holy,42,20,22
21140,Pupsihasi,kelthuzad,1237,paladin,holy,29,16,13
21141,Skailzpal,hyjal,1236,paladin,holy,36,21,15
21142,Pablok,minahonda,1236,paladin,holy,42,13,29
21143,Serim,dun-modr,1235,paladin,holy,102,51,51
21144,Alesiah,blackhand,1235,paladin,holy,61,26,35
21145,Elsewhere,archimonde,1235,paladin,holy,36,13,23
21146,Reeley,drakthul,1234,paladin,holy,48,23,25
21147,Jaezlin,tarren-mill,1232,paladin,holy,130,70,60
21148,Reudi,argent-dawn,1230,paladin,holy,54,28,26
21149,Farata,ravencrest,1230,paladin,holy,160,78,82
21150,Вертуосгодх,soulflayer,1230,paladin,holy,31,15,16
21151,Naenel,dun-modr,1228,paladin,holy,34,15,19
21152,Ashbrìnger,aegwynn,1227,paladin,holy,24,13,11
21153,Kherathan,argent-dawn,1225,paladin,holy,42,21,21
21154,Emilíá,kazzak,1223,paladin,holy,24,13,11
21155,Skolisse,kazzak,1223,paladin,holy,113,60,53
21156,Брилз,soulflayer,1223,paladin,holy,36,13,23
21157,Schrikii,archimonde,1221,paladin,holy,60,24,36
21158,Ðeswynd,hyjal,1220,paladin,holy,83,35,48
21159,Ritiv,stormreaver,1219,paladin,holy,72,30,42
21160,Lightmachine,kirin-tor,1218,paladin,holy,54,36,18
21161,Lianndrin,blackhand,1218,paladin,holy,58,25,33
21162,Fleny,thrall,1215,paladin,holy,24,13,11
21163,Paladins,archimonde,1214,paladin,holy,38,20,18
21164,Weserwehr,laughing-skull,1214,paladin,holy,54,27,27
21165,Lightmamba,draenor,1214,paladin,holy,48,16,32
21166,Baubble,silvermoon,1213,paladin,holy,42,25,17
21167,Cmelacek,wildhammer,1212,paladin,holy,30,18,12
21168,Ninko,sylvanas,1212,paladin,holy,48,25,23
21169,Babybeater,outland,1212,paladin,holy,77,36,41
21170,Lucá,silvermoon,1211,paladin,holy,23,13,10
21171,Ромерл,gordunni,1210,paladin,holy,223,103,120
21172,Святстраж,gordunni,1210,paladin,holy,32,14,18
21173,Johnnydeeps,blackrock,1210,paladin,holy,35,13,22
21174,Johnnÿsins,hyjal,1209,paladin,holy,63,28,35
21175,Stuzzyy,ravencrest,1209,paladin,holy,36,16,20
21176,Фэрплэйн,gordunni,1207,paladin,holy,42,20,22
21177,Kapikøoqt,suramar,1206,paladin,holy,128,66,62
21178,Rébél,argent-dawn,1206,paladin,holy,42,17,25
21179,Satipal,sargeras,1205,paladin,holy,116,45,71
21180,Warkyria,sanguino,1204,paladin,holy,31,15,16
21181,Uzuriel,chogall,1204,paladin,holy,347,156,191
21182,Aranael,nemesis,1202,paladin,holy,31,13,18
21183,Xastur,rexxar,1201,paladin,holy,33,17,16
21184,Demecir,twisting-nether,1198,paladin,holy,186,87,99
21185,Hÿrrøkk,ysondre,1197,paladin,holy,54,36,18
21186,Trístesse,tarren-mill,1193,paladin,holy,167,86,81
21187,Haros,xavius,1189,paladin,holy,25,14,11
21188,Holymax,gorgonnash,1188,paladin,holy,45,25,20
21189,Malodos,archimonde,1188,paladin,holy,56,30,26
21190,Линвэль,gordunni,1188,paladin,holy,27,13,14
21191,Сашокс,gordunni,1188,paladin,holy,54,23,31
21192,Boric,bloodhoof,1184,paladin,holy,29,16,13
21193,Keryann,argent-dawn,1183,paladin,holy,108,53,55
21194,Truthbearer,darksorrow,1181,paladin,holy,110,52,58
21195,Skwáru,burning-legion,1179,paladin,holy,77,30,47
21196,Kayndornek,ravencrest,1178,paladin,holy,78,35,43
21197,Rivanii,kazzak,1175,paladin,holy,114,54,60
21198,Shiidori,aegwynn,1175,paladin,holy,57,23,34
21199,Kiyam,kelthuzad,1174,paladin,holy,18,13,5
21200,Ассантийка,deathguard,1172,paladin,holy,33,13,20
21201,Rhulana,blackrock,1171,paladin,holy,67,41,26
21202,Dawnforged,stormscale,1170,paladin,holy,78,34,44
21203,Manole,ravencrest,1168,paladin,holy,35,17,18
21204,Seinz,talnivarr,1164,paladin,holy,60,26,34
21205,Puiçanpal,archimonde,1163,paladin,holy,30,15,15
21206,Elohim,echsenkessel,1163,paladin,holy,154,71,83
21207,Кейлол,soulflayer,1159,paladin,holy,65,27,38
21208,Mjabubble,stormscale,1158,paladin,holy,78,44,34
21209,Hotub,twisting-nether,1158,paladin,holy,87,41,46
21210,Taraniah,argent-dawn,1154,paladin,holy,71,36,35
21211,Tucibi,hyjal,1152,paladin,holy,36,19,17
21212,Kaki,gorgonnash,1151,paladin,holy,18,12,6
21213,Faildin,arathor,1151,paladin,holy,90,40,50
21214,Wedervärdig,twilights-hammer,1151,paladin,holy,54,23,31
21215,Алексендлерх,soulflayer,1149,paladin,holy,18,12,6
21216,Irefutabila,stormscale,1146,paladin,holy,30,12,18
21217,Dogmatic,blackmoore,1145,paladin,holy,24,12,12
21218,Quezkal,dun-modr,1144,paladin,holy,39,18,21
21219,Echooes,ravencrest,1144,paladin,holy,207,88,119
21220,Leon,veknilash,1144,paladin,holy,93,39,54
21221,Crispydixx,draenor,1143,paladin,holy,71,34,37
21222,Trolladincho,twisting-nether,1141,paladin,holy,54,25,29
21223,Gromezrael,elune,1141,paladin,holy,42,19,23
21224,Thickets,argent-dawn,1140,paladin,holy,38,18,20
21225,Strykar,aggra-português,1139,paladin,holy,48,23,25
21226,Konane,drekthar,1139,paladin,holy,31,12,19
21227,Naylaeh,draenor,1138,paladin,holy,24,12,12
21228,Arkkipiispa,outland,1137,paladin,holy,64,32,32
21229,Minouminou,archimonde,1136,paladin,holy,24,13,11
21230,Lezoom,draenor,1136,paladin,holy,79,40,39
21231,Milesteris,medivh,1134,paladin,holy,24,14,10
21232,Cadila,silvermoon,1134,paladin,holy,54,25,29
21233,Kambood,twisting-nether,1134,paladin,holy,141,60,81
21234,Mirabol,hyjal,1133,paladin,holy,42,16,26
21235,Jasiv,draenor,1132,paladin,holy,36,14,22
21236,Palix,dalaran,1132,paladin,holy,36,12,24
21237,Ниссида,blackscar,1131,paladin,holy,65,32,33
21238,Dunka,twisting-nether,1130,paladin,holy,130,67,63
21239,Spankmeproof,kazzak,1128,paladin,holy,30,12,18
21240,Zebramann,silvermoon,1121,paladin,holy,48,20,28
21241,Striike,drakthul,1117,paladin,holy,29,12,17
21242,Guidone,sylvanas,1116,paladin,holy,30,13,17
21243,Kanina,outland,1114,paladin,holy,58,23,35
21244,Tscheba,kazzak,1109,paladin,holy,82,42,40
21245,Holyppower,frostmane,1109,paladin,holy,29,12,17
21246,Unithral,durotan,1107,paladin,holy,24,12,12
21247,Slistrash,outland,1105,paladin,holy,60,29,31
21248,Zerfleddern,aegwynn,1104,paladin,holy,107,51,56
21249,Джонигодх,gordunni,1100,paladin,holy,21,12,9
21250,Minui,onyxia,1100,paladin,holy,30,12,18
21251,Bàldur,dalaran,1099,paladin,holy,36,20,16
21252,Catali,sanguino,1099,paladin,holy,112,54,58
21253,Çrúsader,frostmane,1096,paladin,holy,30,18,12
21254,Darkironpala,argent-dawn,1095,paladin,holy,59,28,31
21255,Кукусяшка,gordunni,1094,paladin,holy,32,12,20
21256,Yokurolel,sanguino,1092,paladin,holy,48,29,19
21257,Debts,aggramar,1092,paladin,holy,40,13,27
21258,Stonebeard,ahnqiraj,1088,paladin,holy,81,48,33
21259,Ampoula,ravencrest,1088,paladin,holy,28,12,16
21260,Mccrit,ravencrest,1087,paladin,holy,18,12,6
21261,Nosn,ravencrest,1087,paladin,holy,66,34,32
21262,Johnaggro,outland,1087,paladin,holy,34,15,19
21263,Ärinváyá,defias-brotherhood,1086,paladin,holy,45,25,20
21264,Dabstar,antonidas,1086,paladin,holy,88,41,47
21265,Макспал,lich-king,1085,paladin,holy,22,14,8
21266,Rejst,drakthul,1085,paladin,holy,35,12,23
21267,Ларенси,gordunni,1084,paladin,holy,41,18,23
21268,Ragua,tarren-mill,1082,paladin,holy,66,23,43
21269,Paladzor,twisting-nether,1082,paladin,holy,38,13,25
21270,Darvius,auchindoun,1080,paladin,holy,93,44,49
21271,Ashmaden,tarren-mill,1077,paladin,holy,87,49,38
21272,Sweestance,minahonda,1077,paladin,holy,155,63,92
21273,Paidi,die-todeskrallen,1076,paladin,holy,62,27,35
21274,Mscrabtree,aggramar,1076,paladin,holy,30,13,17
21275,Ðuïvel,grim-batol,1076,paladin,holy,28,12,16
21276,Verianer,shadowsong,1072,paladin,holy,30,17,13
21277,Kaleto,ragnaros,1068,paladin,holy,42,24,18
21278,Paliat,silvermoon,1066,paladin,holy,31,12,19
21279,Мэйр,howling-fjord,1059,paladin,holy,30,12,18
21280,Vintar,quelthalas,1058,paladin,holy,57,31,26
21281,Feldrøider,nemesis,1057,paladin,holy,60,32,28
21282,Casmira,blackrock,1055,paladin,holy,18,11,7
21283,Palanolmal,dun-modr,1055,paladin,holy,45,22,23
21284,Ithealy,twisting-nether,1054,paladin,holy,42,18,24
21285,Stidi,frostmane,1053,paladin,holy,30,11,19
21286,Superalt,archimonde,1052,paladin,holy,18,11,7
21287,Kaktuszfüge,ragnaros,1052,paladin,holy,58,35,23
21288,Penth,doomhammer,1052,paladin,holy,24,11,13
21289,Dewastor,veklor,1052,paladin,holy,24,11,13
21290,Thaliasword,sylvanas,1052,paladin,holy,30,11,19
21291,Дезоиль,gordunni,1052,paladin,holy,30,11,19
21292,Mamporro,dun-modr,1051,paladin,holy,18,11,7
21293,Billkop,silvermoon,1051,paladin,holy,49,24,25
21294,Whatisapalla,ragnaros,1051,paladin,holy,30,11,19
21295,Pâmê,kazzak,1049,paladin,holy,30,12,18
21296,Mvppaladin,thrall,1048,paladin,holy,12,11,1
21297,Ballantine,thunderhorn,1047,paladin,holy,18,11,7
21298,Rdypaladin,ravencrest,1047,paladin,holy,24,11,13
21299,Høpé,malganis,1046,paladin,holy,86,42,44
21300,Cmen,silvermoon,1043,paladin,holy,109,54,55
21301,Grimbold,hellfire,1042,paladin,holy,18,11,7
21302,Kuhs,eredar,1038,paladin,holy,59,23,36
21303,Flashyplays,silvermoon,1037,paladin,holy,30,21,9
21304,Sheldon,sylvanas,1034,paladin,holy,35,14,21
21305,Фломастер,gordunni,1031,paladin,holy,66,28,38
21306,Crusadelight,alakir,1026,paladin,holy,134,65,69
21307,Yaj,magtheridon,1026,paladin,holy,24,11,13
21308,Mjølnîr,eredar,1025,paladin,holy,36,12,24
21309,Purificatoru,draenor,1024,paladin,holy,54,26,28
21310,Drohim,aegwynn,1022,paladin,holy,22,11,11
21311,Jessìca,ravenholdt,1020,paladin,holy,54,26,28
21312,Nicewar,silvermoon,1018,paladin,holy,50,23,27
21313,Darhuun,antonidas,1012,paladin,holy,60,23,37
21314,Mowik,archimonde,1011,paladin,holy,54,22,32
21315,Palir,ysondre,1010,paladin,holy,24,11,13
21316,Golldy,burning-legion,1008,paladin,holy,21,12,9
21317,Paliester,stormscale,1007,paladin,holy,18,12,6
21318,Ланиакеа,deathguard,1007,paladin,holy,24,12,12
21319,Zetla,khaz-modan,1001,paladin,holy,40,18,22
21320,Флаила,ashenvale,999,paladin,holy,36,18,18
21321,Hëüss,suramar,998,paladin,holy,23,11,12
21322,Пегая,soulflayer,994,paladin,holy,24,13,11
21323,Satip,archimonde,993,paladin,holy,36,22,14
21324,Паландис,howling-fjord,990,paladin,holy,24,11,13
21325,Poundcake,stormscale,990,paladin,holy,68,30,38
21326,Buddy,conseil-des-ombres,988,paladin,holy,50,24,26
21327,Marik,argent-dawn,987,paladin,holy,17,11,6
21328,Ryuzu,khazgoroth,985,paladin,holy,41,20,21
21329,Áfx,blackmoore,985,paladin,holy,44,17,27
21330,Mozzie,archimonde,983,paladin,holy,125,51,74
21331,Первыйпал,blackscar,982,paladin,holy,91,48,43
21332,Legenda,grim-batol,979,paladin,holy,30,14,16
21333,Cerseï,frostmane,979,paladin,holy,41,13,28
21334,Fleshoflight,arathor,972,paladin,holy,74,26,48
21335,Psycholas,ysondre,969,paladin,holy,23,11,12
21336,Øsirix,archimonde,966,paladin,holy,66,26,40
21337,Rapidforce,kazzak,965,paladin,holy,102,51,51
21338,Ударник,soulflayer,964,paladin,holy,54,30,24
21339,Rafox,malygos,964,paladin,holy,42,17,25
21340,Byoß,ravencrest,960,paladin,holy,18,10,8
21341,Ozzuum,twisting-nether,959,paladin,holy,18,10,8
21342,Lofotof,silvermoon,958,paladin,holy,12,10,2
21343,Herayo,aegwynn,958,paladin,holy,24,10,14
21344,Whórainzóne,eredar,958,paladin,holy,36,10,26
21345,Kapsloch,twisting-nether,958,paladin,holy,36,10,26
21346,Padraic,scarshield-legion,957,paladin,holy,18,10,8
21347,Gzerloth,ragnaros,957,paladin,holy,30,10,20
21348,Demytxx,silvermoon,957,paladin,holy,30,10,20
21349,Rubadubskrub,silvermoon,957,paladin,holy,54,17,37
21350,Crashband,bronzebeard,956,paladin,holy,18,10,8
21351,Shockhoe,tarren-mill,955,paladin,holy,24,10,14
21352,Holyfrick,kazzak,953,paladin,holy,24,10,14
21353,Eline,zenedar,953,paladin,holy,30,10,20
21354,Roshï,tarren-mill,953,paladin,holy,30,10,20
21355,Iauna,tarren-mill,952,paladin,holy,30,10,20
21356,Scholzpala,twisting-nether,950,paladin,holy,18,10,8
21357,Tömmÿ,draenor,950,paladin,holy,52,24,28
21358,Bcrp,ragnaros,950,paladin,holy,30,10,20
21359,Випанк,howling-fjord,949,paladin,holy,155,60,95
21360,Churrucuca,minahonda,948,paladin,holy,33,13,20
21361,Tepowze,twisting-nether,947,paladin,holy,18,10,8
21362,Tmàc,twisting-nether,946,paladin,holy,36,10,26
21363,Datz,nerathor,943,paladin,holy,24,10,14
21364,Groove,colinas-pardas,941,paladin,holy,34,11,23
21365,Selenaluna,turalyon,941,paladin,holy,42,13,29
21366,Messîah,outland,939,paladin,holy,43,19,24
21367,Tärkan,chogall,935,paladin,holy,24,10,14
21368,Синрайчик,gordunni,934,paladin,holy,36,16,20
21369,Paladons,darksorrow,933,paladin,holy,41,22,19
21370,Clerik,eredar,932,paladin,holy,65,30,35
21371,Menagron,tarren-mill,932,paladin,holy,31,14,17
21372,Yasmira,frostmourne,930,paladin,holy,30,16,14
21373,Ázot,burning-legion,929,paladin,holy,48,19,29
21374,Ridethelight,nemesis,922,paladin,holy,30,15,15
21375,Kpunkpam,dun-modr,922,paladin,holy,34,16,18
21376,Santtox,dun-modr,919,paladin,holy,34,11,23
21377,Imaturtle,darksorrow,915,paladin,holy,41,10,31
21378,Divinelightz,kazzak,914,paladin,holy,25,14,11
21379,Reeceboss,ravencrest,906,paladin,holy,29,12,17
21380,Cøllinz,ragnaros,904,paladin,holy,21,10,11
21381,Heyley,twisting-nether,903,paladin,holy,21,11,10
21382,Veléxis,outland,900,paladin,holy,19,11,8
21383,Nykothpn,ghostlands,899,paladin,holy,54,18,36
21384,Яполковник,gordunni,887,paladin,holy,53,30,23
21385,Theisixtus,drakthul,883,paladin,holy,23,12,11
21386,Àkí,blackmoore,883,paladin,holy,35,14,21
21387,Silvers,steamwheedle-cartel,880,paladin,holy,76,22,54
21388,Karnwield,kirin-tor,875,paladin,holy,38,16,22
21389,Profundus,zuluhed,864,paladin,holy,12,9,3
21390,Ðelusion,sanguino,864,paladin,holy,12,9,3
21391,Рустиктоп,gordunni,864,paladin,holy,18,9,9
21392,Лайхтни,gordunni,864,paladin,holy,18,9,9
21393,Marcope,kazzak,864,paladin,holy,24,9,15
21394,Cunix,draenor,863,paladin,holy,12,9,3
21395,Sorfalinka,silvermoon,863,paladin,holy,12,9,3
21396,Askmy,stormscale,863,paladin,holy,18,9,9
21397,Язвавгорле,soulflayer,863,paladin,holy,24,9,15
21398,Дэнриэль,howling-fjord,863,paladin,holy,24,9,15
21399,Évo,drakthul,863,paladin,holy,24,9,15
21400,Висперок,soulflayer,862,paladin,holy,12,9,3
21401,Mohamedx,tarren-mill,861,paladin,holy,24,9,15
21402,Toohotty,archimonde,861,paladin,holy,24,9,15
21403,Niou,alleria,861,paladin,holy,24,9,15
21404,Ванябублгам,soulflayer,861,paladin,holy,24,9,15
21405,Инблумхх,blackscar,860,paladin,holy,18,9,9
21406,Calipse,outland,860,paladin,holy,24,9,15
21407,Smirk,aggra-português,857,paladin,holy,12,9,3
21408,Truko,frostwolf,857,paladin,holy,24,9,15
21409,Elganor,hyjal,856,paladin,holy,18,9,9
21410,Lurdz,sylvanas,855,paladin,holy,20,11,9
21411,Ауё,blackscar,855,paladin,holy,18,9,9
21412,Kocovic,tarren-mill,855,paladin,holy,24,9,15
21413,Burkaal,antonidas,852,paladin,holy,24,9,15
21414,Qyrija,malganis,845,paladin,holy,18,9,9
21415,Vanghelie,doomhammer,843,paladin,holy,24,11,13
21416,Fract,aggramar,838,paladin,holy,18,9,9
21417,Bjammin,burning-legion,832,paladin,holy,36,11,25
21418,Veelris,kazzak,825,paladin,holy,72,33,39
21419,Миллагрессия,soulflayer,824,paladin,holy,143,59,84
21420,Odensson,sylvanas,823,paladin,holy,30,9,21
21421,Mustangs,archimonde,821,paladin,holy,45,15,30
21422,Arabicbomb,archimonde,819,paladin,holy,23,9,14
21423,Chantal,gilneas,818,paladin,holy,36,15,21
21424,Salubrifie,archimonde,817,paladin,holy,18,9,9
21425,Palolog,burning-legion,817,paladin,holy,43,9,34
21426,Thaifo,silvermoon,814,paladin,holy,15,10,5
21427,Zeret,twisting-nether,814,paladin,holy,29,12,17
21428,Syrenia,die-silberne-hand,814,paladin,holy,40,9,31
21429,Lapew,eredar,813,paladin,holy,15,10,5
21430,Eastranspal,ravencrest,810,paladin,holy,30,10,20
21431,Pepegasensei,ravencrest,805,paladin,holy,19,10,9
21432,Perpon,exodar,800,paladin,holy,36,14,22
21433,Bbcanalyzed,blackmoore,798,paladin,holy,32,10,22
21434,Lèonarth,pozzo-delleternità,794,paladin,holy,22,10,12
21435,Pölark,archimonde,790,paladin,holy,41,14,27
21436,Pappipala,tarren-mill,782,paladin,holy,19,9,10
21437,Zendæ,archimonde,768,paladin,holy,12,8,4
21438,Meldi,dalaran,768,paladin,holy,12,8,4
21439,Gayestpala,ravencrest,768,paladin,holy,18,8,10
21440,Crucifiction,balnazzar,768,paladin,holy,24,8,16
21441,Darkoulipal,ravencrest,767,paladin,holy,12,8,4
21442,Louiepalmoo,outland,767,paladin,holy,12,8,4
21443,Pb,twilights-hammer,767,paladin,holy,12,8,4
21444,Demytx,burning-legion,767,paladin,holy,16,9,7
21445,Скайлайтх,soulflayer,767,paladin,holy,18,8,10
21446,Qpax,twisting-nether,767,paladin,holy,18,8,10
21447,Shiøn,zuljin,767,paladin,holy,18,8,10
21448,Micrøsi,thrall,767,paladin,holy,18,8,10
21449,Dunutunicorn,argent-dawn,766,paladin,holy,12,8,4
21450,Bezvakost,thunderhorn,766,paladin,holy,18,8,10
21451,Tytharion,silvermoon,766,paladin,holy,18,8,10
21452,Bighammerx,ravencrest,765,paladin,holy,18,8,10
21453,Coopz,defias-brotherhood,765,paladin,holy,18,8,10
21454,Анофарин,gordunni,765,paladin,holy,18,8,10
21455,Спэнсэр,gordunni,764,paladin,holy,12,8,4
21456,Даняхгод,gordunni,763,paladin,holy,18,8,10
21457,Syfaria,eldrethalas,761,paladin,holy,18,8,10
21458,Ikbenmani,tarren-mill,760,paladin,holy,18,8,10
21459,Galadørn,elune,760,paladin,holy,24,8,16
21460,Wrede,the-maelstrom,760,paladin,holy,24,8,16
21461,Эвердрим,soulflayer,756,paladin,holy,30,12,18
21462,Kubrat,eredar,741,paladin,holy,60,19,41
21463,Оберинмартел,blackscar,731,paladin,holy,18,8,10
21464,Amnésía,twisting-nether,728,paladin,holy,23,8,15
21465,Anemonaa,argent-dawn,722,paladin,holy,18,8,10
21466,Palafrugell,sanguino,713,paladin,holy,18,8,10
21467,Pallnatoke,silvermoon,711,paladin,holy,29,9,20
21468,Kárlsberg,aegwynn,683,paladin,holy,32,13,19
21469,Электрокинг,lich-king,672,paladin,holy,12,7,5
21470,Gtgpiscine,kirin-tor,672,paladin,holy,12,7,5
21471,Gigajudge,blackrock,672,paladin,holy,12,7,5
21472,Rookx,stormscale,672,paladin,holy,12,7,5
21473,Криптонитх,blackscar,672,paladin,holy,12,7,5
21474,Вивай,howling-fjord,672,paladin,holy,18,7,11
21475,Нетораре,howling-fjord,672,paladin,holy,18,7,11
21476,Faíren,blackrock,672,paladin,holy,18,7,11
21477,Djalex,kazzak,672,paladin,holy,18,7,11
21478,Istani,twisting-nether,672,paladin,holy,18,7,11
21479,Shaevira,ravencrest,672,paladin,holy,18,7,11
21480,Cahirs,ravencrest,672,paladin,holy,24,7,17
21481,Daddysiliam,ravencrest,671,paladin,holy,12,7,5
21482,Swungling,outland,671,paladin,holy,12,7,5
21483,Ironmikë,outland,671,paladin,holy,12,7,5
21484,Ämkaz,archimonde,671,paladin,holy,18,7,11
21485,Dimetrix,stormscale,671,paladin,holy,18,7,11
21486,Хоулик,howling-fjord,671,paladin,holy,18,7,11
21487,Skatiaringos,silvermoon,671,paladin,holy,18,7,11
21488,Bulten,twilights-hammer,671,paladin,holy,34,8,26
21489,Hølymaid,blackmoore,670,paladin,holy,12,7,5
21490,Skarn,pozzo-delleternità,670,paladin,holy,18,7,11
21491,Pârabellum,the-maelstrom,670,paladin,holy,18,7,11
21492,Lènnja,baelgun,670,paladin,holy,18,7,11
21493,Videogame,twilights-hammer,669,paladin,holy,12,7,5
21494,Avengers,sylvanas,669,paladin,holy,12,7,5
21495,Luckies,drakthul,668,paladin,holy,12,7,5
21496,Luminix,ragnaros,667,paladin,holy,12,7,5
21497,Edwín,tichondrius,667,paladin,holy,12,7,5
21498,Holyhooves,thrall,667,paladin,holy,12,7,5
21499,Tarhal,guldan,666,paladin,holy,12,7,5
21500,Рамго,grom,665,paladin,holy,12,7,5
21501,Leadfoot,argent-dawn,665,paladin,holy,24,7,17
21502,Juicemachine,silvermoon,663,paladin,holy,12,7,5
21503,Майдмен,gordunni,663,paladin,holy,24,7,17
21504,Langibo,malfurion,658,paladin,holy,12,7,5
21505,Finpála,kul-tiras,648,paladin,holy,13,9,4
21506,Oscardrei,norgannon,644,paladin,holy,24,7,17
21507,Rezilience,archimonde,639,paladin,holy,10,7,3
21508,Moeixu,kazzak,624,paladin,holy,15,7,8
21509,Торсгард,howling-fjord,622,paladin,holy,15,8,7
21510,Meive,sanguino,622,paladin,holy,17,7,10
21511,Yezel,dalaran,621,paladin,holy,17,7,10
21512,Fluentx,ravencrest,618,paladin,holy,22,8,14
21513,Пауэрлайт,blackscar,610,paladin,holy,34,9,25
21514,Ubiquitous,kazzak,606,paladin,holy,17,7,10
21515,Catsnek,darksorrow,590,paladin,holy,19,7,12
21516,Хохахо,howling-fjord,576,paladin,holy,12,6,6
21517,Kiingen,ragnaros,576,paladin,holy,12,6,6
21518,Roqu,nathrezim,576,paladin,holy,12,6,6
21519,Ben,ghostlands,576,paladin,holy,12,6,6
21520,Holyfuchsia,ravencrest,576,paladin,holy,12,6,6
21521,Держинский,gordunni,576,paladin,holy,12,6,6
21522,Verlinya,archimonde,576,paladin,holy,12,6,6
21523,Foxywild,aszune,576,paladin,holy,12,6,6
21524,Nádrüstál,kazzak,576,paladin,holy,12,6,6
21525,Cowvid,grim-batol,576,paladin,holy,12,6,6
21526,Bapêe,thrall,576,paladin,holy,12,6,6
21527,Bubblig,silvermoon,576,paladin,holy,12,6,6
21528,Жухолова,howling-fjord,576,paladin,holy,12,6,6
21529,Rezvaya,tarren-mill,576,paladin,holy,18,6,12
21530,Obviously,echsenkessel,576,paladin,holy,18,6,12
21531,Impro,archimonde,576,paladin,holy,18,6,12
21532,Westranspal,ravencrest,576,paladin,holy,18,6,12
21533,Nemesi,archimonde,576,paladin,holy,18,6,12
21534,Демига,ashenvale,576,paladin,holy,18,6,12
21535,Elfaza,uldum,576,paladin,holy,24,6,18
21536,Amôn,outland,576,paladin,holy,28,6,22
21537,Friendadin,chamber-of-aspects,575,paladin,holy,12,6,6
21538,Omgsoholy,stormscale,575,paladin,holy,12,6,6
21539,Zeratris,defias-brotherhood,575,paladin,holy,12,6,6
21540,Cóól,cthun,575,paladin,holy,12,6,6
21541,Dragonwingz,kazzak,575,paladin,holy,12,6,6
21542,Kraajp,stormscale,575,paladin,holy,12,6,6
21543,Pussas,burning-legion,575,paladin,holy,18,6,12
21544,Холиэвил,gordunni,575,paladin,holy,18,6,12
21545,Lichbörnè,outland,575,paladin,holy,18,6,12
21546,Zymotíx,stormscale,575,paladin,holy,24,6,18
21547,Jeyløl,antonidas,574,paladin,holy,12,6,6
21548,Talies,ravencrest,574,paladin,holy,12,6,6
21549,Holyherb,the-maelstrom,574,paladin,holy,12,6,6
21550,Elsirosel,dun-modr,574,paladin,holy,12,6,6
21551,Palaadschin,festung-der-stürme,574,paladin,holy,12,6,6
21552,Masuroc,antonidas,574,paladin,holy,12,6,6
21553,Aéther,quelthalas,574,paladin,holy,15,7,8
21554,Darthdin,stormscale,572,paladin,holy,12,6,6
21555,Даурия,soulflayer,572,paladin,holy,18,6,12
21556,Rosemary,mugthol,570,paladin,holy,12,6,6
21557,Gaskohle,blackmoore,543,paladin,holy,17,6,11
21558,Кизарыч,galakrond,528,paladin,holy,27,6,21
21559,Nam,culte-de-la-rive-noire,527,paladin,holy,11,6,5
21560,Heavel,thrall,527,paladin,holy,17,6,11
21561,Elp,ysondre,526,paladin,holy,15,6,9
21562,Hearten,outland,512,paladin,holy,10,6,4
21563,Holÿbeard,ravencrest,495,paladin,holy,19,6,13
21564,Аидахо,gordunni,489,paladin,holy,27,9,18
21565,Ownkas,kazzak,480,paladin,holy,6,5,1
21566,Dryntee,blackmoore,480,paladin,holy,6,5,1
21567,Athàs,ysondre,480,paladin,holy,6,5,1
21568,Teksor,frostmourne,480,paladin,holy,6,5,1
21569,Æffy,nemesis,480,paladin,holy,6,5,1
21570,Tejbzx,blackmoore,480,paladin,holy,6,5,1
21571,Sumecbtw,aegwynn,480,paladin,holy,12,5,7
21572,Morthiel,burning-blade,480,paladin,holy,12,5,7
21573,Bossedin,aszune,480,paladin,holy,12,5,7
21574,Listina,twisting-nether,480,paladin,holy,12,5,7
21575,Dimdon,silvermoon,480,paladin,holy,12,5,7
21576,Astridx,kazzak,480,paladin,holy,12,5,7
21577,Zunis,jaedenar,480,paladin,holy,12,5,7
21578,Ornosh,draenor,480,paladin,holy,12,5,7
21579,Аффикстинка,soulflayer,480,paladin,holy,12,5,7
21580,Chodegobbler,draenor,480,paladin,holy,12,5,7
21581,Stierchen,aegwynn,480,paladin,holy,12,5,7
21582,Kîsyhrâ,aegwynn,480,paladin,holy,12,5,7
21583,Diffay,tarren-mill,480,paladin,holy,12,5,7
21584,Plaeschrmaex,aegwynn,480,paladin,holy,12,5,7
21585,Юмэйнару,deepholm,480,paladin,holy,12,5,7
21586,Înphy,cthun,480,paladin,holy,12,5,7
21587,Holydeals,silvermoon,480,paladin,holy,12,5,7
21588,Shaggybeard,frostmane,480,paladin,holy,12,5,7
21589,Justix,arathor,480,paladin,holy,12,5,7
21590,Docoùla,twisting-nether,480,paladin,holy,12,5,7
21591,Санэрдин,soulflayer,480,paladin,holy,12,5,7
21592,Zaphiri,pozzo-delleternità,480,paladin,holy,12,5,7
21593,Alennya,dalaran,480,paladin,holy,12,5,7
21594,Padrak,eredar,480,paladin,holy,12,5,7
21595,Drdeus,silvermoon,480,paladin,holy,12,5,7
21596,Fluv,ravencrest,480,paladin,holy,12,5,7
21597,Snoogléface,grim-batol,480,paladin,holy,14,5,9
21598,Бирко,blackscar,480,paladin,holy,17,6,11
21599,Katsümï,archimonde,480,paladin,holy,18,5,13
21600,Holydhanas,outland,480,paladin,holy,18,5,13
21601,Холидугги,howling-fjord,480,paladin,holy,18,5,13
21602,Palagrom,kazzak,480,paladin,holy,18,5,13
21603,Дюве,blackscar,480,paladin,holy,18,5,13
21604,Omgimapala,kazzak,480,paladin,holy,20,5,15
21605,Heldarim,ysondre,480,paladin,holy,30,5,25
21606,Gavril,bloodfeather,479,paladin,holy,12,5,7
21607,Sixtynien,outland,479,paladin,holy,12,5,7
21608,Trastos,wildhammer,479,paladin,holy,12,5,7
21609,Лазуриса,deathguard,479,paladin,holy,12,5,7
21610,Skydor,silvermoon,479,paladin,holy,12,5,7
21611,Ugurpala,sylvanas,479,paladin,holy,12,5,7
21612,Руслаанеш,soulflayer,479,paladin,holy,12,5,7
21613,Малимон,soulflayer,479,paladin,holy,12,5,7
21614,Brøadway,eredar,479,paladin,holy,12,5,7
21615,Dreamwatcher,outland,479,paladin,holy,12,5,7
21616,Paluladin,turalyon,479,paladin,holy,12,5,7
21617,Stinkytoes,draenor,479,paladin,holy,12,5,7
21618,Hùrikan,hyjal,479,paladin,holy,18,5,13
21619,Brölin,sanguino,479,paladin,holy,18,5,13
21620,Vulgati,kazzak,479,paladin,holy,18,5,13
21621,Sultaani,ravencrest,479,paladin,holy,18,5,13
21622,Shoby,silvermoon,479,paladin,holy,18,5,13
21623,Bellamy,vashj,479,paladin,holy,18,5,13
21624,Radhya,sargeras,478,paladin,holy,12,5,7
21625,Bubblegum,dentarg,478,paladin,holy,18,5,13
21626,Kaedena,kaelthas,476,paladin,holy,12,5,7
21627,Styflor,dalaran,476,paladin,holy,18,5,13
21628,Grayscale,dun-morogh,476,paladin,holy,18,5,13
21629,Cenox,antonidas,475,paladin,holy,12,5,7
21630,Palabel,blackrock,475,paladin,holy,24,5,19
21631,Jargot,antonidas,472,paladin,holy,12,5,7
21632,Лералучшая,gordunni,464,paladin,holy,19,7,12
21633,Dedy,frostwhisper,463,paladin,holy,11,5,6
21634,Árcangel,minahonda,447,paladin,holy,17,5,12
21635,Himmelsfuror,proudmoore,445,paladin,holy,17,5,12
21636,Bämbunga,madmortem,426,paladin,holy,16,6,10
21637,Memewings,tarren-mill,426,paladin,holy,23,7,16
21638,Тейдехан,gordunni,426,paladin,holy,21,6,15
21639,Ralo,shattrath,415,paladin,holy,16,5,11
21640,Exødus,defias-brotherhood,414,paladin,holy,14,5,9
21641,Superpopa,twisting-nether,400,paladin,holy,13,5,8
21642,Kesq,ravencrest,384,paladin,holy,6,4,2
21643,Ellisdee,kazzak,384,paladin,holy,6,4,2
21644,Jokkepaappa,darksorrow,384,paladin,holy,6,4,2
21645,Dragg,kirin-tor,384,paladin,holy,6,4,2
21646,Ринрэи,howling-fjord,384,paladin,holy,6,4,2
21647,Djalexx,kazzak,384,paladin,holy,6,4,2
21648,Idontknow,nemesis,384,paladin,holy,6,4,2
21649,Chewwaka,bloodhoof,384,paladin,holy,6,4,2
21650,Bloednicht,dentarg,384,paladin,holy,6,4,2
21651,Wiffy,ravencrest,384,paladin,holy,6,4,2
21652,Yimnotprot,ravencrest,384,paladin,holy,6,4,2
21653,Rikiji,ravencrest,384,paladin,holy,6,4,2
21654,Sebatrøz,ravencrest,384,paladin,holy,12,4,8
21655,Tyrø,ravencrest,384,paladin,holy,12,4,8
21656,Victwo,burning-legion,384,paladin,holy,12,4,8
21657,Kfcmanager,archimonde,384,paladin,holy,12,4,8
21658,Hammarfall,ravencrest,384,paladin,holy,12,4,8
21659,Vânwêêd,thrall,384,paladin,holy,12,4,8
21660,Mooderna,ravencrest,384,paladin,holy,12,4,8
21661,Psikatchuu,hyjal,384,paladin,holy,12,4,8
21662,Небулариум,howling-fjord,384,paladin,holy,12,4,8
21663,Akazâ,ysondre,384,paladin,holy,12,4,8
21664,Misarosh,drakthul,384,paladin,holy,12,4,8
21665,Divinemove,stormscale,384,paladin,holy,12,4,8
21666,Chopocrisp,dun-modr,384,paladin,holy,12,4,8
21667,Fedaikin,stormscale,384,paladin,holy,12,4,8
21668,Shívah,auchindoun,384,paladin,holy,12,4,8
21669,Êggsy,grim-batol,384,paladin,holy,12,4,8
21670,Visersion,tarren-mill,384,paladin,holy,12,4,8
21671,Freý,ravencrest,384,paladin,holy,12,4,8
21672,Imitrex,hyjal,384,paladin,holy,12,4,8
21673,Лортремар,howling-fjord,384,paladin,holy,18,4,14
21674,Gloonî,blackmoore,384,paladin,holy,18,4,14
21675,Талрэн,howling-fjord,384,paladin,holy,18,4,14
21676,Сакон,borean-tundra,384,paladin,holy,18,4,14
21677,Gardaken,draenor,384,paladin,holy,18,4,14
21678,Elfaza,dun-modr,384,paladin,holy,18,4,14
21679,Djaléxx,kazzak,384,paladin,holy,18,4,14
21680,Гниленький,razuvious,384,paladin,holy,24,4,20
21681,Сатангодх,gordunni,384,paladin,holy,24,4,20
21682,Taxpayer,aegwynn,384,paladin,holy,24,4,20
21683,Tôra,hyjal,383,paladin,holy,6,4,2
21684,Кэлви,blackscar,383,paladin,holy,12,4,8
21685,Duine,the-venture-co,383,paladin,holy,12,4,8
21686,Allesandra,antonidas,383,paladin,holy,12,4,8
21687,Anfe,silvermoon,383,paladin,holy,12,4,8
21688,Thorhum,moonglade,383,paladin,holy,12,4,8
21689,Ênmâ,archimonde,383,paladin,holy,12,4,8
21690,Caumon,los-errantes,383,paladin,holy,12,4,8
21691,Rôlfzukowzky,guldan,383,paladin,holy,12,4,8
21692,Aggressìon,twisting-nether,383,paladin,holy,12,4,8
21693,Uoloop,kazzak,383,paladin,holy,12,4,8
21694,Nyryon,ysondre,383,paladin,holy,18,4,14
21695,Superpaladin,draenor,383,paladin,holy,18,4,14
21696,Scissors,dun-morogh,383,paladin,holy,18,4,14
21697,Mortalitis,tarren-mill,383,paladin,holy,30,4,26
21698,Avengilo,silvermoon,382,paladin,holy,12,4,8
21699,Овахус,soulflayer,382,paladin,holy,12,4,8
21700,Sepha,eonar,382,paladin,holy,12,4,8
21701,Thranduïl,tarren-mill,382,paladin,holy,18,4,14
21702,Nêkro,dun-modr,382,paladin,holy,18,4,14
21703,Preamx,blackrock,367,paladin,holy,11,4,7
21704,Konpala,blackmoore,367,paladin,holy,11,4,7
21705,Justyowx,archimonde,352,paladin,holy,16,5,11
21706,Soulskin,sylvanas,350,paladin,holy,11,4,7
21707,Gunshøtx,archimonde,329,paladin,holy,22,7,15
21708,Liadry,sylvanas,329,paladin,holy,16,5,11
21709,Ysnee,sanguino,320,paladin,holy,16,4,12
21710,Bandrogina,shattered-hand,288,paladin,holy,6,3,3
21711,Tacodin,blackrock,288,paladin,holy,6,3,3
21712,Grafes,sanguino,288,paladin,holy,6,3,3
21713,Penthxoxo,outland,288,paladin,holy,6,3,3
21714,Tyn,dragonmaw,288,paladin,holy,6,3,3
21715,Rohanan,blackrock,288,paladin,holy,6,3,3
21716,Бладиполи,soulflayer,288,paladin,holy,6,3,3
21717,Fotmfactory,burning-blade,288,paladin,holy,6,3,3
21718,Ramels,hyjal,288,paladin,holy,6,3,3
21719,Sínístèr,kazzak,288,paladin,holy,6,3,3
21720,Гиркин,ashenvale,288,paladin,holy,6,3,3
21721,Unhittable,draenor,288,paladin,holy,6,3,3
21722,Mearsheimer,ysondre,288,paladin,holy,6,3,3
21723,Môdhân,archimonde,288,paladin,holy,6,3,3
21724,Kiwia,burning-legion,288,paladin,holy,6,3,3
21725,Wäsabi,khaz-modan,288,paladin,holy,6,3,3
21726,Tadjmahal,ravencrest,288,paladin,holy,6,3,3
21727,Imapala,tarren-mill,288,paladin,holy,6,3,3
21728,Yungboii,kazzak,288,paladin,holy,6,3,3
21729,Zunis,ravencrest,288,paladin,holy,6,3,3
21730,Holynoby,kazzak,288,paladin,holy,6,3,3
21731,Solumon,gorgonnash,288,paladin,holy,6,3,3
21732,Jogging,thrall,288,paladin,holy,6,3,3
21733,Vôltuxx,outland,288,paladin,holy,6,3,3
21734,Lunalovesyou,blackmoore,288,paladin,holy,6,3,3
21735,Íva,twisting-nether,288,paladin,holy,6,3,3
21736,Runtheshow,deathwing,288,paladin,holy,10,4,6
21737,Lògàn,pozzo-delleternità,288,paladin,holy,9,3,6
21738,Azthin,outland,288,paladin,holy,12,3,9
21739,Telarii,die-nachtwache,288,paladin,holy,12,3,9
21740,Эскейпми,howling-fjord,288,paladin,holy,12,3,9
21741,Zerohour,kilrogg,288,paladin,holy,12,3,9
21742,Гуэргос,gordunni,288,paladin,holy,12,3,9
21743,Kelmarr,blackmoore,288,paladin,holy,12,3,9
21744,Krayzier,nordrassil,288,paladin,holy,12,3,9
21745,Влажныйбоб,soulflayer,288,paladin,holy,12,3,9
21746,Nÿwa,temple-noir,288,paladin,holy,12,3,9
21747,Jctp,ravencrest,288,paladin,holy,12,3,9
21748,Tyraïa,archimonde,288,paladin,holy,12,3,9
21749,Vissticks,nagrand,288,paladin,holy,12,3,9
21750,Vxqt,blackrock,288,paladin,holy,12,3,9
21751,Breez,die-aldor,288,paladin,holy,12,3,9
21752,Monaatamis,kazzak,288,paladin,holy,12,3,9
21753,Arbuzno,draenor,288,paladin,holy,12,3,9
21754,Баблейми,gordunni,288,paladin,holy,12,3,9
21755,Hotchíck,outland,288,paladin,holy,12,3,9
21756,Bigdamjudge,argent-dawn,288,paladin,holy,12,3,9
21757,Chusterb,draenor,288,paladin,holy,12,3,9
21758,Linxo,argent-dawn,288,paladin,holy,12,3,9
21759,Этосальвабро,lich-king,288,paladin,holy,14,3,11
21760,Kaelorian,silvermoon,288,paladin,holy,18,3,15
21761,Khalicies,archimonde,288,paladin,holy,18,3,15
21762,Averyholycow,the-maelstrom,287,paladin,holy,6,3,3
21763,Toxií,argent-dawn,287,paladin,holy,12,3,9
21764,Jellish,argent-dawn,287,paladin,holy,12,3,9
21765,Auliæ,chogall,287,paladin,holy,12,3,9
21766,Kcore,blackrock,287,paladin,holy,12,3,9
21767,Faustan,rexxar,287,paladin,holy,12,3,9
21768,Järnkroken,tarren-mill,287,paladin,holy,13,3,10
21769,Autyzmterror,silvermoon,287,paladin,holy,18,3,15
21770,Biót,tarren-mill,287,paladin,holy,18,3,15
21771,Мерасфард,howling-fjord,287,paladin,holy,18,3,15
21772,Belgblue,ravenholdt,286,paladin,holy,6,3,3
21773,Zàrílâ,dun-morogh,286,paladin,holy,6,3,3
21774,Alone,sporeggar,286,paladin,holy,6,3,3
21775,Flamxd,blackmoore,234,paladin,holy,10,5,5
21776,Xila,blackrock,234,paladin,holy,9,4,5
21777,Тамерланх,gordunni,234,paladin,holy,9,4,5
21778,Laidevon,twisting-nether,234,paladin,holy,16,5,11
21779,Mustardio,tarren-mill,234,paladin,holy,14,4,10
21780,Dewastør,blackmoore,234,paladin,holy,15,4,11
21781,Zeiserig,antonidas,234,paladin,holy,17,4,13
21782,Battalgazi,azjolnerub,233,paladin,holy,17,5,12
21783,Faranume,sylvanas,233,paladin,holy,16,4,12
21784,Lacertosus,nemesis,192,paladin,holy,6,2,4
21785,Poonky,dun-modr,192,paladin,holy,6,2,4
21786,Ришардебюр,soulflayer,192,paladin,holy,6,2,4
21787,Galadrion,dun-modr,192,paladin,holy,6,2,4
21788,Holycoomer,silvermoon,192,paladin,holy,6,2,4
21789,Archîmondê,marécage-de-zangar,192,paladin,holy,6,2,4
21790,Холлихэйт,howling-fjord,192,paladin,holy,6,2,4
21791,Edyk,silvermoon,192,paladin,holy,6,2,4
21792,Keyla,los-errantes,192,paladin,holy,6,2,4
21793,Lompe,karazhan,192,paladin,holy,6,2,4
21794,Palaneuía,antonidas,192,paladin,holy,6,2,4
21795,Bígmachine,draenor,192,paladin,holy,6,2,4
21796,Böbble,twisting-nether,192,paladin,holy,6,2,4
21797,Tyrallan,ragnaros,192,paladin,holy,6,2,4
21798,Tsomoo,antonidas,192,paladin,holy,6,2,4
21799,Pátish,terenas,192,paladin,holy,6,2,4
21800,Envli,ragnaros,192,paladin,holy,6,2,4
21801,Brüllt,dun-modr,192,paladin,holy,6,2,4
21802,Léinãd,kazzak,192,paladin,holy,6,2,4
21803,Realdeal,argent-dawn,192,paladin,holy,6,2,4
21804,Axpala,ragnaros,192,paladin,holy,6,2,4
21805,Паблойд,deathguard,192,paladin,holy,6,2,4
21806,Defianze,tarren-mill,192,paladin,holy,6,2,4
21807,Elrack,blackhand,192,paladin,holy,6,2,4
21808,Edgï,confrérie-du-thorium,192,paladin,holy,6,2,4
21809,Lezin,thrall,192,paladin,holy,6,2,4
21810,Dafukx,ragnaros,192,paladin,holy,6,2,4
21811,Teflonmagìc,ravencrest,192,paladin,holy,6,2,4
21812,Wvwwvwvwvwwv,ravencrest,192,paladin,holy,6,2,4
21813,Benedikt,stormscale,192,paladin,holy,6,2,4
21814,Pagadi,blackhand,192,paladin,holy,6,2,4
21815,Conker,malganis,192,paladin,holy,6,2,4
21816,Palidi,tarren-mill,192,paladin,holy,6,2,4
21817,Nirvanä,drakthul,192,paladin,holy,6,2,4
21818,Lafrogge,culte-de-la-rive-noire,192,paladin,holy,6,2,4
21819,Yuz,archimonde,192,paladin,holy,6,2,4
21820,Holysac,kazzak,192,paladin,holy,6,2,4
21821,Unstobubblex,burning-blade,192,paladin,holy,6,2,4
21822,Superpiniouf,archimonde,192,paladin,holy,6,2,4
21823,Lxvideoscom,blackrock,192,paladin,holy,6,2,4
21824,Eim,moonglade,192,paladin,holy,6,2,4
21825,Alisonquínn,defias-brotherhood,192,paladin,holy,6,2,4
21826,Rulîx,blackmoore,192,paladin,holy,6,2,4
21827,Andokaî,blackrock,192,paladin,holy,6,2,4
21828,Прожектор,gordunni,192,paladin,holy,6,2,4
21829,Solazola,blackmoore,192,paladin,holy,6,2,4
21830,Schukka,azshara,192,paladin,holy,6,2,4
21831,Durnell,sylvanas,192,paladin,holy,6,2,4
21832,Fruitschaal,moonglade,192,paladin,holy,6,2,4
21833,Bàrlo,kazzak,192,paladin,holy,6,2,4
21834,Uldurin,ravencrest,192,paladin,holy,12,2,10
21835,Bígpumprz,archimonde,192,paladin,holy,12,2,10
21836,Вишенций,howling-fjord,192,paladin,holy,12,2,10
21837,Essina,argent-dawn,192,paladin,holy,12,2,10
21838,Firetorch,twisting-nether,192,paladin,holy,12,2,10
21839,Pichuflor,sanguino,192,paladin,holy,12,2,10
21840,Tsukaima,uldaman,192,paladin,holy,12,2,10
21841,Ucu,terokkar,192,paladin,holy,12,2,10
21842,Keft,twisting-nether,192,paladin,holy,12,2,10
21843,Zeleron,darksorrow,192,paladin,holy,12,2,10
21844,Bala,ravenholdt,192,paladin,holy,12,2,10
21845,Aienest,ragnaros,192,paladin,holy,12,2,10
21846,Scumbakitty,ysondre,192,paladin,holy,12,2,10
21847,Croptol,dun-modr,192,paladin,holy,12,2,10
21848,Týr,forscherliga,192,paladin,holy,12,2,10
21849,Кирюшафридом,gordunni,192,paladin,holy,13,2,11
21850,Bjutiful,silvermoon,192,paladin,holy,15,2,13
21851,Eky,stormreaver,192,paladin,holy,18,2,16
21852,Getblessed,rexxar,192,paladin,holy,18,2,16
21853,Harycon,thrall,192,paladin,holy,24,2,22
21854,Tiboeufpéi,archimonde,191,paladin,holy,6,2,4
21855,Zuplex,deathwing,191,paladin,holy,6,2,4
21856,Chasie,antonidas,191,paladin,holy,12,2,10
21857,Droseros,sylvanas,175,paladin,holy,23,2,21
21858,Browario,burning-legion,159,paladin,holy,5,2,3
21859,Arshlicht,frostwolf,159,paladin,holy,5,2,3
21860,Orogerrabbit,archimonde,144,paladin,holy,3,3,0
21861,Drylink,kazzak,138,paladin,holy,11,3,8
21862,Pïñkñætðøðÿ,tarren-mill,138,paladin,holy,14,3,11
21863,Minirempart,khaz-modan,96,paladin,holy,6,1,5
21864,Holysheto,sanguino,96,paladin,holy,6,1,5
21865,Shanik,zuljin,96,paladin,holy,6,1,5
21866,Bittersweex,stormscale,96,paladin,holy,6,1,5
21867,Mybadvibes,tarren-mill,96,paladin,holy,6,1,5
21868,Хочусметанки,howling-fjord,96,paladin,holy,6,1,5
21869,Iamyellow,silvermoon,96,paladin,holy,6,1,5
21870,Enriel,temple-noir,96,paladin,holy,6,1,5
21871,Rehtu,malganis,96,paladin,holy,6,1,5
21872,Flashhèart,draenor,96,paladin,holy,6,1,5
21873,Wingcomander,aegwynn,96,paladin,holy,6,1,5
21874,Palariaan,defias-brotherhood,96,paladin,holy,6,1,5
21875,Whiskeypal,draenor,96,paladin,holy,6,1,5
21876,Andrøiz,dun-modr,96,paladin,holy,6,1,5
21877,Therador,dun-morogh,96,paladin,holy,6,1,5
21878,Buladin,darkspear,96,paladin,holy,6,1,5
21879,Razztafari,tarren-mill,96,paladin,holy,6,1,5
21880,Xzarat,kazzak,96,paladin,holy,6,1,5
21881,Xephiroxus,the-venture-co,96,paladin,holy,6,1,5
21882,Visaria,twisting-nether,96,paladin,holy,6,1,5
21883,Tønyx,les-clairvoyants,96,paladin,holy,6,1,5
21884,Nhum,destromath,96,paladin,holy,6,1,5
21885,Whatapity,silvermoon,96,paladin,holy,6,1,5
21886,Switchflip,frostmane,96,paladin,holy,6,1,5
21887,Playprist,aegwynn,96,paladin,holy,6,1,5
21888,Holyfalls,blackmoore,96,paladin,holy,6,1,5
21889,Tacita,nazjatar,96,paladin,holy,6,1,5
21890,Agorasieya,frostwolf,96,paladin,holy,6,1,5
21891,Dedicatèd,draenor,96,paladin,holy,6,1,5
21892,Mínara,drakthul,96,paladin,holy,6,1,5
21893,Eàrànël,les-clairvoyants,96,paladin,holy,6,1,5
21894,Bubbleheart,ahnqiraj,96,paladin,holy,6,1,5
21895,Eoox,outland,96,paladin,holy,6,1,5
21896,Fükdîscláss,ravencrest,96,paladin,holy,6,1,5
21897,Moobykin,stormscale,96,paladin,holy,6,1,5
21898,Пепсекольный,soulflayer,96,paladin,holy,6,1,5
21899,Niechepala,grim-batol,96,paladin,holy,6,1,5
21900,Bubblebun,kazzak,96,paladin,holy,6,1,5
21901,Dobbygotsock,kazzak,96,paladin,holy,6,1,5
21902,Синерина,blackscar,96,paladin,holy,6,1,5
21903,Kyarï,culte-de-la-rive-noire,96,paladin,holy,6,1,5
21904,Colpadeltank,kazzak,96,paladin,holy,6,1,5
21905,Veest,doomhammer,96,paladin,holy,12,1,11
21906,Pigma,outland,96,paladin,holy,12,1,11
21907,Zerafic,sylvanas,96,paladin,holy,12,1,11
21908,Fúrion,burning-blade,96,paladin,holy,12,1,11
21909,Hasler,drakthul,96,paladin,holy,12,1,11
21910,Lunaary,antonidas,96,paladin,holy,12,1,11
21911,Goldenstern,blackhand,96,paladin,holy,12,1,11
21912,Лейфи,howling-fjord,96,paladin,holy,12,1,11
21913,Encod,magtheridon,96,paladin,holy,12,1,11
21914,Ahronius,stormscale,96,paladin,holy,12,1,11
21915,Blancucky,kazzak,96,paladin,holy,12,1,11
21916,Hancipapa,ragnaros,95,paladin,holy,6,1,5
21917,Callon,das-syndikat,95,paladin,holy,6,1,5
21918,Защешот,gordunni,79,paladin,holy,5,1,4
21919,Shaxxzii,kazzak,79,paladin,holy,5,1,4
21920,Hitaki,tarren-mill,64,paladin,holy,4,1,3
21921,Míxu,stormreaver,42,paladin,holy,11,3,8
21922,Holymerda,grim-batol,42,paladin,holy,8,2,6
21923,Jâybee,ravencrest,42,paladin,holy,8,2,6
21924,Xonika,outland,42,paladin,holy,9,2,7
21925,Waltgyubeef,argent-dawn,42,paladin,holy,9,2,7
21926,Xpurcica,twisting-nether,42,paladin,holy,10,2,8
21927,Acongojante,zuljin,42,paladin,holy,15,2,13
21928,Pïkachû,ravencrest,2211,paladin,retribution,78,42,36
21929,Stracciatell,archimonde,2184,paladin,retribution,85,67,18
21930,Ctierpala,ravencrest,2161,paladin,retribution,90,47,43
21931,Steelsuit,argent-dawn,2147,paladin,retribution,182,101,81
21932,Ðâny,elune,2128,paladin,retribution,135,68,67
21933,Royki,the-maelstrom,2127,paladin,retribution,186,95,91
21934,Drkp,blackrock,2126,paladin,retribution,61,42,19
21935,Отловщик,gordunni,2123,paladin,retribution,82,43,39
21936,Cosmicstâr,kazzak,2123,paladin,retribution,149,76,73
21937,Mcweedy,aegwynn,2108,paladin,retribution,84,42,42
21938,Аеррис,gordunni,2106,paladin,retribution,113,57,56
21939,Miilicium,archimonde,2091,paladin,retribution,83,41,42
21940,Ricexoxo,blackhand,2066,paladin,retribution,98,48,50
21941,Shinøaa,wrathbringer,2064,paladin,retribution,125,70,55
21942,Sonne,tarren-mill,2058,paladin,retribution,102,52,50
21943,Elypsia,tarren-mill,2058,paladin,retribution,104,53,51
21944,Bakawolf,burning-legion,2057,paladin,retribution,83,43,40
21945,Mýstíc,ravencrest,2049,paladin,retribution,118,56,62
21946,Peiker,blackrock,2041,paladin,retribution,160,77,83
21947,Bigspin,ravencrest,2038,paladin,retribution,150,77,73
21948,Davewins,dragonblight,2033,paladin,retribution,42,34,8
21949,Nedith,pozzo-delleternità,2026,paladin,retribution,168,89,79
21950,Ufø,magtheridon,2025,paladin,retribution,96,48,48
21951,Альмор,blackscar,2023,paladin,retribution,54,28,26
21952,Miriokekw,archimonde,2020,paladin,retribution,96,45,51
21953,Franclovis,hyjal,2019,paladin,retribution,63,28,35
21954,Qshadow,frostwhisper,2018,paladin,retribution,112,54,58
21955,Sacredwrath,burning-legion,2017,paladin,retribution,59,30,29
21956,Tj,dun-modr,2017,paladin,retribution,78,36,42
21957,Kazuroo,blackmoore,2005,paladin,retribution,78,44,34
21958,Стимулин,howling-fjord,2004,paladin,retribution,90,48,42
21959,Tròth,twisting-nether,2004,paladin,retribution,66,33,33
21960,Nîhil,silvermoon,2004,paladin,retribution,88,43,45
21961,Xourens,twisting-nether,2003,paladin,retribution,73,33,40
21962,Rankoneretri,arathor,2002,paladin,retribution,54,30,24
21963,Мевар,gordunni,1991,paladin,retribution,66,30,36
21964,Retwar,ravencrest,1986,paladin,retribution,77,49,28
21965,Агинон,gordunni,1981,paladin,retribution,60,30,30
21966,Beautýbeast,ravencrest,1977,paladin,retribution,113,60,53
21967,Нейтхигерс,howling-fjord,1974,paladin,retribution,83,43,40
21968,Синодх,eversong,1974,paladin,retribution,101,46,55
21969,Âlßêdø,ravencrest,1973,paladin,retribution,147,70,77
21970,Аполодориан,gordunni,1972,paladin,retribution,120,64,56
21971,Sitekx,burning-legion,1968,paladin,retribution,99,45,54
21972,Mcret,ravencrest,1965,paladin,retribution,82,38,44
21973,Jowanno,stormscale,1958,paladin,retribution,95,49,46
21974,Monkeytm,archimonde,1957,paladin,retribution,58,27,31
21975,Xillindion,blackhand,1955,paladin,retribution,314,158,156
21976,Littlelíght,silvermoon,1954,paladin,retribution,78,41,37
21977,Fullsendbro,ravencrest,1952,paladin,retribution,101,59,42
21978,Greywords,silvermoon,1952,paladin,retribution,53,30,23
21979,Wingsteak,draenor,1951,paladin,retribution,75,41,34
21980,Martoretard,archimonde,1949,paladin,retribution,358,181,177
21981,Prex,dun-modr,1948,paladin,retribution,72,39,33
21982,Msharix,kazzak,1948,paladin,retribution,84,42,42
21983,Мрч,howling-fjord,1947,paladin,retribution,60,31,29
21984,Rùuru,archimonde,1947,paladin,retribution,150,70,80
21985,Günykoloke,blackrock,1939,paladin,retribution,60,33,27
21986,Kriszi,burning-legion,1938,paladin,retribution,90,39,51
21987,Bigdblaster,twisting-nether,1935,paladin,retribution,102,49,53
21988,Запалтосик,blackscar,1934,paladin,retribution,36,23,13
21989,Syruplol,blackrock,1932,paladin,retribution,58,32,26
21990,Apolloos,grim-batol,1932,paladin,retribution,83,39,44
21991,Spacknas,blackmoore,1931,paladin,retribution,110,62,48
21992,Yungboii,kazzak,1925,paladin,retribution,95,61,34
21993,Kírin,drakthul,1921,paladin,retribution,66,32,34
21994,Bernhoftxd,ravencrest,1921,paladin,retribution,236,111,125
21995,Nabbi,ravencrest,1921,paladin,retribution,72,30,42
21996,Retbùll,stormscale,1919,paladin,retribution,37,29,8
21997,Galaadh,archimonde,1917,paladin,retribution,72,32,40
21998,Milkyavenger,sylvanas,1915,paladin,retribution,107,71,36
21999,Exolix,archimonde,1914,paladin,retribution,48,27,21
22000,Saabnaab,outland,1913,paladin,retribution,213,125,88
22001,Smilé,sylvanas,1911,paladin,retribution,84,44,40
22002,Реальныйпал,gordunni,1911,paladin,retribution,90,46,44
22003,Mezor,dun-modr,1910,paladin,retribution,202,100,102
22004,Pâsla,hyjal,1909,paladin,retribution,137,72,65
22005,Mélli,eredar,1907,paladin,retribution,99,55,44
22006,Yungboihoj,twisting-nether,1905,paladin,retribution,155,78,77
22007,Réfractio,die-aldor,1902,paladin,retribution,60,31,29
22008,Tadashì,aegwynn,1901,paladin,retribution,78,35,43
22009,Jualom,colinas-pardas,1900,paladin,retribution,68,35,33
22010,Rígel,silvermoon,1899,paladin,retribution,58,35,23
22011,Legodudex,ravencrest,1898,paladin,retribution,66,33,33
22012,Ðeathron,blackmoore,1898,paladin,retribution,128,62,66
22013,Pallyprinces,dentarg,1898,paladin,retribution,66,28,38
22014,Стьюпидбой,howling-fjord,1896,paladin,retribution,149,77,72
22015,Byths,blackmoore,1896,paladin,retribution,127,56,71
22016,Vadya,ravencrest,1894,paladin,retribution,145,76,69
22017,Холирайз,gordunni,1894,paladin,retribution,42,21,21
22018,Лиспорий,gordunni,1894,paladin,retribution,60,29,31
22019,Brassaren,stormscale,1890,paladin,retribution,67,36,31
22020,Carlá,silvermoon,1890,paladin,retribution,73,37,36
22021,Pancakee,the-maelstrom,1889,paladin,retribution,66,32,34
22022,Harridin,ravencrest,1888,paladin,retribution,126,58,68
22023,Doomsoom,kazzak,1887,paladin,retribution,40,31,9
22024,Марчи,howling-fjord,1884,paladin,retribution,83,37,46
22025,Biggerspin,ravencrest,1882,paladin,retribution,24,20,4
22026,Модрит,soulflayer,1882,paladin,retribution,70,47,23
22027,Bersercute,sylvanas,1882,paladin,retribution,124,60,64
22028,Толвард,gordunni,1881,paladin,retribution,25,21,4
22029,Tj,sanguino,1881,paladin,retribution,42,20,22
22030,Меварх,howling-fjord,1878,paladin,retribution,42,22,20
22031,Melantus,eredar,1878,paladin,retribution,83,41,42
22032,Nastalia,elune,1877,paladin,retribution,84,45,39
22033,Tazken,tarren-mill,1877,paladin,retribution,90,44,46
22034,Saygexx,draenor,1875,paladin,retribution,57,34,23
22035,Crysania,twisting-nether,1872,paladin,retribution,60,27,33
22036,Eysn,blackrock,1871,paladin,retribution,54,29,25
22037,Hódle,silvermoon,1870,paladin,retribution,78,46,32
22038,Kjn,tarren-mill,1870,paladin,retribution,54,31,23
22039,Kiriel,dun-modr,1869,paladin,retribution,90,40,50
22040,Zerørespect,ravencrest,1868,paladin,retribution,113,51,62
22041,Vabz,blackrock,1867,paladin,retribution,47,23,24
22042,Дэнискарз,gordunni,1866,paladin,retribution,48,26,22
22043,Thyrec,blackmoore,1865,paladin,retribution,54,32,22
22044,Fkadin,kazzak,1862,paladin,retribution,107,56,51
22045,Swahadon,stormscale,1862,paladin,retribution,60,29,31
22046,Holysiah,kazzak,1861,paladin,retribution,96,46,50
22047,Freshreroll,tarren-mill,1860,paladin,retribution,48,30,18
22048,Smirk,aggra-português,1860,paladin,retribution,102,46,56
22049,Herrius,ravencrest,1857,paladin,retribution,54,25,29
22050,Mhehø,hyjal,1855,paladin,retribution,273,137,136
22051,Chyve,tarren-mill,1855,paladin,retribution,66,28,38
22052,Торсгард,howling-fjord,1854,paladin,retribution,84,36,48
22053,Vanthael,chamber-of-aspects,1853,paladin,retribution,201,115,86
22054,Phix,outland,1853,paladin,retribution,165,81,84
22055,Papichuló,aegwynn,1853,paladin,retribution,84,41,43
22056,Alphaladin,stormscale,1852,paladin,retribution,54,31,23
22057,Hammerzemall,tarren-mill,1852,paladin,retribution,65,34,31
22058,Galenhad,kazzak,1852,paladin,retribution,84,41,43
22059,Jicob,ravencrest,1851,paladin,retribution,48,30,18
22060,Zion,runetotem,1851,paladin,retribution,42,25,17
22061,Dasar,twisting-nether,1851,paladin,retribution,72,31,41
22062,Súnshìne,blackhand,1850,paladin,retribution,42,29,13
22063,Jedzy,ragnaros,1850,paladin,retribution,36,22,14
22064,Elganor,hyjal,1849,paladin,retribution,113,72,41
22065,Агинон,howling-fjord,1849,paladin,retribution,60,34,26
22066,Pætter,aggra-português,1849,paladin,retribution,60,34,26
22067,Jessrabit,tarren-mill,1848,paladin,retribution,54,25,29
22068,Nein,blackhand,1848,paladin,retribution,102,47,55
22069,Exolia,archimonde,1845,paladin,retribution,54,30,24
22070,Dibzi,argent-dawn,1845,paladin,retribution,54,27,27
22071,Djstompyamom,stormscale,1845,paladin,retribution,99,47,52
22072,Risingfi,kult-der-verdammten,1844,paladin,retribution,78,47,31
22073,Nam,culte-de-la-rive-noire,1844,paladin,retribution,48,26,22
22074,Durenai,aegwynn,1843,paladin,retribution,152,71,81
22075,Palior,sylvanas,1841,paladin,retribution,54,31,23
22076,Retforlife,sylvanas,1839,paladin,retribution,42,26,16
22077,Halevia,kazzak,1839,paladin,retribution,59,30,29
22078,Hornyret,kazzak,1839,paladin,retribution,96,46,50
22079,Wingsmode,kazzak,1839,paladin,retribution,90,36,54
22080,Crîîngêr,blackhand,1838,paladin,retribution,44,24,20
22081,Surian,kazzak,1835,paladin,retribution,72,45,27
22082,Antimov,twisting-nether,1835,paladin,retribution,156,77,79
22083,Murkyxd,sanguino,1835,paladin,retribution,66,30,36
22084,Timmes,blackhand,1835,paladin,retribution,48,21,27
22085,Yuber,ravencrest,1833,paladin,retribution,78,34,44
22086,Сотранокинг,soulflayer,1832,paladin,retribution,36,20,16
22087,Skyf,outland,1832,paladin,retribution,80,33,47
22088,Miju,blackmoore,1831,paladin,retribution,51,28,23
22089,Daybreak,kazzak,1831,paladin,retribution,57,30,27
22090,Ilòvekris,draenor,1831,paladin,retribution,195,99,96
22091,Baxuz,draenor,1830,paladin,retribution,64,33,31
22092,Декионзхц,howling-fjord,1830,paladin,retribution,78,29,49
22093,Gluttön,tarren-mill,1829,paladin,retribution,57,29,28
22094,Ðaegos,blackmoore,1829,paladin,retribution,107,49,58
22095,Hojinson,blackrock,1828,paladin,retribution,48,34,14
22096,Exolis,archimonde,1827,paladin,retribution,54,26,28
22097,Denastys,nemesis,1827,paladin,retribution,72,31,41
22098,Dréamypie,silvermoon,1827,paladin,retribution,65,26,39
22099,Holzer,azshara,1826,paladin,retribution,65,35,30
22100,Tremelay,silvermoon,1825,paladin,retribution,240,122,118
22101,Eimaqt,stormscale,1825,paladin,retribution,70,33,37
22102,Игры,gordunni,1823,paladin,retribution,76,39,37
22103,Cqt,ravencrest,1823,paladin,retribution,66,30,36
22104,Keinah,silvermoon,1822,paladin,retribution,54,36,18
22105,Iagö,argent-dawn,1822,paladin,retribution,71,32,39
22106,Lorex,grim-batol,1821,paladin,retribution,54,26,28
22107,Muhnnin,archimonde,1820,paladin,retribution,72,37,35
22108,Foreskinx,draenor,1819,paladin,retribution,42,25,17
22109,Номос,soulflayer,1819,paladin,retribution,72,41,31
22110,Arígato,argent-dawn,1819,paladin,retribution,173,95,78
22111,Дюрьвючыф,razuvious,1819,paladin,retribution,143,74,69
22112,Âtlas,ragnaros,1819,paladin,retribution,48,24,24
22113,Zialo,ravencrest,1819,paladin,retribution,93,42,51
22114,Nìcky,stormscale,1819,paladin,retribution,83,37,46
22115,Bulkpwders,burning-legion,1818,paladin,retribution,42,20,22
22116,Wingsgodx,archimonde,1818,paladin,retribution,60,28,32
22117,Кошкотяночка,ashenvale,1818,paladin,retribution,54,23,31
22118,Nikkibenzqt,blackmoore,1818,paladin,retribution,84,35,49
22119,Taurski,sylvanas,1817,paladin,retribution,48,35,13
22120,Quelän,draenor,1817,paladin,retribution,47,29,18
22121,Thedarksteel,ravencrest,1817,paladin,retribution,70,34,36
22122,Calaestra,twisting-nether,1817,paladin,retribution,63,30,33
22123,Astragore,archimonde,1817,paladin,retribution,71,30,41
22124,Кхабелех,howling-fjord,1817,paladin,retribution,78,32,46
22125,Фэйсрол,gordunni,1817,paladin,retribution,93,37,56
22126,Angryturk,ravencrest,1816,paladin,retribution,36,19,17
22127,Соулерт,ashenvale,1815,paladin,retribution,54,28,26
22128,Madmartigane,ysondre,1815,paladin,retribution,114,48,66
22129,Wellick,ravencrest,1814,paladin,retribution,35,20,15
22130,Фемдом,blackscar,1814,paladin,retribution,48,27,21
22131,Wickedwings,silvermoon,1814,paladin,retribution,47,23,24
22132,Morri,ravencrest,1814,paladin,retribution,171,83,88
22133,Ганка,blackscar,1814,paladin,retribution,83,31,52
22134,Umîrînbrah,twisting-nether,1813,paladin,retribution,64,39,25
22135,Déna,draenor,1813,paladin,retribution,52,29,23
22136,Ktk,ravencrest,1813,paladin,retribution,121,67,54
22137,Rekktadin,grim-batol,1813,paladin,retribution,155,79,76
22138,Granfort,argent-dawn,1813,paladin,retribution,114,55,59
22139,Малиновыйбох,gordunni,1812,paladin,retribution,123,70,53
22140,Losër,ravencrest,1812,paladin,retribution,66,27,39
22141,Ykzy,hyjal,1811,paladin,retribution,36,24,12
22142,Коварное,borean-tundra,1810,paladin,retribution,66,36,30
22143,Lättäkamerus,ravencrest,1810,paladin,retribution,74,31,43
22144,Alloüt,outland,1809,paladin,retribution,37,20,17
22145,Ironquist,doomhammer,1809,paladin,retribution,42,22,20
22146,Bätïk,blackmoore,1809,paladin,retribution,60,30,30
22147,Zóran,kazzak,1809,paladin,retribution,72,34,38
22148,Mâttyy,stormscale,1808,paladin,retribution,66,29,37
22149,Ças,quelthalas,1808,paladin,retribution,72,30,42
22150,Zscrew,nemesis,1807,paladin,retribution,30,19,11
22151,Kêkbûrâgol,kazzak,1807,paladin,retribution,42,26,16
22152,Nizzlee,eredar,1807,paladin,retribution,54,30,24
22153,Васапрагиб,howling-fjord,1806,paladin,retribution,60,35,25
22154,Bregowine,doomhammer,1806,paladin,retribution,243,137,106
22155,Malthred,ravenholdt,1806,paladin,retribution,171,91,80
22156,Weekly,outland,1806,paladin,retribution,36,19,17
22157,Lightlogic,ravencrest,1806,paladin,retribution,71,35,36
22158,Réaxon,archimonde,1806,paladin,retribution,69,30,39
22159,Matriarchxd,kazzak,1805,paladin,retribution,48,24,24
22160,Vhardan,archimonde,1805,paladin,retribution,143,71,72
22161,Geneundreitt,dethecus,1805,paladin,retribution,54,26,28
22162,Îiî,archimonde,1805,paladin,retribution,45,21,24
22163,Магрейм,gordunni,1805,paladin,retribution,77,35,42
22164,Taneren,argent-dawn,1804,paladin,retribution,48,29,19
22165,Heiimdal,dun-morogh,1804,paladin,retribution,46,26,20
22166,Tsorig,tarren-mill,1804,paladin,retribution,177,98,79
22167,Zarrex,blackrock,1804,paladin,retribution,54,28,26
22168,Netharia,antonidas,1804,paladin,retribution,120,59,61
22169,Aqualisse,hyjal,1804,paladin,retribution,66,30,36
22170,Qpala,quelthalas,1803,paladin,retribution,36,19,17
22171,Nellyrld,stormscale,1803,paladin,retribution,60,26,34
22172,Selina,burning-legion,1802,paladin,retribution,111,59,52
22173,Атмх,soulflayer,1802,paladin,retribution,54,28,26
22174,Antou,twisting-nether,1802,paladin,retribution,211,108,103
22175,Meruem,blackrock,1802,paladin,retribution,53,26,27
22176,Karadøc,archimonde,1802,paladin,retribution,90,41,49
22177,Brõw,hyjal,1801,paladin,retribution,42,21,21
22178,Lesterqt,thrall,1801,paladin,retribution,114,54,60
22179,Vatix,trollbane,1801,paladin,retribution,54,25,29
22180,Delgato,kazzak,1800,paladin,retribution,152,80,72
22181,Zachäus,kirin-tor,1800,paladin,retribution,114,57,57
22182,Tauskiz,sylvanas,1800,paladin,retribution,48,19,29
22183,Мидэас,gordunni,1798,paladin,retribution,96,44,52
22184,Ollebala,ravencrest,1797,paladin,retribution,97,59,38
22185,Icekissz,hyjal,1795,paladin,retribution,24,19,5
22186,Телканапалке,blackscar,1795,paladin,retribution,48,35,13
22187,Анофарин,gordunni,1795,paladin,retribution,126,60,66
22188,Xairo,twisting-nether,1790,paladin,retribution,54,27,27
22189,Pestomp,tarren-mill,1789,paladin,retribution,65,28,37
22190,Pridehammer,stormscale,1788,paladin,retribution,48,31,17
22191,Ниашес,howling-fjord,1788,paladin,retribution,65,29,36
22192,Répo,twisting-nether,1787,paladin,retribution,30,19,11
22193,Simjon,defias-brotherhood,1787,paladin,retribution,181,102,79
22194,Батллграунд,soulflayer,1787,paladin,retribution,84,46,38
22195,Elitest,hyjal,1787,paladin,retribution,73,34,39
22196,ßlacklight,archimonde,1787,paladin,retribution,66,26,40
22197,Astilia,sylvanas,1785,paladin,retribution,90,44,46
22198,Kayllan,ravencrest,1784,paladin,retribution,113,65,48
22199,Оззмо,howling-fjord,1781,paladin,retribution,132,73,59
22200,Деленка,gordunni,1779,paladin,retribution,106,61,45
22201,Sübôvîñ,ravencrest,1778,paladin,retribution,65,39,26
22202,Hammarfall,ravencrest,1776,paladin,retribution,144,79,65
22203,Valkûn,rexxar,1775,paladin,retribution,60,28,32
22204,Posttal,aggra-português,1775,paladin,retribution,42,19,23
22205,Ðeusvult,draenor,1774,paladin,retribution,36,19,17
22206,Goofymits,twisting-nether,1772,paladin,retribution,60,32,28
22207,Skyrose,ravencrest,1772,paladin,retribution,162,86,76
22208,Vankwok,stormscale,1771,paladin,retribution,33,20,13
22209,Molgran,defias-brotherhood,1771,paladin,retribution,90,40,50
22210,ßancu,ragnaros,1767,paladin,retribution,54,22,32
22211,Алепос,soulflayer,1766,paladin,retribution,54,21,33
22212,Valterus,burning-legion,1765,paladin,retribution,84,40,44
22213,Refuse,blackrock,1761,paladin,retribution,89,43,46
22214,Tsunà,antonidas,1760,paladin,retribution,48,21,27
22215,Sofhiya,silvermoon,1759,paladin,retribution,42,24,18
22216,Блэканус,blackscar,1759,paladin,retribution,54,25,29
22217,Xsÿde,archimonde,1759,paladin,retribution,84,36,48
22218,Опгоп,gordunni,1758,paladin,retribution,89,45,44
22219,Tanny,kazzak,1758,paladin,retribution,66,29,37
22220,Extremnäsa,outland,1758,paladin,retribution,102,43,59
22221,Tcret,sanguino,1757,paladin,retribution,47,25,22
22222,Riares,darkspear,1757,paladin,retribution,87,46,41
22223,Ромерл,gordunni,1754,paladin,retribution,78,43,35
22224,Zubxp,ravencrest,1753,paladin,retribution,76,37,39
22225,Данхайк,gordunni,1750,paladin,retribution,114,68,46
22226,Highfivè,ravencrest,1747,paladin,retribution,42,26,16
22227,Инфернох,howling-fjord,1746,paladin,retribution,143,74,69
22228,Yo,azshara,1745,paladin,retribution,60,33,27
22229,Plarbo,blackmoore,1745,paladin,retribution,60,30,30
22230,Hýox,malganis,1745,paladin,retribution,55,27,28
22231,Darkkissret,lightbringer,1745,paladin,retribution,66,28,38
22232,Justyowx,archimonde,1740,paladin,retribution,42,20,22
22233,Dalemiar,ravencrest,1740,paladin,retribution,111,51,60
22234,Fullflavor,bladefist,1739,paladin,retribution,48,20,28
22235,Мегопалл,blackscar,1738,paladin,retribution,90,38,52
22236,Katanaclówn,eredar,1736,paladin,retribution,118,64,54
22237,Охоху,gordunni,1735,paladin,retribution,113,61,52
22238,Valnyr,the-maelstrom,1735,paladin,retribution,66,35,31
22239,Liendry,antonidas,1735,paladin,retribution,53,28,25
22240,Солошафл,howling-fjord,1735,paladin,retribution,48,24,24
22241,Guilt,aegwynn,1735,paladin,retribution,60,26,34
22242,Flaapz,hyjal,1733,paladin,retribution,101,61,40
22243,Vanques,burning-legion,1732,paladin,retribution,41,20,21
22244,Zazalamel,hyjal,1731,paladin,retribution,48,28,20
22245,Ÿani,argent-dawn,1730,paladin,retribution,42,25,17
22246,Justivo,tarren-mill,1730,paladin,retribution,67,39,28
22247,Чупаа,howling-fjord,1728,paladin,retribution,88,47,41
22248,Пинкпуссибой,howling-fjord,1727,paladin,retribution,58,32,26
22249,Mimð,kazzak,1723,paladin,retribution,42,24,18
22250,Ërzã,outland,1723,paladin,retribution,60,23,37
22251,Zayaka,ragnaros,1723,paladin,retribution,84,30,54
22252,Rli,twisting-nether,1721,paladin,retribution,74,39,35
22253,Djrayk,archimonde,1721,paladin,retribution,36,18,18
22254,Exolie,archimonde,1720,paladin,retribution,42,21,21
22255,Miru,defias-brotherhood,1719,paladin,retribution,30,18,12
22256,Xeaa,tarren-mill,1718,paladin,retribution,42,18,24
22257,Caladys,silvermoon,1717,paladin,retribution,61,33,28
22258,Bubbleteâ,blackhand,1717,paladin,retribution,60,27,33
22259,Larnbert,argent-dawn,1715,paladin,retribution,54,27,27
22260,Ryxxii,ravencrest,1715,paladin,retribution,54,26,28
22261,Beigerbala,blackrock,1715,paladin,retribution,42,18,24
22262,Ibnkrook,archimonde,1714,paladin,retribution,48,24,24
22263,Testør,ragnaros,1714,paladin,retribution,123,55,68
22264,Honorkill,silvermoon,1713,paladin,retribution,211,118,93
22265,Холихит,gordunni,1713,paladin,retribution,95,48,47
22266,Clessington,die-aldor,1713,paladin,retribution,53,25,28
22267,Dacilez,ravencrest,1712,paladin,retribution,81,38,43
22268,Dannyvye,outland,1712,paladin,retribution,48,21,27
22269,Odin,silvermoon,1711,paladin,retribution,77,41,36
22270,Ruath,xavius,1710,paladin,retribution,101,51,50
22271,Kinvqt,tarren-mill,1710,paladin,retribution,76,36,40
22272,Slapmedaddy,die-ewige-wacht,1709,paladin,retribution,54,29,25
22273,Ayylmeow,tarren-mill,1709,paladin,retribution,56,28,28
22274,Deidâra,blackhand,1709,paladin,retribution,42,18,24
22275,Shockashy,stormscale,1708,paladin,retribution,56,31,25
22276,Gladiator,die-aldor,1708,paladin,retribution,48,25,23
22277,Drownlord,eredar,1707,paladin,retribution,30,18,12
22278,Wickedret,kazzak,1707,paladin,retribution,30,18,12
22279,Zarispal,tarren-mill,1707,paladin,retribution,39,23,16
22280,Sigmud,turalyon,1706,paladin,retribution,42,23,19
22281,Babaluga,blackrock,1706,paladin,retribution,42,21,21
22282,Cheradin,ragnaros,1705,paladin,retribution,37,18,19
22283,Mayhemx,ravencrest,1705,paladin,retribution,236,110,126
22284,Бэйгреон,gordunni,1704,paladin,retribution,122,73,49
22285,Naneno,silvermoon,1704,paladin,retribution,57,27,30
22286,Gùtz,xavius,1704,paladin,retribution,57,27,30
22287,Draìgo,nemesis,1703,paladin,retribution,35,21,14
22288,Nutqtgodx,archimonde,1702,paladin,retribution,36,21,15
22289,Arayël,archimonde,1702,paladin,retribution,54,30,24
22290,Staticdeath,ravencrest,1702,paladin,retribution,228,117,111
22291,Gwynel,argent-dawn,1702,paladin,retribution,60,28,32
22292,Almighty,ravencrest,1702,paladin,retribution,54,24,30
22293,Pog,azshara,1702,paladin,retribution,51,22,29
22294,Pârabellum,the-maelstrom,1702,paladin,retribution,93,40,53
22295,Panicmaker,ravencrest,1701,paladin,retribution,36,27,9
22296,Winkz,rajaxx,1701,paladin,retribution,36,18,18
22297,Cowwithspell,stormscale,1701,paladin,retribution,122,60,62
22298,Mirøku,silvermoon,1701,paladin,retribution,61,28,33
22299,Thórvaldr,argent-dawn,1700,paladin,retribution,54,30,24
22300,Mordar,ravencrest,1700,paladin,retribution,67,33,34
22301,Ðenlox,destromath,1699,paladin,retribution,72,29,43
22302,Bangßros,archimonde,1697,paladin,retribution,30,18,12
22303,Torvik,eredar,1697,paladin,retribution,78,40,38
22304,Dainan,blackmoore,1697,paladin,retribution,108,52,56
22305,Smirky,silvermoon,1697,paladin,retribution,42,20,22
22306,Rullatôrsven,stormscale,1697,paladin,retribution,48,18,30
22307,Wannabis,twisting-nether,1696,paladin,retribution,95,53,42
22308,Hirako,nemesis,1695,paladin,retribution,42,21,21
22309,Qarak,argent-dawn,1695,paladin,retribution,71,32,39
22310,Яправ,borean-tundra,1694,paladin,retribution,66,38,28
22311,Salti,magtheridon,1693,paladin,retribution,142,77,65
22312,Starworkal,ragnaros,1693,paladin,retribution,70,36,34
22313,Gimly,anachronos,1693,paladin,retribution,60,24,36
22314,Âyasê,blackhand,1692,paladin,retribution,53,27,26
22315,Кельритос,soulflayer,1692,paladin,retribution,46,22,24
22316,Сводимиаое,soulflayer,1692,paladin,retribution,52,24,28
22317,Mouku,stormreaver,1692,paladin,retribution,54,23,31
22318,Lazaraat,antonidas,1691,paladin,retribution,53,24,29
22319,Warmâchiine,burning-legion,1690,paladin,retribution,126,68,58
22320,Lightsaint,kazzak,1687,paladin,retribution,66,37,29
22321,Ezetrol,xavius,1687,paladin,retribution,36,18,18
22322,Зондарк,booty-bay,1687,paladin,retribution,59,24,35
22323,Holyshet,blackrock,1686,paladin,retribution,79,44,35
22324,Ønlyfâns,dragonblight,1685,paladin,retribution,66,30,36
22325,Ophillan,draenor,1685,paladin,retribution,54,24,30
22326,Mistérion,archimonde,1683,paladin,retribution,66,27,39
22327,Thàø,chants-éternels,1682,paladin,retribution,58,30,28
22328,Johannx,tarren-mill,1681,paladin,retribution,192,91,101
22329,Данбро,borean-tundra,1680,paladin,retribution,60,29,31
22330,Varunyyo,blackrock,1679,paladin,retribution,82,40,42
22331,Dudjaw,stormscale,1679,paladin,retribution,96,38,58
22332,Obackbarama,outland,1678,paladin,retribution,42,23,19
22333,Reito,eredar,1678,paladin,retribution,54,26,28
22334,Ratklng,ravencrest,1676,paladin,retribution,66,44,22
22335,Instaquez,stormscale,1676,paladin,retribution,73,38,35
22336,Blakethorn,silvermoon,1676,paladin,retribution,36,18,18
22337,Scorebit,draenor,1675,paladin,retribution,41,19,22
22338,Bajheeroth,kazzak,1674,paladin,retribution,60,38,22
22339,Purgebop,ravencrest,1673,paladin,retribution,33,22,11
22340,Mcfëë,ysondre,1673,paladin,retribution,77,41,36
22341,Lílou,blackmoore,1673,paladin,retribution,57,30,27
22342,Bjornulfr,ravencrest,1673,paladin,retribution,107,46,61
22343,Møøgødx,bronzebeard,1673,paladin,retribution,60,23,37
22344,Утипутя,goldrinn,1672,paladin,retribution,36,20,16
22345,Wootschi,arthas,1672,paladin,retribution,59,30,29
22346,Tyri,silvermoon,1671,paladin,retribution,96,50,46
22347,Дракула,howling-fjord,1671,paladin,retribution,102,53,49
22348,Аниф,ashenvale,1671,paladin,retribution,151,76,75
22349,Грайндсет,galakrond,1671,paladin,retribution,41,18,23
22350,Shakkur,varimathras,1670,paladin,retribution,30,18,12
22351,Shmndr,kazzak,1670,paladin,retribution,42,24,18
22352,Mainôs,ravencrest,1670,paladin,retribution,42,22,20
22353,Kaileena,archimonde,1669,paladin,retribution,42,25,17
22354,Ёйхйё,blackscar,1669,paladin,retribution,97,57,40
22355,Crusshqt,silvermoon,1669,paladin,retribution,90,47,43
22356,Bullsy,kazzak,1669,paladin,retribution,62,32,30
22357,Bigbuffdaddy,draenor,1669,paladin,retribution,286,142,144
22358,Vanithar,thrall,1669,paladin,retribution,48,21,27
22359,Isora,twisting-nether,1669,paladin,retribution,84,34,50
22360,Saintseiya,pozzo-delleternità,1667,paladin,retribution,36,23,13
22361,Делимнаноль,blackscar,1667,paladin,retribution,156,74,82
22362,Youmistpew,antonidas,1667,paladin,retribution,48,19,29
22363,Holymerda,grim-batol,1666,paladin,retribution,47,23,24
22364,Hèllkeepêr,archimonde,1666,paladin,retribution,41,20,21
22365,Zaaen,burning-legion,1665,paladin,retribution,72,40,32
22366,Lecutus,sunstrider,1664,paladin,retribution,87,35,52
22367,Davoss,outland,1664,paladin,retribution,45,18,27
22368,Vickdicator,stormscale,1663,paladin,retribution,68,30,38
22369,Bloodaxjr,archimonde,1662,paladin,retribution,134,75,59
22370,Шакиори,gordunni,1662,paladin,retribution,46,25,21
22371,Deadholland,ravencrest,1662,paladin,retribution,140,73,67
22372,Deriøt,dun-modr,1662,paladin,retribution,54,27,27
22373,Elbígotes,dun-modr,1661,paladin,retribution,42,23,19
22374,Pruntadin,silvermoon,1661,paladin,retribution,78,36,42
22375,Denounce,defias-brotherhood,1661,paladin,retribution,57,22,35
22376,Sünlight,nemesis,1660,paladin,retribution,116,54,62
22377,Focuspally,outland,1659,paladin,retribution,54,29,25
22378,Misako,sanguino,1657,paladin,retribution,124,62,62
22379,Sántouryu,ravencrest,1657,paladin,retribution,213,104,109
22380,Drakingsang,blackhand,1657,paladin,retribution,84,35,49
22381,Auriuss,defias-brotherhood,1656,paladin,retribution,177,95,82
22382,Kouyhalaide,hyjal,1656,paladin,retribution,48,24,24
22383,Telionrootan,die-aldor,1655,paladin,retribution,58,29,29
22384,Niou,alleria,1654,paladin,retribution,53,27,26
22385,Сёмаигрок,soulflayer,1654,paladin,retribution,54,26,28
22386,Aylion,blackrock,1653,paladin,retribution,42,28,14
22387,Earendìl,blackmoore,1653,paladin,retribution,54,31,23
22388,Zynuwu,blackmoore,1653,paladin,retribution,42,22,20
22389,Valin,frostmane,1653,paladin,retribution,66,29,37
22390,Irondawg,rajaxx,1653,paladin,retribution,56,21,35
22391,Íbossít,doomhammer,1652,paladin,retribution,66,36,30
22392,Райтивуд,howling-fjord,1652,paladin,retribution,110,58,52
22393,Русэльф,howling-fjord,1652,paladin,retribution,87,45,42
22394,Yana,blackrock,1652,paladin,retribution,43,22,21
22395,Диманватикан,howling-fjord,1652,paladin,retribution,60,27,33
22396,Xila,blackrock,1652,paladin,retribution,60,24,36
22397,Rugila,ragnaros,1651,paladin,retribution,152,87,65
22398,Xciepo,rexxar,1651,paladin,retribution,60,24,36
22399,Claymore,ravenholdt,1651,paladin,retribution,53,20,33
22400,Gaalarr,burning-legion,1650,paladin,retribution,36,20,16
22401,Harlequina,argent-dawn,1650,paladin,retribution,40,20,20
22402,Zuveron,the-maelstrom,1650,paladin,retribution,54,23,31
22403,Screws,dun-modr,1650,paladin,retribution,54,22,32
22404,Unschúld,blackrock,1649,paladin,retribution,121,68,53
22405,Aederec,argent-dawn,1649,paladin,retribution,78,42,36
22406,Shenwarr,twisting-nether,1649,paladin,retribution,36,19,17
22407,Хаспадин,gordunni,1649,paladin,retribution,42,21,21
22408,Akrobatka,sanguino,1649,paladin,retribution,60,25,35
22409,Ослепителен,eversong,1649,paladin,retribution,48,19,29
22410,Elisabeth,kazzak,1648,paladin,retribution,72,31,41
22411,Spegepølse,silvermoon,1647,paladin,retribution,74,42,32
22412,Dankin,pozzo-delleternità,1647,paladin,retribution,52,25,27
22413,Wakke,outland,1646,paladin,retribution,32,23,9
22414,Талрэн,howling-fjord,1646,paladin,retribution,60,31,29
22415,Сандалар,gordunni,1646,paladin,retribution,54,24,30
22416,Кавайнекс,azuregos,1645,paladin,retribution,116,58,58
22417,Trølled,aegwynn,1645,paladin,retribution,144,67,77
22418,Batteldin,blackmoore,1644,paladin,retribution,152,89,63
22419,Cîzzar,burning-legion,1644,paladin,retribution,153,85,68
22420,Релаин,gordunni,1644,paladin,retribution,54,23,31
22421,Галиор,soulflayer,1643,paladin,retribution,30,20,10
22422,Лакостик,howling-fjord,1643,paladin,retribution,48,21,27
22423,Neiiz,ragnaros,1643,paladin,retribution,52,20,32
22424,Zeggayodax,nemesis,1642,paladin,retribution,36,21,15
22425,Limitles,nemesis,1642,paladin,retribution,45,18,27
22426,Bikkuz,kazzak,1641,paladin,retribution,42,28,14
22427,Gigasack,ravencrest,1641,paladin,retribution,36,23,13
22428,Саймум,blackscar,1641,paladin,retribution,57,29,28
22429,Powerpuffret,antonidas,1640,paladin,retribution,72,40,32
22430,Иев,howling-fjord,1640,paladin,retribution,53,23,30
22431,Димасгачи,gordunni,1638,paladin,retribution,42,32,10
22432,Thmas,tarren-mill,1638,paladin,retribution,84,46,38
22433,Аскеттх,gordunni,1638,paladin,retribution,66,33,33
22434,Brabop,zirkel-des-cenarius,1637,paladin,retribution,42,22,20
22435,Afhvahj,tichondrius,1637,paladin,retribution,119,62,57
22436,Namapala,silvermoon,1637,paladin,retribution,92,44,48
22437,Dízeltekurva,ragnaros,1636,paladin,retribution,42,21,21
22438,Badbuññy,sylvanas,1636,paladin,retribution,54,24,30
22439,Trenvendor,ravencrest,1635,paladin,retribution,33,22,11
22440,Mácá,outland,1635,paladin,retribution,30,20,10
22441,Valhella,stormscale,1635,paladin,retribution,115,60,55
22442,Naexea,archimonde,1635,paladin,retribution,60,28,32
22443,Møg,blackrock,1635,paladin,retribution,54,20,34
22444,Belnadris,eredar,1634,paladin,retribution,58,35,23
22445,Arturius,ravencrest,1634,paladin,retribution,60,30,30
22446,Breakdøwñ,blackrock,1634,paladin,retribution,148,63,85
22447,Palagray,blackmoore,1633,paladin,retribution,173,100,73
22448,Keft,twisting-nether,1633,paladin,retribution,35,19,16
22449,Retaxx,outland,1633,paladin,retribution,36,19,17
22450,Прожектор,gordunni,1633,paladin,retribution,48,25,23
22451,Майлайт,gordunni,1632,paladin,retribution,88,54,34
22452,Azûl,archimonde,1632,paladin,retribution,102,54,48
22453,Jout,tarren-mill,1632,paladin,retribution,132,65,67
22454,Itsgossiplol,twisting-nether,1632,paladin,retribution,74,30,44
22455,Flipzz,blackrock,1631,paladin,retribution,26,18,8
22456,Needel,argent-dawn,1631,paladin,retribution,47,26,21
22457,Draizor,twisting-nether,1631,paladin,retribution,89,42,47
22458,Ibuc,blackrock,1630,paladin,retribution,36,21,15
22459,Loratheon,stormscale,1630,paladin,retribution,30,17,13
22460,Djcurry,archimonde,1630,paladin,retribution,30,17,13
22461,Antsh,nemesis,1629,paladin,retribution,36,22,14
22462,Bobiwan,ravencrest,1629,paladin,retribution,30,17,13
22463,Krîstal,aegwynn,1629,paladin,retribution,41,20,21
22464,Gilet,argent-dawn,1628,paladin,retribution,30,18,12
22465,Tyrael,darksorrow,1628,paladin,retribution,200,100,100
22466,Wyllian,grim-batol,1628,paladin,retribution,48,23,25
22467,Коссандра,greymane,1628,paladin,retribution,47,21,26
22468,Lifepower,nemesis,1627,paladin,retribution,34,21,13
22469,Zeusp,archimonde,1626,paladin,retribution,42,21,21
22470,Zarron,blackrock,1626,paladin,retribution,42,20,22
22471,Bluehustler,tarren-mill,1625,paladin,retribution,117,48,69
22472,Wyzpal,archimonde,1624,paladin,retribution,42,24,18
22473,Lisma,bloodfeather,1623,paladin,retribution,47,26,21
22474,Retstarr,draenor,1623,paladin,retribution,90,47,43
22475,Bigducc,draenor,1623,paladin,retribution,41,20,21
22476,Notpitball,kazzak,1623,paladin,retribution,48,23,25
22477,Brecs,frostmourne,1623,paladin,retribution,84,36,48
22478,Saintys,sylvanas,1621,paladin,retribution,44,24,20
22479,Threathor,outland,1621,paladin,retribution,135,72,63
22480,Kraakz,sanguino,1621,paladin,retribution,35,18,17
22481,Анастэриан,thermaplugg,1621,paladin,retribution,78,39,39
22482,Dreamwatcher,outland,1621,paladin,retribution,48,21,27
22483,Хохахо,howling-fjord,1620,paladin,retribution,30,17,13
22484,Ajkulaa,kazzak,1620,paladin,retribution,74,35,39
22485,Ilikejudge,blackmoore,1620,paladin,retribution,78,31,47
22486,Combinecka,chamber-of-aspects,1619,paladin,retribution,118,60,58
22487,Rullatorsvèn,stormscale,1619,paladin,retribution,42,17,25
22488,Charmxx,stormscale,1618,paladin,retribution,30,18,12
22489,Lonesolo,sylvanas,1618,paladin,retribution,36,20,16
22490,Sletlana,burning-blade,1618,paladin,retribution,42,21,21
22491,Menephannt,outland,1618,paladin,retribution,39,18,21
22492,Bloodsworn,stormrage,1617,paladin,retribution,90,58,32
22493,Bancu,outland,1617,paladin,retribution,30,17,13
22494,Фатумм,howling-fjord,1617,paladin,retribution,36,18,18
22495,Ertheus,argent-dawn,1617,paladin,retribution,48,21,27
22496,Okcså,ragnaros,1617,paladin,retribution,64,25,39
22497,Ассайоу,soulflayer,1616,paladin,retribution,60,21,39
22498,Mommyret,draenor,1615,paladin,retribution,84,45,39
22499,Holyblast,archimonde,1615,paladin,retribution,42,22,20
22500,Vuup,silvermoon,1615,paladin,retribution,42,19,23
22501,Хексали,soulflayer,1614,paladin,retribution,51,25,26
22502,Kayøz,aegwynn,1613,paladin,retribution,72,36,36
22503,Leoxander,outland,1613,paladin,retribution,42,21,21
22504,Nanisunda,thrall,1613,paladin,retribution,132,63,69
22505,Mangz,ysondre,1612,paladin,retribution,36,25,11
22506,Briman,neptulon,1612,paladin,retribution,60,37,23
22507,Milkadìn,twisting-nether,1612,paladin,retribution,60,31,29
22508,Nergigante,drekthar,1612,paladin,retribution,48,23,25
22509,Paradoxiâ,thrall,1612,paladin,retribution,60,28,32
22510,Nøvå,ravencrest,1612,paladin,retribution,66,29,37
22511,Modeladin,ragnaros,1612,paladin,retribution,64,28,36
22512,Lyraestra,hyjal,1612,paladin,retribution,66,28,38
22513,Wellmetqt,aegwynn,1611,paladin,retribution,95,40,55
22514,Karyouka,archimonde,1610,paladin,retribution,54,33,21
22515,Мяумяухх,soulflayer,1610,paladin,retribution,196,104,92
22516,Discølove,blackmoore,1610,paladin,retribution,43,21,22
22517,Vylnoa,twisting-nether,1610,paladin,retribution,139,62,77
22518,Grimstark,argent-dawn,1609,paladin,retribution,36,23,13
22519,Promise,dun-modr,1609,paladin,retribution,60,32,28
22520,Racduck,dunemaul,1609,paladin,retribution,64,30,34
22521,Snødunkern,outland,1609,paladin,retribution,96,41,55
22522,Rettalius,ravencrest,1609,paladin,retribution,99,41,58
22523,Mystixd,talnivarr,1608,paladin,retribution,42,31,11
22524,Hølypowah,tarren-mill,1608,paladin,retribution,24,17,7
22525,Alammar,burning-legion,1608,paladin,retribution,30,18,12
22526,Ливх,blackscar,1608,paladin,retribution,41,23,18
22527,Akaasix,stormscale,1608,paladin,retribution,45,24,21
22528,Vodax,argent-dawn,1608,paladin,retribution,72,37,35
22529,Elohim,echsenkessel,1608,paladin,retribution,75,36,39
22530,Рикшак,howling-fjord,1608,paladin,retribution,42,17,25
22531,Biggboii,twisting-nether,1608,paladin,retribution,48,19,29
22532,Koly,dun-modr,1607,paladin,retribution,30,17,13
22533,Кинбул,ashenvale,1607,paladin,retribution,30,17,13
22534,Ревирант,gordunni,1607,paladin,retribution,39,21,18
22535,Ттиаматт,howling-fjord,1607,paladin,retribution,36,17,19
22536,Эллесар,blackscar,1607,paladin,retribution,132,62,70
22537,Angelisho,zuljin,1607,paladin,retribution,83,35,48
22538,Fisslol,kazzak,1606,paladin,retribution,66,31,35
22539,Xinze,ravencrest,1605,paladin,retribution,30,17,13
22540,Asærý,blackmoore,1605,paladin,retribution,51,26,25
22541,Frankostyle,sanguino,1605,paladin,retribution,59,28,31
22542,Ярослэйв,howling-fjord,1605,paladin,retribution,51,23,28
22543,Elesmerias,dalaran,1604,paladin,retribution,65,36,29
22544,Tìtan,ravencrest,1604,paladin,retribution,48,25,23
22545,Кронкс,howling-fjord,1604,paladin,retribution,141,73,68
22546,Tinyandy,blackrock,1604,paladin,retribution,48,21,27
22547,Эвангер,gordunni,1604,paladin,retribution,42,17,25
22548,Витурус,howling-fjord,1604,paladin,retribution,60,21,39
22549,Bíceron,sanguino,1602,paladin,retribution,52,26,26
22550,Hargreeve,ravencrest,1602,paladin,retribution,48,24,24
22551,Синодушка,blackscar,1602,paladin,retribution,40,19,21
22552,Fordragon,twisting-nether,1602,paladin,retribution,54,21,33
22553,Pappnas,aegwynn,1601,paladin,retribution,30,17,13
22554,Quasimod,ravencrest,1601,paladin,retribution,30,17,13
22555,Alatie,dentarg,1601,paladin,retribution,48,24,24
22556,Akoumb,twisting-nether,1601,paladin,retribution,90,44,46
22557,Thun,azjolnerub,1601,paladin,retribution,36,17,19
22558,Zwergicus,alexstrasza,1601,paladin,retribution,71,33,38
22559,Holyhäätz,aegwynn,1600,paladin,retribution,30,19,11
22560,Zélix,bronzebeard,1600,paladin,retribution,72,43,29
22561,Guccishock,twisting-nether,1600,paladin,retribution,85,48,37
22562,Skippadin,ravencrest,1600,paladin,retribution,59,30,29
22563,Батллграунт,soulflayer,1599,paladin,retribution,95,60,35
22564,Carlash,draenor,1599,paladin,retribution,96,53,43
22565,Djcrusade,twisting-nether,1599,paladin,retribution,140,77,63
22566,Daoht,ysondre,1599,paladin,retribution,54,28,26
22567,Рамзеса,soulflayer,1599,paladin,retribution,48,22,26
22568,Baxxster,blackhand,1598,paladin,retribution,48,20,28
22569,Wuzzle,azshara,1597,paladin,retribution,36,22,14
22570,Exoblade,twisting-nether,1597,paladin,retribution,60,32,28
22571,Elisight,ravencrest,1597,paladin,retribution,36,17,19
22572,Братстепина,gordunni,1596,paladin,retribution,48,21,27
22573,Nlyrld,magtheridon,1595,paladin,retribution,36,19,17
22574,Eärendil,drakthul,1595,paladin,retribution,60,29,31
22575,Shanice,twilights-hammer,1595,paladin,retribution,36,17,19
22576,Byakkospal,tarren-mill,1594,paladin,retribution,66,36,30
22577,Palwig,tarren-mill,1594,paladin,retribution,136,70,66
22578,Ïdø,hyjal,1594,paladin,retribution,108,46,62
22579,Relius,outland,1594,paladin,retribution,57,21,36
22580,Crohnox,nemesis,1593,paladin,retribution,62,30,32
22581,Draeymora,thrall,1592,paladin,retribution,49,27,22
22582,Dabeefchief,outland,1590,paladin,retribution,28,21,7
22583,Атикинс,gordunni,1590,paladin,retribution,114,54,60
22584,Pallidino,antonidas,1590,paladin,retribution,47,20,27
22585,Sstalowy,silvermoon,1589,paladin,retribution,151,74,77
22586,Ahpoual,archimonde,1588,paladin,retribution,64,39,25
22587,Владыкасвета,borean-tundra,1588,paladin,retribution,120,64,56
22588,Gigajudge,ravencrest,1588,paladin,retribution,48,25,23
22589,Raoun,archimonde,1588,paladin,retribution,48,23,25
22590,Shaylaru,tarren-mill,1587,paladin,retribution,41,22,19
22591,Altundrdel,ravencrest,1587,paladin,retribution,60,31,29
22592,Асканиэль,howling-fjord,1586,paladin,retribution,84,37,47
22593,Meìster,blackmoore,1586,paladin,retribution,48,20,28
22594,Guskey,draenor,1585,paladin,retribution,48,23,25
22595,Eniste,silvermoon,1585,paladin,retribution,80,36,44
22596,Emostylex,draenor,1585,paladin,retribution,101,40,61
22597,Девствениица,gordunni,1584,paladin,retribution,36,22,14
22598,Lawtõn,argent-dawn,1584,paladin,retribution,120,64,56
22599,Джамбит,howling-fjord,1584,paladin,retribution,42,22,20
22600,Runhexi,silvermoon,1583,paladin,retribution,147,75,72
22601,Cilise,bronzebeard,1583,paladin,retribution,54,24,30
22602,Шэйкер,blackscar,1583,paladin,retribution,79,35,44
22603,Slump,ravencrest,1582,paladin,retribution,73,38,35
22604,Aerieon,draenor,1582,paladin,retribution,42,21,21
22605,Дезоиль,gordunni,1582,paladin,retribution,42,19,23
22606,Irenita,kazzak,1582,paladin,retribution,54,23,31
22607,Xyzl,argent-dawn,1581,paladin,retribution,78,46,32
22608,Ämÿcüs,zuljin,1581,paladin,retribution,66,37,29
22609,Vitacé,burning-legion,1578,paladin,retribution,42,21,21
22610,Uliko,twisting-nether,1577,paladin,retribution,48,26,22
22611,Мува,soulflayer,1577,paladin,retribution,44,19,25
22612,Bagok,drakthul,1576,paladin,retribution,42,26,16
22613,Novania,perenolde,1576,paladin,retribution,42,20,22
22614,Korendil,frostmane,1576,paladin,retribution,48,19,29
22615,Emìnem,kazzak,1575,paladin,retribution,63,33,30
22616,Наспидах,grom,1575,paladin,retribution,55,20,35
22617,Báldür,silvermoon,1574,paladin,retribution,60,30,30
22618,Lazone,ysondre,1574,paladin,retribution,40,20,20
22619,Azlaya,sargeras,1573,paladin,retribution,117,55,62
22620,Opsyoudie,kazzak,1573,paladin,retribution,111,51,60
22621,Gulinborsti,aegwynn,1572,paladin,retribution,54,36,18
22622,Zaatar,stormscale,1572,paladin,retribution,53,30,23
22623,Салутан,thermaplugg,1572,paladin,retribution,86,39,47
22624,Nexzz,outland,1570,paladin,retribution,35,26,9
22625,Сангвиний,howling-fjord,1570,paladin,retribution,138,64,74
22626,Mearsheimer,ysondre,1570,paladin,retribution,42,18,24
22627,Йосяфлексер,howling-fjord,1569,paladin,retribution,102,56,46
22628,Luhae,archimonde,1568,paladin,retribution,72,44,28
22629,Биоразлагаем,gordunni,1568,paladin,retribution,78,41,37
22630,Havefunzqt,archimonde,1568,paladin,retribution,41,21,20
22631,Paellysuir,blackmoore,1567,paladin,retribution,108,54,54
22632,Paakz,stormscale,1567,paladin,retribution,149,73,76
22633,Budgetcara,stormscale,1566,paladin,retribution,29,17,12
22634,Aethelwold,ragnaros,1565,paladin,retribution,132,56,76
22635,Kathí,kazzak,1563,paladin,retribution,24,18,6
22636,Trixzie,blackhand,1563,paladin,retribution,36,18,18
22637,Justyferr,nemesis,1563,paladin,retribution,41,17,24
22638,Myridan,bloodhoof,1562,paladin,retribution,36,19,17
22639,Jiraaqi,silvermoon,1562,paladin,retribution,53,27,26
22640,Qïkarï,antonidas,1561,paladin,retribution,61,35,26
22641,Joniopala,stormreaver,1561,paladin,retribution,41,17,24
22642,Imaturtle,darksorrow,1561,paladin,retribution,54,19,35
22643,Sikthorlan,ravencrest,1559,paladin,retribution,36,20,16
22644,Kaitlyne,tarren-mill,1559,paladin,retribution,223,110,113
22645,Mâterîa,antonidas,1558,paladin,retribution,96,49,47
22646,Blówout,tarren-mill,1557,paladin,retribution,42,23,19
22647,Seraphyonhd,blackmoore,1555,paladin,retribution,58,32,26
22648,Røck,aggra-português,1555,paladin,retribution,131,72,59
22649,Kaleyra,argent-dawn,1555,paladin,retribution,42,17,25
22650,Ùthér,sylvanas,1554,paladin,retribution,43,22,21
22651,Tîrana,ysondre,1554,paladin,retribution,45,20,25
22652,Siorraidh,archimonde,1553,paladin,retribution,30,17,13
22653,Taiso,alonsus,1552,paladin,retribution,59,30,29
22654,Ruotollo,ravencrest,1552,paladin,retribution,39,17,22
22655,Lestaf,the-maelstrom,1551,paladin,retribution,38,20,18
22656,Cauze,ravencrest,1551,paladin,retribution,144,75,69
22657,Johnßlake,dun-modr,1551,paladin,retribution,78,40,38
22658,Elyox,ravencrest,1551,paladin,retribution,36,18,18
22659,Lamohru,argent-dawn,1550,paladin,retribution,42,18,24
22660,Аилерия,howling-fjord,1548,paladin,retribution,224,118,106
22661,Sunhalo,twisting-nether,1548,paladin,retribution,41,18,23
22662,Цитрон,blackscar,1546,paladin,retribution,24,17,7
22663,Лаитнем,gordunni,1546,paladin,retribution,66,40,26
22664,Apokalipsnik,drakthul,1546,paladin,retribution,42,20,22
22665,Zneeks,shattered-hand,1545,paladin,retribution,30,19,11
22666,Neverknõw,draenor,1545,paladin,retribution,30,18,12
22667,Bsepal,silvermoon,1545,paladin,retribution,54,31,23
22668,Nashret,kazzak,1545,paladin,retribution,42,20,22
22669,Notdeadfred,silvermoon,1543,paladin,retribution,36,23,13
22670,Jøøs,sargeras,1543,paladin,retribution,69,42,27
22671,Мизуриэль,howling-fjord,1543,paladin,retribution,42,24,18
22672,Timal,eitrigg,1543,paladin,retribution,67,35,32
22673,Maybach,onyxia,1543,paladin,retribution,66,31,35
22674,Xëlâ,archimonde,1542,paladin,retribution,57,29,28
22675,Раффаэло,borean-tundra,1542,paladin,retribution,90,43,47
22676,Kènpachî,blackrock,1542,paladin,retribution,48,22,26
22677,Эеомли,blackscar,1541,paladin,retribution,51,25,26
22678,Obsidyen,outland,1541,paladin,retribution,38,17,21
22679,Гневнебес,howling-fjord,1541,paladin,retribution,84,36,48
22680,Zeldalòl,outland,1541,paladin,retribution,59,25,34
22681,Arrious,frostmane,1540,paladin,retribution,47,25,22
22682,Волатбай,gordunni,1539,paladin,retribution,54,33,21
22683,Лакоста,ashenvale,1538,paladin,retribution,57,26,31
22684,Ysell,sargeras,1538,paladin,retribution,44,20,24
22685,Seductîve,kazzak,1537,paladin,retribution,84,50,34
22686,Темплеар,gordunni,1537,paladin,retribution,48,17,31
22687,Râoh,arathi,1536,paladin,retribution,66,34,32
22688,Argentø,ravencrest,1535,paladin,retribution,138,71,67
22689,Vleisboom,ravencrest,1534,paladin,retribution,42,23,19
22690,Rimlod,saurfang,1533,paladin,retribution,66,37,29
22691,Orti,sanguino,1533,paladin,retribution,59,33,26
22692,Руказакона,deathguard,1533,paladin,retribution,67,32,35
22693,Giroud,dalaran,1532,paladin,retribution,30,16,14
22694,Mofawilli,blackrock,1531,paladin,retribution,60,35,25
22695,Hanksolos,drakthul,1531,paladin,retribution,40,22,18
22696,Jorhall,antonidas,1531,paladin,retribution,103,54,49
22697,Interop,tarren-mill,1530,paladin,retribution,30,18,12
22698,Bullstorm,burning-legion,1530,paladin,retribution,36,19,17
22699,Tharizod,nagrand,1530,paladin,retribution,68,34,34
22700,Dananas,draenor,1530,paladin,retribution,54,20,34
22701,Вайлдбебриз,eversong,1529,paladin,retribution,24,17,7
22702,Riskha,archimonde,1529,paladin,retribution,45,31,14
22703,Kawabanga,the-maelstrom,1529,paladin,retribution,46,25,21
22704,Júdger,twisting-nether,1528,paladin,retribution,77,38,39
22705,Ришардебюр,soulflayer,1528,paladin,retribution,71,34,37
22706,Кузькинамать,greymane,1527,paladin,retribution,102,42,60
22707,Lycasia,hyjal,1527,paladin,retribution,42,17,25
22708,Galevar,argent-dawn,1526,paladin,retribution,108,55,53
22709,Knigh,draenor,1525,paladin,retribution,90,45,45
22710,Xawier,ghostlands,1524,paladin,retribution,54,28,26
22711,Lightwitcher,silvermoon,1524,paladin,retribution,60,23,37
22712,Wingzy,hyjal,1523,paladin,retribution,36,16,20
22713,Mograine,die-aldor,1522,paladin,retribution,106,55,51
22714,Shroomez,frostmane,1522,paladin,retribution,46,23,23
22715,Retdead,nordrassil,1522,paladin,retribution,36,16,20
22716,Stazo,drakthul,1522,paladin,retribution,36,16,20
22717,Auryel,nemesis,1521,paladin,retribution,44,22,22
22718,Snackzy,twisting-nether,1521,paladin,retribution,54,25,29
22719,Цитология,borean-tundra,1520,paladin,retribution,84,53,31
22720,Créo,draenor,1520,paladin,retribution,36,17,19
22721,Dalbo,aegwynn,1518,paladin,retribution,24,19,5
22722,Таптыгин,gordunni,1518,paladin,retribution,36,16,20
22723,Adiútrix,silvermoon,1517,paladin,retribution,48,30,18
22724,Codindio,silvermoon,1516,paladin,retribution,76,39,37
22725,Somixd,ragnaros,1516,paladin,retribution,152,75,77
22726,Saedrick,nemesis,1516,paladin,retribution,42,16,26
22727,Gashqx,hyjal,1515,paladin,retribution,45,32,13
22728,Rapwnzel,sylvanas,1515,paladin,retribution,60,30,30
22729,Hys,stormscale,1514,paladin,retribution,42,23,19
22730,Slayfer,dun-modr,1513,paladin,retribution,60,26,34
22731,Theladrie,blackhand,1512,paladin,retribution,30,16,14
22732,Io,frostwolf,1512,paladin,retribution,161,75,86
22733,Lawlight,frostmane,1511,paladin,retribution,81,42,39
22734,Addwyr,blackrock,1511,paladin,retribution,54,26,28
22735,Ceccil,dun-modr,1509,paladin,retribution,54,33,21
22736,Impaross,shattrath,1509,paladin,retribution,159,87,72
22737,Xtekz,tarren-mill,1509,paladin,retribution,32,17,15
22738,Mooses,stormscale,1509,paladin,retribution,66,34,32
22739,Торсгад,gordunni,1507,paladin,retribution,30,16,14
22740,Günselsen,antonidas,1507,paladin,retribution,204,107,97
22741,Ínvi,aegwynn,1507,paladin,retribution,51,26,25
22742,Истенен,blackscar,1507,paladin,retribution,90,39,51
22743,Runcarsnwpen,kazzak,1506,paladin,retribution,29,20,9
22744,Росиель,soulflayer,1506,paladin,retribution,80,40,40
22745,Splasher,grim-batol,1506,paladin,retribution,60,29,31
22746,Ulrhik,nemesis,1506,paladin,retribution,75,30,45
22747,Paradoax,quelthalas,1505,paladin,retribution,30,16,14
22748,Tazkaz,archimonde,1505,paladin,retribution,56,27,29
22749,Термотравка,grom,1504,paladin,retribution,144,67,77
22750,Шоринг,gordunni,1503,paladin,retribution,48,25,23
22751,Борссалино,gordunni,1503,paladin,retribution,87,41,46
22752,Séanors,archimonde,1502,paladin,retribution,22,17,5
22753,Logikoma,tarren-mill,1502,paladin,retribution,30,20,10
22754,Supergallows,shattered-hand,1502,paladin,retribution,42,17,25
22755,Elrandil,kazzak,1501,paladin,retribution,78,35,43
22756,Enveador,garrosh,1500,paladin,retribution,60,35,25
22757,Tekåpal,tarren-mill,1499,paladin,retribution,42,16,26
22758,Jathx,silvermoon,1498,paladin,retribution,62,36,26
22759,Ralphias,tarren-mill,1498,paladin,retribution,72,32,40
22760,Rafflesia,sanguino,1498,paladin,retribution,47,16,31
22761,Stelanâal,archimonde,1497,paladin,retribution,80,40,40
22762,Válé,silvermoon,1497,paladin,retribution,92,42,50
22763,Apolytos,laughing-skull,1497,paladin,retribution,71,28,43
22764,Mattiesko,kazzak,1496,paladin,retribution,139,72,67
22765,Колсет,soulflayer,1496,paladin,retribution,43,20,23
22766,Варблэйз,gordunni,1495,paladin,retribution,30,16,14
22767,Forja,silvermoon,1495,paladin,retribution,51,23,28
22768,Hornybìlly,stormscale,1494,paladin,retribution,42,16,26
22769,Маркант,gordunni,1493,paladin,retribution,72,42,30
22770,Trisunonvaki,khazgoroth,1493,paladin,retribution,119,65,54
22771,Тьёрн,gordunni,1493,paladin,retribution,48,26,22
22772,Bubblebuttx,ghostlands,1493,paladin,retribution,42,22,20
22773,Dantrag,eredar,1493,paladin,retribution,54,20,34
22774,Ben,ghostlands,1492,paladin,retribution,24,16,8
22775,Clamjam,sylvanas,1492,paladin,retribution,48,16,32
22776,Násty,twisting-nether,1491,paladin,retribution,137,68,69
22777,Jimrogier,argent-dawn,1491,paladin,retribution,54,25,29
22778,Blader,darksorrow,1491,paladin,retribution,66,29,37
22779,Swàyz,archimonde,1491,paladin,retribution,120,51,69
22780,Малоко,thermaplugg,1490,paladin,retribution,36,18,18
22781,Cassandrina,kazzak,1489,paladin,retribution,59,32,27
22782,Selaphíel,kazzak,1489,paladin,retribution,150,78,72
22783,Angelcore,tarren-mill,1489,paladin,retribution,170,88,82
22784,Riukÿ,nemesis,1489,paladin,retribution,47,24,23
22785,Jeriiret,khaz-modan,1488,paladin,retribution,42,22,20
22786,Sonarix,blackrock,1488,paladin,retribution,51,26,25
22787,Менетиил,galakrond,1488,paladin,retribution,52,17,35
22788,Bloodyret,outland,1486,paladin,retribution,60,26,34
22789,Хоулик,howling-fjord,1485,paladin,retribution,63,36,27
22790,Astolfia,silvermoon,1485,paladin,retribution,37,21,16
22791,Humphry,vashj,1485,paladin,retribution,54,27,27
22792,Baldivar,silvermoon,1484,paladin,retribution,66,38,28
22793,Theodór,antonidas,1484,paladin,retribution,71,28,43
22794,Catar,arathor,1482,paladin,retribution,157,87,70
22795,Osïrïs,kazzak,1481,paladin,retribution,81,35,46
22796,Glàdiator,outland,1481,paladin,retribution,75,32,43
22797,Uxxer,sanguino,1479,paladin,retribution,41,23,18
22798,Portgas,hyjal,1479,paladin,retribution,48,24,24
22799,Beefdaddyy,kazzak,1478,paladin,retribution,41,20,21
22800,Романтик,deathweaver,1477,paladin,retribution,42,18,24
22801,Bloodpaly,silvermoon,1476,paladin,retribution,64,27,37
22802,Blekadin,ragnaros,1475,paladin,retribution,44,22,22
22803,Lightbrîng,hyjal,1475,paladin,retribution,84,37,47
22804,Santaclaus,zuljin,1474,paladin,retribution,30,19,11
22805,Boomboomciao,draenor,1473,paladin,retribution,30,21,9
22806,Лусейд,howling-fjord,1473,paladin,retribution,41,28,13
22807,Nfxx,argent-dawn,1473,paladin,retribution,42,25,17
22808,Snibsxpala,silvermoon,1473,paladin,retribution,41,20,21
22809,Arfeniel,stormscale,1470,paladin,retribution,66,27,39
22810,Craaw,archimonde,1468,paladin,retribution,71,28,43
22811,Schôck,eredar,1467,paladin,retribution,33,16,17
22812,Annyaiva,outland,1467,paladin,retribution,66,27,39
22813,Sieghard,aegwynn,1466,paladin,retribution,138,68,70
22814,Majk,hellscream,1466,paladin,retribution,61,24,37
22815,Вэис,borean-tundra,1465,paladin,retribution,35,18,17
22816,Leeroyjinks,twisting-nether,1464,paladin,retribution,36,21,15
22817,Noxxiê,blackmoore,1464,paladin,retribution,36,20,16
22818,Gazïel,kaelthas,1464,paladin,retribution,60,32,28
22819,Хамили,gordunni,1464,paladin,retribution,42,18,24
22820,Deloréane,archimonde,1463,paladin,retribution,39,17,22
22821,Gymly,kazzak,1462,paladin,retribution,156,87,69
22822,Sickbolt,eredar,1461,paladin,retribution,84,47,37
22823,Albz,laughing-skull,1461,paladin,retribution,36,17,19
22824,Malemanlad,silvermoon,1460,paladin,retribution,132,67,65
22825,Teryanna,ragnaros,1460,paladin,retribution,74,29,45
22826,Tuppo,argent-dawn,1459,paladin,retribution,79,35,44
22827,Doomgape,alakir,1459,paladin,retribution,82,34,48
22828,Zanreti,outland,1458,paladin,retribution,110,57,53
22829,Альфазеро,howling-fjord,1458,paladin,retribution,46,19,27
22830,Zehnya,grim-batol,1457,paladin,retribution,94,51,43
22831,Leroya,blackrock,1457,paladin,retribution,35,18,17
22832,Jaro,alleria,1457,paladin,retribution,33,16,17
22833,Кветирон,soulflayer,1457,paladin,retribution,96,45,51
22834,Ficsuur,ragnaros,1456,paladin,retribution,175,88,87
22835,Ветрум,gordunni,1456,paladin,retribution,36,18,18
22836,Мистеравадон,gordunni,1456,paladin,retribution,132,57,75
22837,Hàsbulla,khaz-modan,1455,paladin,retribution,95,50,45
22838,Moodý,ragnaros,1455,paladin,retribution,88,43,45
22839,Elinmogz,kazzak,1454,paladin,retribution,26,16,10
22840,Грузор,gordunni,1454,paladin,retribution,48,28,20
22841,Atemes,malorne,1453,paladin,retribution,27,17,10
22842,Whitebreeze,sanguino,1453,paladin,retribution,64,34,30
22843,Iljanaqt,blackrock,1452,paladin,retribution,64,26,38
22844,Айэмбомб,howling-fjord,1450,paladin,retribution,40,20,20
22845,Тюрр,lich-king,1450,paladin,retribution,49,23,26
22846,Uraraka,burning-blade,1449,paladin,retribution,30,22,8
22847,Жанож,gordunni,1449,paladin,retribution,36,20,16
22848,Wadey,tarren-mill,1449,paladin,retribution,54,25,29
22849,Koami,blackmoore,1448,paladin,retribution,42,21,21
22850,Oldsqlmofu,blackrock,1448,paladin,retribution,36,17,19
22851,Àræs,archimonde,1448,paladin,retribution,66,27,39
22852,Lukeus,the-maelstrom,1447,paladin,retribution,78,43,35
22853,Асшура,howling-fjord,1447,paladin,retribution,40,20,20
22854,Teìltaus,eredar,1446,paladin,retribution,60,28,32
22855,Finñ,sylvanas,1445,paladin,retribution,59,29,30
22856,Lerie,ravencrest,1444,paladin,retribution,39,19,20
22857,Allenn,tarren-mill,1444,paladin,retribution,35,16,19
22858,Feelmylight,tarren-mill,1444,paladin,retribution,35,16,19
22859,Frutte,malganis,1443,paladin,retribution,48,27,21
22860,Valarians,nemesis,1443,paladin,retribution,30,16,14
22861,Pliscken,kazzak,1443,paladin,retribution,41,17,24
22862,Torpala,burning-legion,1441,paladin,retribution,36,18,18
22863,Nothonnest,archimonde,1440,paladin,retribution,34,23,11
22864,Zebramann,silvermoon,1438,paladin,retribution,81,45,36
22865,Hogan,blackmoore,1438,paladin,retribution,36,20,16
22866,Dinønuggets,ravencrest,1438,paladin,retribution,30,15,15
22867,Veckra,kazzak,1438,paladin,retribution,47,23,24
22868,Dijkie,boulderfist,1438,paladin,retribution,36,16,20
22869,Cos,stormscale,1437,paladin,retribution,28,16,12
22870,Sloug,archimonde,1437,paladin,retribution,30,15,15
22871,Tpainjr,kazzak,1437,paladin,retribution,30,15,15
22872,Chíllpills,silvermoon,1437,paladin,retribution,60,25,35
22873,Mezzí,aegwynn,1436,paladin,retribution,42,24,18
22874,Exceed,blackmoore,1436,paladin,retribution,30,15,15
22875,Джибути,soulflayer,1436,paladin,retribution,105,51,54
22876,Jac,nemesis,1436,paladin,retribution,86,40,46
22877,Холишокович,deathweaver,1436,paladin,retribution,36,16,20
22878,Alvagur,zirkel-des-cenarius,1435,paladin,retribution,40,23,17
22879,Shröömïë,silvermoon,1435,paladin,retribution,134,66,68
22880,Kuhfleisch,eredar,1434,paladin,retribution,53,30,23
22881,Крода,deepholm,1434,paladin,retribution,36,18,18
22882,Mimsy,dalaran,1434,paladin,retribution,59,27,32
22883,Aumium,sunstrider,1434,paladin,retribution,106,48,58
22884,Whitebronco,tarren-mill,1434,paladin,retribution,36,15,21
22885,Pav,eredar,1434,paladin,retribution,41,16,25
22886,Rosallyn,argent-dawn,1434,paladin,retribution,65,24,41
22887,Holÿbeard,ravencrest,1433,paladin,retribution,42,26,16
22888,Lipsvirgin,kazzak,1433,paladin,retribution,30,15,15
22889,Lezira,ravencrest,1433,paladin,retribution,36,15,21
22890,Campo,tarren-mill,1433,paladin,retribution,60,23,37
22891,Ragen,kazzak,1433,paladin,retribution,42,16,26
22892,Lightstrike,stormrage,1432,paladin,retribution,30,17,13
22893,Merkury,sanguino,1432,paladin,retribution,36,15,21
22894,Kyrokonserve,blackmoore,1431,paladin,retribution,73,38,35
22895,Alithyra,earthen-ring,1431,paladin,retribution,85,42,43
22896,Evililz,kazzak,1431,paladin,retribution,79,39,40
22897,Hammertime,guldan,1431,paladin,retribution,54,25,29
22898,Naree,stormreaver,1431,paladin,retribution,36,16,20
22899,Ojn,tarren-mill,1429,paladin,retribution,24,18,6
22900,Mazekiel,archimonde,1429,paladin,retribution,30,16,14
22901,Heallgodxx,ragnaros,1428,paladin,retribution,24,15,9
22902,Buyamazon,kazzak,1428,paladin,retribution,24,15,9
22903,Yull,twisting-nether,1427,paladin,retribution,29,18,11
22904,Protos,ambossar,1427,paladin,retribution,36,18,18
22905,Refléx,zirkel-des-cenarius,1427,paladin,retribution,36,15,21
22906,Nînaninja,silvermoon,1426,paladin,retribution,54,24,30
22907,Сазар,gordunni,1426,paladin,retribution,51,21,30
22908,Komen,dalaran,1424,paladin,retribution,24,15,9
22909,Rhyvar,outland,1424,paladin,retribution,30,15,15
22910,Джагадаптер,gordunni,1422,paladin,retribution,47,28,19
22911,Cracish,ragnaros,1422,paladin,retribution,30,15,15
22912,Корсаро,deepholm,1422,paladin,retribution,88,43,45
22913,Nillenkäse,antonidas,1421,paladin,retribution,24,15,9
22914,Grobididi,malygos,1421,paladin,retribution,84,43,41
22915,Zeroeffect,blackhand,1421,paladin,retribution,30,15,15
22916,Flaweldin,ravencrest,1420,paladin,retribution,18,15,3
22917,Neltix,blackrock,1420,paladin,retribution,71,32,39
22918,Синдикатх,soulflayer,1418,paladin,retribution,119,65,54
22919,Yséria,kirin-tor,1418,paladin,retribution,36,15,21
22920,Olivaresx,ravencrest,1418,paladin,retribution,54,19,35
22921,Hydrath,ysondre,1417,paladin,retribution,72,32,40
22922,Diamir,rajaxx,1417,paladin,retribution,51,20,31
22923,Búbbles,nerathor,1416,paladin,retribution,24,15,9
22924,Fryl,quelthalas,1416,paladin,retribution,66,37,29
22925,Offa,draenor,1416,paladin,retribution,48,23,25
22926,Madman,drakthul,1416,paladin,retribution,36,15,21
22927,Fumaça,dun-modr,1415,paladin,retribution,101,58,43
22928,Хиккудоджер,eversong,1415,paladin,retribution,119,65,54
22929,Пивняк,eversong,1414,paladin,retribution,48,29,19
22930,Dvouklik,burning-blade,1413,paladin,retribution,41,24,17
22931,Primle,thrall,1413,paladin,retribution,82,46,36
22932,Valerionn,blackmoore,1413,paladin,retribution,37,19,18
22933,Эезекииль,howling-fjord,1412,paladin,retribution,38,26,12
22934,Петуретрик,gordunni,1412,paladin,retribution,70,34,36
22935,Dd,blackmoore,1412,paladin,retribution,52,24,28
22936,Синфуледи,gordunni,1412,paladin,retribution,66,23,43
22937,Zagwan,ravencrest,1411,paladin,retribution,36,15,21
22938,Iklohz,sanguino,1410,paladin,retribution,76,43,33
22939,Ðivine,stormscale,1410,paladin,retribution,61,32,29
22940,Horgar,nagrand,1410,paladin,retribution,100,51,49
22941,Izolated,aegwynn,1410,paladin,retribution,78,34,44
22942,Naethan,malganis,1409,paladin,retribution,36,17,19
22943,Йзериль,howling-fjord,1408,paladin,retribution,18,15,3
22944,Сакермвп,howling-fjord,1408,paladin,retribution,30,19,11
22945,Holyblast,shattered-hand,1407,paladin,retribution,30,23,7
22946,Tóxicpaladín,kazzak,1407,paladin,retribution,103,46,57
22947,Taiiki,archimonde,1406,paladin,retribution,66,39,27
22948,Argonak,sanguino,1406,paladin,retribution,42,22,20
22949,Grapaladin,sanguino,1406,paladin,retribution,44,23,21
22950,Puré,festung-der-stürme,1406,paladin,retribution,35,16,19
22951,Holyhi,silvermoon,1405,paladin,retribution,53,27,26
22952,Maltazar,arygos,1404,paladin,retribution,24,15,9
22953,Fleshoflight,arathor,1404,paladin,retribution,45,27,18
22954,Hagën,minahonda,1404,paladin,retribution,47,26,21
22955,Keladen,burning-legion,1404,paladin,retribution,36,19,17
22956,Ashent,stormscale,1404,paladin,retribution,76,38,38
22957,Melior,skullcrusher,1404,paladin,retribution,46,23,23
22958,Ljumá,kazzak,1404,paladin,retribution,97,45,52
22959,Shtaladin,sylvanas,1404,paladin,retribution,101,46,55
22960,Spartain,draenor,1404,paladin,retribution,42,19,23
22961,Crazzylight,kazzak,1403,paladin,retribution,74,35,39
22962,Avalindro,wrathbringer,1403,paladin,retribution,36,15,21
22963,Vaako,blackrock,1402,paladin,retribution,24,15,9
22964,Vâskt,dun-modr,1402,paladin,retribution,84,45,39
22965,Loscar,silvermoon,1402,paladin,retribution,30,15,15
22966,Swan,chogall,1402,paladin,retribution,48,23,25
22967,Djandja,blackrock,1401,paladin,retribution,39,19,20
22968,Duckiboy,ragnaros,1400,paladin,retribution,96,54,42
22969,Benno,dun-modr,1400,paladin,retribution,64,26,38
22970,Boabux,draenor,1399,paladin,retribution,92,48,44
22971,Баблспула,soulflayer,1399,paladin,retribution,109,51,58
22972,Ekzykes,ravencrest,1397,paladin,retribution,24,15,9
22973,Panthalassá,argent-dawn,1396,paladin,retribution,48,26,22
22974,Thazyru,frostmane,1395,paladin,retribution,24,16,8
22975,Scarabeus,ravencrest,1394,paladin,retribution,46,24,22
22976,Lééroÿ,sylvanas,1394,paladin,retribution,84,41,43
22977,Zoltes,twisting-nether,1393,paladin,retribution,42,18,24
22978,Yaoiri,argent-dawn,1392,paladin,retribution,35,19,16
22979,Fredas,hyjal,1391,paladin,retribution,72,38,34
22980,Buddabob,antonidas,1391,paladin,retribution,96,33,63
22981,Jackub,draenor,1390,paladin,retribution,44,24,20
22982,Thrinea,blackrock,1390,paladin,retribution,36,18,18
22983,Софилион,gordunni,1389,paladin,retribution,57,30,27
22984,Windsor,argent-dawn,1389,paladin,retribution,66,31,35
22985,Syracx,blackhand,1389,paladin,retribution,59,27,32
22986,Wisupl,silvermoon,1387,paladin,retribution,42,29,13
22987,Booyaahh,ravencrest,1387,paladin,retribution,48,26,22
22988,Блейзерфайт,eversong,1387,paladin,retribution,42,19,23
22989,Блатш,greymane,1387,paladin,retribution,55,16,39
22990,Shrøømz,antonidas,1386,paladin,retribution,48,25,23
22991,Zandorath,argent-dawn,1386,paladin,retribution,54,24,30
22992,Rudî,sanguino,1384,paladin,retribution,34,25,9
22993,Càrláßrùní,hyjal,1384,paladin,retribution,30,20,10
22994,Unkillablee,stormscale,1384,paladin,retribution,64,34,30
22995,Støøk,shendralar,1383,paladin,retribution,95,50,45
22996,Таурусс,booty-bay,1380,paladin,retribution,48,22,26
22997,Террорх,blackscar,1380,paladin,retribution,48,18,30
22998,Palyx,cthun,1379,paladin,retribution,24,15,9
22999,Vangottwald,drakthul,1379,paladin,retribution,54,25,29
23000,Perrinaybull,magtheridon,1379,paladin,retribution,50,21,29
23001,Vlodthar,uldum,1378,paladin,retribution,30,18,12
23002,Твойвайб,gordunni,1377,paladin,retribution,48,21,27
23003,Хеллкик,howling-fjord,1377,paladin,retribution,43,15,28
23004,Ëlësilf,sanguino,1376,paladin,retribution,36,20,16
23005,Tríbunus,blackmoore,1376,paladin,retribution,31,17,14
23006,Zerad,quelthalas,1376,paladin,retribution,56,16,40
23007,Walladin,stormscale,1375,paladin,retribution,93,45,48
23008,Morniarn,argent-dawn,1374,paladin,retribution,54,29,25
23009,Bezúziusz,ragnaros,1372,paladin,retribution,56,30,26
23010,Бэдбой,howling-fjord,1372,paladin,retribution,36,17,19
23011,Дджаб,booty-bay,1372,paladin,retribution,46,20,26
23012,Telredor,rexxar,1372,paladin,retribution,42,15,27
23013,Flawx,blackmoore,1371,paladin,retribution,29,17,12
23014,Энилейт,lich-king,1370,paladin,retribution,69,44,25
23015,Hazorarh,argent-dawn,1370,paladin,retribution,31,17,14
23016,Hella,dunemaul,1368,paladin,retribution,47,26,21
23017,Goldhand,vashj,1368,paladin,retribution,72,34,38
23018,Uwelist,arathor,1368,paladin,retribution,73,34,39
23019,Vendikor,nemesis,1368,paladin,retribution,144,62,82
23020,Мизиола,galakrond,1367,paladin,retribution,84,44,40
23021,Aeyalana,ragnaros,1367,paladin,retribution,35,17,18
23022,Svetijuju,kazzak,1367,paladin,retribution,60,29,31
23023,Серёжблондин,gordunni,1366,paladin,retribution,54,26,28
23024,Rodakinos,outland,1365,paladin,retribution,52,30,22
23025,Burstyléz,silvermoon,1364,paladin,retribution,30,18,12
23026,Наолина,gordunni,1364,paladin,retribution,47,21,26
23027,Legendaryxw,drakthul,1363,paladin,retribution,39,17,22
23028,Ямыч,ashenvale,1362,paladin,retribution,34,17,17
23029,Xavios,eredar,1362,paladin,retribution,36,16,20
23030,Флаила,ashenvale,1361,paladin,retribution,54,33,21
23031,Квемсис,ashenvale,1360,paladin,retribution,57,39,18
23032,Töphuria,silvermoon,1360,paladin,retribution,41,21,20
23033,Vorsip,tarren-mill,1360,paladin,retribution,42,19,23
23034,Эзарх,gordunni,1359,paladin,retribution,58,29,29
23035,Диваин,gordunni,1358,paladin,retribution,48,25,23
23036,Hehtmonghour,sanguino,1358,paladin,retribution,36,17,19
23037,Тромбб,soulflayer,1358,paladin,retribution,36,15,21
23038,Denlow,silvermoon,1357,paladin,retribution,66,32,34
23039,Brigholm,argent-dawn,1357,paladin,retribution,74,30,44
23040,Archibäld,silvermoon,1356,paladin,retribution,25,15,10
23041,Гучив,howling-fjord,1354,paladin,retribution,48,27,21
23042,Apolomaeuz,blackhand,1354,paladin,retribution,36,20,16
23043,Aasimar,twilights-hammer,1354,paladin,retribution,158,81,77
23044,Chimurei,silvermoon,1354,paladin,retribution,42,20,22
23045,Curtwizz,silvermoon,1353,paladin,retribution,39,19,20
23046,Рэгнволд,deathguard,1352,paladin,retribution,52,25,27
23047,Ahnaa,argent-dawn,1351,paladin,retribution,94,48,46
23048,Iamnami,earthen-ring,1351,paladin,retribution,58,23,35
23049,Aisnil,twilights-hammer,1350,paladin,retribution,95,46,49
23050,Troublebuble,silvermoon,1350,paladin,retribution,68,30,38
23051,Ayàhuazka,ysondre,1350,paladin,retribution,84,36,48
23052,Sacredlol,blackmoore,1350,paladin,retribution,48,15,33
23053,Илюшагодх,gordunni,1349,paladin,retribution,48,26,22
23054,Raerion,ragnaros,1348,paladin,retribution,42,31,11
23055,Nomurabeta,naxxramas,1348,paladin,retribution,38,17,21
23056,Милостьрока,gordunni,1347,paladin,retribution,30,15,15
23057,Воркаллес,gordunni,1346,paladin,retribution,30,19,11
23058,Tønyx,les-clairvoyants,1346,paladin,retribution,38,16,22
23059,Inkzen,silvermoon,1343,paladin,retribution,24,14,10
23060,Mashijudge,blackhand,1343,paladin,retribution,60,31,29
23061,Защешот,gordunni,1343,paladin,retribution,36,14,22
23062,Rulîx,blackmoore,1343,paladin,retribution,51,16,35
23063,Якунии,blackscar,1342,paladin,retribution,24,14,10
23064,Hislifelmao,kazzak,1342,paladin,retribution,36,14,22
23065,Chocbear,tarren-mill,1341,paladin,retribution,30,14,16
23066,Тайронх,soulflayer,1341,paladin,retribution,30,14,16
23067,Yunax,silvermoon,1340,paladin,retribution,24,17,7
23068,Zeyz,defias-brotherhood,1340,paladin,retribution,42,21,21
23069,Brölin,sanguino,1340,paladin,retribution,48,22,26
23070,Moraru,neptulon,1340,paladin,retribution,52,21,31
23071,Wingsuit,eredar,1339,paladin,retribution,32,14,18
23072,Aleixodolphi,argent-dawn,1339,paladin,retribution,157,66,91
23073,Киото,gordunni,1339,paladin,retribution,42,14,28
23074,Эйзенхорн,grom,1338,paladin,retribution,24,14,10
23075,Teho,dragonblight,1338,paladin,retribution,103,52,51
23076,Гуэргос,gordunni,1338,paladin,retribution,30,14,16
23077,Elendor,shadowsong,1337,paladin,retribution,18,14,4
23078,Forneus,nemesis,1337,paladin,retribution,82,45,37
23079,Aisolôn,thrall,1337,paladin,retribution,36,18,18
23080,Ahzut,rashgarroth,1337,paladin,retribution,30,15,15
23081,Mustach,aggra-português,1337,paladin,retribution,41,20,21
23082,Razrpal,tarren-mill,1337,paladin,retribution,30,14,16
23083,Stavrosy,outland,1337,paladin,retribution,36,14,22
23084,Cursedd,sanguino,1336,paladin,retribution,24,14,10
23085,Proletardk,draenor,1336,paladin,retribution,102,51,51
23086,Sødaz,hyjal,1336,paladin,retribution,77,37,40
23087,Dodgerwilly,outland,1336,paladin,retribution,30,14,16
23088,Неиспоримый,soulflayer,1335,paladin,retribution,18,14,4
23089,Hülä,antonidas,1335,paladin,retribution,30,14,16
23090,Мэибибэиби,howling-fjord,1335,paladin,retribution,36,14,22
23091,Zipoohun,arathor,1334,paladin,retribution,97,52,45
23092,Radamanthes,ysondre,1334,paladin,retribution,66,32,34
23093,Кранштейн,gordunni,1334,paladin,retribution,36,17,19
23094,Neithi,twisting-nether,1334,paladin,retribution,30,14,16
23095,Hisblade,emerald-dream,1333,paladin,retribution,30,17,13
23096,Блэквилл,howling-fjord,1333,paladin,retribution,114,55,59
23097,Fløcki,blackhand,1333,paladin,retribution,30,14,16
23098,Хилерскийхил,soulflayer,1332,paladin,retribution,32,14,18
23099,Белкоксю,booty-bay,1331,paladin,retribution,84,39,45
23100,Dàrkùsh,archimonde,1330,paladin,retribution,35,21,14
23101,Sharkayne,anubarak,1330,paladin,retribution,42,14,28
23102,Imoss,hyjal,1329,paladin,retribution,36,22,14
23103,Unohana,shattered-halls,1329,paladin,retribution,100,40,60
23104,Ædrenn,archimonde,1329,paladin,retribution,42,14,28
23105,Беспощадие,gordunni,1328,paladin,retribution,30,14,16
23106,Рашенс,gordunni,1328,paladin,retribution,54,24,30
23107,Mexou,la-croisade-écarlate,1327,paladin,retribution,30,15,15
23108,Endar,drakthul,1327,paladin,retribution,48,21,27
23109,Drivenlight,twisting-nether,1326,paladin,retribution,24,14,10
23110,Âlßêdø,silvermoon,1325,paladin,retribution,60,30,30
23111,Doubtfire,tarren-mill,1325,paladin,retribution,30,14,16
23112,Кливерти,gordunni,1325,paladin,retribution,36,14,22
23113,Enriel,temple-noir,1324,paladin,retribution,30,16,14
23114,Chelan,thrall,1324,paladin,retribution,36,14,22
23115,Retgaffeooku,conseil-des-ombres,1322,paladin,retribution,54,27,27
23116,Bladê,kazzak,1321,paladin,retribution,24,14,10
23117,Hydarr,twisting-nether,1320,paladin,retribution,62,33,29
23118,Vvaarok,blackmoore,1320,paladin,retribution,77,33,44
23119,Rothmans,aggra-português,1319,paladin,retribution,36,20,16
23120,Klittsurf,bloodhoof,1317,paladin,retribution,66,39,27
23121,Barakisback,silvermoon,1317,paladin,retribution,40,22,18
23122,Sebatrøz,ravencrest,1315,paladin,retribution,24,14,10
23123,Sparrda,dun-modr,1314,paladin,retribution,48,24,24
23124,Синерина,blackscar,1314,paladin,retribution,47,20,27
23125,Balthassar,kirin-tor,1314,paladin,retribution,42,17,25
23126,Тэмплари,galakrond,1313,paladin,retribution,75,38,37
23127,Valaeryanae,nemesis,1313,paladin,retribution,42,18,24
23128,Foxare,burning-legion,1312,paladin,retribution,53,29,24
23129,Пепсекольный,soulflayer,1312,paladin,retribution,48,25,23
23130,Viiri,burning-legion,1311,paladin,retribution,71,40,31
23131,Eleuterus,bloodfeather,1311,paladin,retribution,42,14,28
23132,Mendril,malorne,1309,paladin,retribution,36,23,13
23133,Артреал,blackscar,1309,paladin,retribution,66,36,30
23134,Nardindindou,ysondre,1309,paladin,retribution,164,83,81
23135,Andocay,das-syndikat,1309,paladin,retribution,60,27,33
23136,Zethadin,kazzak,1306,paladin,retribution,27,15,12
23137,Kaizêr,silvermoon,1306,paladin,retribution,97,46,51
23138,Slageth,argent-dawn,1306,paladin,retribution,42,17,25
23139,Mataleo,archimonde,1305,paladin,retribution,66,41,25
23140,Беймикс,gordunni,1303,paladin,retribution,72,36,36
23141,Светонносец,gordunni,1303,paladin,retribution,72,28,44
23142,Gavril,bloodfeather,1302,paladin,retribution,126,61,65
23143,Aegend,antonidas,1301,paladin,retribution,163,77,86
23144,Darhuun,antonidas,1299,paladin,retribution,99,47,52
23145,Nevermoore,doomhammer,1299,paladin,retribution,42,19,23
23146,Кенториус,soulflayer,1298,paladin,retribution,24,19,5
23147,Jackypala,ravencrest,1298,paladin,retribution,48,25,23
23148,Juliea,aegwynn,1298,paladin,retribution,78,34,44
23149,Prosteprazak,ragnaros,1297,paladin,retribution,33,15,18
23150,Elení,thrall,1296,paladin,retribution,37,15,22
23151,Ретриванлав,gordunni,1296,paladin,retribution,72,24,48
23152,Raweo,kilrogg,1294,paladin,retribution,78,47,31
23153,Singedth,defias-brotherhood,1293,paladin,retribution,51,27,24
23154,Erin,wildhammer,1293,paladin,retribution,51,25,26
23155,Варасса,grom,1293,paladin,retribution,30,14,16
23156,Kaelthir,bladefist,1292,paladin,retribution,30,17,13
23157,Хен,blackscar,1292,paladin,retribution,50,26,24
23158,Викиллер,grom,1292,paladin,retribution,30,15,15
23159,Orseis,anubarak,1291,paladin,retribution,29,15,14
23160,Købìtø,archimonde,1291,paladin,retribution,48,21,27
23161,Mantinel,hellfire,1290,paladin,retribution,32,20,12
23162,Sagittaxx,kazzak,1290,paladin,retribution,56,27,29
23163,Боевикс,ashenvale,1289,paladin,retribution,30,16,14
23164,Raerk,dalaran,1286,paladin,retribution,73,41,32
23165,Tomiris,twisting-nether,1286,paladin,retribution,36,16,20
23166,Æthëlflæd,ravencrest,1285,paladin,retribution,59,35,24
23167,Epoke,archimonde,1285,paladin,retribution,36,21,15
23168,Angrykorean,blackmoore,1284,paladin,retribution,59,28,31
23169,Holylimx,draenor,1283,paladin,retribution,114,56,58
23170,Bonzai,blackrock,1281,paladin,retribution,91,44,47
23171,Mughena,kazzak,1281,paladin,retribution,36,16,20
23172,Ludø,ysondre,1280,paladin,retribution,26,15,11
23173,Dieversity,stormscale,1280,paladin,retribution,41,16,25
23174,Хоулишит,blackscar,1279,paladin,retribution,36,23,13
23175,Nazdarvole,drakthul,1279,paladin,retribution,54,29,25
23176,Steakenstein,nathrezim,1279,paladin,retribution,36,19,17
23177,Aikm,tarren-mill,1279,paladin,retribution,74,36,38
23178,Jâybee,ravencrest,1277,paladin,retribution,30,14,16
23179,Zulem,grim-batol,1276,paladin,retribution,36,17,19
23180,Lavawraith,argent-dawn,1273,paladin,retribution,28,14,14
23181,Gonhilda,kazzak,1272,paladin,retribution,48,25,23
23182,Джекадамс,gordunni,1272,paladin,retribution,189,73,116
23183,Lightmonger,drakthul,1271,paladin,retribution,30,17,13
23184,Hammexõr,sylvanas,1271,paladin,retribution,87,39,48
23185,Молотоборец,gordunni,1269,paladin,retribution,74,40,34
23186,Cästiël,arathor,1269,paladin,retribution,41,21,20
23187,Эльбабло,lich-king,1268,paladin,retribution,45,21,24
23188,Monkeylight,ambossar,1268,paladin,retribution,46,20,26
23189,Перизкопец,gordunni,1267,paladin,retribution,32,17,15
23190,Jagen,tyrande,1267,paladin,retribution,63,30,33
23191,Auditõr,argent-dawn,1267,paladin,retribution,85,32,53
23192,Kreyvin,argent-dawn,1265,paladin,retribution,71,29,42
23193,Skénder,kazzak,1265,paladin,retribution,72,27,45
23194,Масачусетсс,gordunni,1263,paladin,retribution,54,28,26
23195,Ventsi,kazzak,1263,paladin,retribution,119,61,58
23196,Irinor,rashgarroth,1262,paladin,retribution,36,18,18
23197,Owiganowi,ulduar,1260,paladin,retribution,36,22,14
23198,Shuler,silvermoon,1260,paladin,retribution,64,37,27
23199,Sumecbtw,aegwynn,1260,paladin,retribution,37,14,23
23200,Teogrim,blackmoore,1259,paladin,retribution,54,32,22
23201,Hemdâl,kirin-tor,1259,paladin,retribution,60,31,29
23202,Icearth,pozzo-delleternità,1259,paladin,retribution,140,66,74
23203,Émøùki,dalaran,1258,paladin,retribution,41,19,22
23204,Edyk,silvermoon,1257,paladin,retribution,71,41,30
23205,Takaret,hyjal,1257,paladin,retribution,97,45,52
23206,Bärghest,sanguino,1256,paladin,retribution,48,29,19
23207,Trollarage,confrérie-du-thorium,1256,paladin,retribution,48,24,24
23208,Палочка,howling-fjord,1256,paladin,retribution,78,38,40
23209,Nessùm,hyjal,1256,paladin,retribution,66,26,40
23210,Carpetcummer,ravencrest,1255,paladin,retribution,36,15,21
23211,Миоцуки,gordunni,1254,paladin,retribution,82,37,45
23212,Faithsmemory,silvermoon,1254,paladin,retribution,74,31,43
23213,Tobzin,argent-dawn,1253,paladin,retribution,36,14,22
23214,Hollylady,outland,1251,paladin,retribution,42,25,17
23215,Malagat,die-todeskrallen,1250,paladin,retribution,41,15,26
23216,Snottybrat,draenor,1249,paladin,retribution,86,45,41
23217,Lübu,archimonde,1248,paladin,retribution,30,13,17
23218,Retdream,nemesis,1247,paladin,retribution,18,13,5
23219,Revinox,silvermoon,1247,paladin,retribution,24,15,9
23220,Xanrian,kazzak,1247,paladin,retribution,24,13,11
23221,Тардариус,gordunni,1247,paladin,retribution,30,13,17
23222,Paladiodinos,hyjal,1247,paladin,retribution,42,16,26
23223,Блэкхарм,gordunni,1247,paladin,retribution,36,13,23
23224,Khoping,silvermoon,1246,paladin,retribution,18,13,5
23225,Luckyman,aszune,1246,paladin,retribution,24,13,11
23226,Kriszaa,burning-legion,1246,paladin,retribution,36,13,23
23227,Starcker,sanguino,1246,paladin,retribution,42,13,29
23228,Obé,argent-dawn,1245,paladin,retribution,148,81,67
23229,Leith,neptulon,1245,paladin,retribution,46,24,22
23230,Eagleone,shattrath,1245,paladin,retribution,30,15,15
23231,Hito,sylvanas,1245,paladin,retribution,30,13,17
23232,Gromzed,ravencrest,1245,paladin,retribution,30,13,17
23233,Uragan,blackmoore,1244,paladin,retribution,45,21,24
23234,Marthawise,eredar,1244,paladin,retribution,30,13,17
23235,Sukinsin,aegwynn,1244,paladin,retribution,30,13,17
23236,Proxidus,blackmoore,1244,paladin,retribution,41,16,25
23237,Blazeer,pozzo-delleternità,1243,paladin,retribution,24,13,11
23238,Mattüsälëmm,sanguino,1242,paladin,retribution,33,22,11
23239,Jannene,draenor,1242,paladin,retribution,36,13,23
23240,Arkura,nozdormu,1241,paladin,retribution,24,14,10
23241,Joelosteen,neptulon,1241,paladin,retribution,54,29,25
23242,Asorte,chants-éternels,1241,paladin,retribution,84,34,50
23243,Ïnata,khaz-modan,1240,paladin,retribution,36,15,21
23244,Níthag,ragnaros,1239,paladin,retribution,24,13,11
23245,Jdizzy,tarren-mill,1239,paladin,retribution,24,13,11
23246,Geilershrimp,blackrock,1239,paladin,retribution,42,13,29
23247,Nowitzki,sanguino,1238,paladin,retribution,18,13,5
23248,Truezero,draenor,1237,paladin,retribution,36,18,18
23249,Cianna,shattered-hand,1237,paladin,retribution,40,13,27
23250,Æe,blackmoore,1236,paladin,retribution,37,22,15
23251,Moløk,ysondre,1236,paladin,retribution,44,22,22
23252,Ункаль,ashenvale,1236,paladin,retribution,132,64,68
23253,Teliriyon,blackrock,1236,paladin,retribution,32,14,18
23254,Yrgin,ravencrest,1235,paladin,retribution,120,59,61
23255,Dragonous,darkmoon-faire,1235,paladin,retribution,108,47,61
23256,Lewp,tarren-mill,1234,paladin,retribution,18,13,5
23257,Anatorka,drakthul,1234,paladin,retribution,78,39,39
23258,Akelad,arathor,1234,paladin,retribution,48,13,35
23259,Aurroraa,doomhammer,1233,paladin,retribution,27,14,13
23260,Valpen,veknilash,1233,paladin,retribution,30,15,15
23261,Хентайбогиня,ashenvale,1233,paladin,retribution,30,13,17
23262,Zhaz,blackmoore,1232,paladin,retribution,84,38,46
23263,Durwin,mazrigos,1232,paladin,retribution,51,22,29
23264,Yømø,antonidas,1231,paladin,retribution,24,13,11
23265,Цвандр,gordunni,1231,paladin,retribution,64,30,34
23266,Ликанн,soulflayer,1231,paladin,retribution,54,20,34
23267,Gxdéon,hyjal,1230,paladin,retribution,41,25,16
23268,Bornir,khaz-modan,1230,paladin,retribution,59,27,32
23269,Wumbo,sinstralis,1229,paladin,retribution,36,19,17
23270,Наваляка,deathguard,1228,paladin,retribution,24,13,11
23271,Zâre,sanguino,1228,paladin,retribution,58,27,31
23272,Uthelf,ragnaros,1228,paladin,retribution,36,16,20
23273,Painshield,outland,1228,paladin,retribution,41,13,28
23274,Walorez,ragnaros,1227,paladin,retribution,23,13,10
23275,Tillak,draenor,1227,paladin,retribution,24,13,11
23276,Yanisx,burning-legion,1227,paladin,retribution,37,20,17
23277,Llya,blackrock,1227,paladin,retribution,26,14,12
23278,Вандиир,soulflayer,1226,paladin,retribution,24,13,11
23279,Atomicbubble,balnazzar,1225,paladin,retribution,54,26,28
23280,Juozas,argent-dawn,1225,paladin,retribution,30,13,17
23281,Pytha,nozdormu,1224,paladin,retribution,79,43,36
23282,Nollieflip,tarren-mill,1224,paladin,retribution,30,15,15
23283,Ðarkjøjø,hyjal,1224,paladin,retribution,36,17,19
23284,Bootybanger,thrall,1223,paladin,retribution,24,13,11
23285,Patsani,twilights-hammer,1222,paladin,retribution,54,31,23
23286,Cinderlight,aszune,1221,paladin,retribution,24,15,9
23287,Velkar,frostmane,1221,paladin,retribution,56,29,27
23288,Öwai,dun-modr,1220,paladin,retribution,47,28,19
23289,Valerner,argent-dawn,1220,paladin,retribution,24,13,11
23290,Swagged,kazzak,1220,paladin,retribution,46,21,25
23291,Юлец,galakrond,1220,paladin,retribution,30,13,17
23292,Straxotia,twisting-nether,1219,paladin,retribution,24,13,11
23293,Lagaminë,dalaran,1219,paladin,retribution,111,53,58
23294,Dinøx,archimonde,1219,paladin,retribution,126,60,66
23295,Ragnarük,khaz-modan,1217,paladin,retribution,42,20,22
23296,Beastyblodne,sylvanas,1215,paladin,retribution,30,17,13
23297,Helmed,tarren-mill,1215,paladin,retribution,57,31,26
23298,Leyawin,sanguino,1215,paladin,retribution,36,18,18
23299,Rilledread,stormscale,1214,paladin,retribution,114,57,57
23300,Джагашарага,soulflayer,1214,paladin,retribution,29,13,16
23301,Jynxedxoxo,blackrock,1214,paladin,retribution,36,16,20
23302,Hornox,ragnaros,1213,paladin,retribution,48,22,26
23303,Qpalax,outland,1213,paladin,retribution,32,14,18
23304,Platanid,doomhammer,1210,paladin,retribution,62,35,27
23305,Keith,dragonmaw,1210,paladin,retribution,30,14,16
23306,Aistor,burning-legion,1209,paladin,retribution,42,17,25
23307,Conserva,jaedenar,1208,paladin,retribution,46,27,19
23308,Lynaé,blackhand,1208,paladin,retribution,25,13,12
23309,Diøstemplar,dun-modr,1207,paladin,retribution,40,22,18
23310,Kýrp,stormreaver,1207,paladin,retribution,43,16,27
23311,Hypothalamus,silvermoon,1206,paladin,retribution,36,17,19
23312,Светлыйкит,blackscar,1204,paladin,retribution,48,25,23
23313,Лютыйчпок,fordragon,1200,paladin,retribution,76,34,42
23314,Mirauda,nemesis,1200,paladin,retribution,60,21,39
23315,Лейфи,howling-fjord,1199,paladin,retribution,36,15,21
23316,Lightppl,outland,1198,paladin,retribution,48,23,25
23317,Lumino,twilights-hammer,1197,paladin,retribution,41,18,23
23318,Deldrina,nozdormu,1197,paladin,retribution,36,14,22
23319,Ironstealman,shattered-hand,1196,paladin,retribution,42,13,29
23320,Ustex,argent-dawn,1195,paladin,retribution,29,13,16
23321,Siuras,blackmoore,1194,paladin,retribution,23,13,10
23322,Самерваль,borean-tundra,1194,paladin,retribution,85,44,41
23323,Sertoli,frostwhisper,1194,paladin,retribution,30,15,15
23324,Beyma,twisting-nether,1193,paladin,retribution,23,13,10
23325,Malianterø,ravencrest,1193,paladin,retribution,132,59,73
23326,Whiffy,silvermoon,1193,paladin,retribution,36,13,23
23327,Mma,sylvanas,1192,paladin,retribution,65,31,34
23328,Thyalon,ragnaros,1191,paladin,retribution,30,14,16
23329,Bloodlord,twisting-nether,1190,paladin,retribution,31,14,17
23330,Hïto,dun-modr,1189,paladin,retribution,24,14,10
23331,Мильфорд,eversong,1188,paladin,retribution,72,32,40
23332,Toshvarak,turalyon,1187,paladin,retribution,60,29,31
23333,Syng,garona,1186,paladin,retribution,36,14,22
23334,Perfectum,burning-legion,1182,paladin,retribution,28,13,15
23335,Memororo,stormscale,1181,paladin,retribution,32,13,19
23336,Trainingdumy,aszune,1179,paladin,retribution,30,16,14
23337,Raê,hyjal,1179,paladin,retribution,66,26,40
23338,Cigyal,hyjal,1178,paladin,retribution,42,23,19
23339,Ylvannka,blackmoore,1177,paladin,retribution,48,23,25
23340,Jcpd,drakthul,1177,paladin,retribution,34,13,21
23341,Palitard,turalyon,1176,paladin,retribution,48,27,21
23342,Ashernos,tarren-mill,1176,paladin,retribution,29,13,16
23343,Pitusá,dun-modr,1176,paladin,retribution,48,16,32
23344,Æternäl,arathor,1174,paladin,retribution,48,21,27
23345,Seigi,tarren-mill,1173,paladin,retribution,42,20,22
23346,Spanzer,dun-modr,1172,paladin,retribution,30,16,14
23347,Антисеептик,gordunni,1171,paladin,retribution,63,32,31
23348,Paillasson,nerzhul,1167,paladin,retribution,52,31,21
23349,Khrotos,draenor,1166,paladin,retribution,72,33,39
23350,Línke,sanguino,1165,paladin,retribution,49,27,22
23351,Zemoss,kazzak,1164,paladin,retribution,24,14,10
23352,Пропала,greymane,1161,paladin,retribution,60,28,32
23353,Freyjä,turalyon,1161,paladin,retribution,114,51,63
23354,Vallorum,ravencrest,1161,paladin,retribution,35,13,22
23355,Holybubo,tarren-mill,1160,paladin,retribution,66,34,32
23356,Judgement,quelthalas,1158,paladin,retribution,30,20,10
23357,Vrgingamer,kazzak,1158,paladin,retribution,48,16,32
23358,Pery,malganis,1157,paladin,retribution,48,28,20
23359,Messîah,outland,1156,paladin,retribution,218,112,106
23360,Artplex,ravencrest,1154,paladin,retribution,27,15,12
23361,Ixøne,kazzak,1152,paladin,retribution,18,12,6
23362,Donwone,aegwynn,1152,paladin,retribution,18,12,6
23363,Ghosti,festung-der-stürme,1152,paladin,retribution,18,12,6
23364,Sunsaiy,doomhammer,1152,paladin,retribution,107,58,49
23365,Amburet,kazzak,1152,paladin,retribution,30,12,18
23366,Proximo,burning-legion,1151,paladin,retribution,18,12,6
23367,Aflogistina,sylvanas,1151,paladin,retribution,18,12,6
23368,Vorthir,khaz-modan,1151,paladin,retribution,32,16,16
23369,Rizzdaddy,outland,1151,paladin,retribution,30,12,18
23370,Wordup,senjin,1151,paladin,retribution,30,12,18
23371,Хадакур,howling-fjord,1151,paladin,retribution,36,12,24
23372,Строу,blackscar,1150,paladin,retribution,18,12,6
23373,Swânn,sanguino,1150,paladin,retribution,18,12,6
23374,Гацкан,gordunni,1150,paladin,retribution,23,13,10
23375,Wälläce,sanguino,1150,paladin,retribution,24,12,12
23376,Fufth,pozzo-delleternità,1150,paladin,retribution,24,12,12
23377,Knusern,dunemaul,1150,paladin,retribution,30,12,18
23378,Missoii,khaz-modan,1149,paladin,retribution,18,12,6
23379,Bumaye,tarren-mill,1149,paladin,retribution,18,12,6
23380,Strykar,aggra-português,1149,paladin,retribution,24,12,12
23381,Dominikcro,sylvanas,1149,paladin,retribution,24,12,12
23382,Spooder,xavius,1148,paladin,retribution,29,12,17
23383,Hippiehuman,darkspear,1147,paladin,retribution,18,12,6
23384,Unzufrieden,silvermoon,1147,paladin,retribution,24,12,12
23385,Kirkmeister,terokkar,1147,paladin,retribution,43,19,24
23386,Думклиф,gordunni,1147,paladin,retribution,36,12,24
23387,Algoric,suramar,1146,paladin,retribution,24,12,12
23388,Хельдотер,howling-fjord,1146,paladin,retribution,25,12,13
23389,Sufrion,outland,1146,paladin,retribution,36,16,20
23390,Иродиада,gordunni,1146,paladin,retribution,30,12,18
23391,Kreselia,ravencrest,1146,paladin,retribution,30,12,18
23392,Retenki,silvermoon,1146,paladin,retribution,30,12,18
23393,Palangel,eldrethalas,1145,paladin,retribution,18,12,6
23394,Мётод,howling-fjord,1145,paladin,retribution,24,12,12
23395,Azhrei,archimonde,1145,paladin,retribution,30,12,18
23396,Trefino,blackrock,1144,paladin,retribution,18,12,6
23397,Kollak,dun-modr,1144,paladin,retribution,42,18,24
23398,Rînedaman,ysondre,1143,paladin,retribution,24,12,12
23399,Eleiktra,suramar,1143,paladin,retribution,36,15,21
23400,Slipmax,eredar,1143,paladin,retribution,30,12,18
23401,Bigdamjudge,argent-dawn,1142,paladin,retribution,18,12,6
23402,Ocgynle,alonsus,1142,paladin,retribution,93,49,44
23403,Архэла,gordunni,1142,paladin,retribution,24,12,12
23404,Rayshield,tarren-mill,1142,paladin,retribution,47,23,24
23405,Lerîan,dun-modr,1141,paladin,retribution,24,12,12
23406,Eywinn,silvermoon,1141,paladin,retribution,30,12,18
23407,Pállis,ravencrest,1139,paladin,retribution,18,12,6
23408,Exiztant,ravencrest,1138,paladin,retribution,36,19,17
23409,Aipal,silvermoon,1138,paladin,retribution,30,12,18
23410,Thorold,earthen-ring,1136,paladin,retribution,52,28,24
23411,Мистерху,gordunni,1135,paladin,retribution,115,56,59
23412,Névér,steamwheedle-cartel,1134,paladin,retribution,24,12,12
23413,Хампал,howling-fjord,1134,paladin,retribution,29,12,17
23414,Гарраж,howling-fjord,1134,paladin,retribution,30,12,18
23415,Xflye,khaz-modan,1133,paladin,retribution,35,20,15
23416,Krïstâlùlz,archimonde,1132,paladin,retribution,58,30,28
23417,Mimkoo,wildhammer,1130,paladin,retribution,27,16,11
23418,Questos,burning-legion,1130,paladin,retribution,45,25,20
23419,Palladain,draenor,1128,paladin,retribution,18,12,6
23420,Quoque,turalyon,1127,paladin,retribution,51,29,22
23421,Nelasson,eredar,1126,paladin,retribution,26,13,13
23422,Deathzinger,aszune,1126,paladin,retribution,24,12,12
23423,Vaníos,nazjatar,1126,paladin,retribution,24,12,12
23424,Адептустер,gordunni,1125,paladin,retribution,32,15,17
23425,Sessian,bronze-dragonflight,1123,paladin,retribution,72,39,33
23426,Mosih,bloodfeather,1121,paladin,retribution,50,29,21
23427,Bulle,the-venture-co,1121,paladin,retribution,24,12,12
23428,Stepamusicz,stormreaver,1121,paladin,retribution,36,17,19
23429,Enîgmä,ravencrest,1117,paladin,retribution,40,12,28
23430,Themlstake,kazzak,1115,paladin,retribution,18,12,6
23431,Makiwara,emeriss,1113,paladin,retribution,91,44,47
23432,Dafe,zuluhed,1113,paladin,retribution,50,21,29
23433,Dewios,silvermoon,1112,paladin,retribution,30,14,16
23434,Troj,ahnqiraj,1112,paladin,retribution,30,14,16
23435,Ghostfacê,khaz-modan,1105,paladin,retribution,36,17,19
23436,Shädyss,hyjal,1105,paladin,retribution,76,34,42
23437,Sylazz,blackrock,1104,paladin,retribution,124,57,67
23438,Grìmmjøw,silvermoon,1102,paladin,retribution,21,12,9
23439,Palabido,nemesis,1102,paladin,retribution,119,49,70
23440,Mírato,blackhand,1100,paladin,retribution,30,15,15
23441,Akeemys,ragnaros,1099,paladin,retribution,23,12,11
23442,Baldarlyset,tarren-mill,1099,paladin,retribution,39,13,26
23443,Kaljir,archimonde,1098,paladin,retribution,21,13,8
23444,Runkpaladin,kazzak,1096,paladin,retribution,60,32,28
23445,Veshnu,blackrock,1095,paladin,retribution,44,17,27
23446,Gnarlds,doomhammer,1094,paladin,retribution,42,24,18
23447,Buckfizz,ysondre,1093,paladin,retribution,30,18,12
23448,Retrystyle,ragnaros,1093,paladin,retribution,53,24,29
23449,Jebenatreba,sporeggar,1091,paladin,retribution,29,12,17
23450,Mystíque,die-todeskrallen,1088,paladin,retribution,60,30,30
23451,Milojcica,kazzak,1087,paladin,retribution,17,12,5
23452,Opgezwolle,draenor,1085,paladin,retribution,56,35,21
23453,Azzael,thrall,1085,paladin,retribution,95,35,60
23454,Valgar,ragnaros,1081,paladin,retribution,17,12,5
23455,Nenenita,cthun,1081,paladin,retribution,91,46,45
23456,Sandorr,area-52,1079,paladin,retribution,30,17,13
23457,Aerathil,nethersturm,1079,paladin,retribution,41,22,19
23458,Böb,garona,1078,paladin,retribution,36,14,22
23459,Goungokuhrbo,doomhammer,1077,paladin,retribution,40,24,16
23460,Samail,malganis,1076,paladin,retribution,30,13,17
23461,Coelslaw,azjolnerub,1074,paladin,retribution,35,12,23
23462,Starstríder,aszune,1073,paladin,retribution,24,12,12
23463,Zelphyr,pozzo-delleternità,1071,paladin,retribution,44,25,19
23464,Êxood,archimonde,1071,paladin,retribution,47,18,29
23465,Medieh,ravencrest,1067,paladin,retribution,27,12,15
23466,Wexo,frostwolf,1065,paladin,retribution,40,12,28
23467,Apoffis,burning-legion,1064,paladin,retribution,36,19,17
23468,Fëanôr,tarren-mill,1064,paladin,retribution,194,98,96
23469,Lliissaa,kazzak,1059,paladin,retribution,54,31,23
23470,Хеллпанч,howling-fjord,1059,paladin,retribution,54,29,25
23471,Lytza,frostwolf,1059,paladin,retribution,30,15,15
23472,Dadpally,shattered-hand,1059,paladin,retribution,42,20,22
23473,Duralyon,marécage-de-zangar,1059,paladin,retribution,30,13,17
23474,Judgemented,turalyon,1059,paladin,retribution,30,12,18
23475,Sølitude,kazzak,1056,paladin,retribution,18,11,7
23476,Soossi,silvermoon,1056,paladin,retribution,18,11,7
23477,Suprisexd,ravencrest,1056,paladin,retribution,18,11,7
23478,Сакон,borean-tundra,1056,paladin,retribution,24,11,13
23479,Pia,twisting-nether,1056,paladin,retribution,24,11,13
23480,Opettaja,ravencrest,1056,paladin,retribution,24,11,13
23481,Franzîskûs,blackmoore,1056,paladin,retribution,24,11,13
23482,Phaewingsftw,kazzak,1056,paladin,retribution,24,11,13
23483,Nyxbane,kazzak,1056,paladin,retribution,30,11,19
23484,Ilealstras,twisting-nether,1056,paladin,retribution,30,11,19
23485,Socx,outland,1056,paladin,retribution,30,11,19
23486,Terrozina,stormscale,1055,paladin,retribution,18,11,7
23487,Holydhanas,outland,1055,paladin,retribution,18,11,7
23488,Eléndrên,blackrock,1055,paladin,retribution,18,11,7
23489,Turskah,shattered-hand,1055,paladin,retribution,18,11,7
23490,Eldrial,argent-dawn,1055,paladin,retribution,18,11,7
23491,Дохлаяженах,gordunni,1055,paladin,retribution,18,11,7
23492,Erasdin,silvermoon,1055,paladin,retribution,18,11,7
23493,Vvsdiamonds,archimonde,1055,paladin,retribution,24,11,13
23494,Stukker,silvermoon,1055,paladin,retribution,24,11,13
23495,Blademasteer,jaedenar,1055,paladin,retribution,24,11,13
23496,Kalimgor,theradras,1055,paladin,retribution,24,11,13
23497,Roostersucka,stormreaver,1055,paladin,retribution,24,11,13
23498,Spiritbreak,archimonde,1055,paladin,retribution,24,11,13
23499,Шульц,borean-tundra,1055,paladin,retribution,24,11,13
23500,Rileys,turalyon,1055,paladin,retribution,90,39,51
23501,Bázer,antonidas,1055,paladin,retribution,30,11,19
23502,Deadlydawn,kazzak,1055,paladin,retribution,36,11,25
23503,Screâm,eredar,1055,paladin,retribution,36,11,25
23504,Sinthoràs,shattered-hand,1054,paladin,retribution,36,20,16
23505,Blademàster,twisting-nether,1054,paladin,retribution,22,12,10
23506,Jíyü,blackmoore,1054,paladin,retribution,24,11,13
23507,Нормвал,gordunni,1054,paladin,retribution,24,11,13
23508,Aguerx,alleria,1054,paladin,retribution,24,11,13
23509,Palidos,blackrock,1054,paladin,retribution,24,11,13
23510,Этокомедия,howling-fjord,1054,paladin,retribution,30,11,19
23511,Skoopey,twisting-nether,1054,paladin,retribution,30,11,19
23512,Phalex,outland,1054,paladin,retribution,30,11,19
23513,Fleckige,nethersturm,1054,paladin,retribution,30,11,19
23514,Хилоретка,blackscar,1053,paladin,retribution,18,11,7
23515,Vendil,tarren-mill,1053,paladin,retribution,18,11,7
23516,Ridethelight,nemesis,1053,paladin,retribution,21,12,9
23517,Snaty,khaz-modan,1053,paladin,retribution,83,44,39
23518,Deceneü,kazzak,1053,paladin,retribution,24,11,13
23519,Mufuqa,ragnaros,1053,paladin,retribution,24,11,13
23520,Bartelemeus,draenor,1053,paladin,retribution,24,11,13
23521,Moarcry,outland,1053,paladin,retribution,24,11,13
23522,Tyristrum,kilrogg,1053,paladin,retribution,30,11,19
23523,Ryaz,blackrock,1052,paladin,retribution,18,11,7
23524,Palaradis,doomhammer,1052,paladin,retribution,18,11,7
23525,Hideinlight,hellscream,1052,paladin,retribution,24,11,13
23526,Alard,sanguino,1052,paladin,retribution,30,11,19
23527,Phorios,agamaggan,1052,paladin,retribution,36,11,25
23528,Vedaar,dun-modr,1051,paladin,retribution,12,11,1
23529,Imreallybadx,blackrock,1051,paladin,retribution,18,11,7
23530,Pný,silvermoon,1051,paladin,retribution,24,11,13
23531,Widj,silvermoon,1051,paladin,retribution,24,11,13
23532,Nîcolascage,stormscale,1051,paladin,retribution,30,11,19
23533,Llaynn,argent-dawn,1051,paladin,retribution,36,11,25
23534,Traýan,blackmoore,1050,paladin,retribution,18,11,7
23535,Рипкарт,gordunni,1050,paladin,retribution,18,11,7
23536,Hugins,chamber-of-aspects,1050,paladin,retribution,24,11,13
23537,Gojesi,silvermoon,1050,paladin,retribution,24,11,13
23538,Antidrasi,turalyon,1050,paladin,retribution,37,12,25
23539,Lóyal,kazzak,1049,paladin,retribution,18,11,7
23540,Plato,arthas,1049,paladin,retribution,30,16,14
23541,Sangiorgio,nemesis,1049,paladin,retribution,24,11,13
23542,Malleius,ravencrest,1049,paladin,retribution,30,11,19
23543,Justïce,twisting-nether,1049,paladin,retribution,30,11,19
23544,Âchîle,garona,1048,paladin,retribution,55,31,24
23545,Gerannan,kirin-tor,1048,paladin,retribution,48,24,24
23546,Huhuu,outland,1048,paladin,retribution,24,11,13
23547,Pascual,magtheridon,1048,paladin,retribution,24,11,13
23548,Raptasenda,archimonde,1048,paladin,retribution,62,24,38
23549,Crazybones,marécage-de-zangar,1047,paladin,retribution,36,16,20
23550,Budweison,silvermoon,1047,paladin,retribution,30,11,19
23551,Romfis,arathor,1046,paladin,retribution,18,11,7
23552,Spizz,dun-modr,1046,paladin,retribution,30,11,19
23553,Krustenkaese,kelthuzad,1045,paladin,retribution,18,11,7
23554,Leilak,draenor,1045,paladin,retribution,44,26,18
23555,Daicic,kazzak,1045,paladin,retribution,19,11,8
23556,Palakag,blackhand,1045,paladin,retribution,42,12,30
23557,Jooki,drakthul,1044,paladin,retribution,18,11,7
23558,Kaelron,sanguino,1044,paladin,retribution,18,11,7
23559,Traqnbilkarq,stormscale,1044,paladin,retribution,24,12,12
23560,Darnero,blackrock,1043,paladin,retribution,18,11,7
23561,Shadderkpal,draenor,1042,paladin,retribution,30,11,19
23562,Harycon,thrall,1041,paladin,retribution,30,11,19
23563,Dildotbagins,argent-dawn,1039,paladin,retribution,58,34,24
23564,Sinalia,shattrath,1039,paladin,retribution,24,11,13
23565,Кетран,howling-fjord,1039,paladin,retribution,30,11,19
23566,Killa,stormrage,1038,paladin,retribution,24,11,13
23567,Janky,draenor,1038,paladin,retribution,30,11,19
23568,Rêmo,blackrock,1037,paladin,retribution,28,17,11
23569,Bitether,burning-legion,1037,paladin,retribution,24,11,13
23570,Далходж,soulflayer,1037,paladin,retribution,35,11,24
23571,Lowen,deathwing,1037,paladin,retribution,41,11,30
23572,Kaedena,kaelthas,1035,paladin,retribution,18,11,7
23573,Saró,ravencrest,1035,paladin,retribution,22,12,10
23574,Лефша,soulflayer,1034,paladin,retribution,18,11,7
23575,Фокспро,lich-king,1032,paladin,retribution,24,11,13
23576,Bomsamdi,draenor,1032,paladin,retribution,71,31,40
23577,Gôdfâthér,kazzak,1031,paladin,retribution,23,11,12
23578,Гермесиус,deepholm,1031,paladin,retribution,24,11,13
23579,Aégon,archimonde,1026,paladin,retribution,54,23,31
23580,Kealen,nemesis,1025,paladin,retribution,72,28,44
23581,Арморих,gordunni,1024,paladin,retribution,22,11,11
23582,Hateless,tarren-mill,1024,paladin,retribution,28,11,17
23583,Zanathos,onyxia,1023,paladin,retribution,30,20,10
23584,Paladie,dalaran,1015,paladin,retribution,159,81,78
23585,Shorella,malganis,1015,paladin,retribution,35,17,18
23586,Quasimotto,turalyon,1014,paladin,retribution,36,13,23
23587,Crynó,blackmoore,1010,paladin,retribution,30,13,17
23588,Danneris,sanguino,1008,paladin,retribution,31,15,16
23589,Morhgain,kazzak,1007,paladin,retribution,42,21,21
23590,Kipperb,kazzak,1007,paladin,retribution,23,11,12
23591,Renaseh,twisting-nether,1007,paladin,retribution,23,11,12
23592,ßrav,hyjal,1007,paladin,retribution,27,12,15
23593,Ilovemylay,area-52,1004,paladin,retribution,21,11,10
23594,Монбиин,soulflayer,1001,paladin,retribution,24,12,12
23595,Sheïkka,hyjal,1001,paladin,retribution,68,30,38
23596,Нэксти,howling-fjord,1001,paladin,retribution,29,11,18
23597,Сверхпаладин,howling-fjord,999,paladin,retribution,18,11,7
23598,Tomales,aggramar,998,paladin,retribution,36,18,18
23599,Killtauren,kazzak,998,paladin,retribution,78,36,42
23600,Эксвайп,howling-fjord,997,paladin,retribution,23,11,12
23601,Bryllks,die-todeskrallen,996,paladin,retribution,42,25,17
23602,Crazypits,silvermoon,993,paladin,retribution,36,14,22
23603,Pratt,deathwing,989,paladin,retribution,20,11,9
23604,Zerohour,kilrogg,987,paladin,retribution,34,11,23
23605,Logossh,dun-modr,986,paladin,retribution,20,11,9
23606,Jenyu,sanguino,986,paladin,retribution,29,13,16
23607,Assyr,blackmoore,984,paladin,retribution,17,11,6
23608,Rdmhrvojehr,tarren-mill,981,paladin,retribution,22,12,10
23609,Ukey,sanguino,978,paladin,retribution,48,27,21
23610,Haquiles,shendralar,974,paladin,retribution,22,12,10
23611,Summuno,eredar,974,paladin,retribution,120,44,76
23612,Almohalhil,tarren-mill,972,paladin,retribution,24,13,11
23613,Aludra,twisting-nether,972,paladin,retribution,35,18,17
23614,Thebestpala,tarren-mill,969,paladin,retribution,25,11,14
23615,Ârthâstrâs,terrordar,968,paladin,retribution,30,17,13
23616,Eltruite,archimonde,962,paladin,retribution,60,25,35
23617,Vonryan,defias-brotherhood,961,paladin,retribution,36,12,24
23618,Shatar,culte-de-la-rive-noire,960,paladin,retribution,12,10,2
23619,Fîzè,blackmoore,960,paladin,retribution,16,11,5
23620,Ретриксвета,eversong,960,paladin,retribution,18,10,8
23621,Navayo,frostmourne,960,paladin,retribution,18,10,8
23622,Blazerlolz,kazzak,960,paladin,retribution,18,10,8
23623,Takezop,dun-modr,960,paladin,retribution,18,10,8
23624,Vhalkur,dun-modr,960,paladin,retribution,18,10,8
23625,Misú,ravencrest,960,paladin,retribution,18,10,8
23626,Roklim,blackhand,960,paladin,retribution,18,10,8
23627,Rubína,aegwynn,960,paladin,retribution,20,10,10
23628,Sulask,argent-dawn,960,paladin,retribution,24,10,14
23629,Daveboss,dragonblight,960,paladin,retribution,24,10,14
23630,Riyo,twisting-nether,960,paladin,retribution,24,10,14
23631,Аргонис,gordunni,960,paladin,retribution,24,10,14
23632,Байстр,soulflayer,960,paladin,retribution,24,10,14
23633,Rqd,blackrock,960,paladin,retribution,24,10,14
23634,Dioxius,stormscale,960,paladin,retribution,24,10,14
23635,Атласс,gordunni,960,paladin,retribution,30,10,20
23636,Oliverrar,blackrock,960,paladin,retribution,30,10,20
23637,Садистка,soulflayer,960,paladin,retribution,30,10,20
23638,Saulencio,zuljin,960,paladin,retribution,36,10,26
23639,Lonesoul,tarren-mill,959,paladin,retribution,18,10,8
23640,Dìe,silvermoon,959,paladin,retribution,18,10,8
23641,Gangb,ravencrest,959,paladin,retribution,18,10,8
23642,Фэрплэйн,gordunni,959,paladin,retribution,18,10,8
23643,Omaw,ragnaros,959,paladin,retribution,18,10,8
23644,Drylands,ravencrest,959,paladin,retribution,18,10,8
23645,Bunurata,silvermoon,959,paladin,retribution,18,10,8
23646,Makakí,twisting-nether,959,paladin,retribution,18,10,8
23647,Naenel,dun-modr,959,paladin,retribution,24,10,14
23648,Ivarladin,draenor,959,paladin,retribution,24,10,14
23649,Thaddios,burning-blade,959,paladin,retribution,24,10,14
23650,Croptol,dun-modr,959,paladin,retribution,24,10,14
23651,Нижмубабл,soulflayer,959,paladin,retribution,27,11,16
23652,Armas,stormscale,959,paladin,retribution,28,11,17
23653,Teshkipowa,kazzak,959,paladin,retribution,30,10,20
23654,Mögräine,grim-batol,959,paladin,retribution,30,10,20
23655,Nyren,guldan,958,paladin,retribution,12,10,2
23656,Arcardi,dun-morogh,958,paladin,retribution,18,10,8
23657,Balderstomp,jaedenar,958,paladin,retribution,18,10,8
23658,Антрасс,soulflayer,958,paladin,retribution,18,10,8
23659,Béhèlit,sargeras,958,paladin,retribution,18,10,8
23660,Valanysa,blackmoore,958,paladin,retribution,18,10,8
23661,Леаркус,blackscar,958,paladin,retribution,24,10,14
23662,Dimes,argent-dawn,957,paladin,retribution,12,10,2
23663,Winterwall,sylvanas,957,paladin,retribution,24,10,14
23664,Franc,aggra-português,957,paladin,retribution,24,10,14
23665,Ðøñe,draenor,957,paladin,retribution,24,10,14
23666,Eulion,burning-legion,956,paladin,retribution,12,10,2
23667,Mílkme,antonidas,956,paladin,retribution,18,10,8
23668,Ayoub,argent-dawn,956,paladin,retribution,18,10,8
23669,Injustice,chamber-of-aspects,956,paladin,retribution,25,11,14
23670,Akâshi,dalaran,955,paladin,retribution,18,10,8
23671,Løøktår,ysondre,955,paladin,retribution,18,10,8
23672,Karthvitall,kaelthas,955,paladin,retribution,18,10,8
23673,Soulglo,ragnaros,955,paladin,retribution,24,10,14
23674,Holypurger,shattered-hand,955,paladin,retribution,25,10,15
23675,Calluk,turalyon,955,paladin,retribution,29,11,18
23676,Kyríé,tarren-mill,953,paladin,retribution,18,10,8
23677,Iqso,argent-dawn,953,paladin,retribution,18,10,8
23678,Olaghkan,dun-modr,952,paladin,retribution,20,10,10
23679,Dwangl,silvermoon,952,paladin,retribution,24,10,14
23680,Prínce,blackmoore,952,paladin,retribution,24,10,14
23681,Ressurection,outland,951,paladin,retribution,58,25,33
23682,Phaenre,pozzo-delleternità,951,paladin,retribution,35,13,22
23683,Nözderg,archimonde,951,paladin,retribution,30,10,20
23684,Cáli,forscherliga,949,paladin,retribution,18,10,8
23685,Gottfrid,sunstrider,949,paladin,retribution,18,10,8
23686,Xemoth,kazzak,947,paladin,retribution,18,10,8
23687,Olwie,argent-dawn,947,paladin,retribution,18,10,8
23688,Ziggyz,kul-tiras,945,paladin,retribution,19,10,9
23689,Thëone,exodar,945,paladin,retribution,22,11,11
23690,Ghallandre,khaz-modan,943,paladin,retribution,18,10,8
23691,Donttaskwhy,sylvanas,942,paladin,retribution,30,10,20
23692,Patzi,die-todeskrallen,941,paladin,retribution,67,33,34
23693,Kawakii,outland,940,paladin,retribution,18,10,8
23694,Glotzkowski,kelthuzad,938,paladin,retribution,18,10,8
23695,Nomeel,twisting-nether,936,paladin,retribution,133,66,67
23696,Josuaa,ragnaros,929,paladin,retribution,80,36,44
23697,Wolya,blackrock,927,paladin,retribution,21,11,10
23698,Justrhino,kazzak,927,paladin,retribution,23,10,13
23699,Ghéttørèt,das-konsortium,927,paladin,retribution,26,11,15
23700,Lightblaze,doomhammer,924,paladin,retribution,54,18,36
23701,Meneth,elune,924,paladin,retribution,43,11,32
23702,Eatfasteatas,doomhammer,923,paladin,retribution,12,10,2
23703,Immortalkrux,archimonde,923,paladin,retribution,59,20,39
23704,Atacan,twisting-nether,920,paladin,retribution,42,20,22
23705,Luxor,sporeggar,919,paladin,retribution,24,14,10
23706,Klikas,twisting-nether,918,paladin,retribution,36,18,18
23707,Бунча,gordunni,913,paladin,retribution,60,18,42
23708,Vörtëx,tarren-mill,912,paladin,retribution,24,11,13
23709,Thesavage,magtheridon,910,paladin,retribution,17,10,7
23710,Миссйеллоу,gordunni,910,paladin,retribution,17,10,7
23711,Схемас,gordunni,910,paladin,retribution,36,14,22
23712,Vuzetevacabo,doomhammer,907,paladin,retribution,96,45,51
23713,Ranish,aegwynn,906,paladin,retribution,33,11,22
23714,Tomkü,burning-legion,902,paladin,retribution,28,12,16
23715,Érléuchtas,kazzak,899,paladin,retribution,22,11,11
23716,Gurutze,ragnaros,896,paladin,retribution,16,10,6
23717,Tigerherz,antonidas,895,paladin,retribution,28,10,18
23718,Lògàn,pozzo-delleternità,894,paladin,retribution,20,10,10
23719,Émilia,frostwolf,894,paladin,retribution,22,10,12
23720,Lolladin,blackmoore,894,paladin,retribution,26,10,16
23721,Vanyon,malganis,892,paladin,retribution,20,10,10
23722,Vexxus,blackrock,892,paladin,retribution,48,22,26
23723,Milicos,sylvanas,891,paladin,retribution,48,24,24
23724,Zingler,norgannon,891,paladin,retribution,24,12,12
23725,Tánk,twilights-hammer,888,paladin,retribution,48,22,26
23726,Romkaq,silvermoon,884,paladin,retribution,18,11,7
23727,Pepsimaxpvp,blackmoore,880,paladin,retribution,25,10,15
23728,Baé,drakthul,878,paladin,retribution,25,10,15
23729,Fardahr,ravencrest,877,paladin,retribution,24,10,14
23730,Куоширо,goldrinn,877,paladin,retribution,30,12,18
23731,Supou,twisting-nether,876,paladin,retribution,18,10,8
23732,Vibeer,ravencrest,876,paladin,retribution,104,49,55
23733,Fufenzee,stormscale,875,paladin,retribution,77,33,44
23734,Медверус,gordunni,872,paladin,retribution,31,12,19
23735,Фэнон,gordunni,864,paladin,retribution,12,9,3
23736,Jacadin,sunstrider,864,paladin,retribution,12,9,3
23737,Camusa,kazzak,864,paladin,retribution,12,9,3
23738,Сынбогов,gordunni,864,paladin,retribution,12,9,3
23739,Stitchup,argent-dawn,864,paladin,retribution,12,9,3
23740,Kanyewesh,dalaran,864,paladin,retribution,12,9,3
23741,Holysnickers,tarren-mill,864,paladin,retribution,12,9,3
23742,Duno,archimonde,864,paladin,retribution,12,9,3
23743,Unleashed,antonidas,864,paladin,retribution,12,9,3
23744,Kaarsius,defias-brotherhood,864,paladin,retribution,18,9,9
23745,Püshup,archimonde,864,paladin,retribution,18,9,9
23746,Loani,dalaran,864,paladin,retribution,18,9,9
23747,Xinxin,azshara,864,paladin,retribution,18,9,9
23748,Мэднессх,howling-fjord,864,paladin,retribution,18,9,9
23749,Paterymon,ravencrest,864,paladin,retribution,18,9,9
23750,Mitsoû,archimonde,864,paladin,retribution,18,9,9
23751,Gulyas,tarren-mill,864,paladin,retribution,18,9,9
23752,Kilô,sylvanas,864,paladin,retribution,18,9,9
23753,Cùpìdstunt,draenor,864,paladin,retribution,18,9,9
23754,Noxy,thrall,864,paladin,retribution,18,9,9
23755,Retgodx,eredar,864,paladin,retribution,18,9,9
23756,Hølypwnjk,forscherliga,864,paladin,retribution,18,9,9
23757,Reckonin,nagrand,864,paladin,retribution,18,9,9
23758,Neverdeath,stormscale,864,paladin,retribution,18,9,9
23759,Pesterci,draenor,864,paladin,retribution,18,9,9
23760,Evölution,frostmane,864,paladin,retribution,24,9,15
23761,Lagrops,chants-éternels,864,paladin,retribution,24,9,15
23762,Kæycc,blackmoore,864,paladin,retribution,24,9,15
23763,Konardos,burning-legion,864,paladin,retribution,24,9,15
23764,Thoriz,elune,864,paladin,retribution,24,9,15
23765,Babyboo,aggra-português,864,paladin,retribution,24,9,15
23766,Lindrone,aggra-português,864,paladin,retribution,24,9,15
23767,Святстраж,gordunni,864,paladin,retribution,27,10,17
23768,Umirinbruv,zenedar,864,paladin,retribution,30,9,21
23769,Døgpaladin,outland,864,paladin,retribution,30,9,21
23770,Вэндрик,azuregos,864,paladin,retribution,30,9,21
23771,Aksios,kazzak,863,paladin,retribution,12,9,3
23772,Irini,sylvanas,863,paladin,retribution,12,9,3
23773,Nakedholy,draenor,863,paladin,retribution,12,9,3
23774,Vootele,draenor,863,paladin,retribution,12,9,3
23775,Nordkreuz,aegwynn,863,paladin,retribution,18,9,9
23776,Trollilolz,eredar,863,paladin,retribution,18,9,9
23777,Disadin,sylvanas,863,paladin,retribution,18,9,9
23778,Egx,draenor,863,paladin,retribution,18,9,9
23779,Dälaghetto,kilrogg,863,paladin,retribution,18,9,9
23780,Szaporító,ragnaros,863,paladin,retribution,18,9,9
23781,Durnell,sylvanas,863,paladin,retribution,18,9,9
23782,Sildrit,draenor,863,paladin,retribution,18,9,9
23783,Fujszi,arathor,863,paladin,retribution,18,9,9
23784,Veejxo,silvermoon,863,paladin,retribution,18,9,9
23785,Добегуубью,thermaplugg,863,paladin,retribution,21,10,11
23786,Palarezz,ysondre,863,paladin,retribution,24,9,15
23787,Каштоуны,soulflayer,863,paladin,retribution,24,9,15
23788,Дэвсон,greymane,863,paladin,retribution,24,9,15
23789,Tapsgg,silvermoon,863,paladin,retribution,24,9,15
23790,Celerius,trollbane,863,paladin,retribution,24,9,15
23791,Axone,ravencrest,863,paladin,retribution,24,9,15
23792,Asgardietis,kazzak,863,paladin,retribution,27,10,17
23793,Serratus,thunderhorn,863,paladin,retribution,30,9,21
23794,Омникнайтх,howling-fjord,863,paladin,retribution,30,9,21
23795,Ephialtis,hyjal,862,paladin,retribution,12,9,3
23796,Kabóm,kazzak,862,paladin,retribution,12,9,3
23797,Paduj,kazzak,862,paladin,retribution,12,9,3
23798,Blatrix,kazzak,862,paladin,retribution,12,9,3
23799,Velikor,dun-modr,862,paladin,retribution,18,9,9
23800,Slipoj,blackhand,862,paladin,retribution,18,9,9
23801,Gucix,sylvanas,862,paladin,retribution,18,9,9
23802,Yæø,archimonde,862,paladin,retribution,18,9,9
23803,Darkenorr,silvermoon,862,paladin,retribution,18,9,9
23804,Lìmier,ysondre,862,paladin,retribution,18,9,9
23805,Роллита,gordunni,862,paladin,retribution,24,9,15
23806,Ллосла,howling-fjord,862,paladin,retribution,36,9,27
23807,Viffi,darkspear,861,paladin,retribution,12,9,3
23808,Skittlespala,twisting-nether,861,paladin,retribution,12,9,3
23809,Retributon,madmortem,861,paladin,retribution,18,9,9
23810,Paajaxd,drakthul,861,paladin,retribution,18,9,9
23811,Jpally,ravencrest,861,paladin,retribution,18,9,9
23812,Bucaxin,cthun,860,paladin,retribution,12,9,3
23813,Sölaria,silvermoon,860,paladin,retribution,18,9,9
23814,Catsnek,darksorrow,860,paladin,retribution,18,9,9
23815,Banister,eredar,860,paladin,retribution,24,9,15
23816,Artorya,outland,859,paladin,retribution,18,9,9
23817,Jêzus,blackrock,858,paladin,retribution,12,9,3
23818,Кс,greymane,858,paladin,retribution,18,9,9
23819,Rètbull,blackhand,858,paladin,retribution,18,9,9
23820,Ènyalius,silvermoon,858,paladin,retribution,24,9,15
23821,Сапфирия,galakrond,855,paladin,retribution,30,9,21
23822,Legiønr,ravencrest,854,paladin,retribution,12,9,3
23823,Bubblemama,aegwynn,853,paladin,retribution,18,9,9
23824,Fortination,dalaran,853,paladin,retribution,18,9,9
23825,Таурмакус,howling-fjord,851,paladin,retribution,24,9,15
23826,Bellùm,archimonde,846,paladin,retribution,18,9,9
23827,Ericafontës,kazzak,846,paladin,retribution,23,9,14
23828,Knygnesys,silvermoon,844,paladin,retribution,15,11,4
23829,Cydor,khaz-modan,844,paladin,retribution,24,9,15
23830,Xòtrios,argent-dawn,841,paladin,retribution,30,14,16
23831,Тельбрук,gordunni,832,paladin,retribution,22,9,13
23832,Fortplus,pozzo-delleternità,830,paladin,retribution,26,12,14
23833,Драгун,gordunni,830,paladin,retribution,61,27,34
23834,Dôrä,ysondre,830,paladin,retribution,23,9,14
23835,Pàlàthor,khaz-modan,826,paladin,retribution,18,9,9
23836,Spánkit,stormscale,825,paladin,retribution,20,10,10
23837,Pyrogon,malorne,823,paladin,retribution,162,75,87
23838,Ultrabenzo,ravencrest,815,paladin,retribution,17,9,8
23839,Pak,amanthul,814,paladin,retribution,27,10,17
23840,Mckellen,antonidas,810,paladin,retribution,15,10,5
23841,Valaudu,stormscale,810,paladin,retribution,17,9,8
23842,Ararion,tarren-mill,809,paladin,retribution,18,10,8
23843,Dmytropal,draenor,809,paladin,retribution,22,10,12
23844,Khadet,draenor,809,paladin,retribution,22,10,12
23845,Dehanath,draenor,809,paladin,retribution,23,9,14
23846,Fumatelo,tyrande,808,paladin,retribution,18,9,9
23847,Choyoki,blackmoore,802,paladin,retribution,26,9,17
23848,Reiwyn,archimonde,799,paladin,retribution,22,9,13
23849,Ксамо,howling-fjord,798,paladin,retribution,11,9,2
23850,Юримия,blackscar,798,paladin,retribution,17,9,8
23851,Penknife,ravencrest,797,paladin,retribution,20,9,11
23852,Altrazel,archimonde,795,paladin,retribution,20,10,10
23853,Guckzu,malganis,794,paladin,retribution,25,10,15
23854,Helvirya,defias-brotherhood,792,paladin,retribution,160,65,95
23855,Legitpower,silvermoon,783,paladin,retribution,46,19,27
23856,Сильвернайт,soulflayer,779,paladin,retribution,29,10,19
23857,Баблыч,borean-tundra,771,paladin,retribution,42,17,25
23858,Sunfather,twilights-hammer,769,paladin,retribution,65,29,36
23859,Xoriun,norgannon,768,paladin,retribution,12,8,4
23860,Адвакаад,soulflayer,768,paladin,retribution,12,8,4
23861,Jïncks,anachronos,768,paladin,retribution,12,8,4
23862,Vakaza,cthun,768,paladin,retribution,12,8,4
23863,Khyleancbum,sanguino,768,paladin,retribution,12,8,4
23864,Enlightendz,ravencrest,768,paladin,retribution,12,8,4
23865,Touch,vashj,768,paladin,retribution,12,8,4
23866,Odisea,burning-blade,768,paladin,retribution,12,8,4
23867,Herô,drakthul,768,paladin,retribution,12,8,4
23868,Pakór,blackrock,768,paladin,retribution,12,8,4
23869,Vindicatê,stormscale,768,paladin,retribution,12,8,4
23870,Фантаззер,soulflayer,768,paladin,retribution,12,8,4
23871,Insanepvplol,archimonde,768,paladin,retribution,12,8,4
23872,Øttøø,outland,768,paladin,retribution,12,8,4
23873,Biqmac,mugthol,768,paladin,retribution,12,8,4
23874,Abbendis,twisting-nether,768,paladin,retribution,18,8,10
23875,Кисаммэ,howling-fjord,768,paladin,retribution,18,8,10
23876,Retlikeme,ravencrest,768,paladin,retribution,18,8,10
23877,Чемеряк,gordunni,768,paladin,retribution,18,8,10
23878,Círuq,eredar,768,paladin,retribution,18,8,10
23879,Palamag,grim-batol,768,paladin,retribution,18,8,10
23880,Dadyolimp,kazzak,768,paladin,retribution,18,8,10
23881,Пчелодин,howling-fjord,768,paladin,retribution,18,8,10
23882,Enmà,archimonde,768,paladin,retribution,18,8,10
23883,Bâbass,sargeras,768,paladin,retribution,18,8,10
23884,Milipal,hyjal,768,paladin,retribution,18,8,10
23885,Легейнда,soulflayer,768,paladin,retribution,18,8,10
23886,Valiscar,antonidas,768,paladin,retribution,18,8,10
23887,Iiwar,silvermoon,768,paladin,retribution,18,8,10
23888,Goüstà,ysondre,768,paladin,retribution,18,8,10
23889,Gìne,archimonde,768,paladin,retribution,18,8,10
23890,Deresos,anetheron,768,paladin,retribution,18,8,10
23891,Hydrolic,blackrock,768,paladin,retribution,18,8,10
23892,Getpawned,rexxar,768,paladin,retribution,18,8,10
23893,Holyinstinct,bronze-dragonflight,768,paladin,retribution,18,8,10
23894,Endavour,ravencrest,768,paladin,retribution,18,8,10
23895,Bubblor,ravencrest,768,paladin,retribution,18,8,10
23896,Mudan,stormscale,768,paladin,retribution,18,8,10
23897,Retrigodx,ragnaros,768,paladin,retribution,18,8,10
23898,Лайтфури,gordunni,768,paladin,retribution,18,8,10
23899,Sekztokio,blackmoore,768,paladin,retribution,18,8,10
23900,Rinocerb,ravencrest,768,paladin,retribution,18,8,10
23901,Sinclo,hyjal,768,paladin,retribution,20,8,12
23902,Tjabo,burning-blade,768,paladin,retribution,24,8,16
23903,Annurra,quelthalas,768,paladin,retribution,24,8,16
23904,Wankerjim,ghostlands,768,paladin,retribution,24,8,16
23905,Benzimus,ragnaros,768,paladin,retribution,24,8,16
23906,Piti,burning-legion,768,paladin,retribution,24,8,16
23907,Vilayesyo,ravencrest,768,paladin,retribution,24,8,16
23908,Powerphally,outland,768,paladin,retribution,24,8,16
23909,Nukss,silvermoon,768,paladin,retribution,24,8,16
23910,Mythorpala,dun-modr,768,paladin,retribution,24,8,16
23911,Аностазия,ashenvale,768,paladin,retribution,30,8,22
23912,Toxií,argent-dawn,768,paladin,retribution,30,8,22
23913,Dawnnslayer,kazzak,767,paladin,retribution,12,8,4
23914,Serenityxo,twisting-nether,767,paladin,retribution,12,8,4
23915,Mugraine,ravencrest,767,paladin,retribution,12,8,4
23916,Khaelor,frostwolf,767,paladin,retribution,12,8,4
23917,Atanasum,dun-modr,767,paladin,retribution,12,8,4
23918,Crossfaded,azjolnerub,767,paladin,retribution,12,8,4
23919,Blagori,blackhand,767,paladin,retribution,12,8,4
23920,Spinzr,draenor,767,paladin,retribution,12,8,4
23921,Ratedge,hyjal,767,paladin,retribution,12,8,4
23922,Acp,twisting-nether,767,paladin,retribution,12,8,4
23923,Hutimeni,turalyon,767,paladin,retribution,12,8,4
23924,Londonn,silvermoon,767,paladin,retribution,12,8,4
23925,Unforsakenx,silvermoon,767,paladin,retribution,12,8,4
23926,Kedaris,antonidas,767,paladin,retribution,12,8,4
23927,Ксенджин,gordunni,767,paladin,retribution,16,9,7
23928,Palachdinka,drakthul,767,paladin,retribution,18,8,10
23929,Ruftadin,ragnaros,767,paladin,retribution,18,8,10
23930,Hèmera,archimonde,767,paladin,retribution,18,8,10
23931,Aston,sylvanas,767,paladin,retribution,18,8,10
23932,Dimdon,silvermoon,767,paladin,retribution,18,8,10
23933,Samuel,ahnqiraj,767,paladin,retribution,18,8,10
23934,Dideta,colinas-pardas,767,paladin,retribution,18,8,10
23935,Krakr,ravencrest,767,paladin,retribution,18,8,10
23936,Xersys,draenor,767,paladin,retribution,18,8,10
23937,Baxteria,dun-modr,767,paladin,retribution,18,8,10
23938,Nicolae,colinas-pardas,767,paladin,retribution,18,8,10
23939,Бальтазёрыч,soulflayer,767,paladin,retribution,18,8,10
23940,Belight,burning-legion,767,paladin,retribution,18,8,10
23941,Retgrets,kazzak,767,paladin,retribution,18,8,10
23942,Mïnnîe,ysondre,767,paladin,retribution,18,8,10
23943,Ultret,silvermoon,767,paladin,retribution,18,8,10
23944,Hôrrible,ravencrest,767,paladin,retribution,18,8,10
23945,Lusugo,alakir,767,paladin,retribution,24,8,16
23946,Thoreas,perenolde,767,paladin,retribution,24,8,16
23947,Brightgrove,silvermoon,767,paladin,retribution,24,8,16
23948,Freeloliipop,darksorrow,767,paladin,retribution,24,8,16
23949,Saath,malfurion,767,paladin,retribution,24,8,16
23950,Diaéna,kirin-tor,767,paladin,retribution,24,8,16
23951,Ryozupala,frostwolf,766,paladin,retribution,12,8,4
23952,Fremuduin,argent-dawn,766,paladin,retribution,12,8,4
23953,Konithis,doomhammer,766,paladin,retribution,12,8,4
23954,Laugan,ysondre,766,paladin,retribution,12,8,4
23955,Unogym,dragonblight,766,paladin,retribution,18,8,10
23956,Beefbombs,blackmoore,766,paladin,retribution,18,8,10
23957,Quaterbâck,antonidas,766,paladin,retribution,24,8,16
23958,Wtfudo,sylvanas,765,paladin,retribution,18,8,10
23959,Mikipaki,tarren-mill,765,paladin,retribution,18,8,10
23960,Retroon,doomhammer,764,paladin,retribution,18,8,10
23961,Trøllørd,shattrath,764,paladin,retribution,18,8,10
23962,Luridity,argent-dawn,764,paladin,retribution,24,8,16
23963,Ahritea,blackrock,763,paladin,retribution,12,8,4
23964,Ночнаябуря,gordunni,763,paladin,retribution,12,8,4
23965,Lewanor,tarren-mill,763,paladin,retribution,12,8,4
23966,Wingedguard,ragnaros,763,paladin,retribution,12,8,4
23967,Sanduciorba,chamber-of-aspects,763,paladin,retribution,21,9,12
23968,Nauriell,blackmoore,762,paladin,retribution,12,8,4
23969,Tank,uldum,762,paladin,retribution,12,8,4
23970,Vondarkmoor,magtheridon,761,paladin,retribution,18,8,10
23971,Torczy,frostwhisper,760,paladin,retribution,12,8,4
23972,Nebrii,doomhammer,760,paladin,retribution,18,8,10
23973,Tripani,twisting-nether,760,paladin,retribution,18,8,10
23974,Akakaboto,draenor,759,paladin,retribution,24,8,16
23975,Mickeyvorace,archimonde,758,paladin,retribution,18,8,10
23976,Rivela,bloodhoof,758,paladin,retribution,18,8,10
23977,Orelius,guldan,755,paladin,retribution,36,12,24
23978,Grundgron,burning-legion,753,paladin,retribution,27,8,19
23979,Evilerpaly,stormscale,752,paladin,retribution,12,8,4
23980,Поласс,gordunni,751,paladin,retribution,17,8,9
23981,Nazaninez,tarren-mill,749,paladin,retribution,18,8,10
23982,Lawrence,deathwing,748,paladin,retribution,24,8,16
23983,Танси,fordragon,747,paladin,retribution,12,8,4
23984,Kubrat,eredar,738,paladin,retribution,30,10,20
23985,Grayparser,silvermoon,735,paladin,retribution,14,9,5
23986,Nollieflipx,tarren-mill,735,paladin,retribution,17,8,9
23987,Trendragon,argent-dawn,719,paladin,retribution,17,8,9
23988,Ritoru,drekthar,719,paladin,retribution,17,8,9
23989,Serawyn,twisting-nether,718,paladin,retribution,15,8,7
23990,Unbreakable,eredar,717,paladin,retribution,15,8,7
23991,Darkironpala,argent-dawn,717,paladin,retribution,21,8,13
23992,Áramor,blackmoore,716,paladin,retribution,17,8,9
23993,Äthénâ,archimonde,713,paladin,retribution,23,9,14
23994,Aelthir,kazzak,703,paladin,retribution,11,8,3
23995,Darkdeal,tarren-mill,703,paladin,retribution,14,8,6
23996,Myxas,tarren-mill,702,paladin,retribution,14,8,6
23997,Demsi,ravencrest,702,paladin,retribution,14,8,6
23998,Ericpala,turalyon,702,paladin,retribution,17,8,9
23999,Angelepetit,hyjal,701,paladin,retribution,16,8,8
24000,Veliios,silvermoon,701,paladin,retribution,25,9,16
24001,Milisha,the-maelstrom,696,paladin,retribution,26,8,18
24002,Gradepal,drakthul,687,paladin,retribution,19,8,11
24003,Barqin,ragnaros,686,paladin,retribution,19,8,11
24004,Миллиционер,razuvious,672,paladin,retribution,12,7,5
24005,Arkhàn,ravencrest,672,paladin,retribution,12,7,5
24006,Okroschka,blackrock,672,paladin,retribution,12,7,5
24007,Milkzaddy,kazzak,672,paladin,retribution,12,7,5
24008,Vircy,outland,672,paladin,retribution,12,7,5
24009,Sunwalker,bronzebeard,672,paladin,retribution,12,7,5
24010,Mâlâk,dun-modr,672,paladin,retribution,12,7,5
24011,Neicha,trollbane,672,paladin,retribution,12,7,5
24012,Pratiarch,kazzak,672,paladin,retribution,12,7,5
24013,Xônia,sylvanas,672,paladin,retribution,12,7,5
24014,Fatherabdul,ravencrest,672,paladin,retribution,12,7,5
24015,Mîakhalîfa,tarren-mill,672,paladin,retribution,12,7,5
24016,Даракар,deathguard,672,paladin,retribution,12,7,5
24017,Malapal,hyjal,672,paladin,retribution,12,7,5
24018,Windwings,drakthul,672,paladin,retribution,12,7,5
24019,Ginka,blackrock,672,paladin,retribution,12,7,5
24020,Падаетслезаа,howling-fjord,672,paladin,retribution,12,7,5
24021,Miriem,twisting-nether,672,paladin,retribution,12,7,5
24022,Anatollia,silvermoon,672,paladin,retribution,12,7,5
24023,Veganbeefman,draenor,672,paladin,retribution,12,7,5
24024,Tavil,sylvanas,672,paladin,retribution,12,7,5
24025,Ceca,lightnings-blade,672,paladin,retribution,12,7,5
24026,Bighugg,draenor,672,paladin,retribution,12,7,5
24027,Nzmamba,burning-legion,672,paladin,retribution,12,7,5
24028,Nissesolsken,outland,672,paladin,retribution,12,7,5
24029,Frequencer,ragnaros,672,paladin,retribution,12,7,5
24030,Ilpreside,nemesis,672,paladin,retribution,12,7,5
24031,Shjami,rexxar,672,paladin,retribution,12,7,5
24032,Silverglaze,defias-brotherhood,672,paladin,retribution,12,7,5
24033,Блудиз,howling-fjord,672,paladin,retribution,12,7,5
24034,Fabsy,frostwolf,672,paladin,retribution,12,7,5
24035,Лиривель,howling-fjord,672,paladin,retribution,12,7,5
24036,Lighteousnes,blackmoore,672,paladin,retribution,12,7,5
24037,Mullinsilmä,stormreaver,672,paladin,retribution,12,7,5
24038,Uriens,zuljin,672,paladin,retribution,12,7,5
24039,Нефростинг,gordunni,672,paladin,retribution,12,7,5
24040,Curt,sanguino,672,paladin,retribution,12,7,5
24041,Hetrox,silvermoon,672,paladin,retribution,12,7,5
24042,Холиврас,gordunni,672,paladin,retribution,12,7,5
24043,Dragon,zenedar,672,paladin,retribution,12,7,5
24044,Ellünca,ravencrest,672,paladin,retribution,12,7,5
24045,Проверялка,thermaplugg,672,paladin,retribution,12,7,5
24046,Дорогаснега,gordunni,672,paladin,retribution,12,7,5
24047,Scairtin,ravencrest,672,paladin,retribution,18,7,11
24048,Melyntholdra,argent-dawn,672,paladin,retribution,18,7,11
24049,Littlenight,emerald-dream,672,paladin,retribution,18,7,11
24050,Валькирия,grom,672,paladin,retribution,18,7,11
24051,Igrael,argent-dawn,672,paladin,retribution,18,7,11
24052,Pìnkyy,draenor,672,paladin,retribution,18,7,11
24053,Elyrax,nemesis,672,paladin,retribution,18,7,11
24054,Galadrion,dun-modr,672,paladin,retribution,18,7,11
24055,Lysander,antonidas,672,paladin,retribution,18,7,11
24056,Bailleya,drakthul,672,paladin,retribution,18,7,11
24057,Kjobergen,tarren-mill,672,paladin,retribution,18,7,11
24058,Norganpala,die-aldor,672,paladin,retribution,18,7,11
24059,Serjudge,kazzak,672,paladin,retribution,18,7,11
24060,Emíly,dun-morogh,672,paladin,retribution,18,7,11
24061,Атмта,razuvious,672,paladin,retribution,18,7,11
24062,Алепос,gordunni,672,paladin,retribution,18,7,11
24063,Бэкворд,soulflayer,672,paladin,retribution,18,7,11
24064,Мериатас,soulflayer,672,paladin,retribution,18,7,11
24065,Seekêr,tarren-mill,672,paladin,retribution,18,7,11
24066,Ritaora,aggramar,672,paladin,retribution,18,7,11
24067,Krýptø,ravencrest,672,paladin,retribution,18,7,11
24068,Chiriner,drakthul,672,paladin,retribution,18,7,11
24069,Trixbunny,arathor,672,paladin,retribution,18,7,11
24070,Apocalypsé,twisting-nether,672,paladin,retribution,18,7,11
24071,Arbuzno,draenor,672,paladin,retribution,18,7,11
24072,Shownómercy,stormscale,672,paladin,retribution,18,7,11
24073,Tezmodian,antonidas,672,paladin,retribution,18,7,11
24074,Arshiaa,ravencrest,672,paladin,retribution,21,8,13
24075,Глаймис,gordunni,672,paladin,retribution,22,8,14
24076,Aliceredlips,dun-modr,672,paladin,retribution,24,7,17
24077,Boscho,argent-dawn,672,paladin,retribution,24,7,17
24078,Ваэлин,deathweaver,672,paladin,retribution,24,7,17
24079,Zerlat,twisting-nether,672,paladin,retribution,24,7,17
24080,Ящеры,gordunni,672,paladin,retribution,24,7,17
24081,Кхарнх,soulflayer,672,paladin,retribution,24,7,17
24082,Manole,ravencrest,672,paladin,retribution,24,7,17
24083,Nurix,dun-modr,672,paladin,retribution,24,7,17
24084,Bubbledøtcøm,blackmoore,672,paladin,retribution,24,7,17
24085,Jaegeer,draenor,672,paladin,retribution,24,7,17
24086,Vivike,silvermoon,672,paladin,retribution,24,7,17
24087,Aranael,nemesis,672,paladin,retribution,30,7,23
24088,Zycqo,silvermoon,672,paladin,retribution,31,7,24
24089,Архемор,ashenvale,671,paladin,retribution,12,7,5
24090,Liliána,ragnaros,671,paladin,retribution,12,7,5
24091,Gbejr,xavius,671,paladin,retribution,12,7,5
24092,Joti,proudmoore,671,paladin,retribution,12,7,5
24093,Wolfpala,drakthul,671,paladin,retribution,12,7,5
24094,Bronan,draenor,671,paladin,retribution,12,7,5
24095,Gavain,blackhand,671,paladin,retribution,12,7,5
24096,Palahôlika,antonidas,671,paladin,retribution,12,7,5
24097,Retzzo,ravencrest,671,paladin,retribution,12,7,5
24098,Zpock,archimonde,671,paladin,retribution,12,7,5
24099,Kolts,ragnaros,671,paladin,retribution,12,7,5
24100,Bubblefett,ysera,671,paladin,retribution,12,7,5
24101,Lovetospoonn,ravencrest,671,paladin,retribution,12,7,5
24102,Samueel,blackmoore,671,paladin,retribution,12,7,5
24103,Gindolon,blackhand,671,paladin,retribution,12,7,5
24104,Granadir,doomhammer,671,paladin,retribution,12,7,5
24105,Liamisi,blackhand,671,paladin,retribution,12,7,5
24106,Sakred,hellscream,671,paladin,retribution,12,7,5
24107,Ljusbågen,silvermoon,671,paladin,retribution,13,7,6
24108,Ôrâ,archimonde,671,paladin,retribution,15,8,7
24109,Parlma,naxxramas,671,paladin,retribution,19,8,11
24110,Laenira,nemesis,671,paladin,retribution,18,7,11
24111,Fishnchips,twisting-nether,671,paladin,retribution,18,7,11
24112,Eken,hyjal,671,paladin,retribution,18,7,11
24113,Dufftroll,kazzak,671,paladin,retribution,18,7,11
24114,Спидфрик,blackscar,671,paladin,retribution,18,7,11
24115,Рогафайти,goldrinn,671,paladin,retribution,18,7,11
24116,Alvíss,sanguino,671,paladin,retribution,18,7,11
24117,Testovasara,ravencrest,671,paladin,retribution,18,7,11
24118,Блуудс,howling-fjord,671,paladin,retribution,18,7,11
24119,Esdras,sanguino,671,paladin,retribution,18,7,11
24120,Labier,tarren-mill,671,paladin,retribution,18,7,11
24121,Disconnector,aegwynn,671,paladin,retribution,18,7,11
24122,Erethes,magtheridon,671,paladin,retribution,18,7,11
24123,Sheaps,les-sentinelles,671,paladin,retribution,18,7,11
24124,Konori,mannoroth,671,paladin,retribution,18,7,11
24125,Öbedö,malganis,671,paladin,retribution,24,7,17
24126,Eldrielle,culte-de-la-rive-noire,671,paladin,retribution,24,7,17
24127,Mindoxlawlz,sanguino,671,paladin,retribution,24,7,17
24128,Animouse,drakthul,670,paladin,retribution,12,7,5
24129,Keol,sanguino,670,paladin,retribution,12,7,5
24130,Edb,silvermoon,670,paladin,retribution,12,7,5
24131,Atrexie,lightbringer,670,paladin,retribution,12,7,5
24132,Ùthër,silvermoon,670,paladin,retribution,18,7,11
24133,Thandoro,amanthul,670,paladin,retribution,18,7,11
24134,Lighttitan,ravencrest,670,paladin,retribution,18,7,11
24135,Gerin,ulduar,670,paladin,retribution,18,7,11
24136,Blessmedaddy,tarren-mill,670,paladin,retribution,18,7,11
24137,Solarouz,draenor,669,paladin,retribution,12,7,5
24138,Zvirblis,chamber-of-aspects,669,paladin,retribution,15,8,7
24139,Baymanda,tarren-mill,669,paladin,retribution,18,7,11
24140,Rangorian,defias-brotherhood,669,paladin,retribution,24,7,17
24141,Bandaga,sanguino,668,paladin,retribution,12,7,5
24142,Эррор,azuregos,668,paladin,retribution,18,7,11
24143,Gropleindsup,ysondre,668,paladin,retribution,18,7,11
24144,Shennzo,wildhammer,667,paladin,retribution,12,7,5
24145,Megara,bronze-dragonflight,667,paladin,retribution,12,7,5
24146,Fannii,ravencrest,667,paladin,retribution,12,7,5
24147,Эллессар,howling-fjord,667,paladin,retribution,18,7,11
24148,Rocaviva,sanguino,666,paladin,retribution,12,7,5
24149,Ксинем,howling-fjord,666,paladin,retribution,16,8,8
24150,Шелволк,eversong,665,paladin,retribution,18,7,11
24151,Fløki,blackrock,664,paladin,retribution,12,7,5
24152,Pallido,exodar,664,paladin,retribution,12,7,5
24153,Zealotic,doomhammer,664,paladin,retribution,12,7,5
24154,Chikaz,archimonde,664,paladin,retribution,20,10,10
24155,Blinklys,ragnaros,664,paladin,retribution,18,7,11
24156,Halimox,terokkar,664,paladin,retribution,18,7,11
24157,Purpledurple,twisting-nether,663,paladin,retribution,18,7,11
24158,Sarinise,draenor,662,paladin,retribution,12,7,5
24159,Mechoka,auchindoun,661,paladin,retribution,13,7,6
24160,Belzed,draenor,660,paladin,retribution,15,8,7
24161,Сашок,gordunni,657,paladin,retribution,12,7,5
24162,Bigdamjudgee,outland,655,paladin,retribution,17,7,10
24163,Ryüü,uldaman,647,paladin,retribution,30,8,22
24164,Benkenoah,ragnaros,641,paladin,retribution,30,7,23
24165,Keele,stormscale,639,paladin,retribution,17,7,10
24166,Arear,kazzak,624,paladin,retribution,15,8,7
24167,Rustig,talnivarr,623,paladin,retribution,11,7,4
24168,Samànta,nemesis,623,paladin,retribution,11,7,4
24169,Маефис,gordunni,622,paladin,retribution,24,8,16
24170,Greyeyed,kazzak,621,paladin,retribution,27,7,20
24171,Nybrash,sanguino,620,paladin,retribution,15,7,8
24172,Séphiran,hyjal,618,paladin,retribution,15,9,6
24173,Goofyaf,ravencrest,618,paladin,retribution,16,9,7
24174,Скадих,soulflayer,618,paladin,retribution,22,8,14
24175,Pelbo,ravencrest,617,paladin,retribution,21,8,13
24176,Mariaremarc,silvermoon,617,paladin,retribution,25,8,17
24177,Авереон,gordunni,617,paladin,retribution,29,8,21
24178,Ressler,tichondrius,616,paladin,retribution,15,7,8
24179,Ренегадер,thermaplugg,615,paladin,retribution,12,8,4
24180,Ahramanyu,blackrock,606,paladin,retribution,14,7,7
24181,Palladxx,twilights-hammer,596,paladin,retribution,16,7,9
24182,Алланор,fordragon,584,paladin,retribution,13,8,5
24183,Нурти,gordunni,576,paladin,retribution,6,6,0
24184,Ðox,frostmane,576,paladin,retribution,6,6,0
24185,Twomog,ravencrest,576,paladin,retribution,6,6,0
24186,Drdo,blackrock,576,paladin,retribution,6,6,0
24187,Zatoxi,frostmane,576,paladin,retribution,6,6,0
24188,Blacked,baelgun,576,paladin,retribution,10,7,3
24189,Feenux,drakthul,576,paladin,retribution,10,7,3
24190,Cycodin,garrosh,576,paladin,retribution,12,6,6
24191,Drdax,wildhammer,576,paladin,retribution,12,6,6
24192,Упругийтуз,gordunni,576,paladin,retribution,12,6,6
24193,Госпелька,blackscar,576,paladin,retribution,12,6,6
24194,Aldio,pozzo-delleternità,576,paladin,retribution,12,6,6
24195,Vysavo,draenor,576,paladin,retribution,12,6,6
24196,Азов,thermaplugg,576,paladin,retribution,12,6,6
24197,Gabrîel,sanguino,576,paladin,retribution,12,6,6
24198,Divineovic,ravencrest,576,paladin,retribution,12,6,6
24199,Mouncake,archimonde,576,paladin,retribution,12,6,6
24200,Gaveren,ravencrest,576,paladin,retribution,12,6,6
24201,Athain,sanguino,576,paladin,retribution,12,6,6
24202,Lommeuld,auchindoun,576,paladin,retribution,12,6,6
24203,Limitlez,blackhand,576,paladin,retribution,12,6,6
24204,Retenki,draenor,576,paladin,retribution,12,6,6
24205,Qotro,ravencrest,576,paladin,retribution,12,6,6
24206,Rothus,bronze-dragonflight,576,paladin,retribution,12,6,6
24207,Kptayn,archimonde,576,paladin,retribution,12,6,6
24208,Rétalin,blackhand,576,paladin,retribution,12,6,6
24209,Бляля,gordunni,576,paladin,retribution,12,6,6
24210,Téralus,ravencrest,576,paladin,retribution,12,6,6
24211,Waaynejudgeu,blackhand,576,paladin,retribution,12,6,6
24212,Ærîo,dalaran,576,paladin,retribution,12,6,6
24213,Puers,burning-blade,576,paladin,retribution,12,6,6
24214,Зена,gordunni,576,paladin,retribution,12,6,6
24215,Tarenath,aegwynn,576,paladin,retribution,12,6,6
24216,Reth,tarren-mill,576,paladin,retribution,12,6,6
24217,Snowlyi,stormscale,576,paladin,retribution,12,6,6
24218,Askmy,stormscale,576,paladin,retribution,12,6,6
24219,Snowife,drakthul,576,paladin,retribution,12,6,6
24220,Blindhoj,ravencrest,576,paladin,retribution,12,6,6
24221,Elendíl,azjolnerub,576,paladin,retribution,12,6,6
24222,Pabló,azshara,576,paladin,retribution,12,6,6
24223,Ríppex,kazzak,576,paladin,retribution,12,6,6
24224,Mekluba,twisting-nether,576,paladin,retribution,12,6,6
24225,Armion,stormscale,576,paladin,retribution,12,6,6
24226,Freetimer,norgannon,576,paladin,retribution,12,6,6
24227,Alersia,twisting-nether,576,paladin,retribution,12,6,6
24228,Palamanyaka,kazzak,576,paladin,retribution,12,6,6
24229,Paliax,outland,576,paladin,retribution,12,6,6
24230,Yurinovsky,aggra-português,576,paladin,retribution,12,6,6
24231,Диджейнобабл,howling-fjord,576,paladin,retribution,12,6,6
24232,Greko,ysera,576,paladin,retribution,12,6,6
24233,Wingdude,ysera,576,paladin,retribution,12,6,6
24234,Nanduil,stormscale,576,paladin,retribution,12,6,6
24235,Кериас,gordunni,576,paladin,retribution,12,6,6
24236,Sienna,kazzak,576,paladin,retribution,12,6,6
24237,Noforgivenes,kazzak,576,paladin,retribution,12,6,6
24238,Erthelios,silvermoon,576,paladin,retribution,12,6,6
24239,Vuutnëx,twisting-nether,576,paladin,retribution,12,6,6
24240,Cildan,talnivarr,576,paladin,retribution,12,6,6
24241,Bloodbeard,twisting-nether,576,paladin,retribution,12,6,6
24242,Pallachyrk,kazzak,576,paladin,retribution,12,6,6
24243,Mipendz,draenor,576,paladin,retribution,12,6,6
24244,Stankow,kazzak,576,paladin,retribution,12,6,6
24245,Lightmyst,outland,576,paladin,retribution,12,6,6
24246,Керантий,gordunni,576,paladin,retribution,12,6,6
24247,Mythsion,blackmoore,576,paladin,retribution,12,6,6
24248,Blubbajoe,blackmoore,576,paladin,retribution,12,6,6
24249,Mawrâ,twisting-nether,576,paladin,retribution,12,6,6
24250,Neêsoldr,blackmoore,576,paladin,retribution,12,6,6
24251,Melverti,kazzak,576,paladin,retribution,12,6,6
24252,Palamauka,kazzak,576,paladin,retribution,12,6,6
24253,Søulréaper,stormscale,576,paladin,retribution,12,6,6
24254,Abukasol,kazzak,576,paladin,retribution,12,6,6
24255,Стальгор,ashenvale,576,paladin,retribution,12,6,6
24256,Stève,ravencrest,576,paladin,retribution,12,6,6
24257,Ibanez,lightnings-blade,576,paladin,retribution,12,6,6
24258,Sämaelia,ysondre,576,paladin,retribution,12,6,6
24259,Тутн,gordunni,576,paladin,retribution,12,6,6
24260,Notnerb,outland,576,paladin,retribution,12,6,6
24261,Bigdaddypump,ravencrest,576,paladin,retribution,12,6,6
24262,Tharduk,outland,576,paladin,retribution,12,6,6
24263,Бэнсон,ashenvale,576,paladin,retribution,12,6,6
24264,Ruggero,stormscale,576,paladin,retribution,12,6,6
24265,Luciter,silvermoon,576,paladin,retribution,12,6,6
24266,Éllé,der-rat-von-dalaran,576,paladin,retribution,12,6,6
24267,Kasualwrath,stormscale,576,paladin,retribution,12,6,6
24268,Скварлетх,howling-fjord,576,paladin,retribution,12,6,6
24269,Alâkir,kazzak,576,paladin,retribution,12,6,6
24270,Lbj,eredar,576,paladin,retribution,12,6,6
24271,Plainrage,blackrock,576,paladin,retribution,12,6,6
24272,Raceper,the-maelstrom,576,paladin,retribution,12,6,6
24273,Crusxder,kazzak,576,paladin,retribution,12,6,6
24274,Fatâl,antonidas,576,paladin,retribution,15,7,8
24275,Aimee,draenor,576,paladin,retribution,16,7,9
24276,Кольт,borean-tundra,576,paladin,retribution,16,6,10
24277,Âtom,outland,576,paladin,retribution,18,6,12
24278,Sîlversun,grim-batol,576,paladin,retribution,18,6,12
24279,Hegazy,darkmoon-faire,576,paladin,retribution,18,6,12
24280,Redeem,nemesis,576,paladin,retribution,18,6,12
24281,Testament,antonidas,576,paladin,retribution,18,6,12
24282,Czachadymii,defias-brotherhood,576,paladin,retribution,18,6,12
24283,Exfire,daggerspine,576,paladin,retribution,18,6,12
24284,Tosá,antonidas,576,paladin,retribution,18,6,12
24285,Hermmes,alakir,576,paladin,retribution,18,6,12
24286,Bothways,stormscale,576,paladin,retribution,18,6,12
24287,Pikoman,hellfire,576,paladin,retribution,18,6,12
24288,Pinx,kazzak,576,paladin,retribution,18,6,12
24289,Ironkra,stormscale,576,paladin,retribution,18,6,12
24290,Mooderna,ravencrest,576,paladin,retribution,18,6,12
24291,Vazayo,ravencrest,576,paladin,retribution,18,6,12
24292,Mâêdhrøsx,ravencrest,576,paladin,retribution,18,6,12
24293,Îshybî,archimonde,576,paladin,retribution,18,6,12
24294,Meldø,drakthul,576,paladin,retribution,18,6,12
24295,Retrehsacul,blackrock,576,paladin,retribution,18,6,12
24296,Thickets,argent-dawn,576,paladin,retribution,18,6,12
24297,Byczorek,turalyon,576,paladin,retribution,18,6,12
24298,Gunpowderx,silvermoon,576,paladin,retribution,18,6,12
24299,Mareshki,outland,576,paladin,retribution,18,6,12
24300,Генатрамбон,howling-fjord,576,paladin,retribution,18,6,12
24301,Dunklerzwerg,the-maelstrom,576,paladin,retribution,18,6,12
24302,Whatapity,silvermoon,576,paladin,retribution,18,6,12
24303,Kelduril,draenor,576,paladin,retribution,18,6,12
24304,Saht,silvermoon,576,paladin,retribution,18,6,12
24305,Nikibrahboi,outland,576,paladin,retribution,24,6,18
24306,Actionjack,area-52,576,paladin,retribution,24,6,18
24307,Huevo,frostmane,576,paladin,retribution,24,6,18
24308,Berethas,darksorrow,575,paladin,retribution,6,6,0
24309,Holycide,twisting-nether,575,paladin,retribution,12,6,6
24310,Pewpews,twisting-nether,575,paladin,retribution,12,6,6
24311,Myradur,burning-legion,575,paladin,retribution,12,6,6
24312,Bcrp,ragnaros,575,paladin,retribution,12,6,6
24313,Phillipe,illidan,575,paladin,retribution,12,6,6
24314,Antón,dun-modr,575,paladin,retribution,12,6,6
24315,Faventu,ragnaros,575,paladin,retribution,12,6,6
24316,Kendomendo,ravencrest,575,paladin,retribution,12,6,6
24317,Azaël,illidan,575,paladin,retribution,12,6,6
24318,Sæsh,die-aldor,575,paladin,retribution,12,6,6
24319,Ньюзеропал,howling-fjord,575,paladin,retribution,12,6,6
24320,Hylion,kirin-tor,575,paladin,retribution,12,6,6
24321,Blazix,kazzak,575,paladin,retribution,12,6,6
24322,Greatme,frostmane,575,paladin,retribution,12,6,6
24323,Oûtplâyêd,blackmoore,575,paladin,retribution,12,6,6
24324,Tehdark,outland,575,paladin,retribution,12,6,6
24325,Celsia,blackrock,575,paladin,retribution,12,6,6
24326,Helson,draenor,575,paladin,retribution,12,6,6
24327,Ustnivkusni,kazzak,575,paladin,retribution,12,6,6
24328,Йенфира,gordunni,575,paladin,retribution,12,6,6
24329,Mbp,blackmoore,575,paladin,retribution,12,6,6
24330,Skieras,draenor,575,paladin,retribution,12,6,6
24331,Storpixpala,drakthul,575,paladin,retribution,12,6,6
24332,Gaizilla,burning-blade,575,paladin,retribution,12,6,6
24333,Rohb,blackmoore,575,paladin,retribution,12,6,6
24334,Тамплиир,gordunni,575,paladin,retribution,12,6,6
24335,Khouvec,tarren-mill,575,paladin,retribution,12,6,6
24336,Gotra,stormscale,575,paladin,retribution,21,7,14
24337,Edathar,argent-dawn,575,paladin,retribution,24,6,18
24338,Nykothpn,ghostlands,574,paladin,retribution,6,6,0
24339,Dönki,hyjal,574,paladin,retribution,12,6,6
24340,Goouse,marécage-de-zangar,574,paladin,retribution,12,6,6
24341,Roxian,burning-blade,574,paladin,retribution,12,6,6
24342,Mormazor,outland,574,paladin,retribution,12,6,6
24343,Thoorval,silvermoon,574,paladin,retribution,18,6,12
24344,Fintros,silvermoon,574,paladin,retribution,18,6,12
24345,Humaladi,draenor,574,paladin,retribution,18,6,12
24346,Babarush,nozdormu,574,paladin,retribution,18,6,12
24347,Jelcz,burning-legion,574,paladin,retribution,24,6,18
24348,Cpsuper,azuremyst,573,paladin,retribution,12,6,6
24349,Draarks,archimonde,573,paladin,retribution,12,6,6
24350,Atírpákja,doomhammer,573,paladin,retribution,15,6,9
24351,Windîr,draenor,573,paladin,retribution,18,6,12
24352,Moriex,drakthul,573,paladin,retribution,24,6,18
24353,Nhum,destromath,572,paladin,retribution,12,6,6
24354,Beefix,blackmoore,572,paladin,retribution,12,6,6
24355,Renalex,ravencrest,572,paladin,retribution,12,6,6
24356,Jesophar,archimonde,572,paladin,retribution,18,6,12
24357,Virusee,doomhammer,571,paladin,retribution,12,6,6
24358,Taomeba,runetotem,571,paladin,retribution,12,6,6
24359,Boaka,outland,571,paladin,retribution,18,6,12
24360,Elannor,sylvanas,569,paladin,retribution,12,6,6
24361,Nicgr,nemesis,566,paladin,retribution,12,6,6
24362,Vengryn,turalyon,566,paladin,retribution,37,8,29
24363,Shendis,uldaman,565,paladin,retribution,12,6,6
24364,Årés,sanguino,565,paladin,retribution,12,6,6
24365,Севенола,galakrond,565,paladin,retribution,18,6,12
24366,Нероблр,gordunni,560,paladin,retribution,19,7,12
24367,Toruk,burning-legion,559,paladin,retribution,15,7,8
24368,Иусто,howling-fjord,559,paladin,retribution,17,6,11
24369,Bugo,drakthul,559,paladin,retribution,17,6,11
24370,Ràwx,twisting-nether,559,paladin,retribution,23,6,17
24371,Uriziel,the-shatar,558,paladin,retribution,18,6,12
24372,Tavyy,sylvanas,551,paladin,retribution,15,9,6
24373,Wlåð,archimonde,543,paladin,retribution,17,6,11
24374,Gundahar,das-syndikat,531,paladin,retribution,16,6,10
24375,Kelianna,drakthul,528,paladin,retribution,12,7,5
24376,Ichimaru,burning-legion,527,paladin,retribution,11,6,5
24377,Mozg,silvermoon,527,paladin,retribution,17,6,11
24378,Plsdøntusemd,ravencrest,522,paladin,retribution,17,8,9
24379,Окилан,gordunni,522,paladin,retribution,21,7,14
24380,Митахо,gordunni,522,paladin,retribution,21,7,14
24381,Тошши,soulflayer,522,paladin,retribution,28,8,20
24382,Uriel,scarshield-legion,520,paladin,retribution,16,8,8
24383,Essenz,eredar,512,paladin,retribution,16,6,10
24384,Råckamoo,emerald-dream,512,paladin,retribution,22,6,16
24385,Stfortt,ragnaros,511,paladin,retribution,10,6,4
24386,Vell,bronze-dragonflight,511,paladin,retribution,11,6,5
24387,Babypic,ambossar,511,paladin,retribution,14,6,8
24388,Hanterus,antonidas,507,paladin,retribution,14,6,8
24389,Palädörette,dalaran,506,paladin,retribution,11,6,5
24390,Rockymarcian,hyjal,506,paladin,retribution,16,6,10
24391,Prínce,earthen-ring,495,paladin,retribution,13,6,7
24392,Holyfatherr,draenor,480,paladin,retribution,6,5,1
24393,Ryven,stormscale,480,paladin,retribution,6,5,1
24394,Subzie,archimonde,480,paladin,retribution,6,5,1
24395,Daminika,das-syndikat,480,paladin,retribution,6,5,1
24396,Keógh,kazzak,480,paladin,retribution,6,5,1
24397,Sabríel,ragnaros,480,paladin,retribution,6,5,1
24398,Pepehands,nazjatar,480,paladin,retribution,6,5,1
24399,Percocetx,tarren-mill,480,paladin,retribution,6,5,1
24400,Salladín,stormscale,480,paladin,retribution,6,5,1
24401,Ландри,greymane,480,paladin,retribution,6,5,1
24402,Derian,antonidas,480,paladin,retribution,6,5,1
24403,Lancelotas,defias-brotherhood,480,paladin,retribution,6,5,1
24404,Римидал,howling-fjord,480,paladin,retribution,6,5,1
24405,Tryggt,the-shatar,480,paladin,retribution,6,5,1
24406,Escanør,anetheron,480,paladin,retribution,6,5,1
24407,Yezitzme,blackrock,480,paladin,retribution,6,5,1
24408,Zïons,hyjal,480,paladin,retribution,6,5,1
24409,Тенькопыт,howling-fjord,480,paladin,retribution,6,5,1
24410,Paradok,thrall,480,paladin,retribution,6,5,1
24411,Splendida,festung-der-stürme,480,paladin,retribution,6,5,1
24412,Voycetwo,frostwolf,480,paladin,retribution,6,5,1
24413,Neldöwn,dalaran,480,paladin,retribution,6,5,1
24414,Rimva,alleria,480,paladin,retribution,6,5,1
24415,Feaná,silvermoon,480,paladin,retribution,6,5,1
24416,Évert,twisting-nether,480,paladin,retribution,6,5,1
24417,Henklord,jaedenar,480,paladin,retribution,6,5,1
24418,Eosan,argent-dawn,480,paladin,retribution,6,5,1
24419,Demecir,twisting-nether,480,paladin,retribution,6,5,1
24420,Daj,draenor,480,paladin,retribution,6,5,1
24421,Вессори,blackscar,480,paladin,retribution,6,5,1
24422,Violetex,blackmoore,480,paladin,retribution,6,5,1
24423,Vardin,sanguino,480,paladin,retribution,6,5,1
24424,Röland,sanguino,480,paladin,retribution,6,5,1
24425,Melvòó,blackrock,480,paladin,retribution,9,6,3
24426,Pigma,outland,480,paladin,retribution,13,7,6
24427,Darnito,blackmoore,480,paladin,retribution,12,5,7
24428,Blazkowicz,twisting-nether,480,paladin,retribution,12,5,7
24429,Ksama,ysondre,480,paladin,retribution,12,5,7
24430,Mozaiczny,burning-legion,480,paladin,retribution,12,5,7
24431,Ablaa,blackhand,480,paladin,retribution,12,5,7
24432,Pianiste,sinstralis,480,paladin,retribution,12,5,7
24433,Хитвэйв,soulflayer,480,paladin,retribution,12,5,7
24434,Angelynor,ysondre,480,paladin,retribution,12,5,7
24435,Маразоточка,howling-fjord,480,paladin,retribution,12,5,7
24436,Cêa,blackrock,480,paladin,retribution,12,5,7
24437,Takálus,eredar,480,paladin,retribution,12,5,7
24438,Valonforth,magtheridon,480,paladin,retribution,12,5,7
24439,Рукибудды,soulflayer,480,paladin,retribution,12,5,7
24440,Hännó,malganis,480,paladin,retribution,12,5,7
24441,Ethurospal,tarren-mill,480,paladin,retribution,12,5,7
24442,Андерлайт,azuregos,480,paladin,retribution,12,5,7
24443,Destroyer,archimonde,480,paladin,retribution,12,5,7
24444,Zethhx,stormscale,480,paladin,retribution,12,5,7
24445,Serethor,blackrock,480,paladin,retribution,12,5,7
24446,Ноулайфир,eversong,480,paladin,retribution,12,5,7
24447,Lyan,archimonde,480,paladin,retribution,12,5,7
24448,Ênma,archimonde,480,paladin,retribution,12,5,7
24449,Ranitwo,tarren-mill,480,paladin,retribution,12,5,7
24450,ßßæßßæßß,stormscale,480,paladin,retribution,12,5,7
24451,Альбусор,galakrond,480,paladin,retribution,12,5,7
24452,Bopstar,tarren-mill,480,paladin,retribution,12,5,7
24453,Froxies,drakthul,480,paladin,retribution,12,5,7
24454,Onishu,blackhand,480,paladin,retribution,12,5,7
24455,Гниленький,razuvious,480,paladin,retribution,12,5,7
24456,Sunrazor,kazzak,480,paladin,retribution,12,5,7
24457,Himèji,pozzo-delleternità,480,paladin,retribution,12,5,7
24458,Pallajalla,the-maelstrom,480,paladin,retribution,12,5,7
24459,Shanderhilo,pozzo-delleternità,480,paladin,retribution,12,5,7
24460,Zaopink,blackhand,480,paladin,retribution,12,5,7
24461,Héphäistos,silvermoon,480,paladin,retribution,12,5,7
24462,Faldrinx,hyjal,480,paladin,retribution,12,5,7
24463,Dobbygotsock,kazzak,480,paladin,retribution,12,5,7
24464,Nalaea,arathor,480,paladin,retribution,12,5,7
24465,Ретроградий,howling-fjord,480,paladin,retribution,12,5,7
24466,Mecah,hyjal,480,paladin,retribution,12,5,7
24467,Cameron,taerar,480,paladin,retribution,12,5,7
24468,Fotoniy,kazzak,480,paladin,retribution,12,5,7
24469,Sytrexxer,frostwolf,480,paladin,retribution,12,5,7
24470,Swapxyr,aegwynn,480,paladin,retribution,12,5,7
24471,Freedomwinds,kazzak,480,paladin,retribution,12,5,7
24472,Llighthand,ravencrest,480,paladin,retribution,12,5,7
24473,Milenia,nemesis,480,paladin,retribution,12,5,7
24474,Bobilous,twisting-nether,480,paladin,retribution,12,5,7
24475,Hifyve,kazzak,480,paladin,retribution,12,5,7
24476,Krisbull,kazzak,480,paladin,retribution,12,5,7
24477,Боремир,borean-tundra,480,paladin,retribution,12,5,7
24478,Palacetámol,gorgonnash,480,paladin,retribution,12,5,7
24479,Chillmachine,stormscale,480,paladin,retribution,12,5,7
24480,Morggann,drakthul,480,paladin,retribution,12,5,7
24481,Liardin,draenor,480,paladin,retribution,12,5,7
24482,Necadin,ravencrest,480,paladin,retribution,12,5,7
24483,Nicklovsofia,silvermoon,480,paladin,retribution,12,5,7
24484,Palá,dun-modr,480,paladin,retribution,12,5,7
24485,Vaalé,aegwynn,480,paladin,retribution,12,5,7
24486,Hipo,zuljin,480,paladin,retribution,12,5,7
24487,Нойззмс,gordunni,480,paladin,retribution,12,5,7
24488,Fannypoo,sylvanas,480,paladin,retribution,12,5,7
24489,Pompée,dalaran,480,paladin,retribution,12,5,7
24490,Bascelik,outland,480,paladin,retribution,12,5,7
24491,Salelol,ravencrest,480,paladin,retribution,12,5,7
24492,Ëhra,hyjal,480,paladin,retribution,12,5,7
24493,Stinkytoes,draenor,480,paladin,retribution,12,5,7
24494,Холивеник,gordunni,480,paladin,retribution,12,5,7
24495,Måxrajoy,dun-modr,480,paladin,retribution,12,5,7
24496,Апония,gordunni,480,paladin,retribution,12,5,7
24497,Hojacat,ravencrest,480,paladin,retribution,12,5,7
24498,Kylaz,die-ewige-wacht,480,paladin,retribution,12,5,7
24499,Célésté,ravencrest,480,paladin,retribution,12,5,7
24500,Ðesolace,twisting-nether,480,paladin,retribution,12,5,7
24501,Tidus,conseil-des-ombres,480,paladin,retribution,12,5,7
24502,Пашштет,gordunni,480,paladin,retribution,12,5,7
24503,Arakir,ragnaros,480,paladin,retribution,12,5,7
24504,Сладупся,gordunni,480,paladin,retribution,12,5,7
24505,Yuvile,destromath,480,paladin,retribution,12,5,7
24506,Arator,terenas,480,paladin,retribution,12,5,7
24507,Roflemente,bladefist,480,paladin,retribution,12,5,7
24508,Jkøø,sanguino,480,paladin,retribution,12,5,7
24509,Pappnas,blackmoore,480,paladin,retribution,12,5,7
24510,Тевеон,gordunni,480,paladin,retribution,12,5,7
24511,Quelly,das-syndikat,480,paladin,retribution,12,5,7
24512,Роллерблэйд,gordunni,480,paladin,retribution,12,5,7
24513,Джедай,blackscar,480,paladin,retribution,12,5,7
24514,Hazura,blackmoore,480,paladin,retribution,12,5,7
24515,Lôrelei,blackrock,480,paladin,retribution,12,5,7
24516,Bobjohnny,bloodfeather,480,paladin,retribution,12,5,7
24517,Oldsurehand,blackmoore,480,paladin,retribution,12,5,7
24518,Heavensfang,outland,480,paladin,retribution,12,5,7
24519,Equityy,burning-legion,480,paladin,retribution,12,5,7
24520,Skølir,rashgarroth,480,paladin,retribution,12,5,7
24521,Dêstî,silvermoon,480,paladin,retribution,12,5,7
24522,Docoùla,twisting-nether,480,paladin,retribution,12,5,7
24523,Emloses,outland,480,paladin,retribution,12,5,7
24524,Meriween,ravencrest,480,paladin,retribution,12,5,7
24525,Drident,die-nachtwache,480,paladin,retribution,12,5,7
24526,Instaraid,blackmoore,480,paladin,retribution,12,5,7
24527,Mikalia,aegwynn,480,paladin,retribution,12,5,7
24528,Víii,outland,480,paladin,retribution,15,6,9
24529,Aresian,burning-legion,480,paladin,retribution,13,5,8
24530,Kreozz,destromath,480,paladin,retribution,15,5,10
24531,Anesthesiax,ravencrest,480,paladin,retribution,21,6,15
24532,Powericius,drakthul,480,paladin,retribution,18,5,13
24533,Ketherian,blutkessel,480,paladin,retribution,18,5,13
24534,Nëphilim,arakarahm,480,paladin,retribution,18,5,13
24535,Cøctab,kirin-tor,480,paladin,retribution,18,5,13
24536,Retisfine,silvermoon,480,paladin,retribution,18,5,13
24537,Ywrow,burning-blade,480,paladin,retribution,18,5,13
24538,Juicycheeks,frostwolf,480,paladin,retribution,18,5,13
24539,Cheesus,argent-dawn,480,paladin,retribution,18,5,13
24540,Xiuya,dun-modr,480,paladin,retribution,18,5,13
24541,Копранесса,soulflayer,480,paladin,retribution,18,5,13
24542,Øsgar,dun-modr,480,paladin,retribution,18,5,13
24543,Bumboombeem,stormscale,480,paladin,retribution,18,5,13
24544,Ashbi,dun-modr,480,paladin,retribution,18,5,13
24545,Cøygonne,archimonde,480,paladin,retribution,18,5,13
24546,Boyard,silvermoon,480,paladin,retribution,18,5,13
24547,Ramhal,stormscale,480,paladin,retribution,18,5,13
24548,Strätholme,drakthul,480,paladin,retribution,18,5,13
24549,Destroyér,blackmoore,480,paladin,retribution,18,5,13
24550,Алекхей,gordunni,480,paladin,retribution,24,5,19
24551,Exobyte,stormscale,480,paladin,retribution,24,5,19
24552,Korgant,burning-legion,480,paladin,retribution,30,5,25
24553,Grynd,blackmoore,479,paladin,retribution,6,5,1
24554,Phlek,drakthul,479,paladin,retribution,6,5,1
24555,Edwards,sanguino,479,paladin,retribution,12,5,7
24556,Benø,malganis,479,paladin,retribution,12,5,7
24557,Missti,azjolnerub,479,paladin,retribution,12,5,7
24558,Brammers,doomhammer,479,paladin,retribution,12,5,7
24559,Notholy,defias-brotherhood,479,paladin,retribution,12,5,7
24560,Taffz,burning-legion,479,paladin,retribution,12,5,7
24561,Subzerox,ravenholdt,479,paladin,retribution,12,5,7
24562,Lightsblood,outland,479,paladin,retribution,12,5,7
24563,Майнстер,gordunni,479,paladin,retribution,12,5,7
24564,Копаю,gordunni,479,paladin,retribution,12,5,7
24565,Rettarded,draenor,479,paladin,retribution,12,5,7
24566,Deyvan,dalaran,479,paladin,retribution,12,5,7
24567,Bakasnoop,hyjal,479,paladin,retribution,12,5,7
24568,Melnes,draenor,479,paladin,retribution,12,5,7
24569,Angelwings,nefarian,479,paladin,retribution,12,5,7
24570,Сасмен,blackscar,479,paladin,retribution,12,5,7
24571,Solyra,blackhand,479,paladin,retribution,12,5,7
24572,Sorâ,archimonde,479,paladin,retribution,12,5,7
24573,Gaab,aggra-português,479,paladin,retribution,12,5,7
24574,Grannybash,silvermoon,479,paladin,retribution,12,5,7
24575,Dykopala,doomhammer,479,paladin,retribution,12,5,7
24576,Сенторин,borean-tundra,479,paladin,retribution,18,5,13
24577,Drestaen,drakthul,479,paladin,retribution,18,5,13
24578,Aelaris,dunemaul,479,paladin,retribution,18,5,13
24579,Hazeman,colinas-pardas,478,paladin,retribution,6,5,1
24580,Mysticlight,sylvanas,478,paladin,retribution,18,8,10
24581,Kanot,outland,478,paladin,retribution,12,5,7
24582,Azlan,nagrand,478,paladin,retribution,12,5,7
24583,Mirelaw,drakthul,478,paladin,retribution,12,5,7
24584,Glarcouf,eldrethalas,478,paladin,retribution,12,5,7
24585,Shrékhead,hellfire,478,paladin,retribution,12,5,7
24586,Nerdcore,blackrock,478,paladin,retribution,12,5,7
24587,Четкийчервь,soulflayer,478,paladin,retribution,18,5,13
24588,Chofre,thunderhorn,477,paladin,retribution,18,5,13
24589,Zantria,alleria,476,paladin,retribution,12,5,7
24590,Luciiano,malygos,476,paladin,retribution,12,5,7
24591,Sindur,perenolde,474,paladin,retribution,12,5,7
24592,Thiccfreak,tarren-mill,474,paladin,retribution,14,5,9
24593,Yeohinyiu,khaz-modan,472,paladin,retribution,12,5,7
24594,Yeretria,krasus,472,paladin,retribution,12,5,7
24595,Hateze,kazzak,472,paladin,retribution,12,5,7
24596,Demool,the-maelstrom,463,paladin,retribution,11,5,6
24597,Kurøneko,hyjal,463,paladin,retribution,11,5,6
24598,Slayton,twisting-nether,447,paladin,retribution,11,5,6
24599,Fítzgerald,antonidas,447,paladin,retribution,11,5,6
24600,Гкм,howling-fjord,447,paladin,retribution,11,5,6
24601,Davairabotai,kazzak,447,paladin,retribution,20,6,14
24602,Kevlar,frostmane,446,paladin,retribution,12,6,6
24603,Æïs,blackrock,432,paladin,retribution,9,5,4
24604,Åvra,ysondre,432,paladin,retribution,15,5,10
24605,Caleel,nemesis,431,paladin,retribution,9,6,3
24606,Dragonwingz,kazzak,431,paladin,retribution,11,5,6
24607,Sunnyboy,tarren-mill,431,paladin,retribution,11,5,6
24608,Theodun,xavius,430,paladin,retribution,11,5,6
24609,Willmot,stormscale,415,paladin,retribution,8,5,3
24610,Briggybomb,outland,413,paladin,retribution,16,5,11
24611,Neverdiex,blackrock,384,paladin,retribution,6,4,2
24612,Howard,dalaran,384,paladin,retribution,6,4,2
24613,Кукусяшка,gordunni,384,paladin,retribution,6,4,2
24614,Madarä,arathi,384,paladin,retribution,6,4,2
24615,Лиадринель,howling-fjord,384,paladin,retribution,6,4,2
24616,Бабичпал,soulflayer,384,paladin,retribution,6,4,2
24617,Superhick,veknilash,384,paladin,retribution,6,4,2
24618,Shevøçk,ravencrest,384,paladin,retribution,6,4,2
24619,Unhittable,draenor,384,paladin,retribution,6,4,2
24620,Zhàø,ysondre,384,paladin,retribution,6,4,2
24621,Raratina,draenor,384,paladin,retribution,6,4,2
24622,Angeal,ysondre,384,paladin,retribution,6,4,2
24623,Udrik,proudmoore,384,paladin,retribution,6,4,2
24624,Lévrone,alexstrasza,384,paladin,retribution,6,4,2
24625,Röcc,draenor,384,paladin,retribution,6,4,2
24626,Retqt,eredar,384,paladin,retribution,6,4,2
24627,Cake,alakir,384,paladin,retribution,6,4,2
24628,Aderos,sylvanas,384,paladin,retribution,6,4,2
24629,Mcnnuggets,ravencrest,384,paladin,retribution,6,4,2
24630,Sheldon,sylvanas,384,paladin,retribution,6,4,2
24631,Соргосош,gordunni,384,paladin,retribution,6,4,2
24632,Skrýmir,marécage-de-zangar,384,paladin,retribution,6,4,2
24633,Rölfchen,frostwolf,384,paladin,retribution,6,4,2
24634,Käyle,alakir,384,paladin,retribution,6,4,2
24635,Morsadin,burning-legion,384,paladin,retribution,6,4,2
24636,Sabriaña,silvermoon,384,paladin,retribution,6,4,2
24637,Sneptica,draenor,384,paladin,retribution,6,4,2
24638,Morgoth,daggerspine,384,paladin,retribution,6,4,2
24639,Orzix,sylvanas,384,paladin,retribution,6,4,2
24640,Léona,hyjal,384,paladin,retribution,6,4,2
24641,Судья,greymane,384,paladin,retribution,6,4,2
24642,Zouppis,ravencrest,384,paladin,retribution,6,4,2
24643,Baldrheim,culte-de-la-rive-noire,384,paladin,retribution,6,4,2
24644,Farata,ravencrest,384,paladin,retribution,6,4,2
24645,Blakkjack,xavius,384,paladin,retribution,6,4,2
24646,Tigurius,zuljin,384,paladin,retribution,6,4,2
24647,Miskok,twisting-nether,384,paladin,retribution,6,4,2
24648,Arcillus,stormscale,384,paladin,retribution,6,4,2
24649,Cattelsaan,hyjal,384,paladin,retribution,6,4,2
24650,Kralenko,archimonde,384,paladin,retribution,6,4,2
24651,Boaz,norgannon,384,paladin,retribution,6,4,2
24652,Nezgrôs,hyjal,384,paladin,retribution,6,4,2
24653,Адирон,booty-bay,384,paladin,retribution,6,4,2
24654,Zùlka,krasus,384,paladin,retribution,6,4,2
24655,Boëndil,ravencrest,384,paladin,retribution,6,4,2
24656,Jøløz,hyjal,384,paladin,retribution,6,4,2
24657,Tdchopa,ravencrest,384,paladin,retribution,6,4,2
24658,Néero,defias-brotherhood,384,paladin,retribution,6,4,2
24659,Dragongîrl,lothar,384,paladin,retribution,6,4,2
24660,Clementine,spinebreaker,384,paladin,retribution,6,4,2
24661,Kaähz,archimonde,384,paladin,retribution,6,4,2
24662,Groelin,frostmane,384,paladin,retribution,6,4,2
24663,Holyzero,ravencrest,384,paladin,retribution,6,4,2
24664,Aprânax,twisting-nether,384,paladin,retribution,6,4,2
24665,Peacekeep,stormscale,384,paladin,retribution,6,4,2
24666,Missmyhoj,archimonde,384,paladin,retribution,6,4,2
24667,Elenia,baelgun,384,paladin,retribution,6,4,2
24668,Lothacia,blackmoore,384,paladin,retribution,6,4,2
24669,Позабытый,deathweaver,384,paladin,retribution,6,4,2
24670,Deworld,tarren-mill,384,paladin,retribution,6,4,2
24671,Keem,aszune,384,paladin,retribution,6,4,2
24672,Кэшбэкер,fordragon,384,paladin,retribution,6,4,2
24673,Petsadin,ravencrest,384,paladin,retribution,6,4,2
24674,Mariahuana,sanguino,384,paladin,retribution,6,4,2
24675,Malodos,archimonde,384,paladin,retribution,6,4,2
24676,Veldora,zuljin,384,paladin,retribution,6,4,2
24677,Zeportpala,archimonde,384,paladin,retribution,6,4,2
24678,Jaime,magtheridon,384,paladin,retribution,6,4,2
24679,Скидульф,blackscar,384,paladin,retribution,6,4,2
24680,Idin,nemesis,384,paladin,retribution,6,4,2
24681,Davè,blackmoore,384,paladin,retribution,6,4,2
24682,Raek,stormscale,384,paladin,retribution,6,4,2
24683,Ultimatix,stormscale,384,paladin,retribution,6,4,2
24684,Kewell,dun-modr,384,paladin,retribution,6,4,2
24685,Timoxas,kazzak,384,paladin,retribution,6,4,2
24686,Dornu,tarren-mill,384,paladin,retribution,6,4,2
24687,Hanknpank,quelthalas,384,paladin,retribution,6,4,2
24688,Seothor,argent-dawn,384,paladin,retribution,6,4,2
24689,Sunstrider,quelthalas,384,paladin,retribution,6,4,2
24690,Aresdin,blackmoore,384,paladin,retribution,6,4,2
24691,Exley,blackmoore,384,paladin,retribution,6,4,2
24692,Phiana,blackmoore,384,paladin,retribution,6,4,2
24693,Wiither,argent-dawn,384,paladin,retribution,6,4,2
24694,Volkai,zuljin,384,paladin,retribution,6,4,2
24695,Kazui,lordaeron,384,paladin,retribution,6,4,2
24696,Eazybubble,blackhand,384,paladin,retribution,6,4,2
24697,Хашон,gordunni,384,paladin,retribution,6,4,2
24698,Hiloqtpala,blackmoore,384,paladin,retribution,6,4,2
24699,Zeggayoda,nemesis,384,paladin,retribution,6,4,2
24700,Zenfret,kazzak,384,paladin,retribution,6,4,2
24701,Uhtrèd,turalyon,384,paladin,retribution,6,4,2
24702,Colpadeltank,kazzak,384,paladin,retribution,6,4,2
24703,Òlymp,blackhand,384,paladin,retribution,6,4,2
24704,Imtheßoss,pozzo-delleternità,384,paladin,retribution,6,4,2
24705,Pâlâpâm,blackmoore,384,paladin,retribution,6,4,2
24706,Драгмитухел,gordunni,384,paladin,retribution,6,4,2
24707,Daddyolimpp,kazzak,384,paladin,retribution,6,4,2
24708,Naizem,dun-modr,384,paladin,retribution,6,4,2
24709,Marmotaxx,dun-modr,384,paladin,retribution,6,4,2
24710,Haudrupp,blackmoore,384,paladin,retribution,6,4,2
24711,Minpala,kazzak,384,paladin,retribution,6,4,2
24712,Ippî,blackmoore,384,paladin,retribution,6,4,2
24713,Crussaden,stormscale,384,paladin,retribution,7,4,3
24714,Ласковыйкуфа,howling-fjord,384,paladin,retribution,9,5,4
24715,Mooriel,burning-legion,384,paladin,retribution,9,5,4
24716,Ashengelm,silvermoon,384,paladin,retribution,9,5,4
24717,Andrõs,argent-dawn,384,paladin,retribution,9,5,4
24718,Shoogle,alonsus,384,paladin,retribution,9,4,5
24719,Хилвкд,blackscar,384,paladin,retribution,11,4,7
24720,Athênâ,azjolnerub,384,paladin,retribution,15,5,10
24721,Розовыйбабл,gordunni,384,paladin,retribution,12,4,8
24722,Эсмория,gordunni,384,paladin,retribution,12,4,8
24723,Sgiach,draenor,384,paladin,retribution,12,4,8
24724,Турбобит,gordunni,384,paladin,retribution,12,4,8
24725,Heidfield,draenor,384,paladin,retribution,12,4,8
24726,Zarifence,ragnaros,384,paladin,retribution,12,4,8
24727,Stjusmussel,ragnaros,384,paladin,retribution,12,4,8
24728,Arkkipiispa,outland,384,paladin,retribution,12,4,8
24729,Kielonpala,kazzak,384,paladin,retribution,12,4,8
24730,Etzann,draenor,384,paladin,retribution,12,4,8
24731,Chïefen,twisting-nether,384,paladin,retribution,12,4,8
24732,Cáranthír,draenor,384,paladin,retribution,12,4,8
24733,Поддыхдам,gordunni,384,paladin,retribution,12,4,8
24734,Myû,die-aldor,384,paladin,retribution,12,4,8
24735,Vorber,darksorrow,384,paladin,retribution,12,4,8
24736,Beefcake,bladefist,384,paladin,retribution,12,4,8
24737,Cartell,dun-morogh,384,paladin,retribution,12,4,8
24738,Yaloh,sylvanas,384,paladin,retribution,12,4,8
24739,Âgreë,frostwhisper,384,paladin,retribution,12,4,8
24740,Ragonas,mannoroth,384,paladin,retribution,12,4,8
24741,Beefdaddykuu,ravencrest,384,paladin,retribution,12,4,8
24742,Krullfar,ravencrest,384,paladin,retribution,12,4,8
24743,Crowdev,zuljin,384,paladin,retribution,12,4,8
24744,Ekber,ravencrest,384,paladin,retribution,12,4,8
24745,Зираэлис,gordunni,384,paladin,retribution,12,4,8
24746,Artoriaz,ravencrest,384,paladin,retribution,12,4,8
24747,Киилаа,gordunni,384,paladin,retribution,12,4,8
24748,Serim,dun-modr,384,paladin,retribution,12,4,8
24749,Trainors,chamber-of-aspects,384,paladin,retribution,12,4,8
24750,Millianoxys,norgannon,384,paladin,retribution,12,4,8
24751,Bugohoss,nathrezim,384,paladin,retribution,12,4,8
24752,Эйтэр,howling-fjord,384,paladin,retribution,12,4,8
24753,Badtrip,bloodscalp,384,paladin,retribution,12,4,8
24754,Kÿsse,hyjal,384,paladin,retribution,12,4,8
24755,Sorkara,argent-dawn,384,paladin,retribution,12,4,8
24756,Bundagains,silvermoon,384,paladin,retribution,12,4,8
24757,Ardalìon,archimonde,384,paladin,retribution,12,4,8
24758,Avengence,dragonblight,384,paladin,retribution,12,4,8
24759,Denathar,draenor,384,paladin,retribution,12,4,8
24760,Ippex,silvermoon,384,paladin,retribution,12,4,8
24761,Катсес,eversong,384,paladin,retribution,12,4,8
24762,Бойкийкот,eversong,384,paladin,retribution,12,4,8
24763,Gatsßy,archimonde,384,paladin,retribution,12,4,8
24764,Lopal,silvermoon,384,paladin,retribution,12,4,8
24765,Eîon,argent-dawn,384,paladin,retribution,12,4,8
24766,Pecar,stormscale,384,paladin,retribution,12,4,8
24767,Somaxpala,burning-legion,384,paladin,retribution,12,4,8
24768,Typhadin,sylvanas,384,paladin,retribution,12,4,8
24769,Hasart,tarren-mill,384,paladin,retribution,12,4,8
24770,Ngel,marécage-de-zangar,384,paladin,retribution,12,4,8
24771,Waks,dalaran,384,paladin,retribution,12,4,8
24772,Ríék,lightbringer,384,paladin,retribution,12,4,8
24773,Decain,twisting-nether,384,paladin,retribution,12,4,8
24774,Cyban,twisting-nether,384,paladin,retribution,12,4,8
24775,Quarrel,kul-tiras,384,paladin,retribution,12,4,8
24776,Palandiade,draenor,384,paladin,retribution,12,4,8
24777,Thaldrael,colinas-pardas,384,paladin,retribution,12,4,8
24778,Pålegg,emerald-dream,384,paladin,retribution,12,4,8
24779,Stoneð,antonidas,384,paladin,retribution,12,4,8
24780,Dêadgame,aegwynn,384,paladin,retribution,12,4,8
24781,Madeofsteel,silvermoon,384,paladin,retribution,12,4,8
24782,Inkuboss,nemesis,384,paladin,retribution,12,4,8
24783,Grymbol,boulderfist,384,paladin,retribution,12,4,8
24784,Бладриус,howling-fjord,384,paladin,retribution,12,4,8
24785,Palapaye,archimonde,384,paladin,retribution,12,4,8
24786,Ревирант,howling-fjord,384,paladin,retribution,12,4,8
24787,Galerian,twilights-hammer,384,paladin,retribution,12,4,8
24788,Alawdi,ysondre,384,paladin,retribution,12,4,8
24789,Øazimutø,archimonde,384,paladin,retribution,12,4,8
24790,Drhammerdin,antonidas,384,paladin,retribution,12,4,8
24791,Adevald,silvermoon,384,paladin,retribution,12,4,8
24792,Kyrín,onyxia,384,paladin,retribution,12,4,8
24793,Arkk,blackrock,384,paladin,retribution,12,4,8
24794,Astamye,ysondre,384,paladin,retribution,12,4,8
24795,Highcrown,argent-dawn,384,paladin,retribution,12,4,8
24796,Cyborg,ysondre,384,paladin,retribution,12,4,8
24797,Valzyffs,twisting-nether,384,paladin,retribution,12,4,8
24798,Xerya,dun-modr,384,paladin,retribution,12,4,8
24799,Vhestas,dun-modr,384,paladin,retribution,12,4,8
24800,Lucretius,kilrogg,384,paladin,retribution,12,4,8
24801,Plésmo,blackmoore,384,paladin,retribution,12,4,8
24802,Liléa,hyjal,384,paladin,retribution,12,4,8
24803,Cheerrios,arathor,384,paladin,retribution,12,4,8
24804,Æfhm,blackrock,384,paladin,retribution,12,4,8
24805,Lightstorm,voljin,384,paladin,retribution,12,4,8
24806,Popelarr,burning-blade,384,paladin,retribution,12,4,8
24807,Yakuron,blackhand,384,paladin,retribution,12,4,8
24808,Aleya,arathor,384,paladin,retribution,12,4,8
24809,Perxx,stormscale,384,paladin,retribution,12,4,8
24810,Karsini,arathor,384,paladin,retribution,12,4,8
24811,Thiccdeeps,aegwynn,384,paladin,retribution,12,4,8
24812,Dennyboy,sylvanas,384,paladin,retribution,12,4,8
24813,Retfull,sylvanas,384,paladin,retribution,12,4,8
24814,Yasfy,stormscale,384,paladin,retribution,12,4,8
24815,Shuukz,blackmoore,384,paladin,retribution,12,4,8
24816,Yeetholy,ragnaros,384,paladin,retribution,12,4,8
24817,Minfa,argent-dawn,384,paladin,retribution,12,4,8
24818,Phazio,twisting-nether,384,paladin,retribution,12,4,8
24819,Douglazz,tarren-mill,384,paladin,retribution,13,4,9
24820,Рапсодихх,gordunni,384,paladin,retribution,14,4,10
24821,Artonus,sylvanas,384,paladin,retribution,14,4,10
24822,Реализатор,howling-fjord,384,paladin,retribution,17,4,13
24823,Gllorya,ragnaros,384,paladin,retribution,17,4,13
24824,Neyd,hyjal,384,paladin,retribution,18,4,14
24825,Galaerøn,elune,384,paladin,retribution,18,4,14
24826,Астарин,gordunni,384,paladin,retribution,18,4,14
24827,Halldòr,ravencrest,384,paladin,retribution,18,4,14
24828,Masuroc,antonidas,384,paladin,retribution,18,4,14
24829,Orbia,draenor,384,paladin,retribution,18,4,14
24830,Forthy,drakthul,384,paladin,retribution,18,4,14
24831,Cadearas,antonidas,384,paladin,retribution,18,4,14
24832,Caribbean,outland,384,paladin,retribution,18,4,14
24833,Wftw,draenor,384,paladin,retribution,18,4,14
24834,Styxpl,blackhand,384,paladin,retribution,18,4,14
24835,Ashmaker,khaz-modan,384,paladin,retribution,18,4,14
24836,Pepegasensei,ravencrest,384,paladin,retribution,18,4,14
24837,Цитри,borean-tundra,383,paladin,retribution,6,4,2
24838,Tobebryant,eonar,383,paladin,retribution,6,4,2
24839,Krögerelf,garrosh,383,paladin,retribution,6,4,2
24840,Рукаф,soulflayer,383,paladin,retribution,6,4,2
24841,Stêx,anubarak,383,paladin,retribution,6,4,2
24842,Lancelhot,archimonde,383,paladin,retribution,6,4,2
24843,Supersnubben,grim-batol,383,paladin,retribution,6,4,2
24844,Buddy,conseil-des-ombres,383,paladin,retribution,9,5,4
24845,Syrenia,die-silberne-hand,383,paladin,retribution,12,4,8
24846,Omixlis,ragnaros,383,paladin,retribution,12,4,8
24847,Käylä,silvermoon,383,paladin,retribution,12,4,8
24848,Chunpala,silvermoon,383,paladin,retribution,12,4,8
24849,Donfilippo,burning-legion,383,paladin,retribution,12,4,8
24850,Paladoon,ravencrest,383,paladin,retribution,12,4,8
24851,Hilkisen,ragnaros,383,paladin,retribution,12,4,8
24852,Ashreaver,burning-legion,383,paladin,retribution,12,4,8
24853,Giuliagirod,kazzak,383,paladin,retribution,12,4,8
24854,Ратомир,howling-fjord,383,paladin,retribution,14,4,10
24855,Anamary,ravencrest,383,paladin,retribution,15,4,11
24856,Ságé,thrall,383,paladin,retribution,16,4,12
24857,Lavacalistar,turalyon,383,paladin,retribution,21,5,16
24858,Shurikèn,khaz-modan,382,paladin,retribution,6,4,2
24859,Kaezerg,khaz-modan,382,paladin,retribution,12,4,8
24860,Mhorcain,silvermoon,382,paladin,retribution,12,4,8
24861,Kulgan,aerie-peak,380,paladin,retribution,12,4,8
24862,Palastratos,turalyon,379,paladin,retribution,12,4,8
24863,Bellight,sinstralis,376,paladin,retribution,19,4,15
24864,Errn,ragnaros,367,paladin,retribution,11,4,7
24865,Emakk,darksorrow,351,paladin,retribution,8,5,3
24866,Spóntaneous,ravencrest,351,paladin,retribution,8,5,3
24867,Kantfyrste,ravencrest,351,paladin,retribution,11,4,7
24868,Taigetos,draenor,351,paladin,retribution,11,4,7
24869,Олегсудья,howling-fjord,351,paladin,retribution,11,4,7
24870,Joeintkaa,ragnaros,351,paladin,retribution,11,4,7
24871,Madzy,archimonde,351,paladin,retribution,11,4,7
24872,Rîex,alleria,351,paladin,retribution,20,5,15
24873,Freemain,doomhammer,336,paladin,retribution,9,4,5
24874,Strcker,sylvanas,336,paladin,retribution,9,4,5
24875,Ragnarauc,elune,336,paladin,retribution,9,4,5
24876,Doban,shattered-hand,335,paladin,retribution,9,4,5
24877,Нимбоо,soulflayer,335,paladin,retribution,11,4,7
24878,Sunsera,blackrock,330,paladin,retribution,8,5,3
24879,Alanore,tarren-mill,330,paladin,retribution,13,6,7
24880,Каплясвета,gordunni,330,paladin,retribution,15,5,10
24881,Enary,zuljin,330,paladin,retribution,15,5,10
24882,Rafistor,khaz-modan,330,paladin,retribution,24,7,17
24883,Matharr,kazzak,330,paladin,retribution,19,5,14
24884,Stonebeard,ahnqiraj,329,paladin,retribution,25,5,20
24885,Bafbaf,arathi,329,paladin,retribution,30,5,25
24886,Glâdiatør,blackrock,320,paladin,retribution,10,4,6
24887,Kyazar,sylvanas,319,paladin,retribution,5,4,1
24888,Vermilia,blackmoore,319,paladin,retribution,8,4,4
24889,Strìke,ragnaros,319,paladin,retribution,8,4,4
24890,Kýríl,antonidas,319,paladin,retribution,14,4,10
24891,Артуроэльф,eversong,318,paladin,retribution,11,4,7
24892,Ønyxqt,archimonde,304,paladin,retribution,7,4,3
24893,Akcope,thunderhorn,288,paladin,retribution,6,3,3
24894,Paidi,die-todeskrallen,288,paladin,retribution,6,3,3
24895,Aoldur,ragnaros,288,paladin,retribution,6,3,3
24896,Synexy,kazzak,288,paladin,retribution,6,3,3
24897,Yaldly,dun-modr,288,paladin,retribution,6,3,3
24898,Uoloop,kazzak,288,paladin,retribution,6,3,3
24899,Illmindofyou,twisting-nether,288,paladin,retribution,6,3,3
24900,Skycraft,kazzak,288,paladin,retribution,6,3,3
24901,Londrette,kazzak,288,paladin,retribution,6,3,3
24902,Brinkz,argent-dawn,288,paladin,retribution,6,3,3
24903,Zetnic,kazzak,288,paladin,retribution,6,3,3
24904,Timesover,doomhammer,288,paladin,retribution,6,3,3
24905,Lolsurprise,twisting-nether,288,paladin,retribution,6,3,3
24906,Bootysmasher,silvermoon,288,paladin,retribution,6,3,3
24907,Hium,zuljin,288,paladin,retribution,6,3,3
24908,Gipas,quelthalas,288,paladin,retribution,6,3,3
24909,Khrogan,bronzebeard,288,paladin,retribution,6,3,3
24910,Sekoran,sunstrider,288,paladin,retribution,6,3,3
24911,Nøradin,argent-dawn,288,paladin,retribution,6,3,3
24912,Ïrönhämmër,argent-dawn,288,paladin,retribution,6,3,3
24913,Veo,sylvanas,288,paladin,retribution,6,3,3
24914,Lyrïcs,ysondre,288,paladin,retribution,6,3,3
24915,Môôses,kazzak,288,paladin,retribution,6,3,3
24916,Snowydin,tarren-mill,288,paladin,retribution,6,3,3
24917,Valeantz,draenor,288,paladin,retribution,6,3,3
24918,Strangerx,blackrock,288,paladin,retribution,6,3,3
24919,Divinemove,stormscale,288,paladin,retribution,6,3,3
24920,Azryn,kazzak,288,paladin,retribution,6,3,3
24921,Enanon,zuljin,288,paladin,retribution,6,3,3
24922,Blookedaro,sanguino,288,paladin,retribution,6,3,3
24923,Vultrix,tarren-mill,288,paladin,retribution,6,3,3
24924,Synthesis,uldum,288,paladin,retribution,6,3,3
24925,Sarunan,ravencrest,288,paladin,retribution,6,3,3
24926,Freakks,twisting-nether,288,paladin,retribution,6,3,3
24927,Paladiaz,blackhand,288,paladin,retribution,6,3,3
24928,Isgarot,pozzo-delleternità,288,paladin,retribution,6,3,3
24929,Dominoeffect,sylvanas,288,paladin,retribution,6,3,3
24930,Æternal,arathor,288,paladin,retribution,6,3,3
24931,Dédoniste,archimonde,288,paladin,retribution,6,3,3
24932,Lightfôrce,blackmoore,288,paladin,retribution,6,3,3
24933,Fogell,ravencrest,288,paladin,retribution,6,3,3
24934,Emet,twisting-nether,288,paladin,retribution,6,3,3
24935,Gambá,stormscale,288,paladin,retribution,6,3,3
24936,Reptoglad,archimonde,288,paladin,retribution,6,3,3
24937,Muieiulica,twisting-nether,288,paladin,retribution,6,3,3
24938,Мортлайт,soulflayer,288,paladin,retribution,6,3,3
24939,Watchmestomp,draenor,288,paladin,retribution,6,3,3
24940,Svipdag,quelthalas,288,paladin,retribution,6,3,3
24941,Razztafari,tarren-mill,288,paladin,retribution,6,3,3
24942,Raketenreiko,blackrock,288,paladin,retribution,6,3,3
24943,Moolurk,stormscale,288,paladin,retribution,6,3,3
24944,Xalthan,defias-brotherhood,288,paladin,retribution,6,3,3
24945,Thunderwoman,ragnaros,288,paladin,retribution,6,3,3
24946,Leouric,argent-dawn,288,paladin,retribution,6,3,3
24947,Palapouffe,khaz-modan,288,paladin,retribution,6,3,3
24948,Lotheirid,antonidas,288,paladin,retribution,6,3,3
24949,Aklime,blackmoore,288,paladin,retribution,6,3,3
24950,Golgel,turalyon,288,paladin,retribution,6,3,3
24951,Minirempart,khaz-modan,288,paladin,retribution,6,3,3
24952,Hyroshima,archimonde,288,paladin,retribution,6,3,3
24953,Kelsumi,draenor,288,paladin,retribution,6,3,3
24954,Thalyia,neptulon,288,paladin,retribution,6,3,3
24955,Glorfindel,tarren-mill,288,paladin,retribution,6,3,3
24956,Labadin,darkspear,288,paladin,retribution,6,3,3
24957,Artemes,malorne,288,paladin,retribution,6,3,3
24958,Sparckqt,nemesis,288,paladin,retribution,6,3,3
24959,Лайсен,gordunni,288,paladin,retribution,6,3,3
24960,Sixtynien,outland,288,paladin,retribution,6,3,3
24961,Holythore,shadowsong,288,paladin,retribution,6,3,3
24962,Steínsgate,ravencrest,288,paladin,retribution,6,3,3
24963,Ráikou,sylvanas,288,paladin,retribution,6,3,3
24964,Taukkï,kazzak,288,paladin,retribution,6,3,3
24965,Redex,tarren-mill,288,paladin,retribution,6,3,3
24966,Garthoronir,antonidas,288,paladin,retribution,6,3,3
24967,Ozen,blackrock,288,paladin,retribution,6,3,3
24968,Кузнейц,borean-tundra,288,paladin,retribution,6,3,3
24969,Bämschi,blackrock,288,paladin,retribution,6,3,3
24970,Împala,twisting-nether,288,paladin,retribution,6,3,3
24971,Ðåøóýöøðí,ravencrest,288,paladin,retribution,6,3,3
24972,Eyebluee,tarren-mill,288,paladin,retribution,6,3,3
24973,Analnydarek,silvermoon,288,paladin,retribution,6,3,3
24974,Stárchy,terenas,288,paladin,retribution,6,3,3
24975,Partysyster,defias-brotherhood,288,paladin,retribution,6,3,3
24976,Negash,archimonde,288,paladin,retribution,6,3,3
24977,Krístjan,silvermoon,288,paladin,retribution,6,3,3
24978,Andriâ,blackhand,288,paladin,retribution,6,3,3
24979,Grial,eredar,288,paladin,retribution,6,3,3
24980,Novà,ravencrest,288,paladin,retribution,6,3,3
24981,Shealby,thrall,288,paladin,retribution,6,3,3
24982,Kjellus,tarren-mill,288,paladin,retribution,6,3,3
24983,Zondãn,blackrock,288,paladin,retribution,6,3,3
24984,Goofyret,ravencrest,288,paladin,retribution,6,3,3
24985,Skinriper,stormscale,288,paladin,retribution,6,3,3
24986,Jicekaa,archimonde,288,paladin,retribution,6,3,3
24987,Illythia,anachronos,288,paladin,retribution,6,3,3
24988,Cilodin,blackrock,288,paladin,retribution,6,3,3
24989,Hione,burning-legion,288,paladin,retribution,6,3,3
24990,Bashx,outland,288,paladin,retribution,6,3,3
24991,Exero,frostmane,288,paladin,retribution,6,3,3
24992,Mayhem,area-52,288,paladin,retribution,6,3,3
24993,Elyeasia,silvermoon,288,paladin,retribution,6,3,3
24994,Animegifx,ragnaros,288,paladin,retribution,6,3,3
24995,Shaká,ravencrest,288,paladin,retribution,6,3,3
24996,Kishijoten,archimonde,288,paladin,retribution,6,3,3
24997,Киэрсис,howling-fjord,288,paladin,retribution,6,3,3
24998,Zeltose,uldaman,288,paladin,retribution,6,3,3
24999,Vaciusta,silvermoon,288,paladin,retribution,6,3,3
25000,Divinenoob,ravencrest,288,paladin,retribution,6,3,3
25001,Dathrohan,sanguino,288,paladin,retribution,6,3,3
25002,Holyshêêt,draenor,288,paladin,retribution,6,3,3
25003,Phystos,culte-de-la-rive-noire,288,paladin,retribution,6,3,3
25004,Fumbz,alakir,288,paladin,retribution,6,3,3
25005,Иретис,gordunni,288,paladin,retribution,6,3,3
25006,Xirac,antonidas,288,paladin,retribution,6,3,3
25007,Hondur,blackmoore,288,paladin,retribution,6,3,3
25008,Bahamamama,ambossar,288,paladin,retribution,6,3,3
25009,Рамстафарай,gordunni,288,paladin,retribution,6,3,3
25010,Amq,blackhand,288,paladin,retribution,6,3,3
25011,Зольвинталь,deathguard,288,paladin,retribution,6,3,3
25012,Azzaelea,tarren-mill,288,paladin,retribution,6,3,3
25013,Noanoshy,eredar,288,paladin,retribution,6,3,3
25014,Wonkans,draenor,288,paladin,retribution,6,3,3
25015,Prâtox,blackmoore,288,paladin,retribution,6,3,3
25016,Ruben,kirin-tor,288,paladin,retribution,6,3,3
25017,Зеппели,gordunni,288,paladin,retribution,6,3,3
25018,Ênmâ,archimonde,288,paladin,retribution,6,3,3
25019,Amatar,ravencrest,288,paladin,retribution,6,3,3
25020,Hotchíck,outland,288,paladin,retribution,6,3,3
25021,Dramaking,the-maelstrom,288,paladin,retribution,6,3,3
25022,Baltyros,thrall,288,paladin,retribution,6,3,3
25023,Môdhân,archimonde,288,paladin,retribution,6,3,3
25024,Retroxy,stormreaver,288,paladin,retribution,6,3,3
25025,Optì,eredar,288,paladin,retribution,6,3,3
25026,Синтел,eversong,288,paladin,retribution,6,3,3
25027,Эрогот,gordunni,288,paladin,retribution,6,3,3
25028,Бигтедо,gordunni,288,paladin,retribution,6,3,3
25029,Nympa,sylvanas,288,paladin,retribution,6,3,3
25030,Tyn,dragonmaw,288,paladin,retribution,6,3,3
25031,Wtyou,blackhand,288,paladin,retribution,6,3,3
25032,Tjú,mannoroth,288,paladin,retribution,6,3,3
25033,Belåkor,silvermoon,288,paladin,retribution,6,3,3
25034,Hatoms,hyjal,288,paladin,retribution,6,3,3
25035,Ramsay,arthas,288,paladin,retribution,6,3,3
25036,Poutoux,archimonde,288,paladin,retribution,6,3,3
25037,Tyranius,bronzebeard,288,paladin,retribution,6,3,3
25038,Sorkohoho,silvermoon,288,paladin,retribution,6,3,3
25039,Dyonisøs,archimonde,288,paladin,retribution,6,3,3
25040,Sakulchan,antonidas,288,paladin,retribution,6,3,3
25041,Khredo,eredar,288,paladin,retribution,6,3,3
25042,Neoz,ravencrest,288,paladin,retribution,6,3,3
25043,Partur,stormreaver,288,paladin,retribution,6,3,3
25044,Lóde,silvermoon,288,paladin,retribution,6,3,3
25045,Cloudlight,argent-dawn,288,paladin,retribution,6,3,3
25046,Septèmber,draenor,288,paladin,retribution,6,3,3
25047,Guko,frostwolf,288,paladin,retribution,6,3,3
25048,Киръпич,grom,288,paladin,retribution,6,3,3
25049,Myrtîllê,archimonde,288,paladin,retribution,6,3,3
25050,Monaatamis,kazzak,288,paladin,retribution,6,3,3
25051,Лантана,howling-fjord,288,paladin,retribution,6,3,3
25052,Astralenigma,hyjal,288,paladin,retribution,6,3,3
25053,Faté,madmortem,288,paladin,retribution,6,3,3
25054,Белоус,howling-fjord,288,paladin,retribution,6,3,3
25055,Bogrács,silvermoon,288,paladin,retribution,6,3,3
25056,Vérdugo,quelthalas,288,paladin,retribution,6,3,3
25057,Sérath,twisting-nether,288,paladin,retribution,6,3,3
25058,Ñusret,aegwynn,288,paladin,retribution,6,3,3
25059,Gîn,aszune,288,paladin,retribution,6,3,3
25060,Véngeance,twilights-hammer,288,paladin,retribution,6,3,3
25061,Xirôs,zirkel-des-cenarius,288,paladin,retribution,6,3,3
25062,Lixîa,hyjal,288,paladin,retribution,6,3,3
25063,Djpalacinka,drakthul,288,paladin,retribution,6,3,3
25064,Fahrèl,hyjal,288,paladin,retribution,6,3,3
25065,Rômtone,dalaran,288,paladin,retribution,6,3,3
25066,Astralz,aegwynn,288,paladin,retribution,6,3,3
25067,Stocks,burning-blade,288,paladin,retribution,6,3,3
25068,Eldivin,hyjal,288,paladin,retribution,6,3,3
25069,Holydeath,aegwynn,288,paladin,retribution,6,3,3
25070,Karnator,eldrethalas,288,paladin,retribution,6,3,3
25071,Vîdelle,eldrethalas,288,paladin,retribution,6,3,3
25072,Drwings,drakthul,288,paladin,retribution,6,3,3
25073,Tonynox,hyjal,288,paladin,retribution,6,3,3
25074,Alexii,azjolnerub,288,paladin,retribution,10,4,6
25075,Dorlen,argent-dawn,288,paladin,retribution,10,4,6
25076,Aenhel,zuljin,288,paladin,retribution,11,4,7
25077,Dragg,kirin-tor,288,paladin,retribution,10,3,7
25078,Ауё,blackscar,288,paladin,retribution,12,3,9
25079,Eriesh,cthun,288,paladin,retribution,12,3,9
25080,Leoniidas,cthun,288,paladin,retribution,12,3,9
25081,Kypamop,argent-dawn,288,paladin,retribution,12,3,9
25082,Inmortality,sanguino,288,paladin,retribution,12,3,9
25083,Dasvidania,uldum,288,paladin,retribution,12,3,9
25084,Lylennâ,argent-dawn,288,paladin,retribution,12,3,9
25085,Rùfus,tarren-mill,288,paladin,retribution,12,3,9
25086,Belldog,tarren-mill,288,paladin,retribution,12,3,9
25087,Korneta,sanguino,288,paladin,retribution,12,3,9
25088,Daddysiliam,ravencrest,288,paladin,retribution,12,3,9
25089,Izelv,dalaran,288,paladin,retribution,12,3,9
25090,Synáx,blackhand,288,paladin,retribution,12,3,9
25091,Blecheîmer,aegwynn,288,paladin,retribution,12,3,9
25092,Popolelo,dun-modr,288,paladin,retribution,12,3,9
25093,Ахелеззик,gordunni,288,paladin,retribution,12,3,9
25094,Amadeo,genjuros,288,paladin,retribution,12,3,9
25095,Dathea,aegwynn,288,paladin,retribution,12,3,9
25096,Аладушок,gordunni,288,paladin,retribution,12,3,9
25097,Найдэкер,gordunni,288,paladin,retribution,12,3,9
25098,Deholyloa,frostwhisper,288,paladin,retribution,12,3,9
25099,Галлионн,gordunni,288,paladin,retribution,12,3,9
25100,Бетте,gordunni,288,paladin,retribution,12,3,9
25101,Aion,chamber-of-aspects,288,paladin,retribution,12,3,9
25102,Nordiusek,drakthul,288,paladin,retribution,12,3,9
25103,Kiytrew,ravencrest,288,paladin,retribution,12,3,9
25104,Flogiston,burning-legion,288,paladin,retribution,12,3,9
25105,Cigoveth,sylvanas,288,paladin,retribution,12,3,9
25106,Trwwsano,stormscale,288,paladin,retribution,12,3,9
25107,Diccari,stormreaver,288,paladin,retribution,12,3,9
25108,Miqee,burning-legion,288,paladin,retribution,12,3,9
25109,Fuyúrí,burning-legion,288,paladin,retribution,12,3,9
25110,Roxter,burning-legion,288,paladin,retribution,12,3,9
25111,Japsee,runetotem,288,paladin,retribution,12,3,9
25112,Ашилолпро,soulflayer,288,paladin,retribution,12,3,9
25113,Razzim,eredar,288,paladin,retribution,12,3,9
25114,Whórainzóne,eredar,288,paladin,retribution,12,3,9
25115,Wolluna,frostwolf,288,paladin,retribution,12,3,9
25116,Кесару,goldrinn,288,paladin,retribution,12,3,9
25117,Notingvar,doomhammer,288,paladin,retribution,12,3,9
25118,Skuzee,archimonde,288,paladin,retribution,12,3,9
25119,Harnêlia,marécage-de-zangar,288,paladin,retribution,12,3,9
25120,Mathrixo,silvermoon,288,paladin,retribution,12,3,9
25121,Загошслакер,howling-fjord,288,paladin,retribution,12,3,9
25122,Palaur,silvermoon,288,paladin,retribution,12,3,9
25123,Ahreesh,blackrock,288,paladin,retribution,12,3,9
25124,Çolette,silvermoon,288,paladin,retribution,12,3,9
25125,Dmascus,blackrock,288,paladin,retribution,12,3,9
25126,Xzpal,silvermoon,288,paladin,retribution,12,3,9
25127,Valarïs,outland,288,paladin,retribution,12,3,9
25128,Cilla,kult-der-verdammten,288,paladin,retribution,12,3,9
25129,Астта,fordragon,288,paladin,retribution,12,3,9
25130,Sangaro,ragnaros,288,paladin,retribution,12,3,9
25131,Dalaly,kazzak,288,paladin,retribution,12,3,9
25132,Pokexx,ragnaros,288,paladin,retribution,12,3,9
25133,Lacrossé,kazzak,288,paladin,retribution,12,3,9
25134,Strikè,stormscale,288,paladin,retribution,12,3,9
25135,Djuwuu,twisting-nether,288,paladin,retribution,12,3,9
25136,Nasrudan,ravenholdt,288,paladin,retribution,12,3,9
25137,Shneéz,blackmoore,288,paladin,retribution,12,3,9
25138,Arthàs,blackmoore,288,paladin,retribution,12,3,9
25139,Câlon,twisting-nether,288,paladin,retribution,12,3,9
25140,Mandingbull,stormscale,288,paladin,retribution,12,3,9
25141,Simsaii,stormscale,288,paladin,retribution,12,3,9
25142,Turbopal,burning-blade,288,paladin,retribution,12,3,9
25143,Trollpaladin,blackmoore,288,paladin,retribution,12,3,9
25144,Lucyd,stormscale,288,paladin,retribution,12,3,9
25145,Trismegistos,bloodhoof,288,paladin,retribution,12,3,9
25146,Legâin,twisting-nether,288,paladin,retribution,12,3,9
25147,Arethos,twisting-nether,288,paladin,retribution,12,3,9
25148,Agrkan,defias-brotherhood,288,paladin,retribution,17,3,14
25149,Skemfar,sanguino,288,paladin,retribution,18,3,15
25150,Ulderoth,dun-modr,288,paladin,retribution,18,3,15
25151,Fenik,dun-modr,288,paladin,retribution,18,3,15
25152,Símp,grim-batol,288,paladin,retribution,18,3,15
25153,Khveasir,argent-dawn,288,paladin,retribution,18,3,15
25154,Sztat,burning-legion,288,paladin,retribution,18,3,15
25155,Mêyra,blackhand,288,paladin,retribution,20,3,17
25156,Malzj,garrosh,287,paladin,retribution,6,3,3
25157,Айронс,ashenvale,287,paladin,retribution,6,3,3
25158,Hrubo,drakthul,287,paladin,retribution,6,3,3
25159,Oheiligster,kult-der-verdammten,287,paladin,retribution,6,3,3
25160,Sìegfrìed,sargeras,287,paladin,retribution,6,3,3
25161,Flashyplays,silvermoon,287,paladin,retribution,6,3,3
25162,Ïwâ,hyjal,287,paladin,retribution,6,3,3
25163,Bedrock,kirin-tor,287,paladin,retribution,6,3,3
25164,Arthane,frostmane,287,paladin,retribution,6,3,3
25165,Bore,culte-de-la-rive-noire,287,paladin,retribution,12,3,9
25166,Thardran,ravencrest,287,paladin,retribution,12,3,9
25167,Trevorion,argent-dawn,287,paladin,retribution,12,3,9
25168,Cajikpal,drakthul,287,paladin,retribution,12,3,9
25169,Voraxpa,draenor,287,paladin,retribution,12,3,9
25170,Kolam,khaz-modan,286,paladin,retribution,6,3,3
25171,Rsanchez,frostwolf,286,paladin,retribution,6,3,3
25172,Tofrus,kazzak,271,paladin,retribution,11,3,8
25173,Рбгхил,howling-fjord,271,paladin,retribution,11,3,8
25174,Brictom,tarren-mill,271,paladin,retribution,11,3,8
25175,Стилбич,gordunni,256,paladin,retribution,10,3,7
25176,Msammus,kazzak,255,paladin,retribution,11,3,8
25177,Zoomzoom,sylvanas,240,paladin,retribution,12,4,8
25178,Loire,blackmoore,239,paladin,retribution,5,3,2
25179,Erannor,kirin-tor,239,paladin,retribution,5,3,2
25180,Gõm,aegwynn,239,paladin,retribution,5,3,2
25181,Pooncy,ragnaros,239,paladin,retribution,5,3,2
25182,Manyouk,kazzak,239,paladin,retribution,5,3,2
25183,Papel,kul-tiras,239,paladin,retribution,5,3,2
25184,Tivv,blackhand,239,paladin,retribution,5,3,2
25185,Sàbèr,blackmoore,239,paladin,retribution,11,3,8
25186,Tÿy,sylvanas,234,paladin,retribution,8,4,4
25187,Dørvâp,culte-de-la-rive-noire,234,paladin,retribution,11,4,7
25188,Andrøiz,dun-modr,234,paladin,retribution,15,4,11
25189,Psykoosi,defias-brotherhood,232,paladin,retribution,11,4,7
25190,Bigwings,stormscale,208,paladin,retribution,7,3,4
25191,Тазикчая,soulflayer,192,paladin,retribution,4,3,1
25192,Йёкипавер,gordunni,192,paladin,retribution,4,3,1
25193,Casiimuero,los-errantes,192,paladin,retribution,4,3,1
25194,Denko,ravencrest,192,paladin,retribution,4,3,1
25195,Rèmi,pozzo-delleternità,192,paladin,retribution,4,3,1
25196,Pitux,dun-modr,192,paladin,retribution,4,3,1
25197,Slymm,archimonde,192,paladin,retribution,6,2,4
25198,Postî,eredar,192,paladin,retribution,6,2,4
25199,Ysunna,magtheridon,192,paladin,retribution,6,2,4
25200,Bozznamaan,thrall,192,paladin,retribution,6,2,4
25201,Necrozi,stormscale,192,paladin,retribution,6,2,4
25202,Arndt,lightbringer,192,paladin,retribution,6,2,4
25203,Némesis,frostmane,192,paladin,retribution,6,2,4
25204,Azraise,stormscale,192,paladin,retribution,6,2,4
25205,Panomecon,magtheridon,192,paladin,retribution,6,2,4
25206,Bpontes,aggra-português,192,paladin,retribution,6,2,4
25207,Aal,eredar,192,paladin,retribution,6,2,4
25208,Dàk,grim-batol,192,paladin,retribution,6,2,4
25209,Pyronort,eredar,192,paladin,retribution,6,2,4
25210,Matinacc,tarren-mill,192,paladin,retribution,6,2,4
25211,Афликтшаман,howling-fjord,192,paladin,retribution,6,2,4
25212,Holybubble,stormscale,192,paladin,retribution,6,2,4
25213,Clerik,eredar,192,paladin,retribution,6,2,4
25214,Всеволорд,howling-fjord,192,paladin,retribution,6,2,4
25215,Myrmidan,magtheridon,192,paladin,retribution,6,2,4
25216,Elvyri,silvermoon,192,paladin,retribution,6,2,4
25217,Enviniv,tarren-mill,192,paladin,retribution,6,2,4
25218,Вишенций,howling-fjord,192,paladin,retribution,6,2,4
25219,Grømit,drakthul,192,paladin,retribution,6,2,4
25220,Кизайрус,soulflayer,192,paladin,retribution,6,2,4
25221,Холигор,deathguard,192,paladin,retribution,6,2,4
25222,Jÿnxx,hyjal,192,paladin,retribution,6,2,4
25223,Tusti,tarren-mill,192,paladin,retribution,6,2,4
25224,Quennten,grim-batol,192,paladin,retribution,6,2,4
25225,Кадаврициан,howling-fjord,192,paladin,retribution,6,2,4
25226,Thelinara,antonidas,192,paladin,retribution,6,2,4
25227,Svåger,stormscale,192,paladin,retribution,6,2,4
25228,Legrandnain,archimonde,192,paladin,retribution,6,2,4
25229,Waramo,eredar,192,paladin,retribution,6,2,4
25230,Beiluoshimen,archimonde,192,paladin,retribution,6,2,4
25231,Crownroyal,twisting-nether,192,paladin,retribution,6,2,4
25232,Дрейв,soulflayer,192,paladin,retribution,6,2,4
25233,Gryan,stormscale,192,paladin,retribution,6,2,4
25234,Daizen,blackrock,192,paladin,retribution,6,2,4
25235,Dorian,durotan,192,paladin,retribution,6,2,4
25236,Пепескарлет,howling-fjord,192,paladin,retribution,6,2,4
25237,Бордюрчег,howling-fjord,192,paladin,retribution,6,2,4
25238,Solcustos,tarren-mill,192,paladin,retribution,6,2,4
25239,Crêuyf,elune,192,paladin,retribution,6,2,4
25240,Pallyman,arthas,192,paladin,retribution,6,2,4
25241,Pryzmath,burning-legion,192,paladin,retribution,6,2,4
25242,Vrotkarpala,azjolnerub,192,paladin,retribution,6,2,4
25243,Leelemon,frostmane,192,paladin,retribution,6,2,4
25244,Легионор,galakrond,192,paladin,retribution,6,2,4
25245,Wingsftw,blackhand,192,paladin,retribution,6,2,4
25246,Kathly,madmortem,192,paladin,retribution,6,2,4
25247,Lâlexâ,blackrock,192,paladin,retribution,6,2,4
25248,Shufflee,drakthul,192,paladin,retribution,6,2,4
25249,Blurengo,blackrock,192,paladin,retribution,6,2,4
25250,Yumhi,dun-modr,192,paladin,retribution,6,2,4
25251,Blazeê,blackrock,192,paladin,retribution,6,2,4
25252,Spellcrow,argent-dawn,192,paladin,retribution,6,2,4
25253,Liféféar,tarren-mill,192,paladin,retribution,6,2,4
25254,Palacheatlol,ysondre,192,paladin,retribution,6,2,4
25255,Paladéán,malganis,192,paladin,retribution,6,2,4
25256,Iñgkara,tarren-mill,192,paladin,retribution,6,2,4
25257,Lightsimper,silvermoon,192,paladin,retribution,6,2,4
25258,Strøb,antonidas,192,paladin,retribution,6,2,4
25259,Kamas,antonidas,192,paladin,retribution,6,2,4
25260,Alto,nordrassil,192,paladin,retribution,6,2,4
25261,Tybrain,blackhand,192,paladin,retribution,6,2,4
25262,Эйлара,howling-fjord,192,paladin,retribution,6,2,4
25263,Pava,blackmoore,192,paladin,retribution,6,2,4
25264,Teenage,colinas-pardas,192,paladin,retribution,6,2,4
25265,Serkunkoira,emeriss,192,paladin,retribution,6,2,4
25266,Halori,ragnaros,192,paladin,retribution,6,2,4
25267,Eneomaos,blackrock,192,paladin,retribution,6,2,4
25268,Trainwréck,ravencrest,192,paladin,retribution,6,2,4
25269,Vikingensven,silvermoon,192,paladin,retribution,6,2,4
25270,Bálerion,bronze-dragonflight,192,paladin,retribution,6,2,4
25271,Présidential,grim-batol,192,paladin,retribution,6,2,4
25272,Prótpál,the-maelstrom,192,paladin,retribution,6,2,4
25273,Tomforøl,aggramar,192,paladin,retribution,6,2,4
25274,Kapaeus,aggramar,192,paladin,retribution,6,2,4
25275,Shirohige,pozzo-delleternità,192,paladin,retribution,6,2,4
25276,Pipifeng,silvermoon,192,paladin,retribution,6,2,4
25277,Alberix,tarren-mill,192,paladin,retribution,6,2,4
25278,Sangrèin,nerathor,192,paladin,retribution,6,2,4
25279,Doormat,stormreaver,192,paladin,retribution,6,2,4
25280,Светочпок,howling-fjord,192,paladin,retribution,6,2,4
25281,Arthacalan,silvermoon,192,paladin,retribution,6,2,4
25282,Ejoz,suramar,192,paladin,retribution,6,2,4
25283,Palek,burning-legion,192,paladin,retribution,6,2,4
25284,Гачипаладинн,galakrond,192,paladin,retribution,6,2,4
25285,Lûvmølly,silvermoon,192,paladin,retribution,6,2,4
25286,Maxunius,antonidas,192,paladin,retribution,6,2,4
25287,Lightshedder,twisting-nether,192,paladin,retribution,6,2,4
25288,Nozgot,chromaggus,192,paladin,retribution,6,2,4
25289,Ðeswynd,hyjal,192,paladin,retribution,6,2,4
25290,Kerplonk,burning-legion,192,paladin,retribution,6,2,4
25291,Aïzo,archimonde,192,paladin,retribution,6,2,4
25292,Fizzyy,ragnaros,192,paladin,retribution,6,2,4
25293,Antitodas,argent-dawn,192,paladin,retribution,6,2,4
25294,Holyape,argent-dawn,192,paladin,retribution,6,2,4
25295,Xoconuttv,ravencrest,192,paladin,retribution,6,2,4
25296,Aurasis,archimonde,192,paladin,retribution,6,2,4
25297,Zephale,sunstrider,192,paladin,retribution,6,2,4
25298,Sawier,ragnaros,192,paladin,retribution,6,2,4
25299,Drasir,nemesis,192,paladin,retribution,6,2,4
25300,Meatslice,boulderfist,192,paladin,retribution,6,2,4
25301,Антитеррор,greymane,192,paladin,retribution,6,2,4
25302,Alus,blackmoore,192,paladin,retribution,6,2,4
25303,Paxillustral,twisting-nether,192,paladin,retribution,6,2,4
25304,Daviaa,silvermoon,192,paladin,retribution,6,2,4
25305,Потрепал,blackscar,192,paladin,retribution,6,2,4
25306,Скруддж,howling-fjord,192,paladin,retribution,6,2,4
25307,Zbykmasta,burning-legion,192,paladin,retribution,6,2,4
25308,Туларион,grom,192,paladin,retribution,6,2,4
25309,Lemarobebsi,draenor,192,paladin,retribution,6,2,4
25310,Paradice,ragnaros,192,paladin,retribution,6,2,4
25311,Retrikuc,stormscale,192,paladin,retribution,6,2,4
25312,Yuri,voljin,192,paladin,retribution,6,2,4
25313,Liquesco,draenor,192,paladin,retribution,6,2,4
25314,Загадзуга,howling-fjord,192,paladin,retribution,6,2,4
25315,Héraclèss,marécage-de-zangar,192,paladin,retribution,6,2,4
25316,Naylaeh,draenor,192,paladin,retribution,6,2,4
25317,Soralî,dethecus,192,paladin,retribution,6,2,4
25318,Onys,onyxia,192,paladin,retribution,6,2,4
25319,Deltapower,archimonde,192,paladin,retribution,6,2,4
25320,Aksoû,hyjal,192,paladin,retribution,6,2,4
25321,Boonner,burning-legion,192,paladin,retribution,6,2,4
25322,Tsomoo,antonidas,192,paladin,retribution,6,2,4
25323,Valkyrjai,silvermoon,192,paladin,retribution,6,2,4
25324,Djstompyasis,blackmoore,192,paladin,retribution,6,2,4
25325,Cripxoo,sanguino,192,paladin,retribution,6,2,4
25326,Lullabye,runetotem,192,paladin,retribution,6,2,4
25327,Heilgaharald,blackrock,192,paladin,retribution,6,2,4
25328,Drjudge,draenor,192,paladin,retribution,6,2,4
25329,Lionknight,sylvanas,192,paladin,retribution,6,2,4
25330,Razarus,sylvanas,192,paladin,retribution,6,2,4
25331,Canihavesome,sylvanas,192,paladin,retribution,6,2,4
25332,Vcd,kazzak,192,paladin,retribution,6,2,4
25333,Malvax,ragnaros,192,paladin,retribution,6,2,4
25334,Everessa,sylvanas,192,paladin,retribution,6,2,4
25335,Maxximuss,drekthar,192,paladin,retribution,6,2,4
25336,Valanyr,kazzak,192,paladin,retribution,6,2,4
25337,Samypalouf,naxxramas,192,paladin,retribution,6,2,4
25338,Shassera,ravencrest,192,paladin,retribution,6,2,4
25339,Bigolcritty,silvermoon,192,paladin,retribution,6,2,4
25340,Элестаге,gordunni,192,paladin,retribution,6,2,4
25341,Vans,nazjatar,192,paladin,retribution,6,2,4
25342,Almiraj,conseil-des-ombres,192,paladin,retribution,6,2,4
25343,Zuldekk,sanguino,192,paladin,retribution,6,2,4
25344,Ainnamash,twisting-nether,192,paladin,retribution,6,2,4
25345,Coldcuts,sylvanas,192,paladin,retribution,6,2,4
25346,Raigun,sylvanas,192,paladin,retribution,6,2,4
25347,Ярлд,gordunni,192,paladin,retribution,6,2,4
25348,Kael,darkspear,192,paladin,retribution,6,2,4
25349,Xephiroxus,the-venture-co,192,paladin,retribution,6,2,4
25350,Dáimion,defias-brotherhood,192,paladin,retribution,6,2,4
25351,Hompra,outland,192,paladin,retribution,6,2,4
25352,Azapala,kazzak,192,paladin,retribution,6,2,4
25353,Zixxo,outland,192,paladin,retribution,6,2,4
25354,Hølly,twisting-nether,192,paladin,retribution,6,2,4
25355,Tópgee,ravencrest,192,paladin,retribution,6,2,4
25356,Gornim,die-nachtwache,192,paladin,retribution,6,2,4
25357,Shápzx,draenor,192,paladin,retribution,6,2,4
25358,Lightsbreath,ragnaros,192,paladin,retribution,6,2,4
25359,Breakafly,doomhammer,192,paladin,retribution,6,2,4
25360,Сильверный,gordunni,192,paladin,retribution,6,2,4
25361,Ashariah,die-aldor,192,paladin,retribution,6,2,4
25362,Seradawn,ravencrest,192,paladin,retribution,6,2,4
25363,Никитаберс,gordunni,192,paladin,retribution,6,2,4
25364,Radeto,outland,192,paladin,retribution,6,2,4
25365,Blinkdrink,ragnaros,192,paladin,retribution,6,2,4
25366,Csvepanszul,ragnaros,192,paladin,retribution,6,2,4
25367,Rdypaladin,ravencrest,192,paladin,retribution,6,2,4
25368,Cjis,kazzak,192,paladin,retribution,6,2,4
25369,Punlac,draenor,192,paladin,retribution,6,2,4
25370,Goodfail,sanguino,192,paladin,retribution,6,2,4
25371,Logmár,sanguino,192,paladin,retribution,6,2,4
25372,Starr,confrérie-du-thorium,192,paladin,retribution,6,2,4
25373,Palalightdfq,dalaran,192,paladin,retribution,6,2,4
25374,Yaxz,ravencrest,192,paladin,retribution,6,2,4
25375,Altoangelo,outland,192,paladin,retribution,6,2,4
25376,Дэвайнэвил,gordunni,192,paladin,retribution,6,2,4
25377,Dollicia,outland,192,paladin,retribution,6,2,4
25378,Frías,zuljin,192,paladin,retribution,6,2,4
25379,Radiantblood,ravencrest,192,paladin,retribution,6,2,4
25380,Flashhèart,draenor,192,paladin,retribution,6,2,4
25381,Ruttodidio,outland,192,paladin,retribution,6,2,4
25382,Тайела,gordunni,192,paladin,retribution,10,3,7
25383,Плат,gordunni,192,paladin,retribution,7,2,5
25384,Votiones,tarren-mill,192,paladin,retribution,7,2,5
25385,Aldèbaràn,pozzo-delleternità,192,paladin,retribution,11,3,8
25386,Holymolee,blackmoore,192,paladin,retribution,9,2,7
25387,Мунрейм,gordunni,192,paladin,retribution,12,2,10
25388,Muuclear,twisting-nether,192,paladin,retribution,12,2,10
25389,Ibubbleqt,outland,192,paladin,retribution,12,2,10
25390,Luzk,sanguino,192,paladin,retribution,12,2,10
25391,Hordium,doomhammer,192,paladin,retribution,12,2,10
25392,Lowfi,argent-dawn,192,paladin,retribution,12,2,10
25393,Mariuhûna,blackmoore,192,paladin,retribution,12,2,10
25394,Remedios,archimonde,192,paladin,retribution,12,2,10
25395,Paladinslaye,dun-modr,192,paladin,retribution,12,2,10
25396,Wigbilly,tarren-mill,192,paladin,retribution,12,2,10
25397,Leriell,ravencrest,192,paladin,retribution,12,2,10
25398,Tressðr,dun-modr,192,paladin,retribution,12,2,10
25399,Lightian,twisting-nether,192,paladin,retribution,12,2,10
25400,Lihli,wildhammer,192,paladin,retribution,12,2,10
25401,Svddendeäthx,ragnaros,192,paladin,retribution,12,2,10
25402,Zimmt,blackmoore,192,paladin,retribution,12,2,10
25403,ßlitzkrieg,blackmoore,192,paladin,retribution,12,2,10
25404,Docdoolittle,magtheridon,192,paladin,retribution,12,2,10
25405,Авараан,galakrond,192,paladin,retribution,12,2,10
25406,Erathör,sanguino,192,paladin,retribution,12,2,10
25407,Мэркес,fordragon,192,paladin,retribution,12,2,10
25408,Ijego,silvermoon,192,paladin,retribution,12,2,10
25409,Kesra,die-todeskrallen,192,paladin,retribution,12,2,10
25410,Chitanta,sylvanas,192,paladin,retribution,12,2,10
25411,Crawini,ragnaros,192,paladin,retribution,12,2,10
25412,Rhyua,eredar,192,paladin,retribution,12,2,10
25413,Tyrallan,ragnaros,192,paladin,retribution,12,2,10
25414,Berenguer,outland,192,paladin,retribution,12,2,10
25415,Cunix,draenor,192,paladin,retribution,12,2,10
25416,Палагэнг,howling-fjord,192,paladin,retribution,12,2,10
25417,Ragneal,hyjal,192,paladin,retribution,12,2,10
25418,Angeliqué,alakir,192,paladin,retribution,12,2,10
25419,Verix,thrall,192,paladin,retribution,12,2,10
25420,Samious,draenor,192,paladin,retribution,12,2,10
25421,Poloqq,burning-legion,192,paladin,retribution,12,2,10
25422,Ultravíolett,kargath,192,paladin,retribution,12,2,10
25423,Larialaya,thrall,192,paladin,retribution,12,2,10
25424,Лимфома,goldrinn,192,paladin,retribution,12,2,10
25425,Pârâsite,hyjal,192,paladin,retribution,12,2,10
25426,Reinwaltz,the-maelstrom,192,paladin,retribution,12,2,10
25427,Heavenfist,stormscale,192,paladin,retribution,12,2,10
25428,Djasuo,burning-blade,192,paladin,retribution,12,2,10
25429,Kökslaktarn,sylvanas,192,paladin,retribution,21,3,18
25430,Stillgard,ghostlands,192,paladin,retribution,15,2,13
25431,Cyxanacma,silvermoon,192,paladin,retribution,18,2,16
25432,Саламанлдрыч,soulflayer,192,paladin,retribution,18,2,16
25433,Onestone,wrathbringer,192,paladin,retribution,18,2,16
25434,Snakedubaby,blackrock,192,paladin,retribution,24,2,22
25435,Duckula,ravenholdt,191,paladin,retribution,6,2,4
25436,Derbrècher,azshara,191,paladin,retribution,6,2,4
25437,Palazs,ravencrest,191,paladin,retribution,6,2,4
25438,Zuklaus,hyjal,191,paladin,retribution,6,2,4
25439,Ordain,senjin,191,paladin,retribution,6,2,4
25440,Broziopath,blackrock,191,paladin,retribution,6,2,4
25441,Ruffus,magtheridon,191,paladin,retribution,6,2,4
25442,Lysân,eredar,191,paladin,retribution,6,2,4
25443,Arhu,stormscale,191,paladin,retribution,6,2,4
25444,Skullreaper,mannoroth,185,paladin,retribution,12,4,8
25445,Maitrelampe,argent-dawn,180,paladin,retribution,29,7,22
25446,Thelronis,kelthuzad,175,paladin,retribution,11,2,9
25447,Shoqzix,korgall,159,paladin,retribution,5,2,3
25448,Geronimooh,vashj,159,paladin,retribution,5,2,3
25449,Heiemdall,azuremyst,159,paladin,retribution,5,2,3
25450,Trístesse,tarren-mill,159,paladin,retribution,11,2,9
25451,Serita,archimonde,159,paladin,retribution,11,2,9
25452,Амнон,goldrinn,144,paladin,retribution,9,2,7
25453,Dodgemyhoj,kazzak,144,paladin,retribution,15,2,13
25454,Tayun,blackmoore,144,paladin,retribution,21,2,19
25455,Еребор,howling-fjord,143,paladin,retribution,15,2,13
25456,Braiinafk,thrall,138,paladin,retribution,6,3,3
25457,Скелфер,soulflayer,138,paladin,retribution,8,3,5
25458,Хочучерешни,lich-king,138,paladin,retribution,8,3,5
25459,Jesamine,blackmoore,138,paladin,retribution,9,3,6
25460,Gerisha,blackrock,138,paladin,retribution,9,3,6
25461,Qpax,twisting-nether,128,paladin,retribution,4,2,2
25462,Mouzimaru,tarren-mill,128,paladin,retribution,10,2,8
25463,Aalyaah,zirkel-des-cenarius,96,paladin,retribution,3,2,1
25464,Zenfuki,draenor,96,paladin,retribution,3,2,1
25465,Palamaister,stormscale,96,paladin,retribution,6,1,5
25466,Skarium,hyjal,96,paladin,retribution,6,1,5
25467,Vittosbubu,ravencrest,96,paladin,retribution,6,1,5
25468,Bigfatpig,ravencrest,96,paladin,retribution,6,1,5
25469,Dildodin,ravencrest,96,paladin,retribution,6,1,5
25470,Shabbyy,bronzebeard,96,paladin,retribution,6,1,5
25471,Steelrose,auchindoun,96,paladin,retribution,6,1,5
25472,Ragie,twisting-nether,96,paladin,retribution,6,1,5
25473,Жмышенко,gordunni,96,paladin,retribution,6,1,5
25474,Jehovaa,ragnaros,96,paladin,retribution,6,1,5
25475,Tifer,sanguino,96,paladin,retribution,6,1,5
25476,Notanother,ravencrest,96,paladin,retribution,6,1,5
25477,Fatalism,draenor,96,paladin,retribution,6,1,5
25478,Ilaris,amanthul,96,paladin,retribution,6,1,5
25479,Пилоттыч,gordunni,96,paladin,retribution,6,1,5
25480,Monmo,emerald-dream,96,paladin,retribution,6,1,5
25481,Battlelord,terokkar,96,paladin,retribution,6,1,5
25482,Humbatäterä,blackmoore,96,paladin,retribution,6,1,5
25483,Hegolas,terrordar,96,paladin,retribution,6,1,5
25484,Старыйграф,gordunni,96,paladin,retribution,6,1,5
25485,Kefalas,ravencrest,96,paladin,retribution,6,1,5
25486,Diggs,draenor,96,paladin,retribution,6,1,5
25487,Aluzza,sylvanas,96,paladin,retribution,6,1,5
25488,Miawyn,blackmoore,96,paladin,retribution,6,1,5
25489,Cazzanova,draenor,96,paladin,retribution,6,1,5
25490,Donpascualo,dun-modr,96,paladin,retribution,6,1,5
25491,Lezoom,draenor,96,paladin,retribution,6,1,5
25492,Wingzko,draenor,96,paladin,retribution,6,1,5
25493,Sínístre,hyjal,96,paladin,retribution,6,1,5
25494,Jezrien,khazgoroth,96,paladin,retribution,6,1,5
25495,Kimozabie,ravencrest,96,paladin,retribution,6,1,5
25496,Unkxd,outland,96,paladin,retribution,6,1,5
25497,Rekkt,ravenholdt,96,paladin,retribution,6,1,5
25498,Thaderyl,auchindoun,96,paladin,retribution,6,1,5
25499,Starcheto,silvermoon,96,paladin,retribution,6,1,5
25500,Taraniah,argent-dawn,96,paladin,retribution,6,1,5
25501,Sanctùs,argent-dawn,96,paladin,retribution,6,1,5
25502,Dumbala,ravencrest,96,paladin,retribution,6,1,5
25503,Stabilisator,blackrock,96,paladin,retribution,6,1,5
25504,Xblaj,draenor,96,paladin,retribution,6,1,5
25505,Zlätän,outland,96,paladin,retribution,6,1,5
25506,Dawnbringer,stormscale,96,paladin,retribution,6,1,5
25507,Vokesh,silvermoon,96,paladin,retribution,6,1,5
25508,Serberen,ravencrest,96,paladin,retribution,6,1,5
25509,Morninnstaar,kazzak,96,paladin,retribution,6,1,5
25510,Røse,argent-dawn,96,paladin,retribution,6,1,5
25511,Shanilia,argent-dawn,96,paladin,retribution,6,1,5
25512,Holyloa,laughing-skull,96,paladin,retribution,6,1,5
25513,Naska,nemesis,96,paladin,retribution,6,1,5
25514,Hyggë,sanguino,96,paladin,retribution,6,1,5
25515,Ansonia,ravencrest,96,paladin,retribution,6,1,5
25516,Thozne,cthun,96,paladin,retribution,6,1,5
25517,Хам,razuvious,96,paladin,retribution,6,1,5
25518,Хилтонепта,gordunni,96,paladin,retribution,6,1,5
25519,Healsgoodman,twisting-nether,96,paladin,retribution,6,1,5
25520,Equalizer,kilrogg,96,paladin,retribution,6,1,5
25521,Harvel,outland,96,paladin,retribution,6,1,5
25522,Methynox,khaz-modan,96,paladin,retribution,6,1,5
25523,Bobsing,silvermoon,96,paladin,retribution,6,1,5
25524,Brengier,dun-morogh,96,paladin,retribution,6,1,5
25525,Tozzey,defias-brotherhood,96,paladin,retribution,6,1,5
25526,Istani,twisting-nether,96,paladin,retribution,6,1,5
25527,Hølyshøckz,blackmoore,96,paladin,retribution,6,1,5
25528,Syfaria,eldrethalas,96,paladin,retribution,6,1,5
25529,Tíríón,nethersturm,96,paladin,retribution,6,1,5
25530,Dänie,silvermoon,96,paladin,retribution,6,1,5
25531,Traxxces,ravencrest,96,paladin,retribution,6,1,5
25532,Eylina,ragnaros,96,paladin,retribution,6,1,5
25533,Päyback,nagrand,96,paladin,retribution,6,1,5
25534,Ляпкин,fordragon,96,paladin,retribution,6,1,5
25535,Defuzes,twisting-nether,96,paladin,retribution,6,1,5
25536,Édèn,les-sentinelles,96,paladin,retribution,6,1,5
25537,Graphpora,argent-dawn,96,paladin,retribution,6,1,5
25538,Subzery,blackrock,96,paladin,retribution,6,1,5
25539,Brechtje,nagrand,96,paladin,retribution,6,1,5
25540,Bráders,thunderhorn,96,paladin,retribution,6,1,5
25541,Akagami,ysondre,96,paladin,retribution,6,1,5
25542,Oepabakkez,burning-legion,96,paladin,retribution,6,1,5
25543,Vonadams,ysondre,96,paladin,retribution,6,1,5
25544,Nijówka,burning-legion,96,paladin,retribution,6,1,5
25545,Karo,wildhammer,96,paladin,retribution,6,1,5
25546,Plasmadieter,blackrock,96,paladin,retribution,6,1,5
25547,Tamuz,chamber-of-aspects,96,paladin,retribution,6,1,5
25548,Zandathor,chamber-of-aspects,96,paladin,retribution,6,1,5
25549,Omranator,stormscale,96,paladin,retribution,6,1,5
25550,Késha,malganis,96,paladin,retribution,6,1,5
25551,Mystràs,khaz-modan,96,paladin,retribution,6,1,5
25552,Xôpâl,kazzak,96,paladin,retribution,6,1,5
25553,Kanollaras,tarren-mill,96,paladin,retribution,6,1,5
25554,Mèlow,dalaran,96,paladin,retribution,6,1,5
25555,Jûliâ,archimonde,96,paladin,retribution,6,1,5
25556,Týrone,blackrock,96,paladin,retribution,6,1,5
25557,Zeroskills,tarren-mill,96,paladin,retribution,6,1,5
25558,Pussas,burning-legion,96,paladin,retribution,6,1,5
25559,Holyhannes,blackmoore,96,paladin,retribution,6,1,5
25560,Wiiso,grim-batol,96,paladin,retribution,6,1,5
25561,Эльтарус,soulflayer,96,paladin,retribution,6,1,5
25562,Ellisdee,kazzak,96,paladin,retribution,6,1,5
25563,Sfantull,spinebreaker,96,paladin,retribution,6,1,5
25564,Яшкино,soulflayer,96,paladin,retribution,6,1,5
25565,Халва,deathguard,96,paladin,retribution,6,1,5
25566,Saiyaan,silvermoon,96,paladin,retribution,6,1,5
25567,Fraubest,antonidas,96,paladin,retribution,6,1,5
25568,Phlakorn,blackhand,96,paladin,retribution,6,1,5
25569,Hiilton,silvermoon,96,paladin,retribution,6,1,5
25570,Vindorus,archimonde,96,paladin,retribution,6,1,5
25571,Stealop,malfurion,96,paladin,retribution,6,1,5
25572,Amoxapine,hyjal,96,paladin,retribution,6,1,5
25573,Моррзито,soulflayer,96,paladin,retribution,6,1,5
25574,Paladzor,twisting-nether,96,paladin,retribution,6,1,5
25575,Évo,drakthul,96,paladin,retribution,6,1,5
25576,Styleez,blackrock,96,paladin,retribution,6,1,5
25577,Bergalerga,frostmane,96,paladin,retribution,6,1,5
25578,Блейзр,ashenvale,96,paladin,retribution,6,1,5
25579,Tibiscovus,silvermoon,96,paladin,retribution,6,1,5
25580,Destya,eredar,96,paladin,retribution,6,1,5
25581,Kambood,twisting-nether,96,paladin,retribution,6,1,5
25582,Aggressìon,twisting-nether,96,paladin,retribution,6,1,5
25583,Винзерг,ashenvale,96,paladin,retribution,6,1,5
25584,Nexo,bloodscalp,96,paladin,retribution,6,1,5
25585,Redmoo,tarren-mill,96,paladin,retribution,6,1,5
25586,Светиздырки,howling-fjord,96,paladin,retribution,6,1,5
25587,Kauto,aggra-português,96,paladin,retribution,6,1,5
25588,Highlòrd,silvermoon,96,paladin,retribution,6,1,5
25589,Azmocore,blackhand,96,paladin,retribution,6,1,5
25590,Brightboy,bronze-dragonflight,96,paladin,retribution,6,1,5
25591,Xrilled,stormreaver,96,paladin,retribution,6,1,5
25592,Flashyo,archimonde,96,paladin,retribution,6,1,5
25593,Крутикрит,goldrinn,96,paladin,retribution,6,1,5
25594,Bôomayé,archimonde,96,paladin,retribution,6,1,5
25595,Kaní,eredar,96,paladin,retribution,6,1,5
25596,Holyherb,the-maelstrom,96,paladin,retribution,6,1,5
25597,Taptreus,antonidas,96,paladin,retribution,6,1,5
25598,Friemelaar,silvermoon,96,paladin,retribution,6,1,5
25599,Celdrin,silvermoon,96,paladin,retribution,6,1,5
25600,Rataxes,stormreaver,96,paladin,retribution,6,1,5
25601,Amnell,marécage-de-zangar,96,paladin,retribution,6,1,5
25602,Sâfcon,eredar,96,paladin,retribution,7,1,6
25603,Borons,silvermoon,96,paladin,retribution,9,1,8
25604,Xvoodoo,antonidas,96,paladin,retribution,11,1,10
25605,Akinret,twisting-nether,96,paladin,retribution,12,1,11
25606,Lylu,aggramar,96,paladin,retribution,12,1,11
25607,Lokinder,pozzo-delleternità,96,paladin,retribution,12,1,11
25608,Sèrgàs,blackhand,96,paladin,retribution,12,1,11
25609,Sorannian,hyjal,96,paladin,retribution,12,1,11
25610,Zerosixsix,silvermoon,96,paladin,retribution,12,1,11
25611,Zyklôn,antonidas,96,paladin,retribution,12,1,11
25612,Dondadajr,ysondre,96,paladin,retribution,12,1,11
25613,Kavíár,kazzak,96,paladin,retribution,12,1,11
25614,Jayce,durotan,96,paladin,retribution,12,1,11
25615,Vali,burning-blade,96,paladin,retribution,12,1,11
25616,Kaelorian,silvermoon,96,paladin,retribution,12,1,11
25617,Nauy,korgall,96,paladin,retribution,12,1,11
25618,Jaexpaladin,draenor,96,paladin,retribution,12,1,11
25619,Purgator,sanguino,96,paladin,retribution,12,1,11
25620,Dawner,defias-brotherhood,96,paladin,retribution,12,1,11
25621,Charlybrown,archimonde,95,paladin,retribution,6,1,5
25622,Purpleháze,drekthar,83,paladin,retribution,11,6,5
25623,Albertina,silvermoon,79,paladin,retribution,5,1,4
25624,Rhauk,dun-modr,79,paladin,retribution,5,1,4
25625,Petitê,blackmoore,79,paladin,retribution,5,1,4
25626,Snobypala,onyxia,64,paladin,retribution,4,1,3
25627,Pastaflwras,twisting-nether,64,paladin,retribution,4,1,3
25628,Чиленикс,soulflayer,63,paladin,retribution,2,2,0
25629,Варкуш,soulflayer,48,paladin,retribution,3,1,2
25630,Leköngen,ravencrest,48,paladin,retribution,3,1,2
25631,Lafrogge,culte-de-la-rive-noire,48,paladin,retribution,3,1,2
25632,Reliikt,blackrock,48,paladin,retribution,3,1,2
25633,Doruk,stormscale,48,paladin,retribution,9,1,8
25634,Блейзблю,howling-fjord,42,paladin,retribution,8,2,6
25635,Alïstia,archimonde,42,paladin,retribution,10,2,8
25636,Böserbube,tarren-mill,42,paladin,retribution,13,2,11
25637,Tosuro,sunstrider,31,paladin,retribution,2,1,1
25638,Davidas,drakthul,16,paladin,retribution,1,1,0
25639,Ornsein,sylvanas,16,paladin,retribution,1,1,0
25640,Паланр,fordragon,16,paladin,retribution,1,1,0
25641,Exødius,sinstralis,16,paladin,retribution,1,1,0
25642,Arbuzno,draenor,1955,paladin,protection,72,53,19
25643,Âmba,blackrock,1751,paladin,protection,69,45,24
25644,Sterben,aegwynn,1750,paladin,protection,72,35,37
25645,Leotheron,boulderfist,1736,paladin,protection,180,114,66
25646,Sartshield,aerie-peak,1734,paladin,protection,54,34,20
25647,Гниленький,razuvious,1712,paladin,protection,29,20,9
25648,Justífiéd,kazzak,1683,paladin,protection,42,20,22
25649,Maximumtaste,ravencrest,1662,paladin,protection,30,22,8
25650,Statscowski,thrall,1662,paladin,protection,30,18,12
25651,Collinnawin,aegwynn,1661,paladin,protection,255,124,131
25652,Tippressure,ravencrest,1630,paladin,protection,40,26,14
25653,Sonnywalkman,twisting-nether,1620,paladin,protection,18,17,1
25654,Timbadin,frostwolf,1608,paladin,protection,41,28,13
25655,Elitest,hyjal,1560,paladin,protection,195,75,120
25656,Schrikii,archimonde,1556,paladin,protection,72,44,28
25657,Bariy,auchindoun,1550,paladin,protection,53,34,19
25658,Phlakorn,blackhand,1525,paladin,protection,48,29,19
25659,Supremerage,silvermoon,1507,paladin,protection,63,35,28
25660,Mocnyreka,silvermoon,1503,paladin,protection,65,37,28
25661,Силугор,soulflayer,1498,paladin,protection,48,26,22
25662,Gabubex,tarren-mill,1482,paladin,protection,135,83,52
25663,Haringoth,argent-dawn,1459,paladin,protection,66,35,31
25664,Uswieconyra,silvermoon,1459,paladin,protection,71,34,37
25665,Баибар,soulflayer,1436,paladin,protection,108,56,52
25666,Vivalabeef,stormscale,1431,paladin,protection,24,15,9
25667,Ðizzmo,bloodfeather,1421,paladin,protection,46,23,23
25668,Ðivine,stormscale,1418,paladin,protection,108,52,56
25669,Youness,ysondre,1416,paladin,protection,106,61,45
25670,Galevar,argent-dawn,1416,paladin,protection,134,65,69
25671,Lóu,hyjal,1404,paladin,protection,69,39,30
25672,Swiatlomiecz,silvermoon,1378,paladin,protection,48,18,30
25673,Medium,frostwolf,1362,paladin,protection,29,15,14
25674,Vangorn,burning-legion,1334,paladin,protection,58,29,29
25675,Shybia,kirin-tor,1327,paladin,protection,35,19,16
25676,Galadrion,dun-modr,1321,paladin,protection,23,14,9
25677,Milliemaître,elune,1313,paladin,protection,84,41,43
25678,Ichbin,sanguino,1312,paladin,protection,183,78,105
25679,Velkar,frostmane,1310,paladin,protection,124,63,61
25680,Zerhakz,ysondre,1310,paladin,protection,84,41,43
25681,Бранв,gordunni,1305,paladin,protection,54,30,24
25682,Jûstice,kirin-tor,1298,paladin,protection,134,63,71
25683,Leadfoot,argent-dawn,1286,paladin,protection,51,32,19
25684,Trufetteuh,hyjal,1283,paladin,protection,178,90,88
25685,Yunalêsca,mugthol,1274,paladin,protection,90,45,45
25686,Manupierre,ysondre,1270,paladin,protection,48,22,26
25687,Faranume,sylvanas,1227,paladin,protection,24,16,8
25688,Gaffel,dethecus,1223,paladin,protection,35,15,20
25689,Augroni,antonidas,1217,paladin,protection,111,48,63
25690,Valeriu,stormreaver,1205,paladin,protection,36,14,22
25691,Xrules,blackhand,1201,paladin,protection,47,21,26
25692,Celyne,kirin-tor,1180,paladin,protection,36,14,22
25693,Проц,soulflayer,1179,paladin,protection,54,20,34
25694,Flakkson,stormscale,1161,paladin,protection,89,31,58
25695,Sutbeyaz,twisting-nether,1144,paladin,protection,18,12,6
25696,Oldsqlmofu,blackrock,1142,paladin,protection,19,12,7
25697,Whiteraven,rexxar,1126,paladin,protection,24,12,12
25698,Helladin,haomarush,1102,paladin,protection,30,13,17
25699,Шмыгапал,eversong,1049,paladin,protection,26,11,15
25700,Vladium,argent-dawn,1046,paladin,protection,24,11,13
25701,Ragonas,mannoroth,1034,paladin,protection,30,11,19
25702,Lotheriem,argent-dawn,992,paladin,protection,42,11,31
25703,Толинель,soulflayer,990,paladin,protection,17,11,6
25704,Savión,silvermoon,957,paladin,protection,12,10,2
25705,Maeltesar,kult-der-verdammten,955,paladin,protection,13,10,3
25706,Yruqrem,ravencrest,768,paladin,protection,12,8,4
25707,Fumbz,alakir,767,paladin,protection,12,8,4
25708,Tíríón,nethersturm,763,paladin,protection,18,8,10
25709,Lägolas,thrall,701,paladin,protection,17,8,9
25710,Kraljevic,silvermoon,672,paladin,protection,12,7,5
25711,Ванябублгам,soulflayer,672,paladin,protection,18,7,11
25712,Rudra,kiljaeden,623,paladin,protection,11,7,4
25713,Emistesia,stormscale,576,paladin,protection,6,6,0
25714,Marihuána,ragnaros,576,paladin,protection,18,6,12
25715,Ekenpala,kazzak,575,paladin,protection,12,6,6
25716,Exion,ravenholdt,543,paladin,protection,11,6,5
25717,Arkera,blackrock,494,paladin,protection,19,6,13
25718,Onefrostyboi,defias-brotherhood,479,paladin,protection,12,5,7
25719,Такуан,fordragon,479,paladin,protection,12,5,7
25720,Quantox,frostwolf,478,paladin,protection,24,5,19
25721,Aarrb,sylvanas,438,paladin,protection,27,8,19
25722,Elkka,azjolnerub,415,paladin,protection,17,5,12
25723,Arkhàn,ravencrest,384,paladin,protection,6,4,2
25724,Testos,ulduar,384,paladin,protection,6,4,2
25725,Krispce,bloodhoof,384,paladin,protection,6,4,2
25726,Fleshoflight,arathor,384,paladin,protection,6,4,2
25727,Æåæxâëæ,dun-modr,384,paladin,protection,6,4,2
25728,Røse,argent-dawn,384,paladin,protection,12,4,8
25729,Figustyle,archimonde,318,paladin,protection,10,4,6
25730,Zuplex,deathwing,288,paladin,protection,6,3,3
25731,Thrinea,blackrock,288,paladin,protection,6,3,3
25732,Снайпик,azuregos,288,paladin,protection,6,3,3
25733,Æero,blackhand,288,paladin,protection,6,3,3
25734,Craft,frostwolf,288,paladin,protection,6,3,3
25735,Aümagad,confrérie-du-thorium,288,paladin,protection,6,3,3
25736,Swäagg,hyjal,288,paladin,protection,6,3,3
25737,Biffle,korgall,288,paladin,protection,12,3,9
25738,Kawakai,blackrock,287,paladin,protection,12,3,9
25739,Meneth,elune,240,paladin,protection,9,3,6
25740,Yourmomz,kazzak,239,paladin,protection,5,3,2
25741,Синерина,blackscar,192,paladin,protection,6,2,4
25742,Derina,silvermoon,192,paladin,protection,6,2,4
25743,Emakk,darksorrow,192,paladin,protection,6,2,4
25744,Ponce,los-errantes,192,paladin,protection,6,2,4
25745,Gornim,die-nachtwache,192,paladin,protection,6,2,4
25746,Khrak,conseil-des-ombres,192,paladin,protection,12,2,10
25747,Palacaplaca,cthun,175,paladin,protection,11,2,9
25748,Valädar,sanguino,159,paladin,protection,5,2,3
25749,Duxbellorum,the-maelstrom,96,paladin,protection,6,1,5
25750,Taptreus,antonidas,96,paladin,protection,6,1,5
25751,Чиксапомойка,gordunni,96,paladin,protection,6,1,5
25752,Lokinder,pozzo-delleternità,96,paladin,protection,12,1,11
25753,Thôrwald,les-sentinelles,96,paladin,protection,12,1,11
25754,Bobilous,twisting-nether,79,paladin,protection,5,1,4
25755,Солошафл,howling-fjord,42,paladin,protection,12,4,8
25756,Køzukï,ravencrest,2224,priest,holy,233,122,111
25757,Candrä,archimonde,2213,priest,holy,96,52,44
25758,Itsmeminglee,ravencrest,2143,priest,holy,132,68,64
25759,Leadeur,kazzak,2082,priest,holy,158,80,78
25760,Yötönyö,ravencrest,2043,priest,holy,60,32,28
25761,Lmnsqzy,ravencrest,2021,priest,holy,88,46,42
25762,Кальвейт,deathweaver,1967,priest,holy,175,86,89
25763,Cosines,ravencrest,1944,priest,holy,101,54,47
25764,Výra,der-rat-von-dalaran,1939,priest,holy,71,46,25
25765,Ladá,stormscale,1939,priest,holy,138,73,65
25766,Шотыказау,blackscar,1909,priest,holy,135,71,64
25767,Lenyp,sanguino,1902,priest,holy,138,71,67
25768,Boonlai,ravencrest,1897,priest,holy,47,25,22
25769,Grafius,stormscale,1885,priest,holy,48,26,22
25770,Carlitastock,eredar,1885,priest,holy,53,28,25
25771,Testdeath,ravencrest,1875,priest,holy,54,31,23
25772,Weezing,ysondre,1851,priest,holy,132,66,66
25773,Servêy,twisting-nether,1845,priest,holy,42,22,20
25774,Finizkram,sylvanas,1840,priest,holy,48,25,23
25775,Tangent,ravencrest,1837,priest,holy,182,96,86
25776,Dmnz,blackrock,1836,priest,holy,87,39,48
25777,Kaiikoo,ravencrest,1824,priest,holy,54,31,23
25778,Yateh,blackmoore,1824,priest,holy,62,32,30
25779,Катккат,soulflayer,1823,priest,holy,48,27,21
25780,Лоаресс,gordunni,1820,priest,holy,90,40,50
25781,Ancientalien,khadgar,1817,priest,holy,66,29,37
25782,Sayne,arathor,1815,priest,holy,168,91,77
25783,Maruh,malganis,1812,priest,holy,113,60,53
25784,Dmnz,antonidas,1811,priest,holy,40,22,18
25785,Eriónd,ravencrest,1811,priest,holy,66,34,32
25786,Kaalu,frostmane,1809,priest,holy,254,131,123
25787,Muchos,blackrock,1807,priest,holy,66,31,35
25788,Tmnstrtw,alakir,1806,priest,holy,102,48,54
25789,Lîrana,ravencrest,1803,priest,holy,136,82,54
25790,Teatime,aegwynn,1800,priest,holy,84,42,42
25791,Kunen,sanguino,1789,priest,holy,138,77,61
25792,Друмги,gordunni,1787,priest,holy,173,80,93
25793,Imbitterx,stormscale,1777,priest,holy,30,21,9
25794,Мамкалол,soulflayer,1776,priest,holy,126,65,61
25795,Stanyú,tarren-mill,1770,priest,holy,48,21,27
25796,Bigwik,tarren-mill,1764,priest,holy,77,36,41
25797,Basilette,hyjal,1761,priest,holy,48,27,21
25798,Holyholy,stormscale,1761,priest,holy,62,24,38
25799,Weezïng,ysondre,1742,priest,holy,108,60,48
25800,Siign,ravencrest,1740,priest,holy,72,32,40
25801,Гоплзнекст,gordunni,1726,priest,holy,360,183,177
25802,Servey,twisting-nether,1721,priest,holy,42,18,24
25803,Wåtrux,alakir,1718,priest,holy,351,185,166
25804,Myste,nemesis,1715,priest,holy,91,48,43
25805,Jim,saurfang,1711,priest,holy,257,127,130
25806,Stinkydog,kazzak,1710,priest,holy,301,153,148
25807,Anníng,tarren-mill,1708,priest,holy,186,108,78
25808,Pigdestroyin,frostmane,1701,priest,holy,66,38,28
25809,Dolens,argent-dawn,1699,priest,holy,112,55,57
25810,Sisko,stormscale,1699,priest,holy,66,32,34
25811,Эльдиремонт,gordunni,1698,priest,holy,60,27,33
25812,Meanbabe,argent-dawn,1683,priest,holy,48,22,26
25813,Phobò,blackrock,1678,priest,holy,89,42,47
25814,Gladíator,blackhand,1677,priest,holy,102,58,44
25815,Rippertmepls,ravencrest,1676,priest,holy,56,33,23
25816,Gokumødex,outland,1676,priest,holy,54,24,30
25817,Calithria,kazzak,1674,priest,holy,160,87,73
25818,Каткааткат,soulflayer,1674,priest,holy,48,23,25
25819,Dranbor,argent-dawn,1672,priest,holy,112,62,50
25820,Alpháømegá,outland,1671,priest,holy,99,51,48
25821,Fízwow,stormscale,1671,priest,holy,76,33,43
25822,Kÿokó,ravencrest,1670,priest,holy,72,40,32
25823,Fleischesser,ravencrest,1668,priest,holy,38,22,16
25824,Harmónia,outland,1667,priest,holy,104,55,49
25825,Psi,hakkar,1662,priest,holy,241,129,112
25826,Stickpas,ysondre,1661,priest,holy,41,18,23
25827,Jiffie,twisting-nether,1655,priest,holy,54,23,31
25828,Møhammed,wrathbringer,1654,priest,holy,185,93,92
25829,Oide,area-52,1653,priest,holy,54,28,26
25830,Câlyr,ragnaros,1647,priest,holy,48,21,27
25831,Ilenna,dun-morogh,1646,priest,holy,66,39,27
25832,Beatrixz,twisting-nether,1645,priest,holy,315,155,160
25833,Sausageboy,tarren-mill,1640,priest,holy,123,54,69
25834,Gøkumodex,tarren-mill,1639,priest,holy,46,22,24
25835,Løøney,kazzak,1638,priest,holy,48,30,18
25836,Budgetdp,archimonde,1623,priest,holy,78,33,45
25837,Malaki,ysondre,1618,priest,holy,62,34,28
25838,Xianxia,twisting-nether,1618,priest,holy,130,65,65
25839,Goytka,tarren-mill,1618,priest,holy,48,24,24
25840,Gnomemonk,stormscale,1618,priest,holy,150,74,76
25841,Eleutheria,grim-batol,1618,priest,holy,57,27,30
25842,Adare,sanguino,1618,priest,holy,48,22,26
25843,Xxmybaxxo,archimonde,1617,priest,holy,30,21,9
25844,Alchemïst,ravencrest,1617,priest,holy,46,21,25
25845,Smïlë,ravencrest,1616,priest,holy,204,102,102
25846,Coolwnbnamex,ravencrest,1614,priest,holy,36,19,17
25847,Sehlia,kazzak,1613,priest,holy,138,74,64
25848,Affro,drakthul,1613,priest,holy,54,27,27
25849,Shanya,thrall,1613,priest,holy,257,127,130
25850,Sïxsïxsïx,ravencrest,1613,priest,holy,43,21,22
25851,Shizzlol,silvermoon,1611,priest,holy,268,126,142
25852,Нубстрим,gordunni,1611,priest,holy,60,28,32
25853,Salvatíon,sanguino,1607,priest,holy,106,46,60
25854,Prëdz,stormscale,1606,priest,holy,238,129,109
25855,Найтингеилл,gordunni,1604,priest,holy,36,17,19
25856,Eox,kazzak,1602,priest,holy,42,23,19
25857,Joeasaurs,ragnaros,1602,priest,holy,106,51,55
25858,Zxø,ravencrest,1601,priest,holy,160,88,72
25859,Cleoana,blackhand,1600,priest,holy,42,23,19
25860,Çhéåtçødé,ravencrest,1594,priest,holy,72,33,39
25861,Anabananaa,ravencrest,1589,priest,holy,64,37,27
25862,Aykò,blackmoore,1588,priest,holy,90,42,48
25863,Dairox,blackrock,1584,priest,holy,143,77,66
25864,Anaqt,silvermoon,1579,priest,holy,87,49,38
25865,Koíré,defias-brotherhood,1578,priest,holy,241,129,112
25866,Dìsclol,draenor,1576,priest,holy,75,40,35
25867,Преттисмайл,gordunni,1576,priest,holy,193,89,104
25868,Dény,ravencrest,1573,priest,holy,102,56,46
25869,Инзора,gordunni,1573,priest,holy,117,63,54
25870,Xzklol,twisting-nether,1572,priest,holy,62,31,31
25871,Cølï,ravencrest,1572,priest,holy,55,25,30
25872,Highn,anetheron,1570,priest,holy,60,33,27
25873,Goofdookie,outland,1563,priest,holy,36,20,16
25874,Ksn,silvermoon,1563,priest,holy,104,53,51
25875,Overdosedtw,die-aldor,1561,priest,holy,36,24,12
25876,Elmaestrø,aegwynn,1558,priest,holy,48,25,23
25877,Phobò,antonidas,1545,priest,holy,170,79,91
25878,Senkín,aegwynn,1542,priest,holy,161,78,83
25879,Isadriel,madmortem,1541,priest,holy,52,31,21
25880,Zellita,ravencrest,1541,priest,holy,42,18,24
25881,Èlysium,grim-batol,1540,priest,holy,48,28,20
25882,Evabae,the-maelstrom,1537,priest,holy,54,29,25
25883,Hyonra,kazzak,1536,priest,holy,66,34,32
25884,Vregoa,twisting-nether,1532,priest,holy,36,17,19
25885,Aethanira,ravencrest,1532,priest,holy,60,27,33
25886,Seeyae,archimonde,1528,priest,holy,36,17,19
25887,Xzklolz,twisting-nether,1527,priest,holy,59,28,31
25888,Hiimgreen,blackhand,1525,priest,holy,84,38,46
25889,Dazé,ravencrest,1520,priest,holy,45,26,19
25890,Alizeé,nazjatar,1516,priest,holy,149,81,68
25891,Divinetouch,ravencrest,1516,priest,holy,78,35,43
25892,Кодис,gordunni,1515,priest,holy,18,16,2
25893,Ghettothug,darksorrow,1515,priest,holy,36,16,20
25894,Dokkaebì,kazzak,1514,priest,holy,135,67,68
25895,Mylini,silvermoon,1510,priest,holy,204,116,88
25896,Cartøøns,ravencrest,1506,priest,holy,66,39,27
25897,Thalane,das-konsortium,1504,priest,holy,48,23,25
25898,Wilby,archimonde,1503,priest,holy,48,21,27
25899,Voodoo,the-maelstrom,1502,priest,holy,108,46,62
25900,Fjonnski,blackmoore,1500,priest,holy,61,33,28
25901,Kubbarn,stormscale,1499,priest,holy,178,98,80
25902,Rines,thrall,1497,priest,holy,165,83,82
25903,Usw,outland,1496,priest,holy,69,23,46
25904,Заволончик,blackscar,1494,priest,holy,102,48,54
25905,Draster,blackrock,1490,priest,holy,53,28,25
25906,Karpiest,stormscale,1489,priest,holy,77,43,34
25907,Suxino,stormscale,1487,priest,holy,180,93,87
25908,Camina,shattered-hand,1486,priest,holy,75,39,36
25909,Эилинг,gordunni,1477,priest,holy,125,71,54
25910,Zlejkadlec,drakthul,1476,priest,holy,93,47,46
25911,Sïlvëräzz,drekthar,1472,priest,holy,53,25,28
25912,Maah,defias-brotherhood,1471,priest,holy,80,46,34
25913,Malkàv,hyjal,1467,priest,holy,30,17,13
25914,Symbolofhope,ravencrest,1465,priest,holy,201,105,96
25915,Sixtyseven,blackhand,1464,priest,holy,78,39,39
25916,Gratcrug,stormrage,1462,priest,holy,36,17,19
25917,Liquoriced,tarren-mill,1460,priest,holy,43,23,20
25918,Mcdeady,tarren-mill,1454,priest,holy,42,19,23
25919,Snåttabaias,stormscale,1451,priest,holy,35,19,16
25920,Hmanco,burning-legion,1449,priest,holy,233,128,105
25921,Mezegis,draenor,1449,priest,holy,48,26,22
25922,Ilkar,archimonde,1444,priest,holy,54,25,29
25923,Jaisuu,ravencrest,1439,priest,holy,30,15,15
25924,Sqwabblepee,stormscale,1438,priest,holy,53,27,26
25925,Lylska,stormreaver,1437,priest,holy,36,15,21
25926,Slakkieslak,archimonde,1435,priest,holy,67,39,28
25927,Иссатея,galakrond,1434,priest,holy,48,23,25
25928,Hoeneygodx,antonidas,1432,priest,holy,36,16,20
25929,Angrk,kazzak,1429,priest,holy,78,48,30
25930,Maerlene,nemesis,1426,priest,holy,42,25,17
25931,Fizzlesp,tarren-mill,1425,priest,holy,30,15,15
25932,Alphacub,ragnaros,1425,priest,holy,82,36,46
25933,Пингзеро,soulflayer,1423,priest,holy,136,65,71
25934,Bubbleup,defias-brotherhood,1421,priest,holy,119,66,53
25935,Алеброн,gordunni,1421,priest,holy,36,19,17
25936,Caihla,silvermoon,1421,priest,holy,30,15,15
25937,Fabs,laughing-skull,1419,priest,holy,61,39,22
25938,Lómesilme,dun-modr,1419,priest,holy,217,112,105
25939,Bilbobanging,aggramar,1419,priest,holy,30,15,15
25940,Kbakå,kazzak,1419,priest,holy,78,37,41
25941,Góldfinger,norgannon,1418,priest,holy,138,66,72
25942,Justheal,stormscale,1416,priest,holy,48,18,30
25943,Elunos,blackrock,1412,priest,holy,112,59,53
25944,Markianos,silvermoon,1412,priest,holy,114,58,56
25945,Dogshtpriest,ravencrest,1411,priest,holy,24,15,9
25946,Ankî,aegwynn,1411,priest,holy,30,15,15
25947,Nastylex,magtheridon,1410,priest,holy,24,15,9
25948,Мектран,gordunni,1408,priest,holy,54,27,27
25949,Kotipope,silvermoon,1407,priest,holy,36,16,20
25950,Hara,elune,1407,priest,holy,47,20,27
25951,Bifs,blackmoore,1405,priest,holy,50,32,18
25952,Scartay,outland,1405,priest,holy,29,15,14
25953,Blacklemons,thrall,1403,priest,holy,48,26,22
25954,Вакидзачи,gordunni,1402,priest,holy,209,105,104
25955,Neoark,archimonde,1397,priest,holy,164,83,81
25956,Elessee,the-maelstrom,1395,priest,holy,83,38,45
25957,Momopriesto,draenor,1395,priest,holy,42,17,25
25958,Nálá,nethersturm,1391,priest,holy,91,50,41
25959,Lädi,ravencrest,1390,priest,holy,78,43,35
25960,Rägà,archimonde,1388,priest,holy,85,46,39
25961,Womanwonderf,ravencrest,1388,priest,holy,65,31,34
25962,Phénylanine,khaz-modan,1387,priest,holy,254,130,124
25963,Delphina,archimonde,1386,priest,holy,201,108,93
25964,Virginmaris,sanguino,1380,priest,holy,89,51,38
25965,Veurjin,uldaman,1378,priest,holy,41,19,22
25966,Cøvu,draenor,1378,priest,holy,94,41,53
25967,Hyonzy,silvermoon,1377,priest,holy,123,63,60
25968,Zorea,twisting-nether,1374,priest,holy,72,36,36
25969,Hereticroka,ysondre,1374,priest,holy,56,26,30
25970,Madcole,blackhand,1371,priest,holy,85,43,42
25971,Konstigadan,twisting-nether,1369,priest,holy,56,26,30
25972,Seladine,ravencrest,1367,priest,holy,125,64,61
25973,Nomakprst,sanguino,1362,priest,holy,60,31,29
25974,Atiyesh,arthas,1360,priest,holy,216,115,101
25975,Tëmärï,ravencrest,1356,priest,holy,72,46,26
25976,Возхд,soulflayer,1356,priest,holy,48,27,21
25977,Certe,twisting-nether,1354,priest,holy,109,52,57
25978,Ebolaidman,ravencrest,1353,priest,holy,24,15,9
25979,Краббожий,greymane,1353,priest,holy,35,15,20
25980,Tyene,voljin,1351,priest,holy,95,53,42
25981,Owait,tarren-mill,1351,priest,holy,36,17,19
25982,Judâspriest,twisting-nether,1351,priest,holy,72,33,39
25983,Pridepriest,twisting-nether,1346,priest,holy,84,42,42
25984,Chibrausorus,archimonde,1340,priest,holy,64,33,31
25985,Moirgana,minahonda,1340,priest,holy,43,21,22
25986,Nino,gorgonnash,1335,priest,holy,66,30,36
25987,Tyrhaa,blackmoore,1334,priest,holy,163,81,82
25988,Midycine,ysondre,1333,priest,holy,169,85,84
25989,Ezechiel,twisting-nether,1331,priest,holy,47,28,19
25990,Ангеланика,gordunni,1330,priest,holy,29,18,11
25991,Fedorah,ragnaros,1330,priest,holy,114,63,51
25992,Orcid,chogall,1327,priest,holy,146,75,71
25993,Alú,draenor,1327,priest,holy,153,73,80
25994,Luxtrii,blackrock,1326,priest,holy,48,20,28
25995,Libetha,ysondre,1323,priest,holy,41,23,18
25996,Migam,kazzak,1321,priest,holy,60,27,33
25997,Hydraximus,garrosh,1319,priest,holy,531,260,271
25998,Bobitä,ravencrest,1318,priest,holy,30,15,15
25999,Alros,elune,1315,priest,holy,60,28,32
26000,Lasuora,nemesis,1315,priest,holy,60,26,34
26001,Davìna,sunstrider,1312,priest,holy,49,22,27
26002,Cherron,argent-dawn,1305,priest,holy,61,27,34
26003,Велост,gordunni,1303,priest,holy,54,27,27
26004,Stàrlîght,chants-éternels,1300,priest,holy,30,17,13
26005,Eurydike,blackrock,1297,priest,holy,64,37,27
26006,Åluneth,kazzak,1297,priest,holy,162,80,82
26007,Byzzi,draenor,1296,priest,holy,203,100,103
26008,Sodatsu,cthun,1284,priest,holy,30,15,15
26009,Papadrak,kazzak,1278,priest,holy,83,43,40
26010,Síuu,kazzak,1277,priest,holy,72,35,37
26011,Tomassur,drakthul,1276,priest,holy,103,52,51
26012,Draconux,terenas,1273,priest,holy,48,18,30
26013,Wintercurse,twisting-nether,1272,priest,holy,52,24,28
26014,Djdesha,tarren-mill,1272,priest,holy,35,16,19
26015,Zakhun,stormrage,1271,priest,holy,82,42,40
26016,Asare,outland,1269,priest,holy,124,66,58
26017,Ethery,argent-dawn,1266,priest,holy,65,33,32
26018,Lykarion,argent-dawn,1265,priest,holy,72,37,35
26019,Elynä,silvermoon,1261,priest,holy,70,44,26
26020,Tudiiheals,frostwolf,1261,priest,holy,91,48,43
26021,Lazheal,khaz-modan,1260,priest,holy,48,27,21
26022,Dôppler,archimonde,1256,priest,holy,23,14,9
26023,Yuhé,elune,1256,priest,holy,26,14,12
26024,Nosgot,earthen-ring,1251,priest,holy,66,32,34
26025,Shaniqua,saurfang,1250,priest,holy,102,53,49
26026,Soapie,defias-brotherhood,1249,priest,holy,24,14,10
26027,Zên,argent-dawn,1248,priest,holy,21,14,7
26028,Avelynn,ravencrest,1248,priest,holy,85,38,47
26029,Misscure,draenor,1247,priest,holy,130,59,71
26030,Holydolly,doomhammer,1246,priest,holy,36,22,14
26031,Maybelline,ravencrest,1245,priest,holy,48,23,25
26032,Jaz,ysondre,1245,priest,holy,54,25,29
26033,Catstretch,ravencrest,1243,priest,holy,95,39,56
26034,Badguymike,ragnaros,1239,priest,holy,24,13,11
26035,Бенигана,soulflayer,1239,priest,holy,48,25,23
26036,Emipriest,tarren-mill,1238,priest,holy,109,48,61
26037,Åzjol,magtheridon,1235,priest,holy,30,13,17
26038,Nerfnerf,kazzak,1232,priest,holy,51,27,24
26039,Pasqualz,ravencrest,1220,priest,holy,77,37,40
26040,Neenä,ravencrest,1214,priest,holy,50,25,25
26041,Dúréx,sanguino,1212,priest,holy,42,28,14
26042,Sohryø,drekthar,1212,priest,holy,42,22,20
26043,Маракеда,soulflayer,1202,priest,holy,35,14,21
26044,Хилтихон,howling-fjord,1200,priest,holy,42,26,16
26045,Скартэикс,howling-fjord,1200,priest,holy,42,20,22
26046,Copperplume,ravenholdt,1195,priest,holy,120,56,64
26047,Kbakå,stormscale,1193,priest,holy,65,27,38
26048,Benificent,argent-dawn,1192,priest,holy,76,38,38
26049,Иннерон,soulflayer,1191,priest,holy,227,113,114
26050,Lhyria,baelgun,1189,priest,holy,48,21,27
26051,Ripjuice,sylvanas,1182,priest,holy,72,38,34
26052,Карнотит,howling-fjord,1182,priest,holy,48,16,32
26053,Хасгерион,gordunni,1180,priest,holy,66,27,39
26054,Morrydin,stormreaver,1177,priest,holy,78,31,47
26055,Nykah,antonidas,1177,priest,holy,73,26,47
26056,Ниеса,lich-king,1174,priest,holy,110,52,58
26057,Jarnary,blackmoore,1171,priest,holy,75,33,42
26058,Голнар,deathguard,1168,priest,holy,32,15,17
26059,Torcena,garrosh,1166,priest,holy,141,70,71
26060,Avtarra,ravencrest,1166,priest,holy,52,24,28
26061,Meatyshaft,doomhammer,1166,priest,holy,51,19,32
26062,Dathlight,argent-dawn,1165,priest,holy,95,48,47
26063,Gloxina,argent-dawn,1160,priest,holy,96,43,53
26064,Nemista,hyjal,1160,priest,holy,70,26,44
26065,Voreno,alonsus,1160,priest,holy,53,18,35
26066,Sàweetie,archimonde,1151,priest,holy,24,12,12
26067,Lyla,frostwolf,1149,priest,holy,48,27,21
26068,Limeslayerx,veklor,1146,priest,holy,18,12,6
26069,Zrada,dalaran,1138,priest,holy,24,12,12
26070,Асггард,borean-tundra,1134,priest,holy,39,25,14
26071,Rastafaja,doomhammer,1133,priest,holy,83,34,49
26072,Andreel,ravencrest,1131,priest,holy,24,12,12
26073,Cazzîe,eredar,1129,priest,holy,18,12,6
26074,Kímbérléy,argent-dawn,1128,priest,holy,93,49,44
26075,Meowcakes,stormscale,1127,priest,holy,54,30,24
26076,Nou,aegwynn,1127,priest,holy,30,12,18
26077,Sücre,dalaran,1125,priest,holy,30,16,14
26078,Quatorze,voljin,1124,priest,holy,30,17,13
26079,Morphuz,tarren-mill,1117,priest,holy,138,62,76
26080,Eazzyy,kazzak,1115,priest,holy,27,12,15
26081,Крайл,blackscar,1109,priest,holy,52,12,40
26082,Penitence,drekthar,1108,priest,holy,32,13,19
26083,Mundwerk,malganis,1107,priest,holy,60,22,38
26084,Dotterin,draenor,1102,priest,holy,24,12,12
26085,Anàriel,elune,1100,priest,holy,42,16,26
26086,Balin,veklor,1096,priest,holy,27,12,15
26087,Holypowér,twisting-nether,1088,priest,holy,30,17,13
26088,Ломаюключики,gordunni,1081,priest,holy,45,22,23
26089,Türapea,draenor,1078,priest,holy,24,14,10
26090,Deeforce,argent-dawn,1072,priest,holy,97,53,44
26091,Crimatoriá,rajaxx,1069,priest,holy,42,22,20
26092,Xxanthos,ysondre,1065,priest,holy,125,70,55
26093,Ludriel,turalyon,1056,priest,holy,54,26,28
26094,Zen,talnivarr,1056,priest,holy,24,11,13
26095,Seanoob,turalyon,1055,priest,holy,18,11,7
26096,Луилэнс,howling-fjord,1055,priest,holy,18,11,7
26097,Boomixed,twisting-nether,1055,priest,holy,18,11,7
26098,Pandakhlys,ysondre,1055,priest,holy,24,11,13
26099,Штанга,blackscar,1055,priest,holy,29,12,17
26100,Cãlyr,ragnaros,1055,priest,holy,30,11,19
26101,Hotforus,silvermoon,1054,priest,holy,18,11,7
26102,Laewen,die-aldor,1054,priest,holy,45,22,23
26103,Тевтонка,goldrinn,1054,priest,holy,54,25,29
26104,Рейеан,soulflayer,1054,priest,holy,24,11,13
26105,Rehnstek,wildhammer,1054,priest,holy,30,11,19
26106,Uro,tirion,1053,priest,holy,30,11,19
26107,Elëkträ,dalaran,1051,priest,holy,18,11,7
26108,Elinaa,die-aldor,1050,priest,holy,24,11,13
26109,Penvon,ravencrest,1049,priest,holy,42,11,31
26110,Fareeya,thrall,1048,priest,holy,18,11,7
26111,Juco,draenor,1048,priest,holy,24,11,13
26112,Blazekk,sylvanas,1048,priest,holy,30,11,19
26113,Ageo,sanguino,1046,priest,holy,18,11,7
26114,Harlemsfnest,blackrock,1042,priest,holy,24,13,11
26115,Leyea,kazzak,1029,priest,holy,49,24,25
26116,Nathamo,archimonde,1028,priest,holy,24,11,13
26117,Haregnor,gorgonnash,1028,priest,holy,42,16,26
26118,Baabaak,frostmane,1026,priest,holy,57,34,23
26119,Swd,burning-blade,1023,priest,holy,28,11,17
26120,Orcü,tarren-mill,1020,priest,holy,48,21,27
26121,Touddixz,blackrock,1020,priest,holy,32,12,20
26122,Brigied,turalyon,1018,priest,holy,99,43,56
26123,Valdos,hyjal,1016,priest,holy,42,13,29
26124,Ankhepope,outland,1013,priest,holy,56,33,23
26125,Bierbändiger,blackhand,1013,priest,holy,29,11,18
26126,Lobogaust,kargath,1012,priest,holy,60,32,28
26127,Ptiteminette,archimonde,1012,priest,holy,26,12,14
26128,Kæos,blackrock,1011,priest,holy,73,31,42
26129,Asraje,eredar,1007,priest,holy,21,16,5
26130,Dampfwalze,nozdormu,1002,priest,holy,38,19,19
26131,Alloktonos,ravencrest,994,priest,holy,92,38,54
26132,Zerula,outland,990,priest,holy,42,21,21
26133,Covidios,twisting-nether,990,priest,holy,93,43,50
26134,Hipnotika,nemesis,988,priest,holy,53,18,35
26135,Narwarion,die-aldor,985,priest,holy,30,12,18
26136,Valtessian,medivh,983,priest,holy,69,33,36
26137,Naieli,antonidas,972,priest,holy,33,16,17
26138,Sickheals,doomhammer,966,priest,holy,42,24,18
26139,Siarai,pozzo-delleternità,964,priest,holy,43,21,22
26140,Maxý,ravencrest,963,priest,holy,42,18,24
26141,Yamai,thrall,960,priest,holy,24,10,14
26142,Десемин,deathguard,960,priest,holy,47,18,29
26143,Mcmuffin,runetotem,959,priest,holy,21,13,8
26144,Ksn,argent-dawn,959,priest,holy,24,10,14
26145,Xlhealscptn,arathor,959,priest,holy,60,19,41
26146,Mesticore,nethersturm,958,priest,holy,24,10,14
26147,Lenneyqt,blackmoore,958,priest,holy,24,10,14
26148,Byebee,stormscale,956,priest,holy,12,10,2
26149,Melodyn,silvermoon,956,priest,holy,24,10,14
26150,Rennic,stormscale,955,priest,holy,18,10,8
26151,Speltmor,stormscale,953,priest,holy,24,10,14
26152,Melancholly,thunderhorn,951,priest,holy,41,19,22
26153,Vickepriest,stormreaver,949,priest,holy,24,10,14
26154,Ayess,aegwynn,947,priest,holy,24,10,14
26155,Aureï,khaz-modan,938,priest,holy,24,10,14
26156,Discxqt,ysondre,924,priest,holy,14,11,3
26157,Archangel,terokkar,916,priest,holy,60,30,30
26158,Авэнсис,howling-fjord,913,priest,holy,36,14,22
26159,Thingsy,draenor,912,priest,holy,59,27,32
26160,Infinitiy,sylvanas,905,priest,holy,36,18,18
26161,Zêlestia,antonidas,905,priest,holy,22,11,11
26162,Ламедрис,gordunni,904,priest,holy,41,10,31
26163,Rahela,dun-modr,897,priest,holy,23,11,12
26164,Rhæveth,ravencrest,864,priest,holy,18,9,9
26165,Peisetti,stormscale,864,priest,holy,18,9,9
26166,Azeeza,stormscale,863,priest,holy,12,9,3
26167,Wèèzing,ysondre,863,priest,holy,12,9,3
26168,Âlolexx,archimonde,863,priest,holy,12,9,3
26169,Kalkudis,blackmoore,862,priest,holy,18,9,9
26170,Fatherliam,emerald-dream,862,priest,holy,24,9,15
26171,Faelvirin,aegwynn,861,priest,holy,18,9,9
26172,Killtrew,ravencrest,861,priest,holy,24,9,15
26173,Marey,blackmoore,860,priest,holy,24,9,15
26174,Athissa,draenor,857,priest,holy,18,9,9
26175,Холимыша,blackscar,856,priest,holy,18,9,9
26176,Omnissiiah,silvermoon,856,priest,holy,24,9,15
26177,Xal,drekthar,851,priest,holy,54,19,35
26178,Ayahuascarli,ravencrest,847,priest,holy,17,9,8
26179,Applecrumßle,ragnaros,840,priest,holy,18,9,9
26180,Beatla,khaz-modan,833,priest,holy,24,9,15
26181,Kanki,haomarush,828,priest,holy,60,25,35
26182,Eglantinna,ravencrest,809,priest,holy,14,10,4
26183,Gertie,blackhand,807,priest,holy,28,9,19
26184,Nokizzle,antonidas,795,priest,holy,14,9,5
26185,Evílz,tarren-mill,768,priest,holy,12,8,4
26186,Vyrá,der-rat-von-dalaran,768,priest,holy,12,8,4
26187,Dotzey,outland,768,priest,holy,12,8,4
26188,Vitae,gorgonnash,768,priest,holy,18,8,10
26189,Ltmp,ravencrest,768,priest,holy,18,8,10
26190,Heilop,kazzak,768,priest,holy,23,8,15
26191,Willxzz,silvermoon,768,priest,holy,24,8,16
26192,Ÿolo,nemesis,768,priest,holy,24,8,16
26193,Маквиэлла,howling-fjord,767,priest,holy,12,8,4
26194,Sak,uldaman,767,priest,holy,18,8,10
26195,Swdjack,blackrock,767,priest,holy,18,8,10
26196,Insaner,ahnqiraj,767,priest,holy,18,8,10
26197,Mianxpriest,tarren-mill,766,priest,holy,18,8,10
26198,Weedony,hyjal,766,priest,holy,18,8,10
26199,Knóld,draenor,766,priest,holy,24,8,16
26200,Krilight,sargeras,765,priest,holy,24,8,16
26201,Melissasky,ragnaros,760,priest,holy,60,22,38
26202,Båbak,frostmane,759,priest,holy,12,8,4
26203,Fratio,krasus,758,priest,holy,18,8,10
26204,Avinci,blackrock,757,priest,holy,18,8,10
26205,Blaulienchen,proudmoore,752,priest,holy,24,9,15
26206,Nakkenils,tarren-mill,751,priest,holy,17,8,9
26207,Besmrtna,saurfang,749,priest,holy,23,8,15
26208,Eternitiy,auchindoun,744,priest,holy,18,8,10
26209,Englishheart,auchindoun,734,priest,holy,17,8,9
26210,Adenisia,hyjal,733,priest,holy,19,9,10
26211,Iliridan,pozzo-delleternità,729,priest,holy,120,39,81
26212,Carbonic,khaz-modan,718,priest,holy,17,8,9
26213,Valentinus,dragonmaw,702,priest,holy,26,8,18
26214,Mélínâ,blackmoore,691,priest,holy,28,9,19
26215,Hølýðéåthjçç,tarren-mill,686,priest,holy,17,8,9
26216,Iiamx,antonidas,672,priest,holy,12,7,5
26217,Гшд,gordunni,672,priest,holy,12,7,5
26218,Ladderpolice,blackmoore,672,priest,holy,12,7,5
26219,Dødy,hyjal,672,priest,holy,12,7,5
26220,Jedimind,kazzak,672,priest,holy,12,7,5
26221,Darkoul,conseil-des-ombres,672,priest,holy,12,7,5
26222,Ainadaxz,ravencrest,672,priest,holy,12,7,5
26223,Willzah,outland,672,priest,holy,12,7,5
26224,Sehrhübsch,malygos,672,priest,holy,18,7,11
26225,Russianpvp,outland,672,priest,holy,18,7,11
26226,Simpadisco,ravencrest,672,priest,holy,18,7,11
26227,Valinoru,silvermoon,672,priest,holy,18,7,11
26228,Skíps,sylvanas,671,priest,holy,12,7,5
26229,Gintøníc,blackmoore,671,priest,holy,12,7,5
26230,Vibby,moonglade,671,priest,holy,18,7,11
26231,Zloop,tarren-mill,670,priest,holy,12,7,5
26232,Qazar,draenor,670,priest,holy,12,7,5
26233,Smolbøi,tarren-mill,670,priest,holy,24,7,17
26234,Dwano,balnazzar,669,priest,holy,12,7,5
26235,Nicksiz,silvermoon,669,priest,holy,18,7,11
26236,Zinary,silvermoon,667,priest,holy,18,7,11
26237,Ledarz,dun-morogh,658,priest,holy,12,7,5
26238,Sarafîsthole,ysondre,655,priest,holy,18,7,11
26239,Killtrewerty,stormscale,638,priest,holy,17,7,10
26240,Waycrest,ravencrest,614,priest,holy,14,8,6
26241,Kirvane,outland,610,priest,holy,15,8,7
26242,Sâtânica,kelthuzad,610,priest,holy,27,8,19
26243,Blâdes,gorgonnash,589,priest,holy,17,7,10
26244,Bij,outland,576,priest,holy,12,6,6
26245,Danina,outland,576,priest,holy,12,6,6
26246,Resuscitator,spinebreaker,576,priest,holy,12,6,6
26247,Darkoul,ravencrest,576,priest,holy,12,6,6
26248,Ahilarry,tarren-mill,576,priest,holy,12,6,6
26249,Nancey,draenor,576,priest,holy,12,6,6
26250,Priestok,archimonde,576,priest,holy,12,6,6
26251,Gigamind,blackrock,576,priest,holy,12,6,6
26252,Padisonpain,blackmoore,576,priest,holy,12,6,6
26253,Zoophobîa,stormscale,576,priest,holy,12,6,6
26254,Tavra,stormscale,576,priest,holy,18,6,12
26255,Мотд,gordunni,576,priest,holy,18,6,12
26256,Zuniya,tarren-mill,576,priest,holy,18,6,12
26257,Gød,magtheridon,576,priest,holy,24,6,18
26258,Hwren,auchindoun,575,priest,holy,12,6,6
26259,Waters,lightbringer,575,priest,holy,12,6,6
26260,Healiea,outland,575,priest,holy,18,6,12
26261,Dokurochan,tarren-mill,575,priest,holy,24,6,18
26262,Cayden,bloodfeather,573,priest,holy,12,6,6
26263,Sîanah,archimonde,572,priest,holy,18,6,12
26264,Spàgno,nemesis,571,priest,holy,18,6,12
26265,Proxypriest,the-maelstrom,571,priest,holy,20,6,14
26266,Drop,los-errantes,569,priest,holy,12,6,6
26267,Valves,saurfang,569,priest,holy,12,6,6
26268,Bloodelfoula,draenor,563,priest,holy,18,6,12
26269,Priestxx,twilights-hammer,543,priest,holy,11,6,5
26270,Rezzurrectum,doomhammer,527,priest,holy,15,6,9
26271,Dotreveal,ravencrest,521,priest,holy,20,7,13
26272,Ralek,hyjal,495,priest,holy,17,6,11
26273,Felaenna,argent-dawn,480,priest,holy,6,5,1
26274,Xytael,burning-legion,480,priest,holy,6,5,1
26275,Secundis,silvermoon,480,priest,holy,6,5,1
26276,Ogiez,sylvanas,480,priest,holy,12,5,7
26277,Velenthan,ragnaros,480,priest,holy,12,5,7
26278,Сказочки,gordunni,480,priest,holy,12,5,7
26279,Лайхтни,howling-fjord,480,priest,holy,12,5,7
26280,Onixa,tarren-mill,480,priest,holy,12,5,7
26281,Purist,arthas,480,priest,holy,12,5,7
26282,Testdeex,ravencrest,480,priest,holy,12,5,7
26283,Shâru,frostmourne,480,priest,holy,12,5,7
26284,Nýkah,antonidas,480,priest,holy,12,5,7
26285,Holymamba,silvermoon,480,priest,holy,12,5,7
26286,Darkoulito,dalaran,480,priest,holy,12,5,7
26287,Quiwzx,blackrock,480,priest,holy,12,5,7
26288,Enèr,hyjal,480,priest,holy,12,5,7
26289,Caz,cthun,480,priest,holy,12,5,7
26290,Mazeari,sylvanas,480,priest,holy,12,5,7
26291,Bamboleon,blackrock,480,priest,holy,12,5,7
26292,Jinxa,draenor,480,priest,holy,18,5,13
26293,Jagardoden,stormscale,480,priest,holy,18,5,13
26294,Letmehêal,archimonde,480,priest,holy,18,5,13
26295,Vannax,arygos,479,priest,holy,6,5,1
26296,Inzané,doomhammer,479,priest,holy,12,5,7
26297,Двакамня,soulflayer,479,priest,holy,12,5,7
26298,Árcadoom,quelthalas,479,priest,holy,12,5,7
26299,Chabbe,ragnaros,479,priest,holy,12,5,7
26300,Alaeddin,kazzak,479,priest,holy,24,5,19
26301,Amemiya,ragnaros,478,priest,holy,12,5,7
26302,Laxara,arthas,478,priest,holy,12,5,7
26303,Monetaria,das-syndikat,477,priest,holy,18,5,13
26304,Xaeo,burning-legion,477,priest,holy,26,5,21
26305,Naid,exodar,474,priest,holy,18,5,13
26306,Azaza,burning-legion,472,priest,holy,12,5,7
26307,Nannymcfee,stormscale,414,priest,holy,11,5,6
26308,Larisä,uldum,391,priest,holy,30,6,24
26309,Пристотян,gordunni,384,priest,holy,6,4,2
26310,Yredias,dalaran,384,priest,holy,6,4,2
26311,Yanclown,tarren-mill,384,priest,holy,6,4,2
26312,Arithon,blackrock,384,priest,holy,6,4,2
26313,Shannywen,nemesis,384,priest,holy,6,4,2
26314,Indrades,blackmoore,384,priest,holy,6,4,2
26315,Wasfürsaft,tarren-mill,384,priest,holy,6,4,2
26316,Daftî,twisting-nether,384,priest,holy,6,4,2
26317,Wixzyx,ravencrest,384,priest,holy,6,4,2
26318,Shanny,kazzak,384,priest,holy,6,4,2
26319,Experimentix,silvermoon,384,priest,holy,6,4,2
26320,Даймэн,gordunni,384,priest,holy,6,4,2
26321,Burnesenbois,chogall,384,priest,holy,6,4,2
26322,Ripperdepip,magtheridon,384,priest,holy,12,4,8
26323,Sayash,chamber-of-aspects,384,priest,holy,12,4,8
26324,Disillusíon,tarren-mill,384,priest,holy,12,4,8
26325,Zarez,stormscale,384,priest,holy,12,4,8
26326,Missdemerè,nemesis,384,priest,holy,12,4,8
26327,Flurri,tarren-mill,384,priest,holy,12,4,8
26328,Alshah,emerald-dream,384,priest,holy,12,4,8
26329,Egozyp,kazzak,384,priest,holy,12,4,8
26330,Clergy,hellfire,384,priest,holy,12,4,8
26331,Bebwaz,kazzak,384,priest,holy,12,4,8
26332,Aladriela,exodar,384,priest,holy,12,4,8
26333,Alterlight,twisting-nether,384,priest,holy,12,4,8
26334,Mydicine,ysondre,384,priest,holy,12,4,8
26335,Skytheory,eredar,384,priest,holy,13,4,9
26336,Кэндимен,gordunni,384,priest,holy,18,4,14
26337,Ømegagødx,outland,384,priest,holy,18,4,14
26338,Ðlcz,blackrock,384,priest,holy,18,4,14
26339,Virgosenpai,silvermoon,384,priest,holy,18,4,14
26340,Taint,khadgar,383,priest,holy,6,4,2
26341,Allwhitte,confrérie-du-thorium,383,priest,holy,6,4,2
26342,Ynnaria,blackmoore,383,priest,holy,12,4,8
26343,Harukaa,aggra-português,383,priest,holy,12,4,8
26344,Blackwidow,chromaggus,383,priest,holy,12,4,8
26345,Ruebi,blackmoore,383,priest,holy,12,4,8
26346,Protegee,draenor,383,priest,holy,18,4,14
26347,Hodza,frostmane,382,priest,holy,6,4,2
26348,Centauria,burning-legion,381,priest,holy,30,4,26
26349,Amanthus,draenor,377,priest,holy,16,6,10
26350,Эгнерия,eversong,367,priest,holy,17,4,13
26351,Nxtlvl,stormscale,352,priest,holy,10,5,5
26352,Pínacoladáqt,stormscale,352,priest,holy,10,4,6
26353,Apuessii,dun-modr,351,priest,holy,11,4,7
26354,Yayaxoxo,archimonde,330,priest,holy,15,5,10
26355,Åshlol,ravencrest,330,priest,holy,15,5,10
26356,Shyvi,ravencrest,319,priest,holy,5,4,1
26357,Zahadoom,stormscale,319,priest,holy,12,5,7
26358,Фионыч,blackscar,288,priest,holy,6,3,3
26359,Góli,argent-dawn,288,priest,holy,6,3,3
26360,Juicedmaboi,tarren-mill,288,priest,holy,6,3,3
26361,Drdiscospec,tarren-mill,288,priest,holy,6,3,3
26362,Jeboc,ravencrest,288,priest,holy,6,3,3
26363,Proteco,antonidas,288,priest,holy,6,3,3
26364,Tribz,kargath,288,priest,holy,6,3,3
26365,Vanadii,blackhand,288,priest,holy,6,3,3
26366,Carnacia,tarren-mill,288,priest,holy,6,3,3
26367,Ðoxy,frostmane,288,priest,holy,6,3,3
26368,Nimsi,ravencrest,288,priest,holy,6,3,3
26369,Ariyia,argent-dawn,288,priest,holy,6,3,3
26370,Aiewn,elune,288,priest,holy,6,3,3
26371,Pyropenance,twisting-nether,288,priest,holy,6,3,3
26372,Хексорик,howling-fjord,288,priest,holy,6,3,3
26373,Shmoly,stormscale,288,priest,holy,6,3,3
26374,Mcx,stormscale,288,priest,holy,6,3,3
26375,ßestworld,draenor,288,priest,holy,6,3,3
26376,Grindgames,pozzo-delleternità,288,priest,holy,6,3,3
26377,Hilerki,draenor,288,priest,holy,6,3,3
26378,Шанэкс,howling-fjord,288,priest,holy,6,3,3
26379,Namsolo,kazzak,288,priest,holy,6,3,3
26380,Tebzy,ravencrest,288,priest,holy,6,3,3
26381,Atremius,dragonmaw,288,priest,holy,6,3,3
26382,Arabpriest,draenor,288,priest,holy,6,3,3
26383,Aruna,ravencrest,288,priest,holy,6,3,3
26384,Bambus,shattered-hand,288,priest,holy,6,3,3
26385,Холихэйт,howling-fjord,288,priest,holy,6,3,3
26386,Alaelis,burning-legion,288,priest,holy,6,3,3
26387,Aïmée,ravencrest,288,priest,holy,6,3,3
26388,Миррен,gordunni,288,priest,holy,6,3,3
26389,Salzholy,malygos,288,priest,holy,6,3,3
26390,Alentissar,nemesis,288,priest,holy,6,3,3
26391,Redy,drakthul,288,priest,holy,6,3,3
26392,Holyheartx,argent-dawn,288,priest,holy,6,3,3
26393,Dathanosp,outland,288,priest,holy,6,3,3
26394,Novella,kult-der-verdammten,288,priest,holy,6,3,3
26395,Аржан,soulflayer,288,priest,holy,6,3,3
26396,Gimeurgold,destromath,288,priest,holy,6,3,3
26397,Dãrkmedic,silvermoon,288,priest,holy,6,3,3
26398,Sebbepriest,twisting-nether,288,priest,holy,10,3,7
26399,Nakali,the-maelstrom,288,priest,holy,12,3,9
26400,Quami,dun-modr,288,priest,holy,12,3,9
26401,Suili,twisting-nether,288,priest,holy,12,3,9
26402,Drminduskâ,ysondre,288,priest,holy,12,3,9
26403,Люблюкофе,deathguard,288,priest,holy,12,3,9
26404,Lurri,tarren-mill,288,priest,holy,12,3,9
26405,Daenaerys,dun-morogh,288,priest,holy,12,3,9
26406,Eihran,stormscale,288,priest,holy,12,3,9
26407,Javvi,sylvanas,288,priest,holy,12,3,9
26408,Farae,arathor,288,priest,holy,24,3,21
26409,Ларуса,gordunni,287,priest,holy,6,3,3
26410,Isiriah,archimonde,287,priest,holy,6,3,3
26411,Clerìc,argent-dawn,255,priest,holy,11,3,8
26412,Lr,aszune,240,priest,holy,9,3,6
26413,Methmakka,kazzak,239,priest,holy,5,3,2
26414,Azrpr,ravencrest,239,priest,holy,5,3,2
26415,Hunfall,stormscale,192,priest,holy,6,2,4
26416,Cheefto,blackmoore,192,priest,holy,6,2,4
26417,Pretzioso,nemesis,192,priest,holy,6,2,4
26418,Micix,tarren-mill,192,priest,holy,6,2,4
26419,Lahammy,kazzak,192,priest,holy,6,2,4
26420,Dertar,archimonde,192,priest,holy,6,2,4
26421,Frvrfridayy,stormscale,192,priest,holy,6,2,4
26422,Dami,defias-brotherhood,192,priest,holy,6,2,4
26423,Skryllette,archimonde,192,priest,holy,6,2,4
26424,Discobrill,silvermoon,192,priest,holy,6,2,4
26425,Priesless,sylvanas,192,priest,holy,6,2,4
26426,Wyez,blackmoore,192,priest,holy,6,2,4
26427,Асуартхас,gordunni,192,priest,holy,6,2,4
26428,Dangerfred,stormscale,192,priest,holy,6,2,4
26429,Llounal,silvermoon,192,priest,holy,6,2,4
26430,Noukeé,blackrock,192,priest,holy,6,2,4
26431,Ihefyehvjrm,ravencrest,192,priest,holy,6,2,4
26432,Eyllise,ragnaros,192,priest,holy,6,2,4
26433,Dîakon,antonidas,192,priest,holy,6,2,4
26434,Solaclypsa,destromath,192,priest,holy,6,2,4
26435,Troedelsuppe,destromath,192,priest,holy,6,2,4
26436,Notatrap,outland,192,priest,holy,6,2,4
26437,Djingischan,twisting-nether,192,priest,holy,6,2,4
26438,Jinxies,twisting-nether,192,priest,holy,6,2,4
26439,Ibunnyqt,aegwynn,192,priest,holy,6,2,4
26440,Yukirito,drakthul,192,priest,holy,6,2,4
26441,Krematorio,twisting-nether,192,priest,holy,6,2,4
26442,Xïâ,hyjal,192,priest,holy,6,2,4
26443,Sigor,hellfire,192,priest,holy,6,2,4
26444,Burnex,thrall,192,priest,holy,6,2,4
26445,Grøums,blackmoore,192,priest,holy,6,2,4
26446,Dinma,argent-dawn,192,priest,holy,6,2,4
26447,Soül,sylvanas,192,priest,holy,6,2,4
26448,Lutzki,the-maelstrom,192,priest,holy,6,2,4
26449,Prästpojken,frostwhisper,192,priest,holy,6,2,4
26450,Келебриана,deepholm,192,priest,holy,6,2,4
26451,Marrisa,khaz-modan,192,priest,holy,6,2,4
26452,Korzec,dun-modr,192,priest,holy,6,2,4
26453,Absórb,quelthalas,192,priest,holy,6,2,4
26454,Prästera,draenor,192,priest,holy,6,2,4
26455,Haxxøn,die-nachtwache,192,priest,holy,6,2,4
26456,Бранлор,howling-fjord,192,priest,holy,8,2,6
26457,Mayalolz,chogall,192,priest,holy,8,2,6
26458,Nøfear,tarren-mill,192,priest,holy,11,2,9
26459,Злыденькая,gordunni,192,priest,holy,12,2,10
26460,Hónòr,sylvanas,192,priest,holy,12,2,10
26461,Ittei,stormscale,192,priest,holy,12,2,10
26462,Køzøxîä,dalaran,192,priest,holy,12,2,10
26463,Гидранист,soulflayer,192,priest,holy,12,2,10
26464,Twh,outland,192,priest,holy,12,2,10
26465,Meynola,ysondre,191,priest,holy,6,2,4
26466,Bianchi,los-errantes,191,priest,holy,6,2,4
26467,Riogas,khaz-modan,191,priest,holy,12,2,10
26468,Safiira,argent-dawn,190,priest,holy,12,2,10
26469,Rankonejames,silvermoon,159,priest,holy,5,2,3
26470,Pinkfloydx,lightbringer,138,priest,holy,9,4,5
26471,Spae,twisting-nether,138,priest,holy,11,4,7
26472,Paterlurki,blackhand,138,priest,holy,10,3,7
26473,Пейлон,howling-fjord,137,priest,holy,10,4,6
26474,Mavisqt,draenor,128,priest,holy,4,2,2
26475,Ûñrêpørtablë,outland,96,priest,holy,3,2,1
26476,Remkoja,blackrock,96,priest,holy,6,1,5
26477,Tÿona,hyjal,96,priest,holy,6,1,5
26478,Kakuzuke,nemesis,96,priest,holy,6,1,5
26479,Peg,talnivarr,96,priest,holy,6,1,5
26480,Lujka,outland,96,priest,holy,6,1,5
26481,Goupillou,hyjal,96,priest,holy,6,1,5
26482,Shicu,blackmoore,96,priest,holy,6,1,5
26483,Superdude,stormscale,96,priest,holy,6,1,5
26484,Lasanka,sylvanas,96,priest,holy,6,1,5
26485,Laadyybirkee,blackhand,96,priest,holy,6,1,5
26486,Saheila,defias-brotherhood,96,priest,holy,6,1,5
26487,Isendriel,outland,96,priest,holy,6,1,5
26488,Rankoneprazt,stormscale,96,priest,holy,6,1,5
26489,Elfhelp,ravencrest,96,priest,holy,6,1,5
26490,Wísp,die-aldor,96,priest,holy,6,1,5
26491,Venomrush,ravencrest,96,priest,holy,6,1,5
26492,Яестькенни,soulflayer,96,priest,holy,6,1,5
26493,Jaatjak,ravencrest,96,priest,holy,6,1,5
26494,Lâughing,ravencrest,96,priest,holy,6,1,5
26495,Spoc,blackrock,96,priest,holy,6,1,5
26496,Эллвинг,howling-fjord,96,priest,holy,6,1,5
26497,Kipnuggetz,burning-legion,96,priest,holy,6,1,5
26498,Borá,twisting-nether,96,priest,holy,6,1,5
26499,Pattie,ragnaros,96,priest,holy,6,1,5
26500,Nuph,ravencrest,96,priest,holy,6,1,5
26501,Jaesabøyx,twisting-nether,96,priest,holy,6,1,5
26502,Slêq,antonidas,96,priest,holy,6,1,5
26503,Батлджес,gordunni,96,priest,holy,6,1,5
26504,Vierfingerjo,eredar,96,priest,holy,6,1,5
26505,Ximenia,eredar,96,priest,holy,6,1,5
26506,Сакредлайв,gordunni,96,priest,holy,6,1,5
26507,Bowie,frostwhisper,96,priest,holy,6,1,5
26508,Eloundir,dalaran,96,priest,holy,6,1,5
26509,Ylenae,twisting-nether,96,priest,holy,6,1,5
26510,Herwin,twisting-nether,96,priest,holy,6,1,5
26511,Mauralin,zirkel-des-cenarius,96,priest,holy,6,1,5
26512,Systerstål,twisting-nether,96,priest,holy,6,1,5
26513,Iirina,draenor,96,priest,holy,6,1,5
26514,Wrongwrong,draenor,96,priest,holy,6,1,5
26515,Myrrha,les-sentinelles,96,priest,holy,6,1,5
26516,Itstooney,doomhammer,96,priest,holy,6,1,5
26517,Zongiz,azjolnerub,96,priest,holy,6,1,5
26518,Kasáya,thrall,96,priest,holy,14,2,12
26519,Doublehealix,argent-dawn,96,priest,holy,12,1,11
26520,Felvytwo,stormscale,96,priest,holy,12,1,11
26521,Plaguestrike,darkspear,96,priest,holy,12,1,11
26522,Kæzm,blackrock,96,priest,holy,12,1,11
26523,Onlyfans,burning-steppes,96,priest,holy,12,1,11
26524,Åme,kirin-tor,96,priest,holy,12,1,11
26525,Mswagner,outland,79,priest,holy,5,1,4
26526,Freshpope,ravencrest,48,priest,holy,3,1,2
26527,Darkyos,azshara,42,priest,holy,6,2,4
26528,Tabítha,blackrock,42,priest,holy,9,2,7
26529,Priestyo,blackrock,42,priest,holy,10,2,8
26530,Bøij,pozzo-delleternità,42,priest,holy,10,2,8
26531,Madvortexe,kazzak,16,priest,holy,1,1,0
26532,Gaalonikus,blackmoore,2235,priest,discipline,92,54,38
26533,Vanostsp,kazzak,2230,priest,discipline,102,56,46
26534,Prêtresacré,archimonde,2211,priest,discipline,83,48,35
26535,Jayti,ravencrest,2205,priest,discipline,115,65,50
26536,Èfflux,ravencrest,2172,priest,discipline,86,54,32
26537,Jackiqt,nemesis,2161,priest,discipline,119,77,42
26538,Bedfirez,ravencrest,2161,priest,discipline,211,122,89
26539,Dripcheck,draenor,2138,priest,discipline,289,155,134
26540,Jtî,ravencrest,2134,priest,discipline,72,47,25
26541,Saentainen,kazzak,2133,priest,discipline,95,68,27
26542,Cylizx,stormscale,2133,priest,discipline,114,62,52
26543,Moonriver,archimonde,2132,priest,discipline,66,39,27
26544,Jaywie,twisting-nether,2132,priest,discipline,156,79,77
26545,Artle,sanguino,2131,priest,discipline,83,44,39
26546,Efflúx,ravencrest,2128,priest,discipline,124,71,53
26547,Azrpr,ravencrest,2128,priest,discipline,82,45,37
26548,Релакз,soulflayer,2124,priest,discipline,120,66,54
26549,Vengefulmaze,ravencrest,2124,priest,discipline,108,55,53
26550,Rébörn,tarren-mill,2123,priest,discipline,71,44,27
26551,Hukkuvahirvi,ravencrest,2122,priest,discipline,99,50,49
26552,Jidammy,ravencrest,2120,priest,discipline,80,41,39
26553,Деадхостх,soulflayer,2117,priest,discipline,72,46,26
26554,Jacknapier,kazzak,2117,priest,discipline,66,39,27
26555,Rñd,ravencrest,2117,priest,discipline,78,40,38
26556,Kleot,ragnaros,2116,priest,discipline,327,173,154
26557,Voxtwo,blackrock,2114,priest,discipline,66,41,25
26558,Pheen,kazzak,2108,priest,discipline,221,121,100
26559,Leahbtw,ravencrest,2106,priest,discipline,150,85,65
26560,Sfÿ,ysondre,2106,priest,discipline,84,43,41
26561,Blessedmix,korgall,2105,priest,discipline,84,48,36
26562,Swdswdswdswd,blackmoore,2105,priest,discipline,94,51,43
26563,Wetnpuffy,ravencrest,2104,priest,discipline,274,145,129
26564,Klonyaryk,ravencrest,2100,priest,discipline,78,47,31
26565,Øbserverx,stormscale,2100,priest,discipline,114,61,53
26566,Мамкалол,soulflayer,2096,priest,discipline,288,150,138
26567,Chasx,ravencrest,2089,priest,discipline,124,61,63
26568,Sèco,sylvanas,2085,priest,discipline,84,44,40
26569,Gudóngmae,ravencrest,2076,priest,discipline,48,32,16
26570,Luxurygirl,nemesis,2076,priest,discipline,54,35,19
26571,Duckiethotx,ragnaros,2070,priest,discipline,78,40,38
26572,Kangaroogodx,ravencrest,2070,priest,discipline,126,62,64
26573,Holypoppa,ravencrest,2063,priest,discipline,181,93,88
26574,Twinkboyx,ragnaros,2060,priest,discipline,129,66,63
26575,Mentalboom,emerald-dream,2060,priest,discipline,185,94,91
26576,Prästpåven,stormscale,2059,priest,discipline,60,36,24
26577,Shøy,nemesis,2051,priest,discipline,222,113,109
26578,Råcòøñ,ravencrest,2049,priest,discipline,103,49,54
26579,Izzý,antonidas,2044,priest,discipline,78,47,31
26580,Boltygnome,blades-edge,2044,priest,discipline,72,43,29
26581,Loví,twisting-nether,2043,priest,discipline,83,43,40
26582,Asanti,die-aldor,2041,priest,discipline,240,137,103
26583,Plsdontnerf,onyxia,2039,priest,discipline,95,55,40
26584,Imprøved,outland,2036,priest,discipline,102,70,32
26585,Rhâpsødy,ravencrest,2033,priest,discipline,107,65,42
26586,Unréål,ravencrest,2033,priest,discipline,186,92,94
26587,Duckiethot,twisting-nether,2031,priest,discipline,166,81,85
26588,Билетлолпро,borean-tundra,2029,priest,discipline,232,113,119
26589,Bindw,tarren-mill,2025,priest,discipline,41,22,19
26590,Reflector,sunstrider,2025,priest,discipline,93,44,49
26591,Faithz,ragnaros,2023,priest,discipline,84,39,45
26592,Mavisqt,draenor,2022,priest,discipline,108,58,50
26593,Crinji,blackmoore,2021,priest,discipline,157,77,80
26594,Dakystepmom,stormreaver,2017,priest,discipline,119,57,62
26595,Гопикзашквар,blackscar,2017,priest,discipline,104,47,57
26596,Priestqtx,kelthuzad,2016,priest,discipline,60,34,26
26597,Wet,twisting-nether,2015,priest,discipline,90,41,49
26598,Gerryqt,draenor,2013,priest,discipline,72,38,34
26599,Villagebike,shadowsong,2012,priest,discipline,42,22,20
26600,Ananous,hyjal,2011,priest,discipline,151,84,67
26601,Timbsheal,tarren-mill,2011,priest,discipline,138,72,66
26602,Разрухаз,gordunni,2011,priest,discipline,95,48,47
26603,Lloreen,ravencrest,2010,priest,discipline,90,49,41
26604,Trialight,ravencrest,2009,priest,discipline,89,57,32
26605,Фастэксп,razuvious,2008,priest,discipline,263,135,128
26606,Nêxt,ravencrest,2007,priest,discipline,102,67,35
26607,Ävbmârsík,kazzak,2006,priest,discipline,143,80,63
26608,Shmoly,stormscale,2006,priest,discipline,97,50,47
26609,Хомячпочка,gordunni,2003,priest,discipline,76,40,36
26610,Tanlytwo,ravencrest,2003,priest,discipline,76,38,38
26611,Underdogx,eredar,2002,priest,discipline,551,282,269
26612,Thelïght,ravencrest,2002,priest,discipline,135,64,71
26613,Shadothat,turalyon,1997,priest,discipline,84,47,37
26614,Ðontargueok,blackmoore,1996,priest,discipline,90,50,40
26615,Nothappy,ragnaros,1996,priest,discipline,66,32,34
26616,Mentalist,dun-modr,1995,priest,discipline,159,76,83
26617,Vajadisc,twisting-nether,1993,priest,discipline,130,56,74
26618,Yânux,aegwynn,1991,priest,discipline,91,50,41
26619,Хомяктьмы,gordunni,1991,priest,discipline,108,57,51
26620,Stavfel,stormscale,1990,priest,discipline,117,63,54
26621,Ltr,tarren-mill,1987,priest,discipline,49,31,18
26622,Dabalthazar,ravencrest,1985,priest,discipline,163,83,80
26623,Нтти,soulflayer,1984,priest,discipline,72,42,30
26624,Neverdome,ravencrest,1980,priest,discipline,294,156,138
26625,Dpriesta,aegwynn,1979,priest,discipline,88,52,36
26626,Synxii,ravencrest,1978,priest,discipline,88,43,45
26627,Acondisc,kazzak,1977,priest,discipline,76,43,33
26628,Ekman,twisting-nether,1977,priest,discipline,128,67,61
26629,Jagardoden,stormscale,1975,priest,discipline,71,42,29
26630,Oioiio,kazzak,1975,priest,discipline,84,42,42
26631,Sinetrax,tarren-mill,1973,priest,discipline,96,57,39
26632,Clapped,ravencrest,1973,priest,discipline,78,38,40
26633,Mercilégion,sargeras,1971,priest,discipline,66,34,32
26634,Sleepypriest,frostmane,1970,priest,discipline,54,31,23
26635,Lyrvanax,ravencrest,1970,priest,discipline,229,113,116
26636,Ziknait,sargeras,1967,priest,discipline,54,34,20
26637,Eukmassus,archimonde,1964,priest,discipline,82,43,39
26638,Djsüssi,frostwolf,1963,priest,discipline,163,76,87
26639,Eau,quelthalas,1962,priest,discipline,124,60,64
26640,Zularia,rexxar,1960,priest,discipline,126,68,58
26641,Lyrvatwo,ravencrest,1959,priest,discipline,49,31,18
26642,Kâiøxx,outland,1958,priest,discipline,228,120,108
26643,Spinebuster,frostwolf,1958,priest,discipline,78,38,40
26644,Mainputa,pozzo-delleternità,1952,priest,discipline,82,38,44
26645,Scortie,blackrock,1951,priest,discipline,61,33,28
26646,Rlyeh,argent-dawn,1949,priest,discipline,65,35,30
26647,Klered,ragnaros,1948,priest,discipline,82,51,31
26648,Алинкалол,howling-fjord,1948,priest,discipline,162,96,66
26649,Salvinia,kelthuzad,1948,priest,discipline,114,57,57
26650,Primayodbain,archimonde,1947,priest,discipline,58,33,25
26651,Önnÿ,dun-modr,1945,priest,discipline,131,66,65
26652,Onyoureyebal,vashj,1944,priest,discipline,126,61,65
26653,Rhauru,tyrande,1944,priest,discipline,110,48,62
26654,Kekkons,sylvanas,1941,priest,discipline,119,61,58
26655,Ebuglatatrov,ravencrest,1941,priest,discipline,120,57,63
26656,Místerbiceps,outland,1940,priest,discipline,95,48,47
26657,Concetto,nazjatar,1939,priest,discipline,48,27,21
26658,Puckhorde,outland,1938,priest,discipline,96,59,37
26659,Mysterymucus,draenor,1938,priest,discipline,102,61,41
26660,Porkhunt,stormscale,1938,priest,discipline,90,52,38
26661,Senga,kazzak,1937,priest,discipline,78,38,40
26662,Summerfinn,ravencrest,1937,priest,discipline,93,44,49
26663,Бенджаминлол,blackscar,1934,priest,discipline,60,27,33
26664,Demora,ysondre,1930,priest,discipline,54,34,20
26665,Свэпи,blackscar,1929,priest,discipline,65,34,31
26666,Rngånxiety,ravencrest,1927,priest,discipline,106,54,52
26667,Mswagner,outland,1926,priest,discipline,65,36,29
26668,Psyheea,stormscale,1926,priest,discipline,139,62,77
26669,Лёнятреппер,blackscar,1925,priest,discipline,183,102,81
26670,Ilumiinatrix,dun-modr,1925,priest,discipline,603,297,306
26671,Uwuslayerx,stormscale,1922,priest,discipline,71,37,34
26672,Akaria,kelthuzad,1922,priest,discipline,66,30,36
26673,Arthezz,ravencrest,1920,priest,discipline,92,50,42
26674,Sharkouly,blackmoore,1920,priest,discipline,54,27,27
26675,Фанпау,soulflayer,1919,priest,discipline,72,34,38
26676,Niniell,blackmoore,1915,priest,discipline,66,43,23
26677,Comedii,blackmoore,1915,priest,discipline,441,227,214
26678,Shinjicum,kazzak,1914,priest,discipline,243,139,104
26679,Nirvz,silvermoon,1913,priest,discipline,78,56,22
26680,Dermaul,kazzak,1913,priest,discipline,42,24,18
26681,Healseri,defias-brotherhood,1912,priest,discipline,210,107,103
26682,Infamoussftw,drakthul,1912,priest,discipline,270,130,140
26683,Eestpr,tarren-mill,1908,priest,discipline,69,37,32
26684,Лайбаси,howling-fjord,1905,priest,discipline,48,24,24
26685,Hampådenbååd,kazzak,1905,priest,discipline,54,26,28
26686,Georgeshxx,ravencrest,1903,priest,discipline,95,50,45
26687,Flongoletta,xavius,1903,priest,discipline,120,62,58
26688,Aist,ragnaros,1902,priest,discipline,78,34,44
26689,Невертрикахд,gordunni,1901,priest,discipline,89,42,47
26690,Kevinsorbo,destromath,1899,priest,discipline,66,35,31
26691,Bigextendo,blackmoore,1899,priest,discipline,144,76,68
26692,Donvyto,blackmoore,1899,priest,discipline,48,24,24
26693,Maxfly,archimonde,1898,priest,discipline,54,29,25
26694,Rîeka,antonidas,1897,priest,discipline,83,40,43
26695,Verti,outland,1896,priest,discipline,106,50,56
26696,Галюхах,soulflayer,1895,priest,discipline,48,25,23
26697,Kêkwshádêzz,blackmoore,1895,priest,discipline,54,27,27
26698,Citadelle,blackmoore,1894,priest,discipline,83,48,35
26699,Potatojuicer,argent-dawn,1894,priest,discipline,135,68,67
26700,Discishârd,ravencrest,1893,priest,discipline,117,60,57
26701,Fearxyz,aegwynn,1891,priest,discipline,66,34,32
26702,Разорлайтх,gordunni,1890,priest,discipline,29,21,8
26703,ßrb,sylvanas,1888,priest,discipline,174,98,76
26704,Wangewover,ravencrest,1888,priest,discipline,147,82,65
26705,Xghj,sylvanas,1887,priest,discipline,72,36,36
26706,Lolylights,tarren-mill,1885,priest,discipline,168,83,85
26707,Voideffsucks,stormscale,1881,priest,discipline,60,32,28
26708,Tazn,thrall,1880,priest,discipline,42,23,19
26709,Syreet,silvermoon,1880,priest,discipline,410,209,201
26710,Merylle,ragnaros,1880,priest,discipline,60,29,31
26711,Aeogon,kazzak,1880,priest,discipline,161,72,89
26712,Sathie,ravencrest,1879,priest,discipline,66,33,33
26713,Goldensp,sanguino,1878,priest,discipline,81,47,34
26714,Entenpanda,kazzak,1877,priest,discipline,86,49,37
26715,Evpisces,archimonde,1875,priest,discipline,305,149,156
26716,Secø,sylvanas,1873,priest,discipline,42,22,20
26717,Elethia,blackmoore,1872,priest,discipline,38,21,17
26718,Yeetedmycat,stormscale,1872,priest,discipline,66,34,32
26719,Imsaltyxd,tarren-mill,1871,priest,discipline,66,39,27
26720,Maybeexp,ravencrest,1871,priest,discipline,42,23,19
26721,Mafakor,ravencrest,1871,priest,discipline,297,150,147
26722,Svakkanxd,kazzak,1871,priest,discipline,70,33,37
26723,Cdïs,tyrande,1870,priest,discipline,54,36,18
26724,Rpriest,outland,1870,priest,discipline,60,34,26
26725,Egî,azshara,1870,priest,discipline,42,20,22
26726,Depridolens,argent-dawn,1869,priest,discipline,42,27,15
26727,Limerençe,ravencrest,1869,priest,discipline,44,25,19
26728,Интеллиджент,gordunni,1868,priest,discipline,42,24,18
26729,ßlinkytwinky,outland,1868,priest,discipline,42,22,20
26730,Zhadow,outland,1868,priest,discipline,150,78,72
26731,Nalakis,archimonde,1866,priest,discipline,115,67,48
26732,Elsuzette,hyjal,1866,priest,discipline,58,30,28
26733,Saniqt,kazzak,1865,priest,discipline,57,35,22
26734,Eliriya,thrall,1865,priest,discipline,282,146,136
26735,Phosdia,festung-der-stürme,1864,priest,discipline,36,24,12
26736,Painchampion,draenor,1864,priest,discipline,54,23,31
26737,Asdfghqwezxc,twisting-nether,1863,priest,discipline,65,35,30
26738,Neffty,aegwynn,1863,priest,discipline,138,73,65
26739,Прощайдуде,gordunni,1863,priest,discipline,65,34,31
26740,Asyncx,ravencrest,1862,priest,discipline,68,35,33
26741,Бенджаминлол,deathguard,1861,priest,discipline,66,33,33
26742,Свдпро,soulflayer,1861,priest,discipline,150,70,80
26743,Pricemg,thrall,1860,priest,discipline,48,29,19
26744,Debeo,ragnaros,1860,priest,discipline,133,74,59
26745,Flao,ravencrest,1860,priest,discipline,52,28,24
26746,Кошечка,deathguard,1860,priest,discipline,41,21,20
26747,Thalanas,ravencrest,1859,priest,discipline,158,90,68
26748,Sublab,kazzak,1859,priest,discipline,60,33,27
26749,Listrix,frostmane,1859,priest,discipline,138,67,71
26750,Artìst,ravencrest,1858,priest,discipline,30,20,10
26751,Мефодийприст,howling-fjord,1858,priest,discipline,102,62,40
26752,Wernou,archimonde,1858,priest,discipline,48,29,19
26753,Cdplz,archimonde,1858,priest,discipline,119,59,60
26754,Monopolygoat,arathor,1858,priest,discipline,181,84,97
26755,Melphixia,stormscale,1857,priest,discipline,47,22,25
26756,Suxino,stormscale,1855,priest,discipline,229,141,88
26757,Ðènnis,argent-dawn,1855,priest,discipline,139,71,68
26758,Unfaithful,twisting-nether,1854,priest,discipline,70,43,27
26759,Cellia,antonidas,1853,priest,discipline,42,25,17
26760,Kripteksx,ravencrest,1853,priest,discipline,53,29,24
26761,Dieterdose,tarren-mill,1852,priest,discipline,44,29,15
26762,Crushmyballs,ravencrest,1852,priest,discipline,60,36,24
26763,Eolîn,draenor,1852,priest,discipline,60,35,25
26764,Лэсивэснэс,soulflayer,1852,priest,discipline,72,30,42
26765,Jellypie,blackrock,1851,priest,discipline,42,28,14
26766,Zêxy,stormscale,1851,priest,discipline,101,53,48
26767,Artle,dun-modr,1850,priest,discipline,64,45,19
26768,Rynnegan,zuljin,1849,priest,discipline,72,31,41
26769,Çhåosgòddess,kazzak,1848,priest,discipline,42,25,17
26770,Карпинчо,soulflayer,1848,priest,discipline,186,91,95
26771,Flensu,stormscale,1847,priest,discipline,94,54,40
26772,Shonsized,argent-dawn,1847,priest,discipline,154,88,66
26773,Aédeira,blackhand,1847,priest,discipline,83,34,49
26774,Flokè,stormscale,1846,priest,discipline,42,26,16
26775,Sdn,twisting-nether,1846,priest,discipline,94,49,45
26776,Andrë,ragnaros,1845,priest,discipline,46,29,17
26777,Justyø,archimonde,1845,priest,discipline,225,131,94
26778,Kuusistöö,kazzak,1845,priest,discipline,92,49,43
26779,Soyloverjuan,auchindoun,1843,priest,discipline,52,27,25
26780,Аэтпио,soulflayer,1843,priest,discipline,126,64,62
26781,Bæsts,ravencrest,1842,priest,discipline,47,35,12
26782,Minilove,ravencrest,1842,priest,discipline,36,22,14
26783,Maulerion,tarren-mill,1842,priest,discipline,92,53,39
26784,Aiwass,twisting-nether,1842,priest,discipline,54,27,27
26785,Kianprie,silvermoon,1842,priest,discipline,101,46,55
26786,Trolldý,outland,1841,priest,discipline,54,33,21
26787,Notnøw,silvermoon,1841,priest,discipline,53,32,21
26788,Mend,tarren-mill,1841,priest,discipline,77,34,43
26789,Danglar,defias-brotherhood,1840,priest,discipline,102,58,44
26790,Луилэнс,howling-fjord,1840,priest,discipline,82,46,36
26791,Twinkerz,ravencrest,1839,priest,discipline,114,70,44
26792,Kàrèm,blutkessel,1839,priest,discipline,48,28,20
26793,Swiftdemise,sylvanas,1839,priest,discipline,178,85,93
26794,Shîn,zirkel-des-cenarius,1839,priest,discipline,72,32,40
26795,Втильте,blackscar,1838,priest,discipline,138,77,61
26796,Sheelah,ravencrest,1838,priest,discipline,66,32,34
26797,Kolerps,ravencrest,1838,priest,discipline,54,25,29
26798,Rezzdar,lightnings-blade,1837,priest,discipline,109,57,52
26799,Fitu,drakthul,1837,priest,discipline,167,86,81
26800,Nasdaq,ravencrest,1837,priest,discipline,60,30,30
26801,Drlovke,stormscale,1837,priest,discipline,114,54,60
26802,Делреона,blackscar,1836,priest,discipline,60,34,26
26803,Azoran,dentarg,1836,priest,discipline,72,33,39
26804,Nevercared,aegwynn,1835,priest,discipline,30,25,5
26805,Некронево,howling-fjord,1835,priest,discipline,51,30,21
26806,Xraid,blackmoore,1835,priest,discipline,62,35,27
26807,Giatros,kazzak,1835,priest,discipline,89,48,41
26808,Bølzer,blackrock,1835,priest,discipline,342,171,171
26809,Видзар,blackscar,1834,priest,discipline,42,27,15
26810,Alwaysøøm,kazzak,1834,priest,discipline,120,77,43
26811,Смотривнебоь,soulflayer,1834,priest,discipline,194,103,91
26812,Luvdisc,ysondre,1834,priest,discipline,68,34,34
26813,Ксенонх,gordunni,1834,priest,discipline,66,30,36
26814,Azaciúx,sylvanas,1832,priest,discipline,48,29,19
26815,Trevorlahey,draenor,1832,priest,discipline,148,84,64
26816,Virulence,twisting-nether,1832,priest,discipline,205,115,90
26817,Yzïam,ravencrest,1832,priest,discipline,68,36,32
26818,Feeqamikka,ragnaros,1832,priest,discipline,61,32,29
26819,Sazuki,sylvanas,1830,priest,discipline,119,71,48
26820,Discberg,kazzak,1830,priest,discipline,54,29,25
26821,Лизагодх,howling-fjord,1830,priest,discipline,306,161,145
26822,Kaizza,burning-legion,1829,priest,discipline,48,30,18
26823,Alusiepriest,ravencrest,1829,priest,discipline,164,102,62
26824,Chnechnechne,outland,1829,priest,discipline,58,35,23
26825,Minipõppy,ravencrest,1829,priest,discipline,250,132,118
26826,Bijaqt,blackmoore,1829,priest,discipline,54,27,27
26827,Akeno,sylvanas,1829,priest,discipline,70,31,39
26828,Pradrak,eredar,1828,priest,discipline,54,31,23
26829,Illuminarexo,sylvanas,1828,priest,discipline,145,82,63
26830,Chivalryy,argent-dawn,1828,priest,discipline,119,64,55
26831,Ingelosi,eredar,1828,priest,discipline,220,118,102
26832,Jconnelly,antonidas,1828,priest,discipline,62,32,30
26833,Itayyxd,doomhammer,1828,priest,discipline,66,34,32
26834,Asdfgfhtjy,stormscale,1828,priest,discipline,60,28,32
26835,Blazingad,kazzak,1827,priest,discipline,173,93,80
26836,Anheduanna,outland,1827,priest,discipline,811,411,400
26837,Ltmp,ravencrest,1827,priest,discipline,48,24,24
26838,Whýççpèrx,ravencrest,1826,priest,discipline,60,33,27
26839,Nadøney,hyjal,1826,priest,discipline,172,87,85
26840,Двачх,soulflayer,1826,priest,discipline,66,32,34
26841,Nissha,stormscale,1826,priest,discipline,66,32,34
26842,Sinetrax,draenor,1825,priest,discipline,48,30,18
26843,Асверай,howling-fjord,1825,priest,discipline,90,55,35
26844,Theythem,stormscale,1825,priest,discipline,42,25,17
26845,Bebydaniwey,eredar,1825,priest,discipline,48,27,21
26846,Moglimeister,blackrock,1825,priest,discipline,72,40,32
26847,Myggsparv,stormscale,1825,priest,discipline,72,39,33
26848,Gimeurgold,destromath,1825,priest,discipline,66,32,34
26849,Chechenkata,ravencrest,1825,priest,discipline,57,27,30
26850,Alicanx,silvermoon,1824,priest,discipline,123,77,46
26851,Faderfarbror,tarren-mill,1824,priest,discipline,103,63,40
26852,Ayõu,ravencrest,1824,priest,discipline,60,36,24
26853,Src,ravencrest,1824,priest,discipline,95,54,41
26854,Collinna,aegwynn,1824,priest,discipline,105,57,48
26855,Tacochrist,kazzak,1824,priest,discipline,132,71,61
26856,Holó,stormscale,1824,priest,discipline,54,25,29
26857,Lanata,blackrock,1823,priest,discipline,60,34,26
26858,Мухаглот,soulflayer,1823,priest,discipline,71,37,34
26859,Cnqz,archimonde,1823,priest,discipline,72,34,38
26860,Sovereignp,aegwynn,1823,priest,discipline,60,28,32
26861,Imahipstaqt,eredar,1822,priest,discipline,57,32,25
26862,Mamaa,stormscale,1822,priest,discipline,72,40,32
26863,Tecc,draenor,1822,priest,discipline,130,65,65
26864,Reckxp,twisting-nether,1822,priest,discipline,72,32,40
26865,Mèlindra,tarren-mill,1821,priest,discipline,35,28,7
26866,Билет,borean-tundra,1821,priest,discipline,42,26,16
26867,Aâraks,khaz-modan,1821,priest,discipline,134,82,52
26868,Tribz,kargath,1821,priest,discipline,36,22,14
26869,Mommymilkrx,argent-dawn,1821,priest,discipline,239,124,115
26870,Miklós,die-aldor,1821,priest,discipline,54,28,26
26871,Scaryolol,blackmoore,1821,priest,discipline,161,83,78
26872,Yamai,thrall,1820,priest,discipline,42,24,18
26873,Saygg,ysondre,1820,priest,discipline,96,51,45
26874,Gaussqt,ravencrest,1820,priest,discipline,84,44,40
26875,Tingoess,silvermoon,1820,priest,discipline,150,75,75
26876,Dotzey,outland,1820,priest,discipline,101,43,58
26877,Yunusgødx,kazzak,1819,priest,discipline,102,65,37
26878,Омилая,gordunni,1819,priest,discipline,42,24,18
26879,Дорогасмеха,howling-fjord,1819,priest,discipline,66,36,30
26880,Felaenna,argent-dawn,1819,priest,discipline,139,75,64
26881,Ðês,ravencrest,1819,priest,discipline,120,62,58
26882,Ilovelily,antonidas,1819,priest,discipline,60,30,30
26883,Vibéz,outland,1819,priest,discipline,54,27,27
26884,Kimspriest,ragnaros,1818,priest,discipline,42,24,18
26885,Dendegodx,kazzak,1818,priest,discipline,120,64,56
26886,Egi,lothar,1818,priest,discipline,51,27,24
26887,Monsterzx,outland,1818,priest,discipline,90,44,46
26888,Sakulus,malganis,1818,priest,discipline,66,31,35
26889,Spiritina,darkmoon-faire,1817,priest,discipline,76,52,24
26890,Lovdisc,ysondre,1817,priest,discipline,54,34,20
26891,Inhibitor,tarren-mill,1817,priest,discipline,48,29,19
26892,Holycuddles,ysondre,1817,priest,discipline,78,47,31
26893,Ashenflexj,draenor,1817,priest,discipline,226,115,111
26894,Ferpy,ragnaros,1817,priest,discipline,66,31,35
26895,Chekkó,blackrock,1817,priest,discipline,77,35,42
26896,Deadandugly,eredar,1817,priest,discipline,84,36,48
26897,Swd,dun-morogh,1816,priest,discipline,36,23,13
26898,Hanniri,archimonde,1816,priest,discipline,48,28,20
26899,Aenon,argent-dawn,1816,priest,discipline,129,72,57
26900,Fatalx,grim-batol,1816,priest,discipline,70,37,33
26901,Соникида,gordunni,1816,priest,discipline,76,39,37
26902,Nedex,thrall,1816,priest,discipline,55,28,27
26903,Semper,sylvanas,1816,priest,discipline,52,26,26
26904,Thaeres,stormscale,1816,priest,discipline,65,31,34
26905,Оченьнеочень,howling-fjord,1816,priest,discipline,72,33,39
26906,Psychout,ravencrest,1816,priest,discipline,66,30,36
26907,Fandac,sylvanas,1815,priest,discipline,60,39,21
26908,Jowaba,ravencrest,1815,priest,discipline,60,38,22
26909,Milamati,kazzak,1815,priest,discipline,90,50,40
26910,Виллавелл,blackscar,1815,priest,discipline,48,24,24
26911,Skitspill,ravencrest,1815,priest,discipline,216,104,112
26912,Zyzx,blackrock,1815,priest,discipline,66,29,37
26913,Menarille,kazzak,1814,priest,discipline,30,25,5
26914,Jannejanne,ravencrest,1814,priest,discipline,30,19,11
26915,Анстахоуп,grom,1814,priest,discipline,192,121,71
26916,Йуп,ashenvale,1814,priest,discipline,52,32,20
26917,Discusting,anachronos,1814,priest,discipline,78,40,38
26918,Jamienism,ravencrest,1814,priest,discipline,54,23,31
26919,Mobcal,twisting-nether,1814,priest,discipline,66,28,38
26920,Daniweyy,eredar,1813,priest,discipline,30,19,11
26921,Dzyxx,ravencrest,1813,priest,discipline,66,37,29
26922,Iwariel,blackmoore,1813,priest,discipline,102,55,47
26923,Dhassy,sanguino,1812,priest,discipline,71,44,27
26924,Elataqt,silvermoon,1812,priest,discipline,79,45,34
26925,Viiu,eredar,1812,priest,discipline,45,25,20
26926,Eedazap,argent-dawn,1812,priest,discipline,58,32,26
26927,Discoqt,aegwynn,1812,priest,discipline,60,30,30
26928,Isalvation,stormscale,1812,priest,discipline,78,38,40
26929,Mïserygødx,nemesis,1811,priest,discipline,84,57,27
26930,Traxtoor,tarren-mill,1811,priest,discipline,85,54,31
26931,Maxmoto,blackrock,1811,priest,discipline,92,56,36
26932,Антошашвп,azuregos,1811,priest,discipline,42,25,17
26933,Cæsifer,blackrock,1811,priest,discipline,100,55,45
26934,Leahuwu,ravencrest,1811,priest,discipline,72,37,35
26935,Miraña,kazzak,1810,priest,discipline,24,19,5
26936,Holyshiiet,stormscale,1810,priest,discipline,138,81,57
26937,Stazqt,conseil-des-ombres,1810,priest,discipline,298,152,146
26938,Ostrogami,silvermoon,1810,priest,discipline,477,234,243
26939,Delftware,tarren-mill,1809,priest,discipline,36,27,9
26940,Xrq,stormscale,1809,priest,discipline,36,27,9
26941,Thedisco,kazzak,1809,priest,discipline,84,56,28
26942,Leahx,dalvengyr,1809,priest,discipline,46,25,21
26943,Джагонх,soulflayer,1809,priest,discipline,60,31,29
26944,Undeathy,ravencrest,1809,priest,discipline,54,27,27
26945,Kuxk,stormscale,1809,priest,discipline,48,24,24
26946,Fønss,sanguino,1809,priest,discipline,77,34,43
26947,Stola,archimonde,1809,priest,discipline,101,41,60
26948,Xutira,silvermoon,1808,priest,discipline,195,109,86
26949,Ohlinsqt,outland,1808,priest,discipline,66,36,30
26950,Уровеньб,soulflayer,1808,priest,discipline,114,60,54
26951,Prips,bladefist,1808,priest,discipline,223,117,106
26952,Aòo,twisting-nether,1808,priest,discipline,95,48,47
26953,Aprilfalls,blackmoore,1808,priest,discipline,54,25,29
26954,Chaxxpriest,blackrock,1808,priest,discipline,113,51,62
26955,Ðézø,twisting-nether,1807,priest,discipline,108,71,37
26956,Ÿolo,nemesis,1807,priest,discipline,80,47,33
26957,Вашачесть,gordunni,1807,priest,discipline,156,84,72
26958,Immortalled,twisting-nether,1807,priest,discipline,144,77,67
26959,Cucurulla,sanguino,1807,priest,discipline,90,47,43
26960,Raw,dragonblight,1807,priest,discipline,72,36,36
26961,Seasonf,tarren-mill,1807,priest,discipline,60,28,32
26962,Hexybtw,stormscale,1806,priest,discipline,30,19,11
26963,Zarahard,draenor,1806,priest,discipline,120,65,55
26964,Zeruhphin,eredar,1806,priest,discipline,54,28,26
26965,Lucksy,antonidas,1806,priest,discipline,60,31,29
26966,Karmev,twisting-nether,1806,priest,discipline,53,26,27
26967,Brigittë,ravencrest,1806,priest,discipline,66,29,37
26968,Светжрец,blackscar,1805,priest,discipline,36,26,10
26969,Tattum,ragnaros,1805,priest,discipline,84,57,27
26970,Andaar,ravencrest,1805,priest,discipline,60,32,28
26971,Поршкаенн,gordunni,1805,priest,discipline,60,32,28
26972,Ipâ,hyjal,1805,priest,discipline,417,207,210
26973,Jeanprêtre,ysondre,1805,priest,discipline,66,30,36
26974,Neems,twisting-nether,1805,priest,discipline,42,19,23
26975,Ïcön,ravencrest,1804,priest,discipline,60,43,17
26976,Priestdos,sanguino,1804,priest,discipline,48,31,17
26977,Ljusmor,silvermoon,1804,priest,discipline,99,62,37
26978,Bennyjamin,kazzak,1804,priest,discipline,74,45,29
26979,Floyyd,kazzak,1804,priest,discipline,42,24,18
26980,Шэдоура,gordunni,1804,priest,discipline,135,76,59
26981,Needsboorst,ravencrest,1804,priest,discipline,66,36,30
26982,Nooxid,eredar,1804,priest,discipline,159,86,73
26983,Remkoja,blackrock,1804,priest,discipline,102,52,50
26984,Altruistx,ravencrest,1804,priest,discipline,78,39,39
26985,Aêalama,argent-dawn,1804,priest,discipline,54,27,27
26986,Chochoo,argent-dawn,1804,priest,discipline,60,25,35
26987,Fogel,turalyon,1803,priest,discipline,96,82,14
26988,Laonar,silvermoon,1803,priest,discipline,181,115,66
26989,Frëija,ravencrest,1803,priest,discipline,59,37,22
26990,Kàalyx,archimonde,1803,priest,discipline,107,55,52
26991,Lunatique,shadowsong,1803,priest,discipline,56,28,28
26992,Gehrke,silvermoon,1803,priest,discipline,105,51,54
26993,Djswdgodx,twisting-nether,1803,priest,discipline,66,32,34
26994,Hamsicam,frostwolf,1803,priest,discipline,176,83,93
26995,Deoxx,kazzak,1803,priest,discipline,126,58,68
26996,Ebiso,ravencrest,1803,priest,discipline,90,41,49
26997,Assiduous,stormreaver,1802,priest,discipline,40,25,15
26998,Ronnyvandamm,destromath,1802,priest,discipline,118,69,49
26999,Bassepriest,tarren-mill,1802,priest,discipline,101,53,48
27000,Jpucciù,ysondre,1802,priest,discipline,66,31,35
27001,Cx,mazrigos,1801,priest,discipline,65,42,23
27002,Shínx,illidan,1801,priest,discipline,90,52,38
27003,Rabbai,twisting-nether,1801,priest,discipline,66,37,29
27004,Artístx,twisting-nether,1801,priest,discipline,53,29,24
27005,Cyabish,twisting-nether,1801,priest,discipline,257,138,119
27006,Зулфар,razuvious,1800,priest,discipline,48,36,12
27007,Wardshield,ravencrest,1800,priest,discipline,29,20,9
27008,Felwy,stormscale,1800,priest,discipline,48,31,17
27009,Hasnoaim,dun-morogh,1800,priest,discipline,66,41,25
27010,Wóllo,stormscale,1800,priest,discipline,66,36,30
27011,Mautiya,blackrock,1800,priest,discipline,96,52,44
27012,Mpßx,tarren-mill,1800,priest,discipline,39,21,18
27013,Enzineum,twisting-nether,1800,priest,discipline,54,28,26
27014,Zuniqa,die-aldor,1800,priest,discipline,221,112,109
27015,Некрогуро,gordunni,1800,priest,discipline,54,27,27
27016,Dès,ravencrest,1800,priest,discipline,153,76,77
27017,Lazyx,tarren-mill,1800,priest,discipline,59,29,30
27018,Mcdodgens,auchindoun,1800,priest,discipline,233,112,121
27019,Stahpit,twisting-nether,1800,priest,discipline,65,31,34
27020,Gothicpriest,blackrock,1799,priest,discipline,54,34,20
27021,Discisiipeli,sylvanas,1799,priest,discipline,72,42,30
27022,Prsx,ravencrest,1799,priest,discipline,120,60,60
27023,Grouptherpst,draenor,1798,priest,discipline,238,117,121
27024,Jâde,bloodhoof,1798,priest,discipline,189,92,97
27025,Фенджидисплх,blackscar,1798,priest,discipline,114,54,60
27026,Dokwhite,blackrock,1797,priest,discipline,41,20,21
27027,Alessana,antonidas,1796,priest,discipline,47,30,17
27028,Georgesheenx,ravencrest,1796,priest,discipline,190,90,100
27029,Seankingkong,ravencrest,1795,priest,discipline,37,23,14
27030,Siezlababo,blackrock,1795,priest,discipline,35,21,14
27031,Bigballer,stormscale,1795,priest,discipline,51,26,25
27032,Trashedd,outland,1795,priest,discipline,87,40,47
27033,Sosûke,archimonde,1794,priest,discipline,54,33,21
27034,Denunciation,argent-dawn,1794,priest,discipline,203,110,93
27035,Keijunâ,ravencrest,1794,priest,discipline,41,21,20
27036,Nàlak,archimonde,1793,priest,discipline,72,34,38
27037,Racecar,executus,1792,priest,discipline,144,71,73
27038,Ihefyehvjrm,ravencrest,1792,priest,discipline,113,55,58
27039,Owrly,bladefist,1789,priest,discipline,178,89,89
27040,Drillinx,tarren-mill,1788,priest,discipline,66,32,34
27041,Hopesallgone,stormscale,1787,priest,discipline,96,58,38
27042,Amtoxic,stormscale,1786,priest,discipline,467,239,228
27043,Touchmypink,ragnaros,1786,priest,discipline,186,89,97
27044,Holyholy,stormscale,1784,priest,discipline,60,40,20
27045,Talbyslegacý,blackmoore,1784,priest,discipline,108,60,48
27046,Изишвд,gordunni,1783,priest,discipline,54,29,25
27047,Schattenface,blackmoore,1783,priest,discipline,101,53,48
27048,Ssjfoxyo,sylvanas,1783,priest,discipline,119,57,62
27049,Khristo,illidan,1782,priest,discipline,60,29,31
27050,Sydnex,blackmoore,1781,priest,discipline,71,44,27
27051,Maikzky,stormreaver,1780,priest,discipline,36,19,17
27052,Zèl,blackmoore,1780,priest,discipline,52,26,26
27053,Батлджес,gordunni,1779,priest,discipline,48,25,23
27054,Emryth,blackhand,1779,priest,discipline,294,152,142
27055,Enilion,draenor,1779,priest,discipline,50,24,26
27056,Charlotten,shattered-hand,1779,priest,discipline,143,61,82
27057,Tiphereth,blackmoore,1777,priest,discipline,36,19,17
27058,Mindx,sylvanas,1777,priest,discipline,191,98,93
27059,Eliana,blackrock,1777,priest,discipline,151,77,74
27060,Stormmyy,kazzak,1777,priest,discipline,42,21,21
27061,Spaanseslof,silvermoon,1776,priest,discipline,126,58,68
27062,Lakeworth,argent-dawn,1776,priest,discipline,134,61,73
27063,Vespbruv,kazzak,1773,priest,discipline,36,25,11
27064,Mentaldeadp,draenor,1773,priest,discipline,135,83,52
27065,Doublefreak,draenor,1773,priest,discipline,72,44,28
27066,Lobbygriefer,ravencrest,1772,priest,discipline,311,167,144
27067,Hellhammer,stormreaver,1772,priest,discipline,154,82,72
27068,Отклонен,soulflayer,1772,priest,discipline,66,32,34
27069,Gajos,frostwolf,1771,priest,discipline,108,63,45
27070,Sláin,outland,1771,priest,discipline,126,63,63
27071,Yugata,archimonde,1770,priest,discipline,104,48,56
27072,Prådâshådëzz,blackmoore,1769,priest,discipline,41,26,15
27073,Magetrainer,tarren-mill,1765,priest,discipline,60,42,18
27074,Líluqt,sanguino,1765,priest,discipline,42,24,18
27075,Ohiofromntty,ravencrest,1764,priest,discipline,24,20,4
27076,Hyw,hyjal,1764,priest,discipline,39,22,17
27077,Nameit,eredar,1763,priest,discipline,194,91,103
27078,Aruna,ravencrest,1761,priest,discipline,70,35,35
27079,Ladderpolice,blackmoore,1761,priest,discipline,54,26,28
27080,Justdänce,hyjal,1760,priest,discipline,52,25,27
27081,Kenzah,ysondre,1759,priest,discipline,30,20,10
27082,Susaj,tarren-mill,1759,priest,discipline,41,23,18
27083,Enteja,outland,1759,priest,discipline,766,388,378
27084,Youngfade,twisting-nether,1759,priest,discipline,70,27,43
27085,Filthyzx,argent-dawn,1758,priest,discipline,54,27,27
27086,Legiondisc,blackmoore,1758,priest,discipline,157,71,86
27087,Ironqt,malfurion,1758,priest,discipline,112,48,64
27088,Aelisendi,draenor,1757,priest,discipline,83,46,37
27089,Sekker,silvermoon,1757,priest,discipline,303,161,142
27090,Mgx,defias-brotherhood,1756,priest,discipline,54,25,29
27091,Шкурюклады,gordunni,1756,priest,discipline,90,40,50
27092,Dreifearfünf,arygos,1754,priest,discipline,90,50,40
27093,Duelistfied,blackrock,1754,priest,discipline,50,24,26
27094,Muncett,dun-modr,1753,priest,discipline,59,38,21
27095,Макстин,howling-fjord,1752,priest,discipline,125,66,59
27096,ßçøûzýìñ,ravencrest,1751,priest,discipline,28,21,7
27097,Merylle,outland,1751,priest,discipline,41,27,14
27098,Fäke,dunemaul,1750,priest,discipline,161,99,62
27099,Kîlo,sylvanas,1750,priest,discipline,42,19,23
27100,Ytsal,stormscale,1750,priest,discipline,60,24,36
27101,Xzep,archimonde,1749,priest,discipline,338,170,168
27102,Hoses,twisting-nether,1749,priest,discipline,149,73,76
27103,Таравера,soulflayer,1748,priest,discipline,125,60,65
27104,Iloveilka,madmortem,1747,priest,discipline,29,19,10
27105,Jempi,argent-dawn,1747,priest,discipline,129,78,51
27106,Pikaboom,the-maelstrom,1747,priest,discipline,48,27,21
27107,Kèvin,das-syndikat,1746,priest,discipline,89,54,35
27108,Utrd,kazzak,1746,priest,discipline,221,106,115
27109,Devoura,sylvanas,1746,priest,discipline,48,23,25
27110,Mystz,dun-modr,1744,priest,discipline,63,34,29
27111,Nadoreille,hyjal,1744,priest,discipline,146,76,70
27112,Rippertmepls,ravencrest,1744,priest,discipline,101,52,49
27113,Rngamer,silvermoon,1743,priest,discipline,30,23,7
27114,Андерприст,soulflayer,1742,priest,discipline,168,86,82
27115,Alpháømegá,outland,1741,priest,discipline,88,40,48
27116,Abømination,hyjal,1740,priest,discipline,123,69,54
27117,Holytop,aegwynn,1740,priest,discipline,48,25,23
27118,Øxxgodx,blackrock,1740,priest,discipline,87,43,44
27119,Pâww,kazzak,1740,priest,discipline,54,26,28
27120,Xeldrania,azshara,1739,priest,discipline,41,22,19
27121,Lyrina,twisting-nether,1738,priest,discipline,364,199,165
27122,Qhub,sylvanas,1738,priest,discipline,154,83,71
27123,Антошашвп,gordunni,1737,priest,discipline,48,25,23
27124,Darktemplarx,magtheridon,1737,priest,discipline,153,77,76
27125,Holyasprin,sylvanas,1735,priest,discipline,72,44,28
27126,Фокусшвд,soulflayer,1735,priest,discipline,132,68,64
27127,Sausageboy,tarren-mill,1734,priest,discipline,54,30,24
27128,Obnoxious,sunstrider,1734,priest,discipline,132,66,66
27129,Mndvx,sylvanas,1733,priest,discipline,122,59,63
27130,Zërøx,ysondre,1733,priest,discipline,77,30,47
27131,Aetas,hyjal,1732,priest,discipline,72,41,31
27132,Windywendy,blackrock,1732,priest,discipline,123,69,54
27133,Norganp,die-aldor,1732,priest,discipline,114,62,52
27134,Kirtarah,aegwynn,1732,priest,discipline,214,107,107
27135,Lilypalmer,stormscale,1731,priest,discipline,72,36,36
27136,Jøjmenejøj,ravencrest,1731,priest,discipline,150,73,77
27137,Vigoria,stormreaver,1731,priest,discipline,101,49,52
27138,Drillin,ravencrest,1731,priest,discipline,42,19,23
27139,Tÿona,hyjal,1730,priest,discipline,176,101,75
27140,Preme,blackhand,1730,priest,discipline,72,34,38
27141,Snuskong,kazzak,1730,priest,discipline,54,25,29
27142,Bunnydisc,outland,1729,priest,discipline,59,29,30
27143,Alexpriest,twisting-nether,1728,priest,discipline,441,230,211
27144,Teradros,blackhand,1727,priest,discipline,53,28,25
27145,Pristern,tarren-mill,1727,priest,discipline,68,34,34
27146,Holyblóod,kazzak,1726,priest,discipline,44,27,17
27147,Darkshdwbrst,malorne,1726,priest,discipline,271,148,123
27148,Targolina,argent-dawn,1726,priest,discipline,289,150,139
27149,Felvytwo,stormscale,1725,priest,discipline,48,24,24
27150,Ranchikswp,ravencrest,1724,priest,discipline,30,18,12
27151,Lucìanà,blackmoore,1723,priest,discipline,30,18,12
27152,Paterfisl,ragnaros,1723,priest,discipline,72,41,31
27153,Rickerstrike,stormscale,1723,priest,discipline,143,71,72
27154,Аскеронх,howling-fjord,1723,priest,discipline,87,41,46
27155,Xians,alakir,1722,priest,discipline,30,18,12
27156,Tricavla,frostmane,1722,priest,discipline,102,55,47
27157,Plsdontcry,blackrock,1722,priest,discipline,54,27,27
27158,Ðeep,archimonde,1721,priest,discipline,36,19,17
27159,Skevitche,hyjal,1721,priest,discipline,208,108,100
27160,Legitha,blackmoore,1720,priest,discipline,45,26,19
27161,Folelli,ysondre,1720,priest,discipline,113,58,55
27162,Pinipom,kazzak,1719,priest,discipline,38,26,12
27163,Pieceoftrash,stormscale,1719,priest,discipline,48,27,21
27164,Leffie,outland,1719,priest,discipline,51,26,25
27165,Neliica,silvermoon,1719,priest,discipline,84,34,50
27166,Milchzáhn,frostwolf,1717,priest,discipline,68,35,33
27167,Roxeal,archimonde,1716,priest,discipline,198,110,88
27168,Fuzzymerge,ravencrest,1716,priest,discipline,76,42,34
27169,Spìrít,ghostlands,1716,priest,discipline,48,24,24
27170,Smiteyoudown,blackrock,1716,priest,discipline,42,21,21
27171,Looney,shadowsong,1715,priest,discipline,36,25,11
27172,Pehmoinen,korgall,1715,priest,discipline,147,75,72
27173,Pestmorran,sylvanas,1715,priest,discipline,318,153,165
27174,Akzar,blackrock,1714,priest,discipline,432,221,211
27175,Holysjodin,tarren-mill,1714,priest,discipline,36,18,18
27176,Тоориал,howling-fjord,1713,priest,discipline,48,29,19
27177,Lowhealing,kazzak,1713,priest,discipline,48,29,19
27178,Артжрец,soulflayer,1713,priest,discipline,76,43,33
27179,Нед,greymane,1713,priest,discipline,243,136,107
27180,Mitha,tarren-mill,1713,priest,discipline,74,41,33
27181,Дъикиймвп,deepholm,1713,priest,discipline,42,22,20
27182,Lerdameur,arakarahm,1712,priest,discipline,155,78,77
27183,Baptized,baelgun,1712,priest,discipline,102,47,55
27184,Holyarnold,silvermoon,1712,priest,discipline,119,51,68
27185,Hannirï,archimonde,1711,priest,discipline,89,62,27
27186,Beabanane,aegwynn,1711,priest,discipline,131,68,63
27187,Roshmanoff,stormscale,1711,priest,discipline,42,20,22
27188,Ðarkan,kaelthas,1709,priest,discipline,132,76,56
27189,Zwu,antonidas,1709,priest,discipline,40,23,17
27190,Кирюшасэмпай,gordunni,1709,priest,discipline,93,49,44
27191,Furtnajebany,tarren-mill,1709,priest,discipline,63,29,34
27192,Kyderr,blackrock,1708,priest,discipline,90,51,39
27193,Awön,stormscale,1708,priest,discipline,46,24,22
27194,Trashpriest,blackrock,1708,priest,discipline,47,19,28
27195,Nihpolz,ragnaros,1707,priest,discipline,87,49,38
27196,Kijhun,uldaman,1707,priest,discipline,72,40,32
27197,Bengtas,ravencrest,1707,priest,discipline,194,93,101
27198,Swkunz,dun-modr,1707,priest,discipline,106,48,58
27199,Scarylol,blackmoore,1706,priest,discipline,30,18,12
27200,Uivi,azjolnerub,1706,priest,discipline,42,22,20
27201,Finiskram,sylvanas,1705,priest,discipline,42,24,18
27202,Krematorio,twisting-nether,1705,priest,discipline,36,18,18
27203,Oscoolytb,archimonde,1705,priest,discipline,120,55,65
27204,Yukasa,silvermoon,1705,priest,discipline,78,34,44
27205,Covidisc,outland,1705,priest,discipline,60,26,34
27206,Kaldhor,ysondre,1705,priest,discipline,71,29,42
27207,Sokratina,ragnaros,1704,priest,discipline,88,58,30
27208,Splf,blackrock,1704,priest,discipline,90,56,34
27209,Dállas,ravencrest,1704,priest,discipline,72,41,31
27210,Eluveitieq,kazzak,1703,priest,discipline,148,81,67
27211,Bandulskii,twisting-nether,1703,priest,discipline,307,151,156
27212,Убикрофт,soulflayer,1703,priest,discipline,49,24,25
27213,Ampara,thrall,1703,priest,discipline,84,41,43
27214,Calling,nozdormu,1702,priest,discipline,65,37,28
27215,Bockx,ragnaros,1702,priest,discipline,66,27,39
27216,Bekznfiend,ragnaros,1701,priest,discipline,48,22,26
27217,Gurgaue,argent-dawn,1701,priest,discipline,53,24,29
27218,Noxr,ravencrest,1701,priest,discipline,68,28,40
27219,Geforcès,archimonde,1701,priest,discipline,107,43,64
27220,Kapts,twisting-nether,1700,priest,discipline,30,18,12
27221,Healbotmvp,ravencrest,1700,priest,discipline,42,24,18
27222,Nimb,blackrock,1700,priest,discipline,66,33,33
27223,Nancey,draenor,1699,priest,discipline,36,18,18
27224,Zzoska,burning-legion,1699,priest,discipline,77,38,39
27225,Verjin,kazzak,1699,priest,discipline,90,36,54
27226,Shieldyman,silvermoon,1698,priest,discipline,48,25,23
27227,Jämar,archimonde,1698,priest,discipline,60,29,31
27228,Закс,blackscar,1698,priest,discipline,48,22,26
27229,Dqt,ragnaros,1698,priest,discipline,71,31,40
27230,Areyqt,ravencrest,1697,priest,discipline,36,22,14
27231,Ödriaell,the-venture-co,1697,priest,discipline,126,64,62
27232,Noviriel,argent-dawn,1697,priest,discipline,76,37,39
27233,Gòldfinger,norgannon,1697,priest,discipline,162,76,86
27234,Døppëlápfèl,tarren-mill,1696,priest,discipline,30,20,10
27235,Kahir,ravencrest,1696,priest,discipline,98,52,46
27236,Ssjx,ravencrest,1696,priest,discipline,48,25,23
27237,Kolinamenuss,dun-morogh,1696,priest,discipline,60,27,33
27238,Cptisus,draenor,1696,priest,discipline,72,31,41
27239,Mixoo,throkferoth,1696,priest,discipline,95,40,55
27240,Менестрели,gordunni,1695,priest,discipline,297,170,127
27241,Savagex,dun-modr,1695,priest,discipline,173,92,81
27242,Swdommeil,aegwynn,1695,priest,discipline,48,24,24
27243,Mcdeady,tarren-mill,1695,priest,discipline,72,34,38
27244,Healêl,sanguino,1695,priest,discipline,71,33,38
27245,Эвэргарден,eversong,1695,priest,discipline,108,45,63
27246,Mopriest,eredar,1694,priest,discipline,56,36,20
27247,Flào,draenor,1694,priest,discipline,42,20,22
27248,Angrypiex,stormscale,1694,priest,discipline,83,38,45
27249,Luxør,blackrock,1694,priest,discipline,42,18,24
27250,Arlekin,ravencrest,1693,priest,discipline,114,70,44
27251,Сонясоукьют,gordunni,1693,priest,discipline,54,26,28
27252,Samaya,blackrock,1693,priest,discipline,147,68,79
27253,Verweven,twisting-nether,1692,priest,discipline,47,26,21
27254,Pierrebourne,blackmoore,1692,priest,discipline,48,23,25
27255,Шаастраха,gordunni,1692,priest,discipline,97,44,53
27256,Shadowlander,dun-modr,1691,priest,discipline,87,46,41
27257,Cctw,archimonde,1691,priest,discipline,54,26,28
27258,Шестьнадцать,gordunni,1689,priest,discipline,107,60,47
27259,Eagrh,ravencrest,1688,priest,discipline,328,185,143
27260,Wérrýxs,kazzak,1688,priest,discipline,148,83,65
27261,Афганский,gordunni,1688,priest,discipline,46,24,22
27262,Прристуха,gordunni,1688,priest,discipline,66,27,39
27263,Hrtbrxkn,ravencrest,1687,priest,discipline,64,39,25
27264,Mantra,blackmoore,1687,priest,discipline,174,87,87
27265,Berseenreikä,the-venture-co,1687,priest,discipline,60,29,31
27266,Эридия,soulflayer,1685,priest,discipline,60,33,27
27267,Seherbazqt,twisting-nether,1685,priest,discipline,177,90,87
27268,Patriamore,jaedenar,1685,priest,discipline,52,25,27
27269,Brilho,frostmane,1685,priest,discipline,117,55,62
27270,Naphell,outland,1684,priest,discipline,102,50,52
27271,Traicklebron,antonidas,1683,priest,discipline,33,21,12
27272,Tabaç,stormscale,1683,priest,discipline,42,26,16
27273,Barackomana,blackrock,1683,priest,discipline,120,56,64
27274,Efeslol,dun-modr,1682,priest,discipline,214,107,107
27275,Prc,stormscale,1681,priest,discipline,60,41,19
27276,Uo,kilrogg,1681,priest,discipline,110,61,49
27277,Пустотность,gordunni,1681,priest,discipline,309,152,157
27278,Lizka,kazzak,1681,priest,discipline,54,26,28
27279,Blâdéira,ravencrest,1681,priest,discipline,141,64,77
27280,Doorix,nethersturm,1681,priest,discipline,62,28,34
27281,Marôs,antonidas,1681,priest,discipline,60,26,34
27282,Donipriest,ravencrest,1680,priest,discipline,66,39,27
27283,Bebwaz,kazzak,1680,priest,discipline,96,54,42
27284,Deathgodx,archimonde,1680,priest,discipline,154,85,69
27285,Swdommeil,blackrock,1680,priest,discipline,36,19,17
27286,Zzbleh,stormscale,1679,priest,discipline,78,44,34
27287,Sheeash,kazzak,1679,priest,discipline,36,18,18
27288,ßrûm,archimonde,1679,priest,discipline,48,23,25
27289,Junglemafia,nemesis,1678,priest,discipline,42,24,18
27290,Céira,malganis,1678,priest,discipline,42,23,19
27291,Fulgus,sanguino,1678,priest,discipline,230,114,116
27292,Sutenör,kazzak,1678,priest,discipline,108,43,65
27293,Mythrixia,draenor,1677,priest,discipline,81,45,36
27294,Kedrack,draenor,1677,priest,discipline,72,40,32
27295,Шайтсунг,soulflayer,1677,priest,discipline,56,30,26
27296,Indîcâ,outland,1677,priest,discipline,54,23,31
27297,Maerlene,nemesis,1677,priest,discipline,63,26,37
27298,Clownspec,twisting-nether,1676,priest,discipline,54,26,28
27299,Jaytï,ravencrest,1675,priest,discipline,36,22,14
27300,Holytopp,aegwynn,1675,priest,discipline,42,25,17
27301,Glyss,draenor,1675,priest,discipline,72,40,32
27302,Vardogz,tirion,1675,priest,discipline,71,34,37
27303,Scarletstory,ravencrest,1675,priest,discipline,148,70,78
27304,Apuessii,dun-modr,1675,priest,discipline,83,36,47
27305,Файкахохо,soulflayer,1675,priest,discipline,59,24,35
27306,Valadaris,outland,1674,priest,discipline,102,56,46
27307,Gødsfåvørite,blackrock,1674,priest,discipline,158,85,73
27308,Anzee,tarren-mill,1674,priest,discipline,48,25,23
27309,Kuraimb,the-maelstrom,1674,priest,discipline,51,26,25
27310,Keryin,draenor,1674,priest,discipline,138,58,80
27311,Разрухаовнз,gordunni,1673,priest,discipline,30,22,8
27312,Zoophobîa,stormscale,1673,priest,discipline,48,25,23
27313,Scurrp,aegwynn,1673,priest,discipline,72,36,36
27314,Lorimac,dun-modr,1673,priest,discipline,195,97,98
27315,Xianstwo,alakir,1673,priest,discipline,54,24,30
27316,Tmnetwo,ravencrest,1673,priest,discipline,42,18,24
27317,Devotedape,draenor,1672,priest,discipline,83,45,38
27318,Byef,kazzak,1671,priest,discipline,56,31,25
27319,Kæzm,blackrock,1671,priest,discipline,77,42,35
27320,Echonic,aegwynn,1671,priest,discipline,225,111,114
27321,Anotu,tarren-mill,1670,priest,discipline,36,21,15
27322,Zaak,kazzak,1670,priest,discipline,59,26,33
27323,Mèix,ysondre,1669,priest,discipline,66,39,27
27324,Csúforck,ragnaros,1669,priest,discipline,48,26,22
27325,Psjk,blackrock,1669,priest,discipline,100,51,49
27326,Karanas,archimonde,1669,priest,discipline,54,27,27
27327,Anbish,burning-legion,1668,priest,discipline,200,113,87
27328,Pokahonta,silvermoon,1668,priest,discipline,249,131,118
27329,Títarie,aegwynn,1668,priest,discipline,42,22,20
27330,Bilbobanging,aggramar,1668,priest,discipline,54,27,27
27331,Sologrifer,sylvanas,1668,priest,discipline,39,19,20
27332,Jarvinia,blackmoore,1668,priest,discipline,58,28,30
27333,Hinorist,kazzak,1668,priest,discipline,148,70,78
27334,Lindvorm,tarren-mill,1667,priest,discipline,120,61,59
27335,Kevokko,silvermoon,1667,priest,discipline,54,23,31
27336,Blerd,eredar,1666,priest,discipline,46,27,19
27337,Nolnilian,archimonde,1666,priest,discipline,42,23,19
27338,Lekken,kazzak,1666,priest,discipline,48,26,22
27339,Kollis,twilights-hammer,1666,priest,discipline,243,123,120
27340,Coqa,blackrock,1666,priest,discipline,42,21,21
27341,Salvatíon,sanguino,1666,priest,discipline,236,105,131
27342,Trntypr,senjin,1665,priest,discipline,84,48,36
27343,Uppiediscyo,ravencrest,1665,priest,discipline,386,204,182
27344,Rêstlêss,blackrock,1665,priest,discipline,89,46,43
27345,Obbdasknob,ravencrest,1665,priest,discipline,100,51,49
27346,Gehrketwo,silvermoon,1664,priest,discipline,42,24,18
27347,Cestrial,sylvanas,1664,priest,discipline,92,49,43
27348,Seemedotin,aegwynn,1663,priest,discipline,30,20,10
27349,Cylantharia,eredar,1663,priest,discipline,114,61,53
27350,Pepeflex,draenor,1663,priest,discipline,84,42,42
27351,Lymhk,blackrock,1663,priest,discipline,48,24,24
27352,Elsieexø,ravencrest,1663,priest,discipline,102,47,55
27353,Alahkazam,alakir,1663,priest,discipline,56,24,32
27354,Sikaanyo,blackhand,1662,priest,discipline,72,38,34
27355,Niagarafalls,ragnaros,1662,priest,discipline,102,53,49
27356,Dìsclol,draenor,1662,priest,discipline,55,28,27
27357,Приствалера,howling-fjord,1662,priest,discipline,343,170,173
27358,Såra,ravencrest,1662,priest,discipline,98,48,50
27359,Ислейн,howling-fjord,1662,priest,discipline,59,24,35
27360,Irefutåbil,stormscale,1661,priest,discipline,96,56,40
27361,Freddyprinze,ravencrest,1661,priest,discipline,81,46,35
27362,Foobi,the-maelstrom,1661,priest,discipline,346,187,159
27363,Kaksel,blackrock,1661,priest,discipline,72,38,34
27364,Syntara,twisting-nether,1661,priest,discipline,424,223,201
27365,Slimcharles,ravencrest,1660,priest,discipline,213,114,99
27366,Бонзайка,blackscar,1660,priest,discipline,53,25,28
27367,Алеброн,gordunni,1660,priest,discipline,54,25,29
27368,Wikpriest,ravencrest,1660,priest,discipline,58,26,32
27369,Krystynal,archimonde,1659,priest,discipline,47,24,23
27370,Жентельмен,deathguard,1659,priest,discipline,96,41,55
27371,Holymoly,talnivarr,1659,priest,discipline,96,40,56
27372,Athelsta,alleria,1658,priest,discipline,93,51,42
27373,Seranà,hyjal,1658,priest,discipline,96,51,45
27374,Пристижнаяя,gordunni,1658,priest,discipline,93,48,45
27375,Yugemilkers,kazzak,1658,priest,discipline,131,66,65
27376,Dispelgodxx,eredar,1658,priest,discipline,54,25,29
27377,Ew,shattered-halls,1658,priest,discipline,58,26,32
27378,Phamy,antonidas,1657,priest,discipline,53,30,23
27379,Krottus,antonidas,1657,priest,discipline,53,28,25
27380,Assacine,aegwynn,1657,priest,discipline,59,31,28
27381,Вакариия,soulflayer,1657,priest,discipline,35,18,17
27382,Nocdsusage,draenor,1657,priest,discipline,214,107,107
27383,Virdeo,aegwynn,1657,priest,discipline,54,26,28
27384,Mald,ravencrest,1656,priest,discipline,108,57,51
27385,Phyxiusx,stormscale,1656,priest,discipline,54,27,27
27386,Awcute,kazzak,1656,priest,discipline,322,156,166
27387,Kaleycuoco,blackrock,1656,priest,discipline,78,36,42
27388,Scarified,aggramar,1655,priest,discipline,66,31,35
27389,Блексебет,soulflayer,1654,priest,discipline,124,73,51
27390,Фалд,gordunni,1654,priest,discipline,42,21,21
27391,Wasnezov,blackhand,1654,priest,discipline,82,39,43
27392,Prästmåns,tarren-mill,1654,priest,discipline,102,48,54
27393,Hexonite,burning-legion,1653,priest,discipline,42,25,17
27394,Йефа,gordunni,1653,priest,discipline,42,23,19
27395,Williamz,ravencrest,1653,priest,discipline,33,18,15
27396,Ecrisis,twisting-nether,1653,priest,discipline,44,22,22
27397,Lowery,argent-dawn,1653,priest,discipline,48,22,26
27398,Ayoutbt,ravencrest,1652,priest,discipline,42,22,20
27399,Meltmvp,thrall,1652,priest,discipline,54,27,27
27400,Mysticmäc,aegwynn,1652,priest,discipline,54,26,28
27401,Ðiiez,ysondre,1652,priest,discipline,85,40,45
27402,Tryhàrdx,stormscale,1652,priest,discipline,54,25,29
27403,Blackbertha,ravencrest,1652,priest,discipline,144,66,78
27404,Danina,outland,1651,priest,discipline,76,44,32
27405,Alesthion,silvermoon,1651,priest,discipline,110,62,48
27406,Danucd,ragnaros,1650,priest,discipline,206,124,82
27407,Pedopräst,stormscale,1650,priest,discipline,72,39,33
27408,Неох,gordunni,1650,priest,discipline,54,29,25
27409,Dathanosp,outland,1649,priest,discipline,48,25,23
27410,Twizl,hyjal,1649,priest,discipline,48,25,23
27411,Элишана,deathguard,1649,priest,discipline,111,54,57
27412,Wonderdispel,ragnaros,1649,priest,discipline,78,31,47
27413,Chèéks,kazzak,1648,priest,discipline,72,43,29
27414,Bizqit,tarren-mill,1648,priest,discipline,245,128,117
27415,Gravebrain,draenor,1648,priest,discipline,226,112,114
27416,Joeelz,blackmoore,1647,priest,discipline,36,25,11
27417,Целитель,gordunni,1647,priest,discipline,61,32,29
27418,Ðæððÿsgïrl,ravencrest,1647,priest,discipline,171,89,82
27419,Ahpøual,archimonde,1647,priest,discipline,180,89,91
27420,Gød,magtheridon,1647,priest,discipline,143,69,74
27421,Sills,twisting-nether,1647,priest,discipline,53,23,30
27422,Følísh,hyjal,1646,priest,discipline,54,38,16
27423,Strawhât,eredar,1646,priest,discipline,53,31,22
27424,Tøxicboy,ravencrest,1646,priest,discipline,89,48,41
27425,Watchmedark,ravencrest,1646,priest,discipline,42,21,21
27426,Urizal,defias-brotherhood,1646,priest,discipline,36,18,18
27427,Yzina,archimonde,1646,priest,discipline,48,21,27
27428,Drée,hyjal,1645,priest,discipline,48,24,24
27429,Qpapi,quelthalas,1645,priest,discipline,36,18,18
27430,Zyrean,bronzebeard,1645,priest,discipline,52,25,27
27431,Gødisc,blackrock,1644,priest,discipline,36,23,13
27432,Smitemachine,ysondre,1644,priest,discipline,33,19,14
27433,Rmt,darksorrow,1644,priest,discipline,42,23,19
27434,Élsias,blackmoore,1644,priest,discipline,48,22,26
27435,Shadowbread,tarren-mill,1642,priest,discipline,90,47,43
27436,Cinnamoroll,ravencrest,1642,priest,discipline,54,26,28
27437,Zsg,draenor,1641,priest,discipline,54,33,21
27438,Walkmydome,twisting-nether,1641,priest,discipline,144,73,71
27439,Репабликуес,gordunni,1641,priest,discipline,36,18,18
27440,Babybeyle,arakarahm,1641,priest,discipline,107,48,59
27441,Duqes,stormreaver,1640,priest,discipline,24,19,5
27442,Xtracheesy,ragnaros,1640,priest,discipline,72,45,27
27443,Fluvnidi,ravencrest,1640,priest,discipline,66,38,28
27444,Kuqezi,archimonde,1640,priest,discipline,90,50,40
27445,Azrella,ravencrest,1640,priest,discipline,48,25,23
27446,Priewyn,ragnaros,1640,priest,discipline,294,152,142
27447,Smilézz,eredar,1640,priest,discipline,108,50,58
27448,Phucme,deathwing,1640,priest,discipline,54,23,31
27449,Cvp,twisting-nether,1640,priest,discipline,54,22,32
27450,Pentøs,archimonde,1639,priest,discipline,32,18,14
27451,Сосиска,deathguard,1639,priest,discipline,35,18,17
27452,Dapope,drakthul,1639,priest,discipline,47,20,27
27453,Øk,draenor,1638,priest,discipline,48,27,21
27454,Vigodis,alleria,1638,priest,discipline,150,83,67
27455,Eliverax,outland,1638,priest,discipline,122,58,64
27456,Zanshin,ravencrest,1637,priest,discipline,29,18,11
27457,Tuitio,blackmoore,1637,priest,discipline,83,46,37
27458,Swoptoplong,blackhand,1637,priest,discipline,497,261,236
27459,Lavendertown,tarren-mill,1637,priest,discipline,80,42,38
27460,Schlämpie,blackmoore,1637,priest,discipline,73,32,41
27461,Randmbare,nemesis,1636,priest,discipline,36,21,15
27462,Nyxoqtxd,ravencrest,1636,priest,discipline,82,45,37
27463,Ванальная,soulflayer,1636,priest,discipline,42,21,21
27464,Milania,ravencrest,1636,priest,discipline,118,57,61
27465,Mohammedx,tarren-mill,1636,priest,discipline,125,58,67
27466,Nintendó,sylvanas,1635,priest,discipline,90,46,44
27467,Veryfine,draenor,1635,priest,discipline,58,28,30
27468,Yûnalescá,blackmoore,1634,priest,discipline,82,44,38
27469,Аая,blackscar,1634,priest,discipline,96,49,47
27470,Wraithtrippz,stormscale,1634,priest,discipline,210,105,105
27471,Sickboy,nordrassil,1633,priest,discipline,46,26,20
27472,Eyecry,sylvanas,1633,priest,discipline,93,49,44
27473,Dotreveal,ravencrest,1633,priest,discipline,107,56,51
27474,Giggí,malganis,1633,priest,discipline,95,48,47
27475,Yameru,stormreaver,1633,priest,discipline,60,22,38
27476,Misántropo,dun-modr,1632,priest,discipline,59,38,21
27477,Yungmazikeen,archimonde,1631,priest,discipline,24,17,7
27478,Babywayn,onyxia,1631,priest,discipline,194,105,89
27479,Nooway,kazzak,1631,priest,discipline,108,55,53
27480,Zofiiee,tarren-mill,1631,priest,discipline,48,24,24
27481,Snutz,draenor,1631,priest,discipline,42,21,21
27482,Ankus,tarren-mill,1631,priest,discipline,48,23,25
27483,Goodra,sylvanas,1630,priest,discipline,30,19,11
27484,Freezeage,stormscale,1630,priest,discipline,48,29,19
27485,Tâmshi,dun-modr,1630,priest,discipline,42,22,20
27486,Luckystar,grim-batol,1630,priest,discipline,65,33,32
27487,Choron,kult-der-verdammten,1630,priest,discipline,107,50,57
27488,Burnesenbois,chogall,1630,priest,discipline,47,18,29
27489,Лютаяшиза,gordunni,1629,priest,discipline,83,51,32
27490,Vregoa,twisting-nether,1629,priest,discipline,71,42,29
27491,Syntaria,pozzo-delleternità,1629,priest,discipline,42,23,19
27492,Kolinamenus,dun-morogh,1629,priest,discipline,142,73,69
27493,Onaltnoqs,silvermoon,1629,priest,discipline,46,22,24
27494,Destinychild,norgannon,1629,priest,discipline,41,19,22
27495,Acidrops,hyjal,1629,priest,discipline,48,22,26
27496,Frojka,outland,1629,priest,discipline,42,19,23
27497,Superdude,stormscale,1629,priest,discipline,59,26,33
27498,Japral,blackhand,1628,priest,discipline,36,25,11
27499,Réquell,twisting-nether,1628,priest,discipline,42,24,18
27500,Leviakerman,blackrock,1628,priest,discipline,42,18,24
27501,Шатолюгран,soulflayer,1627,priest,discipline,82,55,27
27502,Sølvfox,stormscale,1627,priest,discipline,42,25,17
27503,Bambus,shattered-hand,1627,priest,discipline,48,28,20
27504,Lauriinda,culte-de-la-rive-noire,1627,priest,discipline,219,113,106
27505,Krazuk,theradras,1627,priest,discipline,54,27,27
27506,Нз,soulflayer,1627,priest,discipline,47,23,24
27507,Колдрексх,deathguard,1627,priest,discipline,42,20,22
27508,Kaiikoo,ravencrest,1627,priest,discipline,36,17,19
27509,Aleluia,alonsus,1627,priest,discipline,99,43,56
27510,Babibayle,arakarahm,1627,priest,discipline,42,18,24
27511,Aldebrand,dun-modr,1627,priest,discipline,66,27,39
27512,Epa,zuljin,1626,priest,discipline,54,32,22
27513,Tylér,stormscale,1626,priest,discipline,90,52,38
27514,Inoru,stormreaver,1626,priest,discipline,198,104,94
27515,Хомие,soulflayer,1626,priest,discipline,85,44,41
27516,Chrïskz,archimonde,1626,priest,discipline,66,23,43
27517,Discxqt,ysondre,1625,priest,discipline,83,51,32
27518,Sloee,kazzak,1625,priest,discipline,36,21,15
27519,Asgà,stormscale,1625,priest,discipline,30,17,13
27520,Простосори,gordunni,1625,priest,discipline,540,267,273
27521,Luziaa,outland,1625,priest,discipline,83,41,42
27522,Уэйнестелл,booty-bay,1625,priest,discipline,48,21,27
27523,Labadudala,aegwynn,1624,priest,discipline,84,54,30
27524,Garsdal,tarren-mill,1624,priest,discipline,78,43,35
27525,Waffur,twisting-nether,1624,priest,discipline,41,22,19
27526,Hâlez,antonidas,1624,priest,discipline,410,212,198
27527,Darktheu,sanguino,1624,priest,discipline,39,20,19
27528,Znàdix,silvermoon,1624,priest,discipline,252,128,124
27529,Alicewhydel,blackhand,1624,priest,discipline,46,23,23
27530,Farae,arathor,1624,priest,discipline,44,19,25
27531,Hadis,tarren-mill,1624,priest,discipline,84,35,49
27532,Iyannà,blackrock,1623,priest,discipline,36,24,12
27533,Spbosse,aszune,1623,priest,discipline,54,33,21
27534,Artist,outland,1623,priest,discipline,30,17,13
27535,Incaflamesex,sanguino,1623,priest,discipline,36,20,16
27536,Naivah,dun-modr,1623,priest,discipline,56,29,27
27537,Roylian,ravencrest,1623,priest,discipline,36,17,19
27538,Nelielto,stormscale,1622,priest,discipline,28,21,7
27539,Djleffe,stormscale,1622,priest,discipline,39,23,16
27540,Mnu,blackrock,1622,priest,discipline,52,30,22
27541,Lerión,ravencrest,1622,priest,discipline,108,62,46
27542,Мплехибои,gordunni,1622,priest,discipline,54,30,24
27543,Feed,burning-legion,1622,priest,discipline,84,45,39
27544,Кролс,gordunni,1622,priest,discipline,42,22,20
27545,Двелегитоп,howling-fjord,1621,priest,discipline,36,23,13
27546,Zinzor,archimonde,1621,priest,discipline,61,37,24
27547,Eyesønyou,nemesis,1621,priest,discipline,33,19,14
27548,Sicarium,aegwynn,1621,priest,discipline,102,56,46
27549,Babybelle,arakarahm,1621,priest,discipline,61,33,28
27550,Grimdream,ragnaros,1621,priest,discipline,182,92,90
27551,Tepevelf,dun-modr,1621,priest,discipline,272,129,143
27552,Sotriggered,sylvanas,1621,priest,discipline,36,17,19
27553,Mindfiend,stormscale,1621,priest,discipline,81,37,44
27554,Dêmôn,stormscale,1620,priest,discipline,24,17,7
27555,Pewpewpew,krasus,1620,priest,discipline,42,29,13
27556,Abdcefgihljk,tarren-mill,1620,priest,discipline,30,17,13
27557,Pshan,blackmoore,1620,priest,discipline,176,90,86
27558,Shallteár,doomhammer,1620,priest,discipline,192,94,98
27559,Alterlight,twisting-nether,1620,priest,discipline,304,146,158
27560,Тыкофка,gordunni,1620,priest,discipline,152,72,80
27561,Soloqbob,kazzak,1620,priest,discipline,48,22,26
27562,Outtloor,twisting-nether,1619,priest,discipline,39,25,14
27563,Wifta,ravencrest,1619,priest,discipline,54,30,24
27564,Roxxes,kazzak,1619,priest,discipline,42,23,19
27565,Szelén,ragnaros,1619,priest,discipline,54,29,25
27566,Abudhabi,blackhand,1619,priest,discipline,374,187,187
27567,Женяшилд,howling-fjord,1619,priest,discipline,203,101,102
27568,Naripriest,eredar,1619,priest,discipline,48,22,26
27569,Melord,thunderhorn,1618,priest,discipline,44,27,17
27570,Mønsterx,kazzak,1618,priest,discipline,64,37,27
27571,Atothéèx,outland,1618,priest,discipline,48,26,22
27572,Deathblind,blackmoore,1618,priest,discipline,36,17,19
27573,Fainttnt,stormscale,1618,priest,discipline,54,22,32
27574,Medipack,khaz-modan,1617,priest,discipline,54,38,16
27575,Stargal,blackmoore,1617,priest,discipline,30,21,9
27576,Prost,aerie-peak,1617,priest,discipline,71,47,24
27577,Hamati,blackhand,1617,priest,discipline,138,77,61
27578,Cultaken,kazzak,1617,priest,discipline,58,30,28
27579,Asherá,kazzak,1617,priest,discipline,94,41,53
27580,Notnowelf,silvermoon,1617,priest,discipline,48,20,28
27581,Mikeypi,laughing-skull,1616,priest,discipline,36,25,11
27582,Isweariheal,twisting-nether,1616,priest,discipline,58,37,21
27583,Kekkonh,sylvanas,1616,priest,discipline,30,17,13
27584,Saniss,tarren-mill,1616,priest,discipline,78,39,39
27585,Интенси,gordunni,1616,priest,discipline,119,59,60
27586,Binder,tarren-mill,1616,priest,discipline,60,26,34
27587,Krolox,blackhand,1616,priest,discipline,60,25,35
27588,Ñíò,archimonde,1615,priest,discipline,48,27,21
27589,Èightsix,draenor,1615,priest,discipline,161,88,73
27590,Supemi,stormscale,1615,priest,discipline,42,18,24
27591,Mythasz,archimonde,1615,priest,discipline,52,21,31
27592,Kavrack,dalaran,1614,priest,discipline,30,17,13
27593,Prästbaazil,ragnaros,1614,priest,discipline,48,27,21
27594,Мэдсанван,howling-fjord,1614,priest,discipline,174,96,78
27595,Jmp,tarren-mill,1614,priest,discipline,40,21,19
27596,Feardotexe,frostwolf,1614,priest,discipline,163,82,81
27597,Çiione,archimonde,1614,priest,discipline,47,20,27
27598,Cøvu,draenor,1613,priest,discipline,39,25,14
27599,Gnzysan,blackrock,1613,priest,discipline,66,39,27
27600,Appuesi,dun-modr,1613,priest,discipline,30,17,13
27601,Shyria,argent-dawn,1613,priest,discipline,91,47,44
27602,Carnegi,burning-legion,1613,priest,discipline,170,86,84
27603,Jp,gorgonnash,1613,priest,discipline,42,21,21
27604,Swdjack,blackrock,1613,priest,discipline,192,92,100
27605,Zýgzäg,hyjal,1613,priest,discipline,172,81,91
27606,Olurin,rajaxx,1613,priest,discipline,72,29,43
27607,Burningheatx,kazzak,1612,priest,discipline,71,47,24
27608,Няжик,azuregos,1612,priest,discipline,66,33,33
27609,Cptatonement,draenor,1612,priest,discipline,60,30,30
27610,Xoxogg,burning-blade,1611,priest,discipline,108,69,39
27611,Matwucss,outland,1611,priest,discipline,42,25,17
27612,Forcedtoheal,sylvanas,1611,priest,discipline,72,42,30
27613,Verminous,ravencrest,1611,priest,discipline,68,38,30
27614,Shadowboness,twisting-nether,1611,priest,discipline,58,31,27
27615,Диспайзх,gordunni,1611,priest,discipline,204,97,107
27616,Judgementdaý,kazzak,1610,priest,discipline,30,20,10
27617,Fricia,zuljin,1610,priest,discipline,71,40,31
27618,Sosabgd,azjolnerub,1610,priest,discipline,36,20,16
27619,Mojmir,drakthul,1610,priest,discipline,46,25,21
27620,Jibrael,draenor,1610,priest,discipline,84,40,44
27621,Viu,eredar,1610,priest,discipline,51,22,29
27622,Zychopriest,antonidas,1610,priest,discipline,42,17,25
27623,Rylpriest,blackmoore,1609,priest,discipline,36,21,15
27624,Reticlel,kazzak,1609,priest,discipline,93,54,39
27625,Holyshiz,stormrage,1609,priest,discipline,42,24,18
27626,Kdot,drakthul,1609,priest,discipline,86,48,38
27627,Fazzy,nagrand,1609,priest,discipline,76,41,35
27628,Cätälin,twisting-nether,1609,priest,discipline,270,129,141
27629,Серью,booty-bay,1608,priest,discipline,24,18,6
27630,Tremrfinger,dun-modr,1608,priest,discipline,104,60,44
27631,Джахия,soulflayer,1608,priest,discipline,223,122,101
27632,Ranevskiy,kazzak,1608,priest,discipline,121,63,58
27633,Dîablø,eredar,1608,priest,discipline,66,31,35
27634,Fakecats,sargeras,1608,priest,discipline,51,22,29
27635,Monataamis,kazzak,1608,priest,discipline,47,20,27
27636,Neverlandx,bladefist,1607,priest,discipline,46,27,19
27637,Mightnáre,tarren-mill,1607,priest,discipline,36,21,15
27638,Zehakky,tarren-mill,1607,priest,discipline,151,85,66
27639,Oecgreg,ysondre,1607,priest,discipline,70,39,31
27640,Шмэтар,gordunni,1607,priest,discipline,48,25,23
27641,Aurosa,argent-dawn,1607,priest,discipline,123,64,59
27642,Cizer,kazzak,1607,priest,discipline,116,57,59
27643,Zloyvrach,ravencrest,1607,priest,discipline,126,60,66
27644,Solaçe,antonidas,1606,priest,discipline,48,26,22
27645,Trénboloné,tarren-mill,1606,priest,discipline,60,31,29
27646,Interrupted,kazzak,1606,priest,discipline,102,49,53
27647,Дардж,blackscar,1605,priest,discipline,24,17,7
27648,Anabølixx,ravencrest,1605,priest,discipline,36,23,13
27649,Dtpe,kazzak,1605,priest,discipline,93,59,34
27650,Føxy,emerald-dream,1605,priest,discipline,41,23,18
27651,Сайдвиндер,blackscar,1605,priest,discipline,42,21,21
27652,Tárget,frostwolf,1605,priest,discipline,48,22,26
27653,Voleck,aegwynn,1604,priest,discipline,30,17,13
27654,Saénna,burning-legion,1604,priest,discipline,44,22,22
27655,Artì,kazzak,1604,priest,discipline,119,55,64
27656,Thejambura,ragnaros,1603,priest,discipline,116,71,45
27657,Ostberger,twisting-nether,1603,priest,discipline,227,130,97
27658,Mcdced,archimonde,1603,priest,discipline,90,45,45
27659,Healdeal,stormscale,1603,priest,discipline,268,130,138
27660,Хилботгодикс,borean-tundra,1602,priest,discipline,42,32,10
27661,Iløvelena,ravencrest,1602,priest,discipline,39,23,16
27662,Zurlyne,ravencrest,1602,priest,discipline,39,22,17
27663,Хеликси,gordunni,1602,priest,discipline,235,127,108
27664,Horrðr,kazzak,1602,priest,discipline,108,58,50
27665,Xaey,ravencrest,1602,priest,discipline,216,107,109
27666,Cadierna,argent-dawn,1602,priest,discipline,42,19,23
27667,Flygar,outland,1602,priest,discipline,60,27,33
27668,Jackboss,draenor,1602,priest,discipline,74,31,43
27669,Tritíana,blackrock,1601,priest,discipline,186,107,79
27670,Massbimba,tarren-mill,1601,priest,discipline,246,134,112
27671,Jhaazx,nemesis,1601,priest,discipline,233,124,109
27672,Ashuramaru,drakthul,1601,priest,discipline,47,24,23
27673,Мастди,ashenvale,1601,priest,discipline,41,20,21
27674,Xîz,silvermoon,1601,priest,discipline,66,32,34
27675,Yro,gorgonnash,1601,priest,discipline,42,20,22
27676,Stampo,draenor,1601,priest,discipline,70,32,38
27677,Smitebone,tarren-mill,1601,priest,discipline,90,40,50
27678,Enzysama,sanguino,1601,priest,discipline,48,21,27
27679,Киллус,ashenvale,1601,priest,discipline,72,29,43
27680,Lgbtgodx,archimonde,1600,priest,discipline,61,45,16
27681,Ellfle,kazzak,1600,priest,discipline,42,26,16
27682,Trì,thrall,1600,priest,discipline,35,20,15
27683,Dêrbómbêr,guldan,1600,priest,discipline,54,30,24
27684,Sinîra,frostwolf,1600,priest,discipline,110,59,51
27685,Darkprist,sanguino,1600,priest,discipline,66,34,32
27686,Старлайтх,gordunni,1600,priest,discipline,35,18,17
27687,Xangha,burning-legion,1600,priest,discipline,264,133,131
27688,Mirupriest,sanguino,1600,priest,discipline,42,20,22
27689,Foh,antonidas,1600,priest,discipline,36,17,19
27690,Shento,blackhand,1600,priest,discipline,48,21,27
27691,Marícanqt,tarren-mill,1599,priest,discipline,30,23,7
27692,Géèk,alakir,1599,priest,discipline,100,52,48
27693,Blindmymind,malganis,1599,priest,discipline,87,44,43
27694,Yungblessing,stormscale,1599,priest,discipline,36,17,19
27695,Necronidas,burning-legion,1598,priest,discipline,73,38,35
27696,Llamamepadre,dun-modr,1598,priest,discipline,60,29,31
27697,Semagdnim,aggra-português,1597,priest,discipline,51,19,32
27698,Sebikpri,ravencrest,1596,priest,discipline,60,34,26
27699,Tansk,stormscale,1596,priest,discipline,174,97,77
27700,Coldyxz,blackrock,1596,priest,discipline,36,19,17
27701,Shalvy,aegwynn,1596,priest,discipline,212,108,104
27702,Баблби,soulflayer,1596,priest,discipline,169,73,96
27703,Alèxy,tarren-mill,1596,priest,discipline,48,19,29
27704,Hiddenhealz,blackrock,1595,priest,discipline,30,17,13
27705,Dush,draenor,1595,priest,discipline,56,31,25
27706,Helalolsun,archimonde,1595,priest,discipline,79,42,37
27707,Gepeitschter,frostwolf,1595,priest,discipline,202,104,98
27708,Faintly,emeriss,1595,priest,discipline,48,23,25
27709,Moyoo,kazzak,1595,priest,discipline,42,19,23
27710,Hwren,auchindoun,1595,priest,discipline,116,50,66
27711,Légít,argent-dawn,1594,priest,discipline,96,40,56
27712,Reäzx,archimonde,1593,priest,discipline,84,53,31
27713,Haakon,tarren-mill,1593,priest,discipline,30,17,13
27714,Padisonfire,blackmoore,1593,priest,discipline,48,19,29
27715,Badorange,kazzak,1592,priest,discipline,59,29,30
27716,Артфуул,howling-fjord,1591,priest,discipline,36,17,19
27717,Øbz,sylvanas,1591,priest,discipline,72,31,41
27718,Targoviste,archimonde,1590,priest,discipline,395,212,183
27719,Softie,zuljin,1590,priest,discipline,114,61,53
27720,Ptrspriest,twisting-nether,1590,priest,discipline,165,80,85
27721,Bercxu,ragnaros,1589,priest,discipline,99,50,49
27722,Absôlutvôdka,twisting-nether,1588,priest,discipline,54,30,24
27723,Nexìan,ravencrest,1588,priest,discipline,48,23,25
27724,Arvonpenaali,defias-brotherhood,1587,priest,discipline,42,25,17
27725,Yassjr,archimonde,1587,priest,discipline,50,25,25
27726,Vänskap,kazzak,1587,priest,discipline,132,65,67
27727,Worldgamer,blackrock,1587,priest,discipline,130,62,68
27728,Darknun,aggra-português,1587,priest,discipline,65,29,36
27729,Waaqa,outland,1587,priest,discipline,74,28,46
27730,Toba,hellscream,1585,priest,discipline,113,65,48
27731,Aphroditê,blackrock,1585,priest,discipline,40,22,18
27732,Døgfîsh,stormscale,1585,priest,discipline,48,25,23
27733,Sahorie,archimonde,1584,priest,discipline,135,79,56
27734,Copperpriest,draenor,1584,priest,discipline,68,35,33
27735,Skynoxx,ragnaros,1584,priest,discipline,114,56,58
27736,Vanillå,silvermoon,1584,priest,discipline,70,34,36
27737,Dreythan,stormrage,1584,priest,discipline,74,33,41
27738,Parzivál,argent-dawn,1584,priest,discipline,107,47,60
27739,Omgitshuux,blackmoore,1583,priest,discipline,66,31,35
27740,Rankoneprazt,stormscale,1583,priest,discipline,83,38,45
27741,Соулвардинг,soulflayer,1583,priest,discipline,60,26,34
27742,Logath,archimonde,1582,priest,discipline,30,17,13
27743,Амберис,gordunni,1581,priest,discipline,54,27,27
27744,Nÿpô,hyjal,1581,priest,discipline,50,25,25
27745,Чилюнахиле,gordunni,1581,priest,discipline,71,23,48
27746,Slikjar,stormscale,1580,priest,discipline,58,24,34
27747,Twosugars,sylvanas,1579,priest,discipline,138,71,67
27748,Алуан,blackscar,1579,priest,discipline,48,17,31
27749,Ínsäníty,outland,1578,priest,discipline,36,27,9
27750,Fsnx,sylvanas,1578,priest,discipline,34,22,12
27751,Holineß,burning-blade,1578,priest,discipline,84,51,33
27752,Riptile,outland,1578,priest,discipline,70,33,37
27753,Maccz,hyjal,1577,priest,discipline,68,32,36
27754,Chabih,ravencrest,1577,priest,discipline,48,20,28
27755,Shadowfishey,grim-batol,1577,priest,discipline,42,17,25
27756,Eördög,ragnaros,1576,priest,discipline,78,45,33
27757,Макимасама,gordunni,1576,priest,discipline,49,26,23
27758,Флафика,deathguard,1575,priest,discipline,78,45,33
27759,Skyløl,dun-modr,1575,priest,discipline,36,19,17
27760,Вилайф,galakrond,1575,priest,discipline,76,40,36
27761,Botstyleswdx,ravencrest,1575,priest,discipline,190,88,102
27762,Angelofdeàth,kazzak,1574,priest,discipline,132,76,56
27763,Leyasu,eredar,1574,priest,discipline,57,31,26
27764,Limeslayerx,veklor,1574,priest,discipline,48,26,22
27765,Люблюкофе,deathguard,1574,priest,discipline,89,44,45
27766,Raffá,blackhand,1574,priest,discipline,86,36,50
27767,Aia,tyrande,1573,priest,discipline,88,41,47
27768,Biophyzix,aegwynn,1573,priest,discipline,41,18,23
27769,Yoii,nemesis,1572,priest,discipline,52,30,22
27770,Nyarlatothep,boulderfist,1572,priest,discipline,148,77,71
27771,Jpjp,gorgonnash,1571,priest,discipline,47,34,13
27772,Dyliz,stormscale,1571,priest,discipline,247,127,120
27773,Acrio,die-ewige-wacht,1571,priest,discipline,78,39,39
27774,Nzothapostle,baelgun,1571,priest,discipline,249,115,134
27775,Colèy,blackhand,1570,priest,discipline,126,71,55
27776,Miikkap,blackhand,1570,priest,discipline,60,29,31
27777,Bubbelchên,blackhand,1570,priest,discipline,72,32,40
27778,Wâneis,stormscale,1569,priest,discipline,65,38,27
27779,Holysheett,magtheridon,1569,priest,discipline,102,58,44
27780,Blazekk,sylvanas,1569,priest,discipline,109,49,60
27781,Hèmera,tichondrius,1568,priest,discipline,55,41,14
27782,Pipperxp,ravencrest,1568,priest,discipline,48,31,17
27783,Ripperdepip,magtheridon,1568,priest,discipline,213,120,93
27784,Alinone,uldum,1568,priest,discipline,87,47,40
27785,Dreê,hyjal,1568,priest,discipline,42,19,23
27786,Frida,blackrock,1568,priest,discipline,42,18,24
27787,Yënâs,hyjal,1567,priest,discipline,109,63,46
27788,Deadwen,stormscale,1566,priest,discipline,240,133,107
27789,Southyz,stormscale,1566,priest,discipline,105,58,47
27790,Snusprällen,sylvanas,1566,priest,discipline,65,31,34
27791,Denyz,blackrock,1566,priest,discipline,54,21,33
27792,Discipleotl,stormscale,1565,priest,discipline,68,47,21
27793,Aternia,draenor,1565,priest,discipline,89,48,41
27794,Кэндимен,gordunni,1565,priest,discipline,283,152,131
27795,Выдокбля,soulflayer,1563,priest,discipline,34,25,9
27796,Redøm,stormreaver,1563,priest,discipline,42,23,19
27797,Hötchick,outland,1563,priest,discipline,126,64,62
27798,Yacine,blackrock,1563,priest,discipline,126,60,66
27799,Alicanx,twisting-nether,1563,priest,discipline,84,37,47
27800,Zackshock,sanguino,1563,priest,discipline,66,23,43
27801,Unfaker,drakthul,1562,priest,discipline,36,23,13
27802,Марабудх,soulflayer,1562,priest,discipline,92,50,42
27803,Pvpalt,argent-dawn,1562,priest,discipline,69,33,36
27804,Mamabeer,draenor,1561,priest,discipline,78,48,30
27805,Фруктовыйса,gordunni,1561,priest,discipline,32,18,14
27806,Wiwzi,outland,1561,priest,discipline,36,18,18
27807,Astralscare,outland,1560,priest,discipline,97,58,39
27808,Veltrag,sanguino,1560,priest,discipline,60,34,26
27809,Flurri,tarren-mill,1560,priest,discipline,154,86,68
27810,Valfore,eldrethalas,1560,priest,discipline,37,20,17
27811,Raezi,defias-brotherhood,1560,priest,discipline,196,105,91
27812,Рвотка,gordunni,1559,priest,discipline,124,68,56
27813,Toxp,kazzak,1559,priest,discipline,167,75,92
27814,Architectx,ravencrest,1559,priest,discipline,63,28,35
27815,Woodywoodpkr,senjin,1558,priest,discipline,76,43,33
27816,Luuña,ravencrest,1558,priest,discipline,179,98,81
27817,Cav,archimonde,1558,priest,discipline,131,65,66
27818,Daddydisc,tarren-mill,1557,priest,discipline,34,18,16
27819,Dreamscapez,tarren-mill,1557,priest,discipline,67,35,32
27820,Scodây,blackmoore,1557,priest,discipline,266,138,128
27821,Lishado,twisting-nether,1557,priest,discipline,96,49,47
27822,Violentha,kazzak,1557,priest,discipline,208,106,102
27823,Олдмэнсэйд,soulflayer,1557,priest,discipline,134,68,66
27824,Wencis,kazzak,1557,priest,discipline,66,33,33
27825,Shielddanke,blackmoore,1557,priest,discipline,84,40,44
27826,Пальтишко,howling-fjord,1557,priest,discipline,96,45,51
27827,Raawri,blackmoore,1557,priest,discipline,54,24,30
27828,Türsteherxxl,mannoroth,1556,priest,discipline,24,17,7
27829,Lïnkz,kazzak,1556,priest,discipline,66,38,28
27830,Tamy,draenor,1556,priest,discipline,62,33,29
27831,Enimao,tarren-mill,1556,priest,discipline,55,29,26
27832,Exoduz,stormscale,1556,priest,discipline,287,143,144
27833,Träskfarfar,tarren-mill,1556,priest,discipline,42,20,22
27834,Intentoso,nemesis,1556,priest,discipline,36,17,19
27835,Валифа,gordunni,1555,priest,discipline,62,38,24
27836,Lethalhealz,outland,1555,priest,discipline,247,125,122
27837,Cinri,argent-dawn,1555,priest,discipline,241,117,124
27838,Vhim,hyjal,1555,priest,discipline,52,24,28
27839,Рнкх,lich-king,1555,priest,discipline,40,17,23
27840,Fearadelia,thrall,1554,priest,discipline,24,18,6
27841,Cathocrasty,draenor,1554,priest,discipline,123,69,54
27842,Eßola,silvermoon,1554,priest,discipline,88,44,44
27843,Frednshield,tarren-mill,1554,priest,discipline,69,34,35
27844,Mustatomi,stormreaver,1554,priest,discipline,39,17,22
27845,Rher,blackmoore,1553,priest,discipline,85,52,33
27846,Sháady,ravencrest,1553,priest,discipline,78,41,37
27847,Рэйкар,razuvious,1553,priest,discipline,65,33,32
27848,Khâléd,kazzak,1553,priest,discipline,36,17,19
27849,Juggster,bloodhoof,1552,priest,discipline,174,91,83
27850,Cresellia,twisting-nether,1552,priest,discipline,170,81,89
27851,Deathspren,stormscale,1552,priest,discipline,42,19,23
27852,Расспутана,howling-fjord,1551,priest,discipline,320,158,162
27853,Soraal,argent-dawn,1551,priest,discipline,79,39,40
27854,Fuzzybae,ravencrest,1551,priest,discipline,66,32,34
27855,Korzec,dun-modr,1550,priest,discipline,108,57,51
27856,Jandice,blackrock,1550,priest,discipline,36,18,18
27857,Надийя,gordunni,1549,priest,discipline,120,68,52
27858,Xaerah,blackmoore,1549,priest,discipline,78,41,37
27859,Skaliq,tarren-mill,1549,priest,discipline,147,77,70
27860,Nêlumar,aegwynn,1549,priest,discipline,82,42,40
27861,Arkkinunna,outland,1549,priest,discipline,124,59,65
27862,Húlda,auchindoun,1548,priest,discipline,48,24,24
27863,Sonics,antonidas,1548,priest,discipline,66,31,35
27864,Yøløswagg,silvermoon,1548,priest,discipline,98,45,53
27865,Troedelsuppe,destromath,1548,priest,discipline,162,67,95
27866,Aclass,outland,1547,priest,discipline,92,44,48
27867,Karmasmom,kazzak,1547,priest,discipline,42,17,25
27868,Anarame,silvermoon,1546,priest,discipline,45,24,21
27869,Èzì,burning-legion,1546,priest,discipline,173,89,84
27870,Poonies,silvermoon,1546,priest,discipline,124,61,63
27871,Piperxp,ravencrest,1545,priest,discipline,36,19,17
27872,Alphabreyf,tarren-mill,1545,priest,discipline,83,43,40
27873,Rezzurrectum,doomhammer,1545,priest,discipline,105,51,54
27874,Kitanai,silvermoon,1544,priest,discipline,30,17,13
27875,Aasgard,frostwolf,1544,priest,discipline,90,46,44
27876,Disillusíon,tarren-mill,1544,priest,discipline,144,70,74
27877,Diszi,norgannon,1544,priest,discipline,58,28,30
27878,Jesuispasbon,hyjal,1543,priest,discipline,30,17,13
27879,Mêmphìs,twisting-nether,1543,priest,discipline,83,38,45
27880,Cedifanboyx,archimonde,1543,priest,discipline,42,18,24
27881,Kamiyasa,blackmoore,1542,priest,discipline,121,63,58
27882,Admiration,eredar,1542,priest,discipline,47,23,24
27883,Батямелднул,blackscar,1541,priest,discipline,60,36,24
27884,Mtbalt,tarren-mill,1541,priest,discipline,120,71,49
27885,Gingerflexay,archimonde,1541,priest,discipline,36,21,15
27886,Ojh,defias-brotherhood,1541,priest,discipline,48,22,26
27887,Tjat,silvermoon,1540,priest,discipline,66,34,32
27888,Whiskie,twisting-nether,1540,priest,discipline,60,30,30
27889,Psi,hakkar,1540,priest,discipline,36,18,18
27890,Grzmocillaa,burning-legion,1540,priest,discipline,54,26,28
27891,Lahammy,kazzak,1539,priest,discipline,62,33,29
27892,Keyfear,kazzak,1539,priest,discipline,87,44,43
27893,Jetlìfe,ysondre,1539,priest,discipline,36,18,18
27894,Grautesk,chogall,1539,priest,discipline,48,23,25
27895,Влажныйшп,soulflayer,1538,priest,discipline,66,37,29
27896,Alsalty,stormscale,1538,priest,discipline,43,18,25
27897,Ptsd,argent-dawn,1537,priest,discipline,96,46,50
27898,Ecg,silvermoon,1537,priest,discipline,42,18,24
27899,Симпоз,howling-fjord,1537,priest,discipline,80,34,46
27900,Mêduse,ravencrest,1537,priest,discipline,63,21,42
27901,Natapriest,antonidas,1536,priest,discipline,266,145,121
27902,Styilepriest,twisting-nether,1536,priest,discipline,36,18,18
27903,Vicwix,draenor,1535,priest,discipline,29,17,12
27904,Verzeichnis,thrall,1535,priest,discipline,130,76,54
27905,Saintpri,twisting-nether,1535,priest,discipline,96,52,44
27906,Cringê,ravencrest,1535,priest,discipline,30,16,14
27907,Chamelthoe,the-maelstrom,1535,priest,discipline,114,54,60
27908,Yuukii,kult-der-verdammten,1535,priest,discipline,36,17,19
27909,Goblex,hyjal,1535,priest,discipline,63,28,35
27910,Ijzerehenk,outland,1535,priest,discipline,70,26,44
27911,Майндоф,howling-fjord,1534,priest,discipline,60,34,26
27912,Discomacka,twisting-nether,1534,priest,discipline,48,26,22
27913,Pmh,kazzak,1534,priest,discipline,120,60,60
27914,Terno,sylvanas,1534,priest,discipline,356,177,179
27915,Buan,blackmoore,1533,priest,discipline,63,39,24
27916,Aêbi,dalaran,1533,priest,discipline,36,21,15
27917,Painxd,stormscale,1533,priest,discipline,33,18,15
27918,Akemmì,sylvanas,1533,priest,discipline,156,80,76
27919,Tinre,ravenholdt,1533,priest,discipline,48,23,25
27920,Voidsnitch,antonidas,1533,priest,discipline,96,44,52
27921,Tifa,ravencrest,1532,priest,discipline,102,55,47
27922,Rogeron,blackrock,1532,priest,discipline,30,16,14
27923,Remlos,der-rat-von-dalaran,1532,priest,discipline,72,35,37
27924,Valnor,pozzo-delleternità,1532,priest,discipline,57,27,30
27925,Mysticforces,silvermoon,1532,priest,discipline,78,34,44
27926,Володябигуди,howling-fjord,1531,priest,discipline,64,36,28
27927,Sebekklawl,wrathbringer,1531,priest,discipline,97,52,45
27928,Фыбра,soulflayer,1531,priest,discipline,30,16,14
27929,Edoran,ragnaros,1531,priest,discipline,103,54,49
27930,Darkprofit,aegwynn,1531,priest,discipline,113,56,57
27931,Holycrapx,chromaggus,1531,priest,discipline,104,51,53
27932,Wiildsy,tarren-mill,1531,priest,discipline,53,24,29
27933,Ectria,ravencrest,1531,priest,discipline,54,22,32
27934,Glaedahr,blackmoore,1531,priest,discipline,66,26,40
27935,Амбракадабра,blackscar,1530,priest,discipline,36,26,10
27936,Psnextxp,eredar,1530,priest,discipline,87,51,36
27937,Goky,kazzak,1530,priest,discipline,30,16,14
27938,Tutoress,stormscale,1530,priest,discipline,48,23,25
27939,Swallowship,twisting-nether,1530,priest,discipline,36,16,20
27940,Systerstål,twisting-nether,1529,priest,discipline,94,53,41
27941,Remkojatwo,blackrock,1529,priest,discipline,30,16,14
27942,Onelovexx,thrall,1529,priest,discipline,60,28,32
27943,Srakabot,burning-legion,1529,priest,discipline,72,33,39
27944,Kavrack,sargeras,1528,priest,discipline,30,16,14
27945,Deepsea,kazzak,1528,priest,discipline,449,217,232
27946,Nevor,nemesis,1528,priest,discipline,124,57,67
27947,Anyndra,twisting-nether,1527,priest,discipline,36,22,14
27948,Lurri,tarren-mill,1527,priest,discipline,132,68,64
27949,Gûardianwisp,ravencrest,1527,priest,discipline,211,107,104
27950,Ohbenji,ravencrest,1527,priest,discipline,140,67,73
27951,Aïezn,culte-de-la-rive-noire,1527,priest,discipline,194,88,106
27952,Nightreaver,argent-dawn,1526,priest,discipline,63,35,28
27953,Mautijr,blackrock,1526,priest,discipline,302,158,144
27954,Discgodx,ravencrest,1526,priest,discipline,60,31,29
27955,Eleatros,blackrock,1526,priest,discipline,106,52,54
27956,Sethp,hyjal,1525,priest,discipline,30,21,9
27957,Huffinctus,tarren-mill,1525,priest,discipline,112,59,53
27958,Johen,terenas,1525,priest,discipline,102,52,50
27959,Nurbanu,ravencrest,1524,priest,discipline,77,49,28
27960,Skylar,xavius,1524,priest,discipline,48,29,19
27961,Enoriya,blackrock,1524,priest,discipline,259,140,119
27962,Elämäntypy,stormscale,1524,priest,discipline,90,45,45
27963,Yîrâ,antonidas,1524,priest,discipline,192,92,100
27964,Майти,gordunni,1523,priest,discipline,47,25,22
27965,Zoe,aegwynn,1523,priest,discipline,213,112,101
27966,Chôrdi,aegwynn,1523,priest,discipline,154,76,78
27967,Виспх,eversong,1523,priest,discipline,269,120,149
27968,Jackyz,tarren-mill,1523,priest,discipline,60,21,39
27969,Raeratwo,archimonde,1522,priest,discipline,30,16,14
27970,Øpra,nemesis,1522,priest,discipline,30,16,14
27971,Kyseki,ravencrest,1522,priest,discipline,490,250,240
27972,Lythi,eredar,1522,priest,discipline,118,52,66
27973,Cnqx,archimonde,1522,priest,discipline,42,16,26
27974,Lyés,uldaman,1521,priest,discipline,217,130,87
27975,Мдзшка,gordunni,1521,priest,discipline,541,271,270
27976,Prästpojken,frostwhisper,1521,priest,discipline,137,65,72
27977,Yonkerz,frostmane,1521,priest,discipline,222,104,118
27978,Treen,silvermoon,1520,priest,discipline,80,45,35
27979,Drxz,twilights-hammer,1520,priest,discipline,46,24,22
27980,Evõmax,sylvanas,1520,priest,discipline,304,157,147
27981,Mamis,anetheron,1520,priest,discipline,48,22,26
27982,Benau,aegwynn,1519,priest,discipline,60,38,22
27983,Dalylla,aggra-português,1519,priest,discipline,94,52,42
27984,Spirítbox,argent-dawn,1519,priest,discipline,130,71,59
27985,Lilpi,rexxar,1519,priest,discipline,105,56,49
27986,Hateyeleison,burning-legion,1519,priest,discipline,72,34,38
27987,Effectx,stormscale,1519,priest,discipline,84,39,45
27988,Prioheal,hyjal,1518,priest,discipline,72,41,31
27989,Durmadanbas,ravencrest,1518,priest,discipline,51,28,23
27990,Трихоманиаз,ashenvale,1518,priest,discipline,48,23,25
27991,Nubso,aegwynn,1518,priest,discipline,42,20,22
27992,Greyanna,twisting-nether,1518,priest,discipline,42,20,22
27993,Freaki,blackrock,1517,priest,discipline,48,28,20
27994,Rasha,kazzak,1517,priest,discipline,99,56,43
27995,Babloche,archimonde,1516,priest,discipline,48,27,21
27996,Bornxgood,kazzak,1516,priest,discipline,42,18,24
27997,Gotikaa,blackrock,1515,priest,discipline,90,46,44
27998,Louiepr,outland,1515,priest,discipline,36,16,20
27999,Árî,dun-modr,1514,priest,discipline,135,74,61
28000,Гоплзнекст,gordunni,1514,priest,discipline,30,16,14
28001,Lukéy,silvermoon,1514,priest,discipline,66,33,33
28002,Noobpriest,blackrock,1514,priest,discipline,112,54,58
28003,Raesd,argent-dawn,1513,priest,discipline,58,30,28
28004,Kratzîgel,blackmoore,1512,priest,discipline,120,69,51
28005,Grêy,dun-modr,1512,priest,discipline,47,24,23
28006,Erupyks,archimonde,1512,priest,discipline,36,18,18
28007,Ciri,die-aldor,1511,priest,discipline,31,18,13
28008,Eyllise,ragnaros,1511,priest,discipline,359,181,178
28009,Aestina,silvermoon,1511,priest,discipline,120,58,62
28010,Опрометчивый,soulflayer,1510,priest,discipline,42,19,23
28011,Pumpkin,aggramar,1509,priest,discipline,30,19,11
28012,Goldgot,tarren-mill,1509,priest,discipline,42,20,22
28013,Ledania,aegwynn,1508,priest,discipline,37,25,12
28014,Knazh,twisting-nether,1508,priest,discipline,36,20,16
28015,Dairox,blackrock,1508,priest,discipline,130,72,58
28016,Arkatina,outland,1508,priest,discipline,70,38,32
28017,Axla,stormscale,1508,priest,discipline,59,29,30
28018,Gulch,blackmoore,1508,priest,discipline,84,40,44
28019,Castpenance,blackrock,1508,priest,discipline,123,56,67
28020,Лоео,ashenvale,1508,priest,discipline,60,26,34
28021,Crims,twisting-nether,1507,priest,discipline,108,62,46
28022,Healicious,teldrassil,1507,priest,discipline,30,16,14
28023,Kurt,blackrock,1507,priest,discipline,136,66,70
28024,Zealtron,darksorrow,1507,priest,discipline,47,19,28
28025,Апититька,soulflayer,1506,priest,discipline,126,64,62
28026,Исусиприст,deepholm,1506,priest,discipline,42,20,22
28027,Nothic,blackmoore,1506,priest,discipline,130,59,71
28028,Safemode,ravencrest,1505,priest,discipline,47,25,22
28029,Shînnøk,silvermoon,1505,priest,discipline,113,59,54
28030,Смайтвайфу,howling-fjord,1505,priest,discipline,54,27,27
28031,Mortarz,ragnaros,1505,priest,discipline,71,31,40
28032,Dench,azjolnerub,1505,priest,discipline,60,25,35
28033,Derylium,kazzak,1504,priest,discipline,63,42,21
28034,Golletz,twisting-nether,1504,priest,discipline,78,44,34
28035,Остроухх,howling-fjord,1504,priest,discipline,88,49,39
28036,Winnever,dun-modr,1504,priest,discipline,279,151,128
28037,Аферона,soulflayer,1504,priest,discipline,48,24,24
28038,Makemyday,dun-modr,1504,priest,discipline,76,36,40
28039,Supernal,twisting-nether,1504,priest,discipline,72,34,38
28040,Пакетикдот,gordunni,1503,priest,discipline,207,120,87
28041,Heilerharry,blackmoore,1503,priest,discipline,34,19,15
28042,Senpumara,malganis,1502,priest,discipline,282,141,141
28043,Мэдмод,gordunni,1502,priest,discipline,142,64,78
28044,Maskinjundre,bronzebeard,1502,priest,discipline,51,21,30
28045,Xaridan,thrall,1501,priest,discipline,48,31,17
28046,Fartsponge,ragnaros,1501,priest,discipline,31,17,14
28047,Sickwill,blackrock,1500,priest,discipline,52,29,23
28048,Мьюсх,deathguard,1500,priest,discipline,77,42,35
28049,Cúrt,sanguino,1500,priest,discipline,60,29,31
28050,Dreamhatcher,deathwing,1500,priest,discipline,42,18,24
28051,Elwing,darkmoon-faire,1500,priest,discipline,48,18,30
28052,Paìnz,blackhand,1499,priest,discipline,74,43,31
28053,Гачибунта,blackscar,1499,priest,discipline,136,79,57
28054,Cursedme,blackrock,1499,priest,discipline,42,24,18
28055,Ræpriestx,ragnaros,1499,priest,discipline,117,66,51
28056,Anaqt,silvermoon,1499,priest,discipline,317,160,157
28057,Neoni,blackmoore,1499,priest,discipline,198,99,99
28058,Dìsc,ravencrest,1499,priest,discipline,78,37,41
28059,Архиэрей,soulflayer,1499,priest,discipline,51,24,27
28060,Deadthicc,hyjal,1498,priest,discipline,38,26,12
28061,Ixdeadxl,stormscale,1498,priest,discipline,79,48,31
28062,ßabylexa,ravencrest,1498,priest,discipline,116,54,62
28063,Diarolz,sanguino,1497,priest,discipline,81,46,35
28064,Lemontea,frostwolf,1497,priest,discipline,42,23,19
28065,Rizzlerx,blackmoore,1496,priest,discipline,60,34,26
28066,Ruderali,blackmoore,1496,priest,discipline,185,102,83
28067,Jaesabøyx,twisting-nether,1496,priest,discipline,69,35,34
28068,Alz,rashgarroth,1496,priest,discipline,140,68,72
28069,Холиблэк,blackscar,1496,priest,discipline,36,16,20
28070,Towelie,stormscale,1495,priest,discipline,36,16,20
28071,Faouzia,argent-dawn,1495,priest,discipline,36,16,20
28072,Шимату,howling-fjord,1495,priest,discipline,72,25,47
28073,Onetwo,silvermoon,1494,priest,discipline,30,18,12
28074,Drawun,burning-legion,1494,priest,discipline,116,67,49
28075,Ballsbrawlz,sylvanas,1494,priest,discipline,42,24,18
28076,Sheshan,destromath,1494,priest,discipline,53,29,24
28077,Hïstërïä,silvermoon,1494,priest,discipline,57,28,29
28078,Burnex,thrall,1494,priest,discipline,102,49,53
28079,Olio,outland,1494,priest,discipline,76,35,41
28080,Tarîs,archimonde,1494,priest,discipline,72,31,41
28081,Massasax,kazzak,1493,priest,discipline,48,30,18
28082,Soulreapper,blackhand,1493,priest,discipline,189,103,86
28083,Antainis,silvermoon,1493,priest,discipline,155,84,71
28084,Vorynax,silvermoon,1493,priest,discipline,86,40,46
28085,Bublelicious,silvermoon,1492,priest,discipline,84,43,41
28086,Tinpr,sanguino,1492,priest,discipline,111,50,61
28087,Blackheall,nemesis,1491,priest,discipline,42,22,20
28088,Holycrit,aszune,1491,priest,discipline,59,29,30
28089,Aurunea,blackrock,1490,priest,discipline,45,30,15
28090,Fantästic,kazzak,1490,priest,discipline,146,78,68
28091,Littleflash,lightbringer,1490,priest,discipline,87,43,44
28092,Senosaurus,tarren-mill,1490,priest,discipline,78,37,41
28093,Noodlesoup,daggerspine,1489,priest,discipline,121,67,54
28094,Bleedingeyes,tarren-mill,1489,priest,discipline,51,27,24
28095,Nastynina,frostwhisper,1489,priest,discipline,88,42,46
28096,Лилатэль,blackscar,1489,priest,discipline,132,58,74
28097,Tynsxd,silvermoon,1488,priest,discipline,149,83,66
28098,Ceraghk,tichondrius,1488,priest,discipline,144,76,68
28099,Blackbox,burning-legion,1488,priest,discipline,169,80,89
28100,Khazidhea,frostwolf,1488,priest,discipline,87,41,46
28101,Mackópriest,ragnaros,1488,priest,discipline,144,66,78
28102,Sebbepriest,twisting-nether,1487,priest,discipline,42,27,15
28103,Céph,sylvanas,1487,priest,discipline,42,21,21
28104,Iqr,blackmoore,1487,priest,discipline,42,20,22
28105,Fiskpung,draenor,1486,priest,discipline,48,28,20
28106,Orophar,antonidas,1486,priest,discipline,209,107,102
28107,Nomakprst,sanguino,1486,priest,discipline,130,63,67
28108,Mewpew,azjolnerub,1486,priest,discipline,54,23,31
28109,Stevep,tarren-mill,1485,priest,discipline,72,36,36
28110,Cbsad,madmortem,1484,priest,discipline,90,49,41
28111,Daddyfinger,argent-dawn,1483,priest,discipline,109,63,46
28112,Deki,outland,1483,priest,discipline,54,23,31
28113,Enzyme,drakthul,1482,priest,discipline,36,24,12
28114,Тэтэшник,ashenvale,1482,priest,discipline,176,92,84
28115,Shîn,aegwynn,1482,priest,discipline,75,37,38
28116,Redpriestess,kazzak,1481,priest,discipline,29,16,13
28117,Jumperlawl,khaz-modan,1481,priest,discipline,48,26,22
28118,Ihaveibs,doomhammer,1481,priest,discipline,77,36,41
28119,Bloodie,drakthul,1480,priest,discipline,24,16,8
28120,Rikipope,ravencrest,1480,priest,discipline,42,25,17
28121,Подчинись,ashenvale,1480,priest,discipline,134,74,60
28122,Властьтени,gordunni,1480,priest,discipline,163,82,81
28123,Averagenoob,ragnaros,1480,priest,discipline,81,35,46
28124,Джелесана,gordunni,1479,priest,discipline,99,45,54
28125,Ømñyx,outland,1479,priest,discipline,36,16,20
28126,Banaynay,bronzebeard,1479,priest,discipline,59,24,35
28127,Sehek,sanguino,1478,priest,discipline,66,28,38
28128,Лимью,soulflayer,1478,priest,discipline,62,26,36
28129,Yhraeliaegh,defias-brotherhood,1478,priest,discipline,69,26,43
28130,Bromine,twisting-nether,1477,priest,discipline,35,26,9
28131,Aéríthx,ravencrest,1477,priest,discipline,108,52,56
28132,Scréam,eredar,1477,priest,discipline,72,33,39
28133,Chrispriest,argent-dawn,1477,priest,discipline,56,24,32
28134,Ssol,tarren-mill,1476,priest,discipline,60,33,27
28135,Zhenni,ravencrest,1476,priest,discipline,30,16,14
28136,Могулас,soulflayer,1476,priest,discipline,376,188,188
28137,Hunfall,stormscale,1476,priest,discipline,46,23,23
28138,Пеппаслав,soulflayer,1475,priest,discipline,42,22,20
28139,Keewix,ysondre,1475,priest,discipline,95,46,49
28140,Devot,outland,1474,priest,discipline,126,68,58
28141,Mzpriest,dalaran,1474,priest,discipline,76,41,35
28142,Jakeow,auchindoun,1474,priest,discipline,87,46,41
28143,Prezica,stormscale,1474,priest,discipline,137,72,65
28144,Aboû,archimonde,1474,priest,discipline,48,25,23
28145,Buzzy,twisting-nether,1474,priest,discipline,102,53,49
28146,Chuckline,eredar,1474,priest,discipline,90,43,47
28147,Holymöly,archimonde,1474,priest,discipline,49,20,29
28148,Licktheheal,outland,1473,priest,discipline,30,17,13
28149,Санггвиний,soulflayer,1473,priest,discipline,108,55,53
28150,Sannti,twisting-nether,1473,priest,discipline,48,24,24
28151,Torî,blackrock,1473,priest,discipline,36,17,19
28152,Sorrybowtdat,tarren-mill,1473,priest,discipline,120,56,64
28153,Nerfpriest,tarren-mill,1473,priest,discipline,108,50,58
28154,Джулибуба,borean-tundra,1473,priest,discipline,57,26,31
28155,Vanadii,blackhand,1472,priest,discipline,48,28,20
28156,Chimara,eredar,1472,priest,discipline,166,89,77
28157,Marllen,twisting-nether,1472,priest,discipline,139,68,71
28158,Acik,bladefist,1472,priest,discipline,59,27,32
28159,Sctheal,outland,1472,priest,discipline,42,18,24
28160,Themistia,kazzak,1471,priest,discipline,151,70,81
28161,Veilon,defias-brotherhood,1471,priest,discipline,60,24,36
28162,Вичкрафт,howling-fjord,1471,priest,discipline,60,23,37
28163,Porklifer,tarren-mill,1470,priest,discipline,54,32,22
28164,Maneipriest,drakthul,1470,priest,discipline,65,35,30
28165,Юлих,booty-bay,1470,priest,discipline,124,60,64
28166,Олегстразза,howling-fjord,1470,priest,discipline,153,74,79
28167,Loarderonx,stormscale,1470,priest,discipline,35,16,19
28168,Karoopi,ysondre,1469,priest,discipline,203,105,98
28169,Liviúss,draenor,1469,priest,discipline,144,70,74
28170,Agatioxd,dun-modr,1468,priest,discipline,48,31,17
28171,Mástermínd,kazzak,1468,priest,discipline,51,31,20
28172,Spiochpr,burning-legion,1468,priest,discipline,108,62,46
28173,Lapinvicieux,archimonde,1468,priest,discipline,54,31,23
28174,Battra,argent-dawn,1468,priest,discipline,78,41,37
28175,Unpsofablé,outland,1468,priest,discipline,52,27,25
28176,Khrtp,silvermoon,1468,priest,discipline,36,16,20
28177,Niholie,sinstralis,1468,priest,discipline,78,32,46
28178,Drwlad,archimonde,1468,priest,discipline,66,26,40
28179,Ykiotonegawa,twisting-nether,1468,priest,discipline,117,45,72
28180,Êvîlêvê,blackmoore,1467,priest,discipline,46,30,16
28181,Жариха,gordunni,1467,priest,discipline,54,31,23
28182,Tallzoné,ravencrest,1467,priest,discipline,86,48,38
28183,Shaov,archimonde,1467,priest,discipline,42,22,20
28184,Ёджих,blackscar,1467,priest,discipline,133,65,68
28185,Brutapriestx,stormscale,1467,priest,discipline,35,16,19
28186,Getötet,blackrock,1466,priest,discipline,60,36,24
28187,Emon,nemesis,1466,priest,discipline,54,32,22
28188,Spoggle,kazzak,1466,priest,discipline,102,51,51
28189,Gbpjr,xavius,1466,priest,discipline,199,98,101
28190,Yákizå,darksorrow,1466,priest,discipline,72,30,42
28191,Amysantiàgo,sylvanas,1465,priest,discipline,125,64,61
28192,Defineless,outland,1465,priest,discipline,165,76,89
28193,Sbeecha,argent-dawn,1465,priest,discipline,78,35,43
28194,Kanî,eredar,1465,priest,discipline,78,35,43
28195,Sochnaochen,outland,1464,priest,discipline,84,48,36
28196,Gïanna,archimonde,1464,priest,discipline,96,52,44
28197,Jupiter,silvermoon,1464,priest,discipline,125,67,58
28198,Syrell,sanguino,1464,priest,discipline,35,16,19
28199,Geierlol,blackrock,1464,priest,discipline,42,17,25
28200,Scade,kazzak,1463,priest,discipline,98,47,51
28201,Хербоб,howling-fjord,1463,priest,discipline,202,95,107
28202,Nahni,teldrassil,1463,priest,discipline,184,81,103
28203,Mertérésa,hyjal,1462,priest,discipline,49,29,20
28204,Galadrielkä,drakthul,1462,priest,discipline,121,67,54
28205,Мненосина,goldrinn,1462,priest,discipline,46,21,25
28206,Ботхесатва,deepholm,1462,priest,discipline,77,35,42
28207,Amoxkys,nemesis,1462,priest,discipline,86,39,47
28208,Sameec,drakthul,1462,priest,discipline,84,37,47
28209,Krayziest,tarren-mill,1461,priest,discipline,42,26,16
28210,Cárith,nemesis,1461,priest,discipline,34,19,15
28211,Íhðly,silvermoon,1461,priest,discipline,84,42,42
28212,Goodgirl,frostmane,1460,priest,discipline,40,27,13
28213,Invexx,tarren-mill,1460,priest,discipline,207,97,110
28214,Трэй,deathguard,1459,priest,discipline,90,50,40
28215,Ðiscobiscuit,argent-dawn,1459,priest,discipline,104,55,49
28216,Arize,dun-modr,1459,priest,discipline,48,24,24
28217,Anotherdisc,aegwynn,1459,priest,discipline,220,104,116
28218,Elfarity,tarren-mill,1458,priest,discipline,35,21,14
28219,Ivysaurus,ravencrest,1458,priest,discipline,74,42,32
28220,Yvaini,xavius,1458,priest,discipline,90,49,41
28221,Ruly,ragnaros,1458,priest,discipline,51,25,26
28222,Makesnosense,kilrogg,1458,priest,discipline,54,26,28
28223,Moarein,twisting-nether,1458,priest,discipline,72,32,40
28224,Radegast,jaedenar,1457,priest,discipline,150,71,79
28225,Enigam,alakir,1456,priest,discipline,72,38,34
28226,Dotdotggwp,stormscale,1456,priest,discipline,90,42,48
28227,Mjamc,stormscale,1456,priest,discipline,99,44,55
28228,Péntagón,festung-der-stürme,1456,priest,discipline,48,19,29
28229,Nyxalia,silvermoon,1455,priest,discipline,30,18,12
28230,Sémi,twisting-nether,1455,priest,discipline,54,31,23
28231,Kåstå,archimonde,1455,priest,discipline,92,51,41
28232,Dêxter,hyjal,1455,priest,discipline,126,63,63
28233,Pristerline,antonidas,1454,priest,discipline,31,20,11
28234,Фейкай,blackscar,1454,priest,discipline,54,28,26
28235,Apøcalypso,antonidas,1454,priest,discipline,138,71,67
28236,Disturbdtwo,archimonde,1454,priest,discipline,66,31,35
28237,Slasherh,ravencrest,1453,priest,discipline,183,92,91
28238,Dealtime,ysondre,1453,priest,discipline,32,16,16
28239,Алуриэлия,gordunni,1453,priest,discipline,83,40,43
28240,Holyshart,magtheridon,1453,priest,discipline,77,37,40
28241,Lucidluke,blackmoore,1453,priest,discipline,48,22,26
28242,Mvuu,kazzak,1452,priest,discipline,42,25,17
28243,Otuschpriest,blackmoore,1452,priest,discipline,36,20,16
28244,Ventorina,die-aldor,1451,priest,discipline,42,24,18
28245,Kätsulol,ysondre,1451,priest,discipline,48,24,24
28246,Шпангл,gordunni,1450,priest,discipline,198,100,98
28247,Panoio,aggra-português,1449,priest,discipline,89,38,51
28248,Шарадин,gordunni,1448,priest,discipline,110,59,51
28249,Kobri,gilneas,1448,priest,discipline,84,42,42
28250,Kimozabi,ravencrest,1448,priest,discipline,50,25,25
28251,Schmatzy,blackmoore,1448,priest,discipline,48,24,24
28252,Marryisme,twisting-nether,1448,priest,discipline,90,42,48
28253,Ryazz,blackrock,1448,priest,discipline,48,22,26
28254,Avgenjoyer,kazzak,1448,priest,discipline,174,79,95
28255,Adolin,onyxia,1447,priest,discipline,47,24,23
28256,Angelic,ragnaros,1447,priest,discipline,191,92,99
28257,Mòly,archimonde,1446,priest,discipline,27,17,10
28258,Toorree,stormscale,1446,priest,discipline,137,70,67
28259,Kâltak,aegwynn,1446,priest,discipline,48,24,24
28260,Sáshagrey,arathor,1446,priest,discipline,49,24,25
28261,Крутосанка,blackscar,1445,priest,discipline,42,22,20
28262,Mylini,silvermoon,1445,priest,discipline,99,50,49
28263,Solaqt,tarren-mill,1445,priest,discipline,48,19,29
28264,Серыйлог,galakrond,1444,priest,discipline,90,49,41
28265,Jazzmind,stormscale,1444,priest,discipline,150,77,73
28266,Hypernym,eredar,1443,priest,discipline,32,20,12
28267,Arthyria,archimonde,1443,priest,discipline,42,24,18
28268,Troublemaker,durotan,1443,priest,discipline,60,33,27
28269,Trekztwo,archimonde,1443,priest,discipline,66,32,34
28270,Chankilolx,dun-modr,1443,priest,discipline,169,78,91
28271,Sombralúz,sanguino,1442,priest,discipline,36,20,16
28272,Aizakku,frostmane,1442,priest,discipline,36,19,17
28273,Shanny,kazzak,1442,priest,discipline,89,43,46
28274,Arrlina,magtheridon,1442,priest,discipline,74,34,40
28275,Aeritha,blackmoore,1441,priest,discipline,30,19,11
28276,Laurent,sanguino,1441,priest,discipline,36,16,20
28277,Arctoczax,ravencrest,1441,priest,discipline,65,26,39
28278,Svistis,ravencrest,1440,priest,discipline,28,20,8
28279,Tarellia,argent-dawn,1440,priest,discipline,205,117,88
28280,Смегмачет,soulflayer,1440,priest,discipline,122,63,59
28281,Pinkyladdy,argent-dawn,1440,priest,discipline,47,20,27
28282,Yesdaddypls,draenor,1439,priest,discipline,36,21,15
28283,Bedkara,ravencrest,1439,priest,discipline,30,15,15
28284,Brutalmaze,archimonde,1439,priest,discipline,30,15,15
28285,Sinfulmaze,outland,1439,priest,discipline,30,15,15
28286,Cáss,archimonde,1439,priest,discipline,30,15,15
28287,Zeraphïn,eredar,1439,priest,discipline,30,15,15
28288,Voxqt,blackrock,1439,priest,discipline,30,15,15
28289,Zedrus,azshara,1439,priest,discipline,111,53,58
28290,Arkkupiispa,stormreaver,1438,priest,discipline,406,199,207
28291,Jerzay,hyjal,1438,priest,discipline,94,44,50
28292,Åshbé,archimonde,1437,priest,discipline,18,15,3
28293,Hopeso,silvermoon,1437,priest,discipline,18,15,3
28294,Zxèlá,tarren-mill,1437,priest,discipline,41,24,17
28295,Mortex,nemesis,1437,priest,discipline,60,34,26
28296,Helikipope,kazzak,1437,priest,discipline,30,17,13
28297,Soziy,silvermoon,1437,priest,discipline,27,15,12
28298,Чилюотферала,eversong,1437,priest,discipline,30,15,15
28299,Тодохил,gordunni,1437,priest,discipline,113,55,58
28300,Fotmape,stormscale,1437,priest,discipline,36,15,21
28301,Syro,defias-brotherhood,1436,priest,discipline,45,26,19
28302,Nolosme,blackrock,1436,priest,discipline,42,21,21
28303,Rmpriest,blackhand,1436,priest,discipline,30,15,15
28304,Dzoo,kazzak,1436,priest,discipline,58,27,31
28305,Kbakå,stormscale,1436,priest,discipline,84,37,47
28306,Ylvanna,arthas,1436,priest,discipline,40,17,23
28307,Jàckîe,aegwynn,1436,priest,discipline,40,17,23
28308,Xubeqi,kazzak,1435,priest,discipline,195,103,92
28309,Pàndoràh,nemesis,1435,priest,discipline,42,22,20
28310,Fabzen,grim-batol,1435,priest,discipline,30,15,15
28311,Cainactor,drakthul,1435,priest,discipline,42,20,22
28312,Carolyna,ravencrest,1435,priest,discipline,36,15,21
28313,Laxímink,sylvanas,1435,priest,discipline,83,31,52
28314,Mindcrackr,stormscale,1434,priest,discipline,36,22,14
28315,Kæyc,blackmoore,1434,priest,discipline,71,35,36
28316,Cajolîne,archimonde,1434,priest,discipline,156,70,86
28317,Dorkama,silvermoon,1433,priest,discipline,24,15,9
28318,Villagegirlx,stormscale,1433,priest,discipline,30,18,12
28319,Selëne,blackrock,1433,priest,discipline,42,22,20
28320,Simplesam,ravencrest,1433,priest,discipline,94,49,45
28321,Prayxlol,outland,1433,priest,discipline,30,15,15
28322,Størmblaze,stormreaver,1433,priest,discipline,30,15,15
28323,Nirsis,dun-modr,1433,priest,discipline,93,45,48
28324,Bochonok,stormrage,1433,priest,discipline,36,15,21
28325,Bigwik,tarren-mill,1433,priest,discipline,42,15,27
28326,Dimsim,kazzak,1432,priest,discipline,24,15,9
28327,Noany,ravencrest,1432,priest,discipline,86,46,40
28328,Xíøn,draenor,1432,priest,discipline,30,15,15
28329,Фрайонель,gordunni,1431,priest,discipline,18,15,3
28330,Máv,tarren-mill,1431,priest,discipline,30,21,9
28331,Swera,twisting-nether,1431,priest,discipline,24,15,9
28332,Letmehêal,archimonde,1431,priest,discipline,48,28,20
28333,Сашадвасм,gordunni,1431,priest,discipline,111,60,51
28334,Ebashuvkashu,stormscale,1431,priest,discipline,45,24,21
28335,Nazhara,hyjal,1431,priest,discipline,30,15,15
28336,Mungam,draenor,1431,priest,discipline,81,38,43
28337,Libido,outland,1430,priest,discipline,71,44,27
28338,Vaetrilla,doomhammer,1430,priest,discipline,37,20,17
28339,Delinsx,outland,1430,priest,discipline,36,15,21
28340,Lanaineuwu,archimonde,1429,priest,discipline,32,22,10
28341,Eladri,silvermoon,1429,priest,discipline,24,15,9
28342,Fancytrash,ravencrest,1429,priest,discipline,30,15,15
28343,Youkounkoun,garona,1428,priest,discipline,28,19,9
28344,Yurrij,thrall,1428,priest,discipline,39,23,16
28345,Fluba,thrall,1428,priest,discipline,56,32,24
28346,Tony,agamaggan,1428,priest,discipline,47,25,22
28347,Namîxoxo,ysondre,1428,priest,discipline,30,15,15
28348,Savta,ravencrest,1428,priest,discipline,36,15,21
28349,Doctep,sargeras,1427,priest,discipline,40,25,15
28350,Ylivoima,stormscale,1427,priest,discipline,36,22,14
28351,Diddlefiddle,stormscale,1427,priest,discipline,64,36,28
28352,Illüminaty,sylvanas,1427,priest,discipline,109,57,52
28353,Putinkuilo,outland,1427,priest,discipline,48,25,23
28354,Klituriis,twisting-nether,1427,priest,discipline,89,44,45
28355,Randomm,shadowsong,1427,priest,discipline,60,23,37
28356,Ylenae,twisting-nether,1427,priest,discipline,42,15,27
28357,Amanojakü,ravencrest,1426,priest,discipline,48,34,14
28358,Joeasaurs,ragnaros,1426,priest,discipline,33,16,17
28359,Viagrà,outland,1426,priest,discipline,120,53,67
28360,Emala,hyjal,1426,priest,discipline,35,15,20
28361,Ashérs,ravencrest,1425,priest,discipline,69,43,26
28362,Massdispell,silvermoon,1425,priest,discipline,34,20,14
28363,Dímension,ragnaros,1425,priest,discipline,79,46,33
28364,Нэилшери,gordunni,1425,priest,discipline,48,25,23
28365,Урголиафа,howling-fjord,1425,priest,discipline,54,25,29
28366,Miris,ysondre,1425,priest,discipline,48,21,27
28367,Maidie,stormscale,1424,priest,discipline,66,41,25
28368,Whiskeyhaze,burning-legion,1424,priest,discipline,78,42,36
28369,Juîcycheeks,frostwolf,1424,priest,discipline,96,50,46
28370,Hérune,outland,1424,priest,discipline,74,38,36
28371,Zymai,ravencrest,1424,priest,discipline,42,15,27
28372,Кхарли,howling-fjord,1423,priest,discipline,30,15,15
28373,Nyxém,blackmoore,1423,priest,discipline,36,15,21
28374,Huhu,defias-brotherhood,1422,priest,discipline,36,21,15
28375,Phreyst,draenor,1422,priest,discipline,177,91,86
28376,Pìkachù,stormscale,1422,priest,discipline,60,28,32
28377,Avaichquirit,tarren-mill,1422,priest,discipline,54,24,30
28378,Dankopriest,drakthul,1421,priest,discipline,54,28,26
28379,Kathja,outland,1421,priest,discipline,30,15,15
28380,Tinteolo,blackrock,1421,priest,discipline,39,18,21
28381,Птист,azuregos,1421,priest,discipline,42,17,25
28382,Halastrâ,tarren-mill,1420,priest,discipline,50,33,17
28383,Тенсаи,howling-fjord,1420,priest,discipline,76,40,36
28384,Zarez,stormscale,1420,priest,discipline,50,17,33
28385,Meanazer,antonidas,1419,priest,discipline,66,30,36
28386,Zarozina,pozzo-delleternità,1418,priest,discipline,30,16,14
28387,Нэстикус,gordunni,1418,priest,discipline,30,16,14
28388,Медиив,deepholm,1418,priest,discipline,66,32,34
28389,Jaatjak,ravencrest,1418,priest,discipline,60,29,31
28390,Sprutch,kazzak,1417,priest,discipline,56,30,26
28391,Vividots,draenor,1417,priest,discipline,42,20,22
28392,Jumpàxx,archimonde,1417,priest,discipline,36,15,21
28393,Evilangèl,ravenholdt,1416,priest,discipline,65,37,28
28394,Malyzion,draenor,1416,priest,discipline,136,77,59
28395,Hlyhoe,silvermoon,1415,priest,discipline,72,41,31
28396,Zivy,silvermoon,1415,priest,discipline,110,61,49
28397,Axxul,blackrock,1415,priest,discipline,30,15,15
28398,Cryksî,eredar,1415,priest,discipline,96,46,50
28399,Теньраа,soulflayer,1415,priest,discipline,54,21,33
28400,Bakony,ravencrest,1414,priest,discipline,60,41,19
28401,Yukíø,antonidas,1414,priest,discipline,30,18,12
28402,Praybro,blackmoore,1414,priest,discipline,41,24,17
28403,Numi,blackmoore,1414,priest,discipline,151,88,63
28404,Тучанх,greymane,1414,priest,discipline,43,22,21
28405,Ghostroller,pozzo-delleternità,1414,priest,discipline,55,28,27
28406,Vynivan,korgall,1414,priest,discipline,54,24,30
28407,Kaeldara,ysondre,1413,priest,discipline,24,15,9
28408,Deathchicka,draenor,1413,priest,discipline,64,37,27
28409,Veecna,the-maelstrom,1413,priest,discipline,132,73,59
28410,Хальтэнис,gordunni,1413,priest,discipline,30,16,14
28411,Zïn,silvermoon,1413,priest,discipline,58,29,29
28412,Indicta,darksorrow,1413,priest,discipline,33,16,17
28413,Joseantuan,sanguino,1412,priest,discipline,30,18,12
28414,Asolan,drakthul,1412,priest,discipline,60,35,25
28415,Vqny,archimonde,1412,priest,discipline,153,85,68
28416,Tiragosaure,arakarahm,1412,priest,discipline,30,15,15
28417,Castalia,ravencrest,1412,priest,discipline,101,48,53
28418,Bekareth,archimonde,1411,priest,discipline,119,65,54
28419,Jamii,kazzak,1410,priest,discipline,47,33,14
28420,Rwaphouu,ysondre,1410,priest,discipline,66,39,27
28421,Katrynax,ravencrest,1410,priest,discipline,57,33,24
28422,Ецци,howling-fjord,1410,priest,discipline,44,23,21
28423,Crazyname,outland,1410,priest,discipline,169,87,82
28424,Faelvirin,aegwynn,1410,priest,discipline,41,21,20
28425,Joniop,stormreaver,1410,priest,discipline,60,29,31
28426,Shanya,thrall,1410,priest,discipline,42,20,22
28427,Асуартхас,gordunni,1410,priest,discipline,175,82,93
28428,Jóhnnybravó,kazzak,1410,priest,discipline,36,16,20
28429,Krasawìtch,onyxia,1410,priest,discipline,113,50,63
28430,Вутитути,howling-fjord,1410,priest,discipline,36,15,21
28431,Èlysium,grim-batol,1410,priest,discipline,54,21,33
28432,Munchies,scarshield-legion,1409,priest,discipline,30,17,13
28433,Хаварь,gordunni,1409,priest,discipline,105,59,46
28434,Aiewn,elune,1409,priest,discipline,113,63,50
28435,Undeabniss,nathrezim,1409,priest,discipline,29,16,13
28436,Бомжскадилом,gordunni,1409,priest,discipline,237,125,112
28437,Dunderprälle,outland,1409,priest,discipline,30,15,15
28438,Pandalulz,turalyon,1408,priest,discipline,87,51,36
28439,Lévention,stormscale,1408,priest,discipline,36,20,16
28440,Valeriana,stormreaver,1408,priest,discipline,168,90,78
28441,Cring,kirin-tor,1407,priest,discipline,108,62,46
28442,Tarana,mannoroth,1407,priest,discipline,32,18,14
28443,Ensamstående,twisting-nether,1407,priest,discipline,108,57,51
28444,Sensor,kazzak,1407,priest,discipline,105,52,53
28445,Unholyfield,draenor,1407,priest,discipline,96,45,51
28446,Gothixs,draenor,1406,priest,discipline,44,26,18
28447,Garfriest,aggra-português,1406,priest,discipline,78,46,32
28448,Carlye,stormreaver,1406,priest,discipline,30,17,13
28449,Tyrhaa,blackmoore,1406,priest,discipline,30,16,14
28450,Medivs,blackmoore,1405,priest,discipline,30,17,13
28451,ßowforme,aegwynn,1405,priest,discipline,66,37,29
28452,Kappa,darksorrow,1405,priest,discipline,54,28,26
28453,Holysquirt,twisting-nether,1405,priest,discipline,42,18,24
28454,Трезида,gordunni,1404,priest,discipline,48,24,24
28455,Dragovic,chogall,1404,priest,discipline,80,38,42
28456,Kalestharia,blackmoore,1404,priest,discipline,162,75,87
28457,Flaskandeux,tarren-mill,1404,priest,discipline,194,76,118
28458,Chilie,ravencrest,1403,priest,discipline,42,22,20
28459,Саммерфинн,gordunni,1403,priest,discipline,40,17,23
28460,Eileengu,silvermoon,1402,priest,discipline,70,42,28
28461,Kbakå,kazzak,1402,priest,discipline,32,15,17
28462,Dejica,kult-der-verdammten,1402,priest,discipline,102,46,56
28463,Acidpills,hyjal,1402,priest,discipline,40,17,23
28464,Virulent,nemesis,1402,priest,discipline,36,15,21
28465,Dysko,alakir,1401,priest,discipline,30,15,15
28466,Synoé,la-croisade-écarlate,1401,priest,discipline,101,49,52
28467,Neagica,kazzak,1401,priest,discipline,87,42,45
28468,Durinko,thunderhorn,1401,priest,discipline,72,31,41
28469,Dènna,eldrethalas,1401,priest,discipline,54,22,32
28470,Шруня,howling-fjord,1401,priest,discipline,42,16,26
28471,Рукатёмная,soulflayer,1400,priest,discipline,83,37,46
28472,Cyberlunatic,antonidas,1400,priest,discipline,184,80,104
28473,Вурти,howling-fjord,1400,priest,discipline,65,28,37
28474,Banshzz,ragnaros,1400,priest,discipline,71,27,44
28475,Chibrausorus,archimonde,1399,priest,discipline,54,22,32
28476,Laadyybirkee,blackhand,1398,priest,discipline,140,70,70
28477,Sppid,sanguino,1398,priest,discipline,302,145,157
28478,Diva,malfurion,1398,priest,discipline,52,24,28
28479,Avázàr,stormscale,1398,priest,discipline,36,16,20
28480,Fiilaaja,stormreaver,1397,priest,discipline,42,26,16
28481,Menda,eredar,1397,priest,discipline,130,68,62
28482,Ahree,sargeras,1397,priest,discipline,234,116,118
28483,Холишитс,gordunni,1396,priest,discipline,115,64,51
28484,Sebatröz,ravencrest,1396,priest,discipline,42,23,19
28485,Морикаа,lich-king,1396,priest,discipline,30,16,14
28486,Hellscon,kazzak,1396,priest,discipline,42,21,21
28487,Rahan,stormscale,1396,priest,discipline,93,46,47
28488,Ministry,tirion,1396,priest,discipline,42,20,22
28489,Darkest,ysondre,1396,priest,discipline,83,37,46
28490,Rixis,la-croisade-écarlate,1396,priest,discipline,72,32,40
28491,Deadpxlz,ravencrest,1395,priest,discipline,30,17,13
28492,Ahmnesia,archimonde,1395,priest,discipline,192,96,96
28493,Madkes,ravencrest,1395,priest,discipline,48,22,26
28494,Híppokrates,dethecus,1395,priest,discipline,79,35,44
28495,Miileys,arthas,1394,priest,discipline,24,16,8
28496,Nomorelight,stormscale,1394,priest,discipline,115,63,52
28497,Alakkiria,ravencrest,1394,priest,discipline,77,38,39
28498,Fåtkidx,ravencrest,1394,priest,discipline,79,35,44
28499,Kroa,ragnaros,1393,priest,discipline,24,15,9
28500,Zooster,pozzo-delleternità,1393,priest,discipline,42,24,18
28501,Fireflowers,silvermoon,1393,priest,discipline,48,24,24
28502,Littleheal,ghostlands,1393,priest,discipline,43,21,22
28503,Уноханагодх,howling-fjord,1392,priest,discipline,68,34,34
28504,Oxborn,thrall,1392,priest,discipline,95,45,50
28505,Phasmöphobia,zuljin,1392,priest,discipline,102,41,61
28506,Skarnir,uldaman,1392,priest,discipline,105,40,65
28507,Animepfp,stormreaver,1391,priest,discipline,140,67,73
28508,Anzil,dun-modr,1391,priest,discipline,146,67,79
28509,Zombîe,draenor,1390,priest,discipline,42,16,26
28510,Hardcode,twisting-nether,1389,priest,discipline,96,45,51
28511,Hashoko,draenor,1388,priest,discipline,30,22,8
28512,Aaron,aegwynn,1388,priest,discipline,31,20,11
28513,Amnesztia,ragnaros,1388,priest,discipline,53,28,25
28514,Juco,draenor,1388,priest,discipline,36,17,19
28515,Bubidiblumpr,twisting-nether,1387,priest,discipline,72,41,31
28516,Hidr,nemesis,1387,priest,discipline,84,46,38
28517,Простойа,deathguard,1387,priest,discipline,122,66,56
28518,Nakali,the-maelstrom,1386,priest,discipline,30,16,14
28519,Grravehheart,kazzak,1386,priest,discipline,85,45,40
28520,Альфреска,gordunni,1386,priest,discipline,94,48,46
28521,Pyropenance,twisting-nether,1386,priest,discipline,83,35,48
28522,Гшд,gordunni,1385,priest,discipline,78,43,35
28523,Whattson,colinas-pardas,1385,priest,discipline,29,15,14
28524,Boostpriest,archimonde,1384,priest,discipline,87,44,43
28525,Atremius,dragonmaw,1384,priest,discipline,54,24,30
28526,Snuffanious,ragnaros,1384,priest,discipline,60,26,34
28527,Borrex,sanguino,1383,priest,discipline,19,16,3
28528,Vendormeq,darkspear,1383,priest,discipline,30,16,14
28529,Predpriest,twisting-nether,1383,priest,discipline,43,16,27
28530,Tintapri,aszune,1382,priest,discipline,122,62,60
28531,Naïlu,hyjal,1381,priest,discipline,66,38,28
28532,Stargóddess,kazzak,1381,priest,discipline,128,72,56
28533,Soupana,darksorrow,1381,priest,discipline,85,45,40
28534,Sabaxdxd,dun-modr,1381,priest,discipline,161,79,82
28535,Selenee,scarshield-legion,1381,priest,discipline,102,47,55
28536,Tiktokdancér,kazzak,1380,priest,discipline,132,72,60
28537,Frekio,eitrigg,1380,priest,discipline,149,73,76
28538,Ilovedisc,kazzak,1379,priest,discipline,44,25,19
28539,Lothyf,archimonde,1379,priest,discipline,52,29,23
28540,Micobra,dalaran,1379,priest,discipline,41,22,19
28541,Elderath,eredar,1379,priest,discipline,116,55,61
28542,Nietzsche,area-52,1379,priest,discipline,74,33,41
28543,Phèbz,archimonde,1378,priest,discipline,48,29,19
28544,Mércíless,ravencrest,1378,priest,discipline,65,37,28
28545,Маимморта,howling-fjord,1378,priest,discipline,66,37,29
28546,Vaewyn,ravencrest,1378,priest,discipline,79,42,37
28547,Лимоняшечка,soulflayer,1378,priest,discipline,110,58,52
28548,Streety,nethersturm,1378,priest,discipline,90,43,47
28549,Gangreana,kazzak,1377,priest,discipline,78,42,36
28550,Sílvana,nordrassil,1377,priest,discipline,154,82,72
28551,Inzàné,kazzak,1377,priest,discipline,36,15,21
28552,Carnacia,tarren-mill,1376,priest,discipline,84,48,36
28553,Annisa,kazzak,1376,priest,discipline,131,71,60
28554,Эстрогенс,gordunni,1376,priest,discipline,60,22,38
28555,Dolifrius,dalaran,1375,priest,discipline,50,30,20
28556,Synteria,gilneas,1375,priest,discipline,78,31,47
28557,Dazé,ravencrest,1374,priest,discipline,59,43,16
28558,Qïx,ravencrest,1374,priest,discipline,45,24,21
28559,Psyfir,outland,1374,priest,discipline,224,117,107
28560,Spiriman,zuljin,1374,priest,discipline,30,15,15
28561,Otheym,the-maelstrom,1374,priest,discipline,39,18,21
28562,Pocketissue,ravencrest,1373,priest,discipline,32,21,11
28563,Крашдайс,soulflayer,1373,priest,discipline,103,48,55
28564,Blackheal,sanguino,1373,priest,discipline,68,29,39
28565,Juliane,trollbane,1373,priest,discipline,90,35,55
28566,Majinme,kazzak,1372,priest,discipline,60,31,29
28567,Rabbît,stormscale,1372,priest,discipline,82,42,40
28568,Hiereia,khadgar,1372,priest,discipline,139,61,78
28569,Geesuz,outland,1372,priest,discipline,39,16,23
28570,Barcodes,kazzak,1371,priest,discipline,57,32,25
28571,Скизма,gordunni,1370,priest,discipline,42,25,17
28572,Kotipope,silvermoon,1369,priest,discipline,83,49,34
28573,Sweetxq,tarren-mill,1369,priest,discipline,78,42,36
28574,Holypepper,outland,1369,priest,discipline,137,69,68
28575,Celiara,argent-dawn,1369,priest,discipline,100,48,52
28576,Asprine,kazzak,1368,priest,discipline,72,44,28
28577,Elosen,darkspear,1368,priest,discipline,36,20,16
28578,Shzuna,archimonde,1368,priest,discipline,51,26,25
28579,Aykò,blackmoore,1368,priest,discipline,38,16,22
28580,Gothandor,der-rat-von-dalaran,1367,priest,discipline,36,20,16
28581,Kutjeskopper,silvermoon,1367,priest,discipline,60,31,29
28582,Joxdox,archimonde,1367,priest,discipline,42,20,22
28583,Aethana,ravencrest,1367,priest,discipline,40,18,22
28584,Salzgehalt,antonidas,1366,priest,discipline,76,47,29
28585,Noreal,twisting-nether,1366,priest,discipline,30,18,12
28586,Mamaoh,ravencrest,1366,priest,discipline,69,34,35
28587,Carrhyks,archimonde,1365,priest,discipline,96,50,46
28588,Valythria,blackhand,1365,priest,discipline,74,38,36
28589,Thrakoun,twilights-hammer,1365,priest,discipline,212,105,107
28590,Zamurak,outland,1365,priest,discipline,45,22,23
28591,Berrylee,twisting-nether,1365,priest,discipline,61,26,35
28592,Elûnä,ysondre,1364,priest,discipline,340,179,161
28593,Hidary,ysondre,1364,priest,discipline,67,30,37
28594,Durness,argent-dawn,1363,priest,discipline,84,42,42
28595,Raî,durotan,1363,priest,discipline,48,24,24
28596,Manuba,antonidas,1363,priest,discipline,36,17,19
28597,Priszt,arathor,1363,priest,discipline,36,15,21
28598,Экспл,lich-king,1362,priest,discipline,28,15,13
28599,Созвонимся,gordunni,1362,priest,discipline,91,44,47
28600,Xyfas,azshara,1362,priest,discipline,54,25,29
28601,Rzpa,blackhand,1361,priest,discipline,93,48,45
28602,Grausami,zuluhed,1361,priest,discipline,48,24,24
28603,Aisha,rajaxx,1361,priest,discipline,69,32,37
28604,Kaémon,twisting-nether,1361,priest,discipline,106,44,62
28605,Liaru,aegwynn,1361,priest,discipline,84,32,52
28606,Matsipri,sylvanas,1360,priest,discipline,96,50,46
28607,Morerespect,lothar,1360,priest,discipline,30,15,15
28608,Меинбиг,gordunni,1360,priest,discipline,46,18,28
28609,Disconsick,vashj,1360,priest,discipline,106,40,66
28610,Dooga,draenor,1359,priest,discipline,30,15,15
28611,Ÿë,stormreaver,1359,priest,discipline,37,15,22
28612,Prellish,draenor,1358,priest,discipline,72,33,39
28613,Krìnzy,illidan,1358,priest,discipline,82,36,46
28614,Priesless,sylvanas,1357,priest,discipline,34,20,14
28615,Blackchrist,uldum,1357,priest,discipline,72,38,34
28616,Benificent,argent-dawn,1357,priest,discipline,195,95,100
28617,Wish,blackmoore,1357,priest,discipline,116,56,60
28618,Silvdarr,hyjal,1356,priest,discipline,97,48,49
28619,Nerfy,tarren-mill,1356,priest,discipline,48,23,25
28620,Smilyface,sylvanas,1356,priest,discipline,73,34,39
28621,Carcaz,blackmoore,1356,priest,discipline,41,18,23
28622,Äkvä,ragnaros,1356,priest,discipline,66,26,40
28623,Preachyjeg,ravencrest,1355,priest,discipline,102,38,64
28624,Paterpaisios,kazzak,1355,priest,discipline,54,20,34
28625,Cntrl,frostmane,1354,priest,discipline,140,77,63
28626,Symeria,sylvanas,1354,priest,discipline,60,33,27
28627,Nésha,dun-modr,1354,priest,discipline,41,21,20
28628,Miabelle,argent-dawn,1354,priest,discipline,58,27,31
28629,Evolís,blackmoore,1354,priest,discipline,72,31,41
28630,Vanillahaze,sylvanas,1353,priest,discipline,36,23,13
28631,Darkoze,kazzak,1353,priest,discipline,30,15,15
28632,Solarïah,garona,1352,priest,discipline,32,19,13
28633,Adev,drakthul,1352,priest,discipline,71,35,36
28634,Littlehelper,shendralar,1352,priest,discipline,39,16,23
28635,Chealsey,thrall,1351,priest,discipline,57,36,21
28636,Давалкасвета,gordunni,1351,priest,discipline,74,32,42
28637,Дядяврач,howling-fjord,1350,priest,discipline,90,42,48
28638,Levy,azuremyst,1349,priest,discipline,37,20,17
28639,Sytawa,blackmoore,1349,priest,discipline,104,55,49
28640,Svevo,ravencrest,1349,priest,discipline,111,53,58
28641,Levinson,zuljin,1348,priest,discipline,54,37,17
28642,Jerichó,blackmoore,1348,priest,discipline,58,38,20
28643,Discobrill,silvermoon,1348,priest,discipline,78,30,48
28644,Dstars,archimonde,1348,priest,discipline,42,16,26
28645,Никорете,soulflayer,1347,priest,discipline,44,27,17
28646,Fatishcribe,twisting-nether,1347,priest,discipline,261,135,126
28647,Velles,nazjatar,1347,priest,discipline,405,206,199
28648,Greedyaf,stormscale,1347,priest,discipline,101,48,53
28649,Brênos,blackmoore,1346,priest,discipline,29,17,12
28650,Sphero,kazzak,1346,priest,discipline,42,24,18
28651,Chowhone,archimonde,1346,priest,discipline,142,74,68
28652,Holyfussell,antonidas,1346,priest,discipline,80,38,42
28653,Iamfrosty,draenor,1346,priest,discipline,66,31,35
28654,Pwjetlifelol,grim-batol,1345,priest,discipline,97,52,45
28655,Eldrathir,burning-legion,1345,priest,discipline,54,22,32
28656,Hugeaf,antonidas,1344,priest,discipline,37,24,13
28657,Xet,outland,1344,priest,discipline,49,23,26
28658,Batsu,hyjal,1344,priest,discipline,94,43,51
28659,Lunegrise,archimonde,1344,priest,discipline,54,23,31
28660,Alliora,dalaran,1344,priest,discipline,110,46,64
28661,Dibelo,eredar,1344,priest,discipline,41,17,24
28662,Bonzu,ravencrest,1343,priest,discipline,24,14,10
28663,Nëw,los-errantes,1343,priest,discipline,24,14,10
28664,Rotzpippn,blackhand,1343,priest,discipline,60,22,38
28665,Chuckbarry,kazzak,1342,priest,discipline,24,15,9
28666,Krokkete,archimonde,1342,priest,discipline,24,14,10
28667,Zaradana,tarren-mill,1342,priest,discipline,96,51,45
28668,Barracuda,burning-legion,1342,priest,discipline,104,52,52
28669,Xandrial,blackmoore,1342,priest,discipline,30,14,16
28670,Chaosxo,draenor,1342,priest,discipline,99,46,53
28671,Поднялбабки,deathguard,1342,priest,discipline,36,14,22
28672,Styrbjörn,shattered-hand,1341,priest,discipline,79,42,37
28673,Nerfnerf,kazzak,1341,priest,discipline,574,291,283
28674,Soreboners,stormscale,1341,priest,discipline,30,14,16
28675,Cutename,burning-blade,1340,priest,discipline,36,18,18
28676,Sephìrøth,malganis,1340,priest,discipline,66,32,34
28677,Fakebob,draenor,1340,priest,discipline,42,20,22
28678,Sebbi,ragnaros,1340,priest,discipline,30,14,16
28679,Далайна,galakrond,1340,priest,discipline,36,14,22
28680,Tanly,outland,1340,priest,discipline,36,14,22
28681,Дармирэль,gordunni,1340,priest,discipline,65,25,40
28682,Wodpriest,ravencrest,1339,priest,discipline,18,14,4
28683,Ýbëzz,ravencrest,1339,priest,discipline,24,14,10
28684,Staatsfeind,blackmoore,1339,priest,discipline,77,44,33
28685,Byxoph,sanguino,1339,priest,discipline,78,38,40
28686,Nukksch,antonidas,1339,priest,discipline,212,103,109
28687,Nakenhäst,ravencrest,1339,priest,discipline,36,14,22
28688,Bjornqt,ragnaros,1339,priest,discipline,78,30,48
28689,Dnsxx,thrall,1338,priest,discipline,717,355,362
28690,Skelica,ragnaros,1337,priest,discipline,24,14,10
28691,Tumlaa,ravencrest,1337,priest,discipline,56,31,25
28692,Holybunny,blackrock,1337,priest,discipline,98,54,44
28693,Gimcho,magtheridon,1337,priest,discipline,42,23,19
28694,Smitey,terenas,1337,priest,discipline,100,54,46
28695,Îwi,archimonde,1337,priest,discipline,30,14,16
28696,Snuifje,azjolnerub,1337,priest,discipline,129,58,71
28697,Pouffi,garona,1336,priest,discipline,24,14,10
28698,Sariss,ravencrest,1336,priest,discipline,24,14,10
28699,Батлграунтт,soulflayer,1336,priest,discipline,72,39,33
28700,Makkesfil,stormscale,1335,priest,discipline,24,14,10
28701,Sadkitten,sylvanas,1335,priest,discipline,283,150,133
28702,Kojee,blackrock,1335,priest,discipline,48,18,30
28703,Biscuits,ravencrest,1335,priest,discipline,48,14,34
28704,Convulsiveq,silvermoon,1334,priest,discipline,317,156,161
28705,Anubisones,uldum,1334,priest,discipline,83,39,44
28706,Memoniia,ravencrest,1333,priest,discipline,48,27,21
28707,Radiance,emeriss,1333,priest,discipline,40,15,25
28708,Laërhia,archimonde,1332,priest,discipline,75,30,45
28709,Miliane,twisting-nether,1331,priest,discipline,30,14,16
28710,Waafa,kazzak,1331,priest,discipline,42,14,28
28711,Happyprocs,dun-modr,1330,priest,discipline,29,15,14
28712,Valaç,turalyon,1330,priest,discipline,131,67,64
28713,Nuph,ravencrest,1330,priest,discipline,62,29,33
28714,Xieen,outland,1329,priest,discipline,198,100,98
28715,Bublies,silvermoon,1328,priest,discipline,37,21,16
28716,Cleancf,blackhand,1328,priest,discipline,250,115,135
28717,Peersh,ahnqiraj,1327,priest,discipline,18,14,4
28718,Janclod,pozzo-delleternità,1327,priest,discipline,30,20,10
28719,Ràthaløs,sanguino,1327,priest,discipline,52,31,21
28720,Jimmbosmite,stormscale,1327,priest,discipline,54,26,28
28721,Lanthypriest,hyjal,1327,priest,discipline,30,14,16
28722,Gudrinieks,shattered-halls,1327,priest,discipline,44,20,24
28723,Nou,aegwynn,1327,priest,discipline,36,14,22
28724,Vedina,bronze-dragonflight,1326,priest,discipline,84,42,42
28725,Vrêth,blackmoore,1326,priest,discipline,34,15,19
28726,Ximenia,eredar,1325,priest,discipline,43,25,18
28727,Seinaruki,emerald-dream,1325,priest,discipline,34,18,16
28728,Skrnz,turalyon,1325,priest,discipline,59,26,33
28729,Märlborö,aggra-português,1325,priest,discipline,42,14,28
28730,Германий,deathguard,1324,priest,discipline,35,21,14
28731,Buszeekk,outland,1324,priest,discipline,34,19,15
28732,Jodge,ravencrest,1324,priest,discipline,48,26,22
28733,Chodia,silvermoon,1324,priest,discipline,89,48,41
28734,Kalisy,ravencrest,1324,priest,discipline,52,27,25
28735,Vilanae,hyjal,1324,priest,discipline,71,35,36
28736,Yuuvi,ravencrest,1324,priest,discipline,120,56,64
28737,Xdthe,tarren-mill,1324,priest,discipline,72,31,41
28738,Snylia,blackrock,1324,priest,discipline,36,14,22
28739,Lasêr,kazzak,1324,priest,discipline,36,14,22
28740,Bolflo,khaz-modan,1323,priest,discipline,141,77,64
28741,Reìdood,stormscale,1323,priest,discipline,110,59,51
28742,Isore,culte-de-la-rive-noire,1323,priest,discipline,70,36,34
28743,Битуну,fordragon,1323,priest,discipline,48,24,24
28744,Lexojam,ravencrest,1323,priest,discipline,29,14,15
28745,Bakër,dalaran,1323,priest,discipline,51,23,28
28746,Sâtânica,kelthuzad,1323,priest,discipline,78,35,43
28747,Avengëd,nagrand,1323,priest,discipline,54,24,30
28748,Buttafly,archimonde,1322,priest,discipline,42,23,19
28749,Bomzhik,silvermoon,1322,priest,discipline,223,121,102
28750,Guerilagusto,draenor,1322,priest,discipline,36,15,21
28751,Девственен,soulflayer,1321,priest,discipline,48,22,26
28752,Nirvánabang,sylvanas,1320,priest,discipline,42,21,21
28753,Выхилютебя,galakrond,1320,priest,discipline,57,27,30
28754,Докторпэйн,howling-fjord,1320,priest,discipline,128,60,68
28755,Xypri,nordrassil,1320,priest,discipline,97,44,53
28756,Anaalipeura,stormreaver,1320,priest,discipline,54,20,34
28757,Fùkøff,stormscale,1319,priest,discipline,32,19,13
28758,Paine,pozzo-delleternità,1319,priest,discipline,49,27,22
28759,Priestqt,kelthuzad,1318,priest,discipline,30,14,16
28760,Babbúb,tarren-mill,1318,priest,discipline,35,14,21
28761,Papynou,garona,1317,priest,discipline,24,14,10
28762,Apeist,outland,1317,priest,discipline,92,48,44
28763,Relöaded,kazzak,1316,priest,discipline,60,23,37
28764,Subha,drakthul,1315,priest,discipline,22,15,7
28765,Darkweed,twilights-hammer,1315,priest,discipline,54,30,24
28766,Hewwo,sylvanas,1314,priest,discipline,162,83,79
28767,Yugo,outland,1314,priest,discipline,41,15,26
28768,Shilôz,hyjal,1313,priest,discipline,59,29,30
28769,Dotterin,draenor,1313,priest,discipline,78,34,44
28770,Baybe,ravencrest,1312,priest,discipline,53,29,24
28771,Dotsin,kazzak,1312,priest,discipline,258,133,125
28772,Relaxmom,bloodhoof,1312,priest,discipline,30,14,16
28773,Форсибучи,soulflayer,1312,priest,discipline,66,30,36
28774,Amambo,chamber-of-aspects,1311,priest,discipline,18,14,4
28775,Quisira,aegwynn,1311,priest,discipline,24,16,8
28776,Thaiboimby,veknilash,1311,priest,discipline,61,33,28
28777,Lekadolplusc,doomhammer,1311,priest,discipline,284,150,134
28778,Ассарх,lich-king,1311,priest,discipline,78,39,39
28779,Spèrman,frostwolf,1311,priest,discipline,42,15,27
28780,Suzziee,silvermoon,1310,priest,discipline,48,25,23
28781,Violentha,silvermoon,1310,priest,discipline,30,15,15
28782,Empí,sanguino,1309,priest,discipline,42,23,19
28783,Clua,draenor,1309,priest,discipline,66,35,31
28784,Feelmypainn,kazzak,1309,priest,discipline,60,30,30
28785,Rodshun,dun-modr,1309,priest,discipline,93,42,51
28786,Эйвиг,blackscar,1309,priest,discipline,63,28,35
28787,Cheja,ravencrest,1308,priest,discipline,60,30,30
28788,Deadonmyscrn,ravencrest,1307,priest,discipline,24,20,4
28789,Eowins,blackmoore,1307,priest,discipline,76,40,36
28790,Mirelaw,stormscale,1307,priest,discipline,125,65,60
28791,Dirtydoc,area-52,1307,priest,discipline,39,20,19
28792,Щявыхилим,howling-fjord,1306,priest,discipline,55,34,21
28793,Chukapi,stormscale,1306,priest,discipline,54,31,23
28794,Дэтметал,grom,1306,priest,discipline,150,73,77
28795,Tlc,dragonmaw,1306,priest,discipline,103,50,53
28796,Эннхэтэуэй,soulflayer,1306,priest,discipline,78,36,42
28797,Faderken,tarren-mill,1305,priest,discipline,60,39,21
28798,Lalgorithme,hyjal,1305,priest,discipline,24,14,10
28799,Щакактрахнем,gordunni,1305,priest,discipline,114,57,57
28800,Shadowmend,aegwynn,1305,priest,discipline,29,14,15
28801,Skuhlx,blackrock,1305,priest,discipline,90,39,51
28802,Ангеланика,gordunni,1304,priest,discipline,42,22,20
28803,Absórb,quelthalas,1304,priest,discipline,48,19,29
28804,Shadowsig,silvermoon,1303,priest,discipline,88,41,47
28805,Boulotpas,hyjal,1302,priest,discipline,82,52,30
28806,Imbadancer,turalyon,1302,priest,discipline,60,37,23
28807,Fkup,twisting-nether,1302,priest,discipline,36,20,16
28808,Sykra,magtheridon,1302,priest,discipline,82,44,38
28809,Wortgottes,blackrock,1302,priest,discipline,34,18,16
28810,Appox,amanthul,1302,priest,discipline,36,16,20
28811,Missdreavus,draenor,1301,priest,discipline,40,24,16
28812,Enerpriest,ysondre,1301,priest,discipline,36,20,16
28813,Genthus,kazzak,1301,priest,discipline,96,47,49
28814,Overhealzz,blackmoore,1301,priest,discipline,126,59,67
28815,Сайннз,howling-fjord,1301,priest,discipline,92,40,52
28816,Calsote,sanguino,1301,priest,discipline,54,21,33
28817,Curlo,ravencrest,1300,priest,discipline,42,20,22
28818,Fatherliam,emerald-dream,1299,priest,discipline,54,24,30
28819,Nygel,kazzak,1298,priest,discipline,57,33,24
28820,Kidri,kilrogg,1298,priest,discipline,36,20,16
28821,Agorasii,frostwolf,1298,priest,discipline,42,22,20
28822,Voidvania,drakthul,1298,priest,discipline,35,18,17
28823,Centaurio,nemesis,1298,priest,discipline,135,65,70
28824,Chocopríest,blackmoore,1298,priest,discipline,52,25,27
28825,Tiefergelegt,arthas,1298,priest,discipline,30,14,16
28826,Nimuëh,ragnaros,1298,priest,discipline,52,24,28
28827,Quecum,draenor,1297,priest,discipline,36,16,20
28828,Matiagmenh,stormscale,1297,priest,discipline,42,18,24
28829,Шкуропльот,gordunni,1296,priest,discipline,88,46,42
28830,Nâmîz,blackrock,1295,priest,discipline,27,14,13
28831,Nérôck,frostwolf,1295,priest,discipline,45,22,23
28832,Ciordel,draenor,1295,priest,discipline,59,28,31
28833,Vannax,arygos,1295,priest,discipline,78,35,43
28834,Voidwaffel,blackmoore,1295,priest,discipline,38,17,21
28835,Enduring,darksorrow,1295,priest,discipline,90,39,51
28836,Duaijhutari,outland,1293,priest,discipline,52,30,22
28837,Oohopeoo,blackmoore,1293,priest,discipline,42,23,19
28838,Pl,sunstrider,1293,priest,discipline,42,22,20
28839,Várósh,blackmoore,1293,priest,discipline,63,32,31
28840,Credor,blackrock,1293,priest,discipline,42,19,23
28841,Priesticchi,stormscale,1292,priest,discipline,48,24,24
28842,Nikotyna,doomhammer,1292,priest,discipline,107,51,56
28843,Onicolla,terokkar,1292,priest,discipline,126,60,66
28844,Khoria,drakthul,1292,priest,discipline,30,14,16
28845,Blondi,darksorrow,1292,priest,discipline,46,20,26
28846,Arklim,burning-blade,1292,priest,discipline,74,31,43
28847,Асади,gordunni,1291,priest,discipline,64,34,30
28848,Фурлена,blackscar,1291,priest,discipline,109,56,53
28849,Sissi,blackmoore,1290,priest,discipline,108,53,55
28850,Alfaböna,outland,1289,priest,discipline,122,66,56
28851,Navid,ravencrest,1289,priest,discipline,45,24,21
28852,Alaeddin,kazzak,1289,priest,discipline,380,183,197
28853,Brainwash,darksorrow,1289,priest,discipline,53,18,35
28854,Henreita,darksorrow,1288,priest,discipline,42,23,19
28855,Ebolaidman,ravencrest,1288,priest,discipline,48,24,24
28856,Æøí,blackmoore,1287,priest,discipline,27,15,12
28857,Tristar,nethersturm,1287,priest,discipline,35,19,16
28858,Neytirinqt,doomhammer,1287,priest,discipline,102,55,47
28859,Veýýon,blackmoore,1287,priest,discipline,66,35,31
28860,Rrdisc,kazzak,1287,priest,discipline,63,30,33
28861,Dartheon,twisting-nether,1287,priest,discipline,83,36,47
28862,Nuklash,burning-legion,1287,priest,discipline,57,24,33
28863,Dànè,defias-brotherhood,1286,priest,discipline,18,14,4
28864,Jaheim,tarren-mill,1285,priest,discipline,75,33,42
28865,Liliashet,sanguino,1284,priest,discipline,63,36,27
28866,Keppas,doomhammer,1284,priest,discipline,75,39,36
28867,Тварьгосподя,gordunni,1284,priest,discipline,332,165,167
28868,Pregrip,twisting-nether,1284,priest,discipline,236,116,120
28869,Ruîzz,sanguino,1284,priest,discipline,164,78,86
28870,Тэвиель,gordunni,1284,priest,discipline,90,36,54
28871,Злюкыч,gordunni,1283,priest,discipline,66,35,31
28872,Flayin,kazzak,1282,priest,discipline,51,26,25
28873,Mynameisebe,twisting-nether,1282,priest,discipline,42,18,24
28874,Glärë,burning-legion,1281,priest,discipline,81,50,31
28875,Jimmyhoffa,stormscale,1281,priest,discipline,54,32,22
28876,Rosalina,ravencrest,1281,priest,discipline,180,89,91
28877,Инстенли,howling-fjord,1281,priest,discipline,60,25,35
28878,Dinma,argent-dawn,1280,priest,discipline,197,106,91
28879,Superfelyn,ragnaros,1280,priest,discipline,51,27,24
28880,Elderiel,turalyon,1280,priest,discipline,277,138,139
28881,Doncamïllo,blackrock,1280,priest,discipline,47,22,25
28882,Olereo,blackhand,1280,priest,discipline,84,39,45
28883,Alexnator,malganis,1280,priest,discipline,60,26,34
28884,Purityn,blackhand,1280,priest,discipline,42,14,28
28885,Ûbér,darksorrow,1279,priest,discipline,28,15,13
28886,Nashára,defias-brotherhood,1279,priest,discipline,66,32,34
28887,Gilfir,stormscale,1279,priest,discipline,66,26,40
28888,Pixelpriest,argent-dawn,1278,priest,discipline,80,52,28
28889,Aeo,twisting-nether,1278,priest,discipline,89,45,44
28890,Jokaël,ysondre,1278,priest,discipline,114,48,66
28891,Kïmbo,kazzak,1278,priest,discipline,65,26,39
28892,Freshpope,ravencrest,1277,priest,discipline,53,31,22
28893,Токсичка,howling-fjord,1277,priest,discipline,36,19,17
28894,Jagersmite,twisting-nether,1277,priest,discipline,91,47,44
28895,Gacoo,silvermoon,1277,priest,discipline,84,39,45
28896,Juhduss,tarren-mill,1276,priest,discipline,30,17,13
28897,Chuwbakka,kazzak,1276,priest,discipline,94,52,42
28898,Скорлупкина,gordunni,1276,priest,discipline,47,26,21
28899,Fullymetalz,defias-brotherhood,1276,priest,discipline,64,34,30
28900,Ùçù,dalaran,1276,priest,discipline,58,29,29
28901,Asuriyan,ravenholdt,1276,priest,discipline,69,34,35
28902,Zenoo,argent-dawn,1275,priest,discipline,36,22,14
28903,Hardloker,ravencrest,1275,priest,discipline,84,38,46
28904,Capriestun,hellfire,1274,priest,discipline,34,20,14
28905,Angusbeêf,blackrock,1274,priest,discipline,184,96,88
28906,Топчикс,gordunni,1274,priest,discipline,100,51,49
28907,Snoopqt,dalaran,1274,priest,discipline,67,29,38
28908,Harume,argent-dawn,1273,priest,discipline,24,14,10
28909,Aladorius,la-croisade-écarlate,1273,priest,discipline,46,25,21
28910,Одинокаягора,gordunni,1273,priest,discipline,42,22,20
28911,Déspaír,silvermoon,1273,priest,discipline,54,28,26
28912,Æternadead,nemesis,1273,priest,discipline,185,94,91
28913,Nuvie,ravencrest,1273,priest,discipline,60,28,32
28914,Overshadowed,kazzak,1272,priest,discipline,175,80,95
28915,Fleamana,stormscale,1271,priest,discipline,36,17,19
28916,Eros,illidan,1271,priest,discipline,36,16,20
28917,Filit,hyjal,1271,priest,discipline,36,15,21
28918,Jerolol,sanguino,1271,priest,discipline,80,33,47
28919,Mishas,draenor,1270,priest,discipline,42,24,18
28920,Nerul,twisting-nether,1270,priest,discipline,70,35,35
28921,Mediumheals,tarren-mill,1270,priest,discipline,107,53,54
28922,Priestpvp,dun-modr,1270,priest,discipline,77,38,39
28923,Arjak,stormscale,1270,priest,discipline,35,16,19
28924,Zùt,ysondre,1269,priest,discipline,48,28,20
28925,Healyourmum,stormscale,1269,priest,discipline,96,49,47
28926,Outcast,korgall,1269,priest,discipline,60,30,30
28927,Haligato,archimonde,1269,priest,discipline,106,51,55
28928,Мегаствол,howling-fjord,1269,priest,discipline,60,28,32
28929,Buzzingg,tarren-mill,1268,priest,discipline,65,36,29
28930,Дюрэкс,soulflayer,1268,priest,discipline,48,22,26
28931,Taiyöshin,silvermoon,1268,priest,discipline,80,33,47
28932,Styleexdd,ragnaros,1266,priest,discipline,62,33,29
28933,Пофанчику,gordunni,1266,priest,discipline,58,27,31
28934,Blagovesta,ravencrest,1266,priest,discipline,42,14,28
28935,Hensynsløs,draenor,1265,priest,discipline,30,15,15
28936,Hêsêkiêl,eredar,1265,priest,discipline,48,23,25
28937,Mallkie,ysondre,1264,priest,discipline,30,18,12
28938,Shadowpeste,aggra-português,1264,priest,discipline,156,86,70
28939,Gøðlìke,aegwynn,1264,priest,discipline,79,34,45
28940,Акктуальная,deepholm,1263,priest,discipline,48,25,23
28941,Kaktosz,ragnaros,1263,priest,discipline,66,26,40
28942,Tigrok,burning-legion,1262,priest,discipline,77,39,38
28943,Svartochelak,stormscale,1262,priest,discipline,42,16,26
28944,Rhåenyra,ravencrest,1260,priest,discipline,36,23,13
28945,Pètunia,ravencrest,1260,priest,discipline,216,113,103
28946,Аквариусс,gordunni,1260,priest,discipline,60,30,30
28947,Euphorius,blackmoore,1260,priest,discipline,66,32,34
28948,Vésph,draenor,1260,priest,discipline,67,24,43
28949,Søînx,archimonde,1259,priest,discipline,27,17,10
28950,Liasanya,kelthuzad,1259,priest,discipline,30,18,12
28951,Popelings,twisting-nether,1259,priest,discipline,54,20,34
28952,Рискаль,borean-tundra,1258,priest,discipline,41,16,25
28953,Flokz,archimonde,1257,priest,discipline,24,14,10
28954,Rog,norgannon,1257,priest,discipline,30,17,13
28955,Jordí,darkspear,1257,priest,discipline,191,88,103
28956,Piitixd,burning-legion,1257,priest,discipline,48,22,26
28957,Aszneê,proudmoore,1256,priest,discipline,24,14,10
28958,Amphôra,archimonde,1256,priest,discipline,46,22,24
28959,Møldark,silvermoon,1256,priest,discipline,116,48,68
28960,Brach,nazjatar,1255,priest,discipline,90,47,43
28961,Shieldyblaze,frostwolf,1255,priest,discipline,125,64,61
28962,Фрустрациия,soulflayer,1255,priest,discipline,34,17,17
28963,Míllerzz,ragnaros,1255,priest,discipline,54,22,32
28964,Ilvia,antonidas,1254,priest,discipline,24,16,8
28965,Pxescalol,aegwynn,1254,priest,discipline,23,14,9
28966,Praystatîon,dragonblight,1254,priest,discipline,132,80,52
28967,Filtro,eredar,1254,priest,discipline,154,76,78
28968,Xail,blackrock,1254,priest,discipline,36,16,20
28969,Удзумукец,howling-fjord,1254,priest,discipline,102,42,60
28970,Mournus,defias-brotherhood,1253,priest,discipline,47,35,12
28971,Feriant,argent-dawn,1253,priest,discipline,47,27,20
28972,Ufos,stormscale,1253,priest,discipline,42,15,27
28973,Mercies,kazzak,1252,priest,discipline,23,14,9
28974,Slitenprest,kazzak,1252,priest,discipline,42,24,18
28975,Asnur,argent-dawn,1252,priest,discipline,36,19,17
28976,Holydörte,aegwynn,1252,priest,discipline,72,36,36
28977,Torcena,garrosh,1252,priest,discipline,48,16,32
28978,Kelras,grim-batol,1251,priest,discipline,104,63,41
28979,Hellsaya,ysondre,1251,priest,discipline,42,25,17
28980,Elyradp,dun-modr,1251,priest,discipline,78,43,35
28981,Даркфолс,soulflayer,1251,priest,discipline,59,30,29
28982,Марджелла,howling-fjord,1251,priest,discipline,34,16,18
28983,Triksas,sylvanas,1250,priest,discipline,66,42,24
28984,Spoc,blackrock,1250,priest,discipline,53,29,24
28985,Seneth,twisting-nether,1250,priest,discipline,35,15,20
28986,Deneye,thunderhorn,1249,priest,discipline,72,42,30
28987,Lzmad,archimonde,1249,priest,discipline,60,34,26
28988,Shomäre,ysondre,1249,priest,discipline,36,20,16
28989,Howaya,la-croisade-écarlate,1249,priest,discipline,60,32,28
28990,Arenarooky,eredar,1249,priest,discipline,42,22,20
28991,Buan,outland,1248,priest,discipline,18,13,5
28992,Suprenext,draenor,1248,priest,discipline,24,13,11
28993,Mazikeen,stormscale,1248,priest,discipline,24,13,11
28994,Stmichael,silvermoon,1248,priest,discipline,38,15,23
28995,Zolfiqar,tarren-mill,1247,priest,discipline,24,18,6
28996,Møelester,antonidas,1247,priest,discipline,18,13,5
28997,Betatasty,dalaran,1247,priest,discipline,18,13,5
28998,Niíall,skullcrusher,1247,priest,discipline,18,13,5
28999,Lánî,blackmoore,1247,priest,discipline,20,13,7
29000,Zathada,twisting-nether,1247,priest,discipline,30,19,11
29001,Swdömmel,aegwynn,1247,priest,discipline,24,13,11
29002,Krokkete,hyjal,1247,priest,discipline,24,13,11
29003,Feedergodx,dun-modr,1247,priest,discipline,24,13,11
29004,Xourin,blackrock,1247,priest,discipline,34,14,20
29005,Noukeé,blackrock,1247,priest,discipline,36,13,23
29006,Sùzy,ravencrest,1247,priest,discipline,36,13,23
29007,Maylà,aegwynn,1247,priest,discipline,60,20,40
29008,Níghty,ravencrest,1246,priest,discipline,18,13,5
29009,Эмжи,howling-fjord,1246,priest,discipline,18,13,5
29010,Ørrak,hyjal,1246,priest,discipline,24,14,10
29011,Quepimquepam,tarren-mill,1246,priest,discipline,41,18,23
29012,Ishkà,stormscale,1246,priest,discipline,30,13,17
29013,Deliâz,aegwynn,1246,priest,discipline,36,14,22
29014,Padregianni,nemesis,1246,priest,discipline,36,13,23
29015,Леддигага,gordunni,1245,priest,discipline,24,13,11
29016,Оуаы,soulflayer,1245,priest,discipline,123,62,61
29017,Rytmusqt,outland,1245,priest,discipline,30,13,17
29018,Lîke,shattrath,1245,priest,discipline,30,13,17
29019,Undeadpriest,aegwynn,1245,priest,discipline,36,13,23
29020,Theycmedotin,blackhand,1245,priest,discipline,42,13,29
29021,Hotdog,kult-der-verdammten,1244,priest,discipline,30,17,13
29022,Valnaya,draenor,1244,priest,discipline,92,51,41
29023,Egî,lothar,1244,priest,discipline,24,13,11
29024,Virgosenpai,silvermoon,1244,priest,discipline,48,23,25
29025,Jumby,outland,1244,priest,discipline,30,13,17
29026,Doombrew,blackmoore,1244,priest,discipline,30,13,17
29027,Tackerjoè,eredar,1244,priest,discipline,48,20,28
29028,Шадоухоррор,gordunni,1244,priest,discipline,57,23,34
29029,Wedoburgers,ravencrest,1243,priest,discipline,18,13,5
29030,Takeoff,dun-morogh,1243,priest,discipline,36,23,13
29031,Vokuheala,tarren-mill,1243,priest,discipline,29,16,13
29032,Tjackballé,tarren-mill,1243,priest,discipline,24,13,11
29033,Hurtless,ravencrest,1243,priest,discipline,33,13,20
29034,Chîllipriest,draenor,1242,priest,discipline,24,13,11
29035,Gumer,antonidas,1242,priest,discipline,24,13,11
29036,Shadowburst,archimonde,1242,priest,discipline,24,13,11
29037,Romero,sylvanas,1241,priest,discipline,18,13,5
29038,Herapeutic,argent-dawn,1241,priest,discipline,23,15,8
29039,Deyxq,lothar,1241,priest,discipline,24,13,11
29040,Marylin,senjin,1241,priest,discipline,201,99,102
29041,Ivÿx,ravencrest,1241,priest,discipline,30,13,17
29042,Shdwxy,blackrock,1240,priest,discipline,24,13,11
29043,Aptz,twisting-nether,1240,priest,discipline,36,13,23
29044,Diçkhëad,ravencrest,1239,priest,discipline,67,35,32
29045,Yante,ragnaros,1239,priest,discipline,69,34,35
29046,Mamasmilk,draenor,1238,priest,discipline,40,25,15
29047,Apèx,blackrock,1238,priest,discipline,78,40,38
29048,Новокшан,soulflayer,1237,priest,discipline,36,18,18
29049,Доминантрикс,soulflayer,1237,priest,discipline,57,27,30
29050,Holydoughnut,stormscale,1237,priest,discipline,54,25,29
29051,Eksel,silvermoon,1237,priest,discipline,66,29,37
29052,Djchinoix,archimonde,1236,priest,discipline,18,13,5
29053,Фрит,lich-king,1236,priest,discipline,63,35,28
29054,Héntai,argent-dawn,1236,priest,discipline,30,15,15
29055,Sahu,kult-der-verdammten,1236,priest,discipline,44,21,23
29056,Crazypablito,burning-legion,1236,priest,discipline,59,25,34
29057,Jbte,silvermoon,1235,priest,discipline,102,57,45
29058,Speltmor,stormscale,1235,priest,discipline,24,13,11
29059,Discovery,aggra-português,1235,priest,discipline,54,28,26
29060,Якакиисус,gordunni,1235,priest,discipline,51,23,28
29061,Mivale,aszune,1234,priest,discipline,26,15,11
29062,Palitox,kazzak,1234,priest,discipline,42,23,19
29063,Holyswift,dun-morogh,1234,priest,discipline,173,91,82
29064,Floory,twisting-nether,1234,priest,discipline,89,45,44
29065,Shadoomed,kazzak,1234,priest,discipline,66,27,39
29066,Divaz,eredar,1234,priest,discipline,48,18,30
29067,Nøheall,ysondre,1234,priest,discipline,95,35,60
29068,Ticklebell,ravencrest,1233,priest,discipline,155,84,71
29069,Nestélle,drakthul,1233,priest,discipline,111,52,59
29070,Wandéline,arathi,1233,priest,discipline,59,26,33
29071,Самурайко,booty-bay,1233,priest,discipline,48,21,27
29072,Pretee,nemesis,1233,priest,discipline,30,13,17
29073,Anotherlife,stormscale,1232,priest,discipline,18,13,5
29074,Glaces,archimonde,1232,priest,discipline,47,24,23
29075,Zofa,sunstrider,1232,priest,discipline,44,20,24
29076,Janinw,sylvanas,1232,priest,discipline,30,13,17
29077,Samtig,malganis,1232,priest,discipline,57,23,34
29078,Nogz,rashgarroth,1231,priest,discipline,56,34,22
29079,Lucianßk,sanguino,1230,priest,discipline,48,27,21
29080,Priesturz,aggramar,1230,priest,discipline,24,13,11
29081,Aroghul,eredar,1230,priest,discipline,108,46,62
29082,Séfaron,blackmoore,1229,priest,discipline,28,20,8
29083,Levimm,turalyon,1229,priest,discipline,103,52,51
29084,Añgêl,ravencrest,1229,priest,discipline,189,95,94
29085,Héternel,ysondre,1229,priest,discipline,74,36,38
29086,Пенансиня,gordunni,1229,priest,discipline,36,13,23
29087,Skarn,blackmoore,1228,priest,discipline,30,20,10
29088,Swtt,sanguino,1228,priest,discipline,78,40,38
29089,Ggsus,outland,1228,priest,discipline,66,25,41
29090,Felerman,kazzak,1228,priest,discipline,36,13,23
29091,Holybestie,eredar,1227,priest,discipline,30,18,12
29092,Myrmeen,silvermoon,1227,priest,discipline,85,43,42
29093,Мазка,galakrond,1227,priest,discipline,54,23,31
29094,Seum,ravencrest,1226,priest,discipline,92,48,44
29095,Eremit,silvermoon,1226,priest,discipline,91,46,45
29096,Darkheall,sanguino,1226,priest,discipline,75,32,43
29097,Netomv,kazzak,1225,priest,discipline,35,18,17
29098,Duem,kazzak,1225,priest,discipline,54,27,27
29099,Kenderke,ragnaros,1225,priest,discipline,35,16,19
29100,Saat,dalaran,1224,priest,discipline,32,21,11
29101,Baglet,ravencrest,1224,priest,discipline,24,13,11
29102,Drennaria,draenor,1224,priest,discipline,65,31,34
29103,Therezzer,burning-legion,1224,priest,discipline,36,16,20
29104,Zerula,outland,1223,priest,discipline,197,101,96
29105,Ästûr,sanguino,1223,priest,discipline,84,43,41
29106,Norlyset,silvermoon,1223,priest,discipline,96,44,52
29107,Gobie,sunstrider,1223,priest,discipline,30,13,17
29108,Amädeuss,tarren-mill,1223,priest,discipline,36,15,21
29109,Ompala,shattered-hand,1222,priest,discipline,24,13,11
29110,Дракулесса,gordunni,1221,priest,discipline,63,31,32
29111,Сегуната,howling-fjord,1221,priest,discipline,36,13,23
29112,Pleistras,magtheridon,1220,priest,discipline,176,97,79
29113,Vès,stormscale,1220,priest,discipline,72,37,35
29114,Øwlsoo,confrérie-du-thorium,1220,priest,discipline,130,66,64
29115,Aerosoll,drakthul,1220,priest,discipline,42,21,21
29116,Свапмиплиз,gordunni,1219,priest,discipline,149,70,79
29117,Карнотит,howling-fjord,1219,priest,discipline,180,82,98
29118,Bigfnatlund,silvermoon,1219,priest,discipline,41,18,23
29119,Xghazo,sylvanas,1218,priest,discipline,45,25,20
29120,Talonjean,conseil-des-ombres,1218,priest,discipline,24,13,11
29121,Лолиэль,soulflayer,1218,priest,discipline,63,34,29
29122,Залупский,gordunni,1218,priest,discipline,41,19,22
29123,Shadowhawke,argent-dawn,1218,priest,discipline,35,15,20
29124,Bandgap,antonidas,1218,priest,discipline,110,47,63
29125,Bzets,jaedenar,1217,priest,discipline,77,45,32
29126,Ginebra,archimonde,1217,priest,discipline,24,14,10
29127,Unleet,sylvanas,1217,priest,discipline,68,33,35
29128,Attenna,ravencrest,1217,priest,discipline,81,34,47
29129,Nìak,ysondre,1217,priest,discipline,100,39,61
29130,Дайбчик,gordunni,1216,priest,discipline,44,25,19
29131,Капляболи,gordunni,1216,priest,discipline,51,28,23
29132,Yojoyo,draenor,1216,priest,discipline,143,67,76
29133,Xarxis,twisting-nether,1216,priest,discipline,42,13,29
29134,Rngq,burning-blade,1215,priest,discipline,23,13,10
29135,Patoroch,terokkar,1215,priest,discipline,48,26,22
29136,Türapea,draenor,1215,priest,discipline,116,57,59
29137,Verrottênd,frostwolf,1215,priest,discipline,76,31,45
29138,Feydottir,draenor,1214,priest,discipline,36,19,17
29139,Флэнсер,soulflayer,1214,priest,discipline,276,131,145
29140,Nymrasus,ravencrest,1213,priest,discipline,24,13,11
29141,Elfdarkholme,stormscale,1213,priest,discipline,36,19,17
29142,Sandaal,drakthul,1213,priest,discipline,72,36,36
29143,Antiexhile,kazzak,1213,priest,discipline,41,20,21
29144,Lãwh,hyjal,1213,priest,discipline,89,43,46
29145,Tashziehn,blackrock,1210,priest,discipline,21,14,7
29146,Ðøð,dalaran,1210,priest,discipline,54,33,21
29147,Firstkiss,rexxar,1210,priest,discipline,36,22,14
29148,Selenar,neptulon,1210,priest,discipline,48,26,22
29149,Vempress,neptulon,1210,priest,discipline,48,24,24
29150,Swaggerboy,alakir,1210,priest,discipline,41,13,28
29151,Jeuwls,argent-dawn,1209,priest,discipline,121,64,57
29152,Whitehusky,antonidas,1209,priest,discipline,42,21,21
29153,Drë,daggerspine,1209,priest,discipline,29,13,16
29154,Лин,howling-fjord,1208,priest,discipline,22,13,9
29155,Nëophytë,zuljin,1207,priest,discipline,72,35,37
29156,Жрицазла,soulflayer,1207,priest,discipline,60,28,32
29157,Petitcaca,outland,1207,priest,discipline,99,45,54
29158,Eník,blackrock,1206,priest,discipline,36,15,21
29159,Thyrandis,dragonblight,1206,priest,discipline,34,14,20
29160,Nostramo,kirin-tor,1206,priest,discipline,54,19,35
29161,Nethenielle,malganis,1205,priest,discipline,42,20,22
29162,Texstil,blackmoore,1205,priest,discipline,30,14,16
29163,Linara,frostmane,1204,priest,discipline,18,13,5
29164,Saru,uldaman,1204,priest,discipline,46,26,20
29165,Littleabs,the-maelstrom,1204,priest,discipline,71,35,36
29166,Crazyhemsire,twisting-nether,1203,priest,discipline,30,19,11
29167,Nazo,sylvanas,1203,priest,discipline,83,46,37
29168,Simbaba,archimonde,1203,priest,discipline,36,19,17
29169,Nioubèy,archimonde,1203,priest,discipline,29,15,14
29170,Werita,frostmane,1203,priest,discipline,122,54,68
29171,Свежага,howling-fjord,1203,priest,discipline,76,33,43
29172,Umbraya,blackhand,1203,priest,discipline,78,26,52
29173,Beaglep,blackrock,1203,priest,discipline,53,13,40
29174,Calah,frostwhisper,1202,priest,discipline,36,13,23
29175,Perdítá,thrall,1200,priest,discipline,219,107,112
29176,Dementzia,argent-dawn,1200,priest,discipline,89,43,46
29177,Jeuhy,talnivarr,1200,priest,discipline,131,62,69
29178,Leprie,draenor,1199,priest,discipline,39,15,24
29179,Аэрэта,deathguard,1198,priest,discipline,36,22,14
29180,Джейнкелли,borean-tundra,1198,priest,discipline,138,81,57
29181,Csiillux,ragnaros,1198,priest,discipline,36,19,17
29182,Drtickomaru,drakthul,1197,priest,discipline,32,16,16
29183,Rightx,outland,1197,priest,discipline,90,41,49
29184,Adeeva,ravencrest,1196,priest,discipline,65,40,25
29185,Drioz,ysondre,1196,priest,discipline,78,44,34
29186,Sisdenna,doomhammer,1196,priest,discipline,272,141,131
29187,Sacerfull,sanguino,1196,priest,discipline,100,46,54
29188,Wynkx,zuljin,1196,priest,discipline,66,24,42
29189,Salves,blackmoore,1195,priest,discipline,36,17,19
29190,Smellypecker,argent-dawn,1194,priest,discipline,30,15,15
29191,Яестькенни,soulflayer,1193,priest,discipline,30,16,14
29192,Lyim,stormscale,1192,priest,discipline,23,13,10
29193,Healsquad,draenor,1191,priest,discipline,70,34,36
29194,Psíquica,sanguino,1191,priest,discipline,27,13,14
29195,Pvpriestess,silvermoon,1191,priest,discipline,120,56,64
29196,Elronmcbông,ravencrest,1191,priest,discipline,72,32,40
29197,Obeliskprist,kazzak,1190,priest,discipline,30,14,16
29198,Perimortal,norgannon,1190,priest,discipline,57,26,31
29199,Uro,tirion,1190,priest,discipline,41,14,27
29200,Argaar,burning-legion,1189,priest,discipline,66,31,35
29201,Radizzel,thrall,1189,priest,discipline,34,13,21
29202,Zergo,karazhan,1189,priest,discipline,52,18,34
29203,Astraniaa,blackmoore,1187,priest,discipline,30,14,16
29204,Megalodön,draenor,1187,priest,discipline,45,17,28
29205,Kårejonny,tarren-mill,1186,priest,discipline,55,28,27
29206,Lillthya,kazzak,1186,priest,discipline,58,24,34
29207,Zranda,magtheridon,1185,priest,discipline,78,36,42
29208,Devîlcry,nordrassil,1184,priest,discipline,96,55,41
29209,Lighter,dragonblight,1183,priest,discipline,58,35,23
29210,Obito,outland,1183,priest,discipline,23,13,10
29211,Freezydot,silvermoon,1183,priest,discipline,87,49,38
29212,Летиин,gordunni,1183,priest,discipline,65,27,38
29213,Sickz,blackrock,1183,priest,discipline,42,15,27
29214,Výra,der-rat-von-dalaran,1182,priest,discipline,32,13,19
29215,Trimégiste,hyjal,1181,priest,discipline,118,61,57
29216,Goldenapples,ravencrest,1181,priest,discipline,43,22,21
29217,Praywingsebb,nazjatar,1181,priest,discipline,30,14,16
29218,Bellanote,dalaran,1181,priest,discipline,149,69,80
29219,Dopemine,ragnaros,1179,priest,discipline,36,18,18
29220,Medycus,blackrock,1179,priest,discipline,60,25,35
29221,Riseandshine,draenor,1178,priest,discipline,36,15,21
29222,Jaimeê,der-rat-von-dalaran,1177,priest,discipline,31,16,15
29223,Nnaoy,ysondre,1177,priest,discipline,26,13,13
29224,Whitepitch,doomhammer,1177,priest,discipline,89,39,50
29225,Чупатаявошь,soulflayer,1176,priest,discipline,66,35,31
29226,Шуали,grom,1176,priest,discipline,54,28,26
29227,Fimor,die-nachtwache,1175,priest,discipline,48,26,22
29228,Garie,thrall,1175,priest,discipline,74,29,45
29229,Tyog,khazgoroth,1174,priest,discipline,25,14,11
29230,Скорояпомощь,gordunni,1174,priest,discipline,107,58,49
29231,Loetharion,archimonde,1174,priest,discipline,71,36,35
29232,Nelvor,silvermoon,1174,priest,discipline,42,21,21
29233,Kayeenie,bloodscalp,1174,priest,discipline,34,13,21
29234,Rashyd,sylvanas,1173,priest,discipline,42,24,18
29235,Dezriah,tarren-mill,1173,priest,discipline,147,75,72
29236,Забвениеждёт,gordunni,1173,priest,discipline,83,37,46
29237,Gesucristò,pozzo-delleternità,1172,priest,discipline,24,14,10
29238,Парикнахер,soulflayer,1171,priest,discipline,36,23,13
29239,Ksiadzrydzyk,draenor,1171,priest,discipline,36,20,16
29240,Captn,draenor,1171,priest,discipline,54,22,32
29241,Cøøbrà,hyjal,1170,priest,discipline,70,38,32
29242,Petshopboi,sylvanas,1170,priest,discipline,27,14,13
29243,Zielonymisiu,burning-legion,1170,priest,discipline,36,18,18
29244,Àri,magtheridon,1170,priest,discipline,41,15,26
29245,Allisandre,hellscream,1169,priest,discipline,24,13,11
29246,Ноубадди,howling-fjord,1169,priest,discipline,67,32,35
29247,Gertie,blackhand,1168,priest,discipline,94,49,45
29248,Holyschidt,amanthul,1168,priest,discipline,331,162,169
29249,Elclasico,blackrock,1168,priest,discipline,68,28,40
29250,Popegoat,ragnaros,1167,priest,discipline,53,38,15
29251,Nûwa,draenor,1166,priest,discipline,53,27,26
29252,Kizzorde,ragnaros,1166,priest,discipline,86,43,43
29253,Drsmort,blackrock,1166,priest,discipline,78,37,41
29254,Fetuz,ravenholdt,1166,priest,discipline,68,32,36
29255,Balhlin,argent-dawn,1166,priest,discipline,82,34,48
29256,Szeky,ragnaros,1165,priest,discipline,36,13,23
29257,Эски,howling-fjord,1165,priest,discipline,36,13,23
29258,Gooldan,draenor,1164,priest,discipline,66,39,27
29259,Flyingdutch,tarren-mill,1164,priest,discipline,247,115,132
29260,Монесса,howling-fjord,1164,priest,discipline,44,20,24
29261,Olîra,hyjal,1163,priest,discipline,30,14,16
29262,Kiieevv,blackrock,1163,priest,discipline,150,67,83
29263,Soehzz,khaz-modan,1163,priest,discipline,48,21,27
29264,Kinn,kaelthas,1162,priest,discipline,30,16,14
29265,Jezlung,frostmane,1162,priest,discipline,96,50,46
29266,Stclemens,defias-brotherhood,1162,priest,discipline,39,19,20
29267,Blàckângel,blackrock,1161,priest,discipline,312,156,156
29268,Klaura,blackmoore,1161,priest,discipline,30,15,15
29269,Worldjudge,kazzak,1160,priest,discipline,53,27,26
29270,Phórkys,kazzak,1160,priest,discipline,432,216,216
29271,Déxguard,silvermoon,1160,priest,discipline,70,26,44
29272,Mandarinee,blackmoore,1159,priest,discipline,148,62,86
29273,Акимбопушка,howling-fjord,1159,priest,discipline,74,27,47
29274,Javvi,sylvanas,1158,priest,discipline,78,44,34
29275,Vebbysor,sylvanas,1158,priest,discipline,30,15,15
29276,Гуляль,howling-fjord,1157,priest,discipline,76,43,33
29277,Brunestùd,pozzo-delleternità,1157,priest,discipline,68,33,35
29278,Mjölkpelle,twisting-nether,1156,priest,discipline,24,18,6
29279,Педаньтяйка,gordunni,1156,priest,discipline,107,67,40
29280,Réborn,tarren-mill,1156,priest,discipline,36,19,17
29281,Qyi,the-maelstrom,1156,priest,discipline,36,18,18
29282,Divinekat,tarren-mill,1155,priest,discipline,22,13,9
29283,Kínson,the-maelstrom,1155,priest,discipline,67,37,30
29284,Døline,hyjal,1155,priest,discipline,29,13,16
29285,Chega,malganis,1154,priest,discipline,84,34,50
29286,Гундяй,soulflayer,1153,priest,discipline,51,28,23
29287,Karellian,silvermoon,1153,priest,discipline,36,17,19
29288,Tobadforglad,khaz-modan,1152,priest,discipline,18,12,6
29289,Fkitweball,argent-dawn,1152,priest,discipline,18,12,6
29290,Lidlpriest,frostwolf,1152,priest,discipline,18,12,6
29291,Heab,aegwynn,1152,priest,discipline,24,12,12
29292,Djros,magtheridon,1152,priest,discipline,24,12,12
29293,Donpedrila,kazzak,1152,priest,discipline,24,12,12
29294,Найтингеилл,gordunni,1152,priest,discipline,24,12,12
29295,Keijuñâ,tarren-mill,1152,priest,discipline,24,12,12
29296,Незерхэвэн,soulflayer,1152,priest,discipline,24,12,12
29297,Proxsjr,ravencrest,1152,priest,discipline,24,12,12
29298,Djokui,uldum,1152,priest,discipline,30,12,18
29299,Djrussia,tarren-mill,1152,priest,discipline,30,12,18
29300,Yarok,anubarak,1151,priest,discipline,18,12,6
29301,Uncreative,ravencrest,1151,priest,discipline,18,12,6
29302,Deadsloth,hyjal,1151,priest,discipline,24,12,12
29303,Qzrx,draenor,1151,priest,discipline,24,12,12
29304,Arythc,ahnqiraj,1151,priest,discipline,24,12,12
29305,Dotctor,ysondre,1151,priest,discipline,49,24,25
29306,Shadeblaze,draenor,1151,priest,discipline,38,16,22
29307,Shììnx,hyjal,1151,priest,discipline,30,12,18
29308,Aridarpriest,silvermoon,1151,priest,discipline,30,12,18
29309,Хильдинда,soulflayer,1150,priest,discipline,54,27,27
29310,Naomirussell,sylvanas,1150,priest,discipline,24,12,12
29311,Fléxéd,burning-legion,1150,priest,discipline,24,12,12
29312,Davóss,outland,1150,priest,discipline,24,12,12
29313,Nuriva,frostmane,1150,priest,discipline,36,12,24
29314,Wiguwigu,blackrock,1150,priest,discipline,36,12,24
29315,Dogfx,blackhand,1150,priest,discipline,42,12,30
29316,Roskva,archimonde,1149,priest,discipline,21,13,8
29317,Pontifex,baelgun,1149,priest,discipline,114,65,49
29318,Berstkraft,blackmoore,1149,priest,discipline,24,12,12
29319,Floorpovx,blackmoore,1149,priest,discipline,24,12,12
29320,Discmoo,kazzak,1148,priest,discipline,20,12,8
29321,Miralou,ravencrest,1148,priest,discipline,306,154,152
29322,Yörüichi,kazzak,1148,priest,discipline,24,12,12
29323,Pleadz,tarren-mill,1148,priest,discipline,30,12,18
29324,Isendth,archimonde,1148,priest,discipline,42,12,30
29325,Ribberull,burning-blade,1147,priest,discipline,24,12,12
29326,Уртримас,gordunni,1147,priest,discipline,128,59,69
29327,Zenitsu,khadgar,1147,priest,discipline,66,30,36
29328,Pocketsimp,stormscale,1147,priest,discipline,38,16,22
29329,Nack,marécage-de-zangar,1147,priest,discipline,30,12,18
29330,Deicidex,blackrock,1147,priest,discipline,36,12,24
29331,Rhæveth,ravencrest,1146,priest,discipline,18,12,6
29332,Badguymike,ragnaros,1146,priest,discipline,18,12,6
29333,Tsumu,archimonde,1146,priest,discipline,24,12,12
29334,Джоега,grom,1146,priest,discipline,41,12,29
29335,Docpower,twisting-nether,1145,priest,discipline,24,12,12
29336,Фикспрайз,gordunni,1145,priest,discipline,24,12,12
29337,Johnnypleb,blackrock,1144,priest,discipline,114,58,56
29338,Blacklemons,thrall,1144,priest,discipline,24,12,12
29339,Dêrp,frostwolf,1144,priest,discipline,24,12,12
29340,Loliheal,blackmoore,1144,priest,discipline,34,13,21
29341,Ilovechildrn,silvermoon,1143,priest,discipline,18,12,6
29342,Woid,aegwynn,1143,priest,discipline,24,12,12
29343,Healy,blackrock,1143,priest,discipline,102,44,58
29344,Plaguetale,archimonde,1142,priest,discipline,65,35,30
29345,Саня,razuvious,1142,priest,discipline,24,12,12
29346,Utsuro,stormscale,1142,priest,discipline,24,12,12
29347,Manau,culte-de-la-rive-noire,1142,priest,discipline,30,12,18
29348,Barnicha,grim-batol,1141,priest,discipline,18,12,6
29349,Talyie,argent-dawn,1141,priest,discipline,18,12,6
29350,Noskan,silvermoon,1141,priest,discipline,21,13,8
29351,Aviz,tarren-mill,1141,priest,discipline,24,12,12
29352,Karzin,aggra-português,1141,priest,discipline,66,32,34
29353,Daesa,defias-brotherhood,1140,priest,discipline,24,14,10
29354,Убивал,soulflayer,1140,priest,discipline,24,12,12
29355,Claudefrollo,the-maelstrom,1140,priest,discipline,24,12,12
29356,Canthms,twisting-nether,1139,priest,discipline,42,25,17
29357,Mädmän,draenor,1139,priest,discipline,72,38,34
29358,Mazzekeen,burning-legion,1139,priest,discipline,31,12,19
29359,Kaydenkross,eredar,1139,priest,discipline,42,12,30
29360,Bacberon,skullcrusher,1138,priest,discipline,18,12,6
29361,Quinax,shattered-hand,1138,priest,discipline,24,12,12
29362,Clapclap,frostmourne,1138,priest,discipline,34,13,21
29363,Brøwney,blackmoore,1137,priest,discipline,24,12,12
29364,Chankro,sanguino,1137,priest,discipline,24,12,12
29365,Drüdkh,tarren-mill,1137,priest,discipline,36,12,24
29366,Confess,archimonde,1136,priest,discipline,30,15,15
29367,Keimohansio,twisting-nether,1136,priest,discipline,48,23,25
29368,Seras,bloodfeather,1136,priest,discipline,102,46,56
29369,Drissz,archimonde,1135,priest,discipline,24,12,12
29370,Dafemboi,ravencrest,1134,priest,discipline,18,12,6
29371,Joncartagena,sanguino,1133,priest,discipline,24,12,12
29372,Velosp,defias-brotherhood,1133,priest,discipline,30,12,18
29373,Kâmy,archimonde,1132,priest,discipline,18,12,6
29374,Deliverme,frostmane,1132,priest,discipline,18,12,6
29375,Ожившийприст,soulflayer,1132,priest,discipline,123,64,59
29376,Neosix,sanguino,1132,priest,discipline,36,18,18
29377,Vrenel,burning-legion,1131,priest,discipline,29,15,14
29378,Zák,sylvanas,1131,priest,discipline,24,12,12
29379,Elfhelp,ravencrest,1131,priest,discipline,44,15,29
29380,Nabira,pozzo-delleternità,1130,priest,discipline,18,12,6
29381,Gromalia,hyjal,1129,priest,discipline,24,12,12
29382,Uncleben,grim-batol,1129,priest,discipline,31,14,17
29383,Makrit,outland,1129,priest,discipline,51,21,30
29384,Vrynna,kazzak,1128,priest,discipline,22,13,9
29385,Lightless,baelgun,1128,priest,discipline,55,26,29
29386,Paparockatos,sylvanas,1127,priest,discipline,36,24,12
29387,Jeez,twilights-hammer,1127,priest,discipline,36,12,24
29388,Roosy,malganis,1126,priest,discipline,35,13,22
29389,Iømÿnudir,archimonde,1125,priest,discipline,70,33,37
29390,Гандболист,soulflayer,1125,priest,discipline,30,12,18
29391,Курумничек,gordunni,1124,priest,discipline,18,12,6
29392,Frittê,anetheron,1124,priest,discipline,57,29,28
29393,Enlîl,zuljin,1123,priest,discipline,47,25,22
29394,Enaches,twisting-nether,1123,priest,discipline,61,30,31
29395,Spookyfive,blackhand,1123,priest,discipline,73,26,47
29396,Kurtse,archimonde,1121,priest,discipline,28,14,14
29397,Biblebabe,tarren-mill,1121,priest,discipline,24,12,12
29398,Killerkende,ragnaros,1119,priest,discipline,46,22,24
29399,Limpopon,doomhammer,1119,priest,discipline,39,15,24
29400,Twirlylocks,emerald-dream,1118,priest,discipline,29,12,17
29401,Jeus,malganis,1118,priest,discipline,36,14,22
29402,Thiela,ravencrest,1117,priest,discipline,20,13,7
29403,Spooka,ravencrest,1117,priest,discipline,23,12,11
29404,Boyraz,argent-dawn,1117,priest,discipline,66,30,36
29405,Ungeheuer,taerar,1116,priest,discipline,30,16,14
29406,Nyell,silvermoon,1115,priest,discipline,22,12,10
29407,Klaniara,silvermoon,1115,priest,discipline,28,15,13
29408,Iloa,dun-morogh,1114,priest,discipline,35,21,14
29409,Bigwoopsie,stormscale,1114,priest,discipline,24,14,10
29410,Mewdewrewrx,arathor,1114,priest,discipline,84,46,38
29411,Viroxian,outland,1114,priest,discipline,24,12,12
29412,Devilscousin,aggra-português,1113,priest,discipline,18,14,4
29413,Ehrmantràut,draenor,1113,priest,discipline,31,17,14
29414,Bluxon,kazzak,1113,priest,discipline,22,12,10
29415,Holynelph,kazzak,1113,priest,discipline,26,13,13
29416,Таймыр,gordunni,1113,priest,discipline,155,70,85
29417,Fordead,krasus,1113,priest,discipline,48,13,35
29418,Qsandria,ravencrest,1112,priest,discipline,50,24,26
29419,Maskia,sanguino,1112,priest,discipline,30,12,18
29420,Латрам,greymane,1112,priest,discipline,88,35,53
29421,Гролгул,eversong,1111,priest,discipline,24,12,12
29422,Milessa,steamwheedle-cartel,1111,priest,discipline,48,18,30
29423,Dalyn,zuljin,1110,priest,discipline,24,12,12
29424,Desperion,ragnaros,1110,priest,discipline,85,35,50
29425,Nykothp,ghostlands,1110,priest,discipline,30,12,18
29426,Baddly,silvermoon,1110,priest,discipline,35,12,23
29427,Attiny,draenor,1110,priest,discipline,48,14,34
29428,Kranrekan,archimonde,1109,priest,discipline,37,12,25
29429,Стаминабаф,gordunni,1108,priest,discipline,21,13,8
29430,Fixyou,aggra-português,1108,priest,discipline,24,12,12
29431,Yoloh,sanguino,1108,priest,discipline,51,19,32
29432,Dilbert,twilights-hammer,1107,priest,discipline,70,29,41
29433,Taili,ysondre,1107,priest,discipline,32,13,19
29434,Nigellä,azjolnerub,1107,priest,discipline,36,12,24
29435,Templanzaa,cthun,1106,priest,discipline,24,12,12
29436,Deckardkain,pozzo-delleternità,1105,priest,discipline,60,33,27
29437,Thörbjorn,confrérie-du-thorium,1105,priest,discipline,30,15,15
29438,Valente,twisting-nether,1105,priest,discipline,60,22,38
29439,Elyssez,thrall,1104,priest,discipline,61,22,39
29440,Lydîâ,blackhand,1102,priest,discipline,23,12,11
29441,Xakala,cthun,1102,priest,discipline,81,42,39
29442,Bldnl,ragnaros,1102,priest,discipline,27,13,14
29443,Scotpriest,draenor,1101,priest,discipline,24,12,12
29444,Bepbepp,archimonde,1101,priest,discipline,26,12,14
29445,Plagegeist,blutkessel,1100,priest,discipline,24,12,12
29446,Möd,ragnaros,1100,priest,discipline,30,13,17
29447,Imsöbäd,archimonde,1098,priest,discipline,30,12,18
29448,Vaurork,stormscale,1096,priest,discipline,23,12,11
29449,Mocnymaco,burning-blade,1094,priest,discipline,181,93,88
29450,Мояродная,howling-fjord,1091,priest,discipline,43,13,30
29451,Jcnun,xavius,1090,priest,discipline,52,16,36
29452,Anethron,ragnaros,1089,priest,discipline,78,42,36
29453,Necromania,cthun,1089,priest,discipline,123,58,65
29454,Hasnaa,silvermoon,1088,priest,discipline,18,12,6
29455,Lísan,ravencrest,1088,priest,discipline,30,14,16
29456,Szalsza,arathor,1088,priest,discipline,84,39,45
29457,Эрьеро,gordunni,1085,priest,discipline,48,17,31
29458,Xmassdispel,tarren-mill,1084,priest,discipline,36,14,22
29459,Prognosis,frostwhisper,1083,priest,discipline,36,17,19
29460,Dinamix,tarren-mill,1082,priest,discipline,30,16,14
29461,Mundwerk,malganis,1081,priest,discipline,57,21,36
29462,Nellytaa,dalaran,1080,priest,discipline,33,17,16
29463,Waxosc,silvermoon,1080,priest,discipline,68,28,40
29464,Salskagripme,ragnaros,1079,priest,discipline,18,12,6
29465,Гомотряс,howling-fjord,1079,priest,discipline,102,54,48
29466,Bálíé,blackmoore,1078,priest,discipline,72,35,37
29467,Yelowsnowman,burning-legion,1078,priest,discipline,48,22,26
29468,Prodan,frostmane,1076,priest,discipline,36,18,18
29469,Lunacarle,zuljin,1075,priest,discipline,44,24,20
29470,Clergy,hellfire,1074,priest,discipline,54,33,21
29471,Prïstië,drakthul,1074,priest,discipline,57,29,28
29472,Deathspawn,hellscream,1073,priest,discipline,69,37,32
29473,Dafúq,draenor,1072,priest,discipline,22,12,10
29474,Metapri,blackhand,1072,priest,discipline,35,18,17
29475,Ünholy,burning-legion,1071,priest,discipline,29,14,15
29476,Seanoob,turalyon,1071,priest,discipline,31,12,19
29477,Zentro,turalyon,1071,priest,discipline,64,22,42
29478,Deppara,twisting-nether,1070,priest,discipline,38,23,15
29479,Discoprillan,twisting-nether,1069,priest,discipline,43,23,20
29480,Lunairess,silvermoon,1069,priest,discipline,84,28,56
29481,Antibiotic,auchindoun,1068,priest,discipline,29,13,16
29482,Nobbisnice,drakthul,1067,priest,discipline,82,36,46
29483,Deeforce,argent-dawn,1067,priest,discipline,74,29,45
29484,Ribbins,outland,1067,priest,discipline,36,12,24
29485,Эйнрив,howling-fjord,1066,priest,discipline,113,53,60
29486,Юкич,soulflayer,1065,priest,discipline,34,12,22
29487,Hðly,doomhammer,1064,priest,discipline,18,12,6
29488,Заплетальщик,howling-fjord,1064,priest,discipline,60,34,26
29489,Crizto,argent-dawn,1064,priest,discipline,43,16,27
29490,Celero,silvermoon,1063,priest,discipline,54,23,31
29491,Avor,hellfire,1062,priest,discipline,24,16,8
29492,Draenera,silvermoon,1061,priest,discipline,65,29,36
29493,Norah,kirin-tor,1061,priest,discipline,30,13,17
29494,Prazefin,twisting-nether,1060,priest,discipline,22,13,9
29495,Ãbømînåtîøn,blackrock,1059,priest,discipline,28,22,6
29496,Yânùx,aegwynn,1056,priest,discipline,12,11,1
29497,Swpain,argent-dawn,1056,priest,discipline,12,11,1
29498,Schwypsvnr,garona,1056,priest,discipline,18,11,7
29499,Fatyoyo,frostwolf,1056,priest,discipline,18,11,7
29500,Kirobreika,twisting-nether,1056,priest,discipline,18,11,7
29501,Daskemaskinx,the-maelstrom,1056,priest,discipline,18,11,7
29502,Bindww,tarren-mill,1056,priest,discipline,18,11,7
29503,Lmnsqzy,ravencrest,1056,priest,discipline,18,11,7
29504,Drnoob,tarren-mill,1056,priest,discipline,50,25,25
29505,Onceup,thrall,1056,priest,discipline,24,11,13
29506,Ðanilosp,dun-modr,1056,priest,discipline,24,11,13
29507,Carpathîan,blackhand,1056,priest,discipline,72,25,47
29508,Балантайсх,soulflayer,1055,priest,discipline,18,11,7
29509,Pilgram,twilights-hammer,1055,priest,discipline,18,11,7
29510,Gwinzy,blackmoore,1055,priest,discipline,18,11,7
29511,Kenobai,kazzak,1055,priest,discipline,18,11,7
29512,Nelyø,destromath,1055,priest,discipline,18,11,7
29513,Zælÿ,archimonde,1055,priest,discipline,18,11,7
29514,Manäka,hyjal,1055,priest,discipline,24,11,13
29515,Eitukaeitai,outland,1055,priest,discipline,24,11,13
29516,Ahun,taerar,1055,priest,discipline,24,11,13
29517,Lexìì,archimonde,1055,priest,discipline,24,11,13
29518,Squishylol,tarren-mill,1055,priest,discipline,24,11,13
29519,Pureàngel,ravencrest,1055,priest,discipline,24,11,13
29520,Deshka,tarren-mill,1055,priest,discipline,30,11,19
29521,Dubai,silvermoon,1055,priest,discipline,36,11,25
29522,Unstopp,blackhand,1054,priest,discipline,18,11,7
29523,Leleg,blackhand,1054,priest,discipline,18,11,7
29524,Hòllymèdx,blackmoore,1054,priest,discipline,24,11,13
29525,Bäckay,silvermoon,1054,priest,discipline,24,11,13
29526,Arya,dunemaul,1054,priest,discipline,24,11,13
29527,Peg,talnivarr,1054,priest,discipline,30,11,19
29528,Zeröone,silvermoon,1054,priest,discipline,35,11,24
29529,Азмоддан,azuregos,1054,priest,discipline,36,11,25
29530,Szycho,burning-legion,1054,priest,discipline,36,11,25
29531,Asmodeux,alakir,1053,priest,discipline,12,11,1
29532,Zeatt,ysera,1053,priest,discipline,18,11,7
29533,Tsunadesaama,silvermoon,1053,priest,discipline,24,11,13
29534,Sinnestrike,tarren-mill,1053,priest,discipline,24,11,13
29535,Mambanero,nemesis,1053,priest,discipline,105,44,61
29536,Залик,soulflayer,1053,priest,discipline,29,12,17
29537,Aléhyl,la-croisade-écarlate,1053,priest,discipline,72,28,44
29538,Stepsisstuck,ragnaros,1053,priest,discipline,30,11,19
29539,Рейсина,gordunni,1053,priest,discipline,30,11,19
29540,Drwho,zuljin,1053,priest,discipline,33,12,21
29541,Lalola,tarren-mill,1052,priest,discipline,59,30,29
29542,Købzar,tarren-mill,1052,priest,discipline,30,11,19
29543,Chokmâh,sanguino,1051,priest,discipline,18,11,7
29544,Пристохилю,gordunni,1051,priest,discipline,24,14,10
29545,Inaeries,argent-dawn,1051,priest,discipline,35,20,15
29546,Nevermyndz,blackmoore,1051,priest,discipline,24,11,13
29547,Doktoritca,kazzak,1051,priest,discipline,30,11,19
29548,Fakéy,draenor,1050,priest,discipline,12,11,1
29549,Iiamx,antonidas,1050,priest,discipline,18,11,7
29550,Hailor,blackmoore,1050,priest,discipline,18,11,7
29551,Cahuña,thrall,1050,priest,discipline,33,19,14
29552,Junglepriest,ravencrest,1050,priest,discipline,24,11,13
29553,Smokäy,blackhand,1050,priest,discipline,24,11,13
29554,Baloopriest,grim-batol,1050,priest,discipline,30,11,19
29555,Zatón,dun-modr,1050,priest,discipline,30,11,19
29556,Celadriel,ravencrest,1050,priest,discipline,30,11,19
29557,Lacrum,ragnaros,1049,priest,discipline,26,15,11
29558,Boomhilde,aegwynn,1049,priest,discipline,206,104,102
29559,Goosebot,stormscale,1049,priest,discipline,24,11,13
29560,Soupriest,ysondre,1049,priest,discipline,27,12,15
29561,Nøwénna,ravencrest,1049,priest,discipline,42,11,31
29562,Icyc,outland,1049,priest,discipline,42,11,31
29563,Merendir,scarshield-legion,1049,priest,discipline,42,11,31
29564,Sophoula,silvermoon,1048,priest,discipline,18,11,7
29565,Ehther,dun-modr,1048,priest,discipline,18,11,7
29566,Sanril,ragnaros,1048,priest,discipline,24,11,13
29567,Leerzeichen,aegwynn,1048,priest,discipline,24,11,13
29568,Diskogoblin,drakthul,1048,priest,discipline,24,11,13
29569,Ysharrj,hyjal,1048,priest,discipline,24,11,13
29570,Axewound,neptulon,1048,priest,discipline,25,11,14
29571,Redlight,ysondre,1048,priest,discipline,30,11,19
29572,Rredss,ravencrest,1047,priest,discipline,22,14,8
29573,Neseig,blutkessel,1047,priest,discipline,18,11,7
29574,Drumont,kelthuzad,1047,priest,discipline,24,11,13
29575,Blasfemo,nemesis,1047,priest,discipline,24,11,13
29576,Ilostmybible,runetotem,1047,priest,discipline,28,12,16
29577,Derathon,eredar,1046,priest,discipline,18,11,7
29578,Мерседулька,howling-fjord,1046,priest,discipline,22,12,10
29579,Ichpvpeuch,eredar,1046,priest,discipline,24,11,13
29580,Болътвоя,gordunni,1045,priest,discipline,18,11,7
29581,Jeanpipe,khaz-modan,1044,priest,discipline,12,11,1
29582,Yourmann,quelthalas,1044,priest,discipline,18,11,7
29583,Migaz,runetotem,1044,priest,discipline,18,11,7
29584,Pescá,cthun,1044,priest,discipline,25,13,12
29585,Needmana,hyjal,1044,priest,discipline,36,15,21
29586,Vadhänder,the-maelstrom,1044,priest,discipline,30,11,19
29587,Kaos,anetheron,1043,priest,discipline,15,13,2
29588,Ráka,earthen-ring,1043,priest,discipline,26,13,13
29589,Эллвинг,howling-fjord,1042,priest,discipline,23,12,11
29590,Starnote,auchindoun,1042,priest,discipline,24,11,13
29591,Rhésùs,archimonde,1041,priest,discipline,44,25,19
29592,Nynren,doomhammer,1041,priest,discipline,50,22,28
29593,Holyskull,magtheridon,1041,priest,discipline,124,51,73
29594,Khato,rexxar,1040,priest,discipline,21,12,9
29595,Whitemané,argent-dawn,1040,priest,discipline,56,28,28
29596,Jonnyklebrig,aegwynn,1040,priest,discipline,47,18,29
29597,Swdscript,drakthul,1039,priest,discipline,24,11,13
29598,Worstdisceu,draenor,1039,priest,discipline,24,11,13
29599,Joebando,ravencrest,1038,priest,discipline,62,29,33
29600,Priestar,madmortem,1038,priest,discipline,24,11,13
29601,Myskou,ragnaros,1037,priest,discipline,12,11,1
29602,Fingerblast,sanguino,1037,priest,discipline,24,12,12
29603,Sphard,ysondre,1037,priest,discipline,104,39,65
29604,Sytrix,frostwolf,1034,priest,discipline,18,11,7
29605,Novilas,thrall,1034,priest,discipline,18,11,7
29606,Трахмэйстер,gordunni,1032,priest,discipline,23,17,6
29607,Tokushiro,sylvanas,1031,priest,discipline,24,11,13
29608,Hónòr,sylvanas,1031,priest,discipline,41,11,30
29609,Pasalacabra,zuljin,1030,priest,discipline,24,11,13
29610,Zdrowíé,todeswache,1029,priest,discipline,78,45,33
29611,Nupzie,stormscale,1029,priest,discipline,39,15,24
29612,Kreem,frostmane,1028,priest,discipline,18,11,7
29613,Rydzyk,laughing-skull,1028,priest,discipline,24,13,11
29614,Hèlp,sanguino,1028,priest,discipline,24,12,12
29615,Zbll,ragnaros,1028,priest,discipline,30,12,18
29616,Healheal,outland,1026,priest,discipline,54,25,29
29617,Barbiemeth,silvermoon,1026,priest,discipline,71,25,46
29618,Leønix,malfurion,1025,priest,discipline,21,12,9
29619,Kyrédan,dalaran,1025,priest,discipline,186,92,94
29620,Bakris,twisting-nether,1024,priest,discipline,24,11,13
29621,Noserenity,outland,1023,priest,discipline,17,11,6
29622,Galpriest,tarren-mill,1023,priest,discipline,17,11,6
29623,Tmnewho,outland,1022,priest,discipline,22,12,10
29624,Stigy,auchindoun,1022,priest,discipline,24,11,13
29625,Tori,marécage-de-zangar,1021,priest,discipline,20,12,8
29626,Xkv,blackmoore,1020,priest,discipline,18,11,7
29627,Sharae,malfurion,1020,priest,discipline,77,41,36
29628,Psychoboris,outland,1020,priest,discipline,127,67,60
29629,Äwësömë,aggra-português,1019,priest,discipline,66,34,32
29630,Shnookfour,agamaggan,1019,priest,discipline,58,29,29
29631,Sòsò,archimonde,1018,priest,discipline,60,25,35
29632,Grgovan,kazzak,1017,priest,discipline,15,12,3
29633,Rexxár,aszune,1016,priest,discipline,121,58,63
29634,Voidjutsu,draenor,1016,priest,discipline,80,31,49
29635,Xanndro,argent-dawn,1014,priest,discipline,34,13,21
29636,Gronni,argent-dawn,1012,priest,discipline,30,15,15
29637,Ghorfindel,kaelthas,1012,priest,discipline,23,11,12
29638,Варинган,howling-fjord,1011,priest,discipline,22,12,10
29639,Morrydin,stormreaver,1009,priest,discipline,22,11,11
29640,Yøzø,blackhand,1009,priest,discipline,63,27,36
29641,Malfredx,stormscale,1008,priest,discipline,21,12,9
29642,Awien,kazzak,1008,priest,discipline,27,12,15
29643,Bicepvein,sylvanas,1007,priest,discipline,15,11,4
29644,Judine,kazzak,1007,priest,discipline,17,11,6
29645,Discoruzki,ravencrest,1007,priest,discipline,23,11,12
29646,Howlscastie,stormscale,1007,priest,discipline,54,22,32
29647,Lenanitro,blackrock,1007,priest,discipline,29,11,18
29648,Priestør,onyxia,1006,priest,discipline,19,12,7
29649,Камшотхил,gordunni,1005,priest,discipline,46,24,22
29650,Amaretta,perenolde,1005,priest,discipline,79,41,38
29651,Malapriest,dalaran,1005,priest,discipline,23,11,12
29652,Телоури,galakrond,1004,priest,discipline,27,12,15
29653,Kallsen,ravencrest,1002,priest,discipline,45,28,17
29654,Aliciaiscute,ravencrest,1002,priest,discipline,22,12,10
29655,Roshaltar,argent-dawn,1002,priest,discipline,78,41,37
29656,Stahj,sanguino,1002,priest,discipline,23,11,12
29657,Sixeus,outland,1002,priest,discipline,26,12,14
29658,Makrophage,mannoroth,1001,priest,discipline,22,12,10
29659,Dirim,silvermoon,1001,priest,discipline,90,32,58
29660,Steadyog,doomhammer,1000,priest,discipline,24,16,8
29661,Mijuuk,zuljin,1000,priest,discipline,36,23,13
29662,Buzzard,frostmourne,1000,priest,discipline,24,15,9
29663,Malîken,silvermoon,1000,priest,discipline,24,11,13
29664,Rrpriest,silvermoon,998,priest,discipline,68,23,45
29665,Îndura,drakthul,997,priest,discipline,99,44,55
29666,Вальдемарс,howling-fjord,996,priest,discipline,29,11,18
29667,Kilrog,blackrock,995,priest,discipline,27,13,14
29668,Zlejkadlec,drakthul,994,priest,discipline,28,13,15
29669,Negativeapm,archimonde,991,priest,discipline,17,11,6
29670,Absinthamos,eredar,989,priest,discipline,22,11,11
29671,Góldfinger,norgannon,988,priest,discipline,27,11,16
29672,Hinkelstein,defias-brotherhood,983,priest,discipline,44,23,21
29673,Huzlin,kazzak,983,priest,discipline,28,11,17
29674,Aprima,culte-de-la-rive-noire,983,priest,discipline,48,17,31
29675,Lichtelaaie,quelthalas,980,priest,discipline,24,15,9
29676,Marryjade,ragnaros,978,priest,discipline,26,12,14
29677,Junkz,eredar,977,priest,discipline,42,19,23
29678,Satanspawn,neptulon,977,priest,discipline,64,23,41
29679,Shalacho,blackrock,976,priest,discipline,58,26,32
29680,Арабет,galakrond,975,priest,discipline,107,57,50
29681,Eronnsalis,burning-legion,975,priest,discipline,96,43,53
29682,Yoóngí,ravencrest,973,priest,discipline,17,11,6
29683,Therealopa,blackmoore,973,priest,discipline,116,54,62
29684,Papkalácss,hellfire,972,priest,discipline,20,12,8
29685,Vepa,blackrock,972,priest,discipline,52,27,25
29686,Sildane,kirin-tor,972,priest,discipline,29,11,18
29687,Priezeke,aggramar,970,priest,discipline,54,30,24
29688,Sigor,hellfire,970,priest,discipline,35,16,19
29689,Васпохилить,howling-fjord,969,priest,discipline,32,15,17
29690,Chaniu,throkferoth,967,priest,discipline,30,11,19
29691,Priincess,ragnaros,966,priest,discipline,34,14,20
29692,Rosilana,blackrock,966,priest,discipline,54,20,34
29693,Teyranamin,defias-brotherhood,965,priest,discipline,25,11,14
29694,Paradigma,outland,964,priest,discipline,35,19,16
29695,Morgoh,die-arguswacht,962,priest,discipline,162,81,81
29696,Holyheartx,argent-dawn,962,priest,discipline,34,12,22
29697,Presbyter,mazrigos,961,priest,discipline,21,11,10
29698,Didinini,outland,961,priest,discipline,46,24,22
29699,Lanat,ravencrest,960,priest,discipline,12,10,2
29700,Ghettonelf,sylvanas,960,priest,discipline,12,10,2
29701,Piccolamorte,ysondre,960,priest,discipline,12,10,2
29702,Sadsadsad,ravencrest,960,priest,discipline,18,10,8
29703,Wyrofear,ragnaros,960,priest,discipline,18,10,8
29704,Mindhøven,veklor,960,priest,discipline,18,10,8
29705,Mainhunter,aegwynn,960,priest,discipline,18,10,8
29706,Asýnc,ravencrest,960,priest,discipline,18,10,8
29707,Ринкуку,howling-fjord,960,priest,discipline,18,10,8
29708,Nakenhäst,stormscale,960,priest,discipline,18,10,8
29709,Пухлаясвинка,fordragon,960,priest,discipline,18,10,8
29710,Фотосз,soulflayer,960,priest,discipline,18,10,8
29711,Lerrapriest,eredar,960,priest,discipline,18,10,8
29712,Tweely,drakthul,960,priest,discipline,18,10,8
29713,Ykwah,kazzak,960,priest,discipline,24,10,14
29714,ßestworld,draenor,960,priest,discipline,24,10,14
29715,Theblank,pozzo-delleternità,960,priest,discipline,24,10,14
29716,Tmnstrtw,alakir,960,priest,discipline,30,10,20
29717,Casic,blackhand,959,priest,discipline,12,10,2
29718,Leåh,ravencrest,959,priest,discipline,12,10,2
29719,Dunderpriest,silvermoon,959,priest,discipline,18,10,8
29720,Animalrescue,draenor,959,priest,discipline,18,10,8
29721,Yaoz,sanguino,959,priest,discipline,18,10,8
29722,Spánkproof,kazzak,959,priest,discipline,18,10,8
29723,Ичисанчик,howling-fjord,959,priest,discipline,18,10,8
29724,Рыжаякискис,soulflayer,959,priest,discipline,18,10,8
29725,Lèss,ysondre,959,priest,discipline,18,10,8
29726,Voidbone,stormscale,959,priest,discipline,18,10,8
29727,Døtgdx,archimonde,959,priest,discipline,18,10,8
29728,Ðaala,blackrock,959,priest,discipline,18,10,8
29729,Striderz,outland,959,priest,discipline,18,10,8
29730,Beellzo,sylvanas,959,priest,discipline,89,38,51
29731,Râây,blackrock,959,priest,discipline,24,10,14
29732,Gobblestick,draenor,959,priest,discipline,24,10,14
29733,Grimezot,ragnaros,959,priest,discipline,24,10,14
29734,Aurorä,burning-legion,959,priest,discipline,24,10,14
29735,ßrain,garona,959,priest,discipline,24,10,14
29736,Phucu,the-maelstrom,959,priest,discipline,30,10,20
29737,Awakenedmyth,draenor,958,priest,discipline,12,10,2
29738,Finalprayer,silvermoon,958,priest,discipline,12,10,2
29739,Elinaa,die-aldor,958,priest,discipline,18,10,8
29740,Sadgelands,outland,958,priest,discipline,18,10,8
29741,Ezcobar,twilights-hammer,958,priest,discipline,18,10,8
29742,Misspingle,sunstrider,958,priest,discipline,18,10,8
29743,Vo,dentarg,958,priest,discipline,18,10,8
29744,Thicolascage,draenor,958,priest,discipline,24,10,14
29745,Faíht,blackrock,958,priest,discipline,24,10,14
29746,Radiancekey,sanguino,958,priest,discipline,24,10,14
29747,Adallon,blackmoore,958,priest,discipline,30,10,20
29748,Nudavbrne,drakthul,957,priest,discipline,12,10,2
29749,Sws,throkferoth,957,priest,discipline,12,10,2
29750,Попячебрило,gordunni,957,priest,discipline,88,45,43
29751,Dexodus,sylvanas,957,priest,discipline,24,10,14
29752,Hazedoktor,twisting-nether,957,priest,discipline,24,10,14
29753,Вейтарен,gordunni,957,priest,discipline,30,10,20
29754,Chîlliz,draenor,956,priest,discipline,18,10,8
29755,Zaein,malganis,956,priest,discipline,18,10,8
29756,Cidrea,saurfang,956,priest,discipline,18,10,8
29757,Пэйтен,deathguard,955,priest,discipline,24,10,14
29758,Evangelyne,tarren-mill,955,priest,discipline,24,10,14
29759,Miraev,argent-dawn,955,priest,discipline,24,10,14
29760,Zyrexan,defias-brotherhood,955,priest,discipline,30,10,20
29761,Nattramnone,blackmoore,954,priest,discipline,18,10,8
29762,Kyuuma,ravencrest,954,priest,discipline,24,10,14
29763,Hempukka,spinebreaker,954,priest,discipline,24,10,14
29764,Suchetto,kazzak,954,priest,discipline,24,10,14
29765,Chilltcaster,blackrock,954,priest,discipline,26,10,16
29766,Юбич,soulflayer,953,priest,discipline,18,10,8
29767,Pestaso,shendralar,953,priest,discipline,18,10,8
29768,Sasabsi,malorne,953,priest,discipline,18,10,8
29769,Сайларс,howling-fjord,953,priest,discipline,24,10,14
29770,Tritonis,draenor,952,priest,discipline,18,10,8
29771,Votiqt,tarren-mill,952,priest,discipline,18,10,8
29772,Makariotatos,xavius,952,priest,discipline,18,10,8
29773,Abî,frostwolf,952,priest,discipline,21,11,10
29774,Саксесфул,howling-fjord,952,priest,discipline,24,10,14
29775,Kenzaiq,aegwynn,952,priest,discipline,24,10,14
29776,Holymøly,earthen-ring,952,priest,discipline,24,10,14
29777,Hugerage,stormreaver,952,priest,discipline,42,10,32
29778,Dpxd,tarren-mill,951,priest,discipline,18,10,8
29779,Boniesmack,stormscale,951,priest,discipline,24,10,14
29780,Фионыч,blackscar,951,priest,discipline,24,10,14
29781,Немашка,blackscar,950,priest,discipline,18,10,8
29782,Nasirjones,outland,950,priest,discipline,18,10,8
29783,Биркох,blackscar,950,priest,discipline,18,10,8
29784,Guérissolog,kaelthas,950,priest,discipline,24,10,14
29785,Gaidy,ravencrest,949,priest,discipline,18,10,8
29786,Chris,laughing-skull,948,priest,discipline,12,10,2
29787,Narkofashist,sanguino,947,priest,discipline,66,23,43
29788,Perxonx,twisting-nether,946,priest,discipline,12,10,2
29789,Pínx,nerathor,946,priest,discipline,24,10,14
29790,Vecaya,blackrock,945,priest,discipline,18,10,8
29791,Raptichou,hyjal,945,priest,discipline,18,10,8
29792,Jimcarre,eredar,945,priest,discipline,24,11,13
29793,Izaa,silvermoon,943,priest,discipline,30,10,20
29794,Mønti,onyxia,942,priest,discipline,35,17,18
29795,Pabli,argent-dawn,942,priest,discipline,24,10,14
29796,Togx,silvermoon,942,priest,discipline,24,10,14
29797,Søb,silvermoon,942,priest,discipline,29,10,19
29798,Lèviåthån,stormscale,942,priest,discipline,29,10,19
29799,Ezrox,neptulon,941,priest,discipline,24,10,14
29800,Darkpræcher,hyjal,940,priest,discipline,12,10,2
29801,Perlo,sanguino,940,priest,discipline,89,47,42
29802,Moinmeister,frostmourne,939,priest,discipline,29,15,14
29803,Энтанант,gordunni,935,priest,discipline,30,15,15
29804,Khai,tarren-mill,935,priest,discipline,65,27,38
29805,Eleveno,ravencrest,934,priest,discipline,54,26,28
29806,Lhh,blackmoore,934,priest,discipline,26,12,14
29807,Sednâ,conseil-des-ombres,931,priest,discipline,23,10,13
29808,Satyxian,draenor,929,priest,discipline,18,10,8
29809,Chukwundi,ravencrest,929,priest,discipline,84,29,55
29810,Ifkströmsund,stormscale,928,priest,discipline,18,10,8
29811,Pavyone,twisting-nether,926,priest,discipline,23,10,13
29812,Aliasus,archimonde,924,priest,discipline,17,10,7
29813,Meodor,antonidas,923,priest,discipline,24,14,10
29814,Havanna,dethecus,923,priest,discipline,24,13,11
29815,Flaylol,stormscale,923,priest,discipline,23,10,13
29816,Felbs,defias-brotherhood,923,priest,discipline,63,21,42
29817,Fordöbroo,ragnaros,921,priest,discipline,39,16,23
29818,Kashmirweed,ravencrest,921,priest,discipline,54,20,34
29819,Goldische,dun-morogh,917,priest,discipline,56,18,38
29820,Pulttipiispa,ravencrest,916,priest,discipline,23,10,13
29821,Elba,defias-brotherhood,916,priest,discipline,24,10,14
29822,Аргла,soulflayer,912,priest,discipline,66,24,42
29823,Nunnis,kazzak,911,priest,discipline,254,129,125
29824,Cesiom,culte-de-la-rive-noire,909,priest,discipline,48,25,23
29825,Zthul,draenor,909,priest,discipline,27,11,16
29826,Titibolls,sanguino,908,priest,discipline,23,10,13
29827,Immórtal,tarren-mill,908,priest,discipline,30,10,20
29828,Koderpl,burning-legion,907,priest,discipline,70,35,35
29829,Lubdub,drakthul,905,priest,discipline,24,10,14
29830,Seidel,aggramar,904,priest,discipline,34,17,17
29831,Theunknown,stormscale,903,priest,discipline,29,11,18
29832,Wørmiexz,stormscale,895,priest,discipline,20,10,10
29833,Amoxí,blackmoore,892,priest,discipline,18,10,8
29834,Aliciakeys,twilights-hammer,892,priest,discipline,28,10,18
29835,Nosgot,earthen-ring,889,priest,discipline,30,14,16
29836,Minnaq,burning-legion,888,priest,discipline,24,10,14
29837,Caprice,kelthuzad,888,priest,discipline,36,13,23
29838,Chandria,veknilash,886,priest,discipline,54,24,30
29839,Sétsukó,aegwynn,880,priest,discipline,16,10,6
29840,Blååb,draenor,879,priest,discipline,19,10,9
29841,Fatalyse,ysondre,879,priest,discipline,60,29,31
29842,Chillx,blackmoore,878,priest,discipline,85,45,40
29843,Saskiaa,doomhammer,874,priest,discipline,60,28,32
29844,Daria,teldrassil,871,priest,discipline,207,100,107
29845,Borgír,burning-legion,871,priest,discipline,27,11,16
29846,Toks,stormscale,871,priest,discipline,45,10,35
29847,Elfiontko,burning-legion,870,priest,discipline,24,11,13
29848,Skycity,silvermoon,864,priest,discipline,12,9,3
29849,Cbbigbape,thrall,864,priest,discipline,12,9,3
29850,Pohja,veknilash,864,priest,discipline,12,9,3
29851,Slovak,stormscale,864,priest,discipline,12,9,3
29852,Cyúxyúvteea,ravencrest,864,priest,discipline,12,9,3
29853,Priestyboyuk,tarren-mill,864,priest,discipline,12,9,3
29854,Byzzi,draenor,864,priest,discipline,12,9,3
29855,Chimpanzoo,kazzak,864,priest,discipline,12,9,3
29856,Monflouz,archimonde,864,priest,discipline,12,9,3
29857,Exola,outland,864,priest,discipline,12,9,3
29858,Ahilarry,tarren-mill,864,priest,discipline,12,9,3
29859,Ratapain,argent-dawn,864,priest,discipline,12,9,3
29860,Moonacky,bronze-dragonflight,864,priest,discipline,12,9,3
29861,Priéstitude,kazzak,864,priest,discipline,12,9,3
29862,Dexlolo,stormscale,864,priest,discipline,18,9,9
29863,Haffination,frostmane,864,priest,discipline,18,9,9
29864,Shaneya,silvermoon,864,priest,discipline,18,9,9
29865,Ilovepmr,outland,864,priest,discipline,18,9,9
29866,Jtep,ravencrest,864,priest,discipline,18,9,9
29867,Thaykza,blackmoore,864,priest,discipline,18,9,9
29868,Gloffoló,ragnaros,864,priest,discipline,18,9,9
29869,Heavensfire,twisting-nether,864,priest,discipline,18,9,9
29870,Svetozarov,wildhammer,864,priest,discipline,18,9,9
29871,Yroe,gorgonnash,864,priest,discipline,18,9,9
29872,Ynys,dentarg,864,priest,discipline,18,9,9
29873,Muant,twisting-nether,864,priest,discipline,18,9,9
29874,Donvasco,kazzak,864,priest,discipline,18,9,9
29875,Ycvdfghrkynu,sylvanas,864,priest,discipline,18,9,9
29876,Infandus,pozzo-delleternità,864,priest,discipline,18,9,9
29877,Sørcedote,dun-modr,864,priest,discipline,18,9,9
29878,Indrades,blackmoore,864,priest,discipline,18,9,9
29879,Lâñàt,ravencrest,864,priest,discipline,18,9,9
29880,Siign,ravencrest,864,priest,discipline,22,10,12
29881,Lightofsuny,alakir,864,priest,discipline,23,10,13
29882,Падлез,howling-fjord,864,priest,discipline,24,9,15
29883,Víd,dun-morogh,864,priest,discipline,24,9,15
29884,Auroree,stormscale,864,priest,discipline,24,9,15
29885,Péntagon,festung-der-stürme,864,priest,discipline,24,9,15
29886,Itsdiscobaby,auchindoun,864,priest,discipline,24,9,15
29887,Frígídhealz,outland,864,priest,discipline,24,9,15
29888,Próxs,ravencrest,864,priest,discipline,24,9,15
29889,Chocomiette,archimonde,864,priest,discipline,25,9,16
29890,Leykop,ravencrest,864,priest,discipline,30,9,21
29891,Spezzato,nemesis,864,priest,discipline,30,9,21
29892,Devastris,ravencrest,864,priest,discipline,30,9,21
29893,Klugzy,silvermoon,864,priest,discipline,30,9,21
29894,Evabae,the-maelstrom,864,priest,discipline,30,9,21
29895,Simza,azuremyst,863,priest,discipline,12,9,3
29896,Klosso,anachronos,863,priest,discipline,12,9,3
29897,Nyrziâ,archimonde,863,priest,discipline,12,9,3
29898,Dhalsim,the-shatar,863,priest,discipline,12,9,3
29899,Eustâche,suramar,863,priest,discipline,12,9,3
29900,Justtpro,twisting-nether,863,priest,discipline,12,9,3
29901,Grainbames,sylvanas,863,priest,discipline,12,9,3
29902,Qjju,blackmoore,863,priest,discipline,12,9,3
29903,Grishnat,ragnaros,863,priest,discipline,12,9,3
29904,Grandpatea,silvermoon,863,priest,discipline,12,9,3
29905,Saitani,stormscale,863,priest,discipline,18,9,9
29906,Nilera,frostwolf,863,priest,discipline,18,9,9
29907,Hopepriest,magtheridon,863,priest,discipline,18,9,9
29908,Smitelay,alleria,863,priest,discipline,18,9,9
29909,Dadheal,dalaran,863,priest,discipline,18,9,9
29910,Fabuliciøus,blackrock,863,priest,discipline,18,9,9
29911,Giily,archimonde,863,priest,discipline,18,9,9
29912,Mïxa,eitrigg,863,priest,discipline,18,9,9
29913,Alshah,emerald-dream,863,priest,discipline,18,9,9
29914,Sacreth,ragnaros,863,priest,discipline,18,9,9
29915,Ratingfeeder,tarren-mill,863,priest,discipline,18,9,9
29916,Coldxzera,tarren-mill,863,priest,discipline,18,9,9
29917,Markianos,silvermoon,863,priest,discipline,18,9,9
29918,Pollution,ragnaros,863,priest,discipline,18,9,9
29919,Дакимакурах,gordunni,863,priest,discipline,18,9,9
29920,Gorti,ravencrest,863,priest,discipline,18,9,9
29921,Naberus,ragnaros,863,priest,discipline,19,9,10
29922,Xyliqa,aegwynn,863,priest,discipline,24,9,15
29923,Senza,ysondre,863,priest,discipline,24,9,15
29924,Униакт,gordunni,863,priest,discipline,24,9,15
29925,Capslk,ravencrest,863,priest,discipline,30,9,21
29926,Skinandbones,sylvanas,863,priest,discipline,30,9,21
29927,Jána,argent-dawn,862,priest,discipline,12,9,3
29928,Vandansk,kazzak,862,priest,discipline,12,9,3
29929,Joeshmoex,blackrock,862,priest,discipline,12,9,3
29930,Søkariss,elune,862,priest,discipline,12,9,3
29931,Rawelf,ravencrest,862,priest,discipline,12,9,3
29932,Walúpe,draenor,862,priest,discipline,12,9,3
29933,Billypriest,argent-dawn,862,priest,discipline,12,9,3
29934,Broer,twisting-nether,862,priest,discipline,12,9,3
29935,Gnomeeater,silvermoon,862,priest,discipline,12,9,3
29936,Kildöre,hyjal,862,priest,discipline,12,9,3
29937,Hymn,defias-brotherhood,862,priest,discipline,12,9,3
29938,Fetmeister,drakthul,862,priest,discipline,18,9,9
29939,Sandcastles,ravencrest,862,priest,discipline,18,9,9
29940,Widöw,cthun,862,priest,discipline,18,9,9
29941,Skyalpha,silvermoon,862,priest,discipline,18,9,9
29942,Hiimpinxî,ragnaros,862,priest,discipline,18,9,9
29943,Бахчи,thermaplugg,862,priest,discipline,18,9,9
29944,Mxcey,ravencrest,862,priest,discipline,24,9,15
29945,Kämels,ravencrest,862,priest,discipline,24,9,15
29946,Merrysmiting,ravencrest,862,priest,discipline,30,9,21
29947,Ghostee,twisting-nether,861,priest,discipline,12,9,3
29948,Endlin,silvermoon,861,priest,discipline,12,9,3
29949,Vædan,drakthul,861,priest,discipline,12,9,3
29950,Söultaker,ravencrest,861,priest,discipline,12,9,3
29951,Vierfingerjo,eredar,861,priest,discipline,18,9,9
29952,Schlúckunweg,antonidas,861,priest,discipline,18,9,9
29953,Юлечка,blackscar,861,priest,discipline,18,9,9
29954,Voodoo,the-maelstrom,860,priest,discipline,18,9,9
29955,Rafikii,eredar,860,priest,discipline,24,9,15
29956,Hauntzer,veknilash,860,priest,discipline,30,9,21
29957,Shidori,dalaran,859,priest,discipline,18,9,9
29958,ßlowska,hyjal,859,priest,discipline,24,9,15
29959,Nhajÿ,hyjal,859,priest,discipline,24,9,15
29960,Priestige,spinebreaker,858,priest,discipline,18,9,9
29961,Dorisdiesel,ravencrest,858,priest,discipline,24,9,15
29962,Dotmaker,sanguino,858,priest,discipline,24,9,15
29963,Omnissiiah,silvermoon,858,priest,discipline,30,9,21
29964,Plzhealme,stormscale,857,priest,discipline,12,9,3
29965,Healpapa,blackhand,857,priest,discipline,18,9,9
29966,Chaendral,darkmoon-faire,856,priest,discipline,18,9,9
29967,Slyntan,ragnaros,856,priest,discipline,18,9,9
29968,Pénancé,defias-brotherhood,856,priest,discipline,24,9,15
29969,Felanris,blackmoore,855,priest,discipline,12,9,3
29970,Calenberhtil,burning-legion,855,priest,discipline,18,9,9
29971,Lunarg,die-ewige-wacht,855,priest,discipline,18,9,9
29972,Deliriumxd,ravencrest,855,priest,discipline,26,12,14
29973,Mcbooee,outland,854,priest,discipline,18,9,9
29974,Шадия,ashenvale,852,priest,discipline,21,12,9
29975,Reighl,drakthul,850,priest,discipline,18,9,9
29976,Allotment,silvermoon,850,priest,discipline,24,9,15
29977,Míjagí,blackhand,850,priest,discipline,31,11,20
29978,Tacko,tarren-mill,849,priest,discipline,30,9,21
29979,Ruebi,blackmoore,848,priest,discipline,18,9,9
29980,Drynte,blackmoore,847,priest,discipline,23,9,14
29981,Durell,blackrock,845,priest,discipline,30,11,19
29982,Clergy,nagrand,842,priest,discipline,24,9,15
29983,Seiigops,ysondre,839,priest,discipline,12,9,3
29984,Evastemplar,turalyon,836,priest,discipline,24,9,15
29985,Socratés,antonidas,834,priest,discipline,66,27,39
29986,Tinypump,silvermoon,832,priest,discipline,16,9,7
29987,Valinoru,silvermoon,831,priest,discipline,17,9,8
29988,Tsipaz,outland,831,priest,discipline,23,9,14
29989,Mílérí,ravencrest,830,priest,discipline,23,9,14
29990,Тэслос,howling-fjord,829,priest,discipline,23,9,14
29991,Waikiki,ambossar,827,priest,discipline,16,10,6
29992,Yoloswaglørd,blackmoore,822,priest,discipline,26,11,15
29993,Ladá,stormscale,815,priest,discipline,19,9,10
29994,Squidlicker,twisting-nether,814,priest,discipline,17,9,8
29995,Luxumbra,quelthalas,813,priest,discipline,27,10,17
29996,Bolíngbroke,argent-dawn,809,priest,discipline,35,9,26
29997,Solaní,antonidas,808,priest,discipline,26,11,15
29998,Jael,frostmane,808,priest,discipline,26,10,16
29999,Clutchp,blackmoore,807,priest,discipline,15,10,5
30000,Majestíc,blackmoore,802,priest,discipline,27,10,17
30001,Rhanira,aegwynn,800,priest,discipline,17,9,8
30002,Pillian,nordrassil,799,priest,discipline,16,9,7
30003,Shikibu,sylvanas,798,priest,discipline,11,9,2
30004,Svetidjordje,tarren-mill,795,priest,discipline,17,9,8
30005,Roqu,ravencrest,792,priest,discipline,15,10,5
30006,Bartolómeo,hellfire,792,priest,discipline,38,9,29
30007,Duwendu,drakthul,791,priest,discipline,17,9,8
30008,Gandzaa,silvermoon,785,priest,discipline,21,9,12
30009,Протомуу,gordunni,783,priest,discipline,11,9,2
30010,Goatz,ragnaros,778,priest,discipline,24,17,7
30011,Homxcxde,ravencrest,777,priest,discipline,26,10,16
30012,Soylaleche,ravencrest,768,priest,discipline,12,8,4
30013,Zerovision,nemesis,768,priest,discipline,12,8,4
30014,Nitroze,stormscale,768,priest,discipline,12,8,4
30015,Gerrylol,draenor,768,priest,discipline,12,8,4
30016,Oldnbad,archimonde,768,priest,discipline,12,8,4
30017,Katleiya,ysondre,768,priest,discipline,12,8,4
30018,Junglepls,burning-blade,768,priest,discipline,12,8,4
30019,Noxoth,amanthul,768,priest,discipline,12,8,4
30020,Ewamlf,drakthul,768,priest,discipline,12,8,4
30021,Mewdi,outland,768,priest,discipline,12,8,4
30022,Anabølix,ravencrest,768,priest,discipline,12,8,4
30023,Meldgodx,das-konsortium,768,priest,discipline,12,8,4
30024,Aerael,auchindoun,768,priest,discipline,12,8,4
30025,Krecik,deathwing,768,priest,discipline,12,8,4
30026,Dezless,tarren-mill,768,priest,discipline,12,8,4
30027,Jesster,sylvanas,768,priest,discipline,12,8,4
30028,Orkanwal,ravencrest,768,priest,discipline,12,8,4
30029,Joeblowx,blackrock,768,priest,discipline,12,8,4
30030,Isuckmattsd,aggramar,768,priest,discipline,12,8,4
30031,Arnn,hyjal,768,priest,discipline,12,8,4
30032,Bammerr,stormscale,768,priest,discipline,12,8,4
30033,Killafoolx,silvermoon,768,priest,discipline,12,8,4
30034,Bellrock,nemesis,768,priest,discipline,16,9,7
30035,Quïzzler,ragnaros,768,priest,discipline,18,8,10
30036,Ttmlht,alakir,768,priest,discipline,18,8,10
30037,Chrònos,das-konsortium,768,priest,discipline,18,8,10
30038,Nstp,zuljin,768,priest,discipline,18,8,10
30039,Uanna,ravencrest,768,priest,discipline,18,8,10
30040,Kristianburn,arathi,768,priest,discipline,18,8,10
30041,Spatzdom,malygos,768,priest,discipline,18,8,10
30042,Tanjaspano,twisting-nether,768,priest,discipline,18,8,10
30043,Loaffeh,ragnaros,768,priest,discipline,18,8,10
30044,Aelíth,archimonde,768,priest,discipline,18,8,10
30045,Redempt,nemesis,768,priest,discipline,18,8,10
30046,Azpr,ravencrest,768,priest,discipline,18,8,10
30047,Alexwinkwink,kazzak,768,priest,discipline,18,8,10
30048,Mercila,drakthul,768,priest,discipline,18,8,10
30049,Hodgins,bloodscalp,768,priest,discipline,18,8,10
30050,Rmp,stormscale,768,priest,discipline,24,8,16
30051,Дцевгений,gordunni,768,priest,discipline,24,8,16
30052,Умом,gordunni,768,priest,discipline,24,8,16
30053,Trickyteè,tarren-mill,768,priest,discipline,24,8,16
30054,Prestigé,vashj,768,priest,discipline,24,8,16
30055,Сандейрейн,gordunni,768,priest,discipline,24,8,16
30056,Mindfreakxx,twisting-nether,767,priest,discipline,12,8,4
30057,Ðelftware,tarren-mill,767,priest,discipline,12,8,4
30058,Ingvár,blackrock,767,priest,discipline,12,8,4
30059,Aexlius,silvermoon,767,priest,discipline,12,8,4
30060,Buerak,tarren-mill,767,priest,discipline,12,8,4
30061,Burtarul,argent-dawn,767,priest,discipline,12,8,4
30062,Szerelmi,ragnaros,767,priest,discipline,12,8,4
30063,Sunfire,twisting-nether,767,priest,discipline,12,8,4
30064,Leçke,ravencrest,767,priest,discipline,12,8,4
30065,Vaßpera,tarren-mill,767,priest,discipline,12,8,4
30066,Rihx,ysondre,767,priest,discipline,12,8,4
30067,Unsáinted,stormscale,767,priest,discipline,12,8,4
30068,Neeti,kazzak,767,priest,discipline,12,8,4
30069,Bonzux,dethecus,767,priest,discipline,12,8,4
30070,Srysx,nazjatar,767,priest,discipline,12,8,4
30071,Unckus,defias-brotherhood,767,priest,discipline,12,8,4
30072,Jappsolut,outland,767,priest,discipline,12,8,4
30073,Reeta,stormscale,767,priest,discipline,12,8,4
30074,Azarseth,exodar,767,priest,discipline,12,8,4
30075,Kletroll,archimonde,767,priest,discipline,12,8,4
30076,Nielar,onyxia,767,priest,discipline,18,8,10
30077,Clastro,outland,767,priest,discipline,18,8,10
30078,Holyshifts,silvermoon,767,priest,discipline,18,8,10
30079,Brelett,the-maelstrom,767,priest,discipline,18,8,10
30080,Bananensuppe,kult-der-verdammten,767,priest,discipline,18,8,10
30081,Khaag,korgall,767,priest,discipline,18,8,10
30082,Isadian,kazzak,767,priest,discipline,18,8,10
30083,Arwén,zuljin,767,priest,discipline,18,8,10
30084,Bejud,tarren-mill,767,priest,discipline,18,8,10
30085,Joex,arathor,767,priest,discipline,18,8,10
30086,Zelensky,stormscale,767,priest,discipline,18,8,10
30087,Tryingtomc,archimonde,767,priest,discipline,18,8,10
30088,Saurap,uldum,767,priest,discipline,18,8,10
30089,Johnblack,dun-morogh,767,priest,discipline,18,8,10
30090,Célaz,blackmoore,767,priest,discipline,18,8,10
30091,Luminouzilla,tarren-mill,767,priest,discipline,18,8,10
30092,Tothegrave,draenor,767,priest,discipline,18,8,10
30093,Dathanosx,outland,767,priest,discipline,18,8,10
30094,Lizium,kazzak,767,priest,discipline,18,8,10
30095,Cé,magtheridon,767,priest,discipline,26,9,17
30096,Disclol,aegwynn,767,priest,discipline,24,8,16
30097,Sordag,lordaeron,767,priest,discipline,24,8,16
30098,Healenax,ravencrest,767,priest,discipline,24,8,16
30099,Anadyia,aegwynn,767,priest,discipline,24,8,16
30100,Pakmopriest,ragnaros,767,priest,discipline,24,8,16
30101,Hopsalopsa,argent-dawn,766,priest,discipline,12,8,4
30102,Eagleess,silvermoon,766,priest,discipline,12,8,4
30103,Chrissirr,culte-de-la-rive-noire,766,priest,discipline,12,8,4
30104,Okfartpå,ravencrest,766,priest,discipline,12,8,4
30105,Smålbenör,stormreaver,766,priest,discipline,12,8,4
30106,Кфень,soulflayer,766,priest,discipline,16,9,7
30107,Gailiugà,kazzak,766,priest,discipline,16,9,7
30108,Kangkong,ravencrest,766,priest,discipline,18,8,10
30109,Børisheal,draenor,766,priest,discipline,18,8,10
30110,Lianny,sylvanas,766,priest,discipline,18,8,10
30111,Chuntriest,shadowsong,766,priest,discipline,18,8,10
30112,Malíficent,draenor,766,priest,discipline,18,8,10
30113,Metabeta,shattered-hand,766,priest,discipline,24,8,16
30114,Paulina,auchindoun,766,priest,discipline,24,8,16
30115,Sazo,drakthul,766,priest,discipline,24,8,16
30116,Pure,kazzak,765,priest,discipline,12,8,4
30117,Addickted,defias-brotherhood,765,priest,discipline,12,8,4
30118,Akadras,blackmoore,765,priest,discipline,12,8,4
30119,Regenerous,bloodhoof,765,priest,discipline,22,11,11
30120,Bauscia,nemesis,765,priest,discipline,18,8,10
30121,Djmouniax,archimonde,765,priest,discipline,18,8,10
30122,Julianpriest,nethersturm,765,priest,discipline,22,9,13
30123,Ноатоэль,gordunni,765,priest,discipline,24,8,16
30124,Thakjing,bladefist,765,priest,discipline,24,8,16
30125,Demorog,stormscale,764,priest,discipline,12,8,4
30126,Uglypriest,grim-batol,764,priest,discipline,12,8,4
30127,Battleprey,the-maelstrom,764,priest,discipline,12,8,4
30128,Irenedwen,silvermoon,764,priest,discipline,18,8,10
30129,Шелоу,deathguard,764,priest,discipline,27,9,18
30130,Mefeon,draenor,763,priest,discipline,18,8,10
30131,Кравос,soulflayer,763,priest,discipline,18,8,10
30132,Inoy,dun-modr,763,priest,discipline,18,8,10
30133,Hmanco,burning-legion,763,priest,discipline,18,8,10
30134,Áphrodite,outland,763,priest,discipline,18,8,10
30135,Nyuu,aggra-português,762,priest,discipline,12,8,4
30136,Nightshådøw,silvermoon,762,priest,discipline,22,10,12
30137,Tëmärï,ravencrest,762,priest,discipline,18,8,10
30138,Могвайи,soulflayer,761,priest,discipline,18,8,10
30139,Urticaire,arathi,761,priest,discipline,18,8,10
30140,Velanrous,kazzak,760,priest,discipline,18,8,10
30141,Røläck,ragnaros,760,priest,discipline,24,8,16
30142,Келебриана,deepholm,759,priest,discipline,12,8,4
30143,Sîanah,archimonde,754,priest,discipline,12,8,4
30144,Shattow,ravencrest,751,priest,discipline,17,8,9
30145,Insaner,ahnqiraj,751,priest,discipline,17,8,9
30146,Omened,nemesis,751,priest,discipline,17,8,9
30147,Tïniebla,dun-modr,750,priest,discipline,18,8,10
30148,Bojestvena,neptulon,747,priest,discipline,24,8,16
30149,Neremin,argent-dawn,747,priest,discipline,24,8,16
30150,Seypercillo,dun-modr,746,priest,discipline,24,8,16
30151,Lazzariah,ravencrest,742,priest,discipline,18,8,10
30152,Nilsatis,grim-batol,741,priest,discipline,71,26,45
30153,Blorpan,tarren-mill,734,priest,discipline,26,9,17
30154,Bälöö,archimonde,733,priest,discipline,22,8,14
30155,Amoorâ,twisting-nether,732,priest,discipline,11,8,3
30156,Kipnuggetz,burning-legion,732,priest,discipline,17,8,9
30157,Jashmin,eredar,732,priest,discipline,35,10,25
30158,Killermoon,rexxar,728,priest,discipline,16,8,8
30159,Cthultist,dun-modr,728,priest,discipline,26,9,17
30160,Abstauberin,blackrock,723,priest,discipline,22,8,14
30161,Pnsl,dun-morogh,723,priest,discipline,36,11,25
30162,Stormééz,bronzebeard,722,priest,discipline,32,9,23
30163,Coldyx,blackrock,719,priest,discipline,11,8,3
30164,Otacon,burning-legion,719,priest,discipline,15,8,7
30165,Trailerberit,ragnaros,718,priest,discipline,11,8,3
30166,Sneed,moonglade,718,priest,discipline,36,9,27
30167,Amanojaku,archimonde,716,priest,discipline,24,9,15
30168,Sméctà,marécage-de-zangar,713,priest,discipline,16,9,7
30169,Artymox,sylvanas,713,priest,discipline,29,9,20
30170,Telpriest,blackrock,710,priest,discipline,25,9,16
30171,Anariell,ravencrest,706,priest,discipline,19,9,10
30172,Greenlizard,stormreaver,704,priest,discipline,22,8,14
30173,Sacerdotini,outland,702,priest,discipline,19,9,10
30174,Sapieha,burning-legion,687,priest,discipline,11,8,3
30175,Trixix,ragnaros,684,priest,discipline,14,8,6
30176,Holymoni,ragnaros,680,priest,discipline,16,8,8
30177,Дефаенс,soulflayer,672,priest,discipline,12,7,5
30178,Ранзегодх,soulflayer,672,priest,discipline,12,7,5
30179,Xethh,stormscale,672,priest,discipline,12,7,5
30180,Excell,hellfire,672,priest,discipline,12,7,5
30181,Êva,ravencrest,672,priest,discipline,12,7,5
30182,Sneboldìs,sylvanas,672,priest,discipline,12,7,5
30183,Celliapriest,antonidas,672,priest,discipline,12,7,5
30184,Bunnygxrl,ravencrest,672,priest,discipline,12,7,5
30185,Womanwonderf,ravencrest,672,priest,discipline,12,7,5
30186,Spodermen,ravencrest,672,priest,discipline,12,7,5
30187,Còsmo,ravencrest,672,priest,discipline,12,7,5
30188,Fåye,ravencrest,672,priest,discipline,12,7,5
30189,Têmplârx,stormscale,672,priest,discipline,12,7,5
30190,Priestedy,ravencrest,672,priest,discipline,12,7,5
30191,Gudjon,dragonblight,672,priest,discipline,12,7,5
30192,Monstretpr,dragonblight,672,priest,discipline,12,7,5
30193,Plåster,dunemaul,672,priest,discipline,12,7,5
30194,Touchypunk,ravencrest,672,priest,discipline,12,7,5
30195,Leronia,stormscale,672,priest,discipline,12,7,5
30196,Gladíator,blackhand,672,priest,discipline,12,7,5
30197,Longheals,stormscale,672,priest,discipline,12,7,5
30198,Tortellìno,stormscale,672,priest,discipline,12,7,5
30199,Nwo,twisting-nether,672,priest,discipline,12,7,5
30200,Magiclands,twisting-nether,672,priest,discipline,12,7,5
30201,Dashxzz,silvermoon,672,priest,discipline,12,7,5
30202,Wurstpriest,silvermoon,672,priest,discipline,12,7,5
30203,Skallya,ysondre,672,priest,discipline,12,7,5
30204,Rixfoulah,ysondre,672,priest,discipline,12,7,5
30205,Angemir,nemesis,672,priest,discipline,12,7,5
30206,Feniyxa,die-aldor,672,priest,discipline,12,7,5
30207,Evypriest,draenor,672,priest,discipline,12,7,5
30208,Discobeb,les-clairvoyants,672,priest,discipline,12,7,5
30209,Petitogré,silvermoon,672,priest,discipline,12,7,5
30210,Ziz,outland,672,priest,discipline,12,7,5
30211,Kosa,tarren-mill,672,priest,discipline,12,7,5
30212,Ahrimal,turalyon,672,priest,discipline,12,7,5
30213,Morphics,silvermoon,672,priest,discipline,12,7,5
30214,Ganakenp,tarren-mill,672,priest,discipline,12,7,5
30215,Pflanzenmann,nozdormu,672,priest,discipline,12,7,5
30216,Agms,sanguino,672,priest,discipline,12,7,5
30217,Deluxgodx,kazzak,672,priest,discipline,12,7,5
30218,Отменяю,howling-fjord,672,priest,discipline,12,7,5
30219,Mahraxyr,hyjal,672,priest,discipline,12,7,5
30220,Shuya,archimonde,672,priest,discipline,12,7,5
30221,Moppriest,twisting-nether,672,priest,discipline,12,7,5
30222,Nishto,twisting-nether,672,priest,discipline,12,7,5
30223,Zenfangirlx,kazzak,672,priest,discipline,12,7,5
30224,Smiteweaver,drakthul,672,priest,discipline,12,7,5
30225,Somai,aegwynn,672,priest,discipline,12,7,5
30226,Dombili,frostmane,672,priest,discipline,12,7,5
30227,Voidtouched,drakthul,672,priest,discipline,12,7,5
30228,Mdmaster,stormreaver,672,priest,discipline,12,7,5
30229,Nightsøul,ragnaros,672,priest,discipline,12,7,5
30230,Binkx,tarren-mill,672,priest,discipline,12,7,5
30231,Pattie,ragnaros,672,priest,discipline,12,7,5
30232,Surfingbird,ragnaros,672,priest,discipline,12,7,5
30233,Uadedez,tarren-mill,672,priest,discipline,13,7,6
30234,Ominoushell,twisting-nether,672,priest,discipline,15,7,8
30235,Halysis,chamber-of-aspects,672,priest,discipline,16,7,9
30236,Byez,kazzak,672,priest,discipline,18,7,11
30237,Shockpriest,grim-batol,672,priest,discipline,18,7,11
30238,Comple,kazzak,672,priest,discipline,18,7,11
30239,Sardine,ravencrest,672,priest,discipline,18,7,11
30240,Nidetha,draenor,672,priest,discipline,18,7,11
30241,Malpractîce,draenor,672,priest,discipline,18,7,11
30242,Shyiox,frostwolf,672,priest,discipline,18,7,11
30243,Solerona,blackmoore,672,priest,discipline,18,7,11
30244,Bebsenpai,hyjal,672,priest,discipline,18,7,11
30245,Люциусмелфой,howling-fjord,672,priest,discipline,18,7,11
30246,Wyroofear,ragnaros,672,priest,discipline,18,7,11
30247,Lasyran,outland,672,priest,discipline,18,7,11
30248,Cház,sanguino,672,priest,discipline,18,7,11
30249,Toxicx,aegwynn,672,priest,discipline,18,7,11
30250,Xaeroow,archimonde,672,priest,discipline,18,7,11
30251,Zivl,blackrock,672,priest,discipline,18,7,11
30252,Bij,outland,672,priest,discipline,18,7,11
30253,Dxlkekss,blackmoore,672,priest,discipline,18,7,11
30254,Bubblebuddy,draenor,672,priest,discipline,18,7,11
30255,Touchmé,blackmoore,672,priest,discipline,18,7,11
30256,Хексорик,howling-fjord,672,priest,discipline,24,7,17
30257,Jimski,stormscale,672,priest,discipline,24,7,17
30258,Lunærÿ,hyjal,672,priest,discipline,24,7,17
30259,Exaneo,ragnaros,672,priest,discipline,24,7,17
30260,Sweity,dun-modr,672,priest,discipline,24,7,17
30261,Колабезгаза,howling-fjord,671,priest,discipline,12,7,5
30262,Lish,dun-modr,671,priest,discipline,12,7,5
30263,Reól,blackmoore,671,priest,discipline,12,7,5
30264,Schnîttchen,blackrock,671,priest,discipline,12,7,5
30265,Xvpr,trollbane,671,priest,discipline,12,7,5
30266,Flode,draenor,671,priest,discipline,12,7,5
30267,Ezhealing,ravencrest,671,priest,discipline,12,7,5
30268,Quetraxz,chogall,671,priest,discipline,12,7,5
30269,Àlucárd,blackhand,671,priest,discipline,12,7,5
30270,Phoskitos,sanguino,671,priest,discipline,12,7,5
30271,Highpriestqt,pozzo-delleternità,671,priest,discipline,12,7,5
30272,Rines,thrall,671,priest,discipline,12,7,5
30273,Exorcizamus,khaz-modan,671,priest,discipline,12,7,5
30274,Taxprayer,blackmoore,671,priest,discipline,12,7,5
30275,Szederina,outland,671,priest,discipline,12,7,5
30276,Dannebrog,eonar,671,priest,discipline,12,7,5
30277,Giggidee,tarren-mill,671,priest,discipline,12,7,5
30278,Gagai,ravencrest,671,priest,discipline,12,7,5
30279,Chayz,thrall,671,priest,discipline,12,7,5
30280,Thorhammer,turalyon,671,priest,discipline,12,7,5
30281,Löspajen,stormscale,671,priest,discipline,12,7,5
30282,Saltfeskball,tarren-mill,671,priest,discipline,12,7,5
30283,Köftemcc,blackrock,671,priest,discipline,12,7,5
30284,Fargall,eonar,671,priest,discipline,12,7,5
30285,Zazeriño,dun-modr,671,priest,discipline,13,7,6
30286,Xharyo,ravencrest,671,priest,discipline,16,7,9
30287,Ziap,dentarg,671,priest,discipline,20,8,12
30288,Lillaego,ragnaros,671,priest,discipline,18,7,11
30289,Lezz,ragnaros,671,priest,discipline,18,7,11
30290,Viì,ravencrest,671,priest,discipline,18,7,11
30291,Kasuny,outland,671,priest,discipline,18,7,11
30292,Elusivv,blackhand,671,priest,discipline,18,7,11
30293,Yorap,blackrock,671,priest,discipline,18,7,11
30294,Скумизарг,gordunni,671,priest,discipline,18,7,11
30295,Débthèønë,ravencrest,671,priest,discipline,18,7,11
30296,Abdibio,twisting-nether,671,priest,discipline,18,7,11
30297,Pixa,dalaran,671,priest,discipline,18,7,11
30298,Cronershadow,stormscale,671,priest,discipline,18,7,11
30299,Lysium,sylvanas,671,priest,discipline,18,7,11
30300,Психоз,gordunni,671,priest,discipline,18,7,11
30301,Watchmedeath,sargeras,671,priest,discipline,24,7,17
30302,Holykebab,defias-brotherhood,671,priest,discipline,24,7,17
30303,Pandariel,argent-dawn,671,priest,discipline,24,7,17
30304,Magnificito,silvermoon,670,priest,discipline,12,7,5
30305,Orqz,anetheron,670,priest,discipline,12,7,5
30306,Noralía,die-aldor,670,priest,discipline,12,7,5
30307,Biigy,hyjal,670,priest,discipline,12,7,5
30308,Reizer,argent-dawn,670,priest,discipline,12,7,5
30309,Ремкомплект,soulflayer,670,priest,discipline,12,7,5
30310,Хемех,soulflayer,670,priest,discipline,12,7,5
30311,Fathermaxii,stormrage,670,priest,discipline,12,7,5
30312,Joblob,guldan,670,priest,discipline,12,7,5
30313,Byshadow,silvermoon,670,priest,discipline,12,7,5
30314,Каратэк,howling-fjord,670,priest,discipline,17,7,10
30315,Aggresivdisc,hyjal,670,priest,discipline,18,7,11
30316,Olikharma,archimonde,670,priest,discipline,18,7,11
30317,Makkalisser,kazzak,670,priest,discipline,24,7,17
30318,Belithia,argent-dawn,669,priest,discipline,12,7,5
30319,Freeak,hellfire,669,priest,discipline,12,7,5
30320,Sadira,malganis,669,priest,discipline,18,7,11
30321,Дэйвора,ashenvale,669,priest,discipline,18,7,11
30322,Æzy,burning-blade,669,priest,discipline,18,7,11
30323,Зашохэйт,soulflayer,669,priest,discipline,18,7,11
30324,Dizdae,rashgarroth,669,priest,discipline,18,7,11
30325,Йениферх,gordunni,669,priest,discipline,24,7,17
30326,Абсорберша,gordunni,668,priest,discipline,12,7,5
30327,Mescaminator,blackmoore,668,priest,discipline,18,7,11
30328,Lacaena,deathwing,668,priest,discipline,18,7,11
30329,Isoris,hyjal,668,priest,discipline,18,7,11
30330,Bangrinu,chamber-of-aspects,668,priest,discipline,21,7,14
30331,Shyktar,sanguino,667,priest,discipline,12,7,5
30332,Дуззер,howling-fjord,667,priest,discipline,12,7,5
30333,Teirok,ambossar,667,priest,discipline,18,7,11
30334,Rizeup,darksorrow,666,priest,discipline,12,7,5
30335,Romelu,archimonde,666,priest,discipline,18,7,11
30336,Timmemeep,outland,663,priest,discipline,18,7,11
30337,Malorian,khadgar,662,priest,discipline,18,7,11
30338,Camellight,stormscale,661,priest,discipline,18,7,11
30339,Hiliom,ahnqiraj,660,priest,discipline,38,12,26
30340,Willibad,executus,658,priest,discipline,12,7,5
30341,Vatizinium,veklor,655,priest,discipline,17,7,10
30342,Хилогайка,howling-fjord,652,priest,discipline,33,11,22
30343,Jaein,thrall,640,priest,discipline,16,8,8
30344,Samimnot,ravencrest,639,priest,discipline,14,8,6
30345,Yazzyz,eredar,639,priest,discipline,23,7,16
30346,Chooser,stormscale,638,priest,discipline,20,8,12
30347,Nepheliel,ysondre,628,priest,discipline,12,8,4
30348,Ysteriagødx,twisting-nether,624,priest,discipline,15,8,7
30349,Submexoxo,archimonde,624,priest,discipline,15,7,8
30350,Quintanaro,thrall,624,priest,discipline,27,7,20
30351,Spaghettoni,tarren-mill,623,priest,discipline,17,7,10
30352,Cezzar,kazzak,622,priest,discipline,11,7,4
30353,Akril,silvermoon,622,priest,discipline,11,7,4
30354,Рейаста,howling-fjord,622,priest,discipline,15,7,8
30355,Darktattoo,twisting-nether,621,priest,discipline,21,8,13
30356,Argôs,ravencrest,620,priest,discipline,14,8,6
30357,Voilencia,kazzak,620,priest,discipline,21,7,14
30358,Holyblóod,ravencrest,618,priest,discipline,25,10,15
30359,Triuna,sylvanas,618,priest,discipline,23,9,14
30360,Rallzken,stormscale,614,priest,discipline,29,10,19
30361,Jumbe,eredar,607,priest,discipline,11,7,4
30362,Shymouni,norgannon,606,priest,discipline,13,8,5
30363,Ziaz,the-maelstrom,606,priest,discipline,16,7,9
30364,Atibarát,hellfire,605,priest,discipline,16,7,9
30365,Пофанчику,soulflayer,597,priest,discipline,35,14,21
30366,Diccen,twilights-hammer,592,priest,discipline,13,7,6
30367,Andhoras,dalaran,591,priest,discipline,11,7,4
30368,Franciscus,bladefist,576,priest,discipline,6,6,0
30369,Táliss,arthas,576,priest,discipline,6,6,0
30370,Noelretsof,jaedenar,576,priest,discipline,6,6,0
30371,Vèrcs,silvermoon,576,priest,discipline,6,6,0
30372,Rqx,stormscale,576,priest,discipline,6,6,0
30373,Scrubydoo,ravencrest,576,priest,discipline,6,6,0
30374,Nemex,jaedenar,576,priest,discipline,6,6,0
30375,Cluelesstwo,ravencrest,576,priest,discipline,6,6,0
30376,Illiest,ravencrest,576,priest,discipline,6,6,0
30377,Brainwashed,malorne,576,priest,discipline,10,7,3
30378,Jaylove,frostwolf,576,priest,discipline,12,6,6
30379,Melcarth,blades-edge,576,priest,discipline,12,6,6
30380,Challengepro,burning-legion,576,priest,discipline,12,6,6
30381,Pallimpallam,blackrock,576,priest,discipline,12,6,6
30382,Chalecø,dun-modr,576,priest,discipline,12,6,6
30383,Zyreenx,blackrock,576,priest,discipline,12,6,6
30384,Skjelett,stormscale,576,priest,discipline,12,6,6
30385,Dreythan,alakir,576,priest,discipline,12,6,6
30386,Visàge,silvermoon,576,priest,discipline,12,6,6
30387,Discomarcel,burning-legion,576,priest,discipline,12,6,6
30388,Шарлизх,gordunni,576,priest,discipline,12,6,6
30389,Rotulos,stormrage,576,priest,discipline,12,6,6
30390,Mitasdi,stormscale,576,priest,discipline,12,6,6
30391,Vallstwo,zuljin,576,priest,discipline,12,6,6
30392,Zøid,ysondre,576,priest,discipline,12,6,6
30393,Sleepzqt,blackrock,576,priest,discipline,12,6,6
30394,Peign,eredar,576,priest,discipline,12,6,6
30395,Вакидзачи,gordunni,576,priest,discipline,12,6,6
30396,Ballarr,burning-legion,576,priest,discipline,12,6,6
30397,Healmebaby,kiljaeden,576,priest,discipline,12,6,6
30398,Lafap,eredar,576,priest,discipline,12,6,6
30399,Azazzel,nathrezim,576,priest,discipline,12,6,6
30400,Stee,sylvanas,576,priest,discipline,12,6,6
30401,Msbald,shattered-hand,576,priest,discipline,12,6,6
30402,Nyàh,stormscale,576,priest,discipline,12,6,6
30403,Imaut,emerald-dream,576,priest,discipline,12,6,6
30404,Healinrbglol,blackmoore,576,priest,discipline,12,6,6
30405,Lectrá,kazzak,576,priest,discipline,12,6,6
30406,Maistuu,tarren-mill,576,priest,discipline,12,6,6
30407,Fästrak,dalaran,576,priest,discipline,12,6,6
30408,Popor,archimonde,576,priest,discipline,12,6,6
30409,Idisck,kazzak,576,priest,discipline,12,6,6
30410,Ðèvì,ravencrest,576,priest,discipline,12,6,6
30411,Oddarne,twisting-nether,576,priest,discipline,12,6,6
30412,Wush,tarren-mill,576,priest,discipline,12,6,6
30413,Nyxara,outland,576,priest,discipline,12,6,6
30414,Sensimiya,dalaran,576,priest,discipline,12,6,6
30415,Tâssên,kazzak,576,priest,discipline,12,6,6
30416,Boysa,earthen-ring,576,priest,discipline,12,6,6
30417,Jesper,outland,576,priest,discipline,12,6,6
30418,Ènma,archimonde,576,priest,discipline,12,6,6
30419,Данке,soulflayer,576,priest,discipline,12,6,6
30420,Vorsie,tarren-mill,576,priest,discipline,12,6,6
30421,Nicolovato,draenor,576,priest,discipline,12,6,6
30422,Yllaenia,twisting-nether,576,priest,discipline,12,6,6
30423,Aethanira,silvermoon,576,priest,discipline,12,6,6
30424,Zeksii,kazzak,576,priest,discipline,12,6,6
30425,Pigo,tarren-mill,576,priest,discipline,12,6,6
30426,Rune,ravencrest,576,priest,discipline,12,6,6
30427,Randpriets,nemesis,576,priest,discipline,12,6,6
30428,Ethaz,twisting-nether,576,priest,discipline,12,6,6
30429,Steelbird,ravencrest,576,priest,discipline,12,6,6
30430,Ahyha,ravencrest,576,priest,discipline,12,6,6
30431,Wispyx,kazzak,576,priest,discipline,12,6,6
30432,Kaylaylaylay,draenor,576,priest,discipline,12,6,6
30433,Jaduheart,ravencrest,576,priest,discipline,12,6,6
30434,Shadowzrip,twilights-hammer,576,priest,discipline,12,6,6
30435,Steroidkidx,ravencrest,576,priest,discipline,12,6,6
30436,Abyl,nethersturm,576,priest,discipline,12,6,6
30437,Ascindra,ravencrest,576,priest,discipline,12,6,6
30438,Dunkelseele,ahnqiraj,576,priest,discipline,12,6,6
30439,Whynolove,ragnaros,576,priest,discipline,12,6,6
30440,Pøh,kilrogg,576,priest,discipline,12,6,6
30441,Ranagöl,ragnaros,576,priest,discipline,12,6,6
30442,Manethø,twisting-nether,576,priest,discipline,12,6,6
30443,Димавампирик,howling-fjord,576,priest,discipline,12,6,6
30444,Родохрозит,blackscar,576,priest,discipline,12,6,6
30445,Ryyne,ravencrest,576,priest,discipline,12,6,6
30446,Свао,howling-fjord,576,priest,discipline,12,6,6
30447,Chira,thunderhorn,576,priest,discipline,12,6,6
30448,Neverswap,blackmoore,576,priest,discipline,12,6,6
30449,Eviscerätor,draenor,576,priest,discipline,12,6,6
30450,Apeminister,nemesis,576,priest,discipline,12,6,6
30451,Kankstery,kazzak,576,priest,discipline,12,6,6
30452,Giibboo,emerald-dream,576,priest,discipline,12,6,6
30453,Whitemask,kazzak,576,priest,discipline,12,6,6
30454,Samerika,tarren-mill,576,priest,discipline,12,6,6
30455,Sejká,malganis,576,priest,discipline,12,6,6
30456,Belfu,twisting-nether,576,priest,discipline,12,6,6
30457,Stuhlgänger,blackhand,576,priest,discipline,12,6,6
30458,Seemywatch,ungoro,576,priest,discipline,12,6,6
30459,Pukkadtfasz,ragnaros,576,priest,discipline,12,6,6
30460,Ticklypriest,outland,576,priest,discipline,12,6,6
30461,Resuscitator,spinebreaker,576,priest,discipline,12,6,6
30462,Wortmonster,malganis,576,priest,discipline,12,6,6
30463,Çhéåtçødé,ravencrest,576,priest,discipline,12,6,6
30464,Kintsugí,ragnaros,576,priest,discipline,12,6,6
30465,Йодтс,soulflayer,576,priest,discipline,12,6,6
30466,Vladhealsyou,outland,576,priest,discipline,12,6,6
30467,Энвиньяттар,howling-fjord,576,priest,discipline,12,6,6
30468,Dødy,hyjal,576,priest,discipline,12,6,6
30469,Becknarbritt,stormscale,576,priest,discipline,12,6,6
30470,Vulreth,culte-de-la-rive-noire,576,priest,discipline,12,6,6
30471,Laddets,ravencrest,576,priest,discipline,12,6,6
30472,Vhis,ragnaros,576,priest,discipline,12,6,6
30473,Ранзерито,soulflayer,576,priest,discipline,17,8,9
30474,Iqy,kazzak,576,priest,discipline,15,7,8
30475,Naìt,ragnaros,576,priest,discipline,15,7,8
30476,Chrisdorner,archimonde,576,priest,discipline,15,6,9
30477,Wixzyx,ravencrest,576,priest,discipline,16,6,10
30478,Волия,gordunni,576,priest,discipline,17,6,11
30479,Zastyx,drakthul,576,priest,discipline,18,6,12
30480,Grimor,talnivarr,576,priest,discipline,18,6,12
30481,Eclaír,blackhand,576,priest,discipline,18,6,12
30482,Brainbadly,aegwynn,576,priest,discipline,18,6,12
30483,Abrakahudder,tarren-mill,576,priest,discipline,18,6,12
30484,Achardia,argent-dawn,576,priest,discipline,18,6,12
30485,Венэма,azuregos,576,priest,discipline,18,6,12
30486,Сашашвд,howling-fjord,576,priest,discipline,18,6,12
30487,Sosionomi,argent-dawn,576,priest,discipline,18,6,12
30488,Ballepresten,outland,576,priest,discipline,18,6,12
30489,Бичиотаке,azuregos,576,priest,discipline,18,6,12
30490,Zinzo,frostwolf,576,priest,discipline,18,6,12
30491,Altargirl,defias-brotherhood,576,priest,discipline,18,6,12
30492,Deadbishop,kazzak,576,priest,discipline,18,6,12
30493,Alros,elune,576,priest,discipline,18,6,12
30494,Chaosweavèr,outland,576,priest,discipline,18,6,12
30495,Limbas,dun-modr,576,priest,discipline,18,6,12
30496,Швдшка,howling-fjord,576,priest,discipline,18,6,12
30497,Подорваный,gordunni,576,priest,discipline,18,6,12
30498,ßøunty,dun-modr,576,priest,discipline,18,6,12
30499,Velri,runetotem,576,priest,discipline,18,6,12
30500,Prarch,sylvanas,576,priest,discipline,18,6,12
30501,Декорий,soulflayer,576,priest,discipline,18,6,12
30502,Twisty,malganis,576,priest,discipline,19,6,13
30503,Cinjá,thrall,576,priest,discipline,19,6,13
30504,Alwiel,kazzak,576,priest,discipline,24,6,18
30505,Dunbaltaris,blackrock,576,priest,discipline,24,6,18
30506,Holytang,grim-batol,575,priest,discipline,6,6,0
30507,Sørney,aegwynn,575,priest,discipline,9,7,2
30508,Grazz,grim-batol,575,priest,discipline,12,6,6
30509,Мидэрка,howling-fjord,575,priest,discipline,12,6,6
30510,Ysharg,sinstralis,575,priest,discipline,12,6,6
30511,Amaloo,ravencrest,575,priest,discipline,12,6,6
30512,Gæxelademad,draenor,575,priest,discipline,12,6,6
30513,Insicompany,antonidas,575,priest,discipline,12,6,6
30514,Îlkari,hyjal,575,priest,discipline,12,6,6
30515,Zembowae,drakthul,575,priest,discipline,12,6,6
30516,Highlightss,outland,575,priest,discipline,12,6,6
30517,Oversole,kazzak,575,priest,discipline,12,6,6
30518,Brronxx,frostwolf,575,priest,discipline,12,6,6
30519,Ðotgød,nemesis,575,priest,discipline,12,6,6
30520,Hanagaki,ragnaros,575,priest,discipline,12,6,6
30521,Flackiepi,tarren-mill,575,priest,discipline,12,6,6
30522,Handmännchen,kelthuzad,575,priest,discipline,12,6,6
30523,Vastüdö,ragnaros,575,priest,discipline,12,6,6
30524,Чикхоп,blackscar,575,priest,discipline,12,6,6
30525,Hâmmel,blackrock,575,priest,discipline,12,6,6
30526,Lichtl,ysera,575,priest,discipline,12,6,6
30527,Tira,darksorrow,575,priest,discipline,12,6,6
30528,Jediminds,tarren-mill,575,priest,discipline,12,6,6
30529,Priestvnr,hyjal,575,priest,discipline,12,6,6
30530,Bigbootyheal,silvermoon,575,priest,discipline,12,6,6
30531,Phexon,outland,575,priest,discipline,12,6,6
30532,Лерасапорт,gordunni,575,priest,discipline,12,6,6
30533,Noxxill,eredar,575,priest,discipline,12,6,6
30534,Grêndine,blackmoore,575,priest,discipline,12,6,6
30535,Hùrtyoux,outland,575,priest,discipline,12,6,6
30536,Doxs,terokkar,575,priest,discipline,12,6,6
30537,Hypnòz,archimonde,575,priest,discipline,12,6,6
30538,Ponpon,onyxia,575,priest,discipline,12,6,6
30539,Undeadv,twisting-nether,575,priest,discipline,15,6,9
30540,Kafrooss,silvermoon,575,priest,discipline,18,6,12
30541,Castêr,silvermoon,575,priest,discipline,18,6,12
30542,Каэден,blackscar,575,priest,discipline,18,6,12
30543,Priestbiyy,sunstrider,575,priest,discipline,18,6,12
30544,Хегендцп,galakrond,575,priest,discipline,18,6,12
30545,Thehealer,twisting-nether,575,priest,discipline,18,6,12
30546,Crop,nemesis,575,priest,discipline,18,6,12
30547,Вэстервилли,howling-fjord,575,priest,discipline,24,6,18
30548,Drgrey,archimonde,575,priest,discipline,25,6,19
30549,Tindoriel,bronzebeard,574,priest,discipline,12,6,6
30550,Pilip,dragonmaw,574,priest,discipline,12,6,6
30551,Preacia,twisting-nether,574,priest,discipline,12,6,6
30552,Leonard,nemesis,574,priest,discipline,12,6,6
30553,Avinci,blackrock,574,priest,discipline,12,6,6
30554,Vebuya,blackmoore,574,priest,discipline,12,6,6
30555,Dontouch,nemesis,574,priest,discipline,12,6,6
30556,Æisa,blackmoore,574,priest,discipline,18,6,12
30557,Prigart,sylvanas,574,priest,discipline,18,6,12
30558,Muftl,thrall,574,priest,discipline,18,6,12
30559,Zoratha,kazzak,574,priest,discipline,18,6,12
30560,Pæx,antonidas,574,priest,discipline,18,6,12
30561,Pèrejoe,arathi,574,priest,discipline,24,6,18
30562,Easxyx,veklor,573,priest,discipline,6,6,0
30563,Këller,hyjal,573,priest,discipline,12,6,6
30564,Tycrael,hyjal,573,priest,discipline,12,6,6
30565,Lolenjoyer,ravencrest,573,priest,discipline,18,6,12
30566,Priestmrt,doomhammer,573,priest,discipline,18,6,12
30567,Hólyeárth,twisting-nether,573,priest,discipline,18,6,12
30568,Ilynïa,quelthalas,573,priest,discipline,19,6,13
30569,Wanah,ravencrest,573,priest,discipline,24,6,18
30570,Morava,tarren-mill,572,priest,discipline,12,6,6
30571,Kelthurus,die-nachtwache,572,priest,discipline,12,6,6
30572,Loriny,ragnaros,572,priest,discipline,14,6,8
30573,Glutenhode,stormscale,571,priest,discipline,12,6,6
30574,Крайне,soulflayer,571,priest,discipline,18,6,12
30575,Rawkilla,stormrage,570,priest,discipline,12,6,6
30576,Thechieftain,twilights-hammer,570,priest,discipline,12,6,6
30577,Mijola,thrall,565,priest,discipline,12,6,6
30578,Adolosh,thrall,560,priest,discipline,18,6,12
30579,Ahbe,stormscale,559,priest,discipline,11,6,5
30580,Cavadaya,eredar,543,priest,discipline,14,7,7
30581,Jumpaxx,archimonde,543,priest,discipline,17,6,11
30582,Jasty,nemesis,543,priest,discipline,23,6,17
30583,Luedieniel,draenor,542,priest,discipline,11,6,5
30584,Clescy,ravencrest,542,priest,discipline,11,6,5
30585,Lemowae,doomhammer,542,priest,discipline,22,6,16
30586,Nàvy,archimonde,528,priest,discipline,15,6,9
30587,Nécromant,frostwolf,527,priest,discipline,9,7,2
30588,Adare,sanguino,527,priest,discipline,11,6,5
30589,Demmi,dun-modr,522,priest,discipline,22,7,15
30590,Полуниця,galakrond,522,priest,discipline,23,7,16
30591,Xotz,thrall,521,priest,discipline,15,8,7
30592,Teologen,outland,520,priest,discipline,19,7,12
30593,Isson,earthen-ring,519,priest,discipline,19,7,12
30594,Cummask,silvermoon,512,priest,discipline,16,6,10
30595,Thimble,blackhand,510,priest,discipline,19,6,13
30596,Tarboba,tarren-mill,496,priest,discipline,13,6,7
30597,Figpucker,silvermoon,496,priest,discipline,13,6,7
30598,Renesmè,archimonde,494,priest,discipline,13,6,7
30599,Rulz,zuluhed,486,priest,discipline,22,7,15
30600,Warm,auchindoun,480,priest,discipline,6,5,1
30601,Lightform,twisting-nether,480,priest,discipline,6,5,1
30602,Proteinsnack,auchindoun,480,priest,discipline,6,5,1
30603,Ounxx,blackrock,480,priest,discipline,6,5,1
30604,Kemari,aegwynn,480,priest,discipline,6,5,1
30605,Bec,ragnaros,480,priest,discipline,6,5,1
30606,Naivegnome,draenor,480,priest,discipline,6,5,1
30607,Whopzi,blackmoore,480,priest,discipline,6,5,1
30608,Swep,ragnaros,480,priest,discipline,6,5,1
30609,Jesslol,archimonde,480,priest,discipline,6,5,1
30610,Nayballistic,tarren-mill,480,priest,discipline,6,5,1
30611,Нэриэлл,gordunni,480,priest,discipline,6,5,1
30612,Vampiro,blackhand,480,priest,discipline,6,5,1
30613,Usermane,ravencrest,480,priest,discipline,6,5,1
30614,Lamp,terokkar,480,priest,discipline,6,5,1
30615,Åzjol,magtheridon,480,priest,discipline,6,5,1
30616,Trippinorbs,stormscale,480,priest,discipline,6,5,1
30617,Itokkzhul,draenor,480,priest,discipline,6,5,1
30618,Bendforpi,outland,480,priest,discipline,6,5,1
30619,Instantcasts,ravencrest,480,priest,discipline,6,5,1
30620,Ronnmoss,defias-brotherhood,480,priest,discipline,6,5,1
30621,Holyrage,frostwhisper,480,priest,discipline,6,5,1
30622,Пристмиша,gordunni,480,priest,discipline,6,5,1
30623,Daniriuz,minahonda,480,priest,discipline,6,5,1
30624,Nttyfromohio,ravencrest,480,priest,discipline,6,5,1
30625,Sorchad,hyjal,480,priest,discipline,6,5,1
30626,Loldisc,arthas,480,priest,discipline,6,5,1
30627,Гачидварфич,gordunni,480,priest,discipline,6,5,1
30628,Byebee,stormscale,480,priest,discipline,11,6,5
30629,Ajaxfreak,blackmoore,480,priest,discipline,12,5,7
30630,Nizrå,archimonde,480,priest,discipline,12,5,7
30631,Bonsoin,kirin-tor,480,priest,discipline,12,5,7
30632,Nibhou,dalaran,480,priest,discipline,12,5,7
30633,Mcx,stormscale,480,priest,discipline,12,5,7
30634,Zoose,defias-brotherhood,480,priest,discipline,12,5,7
30635,Iluras,thunderhorn,480,priest,discipline,12,5,7
30636,Bimbax,dun-modr,480,priest,discipline,12,5,7
30637,Respectwømen,ravencrest,480,priest,discipline,12,5,7
30638,Litera,silvermoon,480,priest,discipline,12,5,7
30639,Qtdorr,ravencrest,480,priest,discipline,12,5,7
30640,Yö,stormscale,480,priest,discipline,12,5,7
30641,Katsikatsika,silvermoon,480,priest,discipline,12,5,7
30642,Merkabah,azjolnerub,480,priest,discipline,12,5,7
30643,Jupilen,chogall,480,priest,discipline,12,5,7
30644,Лизота,gordunni,480,priest,discipline,12,5,7
30645,Funzies,doomhammer,480,priest,discipline,12,5,7
30646,Chaapsbbq,archimonde,480,priest,discipline,12,5,7
30647,Pwsx,draenor,480,priest,discipline,12,5,7
30648,Discokuken,outland,480,priest,discipline,12,5,7
30649,Faloty,draenor,480,priest,discipline,12,5,7
30650,Спсчтоживой,blackscar,480,priest,discipline,12,5,7
30651,Missbarbados,blackmoore,480,priest,discipline,12,5,7
30652,Eîkro,blackmoore,480,priest,discipline,12,5,7
30653,Marypops,outland,480,priest,discipline,12,5,7
30654,Immutable,twisting-nether,480,priest,discipline,12,5,7
30655,Schnikki,mannoroth,480,priest,discipline,12,5,7
30656,Navihato,silvermoon,480,priest,discipline,12,5,7
30657,Уер,galakrond,480,priest,discipline,12,5,7
30658,Mariahscarey,blackhand,480,priest,discipline,12,5,7
30659,Altarboi,veknilash,480,priest,discipline,12,5,7
30660,Supfamskrrt,stormscale,480,priest,discipline,12,5,7
30661,Холигард,grom,480,priest,discipline,12,5,7
30662,Чотки,deepholm,480,priest,discipline,12,5,7
30663,Dogfacex,ravencrest,480,priest,discipline,12,5,7
30664,Shyvi,ravencrest,480,priest,discipline,12,5,7
30665,Rektom,archimonde,480,priest,discipline,12,5,7
30666,Darkfreak,malygos,480,priest,discipline,12,5,7
30667,Tessaben,silvermoon,480,priest,discipline,12,5,7
30668,Späxxi,amanthul,480,priest,discipline,12,5,7
30669,Allaría,bronze-dragonflight,480,priest,discipline,12,5,7
30670,Karpi,twisting-nether,480,priest,discipline,12,5,7
30671,Bibleenjoyer,blackmoore,480,priest,discipline,12,5,7
30672,Dsyleixa,archimonde,480,priest,discipline,12,5,7
30673,Sbj,bronze-dragonflight,480,priest,discipline,12,5,7
30674,Étesech,zuljin,480,priest,discipline,12,5,7
30675,Lunatrix,sanguino,480,priest,discipline,12,5,7
30676,Turboshadow,stormscale,480,priest,discipline,12,5,7
30677,Neska,antonidas,480,priest,discipline,12,5,7
30678,Touddixz,blackrock,480,priest,discipline,12,5,7
30679,Muradawg,nemesis,480,priest,discipline,12,5,7
30680,Meheal,lothar,480,priest,discipline,12,5,7
30681,Yukîna,blackrock,480,priest,discipline,12,5,7
30682,Djleapgødx,twisting-nether,480,priest,discipline,12,5,7
30683,Suaakypriest,tyrande,480,priest,discipline,12,5,7
30684,Mayday,silvermoon,480,priest,discipline,12,5,7
30685,Fardatxo,colinas-pardas,480,priest,discipline,12,5,7
30686,Вегельдэрс,gordunni,480,priest,discipline,12,5,7
30687,Hollylicious,kazzak,480,priest,discipline,12,5,7
30688,Upo,kazzak,480,priest,discipline,12,5,7
30689,Nayballsp,tarren-mill,480,priest,discipline,12,5,7
30690,Selí,die-aldor,480,priest,discipline,12,5,7
30691,Insekta,ragnaros,480,priest,discipline,12,5,7
30692,Healysith,archimonde,480,priest,discipline,12,5,7
30693,Døtzillah,kazzak,480,priest,discipline,12,5,7
30694,Забейка,howling-fjord,480,priest,discipline,12,5,7
30695,Libertero,drakthul,480,priest,discipline,12,5,7
30696,Grozozo,tarren-mill,480,priest,discipline,12,5,7
30697,Kolsy,twisting-nether,480,priest,discipline,12,5,7
30698,Alejandrothe,outland,480,priest,discipline,12,5,7
30699,Shadew,stormscale,480,priest,discipline,12,5,7
30700,Maiel,die-aldor,480,priest,discipline,12,5,7
30701,Radulfus,stormrage,480,priest,discipline,12,5,7
30702,Saphèa,burning-legion,480,priest,discipline,12,5,7
30703,Wontdispel,ravencrest,480,priest,discipline,12,5,7
30704,Hyonra,kazzak,480,priest,discipline,12,5,7
30705,Akhaida,argent-dawn,480,priest,discipline,12,5,7
30706,Wckd,tarren-mill,480,priest,discipline,12,5,7
30707,Gooflord,ravencrest,480,priest,discipline,12,5,7
30708,Djplay,aegwynn,480,priest,discipline,12,5,7
30709,Åmåndå,ravencrest,480,priest,discipline,12,5,7
30710,Borgamor,frostmane,480,priest,discipline,12,5,7
30711,Mindblown,arthas,480,priest,discipline,12,5,7
30712,Besmrtna,saurfang,480,priest,discipline,12,5,7
30713,Easyzx,tarren-mill,480,priest,discipline,12,5,7
30714,Ponting,kazzak,480,priest,discipline,12,5,7
30715,Twitty,argent-dawn,480,priest,discipline,12,5,7
30716,Nyù,kazzak,480,priest,discipline,12,5,7
30717,Theplague,kazzak,480,priest,discipline,12,5,7
30718,Ghettothug,darksorrow,480,priest,discipline,12,5,7
30719,Discgødx,thrall,480,priest,discipline,12,5,7
30720,Kaleshiry,kazzak,480,priest,discipline,12,5,7
30721,Discih,ragnaros,480,priest,discipline,12,5,7
30722,Абсорбиболь,howling-fjord,480,priest,discipline,12,5,7
30723,Jeboc,ravencrest,480,priest,discipline,12,5,7
30724,Chebaben,argent-dawn,480,priest,discipline,12,5,7
30725,Magthalor,twisting-nether,480,priest,discipline,12,5,7
30726,Hélgå,kazzak,480,priest,discipline,12,5,7
30727,Pdead,kazzak,480,priest,discipline,12,5,7
30728,Cirøpriest,ravencrest,480,priest,discipline,12,5,7
30729,Playax,silvermoon,480,priest,discipline,12,5,7
30730,Kryckmongo,tarren-mill,480,priest,discipline,12,5,7
30731,Teladorne,ravencrest,480,priest,discipline,12,5,7
30732,Graveyards,tarren-mill,480,priest,discipline,12,5,7
30733,Skyland,emeriss,480,priest,discipline,12,5,7
30734,Sinnzz,ysondre,480,priest,discipline,12,5,7
30735,Terstyana,hyjal,480,priest,discipline,12,5,7
30736,Вайтбласт,howling-fjord,480,priest,discipline,12,5,7
30737,Æðwyñ,ragnaros,480,priest,discipline,12,5,7
30738,Rabbai,ravencrest,480,priest,discipline,12,5,7
30739,Kde,burning-legion,480,priest,discipline,12,5,7
30740,Moeshy,kazzak,480,priest,discipline,12,5,7
30741,Seskipr,stormreaver,480,priest,discipline,12,5,7
30742,Donbas,tarren-mill,480,priest,discipline,12,5,7
30743,Nimiqt,tarren-mill,480,priest,discipline,12,5,7
30744,Ameja,sylvanas,480,priest,discipline,13,5,8
30745,Kimlie,baelgun,480,priest,discipline,16,6,10
30746,Kehz,ysondre,480,priest,discipline,18,5,13
30747,Momopriesto,draenor,480,priest,discipline,18,5,13
30748,Ча,thermaplugg,480,priest,discipline,18,5,13
30749,Avp,the-maelstrom,480,priest,discipline,18,5,13
30750,Карбонит,fordragon,480,priest,discipline,18,5,13
30751,Zeslash,suramar,480,priest,discipline,18,5,13
30752,Kalór,kult-der-verdammten,480,priest,discipline,18,5,13
30753,Iskáral,frostmourne,480,priest,discipline,18,5,13
30754,Góli,argent-dawn,480,priest,discipline,18,5,13
30755,Хомячише,lich-king,480,priest,discipline,18,5,13
30756,Savíour,kazzak,480,priest,discipline,18,5,13
30757,Ìstarï,sylvanas,480,priest,discipline,18,5,13
30758,Taimani,burning-legion,480,priest,discipline,18,5,13
30759,Saishi,rashgarroth,480,priest,discipline,18,5,13
30760,Элизабетшорт,soulflayer,480,priest,discipline,18,5,13
30761,Blackwidow,chromaggus,480,priest,discipline,24,5,19
30762,Sarinà,archimonde,480,priest,discipline,24,5,19
30763,Fictus,tarren-mill,480,priest,discipline,24,5,19
30764,Elpitiimigré,sinstralis,479,priest,discipline,6,5,1
30765,Colte,dalaran,479,priest,discipline,6,5,1
30766,Pontiff,the-maelstrom,479,priest,discipline,12,5,7
30767,Sanoe,twisting-nether,479,priest,discipline,12,5,7
30768,Flappí,argent-dawn,479,priest,discipline,12,5,7
30769,Fillî,antonidas,479,priest,discipline,12,5,7
30770,Haiga,zuljin,479,priest,discipline,12,5,7
30771,Velenthøs,argent-dawn,479,priest,discipline,12,5,7
30772,Cobrix,nemesis,479,priest,discipline,12,5,7
30773,Aethiel,drakthul,479,priest,discipline,12,5,7
30774,Serach,ravencrest,479,priest,discipline,12,5,7
30775,Upsbro,outland,479,priest,discipline,12,5,7
30776,Zonar,eitrigg,479,priest,discipline,12,5,7
30777,Darknëss,malganis,479,priest,discipline,12,5,7
30778,Ethylene,ysondre,479,priest,discipline,12,5,7
30779,Pluf,nefarian,479,priest,discipline,12,5,7
30780,Хилюня,howling-fjord,479,priest,discipline,12,5,7
30781,Шпалкоклоб,soulflayer,479,priest,discipline,12,5,7
30782,Tedcrilly,dentarg,479,priest,discipline,12,5,7
30783,Haigoku,archimonde,479,priest,discipline,12,5,7
30784,Slight,aggra-português,479,priest,discipline,12,5,7
30785,Konantenshi,doomhammer,479,priest,discipline,12,5,7
30786,Shyvannas,antonidas,479,priest,discipline,12,5,7
30787,Jessicar,the-maelstrom,479,priest,discipline,12,5,7
30788,Bòóny,ravencrest,479,priest,discipline,12,5,7
30789,Piotrek,hyjal,479,priest,discipline,12,5,7
30790,Nixxaa,drakthul,479,priest,discipline,12,5,7
30791,Ръасмурт,soulflayer,479,priest,discipline,12,5,7
30792,Kaladriel,die-aldor,479,priest,discipline,12,5,7
30793,Eluñeblessed,silvermoon,479,priest,discipline,12,5,7
30794,Tota,frostmane,479,priest,discipline,12,5,7
30795,Velenthan,stormrage,479,priest,discipline,12,5,7
30796,Sewerperson,doomhammer,479,priest,discipline,12,5,7
30797,Sastry,drakthul,479,priest,discipline,12,5,7
30798,Elunerei,tarren-mill,479,priest,discipline,12,5,7
30799,Elakith,bronze-dragonflight,479,priest,discipline,12,5,7
30800,Helming,magtheridon,479,priest,discipline,12,5,7
30801,Dúréx,sanguino,479,priest,discipline,15,6,9
30802,Dosentti,ragnaros,479,priest,discipline,13,5,8
30803,Warkez,terokkar,479,priest,discipline,14,5,9
30804,Seehz,ysondre,479,priest,discipline,18,5,13
30805,Scarlovni,archimonde,479,priest,discipline,18,5,13
30806,Aká,kazzak,479,priest,discipline,18,5,13
30807,Nemista,hyjal,479,priest,discipline,18,5,13
30808,Gaehla,silvermoon,479,priest,discipline,18,5,13
30809,Alsyidan,khaz-modan,479,priest,discipline,18,5,13
30810,Sleeyz,blackmoore,479,priest,discipline,24,5,19
30811,Avesatana,khadgar,478,priest,discipline,6,5,1
30812,Veryssra,archimonde,478,priest,discipline,12,5,7
30813,Hotwheal,ysondre,478,priest,discipline,12,5,7
30814,Raitharin,argent-dawn,478,priest,discipline,12,5,7
30815,Rastuvius,twisting-nether,478,priest,discipline,18,5,13
30816,Bénjamín,outland,478,priest,discipline,18,5,13
30817,Oknelim,blackmoore,477,priest,discipline,12,5,7
30818,Arathiell,nordrassil,477,priest,discipline,12,5,7
30819,Feloriya,antonidas,476,priest,discipline,12,5,7
30820,Phosphorus,blackhand,476,priest,discipline,12,5,7
30821,Docoktokok,guldan,475,priest,discipline,12,5,7
30822,Rettsche,eredar,475,priest,discipline,12,5,7
30823,Wipipi,draenor,474,priest,discipline,12,5,7
30824,Crenî,blackrock,463,priest,discipline,17,5,12
30825,Ortarn,defias-brotherhood,453,priest,discipline,19,7,12
30826,Madclownz,blackrock,448,priest,discipline,10,5,5
30827,Zakkypriest,tarren-mill,447,priest,discipline,11,5,6
30828,Hitaro,antonidas,447,priest,discipline,11,5,6
30829,Dhed,turalyon,447,priest,discipline,14,6,8
30830,Zumítø,zuljin,446,priest,discipline,11,5,6
30831,Sandgambler,draenor,432,priest,discipline,9,5,4
30832,Äliénør,khaz-modan,426,priest,discipline,17,7,10
30833,Kak,gorgonnash,426,priest,discipline,19,6,13
30834,Holybøi,ragnaros,426,priest,discipline,29,7,22
30835,Capheny,ravencrest,425,priest,discipline,29,7,22
30836,Snowlhad,argent-dawn,423,priest,discipline,21,6,15
30837,Khomic,archimonde,415,priest,discipline,11,5,6
30838,Æç,malganis,399,priest,discipline,5,5,0
30839,Stàrlîght,chants-éternels,399,priest,discipline,5,5,0
30840,Kuïß,tarren-mill,394,priest,discipline,20,6,14
30841,Erfofthesop,chants-éternels,384,priest,discipline,6,4,2
30842,Vizire,ravencrest,384,priest,discipline,6,4,2
30843,Pindakong,dragonblight,384,priest,discipline,6,4,2
30844,Ilovecala,ravencrest,384,priest,discipline,6,4,2
30845,Barbïelolz,sargeras,384,priest,discipline,6,4,2
30846,Sïgmund,draenor,384,priest,discipline,6,4,2
30847,Montane,wrathbringer,384,priest,discipline,6,4,2
30848,Bhlad,silvermoon,384,priest,discipline,6,4,2
30849,Darkoulito,dalaran,384,priest,discipline,6,4,2
30850,Dimentions,sylvanas,384,priest,discipline,6,4,2
30851,Tipps,ravencrest,384,priest,discipline,6,4,2
30852,Zumbae,tarren-mill,384,priest,discipline,6,4,2
30853,Piixld,aegwynn,384,priest,discipline,6,4,2
30854,ßlinkywinky,outland,384,priest,discipline,6,4,2
30855,Sîlfa,hyjal,384,priest,discipline,6,4,2
30856,Cheesegód,outland,384,priest,discipline,6,4,2
30857,Thean,twilights-hammer,384,priest,discipline,6,4,2
30858,Félrebarmok,ragnaros,384,priest,discipline,6,4,2
30859,Cerdapriesst,dun-modr,384,priest,discipline,6,4,2
30860,Jaisuu,ravencrest,384,priest,discipline,6,4,2
30861,Xsp,dun-modr,384,priest,discipline,6,4,2
30862,Atomíc,eredar,384,priest,discipline,6,4,2
30863,Nesar,stormscale,384,priest,discipline,6,4,2
30864,Dshara,the-maelstrom,384,priest,discipline,6,4,2
30865,Весёлыйкоил,gordunni,384,priest,discipline,6,4,2
30866,Gravedoll,draenor,384,priest,discipline,6,4,2
30867,Ðapperðan,draenor,384,priest,discipline,6,4,2
30868,Topdamage,stormscale,384,priest,discipline,6,4,2
30869,Bootypillow,stormscale,384,priest,discipline,6,4,2
30870,Badballs,doomhammer,384,priest,discipline,6,4,2
30871,Taypsi,kelthuzad,384,priest,discipline,6,4,2
30872,Frekko,outland,384,priest,discipline,6,4,2
30873,Iirina,draenor,384,priest,discipline,6,4,2
30874,Lergdaddy,zenedar,384,priest,discipline,6,4,2
30875,Nätrix,tarren-mill,384,priest,discipline,6,4,2
30876,Above,hyjal,384,priest,discipline,6,4,2
30877,Binno,outland,384,priest,discipline,6,4,2
30878,Umbralx,ragnaros,384,priest,discipline,6,4,2
30879,Noxx,kilrogg,384,priest,discipline,6,4,2
30880,Хъи,gordunni,384,priest,discipline,6,4,2
30881,Бархомелфой,gordunni,384,priest,discipline,6,4,2
30882,Sixtyseven,blackhand,384,priest,discipline,6,4,2
30883,Bòóni,ravencrest,384,priest,discipline,6,4,2
30884,Büssi,blackrock,384,priest,discipline,6,4,2
30885,Yukirito,drakthul,384,priest,discipline,6,4,2
30886,Magicstarss,the-maelstrom,384,priest,discipline,6,4,2
30887,Kookpri,twisting-nether,384,priest,discipline,6,4,2
30888,Discmachinex,stormscale,384,priest,discipline,6,4,2
30889,Hiela,outland,384,priest,discipline,6,4,2
30890,Robiee,twisting-nether,384,priest,discipline,6,4,2
30891,Rýzera,tarren-mill,384,priest,discipline,6,4,2
30892,Nällytq,nefarian,384,priest,discipline,6,4,2
30893,Sàyaa,draenor,384,priest,discipline,6,4,2
30894,Neddeadlius,outland,384,priest,discipline,6,4,2
30895,Purplex,aggra-português,384,priest,discipline,6,4,2
30896,Zenholy,kazzak,384,priest,discipline,6,4,2
30897,Pisso,outland,384,priest,discipline,6,4,2
30898,Mvce,outland,384,priest,discipline,6,4,2
30899,Appraiser,draenor,384,priest,discipline,6,4,2
30900,Goblingøs,ravencrest,384,priest,discipline,6,4,2
30901,Hunnty,magtheridon,384,priest,discipline,6,4,2
30902,Eshania,frostwolf,384,priest,discipline,6,4,2
30903,Inthemoöd,twisting-nether,384,priest,discipline,6,4,2
30904,Hadk,blackrock,384,priest,discipline,6,4,2
30905,Deadlyhealer,draenor,384,priest,discipline,6,4,2
30906,Feedtherich,stormscale,384,priest,discipline,6,4,2
30907,Xqzmydotz,outland,384,priest,discipline,6,4,2
30908,Papêrcut,kazzak,384,priest,discipline,6,4,2
30909,Varrês,kazzak,384,priest,discipline,6,4,2
30910,Priestutute,tarren-mill,384,priest,discipline,6,4,2
30911,Flaynbones,tarren-mill,384,priest,discipline,6,4,2
30912,Giffelgrethe,sylvanas,384,priest,discipline,6,4,2
30913,Toasttwo,kazzak,384,priest,discipline,6,4,2
30914,Lightbulp,draenor,384,priest,discipline,6,4,2
30915,Bosco,kult-der-verdammten,384,priest,discipline,6,4,2
30916,Challa,magtheridon,384,priest,discipline,6,4,2
30917,Sede,silvermoon,384,priest,discipline,6,4,2
30918,Boogereater,kazzak,384,priest,discipline,6,4,2
30919,Experimentix,silvermoon,384,priest,discipline,6,4,2
30920,Acarru,stormscale,384,priest,discipline,6,4,2
30921,Pankp,kazzak,384,priest,discipline,6,4,2
30922,Mit,tarren-mill,384,priest,discipline,6,4,2
30923,Flaiya,kazzak,384,priest,discipline,6,4,2
30924,Yadif,tarren-mill,384,priest,discipline,6,4,2
30925,Сатанчикгод,howling-fjord,384,priest,discipline,8,4,4
30926,Shadowuknow,silvermoon,384,priest,discipline,9,4,5
30927,Kloxy,archimonde,384,priest,discipline,15,5,10
30928,Pewkz,draenor,384,priest,discipline,12,4,8
30929,Сайлентхилл,howling-fjord,384,priest,discipline,12,4,8
30930,Фадб,howling-fjord,384,priest,discipline,12,4,8
30931,Sls,sylvanas,384,priest,discipline,12,4,8
30932,Azriael,draenor,384,priest,discipline,12,4,8
30933,Марина,howling-fjord,384,priest,discipline,12,4,8
30934,Babambaba,sylvanas,384,priest,discipline,12,4,8
30935,Maquivel,aggra-português,384,priest,discipline,12,4,8
30936,Deathtrapx,draenor,384,priest,discipline,12,4,8
30937,Дэкспрут,soulflayer,384,priest,discipline,12,4,8
30938,Kourguette,hyjal,384,priest,discipline,12,4,8
30939,Велост,gordunni,384,priest,discipline,12,4,8
30940,Sarenko,turalyon,384,priest,discipline,12,4,8
30941,Sabakk,archimonde,384,priest,discipline,12,4,8
30942,Ревентонх,howling-fjord,384,priest,discipline,12,4,8
30943,Linaklein,hyjal,384,priest,discipline,12,4,8
30944,Chigreru,uldum,384,priest,discipline,12,4,8
30945,Luznywiesiek,burning-legion,384,priest,discipline,12,4,8
30946,Prgkek,sanguino,384,priest,discipline,12,4,8
30947,Druzhok,sylvanas,384,priest,discipline,12,4,8
30948,Rîîper,khaz-modan,384,priest,discipline,12,4,8
30949,Lalock,grim-batol,384,priest,discipline,12,4,8
30950,Magras,xavius,384,priest,discipline,12,4,8
30951,Арейша,gordunni,384,priest,discipline,12,4,8
30952,Alyzée,aegwynn,384,priest,discipline,12,4,8
30953,Иннрей,soulflayer,384,priest,discipline,12,4,8
30954,Ankî,aegwynn,384,priest,discipline,12,4,8
30955,Streptococus,sanguino,384,priest,discipline,12,4,8
30956,Amèn,archimonde,384,priest,discipline,12,4,8
30957,Ромиопвп,gordunni,384,priest,discipline,12,4,8
30958,Xayona,argent-dawn,384,priest,discipline,12,4,8
30959,Sorrop,sanguino,384,priest,discipline,12,4,8
30960,Lothbruke,twisting-nether,384,priest,discipline,12,4,8
30961,Rachelsz,ravencrest,384,priest,discipline,12,4,8
30962,Trolar,zuljin,384,priest,discipline,12,4,8
30963,Заак,howling-fjord,384,priest,discipline,12,4,8
30964,Refuze,blackrock,384,priest,discipline,12,4,8
30965,Holyorshadow,drakthul,384,priest,discipline,12,4,8
30966,Tjackmackann,kazzak,384,priest,discipline,12,4,8
30967,Mukkin,tarren-mill,384,priest,discipline,12,4,8
30968,Hombre,anetheron,384,priest,discipline,12,4,8
30969,Braingames,kazzak,384,priest,discipline,12,4,8
30970,Drdré,blackrock,384,priest,discipline,12,4,8
30971,Sedaris,blackrock,384,priest,discipline,12,4,8
30972,Seskip,stormreaver,384,priest,discipline,12,4,8
30973,Mérce,kazzak,384,priest,discipline,12,4,8
30974,Whatspray,drakthul,384,priest,discipline,12,4,8
30975,Vicetøne,stormscale,384,priest,discipline,12,4,8
30976,Dìscìplìned,ravencrest,384,priest,discipline,12,4,8
30977,Stòkkè,stormscale,384,priest,discipline,12,4,8
30978,Hanrej,ravencrest,384,priest,discipline,12,4,8
30979,Toasttrii,outland,384,priest,discipline,12,4,8
30980,Çelph,silvermoon,384,priest,discipline,12,4,8
30981,Dominos,thrall,384,priest,discipline,12,4,8
30982,Xýz,tarren-mill,384,priest,discipline,12,4,8
30983,Mariio,blackmoore,384,priest,discipline,12,4,8
30984,Mylox,blackrock,384,priest,discipline,12,4,8
30985,Nordrenalin,tarren-mill,384,priest,discipline,12,4,8
30986,Absolution,stormscale,384,priest,discipline,12,4,8
30987,Corthas,sporeggar,384,priest,discipline,12,4,8
30988,Ellinha,tarren-mill,384,priest,discipline,12,4,8
30989,Маджори,azuregos,384,priest,discipline,12,4,8
30990,Asdfsds,kazzak,384,priest,discipline,12,4,8
30991,Thesunbeam,silvermoon,384,priest,discipline,12,4,8
30992,Rafaled,ravencrest,384,priest,discipline,12,4,8
30993,Goatrocker,kazzak,384,priest,discipline,12,4,8
30994,Raybangx,blackrock,384,priest,discipline,12,4,8
30995,Deazypriest,blackrock,384,priest,discipline,12,4,8
30996,Soleyy,outland,384,priest,discipline,12,4,8
30997,Dizpel,stormscale,384,priest,discipline,17,5,12
30998,Mythaaz,archimonde,384,priest,discipline,15,4,11
30999,Celestias,sanguino,384,priest,discipline,15,4,11
31000,Shyvàree,les-clairvoyants,384,priest,discipline,18,4,14
31001,Ulquiørra,blackmoore,384,priest,discipline,18,4,14
31002,Sbubbi,ravencrest,384,priest,discipline,18,4,14
31003,Tsuser,blackrock,384,priest,discipline,24,4,20
31004,Лилинтель,gordunni,384,priest,discipline,24,4,20
31005,Enchanttress,burning-legion,383,priest,discipline,6,4,2
31006,Ravend,sylvanas,383,priest,discipline,6,4,2
31007,Akroz,sanguino,383,priest,discipline,6,4,2
31008,Destally,kirin-tor,383,priest,discipline,6,4,2
31009,Haliday,die-ewige-wacht,383,priest,discipline,6,4,2
31010,Trongle,burning-blade,383,priest,discipline,6,4,2
31011,Нуннчи,howling-fjord,383,priest,discipline,6,4,2
31012,Moonary,ravencrest,383,priest,discipline,6,4,2
31013,Pownme,blackmoore,383,priest,discipline,6,4,2
31014,Tarik,nemesis,383,priest,discipline,6,4,2
31015,Vishnoo,hyjal,383,priest,discipline,6,4,2
31016,Xpect,terokkar,383,priest,discipline,12,4,8
31017,Idén,quelthalas,383,priest,discipline,12,4,8
31018,Sânyâ,antonidas,383,priest,discipline,12,4,8
31019,Søs,eldrethalas,383,priest,discipline,12,4,8
31020,Побьюкадилом,gordunni,383,priest,discipline,12,4,8
31021,Helenor,dalvengyr,383,priest,discipline,12,4,8
31022,Récko,blackmoore,383,priest,discipline,12,4,8
31023,Wärtheur,sanguino,383,priest,discipline,12,4,8
31024,Miriàl,outland,383,priest,discipline,12,4,8
31025,Selryna,silvermoon,383,priest,discipline,13,4,9
31026,Mwxz,ravencrest,383,priest,discipline,18,4,14
31027,Nefertítí,frostmane,382,priest,discipline,6,4,2
31028,Muxi,kazzak,382,priest,discipline,12,4,8
31029,Тэтсу,greymane,382,priest,discipline,12,4,8
31030,Lierie,kazzak,382,priest,discipline,24,4,20
31031,Grommyr,eredar,381,priest,discipline,12,4,8
31032,Dumstrut,twisting-nether,379,priest,discipline,12,4,8
31033,Thanil,bloodfeather,367,priest,discipline,11,4,7
31034,Tephutes,ravencrest,367,priest,discipline,11,4,7
31035,Утяути,ashenvale,367,priest,discipline,17,4,13
31036,Øxx,blackrock,351,priest,discipline,11,4,7
31037,Masa,hellfire,351,priest,discipline,11,4,7
31038,Sickbo,eredar,351,priest,discipline,11,4,7
31039,Yummelol,dun-modr,351,priest,discipline,11,4,7
31040,Pjuww,outland,351,priest,discipline,11,4,7
31041,Dondonne,garona,349,priest,discipline,17,4,13
31042,Doxxi,argent-dawn,336,priest,discipline,9,5,4
31043,Bossku,kazzak,336,priest,discipline,9,4,5
31044,Salvatör,quelthalas,336,priest,discipline,15,5,10
31045,Vicønia,tarren-mill,335,priest,discipline,11,4,7
31046,Frenchpriest,archimonde,335,priest,discipline,11,4,7
31047,Craquylx,hyjal,335,priest,discipline,11,4,7
31048,Omejan,frostmane,330,priest,discipline,8,5,3
31049,Êliten,tarren-mill,330,priest,discipline,11,6,5
31050,Runay,draenor,330,priest,discipline,13,5,8
31051,Заволончик,blackscar,330,priest,discipline,14,5,9
31052,Impmvp,kazzak,330,priest,discipline,17,6,11
31053,Косн,razuvious,330,priest,discipline,16,5,11
31054,Valirda,twisting-nether,330,priest,discipline,18,5,13
31055,Brainðead,aegwynn,319,priest,discipline,5,4,1
31056,Шариш,ashenvale,319,priest,discipline,11,4,7
31057,Alcogeek,archimonde,304,priest,discipline,7,4,3
31058,Schnüschnü,blackmoore,304,priest,discipline,19,4,15
31059,Misa,ravencrest,288,priest,discipline,6,3,3
31060,Lerissea,argent-dawn,288,priest,discipline,6,3,3
31061,Либертадор,howling-fjord,288,priest,discipline,6,3,3
31062,Gaopet,hyjal,288,priest,discipline,6,3,3
31063,Justjuice,hyjal,288,priest,discipline,6,3,3
31064,Moistmidget,frostmane,288,priest,discipline,6,3,3
31065,Mäésia,hyjal,288,priest,discipline,6,3,3
31066,Стархилбест,howling-fjord,288,priest,discipline,6,3,3
31067,Сонясэймяу,soulflayer,288,priest,discipline,6,3,3
31068,Preodek,kazzak,288,priest,discipline,6,3,3
31069,Sehnsucht,kazzak,288,priest,discipline,6,3,3
31070,Nefufangirl,ravencrest,288,priest,discipline,6,3,3
31071,Tyarande,tarren-mill,288,priest,discipline,6,3,3
31072,Hydroxizine,ragnaros,288,priest,discipline,6,3,3
31073,Clerìc,argent-dawn,288,priest,discipline,6,3,3
31074,Alexuwu,kazzak,288,priest,discipline,6,3,3
31075,Некрозмх,soulflayer,288,priest,discipline,6,3,3
31076,Хэвидрим,soulflayer,288,priest,discipline,6,3,3
31077,Aloegarten,ravencrest,288,priest,discipline,6,3,3
31078,Purpl,tarren-mill,288,priest,discipline,6,3,3
31079,Spklooril,hyjal,288,priest,discipline,6,3,3
31080,Микаса,howling-fjord,288,priest,discipline,6,3,3
31081,Permapsqtx,tarren-mill,288,priest,discipline,6,3,3
31082,Figoluh,hyjal,288,priest,discipline,6,3,3
31083,Applepiez,ravencrest,288,priest,discipline,6,3,3
31084,Ðeswynds,hyjal,288,priest,discipline,6,3,3
31085,Pixe,argent-dawn,288,priest,discipline,6,3,3
31086,Ciqua,frostmane,288,priest,discipline,6,3,3
31087,Suzan,tarren-mill,288,priest,discipline,6,3,3
31088,Акушер,howling-fjord,288,priest,discipline,6,3,3
31089,Zkàrb,hyjal,288,priest,discipline,6,3,3
31090,Mahist,ravencrest,288,priest,discipline,6,3,3
31091,Missandeí,frostmane,288,priest,discipline,6,3,3
31092,Dead,argent-dawn,288,priest,discipline,6,3,3
31093,Shádøwx,ravencrest,288,priest,discipline,6,3,3
31094,Fearmongerer,tarren-mill,288,priest,discipline,6,3,3
31095,Zikár,kazzak,288,priest,discipline,6,3,3
31096,Nickelßack,kazzak,288,priest,discipline,6,3,3
31097,Trasslarn,tarren-mill,288,priest,discipline,6,3,3
31098,Redlíne,aegwynn,288,priest,discipline,6,3,3
31099,Artemïsïa,ravencrest,288,priest,discipline,6,3,3
31100,Ылрйкпмитьхх,soulflayer,288,priest,discipline,6,3,3
31101,Zennen,ragnaros,288,priest,discipline,6,3,3
31102,Iluvkiids,blackhand,288,priest,discipline,6,3,3
31103,Tzúú,ravencrest,288,priest,discipline,6,3,3
31104,Ardeë,dun-modr,288,priest,discipline,6,3,3
31105,Slapperr,ravencrest,288,priest,discipline,6,3,3
31106,Paphahaha,ragnaros,288,priest,discipline,6,3,3
31107,Tsunê,ysondre,288,priest,discipline,6,3,3
31108,Hôllÿ,ysondre,288,priest,discipline,6,3,3
31109,Noonex,hakkar,288,priest,discipline,6,3,3
31110,Penánce,auchindoun,288,priest,discipline,6,3,3
31111,Ggbenis,ragnaros,288,priest,discipline,6,3,3
31112,Ðopebwøy,burning-legion,288,priest,discipline,6,3,3
31113,Holymamba,silvermoon,288,priest,discipline,6,3,3
31114,Felon,burning-legion,288,priest,discipline,6,3,3
31115,Sapue,aegwynn,288,priest,discipline,6,3,3
31116,Шлёндрик,gordunni,288,priest,discipline,6,3,3
31117,Letmecastplz,kazzak,288,priest,discipline,6,3,3
31118,Pooñ,silvermoon,288,priest,discipline,6,3,3
31119,Mydianá,aegwynn,288,priest,discipline,6,3,3
31120,Xixaol,drakthul,288,priest,discipline,6,3,3
31121,Qpops,twisting-nether,288,priest,discipline,6,3,3
31122,Dãrkmedic,silvermoon,288,priest,discipline,6,3,3
31123,Bainy,stormscale,288,priest,discipline,6,3,3
31124,Rustyroll,stormscale,288,priest,discipline,6,3,3
31125,Deternity,stormscale,288,priest,discipline,6,3,3
31126,Disfinkacze,drakthul,288,priest,discipline,6,3,3
31127,Ábomínatíøn,ravencrest,288,priest,discipline,6,3,3
31128,Balin,veklor,288,priest,discipline,6,3,3
31129,Windieqt,drakthul,288,priest,discipline,6,3,3
31130,Ònasou,silvermoon,288,priest,discipline,6,3,3
31131,Нагп,gordunni,288,priest,discipline,6,3,3
31132,Numatrash,stormscale,288,priest,discipline,6,3,3
31133,Yillva,darkspear,288,priest,discipline,6,3,3
31134,Enova,twisting-nether,288,priest,discipline,6,3,3
31135,Elmaestrø,aegwynn,288,priest,discipline,6,3,3
31136,Milderyp,kazzak,288,priest,discipline,6,3,3
31137,Watchmepray,stormscale,288,priest,discipline,6,3,3
31138,Shieldop,eredar,288,priest,discipline,6,3,3
31139,Caipiwtf,eredar,288,priest,discipline,6,3,3
31140,Zeuws,kazzak,288,priest,discipline,6,3,3
31141,Kaori,zenedar,288,priest,discipline,6,3,3
31142,Mindflayér,stormscale,288,priest,discipline,6,3,3
31143,Starships,kazzak,288,priest,discipline,6,3,3
31144,Iceys,stormscale,288,priest,discipline,6,3,3
31145,Åtømîç,kazzak,288,priest,discipline,6,3,3
31146,Trilliwix,blackrock,288,priest,discipline,6,3,3
31147,Vanisse,uldum,288,priest,discipline,6,3,3
31148,Hôtseitdank,blackrock,288,priest,discipline,6,3,3
31149,Josva,sanguino,288,priest,discipline,6,3,3
31150,Jazty,sanguino,288,priest,discipline,6,3,3
31151,Кармелитас,gordunni,288,priest,discipline,6,3,3
31152,Xstylebender,outland,288,priest,discipline,6,3,3
31153,Myrann,ravencrest,288,priest,discipline,6,3,3
31154,Sântamuerte,blackrock,288,priest,discipline,6,3,3
31155,Куольхд,gordunni,288,priest,discipline,6,3,3
31156,Kamiðßlesing,sanguino,288,priest,discipline,6,3,3
31157,Хахеха,gordunni,288,priest,discipline,6,3,3
31158,Demorgon,twisting-nether,288,priest,discipline,6,3,3
31159,Laradiel,dun-modr,288,priest,discipline,6,3,3
31160,Spektros,drakthul,288,priest,discipline,6,3,3
31161,Bottemg,defias-brotherhood,288,priest,discipline,6,3,3
31162,Bridélight,archimonde,288,priest,discipline,6,3,3
31163,Decimerad,kazzak,288,priest,discipline,6,3,3
31164,Аридел,ashenvale,288,priest,discipline,6,3,3
31165,Swaggodx,blackrock,288,priest,discipline,6,3,3
31166,Rliq,outland,288,priest,discipline,6,3,3
31167,Pristel,twisting-nether,288,priest,discipline,6,3,3
31168,Holycowheals,the-maelstrom,288,priest,discipline,6,3,3
31169,Peterpenance,blackmoore,288,priest,discipline,6,3,3
31170,Mêve,archimonde,288,priest,discipline,6,3,3
31171,Rhàenyra,ravencrest,288,priest,discipline,6,3,3
31172,Santainphy,cthun,288,priest,discipline,6,3,3
31173,Shadoxx,malganis,288,priest,discipline,6,3,3
31174,Lxl,veknilash,288,priest,discipline,6,3,3
31175,Arwen,azjolnerub,288,priest,discipline,6,3,3
31176,Sacerdosan,quelthalas,288,priest,discipline,6,3,3
31177,Priestmond,magtheridon,288,priest,discipline,6,3,3
31178,Кхайла,blackscar,288,priest,discipline,6,3,3
31179,Unfayth,sylvanas,288,priest,discipline,6,3,3
31180,Sâmba,pozzo-delleternità,288,priest,discipline,6,3,3
31181,Effot,twisting-nether,288,priest,discipline,6,3,3
31182,Zorea,twisting-nether,288,priest,discipline,6,3,3
31183,Shttygame,nazjatar,288,priest,discipline,6,3,3
31184,Тесира,blackscar,288,priest,discipline,6,3,3
31185,Cheefto,blackmoore,288,priest,discipline,6,3,3
31186,Kaliboom,archimonde,288,priest,discipline,6,3,3
31187,Nelakya,blackmoore,288,priest,discipline,6,3,3
31188,Yskar,stormscale,288,priest,discipline,6,3,3
31189,Неприст,ashenvale,288,priest,discipline,6,3,3
31190,Bigdamsmitex,draenor,288,priest,discipline,6,3,3
31191,Flet,emerald-dream,288,priest,discipline,6,3,3
31192,Gomor,mannoroth,288,priest,discipline,6,3,3
31193,Süsina,nemesis,288,priest,discipline,6,3,3
31194,Lolipopheal,blackmoore,288,priest,discipline,6,3,3
31195,Luphriest,ravencrest,288,priest,discipline,6,3,3
31196,Ollithepope,defias-brotherhood,288,priest,discipline,6,3,3
31197,Dumix,shadowsong,288,priest,discipline,6,3,3
31198,Ríeka,proudmoore,288,priest,discipline,6,3,3
31199,Pwatheism,blackmoore,288,priest,discipline,6,3,3
31200,Dertar,archimonde,288,priest,discipline,6,3,3
31201,Pøsæ,uldaman,288,priest,discipline,6,3,3
31202,Uwugodx,outland,288,priest,discipline,6,3,3
31203,Hardbowl,teldrassil,288,priest,discipline,6,3,3
31204,Unrèål,ravencrest,288,priest,discipline,6,3,3
31205,Ансор,lich-king,288,priest,discipline,6,3,3
31206,Bonifacio,la-croisade-écarlate,288,priest,discipline,6,3,3
31207,Depleeky,blackmoore,288,priest,discipline,6,3,3
31208,Pietyberi,tichondrius,288,priest,discipline,6,3,3
31209,Seeyae,archimonde,288,priest,discipline,6,3,3
31210,Phobi,sunstrider,288,priest,discipline,6,3,3
31211,Asapheal,blackmoore,288,priest,discipline,6,3,3
31212,Melontwo,outland,288,priest,discipline,6,3,3
31213,Russianpvp,outland,288,priest,discipline,6,3,3
31214,Balboa,archimonde,288,priest,discipline,6,3,3
31215,Beefs,blackmoore,288,priest,discipline,6,3,3
31216,Hængøver,blackmoore,288,priest,discipline,6,3,3
31217,Velyrium,dalaran,288,priest,discipline,6,3,3
31218,Eba,daggerspine,288,priest,discipline,6,3,3
31219,Mariahcarey,blackmoore,288,priest,discipline,6,3,3
31220,Nephotko,ravencrest,288,priest,discipline,6,3,3
31221,Shendilka,drakthul,288,priest,discipline,9,3,6
31222,Willxzz,silvermoon,288,priest,discipline,11,3,8
31223,Madreöscura,cthun,288,priest,discipline,15,4,11
31224,Sanetsuna,archimonde,288,priest,discipline,12,3,9
31225,Inqa,ragnaros,288,priest,discipline,12,3,9
31226,Malaboost,archimonde,288,priest,discipline,12,3,9
31227,Arachniâ,burning-blade,288,priest,discipline,12,3,9
31228,Raphyx,blackhand,288,priest,discipline,12,3,9
31229,Kilmin,ravencrest,288,priest,discipline,12,3,9
31230,Biierlip,twisting-nether,288,priest,discipline,12,3,9
31231,Djezà,archimonde,288,priest,discipline,12,3,9
31232,Kalamh,marécage-de-zangar,288,priest,discipline,12,3,9
31233,Crazyhealsqt,hellfire,288,priest,discipline,12,3,9
31234,Ælæx,alleria,288,priest,discipline,12,3,9
31235,Julieta,dalaran,288,priest,discipline,12,3,9
31236,Saturno,chogall,288,priest,discipline,12,3,9
31237,Ziemkentiss,kazzak,288,priest,discipline,12,3,9
31238,Emi,blackmoore,288,priest,discipline,12,3,9
31239,Smiteyoudown,aegwynn,288,priest,discipline,12,3,9
31240,Ксайфир,gordunni,288,priest,discipline,12,3,9
31241,Saucebauss,ravencrest,288,priest,discipline,12,3,9
31242,Recast,outland,288,priest,discipline,12,3,9
31243,Ðìscòñiz,hyjal,288,priest,discipline,12,3,9
31244,Kaazaam,eredar,288,priest,discipline,12,3,9
31245,Rennic,stormscale,288,priest,discipline,12,3,9
31246,Âlígés,outland,288,priest,discipline,12,3,9
31247,Аматури,soulflayer,288,priest,discipline,12,3,9
31248,Zynte,ravencrest,288,priest,discipline,12,3,9
31249,Эсминза,gordunni,288,priest,discipline,12,3,9
31250,Krãtos,kazzak,288,priest,discipline,12,3,9
31251,Lumartos,ungoro,288,priest,discipline,12,3,9
31252,Knobibobby,blackrock,288,priest,discipline,12,3,9
31253,Bacovia,tarren-mill,288,priest,discipline,12,3,9
31254,Èlvis,dun-morogh,288,priest,discipline,12,3,9
31255,Honompa,darkmoon-faire,288,priest,discipline,12,3,9
31256,Realdead,blackrock,288,priest,discipline,12,3,9
31257,Romei,tarren-mill,288,priest,discipline,12,3,9
31258,Løs,argent-dawn,288,priest,discipline,12,3,9
31259,Soltum,eredar,288,priest,discipline,12,3,9
31260,Idontknow,sanguino,288,priest,discipline,12,3,9
31261,Aniblue,tarren-mill,288,priest,discipline,12,3,9
31262,Momomomomomo,blackrock,288,priest,discipline,12,3,9
31263,Orkall,sylvanas,288,priest,discipline,12,3,9
31264,Хуанкарлосс,soulflayer,288,priest,discipline,12,3,9
31265,Adalgiso,nemesis,288,priest,discipline,12,3,9
31266,Hyldenward,dun-modr,288,priest,discipline,12,3,9
31267,Ajcz,draenor,288,priest,discipline,12,3,9
31268,Pidarkgogo,stormscale,288,priest,discipline,12,3,9
31269,Kátîè,draenor,288,priest,discipline,12,3,9
31270,Tubercurass,hyjal,288,priest,discipline,12,3,9
31271,Ashp,shattered-halls,288,priest,discipline,12,3,9
31272,Kopfsache,blackmoore,288,priest,discipline,12,3,9
31273,Kyojin,pozzo-delleternità,288,priest,discipline,12,3,9
31274,Moth,kazzak,288,priest,discipline,12,3,9
31275,Tazting,stormscale,288,priest,discipline,12,3,9
31276,Holytouch,pozzo-delleternità,288,priest,discipline,12,3,9
31277,Niikki,blackrock,288,priest,discipline,12,3,9
31278,Toratorap,burning-legion,288,priest,discipline,12,3,9
31279,Yourholynes,nemesis,288,priest,discipline,12,3,9
31280,Yaaoz,dun-modr,288,priest,discipline,12,3,9
31281,Sins,defias-brotherhood,288,priest,discipline,12,3,9
31282,Iòól,veknilash,288,priest,discipline,12,3,9
31283,Ilovedomo,stormscale,288,priest,discipline,12,3,9
31284,Dizzaer,terokkar,288,priest,discipline,12,3,9
31285,Xälis,ysondre,288,priest,discipline,12,3,9
31286,Голнар,deathguard,288,priest,discipline,12,3,9
31287,Thudre,ravencrest,288,priest,discipline,12,3,9
31288,Koshmår,stormscale,288,priest,discipline,12,3,9
31289,Smitelord,outland,288,priest,discipline,12,3,9
31290,Finizkram,sylvanas,288,priest,discipline,12,3,9
31291,Arttos,antonidas,288,priest,discipline,12,3,9
31292,Arathelle,chromaggus,288,priest,discipline,12,3,9
31293,Guiliman,chamber-of-aspects,288,priest,discipline,17,4,13
31294,Methslinger,draenor,288,priest,discipline,18,3,15
31295,Имудонка,gordunni,288,priest,discipline,18,3,15
31296,Carlotta,dalaran,288,priest,discipline,18,3,15
31297,Невальнеш,howling-fjord,288,priest,discipline,18,3,15
31298,Fidelski,blackmoore,288,priest,discipline,24,3,21
31299,Cherrylipz,runetotem,288,priest,discipline,24,3,21
31300,Bunetu,blackmoore,287,priest,discipline,6,3,3
31301,Valdos,hyjal,287,priest,discipline,6,3,3
31302,Sussane,burning-blade,287,priest,discipline,6,3,3
31303,Goatee,archimonde,287,priest,discipline,6,3,3
31304,Hulluh,tarren-mill,287,priest,discipline,6,3,3
31305,Emolate,aggramar,287,priest,discipline,6,3,3
31306,Märx,conseil-des-ombres,287,priest,discipline,6,3,3
31307,Rotems,korgall,287,priest,discipline,12,3,9
31308,Opknapcamper,twisting-nether,287,priest,discipline,12,3,9
31309,Elraine,ravencrest,287,priest,discipline,12,3,9
31310,Eritreea,stormscale,287,priest,discipline,12,3,9
31311,Healmi,outland,287,priest,discipline,12,3,9
31312,Sacabocaos,dun-modr,287,priest,discipline,12,3,9
31313,Smallpox,blackrock,287,priest,discipline,12,3,9
31314,Fuwafuwaneko,sanguino,287,priest,discipline,12,3,9
31315,Orioz,tarren-mill,287,priest,discipline,12,3,9
31316,Tíffanny,ragnaros,287,priest,discipline,12,3,9
31317,Злыденькая,gordunni,287,priest,discipline,18,3,15
31318,Sleeg,tarren-mill,271,priest,discipline,11,3,8
31319,Priestin,dun-modr,271,priest,discipline,11,3,8
31320,Darkripper,sylvanas,267,priest,discipline,20,3,17
31321,Rickermortis,defias-brotherhood,256,priest,discipline,10,3,7
31322,Lînda,steamwheedle-cartel,255,priest,discipline,11,3,8
31323,Alphakillerz,sanguino,255,priest,discipline,11,3,8
31324,Czee,draenor,255,priest,discipline,11,3,8
31325,Zlothax,blackrock,255,priest,discipline,11,3,8
31326,Æsia,archimonde,240,priest,discipline,9,4,5
31327,Sánta,blackmoore,240,priest,discipline,9,3,6
31328,Yourholiness,rexxar,240,priest,discipline,9,3,6
31329,Kikoke,sanguino,240,priest,discipline,9,3,6
31330,Блэкхэйло,gordunni,239,priest,discipline,5,3,2
31331,Zemo,argent-dawn,239,priest,discipline,5,3,2
31332,Tyeldine,ragnaros,239,priest,discipline,9,4,5
31333,Паратузов,gordunni,239,priest,discipline,29,3,26
31334,Bigspudly,sylvanas,234,priest,discipline,8,4,4
31335,Zargoss,sylvanas,234,priest,discipline,8,4,4
31336,Paandosa,outland,234,priest,discipline,9,4,5
31337,Ocastia,antonidas,234,priest,discipline,10,4,6
31338,Katwizro,hyjal,234,priest,discipline,16,6,10
31339,Mineshadow,argent-dawn,234,priest,discipline,11,4,7
31340,Synck,kazzak,234,priest,discipline,15,5,10
31341,Krakjak,twisting-nether,234,priest,discipline,15,4,11
31342,Ægirl,chamber-of-aspects,234,priest,discipline,20,4,16
31343,Пахад,blackscar,233,priest,discipline,9,4,5
31344,Flexelzz,argent-dawn,227,priest,discipline,18,6,12
31345,Blúefox,malfurion,223,priest,discipline,14,3,11
31346,Curer,stormscale,208,priest,discipline,7,3,4
31347,Tomoty,ravencrest,208,priest,discipline,7,3,4
31348,Angelkiss,blackmoore,192,priest,discipline,4,3,1
31349,Dutchstuff,karazhan,192,priest,discipline,4,3,1
31350,Zhest,nemesis,192,priest,discipline,6,2,4
31351,Taschigi,rexxar,192,priest,discipline,6,2,4
31352,Zackalls,hyjal,192,priest,discipline,6,2,4
31353,Priestchonk,kazzak,192,priest,discipline,6,2,4
31354,Qku,ravencrest,192,priest,discipline,6,2,4
31355,Hoon,destromath,192,priest,discipline,6,2,4
31356,Zéró,gorgonnash,192,priest,discipline,6,2,4
31357,Dvärg,ravencrest,192,priest,discipline,6,2,4
31358,Cptmoigx,antonidas,192,priest,discipline,6,2,4
31359,Hormgal,blackmoore,192,priest,discipline,6,2,4
31360,Sünray,draenor,192,priest,discipline,6,2,4
31361,Тейдехан,howling-fjord,192,priest,discipline,6,2,4
31362,Míriêl,blackhand,192,priest,discipline,6,2,4
31363,Anvena,elune,192,priest,discipline,6,2,4
31364,Nálá,nethersturm,192,priest,discipline,6,2,4
31365,Арестович,blackscar,192,priest,discipline,6,2,4
31366,Stanyú,tarren-mill,192,priest,discipline,6,2,4
31367,Chópsuey,stormscale,192,priest,discipline,6,2,4
31368,Fnfn,twisting-nether,192,priest,discipline,6,2,4
31369,Howtoholy,outland,192,priest,discipline,6,2,4
31370,Ølle,ravencrest,192,priest,discipline,6,2,4
31371,Prisell,die-aldor,192,priest,discipline,6,2,4
31372,Jell,stormscale,192,priest,discipline,6,2,4
31373,Emabi,tarren-mill,192,priest,discipline,6,2,4
31374,Insufrible,minahonda,192,priest,discipline,6,2,4
31375,Starzxx,stormscale,192,priest,discipline,6,2,4
31376,Titiqr,naxxramas,192,priest,discipline,6,2,4
31377,Popingcht,outland,192,priest,discipline,6,2,4
31378,Bombaylove,doomhammer,192,priest,discipline,6,2,4
31379,Крайл,blackscar,192,priest,discipline,6,2,4
31380,Jubinjo,hyjal,192,priest,discipline,6,2,4
31381,Xunoq,kragjin,192,priest,discipline,6,2,4
31382,Kironm,kazzak,192,priest,discipline,6,2,4
31383,Pufak,kazzak,192,priest,discipline,6,2,4
31384,Mikromuna,ragnaros,192,priest,discipline,6,2,4
31385,Spectriums,twisting-nether,192,priest,discipline,6,2,4
31386,Jezuz,blackhand,192,priest,discipline,6,2,4
31387,Cjsa,die-aldor,192,priest,discipline,6,2,4
31388,Prällë,draenor,192,priest,discipline,6,2,4
31389,Scrotoepalle,nemesis,192,priest,discipline,6,2,4
31390,Stazia,ravencrest,192,priest,discipline,6,2,4
31391,Arendt,blackhand,192,priest,discipline,6,2,4
31392,Кейсия,fordragon,192,priest,discipline,6,2,4
31393,Menie,draenor,192,priest,discipline,6,2,4
31394,Артэта,blackscar,192,priest,discipline,6,2,4
31395,Winlove,outland,192,priest,discipline,6,2,4
31396,Shaomi,eldrethalas,192,priest,discipline,6,2,4
31397,Smoonie,tarren-mill,192,priest,discipline,6,2,4
31398,Cannapriest,frostwolf,192,priest,discipline,6,2,4
31399,Zârvâjh,aszune,192,priest,discipline,6,2,4
31400,ßiloßa,kazzak,192,priest,discipline,6,2,4
31401,Phantombride,silvermoon,192,priest,discipline,6,2,4
31402,Sachikø,sylvanas,192,priest,discipline,6,2,4
31403,Рэпру,galakrond,192,priest,discipline,6,2,4
31404,Mcpriestgodx,blackrock,192,priest,discipline,6,2,4
31405,Scalir,blackmoore,192,priest,discipline,6,2,4
31406,Wumtris,ragnaros,192,priest,discipline,6,2,4
31407,Adägïo,dun-modr,192,priest,discipline,6,2,4
31408,Discolilly,tarren-mill,192,priest,discipline,6,2,4
31409,Fadehojwnabe,the-shatar,192,priest,discipline,6,2,4
31410,Bigpinkballs,tarren-mill,192,priest,discipline,6,2,4
31411,Susee,nozdormu,192,priest,discipline,6,2,4
31412,Pristara,bloodhoof,192,priest,discipline,6,2,4
31413,Tebzy,ravencrest,192,priest,discipline,6,2,4
31414,Giesix,frostwolf,192,priest,discipline,6,2,4
31415,Ljushårig,argent-dawn,192,priest,discipline,6,2,4
31416,Эволюшенхохо,soulflayer,192,priest,discipline,6,2,4
31417,Джоностин,soulflayer,192,priest,discipline,6,2,4
31418,Iloveadri,outland,192,priest,discipline,6,2,4
31419,Axyze,draenor,192,priest,discipline,6,2,4
31420,Discolata,silvermoon,192,priest,discipline,6,2,4
31421,Saemyra,tarren-mill,192,priest,discipline,6,2,4
31422,Quvi,frostwolf,192,priest,discipline,6,2,4
31423,Ptöheal,zuljin,192,priest,discipline,6,2,4
31424,Prencø,sanguino,192,priest,discipline,6,2,4
31425,Xeay,blackrock,192,priest,discipline,6,2,4
31426,Prîëstìtütê,doomhammer,192,priest,discipline,6,2,4
31427,Discostu,kazzak,192,priest,discipline,6,2,4
31428,Merk,kazzak,192,priest,discipline,6,2,4
31429,Quencher,outland,192,priest,discipline,6,2,4
31430,Attís,the-maelstrom,192,priest,discipline,6,2,4
31431,Afrophobia,archimonde,192,priest,discipline,6,2,4
31432,Sipriest,silvermoon,192,priest,discipline,6,2,4
31433,Tinúvielle,dalaran,192,priest,discipline,6,2,4
31434,Черныйсписок,gordunni,192,priest,discipline,6,2,4
31435,Layster,chants-éternels,192,priest,discipline,6,2,4
31436,Оути,gordunni,192,priest,discipline,6,2,4
31437,Yzunaxd,ravencrest,192,priest,discipline,6,2,4
31438,Уци,howling-fjord,192,priest,discipline,6,2,4
31439,Zyrusen,sanguino,192,priest,discipline,6,2,4
31440,Snøw,malorne,192,priest,discipline,6,2,4
31441,Syths,drakthul,192,priest,discipline,6,2,4
31442,Jupiminaj,tarren-mill,192,priest,discipline,6,2,4
31443,Kíssme,archimonde,192,priest,discipline,6,2,4
31444,Protege,shadowsong,192,priest,discipline,6,2,4
31445,Maleapriest,blackhand,192,priest,discipline,6,2,4
31446,Пристник,gordunni,192,priest,discipline,6,2,4
31447,Draconux,terenas,192,priest,discipline,6,2,4
31448,Leahlimit,kazzak,192,priest,discipline,6,2,4
31449,Unreal,nagrand,192,priest,discipline,6,2,4
31450,Scràppy,malganis,192,priest,discipline,6,2,4
31451,Gøødfella,ravencrest,192,priest,discipline,6,2,4
31452,Kamish,twisting-nether,192,priest,discipline,6,2,4
31453,Tofsy,stormscale,192,priest,discipline,6,2,4
31454,Avelynn,ravencrest,192,priest,discipline,6,2,4
31455,Nercøtic,antonidas,192,priest,discipline,6,2,4
31456,Curanders,sanguino,192,priest,discipline,6,2,4
31457,Колдунская,soulflayer,192,priest,discipline,6,2,4
31458,Yocura,dun-modr,192,priest,discipline,6,2,4
31459,Kaamiluus,burning-legion,192,priest,discipline,6,2,4
31460,Superogór,burning-legion,192,priest,discipline,6,2,4
31461,Numa,stormscale,192,priest,discipline,6,2,4
31462,Fatboyswagx,tarren-mill,192,priest,discipline,6,2,4
31463,Sebiarchie,lightnings-blade,192,priest,discipline,6,2,4
31464,Supwithatt,kazzak,192,priest,discipline,6,2,4
31465,Piedl,aegwynn,192,priest,discipline,6,2,4
31466,Wilem,sanguino,192,priest,discipline,6,2,4
31467,Cartøøns,ravencrest,192,priest,discipline,6,2,4
31468,Jäý,ravencrest,192,priest,discipline,6,2,4
31469,Tokkzz,ragnaros,192,priest,discipline,6,2,4
31470,Perrín,blackrock,192,priest,discipline,6,2,4
31471,Aidkit,burning-legion,192,priest,discipline,6,2,4
31472,Nekros,agamaggan,192,priest,discipline,6,2,4
31473,Ifeared,stormscale,192,priest,discipline,6,2,4
31474,Zaqsn,blackrock,192,priest,discipline,6,2,4
31475,Aggroholic,kiljaeden,192,priest,discipline,6,2,4
31476,Сёдзира,gordunni,192,priest,discipline,6,2,4
31477,Ðænerys,silvermoon,192,priest,discipline,6,2,4
31478,Ilhes,burning-legion,192,priest,discipline,6,2,4
31479,Densen,burning-legion,192,priest,discipline,6,2,4
31480,Mehhx,burning-legion,192,priest,discipline,6,2,4
31481,Servaas,silvermoon,192,priest,discipline,6,2,4
31482,Mlii,the-maelstrom,192,priest,discipline,6,2,4
31483,Zoose,silvermoon,192,priest,discipline,6,2,4
31484,Zhì,ravencrest,192,priest,discipline,6,2,4
31485,Jheimer,twisting-nether,192,priest,discipline,6,2,4
31486,Alamonte,darksorrow,192,priest,discipline,6,2,4
31487,Shalabox,twisting-nether,192,priest,discipline,6,2,4
31488,Amayko,kazzak,192,priest,discipline,6,2,4
31489,Nathanity,tarren-mill,192,priest,discipline,6,2,4
31490,Groaxx,ragnaros,192,priest,discipline,6,2,4
31491,Missright,ragnaros,192,priest,discipline,6,2,4
31492,Napriest,kazzak,192,priest,discipline,6,2,4
31493,Myrmz,archimonde,192,priest,discipline,6,2,4
31494,Lirrydoz,ravencrest,192,priest,discipline,6,2,4
31495,Попистовали,soulflayer,192,priest,discipline,6,2,4
31496,Skytheory,eredar,192,priest,discipline,6,2,4
31497,Elëctra,vashj,192,priest,discipline,6,2,4
31498,Mqsx,stormscale,192,priest,discipline,6,2,4
31499,Remyy,jaedenar,192,priest,discipline,6,2,4
31500,Grduebel,tirion,192,priest,discipline,6,2,4
31501,Tacøgxd,ravencrest,192,priest,discipline,6,2,4
31502,Næsty,haomarush,192,priest,discipline,6,2,4
31503,Shalnorei,drakthul,192,priest,discipline,6,2,4
31504,Zxø,ravencrest,192,priest,discipline,6,2,4
31505,Ниомана,gordunni,192,priest,discipline,6,2,4
31506,Ralaya,ravencrest,192,priest,discipline,7,2,5
31507,Meatyshaft,doomhammer,192,priest,discipline,11,3,8
31508,Snickwomen,silvermoon,192,priest,discipline,8,2,6
31509,Иванвай,soulflayer,192,priest,discipline,9,2,7
31510,Whiskydos,zuljin,192,priest,discipline,9,2,7
31511,Stroggftw,archimonde,192,priest,discipline,9,2,7
31512,Dranekâ,argent-dawn,192,priest,discipline,11,2,9
31513,Shadowp,aegwynn,192,priest,discipline,12,2,10
31514,Balan,argent-dawn,192,priest,discipline,12,2,10
31515,Shacoat,draenor,192,priest,discipline,12,2,10
31516,Sevinho,twisting-nether,192,priest,discipline,12,2,10
31517,Notatrap,outland,192,priest,discipline,12,2,10
31518,Prostamolle,conseil-des-ombres,192,priest,discipline,12,2,10
31519,Legen,grim-batol,192,priest,discipline,12,2,10
31520,Miind,tarren-mill,192,priest,discipline,12,2,10
31521,Trickfulzqt,stormscale,192,priest,discipline,12,2,10
31522,Holzí,frostmourne,192,priest,discipline,12,2,10
31523,Chenandler,aggra-português,192,priest,discipline,12,2,10
31524,Zubrowkâ,kazzak,192,priest,discipline,12,2,10
31525,Æxø,draenor,192,priest,discipline,12,2,10
31526,Zugglina,tarren-mill,192,priest,discipline,12,2,10
31527,Chevappi,turalyon,192,priest,discipline,12,2,10
31528,Petjouli,darksorrow,192,priest,discipline,12,2,10
31529,Sybred,tarren-mill,192,priest,discipline,12,2,10
31530,Zêlða,ravencrest,192,priest,discipline,12,2,10
31531,Сиронис,gordunni,192,priest,discipline,12,2,10
31532,Ulfsarkaom,turalyon,192,priest,discipline,12,2,10
31533,Xlia,argent-dawn,192,priest,discipline,12,2,10
31534,Tartaroula,twisting-nether,192,priest,discipline,12,2,10
31535,Skidmigimund,silvermoon,192,priest,discipline,12,2,10
31536,Xblue,outland,192,priest,discipline,12,2,10
31537,Boarheals,blackmoore,192,priest,discipline,12,2,10
31538,Darthdots,outland,192,priest,discipline,12,2,10
31539,Poqer,silvermoon,192,priest,discipline,12,2,10
31540,Chizu,alakir,192,priest,discipline,12,2,10
31541,Xhortas,thrall,192,priest,discipline,18,2,16
31542,Zinary,silvermoon,192,priest,discipline,18,2,16
31543,Hanic,kazzak,2326,priest,shadow,92,57,35
31544,Permafeetup,aegwynn,2324,priest,shadow,102,59,43
31545,Shåmssv,kazzak,2248,priest,shadow,84,48,36
31546,Медовыедотки,soulflayer,2243,priest,shadow,125,67,58
31547,Darthlie,draenor,2241,priest,shadow,124,66,58
31548,Хедмэнмвп,gordunni,2241,priest,shadow,180,93,87
31549,Yggdra,ragnaros,2229,priest,shadow,66,44,22
31550,Dbeezy,tarren-mill,2217,priest,shadow,100,53,47
31551,Польскийбуль,gordunni,2215,priest,shadow,96,53,43
31552,Cheesecake,defias-brotherhood,2202,priest,shadow,102,58,44
31553,Syedi,drakthul,2195,priest,shadow,273,135,138
31554,Standtall,blackrock,2183,priest,shadow,132,72,60
31555,Tentoumushi,ravencrest,2153,priest,shadow,72,42,30
31556,Rrj,ravencrest,2152,priest,shadow,94,58,36
31557,Dollyboo,tarren-mill,2152,priest,shadow,125,77,48
31558,Ilovemycat,silvermoon,2152,priest,shadow,78,47,31
31559,Безрассудица,howling-fjord,2147,priest,shadow,91,49,42
31560,Crainoo,ravencrest,2137,priest,shadow,158,80,78
31561,Blacktrain,burning-blade,2136,priest,shadow,118,60,58
31562,Сделайсам,gordunni,2133,priest,shadow,105,59,46
31563,Даняпампгодх,soulflayer,2131,priest,shadow,187,95,92
31564,Notsoholy,blackmoore,2124,priest,shadow,108,59,49
31565,Mérce,kazzak,2123,priest,shadow,78,43,35
31566,Nousey,twisting-nether,2120,priest,shadow,137,77,60
31567,Stjärtsten,tarren-mill,2118,priest,shadow,231,132,99
31568,Xsß,dun-modr,2116,priest,shadow,107,59,48
31569,Èxtêrmìnätör,kazzak,2114,priest,shadow,84,47,37
31570,Шадоупуз,soulflayer,2114,priest,shadow,95,50,45
31571,Voidfi,kult-der-verdammten,2111,priest,shadow,114,64,50
31572,Rzkp,eredar,2110,priest,shadow,93,50,43
31573,Deathlý,blackrock,2110,priest,shadow,96,51,45
31574,Yuzuflex,hyjal,2110,priest,shadow,81,43,38
31575,Даняпимпгадх,soulflayer,2109,priest,shadow,72,45,27
31576,Thanatae,kazzak,2105,priest,shadow,85,50,35
31577,Sphero,earthen-ring,2101,priest,shadow,130,73,57
31578,Ekkfwiedrice,ragnaros,2084,priest,shadow,96,54,42
31579,Bidraget,ravencrest,2083,priest,shadow,94,57,37
31580,Purpl,tarren-mill,2076,priest,shadow,138,75,63
31581,Devoura,sylvanas,2056,priest,shadow,66,39,27
31582,Walterwhite,stormscale,2052,priest,shadow,84,42,42
31583,Ottii,thrall,2046,priest,shadow,95,56,39
31584,Liptonolda,blackhand,2046,priest,shadow,130,70,60
31585,Pu,outland,2039,priest,shadow,90,43,47
31586,Миладиель,gordunni,2034,priest,shadow,113,58,55
31587,Zodzín,ragnaros,2023,priest,shadow,60,30,30
31588,Zoodiacp,blackrock,2018,priest,shadow,94,46,48
31589,Хьёх,blackscar,2015,priest,shadow,66,41,25
31590,Mímou,kazzak,2014,priest,shadow,83,52,31
31591,Sinthaa,mannoroth,2012,priest,shadow,66,33,33
31592,Raikup,ravencrest,2011,priest,shadow,65,30,35
31593,Destinyhero,aegwynn,2007,priest,shadow,87,44,43
31594,Bréézee,ravencrest,2004,priest,shadow,95,49,46
31595,Dippy,blackrock,2003,priest,shadow,54,32,22
31596,Zhadum,stormscale,2000,priest,shadow,136,72,64
31597,Pepeshadow,twisting-nether,2000,priest,shadow,123,62,61
31598,Infuséd,aegwynn,1989,priest,shadow,60,32,28
31599,Randyrhoads,kazzak,1988,priest,shadow,53,31,22
31600,Rzktwo,eredar,1988,priest,shadow,59,33,26
31601,Бвонсаамди,soulflayer,1988,priest,shadow,149,81,68
31602,Nabøøbies,blackmoore,1986,priest,shadow,68,39,29
31603,Sethÿr,sanguino,1983,priest,shadow,150,78,72
31604,Talbatex,blackmoore,1983,priest,shadow,72,35,37
31605,Swdjkbad,kazzak,1982,priest,shadow,66,37,29
31606,Minblock,sanguino,1979,priest,shadow,126,65,61
31607,Slimcharles,ravencrest,1969,priest,shadow,161,89,72
31608,Akibom,drakthul,1963,priest,shadow,83,49,34
31609,Rnkz,sanguino,1961,priest,shadow,66,41,25
31610,Melábufeis,dun-modr,1960,priest,shadow,66,39,27
31611,Elnyashka,ravencrest,1957,priest,shadow,66,46,20
31612,Bluxon,kazzak,1955,priest,shadow,125,74,51
31613,Moretti,ravencrest,1953,priest,shadow,54,32,22
31614,Justtpro,twisting-nether,1952,priest,shadow,181,105,76
31615,Qoryn,ravencrest,1952,priest,shadow,66,38,28
31616,Rýzera,aegwynn,1950,priest,shadow,36,25,11
31617,Velence,ravencrest,1946,priest,shadow,71,45,26
31618,Енотхд,soulflayer,1946,priest,shadow,84,45,39
31619,Prøphetx,thrall,1946,priest,shadow,159,82,77
31620,Синфал,blackscar,1941,priest,shadow,203,99,104
31621,Dhurza,shendralar,1938,priest,shadow,66,39,27
31622,Duzurîx,burning-blade,1938,priest,shadow,54,29,25
31623,Infernión,tarren-mill,1934,priest,shadow,54,31,23
31624,Djalex,ravencrest,1934,priest,shadow,71,40,31
31625,Rãpidi,hyjal,1932,priest,shadow,89,56,33
31626,Buøbuarns,sanguino,1930,priest,shadow,63,31,32
31627,Айсиоу,howling-fjord,1929,priest,shadow,42,26,16
31628,Léandrä,magtheridon,1927,priest,shadow,90,45,45
31629,Бхонсамди,blackscar,1926,priest,shadow,95,57,38
31630,Yoe,twisting-nether,1921,priest,shadow,60,31,29
31631,Estragon,quelthalas,1912,priest,shadow,75,40,35
31632,Angsty,blackrock,1910,priest,shadow,75,39,36
31633,Huffle,argent-dawn,1909,priest,shadow,33,25,8
31634,Lâughing,ravencrest,1905,priest,shadow,111,58,53
31635,Термидор,booty-bay,1903,priest,shadow,107,66,41
31636,Heal,hyjal,1900,priest,shadow,248,137,111
31637,Некрозмх,soulflayer,1899,priest,shadow,30,20,10
31638,Hansmaul,thrall,1897,priest,shadow,36,20,16
31639,Voldemort,blackrock,1894,priest,shadow,36,23,13
31640,Cornflays,outland,1894,priest,shadow,49,29,20
31641,Waltergoblin,sylvanas,1893,priest,shadow,24,20,4
31642,Døubtful,kazzak,1890,priest,shadow,36,20,16
31643,Эсдаль,howling-fjord,1889,priest,shadow,60,41,19
31644,Shádówý,kazzak,1889,priest,shadow,36,20,16
31645,Ûñträînablê,outland,1882,priest,shadow,60,42,18
31646,Genjutzux,kazzak,1882,priest,shadow,54,32,22
31647,Vaccineboost,silvermoon,1882,priest,shadow,96,44,52
31648,Heffer,outland,1880,priest,shadow,99,61,38
31649,Drarianna,nemesis,1868,priest,shadow,30,22,8
31650,Vilayetko,ravencrest,1868,priest,shadow,48,25,23
31651,Knútx,stormscale,1867,priest,shadow,60,30,30
31652,Râvyn,silvermoon,1866,priest,shadow,44,35,9
31653,Pandacore,frostmane,1864,priest,shadow,54,28,26
31654,Simôc,eredar,1864,priest,shadow,66,34,32
31655,Weekfortyone,blackhand,1864,priest,shadow,56,27,29
31656,Billybay,argent-dawn,1863,priest,shadow,32,28,4
31657,Perché,silvermoon,1863,priest,shadow,54,39,15
31658,Voideffsucks,stormscale,1863,priest,shadow,30,21,9
31659,Actionjezuz,shattered-hand,1861,priest,shadow,54,33,21
31660,Zuhä,twisting-nether,1861,priest,shadow,60,34,26
31661,Moonword,archimonde,1859,priest,shadow,36,21,15
31662,Xayona,argent-dawn,1858,priest,shadow,54,26,28
31663,Криптика,soulflayer,1856,priest,shadow,48,30,18
31664,Ølle,ravencrest,1856,priest,shadow,78,48,30
31665,Milkysmite,twisting-nether,1856,priest,shadow,52,32,20
31666,Ансор,lich-king,1856,priest,shadow,89,50,39
31667,Iodjsaiojoij,kazzak,1856,priest,shadow,54,30,24
31668,Rockness,blackmoore,1854,priest,shadow,137,91,46
31669,Ptxd,alakir,1853,priest,shadow,64,38,26
31670,Donenigma,stormscale,1852,priest,shadow,78,49,29
31671,Demølishes,ravencrest,1852,priest,shadow,48,30,18
31672,Liloz,eredar,1852,priest,shadow,59,34,25
31673,Milania,ravencrest,1851,priest,shadow,42,33,9
31674,Physxd,blackrock,1848,priest,shadow,36,28,8
31675,Ageyr,ragnaros,1848,priest,shadow,89,57,32
31676,Dingopriest,blackrock,1848,priest,shadow,78,46,32
31677,Either,kazzak,1848,priest,shadow,65,36,29
31678,Mafiasnipers,ravencrest,1847,priest,shadow,36,21,15
31679,Blindöts,tarren-mill,1847,priest,shadow,47,27,20
31680,Rýzera,tarren-mill,1847,priest,shadow,35,20,15
31681,Animesenpai,kazzak,1847,priest,shadow,60,32,28
31682,Versio,dalvengyr,1847,priest,shadow,54,28,26
31683,Akolyte,blackmoore,1843,priest,shadow,36,22,14
31684,Trisks,ravencrest,1843,priest,shadow,34,20,14
31685,Voidgodx,blackrock,1842,priest,shadow,41,24,17
31686,Пристатеист,howling-fjord,1842,priest,shadow,72,35,37
31687,Gymbró,kazzak,1841,priest,shadow,60,33,27
31688,Arendt,blackhand,1837,priest,shadow,48,29,19
31689,Птумерианец,gordunni,1836,priest,shadow,58,33,25
31690,Johnnybanana,argent-dawn,1835,priest,shadow,36,26,10
31691,Sepharis,runetotem,1835,priest,shadow,191,114,77
31692,Sadix,ravencrest,1835,priest,shadow,66,38,28
31693,Mýxir,burning-legion,1834,priest,shadow,89,45,44
31694,Ымц,gordunni,1834,priest,shadow,78,39,39
31695,Ezlife,blackrock,1832,priest,shadow,78,42,36
31696,Холихэйт,howling-fjord,1831,priest,shadow,51,30,21
31697,Bönfire,silvermoon,1831,priest,shadow,277,133,144
31698,Shadowmate,silvermoon,1829,priest,shadow,56,31,25
31699,Tupal,ysondre,1829,priest,shadow,78,43,35
31700,Schmetter,tarren-mill,1829,priest,shadow,65,29,36
31701,Мистериум,howling-fjord,1828,priest,shadow,83,49,34
31702,Selëne,blackrock,1827,priest,shadow,72,43,29
31703,Megamann,dun-morogh,1827,priest,shadow,54,32,22
31704,Sÿrax,ysondre,1827,priest,shadow,61,34,27
31705,Игорянатакуе,eversong,1826,priest,shadow,154,86,68
31706,Rakamain,ravencrest,1825,priest,shadow,48,31,17
31707,Zindrix,silvermoon,1825,priest,shadow,84,50,34
31708,Anateoris,turalyon,1825,priest,shadow,76,43,33
31709,Gorholm,argent-dawn,1825,priest,shadow,105,57,48
31710,Quezaris,stormscale,1825,priest,shadow,48,23,25
31711,Cantsqell,silvermoon,1823,priest,shadow,48,34,14
31712,Cnsnn,ysondre,1823,priest,shadow,114,76,38
31713,Тарренмилл,gordunni,1822,priest,shadow,92,53,39
31714,Староезло,gordunni,1821,priest,shadow,68,33,35
31715,Yirico,argent-dawn,1820,priest,shadow,47,31,16
31716,Blóódfart,kazzak,1819,priest,shadow,89,43,46
31717,Marbellexd,pozzo-delleternità,1818,priest,shadow,157,91,66
31718,Voidshuffle,laughing-skull,1818,priest,shadow,42,24,18
31719,Jeppehpräst,stormscale,1817,priest,shadow,66,40,26
31720,Omedo,stormscale,1816,priest,shadow,36,19,17
31721,Cathrix,kazzak,1815,priest,shadow,60,36,24
31722,Backpedaling,kazzak,1815,priest,shadow,84,42,42
31723,Theunknown,thrall,1814,priest,shadow,42,30,12
31724,Bigdogone,arathor,1814,priest,shadow,48,29,19
31725,Genjutzu,kazzak,1814,priest,shadow,36,19,17
31726,Cutepangolin,khaz-modan,1813,priest,shadow,42,29,13
31727,Stèálth,sylvanas,1812,priest,shadow,24,19,5
31728,Luvlyrah,draenor,1812,priest,shadow,81,52,29
31729,Namsolo,kazzak,1811,priest,shadow,78,42,36
31730,Shuturmouth,ravencrest,1810,priest,shadow,78,46,32
31731,Shiannâ,malganis,1810,priest,shadow,44,24,20
31732,Skillmåsterx,ravencrest,1810,priest,shadow,54,29,25
31733,Maryhugette,archimonde,1810,priest,shadow,138,67,71
31734,Drvoidit,blackrock,1809,priest,shadow,48,28,20
31735,Magicstarss,the-maelstrom,1809,priest,shadow,78,42,36
31736,Necrofeel,silvermoon,1807,priest,shadow,30,20,10
31737,Meatyshaft,doomhammer,1807,priest,shadow,99,64,35
31738,Salkerer,stormscale,1807,priest,shadow,30,19,11
31739,Stümpý,ravencrest,1807,priest,shadow,52,29,23
31740,Lr,aszune,1806,priest,shadow,36,25,11
31741,Синатро,deathguard,1806,priest,shadow,190,119,71
31742,Debbski,tarren-mill,1806,priest,shadow,48,30,18
31743,Becknarbritt,stormscale,1806,priest,shadow,238,136,102
31744,Yêl,thrall,1806,priest,shadow,213,119,94
31745,Snarks,sylvanas,1806,priest,shadow,36,20,16
31746,Claritycraft,twisting-nether,1805,priest,shadow,36,22,14
31747,Galatea,les-sentinelles,1805,priest,shadow,78,44,34
31748,Shadowvoice,outland,1804,priest,shadow,36,25,11
31749,Vajainap,outland,1804,priest,shadow,30,19,11
31750,Nanna,agamaggan,1804,priest,shadow,120,60,60
31751,Solaclypsa,destromath,1803,priest,shadow,36,26,10
31752,Mataî,kazzak,1803,priest,shadow,84,49,35
31753,Jpd,outland,1803,priest,shadow,48,25,23
31754,Aliocha,dalaran,1803,priest,shadow,48,24,24
31755,Stazia,ravencrest,1802,priest,shadow,36,22,14
31756,Alfredosauce,ravencrest,1802,priest,shadow,58,31,27
31757,Margots,kazzak,1802,priest,shadow,42,22,20
31758,Mizulol,ravencrest,1801,priest,shadow,80,42,38
31759,Akroama,archimonde,1801,priest,shadow,92,46,46
31760,Maedhrós,ravencrest,1800,priest,shadow,30,24,6
31761,Sleypriest,draenor,1800,priest,shadow,48,32,16
31762,Lostcause,alakir,1799,priest,shadow,60,38,22
31763,Pizzagigante,kazzak,1796,priest,shadow,48,29,19
31764,Nyotux,blackrock,1794,priest,shadow,72,47,25
31765,Homxcxde,ravencrest,1794,priest,shadow,42,24,18
31766,Djops,outland,1792,priest,shadow,78,41,37
31767,Depridolens,argent-dawn,1791,priest,shadow,31,20,11
31768,Raisedbyrap,blackrock,1791,priest,shadow,60,33,27
31769,Kujiua,ravencrest,1790,priest,shadow,124,69,55
31770,Dianaxd,dun-modr,1785,priest,shadow,35,23,12
31771,Lebronjay,ravencrest,1785,priest,shadow,88,48,40
31772,Babarøga,blackrock,1783,priest,shadow,47,28,19
31773,Zabpriest,blackhand,1782,priest,shadow,54,31,23
31774,Fläschheal,aegwynn,1781,priest,shadow,36,24,12
31775,Свдпрох,soulflayer,1781,priest,shadow,51,26,25
31776,Erenndriel,twisting-nether,1777,priest,shadow,102,57,45
31777,Zeythz,ravencrest,1773,priest,shadow,168,95,73
31778,Theoniss,draenor,1771,priest,shadow,113,63,50
31779,Tremrfinger,dun-modr,1769,priest,shadow,98,53,45
31780,Adub,tarren-mill,1769,priest,shadow,48,25,23
31781,Трейдарк,blackscar,1769,priest,shadow,54,28,26
31782,Yaboyboompie,blackrock,1769,priest,shadow,60,27,33
31783,Schizophrens,outland,1766,priest,shadow,48,28,20
31784,Vibéz,outland,1765,priest,shadow,48,24,24
31785,Garycash,outland,1762,priest,shadow,111,57,54
31786,Fakecastguru,ravencrest,1761,priest,shadow,66,37,29
31787,Dreamhatcher,deathwing,1760,priest,shadow,78,42,36
31788,Darthmantle,silvermoon,1758,priest,shadow,59,29,30
31789,Magicalme,kult-der-verdammten,1756,priest,shadow,36,22,14
31790,Kylähullu,ravencrest,1756,priest,shadow,74,41,33
31791,Ninjajane,sylvanas,1753,priest,shadow,53,32,21
31792,Фиброз,blackscar,1751,priest,shadow,114,67,47
31793,Carmechanic,defias-brotherhood,1751,priest,shadow,72,39,33
31794,Иннрей,soulflayer,1751,priest,shadow,69,29,40
31795,Spamplague,stormscale,1748,priest,shadow,60,33,27
31796,Andreel,ravencrest,1744,priest,shadow,84,45,39
31797,Voodkaa,drakthul,1743,priest,shadow,69,42,27
31798,Spherics,ravencrest,1743,priest,shadow,54,27,27
31799,Staljon,burning-legion,1742,priest,shadow,54,32,22
31800,Anabølix,ravencrest,1741,priest,shadow,48,27,21
31801,Ecquidozx,ravencrest,1741,priest,shadow,35,19,16
31802,Sakuyasp,blackrock,1740,priest,shadow,174,89,85
31803,Räke,blackrock,1738,priest,shadow,60,27,33
31804,Hypnocat,blackrock,1735,priest,shadow,46,26,20
31805,Leckpriest,sanguino,1734,priest,shadow,70,42,28
31806,Lindp,stormreaver,1732,priest,shadow,66,42,24
31807,Wixzyx,ravencrest,1732,priest,shadow,48,26,22
31808,Daspyen,silvermoon,1731,priest,shadow,61,35,26
31809,Hasa,stormreaver,1730,priest,shadow,66,36,30
31810,Xiä,archimonde,1730,priest,shadow,66,33,33
31811,Smxkÿÿ,eredar,1729,priest,shadow,36,25,11
31812,Zhyn,turalyon,1729,priest,shadow,110,65,45
31813,Ounxx,blackrock,1727,priest,shadow,41,27,14
31814,Mackings,the-maelstrom,1727,priest,shadow,124,68,56
31815,Geløpr,eredar,1724,priest,shadow,51,32,19
31816,Казуямисима,gordunni,1723,priest,shadow,170,93,77
31817,Ксерф,soulflayer,1723,priest,shadow,114,58,56
31818,Flexzpriest,destromath,1720,priest,shadow,108,58,50
31819,Кломми,gordunni,1718,priest,shadow,84,45,39
31820,Klosso,anachronos,1718,priest,shadow,214,102,112
31821,Ктулсотум,soulflayer,1717,priest,shadow,46,28,18
31822,Newkidx,draenor,1717,priest,shadow,30,18,12
31823,Перекованный,soulflayer,1716,priest,shadow,129,69,60
31824,Barthólomew,doomhammer,1715,priest,shadow,79,43,36
31825,Всезнайка,soulflayer,1715,priest,shadow,114,61,53
31826,Manofonéway,outland,1712,priest,shadow,30,18,12
31827,Æßsåløønå,la-croisade-écarlate,1712,priest,shadow,30,18,12
31828,Скайвэйуокер,howling-fjord,1712,priest,shadow,71,42,29
31829,Skeida,bloodhoof,1707,priest,shadow,53,25,28
31830,Dakotapriest,ravencrest,1706,priest,shadow,30,18,12
31831,Dümbledore,aggra-português,1704,priest,shadow,24,18,6
31832,Hoesfavorite,onyxia,1704,priest,shadow,60,39,21
31833,Voidlink,kazzak,1704,priest,shadow,36,21,15
31834,Tbs,sylvanas,1704,priest,shadow,83,48,35
31835,Zultor,ragnaros,1704,priest,shadow,37,20,17
31836,Facemeltina,kiljaeden,1704,priest,shadow,36,18,18
31837,Ankî,aegwynn,1703,priest,shadow,84,44,40
31838,Sheto,burning-legion,1703,priest,shadow,156,80,76
31839,Cthultist,dun-modr,1703,priest,shadow,54,26,28
31840,Helín,hellfire,1702,priest,shadow,84,48,36
31841,Heilsarmee,blackhand,1702,priest,shadow,107,53,54
31842,Соргоху,gordunni,1695,priest,shadow,54,32,22
31843,Ondskabsfuld,kazzak,1694,priest,shadow,42,20,22
31844,Kamish,twisting-nether,1690,priest,shadow,138,74,64
31845,Rumbo,lightnings-blade,1689,priest,shadow,59,34,25
31846,Imaut,emerald-dream,1689,priest,shadow,56,31,25
31847,Uselessxasel,sanguino,1687,priest,shadow,42,23,19
31848,Iessei,outland,1687,priest,shadow,78,39,39
31849,Whynolove,ragnaros,1685,priest,shadow,83,56,27
31850,Miruh,malganis,1685,priest,shadow,137,88,49
31851,Офелла,howling-fjord,1684,priest,shadow,371,197,174
31852,Mehtz,ravencrest,1684,priest,shadow,226,112,114
31853,Rubín,sylvanas,1683,priest,shadow,44,28,16
31854,Rasha,kazzak,1683,priest,shadow,68,39,29
31855,Víppe,stormreaver,1682,priest,shadow,53,32,21
31856,Sleeg,tarren-mill,1681,priest,shadow,35,19,16
31857,Waina,defias-brotherhood,1679,priest,shadow,54,24,30
31858,Файерин,soulflayer,1676,priest,shadow,48,21,27
31859,Eupz,argent-dawn,1675,priest,shadow,44,25,19
31860,Shøana,archimonde,1675,priest,shadow,48,18,30
31861,Диспайзх,gordunni,1673,priest,shadow,48,24,24
31862,Raspberrypíe,silvermoon,1672,priest,shadow,84,49,35
31863,Христианин,gordunni,1671,priest,shadow,84,49,35
31864,Peprama,stormscale,1670,priest,shadow,66,39,27
31865,Papie,kazzak,1670,priest,shadow,42,23,19
31866,Tsunadesaama,silvermoon,1668,priest,shadow,63,32,31
31867,Levitation,alakir,1665,priest,shadow,72,42,30
31868,Raitwo,kazzak,1663,priest,shadow,101,55,46
31869,Jóhnnybravó,kazzak,1662,priest,shadow,34,23,11
31870,Клаима,soulflayer,1662,priest,shadow,59,34,25
31871,Ревентонх,howling-fjord,1662,priest,shadow,166,92,74
31872,Goodsuck,tarren-mill,1662,priest,shadow,54,29,25
31873,Snoopý,dun-modr,1662,priest,shadow,84,45,39
31874,Tosem,antonidas,1661,priest,shadow,30,19,11
31875,Ансарм,gordunni,1661,priest,shadow,134,73,61
31876,Sandcastles,ravencrest,1659,priest,shadow,90,58,32
31877,Киндзер,blackscar,1658,priest,shadow,54,29,25
31878,Buffholy,dun-modr,1657,priest,shadow,66,39,27
31879,Strunkiin,defias-brotherhood,1656,priest,shadow,108,60,48
31880,Mojibien,burning-legion,1656,priest,shadow,128,71,57
31881,Dotreveal,ravencrest,1656,priest,shadow,42,23,19
31882,Пурпле,soulflayer,1655,priest,shadow,41,18,23
31883,Anexxia,outland,1654,priest,shadow,42,20,22
31884,Healzonwiilz,tarren-mill,1652,priest,shadow,30,18,12
31885,Финдовский,gordunni,1649,priest,shadow,102,54,48
31886,Ruhe,silvermoon,1648,priest,shadow,48,27,21
31887,Morseeii,baelgun,1648,priest,shadow,36,19,17
31888,Cdplz,archimonde,1647,priest,shadow,30,20,10
31889,Malaíka,silvermoon,1645,priest,shadow,41,25,16
31890,Atahalni,argent-dawn,1644,priest,shadow,156,71,85
31891,Djariisimp,tarren-mill,1643,priest,shadow,36,21,15
31892,Babarøqa,blackmoore,1642,priest,shadow,208,110,98
31893,Spklooril,hyjal,1642,priest,shadow,307,157,150
31894,Rházael,blackrock,1642,priest,shadow,42,20,22
31895,Weebi,silvermoon,1640,priest,shadow,65,39,26
31896,Milo,argent-dawn,1640,priest,shadow,102,61,41
31897,Bownsamdi,tarren-mill,1640,priest,shadow,39,23,16
31898,Jacep,kazzak,1639,priest,shadow,36,23,13
31899,Priestfive,stormscale,1638,priest,shadow,48,28,20
31900,Aaj,twisting-nether,1638,priest,shadow,57,29,28
31901,Rakkha,ravencrest,1638,priest,shadow,81,41,40
31902,Mikizu,die-aldor,1638,priest,shadow,42,21,21
31903,Momomomomomo,blackrock,1637,priest,shadow,118,61,57
31904,Djzerøgodx,frostwolf,1637,priest,shadow,41,18,23
31905,Dezerta,nozdormu,1636,priest,shadow,74,39,35
31906,Undefined,chamber-of-aspects,1634,priest,shadow,40,28,12
31907,Øxytøcin,ravencrest,1634,priest,shadow,127,66,61
31908,Shreedx,stormscale,1633,priest,shadow,42,26,16
31909,Lênax,arthas,1633,priest,shadow,40,23,17
31910,Cifhilis,ravencrest,1633,priest,shadow,48,24,24
31911,Дикаях,gordunni,1633,priest,shadow,106,51,55
31912,Sosûke,archimonde,1631,priest,shadow,36,22,14
31913,Jaimë,ravencrest,1630,priest,shadow,30,17,13
31914,Kêrrýgold,blackrock,1630,priest,shadow,103,58,45
31915,Ðanilox,dun-modr,1629,priest,shadow,24,17,7
31916,Baldracca,shendralar,1628,priest,shadow,108,58,50
31917,Ахаххааха,gordunni,1628,priest,shadow,60,32,28
31918,Framesxøxø,ravencrest,1627,priest,shadow,42,24,18
31919,Билетлолпро,borean-tundra,1627,priest,shadow,30,17,13
31920,Charmebolzen,blackrock,1626,priest,shadow,54,29,25
31921,Марриаза,blackscar,1625,priest,shadow,48,23,25
31922,Affex,tarren-mill,1622,priest,shadow,30,18,12
31923,Tacøgxd,ravencrest,1621,priest,shadow,30,21,9
31924,Luphriest,ravencrest,1621,priest,shadow,36,17,19
31925,Brøwnyez,zuljin,1620,priest,shadow,66,31,35
31926,Asterixsu,sylvanas,1619,priest,shadow,36,25,11
31927,Malip,ragnaros,1619,priest,shadow,39,19,20
31928,Амбрелка,fordragon,1617,priest,shadow,193,98,95
31929,Toesxcker,stormscale,1616,priest,shadow,35,21,14
31930,Priestazie,madmortem,1616,priest,shadow,96,57,39
31931,Lløthx,ravencrest,1616,priest,shadow,30,17,13
31932,Педрец,howling-fjord,1616,priest,shadow,60,32,28
31933,Cielavinja,aszune,1616,priest,shadow,44,23,21
31934,Mukkin,tarren-mill,1614,priest,shadow,60,35,25
31935,Knoffp,blackhand,1614,priest,shadow,72,41,31
31936,Neitter,zuljin,1613,priest,shadow,72,40,32
31937,Azæriø,rashgarroth,1613,priest,shadow,71,37,34
31938,Widdlprest,sylvanas,1613,priest,shadow,36,17,19
31939,Svettvrede,sylvanas,1613,priest,shadow,75,35,40
31940,Marsheil,blackhand,1612,priest,shadow,54,31,23
31941,Asträlaws,archimonde,1611,priest,shadow,64,34,30
31942,Ihu,nazjatar,1611,priest,shadow,131,62,69
31943,Essumies,stormreaver,1610,priest,shadow,38,26,12
31944,Bigblackdot,grim-batol,1610,priest,shadow,30,17,13
31945,Адскийприст,gordunni,1610,priest,shadow,36,17,19
31946,Insanious,skullcrusher,1609,priest,shadow,30,17,13
31947,Петушшара,gordunni,1609,priest,shadow,39,17,22
31948,Флэшх,soulflayer,1607,priest,shadow,46,27,19
31949,Tùcøcø,archimonde,1607,priest,shadow,48,21,27
31950,Hòllymèdx,blackmoore,1605,priest,shadow,33,21,12
31951,Waycrest,ravencrest,1605,priest,shadow,71,45,26
31952,Æäõ,turalyon,1604,priest,shadow,36,19,17
31953,Violatio,aegwynn,1603,priest,shadow,64,37,27
31954,Trancemaster,dun-modr,1602,priest,shadow,30,18,12
31955,Sunehxp,blackrock,1602,priest,shadow,47,20,27
31956,Basicpr,ravencrest,1601,priest,shadow,45,30,15
31957,Sudeki,blackmoore,1601,priest,shadow,42,20,22
31958,Satin,twilights-hammer,1600,priest,shadow,33,21,12
31959,Fueguchi,anubarak,1600,priest,shadow,30,18,12
31960,Caera,blackrock,1600,priest,shadow,36,21,15
31961,Toba,hellscream,1600,priest,shadow,42,23,19
31962,Syam,dun-morogh,1600,priest,shadow,42,17,25
31963,Fandac,sylvanas,1598,priest,shadow,36,20,16
31964,Everdark,twisting-nether,1598,priest,shadow,172,92,80
31965,Terrored,ravencrest,1598,priest,shadow,48,20,28
31966,Энвиньяттар,howling-fjord,1597,priest,shadow,47,32,15
31967,Llothx,ravencrest,1597,priest,shadow,62,34,28
31968,Lavidu,antonidas,1597,priest,shadow,48,26,22
31969,Трубишоп,howling-fjord,1595,priest,shadow,88,43,45
31970,Энмунд,borean-tundra,1590,priest,shadow,96,60,36
31971,Vatikanet,ravencrest,1589,priest,shadow,87,52,35
31972,Pombär,ragnaros,1587,priest,shadow,54,36,18
31973,Jønnybanana,blackrock,1587,priest,shadow,33,18,15
31974,Wérrýxs,kazzak,1586,priest,shadow,60,37,23
31975,Genthus,kazzak,1586,priest,shadow,78,41,37
31976,Axelbre,blackrock,1585,priest,shadow,30,19,11
31977,Faminé,outland,1584,priest,shadow,65,29,36
31978,Vaßpera,tarren-mill,1582,priest,shadow,81,43,38
31979,Megajuicy,blackmoore,1581,priest,shadow,216,114,102
31980,Lowisa,sylvanas,1580,priest,shadow,76,45,31
31981,Jonig,blackmoore,1580,priest,shadow,48,24,24
31982,Imøteph,ragnaros,1579,priest,shadow,77,44,33
31983,Cryptoflame,silvermoon,1579,priest,shadow,45,25,20
31984,Lilakaii,chamber-of-aspects,1578,priest,shadow,98,53,45
31985,Sakanade,twisting-nether,1576,priest,shadow,42,34,8
31986,Mirill,tarren-mill,1576,priest,shadow,36,20,16
31987,Milamati,kazzak,1576,priest,shadow,60,28,32
31988,Basxcbxtchx,ravencrest,1575,priest,shadow,30,19,11
31989,Sebbepriest,twisting-nether,1572,priest,shadow,167,91,76
31990,Phplaravel,tarren-mill,1568,priest,shadow,63,31,32
31991,Solaní,antonidas,1567,priest,shadow,132,72,60
31992,Филяфан,gordunni,1565,priest,shadow,60,30,30
31993,Fearocity,outland,1564,priest,shadow,36,20,16
31994,Ephara,outland,1562,priest,shadow,53,29,24
31995,Insaniro,argent-dawn,1562,priest,shadow,66,34,32
31996,Kimosabee,kazzak,1560,priest,shadow,42,21,21
31997,Ittei,stormscale,1558,priest,shadow,45,33,12
31998,Рэнфан,fordragon,1558,priest,shadow,52,35,17
31999,Cykdwojeczka,burning-legion,1558,priest,shadow,72,36,36
32000,Nûtqt,archimonde,1558,priest,shadow,70,35,35
32001,Vavulya,blackhand,1557,priest,shadow,111,62,49
32002,Absolution,stormscale,1557,priest,shadow,215,114,101
32003,Kwolinger,norgannon,1557,priest,shadow,48,23,25
32004,Эззи,soulflayer,1556,priest,shadow,90,50,40
32005,Бомжскадилом,gordunni,1556,priest,shadow,72,39,33
32006,Shivaja,aegwynn,1555,priest,shadow,30,17,13
32007,Kiesp,tarren-mill,1555,priest,shadow,144,73,71
32008,Pipf,blackmoore,1553,priest,shadow,30,18,12
32009,Seneth,twisting-nether,1553,priest,shadow,60,31,29
32010,Malisna,argent-dawn,1551,priest,shadow,29,17,12
32011,Xangha,burning-legion,1551,priest,shadow,72,41,31
32012,Chinko,blackmoore,1550,priest,shadow,60,39,21
32013,Corruptx,ysondre,1550,priest,shadow,36,18,18
32014,Sanebassoff,kazzak,1549,priest,shadow,160,91,69
32015,Anathemas,draenor,1548,priest,shadow,42,30,12
32016,Baihoi,twilights-hammer,1544,priest,shadow,84,53,31
32017,Coupdekaraté,sylvanas,1543,priest,shadow,36,18,18
32018,Xooxl,ragnaros,1542,priest,shadow,102,60,42
32019,Inferius,shadowsong,1542,priest,shadow,46,18,28
32020,Hâicu,antonidas,1540,priest,shadow,60,38,22
32021,Кхэрри,goldrinn,1540,priest,shadow,30,19,11
32022,Амгар,galakrond,1540,priest,shadow,125,69,56
32023,Holyshadów,azjolnerub,1539,priest,shadow,71,37,34
32024,Unerfedsp,archimonde,1539,priest,shadow,100,47,53
32025,Warplague,argent-dawn,1539,priest,shadow,42,19,23
32026,Hellscon,kazzak,1538,priest,shadow,125,62,63
32027,Pedopräst,stormscale,1537,priest,shadow,38,25,13
32028,Sweetepi,blackmoore,1537,priest,shadow,36,18,18
32029,Саксесфул,howling-fjord,1535,priest,shadow,97,53,44
32030,Babydark,ravencrest,1535,priest,shadow,30,16,14
32031,Ankhh,bloodscalp,1535,priest,shadow,90,42,48
32032,Apèx,blackrock,1535,priest,shadow,40,18,22
32033,Bøts,ravencrest,1534,priest,shadow,55,27,28
32034,Quezaris,kazzak,1533,priest,shadow,18,16,2
32035,Kantar,ragnaros,1533,priest,shadow,70,38,32
32036,Tekdogx,blackmoore,1533,priest,shadow,36,16,20
32037,Putríd,sylvanas,1532,priest,shadow,30,19,11
32038,Zekonja,doomhammer,1532,priest,shadow,82,42,40
32039,Skypray,burning-legion,1530,priest,shadow,89,46,43
32040,Kightz,twisting-nether,1530,priest,shadow,63,32,31
32041,Ðrwiz,ravencrest,1528,priest,shadow,30,16,14
32042,Mightyfool,aegwynn,1527,priest,shadow,90,45,45
32043,Zayden,ragnaros,1527,priest,shadow,65,31,34
32044,Xyo,alleria,1527,priest,shadow,48,22,26
32045,Мишатемный,gordunni,1526,priest,shadow,42,25,17
32046,Thmas,outland,1525,priest,shadow,71,32,39
32047,Psycos,kazzak,1523,priest,shadow,66,33,33
32048,Shyvi,ravencrest,1521,priest,shadow,24,16,8
32049,Прыст,howling-fjord,1519,priest,shadow,24,16,8
32050,Nahyra,dalaran,1519,priest,shadow,113,58,55
32051,Priestgrade,darkspear,1517,priest,shadow,30,16,14
32052,Chrønös,hyjal,1517,priest,shadow,131,68,63
32053,Rynsym,ravencrest,1517,priest,shadow,47,20,27
32054,Umbralx,ragnaros,1513,priest,shadow,77,45,32
32055,Selaria,magtheridon,1512,priest,shadow,30,16,14
32056,Kellen,burning-blade,1511,priest,shadow,257,138,119
32057,Daisyduke,veknilash,1511,priest,shadow,30,16,14
32058,Fumiiko,stormscale,1511,priest,shadow,50,20,30
32059,Beasteaksx,thrall,1510,priest,shadow,30,17,13
32060,Jingling,kazzak,1509,priest,shadow,24,16,8
32061,Zászàsmaster,kazzak,1509,priest,shadow,96,55,41
32062,Morsy,alleria,1509,priest,shadow,44,23,21
32063,Beonin,tarren-mill,1508,priest,shadow,43,26,17
32064,Hemaplex,dun-modr,1508,priest,shadow,35,21,14
32065,Hiyahen,silvermoon,1507,priest,shadow,36,23,13
32066,Cylantharia,eredar,1506,priest,shadow,30,16,14
32067,Hælmenøw,archimonde,1504,priest,shadow,48,26,22
32068,Ormarn,twisting-nether,1503,priest,shadow,48,28,20
32069,Dyshexia,bronze-dragonflight,1503,priest,shadow,78,39,39
32070,Деплитфофан,gordunni,1502,priest,shadow,83,50,33
32071,Brighty,sylvanas,1502,priest,shadow,108,56,52
32072,Shadowplay,theradras,1502,priest,shadow,64,30,34
32073,Varjomies,ragnaros,1499,priest,shadow,96,50,46
32074,Jonesy,blackmoore,1499,priest,shadow,64,33,31
32075,Whocare,tarren-mill,1498,priest,shadow,36,18,18
32076,Fiftyfives,hyjal,1496,priest,shadow,51,25,26
32077,Valirda,twisting-nether,1495,priest,shadow,104,51,53
32078,Bubbleup,defias-brotherhood,1494,priest,shadow,30,21,9
32079,Äiri,blackmoore,1492,priest,shadow,30,17,13
32080,Nygel,kazzak,1492,priest,shadow,95,51,44
32081,Healiea,outland,1492,priest,shadow,83,33,50
32082,Blasphemiia,outland,1491,priest,shadow,72,44,28
32083,Kajifoxi,frostmane,1490,priest,shadow,60,38,22
32084,Skûggpräst,silvermoon,1490,priest,shadow,41,22,19
32085,Чикхоп,blackscar,1488,priest,shadow,60,40,20
32086,Даняпампх,soulflayer,1488,priest,shadow,206,109,97
32087,Bubidiblumpr,twisting-nether,1487,priest,shadow,60,40,20
32088,Bercxu,ragnaros,1487,priest,shadow,60,34,26
32089,Bierbändiger,blackhand,1487,priest,shadow,30,17,13
32090,Lëshder,sanguino,1487,priest,shadow,107,55,52
32091,Ariyáh,antonidas,1486,priest,shadow,36,21,15
32092,Lynseanna,ravencrest,1485,priest,shadow,29,18,11
32093,Ryik,ravencrest,1484,priest,shadow,68,36,32
32094,Castêr,silvermoon,1483,priest,shadow,54,29,25
32095,Meshen,ysondre,1482,priest,shadow,219,118,101
32096,Statìk,outland,1482,priest,shadow,66,33,33
32097,Afrophobia,archimonde,1479,priest,shadow,60,35,25
32098,Shinesomnya,aegwynn,1478,priest,shadow,40,23,17
32099,Зонкк,thermaplugg,1477,priest,shadow,114,62,52
32100,Люблюкофе,deathguard,1476,priest,shadow,74,42,32
32101,Akris,ragnaros,1476,priest,shadow,66,35,31
32102,Йоййо,gordunni,1476,priest,shadow,82,42,40
32103,Vhayna,kazzak,1475,priest,shadow,65,40,25
32104,Massbimba,tarren-mill,1475,priest,shadow,41,19,22
32105,Pregrip,twisting-nether,1473,priest,shadow,43,21,22
32106,Sopsy,stormscale,1472,priest,shadow,30,16,14
32107,Thawx,stormscale,1472,priest,shadow,30,16,14
32108,Cannapriest,frostwolf,1471,priest,shadow,30,17,13
32109,Kisala,kazzak,1470,priest,shadow,47,32,15
32110,Lothlórien,dun-modr,1469,priest,shadow,30,22,8
32111,Chaddius,stormscale,1469,priest,shadow,73,39,34
32112,Kuddles,hyjal,1467,priest,shadow,110,64,46
32113,Sháady,ravencrest,1466,priest,shadow,60,29,31
32114,Youguessedit,twisting-nether,1466,priest,shadow,36,16,20
32115,Máv,tarren-mill,1465,priest,shadow,92,54,38
32116,Spideypap,ragnaros,1464,priest,shadow,58,33,25
32117,Mozahn,ragnaros,1464,priest,shadow,39,20,19
32118,Карбираторх,gordunni,1462,priest,shadow,59,30,29
32119,Maxhima,defias-brotherhood,1461,priest,shadow,72,39,33
32120,Erkay,kazzak,1459,priest,shadow,54,30,24
32121,Tyene,voljin,1456,priest,shadow,64,37,27
32122,Xîneâ,outland,1456,priest,shadow,30,16,14
32123,Celz,kazzak,1455,priest,shadow,36,21,15
32124,Îndura,drakthul,1455,priest,shadow,50,29,21
32125,Hemovoid,nagrand,1454,priest,shadow,24,17,7
32126,Kendea,silvermoon,1453,priest,shadow,139,76,63
32127,Vedina,bronze-dragonflight,1453,priest,shadow,105,49,56
32128,Lousp,tarren-mill,1452,priest,shadow,42,17,25
32129,Zeto,blackmoore,1451,priest,shadow,45,27,18
32130,Zevulós,ravencrest,1449,priest,shadow,54,20,34
32131,Самаэльз,blackscar,1448,priest,shadow,56,28,28
32132,Kurzik,zuljin,1447,priest,shadow,46,30,16
32133,Dípp,ravencrest,1447,priest,shadow,36,18,18
32134,Kayeenie,bloodscalp,1447,priest,shadow,106,51,55
32135,Lightform,twisting-nether,1446,priest,shadow,45,28,17
32136,Pennywïse,kargath,1445,priest,shadow,44,16,28
32137,Cinaedus,stormreaver,1444,priest,shadow,63,33,30
32138,Старкстрим,gordunni,1444,priest,shadow,42,22,20
32139,Cringelørd,alakir,1442,priest,shadow,42,27,15
32140,Physx,blackrock,1439,priest,shadow,24,15,9
32141,Palitox,kazzak,1439,priest,shadow,70,38,32
32142,Otecduchovny,burning-blade,1437,priest,shadow,24,15,9
32143,Nomorelight,stormscale,1437,priest,shadow,36,17,19
32144,Taeraz,archimonde,1435,priest,shadow,24,15,9
32145,Jlox,stormscale,1433,priest,shadow,39,16,23
32146,Valdiona,tarren-mill,1431,priest,shadow,36,22,14
32147,Psycoscream,blackmoore,1431,priest,shadow,41,19,22
32148,Smiles,burning-steppes,1430,priest,shadow,36,20,16
32149,Yaoshih,draenor,1430,priest,shadow,53,28,25
32150,Hörror,twisting-nether,1430,priest,shadow,42,21,21
32151,Makethemstop,bronzebeard,1427,priest,shadow,36,26,10
32152,Nicorøbin,uldum,1426,priest,shadow,54,34,20
32153,Lamaovic,archimonde,1426,priest,shadow,59,31,28
32154,Jaimee,zirkel-des-cenarius,1425,priest,shadow,24,15,9
32155,Fnúggí,kazzak,1423,priest,shadow,42,21,21
32156,Miraçlê,kazzak,1421,priest,shadow,24,15,9
32157,Xbeau,bronze-dragonflight,1420,priest,shadow,30,16,14
32158,Sharmidix,kazzak,1419,priest,shadow,30,15,15
32159,Ladouce,archimonde,1418,priest,shadow,33,17,16
32160,Thoryän,ragnaros,1416,priest,shadow,30,16,14
32161,Søcrax,blackrock,1414,priest,shadow,60,34,26
32162,Daenie,elune,1413,priest,shadow,36,19,17
32163,Dazé,ravencrest,1413,priest,shadow,40,21,19
32164,Mentax,kazzak,1413,priest,shadow,30,15,15
32165,Îzî,sanguino,1412,priest,shadow,42,23,19
32166,Shopify,nagrand,1412,priest,shadow,30,15,15
32167,Simplesam,ravencrest,1412,priest,shadow,76,35,41
32168,Flayin,kazzak,1411,priest,shadow,48,29,19
32169,Wingufreebrø,sanguino,1411,priest,shadow,70,31,39
32170,Saintethérez,archimonde,1410,priest,shadow,45,30,15
32171,Kourroucé,archimonde,1410,priest,shadow,95,51,44
32172,Токиото,gordunni,1408,priest,shadow,30,15,15
32173,Сашашвд,howling-fjord,1407,priest,shadow,42,22,20
32174,Dopey,kazzak,1406,priest,shadow,24,17,7
32175,Dotsin,kazzak,1406,priest,shadow,124,61,63
32176,Experimentix,silvermoon,1402,priest,shadow,30,16,14
32177,Voidbro,grim-batol,1401,priest,shadow,29,15,14
32178,Adägïo,dun-modr,1401,priest,shadow,90,41,49
32179,Skerduddle,stormscale,1400,priest,shadow,30,16,14
32180,Isusgaspodi,argent-dawn,1399,priest,shadow,103,57,46
32181,Astangia,nemesis,1398,priest,shadow,177,95,82
32182,Nightshådøw,silvermoon,1398,priest,shadow,122,64,58
32183,Xíøn,draenor,1397,priest,shadow,35,16,19
32184,Sxynix,thrall,1394,priest,shadow,41,24,17
32185,Rogmisa,cthun,1394,priest,shadow,48,28,20
32186,Xelathor,twisting-nether,1392,priest,shadow,48,21,27
32187,Дэспира,howling-fjord,1391,priest,shadow,28,16,12
32188,Mylini,silvermoon,1390,priest,shadow,95,50,45
32189,Smâshëd,stormscale,1390,priest,shadow,36,17,19
32190,Squîzz,archimonde,1389,priest,shadow,39,18,21
32191,Voidpbody,nerathor,1388,priest,shadow,29,16,13
32192,Lapinvicieux,archimonde,1388,priest,shadow,47,21,26
32193,Superdude,stormscale,1386,priest,shadow,37,17,20
32194,Ðotgød,nemesis,1385,priest,shadow,24,18,6
32195,Hek,sylvanas,1384,priest,shadow,72,36,36
32196,Aleetheia,silvermoon,1383,priest,shadow,104,52,52
32197,Damyo,eredar,1381,priest,shadow,54,29,25
32198,Nairima,argent-dawn,1377,priest,shadow,30,15,15
32199,Piixld,aegwynn,1376,priest,shadow,36,22,14
32200,Voidjeanzqt,blackmoore,1373,priest,shadow,24,15,9
32201,Дикрия,eversong,1371,priest,shadow,96,47,49
32202,Низара,deathguard,1368,priest,shadow,36,15,21
32203,Atheniss,drakthul,1366,priest,shadow,60,34,26
32204,Shifune,blackhand,1365,priest,shadow,48,25,23
32205,Eryxial,antonidas,1365,priest,shadow,47,22,25
32206,Shizo,blutkessel,1364,priest,shadow,29,20,9
32207,Synexia,sylvanas,1364,priest,shadow,99,56,43
32208,Bimboxo,argent-dawn,1363,priest,shadow,137,78,59
32209,Sucukpriest,blackrock,1363,priest,shadow,42,23,19
32210,Ohboy,eredar,1361,priest,shadow,36,16,20
32211,Chillx,blackmoore,1360,priest,shadow,144,84,60
32212,Daltheria,daggerspine,1358,priest,shadow,65,38,27
32213,Adaseth,tarren-mill,1355,priest,shadow,42,29,13
32214,Имморталрё,galakrond,1354,priest,shadow,42,29,13
32215,Офинсия,deathguard,1354,priest,shadow,47,18,29
32216,Вексион,goldrinn,1353,priest,shadow,36,19,17
32217,Ulquiørra,blackmoore,1349,priest,shadow,60,31,29
32218,Shinígamí,frostmane,1346,priest,shadow,48,24,24
32219,Hoon,destromath,1345,priest,shadow,54,28,26
32220,Nyróx,malganis,1345,priest,shadow,122,59,63
32221,Gumayusi,ravencrest,1344,priest,shadow,24,14,10
32222,Даркфолс,soulflayer,1343,priest,shadow,36,17,19
32223,Sodomix,tarren-mill,1342,priest,shadow,160,87,73
32224,Возрождающее,soulflayer,1342,priest,shadow,30,14,16
32225,Slimshadey,malganis,1341,priest,shadow,24,14,10
32226,Baptizer,nemesis,1340,priest,shadow,95,57,38
32227,Apuessii,dun-modr,1340,priest,shadow,59,31,28
32228,Rubzler,ravencrest,1338,priest,shadow,24,14,10
32229,Velenthøs,argent-dawn,1338,priest,shadow,41,23,18
32230,Hecaté,blackhand,1337,priest,shadow,55,31,24
32231,Veryssra,archimonde,1336,priest,shadow,36,27,9
32232,Seni,gilneas,1336,priest,shadow,55,26,29
32233,Morteous,twisting-nether,1335,priest,shadow,253,130,123
32234,Sleepyshadow,drakthul,1335,priest,shadow,60,29,31
32235,Gød,magtheridon,1335,priest,shadow,30,14,16
32236,Settemsen,tarren-mill,1334,priest,shadow,18,14,4
32237,Elishîa,ragnaros,1333,priest,shadow,36,14,22
32238,Broncos,twisting-nether,1331,priest,shadow,58,33,25
32239,Inei,doomhammer,1331,priest,shadow,48,25,23
32240,Donkyrobert,tarren-mill,1331,priest,shadow,30,14,16
32241,Phucu,the-maelstrom,1330,priest,shadow,24,14,10
32242,Eslo,outland,1330,priest,shadow,32,17,15
32243,Fosil,xavius,1330,priest,shadow,30,15,15
32244,Shîn,aegwynn,1329,priest,shadow,127,65,62
32245,Giruga,eredar,1327,priest,shadow,24,14,10
32246,Dumámày,silvermoon,1326,priest,shadow,24,17,7
32247,Adssdfhjgh,outland,1324,priest,shadow,26,18,8
32248,Poposy,hyjal,1324,priest,shadow,24,14,10
32249,Ваккарий,gordunni,1324,priest,shadow,82,45,37
32250,Grouptherpst,draenor,1323,priest,shadow,24,14,10
32251,Kertith,argent-dawn,1323,priest,shadow,153,75,78
32252,Абасали,howling-fjord,1323,priest,shadow,48,20,28
32253,Mellandoh,tarren-mill,1322,priest,shadow,53,31,22
32254,Odium,alakir,1322,priest,shadow,50,27,23
32255,Ankus,tarren-mill,1321,priest,shadow,48,21,27
32256,Сэлунна,goldrinn,1321,priest,shadow,36,14,22
32257,Kdot,drakthul,1317,priest,shadow,24,16,8
32258,Clergy,hellfire,1317,priest,shadow,55,33,22
32259,Êttân,ravencrest,1317,priest,shadow,50,25,25
32260,Littlebugger,argent-dawn,1317,priest,shadow,63,28,35
32261,Míjagí,blackhand,1314,priest,shadow,59,30,29
32262,Meloo,dalaran,1313,priest,shadow,103,54,49
32263,Lathas,bloodfeather,1311,priest,shadow,36,23,13
32264,Prästpojken,frostwhisper,1311,priest,shadow,36,19,17
32265,Lurmus,outland,1311,priest,shadow,30,15,15
32266,Xxede,dun-modr,1310,priest,shadow,81,37,44
32267,Kasyrra,sylvanas,1309,priest,shadow,79,42,37
32268,Хоозяин,blackscar,1308,priest,shadow,18,14,4
32269,Ggdoll,twisting-nether,1308,priest,shadow,191,97,94
32270,Весенняя,gordunni,1307,priest,shadow,32,18,14
32271,Battlefog,turalyon,1307,priest,shadow,54,29,25
32272,Lamess,drakthul,1306,priest,shadow,25,15,10
32273,Secundis,silvermoon,1305,priest,shadow,30,16,14
32274,Сариандра,gordunni,1303,priest,shadow,48,26,22
32275,Saviour,spinebreaker,1302,priest,shadow,36,20,16
32276,Kåz,argent-dawn,1301,priest,shadow,35,21,14
32277,Inzàné,kazzak,1301,priest,shadow,70,40,30
32278,Ammp,outland,1298,priest,shadow,92,51,41
32279,Багбери,eversong,1297,priest,shadow,270,138,132
32280,Fordöbroo,ragnaros,1297,priest,shadow,120,61,59
32281,Рейвор,gordunni,1295,priest,shadow,23,14,9
32282,Hexmon,tarren-mill,1292,priest,shadow,30,21,9
32283,Цитамин,deathguard,1291,priest,shadow,85,39,46
32284,Васпохилить,howling-fjord,1289,priest,shadow,90,39,51
32285,Eytrhfb,stormscale,1288,priest,shadow,24,14,10
32286,Delaiya,antonidas,1285,priest,shadow,42,20,22
32287,Gauge,frostmane,1284,priest,shadow,138,70,68
32288,Prøfesor,nemesis,1284,priest,shadow,33,15,18
32289,ßeastx,nethersturm,1278,priest,shadow,30,15,15
32290,Chowhone,archimonde,1277,priest,shadow,42,14,28
32291,Bonifacio,la-croisade-écarlate,1276,priest,shadow,30,14,16
32292,Voidlord,hyjal,1275,priest,shadow,60,31,29
32293,Fåith,twilights-hammer,1275,priest,shadow,90,46,44
32294,Onskansmoder,shattered-hand,1274,priest,shadow,69,33,36
32295,Omnissiiah,silvermoon,1271,priest,shadow,42,19,23
32296,Seehz,ysondre,1271,priest,shadow,35,14,21
32297,Nûwa,draenor,1265,priest,shadow,24,18,6
32298,Evilspel,ravencrest,1261,priest,shadow,33,18,15
32299,Controlled,tarren-mill,1261,priest,shadow,71,35,36
32300,Mundwerk,malganis,1260,priest,shadow,153,70,83
32301,Alaeddin,kazzak,1259,priest,shadow,54,27,27
32302,Sqwabblepee,stormscale,1258,priest,shadow,35,14,21
32303,Hëllokitty,sanguino,1253,priest,shadow,86,42,44
32304,Даркхон,howling-fjord,1251,priest,shadow,26,14,12
32305,Bensherman,dalaran,1248,priest,shadow,18,13,5
32306,Niecheqt,tarren-mill,1248,priest,shadow,26,15,11
32307,Bizzlebabe,lightbringer,1247,priest,shadow,18,13,5
32308,Sonâkî,archimonde,1247,priest,shadow,18,13,5
32309,Ðrßøtÿcûs,la-croisade-écarlate,1247,priest,shadow,18,13,5
32310,Been,ravencrest,1247,priest,shadow,18,13,5
32311,Shucks,stormscale,1247,priest,shadow,24,13,11
32312,Rippeep,emerald-dream,1247,priest,shadow,24,13,11
32313,Emala,hyjal,1247,priest,shadow,24,13,11
32314,Testorwp,ragnaros,1245,priest,shadow,48,30,18
32315,Majinmadara,ravencrest,1245,priest,shadow,28,14,14
32316,Because,nemesis,1244,priest,shadow,18,13,5
32317,Kíssme,archimonde,1244,priest,shadow,24,17,7
32318,Scade,kazzak,1243,priest,shadow,30,13,17
32319,Пристаболик,gordunni,1242,priest,shadow,18,13,5
32320,Drakzx,kazzak,1242,priest,shadow,18,13,5
32321,Ruojatar,stormreaver,1241,priest,shadow,18,13,5
32322,Yngp,blackmoore,1241,priest,shadow,24,13,11
32323,Greyford,blackhand,1240,priest,shadow,18,13,5
32324,Peikkousva,twisting-nether,1240,priest,shadow,24,13,11
32325,Lilyrosemary,arathor,1239,priest,shadow,24,13,11
32326,Szalsza,arathor,1236,priest,shadow,41,18,23
32327,Daretox,turalyon,1225,priest,shadow,30,13,17
32328,Enemypriest,argent-dawn,1223,priest,shadow,42,20,22
32329,Hârlequin,draenor,1221,priest,shadow,245,126,119
32330,Seum,ravencrest,1218,priest,shadow,30,13,17
32331,Morgoh,die-arguswacht,1217,priest,shadow,30,15,15
32332,Tesz,perenolde,1217,priest,shadow,36,16,20
32333,Bromiaris,dun-morogh,1217,priest,shadow,30,13,17
32334,Skuggzter,outland,1215,priest,shadow,42,26,16
32335,Xanelor,tarren-mill,1213,priest,shadow,24,14,10
32336,Damnedangel,drakthul,1212,priest,shadow,30,13,17
32337,Mirelaw,stormscale,1210,priest,shadow,84,53,31
32338,Neychen,blackrock,1209,priest,shadow,30,13,17
32339,Thergozar,stormscale,1208,priest,shadow,48,33,15
32340,Vilhiil,darksorrow,1208,priest,shadow,29,13,16
32341,Cptnahab,blackmoore,1206,priest,shadow,49,35,14
32342,Zedrus,azshara,1206,priest,shadow,29,13,16
32343,Oöm,hyjal,1203,priest,shadow,24,15,9
32344,Ayuntamiento,proudmoore,1202,priest,shadow,36,23,13
32345,Kristiflicka,kazzak,1196,priest,shadow,36,20,16
32346,Умора,razuvious,1195,priest,shadow,23,13,10
32347,Veshania,blackhand,1194,priest,shadow,56,25,31
32348,Nagatary,blackmoore,1192,priest,shadow,48,23,25
32349,Bonbonici,sylvanas,1187,priest,shadow,24,17,7
32350,Farseerx,ravencrest,1184,priest,shadow,129,70,59
32351,Foxiekitten,tarren-mill,1178,priest,shadow,22,13,9
32352,Cronershadow,stormscale,1176,priest,shadow,32,15,17
32353,Suurona,die-aldor,1167,priest,shadow,48,24,24
32354,Cthulou,tarren-mill,1165,priest,shadow,158,81,77
32355,Tiinia,hyjal,1165,priest,shadow,40,15,25
32356,Mynithir,chants-éternels,1163,priest,shadow,36,18,18
32357,Holymonstah,sanguino,1161,priest,shadow,46,24,22
32358,Sayash,chamber-of-aspects,1158,priest,shadow,26,13,13
32359,Scaryman,ravencrest,1157,priest,shadow,23,14,9
32360,Avatars,kirin-tor,1156,priest,shadow,52,26,26
32361,Aritrosp,kargath,1152,priest,shadow,24,12,12
32362,Hotdog,kult-der-verdammten,1152,priest,shadow,42,20,22
32363,Julîane,aegwynn,1151,priest,shadow,18,12,6
32364,Шпх,howling-fjord,1151,priest,shadow,24,12,12
32365,Grayraven,azjolnerub,1151,priest,shadow,36,12,24
32366,Виталябард,gordunni,1150,priest,shadow,24,12,12
32367,Shyasianpr,area-52,1149,priest,shadow,18,12,6
32368,Onlyfansp,ravencrest,1149,priest,shadow,30,12,18
32369,Pórt,kazzak,1148,priest,shadow,21,13,8
32370,Söörpriest,the-maelstrom,1148,priest,shadow,30,16,14
32371,Harukaa,aggra-português,1147,priest,shadow,24,19,5
32372,Galadrielkä,drakthul,1147,priest,shadow,24,12,12
32373,Tweenitopg,les-clairvoyants,1146,priest,shadow,18,12,6
32374,Отчепадре,gordunni,1145,priest,shadow,24,12,12
32375,Kirrako,tarren-mill,1145,priest,shadow,24,12,12
32376,Abjure,silvermoon,1144,priest,shadow,24,12,12
32377,Caballococo,dun-modr,1144,priest,shadow,108,47,61
32378,Xceliann,stormscale,1143,priest,shadow,18,12,6
32379,Aíushtha,frostmane,1143,priest,shadow,30,12,18
32380,Cederpriest,tarren-mill,1143,priest,shadow,39,13,26
32381,Tarantos,uldum,1142,priest,shadow,27,13,14
32382,Дитеприста,greymane,1138,priest,shadow,24,15,9
32383,Eliana,blackrock,1136,priest,shadow,18,12,6
32384,Cabalist,silvermoon,1135,priest,shadow,96,49,47
32385,Fuzzydude,ravencrest,1135,priest,shadow,36,12,24
32386,Evypriest,draenor,1133,priest,shadow,24,12,12
32387,Sacher,shendralar,1132,priest,shadow,66,33,33
32388,Cerbero,doomhammer,1128,priest,shadow,18,12,6
32389,Семмэр,gordunni,1125,priest,shadow,67,28,39
32390,Maximandreic,kazzak,1124,priest,shadow,42,13,29
32391,Mojoo,aggramar,1119,priest,shadow,20,13,7
32392,Lasdrael,dun-modr,1118,priest,shadow,60,30,30
32393,Spwin,silvermoon,1117,priest,shadow,30,14,16
32394,Druska,ragnaros,1116,priest,shadow,36,20,16
32395,Shidoya,tarren-mill,1114,priest,shadow,23,12,11
32396,Уртримас,gordunni,1110,priest,shadow,42,18,24
32397,Акциуми,howling-fjord,1109,priest,shadow,54,32,22
32398,Nellytaa,dalaran,1103,priest,shadow,35,18,17
32399,Yuhé,elune,1100,priest,shadow,24,16,8
32400,Ðizzi,dun-modr,1096,priest,shadow,21,14,7
32401,Bonka,sanguino,1093,priest,shadow,24,13,11
32402,Angleka,argent-dawn,1089,priest,shadow,89,38,51
32403,Crishroc,stormreaver,1084,priest,shadow,36,17,19
32404,Brainwash,darksorrow,1084,priest,shadow,28,12,16
32405,Frëyha,archimonde,1081,priest,shadow,43,25,18
32406,Ниомана,gordunni,1077,priest,shadow,28,17,11
32407,Амфетаминная,howling-fjord,1076,priest,shadow,32,18,14
32408,Valdemar,alakir,1075,priest,shadow,33,18,15
32409,Yonaka,amanthul,1075,priest,shadow,84,30,54
32410,Тэтсу,greymane,1073,priest,shadow,36,22,14
32411,Hellena,neptulon,1061,priest,shadow,36,17,19
32412,Phasmofobia,ragnaros,1058,priest,shadow,32,17,15
32413,Kishoengi,ravencrest,1056,priest,shadow,12,11,1
32414,Shåmssp,kazzak,1056,priest,shadow,12,11,1
32415,Equalìzer,ravencrest,1056,priest,shadow,12,11,1
32416,Muyhuman,eredar,1056,priest,shadow,18,11,7
32417,Alexwinkwink,kazzak,1056,priest,shadow,18,11,7
32418,Draryanna,nemesis,1056,priest,shadow,18,11,7
32419,Nukyo,blackmoore,1056,priest,shadow,18,11,7
32420,Voidis,hyjal,1055,priest,shadow,18,11,7
32421,Emilyvvillis,outland,1055,priest,shadow,30,11,19
32422,Elyziz,tarren-mill,1054,priest,shadow,18,11,7
32423,Khålyst,archimonde,1054,priest,shadow,30,11,19
32424,Шанэкс,howling-fjord,1053,priest,shadow,12,11,1
32425,Umyqt,ragnaros,1053,priest,shadow,18,11,7
32426,Dexploit,frostwolf,1053,priest,shadow,18,11,7
32427,Peaksp,stormscale,1053,priest,shadow,18,11,7
32428,Yoggies,tarren-mill,1053,priest,shadow,21,12,9
32429,Санятруу,blackscar,1053,priest,shadow,78,42,36
32430,Блюмсик,blackscar,1052,priest,shadow,30,18,12
32431,Icyîce,kazzak,1051,priest,shadow,18,11,7
32432,Tigrok,burning-legion,1050,priest,shadow,18,11,7
32433,Phobò,blackrock,1050,priest,shadow,24,11,13
32434,Miruvai,tarren-mill,1050,priest,shadow,24,11,13
32435,Вэйворс,blackscar,1048,priest,shadow,22,12,10
32436,Zák,sylvanas,1048,priest,shadow,30,16,14
32437,Xatori,arthas,1047,priest,shadow,24,11,13
32438,Zubrowkâ,kazzak,1043,priest,shadow,24,11,13
32439,Holypowér,twisting-nether,1041,priest,shadow,24,11,13
32440,Sigor,hellfire,1039,priest,shadow,29,12,17
32441,Dayowe,antonidas,1032,priest,shadow,136,69,67
32442,Atelstan,drakthul,1030,priest,shadow,72,29,43
32443,Umbrazoid,sanguino,1030,priest,shadow,36,11,25
32444,Festiz,tichondrius,1024,priest,shadow,30,14,16
32445,Ixdeadxl,stormscale,1022,priest,shadow,24,11,13
32446,Alsyidan,khaz-modan,1021,priest,shadow,13,12,1
32447,Кинраналь,eversong,1021,priest,shadow,30,17,13
32448,Shdwmeld,ravencrest,1020,priest,shadow,23,11,12
32449,Soulsuckerr,silvermoon,1019,priest,shadow,30,11,19
32450,Mimox,kaelthas,1017,priest,shadow,24,14,10
32451,Bodeeney,hellfire,1015,priest,shadow,68,28,40
32452,Tarissa,ravenholdt,1008,priest,shadow,24,12,12
32453,Minabonxx,silvermoon,1007,priest,shadow,75,26,49
32454,Jawoflash,antonidas,1004,priest,shadow,27,12,15
32455,Froffzy,tarren-mill,1002,priest,shadow,30,12,18
32456,Дикосвет,howling-fjord,1002,priest,shadow,42,11,31
32457,Fanberra,the-venture-co,1001,priest,shadow,24,11,13
32458,Mydianá,aegwynn,999,priest,shadow,23,14,9
32459,Pipen,stormscale,990,priest,shadow,29,11,18
32460,Asdaprice,hellfire,986,priest,shadow,18,12,6
32461,Mylox,blackrock,984,priest,shadow,17,11,6
32462,Zargoss,sylvanas,974,priest,shadow,19,11,8
32463,Мргорсан,eversong,974,priest,shadow,30,16,14
32464,Reimagined,sylvanas,960,priest,shadow,12,10,2
32465,Sinsofmany,ragnaros,960,priest,shadow,12,10,2
32466,Drë,daggerspine,960,priest,shadow,18,10,8
32467,Gbc,emerald-dream,960,priest,shadow,18,10,8
32468,Achára,ravencrest,960,priest,shadow,18,10,8
32469,Tribz,kargath,959,priest,shadow,12,10,2
32470,Øhlø,ysondre,959,priest,shadow,12,10,2
32471,Aiewn,elune,959,priest,shadow,18,12,6
32472,Gwyneth,archimonde,959,priest,shadow,24,14,10
32473,Пампнавечерх,blackscar,959,priest,shadow,18,10,8
32474,Seankingkong,ravencrest,959,priest,shadow,18,10,8
32475,Supriest,alakir,959,priest,shadow,24,10,14
32476,Goodison,outland,959,priest,shadow,24,10,14
32477,Ciqua,frostmane,958,priest,shadow,16,11,5
32478,Diha,argent-dawn,958,priest,shadow,18,10,8
32479,Qiandra,argent-dawn,958,priest,shadow,24,10,14
32480,Juxtapose,argent-dawn,957,priest,shadow,12,10,2
32481,Seenoend,neptulon,957,priest,shadow,18,10,8
32482,Thebesp,ravencrest,957,priest,shadow,24,10,14
32483,Shadowsister,burning-blade,955,priest,shadow,18,10,8
32484,Twisty,malganis,953,priest,shadow,26,15,11
32485,Wewo,drakthul,952,priest,shadow,27,11,16
32486,Powna,blackrock,947,priest,shadow,18,10,8
32487,Иннй,howling-fjord,947,priest,shadow,24,11,13
32488,Brainmuscle,ravencrest,945,priest,shadow,12,10,2
32489,Szpinx,stormscale,942,priest,shadow,30,10,20
32490,Серебрия,gordunni,937,priest,shadow,51,27,24
32491,Syfl,defias-brotherhood,935,priest,shadow,24,10,14
32492,Ruhoniy,ysondre,934,priest,shadow,30,17,13
32493,Abrakahudder,tarren-mill,927,priest,shadow,17,10,7
32494,Умом,gordunni,927,priest,shadow,26,11,15
32495,Силабездны,deathguard,926,priest,shadow,67,34,33
32496,Aezef,ysondre,926,priest,shadow,26,11,15
32497,Ðòóm,archimonde,925,priest,shadow,20,11,9
32498,Satànâs,twisting-nether,919,priest,shadow,17,10,7
32499,Fârge,elune,911,priest,shadow,17,10,7
32500,Røst,ravencrest,911,priest,shadow,17,10,7
32501,Csksablanca,sargeras,911,priest,shadow,17,10,7
32502,Priestoll,draenor,911,priest,shadow,21,10,11
32503,Shaaq,stormscale,905,priest,shadow,12,11,1
32504,Reckpump,twisting-nether,891,priest,shadow,23,10,13
32505,Triinkett,doomhammer,881,priest,shadow,75,31,44
32506,Driptoohard,archimonde,878,priest,shadow,13,11,2
32507,Pneumay,tarren-mill,878,priest,shadow,18,10,8
32508,Эсттелла,gordunni,878,priest,shadow,66,28,38
32509,Anabølixx,ravencrest,864,priest,shadow,12,9,3
32510,Døtgdx,archimonde,864,priest,shadow,12,9,3
32511,Tailjob,silvermoon,864,priest,shadow,12,9,3
32512,Maysiex,twisting-nether,864,priest,shadow,12,9,3
32513,Tylb,tarren-mill,864,priest,shadow,12,9,3
32514,Hanyk,kazzak,864,priest,shadow,12,9,3
32515,Clori,argent-dawn,864,priest,shadow,12,9,3
32516,Raffá,blackhand,864,priest,shadow,12,9,3
32517,Manyus,archimonde,864,priest,shadow,18,9,9
32518,Dingqt,chogall,864,priest,shadow,18,9,9
32519,Felaenna,argent-dawn,864,priest,shadow,18,9,9
32520,Cruncher,ravencrest,864,priest,shadow,18,9,9
32521,Svagis,draenor,864,priest,shadow,18,9,9
32522,Dogstav,kazzak,864,priest,shadow,18,9,9
32523,Spyrono,kazzak,864,priest,shadow,18,9,9
32524,Discknight,kazzak,864,priest,shadow,18,9,9
32525,Fjonnski,blackmoore,864,priest,shadow,21,10,11
32526,Schmatzy,blackmoore,864,priest,shadow,24,9,15
32527,Klayjamin,draenor,863,priest,shadow,12,9,3
32528,Henaheals,ragnaros,863,priest,shadow,12,9,3
32529,Späxxi,amanthul,863,priest,shadow,12,9,3
32530,Wtrix,stormscale,863,priest,shadow,18,9,9
32531,Наярда,howling-fjord,863,priest,shadow,18,9,9
32532,Jadæ,ragnaros,863,priest,shadow,18,9,9
32533,Dardinio,ravencrest,863,priest,shadow,18,9,9
32534,Txypii,dun-modr,863,priest,shadow,18,9,9
32535,Azsaryn,magtheridon,863,priest,shadow,18,9,9
32536,Qzrx,outland,863,priest,shadow,18,9,9
32537,Ризорпанда,soulflayer,863,priest,shadow,18,9,9
32538,Skaliq,tarren-mill,862,priest,shadow,12,9,3
32539,Kaleycuoco,blackrock,862,priest,shadow,12,9,3
32540,Элдерле,gordunni,862,priest,shadow,18,9,9
32541,Ilostmybible,runetotem,862,priest,shadow,24,9,15
32542,Khäñ,ravencrest,862,priest,shadow,30,9,21
32543,Dívíne,ravenholdt,861,priest,shadow,12,9,3
32544,Montane,wrathbringer,861,priest,shadow,12,9,3
32545,Dutchstuff,karazhan,861,priest,shadow,18,9,9
32546,Kavie,ravencrest,861,priest,shadow,18,9,9
32547,Pristara,bloodhoof,860,priest,shadow,12,9,3
32548,Некросиний,eversong,858,priest,shadow,19,10,9
32549,Дроус,borean-tundra,858,priest,shadow,30,12,18
32550,Elfriede,twisting-nether,856,priest,shadow,12,9,3
32551,Farilight,draenor,850,priest,shadow,12,9,3
32552,Madizuluka,aggra-português,849,priest,shadow,27,10,17
32553,Shaddyr,thrall,828,priest,shadow,17,9,8
32554,Endchor,eredar,826,priest,shadow,37,16,21
32555,Kloown,conseil-des-ombres,820,priest,shadow,23,10,13
32556,Happychap,stormreaver,815,priest,shadow,21,9,12
32557,Stoffig,aggramar,806,priest,shadow,18,9,9
32558,Bäckay,silvermoon,799,priest,shadow,16,9,7
32559,Õðæßìùa,kazzak,799,priest,shadow,17,9,8
32560,Arunp,magtheridon,799,priest,shadow,26,9,17
32561,Alicanx,silvermoon,798,priest,shadow,17,9,8
32562,Sypnos,zuljin,797,priest,shadow,16,9,7
32563,Deadlymoda,zenedar,797,priest,shadow,20,9,11
32564,Calor,nemesis,792,priest,shadow,16,9,7
32565,Djstache,tarren-mill,768,priest,shadow,12,8,4
32566,Vtspam,stormscale,768,priest,shadow,12,8,4
32567,Jynii,eredar,768,priest,shadow,12,8,4
32568,Iceys,stormscale,768,priest,shadow,12,8,4
32569,Ktulsotum,twisting-nether,768,priest,shadow,12,8,4
32570,Zetapp,argent-dawn,768,priest,shadow,12,8,4
32571,Raëkon,nemesis,768,priest,shadow,12,8,4
32572,Шадоуприст,blackscar,768,priest,shadow,12,8,4
32573,Fluffedup,twisting-nether,768,priest,shadow,12,8,4
32574,Balthe,defias-brotherhood,768,priest,shadow,12,8,4
32575,Nätrix,tarren-mill,768,priest,shadow,12,8,4
32576,Shadowsig,silvermoon,768,priest,shadow,12,8,4
32577,Syreet,silvermoon,768,priest,shadow,12,8,4
32578,Inavea,hyjal,768,priest,shadow,12,8,4
32579,Nøwmäck,archimonde,768,priest,shadow,15,9,6
32580,Cooldgreyjoy,archimonde,768,priest,shadow,16,8,8
32581,Strvnge,stormreaver,768,priest,shadow,17,8,9
32582,Hizumi,stormreaver,768,priest,shadow,18,8,10
32583,Хелектро,deathweaver,768,priest,shadow,18,8,10
32584,Stölpen,ravencrest,768,priest,shadow,18,8,10
32585,Jaanny,defias-brotherhood,768,priest,shadow,18,8,10
32586,Jellypie,blackrock,768,priest,shadow,18,8,10
32587,Hilerki,draenor,768,priest,shadow,18,8,10
32588,Önnÿ,dun-modr,768,priest,shadow,24,8,16
32589,Симпоз,howling-fjord,767,priest,shadow,12,8,4
32590,Jegred,draenor,767,priest,shadow,12,8,4
32591,Джианитто,borean-tundra,767,priest,shadow,12,8,4
32592,Zappikpriest,silvermoon,767,priest,shadow,12,8,4
32593,Холиспирт,deathguard,767,priest,shadow,12,8,4
32594,Holineß,burning-blade,767,priest,shadow,12,8,4
32595,Slenderdoom,stormscale,767,priest,shadow,12,8,4
32596,Leleg,blackhand,767,priest,shadow,15,9,6
32597,Kagarr,kazzak,767,priest,shadow,14,8,6
32598,Venomspawn,ragnaros,767,priest,shadow,18,8,10
32599,Aereza,darkspear,767,priest,shadow,18,8,10
32600,Unreal,nagrand,767,priest,shadow,18,8,10
32601,Marcellina,argent-dawn,767,priest,shadow,18,8,10
32602,Jyugins,alonsus,767,priest,shadow,18,8,10
32603,Bigdumber,kazzak,767,priest,shadow,18,8,10
32604,Dimorinny,silvermoon,767,priest,shadow,18,8,10
32605,Priestlolx,aegwynn,767,priest,shadow,24,8,16
32606,Maskinjundre,bronzebeard,767,priest,shadow,24,8,16
32607,Ехереу,blackscar,766,priest,shadow,12,8,4
32608,Kumpi,azjolnerub,766,priest,shadow,12,8,4
32609,Mavaai,burning-legion,766,priest,shadow,12,8,4
32610,Aducanpea,blackmoore,766,priest,shadow,12,8,4
32611,Ihaveibs,doomhammer,766,priest,shadow,19,9,10
32612,Khalphus,argent-dawn,766,priest,shadow,18,8,10
32613,Dvärg,ravencrest,766,priest,shadow,18,8,10
32614,Kìckurâss,aegwynn,766,priest,shadow,18,8,10
32615,Darkmayham,silvermoon,766,priest,shadow,18,8,10
32616,Абракабра,howling-fjord,766,priest,shadow,18,8,10
32617,Ичисанчик,howling-fjord,766,priest,shadow,24,8,16
32618,Redoubtablee,kazzak,766,priest,shadow,24,8,16
32619,Johnnysp,eredar,765,priest,shadow,12,8,4
32620,Шаасит,soulflayer,765,priest,shadow,18,8,10
32621,Géèk,alakir,765,priest,shadow,19,8,11
32622,Shalnorei,drakthul,764,priest,shadow,12,8,4
32623,Holyface,twisting-nether,764,priest,shadow,12,8,4
32624,Каратэк,howling-fjord,763,priest,shadow,12,8,4
32625,Zathada,twisting-nether,763,priest,shadow,18,8,10
32626,Sammel,moonglade,763,priest,shadow,18,8,10
32627,Ruad,blackrock,762,priest,shadow,12,8,4
32628,Beellzo,sylvanas,759,priest,shadow,24,8,16
32629,Святаятряпка,fordragon,754,priest,shadow,18,8,10
32630,Намдандар,howling-fjord,753,priest,shadow,18,8,10
32631,Portvin,terenas,753,priest,shadow,24,8,16
32632,Barcodes,kazzak,749,priest,shadow,20,9,11
32633,Teleriah,blackmoore,735,priest,shadow,17,8,9
32634,Shíàpríést,kazzak,734,priest,shadow,29,8,21
32635,Aeo,twisting-nether,732,priest,shadow,17,8,9
32636,Fathedead,stormreaver,713,priest,shadow,30,10,20
32637,Raetwo,stormscale,703,priest,shadow,14,8,6
32638,Манддалорец,gordunni,702,priest,shadow,22,8,14
32639,Reptika,tichondrius,696,priest,shadow,16,8,8
32640,Мараес,howling-fjord,686,priest,shadow,14,8,6
32641,Shendiva,nathrezim,681,priest,shadow,13,8,5
32642,Galilea,sanguino,672,priest,shadow,9,8,1
32643,Extazia,ravencrest,672,priest,shadow,12,7,5
32644,Fleshcraft,ravencrest,672,priest,shadow,12,7,5
32645,Vittelk,stormscale,672,priest,shadow,12,7,5
32646,Systerstål,twisting-nether,672,priest,shadow,12,7,5
32647,Æåeåeåé,twisting-nether,672,priest,shadow,12,7,5
32648,Mindboorst,kazzak,672,priest,shadow,12,7,5
32649,Ialoricha,dun-modr,672,priest,shadow,12,7,5
32650,Belialzs,blackrock,672,priest,shadow,12,7,5
32651,Tankeløs,kazzak,672,priest,shadow,12,7,5
32652,Laradiel,dun-modr,672,priest,shadow,12,7,5
32653,Zahadoom,stormscale,672,priest,shadow,12,7,5
32654,Ikaytsym,ravencrest,672,priest,shadow,12,7,5
32655,Kíguwu,draenor,672,priest,shadow,12,7,5
32656,Libstik,hyjal,672,priest,shadow,12,7,5
32657,Belìal,thrall,672,priest,shadow,12,7,5
32658,Fairylite,outland,672,priest,shadow,12,7,5
32659,Sadgepriest,draenor,672,priest,shadow,12,7,5
32660,Xùÿø,culte-de-la-rive-noire,672,priest,shadow,12,7,5
32661,Simularcum,tarren-mill,672,priest,shadow,12,7,5
32662,Sundae,nemesis,672,priest,shadow,12,7,5
32663,Azazoth,sylvanas,672,priest,shadow,12,7,5
32664,Gyom,sargeras,672,priest,shadow,12,7,5
32665,Vladï,conseil-des-ombres,672,priest,shadow,12,7,5
32666,Zerovision,nemesis,672,priest,shadow,12,7,5
32667,Deethraa,argent-dawn,672,priest,shadow,12,7,5
32668,Говорун,grom,672,priest,shadow,12,7,5
32669,Mcdutchy,arygos,672,priest,shadow,12,7,5
32670,Dolens,argent-dawn,672,priest,shadow,12,7,5
32671,Nordrenalin,tarren-mill,672,priest,shadow,12,7,5
32672,Cskgbénébéné,garona,672,priest,shadow,12,7,5
32673,Uria,moonglade,672,priest,shadow,12,7,5
32674,Eriezel,shattered-halls,672,priest,shadow,12,7,5
32675,Миррен,gordunni,672,priest,shadow,12,7,5
32676,Leggat,draenor,672,priest,shadow,15,8,7
32677,Swl,blackrock,672,priest,shadow,16,8,8
32678,Uzü,ysondre,672,priest,shadow,16,8,8
32679,Heygoogle,ravencrest,672,priest,shadow,18,7,11
32680,Majinbuù,sargeras,672,priest,shadow,18,7,11
32681,Клаенз,fordragon,672,priest,shadow,18,7,11
32682,Yoii,nemesis,672,priest,shadow,18,7,11
32683,Irlfatguy,ravencrest,672,priest,shadow,20,7,13
32684,Абсорб,gordunni,671,priest,shadow,12,7,5
32685,Kogarrashi,aegwynn,671,priest,shadow,12,7,5
32686,Мариаглорум,gordunni,671,priest,shadow,12,7,5
32687,Elarya,zenedar,671,priest,shadow,12,7,5
32688,Слышуфонк,howling-fjord,671,priest,shadow,12,7,5
32689,Plimpi,blackmoore,671,priest,shadow,12,7,5
32690,Neeyø,blackhand,671,priest,shadow,12,7,5
32691,Karnatia,burning-legion,671,priest,shadow,12,7,5
32692,Cryptoniite,kazzak,671,priest,shadow,12,7,5
32693,Scorbute,conseil-des-ombres,671,priest,shadow,12,7,5
32694,Shadowchunks,argent-dawn,671,priest,shadow,12,7,5
32695,Allanna,talnivarr,671,priest,shadow,12,7,5
32696,Medovina,silvermoon,671,priest,shadow,12,7,5
32697,Badomens,draenor,671,priest,shadow,12,7,5
32698,Bazazath,thrall,671,priest,shadow,15,8,7
32699,Freshpope,ravencrest,671,priest,shadow,16,8,8
32700,Neggan,chamber-of-aspects,671,priest,shadow,18,7,11
32701,Jerolol,sanguino,671,priest,shadow,18,7,11
32702,Gooflord,ravencrest,671,priest,shadow,18,7,11
32703,Deriont,argent-dawn,671,priest,shadow,18,7,11
32704,Skypez,blackhand,671,priest,shadow,18,7,11
32705,Blååb,draenor,671,priest,shadow,18,7,11
32706,Idontmind,eredar,671,priest,shadow,18,7,11
32707,Wivienne,defias-brotherhood,671,priest,shadow,26,8,18
32708,Hiela,outland,670,priest,shadow,12,7,5
32709,Rétestészta,arathor,670,priest,shadow,12,7,5
32710,Kitasia,tarren-mill,670,priest,shadow,12,7,5
32711,Haxxøn,die-nachtwache,670,priest,shadow,12,7,5
32712,Psystorm,frostmane,670,priest,shadow,18,7,11
32713,Sáro,ravencrest,669,priest,shadow,12,7,5
32714,Hotsanddots,auchindoun,668,priest,shadow,12,7,5
32715,Hulluh,tarren-mill,665,priest,shadow,12,7,5
32716,Nerfnerf,kazzak,663,priest,shadow,22,10,12
32717,Redfield,frostmane,663,priest,shadow,24,7,17
32718,Spaghettoni,tarren-mill,662,priest,shadow,12,7,5
32719,Swarzie,outland,653,priest,shadow,17,7,10
32720,Vregoa,twisting-nether,639,priest,shadow,17,7,10
32721,Sadskîx,dun-modr,624,priest,shadow,9,8,1
32722,Reeflix,blackmoore,607,priest,shadow,17,8,9
32723,Thudre,ravencrest,606,priest,shadow,14,7,7
32724,Lipzip,twisting-nether,591,priest,shadow,19,7,12
32725,Шандресса,deepholm,576,priest,shadow,6,6,0
32726,Shacoat,draenor,576,priest,shadow,6,6,0
32727,Deform,argent-dawn,576,priest,shadow,6,6,0
32728,Galle,frostmane,576,priest,shadow,6,6,0
32729,Deadandugly,eredar,576,priest,shadow,6,6,0
32730,Noggorran,teldrassil,576,priest,shadow,10,7,3
32731,Viánná,sylvanas,576,priest,shadow,10,7,3
32732,Littlefräu,ravencrest,576,priest,shadow,10,7,3
32733,Шучунекошмар,soulflayer,576,priest,shadow,12,6,6
32734,Kunayu,ravencrest,576,priest,shadow,12,6,6
32735,Lilsayx,blackrock,576,priest,shadow,12,6,6
32736,Ztrolol,archimonde,576,priest,shadow,12,6,6
32737,Cluelêss,blackrock,576,priest,shadow,12,6,6
32738,Landliebe,outland,576,priest,shadow,12,6,6
32739,Vogthon,aggra-português,576,priest,shadow,12,6,6
32740,Noreal,twisting-nether,576,priest,shadow,12,6,6
32741,Vardrium,antonidas,576,priest,shadow,12,6,6
32742,Saliâ,blackmoore,576,priest,shadow,12,6,6
32743,Mindtyson,dun-morogh,576,priest,shadow,12,6,6
32744,Сакта,howling-fjord,576,priest,shadow,12,6,6
32745,Oniakusa,outland,576,priest,shadow,12,6,6
32746,Shadoxx,malganis,576,priest,shadow,12,6,6
32747,Farotep,tarren-mill,576,priest,shadow,12,6,6
32748,Despéri,ysondre,576,priest,shadow,12,6,6
32749,Fluffieh,ravencrest,576,priest,shadow,12,6,6
32750,Mephiras,kult-der-verdammten,576,priest,shadow,12,6,6
32751,Peep,emerald-dream,576,priest,shadow,12,6,6
32752,Cultist,defias-brotherhood,576,priest,shadow,12,6,6
32753,Arratør,ysondre,576,priest,shadow,12,6,6
32754,Evna,chogall,576,priest,shadow,12,6,6
32755,Skyfour,blackmoore,576,priest,shadow,12,6,6
32756,Talandra,drakthul,576,priest,shadow,12,6,6
32757,Hinorist,kazzak,576,priest,shadow,12,6,6
32758,Kraanocska,outland,576,priest,shadow,12,6,6
32759,Umayyaa,sylvanas,576,priest,shadow,12,6,6
32760,Lovelessp,stormscale,576,priest,shadow,12,6,6
32761,Wakizashi,ravencrest,576,priest,shadow,12,6,6
32762,Shadowpdots,sargeras,576,priest,shadow,12,6,6
32763,Ellfle,kazzak,576,priest,shadow,12,6,6
32764,Бранлор,howling-fjord,576,priest,shadow,12,6,6
32765,Prästjäväln,stormscale,576,priest,shadow,12,6,6
32766,Старлайтх,gordunni,576,priest,shadow,12,6,6
32767,Brobox,blackmoore,576,priest,shadow,12,6,6
32768,Styxpr,blackhand,576,priest,shadow,18,6,12
32769,Ràvèn,dun-modr,576,priest,shadow,18,6,12
32770,Øro,ysondre,576,priest,shadow,24,6,18
32771,Shendilka,drakthul,575,priest,shadow,9,7,2
32772,Нитровина,howling-fjord,575,priest,shadow,12,6,6
32773,Attaxx,dragonmaw,575,priest,shadow,12,6,6
32774,Nemw,chamber-of-aspects,575,priest,shadow,12,6,6
32775,Princéssà,aegwynn,575,priest,shadow,12,6,6
32776,Wintercurse,twisting-nether,575,priest,shadow,18,6,12
32777,Luxumbra,pozzo-delleternità,574,priest,shadow,12,6,6
32778,Sacreth,ragnaros,574,priest,shadow,24,6,18
32779,Boomhilde,aegwynn,573,priest,shadow,12,6,6
32780,Лапушок,borean-tundra,570,priest,shadow,12,6,6
32781,Karmapollys,silvermoon,570,priest,shadow,12,6,6
32782,Trencharse,draenor,559,priest,shadow,17,6,11
32783,Valaç,turalyon,528,priest,shadow,15,6,9
32784,Lildiggy,outland,511,priest,shadow,14,6,8
32785,Løxi,blackmoore,494,priest,shadow,13,7,6
32786,Potati,defias-brotherhood,480,priest,shadow,6,5,1
32787,Зоргдаркнесс,howling-fjord,480,priest,shadow,6,5,1
32788,Vøidtheorem,ragnaros,480,priest,shadow,6,5,1
32789,Attilerg,stormscale,480,priest,shadow,6,5,1
32790,Nøskillzz,nemesis,480,priest,shadow,6,5,1
32791,Rinkahands,silvermoon,480,priest,shadow,6,5,1
32792,Fabulicious,blackrock,480,priest,shadow,6,5,1
32793,Gladíator,blackhand,480,priest,shadow,6,5,1
32794,Массаракъш,razuvious,480,priest,shadow,6,5,1
32795,Нинаврач,howling-fjord,480,priest,shadow,6,5,1
32796,Алуриэлия,gordunni,480,priest,shadow,6,5,1
32797,Boomboxk,darksorrow,480,priest,shadow,6,5,1
32798,Graveyards,tarren-mill,480,priest,shadow,6,5,1
32799,Pâww,kazzak,480,priest,shadow,6,5,1
32800,Скизма,gordunni,480,priest,shadow,6,5,1
32801,Disillusíon,tarren-mill,480,priest,shadow,6,5,1
32802,Dakystepmom,stormreaver,480,priest,shadow,6,5,1
32803,Genjorss,pozzo-delleternità,480,priest,shadow,6,5,1
32804,Qiguai,outland,480,priest,shadow,6,5,1
32805,Darkqt,ravencrest,480,priest,shadow,6,5,1
32806,Easyc,gorgonnash,480,priest,shadow,6,5,1
32807,Mcdced,archimonde,480,priest,shadow,8,5,3
32808,Elixier,frostmane,480,priest,shadow,12,5,7
32809,Singularity,ravencrest,480,priest,shadow,12,5,7
32810,Neverfade,dun-modr,480,priest,shadow,12,5,7
32811,Verbs,kazzak,480,priest,shadow,12,5,7
32812,Tokkz,kelthuzad,480,priest,shadow,12,5,7
32813,Taxthepoor,blackhand,480,priest,shadow,12,5,7
32814,Noyam,dun-morogh,480,priest,shadow,12,5,7
32815,Alterspflege,eredar,480,priest,shadow,12,5,7
32816,Bonsoin,kirin-tor,480,priest,shadow,12,5,7
32817,Svenskabarn,twisting-nether,480,priest,shadow,12,5,7
32818,Darkmus,quelthalas,480,priest,shadow,12,5,7
32819,Lillclubbina,stormscale,480,priest,shadow,12,5,7
32820,Drakharys,dun-modr,480,priest,shadow,12,5,7
32821,Korzec,dun-modr,480,priest,shadow,12,5,7
32822,Darrianna,outland,480,priest,shadow,12,5,7
32823,Qwertyuioasd,ravencrest,480,priest,shadow,12,5,7
32824,Cmonbro,hyjal,480,priest,shadow,12,5,7
32825,Môrtïciâ,tarren-mill,480,priest,shadow,12,5,7
32826,Appraiser,draenor,480,priest,shadow,12,5,7
32827,Rovensin,ravencrest,480,priest,shadow,12,5,7
32828,Haiduka,burning-legion,480,priest,shadow,12,5,7
32829,Oblivita,twisting-nether,480,priest,shadow,12,5,7
32830,Lyssandre,stormreaver,480,priest,shadow,12,5,7
32831,Дакимакурах,gordunni,480,priest,shadow,12,5,7
32832,Хенели,blackscar,480,priest,shadow,12,5,7
32833,Mahist,ravencrest,480,priest,shadow,12,5,7
32834,Силесттиль,gordunni,480,priest,shadow,12,5,7
32835,Raeratwo,archimonde,480,priest,shadow,12,5,7
32836,Löspajen,stormscale,480,priest,shadow,12,5,7
32837,Kidkuddo,blackmoore,480,priest,shadow,12,5,7
32838,Jarkk,ysondre,480,priest,shadow,12,5,7
32839,Shadowleech,ragnaros,480,priest,shadow,12,5,7
32840,Chaarronn,drakthul,480,priest,shadow,12,5,7
32841,Shadowful,drakthul,480,priest,shadow,12,5,7
32842,Taikki,stormreaver,480,priest,shadow,12,5,7
32843,Rokil,ravencrest,480,priest,shadow,12,5,7
32844,Claudefrollo,the-maelstrom,480,priest,shadow,13,5,8
32845,Moogie,archimonde,480,priest,shadow,18,5,13
32846,Лайкшеди,soulflayer,479,priest,shadow,6,5,1
32847,Rehpotsirhc,blackrock,479,priest,shadow,12,5,7
32848,Блэксикер,greymane,479,priest,shadow,12,5,7
32849,Балзик,blackscar,479,priest,shadow,12,5,7
32850,Zakkonnik,burning-legion,479,priest,shadow,12,5,7
32851,Gimcho,magtheridon,479,priest,shadow,12,5,7
32852,Xieraxe,ravencrest,479,priest,shadow,12,5,7
32853,Heinricht,ragnaros,479,priest,shadow,12,5,7
32854,Лейля,goldrinn,479,priest,shadow,18,5,13
32855,Ethalia,kirin-tor,478,priest,shadow,12,5,7
32856,Falbäla,suramar,473,priest,shadow,12,5,7
32857,Chïefpapi,twisting-nether,463,priest,shadow,11,5,6
32858,Ftiersp,ravencrest,463,priest,shadow,11,5,6
32859,Дзинкз,howling-fjord,448,priest,shadow,10,6,4
32860,Sàd,thrall,447,priest,shadow,11,5,6
32861,Chas,argent-dawn,432,priest,shadow,9,5,4
32862,Bloodimand,terenas,422,priest,shadow,12,6,6
32863,Elderath,eredar,409,priest,shadow,23,6,17
32864,Metabeta,shattered-hand,384,priest,shadow,6,4,2
32865,Evílshadows,tarren-mill,384,priest,shadow,6,4,2
32866,Alinfinito,ravencrest,384,priest,shadow,6,4,2
32867,Cyrená,ravencrest,384,priest,shadow,6,4,2
32868,Grainbames,sylvanas,384,priest,shadow,6,4,2
32869,Alicanx,twisting-nether,384,priest,shadow,6,4,2
32870,Virtualworld,ragnaros,384,priest,shadow,6,4,2
32871,Nebunia,twisting-nether,384,priest,shadow,6,4,2
32872,Submeplz,stormscale,384,priest,shadow,6,4,2
32873,Calsote,sanguino,384,priest,shadow,6,4,2
32874,Balan,argent-dawn,384,priest,shadow,6,4,2
32875,Cheryli,alleria,384,priest,shadow,6,4,2
32876,Lorthonor,silvermoon,384,priest,shadow,6,4,2
32877,Вэстервилли,howling-fjord,384,priest,shadow,6,4,2
32878,Hotdoge,zenedar,384,priest,shadow,6,4,2
32879,Sliey,blackrock,384,priest,shadow,6,4,2
32880,Ylenae,twisting-nether,384,priest,shadow,6,4,2
32881,Looó,los-errantes,384,priest,shadow,6,4,2
32882,Pangoffy,burning-legion,384,priest,shadow,6,4,2
32883,Pinkfloydx,lightbringer,384,priest,shadow,6,4,2
32884,Clungeslag,argent-dawn,384,priest,shadow,6,4,2
32885,Lumex,aegwynn,384,priest,shadow,6,4,2
32886,Thogrey,archimonde,384,priest,shadow,6,4,2
32887,Majestíc,blackmoore,384,priest,shadow,6,4,2
32888,Dokurochan,tarren-mill,384,priest,shadow,6,4,2
32889,Yixi,blackmoore,384,priest,shadow,6,4,2
32890,Spum,ravencrest,384,priest,shadow,6,4,2
32891,Lxz,twisting-nether,384,priest,shadow,6,4,2
32892,Rutah,the-maelstrom,384,priest,shadow,6,4,2
32893,Fish,arathor,384,priest,shadow,6,4,2
32894,Lysium,sylvanas,384,priest,shadow,6,4,2
32895,Dairox,blackrock,384,priest,shadow,6,4,2
32896,Spae,twisting-nether,384,priest,shadow,6,4,2
32897,Mysticforces,silvermoon,384,priest,shadow,6,4,2
32898,Torino,kazzak,384,priest,shadow,6,4,2
32899,Alusiepriest,ravencrest,384,priest,shadow,6,4,2
32900,Shadowboness,twisting-nether,384,priest,shadow,6,4,2
32901,Usw,outland,384,priest,shadow,6,4,2
32902,Coqa,blackrock,384,priest,shadow,6,4,2
32903,Kobiden,stormreaver,384,priest,shadow,6,4,2
32904,Олдмэнсэйд,soulflayer,384,priest,shadow,6,4,2
32905,Septembér,draenor,384,priest,shadow,6,4,2
32906,Mønzie,stormscale,384,priest,shadow,6,4,2
32907,Roastie,frostmane,384,priest,shadow,6,4,2
32908,Napriest,kazzak,384,priest,shadow,6,4,2
32909,Jpxoxo,blackhand,384,priest,shadow,6,4,2
32910,Jesuispasbon,hyjal,384,priest,shadow,6,4,2
32911,Текл,blackscar,384,priest,shadow,6,4,2
32912,Awator,ysondre,384,priest,shadow,6,4,2
32913,Viperbites,tarren-mill,384,priest,shadow,6,4,2
32914,Temtem,ravencrest,384,priest,shadow,6,4,2
32915,Chamelthoe,the-maelstrom,384,priest,shadow,6,4,2
32916,Arwen,azjolnerub,384,priest,shadow,6,4,2
32917,Daftî,twisting-nether,384,priest,shadow,6,4,2
32918,Atropin,silvermoon,384,priest,shadow,6,4,2
32919,Трихоманиаз,ashenvale,384,priest,shadow,6,4,2
32920,Floodey,defias-brotherhood,384,priest,shadow,6,4,2
32921,Syrïal,hyjal,384,priest,shadow,6,4,2
32922,Derl,pozzo-delleternità,384,priest,shadow,6,4,2
32923,Êlectron,ravencrest,384,priest,shadow,6,4,2
32924,Gomor,mannoroth,384,priest,shadow,6,4,2
32925,Vantek,antonidas,384,priest,shadow,6,4,2
32926,Éllipses,kazzak,384,priest,shadow,6,4,2
32927,Nìak,ysondre,384,priest,shadow,15,5,10
32928,Voidknight,darkspear,384,priest,shadow,12,4,8
32929,Datscrazi,ravencrest,384,priest,shadow,12,4,8
32930,Obscurity,burning-steppes,384,priest,shadow,12,4,8
32931,Dotmaster,darkspear,384,priest,shadow,12,4,8
32932,Zaoza,dentarg,384,priest,shadow,12,4,8
32933,Bacovia,tarren-mill,384,priest,shadow,12,4,8
32934,Amazingame,tarren-mill,384,priest,shadow,12,4,8
32935,Lenneyqt,blackmoore,384,priest,shadow,12,4,8
32936,Созвонимся,gordunni,384,priest,shadow,12,4,8
32937,Самоэль,gordunni,384,priest,shadow,12,4,8
32938,Арлектакль,blackscar,384,priest,shadow,12,4,8
32939,Râây,blackrock,384,priest,shadow,12,4,8
32940,Ларчшп,gordunni,384,priest,shadow,12,4,8
32941,Skilled,stormscale,384,priest,shadow,12,4,8
32942,Infliction,auchindoun,384,priest,shadow,12,4,8
32943,Kirtách,dun-modr,384,priest,shadow,12,4,8
32944,Dellarien,stormscale,384,priest,shadow,12,4,8
32945,Нудная,galakrond,384,priest,shadow,12,4,8
32946,Fùkøff,stormscale,384,priest,shadow,12,4,8
32947,Niikki,blackrock,384,priest,shadow,12,4,8
32948,Gonorreolga,tarren-mill,384,priest,shadow,12,4,8
32949,Gerase,blackrock,384,priest,shadow,12,4,8
32950,Swoptoplong,blackhand,384,priest,shadow,12,4,8
32951,Xalgâzor,zuljin,384,priest,shadow,12,4,8
32952,Æro,malganis,384,priest,shadow,12,4,8
32953,Baubsy,ghostlands,384,priest,shadow,12,4,8
32954,Rèd,antonidas,384,priest,shadow,12,4,8
32955,Cizer,kazzak,384,priest,shadow,12,4,8
32956,Morzâr,outland,384,priest,shadow,12,4,8
32957,Preodek,kazzak,384,priest,shadow,12,4,8
32958,Shadøwz,grim-batol,384,priest,shadow,12,4,8
32959,Lfgarcatraz,aegwynn,384,priest,shadow,12,4,8
32960,Dpriesta,aegwynn,384,priest,shadow,12,4,8
32961,Darkoze,kazzak,384,priest,shadow,12,4,8
32962,Chlorohhkine,chogall,384,priest,shadow,13,4,9
32963,Tobirama,stormscale,384,priest,shadow,17,4,13
32964,Iamshadow,blackrock,384,priest,shadow,17,4,13
32965,Zerim,blackmoore,384,priest,shadow,18,4,14
32966,Абрасд,gordunni,384,priest,shadow,18,4,14
32967,Darettii,blackrock,383,priest,shadow,6,4,2
32968,Abnórmus,tarren-mill,383,priest,shadow,6,4,2
32969,Словаболь,gordunni,383,priest,shadow,6,4,2
32970,Newik,burning-legion,383,priest,shadow,6,4,2
32971,Shikamarudmx,burning-legion,383,priest,shadow,15,5,10
32972,Sphard,ysondre,383,priest,shadow,12,4,8
32973,Lisua,blackmoore,383,priest,shadow,30,4,26
32974,Perchédue,silvermoon,367,priest,shadow,11,4,7
32975,Levitating,argent-dawn,336,priest,shadow,9,5,4
32976,Zennen,ragnaros,336,priest,shadow,13,5,8
32977,Tweediertie,argent-dawn,335,priest,shadow,11,4,7
32978,Prìestìalìty,draenor,330,priest,shadow,11,6,5
32979,Zetara,archimonde,320,priest,shadow,10,4,6
32980,Деняприст,gordunni,288,priest,shadow,6,3,3
32981,Злыденькая,gordunni,288,priest,shadow,6,3,3
32982,Нечавкай,deathweaver,288,priest,shadow,6,3,3
32983,Oggiz,archimonde,288,priest,shadow,6,3,3
32984,Неймхичгодх,gordunni,288,priest,shadow,6,3,3
32985,Пристотян,gordunni,288,priest,shadow,6,3,3
32986,Лиройгеморой,gordunni,288,priest,shadow,6,3,3
32987,Grocx,kazzak,288,priest,shadow,6,3,3
32988,Yazh,argent-dawn,288,priest,shadow,6,3,3
32989,Nitza,silvermoon,288,priest,shadow,6,3,3
32990,Vampiro,blackhand,288,priest,shadow,6,3,3
32991,Freezydot,silvermoon,288,priest,shadow,6,3,3
32992,Bhlad,silvermoon,288,priest,shadow,6,3,3
32993,Chandria,veknilash,288,priest,shadow,6,3,3
32994,Torquemad,sunstrider,288,priest,shadow,6,3,3
32995,Dunkelseele,ahnqiraj,288,priest,shadow,6,3,3
32996,Notra,shattrath,288,priest,shadow,6,3,3
32997,Momet,defias-brotherhood,288,priest,shadow,6,3,3
32998,Zøid,ysondre,288,priest,shadow,6,3,3
32999,Gorali,the-venture-co,288,priest,shadow,6,3,3
33000,Mgx,defias-brotherhood,288,priest,shadow,6,3,3
33001,Drynte,blackmoore,288,priest,shadow,6,3,3
33002,Snoopydawgs,blackmoore,288,priest,shadow,6,3,3
33003,Дюрэкс,soulflayer,288,priest,shadow,6,3,3
33004,Ahle,darkspear,288,priest,shadow,6,3,3
33005,Linara,frostmane,288,priest,shadow,6,3,3
33006,Смегмачет,soulflayer,288,priest,shadow,6,3,3
33007,Taklamakan,alakir,288,priest,shadow,6,3,3
33008,Флэнсер,soulflayer,288,priest,shadow,6,3,3
33009,Eldrathir,burning-legion,288,priest,shadow,6,3,3
33010,Nahtod,blackmoore,288,priest,shadow,6,3,3
33011,Lutzki,the-maelstrom,288,priest,shadow,6,3,3
33012,Papynou,garona,288,priest,shadow,6,3,3
33013,Nhajÿ,hyjal,288,priest,shadow,6,3,3
33014,Hasnaa,silvermoon,288,priest,shadow,6,3,3
33015,Holybestie,eredar,288,priest,shadow,6,3,3
33016,Stinkycreep,executus,288,priest,shadow,6,3,3
33017,Poonies,silvermoon,288,priest,shadow,6,3,3
33018,Elreâ,blackrock,288,priest,shadow,6,3,3
33019,Shasdöw,hyjal,288,priest,shadow,6,3,3
33020,Cðsima,blackmoore,288,priest,shadow,6,3,3
33021,Неприст,ashenvale,288,priest,shadow,6,3,3
33022,Sweedensp,hyjal,288,priest,shadow,6,3,3
33023,Miikkap,blackhand,288,priest,shadow,6,3,3
33024,Roxfer,ysondre,288,priest,shadow,6,3,3
33025,Neopriest,stormscale,288,priest,shadow,6,3,3
33026,Ok,blackrock,288,priest,shadow,6,3,3
33027,Xaviá,blackrock,288,priest,shadow,6,3,3
33028,Trinnity,drakthul,288,priest,shadow,6,3,3
33029,Shannannanna,darkspear,288,priest,shadow,6,3,3
33030,Susaj,tarren-mill,288,priest,shadow,6,3,3
33031,Dboi,tarren-mill,288,priest,shadow,6,3,3
33032,Wizarxmentar,stormscale,288,priest,shadow,6,3,3
33033,Ggsus,outland,288,priest,shadow,6,3,3
33034,Skymning,tarren-mill,288,priest,shadow,6,3,3
33035,Xpy,kazzak,288,priest,shadow,6,3,3
33036,Aéltess,kirin-tor,288,priest,shadow,6,3,3
33037,Presbyter,mazrigos,288,priest,shadow,6,3,3
33038,Exörcíst,outland,288,priest,shadow,6,3,3
33039,Xotz,thrall,288,priest,shadow,6,3,3
33040,Imadîa,dalaran,288,priest,shadow,6,3,3
33041,Zzoska,burning-legion,288,priest,shadow,6,3,3
33042,Sàyaa,draenor,288,priest,shadow,6,3,3
33043,Wkid,draenor,288,priest,shadow,6,3,3
33044,Lethaa,twisting-nether,288,priest,shadow,6,3,3
33045,Cé,magtheridon,288,priest,shadow,6,3,3
33046,Sofuny,neptulon,288,priest,shadow,6,3,3
33047,Syntara,twisting-nether,288,priest,shadow,6,3,3
33048,Voilencia,kazzak,288,priest,shadow,6,3,3
33049,Plagegeist,blutkessel,288,priest,shadow,6,3,3
33050,Pbwser,silvermoon,288,priest,shadow,6,3,3
33051,Whýççpèrx,ravencrest,288,priest,shadow,6,3,3
33052,Liliashet,sanguino,288,priest,shadow,6,3,3
33053,Dpyo,ravencrest,288,priest,shadow,6,3,3
33054,Eyvvah,twisting-nether,288,priest,shadow,6,3,3
33055,Stepsisstuck,ragnaros,288,priest,shadow,6,3,3
33056,Byzzi,draenor,288,priest,shadow,6,3,3
33057,Ragwitch,draenor,288,priest,shadow,6,3,3
33058,Vividots,draenor,288,priest,shadow,6,3,3
33059,Abyssonmind,dun-modr,288,priest,shadow,6,3,3
33060,Skillmåster,ravencrest,288,priest,shadow,6,3,3
33061,Kallsen,ravencrest,288,priest,shadow,6,3,3
33062,Voidkäfer,ravencrest,288,priest,shadow,6,3,3
33063,Lirrydoz,ravencrest,288,priest,shadow,6,3,3
33064,Cloudfactory,ravencrest,288,priest,shadow,6,3,3
33065,Maela,uldum,288,priest,shadow,6,3,3
33066,Kopfsache,blackmoore,288,priest,shadow,7,3,4
33067,Kåstå,archimonde,288,priest,shadow,11,3,8
33068,Nesar,stormscale,288,priest,shadow,12,3,9
33069,Shreedz,blackmoore,288,priest,shadow,12,3,9
33070,Elumi,the-maelstrom,288,priest,shadow,12,3,9
33071,Hâstur,ravencrest,288,priest,shadow,12,3,9
33072,Xrystal,wrathbringer,288,priest,shadow,12,3,9
33073,Øzya,kirin-tor,288,priest,shadow,12,3,9
33074,Preast,aegwynn,288,priest,shadow,12,3,9
33075,Aaluvor,blackmoore,288,priest,shadow,12,3,9
33076,Goldische,dun-morogh,288,priest,shadow,12,3,9
33077,Supermacy,eredar,288,priest,shadow,12,3,9
33078,Kaenlin,the-maelstrom,288,priest,shadow,18,3,15
33079,Jês,thrall,287,priest,shadow,6,3,3
33080,Rulna,die-aldor,287,priest,shadow,12,3,9
33081,Nuger,tarren-mill,286,priest,shadow,6,3,3
33082,Irrtum,nozdormu,286,priest,shadow,6,3,3
33083,Жруля,ashenvale,286,priest,shadow,18,3,15
33084,Czikibriki,ravenholdt,256,priest,shadow,4,4,0
33085,Szelén,ragnaros,256,priest,shadow,10,3,7
33086,Shadepencoin,silvermoon,256,priest,shadow,10,3,7
33087,Willzah,outland,240,priest,shadow,9,3,6
33088,Herro,thrall,239,priest,shadow,5,3,2
33089,Guccimaane,twisting-nether,239,priest,shadow,5,3,2
33090,Caski,stormreaver,239,priest,shadow,5,3,2
33091,Deeforce,argent-dawn,234,priest,shadow,6,4,2
33092,Prästisjag,kazzak,234,priest,shadow,9,5,4
33093,Фьюриреидж,soulflayer,234,priest,shadow,8,4,4
33094,Ainoa,grim-batol,234,priest,shadow,9,4,5
33095,Ðarcø,archimonde,208,priest,shadow,13,3,10
33096,Shadowflamè,outland,192,priest,shadow,4,3,1
33097,Coffíndodger,magtheridon,192,priest,shadow,4,3,1
33098,Szycho,burning-legion,192,priest,shadow,9,3,6
33099,Harleyquiñ,burning-legion,192,priest,shadow,6,2,4
33100,Getitoffme,auchindoun,192,priest,shadow,6,2,4
33101,Mømmymilkers,archimonde,192,priest,shadow,6,2,4
33102,Najany,archimonde,192,priest,shadow,6,2,4
33103,Daven,ysondre,192,priest,shadow,6,2,4
33104,Встанислав,gordunni,192,priest,shadow,6,2,4
33105,Siezlababo,blackrock,192,priest,shadow,6,2,4
33106,Madclownz,blackrock,192,priest,shadow,6,2,4
33107,Llounal,silvermoon,192,priest,shadow,6,2,4
33108,Fqú,wrathbringer,192,priest,shadow,6,2,4
33109,Sotriggered,sylvanas,192,priest,shadow,6,2,4
33110,Ximenia,eredar,192,priest,shadow,6,2,4
33111,Pepitzaftw,sylvanas,192,priest,shadow,6,2,4
33112,Ràthaløs,sanguino,192,priest,shadow,6,2,4
33113,Makemyday,dun-modr,192,priest,shadow,6,2,4
33114,Yugata,archimonde,192,priest,shadow,6,2,4
33115,Misántropo,dun-modr,192,priest,shadow,6,2,4
33116,Keijuna,kazzak,192,priest,shadow,6,2,4
33117,Crzzy,dun-modr,192,priest,shadow,6,2,4
33118,Priath,magtheridon,192,priest,shadow,6,2,4
33119,Zootx,magtheridon,192,priest,shadow,6,2,4
33120,Abî,frostwolf,192,priest,shadow,6,2,4
33121,Vengigodxx,ravencrest,192,priest,shadow,6,2,4
33122,Reapzbolt,blackrock,192,priest,shadow,6,2,4
33123,Andérsón,magtheridon,192,priest,shadow,6,2,4
33124,Putoeinstein,sylvanas,192,priest,shadow,6,2,4
33125,Жрецдуши,gordunni,192,priest,shadow,6,2,4
33126,Phobò,antonidas,192,priest,shadow,6,2,4
33127,Ompala,shattered-hand,192,priest,shadow,6,2,4
33128,Thyrena,twisting-nether,192,priest,shadow,6,2,4
33129,Piizzdiica,twisting-nether,192,priest,shadow,6,2,4
33130,Bandgap,antonidas,192,priest,shadow,6,2,4
33131,Tuljan,twisting-nether,192,priest,shadow,6,2,4
33132,Cto,gorgonnash,192,priest,shadow,6,2,4
33133,Grimor,talnivarr,192,priest,shadow,6,2,4
33134,Шарадин,gordunni,192,priest,shadow,6,2,4
33135,Kaleshiry,kazzak,192,priest,shadow,6,2,4
33136,Notdespo,kazzak,192,priest,shadow,6,2,4
33137,Holycrapx,chromaggus,192,priest,shadow,6,2,4
33138,Шиписс,soulflayer,192,priest,shadow,6,2,4
33139,Aruna,ravencrest,192,priest,shadow,6,2,4
33140,Гундяй,soulflayer,192,priest,shadow,6,2,4
33141,Otheym,the-maelstrom,192,priest,shadow,6,2,4
33142,Oknelim,blackmoore,192,priest,shadow,6,2,4
33143,Ørbänvîktôrx,ragnaros,192,priest,shadow,6,2,4
33144,Velansera,argent-dawn,192,priest,shadow,6,2,4
33145,Шестьнадцать,gordunni,192,priest,shadow,6,2,4
33146,Сайннз,howling-fjord,192,priest,shadow,6,2,4
33147,Сорвиголов,howling-fjord,192,priest,shadow,6,2,4
33148,Illordz,nemesis,192,priest,shadow,6,2,4
33149,Дашажмитучу,howling-fjord,192,priest,shadow,6,2,4
33150,Buan,blackmoore,192,priest,shadow,6,2,4
33151,Turah,the-maelstrom,192,priest,shadow,6,2,4
33152,Amáni,die-aldor,192,priest,shadow,6,2,4
33153,Joezero,the-maelstrom,192,priest,shadow,6,2,4
33154,Волкановская,eversong,192,priest,shadow,6,2,4
33155,Zikár,kazzak,192,priest,shadow,6,2,4
33156,Forhandleren,draenor,192,priest,shadow,6,2,4
33157,Shokkapriest,draenor,192,priest,shadow,6,2,4
33158,Bòóny,ravencrest,192,priest,shadow,6,2,4
33159,Shroomza,blackmoore,192,priest,shadow,6,2,4
33160,Jarnary,blackmoore,192,priest,shadow,6,2,4
33161,Rallzken,stormscale,192,priest,shadow,6,2,4
33162,Нефрида,gordunni,192,priest,shadow,6,2,4
33163,Мсикатана,gordunni,192,priest,shadow,6,2,4
33164,Omejan,frostmane,192,priest,shadow,6,2,4
33165,Nomarak,drakthul,192,priest,shadow,6,2,4
33166,Elëctra,vashj,192,priest,shadow,6,2,4
33167,Lugburzz,draenor,192,priest,shadow,6,2,4
33168,Rustyroll,stormscale,192,priest,shadow,6,2,4
33169,Crazyname,outland,192,priest,shadow,6,2,4
33170,Chekkó,blackrock,192,priest,shadow,6,2,4
33171,Funstopshere,ravencrest,192,priest,shadow,6,2,4
33172,Xaeroow,archimonde,192,priest,shadow,6,2,4
33173,Esthea,malganis,192,priest,shadow,6,2,4
33174,Calïxløve,der-rat-von-dalaran,192,priest,shadow,6,2,4
33175,Deternity,stormscale,192,priest,shadow,6,2,4
33176,Lythra,burning-legion,192,priest,shadow,6,2,4
33177,Purplereign,stormscale,192,priest,shadow,6,2,4
33178,Reïny,tarren-mill,192,priest,shadow,6,2,4
33179,Wsp,tarren-mill,192,priest,shadow,6,2,4
33180,Clemexyo,stormscale,192,priest,shadow,6,2,4
33181,Sephìrøth,malganis,192,priest,shadow,6,2,4
33182,Безмездная,gordunni,192,priest,shadow,6,2,4
33183,Hadsup,stormscale,192,priest,shadow,6,2,4
33184,Azshanna,argent-dawn,192,priest,shadow,6,2,4
33185,Alpharîus,argent-dawn,192,priest,shadow,6,2,4
33186,Lèviåthån,stormscale,192,priest,shadow,6,2,4
33187,Wiglere,argent-dawn,192,priest,shadow,6,2,4
33188,Периссвет,thermaplugg,192,priest,shadow,6,2,4
33189,Shmoly,stormscale,192,priest,shadow,6,2,4
33190,Lollithu,argent-dawn,192,priest,shadow,6,2,4
33191,Бихар,gordunni,192,priest,shadow,10,2,8
33192,Awcute,kazzak,192,priest,shadow,12,2,10
33193,Wortmonster,malganis,192,priest,shadow,12,2,10
33194,Noir,nemesis,192,priest,shadow,12,2,10
33195,Господствуй,gordunni,192,priest,shadow,12,2,10
33196,Andorelya,blackhand,191,priest,shadow,6,2,4
33197,Girlidlion,twisting-nether,159,priest,shadow,5,2,3
33198,Edoran,ragnaros,159,priest,shadow,5,2,3
33199,Qku,ravencrest,144,priest,shadow,9,3,6
33200,Føxy,emerald-dream,138,priest,shadow,7,3,4
33201,Alswynn,draenor,138,priest,shadow,13,3,10
33202,Heeyø,drakthul,128,priest,shadow,4,2,2
33203,Yologrumples,tarren-mill,128,priest,shadow,4,2,2
33204,Kasimobbel,alexstrasza,112,priest,shadow,13,2,11
33205,Vampirski,kazzak,96,priest,shadow,3,2,1
33206,Aureï,khaz-modan,96,priest,shadow,3,2,1
33207,Infâme,culte-de-la-rive-noire,96,priest,shadow,6,1,5
33208,Kales,grim-batol,96,priest,shadow,6,1,5
33209,Tryagain,ravencrest,96,priest,shadow,6,1,5
33210,Prostamolle,conseil-des-ombres,96,priest,shadow,6,1,5
33211,Bij,outland,96,priest,shadow,6,1,5
33212,Adev,drakthul,96,priest,shadow,6,1,5
33213,Radenox,stormscale,96,priest,shadow,6,1,5
33214,Nestélle,drakthul,96,priest,shadow,6,1,5
33215,Higgle,argent-dawn,96,priest,shadow,6,1,5
33216,Vès,stormscale,96,priest,shadow,6,1,5
33217,Попячебрило,gordunni,96,priest,shadow,6,1,5
33218,Nelpriest,hyjal,96,priest,shadow,6,1,5
33219,Scrotoepalle,nemesis,96,priest,shadow,6,1,5
33220,Vtqt,outland,96,priest,shadow,6,1,5
33221,Exila,rashgarroth,96,priest,shadow,6,1,5
33222,Soulmedic,draenor,96,priest,shadow,6,1,5
33223,Abudhabi,blackhand,96,priest,shadow,6,1,5
33224,Skitcy,ghostlands,96,priest,shadow,6,1,5
33225,Izarath,outland,96,priest,shadow,6,1,5
33226,Uwucatgir,silvermoon,96,priest,shadow,6,1,5
33227,Maddøc,die-aldor,96,priest,shadow,6,1,5
33228,Абсорбиболь,howling-fjord,96,priest,shadow,6,1,5
33229,Ölümsüz,blackmoore,96,priest,shadow,6,1,5
33230,Мегаствол,howling-fjord,96,priest,shadow,6,1,5
33231,Míllerzz,ragnaros,96,priest,shadow,6,1,5
33232,Ghostroller,pozzo-delleternità,96,priest,shadow,6,1,5
33233,Baltrom,ravencrest,96,priest,shadow,6,1,5
33234,Zukatana,tarren-mill,96,priest,shadow,6,1,5
33235,Bädx,silvermoon,96,priest,shadow,6,1,5
33236,Serach,ravencrest,96,priest,shadow,6,1,5
33237,Чупатаявошь,soulflayer,96,priest,shadow,6,1,5
33238,Príêstjklòl,stormscale,96,priest,shadow,6,1,5
33239,Nextdawn,kazzak,96,priest,shadow,6,1,5
33240,Shonsized,argent-dawn,96,priest,shadow,6,1,5
33241,Gobie,sunstrider,96,priest,shadow,6,1,5
33242,Kianprie,silvermoon,96,priest,shadow,6,1,5
33243,Arliston,draenor,96,priest,shadow,6,1,5
33244,Koíré,defias-brotherhood,96,priest,shadow,6,1,5
33245,Катранасс,eversong,96,priest,shadow,6,1,5
33246,Anariell,ravencrest,96,priest,shadow,6,1,5
33247,Nukksch,antonidas,96,priest,shadow,6,1,5
33248,Winstõn,sanguino,96,priest,shadow,6,1,5
33249,Enduring,darksorrow,96,priest,shadow,6,1,5
33250,Hampådenbååd,kazzak,96,priest,shadow,6,1,5
33251,Chimara,eredar,96,priest,shadow,6,1,5
33252,Deicidex,blackrock,96,priest,shadow,6,1,5
33253,Stola,archimonde,96,priest,shadow,6,1,5
33254,Corefusion,blackrock,96,priest,shadow,6,1,5
33255,Anglaran,hellscream,96,priest,shadow,6,1,5
33256,Löô,archimonde,96,priest,shadow,6,1,5
33257,Jakepriest,twisting-nether,96,priest,shadow,6,1,5
33258,Endlin,silvermoon,96,priest,shadow,6,1,5
33259,Tøucher,silvermoon,96,priest,shadow,6,1,5
33260,Rines,thrall,96,priest,shadow,6,1,5
33261,Câtryona,sylvanas,96,priest,shadow,12,1,11
33262,Tiras,argent-dawn,96,priest,shadow,12,1,11
33263,Peesussy,kazzak,79,priest,shadow,5,1,4
33264,Xavyos,eredar,64,priest,shadow,4,1,3
33265,Gandals,shadowsong,64,priest,shadow,4,1,3
33266,Xharyo,ravencrest,64,priest,shadow,4,1,3
33267,Бледноват,ashenvale,63,priest,shadow,2,2,0
33268,Achesita,sylvanas,48,priest,shadow,3,1,2
33269,Møldark,silvermoon,48,priest,shadow,3,1,2
33270,Psyp,kazzak,42,priest,shadow,8,2,6
33271,Holyhigh,baelgun,31,priest,shadow,2,1,1
33272,Mjuk,tarren-mill,16,priest,shadow,1,1,0
33273,Rãz,stormscale,2130,rogue,outlaw,66,36,30
33274,Krixor,ravencrest,1851,rogue,outlaw,108,53,55
33275,Макевин,gordunni,1847,rogue,outlaw,94,45,49
33276,Kekuriix,vashj,1796,rogue,outlaw,130,66,64
33277,Дизелюжн,howling-fjord,1744,rogue,outlaw,242,119,123
33278,Феинт,galakrond,1739,rogue,outlaw,48,19,29
33279,Lidiaubaro,ravencrest,1725,rogue,outlaw,362,185,177
33280,Yessa,argent-dawn,1721,rogue,outlaw,36,18,18
33281,Koopa,argent-dawn,1666,rogue,outlaw,60,29,31
33282,Kreayx,ysondre,1666,rogue,outlaw,42,19,23
33283,Radiogodx,stormscale,1660,rogue,outlaw,163,79,84
33284,Jalsket,tarren-mill,1637,rogue,outlaw,48,25,23
33285,Scotlander,argent-dawn,1627,rogue,outlaw,60,34,26
33286,Kreay,ysondre,1620,rogue,outlaw,42,20,22
33287,Ålûñàhlulz,kilrogg,1604,rogue,outlaw,48,30,18
33288,Estriil,dalaran,1603,rogue,outlaw,42,24,18
33289,Kreay,tarren-mill,1576,rogue,outlaw,40,29,11
33290,Syrn,ravencrest,1559,rogue,outlaw,66,31,35
33291,Nèwt,aggramar,1528,rogue,outlaw,126,65,61
33292,Izzmonab,blackmoore,1519,rogue,outlaw,24,16,8
33293,Chillo,ravencrest,1511,rogue,outlaw,46,22,24
33294,Ранконх,lich-king,1502,rogue,outlaw,50,17,33
33295,Bannedfrigid,outland,1501,rogue,outlaw,66,25,41
33296,Зувер,blackscar,1494,rogue,outlaw,106,57,49
33297,Deevoll,tarren-mill,1481,rogue,outlaw,102,45,57
33298,Sigleif,argent-dawn,1471,rogue,outlaw,111,57,54
33299,Shredfngrz,garona,1455,rogue,outlaw,44,22,22
33300,Loubina,silvermoon,1446,rogue,outlaw,36,16,20
33301,Carvyn,defias-brotherhood,1443,rogue,outlaw,111,59,52
33302,Bonelesschic,silvermoon,1435,rogue,outlaw,155,82,73
33303,Delrøq,draenor,1435,rogue,outlaw,76,40,36
33304,Zbojník,ravencrest,1434,rogue,outlaw,36,15,21
33305,Röguetönerö,dun-modr,1429,rogue,outlaw,77,28,49
33306,Déjávu,ravencrest,1426,rogue,outlaw,30,15,15
33307,Cryneth,ravencrest,1373,rogue,outlaw,51,25,26
33308,Åråmsëß,grim-batol,1357,rogue,outlaw,25,16,9
33309,Tidløs,dun-morogh,1349,rogue,outlaw,65,28,37
33310,Pistolpete,grim-batol,1343,rogue,outlaw,30,14,16
33311,Callmerose,ravencrest,1334,rogue,outlaw,24,14,10
33312,Джулт,soulflayer,1334,rogue,outlaw,48,17,31
33313,Murkyy,gilneas,1329,rogue,outlaw,32,16,16
33314,Djeud,archimonde,1325,rogue,outlaw,64,34,30
33315,Jasolo,silvermoon,1314,rogue,outlaw,383,201,182
33316,Pasarelo,dun-modr,1311,rogue,outlaw,41,18,23
33317,Örog,hyjal,1288,rogue,outlaw,47,26,21
33318,Mawrat,mazrigos,1248,rogue,outlaw,30,13,17
33319,Ðaegr,ravencrest,1240,rogue,outlaw,54,26,28
33320,Dimmu,haomarush,1224,rogue,outlaw,53,24,29
33321,Sqz,archimonde,1222,rogue,outlaw,30,18,12
33322,Cipusan,kazzak,1219,rogue,outlaw,24,13,11
33323,Шторкаа,gordunni,1214,rogue,outlaw,33,19,14
33324,Zapunk,argent-dawn,1213,rogue,outlaw,41,14,27
33325,Omgjkgtfo,ravencrest,1207,rogue,outlaw,30,13,17
33326,Jinzou,blackmoore,1200,rogue,outlaw,51,27,24
33327,Rasponi,ragnaros,1174,rogue,outlaw,60,29,31
33328,Xsanji,kazzak,1140,rogue,outlaw,30,12,18
33329,Rivso,auchindoun,1118,rogue,outlaw,41,14,27
33330,Lättja,hyjal,1059,rogue,outlaw,24,12,12
33331,Eukaryot,aggra-português,1054,rogue,outlaw,24,11,13
33332,Terya,ragnaros,1052,rogue,outlaw,30,11,19
33333,Bxtchslayer,blackmoore,1044,rogue,outlaw,35,21,14
33334,Génn,silvermoon,1041,rogue,outlaw,44,21,23
33335,Svddendeath,ragnaros,1034,rogue,outlaw,24,11,13
33336,Spiochrr,burning-legion,1024,rogue,outlaw,66,26,40
33337,Melahl,kazzak,1021,rogue,outlaw,71,39,32
33338,Soothinqq,emerald-dream,963,rogue,outlaw,23,15,8
33339,Lïke,frostwolf,960,rogue,outlaw,18,10,8
33340,Foulsteel,stormscale,951,rogue,outlaw,18,10,8
33341,Neolamer,pozzo-delleternità,937,rogue,outlaw,56,23,33
33342,Omuspan,magtheridon,881,rogue,outlaw,66,28,38
33343,Жижель,howling-fjord,859,rogue,outlaw,18,9,9
33344,Mirajen,archimonde,832,rogue,outlaw,29,9,20
33345,Mcgora,doomhammer,820,rogue,outlaw,30,12,18
33346,Hânnäh,hyjal,805,rogue,outlaw,42,18,24
33347,Zep,auchindoun,768,rogue,outlaw,12,8,4
33348,Bikrut,hyjal,768,rogue,outlaw,12,8,4
33349,Gerzy,drakthul,768,rogue,outlaw,18,8,10
33350,Vokhun,outland,768,rogue,outlaw,18,8,10
33351,Alizwood,aegwynn,767,rogue,outlaw,18,10,8
33352,Okani,hyjal,761,rogue,outlaw,18,8,10
33353,Dredge,kaelthas,761,rogue,outlaw,24,8,16
33354,Blàckbèàrd,silvermoon,753,rogue,outlaw,36,13,23
33355,Shichi,archimonde,751,rogue,outlaw,23,8,15
33356,Riviele,argent-dawn,732,rogue,outlaw,14,9,5
33357,Viligar,kazzak,687,rogue,outlaw,21,8,13
33358,Dían,ravencrest,672,rogue,outlaw,12,7,5
33359,Dêlaral,der-rat-von-dalaran,672,rogue,outlaw,16,8,8
33360,Kidneyou,ragnaros,672,rogue,outlaw,18,7,11
33361,Rogiko,twisting-nether,672,rogue,outlaw,18,7,11
33362,Trixnaz,silvermoon,671,rogue,outlaw,18,7,11
33363,Skygann,burning-legion,670,rogue,outlaw,12,7,5
33364,Badabôôm,wrathbringer,670,rogue,outlaw,18,7,11
33365,Cornvus,burning-legion,658,rogue,outlaw,12,7,5
33366,Фофламидзе,gordunni,611,rogue,outlaw,15,7,8
33367,Shåð,zuljin,576,rogue,outlaw,12,6,6
33368,Pidroseus,argent-dawn,575,rogue,outlaw,12,6,6
33369,Маллестар,ashenvale,575,rogue,outlaw,12,6,6
33370,Noodlegoose,tarren-mill,575,rogue,outlaw,12,6,6
33371,Anom,kargath,575,rogue,outlaw,12,6,6
33372,Кингксу,gordunni,575,rogue,outlaw,24,6,18
33373,Rã,archimonde,574,rogue,outlaw,12,6,6
33374,Тимареканец,eversong,572,rogue,outlaw,18,6,12
33375,Gloomykenny,tarren-mill,543,rogue,outlaw,17,6,11
33376,Zômbiê,blackrock,491,rogue,outlaw,13,6,7
33377,Tåxic,sylvanas,480,rogue,outlaw,6,5,1
33378,Arathir,ravencrest,480,rogue,outlaw,12,7,5
33379,Fivepoint,blackmoore,480,rogue,outlaw,12,5,7
33380,Faoil,defias-brotherhood,480,rogue,outlaw,12,5,7
33381,Featfawkes,ragnaros,480,rogue,outlaw,12,5,7
33382,Ладжо,gordunni,480,rogue,outlaw,18,5,13
33383,Alatheril,argent-dawn,479,rogue,outlaw,12,5,7
33384,Toxîne,archimonde,479,rogue,outlaw,12,5,7
33385,Nocrath,blades-edge,479,rogue,outlaw,12,5,7
33386,Djsapblindx,archimonde,479,rogue,outlaw,18,5,13
33387,Hosenpinkler,lordaeron,478,rogue,outlaw,12,5,7
33388,Darkchomeur,archimonde,384,rogue,outlaw,6,4,2
33389,Backstabjr,blackmoore,384,rogue,outlaw,6,4,2
33390,Synexo,sylvanas,384,rogue,outlaw,12,4,8
33391,Machmacan,thrall,384,rogue,outlaw,12,4,8
33392,Mïta,blackmoore,383,rogue,outlaw,6,4,2
33393,Alena,arathi,383,rogue,outlaw,6,4,2
33394,Groendienst,quelthalas,381,rogue,outlaw,12,4,8
33395,Aaronblade,aggra-português,379,rogue,outlaw,12,4,8
33396,Trímønâ,gorgonnash,351,rogue,outlaw,11,4,7
33397,Masteez,ahnqiraj,318,rogue,outlaw,5,4,1
33398,Onlyluvhurt,dun-modr,288,rogue,outlaw,6,3,3
33399,Mol,defias-brotherhood,288,rogue,outlaw,6,3,3
33400,Играючестно,howling-fjord,288,rogue,outlaw,6,3,3
33401,Shadxwstep,ravencrest,288,rogue,outlaw,6,3,3
33402,Фораст,gordunni,288,rogue,outlaw,6,3,3
33403,Cigarette,emeriss,288,rogue,outlaw,6,3,3
33404,Szpachela,burning-legion,288,rogue,outlaw,12,3,9
33405,Finisher,sanguino,288,rogue,outlaw,12,3,9
33406,Cobaka,blackrock,288,rogue,outlaw,12,3,9
33407,Heulleise,die-ewige-wacht,288,rogue,outlaw,12,3,9
33408,Ванэйти,gordunni,287,rogue,outlaw,6,3,3
33409,Helax,turalyon,287,rogue,outlaw,12,3,9
33410,Blackmetall,aegwynn,286,rogue,outlaw,12,3,9
33411,Сереф,gordunni,239,rogue,outlaw,5,3,2
33412,Barisso,burning-legion,223,rogue,outlaw,8,3,5
33413,Cardsharkjoe,argent-dawn,223,rogue,outlaw,14,3,11
33414,Razaah,ravencrest,192,rogue,outlaw,6,2,4
33415,Snøv,outland,192,rogue,outlaw,6,2,4
33416,Оргельна,gordunni,192,rogue,outlaw,6,2,4
33417,Invisage,grim-batol,192,rogue,outlaw,6,2,4
33418,Cheapshotwin,nethersturm,192,rogue,outlaw,6,2,4
33419,Nyxal,argent-dawn,192,rogue,outlaw,6,2,4
33420,Sneakysteve,bloodfeather,192,rogue,outlaw,6,2,4
33421,Shåggy,vashj,192,rogue,outlaw,6,2,4
33422,Nomota,sanguino,192,rogue,outlaw,6,2,4
33423,Zind,dalaran,192,rogue,outlaw,6,2,4
33424,Banaulikode,twisting-nether,192,rogue,outlaw,6,2,4
33425,Zyhmø,archimonde,192,rogue,outlaw,6,2,4
33426,Rashaz,blackhand,192,rogue,outlaw,6,2,4
33427,Stunlock,silvermoon,192,rogue,outlaw,6,2,4
33428,Swaeard,ravencrest,192,rogue,outlaw,6,2,4
33429,Berneo,burning-legion,192,rogue,outlaw,6,2,4
33430,Dawnsaber,argent-dawn,192,rogue,outlaw,6,2,4
33431,Paralisis,zuljin,192,rogue,outlaw,6,2,4
33432,Alvoriace,hyjal,192,rogue,outlaw,12,2,10
33433,Shinõbikék,outland,175,rogue,outlaw,11,2,9
33434,Valtesse,medivh,159,rogue,outlaw,5,2,3
33435,Piperx,ravencrest,159,rogue,outlaw,11,2,9
33436,Геопанк,howling-fjord,144,rogue,outlaw,3,3,0
33437,Zyreanxy,blackrock,138,rogue,outlaw,10,3,7
33438,Tipok,tarren-mill,136,rogue,outlaw,17,3,14
33439,Ñøway,archimonde,96,rogue,outlaw,3,2,1
33440,Yüm,burning-blade,96,rogue,outlaw,6,1,5
33441,Dritzdourden,dun-modr,96,rogue,outlaw,6,1,5
33442,Аутянин,soulflayer,96,rogue,outlaw,6,1,5
33443,Mallaurya,dalaran,96,rogue,outlaw,6,1,5
33444,Akira,outland,96,rogue,outlaw,6,1,5
33445,Vaze,ravencrest,96,rogue,outlaw,6,1,5
33446,Ciaordel,sylvanas,96,rogue,outlaw,6,1,5
33447,Леронда,deepholm,96,rogue,outlaw,6,1,5
33448,Natillaa,dun-modr,96,rogue,outlaw,6,1,5
33449,Feucht,argent-dawn,96,rogue,outlaw,6,1,5
33450,Sty,aerie-peak,96,rogue,outlaw,6,1,5
33451,Ótsutsukí,kazzak,96,rogue,outlaw,6,1,5
33452,Jester,bladefist,96,rogue,outlaw,12,1,11
33453,Tiltman,dun-morogh,79,rogue,outlaw,5,1,4
33454,Nabatean,magtheridon,48,rogue,outlaw,3,1,2
33455,Getbleeded,stormscale,31,rogue,outlaw,2,1,1
33456,Ncroxd,ravencrest,2316,rogue,subtlety,72,56,16
33457,Naláa,ravencrest,2270,rogue,subtlety,174,95,79
33458,Howton,archimonde,2268,rogue,subtlety,72,45,27
33459,Cazzette,ravencrest,2204,rogue,subtlety,81,48,33
33460,Asumah,ravencrest,2200,rogue,subtlety,90,55,35
33461,Shoxy,ravencrest,2195,rogue,subtlety,82,49,33
33462,Pridå,ravencrest,2185,rogue,subtlety,82,45,37
33463,Ncrø,aszune,2182,rogue,subtlety,73,46,27
33464,Лолелт,borean-tundra,2131,rogue,subtlety,104,53,51
33465,Makethemrog,archimonde,2130,rogue,subtlety,118,63,55
33466,Ewynarog,silvermoon,2129,rogue,subtlety,65,37,28
33467,Nàsklolz,hyjal,2117,rogue,subtlety,84,45,39
33468,Lfgenjoyer,tarren-mill,2114,rogue,subtlety,126,77,49
33469,Änanké,outland,2108,rogue,subtlety,90,47,43
33470,Denjinx,culte-de-la-rive-noire,2107,rogue,subtlety,78,43,35
33471,Pridå,thrall,2107,rogue,subtlety,78,41,37
33472,Sunø,archimonde,2052,rogue,subtlety,181,88,93
33473,Smøkyyx,eredar,2046,rogue,subtlety,76,40,36
33474,Vulkos,lightbringer,2041,rogue,subtlety,111,56,55
33475,Asm,the-maelstrom,2023,rogue,subtlety,94,46,48
33476,Эмилилавс,galakrond,2015,rogue,subtlety,182,107,75
33477,Fîññ,ravencrest,2014,rogue,subtlety,60,35,25
33478,Troxerboxer,tarren-mill,2000,rogue,subtlety,60,32,28
33479,Chatdisabled,drakthul,1990,rogue,subtlety,173,91,82
33480,Guççí,blackrock,1982,rogue,subtlety,83,49,34
33481,Смертьвсмоке,gordunni,1981,rogue,subtlety,284,141,143
33482,Лолелт,howling-fjord,1977,rogue,subtlety,54,33,21
33483,Пожилойпупь,gordunni,1971,rogue,subtlety,47,29,18
33484,Chatbann,blackrock,1969,rogue,subtlety,178,102,76
33485,Pulvèr,dalaran,1968,rogue,subtlety,66,38,28
33486,Renhri,burning-legion,1968,rogue,subtlety,220,122,98
33487,Aythusha,twisting-nether,1957,rogue,subtlety,54,31,23
33488,Drydamage,kazzak,1957,rogue,subtlety,131,69,62
33489,Iqws,ravencrest,1954,rogue,subtlety,66,38,28
33490,Lówskill,outland,1953,rogue,subtlety,236,127,109
33491,Magepèt,tarren-mill,1946,rogue,subtlety,130,73,57
33492,Сильфитт,gordunni,1945,rogue,subtlety,76,44,32
33493,Флексити,soulflayer,1939,rogue,subtlety,114,59,55
33494,Tracersxrude,ravencrest,1938,rogue,subtlety,131,62,69
33495,Lkzx,archimonde,1936,rogue,subtlety,77,34,43
33496,Kallelelel,tarren-mill,1933,rogue,subtlety,42,26,16
33497,Terrorman,ravencrest,1932,rogue,subtlety,60,34,26
33498,Nothingleft,draenor,1918,rogue,subtlety,143,76,67
33499,Unìque,sylvanas,1918,rogue,subtlety,96,51,45
33500,Physic,silvermoon,1915,rogue,subtlety,70,39,31
33501,Asterisyup,silvermoon,1909,rogue,subtlety,89,55,34
33502,Vensq,drakthul,1905,rogue,subtlety,66,36,30
33503,Zuqzwang,outland,1901,rogue,subtlety,54,30,24
33504,Clawdíte,blackrock,1895,rogue,subtlety,48,21,27
33505,Çhimaev,ravencrest,1886,rogue,subtlety,28,21,7
33506,Rãz,stormscale,1880,rogue,subtlety,48,31,17
33507,Xiro,dalaran,1879,rogue,subtlety,66,32,34
33508,Sapécomejaja,archimonde,1866,rogue,subtlety,38,24,14
33509,Malasap,archimonde,1861,rogue,subtlety,241,130,111
33510,Sfyr,ysondre,1858,rogue,subtlety,112,65,47
33511,Liquidité,azuremyst,1858,rogue,subtlety,176,98,78
33512,Brensø,nemesis,1857,rogue,subtlety,99,60,39
33513,Âkame,argent-dawn,1853,rogue,subtlety,59,32,27
33514,Nahj,ravencrest,1851,rogue,subtlety,42,28,14
33515,Teskes,tyrande,1846,rogue,subtlety,102,58,44
33516,Slapshot,das-konsortium,1845,rogue,subtlety,54,28,26
33517,Amén,sanguino,1833,rogue,subtlety,60,27,33
33518,Shadezlöl,ravencrest,1832,rogue,subtlety,262,131,131
33519,Nøctürnë,archimonde,1829,rogue,subtlety,42,26,16
33520,Bleakhøuse,ravencrest,1829,rogue,subtlety,58,29,29
33521,Illmatíc,ravencrest,1828,rogue,subtlety,56,29,27
33522,Dêlaral,der-mithrilorden,1828,rogue,subtlety,72,36,36
33523,Lízåriñ,ravencrest,1827,rogue,subtlety,48,38,10
33524,Randomidiot,ravencrest,1825,rogue,subtlety,54,33,21
33525,Chizué,sylvanas,1824,rogue,subtlety,54,34,20
33526,Noraex,silvermoon,1822,rogue,subtlety,81,47,34
33527,Тохуо,lich-king,1822,rogue,subtlety,42,20,22
33528,Погибайдуде,gordunni,1821,rogue,subtlety,41,34,7
33529,Роземсти,gordunni,1821,rogue,subtlety,180,95,85
33530,Subzerõ,archimonde,1820,rogue,subtlety,220,104,116
33531,Radiogodx,stormscale,1817,rogue,subtlety,60,31,29
33532,Abej,malygos,1813,rogue,subtlety,48,23,25
33533,Çåñçér,sylvanas,1810,rogue,subtlety,66,30,36
33534,Keophz,tarren-mill,1809,rogue,subtlety,140,90,50
33535,Keeganx,tarren-mill,1808,rogue,subtlety,71,39,32
33536,Ладжо,gordunni,1808,rogue,subtlety,108,54,54
33537,Лайнэл,deathweaver,1807,rogue,subtlety,60,37,23
33538,Gløøm,ravencrest,1806,rogue,subtlety,42,23,19
33539,Ooqu,silvermoon,1804,rogue,subtlety,30,23,7
33540,Xtoyo,zuljin,1804,rogue,subtlety,54,29,25
33541,Социалистсс,gordunni,1800,rogue,subtlety,80,41,39
33542,Sbx,alakir,1796,rogue,subtlety,84,50,34
33543,Insomnla,silvermoon,1796,rogue,subtlety,126,67,59
33544,Sly,emerald-dream,1789,rogue,subtlety,66,36,30
33545,Rindar,dun-modr,1788,rogue,subtlety,116,69,47
33546,Featfawkes,ragnaros,1787,rogue,subtlety,78,41,37
33547,Stonyhavana,ravencrest,1785,rogue,subtlety,84,49,35
33548,Sariena,sylvanas,1781,rogue,subtlety,137,73,64
33549,Shadowprank,ravencrest,1774,rogue,subtlety,84,44,40
33550,Kenjí,silvermoon,1769,rogue,subtlety,131,66,65
33551,Calestrian,tarren-mill,1768,rogue,subtlety,60,32,28
33552,Иждолк,gordunni,1765,rogue,subtlety,108,58,50
33553,Namelless,twisting-nether,1765,rogue,subtlety,108,58,50
33554,Bruckmann,ragnaros,1762,rogue,subtlety,47,23,24
33555,Lhitriân,saurfang,1753,rogue,subtlety,36,20,16
33556,Stråwberrý,archimonde,1753,rogue,subtlety,57,28,29
33557,Lilaven,turalyon,1753,rogue,subtlety,108,53,55
33558,Trîçk,aegwynn,1747,rogue,subtlety,78,43,35
33559,Cheapshôt,archimonde,1741,rogue,subtlety,152,84,68
33560,Инфера,lich-king,1741,rogue,subtlety,72,33,39
33561,Рели,blackscar,1739,rogue,subtlety,66,35,31
33562,Zzemzza,kazzak,1738,rogue,subtlety,53,32,21
33563,Путьказаха,gordunni,1737,rogue,subtlety,54,31,23
33564,Cheapshotwin,nethersturm,1733,rogue,subtlety,36,20,16
33565,Ccedox,stormscale,1729,rogue,subtlety,30,20,10
33566,Sunøbrain,archimonde,1729,rogue,subtlety,46,25,21
33567,Grifika,outland,1725,rogue,subtlety,87,56,31
33568,Китей,howling-fjord,1723,rogue,subtlety,78,40,38
33569,Knutten,wildhammer,1719,rogue,subtlety,101,58,43
33570,Ninjaassasin,aegwynn,1718,rogue,subtlety,100,60,40
33571,Naïmitsu,hyjal,1717,rogue,subtlety,102,53,49
33572,Брайнз,gordunni,1716,rogue,subtlety,78,53,25
33573,Sábros,ravencrest,1714,rogue,subtlety,108,50,58
33574,Хавиа,gordunni,1712,rogue,subtlety,59,37,22
33575,Rinj,antonidas,1712,rogue,subtlety,42,22,20
33576,Holaszemed,ragnaros,1711,rogue,subtlety,72,37,35
33577,Røgger,ragnaros,1706,rogue,subtlety,131,61,70
33578,Бладстейн,blackscar,1704,rogue,subtlety,94,53,41
33579,Yumiee,arygos,1697,rogue,subtlety,80,44,36
33580,Rhayesh,silvermoon,1694,rogue,subtlety,106,51,55
33581,Ålleyézonme,ravencrest,1694,rogue,subtlety,233,109,124
33582,Nippzy,twisting-nether,1691,rogue,subtlety,108,69,39
33583,Ishízu,exodar,1690,rogue,subtlety,90,44,46
33584,Knoffchad,blackhand,1689,rogue,subtlety,140,74,66
33585,Mâêl,blackmoore,1689,rogue,subtlety,155,80,75
33586,Denjastwo,archimonde,1686,rogue,subtlety,30,21,9
33587,Azirios,kazzak,1676,rogue,subtlety,88,47,41
33588,Rantie,eredar,1675,rogue,subtlety,30,18,12
33589,Crøweta,argent-dawn,1674,rogue,subtlety,36,23,13
33590,Çvß,kazzak,1673,rogue,subtlety,36,22,14
33591,Anr,burning-legion,1670,rogue,subtlety,46,26,20
33592,Architeggt,eredar,1669,rogue,subtlety,96,43,53
33593,Xzr,stormscale,1668,rogue,subtlety,36,27,9
33594,Notôríous,ravencrest,1668,rogue,subtlety,54,29,25
33595,Воронкхал,ashenvale,1668,rogue,subtlety,60,29,31
33596,Memphismp,drakthul,1667,rogue,subtlety,35,18,17
33597,Ccedolol,stormscale,1666,rogue,subtlety,71,38,33
33598,Zerotyluv,silvermoon,1652,rogue,subtlety,30,20,10
33599,Fivepoint,blackmoore,1652,rogue,subtlety,30,20,10
33600,Handuil,blackmoore,1647,rogue,subtlety,205,108,97
33601,Subsònik,tarren-mill,1645,rogue,subtlety,52,31,21
33602,Jëllyxøxø,twisting-nether,1644,rogue,subtlety,128,72,56
33603,Rímen,archimonde,1644,rogue,subtlety,48,18,30
33604,Txm,argent-dawn,1643,rogue,subtlety,42,22,20
33605,Søllek,culte-de-la-rive-noire,1642,rogue,subtlety,36,22,14
33606,Getschwîfty,ravencrest,1639,rogue,subtlety,27,18,9
33607,Tanssy,ragnaros,1638,rogue,subtlety,56,32,24
33608,Dancex,kazzak,1634,rogue,subtlety,42,28,14
33609,Дэмайо,gordunni,1632,rogue,subtlety,42,25,17
33610,Doritomix,dun-modr,1628,rogue,subtlety,44,26,18
33611,Кишмякх,howling-fjord,1627,rogue,subtlety,78,28,50
33612,Lânnïster,kazzak,1626,rogue,subtlety,42,20,22
33613,Ÿøßø,archimonde,1623,rogue,subtlety,42,24,18
33614,Whîspyr,blackmoore,1623,rogue,subtlety,42,21,21
33615,Tinylol,dun-morogh,1620,rogue,subtlety,54,32,22
33616,Monero,thrall,1617,rogue,subtlety,61,38,23
33617,Морзо,howling-fjord,1617,rogue,subtlety,72,43,29
33618,Stormhardt,stormscale,1616,rogue,subtlety,51,21,30
33619,Oczku,burning-legion,1612,rogue,subtlety,30,17,13
33620,Slimshadyqt,terokkar,1608,rogue,subtlety,42,22,20
33621,Meccura,silvermoon,1607,rogue,subtlety,93,53,40
33622,Kickcake,ravencrest,1607,rogue,subtlety,62,32,30
33623,Starfighter,pozzo-delleternità,1606,rogue,subtlety,73,38,35
33624,Dìsørderx,ravencrest,1605,rogue,subtlety,82,44,38
33625,Háttori,twisting-nether,1604,rogue,subtlety,42,24,18
33626,Ratirl,kult-der-verdammten,1603,rogue,subtlety,30,19,11
33627,Kidneyyou,blackmoore,1602,rogue,subtlety,65,32,33
33628,Aszaryn,magtheridon,1601,rogue,subtlety,54,32,22
33629,Эдкенуэй,gordunni,1600,rogue,subtlety,125,73,52
33630,Sunå,archimonde,1600,rogue,subtlety,36,19,17
33631,Moroz,ravencrest,1598,rogue,subtlety,36,20,16
33632,Хасилей,booty-bay,1596,rogue,subtlety,116,59,57
33633,Ipresskidney,tarren-mill,1595,rogue,subtlety,152,84,68
33634,Dawnsaber,argent-dawn,1593,rogue,subtlety,36,21,15
33635,Rakzena,ravencrest,1592,rogue,subtlety,30,18,12
33636,Sniiky,kazzak,1586,rogue,subtlety,138,76,62
33637,Azziinoth,ragnaros,1586,rogue,subtlety,42,17,25
33638,Nitroxygen,outland,1585,rogue,subtlety,38,22,16
33639,Evivalarte,burning-legion,1585,rogue,subtlety,61,34,27
33640,Baldoh,kazzak,1584,rogue,subtlety,36,24,12
33641,Sÿkz,hyjal,1584,rogue,subtlety,52,22,30
33642,Вр,blackscar,1582,rogue,subtlety,30,18,12
33643,Deadraw,aegwynn,1582,rogue,subtlety,36,19,17
33644,Oxyrog,ravencrest,1580,rogue,subtlety,42,22,20
33645,Royalflüx,grim-batol,1579,rogue,subtlety,69,37,32
33646,Smílèy,ravencrest,1572,rogue,subtlety,36,18,18
33647,Shyy,dun-modr,1572,rogue,subtlety,54,26,28
33648,Старллесс,gordunni,1570,rogue,subtlety,224,122,102
33649,Bloodsmell,outland,1568,rogue,subtlety,65,40,25
33650,Madisonivyqt,blackmoore,1568,rogue,subtlety,76,40,36
33651,Zôuloulou,archimonde,1566,rogue,subtlety,51,31,20
33652,Zilemjr,stormscale,1566,rogue,subtlety,104,59,45
33653,Djswaghetti,stormscale,1566,rogue,subtlety,36,18,18
33654,Счастливое,howling-fjord,1565,rogue,subtlety,86,46,40
33655,Зорго,deathguard,1564,rogue,subtlety,60,34,26
33656,Lotorr,burning-legion,1563,rogue,subtlety,86,43,43
33657,Grindz,ravencrest,1562,rogue,subtlety,340,180,160
33658,Exiv,ragnaros,1561,rogue,subtlety,54,21,33
33659,Reezr,stormscale,1559,rogue,subtlety,78,33,45
33660,Сармонн,howling-fjord,1556,rogue,subtlety,60,41,19
33661,Ziqqi,thrall,1556,rogue,subtlety,48,23,25
33662,Liarø,archimonde,1555,rogue,subtlety,151,76,75
33663,Loopermann,silvermoon,1550,rogue,subtlety,70,37,33
33664,Exanimu,ravencrest,1550,rogue,subtlety,132,58,74
33665,Pfourtwenty,eredar,1547,rogue,subtlety,36,18,18
33666,Voki,dalaran,1546,rogue,subtlety,105,58,47
33667,Droomprins,stormscale,1541,rogue,subtlety,42,23,19
33668,Jaikka,archimonde,1539,rogue,subtlety,36,24,12
33669,Meldee,burning-legion,1539,rogue,subtlety,42,21,21
33670,Mxx,stormscale,1537,rogue,subtlety,151,89,62
33671,Alexandra,kazzak,1534,rogue,subtlety,90,42,48
33672,Zømbië,kazzak,1532,rogue,subtlety,194,93,101
33673,Cøntrøl,stormreaver,1531,rogue,subtlety,108,58,50
33674,Sinist,twisting-nether,1531,rogue,subtlety,50,23,27
33675,Norlix,ravencrest,1527,rogue,subtlety,60,30,30
33676,Susquehanna,ragnaros,1527,rogue,subtlety,54,25,29
33677,Súpremé,ravencrest,1526,rogue,subtlety,54,35,19
33678,Nihilix,dalaran,1526,rogue,subtlety,90,42,48
33679,Chipicaua,silvermoon,1524,rogue,subtlety,30,16,14
33680,Fivepointx,blackmoore,1523,rogue,subtlety,66,33,33
33681,Kidknee,outland,1522,rogue,subtlety,36,18,18
33682,Rogueas,stormscale,1521,rogue,subtlety,41,25,16
33683,Skýfire,ravencrest,1519,rogue,subtlety,60,28,32
33684,Шадовкилер,blackscar,1517,rogue,subtlety,90,48,42
33685,Nopzs,outland,1516,rogue,subtlety,48,27,21
33686,Dölf,archimonde,1515,rogue,subtlety,152,84,68
33687,Бэрнии,howling-fjord,1513,rogue,subtlety,173,87,86
33688,Roanz,stormreaver,1512,rogue,subtlety,43,22,21
33689,Zodracir,scarshield-legion,1512,rogue,subtlety,36,17,19
33690,Xãwé,kazzak,1509,rogue,subtlety,45,26,19
33691,Yourexwifey,ravencrest,1508,rogue,subtlety,92,52,40
33692,Shâdowfreeze,onyxia,1505,rogue,subtlety,66,36,30
33693,Bahi,ysondre,1505,rogue,subtlety,36,16,20
33694,Вагнеса,howling-fjord,1504,rogue,subtlety,89,46,43
33695,Vögue,burning-legion,1500,rogue,subtlety,55,24,31
33696,Calpic,sanguino,1498,rogue,subtlety,119,66,53
33697,Tomassian,veknilash,1495,rogue,subtlety,27,18,9
33698,Säxnthecrity,blackmoore,1495,rogue,subtlety,261,130,131
33699,Эренх,gordunni,1493,rogue,subtlety,132,69,63
33700,Абисиан,soulflayer,1490,rogue,subtlety,78,42,36
33701,Dødgez,cthun,1489,rogue,subtlety,28,16,12
33702,Akwaaba,ravencrest,1489,rogue,subtlety,81,38,43
33703,Pérplèxîty,thrall,1487,rogue,subtlety,40,24,16
33704,Шпилля,gordunni,1487,rogue,subtlety,77,38,39
33705,Miiløx,silvermoon,1484,rogue,subtlety,47,20,27
33706,Shadystabby,stormscale,1479,rogue,subtlety,41,22,19
33707,Opaska,ravencrest,1479,rogue,subtlety,36,18,18
33708,Kire,daggerspine,1478,rogue,subtlety,65,30,35
33709,Ramses,onyxia,1478,rogue,subtlety,60,25,35
33710,Maroshko,argent-dawn,1475,rogue,subtlety,36,20,16
33711,Röguelol,outland,1475,rogue,subtlety,36,18,18
33712,Doxxei,draenor,1474,rogue,subtlety,41,25,16
33713,Ömme,archimonde,1474,rogue,subtlety,84,44,40
33714,Распяздяй,gordunni,1469,rogue,subtlety,48,30,18
33715,Grimdoll,tarren-mill,1468,rogue,subtlety,169,97,72
33716,Spr,malfurion,1468,rogue,subtlety,106,58,48
33717,Críppléz,ravencrest,1468,rogue,subtlety,84,43,41
33718,Jaydeeñ,ravencrest,1468,rogue,subtlety,36,16,20
33719,Neirdà,hyjal,1468,rogue,subtlety,43,19,24
33720,Ghøstkid,blackrock,1467,rogue,subtlety,72,37,35
33721,Tripleníne,silvermoon,1464,rogue,subtlety,59,34,25
33722,Quq,kazzak,1463,rogue,subtlety,123,64,59
33723,Jaqenhghar,pozzo-delleternità,1460,rogue,subtlety,88,48,40
33724,Winwin,silvermoon,1459,rogue,subtlety,148,90,58
33725,Ænutz,ysondre,1458,rogue,subtlety,33,18,15
33726,Tonaxstab,ragnaros,1458,rogue,subtlety,42,21,21
33727,Sashikorosu,archimonde,1457,rogue,subtlety,116,65,51
33728,Ванэйти,gordunni,1457,rogue,subtlety,298,153,145
33729,Absol,hellscream,1456,rogue,subtlety,48,29,19
33730,Xkebyzlobg,outland,1455,rogue,subtlety,29,16,13
33731,Johnnyprep,ravencrest,1454,rogue,subtlety,54,29,25
33732,Sacrehptit,naxxramas,1450,rogue,subtlety,42,26,16
33733,Nightq,tarren-mill,1450,rogue,subtlety,57,34,23
33734,Helloimjohn,darksorrow,1449,rogue,subtlety,41,22,19
33735,Critmaker,outland,1448,rogue,subtlety,24,16,8
33736,Onlyluvhurt,dun-modr,1448,rogue,subtlety,88,47,41
33737,Nâzaar,antonidas,1444,rogue,subtlety,54,33,21
33738,Tinyshank,drakthul,1444,rogue,subtlety,50,28,22
33739,Анивиана,howling-fjord,1444,rogue,subtlety,108,53,55
33740,Flambî,dalaran,1443,rogue,subtlety,54,33,21
33741,Mortnoïre,naxxramas,1443,rogue,subtlety,72,36,36
33742,Rat,mazrigos,1440,rogue,subtlety,24,15,9
33743,Inyria,outland,1438,rogue,subtlety,118,61,57
33744,Aläen,ravencrest,1437,rogue,subtlety,37,20,17
33745,Dêlaral,blackhand,1437,rogue,subtlety,30,15,15
33746,Jáyjay,antonidas,1437,rogue,subtlety,54,23,31
33747,Løre,blackrock,1437,rogue,subtlety,36,15,21
33748,Тира,grom,1436,rogue,subtlety,30,15,15
33749,Лютьер,soulflayer,1435,rogue,subtlety,120,62,58
33750,Grzech,burning-legion,1435,rogue,subtlety,66,32,34
33751,Veryscaryguý,twisting-nether,1434,rogue,subtlety,48,29,19
33752,Ruck,madmortem,1434,rogue,subtlety,30,18,12
33753,Trashbàg,alakir,1432,rogue,subtlety,30,15,15
33754,Achterom,tarren-mill,1432,rogue,subtlety,128,59,69
33755,Morgan,argent-dawn,1431,rogue,subtlety,60,35,25
33756,Дернирог,howling-fjord,1431,rogue,subtlety,61,32,29
33757,Strangeboy,ravencrest,1430,rogue,subtlety,24,15,9
33758,Locgog,argent-dawn,1428,rogue,subtlety,24,15,9
33759,Zayøn,outland,1425,rogue,subtlety,24,15,9
33760,Dígga,nemesis,1425,rogue,subtlety,30,16,14
33761,Ibizå,ravencrest,1423,rogue,subtlety,82,39,43
33762,Shaeni,silvermoon,1421,rogue,subtlety,114,58,56
33763,Zx,frostmane,1420,rogue,subtlety,36,17,19
33764,Kidneyou,ragnaros,1419,rogue,subtlety,24,15,9
33765,Trapstar,stormscale,1419,rogue,subtlety,67,34,33
33766,Darkxenojiva,blackmoore,1415,rogue,subtlety,54,22,32
33767,Xblackhole,tarren-mill,1414,rogue,subtlety,104,52,52
33768,Elfreyja,archimonde,1413,rogue,subtlety,63,30,33
33769,Lechatbotté,tarren-mill,1412,rogue,subtlety,42,27,15
33770,Жабоклик,gordunni,1412,rogue,subtlety,92,47,45
33771,Svddendeath,ragnaros,1412,rogue,subtlety,59,30,29
33772,Сабик,howling-fjord,1410,rogue,subtlety,24,17,7
33773,Wraithh,minahonda,1409,rogue,subtlety,42,25,17
33774,Jamzyrogue,emerald-dream,1405,rogue,subtlety,36,19,17
33775,Teba,cthun,1404,rogue,subtlety,40,19,21
33776,Peechiyy,blackmoore,1402,rogue,subtlety,39,22,17
33777,Lilrookie,argent-dawn,1401,rogue,subtlety,98,57,41
33778,Ryzem,archimonde,1400,rogue,subtlety,315,168,147
33779,Sumsarx,ravencrest,1400,rogue,subtlety,77,38,39
33780,Daggerdashx,ravencrest,1398,rogue,subtlety,324,175,149
33781,Fullblind,tarren-mill,1395,rogue,subtlety,43,23,20
33782,Zeiden,sanguino,1393,rogue,subtlety,48,23,25
33783,Rhûlf,ravencrest,1392,rogue,subtlety,55,27,28
33784,Xalupa,dun-modr,1392,rogue,subtlety,36,15,21
33785,Текин,howling-fjord,1391,rogue,subtlety,36,20,16
33786,Cortzy,stormscale,1391,rogue,subtlety,40,15,25
33787,Maam,ravencrest,1388,rogue,subtlety,42,25,17
33788,Billybang,outland,1387,rogue,subtlety,88,48,40
33789,Daekrun,argent-dawn,1387,rogue,subtlety,56,30,26
33790,Бэтх,soulflayer,1386,rogue,subtlety,54,32,22
33791,Rêve,the-maelstrom,1386,rogue,subtlety,34,19,15
33792,Смекрус,soulflayer,1386,rogue,subtlety,117,59,58
33793,Nìghtwalker,ravencrest,1384,rogue,subtlety,76,39,37
33794,Дакоока,soulflayer,1378,rogue,subtlety,24,16,8
33795,Zourkan,archimonde,1376,rogue,subtlety,223,119,104
33796,Binbág,draenor,1375,rogue,subtlety,54,35,19
33797,Местьбучи,howling-fjord,1374,rogue,subtlety,72,36,36
33798,Trímønâ,gorgonnash,1374,rogue,subtlety,36,16,20
33799,Crimatoria,rajaxx,1373,rogue,subtlety,51,23,28
33800,Appatras,tarren-mill,1369,rogue,subtlety,23,15,8
33801,Kryptonite,nemesis,1368,rogue,subtlety,52,27,25
33802,Behindü,frostmane,1368,rogue,subtlety,54,27,27
33803,Ванябигпуш,blackscar,1367,rogue,subtlety,36,17,19
33804,Subhub,ragnaros,1366,rogue,subtlety,48,21,27
33805,Gankbang,frostmane,1363,rogue,subtlety,78,35,43
33806,Dópamine,hyjal,1362,rogue,subtlety,28,15,13
33807,Dàwn,boulderfist,1361,rogue,subtlety,58,32,26
33808,Galathea,turalyon,1359,rogue,subtlety,54,27,27
33809,Gamezcorex,aegwynn,1353,rogue,subtlety,52,22,30
33810,Кэйтлис,howling-fjord,1353,rogue,subtlety,42,17,25
33811,Tripoid,draenor,1352,rogue,subtlety,48,21,27
33812,Trimøná,gorgonnash,1351,rogue,subtlety,24,15,9
33813,Ворейн,howling-fjord,1346,rogue,subtlety,60,28,32
33814,Эквалири,gordunni,1345,rogue,subtlety,71,33,38
33815,Azovrouge,terokkar,1344,rogue,subtlety,126,67,59
33816,Freemmr,draenor,1344,rogue,subtlety,65,32,33
33817,Såj,tarren-mill,1343,rogue,subtlety,30,14,16
33818,Lilbubblegum,emerald-dream,1342,rogue,subtlety,24,14,10
33819,Ipøuli,quelthalas,1341,rogue,subtlety,24,14,10
33820,Tripx,ravencrest,1340,rogue,subtlety,121,64,57
33821,Sùbzerø,archimonde,1340,rogue,subtlety,30,15,15
33822,Althieves,ravencrest,1339,rogue,subtlety,94,51,43
33823,Sapperinö,sylvanas,1339,rogue,subtlety,202,101,101
33824,Зенофар,soulflayer,1338,rogue,subtlety,184,84,100
33825,Monoxid,eredar,1335,rogue,subtlety,45,23,22
33826,Jqmie,ravencrest,1335,rogue,subtlety,30,15,15
33827,Yakio,silvermoon,1334,rogue,subtlety,48,19,29
33828,Isucu,burning-legion,1333,rogue,subtlety,54,31,23
33829,Ñavy,archimonde,1332,rogue,subtlety,78,33,45
33830,Xeggy,turalyon,1329,rogue,subtlety,106,63,43
33831,Evasión,aegwynn,1328,rogue,subtlety,30,16,14
33832,Akira,outland,1327,rogue,subtlety,78,46,32
33833,Bleeds,thrall,1324,rogue,subtlety,47,24,23
33834,Txf,aegwynn,1323,rogue,subtlety,24,14,10
33835,Солевыегубки,gordunni,1322,rogue,subtlety,24,14,10
33836,Jenz,blackmoore,1321,rogue,subtlety,30,14,16
33837,Roguebot,draenor,1320,rogue,subtlety,47,24,23
33838,Mercyã,outland,1316,rogue,subtlety,54,29,25
33839,Deathcvlt,hyjal,1316,rogue,subtlety,172,82,90
33840,Saptrinket,stormscale,1316,rogue,subtlety,337,154,183
33841,Midoa,nerathor,1315,rogue,subtlety,24,16,8
33842,Leepz,outland,1314,rogue,subtlety,30,17,13
33843,Shiréz,blackmoore,1310,rogue,subtlety,48,26,22
33844,Boorza,silvermoon,1309,rogue,subtlety,30,16,14
33845,Ultraviølett,gorgonnash,1308,rogue,subtlety,46,20,26
33846,Exbandit,sanguino,1307,rogue,subtlety,36,24,12
33847,Моямайя,eversong,1306,rogue,subtlety,24,14,10
33848,Levíeus,blackrock,1305,rogue,subtlety,132,73,59
33849,Bloodwraith,stormscale,1305,rogue,subtlety,36,14,22
33850,Lêmon,argent-dawn,1301,rogue,subtlety,28,17,11
33851,Sicariø,argent-dawn,1301,rogue,subtlety,53,25,28
33852,Luckeri,antonidas,1300,rogue,subtlety,66,32,34
33853,Пораменяться,gordunni,1299,rogue,subtlety,111,51,60
33854,Doperog,antonidas,1298,rogue,subtlety,36,20,16
33855,Интерфи,blackscar,1293,rogue,subtlety,68,31,37
33856,Smeyra,magtheridon,1292,rogue,subtlety,102,58,44
33857,Qiiss,stormscale,1287,rogue,subtlety,48,26,22
33858,Yokze,ravencrest,1287,rogue,subtlety,36,15,21
33859,Йзвинись,howling-fjord,1284,rogue,subtlety,42,21,21
33860,Прошмандэ,gordunni,1282,rogue,subtlety,30,15,15
33861,Fugly,ragnaros,1281,rogue,subtlety,37,14,23
33862,Swâggerino,kazzak,1280,rogue,subtlety,62,32,30
33863,Zerozsub,tarren-mill,1279,rogue,subtlety,81,43,38
33864,Тучёна,soulflayer,1276,rogue,subtlety,48,29,19
33865,Pixelrogue,argent-dawn,1274,rogue,subtlety,34,20,14
33866,Backcracker,thunderhorn,1274,rogue,subtlety,30,15,15
33867,Ézzah,blackhand,1273,rogue,subtlety,110,47,63
33868,Guiltythief,stormscale,1272,rogue,subtlety,37,18,19
33869,Янимагу,soulflayer,1271,rogue,subtlety,55,24,31
33870,Шикорро,soulflayer,1266,rogue,subtlety,36,18,18
33871,Chãøs,silvermoon,1265,rogue,subtlety,24,15,9
33872,Arrzhan,silvermoon,1263,rogue,subtlety,58,37,21
33873,Silnce,outland,1261,rogue,subtlety,66,31,35
33874,Usainßreak,chogall,1258,rogue,subtlety,24,14,10
33875,Sénsorium,draenor,1258,rogue,subtlety,95,45,50
33876,Callboy,turalyon,1256,rogue,subtlety,42,20,22
33877,Фирмиана,howling-fjord,1253,rogue,subtlety,66,35,31
33878,Рестинписер,soulflayer,1249,rogue,subtlety,114,57,57
33879,Pcessleia,twisting-nether,1247,rogue,subtlety,24,13,11
33880,Xyúmopjoßblú,ravencrest,1247,rogue,subtlety,30,13,17
33881,Cørek,blackhand,1241,rogue,subtlety,24,13,11
33882,Gingahboy,doomhammer,1239,rogue,subtlety,161,93,68
33883,Лэйкиро,gordunni,1239,rogue,subtlety,24,13,11
33884,Sambä,sanguino,1238,rogue,subtlety,54,27,27
33885,Tyrly,ravencrest,1238,rogue,subtlety,94,44,50
33886,Rexore,ravencrest,1236,rogue,subtlety,24,13,11
33887,Лиргенвард,deathguard,1236,rogue,subtlety,64,25,39
33888,Diazz,aegwynn,1231,rogue,subtlety,24,13,11
33889,Sheldowws,tarren-mill,1231,rogue,subtlety,24,13,11
33890,Alekkush,silvermoon,1231,rogue,subtlety,30,13,17
33891,Jugalos,ravencrest,1230,rogue,subtlety,35,13,22
33892,Djeud,archimonde,1229,rogue,subtlety,76,45,31
33893,Subzy,burning-legion,1229,rogue,subtlety,96,50,46
33894,Kïdney,stormscale,1228,rogue,subtlety,48,26,22
33895,Гэнт,soulflayer,1228,rogue,subtlety,30,13,17
33896,Nexieane,ravencrest,1226,rogue,subtlety,134,66,68
33897,Ултра,gordunni,1224,rogue,subtlety,123,59,64
33898,Ракфорн,howling-fjord,1221,rogue,subtlety,110,49,61
33899,Мипракн,fordragon,1217,rogue,subtlety,30,20,10
33900,Inextricabil,stormscale,1217,rogue,subtlety,30,14,16
33901,Эрихард,howling-fjord,1217,rogue,subtlety,35,16,19
33902,Zergroidz,kazzak,1215,rogue,subtlety,140,67,73
33903,Buttonsfly,silvermoon,1214,rogue,subtlety,74,49,25
33904,Ксионас,gordunni,1212,rogue,subtlety,82,36,46
33905,Ámbush,sylvanas,1210,rogue,subtlety,29,13,16
33906,Wøølfgang,archimonde,1209,rogue,subtlety,66,30,36
33907,Zanaken,stormscale,1208,rogue,subtlety,129,62,67
33908,Theriaeu,ravencrest,1207,rogue,subtlety,51,26,25
33909,Mealy,auchindoun,1207,rogue,subtlety,36,17,19
33910,Gansull,nemesis,1207,rogue,subtlety,30,13,17
33911,Ganker,antonidas,1202,rogue,subtlety,30,15,15
33912,Avøry,antonidas,1201,rogue,subtlety,30,13,17
33913,Злайа,blackscar,1199,rogue,subtlety,36,14,22
33914,Shuffeyrt,frostmane,1198,rogue,subtlety,42,24,18
33915,Niapro,dun-morogh,1197,rogue,subtlety,30,14,16
33916,Xaiko,baelgun,1196,rogue,subtlety,38,23,15
33917,Releaserage,draenor,1196,rogue,subtlety,27,14,13
33918,Jisz,doomhammer,1190,rogue,subtlety,72,39,33
33919,Maxtnulaujeu,archimonde,1190,rogue,subtlety,59,29,30
33920,Чайрлайн,blackscar,1190,rogue,subtlety,40,17,23
33921,Skillissuex,tarren-mill,1189,rogue,subtlety,244,126,118
33922,Siktiritos,malganis,1184,rogue,subtlety,60,26,34
33923,Thehand,eonar,1182,rogue,subtlety,54,32,22
33924,Adwl,archimonde,1182,rogue,subtlety,135,62,73
33925,Erenyeagerx,kazzak,1181,rogue,subtlety,84,39,45
33926,Hashlund,stormscale,1181,rogue,subtlety,38,17,21
33927,Валанбалас,soulflayer,1179,rogue,subtlety,48,25,23
33928,Попочке,soulflayer,1175,rogue,subtlety,36,23,13
33929,Сладкийперец,borean-tundra,1172,rogue,subtlety,52,24,28
33930,Rogueseanne,blackrock,1171,rogue,subtlety,72,32,40
33931,Mckk,tarren-mill,1168,rogue,subtlety,71,36,35
33932,Ðarëk,dun-modr,1159,rogue,subtlety,42,16,26
33933,Instealth,draenor,1155,rogue,subtlety,108,45,63
33934,Stin,blackrock,1155,rogue,subtlety,88,34,54
33935,Taniwa,archimonde,1154,rogue,subtlety,48,20,28
33936,Скорпеон,deathguard,1152,rogue,subtlety,48,32,16
33937,Skitzo,ravencrest,1152,rogue,subtlety,24,12,12
33938,Озхоггер,gordunni,1151,rogue,subtlety,18,12,6
33939,Stepdancer,blackmoore,1150,rogue,subtlety,24,12,12
33940,Нойсеен,gordunni,1150,rogue,subtlety,24,12,12
33941,Salakelmi,sylvanas,1149,rogue,subtlety,18,12,6
33942,Byebyé,ravencrest,1149,rogue,subtlety,24,12,12
33943,Коффемолка,ashenvale,1146,rogue,subtlety,66,26,40
33944,Carvyn,defias-brotherhood,1144,rogue,subtlety,24,12,12
33945,Márto,archimonde,1143,rogue,subtlety,30,12,18
33946,Sâybyëbæ,dun-modr,1142,rogue,subtlety,30,12,18
33947,Jomoama,norgannon,1142,rogue,subtlety,36,14,22
33948,Shízzel,blackhand,1141,rogue,subtlety,24,12,12
33949,Lovetospoon,ravencrest,1140,rogue,subtlety,43,22,21
33950,Turrok,ravencrest,1139,rogue,subtlety,36,17,19
33951,Smoothiè,twisting-nether,1137,rogue,subtlety,76,34,42
33952,Ithilyien,blackmoore,1134,rogue,subtlety,62,21,41
33953,Berneo,burning-legion,1133,rogue,subtlety,36,13,23
33954,Cesârion,antonidas,1132,rogue,subtlety,171,76,95
33955,Lêgòlàs,blackmoore,1130,rogue,subtlety,80,44,36
33956,Paveli,ravencrest,1128,rogue,subtlety,48,19,29
33957,Anala,stormreaver,1123,rogue,subtlety,24,14,10
33958,Faelylanea,argent-dawn,1122,rogue,subtlety,36,16,20
33959,Sebik,ravencrest,1118,rogue,subtlety,23,12,11
33960,Сабанутый,howling-fjord,1113,rogue,subtlety,90,51,39
33961,Latscholol,malorne,1113,rogue,subtlety,78,41,37
33962,Coronababy,argent-dawn,1111,rogue,subtlety,24,13,11
33963,Пузэн,howling-fjord,1106,rogue,subtlety,50,33,17
33964,Narar,stormscale,1103,rogue,subtlety,24,16,8
33965,Unreallx,silvermoon,1102,rogue,subtlety,80,36,44
33966,Ambushmike,gorgonnash,1102,rogue,subtlety,83,37,46
33967,Denjas,archimonde,1098,rogue,subtlety,28,15,13
33968,Stuxothug,silvermoon,1097,rogue,subtlety,61,33,28
33969,Jailkaz,thrall,1093,rogue,subtlety,29,13,16
33970,ßøß,ysondre,1092,rogue,subtlety,56,25,31
33971,Koutzai,stormscale,1090,rogue,subtlety,53,20,33
33972,Hersuub,blackmoore,1088,rogue,subtlety,29,14,15
33973,Беточка,gordunni,1087,rogue,subtlety,54,31,23
33974,Darkan,kaelthas,1087,rogue,subtlety,54,29,25
33975,Yüm,burning-blade,1087,rogue,subtlety,59,25,34
33976,Heskmad,kazzak,1085,rogue,subtlety,32,14,18
33977,Blantek,defias-brotherhood,1083,rogue,subtlety,30,16,14
33978,Vexior,argent-dawn,1082,rogue,subtlety,39,14,25
33979,Fastspectre,ravencrest,1077,rogue,subtlety,54,29,25
33980,Stâr,archimonde,1077,rogue,subtlety,28,13,15
33981,Whaiipy,ravencrest,1075,rogue,subtlety,89,51,38
33982,Zenajlz,outland,1073,rogue,subtlety,22,12,10
33983,Streîk,hyjal,1072,rogue,subtlety,60,26,34
33984,Löka,amanthul,1071,rogue,subtlety,117,59,58
33985,Псиихооз,eversong,1070,rogue,subtlety,25,13,12
33986,Jacktripper,blackrock,1066,rogue,subtlety,30,12,18
33987,Розбэйник,gordunni,1065,rogue,subtlety,42,23,19
33988,Copoka,dun-morogh,1063,rogue,subtlety,30,16,14
33989,Zkittlez,blackhand,1056,rogue,subtlety,18,11,7
33990,Elnyasha,ravencrest,1056,rogue,subtlety,24,11,13
33991,Roundrobin,ravencrest,1056,rogue,subtlety,30,11,19
33992,Tïnderhoe,dalaran,1055,rogue,subtlety,12,11,1
33993,Зити,blackscar,1055,rogue,subtlety,18,11,7
33994,Xyzonk,kazzak,1055,rogue,subtlety,18,11,7
33995,Aouron,archimonde,1055,rogue,subtlety,25,13,12
33996,Флеймсфорт,gordunni,1055,rogue,subtlety,35,16,19
33997,Kleptomancy,sylvanas,1054,rogue,subtlety,18,11,7
33998,Adskydroch,ravencrest,1054,rogue,subtlety,18,11,7
33999,Hoodrogue,blackrock,1051,rogue,subtlety,18,11,7
34000,Bamsejuicee,kazzak,1050,rogue,subtlety,18,11,7
34001,Obsçuritý,ragnaros,1050,rogue,subtlety,44,23,21
34002,Mont,nemesis,1049,rogue,subtlety,24,11,13
34003,Reprouvette,dalaran,1047,rogue,subtlety,18,11,7
34004,Meshay,kazzak,1043,rogue,subtlety,19,11,8
34005,Ithru,twisting-nether,1042,rogue,subtlety,179,91,88
34006,Snack,burning-legion,1040,rogue,subtlety,27,12,15
34007,Fodepalmas,sanguino,1040,rogue,subtlety,53,22,31
34008,Heulleise,die-ewige-wacht,1038,rogue,subtlety,21,12,9
34009,Pochîta,blackrock,1038,rogue,subtlety,53,24,29
34010,Mojojina,theradras,1037,rogue,subtlety,24,12,12
34011,Syneth,drakthul,1036,rogue,subtlety,18,11,7
34012,Зацеп,gordunni,1033,rogue,subtlety,24,15,9
34013,Drakaess,archimonde,1032,rogue,subtlety,24,11,13
34014,Protolink,zuljin,1032,rogue,subtlety,64,25,39
34015,Горланг,ashenvale,1031,rogue,subtlety,29,15,14
34016,Finkle,blackmoore,1027,rogue,subtlety,30,11,19
34017,Nirvána,outland,1026,rogue,subtlety,73,35,38
34018,Byonics,durotan,1024,rogue,subtlety,18,11,7
34019,Зебол,howling-fjord,1024,rogue,subtlety,36,17,19
34020,Yamoshí,sanguino,1024,rogue,subtlety,34,15,19
34021,Рэйбэк,howling-fjord,1024,rogue,subtlety,30,11,19
34022,Fizgaroth,argent-dawn,1022,rogue,subtlety,37,23,14
34023,Celendyl,ravencrest,1017,rogue,subtlety,18,11,7
34024,Mercìles,kazzak,1011,rogue,subtlety,43,25,18
34025,Вайлиция,ashenvale,1007,rogue,subtlety,39,21,18
34026,Vampor,sylvanas,1002,rogue,subtlety,36,11,25
34027,Sênsus,antonidas,1001,rogue,subtlety,85,30,55
34028,Skankky,ragnaros,1000,rogue,subtlety,18,12,6
34029,Leylaris,argent-dawn,998,rogue,subtlety,30,12,18
34030,Axeldarq,draenor,998,rogue,subtlety,39,11,28
34031,Cuckboy,chogall,997,rogue,subtlety,55,31,24
34032,Gimliwitdega,doomhammer,996,rogue,subtlety,98,53,45
34033,Drakhez,sanguino,995,rogue,subtlety,18,12,6
34034,Pitmaster,burning-legion,992,rogue,subtlety,71,35,36
34035,Sassasine,amanthul,992,rogue,subtlety,58,26,32
34036,Charbiya,silvermoon,986,rogue,subtlety,24,12,12
34037,Thicck,twisting-nether,980,rogue,subtlety,48,13,35
34038,Mâtâtâ,die-ewige-wacht,979,rogue,subtlety,23,15,8
34039,Rêdbello,dun-morogh,976,rogue,subtlety,42,24,18
34040,Тайнушка,soulflayer,973,rogue,subtlety,42,17,25
34041,Ratolí,dun-modr,970,rogue,subtlety,18,12,6
34042,Mannheim,kazzak,968,rogue,subtlety,42,23,19
34043,Läêkz,archimonde,960,rogue,subtlety,18,10,8
34044,Asukabed,ravencrest,960,rogue,subtlety,18,10,8
34045,Ripuli,alakir,960,rogue,subtlety,18,10,8
34046,Katarïnä,khaz-modan,960,rogue,subtlety,36,19,17
34047,Noboorstsub,ravencrest,959,rogue,subtlety,12,10,2
34048,Jdç,tarren-mill,958,rogue,subtlety,18,10,8
34049,Bountyhunter,malygos,958,rogue,subtlety,18,10,8
34050,Ripcurll,grim-batol,958,rogue,subtlety,18,10,8
34051,Эвисирейт,gordunni,956,rogue,subtlety,18,10,8
34052,Clinz,ravencrest,956,rogue,subtlety,24,10,14
34053,Ilyrya,azuremyst,955,rogue,subtlety,18,10,8
34054,Øê,ravencrest,955,rogue,subtlety,21,10,11
34055,Nairobii,tarren-mill,954,rogue,subtlety,18,10,8
34056,Asine,boulderfist,954,rogue,subtlety,24,10,14
34057,Ðàrx,archimonde,954,rogue,subtlety,24,10,14
34058,Káríc,draenor,953,rogue,subtlety,18,10,8
34059,Helcof,emerald-dream,951,rogue,subtlety,24,10,14
34060,Oazo,ysondre,951,rogue,subtlety,35,13,22
34061,Baldim,silvermoon,949,rogue,subtlety,19,10,9
34062,Trinchö,sanguino,949,rogue,subtlety,36,17,19
34063,Kãlí,blackmoore,949,rogue,subtlety,30,10,20
34064,Garretygdar,nazjatar,948,rogue,subtlety,24,11,13
34065,Zelìx,frostmane,941,rogue,subtlety,24,11,13
34066,Mishøna,kazzak,939,rogue,subtlety,73,41,32
34067,Sentaria,argent-dawn,930,rogue,subtlety,60,31,29
34068,Hemorhoid,outland,928,rogue,subtlety,96,50,46
34069,Valiéna,dun-morogh,928,rogue,subtlety,34,11,23
34070,Owoaho,eonar,926,rogue,subtlety,24,14,10
34071,Frequenzalfa,silvermoon,926,rogue,subtlety,22,11,11
34072,Снарки,booty-bay,925,rogue,subtlety,64,31,33
34073,Sycko,alakir,922,rogue,subtlety,42,23,19
34074,Roguegutten,quelthalas,917,rogue,subtlety,20,11,9
34075,Mysies,ysondre,911,rogue,subtlety,23,10,13
34076,Wìzléy,ravencrest,904,rogue,subtlety,30,16,14
34077,Kezaay,silvermoon,900,rogue,subtlety,36,18,18
34078,Davshadows,magtheridon,897,rogue,subtlety,36,16,20
34079,Weird,blackmoore,894,rogue,subtlety,16,10,6
34080,Niinim,draenor,893,rogue,subtlety,135,67,68
34081,Lenwe,blackmoore,892,rogue,subtlety,24,10,14
34082,Saroumani,eitrigg,891,rogue,subtlety,30,16,14
34083,Dainhek,gilneas,889,rogue,subtlety,37,19,18
34084,Lolblizard,gorgonnash,881,rogue,subtlety,21,12,9
34085,Liquidgaba,ravencrest,878,rogue,subtlety,78,37,41
34086,Mortdorei,argent-dawn,873,rogue,subtlety,61,30,31
34087,Kouru,outland,871,rogue,subtlety,25,10,15
34088,Kostik,ravencrest,864,rogue,subtlety,12,9,3
34089,Whøråcle,tarren-mill,864,rogue,subtlety,12,9,3
34090,Фрозенденс,gordunni,864,rogue,subtlety,12,9,3
34091,Sneakysáp,ravencrest,864,rogue,subtlety,12,9,3
34092,Hængøver,antonidas,864,rogue,subtlety,12,9,3
34093,Whaazlysnipz,tarren-mill,864,rogue,subtlety,12,9,3
34094,Ðéstr,ravencrest,864,rogue,subtlety,18,9,9
34095,Nitelite,outland,864,rogue,subtlety,18,9,9
34096,Axroa,blackmoore,864,rogue,subtlety,18,9,9
34097,Geá,ravencrest,864,rogue,subtlety,18,9,9
34098,Máuul,ravencrest,864,rogue,subtlety,24,9,15
34099,Ruckusxx,ravencrest,863,rogue,subtlety,12,9,3
34100,Рэкрейвон,gordunni,863,rogue,subtlety,18,9,9
34101,Monstermads,kazzak,863,rogue,subtlety,18,9,9
34102,Lenani,blackrock,863,rogue,subtlety,18,9,9
34103,Skullboy,blackmoore,863,rogue,subtlety,18,9,9
34104,Vanquishz,arathor,863,rogue,subtlety,18,9,9
34105,Ryvz,ravencrest,863,rogue,subtlety,24,9,15
34106,Kyssme,archimonde,863,rogue,subtlety,24,9,15
34107,Вишнуизм,gordunni,862,rogue,subtlety,18,9,9
34108,Decoyed,sylvanas,862,rogue,subtlety,18,9,9
34109,Crixor,blackrock,861,rogue,subtlety,12,9,3
34110,Синграйм,soulflayer,861,rogue,subtlety,18,10,8
34111,Duffbeer,silvermoon,861,rogue,subtlety,18,9,9
34112,Isodad,kazzak,861,rogue,subtlety,18,9,9
34113,Misantropia,nemesis,861,rogue,subtlety,24,9,15
34114,Shinkillua,archimonde,860,rogue,subtlety,18,9,9
34115,Eightball,frostmane,859,rogue,subtlety,18,9,9
34116,Куцитар,gordunni,858,rogue,subtlety,18,9,9
34117,Jénny,sylvanas,858,rogue,subtlety,62,30,32
34118,Sequoja,blackrock,858,rogue,subtlety,24,9,15
34119,Антиппод,razuvious,854,rogue,subtlety,15,10,5
34120,Cozu,stormrage,850,rogue,subtlety,51,24,27
34121,Strikes,eredar,844,rogue,subtlety,18,10,8
34122,Lastkiss,aggramar,828,rogue,subtlety,17,9,8
34123,Aeønaxx,hyjal,827,rogue,subtlety,76,32,44
34124,Feinted,kazzak,826,rogue,subtlety,23,9,14
34125,Муфдшы,gordunni,823,rogue,subtlety,16,10,6
34126,Duzhel,kazzak,812,rogue,subtlety,17,9,8
34127,Jabbo,silvermoon,809,rogue,subtlety,29,9,20
34128,Hahårry,ravencrest,797,rogue,subtlety,20,9,11
34129,Cowmbat,tarren-mill,794,rogue,subtlety,26,9,17
34130,Knifeex,ravencrest,788,rogue,subtlety,26,9,17
34131,Skene,sanguino,780,rogue,subtlety,35,13,22
34132,Ecray,burning-legion,777,rogue,subtlety,54,23,31
34133,Krsty,antonidas,768,rogue,subtlety,12,8,4
34134,Фрозенблейдс,gordunni,768,rogue,subtlety,12,8,4
34135,Devourswine,argent-dawn,768,rogue,subtlety,12,8,4
34136,Danori,grim-batol,768,rogue,subtlety,12,8,4
34137,Djdillá,kazzak,768,rogue,subtlety,12,8,4
34138,Whoton,archimonde,768,rogue,subtlety,16,9,7
34139,Zygzäg,hyjal,768,rogue,subtlety,18,8,10
34140,Ач,gordunni,768,rogue,subtlety,18,8,10
34141,Slonerbrah,ravencrest,768,rogue,subtlety,18,8,10
34142,Amuini,magtheridon,768,rogue,subtlety,18,8,10
34143,Slayered,burning-legion,768,rogue,subtlety,24,8,16
34144,Ferrãof,aggra-português,767,rogue,subtlety,12,8,4
34145,Unsullièd,kazzak,767,rogue,subtlety,12,8,4
34146,Shirá,hyjal,767,rogue,subtlety,12,8,4
34147,Neyokqt,blackrock,767,rogue,subtlety,12,8,4
34148,Thelones,antonidas,767,rogue,subtlety,12,8,4
34149,Huro,aggramar,767,rogue,subtlety,12,8,4
34150,Zëkke,sanguino,767,rogue,subtlety,12,8,4
34151,Strangeboyxx,ravencrest,767,rogue,subtlety,18,8,10
34152,Cirell,tarren-mill,767,rogue,subtlety,18,8,10
34153,Mdadx,stormreaver,767,rogue,subtlety,18,8,10
34154,Zappsarap,onyxia,767,rogue,subtlety,18,8,10
34155,Pheq,ravencrest,767,rogue,subtlety,18,8,10
34156,Aahz,tarren-mill,767,rogue,subtlety,18,8,10
34157,Unbanmepls,ravencrest,767,rogue,subtlety,18,8,10
34158,Mns,drakthul,767,rogue,subtlety,24,8,16
34159,Vanéry,ravencrest,766,rogue,subtlety,12,8,4
34160,Cnac,stormscale,766,rogue,subtlety,18,8,10
34161,Sokillu,silvermoon,766,rogue,subtlety,18,8,10
34162,Jkrx,draenor,766,rogue,subtlety,18,8,10
34163,Dræmz,twisting-nether,765,rogue,subtlety,12,8,4
34164,Люняшка,booty-bay,765,rogue,subtlety,18,8,10
34165,Лоулайф,soulflayer,765,rogue,subtlety,18,8,10
34166,Poughkeepsie,outland,765,rogue,subtlety,18,8,10
34167,Zavebe,nathrezim,765,rogue,subtlety,24,8,16
34168,Pirry,sanguino,764,rogue,subtlety,12,8,4
34169,Purexrogue,dragonblight,764,rogue,subtlety,18,8,10
34170,Ojisanx,outland,764,rogue,subtlety,24,8,16
34171,Eriksonn,drakthul,763,rogue,subtlety,19,8,11
34172,Deprress,silvermoon,762,rogue,subtlety,12,8,4
34173,Киржик,soulflayer,762,rogue,subtlety,18,8,10
34174,Djinnx,malganis,762,rogue,subtlety,24,8,16
34175,Stabwøund,the-maelstrom,761,rogue,subtlety,12,8,4
34176,Duo,karazhan,760,rogue,subtlety,30,8,22
34177,Пандафей,deathweaver,756,rogue,subtlety,18,8,10
34178,Всечтобыло,howling-fjord,748,rogue,subtlety,12,8,4
34179,Gizr,haomarush,747,rogue,subtlety,41,15,26
34180,Tnk,twisting-nether,743,rogue,subtlety,12,8,4
34181,Drspectres,tarren-mill,733,rogue,subtlety,60,16,44
34182,Calyon,hyjal,727,rogue,subtlety,35,8,27
34183,Rmp,khaz-modan,720,rogue,subtlety,30,9,21
34184,Cabalion,draenor,719,rogue,subtlety,18,8,10
34185,Briggo,silvermoon,714,rogue,subtlety,23,9,14
34186,Petsakos,ravencrest,713,rogue,subtlety,21,9,12
34187,Nakli,antonidas,713,rogue,subtlety,21,9,12
34188,Anklash,blackrock,711,rogue,subtlety,33,9,24
34189,Faable,silvermoon,709,rogue,subtlety,59,19,40
34190,Sodarogue,blackrock,703,rogue,subtlety,14,9,5
34191,Войенх,gordunni,703,rogue,subtlety,22,8,14
34192,Abomïñatïøñ,ravencrest,695,rogue,subtlety,42,13,29
34193,Naiikaii,aegwynn,688,rogue,subtlety,14,8,6
34194,Кумоо,gordunni,672,rogue,subtlety,12,7,5
34195,Vizifyx,ravencrest,672,rogue,subtlety,12,7,5
34196,Steal,nemesis,672,rogue,subtlety,12,7,5
34197,Îüçkÿmêñ,outland,672,rogue,subtlety,12,7,5
34198,Lovethighs,argent-dawn,672,rogue,subtlety,12,7,5
34199,Ouvrebwate,archimonde,672,rogue,subtlety,12,7,5
34200,Baboonx,burning-legion,672,rogue,subtlety,12,7,5
34201,Caípi,frostwolf,672,rogue,subtlety,12,7,5
34202,Триплсап,howling-fjord,672,rogue,subtlety,12,7,5
34203,Cucumber,laughing-skull,672,rogue,subtlety,12,7,5
34204,Belwarx,darksorrow,672,rogue,subtlety,18,7,11
34205,Rantie,onyxia,672,rogue,subtlety,18,7,11
34206,Faptastíc,blackmoore,671,rogue,subtlety,12,7,5
34207,Qylu,argent-dawn,671,rogue,subtlety,12,7,5
34208,Epi,stormrage,671,rogue,subtlety,12,7,5
34209,Hyake,zuljin,671,rogue,subtlety,12,7,5
34210,Казутора,lich-king,671,rogue,subtlety,12,7,5
34211,Roronao,sanguino,671,rogue,subtlety,18,7,11
34212,Сабстил,soulflayer,671,rogue,subtlety,18,7,11
34213,Cantseeme,anachronos,671,rogue,subtlety,18,7,11
34214,Teralala,kazzak,671,rogue,subtlety,18,7,11
34215,Nøtiçe,kazzak,671,rogue,subtlety,24,7,17
34216,Masanari,die-nachtwache,671,rogue,subtlety,24,7,17
34217,Daggoth,kiljaeden,671,rogue,subtlety,24,7,17
34218,Cataleýa,outland,670,rogue,subtlety,12,7,5
34219,Gpóínt,blackmoore,670,rogue,subtlety,12,7,5
34220,Lepreuchan,archimonde,669,rogue,subtlety,12,7,5
34221,Underarmor,kul-tiras,669,rogue,subtlety,21,7,14
34222,Elnos,conseil-des-ombres,668,rogue,subtlety,12,7,5
34223,Mïta,blackmoore,668,rogue,subtlety,18,7,11
34224,Shanos,ravencrest,667,rogue,subtlety,12,7,5
34225,Pepperbox,twisting-nether,667,rogue,subtlety,12,7,5
34226,Malfeasance,argent-dawn,667,rogue,subtlety,18,7,11
34227,Cacucoxpahu,kazzak,666,rogue,subtlety,12,7,5
34228,Dellya,twisting-nether,660,rogue,subtlety,18,7,11
34229,Waluuz,silvermoon,655,rogue,subtlety,11,7,4
34230,Kikkshifter,zuluhed,650,rogue,subtlety,18,7,11
34231,Snogri,burning-legion,648,rogue,subtlety,24,7,17
34232,Nineball,frostmane,638,rogue,subtlety,17,7,10
34233,Dudemar,ravencrest,632,rogue,subtlety,18,7,11
34234,Wurzelzepp,blackrock,622,rogue,subtlety,17,7,10
34235,Ccrogue,nemesis,618,rogue,subtlety,15,7,8
34236,Actualcarry,dentarg,617,rogue,subtlety,12,8,4
34237,Alyannå,culte-de-la-rive-noire,607,rogue,subtlety,11,7,4
34238,Zervi,silvermoon,586,rogue,subtlety,13,7,6
34239,Thiranor,cthun,583,rogue,subtlety,13,7,6
34240,Behêmoth,hyjal,576,rogue,subtlety,6,6,0
34241,Naiikaii,antonidas,576,rogue,subtlety,6,6,0
34242,Wítchblades,ravencrest,576,rogue,subtlety,6,6,0
34243,Ðelvin,dalaran,576,rogue,subtlety,12,6,6
34244,Jabbz,blackhand,576,rogue,subtlety,12,6,6
34245,Feradelia,thrall,576,rogue,subtlety,12,6,6
34246,Draytonlove,nemesis,576,rogue,subtlety,12,6,6
34247,Dimidimi,wildhammer,576,rogue,subtlety,12,6,6
34248,Asäp,archimonde,576,rogue,subtlety,12,6,6
34249,Ciosy,blackrock,576,rogue,subtlety,12,6,6
34250,Shinti,eredar,576,rogue,subtlety,12,6,6
34251,Daichi,onyxia,576,rogue,subtlety,12,6,6
34252,Nerfalliance,ravencrest,576,rogue,subtlety,12,6,6
34253,Deceptionz,ravencrest,576,rogue,subtlety,12,6,6
34254,Àlleyezonme,ravencrest,576,rogue,subtlety,12,6,6
34255,Bizzarerogue,tarren-mill,576,rogue,subtlety,12,6,6
34256,Jljr,twisting-nether,576,rogue,subtlety,12,6,6
34257,Prky,doomhammer,576,rogue,subtlety,12,6,6
34258,Режупополам,howling-fjord,576,rogue,subtlety,12,6,6
34259,Axelaz,ravencrest,576,rogue,subtlety,12,6,6
34260,Radgaa,draenor,576,rogue,subtlety,12,6,6
34261,Nephology,ravencrest,576,rogue,subtlety,12,6,6
34262,Ibizà,ravencrest,576,rogue,subtlety,12,6,6
34263,Mestarikélmi,ravencrest,576,rogue,subtlety,15,6,9
34264,Decrios,outland,576,rogue,subtlety,18,6,12
34265,Andrizle,blackmoore,576,rogue,subtlety,18,6,12
34266,Åvírøñgðd,ravencrest,576,rogue,subtlety,18,6,12
34267,Kerìon,nemesis,576,rogue,subtlety,18,6,12
34268,Kleptomaniac,aggra-português,576,rogue,subtlety,18,6,12
34269,Dedka,hyjal,576,rogue,subtlety,18,6,12
34270,Blihhubba,silvermoon,576,rogue,subtlety,24,6,18
34271,Suikastman,silvermoon,575,rogue,subtlety,12,6,6
34272,Melfîce,blackhand,575,rogue,subtlety,12,6,6
34273,Igel,antonidas,575,rogue,subtlety,12,6,6
34274,Tason,argent-dawn,575,rogue,subtlety,12,6,6
34275,Stabymoose,draenor,575,rogue,subtlety,12,6,6
34276,Botnet,blackmoore,575,rogue,subtlety,12,6,6
34277,Пусякиллерх,gordunni,575,rogue,subtlety,12,6,6
34278,Фордрэн,deathguard,575,rogue,subtlety,16,7,9
34279,Coolspot,archimonde,575,rogue,subtlety,18,6,12
34280,Varne,les-sentinelles,575,rogue,subtlety,18,6,12
34281,Zëd,draenor,574,rogue,subtlety,12,6,6
34282,Sylvielle,azshara,573,rogue,subtlety,12,6,6
34283,Neoly,outland,571,rogue,subtlety,12,6,6
34284,Wolffgang,dalaran,571,rogue,subtlety,12,6,6
34285,Freddybst,twisting-nether,571,rogue,subtlety,12,6,6
34286,Demonrok,stormscale,569,rogue,subtlety,12,6,6
34287,Lêvî,sanguino,569,rogue,subtlety,12,6,6
34288,Умбрен,lich-king,568,rogue,subtlety,12,6,6
34289,Mishana,thrall,567,rogue,subtlety,18,6,12
34290,Frézzer,tirion,566,rogue,subtlety,12,6,6
34291,Geroge,sylvanas,566,rogue,subtlety,12,6,6
34292,Grikra,argent-dawn,566,rogue,subtlety,12,6,6
34293,Rhaacvar,magtheridon,566,rogue,subtlety,12,6,6
34294,Auarg,argent-dawn,565,rogue,subtlety,12,6,6
34295,Darkral,nemesis,559,rogue,subtlety,18,7,11
34296,Owlcat,argent-dawn,559,rogue,subtlety,18,6,12
34297,Grekén,bronze-dragonflight,558,rogue,subtlety,17,6,11
34298,Puge,norgannon,557,rogue,subtlety,23,6,17
34299,Critmakër,outland,543,rogue,subtlety,8,7,1
34300,Brancovich,magtheridon,543,rogue,subtlety,11,6,5
34301,Marryhim,blackhand,543,rogue,subtlety,11,6,5
34302,Pavlo,nathrezim,543,rogue,subtlety,17,6,11
34303,Zobrak,twisting-nether,542,rogue,subtlety,14,7,7
34304,Notwhaazz,ravencrest,528,rogue,subtlety,9,7,2
34305,Snake,nethersturm,522,rogue,subtlety,33,7,26
34306,Xulem,silvermoon,511,rogue,subtlety,10,6,4
34307,Malignance,drakthul,511,rogue,subtlety,14,7,7
34308,Saanka,eredar,511,rogue,subtlety,14,6,8
34309,Ripinpiece,outland,494,rogue,subtlety,19,6,13
34310,Roguestuff,silvermoon,480,rogue,subtlety,6,5,1
34311,Rngkillaz,archimonde,480,rogue,subtlety,6,5,1
34312,Бонястелс,gordunni,480,rogue,subtlety,6,5,1
34313,Chazsakaï,chogall,480,rogue,subtlety,6,5,1
34314,Фэйкуои,gordunni,480,rogue,subtlety,6,5,1
34315,Zep,auchindoun,480,rogue,subtlety,6,5,1
34316,Deinorsin,outland,480,rogue,subtlety,6,5,1
34317,Beefboss,neptulon,480,rogue,subtlety,6,5,1
34318,Уммиикк,goldrinn,480,rogue,subtlety,6,5,1
34319,Araniana,kazzak,480,rogue,subtlety,6,5,1
34320,Mastrmind,twisting-nether,480,rogue,subtlety,6,5,1
34321,Tilikum,pozzo-delleternità,480,rogue,subtlety,6,5,1
34322,Чернабаев,soulflayer,480,rogue,subtlety,6,5,1
34323,Rsksrb,tarren-mill,480,rogue,subtlety,6,5,1
34324,Фрозеншедов,gordunni,480,rogue,subtlety,12,5,7
34325,Mzaa,ravencrest,480,rogue,subtlety,12,5,7
34326,Served,twisting-nether,480,rogue,subtlety,12,5,7
34327,Soufraki,tarren-mill,480,rogue,subtlety,12,5,7
34328,Akyô,archimonde,480,rogue,subtlety,12,5,7
34329,Srtumor,zuljin,480,rogue,subtlety,12,5,7
34330,Звиздаттый,blackscar,480,rogue,subtlety,12,5,7
34331,Lurk,saurfang,480,rogue,subtlety,12,5,7
34332,ßuha,stormscale,480,rogue,subtlety,12,5,7
34333,Darkveil,xavius,480,rogue,subtlety,12,5,7
34334,Kohakugawa,kazzak,480,rogue,subtlety,12,5,7
34335,Khepaso,sanguino,480,rogue,subtlety,12,5,7
34336,Кашеварить,gordunni,480,rogue,subtlety,12,5,7
34337,Lëmönhäzë,dun-modr,480,rogue,subtlety,12,5,7
34338,Стеллакокс,howling-fjord,480,rogue,subtlety,12,5,7
34339,Deevoll,tarren-mill,480,rogue,subtlety,12,5,7
34340,Tashunkosapa,xavius,480,rogue,subtlety,12,5,7
34341,Nhonhonho,silvermoon,480,rogue,subtlety,12,5,7
34342,Xeløe,hyjal,480,rogue,subtlety,12,5,7
34343,Loznah,outland,480,rogue,subtlety,12,5,7
34344,Киднитучер,fordragon,480,rogue,subtlety,12,5,7
34345,Smörkniven,argent-dawn,480,rogue,subtlety,12,5,7
34346,Blazestórm,stormscale,480,rogue,subtlety,12,5,7
34347,Кмска,soulflayer,480,rogue,subtlety,12,5,7
34348,Khazren,ravencrest,480,rogue,subtlety,12,5,7
34349,Slicéndicé,wildhammer,480,rogue,subtlety,12,5,7
34350,Xatra,hyjal,480,rogue,subtlety,12,5,7
34351,Aluneran,silvermoon,480,rogue,subtlety,12,5,7
34352,Sephika,chants-éternels,480,rogue,subtlety,18,5,13
34353,Ðefsmøkêz,tyrande,480,rogue,subtlety,18,5,13
34354,Ajwenx,ravencrest,480,rogue,subtlety,18,5,13
34355,Optoo,ragnaros,479,rogue,subtlety,12,5,7
34356,Vorsix,tarren-mill,479,rogue,subtlety,12,5,7
34357,Nanary,blackrock,479,rogue,subtlety,12,5,7
34358,Emìlia,tarren-mill,479,rogue,subtlety,12,5,7
34359,Tøxykø,archimonde,479,rogue,subtlety,12,5,7
34360,Smorcoolio,stormscale,479,rogue,subtlety,12,5,7
34361,Giftdolken,outland,479,rogue,subtlety,12,5,7
34362,Neymar,ysondre,479,rogue,subtlety,12,5,7
34363,Ôzzi,draenor,479,rogue,subtlety,12,5,7
34364,Abrhykoo,hyjal,479,rogue,subtlety,12,5,7
34365,Ryxon,arathor,479,rogue,subtlety,12,5,7
34366,Houston,aegwynn,479,rogue,subtlety,12,5,7
34367,Grocco,doomhammer,479,rogue,subtlety,12,5,7
34368,Raizø,argent-dawn,479,rogue,subtlety,12,5,7
34369,Shiverbane,sargeras,479,rogue,subtlety,12,5,7
34370,Smøth,ysondre,479,rogue,subtlety,15,6,9
34371,Zyklvn,zuljin,479,rogue,subtlety,18,5,13
34372,Sayy,nemesis,479,rogue,subtlety,18,5,13
34373,Lylestra,neptulon,479,rogue,subtlety,18,5,13
34374,Soulreapeer,twisting-nether,478,rogue,subtlety,21,6,15
34375,Mozenn,draenor,478,rogue,subtlety,19,5,14
34376,Эльтаэрон,gordunni,477,rogue,subtlety,12,5,7
34377,Приколдэсса,gordunni,477,rogue,subtlety,18,5,13
34378,Shurkan,antonidas,475,rogue,subtlety,12,5,7
34379,Mallaurya,dalaran,474,rogue,subtlety,12,5,7
34380,Natekoti,kazzak,473,rogue,subtlety,24,5,19
34381,Singularität,silvermoon,470,rogue,subtlety,15,6,9
34382,Ilrunne,silvermoon,448,rogue,subtlety,10,5,5
34383,Kalstab,silvermoon,447,rogue,subtlety,8,6,2
34384,Кумаме,howling-fjord,447,rogue,subtlety,11,5,6
34385,Райан,fordragon,431,rogue,subtlety,11,5,6
34386,Iwillberone,ravencrest,431,rogue,subtlety,17,5,12
34387,Эбиб,soulflayer,416,rogue,subtlety,10,5,5
34388,Itsforme,kazzak,415,rogue,subtlety,14,5,9
34389,Yakku,drakthul,415,rogue,subtlety,20,5,15
34390,Algopyrin,ragnaros,396,rogue,subtlety,13,5,8
34391,Deok,tarren-mill,384,rogue,subtlety,6,4,2
34392,Cawzi,silvermoon,384,rogue,subtlety,6,4,2
34393,Yörgs,eredar,384,rogue,subtlety,6,4,2
34394,Kerim,antonidas,384,rogue,subtlety,6,4,2
34395,Wtbmeld,tarren-mill,384,rogue,subtlety,6,4,2
34396,Supremacy,sylvanas,384,rogue,subtlety,6,4,2
34397,Ënd,ravencrest,384,rogue,subtlety,6,4,2
34398,Darx,sunstrider,384,rogue,subtlety,6,4,2
34399,Pinnar,blackmoore,384,rogue,subtlety,6,4,2
34400,Иннхотеп,howling-fjord,384,rogue,subtlety,6,4,2
34401,Takiya,ysondre,384,rogue,subtlety,6,4,2
34402,Ennvi,defias-brotherhood,384,rogue,subtlety,6,4,2
34403,Lemaroxd,tarren-mill,384,rogue,subtlety,6,4,2
34404,Йованов,gordunni,384,rogue,subtlety,6,4,2
34405,Mitaktika,silvermoon,384,rogue,subtlety,6,4,2
34406,Kppz,burning-legion,384,rogue,subtlety,6,4,2
34407,Læffgøðx,stormscale,384,rogue,subtlety,6,4,2
34408,Mega,nordrassil,384,rogue,subtlety,6,4,2
34409,Siele,twisting-nether,384,rogue,subtlety,6,4,2
34410,Rubberducky,argent-dawn,384,rogue,subtlety,6,4,2
34411,Rakuwata,the-maelstrom,384,rogue,subtlety,6,4,2
34412,Kilabre,twisting-nether,384,rogue,subtlety,6,4,2
34413,Sensule,darkspear,384,rogue,subtlety,6,4,2
34414,Snýz,darksorrow,384,rogue,subtlety,6,4,2
34415,Nxnja,silvermoon,384,rogue,subtlety,6,4,2
34416,Okiboo,silvermoon,384,rogue,subtlety,6,4,2
34417,Seeralex,anetheron,384,rogue,subtlety,6,4,2
34418,Blckrogue,bloodfeather,384,rogue,subtlety,6,4,2
34419,Møgzu,blackmoore,384,rogue,subtlety,6,4,2
34420,Marcel,blackrock,384,rogue,subtlety,6,4,2
34421,Ðazzrog,archimonde,384,rogue,subtlety,6,4,2
34422,Elyndri,archimonde,384,rogue,subtlety,6,4,2
34423,Shreya,blackrock,384,rogue,subtlety,6,4,2
34424,Zyhmø,archimonde,384,rogue,subtlety,6,4,2
34425,Ocklol,archimonde,384,rogue,subtlety,6,4,2
34426,Джеанит,gordunni,384,rogue,subtlety,6,4,2
34427,Shadôwcraft,outland,384,rogue,subtlety,6,4,2
34428,Лолнайт,blackscar,384,rogue,subtlety,6,4,2
34429,Fragmint,aggra-português,384,rogue,subtlety,6,4,2
34430,Mol,defias-brotherhood,384,rogue,subtlety,6,4,2
34431,Дракакула,blackscar,384,rogue,subtlety,9,5,4
34432,Rekaens,sylvanas,384,rogue,subtlety,12,4,8
34433,Whiteløtûs,dun-modr,384,rogue,subtlety,12,4,8
34434,Neverdyingx,ragnaros,384,rogue,subtlety,12,4,8
34435,Sxpped,stormscale,384,rogue,subtlety,12,4,8
34436,Battousai,burning-legion,384,rogue,subtlety,12,4,8
34437,Evadeez,tarren-mill,384,rogue,subtlety,12,4,8
34438,Jäshin,hyjal,384,rogue,subtlety,12,4,8
34439,Saryotv,silvermoon,384,rogue,subtlety,12,4,8
34440,Later,saurfang,384,rogue,subtlety,12,4,8
34441,Zhopsy,nemesis,384,rogue,subtlety,12,4,8
34442,Szabina,outland,384,rogue,subtlety,12,4,8
34443,Taishani,thrall,384,rogue,subtlety,12,4,8
34444,Asmodal,antonidas,384,rogue,subtlety,12,4,8
34445,Бейнс,howling-fjord,384,rogue,subtlety,12,4,8
34446,Misamia,nemesis,384,rogue,subtlety,12,4,8
34447,Sátyrícon,ravencrest,384,rogue,subtlety,12,4,8
34448,Skaúr,malganis,384,rogue,subtlety,12,4,8
34449,Kurichu,archimonde,384,rogue,subtlety,12,4,8
34450,Zélla,twisting-nether,384,rogue,subtlety,12,4,8
34451,Raglaron,draenor,384,rogue,subtlety,12,4,8
34452,Нунас,soulflayer,384,rogue,subtlety,12,4,8
34453,Xanders,draenor,384,rogue,subtlety,12,4,8
34454,Huprâ,ravencrest,384,rogue,subtlety,12,4,8
34455,Даняпрекринж,azuregos,384,rogue,subtlety,12,4,8
34456,Fatedancer,outland,384,rogue,subtlety,12,4,8
34457,Zordochrog,kazzak,384,rogue,subtlety,12,4,8
34458,Бллейз,gordunni,384,rogue,subtlety,18,4,14
34459,Vaelaestra,argent-dawn,384,rogue,subtlety,18,4,14
34460,Batskcab,blackmoore,384,rogue,subtlety,18,4,14
34461,Galore,azjolnerub,384,rogue,subtlety,18,4,14
34462,Stealthi,stormscale,384,rogue,subtlety,18,4,14
34463,Очч,blackscar,384,rogue,subtlety,18,4,14
34464,Backstabjr,blackmoore,384,rogue,subtlety,18,4,14
34465,Plot,zenedar,384,rogue,subtlety,18,4,14
34466,Sizzurp,kargath,384,rogue,subtlety,25,4,21
34467,Zvarka,drakthul,383,rogue,subtlety,6,4,2
34468,Alovina,stormscale,383,rogue,subtlety,6,4,2
34469,Фогус,greymane,383,rogue,subtlety,6,4,2
34470,Vanishdotcom,blackrock,383,rogue,subtlety,6,4,2
34471,Reginlief,argent-dawn,383,rogue,subtlety,6,4,2
34472,Бекро,gordunni,383,rogue,subtlety,6,4,2
34473,Haregan,gorgonnash,383,rogue,subtlety,6,4,2
34474,Akcell,silvermoon,383,rogue,subtlety,6,4,2
34475,Helsperd,draenor,383,rogue,subtlety,12,4,8
34476,Delenor,stormscale,383,rogue,subtlety,18,4,14
34477,Ashâa,hyjal,382,rogue,subtlety,6,4,2
34478,Madnessbg,tarren-mill,382,rogue,subtlety,6,4,2
34479,Vanquish,laughing-skull,382,rogue,subtlety,6,4,2
34480,Belina,draenor,382,rogue,subtlety,6,4,2
34481,Adelr,onyxia,382,rogue,subtlety,12,4,8
34482,Gobygoby,naxxramas,382,rogue,subtlety,12,4,8
34483,Nekros,chromaggus,379,rogue,subtlety,12,4,8
34484,Allchatoff,drakthul,319,rogue,subtlety,5,4,1
34485,Opiïum,ysondre,303,rogue,subtlety,7,4,3
34486,Sáp,blackmoore,288,rogue,subtlety,6,3,3
34487,Proilas,draenor,288,rogue,subtlety,6,3,3
34488,Xhemil,tarren-mill,288,rogue,subtlety,6,3,3
34489,Waakie,frostmane,288,rogue,subtlety,6,3,3
34490,Arydir,quelthalas,288,rogue,subtlety,6,3,3
34491,Читэри,soulflayer,288,rogue,subtlety,6,3,3
34492,Элисандресса,gordunni,288,rogue,subtlety,6,3,3
34493,Nezukóchan,ravencrest,288,rogue,subtlety,6,3,3
34494,Givilwtf,eredar,288,rogue,subtlety,6,3,3
34495,Соважь,soulflayer,288,rogue,subtlety,6,3,3
34496,Natsukage,blackmoore,288,rogue,subtlety,6,3,3
34497,Shythairogue,area-52,288,rogue,subtlety,6,3,3
34498,Izzyb,auchindoun,288,rogue,subtlety,6,3,3
34499,Mekóz,draenor,288,rogue,subtlety,6,3,3
34500,Sethr,blackmoore,288,rogue,subtlety,6,3,3
34501,Pretylo,marécage-de-zangar,288,rogue,subtlety,6,3,3
34502,Sadgexd,draenor,288,rogue,subtlety,6,3,3
34503,Knifeparty,silvermoon,288,rogue,subtlety,6,3,3
34504,Sutisong,dun-modr,288,rogue,subtlety,6,3,3
34505,Roguanal,hyjal,288,rogue,subtlety,6,3,3
34506,Synthaetic,draenor,288,rogue,subtlety,6,3,3
34507,Jawen,silvermoon,288,rogue,subtlety,6,3,3
34508,Zhadowên,kazzak,288,rogue,subtlety,6,3,3
34509,Wraiith,chogall,288,rogue,subtlety,6,3,3
34510,Cylizr,stormscale,288,rogue,subtlety,6,3,3
34511,Кеспул,soulflayer,288,rogue,subtlety,6,3,3
34512,Bízkit,stormscale,288,rogue,subtlety,6,3,3
34513,Shâdow,ravenholdt,288,rogue,subtlety,6,3,3
34514,Nerica,kazzak,288,rogue,subtlety,6,3,3
34515,Kolto,argent-dawn,288,rogue,subtlety,6,3,3
34516,Missesinvis,blackmoore,288,rogue,subtlety,6,3,3
34517,Лофиан,gordunni,288,rogue,subtlety,6,3,3
34518,Vanisshh,hyjal,288,rogue,subtlety,6,3,3
34519,Cêline,silvermoon,288,rogue,subtlety,6,3,3
34520,Кейнилин,gordunni,288,rogue,subtlety,6,3,3
34521,Nhèl,stormscale,288,rogue,subtlety,6,3,3
34522,Natillaa,dun-modr,288,rogue,subtlety,6,3,3
34523,Nícks,tarren-mill,288,rogue,subtlety,6,3,3
34524,Finanzamtlg,blackrock,288,rogue,subtlety,6,3,3
34525,Rúckus,ravencrest,288,rogue,subtlety,6,3,3
34526,Checkormate,aegwynn,288,rogue,subtlety,6,3,3
34527,Venom,stormscale,288,rogue,subtlety,6,3,3
34528,Hallogenic,silvermoon,288,rogue,subtlety,6,3,3
34529,Peeon,drakthul,288,rogue,subtlety,6,3,3
34530,Viiltäjäjack,stormscale,288,rogue,subtlety,6,3,3
34531,Ezk,eredar,288,rogue,subtlety,6,3,3
34532,Røguøross,archimonde,288,rogue,subtlety,6,3,3
34533,Skrbke,tarren-mill,288,rogue,subtlety,6,3,3
34534,Garou,blackhand,288,rogue,subtlety,6,3,3
34535,Horvathzu,ravencrest,288,rogue,subtlety,6,3,3
34536,Iöny,silvermoon,288,rogue,subtlety,6,3,3
34537,Mecu,ravencrest,288,rogue,subtlety,6,3,3
34538,Candyshot,thrall,288,rogue,subtlety,6,3,3
34539,Disembowel,ravencrest,288,rogue,subtlety,6,3,3
34540,Shadxwstep,ravencrest,288,rogue,subtlety,6,3,3
34541,Seregolas,argent-dawn,288,rogue,subtlety,6,3,3
34542,Gøldzahn,antonidas,288,rogue,subtlety,6,3,3
34543,Jáckz,twisting-nether,288,rogue,subtlety,6,3,3
34544,Qira,burning-blade,288,rogue,subtlety,6,3,3
34545,Pocketpaw,stormreaver,288,rogue,subtlety,6,3,3
34546,Baradiir,defias-brotherhood,288,rogue,subtlety,6,3,3
34547,Swiftyfan,silvermoon,288,rogue,subtlety,6,3,3
34548,Стэйм,gordunni,288,rogue,subtlety,6,3,3
34549,Uareincombat,drakthul,288,rogue,subtlety,11,3,8
34550,Vancleéf,sylvanas,288,rogue,subtlety,12,3,9
34551,Тарний,gordunni,288,rogue,subtlety,12,3,9
34552,Kïbs,dalaran,288,rogue,subtlety,12,3,9
34553,Girlname,the-maelstrom,288,rogue,subtlety,12,3,9
34554,Воробнальщик,soulflayer,288,rogue,subtlety,12,3,9
34555,Envenoman,ravencrest,288,rogue,subtlety,12,3,9
34556,Rufinol,twisting-nether,288,rogue,subtlety,12,3,9
34557,Hikorust,drakthul,288,rogue,subtlety,12,3,9
34558,Ñú,ravencrest,288,rogue,subtlety,12,3,9
34559,Kongnognog,ragnaros,288,rogue,subtlety,12,3,9
34560,Nÿst,khaz-modan,288,rogue,subtlety,12,3,9
34561,Bú,nemesis,288,rogue,subtlety,12,3,9
34562,Cbrook,sylvanas,288,rogue,subtlety,12,3,9
34563,Snøv,outland,288,rogue,subtlety,12,3,9
34564,Ристоврация,gordunni,288,rogue,subtlety,12,3,9
34565,Princip,drakthul,288,rogue,subtlety,12,3,9
34566,Zoldyck,bloodhoof,288,rogue,subtlety,12,3,9
34567,Izame,archimonde,288,rogue,subtlety,12,3,9
34568,Chipson,kazzak,288,rogue,subtlety,12,3,9
34569,Faded,terokkar,288,rogue,subtlety,12,3,9
34570,Bîgbîzeps,thrall,288,rogue,subtlety,12,3,9
34571,Xéshon,tarren-mill,288,rogue,subtlety,12,3,9
34572,Skíll,sanguino,288,rogue,subtlety,12,3,9
34573,Pestctrl,argent-dawn,288,rogue,subtlety,12,3,9
34574,Lookbehîndu,aegwynn,288,rogue,subtlety,12,3,9
34575,Chililôl,dun-modr,288,rogue,subtlety,12,3,9
34576,Zappdead,frostwolf,288,rogue,subtlety,12,3,9
34577,Liirja,twisting-nether,288,rogue,subtlety,18,3,15
34578,Sinxgødx,outland,288,rogue,subtlety,18,3,15
34579,Téhashcéé,archimonde,287,rogue,subtlety,6,3,3
34580,Styggvanas,tarren-mill,287,rogue,subtlety,15,4,11
34581,Skeeto,blackmoore,287,rogue,subtlety,12,3,9
34582,Котуй,borean-tundra,287,rogue,subtlety,12,3,9
34583,Боузи,howling-fjord,287,rogue,subtlety,12,3,9
34584,Furrooscuro,sanguino,287,rogue,subtlety,18,3,15
34585,Celenium,chogall,287,rogue,subtlety,24,3,21
34586,Ракельяр,blackscar,286,rogue,subtlety,6,3,3
34587,Cesar,blackhand,286,rogue,subtlety,6,3,3
34588,Jontor,deathwing,286,rogue,subtlety,12,3,9
34589,Шмарамышь,soulflayer,255,rogue,subtlety,8,4,4
34590,Madlain,jaedenar,255,rogue,subtlety,8,4,4
34591,Machmacan,thrall,239,rogue,subtlety,5,3,2
34592,Trinketeflag,archimonde,239,rogue,subtlety,5,3,2
34593,Juuzou,outland,239,rogue,subtlety,5,3,2
34594,Xoxoxoxoxoxö,archimonde,234,rogue,subtlety,11,5,6
34595,Boornys,burning-legion,224,rogue,subtlety,10,3,7
34596,Piperx,ravencrest,223,rogue,subtlety,8,3,5
34597,Dägorath,dun-modr,192,rogue,subtlety,4,3,1
34598,Imnotnice,terenas,192,rogue,subtlety,9,3,6
34599,Krida,archimonde,192,rogue,subtlety,6,2,4
34600,Skaterboy,stormscale,192,rogue,subtlety,6,2,4
34601,Breuss,elune,192,rogue,subtlety,6,2,4
34602,Ksunq,hyjal,192,rogue,subtlety,6,2,4
34603,Kyupi,hyjal,192,rogue,subtlety,6,2,4
34604,Isseen,burning-legion,192,rogue,subtlety,6,2,4
34605,Selecta,bloodhoof,192,rogue,subtlety,6,2,4
34606,Blóodless,stormscale,192,rogue,subtlety,6,2,4
34607,Røxxilly,blackmoore,192,rogue,subtlety,6,2,4
34608,Voices,dentarg,192,rogue,subtlety,6,2,4
34609,Evi,korgall,192,rogue,subtlety,6,2,4
34610,Ellira,stormscale,192,rogue,subtlety,6,2,4
34611,Nefqq,stormscale,192,rogue,subtlety,6,2,4
34612,Kucheenstab,blackrock,192,rogue,subtlety,6,2,4
34613,Oldschool,sanguino,192,rogue,subtlety,6,2,4
34614,Epidemic,stormscale,192,rogue,subtlety,6,2,4
34615,Gameøvr,sanguino,192,rogue,subtlety,6,2,4
34616,Navaton,sanguino,192,rogue,subtlety,6,2,4
34617,Ît,stormscale,192,rogue,subtlety,6,2,4
34618,Hade,stormscale,192,rogue,subtlety,6,2,4
34619,Bananashow,aegwynn,192,rogue,subtlety,6,2,4
34620,Jæto,ravencrest,192,rogue,subtlety,6,2,4
34621,Kylìemirogue,blackrock,192,rogue,subtlety,6,2,4
34622,Вэндиго,deathweaver,192,rogue,subtlety,6,2,4
34623,Yulitz,dun-modr,192,rogue,subtlety,6,2,4
34624,Yamajinzu,blackmoore,192,rogue,subtlety,6,2,4
34625,Brinvilliers,aegwynn,192,rogue,subtlety,6,2,4
34626,Evilbiscuit,quelthalas,192,rogue,subtlety,6,2,4
34627,Zte,frostmane,192,rogue,subtlety,6,2,4
34628,Рогаупорога,howling-fjord,192,rogue,subtlety,6,2,4
34629,Senorino,tarren-mill,192,rogue,subtlety,6,2,4
34630,Canelitae,minahonda,192,rogue,subtlety,6,2,4
34631,Кеонетво,howling-fjord,192,rogue,subtlety,6,2,4
34632,Leanderrisin,ragnaros,192,rogue,subtlety,6,2,4
34633,Janx,aegwynn,192,rogue,subtlety,6,2,4
34634,Johncéná,stormscale,192,rogue,subtlety,6,2,4
34635,Rehab,draenor,192,rogue,subtlety,6,2,4
34636,Stigh,twisting-nether,192,rogue,subtlety,6,2,4
34637,Fatnutsac,eredar,192,rogue,subtlety,6,2,4
34638,Illmindofboo,twisting-nether,192,rogue,subtlety,6,2,4
34639,Caská,blackhand,192,rogue,subtlety,6,2,4
34640,Katara,antonidas,192,rogue,subtlety,6,2,4
34641,Inviscuz,draenor,192,rogue,subtlety,6,2,4
34642,Haikyu,blackhand,192,rogue,subtlety,6,2,4
34643,Cøsmøz,dalaran,192,rogue,subtlety,6,2,4
34644,Pøggerhontas,antonidas,192,rogue,subtlety,6,2,4
34645,Reyzumi,antonidas,192,rogue,subtlety,6,2,4
34646,Sohnisch,azshara,192,rogue,subtlety,6,2,4
34647,Sqc,ravencrest,192,rogue,subtlety,6,2,4
34648,Botsrogue,kazzak,192,rogue,subtlety,6,2,4
34649,Ýýçyka,kazzak,192,rogue,subtlety,6,2,4
34650,Recondite,doomhammer,192,rogue,subtlety,6,2,4
34651,Дзендэр,soulflayer,192,rogue,subtlety,6,2,4
34652,Скиррона,gordunni,192,rogue,subtlety,6,2,4
34653,Stealthyist,darkmoon-faire,192,rogue,subtlety,6,2,4
34654,Lenây,blackmoore,192,rogue,subtlety,6,2,4
34655,Feylia,terenas,192,rogue,subtlety,6,2,4
34656,Гамбиит,gordunni,192,rogue,subtlety,6,2,4
34657,Chuckloriss,garona,192,rogue,subtlety,6,2,4
34658,Lånaya,sylvanas,192,rogue,subtlety,6,2,4
34659,Le,stormreaver,192,rogue,subtlety,6,2,4
34660,Surinamort,voljin,192,rogue,subtlety,6,2,4
34661,Byaow,ravencrest,192,rogue,subtlety,6,2,4
34662,Deadchivalry,argent-dawn,192,rogue,subtlety,6,2,4
34663,Cälisto,drakthul,192,rogue,subtlety,6,2,4
34664,Рикимартини,gordunni,192,rogue,subtlety,6,2,4
34665,Wrathed,stormreaver,192,rogue,subtlety,6,2,4
34666,Ggyoulowbro,blackmoore,192,rogue,subtlety,6,2,4
34667,Иордани,gordunni,192,rogue,subtlety,6,2,4
34668,Грустныйрог,gordunni,192,rogue,subtlety,6,2,4
34669,Голадриель,gordunni,192,rogue,subtlety,6,2,4
34670,Sigleif,argent-dawn,192,rogue,subtlety,6,2,4
34671,Gosleep,stormscale,192,rogue,subtlety,6,2,4
34672,Aikaza,blackmoore,192,rogue,subtlety,6,2,4
34673,Knezr,silvermoon,192,rogue,subtlety,6,2,4
34674,Mècr,outland,192,rogue,subtlety,6,2,4
34675,Vanisha,outland,192,rogue,subtlety,6,2,4
34676,Giftknirps,silvermoon,192,rogue,subtlety,6,2,4
34677,Soulriver,kelthuzad,192,rogue,subtlety,6,2,4
34678,Greiskull,cthun,192,rogue,subtlety,15,3,12
34679,Мутина,galakrond,192,rogue,subtlety,12,2,10
34680,Refundlands,kazzak,192,rogue,subtlety,12,2,10
34681,Erèlenn,draenor,192,rogue,subtlety,12,2,10
34682,Jackpot,sargeras,192,rogue,subtlety,12,2,10
34683,Destrektor,kazzak,192,rogue,subtlety,12,2,10
34684,Shibaii,archimonde,192,rogue,subtlety,12,2,10
34685,Ergaviota,colinas-pardas,192,rogue,subtlety,12,2,10
34686,Verstopt,azjolnerub,192,rogue,subtlety,12,2,10
34687,Shacopaco,zuljin,192,rogue,subtlety,12,2,10
34688,Goldenblitz,blackmoore,192,rogue,subtlety,12,2,10
34689,Nomad,sylvanas,192,rogue,subtlety,12,2,10
34690,Shènzo,tarren-mill,192,rogue,subtlety,12,2,10
34691,Кизо,blackscar,192,rogue,subtlety,12,2,10
34692,Shaklyn,antonidas,192,rogue,subtlety,12,2,10
34693,Acheravar,antonidas,192,rogue,subtlety,12,2,10
34694,Bauwten,ravencrest,192,rogue,subtlety,12,2,10
34695,Килрилон,lich-king,192,rogue,subtlety,12,2,10
34696,Cramzes,defias-brotherhood,192,rogue,subtlety,12,2,10
34697,Grris,stormscale,192,rogue,subtlety,12,2,10
34698,Кингксу,gordunni,192,rogue,subtlety,12,2,10
34699,Pandagonstab,shadowsong,192,rogue,subtlety,12,2,10
34700,Mamus,tarren-mill,191,rogue,subtlety,6,2,4
34701,Injux,blackmoore,191,rogue,subtlety,6,2,4
34702,Энвитио,gordunni,191,rogue,subtlety,6,2,4
34703,Killboom,rexxar,191,rogue,subtlety,12,2,10
34704,Roxley,der-mithrilorden,191,rogue,subtlety,12,2,10
34705,Scratcheye,twisting-nether,191,rogue,subtlety,12,2,10
34706,Julekos,ravenholdt,159,rogue,subtlety,5,2,3
34707,Cutscene,argent-dawn,159,rogue,subtlety,5,2,3
34708,Kidneyqt,thrall,159,rogue,subtlety,5,2,3
34709,Biggut,khadgar,144,rogue,subtlety,3,3,0
34710,Paranoiaqt,outland,144,rogue,subtlety,9,2,7
34711,Sicu,malganis,138,rogue,subtlety,10,4,6
34712,Projectindex,malganis,138,rogue,subtlety,10,4,6
34713,Fatzaky,turalyon,138,rogue,subtlety,14,3,11
34714,Bandèra,ragnaros,138,rogue,subtlety,15,3,12
34715,Núb,burning-blade,138,rogue,subtlety,15,3,12
34716,Idrîl,rashgarroth,137,rogue,subtlety,9,3,6
34717,Earnedblood,kazzak,128,rogue,subtlety,4,2,2
34718,Loom,sylvanas,96,rogue,subtlety,3,2,1
34719,Songoro,tirion,96,rogue,subtlety,3,2,1
34720,Pzylol,anetheron,96,rogue,subtlety,3,2,1
34721,Nohks,blackmoore,96,rogue,subtlety,6,1,5
34722,Nerkmind,ragnaros,96,rogue,subtlety,6,1,5
34723,Sørä,ragnaros,96,rogue,subtlety,6,1,5
34724,Nullname,ragnaros,96,rogue,subtlety,6,1,5
34725,Trxë,twisting-nether,96,rogue,subtlety,6,1,5
34726,Fintex,ravencrest,96,rogue,subtlety,6,1,5
34727,Könän,dalaran,96,rogue,subtlety,6,1,5
34728,Darkolive,defias-brotherhood,96,rogue,subtlety,6,1,5
34729,Мадарец,howling-fjord,96,rogue,subtlety,6,1,5
34730,Гламурятина,gordunni,96,rogue,subtlety,6,1,5
34731,Аквик,howling-fjord,96,rogue,subtlety,6,1,5
34732,Тварьебаная,howling-fjord,96,rogue,subtlety,6,1,5
34733,Vellira,khaz-modan,96,rogue,subtlety,6,1,5
34734,Darkkstep,blackmoore,96,rogue,subtlety,6,1,5
34735,Øzs,argent-dawn,96,rogue,subtlety,6,1,5
34736,Kkraken,dalaran,96,rogue,subtlety,6,1,5
34737,Senzus,twisting-nether,96,rogue,subtlety,6,1,5
34738,Престиж,greymane,96,rogue,subtlety,6,1,5
34739,Chøsen,stormscale,96,rogue,subtlety,6,1,5
34740,Элонли,gordunni,96,rogue,subtlety,6,1,5
34741,Стронг,soulflayer,96,rogue,subtlety,6,1,5
34742,Jaffar,mannoroth,96,rogue,subtlety,6,1,5
34743,Dallrend,stormscale,96,rogue,subtlety,6,1,5
34744,Takenòtes,nemesis,96,rogue,subtlety,6,1,5
34745,Jorppe,kazzak,96,rogue,subtlety,6,1,5
34746,Genesiz,sylvanas,96,rogue,subtlety,6,1,5
34747,Letheus,stormscale,96,rogue,subtlety,6,1,5
34748,Loulina,outland,96,rogue,subtlety,6,1,5
34749,Stealthr,silvermoon,96,rogue,subtlety,6,1,5
34750,Kunigunde,shattered-hand,96,rogue,subtlety,6,1,5
34751,Faso,thunderhorn,96,rogue,subtlety,6,1,5
34752,Àrléngødx,kazzak,96,rogue,subtlety,6,1,5
34753,Retaya,draenor,96,rogue,subtlety,6,1,5
34754,Korteina,darkmoon-faire,96,rogue,subtlety,6,1,5
34755,Menzo,ravencrest,96,rogue,subtlety,6,1,5
34756,Cabbagerolls,argent-dawn,96,rogue,subtlety,6,1,5
34757,Yaelynn,argent-dawn,96,rogue,subtlety,6,1,5
34758,Sumcrit,ravencrest,96,rogue,subtlety,6,1,5
34759,Invisage,grim-batol,96,rogue,subtlety,6,1,5
34760,Ðarkbleeds,ravencrest,96,rogue,subtlety,6,1,5
34761,Benvagin,hyjal,96,rogue,subtlety,6,1,5
34762,Førtñîtégøðx,eredar,96,rogue,subtlety,6,1,5
34763,Настябэкстаб,gordunni,96,rogue,subtlety,6,1,5
34764,Malborko,ravencrest,96,rogue,subtlety,6,1,5
34765,Kénzos,silvermoon,96,rogue,subtlety,6,1,5
34766,Verk,twilights-hammer,96,rogue,subtlety,6,1,5
34767,Xok,draenor,96,rogue,subtlety,6,1,5
34768,Rookierook,draenor,96,rogue,subtlety,6,1,5
34769,Hyrule,onyxia,96,rogue,subtlety,6,1,5
34770,Outride,outland,96,rogue,subtlety,6,1,5
34771,Edaniel,draenor,96,rogue,subtlety,6,1,5
34772,Neskagrall,aegwynn,96,rogue,subtlety,6,1,5
34773,Nomota,sanguino,96,rogue,subtlety,6,1,5
34774,Nixze,tarren-mill,96,rogue,subtlety,6,1,5
34775,Twinkyzzö,archimonde,96,rogue,subtlety,6,1,5
34776,Djsapblindx,archimonde,96,rogue,subtlety,6,1,5
34777,Tàazz,archimonde,96,rogue,subtlety,6,1,5
34778,Stepbaack,silvermoon,96,rogue,subtlety,8,1,7
34779,Stabie,twisting-nether,96,rogue,subtlety,12,1,11
34780,Альдинг,howling-fjord,96,rogue,subtlety,12,1,11
34781,Subzhero,draenor,96,rogue,subtlety,12,1,11
34782,Rnghero,blackmoore,96,rogue,subtlety,12,1,11
34783,Critneyspear,runetotem,96,rogue,subtlety,12,1,11
34784,Calmrusgirl,ravenholdt,96,rogue,subtlety,12,1,11
34785,Gífti,norgannon,96,rogue,subtlety,12,1,11
34786,Azzineth,silvermoon,96,rogue,subtlety,12,1,11
34787,Kaynasi,hyjal,96,rogue,subtlety,12,1,11
34788,Xý,ysondre,96,rogue,subtlety,18,1,17
34789,Nesth,silvermoon,79,rogue,subtlety,5,1,4
34790,Deadlybrew,twisting-nether,79,rogue,subtlety,5,1,4
34791,Digmorre,drakthul,79,rogue,subtlety,5,1,4
34792,Pis,nagrand,63,rogue,subtlety,2,2,0
34793,Domiqs,blackhand,63,rogue,subtlety,2,2,0
34794,Ридлли,soulflayer,48,rogue,subtlety,3,1,2
34795,Ddlcmg,drakthul,48,rogue,subtlety,3,1,2
34796,Macon,arthas,42,rogue,subtlety,12,3,9
34797,Shadowhelm,silvermoon,31,rogue,subtlety,8,1,7
34798,Vlkyria,silvermoon,16,rogue,subtlety,13,1,12
34799,Bestjkbetter,ravencrest,2155,rogue,assassination,111,57,54
34800,Shadenax,ravencrest,2149,rogue,assassination,78,42,36
34801,Shadeniz,ravencrest,2137,rogue,assassination,113,57,56
34802,Heavý,argent-dawn,2135,rogue,assassination,133,71,62
34803,Aæ,stormscale,2112,rogue,assassination,125,65,60
34804,Rightplay,outland,2112,rogue,assassination,90,45,45
34805,Naláa,ravencrest,2107,rogue,assassination,88,45,43
34806,Shadenox,ravencrest,2104,rogue,assassination,329,164,165
34807,Ewyna,silvermoon,2103,rogue,assassination,93,49,44
34808,Fánsly,silvermoon,2102,rogue,assassination,78,40,38
34809,Mortecieca,ravencrest,2094,rogue,assassination,119,58,61
34810,Sub,kazzak,2085,rogue,assassination,96,46,50
34811,Vayyel,silvermoon,2021,rogue,assassination,278,140,138
34812,Mentol,stormscale,1985,rogue,assassination,59,45,14
34813,Visuáls,antonidas,1950,rogue,assassination,81,38,43
34814,Watchmeyoe,ravencrest,1904,rogue,assassination,78,44,34
34815,Vulrin,argent-dawn,1899,rogue,assassination,77,44,33
34816,Snøv,outland,1899,rogue,assassination,114,49,65
34817,Oggish,tarren-mill,1890,rogue,assassination,72,28,44
34818,Buffassa,ravencrest,1887,rogue,assassination,143,81,62
34819,Venomblood,sanguino,1872,rogue,assassination,65,29,36
34820,Chínerox,thunderhorn,1864,rogue,assassination,200,98,102
34821,Ålùnæh,azjolnerub,1849,rogue,assassination,54,28,26
34822,Babøønx,burning-legion,1848,rogue,assassination,89,41,48
34823,Asàd,draenor,1841,rogue,assassination,47,30,17
34824,Prei,hyjal,1839,rogue,assassination,96,49,47
34825,Baboonx,burning-legion,1839,rogue,assassination,72,31,41
34826,Aknana,vashj,1828,rogue,assassination,60,28,32
34827,Stråt,ysondre,1825,rogue,assassination,54,25,29
34828,Tyreall,drakthul,1824,rogue,assassination,101,45,56
34829,Inly,ysondre,1823,rogue,assassination,110,58,52
34830,Скварлет,howling-fjord,1818,rogue,assassination,66,30,36
34831,Kidneyou,ragnaros,1816,rogue,assassination,48,31,17
34832,Botsrogue,kazzak,1814,rogue,assassination,36,20,16
34833,Sadgexd,draenor,1814,rogue,assassination,52,26,26
34834,Shadeco,ravencrest,1811,rogue,assassination,60,29,31
34835,Пожилойпуп,gordunni,1811,rogue,assassination,54,26,28
34836,Pyridoxin,blackmoore,1810,rogue,assassination,60,29,31
34837,Shipshot,blackrock,1809,rogue,assassination,62,37,25
34838,Çhïñêsémøñkè,argent-dawn,1808,rogue,assassination,238,128,110
34839,Civarea,blackrock,1808,rogue,assassination,57,26,31
34840,Lookåtme,ravencrest,1808,rogue,assassination,48,20,28
34841,Eiscreme,blackmoore,1802,rogue,assassination,95,50,45
34842,Ohdaesu,aegwynn,1798,rogue,assassination,114,49,65
34843,Stepchildx,uldum,1787,rogue,assassination,98,72,26
34844,Изифаза,deathguard,1783,rogue,assassination,54,27,27
34845,Ридлли,soulflayer,1783,rogue,assassination,59,29,30
34846,Fíìp,drakthul,1778,rogue,assassination,234,113,121
34847,Precious,sylvanas,1774,rogue,assassination,282,141,141
34848,Dáydreamín,draenor,1772,rogue,assassination,60,27,33
34849,Blindlol,emerald-dream,1768,rogue,assassination,125,65,60
34850,Pheq,ravencrest,1765,rogue,assassination,83,33,50
34851,Goshîmoshî,stormscale,1755,rogue,assassination,59,24,35
34852,Naiikaii,antonidas,1751,rogue,assassination,54,23,31
34853,Lastsight,burning-legion,1742,rogue,assassination,57,29,28
34854,Lacusdark,draenor,1738,rogue,assassination,65,33,32
34855,Limítless,tarren-mill,1737,rogue,assassination,48,31,17
34856,Drenched,turalyon,1733,rogue,assassination,193,96,97
34857,Awaaylol,stormscale,1729,rogue,assassination,166,80,86
34858,Riskyx,draenor,1727,rogue,assassination,49,19,30
34859,Семёнтус,gordunni,1726,rogue,assassination,48,27,21
34860,Grøax,ragnaros,1722,rogue,assassination,42,25,17
34861,Youcrymydear,outland,1711,rogue,assassination,66,31,35
34862,Слаадкий,gordunni,1708,rogue,assassination,123,57,66
34863,Gøldzahn,antonidas,1708,rogue,assassination,112,50,62
34864,Richï,outland,1700,rogue,assassination,81,34,47
34865,Røler,ravencrest,1693,rogue,assassination,42,18,24
34866,Rinj,antonidas,1693,rogue,assassination,89,37,52
34867,Акиоми,gordunni,1691,rogue,assassination,102,57,45
34868,Çhïñêsérøqüè,tarren-mill,1691,rogue,assassination,77,33,44
34869,Иллвилл,soulflayer,1690,rogue,assassination,36,18,18
34870,Mazeken,kazzak,1688,rogue,assassination,53,21,32
34871,Играючестно,howling-fjord,1686,rogue,assassination,30,19,11
34872,Twitchful,kazzak,1665,rogue,assassination,54,25,29
34873,Trollmeat,twisting-nether,1663,rogue,assassination,66,25,41
34874,Brunhityx,ravencrest,1661,rogue,assassination,29,18,11
34875,Sotro,dun-modr,1660,rogue,assassination,72,28,44
34876,Peeon,drakthul,1659,rogue,assassination,73,26,47
34877,Йа,gordunni,1658,rogue,assassination,63,33,30
34878,Rajigagi,silvermoon,1648,rogue,assassination,36,19,17
34879,Yopti,tarren-mill,1647,rogue,assassination,90,32,58
34880,Shøz,kazzak,1644,rogue,assassination,110,50,60
34881,Cander,kazzak,1642,rogue,assassination,95,44,51
34882,Justkiddning,blackmoore,1641,rogue,assassination,102,60,42
34883,Ockzy,archimonde,1639,rogue,assassination,105,56,49
34884,Мастдаггер,goldrinn,1639,rogue,assassination,130,69,61
34885,Skali,tarren-mill,1639,rogue,assassination,92,45,47
34886,Monski,ravencrest,1631,rogue,assassination,54,21,33
34887,Кэпс,blackscar,1625,rogue,assassination,66,39,27
34888,Howfastiam,ravencrest,1624,rogue,assassination,108,55,53
34889,Icdeadpixelz,ysondre,1624,rogue,assassination,42,17,25
34890,Мистеркрэпс,howling-fjord,1624,rogue,assassination,47,19,28
34891,Костялом,howling-fjord,1623,rogue,assassination,36,17,19
34892,Кайсити,gordunni,1619,rogue,assassination,42,23,19
34893,Keeke,outland,1619,rogue,assassination,60,31,29
34894,Shikamouflé,archimonde,1619,rogue,assassination,148,74,74
34895,Shookyz,zuljin,1615,rogue,assassination,54,27,27
34896,Iwillcapyou,twisting-nether,1614,rogue,assassination,54,25,29
34897,Únk,dalaran,1611,rogue,assassination,63,32,31
34898,Ру,galakrond,1610,rogue,assassination,42,22,20
34899,Войенх,gordunni,1610,rogue,assassination,242,116,126
34900,Гесху,eversong,1608,rogue,assassination,41,23,18
34901,Warbell,ravencrest,1606,rogue,assassination,96,35,61
34902,Lelíth,ravencrest,1602,rogue,assassination,107,61,46
34903,Ач,gordunni,1602,rogue,assassination,78,37,41
34904,Варэль,borean-tundra,1601,rogue,assassination,215,106,109
34905,Sumiftw,drakthul,1601,rogue,assassination,48,18,30
34906,ßênz,archimonde,1600,rogue,assassination,120,63,57
34907,Nîllá,blackmoore,1600,rogue,assassination,42,18,24
34908,Загляденье,gordunni,1598,rogue,assassination,54,21,33
34909,Hoodrogue,blackrock,1580,rogue,assassination,53,29,24
34910,Amý,grim-batol,1580,rogue,assassination,45,21,24
34911,Misttrogue,hyjal,1576,rogue,assassination,72,33,39
34912,Kãlí,blackmoore,1570,rogue,assassination,271,135,136
34913,Lannon,sylvanas,1565,rogue,assassination,50,20,30
34914,Vanisha,outland,1560,rogue,assassination,85,48,37
34915,Miiløx,silvermoon,1558,rogue,assassination,54,30,24
34916,Пусякиллерх,gordunni,1556,rogue,assassination,109,47,62
34917,Silesi,kazzak,1538,rogue,assassination,154,81,73
34918,Cntrlld,ravencrest,1532,rogue,assassination,36,16,20
34919,Stunco,ravencrest,1529,rogue,assassination,30,16,14
34920,Knutten,wildhammer,1526,rogue,assassination,102,47,55
34921,Ilrunne,silvermoon,1526,rogue,assassination,71,32,39
34922,Зоти,lich-king,1525,rogue,assassination,56,27,29
34923,Deadlybrew,twisting-nether,1525,rogue,assassination,42,16,26
34924,Shaokiz,sylvanas,1523,rogue,assassination,54,29,25
34925,Npkx,outland,1519,rogue,assassination,60,26,34
34926,Flogue,area-52,1514,rogue,assassination,79,30,49
34927,Tez,malganis,1511,rogue,assassination,59,29,30
34928,Weakrat,kult-der-verdammten,1508,rogue,assassination,36,22,14
34929,Synergize,stormreaver,1508,rogue,assassination,115,54,61
34930,Argapu,stormscale,1503,rogue,assassination,78,32,46
34931,Artésia,archimonde,1502,rogue,assassination,54,30,24
34932,Zaintsas,tarren-mill,1500,rogue,assassination,62,31,31
34933,Nùgz,area-52,1498,rogue,assassination,119,65,54
34934,Reyzumi,antonidas,1488,rogue,assassination,54,27,27
34935,Hidinginash,twisting-nether,1486,rogue,assassination,56,31,25
34936,Søsaboy,nemesis,1483,rogue,assassination,60,29,31
34937,Hopejé,ravencrest,1482,rogue,assassination,50,27,23
34938,Minjeaca,silvermoon,1480,rogue,assassination,66,28,38
34939,Волнорес,eversong,1479,rogue,assassination,94,48,46
34940,Eizan,outland,1478,rogue,assassination,48,27,21
34941,Ритор,deathguard,1477,rogue,assassination,48,22,26
34942,Candycc,burning-legion,1475,rogue,assassination,67,38,29
34943,Pieksig,blackmoore,1475,rogue,assassination,72,34,38
34944,Intecto,twisting-nether,1473,rogue,assassination,70,41,29
34945,Diazz,aegwynn,1473,rogue,assassination,119,56,63
34946,Xeeana,ravencrest,1472,rogue,assassination,83,44,39
34947,Poughkeepsie,outland,1467,rogue,assassination,48,26,22
34948,Ocklol,archimonde,1467,rogue,assassination,75,37,38
34949,Arkblenderx,silvermoon,1455,rogue,assassination,106,55,51
34950,Шмарамышь,soulflayer,1454,rogue,assassination,95,45,50
34951,Vennomous,darkspear,1451,rogue,assassination,202,102,100
34952,Caská,blackhand,1445,rogue,assassination,72,32,40
34953,Intrix,draenor,1438,rogue,assassination,48,16,32
34954,Dnee,ravencrest,1435,rogue,assassination,18,15,3
34955,Erion,silvermoon,1434,rogue,assassination,66,28,38
34956,Alnaddafrog,outland,1433,rogue,assassination,58,36,22
34957,Axoic,ravencrest,1433,rogue,assassination,48,23,25
34958,Dé,ragnaros,1432,rogue,assassination,36,16,20
34959,Negrim,dun-modr,1431,rogue,assassination,143,68,75
34960,Ppollito,hyjal,1429,rogue,assassination,96,49,47
34961,Moneylake,stormscale,1428,rogue,assassination,24,15,9
34962,Effectz,ragnaros,1426,rogue,assassination,70,40,30
34963,Nìghtwalker,ravencrest,1426,rogue,assassination,70,34,36
34964,Luftpumpe,blackrock,1425,rogue,assassination,63,35,28
34965,Редфилд,blackscar,1425,rogue,assassination,48,24,24
34966,Teseiga,aegwynn,1424,rogue,assassination,128,55,73
34967,Асиксх,blackscar,1423,rogue,assassination,96,49,47
34968,Лёнтролль,blackscar,1421,rogue,assassination,69,32,37
34969,Belsazar,azshara,1418,rogue,assassination,138,67,71
34970,Sadìra,echsenkessel,1414,rogue,assassination,36,15,21
34971,Yokze,ravencrest,1410,rogue,assassination,133,67,66
34972,Ropedrink,stormscale,1409,rogue,assassination,30,19,11
34973,Grzech,burning-legion,1408,rogue,assassination,76,40,36
34974,Koreanrogue,archimonde,1406,rogue,assassination,24,15,9
34975,Synthaetic,draenor,1401,rogue,assassination,130,69,61
34976,Ванэйти,gordunni,1401,rogue,assassination,84,42,42
34977,Ynohtna,blackhand,1396,rogue,assassination,63,30,33
34978,Freemmr,draenor,1391,rogue,assassination,118,61,57
34979,Sneakysloth,ravencrest,1388,rogue,assassination,39,17,22
34980,Recondite,doomhammer,1385,rogue,assassination,53,30,23
34981,Roguening,tarren-mill,1381,rogue,assassination,65,23,42
34982,Piñotxo,sanguino,1377,rogue,assassination,41,17,24
34983,Ciaordel,sylvanas,1372,rogue,assassination,75,36,39
34984,Unshaken,dun-modr,1370,rogue,assassination,42,15,27
34985,Raiyqyu,archimonde,1362,rogue,assassination,117,59,58
34986,Nuguri,blackrock,1359,rogue,assassination,45,23,22
34987,Orcrogue,khadgar,1356,rogue,assassination,29,15,14
34988,Haikyu,blackhand,1354,rogue,assassination,72,31,41
34989,Синигурай,soulflayer,1353,rogue,assassination,36,18,18
34990,Dreathefox,drakthul,1352,rogue,assassination,48,20,28
34991,Dirtyz,dun-modr,1351,rogue,assassination,67,35,32
34992,Cýphia,amanthul,1351,rogue,assassination,69,32,37
34993,Эксплис,ashenvale,1350,rogue,assassination,29,16,13
34994,Education,aegwynn,1350,rogue,assassination,48,18,30
34995,Batsu,alleria,1346,rogue,assassination,42,18,24
34996,Роземсти,gordunni,1345,rogue,assassination,116,62,54
34997,Yvÿ,archimonde,1343,rogue,assassination,36,22,14
34998,Ethèrnal,twisting-nether,1343,rogue,assassination,31,15,16
34999,Томасмразь,blackscar,1343,rogue,assassination,30,14,16
35000,Röllz,ysondre,1342,rogue,assassination,48,21,27
35001,Lixht,the-maelstrom,1332,rogue,assassination,54,30,24
35002,Stabbinu,burning-legion,1332,rogue,assassination,30,14,16
35003,Винерджи,gordunni,1329,rogue,assassination,50,23,27
35004,Markø,twisting-nether,1329,rogue,assassination,94,42,52
35005,Finanzamtlg,blackrock,1328,rogue,assassination,36,19,17
35006,Совечица,gordunni,1327,rogue,assassination,30,14,16
35007,Кайдарра,eversong,1317,rogue,assassination,54,26,28
35008,Djnelly,stormreaver,1315,rogue,assassination,65,39,26
35009,Zobrak,twisting-nether,1315,rogue,assassination,92,44,48
35010,Стеллакокс,howling-fjord,1311,rogue,assassination,38,14,24
35011,Траста,fordragon,1310,rogue,assassination,78,25,53
35012,Sigleif,argent-dawn,1309,rogue,assassination,61,28,33
35013,Givewallet,ravencrest,1308,rogue,assassination,24,14,10
35014,Pizzayamyam,aegwynn,1308,rogue,assassination,36,15,21
35015,Имилиона,blackscar,1298,rogue,assassination,31,18,13
35016,Pathicus,stormreaver,1297,rogue,assassination,64,32,32
35017,Gadûz,kazzak,1295,rogue,assassination,44,17,27
35018,Flawlesser,kazzak,1294,rogue,assassination,39,19,20
35019,Элирэй,fordragon,1282,rogue,assassination,35,14,21
35020,Zizmo,deathwing,1278,rogue,assassination,72,26,46
35021,Патайчик,soulflayer,1275,rogue,assassination,85,40,45
35022,Фикция,greymane,1270,rogue,assassination,37,15,22
35023,Менрэйз,gordunni,1267,rogue,assassination,36,15,21
35024,Izze,thrall,1265,rogue,assassination,48,17,31
35025,Akira,outland,1262,rogue,assassination,69,34,35
35026,Veronkierto,stormreaver,1259,rogue,assassination,78,42,36
35027,Snulle,ravencrest,1248,rogue,assassination,24,13,11
35028,Сайгакк,galakrond,1248,rogue,assassination,58,30,28
35029,Rubberducky,argent-dawn,1245,rogue,assassination,18,13,5
35030,Fatnutsac,eredar,1245,rogue,assassination,30,13,17
35031,Satiiva,terokkar,1242,rogue,assassination,66,29,37
35032,Zerocell,kazzak,1240,rogue,assassination,60,29,31
35033,Mexxn,antonidas,1240,rogue,assassination,43,20,23
35034,Dime,silvermoon,1239,rogue,assassination,90,47,43
35035,Тимкок,soulflayer,1237,rogue,assassination,36,16,20
35036,Nàrutò,thrall,1236,rogue,assassination,42,14,28
35037,Mewen,sanguino,1233,rogue,assassination,30,13,17
35038,Sáinz,malganis,1233,rogue,assassination,35,15,20
35039,Raetoc,turalyon,1230,rogue,assassination,30,15,15
35040,Gankbang,frostmane,1225,rogue,assassination,54,21,33
35041,Nukubu,draenor,1224,rogue,assassination,88,35,53
35042,Mystykal,twisting-nether,1221,rogue,assassination,48,19,29
35043,Trollohlol,malganis,1220,rogue,assassination,36,17,19
35044,Behörnchen,eredar,1218,rogue,assassination,53,23,30
35045,Sneakypeeki,sylvanas,1217,rogue,assassination,29,13,16
35046,Пашавернись,gordunni,1215,rogue,assassination,41,13,28
35047,Борщичок,gordunni,1210,rogue,assassination,118,60,58
35048,Pitøu,outland,1205,rogue,assassination,48,23,25
35049,Kariinthuul,aegwynn,1205,rogue,assassination,48,20,28
35050,Bennyweth,argent-dawn,1205,rogue,assassination,42,16,26
35051,Килларан,howling-fjord,1200,rogue,assassination,29,16,13
35052,Nopz,outland,1199,rogue,assassination,36,21,15
35053,Lovetospoon,ravencrest,1196,rogue,assassination,90,51,39
35054,Kuttunga,ravencrest,1196,rogue,assassination,49,23,26
35055,Narsoule,ysondre,1194,rogue,assassination,30,16,14
35056,Фуллблайнд,gordunni,1194,rogue,assassination,33,13,20
35057,Sùbzerø,archimonde,1186,rogue,assassination,23,13,10
35058,Noxxra,blackhand,1181,rogue,assassination,59,21,38
35059,Экичу,howling-fjord,1177,rogue,assassination,48,28,20
35060,Tootskie,outland,1176,rogue,assassination,78,37,41
35061,Stabdbyvegan,ragnaros,1174,rogue,assassination,66,22,44
35062,Azovrouge,terokkar,1172,rogue,assassination,30,18,12
35063,Stôrpîx,drakthul,1165,rogue,assassination,30,13,17
35064,Цилана,gordunni,1161,rogue,assassination,45,25,20
35065,Поздоровайся,howling-fjord,1159,rogue,assassination,30,15,15
35066,Swarge,silvermoon,1159,rogue,assassination,300,145,155
35067,Jeruna,veklor,1152,rogue,assassination,24,12,12
35068,Tmpkboo,stormscale,1151,rogue,assassination,30,12,18
35069,Chiàntì,blackrock,1150,rogue,assassination,140,70,70
35070,Watodoo,kazzak,1150,rogue,assassination,32,13,19
35071,Винестрий,soulflayer,1149,rogue,assassination,24,12,12
35072,Vâleera,kazzak,1149,rogue,assassination,30,12,18
35073,Nargun,archimonde,1148,rogue,assassination,24,13,11
35074,Nightnelly,archimonde,1148,rogue,assassination,24,12,12
35075,Unterweger,die-aldor,1145,rogue,assassination,23,13,10
35076,Jaxck,sylvanas,1144,rogue,assassination,18,12,6
35077,Maelithas,archimonde,1139,rogue,assassination,47,18,29
35078,Bonejaw,tarren-mill,1137,rogue,assassination,30,14,16
35079,Zokush,archimonde,1134,rogue,assassination,39,15,24
35080,Скулипёс,howling-fjord,1124,rogue,assassination,23,15,8
35081,Phaîne,outland,1124,rogue,assassination,24,12,12
35082,Ingesa,blackhand,1123,rogue,assassination,50,22,28
35083,Krimos,archimonde,1119,rogue,assassination,54,30,24
35084,Missesinvis,blackmoore,1118,rogue,assassination,25,14,11
35085,Kronin,arakarahm,1116,rogue,assassination,36,12,24
35086,Petsakos,ravencrest,1113,rogue,assassination,35,12,23
35087,Elysm,stormscale,1112,rogue,assassination,41,21,20
35088,Jæto,ravencrest,1110,rogue,assassination,33,17,16
35089,Sênsus,antonidas,1110,rogue,assassination,54,21,33
35090,Oshä,dalaran,1102,rogue,assassination,30,13,17
35091,Анми,gordunni,1101,rogue,assassination,29,12,17
35092,Sæqq,blackmoore,1099,rogue,assassination,48,21,27
35093,Elûnè,silvermoon,1097,rogue,assassination,30,14,16
35094,Jupitor,argent-dawn,1089,rogue,assassination,48,24,24
35095,Gravestam,sunstrider,1085,rogue,assassination,36,17,19
35096,Лунари,blackscar,1076,rogue,assassination,36,14,22
35097,Undîsputed,blackmoore,1074,rogue,assassination,45,15,30
35098,Nighteshift,silvermoon,1064,rogue,assassination,36,14,22
35099,Azonaticus,hyjal,1059,rogue,assassination,28,13,15
35100,Alltaïr,ravencrest,1058,rogue,assassination,121,63,58
35101,Undxrwrld,sylvanas,1055,rogue,assassination,18,11,7
35102,Бонасера,blackscar,1052,rogue,assassination,24,11,13
35103,Umciz,archimonde,1052,rogue,assassination,30,11,19
35104,Jimaal,stormscale,1051,rogue,assassination,30,11,19
35105,Dîspatchx,defias-brotherhood,1046,rogue,assassination,24,11,13
35106,Edaniel,draenor,1045,rogue,assassination,18,11,7
35107,Zélla,twisting-nether,1044,rogue,assassination,24,11,13
35108,Pasarelo,dun-modr,1041,rogue,assassination,95,45,50
35109,Madlain,jaedenar,1041,rogue,assassination,24,11,13
35110,Кэйлфрут,gordunni,1040,rogue,assassination,18,11,7
35111,Subyo,eredar,1038,rogue,assassination,30,11,19
35112,Nevelon,chogall,1033,rogue,assassination,78,33,45
35113,Sladen,ghostlands,1032,rogue,assassination,24,11,13
35114,Julyshadows,kazzak,1031,rogue,assassination,36,15,21
35115,Tre,eredar,1030,rogue,assassination,47,22,25
35116,Epidemic,stormscale,1028,rogue,assassination,128,52,76
35117,Оскархартман,gordunni,1027,rogue,assassination,24,12,12
35118,Seleyese,draenor,1027,rogue,assassination,36,15,21
35119,Imissmop,darkspear,1026,rogue,assassination,30,11,19
35120,Мяуровани,eversong,1025,rogue,assassination,30,16,14
35121,Dykumah,sanguino,1016,rogue,assassination,24,11,13
35122,Maroshko,argent-dawn,1015,rogue,assassination,23,11,12
35123,Gigarogue,defias-brotherhood,1010,rogue,assassination,29,13,16
35124,Griveous,kazzak,1007,rogue,assassination,20,12,8
35125,Sorea,twisting-nether,1006,rogue,assassination,45,18,27
35126,Dezxxyox,dun-modr,1001,rogue,assassination,62,32,30
35127,Boskönigt,ragnaros,998,rogue,assassination,46,20,26
35128,Чернаясоска,eversong,994,rogue,assassination,95,50,45
35129,Майндтрикс,blackscar,991,rogue,assassination,26,11,15
35130,Zzippi,blackmoore,987,rogue,assassination,49,20,29
35131,Lesale,turalyon,977,rogue,assassination,42,18,24
35132,Imdma,defias-brotherhood,970,rogue,assassination,54,25,29
35133,Modulok,ulduar,969,rogue,assassination,30,14,16
35134,Veliza,twisting-nether,962,rogue,assassination,91,37,54
35135,Awakeaf,outland,960,rogue,assassination,24,10,14
35136,Gorgeousred,aegwynn,960,rogue,assassination,24,10,14
35137,Ежикх,soulflayer,960,rogue,assassination,30,10,20
35138,Czêro,grim-batol,959,rogue,assassination,18,10,8
35139,Blawann,argent-dawn,959,rogue,assassination,18,10,8
35140,Ладжо,gordunni,959,rogue,assassination,30,10,20
35141,Miistermaen,outland,959,rogue,assassination,30,10,20
35142,Koopa,argent-dawn,959,rogue,assassination,42,10,32
35143,Xalupa,dun-modr,957,rogue,assassination,24,10,14
35144,Eightball,frostmane,954,rogue,assassination,18,10,8
35145,Gârrík,blackhand,954,rogue,assassination,18,10,8
35146,Lírìa,argent-dawn,954,rogue,assassination,24,10,14
35147,Szabina,outland,953,rogue,assassination,18,10,8
35148,Skids,ravencrest,952,rogue,assassination,18,10,8
35149,Джэкман,soulflayer,950,rogue,assassination,12,10,2
35150,Areldis,drakthul,950,rogue,assassination,18,10,8
35151,Tirgo,aegwynn,946,rogue,assassination,138,67,71
35152,Mythicog,twisting-nether,946,rogue,assassination,42,17,25
35153,Джоннималыш,eversong,942,rogue,assassination,18,10,8
35154,Прнхабочка,gordunni,941,rogue,assassination,36,20,16
35155,Coastguard,twisting-nether,937,rogue,assassination,30,14,16
35156,Eniyah,tarren-mill,927,rogue,assassination,17,10,7
35157,Cbrook,sylvanas,920,rogue,assassination,29,10,19
35158,Snakeshiv,ravenholdt,919,rogue,assassination,24,12,12
35159,Dredge,kaelthas,919,rogue,assassination,43,14,29
35160,Jústina,die-aldor,897,rogue,assassination,66,28,38
35161,Márto,archimonde,896,rogue,assassination,22,10,12
35162,Ороти,greymane,891,rogue,assassination,20,12,8
35163,Sïdr,marécage-de-zangar,890,rogue,assassination,23,12,11
35164,Darkkstep,blackmoore,890,rogue,assassination,24,11,13
35165,Dalailamer,gorgonnash,887,rogue,assassination,32,10,22
35166,Макггара,soulflayer,884,rogue,assassination,143,64,79
35167,Pinchoto,sanguino,883,rogue,assassination,54,24,30
35168,Blackone,nemesis,883,rogue,assassination,24,10,14
35169,Løuvees,archimonde,881,rogue,assassination,64,29,35
35170,Kaigodd,twisting-nether,879,rogue,assassination,38,20,18
35171,Dallrend,stormscale,875,rogue,assassination,60,22,38
35172,Tranxéne,hyjal,874,rogue,assassination,24,11,13
35173,Bauwten,ravencrest,866,rogue,assassination,24,12,12
35174,Ñerøblacks,dun-modr,864,rogue,assassination,12,9,3
35175,Skýhigh,ravencrest,864,rogue,assassination,12,9,3
35176,Watergirlx,ravencrest,864,rogue,assassination,18,9,9
35177,Madisonivyqt,blackmoore,864,rogue,assassination,24,9,15
35178,Аязлаая,blackscar,864,rogue,assassination,24,9,15
35179,Afto,argent-dawn,864,rogue,assassination,24,9,15
35180,Angeldarky,silvermoon,864,rogue,assassination,24,9,15
35181,Droomprins,stormscale,864,rogue,assassination,24,9,15
35182,Sotri,dun-modr,864,rogue,assassination,24,9,15
35183,Uzrigu,tarren-mill,863,rogue,assassination,18,9,9
35184,Stepbrogue,tarren-mill,863,rogue,assassination,18,9,9
35185,Cloak,blackrock,863,rogue,assassination,18,9,9
35186,Фанфистинга,gordunni,863,rogue,assassination,36,9,27
35187,Жесть,howling-fjord,862,rogue,assassination,18,9,9
35188,Purplereign,frostmane,860,rogue,assassination,84,40,44
35189,Daggerz,outland,859,rogue,assassination,18,9,9
35190,Babysteps,the-maelstrom,856,rogue,assassination,18,9,9
35191,Silksneak,kazzak,856,rogue,assassination,18,9,9
35192,Norlix,ravencrest,856,rogue,assassination,18,9,9
35193,Вотымразь,howling-fjord,856,rogue,assassination,45,19,26
35194,Chalkbag,blackrock,852,rogue,assassination,30,9,21
35195,Dmfd,darksorrow,849,rogue,assassination,154,68,86
35196,Kuxion,zuljin,847,rogue,assassination,24,10,14
35197,Ressputini,emeriss,841,rogue,assassination,17,9,8
35198,Паштетмашин,booty-bay,841,rogue,assassination,18,9,9
35199,Носопыра,blackscar,840,rogue,assassination,24,9,15
35200,Deceptio,gilneas,835,rogue,assassination,18,9,9
35201,Lilze,ravencrest,834,rogue,assassination,60,25,35
35202,Liøø,antonidas,830,rogue,assassination,17,9,8
35203,Dæadly,archimonde,828,rogue,assassination,23,9,14
35204,Lorena,ravencrest,826,rogue,assassination,17,9,8
35205,Вальпургина,borean-tundra,826,rogue,assassination,18,9,9
35206,Tc,doomhammer,824,rogue,assassination,18,9,9
35207,Reginlief,argent-dawn,824,rogue,assassination,50,24,26
35208,Îlihad,zuljin,824,rogue,assassination,42,16,26
35209,Scorpionkk,blackrock,817,rogue,assassination,55,24,31
35210,Yuffi,ysondre,803,rogue,assassination,29,11,18
35211,Hadúr,stormscale,802,rogue,assassination,28,11,17
35212,Mol,defias-brotherhood,797,rogue,assassination,26,9,17
35213,Jumbovanish,tarren-mill,796,rogue,assassination,21,11,10
35214,Nojdobra,tarren-mill,782,rogue,assassination,19,9,10
35215,Mores,anetheron,781,rogue,assassination,24,9,15
35216,Sospiro,nemesis,779,rogue,assassination,22,9,13
35217,Gillette,guldan,773,rogue,assassination,78,29,49
35218,Wâter,silvermoon,768,rogue,assassination,18,8,10
35219,Attylaria,rexxar,768,rogue,assassination,18,8,10
35220,Tallac,drekthar,768,rogue,assassination,18,8,10
35221,Kannibalex,blackrock,768,rogue,assassination,27,9,18
35222,Juxtapose,ravencrest,768,rogue,assassination,24,8,16
35223,Onlyluvhurt,dun-modr,768,rogue,assassination,24,8,16
35224,Саэрас,howling-fjord,768,rogue,assassination,24,8,16
35225,Lipschitz,outland,768,rogue,assassination,24,8,16
35226,Piperx,ravencrest,768,rogue,assassination,30,8,22
35227,Lôre,blackrock,768,rogue,assassination,30,8,22
35228,Babouill,ysondre,767,rogue,assassination,12,8,4
35229,Crípplé,ravencrest,767,rogue,assassination,12,8,4
35230,Bläde,outland,767,rogue,assassination,12,8,4
35231,Milenia,thrall,767,rogue,assassination,18,8,10
35232,Röguelol,outland,767,rogue,assassination,18,8,10
35233,Meldee,burning-legion,767,rogue,assassination,18,8,10
35234,Nevagonagiv,archimonde,767,rogue,assassination,18,8,10
35235,Shadowcralls,blackmoore,767,rogue,assassination,18,8,10
35236,Serpez,anachronos,766,rogue,assassination,12,8,4
35237,Bronxbomber,tarren-mill,766,rogue,assassination,18,8,10
35238,Flaskan,tarren-mill,766,rogue,assassination,18,8,10
35239,Nhonhonho,silvermoon,766,rogue,assassination,18,8,10
35240,Obsçuritý,ragnaros,765,rogue,assassination,16,9,7
35241,Revelith,nemesis,764,rogue,assassination,17,8,9
35242,Jimzopf,eredar,762,rogue,assassination,18,8,10
35243,Giftknirps,silvermoon,758,rogue,assassination,18,8,10
35244,Parker,frostmane,758,rogue,assassination,24,8,16
35245,Куррвабобер,borean-tundra,756,rogue,assassination,18,8,10
35246,Deragur,antonidas,733,rogue,assassination,18,8,10
35247,Rahes,stormscale,731,rogue,assassination,35,8,27
35248,Fìíp,drakthul,720,rogue,assassination,21,8,13
35249,Zeuzo,xavius,718,rogue,assassination,11,8,3
35250,Кейтллинн,galakrond,718,rogue,assassination,36,13,23
35251,Alpinestars,dun-modr,715,rogue,assassination,17,8,9
35252,Ninieu,kirin-tor,686,rogue,assassination,13,8,5
35253,Raikyo,argent-dawn,673,rogue,assassination,13,8,5
35254,Like,aegwynn,672,rogue,assassination,12,7,5
35255,Лиринэлла,soulflayer,672,rogue,assassination,12,7,5
35256,Djpiglet,outland,672,rogue,assassination,12,7,5
35257,Silass,marécage-de-zangar,672,rogue,assassination,12,7,5
35258,Zilemjr,stormscale,672,rogue,assassination,18,7,11
35259,Ogc,draenor,672,rogue,assassination,18,7,11
35260,Scørp,ravencrest,672,rogue,assassination,18,7,11
35261,Eeros,kazzak,672,rogue,assassination,18,7,11
35262,Köna,archimonde,672,rogue,assassination,18,7,11
35263,Zlah,ravencrest,672,rogue,assassination,18,7,11
35264,Featfawkes,ragnaros,672,rogue,assassination,24,7,17
35265,Saboteur,antonidas,672,rogue,assassination,24,7,17
35266,Luketherogue,twisting-nether,672,rogue,assassination,24,7,17
35267,Jaqenhghar,pozzo-delleternità,672,rogue,assassination,24,7,17
35268,Ámbush,sylvanas,672,rogue,assassination,30,7,23
35269,Rikdy,kazzak,672,rogue,assassination,30,7,23
35270,Роггбог,howling-fjord,671,rogue,assassination,12,7,5
35271,Friter,stormscale,671,rogue,assassination,18,7,11
35272,Yassu,archimonde,671,rogue,assassination,18,7,11
35273,Rîg,draenor,671,rogue,assassination,18,7,11
35274,Kuzmin,die-aldor,671,rogue,assassination,18,7,11
35275,Brazi,dalaran,671,rogue,assassination,18,7,11
35276,Barkai,kazzak,670,rogue,assassination,18,7,11
35277,Valdengard,antonidas,669,rogue,assassination,12,7,5
35278,Shinigamî,nemesis,668,rogue,assassination,12,7,5
35279,Thedarkness,sylvanas,667,rogue,assassination,12,7,5
35280,Дисхар,soulflayer,667,rogue,assassination,12,7,5
35281,Fizzkhalifa,zuljin,667,rogue,assassination,25,9,16
35282,Rogunelf,stormreaver,666,rogue,assassination,12,7,5
35283,Ashami,genjuros,666,rogue,assassination,18,7,11
35284,Rwaphou,ysondre,664,rogue,assassination,12,7,5
35285,Twotimess,stormscale,658,rogue,assassination,12,7,5
35286,Onetwo,aggra-português,655,rogue,assassination,18,7,11
35287,Sessanali,silvermoon,655,rogue,assassination,30,7,23
35288,Niapro,dun-morogh,653,rogue,assassination,17,7,10
35289,Rêdbello,dun-morogh,651,rogue,assassination,18,7,11
35290,Ripgore,sylvanas,639,rogue,assassination,17,7,10
35291,Якунька,soulflayer,637,rogue,assassination,17,7,10
35292,Mozenn,draenor,622,rogue,assassination,15,7,8
35293,Bensollo,tarren-mill,622,rogue,assassination,17,7,10
35294,Knockyz,khaz-modan,591,rogue,assassination,25,8,17
35295,Jamesdarmody,twisting-nether,589,rogue,assassination,21,7,14
35296,Blade,stormscale,576,rogue,assassination,12,6,6
35297,Remindful,ravencrest,576,rogue,assassination,12,6,6
35298,Voetdown,blackmoore,576,rogue,assassination,12,6,6
35299,Бейнс,howling-fjord,576,rogue,assassination,12,6,6
35300,Wrestlér,sylvanas,576,rogue,assassination,12,6,6
35301,Sachsun,outland,576,rogue,assassination,12,6,6
35302,Schníttchen,antonidas,576,rogue,assassination,12,6,6
35303,Necroli,kazzak,576,rogue,assassination,12,6,6
35304,Soulriver,kelthuzad,576,rogue,assassination,12,6,6
35305,Nekhâ,hyjal,576,rogue,assassination,12,6,6
35306,Лиргенвард,deathguard,576,rogue,assassination,12,6,6
35307,Rohalds,silvermoon,576,rogue,assassination,12,6,6
35308,Flopsy,archimonde,576,rogue,assassination,12,6,6
35309,Myk,ravencrest,576,rogue,assassination,12,6,6
35310,Mollyperph,ravencrest,576,rogue,assassination,12,6,6
35311,Diagnoze,silvermoon,576,rogue,assassination,12,6,6
35312,Lildretch,dun-morogh,576,rogue,assassination,12,6,6
35313,Liraia,eredar,576,rogue,assassination,18,6,12
35314,Мелеша,blackscar,576,rogue,assassination,18,6,12
35315,Zte,frostmane,576,rogue,assassination,18,6,12
35316,Blooddance,ragnaros,576,rogue,assassination,18,6,12
35317,Dnw,ravencrest,576,rogue,assassination,18,6,12
35318,Hanzo,vashj,576,rogue,assassination,24,6,18
35319,Практикиней,grom,575,rogue,assassination,12,6,6
35320,Malvaxxs,tarren-mill,575,rogue,assassination,12,6,6
35321,Hmwow,kazzak,575,rogue,assassination,12,6,6
35322,Zyrogue,silvermoon,575,rogue,assassination,12,6,6
35323,Rbgdowngrade,ravencrest,575,rogue,assassination,12,6,6
35324,Ноубрэйкс,blackscar,575,rogue,assassination,12,6,6
35325,Peqpen,ravencrest,575,rogue,assassination,12,6,6
35326,Shènz,ysondre,575,rogue,assassination,18,6,12
35327,Horvathzu,ravencrest,575,rogue,assassination,18,6,12
35328,Stonecold,twilights-hammer,575,rogue,assassination,24,6,18
35329,Fkuwu,dalaran,575,rogue,assassination,24,6,18
35330,Колдрейдж,soulflayer,574,rogue,assassination,12,6,6
35331,Жинпес,gordunni,574,rogue,assassination,12,6,6
35332,Yasmineskye,silvermoon,574,rogue,assassination,12,6,6
35333,Outofstuns,earthen-ring,574,rogue,assassination,18,7,11
35334,Dahlinska,ravencrest,574,rogue,assassination,18,6,12
35335,Tubes,dun-morogh,573,rogue,assassination,6,6,0
35336,Whiss,blackmoore,573,rogue,assassination,12,6,6
35337,Letheus,stormscale,573,rogue,assassination,18,6,12
35338,Whiz,alexstrasza,572,rogue,assassination,21,7,14
35339,Matarocho,ravencrest,572,rogue,assassination,18,6,12
35340,Ranjual,blackhand,571,rogue,assassination,12,6,6
35341,Xlongman,blackhand,571,rogue,assassination,24,6,18
35342,Симус,lich-king,568,rogue,assassination,12,6,6
35343,Rossaporcona,nemesis,564,rogue,assassination,30,6,24
35344,Dimah,blackmoore,563,rogue,assassination,18,6,12
35345,Наджийа,lich-king,560,rogue,assassination,18,6,12
35346,Givilwtf,eredar,543,rogue,assassination,17,6,11
35347,Nÿst,khaz-modan,543,rogue,assassination,17,6,11
35348,Ûltraaxx,ysondre,528,rogue,assassination,15,6,9
35349,Stonyhavana,ravencrest,527,rogue,assassination,11,6,5
35350,Vaeira,ravencrest,527,rogue,assassination,17,6,11
35351,Folzen,archimonde,512,rogue,assassination,16,6,10
35352,Bamboozledx,draenor,511,rogue,assassination,11,6,5
35353,Ðescartes,antonidas,480,rogue,assassination,6,5,1
35354,Backstabjr,blackmoore,480,rogue,assassination,12,5,7
35355,Calve,tarren-mill,480,rogue,assassination,12,5,7
35356,Snurry,tarren-mill,480,rogue,assassination,12,5,7
35357,Aikaza,blackmoore,480,rogue,assassination,12,5,7
35358,Кишмякх,howling-fjord,480,rogue,assassination,12,5,7
35359,Malatang,thrall,480,rogue,assassination,12,5,7
35360,Patryk,silvermoon,480,rogue,assassination,12,5,7
35361,Йоио,howling-fjord,480,rogue,assassination,12,5,7
35362,Rylie,garona,480,rogue,assassination,12,5,7
35363,Shabakftw,twisting-nether,480,rogue,assassination,12,5,7
35364,Рэкрейвон,gordunni,480,rogue,assassination,12,5,7
35365,Nippzy,twisting-nether,480,rogue,assassination,12,5,7
35366,Эрихард,howling-fjord,480,rogue,assassination,12,5,7
35367,Anhduy,blackrock,480,rogue,assassination,12,5,7
35368,Fixsap,aegwynn,480,rogue,assassination,12,5,7
35369,Gögel,draenor,480,rogue,assassination,12,5,7
35370,Ândrey,ravencrest,480,rogue,assassination,12,5,7
35371,Exiv,ragnaros,480,rogue,assassination,12,5,7
35372,Trickfulz,stormscale,480,rogue,assassination,12,5,7
35373,Fawkkes,la-croisade-écarlate,480,rogue,assassination,12,5,7
35374,Sholace,blackrock,480,rogue,assassination,12,5,7
35375,Gðrdø,blackrock,480,rogue,assassination,12,5,7
35376,Kidalica,auchindoun,480,rogue,assassination,12,5,7
35377,Kendyx,kirin-tor,480,rogue,assassination,12,5,7
35378,Psg,argent-dawn,480,rogue,assassination,12,5,7
35379,Zwarciowa,burning-legion,480,rogue,assassination,12,5,7
35380,Hì,bronzebeard,480,rogue,assassination,12,5,7
35381,Zajii,eredar,480,rogue,assassination,12,5,7
35382,Morgan,argent-dawn,480,rogue,assassination,12,5,7
35383,Ghðst,stormscale,480,rogue,assassination,12,5,7
35384,Stealthi,stormscale,480,rogue,assassination,18,5,13
35385,Wrathed,stormreaver,480,rogue,assassination,18,5,13
35386,Kenjí,silvermoon,480,rogue,assassination,18,5,13
35387,Ambushgirl,ravencrest,480,rogue,assassination,18,5,13
35388,Exanimu,ravencrest,480,rogue,assassination,18,5,13
35389,Republicano,cthun,480,rogue,assassination,18,5,13
35390,Vizifyx,ravencrest,480,rogue,assassination,24,5,19
35391,Waltër,tyrande,480,rogue,assassination,24,5,19
35392,Finisher,sanguino,479,rogue,assassination,6,5,1
35393,Хэресс,soulflayer,479,rogue,assassination,6,5,1
35394,Дамид,gordunni,479,rogue,assassination,12,5,7
35395,Tossmysaladx,silvermoon,479,rogue,assassination,12,5,7
35396,Shadowfangs,ravencrest,479,rogue,assassination,12,5,7
35397,Leÿji,archimonde,479,rogue,assassination,12,5,7
35398,Ganzord,dun-modr,479,rogue,assassination,12,5,7
35399,Некролз,gordunni,479,rogue,assassination,13,5,8
35400,Hallogenic,silvermoon,479,rogue,assassination,18,5,13
35401,Astefion,dalaran,479,rogue,assassination,24,5,19
35402,Jacksoon,dun-morogh,477,rogue,assassination,18,5,13
35403,Razboy,dun-morogh,475,rogue,assassination,12,5,7
35404,Owlcat,argent-dawn,475,rogue,assassination,12,5,7
35405,Леронда,deepholm,472,rogue,assassination,12,5,7
35406,Elfikill,elune,472,rogue,assassination,13,5,8
35407,Eljana,amanthul,472,rogue,assassination,20,7,13
35408,Síns,runetotem,448,rogue,assassination,10,5,5
35409,Deevoll,tarren-mill,447,rogue,assassination,20,6,14
35410,Элиссенда,deathguard,446,rogue,assassination,11,5,6
35411,Sørä,ragnaros,444,rogue,assassination,10,5,5
35412,Bhabì,uldaman,431,rogue,assassination,11,5,6
35413,Rhâpsødýx,twisting-nether,426,rogue,assassination,14,6,8
35414,Ghøßt,outland,426,rogue,assassination,17,7,10
35415,Refundlands,kazzak,426,rogue,assassination,15,6,9
35416,Mâêl,blackmoore,426,rogue,assassination,16,6,10
35417,Bluehell,sanguino,415,rogue,assassination,10,5,5
35418,Horóz,antonidas,400,rogue,assassination,7,5,2
35419,Døpegame,ravencrest,400,rogue,assassination,13,5,8
35420,Путьказаха,gordunni,384,rogue,assassination,6,4,2
35421,Brñ,ravencrest,384,rogue,assassination,6,4,2
35422,Fûckínggød,outland,384,rogue,assassination,6,4,2
35423,Ðoppex,blackmoore,384,rogue,assassination,6,4,2
35424,Mïkasa,ysondre,384,rogue,assassination,6,4,2
35425,Мёртвыйанарх,soulflayer,384,rogue,assassination,6,4,2
35426,Obstechhawi,argent-dawn,384,rogue,assassination,6,4,2
35427,Sisoi,kazzak,384,rogue,assassination,6,4,2
35428,Vögue,burning-legion,384,rogue,assassination,6,4,2
35429,Whosmanz,ragnaros,384,rogue,assassination,6,4,2
35430,Painkeeper,stormscale,384,rogue,assassination,6,4,2
35431,Parawietje,twilights-hammer,384,rogue,assassination,6,4,2
35432,Gâla,elune,384,rogue,assassination,6,4,2
35433,Евгенийильич,gordunni,384,rogue,assassination,6,4,2
35434,Meccura,silvermoon,384,rogue,assassination,6,4,2
35435,Красаа,soulflayer,384,rogue,assassination,6,4,2
35436,Tyranoxoth,stormscale,384,rogue,assassination,6,4,2
35437,Eltitoedu,dun-modr,384,rogue,assassination,6,4,2
35438,Ebayscammer,ravencrest,384,rogue,assassination,6,4,2
35439,Mouchess,hyjal,384,rogue,assassination,6,4,2
35440,Synsinte,silvermoon,384,rogue,assassination,6,4,2
35441,Tebzr,ravencrest,384,rogue,assassination,6,4,2
35442,Mituxararr,blackrock,384,rogue,assassination,6,4,2
35443,Биокарлик,soulflayer,384,rogue,assassination,6,4,2
35444,Sîccarîus,ravencrest,384,rogue,assassination,6,4,2
35445,Nineball,frostmane,384,rogue,assassination,6,4,2
35446,Дикийминус,howling-fjord,384,rogue,assassination,6,4,2
35447,Sayianwho,ravencrest,384,rogue,assassination,6,4,2
35448,Zerfex,eredar,384,rogue,assassination,12,4,8
35449,Wééselby,blackrock,384,rogue,assassination,12,4,8
35450,Mtb,ravencrest,384,rogue,assassination,12,4,8
35451,Redcutter,silvermoon,384,rogue,assassination,12,4,8
35452,Paidaki,kazzak,384,rogue,assassination,12,4,8
35453,Kallelelel,tarren-mill,384,rogue,assassination,12,4,8
35454,Honeycakes,ravencrest,384,rogue,assassination,12,4,8
35455,Stepkickgodx,blackmoore,384,rogue,assassination,12,4,8
35456,Norpz,aggra-português,384,rogue,assassination,12,4,8
35457,Níterush,eredar,384,rogue,assassination,12,4,8
35458,Crimatoria,rajaxx,384,rogue,assassination,12,4,8
35459,Kïdney,stormscale,384,rogue,assassination,12,4,8
35460,Meimei,sanguino,384,rogue,assassination,12,4,8
35461,Sharkøo,eredar,384,rogue,assassination,12,4,8
35462,Ddhelpra,blackrock,384,rogue,assassination,12,4,8
35463,Shadowspike,sanguino,384,rogue,assassination,12,4,8
35464,Noxxy,archimonde,384,rogue,assassination,12,4,8
35465,Ксяосупдупао,howling-fjord,384,rogue,assassination,12,4,8
35466,Wickness,dun-modr,384,rogue,assassination,12,4,8
35467,Izzyb,auchindoun,384,rogue,assassination,12,4,8
35468,Obernik,draenor,384,rogue,assassination,12,4,8
35469,Ра,gordunni,384,rogue,assassination,12,4,8
35470,Гранетанцор,blackscar,384,rogue,assassination,12,4,8
35471,Achterom,tarren-mill,384,rogue,assassination,12,4,8
35472,Röguetönerö,dun-modr,384,rogue,assassination,12,4,8
35473,Doomdagger,chamber-of-aspects,384,rogue,assassination,12,4,8
35474,Darkchomeur,archimonde,384,rogue,assassination,12,4,8
35475,Fálke,dun-modr,384,rogue,assassination,12,4,8
35476,Галиновна,soulflayer,384,rogue,assassination,12,4,8
35477,Gämèøvërkíd,archimonde,384,rogue,assassination,12,4,8
35478,Lilrookie,argent-dawn,384,rogue,assassination,12,4,8
35479,Bijâ,aegwynn,384,rogue,assassination,12,4,8
35480,Ryxon,arathor,384,rogue,assassination,12,4,8
35481,Feucht,argent-dawn,384,rogue,assassination,12,4,8
35482,Елианора,gordunni,384,rogue,assassination,18,4,14
35483,Gorgeousréd,aegwynn,384,rogue,assassination,18,4,14
35484,Zerö,tarren-mill,384,rogue,assassination,18,4,14
35485,Ристоврация,gordunni,384,rogue,assassination,18,4,14
35486,Mindset,eredar,384,rogue,assassination,18,4,14
35487,Lïke,frostwolf,384,rogue,assassination,18,4,14
35488,Лайнэл,deathweaver,384,rogue,assassination,18,4,14
35489,Sythex,archimonde,384,rogue,assassination,18,4,14
35490,Ibizà,ravencrest,384,rogue,assassination,18,4,14
35491,Horrogue,aggramar,383,rogue,assassination,6,4,2
35492,Opiïum,ysondre,383,rogue,assassination,6,4,2
35493,Vexedancer,stormscale,383,rogue,assassination,6,4,2
35494,Kyzzo,dalaran,383,rogue,assassination,12,4,8
35495,Algopyrin,ragnaros,383,rogue,assassination,12,4,8
35496,Töbïï,sylvanas,383,rogue,assassination,12,4,8
35497,Obbexd,outland,383,rogue,assassination,12,4,8
35498,Haregan,gorgonnash,382,rogue,assassination,6,4,2
35499,Twinkyzzö,archimonde,382,rogue,assassination,12,4,8
35500,Møkkagnom,darkspear,381,rogue,assassination,12,4,8
35501,Pumpy,blades-edge,381,rogue,assassination,12,4,8
35502,Easy,kult-der-verdammten,376,rogue,assassination,18,4,14
35503,Stealtheous,arathor,367,rogue,assassination,11,4,7
35504,Myk,xavius,352,rogue,assassination,10,5,5
35505,Стронг,soulflayer,352,rogue,assassination,10,4,6
35506,Stælf,argent-dawn,352,rogue,assassination,16,4,12
35507,Lilbubblegum,emerald-dream,351,rogue,assassination,11,4,7
35508,Gereon,drakthul,351,rogue,assassination,11,4,7
35509,Морзо,howling-fjord,351,rogue,assassination,17,4,13
35510,Клозо,galakrond,351,rogue,assassination,17,4,13
35511,Voraq,blackhand,350,rogue,assassination,11,4,7
35512,Blueberry,sargeras,322,rogue,assassination,13,5,8
35513,Fz,chants-éternels,319,rogue,assassination,16,5,11
35514,Stroògz,ysondre,288,rogue,assassination,6,3,3
35515,Xãwé,kazzak,288,rogue,assassination,6,3,3
35516,Langneurr,archimonde,288,rogue,assassination,6,3,3
35517,Jsprxo,stormscale,288,rogue,assassination,6,3,3
35518,Batta,drakthul,288,rogue,assassination,6,3,3
35519,Kaylí,kazzak,288,rogue,assassination,6,3,3
35520,Mordred,stormscale,288,rogue,assassination,6,3,3
35521,Олддеадроб,soulflayer,288,rogue,assassination,6,3,3
35522,Smorcoolio,stormscale,288,rogue,assassination,6,3,3
35523,Охотникведьм,soulflayer,288,rogue,assassination,6,3,3
35524,Sorashna,agamaggan,288,rogue,assassination,6,3,3
35525,Illmindofboo,twisting-nether,288,rogue,assassination,6,3,3
35526,Artyzoo,tarren-mill,288,rogue,assassination,6,3,3
35527,Sussulto,nemesis,288,rogue,assassination,6,3,3
35528,Myxx,ravencrest,288,rogue,assassination,6,3,3
35529,Labronka,sanguino,288,rogue,assassination,6,3,3
35530,Stealthyist,darkmoon-faire,288,rogue,assassination,6,3,3
35531,Gitguduwu,tarren-mill,288,rogue,assassination,6,3,3
35532,Erdin,ravencrest,288,rogue,assassination,6,3,3
35533,Luciferx,stormscale,288,rogue,assassination,6,3,3
35534,Tiazx,outland,288,rogue,assassination,6,3,3
35535,Котянкахд,howling-fjord,288,rogue,assassination,6,3,3
35536,Rodént,argent-dawn,288,rogue,assassination,6,3,3
35537,Nevazutu,twisting-nether,288,rogue,assassination,6,3,3
35538,Tasster,frostwolf,288,rogue,assassination,6,3,3
35539,Jupezii,stormreaver,288,rogue,assassination,6,3,3
35540,Laojin,kiljaeden,288,rogue,assassination,6,3,3
35541,Blackmøré,argent-dawn,288,rogue,assassination,6,3,3
35542,Reaventis,ravencrest,288,rogue,assassination,6,3,3
35543,Skrbke,tarren-mill,288,rogue,assassination,6,3,3
35544,Keexy,ravencrest,288,rogue,assassination,6,3,3
35545,Aska,antonidas,288,rogue,assassination,6,3,3
35546,Heftychonk,doomhammer,288,rogue,assassination,6,3,3
35547,Sâtýr,ravencrest,288,rogue,assassination,6,3,3
35548,Lättja,hyjal,288,rogue,assassination,6,3,3
35549,Zigaretz,ravencrest,288,rogue,assassination,6,3,3
35550,Lämä,stormreaver,288,rogue,assassination,6,3,3
35551,Ракфорн,howling-fjord,288,rogue,assassination,6,3,3
35552,Зорго,deathguard,288,rogue,assassination,6,3,3
35553,Nezukóchan,ravencrest,288,rogue,assassination,6,3,3
35554,Lïhtêñßërg,ravencrest,288,rogue,assassination,6,3,3
35555,Ðaemøn,archimonde,288,rogue,assassination,12,4,8
35556,Shadowprank,ravencrest,288,rogue,assassination,9,3,6
35557,Vyllaftw,hyjal,288,rogue,assassination,10,3,7
35558,Psybelette,khaz-modan,288,rogue,assassination,15,4,11
35559,Terya,ragnaros,288,rogue,assassination,12,3,9
35560,Netreck,dun-modr,288,rogue,assassination,12,3,9
35561,Turbocandle,ravencrest,288,rogue,assassination,12,3,9
35562,Fushimi,ravencrest,288,rogue,assassination,12,3,9
35563,Rôst,ravencrest,288,rogue,assassination,12,3,9
35564,Sickko,stormscale,288,rogue,assassination,12,3,9
35565,Zeiden,sanguino,288,rogue,assassination,12,3,9
35566,Redork,twisting-nether,288,rogue,assassination,12,3,9
35567,Felvengeance,stormscale,288,rogue,assassination,12,3,9
35568,Kyropth,eredar,288,rogue,assassination,12,3,9
35569,Келгар,soulflayer,288,rogue,assassination,12,3,9
35570,Hamer,eredar,288,rogue,assassination,12,3,9
35571,Курога,howling-fjord,288,rogue,assassination,12,3,9
35572,Smokeyx,outland,288,rogue,assassination,12,3,9
35573,Madita,frostmourne,288,rogue,assassination,12,3,9
35574,Nezuko,gilneas,288,rogue,assassination,12,3,9
35575,Mxrbid,defias-brotherhood,288,rogue,assassination,12,3,9
35576,Moratz,blackmoore,288,rogue,assassination,12,3,9
35577,Persës,outland,288,rogue,assassination,12,3,9
35578,Gløck,die-aldor,288,rogue,assassination,12,3,9
35579,Bumaqt,silvermoon,288,rogue,assassination,12,3,9
35580,Ryurfy,archimonde,288,rogue,assassination,12,3,9
35581,Hersuub,blackmoore,288,rogue,assassination,12,3,9
35582,Zip,alleria,288,rogue,assassination,12,3,9
35583,Eriksonn,drakthul,288,rogue,assassination,12,3,9
35584,Vessel,tarren-mill,288,rogue,assassination,12,3,9
35585,Nitröx,tarren-mill,288,rogue,assassination,12,3,9
35586,Kylìemirogue,blackrock,288,rogue,assassination,12,3,9
35587,Teldã,archimonde,288,rogue,assassination,12,3,9
35588,Drillss,ravencrest,288,rogue,assassination,22,4,18
35589,Jáyjay,antonidas,288,rogue,assassination,18,3,15
35590,Memphismp,drakthul,288,rogue,assassination,18,3,15
35591,Killboom,rexxar,287,rogue,assassination,6,3,3
35592,Yubleeding,kazzak,287,rogue,assassination,6,3,3
35593,Vv,terokkar,287,rogue,assassination,6,3,3
35594,Willin,kazzak,287,rogue,assassination,6,3,3
35595,Гламурятина,gordunni,287,rogue,assassination,6,3,3
35596,Умбрен,lich-king,287,rogue,assassination,6,3,3
35597,Nastyrogue,burning-legion,287,rogue,assassination,12,3,9
35598,Vendox,defias-brotherhood,287,rogue,assassination,12,3,9
35599,Krymziàâ,hyjal,287,rogue,assassination,18,3,15
35600,Clapslap,blackmoore,286,rogue,assassination,6,3,3
35601,Фоксивнир,soulflayer,286,rogue,assassination,6,3,3
35602,Derrieretoî,archimonde,285,rogue,assassination,12,3,9
35603,Ecilaa,conseil-des-ombres,285,rogue,assassination,12,3,9
35604,Verbb,turalyon,284,rogue,assassination,12,3,9
35605,Bobydrift,khaz-modan,284,rogue,assassination,12,3,9
35606,Layson,les-clairvoyants,271,rogue,assassination,11,3,8
35607,Bloodhand,blackmoore,255,rogue,assassination,11,3,8
35608,Blckrogue,bloodfeather,240,rogue,assassination,9,3,6
35609,Starkad,archimonde,239,rogue,assassination,5,3,2
35610,Kebabgodx,sanguino,223,rogue,assassination,8,3,5
35611,Bangerstab,draenor,192,rogue,assassination,6,2,4
35612,Diliu,doomhammer,192,rogue,assassination,6,2,4
35613,Xeggy,turalyon,192,rogue,assassination,6,2,4
35614,Althieves,ravencrest,192,rogue,assassination,6,2,4
35615,Zyphion,ragnaros,192,rogue,assassination,6,2,4
35616,Henlh,turalyon,192,rogue,assassination,6,2,4
35617,Nudelholz,blackrock,192,rogue,assassination,6,2,4
35618,Saix,blackrock,192,rogue,assassination,6,2,4
35619,Helcof,emerald-dream,192,rogue,assassination,6,2,4
35620,Кашеварить,gordunni,192,rogue,assassination,6,2,4
35621,Grüeßseebach,todeswache,192,rogue,assassination,6,2,4
35622,Нойсеен,gordunni,192,rogue,assassination,6,2,4
35623,Tofix,tarren-mill,192,rogue,assassination,6,2,4
35624,Næylá,kult-der-verdammten,192,rogue,assassination,6,2,4
35625,Bakalan,dun-modr,192,rogue,assassination,6,2,4
35626,Katara,antonidas,192,rogue,assassination,6,2,4
35627,Maxrizzx,ravencrest,192,rogue,assassination,6,2,4
35628,Аренатрюки,soulflayer,192,rogue,assassination,6,2,4
35629,Synexo,sylvanas,192,rogue,assassination,6,2,4
35630,Reáper,frostwolf,192,rogue,assassination,6,2,4
35631,Ikaze,kazzak,192,rogue,assassination,6,2,4
35632,Mallaurya,dalaran,192,rogue,assassination,6,2,4
35633,Noilek,sylvanas,192,rogue,assassination,6,2,4
35634,Ichiegoichie,draenor,192,rogue,assassination,6,2,4
35635,Ðelvin,dalaran,192,rogue,assassination,6,2,4
35636,Yakii,eredar,192,rogue,assassination,6,2,4
35637,Garou,blackhand,192,rogue,assassination,6,2,4
35638,Sokillu,silvermoon,192,rogue,assassination,6,2,4
35639,Хулиганнчег,galakrond,192,rogue,assassination,6,2,4
35640,Warbell,stormscale,192,rogue,assassination,6,2,4
35641,Jonewrld,ravencrest,192,rogue,assassination,6,2,4
35642,Isucu,burning-legion,192,rogue,assassination,6,2,4
35643,Venom,stormscale,192,rogue,assassination,6,2,4
35644,Redrumx,outland,192,rogue,assassination,6,2,4
35645,Hideout,ravencrest,192,rogue,assassination,6,2,4
35646,Brazzersx,antonidas,192,rogue,assassination,6,2,4
35647,Саулите,deathguard,192,rogue,assassination,6,2,4
35648,Maedyv,magtheridon,192,rogue,assassination,6,2,4
35649,Rearmer,burning-legion,192,rogue,assassination,6,2,4
35650,Rãz,stormscale,192,rogue,assassination,6,2,4
35651,Oczku,burning-legion,192,rogue,assassination,6,2,4
35652,Shúrae,blackmoore,192,rogue,assassination,6,2,4
35653,Аутянин,soulflayer,192,rogue,assassination,6,2,4
35654,Weird,blackmoore,192,rogue,assassination,6,2,4
35655,Fälke,dun-modr,192,rogue,assassination,6,2,4
35656,Сильфитт,gordunni,192,rogue,assassination,6,2,4
35657,Люняшка,booty-bay,192,rogue,assassination,6,2,4
35658,Mobrac,silvermoon,192,rogue,assassination,6,2,4
35659,Habba,dragonblight,192,rogue,assassination,6,2,4
35660,Eazmode,outland,192,rogue,assassination,6,2,4
35661,Sanzsa,ravencrest,192,rogue,assassination,6,2,4
35662,Сабстрайк,soulflayer,192,rogue,assassination,6,2,4
35663,Tinta,aszune,192,rogue,assassination,6,2,4
35664,Goldenblitz,blackmoore,192,rogue,assassination,6,2,4
35665,Ghøstkid,blackrock,192,rogue,assassination,6,2,4
35666,Niagram,dun-modr,192,rogue,assassination,6,2,4
35667,Хемофилия,grom,192,rogue,assassination,6,2,4
35668,Kersatos,silvermoon,192,rogue,assassination,6,2,4
35669,Xanyy,bloodfeather,192,rogue,assassination,6,2,4
35670,Hardkølle,ravencrest,192,rogue,assassination,6,2,4
35671,Zømbië,kazzak,192,rogue,assassination,6,2,4
35672,Highz,zenedar,192,rogue,assassination,6,2,4
35673,Xanders,draenor,192,rogue,assassination,6,2,4
35674,Bórgós,blackrock,192,rogue,assassination,6,2,4
35675,Díddz,tarren-mill,192,rogue,assassination,6,2,4
35676,Gane,sanguino,192,rogue,assassination,6,2,4
35677,Yanlu,ysondre,192,rogue,assassination,6,2,4
35678,Naí,zuljin,192,rogue,assassination,6,2,4
35679,Sycko,alakir,192,rogue,assassination,6,2,4
35680,Kikitaklk,uldum,192,rogue,assassination,6,2,4
35681,Bloodwraith,stormscale,192,rogue,assassination,6,2,4
35682,Китей,howling-fjord,192,rogue,assassination,6,2,4
35683,Skuggdunkarn,draenor,192,rogue,assassination,12,2,10
35684,Sheyrrà,aegwynn,192,rogue,assassination,12,2,10
35685,Mingzhu,ravencrest,192,rogue,assassination,12,2,10
35686,Nesä,hyjal,192,rogue,assassination,12,2,10
35687,Azzmodia,aegwynn,192,rogue,assassination,12,2,10
35688,Bolesnirogue,draenor,192,rogue,assassination,12,2,10
35689,Neirdà,hyjal,192,rogue,assassination,12,2,10
35690,Rnghero,blackmoore,192,rogue,assassination,12,2,10
35691,Hanteran,magtheridon,192,rogue,assassination,12,2,10
35692,Vezinia,ravencrest,192,rogue,assassination,12,2,10
35693,Skilz,sylvanas,192,rogue,assassination,12,2,10
35694,Cacucoxpahu,kazzak,192,rogue,assassination,12,2,10
35695,Romiel,ravencrest,192,rogue,assassination,12,2,10
35696,Sylvanshadow,nemesis,192,rogue,assassination,12,2,10
35697,Hitogoroshi,hyjal,192,rogue,assassination,12,2,10
35698,Лэйкиро,gordunni,192,rogue,assassination,12,2,10
35699,Sneakzy,sylvanas,192,rogue,assassination,12,2,10
35700,Rasponi,ragnaros,192,rogue,assassination,12,2,10
35701,Coopér,argent-dawn,192,rogue,assassination,18,2,16
35702,Токссиси,gordunni,191,rogue,assassination,6,2,4
35703,Drexxo,drakthul,191,rogue,assassination,6,2,4
35704,Thugore,thunderhorn,191,rogue,assassination,6,2,4
35705,Nhot,kazzak,191,rogue,assassination,6,2,4
35706,Вангельм,gordunni,191,rogue,assassination,12,2,10
35707,Midô,dun-morogh,191,rogue,assassination,12,2,10
35708,Snikrot,karazhan,190,rogue,assassination,12,2,10
35709,Icyicé,kazzak,175,rogue,assassination,11,2,9
35710,Sanzoo,blackmoore,175,rogue,assassination,11,2,9
35711,Зайт,howling-fjord,173,rogue,assassination,11,3,8
35712,Nià,argent-dawn,158,rogue,assassination,10,2,8
35713,Rascall,anetheron,138,rogue,assassination,8,3,5
35714,Arathir,ravencrest,138,rogue,assassination,9,3,6
35715,Shâdowfreeze,onyxia,138,rogue,assassination,22,4,18
35716,Mythmatical,tarren-mill,96,rogue,assassination,3,2,1
35717,Totentánz,silvermoon,96,rogue,assassination,9,2,7
35718,Метаболикх,gordunni,96,rogue,assassination,6,1,5
35719,Трисися,gordunni,96,rogue,assassination,6,1,5
35720,Poerta,burning-blade,96,rogue,assassination,6,1,5
35721,Finfcyn,burning-legion,96,rogue,assassination,6,1,5
35722,Mekóz,draenor,96,rogue,assassination,6,1,5
35723,Withoutlove,drakthul,96,rogue,assassination,6,1,5
35724,Pfaded,steamwheedle-cartel,96,rogue,assassination,6,1,5
35725,Sbx,alakir,96,rogue,assassination,6,1,5
35726,Dachdagger,malfurion,96,rogue,assassination,6,1,5
35727,Invisage,grim-batol,96,rogue,assassination,6,1,5
35728,Bizzarerogue,tarren-mill,96,rogue,assassination,6,1,5
35729,Hendrikske,aggramar,96,rogue,assassination,6,1,5
35730,Yamoshí,sanguino,96,rogue,assassination,6,1,5
35731,Roronao,sanguino,96,rogue,assassination,6,1,5
35732,Vanisshh,hyjal,96,rogue,assassination,6,1,5
35733,Chøsen,stormscale,96,rogue,assassination,6,1,5
35734,Kilabre,twisting-nether,96,rogue,assassination,6,1,5
35735,Jamzyrogue,emerald-dream,96,rogue,assassination,6,1,5
35736,Рестинписер,soulflayer,96,rogue,assassination,6,1,5
35737,Hallowéén,turalyon,96,rogue,assassination,6,1,5
35738,Faso,thunderhorn,96,rogue,assassination,6,1,5
35739,Mortdorei,argent-dawn,96,rogue,assassination,6,1,5
35740,Lorinthel,argent-dawn,96,rogue,assassination,6,1,5
35741,Natillaa,dun-modr,96,rogue,assassination,6,1,5
35742,Natkatje,azjolnerub,96,rogue,assassination,6,1,5
35743,Missàh,archimonde,96,rogue,assassination,6,1,5
35744,Yörgs,eredar,96,rogue,assassination,6,1,5
35745,Кейнилин,gordunni,96,rogue,assassination,6,1,5
35746,Penetrantos,eredar,96,rogue,assassination,6,1,5
35747,Sly,emerald-dream,96,rogue,assassination,6,1,5
35748,Lescud,illidan,96,rogue,assassination,6,1,5
35749,Ravenom,sylvanas,96,rogue,assassination,6,1,5
35750,Dravenfoot,defias-brotherhood,96,rogue,assassination,6,1,5
35751,Azotix,archimonde,96,rogue,assassination,6,1,5
35752,Møtivate,ragnaros,96,rogue,assassination,6,1,5
35753,Janx,aegwynn,96,rogue,assassination,6,1,5
35754,Vexior,argent-dawn,96,rogue,assassination,6,1,5
35755,Wøølfgang,archimonde,96,rogue,assassination,6,1,5
35756,Jáckz,twisting-nether,96,rogue,assassination,6,1,5
35757,Msrogue,eredar,96,rogue,assassination,6,1,5
35758,Ohmydotz,archimonde,96,rogue,assassination,6,1,5
35759,Miamalkova,zuluhed,96,rogue,assassination,6,1,5
35760,Takiya,ysondre,96,rogue,assassination,6,1,5
35761,Ñavy,archimonde,96,rogue,assassination,6,1,5
35762,Shåkø,tarren-mill,96,rogue,assassination,6,1,5
35763,Ðiè,frostmane,96,rogue,assassination,6,1,5
35764,Thiranor,cthun,96,rogue,assassination,6,1,5
35765,Royalflüx,grim-batol,96,rogue,assassination,6,1,5
35766,Flêxô,antonidas,96,rogue,assassination,6,1,5
35767,Asmodal,antonidas,96,rogue,assassination,6,1,5
35768,Frequenzalfa,silvermoon,96,rogue,assassination,6,1,5
35769,Kenko,aerie-peak,96,rogue,assassination,6,1,5
35770,Nexieane,ravencrest,96,rogue,assassination,6,1,5
35771,Ноумингод,gordunni,96,rogue,assassination,6,1,5
35772,Shredbull,ravencrest,96,rogue,assassination,6,1,5
35773,Chokee,blackrock,96,rogue,assassination,6,1,5
35774,Deceptionz,ravencrest,96,rogue,assassination,6,1,5
35775,Распяздяй,gordunni,96,rogue,assassination,7,1,6
35776,Proilas,draenor,96,rogue,assassination,11,1,10
35777,Триплсап,howling-fjord,96,rogue,assassination,12,1,11
35778,Crittylohan,blackrock,96,rogue,assassination,12,1,11
35779,Tybiereus,argent-dawn,96,rogue,assassination,12,1,11
35780,Altaár,dun-modr,96,rogue,assassination,12,1,11
35781,Barbuniarz,shadowsong,96,rogue,assassination,12,1,11
35782,Jawen,silvermoon,96,rogue,assassination,12,1,11
35783,Kyoukaî,archimonde,96,rogue,assassination,12,1,11
35784,Engles,twisting-nether,96,rogue,assassination,12,1,11
35785,Ønlylovcindy,drekthar,96,rogue,assassination,12,1,11
35786,Роророл,gordunni,96,rogue,assassination,12,1,11
35787,Calyon,hyjal,96,rogue,assassination,18,1,17
35788,Ravéñ,silvermoon,96,rogue,assassination,24,1,23
35789,Fumai,blackmoore,95,rogue,assassination,6,1,5
35790,Elvís,chamber-of-aspects,95,rogue,assassination,6,1,5
35791,Belina,draenor,95,rogue,assassination,6,1,5
35792,Trashcarlitâ,eredar,79,rogue,assassination,5,1,4
35793,Медиивэл,deepholm,79,rogue,assassination,5,1,4
35794,Vound,tarren-mill,64,rogue,assassination,4,1,3
35795,Elgande,stormrage,63,rogue,assassination,2,2,0
35796,Vanquishz,arathor,48,rogue,assassination,3,1,2
35797,Latscholol,malorne,42,rogue,assassination,12,3,9
35798,Kkraken,dalaran,41,rogue,assassination,10,2,8
35799,Мефодийшаман,howling-fjord,2126,shaman,restoration,142,88,54
35800,Shadrak,eredar,2123,shaman,restoration,84,46,38
35801,Josë,twisting-nether,2119,shaman,restoration,137,73,64
35802,Терату,howling-fjord,2118,shaman,restoration,84,46,38
35803,Crnine,pozzo-delleternità,2112,shaman,restoration,75,49,26
35804,Benpai,eredar,2076,shaman,restoration,72,36,36
35805,Mininini,ravencrest,2072,shaman,restoration,90,46,44
35806,Zhull,ravencrest,2068,shaman,restoration,340,171,169
35807,Ultrahound,twisting-nether,2057,shaman,restoration,48,39,9
35808,Trashgame,kazzak,2050,shaman,restoration,66,36,30
35809,Carlpeant,drakthul,2039,shaman,restoration,173,93,80
35810,Jackypink,ragnaros,2030,shaman,restoration,237,121,116
35811,Yararsiz,twisting-nether,2026,shaman,restoration,243,130,113
35812,Chäväman,archimonde,2025,shaman,restoration,150,72,78
35813,Libanô,archimonde,2011,shaman,restoration,569,280,289
35814,Вишняблэйз,soulflayer,2007,shaman,restoration,77,44,33
35815,Bmbx,archimonde,2006,shaman,restoration,506,259,247
35816,Дольчих,deathguard,2002,shaman,restoration,296,143,153
35817,Daretodream,blackrock,1996,shaman,restoration,53,29,24
35818,Lavalavalava,blackrock,1993,shaman,restoration,447,244,203
35819,Джексобед,soulflayer,1984,shaman,restoration,156,80,76
35820,Драгенхз,gordunni,1983,shaman,restoration,387,195,192
35821,Frshprn,hyjal,1982,shaman,restoration,90,51,39
35822,Midgetfizzle,kazzak,1967,shaman,restoration,242,127,115
35823,Ggnore,kazzak,1965,shaman,restoration,137,85,52
35824,Эоя,howling-fjord,1955,shaman,restoration,212,116,96
35825,Deepwithyou,blackhand,1953,shaman,restoration,153,83,70
35826,Epsylone,kazzak,1953,shaman,restoration,101,51,50
35827,Ripperdoc,stormreaver,1950,shaman,restoration,78,38,40
35828,Linkx,stormscale,1948,shaman,restoration,40,22,18
35829,Fotmherøqtx,ravencrest,1946,shaman,restoration,132,75,57
35830,Bobanrajovic,silvermoon,1943,shaman,restoration,48,31,17
35831,Tallyx,ravencrest,1940,shaman,restoration,119,60,59
35832,Adroda,kazzak,1939,shaman,restoration,117,66,51
35833,Valko,hellfire,1931,shaman,restoration,42,27,15
35834,Кодитян,gordunni,1930,shaman,restoration,66,35,31
35835,Lavelover,tarren-mill,1927,shaman,restoration,66,41,25
35836,Цукерок,soulflayer,1922,shaman,restoration,119,72,47
35837,Skreewu,outland,1922,shaman,restoration,90,44,46
35838,Señordoge,kazzak,1917,shaman,restoration,54,28,26
35839,Shamidrak,eredar,1914,shaman,restoration,66,34,32
35840,Swineflowing,ysondre,1912,shaman,restoration,78,38,40
35841,Natasz,burning-legion,1911,shaman,restoration,182,104,78
35842,Greggyb,twisting-nether,1904,shaman,restoration,48,27,21
35843,Трс,razuvious,1900,shaman,restoration,128,72,56
35844,Kisshots,the-maelstrom,1900,shaman,restoration,132,70,62
35845,Vivaldi,varimathras,1899,shaman,restoration,56,29,27
35846,Котенокмур,soulflayer,1899,shaman,restoration,48,20,28
35847,Cylantarus,blackrock,1896,shaman,restoration,131,73,58
35848,Fufupartyxx,blackrock,1883,shaman,restoration,60,37,23
35849,Thunderrock,stormreaver,1880,shaman,restoration,211,102,109
35850,Sèfìx,tarren-mill,1879,shaman,restoration,38,21,17
35851,Kïllard,archimonde,1872,shaman,restoration,80,40,40
35852,Кенкерх,gordunni,1871,shaman,restoration,84,38,46
35853,Timide,ravencrest,1870,shaman,restoration,48,28,20
35854,Killrogge,kazzak,1869,shaman,restoration,34,29,5
35855,Rheax,tarren-mill,1868,shaman,restoration,60,27,33
35856,Teldathree,archimonde,1866,shaman,restoration,101,54,47
35857,Owrly,stormscale,1866,shaman,restoration,136,65,71
35858,Вавувоух,howling-fjord,1863,shaman,restoration,54,27,27
35859,Keenxd,burning-legion,1861,shaman,restoration,42,23,19
35860,Louler,ragnaros,1860,shaman,restoration,124,69,55
35861,Онеоне,deathweaver,1858,shaman,restoration,59,35,24
35862,Kalypsø,arthas,1858,shaman,restoration,77,44,33
35863,Wíllz,ravencrest,1858,shaman,restoration,54,29,25
35864,Yachiru,sylvanas,1854,shaman,restoration,73,59,14
35865,Ghettero,ragnaros,1851,shaman,restoration,39,25,14
35866,Swkx,dun-modr,1848,shaman,restoration,58,34,24
35867,Sugarfreé,ragnaros,1848,shaman,restoration,48,26,22
35868,Zaru,sanguino,1846,shaman,restoration,63,31,32
35869,Cæsífer,blackrock,1844,shaman,restoration,72,32,40
35870,Helloiamdoni,ravencrest,1843,shaman,restoration,101,63,38
35871,Shiranoye,blackrock,1842,shaman,restoration,144,77,67
35872,Sentûn,blackrock,1842,shaman,restoration,138,68,70
35873,Cherepaha,stormscale,1838,shaman,restoration,70,32,38
35874,Cellfury,kazzak,1837,shaman,restoration,46,36,10
35875,Johncoltrane,archimonde,1835,shaman,restoration,132,84,48
35876,Epsy,magtheridon,1834,shaman,restoration,66,46,20
35877,Centralc,twisting-nether,1833,shaman,restoration,41,26,15
35878,Inspektør,kazzak,1833,shaman,restoration,59,37,22
35879,Alanus,draenor,1831,shaman,restoration,63,33,30
35880,Jawje,tarren-mill,1831,shaman,restoration,102,49,53
35881,Westide,conseil-des-ombres,1830,shaman,restoration,48,26,22
35882,Shamuunn,ravencrest,1830,shaman,restoration,54,28,26
35883,Sethrøllins,hyjal,1829,shaman,restoration,114,53,61
35884,Fitnessdavid,ravencrest,1826,shaman,restoration,53,29,24
35885,Hexe,kazzak,1826,shaman,restoration,81,37,44
35886,Askagain,sylvanas,1825,shaman,restoration,52,28,24
35887,Zergønk,ravencrest,1824,shaman,restoration,42,28,14
35888,Bladeyx,ragnaros,1824,shaman,restoration,207,117,90
35889,Lunarsloths,hyjal,1823,shaman,restoration,48,28,20
35890,Bezixx,ravencrest,1823,shaman,restoration,192,111,81
35891,Asynchund,ravencrest,1821,shaman,restoration,42,26,16
35892,Árés,sanguino,1820,shaman,restoration,63,34,29
35893,Nickygodx,stormscale,1819,shaman,restoration,54,27,27
35894,Izir,archimonde,1819,shaman,restoration,162,80,82
35895,Светшамка,howling-fjord,1817,shaman,restoration,30,19,11
35896,Shamrockx,outland,1816,shaman,restoration,83,42,41
35897,Sûckmytotem,ragnaros,1815,shaman,restoration,72,35,37
35898,Meöw,nemesis,1813,shaman,restoration,232,120,112
35899,Shockmelone,blackrock,1812,shaman,restoration,84,45,39
35900,Carpetmaster,ragnaros,1812,shaman,restoration,51,27,24
35901,Hugox,outland,1812,shaman,restoration,431,208,223
35902,Нойзблок,gordunni,1811,shaman,restoration,36,19,17
35903,Reidzls,kazzak,1810,shaman,restoration,36,22,14
35904,Awcchampion,stormscale,1810,shaman,restoration,287,160,127
35905,Tidepog,ravencrest,1810,shaman,restoration,60,28,32
35906,Rexatar,blackrock,1809,shaman,restoration,201,113,88
35907,Triplewhoppa,thrall,1809,shaman,restoration,76,40,36
35908,Remony,pozzo-delleternità,1808,shaman,restoration,128,83,45
35909,Fuzzynuts,ravencrest,1808,shaman,restoration,132,74,58
35910,Yannkee,ravencrest,1808,shaman,restoration,48,24,24
35911,Gargro,kazzak,1808,shaman,restoration,95,45,50
35912,Tùiðhânâ,ravencrest,1807,shaman,restoration,197,107,90
35913,Xelgrin,silvermoon,1807,shaman,restoration,66,30,36
35914,Nokster,twisting-nether,1806,shaman,restoration,84,60,24
35915,Voodoonerd,twisting-nether,1803,shaman,restoration,47,24,23
35916,Neou,archimonde,1803,shaman,restoration,54,27,27
35917,Luckymê,blackrock,1802,shaman,restoration,51,27,24
35918,Милфшама,blackscar,1802,shaman,restoration,239,123,116
35919,Bytheway,aegwynn,1802,shaman,restoration,127,56,71
35920,Carlitosham,eredar,1802,shaman,restoration,62,27,35
35921,Мимигор,razuvious,1801,shaman,restoration,35,27,8
35922,Eras,ragnaros,1801,shaman,restoration,30,19,11
35923,Stensham,stormreaver,1801,shaman,restoration,48,28,20
35924,Kiansham,silvermoon,1801,shaman,restoration,47,26,21
35925,Rckfeller,burning-legion,1801,shaman,restoration,60,31,29
35926,Squixi,tarren-mill,1799,shaman,restoration,60,33,27
35927,Sinzzu,ragnaros,1798,shaman,restoration,217,109,108
35928,Viinny,dun-modr,1796,shaman,restoration,72,33,39
35929,Phaynozx,cthun,1790,shaman,restoration,90,38,52
35930,Hexewar,kazzak,1789,shaman,restoration,89,47,42
35931,Finaltotem,draenor,1789,shaman,restoration,54,25,29
35932,Holytidezx,aegwynn,1775,shaman,restoration,40,26,14
35933,Szellento,darksorrow,1769,shaman,restoration,96,47,49
35934,Дыркавауре,soulflayer,1764,shaman,restoration,54,23,31
35935,Bstr,frostmane,1763,shaman,restoration,60,30,30
35936,Ihealbro,blackrock,1762,shaman,restoration,66,41,25
35937,Kreamcake,bladefist,1759,shaman,restoration,126,56,70
35938,Windfúhrèr,tarren-mill,1759,shaman,restoration,60,26,34
35939,Eurocad,draenor,1758,shaman,restoration,42,22,20
35940,Wernøz,archimonde,1755,shaman,restoration,68,28,40
35941,Moistpuss,kazzak,1752,shaman,restoration,60,39,21
35942,Learningsham,destromath,1749,shaman,restoration,48,29,19
35943,Vajaele,twisting-nether,1747,shaman,restoration,101,52,49
35944,Harmony,outland,1746,shaman,restoration,30,22,8
35945,Variablelol,outland,1746,shaman,restoration,64,43,21
35946,Kraksham,ravencrest,1745,shaman,restoration,112,60,52
35947,Donv,blackmoore,1739,shaman,restoration,42,26,16
35948,Rottulos,stormrage,1739,shaman,restoration,65,35,30
35949,Somethingnew,azuremyst,1739,shaman,restoration,52,25,27
35950,Squixi,ravencrest,1738,shaman,restoration,59,33,26
35951,Ixxmre,blackrock,1738,shaman,restoration,173,93,80
35952,Waramors,eredar,1738,shaman,restoration,131,65,66
35953,Machmacan,argent-dawn,1735,shaman,restoration,92,50,42
35954,Nübs,aegwynn,1735,shaman,restoration,95,43,52
35955,Purgeluxe,aegwynn,1733,shaman,restoration,125,65,60
35956,Чинанрук,howling-fjord,1731,shaman,restoration,113,57,56
35957,Jíkkz,aegwynn,1729,shaman,restoration,66,32,34
35958,Darnast,draenor,1727,shaman,restoration,70,31,39
35959,Агентхолинки,gordunni,1726,shaman,restoration,24,18,6
35960,Tentacruel,sylvanas,1726,shaman,restoration,91,56,35
35961,Bullezno,kazzak,1725,shaman,restoration,111,66,45
35962,Arslos,twisting-nether,1723,shaman,restoration,30,24,6
35963,Sheargodx,blackmoore,1723,shaman,restoration,42,21,21
35964,Wess,archimonde,1722,shaman,restoration,36,18,18
35965,Snusy,stormscale,1722,shaman,restoration,36,18,18
35966,Morkyy,thrall,1721,shaman,restoration,38,19,19
35967,Светшам,howling-fjord,1715,shaman,restoration,47,23,24
35968,Mltx,twilights-hammer,1714,shaman,restoration,44,19,25
35969,Shamolili,stormscale,1713,shaman,restoration,108,52,56
35970,Dmgaddict,kazzak,1712,shaman,restoration,54,32,22
35971,Есперадох,blackscar,1712,shaman,restoration,41,19,22
35972,Lahey,draenor,1711,shaman,restoration,140,73,67
35973,Totembaws,blackmoore,1708,shaman,restoration,54,26,28
35974,Holytidez,aegwynn,1707,shaman,restoration,48,24,24
35975,Lsdhero,stormscale,1706,shaman,restoration,24,18,6
35976,Nizzarrathur,argent-dawn,1706,shaman,restoration,30,18,12
35977,Mamacitá,eredar,1706,shaman,restoration,500,242,258
35978,Jelincic,ravencrest,1706,shaman,restoration,60,26,34
35979,Hydrolîc,blackrock,1705,shaman,restoration,66,36,30
35980,Earthhulk,thrall,1704,shaman,restoration,104,64,40
35981,Thyroideus,argent-dawn,1704,shaman,restoration,228,130,98
35982,Connecting,hyjal,1704,shaman,restoration,39,21,18
35983,Incase,burning-legion,1701,shaman,restoration,53,30,23
35984,Ларкуш,howling-fjord,1701,shaman,restoration,118,61,57
35985,Unbrokeñ,stormscale,1701,shaman,restoration,41,18,23
35986,Мвнз,soulflayer,1700,shaman,restoration,54,22,32
35987,Garuga,dun-morogh,1699,shaman,restoration,36,18,18
35988,Bâbbub,tarren-mill,1697,shaman,restoration,45,27,18
35989,Nestre,kazzak,1697,shaman,restoration,36,18,18
35990,Agnøt,khaz-modan,1696,shaman,restoration,60,39,21
35991,Djtidex,conseil-des-ombres,1696,shaman,restoration,48,24,24
35992,Bloodvaron,zuljin,1696,shaman,restoration,83,40,43
35993,Nêmônin,perenolde,1694,shaman,restoration,44,28,16
35994,Turboeddy,blackmoore,1694,shaman,restoration,105,60,45
35995,Karakoram,ysondre,1694,shaman,restoration,131,68,63
35996,Igly,antonidas,1694,shaman,restoration,42,21,21
35997,Nellytko,aegwynn,1693,shaman,restoration,57,32,25
35998,Dóómhammer,jaedenar,1693,shaman,restoration,142,74,68
35999,Сорит,blackscar,1692,shaman,restoration,57,34,23
36000,Wacomtablet,kazzak,1690,shaman,restoration,24,18,6
36001,Redomsh,stormreaver,1689,shaman,restoration,54,28,26
36002,Скарфэйсх,soulflayer,1688,shaman,restoration,36,18,18
36003,Googleme,veklor,1688,shaman,restoration,64,30,34
36004,Goeller,stormscale,1687,shaman,restoration,54,29,25
36005,Rapedtide,thrall,1687,shaman,restoration,130,61,69
36006,Тафельшпиц,soulflayer,1685,shaman,restoration,52,23,29
36007,Ганинапална,soulflayer,1685,shaman,restoration,54,21,33
36008,Виелетта,gordunni,1684,shaman,restoration,30,18,12
36009,Shoqt,les-sentinelles,1678,shaman,restoration,30,18,12
36010,Lexxthree,blackrock,1677,shaman,restoration,36,23,13
36011,Mbembe,blackhand,1674,shaman,restoration,48,26,22
36012,Keisser,ravencrest,1674,shaman,restoration,48,26,22
36013,Yakee,doomhammer,1674,shaman,restoration,56,28,28
36014,Skrewu,stormscale,1671,shaman,restoration,79,39,40
36015,Ize,sylvanas,1670,shaman,restoration,59,39,20
36016,Snickersx,blackrock,1670,shaman,restoration,78,46,32
36017,Кикподхвост,soulflayer,1670,shaman,restoration,54,26,28
36018,Wotan,ysondre,1669,shaman,restoration,54,32,22
36019,Palfe,khaz-modan,1669,shaman,restoration,118,56,62
36020,Littletrall,outland,1666,shaman,restoration,60,34,26
36021,Reäz,archimonde,1665,shaman,restoration,42,21,21
36022,Atwâ,ravencrest,1663,shaman,restoration,51,31,20
36023,Brandiløve,nemesis,1663,shaman,restoration,36,19,17
36024,Söd,dun-morogh,1662,shaman,restoration,42,22,20
36025,Wyrt,burning-legion,1662,shaman,restoration,42,21,21
36026,Wåvex,archimonde,1661,shaman,restoration,78,41,37
36027,Torxii,antonidas,1660,shaman,restoration,153,85,68
36028,Gønuts,sylvanas,1660,shaman,restoration,48,26,22
36029,Questionable,antonidas,1660,shaman,restoration,54,24,30
36030,Phoenííx,twisting-nether,1657,shaman,restoration,353,171,182
36031,Daubidaubi,kazzak,1656,shaman,restoration,122,73,49
36032,Fapmasterz,eredar,1656,shaman,restoration,48,23,25
36033,Мвнзх,gordunni,1656,shaman,restoration,54,24,30
36034,Faridstreng,blackmoore,1655,shaman,restoration,99,54,45
36035,Рамаксбосс,gordunni,1651,shaman,restoration,36,22,14
36036,Korvsnärten,outland,1649,shaman,restoration,188,89,99
36037,Levarázsol,outland,1648,shaman,restoration,48,27,21
36038,Porkzzila,aggra-português,1647,shaman,restoration,66,36,30
36039,Prizærn,tarren-mill,1647,shaman,restoration,96,44,52
36040,Héxdóctór,ravencrest,1644,shaman,restoration,92,50,42
36041,Shamandoino,wildhammer,1644,shaman,restoration,198,91,107
36042,Allysidewtf,archimonde,1642,shaman,restoration,34,23,11
36043,Bonshaman,ahnqiraj,1642,shaman,restoration,120,55,65
36044,Startdie,kazzak,1642,shaman,restoration,108,49,59
36045,Coöld,archimonde,1640,shaman,restoration,36,19,17
36046,Инкуль,howling-fjord,1640,shaman,restoration,48,23,25
36047,Lavjar,stormscale,1640,shaman,restoration,58,26,32
36048,Bîlunder,arygos,1639,shaman,restoration,71,33,38
36049,Jps,gorgonnash,1638,shaman,restoration,89,42,47
36050,Jenkem,hyjal,1638,shaman,restoration,54,25,29
36051,Octon,dun-modr,1637,shaman,restoration,46,23,23
36052,Rxs,thunderhorn,1635,shaman,restoration,54,28,26
36053,Aioñ,kazzak,1635,shaman,restoration,51,22,29
36054,Kharvo,draenor,1633,shaman,restoration,70,34,36
36055,Reinu,ragnaros,1632,shaman,restoration,42,21,21
36056,Pøwertoto,dalaran,1632,shaman,restoration,60,27,33
36057,Сладкийстас,soulflayer,1632,shaman,restoration,54,21,33
36058,Oldandslow,sylvanas,1631,shaman,restoration,42,21,21
36059,Invadé,stormscale,1630,shaman,restoration,30,17,13
36060,Elmie,outland,1629,shaman,restoration,30,17,13
36061,Shockair,frostwolf,1629,shaman,restoration,109,54,55
36062,Draáx,ravencrest,1628,shaman,restoration,30,19,11
36063,Elmezz,aggra-português,1628,shaman,restoration,30,17,13
36064,Søtêx,ravencrest,1627,shaman,restoration,35,23,12
36065,Zorcs,silvermoon,1627,shaman,restoration,183,93,90
36066,Pakxø,malganis,1626,shaman,restoration,66,31,35
36067,Putzè,blackrock,1625,shaman,restoration,61,38,23
36068,Shamimüll,twisting-nether,1624,shaman,restoration,42,29,13
36069,Urshak,alleria,1624,shaman,restoration,30,20,10
36070,Xhanon,kazzak,1624,shaman,restoration,36,20,16
36071,Fersok,zuljin,1624,shaman,restoration,36,17,19
36072,Labûche,chogall,1623,shaman,restoration,36,24,12
36073,Indeed,frostmourne,1623,shaman,restoration,42,24,18
36074,Shocklet,twisting-nether,1622,shaman,restoration,36,29,7
36075,Shman,blackrock,1621,shaman,restoration,64,42,22
36076,Atomstrom,frostwolf,1621,shaman,restoration,62,34,28
36077,Ðenlos,destromath,1620,shaman,restoration,186,92,94
36078,Hexmeqt,frostwolf,1619,shaman,restoration,107,59,48
36079,Tether,twisting-nether,1619,shaman,restoration,48,26,22
36080,Тубалкайн,soulflayer,1619,shaman,restoration,36,17,19
36081,Sanamaxx,colinas-pardas,1618,shaman,restoration,56,31,25
36082,Maestralink,aegwynn,1616,shaman,restoration,41,20,21
36083,Velkin,thrall,1615,shaman,restoration,141,76,65
36084,Maelynda,argent-dawn,1614,shaman,restoration,42,18,24
36085,Bezixx,argent-dawn,1613,shaman,restoration,120,56,64
36086,Urzza,stormscale,1611,shaman,restoration,24,20,4
36087,Murmaiderz,draenor,1611,shaman,restoration,138,79,59
36088,Djosershamy,draenor,1611,shaman,restoration,111,53,58
36089,Koruga,frostwolf,1610,shaman,restoration,48,26,22
36090,Makkalisse,kazzak,1609,shaman,restoration,24,17,7
36091,Upisi,burning-legion,1609,shaman,restoration,84,42,42
36092,Awumbahway,outland,1609,shaman,restoration,36,18,18
36093,Blowlips,argent-dawn,1609,shaman,restoration,42,17,25
36094,Jenyo,alakir,1608,shaman,restoration,54,30,24
36095,Niesel,ravencrest,1608,shaman,restoration,72,38,34
36096,Kardris,nemesis,1607,shaman,restoration,52,25,27
36097,Sérx,sanguino,1607,shaman,restoration,71,29,42
36098,Reitar,burning-blade,1607,shaman,restoration,72,29,43
36099,Lzzo,ravencrest,1606,shaman,restoration,30,20,10
36100,Domo,stormscale,1606,shaman,restoration,30,19,11
36101,Ezilol,blackhand,1606,shaman,restoration,77,46,31
36102,Greenswag,drakthul,1605,shaman,restoration,48,31,17
36103,Denastyo,nemesis,1605,shaman,restoration,83,44,39
36104,Хужик,gordunni,1604,shaman,restoration,36,21,15
36105,Blowxd,aegwynn,1604,shaman,restoration,134,75,59
36106,Xtremeshaman,blackmoore,1604,shaman,restoration,42,22,20
36107,Schamaster,antonidas,1604,shaman,restoration,120,59,61
36108,Wíwi,kazzak,1602,shaman,restoration,36,20,16
36109,Khroni,tarren-mill,1602,shaman,restoration,66,35,31
36110,Lexos,ravencrest,1600,shaman,restoration,36,20,16
36111,Whiskiy,kazzak,1598,shaman,restoration,26,18,8
36112,Martuscielöl,drakthul,1598,shaman,restoration,88,32,56
36113,Jawj,tarren-mill,1597,shaman,restoration,53,19,34
36114,Lilcake,ravencrest,1594,shaman,restoration,48,27,21
36115,Incredibade,stormscale,1594,shaman,restoration,42,20,22
36116,Laskopivo,doomhammer,1593,shaman,restoration,60,37,23
36117,Mydpsrbad,stormscale,1592,shaman,restoration,160,89,71
36118,Kyogre,auchindoun,1592,shaman,restoration,48,23,25
36119,Splashgodx,frostwolf,1590,shaman,restoration,41,22,19
36120,Thorenal,blackmoore,1588,shaman,restoration,67,41,26
36121,Discoranger,ravencrest,1588,shaman,restoration,306,154,152
36122,Mjukiz,tarren-mill,1587,shaman,restoration,321,179,142
36123,Superthomas,archimonde,1587,shaman,restoration,65,29,36
36124,Firenanajkm,dun-modr,1586,shaman,restoration,48,28,20
36125,Paidactor,kazzak,1586,shaman,restoration,239,126,113
36126,Vioception,blackrock,1584,shaman,restoration,48,19,29
36127,Mìcrøs,thrall,1581,shaman,restoration,59,33,26
36128,Lustmasterx,grim-batol,1579,shaman,restoration,227,122,105
36129,Juyina,ravencrest,1579,shaman,restoration,44,22,22
36130,Yzeldan,hyjal,1578,shaman,restoration,248,142,106
36131,Tupato,kazzak,1576,shaman,restoration,92,46,46
36132,Лехадабстеп,deathguard,1574,shaman,restoration,30,17,13
36133,Craisaz,nemesis,1573,shaman,restoration,66,24,42
36134,Turbobaboon,hyjal,1572,shaman,restoration,103,64,39
36135,Sixtyone,stormscale,1569,shaman,restoration,75,42,33
36136,Arshak,stormscale,1569,shaman,restoration,39,20,19
36137,Shamansh,draenor,1568,shaman,restoration,58,36,22
36138,Totoswich,tarren-mill,1567,shaman,restoration,30,19,11
36139,Bahane,frostwolf,1567,shaman,restoration,108,53,55
36140,Шсаваннх,blackscar,1566,shaman,restoration,165,83,82
36141,Zwergmann,blackrock,1565,shaman,restoration,60,37,23
36142,Thald,ragnaros,1565,shaman,restoration,120,68,52
36143,Hypéra,kazzak,1565,shaman,restoration,180,92,88
36144,Pacho,alakir,1563,shaman,restoration,48,21,27
36145,Foxy,alakir,1561,shaman,restoration,78,39,39
36146,Koraél,dun-modr,1561,shaman,restoration,84,33,51
36147,Tarchoanvahg,ragnaros,1560,shaman,restoration,53,28,25
36148,Radrizzle,tichondrius,1559,shaman,restoration,66,36,30
36149,Exolnard,twisting-nether,1558,shaman,restoration,119,59,60
36150,Cobbel,argent-dawn,1557,shaman,restoration,168,92,76
36151,Lechii,stormscale,1557,shaman,restoration,107,55,52
36152,Nexian,kazzak,1554,shaman,restoration,59,32,27
36153,Zimoneris,blackmoore,1551,shaman,restoration,36,17,19
36154,Beastmodex,eredar,1548,shaman,restoration,263,134,129
36155,Seasick,frostmane,1548,shaman,restoration,112,56,56
36156,Noneedshaman,stormscale,1547,shaman,restoration,35,18,17
36157,Anöuchkâ,ysondre,1547,shaman,restoration,150,74,76
36158,Zanezu,stormscale,1547,shaman,restoration,102,45,57
36159,Reilah,drakthul,1546,shaman,restoration,66,33,33
36160,Märthalouise,twisting-nether,1546,shaman,restoration,43,18,25
36161,Linkedink,tarren-mill,1545,shaman,restoration,23,17,6
36162,Bullfox,aszune,1545,shaman,restoration,66,28,38
36163,Itselectric,ravencrest,1544,shaman,restoration,48,29,19
36164,Zilheal,ysondre,1542,shaman,restoration,106,41,65
36165,Кичисанчик,howling-fjord,1541,shaman,restoration,126,57,69
36166,Jarona,twisting-nether,1540,shaman,restoration,87,41,46
36167,Ларисашерсть,blackscar,1539,shaman,restoration,29,21,8
36168,Optitem,hyjal,1538,shaman,restoration,83,57,26
36169,Отчима,howling-fjord,1537,shaman,restoration,125,67,58
36170,Yomuchacha,dun-modr,1537,shaman,restoration,100,48,52
36171,Grumhild,blackmoore,1537,shaman,restoration,62,28,34
36172,Багсбанних,soulflayer,1537,shaman,restoration,84,35,49
36173,Cakedeux,grim-batol,1536,shaman,restoration,51,31,20
36174,Horokeu,blackrock,1535,shaman,restoration,77,40,37
36175,Coldlean,haomarush,1535,shaman,restoration,200,98,102
36176,Uzze,drakthul,1534,shaman,restoration,90,39,51
36177,Xerinas,eredar,1534,shaman,restoration,63,20,43
36178,Ugard,burning-legion,1533,shaman,restoration,43,21,22
36179,Mypakypa,outland,1532,shaman,restoration,48,20,28
36180,Collînna,aegwynn,1529,shaman,restoration,62,34,28
36181,Kacamaz,twisting-nether,1529,shaman,restoration,75,34,41
36182,Pädagogeig,antonidas,1528,shaman,restoration,66,36,30
36183,Redoms,stormreaver,1527,shaman,restoration,105,55,50
36184,Bumblebeec,tarren-mill,1526,shaman,restoration,60,32,28
36185,Tommin,silvermoon,1526,shaman,restoration,30,16,14
36186,Melàniewalsh,archimonde,1526,shaman,restoration,78,41,37
36187,Reezex,silvermoon,1526,shaman,restoration,65,34,31
36188,Psychototem,twisting-nether,1526,shaman,restoration,84,27,57
36189,Bzglsnkh,ravencrest,1525,shaman,restoration,36,16,20
36190,Gjernhard,stormreaver,1524,shaman,restoration,78,38,40
36191,Ninetzj,tarren-mill,1524,shaman,restoration,48,22,26
36192,Bombasthicc,ravencrest,1523,shaman,restoration,30,16,14
36193,Remkoo,blackrock,1522,shaman,restoration,30,20,10
36194,Ilovejamie,sylvanas,1522,shaman,restoration,54,30,24
36195,Yemo,alonsus,1520,shaman,restoration,82,51,31
36196,Сёмабро,ashenvale,1520,shaman,restoration,331,183,148
36197,Monstacookie,stormreaver,1520,shaman,restoration,72,32,40
36198,Orcinterface,tarren-mill,1519,shaman,restoration,68,41,27
36199,Schain,eredar,1518,shaman,restoration,36,24,12
36200,Kuhnedy,blackrock,1517,shaman,restoration,118,60,58
36201,Schamazon,tarren-mill,1516,shaman,restoration,39,24,15
36202,Bomjspomoiki,outland,1516,shaman,restoration,35,16,19
36203,Thecallviper,blackmoore,1515,shaman,restoration,55,30,25
36204,Sêrø,eredar,1515,shaman,restoration,42,19,23
36205,Banilikum,tarren-mill,1514,shaman,restoration,52,21,31
36206,Costakislolz,twisting-nether,1511,shaman,restoration,24,18,6
36207,Bloodseeker,tarren-mill,1511,shaman,restoration,47,26,21
36208,Тагхорн,soulflayer,1511,shaman,restoration,43,23,20
36209,Ebøbøla,terokkar,1511,shaman,restoration,187,84,103
36210,Mvvp,stormscale,1510,shaman,restoration,47,26,21
36211,Kuis,sanguino,1510,shaman,restoration,66,28,38
36212,Loltotem,outland,1508,shaman,restoration,24,16,8
36213,Gronash,sunstrider,1507,shaman,restoration,30,23,7
36214,Nogag,kazzak,1507,shaman,restoration,72,35,37
36215,Huux,blackmoore,1507,shaman,restoration,54,24,30
36216,Enzopotenzo,blackrock,1506,shaman,restoration,42,22,20
36217,Vaizii,silvermoon,1505,shaman,restoration,53,26,27
36218,Духсалата,grom,1503,shaman,restoration,59,29,30
36219,Biggiebig,ravencrest,1502,shaman,restoration,60,32,28
36220,Нитрочка,soulflayer,1501,shaman,restoration,51,27,24
36221,Cannotdoit,burning-legion,1499,shaman,restoration,59,32,27
36222,Flowèn,twisting-nether,1495,shaman,restoration,99,55,44
36223,Mcktavish,silvermoon,1495,shaman,restoration,89,46,43
36224,Crmx,blackrock,1494,shaman,restoration,72,31,41
36225,Хэйзл,ashenvale,1492,shaman,restoration,74,32,42
36226,Иоч,soulflayer,1491,shaman,restoration,35,18,17
36227,Чанголист,soulflayer,1489,shaman,restoration,65,28,37
36228,Diix,archimonde,1489,shaman,restoration,66,27,39
36229,Crasherz,sanguino,1488,shaman,restoration,91,51,40
36230,Kalaris,stormscale,1488,shaman,restoration,36,20,16
36231,Neovim,trollbane,1486,shaman,restoration,48,21,27
36232,Tartorno,antonidas,1485,shaman,restoration,71,26,45
36233,Pilinham,aggra-português,1485,shaman,restoration,48,17,31
36234,Hexoffender,alakir,1483,shaman,restoration,112,54,58
36235,Dremlok,burning-legion,1480,shaman,restoration,24,16,8
36236,Zinjk,nemesis,1480,shaman,restoration,310,155,155
36237,Nassîî,antonidas,1479,shaman,restoration,122,48,74
36238,Drumx,aegwynn,1478,shaman,restoration,30,17,13
36239,Skullår,tarren-mill,1477,shaman,restoration,42,21,21
36240,Djxyoloswag,silvermoon,1477,shaman,restoration,93,43,50
36241,Miesepeter,mannoroth,1475,shaman,restoration,48,29,19
36242,Meneswave,blackhand,1475,shaman,restoration,48,16,32
36243,Gützli,blackmoore,1474,shaman,restoration,93,35,58
36244,Criæ,blackrock,1472,shaman,restoration,24,17,7
36245,Cleptocracy,draenor,1472,shaman,restoration,35,18,17
36246,Apaorkaxyz,ragnaros,1470,shaman,restoration,189,91,98
36247,Shuzman,emeriss,1470,shaman,restoration,103,49,54
36248,Kêêqo,blackrock,1468,shaman,restoration,48,23,25
36249,Ivøryz,arthas,1467,shaman,restoration,42,24,18
36250,Eisei,stormscale,1467,shaman,restoration,42,23,19
36251,Andról,stormscale,1467,shaman,restoration,42,19,23
36252,Smørbar,kazzak,1465,shaman,restoration,72,49,23
36253,Daykên,kazzak,1465,shaman,restoration,56,21,35
36254,Ünknownz,archimonde,1464,shaman,restoration,71,37,34
36255,Vallhur,burning-legion,1464,shaman,restoration,54,28,26
36256,Kunsum,twisting-nether,1464,shaman,restoration,81,35,46
36257,Sebubu,twisting-nether,1463,shaman,restoration,68,34,34
36258,Fridafrog,malganis,1462,shaman,restoration,85,47,38
36259,Courtney,sylvanas,1462,shaman,restoration,240,114,126
36260,Vickeshaman,stormreaver,1462,shaman,restoration,47,19,28
36261,Theshammy,vashj,1459,shaman,restoration,60,32,28
36262,Yasharshammy,tarren-mill,1459,shaman,restoration,60,28,32
36263,Schamfxx,blackrock,1456,shaman,restoration,96,49,47
36264,Шарюпокд,soulflayer,1455,shaman,restoration,48,24,24
36265,Cuzzer,drakthul,1454,shaman,restoration,77,39,38
36266,Thunderson,daggerspine,1454,shaman,restoration,74,34,40
36267,Zlingx,auchindoun,1454,shaman,restoration,48,22,26
36268,Pacio,alakir,1452,shaman,restoration,93,46,47
36269,Ronell,argent-dawn,1451,shaman,restoration,120,63,57
36270,Waterboi,blackmoore,1449,shaman,restoration,56,22,34
36271,Gspót,twisting-nether,1447,shaman,restoration,98,47,51
36272,Tjpimp,draenor,1444,shaman,restoration,29,17,12
36273,Sucøre,die-nachtwache,1444,shaman,restoration,52,27,25
36274,Jimtrespies,dun-modr,1443,shaman,restoration,42,21,21
36275,Bonraptor,kirin-tor,1443,shaman,restoration,41,20,21
36276,Orcshaman,the-maelstrom,1442,shaman,restoration,50,29,21
36277,Артёмлобов,gordunni,1442,shaman,restoration,71,34,37
36278,Schweízer,blackrock,1441,shaman,restoration,102,45,57
36279,Бомжмувис,howling-fjord,1440,shaman,restoration,24,15,9
36280,Helloitsmee,thrall,1439,shaman,restoration,40,20,20
36281,Hímars,ragnaros,1439,shaman,restoration,30,15,15
36282,Antey,ravencrest,1438,shaman,restoration,150,79,71
36283,Nyzo,tarren-mill,1438,shaman,restoration,30,15,15
36284,Боунсе,howling-fjord,1438,shaman,restoration,36,15,21
36285,Shamhingo,stormscale,1438,shaman,restoration,48,19,29
36286,Vioceptîon,blackrock,1437,shaman,restoration,30,22,8
36287,Roineé,draenor,1436,shaman,restoration,30,15,15
36288,Electrífied,outland,1436,shaman,restoration,54,26,28
36289,Амальтейх,soulflayer,1436,shaman,restoration,54,23,31
36290,Okdar,stormscale,1435,shaman,restoration,54,34,20
36291,Yarali,argent-dawn,1435,shaman,restoration,24,15,9
36292,Shamnox,blackrock,1435,shaman,restoration,57,34,23
36293,Shamins,outland,1435,shaman,restoration,96,55,41
36294,Emochka,ravencrest,1435,shaman,restoration,130,60,70
36295,Crymere,chamber-of-aspects,1434,shaman,restoration,140,74,66
36296,Strïvïse,ysondre,1434,shaman,restoration,47,22,25
36297,Kataretic,kazzak,1433,shaman,restoration,24,17,7
36298,Enharvest,stormscale,1433,shaman,restoration,28,18,10
36299,Htagagain,archimonde,1433,shaman,restoration,24,15,9
36300,Zaiyoxgodx,thrall,1433,shaman,restoration,49,26,23
36301,Odiuum,draenor,1432,shaman,restoration,87,46,41
36302,Threnesham,kazzak,1432,shaman,restoration,42,15,27
36303,Kickmeheal,dalaran,1430,shaman,restoration,30,18,12
36304,Назульчике,razuvious,1430,shaman,restoration,59,30,29
36305,Дагод,booty-bay,1427,shaman,restoration,48,32,16
36306,Stòrmbreakèr,nemesis,1427,shaman,restoration,91,42,49
36307,Mightgethexd,tarren-mill,1426,shaman,restoration,39,21,18
36308,Iloveléa,ravencrest,1426,shaman,restoration,36,15,21
36309,Mcbloob,kazzak,1425,shaman,restoration,40,19,21
36310,Малекулакота,soulflayer,1425,shaman,restoration,53,25,28
36311,Stylix,tarren-mill,1424,shaman,restoration,69,36,33
36312,Hjod,outland,1424,shaman,restoration,96,50,46
36313,Ptiloup,varimathras,1423,shaman,restoration,48,22,26
36314,Skrimisher,draenor,1422,shaman,restoration,54,30,24
36315,Vorkanyx,ysondre,1420,shaman,restoration,82,41,41
36316,Gunhyld,hyjal,1420,shaman,restoration,35,17,18
36317,Кислаябуба,howling-fjord,1420,shaman,restoration,172,81,91
36318,Ripstorm,sylvanas,1420,shaman,restoration,37,16,21
36319,Венжии,soulflayer,1418,shaman,restoration,54,18,36
36320,Madytz,eredar,1416,shaman,restoration,24,15,9
36321,Enïgma,sylvanas,1416,shaman,restoration,88,49,39
36322,Ярусскийй,howling-fjord,1416,shaman,restoration,223,107,116
36323,Pcr,archimonde,1416,shaman,restoration,81,37,44
36324,Winøxiide,archimonde,1415,shaman,restoration,29,16,13
36325,Goldhand,ravencrest,1415,shaman,restoration,69,24,45
36326,Diya,karazhan,1414,shaman,restoration,72,33,39
36327,Straehne,malganis,1414,shaman,restoration,94,43,51
36328,Imshocky,burning-legion,1413,shaman,restoration,83,47,36
36329,Jazzrod,stormscale,1413,shaman,restoration,216,107,109
36330,Виспепешам,gordunni,1413,shaman,restoration,194,94,100
36331,Vaweñ,ravencrest,1413,shaman,restoration,36,15,21
36332,Deadstill,ysondre,1412,shaman,restoration,24,15,9
36333,Dergat,pozzo-delleternità,1412,shaman,restoration,44,21,23
36334,Wôdân,blackrock,1412,shaman,restoration,54,21,33
36335,Начилибосе,gordunni,1411,shaman,restoration,132,72,60
36336,Fuzzywaagh,silvermoon,1411,shaman,restoration,58,26,32
36337,Гвинневра,azuregos,1410,shaman,restoration,119,72,47
36338,Patuljak,outland,1409,shaman,restoration,91,48,43
36339,Zhulnaar,hyjal,1409,shaman,restoration,42,21,21
36340,Rawillman,kazzak,1408,shaman,restoration,24,16,8
36341,Bénathon,ravencrest,1407,shaman,restoration,33,21,12
36342,Gaelic,frostmourne,1402,shaman,restoration,84,43,41
36343,Tèysh,ysondre,1402,shaman,restoration,126,64,62
36344,Sprühkot,aegwynn,1401,shaman,restoration,28,16,12
36345,Mclóvín,twisting-nether,1401,shaman,restoration,42,21,21
36346,Trustlemac,onyxia,1399,shaman,restoration,50,30,20
36347,Beyp,sylvanas,1399,shaman,restoration,67,38,29
36348,Greatørc,tarren-mill,1399,shaman,restoration,35,17,18
36349,Boneyka,ragnaros,1398,shaman,restoration,69,27,42
36350,Shemanrolf,outland,1395,shaman,restoration,99,46,53
36351,Pocahøntas,archimonde,1395,shaman,restoration,56,22,34
36352,Swahilishock,the-maelstrom,1394,shaman,restoration,36,15,21
36353,Yois,nemesis,1393,shaman,restoration,66,37,29
36354,Mestgonee,draenor,1391,shaman,restoration,30,16,14
36355,Sjamanisme,silvermoon,1390,shaman,restoration,114,60,54
36356,Johnblånn,stormscale,1389,shaman,restoration,51,30,21
36357,Karlurban,outland,1387,shaman,restoration,39,15,24
36358,Geneazytwo,silvermoon,1384,shaman,restoration,32,19,13
36359,Xintenggege,silvermoon,1383,shaman,restoration,28,16,12
36360,Gnackbretzn,eredar,1383,shaman,restoration,95,46,49
36361,Bluefacebaby,nemesis,1382,shaman,restoration,101,51,50
36362,Джонпсинаа,gordunni,1379,shaman,restoration,36,18,18
36363,Saamira,pozzo-delleternità,1377,shaman,restoration,66,32,34
36364,Ironkraw,stormscale,1377,shaman,restoration,90,33,57
36365,Axemodels,archimonde,1376,shaman,restoration,32,16,16
36366,Warianis,ravencrest,1374,shaman,restoration,51,27,24
36367,Elamentaly,draenor,1371,shaman,restoration,54,29,25
36368,Phêbz,archimonde,1371,shaman,restoration,48,25,23
36369,Linknvm,thrall,1365,shaman,restoration,63,43,20
36370,Lupisregina,silvermoon,1365,shaman,restoration,41,19,22
36371,Slowtem,draenor,1364,shaman,restoration,77,40,37
36372,Hulcky,grim-batol,1363,shaman,restoration,48,27,21
36373,Acidtrip,hyjal,1363,shaman,restoration,36,18,18
36374,Bordellgast,thrall,1363,shaman,restoration,35,16,19
36375,Glopper,ravencrest,1363,shaman,restoration,89,40,49
36376,Akrobata,silvermoon,1360,shaman,restoration,180,83,97
36377,Kneggebrot,blackmoore,1359,shaman,restoration,78,33,45
36378,Bíìerlip,twisting-nether,1357,shaman,restoration,35,20,15
36379,Shinds,archimonde,1356,shaman,restoration,48,21,27
36380,Subaki,die-aldor,1355,shaman,restoration,34,20,14
36381,Roverlos,blackrock,1355,shaman,restoration,72,41,31
36382,Elombrion,destromath,1355,shaman,restoration,30,16,14
36383,Ruvxy,twisting-nether,1354,shaman,restoration,65,38,27
36384,Ketzersend,alleria,1351,shaman,restoration,30,18,12
36385,Krovogor,silvermoon,1351,shaman,restoration,60,34,26
36386,Nosql,draenor,1351,shaman,restoration,28,15,13
36387,Daboó,vashj,1350,shaman,restoration,115,63,52
36388,Rhakhatheckh,nemesis,1349,shaman,restoration,46,22,24
36389,Captaínduck,garrosh,1348,shaman,restoration,82,44,38
36390,Asumix,illidan,1347,shaman,restoration,71,38,33
36391,Zevissh,outland,1346,shaman,restoration,54,28,26
36392,Шиока,borean-tundra,1345,shaman,restoration,47,26,21
36393,Purgerkìng,tarren-mill,1344,shaman,restoration,18,14,4
36394,Сновидений,soulflayer,1344,shaman,restoration,49,23,26
36395,Invade,darkspear,1343,shaman,restoration,18,14,4
36396,Zenzua,twisting-nether,1343,shaman,restoration,35,24,11
36397,Intoxed,sylvanas,1343,shaman,restoration,48,27,21
36398,Shrekcho,twisting-nether,1342,shaman,restoration,36,25,11
36399,Soffsittaren,kazzak,1342,shaman,restoration,24,14,10
36400,Henchtotem,draenor,1342,shaman,restoration,56,31,25
36401,Kryuxs,blackrock,1340,shaman,restoration,36,20,16
36402,Kaptt,twisting-nether,1340,shaman,restoration,30,14,16
36403,Schïps,kirin-tor,1339,shaman,restoration,54,31,23
36404,Sørum,grim-batol,1339,shaman,restoration,36,14,22
36405,Fußpilzmann,blackmoore,1338,shaman,restoration,139,76,63
36406,Makaria,emerald-dream,1338,shaman,restoration,176,89,87
36407,Shockjob,kazzak,1338,shaman,restoration,30,14,16
36408,Brokgar,ragnaros,1337,shaman,restoration,24,14,10
36409,Goodieesham,burning-blade,1336,shaman,restoration,24,15,9
36410,Shapperdin,darksorrow,1336,shaman,restoration,24,14,10
36411,Onkens,ravencrest,1336,shaman,restoration,33,16,17
36412,Chamika,dentarg,1336,shaman,restoration,60,24,36
36413,Freizeitler,antonidas,1335,shaman,restoration,78,37,41
36414,Flikus,aggra-português,1335,shaman,restoration,42,16,26
36415,Abx,draenor,1334,shaman,restoration,36,18,18
36416,Damex,thunderhorn,1334,shaman,restoration,131,48,83
36417,Ongewasgone,defias-brotherhood,1333,shaman,restoration,30,16,14
36418,Bloodburst,stormscale,1332,shaman,restoration,48,29,19
36419,Lariralol,malorne,1332,shaman,restoration,67,37,30
36420,Shamingu,arathor,1332,shaman,restoration,112,58,54
36421,Bresidendo,frostwhisper,1332,shaman,restoration,93,38,55
36422,Эрутеон,deathguard,1332,shaman,restoration,65,26,39
36423,Фоэксген,deathguard,1331,shaman,restoration,18,14,4
36424,Ксмо,gordunni,1331,shaman,restoration,24,14,10
36425,Shoxý,draenor,1330,shaman,restoration,30,14,16
36426,Beardling,auchindoun,1329,shaman,restoration,24,15,9
36427,Powerhq,thrall,1329,shaman,restoration,24,14,10
36428,Alàstor,kazzak,1329,shaman,restoration,55,24,31
36429,Soger,mannoroth,1328,shaman,restoration,30,14,16
36430,Drohx,ysondre,1327,shaman,restoration,24,14,10
36431,Братишкапинг,soulflayer,1327,shaman,restoration,110,56,54
36432,Vodoochild,hyjal,1327,shaman,restoration,55,23,32
36433,Jarvís,gilneas,1327,shaman,restoration,50,19,31
36434,Sadfemecraft,aggramar,1326,shaman,restoration,105,45,60
36435,Vuls,blackmoore,1323,shaman,restoration,123,66,57
36436,Schaname,rajaxx,1323,shaman,restoration,30,14,16
36437,Sdkpwns,draenor,1322,shaman,restoration,36,16,20
36438,Georgieboi,sylvanas,1321,shaman,restoration,24,14,10
36439,Bedouín,draenor,1321,shaman,restoration,91,51,40
36440,Lerosh,twisting-nether,1321,shaman,restoration,54,30,24
36441,Mjöllnir,blackrock,1321,shaman,restoration,108,56,52
36442,Vaaggu,stormreaver,1321,shaman,restoration,36,14,22
36443,Corintho,blackmoore,1316,shaman,restoration,46,25,21
36444,Threshðld,dun-modr,1316,shaman,restoration,30,14,16
36445,Lickmytôtem,frostmane,1314,shaman,restoration,30,14,16
36446,Виртуосгодх,soulflayer,1313,shaman,restoration,54,25,29
36447,Жижелье,howling-fjord,1312,shaman,restoration,128,68,60
36448,Kbakasham,ravencrest,1312,shaman,restoration,50,24,26
36449,Xamic,twisting-nether,1311,shaman,restoration,36,17,19
36450,Awwey,stormscale,1310,shaman,restoration,18,14,4
36451,Navezi,twisting-nether,1310,shaman,restoration,72,41,31
36452,Alishie,outland,1308,shaman,restoration,52,29,23
36453,Шаманутый,gordunni,1308,shaman,restoration,73,40,33
36454,Крэгнор,gordunni,1308,shaman,restoration,135,70,65
36455,Aceofraphy,thrall,1308,shaman,restoration,125,53,72
36456,Greenfatding,kazzak,1307,shaman,restoration,30,14,16
36457,Thaarley,blackmoore,1305,shaman,restoration,34,22,12
36458,Shafallen,tarren-mill,1305,shaman,restoration,40,24,16
36459,Vanquïsh,archimonde,1305,shaman,restoration,30,14,16
36460,Chilliajin,tarren-mill,1305,shaman,restoration,53,23,30
36461,Durek,aerie-peak,1304,shaman,restoration,24,14,10
36462,Санрэйн,soulflayer,1302,shaman,restoration,54,32,22
36463,Samantouz,archimonde,1302,shaman,restoration,132,62,70
36464,Littledorf,ravencrest,1301,shaman,restoration,90,47,43
36465,Monstermunch,ravencrest,1301,shaman,restoration,110,50,60
36466,Ironmack,outland,1301,shaman,restoration,36,16,20
36467,Panicblast,stormscale,1299,shaman,restoration,44,27,17
36468,Шаеман,soulflayer,1298,shaman,restoration,36,20,16
36469,Ærthgød,stormscale,1297,shaman,restoration,24,17,7
36470,Kìra,darkmoon-faire,1296,shaman,restoration,51,28,23
36471,Harptwo,eredar,1295,shaman,restoration,47,28,19
36472,Maburst,silvermoon,1295,shaman,restoration,24,14,10
36473,Fernashaman,aggra-português,1295,shaman,restoration,42,18,24
36474,Skenflewds,alakir,1295,shaman,restoration,66,26,40
36475,Heyzal,aegwynn,1295,shaman,restoration,38,14,24
36476,Qjie,argent-dawn,1294,shaman,restoration,158,88,70
36477,Дрекрош,howling-fjord,1294,shaman,restoration,42,15,27
36478,Fünkchn,zuluhed,1293,shaman,restoration,46,24,22
36479,Shamanmode,twisting-nether,1292,shaman,restoration,42,17,25
36480,Deaslow,hyjal,1291,shaman,restoration,30,21,9
36481,Eduorde,silvermoon,1290,shaman,restoration,37,22,15
36482,Кразтор,howling-fjord,1290,shaman,restoration,101,43,58
36483,Onlytides,doomhammer,1290,shaman,restoration,36,14,22
36484,Mêkyra,blackmoore,1286,shaman,restoration,58,27,31
36485,Tilixs,draenor,1286,shaman,restoration,48,16,32
36486,Deadwoodz,tarren-mill,1284,shaman,restoration,124,59,65
36487,Chadshaman,antonidas,1284,shaman,restoration,55,24,31
36488,Cudntreskobe,kazzak,1283,shaman,restoration,40,20,20
36489,Nwäar,archimonde,1283,shaman,restoration,144,71,73
36490,Rokatotem,ysondre,1279,shaman,restoration,27,14,13
36491,Формацепт,ashenvale,1279,shaman,restoration,36,18,18
36492,Morty,tarren-mill,1279,shaman,restoration,59,27,32
36493,Umbraverfaa,twisting-nether,1278,shaman,restoration,36,15,21
36494,Îolar,aegwynn,1277,shaman,restoration,72,28,44
36495,Iamnyka,blackrock,1276,shaman,restoration,24,17,7
36496,Shago,archimonde,1276,shaman,restoration,124,54,70
36497,Alisàn,teldrassil,1272,shaman,restoration,163,77,86
36498,Shôk,ravencrest,1271,shaman,restoration,74,37,37
36499,Kivra,burning-legion,1271,shaman,restoration,107,46,61
36500,Шайнинлайт,soulflayer,1271,shaman,restoration,107,42,65
36501,Düsterlotus,dalvengyr,1270,shaman,restoration,138,76,62
36502,Ishkadar,twisting-nether,1270,shaman,restoration,33,15,18
36503,Shamone,stormreaver,1268,shaman,restoration,30,16,14
36504,Mandoloriana,sylvanas,1268,shaman,restoration,36,16,20
36505,Alakan,saurfang,1266,shaman,restoration,89,43,46
36506,Yuliy,arathor,1263,shaman,restoration,108,50,58
36507,Størmbølt,draenor,1263,shaman,restoration,54,24,30
36508,Watashij,outland,1262,shaman,restoration,63,34,29
36509,Kelshaj,thrall,1262,shaman,restoration,33,15,18
36510,Dregú,draenor,1261,shaman,restoration,81,44,37
36511,Zoolza,kirin-tor,1261,shaman,restoration,41,14,27
36512,Azifox,hyjal,1260,shaman,restoration,25,14,11
36513,Panicsc,twisting-nether,1253,shaman,restoration,147,70,77
36514,Cømedian,ragnaros,1252,shaman,restoration,27,15,12
36515,Mjahex,stormscale,1249,shaman,restoration,30,14,16
36516,Viallinen,stormreaver,1249,shaman,restoration,37,15,22
36517,Chävaman,archimonde,1248,shaman,restoration,24,13,11
36518,Shamtrix,drakthul,1248,shaman,restoration,77,34,43
36519,Asaakira,blackmoore,1247,shaman,restoration,45,28,17
36520,Arathoir,ravencrest,1247,shaman,restoration,24,13,11
36521,Reparagos,sanguino,1246,shaman,restoration,25,14,11
36522,Ríko,argent-dawn,1246,shaman,restoration,36,18,18
36523,Руикси,howling-fjord,1246,shaman,restoration,30,13,17
36524,Велоун,soulflayer,1246,shaman,restoration,32,13,19
36525,Shamiinn,ravencrest,1245,shaman,restoration,24,13,11
36526,Shambulancex,tarren-mill,1243,shaman,restoration,24,13,11
36527,Shamdude,archimonde,1243,shaman,restoration,24,13,11
36528,Stormcaster,argent-dawn,1243,shaman,restoration,40,19,21
36529,Kvolt,ysondre,1243,shaman,restoration,30,13,17
36530,Stivishamy,blackmoore,1242,shaman,restoration,24,15,9
36531,Dgshîtdwarf,ravencrest,1242,shaman,restoration,30,13,17
36532,Anlaki,silvermoon,1241,shaman,restoration,18,13,5
36533,Leunam,draenor,1241,shaman,restoration,52,26,26
36534,Wylly,aegwynn,1240,shaman,restoration,100,56,44
36535,Spitta,ysondre,1240,shaman,restoration,24,13,11
36536,Manitus,sylvanas,1240,shaman,restoration,64,33,31
36537,Bufuxx,kazzak,1238,shaman,restoration,18,13,5
36538,Sîggý,eredar,1237,shaman,restoration,24,13,11
36539,Suze,hellfire,1237,shaman,restoration,54,23,31
36540,Перегной,ashenvale,1236,shaman,restoration,99,43,56
36541,Abercrômbx,blackmoore,1235,shaman,restoration,24,13,11
36542,Semrix,blackhand,1235,shaman,restoration,110,48,62
36543,Gards,sylvanas,1235,shaman,restoration,44,15,29
36544,Корольшомен,gordunni,1234,shaman,restoration,24,14,10
36545,Charquanda,argent-dawn,1234,shaman,restoration,36,13,23
36546,Kaletore,ragnaros,1233,shaman,restoration,48,28,20
36547,Aldron,tirion,1233,shaman,restoration,30,15,15
36548,Showman,archimonde,1233,shaman,restoration,239,115,124
36549,Althayr,blackmoore,1232,shaman,restoration,28,14,14
36550,Carnágé,blackrock,1230,shaman,restoration,42,24,18
36551,Zujaz,stormscale,1230,shaman,restoration,24,13,11
36552,Anakkynu,sylvanas,1230,shaman,restoration,31,14,17
36553,Lechirurgien,elune,1229,shaman,restoration,115,59,56
36554,Sugardad,khaz-modan,1228,shaman,restoration,189,90,99
36555,Alexmiamosch,thrall,1226,shaman,restoration,78,48,30
36556,Ogrilza,uldaman,1226,shaman,restoration,79,45,34
36557,Lilshamano,ravencrest,1222,shaman,restoration,192,106,86
36558,Swedishmeat,kazzak,1222,shaman,restoration,126,61,65
36559,Kavyzyoyo,twisting-nether,1222,shaman,restoration,71,31,40
36560,Fulminare,ravencrest,1221,shaman,restoration,78,39,39
36561,Nybz,sylvanas,1221,shaman,restoration,42,18,24
36562,Murmelï,stormreaver,1220,shaman,restoration,99,46,53
36563,Schnessert,silvermoon,1220,shaman,restoration,30,13,17
36564,Ошибся,deathguard,1219,shaman,restoration,36,19,17
36565,Bigrambo,draenor,1218,shaman,restoration,65,37,28
36566,Юляукраинка,gordunni,1216,shaman,restoration,55,24,31
36567,Sickbrain,silvermoon,1216,shaman,restoration,45,19,26
36568,Wieszcz,kazzak,1212,shaman,restoration,51,21,30
36569,Buzzingsham,tarren-mill,1211,shaman,restoration,24,15,9
36570,Thuknala,tarren-mill,1210,shaman,restoration,46,26,20
36571,Kickvando,blackmoore,1209,shaman,restoration,44,22,22
36572,Jimmybuffett,kazzak,1209,shaman,restoration,92,45,47
36573,Ephase,burning-blade,1207,shaman,restoration,55,16,39
36574,Loppish,silvermoon,1206,shaman,restoration,24,16,8
36575,Xetri,ragnaros,1206,shaman,restoration,41,22,19
36576,Morttes,burning-legion,1205,shaman,restoration,27,14,13
36577,Nakenfeigy,stormreaver,1204,shaman,restoration,29,16,13
36578,Mwnci,anachronos,1203,shaman,restoration,129,67,62
36579,Бичпак,howling-fjord,1203,shaman,restoration,56,25,31
36580,Huldi,kazzak,1202,shaman,restoration,48,28,20
36581,Icozy,stormscale,1202,shaman,restoration,51,27,24
36582,Roxxo,frostwolf,1200,shaman,restoration,30,16,14
36583,Blöödfist,drakthul,1200,shaman,restoration,35,14,21
36584,Shèshe,uldaman,1199,shaman,restoration,24,15,9
36585,Thundersioux,ravencrest,1198,shaman,restoration,63,33,30
36586,Teccatwo,outland,1198,shaman,restoration,100,48,52
36587,Snobas,kazzak,1198,shaman,restoration,29,13,16
36588,Lolafløres,dun-modr,1194,shaman,restoration,53,37,16
36589,Gauss,agamaggan,1192,shaman,restoration,31,14,17
36590,Hunorth,stormscale,1185,shaman,restoration,40,20,20
36591,Дисмон,ashenvale,1184,shaman,restoration,36,19,17
36592,Oldrym,blackrock,1183,shaman,restoration,64,25,39
36593,Ominouslove,twisting-nether,1181,shaman,restoration,65,33,32
36594,Bigschamlipp,blackhand,1180,shaman,restoration,23,13,10
36595,Biztor,jaedenar,1178,shaman,restoration,48,26,22
36596,Egí,azshara,1177,shaman,restoration,38,14,24
36597,Kvekkis,argent-dawn,1175,shaman,restoration,30,17,13
36598,Darnok,quelthalas,1173,shaman,restoration,60,29,31
36599,Praise,auchindoun,1172,shaman,restoration,35,14,21
36600,Elijaá,nordrassil,1169,shaman,restoration,60,33,27
36601,Tegellera,ravencrest,1168,shaman,restoration,53,27,26
36602,Dwarfofwar,ravencrest,1165,shaman,restoration,80,43,37
36603,Khanokekw,twisting-nether,1164,shaman,restoration,100,57,43
36604,Bèx,twisting-nether,1159,shaman,restoration,30,13,17
36605,Pituu,tarren-mill,1158,shaman,restoration,36,15,21
36606,Shinui,twisting-nether,1157,shaman,restoration,51,26,25
36607,Ðøminantx,stormscale,1155,shaman,restoration,30,14,16
36608,Mostachin,dun-modr,1155,shaman,restoration,64,28,36
36609,Alcam,twisting-nether,1154,shaman,restoration,77,33,44
36610,Saviothewise,aggra-português,1153,shaman,restoration,24,15,9
36611,Olînours,archimonde,1152,shaman,restoration,36,20,16
36612,Быковат,booty-bay,1152,shaman,restoration,129,64,65
36613,Snovii,drakthul,1152,shaman,restoration,30,12,18
36614,Snackerella,blackrock,1151,shaman,restoration,18,12,6
36615,Prîce,blackmoore,1151,shaman,restoration,18,12,6
36616,Weraeth,drakthul,1151,shaman,restoration,36,19,17
36617,Scriptx,blackmoore,1151,shaman,restoration,24,12,12
36618,Dêblâzê,thrall,1151,shaman,restoration,24,12,12
36619,Puffeh,emeriss,1151,shaman,restoration,24,12,12
36620,Teldarian,archimonde,1151,shaman,restoration,24,12,12
36621,Thundrkrakn,blackhand,1151,shaman,restoration,71,35,36
36622,Numbs,tarren-mill,1151,shaman,restoration,30,12,18
36623,Zelent,thrall,1150,shaman,restoration,18,12,6
36624,Souqixo,drakthul,1150,shaman,restoration,18,12,6
36625,Sparkygrill,eredar,1150,shaman,restoration,24,12,12
36626,Holyshamixz,dun-modr,1150,shaman,restoration,24,12,12
36627,Shamanash,kazzak,1150,shaman,restoration,24,12,12
36628,Lolalovexo,kazzak,1150,shaman,restoration,30,14,16
36629,Poggsham,twisting-nether,1150,shaman,restoration,57,26,31
36630,Killatotem,kazzak,1150,shaman,restoration,30,12,18
36631,Balthasa,blackhand,1149,shaman,restoration,18,12,6
36632,Dmgccbot,outland,1149,shaman,restoration,30,12,18
36633,Mefl,tarren-mill,1148,shaman,restoration,24,12,12
36634,Kaherad,antonidas,1148,shaman,restoration,72,33,39
36635,Kärríegold,blackrock,1146,shaman,restoration,18,12,6
36636,Kemh,nemesis,1146,shaman,restoration,30,12,18
36637,Wibra,nagrand,1146,shaman,restoration,30,12,18
36638,Nonotsikaan,blackhand,1145,shaman,restoration,18,12,6
36639,Tvättpåse,tarren-mill,1144,shaman,restoration,18,12,6
36640,Târrocke,nethersturm,1144,shaman,restoration,42,17,25
36641,Drman,shattered-hand,1143,shaman,restoration,60,33,27
36642,Gehrké,silvermoon,1142,shaman,restoration,18,12,6
36643,Jävlajävel,draenor,1142,shaman,restoration,58,32,26
36644,Rêêza,blackhand,1140,shaman,restoration,54,28,26
36645,Nafay,lordaeron,1140,shaman,restoration,66,33,33
36646,Götveren,eredar,1137,shaman,restoration,30,12,18
36647,Vengatrox,antonidas,1136,shaman,restoration,24,12,12
36648,Laïnàà,archimonde,1136,shaman,restoration,65,27,38
36649,Magmera,argent-dawn,1134,shaman,restoration,91,37,54
36650,Macchiavelli,blades-edge,1134,shaman,restoration,83,33,50
36651,Spaceboy,archimonde,1133,shaman,restoration,30,12,18
36652,Cloovster,magtheridon,1132,shaman,restoration,24,12,12
36653,Nextlvlplz,draenor,1132,shaman,restoration,79,38,41
36654,Omgodofwar,burning-blade,1132,shaman,restoration,90,33,57
36655,Suntpraf,kazzak,1131,shaman,restoration,35,14,21
36656,Arabesk,arygos,1130,shaman,restoration,108,50,58
36657,Knasta,malygos,1129,shaman,restoration,36,16,20
36658,Jéhil,hyjal,1127,shaman,restoration,24,12,12
36659,Holshammy,nemesis,1127,shaman,restoration,90,39,51
36660,Bruhin,ravencrest,1127,shaman,restoration,36,13,23
36661,Jimkopf,eredar,1123,shaman,restoration,24,14,10
36662,Nesjâ,blackhand,1120,shaman,restoration,30,12,18
36663,Smyke,magtheridon,1116,shaman,restoration,96,51,45
36664,Chamon,grim-batol,1115,shaman,restoration,24,12,12
36665,Lanzatotems,dun-modr,1115,shaman,restoration,66,31,35
36666,Raincaller,archimonde,1115,shaman,restoration,35,12,23
36667,Flambusier,hyjal,1112,shaman,restoration,118,67,51
36668,Lemontea,burning-blade,1112,shaman,restoration,30,12,18
36669,Corbo,ysondre,1108,shaman,restoration,69,40,29
36670,Woade,silvermoon,1108,shaman,restoration,30,12,18
36671,Polystrath,silvermoon,1106,shaman,restoration,30,14,16
36672,Säphïr,hyjal,1105,shaman,restoration,22,13,9
36673,Canhealu,nemesis,1105,shaman,restoration,143,70,73
36674,Sáltý,ravencrest,1103,shaman,restoration,21,12,9
36675,Garifus,dun-modr,1102,shaman,restoration,132,70,62
36676,Dubìff,hyjal,1101,shaman,restoration,15,13,2
36677,Ivaccineyou,blackmoore,1099,shaman,restoration,24,12,12
36678,Kuiji,stormreaver,1098,shaman,restoration,88,49,39
36679,Undin,burning-legion,1098,shaman,restoration,60,33,27
36680,Thenasil,stormscale,1097,shaman,restoration,64,28,36
36681,Ibkdalen,stormscale,1096,shaman,restoration,30,14,16
36682,Sanktyx,blackhand,1094,shaman,restoration,28,13,15
36683,Yasunari,sanguino,1094,shaman,restoration,30,12,18
36684,Thuns,stormscale,1093,shaman,restoration,29,14,15
36685,Waskoelement,archimonde,1090,shaman,restoration,48,27,21
36686,Moonbotico,blackrock,1090,shaman,restoration,115,52,63
36687,Baelee,sylvanas,1085,shaman,restoration,108,47,61
36688,Purgérkíng,silvermoon,1084,shaman,restoration,27,13,14
36689,Spartecøbra,dalaran,1083,shaman,restoration,36,16,20
36690,Arienus,turalyon,1081,shaman,restoration,22,12,10
36691,Vulkan,kirin-tor,1081,shaman,restoration,42,20,22
36692,Bennycooch,silvermoon,1081,shaman,restoration,107,42,65
36693,Понбарон,gordunni,1079,shaman,restoration,40,14,26
36694,Shamandeadly,aggra-português,1075,shaman,restoration,24,12,12
36695,Hazufel,kaelthas,1072,shaman,restoration,44,19,25
36696,Totemkin,stormscale,1069,shaman,restoration,60,13,47
36697,Xoxoxoxoa,twisting-nether,1068,shaman,restoration,71,22,49
36698,Quîn,defias-brotherhood,1066,shaman,restoration,96,45,51
36699,Lòómit,anetheron,1065,shaman,restoration,24,13,11
36700,Zuggerberg,defias-brotherhood,1063,shaman,restoration,33,12,21
36701,Hikigane,marécage-de-zangar,1061,shaman,restoration,48,17,31
36702,Чоколав,howling-fjord,1057,shaman,restoration,60,32,28
36703,Socialfailur,archimonde,1056,shaman,restoration,18,11,7
36704,Elmezz,outland,1056,shaman,restoration,18,11,7
36705,Rôwdy,kazzak,1056,shaman,restoration,24,11,13
36706,Zuly,grim-batol,1055,shaman,restoration,18,11,7
36707,Yashëa,ysondre,1055,shaman,restoration,18,11,7
36708,Icecold,grim-batol,1055,shaman,restoration,24,11,13
36709,Átòmíc,eredar,1055,shaman,restoration,24,11,13
36710,Vælcya,archimonde,1054,shaman,restoration,18,11,7
36711,Quòr,antonidas,1054,shaman,restoration,59,34,25
36712,Shakgor,draenor,1054,shaman,restoration,48,27,21
36713,Ehrling,ysondre,1054,shaman,restoration,30,16,14
36714,Elshamino,ravencrest,1054,shaman,restoration,24,11,13
36715,Ixthus,varimathras,1054,shaman,restoration,24,11,13
36716,Mêrowinger,blackhand,1054,shaman,restoration,24,11,13
36717,Blóúb,blackmoore,1054,shaman,restoration,24,11,13
36718,Protv,ravencrest,1053,shaman,restoration,24,18,6
36719,Tiddles,arathor,1053,shaman,restoration,18,11,7
36720,Salatmayoo,alakir,1053,shaman,restoration,27,12,15
36721,Hyflex,alakir,1053,shaman,restoration,30,11,19
36722,Роджермур,howling-fjord,1052,shaman,restoration,24,11,13
36723,Muril,argent-dawn,1052,shaman,restoration,30,11,19
36724,Rouwa,korgall,1051,shaman,restoration,18,11,7
36725,Kelvok,silvermoon,1051,shaman,restoration,18,11,7
36726,Zackboing,thrall,1051,shaman,restoration,75,38,37
36727,Ðevi,ravencrest,1051,shaman,restoration,24,11,13
36728,Aliates,sanguino,1051,shaman,restoration,24,11,13
36729,Tingyspanky,twisting-nether,1051,shaman,restoration,33,12,21
36730,Kíkjo,aegwynn,1050,shaman,restoration,18,11,7
36731,Quizx,blackrock,1050,shaman,restoration,24,11,13
36732,Оперочек,howling-fjord,1050,shaman,restoration,42,12,30
36733,Nqz,ysondre,1049,shaman,restoration,24,11,13
36734,Sixinchwilly,outland,1048,shaman,restoration,18,11,7
36735,Riverwin,silvermoon,1048,shaman,restoration,30,14,16
36736,Nøný,gorgonnash,1048,shaman,restoration,24,11,13
36737,Slingz,auchindoun,1048,shaman,restoration,24,11,13
36738,Bakuga,ragnaros,1047,shaman,restoration,18,11,7
36739,Oscar,khaz-modan,1046,shaman,restoration,18,11,7
36740,Tyralià,draenor,1046,shaman,restoration,18,11,7
36741,Chokeonme,blackrock,1046,shaman,restoration,63,37,26
36742,Анашишка,borean-tundra,1046,shaman,restoration,30,11,19
36743,Megumín,darksorrow,1045,shaman,restoration,18,11,7
36744,Tosaá,antonidas,1042,shaman,restoration,18,11,7
36745,Grîzzou,les-clairvoyants,1042,shaman,restoration,42,25,17
36746,Munjar,korgall,1039,shaman,restoration,24,11,13
36747,Merkàba,pozzo-delleternità,1037,shaman,restoration,18,11,7
36748,Idkteam,stormscale,1037,shaman,restoration,24,11,13
36749,Grende,sylvanas,1037,shaman,restoration,29,11,18
36750,Slutie,stormscale,1036,shaman,restoration,23,11,12
36751,Gushgush,draenor,1032,shaman,restoration,18,11,7
36752,Kuddjah,twisting-nether,1030,shaman,restoration,24,11,13
36753,Moglibard,grim-batol,1028,shaman,restoration,18,11,7
36754,Лялори,gordunni,1025,shaman,restoration,60,28,32
36755,Jabena,draenor,1025,shaman,restoration,68,29,39
36756,Daseus,malygos,1021,shaman,restoration,30,14,16
36757,Рёнтар,howling-fjord,1021,shaman,restoration,30,13,17
36758,Hexinreflect,silvermoon,1021,shaman,restoration,96,41,55
36759,Akimboo,kilrogg,1017,shaman,restoration,36,11,25
36760,Сорнинай,soulflayer,1013,shaman,restoration,65,28,37
36761,Mantoon,doomhammer,1013,shaman,restoration,30,12,18
36762,Jhaky,dun-modr,1013,shaman,restoration,30,11,19
36763,Cukkerberg,ragnaros,1010,shaman,restoration,48,19,29
36764,Towokk,kazzak,1007,shaman,restoration,30,17,13
36765,Mosterx,stormscale,1007,shaman,restoration,36,16,20
36766,Blainehammer,arathor,1006,shaman,restoration,30,12,18
36767,Saamjai,turalyon,1005,shaman,restoration,30,17,13
36768,Noulol,aegwynn,1005,shaman,restoration,23,12,11
36769,Bluelasso,ysondre,1002,shaman,restoration,35,11,24
36770,Darkkshammy,silvermoon,1001,shaman,restoration,24,12,12
36771,Skunazo,sanguino,995,shaman,restoration,18,14,4
36772,Jänis,ragnaros,995,shaman,restoration,22,12,10
36773,Мезонет,soulflayer,992,shaman,restoration,24,13,11
36774,Haginathor,twisting-nether,989,shaman,restoration,78,41,37
36775,Checkpoint,defias-brotherhood,988,shaman,restoration,42,18,24
36776,Kéimohansio,draenor,988,shaman,restoration,168,64,104
36777,Mearu,bronze-dragonflight,987,shaman,restoration,42,25,17
36778,Teada,aegwynn,980,shaman,restoration,34,12,22
36779,Ambrosioss,kazzak,975,shaman,restoration,30,17,13
36780,Thaun,blackrock,971,shaman,restoration,30,12,18
36781,Schamannen,outland,970,shaman,restoration,43,23,20
36782,Tomtefaan,sylvanas,963,shaman,restoration,24,13,11
36783,Милжон,soulflayer,961,shaman,restoration,31,17,14
36784,Dasce,sylvanas,961,shaman,restoration,36,15,21
36785,Qobq,ravencrest,960,shaman,restoration,12,10,2
36786,Valdraxx,ravencrest,960,shaman,restoration,189,93,96
36787,Снупдоггидог,howling-fjord,960,shaman,restoration,24,10,14
36788,Còób,ravencrest,960,shaman,restoration,27,10,17
36789,Kaátori,eredar,959,shaman,restoration,12,10,2
36790,Пекубулких,soulflayer,959,shaman,restoration,12,10,2
36791,Hyperieon,antonidas,959,shaman,restoration,12,10,2
36792,Sunjay,frostwolf,959,shaman,restoration,12,10,2
36793,Ðtxkeks,onyxia,959,shaman,restoration,13,10,3
36794,Crysisx,sanguino,959,shaman,restoration,18,10,8
36795,Teldatwo,archimonde,959,shaman,restoration,18,10,8
36796,Ånny,blackmoore,959,shaman,restoration,18,10,8
36797,Qoleck,aegwynn,959,shaman,restoration,18,10,8
36798,Bananis,outland,959,shaman,restoration,18,10,8
36799,Friski,silvermoon,959,shaman,restoration,18,10,8
36800,Cahyr,ravencrest,959,shaman,restoration,18,10,8
36801,Ugáa,malganis,959,shaman,restoration,24,10,14
36802,Loay,blackrock,959,shaman,restoration,24,10,14
36803,Мокос,howling-fjord,959,shaman,restoration,24,10,14
36804,Amnéshaman,ysondre,959,shaman,restoration,24,10,14
36805,Hexbeforesex,kazzak,958,shaman,restoration,12,10,2
36806,Diosberi,tichondrius,958,shaman,restoration,12,10,2
36807,Vemvardetsom,stormreaver,958,shaman,restoration,12,10,2
36808,Shamanistick,grim-batol,958,shaman,restoration,18,10,8
36809,Bliksem,tarren-mill,958,shaman,restoration,18,10,8
36810,Bosskwtt,kazzak,958,shaman,restoration,18,10,8
36811,Prøxxy,ravencrest,958,shaman,restoration,18,10,8
36812,Чаиро,howling-fjord,958,shaman,restoration,24,10,14
36813,Neejtjak,ravencrest,958,shaman,restoration,24,10,14
36814,Samant,neptulon,957,shaman,restoration,36,17,19
36815,Гарантийный,lich-king,957,shaman,restoration,24,10,14
36816,Bumbersham,stormscale,957,shaman,restoration,24,10,14
36817,Drakahaar,burning-blade,956,shaman,restoration,30,10,20
36818,Durekk,tarren-mill,955,shaman,restoration,18,10,8
36819,Chaminoune,sargeras,955,shaman,restoration,18,10,8
36820,Demelena,silvermoon,955,shaman,restoration,27,14,13
36821,Nøxylol,veklor,955,shaman,restoration,24,10,14
36822,Zulwin,hyjal,954,shaman,restoration,18,10,8
36823,Rhun,garona,954,shaman,restoration,18,10,8
36824,Shinigamy,kazzak,951,shaman,restoration,46,22,24
36825,Tauridus,blackrock,951,shaman,restoration,24,10,14
36826,Shámpain,antonidas,950,shaman,restoration,18,10,8
36827,Mcdz,blackrock,948,shaman,restoration,24,13,11
36828,Outerspace,silvermoon,947,shaman,restoration,24,10,14
36829,Hephaisto,defias-brotherhood,946,shaman,restoration,18,10,8
36830,Ухмылк,azuregos,943,shaman,restoration,173,91,82
36831,Xilquid,darksorrow,941,shaman,restoration,24,10,14
36832,Магмарончик,gordunni,941,shaman,restoration,42,12,30
36833,Эрэвия,gordunni,939,shaman,restoration,24,13,11
36834,Patites,twisting-nether,937,shaman,restoration,30,15,15
36835,Bullvai,dun-morogh,929,shaman,restoration,74,34,40
36836,Goldva,outland,928,shaman,restoration,79,42,37
36837,Fivezax,tarren-mill,924,shaman,restoration,18,10,8
36838,Hacyria,archimonde,924,shaman,restoration,24,13,11
36839,Qusek,turalyon,923,shaman,restoration,72,34,38
36840,Zeidek,nemesis,922,shaman,restoration,60,33,27
36841,Killeras,deathwing,920,shaman,restoration,37,18,19
36842,Asashi,blackhand,917,shaman,restoration,23,12,11
36843,Selrin,blackrock,915,shaman,restoration,84,30,54
36844,Xpone,blackrock,914,shaman,restoration,24,12,12
36845,Xogor,kazzak,911,shaman,restoration,27,10,17
36846,Begeshaman,sylvanas,909,shaman,restoration,96,32,64
36847,Suculenta,zuljin,902,shaman,restoration,29,14,15
36848,Georgianaa,skullcrusher,900,shaman,restoration,84,40,44
36849,Nexolok,alleria,899,shaman,restoration,60,32,28
36850,Алимика,deathguard,899,shaman,restoration,24,12,12
36851,Thunderberg,antonidas,896,shaman,restoration,30,12,18
36852,Foxfyre,tarren-mill,893,shaman,restoration,18,10,8
36853,Whatsup,aggramar,892,shaman,restoration,28,11,17
36854,Isìs,norgannon,891,shaman,restoration,100,39,61
36855,Deesham,blackmoore,885,shaman,restoration,26,10,16
36856,Xenda,blackrock,882,shaman,restoration,24,10,14
36857,Vukroth,argent-dawn,879,shaman,restoration,72,34,38
36858,Fashess,sunstrider,875,shaman,restoration,18,10,8
36859,Mysterqt,nemesis,864,shaman,restoration,12,9,3
36860,Chokelord,archimonde,864,shaman,restoration,12,9,3
36861,Batmanmain,twisting-nether,864,shaman,restoration,16,10,6
36862,Xclusiveqt,archimonde,864,shaman,restoration,18,9,9
36863,Defonceboby,archimonde,864,shaman,restoration,18,9,9
36864,Nothexy,stormscale,864,shaman,restoration,18,9,9
36865,Ridemytotem,blackrock,864,shaman,restoration,18,9,9
36866,Фатнир,soulflayer,864,shaman,restoration,18,9,9
36867,Феанорситх,gordunni,864,shaman,restoration,18,9,9
36868,Shounx,hyjal,864,shaman,restoration,18,9,9
36869,Kalhoznik,ravencrest,864,shaman,restoration,18,9,9
36870,Thefirebird,blackhand,864,shaman,restoration,24,9,15
36871,Bigdamshear,outland,864,shaman,restoration,24,9,15
36872,Hexalicius,sylvanas,864,shaman,restoration,24,9,15
36873,Shamantistik,ravencrest,863,shaman,restoration,12,9,3
36874,Blamy,auchindoun,863,shaman,restoration,12,9,3
36875,Geminate,stormscale,863,shaman,restoration,12,9,3
36876,Есю,howling-fjord,863,shaman,restoration,12,9,3
36877,Broner,ravencrest,863,shaman,restoration,20,10,10
36878,Bobaléh,ravencrest,863,shaman,restoration,18,9,9
36879,Dréa,draenor,863,shaman,restoration,18,9,9
36880,Stormfreg,quelthalas,863,shaman,restoration,18,9,9
36881,Yàra,throkferoth,863,shaman,restoration,42,18,24
36882,Loktarogar,sunstrider,863,shaman,restoration,24,9,15
36883,Thanasiss,kazzak,863,shaman,restoration,24,9,15
36884,Naphe,ysondre,863,shaman,restoration,30,9,21
36885,Fatmikex,stormreaver,863,shaman,restoration,30,9,21
36886,Милыйдед,gordunni,863,shaman,restoration,36,9,27
36887,Spammail,argent-dawn,862,shaman,restoration,12,9,3
36888,Aredin,ysera,862,shaman,restoration,12,9,3
36889,Doriana,dalaran,862,shaman,restoration,18,9,9
36890,Syreer,silvermoon,862,shaman,restoration,19,9,10
36891,Salmôn,twisting-nether,862,shaman,restoration,24,9,15
36892,Pprx,tarren-mill,862,shaman,restoration,24,9,15
36893,Дрфэка,soulflayer,862,shaman,restoration,51,14,37
36894,Tonifo,nemesis,861,shaman,restoration,12,9,3
36895,Cjay,dunemaul,861,shaman,restoration,12,9,3
36896,Shamanopaf,tarren-mill,861,shaman,restoration,18,9,9
36897,Matsudah,ragnaros,861,shaman,restoration,18,9,9
36898,Honollulu,drakthul,860,shaman,restoration,12,9,3
36899,Amu,ravencrest,860,shaman,restoration,18,9,9
36900,Mansquidgoat,darksorrow,859,shaman,restoration,15,10,5
36901,Orchal,defias-brotherhood,859,shaman,restoration,18,9,9
36902,Kosur,kazzak,859,shaman,restoration,18,9,9
36903,Stkk,ravencrest,859,shaman,restoration,98,46,52
36904,Sunsham,illidan,858,shaman,restoration,18,9,9
36905,Proxysham,the-maelstrom,857,shaman,restoration,12,9,3
36906,Kamichami,sanguino,857,shaman,restoration,24,9,15
36907,Chartersham,silvermoon,856,shaman,restoration,12,9,3
36908,Wayoa,defias-brotherhood,856,shaman,restoration,12,9,3
36909,Wakka,wildhammer,856,shaman,restoration,42,12,30
36910,Psyforce,argent-dawn,850,shaman,restoration,12,9,3
36911,Temeres,drakthul,849,shaman,restoration,18,9,9
36912,Numdog,stormreaver,831,shaman,restoration,17,9,8
36913,Jeqs,twisting-nether,830,shaman,restoration,14,10,4
36914,Snidge,kazzak,824,shaman,restoration,18,9,9
36915,Lk,twilights-hammer,815,shaman,restoration,15,10,5
36916,Kuubskii,ravencrest,815,shaman,restoration,17,9,8
36917,Bountiti,dun-modr,810,shaman,restoration,18,10,8
36918,Crixuss,argent-dawn,809,shaman,restoration,17,9,8
36919,Pvegame,tarren-mill,809,shaman,restoration,20,10,10
36920,Bomboclat,azjolnerub,806,shaman,restoration,23,9,14
36921,Akwa,stormscale,799,shaman,restoration,20,9,11
36922,Feizhousa,outland,799,shaman,restoration,26,9,17
36923,Gerlo,thrall,797,shaman,restoration,25,11,14
36924,Кодишам,howling-fjord,768,shaman,restoration,12,8,4
36925,Vibesham,outland,768,shaman,restoration,12,8,4
36926,Simiann,outland,768,shaman,restoration,12,8,4
36927,Enchancement,ragnaros,768,shaman,restoration,12,8,4
36928,Wawawoowee,archimonde,768,shaman,restoration,12,8,4
36929,Vërÿßåðxd,silvermoon,768,shaman,restoration,12,8,4
36930,Wolkî,aegwynn,768,shaman,restoration,12,8,4
36931,Navajito,tarren-mill,768,shaman,restoration,12,8,4
36932,Lontarita,tarren-mill,768,shaman,restoration,12,8,4
36933,Öyama,sinstralis,768,shaman,restoration,12,8,4
36934,Ivnashaman,drakthul,768,shaman,restoration,12,8,4
36935,Rostislav,ravencrest,768,shaman,restoration,12,8,4
36936,Chîllkrötè,blackmoore,768,shaman,restoration,12,8,4
36937,Mustabrutus,tarren-mill,768,shaman,restoration,16,9,7
36938,Infinitetide,doomhammer,768,shaman,restoration,18,8,10
36939,Sehn,arathor,768,shaman,restoration,18,8,10
36940,Nøraa,ravencrest,768,shaman,restoration,18,8,10
36941,Тотембот,soulflayer,768,shaman,restoration,18,8,10
36942,Lorko,twisting-nether,768,shaman,restoration,18,8,10
36943,Qoekke,uldum,768,shaman,restoration,18,8,10
36944,Chimey,frostmane,768,shaman,restoration,18,8,10
36945,Бунтх,howling-fjord,768,shaman,restoration,18,8,10
36946,Зачикинимся,howling-fjord,768,shaman,restoration,18,8,10
36947,Aeldrid,argent-dawn,767,shaman,restoration,12,8,4
36948,Dapawz,defias-brotherhood,767,shaman,restoration,12,8,4
36949,Karezza,azjolnerub,767,shaman,restoration,12,8,4
36950,Berasham,dalaran,767,shaman,restoration,12,8,4
36951,Magma,kazzak,767,shaman,restoration,12,8,4
36952,Aliatës,sanguino,767,shaman,restoration,18,8,10
36953,Hàrdstûkgødx,uldaman,767,shaman,restoration,18,8,10
36954,Quinlàn,ravencrest,767,shaman,restoration,18,8,10
36955,Aesa,dun-modr,767,shaman,restoration,18,8,10
36956,Iwaa,dalaran,767,shaman,restoration,18,8,10
36957,Guayotta,sanguino,767,shaman,restoration,18,8,10
36958,Gungo,deathwing,767,shaman,restoration,18,8,10
36959,Rakân,ysondre,767,shaman,restoration,24,8,16
36960,Sniipy,blackmoore,767,shaman,restoration,24,8,16
36961,Cleansing,nemesis,766,shaman,restoration,12,8,4
36962,Badkidney,alakir,766,shaman,restoration,12,8,4
36963,Джоукх,howling-fjord,766,shaman,restoration,12,8,4
36964,Eero,darksorrow,766,shaman,restoration,12,8,4
36965,Robbie,dentarg,766,shaman,restoration,12,8,4
36966,Schläck,outland,766,shaman,restoration,18,8,10
36967,Binslagala,zuljin,765,shaman,restoration,12,8,4
36968,Nephylim,grim-batol,765,shaman,restoration,18,8,10
36969,Naargie,outland,765,shaman,restoration,20,8,12
36970,Sorcerus,burning-legion,765,shaman,restoration,30,8,22
36971,Ironspine,sylvanas,764,shaman,restoration,18,8,10
36972,Khattla,outland,763,shaman,restoration,12,8,4
36973,Gundersen,stormscale,763,shaman,restoration,18,8,10
36974,Eveeöe,outland,763,shaman,restoration,18,8,10
36975,Croku,thrall,761,shaman,restoration,12,8,4
36976,Rórekk,aegwynn,761,shaman,restoration,18,8,10
36977,Zerwurster,thrall,760,shaman,restoration,18,8,10
36978,Тирануксис,blackscar,753,shaman,restoration,17,13,4
36979,Manush,aszune,752,shaman,restoration,24,8,16
36980,Sakoon,twisting-nether,751,shaman,restoration,18,8,10
36981,Øzy,sanguino,749,shaman,restoration,14,8,6
36982,Amarök,nerzhul,749,shaman,restoration,18,8,10
36983,Picklechris,tarren-mill,748,shaman,restoration,18,8,10
36984,Дарьюша,fordragon,744,shaman,restoration,12,8,4
36985,Scàráth,eredar,717,shaman,restoration,27,8,19
36986,Агмень,howling-fjord,717,shaman,restoration,39,8,31
36987,Shäman,burning-blade,714,shaman,restoration,21,9,12
36988,Stolen,skullcrusher,712,shaman,restoration,15,9,6
36989,Lauree,terokkar,710,shaman,restoration,23,9,14
36990,Thangog,ragnaros,703,shaman,restoration,16,8,8
36991,Карбонатрикс,soulflayer,703,shaman,restoration,16,8,8
36992,Тотемвуман,soulflayer,703,shaman,restoration,22,8,14
36993,Вашнюхтоптал,howling-fjord,695,shaman,restoration,13,10,3
36994,Грейсаша,howling-fjord,695,shaman,restoration,22,8,14
36995,Robgon,aggra-português,689,shaman,restoration,23,8,15
36996,Turbohulk,blackrock,688,shaman,restoration,13,8,5
36997,Cumulichan,ragnaros,687,shaman,restoration,11,8,3
36998,Shamounf,archimonde,672,shaman,restoration,12,7,5
36999,Yegera,stormscale,672,shaman,restoration,12,7,5
37000,Pogchampz,nemesis,672,shaman,restoration,12,7,5
37001,Popopopopor,archimonde,672,shaman,restoration,12,7,5
37002,Iamshamon,kazzak,672,shaman,restoration,12,7,5
37003,Berly,stormscale,672,shaman,restoration,12,7,5
37004,Gigawashed,archimonde,672,shaman,restoration,12,7,5
37005,Totembeard,frostmourne,672,shaman,restoration,12,7,5
37006,Doubleshamz,the-maelstrom,672,shaman,restoration,12,7,5
37007,Kilazz,twisting-nether,672,shaman,restoration,12,7,5
37008,Spiirit,tarren-mill,672,shaman,restoration,12,7,5
37009,Boltkesh,draenor,672,shaman,restoration,12,7,5
37010,Djtomp,kazzak,672,shaman,restoration,12,7,5
37011,Healeugene,ravencrest,672,shaman,restoration,12,7,5
37012,Jilyu,blackmoore,672,shaman,restoration,12,7,5
37013,Raintlordx,twisting-nether,672,shaman,restoration,12,7,5
37014,Trbhlk,blackrock,672,shaman,restoration,12,7,5
37015,Clickmeh,runetotem,672,shaman,restoration,12,7,5
37016,Esher,frostwolf,672,shaman,restoration,12,7,5
37017,Blackbeardxd,stormscale,672,shaman,restoration,12,7,5
37018,Dôppel,archimonde,672,shaman,restoration,12,7,5
37019,Qicholardon,archimonde,672,shaman,restoration,12,7,5
37020,Pepegahex,blackmoore,672,shaman,restoration,12,7,5
37021,Winshear,twisting-nether,672,shaman,restoration,12,7,5
37022,Lêêmo,outland,672,shaman,restoration,12,7,5
37023,Nansmasher,draenor,672,shaman,restoration,12,7,5
37024,Alëxx,hyjal,672,shaman,restoration,12,7,5
37025,Raiden,aegwynn,672,shaman,restoration,18,7,11
37026,Barbebiendur,archimonde,672,shaman,restoration,18,7,11
37027,Крэйвхх,howling-fjord,672,shaman,restoration,18,7,11
37028,Oningodx,drakthul,672,shaman,restoration,18,7,11
37029,Papskalla,ravencrest,672,shaman,restoration,18,7,11
37030,Reticlol,kazzak,672,shaman,restoration,18,7,11
37031,Zulylol,outland,672,shaman,restoration,18,7,11
37032,Kimsshaman,ragnaros,672,shaman,restoration,18,7,11
37033,Kataclysm,nemesis,672,shaman,restoration,18,7,11
37034,Sháme,azjolnerub,672,shaman,restoration,18,7,11
37035,Horiq,kazzak,672,shaman,restoration,18,7,11
37036,Horcsog,ravencrest,672,shaman,restoration,18,7,11
37037,Agrok,jaedenar,672,shaman,restoration,18,7,11
37038,Arîya,blackrock,672,shaman,restoration,18,7,11
37039,Çøynx,aegwynn,672,shaman,restoration,20,7,13
37040,Recov,draenor,672,shaman,restoration,22,7,15
37041,Rejax,blackmoore,672,shaman,restoration,24,7,17
37042,Bajslys,kazzak,671,shaman,restoration,12,7,5
37043,Grosgourdin,la-croisade-écarlate,671,shaman,restoration,12,7,5
37044,Rooske,draenor,671,shaman,restoration,12,7,5
37045,Aébi,dalaran,671,shaman,restoration,12,7,5
37046,Jochenzulauf,blackrock,671,shaman,restoration,12,7,5
37047,Lingz,auchindoun,671,shaman,restoration,12,7,5
37048,Elshimano,ravencrest,671,shaman,restoration,12,7,5
37049,Brocksamson,dentarg,671,shaman,restoration,14,7,7
37050,Shâdôwlîght,antonidas,671,shaman,restoration,18,7,11
37051,Nïshä,twisting-nether,671,shaman,restoration,18,7,11
37052,Zahké,stormscale,671,shaman,restoration,18,7,11
37053,Xentic,kazzak,671,shaman,restoration,18,7,11
37054,Maab,arathor,671,shaman,restoration,18,7,11
37055,Indennacken,blackmoore,671,shaman,restoration,18,7,11
37056,Lindemánn,blackhand,671,shaman,restoration,18,7,11
37057,Zippidizap,ulduar,671,shaman,restoration,18,7,11
37058,Skullføck,argent-dawn,671,shaman,restoration,21,8,13
37059,Mòónz,kazzak,671,shaman,restoration,24,7,17
37060,Инкарнатор,deathguard,670,shaman,restoration,12,7,5
37061,Tidors,burning-legion,670,shaman,restoration,12,7,5
37062,Plùx,antonidas,670,shaman,restoration,12,7,5
37063,Bjorhuk,ravencrest,670,shaman,restoration,12,7,5
37064,Aiuto,archimonde,670,shaman,restoration,12,7,5
37065,Irachal,rexxar,670,shaman,restoration,18,7,11
37066,Bandyy,magtheridon,670,shaman,restoration,18,7,11
37067,Aluweckerl,eredar,670,shaman,restoration,24,7,17
37068,Woew,tarren-mill,669,shaman,restoration,12,7,5
37069,Shamaxwell,blackhand,669,shaman,restoration,12,7,5
37070,Shacharcaspi,blackmoore,669,shaman,restoration,24,7,17
37071,Simph,uldum,669,shaman,restoration,24,7,17
37072,Bloggurt,tarren-mill,668,shaman,restoration,18,7,11
37073,Sarenity,hellfire,667,shaman,restoration,12,7,5
37074,Millacki,blackrock,667,shaman,restoration,18,7,11
37075,Aveet,kazzak,667,shaman,restoration,18,7,11
37076,Omeletteoeuf,silvermoon,666,shaman,restoration,12,7,5
37077,Briindead,archimonde,665,shaman,restoration,12,7,5
37078,Sneggels,wrathbringer,665,shaman,restoration,21,8,13
37079,Raketenrieke,blackrock,659,shaman,restoration,25,12,13
37080,Bogmagnus,the-maelstrom,659,shaman,restoration,39,13,26
37081,Ayesapik,dalaran,657,shaman,restoration,12,7,5
37082,Frise,archimonde,656,shaman,restoration,18,7,11
37083,Lillink,stormscale,655,shaman,restoration,9,9,0
37084,Draredemolen,archimonde,655,shaman,restoration,17,7,10
37085,Mjollnier,stormscale,640,shaman,restoration,10,8,2
37086,Неерззул,soulflayer,639,shaman,restoration,17,7,10
37087,Nêôô,blackrock,639,shaman,restoration,23,7,16
37088,Nojiko,blackrock,638,shaman,restoration,17,7,10
37089,Altesh,die-todeskrallen,634,shaman,restoration,16,7,9
37090,Realiz,ysondre,622,shaman,restoration,16,7,9
37091,Енотикусь,soulflayer,618,shaman,restoration,12,8,4
37092,Disharmony,outland,618,shaman,restoration,12,8,4
37093,Mambokïngs,sanguino,617,shaman,restoration,16,8,8
37094,Randomuwu,stormscale,616,shaman,restoration,22,8,14
37095,Мке,howling-fjord,615,shaman,restoration,29,11,18
37096,Greenguard,argent-dawn,608,shaman,restoration,29,7,22
37097,Martiinii,dragonmaw,606,shaman,restoration,11,7,4
37098,Shàwyn,sylvanas,591,shaman,restoration,11,7,4
37099,Zhead,aggramar,584,shaman,restoration,16,9,7
37100,Bauch,tichondrius,576,shaman,restoration,6,6,0
37101,Imdarat,hyjal,576,shaman,restoration,6,6,0
37102,Notlinus,argent-dawn,576,shaman,restoration,6,6,0
37103,Ethixx,outland,576,shaman,restoration,6,6,0
37104,Oldveteran,eredar,576,shaman,restoration,6,6,0
37105,Yacuzwerg,blackrock,576,shaman,restoration,6,6,0
37106,Groquick,dalaran,576,shaman,restoration,12,6,6
37107,Rëazx,archimonde,576,shaman,restoration,12,6,6
37108,Djsheargødx,twisting-nether,576,shaman,restoration,12,6,6
37109,Kocaina,kazzak,576,shaman,restoration,12,6,6
37110,Komodski,kazzak,576,shaman,restoration,12,6,6
37111,Runbrorun,hyjal,576,shaman,restoration,12,6,6
37112,Kaluna,outland,576,shaman,restoration,12,6,6
37113,Chamanox,dalaran,576,shaman,restoration,12,6,6
37114,Rhêz,kazzak,576,shaman,restoration,12,6,6
37115,Shmøn,outland,576,shaman,restoration,12,6,6
37116,Lortihalsen,outland,576,shaman,restoration,12,6,6
37117,Gotta,dethecus,576,shaman,restoration,12,6,6
37118,Ambuu,kazzak,576,shaman,restoration,12,6,6
37119,Katwio,hyjal,576,shaman,restoration,12,6,6
37120,Monamour,twisting-nether,576,shaman,restoration,12,6,6
37121,Bigdaddyxo,tarren-mill,576,shaman,restoration,12,6,6
37122,Cardeâ,blackhand,576,shaman,restoration,12,6,6
37123,Гоэл,ashenvale,576,shaman,restoration,12,6,6
37124,Mýthaz,archimonde,576,shaman,restoration,12,6,6
37125,Enoughh,the-maelstrom,576,shaman,restoration,12,6,6
37126,Gromaburst,stormscale,576,shaman,restoration,12,6,6
37127,Thaw,sylvanas,576,shaman,restoration,12,6,6
37128,Wintradezki,tarren-mill,576,shaman,restoration,12,6,6
37129,Jodel,tarren-mill,576,shaman,restoration,12,6,6
37130,Embodiment,blackrock,576,shaman,restoration,12,6,6
37131,Lågertha,sanguino,576,shaman,restoration,12,6,6
37132,Zûgzûg,ragnaros,576,shaman,restoration,12,6,6
37133,Heatti,doomhammer,576,shaman,restoration,12,6,6
37134,Dreamon,culte-de-la-rive-noire,576,shaman,restoration,12,6,6
37135,Goodevening,tarren-mill,576,shaman,restoration,12,6,6
37136,Хоупосх,gordunni,576,shaman,restoration,12,6,6
37137,Purgecleave,dalvengyr,576,shaman,restoration,12,6,6
37138,Annoying,archimonde,576,shaman,restoration,12,6,6
37139,Blipster,tarren-mill,576,shaman,restoration,12,6,6
37140,Nimbs,tarren-mill,576,shaman,restoration,12,6,6
37141,Kilninshape,archimonde,576,shaman,restoration,12,6,6
37142,Neverqueue,defias-brotherhood,576,shaman,restoration,12,6,6
37143,Канамаш,borean-tundra,576,shaman,restoration,12,6,6
37144,Erepmad,ravencrest,576,shaman,restoration,12,6,6
37145,Dimront,gorgonnash,576,shaman,restoration,12,6,6
37146,Skottkärrà,ravencrest,576,shaman,restoration,12,6,6
37147,Thatstheswag,blackmoore,576,shaman,restoration,12,6,6
37148,Løktarøgàr,archimonde,576,shaman,restoration,12,6,6
37149,Khidon,silvermoon,576,shaman,restoration,12,6,6
37150,Чиллаут,howling-fjord,576,shaman,restoration,12,6,6
37151,Juicyy,ravencrest,576,shaman,restoration,12,6,6
37152,Qwázú,silvermoon,576,shaman,restoration,12,6,6
37153,Smøul,sanguino,576,shaman,restoration,12,6,6
37154,Lmnn,ravencrest,576,shaman,restoration,12,6,6
37155,Флафен,howling-fjord,576,shaman,restoration,12,6,6
37156,Kioterasham,conseil-des-ombres,576,shaman,restoration,18,6,12
37157,Floki,emerald-dream,576,shaman,restoration,18,6,12
37158,Sarkathi,kazzak,576,shaman,restoration,18,6,12
37159,Nyfario,marécage-de-zangar,576,shaman,restoration,18,6,12
37160,Embèr,silvermoon,576,shaman,restoration,18,6,12
37161,Patsham,wildhammer,576,shaman,restoration,18,6,12
37162,Tâkeda,blackmoore,576,shaman,restoration,18,6,12
37163,Kyaz,ravencrest,575,shaman,restoration,12,6,6
37164,Shazefin,twisting-nether,575,shaman,restoration,12,6,6
37165,Bíllý,onyxia,575,shaman,restoration,12,6,6
37166,Sjearthen,defias-brotherhood,575,shaman,restoration,12,6,6
37167,Sikro,frostwolf,575,shaman,restoration,12,6,6
37168,Cadierno,argent-dawn,575,shaman,restoration,12,6,6
37169,Безрукан,howling-fjord,575,shaman,restoration,12,6,6
37170,Stortvloed,twisting-nether,575,shaman,restoration,12,6,6
37171,Pakasschami,frostwolf,575,shaman,restoration,12,6,6
37172,Aesonis,kazzak,575,shaman,restoration,14,6,8
37173,Турелька,blackscar,575,shaman,restoration,18,6,12
37174,Аскирия,soulflayer,575,shaman,restoration,18,6,12
37175,Kalvei,draenor,575,shaman,restoration,18,6,12
37176,Lorthargol,chamber-of-aspects,575,shaman,restoration,18,6,12
37177,Liferqt,nemesis,575,shaman,restoration,18,6,12
37178,Джусипуси,gordunni,575,shaman,restoration,18,6,12
37179,Mystico,sanguino,575,shaman,restoration,18,6,12
37180,Tidushears,thrall,574,shaman,restoration,12,6,6
37181,Turbokrapka,tarren-mill,574,shaman,restoration,12,6,6
37182,Kongapenes,tarren-mill,574,shaman,restoration,12,6,6
37183,Ftsckpower,blackhand,574,shaman,restoration,12,6,6
37184,Shadî,kiljaeden,574,shaman,restoration,12,6,6
37185,Pépón,dun-modr,574,shaman,restoration,18,6,12
37186,Notwhoheals,executus,574,shaman,restoration,18,6,12
37187,Bolski,stormreaver,573,shaman,restoration,12,6,6
37188,Dobbi,dethecus,573,shaman,restoration,12,6,6
37189,Muschi,culte-de-la-rive-noire,573,shaman,restoration,16,7,9
37190,Shammzy,mannoroth,573,shaman,restoration,24,6,18
37191,Alïsyo,nemesis,570,shaman,restoration,18,6,12
37192,Nozer,arathor,568,shaman,restoration,12,6,6
37193,Apexe,outland,544,shaman,restoration,22,6,16
37194,Ongedierte,tarren-mill,543,shaman,restoration,11,6,5
37195,Cotêaz,thrall,541,shaman,restoration,16,6,10
37196,Totemglad,drakthul,528,shaman,restoration,9,7,2
37197,Whibbler,ravencrest,528,shaman,restoration,21,7,14
37198,Randomshamx,ravencrest,527,shaman,restoration,11,6,5
37199,Razeroø,ysondre,527,shaman,restoration,11,6,5
37200,Télapou,ragnaros,527,shaman,restoration,11,6,5
37201,Манрото,soulflayer,526,shaman,restoration,9,6,3
37202,Glak,draenor,521,shaman,restoration,21,7,14
37203,Arigolds,twilights-hammer,511,shaman,restoration,11,6,5
37204,Zordox,zirkel-des-cenarius,511,shaman,restoration,16,6,10
37205,Jakesmistake,stormscale,494,shaman,restoration,11,7,4
37206,Эйвуа,gordunni,486,shaman,restoration,22,8,14
37207,Ub,garona,480,shaman,restoration,6,5,1
37208,Qwauzinator,silvermoon,480,shaman,restoration,6,5,1
37209,Antikahraman,blackrock,480,shaman,restoration,6,5,1
37210,Zetricek,drakthul,480,shaman,restoration,6,5,1
37211,Keiro,burning-blade,480,shaman,restoration,6,5,1
37212,Shamsteaks,thrall,480,shaman,restoration,6,5,1
37213,Djschamihaar,blackrock,480,shaman,restoration,6,5,1
37214,Joeexotictv,tarren-mill,480,shaman,restoration,6,5,1
37215,Meeq,deathwing,480,shaman,restoration,6,5,1
37216,Xêra,burning-legion,480,shaman,restoration,10,6,4
37217,Papaver,zirkel-des-cenarius,480,shaman,restoration,12,5,7
37218,Évileye,silvermoon,480,shaman,restoration,12,5,7
37219,Shamarco,nemesis,480,shaman,restoration,12,5,7
37220,Ghorall,ragnaros,480,shaman,restoration,12,5,7
37221,Zeewzblast,silvermoon,480,shaman,restoration,12,5,7
37222,Zæus,ragnaros,480,shaman,restoration,12,5,7
37223,Styllz,uldaman,480,shaman,restoration,12,5,7
37224,Zougzy,uldaman,480,shaman,restoration,12,5,7
37225,Asschick,outland,480,shaman,restoration,12,5,7
37226,Totemiclol,aegwynn,480,shaman,restoration,12,5,7
37227,Markboymint,earthen-ring,480,shaman,restoration,12,5,7
37228,Tooltip,tarren-mill,480,shaman,restoration,12,5,7
37229,Flandersx,ravencrest,480,shaman,restoration,12,5,7
37230,Riptidegodx,archimonde,480,shaman,restoration,12,5,7
37231,Ravenshock,bloodfeather,480,shaman,restoration,12,5,7
37232,Hexftw,khaz-modan,480,shaman,restoration,12,5,7
37233,Shamania,grim-batol,480,shaman,restoration,12,5,7
37234,Cheerz,ravencrest,480,shaman,restoration,12,5,7
37235,Egor,alakir,480,shaman,restoration,12,5,7
37236,Sliiderr,draenor,480,shaman,restoration,12,5,7
37237,Daboo,the-venture-co,480,shaman,restoration,12,5,7
37238,Nevagonalink,archimonde,480,shaman,restoration,12,5,7
37239,Бьерн,deepholm,480,shaman,restoration,12,5,7
37240,Hakunax,twisting-nether,480,shaman,restoration,12,5,7
37241,Tigo,tarren-mill,480,shaman,restoration,12,5,7
37242,Kempfer,blackrock,480,shaman,restoration,12,5,7
37243,Leafplsx,blackrock,480,shaman,restoration,12,5,7
37244,Nùggets,garona,480,shaman,restoration,12,5,7
37245,Sojee,ysondre,480,shaman,restoration,12,5,7
37246,Kïtten,tarren-mill,480,shaman,restoration,12,5,7
37247,Lumière,alonsus,480,shaman,restoration,12,5,7
37248,Uanl,stormscale,480,shaman,restoration,12,5,7
37249,Kemmi,dalaran,480,shaman,restoration,12,5,7
37250,Aeknor,ravencrest,480,shaman,restoration,12,5,7
37251,Qishwilu,ravencrest,480,shaman,restoration,12,5,7
37252,Evííl,tarren-mill,480,shaman,restoration,12,5,7
37253,Lontarsdaddy,twisting-nether,480,shaman,restoration,12,5,7
37254,Windie,drakthul,480,shaman,restoration,12,5,7
37255,Thyeori,stormscale,480,shaman,restoration,12,5,7
37256,Volwerin,blackhand,480,shaman,restoration,12,5,7
37257,Burrowabuser,nemesis,480,shaman,restoration,12,5,7
37258,Mbx,ravencrest,480,shaman,restoration,12,5,7
37259,Unleashme,sylvanas,480,shaman,restoration,12,5,7
37260,Caliqueños,sanguino,480,shaman,restoration,12,5,7
37261,Libano,archimonde,480,shaman,restoration,12,5,7
37262,Hogmodig,tarren-mill,480,shaman,restoration,12,5,7
37263,Jakeir,auchindoun,480,shaman,restoration,12,5,7
37264,Adzkímo,tarren-mill,480,shaman,restoration,12,5,7
37265,Demeri,blackrock,480,shaman,restoration,12,5,7
37266,Tobbey,tarren-mill,480,shaman,restoration,12,5,7
37267,Jedsham,stormscale,480,shaman,restoration,12,5,7
37268,Biçi,steamwheedle-cartel,480,shaman,restoration,12,5,7
37269,Beoka,dun-modr,480,shaman,restoration,15,6,9
37270,Селфлессх,soulflayer,480,shaman,restoration,18,5,13
37271,Elepumper,outland,480,shaman,restoration,18,5,13
37272,Energised,alonsus,480,shaman,restoration,18,5,13
37273,Кенниарт,howling-fjord,480,shaman,restoration,18,5,13
37274,Slasket,bloodscalp,480,shaman,restoration,18,5,13
37275,Максибончик,soulflayer,480,shaman,restoration,18,5,13
37276,Bruho,mazrigos,480,shaman,restoration,18,5,13
37277,Nêgan,ravencrest,480,shaman,restoration,22,5,17
37278,Quiec,kazzak,480,shaman,restoration,24,5,19
37279,Savan,darkspear,480,shaman,restoration,24,5,19
37280,Rawtex,draenor,480,shaman,restoration,26,5,21
37281,Iebaznis,draenor,479,shaman,restoration,6,5,1
37282,Scamander,draenor,479,shaman,restoration,8,5,3
37283,Kyousek,drakthul,479,shaman,restoration,12,5,7
37284,Babyboomz,bronze-dragonflight,479,shaman,restoration,12,5,7
37285,Joaléine,khaz-modan,479,shaman,restoration,12,5,7
37286,Amnistia,ragnaros,479,shaman,restoration,12,5,7
37287,Donnerbubele,aegwynn,479,shaman,restoration,12,5,7
37288,Weho,kazzak,479,shaman,restoration,12,5,7
37289,Manolaz,kazzak,479,shaman,restoration,12,5,7
37290,Axéron,blackhand,479,shaman,restoration,12,5,7
37291,Obêlixx,blackmoore,479,shaman,restoration,12,5,7
37292,Sakar,auchindoun,479,shaman,restoration,12,5,7
37293,Gelaende,thrall,479,shaman,restoration,12,5,7
37294,Scoobsz,thrall,479,shaman,restoration,15,5,10
37295,Rusbeermen,silvermoon,479,shaman,restoration,24,5,19
37296,Darthshox,outland,478,shaman,restoration,16,6,10
37297,Rixxa,stormscale,478,shaman,restoration,18,5,13
37298,Jotuna,argent-dawn,478,shaman,restoration,18,5,13
37299,Thrallallero,pozzo-delleternità,477,shaman,restoration,12,5,7
37300,Porch,doomhammer,476,shaman,restoration,12,5,7
37301,Killhorn,malganis,474,shaman,restoration,12,5,7
37302,Wanryoku,kaelthas,472,shaman,restoration,12,5,7
37303,Shamanarama,sylvanas,463,shaman,restoration,23,5,18
37304,Eniesz,archimonde,447,shaman,restoration,14,6,8
37305,Kortgat,kilrogg,431,shaman,restoration,11,5,6
37306,Mitica,ravencrest,426,shaman,restoration,14,7,7
37307,Shamakerr,tarren-mill,426,shaman,restoration,17,7,10
37308,Äppelpaj,earthen-ring,426,shaman,restoration,15,6,9
37309,Shamtime,aegwynn,425,shaman,restoration,14,6,8
37310,Ulrichh,twisting-nether,415,shaman,restoration,8,5,3
37311,Blixtlasse,magtheridon,400,shaman,restoration,13,5,8
37312,Доргорн,grom,396,shaman,restoration,11,5,6
37313,Электро,thermaplugg,384,shaman,restoration,6,4,2
37314,Kundt,dalaran,384,shaman,restoration,6,4,2
37315,Zyrou,arthas,384,shaman,restoration,6,4,2
37316,Imdax,hyjal,384,shaman,restoration,6,4,2
37317,Bandulski,twisting-nether,384,shaman,restoration,6,4,2
37318,Громкеш,howling-fjord,384,shaman,restoration,6,4,2
37319,Shàyâ,ysondre,384,shaman,restoration,6,4,2
37320,Artîe,archimonde,384,shaman,restoration,6,4,2
37321,Toasterbread,kazzak,384,shaman,restoration,6,4,2
37322,Hamuksha,nerathor,384,shaman,restoration,6,4,2
37323,Eaglhex,silvermoon,384,shaman,restoration,6,4,2
37324,Blyxuhm,argent-dawn,384,shaman,restoration,6,4,2
37325,Waterboy,tarren-mill,384,shaman,restoration,6,4,2
37326,Thriveqt,nemesis,384,shaman,restoration,6,4,2
37327,Volvíc,tichondrius,384,shaman,restoration,6,4,2
37328,Tsugu,kazzak,384,shaman,restoration,6,4,2
37329,Prup,tarren-mill,384,shaman,restoration,6,4,2
37330,Тимтярра,gordunni,384,shaman,restoration,6,4,2
37331,Flùffy,nemesis,384,shaman,restoration,6,4,2
37332,Trixsham,ragnaros,384,shaman,restoration,6,4,2
37333,Crymemore,stormscale,384,shaman,restoration,6,4,2
37334,Zalamlól,kazzak,384,shaman,restoration,6,4,2
37335,Cuchullaín,blackmoore,384,shaman,restoration,6,4,2
37336,Glóbal,sylvanas,384,shaman,restoration,6,4,2
37337,Хотдевил,gordunni,384,shaman,restoration,6,4,2
37338,Стамма,borean-tundra,384,shaman,restoration,6,4,2
37339,Sakulis,ravencrest,384,shaman,restoration,6,4,2
37340,Salsissimous,azjolnerub,384,shaman,restoration,6,4,2
37341,Modder,ragnaros,384,shaman,restoration,6,4,2
37342,Bluetide,ravencrest,384,shaman,restoration,6,4,2
37343,Фредуизли,howling-fjord,384,shaman,restoration,6,4,2
37344,Pank,kazzak,384,shaman,restoration,6,4,2
37345,Onionz,stormreaver,384,shaman,restoration,6,4,2
37346,Kekke,uldum,384,shaman,restoration,6,4,2
37347,Yozgatlilan,aegwynn,384,shaman,restoration,6,4,2
37348,Xabat,nemesis,384,shaman,restoration,6,4,2
37349,Keräx,cthun,384,shaman,restoration,6,4,2
37350,Grimn,burning-legion,384,shaman,restoration,6,4,2
37351,Johnnysîns,blackhand,384,shaman,restoration,6,4,2
37352,Снобу,gordunni,384,shaman,restoration,6,4,2
37353,Leyliner,blackhand,384,shaman,restoration,6,4,2
37354,Criticalx,eredar,384,shaman,restoration,15,5,10
37355,Kuyamii,blackrock,384,shaman,restoration,12,4,8
37356,Serasol,sylvanas,384,shaman,restoration,12,4,8
37357,Девлиниум,fordragon,384,shaman,restoration,12,4,8
37358,Lanze,blackrock,384,shaman,restoration,12,4,8
37359,Vey,hyjal,384,shaman,restoration,12,4,8
37360,Saksyl,zuljin,384,shaman,restoration,12,4,8
37361,Bigfatjay,stormscale,384,shaman,restoration,12,4,8
37362,Kaffekask,stormscale,384,shaman,restoration,12,4,8
37363,Smahamtwo,stormscale,384,shaman,restoration,12,4,8
37364,Shamdren,outland,384,shaman,restoration,12,4,8
37365,Кайрн,gordunni,384,shaman,restoration,12,4,8
37366,ßiggie,garona,384,shaman,restoration,12,4,8
37367,Zyphiz,twisting-nether,384,shaman,restoration,12,4,8
37368,Kerfo,ragnaros,384,shaman,restoration,12,4,8
37369,Sempaihentai,draenor,384,shaman,restoration,12,4,8
37370,Wagaluu,ravencrest,384,shaman,restoration,12,4,8
37371,Ранняяпташка,soulflayer,384,shaman,restoration,12,4,8
37372,Pasjeop,ravencrest,384,shaman,restoration,12,4,8
37373,Seyfüce,archimonde,384,shaman,restoration,12,4,8
37374,Bolg,veklor,384,shaman,restoration,12,4,8
37375,Maluch,burning-legion,384,shaman,restoration,12,4,8
37376,Kashnar,tarren-mill,384,shaman,restoration,12,4,8
37377,Pyrotoad,blackmoore,384,shaman,restoration,12,4,8
37378,Энхай,azuregos,384,shaman,restoration,12,4,8
37379,Lavababe,blackmoore,384,shaman,restoration,12,4,8
37380,Drakamaa,ravencrest,384,shaman,restoration,12,4,8
37381,Joeashock,ragnaros,384,shaman,restoration,12,4,8
37382,Iphosham,twisting-nether,384,shaman,restoration,12,4,8
37383,Enkou,blackmoore,384,shaman,restoration,12,4,8
37384,Porke,moonglade,384,shaman,restoration,12,4,8
37385,Gharn,sanguino,384,shaman,restoration,12,4,8
37386,Voodz,nathrezim,384,shaman,restoration,12,4,8
37387,Abdegor,burning-legion,384,shaman,restoration,12,4,8
37388,Zídané,antonidas,384,shaman,restoration,12,4,8
37389,Tteïl,archimonde,384,shaman,restoration,12,4,8
37390,Меготип,deathweaver,384,shaman,restoration,12,4,8
37391,Keén,burning-legion,384,shaman,restoration,12,4,8
37392,Archsha,burning-legion,384,shaman,restoration,12,4,8
37393,Daklickshamy,blackmoore,384,shaman,restoration,12,4,8
37394,Ohheck,outland,384,shaman,restoration,18,4,14
37395,Wtbtoes,ravencrest,384,shaman,restoration,18,4,14
37396,Bioleta,twisting-nether,384,shaman,restoration,18,4,14
37397,Læh,archimonde,384,shaman,restoration,18,4,14
37398,Kledorchick,twisting-nether,384,shaman,restoration,21,4,17
37399,Frosthamer,ragnaros,383,shaman,restoration,6,4,2
37400,Grøzel,illidan,383,shaman,restoration,6,4,2
37401,Duodin,defias-brotherhood,383,shaman,restoration,6,4,2
37402,Sleyvarian,chamber-of-aspects,383,shaman,restoration,12,4,8
37403,Cisd,tarren-mill,383,shaman,restoration,12,4,8
37404,Raiñdrops,silvermoon,382,shaman,restoration,6,4,2
37405,Slippyjim,azshara,382,shaman,restoration,12,4,8
37406,Koko,frostwhisper,382,shaman,restoration,12,4,8
37407,Avatarroku,blackhand,382,shaman,restoration,12,4,8
37408,Bunnîe,kazzak,381,shaman,restoration,12,4,8
37409,Icytide,kazzak,378,shaman,restoration,18,7,11
37410,Mycameltotem,ravencrest,372,shaman,restoration,26,8,18
37411,Lillitthya,elune,363,shaman,restoration,11,4,7
37412,Groundcslol,kazzak,351,shaman,restoration,8,5,3
37413,Zboubii,archimonde,351,shaman,restoration,17,4,13
37414,Katzubushi,pozzo-delleternità,345,shaman,restoration,20,5,15
37415,Agatiø,dun-modr,330,shaman,restoration,7,5,2
37416,Schamitwo,twisting-nether,319,shaman,restoration,5,4,1
37417,Murog,dalaran,319,shaman,restoration,8,4,4
37418,Abalenn,kazzak,288,shaman,restoration,6,3,3
37419,Votie,tarren-mill,288,shaman,restoration,6,3,3
37420,Richtigfies,kazzak,288,shaman,restoration,6,3,3
37421,Елемчикх,gordunni,288,shaman,restoration,6,3,3
37422,Kalinn,sylvanas,288,shaman,restoration,6,3,3
37423,Diffrinity,tarren-mill,288,shaman,restoration,6,3,3
37424,Shamamamin,argent-dawn,288,shaman,restoration,6,3,3
37425,Muddy,argent-dawn,288,shaman,restoration,6,3,3
37426,Cøkka,hyjal,288,shaman,restoration,6,3,3
37427,Ragnesch,aegwynn,288,shaman,restoration,6,3,3
37428,Crazywitcho,archimonde,288,shaman,restoration,6,3,3
37429,Corlysvelary,doomhammer,288,shaman,restoration,6,3,3
37430,Моралсидней,blackscar,288,shaman,restoration,6,3,3
37431,Ханикс,blackscar,288,shaman,restoration,6,3,3
37432,Blboz,grim-batol,288,shaman,restoration,6,3,3
37433,Downiesham,kazzak,288,shaman,restoration,6,3,3
37434,Shamatto,nemesis,288,shaman,restoration,6,3,3
37435,Flameshock,tarren-mill,288,shaman,restoration,6,3,3
37436,Bingo,tarren-mill,288,shaman,restoration,6,3,3
37437,Shohmon,silvermoon,288,shaman,restoration,6,3,3
37438,Видсон,soulflayer,288,shaman,restoration,6,3,3
37439,Róbbàn,agamaggan,288,shaman,restoration,6,3,3
37440,Вэллкомм,gordunni,288,shaman,restoration,6,3,3
37441,Ticutashaman,argent-dawn,288,shaman,restoration,6,3,3
37442,Бриз,blackscar,288,shaman,restoration,6,3,3
37443,Кхуздуфар,blackscar,288,shaman,restoration,6,3,3
37444,Артэкриошам,soulflayer,288,shaman,restoration,6,3,3
37445,Toteemikylpy,argent-dawn,288,shaman,restoration,6,3,3
37446,Ранкодин,soulflayer,288,shaman,restoration,6,3,3
37447,Jazzcore,twisting-nether,288,shaman,restoration,6,3,3
37448,Majinbeb,hyjal,288,shaman,restoration,6,3,3
37449,Кураж,howling-fjord,288,shaman,restoration,6,3,3
37450,Линчон,soulflayer,288,shaman,restoration,6,3,3
37451,Misstremmers,outland,288,shaman,restoration,6,3,3
37452,Гарантииный,lich-king,288,shaman,restoration,6,3,3
37453,Cristhor,nemesis,288,shaman,restoration,6,3,3
37454,Vaîjîn,aegwynn,288,shaman,restoration,6,3,3
37455,Totemboyuk,tarren-mill,288,shaman,restoration,6,3,3
37456,Wealey,drakthul,288,shaman,restoration,6,3,3
37457,Snakeeyéss,kazzak,288,shaman,restoration,6,3,3
37458,Ýípìÿøû,dun-modr,288,shaman,restoration,6,3,3
37459,Tarzh,dalaran,288,shaman,restoration,6,3,3
37460,Oldmanrena,stormscale,288,shaman,restoration,6,3,3
37461,Bûttâ,archimonde,288,shaman,restoration,6,3,3
37462,Tenror,ragnaros,288,shaman,restoration,6,3,3
37463,Nohealtilt,stormscale,288,shaman,restoration,6,3,3
37464,Rna,ragnaros,288,shaman,restoration,6,3,3
37465,Zapyboye,grim-batol,288,shaman,restoration,6,3,3
37466,Jäckö,archimonde,288,shaman,restoration,6,3,3
37467,Haract,outland,288,shaman,restoration,6,3,3
37468,Goldou,archimonde,288,shaman,restoration,6,3,3
37469,Stibs,silvermoon,288,shaman,restoration,6,3,3
37470,Keb,gorgonnash,288,shaman,restoration,6,3,3
37471,Shivanea,blackrock,288,shaman,restoration,6,3,3
37472,Stinkyfînger,draenor,288,shaman,restoration,6,3,3
37473,Brandbombe,frostwolf,288,shaman,restoration,6,3,3
37474,Слишкомплох,howling-fjord,288,shaman,restoration,6,3,3
37475,Gemexi,kazzak,288,shaman,restoration,6,3,3
37476,Rndshaman,thrall,288,shaman,restoration,6,3,3
37477,Ønepåc,hyjal,288,shaman,restoration,6,3,3
37478,Rkeev,blackrock,288,shaman,restoration,6,3,3
37479,Origins,archimonde,288,shaman,restoration,6,3,3
37480,Bandiitti,darksorrow,288,shaman,restoration,6,3,3
37481,Chainbeef,blackmoore,288,shaman,restoration,6,3,3
37482,Shamoobob,archimonde,288,shaman,restoration,6,3,3
37483,Драмкул,soulflayer,288,shaman,restoration,6,3,3
37484,Faìnt,stormscale,288,shaman,restoration,6,3,3
37485,Balúr,thrall,288,shaman,restoration,6,3,3
37486,Soulsh,die-ewige-wacht,288,shaman,restoration,6,3,3
37487,Asstroy,sanguino,288,shaman,restoration,6,3,3
37488,Kimunamatata,draenor,288,shaman,restoration,6,3,3
37489,Oroastbeef,archimonde,288,shaman,restoration,6,3,3
37490,Horkxina,frostmourne,288,shaman,restoration,6,3,3
37491,Shànnón,kazzak,288,shaman,restoration,6,3,3
37492,Bharudor,antonidas,288,shaman,restoration,6,3,3
37493,Søljar,draenor,288,shaman,restoration,6,3,3
37494,Ïllïïllïï,shadowsong,288,shaman,restoration,6,3,3
37495,Eslu,blackhand,288,shaman,restoration,6,3,3
37496,Prepegahex,blackmoore,288,shaman,restoration,6,3,3
37497,Surge,darksorrow,288,shaman,restoration,6,3,3
37498,Happyjuice,silvermoon,288,shaman,restoration,12,3,9
37499,Ríleyx,twisting-nether,288,shaman,restoration,12,3,9
37500,Shamerific,magtheridon,288,shaman,restoration,12,3,9
37501,Kandrox,blackmoore,288,shaman,restoration,12,3,9
37502,Madrävëngodx,ragnaros,288,shaman,restoration,12,3,9
37503,Колбаскофф,gordunni,288,shaman,restoration,12,3,9
37504,Thísisrestø,sanguino,288,shaman,restoration,12,3,9
37505,Thrallotido,sanguino,288,shaman,restoration,12,3,9
37506,Shamgott,silvermoon,288,shaman,restoration,12,3,9
37507,Hobblefoot,stormscale,288,shaman,restoration,12,3,9
37508,Magicflames,draenor,288,shaman,restoration,12,3,9
37509,Flameshock,area-52,288,shaman,restoration,12,3,9
37510,Krugx,draenor,288,shaman,restoration,12,3,9
37511,Aboveaverage,stormscale,288,shaman,restoration,12,3,9
37512,Mazu,spinebreaker,288,shaman,restoration,12,3,9
37513,Nixxy,magtheridon,288,shaman,restoration,12,3,9
37514,Lamarrus,malganis,288,shaman,restoration,12,3,9
37515,Carthis,silvermoon,288,shaman,restoration,12,3,9
37516,Billburr,aegwynn,288,shaman,restoration,12,3,9
37517,Shammychris,argent-dawn,288,shaman,restoration,12,3,9
37518,Hastabasta,sylvanas,288,shaman,restoration,12,3,9
37519,ßasìkz,hyjal,288,shaman,restoration,12,3,9
37520,Kuzsham,archimonde,288,shaman,restoration,12,3,9
37521,Бэкдафакапп,blackscar,288,shaman,restoration,12,3,9
37522,Pòcho,kazzak,288,shaman,restoration,17,3,14
37523,Shankka,ragnaros,288,shaman,restoration,18,3,15
37524,Áchilleus,kazzak,288,shaman,restoration,18,3,15
37525,Oggyoggyoggy,outland,288,shaman,restoration,18,3,15
37526,Cragouz,archimonde,288,shaman,restoration,18,3,15
37527,Kswíss,outland,287,shaman,restoration,6,3,3
37528,Zeiger,minahonda,287,shaman,restoration,12,3,9
37529,Deeblu,nemesis,287,shaman,restoration,12,3,9
37530,Rbghêâl,blackrock,287,shaman,restoration,18,3,15
37531,Mimsy,hyjal,285,shaman,restoration,12,3,9
37532,Shâm,kazzak,271,shaman,restoration,11,3,8
37533,Tonda,stormscale,256,shaman,restoration,4,4,0
37534,Localicious,ragnaros,255,shaman,restoration,11,3,8
37535,Crazypurgeqt,arathor,255,shaman,restoration,17,3,14
37536,Elliesham,kazzak,239,shaman,restoration,5,3,2
37537,Brigantino,burning-legion,239,shaman,restoration,5,3,2
37538,Tickly,blackhand,239,shaman,restoration,5,3,2
37539,Grübxxgg,frostmane,239,shaman,restoration,11,3,8
37540,Skoddy,blackmoore,234,shaman,restoration,8,5,3
37541,Silden,thrall,234,shaman,restoration,10,5,5
37542,Æxs,archimonde,234,shaman,restoration,8,4,4
37543,Yukîmøn,hyjal,234,shaman,restoration,11,4,7
37544,Ikó,kazzak,234,shaman,restoration,22,6,16
37545,Lycburst,twisting-nether,192,shaman,restoration,6,2,4
37546,Jacquisham,archimonde,192,shaman,restoration,6,2,4
37547,Booga,tarren-mill,192,shaman,restoration,6,2,4
37548,Herru,blackrock,192,shaman,restoration,6,2,4
37549,Agatons,twisting-nether,192,shaman,restoration,6,2,4
37550,Sablolix,ravencrest,192,shaman,restoration,6,2,4
37551,Элементаликс,ashenvale,192,shaman,restoration,6,2,4
37552,Kàji,ravencrest,192,shaman,restoration,6,2,4
37553,Narevoqi,madmortem,192,shaman,restoration,6,2,4
37554,Basegrandpa,ravencrest,192,shaman,restoration,6,2,4
37555,Guccishadezz,blackmoore,192,shaman,restoration,6,2,4
37556,Smorclelx,khadgar,192,shaman,restoration,6,2,4
37557,Nailos,dun-modr,192,shaman,restoration,6,2,4
37558,Ðiezz,ysondre,192,shaman,restoration,6,2,4
37559,Reinssay,ysondre,192,shaman,restoration,6,2,4
37560,Демианна,eversong,192,shaman,restoration,6,2,4
37561,Jsham,blackmoore,192,shaman,restoration,6,2,4
37562,Nuarishaman,kazzak,192,shaman,restoration,6,2,4
37563,Lêss,ysondre,192,shaman,restoration,6,2,4
37564,Bumbummann,blackmoore,192,shaman,restoration,6,2,4
37565,Agorasiya,frostwolf,192,shaman,restoration,6,2,4
37566,Dàazle,ravencrest,192,shaman,restoration,6,2,4
37567,Chêlëx,silvermoon,192,shaman,restoration,6,2,4
37568,Khayac,ravencrest,192,shaman,restoration,6,2,4
37569,Doflamingo,aszune,192,shaman,restoration,6,2,4
37570,Srøgg,archimonde,192,shaman,restoration,6,2,4
37571,Anteja,kazzak,192,shaman,restoration,6,2,4
37572,Hagridheals,silvermoon,192,shaman,restoration,6,2,4
37573,Joshan,frostmourne,192,shaman,restoration,6,2,4
37574,Cynmaticsx,kargath,192,shaman,restoration,6,2,4
37575,Sëídhr,arathi,192,shaman,restoration,6,2,4
37576,Тотемо,gordunni,192,shaman,restoration,6,2,4
37577,Kfcmanagerzz,archimonde,192,shaman,restoration,6,2,4
37578,Пучмек,gordunni,192,shaman,restoration,6,2,4
37579,Ghanex,tarren-mill,192,shaman,restoration,6,2,4
37580,Elektrikci,silvermoon,192,shaman,restoration,6,2,4
37581,Bavalurst,doomhammer,192,shaman,restoration,6,2,4
37582,Totemino,silvermoon,192,shaman,restoration,6,2,4
37583,Zinlay,tarren-mill,192,shaman,restoration,6,2,4
37584,Джейджона,soulflayer,192,shaman,restoration,6,2,4
37585,Renátosz,ragnaros,192,shaman,restoration,6,2,4
37586,Laftershamy,cthun,192,shaman,restoration,6,2,4
37587,Pebble,blackrock,192,shaman,restoration,6,2,4
37588,Biggucci,sylvanas,192,shaman,restoration,6,2,4
37589,Matsish,sylvanas,192,shaman,restoration,6,2,4
37590,Maybeyes,twisting-nether,192,shaman,restoration,6,2,4
37591,Smightys,kazzak,192,shaman,restoration,6,2,4
37592,Sàs,zuljin,192,shaman,restoration,6,2,4
37593,Schmamane,blutkessel,192,shaman,restoration,6,2,4
37594,Gevitomeraw,sylvanas,192,shaman,restoration,6,2,4
37595,Pip,outland,192,shaman,restoration,6,2,4
37596,Proccazu,draenor,192,shaman,restoration,6,2,4
37597,Vyrá,onyxia,192,shaman,restoration,6,2,4
37598,Medistød,draenor,192,shaman,restoration,6,2,4
37599,Rhastasha,archimonde,192,shaman,restoration,6,2,4
37600,Pûrge,tarren-mill,192,shaman,restoration,6,2,4
37601,Hóonda,twisting-nether,192,shaman,restoration,6,2,4
37602,Pumanii,silvermoon,192,shaman,restoration,6,2,4
37603,Naneunsanai,jaedenar,192,shaman,restoration,6,2,4
37604,Wåe,outland,192,shaman,restoration,6,2,4
37605,Fuchserl,aegwynn,192,shaman,restoration,6,2,4
37606,Oladoda,archimonde,192,shaman,restoration,6,2,4
37607,Lausimhaus,blackrock,192,shaman,restoration,6,2,4
37608,Боргирх,soulflayer,192,shaman,restoration,6,2,4
37609,Southpaw,kult-der-verdammten,192,shaman,restoration,6,2,4
37610,Berascendz,argent-dawn,192,shaman,restoration,6,2,4
37611,Hìrnfrost,blackrock,192,shaman,restoration,6,2,4
37612,Kuxoriu,stormscale,192,shaman,restoration,6,2,4
37613,Palarins,dalaran,192,shaman,restoration,6,2,4
37614,Shupp,stormscale,192,shaman,restoration,6,2,4
37615,Урахарочка,soulflayer,192,shaman,restoration,6,2,4
37616,Wahya,stormscale,192,shaman,restoration,6,2,4
37617,Ludiböris,kazzak,192,shaman,restoration,6,2,4
37618,Lexus,nordrassil,192,shaman,restoration,6,2,4
37619,Iziisham,outland,192,shaman,restoration,6,2,4
37620,Noxl,gorgonnash,192,shaman,restoration,6,2,4
37621,Imbahlink,draenor,192,shaman,restoration,6,2,4
37622,Rihi,twisting-nether,192,shaman,restoration,6,2,4
37623,Baboss,blutkessel,192,shaman,restoration,6,2,4
37624,Nassîî,blackhand,192,shaman,restoration,6,2,4
37625,Mikhey,archimonde,192,shaman,restoration,6,2,4
37626,Voodude,blackrock,192,shaman,restoration,6,2,4
37627,Kevox,malganis,192,shaman,restoration,6,2,4
37628,Kossborax,blackhand,192,shaman,restoration,6,2,4
37629,Ninffø,dun-modr,192,shaman,restoration,20,4,16
37630,Otuschsham,blackmoore,192,shaman,restoration,12,2,10
37631,Fatflop,sylvanas,192,shaman,restoration,12,2,10
37632,Jkoreanx,archimonde,192,shaman,restoration,12,2,10
37633,Soyun,frostwhisper,192,shaman,restoration,12,2,10
37634,Saarroo,ravencrest,192,shaman,restoration,12,2,10
37635,Masham,darkspear,192,shaman,restoration,12,2,10
37636,Muntark,thrall,192,shaman,restoration,12,2,10
37637,Ozzlac,thrall,192,shaman,restoration,12,2,10
37638,Zeltron,grim-batol,192,shaman,restoration,12,2,10
37639,Samisu,blackmoore,192,shaman,restoration,12,2,10
37640,Gïzmö,tarren-mill,192,shaman,restoration,12,2,10
37641,Epicoverlord,tarren-mill,192,shaman,restoration,12,2,10
37642,Cptnkirby,malganis,192,shaman,restoration,12,2,10
37643,Zënga,kazzak,192,shaman,restoration,12,2,10
37644,Ezpz,frostmourne,192,shaman,restoration,12,2,10
37645,Nuekx,sanguino,192,shaman,restoration,12,2,10
37646,Ekxr,kazzak,192,shaman,restoration,12,2,10
37647,Zarschu,burning-legion,192,shaman,restoration,12,2,10
37648,Wuchtzwerg,terrordar,192,shaman,restoration,18,2,16
37649,Kanuw,kilrogg,191,shaman,restoration,6,2,4
37650,Valuriya,blackhand,191,shaman,restoration,6,2,4
37651,Koothe,dun-modr,191,shaman,restoration,6,2,4
37652,Jøw,dun-modr,191,shaman,restoration,6,2,4
37653,Geishablue,defias-brotherhood,191,shaman,restoration,12,2,10
37654,Penumbrah,kazzak,191,shaman,restoration,26,2,24
37655,Андумиэль,soulflayer,190,shaman,restoration,12,2,10
37656,Krootox,sunstrider,170,shaman,restoration,18,4,14
37657,Zhangliyi,ravencrest,169,shaman,restoration,9,5,4
37658,Ghafo,norgannon,159,shaman,restoration,5,2,3
37659,Marrakei,aegwynn,159,shaman,restoration,11,2,9
37660,Nockedly,ragnaros,144,shaman,restoration,9,3,6
37661,Jecastyle,sanguino,138,shaman,restoration,8,3,5
37662,Ruzgork,nerzhul,138,shaman,restoration,9,3,6
37663,Mcgrêgor,aegwynn,138,shaman,restoration,15,4,11
37664,Volstorm,ysondre,138,shaman,restoration,12,3,9
37665,Elunaxcc,eredar,137,shaman,restoration,11,4,7
37666,Cardenus,los-errantes,137,shaman,restoration,15,3,12
37667,Belldandý,archimonde,128,shaman,restoration,4,2,2
37668,Shamaray,stormscale,127,shaman,restoration,8,2,6
37669,Cptcutíe,antonidas,96,shaman,restoration,6,1,5
37670,Nashashuk,runetotem,96,shaman,restoration,6,1,5
37671,Hotstorm,bronzebeard,96,shaman,restoration,6,1,5
37672,Cy,aszune,96,shaman,restoration,6,1,5
37673,Dvrg,antonidas,96,shaman,restoration,6,1,5
37674,Swepx,ravencrest,96,shaman,restoration,6,1,5
37675,Cupído,malganis,96,shaman,restoration,6,1,5
37676,Elchivo,blackrock,96,shaman,restoration,6,1,5
37677,Anieszka,malganis,96,shaman,restoration,6,1,5
37678,Dälon,thrall,96,shaman,restoration,6,1,5
37679,Smorcxx,kazzak,96,shaman,restoration,6,1,5
37680,Greenbo,burning-blade,96,shaman,restoration,6,1,5
37681,Aguero,aegwynn,96,shaman,restoration,6,1,5
37682,Kimpa,minahonda,96,shaman,restoration,6,1,5
37683,Bullit,zuljin,96,shaman,restoration,6,1,5
37684,Сатангодхх,howling-fjord,96,shaman,restoration,6,1,5
37685,Shoar,twisting-nether,96,shaman,restoration,6,1,5
37686,Try,zuluhed,96,shaman,restoration,6,1,5
37687,Lunarsloth,hyjal,96,shaman,restoration,6,1,5
37688,Clearwaters,tarren-mill,96,shaman,restoration,6,1,5
37689,Diabolous,drakthul,96,shaman,restoration,6,1,5
37690,Zethh,antonidas,96,shaman,restoration,6,1,5
37691,Ibicc,twisting-nether,96,shaman,restoration,6,1,5
37692,Jeezy,blackhand,96,shaman,restoration,6,1,5
37693,Cirøsham,ravencrest,96,shaman,restoration,6,1,5
37694,Касьянкочка,blackscar,96,shaman,restoration,6,1,5
37695,Reflux,outland,96,shaman,restoration,6,1,5
37696,Rahuna,darksorrow,96,shaman,restoration,6,1,5
37697,Garulf,twisting-nether,96,shaman,restoration,6,1,5
37698,Moonlanced,aegwynn,96,shaman,restoration,6,1,5
37699,Darkstrong,alakir,96,shaman,restoration,6,1,5
37700,Tinyboiler,stormscale,96,shaman,restoration,6,1,5
37701,Таззикшок,soulflayer,96,shaman,restoration,6,1,5
37702,Fuchifu,eredar,96,shaman,restoration,6,1,5
37703,Geifmeat,kazzak,96,shaman,restoration,6,1,5
37704,Eclaîr,thrall,96,shaman,restoration,6,1,5
37705,Chênoya,blackrock,96,shaman,restoration,6,1,5
37706,Xoxoheal,eredar,96,shaman,restoration,6,1,5
37707,Shammynox,draenor,96,shaman,restoration,6,1,5
37708,Sërka,cthun,96,shaman,restoration,6,1,5
37709,Zimzalabling,kazzak,96,shaman,restoration,6,1,5
37710,Efdemin,blackmoore,96,shaman,restoration,6,1,5
37711,Ниарата,greymane,96,shaman,restoration,6,1,5
37712,Jaeslin,tarren-mill,96,shaman,restoration,6,1,5
37713,Trymytotems,drakthul,96,shaman,restoration,6,1,5
37714,Фистинктотем,soulflayer,96,shaman,restoration,6,1,5
37715,Ulfuz,silvermoon,96,shaman,restoration,6,1,5
37716,Jawoburst,antonidas,96,shaman,restoration,6,1,5
37717,Proxjj,stormscale,96,shaman,restoration,6,1,5
37718,Yuimhi,sanguino,96,shaman,restoration,7,1,6
37719,Freeleys,silvermoon,96,shaman,restoration,12,1,11
37720,Anstra,colinas-pardas,96,shaman,restoration,12,1,11
37721,Ikeaboy,eredar,96,shaman,restoration,12,1,11
37722,Porre,zuljin,96,shaman,restoration,12,1,11
37723,Theodorix,silvermoon,96,shaman,restoration,12,1,11
37724,Tiamât,culte-de-la-rive-noire,96,shaman,restoration,12,1,11
37725,Akuha,dun-modr,96,shaman,restoration,12,1,11
37726,Chunkss,argent-dawn,96,shaman,restoration,12,1,11
37727,Nizty,tarren-mill,96,shaman,restoration,12,1,11
37728,Íss,cthun,96,shaman,restoration,12,1,11
37729,Hugzy,argent-dawn,96,shaman,restoration,12,1,11
37730,Kvelertak,guldan,96,shaman,restoration,18,1,17
37731,Hairball,turalyon,95,shaman,restoration,6,2,4
37732,Twotwozero,defias-brotherhood,95,shaman,restoration,6,1,5
37733,Taiki,sylvanas,90,shaman,restoration,13,4,9
37734,Jamienisme,ravencrest,79,shaman,restoration,5,1,4
37735,Bursthand,sanguino,79,shaman,restoration,11,1,10
37736,Rookwave,eredar,64,shaman,restoration,4,1,3
37737,Destrosoul,kazzak,64,shaman,restoration,4,1,3
37738,Nowái,tarren-mill,64,shaman,restoration,4,1,3
37739,Drê,daggerspine,64,shaman,restoration,4,1,3
37740,Zourhia,garona,48,shaman,restoration,3,1,2
37741,Ånný,blackmoore,42,shaman,restoration,11,3,8
37742,Oyuun,rajaxx,42,shaman,restoration,11,3,8
37743,Icanbreathe,ravencrest,42,shaman,restoration,9,2,7
37744,Pandatrials,turalyon,42,shaman,restoration,10,2,8
37745,Strikerz,aggra-português,42,shaman,restoration,11,2,9
37746,Shammez,ravencrest,42,shaman,restoration,11,2,9
37747,Drøgøs,dun-modr,42,shaman,restoration,12,2,10
37748,Etabeta,shattered-hand,31,shaman,restoration,2,1,1
37749,Rngo,blackrock,2366,shaman,elemental,120,73,47
37750,Silden,thrall,2303,shaman,elemental,121,72,49
37751,Rungõo,blackrock,2288,shaman,elemental,138,83,55
37752,Reibanit,twisting-nether,2284,shaman,elemental,147,86,61
37753,Shiggenbasta,kazzak,2255,shaman,elemental,90,52,38
37754,Proccit,blackrock,2226,shaman,elemental,90,50,40
37755,Ghostwolfgg,archimonde,2223,shaman,elemental,97,54,43
37756,Drshock,blackmoore,2220,shaman,elemental,107,56,51
37757,Mcmxcvi,ravencrest,2216,shaman,elemental,107,65,42
37758,Eupra,archimonde,2215,shaman,elemental,108,57,51
37759,Маигваза,soulflayer,2198,shaman,elemental,66,46,20
37760,Lavaole,blackrock,2185,shaman,elemental,78,42,36
37761,Connecting,hyjal,2171,shaman,elemental,108,56,52
37762,Bärtigeberta,aegwynn,2170,shaman,elemental,102,54,48
37763,Tommybanger,kazzak,2158,shaman,elemental,75,49,26
37764,Shamanazor,twisting-nether,2153,shaman,elemental,66,41,25
37765,Lexila,doomhammer,2148,shaman,elemental,305,165,140
37766,Baldcreep,blackrock,2147,shaman,elemental,54,35,19
37767,Space,stormscale,2144,shaman,elemental,126,66,60
37768,Trickful,kazzak,2136,shaman,elemental,60,42,18
37769,Edshearen,stormscale,2127,shaman,elemental,68,42,26
37770,Blyatifulday,malganis,2127,shaman,elemental,96,53,43
37771,Theglue,kilrogg,2124,shaman,elemental,60,36,24
37772,Matmodir,hyjal,2119,shaman,elemental,96,48,48
37773,Guzzelinare,tarren-mill,2115,shaman,elemental,48,30,18
37774,Smorchamp,sanguino,2110,shaman,elemental,84,44,40
37775,Uselesslaso,sanguino,2107,shaman,elemental,111,55,56
37776,Langedinho,stormscale,2091,shaman,elemental,108,57,51
37777,Båkka,ysondre,2074,shaman,elemental,54,32,22
37778,Pleasehealme,ravencrest,2067,shaman,elemental,42,33,9
37779,Autopanne,malganis,2058,shaman,elemental,72,43,29
37780,Woof,culte-de-la-rive-noire,2037,shaman,elemental,60,32,28
37781,Lavayoshi,kazzak,2026,shaman,elemental,72,48,24
37782,Mjorè,twisting-nether,2025,shaman,elemental,97,51,46
37783,Wisplol,ravencrest,2019,shaman,elemental,213,109,104
37784,Nyed,hyjal,2013,shaman,elemental,60,33,27
37785,Eyi,ambossar,2005,shaman,elemental,92,50,42
37786,Agrero,auchindoun,2004,shaman,elemental,72,39,33
37787,Punished,blackrock,2000,shaman,elemental,107,62,45
37788,Rottulos,stormrage,2000,shaman,elemental,60,33,27
37789,Ìløvêxÿú,ravencrest,1997,shaman,elemental,66,38,28
37790,Nokster,twisting-nether,1986,shaman,elemental,74,49,25
37791,Ryysham,ravencrest,1986,shaman,elemental,81,46,35
37792,Kärríegold,blackrock,1986,shaman,elemental,273,145,128
37793,Onceinalife,ambossar,1978,shaman,elemental,155,83,72
37794,Euprâ,archimonde,1964,shaman,elemental,53,31,22
37795,Haumx,blackrock,1964,shaman,elemental,90,46,44
37796,Jelvin,tarren-mill,1963,shaman,elemental,84,43,41
37797,Houmpf,hyjal,1962,shaman,elemental,60,33,27
37798,Pipousham,blackhand,1954,shaman,elemental,47,26,21
37799,Pheazka,outland,1950,shaman,elemental,71,37,34
37800,Valgø,twisting-nether,1944,shaman,elemental,163,98,65
37801,Kenaz,outland,1943,shaman,elemental,55,29,26
37802,Starelement,draenor,1938,shaman,elemental,66,30,36
37803,Mèåtbåll,ravencrest,1935,shaman,elemental,59,36,23
37804,Élé,twisting-nether,1933,shaman,elemental,60,36,24
37805,Nekhros,sargeras,1931,shaman,elemental,193,104,89
37806,Teslashock,outland,1929,shaman,elemental,48,29,19
37807,Blackyx,cthun,1921,shaman,elemental,54,35,19
37808,Suldaro,aegwynn,1913,shaman,elemental,67,36,31
37809,Owrly,stormscale,1913,shaman,elemental,108,56,52
37810,Çð,ravencrest,1909,shaman,elemental,36,20,16
37811,Matmonai,hyjal,1908,shaman,elemental,72,34,38
37812,Jøhnwick,ysondre,1901,shaman,elemental,54,27,27
37813,Raintlordx,twisting-nether,1894,shaman,elemental,30,25,5
37814,Thyeori,stormscale,1893,shaman,elemental,48,24,24
37815,Jøhnnwick,archimonde,1891,shaman,elemental,59,32,27
37816,Totemlié,ravencrest,1887,shaman,elemental,42,27,15
37817,Elegodx,ravencrest,1885,shaman,elemental,59,34,25
37818,Healyoa,blackmoore,1882,shaman,elemental,189,95,94
37819,Satisfya,ambossar,1881,shaman,elemental,268,137,131
37820,Gungo,deathwing,1880,shaman,elemental,36,20,16
37821,Midgetnatty,ravencrest,1878,shaman,elemental,59,34,25
37822,Obryss,tarren-mill,1876,shaman,elemental,36,20,16
37823,Psyku,outland,1875,shaman,elemental,42,20,22
37824,Nevershearx,blackrock,1873,shaman,elemental,48,25,23
37825,Iavalavalava,tarren-mill,1871,shaman,elemental,54,25,29
37826,Хеллбат,howling-fjord,1869,shaman,elemental,36,24,12
37827,Pxsquals,ravencrest,1867,shaman,elemental,60,36,24
37828,Cïgänää,archimonde,1862,shaman,elemental,44,26,18
37829,Monsuunibaba,tarren-mill,1861,shaman,elemental,57,31,26
37830,Borbor,argent-dawn,1858,shaman,elemental,46,23,23
37831,Flanax,hyjal,1852,shaman,elemental,78,44,34
37832,Tellý,blackmoore,1846,shaman,elemental,53,31,22
37833,Eppîx,lightnings-blade,1844,shaman,elemental,58,29,29
37834,Georgewhat,defias-brotherhood,1843,shaman,elemental,75,39,36
37835,Sajma,silvermoon,1842,shaman,elemental,57,40,17
37836,Eledelede,blackhand,1842,shaman,elemental,54,30,24
37837,Tasoro,sanguino,1840,shaman,elemental,71,34,37
37838,Paulbaniel,alonsus,1837,shaman,elemental,66,32,34
37839,Doyah,eredar,1834,shaman,elemental,54,33,21
37840,Bambustic,kazzak,1833,shaman,elemental,41,25,16
37841,Dräpàrn,sylvanas,1833,shaman,elemental,60,32,28
37842,Crazyshaman,ravencrest,1829,shaman,elemental,53,26,27
37843,Hugebuttman,silvermoon,1829,shaman,elemental,78,37,41
37844,Slogic,tarren-mill,1828,shaman,elemental,71,34,37
37845,Crespó,alakir,1827,shaman,elemental,54,25,29
37846,Transcendent,malorne,1826,shaman,elemental,84,63,21
37847,Sourens,twisting-nether,1826,shaman,elemental,92,48,44
37848,Kæzx,blackrock,1822,shaman,elemental,78,45,33
37849,Ejx,arthas,1821,shaman,elemental,52,30,22
37850,Novoz,ysondre,1819,shaman,elemental,59,31,28
37851,Raknoxye,blackrock,1816,shaman,elemental,36,28,8
37852,Murdá,ravencrest,1815,shaman,elemental,60,29,31
37853,Achtungblitz,blackrock,1813,shaman,elemental,42,33,9
37854,Штормкрашер,howling-fjord,1810,shaman,elemental,48,30,18
37855,Chamel,draenor,1808,shaman,elemental,30,19,11
37856,Kailash,defias-brotherhood,1808,shaman,elemental,54,26,28
37857,Faridstreng,blackmoore,1807,shaman,elemental,60,39,21
37858,Smorclelx,khadgar,1807,shaman,elemental,158,83,75
37859,Nykhara,sanguino,1805,shaman,elemental,54,30,24
37860,Barbarra,stormscale,1802,shaman,elemental,54,28,26
37861,Lianitus,tarren-mill,1802,shaman,elemental,58,30,28
37862,Burstraze,tarren-mill,1801,shaman,elemental,58,32,26
37863,Spajry,drakthul,1800,shaman,elemental,48,32,16
37864,Nalaadu,stormscale,1800,shaman,elemental,42,26,16
37865,Psÿkz,kazzak,1790,shaman,elemental,57,25,32
37866,Инимал,deathweaver,1788,shaman,elemental,30,19,11
37867,ßakingsoda,tarren-mill,1788,shaman,elemental,48,30,18
37868,Lavaproc,burning-legion,1787,shaman,elemental,42,25,17
37869,Pitsamestari,frostmane,1780,shaman,elemental,122,68,54
37870,Djlavaburst,malganis,1776,shaman,elemental,245,122,123
37871,Naskezz,kazzak,1776,shaman,elemental,89,42,47
37872,Suirz,dun-modr,1774,shaman,elemental,59,40,19
37873,Anqe,twisting-nether,1772,shaman,elemental,78,39,39
37874,Zaledria,argent-dawn,1770,shaman,elemental,54,35,19
37875,Fabslx,archimonde,1769,shaman,elemental,99,43,56
37876,Hothand,thrall,1764,shaman,elemental,42,21,21
37877,Volcanò,outland,1763,shaman,elemental,193,95,98
37878,Bûsta,ravencrest,1754,shaman,elemental,36,19,17
37879,Шумноватт,howling-fjord,1753,shaman,elemental,48,23,25
37880,Voydetesto,sanguino,1753,shaman,elemental,84,39,45
37881,Lilmarco,stormreaver,1751,shaman,elemental,60,28,32
37882,Rungozvs,blackrock,1745,shaman,elemental,42,25,17
37883,Earthhulk,thrall,1739,shaman,elemental,42,27,15
37884,Earthtjockis,ragnaros,1739,shaman,elemental,41,20,21
37885,Prêxy,kazzak,1737,shaman,elemental,49,22,27
37886,Карбонатрикс,soulflayer,1736,shaman,elemental,53,30,23
37887,Vivaldi,varimathras,1730,shaman,elemental,60,28,32
37888,Mezzoblu,sanguino,1729,shaman,elemental,192,103,89
37889,Ungabungha,stormscale,1728,shaman,elemental,145,82,63
37890,Hanatopikeur,grim-batol,1728,shaman,elemental,35,19,16
37891,Mishoshamana,tarren-mill,1725,shaman,elemental,48,30,18
37892,Matmons,hyjal,1721,shaman,elemental,37,18,19
37893,Seriux,twisting-nether,1717,shaman,elemental,54,36,18
37894,Jamzyshaman,emerald-dream,1713,shaman,elemental,30,19,11
37895,Totemlyhot,blackrock,1713,shaman,elemental,48,28,20
37896,Nyzo,tarren-mill,1711,shaman,elemental,36,18,18
37897,Nöyrä,argent-dawn,1710,shaman,elemental,36,25,11
37898,Xtremeshaman,blackmoore,1709,shaman,elemental,24,18,6
37899,Дашажмихекс,howling-fjord,1704,shaman,elemental,42,24,18
37900,Чойсе,deathguard,1704,shaman,elemental,102,50,52
37901,Lantbruk,twisting-nether,1703,shaman,elemental,49,28,21
37902,Farùk,ravencrest,1701,shaman,elemental,39,24,15
37903,Obesisham,outland,1699,shaman,elemental,60,24,36
37904,Vanrake,ravencrest,1697,shaman,elemental,103,60,43
37905,Lavatherapy,grim-batol,1689,shaman,elemental,66,37,29
37906,Braíntas,norgannon,1686,shaman,elemental,84,39,45
37907,Ogrodi,burning-legion,1685,shaman,elemental,54,31,23
37908,Ðreamz,kaelthas,1685,shaman,elemental,48,23,25
37909,Chênoya,blackrock,1684,shaman,elemental,73,30,43
37910,Sáàd,ravencrest,1681,shaman,elemental,42,20,22
37911,Kohnân,hyjal,1676,shaman,elemental,66,33,33
37912,Xorron,archimonde,1674,shaman,elemental,119,55,64
37913,Zest,hyjal,1672,shaman,elemental,53,26,27
37914,Xelphia,frostmane,1670,shaman,elemental,53,22,31
37915,Milotem,ysondre,1669,shaman,elemental,48,26,22
37916,Naorgot,uldaman,1669,shaman,elemental,96,44,52
37917,Козаностро,howling-fjord,1668,shaman,elemental,30,19,11
37918,Regnever,draenor,1667,shaman,elemental,125,53,72
37919,Stickix,malganis,1666,shaman,elemental,36,23,13
37920,Esal,blackrock,1665,shaman,elemental,31,21,10
37921,Smashz,stormscale,1661,shaman,elemental,81,44,37
37922,Elrayitos,shendralar,1659,shaman,elemental,114,63,51
37923,Wylly,aegwynn,1659,shaman,elemental,120,64,56
37924,Daemp,draenor,1658,shaman,elemental,24,18,6
37925,Agreró,auchindoun,1658,shaman,elemental,27,19,8
37926,Solosüper,ravencrest,1657,shaman,elemental,48,24,24
37927,Kapïtão,aggra-português,1656,shaman,elemental,48,27,21
37928,Lavalava,blackmoore,1656,shaman,elemental,60,33,27
37929,Мэморисс,gordunni,1652,shaman,elemental,44,23,21
37930,Hotsincezero,archimonde,1651,shaman,elemental,53,36,17
37931,Deeck,ravencrest,1651,shaman,elemental,83,53,30
37932,Malybou,ysondre,1651,shaman,elemental,36,18,18
37933,Электро,thermaplugg,1648,shaman,elemental,47,24,23
37934,Sunsong,twisting-nether,1642,shaman,elemental,54,30,24
37935,Axahavregryn,kazzak,1640,shaman,elemental,66,40,26
37936,Urshak,alleria,1639,shaman,elemental,36,24,12
37937,Zaarok,voljin,1639,shaman,elemental,91,41,50
37938,Liluzivert,mannoroth,1638,shaman,elemental,77,40,37
37939,Targoel,blackmoore,1638,shaman,elemental,73,35,38
37940,Reignisover,silvermoon,1637,shaman,elemental,51,32,19
37941,Кирагаз,gordunni,1637,shaman,elemental,64,32,32
37942,Dakyele,ravencrest,1636,shaman,elemental,35,20,15
37943,Thorleíf,silvermoon,1636,shaman,elemental,90,42,48
37944,Wàve,stormscale,1633,shaman,elemental,42,21,21
37945,Proccq,twisting-nether,1632,shaman,elemental,34,18,16
37946,Tteïl,archimonde,1629,shaman,elemental,54,30,24
37947,Rrtyui,twisting-nether,1628,shaman,elemental,30,17,13
37948,Shåmssagat,kazzak,1627,shaman,elemental,36,17,19
37949,Huyø,stormscale,1625,shaman,elemental,90,40,50
37950,Davinshhe,kazzak,1623,shaman,elemental,48,21,27
37951,Testpapi,twisting-nether,1618,shaman,elemental,75,42,33
37952,Microb,blackmoore,1617,shaman,elemental,54,29,25
37953,Zengã,kazzak,1616,shaman,elemental,59,24,35
37954,Vamali,draenor,1614,shaman,elemental,48,23,25
37955,Basiletta,hyjal,1613,shaman,elemental,49,34,15
37956,Bigfrigid,outland,1613,shaman,elemental,48,23,25
37957,Ânuk,blackrock,1612,shaman,elemental,162,78,84
37958,Ангустиа,galakrond,1610,shaman,elemental,29,20,9
37959,Kemurus,kazzak,1610,shaman,elemental,77,42,35
37960,Афтршок,soulflayer,1610,shaman,elemental,45,22,23
37961,Oneßuttøn,ravencrest,1609,shaman,elemental,42,20,22
37962,Кислаябуба,howling-fjord,1606,shaman,elemental,36,17,19
37963,Aviciix,sanguino,1605,shaman,elemental,84,36,48
37964,Drainergødx,ragnaros,1604,shaman,elemental,54,29,25
37965,Vorteas,burning-blade,1603,shaman,elemental,36,20,16
37966,Chinozukems,sanguino,1602,shaman,elemental,36,20,16
37967,Mcbloob,kazzak,1602,shaman,elemental,70,36,34
37968,Adamyo,stormscale,1598,shaman,elemental,36,17,19
37969,Thriveqt,nemesis,1598,shaman,elemental,48,19,29
37970,Murmelï,stormreaver,1597,shaman,elemental,24,18,6
37971,Neotrax,outland,1597,shaman,elemental,78,41,37
37972,Elektron,malganis,1597,shaman,elemental,90,46,44
37973,Jâydizzle,draenor,1594,shaman,elemental,101,42,59
37974,Shamatto,nemesis,1593,shaman,elemental,58,37,21
37975,Løun,archimonde,1588,shaman,elemental,66,36,30
37976,Zðhan,azshara,1586,shaman,elemental,55,27,28
37977,Гудлаик,soulflayer,1584,shaman,elemental,58,32,26
37978,Essneces,burning-legion,1583,shaman,elemental,42,23,19
37979,Porthex,kazzak,1582,shaman,elemental,30,18,12
37980,Kankxx,stormscale,1580,shaman,elemental,30,18,12
37981,Мистеркутёж,gordunni,1580,shaman,elemental,88,46,42
37982,Sházz,dun-modr,1578,shaman,elemental,41,21,20
37983,Anøüchkä,ysondre,1575,shaman,elemental,48,24,24
37984,Shibol,ravencrest,1575,shaman,elemental,55,26,29
37985,Brugdar,tarren-mill,1574,shaman,elemental,30,22,8
37986,Shammyammy,tarren-mill,1574,shaman,elemental,111,61,50
37987,Twiva,silvermoon,1572,shaman,elemental,76,45,31
37988,Blízzilassø,malygos,1572,shaman,elemental,179,93,86
37989,Ezala,blackhand,1571,shaman,elemental,48,26,22
37990,Haasshaman,ravencrest,1568,shaman,elemental,109,47,62
37991,Гивми,blackscar,1567,shaman,elemental,40,21,19
37992,Касикандрэра,soulflayer,1565,shaman,elemental,238,127,111
37993,Robofat,ravencrest,1564,shaman,elemental,36,21,15
37994,Magnetoe,ravencrest,1564,shaman,elemental,105,57,48
37995,Тессельхоф,howling-fjord,1564,shaman,elemental,46,23,23
37996,Зэстус,soulflayer,1559,shaman,elemental,42,22,20
37997,Òoòoòoòoòoòo,silvermoon,1559,shaman,elemental,54,24,30
37998,Shocknrun,sylvanas,1559,shaman,elemental,42,18,24
37999,Harod,suramar,1558,shaman,elemental,66,34,32
38000,Hapkin,defias-brotherhood,1558,shaman,elemental,54,27,27
38001,Gammeldunder,shattered-hand,1558,shaman,elemental,47,19,28
38002,Canjo,aegwynn,1557,shaman,elemental,69,36,33
38003,Ryhèn,stormscale,1554,shaman,elemental,30,19,11
38004,Zoomar,tarren-mill,1554,shaman,elemental,48,22,26
38005,Naphe,ysondre,1550,shaman,elemental,47,20,27
38006,Jímmy,frostwhisper,1548,shaman,elemental,54,34,20
38007,Fattmorte,hyjal,1547,shaman,elemental,27,19,8
38008,Waaghbozz,eredar,1547,shaman,elemental,66,38,28
38009,Nachtary,blackmoore,1544,shaman,elemental,59,32,27
38010,Incredibade,stormscale,1542,shaman,elemental,36,20,16
38011,Acces,stormscale,1541,shaman,elemental,36,23,13
38012,Rennji,argent-dawn,1540,shaman,elemental,48,24,24
38013,Batan,kazzak,1535,shaman,elemental,71,31,40
38014,Kilazz,twisting-nether,1531,shaman,elemental,30,16,14
38015,Yiiro,argent-dawn,1529,shaman,elemental,30,16,14
38016,Feetenjoyerx,kazzak,1529,shaman,elemental,30,16,14
38017,Gúîtårgøð,sanguino,1529,shaman,elemental,36,17,19
38018,Johncoltrane,archimonde,1525,shaman,elemental,24,18,6
38019,Valunii,lordaeron,1525,shaman,elemental,237,113,124
38020,Starpior,stormscale,1522,shaman,elemental,39,17,22
38021,Ласара,eversong,1520,shaman,elemental,42,18,24
38022,Máui,korgall,1518,shaman,elemental,96,49,47
38023,Mariomental,draenor,1517,shaman,elemental,36,16,20
38024,Fúth,ysondre,1516,shaman,elemental,52,28,24
38025,Pórçé,shattered-hand,1515,shaman,elemental,125,70,55
38026,Zna,archimonde,1513,shaman,elemental,94,48,46
38027,Belsazar,frostwolf,1511,shaman,elemental,48,20,28
38028,Muscade,silvermoon,1506,shaman,elemental,24,16,8
38029,Grende,sylvanas,1506,shaman,elemental,39,21,18
38030,Тыщатристах,howling-fjord,1505,shaman,elemental,56,38,18
38031,Милфшама,blackscar,1505,shaman,elemental,35,17,18
38032,Sgf,stormscale,1504,shaman,elemental,65,36,29
38033,Mö,ragnaros,1501,shaman,elemental,159,90,69
38034,Дестройбэйби,gordunni,1500,shaman,elemental,96,54,42
38035,Cracklord,outland,1496,shaman,elemental,36,21,15
38036,Naturexz,silvermoon,1495,shaman,elemental,32,18,14
38037,Voltyum,zuljin,1490,shaman,elemental,93,38,55
38038,Думсия,gordunni,1489,shaman,elemental,48,23,25
38039,Alèks,forscherliga,1487,shaman,elemental,98,60,38
38040,Ulfax,argent-dawn,1487,shaman,elemental,54,24,30
38041,Hotis,onyxia,1487,shaman,elemental,54,21,33
38042,Shaakez,kazzak,1476,shaman,elemental,35,17,18
38043,Couldar,stormscale,1468,shaman,elemental,30,20,10
38044,Ralokar,blackrock,1465,shaman,elemental,48,25,23
38045,Хэйзл,ashenvale,1463,shaman,elemental,74,39,35
38046,Vulcainn,marécage-de-zangar,1460,shaman,elemental,105,68,37
38047,Bigrambo,draenor,1460,shaman,elemental,41,20,21
38048,Teccatwo,outland,1458,shaman,elemental,52,28,24
38049,Гексанол,soulflayer,1457,shaman,elemental,58,30,28
38050,Шамвкроксах,gordunni,1456,shaman,elemental,36,19,17
38051,Mikecrybaby,tarren-mill,1454,shaman,elemental,36,16,20
38052,Тмх,ashenvale,1453,shaman,elemental,52,27,25
38053,Alwaysangry,silvermoon,1453,shaman,elemental,84,41,43
38054,Cloony,khaz-modan,1452,shaman,elemental,21,16,5
38055,Aureo,dun-modr,1452,shaman,elemental,28,16,12
38056,Sniffix,ysondre,1452,shaman,elemental,133,64,69
38057,Kirak,anetheron,1449,shaman,elemental,156,82,74
38058,Томёрк,gordunni,1448,shaman,elemental,118,55,63
38059,Dzielnysham,silvermoon,1447,shaman,elemental,30,18,12
38060,Faydasizsham,twisting-nether,1440,shaman,elemental,58,30,28
38061,Hemradi,blackmoore,1438,shaman,elemental,48,28,20
38062,Экслайнер,deathweaver,1438,shaman,elemental,47,19,28
38063,Lafia,blackrock,1438,shaman,elemental,78,30,48
38064,Baarona,neptulon,1434,shaman,elemental,27,17,10
38065,Thëtis,chogall,1434,shaman,elemental,28,16,12
38066,Ædshearan,blackmoore,1434,shaman,elemental,60,30,30
38067,Jacklupin,ravencrest,1434,shaman,elemental,30,15,15
38068,Ашьф,gordunni,1433,shaman,elemental,39,17,22
38069,Rekhtar,burning-legion,1430,shaman,elemental,145,81,64
38070,Nëllaqt,archimonde,1430,shaman,elemental,30,15,15
38071,Skrbkic,tarren-mill,1429,shaman,elemental,91,48,43
38072,Amanishama,twisting-nether,1426,shaman,elemental,84,46,38
38073,Aspên,archimonde,1426,shaman,elemental,30,15,15
38074,Aylar,zenedar,1424,shaman,elemental,24,15,9
38075,Ogkûshgödx,sylvanas,1423,shaman,elemental,24,15,9
38076,Lêmberger,eredar,1422,shaman,elemental,36,19,17
38077,Лартисс,howling-fjord,1417,shaman,elemental,30,15,15
38078,Xesti,twisting-nether,1414,shaman,elemental,75,39,36
38079,Sojee,ysondre,1414,shaman,elemental,42,20,22
38080,Elemefayo,outland,1410,shaman,elemental,54,28,26
38081,Tvådje,silvermoon,1407,shaman,elemental,29,16,13
38082,Gorpdorp,ravencrest,1405,shaman,elemental,164,84,80
38083,Flubberman,blackrock,1402,shaman,elemental,33,18,15
38084,Støya,archimonde,1400,shaman,elemental,48,18,30
38085,Athul,theradras,1399,shaman,elemental,49,24,25
38086,Ðãvê,veknilash,1399,shaman,elemental,42,17,25
38087,Kimpa,minahonda,1393,shaman,elemental,78,44,34
38088,Torouk,rashgarroth,1393,shaman,elemental,30,16,14
38089,Rharhahra,archimonde,1393,shaman,elemental,66,23,43
38090,Сепич,gordunni,1389,shaman,elemental,54,32,22
38091,Dawzed,hyjal,1388,shaman,elemental,30,17,13
38092,Furrymane,blackmoore,1382,shaman,elemental,51,27,24
38093,Whome,aegwynn,1377,shaman,elemental,36,19,17
38094,Rohknar,ragnaros,1374,shaman,elemental,30,17,13
38095,Fakehex,blackrock,1370,shaman,elemental,30,15,15
38096,Alfang,turalyon,1369,shaman,elemental,75,35,40
38097,Xhahal,hyjal,1364,shaman,elemental,30,21,9
38098,Chøurøx,hyjal,1358,shaman,elemental,37,21,16
38099,Rakzhaza,blackmoore,1351,shaman,elemental,36,18,18
38100,Sunraiser,blackmoore,1349,shaman,elemental,67,36,31
38101,Screwz,archimonde,1348,shaman,elemental,73,36,37
38102,Tempest,kul-tiras,1346,shaman,elemental,41,23,18
38103,Blancc,kazzak,1346,shaman,elemental,84,47,37
38104,Nowmack,archimonde,1343,shaman,elemental,18,14,4
38105,Tâsty,blackmoore,1343,shaman,elemental,24,14,10
38106,Volhalo,blackmoore,1343,shaman,elemental,24,14,10
38107,Херург,soulflayer,1342,shaman,elemental,30,14,16
38108,Élémentyum,archimonde,1342,shaman,elemental,48,22,26
38109,Dretch,dun-morogh,1341,shaman,elemental,30,14,16
38110,Horizons,the-maelstrom,1338,shaman,elemental,24,14,10
38111,Флоррэт,gordunni,1338,shaman,elemental,126,57,69
38112,Sshaasam,tarren-mill,1337,shaman,elemental,24,14,10
38113,Альтегро,blackscar,1337,shaman,elemental,55,29,26
38114,Ríleyx,twisting-nether,1335,shaman,elemental,71,44,27
38115,Fâro,dun-modr,1335,shaman,elemental,41,18,23
38116,Procc,nordrassil,1334,shaman,elemental,24,14,10
38117,Сосмыслом,howling-fjord,1334,shaman,elemental,42,18,24
38118,Raigetsu,kazzak,1330,shaman,elemental,50,27,23
38119,Saqerr,kazzak,1330,shaman,elemental,53,20,33
38120,Olawizard,draenor,1328,shaman,elemental,49,22,27
38121,Nerekiclej,ravencrest,1327,shaman,elemental,47,23,24
38122,Voymir,kazzak,1323,shaman,elemental,24,15,9
38123,Novka,eredar,1322,shaman,elemental,29,15,14
38124,Smort,frostwolf,1320,shaman,elemental,30,14,16
38125,Anubisll,hyjal,1318,shaman,elemental,24,14,10
38126,Талиесин,grom,1317,shaman,elemental,32,19,13
38127,Carusø,thrall,1315,shaman,elemental,55,34,21
38128,Bâllz,anetheron,1314,shaman,elemental,54,23,31
38129,Doneteasy,blackrock,1310,shaman,elemental,52,24,28
38130,Oldaang,ravencrest,1308,shaman,elemental,18,14,4
38131,Lechirurgien,elune,1307,shaman,elemental,144,73,71
38132,Lavamann,blackmoore,1295,shaman,elemental,42,20,22
38133,Elshifotrem,throkferoth,1293,shaman,elemental,58,31,27
38134,Dropdattotem,stormscale,1292,shaman,elemental,54,23,31
38135,Griins,ravencrest,1289,shaman,elemental,36,20,16
38136,Aldonatello,blackrock,1287,shaman,elemental,40,21,19
38137,Hatyatya,ragnaros,1284,shaman,elemental,30,16,14
38138,Крто,thermaplugg,1280,shaman,elemental,137,73,64
38139,Snusyy,ravencrest,1279,shaman,elemental,26,14,12
38140,Xfiles,garona,1278,shaman,elemental,48,24,24
38141,Onlyfansmod,uldum,1278,shaman,elemental,65,28,37
38142,Tiqle,blackmoore,1277,shaman,elemental,65,31,34
38143,Destructør,norgannon,1268,shaman,elemental,42,20,22
38144,Apolomaeuz,frostwolf,1267,shaman,elemental,53,26,27
38145,Dëlkö,ravencrest,1264,shaman,elemental,60,27,33
38146,Ulfuz,silvermoon,1263,shaman,elemental,22,14,8
38147,Zbysiu,ravencrest,1258,shaman,elemental,51,28,23
38148,Zapper,blackrock,1256,shaman,elemental,36,15,21
38149,Zanyun,burning-legion,1256,shaman,elemental,38,14,24
38150,Цет,soulflayer,1255,shaman,elemental,23,15,8
38151,Mynutz,outland,1255,shaman,elemental,54,18,36
38152,Noyá,argent-dawn,1250,shaman,elemental,42,19,23
38153,Blackyx,dun-modr,1247,shaman,elemental,18,13,5
38154,Сарцек,howling-fjord,1247,shaman,elemental,60,35,25
38155,Plazmorc,stormscale,1247,shaman,elemental,24,13,11
38156,Ludo,lothar,1246,shaman,elemental,22,14,8
38157,Kelvok,silvermoon,1246,shaman,elemental,24,13,11
38158,Ankzul,exodar,1246,shaman,elemental,50,17,33
38159,Quizx,blackrock,1245,shaman,elemental,60,25,35
38160,Fullavaids,grim-batol,1243,shaman,elemental,24,13,11
38161,Gagné,hyjal,1239,shaman,elemental,24,13,11
38162,Navyblue,sylvanas,1238,shaman,elemental,24,13,11
38163,Pawsh,dun-modr,1238,shaman,elemental,51,24,27
38164,Makgoa,ysondre,1237,shaman,elemental,18,13,5
38165,Blackmuamba,tarren-mill,1234,shaman,elemental,90,47,43
38166,Лукаджун,howling-fjord,1231,shaman,elemental,18,13,5
38167,Краоми,soulflayer,1229,shaman,elemental,18,13,5
38168,Vladraxes,draenor,1222,shaman,elemental,18,13,5
38169,Bigheal,quelthalas,1222,shaman,elemental,30,13,17
38170,Waterboi,blackmoore,1219,shaman,elemental,24,13,11
38171,Shamíz,draenor,1218,shaman,elemental,30,18,12
38172,Эфирад,blackscar,1217,shaman,elemental,103,51,52
38173,Tiamât,culte-de-la-rive-noire,1215,shaman,elemental,66,34,32
38174,Maggoshishi,blackmoore,1214,shaman,elemental,66,34,32
38175,Saarroo,ravencrest,1210,shaman,elemental,48,22,26
38176,Roxìe,blackmoore,1207,shaman,elemental,18,13,5
38177,Mòra,silvermoon,1203,shaman,elemental,44,21,23
38178,Bigboisham,outland,1202,shaman,elemental,65,28,37
38179,Bangou,archimonde,1198,shaman,elemental,61,28,33
38180,Бвансамдив,gordunni,1195,shaman,elemental,30,16,14
38181,Pvpshaman,aszune,1195,shaman,elemental,29,13,16
38182,Märthalouise,twisting-nether,1191,shaman,elemental,29,15,14
38183,Scot,blackhand,1191,shaman,elemental,29,13,16
38184,Superkee,kazzak,1190,shaman,elemental,173,89,84
38185,Valdera,dun-morogh,1189,shaman,elemental,24,14,10
38186,Magath,nethersturm,1188,shaman,elemental,36,17,19
38187,Boiblaster,argent-dawn,1182,shaman,elemental,17,13,4
38188,Scurvy,malganis,1179,shaman,elemental,128,66,62
38189,Amarök,nerzhul,1177,shaman,elemental,65,30,35
38190,Zhinjo,kazzak,1166,shaman,elemental,36,19,17
38191,Фистинктотем,soulflayer,1162,shaman,elemental,35,16,19
38192,Амброски,gordunni,1161,shaman,elemental,42,28,14
38193,Shellex,kazzak,1161,shaman,elemental,50,28,22
38194,Велгур,soulflayer,1161,shaman,elemental,50,23,27
38195,Azmerloth,outland,1152,shaman,elemental,18,12,6
38196,Neverplayele,kazzak,1151,shaman,elemental,24,12,12
38197,Nobrac,rajaxx,1150,shaman,elemental,24,12,12
38198,Haarold,sylvanas,1149,shaman,elemental,24,12,12
38199,Justweirdaf,blackmoore,1148,shaman,elemental,45,20,25
38200,Eðualc,hyjal,1147,shaman,elemental,18,12,6
38201,Qwilfish,blackmoore,1147,shaman,elemental,21,13,8
38202,Legended,tarren-mill,1147,shaman,elemental,24,12,12
38203,Beefnale,bladefist,1147,shaman,elemental,42,14,28
38204,Diaba,sylvanas,1146,shaman,elemental,24,12,12
38205,Дзод,deathweaver,1146,shaman,elemental,24,12,12
38206,Headthirst,ragnaros,1145,shaman,elemental,24,12,12
38207,Меменосный,gordunni,1144,shaman,elemental,36,15,21
38208,Skeiilz,hyjal,1142,shaman,elemental,30,12,18
38209,Unding,azshara,1138,shaman,elemental,42,12,30
38210,Boxo,frostwolf,1137,shaman,elemental,70,38,32
38211,Leash,blackmoore,1137,shaman,elemental,24,12,12
38212,Руннольв,galakrond,1137,shaman,elemental,24,12,12
38213,Bahuq,antonidas,1134,shaman,elemental,18,12,6
38214,Djent,outland,1133,shaman,elemental,24,12,12
38215,Dðt,stormscale,1126,shaman,elemental,31,14,17
38216,Bowtenstorm,ravencrest,1120,shaman,elemental,25,16,9
38217,Mohàwk,eredar,1114,shaman,elemental,36,17,19
38218,Homesickx,blackrock,1109,shaman,elemental,23,12,11
38219,Charliiejoh,stormscale,1107,shaman,elemental,56,21,35
38220,Gnark,dun-modr,1105,shaman,elemental,59,32,27
38221,Jagblade,neptulon,1094,shaman,elemental,28,14,14
38222,Озверею,goldrinn,1090,shaman,elemental,24,14,10
38223,Kneggebrot,blackmoore,1090,shaman,elemental,27,13,14
38224,Loserlol,das-syndikat,1083,shaman,elemental,42,22,20
38225,Дрекрош,howling-fjord,1071,shaman,elemental,85,34,51
38226,Pedrototem,silvermoon,1070,shaman,elemental,24,16,8
38227,Nïà,kaelthas,1069,shaman,elemental,32,13,19
38228,Fàkecast,outland,1064,shaman,elemental,34,12,22
38229,Cleandann,stormscale,1063,shaman,elemental,27,12,15
38230,Procdaddy,eredar,1063,shaman,elemental,56,15,41
38231,Thunderrbob,darkspear,1059,shaman,elemental,24,14,10
38232,Tornado,ravencrest,1056,shaman,elemental,18,11,7
38233,Øwlïshâm,archimonde,1056,shaman,elemental,18,11,7
38234,Trixxsham,twisting-nether,1056,shaman,elemental,18,11,7
38235,Replicusele,doomhammer,1056,shaman,elemental,18,11,7
38236,Retuu,uldaman,1056,shaman,elemental,24,11,13
38237,Ronfroggo,kazzak,1055,shaman,elemental,18,11,7
38238,Gojõ,dun-modr,1055,shaman,elemental,24,11,13
38239,Cismine,twisting-nether,1054,shaman,elemental,16,12,4
38240,Furthehorde,frostmane,1054,shaman,elemental,18,11,7
38241,Yraxara,draenor,1053,shaman,elemental,18,11,7
38242,Èrò,blackhand,1053,shaman,elemental,24,11,13
38243,Manaphi,arthas,1052,shaman,elemental,24,11,13
38244,Whizjy,sanguino,1051,shaman,elemental,18,11,7
38245,Louler,ragnaros,1049,shaman,elemental,24,11,13
38246,Kylas,die-ewige-wacht,1047,shaman,elemental,18,11,7
38247,Эртирон,howling-fjord,1044,shaman,elemental,24,11,13
38248,Tpainx,kazzak,1043,shaman,elemental,24,11,13
38249,Kapplos,gorgonnash,1039,shaman,elemental,23,11,12
38250,Магмарончик,gordunni,1035,shaman,elemental,60,21,39
38251,Laquium,blackmoore,1032,shaman,elemental,37,15,22
38252,Oddsocks,stormscale,1032,shaman,elemental,61,21,40
38253,Goromar,kirin-tor,1031,shaman,elemental,79,31,48
38254,Zerodown,outland,1030,shaman,elemental,30,11,19
38255,Ormanthep,hyjal,1029,shaman,elemental,18,11,7
38256,Flochy,argent-dawn,1027,shaman,elemental,53,31,22
38257,Zjindi,shattered-hand,1027,shaman,elemental,24,11,13
38258,Jumbototem,tarren-mill,1026,shaman,elemental,18,11,7
38259,Çð,twisting-nether,1023,shaman,elemental,17,11,6
38260,Thunderstryk,sylvanas,1021,shaman,elemental,60,30,30
38261,Bluéshirtguy,blackhand,1020,shaman,elemental,30,14,16
38262,Grimtol,magtheridon,1019,shaman,elemental,29,11,18
38263,Thazra,zirkel-des-cenarius,1017,shaman,elemental,26,12,14
38264,Treizelol,ysondre,1014,shaman,elemental,24,11,13
38265,Demelena,silvermoon,1003,shaman,elemental,18,11,7
38266,Ximid,doomhammer,985,shaman,elemental,155,77,78
38267,Hugzy,argent-dawn,983,shaman,elemental,41,23,18
38268,Kobeye,thrall,982,shaman,elemental,58,31,27
38269,Pararrayøs,sanguino,975,shaman,elemental,29,11,18
38270,Aslakki,turalyon,975,shaman,elemental,42,11,31
38271,Preshear,twisting-nether,960,shaman,elemental,12,10,2
38272,Shrmful,dun-modr,960,shaman,elemental,12,10,2
38273,Lavadrak,eredar,960,shaman,elemental,12,10,2
38274,Lizoo,ravencrest,960,shaman,elemental,12,10,2
38275,Elemayó,tarren-mill,960,shaman,elemental,18,10,8
38276,Strór,twisting-nether,960,shaman,elemental,18,10,8
38277,Theodorix,silvermoon,960,shaman,elemental,24,10,14
38278,Шутках,gordunni,960,shaman,elemental,24,10,14
38279,Blush,blackhand,960,shaman,elemental,27,11,16
38280,Biccon,silvermoon,959,shaman,elemental,18,10,8
38281,Dumpaman,frostmane,959,shaman,elemental,18,10,8
38282,Rawside,thrall,959,shaman,elemental,24,10,14
38283,Xereús,kazzak,959,shaman,elemental,28,11,17
38284,Blover,drakthul,958,shaman,elemental,12,10,2
38285,Naathir,magtheridon,958,shaman,elemental,18,10,8
38286,Rokils,silvermoon,958,shaman,elemental,18,10,8
38287,Rockstéady,outland,958,shaman,elemental,18,10,8
38288,Дваллинн,gordunni,958,shaman,elemental,24,10,14
38289,Kønat,blackmoore,958,shaman,elemental,24,10,14
38290,Леланай,blackscar,958,shaman,elemental,24,10,14
38291,Minasa,saurfang,958,shaman,elemental,30,10,20
38292,Lavastriker,archimonde,957,shaman,elemental,12,10,2
38293,Raïgo,hyjal,957,shaman,elemental,18,10,8
38294,Atuaßëlha,grim-batol,957,shaman,elemental,24,10,14
38295,Jazzrod,stormscale,957,shaman,elemental,24,10,14
38296,Elevlach,drakthul,957,shaman,elemental,30,10,20
38297,Гидрокорыто,gordunni,956,shaman,elemental,18,10,8
38298,Nolawii,ragnaros,955,shaman,elemental,18,10,8
38299,Klunkespiser,stormscale,955,shaman,elemental,24,10,14
38300,Gensehaut,aegwynn,955,shaman,elemental,24,10,14
38301,Unangemessen,silvermoon,951,shaman,elemental,18,10,8
38302,Chilliajin,tarren-mill,950,shaman,elemental,24,10,14
38303,Babathar,ysondre,949,shaman,elemental,24,10,14
38304,Eustodia,minahonda,948,shaman,elemental,12,10,2
38305,Блэкмаршал,howling-fjord,948,shaman,elemental,30,10,20
38306,Ххенеси,soulflayer,947,shaman,elemental,24,10,14
38307,Камам,gordunni,947,shaman,elemental,30,10,20
38308,Smorcxx,kazzak,934,shaman,elemental,30,10,20
38309,Orishimaru,blackrock,932,shaman,elemental,23,10,13
38310,Kiirø,ysondre,929,shaman,elemental,18,10,8
38311,Klicken,tarren-mill,926,shaman,elemental,17,10,7
38312,Федосик,galakrond,922,shaman,elemental,36,15,21
38313,Шоу,gordunni,906,shaman,elemental,27,11,16
38314,Monstermunch,ravencrest,903,shaman,elemental,34,11,23
38315,Tukino,burning-legion,864,shaman,elemental,12,9,3
38316,Rolftheswine,defias-brotherhood,864,shaman,elemental,12,9,3
38317,Foxxyluv,stormscale,864,shaman,elemental,12,9,3
38318,ßaraky,kazzak,864,shaman,elemental,12,9,3
38319,Kwanah,kaelthas,864,shaman,elemental,18,9,9
38320,Elvalya,archimonde,864,shaman,elemental,18,9,9
38321,Nitronigi,malganis,864,shaman,elemental,24,9,15
38322,Luzzilol,garrosh,863,shaman,elemental,18,9,9
38323,Sheamanus,ravencrest,863,shaman,elemental,18,9,9
38324,Fellatia,baelgun,863,shaman,elemental,18,9,9
38325,Рэйвантотем,soulflayer,862,shaman,elemental,18,9,9
38326,Shkook,archimonde,862,shaman,elemental,24,9,15
38327,Bunnz,kazzak,861,shaman,elemental,12,9,3
38328,Xiomora,argent-dawn,860,shaman,elemental,18,9,9
38329,Djbruggìe,bloodhoof,860,shaman,elemental,24,9,15
38330,Штормбайт,azuregos,858,shaman,elemental,12,9,3
38331,Naix,silvermoon,858,shaman,elemental,24,9,15
38332,Szvapotluk,ravencrest,857,shaman,elemental,18,9,9
38333,Zalitz,sanguino,855,shaman,elemental,18,9,9
38334,Avarela,argent-dawn,851,shaman,elemental,30,9,21
38335,Firella,the-maelstrom,815,shaman,elemental,17,9,8
38336,Незнаком,booty-bay,811,shaman,elemental,30,12,18
38337,Lavaburstx,antonidas,810,shaman,elemental,28,10,18
38338,Holdafstand,tarren-mill,798,shaman,elemental,14,9,5
38339,Rokils,tarren-mill,768,shaman,elemental,12,8,4
38340,Vygak,tarren-mill,768,shaman,elemental,12,8,4
38341,Visboer,stormscale,768,shaman,elemental,12,8,4
38342,Flam,outland,768,shaman,elemental,12,8,4
38343,Jåime,ravencrest,768,shaman,elemental,12,8,4
38344,Grapefruit,blackmoore,768,shaman,elemental,12,8,4
38345,Тагтар,howling-fjord,768,shaman,elemental,12,8,4
38346,Stromdi,azshara,768,shaman,elemental,16,9,7
38347,Nerdshockz,blackhand,768,shaman,elemental,18,8,10
38348,Thundergødx,nemesis,768,shaman,elemental,18,8,10
38349,Mehboul,hyjal,768,shaman,elemental,18,8,10
38350,Iraterrørist,kazzak,768,shaman,elemental,18,8,10
38351,Totemly,alakir,768,shaman,elemental,18,8,10
38352,Windspêaker,outland,768,shaman,elemental,18,8,10
38353,Lathisi,zenedar,768,shaman,elemental,19,8,11
38354,Lavabelly,twisting-nether,768,shaman,elemental,22,9,13
38355,Thorunir,sylvanas,768,shaman,elemental,24,8,16
38356,Hobblefoot,stormscale,767,shaman,elemental,12,8,4
38357,Yang,der-rat-von-dalaran,767,shaman,elemental,12,8,4
38358,Pakwa,drakthul,767,shaman,elemental,16,9,7
38359,Beven,stormscale,767,shaman,elemental,18,8,10
38360,Yezu,medivh,767,shaman,elemental,18,8,10
38361,Sinirli,ravencrest,767,shaman,elemental,18,8,10
38362,Смоуктли,howling-fjord,766,shaman,elemental,12,8,4
38363,Totempoo,the-maelstrom,766,shaman,elemental,12,8,4
38364,Gaerth,aggramar,766,shaman,elemental,12,8,4
38365,Kungfuali,antonidas,766,shaman,elemental,18,8,10
38366,Runetera,ravencrest,765,shaman,elemental,12,8,4
38367,Grambozz,blackrock,765,shaman,elemental,12,8,4
38368,Parthon,ravencrest,765,shaman,elemental,12,8,4
38369,Thrallotido,sanguino,765,shaman,elemental,30,8,22
38370,Шейпан,gordunni,758,shaman,elemental,12,8,4
38371,Itsnasty,blackmoore,753,shaman,elemental,18,8,10
38372,Arabesk,arygos,748,shaman,elemental,23,8,15
38373,Соленый,booty-bay,744,shaman,elemental,110,45,65
38374,Thatamazing,korgall,717,shaman,elemental,26,11,15
38375,Wacomtablet,kazzak,703,shaman,elemental,11,8,3
38376,Baschúrr,blackrock,702,shaman,elemental,17,9,8
38377,Шиока,borean-tundra,685,shaman,elemental,13,9,4
38378,Reburdacoxis,sanguino,672,shaman,elemental,12,7,5
38379,Экспатриот,greymane,672,shaman,elemental,12,7,5
38380,Bigblué,tarren-mill,672,shaman,elemental,12,7,5
38381,Isvk,ravencrest,672,shaman,elemental,12,7,5
38382,Ehlaina,outland,672,shaman,elemental,12,7,5
38383,Guccifootjob,defias-brotherhood,672,shaman,elemental,12,7,5
38384,Exxco,aegwynn,672,shaman,elemental,12,7,5
38385,Cuddleball,moonglade,672,shaman,elemental,12,7,5
38386,Jehae,archimonde,672,shaman,elemental,12,7,5
38387,Eneru,nemesis,672,shaman,elemental,12,7,5
38388,Rokils,ravencrest,672,shaman,elemental,12,7,5
38389,Bosslikex,ravencrest,672,shaman,elemental,12,7,5
38390,Dócshock,blackmoore,672,shaman,elemental,12,7,5
38391,Koífish,ravencrest,672,shaman,elemental,12,7,5
38392,Kæde,dun-morogh,672,shaman,elemental,12,7,5
38393,Гарбаджи,galakrond,672,shaman,elemental,12,7,5
38394,Dòrfy,silvermoon,672,shaman,elemental,12,7,5
38395,Hekzen,tarren-mill,672,shaman,elemental,12,7,5
38396,Thordes,forscherliga,672,shaman,elemental,12,7,5
38397,Preciousxo,auchindoun,672,shaman,elemental,12,7,5
38398,Bhargonen,silvermoon,672,shaman,elemental,12,7,5
38399,Shamandoino,wildhammer,672,shaman,elemental,12,7,5
38400,Glibbins,sylvanas,672,shaman,elemental,12,7,5
38401,Labûche,chogall,672,shaman,elemental,12,7,5
38402,Shammehboi,auchindoun,672,shaman,elemental,15,8,7
38403,Caro,tarren-mill,672,shaman,elemental,18,7,11
38404,Endry,elune,672,shaman,elemental,18,7,11
38405,Velkin,thrall,672,shaman,elemental,18,7,11
38406,Paidactor,kazzak,672,shaman,elemental,18,7,11
38407,Rexonaone,silvermoon,672,shaman,elemental,18,7,11
38408,Djogg,sunstrider,672,shaman,elemental,18,7,11
38409,Турелька,blackscar,672,shaman,elemental,18,7,11
38410,Dando,silvermoon,671,shaman,elemental,12,7,5
38411,Ruvxy,twisting-nether,671,shaman,elemental,12,7,5
38412,Dogfrog,silvermoon,671,shaman,elemental,18,7,11
38413,Drahka,kazzak,671,shaman,elemental,18,7,11
38414,Denadrios,blackhand,671,shaman,elemental,18,7,11
38415,Рокутаро,gordunni,670,shaman,elemental,12,7,5
38416,Layonne,ysondre,670,shaman,elemental,18,7,11
38417,Raoult,ravencrest,670,shaman,elemental,18,7,11
38418,Coton,grim-batol,667,shaman,elemental,12,7,5
38419,Eratore,xavius,666,shaman,elemental,18,7,11
38420,Lavalampa,magtheridon,665,shaman,elemental,12,7,5
38421,Zarakuda,magtheridon,663,shaman,elemental,34,9,25
38422,Aljorf,dun-modr,662,shaman,elemental,12,7,5
38423,Watson,conseil-des-ombres,660,shaman,elemental,18,7,11
38424,Takkenuma,hyjal,640,shaman,elemental,22,7,15
38425,Blyátmán,twisting-nether,638,shaman,elemental,14,8,6
38426,Yalac,archimonde,637,shaman,elemental,14,8,6
38427,Айвимэдисон,howling-fjord,623,shaman,elemental,17,7,10
38428,Вудвин,soulflayer,621,shaman,elemental,26,7,19
38429,Easyplay,kazzak,607,shaman,elemental,14,7,7
38430,Captaînhuge,dunemaul,576,shaman,elemental,6,6,0
38431,Lavelover,tarren-mill,576,shaman,elemental,6,6,0
38432,Trastamar,dun-modr,576,shaman,elemental,6,6,0
38433,Gomoth,kazzak,576,shaman,elemental,12,6,6
38434,Jíkkz,aegwynn,576,shaman,elemental,12,6,6
38435,Дагод,booty-bay,576,shaman,elemental,12,6,6
38436,Шлолка,gordunni,576,shaman,elemental,12,6,6
38437,Linshock,tarren-mill,576,shaman,elemental,12,6,6
38438,Shayal,defias-brotherhood,576,shaman,elemental,12,6,6
38439,Vix,argent-dawn,576,shaman,elemental,12,6,6
38440,Electronova,magtheridon,576,shaman,elemental,12,6,6
38441,Ugáa,malganis,576,shaman,elemental,12,6,6
38442,Forrak,argent-dawn,576,shaman,elemental,12,6,6
38443,Totemkahmun,kazzak,576,shaman,elemental,12,6,6
38444,Windfúhrèr,tarren-mill,576,shaman,elemental,12,6,6
38445,Реалайзер,blackscar,576,shaman,elemental,12,6,6
38446,Localicious,ragnaros,576,shaman,elemental,12,6,6
38447,Eddiemorphin,kazzak,576,shaman,elemental,12,6,6
38448,Веег,deathweaver,576,shaman,elemental,12,6,6
38449,Yzeldan,hyjal,576,shaman,elemental,12,6,6
38450,Simppe,stormreaver,576,shaman,elemental,12,6,6
38451,Kärdyo,archimonde,576,shaman,elemental,12,6,6
38452,Crysenshocks,blackrock,576,shaman,elemental,12,6,6
38453,Dsgrc,tarren-mill,576,shaman,elemental,18,6,12
38454,Mûhzala,blackmoore,576,shaman,elemental,18,6,12
38455,Inyra,eredar,576,shaman,elemental,18,6,12
38456,Krakatoa,dunemaul,576,shaman,elemental,24,6,18
38457,Бурехлест,howling-fjord,575,shaman,elemental,12,6,6
38458,Syndia,das-konsortium,575,shaman,elemental,12,6,6
38459,Dobär,madmortem,575,shaman,elemental,12,6,6
38460,Helloitsmee,thrall,575,shaman,elemental,12,6,6
38461,Lampard,magtheridon,575,shaman,elemental,17,6,11
38462,Fosterzz,ravencrest,575,shaman,elemental,18,6,12
38463,Drækthør,thrall,574,shaman,elemental,13,8,5
38464,Derblitz,baelgun,574,shaman,elemental,12,6,6
38465,Zuman,the-maelstrom,573,shaman,elemental,12,6,6
38466,Fimir,archimonde,573,shaman,elemental,12,6,6
38467,Louisvgaal,kazzak,572,shaman,elemental,12,6,6
38468,Isheartears,outland,543,shaman,elemental,11,6,5
38469,Rezervoir,bladefist,522,shaman,elemental,15,9,6
38470,Turbokrapka,tarren-mill,522,shaman,elemental,17,8,9
38471,Phobiatics,thrall,480,shaman,elemental,6,5,1
38472,Highfaî,tarren-mill,480,shaman,elemental,6,5,1
38473,Ggnore,kazzak,480,shaman,elemental,6,5,1
38474,Shaggé,tarren-mill,480,shaman,elemental,6,5,1
38475,Shambulançe,silvermoon,480,shaman,elemental,6,5,1
38476,Cylantarus,blackrock,480,shaman,elemental,6,5,1
38477,Wamah,sargeras,480,shaman,elemental,6,5,1
38478,Тандерхх,howling-fjord,480,shaman,elemental,6,5,1
38479,Jarreau,turalyon,480,shaman,elemental,6,5,1
38480,Rhonix,blackmoore,480,shaman,elemental,6,5,1
38481,Efdemin,blackmoore,480,shaman,elemental,6,5,1
38482,Bumstead,ragnaros,480,shaman,elemental,6,5,1
38483,Hexina,ragnaros,480,shaman,elemental,6,5,1
38484,Izosha,hyjal,480,shaman,elemental,6,5,1
38485,Twists,sylvanas,480,shaman,elemental,6,5,1
38486,Enamo,blackrock,480,shaman,elemental,6,5,1
38487,Squixi,tarren-mill,480,shaman,elemental,6,5,1
38488,Minimalist,stormscale,480,shaman,elemental,6,5,1
38489,Elemane,kazzak,480,shaman,elemental,6,5,1
38490,Lovelyshaman,silvermoon,480,shaman,elemental,7,5,2
38491,Stòrm,ravencrest,480,shaman,elemental,12,5,7
38492,Swapxy,outland,480,shaman,elemental,12,5,7
38493,Rykarn,eredar,480,shaman,elemental,12,5,7
38494,Coñfrico,tarren-mill,480,shaman,elemental,12,5,7
38495,Raaborio,blackmoore,480,shaman,elemental,12,5,7
38496,Amcin,stormreaver,480,shaman,elemental,12,5,7
38497,Shockleted,stormscale,480,shaman,elemental,12,5,7
38498,Синнити,blackscar,480,shaman,elemental,12,5,7
38499,Neystee,archimonde,480,shaman,elemental,12,5,7
38500,Loshohealva,stormscale,480,shaman,elemental,12,5,7
38501,Dregú,draenor,480,shaman,elemental,12,5,7
38502,Shiranoye,blackrock,480,shaman,elemental,12,5,7
38503,Cptcutíe,antonidas,480,shaman,elemental,12,5,7
38504,Бумбумпаузр,borean-tundra,480,shaman,elemental,12,5,7
38505,Наладчик,gordunni,480,shaman,elemental,12,5,7
38506,Wûcs,silvermoon,480,shaman,elemental,12,5,7
38507,Skullføck,argent-dawn,480,shaman,elemental,12,5,7
38508,Flaskmus,haomarush,480,shaman,elemental,12,5,7
38509,Bahane,frostwolf,480,shaman,elemental,15,6,9
38510,Talg,sylvanas,480,shaman,elemental,15,5,10
38511,Clickerboy,ravencrest,480,shaman,elemental,18,5,13
38512,Fûchsí,blackhand,479,shaman,elemental,6,5,1
38513,Burnprof,nethersturm,479,shaman,elemental,12,5,7
38514,Zaappyboii,azjolnerub,479,shaman,elemental,20,5,15
38515,Sinwithin,ravencrest,478,shaman,elemental,12,5,7
38516,Chispa,darkmoon-faire,447,shaman,elemental,11,5,6
38517,Disharmony,outland,426,shaman,elemental,13,6,7
38518,Blùé,tarren-mill,399,shaman,elemental,5,5,0
38519,Kraksham,ravencrest,384,shaman,elemental,6,4,2
38520,Jacc,sunstrider,384,shaman,elemental,6,4,2
38521,Zippidizap,ulduar,384,shaman,elemental,6,4,2
38522,Deepdamp,blackrock,384,shaman,elemental,6,4,2
38523,Selonthyx,ravencrest,384,shaman,elemental,6,4,2
38524,Yacuzwerg,blackrock,384,shaman,elemental,6,4,2
38525,Schamîx,blackrock,384,shaman,elemental,6,4,2
38526,Hispanoxd,sanguino,384,shaman,elemental,6,4,2
38527,Tiji,eredar,384,shaman,elemental,6,4,2
38528,Вашнюхтоптал,howling-fjord,384,shaman,elemental,6,4,2
38529,Bkdgoodz,aegwynn,384,shaman,elemental,6,4,2
38530,Windberg,ysondre,384,shaman,elemental,6,4,2
38531,Trustlemac,onyxia,384,shaman,elemental,6,4,2
38532,Chocshock,tarren-mill,384,shaman,elemental,6,4,2
38533,Shafallen,tarren-mill,384,shaman,elemental,6,4,2
38534,Teckan,tarren-mill,384,shaman,elemental,6,4,2
38535,Kévinn,draenor,384,shaman,elemental,6,4,2
38536,Euprathree,archimonde,384,shaman,elemental,6,4,2
38537,Yerlas,burning-legion,384,shaman,elemental,6,4,2
38538,Shamurky,kazzak,384,shaman,elemental,6,4,2
38539,Greenswag,drakthul,384,shaman,elemental,6,4,2
38540,Daubidaubi,kazzak,384,shaman,elemental,6,4,2
38541,Alëxx,hyjal,384,shaman,elemental,6,4,2
38542,Rahuna,darksorrow,384,shaman,elemental,6,4,2
38543,Føxï,pozzo-delleternità,384,shaman,elemental,6,4,2
38544,Pandamoniumm,moonglade,384,shaman,elemental,6,4,2
38545,Xatis,aegwynn,384,shaman,elemental,6,4,2
38546,Tóuka,uldum,384,shaman,elemental,6,4,2
38547,Sebubu,twisting-nether,384,shaman,elemental,6,4,2
38548,Jäck,ravencrest,384,shaman,elemental,12,4,8
38549,Saggrox,kazzak,384,shaman,elemental,12,4,8
38550,Rompelukt,auchindoun,384,shaman,elemental,12,4,8
38551,Chrached,kargath,384,shaman,elemental,12,4,8
38552,Rocktopus,outland,384,shaman,elemental,12,4,8
38553,Swart,hyjal,384,shaman,elemental,12,4,8
38554,Goitbate,azuremyst,384,shaman,elemental,12,4,8
38555,Zoolza,kirin-tor,384,shaman,elemental,12,4,8
38556,Terobux,culte-de-la-rive-noire,384,shaman,elemental,12,4,8
38557,Setac,stormscale,384,shaman,elemental,12,4,8
38558,Nabo,archimonde,384,shaman,elemental,12,4,8
38559,Magicmekoz,draenor,384,shaman,elemental,12,4,8
38560,Tism,stormscale,384,shaman,elemental,12,4,8
38561,Totemtilda,tarren-mill,384,shaman,elemental,12,4,8
38562,Hí,bronzebeard,384,shaman,elemental,12,4,8
38563,Вензеро,howling-fjord,384,shaman,elemental,12,4,8
38564,Xyckas,terrordar,384,shaman,elemental,12,4,8
38565,Snusy,stormscale,384,shaman,elemental,12,4,8
38566,Nùrsegemy,nemesis,384,shaman,elemental,12,4,8
38567,Eskìmo,malganis,384,shaman,elemental,12,4,8
38568,Kookaboo,blackrock,384,shaman,elemental,12,4,8
38569,Апинсмок,soulflayer,384,shaman,elemental,12,4,8
38570,Elothar,earthen-ring,384,shaman,elemental,12,4,8
38571,Momine,stormscale,384,shaman,elemental,12,4,8
38572,Réläx,kazzak,384,shaman,elemental,12,4,8
38573,Karissah,silvermoon,384,shaman,elemental,12,4,8
38574,Zokah,emeriss,383,shaman,elemental,6,4,2
38575,Zandali,tarren-mill,383,shaman,elemental,6,4,2
38576,Slk,blackrock,383,shaman,elemental,6,4,2
38577,Dudoras,doomhammer,383,shaman,elemental,18,4,14
38578,Kennyo,uldum,379,shaman,elemental,12,4,8
38579,Santy,silvermoon,352,shaman,elemental,10,4,6
38580,Khalamity,ravencrest,330,shaman,elemental,14,6,8
38581,Fotmglad,blackrock,320,shaman,elemental,10,4,6
38582,Gigawats,sylvanas,319,shaman,elemental,5,4,1
38583,ßaßystärz,hyjal,319,shaman,elemental,5,4,1
38584,Dûmah,sanguino,304,shaman,elemental,7,4,3
38585,Shamanshow,eredar,288,shaman,elemental,6,3,3
38586,Peneapunta,nemesis,288,shaman,elemental,6,3,3
38587,Peaktrim,tarren-mill,288,shaman,elemental,6,3,3
38588,Dagra,twisting-nether,288,shaman,elemental,6,3,3
38589,Dünnbier,blackhand,288,shaman,elemental,6,3,3
38590,Родохрозид,blackscar,288,shaman,elemental,6,3,3
38591,Styxsm,blackhand,288,shaman,elemental,6,3,3
38592,Amu,ravencrest,288,shaman,elemental,6,3,3
38593,Bas,nagrand,288,shaman,elemental,6,3,3
38594,Rhastafarian,stormscale,288,shaman,elemental,6,3,3
38595,Царьбер,soulflayer,288,shaman,elemental,6,3,3
38596,Allfathêr,ragnaros,288,shaman,elemental,6,3,3
38597,Ghettero,ragnaros,288,shaman,elemental,6,3,3
38598,Ananasen,eonar,288,shaman,elemental,6,3,3
38599,Jeelypink,dalaran,288,shaman,elemental,6,3,3
38600,Ironbuttrfly,magtheridon,288,shaman,elemental,6,3,3
38601,Exolnard,twisting-nether,288,shaman,elemental,6,3,3
38602,Shaulic,ravencrest,288,shaman,elemental,6,3,3
38603,Bammë,archimonde,288,shaman,elemental,6,3,3
38604,Херургх,soulflayer,288,shaman,elemental,6,3,3
38605,Hotstorm,bronzebeard,288,shaman,elemental,6,3,3
38606,Chenoyaa,blackrock,288,shaman,elemental,6,3,3
38607,Дудивтф,soulflayer,288,shaman,elemental,6,3,3
38608,Fufupartyxx,blackrock,288,shaman,elemental,6,3,3
38609,Faroh,ravencrest,288,shaman,elemental,6,3,3
38610,Symy,draenor,288,shaman,elemental,6,3,3
38611,Shamuzan,malfurion,288,shaman,elemental,6,3,3
38612,Санрэйн,soulflayer,288,shaman,elemental,6,3,3
38613,Fholst,draenor,288,shaman,elemental,6,3,3
38614,Cloudborne,draenor,288,shaman,elemental,6,3,3
38615,Whatsup,aggramar,288,shaman,elemental,6,3,3
38616,Another,hakkar,288,shaman,elemental,6,3,3
38617,Lefita,drakthul,288,shaman,elemental,6,3,3
38618,Gravépàct,blackrock,288,shaman,elemental,6,3,3
38619,Qenninka,drakthul,288,shaman,elemental,6,3,3
38620,Тотемныйчад,gordunni,288,shaman,elemental,6,3,3
38621,Begeshaman,sylvanas,288,shaman,elemental,6,3,3
38622,Putrìfy,ravencrest,288,shaman,elemental,6,3,3
38623,Tiâna,archimonde,288,shaman,elemental,6,3,3
38624,Penesecco,nemesis,288,shaman,elemental,6,3,3
38625,Bharudor,antonidas,288,shaman,elemental,6,3,3
38626,Shlby,blackrock,288,shaman,elemental,6,3,3
38627,Shoewalker,ragnaros,288,shaman,elemental,6,3,3
38628,Volvíc,tichondrius,288,shaman,elemental,6,3,3
38629,Yashëa,ysondre,288,shaman,elemental,6,3,3
38630,Neirdae,thunderhorn,288,shaman,elemental,6,3,3
38631,Vukroth,argent-dawn,288,shaman,elemental,6,3,3
38632,Khaleeya,blackmoore,288,shaman,elemental,6,3,3
38633,Mjukiz,tarren-mill,288,shaman,elemental,6,3,3
38634,Фарраон,deathguard,288,shaman,elemental,6,3,3
38635,Mawae,thrall,288,shaman,elemental,6,3,3
38636,Энхай,azuregos,288,shaman,elemental,6,3,3
38637,Pooch,archimonde,288,shaman,elemental,6,3,3
38638,Gissary,drakthul,288,shaman,elemental,6,3,3
38639,Brandbombe,frostwolf,288,shaman,elemental,6,3,3
38640,Weåfy,outland,288,shaman,elemental,6,3,3
38641,Hethne,kazzak,288,shaman,elemental,6,3,3
38642,Shamanmans,grim-batol,288,shaman,elemental,6,3,3
38643,Spruehkot,aegwynn,288,shaman,elemental,6,3,3
38644,Nightingäle,silvermoon,288,shaman,elemental,6,3,3
38645,Kónjo,kazzak,288,shaman,elemental,6,3,3
38646,Susais,outland,288,shaman,elemental,6,3,3
38647,Natureabuser,kazzak,288,shaman,elemental,6,3,3
38648,Lunarsloth,hyjal,288,shaman,elemental,6,3,3
38649,Estexxsham,kazzak,288,shaman,elemental,6,3,3
38650,Joeyexe,outland,288,shaman,elemental,6,3,3
38651,Kapristylez,outland,288,shaman,elemental,6,3,3
38652,Asiorr,silvermoon,288,shaman,elemental,6,3,3
38653,Urinja,outland,288,shaman,elemental,6,3,3
38654,Sykx,hyjal,288,shaman,elemental,6,3,3
38655,Bigpinkpig,thunderhorn,288,shaman,elemental,7,3,4
38656,Berith,spinebreaker,288,shaman,elemental,12,3,9
38657,Elemania,mugthol,288,shaman,elemental,12,3,9
38658,Jaeslin,tarren-mill,288,shaman,elemental,12,3,9
38659,Fouchin,outland,288,shaman,elemental,12,3,9
38660,Practicetwo,argent-dawn,288,shaman,elemental,12,3,9
38661,Corlysvelary,doomhammer,288,shaman,elemental,12,3,9
38662,Sayokô,grim-batol,288,shaman,elemental,12,3,9
38663,Shourx,ravencrest,288,shaman,elemental,12,3,9
38664,Samlik,antonidas,288,shaman,elemental,12,3,9
38665,Tir,auchindoun,288,shaman,elemental,12,3,9
38666,Tonto,frostmane,288,shaman,elemental,12,3,9
38667,Woolysocks,draenor,288,shaman,elemental,12,3,9
38668,Iceshockz,sylvanas,288,shaman,elemental,12,3,9
38669,Gethrok,rajaxx,288,shaman,elemental,12,3,9
38670,Qwunjin,ragnaros,288,shaman,elemental,12,3,9
38671,Champïx,archimonde,288,shaman,elemental,21,4,17
38672,Megaherz,sanguino,287,shaman,elemental,6,3,3
38673,Kcarlina,uldum,287,shaman,elemental,6,3,3
38674,Bogatyrk,twisting-nether,287,shaman,elemental,6,3,3
38675,Óõ,dun-modr,287,shaman,elemental,6,3,3
38676,Twotwozero,defias-brotherhood,286,shaman,elemental,6,3,3
38677,Zalacrass,sanguino,286,shaman,elemental,6,3,3
38678,Вещун,deathguard,284,shaman,elemental,12,3,9
38679,Mareaspibas,zuljin,239,shaman,elemental,5,3,2
38680,Stíckíx,malganis,192,shaman,elemental,4,3,1
38681,Krahg,garona,192,shaman,elemental,4,3,1
38682,Шаеман,soulflayer,192,shaman,elemental,6,2,4
38683,Joeculdacier,hyjal,192,shaman,elemental,6,2,4
38684,Гленкуллен,blackscar,192,shaman,elemental,6,2,4
38685,Vandouille,archimonde,192,shaman,elemental,6,2,4
38686,Quartodebue,nemesis,192,shaman,elemental,6,2,4
38687,Téwa,hyjal,192,shaman,elemental,6,2,4
38688,Сновидений,soulflayer,192,shaman,elemental,6,2,4
38689,Renegad,archimonde,192,shaman,elemental,6,2,4
38690,Yiyi,boulderfist,192,shaman,elemental,6,2,4
38691,Thomz,aggra-português,192,shaman,elemental,6,2,4
38692,Albatroz,the-maelstrom,192,shaman,elemental,6,2,4
38693,Purgegødxx,aegwynn,192,shaman,elemental,6,2,4
38694,Лаваяшка,gordunni,192,shaman,elemental,6,2,4
38695,Dodododfewal,stormscale,192,shaman,elemental,6,2,4
38696,Тандерхем,gordunni,192,shaman,elemental,6,2,4
38697,Ratatakéas,archimonde,192,shaman,elemental,6,2,4
38698,Драгенхз,gordunni,192,shaman,elemental,6,2,4
38699,Smashsmash,the-maelstrom,192,shaman,elemental,6,2,4
38700,Nuekx,sanguino,192,shaman,elemental,6,2,4
38701,Beletili,chogall,192,shaman,elemental,6,2,4
38702,Ishkadar,twisting-nether,192,shaman,elemental,6,2,4
38703,Cptsham,blackrock,192,shaman,elemental,6,2,4
38704,Fuzzbolt,silvermoon,192,shaman,elemental,6,2,4
38705,Amonshokz,tarren-mill,192,shaman,elemental,6,2,4
38706,Firsttime,alakir,192,shaman,elemental,6,2,4
38707,Zackyboi,tarren-mill,192,shaman,elemental,6,2,4
38708,Exílium,tarren-mill,192,shaman,elemental,6,2,4
38709,Squixi,ravencrest,192,shaman,elemental,6,2,4
38710,Mehex,tarren-mill,192,shaman,elemental,6,2,4
38711,Undae,ravencrest,192,shaman,elemental,6,2,4
38712,Garakh,argent-dawn,192,shaman,elemental,6,2,4
38713,Ahrim,argent-dawn,192,shaman,elemental,6,2,4
38714,Melliska,silvermoon,192,shaman,elemental,6,2,4
38715,Nuvet,argent-dawn,192,shaman,elemental,6,2,4
38716,Shàmeonyou,dun-morogh,192,shaman,elemental,6,2,4
38717,Kolchidyalah,la-croisade-écarlate,192,shaman,elemental,6,2,4
38718,Seyumi,draenor,192,shaman,elemental,6,2,4
38719,Bjerknes,draenor,192,shaman,elemental,6,2,4
38720,Зуфар,howling-fjord,192,shaman,elemental,6,2,4
38721,Rindenmulch,eredar,192,shaman,elemental,6,2,4
38722,Dormido,sanguino,192,shaman,elemental,6,2,4
38723,Schockolade,blackmoore,192,shaman,elemental,6,2,4
38724,Kappatotem,silvermoon,192,shaman,elemental,6,2,4
38725,Keisys,kazzak,192,shaman,elemental,6,2,4
38726,Präsi,die-aldor,192,shaman,elemental,6,2,4
38727,Apád,ragnaros,192,shaman,elemental,6,2,4
38728,Tigro,burning-legion,192,shaman,elemental,6,2,4
38729,Rok,darkspear,192,shaman,elemental,6,2,4
38730,Девлиниум,fordragon,192,shaman,elemental,6,2,4
38731,Lethal,darksorrow,192,shaman,elemental,6,2,4
38732,Macetoyaface,darksorrow,192,shaman,elemental,6,2,4
38733,Cöökiekeeper,twisting-nether,192,shaman,elemental,6,2,4
38734,Remkoo,blackrock,192,shaman,elemental,6,2,4
38735,Casterzajx,kazzak,192,shaman,elemental,6,2,4
38736,Djxyoloswag,silvermoon,192,shaman,elemental,6,2,4
38737,Nnekalol,twisting-nether,192,shaman,elemental,6,2,4
38738,Attm,twisting-nether,192,shaman,elemental,6,2,4
38739,Zinlay,tarren-mill,192,shaman,elemental,6,2,4
38740,Димасечка,galakrond,192,shaman,elemental,6,2,4
38741,Krovogor,silvermoon,192,shaman,elemental,6,2,4
38742,Rakermän,dun-modr,192,shaman,elemental,6,2,4
38743,Cloovster,magtheridon,192,shaman,elemental,6,2,4
38744,Hogmodig,tarren-mill,192,shaman,elemental,7,2,5
38745,Shockbestie,eredar,192,shaman,elemental,7,2,5
38746,Sweetcåndy,stormscale,192,shaman,elemental,12,2,10
38747,Zíp,archimonde,192,shaman,elemental,12,2,10
38748,Kossborax,blackhand,192,shaman,elemental,12,2,10
38749,Thornyberrý,outland,192,shaman,elemental,12,2,10
38750,Nakenfeigy,stormreaver,192,shaman,elemental,12,2,10
38751,Виспепешам,gordunni,192,shaman,elemental,12,2,10
38752,Eleurii,burning-blade,192,shaman,elemental,12,2,10
38753,Максобман,howling-fjord,192,shaman,elemental,12,2,10
38754,Неерззул,soulflayer,192,shaman,elemental,12,2,10
38755,Lycburst,twisting-nether,192,shaman,elemental,12,2,10
38756,Ærö,outland,192,shaman,elemental,12,2,10
38757,Zæus,ragnaros,192,shaman,elemental,12,2,10
38758,Ghostx,nemesis,192,shaman,elemental,18,2,16
38759,Kortgat,kilrogg,191,shaman,elemental,6,2,4
38760,Aspirio,ravencrest,175,shaman,elemental,11,2,9
38761,Tehpielover,bladefist,159,shaman,elemental,5,2,3
38762,Kortën,khaz-modan,159,shaman,elemental,10,2,8
38763,Amiashaman,stormscale,138,shaman,elemental,16,3,13
38764,Корсика,gordunni,128,shaman,elemental,4,2,2
38765,Thorcasso,azuremyst,96,shaman,elemental,3,2,1
38766,Zadrams,argent-dawn,96,shaman,elemental,3,2,1
38767,Bram,aggra-português,96,shaman,elemental,3,2,1
38768,Simpledream,tarren-mill,96,shaman,elemental,3,2,1
38769,Nopivøt,hyjal,96,shaman,elemental,7,2,5
38770,Пэппивкашке,howling-fjord,96,shaman,elemental,6,1,5
38771,Moglibard,grim-batol,96,shaman,elemental,6,1,5
38772,Korbas,burning-legion,96,shaman,elemental,6,1,5
38773,Vodoochild,hyjal,96,shaman,elemental,6,1,5
38774,Teslasenpai,outland,96,shaman,elemental,6,1,5
38775,Сентес,soulflayer,96,shaman,elemental,6,1,5
38776,Shamwowpow,stormscale,96,shaman,elemental,6,1,5
38777,Dizhkameduu,terokkar,96,shaman,elemental,6,1,5
38778,Vorkanyx,ysondre,96,shaman,elemental,6,1,5
38779,Формацепт,ashenvale,96,shaman,elemental,6,1,5
38780,Flurpz,outland,96,shaman,elemental,6,1,5
38781,Stiflersmôm,antonidas,96,shaman,elemental,6,1,5
38782,Fatflop,sylvanas,96,shaman,elemental,6,1,5
38783,Magmamartin,antonidas,96,shaman,elemental,6,1,5
38784,Hästdvärg,the-maelstrom,96,shaman,elemental,6,1,5
38785,Elijaá,nordrassil,96,shaman,elemental,6,1,5
38786,Reäz,archimonde,96,shaman,elemental,6,1,5
38787,Brryantblaks,colinas-pardas,96,shaman,elemental,6,1,5
38788,Лучшийшаман,soulflayer,96,shaman,elemental,6,1,5
38789,Zaffyboi,draenor,96,shaman,elemental,6,1,5
38790,Growlêy,draenor,96,shaman,elemental,6,1,5
38791,Newÿorc,dalaran,96,shaman,elemental,6,1,5
38792,Felcrushed,stormscale,96,shaman,elemental,6,1,5
38793,Zeiger,minahonda,96,shaman,elemental,6,1,5
38794,Shamira,nethersturm,96,shaman,elemental,6,1,5
38795,Dwarfofwar,ravencrest,96,shaman,elemental,6,1,5
38796,Dergat,pozzo-delleternità,96,shaman,elemental,6,1,5
38797,Zerim,taerar,96,shaman,elemental,6,1,5
38798,Châmanco,dun-modr,96,shaman,elemental,6,1,5
38799,Noru,ravencrest,96,shaman,elemental,6,1,5
38800,Shaminista,ravencrest,96,shaman,elemental,6,1,5
38801,Heheheyup,ravencrest,96,shaman,elemental,6,1,5
38802,Kilruk,ravencrest,96,shaman,elemental,6,1,5
38803,Pasjeop,ravencrest,96,shaman,elemental,6,1,5
38804,Izir,archimonde,96,shaman,elemental,6,1,5
38805,Papaver,zirkel-des-cenarius,96,shaman,elemental,6,1,5
38806,Skailzcham,hyjal,96,shaman,elemental,6,1,5
38807,Ânne,blackrock,96,shaman,elemental,6,1,5
38808,Bonestompamc,blackmoore,96,shaman,elemental,6,1,5
38809,Freexx,aegwynn,96,shaman,elemental,6,1,5
38810,Бпокбастэр,gordunni,96,shaman,elemental,6,1,5
38811,Samisu,blackmoore,96,shaman,elemental,6,1,5
38812,Pomegranate,arthas,96,shaman,elemental,6,1,5
38813,Zham,kul-tiras,96,shaman,elemental,6,1,5
38814,Shamsteaks,ysera,96,shaman,elemental,6,1,5
38815,Aguero,aegwynn,96,shaman,elemental,6,1,5
38816,Bärtigbaron,thrall,96,shaman,elemental,6,1,5
38817,Cazzari,thrall,96,shaman,elemental,6,1,5
38818,Depucova,silvermoon,96,shaman,elemental,6,1,5
38819,Nìtratx,archimonde,96,shaman,elemental,6,1,5
38820,Zappypewpew,drakthul,96,shaman,elemental,12,1,11
38821,Amaizin,stormscale,96,shaman,elemental,12,1,11
38822,Encourager,daggerspine,95,shaman,elemental,6,1,5
38823,Kyst,elune,95,shaman,elemental,6,1,5
38824,Torepåsporet,deathwing,79,shaman,elemental,5,1,4
38825,Torxii,antonidas,79,shaman,elemental,5,1,4
38826,Rãgnãr,frostwolf,64,shaman,elemental,4,1,3
38827,Yukîmøn,hyjal,63,shaman,elemental,2,2,0
38828,Schamaster,antonidas,48,shaman,elemental,3,1,2
38829,Realiz,ysondre,48,shaman,elemental,4,1,3
38830,Shammolino,nemesis,41,shaman,elemental,7,3,4
38831,Obêlixx,blackmoore,31,shaman,elemental,2,1,1
38832,Gushgush,draenor,31,shaman,elemental,2,1,1
38833,Bèx,twisting-nether,16,shaman,elemental,1,1,0
38834,Memourian,drakthul,16,shaman,elemental,7,1,6
38835,Blaukraut,stormscale,2375,shaman,enhancement,115,75,40
38836,Mûnch,kazzak,2369,shaman,enhancement,110,73,37
38837,Bredare,ravencrest,2291,shaman,enhancement,112,85,27
38838,Дудивтф,soulflayer,2244,shaman,enhancement,194,105,89
38839,Китрасст,soulflayer,2239,shaman,enhancement,78,43,35
38840,Strippzz,stormscale,2238,shaman,enhancement,102,62,40
38841,Fatpig,stormscale,2238,shaman,enhancement,83,47,36
38842,Axdn,ravencrest,2229,shaman,enhancement,80,47,33
38843,Крааули,soulflayer,2229,shaman,enhancement,323,166,157
38844,Avines,twisting-nether,2211,shaman,enhancement,206,106,100
38845,Dennismanone,tarren-mill,2195,shaman,enhancement,102,53,49
38846,Voodoodoouu,stormscale,2182,shaman,enhancement,107,63,44
38847,Azifox,hyjal,2181,shaman,enhancement,114,58,56
38848,Buffdraventy,archimonde,2176,shaman,enhancement,90,53,37
38849,Hermerejildo,stormscale,2174,shaman,enhancement,120,62,58
38850,Lizoo,ravencrest,2169,shaman,enhancement,102,66,36
38851,Treyway,dun-modr,2153,shaman,enhancement,78,54,24
38852,Baconbazooka,tarren-mill,2147,shaman,enhancement,101,60,41
38853,Áä,stormscale,2146,shaman,enhancement,48,42,6
38854,Zró,blackrock,2132,shaman,enhancement,138,76,62
38855,Shïnnkøk,stormscale,2130,shaman,enhancement,72,43,29
38856,Myguns,silvermoon,2130,shaman,enhancement,122,68,54
38857,Nopre,blackrock,2129,shaman,enhancement,190,110,80
38858,Mustakrakish,terokkar,2127,shaman,enhancement,78,53,25
38859,Smorcshamyy,kazzak,2127,shaman,enhancement,111,63,48
38860,Æerømachine,outland,2125,shaman,enhancement,81,42,39
38861,Chancè,tarren-mill,2124,shaman,enhancement,84,50,34
38862,Fckumen,blackmoore,2124,shaman,enhancement,106,61,45
38863,Joeyexe,outland,2119,shaman,enhancement,84,48,36
38864,Shadi,stormscale,2119,shaman,enhancement,84,44,40
38865,Maelstrom,eredar,2113,shaman,enhancement,300,167,133
38866,Lovèless,stormscale,2111,shaman,enhancement,36,26,10
38867,Ruffepuffe,twisting-nether,2109,shaman,enhancement,192,107,85
38868,Sparkygødx,twisting-nether,2104,shaman,enhancement,54,33,21
38869,Автозакзак,soulflayer,2104,shaman,enhancement,89,45,44
38870,Sparkyxd,twisting-nether,2102,shaman,enhancement,78,40,38
38871,Etox,darksorrow,2101,shaman,enhancement,108,57,51
38872,Trulylove,tarren-mill,2085,shaman,enhancement,66,34,32
38873,Swapxy,ravencrest,2084,shaman,enhancement,54,33,21
38874,Yashëa,ysondre,2069,shaman,enhancement,73,59,14
38875,Møldør,tarren-mill,2061,shaman,enhancement,108,71,37
38876,Бафамет,blackscar,2057,shaman,enhancement,54,32,22
38877,Plsdontpress,stormscale,2053,shaman,enhancement,103,62,41
38878,Shambolicc,kazzak,2042,shaman,enhancement,114,59,55
38879,Читорра,gordunni,2038,shaman,enhancement,96,51,45
38880,Stribbzz,stormscale,2035,shaman,enhancement,214,122,92
38881,Sillaas,ysondre,2020,shaman,enhancement,120,55,65
38882,Hexmex,stormreaver,2016,shaman,enhancement,130,71,59
38883,Uhøfligeulf,draenor,2013,shaman,enhancement,65,35,30
38884,Arslos,twisting-nether,2010,shaman,enhancement,50,39,11
38885,Gúîtårgøð,sanguino,2010,shaman,enhancement,82,41,41
38886,Syllaas,ysondre,2007,shaman,enhancement,72,39,33
38887,Shamanyxx,tarren-mill,2007,shaman,enhancement,78,42,36
38888,Daybidaybi,stormscale,2006,shaman,enhancement,64,38,26
38889,Нарленд,gordunni,2003,shaman,enhancement,114,61,53
38890,Feetaddict,kazzak,2000,shaman,enhancement,82,48,34
38891,Wishsteen,stormscale,2000,shaman,enhancement,83,47,36
38892,Babalahziz,ysondre,1999,shaman,enhancement,95,68,27
38893,Yüri,stormscale,1998,shaman,enhancement,265,132,133
38894,Horelio,sanguino,1995,shaman,enhancement,159,94,65
38895,Nuarishaman,kazzak,1993,shaman,enhancement,48,33,15
38896,Shukhevych,kazzak,1993,shaman,enhancement,65,40,25
38897,Chakafuyo,dun-modr,1986,shaman,enhancement,62,37,25
38898,Acidtrips,thrall,1985,shaman,enhancement,54,30,24
38899,Инсэйнгод,soulflayer,1983,shaman,enhancement,63,32,31
38900,Testosterone,dun-modr,1980,shaman,enhancement,71,44,27
38901,Kweng,stormreaver,1978,shaman,enhancement,127,68,59
38902,Viablous,ravencrest,1977,shaman,enhancement,148,96,52
38903,Turbostruck,ravencrest,1977,shaman,enhancement,102,46,56
38904,Karpsham,stormscale,1972,shaman,enhancement,127,61,66
38905,Oldveteran,eredar,1968,shaman,enhancement,90,56,34
38906,Hermerejildo,tarren-mill,1965,shaman,enhancement,60,35,25
38907,Asaakira,blackmoore,1961,shaman,enhancement,205,107,98
38908,Critonian,twisting-nether,1957,shaman,enhancement,63,35,28
38909,Milheroj,tarren-mill,1957,shaman,enhancement,141,74,67
38910,Qnanen,blackmoore,1953,shaman,enhancement,56,38,18
38911,Ниу,thermaplugg,1949,shaman,enhancement,54,32,22
38912,Deaslow,hyjal,1946,shaman,enhancement,142,81,61
38913,Shadiqt,stormscale,1942,shaman,enhancement,60,31,29
38914,Lokes,drakthul,1940,shaman,enhancement,190,102,88
38915,Stensham,stormreaver,1936,shaman,enhancement,53,33,20
38916,Morguk,zuljin,1936,shaman,enhancement,91,53,38
38917,Tosemist,stormscale,1932,shaman,enhancement,64,38,26
38918,Brokenguyman,defias-brotherhood,1924,shaman,enhancement,52,31,21
38919,Skullstorm,talnivarr,1921,shaman,enhancement,68,41,27
38920,Alterem,kazzak,1914,shaman,enhancement,84,48,36
38921,Trulylove,outland,1913,shaman,enhancement,77,36,41
38922,Shïnnøk,stormscale,1910,shaman,enhancement,418,209,209
38923,Wóllff,archimonde,1906,shaman,enhancement,60,31,29
38924,Yombaï,archimonde,1906,shaman,enhancement,132,63,69
38925,Тандервульф,howling-fjord,1905,shaman,enhancement,119,65,54
38926,Тиидишам,blackscar,1905,shaman,enhancement,143,72,71
38927,Pusspatrol,kazzak,1904,shaman,enhancement,66,32,34
38928,Вандерласт,howling-fjord,1903,shaman,enhancement,78,51,27
38929,Arhitopg,silvermoon,1903,shaman,enhancement,120,64,56
38930,Taktouka,archimonde,1902,shaman,enhancement,65,31,34
38931,Panzarkamp,stormscale,1894,shaman,enhancement,95,58,37
38932,Gottiy,blackhand,1893,shaman,enhancement,102,50,52
38933,Gromzog,twisting-nether,1890,shaman,enhancement,48,31,17
38934,Shamarach,sylvanas,1884,shaman,enhancement,42,29,13
38935,Enhshamanop,draenor,1883,shaman,enhancement,204,102,102
38936,Nnele,sanguino,1881,shaman,enhancement,60,29,31
38937,Blitzmann,outland,1879,shaman,enhancement,54,30,24
38938,Matchstíck,draenor,1875,shaman,enhancement,60,31,29
38939,Sozetwo,tarren-mill,1873,shaman,enhancement,34,24,10
38940,Xa,blackrock,1873,shaman,enhancement,54,31,23
38941,Shambolicc,ravencrest,1872,shaman,enhancement,65,29,36
38942,Jtouni,outland,1869,shaman,enhancement,72,37,35
38943,Ятебясмету,gordunni,1867,shaman,enhancement,48,32,16
38944,Jäy,twisting-nether,1867,shaman,enhancement,58,31,27
38945,Ниокумибейт,soulflayer,1866,shaman,enhancement,52,34,18
38946,Вудумастер,gordunni,1866,shaman,enhancement,107,62,45
38947,Бренненд,howling-fjord,1865,shaman,enhancement,128,71,57
38948,Falseshepard,kazzak,1863,shaman,enhancement,54,29,25
38949,Disciplé,blackmoore,1862,shaman,enhancement,65,34,31
38950,Naochí,silvermoon,1857,shaman,enhancement,35,23,12
38951,Shamhaár,blackmoore,1856,shaman,enhancement,88,55,33
38952,Hanrej,draenor,1856,shaman,enhancement,60,37,23
38953,Frankone,outland,1856,shaman,enhancement,168,94,74
38954,Radåhn,outland,1854,shaman,enhancement,72,44,28
38955,Ázøk,stormscale,1853,shaman,enhancement,160,84,76
38956,Zarkab,ysondre,1852,shaman,enhancement,70,50,20
38957,Meatballspam,stormscale,1850,shaman,enhancement,59,31,28
38958,Boombastíc,ravencrest,1850,shaman,enhancement,95,48,47
38959,Chatbanned,blackmoore,1849,shaman,enhancement,42,25,17
38960,Вацунвец,goldrinn,1849,shaman,enhancement,133,70,63
38961,Toteemikylpy,argent-dawn,1848,shaman,enhancement,54,38,16
38962,Totemofgreed,rexxar,1843,shaman,enhancement,84,40,44
38963,Mittyzap,kazzak,1842,shaman,enhancement,66,40,26
38964,Сахарокь,soulflayer,1840,shaman,enhancement,42,27,15
38965,Shrektar,outland,1839,shaman,enhancement,36,22,14
38966,Androck,tarren-mill,1839,shaman,enhancement,64,36,28
38967,Sangoma,frostmane,1838,shaman,enhancement,178,88,90
38968,Kulefesk,grim-batol,1837,shaman,enhancement,66,33,33
38969,Actionhank,area-52,1834,shaman,enhancement,57,30,27
38970,Zetorgg,burning-legion,1832,shaman,enhancement,71,36,35
38971,Херургх,soulflayer,1828,shaman,enhancement,74,48,26
38972,Друггрумилей,soulflayer,1828,shaman,enhancement,42,24,18
38973,Mírídíuss,silvermoon,1827,shaman,enhancement,35,25,10
38974,Salvadr,zuljin,1827,shaman,enhancement,70,39,31
38975,Пеклоь,soulflayer,1827,shaman,enhancement,141,68,73
38976,Stormkiler,defias-brotherhood,1826,shaman,enhancement,83,36,47
38977,Шаманмиша,gordunni,1825,shaman,enhancement,36,25,11
38978,Lavadelrey,drakthul,1824,shaman,enhancement,48,25,23
38979,Ananasanax,twisting-nether,1823,shaman,enhancement,114,63,51
38980,Floorislava,culte-de-la-rive-noire,1822,shaman,enhancement,84,43,41
38981,Shammyenh,burning-legion,1820,shaman,enhancement,42,29,13
38982,Phobiatics,thrall,1820,shaman,enhancement,41,28,13
38983,Talrall,twisting-nether,1820,shaman,enhancement,66,35,31
38984,Senroxx,blackrock,1818,shaman,enhancement,48,32,16
38985,Пэппивкашке,howling-fjord,1818,shaman,enhancement,38,23,15
38986,Altarian,nemesis,1818,shaman,enhancement,58,32,26
38987,Argotan,drakthul,1817,shaman,enhancement,71,43,28
38988,Mckoy,kazzak,1816,shaman,enhancement,40,27,13
38989,Чаапалах,blackscar,1816,shaman,enhancement,174,87,87
38990,Bullx,magtheridon,1815,shaman,enhancement,78,43,35
38991,Marohk,uldum,1815,shaman,enhancement,42,22,20
38992,Слакербэдбой,gordunni,1814,shaman,enhancement,78,35,43
38993,Рэггдолл,soulflayer,1814,shaman,enhancement,96,43,53
38994,Stormasaurus,anachronos,1813,shaman,enhancement,52,34,18
38995,Bikdig,dun-modr,1812,shaman,enhancement,78,47,31
38996,Mèátßãllgøðx,kazzak,1812,shaman,enhancement,129,65,64
38997,Ganachimby,zuljin,1811,shaman,enhancement,36,27,9
38998,Eysns,blackrock,1811,shaman,enhancement,70,42,28
38999,Zulren,draenor,1811,shaman,enhancement,42,23,19
39000,Вацустайл,goldrinn,1810,shaman,enhancement,48,32,16
39001,Dshaman,aegwynn,1810,shaman,enhancement,36,23,13
39002,Wishstêên,stormscale,1809,shaman,enhancement,64,29,35
39003,Pumpzuat,khadgar,1808,shaman,enhancement,24,20,4
39004,Roxâm,hyjal,1808,shaman,enhancement,34,20,14
39005,Xestil,blackmoore,1808,shaman,enhancement,67,36,31
39006,Blastoiselol,ragnaros,1807,shaman,enhancement,52,34,18
39007,Реактиватор,soulflayer,1803,shaman,enhancement,47,27,20
39008,Spicemélange,archimonde,1802,shaman,enhancement,64,37,27
39009,Krónm,dun-modr,1801,shaman,enhancement,41,28,13
39010,Calvey,magtheridon,1799,shaman,enhancement,82,37,45
39011,Proccq,twisting-nether,1795,shaman,enhancement,48,24,24
39012,Azrs,ravencrest,1794,shaman,enhancement,102,57,45
39013,Tâktoukâ,archimonde,1794,shaman,enhancement,100,55,45
39014,Rabalalaha,twisting-nether,1794,shaman,enhancement,164,87,77
39015,Shamflurry,ravencrest,1793,shaman,enhancement,42,29,13
39016,Veloudinos,twisting-nether,1793,shaman,enhancement,107,71,36
39017,Kishock,tarren-mill,1793,shaman,enhancement,30,19,11
39018,Shockxy,norgannon,1792,shaman,enhancement,46,23,23
39019,Shamtard,frostwhisper,1790,shaman,enhancement,169,85,84
39020,Thunberg,ravencrest,1788,shaman,enhancement,71,42,29
39021,Yacu,blackrock,1786,shaman,enhancement,77,43,34
39022,Shadijr,stormscale,1785,shaman,enhancement,42,24,18
39023,Schoølbøyq,blackrock,1784,shaman,enhancement,30,19,11
39024,Rëalg,zuljin,1783,shaman,enhancement,65,43,22
39025,Pontifhkas,ragnaros,1783,shaman,enhancement,87,55,32
39026,Dhedge,draenor,1783,shaman,enhancement,54,33,21
39027,Moini,eredar,1783,shaman,enhancement,54,28,26
39028,Calveyy,magtheridon,1780,shaman,enhancement,45,28,17
39029,Grende,sylvanas,1778,shaman,enhancement,96,51,45
39030,Satanloveme,stormscale,1777,shaman,enhancement,42,22,20
39031,Nevergroundx,perenolde,1776,shaman,enhancement,42,27,15
39032,Wúh,twisting-nether,1775,shaman,enhancement,96,56,40
39033,Pumpcok,durotan,1774,shaman,enhancement,42,30,12
39034,Шаманутый,soulflayer,1774,shaman,enhancement,107,54,53
39035,Basz,aegwynn,1773,shaman,enhancement,53,30,23
39036,Pýthøn,silvermoon,1772,shaman,enhancement,54,27,27
39037,Vayshibro,turalyon,1770,shaman,enhancement,66,36,30
39038,Ryhèn,stormscale,1769,shaman,enhancement,186,105,81
39039,Zulmalis,twisting-nether,1768,shaman,enhancement,58,33,25
39040,Obrijames,tarren-mill,1764,shaman,enhancement,76,46,30
39041,Sígrun,aegwynn,1758,shaman,enhancement,42,28,14
39042,Dóómd,kazzak,1758,shaman,enhancement,60,31,29
39043,Китраст,soulflayer,1756,shaman,enhancement,34,19,15
39044,Видарх,soulflayer,1756,shaman,enhancement,42,20,22
39045,Gelthan,zuljin,1755,shaman,enhancement,176,96,80
39046,Pvegame,tarren-mill,1752,shaman,enhancement,72,44,28
39047,Ñøs,blackrock,1749,shaman,enhancement,102,55,47
39048,Echoingshock,argent-dawn,1746,shaman,enhancement,48,32,16
39049,Stormdrak,eredar,1741,shaman,enhancement,42,29,13
39050,Agathoulis,burning-legion,1741,shaman,enhancement,42,28,14
39051,Максобман,howling-fjord,1741,shaman,enhancement,42,24,18
39052,Wacomtablet,kazzak,1736,shaman,enhancement,36,19,17
39053,Tobanga,malganis,1730,shaman,enhancement,48,29,19
39054,Kynaz,sanguino,1730,shaman,enhancement,147,71,76
39055,Corvux,tarren-mill,1727,shaman,enhancement,48,23,25
39056,Халльбьерн,howling-fjord,1726,shaman,enhancement,60,36,24
39057,Sswf,kazzak,1725,shaman,enhancement,24,18,6
39058,Obryss,tarren-mill,1725,shaman,enhancement,29,19,10
39059,Shamerific,magtheridon,1724,shaman,enhancement,48,35,13
39060,Madboys,kazzak,1723,shaman,enhancement,72,39,33
39061,Dalgia,tarren-mill,1722,shaman,enhancement,42,25,17
39062,Painshock,outland,1720,shaman,enhancement,93,52,41
39063,Xôàrqt,eredar,1719,shaman,enhancement,209,110,99
39064,Raidwhipper,twisting-nether,1718,shaman,enhancement,54,39,15
39065,Snëakyboom,stormscale,1717,shaman,enhancement,96,46,50
39066,Sybred,twisting-nether,1716,shaman,enhancement,114,67,47
39067,Тралси,howling-fjord,1715,shaman,enhancement,24,18,6
39068,Ozilie,khaz-modan,1714,shaman,enhancement,53,34,19
39069,Yogan,dun-modr,1714,shaman,enhancement,62,35,27
39070,Hayvaan,blackrock,1712,shaman,enhancement,168,101,67
39071,Stormbreáker,twisting-nether,1711,shaman,enhancement,172,101,71
39072,Tito,stormscale,1708,shaman,enhancement,66,28,38
39073,Enhx,ravencrest,1707,shaman,enhancement,36,23,13
39074,Joanna,frostwolf,1705,shaman,enhancement,60,28,32
39075,Groyaboý,blackrock,1704,shaman,enhancement,24,18,6
39076,Fotmburstwin,blackmoore,1704,shaman,enhancement,42,27,15
39077,Fözk,outland,1704,shaman,enhancement,42,24,18
39078,Plockepinn,ravencrest,1704,shaman,enhancement,78,37,41
39079,Athe,conseil-des-ombres,1703,shaman,enhancement,36,23,13
39080,Naïda,conseil-des-ombres,1703,shaman,enhancement,192,97,95
39081,Сидог,soulflayer,1701,shaman,enhancement,24,18,6
39082,Caelx,ragnaros,1698,shaman,enhancement,24,18,6
39083,Monamour,twisting-nether,1698,shaman,enhancement,66,40,26
39084,Lersham,the-maelstrom,1698,shaman,enhancement,54,32,22
39085,Lurkmon,twisting-nether,1698,shaman,enhancement,106,57,49
39086,Enhahaha,tarren-mill,1697,shaman,enhancement,36,23,13
39087,Nerfrets,malganis,1696,shaman,enhancement,72,46,26
39088,Aswøg,kazzak,1695,shaman,enhancement,30,21,9
39089,Hezdnalien,aegwynn,1694,shaman,enhancement,89,48,41
39090,Khrin,blackmoore,1693,shaman,enhancement,42,27,15
39091,Lavarage,kazzak,1691,shaman,enhancement,33,23,10
39092,Noboorst,stormscale,1691,shaman,enhancement,42,23,19
39093,Masztaar,ragnaros,1691,shaman,enhancement,94,49,45
39094,Typhoön,sanguino,1691,shaman,enhancement,253,131,122
39095,Халльбиорн,gordunni,1691,shaman,enhancement,67,32,35
39096,Царьбер,soulflayer,1690,shaman,enhancement,80,45,35
39097,Voodoohexman,kazzak,1689,shaman,enhancement,77,48,29
39098,Høwlstørmx,ravencrest,1687,shaman,enhancement,31,22,9
39099,Volvíc,tichondrius,1687,shaman,enhancement,42,22,20
39100,Smozze,grim-batol,1685,shaman,enhancement,147,78,69
39101,Ripstorm,sylvanas,1685,shaman,enhancement,48,24,24
39102,Mehex,tarren-mill,1685,shaman,enhancement,54,26,28
39103,Thorâ,frostmane,1683,shaman,enhancement,65,48,17
39104,Пойдипокури,howling-fjord,1683,shaman,enhancement,108,63,45
39105,Chêlëx,silvermoon,1682,shaman,enhancement,164,89,75
39106,Dzandell,silvermoon,1682,shaman,enhancement,58,25,33
39107,Tinysalmon,hyjal,1681,shaman,enhancement,30,18,12
39108,Взалходил,soulflayer,1680,shaman,enhancement,41,21,20
39109,Wheygodx,ravencrest,1679,shaman,enhancement,93,49,44
39110,Hassebolt,draenor,1678,shaman,enhancement,42,25,17
39111,Spaltbart,blackmoore,1677,shaman,enhancement,66,36,30
39112,Ferconex,kazzak,1676,shaman,enhancement,48,28,20
39113,Turbopuddi,kazzak,1676,shaman,enhancement,83,43,40
39114,Kedall,archimonde,1676,shaman,enhancement,66,32,34
39115,Doomëd,drakthul,1675,shaman,enhancement,48,24,24
39116,Ewion,dalvengyr,1674,shaman,enhancement,54,40,14
39117,Greythunda,archimonde,1672,shaman,enhancement,36,23,13
39118,Гоэл,ashenvale,1672,shaman,enhancement,42,26,16
39119,Makaar,blackrock,1672,shaman,enhancement,48,26,22
39120,Bluetide,ravencrest,1671,shaman,enhancement,51,34,17
39121,Шанья,gordunni,1671,shaman,enhancement,90,43,47
39122,Pumanii,silvermoon,1669,shaman,enhancement,60,32,28
39123,Vartarius,arthas,1669,shaman,enhancement,66,34,32
39124,Spetsnazz,archimonde,1667,shaman,enhancement,206,102,104
39125,Isucklasso,aegwynn,1664,shaman,enhancement,54,32,22
39126,Cåmilis,archimonde,1664,shaman,enhancement,60,33,27
39127,Neurax,sanguino,1663,shaman,enhancement,88,47,41
39128,Recaim,outland,1663,shaman,enhancement,36,19,17
39129,Grytkungen,daggerspine,1662,shaman,enhancement,56,34,22
39130,Testogodx,defias-brotherhood,1662,shaman,enhancement,81,46,35
39131,Khelyyn,tarren-mill,1662,shaman,enhancement,76,39,37
39132,Rayoton,burning-legion,1662,shaman,enhancement,72,35,37
39133,Darkning,kazzak,1661,shaman,enhancement,48,29,19
39134,Nibblez,aegwynn,1659,shaman,enhancement,78,50,28
39135,Narevoqi,madmortem,1658,shaman,enhancement,34,22,12
39136,Nînadobrevx,stormscale,1658,shaman,enhancement,141,80,61
39137,Faxsham,draenor,1655,shaman,enhancement,36,23,13
39138,Tartakos,ravencrest,1652,shaman,enhancement,61,36,25
39139,Ludwigson,tarren-mill,1652,shaman,enhancement,98,57,41
39140,Лолимин,borean-tundra,1651,shaman,enhancement,51,33,18
39141,Kilomanjaro,bloodfeather,1651,shaman,enhancement,60,32,28
39142,Tdogfx,blackhand,1650,shaman,enhancement,42,26,16
39143,Purgelord,tarren-mill,1650,shaman,enhancement,80,49,31
39144,Trenhard,wildhammer,1648,shaman,enhancement,65,46,19
39145,Groumgard,hyjal,1648,shaman,enhancement,50,30,20
39146,Teknorave,dun-modr,1645,shaman,enhancement,36,21,15
39147,Onebutton,archimonde,1644,shaman,enhancement,30,21,9
39148,Элементи,gordunni,1644,shaman,enhancement,190,105,85
39149,Ecclîpce,archimonde,1643,shaman,enhancement,84,49,35
39150,Defiaz,stormscale,1642,shaman,enhancement,52,38,14
39151,Javaburst,ragnaros,1642,shaman,enhancement,84,44,40
39152,Spacelazers,twisting-nether,1641,shaman,enhancement,29,19,10
39153,Энха,howling-fjord,1641,shaman,enhancement,36,21,15
39154,Порнёреф,howling-fjord,1638,shaman,enhancement,165,98,67
39155,Shambamm,stormscale,1637,shaman,enhancement,54,31,23
39156,Tornis,terokkar,1637,shaman,enhancement,102,55,47
39157,Чесп,ashenvale,1636,shaman,enhancement,66,36,30
39158,Ашхикиган,howling-fjord,1636,shaman,enhancement,72,30,42
39159,Elemoont,tarren-mill,1633,shaman,enhancement,48,28,20
39160,Legitbro,ravencrest,1633,shaman,enhancement,48,22,26
39161,Paintball,kazzak,1632,shaman,enhancement,120,65,55
39162,Argarok,argent-dawn,1630,shaman,enhancement,36,22,14
39163,Sswfx,kazzak,1630,shaman,enhancement,30,17,13
39164,Jabaraklol,stormscale,1629,shaman,enhancement,94,58,36
39165,Shamrún,sylvanas,1629,shaman,enhancement,60,37,23
39166,Gnubbzer,antonidas,1628,shaman,enhancement,42,24,18
39167,Lilmozart,twisting-nether,1628,shaman,enhancement,35,18,17
39168,Láynert,dun-modr,1628,shaman,enhancement,294,145,149
39169,Medistød,draenor,1627,shaman,enhancement,92,56,36
39170,Djimin,sanguino,1627,shaman,enhancement,42,22,20
39171,Johncoltrane,archimonde,1626,shaman,enhancement,54,36,18
39172,Äijä,chromaggus,1626,shaman,enhancement,72,41,31
39173,Ùseless,archimonde,1626,shaman,enhancement,36,20,16
39174,Traktorchox,draenor,1626,shaman,enhancement,45,24,21
39175,Эбгерсон,soulflayer,1625,shaman,enhancement,222,119,103
39176,Funkins,hyjal,1625,shaman,enhancement,49,25,24
39177,Канамаш,borean-tundra,1624,shaman,enhancement,42,27,15
39178,Chamkalix,sanguino,1623,shaman,enhancement,72,37,35
39179,Reparagos,sanguino,1622,shaman,enhancement,47,27,20
39180,Úpli,blackmoore,1621,shaman,enhancement,30,18,12
39181,Twists,sylvanas,1621,shaman,enhancement,36,21,15
39182,Ubramovitch,hyjal,1619,shaman,enhancement,42,24,18
39183,Маелштромс,soulflayer,1619,shaman,enhancement,42,21,21
39184,Зэбой,howling-fjord,1616,shaman,enhancement,50,33,17
39185,Kæzx,blackrock,1616,shaman,enhancement,66,34,32
39186,Werdup,sunstrider,1616,shaman,enhancement,44,19,25
39187,Иннреи,howling-fjord,1614,shaman,enhancement,75,46,29
39188,Björnbritta,outland,1614,shaman,enhancement,41,23,18
39189,Царьколтрэйн,blackscar,1613,shaman,enhancement,107,56,51
39190,Tiuzzo,alakir,1612,shaman,enhancement,30,19,11
39191,Ореганно,howling-fjord,1611,shaman,enhancement,72,40,32
39192,Jondil,das-syndikat,1611,shaman,enhancement,71,37,34
39193,Skilltissue,executus,1611,shaman,enhancement,54,27,27
39194,Toxicnux,nemesis,1610,shaman,enhancement,48,28,20
39195,Чухансмент,gordunni,1610,shaman,enhancement,63,33,30
39196,Лапища,soulflayer,1609,shaman,enhancement,103,62,41
39197,Acivich,frostmane,1609,shaman,enhancement,42,23,19
39198,Benderbub,blackhand,1609,shaman,enhancement,130,70,60
39199,Totemticks,aegwynn,1609,shaman,enhancement,48,25,23
39200,Yobro,archimonde,1608,shaman,enhancement,54,32,22
39201,Шокмужик,gordunni,1608,shaman,enhancement,60,28,32
39202,Voodooms,laughing-skull,1607,shaman,enhancement,77,47,30
39203,Cealdlynn,blackmoore,1607,shaman,enhancement,41,24,17
39204,Elémenta,turalyon,1607,shaman,enhancement,48,27,21
39205,Mõrax,ysondre,1607,shaman,enhancement,163,82,81
39206,Ancestro,kazzak,1606,shaman,enhancement,60,32,28
39207,Zutemaster,stormscale,1605,shaman,enhancement,48,24,24
39208,Palmalecki,ravencrest,1605,shaman,enhancement,60,27,33
39209,Grrud,draenor,1604,shaman,enhancement,42,23,19
39210,Sêarix,aegwynn,1603,shaman,enhancement,48,31,17
39211,Shocktopussi,stormscale,1603,shaman,enhancement,51,32,19
39212,Moaxtyr,blackmoore,1601,shaman,enhancement,42,29,13
39213,Griins,ravencrest,1601,shaman,enhancement,78,47,31
39214,Boradinn,hyjal,1601,shaman,enhancement,36,21,15
39215,Vulkân,silvermoon,1601,shaman,enhancement,176,97,79
39216,Venomos,kazzak,1601,shaman,enhancement,39,18,21
39217,Tijae,ravencrest,1600,shaman,enhancement,24,19,5
39218,Buuddha,drakthul,1600,shaman,enhancement,71,39,32
39219,Mmsalatik,nemesis,1600,shaman,enhancement,36,19,17
39220,Amelie,burning-steppes,1597,shaman,enhancement,42,24,18
39221,Sndheal,kazzak,1596,shaman,enhancement,24,19,5
39222,Loshohealva,stormscale,1596,shaman,enhancement,48,26,22
39223,Patsham,wildhammer,1595,shaman,enhancement,125,72,53
39224,Zakgar,ysondre,1594,shaman,enhancement,78,41,37
39225,Ekinoz,outland,1593,shaman,enhancement,38,20,18
39226,Wafflë,ragnaros,1593,shaman,enhancement,57,29,28
39227,Belroc,ravencrest,1591,shaman,enhancement,36,19,17
39228,Purgerooni,haomarush,1588,shaman,enhancement,28,18,10
39229,Stalkun,elune,1588,shaman,enhancement,48,24,24
39230,Дефибо,howling-fjord,1584,shaman,enhancement,176,93,83
39231,Epicenter,bloodscalp,1584,shaman,enhancement,48,24,24
39232,Kammek,tarren-mill,1583,shaman,enhancement,81,48,33
39233,Krassus,drakthul,1583,shaman,enhancement,53,31,22
39234,Skyróxx,blackrock,1583,shaman,enhancement,41,22,19
39235,Voodoodocter,kazzak,1583,shaman,enhancement,71,32,39
39236,Kachori,eredar,1581,shaman,enhancement,60,26,34
39237,Цс,azuregos,1579,shaman,enhancement,116,63,53
39238,Brenhilda,blackmoore,1578,shaman,enhancement,72,46,26
39239,Estasham,stormscale,1576,shaman,enhancement,132,73,59
39240,Commadore,korgall,1574,shaman,enhancement,36,18,18
39241,Ubies,silvermoon,1573,shaman,enhancement,81,45,36
39242,Madmadbro,tarren-mill,1572,shaman,enhancement,198,104,94
39243,Wertih,burning-legion,1570,shaman,enhancement,56,35,21
39244,Ваншотстайлз,soulflayer,1569,shaman,enhancement,52,26,26
39245,Juniyaa,blackrock,1566,shaman,enhancement,53,29,24
39246,Azzizael,argent-dawn,1566,shaman,enhancement,108,55,53
39247,Razzuan,kazzak,1564,shaman,enhancement,33,18,15
39248,Earthhulk,thrall,1564,shaman,enhancement,40,21,19
39249,Irønythar,drakthul,1563,shaman,enhancement,42,23,19
39250,Tescriamelio,ysondre,1561,shaman,enhancement,30,19,11
39251,Sûmmêrz,ravencrest,1560,shaman,enhancement,36,22,14
39252,Ромчи,gordunni,1559,shaman,enhancement,30,17,13
39253,Элетеми,soulflayer,1558,shaman,enhancement,83,45,38
39254,Bumbummann,blackmoore,1558,shaman,enhancement,112,55,57
39255,Bourdieu,thrall,1553,shaman,enhancement,69,40,29
39256,Shawck,ravencrest,1552,shaman,enhancement,46,25,21
39257,Kenseienh,kazzak,1552,shaman,enhancement,197,105,92
39258,Juicewillis,defias-brotherhood,1551,shaman,enhancement,66,43,23
39259,Ðrshock,blackmoore,1551,shaman,enhancement,30,17,13
39260,Megazz,drakthul,1548,shaman,enhancement,48,26,22
39261,Zayliha,ravencrest,1547,shaman,enhancement,36,20,16
39262,Elèon,blackrock,1547,shaman,enhancement,119,54,65
39263,Apexpredlol,blackmoore,1546,shaman,enhancement,90,42,48
39264,Kættmæck,tarren-mill,1545,shaman,enhancement,58,29,29
39265,Raveell,defias-brotherhood,1545,shaman,enhancement,82,38,44
39266,Kijin,kirin-tor,1541,shaman,enhancement,102,52,50
39267,Soomx,hyjal,1539,shaman,enhancement,86,45,41
39268,Explôsive,silvermoon,1539,shaman,enhancement,78,39,39
39269,Людоед,thermaplugg,1538,shaman,enhancement,102,54,48
39270,Kutipaperi,stormscale,1537,shaman,enhancement,60,33,27
39271,Hexwife,archimonde,1537,shaman,enhancement,115,57,58
39272,Justweirdaf,blackmoore,1536,shaman,enhancement,77,43,34
39273,Mesrines,archimonde,1536,shaman,enhancement,42,22,20
39274,Jeki,ysondre,1534,shaman,enhancement,132,63,69
39275,Kuzsham,archimonde,1534,shaman,enhancement,39,18,21
39276,Garulf,twisting-nether,1532,shaman,enhancement,42,19,23
39277,Kanaky,hyjal,1531,shaman,enhancement,63,30,33
39278,Vforvendeta,defias-brotherhood,1530,shaman,enhancement,54,28,26
39279,Онеоне,deathweaver,1530,shaman,enhancement,36,17,19
39280,Sonnestorm,tarren-mill,1528,shaman,enhancement,24,16,8
39281,Joanno,aegwynn,1527,shaman,enhancement,18,16,2
39282,Шампуньхан,blackscar,1527,shaman,enhancement,76,33,43
39283,Tóyzz,ravencrest,1526,shaman,enhancement,42,27,15
39284,Пивототем,gordunni,1526,shaman,enhancement,38,23,15
39285,Thalir,aegwynn,1526,shaman,enhancement,67,30,37
39286,Depucova,silvermoon,1525,shaman,enhancement,36,24,12
39287,Axilary,tarren-mill,1525,shaman,enhancement,24,16,8
39288,Cripxo,sanguino,1523,shaman,enhancement,18,16,2
39289,Szublime,stormscale,1523,shaman,enhancement,66,35,31
39290,Gandy,the-maelstrom,1522,shaman,enhancement,114,55,59
39291,Chendra,scarshield-legion,1521,shaman,enhancement,119,57,62
39292,Krovn,aszune,1521,shaman,enhancement,60,27,33
39293,Thralgr,sylvanas,1521,shaman,enhancement,42,18,24
39294,Kosface,tarren-mill,1520,shaman,enhancement,148,76,72
39295,Ðelenis,dun-modr,1520,shaman,enhancement,48,23,25
39296,Kaimountain,defias-brotherhood,1519,shaman,enhancement,30,16,14
39297,Одтагад,gordunni,1518,shaman,enhancement,60,31,29
39298,Lupisregina,silvermoon,1517,shaman,enhancement,24,16,8
39299,Чифсоса,soulflayer,1517,shaman,enhancement,30,16,14
39300,Puumbaa,defias-brotherhood,1517,shaman,enhancement,48,25,23
39301,Zappyfingers,ravencrest,1516,shaman,enhancement,48,33,15
39302,Silden,thrall,1511,shaman,enhancement,18,16,2
39303,Romacherry,aegwynn,1511,shaman,enhancement,125,69,56
39304,Deathshamãn,stormscale,1511,shaman,enhancement,36,18,18
39305,Духсалата,grom,1511,shaman,enhancement,36,16,20
39306,Totemlover,draenor,1510,shaman,enhancement,100,59,41
39307,Tarantan,eredar,1510,shaman,enhancement,61,32,29
39308,Жуксик,greymane,1509,shaman,enhancement,66,31,35
39309,Gøretterøg,ysondre,1507,shaman,enhancement,25,16,9
39310,Fatflop,sylvanas,1507,shaman,enhancement,66,37,29
39311,Пучмек,gordunni,1502,shaman,enhancement,30,22,8
39312,Ïï,archimonde,1502,shaman,enhancement,153,77,76
39313,Rakermän,dun-modr,1501,shaman,enhancement,34,19,15
39314,Гексанол,soulflayer,1499,shaman,enhancement,66,36,30
39315,Îzanami,ravencrest,1495,shaman,enhancement,114,62,52
39316,Rehgar,frostwhisper,1494,shaman,enhancement,48,22,26
39317,Sházam,destromath,1493,shaman,enhancement,24,16,8
39318,Alethea,frostmane,1491,shaman,enhancement,66,33,33
39319,Nekmay,archimonde,1490,shaman,enhancement,24,16,8
39320,Nargrul,tarren-mill,1490,shaman,enhancement,50,31,19
39321,Nexdown,archimonde,1490,shaman,enhancement,57,28,29
39322,Atée,silvermoon,1490,shaman,enhancement,87,42,45
39323,Crowness,ragnaros,1488,shaman,enhancement,24,16,8
39324,Vascodagama,twisting-nether,1488,shaman,enhancement,48,28,20
39325,Boulggour,chogall,1485,shaman,enhancement,48,26,22
39326,Arashi,rashgarroth,1484,shaman,enhancement,60,32,28
39327,Гусан,booty-bay,1483,shaman,enhancement,55,26,29
39328,Shockthat,draenor,1479,shaman,enhancement,82,50,32
39329,Hulcky,grim-batol,1479,shaman,enhancement,60,32,28
39330,Shyrion,onyxia,1478,shaman,enhancement,72,33,39
39331,Xxloon,blackrock,1477,shaman,enhancement,60,36,24
39332,Chimp,lightnings-blade,1475,shaman,enhancement,36,21,15
39333,Rocktopus,outland,1475,shaman,enhancement,57,27,30
39334,Enigmar,stormscale,1471,shaman,enhancement,93,43,50
39335,Otacboziji,sylvanas,1470,shaman,enhancement,54,23,31
39336,Mcbloob,kazzak,1469,shaman,enhancement,81,39,42
39337,Shaayys,archimonde,1468,shaman,enhancement,84,39,45
39338,Shamãn,draenor,1467,shaman,enhancement,42,19,23
39339,Raíndra,twisting-nether,1466,shaman,enhancement,36,16,20
39340,Амг,booty-bay,1465,shaman,enhancement,74,45,29
39341,Shamxd,kazzak,1464,shaman,enhancement,65,33,32
39342,Дромгрон,howling-fjord,1463,shaman,enhancement,42,22,20
39343,Apekeeper,silvermoon,1461,shaman,enhancement,60,26,34
39344,Stromkek,eredar,1458,shaman,enhancement,53,29,24
39345,Bolgrath,blackmoore,1457,shaman,enhancement,103,51,52
39346,Nyxoqtx,draenor,1454,shaman,enhancement,24,21,3
39347,Shaakez,kazzak,1454,shaman,enhancement,36,17,19
39348,Pilcosham,frostwhisper,1453,shaman,enhancement,65,29,36
39349,Chaeemerok,dun-modr,1453,shaman,enhancement,42,16,26
39350,Шторсонг,gordunni,1451,shaman,enhancement,74,48,26
39351,Моктрогтар,ashenvale,1449,shaman,enhancement,54,32,22
39352,Løktarøgàr,archimonde,1448,shaman,enhancement,47,25,22
39353,Gerethor,burning-legion,1448,shaman,enhancement,87,39,48
39354,Yaar,alleria,1446,shaman,enhancement,88,51,37
39355,Кинговели,soulflayer,1446,shaman,enhancement,137,64,73
39356,Alphas,draenor,1445,shaman,enhancement,44,26,18
39357,Lokresh,azjolnerub,1444,shaman,enhancement,48,27,21
39358,Botism,draenor,1444,shaman,enhancement,42,18,24
39359,Dirtymiké,tarren-mill,1444,shaman,enhancement,41,16,25
39360,Exolnard,twisting-nether,1442,shaman,enhancement,73,42,31
39361,Oronakgladx,ravencrest,1442,shaman,enhancement,84,41,43
39362,Furrymane,blackmoore,1439,shaman,enhancement,36,24,12
39363,Arkaos,exodar,1439,shaman,enhancement,43,24,19
39364,Perunya,tarren-mill,1438,shaman,enhancement,53,27,26
39365,Watzocham,archimonde,1437,shaman,enhancement,42,22,20
39366,Jasnäh,ysondre,1437,shaman,enhancement,72,33,39
39367,Kyshka,tarren-mill,1436,shaman,enhancement,30,15,15
39368,Stratholmee,drakthul,1432,shaman,enhancement,48,27,21
39369,Blackibird,garona,1431,shaman,enhancement,69,32,37
39370,Джаабб,booty-bay,1430,shaman,enhancement,73,32,41
39371,Лаваяшка,gordunni,1430,shaman,enhancement,48,19,29
39372,Axemodels,archimonde,1429,shaman,enhancement,30,15,15
39373,Dcanne,outland,1428,shaman,enhancement,99,52,47
39374,Yurkën,uldum,1428,shaman,enhancement,60,29,31
39375,Экспл,ashenvale,1428,shaman,enhancement,36,15,21
39376,Stormfíst,tarren-mill,1426,shaman,enhancement,24,15,9
39377,Wolfwesti,outland,1425,shaman,enhancement,36,25,11
39378,Twam,outland,1425,shaman,enhancement,30,19,11
39379,Elektrikci,silvermoon,1425,shaman,enhancement,54,26,28
39380,Durek,sylvanas,1424,shaman,enhancement,47,30,17
39381,Ghostkod,burning-legion,1424,shaman,enhancement,58,34,24
39382,Ойрхин,greymane,1423,shaman,enhancement,30,15,15
39383,Kezron,aegwynn,1422,shaman,enhancement,24,15,9
39384,Zuvx,ravencrest,1420,shaman,enhancement,66,38,28
39385,Rether,nemesis,1420,shaman,enhancement,77,35,42
39386,Mèshuggáh,ravencrest,1419,shaman,enhancement,36,17,19
39387,Барракудах,gordunni,1418,shaman,enhancement,170,76,94
39388,Nwäar,archimonde,1417,shaman,enhancement,36,16,20
39389,Nejbegrov,ravencrest,1417,shaman,enhancement,66,29,37
39390,Tyrox,kirin-tor,1415,shaman,enhancement,54,29,25
39391,Hanumanas,kazzak,1412,shaman,enhancement,25,18,7
39392,Атл,deathguard,1411,shaman,enhancement,74,46,28
39393,Плаглорд,howling-fjord,1410,shaman,enhancement,60,30,30
39394,Valaya,archimonde,1407,shaman,enhancement,108,61,47
39395,Arkîmonde,silvermoon,1406,shaman,enhancement,35,15,20
39396,Кгб,greymane,1405,shaman,enhancement,36,18,18
39397,Язма,grom,1404,shaman,enhancement,54,31,23
39398,Shambambum,blackrock,1403,shaman,enhancement,89,40,49
39399,Noiduttu,tarren-mill,1401,shaman,enhancement,88,55,33
39400,Arabesk,arygos,1399,shaman,enhancement,84,51,33
39401,Lumii,azshara,1399,shaman,enhancement,48,21,27
39402,Bobonbu,forscherliga,1396,shaman,enhancement,29,15,14
39403,Procdaddy,eredar,1396,shaman,enhancement,54,25,29
39404,Hatchum,les-sentinelles,1396,shaman,enhancement,42,17,25
39405,Экспатриот,greymane,1395,shaman,enhancement,60,31,29
39406,Secramas,ragnaros,1394,shaman,enhancement,109,54,55
39407,Frostýx,draenor,1394,shaman,enhancement,33,16,17
39408,Argonautt,drakthul,1394,shaman,enhancement,119,52,67
39409,Neptun,twisting-nether,1393,shaman,enhancement,107,53,54
39410,Laix,khaz-modan,1392,shaman,enhancement,36,17,19
39411,Агмень,howling-fjord,1390,shaman,enhancement,71,31,40
39412,Heeze,doomhammer,1384,shaman,enhancement,136,68,68
39413,Priora,argent-dawn,1383,shaman,enhancement,52,33,19
39414,Chämalö,archimonde,1383,shaman,enhancement,145,76,69
39415,Хрофайс,soulflayer,1379,shaman,enhancement,30,20,10
39416,Лэнгипас,gordunni,1379,shaman,enhancement,137,74,63
39417,Mazokuu,ragnaros,1379,shaman,enhancement,139,74,65
39418,Палачок,eversong,1374,shaman,enhancement,48,27,21
39419,Tahsus,blackmoore,1372,shaman,enhancement,42,20,22
39420,Твалор,soulflayer,1371,shaman,enhancement,38,20,18
39421,Cahuna,stormscale,1371,shaman,enhancement,63,24,39
39422,Mcslammer,kazzak,1370,shaman,enhancement,102,46,56
39423,Enormo,eredar,1368,shaman,enhancement,30,16,14
39424,Panicblast,stormscale,1366,shaman,enhancement,35,15,20
39425,Notoxus,antonidas,1364,shaman,enhancement,78,39,39
39426,Nubokesel,ragnaros,1361,shaman,enhancement,91,44,47
39427,Ðezûga,antonidas,1361,shaman,enhancement,48,22,26
39428,Kïngmuntje,sylvanas,1360,shaman,enhancement,54,28,26
39429,Trîkill,hyjal,1360,shaman,enhancement,60,28,32
39430,Lavashnikov,burning-legion,1357,shaman,enhancement,132,70,62
39431,Басари,gordunni,1357,shaman,enhancement,41,20,21
39432,Тленозавр,gordunni,1352,shaman,enhancement,93,46,47
39433,Nakenfeigy,stormreaver,1349,shaman,enhancement,54,32,22
39434,Рыргаск,howling-fjord,1349,shaman,enhancement,28,16,12
39435,Bacheebg,darksorrow,1348,shaman,enhancement,77,42,35
39436,Chamirox,ysondre,1348,shaman,enhancement,42,17,25
39437,Kunancementa,ravencrest,1346,shaman,enhancement,63,29,34
39438,Exysen,kazzak,1344,shaman,enhancement,24,14,10
39439,Faydé,stormscale,1343,shaman,enhancement,30,14,16
39440,Lassolasse,sylvanas,1341,shaman,enhancement,18,14,4
39441,Selticxz,blackrock,1341,shaman,enhancement,24,14,10
39442,Дрегтан,howling-fjord,1341,shaman,enhancement,71,28,43
39443,Casualhex,argent-dawn,1340,shaman,enhancement,155,71,84
39444,Другалёк,howling-fjord,1338,shaman,enhancement,46,28,18
39445,Залатар,howling-fjord,1337,shaman,enhancement,63,26,37
39446,Fingor,tarren-mill,1336,shaman,enhancement,24,17,7
39447,Gurtok,drakthul,1336,shaman,enhancement,36,22,14
39448,Iicks,blackrock,1333,shaman,enhancement,36,16,20
39449,Boidarbre,sargeras,1331,shaman,enhancement,42,15,27
39450,Реалайзер,blackscar,1330,shaman,enhancement,24,14,10
39451,Faltygo,drakthul,1330,shaman,enhancement,30,14,16
39452,Moodoo,antonidas,1328,shaman,enhancement,53,20,33
39453,Cheetooth,ragnaros,1327,shaman,enhancement,24,14,10
39454,Sparkarse,argent-dawn,1327,shaman,enhancement,54,30,24
39455,Shamanite,drakthul,1326,shaman,enhancement,42,22,20
39456,Апинсмок,soulflayer,1326,shaman,enhancement,65,32,33
39457,Thrâwl,kazzak,1324,shaman,enhancement,18,14,4
39458,Pyrabolt,ravencrest,1323,shaman,enhancement,30,14,16
39459,Kanabi,darkspear,1322,shaman,enhancement,30,14,16
39460,Бигмамуля,booty-bay,1321,shaman,enhancement,36,18,18
39461,Ошиндра,gordunni,1320,shaman,enhancement,28,15,13
39462,Clembute,cthun,1319,shaman,enhancement,48,28,20
39463,Ashmantle,twisting-nether,1316,shaman,enhancement,24,14,10
39464,Skut,zuljin,1316,shaman,enhancement,30,14,16
39465,Ørgus,aegwynn,1314,shaman,enhancement,238,129,109
39466,Itswoland,tarren-mill,1314,shaman,enhancement,28,15,13
39467,Шабыч,deathguard,1312,shaman,enhancement,60,25,35
39468,Outerspace,silvermoon,1309,shaman,enhancement,24,15,9
39469,Maajo,tarren-mill,1309,shaman,enhancement,54,21,33
39470,Броаркар,razuvious,1307,shaman,enhancement,100,54,46
39471,Qauter,hellfire,1305,shaman,enhancement,30,14,16
39472,Persaunne,archimonde,1302,shaman,enhancement,24,15,9
39473,Thormarg,archimonde,1302,shaman,enhancement,48,23,25
39474,Filigran,ragnaros,1302,shaman,enhancement,65,31,34
39475,Blautorkel,amanthul,1302,shaman,enhancement,65,31,34
39476,Shamaray,stormscale,1299,shaman,enhancement,96,52,44
39477,Wedís,outland,1299,shaman,enhancement,42,22,20
39478,Vukroth,argent-dawn,1294,shaman,enhancement,36,20,16
39479,Sunetee,kazzak,1294,shaman,enhancement,54,23,31
39480,Verlas,kazzak,1293,shaman,enhancement,52,26,26
39481,Hexd,defias-brotherhood,1291,shaman,enhancement,66,28,38
39482,Курси,gordunni,1290,shaman,enhancement,180,87,93
39483,Igniis,frostmane,1286,shaman,enhancement,30,19,11
39484,Trollomatic,das-syndikat,1286,shaman,enhancement,54,28,26
39485,Срувтапкии,deathguard,1282,shaman,enhancement,54,29,25
39486,Juliaroberts,ragnaros,1282,shaman,enhancement,93,46,47
39487,Zandali,tarren-mill,1280,shaman,enhancement,78,44,34
39488,Idxbi,kazzak,1279,shaman,enhancement,114,63,51
39489,Manrod,tarren-mill,1279,shaman,enhancement,66,34,32
39490,Rhastasho,archimonde,1271,shaman,enhancement,66,35,31
39491,Delgagalduos,kazzak,1267,shaman,enhancement,48,25,23
39492,Prømetheüs,sanguino,1262,shaman,enhancement,58,35,23
39493,Tornadozzer,burning-legion,1261,shaman,enhancement,36,20,16
39494,Shamaneo,outland,1260,shaman,enhancement,39,26,13
39495,Чернышус,soulflayer,1259,shaman,enhancement,44,20,24
39496,Baineoof,tarren-mill,1259,shaman,enhancement,41,18,23
39497,Psychobarbie,outland,1255,shaman,enhancement,23,14,9
39498,Gõðzilla,blackmoore,1253,shaman,enhancement,34,17,17
39499,Simularcum,kazzak,1252,shaman,enhancement,36,18,18
39500,Тенав,blackscar,1249,shaman,enhancement,48,25,23
39501,Darkstrong,alakir,1248,shaman,enhancement,30,17,13
39502,Ostosmvp,ravencrest,1248,shaman,enhancement,24,13,11
39503,Éàsy,blackmoore,1248,shaman,enhancement,32,16,16
39504,Arcura,twisting-nether,1247,shaman,enhancement,36,21,15
39505,Eclaîr,thrall,1247,shaman,enhancement,30,13,17
39506,Worstshamy,sanguino,1246,shaman,enhancement,18,13,5
39507,Lahur,blackmoore,1246,shaman,enhancement,24,15,9
39508,Громовойбро,blackscar,1242,shaman,enhancement,24,13,11
39509,Tryor,darksorrow,1242,shaman,enhancement,24,13,11
39510,Hichibane,archimonde,1242,shaman,enhancement,30,13,17
39511,Krishun,blackmoore,1242,shaman,enhancement,30,13,17
39512,Nêmônin,perenolde,1241,shaman,enhancement,18,13,5
39513,Katastrofuss,stormscale,1241,shaman,enhancement,53,29,24
39514,Enoughh,the-maelstrom,1241,shaman,enhancement,24,13,11
39515,Noxstorm,frostwolf,1241,shaman,enhancement,48,23,25
39516,Roastbeef,blackrock,1240,shaman,enhancement,38,21,17
39517,Lava,haomarush,1240,shaman,enhancement,24,13,11
39518,Beletili,chogall,1240,shaman,enhancement,65,27,38
39519,Kagurja,blackmoore,1239,shaman,enhancement,18,13,5
39520,Trollden,silvermoon,1239,shaman,enhancement,24,13,11
39521,Чёкнутое,soulflayer,1236,shaman,enhancement,45,26,19
39522,Kolbászlelkü,ragnaros,1236,shaman,enhancement,24,13,11
39523,Movex,arathor,1235,shaman,enhancement,24,13,11
39524,Enkzäm,archimonde,1235,shaman,enhancement,47,23,24
39525,Jameo,drakthul,1235,shaman,enhancement,36,13,23
39526,Karnox,tarren-mill,1235,shaman,enhancement,36,13,23
39527,Тандерхем,gordunni,1234,shaman,enhancement,24,14,10
39528,Видсон,soulflayer,1234,shaman,enhancement,30,14,16
39529,Kargos,stormscale,1234,shaman,enhancement,30,13,17
39530,Convîcted,grim-batol,1230,shaman,enhancement,22,14,8
39531,Cowkiller,minahonda,1229,shaman,enhancement,29,17,12
39532,Элетар,gordunni,1228,shaman,enhancement,60,26,34
39533,Elesilf,sanguino,1226,shaman,enhancement,24,13,11
39534,Blitzviech,aegwynn,1226,shaman,enhancement,29,14,15
39535,Киллдрак,howling-fjord,1225,shaman,enhancement,30,15,15
39536,Slaphappy,hellscream,1221,shaman,enhancement,27,14,13
39537,Mahlga,argent-dawn,1221,shaman,enhancement,102,50,52
39538,Thossa,draenor,1217,shaman,enhancement,82,45,37
39539,Dendyre,outland,1214,shaman,enhancement,29,13,16
39540,Treizelol,ysondre,1210,shaman,enhancement,24,13,11
39541,Rhakhatheckh,nemesis,1208,shaman,enhancement,30,13,17
39542,Yeemayne,outland,1206,shaman,enhancement,18,13,5
39543,Sg,la-croisade-écarlate,1203,shaman,enhancement,55,30,25
39544,Литлсмурф,gordunni,1200,shaman,enhancement,51,21,30
39545,Шамяра,blackscar,1199,shaman,enhancement,18,13,5
39546,Shamomo,hyjal,1199,shaman,enhancement,49,17,32
39547,Tremuchamy,tyrande,1198,shaman,enhancement,39,23,16
39548,Saduria,antonidas,1194,shaman,enhancement,78,44,34
39549,Shreks,frostmane,1194,shaman,enhancement,30,14,16
39550,Bachetobg,darksorrow,1192,shaman,enhancement,53,26,27
39551,Sinkero,hellscream,1192,shaman,enhancement,44,17,27
39552,Allakbarz,stormscale,1190,shaman,enhancement,94,39,55
39553,Talf,tarren-mill,1186,shaman,enhancement,23,13,10
39554,Виндфуриа,gordunni,1185,shaman,enhancement,60,29,31
39555,Быковат,booty-bay,1176,shaman,enhancement,42,16,26
39556,Tashunka,twisting-nether,1175,shaman,enhancement,106,47,59
39557,Grimtøtem,defias-brotherhood,1173,shaman,enhancement,42,18,24
39558,Wolfshade,aggra-português,1172,shaman,enhancement,23,13,10
39559,Yasan,kazzak,1171,shaman,enhancement,37,15,22
39560,Vàlentina,blackmoore,1170,shaman,enhancement,41,24,17
39561,Exinos,sylvanas,1169,shaman,enhancement,35,15,20
39562,Nòrgan,die-aldor,1167,shaman,enhancement,13,13,0
39563,Волкк,soulflayer,1154,shaman,enhancement,37,18,19
39564,Nurychic,twisting-nether,1154,shaman,enhancement,63,24,39
39565,Crespouu,doomhammer,1153,shaman,enhancement,47,25,22
39566,Даркгрон,thermaplugg,1153,shaman,enhancement,36,15,21
39567,Fyrkaz,aegwynn,1152,shaman,enhancement,18,12,6
39568,Gorogoró,kazzak,1152,shaman,enhancement,18,12,6
39569,Тыпроиграл,gordunni,1152,shaman,enhancement,24,12,12
39570,Uselesstwo,archimonde,1152,shaman,enhancement,24,12,12
39571,Cløke,stormscale,1151,shaman,enhancement,18,12,6
39572,Shootinguard,kazzak,1151,shaman,enhancement,18,12,6
39573,Gønêxt,ravencrest,1151,shaman,enhancement,18,12,6
39574,Sangvinus,outland,1151,shaman,enhancement,56,22,34
39575,Altotem,blackmoore,1150,shaman,enhancement,18,12,6
39576,Procctor,kazzak,1149,shaman,enhancement,12,12,0
39577,Litenrolixd,tarren-mill,1149,shaman,enhancement,18,12,6
39578,Scherolol,aegwynn,1149,shaman,enhancement,18,12,6
39579,Dmgaddict,kazzak,1149,shaman,enhancement,24,12,12
39580,Mulf,darksorrow,1148,shaman,enhancement,24,12,12
39581,Shamira,nethersturm,1148,shaman,enhancement,30,12,18
39582,Porphy,kazzak,1147,shaman,enhancement,18,12,6
39583,Famepolîce,blackrock,1147,shaman,enhancement,18,12,6
39584,Kirtach,dun-modr,1146,shaman,enhancement,18,12,6
39585,Lilbantu,ravencrest,1145,shaman,enhancement,24,15,9
39586,Aquæ,suramar,1145,shaman,enhancement,128,68,60
39587,Zevissh,outland,1144,shaman,enhancement,24,12,12
39588,Ishokyou,thrall,1143,shaman,enhancement,32,13,19
39589,Maurrigan,rashgarroth,1142,shaman,enhancement,18,12,6
39590,Hedjin,argent-dawn,1142,shaman,enhancement,48,24,24
39591,Ðexx,stormscale,1141,shaman,enhancement,18,12,6
39592,Shock,magtheridon,1140,shaman,enhancement,29,17,12
39593,Humming,sanguino,1140,shaman,enhancement,27,14,13
39594,Brooce,sylvanas,1140,shaman,enhancement,30,12,18
39595,Patites,twisting-nether,1139,shaman,enhancement,30,13,17
39596,Ipbar,blackrock,1137,shaman,enhancement,24,13,11
39597,Zzadoxor,doomhammer,1134,shaman,enhancement,24,12,12
39598,Pøllemodex,frostwhisper,1132,shaman,enhancement,25,13,12
39599,Madbud,stormscale,1129,shaman,enhancement,23,12,11
39600,Плюжка,greymane,1127,shaman,enhancement,122,62,60
39601,Stormrex,magtheridon,1124,shaman,enhancement,60,31,29
39602,Jaykezap,kazzak,1118,shaman,enhancement,23,12,11
39603,Precíous,sporeggar,1115,shaman,enhancement,34,19,15
39604,Bumm,twisting-nether,1115,shaman,enhancement,36,15,21
39605,Windfury,sylvanas,1113,shaman,enhancement,47,22,25
39606,Акер,deathguard,1108,shaman,enhancement,24,14,10
39607,Тотемныйчад,gordunni,1104,shaman,enhancement,28,13,15
39608,Боргрим,eversong,1104,shaman,enhancement,46,17,29
39609,Biglynx,sanguino,1103,shaman,enhancement,108,60,48
39610,Dakotasham,ravencrest,1102,shaman,enhancement,17,12,5
39611,Eneruswag,draenor,1098,shaman,enhancement,29,14,15
39612,Ипа,thermaplugg,1095,shaman,enhancement,36,18,18
39613,Тоннимонтана,howling-fjord,1090,shaman,enhancement,20,13,7
39614,Janserey,burning-legion,1090,shaman,enhancement,30,12,18
39615,Kertunsisko,emeriss,1088,shaman,enhancement,36,12,24
39616,Kringspierce,twisting-nether,1086,shaman,enhancement,55,34,21
39617,Хмелецкий,soulflayer,1085,shaman,enhancement,30,18,12
39618,Khamo,twisting-nether,1085,shaman,enhancement,23,12,11
39619,Eleboss,frostwolf,1082,shaman,enhancement,42,24,18
39620,Wargriman,kelthuzad,1081,shaman,enhancement,24,15,9
39621,Эсфира,ashenvale,1079,shaman,enhancement,41,20,21
39622,Snoc,guldan,1077,shaman,enhancement,57,26,31
39623,Bábbajaggí,blackrock,1077,shaman,enhancement,30,13,17
39624,Namrdak,quelthalas,1071,shaman,enhancement,24,13,11
39625,Анашишка,borean-tundra,1069,shaman,enhancement,42,16,26
39626,Zmech,chamber-of-aspects,1068,shaman,enhancement,25,12,13
39627,Hodir,bronzebeard,1064,shaman,enhancement,22,12,10
39628,Oddsocks,stormscale,1064,shaman,enhancement,30,12,18
39629,Blutschrei,tarren-mill,1063,shaman,enhancement,75,26,49
39630,Vaesk,auchindoun,1062,shaman,enhancement,24,12,12
39631,Харрум,soulflayer,1061,shaman,enhancement,56,29,27
39632,Daelements,shadowsong,1059,shaman,enhancement,27,13,14
39633,Esciamano,nemesis,1056,shaman,enhancement,35,23,12
39634,Enh,archimonde,1056,shaman,enhancement,18,11,7
39635,Kärmá,stormscale,1056,shaman,enhancement,18,11,7
39636,Axiiom,draenor,1056,shaman,enhancement,18,11,7
39637,Fòóxi,ravencrest,1056,shaman,enhancement,156,82,74
39638,Kelvok,silvermoon,1055,shaman,enhancement,18,11,7
39639,Pay,stormscale,1055,shaman,enhancement,18,11,7
39640,Юрахафанбой,blackscar,1055,shaman,enhancement,18,11,7
39641,Shámi,gilneas,1055,shaman,enhancement,24,11,13
39642,Иллюминэйшн,soulflayer,1055,shaman,enhancement,24,11,13
39643,Trobø,ravencrest,1055,shaman,enhancement,33,12,21
39644,Berserked,emeriss,1054,shaman,enhancement,18,11,7
39645,Eliaap,antonidas,1054,shaman,enhancement,153,71,82
39646,Electricgødx,tarren-mill,1053,shaman,enhancement,18,11,7
39647,Drexx,thrall,1053,shaman,enhancement,18,11,7
39648,Razush,draenor,1053,shaman,enhancement,18,11,7
39649,Hitmeagain,blackhand,1053,shaman,enhancement,24,11,13
39650,Othu,ragnaros,1053,shaman,enhancement,24,11,13
39651,Swooch,shattered-hand,1051,shaman,enhancement,12,11,1
39652,Hopefully,eredar,1050,shaman,enhancement,18,11,7
39653,Foulecamp,archimonde,1050,shaman,enhancement,24,11,13
39654,Rorenth,blackhand,1049,shaman,enhancement,68,35,33
39655,Erupted,draenor,1049,shaman,enhancement,30,11,19
39656,Jarrek,draenor,1048,shaman,enhancement,24,11,13
39657,Щцц,soulflayer,1047,shaman,enhancement,18,11,7
39658,Интендо,soulflayer,1046,shaman,enhancement,18,11,7
39659,Navy,frostwolf,1046,shaman,enhancement,18,11,7
39660,Sitkosham,burning-blade,1046,shaman,enhancement,24,11,13
39661,Draugrinns,tarren-mill,1045,shaman,enhancement,18,11,7
39662,Shamrøck,archimonde,1042,shaman,enhancement,30,15,15
39663,Puncochar,zuljin,1042,shaman,enhancement,24,11,13
39664,Vrontes,kazzak,1042,shaman,enhancement,24,11,13
39665,Quartodebue,nemesis,1041,shaman,enhancement,18,11,7
39666,Burghezu,magtheridon,1038,shaman,enhancement,36,20,16
39667,Murog,dalaran,1035,shaman,enhancement,19,12,7
39668,Philcallings,tarren-mill,1035,shaman,enhancement,21,12,9
39669,Barbebiendur,archimonde,1027,shaman,enhancement,30,13,17
39670,Wioda,silvermoon,1025,shaman,enhancement,47,27,20
39671,Мсет,soulflayer,1023,shaman,enhancement,17,11,6
39672,Åkra,kazzak,1021,shaman,enhancement,22,11,11
39673,Øzy,sanguino,1016,shaman,enhancement,18,12,6
39674,Zugzie,draenor,1016,shaman,enhancement,36,14,22
39675,Kushme,silvermoon,1014,shaman,enhancement,84,36,48
39676,Бойкийкот,gordunni,1013,shaman,enhancement,30,12,18
39677,Pelorta,zuljin,1004,shaman,enhancement,17,11,6
39678,Chamtroulku,ysondre,1001,shaman,enhancement,23,11,12
39679,Shds,blackmoore,1000,shaman,enhancement,27,14,13
39680,Izaarleus,argent-dawn,986,shaman,enhancement,29,11,18
39681,Шалман,thermaplugg,979,shaman,enhancement,221,100,121
39682,Yunero,argent-dawn,975,shaman,enhancement,19,11,8
39683,Robzn,blackrock,960,shaman,enhancement,12,10,2
39684,Dumhuvud,stormscale,960,shaman,enhancement,12,10,2
39685,Getahex,ravencrest,960,shaman,enhancement,12,10,2
39686,Billburr,aegwynn,960,shaman,enhancement,12,10,2
39687,Gixor,silvermoon,960,shaman,enhancement,12,10,2
39688,Miøn,kazzak,960,shaman,enhancement,12,10,2
39689,Tätschentim,blackrock,960,shaman,enhancement,12,10,2
39690,Bullet,blackmoore,960,shaman,enhancement,18,10,8
39691,Dumbasha,ravencrest,960,shaman,enhancement,18,10,8
39692,Биттерлинкс,blackscar,960,shaman,enhancement,18,10,8
39693,Crysis,sanguino,960,shaman,enhancement,18,10,8
39694,Mëditåtïøñ,blackrock,960,shaman,enhancement,24,10,14
39695,Рыганский,blackscar,960,shaman,enhancement,30,10,20
39696,Ræi,drakthul,959,shaman,enhancement,12,10,2
39697,Акаварри,gordunni,959,shaman,enhancement,12,10,2
39698,Sûckmytotem,ragnaros,959,shaman,enhancement,18,10,8
39699,Lavalordd,tarren-mill,959,shaman,enhancement,18,10,8
39700,Windypops,tarren-mill,959,shaman,enhancement,18,10,8
39701,Evííl,tarren-mill,958,shaman,enhancement,12,10,2
39702,Numeschnäu,eredar,958,shaman,enhancement,12,10,2
39703,Ugory,die-aldor,958,shaman,enhancement,12,10,2
39704,Hurb,malorne,958,shaman,enhancement,18,10,8
39705,Myngo,thrall,958,shaman,enhancement,18,10,8
39706,Veteroth,argent-dawn,958,shaman,enhancement,24,10,14
39707,Miriam,stormreaver,957,shaman,enhancement,18,10,8
39708,Ðreamz,kaelthas,957,shaman,enhancement,28,11,17
39709,Shockndawe,kazzak,956,shaman,enhancement,18,10,8
39710,Pushs,archimonde,956,shaman,enhancement,18,10,8
39711,Towi,krasus,955,shaman,enhancement,12,10,2
39712,Tism,stormscale,955,shaman,enhancement,19,10,9
39713,Krakennm,dalaran,955,shaman,enhancement,61,28,33
39714,Pureflame,silvermoon,955,shaman,enhancement,24,10,14
39715,Tufftnamn,frostmane,955,shaman,enhancement,24,10,14
39716,Nâs,kazzak,955,shaman,enhancement,24,10,14
39717,Charth,ravencrest,954,shaman,enhancement,49,18,31
39718,Ðragaø,kazzak,951,shaman,enhancement,18,10,8
39719,Nazma,blackhand,949,shaman,enhancement,12,10,2
39720,Kohnân,hyjal,949,shaman,enhancement,18,10,8
39721,Rushfabi,aegwynn,948,shaman,enhancement,24,10,14
39722,Wuchtzwerg,terrordar,945,shaman,enhancement,12,10,2
39723,Xakum,stormscale,944,shaman,enhancement,12,10,2
39724,Свистт,fordragon,939,shaman,enhancement,36,10,26
39725,Чухмандос,gordunni,932,shaman,enhancement,23,11,12
39726,Cementatar,burning-blade,931,shaman,enhancement,24,10,14
39727,Korzo,amanthul,928,shaman,enhancement,16,11,5
39728,Nethershock,blackmoore,928,shaman,enhancement,84,44,40
39729,Elrayitos,shendralar,927,shaman,enhancement,22,10,12
39730,Ryujìñjakka,culte-de-la-rive-noire,919,shaman,enhancement,24,12,12
39731,Sardemar,defias-brotherhood,914,shaman,enhancement,24,13,11
39732,Twotwozero,defias-brotherhood,908,shaman,enhancement,35,14,21
39733,Тыщатристах,howling-fjord,903,shaman,enhancement,18,11,7
39734,Varagun,argent-dawn,903,shaman,enhancement,25,11,14
39735,Kireekoura,tarren-mill,901,shaman,enhancement,21,10,11
39736,Cràfty,blackrock,893,shaman,enhancement,20,10,10
39737,Cimer,sargeras,888,shaman,enhancement,81,33,48
39738,Mimsy,hyjal,876,shaman,enhancement,53,21,32
39739,Chronochrome,chamber-of-aspects,872,shaman,enhancement,63,29,34
39740,Mendoz,nazjatar,869,shaman,enhancement,72,33,39
39741,Turbothea,blackmoore,864,shaman,enhancement,12,9,3
39742,Faroh,ravencrest,864,shaman,enhancement,12,9,3
39743,Йодаримару,howling-fjord,864,shaman,enhancement,12,9,3
39744,Nachosauce,tarren-mill,864,shaman,enhancement,12,9,3
39745,Vargen,arygos,864,shaman,enhancement,12,9,3
39746,Blackyx,dun-modr,864,shaman,enhancement,12,9,3
39747,Martini,tichondrius,864,shaman,enhancement,15,10,5
39748,Politemanner,stormscale,864,shaman,enhancement,18,9,9
39749,Dwarfovic,ravencrest,864,shaman,enhancement,18,9,9
39750,Chehkhan,archimonde,864,shaman,enhancement,19,9,10
39751,Stormlash,shattered-halls,863,shaman,enhancement,12,9,3
39752,Maddogxz,frostwolf,863,shaman,enhancement,12,9,3
39753,Шамунчез,gordunni,863,shaman,enhancement,12,9,3
39754,Ghobi,blackrock,863,shaman,enhancement,12,9,3
39755,Morkyy,thrall,863,shaman,enhancement,12,9,3
39756,Réläx,kazzak,863,shaman,enhancement,18,9,9
39757,Keisys,kazzak,863,shaman,enhancement,18,9,9
39758,Taraesh,blackhand,863,shaman,enhancement,18,9,9
39759,Jhagy,archimonde,863,shaman,enhancement,18,9,9
39760,Shockrates,pozzo-delleternità,863,shaman,enhancement,18,9,9
39761,Shyne,vashj,863,shaman,enhancement,18,9,9
39762,Nìno,azshara,863,shaman,enhancement,18,9,9
39763,Zðhan,azshara,863,shaman,enhancement,18,9,9
39764,Nuclearjohny,eredar,863,shaman,enhancement,24,9,15
39765,Sgtspyke,ragnaros,863,shaman,enhancement,24,9,15
39766,Nøve,nemesis,862,shaman,enhancement,12,9,3
39767,Reisti,stormscale,862,shaman,enhancement,12,9,3
39768,Azrodas,defias-brotherhood,862,shaman,enhancement,18,9,9
39769,Tuncha,runetotem,862,shaman,enhancement,18,9,9
39770,Brigantino,burning-legion,862,shaman,enhancement,18,9,9
39771,Ulvur,blackhand,862,shaman,enhancement,18,9,9
39772,Shoockwave,twisting-nether,862,shaman,enhancement,18,9,9
39773,Hailele,argent-dawn,862,shaman,enhancement,18,9,9
39774,Pissluffer,tarren-mill,862,shaman,enhancement,18,9,9
39775,Jaydc,silvermoon,862,shaman,enhancement,22,9,13
39776,Ордосус,gordunni,862,shaman,enhancement,24,9,15
39777,Yabadabadoo,burning-legion,861,shaman,enhancement,18,9,9
39778,Relampago,eredar,861,shaman,enhancement,18,9,9
39779,Ягном,soulflayer,860,shaman,enhancement,24,9,15
39780,Jockin,tarren-mill,860,shaman,enhancement,24,9,15
39781,Gälädhan,ysondre,859,shaman,enhancement,24,12,12
39782,Doclava,twisting-nether,859,shaman,enhancement,18,9,9
39783,Shockaibo,drakthul,859,shaman,enhancement,24,9,15
39784,Furioous,ravencrest,857,shaman,enhancement,18,9,9
39785,Théar,ravencrest,856,shaman,enhancement,18,9,9
39786,Yzeed,argent-dawn,856,shaman,enhancement,18,9,9
39787,Рэйпушка,gordunni,847,shaman,enhancement,23,9,14
39788,Stubby,nagrand,843,shaman,enhancement,25,11,14
39789,Elcoustillou,throkferoth,834,shaman,enhancement,42,12,30
39790,Propanengtmr,stormscale,831,shaman,enhancement,17,9,8
39791,Мигнтз,soulflayer,831,shaman,enhancement,17,9,8
39792,Guqin,ravencrest,825,shaman,enhancement,22,9,13
39793,Deeblu,nemesis,821,shaman,enhancement,24,9,15
39794,Рокмару,soulflayer,808,shaman,enhancement,29,11,18
39795,Vix,argent-dawn,799,shaman,enhancement,14,9,5
39796,Nuluadroguri,twisting-nether,793,shaman,enhancement,22,9,13
39797,Hamstéole,hyjal,784,shaman,enhancement,16,9,7
39798,Razgriz,confrérie-du-thorium,784,shaman,enhancement,19,9,10
39799,Koiru,argent-dawn,782,shaman,enhancement,19,9,10
39800,Cocolopez,tichondrius,768,shaman,enhancement,12,8,4
39801,Thunderdøme,stormscale,768,shaman,enhancement,12,8,4
39802,Achtungblitz,blackrock,768,shaman,enhancement,12,8,4
39803,Trulor,stormscale,768,shaman,enhancement,12,8,4
39804,Healníx,ravencrest,768,shaman,enhancement,12,8,4
39805,Lytningx,ravencrest,768,shaman,enhancement,12,8,4
39806,Sleven,twisting-nether,768,shaman,enhancement,12,8,4
39807,Kilnih,archimonde,768,shaman,enhancement,12,8,4
39808,Dêblâzê,thrall,768,shaman,enhancement,12,8,4
39809,Бурапи,howling-fjord,768,shaman,enhancement,12,8,4
39810,Махош,blackscar,768,shaman,enhancement,12,8,4
39811,Maksimon,blackrock,768,shaman,enhancement,12,8,4
39812,Драгенхз,gordunni,768,shaman,enhancement,12,8,4
39813,Qätär,ravencrest,768,shaman,enhancement,12,8,4
39814,Kuse,blackmoore,768,shaman,enhancement,12,8,4
39815,Khorgam,twisting-nether,768,shaman,enhancement,12,8,4
39816,Curioustowel,kazzak,768,shaman,enhancement,12,8,4
39817,Drade,aegwynn,768,shaman,enhancement,14,8,6
39818,Paschol,aegwynn,768,shaman,enhancement,18,8,10
39819,Gnomecake,vashj,768,shaman,enhancement,18,8,10
39820,Bmtotem,twisting-nether,768,shaman,enhancement,18,8,10
39821,Naahma,hyjal,768,shaman,enhancement,24,8,16
39822,Babal,outland,768,shaman,enhancement,24,8,16
39823,Айспик,ashenvale,768,shaman,enhancement,24,8,16
39824,Ichboxdich,madmortem,767,shaman,enhancement,12,8,4
39825,Wawawoowee,archimonde,767,shaman,enhancement,12,8,4
39826,Windshockah,tarren-mill,767,shaman,enhancement,12,8,4
39827,Complete,hyjal,767,shaman,enhancement,12,8,4
39828,Wonderman,jaedenar,767,shaman,enhancement,12,8,4
39829,Yasaburo,silvermoon,767,shaman,enhancement,12,8,4
39830,Darhgan,argent-dawn,767,shaman,enhancement,12,8,4
39831,Rodneymullen,tarren-mill,767,shaman,enhancement,12,8,4
39832,Bantzer,twisting-nether,767,shaman,enhancement,15,8,7
39833,Nínive,zuljin,767,shaman,enhancement,18,8,10
39834,Yelawolf,shattered-hand,767,shaman,enhancement,18,8,10
39835,Zaappyboii,azjolnerub,767,shaman,enhancement,18,8,10
39836,Carlos,magtheridon,767,shaman,enhancement,18,8,10
39837,Szamanito,turalyon,767,shaman,enhancement,18,8,10
39838,Tschacô,malganis,767,shaman,enhancement,18,8,10
39839,Tonifo,nemesis,767,shaman,enhancement,18,8,10
39840,Neroty,blackmoore,767,shaman,enhancement,18,8,10
39841,Târu,blackrock,766,shaman,enhancement,24,8,16
39842,Goatsandoats,doomhammer,765,shaman,enhancement,12,8,4
39843,Niveamann,eredar,765,shaman,enhancement,12,8,4
39844,Lôù,archimonde,765,shaman,enhancement,18,8,10
39845,Runeksham,tarren-mill,765,shaman,enhancement,18,8,10
39846,Ronctaha,blackrock,764,shaman,enhancement,12,8,4
39847,Proccazu,draenor,764,shaman,enhancement,18,8,10
39848,Carusø,thrall,764,shaman,enhancement,18,8,10
39849,Strygwyrl,doomhammer,764,shaman,enhancement,18,8,10
39850,Biphrost,nemesis,764,shaman,enhancement,24,9,15
39851,Hectoraïus,ysondre,763,shaman,enhancement,18,8,10
39852,Зулкунд,soulflayer,763,shaman,enhancement,18,8,10
39853,Jangal,die-nachtwache,762,shaman,enhancement,12,8,4
39854,Gibspark,twisting-nether,762,shaman,enhancement,12,8,4
39855,Maulstrom,pozzo-delleternità,762,shaman,enhancement,12,8,4
39856,Gárrok,nerathor,761,shaman,enhancement,18,8,10
39857,Hyamala,chamber-of-aspects,757,shaman,enhancement,18,8,10
39858,Шамблабла,soulflayer,756,shaman,enhancement,30,8,22
39859,Нуишам,soulflayer,755,shaman,enhancement,12,8,4
39860,Fotmslave,laughing-skull,749,shaman,enhancement,15,10,5
39861,Xilz,twisting-nether,748,shaman,enhancement,23,8,15
39862,Ластыч,borean-tundra,744,shaman,enhancement,18,8,10
39863,Asogg,archimonde,743,shaman,enhancement,24,9,15
39864,Залазани,soulflayer,735,shaman,enhancement,18,8,10
39865,Negårn,tarren-mill,719,shaman,enhancement,11,8,3
39866,Nezuka,turalyon,716,shaman,enhancement,17,8,9
39867,Ihealbro,blackrock,714,shaman,enhancement,16,11,5
39868,Pospodrol,ragnaros,704,shaman,enhancement,16,8,8
39869,Faridstreng,blackmoore,703,shaman,enhancement,11,8,3
39870,Spajry,drakthul,702,shaman,enhancement,14,8,6
39871,Lavashock,tarren-mill,700,shaman,enhancement,28,8,20
39872,Chàrlord,twisting-nether,688,shaman,enhancement,19,8,11
39873,Tiamât,culte-de-la-rive-noire,685,shaman,enhancement,19,8,11
39874,Магмарончик,gordunni,681,shaman,enhancement,26,8,18
39875,Bärtigeberta,aegwynn,672,shaman,enhancement,10,8,2
39876,Vutututututu,ragnaros,672,shaman,enhancement,12,7,5
39877,Turbostuck,ravencrest,672,shaman,enhancement,12,7,5
39878,Инсэйнгодх,soulflayer,672,shaman,enhancement,12,7,5
39879,Aspên,archimonde,672,shaman,enhancement,12,7,5
39880,Runè,azjolnerub,672,shaman,enhancement,12,7,5
39881,Virrogs,argent-dawn,672,shaman,enhancement,12,7,5
39882,Eomsham,magtheridon,672,shaman,enhancement,12,7,5
39883,Tswiftx,tarren-mill,672,shaman,enhancement,12,7,5
39884,Relentlessqt,aegwynn,672,shaman,enhancement,12,7,5
39885,Metalbeef,xavius,672,shaman,enhancement,12,7,5
39886,Trixey,mazrigos,672,shaman,enhancement,12,7,5
39887,Proper,tichondrius,672,shaman,enhancement,12,7,5
39888,Likê,aegwynn,672,shaman,enhancement,12,7,5
39889,Preams,blackrock,672,shaman,enhancement,12,7,5
39890,Roineé,draenor,672,shaman,enhancement,12,7,5
39891,Djonebutton,kazzak,672,shaman,enhancement,12,7,5
39892,Akatuseiwah,blackrock,672,shaman,enhancement,12,7,5
39893,Earthshot,magtheridon,672,shaman,enhancement,18,7,11
39894,Horiq,kazzak,672,shaman,enhancement,18,7,11
39895,Boulestraan,silvermoon,672,shaman,enhancement,18,7,11
39896,Нерезшок,soulflayer,672,shaman,enhancement,18,7,11
39897,Tzivati,draenor,672,shaman,enhancement,18,7,11
39898,Irmax,stormscale,672,shaman,enhancement,18,7,11
39899,Swoltz,argent-dawn,672,shaman,enhancement,24,7,17
39900,Rutil,blackhand,671,shaman,enhancement,12,7,5
39901,Splat,burning-blade,671,shaman,enhancement,12,7,5
39902,Dénekha,zuljin,671,shaman,enhancement,12,7,5
39903,Thalmorius,argent-dawn,671,shaman,enhancement,12,7,5
39904,Dwarfofwar,ravencrest,671,shaman,enhancement,12,7,5
39905,Джоннси,howling-fjord,671,shaman,enhancement,12,7,5
39906,Okmogar,khaz-modan,671,shaman,enhancement,12,7,5
39907,Stormfury,balnazzar,671,shaman,enhancement,12,7,5
39908,Birnenpfeffi,malfurion,671,shaman,enhancement,12,7,5
39909,Gyuksz,arathor,671,shaman,enhancement,15,7,8
39910,Götveren,eredar,671,shaman,enhancement,18,7,11
39911,Xwitchdoctor,draenor,671,shaman,enhancement,18,7,11
39912,Bigmassage,blackmoore,671,shaman,enhancement,18,7,11
39913,Cbshaman,sylvanas,671,shaman,enhancement,18,7,11
39914,Fanatroka,ravencrest,671,shaman,enhancement,18,7,11
39915,Promethxis,silvermoon,671,shaman,enhancement,18,7,11
39916,Sajma,silvermoon,671,shaman,enhancement,18,7,11
39917,Florgegoyd,eredar,670,shaman,enhancement,12,7,5
39918,Skólt,blackrock,670,shaman,enhancement,17,8,9
39919,Phizzik,ravencrest,670,shaman,enhancement,18,7,11
39920,Silko,wrathbringer,670,shaman,enhancement,18,7,11
39921,Elijaá,nordrassil,670,shaman,enhancement,18,7,11
39922,Shockýbalboa,ragnaros,670,shaman,enhancement,18,7,11
39923,Cool,tarren-mill,670,shaman,enhancement,21,8,13
39924,Sacrx,dalaran,670,shaman,enhancement,24,7,17
39925,Ironsidé,ragnaros,668,shaman,enhancement,18,7,11
39926,Wartay,doomhammer,667,shaman,enhancement,12,7,5
39927,Spirites,drakthul,667,shaman,enhancement,12,7,5
39928,Welgor,kult-der-verdammten,667,shaman,enhancement,12,7,5
39929,Viandehachee,dalaran,667,shaman,enhancement,12,7,5
39930,Rylidare,khaz-modan,662,shaman,enhancement,12,7,5
39931,Shelara,drakthul,658,shaman,enhancement,12,7,5
39932,Фролыч,deathguard,645,shaman,enhancement,23,9,14
39933,Maskiimon,blackrock,639,shaman,enhancement,14,8,6
39934,Hemradi,blackmoore,638,shaman,enhancement,11,7,4
39935,Ивми,gordunni,623,shaman,enhancement,11,7,4
39936,Xereús,kazzak,623,shaman,enhancement,17,7,10
39937,Oldstorm,ravencrest,618,shaman,enhancement,22,10,12
39938,Zerodown,outland,614,shaman,enhancement,20,8,12
39939,Skillxdxdxd,outland,608,shaman,enhancement,16,7,9
39940,Brotein,blackmoore,576,shaman,enhancement,6,6,0
39941,Mowjo,la-croisade-écarlate,576,shaman,enhancement,6,6,0
39942,Blyxuhm,argent-dawn,576,shaman,enhancement,6,6,0
39943,Биттерлинкс,soulflayer,576,shaman,enhancement,12,6,6
39944,Pinkylol,stormscale,576,shaman,enhancement,12,6,6
39945,Barneyflight,ravencrest,576,shaman,enhancement,12,6,6
39946,Gruggosh,argent-dawn,576,shaman,enhancement,12,6,6
39947,Рскувосемь,soulflayer,576,shaman,enhancement,12,6,6
39948,Tzaish,blackmoore,576,shaman,enhancement,12,6,6
39949,Klintxbob,hyjal,576,shaman,enhancement,12,6,6
39950,Searfang,korgall,576,shaman,enhancement,12,6,6
39951,Dami,die-aldor,576,shaman,enhancement,12,6,6
39952,Elemefayoh,tarren-mill,576,shaman,enhancement,12,6,6
39953,Imotii,burning-legion,576,shaman,enhancement,12,6,6
39954,Detestable,eredar,576,shaman,enhancement,12,6,6
39955,Lafia,blackrock,576,shaman,enhancement,12,6,6
39956,Degstaerian,ysera,576,shaman,enhancement,12,6,6
39957,Purada,blackrock,576,shaman,enhancement,12,6,6
39958,Dwarfstil,blackmoore,576,shaman,enhancement,12,6,6
39959,Вайгачи,soulflayer,576,shaman,enhancement,12,6,6
39960,Амфеминка,gordunni,576,shaman,enhancement,12,6,6
39961,Szelenamoonx,outland,576,shaman,enhancement,12,6,6
39962,Murdá,ravencrest,576,shaman,enhancement,12,6,6
39963,Noneedshaman,stormscale,576,shaman,enhancement,12,6,6
39964,ßaßystärz,hyjal,576,shaman,enhancement,12,6,6
39965,Thunderwill,sanguino,576,shaman,enhancement,12,6,6
39966,Lurtax,outland,576,shaman,enhancement,12,6,6
39967,Kral,defias-brotherhood,576,shaman,enhancement,12,6,6
39968,Tharma,blackmoore,576,shaman,enhancement,12,6,6
39969,Thëhêxfäçtør,tarren-mill,576,shaman,enhancement,12,6,6
39970,Tunae,azjolnerub,576,shaman,enhancement,17,8,9
39971,Bloodlusts,archimonde,576,shaman,enhancement,13,6,7
39972,Эйнхарий,howling-fjord,576,shaman,enhancement,18,6,12
39973,Haasshaman,ravencrest,576,shaman,enhancement,18,6,12
39974,Dagoahgra,sanguino,576,shaman,enhancement,18,6,12
39975,Apolomaeuz,frostwolf,575,shaman,enhancement,12,6,6
39976,Finni,hyjal,575,shaman,enhancement,12,6,6
39977,Rink,frostmane,575,shaman,enhancement,12,6,6
39978,Dunî,tarren-mill,575,shaman,enhancement,12,6,6
39979,Dergat,pozzo-delleternità,575,shaman,enhancement,12,6,6
39980,Tatyabis,drekthar,575,shaman,enhancement,12,6,6
39981,Мамонтшам,howling-fjord,575,shaman,enhancement,12,6,6
39982,Rykarn,eredar,575,shaman,enhancement,15,7,8
39983,Hexrated,draenor,575,shaman,enhancement,15,7,8
39984,Shawnmendes,kazzak,575,shaman,enhancement,15,7,8
39985,Ashgar,drakthul,575,shaman,enhancement,18,6,12
39986,Jorny,burning-legion,575,shaman,enhancement,24,6,18
39987,Zerandolix,blackrock,574,shaman,enhancement,14,6,8
39988,Chamaiko,kaelthas,574,shaman,enhancement,18,6,12
39989,Gruldo,tarren-mill,574,shaman,enhancement,24,6,18
39990,Shamsterr,karazhan,573,shaman,enhancement,12,6,6
39991,Zuziki,argent-dawn,573,shaman,enhancement,12,6,6
39992,Дядяшаман,gordunni,573,shaman,enhancement,24,6,18
39993,Shaminista,ravencrest,571,shaman,enhancement,12,6,6
39994,Агирук,goldrinn,564,shaman,enhancement,13,6,7
39995,Hurtigtotem,ravencrest,558,shaman,enhancement,15,7,8
39996,Капарис,deathweaver,527,shaman,enhancement,15,6,9
39997,Teyshtwö,archimonde,522,shaman,enhancement,14,7,7
39998,Pocahøntas,archimonde,522,shaman,enhancement,21,7,14
39999,Whizjy,sanguino,521,shaman,enhancement,22,9,13
40000,Xhahal,hyjal,521,shaman,enhancement,19,7,12
40001,Тмх,ashenvale,512,shaman,enhancement,16,6,10
40002,Guzguzguz,blackhand,511,shaman,enhancement,14,6,8
40003,Ruintotems,twisting-nether,510,shaman,enhancement,11,7,4
40004,Pïdòrás,kazzak,480,shaman,enhancement,6,5,1
40005,Tauridus,blackrock,480,shaman,enhancement,6,5,1
40006,Velkin,thrall,480,shaman,enhancement,6,5,1
40007,Nargaz,burning-legion,480,shaman,enhancement,6,5,1
40008,Seaview,silvermoon,480,shaman,enhancement,6,5,1
40009,Jumborumbo,quelthalas,480,shaman,enhancement,6,5,1
40010,Øutfox,silvermoon,480,shaman,enhancement,6,5,1
40011,Matrixxer,aegwynn,480,shaman,enhancement,6,5,1
40012,Ericlomax,frostwhisper,480,shaman,enhancement,6,5,1
40013,Genrok,burning-blade,480,shaman,enhancement,6,5,1
40014,Ybbarcs,eredar,480,shaman,enhancement,6,5,1
40015,Onefurall,ragnaros,480,shaman,enhancement,6,5,1
40016,Podoroschnik,blackmoore,480,shaman,enhancement,6,5,1
40017,Svetosham,wildhammer,480,shaman,enhancement,6,5,1
40018,Wooyoungsham,sylvanas,480,shaman,enhancement,6,5,1
40019,Ðevi,ravencrest,480,shaman,enhancement,6,5,1
40020,Таиров,soulflayer,480,shaman,enhancement,6,5,1
40021,Lightning,aszune,480,shaman,enhancement,6,5,1
40022,Windsòng,stormscale,480,shaman,enhancement,6,5,1
40023,Magharro,kazzak,480,shaman,enhancement,6,5,1
40024,Synergizer,kazzak,480,shaman,enhancement,6,5,1
40025,Medoje,argent-dawn,480,shaman,enhancement,6,5,1
40026,Earthquaker,the-maelstrom,480,shaman,enhancement,6,5,1
40027,Xelphia,frostmane,480,shaman,enhancement,12,5,7
40028,Kabard,silvermoon,480,shaman,enhancement,12,5,7
40029,Teaboï,hyjal,480,shaman,enhancement,12,5,7
40030,Mistahbeard,stormscale,480,shaman,enhancement,12,5,7
40031,Batan,kazzak,480,shaman,enhancement,12,5,7
40032,Grolifer,archimonde,480,shaman,enhancement,12,5,7
40033,Haldrim,blackmoore,480,shaman,enhancement,12,5,7
40034,Дректаш,soulflayer,480,shaman,enhancement,12,5,7
40035,Дротчим,soulflayer,480,shaman,enhancement,12,5,7
40036,Apócalypsee,ravencrest,480,shaman,enhancement,12,5,7
40037,Эрхус,soulflayer,480,shaman,enhancement,12,5,7
40038,Skrewu,stormscale,480,shaman,enhancement,12,5,7
40039,Volcanò,outland,480,shaman,enhancement,12,5,7
40040,Thunderpath,ragnaros,480,shaman,enhancement,12,5,7
40041,Tempóralex,blackhand,480,shaman,enhancement,12,5,7
40042,Hurik,sylvanas,480,shaman,enhancement,12,5,7
40043,Lilmarco,stormreaver,480,shaman,enhancement,12,5,7
40044,Tordenlars,ragnaros,480,shaman,enhancement,12,5,7
40045,Fiden,drakthul,480,shaman,enhancement,12,5,7
40046,Ñax,silvermoon,480,shaman,enhancement,12,5,7
40047,Axahavregryn,kazzak,480,shaman,enhancement,12,5,7
40048,Neystee,archimonde,480,shaman,enhancement,12,5,7
40049,Ogmehu,stormreaver,480,shaman,enhancement,12,5,7
40050,Bowtenstorm,ravencrest,480,shaman,enhancement,12,5,7
40051,Shuyö,kazzak,480,shaman,enhancement,12,5,7
40052,Rahtafary,sanguino,480,shaman,enhancement,12,5,7
40053,Zarosh,los-errantes,480,shaman,enhancement,12,5,7
40054,Hobblefoot,stormscale,480,shaman,enhancement,12,5,7
40055,Grosgourdin,la-croisade-écarlate,480,shaman,enhancement,12,5,7
40056,Rejrax,ravencrest,480,shaman,enhancement,12,5,7
40057,Guzz,cthun,480,shaman,enhancement,12,5,7
40058,Purgey,ravencrest,480,shaman,enhancement,12,5,7
40059,Pank,kazzak,480,shaman,enhancement,12,5,7
40060,Madzÿ,archimonde,480,shaman,enhancement,12,5,7
40061,Sinwithin,ravencrest,480,shaman,enhancement,12,5,7
40062,Duhdelido,ravencrest,480,shaman,enhancement,12,5,7
40063,Hiron,sylvanas,480,shaman,enhancement,18,5,13
40064,Tholatir,silvermoon,480,shaman,enhancement,18,5,13
40065,Awsomo,ravencrest,480,shaman,enhancement,18,5,13
40066,Halliane,ysondre,480,shaman,enhancement,24,5,19
40067,Brassefrasse,shattered-hand,479,shaman,enhancement,6,5,1
40068,Sifu,ragnaros,479,shaman,enhancement,6,5,1
40069,Slavazsu,draenor,479,shaman,enhancement,6,5,1
40070,Aznan,burning-legion,479,shaman,enhancement,12,5,7
40071,Durotansan,ragnaros,479,shaman,enhancement,12,5,7
40072,Chamrøck,hyjal,479,shaman,enhancement,12,5,7
40073,Shamananas,antonidas,479,shaman,enhancement,18,5,13
40074,Kaybiel,magtheridon,478,shaman,enhancement,12,5,7
40075,Rockymarciia,dalaran,477,shaman,enhancement,6,5,1
40076,Asstroy,sanguino,477,shaman,enhancement,6,5,1
40077,Weaslêy,frostwolf,477,shaman,enhancement,12,5,7
40078,Shockdx,dun-modr,463,shaman,enhancement,11,5,6
40079,Zaffyboi,draenor,448,shaman,enhancement,16,5,11
40080,Buldozar,blackmoore,448,shaman,enhancement,16,5,11
40081,Veronikka,dalaran,448,shaman,enhancement,16,5,11
40082,Vicinitysham,twisting-nether,447,shaman,enhancement,11,5,6
40083,Mudwalker,ravencrest,447,shaman,enhancement,11,5,6
40084,Tookaageeroo,burning-legion,446,shaman,enhancement,14,6,8
40085,Macoox,drakthul,432,shaman,enhancement,9,5,4
40086,Monstermunch,ravencrest,432,shaman,enhancement,15,5,10
40087,Даблпамп,howling-fjord,431,shaman,enhancement,17,5,12
40088,Electrical,kazzak,426,shaman,enhancement,15,6,9
40089,Gigamuscle,ravencrest,400,shaman,enhancement,13,5,8
40090,Thoshir,silvermoon,399,shaman,enhancement,5,5,0
40091,Rèxxar,stormscale,384,shaman,enhancement,6,4,2
40092,Richtigfies,kazzak,384,shaman,enhancement,6,4,2
40093,Baldurr,sylvanas,384,shaman,enhancement,6,4,2
40094,Abdegor,burning-legion,384,shaman,enhancement,6,4,2
40095,Алимика,deathguard,384,shaman,enhancement,6,4,2
40096,Totems,the-venture-co,384,shaman,enhancement,6,4,2
40097,Нэдсон,greymane,384,shaman,enhancement,6,4,2
40098,Shamanman,kazzak,384,shaman,enhancement,6,4,2
40099,Piripolkka,defias-brotherhood,384,shaman,enhancement,6,4,2
40100,Ayrá,ulduar,384,shaman,enhancement,6,4,2
40101,Buzz,stormscale,384,shaman,enhancement,6,4,2
40102,Tornado,ravencrest,384,shaman,enhancement,6,4,2
40103,Мистерэнх,soulflayer,384,shaman,enhancement,6,4,2
40104,Yeruna,arthas,384,shaman,enhancement,6,4,2
40105,Vallchan,kazzak,384,shaman,enhancement,6,4,2
40106,Ponzu,silvermoon,384,shaman,enhancement,6,4,2
40107,Элемуэль,soulflayer,384,shaman,enhancement,6,4,2
40108,Proccity,stormscale,384,shaman,enhancement,6,4,2
40109,Bærserker,blackmoore,384,shaman,enhancement,6,4,2
40110,Ilkim,hyjal,384,shaman,enhancement,6,4,2
40111,Cch,kazzak,384,shaman,enhancement,6,4,2
40112,Raindx,draenor,384,shaman,enhancement,6,4,2
40113,Lethz,hyjal,384,shaman,enhancement,6,4,2
40114,Nøxz,blackmoore,384,shaman,enhancement,6,4,2
40115,Олешао,howling-fjord,384,shaman,enhancement,6,4,2
40116,Thornaim,hyjal,384,shaman,enhancement,6,4,2
40117,Aitch,blackmoore,384,shaman,enhancement,6,4,2
40118,Akhlýzz,ysondre,384,shaman,enhancement,6,4,2
40119,Frrostshockk,outland,384,shaman,enhancement,6,4,2
40120,Vønhørk,dalaran,384,shaman,enhancement,6,4,2
40121,Isogrind,archimonde,384,shaman,enhancement,6,4,2
40122,Нийрагонго,gordunni,384,shaman,enhancement,6,4,2
40123,Россаврн,galakrond,384,shaman,enhancement,6,4,2
40124,Xalta,eldrethalas,384,shaman,enhancement,6,4,2
40125,Хаммерн,gordunni,384,shaman,enhancement,6,4,2
40126,Procbly,tarren-mill,384,shaman,enhancement,6,4,2
40127,Mustabrutus,tarren-mill,384,shaman,enhancement,6,4,2
40128,Tàvèrnellø,nemesis,384,shaman,enhancement,6,4,2
40129,Ql,twisting-nether,384,shaman,enhancement,6,4,2
40130,Alexmahone,dun-morogh,384,shaman,enhancement,6,4,2
40131,Krytonian,twisting-nether,384,shaman,enhancement,6,4,2
40132,Abordoga,twisting-nether,384,shaman,enhancement,6,4,2
40133,Gameblast,thunderhorn,384,shaman,enhancement,6,4,2
40134,Johnisplay,tarren-mill,384,shaman,enhancement,12,4,8
40135,Votie,tarren-mill,384,shaman,enhancement,12,4,8
40136,Saulty,archimonde,384,shaman,enhancement,12,4,8
40137,Sourens,twisting-nether,384,shaman,enhancement,12,4,8
40138,Dropbax,khaz-modan,384,shaman,enhancement,12,4,8
40139,Holten,outland,384,shaman,enhancement,12,4,8
40140,Барракудах,razuvious,384,shaman,enhancement,12,4,8
40141,Дюнволкер,razuvious,384,shaman,enhancement,12,4,8
40142,Claodze,stormscale,384,shaman,enhancement,12,4,8
40143,Discoshort,kazzak,384,shaman,enhancement,12,4,8
40144,Türak,tarren-mill,384,shaman,enhancement,12,4,8
40145,Powder,tichondrius,384,shaman,enhancement,12,4,8
40146,Asçele,kazzak,384,shaman,enhancement,12,4,8
40147,Waterboi,blackmoore,384,shaman,enhancement,12,4,8
40148,Kiwanuká,draenor,384,shaman,enhancement,12,4,8
40149,Rykon,teldrassil,384,shaman,enhancement,12,4,8
40150,Purgérkíng,silvermoon,384,shaman,enhancement,12,4,8
40151,Blixtnedslag,shattered-hand,384,shaman,enhancement,12,4,8
40152,Jaéto,ravencrest,384,shaman,enhancement,12,4,8
40153,Yasunari,sanguino,384,shaman,enhancement,12,4,8
40154,Kayalii,silvermoon,384,shaman,enhancement,12,4,8
40155,Courtney,sylvanas,384,shaman,enhancement,12,4,8
40156,Domiro,ravencrest,384,shaman,enhancement,18,4,14
40157,Скерлайн,blackscar,384,shaman,enhancement,18,4,14
40158,Fàkecast,outland,384,shaman,enhancement,18,4,14
40159,Derryo,silvermoon,384,shaman,enhancement,18,4,14
40160,Bubbschock,antonidas,383,shaman,enhancement,6,4,2
40161,Goblaman,pozzo-delleternità,383,shaman,enhancement,6,4,2
40162,Màverìck,nemesis,383,shaman,enhancement,6,4,2
40163,Wolkano,zuljin,383,shaman,enhancement,10,5,5
40164,Аеесо,gordunni,383,shaman,enhancement,12,4,8
40165,Châmanco,dun-modr,383,shaman,enhancement,12,4,8
40166,Джусипуси,gordunni,383,shaman,enhancement,12,4,8
40167,Blutshock,zuluhed,382,shaman,enhancement,12,4,8
40168,Nalàar,hyjal,368,shaman,enhancement,11,6,5
40169,Lekthar,draenor,361,shaman,enhancement,18,6,12
40170,Akash,culte-de-la-rive-noire,336,shaman,enhancement,15,4,11
40171,Johnyexe,drakthul,328,shaman,enhancement,8,5,3
40172,Freizeitler,antonidas,319,shaman,enhancement,5,4,1
40173,Chrisbrownx,outland,288,shaman,enhancement,6,3,3
40174,Vaexi,doomhammer,288,shaman,enhancement,6,3,3
40175,Olej,burning-legion,288,shaman,enhancement,6,3,3
40176,Kemurus,kazzak,288,shaman,enhancement,6,3,3
40177,Flamii,burning-legion,288,shaman,enhancement,6,3,3
40178,Ednard,silvermoon,288,shaman,enhancement,6,3,3
40179,Uomae,dun-modr,288,shaman,enhancement,6,3,3
40180,Ccedtodeath,sylvanas,288,shaman,enhancement,6,3,3
40181,Неутолимыйх,blackscar,288,shaman,enhancement,6,3,3
40182,Totoostoy,burning-legion,288,shaman,enhancement,6,3,3
40183,Wakoteh,quelthalas,288,shaman,enhancement,6,3,3
40184,Zahadumia,blackrock,288,shaman,enhancement,6,3,3
40185,Remkoo,blackrock,288,shaman,enhancement,6,3,3
40186,Yerlas,burning-legion,288,shaman,enhancement,6,3,3
40187,Xesti,twisting-nether,288,shaman,enhancement,6,3,3
40188,Fattywopwop,alakir,288,shaman,enhancement,6,3,3
40189,Bluemyst,outland,288,shaman,enhancement,6,3,3
40190,Magosh,blackmoore,288,shaman,enhancement,6,3,3
40191,Ñtk,dun-modr,288,shaman,enhancement,6,3,3
40192,Getahex,draenor,288,shaman,enhancement,6,3,3
40193,Sodor,laughing-skull,288,shaman,enhancement,6,3,3
40194,Løne,sylvanas,288,shaman,enhancement,6,3,3
40195,Varion,tichondrius,288,shaman,enhancement,6,3,3
40196,Миддей,blackscar,288,shaman,enhancement,6,3,3
40197,Nëÿrën,drakthul,288,shaman,enhancement,6,3,3
40198,Moebius,hellscream,288,shaman,enhancement,6,3,3
40199,Kafese,uldaman,288,shaman,enhancement,6,3,3
40200,Millesabords,dun-morogh,288,shaman,enhancement,6,3,3
40201,Shooktide,blackrock,288,shaman,enhancement,6,3,3
40202,Malcolmhex,ysondre,288,shaman,enhancement,6,3,3
40203,Xfiles,garona,288,shaman,enhancement,6,3,3
40204,Мэлик,howling-fjord,288,shaman,enhancement,6,3,3
40205,Cillysha,ravencrest,288,shaman,enhancement,6,3,3
40206,Lilkazamm,blackrock,288,shaman,enhancement,6,3,3
40207,Айбьорн,gordunni,288,shaman,enhancement,6,3,3
40208,Danthesham,draenor,288,shaman,enhancement,6,3,3
40209,Buffresto,kazzak,288,shaman,enhancement,6,3,3
40210,Vainzxsham,ravencrest,288,shaman,enhancement,6,3,3
40211,Primez,twilights-hammer,288,shaman,enhancement,6,3,3
40212,Wiev,blackmoore,288,shaman,enhancement,6,3,3
40213,Ostbumsdirne,stormscale,288,shaman,enhancement,6,3,3
40214,Xssanimo,draenor,288,shaman,enhancement,6,3,3
40215,Karazrok,draenor,288,shaman,enhancement,6,3,3
40216,Рэкквием,howling-fjord,288,shaman,enhancement,6,3,3
40217,Сюсуй,blackscar,288,shaman,enhancement,6,3,3
40218,Nojiko,blackrock,288,shaman,enhancement,6,3,3
40219,Cptcutíe,antonidas,288,shaman,enhancement,6,3,3
40220,Hansdieter,antonidas,288,shaman,enhancement,6,3,3
40221,Saro,destromath,288,shaman,enhancement,6,3,3
40222,Yacuzwerg,blackrock,288,shaman,enhancement,6,3,3
40223,Pelicius,sanguino,288,shaman,enhancement,6,3,3
40224,Läzy,sanguino,288,shaman,enhancement,6,3,3
40225,Håõkåh,hyjal,288,shaman,enhancement,6,3,3
40226,Chamel,draenor,288,shaman,enhancement,6,3,3
40227,Zokah,emeriss,288,shaman,enhancement,6,3,3
40228,Làvagdx,archimonde,288,shaman,enhancement,6,3,3
40229,Blazingfiré,tarren-mill,288,shaman,enhancement,6,3,3
40230,Reggard,drakthul,288,shaman,enhancement,6,3,3
40231,Neterö,la-croisade-écarlate,288,shaman,enhancement,6,3,3
40232,Freekster,die-ewige-wacht,288,shaman,enhancement,6,3,3
40233,Зуфар,howling-fjord,288,shaman,enhancement,6,3,3
40234,Tidalflow,stormscale,288,shaman,enhancement,6,3,3
40235,Borbor,argent-dawn,288,shaman,enhancement,6,3,3
40236,Ønlýsîn,eredar,288,shaman,enhancement,6,3,3
40237,Shoewalker,ragnaros,288,shaman,enhancement,6,3,3
40238,Kulho,stormscale,288,shaman,enhancement,6,3,3
40239,Kurdhran,blackmoore,288,shaman,enhancement,9,4,5
40240,Zerak,twisting-nether,288,shaman,enhancement,9,4,5
40241,Kappatotem,silvermoon,288,shaman,enhancement,12,3,9
40242,Georgewhat,defias-brotherhood,288,shaman,enhancement,12,3,9
40243,Shambamty,thrall,288,shaman,enhancement,12,3,9
40244,Dastarus,archimonde,288,shaman,enhancement,12,3,9
40245,Titiprosop,stormscale,288,shaman,enhancement,12,3,9
40246,Hurbi,twisting-nether,288,shaman,enhancement,12,3,9
40247,Lorthargol,chamber-of-aspects,288,shaman,enhancement,12,3,9
40248,Amonshokz,tarren-mill,288,shaman,enhancement,12,3,9
40249,Bonestompamc,blackmoore,288,shaman,enhancement,12,3,9
40250,Kobzol,draenor,288,shaman,enhancement,12,3,9
40251,Æskalatiøn,aegwynn,288,shaman,enhancement,12,3,9
40252,Garash,draenor,288,shaman,enhancement,12,3,9
40253,Brunütansol,sylvanas,288,shaman,enhancement,12,3,9
40254,Maybeyes,twisting-nether,288,shaman,enhancement,12,3,9
40255,Avattar,twisting-nether,288,shaman,enhancement,12,3,9
40256,Teldathree,archimonde,288,shaman,enhancement,12,3,9
40257,Сторниер,howling-fjord,288,shaman,enhancement,12,3,9
40258,Занги,soulflayer,288,shaman,enhancement,12,3,9
40259,Mustang,twilights-hammer,288,shaman,enhancement,12,3,9
40260,Darkcleaver,drakthul,288,shaman,enhancement,12,3,9
40261,Лорикок,grom,288,shaman,enhancement,18,3,15
40262,Dökowski,nemesis,288,shaman,enhancement,18,3,15
40263,Vainerish,malygos,287,shaman,enhancement,6,3,3
40264,Slappybag,ravencrest,287,shaman,enhancement,6,3,3
40265,Стакок,soulflayer,287,shaman,enhancement,6,3,3
40266,Trotzig,aegwynn,287,shaman,enhancement,6,3,3
40267,Грейсаша,howling-fjord,287,shaman,enhancement,6,3,3
40268,Nothìnto,pozzo-delleternità,287,shaman,enhancement,6,3,3
40269,Xarozz,blackmoore,287,shaman,enhancement,12,3,9
40270,Stormkëëpër,stormscale,287,shaman,enhancement,18,3,15
40271,Laghärta,dun-modr,286,shaman,enhancement,6,3,3
40272,Kaátori,eredar,239,shaman,enhancement,5,3,2
40273,Jehae,archimonde,239,shaman,enhancement,5,3,2
40274,Буряя,blackscar,234,shaman,enhancement,12,4,8
40275,Nefasti,stormscale,223,shaman,enhancement,8,3,5
40276,Mooshock,balnazzar,223,shaman,enhancement,8,3,5
40277,Elektekk,blackrock,192,shaman,enhancement,4,3,1
40278,Diya,karazhan,192,shaman,enhancement,6,2,4
40279,Shalý,antonidas,192,shaman,enhancement,6,2,4
40280,Ðøminantx,stormscale,192,shaman,enhancement,6,2,4
40281,Snapbábe,blackmoore,192,shaman,enhancement,6,2,4
40282,Stiflersmôm,antonidas,192,shaman,enhancement,6,2,4
40283,Kassyoh,hyjal,192,shaman,enhancement,6,2,4
40284,Khon,eredar,192,shaman,enhancement,6,2,4
40285,Spiritualx,argent-dawn,192,shaman,enhancement,6,2,4
40286,Locosonik,kazzak,192,shaman,enhancement,6,2,4
40287,Crazo,tarren-mill,192,shaman,enhancement,6,2,4
40288,Louvreparis,frostwolf,192,shaman,enhancement,6,2,4
40289,Cuchullaín,blackmoore,192,shaman,enhancement,6,2,4
40290,Thoráck,stormscale,192,shaman,enhancement,6,2,4
40291,Råkk,argent-dawn,192,shaman,enhancement,6,2,4
40292,Саксаул,fordragon,192,shaman,enhancement,6,2,4
40293,Holybrolyy,malfurion,192,shaman,enhancement,6,2,4
40294,Elé,ravenholdt,192,shaman,enhancement,6,2,4
40295,Sgf,stormscale,192,shaman,enhancement,6,2,4
40296,Åkee,kazzak,192,shaman,enhancement,6,2,4
40297,Zows,kazzak,192,shaman,enhancement,6,2,4
40298,Gaerth,aggramar,192,shaman,enhancement,6,2,4
40299,Lovros,kazzak,192,shaman,enhancement,6,2,4
40300,Yezu,medivh,192,shaman,enhancement,6,2,4
40301,Pakasschami,frostwolf,192,shaman,enhancement,6,2,4
40302,Xharnel,defias-brotherhood,192,shaman,enhancement,6,2,4
40303,Фарраон,deathguard,192,shaman,enhancement,6,2,4
40304,Mycameltotem,ravencrest,192,shaman,enhancement,6,2,4
40305,Какашисан,howling-fjord,192,shaman,enhancement,6,2,4
40306,Fufupartyxx,blackrock,192,shaman,enhancement,6,2,4
40307,Bozzclqwnx,aegwynn,192,shaman,enhancement,6,2,4
40308,Skullføck,argent-dawn,192,shaman,enhancement,6,2,4
40309,Greatthrall,kazzak,192,shaman,enhancement,6,2,4
40310,Søló,stormscale,192,shaman,enhancement,6,2,4
40311,Tâw,blackhand,192,shaman,enhancement,6,2,4
40312,Kuubskii,ravencrest,192,shaman,enhancement,6,2,4
40313,Schamikraut,silvermoon,192,shaman,enhancement,6,2,4
40314,Haugren,eredar,192,shaman,enhancement,6,2,4
40315,Shámyé,silvermoon,192,shaman,enhancement,6,2,4
40316,Kwitnac,silvermoon,192,shaman,enhancement,6,2,4
40317,Rûngard,aegwynn,192,shaman,enhancement,6,2,4
40318,Restmuell,blackmoore,192,shaman,enhancement,6,2,4
40319,Turbinká,burning-legion,192,shaman,enhancement,6,2,4
40320,Acces,stormscale,192,shaman,enhancement,6,2,4
40321,Wertu,ragnaros,192,shaman,enhancement,6,2,4
40322,Shockinghell,sylvanas,192,shaman,enhancement,6,2,4
40323,Indan,kazzak,192,shaman,enhancement,6,2,4
40324,Gundsthunder,ravencrest,192,shaman,enhancement,6,2,4
40325,Volkar,auchindoun,192,shaman,enhancement,6,2,4
40326,Groundead,alakir,192,shaman,enhancement,6,2,4
40327,Bennycooch,silvermoon,192,shaman,enhancement,6,2,4
40328,Shiggenbasta,kazzak,192,shaman,enhancement,6,2,4
40329,Lokkrag,archimonde,192,shaman,enhancement,6,2,4
40330,Nìtratx,archimonde,192,shaman,enhancement,6,2,4
40331,Santy,silvermoon,192,shaman,enhancement,6,2,4
40332,Kohzen,outland,192,shaman,enhancement,6,2,4
40333,Bladeyx,ragnaros,192,shaman,enhancement,6,2,4
40334,Rázzìm,eredar,192,shaman,enhancement,6,2,4
40335,Urshak,alleria,192,shaman,enhancement,6,2,4
40336,Bram,aggra-português,192,shaman,enhancement,6,2,4
40337,Lumpp,kazzak,192,shaman,enhancement,6,2,4
40338,Dogfrog,silvermoon,192,shaman,enhancement,6,2,4
40339,Layonne,ysondre,192,shaman,enhancement,6,2,4
40340,Hightotem,sanguino,192,shaman,enhancement,6,2,4
40341,Destroilleur,archimonde,192,shaman,enhancement,6,2,4
40342,Savan,darkspear,192,shaman,enhancement,6,2,4
40343,Thunderstørm,chogall,192,shaman,enhancement,6,2,4
40344,Дортманшам,gordunni,192,shaman,enhancement,6,2,4
40345,Aubesombre,dalaran,192,shaman,enhancement,6,2,4
40346,Palarins,dalaran,192,shaman,enhancement,6,2,4
40347,Бьерн,deepholm,192,shaman,enhancement,6,2,4
40348,Dalgorr,magtheridon,192,shaman,enhancement,6,2,4
40349,Shamalamadi,ragnaros,192,shaman,enhancement,6,2,4
40350,Родохрозид,blackscar,192,shaman,enhancement,6,2,4
40351,Zarakuda,magtheridon,192,shaman,enhancement,6,2,4
40352,Bonethugdex,bladefist,192,shaman,enhancement,6,2,4
40353,Azzizael,chamber-of-aspects,192,shaman,enhancement,6,2,4
40354,Eshami,tarren-mill,192,shaman,enhancement,6,2,4
40355,Cleptocracy,draenor,192,shaman,enhancement,6,2,4
40356,Lëvi,archimonde,192,shaman,enhancement,6,2,4
40357,Elementhor,archimonde,192,shaman,enhancement,6,2,4
40358,Rodfrugten,draenor,192,shaman,enhancement,6,2,4
40359,Pulvêrizêr,agamaggan,192,shaman,enhancement,6,2,4
40360,Vollt,kazzak,192,shaman,enhancement,9,2,7
40361,Stormstriker,arathor,192,shaman,enhancement,12,2,10
40362,Jawoburst,antonidas,192,shaman,enhancement,12,2,10
40363,Isladinks,draenor,192,shaman,enhancement,12,2,10
40364,Elsassi,ravencrest,192,shaman,enhancement,12,2,10
40365,Sïlvek,sanguino,192,shaman,enhancement,12,2,10
40366,Borindor,silvermoon,192,shaman,enhancement,12,2,10
40367,Lavalew,lightbringer,192,shaman,enhancement,12,2,10
40368,Khakazis,ravencrest,192,shaman,enhancement,12,2,10
40369,Shamaniak,tarren-mill,192,shaman,enhancement,18,2,16
40370,Practicetwo,argent-dawn,159,shaman,enhancement,5,2,3
40371,Tianoele,drakthul,144,shaman,enhancement,3,3,0
40372,Nuao,perenolde,138,shaman,enhancement,9,3,6
40373,Bux,khaz-modan,127,shaman,enhancement,10,2,8
40374,Ghaargrim,tarren-mill,96,shaman,enhancement,6,1,5
40375,Heálmaster,sanguino,96,shaman,enhancement,6,1,5
40376,Rækwon,tarren-mill,96,shaman,enhancement,6,1,5
40377,Цукерок,soulflayer,96,shaman,enhancement,6,1,5
40378,Élémentyum,archimonde,96,shaman,enhancement,6,1,5
40379,Gagné,hyjal,96,shaman,enhancement,6,1,5
40380,Porthex,kazzak,96,shaman,enhancement,6,1,5
40381,Vladraxes,draenor,96,shaman,enhancement,6,1,5
40382,Tênzo,ysondre,96,shaman,enhancement,6,1,5
40383,Fashess,sunstrider,96,shaman,enhancement,6,1,5
40384,Vilberoo,ravencrest,96,shaman,enhancement,6,1,5
40385,Agrok,jaedenar,96,shaman,enhancement,6,1,5
40386,Cryptotem,ragnaros,96,shaman,enhancement,6,1,5
40387,Ultaz,ravencrest,96,shaman,enhancement,6,1,5
40388,Urubus,kazzak,96,shaman,enhancement,6,1,5
40389,Mikecrybaby,tarren-mill,96,shaman,enhancement,6,1,5
40390,Malabestia,archimonde,96,shaman,enhancement,6,1,5
40391,Hóonda,twisting-nether,96,shaman,enhancement,6,1,5
40392,Shaamz,tarren-mill,96,shaman,enhancement,6,1,5
40393,Maskinett,stormscale,96,shaman,enhancement,6,1,5
40394,Thoranis,kazzak,96,shaman,enhancement,6,1,5
40395,Zoogang,ragnaros,96,shaman,enhancement,6,1,5
40396,Epicoverlord,tarren-mill,96,shaman,enhancement,6,1,5
40397,Stòrm,ravencrest,96,shaman,enhancement,6,1,5
40398,Shåmssagat,kazzak,96,shaman,enhancement,6,1,5
40399,Amarök,nerzhul,96,shaman,enhancement,6,1,5
40400,Sekane,archimonde,96,shaman,enhancement,6,1,5
40401,Galthazar,silvermoon,96,shaman,enhancement,6,1,5
40402,Zoélement,nerzhul,96,shaman,enhancement,6,1,5
40403,Lawdjeezes,draenor,96,shaman,enhancement,6,1,5
40404,Bambustic,kazzak,96,shaman,enhancement,6,1,5
40405,Elementarxss,blackmoore,96,shaman,enhancement,6,1,5
40406,Ghettocheff,blackmoore,96,shaman,enhancement,6,1,5
40407,Eneel,blackmoore,96,shaman,enhancement,6,1,5
40408,Goldhand,ravencrest,96,shaman,enhancement,6,1,5
40409,Mástà,onyxia,96,shaman,enhancement,6,1,5
40410,Xhøxy,outland,96,shaman,enhancement,6,1,5
40411,Casarú,arthas,96,shaman,enhancement,6,1,5
40412,Крепуксх,soulflayer,96,shaman,enhancement,6,1,5
40413,Shøckz,azjolnerub,96,shaman,enhancement,6,1,5
40414,Thoreign,burning-legion,96,shaman,enhancement,6,1,5
40415,Grabmytotemz,tarren-mill,96,shaman,enhancement,6,1,5
40416,Preshear,twisting-nether,96,shaman,enhancement,6,1,5
40417,Hazles,ragnaros,96,shaman,enhancement,6,1,5
40418,Freexx,aegwynn,96,shaman,enhancement,8,1,7
40419,Sycophant,stormscale,96,shaman,enhancement,12,1,11
40420,Ymiras,argent-dawn,96,shaman,enhancement,12,1,11
40421,Эншам,blackscar,96,shaman,enhancement,12,1,11
40422,Reyax,aegwynn,96,shaman,enhancement,12,1,11
40423,Choltaj,burning-legion,79,shaman,enhancement,7,1,6
40424,Sìrenia,tarren-mill,63,shaman,enhancement,2,2,0
40425,Wenesday,ysondre,48,shaman,enhancement,3,1,2
40426,Biggie,pozzo-delleternità,48,shaman,enhancement,3,1,2
40427,Rký,outland,48,shaman,enhancement,3,1,2
40428,Lesnitt,kazzak,42,shaman,enhancement,9,2,7
40429,Jeppoh,tarren-mill,16,shaman,enhancement,1,1,0
40430,Амеаль,eversong,2275,warlock,demonology,339,181,158
40431,Млечный,blackscar,2251,warlock,demonology,177,99,78
40432,Locktrainer,tarren-mill,2228,warlock,demonology,164,86,78
40433,Kimkold,twisting-nether,2208,warlock,demonology,108,66,42
40434,Rikkërt,draenor,2207,warlock,demonology,89,49,40
40435,Dotjürgen,blackrock,2205,warlock,demonology,84,48,36
40436,Pogbõss,kazzak,2190,warlock,demonology,135,71,64
40437,Whøknøws,twisting-nether,2176,warlock,demonology,84,45,39
40438,Malddog,turalyon,2159,warlock,demonology,102,60,42
40439,Tuskawl,stormreaver,2154,warlock,demonology,91,51,40
40440,Nayolana,argent-dawn,2150,warlock,demonology,72,46,26
40441,Dæhli,argent-dawn,2147,warlock,demonology,96,52,44
40442,Firochektro,ravencrest,2141,warlock,demonology,69,42,27
40443,Sad,lightnings-blade,2134,warlock,demonology,178,97,81
40444,Maintarget,blackrock,2131,warlock,demonology,159,85,74
40445,Cònq,tarren-mill,2129,warlock,demonology,78,43,35
40446,Favorizlmp,archimonde,2123,warlock,demonology,107,74,33
40447,Lankycheese,kazzak,2121,warlock,demonology,83,46,37
40448,Ambitions,hyjal,2117,warlock,demonology,82,46,36
40449,Syntaxzwo,blackmoore,2116,warlock,demonology,78,44,34
40450,Dotyboi,tarren-mill,2115,warlock,demonology,72,44,28
40451,Rumour,sunstrider,2115,warlock,demonology,72,39,33
40452,Supergeîl,blackrock,2112,warlock,demonology,71,38,33
40453,Xerkh,thrall,2111,warlock,demonology,78,43,35
40454,Britneÿ,stormscale,2096,warlock,demonology,90,46,44
40455,Setyouinfear,ravencrest,2089,warlock,demonology,96,55,41
40456,Voldby,kazzak,2083,warlock,demonology,55,34,21
40457,Anthh,doomhammer,2076,warlock,demonology,66,36,30
40458,Smaúg,archimonde,2055,warlock,demonology,96,48,48
40459,Firochek,ravencrest,2052,warlock,demonology,84,44,40
40460,Thardik,azuremyst,2037,warlock,demonology,72,36,36
40461,Krøl,nemesis,2036,warlock,demonology,54,35,19
40462,Zerulian,ragnaros,2035,warlock,demonology,78,48,30
40463,Shablagoo,twisting-nether,2032,warlock,demonology,90,51,39
40464,Хаосболик,gordunni,2032,warlock,demonology,78,43,35
40465,Ðïÿëñbïëñfüû,suramar,2014,warlock,demonology,141,72,69
40466,Bibiflexberg,eredar,2011,warlock,demonology,47,30,17
40467,Britneý,stormscale,2008,warlock,demonology,118,58,60
40468,Cørpse,burning-legion,2006,warlock,demonology,97,53,44
40469,Raspalakuja,kazzak,2002,warlock,demonology,66,32,34
40470,Jimboneutron,stormscale,1988,warlock,demonology,35,23,12
40471,Purplemonkey,burning-blade,1978,warlock,demonology,53,27,26
40472,Badapow,stormscale,1971,warlock,demonology,54,29,25
40473,Адво,howling-fjord,1968,warlock,demonology,71,37,34
40474,Rïñ,ravencrest,1968,warlock,demonology,60,28,32
40475,Аоепампгодх,howling-fjord,1967,warlock,demonology,36,24,12
40476,Ишла,gordunni,1959,warlock,demonology,77,41,36
40477,Конидэмико,blackscar,1954,warlock,demonology,83,38,45
40478,Capsloq,la-croisade-écarlate,1950,warlock,demonology,60,34,26
40479,Онлидемон,gordunni,1946,warlock,demonology,56,33,23
40480,Dabezdwl,outland,1946,warlock,demonology,72,41,31
40481,Smdtwo,drakthul,1945,warlock,demonology,42,23,19
40482,Alotami,frostwolf,1942,warlock,demonology,48,30,18
40483,Nyotu,antonidas,1937,warlock,demonology,60,32,28
40484,Onlylock,outland,1934,warlock,demonology,48,32,16
40485,Døwz,ysondre,1932,warlock,demonology,60,30,30
40486,Xenastro,silvermoon,1931,warlock,demonology,54,30,24
40487,Apple,scarshield-legion,1930,warlock,demonology,133,69,64
40488,Khavar,antonidas,1925,warlock,demonology,76,43,33
40489,Lokmonji,perenolde,1923,warlock,demonology,60,34,26
40490,Фламмэнх,soulflayer,1920,warlock,demonology,49,28,21
40491,Vultzbolt,draenor,1920,warlock,demonology,66,36,30
40492,Juicybolt,chogall,1917,warlock,demonology,76,43,33
40493,Kamorilock,blackhand,1912,warlock,demonology,36,20,16
40494,Demoner,tarren-mill,1910,warlock,demonology,108,52,56
40495,Zàk,twisting-nether,1908,warlock,demonology,36,28,8
40496,Shadowvirus,auchindoun,1908,warlock,demonology,41,23,18
40497,Droguri,darkspear,1907,warlock,demonology,78,49,29
40498,Тьмазвёздная,gordunni,1907,warlock,demonology,93,51,42
40499,Anúki,kazzak,1900,warlock,demonology,25,21,4
40500,Ravendoor,grim-batol,1900,warlock,demonology,76,39,37
40501,Bonnieparkêr,onyxia,1898,warlock,demonology,48,26,22
40502,Désolaté,kazzak,1893,warlock,demonology,47,29,18
40503,Stafar,kazzak,1891,warlock,demonology,66,34,32
40504,Дёмын,howling-fjord,1890,warlock,demonology,96,46,50
40505,Makkez,outland,1876,warlock,demonology,30,20,10
40506,Шекигами,gordunni,1874,warlock,demonology,48,33,15
40507,Neinbosa,tarren-mill,1872,warlock,demonology,54,27,27
40508,Ogrez,nemesis,1872,warlock,demonology,60,29,31
40509,Höfmänn,kazzak,1865,warlock,demonology,39,25,14
40510,Dispeluapls,blackmoore,1865,warlock,demonology,54,28,26
40511,Delius,eitrigg,1863,warlock,demonology,67,47,20
40512,Tyrantlol,sylvanas,1862,warlock,demonology,54,32,22
40513,Bluh,twisting-nether,1860,warlock,demonology,36,22,14
40514,Weso,grim-batol,1859,warlock,demonology,60,31,29
40515,Stankaemayne,blackhand,1856,warlock,demonology,55,31,24
40516,Оброссыш,gordunni,1855,warlock,demonology,60,34,26
40517,Dhärc,sanguino,1854,warlock,demonology,54,31,23
40518,Fearrari,ragnaros,1853,warlock,demonology,54,32,22
40519,Stalowwy,silvermoon,1849,warlock,demonology,108,59,49
40520,Ägony,blackrock,1848,warlock,demonology,54,31,23
40521,Höfmänn,grim-batol,1847,warlock,demonology,48,31,17
40522,Shakuroz,frostwolf,1847,warlock,demonology,68,41,27
40523,Динодотз,howling-fjord,1847,warlock,demonology,54,27,27
40524,Тёмабиль,gordunni,1845,warlock,demonology,284,150,134
40525,Кварий,howling-fjord,1842,warlock,demonology,365,183,182
40526,Attritiona,stormscale,1838,warlock,demonology,60,32,28
40527,Инфезиус,deathweaver,1834,warlock,demonology,59,33,26
40528,Purplereîgn,stormscale,1834,warlock,demonology,57,31,26
40529,Outofcurses,earthen-ring,1834,warlock,demonology,83,42,41
40530,Zouglougou,archimonde,1829,warlock,demonology,48,25,23
40531,Djmäkish,outland,1828,warlock,demonology,42,23,19
40532,Санявахтовик,blackscar,1827,warlock,demonology,72,39,33
40533,Benne,stormscale,1825,warlock,demonology,49,31,18
40534,Sanguinis,theradras,1825,warlock,demonology,72,41,31
40535,Malificus,silvermoon,1823,warlock,demonology,114,67,47
40536,Kennyfõx,ysondre,1819,warlock,demonology,24,19,5
40537,Ismenia,silvermoon,1819,warlock,demonology,60,39,21
40538,Cellfear,kazzak,1818,warlock,demonology,42,24,18
40539,Skrana,kazzak,1818,warlock,demonology,47,25,22
40540,Musallat,argent-dawn,1818,warlock,demonology,65,34,31
40541,Fiveyearque,sylvanas,1817,warlock,demonology,54,33,21
40542,Hellguards,silvermoon,1817,warlock,demonology,60,33,27
40543,Ravenglass,argent-dawn,1817,warlock,demonology,54,25,29
40544,Warth,silvermoon,1816,warlock,demonology,42,28,14
40545,Painowgee,kazzak,1816,warlock,demonology,36,20,16
40546,Crathar,kazzak,1816,warlock,demonology,76,38,38
40547,Bualock,tarren-mill,1815,warlock,demonology,36,22,14
40548,Devilfluffy,blackhand,1815,warlock,demonology,59,35,24
40549,Cigänä,archimonde,1815,warlock,demonology,36,19,17
40550,Blackdog,argent-dawn,1814,warlock,demonology,48,23,25
40551,Malzeva,ravencrest,1813,warlock,demonology,71,33,38
40552,Zypzanti,antonidas,1810,warlock,demonology,155,97,58
40553,Kopfkissen,azshara,1810,warlock,demonology,51,29,22
40554,Годнодх,gordunni,1808,warlock,demonology,42,23,19
40555,Smâûhg,blackrock,1807,warlock,demonology,42,28,14
40556,Keybump,outland,1806,warlock,demonology,42,32,10
40557,Nécron,ysondre,1806,warlock,demonology,59,32,27
40558,Lúcìfér,stormscale,1806,warlock,demonology,66,34,32
40559,Фэлмор,howling-fjord,1805,warlock,demonology,54,33,21
40560,Thugsupreme,ravencrest,1805,warlock,demonology,65,36,29
40561,Nerigo,senjin,1805,warlock,demonology,48,24,24
40562,Dontargetme,draenor,1804,warlock,demonology,38,26,12
40563,Nemwl,draenor,1804,warlock,demonology,66,36,30
40564,Splicer,eredar,1803,warlock,demonology,49,29,20
40565,Киёкка,howling-fjord,1803,warlock,demonology,90,53,37
40566,Arkanyks,dalaran,1802,warlock,demonology,72,32,40
40567,Htaedfo,tarren-mill,1802,warlock,demonology,74,32,42
40568,Мутгодх,soulflayer,1800,warlock,demonology,30,19,11
40569,Кайзершлафен,fordragon,1800,warlock,demonology,58,28,30
40570,Dâedra,argent-dawn,1793,warlock,demonology,54,31,23
40571,Mustasheen,stormscale,1790,warlock,demonology,36,21,15
40572,Ffpiiras,dunemaul,1790,warlock,demonology,60,27,33
40573,Äåäåäåäåäåäå,ravencrest,1789,warlock,demonology,47,26,21
40574,Omnípotens,silvermoon,1783,warlock,demonology,54,31,23
40575,Shadowflamez,argent-dawn,1771,warlock,demonology,30,27,3
40576,Zehirisalari,twisting-nether,1761,warlock,demonology,42,24,18
40577,Alphalock,mannoroth,1755,warlock,demonology,72,35,37
40578,Catchlock,tarren-mill,1752,warlock,demonology,36,20,16
40579,Dadcrush,antonidas,1751,warlock,demonology,78,40,38
40580,Proßlock,kazzak,1749,warlock,demonology,105,63,42
40581,Indrâxx,hyjal,1748,warlock,demonology,24,23,1
40582,Synlockiax,silvermoon,1745,warlock,demonology,44,34,10
40583,Kennÿfõx,ysondre,1732,warlock,demonology,24,19,5
40584,Lïñglïñg,twisting-nether,1730,warlock,demonology,30,22,8
40585,Naarnust,defias-brotherhood,1727,warlock,demonology,42,28,14
40586,Adafbhf,tichondrius,1723,warlock,demonology,41,22,19
40587,Помечте,soulflayer,1723,warlock,demonology,94,41,53
40588,Dalamon,draenor,1721,warlock,demonology,48,24,24
40589,Храбзар,gordunni,1721,warlock,demonology,112,51,61
40590,Moffguldan,sanguino,1719,warlock,demonology,48,28,20
40591,Nâzgrel,tarren-mill,1719,warlock,demonology,60,29,31
40592,Пухи,blackscar,1713,warlock,demonology,49,21,28
40593,Zelieknight,ysondre,1711,warlock,demonology,60,28,32
40594,Glavy,burning-legion,1710,warlock,demonology,77,42,35
40595,Despépêche,garona,1709,warlock,demonology,42,24,18
40596,Azthral,nemesis,1708,warlock,demonology,105,60,45
40597,Зажиженный,soulflayer,1707,warlock,demonology,40,26,14
40598,Mendozaah,kazzak,1707,warlock,demonology,170,86,84
40599,Drerlord,tarren-mill,1699,warlock,demonology,48,21,27
40600,Totephia,kazzak,1696,warlock,demonology,72,33,39
40601,Rune,aegwynn,1695,warlock,demonology,52,29,23
40602,Tjockoloco,tarren-mill,1695,warlock,demonology,164,89,75
40603,Kazzy,grim-batol,1693,warlock,demonology,30,21,9
40604,Zatella,ravencrest,1693,warlock,demonology,84,45,39
40605,Malowix,outland,1690,warlock,demonology,42,20,22
40606,Zoreck,uldum,1689,warlock,demonology,36,20,16
40607,Бриант,gordunni,1689,warlock,demonology,47,19,28
40608,Yamadea,stormscale,1686,warlock,demonology,48,25,23
40609,Eluinees,silvermoon,1684,warlock,demonology,36,25,11
40610,Jinusek,burning-legion,1682,warlock,demonology,43,23,20
40611,Grêenbull,eredar,1680,warlock,demonology,49,27,22
40612,Варикай,gordunni,1678,warlock,demonology,42,27,15
40613,Жериновсский,gordunni,1677,warlock,demonology,36,18,18
40614,Fandirxd,draenor,1672,warlock,demonology,108,51,57
40615,Iskieel,ravencrest,1671,warlock,demonology,44,26,18
40616,Bloodlock,onyxia,1670,warlock,demonology,42,22,20
40617,Osbaa,bladefist,1668,warlock,demonology,42,22,20
40618,Tekron,blackhand,1666,warlock,demonology,48,34,14
40619,Císuh,stormreaver,1666,warlock,demonology,47,24,23
40620,Impaler,tarren-mill,1664,warlock,demonology,188,91,97
40621,Xtyran,blackmoore,1661,warlock,demonology,42,20,22
40622,Kemel,thrall,1655,warlock,demonology,30,21,9
40623,Нафлэпил,gordunni,1655,warlock,demonology,54,31,23
40624,Гурджес,soulflayer,1655,warlock,demonology,98,52,46
40625,Егосяхаос,soulflayer,1654,warlock,demonology,126,65,61
40626,Niyyu,blackmoore,1654,warlock,demonology,48,22,26
40627,Shugglock,draenor,1653,warlock,demonology,42,23,19
40628,Deamonsmith,silvermoon,1652,warlock,demonology,58,36,22
40629,Mjor,twisting-nether,1650,warlock,demonology,30,18,12
40630,Chromagnus,drakthul,1649,warlock,demonology,36,21,15
40631,Louên,dun-modr,1648,warlock,demonology,42,21,21
40632,Endherkonk,sanguino,1646,warlock,demonology,42,24,18
40633,Utsus,tarren-mill,1645,warlock,demonology,36,23,13
40634,Hypotax,ragnaros,1644,warlock,demonology,54,33,21
40635,Requeims,outland,1638,warlock,demonology,48,22,26
40636,Fîgøk,conseil-des-ombres,1638,warlock,demonology,48,21,27
40637,Snackstickz,twisting-nether,1637,warlock,demonology,48,29,19
40638,Tiffyilock,blackrock,1637,warlock,demonology,42,20,22
40639,Scottware,draenor,1635,warlock,demonology,38,23,15
40640,Darcîa,destromath,1633,warlock,demonology,100,56,44
40641,Règis,antonidas,1633,warlock,demonology,42,22,20
40642,Zzooxx,silvermoon,1631,warlock,demonology,30,17,13
40643,Ájszmen,ravencrest,1629,warlock,demonology,54,30,24
40644,Фортэр,ashenvale,1629,warlock,demonology,42,20,22
40645,Лвнг,gordunni,1628,warlock,demonology,48,29,19
40646,Dimmybyrger,stormreaver,1627,warlock,demonology,30,17,13
40647,Abdelkarime,khaz-modan,1627,warlock,demonology,42,23,19
40648,Summonit,blackmoore,1627,warlock,demonology,54,29,25
40649,Interceptêr,blackrock,1627,warlock,demonology,42,22,20
40650,Neuth,draenor,1627,warlock,demonology,50,21,29
40651,Шэдоубёрн,soulflayer,1624,warlock,demonology,95,57,38
40652,Erkai,kazzak,1624,warlock,demonology,45,24,21
40653,Jopasiski,draenor,1624,warlock,demonology,36,17,19
40654,Dasda,defias-brotherhood,1623,warlock,demonology,89,49,40
40655,Мешшугга,howling-fjord,1623,warlock,demonology,38,20,18
40656,Dualla,aegwynn,1623,warlock,demonology,36,17,19
40657,Jackyfalls,blackmoore,1622,warlock,demonology,24,17,7
40658,Элси,howling-fjord,1622,warlock,demonology,30,17,13
40659,Нэкрил,howling-fjord,1621,warlock,demonology,35,22,13
40660,Xanatas,nemesis,1620,warlock,demonology,42,25,17
40661,Icò,ravencrest,1620,warlock,demonology,36,17,19
40662,Kûraiko,blackrock,1614,warlock,demonology,30,17,13
40663,Eroszakolock,ragnaros,1611,warlock,demonology,24,17,7
40664,Kody,blackmoore,1609,warlock,demonology,24,17,7
40665,Ahollic,frostwolf,1606,warlock,demonology,30,19,11
40666,Shuggul,draenor,1606,warlock,demonology,37,22,15
40667,Demonjoker,blackhand,1604,warlock,demonology,51,31,20
40668,Deaddydoo,kazzak,1604,warlock,demonology,42,20,22
40669,Kolskegg,doomhammer,1603,warlock,demonology,48,22,26
40670,Havexis,tichondrius,1602,warlock,demonology,42,32,10
40671,Prekt,ragnaros,1601,warlock,demonology,36,19,17
40672,Zzooxxie,silvermoon,1600,warlock,demonology,42,19,23
40673,Hellbboy,azjolnerub,1599,warlock,demonology,73,41,32
40674,Gemors,ravenholdt,1599,warlock,demonology,72,38,34
40675,Erøne,archimonde,1599,warlock,demonology,199,103,96
40676,Djshyasiañ,perenolde,1599,warlock,demonology,176,90,86
40677,Izhi,ragnaros,1598,warlock,demonology,36,21,15
40678,Гвоздяшка,blackscar,1597,warlock,demonology,47,22,25
40679,Sokyra,tarren-mill,1594,warlock,demonology,54,25,29
40680,Vêzor,twisting-nether,1592,warlock,demonology,30,17,13
40681,Eleriya,argent-dawn,1591,warlock,demonology,92,45,47
40682,Lottopallo,arathor,1589,warlock,demonology,74,51,23
40683,Sublînê,blackmoore,1582,warlock,demonology,76,38,38
40684,Potatowl,ravencrest,1582,warlock,demonology,36,18,18
40685,Míkæ,ravencrest,1582,warlock,demonology,72,34,38
40686,Insídíous,tarren-mill,1581,warlock,demonology,36,19,17
40687,Hâres,anetheron,1580,warlock,demonology,199,95,104
40688,Мамхаус,howling-fjord,1579,warlock,demonology,36,22,14
40689,Yumiblood,tarren-mill,1564,warlock,demonology,35,21,14
40690,Silenozz,ragnaros,1564,warlock,demonology,91,49,42
40691,Golborg,draenor,1562,warlock,demonology,69,28,41
40692,Зарлог,soulflayer,1560,warlock,demonology,42,22,20
40693,Dotsyoudown,kelthuzad,1560,warlock,demonology,36,18,18
40694,Itspoint,draenor,1558,warlock,demonology,65,33,32
40695,Môrgán,draenor,1550,warlock,demonology,142,69,73
40696,Kalinowa,burning-legion,1543,warlock,demonology,89,49,40
40697,Nerzhull,stormscale,1539,warlock,demonology,87,44,43
40698,Redshíne,hyjal,1537,warlock,demonology,54,24,30
40699,Solitariøus,arathi,1536,warlock,demonology,60,30,30
40700,Nuwdles,tarren-mill,1535,warlock,demonology,42,23,19
40701,Synthiax,silvermoon,1534,warlock,demonology,24,16,8
40702,Repah,doomhammer,1534,warlock,demonology,30,17,13
40703,Fsandtwo,ravencrest,1534,warlock,demonology,30,16,14
40704,Sïlïthuss,ravencrest,1534,warlock,demonology,102,54,48
40705,Kaamosliha,frostwhisper,1532,warlock,demonology,89,45,44
40706,Харакула,fordragon,1531,warlock,demonology,24,17,7
40707,Altffeer,blackmoore,1531,warlock,demonology,47,27,20
40708,Wëndigo,stormscale,1530,warlock,demonology,41,19,22
40709,Tonin,antonidas,1528,warlock,demonology,41,25,16
40710,Bunne,twisting-nether,1523,warlock,demonology,36,16,20
40711,Indiasummerx,turalyon,1521,warlock,demonology,46,26,20
40712,Scaevóla,ravencrest,1520,warlock,demonology,180,92,88
40713,Skitless,blackmoore,1514,warlock,demonology,39,19,20
40714,Seriasa,blackmoore,1511,warlock,demonology,66,27,39
40715,Absúrd,turalyon,1510,warlock,demonology,210,119,91
40716,Theolock,ragnaros,1508,warlock,demonology,60,28,32
40717,Felsturm,twisting-nether,1497,warlock,demonology,36,24,12
40718,Felburrn,twisting-nether,1493,warlock,demonology,71,35,36
40719,Srhal,blackmoore,1492,warlock,demonology,96,53,43
40720,Morgan,jaedenar,1491,warlock,demonology,66,28,38
40721,Gulzot,turalyon,1490,warlock,demonology,30,19,11
40722,Бельведерчи,blackscar,1487,warlock,demonology,90,48,42
40723,Dabulock,blackmoore,1487,warlock,demonology,33,17,16
40724,Эволюционист,gordunni,1483,warlock,demonology,42,22,20
40725,Khalkazar,darkspear,1477,warlock,demonology,30,16,14
40726,Roedin,tarren-mill,1477,warlock,demonology,112,43,69
40727,Мормир,deathguard,1473,warlock,demonology,46,23,23
40728,Иллугис,gordunni,1468,warlock,demonology,36,17,19
40729,Костикк,howling-fjord,1466,warlock,demonology,31,19,12
40730,Lockaria,zuljin,1464,warlock,demonology,30,17,13
40731,Паникс,gordunni,1463,warlock,demonology,42,18,24
40732,Mephysteroth,dalaran,1462,warlock,demonology,30,16,14
40733,Kukcaryfuk,drakthul,1460,warlock,demonology,48,25,23
40734,Rpez,archimonde,1456,warlock,demonology,178,95,83
40735,Sedryn,turalyon,1454,warlock,demonology,546,276,270
40736,Jondi,blackmoore,1452,warlock,demonology,43,23,20
40737,Нгага,howling-fjord,1443,warlock,demonology,227,111,116
40738,Esgül,draenor,1442,warlock,demonology,76,40,36
40739,Igõr,draenor,1439,warlock,demonology,24,15,9
40740,Priszcilla,twisting-nether,1438,warlock,demonology,108,59,49
40741,Benvyx,twisting-nether,1438,warlock,demonology,30,15,15
40742,Jesez,aegwynn,1436,warlock,demonology,24,15,9
40743,Rafael,stormscale,1435,warlock,demonology,42,22,20
40744,Dedalus,zuluhed,1425,warlock,demonology,136,81,55
40745,Corbiejr,tarren-mill,1425,warlock,demonology,70,29,41
40746,Hyphonos,blackmoore,1422,warlock,demonology,30,15,15
40747,Ruinovino,outland,1422,warlock,demonology,42,18,24
40748,Джердхаус,fordragon,1419,warlock,demonology,30,15,15
40749,Épidémie,outland,1419,warlock,demonology,47,18,29
40750,Nattû,outland,1415,warlock,demonology,30,15,15
40751,Tsumde,dalaran,1415,warlock,demonology,54,26,28
40752,Ayóó,doomhammer,1414,warlock,demonology,260,130,130
40753,Lunden,drakthul,1414,warlock,demonology,46,22,24
40754,Malganas,sylvanas,1414,warlock,demonology,95,42,53
40755,Tochka,archimonde,1412,warlock,demonology,30,15,15
40756,Ilarizium,ysondre,1408,warlock,demonology,77,40,37
40757,Героуд,howling-fjord,1407,warlock,demonology,30,15,15
40758,Dhraven,thrall,1406,warlock,demonology,24,15,9
40759,Qullnius,kazzak,1402,warlock,demonology,42,24,18
40760,Tudii,frostwolf,1401,warlock,demonology,54,32,22
40761,Morgána,outland,1401,warlock,demonology,30,15,15
40762,Profylaxis,arathor,1396,warlock,demonology,46,23,23
40763,Déus,forscherliga,1394,warlock,demonology,132,64,68
40764,Shalazar,dun-modr,1389,warlock,demonology,54,32,22
40765,Peremi,grim-batol,1388,warlock,demonology,30,15,15
40766,Panic,stormrage,1384,warlock,demonology,132,69,63
40767,Расмурът,soulflayer,1375,warlock,demonology,42,23,19
40768,Sineko,twisting-nether,1375,warlock,demonology,130,61,69
40769,Wítchær,blackhand,1370,warlock,demonology,48,28,20
40770,Nimh,azjolnerub,1363,warlock,demonology,51,28,23
40771,Sevastus,argent-dawn,1363,warlock,demonology,96,48,48
40772,Гулдарий,howling-fjord,1362,warlock,demonology,219,112,107
40773,Ädarä,cthun,1359,warlock,demonology,54,27,27
40774,Чингинсхан,howling-fjord,1357,warlock,demonology,35,25,10
40775,Kharless,kazzak,1354,warlock,demonology,30,15,15
40776,Валентинчик,galakrond,1353,warlock,demonology,30,16,14
40777,Mesîkatayut,outland,1351,warlock,demonology,75,43,32
40778,Cahoa,archimonde,1349,warlock,demonology,24,15,9
40779,Olsel,draenor,1349,warlock,demonology,36,16,20
40780,Scallington,shattered-hand,1344,warlock,demonology,24,14,10
40781,Афинц,deathguard,1343,warlock,demonology,24,14,10
40782,Easycheasy,ravencrest,1343,warlock,demonology,24,14,10
40783,Lacape,dalaran,1340,warlock,demonology,28,15,13
40784,Razzguul,blackmoore,1337,warlock,demonology,28,15,13
40785,Evilbuba,burning-legion,1337,warlock,demonology,58,30,28
40786,Dominvs,silvermoon,1336,warlock,demonology,150,75,75
40787,Tomlingen,terenas,1335,warlock,demonology,48,25,23
40788,Чернаяскала,howling-fjord,1334,warlock,demonology,24,14,10
40789,Darkdagor,blackrock,1334,warlock,demonology,24,14,10
40790,Stormytrumpy,twisting-nether,1331,warlock,demonology,27,15,12
40791,Vanskor,argent-dawn,1331,warlock,demonology,100,42,58
40792,Letzman,ravencrest,1321,warlock,demonology,25,16,9
40793,Stormblast,azshara,1321,warlock,demonology,30,19,11
40794,Kwanzaa,ravencrest,1319,warlock,demonology,24,14,10
40795,Wåfa,kazzak,1318,warlock,demonology,42,23,19
40796,Gulldan,bloodfeather,1315,warlock,demonology,54,27,27
40797,Forthewin,stormreaver,1313,warlock,demonology,30,15,15
40798,Auxi,the-maelstrom,1310,warlock,demonology,87,48,39
40799,Sargaerot,draenor,1302,warlock,demonology,66,33,33
40800,Дуклок,howling-fjord,1301,warlock,demonology,65,34,31
40801,Lokko,nemesis,1298,warlock,demonology,59,25,34
40802,Fujiitøra,ysondre,1286,warlock,demonology,49,27,22
40803,Valadair,sanguino,1286,warlock,demonology,168,87,81
40804,Cmzdalock,ravencrest,1279,warlock,demonology,36,23,13
40805,Waltrude,conseil-des-ombres,1261,warlock,demonology,48,16,32
40806,Инсип,blackscar,1256,warlock,demonology,42,18,24
40807,Eatherial,twilights-hammer,1255,warlock,demonology,30,18,12
40808,Trellaras,bloodfeather,1249,warlock,demonology,29,14,15
40809,Rikkért,draenor,1248,warlock,demonology,24,13,11
40810,Capsloq,sargeras,1246,warlock,demonology,27,14,13
40811,Greeylock,blackhand,1243,warlock,demonology,24,13,11
40812,Tarilinwelli,les-sentinelles,1242,warlock,demonology,24,13,11
40813,Стокыч,soulflayer,1241,warlock,demonology,36,13,23
40814,Icq,ravencrest,1240,warlock,demonology,27,14,13
40815,Chedipes,stormscale,1240,warlock,demonology,33,14,19
40816,Чутьчутьзлая,gordunni,1237,warlock,demonology,24,13,11
40817,Áutísm,silvermoon,1235,warlock,demonology,18,13,5
40818,Andid,frostwolf,1231,warlock,demonology,38,18,20
40819,Truckpunch,defias-brotherhood,1228,warlock,demonology,42,18,24
40820,Hamnam,blackrock,1226,warlock,demonology,30,13,17
40821,Dernaxz,argent-dawn,1225,warlock,demonology,26,15,11
40822,Honetia,ravencrest,1225,warlock,demonology,29,13,16
40823,Mefistosx,draenor,1224,warlock,demonology,30,13,17
40824,Армдэд,galakrond,1222,warlock,demonology,30,13,17
40825,Thorash,moonglade,1221,warlock,demonology,18,13,5
40826,Bíü,tarren-mill,1219,warlock,demonology,30,13,17
40827,Gnometefurax,hyjal,1218,warlock,demonology,30,14,16
40828,Rüwel,mannoroth,1214,warlock,demonology,47,20,27
40829,Netcownt,silvermoon,1199,warlock,demonology,31,15,16
40830,Lifesteal,auchindoun,1196,warlock,demonology,42,18,24
40831,Azraëlle,drekthar,1195,warlock,demonology,21,14,7
40832,Malumbra,argent-dawn,1194,warlock,demonology,29,13,16
40833,Nekrosd,tarren-mill,1193,warlock,demonology,27,14,13
40834,Rngmåchinêx,ravencrest,1183,warlock,demonology,22,13,9
40835,Vorgoth,argent-dawn,1179,warlock,demonology,28,13,15
40836,Jag,neptulon,1171,warlock,demonology,24,15,9
40837,Decayez,thrall,1168,warlock,demonology,19,13,6
40838,Nagash,zuljin,1157,warlock,demonology,17,13,4
40839,Jomitoisback,nemesis,1152,warlock,demonology,12,12,0
40840,Syntax,blackmoore,1152,warlock,demonology,18,12,6
40841,Lyndi,nerathor,1152,warlock,demonology,18,12,6
40842,Ðåñtåy,ravencrest,1152,warlock,demonology,18,12,6
40843,Инфес,deathweaver,1151,warlock,demonology,18,12,6
40844,Fedpikkefar,kazzak,1151,warlock,demonology,24,12,12
40845,Парачо,eversong,1151,warlock,demonology,24,12,12
40846,Nargøf,outland,1151,warlock,demonology,24,12,12
40847,Topmodelx,eredar,1150,warlock,demonology,18,12,6
40848,Майдум,soulflayer,1150,warlock,demonology,18,12,6
40849,Carlss,sanguino,1149,warlock,demonology,18,12,6
40850,Desolador,tyrande,1148,warlock,demonology,30,12,18
40851,Sizezero,tarren-mill,1147,warlock,demonology,18,12,6
40852,Ashzu,quelthalas,1145,warlock,demonology,24,12,12
40853,Beloezoloto,deathwing,1143,warlock,demonology,30,12,18
40854,Penske,sanguino,1143,warlock,demonology,30,12,18
40855,Сладкийпир,soulflayer,1139,warlock,demonology,24,12,12
40856,Szetbaszlock,ragnaros,1137,warlock,demonology,18,12,6
40857,Aldhelm,draenor,1130,warlock,demonology,28,13,15
40858,Арон,soulflayer,1119,warlock,demonology,23,12,11
40859,Анрали,soulflayer,1119,warlock,demonology,23,12,11
40860,Warlockyo,blackrock,1118,warlock,demonology,23,12,11
40861,Erwynna,conseil-des-ombres,1118,warlock,demonology,30,12,18
40862,Scarly,nordrassil,1103,warlock,demonology,35,18,17
40863,Tripleshache,elune,1101,warlock,demonology,66,33,33
40864,Sabiocalvo,dun-modr,1097,warlock,demonology,42,20,22
40865,Infïnitýx,silvermoon,1086,warlock,demonology,20,12,8
40866,Flocca,archimonde,1085,warlock,demonology,26,12,14
40867,Этожедру,howling-fjord,1084,warlock,demonology,17,12,5
40868,Filø,dalaran,1077,warlock,demonology,41,12,29
40869,Bicuriousdad,tarren-mill,1056,warlock,demonology,12,11,1
40870,Rektube,sanguino,1056,warlock,demonology,12,11,1
40871,Glooness,burning-legion,1056,warlock,demonology,18,11,7
40872,Артисона,gordunni,1056,warlock,demonology,18,11,7
40873,Dotosgyörgy,ragnaros,1056,warlock,demonology,18,11,7
40874,Adellara,draenor,1056,warlock,demonology,18,11,7
40875,Nazw,ravencrest,1056,warlock,demonology,24,11,13
40876,Slockoló,ragnaros,1056,warlock,demonology,36,11,25
40877,Tamatóax,tarren-mill,1055,warlock,demonology,12,11,1
40878,Dirtytyrant,sanguino,1055,warlock,demonology,18,11,7
40879,Tiendi,blackhand,1055,warlock,demonology,24,11,13
40880,Lonelock,blackrock,1055,warlock,demonology,24,11,13
40881,Tìdùs,nethersturm,1054,warlock,demonology,12,11,1
40882,Froschhaxen,blackhand,1054,warlock,demonology,18,11,7
40883,Algolagniac,stormscale,1054,warlock,demonology,18,11,7
40884,Dàrksoul,thrall,1054,warlock,demonology,18,11,7
40885,Idezis,ragnaros,1054,warlock,demonology,18,11,7
40886,Katâra,tarren-mill,1054,warlock,demonology,24,11,13
40887,Longdickie,ravencrest,1053,warlock,demonology,18,11,7
40888,Tamaduitoru,dragonblight,1052,warlock,demonology,18,11,7
40889,Емс,gordunni,1051,warlock,demonology,24,11,13
40890,Кайрана,blackscar,1049,warlock,demonology,18,11,7
40891,Zanzarismo,nemesis,1049,warlock,demonology,21,12,9
40892,Ambralia,blackmoore,1048,warlock,demonology,24,12,12
40893,Дулаан,blackscar,1042,warlock,demonology,18,11,7
40894,Силаскверна,deathguard,1039,warlock,demonology,24,11,13
40895,Imadovich,silvermoon,1029,warlock,demonology,41,20,21
40896,Remthorn,frostmane,1022,warlock,demonology,36,19,17
40897,Krushell,sanguino,1021,warlock,demonology,18,11,7
40898,Shadowppl,outland,1021,warlock,demonology,26,12,14
40899,Dreamnyâsha,tarren-mill,1002,warlock,demonology,21,13,8
40900,Discomugg,stormscale,991,warlock,demonology,17,11,6
40901,Мембер,thermaplugg,990,warlock,demonology,26,11,15
40902,Grimmwald,stormreaver,990,warlock,demonology,28,11,17
40903,Blacklock,argent-dawn,960,warlock,demonology,12,10,2
40904,Демоник,deathguard,960,warlock,demonology,18,10,8
40905,Oggelock,tarren-mill,960,warlock,demonology,18,10,8
40906,Quadraxer,antonidas,960,warlock,demonology,18,10,8
40907,Кьютсанни,howling-fjord,960,warlock,demonology,24,10,14
40908,Xartul,tarren-mill,959,warlock,demonology,12,10,2
40909,Oozi,tarren-mill,959,warlock,demonology,12,10,2
40910,Nainbusdemil,dalaran,959,warlock,demonology,18,10,8
40911,Нэваблэйз,howling-fjord,959,warlock,demonology,18,10,8
40912,Darkenlock,burning-legion,959,warlock,demonology,18,10,8
40913,Hexdrix,thrall,959,warlock,demonology,30,10,20
40914,Ipetsincl,kazzak,958,warlock,demonology,18,10,8
40915,Davyjonessx,twisting-nether,958,warlock,demonology,18,10,8
40916,Astéfion,dalaran,958,warlock,demonology,18,10,8
40917,Pipoûc,archimonde,958,warlock,demonology,24,10,14
40918,Iovol,korgall,957,warlock,demonology,18,10,8
40919,Güulran,les-clairvoyants,954,warlock,demonology,18,10,8
40920,Enviroq,burning-legion,954,warlock,demonology,18,10,8
40921,Degdeehei,draenor,953,warlock,demonology,12,10,2
40922,Kalhija,medivh,953,warlock,demonology,18,10,8
40923,Kawapow,azjolnerub,952,warlock,demonology,18,10,8
40924,Ablas,bladefist,940,warlock,demonology,35,10,25
40925,Thyron,gorgonnash,938,warlock,demonology,24,10,14
40926,Аттропа,gordunni,928,warlock,demonology,18,12,6
40927,Fearmydear,alleria,926,warlock,demonology,17,10,7
40928,Vreyax,aegwynn,911,warlock,demonology,17,10,7
40929,Acuacx,drakthul,909,warlock,demonology,17,10,7
40930,Snoggä,antonidas,885,warlock,demonology,36,17,19
40931,Ixal,hyjal,882,warlock,demonology,30,13,17
40932,Öbsury,hyjal,864,warlock,demonology,12,9,3
40933,Yazurí,ravencrest,864,warlock,demonology,12,9,3
40934,Dogdrakex,tarren-mill,864,warlock,demonology,12,9,3
40935,Нистл,gordunni,864,warlock,demonology,12,9,3
40936,Aladèèn,tarren-mill,864,warlock,demonology,12,9,3
40937,Gv,ragnaros,864,warlock,demonology,12,9,3
40938,Demosteaks,thrall,864,warlock,demonology,12,9,3
40939,Stafar,outland,864,warlock,demonology,12,9,3
40940,Простохаос,howling-fjord,864,warlock,demonology,12,9,3
40941,Dadylock,silvermoon,864,warlock,demonology,12,9,3
40942,Ooroothothz,frostwolf,864,warlock,demonology,12,9,3
40943,Kuloo,blackmoore,864,warlock,demonology,18,9,9
40944,Boomlok,tarren-mill,864,warlock,demonology,18,9,9
40945,Nekrofille,outland,864,warlock,demonology,18,9,9
40946,Darksoll,hyjal,864,warlock,demonology,24,9,15
40947,Zèlêph,archimonde,863,warlock,demonology,12,9,3
40948,Kritrouilles,sargeras,863,warlock,demonology,18,9,9
40949,Nosoulnoprob,sylvanas,863,warlock,demonology,24,9,15
40950,Xoky,argent-dawn,861,warlock,demonology,18,9,9
40951,Allotropìa,ravencrest,861,warlock,demonology,24,9,15
40952,Kazzulina,ravenholdt,861,warlock,demonology,24,9,15
40953,Haitech,dalaran,858,warlock,demonology,12,9,3
40954,Nikhusadark,draenor,856,warlock,demonology,19,9,10
40955,Screamo,sylvanas,844,warlock,demonology,18,9,9
40956,Дакиса,gordunni,815,warlock,demonology,17,9,8
40957,Гупперлок,howling-fjord,810,warlock,demonology,27,12,15
40958,Migyardondup,exodar,802,warlock,demonology,69,38,31
40959,Бирел,soulflayer,799,warlock,demonology,16,9,7
40960,Fuark,teldrassil,798,warlock,demonology,11,9,2
40961,Простоседой,gordunni,798,warlock,demonology,23,9,14
40962,Йотунхейм,ashenvale,792,warlock,demonology,20,9,11
40963,Грешъник,gordunni,783,warlock,demonology,19,9,10
40964,Котрх,gordunni,768,warlock,demonology,12,8,4
40965,Devildodo,elune,768,warlock,demonology,12,8,4
40966,Staenkymayne,blackhand,768,warlock,demonology,12,8,4
40967,Gilfhaunter,malganis,768,warlock,demonology,12,8,4
40968,Maevoni,blackmoore,768,warlock,demonology,12,8,4
40969,Killning,medivh,768,warlock,demonology,12,8,4
40970,Nachtreich,thrall,768,warlock,demonology,12,8,4
40971,Аскамардва,gordunni,768,warlock,demonology,12,8,4
40972,Rozn,ravencrest,768,warlock,demonology,12,8,4
40973,Nàughty,ragnaros,768,warlock,demonology,15,8,7
40974,Idkdot,ravencrest,768,warlock,demonology,18,8,10
40975,Biest,drakthul,768,warlock,demonology,18,8,10
40976,Narsok,blackrock,768,warlock,demonology,18,8,10
40977,Djezzick,stormscale,768,warlock,demonology,18,8,10
40978,Ívânguldán,twisting-nether,768,warlock,demonology,18,8,10
40979,Jarodshadow,stormscale,768,warlock,demonology,18,8,10
40980,Koldarr,blackmoore,768,warlock,demonology,18,8,10
40981,Øupas,ysondre,768,warlock,demonology,18,8,10
40982,Eizon,tarren-mill,767,warlock,demonology,12,8,4
40983,Tojezlo,drakthul,767,warlock,demonology,12,8,4
40984,Ðelðish,draenor,767,warlock,demonology,12,8,4
40985,Sovrìn,blackrock,767,warlock,demonology,12,8,4
40986,Филоняша,gordunni,767,warlock,demonology,12,8,4
40987,Chimera,mugthol,767,warlock,demonology,18,8,10
40988,Alotadot,ravencrest,767,warlock,demonology,18,8,10
40989,Lugdan,blackmoore,767,warlock,demonology,18,8,10
40990,Otemlock,sanguino,766,warlock,demonology,12,8,4
40991,Guccie,ravencrest,766,warlock,demonology,17,10,7
40992,Britneyféars,emeriss,766,warlock,demonology,18,8,10
40993,Zeddy,draenor,766,warlock,demonology,18,8,10
40994,Merzavka,kazzak,765,warlock,demonology,12,8,4
40995,Rövsmärta,ragnaros,765,warlock,demonology,15,9,6
40996,Njutbar,ragnaros,765,warlock,demonology,18,8,10
40997,Bachmut,ravencrest,765,warlock,demonology,18,8,10
40998,Ясяшотлав,soulflayer,761,warlock,demonology,22,11,11
40999,Wanderingowl,blackmoore,760,warlock,demonology,12,8,4
41000,Nedivh,stormscale,751,warlock,demonology,23,8,15
41001,Tunrîda,illidan,733,warlock,demonology,21,8,13
41002,Dotwhat,ravencrest,719,warlock,demonology,17,8,9
41003,Themengh,stormscale,715,warlock,demonology,27,8,19
41004,Lifetap,tarren-mill,703,warlock,demonology,14,8,6
41005,Mundunugu,sanguino,687,warlock,demonology,13,8,5
41006,Ponçeur,ysondre,687,warlock,demonology,19,9,10
41007,Papilena,turalyon,687,warlock,demonology,19,8,11
41008,Khaleth,dun-modr,672,warlock,demonology,12,7,5
41009,Ballerlock,ravencrest,672,warlock,demonology,12,7,5
41010,Marador,drakthul,672,warlock,demonology,12,7,5
41011,Thereya,dun-morogh,672,warlock,demonology,12,7,5
41012,Eviloverlord,silvermoon,672,warlock,demonology,12,7,5
41013,Kosfáce,tarren-mill,672,warlock,demonology,12,7,5
41014,Circe,draenor,672,warlock,demonology,12,7,5
41015,Likilaka,draenor,672,warlock,demonology,12,7,5
41016,Plâytïmè,stormscale,672,warlock,demonology,12,7,5
41017,Styxwl,blackhand,672,warlock,demonology,12,7,5
41018,Wiitchdoktor,twisting-nether,672,warlock,demonology,12,7,5
41019,Hannens,blackrock,672,warlock,demonology,12,7,5
41020,Blekspel,outland,672,warlock,demonology,12,7,5
41021,Кале,goldrinn,672,warlock,demonology,12,7,5
41022,Immolleria,frostmane,672,warlock,demonology,12,7,5
41023,Flamidien,archimonde,672,warlock,demonology,12,7,5
41024,Fearfearfear,archimonde,672,warlock,demonology,12,7,5
41025,Dryaxc,frostwolf,672,warlock,demonology,12,7,5
41026,Framelock,draenor,672,warlock,demonology,12,7,5
41027,Spongebobx,kazzak,672,warlock,demonology,12,7,5
41028,Slurvefar,kazzak,672,warlock,demonology,12,7,5
41029,Líí,burning-blade,672,warlock,demonology,12,7,5
41030,Dzodeep,kazzak,672,warlock,demonology,12,7,5
41031,Bigbagelbob,archimonde,672,warlock,demonology,12,7,5
41032,Guldchan,drakthul,672,warlock,demonology,12,7,5
41033,Zagreos,tarren-mill,672,warlock,demonology,12,7,5
41034,Shortyi,thrall,672,warlock,demonology,18,7,11
41035,Fearu,kazzak,672,warlock,demonology,18,7,11
41036,Klaab,hyjal,672,warlock,demonology,18,7,11
41037,Kosoki,burning-legion,672,warlock,demonology,18,7,11
41038,Cringetamer,silvermoon,672,warlock,demonology,18,7,11
41039,Æternallock,nemesis,671,warlock,demonology,12,7,5
41040,Адилея,howling-fjord,671,warlock,demonology,12,7,5
41041,Dedobozhe,ravencrest,671,warlock,demonology,12,7,5
41042,Pestilus,thrall,671,warlock,demonology,18,7,11
41043,Bewbys,draenor,671,warlock,demonology,24,7,17
41044,Sipsirica,ragnaros,670,warlock,demonology,18,7,11
41045,Williamford,dun-modr,669,warlock,demonology,18,7,11
41046,Darlanis,draenor,668,warlock,demonology,12,7,5
41047,Ryks,terrordar,624,warlock,demonology,15,7,8
41048,Kavalierr,stormscale,624,warlock,demonology,21,8,13
41049,Kïng,elune,622,warlock,demonology,15,8,7
41050,Void,pozzo-delleternità,617,warlock,demonology,21,10,11
41051,Warlockxx,ravencrest,607,warlock,demonology,11,7,4
41052,Beebs,aegwynn,576,warlock,demonology,6,6,0
41053,Тапкидеда,gordunni,576,warlock,demonology,6,6,0
41054,Labreego,aggra-português,576,warlock,demonology,6,6,0
41055,Onewarlock,kazzak,576,warlock,demonology,6,6,0
41056,Werzel,frostmane,576,warlock,demonology,6,6,0
41057,Solidwarlock,archimonde,576,warlock,demonology,6,6,0
41058,Dracsu,dun-modr,576,warlock,demonology,12,6,6
41059,Zerx,malganis,576,warlock,demonology,12,6,6
41060,Édøras,archimonde,576,warlock,demonology,12,6,6
41061,Rivmuu,argent-dawn,576,warlock,demonology,12,6,6
41062,Rîas,hyjal,576,warlock,demonology,12,6,6
41063,Тевон,gordunni,576,warlock,demonology,12,6,6
41064,Smallpee,kazzak,576,warlock,demonology,12,6,6
41065,Wacamolymojo,tarren-mill,576,warlock,demonology,12,6,6
41066,Gruldran,khaz-modan,576,warlock,demonology,12,6,6
41067,Nephystø,archimonde,576,warlock,demonology,12,6,6
41068,Rikmeyzter,burning-blade,576,warlock,demonology,12,6,6
41069,Jegfaller,wildhammer,576,warlock,demonology,12,6,6
41070,Devour,magtheridon,576,warlock,demonology,12,6,6
41071,Líely,ravencrest,576,warlock,demonology,12,6,6
41072,Kasztyk,grim-batol,576,warlock,demonology,12,6,6
41073,Darcol,archimonde,576,warlock,demonology,12,6,6
41074,Mmorgana,sanguino,576,warlock,demonology,12,6,6
41075,Malathrom,garona,576,warlock,demonology,12,6,6
41076,Baldazar,dun-modr,576,warlock,demonology,12,6,6
41077,Ilovebronko,blackrock,576,warlock,demonology,12,6,6
41078,Vîmø,antonidas,576,warlock,demonology,12,6,6
41079,Lamboo,tarren-mill,576,warlock,demonology,12,6,6
41080,Deflagrate,kazzak,576,warlock,demonology,12,6,6
41081,Ðêmøñîc,ravencrest,576,warlock,demonology,12,6,6
41082,Lifedriller,drakthul,576,warlock,demonology,12,6,6
41083,Mombo,the-maelstrom,576,warlock,demonology,12,6,6
41084,Oldasianman,blackrock,576,warlock,demonology,18,6,12
41085,Фэлдред,soulflayer,576,warlock,demonology,18,6,12
41086,Xanatar,blackhand,576,warlock,demonology,18,6,12
41087,Agathaharkne,minahonda,576,warlock,demonology,18,6,12
41088,Morwëk,ysondre,576,warlock,demonology,18,6,12
41089,Yeatso,blackmoore,576,warlock,demonology,18,6,12
41090,Haillun,twisting-nether,576,warlock,demonology,18,6,12
41091,Deadleth,blackrock,575,warlock,demonology,10,7,3
41092,Факлок,gordunni,575,warlock,demonology,12,6,6
41093,Сквордин,gordunni,575,warlock,demonology,12,6,6
41094,Heximexi,malganis,575,warlock,demonology,18,6,12
41095,Xerxia,blackrock,575,warlock,demonology,18,6,12
41096,Ахпорбес,gordunni,574,warlock,demonology,10,7,3
41097,Ragedrop,malygos,574,warlock,demonology,12,6,6
41098,Methmuncher,twisting-nether,574,warlock,demonology,24,6,18
41099,Lokisi,die-aldor,572,warlock,demonology,18,6,12
41100,Petrosk,sanguino,569,warlock,demonology,12,6,6
41101,Absurdd,turalyon,568,warlock,demonology,14,9,5
41102,Raez,burning-blade,559,warlock,demonology,17,6,11
41103,Кхадгард,howling-fjord,544,warlock,demonology,16,6,10
41104,Gutras,ragnaros,527,warlock,demonology,11,6,5
41105,Tvmpzwl,ravencrest,527,warlock,demonology,17,6,11
41106,Shazem,tarren-mill,522,warlock,demonology,12,7,5
41107,Lockmex,outland,512,warlock,demonology,10,6,4
41108,Racursed,outland,480,warlock,demonology,6,5,1
41109,Фирвебало,soulflayer,480,warlock,demonology,6,5,1
41110,Boomloc,tarren-mill,480,warlock,demonology,6,5,1
41111,Swagzz,silvermoon,480,warlock,demonology,6,5,1
41112,Deadmanwlkin,aggra-português,480,warlock,demonology,6,5,1
41113,Köftemec,blackrock,480,warlock,demonology,6,5,1
41114,Ganjubass,tarren-mill,480,warlock,demonology,6,5,1
41115,Mércé,stormscale,480,warlock,demonology,6,5,1
41116,Chromex,dentarg,480,warlock,demonology,6,5,1
41117,Voídzero,hyjal,480,warlock,demonology,6,5,1
41118,Velativ,silvermoon,480,warlock,demonology,6,5,1
41119,Vitalyk,sanguino,480,warlock,demonology,6,5,1
41120,Gattlingan,eredar,480,warlock,demonology,6,5,1
41121,Fenrixlol,zuljin,480,warlock,demonology,6,5,1
41122,Xarica,garona,480,warlock,demonology,6,5,1
41123,Miauwu,stormscale,480,warlock,demonology,6,5,1
41124,Hannen,blackrock,480,warlock,demonology,6,5,1
41125,Felgødx,nemesis,480,warlock,demonology,6,5,1
41126,Bibilockbert,aegwynn,480,warlock,demonology,6,5,1
41127,Jinxme,tarren-mill,480,warlock,demonology,6,5,1
41128,Cazul,archimonde,480,warlock,demonology,6,5,1
41129,Cuteyess,shadowsong,480,warlock,demonology,6,5,1
41130,Hiloqtlock,blackmoore,480,warlock,demonology,6,5,1
41131,Лираума,howling-fjord,480,warlock,demonology,9,6,3
41132,Евнухоидизм,gordunni,480,warlock,demonology,8,5,3
41133,Landii,ragnaros,480,warlock,demonology,12,5,7
41134,Durátor,ravencrest,480,warlock,demonology,12,5,7
41135,Nécromancér,doomhammer,480,warlock,demonology,12,5,7
41136,Moslock,kazzak,480,warlock,demonology,12,5,7
41137,Msßeckinsale,tarren-mill,480,warlock,demonology,12,5,7
41138,Törtidotcom,blackrock,480,warlock,demonology,12,5,7
41139,Agaton,twisting-nether,480,warlock,demonology,12,5,7
41140,Morshax,ysondre,480,warlock,demonology,12,5,7
41141,Tepelkwastje,twisting-nether,480,warlock,demonology,12,5,7
41142,Nastychâtøn,ysondre,480,warlock,demonology,12,5,7
41143,Векстах,gordunni,480,warlock,demonology,12,5,7
41144,Zoodaddy,grim-batol,480,warlock,demonology,12,5,7
41145,Gulderrf,kirin-tor,480,warlock,demonology,12,5,7
41146,Purepkbob,quelthalas,480,warlock,demonology,12,5,7
41147,Khâmélÿa,culte-de-la-rive-noire,480,warlock,demonology,12,5,7
41148,Søcraqt,blackrock,480,warlock,demonology,13,5,8
41149,Rushkush,ravencrest,480,warlock,demonology,13,5,8
41150,Brodoh,dun-modr,480,warlock,demonology,18,5,13
41151,Gúldn,outland,480,warlock,demonology,18,5,13
41152,Zartax,kazzak,480,warlock,demonology,18,5,13
41153,Ascètic,kazzak,480,warlock,demonology,18,5,13
41154,Déemón,draenor,480,warlock,demonology,18,5,13
41155,Acererak,thunderhorn,480,warlock,demonology,18,5,13
41156,Vanmorgoth,nazjatar,480,warlock,demonology,18,5,13
41157,Délidumrul,stormscale,480,warlock,demonology,18,5,13
41158,Ezekîél,blackhand,479,warlock,demonology,6,5,1
41159,Lewd,dragonblight,479,warlock,demonology,12,5,7
41160,Aluy,blackmoore,479,warlock,demonology,12,5,7
41161,Gunca,sylvanas,479,warlock,demonology,12,5,7
41162,Ahollic,antonidas,384,warlock,demonology,6,4,2
41163,Tropìcal,grim-batol,384,warlock,demonology,6,4,2
41164,Lémonz,stormscale,384,warlock,demonology,6,4,2
41165,Cosec,silvermoon,384,warlock,demonology,6,4,2
41166,Nastýføxÿ,ysondre,384,warlock,demonology,6,4,2
41167,Tolgaa,draenor,384,warlock,demonology,6,4,2
41168,Bankstair,stormscale,384,warlock,demonology,6,4,2
41169,Zàkx,silvermoon,384,warlock,demonology,6,4,2
41170,Шимара,eversong,384,warlock,demonology,6,4,2
41171,Llilithh,draenor,384,warlock,demonology,6,4,2
41172,Slerpmami,ragnaros,384,warlock,demonology,6,4,2
41173,Felhaen,silvermoon,384,warlock,demonology,6,4,2
41174,Fredé,kazzak,384,warlock,demonology,6,4,2
41175,Itrix,aegwynn,384,warlock,demonology,6,4,2
41176,Bitshlog,draenor,384,warlock,demonology,6,4,2
41177,Roglash,eredar,384,warlock,demonology,6,4,2
41178,Kikeriki,blackhand,384,warlock,demonology,6,4,2
41179,Sep,aegwynn,384,warlock,demonology,6,4,2
41180,Likeqtz,thrall,384,warlock,demonology,6,4,2
41181,Aniq,eredar,384,warlock,demonology,6,4,2
41182,Exitlock,thrall,384,warlock,demonology,6,4,2
41183,Bigballerguy,sylvanas,384,warlock,demonology,6,4,2
41184,Bluenote,colinas-pardas,384,warlock,demonology,6,4,2
41185,Watii,stormscale,384,warlock,demonology,6,4,2
41186,Absoul,defias-brotherhood,384,warlock,demonology,6,4,2
41187,Колмидедди,gordunni,384,warlock,demonology,6,4,2
41188,Flxzshort,kazzak,384,warlock,demonology,6,4,2
41189,Vornex,sporeggar,384,warlock,demonology,6,4,2
41190,Nekhar,twisting-nether,384,warlock,demonology,6,4,2
41191,Незерлок,soulflayer,384,warlock,demonology,6,4,2
41192,Absurdity,twisting-nether,384,warlock,demonology,6,4,2
41193,Imissbolt,outland,384,warlock,demonology,6,4,2
41194,Cleyandra,arathor,384,warlock,demonology,6,4,2
41195,Mythoman,ravencrest,384,warlock,demonology,6,4,2
41196,Freyzul,twisting-nether,384,warlock,demonology,6,4,2
41197,Øbéydêmøn,silvermoon,384,warlock,demonology,6,4,2
41198,Сч,ashenvale,384,warlock,demonology,6,4,2
41199,Gödisdëäd,sanguino,384,warlock,demonology,6,4,2
41200,Zakuri,blackmoore,384,warlock,demonology,6,4,2
41201,Куськысь,gordunni,384,warlock,demonology,9,5,4
41202,Muninnus,archimonde,384,warlock,demonology,15,5,10
41203,Babayagâ,sanguino,384,warlock,demonology,12,4,8
41204,Tuz,blackrock,384,warlock,demonology,12,4,8
41205,Graveshaker,quelthalas,384,warlock,demonology,12,4,8
41206,Nulo,aggra-português,384,warlock,demonology,12,4,8
41207,Hsp,dun-modr,384,warlock,demonology,12,4,8
41208,Lagyna,wildhammer,384,warlock,demonology,12,4,8
41209,Kfo,ragnaros,384,warlock,demonology,12,4,8
41210,Millhaus,gorgonnash,384,warlock,demonology,18,4,14
41211,Alucena,silvermoon,384,warlock,demonology,18,4,14
41212,Cwyn,ravencrest,383,warlock,demonology,12,4,8
41213,Monroé,hellfire,367,warlock,demonology,11,4,7
41214,Кингпинг,soulflayer,367,warlock,demonology,11,4,7
41215,Nili,dethecus,351,warlock,demonology,11,4,7
41216,Amrafel,draenor,335,warlock,demonology,15,5,10
41217,Floriae,silvermoon,329,warlock,demonology,13,5,8
41218,Shadaw,kilrogg,319,warlock,demonology,5,4,1
41219,Theronas,tarren-mill,288,warlock,demonology,6,3,3
41220,Wendetta,stormreaver,288,warlock,demonology,6,3,3
41221,Drainurlife,zenedar,288,warlock,demonology,6,3,3
41222,Xenq,ravencrest,288,warlock,demonology,6,3,3
41223,Ilililii,ravencrest,288,warlock,demonology,6,3,3
41224,Nineinchlock,silvermoon,288,warlock,demonology,6,3,3
41225,Bono,frostwhisper,288,warlock,demonology,6,3,3
41226,Сантизи,gordunni,288,warlock,demonology,6,3,3
41227,Alcringe,kazzak,288,warlock,demonology,6,3,3
41228,Hasselbalch,azshara,288,warlock,demonology,6,3,3
41229,Askanios,twisting-nether,288,warlock,demonology,6,3,3
41230,Väladar,sanguino,288,warlock,demonology,6,3,3
41231,Ronniee,moonglade,288,warlock,demonology,6,3,3
41232,Lebaa,burning-steppes,288,warlock,demonology,6,3,3
41233,Sidragasoss,drakthul,288,warlock,demonology,6,3,3
41234,Myskul,burning-legion,288,warlock,demonology,6,3,3
41235,Mattihoh,rexxar,288,warlock,demonology,6,3,3
41236,Zìì,silvermoon,288,warlock,demonology,6,3,3
41237,Slytofhandio,silvermoon,288,warlock,demonology,6,3,3
41238,Дотботх,howling-fjord,288,warlock,demonology,6,3,3
41239,Opiumers,kazzak,288,warlock,demonology,6,3,3
41240,Tathyanna,archimonde,288,warlock,demonology,6,3,3
41241,Рашчер,gordunni,288,warlock,demonology,6,3,3
41242,Локистраик,borean-tundra,288,warlock,demonology,6,3,3
41243,Pidka,drakthul,288,warlock,demonology,6,3,3
41244,Kropi,blackhand,288,warlock,demonology,6,3,3
41245,Vladov,ravencrest,288,warlock,demonology,6,3,3
41246,Antuan,sanguino,288,warlock,demonology,6,3,3
41247,Brryant,colinas-pardas,288,warlock,demonology,6,3,3
41248,Suucc,draenor,288,warlock,demonology,6,3,3
41249,Osyx,ravencrest,288,warlock,demonology,6,3,3
41250,Wombsa,blackmoore,288,warlock,demonology,6,3,3
41251,Дядяджонн,gordunni,288,warlock,demonology,6,3,3
41252,Waîdo,blackhand,288,warlock,demonology,6,3,3
41253,Cardinall,drakthul,288,warlock,demonology,6,3,3
41254,Talindra,stormscale,288,warlock,demonology,6,3,3
41255,Afflimoomoo,tarren-mill,288,warlock,demonology,6,3,3
41256,Журанайсбой,blackscar,288,warlock,demonology,6,3,3
41257,Xiraq,nathrezim,288,warlock,demonology,6,3,3
41258,Shjzzkl,blackmoore,288,warlock,demonology,6,3,3
41259,Moelock,frostmane,288,warlock,demonology,6,3,3
41260,Infernion,stormscale,288,warlock,demonology,6,3,3
41261,Xfz,stormscale,288,warlock,demonology,6,3,3
41262,Karädoc,chogall,288,warlock,demonology,6,3,3
41263,Legiozock,draenor,288,warlock,demonology,6,3,3
41264,Elmîr,blackmoore,288,warlock,demonology,6,3,3
41265,Sofias,tarren-mill,288,warlock,demonology,6,3,3
41266,Noobgg,kazzak,288,warlock,demonology,6,3,3
41267,Cthxil,frostwolf,288,warlock,demonology,6,3,3
41268,Hotdogvendor,kazzak,288,warlock,demonology,6,3,3
41269,Sleethy,destromath,288,warlock,demonology,6,3,3
41270,Bionic,eredar,288,warlock,demonology,6,3,3
41271,Nürgle,stormscale,288,warlock,demonology,6,3,3
41272,Buserella,eredar,288,warlock,demonology,6,3,3
41273,Zeromaker,kazzak,288,warlock,demonology,6,3,3
41274,Xjms,darksorrow,288,warlock,demonology,6,3,3
41275,Dispelpls,dun-morogh,288,warlock,demonology,6,3,3
41276,Matheus,zenedar,288,warlock,demonology,6,3,3
41277,Гвадривер,howling-fjord,288,warlock,demonology,6,3,3
41278,Ноанс,howling-fjord,288,warlock,demonology,6,3,3
41279,ßualock,sylvanas,288,warlock,demonology,6,3,3
41280,Gyroib,stormscale,288,warlock,demonology,6,3,3
41281,Ezy,auchindoun,288,warlock,demonology,6,3,3
41282,Malkoran,sylvanas,288,warlock,demonology,6,3,3
41283,Immaginare,sylvanas,288,warlock,demonology,6,3,3
41284,Horststenzl,blackrock,288,warlock,demonology,6,3,3
41285,Комочеро,soulflayer,288,warlock,demonology,6,3,3
41286,Drarken,sylvanas,288,warlock,demonology,6,3,3
41287,Mingingclass,stormscale,288,warlock,demonology,6,3,3
41288,Cainn,kilrogg,288,warlock,demonology,6,3,3
41289,Myliege,kilrogg,288,warlock,demonology,6,3,3
41290,Лысыйлокоть,soulflayer,288,warlock,demonology,6,3,3
41291,Dardec,hyjal,288,warlock,demonology,12,3,9
41292,Ohnoitsnepss,chamber-of-aspects,288,warlock,demonology,12,3,9
41293,Kamí,sanguino,288,warlock,demonology,12,3,9
41294,Ïvar,ysondre,288,warlock,demonology,12,3,9
41295,Chaosbolts,balnazzar,288,warlock,demonology,12,3,9
41296,Ftpete,argent-dawn,288,warlock,demonology,12,3,9
41297,Surgelock,draenor,288,warlock,demonology,12,3,9
41298,Laveau,outland,288,warlock,demonology,12,3,9
41299,Эссминет,soulflayer,288,warlock,demonology,12,3,9
41300,Cassen,outland,288,warlock,demonology,12,3,9
41301,Jkz,blackrock,288,warlock,demonology,12,3,9
41302,Denzeal,argent-dawn,288,warlock,demonology,18,3,15
41303,Ydidntuwait,ragnaros,288,warlock,demonology,18,3,15
41304,Hartee,argent-dawn,288,warlock,demonology,18,3,15
41305,Lìlitu,malfurion,287,warlock,demonology,6,3,3
41306,Dust,argent-dawn,287,warlock,demonology,12,3,9
41307,Hasla,stormreaver,256,warlock,demonology,10,3,7
41308,Ánderx,dun-modr,239,warlock,demonology,5,3,2
41309,Calypso,korgall,239,warlock,demonology,5,3,2
41310,Hokoreuw,echsenkessel,234,warlock,demonology,9,4,5
41311,Evanore,burning-legion,223,warlock,demonology,14,3,11
41312,Streganni,nemesis,192,warlock,demonology,4,3,1
41313,Бешентумай,goldrinn,192,warlock,demonology,6,2,4
41314,Fløkee,blackmoore,192,warlock,demonology,6,2,4
41315,Fortheend,twisting-nether,192,warlock,demonology,6,2,4
41316,Salvatoríy,outland,192,warlock,demonology,6,2,4
41317,Agâshh,blackrock,192,warlock,demonology,6,2,4
41318,Democraft,the-maelstrom,192,warlock,demonology,6,2,4
41319,Кощун,goldrinn,192,warlock,demonology,6,2,4
41320,Gtxtreme,kazzak,192,warlock,demonology,6,2,4
41321,Bowti,ravencrest,192,warlock,demonology,6,2,4
41322,Stromzii,silvermoon,192,warlock,demonology,6,2,4
41323,Ukjjkhj,frostmane,192,warlock,demonology,6,2,4
41324,Branduir,ragnaros,192,warlock,demonology,6,2,4
41325,Zyréx,eredar,192,warlock,demonology,6,2,4
41326,Fearlessgødx,ravencrest,192,warlock,demonology,6,2,4
41327,Sörlewiis,the-maelstrom,192,warlock,demonology,6,2,4
41328,Minidiction,ravencrest,192,warlock,demonology,6,2,4
41329,Telyfol,ragnaros,192,warlock,demonology,6,2,4
41330,Анрали,deathguard,192,warlock,demonology,6,2,4
41331,Dotcha,ravencrest,192,warlock,demonology,6,2,4
41332,Heexmex,blackmoore,192,warlock,demonology,6,2,4
41333,Médeâ,ravencrest,192,warlock,demonology,6,2,4
41334,Amerihell,pozzo-delleternità,192,warlock,demonology,6,2,4
41335,Seldonn,pozzo-delleternità,192,warlock,demonology,6,2,4
41336,Àbraxàs,nemesis,192,warlock,demonology,6,2,4
41337,Prestige,nemesis,192,warlock,demonology,6,2,4
41338,Yôi,nemesis,192,warlock,demonology,6,2,4
41339,Belzedan,blackrock,192,warlock,demonology,6,2,4
41340,Surfingbirdz,ragnaros,192,warlock,demonology,6,2,4
41341,Nastychãtøn,ysondre,192,warlock,demonology,6,2,4
41342,Kumamoto,tarren-mill,192,warlock,demonology,6,2,4
41343,Fatkkroth,ravencrest,192,warlock,demonology,6,2,4
41344,Lokelicious,ragnaros,192,warlock,demonology,6,2,4
41345,Azgaroth,kazzak,192,warlock,demonology,6,2,4
41346,Azurma,tarren-mill,192,warlock,demonology,6,2,4
41347,Slowfatlock,ravencrest,192,warlock,demonology,6,2,4
41348,Anturia,garona,192,warlock,demonology,6,2,4
41349,Luckylocked,kazzak,192,warlock,demonology,6,2,4
41350,Cali,ahnqiraj,192,warlock,demonology,6,2,4
41351,Irnx,tarren-mill,192,warlock,demonology,6,2,4
41352,Destroc,blackrock,192,warlock,demonology,6,2,4
41353,Epoku,stormscale,192,warlock,demonology,6,2,4
41354,Baradür,sanguino,192,warlock,demonology,6,2,4
41355,Iblis,grim-batol,192,warlock,demonology,6,2,4
41356,Oldasiangirl,blackrock,192,warlock,demonology,6,2,4
41357,Incesticide,ragnaros,192,warlock,demonology,6,2,4
41358,Drith,blades-edge,192,warlock,demonology,6,2,4
41359,Retrosatanas,archimonde,192,warlock,demonology,6,2,4
41360,Artys,tarren-mill,192,warlock,demonology,6,2,4
41361,Ekispekis,tarren-mill,192,warlock,demonology,6,2,4
41362,Liwerno,dunemaul,192,warlock,demonology,6,2,4
41363,Cräwley,ragnaros,192,warlock,demonology,6,2,4
41364,Morgainé,arygos,192,warlock,demonology,6,2,4
41365,Kaobolt,archimonde,192,warlock,demonology,6,2,4
41366,Gammalgubbe,stormscale,192,warlock,demonology,6,2,4
41367,Sneptics,draenor,192,warlock,demonology,6,2,4
41368,Indifférence,archimonde,192,warlock,demonology,6,2,4
41369,Darkdax,dethecus,192,warlock,demonology,6,2,4
41370,Nerfwarriors,stormscale,192,warlock,demonology,6,2,4
41371,Omegachad,draenor,192,warlock,demonology,6,2,4
41372,Hodille,argent-dawn,192,warlock,demonology,6,2,4
41373,Flatwolenzy,blackrock,192,warlock,demonology,6,2,4
41374,Скверногрик,fordragon,192,warlock,demonology,6,2,4
41375,Bu,zirkel-des-cenarius,192,warlock,demonology,6,2,4
41376,Andrealphus,outland,192,warlock,demonology,6,2,4
41377,Vitrolizz,twilights-hammer,192,warlock,demonology,6,2,4
41378,Хэлласс,blackscar,192,warlock,demonology,6,2,4
41379,Вериберри,gordunni,192,warlock,demonology,6,2,4
41380,Chram,uldum,192,warlock,demonology,7,2,5
41381,Henriett,ravencrest,192,warlock,demonology,12,2,10
41382,Манапчик,soulflayer,192,warlock,demonology,12,2,10
41383,Déadwish,ravencrest,192,warlock,demonology,12,2,10
41384,Arciam,kazzak,192,warlock,demonology,12,2,10
41385,Saruna,azshara,192,warlock,demonology,12,2,10
41386,Rayanna,twisting-nether,192,warlock,demonology,18,2,16
41387,Letzterlude,thrall,159,warlock,demonology,5,2,3
41388,Omaleinfluch,antonidas,138,warlock,demonology,9,3,6
41389,Nomakqlock,dun-modr,96,warlock,demonology,3,2,1
41390,Happycadaver,blackrock,96,warlock,demonology,3,2,1
41391,Melfos,blackmoore,96,warlock,demonology,6,1,5
41392,Аффликатор,soulflayer,96,warlock,demonology,6,1,5
41393,Méetoo,thrall,96,warlock,demonology,6,1,5
41394,Bolt,stormscale,96,warlock,demonology,6,1,5
41395,Ðßøhßäøùí,blackmoore,96,warlock,demonology,6,1,5
41396,Wspolnax,ravencrest,96,warlock,demonology,6,1,5
41397,Árkan,thrall,96,warlock,demonology,6,1,5
41398,Necroless,shadowsong,96,warlock,demonology,6,1,5
41399,Chuntlock,shadowsong,96,warlock,demonology,6,1,5
41400,Маверрикк,gordunni,96,warlock,demonology,6,1,5
41401,Elyraah,hyjal,96,warlock,demonology,6,1,5
41402,Lovromalt,kazzak,96,warlock,demonology,6,1,5
41403,Militianu,sylvanas,96,warlock,demonology,6,1,5
41404,Utuklululu,archimonde,96,warlock,demonology,6,1,5
41405,Divvaa,tarren-mill,96,warlock,demonology,6,1,5
41406,Darkbazul,burning-legion,96,warlock,demonology,6,1,5
41407,Tid,burning-legion,96,warlock,demonology,6,1,5
41408,Diseased,darksorrow,96,warlock,demonology,6,1,5
41409,Prestoc,wrathbringer,96,warlock,demonology,6,1,5
41410,Catherine,garrosh,96,warlock,demonology,6,1,5
41411,Marann,dun-morogh,96,warlock,demonology,6,1,5
41412,Ruvy,twisting-nether,96,warlock,demonology,6,1,5
41413,Zebauron,twisting-nether,96,warlock,demonology,6,1,5
41414,Ароматныйх,howling-fjord,96,warlock,demonology,6,1,5
41415,Lacus,voljin,96,warlock,demonology,6,1,5
41416,Krútéús,perenolde,96,warlock,demonology,6,1,5
41417,Бестий,fordragon,96,warlock,demonology,6,1,5
41418,Kàiser,sanguino,96,warlock,demonology,12,1,11
41419,Boccu,magtheridon,64,warlock,demonology,4,1,3
41420,Waryald,dun-modr,64,warlock,demonology,4,1,3
41421,Кусокплети,grom,63,warlock,demonology,2,2,0
41422,Tequendama,ysera,42,warlock,demonology,10,3,7
41423,Xydar,stormscale,42,warlock,demonology,10,2,8
41424,Berris,argent-dawn,31,warlock,demonology,2,1,1
41425,Lollock,teldrassil,31,warlock,demonology,2,1,1
41426,Агрессивная,soulflayer,31,warlock,demonology,2,1,1
41427,Loghit,ravencrest,16,warlock,demonology,1,1,0
41428,Creatúre,drakthul,2446,warlock,destruction,66,53,13
41429,Inferniøn,ravencrest,2422,warlock,destruction,93,68,25
41430,Фаерморн,blackscar,2345,warlock,destruction,132,83,49
41431,Infý,ravencrest,2332,warlock,destruction,130,83,47
41432,Erutaerc,drakthul,2321,warlock,destruction,78,49,29
41433,Jâzggz,twisting-nether,2317,warlock,destruction,78,51,27
41434,Canabolic,stormscale,2288,warlock,destruction,102,63,39
41435,Тагочи,gordunni,2281,warlock,destruction,110,62,48
41436,Steckenpferd,blackmoore,2277,warlock,destruction,60,42,18
41437,Lopari,aegwynn,2275,warlock,destruction,106,65,41
41438,Indraxx,hyjal,2266,warlock,destruction,110,60,50
41439,Боуман,howling-fjord,2243,warlock,destruction,96,56,40
41440,Xeremas,blackrock,2237,warlock,destruction,83,62,21
41441,Umbraz,blackmoore,2236,warlock,destruction,84,49,35
41442,Tjl,kazzak,2233,warlock,destruction,131,74,57
41443,Acentro,stormscale,2231,warlock,destruction,71,46,25
41444,Zélroth,argent-dawn,2217,warlock,destruction,180,104,76
41445,Azurma,tarren-mill,2211,warlock,destruction,78,47,31
41446,Yùna,frostwolf,2209,warlock,destruction,72,48,24
41447,Dæhli,argent-dawn,2204,warlock,destruction,102,56,46
41448,Snapperz,stormscale,2202,warlock,destruction,138,76,62
41449,Brokenearman,defias-brotherhood,2199,warlock,destruction,41,36,5
41450,Anihli,kazzak,2199,warlock,destruction,144,77,67
41451,Rootzlx,ravencrest,2197,warlock,destruction,120,70,50
41452,Djdampening,bloodhoof,2192,warlock,destruction,148,95,53
41453,Amdead,sylvanas,2186,warlock,destruction,102,71,31
41454,Zèlêph,archimonde,2185,warlock,destruction,186,118,68
41455,Ìpen,bloodfeather,2179,warlock,destruction,89,52,37
41456,Фримех,soulflayer,2167,warlock,destruction,65,51,14
41457,Handicapped,burning-legion,2158,warlock,destruction,78,47,31
41458,Glooness,burning-legion,2151,warlock,destruction,78,43,35
41459,Bäle,stormreaver,2150,warlock,destruction,107,64,43
41460,Johanan,ravencrest,2148,warlock,destruction,53,35,18
41461,Absurdity,twisting-nether,2148,warlock,destruction,102,53,49
41462,Tekrowdy,blackmoore,2144,warlock,destruction,48,33,15
41463,Ilovemimi,hyjal,2144,warlock,destruction,65,38,27
41464,Kimkold,twisting-nether,2144,warlock,destruction,96,50,46
41465,Lhestér,outland,2141,warlock,destruction,75,47,28
41466,Телола,gordunni,2141,warlock,destruction,102,61,41
41467,Tópdogg,twisting-nether,2140,warlock,destruction,54,43,11
41468,Боумонн,howling-fjord,2140,warlock,destruction,54,40,14
41469,Veganlifter,blackhand,2136,warlock,destruction,72,45,27
41470,Dogdrakex,tarren-mill,2133,warlock,destruction,81,47,34
41471,Císuh,stormreaver,2133,warlock,destruction,120,69,51
41472,Lockisbadx,draenor,2132,warlock,destruction,72,43,29
41473,Эвилакс,gordunni,2131,warlock,destruction,78,50,28
41474,Legionlockxd,twisting-nether,2129,warlock,destruction,88,48,40
41475,Xxjz,ravencrest,2128,warlock,destruction,150,86,64
41476,Шархихохо,gordunni,2125,warlock,destruction,102,53,49
41477,Nògg,frostwhisper,2120,warlock,destruction,66,42,24
41478,Gulwer,blackmoore,2120,warlock,destruction,66,40,26
41479,Vîmø,antonidas,2120,warlock,destruction,203,123,80
41480,Rune,aegwynn,2118,warlock,destruction,72,51,21
41481,Dayken,silvermoon,2117,warlock,destruction,63,44,19
41482,Блакхен,blackscar,2117,warlock,destruction,66,38,28
41483,Рашчер,gordunni,2116,warlock,destruction,101,58,43
41484,Zilalol,sylvanas,2115,warlock,destruction,78,46,32
41485,Djmcwarlock,kazzak,2115,warlock,destruction,68,40,28
41486,Bóbtown,stormscale,2115,warlock,destruction,240,136,104
41487,Mangolicious,twisting-nether,2113,warlock,destruction,152,85,67
41488,Velv,nagrand,2112,warlock,destruction,90,45,45
41489,Рауваскх,howling-fjord,2110,warlock,destruction,53,31,22
41490,Cryzzbad,stormscale,2109,warlock,destruction,36,29,7
41491,Nellyvato,eredar,2109,warlock,destruction,90,53,37
41492,Силорий,howling-fjord,2108,warlock,destruction,85,54,31
41493,Geluwu,tarren-mill,2107,warlock,destruction,66,40,26
41494,Nògg,kazzak,2106,warlock,destruction,66,35,31
41495,Bankstair,stormscale,2105,warlock,destruction,66,44,22
41496,Hladankurac,twisting-nether,2105,warlock,destruction,60,35,25
41497,Drainsouls,stormscale,2105,warlock,destruction,189,105,84
41498,Lywov,stormscale,2103,warlock,destruction,60,34,26
41499,Veganlifter,ravencrest,2102,warlock,destruction,42,35,7
41500,Skillførçé,kazzak,2102,warlock,destruction,54,41,13
41501,Wldot,ravencrest,2102,warlock,destruction,84,53,31
41502,Wester,blackmoore,2102,warlock,destruction,108,61,47
41503,Артик,gordunni,2101,warlock,destruction,48,37,11
41504,Bfaexpert,ravencrest,2099,warlock,destruction,48,29,19
41505,Sterlock,sylvanas,2093,warlock,destruction,73,40,33
41506,Boltilicious,kazzak,2084,warlock,destruction,66,43,23
41507,Rexløck,nozdormu,2080,warlock,destruction,141,88,53
41508,Sehk,stormreaver,2077,warlock,destruction,60,43,17
41509,Dabzw,twisting-nether,2075,warlock,destruction,67,43,24
41510,Kerídiin,twisting-nether,2075,warlock,destruction,96,54,42
41511,Паилка,galakrond,2075,warlock,destruction,135,74,61
41512,Djwarlock,kazzak,2074,warlock,destruction,59,33,26
41513,Bigbolt,arathor,2073,warlock,destruction,107,60,47
41514,Kuckacocucka,outland,2072,warlock,destruction,101,61,40
41515,Xesh,kiljaeden,2072,warlock,destruction,132,72,60
41516,Lyâ,ravencrest,2072,warlock,destruction,60,32,28
41517,Varaxxis,twisting-nether,2070,warlock,destruction,108,61,47
41518,Chaosbuster,magtheridon,2069,warlock,destruction,114,72,42
41519,Påsqúåls,ravencrest,2069,warlock,destruction,96,56,40
41520,Haedache,tarren-mill,2069,warlock,destruction,101,57,44
41521,Zila,sylvanas,2069,warlock,destruction,83,44,39
41522,Bualock,sylvanas,2068,warlock,destruction,60,33,27
41523,Vileclass,ravencrest,2066,warlock,destruction,92,51,41
41524,Ánderxyo,dun-modr,2065,warlock,destruction,42,32,10
41525,Voldby,kazzak,2065,warlock,destruction,173,87,86
41526,Yúnalesca,aegwynn,2064,warlock,destruction,71,48,23
41527,Блудгэнг,blackscar,2062,warlock,destruction,90,60,30
41528,Bewegen,frostwolf,2061,warlock,destruction,90,50,40
41529,Якурюимнепох,gordunni,2060,warlock,destruction,217,123,94
41530,Válýrá,blackhand,2057,warlock,destruction,65,43,22
41531,Malddog,turalyon,2056,warlock,destruction,114,66,48
41532,Простишутках,gordunni,2051,warlock,destruction,48,30,18
41533,Rhüd,twisting-nether,2050,warlock,destruction,95,54,41
41534,Bluefungirl,stormscale,2049,warlock,destruction,114,68,46
41535,Nyotu,antonidas,2049,warlock,destruction,107,63,44
41536,Ez,emeriss,2048,warlock,destruction,54,43,11
41537,Мспечень,howling-fjord,2044,warlock,destruction,60,41,19
41538,Héffer,outland,2044,warlock,destruction,121,80,41
41539,Alphazero,zuluhed,2038,warlock,destruction,83,46,37
41540,Whatamellown,aegwynn,2037,warlock,destruction,60,37,23
41541,Anniefuchsia,ravencrest,2036,warlock,destruction,81,45,36
41542,Klnr,ravencrest,2034,warlock,destruction,86,57,29
41543,Кириланскил,gordunni,2031,warlock,destruction,54,33,21
41544,Pørtal,aggra-português,2030,warlock,destruction,83,47,36
41545,Necromanya,ravencrest,2029,warlock,destruction,192,108,84
41546,Koisk,tarren-mill,2028,warlock,destruction,70,39,31
41547,Онлидемон,gordunni,2028,warlock,destruction,153,81,72
41548,Jadesud,archimonde,2024,warlock,destruction,48,33,15
41549,Кишмякхб,howling-fjord,2024,warlock,destruction,91,47,44
41550,Влицотьмой,gordunni,2023,warlock,destruction,66,37,29
41551,Superlocken,ragnaros,2022,warlock,destruction,65,37,28
41552,Чудастрх,azuregos,2022,warlock,destruction,78,44,34
41553,Bualock,stormscale,2019,warlock,destruction,53,30,23
41554,Кенгарь,howling-fjord,2019,warlock,destruction,132,72,60
41555,Felcamino,outland,2019,warlock,destruction,72,36,36
41556,Avenueat,kazzak,2018,warlock,destruction,63,35,28
41557,Ryûsuke,dun-modr,2015,warlock,destruction,78,46,32
41558,Tàkaz,drekthar,2013,warlock,destruction,112,67,45
41559,Gorillabolts,tarren-mill,2013,warlock,destruction,72,33,39
41560,Vitus,malganis,2011,warlock,destruction,156,87,69
41561,Epzi,outland,2008,warlock,destruction,47,27,20
41562,Stefcheto,twilights-hammer,2008,warlock,destruction,90,51,39
41563,Portlock,kazzak,2008,warlock,destruction,78,43,35
41564,Achluophobiå,ravencrest,2007,warlock,destruction,67,41,26
41565,Жасминдос,blackscar,2006,warlock,destruction,63,42,21
41566,Decimus,darkspear,2006,warlock,destruction,138,81,57
41567,Arfdispo,hyjal,2006,warlock,destruction,137,69,68
41568,Salvabolter,outland,1994,warlock,destruction,66,42,24
41569,Isuckwarlock,aegwynn,1994,warlock,destruction,66,34,32
41570,Rockbèll,blackmoore,1992,warlock,destruction,48,36,12
41571,Kamoriwl,blackhand,1991,warlock,destruction,54,30,24
41572,Panda,aegwynn,1987,warlock,destruction,48,30,18
41573,Vvj,ravencrest,1986,warlock,destruction,138,73,65
41574,Gøzù,antonidas,1985,warlock,destruction,54,32,22
41575,Kwoleriker,norgannon,1985,warlock,destruction,70,39,31
41576,Corbbolt,drakthul,1984,warlock,destruction,84,46,38
41577,Инферналках,gordunni,1983,warlock,destruction,59,39,20
41578,Èlton,tarren-mill,1983,warlock,destruction,156,92,64
41579,Shangalar,burning-legion,1980,warlock,destruction,90,51,39
41580,Supergeîl,blackrock,1980,warlock,destruction,84,46,38
41581,Sqx,veklor,1978,warlock,destruction,60,39,21
41582,Chromosomex,dentarg,1977,warlock,destruction,36,26,10
41583,Beebs,aegwynn,1977,warlock,destruction,58,40,18
41584,Laedreth,argent-dawn,1977,warlock,destruction,206,112,94
41585,Wällaar,ragnaros,1976,warlock,destruction,84,50,34
41586,Sjödin,tarren-mill,1975,warlock,destruction,36,27,9
41587,Dsï,outland,1975,warlock,destruction,71,37,34
41588,Hotdoghomie,tarren-mill,1974,warlock,destruction,36,28,8
41589,Xwíng,stormscale,1974,warlock,destruction,48,35,13
41590,Ffpiiras,dunemaul,1972,warlock,destruction,63,37,26
41591,Habdruck,blackmoore,1971,warlock,destruction,223,133,90
41592,Mxdojsrvqxzq,ravencrest,1969,warlock,destruction,125,69,56
41593,Whakkx,blackrock,1969,warlock,destruction,90,49,41
41594,Rohyna,archimonde,1968,warlock,destruction,48,34,14
41595,Asáel,blackrock,1968,warlock,destruction,84,47,37
41596,Exhäle,archimonde,1966,warlock,destruction,59,37,22
41597,Avogeiñ,tarren-mill,1963,warlock,destruction,59,29,30
41598,Zarisya,blackmoore,1961,warlock,destruction,48,29,19
41599,Drowlý,twisting-nether,1961,warlock,destruction,54,32,22
41600,Obrusik,burning-legion,1961,warlock,destruction,77,36,41
41601,Взорг,soulflayer,1957,warlock,destruction,114,62,52
41602,Looneytoonz,blackrock,1956,warlock,destruction,84,50,34
41603,Malgarøth,tarren-mill,1955,warlock,destruction,60,28,32
41604,Сумракк,gordunni,1954,warlock,destruction,66,35,31
41605,Nayolana,argent-dawn,1954,warlock,destruction,87,45,42
41606,Hømïcîðæl,ravencrest,1953,warlock,destruction,72,45,27
41607,Tikondrus,ravencrest,1952,warlock,destruction,42,28,14
41608,Ashlÿn,draenor,1952,warlock,destruction,47,31,16
41609,Kumamoto,tarren-mill,1950,warlock,destruction,48,32,16
41610,Boltzer,archimonde,1950,warlock,destruction,90,53,37
41611,Miauwu,stormscale,1948,warlock,destruction,35,27,8
41612,Fsandtwo,ravencrest,1948,warlock,destruction,60,40,20
41613,Garlan,dun-modr,1947,warlock,destruction,214,116,98
41614,Tschapatalpi,blackhand,1947,warlock,destruction,70,35,35
41615,Bryanz,sanguino,1947,warlock,destruction,94,45,49
41616,Magonyth,ravencrest,1946,warlock,destruction,147,79,68
41617,Rabasta,blackmoore,1945,warlock,destruction,60,33,27
41618,Nëismz,hyjal,1944,warlock,destruction,48,28,20
41619,Сильвиос,howling-fjord,1943,warlock,destruction,100,49,51
41620,Brødo,dun-modr,1941,warlock,destruction,57,34,23
41621,Logicdotexé,tarren-mill,1940,warlock,destruction,61,39,22
41622,Omegazero,zuluhed,1939,warlock,destruction,60,34,26
41623,Fearo,kazzak,1937,warlock,destruction,82,48,34
41624,Ashmodéus,defias-brotherhood,1935,warlock,destruction,53,32,21
41625,Gregwyn,hellscream,1931,warlock,destruction,36,26,10
41626,Suprezz,sylvanas,1929,warlock,destruction,66,39,27
41627,Staenkymayne,blackhand,1927,warlock,destruction,28,21,7
41628,Fornaio,nemesis,1927,warlock,destruction,36,24,12
41629,Bambkin,twisting-nether,1927,warlock,destruction,60,38,22
41630,Conditions,tarren-mill,1926,warlock,destruction,140,72,68
41631,Kitchiarû,uldaman,1925,warlock,destruction,48,30,18
41632,Ethiq,blackrock,1925,warlock,destruction,42,24,18
41633,Yukokotier,archimonde,1924,warlock,destruction,179,103,76
41634,Габана,gordunni,1923,warlock,destruction,48,33,15
41635,Fîgøk,conseil-des-ombres,1923,warlock,destruction,108,63,45
41636,Davyjonessx,twisting-nether,1922,warlock,destruction,98,45,53
41637,Onuurbro,kult-der-verdammten,1921,warlock,destruction,54,37,17
41638,Sëngir,drakthul,1921,warlock,destruction,72,37,35
41639,Тевон,gordunni,1919,warlock,destruction,60,40,20
41640,Madridistaß,outland,1916,warlock,destruction,126,62,64
41641,Blakstorm,archimonde,1915,warlock,destruction,60,35,25
41642,Vøid,hellscream,1915,warlock,destruction,71,35,36
41643,Soulboltx,ragnaros,1913,warlock,destruction,60,33,27
41644,Zàkx,silvermoon,1913,warlock,destruction,313,168,145
41645,Zelieknight,ysondre,1912,warlock,destruction,138,82,56
41646,Wewondak,drakthul,1912,warlock,destruction,190,111,79
41647,Exitlock,thrall,1912,warlock,destruction,72,42,30
41648,Lsr,argent-dawn,1912,warlock,destruction,77,44,33
41649,Drututt,the-maelstrom,1910,warlock,destruction,54,30,24
41650,Necorinexx,silvermoon,1909,warlock,destruction,30,20,10
41651,Nineinchlock,silvermoon,1908,warlock,destruction,60,30,30
41652,Anthraxius,argent-dawn,1907,warlock,destruction,60,38,22
41653,Djhanzó,outland,1907,warlock,destruction,45,28,17
41654,Doturanal,blackmoore,1907,warlock,destruction,60,34,26
41655,Raepist,terokkar,1905,warlock,destruction,78,46,32
41656,Zoodíac,blackrock,1904,warlock,destruction,48,32,16
41657,Carelock,chamber-of-aspects,1904,warlock,destruction,60,36,24
41658,Healylockx,stormscale,1904,warlock,destruction,48,28,20
41659,Gogmorok,dunemaul,1903,warlock,destruction,189,96,93
41660,Xunzu,drakthul,1901,warlock,destruction,60,30,30
41661,Buâlock,stormscale,1900,warlock,destruction,24,20,4
41662,Cujo,draenor,1899,warlock,destruction,108,53,55
41663,Тьмазвёздная,gordunni,1898,warlock,destruction,60,43,17
41664,Rúbs,sylvanas,1897,warlock,destruction,102,55,47
41665,Mxxmmllm,kargath,1896,warlock,destruction,101,62,39
41666,Хауда,gordunni,1896,warlock,destruction,100,59,41
41667,Benne,stormscale,1895,warlock,destruction,48,30,18
41668,Kaktakto,ravencrest,1895,warlock,destruction,54,30,24
41669,Бжк,gordunni,1895,warlock,destruction,210,115,95
41670,Vregor,twisting-nether,1892,warlock,destruction,36,26,10
41671,Fakegodx,ravencrest,1892,warlock,destruction,42,29,13
41672,Freddaxd,outland,1892,warlock,destruction,58,38,20
41673,Hellíc,kazzak,1892,warlock,destruction,48,30,18
41674,Laokoon,blackmoore,1891,warlock,destruction,66,42,24
41675,Twisted,malganis,1891,warlock,destruction,90,51,39
41676,Aestheatic,draenor,1890,warlock,destruction,293,151,142
41677,Juhpz,blackrock,1888,warlock,destruction,52,24,28
41678,Djfearbot,kazzak,1887,warlock,destruction,84,53,31
41679,Osîrîs,aegwynn,1887,warlock,destruction,72,35,37
41680,Feardotbye,stormscale,1886,warlock,destruction,49,30,19
41681,Andtheysay,outland,1886,warlock,destruction,182,102,80
41682,Hairyporta,blackmoore,1885,warlock,destruction,125,72,53
41683,Deßra,stormscale,1885,warlock,destruction,60,33,27
41684,Mýlìfêbélike,kazzak,1884,warlock,destruction,26,21,5
41685,Vultzbolt,draenor,1884,warlock,destruction,141,85,56
41686,Whøîäm,kazzak,1883,warlock,destruction,42,31,11
41687,Hânex,ravencrest,1883,warlock,destruction,42,28,14
41688,Immaginare,sylvanas,1883,warlock,destruction,114,66,48
41689,Кериген,gordunni,1882,warlock,destruction,42,25,17
41690,Someonepro,tarren-mill,1882,warlock,destruction,89,41,48
41691,Shadowrey,blackrock,1881,warlock,destruction,52,29,23
41692,Deathfløw,draenor,1879,warlock,destruction,84,55,29
41693,Henmur,stormscale,1879,warlock,destruction,64,37,27
41694,Badloljk,stormscale,1878,warlock,destruction,40,26,14
41695,Theronas,tarren-mill,1878,warlock,destruction,54,34,20
41696,Bónz,outland,1877,warlock,destruction,54,28,26
41697,Alphå,blackmoore,1875,warlock,destruction,36,28,8
41698,Eboyclass,twisting-nether,1875,warlock,destruction,33,23,10
41699,Ulora,zirkel-des-cenarius,1875,warlock,destruction,59,33,26
41700,Noomaca,drakthul,1873,warlock,destruction,114,62,52
41701,Acanthis,outland,1871,warlock,destruction,48,26,22
41702,Mafteryo,blackrock,1871,warlock,destruction,72,38,34
41703,Ðènnis,tarren-mill,1870,warlock,destruction,42,28,14
41704,Èmøgøðqt,ravencrest,1870,warlock,destruction,54,28,26
41705,Dooms,antonidas,1868,warlock,destruction,42,31,11
41706,Kikeri,blackhand,1868,warlock,destruction,54,32,22
41707,Dersdog,twisting-nether,1867,warlock,destruction,45,26,19
41708,Аоепампгодх,howling-fjord,1866,warlock,destruction,82,58,24
41709,Limoges,archimonde,1865,warlock,destruction,35,26,9
41710,Extingul,tarren-mill,1865,warlock,destruction,59,38,21
41711,Plâytïmè,stormscale,1865,warlock,destruction,78,39,39
41712,Silmerion,twilights-hammer,1864,warlock,destruction,72,46,26
41713,Xiraq,nathrezim,1864,warlock,destruction,42,24,18
41714,Spookytouch,draenor,1864,warlock,destruction,94,47,47
41715,Sheitana,ysondre,1863,warlock,destruction,60,39,21
41716,Rokkarn,kazzak,1863,warlock,destruction,48,29,19
41717,Osbaa,darksorrow,1861,warlock,destruction,50,31,19
41718,Worgonzolâ,madmortem,1860,warlock,destruction,215,132,83
41719,Xarfoul,grim-batol,1859,warlock,destruction,48,33,15
41720,Phoyk,blackmoore,1859,warlock,destruction,48,29,19
41721,Блейдап,razuvious,1859,warlock,destruction,54,31,23
41722,Sluba,stormscale,1859,warlock,destruction,104,57,47
41723,Шрэкс,blackscar,1859,warlock,destruction,48,25,23
41724,Drdoit,blackrock,1859,warlock,destruction,60,31,29
41725,Homerbamboom,hyjal,1857,warlock,destruction,41,32,9
41726,Bladey,ragnaros,1857,warlock,destruction,96,56,40
41727,Kurono,silvermoon,1857,warlock,destruction,54,31,23
41728,Smaúg,archimonde,1857,warlock,destruction,99,49,50
41729,Kayloo,archimonde,1856,warlock,destruction,54,34,20
41730,Holiax,archimonde,1856,warlock,destruction,48,29,19
41731,Zâyo,ravencrest,1856,warlock,destruction,54,31,23
41732,Cmdxo,malganis,1856,warlock,destruction,71,38,33
41733,Darksoll,hyjal,1853,warlock,destruction,41,31,10
41734,Jawoxoxo,rexxar,1852,warlock,destruction,48,20,28
41735,Laolife,twisting-nether,1851,warlock,destruction,66,33,33
41736,Tuplajekku,sylvanas,1851,warlock,destruction,59,29,30
41737,Johnylock,draenor,1850,warlock,destruction,116,71,45
41738,Debbskidjur,tarren-mill,1850,warlock,destruction,85,49,36
41739,Depressedkid,ravencrest,1850,warlock,destruction,60,30,30
41740,Chaoscrit,eredar,1848,warlock,destruction,85,48,37
41741,Deadlyrust,ragnaros,1848,warlock,destruction,105,49,56
41742,Visceris,ravencrest,1848,warlock,destruction,66,29,37
41743,Руктал,howling-fjord,1847,warlock,destruction,54,34,20
41744,Кобре,howling-fjord,1847,warlock,destruction,42,26,16
41745,Ayperos,tyrande,1847,warlock,destruction,72,38,34
41746,Gis,laughing-skull,1843,warlock,destruction,54,31,23
41747,Rumour,sunstrider,1843,warlock,destruction,54,30,24
41748,Dogoon,sylvanas,1842,warlock,destruction,179,100,79
41749,Артисона,gordunni,1842,warlock,destruction,54,27,27
41750,Andrewdaniel,twisting-nether,1841,warlock,destruction,60,31,29
41751,Kalaslars,draenor,1840,warlock,destruction,60,34,26
41752,Attilergg,stormscale,1839,warlock,destruction,32,23,9
41753,Ecoxx,aegwynn,1839,warlock,destruction,48,34,14
41754,Fiddyp,kazzak,1839,warlock,destruction,42,28,14
41755,Ñila,ravencrest,1839,warlock,destruction,36,23,13
41756,Ripnsew,ravencrest,1839,warlock,destruction,41,26,15
41757,Файрик,blackscar,1839,warlock,destruction,36,22,14
41758,Syviwl,outland,1839,warlock,destruction,53,30,23
41759,Guciflipflop,twisting-nether,1838,warlock,destruction,60,32,28
41760,Nutyx,twisting-nether,1838,warlock,destruction,78,40,38
41761,Tharaqt,kazzak,1837,warlock,destruction,41,26,15
41762,Junakot,silvermoon,1837,warlock,destruction,48,27,21
41763,Ispankmysuc,korgall,1836,warlock,destruction,69,42,27
41764,Temnamagna,silvermoon,1836,warlock,destruction,87,50,37
41765,Sharhý,kazzak,1835,warlock,destruction,40,24,16
41766,Гивмисоул,soulflayer,1835,warlock,destruction,54,31,23
41767,Belial,minahonda,1835,warlock,destruction,63,36,27
41768,Bobop,sanguino,1834,warlock,destruction,106,60,46
41769,Médeâ,ravencrest,1834,warlock,destruction,76,42,34
41770,Deezbolts,kazzak,1833,warlock,destruction,48,29,19
41771,Motcha,kazzak,1833,warlock,destruction,42,23,19
41772,Asyncbuddy,azjolnerub,1832,warlock,destruction,48,32,16
41773,Oldasianman,blackrock,1832,warlock,destruction,30,20,10
41774,Kiwibob,defias-brotherhood,1832,warlock,destruction,65,41,24
41775,Skarløck,blackmoore,1832,warlock,destruction,42,26,16
41776,Ftpete,argent-dawn,1831,warlock,destruction,98,58,40
41777,Lémonz,stormscale,1831,warlock,destruction,52,26,26
41778,Shadöwmäre,draenor,1830,warlock,destruction,54,31,23
41779,Veríty,kazzak,1829,warlock,destruction,30,20,10
41780,Trainindummy,ravencrest,1828,warlock,destruction,83,61,22
41781,Deadpapi,outland,1828,warlock,destruction,30,22,8
41782,Ícekíss,hyjal,1828,warlock,destruction,48,33,15
41783,Pepitogodx,khaz-modan,1828,warlock,destruction,48,33,15
41784,Pprwl,tarren-mill,1828,warlock,destruction,126,77,49
41785,Veridy,kazzak,1828,warlock,destruction,76,42,34
41786,Coilxo,ravencrest,1827,warlock,destruction,52,36,16
41787,Plaguee,outland,1827,warlock,destruction,68,40,28
41788,Mohihi,ravencrest,1827,warlock,destruction,54,25,29
41789,Brainac,blackrock,1826,warlock,destruction,36,24,12
41790,Соргосор,gordunni,1825,warlock,destruction,53,30,23
41791,Saffíe,ravencrest,1825,warlock,destruction,70,39,31
41792,Imforcedtowl,aegwynn,1824,warlock,destruction,42,31,11
41793,Asilock,eredar,1824,warlock,destruction,48,32,16
41794,Tôpsecret,aegwynn,1823,warlock,destruction,36,29,7
41795,Worse,kazzak,1823,warlock,destruction,48,29,19
41796,Coeurnichon,archimonde,1823,warlock,destruction,58,32,26
41797,Maderto,burning-legion,1823,warlock,destruction,185,101,84
41798,Watchdots,blackrock,1822,warlock,destruction,66,37,29
41799,Kalagorn,azshara,1821,warlock,destruction,36,27,9
41800,Killáksi,ravencrest,1821,warlock,destruction,42,26,16
41801,Framelock,draenor,1820,warlock,destruction,48,37,11
41802,Korupcijax,kazzak,1820,warlock,destruction,36,21,15
41803,Merçedesa,tarren-mill,1820,warlock,destruction,35,20,15
41804,Qaripidia,ravencrest,1820,warlock,destruction,46,26,20
41805,Trashløckx,blackrock,1819,warlock,destruction,42,30,12
41806,Mocha,ravencrest,1819,warlock,destruction,48,31,17
41807,Reznör,archimonde,1819,warlock,destruction,30,19,11
41808,Incesticide,ragnaros,1819,warlock,destruction,60,37,23
41809,Juppi,blackrock,1819,warlock,destruction,138,82,56
41810,Ôlo,rajaxx,1819,warlock,destruction,54,30,24
41811,Fizzydark,malganis,1819,warlock,destruction,60,30,30
41812,Selassie,blackmoore,1818,warlock,destruction,78,48,30
41813,Кюратор,howling-fjord,1818,warlock,destruction,57,30,27
41814,Ðemonsoul,stormscale,1818,warlock,destruction,221,113,108
41815,Lockróck,silvermoon,1817,warlock,destruction,30,22,8
41816,Jupp,blackrock,1817,warlock,destruction,48,29,19
41817,Richerdgir,ravencrest,1817,warlock,destruction,45,26,19
41818,Srkzlol,durotan,1817,warlock,destruction,66,35,31
41819,Alcringe,kazzak,1816,warlock,destruction,158,90,68
41820,Porchpirate,draenor,1816,warlock,destruction,72,41,31
41821,Matsuei,tarren-mill,1816,warlock,destruction,48,23,25
41822,Barneyboi,tarren-mill,1815,warlock,destruction,87,59,28
41823,Louloudots,ragnaros,1815,warlock,destruction,36,22,14
41824,Kivilock,dun-modr,1815,warlock,destruction,79,48,31
41825,Tehkorrum,archimonde,1815,warlock,destruction,53,30,23
41826,Jappér,silvermoon,1814,warlock,destruction,36,30,6
41827,Olsel,draenor,1814,warlock,destruction,47,30,17
41828,Nemwl,draenor,1814,warlock,destruction,66,31,35
41829,Kenachaos,twisting-nether,1813,warlock,destruction,137,79,58
41830,Doodle,the-maelstrom,1813,warlock,destruction,66,38,28
41831,Фейкгодх,soulflayer,1813,warlock,destruction,54,30,24
41832,Neoe,stormscale,1813,warlock,destruction,76,40,36
41833,Tbs,blackhand,1813,warlock,destruction,54,25,29
41834,Slytherim,stormscale,1812,warlock,destruction,87,57,30
41835,Todesgurke,alleria,1812,warlock,destruction,36,22,14
41836,Whisperer,defias-brotherhood,1812,warlock,destruction,54,29,25
41837,Linuviel,argent-dawn,1811,warlock,destruction,41,29,12
41838,Bono,frostwhisper,1811,warlock,destruction,86,54,32
41839,Tokodi,ragnaros,1811,warlock,destruction,54,29,25
41840,Araqt,thrall,1810,warlock,destruction,35,26,9
41841,Jaimstar,ravencrest,1810,warlock,destruction,35,25,10
41842,Makîø,hyjal,1810,warlock,destruction,136,65,71
41843,Fiearstyle,tarren-mill,1808,warlock,destruction,30,23,7
41844,Senbolts,tarren-mill,1808,warlock,destruction,42,27,15
41845,Pederpan,stormscale,1808,warlock,destruction,30,19,11
41846,Чупачупакаб,soulflayer,1808,warlock,destruction,59,34,25
41847,Darkleci,archimonde,1808,warlock,destruction,60,34,26
41848,Purexlock,dragonblight,1807,warlock,destruction,53,34,19
41849,Bloodworth,arathor,1807,warlock,destruction,108,60,48
41850,Бауглирх,howling-fjord,1807,warlock,destruction,71,38,33
41851,Ghachi,draenor,1807,warlock,destruction,66,33,33
41852,Titimon,tarren-mill,1806,warlock,destruction,94,52,42
41853,Rûttna,kazzak,1806,warlock,destruction,53,27,26
41854,Pumpelumpe,twisting-nether,1806,warlock,destruction,45,20,25
41855,Yøshinø,wildhammer,1805,warlock,destruction,48,36,12
41856,Justfamous,archimonde,1805,warlock,destruction,60,41,19
41857,Lockchonk,kazzak,1805,warlock,destruction,84,52,32
41858,Delumia,tarren-mill,1805,warlock,destruction,113,64,49
41859,Aniq,eredar,1805,warlock,destruction,54,26,28
41860,Osbaa,bladefist,1804,warlock,destruction,48,31,17
41861,Sïeur,archimonde,1804,warlock,destruction,113,69,44
41862,Фирбог,soulflayer,1804,warlock,destruction,60,31,29
41863,Ниезвестнно,soulflayer,1804,warlock,destruction,47,24,23
41864,Ertogrul,draenor,1802,warlock,destruction,24,19,5
41865,Loel,blackrock,1802,warlock,destruction,36,23,13
41866,Pornhubx,stormscale,1802,warlock,destruction,48,30,18
41867,Pilock,stormscale,1802,warlock,destruction,36,22,14
41868,Keybump,outland,1801,warlock,destruction,140,81,59
41869,Skrana,kazzak,1800,warlock,destruction,65,39,26
41870,Likeqtz,thrall,1800,warlock,destruction,44,26,18
41871,Ganjubass,tarren-mill,1800,warlock,destruction,85,50,35
41872,Lashyra,aszune,1800,warlock,destruction,48,24,24
41873,Anabolicbaby,draenor,1799,warlock,destruction,30,23,7
41874,Аймох,gordunni,1798,warlock,destruction,48,29,19
41875,Wotlkenjoyer,ravencrest,1797,warlock,destruction,30,22,8
41876,Daubi,ravencrest,1796,warlock,destruction,48,28,20
41877,Bàbyløck,archimonde,1792,warlock,destruction,72,41,31
41878,Robertóó,burning-legion,1792,warlock,destruction,64,34,30
41879,Pinacholadá,norgannon,1792,warlock,destruction,60,30,30
41880,Rotangel,ragnaros,1791,warlock,destruction,60,33,27
41881,Bianchii,stormscale,1790,warlock,destruction,38,27,11
41882,Høliax,archimonde,1790,warlock,destruction,48,33,15
41883,Kerway,outland,1788,warlock,destruction,90,50,40
41884,Uddze,pozzo-delleternità,1787,warlock,destruction,65,35,30
41885,Nekrosd,tarren-mill,1787,warlock,destruction,132,69,63
41886,Whøknøws,twisting-nether,1786,warlock,destruction,36,25,11
41887,Ty,earthen-ring,1786,warlock,destruction,54,36,18
41888,Ërîkå,ravencrest,1785,warlock,destruction,99,59,40
41889,Sad,lightnings-blade,1785,warlock,destruction,54,32,22
41890,Marador,drakthul,1785,warlock,destruction,83,43,40
41891,Алистрен,fordragon,1784,warlock,destruction,113,64,49
41892,Кейкегенкай,gordunni,1783,warlock,destruction,135,72,63
41893,Knoxwhite,stormscale,1781,warlock,destruction,42,28,14
41894,Felerok,drakthul,1780,warlock,destruction,30,22,8
41895,Elyö,dalaran,1780,warlock,destruction,215,105,110
41896,Fyxs,talnivarr,1777,warlock,destruction,30,21,9
41897,Themut,draenor,1775,warlock,destruction,82,49,33
41898,Diablist,kazzak,1775,warlock,destruction,118,64,54
41899,Alxor,archimonde,1774,warlock,destruction,72,40,32
41900,Noobgg,kazzak,1773,warlock,destruction,54,33,21
41901,Tajit,eredar,1773,warlock,destruction,66,32,34
41902,Crse,antonidas,1772,warlock,destruction,79,52,27
41903,Zxò,twisting-nether,1771,warlock,destruction,135,71,64
41904,Demoner,tarren-mill,1769,warlock,destruction,156,90,66
41905,Nybbx,frostmane,1769,warlock,destruction,165,84,81
41906,Kmeta,twilights-hammer,1769,warlock,destruction,54,27,27
41907,Ondarian,grim-batol,1768,warlock,destruction,56,37,19
41908,Ragdoll,twisting-nether,1768,warlock,destruction,46,28,18
41909,Oggelock,tarren-mill,1768,warlock,destruction,73,40,33
41910,Fluugew,tarren-mill,1768,warlock,destruction,54,27,27
41911,Slipx,aegwynn,1766,warlock,destruction,54,30,24
41912,Twork,tarren-mill,1766,warlock,destruction,42,23,19
41913,Olympïe,archimonde,1763,warlock,destruction,70,44,26
41914,Демоник,deathguard,1763,warlock,destruction,42,24,18
41915,Autocannon,stormscale,1763,warlock,destruction,60,32,28
41916,Helldoom,drakthul,1763,warlock,destruction,247,122,125
41917,Ceu,tarren-mill,1762,warlock,destruction,129,70,59
41918,Woòkz,argent-dawn,1761,warlock,destruction,136,83,53
41919,Tuskawl,stormreaver,1760,warlock,destruction,30,19,11
41920,Khoug,blackmoore,1758,warlock,destruction,48,26,22
41921,Vmorghuliss,sanguino,1757,warlock,destruction,84,38,46
41922,Malame,hyjal,1755,warlock,destruction,103,57,46
41923,Vankraken,silvermoon,1753,warlock,destruction,42,27,15
41924,Manhart,burning-legion,1753,warlock,destruction,40,22,18
41925,Abbzey,tarren-mill,1750,warlock,destruction,72,38,34
41926,Хирацука,howling-fjord,1749,warlock,destruction,45,31,14
41927,Mércé,stormscale,1748,warlock,destruction,30,22,8
41928,Kalwyn,stormscale,1748,warlock,destruction,30,22,8
41929,Шеизла,borean-tundra,1747,warlock,destruction,90,57,33
41930,Хйу,galakrond,1747,warlock,destruction,42,20,22
41931,Warlockery,argent-dawn,1746,warlock,destruction,60,36,24
41932,Muleerox,kazzak,1745,warlock,destruction,48,27,21
41933,Fearfearfear,archimonde,1743,warlock,destruction,84,41,43
41934,Belastiz,blackmoore,1742,warlock,destruction,60,37,23
41935,Gjallarbrù,archimonde,1742,warlock,destruction,51,29,22
41936,Spectarlock,tarren-mill,1742,warlock,destruction,48,25,23
41937,Guldån,twisting-nether,1741,warlock,destruction,42,24,18
41938,Asbest,blackrock,1741,warlock,destruction,60,31,29
41939,Бриант,gordunni,1740,warlock,destruction,42,24,18
41940,Limity,nozdormu,1739,warlock,destruction,78,45,33
41941,Ванадий,soulflayer,1739,warlock,destruction,47,23,24
41942,Боуманн,howling-fjord,1738,warlock,destruction,42,22,20
41943,Flatwolenzy,blackrock,1736,warlock,destruction,30,19,11
41944,Исверон,howling-fjord,1736,warlock,destruction,36,20,16
41945,Сумракз,soulflayer,1736,warlock,destruction,36,19,17
41946,Warlockoloco,blackmoore,1735,warlock,destruction,90,56,34
41947,Wintheirl,argent-dawn,1734,warlock,destruction,124,67,57
41948,Dotalike,kazzak,1734,warlock,destruction,42,22,20
41949,Dótstuff,draenor,1733,warlock,destruction,36,22,14
41950,Хастла,ashenvale,1733,warlock,destruction,48,27,21
41951,Xuthil,korgall,1732,warlock,destruction,72,41,31
41952,Десло,thermaplugg,1731,warlock,destruction,42,25,17
41953,Моргоника,howling-fjord,1731,warlock,destruction,90,47,43
41954,Daeyon,ravencrest,1731,warlock,destruction,38,19,19
41955,Hachishaku,ravencrest,1730,warlock,destruction,52,33,19
41956,Acrion,blackrock,1730,warlock,destruction,39,20,19
41957,Sargus,drakthul,1730,warlock,destruction,121,58,63
41958,Upsahl,twisting-nether,1729,warlock,destruction,110,61,49
41959,Isodjdojk,ravencrest,1727,warlock,destruction,24,22,2
41960,Тумнуктхай,gordunni,1727,warlock,destruction,42,27,15
41961,Depressor,ragnaros,1727,warlock,destruction,90,44,46
41962,Kelthedral,tarren-mill,1727,warlock,destruction,43,19,24
41963,Жизньтлён,gordunni,1726,warlock,destruction,60,35,25
41964,Darlih,ravencrest,1726,warlock,destruction,132,62,70
41965,Айхопъюдай,blackscar,1724,warlock,destruction,30,18,12
41966,Jegfaller,wildhammer,1724,warlock,destruction,212,107,105
41967,Pixelz,twisting-nether,1724,warlock,destruction,54,26,28
41968,Senkai,kelthuzad,1723,warlock,destruction,36,24,12
41969,Äåäåäåäåäåäå,ravencrest,1723,warlock,destruction,30,18,12
41970,Rivmuu,argent-dawn,1722,warlock,destruction,118,69,49
41971,Orgebixx,blackmoore,1722,warlock,destruction,60,33,27
41972,Ðôtgøðx,ravencrest,1722,warlock,destruction,54,26,28
41973,Morcey,sylvanas,1721,warlock,destruction,53,33,20
41974,Ñøêssä,outland,1721,warlock,destruction,36,22,14
41975,Sznyes,ragnaros,1721,warlock,destruction,36,19,17
41976,Killerbolt,blackmoore,1720,warlock,destruction,42,28,14
41977,Sunjal,stormscale,1720,warlock,destruction,30,20,10
41978,Raverboyy,blackrock,1720,warlock,destruction,42,23,19
41979,Лордандрюха,soulflayer,1719,warlock,destruction,36,23,13
41980,Gnargamehl,nemesis,1719,warlock,destruction,42,25,17
41981,Hebbxw,kazzak,1719,warlock,destruction,102,56,46
41982,Armellixd,dun-modr,1719,warlock,destruction,50,26,24
41983,Xfz,stormscale,1719,warlock,destruction,42,21,21
41984,Envizer,ravencrest,1715,warlock,destruction,30,18,12
41985,Urururustyle,hyjal,1715,warlock,destruction,42,24,18
41986,Öbsury,hyjal,1715,warlock,destruction,49,26,23
41987,Acilock,outland,1714,warlock,destruction,42,23,19
41988,Ignittes,ragnaros,1713,warlock,destruction,42,29,13
41989,Блэклаш,soulflayer,1713,warlock,destruction,30,18,12
41990,Reidonk,blackrock,1713,warlock,destruction,30,18,12
41991,Dualla,aegwynn,1712,warlock,destruction,96,52,44
41992,Ràzek,kazzak,1712,warlock,destruction,77,38,39
41993,Korbendallas,anubarak,1711,warlock,destruction,30,21,9
41994,Soundmagic,silvermoon,1711,warlock,destruction,36,22,14
41995,Wankdiesel,der-rat-von-dalaran,1711,warlock,destruction,132,62,70
41996,Fatburner,draenor,1710,warlock,destruction,42,26,16
41997,Fløkee,blackmoore,1710,warlock,destruction,36,19,17
41998,Кром,howling-fjord,1708,warlock,destruction,30,18,12
41999,Boumbye,ysondre,1707,warlock,destruction,38,23,15
42000,Shádóws,nagrand,1707,warlock,destruction,173,93,80
42001,Læsy,archimonde,1706,warlock,destruction,24,18,6
42002,Uzzi,dun-modr,1705,warlock,destruction,129,70,59
42003,Sneptics,draenor,1704,warlock,destruction,127,78,49
42004,Коилсестры,blackscar,1702,warlock,destruction,39,24,15
42005,Isata,ravencrest,1702,warlock,destruction,96,58,38
42006,Atmosfèar,silvermoon,1702,warlock,destruction,54,28,26
42007,Онлифан,soulflayer,1701,warlock,destruction,35,24,11
42008,Mønarch,argent-dawn,1699,warlock,destruction,79,44,35
42009,Tîllz,kargath,1698,warlock,destruction,24,22,2
42010,Exorbïtant,blackrock,1698,warlock,destruction,202,109,93
42011,Çamille,ulduar,1698,warlock,destruction,69,36,33
42012,Kasualdot,stormscale,1697,warlock,destruction,30,20,10
42013,Æhtrex,blackrock,1697,warlock,destruction,69,44,25
42014,Twiseqtt,stormscale,1697,warlock,destruction,30,18,12
42015,Amited,drakthul,1696,warlock,destruction,54,32,22
42016,Limecqt,dun-morogh,1694,warlock,destruction,40,19,21
42017,Destinyz,dun-modr,1691,warlock,destruction,36,27,9
42018,Marti,blackrock,1691,warlock,destruction,42,27,15
42019,Ødräcïe,twisting-nether,1691,warlock,destruction,36,18,18
42020,Ekispekis,tarren-mill,1690,warlock,destruction,36,22,14
42021,Väladar,sanguino,1690,warlock,destruction,47,23,24
42022,Shutupkid,ravencrest,1689,warlock,destruction,48,29,19
42023,Killning,medivh,1689,warlock,destruction,138,72,66
42024,Ìambottger,silvermoon,1688,warlock,destruction,30,21,9
42025,Wilog,silvermoon,1688,warlock,destruction,43,27,16
42026,Инфезиус,deathweaver,1686,warlock,destruction,30,18,12
42027,Strikeførce,ravencrest,1686,warlock,destruction,81,46,35
42028,Rénio,stormrage,1685,warlock,destruction,32,22,10
42029,Véstheim,saurfang,1685,warlock,destruction,48,29,19
42030,Worro,eredar,1685,warlock,destruction,48,27,21
42031,Ilovebronko,blackrock,1685,warlock,destruction,101,53,48
42032,Büm,kazzak,1685,warlock,destruction,84,41,43
42033,Krestox,blackmoore,1684,warlock,destruction,77,44,33
42034,Opiumers,kazzak,1684,warlock,destruction,107,55,52
42035,Fredé,kazzak,1684,warlock,destruction,47,24,23
42036,Critchlock,tarren-mill,1682,warlock,destruction,53,29,24
42037,Verson,silvermoon,1682,warlock,destruction,66,35,31
42038,Таксидермия,gordunni,1682,warlock,destruction,138,73,65
42039,Lolock,archimonde,1681,warlock,destruction,32,19,13
42040,Гвоздяшка,blackscar,1681,warlock,destruction,42,22,20
42041,Domdon,stormscale,1680,warlock,destruction,36,20,16
42042,Røiheenøk,archimonde,1680,warlock,destruction,114,54,60
42043,Lokmonji,perenolde,1678,warlock,destruction,39,25,14
42044,Óop,outland,1678,warlock,destruction,54,28,26
42045,Loulou,nagrand,1678,warlock,destruction,42,20,22
42046,Trîppîn,blackrock,1677,warlock,destruction,30,18,12
42047,Whiteðevil,draenor,1677,warlock,destruction,36,21,15
42048,Jûgøbænned,aegwynn,1676,warlock,destruction,39,29,10
42049,Husaì,laughing-skull,1676,warlock,destruction,82,57,25
42050,Morathy,drekthar,1676,warlock,destruction,28,19,9
42051,Testoorc,frostwolf,1676,warlock,destruction,104,55,49
42052,Acidmvp,ravencrest,1676,warlock,destruction,72,38,34
42053,Danidelarge,aegwynn,1676,warlock,destruction,70,36,34
42054,Шедон,soulflayer,1675,warlock,destruction,30,22,8
42055,Âkâl,ravencrest,1675,warlock,destruction,57,36,21
42056,Blackmagic,stormscale,1675,warlock,destruction,141,77,64
42057,Nunomendes,archimonde,1674,warlock,destruction,36,21,15
42058,Wåfa,kazzak,1673,warlock,destruction,24,18,6
42059,Lockdest,outland,1673,warlock,destruction,71,39,32
42060,Cencible,twisting-nether,1672,warlock,destruction,90,49,41
42061,Boomsparkle,blackrock,1671,warlock,destruction,36,23,13
42062,Bh,ragnaros,1671,warlock,destruction,47,27,20
42063,Zloezlo,ravencrest,1670,warlock,destruction,96,54,42
42064,Gogonash,ravencrest,1670,warlock,destruction,48,20,28
42065,Колодун,gordunni,1669,warlock,destruction,36,20,16
42066,Xerxeus,drakthul,1668,warlock,destruction,24,22,2
42067,Fearing,malganis,1668,warlock,destruction,71,31,40
42068,Koldarr,blackmoore,1667,warlock,destruction,124,66,58
42069,Brútality,nethersturm,1666,warlock,destruction,78,34,44
42070,Lichlolock,outland,1665,warlock,destruction,58,35,23
42071,Lokic,draenor,1665,warlock,destruction,52,24,28
42072,Shadock,scarshield-legion,1664,warlock,destruction,30,20,10
42073,Orcwarlock,khadgar,1664,warlock,destruction,66,35,31
42074,Rêctûmsêêkêr,ravencrest,1664,warlock,destruction,36,19,17
42075,Dotshok,aegwynn,1664,warlock,destruction,42,22,20
42076,Nqa,outland,1663,warlock,destruction,35,18,17
42077,Aajora,malganis,1662,warlock,destruction,84,53,31
42078,Danidelarge,kazzak,1662,warlock,destruction,38,23,15
42079,Беллулар,howling-fjord,1660,warlock,destruction,36,22,14
42080,Síggýy,eredar,1659,warlock,destruction,41,21,20
42081,Chaosxd,outland,1658,warlock,destruction,30,20,10
42082,Чернокок,blackscar,1657,warlock,destruction,42,22,20
42083,Onekxz,blackrock,1656,warlock,destruction,22,18,4
42084,Chaozvx,kazzak,1656,warlock,destruction,71,41,30
42085,Enyras,nemesis,1655,warlock,destruction,42,22,20
42086,Rustos,ravencrest,1654,warlock,destruction,36,21,15
42087,Mallevs,outland,1654,warlock,destruction,72,40,32
42088,Gigachaos,outland,1653,warlock,destruction,77,50,27
42089,Nijva,silvermoon,1653,warlock,destruction,60,29,31
42090,Magonyth,tarren-mill,1652,warlock,destruction,31,22,9
42091,Saloninus,argent-dawn,1652,warlock,destruction,54,31,23
42092,Finsterfluch,conseil-des-ombres,1652,warlock,destruction,54,30,24
42093,Deathcoîl,the-maelstrom,1652,warlock,destruction,42,22,20
42094,Despayr,tarren-mill,1652,warlock,destruction,54,27,27
42095,Spõk,ysondre,1651,warlock,destruction,191,105,86
42096,Koffey,twisting-nether,1650,warlock,destruction,36,25,11
42097,Kaspersdame,ravencrest,1650,warlock,destruction,47,24,23
42098,Profesorr,defias-brotherhood,1650,warlock,destruction,42,21,21
42099,Murdee,kazzak,1650,warlock,destruction,54,22,32
42100,Lichlolocked,outland,1649,warlock,destruction,78,40,38
42101,Fatzké,kargath,1649,warlock,destruction,101,49,52
42102,Psýcholoc,kazzak,1648,warlock,destruction,38,25,13
42103,Jawdrop,blackrock,1648,warlock,destruction,51,31,20
42104,Quarimathras,antonidas,1648,warlock,destruction,54,28,26
42105,Schrimz,blackrock,1648,warlock,destruction,57,26,31
42106,Oldasiangirl,blackrock,1647,warlock,destruction,30,20,10
42107,Ltheory,aegwynn,1647,warlock,destruction,54,32,22
42108,Lókkíi,silvermoon,1647,warlock,destruction,128,75,53
42109,Tanón,sanguino,1646,warlock,destruction,67,41,26
42110,Nëismz,ravencrest,1646,warlock,destruction,31,18,13
42111,Marieejoana,nozdormu,1646,warlock,destruction,72,41,31
42112,Fulcanelli,sargeras,1646,warlock,destruction,33,18,15
42113,Zekarat,blackrock,1646,warlock,destruction,60,30,30
42114,Felttofel,stormscale,1645,warlock,destruction,36,23,13
42115,Nøl,sargeras,1645,warlock,destruction,339,172,167
42116,Magicsin,aerie-peak,1644,warlock,destruction,24,22,2
42117,Pumpfake,ravencrest,1644,warlock,destruction,23,18,5
42118,Ajgreedyy,grim-batol,1644,warlock,destruction,42,24,18
42119,Lugnalennart,tarren-mill,1644,warlock,destruction,78,42,36
42120,Spcnz,stormscale,1644,warlock,destruction,57,29,28
42121,Slf,the-maelstrom,1644,warlock,destruction,54,23,31
42122,Yoplen,drakthul,1643,warlock,destruction,104,61,43
42123,Cigarrette,draenor,1642,warlock,destruction,42,21,21
42124,Skyamino,hyjal,1641,warlock,destruction,42,27,15
42125,Lovromalt,kazzak,1641,warlock,destruction,48,29,19
42126,Shérlock,ravencrest,1640,warlock,destruction,42,22,20
42127,Stepwarlock,kazzak,1638,warlock,destruction,63,31,32
42128,Døtàndrun,archimonde,1637,warlock,destruction,36,21,15
42129,Mihø,hyjal,1637,warlock,destruction,78,42,36
42130,Flawzo,blackmoore,1636,warlock,destruction,48,29,19
42131,Shugglock,draenor,1636,warlock,destruction,42,23,19
42132,Nerfmebro,tarren-mill,1635,warlock,destruction,24,19,5
42133,Ìzanamí,archimonde,1634,warlock,destruction,54,37,17
42134,Elvània,eredar,1633,warlock,destruction,54,31,23
42135,Kaeb,archimonde,1631,warlock,destruction,24,17,7
42136,Gruggenbach,twisting-nether,1630,warlock,destruction,24,17,7
42137,Nëismz,azuremyst,1630,warlock,destruction,24,17,7
42138,Lockukaracha,malganis,1630,warlock,destruction,51,34,17
42139,Augge,tarren-mill,1630,warlock,destruction,58,33,25
42140,Funcky,terokkar,1630,warlock,destruction,48,19,29
42141,Kaijim,aegwynn,1629,warlock,destruction,61,44,17
42142,Faermorn,kazzak,1629,warlock,destruction,30,20,10
42143,Telodotto,nemesis,1629,warlock,destruction,30,17,13
42144,Raxan,stormscale,1628,warlock,destruction,29,19,10
42145,Порртвейн,howling-fjord,1628,warlock,destruction,29,18,11
42146,Salvatoríy,outland,1628,warlock,destruction,41,21,20
42147,Nherthul,sanguino,1628,warlock,destruction,255,130,125
42148,Lonelock,blackrock,1627,warlock,destruction,45,29,16
42149,Flyingjakob,argent-dawn,1627,warlock,destruction,30,17,13
42150,Kigro,burning-legion,1627,warlock,destruction,72,38,34
42151,Litox,twisting-nether,1627,warlock,destruction,63,32,31
42152,Kyliân,blackmoore,1627,warlock,destruction,36,18,18
42153,Edrahil,lordaeron,1626,warlock,destruction,66,37,29
42154,Sleethy,destromath,1626,warlock,destruction,42,20,22
42155,Fluch,area-52,1626,warlock,destruction,60,26,34
42156,Соикулейн,gordunni,1625,warlock,destruction,29,23,6
42157,Wryy,nemesis,1624,warlock,destruction,44,29,15
42158,Bmblockerina,blackrock,1624,warlock,destruction,54,35,19
42159,Анрали,deathguard,1623,warlock,destruction,24,17,7
42160,Sxtynine,outland,1623,warlock,destruction,30,20,10
42161,Nekros,archimonde,1623,warlock,destruction,54,34,20
42162,Stazox,drakthul,1623,warlock,destruction,30,18,12
42163,Quickccast,draenor,1623,warlock,destruction,97,58,39
42164,Thebigsuck,tarren-mill,1623,warlock,destruction,96,53,43
42165,Weso,grim-batol,1623,warlock,destruction,55,28,27
42166,Isata,blackhand,1622,warlock,destruction,36,20,16
42167,Kasztyk,grim-batol,1621,warlock,destruction,47,27,20
42168,Essealaes,stormscale,1621,warlock,destruction,35,18,17
42169,Мураса,grom,1620,warlock,destruction,35,22,13
42170,Smegwlock,tarren-mill,1620,warlock,destruction,48,28,20
42171,Zebauron,twisting-nether,1620,warlock,destruction,36,20,16
42172,Kìmar,amanthul,1620,warlock,destruction,78,42,36
42173,Neburlock,dun-modr,1620,warlock,destruction,42,21,21
42174,Beåtrìce,archimonde,1620,warlock,destruction,57,28,29
42175,Gorthunz,kazzak,1620,warlock,destruction,36,17,19
42176,Reeween,argent-dawn,1619,warlock,destruction,30,18,12
42177,Evylock,draenor,1619,warlock,destruction,30,17,13
42178,Whitebøy,hyjal,1619,warlock,destruction,45,25,20
42179,Delru,aegwynn,1618,warlock,destruction,30,20,10
42180,Zikozor,ravencrest,1618,warlock,destruction,28,18,10
42181,Willthehoe,alonsus,1618,warlock,destruction,29,18,11
42182,Dzey,drakthul,1618,warlock,destruction,69,41,28
42183,Nøxxlock,blackhand,1618,warlock,destruction,89,51,38
42184,Stavrogina,ravencrest,1618,warlock,destruction,30,17,13
42185,Pöhz,archimonde,1618,warlock,destruction,36,20,16
42186,Börsenborisq,aegwynn,1618,warlock,destruction,35,19,16
42187,Aspass,kazzak,1617,warlock,destruction,83,44,39
42188,Nerfbolts,archimonde,1615,warlock,destruction,24,17,7
42189,Laciewaifu,silvermoon,1615,warlock,destruction,36,20,16
42190,Biest,drakthul,1615,warlock,destruction,36,17,19
42191,Neirah,stormscale,1614,warlock,destruction,41,22,19
42192,Jisera,kiljaeden,1614,warlock,destruction,36,17,19
42193,Fiddlestickz,gilneas,1613,warlock,destruction,60,34,26
42194,Artys,tarren-mill,1612,warlock,destruction,24,17,7
42195,Gusvitori,sanguino,1612,warlock,destruction,36,20,16
42196,Бонибеннет,gordunni,1611,warlock,destruction,32,21,11
42197,Djfearfullx,archimonde,1611,warlock,destruction,36,19,17
42198,Meatbot,tarren-mill,1609,warlock,destruction,46,31,15
42199,Lockyswag,draenor,1609,warlock,destruction,66,37,29
42200,Badguldan,blackmoore,1609,warlock,destruction,39,20,19
42201,Nitmoredots,dun-modr,1609,warlock,destruction,48,24,24
42202,Skrabblel,tarren-mill,1609,warlock,destruction,36,18,18
42203,Boltonez,outland,1609,warlock,destruction,66,29,37
42204,Shaterz,dun-modr,1608,warlock,destruction,27,21,6
42205,Ryssäbotti,stormscale,1608,warlock,destruction,31,23,8
42206,Mobikagodx,drakthul,1608,warlock,destruction,24,17,7
42207,Auxi,the-maelstrom,1608,warlock,destruction,34,24,10
42208,Esmuel,argent-dawn,1608,warlock,destruction,71,43,28
42209,Spykoosi,stormscale,1608,warlock,destruction,40,24,16
42210,Ketamol,ravencrest,1608,warlock,destruction,57,32,25
42211,Селикта,gordunni,1607,warlock,destruction,30,17,13
42212,Maxlox,tarren-mill,1607,warlock,destruction,35,17,18
42213,Dotsfired,aegwynn,1607,warlock,destruction,60,26,34
42214,Kognah,defias-brotherhood,1606,warlock,destruction,30,21,9
42215,Zoradiale,twisting-nether,1606,warlock,destruction,36,24,12
42216,Мицуру,howling-fjord,1606,warlock,destruction,100,59,41
42217,Ðêmøñîc,ravencrest,1606,warlock,destruction,30,17,13
42218,Forcas,archimonde,1606,warlock,destruction,113,62,51
42219,Нгага,howling-fjord,1606,warlock,destruction,213,113,100
42220,Märkähuikka,stormreaver,1605,warlock,destruction,24,17,7
42221,Инсинирейтх,gordunni,1605,warlock,destruction,30,20,10
42222,Холичорт,howling-fjord,1605,warlock,destruction,69,37,32
42223,Jetsetmehmet,aegwynn,1604,warlock,destruction,54,24,30
42224,Zeinth,sanguino,1603,warlock,destruction,36,23,13
42225,Dreamnyâsha,tarren-mill,1603,warlock,destruction,42,19,23
42226,Gishor,burning-legion,1602,warlock,destruction,24,19,5
42227,Imbalockzwei,aegwynn,1602,warlock,destruction,24,17,7
42228,Xtleonidas,uldum,1602,warlock,destruction,78,41,37
42229,Märtas,burning-blade,1602,warlock,destruction,41,19,22
42230,Sickening,twilights-hammer,1601,warlock,destruction,55,38,17
42231,Skrikipanik,kazzak,1601,warlock,destruction,36,21,15
42232,Sirmic,hyjal,1601,warlock,destruction,72,37,35
42233,Wumz,sylvanas,1601,warlock,destruction,53,27,26
42234,Dastey,stormscale,1601,warlock,destruction,36,18,18
42235,Rensayy,ysondre,1600,warlock,destruction,30,21,9
42236,Juïcylucy,kazzak,1600,warlock,destruction,58,34,24
42237,Letswreck,outland,1600,warlock,destruction,84,43,41
42238,Lockostock,kazzak,1600,warlock,destruction,47,19,28
42239,Kenthal,nemesis,1599,warlock,destruction,57,28,29
42240,Macchíato,ragnaros,1598,warlock,destruction,42,20,22
42241,Кале,goldrinn,1596,warlock,destruction,100,61,39
42242,Schøkøbasher,blackrock,1596,warlock,destruction,36,20,16
42243,Napoloen,kazzak,1596,warlock,destruction,36,19,17
42244,Zetsubo,drakthul,1595,warlock,destruction,55,34,21
42245,Sibora,eredar,1594,warlock,destruction,42,23,19
42246,Mizxxta,zuljin,1593,warlock,destruction,29,19,10
42247,Bolt,stormscale,1591,warlock,destruction,82,50,32
42248,Ludé,eredar,1591,warlock,destruction,81,39,42
42249,Муза,gordunni,1588,warlock,destruction,36,22,14
42250,Kerthan,malorne,1587,warlock,destruction,74,46,28
42251,Nerfwarriors,stormscale,1587,warlock,destruction,52,30,22
42252,Réxz,ravencrest,1586,warlock,destruction,72,36,36
42253,Dödkärringx,auchindoun,1585,warlock,destruction,30,19,11
42254,Грань,ashenvale,1585,warlock,destruction,212,115,97
42255,Zoh,archimonde,1585,warlock,destruction,72,38,34
42256,Ðîâblô,silvermoon,1585,warlock,destruction,65,33,32
42257,Uneedtherapy,silvermoon,1584,warlock,destruction,54,33,21
42258,Turbonion,archimonde,1584,warlock,destruction,66,36,30
42259,Kenjix,blackrock,1584,warlock,destruction,54,23,31
42260,Chaosbolt,kelthuzad,1583,warlock,destruction,24,18,6
42261,Brugo,zuljin,1583,warlock,destruction,36,20,16
42262,Banishedone,stormreaver,1583,warlock,destruction,92,51,41
42263,Voidzero,hyjal,1583,warlock,destruction,41,19,22
42264,Hellguards,silvermoon,1583,warlock,destruction,83,38,45
42265,Bonemetz,blackmoore,1582,warlock,destruction,101,54,47
42266,Aloof,outland,1582,warlock,destruction,201,105,96
42267,Icritmore,stormscale,1582,warlock,destruction,72,37,35
42268,Oz,uldum,1581,warlock,destruction,78,49,29
42269,Idfearthat,ragnaros,1580,warlock,destruction,48,28,20
42270,Zarastro,sunstrider,1580,warlock,destruction,117,59,58
42271,Proßlock,kazzak,1580,warlock,destruction,108,52,56
42272,Plamena,neptulon,1579,warlock,destruction,49,32,17
42273,Stromzii,silvermoon,1579,warlock,destruction,120,58,62
42274,Striks,ragnaros,1578,warlock,destruction,30,17,13
42275,Bazoo,nathrezim,1576,warlock,destruction,126,62,64
42276,Htaedfo,tarren-mill,1576,warlock,destruction,102,45,57
42277,Mariahscary,auchindoun,1575,warlock,destruction,36,21,15
42278,Fearlessgødx,ravencrest,1575,warlock,destruction,76,37,39
42279,Golgir,draenor,1574,warlock,destruction,64,38,26
42280,Liqûid,destromath,1572,warlock,destruction,76,47,29
42281,Ánárchy,stormscale,1572,warlock,destruction,42,22,20
42282,Nitecro,blackmoore,1571,warlock,destruction,37,22,15
42283,Spoíl,tarren-mill,1571,warlock,destruction,48,27,21
42284,Rakshazza,eredar,1571,warlock,destruction,102,53,49
42285,Áutísm,silvermoon,1570,warlock,destruction,138,71,67
42286,Fandirxd,draenor,1569,warlock,destruction,71,39,32
42287,Dotsyoudown,kelthuzad,1568,warlock,destruction,97,52,45
42288,Eltharis,burning-legion,1567,warlock,destruction,30,18,12
42289,Noahh,kazzak,1567,warlock,destruction,101,60,41
42290,Warlololock,malganis,1567,warlock,destruction,36,19,17
42291,Xenq,ravencrest,1566,warlock,destruction,36,21,15
42292,Fatkkroth,ravencrest,1565,warlock,destruction,49,30,19
42293,Gimlidota,tarren-mill,1565,warlock,destruction,59,35,24
42294,Акэти,borean-tundra,1565,warlock,destruction,42,21,21
42295,Necrobtch,quelthalas,1564,warlock,destruction,30,19,11
42296,Cronice,ravencrest,1562,warlock,destruction,50,23,27
42297,Konradcurz,silvermoon,1562,warlock,destruction,45,20,25
42298,Аркейнмизери,howling-fjord,1561,warlock,destruction,34,23,11
42299,Drakedoge,draenor,1561,warlock,destruction,76,42,34
42300,Azthral,nemesis,1558,warlock,destruction,259,129,130
42301,Иренхх,gordunni,1558,warlock,destruction,42,19,23
42302,Rackare,darksorrow,1556,warlock,destruction,27,19,8
42303,Smíkz,blackhand,1556,warlock,destruction,41,24,17
42304,Nebulus,lightnings-blade,1556,warlock,destruction,73,39,34
42305,Britneyfears,burning-legion,1556,warlock,destruction,36,18,18
42306,Chaøs,thrall,1554,warlock,destruction,30,22,8
42307,Aspas,outland,1554,warlock,destruction,42,23,19
42308,Enzyw,drakthul,1553,warlock,destruction,24,20,4
42309,Nimbin,taerar,1553,warlock,destruction,141,78,63
42310,Joemontana,blackrock,1552,warlock,destruction,36,17,19
42311,Белвет,blackscar,1550,warlock,destruction,51,25,26
42312,Marenov,kazzak,1549,warlock,destruction,36,20,16
42313,Afflimoomoo,tarren-mill,1549,warlock,destruction,78,37,41
42314,Zéphon,blades-edge,1549,warlock,destruction,76,35,41
42315,Päwzy,kazzak,1548,warlock,destruction,66,34,32
42316,Chaosboltlol,ravencrest,1547,warlock,destruction,36,22,14
42317,Morgan,jaedenar,1547,warlock,destruction,85,47,38
42318,Moelock,frostmane,1547,warlock,destruction,129,69,60
42319,Lysanruth,la-croisade-écarlate,1547,warlock,destruction,96,47,49
42320,Chubson,tarren-mill,1545,warlock,destruction,50,23,27
42321,Gulleigh,draenor,1543,warlock,destruction,40,19,21
42322,Rawsauce,outland,1542,warlock,destruction,20,17,3
42323,Mazaear,stormscale,1540,warlock,destruction,45,27,18
42324,Unethicalx,ragnaros,1539,warlock,destruction,30,17,13
42325,Deathscréam,burning-legion,1537,warlock,destruction,96,48,48
42326,Pipêz,blackmoore,1536,warlock,destruction,71,45,26
42327,Alucena,silvermoon,1536,warlock,destruction,46,21,25
42328,Nkwango,blackmoore,1535,warlock,destruction,24,16,8
42329,Anderxyo,sanguino,1535,warlock,destruction,24,16,8
42330,Bustabrinka,aggra-português,1534,warlock,destruction,18,16,2
42331,Tierzxc,ravencrest,1534,warlock,destruction,24,16,8
42332,Михасяпевпев,gordunni,1534,warlock,destruction,27,17,10
42333,Slàsh,hyjal,1533,warlock,destruction,30,23,7
42334,Simony,ravencrest,1533,warlock,destruction,24,16,8
42335,Shortyi,thrall,1533,warlock,destruction,24,16,8
42336,Zamahell,marécage-de-zangar,1532,warlock,destruction,24,17,7
42337,Howtofake,doomhammer,1532,warlock,destruction,24,16,8
42338,Höfmänn,kazzak,1532,warlock,destruction,55,35,20
42339,Debz,twisting-nether,1531,warlock,destruction,25,16,9
42340,Дэнаа,fordragon,1531,warlock,destruction,122,60,62
42341,Unrealia,hyjal,1530,warlock,destruction,126,68,58
42342,Notben,outland,1529,warlock,destruction,18,16,2
42343,Alexutzu,sylvanas,1529,warlock,destruction,30,20,10
42344,Felcollíns,ravencrest,1529,warlock,destruction,24,16,8
42345,Aoea,draenor,1529,warlock,destruction,24,16,8
42346,Chyther,ragnaros,1528,warlock,destruction,42,26,16
42347,Slëydark,sanguino,1528,warlock,destruction,32,17,15
42348,Славеномен,howling-fjord,1528,warlock,destruction,168,85,83
42349,Wisdomness,aszune,1528,warlock,destruction,66,32,34
42350,Cursedotexe,ragnaros,1527,warlock,destruction,60,32,28
42351,Nospamcliqu,ysondre,1527,warlock,destruction,30,16,14
42352,Kvanmor,kaelthas,1526,warlock,destruction,36,18,18
42353,Beepbepp,grim-batol,1525,warlock,destruction,46,33,13
42354,Jïñ,ravencrest,1524,warlock,destruction,18,16,2
42355,Garbageclass,outland,1523,warlock,destruction,30,16,14
42356,Nÿhf,kirin-tor,1523,warlock,destruction,47,21,26
42357,Marklock,drakthul,1522,warlock,destruction,26,21,5
42358,Sotapen,ragnaros,1522,warlock,destruction,75,45,30
42359,Tóuché,aegwynn,1522,warlock,destruction,66,33,33
42360,Инкубычь,gordunni,1521,warlock,destruction,24,16,8
42361,Sadixxqt,ravencrest,1521,warlock,destruction,24,16,8
42362,Bisacodyl,outland,1521,warlock,destruction,101,53,48
42363,Сорзи,thermaplugg,1521,warlock,destruction,41,20,21
42364,Malinki,silvermoon,1521,warlock,destruction,42,20,22
42365,Rohlikov,drakthul,1520,warlock,destruction,24,16,8
42366,Exiled,dragonblight,1519,warlock,destruction,28,17,11
42367,Fatbëlly,argent-dawn,1518,warlock,destruction,97,47,50
42368,Rozibolt,draenor,1517,warlock,destruction,24,16,8
42369,Salazaros,die-silberne-hand,1517,warlock,destruction,60,33,27
42370,Мерседэсс,gordunni,1516,warlock,destruction,24,16,8
42371,Articfox,outland,1516,warlock,destruction,98,50,48
42372,Robertóoo,burning-legion,1514,warlock,destruction,65,35,30
42373,Lottopallo,arathor,1514,warlock,destruction,30,16,14
42374,Visable,kazzak,1514,warlock,destruction,30,16,14
42375,Usianbølts,blackmoore,1513,warlock,destruction,30,16,14
42376,Маларгас,soulflayer,1512,warlock,destruction,132,72,60
42377,Mellisandre,hellfire,1510,warlock,destruction,42,25,17
42378,Contemtus,frostwhisper,1508,warlock,destruction,24,16,8
42379,Darcîa,destromath,1507,warlock,destruction,30,19,11
42380,Atraped,zuljin,1507,warlock,destruction,90,48,42
42381,Пъё,howling-fjord,1507,warlock,destruction,101,46,55
42382,Kasuni,sanguino,1507,warlock,destruction,72,30,42
42383,Чернокнжник,soulflayer,1506,warlock,destruction,42,22,20
42384,Sylvxgodx,kazzak,1505,warlock,destruction,54,34,20
42385,Abnørmus,tarren-mill,1503,warlock,destruction,78,46,32
42386,Deruud,defias-brotherhood,1503,warlock,destruction,60,30,30
42387,Tzeeñtch,tarren-mill,1501,warlock,destruction,65,31,34
42388,Voidislife,alakir,1499,warlock,destruction,201,104,97
42389,Hongkonger,kazzak,1499,warlock,destruction,262,134,128
42390,Nicodemo,tarren-mill,1498,warlock,destruction,30,16,14
42391,Nibblez,shadowsong,1497,warlock,destruction,91,52,39
42392,Егосяхаос,soulflayer,1497,warlock,destruction,54,28,26
42393,Lînden,magtheridon,1496,warlock,destruction,30,16,14
42394,Interceptêr,blackrock,1496,warlock,destruction,36,18,18
42395,Naemys,archimonde,1495,warlock,destruction,57,36,21
42396,Pelkopeelo,tarren-mill,1494,warlock,destruction,35,19,16
42397,Адоха,howling-fjord,1494,warlock,destruction,60,32,28
42398,Kïng,elune,1494,warlock,destruction,66,34,32
42399,Balgo,blackmoore,1493,warlock,destruction,54,30,24
42400,Jumbodot,tarren-mill,1493,warlock,destruction,44,23,21
42401,Dotzéro,ravencrest,1493,warlock,destruction,42,21,21
42402,Warlocat,the-maelstrom,1493,warlock,destruction,72,34,38
42403,Falel,das-konsortium,1492,warlock,destruction,24,19,5
42404,Blackiouz,stormscale,1492,warlock,destruction,120,55,65
42405,Ноубрейкс,blackscar,1491,warlock,destruction,52,33,19
42406,Ketriicken,argent-dawn,1490,warlock,destruction,96,51,45
42407,Колдунишка,fordragon,1490,warlock,destruction,117,62,55
42408,Chaosprophet,argent-dawn,1489,warlock,destruction,50,28,22
42409,Brokengodx,dun-modr,1489,warlock,destruction,30,16,14
42410,Asmonmald,stormscale,1489,warlock,destruction,142,75,67
42411,Fiveyearque,sylvanas,1489,warlock,destruction,36,16,20
42412,Fêâr,dun-modr,1488,warlock,destruction,22,17,5
42413,Babáyàgá,blackhand,1487,warlock,destruction,74,47,27
42414,Ammathrel,moonglade,1487,warlock,destruction,30,17,13
42415,Onetwobolt,archimonde,1487,warlock,destruction,125,64,61
42416,Kamí,sanguino,1487,warlock,destruction,65,30,35
42417,Спаводах,soulflayer,1486,warlock,destruction,23,16,7
42418,Variu,blackhand,1486,warlock,destruction,106,61,45
42419,Scaevóla,ravencrest,1486,warlock,destruction,252,129,123
42420,Зеленаямразь,soulflayer,1486,warlock,destruction,33,16,17
42421,Horsewarlock,stormscale,1486,warlock,destruction,77,36,41
42422,Xârtôr,blackrock,1482,warlock,destruction,176,96,80
42423,Czx,twisting-nether,1479,warlock,destruction,36,22,14
42424,Jinxme,tarren-mill,1479,warlock,destruction,95,49,46
42425,Иванфаков,soulflayer,1475,warlock,destruction,29,17,12
42426,Sertdene,ravencrest,1475,warlock,destruction,42,24,18
42427,Farlier,draenor,1474,warlock,destruction,95,47,48
42428,Раздирающая,gordunni,1471,warlock,destruction,46,30,16
42429,Samyoung,kazzak,1470,warlock,destruction,60,35,25
42430,Baz,frostmane,1470,warlock,destruction,78,41,37
42431,Blackwizard,theradras,1469,warlock,destruction,75,40,35
42432,Èrmes,eldrethalas,1469,warlock,destruction,59,31,28
42433,Моориус,soulflayer,1469,warlock,destruction,36,18,18
42434,Бомбшелл,soulflayer,1469,warlock,destruction,38,17,21
42435,Onono,eredar,1468,warlock,destruction,30,16,14
42436,Kartanos,stormscale,1466,warlock,destruction,23,16,7
42437,Cráxx,onyxia,1466,warlock,destruction,104,55,49
42438,Magicstick,eredar,1466,warlock,destruction,60,27,33
42439,Helkásh,tarren-mill,1465,warlock,destruction,48,23,25
42440,Holaw,tarren-mill,1464,warlock,destruction,84,41,43
42441,Mvpðøtx,ravencrest,1463,warlock,destruction,45,28,17
42442,Pommeslock,blackmoore,1461,warlock,destruction,36,20,16
42443,Snackstickz,twisting-nether,1461,warlock,destruction,48,25,23
42444,Wedlock,stormscale,1457,warlock,destruction,54,33,21
42445,Nokickplz,nemesis,1457,warlock,destruction,36,19,17
42446,Valcan,ragnaros,1456,warlock,destruction,79,45,34
42447,Zeddy,draenor,1456,warlock,destruction,114,63,51
42448,Nosoulnoprob,sylvanas,1455,warlock,destruction,36,19,17
42449,Aleê,twisting-nether,1454,warlock,destruction,47,23,24
42450,Lockybàlboa,tarren-mill,1453,warlock,destruction,48,29,19
42451,Moonpoxlock,nerathor,1453,warlock,destruction,38,20,18
42452,Shaxlock,draenor,1451,warlock,destruction,82,43,39
42453,Craynos,die-arguswacht,1451,warlock,destruction,38,19,19
42454,Геролин,goldrinn,1451,warlock,destruction,61,30,31
42455,Wicherson,burning-legion,1451,warlock,destruction,37,18,19
42456,Banshore,ysondre,1450,warlock,destruction,47,29,18
42457,Kaedinx,twisting-nether,1445,warlock,destruction,329,167,162
42458,Nèrfxløl,ragnaros,1444,warlock,destruction,30,22,8
42459,Trickyy,azjolnerub,1444,warlock,destruction,39,25,14
42460,Hasibe,ravencrest,1444,warlock,destruction,30,18,12
42461,Kospar,dun-morogh,1444,warlock,destruction,62,36,26
42462,Holeraa,stormscale,1444,warlock,destruction,57,30,27
42463,Vegetita,stormscale,1443,warlock,destruction,173,94,79
42464,Stürmer,thrall,1442,warlock,destruction,60,32,28
42465,Birimbau,outland,1442,warlock,destruction,67,32,35
42466,Wreky,thrall,1439,warlock,destruction,18,15,3
42467,Smoudini,blackrock,1439,warlock,destruction,24,15,9
42468,Сайзэр,soulflayer,1439,warlock,destruction,111,54,57
42469,Frilante,terokkar,1438,warlock,destruction,63,40,23
42470,Eviil,tarren-mill,1438,warlock,destruction,24,15,9
42471,Mowxll,blackrock,1438,warlock,destruction,24,15,9
42472,Vicktorious,stormscale,1438,warlock,destruction,66,37,29
42473,Dzimmi,kazzak,1438,warlock,destruction,42,22,20
42474,Алхун,razuvious,1438,warlock,destruction,54,27,27
42475,Brodoh,dun-modr,1438,warlock,destruction,30,15,15
42476,Ignorantduck,sunstrider,1438,warlock,destruction,51,25,26
42477,Flocca,archimonde,1438,warlock,destruction,35,16,19
42478,Corano,ravencrest,1437,warlock,destruction,18,15,3
42479,Навидд,howling-fjord,1437,warlock,destruction,24,15,9
42480,Nádjá,ravencrest,1437,warlock,destruction,24,15,9
42481,Thugsupreme,ravencrest,1437,warlock,destruction,78,41,37
42482,Azzoaa,defias-brotherhood,1437,warlock,destruction,54,27,27
42483,Pôhzz,archimonde,1436,warlock,destruction,18,15,3
42484,Veoxohr,argent-dawn,1436,warlock,destruction,93,57,36
42485,Elldialock,draenor,1436,warlock,destruction,30,15,15
42486,Fearoclock,nemesis,1435,warlock,destruction,30,15,15
42487,Jøkèr,stormscale,1434,warlock,destruction,24,15,9
42488,Fynxo,blackmoore,1433,warlock,destruction,24,16,8
42489,Kiritsugi,aszune,1433,warlock,destruction,51,30,21
42490,Noxsix,gorgonnash,1433,warlock,destruction,54,28,26
42491,Vulluin,blackrock,1433,warlock,destruction,30,15,15
42492,Calli,blackrock,1432,warlock,destruction,22,16,6
42493,Datendariza,kazzak,1432,warlock,destruction,104,53,51
42494,Nedivh,stormscale,1432,warlock,destruction,35,17,18
42495,Flockyy,draenor,1431,warlock,destruction,28,16,12
42496,Slavecry,silvermoon,1430,warlock,destruction,24,15,9
42497,Softcøre,blackmoore,1430,warlock,destruction,48,29,19
42498,Peardrax,draenor,1430,warlock,destruction,67,34,33
42499,Парачо,eversong,1430,warlock,destruction,30,15,15
42500,Cørleen,eredar,1430,warlock,destruction,70,26,44
42501,Antoniolm,cthun,1429,warlock,destruction,54,27,27
42502,Kwoh,saurfang,1429,warlock,destruction,30,15,15
42503,Паинбрингер,soulflayer,1428,warlock,destruction,24,15,9
42504,Misscringe,silvermoon,1428,warlock,destruction,54,23,31
42505,Shadeisblack,tarren-mill,1427,warlock,destruction,24,15,9
42506,Lewdrumpslap,kazzak,1425,warlock,destruction,48,31,17
42507,Gengada,blackhand,1425,warlock,destruction,48,26,22
42508,Puppylover,outland,1424,warlock,destruction,30,21,9
42509,Shufflous,ghostlands,1424,warlock,destruction,28,16,12
42510,Bte,draenor,1424,warlock,destruction,34,19,15
42511,Krukke,tarren-mill,1424,warlock,destruction,54,28,26
42512,Sesoumaru,azshara,1424,warlock,destruction,42,16,26
42513,Belnea,draenor,1421,warlock,destruction,24,15,9
42514,Ablas,bladefist,1421,warlock,destruction,118,53,65
42515,Míkæ,ravencrest,1420,warlock,destruction,90,49,41
42516,Demonkïng,archimonde,1420,warlock,destruction,60,32,28
42517,Сатенекс,soulflayer,1419,warlock,destruction,59,36,23
42518,Diablotiin,hyjal,1419,warlock,destruction,227,116,111
42519,Brodir,aszune,1419,warlock,destruction,30,15,15
42520,Diablesse,dun-modr,1417,warlock,destruction,62,30,32
42521,Rakoru,blackmoore,1416,warlock,destruction,30,15,15
42522,Waandi,ravencrest,1415,warlock,destruction,34,20,14
42523,Wauwish,stormscale,1415,warlock,destruction,47,27,20
42524,Мирмех,gordunni,1414,warlock,destruction,42,21,21
42525,Sublînê,blackmoore,1413,warlock,destruction,99,58,41
42526,Героуд,howling-fjord,1413,warlock,destruction,118,60,58
42527,Jaimê,thrall,1411,warlock,destruction,82,42,40
42528,Barro,das-syndikat,1410,warlock,destruction,32,17,15
42529,Бирел,soulflayer,1409,warlock,destruction,24,15,9
42530,Naavii,bloodscalp,1407,warlock,destruction,42,21,21
42531,Natsume,ragnaros,1407,warlock,destruction,43,21,22
42532,Kumas,hyjal,1406,warlock,destruction,30,16,14
42533,Xârdâs,blackrock,1406,warlock,destruction,30,15,15
42534,Zlohell,drakthul,1405,warlock,destruction,48,30,18
42535,Evaksiá,draenor,1405,warlock,destruction,48,23,25
42536,Enydible,frostmane,1403,warlock,destruction,24,15,9
42537,Proctolock,garona,1403,warlock,destruction,34,20,14
42538,Азерок,howling-fjord,1403,warlock,destruction,42,21,21
42539,Løckwood,blackrock,1401,warlock,destruction,28,17,11
42540,Гупперлок,howling-fjord,1400,warlock,destruction,48,21,27
42541,Faro,trollbane,1398,warlock,destruction,98,42,56
42542,Nomakqlock,dun-modr,1397,warlock,destruction,36,23,13
42543,Вроман,fordragon,1396,warlock,destruction,74,44,30
42544,Diåbló,stormscale,1395,warlock,destruction,90,50,40
42545,Dhraven,thrall,1395,warlock,destruction,96,53,43
42546,Dobonard,sylvanas,1395,warlock,destruction,38,19,19
42547,Holodream,stormreaver,1395,warlock,destruction,60,29,31
42548,Tomiaa,burning-legion,1395,warlock,destruction,36,15,21
42549,Satanizm,silvermoon,1393,warlock,destruction,95,46,49
42550,Çhãøsførÿã,blackmoore,1392,warlock,destruction,90,43,47
42551,Pogrom,burning-legion,1391,warlock,destruction,36,21,15
42552,Chaoxz,outland,1391,warlock,destruction,54,31,23
42553,Seagelock,silvermoon,1390,warlock,destruction,78,36,42
42554,Zollon,norgannon,1389,warlock,destruction,23,17,6
42555,Enragelock,tarren-mill,1389,warlock,destruction,35,18,17
42556,Zivalelia,silvermoon,1389,warlock,destruction,102,49,53
42557,Nerzhull,stormscale,1389,warlock,destruction,146,69,77
42558,Яжбатько,howling-fjord,1389,warlock,destruction,36,15,21
42559,Lynchian,draenor,1387,warlock,destruction,49,26,23
42560,Verderbnis,malganis,1386,warlock,destruction,46,29,17
42561,Fearster,twisting-nether,1386,warlock,destruction,41,23,18
42562,Gehirnwäsche,frostwolf,1385,warlock,destruction,28,18,10
42563,Diabló,outland,1384,warlock,destruction,30,15,15
42564,Dracsu,dun-modr,1383,warlock,destruction,49,26,23
42565,Калестонх,soulflayer,1380,warlock,destruction,42,25,17
42566,Dreadnogg,tarren-mill,1380,warlock,destruction,100,50,50
42567,Kosfáce,tarren-mill,1377,warlock,destruction,77,35,42
42568,Олдхалапеньо,soulflayer,1371,warlock,destruction,48,23,25
42569,Pookabee,ravencrest,1369,warlock,destruction,36,19,17
42570,Sidragasoss,drakthul,1369,warlock,destruction,30,15,15
42571,Cahetel,nemesis,1368,warlock,destruction,47,24,23
42572,Biotic,dun-modr,1366,warlock,destruction,36,16,20
42573,Эот,soulflayer,1365,warlock,destruction,27,16,11
42574,Vakgu,blackmoore,1362,warlock,destruction,47,28,19
42575,Hamskurken,silvermoon,1362,warlock,destruction,28,15,13
42576,Nyriat,tarren-mill,1361,warlock,destruction,24,16,8
42577,Quasimodó,aegwynn,1361,warlock,destruction,48,29,19
42578,Salastro,ragnaros,1361,warlock,destruction,27,15,12
42579,Биохозард,deathguard,1361,warlock,destruction,69,38,31
42580,Gricorby,drakthul,1360,warlock,destruction,23,16,7
42581,Unkash,zuljin,1360,warlock,destruction,90,50,40
42582,Mty,bronze-dragonflight,1360,warlock,destruction,29,15,14
42583,Lockedaway,ravencrest,1359,warlock,destruction,42,22,20
42584,Khano,twisting-nether,1357,warlock,destruction,33,18,15
42585,Кискатёмная,blackscar,1356,warlock,destruction,48,25,23
42586,Islazoldyck,draenor,1356,warlock,destruction,78,33,45
42587,Demoz,sanguino,1354,warlock,destruction,70,40,30
42588,Voltadol,dun-modr,1353,warlock,destruction,126,65,61
42589,Cardinall,drakthul,1351,warlock,destruction,42,23,19
42590,Lokibra,antonidas,1351,warlock,destruction,66,34,32
42591,Boltexpert,twisting-nether,1351,warlock,destruction,30,15,15
42592,Juanwick,grim-batol,1350,warlock,destruction,19,15,4
42593,Mîjagî,blackhand,1349,warlock,destruction,60,36,24
42594,Hell,twisting-nether,1347,warlock,destruction,54,22,32
42595,Nerokin,blackrock,1344,warlock,destruction,60,41,19
42596,Plocke,aegwynn,1344,warlock,destruction,24,14,10
42597,Potatowl,ragnaros,1344,warlock,destruction,24,14,10
42598,Maxiabe,hyjal,1344,warlock,destruction,54,27,27
42599,Dotloca,draenor,1344,warlock,destruction,30,15,15
42600,Freshademic,tarren-mill,1343,warlock,destruction,18,14,4
42601,Anthraxus,argent-dawn,1343,warlock,destruction,24,14,10
42602,Divvaa,tarren-mill,1343,warlock,destruction,89,44,45
42603,Setyouinfear,ravencrest,1343,warlock,destruction,30,14,16
42604,Jamb,bloodfeather,1342,warlock,destruction,18,14,4
42605,Ghastlyy,aggra-português,1342,warlock,destruction,18,14,4
42606,Badapow,stormscale,1342,warlock,destruction,24,14,10
42607,Nanotrik,draenor,1342,warlock,destruction,24,14,10
42608,Cigänä,archimonde,1342,warlock,destruction,24,14,10
42609,Törtidotcom,blackrock,1342,warlock,destruction,36,15,21
42610,Haltros,stormscale,1341,warlock,destruction,24,14,10
42611,Gravemxney,tarren-mill,1341,warlock,destruction,24,14,10
42612,Mompets,stormscale,1341,warlock,destruction,36,14,22
42613,Fearu,kazzak,1340,warlock,destruction,18,14,4
42614,Koonlock,kazzak,1340,warlock,destruction,37,17,20
42615,Palihatschi,eredar,1340,warlock,destruction,36,14,22
42616,Dimmybyrger,stormreaver,1339,warlock,destruction,30,14,16
42617,Ryurans,cthun,1338,warlock,destruction,98,49,49
42618,Кварий,howling-fjord,1337,warlock,destruction,36,14,22
42619,Øpaco,khazgoroth,1335,warlock,destruction,36,15,21
42620,Scrim,laughing-skull,1334,warlock,destruction,32,21,11
42621,Póssiblyreef,silvermoon,1334,warlock,destruction,24,14,10
42622,Rúbedo,thrall,1334,warlock,destruction,24,14,10
42623,Talindra,stormscale,1334,warlock,destruction,44,25,19
42624,Hydrôlîc,blackrock,1334,warlock,destruction,30,14,16
42625,Anomen,sanguino,1334,warlock,destruction,30,14,16
42626,Boglock,argent-dawn,1333,warlock,destruction,24,14,10
42627,Corbiejr,tarren-mill,1331,warlock,destruction,80,51,29
42628,Uralya,kazzak,1331,warlock,destruction,24,14,10
42629,Adoy,tarren-mill,1330,warlock,destruction,36,20,16
42630,Perius,zuluhed,1330,warlock,destruction,30,14,16
42631,Chroll,nerathor,1329,warlock,destruction,34,23,11
42632,Ínsidióus,tarren-mill,1329,warlock,destruction,24,14,10
42633,Dieger,thunderhorn,1328,warlock,destruction,24,14,10
42634,Äsmødée,dalaran,1328,warlock,destruction,54,31,23
42635,Nàughty,ragnaros,1328,warlock,destruction,67,28,39
42636,Benzakenta,sylvanas,1327,warlock,destruction,24,14,10
42637,Kaamosliha,frostwhisper,1326,warlock,destruction,37,20,17
42638,Микурочка,gordunni,1323,warlock,destruction,59,25,34
42639,Эннинотбэд,howling-fjord,1322,warlock,destruction,29,14,15
42640,Mempricious,ravencrest,1318,warlock,destruction,30,14,16
42641,Soulgünter,blackmoore,1317,warlock,destruction,34,23,11
42642,Exitumos,eredar,1316,warlock,destruction,24,14,10
42643,Mohawkyz,chamber-of-aspects,1316,warlock,destruction,32,17,15
42644,Tuz,blackrock,1316,warlock,destruction,90,40,50
42645,Plööp,malganis,1315,warlock,destruction,92,47,45
42646,Ghostfiend,tarren-mill,1313,warlock,destruction,21,15,6
42647,Dìablò,sylvanas,1312,warlock,destruction,60,35,25
42648,Chram,uldum,1311,warlock,destruction,53,33,20
42649,Гулдарий,howling-fjord,1310,warlock,destruction,95,53,42
42650,Starlok,nemesis,1309,warlock,destruction,23,14,9
42651,Somanydots,twisting-nether,1309,warlock,destruction,90,44,46
42652,Rotinhell,kazzak,1309,warlock,destruction,123,57,66
42653,Altffeer,blackmoore,1307,warlock,destruction,30,14,16
42654,Блэкмайндер,howling-fjord,1306,warlock,destruction,38,23,15
42655,Sinsemilla,turalyon,1305,warlock,destruction,47,24,23
42656,Shadeshanox,blackmoore,1302,warlock,destruction,36,23,13
42657,Lokajci,outland,1302,warlock,destruction,37,22,15
42658,Covariance,nemesis,1302,warlock,destruction,36,14,22
42659,Janemba,ysondre,1300,warlock,destruction,30,14,16
42660,Fêars,blackrock,1299,warlock,destruction,62,34,28
42661,Lodem,darksorrow,1298,warlock,destruction,36,15,21
42662,Noctiz,pozzo-delleternità,1297,warlock,destruction,55,25,30
42663,Kïrah,ysondre,1296,warlock,destruction,50,18,32
42664,Dexterr,sylvanas,1295,warlock,destruction,110,55,55
42665,Arnoediad,twisting-nether,1291,warlock,destruction,39,18,21
42666,Skruios,anetheron,1290,warlock,destruction,34,16,18
42667,Azrail,anubarak,1290,warlock,destruction,66,31,35
42668,Galath,wrathbringer,1289,warlock,destruction,64,32,32
42669,Gillgarres,twisting-nether,1289,warlock,destruction,36,16,20
42670,Sorxez,thrall,1287,warlock,destruction,54,25,29
42671,Zacurse,kazzak,1282,warlock,destruction,42,23,19
42672,Drillingsdad,dun-morogh,1282,warlock,destruction,36,17,19
42673,Warlockgødx,silvermoon,1281,warlock,destruction,42,22,20
42674,Pensiblesie,runetotem,1281,warlock,destruction,384,188,196
42675,Sylrathas,burning-legion,1279,warlock,destruction,75,41,34
42676,Docik,kazzak,1279,warlock,destruction,31,15,16
42677,Southylol,stormscale,1278,warlock,destruction,17,14,3
42678,Nopower,dun-morogh,1277,warlock,destruction,35,20,15
42679,Demohoror,stormscale,1276,warlock,destruction,42,20,22
42680,Easybolt,blackrock,1276,warlock,destruction,32,14,18
42681,Chaotìc,nemesis,1275,warlock,destruction,24,18,6
42682,Ocaya,kazzak,1275,warlock,destruction,30,16,14
42683,Dreamage,exodar,1274,warlock,destruction,54,27,27
42684,Zeelotko,drakthul,1272,warlock,destruction,42,21,21
42685,Делегент,deathguard,1272,warlock,destruction,84,34,50
42686,Shinamna,tarren-mill,1270,warlock,destruction,30,15,15
42687,Oloki,kazzak,1269,warlock,destruction,44,24,20
42688,Запрещаю,galakrond,1269,warlock,destruction,60,28,32
42689,Tsumde,dalaran,1265,warlock,destruction,62,31,31
42690,Чиназис,gordunni,1265,warlock,destruction,102,49,53
42691,Sovrìn,blackrock,1264,warlock,destruction,20,14,6
42692,Vulgrim,kirin-tor,1264,warlock,destruction,51,26,25
42693,Tabarnak,archimonde,1264,warlock,destruction,30,14,16
42694,Jossim,outland,1263,warlock,destruction,66,38,28
42695,Гангстахохо,soulflayer,1263,warlock,destruction,40,16,24
42696,Xoram,kult-der-verdammten,1260,warlock,destruction,24,15,9
42697,Хиёрис,eversong,1260,warlock,destruction,51,29,22
42698,Symbiosis,kazzak,1260,warlock,destruction,102,50,52
42699,Julsey,kazzak,1259,warlock,destruction,17,14,3
42700,Карьерщица,booty-bay,1259,warlock,destruction,73,38,35
42701,Üserper,chamber-of-aspects,1259,warlock,destruction,143,64,79
42702,Zuyox,silvermoon,1256,warlock,destruction,53,22,31
42703,Blackjackk,tarren-mill,1256,warlock,destruction,72,27,45
42704,Вешка,azuregos,1254,warlock,destruction,21,14,7
42705,Maveri,tarren-mill,1254,warlock,destruction,33,16,17
42706,Untactful,tarren-mill,1253,warlock,destruction,53,31,22
42707,Jobbymancer,twisting-nether,1252,warlock,destruction,42,25,17
42708,Askanios,twisting-nether,1252,warlock,destruction,61,34,27
42709,Terris,khaz-modan,1249,warlock,destruction,75,36,39
42710,Mudwalkin,ravencrest,1248,warlock,destruction,24,13,11
42711,Calypso,korgall,1248,warlock,destruction,24,13,11
42712,Øßey,magtheridon,1247,warlock,destruction,18,13,5
42713,Latia,argent-dawn,1247,warlock,destruction,22,14,8
42714,Dotg,blackrock,1247,warlock,destruction,24,13,11
42715,Nyiks,blackhand,1247,warlock,destruction,24,13,11
42716,Dobromír,kazzak,1247,warlock,destruction,24,13,11
42717,Patirass,sanguino,1247,warlock,destruction,30,16,14
42718,Kresyda,dun-modr,1247,warlock,destruction,30,13,17
42719,Redshíne,hyjal,1246,warlock,destruction,18,13,5
42720,Kavalierr,stormscale,1246,warlock,destruction,20,13,7
42721,Osyx,ravencrest,1246,warlock,destruction,28,15,13
42722,Hardnes,kazzak,1246,warlock,destruction,30,13,17
42723,Lifetapped,tarren-mill,1246,warlock,destruction,30,13,17
42724,Boltgodx,thrall,1245,warlock,destruction,24,13,11
42725,Zuldanius,stormscale,1245,warlock,destruction,24,13,11
42726,Withered,nagrand,1244,warlock,destruction,18,13,5
42727,Krachol,emeriss,1244,warlock,destruction,24,13,11
42728,Hannahowo,garona,1243,warlock,destruction,24,13,11
42729,Asmodaî,anubarak,1243,warlock,destruction,32,17,15
42730,Oxsen,hyjal,1243,warlock,destruction,42,20,22
42731,Entropyboost,stormscale,1243,warlock,destruction,30,13,17
42732,Bruzzlbube,blackhand,1242,warlock,destruction,24,13,11
42733,Cajnik,sylvanas,1242,warlock,destruction,24,13,11
42734,Filianore,azjolnerub,1242,warlock,destruction,61,28,33
42735,Salouppio,archimonde,1242,warlock,destruction,30,13,17
42736,Wlistoohard,stormscale,1242,warlock,destruction,30,13,17
42737,Berkobaggins,ravencrest,1242,warlock,destruction,30,13,17
42738,Cursecannon,outland,1241,warlock,destruction,18,13,5
42739,Pyroplasmic,tarren-mill,1241,warlock,destruction,65,40,25
42740,Drfóx,draenor,1240,warlock,destruction,41,16,25
42741,Ragequit,xavius,1238,warlock,destruction,24,13,11
42742,Unstablemind,nemesis,1238,warlock,destruction,27,14,13
42743,Кулутха,soulflayer,1237,warlock,destruction,19,13,6
42744,Sololock,ravencrest,1237,warlock,destruction,24,13,11
42745,Локкрис,blackscar,1237,warlock,destruction,74,38,36
42746,Verixdots,antonidas,1235,warlock,destruction,24,13,11
42747,Siyruz,eredar,1234,warlock,destruction,24,13,11
42748,Apôpis,archimonde,1233,warlock,destruction,30,17,13
42749,Zhoxx,outland,1233,warlock,destruction,30,13,17
42750,Wurdulock,silvermoon,1231,warlock,destruction,24,13,11
42751,Инсип,blackscar,1230,warlock,destruction,24,14,10
42752,Левсекси,eversong,1230,warlock,destruction,27,14,13
42753,Keibo,drakthul,1228,warlock,destruction,30,13,17
42754,Rottend,aggra-português,1228,warlock,destruction,81,35,46
42755,Wolferand,argent-dawn,1228,warlock,destruction,42,17,25
42756,Dededimons,stormscale,1222,warlock,destruction,50,24,26
42757,Eotlid,shattered-hand,1221,warlock,destruction,24,13,11
42758,Гулдас,thermaplugg,1221,warlock,destruction,42,21,21
42759,Chickoz,eredar,1219,warlock,destruction,103,54,49
42760,Rizzbolt,ravencrest,1219,warlock,destruction,87,42,45
42761,Babayagâ,sanguino,1218,warlock,destruction,24,14,10
42762,Stunspectoo,turalyon,1217,warlock,destruction,24,17,7
42763,Shutdown,sylvanas,1217,warlock,destruction,36,22,14
42764,Westfaliu,blackhand,1217,warlock,destruction,66,24,42
42765,Borrìs,blackhand,1216,warlock,destruction,160,83,77
42766,Oldemoilépti,hyjal,1216,warlock,destruction,30,14,16
42767,Арцах,soulflayer,1215,warlock,destruction,30,13,17
42768,Эктос,soulflayer,1213,warlock,destruction,18,13,5
42769,Artyrus,burning-legion,1212,warlock,destruction,96,49,47
42770,Guntok,tarren-mill,1211,warlock,destruction,37,22,15
42771,Senaida,sylvanas,1211,warlock,destruction,59,34,25
42772,Necrolock,tarren-mill,1208,warlock,destruction,35,16,19
42773,Oxypvp,ravencrest,1207,warlock,destruction,51,19,32
42774,Fredysimo,silvermoon,1206,warlock,destruction,18,13,5
42775,Sargal,sylvanas,1206,warlock,destruction,30,13,17
42776,Felbunni,silvermoon,1206,warlock,destruction,57,24,33
42777,Lokko,nemesis,1205,warlock,destruction,42,23,19
42778,Thorenss,medivh,1205,warlock,destruction,66,31,35
42779,Xhartus,argent-dawn,1205,warlock,destruction,30,13,17
42780,Niszoght,dun-modr,1203,warlock,destruction,53,36,17
42781,Valkiá,earthen-ring,1203,warlock,destruction,42,20,22
42782,Ayóó,doomhammer,1202,warlock,destruction,107,58,49
42783,Pekkoperkele,ravenholdt,1202,warlock,destruction,66,29,37
42784,Aurelíá,ravencrest,1201,warlock,destruction,29,13,16
42785,Demirchayan,twisting-nether,1199,warlock,destruction,42,25,17
42786,Hyphonos,blackmoore,1199,warlock,destruction,26,14,12
42787,Bløødwins,burning-legion,1198,warlock,destruction,17,13,4
42788,Fathernurgle,hellfire,1196,warlock,destruction,73,41,32
42789,Zenondoros,arthas,1195,warlock,destruction,21,13,8
42790,Diseased,darksorrow,1195,warlock,destruction,84,50,34
42791,Mavelya,blackmoore,1192,warlock,destruction,36,13,23
42792,Emoriy,blackmoore,1190,warlock,destruction,64,34,30
42793,Ädarä,cthun,1188,warlock,destruction,24,13,11
42794,Neffy,sinstralis,1188,warlock,destruction,76,31,45
42795,Neetlock,suramar,1185,warlock,destruction,30,14,16
42796,Присесть,razuvious,1180,warlock,destruction,27,15,12
42797,Dôtski,kazzak,1179,warlock,destruction,24,14,10
42798,Nicolino,doomhammer,1179,warlock,destruction,42,23,19
42799,Kääk,sylvanas,1178,warlock,destruction,60,29,31
42800,Kaeos,ravencrest,1176,warlock,destruction,24,15,9
42801,Lovrog,twisting-nether,1169,warlock,destruction,21,13,8
42802,Lockteb,tarren-mill,1167,warlock,destruction,23,13,10
42803,Zzombie,sylvanas,1167,warlock,destruction,26,13,13
42804,Hejhana,drakthul,1165,warlock,destruction,54,19,35
42805,Saereda,kazzak,1160,warlock,destruction,42,20,22
42806,Kritcheq,alakir,1156,warlock,destruction,92,45,47
42807,Modzal,kazzak,1155,warlock,destruction,24,13,11
42808,Lzoo,ravencrest,1152,warlock,destruction,12,12,0
42809,Fearbeachx,ravencrest,1152,warlock,destruction,18,12,6
42810,Noskillfox,outland,1152,warlock,destruction,18,12,6
42811,Rmpfarmer,kazzak,1152,warlock,destruction,18,12,6
42812,Dotjürgen,blackrock,1152,warlock,destruction,18,12,6
42813,Простишуткаь,gordunni,1152,warlock,destruction,18,12,6
42814,Hulagirl,ravencrest,1152,warlock,destruction,18,12,6
42815,Teiser,nemesis,1152,warlock,destruction,24,12,12
42816,Ekàti,ravencrest,1152,warlock,destruction,24,12,12
42817,Purplemafia,burning-blade,1152,warlock,destruction,24,12,12
42818,Ánderx,dun-modr,1152,warlock,destruction,24,12,12
42819,Консидёро,gordunni,1152,warlock,destruction,30,12,18
42820,Cloud,kazzak,1151,warlock,destruction,18,12,6
42821,Leman,sylvanas,1151,warlock,destruction,18,12,6
42822,Элси,howling-fjord,1151,warlock,destruction,18,12,6
42823,Jkz,blackrock,1151,warlock,destruction,21,13,8
42824,Wìtçhßlåðes,ysondre,1151,warlock,destruction,24,12,12
42825,Valthorion,arthas,1151,warlock,destruction,30,12,18
42826,Estefanía,tarren-mill,1150,warlock,destruction,18,12,6
42827,Kikaikek,stormscale,1150,warlock,destruction,18,12,6
42828,Zenii,nemesis,1150,warlock,destruction,18,12,6
42829,Shazem,tarren-mill,1150,warlock,destruction,18,12,6
42830,Hexdoctor,ravencrest,1150,warlock,destruction,30,12,18
42831,Scadar,kazzak,1149,warlock,destruction,18,12,6
42832,Gravedîgger,aggra-português,1149,warlock,destruction,24,12,12
42833,Mignetto,nemesis,1148,warlock,destruction,18,12,6
42834,Maikus,stormscale,1148,warlock,destruction,18,12,6
42835,Cozyboi,thrall,1148,warlock,destruction,153,78,75
42836,Aljohno,twisting-nether,1148,warlock,destruction,24,12,12
42837,Boyyano,tarren-mill,1148,warlock,destruction,24,12,12
42838,Sædotern,stormscale,1147,warlock,destruction,24,12,12
42839,Favorizlmp,archimonde,1146,warlock,destruction,24,12,12
42840,Cørpse,burning-legion,1145,warlock,destruction,18,12,6
42841,Zerøskil,blackrock,1145,warlock,destruction,18,12,6
42842,Sippe,laughing-skull,1145,warlock,destruction,24,12,12
42843,Azaêl,azshara,1145,warlock,destruction,30,12,18
42844,Puujäbäxd,stormscale,1145,warlock,destruction,30,12,18
42845,Merdots,shattered-hand,1144,warlock,destruction,18,12,6
42846,Merdot8FE8B6,outland,1144,warlock,destruction,18,12,6
42847,Jinxzed,frostwhisper,1143,warlock,destruction,18,12,6
42848,Zombpunk,sanguino,1143,warlock,destruction,21,13,8
42849,Smileyfacè,silvermoon,1143,warlock,destruction,36,12,24
42850,Зажиженный,soulflayer,1142,warlock,destruction,21,12,9
42851,Hipiwl,silvermoon,1142,warlock,destruction,24,12,12
42852,Banelock,dentarg,1142,warlock,destruction,30,12,18
42853,Хубаскис,soulflayer,1141,warlock,destruction,24,12,12
42854,Lobotomic,argent-dawn,1140,warlock,destruction,18,12,6
42855,Parley,frostmane,1138,warlock,destruction,30,12,18
42856,Скул,soulflayer,1137,warlock,destruction,30,12,18
42857,Kamehamehaa,stormscale,1136,warlock,destruction,18,12,6
42858,Féar,doomhammer,1136,warlock,destruction,24,12,12
42859,Pcbbwarlock,sylvanas,1136,warlock,destruction,30,12,18
42860,Rampelnicka,burning-blade,1135,warlock,destruction,24,12,12
42861,Talriun,kazzak,1130,warlock,destruction,32,12,20
42862,Toffifae,argent-dawn,1129,warlock,destruction,18,12,6
42863,Fivestars,tarren-mill,1128,warlock,destruction,28,13,15
42864,Mîtskî,argent-dawn,1125,warlock,destruction,30,14,16
42865,Riitaall,khaz-modan,1125,warlock,destruction,49,18,31
42866,Bowti,ravencrest,1122,warlock,destruction,18,12,6
42867,Marann,dun-morogh,1122,warlock,destruction,38,25,13
42868,Darkà,rexxar,1121,warlock,destruction,24,13,11
42869,Uelimueli,onyxia,1120,warlock,destruction,29,12,17
42870,Insanely,kazzak,1119,warlock,destruction,75,40,35
42871,Shagrab,nemesis,1119,warlock,destruction,33,17,16
42872,Paranoid,sylvanas,1119,warlock,destruction,24,12,12
42873,Fiddlock,draenor,1117,warlock,destruction,22,13,9
42874,Lánfeár,draenor,1114,warlock,destruction,29,12,17
42875,Yhwäch,archimonde,1114,warlock,destruction,30,12,18
42876,Íntikam,blackrock,1113,warlock,destruction,24,12,12
42877,Troyana,chants-éternels,1107,warlock,destruction,50,32,18
42878,Shadowbolt,outland,1104,warlock,destruction,27,12,15
42879,Règis,antonidas,1102,warlock,destruction,21,13,8
42880,Maxxilla,twisting-nether,1102,warlock,destruction,143,66,77
42881,Nagassh,arathor,1101,warlock,destruction,17,12,5
42882,Fromfuneral,anetheron,1093,warlock,destruction,107,60,47
42883,Razek,eredar,1086,warlock,destruction,23,12,11
42884,Buserella,eredar,1085,warlock,destruction,30,12,18
42885,Atruruz,antonidas,1084,warlock,destruction,59,29,30
42886,Vendømlørd,archimonde,1083,warlock,destruction,36,12,24
42887,Бигтедок,gordunni,1079,warlock,destruction,158,80,78
42888,Ruul,sanguino,1079,warlock,destruction,50,20,30
42889,Makaspam,stormscale,1074,warlock,destruction,34,12,22
42890,Jinckslock,anachronos,1072,warlock,destruction,13,12,1
42891,Thicklock,twisting-nether,1071,warlock,destruction,24,12,12
42892,Whitebanshee,turalyon,1069,warlock,destruction,30,18,12
42893,Jimbrown,eredar,1066,warlock,destruction,22,12,10
42894,Batráz,tarren-mill,1059,warlock,destruction,78,31,47
42895,Hexiønløck,archimonde,1056,warlock,destruction,12,11,1
42896,Exephia,laughing-skull,1056,warlock,destruction,12,11,1
42897,Datty,grim-batol,1056,warlock,destruction,12,11,1
42898,Кремация,blackscar,1056,warlock,destruction,18,11,7
42899,Oarz,blackrock,1056,warlock,destruction,18,11,7
42900,Rénna,twisting-nether,1056,warlock,destruction,18,11,7
42901,Незерлок,soulflayer,1056,warlock,destruction,18,11,7
42902,Secretx,kazzak,1056,warlock,destruction,18,11,7
42903,Fjutta,outland,1056,warlock,destruction,18,11,7
42904,Hepheisto,blackmoore,1056,warlock,destruction,19,11,8
42905,Rüjï,sanguino,1056,warlock,destruction,54,19,35
42906,Resterx,blackhand,1055,warlock,destruction,12,11,1
42907,Trooverx,ravencrest,1055,warlock,destruction,12,11,1
42908,Precogbtw,ravencrest,1055,warlock,destruction,18,11,7
42909,Avogein,tarren-mill,1055,warlock,destruction,18,11,7
42910,Razzalock,eredar,1055,warlock,destruction,18,11,7
42911,Raknoxyeyeye,blackrock,1055,warlock,destruction,18,11,7
42912,Dalyvan,blackrock,1055,warlock,destruction,24,11,13
42913,Shena,chogall,1055,warlock,destruction,24,11,13
42914,Kieman,tarren-mill,1055,warlock,destruction,30,11,19
42915,Drarken,sylvanas,1054,warlock,destruction,12,11,1
42916,Naniika,blackmoore,1054,warlock,destruction,36,24,12
42917,Jørdanna,blackrock,1054,warlock,destruction,18,11,7
42918,Denasty,nemesis,1054,warlock,destruction,18,11,7
42919,Анкхзул,howling-fjord,1054,warlock,destruction,18,11,7
42920,Sepulturá,thrall,1054,warlock,destruction,18,11,7
42921,Helvetica,darksorrow,1054,warlock,destruction,24,11,13
42922,Trickslock,kazzak,1053,warlock,destruction,18,11,7
42923,Nàchtt,archimonde,1053,warlock,destruction,18,11,7
42924,Rádiz,blackhand,1053,warlock,destruction,24,11,13
42925,Shadowthrone,ragnaros,1053,warlock,destruction,24,11,13
42926,Vimb,archimonde,1053,warlock,destruction,24,11,13
42927,Boomlock,dun-morogh,1052,warlock,destruction,18,11,7
42928,Бигбрейн,soulflayer,1051,warlock,destruction,18,11,7
42929,Hymirr,arathor,1051,warlock,destruction,25,11,14
42930,Katâra,tarren-mill,1051,warlock,destruction,30,11,19
42931,Peterpaîn,blackmoore,1050,warlock,destruction,22,14,8
42932,Sopingsop,chants-éternels,1050,warlock,destruction,18,11,7
42933,Pestílentía,silvermoon,1050,warlock,destruction,18,11,7
42934,Galardodric,outland,1050,warlock,destruction,18,11,7
42935,Willibolt,blackhand,1050,warlock,destruction,24,11,13
42936,Gâlvâtorix,frostmourne,1050,warlock,destruction,58,26,32
42937,Whine,uldum,1050,warlock,destruction,54,24,30
42938,Setta,argent-dawn,1050,warlock,destruction,30,11,19
42939,Gåylørd,ravencrest,1050,warlock,destruction,30,11,19
42940,Ghostflame,tarren-mill,1049,warlock,destruction,16,12,4
42941,Bangbrös,stormscale,1049,warlock,destruction,18,11,7
42942,Hárdí,tarren-mill,1048,warlock,destruction,12,11,1
42943,Jpjpjp,gorgonnash,1046,warlock,destruction,18,11,7
42944,Yénnéfér,ravencrest,1046,warlock,destruction,33,11,22
42945,Surfot,kazzak,1041,warlock,destruction,30,11,19
42946,Orisess,bronze-dragonflight,1036,warlock,destruction,77,40,37
42947,Demonoulis,bloodhoof,1026,warlock,destruction,18,11,7
42948,Woudstok,ysondre,1026,warlock,destruction,23,12,11
42949,Öyo,outland,1025,warlock,destruction,102,47,55
42950,Nava,stormscale,1024,warlock,destruction,28,12,16
42951,Гринлайм,howling-fjord,1023,warlock,destruction,21,12,9
42952,Schöp,der-rat-von-dalaran,1021,warlock,destruction,28,13,15
42953,Kharzug,alakir,1015,warlock,destruction,27,12,15
42954,Omnigul,grim-batol,1010,warlock,destruction,36,14,22
42955,Vinilio,kazzak,1010,warlock,destruction,44,15,29
42956,Zardøx,khaz-modan,1009,warlock,destruction,18,12,6
42957,Ðæthpäct,dalaran,1007,warlock,destruction,23,11,12
42958,Satyrilian,tarren-mill,1006,warlock,destruction,17,11,6
42959,Jaqqy,blackmoore,1005,warlock,destruction,18,12,6
42960,Lazyblue,hyjal,1004,warlock,destruction,43,12,31
42961,Xshay,dun-modr,1003,warlock,destruction,33,12,21
42962,Babayagaa,drakthul,1002,warlock,destruction,26,11,15
42963,Iltharian,die-todeskrallen,1000,warlock,destruction,17,11,6
42964,Архидрако,gordunni,997,warlock,destruction,36,16,20
42965,Wazze,azuremyst,996,warlock,destruction,17,11,6
42966,Чпокерша,deepholm,994,warlock,destruction,29,11,18
42967,Loveløck,blackrock,991,warlock,destruction,29,11,18
42968,Mayev,garrosh,990,warlock,destruction,17,11,6
42969,Rasputia,thunderhorn,989,warlock,destruction,22,12,10
42970,Yudy,burning-legion,987,warlock,destruction,20,11,9
42971,Lynchéd,argent-dawn,986,warlock,destruction,17,11,6
42972,Beerdurschd,antonidas,985,warlock,destruction,17,11,6
42973,Шайтанарба,blackscar,977,warlock,destruction,42,17,25
42974,Empra,stormscale,976,warlock,destruction,19,11,8
42975,Gango,outland,974,warlock,destruction,19,11,8
42976,Äbsalom,hyjal,973,warlock,destruction,56,30,26
42977,Dubbzy,outland,973,warlock,destruction,26,11,15
42978,Zøhaz,burning-legion,971,warlock,destruction,36,15,21
42979,Sicktir,aerie-peak,964,warlock,destruction,28,11,17
42980,Demox,arathor,962,warlock,destruction,26,11,15
42981,Harefrøken,ravencrest,960,warlock,destruction,12,10,2
42982,Graystache,blackhand,960,warlock,destruction,12,10,2
42983,Isco,ysondre,960,warlock,destruction,12,10,2
42984,Hopéléss,aggra-português,960,warlock,destruction,12,10,2
42985,Potatowl,ravencrest,960,warlock,destruction,12,10,2
42986,Invoke,burning-blade,960,warlock,destruction,12,10,2
42987,Jazggzkxx,twisting-nether,960,warlock,destruction,12,10,2
42988,Kozaras,tarren-mill,960,warlock,destruction,12,10,2
42989,Ñia,ravencrest,960,warlock,destruction,12,10,2
42990,Slomg,sylvanas,960,warlock,destruction,12,10,2
42991,Korialstraz,sylvanas,960,warlock,destruction,12,10,2
42992,Nerfmeplz,archimonde,960,warlock,destruction,12,10,2
42993,Flxzshort,kazzak,960,warlock,destruction,12,10,2
42994,Destrolockz,tarren-mill,960,warlock,destruction,16,11,5
42995,Lìmè,silvermoon,960,warlock,destruction,18,10,8
42996,Chaotick,burning-legion,960,warlock,destruction,18,10,8
42997,Lillemarkus,tarren-mill,960,warlock,destruction,18,10,8
42998,Akumako,stormscale,960,warlock,destruction,18,10,8
42999,Wäisted,ravencrest,960,warlock,destruction,18,10,8
43000,Adoxilock,twisting-nether,960,warlock,destruction,18,10,8
43001,Meepx,nordrassil,960,warlock,destruction,18,10,8
43002,Turdy,sylvanas,960,warlock,destruction,18,10,8
43003,Balding,blackhand,960,warlock,destruction,18,10,8
43004,Mirenli,kazzak,960,warlock,destruction,18,10,8
43005,Trickytée,tarren-mill,960,warlock,destruction,18,10,8
43006,Gödisdëäd,sanguino,960,warlock,destruction,18,10,8
43007,Kyiüû,archimonde,960,warlock,destruction,22,12,10
43008,Flatulenzus,blackrock,960,warlock,destruction,24,10,14
43009,Bailerlock,antonidas,960,warlock,destruction,24,10,14
43010,Boterham,kilrogg,959,warlock,destruction,12,10,2
43011,Cringelord,vashj,959,warlock,destruction,12,10,2
43012,Zízýéró,sylvanas,959,warlock,destruction,12,10,2
43013,Ammilock,aszune,959,warlock,destruction,12,10,2
43014,Lacape,dalaran,959,warlock,destruction,12,10,2
43015,Dotáhoe,twisting-nether,959,warlock,destruction,18,10,8
43016,Kekbólt,twisting-nether,959,warlock,destruction,18,10,8
43017,Shóx,blackmoore,959,warlock,destruction,18,10,8
43018,Alexindorf,silvermoon,959,warlock,destruction,18,10,8
43019,Ayrefik,kazzak,959,warlock,destruction,18,10,8
43020,Adipure,blackrock,959,warlock,destruction,24,10,14
43021,Chaosborn,ravencrest,959,warlock,destruction,24,10,14
43022,Shadaw,kilrogg,958,warlock,destruction,12,10,2
43023,Søulcä,uldum,958,warlock,destruction,12,10,2
43024,Slâyâ,blackrock,958,warlock,destruction,12,10,2
43025,Phît,kilrogg,958,warlock,destruction,18,10,8
43026,Annihilatîon,aegwynn,958,warlock,destruction,18,10,8
43027,Enei,drakthul,958,warlock,destruction,18,10,8
43028,Mootay,drekthar,958,warlock,destruction,18,10,8
43029,Ottu,thrall,958,warlock,destruction,18,10,8
43030,Kenybalajze,the-maelstrom,958,warlock,destruction,18,10,8
43031,Vanmorgoth,nazjatar,958,warlock,destruction,18,10,8
43032,Kwei,nemesis,958,warlock,destruction,18,10,8
43033,Адво,howling-fjord,958,warlock,destruction,18,10,8
43034,Drainurlife,zenedar,958,warlock,destruction,18,10,8
43035,Cryks,blackmoore,958,warlock,destruction,21,11,10
43036,Zorlon,frostmane,957,warlock,destruction,12,10,2
43037,Schmexer,blutkessel,957,warlock,destruction,18,10,8
43038,Baskakov,zuljin,957,warlock,destruction,18,10,8
43039,Baloc,kirin-tor,957,warlock,destruction,18,10,8
43040,Allêgrâ,blackrock,957,warlock,destruction,18,10,8
43041,Zöyarüm,outland,957,warlock,destruction,18,10,8
43042,Kar,haomarush,957,warlock,destruction,24,10,14
43043,Yenex,blackhand,956,warlock,destruction,26,11,15
43044,Лоредо,howling-fjord,956,warlock,destruction,24,10,14
43045,Absurdd,turalyon,955,warlock,destruction,16,11,5
43046,Gigabolt,turalyon,955,warlock,destruction,18,10,8
43047,Гурджес,soulflayer,955,warlock,destruction,18,10,8
43048,Shêrlöck,stormscale,955,warlock,destruction,24,10,14
43049,Thranerm,ravencrest,955,warlock,destruction,24,10,14
43050,Vâgg,blackmoore,955,warlock,destruction,30,10,20
43051,Chlöê,hyjal,954,warlock,destruction,18,10,8
43052,Realshady,kazzak,954,warlock,destruction,18,10,8
43053,Izhi,ragnaros,954,warlock,destruction,21,10,11
43054,Gerart,tarren-mill,953,warlock,destruction,18,10,8
43055,Millhaus,gorgonnash,952,warlock,destruction,18,10,8
43056,Scandalfogel,frostmane,952,warlock,destruction,18,10,8
43057,Arlu,blackrock,952,warlock,destruction,46,23,23
43058,Aftxrlife,arathor,951,warlock,destruction,16,11,5
43059,Arkatraz,blackhand,950,warlock,destruction,18,10,8
43060,Zow,dun-modr,950,warlock,destruction,24,10,14
43061,Drthc,kazzak,949,warlock,destruction,18,10,8
43062,Synnox,blackrock,949,warlock,destruction,24,11,13
43063,Fbomber,ravencrest,948,warlock,destruction,12,10,2
43064,Àtreyù,daggerspine,948,warlock,destruction,46,13,33
43065,Nirây,thrall,945,warlock,destruction,37,10,27
43066,Vraduk,malygos,944,warlock,destruction,20,11,9
43067,Крутизол,fordragon,944,warlock,destruction,25,11,14
43068,Xydar,stormscale,941,warlock,destruction,24,10,14
43069,Artannas,elune,937,warlock,destruction,19,13,6
43070,Äzarel,khaz-modan,933,warlock,destruction,12,10,2
43071,Eisenkiefer,thrall,933,warlock,destruction,71,24,47
43072,Racursed,outland,927,warlock,destruction,16,10,6
43073,Фламмэнх,soulflayer,911,warlock,destruction,23,10,13
43074,Oddchap,magtheridon,910,warlock,destruction,41,16,25
43075,Demowlition,archimonde,908,warlock,destruction,24,10,14
43076,Telaldrah,argent-dawn,906,warlock,destruction,17,10,7
43077,Bèkshà,blackrock,894,warlock,destruction,20,10,10
43078,Buddyparty,blackrock,892,warlock,destruction,14,10,4
43079,Felcollins,sylvanas,892,warlock,destruction,20,10,10
43080,Narkstzhki,kazzak,866,warlock,destruction,20,11,9
43081,Dst,ravencrest,864,warlock,destruction,12,9,3
43082,Веномхх,lich-king,864,warlock,destruction,12,9,3
43083,Tessalizz,aegwynn,864,warlock,destruction,12,9,3
43084,Vamanos,stormscale,864,warlock,destruction,12,9,3
43085,Ahollic,frostwolf,864,warlock,destruction,12,9,3
43086,Peon,blackrock,864,warlock,destruction,12,9,3
43087,Watchmecutt,terenas,864,warlock,destruction,12,9,3
43088,Простшутка,gordunni,864,warlock,destruction,12,9,3
43089,Chàsx,archimonde,864,warlock,destruction,12,9,3
43090,Niiaa,archimonde,864,warlock,destruction,12,9,3
43091,Qwyncess,archimonde,864,warlock,destruction,12,9,3
43092,Lcollector,outland,864,warlock,destruction,12,9,3
43093,Boltmaster,burning-legion,864,warlock,destruction,12,9,3
43094,Trimar,archimonde,864,warlock,destruction,12,9,3
43095,Letmecast,sylvanas,864,warlock,destruction,12,9,3
43096,Reizouka,twisting-nether,864,warlock,destruction,12,9,3
43097,Надсх,soulflayer,864,warlock,destruction,12,9,3
43098,Predlocktwo,twisting-nether,864,warlock,destruction,12,9,3
43099,Elmáestro,aegwynn,864,warlock,destruction,12,9,3
43100,Darkwíngduck,aegwynn,864,warlock,destruction,12,9,3
43101,Aggressivé,twisting-nether,864,warlock,destruction,17,9,8
43102,Gulzot,turalyon,864,warlock,destruction,18,9,9
43103,Joleptem,outland,864,warlock,destruction,18,9,9
43104,Ashh,ravencrest,864,warlock,destruction,18,9,9
43105,Köftemec,blackrock,864,warlock,destruction,18,9,9
43106,Doomwrath,tarren-mill,864,warlock,destruction,18,9,9
43107,Fearfearfear,blackhand,864,warlock,destruction,18,9,9
43108,Stopdaddyplz,ravencrest,864,warlock,destruction,18,9,9
43109,Southylolz,stormscale,864,warlock,destruction,18,9,9
43110,Bionic,eredar,864,warlock,destruction,18,9,9
43111,Darkeds,dun-modr,863,warlock,destruction,12,9,3
43112,Voukserys,tarren-mill,863,warlock,destruction,12,9,3
43113,Mooncrushed,stormscale,863,warlock,destruction,12,9,3
43114,Höglund,twisting-nether,863,warlock,destruction,12,9,3
43115,Elerodril,ysondre,863,warlock,destruction,12,9,3
43116,Elissa,skullcrusher,863,warlock,destruction,12,9,3
43117,Cruckz,nathrezim,863,warlock,destruction,12,9,3
43118,Phicon,silvermoon,863,warlock,destruction,12,9,3
43119,Zelyx,archimonde,863,warlock,destruction,12,9,3
43120,Narzok,kazzak,863,warlock,destruction,12,9,3
43121,Lyconidas,magtheridon,863,warlock,destruction,12,9,3
43122,Bergerac,archimonde,863,warlock,destruction,12,9,3
43123,Kolosh,twisting-nether,863,warlock,destruction,12,9,3
43124,Sneps,azshara,863,warlock,destruction,12,9,3
43125,Pelea,silvermoon,863,warlock,destruction,18,9,9
43126,Dreameater,twilights-hammer,863,warlock,destruction,18,9,9
43127,Burningdemon,kazzak,863,warlock,destruction,18,9,9
43128,Мамкадгара,howling-fjord,863,warlock,destruction,18,9,9
43129,Nobodyknows,outland,863,warlock,destruction,18,9,9
43130,Nazrõth,stormscale,863,warlock,destruction,18,9,9
43131,Andrealphus,outland,863,warlock,destruction,18,9,9
43132,Uezzalock,nemesis,863,warlock,destruction,18,9,9
43133,Stickdüse,eredar,863,warlock,destruction,18,9,9
43134,Getfeared,draenor,863,warlock,destruction,24,9,15
43135,Miltuast,blackrock,862,warlock,destruction,12,9,3
43136,Bíggun,outland,862,warlock,destruction,12,9,3
43137,Krastey,malfurion,862,warlock,destruction,12,9,3
43138,Kirillkaá,blackhand,862,warlock,destruction,12,9,3
43139,Otemlock,sanguino,862,warlock,destruction,18,9,9
43140,Банкапевка,howling-fjord,862,warlock,destruction,18,9,9
43141,Trollgubbe,twilights-hammer,861,warlock,destruction,12,9,3
43142,Zakuri,blackmoore,859,warlock,destruction,18,9,9
43143,Adafbhf,tichondrius,859,warlock,destruction,18,9,9
43144,Soultwist,twisting-nether,858,warlock,destruction,24,9,15
43145,Castingsmth,draenor,855,warlock,destruction,15,11,4
43146,Müdür,burning-legion,854,warlock,destruction,18,9,9
43147,Solomohn,steamwheedle-cartel,853,warlock,destruction,12,9,3
43148,Llilith,bronzebeard,853,warlock,destruction,18,9,9
43149,Kneereap,antonidas,853,warlock,destruction,18,9,9
43150,Рипхард,soulflayer,852,warlock,destruction,21,12,9
43151,Ternisia,draenor,846,warlock,destruction,20,10,10
43152,Tid,burning-legion,830,warlock,destruction,17,9,8
43153,Zengrow,ravencrest,815,warlock,destruction,15,10,5
43154,Indynamo,blackrock,815,warlock,destruction,17,9,8
43155,Shakuroz,frostwolf,815,warlock,destruction,27,10,17
43156,Merloc,magtheridon,801,warlock,destruction,20,10,10
43157,Idleglance,outland,799,warlock,destruction,11,9,2
43158,Slerpmami,ragnaros,799,warlock,destruction,14,10,4
43159,Wuhdun,burning-legion,797,warlock,destruction,23,9,14
43160,Infernion,stormscale,768,warlock,destruction,10,9,1
43161,Nephystø,archimonde,768,warlock,destruction,12,8,4
43162,Dejin,tarren-mill,768,warlock,destruction,12,8,4
43163,Sizexl,silvermoon,768,warlock,destruction,12,8,4
43164,Dmonlock,hyjal,768,warlock,destruction,12,8,4
43165,Trembly,alakir,768,warlock,destruction,12,8,4
43166,Traicklock,eredar,768,warlock,destruction,12,8,4
43167,Cyanur,silvermoon,768,warlock,destruction,12,8,4
43168,Dadylock,silvermoon,768,warlock,destruction,12,8,4
43169,Firecast,kazzak,768,warlock,destruction,12,8,4
43170,Wårlørd,ragnaros,768,warlock,destruction,12,8,4
43171,Nekrofille,outland,768,warlock,destruction,12,8,4
43172,Gambos,kazzak,768,warlock,destruction,12,8,4
43173,Ditàà,archimonde,768,warlock,destruction,12,8,4
43174,Flaming,ravencrest,768,warlock,destruction,12,8,4
43175,Лешабетон,gordunni,768,warlock,destruction,12,8,4
43176,Inagony,twisting-nether,768,warlock,destruction,12,8,4
43177,Psychoduck,stormscale,768,warlock,destruction,12,8,4
43178,Ziigouigouii,archimonde,768,warlock,destruction,12,8,4
43179,Квейдсан,howling-fjord,768,warlock,destruction,12,8,4
43180,Crunel,ragnaros,768,warlock,destruction,12,8,4
43181,Dotbotx,grim-batol,768,warlock,destruction,12,8,4
43182,Thesnakë,ravencrest,768,warlock,destruction,12,8,4
43183,Overbuffed,wildhammer,768,warlock,destruction,12,8,4
43184,Tharaya,ravencrest,768,warlock,destruction,12,8,4
43185,Чернокай,gordunni,768,warlock,destruction,12,8,4
43186,Sniffy,stormreaver,768,warlock,destruction,12,8,4
43187,Boccebelle,pozzo-delleternità,768,warlock,destruction,12,8,4
43188,Nodavé,stormscale,768,warlock,destruction,12,8,4
43189,Aket,kazzak,768,warlock,destruction,12,8,4
43190,Supermaus,blackrock,768,warlock,destruction,12,8,4
43191,Мишастрах,gordunni,768,warlock,destruction,12,8,4
43192,Doublebolt,the-maelstrom,768,warlock,destruction,12,8,4
43193,Detoxa,outland,768,warlock,destruction,12,8,4
43194,Topmidbusta,draenor,768,warlock,destruction,12,8,4
43195,Youngtyrant,blackrock,768,warlock,destruction,12,8,4
43196,Dbwl,kazzak,768,warlock,destruction,12,8,4
43197,Némésiø,archimonde,768,warlock,destruction,12,8,4
43198,Vät,kirin-tor,768,warlock,destruction,12,8,4
43199,Миражлок,gordunni,768,warlock,destruction,12,8,4
43200,Imissbfa,stormscale,768,warlock,destruction,12,8,4
43201,Phobilock,guldan,768,warlock,destruction,12,8,4
43202,Фаердирка,blackscar,768,warlock,destruction,12,8,4
43203,Vezmollo,stormscale,768,warlock,destruction,12,8,4
43204,Mosskok,kazzak,768,warlock,destruction,16,9,7
43205,Вайнпрессх,gordunni,768,warlock,destruction,18,8,10
43206,Xarica,garona,768,warlock,destruction,18,8,10
43207,Odenbest,silvermoon,768,warlock,destruction,18,8,10
43208,Felgød,ravencrest,768,warlock,destruction,18,8,10
43209,Horststenzl,blackrock,768,warlock,destruction,18,8,10
43210,Мегаклещ,soulflayer,768,warlock,destruction,18,8,10
43211,Dirtyjoe,doomhammer,768,warlock,destruction,18,8,10
43212,ßenäfflock,ragnaros,768,warlock,destruction,18,8,10
43213,Melforius,tarren-mill,768,warlock,destruction,18,8,10
43214,Gentoo,xavius,767,warlock,destruction,12,8,4
43215,Palatical,terokkar,767,warlock,destruction,12,8,4
43216,Ромзесхх,howling-fjord,767,warlock,destruction,12,8,4
43217,Яичнаялапша,soulflayer,767,warlock,destruction,12,8,4
43218,Warlockholms,archimonde,767,warlock,destruction,12,8,4
43219,Wushi,aggra-português,767,warlock,destruction,12,8,4
43220,Redroach,doomhammer,767,warlock,destruction,12,8,4
43221,Экспло,ashenvale,767,warlock,destruction,12,8,4
43222,Gimmê,dun-morogh,767,warlock,destruction,12,8,4
43223,Shadowburst,outland,767,warlock,destruction,12,8,4
43224,Nili,dethecus,767,warlock,destruction,12,8,4
43225,Lorelèi,silvermoon,767,warlock,destruction,12,8,4
43226,Chía,thunderhorn,767,warlock,destruction,12,8,4
43227,Goodclass,tarren-mill,767,warlock,destruction,12,8,4
43228,Ragïa,archimonde,767,warlock,destruction,12,8,4
43229,Finlock,kult-der-verdammten,767,warlock,destruction,15,9,6
43230,Cronai,silvermoon,767,warlock,destruction,15,8,7
43231,Kromosonen,ravencrest,767,warlock,destruction,18,8,10
43232,Wichtl,die-ewige-wacht,767,warlock,destruction,18,8,10
43233,Palmangel,draenor,767,warlock,destruction,18,8,10
43234,Chochliko,silvermoon,767,warlock,destruction,18,8,10
43235,Hokmor,blutkessel,767,warlock,destruction,18,8,10
43236,Ebolara,aegwynn,767,warlock,destruction,18,8,10
43237,Rhaelgar,kazzak,767,warlock,destruction,18,8,10
43238,Línkéd,blackmoore,767,warlock,destruction,24,8,16
43239,Donmajor,amanthul,767,warlock,destruction,24,8,16
43240,Келебрах,howling-fjord,766,warlock,destruction,12,8,4
43241,Discordîân,twisting-nether,766,warlock,destruction,12,8,4
43242,Yôi,nemesis,766,warlock,destruction,18,8,10
43243,Backdrip,ragnaros,766,warlock,destruction,18,8,10
43244,Spaså,kazzak,766,warlock,destruction,18,8,10
43245,Jillyãen,hyjal,766,warlock,destruction,18,8,10
43246,Melow,sanguino,766,warlock,destruction,18,8,10
43247,Harrykan,blackrock,765,warlock,destruction,12,8,4
43248,Bravehearrt,burning-legion,765,warlock,destruction,12,8,4
43249,Рисли,deathweaver,765,warlock,destruction,12,8,4
43250,Soldmygranny,kazzak,765,warlock,destruction,15,9,6
43251,Pufulet,sylvanas,765,warlock,destruction,18,8,10
43252,Drestan,twisting-nether,765,warlock,destruction,18,8,10
43253,Дольпико,howling-fjord,764,warlock,destruction,18,8,10
43254,Ezekîél,blackhand,764,warlock,destruction,24,8,16
43255,Luckynòób,ravencrest,764,warlock,destruction,24,8,16
43256,Xfear,blackrock,763,warlock,destruction,12,8,4
43257,Staynecro,malfurion,763,warlock,destruction,18,8,10
43258,Тарналор,gordunni,763,warlock,destruction,18,8,10
43259,Юникна,gordunni,763,warlock,destruction,24,8,16
43260,Bloodyknight,draenor,759,warlock,destruction,12,8,4
43261,Oonz,sylvanas,759,warlock,destruction,24,8,16
43262,Petrosk,sanguino,757,warlock,destruction,18,8,10
43263,Шадофлок,deathweaver,735,warlock,destruction,17,8,9
43264,Shaodul,stormscale,735,warlock,destruction,17,8,9
43265,Xaok,dun-modr,732,warlock,destruction,23,8,15
43266,Salvatoriy,outland,719,warlock,destruction,11,8,3
43267,Кореопсис,azuregos,718,warlock,destruction,11,8,3
43268,Kelek,anachronos,718,warlock,destruction,11,8,3
43269,Mïllâïneeqtx,archimonde,714,warlock,destruction,13,10,3
43270,Ironserious,blackrock,714,warlock,destruction,16,9,7
43271,Warlocklordx,ravencrest,713,warlock,destruction,22,9,13
43272,Amyw,magtheridon,712,warlock,destruction,20,9,11
43273,Джастсак,gordunni,703,warlock,destruction,11,8,3
43274,Rikta,stormscale,703,warlock,destruction,11,8,3
43275,Mogwaï,blackhand,703,warlock,destruction,12,8,4
43276,Bivör,blackmoore,703,warlock,destruction,20,9,11
43277,Kycknosa,archimonde,703,warlock,destruction,20,8,12
43278,Saleus,argent-dawn,701,warlock,destruction,16,8,8
43279,Dotrulez,nemesis,688,warlock,destruction,13,8,5
43280,Lúcìfér,stormscale,672,warlock,destruction,12,7,5
43281,Shiammetrý,kazzak,672,warlock,destruction,12,7,5
43282,Wacastwo,tarren-mill,672,warlock,destruction,12,7,5
43283,Fraky,frostwhisper,672,warlock,destruction,12,7,5
43284,Scud,frostwolf,672,warlock,destruction,12,7,5
43285,Numwiki,draenor,672,warlock,destruction,12,7,5
43286,Smallpee,kazzak,672,warlock,destruction,12,7,5
43287,Sneltjej,draenor,672,warlock,destruction,12,7,5
43288,Kronesx,tarren-mill,672,warlock,destruction,12,7,5
43289,Abdulrahim,archimonde,672,warlock,destruction,12,7,5
43290,Mjuklock,ravencrest,672,warlock,destruction,12,7,5
43291,Матрикспз,soulflayer,672,warlock,destruction,12,7,5
43292,Çüñ,shattered-hand,672,warlock,destruction,12,7,5
43293,Pukemistress,tarren-mill,672,warlock,destruction,12,7,5
43294,Psykøø,shendralar,672,warlock,destruction,12,7,5
43295,Fellord,chants-éternels,672,warlock,destruction,12,7,5
43296,Sötsugen,argent-dawn,672,warlock,destruction,12,7,5
43297,Chapo,alleria,672,warlock,destruction,12,7,5
43298,Filippö,eredar,672,warlock,destruction,12,7,5
43299,Aoeenjoer,tarren-mill,672,warlock,destruction,12,7,5
43300,Vilenia,doomhammer,672,warlock,destruction,12,7,5
43301,Numlockz,jaedenar,672,warlock,destruction,12,7,5
43302,Abuu,ravencrest,672,warlock,destruction,12,7,5
43303,Мэрджис,soulflayer,672,warlock,destruction,12,7,5
43304,Anicetuslol,lightnings-blade,672,warlock,destruction,12,7,5
43305,Kashdrakor,twisting-nether,672,warlock,destruction,12,7,5
43306,Galeriana,twilights-hammer,672,warlock,destruction,12,7,5
43307,Skipperw,blackmoore,672,warlock,destruction,12,7,5
43308,Hellfire,haomarush,672,warlock,destruction,12,7,5
43309,Xjay,malorne,672,warlock,destruction,12,7,5
43310,Midnigthh,sanguino,672,warlock,destruction,12,7,5
43311,Jaleels,kazzak,672,warlock,destruction,12,7,5
43312,Frèija,ravencrest,672,warlock,destruction,12,7,5
43313,Aunsá,archimonde,672,warlock,destruction,12,7,5
43314,Qumbaja,alleria,672,warlock,destruction,12,7,5
43315,Inflicts,frostmane,672,warlock,destruction,12,7,5
43316,Ronniee,moonglade,672,warlock,destruction,12,7,5
43317,Hehexd,steamwheedle-cartel,672,warlock,destruction,12,7,5
43318,Тарои,howling-fjord,672,warlock,destruction,12,7,5
43319,Xoraith,runetotem,672,warlock,destruction,12,7,5
43320,Wspolnax,ravencrest,672,warlock,destruction,12,7,5
43321,Archimitros,blackmoore,672,warlock,destruction,12,7,5
43322,Vixlock,tarren-mill,672,warlock,destruction,15,8,7
43323,Chromagnus,drakthul,672,warlock,destruction,18,7,11
43324,Hædês,antonidas,672,warlock,destruction,18,7,11
43325,Локизло,gordunni,672,warlock,destruction,18,7,11
43326,Britnèyfears,twisting-nether,672,warlock,destruction,18,7,11
43327,Belakh,draenor,672,warlock,destruction,18,7,11
43328,Колмидедди,gordunni,672,warlock,destruction,18,7,11
43329,Milfhaunter,aegwynn,672,warlock,destruction,18,7,11
43330,Mocfernando,ravencrest,672,warlock,destruction,18,7,11
43331,Apokalyps,eldrethalas,672,warlock,destruction,18,7,11
43332,Haccu,ragnaros,672,warlock,destruction,18,7,11
43333,Mewarlock,bronze-dragonflight,672,warlock,destruction,18,7,11
43334,Topmodelx,eredar,672,warlock,destruction,18,7,11
43335,Spikemasterd,doomhammer,672,warlock,destruction,24,7,17
43336,Marripa,sanguino,672,warlock,destruction,24,7,17
43337,Barbyqueue,kazzak,671,warlock,destruction,10,8,2
43338,Baladas,nemesis,671,warlock,destruction,12,7,5
43339,Fandusttwo,drakthul,671,warlock,destruction,12,7,5
43340,Regularbag,ravencrest,671,warlock,destruction,12,7,5
43341,Saadq,draenor,671,warlock,destruction,12,7,5
43342,Postymalony,kazzak,671,warlock,destruction,12,7,5
43343,Trivalis,frostwolf,671,warlock,destruction,12,7,5
43344,Cømps,blackrock,671,warlock,destruction,12,7,5
43345,Fauxshow,ravencrest,671,warlock,destruction,12,7,5
43346,Zillinzy,frostmane,671,warlock,destruction,12,7,5
43347,Zaruman,turalyon,671,warlock,destruction,12,7,5
43348,Mystereo,bloodscalp,671,warlock,destruction,12,7,5
43349,Gyroib,stormscale,671,warlock,destruction,12,7,5
43350,Xlara,argent-dawn,671,warlock,destruction,12,7,5
43351,Proflock,drakthul,671,warlock,destruction,12,7,5
43352,Hampter,blackmoore,671,warlock,destruction,12,7,5
43353,Panicbolt,ravencrest,671,warlock,destruction,12,7,5
43354,Raddock,ysondre,671,warlock,destruction,12,7,5
43355,Hôjâm,twisting-nether,671,warlock,destruction,12,7,5
43356,Afflicted,trollbane,671,warlock,destruction,12,7,5
43357,Boccu,magtheridon,671,warlock,destruction,12,7,5
43358,Ziloc,silvermoon,671,warlock,destruction,18,7,11
43359,Гнумосятина,booty-bay,671,warlock,destruction,18,7,11
43360,Tce,ravencrest,671,warlock,destruction,18,7,11
43361,Cancerdotcom,kazzak,671,warlock,destruction,18,7,11
43362,Margincalled,kazzak,671,warlock,destruction,18,7,11
43363,Kokainas,dun-modr,671,warlock,destruction,18,7,11
43364,Vengidotcom,outland,671,warlock,destruction,18,7,11
43365,Kàiser,sanguino,671,warlock,destruction,23,7,16
43366,Eriken,tarren-mill,671,warlock,destruction,24,7,17
43367,Sîlverdîze,thrall,670,warlock,destruction,12,7,5
43368,Нафлэпил,gordunni,670,warlock,destruction,12,7,5
43369,Qloss,burning-legion,670,warlock,destruction,12,7,5
43370,Зародыш,razuvious,670,warlock,destruction,18,7,11
43371,Sheshii,argent-dawn,669,warlock,destruction,24,7,17
43372,Samigina,argent-dawn,669,warlock,destruction,24,7,17
43373,Mortori,tarren-mill,668,warlock,destruction,12,7,5
43374,Сатаната,deepholm,668,warlock,destruction,12,7,5
43375,Мракодел,deathguard,668,warlock,destruction,18,7,11
43376,Hodille,argent-dawn,668,warlock,destruction,18,7,11
43377,Buzztoon,doomhammer,668,warlock,destruction,24,7,17
43378,Johntrabolta,chogall,667,warlock,destruction,12,7,5
43379,Vladlevad,argent-dawn,667,warlock,destruction,12,7,5
43380,Bësly,khaz-modan,665,warlock,destruction,12,7,5
43381,Avati,sargeras,663,warlock,destruction,18,7,11
43382,Ахпорбес,gordunni,661,warlock,destruction,12,7,5
43383,Destri,blackmoore,660,warlock,destruction,12,7,5
43384,Vinet,burning-legion,657,warlock,destruction,12,7,5
43385,Bowhite,silvermoon,655,warlock,destruction,15,8,7
43386,Kresnyk,kazzak,655,warlock,destruction,17,7,10
43387,Lokelicious,ragnaros,639,warlock,destruction,17,7,10
43388,Brainwashed,the-maelstrom,624,warlock,destruction,21,7,14
43389,Alsseharr,blackhand,623,warlock,destruction,11,7,4
43390,Jamzywarlock,kazzak,623,warlock,destruction,17,7,10
43391,Tydra,die-aldor,618,warlock,destruction,20,8,12
43392,Garimberas,silvermoon,618,warlock,destruction,20,8,12
43393,Érunali,archimonde,607,warlock,destruction,11,7,4
43394,Shadowppl,outland,606,warlock,destruction,20,7,13
43395,Krokator,draenor,605,warlock,destruction,11,7,4
43396,Какойтолок,blackscar,591,warlock,destruction,13,7,6
43397,Esthrella,thrall,584,warlock,destruction,13,7,6
43398,Dotys,sanguino,576,warlock,destruction,6,6,0
43399,Melyagang,hyjal,576,warlock,destruction,6,6,0
43400,Whaii,ravencrest,576,warlock,destruction,6,6,0
43401,Yamadea,stormscale,576,warlock,destruction,6,6,0
43402,Skuvee,archimonde,576,warlock,destruction,6,6,0
43403,Bedep,sanguino,576,warlock,destruction,6,6,0
43404,Xute,ragnaros,576,warlock,destruction,6,6,0
43405,Sulnar,burning-legion,576,warlock,destruction,6,6,0
43406,Popecandy,archimonde,576,warlock,destruction,6,6,0
43407,Happsõr,eredar,576,warlock,destruction,6,6,0
43408,Cafardcancer,archimonde,576,warlock,destruction,6,6,0
43409,Kennyfõx,ysondre,576,warlock,destruction,6,6,0
43410,Solosuperr,ravencrest,576,warlock,destruction,6,6,0
43411,Adellaragg,draenor,576,warlock,destruction,6,6,0
43412,Дуэлистка,soulflayer,576,warlock,destruction,6,6,0
43413,Luwuock,twisting-nether,576,warlock,destruction,6,6,0
43414,Hibachi,twisting-nether,576,warlock,destruction,6,6,0
43415,Zìì,silvermoon,576,warlock,destruction,6,6,0
43416,Greeylock,blackhand,576,warlock,destruction,6,6,0
43417,Kawanoski,kazzak,576,warlock,destruction,6,6,0
43418,Catchlock,tarren-mill,576,warlock,destruction,6,6,0
43419,Toryon,archimonde,576,warlock,destruction,6,6,0
43420,Peacedust,grim-batol,576,warlock,destruction,6,6,0
43421,Ceryss,argent-dawn,576,warlock,destruction,6,6,0
43422,Demonqueens,kazzak,576,warlock,destruction,6,6,0
43423,Sinofbum,stormscale,576,warlock,destruction,6,6,0
43424,Agonymaster,twisting-nether,576,warlock,destruction,6,6,0
43425,Klaier,dun-modr,576,warlock,destruction,9,7,2
43426,Halacska,arathor,576,warlock,destruction,12,6,6
43427,Mosslock,silvermoon,576,warlock,destruction,12,6,6
43428,Ooze,kazzak,576,warlock,destruction,12,6,6
43429,Jasdemonly,stormscale,576,warlock,destruction,12,6,6
43430,Warlockyo,blackrock,576,warlock,destruction,12,6,6
43431,Ezdotggwp,stormscale,576,warlock,destruction,12,6,6
43432,Staudi,eredar,576,warlock,destruction,12,6,6
43433,Депрессыш,gordunni,576,warlock,destruction,12,6,6
43434,Inhúman,kazzak,576,warlock,destruction,12,6,6
43435,Dèv,draenor,576,warlock,destruction,12,6,6
43436,Нежныйафлик,gordunni,576,warlock,destruction,12,6,6
43437,Mortuáry,drakthul,576,warlock,destruction,12,6,6
43438,Sécret,blackmoore,576,warlock,destruction,12,6,6
43439,Kukkojapallo,ravencrest,576,warlock,destruction,12,6,6
43440,Chaudor,archimonde,576,warlock,destruction,12,6,6
43441,Seya,azuremyst,576,warlock,destruction,12,6,6
43442,Herador,draenor,576,warlock,destruction,12,6,6
43443,Slonertw,ragnaros,576,warlock,destruction,12,6,6
43444,Mayden,uldum,576,warlock,destruction,12,6,6
43445,Moardotts,ravencrest,576,warlock,destruction,12,6,6
43446,Cali,ahnqiraj,576,warlock,destruction,12,6,6
43447,Argenus,khazgoroth,576,warlock,destruction,12,6,6
43448,Зюзерг,soulflayer,576,warlock,destruction,12,6,6
43449,Enaio,mannoroth,576,warlock,destruction,12,6,6
43450,Klimsonxd,burning-legion,576,warlock,destruction,12,6,6
43451,Ðiavel,kazzak,576,warlock,destruction,12,6,6
43452,Tøtøf,sargeras,576,warlock,destruction,12,6,6
43453,Felrazer,silvermoon,576,warlock,destruction,12,6,6
43454,Ralyz,archimonde,576,warlock,destruction,12,6,6
43455,Sûdh,sanguino,576,warlock,destruction,12,6,6
43456,Laanik,twisting-nether,576,warlock,destruction,12,6,6
43457,Ilikebolts,blackmoore,576,warlock,destruction,12,6,6
43458,Krebares,draenor,576,warlock,destruction,12,6,6
43459,Chafir,kazzak,576,warlock,destruction,12,6,6
43460,Noobtamer,kazzak,576,warlock,destruction,12,6,6
43461,Ðuß,nemesis,576,warlock,destruction,12,6,6
43462,Issyl,kazzak,576,warlock,destruction,12,6,6
43463,Tropìcal,grim-batol,576,warlock,destruction,12,6,6
43464,Ðåñtåy,ravencrest,576,warlock,destruction,12,6,6
43465,Bountyqt,outland,576,warlock,destruction,12,6,6
43466,Drainforlife,blackrock,576,warlock,destruction,12,6,6
43467,Zartax,kazzak,576,warlock,destruction,12,6,6
43468,Embercurse,ravencrest,576,warlock,destruction,12,6,6
43469,Súícìdèbøy,colinas-pardas,576,warlock,destruction,12,6,6
43470,Forgepower,ghostlands,576,warlock,destruction,12,6,6
43471,Liwerno,dunemaul,576,warlock,destruction,12,6,6
43472,Edgyrpname,argent-dawn,576,warlock,destruction,12,6,6
43473,Chaostrain,sylvanas,576,warlock,destruction,12,6,6
43474,Silenozz,ragnaros,576,warlock,destruction,12,6,6
43475,Koramu,blackrock,576,warlock,destruction,12,6,6
43476,Goosebumps,aggramar,576,warlock,destruction,12,6,6
43477,Hajslaktarn,twisting-nether,576,warlock,destruction,12,6,6
43478,Diabolics,twisting-nether,576,warlock,destruction,12,6,6
43479,Dmnw,antonidas,576,warlock,destruction,12,6,6
43480,Dotacy,kazzak,576,warlock,destruction,12,6,6
43481,Mothor,blackrock,576,warlock,destruction,12,6,6
43482,Jjejo,ragnaros,576,warlock,destruction,12,6,6
43483,Boltyboi,chamber-of-aspects,576,warlock,destruction,12,6,6
43484,Gatewatcher,argent-dawn,576,warlock,destruction,12,6,6
43485,Спанчгэри,soulflayer,576,warlock,destruction,15,7,8
43486,Телкадрейнх,gordunni,576,warlock,destruction,15,7,8
43487,Klasikas,kazzak,576,warlock,destruction,16,7,9
43488,Shreedlock,blackmoore,576,warlock,destruction,18,6,12
43489,Zerx,malganis,576,warlock,destruction,18,6,12
43490,Azmondan,ahnqiraj,576,warlock,destruction,18,6,12
43491,Kriemias,malygos,576,warlock,destruction,18,6,12
43492,Alexcurse,draenor,576,warlock,destruction,18,6,12
43493,Icq,ravencrest,576,warlock,destruction,18,6,12
43494,Tartaros,bronzebeard,576,warlock,destruction,18,6,12
43495,Naitix,argent-dawn,576,warlock,destruction,18,6,12
43496,Шелруа,howling-fjord,575,warlock,destruction,10,7,3
43497,Lisànna,nemesis,575,warlock,destruction,12,6,6
43498,Dottad,silvermoon,575,warlock,destruction,12,6,6
43499,Rhaznor,frostwolf,575,warlock,destruction,12,6,6
43500,Дракшара,soulflayer,575,warlock,destruction,12,6,6
43501,Brarvile,zuljin,575,warlock,destruction,12,6,6
43502,Swagzz,silvermoon,575,warlock,destruction,12,6,6
43503,Zevil,emerald-dream,575,warlock,destruction,12,6,6
43504,Sweetfire,ragnaros,575,warlock,destruction,12,6,6
43505,Warlockzor,auchindoun,575,warlock,destruction,12,6,6
43506,Baalthazar,jaedenar,575,warlock,destruction,12,6,6
43507,Евнухоидизм,gordunni,575,warlock,destruction,18,6,12
43508,Klone,die-todeskrallen,575,warlock,destruction,18,6,12
43509,Ramurox,rexxar,575,warlock,destruction,18,6,12
43510,Nemssy,dun-modr,575,warlock,destruction,18,6,12
43511,Mÿxin,blackhand,575,warlock,destruction,18,6,12
43512,Puiia,draenor,574,warlock,destruction,12,6,6
43513,Ванфирмен,gordunni,574,warlock,destruction,12,6,6
43514,Валак,greymane,574,warlock,destruction,15,7,8
43515,Happysrme,thrall,573,warlock,destruction,30,6,24
43516,Taxalias,draenor,572,warlock,destruction,12,6,6
43517,Sitosa,todeswache,572,warlock,destruction,12,6,6
43518,Олимта,blackscar,558,warlock,destruction,23,6,17
43519,Hasábqtja,ragnaros,543,warlock,destruction,11,6,5
43520,Srbritoboy,burning-legion,540,warlock,destruction,11,6,5
43521,Rozn,ravencrest,527,warlock,destruction,11,6,5
43522,Pouletmicuie,archimonde,527,warlock,destruction,11,6,5
43523,Стафилокок,deepholm,527,warlock,destruction,11,6,5
43524,Tarhatar,tarren-mill,527,warlock,destruction,11,6,5
43525,Yasa,khaz-modan,526,warlock,destruction,23,6,17
43526,Брузир,gordunni,522,warlock,destruction,15,7,8
43527,Тива,lich-king,522,warlock,destruction,21,7,14
43528,Llilithh,draenor,511,warlock,destruction,10,6,4
43529,Baxiaz,kazzak,511,warlock,destruction,11,6,5
43530,Diddia,malganis,511,warlock,destruction,11,6,5
43531,Wanhëda,tarren-mill,511,warlock,destruction,11,6,5
43532,Evilhippie,kazzak,511,warlock,destruction,11,6,5
43533,Noskillclass,stormscale,511,warlock,destruction,14,6,8
43534,Watchlock,burning-legion,488,warlock,destruction,13,6,7
43535,Shoøt,dalaran,480,warlock,destruction,6,5,1
43536,Ампе,blackscar,480,warlock,destruction,6,5,1
43537,Doomdog,hyjal,480,warlock,destruction,6,5,1
43538,Cängrë,dun-modr,480,warlock,destruction,6,5,1
43539,Андаинг,soulflayer,480,warlock,destruction,6,5,1
43540,ßualock,sylvanas,480,warlock,destruction,6,5,1
43541,Aritrosyo,ravencrest,480,warlock,destruction,6,5,1
43542,Altfdrölf,blackhand,480,warlock,destruction,6,5,1
43543,Xtasyslock,archimonde,480,warlock,destruction,6,5,1
43544,Náwwk,blackmoore,480,warlock,destruction,6,5,1
43545,Debex,ravencrest,480,warlock,destruction,6,5,1
43546,Demonmilf,ysondre,480,warlock,destruction,6,5,1
43547,Destrodmitri,blackmoore,480,warlock,destruction,6,5,1
43548,Dogbolt,stormscale,480,warlock,destruction,6,5,1
43549,Benafflock,veknilash,480,warlock,destruction,6,5,1
43550,Хэлласс,blackscar,480,warlock,destruction,6,5,1
43551,Lísbeth,sylvanas,480,warlock,destruction,6,5,1
43552,Châmp,stormscale,480,warlock,destruction,6,5,1
43553,Tarilinwelli,les-sentinelles,480,warlock,destruction,6,5,1
43554,Höfmänn,grim-batol,480,warlock,destruction,6,5,1
43555,Dreggsow,blackmoore,480,warlock,destruction,6,5,1
43556,Jûnkz,ysondre,480,warlock,destruction,6,5,1
43557,Precogdiet,draenor,480,warlock,destruction,6,5,1
43558,Файрусх,soulflayer,480,warlock,destruction,6,5,1
43559,Журанайсбой,blackscar,480,warlock,destruction,6,5,1
43560,Bánánbánd,draenor,480,warlock,destruction,6,5,1
43561,Kaakmasta,der-abyssische-rat,480,warlock,destruction,6,5,1
43562,Wÿvërnn,archimonde,480,warlock,destruction,6,5,1
43563,Djolagourde,archimonde,480,warlock,destruction,6,5,1
43564,Møärdötd,aggra-português,480,warlock,destruction,6,5,1
43565,Xeró,quelthalas,480,warlock,destruction,6,5,1
43566,Failtráin,blackhand,480,warlock,destruction,6,5,1
43567,Mellown,blackrock,480,warlock,destruction,6,5,1
43568,Ashid,chamber-of-aspects,480,warlock,destruction,6,5,1
43569,Verminosiss,stormscale,480,warlock,destruction,6,5,1
43570,Sep,aegwynn,480,warlock,destruction,6,5,1
43571,Vyku,burning-legion,480,warlock,destruction,6,5,1
43572,Zurael,mannoroth,480,warlock,destruction,6,5,1
43573,Lyndi,nerathor,480,warlock,destruction,6,5,1
43574,Sâlty,stormscale,480,warlock,destruction,6,5,1
43575,Sénsemann,madmortem,480,warlock,destruction,6,5,1
43576,Kirtaçh,dun-modr,480,warlock,destruction,6,5,1
43577,Fearpuss,dun-modr,480,warlock,destruction,6,5,1
43578,Buffdemolock,executus,480,warlock,destruction,6,5,1
43579,Lilbolty,outland,480,warlock,destruction,6,5,1
43580,Måracujå,kazzak,480,warlock,destruction,6,5,1
43581,Mazuto,outland,480,warlock,destruction,6,5,1
43582,Garbrandt,tarren-mill,480,warlock,destruction,6,5,1
43583,Веберх,howling-fjord,480,warlock,destruction,6,5,1
43584,Bufflockspls,outland,480,warlock,destruction,6,5,1
43585,Sumstone,kazzak,480,warlock,destruction,6,5,1
43586,Djløckgødx,ravencrest,480,warlock,destruction,6,5,1
43587,Asreaël,uldum,480,warlock,destruction,6,5,1
43588,Hotdogvendor,kazzak,480,warlock,destruction,6,5,1
43589,Avadakèdavra,kazzak,480,warlock,destruction,6,5,1
43590,Lazytown,silvermoon,480,warlock,destruction,6,5,1
43591,Селфдестракт,howling-fjord,480,warlock,destruction,6,5,1
43592,Sgaitxd,ravencrest,480,warlock,destruction,6,5,1
43593,Drexo,drakthul,480,warlock,destruction,6,5,1
43594,Beltazhor,kazzak,480,warlock,destruction,6,5,1
43595,Yzzie,drakthul,480,warlock,destruction,6,5,1
43596,Sgait,ravencrest,480,warlock,destruction,6,5,1
43597,Sizezero,tarren-mill,480,warlock,destruction,6,5,1
43598,Levinbrz,ravencrest,480,warlock,destruction,6,5,1
43599,Gødprotøtýpe,ragnaros,480,warlock,destruction,16,7,9
43600,Sokyra,tarren-mill,480,warlock,destruction,12,5,7
43601,Asper,ragnaros,480,warlock,destruction,12,5,7
43602,Zlok,silvermoon,480,warlock,destruction,12,5,7
43603,Danzil,silvermoon,480,warlock,destruction,12,5,7
43604,Branduir,ragnaros,480,warlock,destruction,12,5,7
43605,Kimwexler,ravencrest,480,warlock,destruction,12,5,7
43606,Quentex,antonidas,480,warlock,destruction,12,5,7
43607,Bricktot,ragnaros,480,warlock,destruction,12,5,7
43608,Fidlesticks,ragnaros,480,warlock,destruction,12,5,7
43609,Smadrekas,ravencrest,480,warlock,destruction,12,5,7
43610,Кайдзуки,howling-fjord,480,warlock,destruction,12,5,7
43611,Claralock,silvermoon,480,warlock,destruction,12,5,7
43612,Pliagaa,drakthul,480,warlock,destruction,12,5,7
43613,Helgorak,ragnaros,480,warlock,destruction,12,5,7
43614,Snoreghast,tarren-mill,480,warlock,destruction,12,5,7
43615,Axapnon,ragnaros,480,warlock,destruction,12,5,7
43616,Yeluna,alleria,480,warlock,destruction,12,5,7
43617,Nefalya,hyjal,480,warlock,destruction,12,5,7
43618,Zerozwolf,tarren-mill,480,warlock,destruction,12,5,7
43619,Cerberus,anetheron,480,warlock,destruction,12,5,7
43620,Tiwtera,draenor,480,warlock,destruction,12,5,7
43621,Pewmlock,antonidas,480,warlock,destruction,12,5,7
43622,Hexdoc,alakir,480,warlock,destruction,12,5,7
43623,Rikudoua,malfurion,480,warlock,destruction,12,5,7
43624,Infïnitýx,silvermoon,480,warlock,destruction,12,5,7
43625,Cursè,stormscale,480,warlock,destruction,12,5,7
43626,Ratnu,ragnaros,480,warlock,destruction,12,5,7
43627,Wormies,doomhammer,480,warlock,destruction,12,5,7
43628,Vitrolizz,twilights-hammer,480,warlock,destruction,12,5,7
43629,Corruptcoil,argent-dawn,480,warlock,destruction,12,5,7
43630,Динодотз,howling-fjord,480,warlock,destruction,12,5,7
43631,Käristäjä,outland,480,warlock,destruction,12,5,7
43632,Bajsibyx,tarren-mill,480,warlock,destruction,12,5,7
43633,Шекигами,gordunni,480,warlock,destruction,12,5,7
43634,Shadowscurse,sylvanas,480,warlock,destruction,12,5,7
43635,Skali,stormrage,480,warlock,destruction,12,5,7
43636,Жижакабра,soulflayer,480,warlock,destruction,12,5,7
43637,Zêngâ,kazzak,480,warlock,destruction,12,5,7
43638,Toutseul,eitrigg,480,warlock,destruction,12,5,7
43639,Voodooskull,kazzak,480,warlock,destruction,12,5,7
43640,Southyx,stormscale,480,warlock,destruction,12,5,7
43641,Стоишьвфире,gordunni,480,warlock,destruction,12,5,7
43642,Icony,blackhand,480,warlock,destruction,12,5,7
43643,Boohyakka,tarren-mill,480,warlock,destruction,12,5,7
43644,Braegnok,ravencrest,480,warlock,destruction,12,5,7
43645,Zeanort,zuljin,480,warlock,destruction,12,5,7
43646,Yokûjin,twisting-nether,480,warlock,destruction,12,5,7
43647,Fluxlight,frostmourne,480,warlock,destruction,12,5,7
43648,Arthesia,archimonde,480,warlock,destruction,12,5,7
43649,Lockned,outland,480,warlock,destruction,18,5,13
43650,Maledictio,blackrock,480,warlock,destruction,18,5,13
43651,Infectius,kazzak,480,warlock,destruction,18,5,13
43652,Sindown,the-maelstrom,480,warlock,destruction,18,5,13
43653,Darkremorsez,alakir,480,warlock,destruction,18,5,13
43654,Fujiitøra,ysondre,479,warlock,destruction,9,5,4
43655,Сенсация,ashenvale,479,warlock,destruction,12,5,7
43656,Sehere,ragnaros,479,warlock,destruction,12,5,7
43657,Heximexi,malganis,479,warlock,destruction,12,5,7
43658,Archélion,silvermoon,479,warlock,destruction,12,5,7
43659,Rumpelelse,blackrock,479,warlock,destruction,12,5,7
43660,Kokonix,defias-brotherhood,479,warlock,destruction,12,5,7
43661,Bope,the-maelstrom,479,warlock,destruction,18,5,13
43662,Intina,dragonblight,479,warlock,destruction,18,5,13
43663,Слававдвх,blackscar,478,warlock,destruction,6,5,1
43664,Лавамес,eversong,478,warlock,destruction,10,6,4
43665,Soulsdeads,sylvanas,478,warlock,destruction,12,5,7
43666,Helikopter,shattered-hand,463,warlock,destruction,12,6,6
43667,Góblér,blackrock,463,warlock,destruction,11,5,6
43668,Снчч,soulflayer,463,warlock,destruction,11,5,6
43669,Silkgates,kazzak,463,warlock,destruction,17,5,12
43670,Favris,antonidas,447,warlock,destruction,11,5,6
43671,Hahahahah,draenor,447,warlock,destruction,11,5,6
43672,Winterx,argent-dawn,447,warlock,destruction,11,5,6
43673,Даркинсоул,soulflayer,432,warlock,destruction,9,6,3
43674,Силксонг,soulflayer,431,warlock,destruction,11,5,6
43675,Chornota,ravencrest,431,warlock,destruction,17,5,12
43676,Cooldowns,ravencrest,424,warlock,destruction,19,7,12
43677,Hønneyjckk,hyjal,415,warlock,destruction,8,5,3
43678,Blâckmagíc,thrall,414,warlock,destruction,10,5,5
43679,Charmine,tarren-mill,400,warlock,destruction,7,5,2
43680,Fearylia,aegwynn,393,warlock,destruction,11,8,3
43681,Warchilly,twisting-nether,384,warlock,destruction,6,4,2
43682,Hirasawa,archimonde,384,warlock,destruction,6,4,2
43683,Hydrochloric,emerald-dream,384,warlock,destruction,6,4,2
43684,Skâald,senjin,384,warlock,destruction,6,4,2
43685,Mikthelock,nemesis,384,warlock,destruction,6,4,2
43686,Gemja,onyxia,384,warlock,destruction,6,4,2
43687,Vae,doomhammer,384,warlock,destruction,6,4,2
43688,Aldiac,aegwynn,384,warlock,destruction,6,4,2
43689,Cadrega,nemesis,384,warlock,destruction,6,4,2
43690,Nhéon,archimonde,384,warlock,destruction,6,4,2
43691,Onyw,onyxia,384,warlock,destruction,6,4,2
43692,Auchaos,argent-dawn,384,warlock,destruction,6,4,2
43693,Avoidsun,kazzak,384,warlock,destruction,6,4,2
43694,Steelock,kazzak,384,warlock,destruction,6,4,2
43695,Egiriefo,twisting-nether,384,warlock,destruction,6,4,2
43696,Flayør,ravencrest,384,warlock,destruction,6,4,2
43697,Kankbae,stormscale,384,warlock,destruction,6,4,2
43698,Nechli,malganis,384,warlock,destruction,6,4,2
43699,Cokkà,dalaran,384,warlock,destruction,6,4,2
43700,Spacecarry,archimonde,384,warlock,destruction,6,4,2
43701,Grixius,argent-dawn,384,warlock,destruction,6,4,2
43702,Nãshor,kazzak,384,warlock,destruction,6,4,2
43703,Azaïdun,khaz-modan,384,warlock,destruction,6,4,2
43704,Voídzero,hyjal,384,warlock,destruction,6,4,2
43705,Notloveless,stormscale,384,warlock,destruction,6,4,2
43706,Ilovethena,hyjal,384,warlock,destruction,6,4,2
43707,Jägerlock,draenor,384,warlock,destruction,6,4,2
43708,Cräwley,ragnaros,384,warlock,destruction,6,4,2
43709,Harrydóttár,draenor,384,warlock,destruction,6,4,2
43710,Raddikal,archimonde,384,warlock,destruction,6,4,2
43711,Монтадон,howling-fjord,384,warlock,destruction,6,4,2
43712,Destroylol,draenor,384,warlock,destruction,6,4,2
43713,Пчелокнижник,howling-fjord,384,warlock,destruction,6,4,2
43714,Pantry,tarren-mill,384,warlock,destruction,6,4,2
43715,Deathmahed,kazzak,384,warlock,destruction,6,4,2
43716,Unfeared,blackhand,384,warlock,destruction,6,4,2
43717,Zéik,archimonde,384,warlock,destruction,6,4,2
43718,Darkwìngduck,ravencrest,384,warlock,destruction,6,4,2
43719,Rayfears,draenor,384,warlock,destruction,6,4,2
43720,Ðênnis,tarren-mill,384,warlock,destruction,6,4,2
43721,Déemón,draenor,384,warlock,destruction,6,4,2
43722,Boltsofdoom,kazzak,384,warlock,destruction,6,4,2
43723,Sunlicht,kazzak,384,warlock,destruction,6,4,2
43724,Darklobos,aggra-português,384,warlock,destruction,6,4,2
43725,Drerlord,tarren-mill,384,warlock,destruction,6,4,2
43726,Ez,frostmane,384,warlock,destruction,6,4,2
43727,Nürgle,stormscale,384,warlock,destruction,6,4,2
43728,Suicidekings,draenor,384,warlock,destruction,6,4,2
43729,Highimhi,kazzak,384,warlock,destruction,6,4,2
43730,Vêzor,twisting-nether,384,warlock,destruction,6,4,2
43731,Uqrlock,twisting-nether,384,warlock,destruction,6,4,2
43732,Scallington,shattered-hand,384,warlock,destruction,6,4,2
43733,Критокнижник,lich-king,384,warlock,destruction,6,4,2
43734,Blyskawicar,silvermoon,384,warlock,destruction,6,4,2
43735,Smithlock,blackrock,384,warlock,destruction,6,4,2
43736,Cursier,blackmoore,384,warlock,destruction,6,4,2
43737,Ahylleslook,antonidas,384,warlock,destruction,6,4,2
43738,Siyaa,eredar,384,warlock,destruction,6,4,2
43739,Disrupted,blackmoore,384,warlock,destruction,6,4,2
43740,Yifu,ravencrest,384,warlock,destruction,6,4,2
43741,Schluépfêr,blackrock,384,warlock,destruction,6,4,2
43742,Xenastro,silvermoon,384,warlock,destruction,6,4,2
43743,Babakrake,alleria,384,warlock,destruction,6,4,2
43744,Azae,outland,384,warlock,destruction,6,4,2
43745,Dotritos,tarren-mill,384,warlock,destruction,6,4,2
43746,Taon,ravencrest,384,warlock,destruction,6,4,2
43747,Døxz,blackrock,384,warlock,destruction,6,4,2
43748,Трудзастафф,gordunni,384,warlock,destruction,6,4,2
43749,Mcdotnálds,thrall,384,warlock,destruction,6,4,2
43750,Gangleader,ravencrest,384,warlock,destruction,6,4,2
43751,Projectlock,draenor,384,warlock,destruction,6,4,2
43752,Воттоваара,azuregos,384,warlock,destruction,6,4,2
43753,Царьдарк,soulflayer,384,warlock,destruction,6,4,2
43754,Drshegs,darkspear,384,warlock,destruction,6,4,2
43755,Äri,blackmoore,384,warlock,destruction,6,4,2
43756,Droguri,darkspear,384,warlock,destruction,6,4,2
43757,Sïlïthuss,ravencrest,384,warlock,destruction,6,4,2
43758,Anyfears,outland,384,warlock,destruction,6,4,2
43759,Kärme,archimonde,384,warlock,destruction,6,4,2
43760,Анрали,soulflayer,384,warlock,destruction,6,4,2
43761,Traickolock,antonidas,384,warlock,destruction,6,4,2
43762,Wizdoom,outland,384,warlock,destruction,6,4,2
43763,Dübêl,gorgonnash,384,warlock,destruction,6,4,2
43764,Zzooxxie,silvermoon,384,warlock,destruction,6,4,2
43765,Nosferatia,kult-der-verdammten,384,warlock,destruction,6,4,2
43766,Hiloqtlock,blackmoore,384,warlock,destruction,6,4,2
43767,Dashirø,drakthul,384,warlock,destruction,6,4,2
43768,Shaarak,blackrock,384,warlock,destruction,6,4,2
43769,Feyreah,blackmoore,384,warlock,destruction,6,4,2
43770,Xskyrov,blackmoore,384,warlock,destruction,6,4,2
43771,Apeliction,eredar,384,warlock,destruction,6,4,2
43772,Zilthon,dragonblight,384,warlock,destruction,6,4,2
43773,Born,ravencrest,384,warlock,destruction,6,4,2
43774,Шархилол,gordunni,384,warlock,destruction,6,4,2
43775,Fearlólz,stormscale,384,warlock,destruction,6,4,2
43776,Rikkai,anubarak,384,warlock,destruction,6,4,2
43777,Iulu,sylvanas,384,warlock,destruction,6,4,2
43778,Purplemonkey,burning-blade,384,warlock,destruction,6,4,2
43779,Rngmåchinêx,ravencrest,384,warlock,destruction,6,4,2
43780,Shreklock,burning-blade,384,warlock,destruction,6,4,2
43781,Nilsa,eredar,384,warlock,destruction,6,4,2
43782,Кичи,gordunni,384,warlock,destruction,6,4,2
43783,Рыжевласочка,eversong,384,warlock,destruction,9,5,4
43784,Mèsmerize,tarren-mill,384,warlock,destruction,9,5,4
43785,Omnípotens,silvermoon,384,warlock,destruction,12,6,6
43786,Kaobolt,archimonde,384,warlock,destruction,12,4,8
43787,Novkan,eredar,384,warlock,destruction,12,4,8
43788,Chäös,outland,384,warlock,destruction,12,4,8
43789,Harrydotterx,alakir,384,warlock,destruction,12,4,8
43790,Nicetime,nefarian,384,warlock,destruction,12,4,8
43791,Händerå,ragnaros,384,warlock,destruction,12,4,8
43792,Ieatfel,archimonde,384,warlock,destruction,12,4,8
43793,Lonestar,sanguino,384,warlock,destruction,12,4,8
43794,Impvader,argent-dawn,384,warlock,destruction,12,4,8
43795,Tekron,blackhand,384,warlock,destruction,12,4,8
43796,Roedin,tarren-mill,384,warlock,destruction,12,4,8
43797,Lilkit,kazzak,384,warlock,destruction,12,4,8
43798,Tentigo,blackmoore,384,warlock,destruction,12,4,8
43799,Бешентумай,goldrinn,384,warlock,destruction,12,4,8
43800,Уфц,grom,384,warlock,destruction,12,4,8
43801,Hòbó,outland,384,warlock,destruction,12,4,8
43802,Мазаффак,gordunni,384,warlock,destruction,12,4,8
43803,Legiozock,draenor,384,warlock,destruction,12,4,8
43804,Oimera,frostwolf,384,warlock,destruction,12,4,8
43805,Cirihexer,area-52,384,warlock,destruction,12,4,8
43806,Vsmna,ragnaros,384,warlock,destruction,12,4,8
43807,Muninnus,archimonde,384,warlock,destruction,12,4,8
43808,Vanskor,argent-dawn,384,warlock,destruction,12,4,8
43809,Thinio,argent-dawn,384,warlock,destruction,12,4,8
43810,Closetlock,the-maelstrom,384,warlock,destruction,12,4,8
43811,Стокыч,soulflayer,384,warlock,destruction,12,4,8
43812,Lucifa,arthas,384,warlock,destruction,12,4,8
43813,Vextalock,drakthul,384,warlock,destruction,12,4,8
43814,Atúm,auchindoun,384,warlock,destruction,12,4,8
43815,Sellinia,culte-de-la-rive-noire,384,warlock,destruction,12,4,8
43816,Yandihimir,silvermoon,384,warlock,destruction,12,4,8
43817,Demoncius,dun-modr,384,warlock,destruction,12,4,8
43818,Лоллиторпеда,gordunni,384,warlock,destruction,12,4,8
43819,Hheavens,ragnaros,384,warlock,destruction,12,4,8
43820,Ksenìa,khaz-modan,384,warlock,destruction,12,4,8
43821,Gacknur,zuljin,384,warlock,destruction,12,4,8
43822,Thigh,burning-legion,384,warlock,destruction,12,4,8
43823,Wajiggity,ravencrest,384,warlock,destruction,12,4,8
43824,Lockpup,draenor,384,warlock,destruction,12,4,8
43825,Nahamma,tarren-mill,384,warlock,destruction,12,4,8
43826,Mustalol,outland,384,warlock,destruction,12,4,8
43827,Darkmaw,drakthul,384,warlock,destruction,12,4,8
43828,Shadowflare,blackmoore,384,warlock,destruction,12,4,8
43829,Bankley,khaz-modan,384,warlock,destruction,12,4,8
43830,Waryald,dun-modr,384,warlock,destruction,12,4,8
43831,Rhss,stormscale,384,warlock,destruction,12,4,8
43832,Tiitz,blackmoore,384,warlock,destruction,12,4,8
43833,Чиззихаос,soulflayer,384,warlock,destruction,12,4,8
43834,Axy,dun-modr,384,warlock,destruction,12,4,8
43835,Мглавечная,soulflayer,384,warlock,destruction,18,4,14
43836,Nazmordith,argent-dawn,384,warlock,destruction,18,4,14
43837,Pederlock,defias-brotherhood,384,warlock,destruction,18,4,14
43838,Hurn,thunderhorn,383,warlock,destruction,6,4,2
43839,Pff,emeriss,383,warlock,destruction,6,4,2
43840,Okulus,quelthalas,383,warlock,destruction,6,4,2
43841,Janneraut,terokkar,383,warlock,destruction,6,4,2
43842,Dotcha,ravencrest,383,warlock,destruction,6,4,2
43843,Angrynoob,silvermoon,383,warlock,destruction,6,4,2
43844,Injecter,stormscale,383,warlock,destruction,6,4,2
43845,Подликерная,howling-fjord,383,warlock,destruction,6,4,2
43846,Boltgodx,blackrock,383,warlock,destruction,12,4,8
43847,Dathos,ragnaros,383,warlock,destruction,12,4,8
43848,Мааверш,soulflayer,383,warlock,destruction,12,4,8
43849,Olympos,draenor,383,warlock,destruction,12,4,8
43850,Lomis,wrathbringer,383,warlock,destruction,12,4,8
43851,Lagoren,draenor,383,warlock,destruction,12,4,8
43852,Pidka,drakthul,382,warlock,destruction,6,4,2
43853,Сатари,blackscar,378,warlock,destruction,20,9,11
43854,Britneyfear,aegwynn,351,warlock,destruction,8,5,3
43855,Рейнджр,eversong,330,warlock,destruction,15,6,9
43856,Lockpz,sylvanas,330,warlock,destruction,18,5,13
43857,Gomezz,dalaran,320,warlock,destruction,10,4,6
43858,Лвнг,gordunni,320,warlock,destruction,10,4,6
43859,Malganas,sylvanas,320,warlock,destruction,16,4,12
43860,Würrzag,kazzak,319,warlock,destruction,5,4,1
43861,Chev,nemesis,319,warlock,destruction,5,4,1
43862,Sapheâ,burning-legion,319,warlock,destruction,5,4,1
43863,Grolder,terokkar,319,warlock,destruction,8,4,4
43864,Líok,eredar,319,warlock,destruction,11,4,7
43865,Bestwarlock,ravencrest,288,warlock,destruction,6,3,3
43866,Kuntdotz,draenor,288,warlock,destruction,6,3,3
43867,Ruinovino,outland,288,warlock,destruction,6,3,3
43868,Ghosthound,stormscale,288,warlock,destruction,6,3,3
43869,Jörd,ravencrest,288,warlock,destruction,6,3,3
43870,Fazol,terokkar,288,warlock,destruction,6,3,3
43871,Hairylock,outland,288,warlock,destruction,6,3,3
43872,Sateerik,draenor,288,warlock,destruction,6,3,3
43873,Lockskalle,tarren-mill,288,warlock,destruction,6,3,3
43874,Zakazal,argent-dawn,288,warlock,destruction,6,3,3
43875,Feardotfive,frostwolf,288,warlock,destruction,6,3,3
43876,Винстролман,blackscar,288,warlock,destruction,6,3,3
43877,Blazed,dentarg,288,warlock,destruction,6,3,3
43878,Maevex,stormscale,288,warlock,destruction,6,3,3
43879,Marakh,stormscale,288,warlock,destruction,6,3,3
43880,Numidia,tarren-mill,288,warlock,destruction,6,3,3
43881,Ascètic,kazzak,288,warlock,destruction,6,3,3
43882,Nightìngale,silvermoon,288,warlock,destruction,6,3,3
43883,Yippz,kazzak,288,warlock,destruction,6,3,3
43884,Nutopia,stormreaver,288,warlock,destruction,6,3,3
43885,Amdownbad,kazzak,288,warlock,destruction,6,3,3
43886,Nargøf,outland,288,warlock,destruction,6,3,3
43887,Гвадривер,howling-fjord,288,warlock,destruction,6,3,3
43888,Fearbót,kazzak,288,warlock,destruction,6,3,3
43889,Shayexen,tarren-mill,288,warlock,destruction,6,3,3
43890,Halaïa,outland,288,warlock,destruction,6,3,3
43891,Lokdok,draenor,288,warlock,destruction,6,3,3
43892,Darkspiros,tarren-mill,288,warlock,destruction,6,3,3
43893,Lamboo,tarren-mill,288,warlock,destruction,6,3,3
43894,Huaian,darksorrow,288,warlock,destruction,6,3,3
43895,Neveah,festung-der-stürme,288,warlock,destruction,6,3,3
43896,Hiroyukí,frostmane,288,warlock,destruction,6,3,3
43897,Zzooxx,silvermoon,288,warlock,destruction,6,3,3
43898,Frankieboi,drakthul,288,warlock,destruction,6,3,3
43899,Hammern,haomarush,288,warlock,destruction,6,3,3
43900,Chedipes,stormscale,288,warlock,destruction,6,3,3
43901,Deamheòlas,ravencrest,288,warlock,destruction,6,3,3
43902,Fearylicious,burning-legion,288,warlock,destruction,6,3,3
43903,Unkid,tarren-mill,288,warlock,destruction,6,3,3
43904,Biancalawson,argent-dawn,288,warlock,destruction,6,3,3
43905,Phántom,frostmane,288,warlock,destruction,6,3,3
43906,Hasselbalch,azshara,288,warlock,destruction,6,3,3
43907,Huaraches,stormscale,288,warlock,destruction,6,3,3
43908,Mightnáré,tarren-mill,288,warlock,destruction,6,3,3
43909,Besthun,drakthul,288,warlock,destruction,6,3,3
43910,Adreal,burning-legion,288,warlock,destruction,6,3,3
43911,Elmîr,blackmoore,288,warlock,destruction,6,3,3
43912,Stankaemayne,blackhand,288,warlock,destruction,6,3,3
43913,Tibzx,stormscale,288,warlock,destruction,6,3,3
43914,Tschiko,blackrock,288,warlock,destruction,6,3,3
43915,Dement,sanguino,288,warlock,destruction,6,3,3
43916,Anniemoon,silvermoon,288,warlock,destruction,6,3,3
43917,Poulebar,ysondre,288,warlock,destruction,6,3,3
43918,Zozano,draenor,288,warlock,destruction,6,3,3
43919,Demónfire,sylvanas,288,warlock,destruction,6,3,3
43920,Флорэтт,gordunni,288,warlock,destruction,6,3,3
43921,Zabani,das-syndikat,288,warlock,destruction,6,3,3
43922,Ремайка,gordunni,288,warlock,destruction,6,3,3
43923,Исусилок,deathguard,288,warlock,destruction,6,3,3
43924,Skizofrenia,zuljin,288,warlock,destruction,6,3,3
43925,Légréy,blackmoore,288,warlock,destruction,6,3,3
43926,Jazggzgirl,blackmoore,288,warlock,destruction,6,3,3
43927,Hazzikosby,ravencrest,288,warlock,destruction,6,3,3
43928,Vladov,ravencrest,288,warlock,destruction,6,3,3
43929,Brudergottes,blackmoore,288,warlock,destruction,6,3,3
43930,Sodadogpìn,nemesis,288,warlock,destruction,6,3,3
43931,Ogrez,nemesis,288,warlock,destruction,6,3,3
43932,Drozhna,kaelthas,288,warlock,destruction,6,3,3
43933,Lockki,blades-edge,288,warlock,destruction,6,3,3
43934,Krøl,nemesis,288,warlock,destruction,6,3,3
43935,Toskanoamani,blackmoore,288,warlock,destruction,6,3,3
43936,Lünatix,archimonde,288,warlock,destruction,6,3,3
43937,Widot,ravencrest,288,warlock,destruction,6,3,3
43938,Aches,sylvanas,288,warlock,destruction,6,3,3
43939,Cálamity,magtheridon,288,warlock,destruction,6,3,3
43940,Misleev,pozzo-delleternità,288,warlock,destruction,6,3,3
43941,Вериберри,gordunni,288,warlock,destruction,6,3,3
43942,Xoregar,nemesis,288,warlock,destruction,6,3,3
43943,Tzimice,hyjal,288,warlock,destruction,6,3,3
43944,Sweetlõck,ravencrest,288,warlock,destruction,6,3,3
43945,Irukandji,chants-éternels,288,warlock,destruction,6,3,3
43946,Boltez,twisting-nether,288,warlock,destruction,6,3,3
43947,Aghmar,ravencrest,288,warlock,destruction,6,3,3
43948,Løvesøsa,ravencrest,288,warlock,destruction,6,3,3
43949,Lubomirek,turalyon,288,warlock,destruction,6,3,3
43950,Fearhealer,blackmoore,288,warlock,destruction,6,3,3
43951,Динодотх,gordunni,288,warlock,destruction,6,3,3
43952,Talt,dalaran,288,warlock,destruction,6,3,3
43953,Saymore,ragnaros,288,warlock,destruction,6,3,3
43954,Palmtri,stormscale,288,warlock,destruction,6,3,3
43955,Truckpunch,defias-brotherhood,288,warlock,destruction,6,3,3
43956,Некусайсасай,galakrond,288,warlock,destruction,6,3,3
43957,Djshyasiañ,perenolde,288,warlock,destruction,6,3,3
43958,Dekawa,ravencrest,288,warlock,destruction,6,3,3
43959,Impsgalore,ravencrest,288,warlock,destruction,6,3,3
43960,Demonologyz,ravencrest,288,warlock,destruction,6,3,3
43961,Brolter,blackhand,288,warlock,destruction,6,3,3
43962,Cpump,twisting-nether,288,warlock,destruction,6,3,3
43963,Falakros,ravencrest,288,warlock,destruction,6,3,3
43964,Epoku,stormscale,288,warlock,destruction,6,3,3
43965,Bluh,twisting-nether,288,warlock,destruction,6,3,3
43966,Dragmetohêll,blackhand,288,warlock,destruction,6,3,3
43967,Soulslugger,twisting-nether,288,warlock,destruction,6,3,3
43968,Dexterlol,blackmoore,288,warlock,destruction,6,3,3
43969,Хеельхейм,gordunni,288,warlock,destruction,6,3,3
43970,Læssêkøñgð,twisting-nether,288,warlock,destruction,6,3,3
43971,Omaleinfluch,antonidas,288,warlock,destruction,6,3,3
43972,Rokudaime,stormscale,288,warlock,destruction,6,3,3
43973,Seldonn,pozzo-delleternità,288,warlock,destruction,6,3,3
43974,Drith,blades-edge,288,warlock,destruction,6,3,3
43975,Taylorg,blackmoore,288,warlock,destruction,6,3,3
43976,Stopfëar,ysondre,288,warlock,destruction,6,3,3
43977,Slem,aerie-peak,288,warlock,destruction,6,3,3
43978,Jiruga,blackrock,288,warlock,destruction,6,3,3
43979,Kírth,blackmoore,288,warlock,destruction,6,3,3
43980,Глотающий,gordunni,288,warlock,destruction,6,3,3
43981,Dmger,twisting-nether,288,warlock,destruction,6,3,3
43982,Nêstêe,archimonde,288,warlock,destruction,6,3,3
43983,Данябандит,soulflayer,288,warlock,destruction,6,3,3
43984,Maquan,blackmoore,288,warlock,destruction,6,3,3
43985,Дядяджонн,gordunni,288,warlock,destruction,6,3,3
43986,Нэрфир,soulflayer,288,warlock,destruction,6,3,3
43987,Ðanilock,dun-modr,288,warlock,destruction,6,3,3
43988,Адомать,lich-king,288,warlock,destruction,12,3,9
43989,Sebi,kirin-tor,288,warlock,destruction,12,3,9
43990,Killerbeez,burning-blade,288,warlock,destruction,12,3,9
43991,Aloxer,sanguino,288,warlock,destruction,12,3,9
43992,Jaír,turalyon,288,warlock,destruction,12,3,9
43993,Skyrender,argent-dawn,288,warlock,destruction,12,3,9
43994,Merelock,eonar,288,warlock,destruction,12,3,9
43995,Quief,silvermoon,288,warlock,destruction,12,3,9
43996,Nathgar,drakthul,288,warlock,destruction,12,3,9
43997,Dotzillâ,blackhand,288,warlock,destruction,12,3,9
43998,Пучкова,azuregos,288,warlock,destruction,12,3,9
43999,Svartalfen,outland,288,warlock,destruction,12,3,9
44000,Shelbys,tyrande,288,warlock,destruction,12,3,9
44001,Voib,silvermoon,288,warlock,destruction,12,3,9
44002,Haedri,kazzak,288,warlock,destruction,12,3,9
44003,Arizyoxot,twisting-nether,288,warlock,destruction,12,3,9
44004,Peggybrown,turalyon,288,warlock,destruction,12,3,9
44005,Tepelkwastje,twisting-nether,288,warlock,destruction,12,3,9
44006,Phéar,deathwing,288,warlock,destruction,12,3,9
44007,Шейп,fordragon,288,warlock,destruction,12,3,9
44008,Leatherfvce,blackmoore,288,warlock,destruction,12,3,9
44009,Swoksáar,blackmoore,288,warlock,destruction,12,3,9
44010,Варикай,gordunni,288,warlock,destruction,12,3,9
44011,Tiffyilock,blackrock,288,warlock,destruction,12,3,9
44012,Ladodida,darkspear,288,warlock,destruction,12,3,9
44013,Werlock,sanguino,288,warlock,destruction,12,3,9
44014,Mitrela,ravencrest,288,warlock,destruction,12,3,9
44015,Yasagoth,chamber-of-aspects,288,warlock,destruction,12,3,9
44016,Jaines,forscherliga,288,warlock,destruction,12,3,9
44017,Киёкка,howling-fjord,288,warlock,destruction,12,3,9
44018,Нагибатель,howling-fjord,288,warlock,destruction,18,3,15
44019,Fewton,eonar,288,warlock,destruction,18,3,15
44020,Грашек,soulflayer,287,warlock,destruction,6,3,3
44021,Wegart,sylvanas,287,warlock,destruction,6,3,3
44022,Ileeo,kazzak,286,warlock,destruction,6,3,3
44023,Lárgo,chamber-of-aspects,271,warlock,destruction,11,3,8
44024,Армдэд,galakrond,255,warlock,destruction,11,3,8
44025,Absúrd,turalyon,240,warlock,destruction,9,3,6
44026,Insertchaos,draenor,239,warlock,destruction,5,3,2
44027,Brushiè,kazzak,239,warlock,destruction,5,3,2
44028,Darthdotz,outland,234,warlock,destruction,7,4,3
44029,Diemilch,blackmoore,234,warlock,destruction,8,4,4
44030,Ðankan,aegwynn,192,warlock,destruction,4,3,1
44031,Vexsir,kazzak,192,warlock,destruction,9,3,6
44032,Vortëxx,tarren-mill,192,warlock,destruction,9,3,6
44033,Semhein,twisting-nether,192,warlock,destruction,6,2,4
44034,Benztruck,blackhand,192,warlock,destruction,6,2,4
44035,Levitibus,argent-dawn,192,warlock,destruction,6,2,4
44036,Merengue,uldum,192,warlock,destruction,6,2,4
44037,Grandulf,ravencrest,192,warlock,destruction,6,2,4
44038,Öhö,blackrock,192,warlock,destruction,6,2,4
44039,Cosec,silvermoon,192,warlock,destruction,6,2,4
44040,Zmataryn,doomhammer,192,warlock,destruction,6,2,4
44041,Cptdotalot,tarren-mill,192,warlock,destruction,6,2,4
44042,Purplehelmet,argent-dawn,192,warlock,destruction,6,2,4
44043,Майдум,soulflayer,192,warlock,destruction,6,2,4
44044,Malfari,zuljin,192,warlock,destruction,6,2,4
44045,Kabowie,twisting-nether,192,warlock,destruction,6,2,4
44046,Prydzor,archimonde,192,warlock,destruction,6,2,4
44047,Fixwarlock,blackmoore,192,warlock,destruction,6,2,4
44048,Whydidudotha,ravencrest,192,warlock,destruction,6,2,4
44049,Уставок,soulflayer,192,warlock,destruction,6,2,4
44050,Voiyane,silvermoon,192,warlock,destruction,6,2,4
44051,Lightswitchz,ravencrest,192,warlock,destruction,6,2,4
44052,Yourdeaath,ravencrest,192,warlock,destruction,6,2,4
44053,Шэдоубёрн,soulflayer,192,warlock,destruction,6,2,4
44054,Wezen,stormscale,192,warlock,destruction,6,2,4
44055,Kedrat,die-aldor,192,warlock,destruction,6,2,4
44056,Kotihoitaja,stormreaver,192,warlock,destruction,6,2,4
44057,Hacknator,aegwynn,192,warlock,destruction,6,2,4
44058,Toshiku,aggra-português,192,warlock,destruction,6,2,4
44059,Kemel,thrall,192,warlock,destruction,6,2,4
44060,Astralvoid,outland,192,warlock,destruction,6,2,4
44061,Guldän,quelthalas,192,warlock,destruction,6,2,4
44062,Kleing,dragonblight,192,warlock,destruction,6,2,4
44063,Waîdo,blackhand,192,warlock,destruction,6,2,4
44064,Tragus,ghostlands,192,warlock,destruction,6,2,4
44065,Zigfipszen,blackmoore,192,warlock,destruction,6,2,4
44066,Aváne,outland,192,warlock,destruction,6,2,4
44067,Ívânguldán,twisting-nether,192,warlock,destruction,6,2,4
44068,Guldãn,silvermoon,192,warlock,destruction,6,2,4
44069,Splojf,the-maelstrom,192,warlock,destruction,6,2,4
44070,Bloodysûgar,blackmoore,192,warlock,destruction,6,2,4
44071,Daeneerys,skullcrusher,192,warlock,destruction,6,2,4
44072,Lokicica,karazhan,192,warlock,destruction,6,2,4
44073,Necradin,defias-brotherhood,192,warlock,destruction,6,2,4
44074,Negoda,defias-brotherhood,192,warlock,destruction,6,2,4
44075,Rojas,trollbane,192,warlock,destruction,6,2,4
44076,Sidius,archimonde,192,warlock,destruction,6,2,4
44077,Nedhriix,drakthul,192,warlock,destruction,6,2,4
44078,Sôshy,thrall,192,warlock,destruction,6,2,4
44079,Warlockxx,ravencrest,192,warlock,destruction,6,2,4
44080,Zkrwl,kazzak,192,warlock,destruction,6,2,4
44081,Костикк,howling-fjord,192,warlock,destruction,6,2,4
44082,Lêxia,shattrath,192,warlock,destruction,6,2,4
44083,Qullnius,kazzak,192,warlock,destruction,6,2,4
44084,Cindela,eredar,192,warlock,destruction,6,2,4
44085,Хоратхе,soulflayer,192,warlock,destruction,6,2,4
44086,Houndread,kazzak,192,warlock,destruction,6,2,4
44087,Dinolock,antonidas,192,warlock,destruction,6,2,4
44088,Saabnoolock,ragnaros,192,warlock,destruction,6,2,4
44089,Bulgyeøng,archimonde,192,warlock,destruction,6,2,4
44090,Smoulville,sanguino,192,warlock,destruction,6,2,4
44091,Ravendoor,grim-batol,192,warlock,destruction,6,2,4
44092,Nazw,ravencrest,192,warlock,destruction,6,2,4
44093,Werkx,archimonde,192,warlock,destruction,6,2,4
44094,Incubith,ravencrest,192,warlock,destruction,6,2,4
44095,Ðaddyy,stormscale,192,warlock,destruction,6,2,4
44096,Locknroll,terokkar,192,warlock,destruction,6,2,4
44097,Nerflocks,aggra-português,192,warlock,destruction,6,2,4
44098,Atomik,drakthul,192,warlock,destruction,6,2,4
44099,Dollmak,hyjal,192,warlock,destruction,6,2,4
44100,Piouturass,hyjal,192,warlock,destruction,6,2,4
44101,Æyna,thrall,192,warlock,destruction,6,2,4
44102,Snoggä,antonidas,192,warlock,destruction,6,2,4
44103,Mákas,draenor,192,warlock,destruction,6,2,4
44104,Jaliyah,outland,192,warlock,destruction,6,2,4
44105,Shuggul,draenor,192,warlock,destruction,6,2,4
44106,Zenaidaa,doomhammer,192,warlock,destruction,6,2,4
44107,Tolgaa,draenor,192,warlock,destruction,6,2,4
44108,Necrofearz,sylvanas,192,warlock,destruction,6,2,4
44109,Sherrÿ,ragnaros,192,warlock,destruction,6,2,4
44110,Elfex,ragnaros,192,warlock,destruction,6,2,4
44111,Локеда,deathguard,192,warlock,destruction,6,2,4
44112,Faustes,alakir,192,warlock,destruction,6,2,4
44113,Ashhlock,silvermoon,192,warlock,destruction,6,2,4
44114,Selur,ragnaros,192,warlock,destruction,6,2,4
44115,Zòóf,stormscale,192,warlock,destruction,6,2,4
44116,Horridum,draenor,192,warlock,destruction,6,2,4
44117,Ght,outland,192,warlock,destruction,6,2,4
44118,Haxs,ravencrest,192,warlock,destruction,6,2,4
44119,Prestige,nemesis,192,warlock,destruction,6,2,4
44120,Belzedan,blackrock,192,warlock,destruction,6,2,4
44121,Kontanthjælp,tarren-mill,192,warlock,destruction,6,2,4
44122,Хашонмвп,gordunni,192,warlock,destruction,6,2,4
44123,Revvolt,tarren-mill,192,warlock,destruction,6,2,4
44124,Darthvder,sylvanas,192,warlock,destruction,6,2,4
44125,Creamcleaner,tarren-mill,192,warlock,destruction,6,2,4
44126,Nâzgrel,tarren-mill,192,warlock,destruction,6,2,4
44127,Laynih,blackrock,192,warlock,destruction,6,2,4
44128,Ralys,draenor,192,warlock,destruction,6,2,4
44129,Kuzimu,aerie-peak,192,warlock,destruction,6,2,4
44130,Somalidog,ravencrest,192,warlock,destruction,6,2,4
44131,Lyleath,ravencrest,192,warlock,destruction,6,2,4
44132,Sinlockz,tarren-mill,192,warlock,destruction,6,2,4
44133,Zagana,neptulon,192,warlock,destruction,6,2,4
44134,Degdeehei,draenor,192,warlock,destruction,6,2,4
44135,Pherlet,sylvanas,192,warlock,destruction,6,2,4
44136,Siìre,ravencrest,192,warlock,destruction,6,2,4
44137,Емс,gordunni,192,warlock,destruction,6,2,4
44138,Thîras,tarren-mill,192,warlock,destruction,7,2,5
44139,Xjms,darksorrow,192,warlock,destruction,9,2,7
44140,Nimwyn,argent-dawn,192,warlock,destruction,12,2,10
44141,Titoss,archimonde,192,warlock,destruction,12,2,10
44142,Punishteens,blackmoore,192,warlock,destruction,12,2,10
44143,Нэйрокризиз,howling-fjord,192,warlock,destruction,12,2,10
44144,Srhal,blackmoore,192,warlock,destruction,12,2,10
44145,Amnésïa,eldrethalas,192,warlock,destruction,12,2,10
44146,Agathaharkne,minahonda,192,warlock,destruction,12,2,10
44147,Mambra,sylvanas,192,warlock,destruction,12,2,10
44148,Fesse,draenor,192,warlock,destruction,12,2,10
44149,Shallän,dun-modr,192,warlock,destruction,12,2,10
44150,Kopfkissen,azshara,192,warlock,destruction,12,2,10
44151,Naginii,sanguino,192,warlock,destruction,12,2,10
44152,Àbraxàs,nemesis,192,warlock,destruction,12,2,10
44153,Zùrghan,elune,191,warlock,destruction,4,3,1
44154,Karjarock,hyjal,191,warlock,destruction,12,2,10
44155,Gaios,skullcrusher,191,warlock,destruction,18,2,16
44156,Joopz,ravencrest,186,warlock,destruction,10,5,5
44157,Grumrah,argent-dawn,180,warlock,destruction,18,7,11
44158,Lockbubs,draenor,175,warlock,destruction,11,2,9
44159,Dony,dun-morogh,159,warlock,destruction,5,2,3
44160,Neg,sylvanas,159,warlock,destruction,5,2,3
44161,Grimlòck,antonidas,159,warlock,destruction,5,2,3
44162,Pewnedmpx,archimonde,159,warlock,destruction,5,2,3
44163,Jiltoks,blackmoore,159,warlock,destruction,5,2,3
44164,Hp,ysondre,159,warlock,destruction,5,2,3
44165,Lemonzx,stormscale,159,warlock,destruction,5,2,3
44166,Smolpussgodx,ragnaros,144,warlock,destruction,3,3,0
44167,Vahk,uldum,138,warlock,destruction,7,3,4
44168,Rb,anachronos,138,warlock,destruction,8,3,5
44169,Wdauwg,nazjatar,138,warlock,destruction,9,3,6
44170,Hhogyoku,dentarg,138,warlock,destruction,10,3,7
44171,Skadz,blackmoore,128,warlock,destruction,4,2,2
44172,Delen,ravencrest,128,warlock,destruction,4,2,2
44173,Belzzebuth,silvermoon,128,warlock,destruction,10,2,8
44174,Перегном,blackscar,127,warlock,destruction,8,2,6
44175,Mqsxw,stormscale,112,warlock,destruction,7,2,5
44176,Mergon,ravencrest,96,warlock,destruction,3,2,1
44177,Mulimarus,die-todeskrallen,96,warlock,destruction,3,2,1
44178,Dannyboi,drakthul,96,warlock,destruction,3,2,1
44179,Maedx,outland,96,warlock,destruction,3,2,1
44180,Áéé,kazzak,96,warlock,destruction,3,2,1
44181,Маверрикк,gordunni,96,warlock,destruction,6,1,5
44182,Krabauf,eredar,96,warlock,destruction,6,1,5
44183,Dalfgan,wildhammer,96,warlock,destruction,6,1,5
44184,Aenygma,jaedenar,96,warlock,destruction,6,1,5
44185,Chaotick,bronze-dragonflight,96,warlock,destruction,6,1,5
44186,Tiig,blackrock,96,warlock,destruction,6,1,5
44187,Trinox,teldrassil,96,warlock,destruction,6,1,5
44188,Hørcrux,ravencrest,96,warlock,destruction,6,1,5
44189,Indifférence,archimonde,96,warlock,destruction,6,1,5
44190,Mursha,auchindoun,96,warlock,destruction,6,1,5
44191,Vîerdotcom,blackrock,96,warlock,destruction,6,1,5
44192,Kærastan,sylvanas,96,warlock,destruction,6,1,5
44193,Нотимба,gordunni,96,warlock,destruction,6,1,5
44194,Reiukh,frostwolf,96,warlock,destruction,6,1,5
44195,Raest,arygos,96,warlock,destruction,6,1,5
44196,Hexahydraten,draenor,96,warlock,destruction,6,1,5
44197,Chaostheory,stormscale,96,warlock,destruction,6,1,5
44198,Maidson,blackrock,96,warlock,destruction,6,1,5
44199,Блэкфлэймх,gordunni,96,warlock,destruction,6,1,5
44200,Bigbabalock,frostwolf,96,warlock,destruction,6,1,5
44201,Lilskunk,draenor,96,warlock,destruction,6,1,5
44202,Furchtnervt,dun-morogh,96,warlock,destruction,6,1,5
44203,Deamions,ravencrest,96,warlock,destruction,6,1,5
44204,Иммолэйтх,gordunni,96,warlock,destruction,6,1,5
44205,Xanth,eldrethalas,96,warlock,destruction,6,1,5
44206,Ackorax,kilrogg,96,warlock,destruction,6,1,5
44207,Lomendro,blackmoore,96,warlock,destruction,6,1,5
44208,Whiskeycola,blackmoore,96,warlock,destruction,6,1,5
44209,Utuklululu,archimonde,96,warlock,destruction,6,1,5
44210,Pichwise,draenor,96,warlock,destruction,6,1,5
44211,Tyranuzz,norgannon,96,warlock,destruction,6,1,5
44212,Язлаякиска,soulflayer,96,warlock,destruction,6,1,5
44213,Seriasa,blackmoore,96,warlock,destruction,6,1,5
44214,Matheus,zenedar,96,warlock,destruction,6,1,5
44215,Meisterhexe,taerar,96,warlock,destruction,6,1,5
44216,Wt,twisting-nether,96,warlock,destruction,6,1,5
44217,Növnöv,madmortem,96,warlock,destruction,6,1,5
44218,Yerslock,twisting-nether,96,warlock,destruction,6,1,5
44219,Darkironhuan,blackrock,96,warlock,destruction,6,1,5
44220,Désolaté,kazzak,96,warlock,destruction,6,1,5
44221,Nulo,aggra-português,96,warlock,destruction,6,1,5
44222,Fuglylock,the-maelstrom,96,warlock,destruction,6,1,5
44223,Elnïa,conseil-des-ombres,96,warlock,destruction,6,1,5
44224,Shompaqzan,kazzak,96,warlock,destruction,6,1,5
44225,Satânius,les-sentinelles,96,warlock,destruction,6,1,5
44226,Empod,ragnaros,96,warlock,destruction,6,1,5
44227,Mattihoh,rexxar,96,warlock,destruction,6,1,5
44228,Fearmighty,kazzak,96,warlock,destruction,6,1,5
44229,Ariyala,alleria,96,warlock,destruction,6,1,5
44230,Löck,kirin-tor,96,warlock,destruction,6,1,5
44231,Snollerboy,antonidas,96,warlock,destruction,6,1,5
44232,Mortvivants,kirin-tor,96,warlock,destruction,6,1,5
44233,Musallat,argent-dawn,96,warlock,destruction,6,1,5
44234,Gutras,ragnaros,96,warlock,destruction,6,1,5
44235,Selok,outland,96,warlock,destruction,6,1,5
44236,Dadcrush,antonidas,96,warlock,destruction,6,1,5
44237,Rigour,silvermoon,96,warlock,destruction,6,1,5
44238,Bytethisx,aggra-português,96,warlock,destruction,6,1,5
44239,Gothgul,sanguino,96,warlock,destruction,6,1,5
44240,Mahishi,ravencrest,96,warlock,destruction,6,1,5
44241,Czteryka,silvermoon,96,warlock,destruction,6,1,5
44242,Ramuhn,antonidas,96,warlock,destruction,6,1,5
44243,Znaj,tarren-mill,96,warlock,destruction,6,1,5
44244,Камнилока,booty-bay,96,warlock,destruction,6,1,5
44245,Dabezdwl,outland,96,warlock,destruction,6,1,5
44246,Thaliä,tarren-mill,96,warlock,destruction,6,1,5
44247,Gulzgan,kazzak,96,warlock,destruction,6,1,5
44248,Neuth,draenor,96,warlock,destruction,6,1,5
44249,Сквиртонитх,howling-fjord,96,warlock,destruction,6,1,5
44250,Walchia,kazzak,96,warlock,destruction,6,1,5
44251,Daemonic,shattered-hand,96,warlock,destruction,6,1,5
44252,Eleriya,argent-dawn,96,warlock,destruction,6,1,5
44253,Azgaroth,kazzak,96,warlock,destruction,6,1,5
44254,Tanatos,tarren-mill,96,warlock,destruction,6,1,5
44255,Redî,kazzak,96,warlock,destruction,6,1,5
44256,Feliciousx,draenor,96,warlock,destruction,6,1,5
44257,Safirae,blackmoore,96,warlock,destruction,7,1,6
44258,Malagate,sylvanas,96,warlock,destruction,12,1,11
44259,Wuahlock,doomhammer,96,warlock,destruction,12,1,11
44260,Alithia,sylvanas,96,warlock,destruction,12,1,11
44261,Gainel,exodar,96,warlock,destruction,12,1,11
44262,Democraft,the-maelstrom,96,warlock,destruction,12,1,11
44263,Keilahkang,aerie-peak,96,warlock,destruction,12,1,11
44264,Grêenbull,eredar,96,warlock,destruction,15,1,14
44265,Драуктар,eversong,79,warlock,destruction,5,1,4
44266,Magosnik,archimonde,79,warlock,destruction,5,1,4
44267,Néca,blackmoore,64,warlock,destruction,4,1,3
44268,Tranas,ragnaros,64,warlock,destruction,4,1,3
44269,Weexi,kazzak,63,warlock,destruction,2,2,0
44270,Malariaa,defias-brotherhood,63,warlock,destruction,2,2,0
44271,Ruvy,twisting-nether,48,warlock,destruction,3,1,2
44272,Coblac,outland,48,warlock,destruction,3,1,2
44273,Colevid,blackmoore,42,warlock,destruction,6,2,4
44274,Stonedup,alonsus,42,warlock,destruction,8,2,6
44275,Anthor,tarren-mill,42,warlock,destruction,8,2,6
44276,Obichamcici,tarren-mill,42,warlock,destruction,8,2,6
44277,Velativ,silvermoon,42,warlock,destruction,10,2,8
44278,Rockstarr,dalaran,42,warlock,destruction,10,2,8
44279,Zuldiá,stormscale,32,warlock,destruction,2,2,0
44280,Chandelierh,kazzak,31,warlock,destruction,2,1,1
44281,Reconnected,drakthul,31,warlock,destruction,2,1,1
44282,Níkâ,aegwynn,16,warlock,destruction,1,1,0
44283,Orkamorfin,silvermoon,16,warlock,destruction,1,1,0
44284,Kemmler,steamwheedle-cartel,16,warlock,destruction,1,1,0
44285,Langneur,ysondre,2225,warlock,affliction,102,56,46
44286,Bualock,sylvanas,2167,warlock,affliction,84,52,32
44287,Tágsy,ravencrest,2130,warlock,affliction,90,47,43
44288,Micol,doomhammer,2091,warlock,affliction,90,44,46
44289,Arukekz,blackmoore,2058,warlock,affliction,84,43,41
44290,Kärme,archimonde,2018,warlock,affliction,281,145,136
44291,Southylolz,stormscale,2015,warlock,affliction,71,36,35
44292,Boogeyboyx,stormscale,2004,warlock,affliction,71,42,29
44293,Hædês,antonidas,2001,warlock,affliction,90,46,44
44294,Nickrosh,terokkar,1989,warlock,affliction,66,39,27
44295,Darksooul,xavius,1987,warlock,affliction,66,41,25
44296,Skrumpis,draenor,1977,warlock,affliction,179,94,85
44297,Kasoy,doomhammer,1969,warlock,affliction,121,69,52
44298,Härèsß,dun-modr,1967,warlock,affliction,84,46,38
44299,Fruits,ysondre,1951,warlock,affliction,65,31,34
44300,Chobitas,ravencrest,1947,warlock,affliction,108,53,55
44301,Kaspersdame,ravencrest,1933,warlock,affliction,150,75,75
44302,Southyx,stormscale,1928,warlock,affliction,77,40,37
44303,Celebí,blackmoore,1925,warlock,affliction,54,33,21
44304,Steckenpferd,blackmoore,1924,warlock,affliction,48,27,21
44305,Qyburn,drekthar,1923,warlock,affliction,66,40,26
44306,Southy,stormscale,1918,warlock,affliction,48,25,23
44307,Rutena,ravencrest,1918,warlock,affliction,72,37,35
44308,Mïta,hyjal,1904,warlock,affliction,48,27,21
44309,Southylol,stormscale,1892,warlock,affliction,66,34,32
44310,Infernion,stormscale,1891,warlock,affliction,51,33,18
44311,Nesme,sylvanas,1890,warlock,affliction,59,28,31
44312,Gezer,tarren-mill,1880,warlock,affliction,98,54,44
44313,Gulzot,turalyon,1866,warlock,affliction,71,37,34
44314,Malddog,turalyon,1864,warlock,affliction,102,62,40
44315,Debz,twisting-nether,1864,warlock,affliction,112,68,44
44316,Plsdîe,twisting-nether,1862,warlock,affliction,65,37,28
44317,Perpetual,eredar,1857,warlock,affliction,42,23,19
44318,Fsandtwo,ravencrest,1848,warlock,affliction,62,33,29
44319,Блудгэнг,blackscar,1847,warlock,affliction,48,21,27
44320,Sad,lightnings-blade,1847,warlock,affliction,76,30,46
44321,Xfz,stormscale,1835,warlock,affliction,102,57,45
44322,Cassen,outland,1833,warlock,affliction,60,31,29
44323,Getfaked,nordrassil,1832,warlock,affliction,54,28,26
44324,Пчелокнижник,howling-fjord,1831,warlock,affliction,42,25,17
44325,Limoges,archimonde,1827,warlock,affliction,62,40,22
44326,Mediumpotato,blackhand,1824,warlock,affliction,48,26,22
44327,Garebigger,blackrock,1821,warlock,affliction,120,55,65
44328,Xvq,twisting-nether,1819,warlock,affliction,106,67,39
44329,Angryfránk,outland,1811,warlock,affliction,161,77,84
44330,Nightìngale,silvermoon,1808,warlock,affliction,92,51,41
44331,Nêverse,archimonde,1805,warlock,affliction,30,19,11
44332,Wldot,ravencrest,1802,warlock,affliction,42,24,18
44333,Monsterz,archimonde,1801,warlock,affliction,88,47,41
44334,Alliyâh,archimonde,1795,warlock,affliction,118,54,64
44335,Bankstair,stormscale,1779,warlock,affliction,105,58,47
44336,Bäle,stormreaver,1749,warlock,affliction,36,24,12
44337,Infïnitýx,silvermoon,1732,warlock,affliction,89,46,43
44338,Zodiiacc,ravencrest,1723,warlock,affliction,66,32,34
44339,Trâshxd,sanguino,1719,warlock,affliction,66,42,24
44340,Baz,anubarak,1717,warlock,affliction,56,24,32
44341,Oldboy,auchindoun,1705,warlock,affliction,30,19,11
44342,Neoe,stormscale,1705,warlock,affliction,84,42,42
44343,Graveflesh,burning-blade,1700,warlock,affliction,191,93,98
44344,Brainsoup,burning-blade,1688,warlock,affliction,54,28,26
44345,Vasileon,stormscale,1687,warlock,affliction,42,27,15
44346,Methroz,burning-legion,1680,warlock,affliction,48,25,23
44347,Fear,auchindoun,1676,warlock,affliction,41,22,19
44348,Mortvivants,kirin-tor,1666,warlock,affliction,36,23,13
44349,Oarz,blackrock,1658,warlock,affliction,54,32,22
44350,Vîmø,antonidas,1658,warlock,affliction,96,53,43
44351,Emreys,argent-dawn,1656,warlock,affliction,139,73,66
44352,Magonyth,tarren-mill,1650,warlock,affliction,29,18,11
44353,Hladankurac,twisting-nether,1648,warlock,affliction,32,19,13
44354,Архкингсдум,galakrond,1648,warlock,affliction,46,19,27
44355,Nekrosd,tarren-mill,1646,warlock,affliction,84,46,38
44356,Локбезног,soulflayer,1639,warlock,affliction,42,27,15
44357,Zeinth,sanguino,1638,warlock,affliction,66,37,29
44358,Dondot,frostmane,1630,warlock,affliction,66,39,27
44359,Prelest,arathor,1620,warlock,affliction,24,17,7
44360,Ржоммба,soulflayer,1618,warlock,affliction,66,38,28
44361,Termss,ravencrest,1616,warlock,affliction,211,109,102
44362,Acentro,stormscale,1615,warlock,affliction,51,32,19
44363,Htaedfo,tarren-mill,1612,warlock,affliction,60,34,26
44364,Сзот,howling-fjord,1612,warlock,affliction,42,22,20
44365,Orsoyopoyo,nemesis,1607,warlock,affliction,30,20,10
44366,Mîná,ravencrest,1607,warlock,affliction,51,30,21
44367,Фламмэнх,soulflayer,1604,warlock,affliction,36,21,15
44368,Ascètic,kazzak,1603,warlock,affliction,60,33,27
44369,Асальвэйд,gordunni,1600,warlock,affliction,58,32,26
44370,Журанайсбой,blackscar,1598,warlock,affliction,30,21,9
44371,Shayexen,tarren-mill,1596,warlock,affliction,47,28,19
44372,Ремайка,gordunni,1593,warlock,affliction,123,62,61
44373,Slf,the-maelstrom,1590,warlock,affliction,46,31,15
44374,Винстролман,blackscar,1585,warlock,affliction,78,53,25
44375,Müdür,burning-legion,1571,warlock,affliction,126,76,50
44376,Ketzu,hyjal,1569,warlock,affliction,112,54,58
44377,Yokûjin,twisting-nether,1569,warlock,affliction,43,18,25
44378,Jlcreverso,eredar,1563,warlock,affliction,28,18,10
44379,Demonkïng,archimonde,1560,warlock,affliction,30,18,12
44380,Trevium,nemesis,1555,warlock,affliction,76,43,33
44381,Lollock,teldrassil,1549,warlock,affliction,24,17,7
44382,Yosiya,draenor,1546,warlock,affliction,69,34,35
44383,Нэрфир,soulflayer,1545,warlock,affliction,36,18,18
44384,Gneticz,aegwynn,1544,warlock,affliction,36,22,14
44385,Rottndot,stormscale,1541,warlock,affliction,60,31,29
44386,Сайденас,gordunni,1536,warlock,affliction,53,24,29
44387,Osyx,ravencrest,1534,warlock,affliction,36,16,20
44388,Magonyth,ravencrest,1533,warlock,affliction,24,16,8
44389,Farzokonan,archimonde,1532,warlock,affliction,64,37,27
44390,Itiswhatitis,ravencrest,1532,warlock,affliction,36,16,20
44391,Vregor,twisting-nether,1527,warlock,affliction,28,17,11
44392,Soezzlock,archimonde,1523,warlock,affliction,129,70,59
44393,Nightsnake,deathwing,1516,warlock,affliction,114,50,64
44394,Dezznut,blackhand,1512,warlock,affliction,53,30,23
44395,Nerfwarriors,stormscale,1505,warlock,affliction,30,21,9
44396,Сентимент,gordunni,1504,warlock,affliction,53,25,28
44397,Olympïe,archimonde,1500,warlock,affliction,42,17,25
44398,Drekkrog,chogall,1490,warlock,affliction,30,16,14
44399,Modernmisery,kazzak,1490,warlock,affliction,156,75,81
44400,Franta,chromaggus,1488,warlock,affliction,35,21,14
44401,Боризыч,gordunni,1487,warlock,affliction,125,67,58
44402,Exorbïtant,blackrock,1477,warlock,affliction,150,76,74
44403,Лысыйлокоть,soulflayer,1475,warlock,affliction,36,18,18
44404,Mty,bronze-dragonflight,1475,warlock,affliction,105,51,54
44405,Belíos,stormscale,1469,warlock,affliction,51,31,20
44406,Arussj,blackrock,1468,warlock,affliction,38,16,22
44407,Spiritawayx,lightbringer,1467,warlock,affliction,24,18,6
44408,Smøkê,tarren-mill,1467,warlock,affliction,232,122,110
44409,Floron,silvermoon,1465,warlock,affliction,67,33,34
44410,Адоха,howling-fjord,1460,warlock,affliction,42,22,20
44411,Kayako,kul-tiras,1458,warlock,affliction,56,21,35
44412,Yôi,nemesis,1457,warlock,affliction,36,19,17
44413,Zèlêph,archimonde,1456,warlock,affliction,36,24,12
44414,Zakuri,blackmoore,1452,warlock,affliction,48,32,16
44415,Titoss,archimonde,1451,warlock,affliction,78,40,38
44416,Potterhotter,outland,1446,warlock,affliction,57,30,27
44417,Zetsubo,drakthul,1444,warlock,affliction,101,54,47
44418,Äsmødée,dalaran,1440,warlock,affliction,157,79,78
44419,Azurma,tarren-mill,1439,warlock,affliction,24,15,9
44420,Dispellthat,burning-legion,1438,warlock,affliction,31,16,15
44421,Hivxherpes,ravencrest,1438,warlock,affliction,109,51,58
44422,Прогнившая,blackscar,1437,warlock,affliction,111,63,48
44423,Wezen,stormscale,1435,warlock,affliction,95,50,45
44424,Ebolara,aegwynn,1427,warlock,affliction,47,23,24
44425,Lánfeár,draenor,1426,warlock,affliction,191,95,96
44426,Нафлэпил,gordunni,1425,warlock,affliction,59,32,27
44427,Zêngâ,kazzak,1422,warlock,affliction,42,23,19
44428,Gaminex,kazzak,1414,warlock,affliction,84,41,43
44429,Dracsu,dun-modr,1413,warlock,affliction,148,75,73
44430,Marklock,drakthul,1412,warlock,affliction,60,37,23
44431,Talt,dalaran,1406,warlock,affliction,56,34,22
44432,Brustlino,nemesis,1405,warlock,affliction,24,15,9
44433,Сартеккс,gordunni,1404,warlock,affliction,48,29,19
44434,Колдунишка,fordragon,1403,warlock,affliction,131,77,54
44435,Axapnon,ragnaros,1403,warlock,affliction,207,100,107
44436,Apokalyps,eldrethalas,1401,warlock,affliction,250,130,120
44437,Шизуи,borean-tundra,1399,warlock,affliction,46,29,17
44438,Primdåhl,ravencrest,1390,warlock,affliction,46,27,19
44439,Dondada,aggra-português,1386,warlock,affliction,49,24,25
44440,Depresive,aggra-português,1380,warlock,affliction,101,54,47
44441,Kavalierr,stormscale,1377,warlock,affliction,70,35,35
44442,Teddyruineur,khaz-modan,1376,warlock,affliction,42,25,17
44443,Pokifanone,tarren-mill,1376,warlock,affliction,29,16,13
44444,Phelola,sylvanas,1374,warlock,affliction,60,31,29
44445,Rottenbooty,argent-dawn,1374,warlock,affliction,30,15,15
44446,Balgo,blackmoore,1372,warlock,affliction,30,17,13
44447,Jegfaller,wildhammer,1371,warlock,affliction,72,39,33
44448,Nate,stormscale,1370,warlock,affliction,52,23,29
44449,Infectius,kazzak,1367,warlock,affliction,61,30,31
44450,Saraconnor,burning-legion,1365,warlock,affliction,42,21,21
44451,Délidumrul,stormscale,1364,warlock,affliction,30,20,10
44452,Разъелвал,blackscar,1364,warlock,affliction,48,28,20
44453,Øprøx,sanguino,1356,warlock,affliction,17,15,2
44454,Nîghtmare,outland,1353,warlock,affliction,35,20,15
44455,Hòbó,outland,1353,warlock,affliction,51,28,23
44456,Киёкка,howling-fjord,1344,warlock,affliction,36,22,14
44457,Whaii,ravencrest,1339,warlock,affliction,24,14,10
44458,Anabolicbaby,draenor,1339,warlock,affliction,27,15,12
44459,Degdeehei,draenor,1339,warlock,affliction,58,30,28
44460,Itsfiftycent,outland,1337,warlock,affliction,66,36,30
44461,Gryme,dalaran,1333,warlock,affliction,72,30,42
44462,Vivek,grim-batol,1328,warlock,affliction,72,28,44
44463,Murua,silvermoon,1327,warlock,affliction,24,14,10
44464,Assuz,eredar,1327,warlock,affliction,36,19,17
44465,Лейссина,eversong,1327,warlock,affliction,89,43,46
44466,Sublînê,blackmoore,1325,warlock,affliction,42,16,26
44467,Grimus,azuremyst,1322,warlock,affliction,30,14,16
44468,Олимта,blackscar,1321,warlock,affliction,40,15,25
44469,Warlokk,tarren-mill,1318,warlock,affliction,90,45,45
44470,Pcbbwarlock,sylvanas,1314,warlock,affliction,163,89,74
44471,Themits,executus,1314,warlock,affliction,34,15,19
44472,Перегном,blackscar,1311,warlock,affliction,60,28,32
44473,Getfeared,stormscale,1308,warlock,affliction,36,14,22
44474,Tarilinwelli,les-sentinelles,1307,warlock,affliction,88,48,40
44475,Deathpoid,draenor,1307,warlock,affliction,45,17,28
44476,Roglash,eredar,1306,warlock,affliction,80,44,36
44477,Sleethy,destromath,1306,warlock,affliction,36,18,18
44478,Nihale,arakarahm,1304,warlock,affliction,64,29,35
44479,Katâra,tarren-mill,1297,warlock,affliction,32,15,17
44480,Bästkusten,kazzak,1294,warlock,affliction,28,16,12
44481,Hatenkou,silvermoon,1293,warlock,affliction,42,22,20
44482,Nesveti,kazzak,1290,warlock,affliction,18,14,4
44483,Solitariøus,arathi,1284,warlock,affliction,30,16,14
44484,Gash,malganis,1279,warlock,affliction,133,65,68
44485,Lokic,draenor,1278,warlock,affliction,36,14,22
44486,Izyguldamn,blackmoore,1276,warlock,affliction,48,16,32
44487,Voost,aegwynn,1275,warlock,affliction,43,15,28
44488,Dannyel,mazrigos,1268,warlock,affliction,93,44,49
44489,Ukicha,burning-blade,1268,warlock,affliction,48,22,26
44490,Kakiamagisa,twisting-nether,1267,warlock,affliction,30,19,11
44491,Diseez,bronzebeard,1262,warlock,affliction,45,24,21
44492,Mooncrásh,blackrock,1261,warlock,affliction,66,32,34
44493,Tiwtera,draenor,1252,warlock,affliction,36,14,22
44494,Vaukras,stormscale,1251,warlock,affliction,50,25,25
44495,Стафилокок,deepholm,1248,warlock,affliction,36,19,17
44496,Рашчер,gordunni,1247,warlock,affliction,30,13,17
44497,Yamadea,stormscale,1246,warlock,affliction,24,13,11
44498,Mayline,kult-der-verdammten,1245,warlock,affliction,24,14,10
44499,Shannzo,stormscale,1245,warlock,affliction,24,13,11
44500,Крэдоу,soulflayer,1239,warlock,affliction,24,13,11
44501,Fearing,malganis,1239,warlock,affliction,30,13,17
44502,Sïeur,archimonde,1238,warlock,affliction,24,13,11
44503,Kerthan,malorne,1237,warlock,affliction,68,31,37
44504,Actelia,the-venture-co,1237,warlock,affliction,38,15,23
44505,Yowifeinmedm,draenor,1234,warlock,affliction,36,13,23
44506,Ketem,zuljin,1232,warlock,affliction,66,33,33
44507,Hiimsûso,dun-modr,1231,warlock,affliction,29,16,13
44508,Датри,grom,1230,warlock,affliction,30,15,15
44509,Shakuroz,frostwolf,1229,warlock,affliction,28,14,14
44510,Soffie,blackrock,1229,warlock,affliction,30,13,17
44511,Dotieks,draenor,1228,warlock,affliction,114,58,56
44512,Soultire,ravencrest,1227,warlock,affliction,66,29,37
44513,Лютыйглад,blackscar,1226,warlock,affliction,31,16,15
44514,Nexyra,silvermoon,1222,warlock,affliction,177,87,90
44515,Томрэдл,howling-fjord,1221,warlock,affliction,192,98,94
44516,Swagzz,silvermoon,1215,warlock,affliction,54,31,23
44517,Локистраик,borean-tundra,1214,warlock,affliction,47,19,28
44518,Dropxpvp,blackrock,1212,warlock,affliction,30,13,17
44519,Scaevóla,ravencrest,1208,warlock,affliction,24,14,10
44520,Tsumde,dalaran,1208,warlock,affliction,30,13,17
44521,Xerxia,blackrock,1205,warlock,affliction,42,25,17
44522,Etsanctum,blackmoore,1204,warlock,affliction,42,14,28
44523,Draklack,turalyon,1202,warlock,affliction,66,34,32
44524,Âkâl,ravencrest,1194,warlock,affliction,23,13,10
44525,Kyiüû,archimonde,1194,warlock,affliction,27,14,13
44526,Qena,outland,1194,warlock,affliction,42,18,24
44527,Malagate,sylvanas,1190,warlock,affliction,48,20,28
44528,Sunetta,silvermoon,1182,warlock,affliction,68,34,34
44529,Ainos,twisting-nether,1178,warlock,affliction,35,18,17
44530,Nydek,cthun,1178,warlock,affliction,36,16,20
44531,Wedlock,stormscale,1171,warlock,affliction,29,19,10
44532,Huaian,darksorrow,1170,warlock,affliction,56,26,30
44533,Blackmagic,stormscale,1168,warlock,affliction,66,33,33
44534,Robodot,eredar,1166,warlock,affliction,42,17,25
44535,Gamunkul,destromath,1155,warlock,affliction,49,17,32
44536,Toppluva,shattered-hand,1151,warlock,affliction,21,13,8
44537,Xskyrov,blackmoore,1151,warlock,affliction,24,12,12
44538,Sehk,stormreaver,1151,warlock,affliction,24,12,12
44539,Dhraven,thrall,1151,warlock,affliction,87,41,46
44540,Darkrorr,drakthul,1150,warlock,affliction,24,12,12
44541,Thereya,dun-morogh,1150,warlock,affliction,24,12,12
44542,Cdztuwu,outland,1147,warlock,affliction,18,12,6
44543,Walchia,kazzak,1147,warlock,affliction,83,44,39
44544,Trinox,teldrassil,1144,warlock,affliction,24,15,9
44545,Ashhlock,silvermoon,1144,warlock,affliction,24,12,12
44546,Suskive,kaelthas,1141,warlock,affliction,24,12,12
44547,Cringetamer,silvermoon,1141,warlock,affliction,30,12,18
44548,Zeotrixie,stormscale,1138,warlock,affliction,24,12,12
44549,Whocarezlock,stormscale,1135,warlock,affliction,27,13,14
44550,Yahata,nethersturm,1133,warlock,affliction,30,18,12
44551,Requeims,outland,1119,warlock,affliction,22,12,10
44552,Squadala,kaelthas,1115,warlock,affliction,30,15,15
44553,Slowfatlock,ravencrest,1115,warlock,affliction,24,12,12
44554,Felboar,quelthalas,1113,warlock,affliction,24,15,9
44555,Hacklock,silvermoon,1109,warlock,affliction,48,19,29
44556,Cokoladuocka,silvermoon,1107,warlock,affliction,42,18,24
44557,Toké,blackmoore,1106,warlock,affliction,28,14,14
44558,Nicetime,nefarian,1102,warlock,affliction,24,13,11
44559,Cahoa,archimonde,1093,warlock,affliction,39,17,22
44560,Горенджо,eversong,1092,warlock,affliction,26,13,13
44561,Fraky,frostwhisper,1087,warlock,affliction,23,16,7
44562,Trythislock,crushridge,1087,warlock,affliction,23,12,11
44563,Сувала,soulflayer,1082,warlock,affliction,17,12,5
44564,Ladodida,darkspear,1081,warlock,affliction,30,17,13
44565,Diegomojes,silvermoon,1080,warlock,affliction,98,53,45
44566,Favris,antonidas,1073,warlock,affliction,98,49,49
44567,Dótcom,draenor,1073,warlock,affliction,30,14,16
44568,Auxi,the-maelstrom,1067,warlock,affliction,25,15,10
44569,Rhyana,sylvanas,1065,warlock,affliction,28,12,16
44570,Araphel,twisting-nether,1064,warlock,affliction,24,13,11
44571,ßualock,sylvanas,1056,warlock,affliction,18,11,7
44572,Mowxll,blackrock,1056,warlock,affliction,24,11,13
44573,Fräddan,draenor,1054,warlock,affliction,12,11,1
44574,Císuh,stormreaver,1053,warlock,affliction,18,11,7
44575,Дотдозор,howling-fjord,1051,warlock,affliction,24,11,13
44576,Zevil,emerald-dream,1047,warlock,affliction,24,11,13
44577,Vahgaz,burning-legion,1045,warlock,affliction,85,42,43
44578,Vladov,ravencrest,1045,warlock,affliction,24,11,13
44579,Urssul,kazzak,1038,warlock,affliction,18,11,7
44580,Selenene,norgannon,1036,warlock,affliction,51,25,26
44581,Самантаглу,blackscar,1026,warlock,affliction,27,13,14
44582,Klone,die-todeskrallen,1026,warlock,affliction,27,12,15
44583,Шайтанарба,blackscar,1025,warlock,affliction,42,25,17
44584,Gate,blackrock,1022,warlock,affliction,17,11,6
44585,Cutt,chogall,1018,warlock,affliction,53,23,30
44586,Олдриг,ashenvale,1013,warlock,affliction,39,18,21
44587,Xlara,argent-dawn,1010,warlock,affliction,94,44,50
44588,Venoc,kazzak,1007,warlock,affliction,108,54,54
44589,Skufi,uldum,1004,warlock,affliction,42,20,22
44590,Bluenote,colinas-pardas,1002,warlock,affliction,48,24,24
44591,Sovrìn,blackrock,1002,warlock,affliction,23,11,12
44592,Prekt,ragnaros,1001,warlock,affliction,17,11,6
44593,Бестий,fordragon,989,warlock,affliction,14,11,3
44594,Brítneyfears,azjolnerub,986,warlock,affliction,17,11,6
44595,Mæphysto,blackrock,986,warlock,affliction,49,24,25
44596,Bu,zirkel-des-cenarius,982,warlock,affliction,17,11,6
44597,Fealer,magtheridon,977,warlock,affliction,180,89,91
44598,Qullnius,kazzak,971,warlock,affliction,34,12,22
44599,Principle,dunemaul,965,warlock,affliction,36,21,15
44600,Peonpedro,malganis,960,warlock,affliction,12,10,2
44601,Dreamnyâsha,tarren-mill,960,warlock,affliction,18,10,8
44602,Kitingguru,stormscale,960,warlock,affliction,18,10,8
44603,Murdee,kazzak,960,warlock,affliction,18,10,8
44604,Дагира,booty-bay,959,warlock,affliction,12,10,2
44605,Hannen,blackrock,959,warlock,affliction,24,10,14
44606,Drstyx,anetheron,959,warlock,affliction,30,10,20
44607,Azaïdun,khaz-modan,958,warlock,affliction,18,10,8
44608,Flyps,stormscale,958,warlock,affliction,18,10,8
44609,Коплюнапони,blackscar,958,warlock,affliction,18,10,8
44610,Снэйк,deathguard,956,warlock,affliction,18,10,8
44611,Dxz,silvermoon,956,warlock,affliction,24,10,14
44612,Møärdötd,aggra-português,955,warlock,affliction,18,10,8
44613,Sylrathas,burning-legion,953,warlock,affliction,24,10,14
44614,Waryald,dun-modr,945,warlock,affliction,30,10,20
44615,Carlman,hyjal,940,warlock,affliction,18,10,8
44616,Darkháte,blackhand,936,warlock,affliction,18,10,8
44617,Uthdae,archimonde,933,warlock,affliction,36,13,23
44618,Richrichy,outland,921,warlock,affliction,36,15,21
44619,Слававдвх,blackscar,914,warlock,affliction,53,25,28
44620,Ashgron,burning-legion,909,warlock,affliction,18,10,8
44621,Letoupet,la-croisade-écarlate,904,warlock,affliction,42,21,21
44622,Oonz,sylvanas,895,warlock,affliction,50,25,25
44623,Мракодел,deathguard,872,warlock,affliction,21,11,10
44624,Nukeem,karazhan,869,warlock,affliction,109,50,59
44625,Abinsur,drakthul,864,warlock,affliction,12,9,3
44626,Парачо,eversong,864,warlock,affliction,12,9,3
44627,Gøzù,antonidas,864,warlock,affliction,18,9,9
44628,Mykóla,terokkar,863,warlock,affliction,18,9,9
44629,Boglock,argent-dawn,863,warlock,affliction,18,9,9
44630,Mundunugu,sanguino,863,warlock,affliction,18,9,9
44631,Gaargamelo,blackmoore,863,warlock,affliction,24,9,15
44632,Esmuel,argent-dawn,862,warlock,affliction,18,9,9
44633,Bh,ragnaros,862,warlock,affliction,18,9,9
44634,Aagon,antonidas,862,warlock,affliction,24,9,15
44635,Hitomitanaká,kazzak,862,warlock,affliction,28,9,19
44636,Ívânguldán,twisting-nether,861,warlock,affliction,12,9,3
44637,Demonologyz,ravencrest,861,warlock,affliction,12,9,3
44638,Clungesuck,argent-dawn,861,warlock,affliction,18,9,9
44639,Zelhala,draenor,861,warlock,affliction,18,9,9
44640,Vîerdotcom,blackrock,860,warlock,affliction,12,9,3
44641,Graell,drakthul,860,warlock,affliction,12,9,3
44642,Mumutoaster,blackrock,860,warlock,affliction,12,9,3
44643,Blaizen,outland,859,warlock,affliction,18,9,9
44644,Iml,grim-batol,859,warlock,affliction,28,10,18
44645,Gulgash,blackrock,854,warlock,affliction,18,9,9
44646,Iyna,blackmoore,853,warlock,affliction,18,9,9
44647,Alithia,sylvanas,851,warlock,affliction,12,9,3
44648,Sinsemilla,kazzak,846,warlock,affliction,18,9,9
44649,Luckriel,draenor,839,warlock,affliction,18,9,9
44650,Shazem,tarren-mill,830,warlock,affliction,23,9,14
44651,Навидд,howling-fjord,814,warlock,affliction,20,9,11
44652,Pøzzi,hyjal,807,warlock,affliction,22,10,12
44653,Lockwkrok,burning-legion,805,warlock,affliction,28,10,18
44654,Candyman,bronze-dragonflight,798,warlock,affliction,20,9,11
44655,Pipêz,blackmoore,795,warlock,affliction,28,9,19
44656,Глянемче,deathguard,784,warlock,affliction,21,9,12
44657,Diwi,area-52,773,warlock,affliction,90,32,58
44658,Noxtarius,thrall,768,warlock,affliction,12,8,4
44659,Оксси,fordragon,768,warlock,affliction,12,8,4
44660,Sakkrethxd,hyjal,768,warlock,affliction,12,8,4
44661,Bigdamndots,twisting-nether,768,warlock,affliction,12,8,4
44662,Rudikiaz,sanguino,768,warlock,affliction,18,8,10
44663,Bwc,aegwynn,768,warlock,affliction,18,8,10
44664,Hirasawa,archimonde,768,warlock,affliction,28,9,19
44665,Heavylock,sylvanas,767,warlock,affliction,12,8,4
44666,Omnath,alakir,767,warlock,affliction,18,8,10
44667,Avoidsun,kazzak,767,warlock,affliction,18,8,10
44668,Jinchi,outland,767,warlock,affliction,18,8,10
44669,Dreggsow,blackmoore,767,warlock,affliction,24,8,16
44670,Deamheòlas,ravencrest,765,warlock,affliction,18,8,10
44671,Promethazine,nemesis,764,warlock,affliction,18,8,10
44672,Matheus,zenedar,763,warlock,affliction,18,8,10
44673,Tzimice,hyjal,763,warlock,affliction,18,8,10
44674,Diablotiin,hyjal,763,warlock,affliction,18,8,10
44675,Аксиманд,howling-fjord,762,warlock,affliction,12,8,4
44676,Samigina,argent-dawn,762,warlock,affliction,24,8,16
44677,Warlocker,anachronos,745,warlock,affliction,18,8,10
44678,Бауглирх,howling-fjord,735,warlock,affliction,17,8,9
44679,Дакиса,gordunni,735,warlock,affliction,29,8,21
44680,Savith,defias-brotherhood,721,warlock,affliction,24,8,16
44681,Friendlylock,quelthalas,720,warlock,affliction,15,8,7
44682,Тагочи,gordunni,719,warlock,affliction,11,8,3
44683,Mjabowf,outland,672,warlock,affliction,12,7,5
44684,Gnargamehl,nemesis,672,warlock,affliction,12,7,5
44685,Kimkold,twisting-nether,672,warlock,affliction,12,7,5
44686,Консидёро,gordunni,672,warlock,affliction,12,7,5
44687,Tôpsecret,aegwynn,672,warlock,affliction,12,7,5
44688,Hazelock,draenor,672,warlock,affliction,12,7,5
44689,Ilikebolts,blackmoore,672,warlock,affliction,12,7,5
44690,Purplemafia,burning-blade,672,warlock,affliction,12,7,5
44691,Langneur,archimonde,672,warlock,affliction,12,7,5
44692,Chaostrain,sylvanas,672,warlock,affliction,16,8,8
44693,Mønarch,argent-dawn,672,warlock,affliction,18,7,11
44694,Мрорбит,howling-fjord,672,warlock,affliction,18,7,11
44695,Кокобан,howling-fjord,672,warlock,affliction,18,7,11
44696,Муза,gordunni,672,warlock,affliction,18,7,11
44697,Tanón,sanguino,672,warlock,affliction,18,7,11
44698,Azalock,ragnaros,671,warlock,affliction,12,7,5
44699,Äri,blackmoore,671,warlock,affliction,12,7,5
44700,Maderaloco,silvermoon,671,warlock,affliction,18,7,11
44701,Lockgamerx,ravencrest,670,warlock,affliction,12,7,5
44702,Proctolock,garona,670,warlock,affliction,12,7,5
44703,Luzi,arthas,670,warlock,affliction,12,7,5
44704,Grimréaper,outland,670,warlock,affliction,18,7,11
44705,Bakal,vashj,670,warlock,affliction,18,7,11
44706,Eveline,onyxia,670,warlock,affliction,28,8,20
44707,Алануэйк,deathguard,669,warlock,affliction,12,7,5
44708,Greenlock,la-croisade-écarlate,668,warlock,affliction,12,7,5
44709,Нэйрокризиз,howling-fjord,668,warlock,affliction,12,7,5
44710,Juod,frostmane,667,warlock,affliction,12,7,5
44711,Дольпико,howling-fjord,665,warlock,affliction,12,7,5
44712,Vinilio,kazzak,660,warlock,affliction,18,7,11
44713,Тэйлок,gordunni,658,warlock,affliction,12,7,5
44714,Krismer,silvermoon,618,warlock,affliction,19,8,11
44715,Bäcck,silvermoon,607,warlock,affliction,17,7,10
44716,Marcoil,kazzak,576,warlock,affliction,6,6,0
44717,Keybump,outland,576,warlock,affliction,12,6,6
44718,Hasla,stormreaver,576,warlock,affliction,12,6,6
44719,Multibuyer,tarren-mill,576,warlock,affliction,12,6,6
44720,Dededot,ysondre,576,warlock,affliction,12,6,6
44721,Çüñ,shattered-hand,576,warlock,affliction,12,6,6
44722,Зензирил,galakrond,576,warlock,affliction,12,6,6
44723,Nineinchlock,silvermoon,576,warlock,affliction,12,6,6
44724,Shaarak,blackrock,576,warlock,affliction,12,6,6
44725,Dimmybyrger,stormreaver,576,warlock,affliction,12,6,6
44726,Smaúg,archimonde,576,warlock,affliction,12,6,6
44727,Skuvee,archimonde,576,warlock,affliction,12,6,6
44728,Plâytïmè,stormscale,576,warlock,affliction,12,6,6
44729,Alcringe,kazzak,576,warlock,affliction,12,6,6
44730,Бенлоел,borean-tundra,576,warlock,affliction,12,6,6
44731,Beleghost,sylvanas,576,warlock,affliction,12,6,6
44732,Christoph,tichondrius,576,warlock,affliction,12,6,6
44733,Snackstickz,twisting-nether,576,warlock,affliction,12,6,6
44734,Nicker,antonidas,576,warlock,affliction,12,6,6
44735,Ackorax,kilrogg,576,warlock,affliction,12,6,6
44736,Robertóoo,burning-legion,576,warlock,affliction,12,6,6
44737,Aches,sylvanas,576,warlock,affliction,15,7,8
44738,Tolgaa,draenor,576,warlock,affliction,16,7,9
44739,Влицотьмой,gordunni,576,warlock,affliction,18,6,12
44740,Kresyda,dun-modr,576,warlock,affliction,18,6,12
44741,Guccie,ravencrest,575,warlock,affliction,12,6,6
44742,Tedor,ysondre,575,warlock,affliction,12,6,6
44743,Hodille,argent-dawn,575,warlock,affliction,12,6,6
44744,Talindra,stormscale,575,warlock,affliction,12,6,6
44745,Toskanoamani,blackmoore,575,warlock,affliction,18,6,12
44746,Yasa,khaz-modan,574,warlock,affliction,6,6,0
44747,Lulokko,nemesis,574,warlock,affliction,18,6,12
44748,Consfearacy,executus,574,warlock,affliction,24,6,18
44749,Lökjävel,twisting-nether,572,warlock,affliction,12,6,6
44750,ßatt,dalaran,571,warlock,affliction,12,6,6
44751,Цветника,deathguard,569,warlock,affliction,12,6,6
44752,Cencible,twisting-nether,564,warlock,affliction,16,9,7
44753,Parley,frostmane,542,warlock,affliction,16,6,10
44754,Vendømlørd,archimonde,534,warlock,affliction,14,7,7
44755,Saymore,ragnaros,522,warlock,affliction,13,7,6
44756,Бриант,gordunni,512,warlock,affliction,22,6,16
44757,Скверногрик,fordragon,511,warlock,affliction,10,6,4
44758,Uqrlock,twisting-nether,480,warlock,affliction,6,5,1
44759,Kazyn,archimonde,480,warlock,affliction,6,5,1
44760,Upsahl,twisting-nether,480,warlock,affliction,6,5,1
44761,Díablø,blackmoore,480,warlock,affliction,6,5,1
44762,Faermorn,kazzak,480,warlock,affliction,6,5,1
44763,Lolock,archimonde,480,warlock,affliction,6,5,1
44764,Dualla,aegwynn,480,warlock,affliction,6,5,1
44765,Ranchiëk,ravencrest,480,warlock,affliction,6,5,1
44766,Maidson,blackrock,480,warlock,affliction,6,5,1
44767,Веномхх,lich-king,480,warlock,affliction,6,5,1
44768,Werkx,archimonde,480,warlock,affliction,12,5,7
44769,Iatedora,ahnqiraj,480,warlock,affliction,12,5,7
44770,Druno,archimonde,480,warlock,affliction,12,5,7
44771,Hyøsei,hyjal,480,warlock,affliction,12,5,7
44772,Wällaar,ragnaros,480,warlock,affliction,12,5,7
44773,Nybbx,frostmane,480,warlock,affliction,12,5,7
44774,Sesshouin,alakir,480,warlock,affliction,12,5,7
44775,Chaøsbølt,archimonde,480,warlock,affliction,12,5,7
44776,Zukau,argent-dawn,480,warlock,affliction,12,5,7
44777,Exerji,twisting-nether,480,warlock,affliction,12,5,7
44778,Kwoleriker,norgannon,480,warlock,affliction,12,5,7
44779,Chaozvx,kazzak,480,warlock,affliction,12,5,7
44780,Rtsnmt,alakir,480,warlock,affliction,12,5,7
44781,Daubi,ravencrest,480,warlock,affliction,12,5,7
44782,Pumpfake,ravencrest,480,warlock,affliction,12,5,7
44783,Covidbolt,outland,480,warlock,affliction,12,5,7
44784,Ethiq,blackrock,480,warlock,affliction,12,5,7
44785,Affllction,auchindoun,480,warlock,affliction,18,5,13
44786,Wumz,sylvanas,480,warlock,affliction,24,5,19
44787,Lókí,nagrand,479,warlock,affliction,6,5,1
44788,Цзинкэ,gordunni,479,warlock,affliction,12,5,7
44789,Twnia,the-maelstrom,479,warlock,affliction,12,5,7
44790,Jacobí,defias-brotherhood,479,warlock,affliction,12,5,7
44791,Demonflickan,silvermoon,479,warlock,affliction,12,5,7
44792,Trickyy,azjolnerub,479,warlock,affliction,12,5,7
44793,Dreamage,exodar,479,warlock,affliction,12,5,7
44794,Üserper,chamber-of-aspects,478,warlock,affliction,30,5,25
44795,Hunbeliever,ragnaros,477,warlock,affliction,6,5,1
44796,Lemuriel,arthas,477,warlock,affliction,16,5,11
44797,Guttate,chamber-of-aspects,476,warlock,affliction,12,5,7
44798,Arlu,blackrock,472,warlock,affliction,12,5,7
44799,Nøx,quelthalas,447,warlock,affliction,9,6,3
44800,Garbrandt,tarren-mill,432,warlock,affliction,9,6,3
44801,Danidelarge,blackmoore,426,warlock,affliction,21,6,15
44802,Migyardondup,exodar,416,warlock,affliction,14,6,8
44803,Lazyblue,hyjal,415,warlock,affliction,14,5,9
44804,Stromzii,silvermoon,400,warlock,affliction,7,5,2
44805,Ariyasuke,drakthul,399,warlock,affliction,7,5,2
44806,Hacknator,aegwynn,384,warlock,affliction,6,4,2
44807,Jujalari,stormscale,384,warlock,affliction,6,4,2
44808,Turbonion,archimonde,384,warlock,affliction,6,4,2
44809,Hopéléss,aggra-português,384,warlock,affliction,6,4,2
44810,Enyras,nemesis,384,warlock,affliction,6,4,2
44811,Noemia,defias-brotherhood,384,warlock,affliction,6,4,2
44812,Дестроварлок,blackscar,384,warlock,affliction,6,4,2
44813,Tekrowdy,blackmoore,384,warlock,affliction,6,4,2
44814,Tøpdmg,die-aldor,384,warlock,affliction,6,4,2
44815,Lopari,aegwynn,384,warlock,affliction,6,4,2
44816,Брилс,grom,384,warlock,affliction,6,4,2
44817,Thesnakë,ravencrest,384,warlock,affliction,6,4,2
44818,Фейкгодх,soulflayer,384,warlock,affliction,6,4,2
44819,Helventti,sylvanas,384,warlock,affliction,6,4,2
44820,Wizdoom,outland,384,warlock,affliction,6,4,2
44821,Adotroz,magtheridon,384,warlock,affliction,6,4,2
44822,Ашимал,soulflayer,384,warlock,affliction,6,4,2
44823,Discordîân,twisting-nether,384,warlock,affliction,6,4,2
44824,Solomohn,steamwheedle-cartel,384,warlock,affliction,6,4,2
44825,Tøtøf,sargeras,384,warlock,affliction,6,4,2
44826,Dotritos,tarren-mill,384,warlock,affliction,6,4,2
44827,Aljonah,antonidas,384,warlock,affliction,6,4,2
44828,Патокдрысни,howling-fjord,384,warlock,affliction,6,4,2
44829,Lockyy,karazhan,384,warlock,affliction,6,4,2
44830,Arizyoxot,twisting-nether,384,warlock,affliction,6,4,2
44831,Psychoduck,stormscale,384,warlock,affliction,7,4,3
44832,Djhanzó,outland,384,warlock,affliction,7,4,3
44833,Asmonmald,stormscale,384,warlock,affliction,12,4,8
44834,Doomkicksin,haomarush,384,warlock,affliction,12,4,8
44835,Muninnus,archimonde,384,warlock,affliction,12,4,8
44836,Xyzzy,silvermoon,384,warlock,affliction,12,4,8
44837,Corbbolt,drakthul,384,warlock,affliction,12,4,8
44838,Thepureone,blades-edge,384,warlock,affliction,12,4,8
44839,Zatella,ravencrest,384,warlock,affliction,12,4,8
44840,Mortibal,dalvengyr,384,warlock,affliction,12,4,8
44841,Zeddy,draenor,384,warlock,affliction,12,4,8
44842,Zoh,archimonde,384,warlock,affliction,12,4,8
44843,Kyyuss,burning-legion,384,warlock,affliction,12,4,8
44844,Náwwk,blackmoore,384,warlock,affliction,12,4,8
44845,Braneiotqq,kazzak,384,warlock,affliction,12,4,8
44846,Slàsh,hyjal,384,warlock,affliction,12,4,8
44847,Сатенекс,soulflayer,384,warlock,affliction,12,4,8
44848,Filianore,azjolnerub,384,warlock,affliction,12,4,8
44849,Славеномен,howling-fjord,384,warlock,affliction,12,4,8
44850,Eleriya,argent-dawn,384,warlock,affliction,12,4,8
44851,Shazes,blutkessel,384,warlock,affliction,12,4,8
44852,Roedin,tarren-mill,384,warlock,affliction,18,4,14
44853,Sanas,blackhand,384,warlock,affliction,18,4,14
44854,Nokzhul,blackrock,384,warlock,affliction,18,4,14
44855,Whisperswerd,blackrock,383,warlock,affliction,6,4,2
44856,Phéar,deathwing,383,warlock,affliction,6,4,2
44857,Modéus,ysondre,383,warlock,affliction,12,4,8
44858,Divvaa,tarren-mill,383,warlock,affliction,12,4,8
44859,Lünatix,archimonde,383,warlock,affliction,18,4,14
44860,Аннирина,eversong,382,warlock,affliction,6,4,2
44861,Sladurana,eredar,379,warlock,affliction,12,4,8
44862,Gonzoqt,tarren-mill,352,warlock,affliction,10,5,5
44863,Dotyboi,tarren-mill,351,warlock,affliction,8,5,3
44864,Disrupted,blackmoore,351,warlock,affliction,11,4,7
44865,Fearu,kazzak,336,warlock,affliction,15,4,11
44866,Marakh,stormscale,320,warlock,affliction,10,4,6
44867,Shalazar,dun-modr,319,warlock,affliction,8,4,4
44868,Mjuklock,ravencrest,319,warlock,affliction,14,4,10
44869,Nainbusdemil,dalaran,304,warlock,affliction,19,4,15
44870,Полтарашкаа,blackscar,288,warlock,affliction,6,3,3
44871,Demonoulis,bloodhoof,288,warlock,affliction,6,3,3
44872,Siyaa,eredar,288,warlock,affliction,6,3,3
44873,Xristianos,ravencrest,288,warlock,affliction,6,3,3
44874,Zagren,antonidas,288,warlock,affliction,6,3,3
44875,Sazamia,ravencrest,288,warlock,affliction,6,3,3
44876,Darksoll,hyjal,288,warlock,affliction,6,3,3
44877,Nhw,archimonde,288,warlock,affliction,6,3,3
44878,Sluba,stormscale,288,warlock,affliction,6,3,3
44879,Retrosatanas,archimonde,288,warlock,affliction,6,3,3
44880,Джастсак,gordunni,288,warlock,affliction,6,3,3
44881,Zzooxx,silvermoon,288,warlock,affliction,6,3,3
44882,Darkgrave,the-maelstrom,288,warlock,affliction,6,3,3
44883,Slavecry,silvermoon,288,warlock,affliction,6,3,3
44884,Boonzor,ravencrest,288,warlock,affliction,6,3,3
44885,Mariahscary,auchindoun,288,warlock,affliction,6,3,3
44886,Veoxohr,argent-dawn,288,warlock,affliction,6,3,3
44887,Gigabolt,turalyon,288,warlock,affliction,6,3,3
44888,Raggnarlock,ravencrest,288,warlock,affliction,6,3,3
44889,Dubbzy,outland,288,warlock,affliction,6,3,3
44890,Drozhna,kaelthas,288,warlock,affliction,6,3,3
44891,Madridistaß,outland,288,warlock,affliction,6,3,3
44892,Kumamoto,tarren-mill,288,warlock,affliction,6,3,3
44893,Elleanor,los-errantes,288,warlock,affliction,6,3,3
44894,Decayez,thrall,288,warlock,affliction,6,3,3
44895,Azmondan,ahnqiraj,288,warlock,affliction,6,3,3
44896,Twisted,malganis,288,warlock,affliction,6,3,3
44897,Damira,blackmoore,288,warlock,affliction,6,3,3
44898,Marenov,kazzak,288,warlock,affliction,6,3,3
44899,Ðæthpäct,dalaran,288,warlock,affliction,6,3,3
44900,Vigget,burning-legion,288,warlock,affliction,6,3,3
44901,Dxfive,tarren-mill,288,warlock,affliction,6,3,3
44902,Ooze,kazzak,288,warlock,affliction,6,3,3
44903,Nayolana,argent-dawn,288,warlock,affliction,6,3,3
44904,Kenthal,nemesis,288,warlock,affliction,6,3,3
44905,Demónfire,sylvanas,288,warlock,affliction,6,3,3
44906,Dontargetme,draenor,288,warlock,affliction,6,3,3
44907,Мануил,eversong,288,warlock,affliction,6,3,3
44908,Drainsouls,stormscale,288,warlock,affliction,6,3,3
44909,Nachtreich,thrall,288,warlock,affliction,6,3,3
44910,Imphugger,kazzak,288,warlock,affliction,6,3,3
44911,Manikalinka,stormscale,288,warlock,affliction,6,3,3
44912,Feyreah,blackmoore,288,warlock,affliction,6,3,3
44913,Шрэкс,blackscar,288,warlock,affliction,6,3,3
44914,Демоник,deathguard,288,warlock,affliction,6,3,3
44915,Zélroth,argent-dawn,288,warlock,affliction,6,3,3
44916,Absúrd,turalyon,288,warlock,affliction,6,3,3
44917,Babayagâ,sanguino,288,warlock,affliction,6,3,3
44918,Фримех,soulflayer,288,warlock,affliction,6,3,3
44919,Smoulville,sanguino,288,warlock,affliction,6,3,3
44920,Eldrinar,twisting-nether,288,warlock,affliction,6,3,3
44921,Bixik,ravencrest,288,warlock,affliction,8,3,5
44922,Lifedriller,drakthul,288,warlock,affliction,10,3,7
44923,Zdrac,stormscale,288,warlock,affliction,12,3,9
44924,Этожедру,howling-fjord,288,warlock,affliction,12,3,9
44925,Bowti,ravencrest,288,warlock,affliction,12,3,9
44926,Сварожевич,galakrond,288,warlock,affliction,12,3,9
44927,Likee,eredar,288,warlock,affliction,12,3,9
44928,Zìì,silvermoon,288,warlock,affliction,12,3,9
44929,Bësly,khaz-modan,287,warlock,affliction,6,3,3
44930,Korlox,antonidas,287,warlock,affliction,6,3,3
44931,Smuutil,drakthul,287,warlock,affliction,6,3,3
44932,Lifesteal,auchindoun,287,warlock,affliction,6,3,3
44933,Priszcilla,twisting-nether,287,warlock,affliction,6,3,3
44934,Lewdrumpslap,kazzak,287,warlock,affliction,9,4,5
44935,Márinho,aggra-português,276,warlock,affliction,16,6,10
44936,Alarmlock,silvermoon,233,warlock,affliction,6,4,2
44937,Snaga,culte-de-la-rive-noire,233,warlock,affliction,15,5,10
44938,Lockas,ravencrest,222,warlock,affliction,8,3,5
44939,Freshplanga,kazzak,192,warlock,affliction,4,3,1
44940,Enviroq,burning-legion,192,warlock,affliction,6,2,4
44941,Waatschnbaam,eredar,192,warlock,affliction,6,2,4
44942,Venaarus,antonidas,192,warlock,affliction,6,2,4
44943,Therelda,sanguino,192,warlock,affliction,6,2,4
44944,Portyx,archimonde,192,warlock,affliction,6,2,4
44945,Yhazel,archimonde,192,warlock,affliction,6,2,4
44946,Funcky,terokkar,192,warlock,affliction,6,2,4
44947,Bigbagelbob,archimonde,192,warlock,affliction,6,2,4
44948,Endherkonk,sanguino,192,warlock,affliction,6,2,4
44949,Djadizpunish,stormscale,192,warlock,affliction,6,2,4
44950,Healél,sanguino,192,warlock,affliction,6,2,4
44951,Хастла,ashenvale,192,warlock,affliction,6,2,4
44952,Ðankan,aegwynn,192,warlock,affliction,6,2,4
44953,Fredé,kazzak,192,warlock,affliction,6,2,4
44954,Lakasytos,sanguino,192,warlock,affliction,6,2,4
44955,Zartax,kazzak,192,warlock,affliction,6,2,4
44956,Potatowl,ravencrest,192,warlock,affliction,6,2,4
44957,Meisterhexe,taerar,192,warlock,affliction,6,2,4
44958,Désolaté,kazzak,192,warlock,affliction,6,2,4
44959,Berkobaggins,ravencrest,192,warlock,affliction,6,2,4
44960,Elvània,eredar,192,warlock,affliction,6,2,4
44961,ßatocko,kazzak,192,warlock,affliction,6,2,4
44962,Hellcatherin,ghostlands,192,warlock,affliction,6,2,4
44963,Marroux,malganis,192,warlock,affliction,6,2,4
44964,Soundmagic,silvermoon,192,warlock,affliction,6,2,4
44965,Kastón,dun-modr,192,warlock,affliction,6,2,4
44966,Pichwise,draenor,192,warlock,affliction,6,2,4
44967,Supergeîl,blackrock,192,warlock,affliction,6,2,4
44968,Flockyy,draenor,192,warlock,affliction,6,2,4
44969,Norgebrur,draenor,192,warlock,affliction,6,2,4
44970,Myristica,die-todeskrallen,192,warlock,affliction,6,2,4
44971,Saltybagel,draenor,192,warlock,affliction,6,2,4
44972,Tørcal,hyjal,192,warlock,affliction,6,2,4
44973,Freyjå,confrérie-du-thorium,192,warlock,affliction,6,2,4
44974,Dotsfired,aegwynn,192,warlock,affliction,6,2,4
44975,Razkann,confrérie-du-thorium,192,warlock,affliction,6,2,4
44976,Kivilock,dun-modr,192,warlock,affliction,6,2,4
44977,Ozax,doomhammer,192,warlock,affliction,6,2,4
44978,Сатаната,deepholm,192,warlock,affliction,6,2,4
44979,Tokarrus,blackmoore,192,warlock,affliction,6,2,4
44980,Маларгас,soulflayer,192,warlock,affliction,6,2,4
44981,Мамхаус,howling-fjord,192,warlock,affliction,6,2,4
44982,Wutili,dun-morogh,192,warlock,affliction,6,2,4
44983,Бирел,soulflayer,192,warlock,affliction,6,2,4
44984,Twistedfate,norgannon,192,warlock,affliction,6,2,4
44985,Чернокнжник,soulflayer,192,warlock,affliction,6,2,4
44986,Necrolon,senjin,192,warlock,affliction,6,2,4
44987,Millhaus,gorgonnash,192,warlock,affliction,6,2,4
44988,Necroless,shadowsong,192,warlock,affliction,6,2,4
44989,Legend,trollbane,192,warlock,affliction,6,2,4
44990,Shreklock,burning-blade,192,warlock,affliction,6,2,4
44991,Жериновсский,gordunni,192,warlock,affliction,6,2,4
44992,Kotihoitaja,stormreaver,192,warlock,affliction,6,2,4
44993,Армдэд,galakrond,192,warlock,affliction,6,2,4
44994,Irnx,tarren-mill,192,warlock,affliction,6,2,4
44995,Turdy,sylvanas,192,warlock,affliction,6,2,4
44996,Скверножмых,gordunni,192,warlock,affliction,6,2,4
44997,Cptdotalot,tarren-mill,192,warlock,affliction,6,2,4
44998,Гумал,howling-fjord,192,warlock,affliction,6,2,4
44999,Purplemonkey,burning-blade,192,warlock,affliction,6,2,4
45000,Ruvy,twisting-nether,192,warlock,affliction,6,2,4
45001,Lockingcute,tarren-mill,192,warlock,affliction,6,2,4
45002,Lacruum,ragnaros,192,warlock,affliction,6,2,4
45003,Adafbhf,tichondrius,192,warlock,affliction,8,2,6
45004,Dupony,antonidas,192,warlock,affliction,12,2,10
45005,Dráintráin,burning-blade,192,warlock,affliction,12,2,10
45006,Рыжевласочка,eversong,192,warlock,affliction,12,2,10
45007,Pøx,nemesis,192,warlock,affliction,12,2,10
45008,Müsli,kiljaeden,192,warlock,affliction,12,2,10
45009,Rasputia,thunderhorn,191,warlock,affliction,6,2,4
45010,Ryurans,cthun,159,warlock,affliction,5,2,3
45011,Overbuffed,wildhammer,159,warlock,affliction,5,2,3
45012,Аоепампгодх,howling-fjord,159,warlock,affliction,11,2,9
45013,Nürgle,stormscale,138,warlock,affliction,8,3,5
45014,Ghachi,draenor,138,warlock,affliction,15,3,12
45015,Malariaa,defias-brotherhood,128,warlock,affliction,4,2,2
45016,Paveru,tarren-mill,128,warlock,affliction,4,2,2
45017,Hokoreuw,echsenkessel,112,warlock,affliction,7,2,5
45018,Carelock,chamber-of-aspects,96,warlock,affliction,3,2,1
45019,Laokoon,blackmoore,96,warlock,affliction,3,2,1
45020,Mergon,ravencrest,96,warlock,affliction,3,2,1
45021,Infernó,aerie-peak,96,warlock,affliction,3,2,1
45022,Phenolock,blackhand,96,warlock,affliction,6,1,5
45023,Mîjagî,blackhand,96,warlock,affliction,6,1,5
45024,Werzel,frostmane,96,warlock,affliction,6,1,5
45025,Noahh,kazzak,96,warlock,affliction,6,1,5
45026,Branduir,ragnaros,96,warlock,affliction,6,1,5
45027,Icritmore,stormscale,96,warlock,affliction,6,1,5
45028,Fearrari,ragnaros,96,warlock,affliction,6,1,5
45029,Mendozaah,kazzak,96,warlock,affliction,6,1,5
45030,Vicktorious,stormscale,96,warlock,affliction,6,1,5
45031,Nevergladtra,darksorrow,96,warlock,affliction,6,1,5
45032,Fêâr,dun-modr,96,warlock,affliction,6,1,5
45033,Бигсмоук,howling-fjord,96,warlock,affliction,6,1,5
45034,Blackwizard,theradras,96,warlock,affliction,6,1,5
45035,Усубени,greymane,96,warlock,affliction,6,1,5
45036,Gemja,onyxia,96,warlock,affliction,6,1,5
45037,Belial,minahonda,96,warlock,affliction,6,1,5
45038,Jagerlock,doomhammer,96,warlock,affliction,6,1,5
45039,Doturanal,blackmoore,96,warlock,affliction,6,1,5
45040,Zozano,draenor,96,warlock,affliction,6,1,5
45041,Robertóó,burning-legion,96,warlock,affliction,6,1,5
45042,Coilxo,ravencrest,96,warlock,affliction,6,1,5
45043,Kretuss,silvermoon,96,warlock,affliction,6,1,5
45044,Дарунг,greymane,96,warlock,affliction,6,1,5
45045,Merelock,eonar,96,warlock,affliction,6,1,5
45046,Goefaz,blackrock,96,warlock,affliction,6,1,5
45047,Zxò,twisting-nether,96,warlock,affliction,8,1,7
45048,Adøume,ysondre,96,warlock,affliction,15,1,14
45049,Warlockholms,archimonde,79,warlock,affliction,5,1,4
45050,Akdan,ragnaros,64,warlock,affliction,4,1,3
45051,Poulebar,ysondre,64,warlock,affliction,4,1,3
45052,Natpoesje,azjolnerub,64,warlock,affliction,4,1,3
45053,Nedivh,stormscale,48,warlock,affliction,3,1,2
45054,Petrosk,sanguino,42,warlock,affliction,6,2,4
45055,Omegachad,draenor,31,warlock,affliction,2,1,1
45056,Dailylock,kazzak,31,warlock,affliction,2,1,1
45057,Tepelkwastje,twisting-nether,31,warlock,affliction,8,1,7
45058,Dyingdog,kazzak,2231,warrior,fury,79,45,34
45059,Dõxlol,kazzak,2179,warrior,fury,72,45,27
45060,Wodwod,kazzak,2146,warrior,fury,60,46,14
45061,Corvínus,blackrock,2137,warrior,fury,170,93,77
45062,Gottdustin,lothar,2124,warrior,fury,143,78,65
45063,Uretirips,archimonde,2115,warrior,fury,168,101,67
45064,Joeférnandes,ragnaros,2107,warrior,fury,72,43,29
45065,Quanny,die-aldor,2102,warrior,fury,114,67,47
45066,Níghtfúry,ravencrest,2102,warrior,fury,84,43,41
45067,Ðunhammer,blackmoore,2100,warrior,fury,114,67,47
45068,Stephabibi,kazzak,2052,warrior,fury,94,55,39
45069,Богвойны,razuvious,2024,warrior,fury,90,53,37
45070,Thorana,twisting-nether,2022,warrior,fury,412,204,208
45071,Vitezandro,stormscale,2013,warrior,fury,54,40,14
45072,Elsensor,sylvanas,1987,warrior,fury,89,42,47
45073,Syltetballe,kazzak,1962,warrior,fury,48,37,11
45074,Dyingdogs,kazzak,1945,warrior,fury,60,32,28
45075,Дахирарг,fordragon,1938,warrior,fury,72,39,33
45076,Thezug,blackmoore,1935,warrior,fury,96,48,48
45077,Sublex,blackrock,1933,warrior,fury,60,34,26
45078,Schultze,kazzak,1929,warrior,fury,136,60,76
45079,Gregorez,silvermoon,1910,warrior,fury,96,53,43
45080,Sporctaco,nemesis,1910,warrior,fury,154,81,73
45081,Schlauberg,azshara,1903,warrior,fury,66,40,26
45082,Méido,argent-dawn,1890,warrior,fury,319,171,148
45083,Dõxqt,kazzak,1888,warrior,fury,48,30,18
45084,Варплеер,gordunni,1875,warrior,fury,76,39,37
45085,Nodrip,stormscale,1874,warrior,fury,66,42,24
45086,Blîxtgordon,tarren-mill,1870,warrior,fury,48,29,19
45087,Insanedmg,dun-modr,1864,warrior,fury,72,40,32
45088,Émalkay,tarren-mill,1863,warrior,fury,48,26,22
45089,Релайк,gordunni,1860,warrior,fury,60,33,27
45090,Bloodhorn,blackhand,1857,warrior,fury,54,36,18
45091,Brythwyn,blackrock,1856,warrior,fury,54,30,24
45092,Wruxar,bronzebeard,1856,warrior,fury,54,29,25
45093,Plackø,draenor,1855,warrior,fury,126,69,57
45094,Ironbound,silvermoon,1853,warrior,fury,36,25,11
45095,Sockerbagarn,zenedar,1853,warrior,fury,154,77,77
45096,Shinychan,silvermoon,1852,warrior,fury,36,26,10
45097,Kwesta,kazzak,1850,warrior,fury,60,34,26
45098,Morganãrogán,ragnaros,1850,warrior,fury,42,23,19
45099,Yaler,alakir,1847,warrior,fury,48,33,15
45100,Cesr,bloodhoof,1847,warrior,fury,126,71,55
45101,Jeco,tarren-mill,1846,warrior,fury,66,39,27
45102,Yawalad,stormscale,1845,warrior,fury,66,35,31
45103,Sublex,aegwynn,1838,warrior,fury,60,36,24
45104,Frozenliøn,twisting-nether,1836,warrior,fury,48,32,16
45105,Lair,zuljin,1835,warrior,fury,106,67,39
45106,Elian,ragnaros,1835,warrior,fury,72,36,36
45107,Elsensør,thrall,1832,warrior,fury,63,32,31
45108,Faraam,sunstrider,1832,warrior,fury,45,21,24
45109,Imolderthenu,blackrock,1825,warrior,fury,166,91,75
45110,Zidbi,argent-dawn,1825,warrior,fury,126,68,58
45111,Kenryu,argent-dawn,1825,warrior,fury,60,32,28
45112,Dronikos,ravencrest,1824,warrior,fury,54,35,19
45113,Sonnyzz,sanguino,1824,warrior,fury,36,21,15
45114,Timewarrior,ravencrest,1824,warrior,fury,54,30,24
45115,Xark,drakthul,1824,warrior,fury,90,49,41
45116,Deatheart,ysondre,1824,warrior,fury,76,41,35
45117,Трэйдар,blackscar,1823,warrior,fury,48,27,21
45118,Gladius,blutkessel,1819,warrior,fury,156,80,76
45119,Letiis,blackrock,1816,warrior,fury,105,57,48
45120,Jaý,draenor,1815,warrior,fury,56,35,21
45121,Adian,ravencrest,1813,warrior,fury,42,26,16
45122,Zednos,twilights-hammer,1812,warrior,fury,184,102,82
45123,Злопиканка,gordunni,1811,warrior,fury,67,34,33
45124,Arthoc,sanguino,1810,warrior,fury,54,33,21
45125,Xzwarr,silvermoon,1810,warrior,fury,38,21,17
45126,Мигнт,howling-fjord,1810,warrior,fury,42,23,19
45127,Hawkman,outland,1809,warrior,fury,41,25,16
45128,Capitalista,das-konsortium,1809,warrior,fury,90,51,39
45129,Clellin,silvermoon,1807,warrior,fury,139,80,59
45130,Späns,ragnaros,1807,warrior,fury,71,34,37
45131,Zyalen,stormscale,1806,warrior,fury,60,32,28
45132,Âshnâzgðûr,burning-blade,1806,warrior,fury,87,43,44
45133,Kizzyo,draenor,1804,warrior,fury,96,51,45
45134,Nóvamh,draenor,1802,warrior,fury,42,24,18
45135,Kocmochka,tarren-mill,1802,warrior,fury,60,32,28
45136,Heartmemphis,stormscale,1801,warrior,fury,41,24,17
45137,Dreams,auchindoun,1801,warrior,fury,48,28,20
45138,Vykoz,sylvanas,1800,warrior,fury,42,24,18
45139,Sonnylolxd,dun-modr,1800,warrior,fury,54,29,25
45140,Pflanzling,nozdormu,1800,warrior,fury,100,47,53
45141,Basiletha,hyjal,1788,warrior,fury,41,20,21
45142,Geez,burning-blade,1787,warrior,fury,42,23,19
45143,Budgetassa,stormscale,1784,warrior,fury,42,23,19
45144,Badon,burning-legion,1783,warrior,fury,54,35,19
45145,Robycoleman,nemesis,1783,warrior,fury,213,110,103
45146,Castlevania,ravencrest,1782,warrior,fury,72,37,35
45147,Zadirich,burning-blade,1774,warrior,fury,66,35,31
45148,Tóffèl,thrall,1773,warrior,fury,48,32,16
45149,Rïmxøxø,haomarush,1773,warrior,fury,48,32,16
45150,Warrez,azuremyst,1773,warrior,fury,125,72,53
45151,Ryonâgai,aegwynn,1773,warrior,fury,54,30,24
45152,Luxurious,argent-dawn,1770,warrior,fury,72,40,32
45153,Beasterbunny,outland,1764,warrior,fury,50,32,18
45154,Luigistar,naxxramas,1764,warrior,fury,84,44,40
45155,Oldcockball,argent-dawn,1755,warrior,fury,78,47,31
45156,Unstopablle,twisting-nether,1755,warrior,fury,78,47,31
45157,Байсал,gordunni,1751,warrior,fury,103,59,44
45158,Løktær,blackmoore,1747,warrior,fury,60,27,33
45159,Koljach,sylvanas,1745,warrior,fury,156,85,71
45160,Biturboo,blackrock,1745,warrior,fury,61,30,31
45161,Irontouch,draenor,1742,warrior,fury,48,29,19
45162,Джакир,howling-fjord,1733,warrior,fury,54,29,25
45163,Рыгатрон,galakrond,1732,warrior,fury,36,19,17
45164,Eddíemòrphin,kazzak,1727,warrior,fury,46,28,18
45165,Wgdx,ravencrest,1726,warrior,fury,54,28,26
45166,Juna,hellscream,1726,warrior,fury,91,47,44
45167,Даймонддогс,gordunni,1725,warrior,fury,64,36,28
45168,Honzakesl,drakthul,1721,warrior,fury,63,37,26
45169,Risara,outland,1720,warrior,fury,49,31,18
45170,Грамол,soulflayer,1719,warrior,fury,66,36,30
45171,Кавайтити,blackscar,1718,warrior,fury,39,19,20
45172,Варынеопэ,gordunni,1717,warrior,fury,65,35,30
45173,Grulbash,stormscale,1714,warrior,fury,36,18,18
45174,Ibunnyone,blackrock,1713,warrior,fury,48,25,23
45175,Discoklaus,blackmoore,1712,warrior,fury,222,114,108
45176,Тьмасвятая,gordunni,1710,warrior,fury,42,22,20
45177,Wismerx,kazzak,1706,warrior,fury,30,19,11
45178,Stansmash,kazzak,1704,warrior,fury,30,18,12
45179,Cuzyxtwo,blackrock,1704,warrior,fury,48,27,21
45180,Susugar,ysondre,1704,warrior,fury,52,28,24
45181,Читора,blackscar,1702,warrior,fury,59,32,27
45182,Дарккардинал,deathguard,1699,warrior,fury,76,38,38
45183,Oneoneseven,archimonde,1698,warrior,fury,42,26,16
45184,Durif,argent-dawn,1697,warrior,fury,36,24,12
45185,Хенгард,gordunni,1697,warrior,fury,60,34,26
45186,Violentfunky,ravencrest,1697,warrior,fury,84,40,44
45187,Xeraaya,kirin-tor,1696,warrior,fury,90,43,47
45188,Kiha,argent-dawn,1695,warrior,fury,42,24,18
45189,Bigbugatti,draenor,1695,warrior,fury,48,20,28
45190,Margon,aegwynn,1692,warrior,fury,48,29,19
45191,Bananapower,aszune,1692,warrior,fury,54,30,24
45192,Yodabär,blackmoore,1690,warrior,fury,120,62,58
45193,Dödgrävarn,stormscale,1685,warrior,fury,102,57,45
45194,Soakmybeet,archimonde,1685,warrior,fury,65,33,32
45195,Дейдулус,soulflayer,1682,warrior,fury,42,23,19
45196,Slaycon,sanguino,1680,warrior,fury,63,26,37
45197,Kibb,sylvanas,1678,warrior,fury,56,35,21
45198,Gôrilla,kazzak,1674,warrior,fury,32,19,13
45199,Даркслеерх,howling-fjord,1674,warrior,fury,36,18,18
45200,Бубаигавар,gordunni,1673,warrior,fury,42,22,20
45201,Протектор,soulflayer,1673,warrior,fury,160,79,81
45202,Neopronouns,stormscale,1672,warrior,fury,36,22,14
45203,Råzor,blackhand,1672,warrior,fury,215,117,98
45204,Pouckette,hyjal,1670,warrior,fury,78,41,37
45205,Vÿnk,ysondre,1669,warrior,fury,80,45,35
45206,Decapitatëd,outland,1668,warrior,fury,36,19,17
45207,Футжисубо,razuvious,1667,warrior,fury,90,44,46
45208,Walexmaryk,ragnaros,1666,warrior,fury,161,87,74
45209,Ranmaru,kazzak,1665,warrior,fury,97,46,51
45210,Aleextrasza,silvermoon,1664,warrior,fury,43,24,19
45211,Níká,bronzebeard,1663,warrior,fury,52,30,22
45212,Берззлой,gordunni,1661,warrior,fury,52,30,22
45213,Averenx,frostwolf,1659,warrior,fury,110,57,53
45214,Titza,silvermoon,1659,warrior,fury,68,31,37
45215,Jinrok,turalyon,1658,warrior,fury,72,47,25
45216,Vesnãpusic,draenor,1655,warrior,fury,57,35,22
45217,Broley,blackhand,1655,warrior,fury,58,35,23
45218,Iagô,argent-dawn,1655,warrior,fury,60,35,25
45219,Azazelslayer,dethecus,1654,warrior,fury,60,41,19
45220,Jetman,ravencrest,1654,warrior,fury,58,29,29
45221,Toptier,drakthul,1653,warrior,fury,53,30,23
45222,Pizdatos,ravencrest,1653,warrior,fury,54,30,24
45223,Очепенец,soulflayer,1652,warrior,fury,129,66,63
45224,Ðønøvan,sanguino,1651,warrior,fury,64,36,28
45225,Noproblem,ragnaros,1650,warrior,fury,65,34,31
45226,Xzurgster,twisting-nether,1649,warrior,fury,52,23,29
45227,Harbee,stormscale,1647,warrior,fury,170,96,74
45228,Antismoke,silvermoon,1645,warrior,fury,105,59,46
45229,Zerberos,drakthul,1645,warrior,fury,131,69,62
45230,Poggsaron,kazzak,1645,warrior,fury,99,50,49
45231,Swayzze,frostwolf,1642,warrior,fury,48,27,21
45232,Goorila,kazzak,1642,warrior,fury,36,19,17
45233,Yserá,auchindoun,1641,warrior,fury,40,19,21
45234,Picciocino,nemesis,1638,warrior,fury,53,25,28
45235,Mybigcow,darkspear,1638,warrior,fury,47,22,25
45236,Боссберс,soulflayer,1636,warrior,fury,78,44,34
45237,Хуфхорнс,soulflayer,1636,warrior,fury,39,21,18
45238,Гринфинч,galakrond,1636,warrior,fury,106,55,51
45239,Вадло,soulflayer,1635,warrior,fury,54,27,27
45240,Bastquirage,dalaran,1633,warrior,fury,42,24,18
45241,Ðènlos,destromath,1632,warrior,fury,84,43,41
45242,Ifir,hyjal,1632,warrior,fury,64,30,34
45243,Котаче,soulflayer,1630,warrior,fury,118,60,58
45244,Кладбошаа,gordunni,1630,warrior,fury,127,63,64
45245,Темнозорь,ashenvale,1629,warrior,fury,49,26,23
45246,Sanngridr,defias-brotherhood,1629,warrior,fury,66,32,34
45247,Peli,burning-blade,1628,warrior,fury,228,114,114
45248,Nerfrend,stormscale,1627,warrior,fury,30,17,13
45249,Megalann,silvermoon,1627,warrior,fury,84,41,43
45250,Oogaboogadps,silvermoon,1626,warrior,fury,109,58,51
45251,Криккс,greymane,1625,warrior,fury,66,32,34
45252,Вимор,soulflayer,1624,warrior,fury,36,19,17
45253,Skylexs,burning-legion,1624,warrior,fury,48,22,26
45254,Roxxyy,stormreaver,1621,warrior,fury,53,31,22
45255,Металлие,howling-fjord,1621,warrior,fury,48,21,27
45256,Hynish,doomhammer,1619,warrior,fury,76,42,34
45257,Flexbot,blackmoore,1617,warrior,fury,38,23,15
45258,Vágópityu,ragnaros,1617,warrior,fury,42,21,21
45259,Shilix,twisting-nether,1616,warrior,fury,30,20,10
45260,Borndet,eredar,1616,warrior,fury,57,34,23
45261,Vegilhenvin,stormscale,1616,warrior,fury,111,62,49
45262,Hanìbal,ravencrest,1616,warrior,fury,72,37,35
45263,Discølove,frostwolf,1615,warrior,fury,35,19,16
45264,Êssâ,stormscale,1612,warrior,fury,30,17,13
45265,Mezen,stormscale,1609,warrior,fury,69,41,28
45266,Celn,silvermoon,1608,warrior,fury,145,80,65
45267,Элинглир,gordunni,1608,warrior,fury,63,33,30
45268,Шлифую,howling-fjord,1608,warrior,fury,66,32,34
45269,Хёда,eversong,1607,warrior,fury,60,32,28
45270,Wabisabì,silvermoon,1607,warrior,fury,63,33,30
45271,Notvisionary,ravencrest,1606,warrior,fury,36,17,19
45272,Boos,burning-legion,1605,warrior,fury,30,17,13
45273,Гронвер,soulflayer,1601,warrior,fury,134,75,59
45274,Явараа,howling-fjord,1600,warrior,fury,72,41,31
45275,Halfbroken,moonglade,1600,warrior,fury,78,37,41
45276,Ebonheart,argent-dawn,1599,warrior,fury,59,32,27
45277,Rofos,hellscream,1597,warrior,fury,55,29,26
45278,Narukeratnik,draenor,1596,warrior,fury,60,36,24
45279,Abnôrmus,tarren-mill,1594,warrior,fury,114,53,61
45280,Zhenshii,blackmoore,1593,warrior,fury,65,34,31
45281,Эйримор,gordunni,1593,warrior,fury,137,68,69
45282,Lífelover,tarren-mill,1593,warrior,fury,66,30,36
45283,Methodxd,outland,1592,warrior,fury,78,38,40
45284,Grâkul,twisting-nether,1591,warrior,fury,245,127,118
45285,Jyukei,archimonde,1587,warrior,fury,42,30,12
45286,Nobodyx,tarren-mill,1587,warrior,fury,108,62,46
45287,Zupkaztrópka,burning-legion,1587,warrior,fury,89,47,42
45288,Gromex,stormscale,1587,warrior,fury,75,31,44
45289,Тегриско,goldrinn,1584,warrior,fury,66,33,33
45290,Вундеркитти,soulflayer,1583,warrior,fury,80,41,39
45291,Wornag,argent-dawn,1578,warrior,fury,83,40,43
45292,Fizzywarrior,blackmoore,1576,warrior,fury,42,23,19
45293,Dizzyndumb,draenor,1575,warrior,fury,165,93,72
45294,Osha,hyjal,1575,warrior,fury,273,135,138
45295,Латахо,gordunni,1574,warrior,fury,54,27,27
45296,Nozuki,archimonde,1573,warrior,fury,88,50,38
45297,Thundersword,sylvanas,1573,warrior,fury,54,25,29
45298,Asmoche,archimonde,1571,warrior,fury,60,29,31
45299,Uwuwarrior,alleria,1570,warrior,fury,64,35,29
45300,Garlogar,twisting-nether,1569,warrior,fury,108,59,49
45301,Radamantys,drakthul,1566,warrior,fury,36,19,17
45302,Иктиннос,gordunni,1565,warrior,fury,57,21,36
45303,Stahlhund,silvermoon,1564,warrior,fury,87,47,40
45304,Касюлин,gordunni,1562,warrior,fury,53,31,22
45305,Æç,argent-dawn,1562,warrior,fury,36,19,17
45306,Alexandrrior,rexxar,1561,warrior,fury,57,35,22
45307,Flippingout,stormscale,1560,warrior,fury,60,27,33
45308,Мамкингерой,howling-fjord,1559,warrior,fury,42,23,19
45309,Bønecleaver,blackrock,1558,warrior,fury,110,56,54
45310,Halalmeat,minahonda,1557,warrior,fury,36,19,17
45311,Thorken,ragnaros,1557,warrior,fury,59,29,30
45312,Сариату,soulflayer,1556,warrior,fury,72,34,38
45313,Propanex,kazzak,1555,warrior,fury,36,18,18
45314,Baldemort,antonidas,1554,warrior,fury,75,42,33
45315,Waralert,kazzak,1553,warrior,fury,36,19,17
45316,Bartins,magtheridon,1550,warrior,fury,66,39,27
45317,Тралмош,razuvious,1546,warrior,fury,46,28,18
45318,Zwareboy,frostmane,1546,warrior,fury,48,20,28
45319,Köftemecx,blackrock,1544,warrior,fury,43,30,13
45320,Goomby,argent-dawn,1544,warrior,fury,48,22,26
45321,Едигейй,gordunni,1543,warrior,fury,68,37,31
45322,Dævedoff,sanguino,1542,warrior,fury,60,32,28
45323,Horovoko,kazzak,1541,warrior,fury,24,18,6
45324,Karentneuf,khaz-modan,1541,warrior,fury,35,23,12
45325,Slidmacka,twisting-nether,1539,warrior,fury,36,24,12
45326,Bourbimrgllr,hyjal,1536,warrior,fury,39,20,19
45327,Ананаслорд,blackscar,1535,warrior,fury,26,18,8
45328,Hejduk,frostmane,1533,warrior,fury,30,20,10
45329,Вменяемый,gordunni,1533,warrior,fury,88,44,44
45330,Белославный,gordunni,1532,warrior,fury,55,38,17
45331,ßbç,ysondre,1532,warrior,fury,84,41,43
45332,Альмас,galakrond,1531,warrior,fury,59,29,30
45333,Нордгаар,howling-fjord,1529,warrior,fury,36,23,13
45334,Spokowar,hyjal,1528,warrior,fury,30,17,13
45335,Tanja,bronzebeard,1528,warrior,fury,30,16,14
45336,Bigbibbs,tarren-mill,1526,warrior,fury,68,32,36
45337,Telrion,silvermoon,1525,warrior,fury,30,16,14
45338,Certavus,antonidas,1525,warrior,fury,60,31,29
45339,Indicaflower,ahnqiraj,1525,warrior,fury,89,45,44
45340,Yousainsbolt,blackrock,1525,warrior,fury,50,24,26
45341,Linzao,archimonde,1524,warrior,fury,30,16,14
45342,Неуно,howling-fjord,1522,warrior,fury,54,32,22
45343,Bobitybob,ravencrest,1520,warrior,fury,60,36,24
45344,Jeronimoe,blackmoore,1520,warrior,fury,41,24,17
45345,Inconcussae,drakthul,1519,warrior,fury,30,19,11
45346,Mirpz,doomhammer,1519,warrior,fury,47,24,23
45347,Bözzy,stormreaver,1519,warrior,fury,144,72,72
45348,Berré,ragnaros,1518,warrior,fury,48,23,25
45349,Thrallhall,kazzak,1517,warrior,fury,101,45,56
45350,Ууша,soulflayer,1516,warrior,fury,47,24,23
45351,Zwecko,malganis,1513,warrior,fury,30,16,14
45352,Pokopo,blackrock,1510,warrior,fury,42,23,19
45353,Bleaja,tarren-mill,1509,warrior,fury,24,16,8
45354,Втораянатура,howling-fjord,1508,warrior,fury,36,22,14
45355,Мурмадонио,soulflayer,1507,warrior,fury,60,26,34
45356,Gids,silvermoon,1506,warrior,fury,34,21,13
45357,Xiny,blackrock,1506,warrior,fury,42,24,18
45358,Senshin,sanguino,1506,warrior,fury,40,19,21
45359,Bursch,ravencrest,1504,warrior,fury,30,16,14
45360,Truckfury,ravencrest,1504,warrior,fury,88,46,42
45361,Gronos,silvermoon,1504,warrior,fury,74,38,36
45362,Rhynot,argent-dawn,1502,warrior,fury,24,16,8
45363,Арристокррат,soulflayer,1501,warrior,fury,42,23,19
45364,Jarggyül,culte-de-la-rive-noire,1500,warrior,fury,36,21,15
45365,Crriminal,ravencrest,1498,warrior,fury,24,16,8
45366,Sebastian,ravencrest,1498,warrior,fury,60,29,31
45367,Auglok,twisting-nether,1497,warrior,fury,114,59,55
45368,Лазба,gordunni,1493,warrior,fury,58,31,27
45369,Enzja,nazjatar,1492,warrior,fury,31,18,13
45370,Evrybodydown,draenor,1492,warrior,fury,148,77,71
45371,Zaximos,twisting-nether,1488,warrior,fury,62,30,32
45372,Лимор,howling-fjord,1488,warrior,fury,42,16,26
45373,Ärmodäuss,norgannon,1486,warrior,fury,69,34,35
45374,Варрвик,howling-fjord,1486,warrior,fury,45,22,23
45375,Груббоб,booty-bay,1484,warrior,fury,72,36,36
45376,Rimvar,alleria,1484,warrior,fury,60,28,32
45377,Corrin,frostmourne,1483,warrior,fury,116,65,51
45378,Perinel,draenor,1483,warrior,fury,82,32,50
45379,Добиватель,howling-fjord,1482,warrior,fury,66,35,31
45380,Jorund,archimonde,1482,warrior,fury,54,26,28
45381,Wøokz,argent-dawn,1475,warrior,fury,142,69,73
45382,Чпонькмашина,soulflayer,1474,warrior,fury,92,53,39
45383,Eygón,silvermoon,1474,warrior,fury,54,23,31
45384,Roidspam,outland,1471,warrior,fury,71,28,43
45385,Nurti,silvermoon,1465,warrior,fury,36,21,15
45386,Kwedrowar,burning-legion,1465,warrior,fury,116,55,61
45387,Тактоядобрый,ashenvale,1465,warrior,fury,41,16,25
45388,Zeliøn,elune,1463,warrior,fury,84,50,34
45389,Craghak,twisting-nether,1463,warrior,fury,82,41,41
45390,Straya,malorne,1463,warrior,fury,60,30,30
45391,Chrissey,argent-dawn,1462,warrior,fury,45,21,24
45392,Анакронокс,howling-fjord,1461,warrior,fury,58,29,29
45393,Hrodulf,moonglade,1461,warrior,fury,83,38,45
45394,Syfér,grim-batol,1460,warrior,fury,24,16,8
45395,Tweegles,argent-dawn,1460,warrior,fury,71,35,36
45396,Grubshak,burning-legion,1460,warrior,fury,47,22,25
45397,Kobeni,ysondre,1457,warrior,fury,50,30,20
45398,Oravedenes,draenor,1457,warrior,fury,104,61,43
45399,Stratoz,ragnaros,1457,warrior,fury,61,27,34
45400,Èscøbar,dalaran,1454,warrior,fury,49,23,26
45401,Wärlør,ravencrest,1452,warrior,fury,72,44,28
45402,Zugbro,stormscale,1452,warrior,fury,48,25,23
45403,Dríppy,aegwynn,1445,warrior,fury,27,19,8
45404,Tyrâdus,kiljaeden,1445,warrior,fury,36,22,14
45405,Gìlgamesh,dun-modr,1444,warrior,fury,55,30,25
45406,Rîiper,ysondre,1444,warrior,fury,42,22,20
45407,Cocojumbo,azuremyst,1443,warrior,fury,30,17,13
45408,Krigarjag,kazzak,1442,warrior,fury,42,28,14
45409,Toundrâa,archimonde,1441,warrior,fury,147,75,72
45410,Спайкуссь,goldrinn,1440,warrior,fury,36,21,15
45411,Старопрамен,thermaplugg,1440,warrior,fury,219,116,103
45412,Dragão,kazzak,1440,warrior,fury,60,28,32
45413,Tatabaf,ysondre,1437,warrior,fury,42,23,19
45414,Rocketx,blackrock,1431,warrior,fury,30,15,15
45415,Xalont,doomhammer,1431,warrior,fury,36,17,19
45416,Borntothis,zuljin,1430,warrior,fury,80,47,33
45417,Blaktarr,dunemaul,1430,warrior,fury,45,23,22
45418,Whimbux,stormscale,1429,warrior,fury,45,22,23
45419,Pinkíe,blackmoore,1428,warrior,fury,30,15,15
45420,Leelazero,argent-dawn,1428,warrior,fury,37,16,21
45421,Fridaax,lightbringer,1427,warrior,fury,24,15,9
45422,Shadowcacau,aggra-português,1426,warrior,fury,59,29,30
45423,Monbun,silvermoon,1424,warrior,fury,24,15,9
45424,Reidunøks,kazzak,1422,warrior,fury,83,44,39
45425,Touguro,aggra-português,1422,warrior,fury,57,26,31
45426,Madaxe,kazzak,1421,warrior,fury,24,15,9
45427,Bravestar,ungoro,1421,warrior,fury,78,36,42
45428,Profär,archimonde,1419,warrior,fury,30,16,14
45429,Flexecutie,silvermoon,1414,warrior,fury,30,17,13
45430,Bäiley,drakthul,1413,warrior,fury,42,15,27
45431,Æsterius,blackmoore,1411,warrior,fury,95,47,48
45432,Магрейн,grom,1408,warrior,fury,68,30,38
45433,Mustar,alexstrasza,1407,warrior,fury,65,37,28
45434,Артен,ashenvale,1407,warrior,fury,32,15,17
45435,Thagzar,burning-legion,1406,warrior,fury,156,74,82
45436,Sonyd,tarren-mill,1405,warrior,fury,36,22,14
45437,Gamepresa,silvermoon,1404,warrior,fury,61,30,31
45438,Krieg,garrosh,1403,warrior,fury,53,19,34
45439,Torok,antonidas,1402,warrior,fury,36,25,11
45440,Faylania,tarren-mill,1402,warrior,fury,36,21,15
45441,Каган,gordunni,1402,warrior,fury,45,26,19
45442,Krauus,silvermoon,1402,warrior,fury,109,59,50
45443,Bukisan,sylvanas,1401,warrior,fury,66,32,34
45444,Ralzung,twisting-nether,1400,warrior,fury,36,18,18
45445,Akînos,kazzak,1400,warrior,fury,57,27,30
45446,Gromrigg,draenor,1400,warrior,fury,59,25,34
45447,Hidaykus,bronzebeard,1399,warrior,fury,70,35,35
45448,Imora,silvermoon,1398,warrior,fury,36,21,15
45449,Нириэла,howling-fjord,1396,warrior,fury,66,31,35
45450,Prîde,kazzak,1394,warrior,fury,36,22,14
45451,Èrzà,sanguino,1393,warrior,fury,30,16,14
45452,Rëvenge,burning-legion,1391,warrior,fury,72,33,39
45453,Keriane,garona,1389,warrior,fury,65,33,32
45454,Kastraveci,outland,1389,warrior,fury,36,15,21
45455,Штормскейл,soulflayer,1388,warrior,fury,30,16,14
45456,Fîlzlaus,area-52,1387,warrior,fury,71,33,38
45457,Skefe,archimonde,1383,warrior,fury,46,29,17
45458,Golias,argent-dawn,1380,warrior,fury,24,16,8
45459,Reccey,blackrock,1379,warrior,fury,30,16,14
45460,Ligthblâd,hyjal,1378,warrior,fury,57,31,26
45461,Rèckless,argent-dawn,1377,warrior,fury,24,18,6
45462,Tigron,burning-legion,1377,warrior,fury,54,33,21
45463,Антурим,howling-fjord,1377,warrior,fury,32,17,15
45464,Terisá,blackmoore,1377,warrior,fury,40,20,20
45465,Скехит,blackscar,1377,warrior,fury,54,23,31
45466,Shán,defias-brotherhood,1375,warrior,fury,48,27,21
45467,Unchåined,burning-legion,1372,warrior,fury,69,34,35
45468,Rommick,guldan,1372,warrior,fury,60,27,33
45469,Hervor,les-sentinelles,1370,warrior,fury,66,36,30
45470,Zêke,thrall,1369,warrior,fury,18,16,2
45471,Васильна,soulflayer,1369,warrior,fury,36,21,15
45472,Арестант,soulflayer,1368,warrior,fury,125,66,59
45473,Honör,sylvanas,1364,warrior,fury,36,16,20
45474,Thaddaus,ravencrest,1363,warrior,fury,93,44,49
45475,Gruttak,aegwynn,1361,warrior,fury,24,16,8
45476,Килджаеден,deathguard,1358,warrior,fury,34,17,17
45477,Wärfäcë,blades-edge,1357,warrior,fury,40,23,17
45478,Ribastur,blackmoore,1355,warrior,fury,168,89,79
45479,Oughn,silvermoon,1352,warrior,fury,57,30,27
45480,Somalisktjur,tarren-mill,1347,warrior,fury,60,31,29
45481,Stretch,thrall,1341,warrior,fury,31,15,16
45482,Mitu,sanguino,1338,warrior,fury,24,14,10
45483,Moggorr,nemesis,1334,warrior,fury,46,24,22
45484,Kundrak,blackhand,1334,warrior,fury,37,19,18
45485,Hirbz,silvermoon,1333,warrior,fury,66,34,32
45486,Schuy,silvermoon,1333,warrior,fury,78,40,38
45487,Taoke,ravencrest,1333,warrior,fury,30,14,16
45488,Killhound,argent-dawn,1332,warrior,fury,24,14,10
45489,Акози,fordragon,1332,warrior,fury,60,33,27
45490,Вардеспетчер,razuvious,1331,warrior,fury,36,19,17
45491,Kragar,anetheron,1329,warrior,fury,45,25,20
45492,Skaurmosh,argent-dawn,1329,warrior,fury,60,31,29
45493,Luunk,ravencrest,1329,warrior,fury,72,36,36
45494,Жироштемп,gordunni,1329,warrior,fury,34,15,19
45495,Ganaroth,tarren-mill,1328,warrior,fury,42,21,21
45496,Pepegle,argent-dawn,1327,warrior,fury,24,14,10
45497,Роконишу,gordunni,1326,warrior,fury,30,18,12
45498,Джелорд,howling-fjord,1326,warrior,fury,30,14,16
45499,Tweran,drakthul,1323,warrior,fury,29,14,15
45500,Broksigarr,ragnaros,1321,warrior,fury,24,14,10
45501,Vandalismee,draenor,1319,warrior,fury,18,14,4
45502,Ðèxs,ravencrest,1318,warrior,fury,30,17,13
45503,Buzzingwarr,tarren-mill,1318,warrior,fury,60,29,31
45504,Svênsk,argent-dawn,1317,warrior,fury,32,17,15
45505,Achonar,draenor,1317,warrior,fury,29,15,14
45506,Xsasuke,ragnaros,1317,warrior,fury,36,17,19
45507,Botgrinder,blackhand,1316,warrior,fury,47,27,20
45508,Zíreael,ravencrest,1314,warrior,fury,72,34,38
45509,Вархаус,blackscar,1313,warrior,fury,39,21,18
45510,Offpants,drakthul,1313,warrior,fury,48,22,26
45511,Hellguarrd,silvermoon,1311,warrior,fury,30,14,16
45512,Ælvstan,argent-dawn,1310,warrior,fury,59,30,29
45513,Rìsàs,draenor,1310,warrior,fury,138,65,73
45514,Ryù,dun-modr,1310,warrior,fury,30,14,16
45515,Midvînter,silvermoon,1307,warrior,fury,33,15,18
45516,Grimli,burning-legion,1303,warrior,fury,42,24,18
45517,Bigrooster,argent-dawn,1303,warrior,fury,102,52,50
45518,Realz,malganis,1302,warrior,fury,66,33,33
45519,Меняло,fordragon,1302,warrior,fury,41,20,21
45520,Кровостокхх,gordunni,1301,warrior,fury,42,17,25
45521,Reckless,tarren-mill,1300,warrior,fury,42,22,20
45522,Tragix,hyjal,1300,warrior,fury,42,18,24
45523,Умфи,howling-fjord,1299,warrior,fury,83,46,37
45524,Warinator,ravencrest,1297,warrior,fury,49,28,21
45525,Cokeaddict,argent-dawn,1295,warrior,fury,36,16,20
45526,Usz,thunderhorn,1289,warrior,fury,36,22,14
45527,Машамеч,blackscar,1289,warrior,fury,84,42,42
45528,Hatenest,argent-dawn,1289,warrior,fury,126,56,70
45529,Kllinac,kazzak,1288,warrior,fury,54,29,25
45530,Ninja,bronze-dragonflight,1288,warrior,fury,93,44,49
45531,Diioxyde,temple-noir,1287,warrior,fury,24,14,10
45532,Roxxón,teldrassil,1285,warrior,fury,23,14,9
45533,Buzzingorc,tarren-mill,1285,warrior,fury,60,32,28
45534,Дедсдрыном,howling-fjord,1282,warrior,fury,78,40,38
45535,Unn,ragnaros,1282,warrior,fury,69,34,35
45536,Sammäel,eldrethalas,1281,warrior,fury,36,19,17
45537,Haewon,burning-legion,1280,warrior,fury,53,25,28
45538,Agitoyami,defias-brotherhood,1278,warrior,fury,109,60,49
45539,Optimai,kazzak,1278,warrior,fury,68,31,37
45540,Hobbó,draenor,1276,warrior,fury,66,23,43
45541,Trollboii,ravencrest,1274,warrior,fury,27,14,13
45542,Exeldians,burning-legion,1273,warrior,fury,20,14,6
45543,Барабумм,soulflayer,1273,warrior,fury,107,55,52
45544,Fenr,sanguino,1272,warrior,fury,52,34,18
45545,Wariio,khaz-modan,1272,warrior,fury,47,27,20
45546,Runkkusukka,defias-brotherhood,1271,warrior,fury,65,36,29
45547,Furyre,ysondre,1271,warrior,fury,37,17,20
45548,Honeymew,draenor,1271,warrior,fury,66,27,39
45549,Kerando,tirion,1269,warrior,fury,29,14,15
45550,Cortix,blackmoore,1268,warrior,fury,22,14,8
45551,Watntietnn,burning-blade,1268,warrior,fury,49,24,25
45552,Deusi,garrosh,1265,warrior,fury,60,32,28
45553,Tarrior,shattered-halls,1264,warrior,fury,62,30,32
45554,Zerm,draenor,1262,warrior,fury,24,15,9
45555,Gritzi,dragonblight,1262,warrior,fury,60,29,31
45556,Ikkr,kazzak,1262,warrior,fury,40,18,22
45557,Wilæm,argent-dawn,1261,warrior,fury,71,34,37
45558,Бормормуш,gordunni,1261,warrior,fury,73,30,43
45559,Hangovar,thrall,1257,warrior,fury,33,18,15
45560,Mortalclaw,kazzak,1256,warrior,fury,57,24,33
45561,Drswing,kazzak,1255,warrior,fury,33,15,18
45562,Dundulinka,outland,1255,warrior,fury,46,17,29
45563,Kurko,blackmoore,1254,warrior,fury,29,14,15
45564,Toughwar,tarren-mill,1253,warrior,fury,66,35,31
45565,Аштау,howling-fjord,1250,warrior,fury,154,71,83
45566,Immørtálx,tarren-mill,1248,warrior,fury,30,13,17
45567,Рагнарульв,gordunni,1248,warrior,fury,36,15,21
45568,Фктп,blackscar,1247,warrior,fury,24,13,11
45569,Stóna,blackmoore,1247,warrior,fury,36,13,23
45570,Vulcán,aerie-peak,1246,warrior,fury,24,13,11
45571,Warrzor,auchindoun,1246,warrior,fury,30,13,17
45572,Moknar,alonsus,1246,warrior,fury,47,19,28
45573,Tidarius,twisting-nether,1245,warrior,fury,24,13,11
45574,Littlebugger,ravencrest,1244,warrior,fury,24,13,11
45575,Илийя,razuvious,1243,warrior,fury,24,13,11
45576,Ragnurk,draenor,1242,warrior,fury,60,20,40
45577,Tàuruss,blackhand,1241,warrior,fury,34,18,16
45578,Рсдрпб,eversong,1241,warrior,fury,30,15,15
45579,Timidman,kazzak,1240,warrior,fury,24,13,11
45580,Lâmy,khaz-modan,1240,warrior,fury,60,26,34
45581,Astreimehns,sanguino,1239,warrior,fury,18,13,5
45582,Слайдус,gordunni,1239,warrior,fury,62,31,31
45583,Chidòri,tarren-mill,1237,warrior,fury,27,13,14
45584,Lepetitwar,hyjal,1237,warrior,fury,30,13,17
45585,Mamox,archimonde,1236,warrior,fury,25,14,11
45586,Рекиро,blackscar,1236,warrior,fury,24,13,11
45587,Alevucerdaa,draenor,1236,warrior,fury,36,15,21
45588,Azzog,archimonde,1234,warrior,fury,80,44,36
45589,Habaneroo,zuljin,1230,warrior,fury,30,13,17
45590,Bloodmyst,kazzak,1229,warrior,fury,24,13,11
45591,Larvalis,blackmoore,1229,warrior,fury,37,15,22
45592,Кимиюки,gordunni,1228,warrior,fury,30,13,17
45593,Skullfondler,argent-dawn,1226,warrior,fury,24,13,11
45594,Rayeron,sanguino,1226,warrior,fury,75,38,37
45595,Quigatron,frostmane,1225,warrior,fury,42,25,17
45596,Varyian,sporeggar,1225,warrior,fury,68,32,36
45597,Schmetterina,proudmoore,1223,warrior,fury,49,28,21
45598,Warrmax,darksorrow,1223,warrior,fury,78,41,37
45599,Anubisra,alakir,1220,warrior,fury,26,16,10
45600,Kebra,blackmoore,1220,warrior,fury,87,49,38
45601,Shieldlord,kazzak,1218,warrior,fury,129,59,70
45602,Ouryuu,hyjal,1218,warrior,fury,56,25,31
45603,Atrôcithy,silvermoon,1211,warrior,fury,22,14,8
45604,Delinde,cthun,1209,warrior,fury,93,45,48
45605,Damonx,draenor,1207,warrior,fury,36,19,17
45606,Аесоо,gordunni,1206,warrior,fury,129,61,68
45607,Yildiz,kargath,1204,warrior,fury,103,57,46
45608,Warriorc,hellfire,1203,warrior,fury,36,20,16
45609,Vhy,antonidas,1201,warrior,fury,48,22,26
45610,Toporceanul,kazzak,1201,warrior,fury,41,14,27
45611,Thors,deathwing,1198,warrior,fury,124,62,62
45612,Nmwar,turalyon,1198,warrior,fury,33,15,18
45613,Barsok,sanguino,1198,warrior,fury,36,16,20
45614,Отнулядоста,gordunni,1198,warrior,fury,61,25,36
45615,Жужащий,howling-fjord,1197,warrior,fury,74,31,43
45616,Antraex,zuljin,1193,warrior,fury,36,15,21
45617,Blaying,ravencrest,1192,warrior,fury,23,13,10
45618,Kirkwood,terokkar,1192,warrior,fury,71,34,37
45619,Bolss,silvermoon,1188,warrior,fury,73,28,45
45620,Nubá,burning-legion,1187,warrior,fury,36,24,12
45621,Gardom,doomhammer,1187,warrior,fury,70,41,29
45622,Азктор,soulflayer,1186,warrior,fury,35,15,20
45623,Drolaret,zuljin,1186,warrior,fury,33,14,19
45624,Bigmercy,ragnaros,1184,warrior,fury,29,15,14
45625,Coyle,eredar,1182,warrior,fury,140,62,78
45626,Джэкмен,soulflayer,1175,warrior,fury,22,14,8
45627,Säl,ragnaros,1175,warrior,fury,37,20,17
45628,Saey,malorne,1174,warrior,fury,56,25,31
45629,Номер,eversong,1174,warrior,fury,126,56,70
45630,Flaggerware,stormscale,1171,warrior,fury,30,13,17
45631,Суммрак,grom,1166,warrior,fury,38,16,22
45632,Tato,frostmourne,1165,warrior,fury,23,13,10
45633,Ragedotcom,archimonde,1158,warrior,fury,34,16,18
45634,Варёнок,soulflayer,1155,warrior,fury,34,17,17
45635,Исскатель,gordunni,1150,warrior,fury,12,12,0
45636,Slamborghini,twisting-nether,1150,warrior,fury,18,12,6
45637,Gatts,krasus,1149,warrior,fury,18,12,6
45638,Dangeruos,ragnaros,1149,warrior,fury,24,12,12
45639,Oxascand,kazzak,1149,warrior,fury,75,31,44
45640,Spitonem,blackrock,1148,warrior,fury,24,12,12
45641,Zbra,draenor,1147,warrior,fury,24,12,12
45642,Neoballâc,uldum,1144,warrior,fury,24,12,12
45643,Baoni,hyjal,1144,warrior,fury,30,12,18
45644,Yopa,draenor,1143,warrior,fury,33,13,20
45645,Ragecap,rexxar,1142,warrior,fury,44,18,26
45646,Bluemango,ragnaros,1141,warrior,fury,24,12,12
45647,Инфиль,howling-fjord,1140,warrior,fury,30,12,18
45648,Itchiiz,alonsus,1138,warrior,fury,24,12,12
45649,Saîx,garrosh,1138,warrior,fury,82,38,44
45650,Андервульф,booty-bay,1137,warrior,fury,30,12,18
45651,Exhumator,blackhand,1135,warrior,fury,36,12,24
45652,Madhardy,chamber-of-aspects,1133,warrior,fury,24,12,12
45653,Sekecmazec,turalyon,1129,warrior,fury,63,22,41
45654,Pybal,stormscale,1128,warrior,fury,18,12,6
45655,Thibow,hyjal,1127,warrior,fury,24,14,10
45656,Sadjoke,draenor,1125,warrior,fury,30,13,17
45657,Cuuz,outland,1122,warrior,fury,30,12,18
45658,Well,kult-der-verdammten,1121,warrior,fury,24,12,12
45659,Nykyro,draenor,1119,warrior,fury,66,29,37
45660,Moustachu,kirin-tor,1118,warrior,fury,27,14,13
45661,Ульданианин,gordunni,1115,warrior,fury,24,12,12
45662,Pahanâ,arygos,1111,warrior,fury,24,12,12
45663,Izmadfurax,archimonde,1110,warrior,fury,24,13,11
45664,Gabbz,aggra-português,1109,warrior,fury,33,13,20
45665,Ranndall,blackrock,1108,warrior,fury,36,16,20
45666,Akkamagosh,argent-dawn,1107,warrior,fury,34,13,21
45667,Zetsurin,sylvanas,1105,warrior,fury,66,23,43
45668,Красемир,deepholm,1097,warrior,fury,47,23,24
45669,Sabrewølf,blackmoore,1096,warrior,fury,48,24,24
45670,Killpieric,krasus,1095,warrior,fury,36,13,23
45671,Shalren,nordrassil,1092,warrior,fury,44,23,21
45672,Justviktor,ravencrest,1092,warrior,fury,41,15,26
45673,Floppikatten,kazzak,1091,warrior,fury,18,13,5
45674,Grobler,blackhand,1091,warrior,fury,42,16,26
45675,Mistawolf,ravencrest,1090,warrior,fury,30,16,14
45676,Копенгаген,ashenvale,1087,warrior,fury,30,16,14
45677,Dramiél,tarren-mill,1083,warrior,fury,23,13,10
45678,Draxxann,ravencrest,1077,warrior,fury,18,13,5
45679,Федорссумкин,gordunni,1075,warrior,fury,20,12,8
45680,Wrathchild,blackrock,1069,warrior,fury,35,14,21
45681,Macgull,ysondre,1063,warrior,fury,48,20,28
45682,Dwarfsteel,stormscale,1056,warrior,fury,24,11,13
45683,Luphrek,ysondre,1056,warrior,fury,30,11,19
45684,Зенобий,gordunni,1055,warrior,fury,12,11,1
45685,Кофесмолоком,ashenvale,1055,warrior,fury,18,11,7
45686,Эпитафорх,blackscar,1055,warrior,fury,18,11,7
45687,Maroux,malganis,1055,warrior,fury,18,11,7
45688,Prixor,grim-batol,1055,warrior,fury,24,11,13
45689,Ntouziera,silvermoon,1055,warrior,fury,30,11,19
45690,Ciuez,tarren-mill,1054,warrior,fury,18,11,7
45691,Мастерион,soulflayer,1054,warrior,fury,18,11,7
45692,Rãzmø,hyjal,1054,warrior,fury,24,11,13
45693,Snuzzygeezer,ravencrest,1053,warrior,fury,18,11,7
45694,Circumcist,dragonblight,1053,warrior,fury,18,11,7
45695,Лордэнгри,howling-fjord,1053,warrior,fury,22,12,10
45696,Oksimbillah,blackrock,1053,warrior,fury,24,11,13
45697,Amagaddon,draenor,1050,warrior,fury,28,12,16
45698,Obox,ravencrest,1048,warrior,fury,18,11,7
45699,Enderyx,blackhand,1048,warrior,fury,24,11,13
45700,Buffury,twisting-nether,1045,warrior,fury,18,11,7
45701,Whysospicey,lightbringer,1043,warrior,fury,21,12,9
45702,Ragnòk,eredar,1043,warrior,fury,54,20,34
45703,Romanondo,doomhammer,1039,warrior,fury,18,11,7
45704,Tdanielt,burning-legion,1032,warrior,fury,18,11,7
45705,Valhrann,dalaran,1024,warrior,fury,24,11,13
45706,Sairos,kirin-tor,1019,warrior,fury,66,35,31
45707,Orcgrim,nozdormu,1019,warrior,fury,42,20,22
45708,Andij,blackmoore,1018,warrior,fury,30,11,19
45709,Громорашман,grom,1017,warrior,fury,20,12,8
45710,Жиестьдон,soulflayer,1015,warrior,fury,38,17,21
45711,Sperta,frostmourne,1009,warrior,fury,47,25,22
45712,Рыджеральд,howling-fjord,1009,warrior,fury,31,15,16
45713,Насувака,deathguard,1000,warrior,fury,29,11,18
45714,Fknmoo,kazzak,997,warrior,fury,78,39,39
45715,Hazl,balnazzar,991,warrior,fury,40,24,16
45716,Edwsan,cthun,990,warrior,fury,42,20,22
45717,Fatspacka,argent-dawn,989,warrior,fury,20,11,9
45718,Торакусу,gordunni,987,warrior,fury,36,19,17
45719,Lobotomywar,drakthul,981,warrior,fury,18,12,6
45720,Niozihex,the-maelstrom,981,warrior,fury,39,16,23
45721,Solatika,alexstrasza,980,warrior,fury,114,61,53
45722,Krlebajker,tarren-mill,977,warrior,fury,27,14,13
45723,Whiteebeardd,draenor,977,warrior,fury,54,23,31
45724,Nogo,nagrand,975,warrior,fury,50,29,21
45725,Falaliss,elune,975,warrior,fury,56,26,30
45726,Snoopdad,ravencrest,966,warrior,fury,27,15,12
45727,Эребб,howling-fjord,966,warrior,fury,60,29,31
45728,Seka,nozdormu,962,warrior,fury,171,85,86
45729,Pj,sanguino,960,warrior,fury,12,10,2
45730,Ástriax,ravencrest,960,warrior,fury,18,10,8
45731,Brigitá,argent-dawn,960,warrior,fury,18,10,8
45732,Murgrimm,die-silberne-hand,960,warrior,fury,81,42,39
45733,Silq,zuljin,960,warrior,fury,24,10,14
45734,Féélmyfury,tarren-mill,959,warrior,fury,17,10,7
45735,Oowar,burning-legion,959,warrior,fury,18,10,8
45736,Scelletonx,silvermoon,959,warrior,fury,18,10,8
45737,Tenicx,ravencrest,959,warrior,fury,18,10,8
45738,Highoverlord,aggra-português,959,warrior,fury,18,10,8
45739,Raicho,dentarg,959,warrior,fury,18,10,8
45740,Unqlolz,kazzak,959,warrior,fury,18,10,8
45741,Solaje,dun-modr,959,warrior,fury,18,10,8
45742,Theolcostaud,archimonde,959,warrior,fury,24,10,14
45743,Мундэфэндэр,lich-king,959,warrior,fury,24,10,14
45744,Xåb,dun-morogh,959,warrior,fury,32,10,22
45745,Agoobagoo,alakir,958,warrior,fury,12,10,2
45746,Søil,tarren-mill,958,warrior,fury,18,10,8
45747,Bloodwatchêr,kazzak,958,warrior,fury,18,10,8
45748,Ampw,ravencrest,958,warrior,fury,18,10,8
45749,Taaø,ravencrest,958,warrior,fury,24,10,14
45750,Razoo,stormscale,958,warrior,fury,30,10,20
45751,Stêrkku,twisting-nether,958,warrior,fury,30,10,20
45752,Budwise,stormscale,957,warrior,fury,18,10,8
45753,Sköldpaddor,tarren-mill,957,warrior,fury,22,11,11
45754,Fortressa,ravencrest,957,warrior,fury,30,10,20
45755,Янесними,soulflayer,956,warrior,fury,18,10,8
45756,Settin,silvermoon,956,warrior,fury,18,10,8
45757,Jisoowar,blackhand,956,warrior,fury,24,10,14
45758,Thodak,blackrock,956,warrior,fury,30,10,20
45759,Kurenn,tarren-mill,956,warrior,fury,30,10,20
45760,Razza,ravencrest,955,warrior,fury,18,10,8
45761,Onga,frostwolf,954,warrior,fury,18,10,8
45762,Xugzug,blackmoore,954,warrior,fury,24,10,14
45763,Борзило,howling-fjord,953,warrior,fury,18,10,8
45764,Xonnico,ravencrest,953,warrior,fury,30,11,19
45765,Nighat,sanguino,952,warrior,fury,12,10,2
45766,Grák,bronze-dragonflight,952,warrior,fury,18,10,8
45767,Taurras,nathrezim,952,warrior,fury,86,45,41
45768,Darriuso,kazzak,952,warrior,fury,24,10,14
45769,Exsomnis,outland,951,warrior,fury,18,10,8
45770,Madfu,draenor,950,warrior,fury,18,10,8
45771,Лизерус,eversong,949,warrior,fury,12,10,2
45772,Morishcrak,kazzak,948,warrior,fury,33,11,22
45773,Erenowski,twisting-nether,945,warrior,fury,18,10,8
45774,Xaturesw,twisting-nether,943,warrior,fury,12,10,2
45775,Помойник,gordunni,939,warrior,fury,151,78,73
45776,Tiapollo,dun-modr,932,warrior,fury,29,10,19
45777,Dolora,ragnaros,930,warrior,fury,18,10,8
45778,Kungeen,silvermoon,923,warrior,fury,68,23,45
45779,Arzes,draenor,920,warrior,fury,29,10,19
45780,Zeppek,dalaran,918,warrior,fury,65,33,32
45781,Dirtybugga,nagrand,916,warrior,fury,16,11,5
45782,Kratosz,bloodscalp,913,warrior,fury,38,20,18
45783,Дерзкаяфурия,gordunni,913,warrior,fury,23,10,13
45784,Rédsonja,chamber-of-aspects,909,warrior,fury,52,25,27
45785,Noseringer,frostwolf,902,warrior,fury,15,10,5
45786,Ogerit,blackmoore,898,warrior,fury,30,14,16
45787,Gozgu,stormscale,895,warrior,fury,14,10,4
45788,Суферна,howling-fjord,894,warrior,fury,27,13,14
45789,Gnompower,archimonde,892,warrior,fury,17,10,7
45790,Bëlzé,les-clairvoyants,887,warrior,fury,38,14,24
45791,Mélin,ravencrest,876,warrior,fury,19,10,9
45792,Jâbs,hyjal,875,warrior,fury,36,11,25
45793,Kabbuki,die-aldor,871,warrior,fury,24,12,12
45794,Stroj,aerie-peak,868,warrior,fury,65,32,33
45795,Granlach,sunstrider,864,warrior,fury,12,9,3
45796,Sparkzu,twisting-nether,864,warrior,fury,12,9,3
45797,Licious,outland,864,warrior,fury,12,9,3
45798,Swofty,arygos,864,warrior,fury,12,9,3
45799,Kihili,twisting-nether,864,warrior,fury,12,9,3
45800,Ørìgíñälgøðx,archimonde,864,warrior,fury,12,9,3
45801,Lzdmfckmeazy,blackmoore,864,warrior,fury,15,10,5
45802,Warzzor,auchindoun,864,warrior,fury,18,9,9
45803,Рэйвисмашина,gordunni,864,warrior,fury,24,9,15
45804,Discordîan,twisting-nether,863,warrior,fury,12,9,3
45805,Веоленс,gordunni,863,warrior,fury,12,9,3
45806,Raoh,blackrock,863,warrior,fury,12,9,3
45807,Dontrundie,kazzak,863,warrior,fury,18,9,9
45808,Raynhorn,silvermoon,863,warrior,fury,18,9,9
45809,Нейв,blackscar,863,warrior,fury,18,9,9
45810,Showerfresh,silvermoon,863,warrior,fury,18,9,9
45811,Grimic,quelthalas,863,warrior,fury,18,9,9
45812,Therealskull,grim-batol,863,warrior,fury,18,9,9
45813,Tandrall,rexxar,863,warrior,fury,24,9,15
45814,Синнэр,blackscar,863,warrior,fury,24,9,15
45815,Zyzie,argent-dawn,863,warrior,fury,24,9,15
45816,Inflacija,grim-batol,863,warrior,fury,24,9,15
45817,Chadgarrosh,tarren-mill,863,warrior,fury,24,9,15
45818,Exzecute,outland,862,warrior,fury,12,9,3
45819,Cianna,silvermoon,862,warrior,fury,12,9,3
45820,Gypsykìng,darksorrow,862,warrior,fury,18,9,9
45821,Grimleaper,twisting-nether,862,warrior,fury,18,9,9
45822,Erosdulko,silvermoon,862,warrior,fury,24,9,15
45823,Denshyel,dun-modr,861,warrior,fury,15,10,5
45824,Throck,drakthul,861,warrior,fury,18,9,9
45825,Кроуфури,gordunni,860,warrior,fury,12,9,3
45826,Nicperh,dun-modr,860,warrior,fury,18,9,9
45827,Эфириад,soulflayer,859,warrior,fury,18,9,9
45828,Toecutter,defias-brotherhood,859,warrior,fury,21,10,11
45829,Valkirya,arthas,859,warrior,fury,24,9,15
45830,Ragecrit,ragnaros,859,warrior,fury,24,9,15
45831,Zalumorth,magtheridon,856,warrior,fury,26,13,13
45832,Rqyz,tarren-mill,856,warrior,fury,18,9,9
45833,Saykage,blackhand,854,warrior,fury,18,9,9
45834,Warfield,draenor,853,warrior,fury,24,9,15
45835,Блиблоб,eversong,852,warrior,fury,18,9,9
45836,Pollverizer,ghostlands,851,warrior,fury,36,16,20
45837,Sparkss,sylvanas,850,warrior,fury,18,9,9
45838,Спунжио,ashenvale,848,warrior,fury,18,9,9
45839,Tiscanno,nemesis,842,warrior,fury,49,24,25
45840,Amsti,doomhammer,839,warrior,fury,12,9,3
45841,Ânaxi,silvermoon,831,warrior,fury,14,10,4
45842,Warallari,khaz-modan,829,warrior,fury,18,9,9
45843,Jøtawarrior,sanguino,815,warrior,fury,17,9,8
45844,Варриорнир,howling-fjord,814,warrior,fury,14,10,4
45845,Merdé,blackhand,811,warrior,fury,30,13,17
45846,Ocelote,elune,794,warrior,fury,18,9,9
45847,Guinnasse,khaz-modan,794,warrior,fury,21,9,12
45848,Wotulko,blackrock,793,warrior,fury,17,9,8
45849,Taurenboii,ravencrest,784,warrior,fury,13,9,4
45850,Blizo,tarren-mill,768,warrior,fury,12,8,4
45851,Shhimbanned,doomhammer,768,warrior,fury,12,8,4
45852,Crîxús,silvermoon,768,warrior,fury,12,8,4
45853,Hangart,argent-dawn,768,warrior,fury,12,8,4
45854,Zern,draenor,768,warrior,fury,12,8,4
45855,Punks,ravencrest,768,warrior,fury,12,8,4
45856,Bxnx,aegwynn,768,warrior,fury,12,8,4
45857,Jokkul,tarren-mill,768,warrior,fury,12,8,4
45858,Aléxsandra,ravencrest,768,warrior,fury,12,8,4
45859,Jengaa,draenor,768,warrior,fury,12,8,4
45860,Мигнт,blackscar,768,warrior,fury,12,8,4
45861,Ironfangs,argent-dawn,768,warrior,fury,12,8,4
45862,Cathériné,drakthul,768,warrior,fury,12,8,4
45863,Untiltèd,ravencrest,768,warrior,fury,18,8,10
45864,Pòóòóòóòópz,dun-modr,768,warrior,fury,18,8,10
45865,Joéfernandés,sylvanas,768,warrior,fury,18,8,10
45866,Krathox,kazzak,768,warrior,fury,18,8,10
45867,Zimbabakunda,ravencrest,768,warrior,fury,18,8,10
45868,Alpairx,aegwynn,768,warrior,fury,24,8,16
45869,Báshx,outland,767,warrior,fury,12,8,4
45870,Баджераа,soulflayer,767,warrior,fury,12,8,4
45871,Мастерпве,blackscar,767,warrior,fury,12,8,4
45872,Рэкла,grom,767,warrior,fury,12,8,4
45873,Largeblade,kazzak,767,warrior,fury,12,8,4
45874,Míngxuan,tarren-mill,767,warrior,fury,12,8,4
45875,Skeptikal,argent-dawn,767,warrior,fury,12,8,4
45876,Wätras,drakthul,767,warrior,fury,12,8,4
45877,Fortësque,uldaman,767,warrior,fury,12,8,4
45878,Youups,twisting-nether,767,warrior,fury,12,8,4
45879,Skillclapped,ravencrest,767,warrior,fury,15,9,6
45880,Онатолька,eversong,767,warrior,fury,16,9,7
45881,Painswift,blackhand,767,warrior,fury,18,8,10
45882,Rowr,argent-dawn,767,warrior,fury,18,8,10
45883,Ðíscøwârrìør,nethersturm,767,warrior,fury,18,8,10
45884,Savarøx,blackmoore,767,warrior,fury,18,8,10
45885,Dallion,azjolnerub,767,warrior,fury,18,8,10
45886,Elainax,eredar,767,warrior,fury,18,8,10
45887,Divyx,tarren-mill,767,warrior,fury,18,8,10
45888,Ødên,frostmane,767,warrior,fury,18,8,10
45889,Rndname,malganis,767,warrior,fury,18,8,10
45890,Wowbert,frostwolf,767,warrior,fury,18,8,10
45891,Глинм,gordunni,767,warrior,fury,24,8,16
45892,Ампутиль,gordunni,766,warrior,fury,12,8,4
45893,Fivejee,ravencrest,766,warrior,fury,12,8,4
45894,Himä,burning-legion,766,warrior,fury,12,8,4
45895,Thebiggreen,twisting-nether,766,warrior,fury,12,8,4
45896,Ffrostwolff,azjolnerub,766,warrior,fury,12,8,4
45897,Dajnatarcze,burning-legion,766,warrior,fury,18,8,10
45898,Arlan,dragonblight,766,warrior,fury,30,8,22
45899,Knussnacker,sanguino,765,warrior,fury,12,8,4
45900,Сэч,gordunni,765,warrior,fury,12,8,4
45901,Armirtile,twisting-nether,765,warrior,fury,18,8,10
45902,Blairne,burning-blade,765,warrior,fury,24,8,16
45903,Malasortë,sylvanas,764,warrior,fury,18,8,10
45904,Furginox,argent-dawn,764,warrior,fury,24,8,16
45905,Greatsword,turalyon,763,warrior,fury,12,8,4
45906,Gudvin,terokkar,763,warrior,fury,12,8,4
45907,Ipes,blackmoore,763,warrior,fury,15,9,6
45908,Cazzpowa,frostmane,762,warrior,fury,12,8,4
45909,Kaerz,ysondre,762,warrior,fury,18,8,10
45910,Khaalo,blackhand,760,warrior,fury,12,8,4
45911,Czarian,ragnaros,759,warrior,fury,36,8,28
45912,Zarkos,onyxia,754,warrior,fury,24,8,16
45913,Destrzadora,exodar,750,warrior,fury,18,8,10
45914,Giemb,doomhammer,740,warrior,fury,30,8,22
45915,Aedin,ravencrest,734,warrior,fury,17,8,9
45916,Арнвальд,galakrond,728,warrior,fury,18,8,10
45917,Вагранна,soulflayer,719,warrior,fury,17,8,9
45918,Zhear,kazzak,718,warrior,fury,17,8,9
45919,Осгаард,gordunni,711,warrior,fury,21,10,11
45920,Kilkov,emeriss,701,warrior,fury,16,8,8
45921,Amédé,ysondre,697,warrior,fury,17,8,9
45922,Bubbsi,turalyon,674,warrior,fury,24,8,16
45923,Дмидрашх,howling-fjord,672,warrior,fury,10,8,2
45924,Avgorcgodx,stormscale,672,warrior,fury,12,7,5
45925,Фомори,howling-fjord,672,warrior,fury,12,7,5
45926,Lildaddypump,ravencrest,672,warrior,fury,12,7,5
45927,Jeepzinc,blackmoore,672,warrior,fury,12,7,5
45928,Седунг,gordunni,672,warrior,fury,12,7,5
45929,Waroworgen,terokkar,672,warrior,fury,12,7,5
45930,Seraphys,ravencrest,672,warrior,fury,12,7,5
45931,Duarel,blackmoore,672,warrior,fury,12,7,5
45932,Lyrv,ravencrest,672,warrior,fury,12,7,5
45933,Eekz,haomarush,672,warrior,fury,12,7,5
45934,Инкула,gordunni,672,warrior,fury,12,7,5
45935,Xurainzone,eredar,672,warrior,fury,12,7,5
45936,Fraq,tarren-mill,672,warrior,fury,12,7,5
45937,Где,blackscar,672,warrior,fury,12,7,5
45938,Divinvibra,dalaran,672,warrior,fury,12,7,5
45939,Xxeqtr,kazzak,672,warrior,fury,12,7,5
45940,Hàssard,outland,672,warrior,fury,12,7,5
45941,Quadfather,kazzak,672,warrior,fury,12,7,5
45942,Nerfslam,stormscale,672,warrior,fury,17,8,9
45943,Учихагодх,howling-fjord,672,warrior,fury,18,7,11
45944,Кэйкан,gordunni,672,warrior,fury,18,7,11
45945,Foboa,archimonde,672,warrior,fury,18,7,11
45946,Gramrosh,eredar,672,warrior,fury,18,7,11
45947,Omcat,dun-modr,672,warrior,fury,18,7,11
45948,Emcix,aszune,672,warrior,fury,18,7,11
45949,Shintuargar,blackrock,672,warrior,fury,18,7,11
45950,Baluste,culte-de-la-rive-noire,672,warrior,fury,18,7,11
45951,Pépêloup,archimonde,671,warrior,fury,12,7,5
45952,Dgyfh,dun-morogh,671,warrior,fury,12,7,5
45953,Sargonas,burning-blade,671,warrior,fury,12,7,5
45954,Bruxus,blackhand,671,warrior,fury,12,7,5
45955,Rryba,blackrock,671,warrior,fury,12,7,5
45956,Sniperwølf,tyrande,671,warrior,fury,12,7,5
45957,Чиллх,gordunni,671,warrior,fury,12,7,5
45958,Zehirjin,sargeras,671,warrior,fury,12,7,5
45959,Broknagar,draenor,671,warrior,fury,12,7,5
45960,Arturdayne,sanguino,671,warrior,fury,12,7,5
45961,Теокрафт,howling-fjord,671,warrior,fury,12,7,5
45962,Лаинвуд,soulflayer,671,warrior,fury,15,8,7
45963,Jaowa,blackmoore,671,warrior,fury,18,7,11
45964,Мембершримп,howling-fjord,671,warrior,fury,18,7,11
45965,Hagoxfit,los-errantes,671,warrior,fury,18,7,11
45966,Kolxoz,doomhammer,671,warrior,fury,18,7,11
45967,Bonnejournée,stormscale,671,warrior,fury,18,7,11
45968,Izrael,alakir,670,warrior,fury,12,7,5
45969,Drexx,ragnaros,670,warrior,fury,12,7,5
45970,Gorgulg,stormscale,670,warrior,fury,12,7,5
45971,Chadchadsson,ravencrest,670,warrior,fury,12,7,5
45972,Vagor,draenor,670,warrior,fury,12,7,5
45973,Dènethor,draenor,670,warrior,fury,12,7,5
45974,Grahatia,magtheridon,670,warrior,fury,18,7,11
45975,Напутанность,soulflayer,670,warrior,fury,18,7,11
45976,Dabliu,burning-legion,670,warrior,fury,18,7,11
45977,Bankaju,burning-legion,669,warrior,fury,18,7,11
45978,Orengo,blackrock,668,warrior,fury,12,7,5
45979,Giimlii,hyjal,668,warrior,fury,24,7,17
45980,Téldrus,blackrock,667,warrior,fury,12,7,5
45981,Garosh,drakthul,666,warrior,fury,12,7,5
45982,Titanhaut,frostwolf,666,warrior,fury,12,7,5
45983,Solidier,archimonde,666,warrior,fury,18,7,11
45984,Inexo,blackrock,661,warrior,fury,18,7,11
45985,Hemèra,hyjal,659,warrior,fury,24,10,14
45986,Thezug,twisting-nether,639,warrior,fury,17,7,10
45987,Pitii,burning-legion,638,warrior,fury,14,8,6
45988,Xguildone,magtheridon,626,warrior,fury,26,8,18
45989,Ентил,gordunni,623,warrior,fury,17,7,10
45990,Autümn,argent-dawn,618,warrior,fury,21,8,13
45991,Djranji,kazzak,607,warrior,fury,16,7,9
45992,Grekowar,dalaran,606,warrior,fury,11,7,4
45993,Scofiéld,lordaeron,601,warrior,fury,11,7,4
45994,Parteyunques,sanguino,592,warrior,fury,13,7,6
45995,Quarantino,ysondre,590,warrior,fury,23,7,16
45996,Артэкриогг,soulflayer,576,warrior,fury,6,6,0
45997,Каосвар,howling-fjord,576,warrior,fury,6,6,0
45998,Dracømort,dalaran,576,warrior,fury,12,6,6
45999,Rândy,confrérie-du-thorium,576,warrior,fury,12,6,6
46000,Vatolocoese,dun-morogh,576,warrior,fury,12,6,6
46001,Dírectdash,draenor,576,warrior,fury,12,6,6
46002,Sakumo,sylvanas,576,warrior,fury,12,6,6
46003,Stanfury,sylvanas,576,warrior,fury,12,6,6
46004,Рэйлет,gordunni,576,warrior,fury,12,6,6
46005,Асгинор,gordunni,576,warrior,fury,12,6,6
46006,Rudvard,hyjal,576,warrior,fury,12,6,6
46007,Zkb,zuljin,576,warrior,fury,12,6,6
46008,Ellissari,tirion,576,warrior,fury,12,6,6
46009,Lathsmash,zenedar,576,warrior,fury,12,6,6
46010,Timagno,nemesis,576,warrior,fury,12,6,6
46011,Rarcus,chamber-of-aspects,576,warrior,fury,12,6,6
46012,Nallepúh,silvermoon,576,warrior,fury,12,6,6
46013,Gnomet,auchindoun,576,warrior,fury,12,6,6
46014,Bstgame,frostmane,576,warrior,fury,12,6,6
46015,Rylbrah,blackmoore,576,warrior,fury,12,6,6
46016,Obitron,argent-dawn,576,warrior,fury,12,6,6
46017,Waterquéen,outland,576,warrior,fury,12,6,6
46018,Cleaner,blackmoore,576,warrior,fury,12,6,6
46019,Aurélus,rexxar,576,warrior,fury,12,6,6
46020,Kristinas,tarren-mill,576,warrior,fury,12,6,6
46021,Dhloos,kazzak,576,warrior,fury,12,6,6
46022,Redwraith,stormscale,576,warrior,fury,12,6,6
46023,Shurubel,outland,576,warrior,fury,12,6,6
46024,Faithless,azshara,576,warrior,fury,12,6,6
46025,Crandalius,kazzak,576,warrior,fury,12,6,6
46026,Humanboi,ravencrest,576,warrior,fury,12,6,6
46027,Änvil,tarren-mill,576,warrior,fury,12,6,6
46028,Palmexwar,drakthul,576,warrior,fury,12,6,6
46029,Massiveape,argent-dawn,576,warrior,fury,18,6,12
46030,Nemecic,arathor,576,warrior,fury,18,6,12
46031,Prettyangel,aegwynn,576,warrior,fury,18,6,12
46032,Сталиран,gordunni,576,warrior,fury,18,6,12
46033,Mazzkze,silvermoon,576,warrior,fury,18,6,12
46034,Hulkzmash,tarren-mill,576,warrior,fury,18,6,12
46035,Чюнилингус,soulflayer,576,warrior,fury,19,6,13
46036,Leorx,draenor,575,warrior,fury,12,6,6
46037,Richymorty,los-errantes,575,warrior,fury,12,6,6
46038,Bloódángel,frostwolf,575,warrior,fury,12,6,6
46039,Jâmâli,malganis,575,warrior,fury,12,6,6
46040,Конвержн,howling-fjord,575,warrior,fury,12,6,6
46041,Esegryel,argent-dawn,575,warrior,fury,12,6,6
46042,Fightinghell,stormrage,575,warrior,fury,12,6,6
46043,Daramir,turalyon,575,warrior,fury,12,6,6
46044,Gahal,tyrande,575,warrior,fury,12,6,6
46045,Djayson,hyjal,575,warrior,fury,12,6,6
46046,Durrüti,sanguino,575,warrior,fury,12,6,6
46047,Nihroxis,blackrock,575,warrior,fury,12,6,6
46048,Zulien,sanguino,575,warrior,fury,12,6,6
46049,Roninwar,the-maelstrom,575,warrior,fury,12,6,6
46050,Akäme,ysondre,575,warrior,fury,18,6,12
46051,Иллидансер,howling-fjord,574,warrior,fury,12,6,6
46052,Вкусныисыр,soulflayer,574,warrior,fury,12,6,6
46053,Admiràl,azuremyst,573,warrior,fury,12,6,6
46054,Kharzak,ungoro,573,warrior,fury,12,6,6
46055,Зарган,howling-fjord,573,warrior,fury,24,6,18
46056,Джомалкович,deathweaver,572,warrior,fury,12,6,6
46057,Miina,blutkessel,566,warrior,fury,12,6,6
46058,Khrund,burning-legion,566,warrior,fury,14,6,8
46059,Evasni,magtheridon,541,warrior,fury,8,7,1
46060,Piinte,naxxramas,536,warrior,fury,14,7,7
46061,Skeptikal,tarren-mill,527,warrior,fury,11,6,5
46062,Narkololzz,marécage-de-zangar,527,warrior,fury,15,6,9
46063,Balsor,frostmane,526,warrior,fury,11,6,5
46064,Ausrastus,blackhand,522,warrior,fury,16,7,9
46065,Retmain,draenor,522,warrior,fury,20,8,12
46066,Blutwar,kazzak,499,warrior,fury,25,11,14
46067,Ézélya,dalaran,480,warrior,fury,6,5,1
46068,Ptp,argent-dawn,480,warrior,fury,6,5,1
46069,Achérus,varimathras,480,warrior,fury,6,5,1
46070,Вульфычч,gordunni,480,warrior,fury,6,5,1
46071,Griswarr,draenor,480,warrior,fury,6,5,1
46072,Etelä,stormreaver,480,warrior,fury,6,5,1
46073,Timmyda,dalaran,480,warrior,fury,6,5,1
46074,Megabrux,colinas-pardas,480,warrior,fury,6,5,1
46075,Gguts,archimonde,480,warrior,fury,6,5,1
46076,Эксихард,gordunni,480,warrior,fury,6,5,1
46077,Schmackes,terrordar,480,warrior,fury,6,5,1
46078,Ганахан,soulflayer,480,warrior,fury,6,5,1
46079,Melted,ravencrest,480,warrior,fury,6,5,1
46080,Xtu,kazzak,480,warrior,fury,6,5,1
46081,Agrias,burning-legion,480,warrior,fury,6,5,1
46082,Уэсгар,blackscar,480,warrior,fury,6,5,1
46083,Röell,draenor,480,warrior,fury,6,5,1
46084,Dasdabane,twisting-nether,480,warrior,fury,6,5,1
46085,Easypoîntsx,tarren-mill,480,warrior,fury,6,5,1
46086,Дайбек,howling-fjord,480,warrior,fury,6,5,1
46087,Брокскрим,soulflayer,480,warrior,fury,6,5,1
46088,Bârney,ravencrest,480,warrior,fury,6,5,1
46089,Damáge,doomhammer,480,warrior,fury,12,5,7
46090,Darthmalgus,stormscale,480,warrior,fury,12,5,7
46091,Donvasto,sylvanas,480,warrior,fury,12,5,7
46092,Hellocritty,blackmoore,480,warrior,fury,12,5,7
46093,Rohc,kazzak,480,warrior,fury,12,5,7
46094,Dayz,draenor,480,warrior,fury,12,5,7
46095,Dauderup,aerie-peak,480,warrior,fury,12,5,7
46096,Kagsteelfist,twisting-nether,480,warrior,fury,12,5,7
46097,Daymio,twisting-nether,480,warrior,fury,12,5,7
46098,Bøgatyr,draenor,480,warrior,fury,12,5,7
46099,Corlo,uldaman,480,warrior,fury,12,5,7
46100,Helleon,twisting-nether,480,warrior,fury,12,5,7
46101,Jugg,emerald-dream,480,warrior,fury,12,5,7
46102,Килоагр,gordunni,480,warrior,fury,12,5,7
46103,Léonie,arakarahm,480,warrior,fury,12,5,7
46104,Bîmbämboom,blackmoore,480,warrior,fury,12,5,7
46105,Friendlytwo,quelthalas,480,warrior,fury,12,5,7
46106,Cemule,doomhammer,480,warrior,fury,12,5,7
46107,Imorphius,silvermoon,480,warrior,fury,12,5,7
46108,Beznacaj,outland,480,warrior,fury,12,5,7
46109,Лысыч,gordunni,480,warrior,fury,12,5,7
46110,Punahabe,draenor,480,warrior,fury,12,5,7
46111,Rageaholic,blackmoore,480,warrior,fury,12,5,7
46112,Gely,silvermoon,480,warrior,fury,12,5,7
46113,Deadwaifu,ragnaros,480,warrior,fury,12,5,7
46114,Axamo,ragnaros,480,warrior,fury,12,5,7
46115,Кэфтэмэ,soulflayer,480,warrior,fury,12,5,7
46116,Petrixens,drakthul,480,warrior,fury,12,5,7
46117,Bløckqt,archimonde,480,warrior,fury,12,5,7
46118,Orkoje,argent-dawn,480,warrior,fury,12,5,7
46119,Stkacha,sanguino,480,warrior,fury,12,5,7
46120,Kondomi,stormreaver,480,warrior,fury,12,5,7
46121,Jhoakim,argent-dawn,480,warrior,fury,12,5,7
46122,Soullmike,drakthul,480,warrior,fury,12,5,7
46123,Chrobochrot,burning-blade,480,warrior,fury,12,5,7
46124,Dyspó,sanguino,480,warrior,fury,12,5,7
46125,Arthayl,eredar,480,warrior,fury,12,5,7
46126,Ulthrak,archimonde,480,warrior,fury,12,5,7
46127,Гатал,howling-fjord,480,warrior,fury,12,5,7
46128,Ruixxted,stormreaver,480,warrior,fury,12,5,7
46129,Warrouner,khaz-modan,480,warrior,fury,12,5,7
46130,Wallach,darkspear,480,warrior,fury,12,5,7
46131,Трис,fordragon,480,warrior,fury,12,5,7
46132,Suknur,silvermoon,480,warrior,fury,12,5,7
46133,Delonathor,drakthul,480,warrior,fury,18,5,13
46134,Ukloth,sanguino,480,warrior,fury,18,5,13
46135,Nightmareb,magtheridon,480,warrior,fury,18,5,13
46136,Murotan,dalaran,480,warrior,fury,18,5,13
46137,Artheim,silvermoon,480,warrior,fury,18,5,13
46138,Fluffeh,argent-dawn,480,warrior,fury,18,5,13
46139,Sodium,pozzo-delleternità,480,warrior,fury,18,5,13
46140,Bindera,silvermoon,480,warrior,fury,18,5,13
46141,Haregos,gorgonnash,479,warrior,fury,6,5,1
46142,Porrter,silvermoon,479,warrior,fury,6,5,1
46143,Telamonas,haomarush,479,warrior,fury,6,5,1
46144,Стано,booty-bay,479,warrior,fury,9,6,3
46145,Luciferkhan,twisting-nether,479,warrior,fury,12,5,7
46146,Элейд,thermaplugg,479,warrior,fury,12,5,7
46147,Maidenless,quelthalas,479,warrior,fury,12,5,7
46148,Pipsysimp,ragnaros,479,warrior,fury,12,5,7
46149,Moonkak,hyjal,479,warrior,fury,12,5,7
46150,Cosmoses,mazrigos,479,warrior,fury,12,5,7
46151,Prime,outland,479,warrior,fury,12,5,7
46152,Marklarstar,ragnaros,479,warrior,fury,12,5,7
46153,Чорныгвард,gordunni,479,warrior,fury,12,5,7
46154,Wilmazutschn,nethersturm,479,warrior,fury,12,5,7
46155,Motorhead,tirion,479,warrior,fury,12,5,7
46156,Keaile,tarren-mill,479,warrior,fury,12,5,7
46157,Селттик,grom,478,warrior,fury,12,5,7
46158,Albabhaltair,quelthalas,476,warrior,fury,12,5,7
46159,Roostai,shattered-hand,476,warrior,fury,12,5,7
46160,Mane,thunderhorn,475,warrior,fury,12,5,7
46161,Quickblade,perenolde,472,warrior,fury,12,5,7
46162,Horymir,ravencrest,463,warrior,fury,11,5,6
46163,Gigatscheb,eredar,447,warrior,fury,8,6,2
46164,Valrathion,ravencrest,426,warrior,fury,17,8,9
46165,Yugoslav,argent-dawn,426,warrior,fury,16,6,10
46166,Famous,argent-dawn,400,warrior,fury,7,5,2
46167,Tsu,karazhan,384,warrior,fury,6,4,2
46168,Dollystyle,kazzak,384,warrior,fury,6,4,2
46169,Saurens,twisting-nether,384,warrior,fury,6,4,2
46170,Trôth,kazzak,384,warrior,fury,6,4,2
46171,Tweaked,argent-dawn,384,warrior,fury,6,4,2
46172,Ränchiëk,ravencrest,384,warrior,fury,6,4,2
46173,Evilez,ravencrest,384,warrior,fury,6,4,2
46174,Svinarghulk,twisting-nether,384,warrior,fury,6,4,2
46175,Mórdér,blackmoore,384,warrior,fury,6,4,2
46176,Ryghar,silvermoon,384,warrior,fury,6,4,2
46177,Вульрайс,deepholm,384,warrior,fury,6,4,2
46178,Gotnuub,tarren-mill,384,warrior,fury,6,4,2
46179,Чосо,razuvious,384,warrior,fury,6,4,2
46180,Orwarrio,thrall,384,warrior,fury,6,4,2
46181,Впижаме,gordunni,384,warrior,fury,6,4,2
46182,Thôras,anetheron,384,warrior,fury,6,4,2
46183,Paynzx,blackrock,384,warrior,fury,6,4,2
46184,Zeldius,ravencrest,384,warrior,fury,6,4,2
46185,Chipstjuven,tarren-mill,384,warrior,fury,6,4,2
46186,Izurritea,tarren-mill,384,warrior,fury,6,4,2
46187,Nobelisarius,norgannon,384,warrior,fury,6,4,2
46188,Satabasse,marécage-de-zangar,384,warrior,fury,6,4,2
46189,Pierøne,nemesis,384,warrior,fury,6,4,2
46190,Extasceh,turalyon,384,warrior,fury,6,4,2
46191,Galatan,kazzak,384,warrior,fury,6,4,2
46192,Strähne,malganis,384,warrior,fury,6,4,2
46193,Asuross,dalaran,384,warrior,fury,6,4,2
46194,Betonica,burning-legion,384,warrior,fury,6,4,2
46195,Oluwafunmila,tarren-mill,384,warrior,fury,6,4,2
46196,Ronipickerin,stormscale,384,warrior,fury,6,4,2
46197,Deamonn,kazzak,384,warrior,fury,6,4,2
46198,Zillrog,kazzak,384,warrior,fury,6,4,2
46199,Ffrancis,eldrethalas,384,warrior,fury,6,4,2
46200,Hynekiller,silvermoon,384,warrior,fury,6,4,2
46201,Craíne,antonidas,384,warrior,fury,6,4,2
46202,Devìlscandy,stormscale,384,warrior,fury,6,4,2
46203,Bravest,ragnaros,384,warrior,fury,6,4,2
46204,Korghar,xavius,384,warrior,fury,6,4,2
46205,Vivaladirt,argent-dawn,384,warrior,fury,6,4,2
46206,Vullgrîm,blackmoore,384,warrior,fury,6,4,2
46207,Shalahed,outland,384,warrior,fury,6,4,2
46208,Gandosh,blackmoore,384,warrior,fury,6,4,2
46209,Çon,ravencrest,384,warrior,fury,6,4,2
46210,Hofftor,eredar,384,warrior,fury,6,4,2
46211,Truepassion,outland,384,warrior,fury,6,4,2
46212,Infernall,burning-legion,384,warrior,fury,6,4,2
46213,Shuriká,blackmoore,384,warrior,fury,6,4,2
46214,Swàck,mazrigos,384,warrior,fury,6,4,2
46215,Histe,thrall,384,warrior,fury,6,4,2
46216,Roadsick,outland,384,warrior,fury,6,4,2
46217,Madvlad,twisting-nether,384,warrior,fury,6,4,2
46218,Warriur,silvermoon,384,warrior,fury,6,4,2
46219,Stickifrån,darkspear,384,warrior,fury,6,4,2
46220,Sambucá,blackmoore,384,warrior,fury,6,4,2
46221,Vmnbgh,aszune,384,warrior,fury,6,4,2
46222,Bersurker,draenor,384,warrior,fury,6,4,2
46223,Dominikhasek,stormscale,384,warrior,fury,6,4,2
46224,Bulgrash,blackmoore,384,warrior,fury,6,4,2
46225,Orkboii,ravencrest,384,warrior,fury,6,4,2
46226,Lunätic,sylvanas,384,warrior,fury,6,4,2
46227,Lôreex,ravencrest,384,warrior,fury,6,4,2
46228,Gonutz,sylvanas,384,warrior,fury,6,4,2
46229,Dominow,ysondre,384,warrior,fury,6,4,2
46230,Warbigboss,draenor,384,warrior,fury,6,4,2
46231,Executte,zuljin,384,warrior,fury,6,4,2
46232,Daldiee,ravencrest,384,warrior,fury,6,4,2
46233,Razzani,nathrezim,384,warrior,fury,6,4,2
46234,Имбасенпай,howling-fjord,384,warrior,fury,6,4,2
46235,Viqi,alleria,384,warrior,fury,6,4,2
46236,Нерморрог,howling-fjord,384,warrior,fury,6,4,2
46237,Кайзерчиф,soulflayer,384,warrior,fury,6,4,2
46238,Suzzon,hyjal,384,warrior,fury,6,4,2
46239,Lôcutus,thrall,384,warrior,fury,6,4,2
46240,Sanhaevel,ravencrest,384,warrior,fury,10,4,6
46241,Golward,grim-batol,384,warrior,fury,11,4,7
46242,Poniroula,burning-legion,384,warrior,fury,12,4,8
46243,Развалочка,howling-fjord,384,warrior,fury,12,4,8
46244,Деспазитыч,fordragon,384,warrior,fury,12,4,8
46245,Цикламея,blackscar,384,warrior,fury,12,4,8
46246,Изберг,soulflayer,384,warrior,fury,12,4,8
46247,Råkeff,tarren-mill,384,warrior,fury,12,4,8
46248,Yaune,ravencrest,384,warrior,fury,12,4,8
46249,Aprilis,thrall,384,warrior,fury,12,4,8
46250,Katmos,baelgun,384,warrior,fury,12,4,8
46251,Bulletpants,argent-dawn,384,warrior,fury,12,4,8
46252,Bastrick,argent-dawn,384,warrior,fury,12,4,8
46253,Bwonsàmdí,ragnaros,384,warrior,fury,12,4,8
46254,Колобочек,eversong,384,warrior,fury,12,4,8
46255,Nukêr,dun-modr,384,warrior,fury,12,4,8
46256,Fistawarrior,nemesis,384,warrior,fury,12,4,8
46257,Himarsenko,silvermoon,384,warrior,fury,12,4,8
46258,Nekerka,burning-legion,384,warrior,fury,12,4,8
46259,Thorgaz,blackmoore,384,warrior,fury,12,4,8
46260,Têtebruler,archimonde,384,warrior,fury,12,4,8
46261,Ganzaésábi,aggra-português,384,warrior,fury,12,4,8
46262,Bealin,the-venture-co,384,warrior,fury,12,4,8
46263,Аркашевич,gordunni,384,warrior,fury,12,4,8
46264,Барнетт,gordunni,384,warrior,fury,12,4,8
46265,Shabir,sylvanas,384,warrior,fury,12,4,8
46266,Andjuu,doomhammer,384,warrior,fury,12,4,8
46267,Apacolata,outland,384,warrior,fury,12,4,8
46268,Tanalias,outland,384,warrior,fury,12,4,8
46269,Garradoom,stormscale,384,warrior,fury,17,5,12
46270,Bigpapapap,kazzak,384,warrior,fury,16,4,12
46271,Voa,stormscale,383,warrior,fury,6,4,2
46272,Ronda,nemesis,383,warrior,fury,6,4,2
46273,Siltiel,marécage-de-zangar,383,warrior,fury,6,4,2
46274,Bulbumbo,twisting-nether,383,warrior,fury,6,4,2
46275,Grenad,kazzak,383,warrior,fury,12,4,8
46276,Dullegriet,veknilash,383,warrior,fury,12,4,8
46277,Onslaught,pozzo-delleternità,383,warrior,fury,12,4,8
46278,Jún,dun-modr,383,warrior,fury,12,4,8
46279,Xhasan,sylvanas,383,warrior,fury,12,4,8
46280,Basingaa,pozzo-delleternità,383,warrior,fury,12,4,8
46281,Temprament,ravencrest,383,warrior,fury,12,4,8
46282,Ruuddy,draenor,382,warrior,fury,12,4,8
46283,Colliderbody,dun-modr,367,warrior,fury,9,5,4
46284,Beogor,grim-batol,367,warrior,fury,11,4,7
46285,Toxîn,dalaran,351,warrior,fury,11,4,7
46286,Greensmash,hyjal,351,warrior,fury,14,5,9
46287,Hembränt,hellfire,351,warrior,fury,17,4,13
46288,Bossít,doomhammer,336,warrior,fury,9,4,5
46289,Blackseven,ravencrest,330,warrior,fury,9,6,3
46290,Skillissues,argent-dawn,330,warrior,fury,11,7,4
46291,Zazate,archimonde,319,warrior,fury,5,4,1
46292,Хоркан,blackscar,319,warrior,fury,8,4,4
46293,Manelar,draenor,319,warrior,fury,8,4,4
46294,Phòbos,stormrage,319,warrior,fury,11,4,7
46295,Anaba,voljin,318,warrior,fury,10,4,6
46296,Mfdoöm,draenor,288,warrior,fury,6,3,3
46297,Alkuwaity,outland,288,warrior,fury,6,3,3
46298,Rakherus,silvermoon,288,warrior,fury,6,3,3
46299,Manký,kazzak,288,warrior,fury,6,3,3
46300,Mïîäm,archimonde,288,warrior,fury,6,3,3
46301,Dollybúrster,aegwynn,288,warrior,fury,6,3,3
46302,Tabboonishka,draenor,288,warrior,fury,6,3,3
46303,Sulemanslay,silvermoon,288,warrior,fury,6,3,3
46304,Mumbojumbo,uldum,288,warrior,fury,6,3,3
46305,Immera,silvermoon,288,warrior,fury,6,3,3
46306,Гацс,soulflayer,288,warrior,fury,6,3,3
46307,Nitheriá,draenor,288,warrior,fury,6,3,3
46308,Nifrediel,trollbane,288,warrior,fury,6,3,3
46309,Rägnât,dun-modr,288,warrior,fury,6,3,3
46310,Xerone,doomhammer,288,warrior,fury,6,3,3
46311,Barrocket,aegwynn,288,warrior,fury,6,3,3
46312,Khrtw,silvermoon,288,warrior,fury,6,3,3
46313,Hazarku,colinas-pardas,288,warrior,fury,6,3,3
46314,Kronmw,dun-modr,288,warrior,fury,6,3,3
46315,Dranosha,nemesis,288,warrior,fury,6,3,3
46316,Azotz,archimonde,288,warrior,fury,6,3,3
46317,Auauau,arthas,288,warrior,fury,6,3,3
46318,Wärlight,nemesis,288,warrior,fury,6,3,3
46319,Didgedelik,archimonde,288,warrior,fury,6,3,3
46320,Uncledazzo,quelthalas,288,warrior,fury,6,3,3
46321,Thørïn,dun-modr,288,warrior,fury,6,3,3
46322,Sêrên,dun-modr,288,warrior,fury,6,3,3
46323,Smâllpackage,silvermoon,288,warrior,fury,6,3,3
46324,Hayahol,kazzak,288,warrior,fury,6,3,3
46325,Immørtalx,area-52,288,warrior,fury,6,3,3
46326,Høvdingen,outland,288,warrior,fury,6,3,3
46327,Sørêy,aegwynn,288,warrior,fury,6,3,3
46328,Anakhas,archimonde,288,warrior,fury,6,3,3
46329,Wunderwaffle,xavius,288,warrior,fury,6,3,3
46330,Nèssa,outland,288,warrior,fury,6,3,3
46331,Elyozz,silvermoon,288,warrior,fury,6,3,3
46332,Eiche,kazzak,288,warrior,fury,6,3,3
46333,Iwts,archimonde,288,warrior,fury,6,3,3
46334,Снакихснаки,gordunni,288,warrior,fury,6,3,3
46335,Sathom,hyjal,288,warrior,fury,6,3,3
46336,Васяжелезо,gordunni,288,warrior,fury,6,3,3
46337,Döömed,drakthul,288,warrior,fury,6,3,3
46338,Kopfnusskali,thrall,288,warrior,fury,6,3,3
46339,Dorya,aegwynn,288,warrior,fury,6,3,3
46340,Lilenrage,stormscale,288,warrior,fury,6,3,3
46341,Грош,deepholm,288,warrior,fury,6,3,3
46342,Skullsmasher,stormscale,288,warrior,fury,6,3,3
46343,Balltas,drakthul,288,warrior,fury,6,3,3
46344,Whàtsup,stormscale,288,warrior,fury,6,3,3
46345,Hortswarr,drakthul,288,warrior,fury,6,3,3
46346,Priceswex,ravencrest,288,warrior,fury,6,3,3
46347,Afk,emeriss,288,warrior,fury,6,3,3
46348,Tidùs,nethersturm,288,warrior,fury,6,3,3
46349,Kåïdø,ravencrest,288,warrior,fury,6,3,3
46350,Cleavyera,tarren-mill,288,warrior,fury,6,3,3
46351,Ironmásk,tarren-mill,288,warrior,fury,6,3,3
46352,Bernieboi,tarren-mill,288,warrior,fury,6,3,3
46353,Ivailowar,ravencrest,288,warrior,fury,6,3,3
46354,Philatou,antonidas,288,warrior,fury,6,3,3
46355,Jamiex,marécage-de-zangar,288,warrior,fury,6,3,3
46356,Eleborn,tarren-mill,288,warrior,fury,6,3,3
46357,Taeshalach,der-abyssische-rat,288,warrior,fury,6,3,3
46358,Geicoo,dalaran,288,warrior,fury,6,3,3
46359,Gnarrwarr,eredar,288,warrior,fury,6,3,3
46360,Frankytank,antonidas,288,warrior,fury,6,3,3
46361,Drfeelgud,twisting-nether,288,warrior,fury,6,3,3
46362,Lâppön,blackmoore,288,warrior,fury,6,3,3
46363,Harimà,antonidas,288,warrior,fury,6,3,3
46364,Reylanor,argent-dawn,288,warrior,fury,6,3,3
46365,Kapuchino,twisting-nether,288,warrior,fury,6,3,3
46366,Zarrgash,blackhand,288,warrior,fury,6,3,3
46367,Sargul,ragnaros,288,warrior,fury,6,3,3
46368,Previse,argent-dawn,288,warrior,fury,6,3,3
46369,Blackwólf,bloodhoof,288,warrior,fury,6,3,3
46370,Uthric,azuremyst,288,warrior,fury,6,3,3
46371,Zilg,twisting-nether,288,warrior,fury,6,3,3
46372,Grinrok,thrall,288,warrior,fury,6,3,3
46373,Oombac,lordaeron,288,warrior,fury,6,3,3
46374,Peon,eredar,288,warrior,fury,6,3,3
46375,Cøbain,eredar,288,warrior,fury,6,3,3
46376,Cryze,ravencrest,288,warrior,fury,6,3,3
46377,Vory,ravencrest,288,warrior,fury,6,3,3
46378,Neíd,malganis,288,warrior,fury,6,3,3
46379,Berzzerker,tarren-mill,288,warrior,fury,6,3,3
46380,Cyruk,blackmoore,288,warrior,fury,6,3,3
46381,Aìrwave,blackmoore,288,warrior,fury,6,3,3
46382,Septymyya,eredar,288,warrior,fury,9,4,5
46383,Mouldyclunge,argent-dawn,288,warrior,fury,11,3,8
46384,Zionto,draenor,288,warrior,fury,12,3,9
46385,Kiryn,draenor,288,warrior,fury,12,3,9
46386,Confliction,outland,288,warrior,fury,12,3,9
46387,Slayfox,dun-morogh,288,warrior,fury,12,3,9
46388,Manneen,outland,288,warrior,fury,12,3,9
46389,Pamila,outland,288,warrior,fury,12,3,9
46390,Pekknekck,outland,288,warrior,fury,12,3,9
46391,Naspy,stormscale,288,warrior,fury,12,3,9
46392,Aphae,defias-brotherhood,288,warrior,fury,12,3,9
46393,Urabrask,stormscale,288,warrior,fury,12,3,9
46394,Theunknown,eonar,288,warrior,fury,12,3,9
46395,Conânan,blackrock,288,warrior,fury,12,3,9
46396,Zyn,outland,288,warrior,fury,12,3,9
46397,Gèrralt,hyjal,288,warrior,fury,12,3,9
46398,Джондо,gordunni,288,warrior,fury,12,3,9
46399,Mash,hyjal,288,warrior,fury,12,3,9
46400,Ganian,stormscale,288,warrior,fury,12,3,9
46401,Zercher,tarren-mill,288,warrior,fury,12,3,9
46402,Nightvision,skullcrusher,288,warrior,fury,12,3,9
46403,Ireincarnate,argent-dawn,288,warrior,fury,12,3,9
46404,Skykrow,ysondre,288,warrior,fury,12,3,9
46405,Гхазгхкалл,howling-fjord,288,warrior,fury,12,3,9
46406,Mouliard,archimonde,288,warrior,fury,12,3,9
46407,Hördê,zuljin,288,warrior,fury,12,3,9
46408,Lyfttokyo,tarren-mill,288,warrior,fury,12,3,9
46409,Malvred,eredar,288,warrior,fury,12,3,9
46410,Devso,ravencrest,288,warrior,fury,12,3,9
46411,Grommer,dentarg,288,warrior,fury,12,3,9
46412,Valldi,argent-dawn,288,warrior,fury,12,3,9
46413,Ôrcboi,tarren-mill,288,warrior,fury,12,3,9
46414,Jasonnes,argent-dawn,288,warrior,fury,17,3,14
46415,Atelier,magtheridon,287,warrior,fury,6,3,3
46416,Gartenzwerge,kelthuzad,287,warrior,fury,6,3,3
46417,Arnnau,dun-modr,287,warrior,fury,6,3,3
46418,Luw,twisting-nether,287,warrior,fury,12,3,9
46419,Agunnai,karazhan,286,warrior,fury,6,3,3
46420,Raffael,pozzo-delleternità,286,warrior,fury,12,3,9
46421,Гаррим,blackscar,256,warrior,fury,10,3,7
46422,Kilsorrow,silvermoon,240,warrior,fury,9,4,5
46423,Execute,sanguino,239,warrior,fury,5,3,2
46424,Zeldaixi,twisting-nether,234,warrior,fury,10,5,5
46425,Xqt,laughing-skull,234,warrior,fury,9,4,5
46426,Fetidoman,zuljin,224,warrior,fury,10,3,7
46427,Iarsonn,drakthul,223,warrior,fury,8,3,5
46428,Флокт,howling-fjord,208,warrior,fury,7,3,4
46429,Имбанутыйвар,soulflayer,192,warrior,fury,4,3,1
46430,Цезарь,greymane,192,warrior,fury,4,3,1
46431,Mudryk,burning-blade,192,warrior,fury,4,3,1
46432,Балласёж,gordunni,192,warrior,fury,9,3,6
46433,Gregórry,eredar,192,warrior,fury,6,2,4
46434,Кентафурик,soulflayer,192,warrior,fury,6,2,4
46435,Skullxy,talnivarr,192,warrior,fury,6,2,4
46436,Троммтар,howling-fjord,192,warrior,fury,6,2,4
46437,Souler,burning-legion,192,warrior,fury,6,2,4
46438,Искристый,howling-fjord,192,warrior,fury,6,2,4
46439,Даммодар,howling-fjord,192,warrior,fury,6,2,4
46440,Miko,ysondre,192,warrior,fury,6,2,4
46441,Miotyz,ahnqiraj,192,warrior,fury,6,2,4
46442,Lianore,sanguino,192,warrior,fury,6,2,4
46443,Виттурус,howling-fjord,192,warrior,fury,6,2,4
46444,Джоулирэдблу,howling-fjord,192,warrior,fury,6,2,4
46445,Raizy,frostwolf,192,warrior,fury,6,2,4
46446,Кунгфурик,soulflayer,192,warrior,fury,6,2,4
46447,Fuwy,argent-dawn,192,warrior,fury,6,2,4
46448,Picklejuicer,argent-dawn,192,warrior,fury,6,2,4
46449,Sertigan,dun-modr,192,warrior,fury,6,2,4
46450,Buntstift,thrall,192,warrior,fury,6,2,4
46451,Nabucadnozor,illidan,192,warrior,fury,6,2,4
46452,Khòrne,sanguino,192,warrior,fury,6,2,4
46453,Falnah,sargeras,192,warrior,fury,6,2,4
46454,Ragghatt,draenor,192,warrior,fury,6,2,4
46455,Ragelust,twisting-nether,192,warrior,fury,6,2,4
46456,Kalakalle,twisting-nether,192,warrior,fury,6,2,4
46457,Holdemhammer,sanguino,192,warrior,fury,6,2,4
46458,Bruks,antonidas,192,warrior,fury,6,2,4
46459,Dieselengine,draenor,192,warrior,fury,6,2,4
46460,Illydan,turalyon,192,warrior,fury,6,2,4
46461,Zalazain,burning-legion,192,warrior,fury,6,2,4
46462,Oueban,doomhammer,192,warrior,fury,6,2,4
46463,Aler,alakir,192,warrior,fury,6,2,4
46464,Evilweraz,turalyon,192,warrior,fury,6,2,4
46465,Гудмунт,borean-tundra,192,warrior,fury,6,2,4
46466,Врэкклив,gordunni,192,warrior,fury,6,2,4
46467,Wembley,proudmoore,192,warrior,fury,6,2,4
46468,Korama,emerald-dream,192,warrior,fury,6,2,4
46469,Malalulu,burning-legion,192,warrior,fury,6,2,4
46470,Саркон,ashenvale,192,warrior,fury,6,2,4
46471,Crocbait,ravencrest,192,warrior,fury,6,2,4
46472,Xiiver,burning-legion,192,warrior,fury,6,2,4
46473,Kímbo,tarren-mill,192,warrior,fury,6,2,4
46474,Tagavaga,tarren-mill,192,warrior,fury,6,2,4
46475,Jriddyzug,ravencrest,192,warrior,fury,6,2,4
46476,Sgàthach,silvermoon,192,warrior,fury,6,2,4
46477,Freddie,baelgun,192,warrior,fury,6,2,4
46478,Mîcî,tarren-mill,192,warrior,fury,6,2,4
46479,Like,blackrock,192,warrior,fury,6,2,4
46480,Tyranitar,pozzo-delleternità,192,warrior,fury,6,2,4
46481,Ezlx,stormscale,192,warrior,fury,6,2,4
46482,Warthur,silvermoon,192,warrior,fury,6,2,4
46483,Zugzugcleave,blackrock,192,warrior,fury,6,2,4
46484,Optitt,dethecus,192,warrior,fury,6,2,4
46485,Nexyycleave,kazzak,192,warrior,fury,6,2,4
46486,Brutalz,kazzak,192,warrior,fury,6,2,4
46487,Velgur,ravencrest,192,warrior,fury,6,2,4
46488,Siuzy,blackrock,192,warrior,fury,6,2,4
46489,Shownomercy,blackrock,192,warrior,fury,6,2,4
46490,Sway,eonar,192,warrior,fury,6,2,4
46491,Eyolf,thunderhorn,192,warrior,fury,6,2,4
46492,Thogrêy,archimonde,192,warrior,fury,6,2,4
46493,Elendurel,outland,192,warrior,fury,6,2,4
46494,Kennzz,ravencrest,192,warrior,fury,6,2,4
46495,Maniaco,kazzak,192,warrior,fury,6,2,4
46496,Queak,kazzak,192,warrior,fury,6,2,4
46497,Ruz,defias-brotherhood,192,warrior,fury,6,2,4
46498,Rayyes,stormscale,192,warrior,fury,6,2,4
46499,Suichôken,archimonde,192,warrior,fury,6,2,4
46500,Fookyoup,stormscale,192,warrior,fury,6,2,4
46501,Onykat,aegwynn,192,warrior,fury,6,2,4
46502,Zargala,stormscale,192,warrior,fury,6,2,4
46503,Suduri,drakthul,192,warrior,fury,6,2,4
46504,Voffsen,tarren-mill,192,warrior,fury,6,2,4
46505,Pemex,stormreaver,192,warrior,fury,6,2,4
46506,Nokturnâl,silvermoon,192,warrior,fury,6,2,4
46507,Jeembo,blackmoore,192,warrior,fury,6,2,4
46508,Alxqt,outland,192,warrior,fury,6,2,4
46509,Potátonerd,kazzak,192,warrior,fury,6,2,4
46510,Raksor,hyjal,192,warrior,fury,6,2,4
46511,Kaveli,tarren-mill,192,warrior,fury,6,2,4
46512,Zirvey,tarren-mill,192,warrior,fury,6,2,4
46513,Sefty,tarren-mill,192,warrior,fury,6,2,4
46514,Cesaro,blackhand,192,warrior,fury,6,2,4
46515,Lánse,ravencrest,192,warrior,fury,6,2,4
46516,Qiz,silvermoon,192,warrior,fury,6,2,4
46517,Chrymiiee,blutkessel,192,warrior,fury,6,2,4
46518,Dorwarhoof,ravencrest,192,warrior,fury,6,2,4
46519,Whitescale,silvermoon,192,warrior,fury,6,2,4
46520,Walkers,frostmane,192,warrior,fury,6,2,4
46521,Jambaz,ravencrest,192,warrior,fury,6,2,4
46522,Gomblin,blackmoore,192,warrior,fury,6,2,4
46523,Piixxz,hyjal,192,warrior,fury,6,2,4
46524,Karmok,hyjal,192,warrior,fury,7,2,5
46525,Schneklinge,blutkessel,192,warrior,fury,8,2,6
46526,Ikaroshi,silvermoon,192,warrior,fury,9,2,7
46527,Thordis,sylvanas,192,warrior,fury,11,2,9
46528,Sunzí,alakir,192,warrior,fury,12,2,10
46529,Davetsiz,burning-legion,192,warrior,fury,12,2,10
46530,Sycon,chamber-of-aspects,192,warrior,fury,12,2,10
46531,Angrethar,tarren-mill,192,warrior,fury,12,2,10
46532,Frowenn,ravencrest,192,warrior,fury,12,2,10
46533,Сажень,blackscar,192,warrior,fury,12,2,10
46534,Stonlocked,blackhand,192,warrior,fury,12,2,10
46535,Pakusrage,defias-brotherhood,192,warrior,fury,12,2,10
46536,Korova,blackrock,192,warrior,fury,12,2,10
46537,Minotaureeni,silvermoon,192,warrior,fury,12,2,10
46538,Altroox,malorne,192,warrior,fury,12,2,10
46539,Мутобой,soulflayer,192,warrior,fury,12,2,10
46540,Andrjuscha,blackrock,192,warrior,fury,12,2,10
46541,Dj,ragnaros,191,warrior,fury,6,2,4
46542,Alvis,nathrezim,191,warrior,fury,6,2,4
46543,Omosha,burning-legion,191,warrior,fury,6,2,4
46544,Dorinaz,die-aldor,191,warrior,fury,6,2,4
46545,Tömahawk,defias-brotherhood,191,warrior,fury,6,2,4
46546,Sakaî,temple-noir,191,warrior,fury,6,2,4
46547,Boxersene,blackmoore,191,warrior,fury,12,2,10
46548,Loty,drakthul,175,warrior,fury,11,2,9
46549,Кереешка,howling-fjord,175,warrior,fury,11,2,9
46550,Limejuicer,argent-dawn,169,warrior,fury,12,5,7
46551,Brülldozer,kargath,159,warrior,fury,5,2,3
46552,Marranu,cthun,159,warrior,fury,5,2,3
46553,Vlaax,ravencrest,138,warrior,fury,14,3,11
46554,Pivcuga,kazzak,128,warrior,fury,4,2,2
46555,Æxcoast,ravencrest,128,warrior,fury,4,2,2
46556,Текайко,eversong,96,warrior,fury,3,2,1
46557,Krunchä,ragnaros,96,warrior,fury,3,2,1
46558,Ög,archimonde,96,warrior,fury,3,2,1
46559,Kerpi,silvermoon,96,warrior,fury,6,1,5
46560,Sabak,archimonde,96,warrior,fury,6,1,5
46561,Azrail,xavius,96,warrior,fury,6,1,5
46562,Woghard,drakthul,96,warrior,fury,6,1,5
46563,Raixxon,ragnaros,96,warrior,fury,6,1,5
46564,Wanzzeur,hyjal,96,warrior,fury,6,1,5
46565,Wiliamwalace,zuljin,96,warrior,fury,6,1,5
46566,Quandaledngl,silvermoon,96,warrior,fury,6,1,5
46567,Feltias,drakthul,96,warrior,fury,6,1,5
46568,Hammerfall,uldum,96,warrior,fury,6,1,5
46569,Wardruine,dun-modr,96,warrior,fury,6,1,5
46570,Xenowarr,tarren-mill,96,warrior,fury,6,1,5
46571,Riptide,aggra-português,96,warrior,fury,6,1,5
46572,Galenthor,ravencrest,96,warrior,fury,6,1,5
46573,Juanvaco,tarren-mill,96,warrior,fury,6,1,5
46574,Moldamis,blackhand,96,warrior,fury,6,1,5
46575,Spacemachine,kazzak,96,warrior,fury,6,1,5
46576,Stratic,blackmoore,96,warrior,fury,6,1,5
46577,Marícan,blackmoore,96,warrior,fury,6,1,5
46578,Raakalainen,vashj,96,warrior,fury,6,1,5
46579,Ranyl,blackmoore,96,warrior,fury,6,1,5
46580,Elesharde,sanguino,96,warrior,fury,6,1,5
46581,Спаццифика,soulflayer,96,warrior,fury,6,1,5
46582,Furyfame,darksorrow,96,warrior,fury,6,1,5
46583,Hordox,archimonde,96,warrior,fury,6,1,5
46584,Stromzy,silvermoon,96,warrior,fury,6,1,5
46585,Денеур,gordunni,96,warrior,fury,6,1,5
46586,Skîêl,archimonde,96,warrior,fury,6,1,5
46587,Bokth,archimonde,96,warrior,fury,6,1,5
46588,Høxy,outland,96,warrior,fury,6,1,5
46589,Fraeydís,silvermoon,96,warrior,fury,6,1,5
46590,Corpsecount,stormrage,96,warrior,fury,6,1,5
46591,Анстасмэш,soulflayer,96,warrior,fury,6,1,5
46592,Киссмиплис,gordunni,96,warrior,fury,6,1,5
46593,Армапипец,soulflayer,96,warrior,fury,6,1,5
46594,Xirár,sylvanas,96,warrior,fury,6,1,5
46595,Malebolia,mugthol,96,warrior,fury,6,1,5
46596,Coldstory,draenor,96,warrior,fury,6,1,5
46597,Дуухаст,gordunni,96,warrior,fury,6,1,5
46598,Narkzsthki,kazzak,96,warrior,fury,6,1,5
46599,Berseak,dalaran,96,warrior,fury,6,1,5
46600,Bladewound,draenor,96,warrior,fury,6,1,5
46601,Фиббоначи,deathguard,96,warrior,fury,6,1,5
46602,Grisettê,archimonde,96,warrior,fury,6,1,5
46603,Zarolk,rashgarroth,96,warrior,fury,6,1,5
46604,Grimmrock,gorgonnash,96,warrior,fury,6,1,5
46605,Oxandrolona,argent-dawn,96,warrior,fury,6,1,5
46606,Wifioffline,silvermoon,96,warrior,fury,6,1,5
46607,Sorkk,kazzak,96,warrior,fury,6,1,5
46608,Ðý,silvermoon,96,warrior,fury,6,1,5
46609,Swordluw,argent-dawn,96,warrior,fury,6,1,5
46610,Kronstris,veklor,96,warrior,fury,6,1,5
46611,Dp,area-52,96,warrior,fury,6,1,5
46612,Utharis,stormscale,96,warrior,fury,6,1,5
46613,Callipsa,argent-dawn,96,warrior,fury,6,1,5
46614,Greekazi,kazzak,96,warrior,fury,6,1,5
46615,Mot,terenas,96,warrior,fury,6,1,5
46616,Рагкар,gordunni,96,warrior,fury,6,1,5
46617,Модныйклык,eversong,96,warrior,fury,6,1,5
46618,Анури,eversong,96,warrior,fury,12,1,11
46619,Hágríd,ragnaros,96,warrior,fury,12,1,11
46620,Kaodes,outland,96,warrior,fury,17,1,16
46621,Pufy,ravencrest,79,warrior,fury,11,1,10
46622,Branzei,darkspear,64,warrior,fury,4,1,3
46623,Shedzo,tarren-mill,63,warrior,fury,2,2,0
46624,Krachz,draenor,63,warrior,fury,2,2,0
46625,Elkatar,stormscale,46,warrior,fury,23,6,17
46626,Krirlok,draenor,41,warrior,fury,9,2,7
46627,Vivrya,silvermoon,31,warrior,fury,2,1,1
46628,Lykevil,medivh,31,warrior,fury,2,1,1
46629,Dreyker,sanguino,31,warrior,fury,2,1,1
46630,Giltiné,runetotem,16,warrior,fury,1,1,0
46631,Marcus,ravencrest,2254,warrior,arms,150,79,71
46632,Réckx,twisting-nether,2233,warrior,arms,93,52,41
46633,Dõxqt,kazzak,2204,warrior,arms,86,49,37
46634,Regnarok,sylvanas,2180,warrior,arms,196,113,83
46635,Scardrex,defias-brotherhood,2172,warrior,arms,94,49,45
46636,Sickjackenn,executus,2166,warrior,arms,111,58,53
46637,Midgetdamis,blackhand,2147,warrior,arms,137,87,50
46638,Thomasman,nerathor,2145,warrior,arms,96,48,48
46639,Gewyon,ragnaros,2137,warrior,arms,66,40,26
46640,Blîxtgordon,tarren-mill,2133,warrior,arms,78,42,36
46641,Elwarroo,dun-modr,2125,warrior,arms,166,93,73
46642,Palianytsia,ravencrest,2125,warrior,arms,77,40,37
46643,Savesta,dalaran,2120,warrior,arms,162,86,76
46644,Sharpen,chamber-of-aspects,2116,warrior,arms,116,60,56
46645,Noragrets,stormscale,2116,warrior,arms,80,41,39
46646,Mastodøntes,hyjal,2115,warrior,arms,91,50,41
46647,Кокдиллак,soulflayer,2113,warrior,arms,160,82,78
46648,Скварх,howling-fjord,2112,warrior,arms,120,74,46
46649,Yorgal,arakarahm,2106,warrior,arms,96,47,49
46650,Grkpwh,silvermoon,2105,warrior,arms,88,48,40
46651,Immørtálx,tarren-mill,2102,warrior,arms,72,38,34
46652,Zugzugcleave,blackrock,2084,warrior,arms,84,48,36
46653,Nikkí,naxxramas,2074,warrior,arms,96,50,46
46654,Gabrijel,draenor,2069,warrior,arms,167,82,85
46655,Ðênnis,ravencrest,2062,warrior,arms,54,31,23
46656,Ulrid,draenor,2053,warrior,arms,102,54,48
46657,Seifcham,ragnaros,2052,warrior,arms,221,108,113
46658,Dunecrab,tarren-mill,2042,warrior,arms,113,63,50
46659,Palmexwar,drakthul,2040,warrior,arms,90,49,41
46660,Оркабал,howling-fjord,2038,warrior,arms,142,77,65
46661,Cerry,ravencrest,2016,warrior,arms,123,63,60
46662,Лёшавор,howling-fjord,2008,warrior,arms,96,46,50
46663,Quotx,stormscale,2001,warrior,arms,129,61,68
46664,Karny,ravencrest,2000,warrior,arms,78,46,32
46665,Sickjackenx,executus,2000,warrior,arms,66,37,29
46666,Trâshwarriør,blackhand,1998,warrior,arms,62,27,35
46667,Joeférnandes,ragnaros,1996,warrior,arms,77,38,39
46668,Galeron,kazzak,1992,warrior,arms,90,42,48
46669,Bigboyx,kazzak,1988,warrior,arms,86,43,43
46670,Вэшикх,soulflayer,1984,warrior,arms,89,48,41
46671,Zak,stormscale,1980,warrior,arms,96,43,53
46672,Theryk,sanguino,1977,warrior,arms,142,68,74
46673,Emix,arygos,1975,warrior,arms,72,39,33
46674,Alegral,ravencrest,1974,warrior,arms,207,103,104
46675,Qtcockxx,stormscale,1969,warrior,arms,66,33,33
46676,Zhrey,stormscale,1969,warrior,arms,95,43,52
46677,Schaufelørc,blackrock,1966,warrior,arms,72,40,32
46678,Mitu,sanguino,1959,warrior,arms,239,120,119
46679,Merked,kazzak,1958,warrior,arms,72,34,38
46680,Thenx,tarren-mill,1956,warrior,arms,135,67,68
46681,Shilix,twisting-nether,1956,warrior,arms,139,65,74
46682,Pentagramlol,twisting-nether,1955,warrior,arms,64,34,30
46683,Nedåh,blackrock,1954,warrior,arms,84,46,38
46684,Wingüi,dun-modr,1954,warrior,arms,72,35,37
46685,Purporcc,archimonde,1950,warrior,arms,63,32,31
46686,Bàrbandit,archimonde,1946,warrior,arms,102,52,50
46687,Disarmed,auchindoun,1945,warrior,arms,54,31,23
46688,Schwän,twisting-nether,1943,warrior,arms,60,32,28
46689,Myonmyonmyon,blackmoore,1937,warrior,arms,68,41,27
46690,Wràthfúl,kazzak,1937,warrior,arms,137,69,68
46691,Markers,twisting-nether,1937,warrior,arms,109,49,60
46692,Manaskhan,tarren-mill,1936,warrior,arms,195,100,95
46693,Джерамин,blackscar,1934,warrior,arms,77,35,42
46694,Dabr,stormscale,1933,warrior,arms,48,26,22
46695,Kwasimodo,blackmoore,1933,warrior,arms,70,30,40
46696,Velcorn,ravencrest,1931,warrior,arms,54,26,28
46697,Kapuchino,twisting-nether,1921,warrior,arms,48,27,21
46698,Wargoth,draenor,1916,warrior,arms,75,43,32
46699,Ässholedamis,blackhand,1912,warrior,arms,54,40,14
46700,Aerês,tarren-mill,1912,warrior,arms,144,75,69
46701,Комочекгнева,howling-fjord,1912,warrior,arms,139,70,69
46702,Timpey,kazzak,1911,warrior,arms,54,30,24
46703,Ragestarved,ragnaros,1908,warrior,arms,83,40,43
46704,Infernion,jaedenar,1906,warrior,arms,42,27,15
46705,Nipes,nozdormu,1906,warrior,arms,66,34,32
46706,Summerkarma,wildhammer,1904,warrior,arms,88,47,41
46707,Apacolata,outland,1903,warrior,arms,57,29,28
46708,Длоордпро,soulflayer,1900,warrior,arms,65,29,36
46709,Hitt,ysondre,1897,warrior,arms,96,48,48
46710,Rhâpsodyw,ravencrest,1895,warrior,arms,82,44,38
46711,Фокатоп,blackscar,1895,warrior,arms,54,28,26
46712,Saurens,twisting-nether,1895,warrior,arms,84,38,46
46713,Çatàclysmíc,kazzak,1894,warrior,arms,102,51,51
46714,Екзобайт,gordunni,1893,warrior,arms,89,50,39
46715,Julololo,archimonde,1893,warrior,arms,72,40,32
46716,Куртфорренс,gordunni,1893,warrior,arms,73,31,42
46717,Benzemá,sanguino,1892,warrior,arms,82,50,32
46718,Otp,ravencrest,1890,warrior,arms,108,54,54
46719,Courageous,ravencrest,1889,warrior,arms,66,39,27
46720,Notthateasy,blackrock,1887,warrior,arms,42,24,18
46721,Лилиофаныч,soulflayer,1886,warrior,arms,53,29,24
46722,Drclapit,blackrock,1884,warrior,arms,42,23,19
46723,Hasbullá,kazzak,1884,warrior,arms,266,139,127
46724,Соджиро,howling-fjord,1883,warrior,arms,60,29,31
46725,Sagethi,blackrock,1883,warrior,arms,77,37,40
46726,Naronnas,drakthul,1882,warrior,arms,134,72,62
46727,Аэска,deathweaver,1881,warrior,arms,66,31,35
46728,Куесэс,howling-fjord,1880,warrior,arms,36,20,16
46729,Tsuperman,tarren-mill,1880,warrior,arms,60,31,29
46730,Compétiteub,archimonde,1879,warrior,arms,84,38,46
46731,Gnømércy,stormscale,1878,warrior,arms,42,22,20
46732,Gulläx,burning-legion,1878,warrior,arms,42,20,22
46733,Cathériné,drakthul,1875,warrior,arms,48,27,21
46734,Purpórc,archimonde,1875,warrior,arms,54,30,24
46735,Бэнчпресс,soulflayer,1875,warrior,arms,60,29,31
46736,Oswáld,defias-brotherhood,1874,warrior,arms,50,37,13
46737,Фрейз,blackscar,1874,warrior,arms,70,34,36
46738,Mckinseybcg,outland,1873,warrior,arms,107,67,40
46739,Doomqt,terokkar,1873,warrior,arms,47,27,20
46740,Kartha,stormscale,1873,warrior,arms,54,28,26
46741,Hellguard,archimonde,1872,warrior,arms,84,47,37
46742,Liptonxecute,blackhand,1872,warrior,arms,54,29,25
46743,Endagon,ravencrest,1871,warrior,arms,103,49,54
46744,Хиро,deathweaver,1870,warrior,arms,72,37,35
46745,Wasro,norgannon,1870,warrior,arms,94,48,46
46746,Regnarøk,sylvanas,1869,warrior,arms,71,44,27
46747,Daredevìl,eredar,1869,warrior,arms,107,53,54
46748,Eidzo,tarren-mill,1866,warrior,arms,72,40,32
46749,Zhoti,outland,1866,warrior,arms,64,33,31
46750,Xvlanter,silvermoon,1865,warrior,arms,127,65,62
46751,Mercey,stormscale,1865,warrior,arms,47,24,23
46752,Рвбстох,blackscar,1864,warrior,arms,72,38,34
46753,Irherklek,stormscale,1863,warrior,arms,47,28,19
46754,Xåb,dun-morogh,1862,warrior,arms,66,28,38
46755,Брокскрим,soulflayer,1861,warrior,arms,60,30,30
46756,Ønogal,archimonde,1859,warrior,arms,72,33,39
46757,Sekwar,twisting-nether,1858,warrior,arms,42,21,21
46758,Grimogør,stormscale,1857,warrior,arms,48,27,21
46759,Pivcuga,kazzak,1857,warrior,arms,301,152,149
46760,Europ,silvermoon,1857,warrior,arms,162,78,84
46761,Бодибилдерыч,gordunni,1855,warrior,arms,107,60,47
46762,Mômsboy,tarren-mill,1853,warrior,arms,64,33,31
46763,Ланро,gordunni,1853,warrior,arms,65,33,32
46764,Loty,drakthul,1853,warrior,arms,83,37,46
46765,Prymebeevz,blackmoore,1852,warrior,arms,53,36,17
46766,Àlexander,ravencrest,1852,warrior,arms,35,20,15
46767,Reacôn,twisting-nether,1851,warrior,arms,52,28,24
46768,Valoo,malganis,1850,warrior,arms,74,38,36
46769,Skorm,mugthol,1849,warrior,arms,36,27,9
46770,Reckqtw,eredar,1849,warrior,arms,92,50,42
46771,Xxeqtr,kazzak,1849,warrior,arms,95,45,50
46772,Аоетакси,soulflayer,1848,warrior,arms,104,59,45
46773,Хэйре,howling-fjord,1847,warrior,arms,148,78,70
46774,Krônm,dun-modr,1847,warrior,arms,78,33,45
46775,Nihe,stormreaver,1846,warrior,arms,66,30,36
46776,Kaieh,argent-dawn,1844,warrior,arms,48,31,17
46777,Messermozart,blackmoore,1844,warrior,arms,48,25,23
46778,Civok,kult-der-verdammten,1844,warrior,arms,66,31,35
46779,Jessicaday,archimonde,1843,warrior,arms,42,21,21
46780,Крипочёк,gordunni,1842,warrior,arms,42,25,17
46781,Jriddyzug,ravencrest,1840,warrior,arms,62,33,29
46782,Brogre,stormrage,1839,warrior,arms,59,34,25
46783,Enøt,kazzak,1839,warrior,arms,53,25,28
46784,Xiro,hellscream,1838,warrior,arms,70,45,25
46785,Sneakydrm,kazzak,1837,warrior,arms,40,23,17
46786,Gguts,archimonde,1837,warrior,arms,85,46,39
46787,Khalimov,tarren-mill,1837,warrior,arms,96,51,45
46788,Zhangbeihai,ravencrest,1837,warrior,arms,72,38,34
46789,Nukerz,kirin-tor,1836,warrior,arms,60,34,26
46790,Tozzhug,ragnaros,1835,warrior,arms,48,28,20
46791,Kanté,burning-blade,1834,warrior,arms,41,24,17
46792,Chaddimus,draenor,1833,warrior,arms,42,28,14
46793,Æriø,dalaran,1833,warrior,arms,48,27,21
46794,Pawnerlol,mannoroth,1832,warrior,arms,59,28,31
46795,Blåvingad,kazzak,1831,warrior,arms,56,34,22
46796,Боссберс,soulflayer,1831,warrior,arms,89,44,45
46797,Watrux,outland,1831,warrior,arms,66,31,35
46798,Trapoulas,kazzak,1831,warrior,arms,83,36,47
46799,Воинлета,howling-fjord,1830,warrior,arms,101,60,41
46800,Qapper,kazzak,1830,warrior,arms,57,28,29
46801,Khÿze,ysondre,1829,warrior,arms,58,39,19
46802,Mirpz,doomhammer,1829,warrior,arms,48,31,17
46803,Klearr,silvermoon,1829,warrior,arms,91,56,35
46804,Läerezh,ysondre,1829,warrior,arms,54,32,22
46805,Njn,argent-dawn,1829,warrior,arms,48,23,25
46806,Kamked,burning-legion,1828,warrior,arms,107,50,57
46807,Nightmareowl,tarren-mill,1827,warrior,arms,136,76,60
46808,Blazefüry,ravencrest,1827,warrior,arms,61,33,28
46809,Rînus,aegwynn,1827,warrior,arms,54,26,28
46810,Wuifly,dun-modr,1826,warrior,arms,69,35,34
46811,Lostday,blackrock,1826,warrior,arms,144,71,73
46812,Варбоссец,soulflayer,1825,warrior,arms,66,35,31
46813,Nurekin,argent-dawn,1825,warrior,arms,66,32,34
46814,Javakt,stormscale,1825,warrior,arms,212,100,112
46815,Rivah,tarren-mill,1824,warrior,arms,63,34,29
46816,Crawly,aegwynn,1824,warrior,arms,177,95,82
46817,Reysleys,mazrigos,1823,warrior,arms,69,32,37
46818,Ðior,bronze-dragonflight,1822,warrior,arms,53,29,24
46819,Марльин,howling-fjord,1822,warrior,arms,59,29,30
46820,Crîxús,silvermoon,1822,warrior,arms,60,25,35
46821,Dortenz,ragnaros,1821,warrior,arms,54,24,30
46822,Urmack,ravencrest,1820,warrior,arms,48,37,11
46823,Rngmonster,kazzak,1820,warrior,arms,100,68,32
46824,Uzamaki,bronzebeard,1820,warrior,arms,48,32,16
46825,Knutrex,tarren-mill,1820,warrior,arms,61,35,26
46826,Drahkor,baelgun,1819,warrior,arms,60,39,21
46827,Лимпс,gordunni,1819,warrior,arms,30,19,11
46828,Flinta,blackmoore,1819,warrior,arms,90,51,39
46829,Флагмэн,gordunni,1819,warrior,arms,65,36,29
46830,Maarshl,ysondre,1819,warrior,arms,225,121,104
46831,Вокилог,soulflayer,1818,warrior,arms,422,212,210
46832,Pürporcc,archimonde,1818,warrior,arms,97,48,49
46833,Hunkz,sylvanas,1818,warrior,arms,65,32,33
46834,Имеравета,gordunni,1818,warrior,arms,150,71,79
46835,Мелькорт,gordunni,1817,warrior,arms,48,29,19
46836,Liferuiner,rexxar,1816,warrior,arms,133,73,60
46837,Экзекьютлол,soulflayer,1816,warrior,arms,47,25,22
46838,Joéfernandés,sylvanas,1816,warrior,arms,36,19,17
46839,Klonyarik,ravencrest,1815,warrior,arms,36,19,17
46840,Шурпач,deathguard,1815,warrior,arms,72,37,35
46841,Dnoire,ravencrest,1815,warrior,arms,60,28,32
46842,Aeyon,burning-blade,1814,warrior,arms,45,27,18
46843,Jenkinzz,stormscale,1814,warrior,arms,78,43,35
46844,Thorana,twisting-nether,1814,warrior,arms,59,32,27
46845,Naskez,kazzak,1814,warrior,arms,81,41,40
46846,Darshan,grim-batol,1814,warrior,arms,66,33,33
46847,Leethal,outland,1814,warrior,arms,60,27,33
46848,Juank,minahonda,1814,warrior,arms,48,21,27
46849,Doloresvp,zuljin,1813,warrior,arms,66,36,30
46850,Mtc,blackrock,1813,warrior,arms,68,34,34
46851,Pummelthru,burning-legion,1813,warrior,arms,65,32,33
46852,Vic,tarren-mill,1813,warrior,arms,47,20,27
46853,Zcell,kazzak,1812,warrior,arms,36,23,13
46854,Xurainzone,eredar,1812,warrior,arms,48,27,21
46855,Mystylez,silvermoon,1812,warrior,arms,60,28,32
46856,Gucciwarrior,blackhand,1812,warrior,arms,90,41,49
46857,Vvulf,eredar,1812,warrior,arms,60,25,35
46858,Axinit,blackrock,1811,warrior,arms,42,23,19
46859,Idiotplay,drekthar,1811,warrior,arms,42,19,23
46860,Johnmeadows,ravencrest,1810,warrior,arms,36,23,13
46861,Kelhim,blackrock,1810,warrior,arms,78,45,33
46862,Artøria,archimonde,1810,warrior,arms,96,54,42
46863,Ðiscordia,blackhand,1810,warrior,arms,84,43,41
46864,Kragrâu,kazzak,1810,warrior,arms,71,33,38
46865,Jokkul,tarren-mill,1810,warrior,arms,46,21,25
46866,Connorzw,blackmoore,1809,warrior,arms,36,23,13
46867,Cherserker,ragnaros,1809,warrior,arms,69,41,28
46868,Semmino,nemesis,1809,warrior,arms,48,28,20
46869,Drilley,blackmoore,1807,warrior,arms,50,34,16
46870,Oldchap,nordrassil,1807,warrior,arms,48,31,17
46871,Олдборовс,soulflayer,1807,warrior,arms,53,29,24
46872,Zeddone,drakthul,1807,warrior,arms,90,46,44
46873,Damagz,tarren-mill,1807,warrior,arms,83,42,41
46874,Bloodhorn,blackhand,1807,warrior,arms,107,54,53
46875,Варзила,blackscar,1807,warrior,arms,53,22,31
46876,Nìmera,nemesis,1806,warrior,arms,36,26,10
46877,Yelanx,twisting-nether,1806,warrior,arms,48,34,14
46878,Гатсберсерк,gordunni,1806,warrior,arms,167,91,76
46879,Wayneson,tarren-mill,1806,warrior,arms,108,58,50
46880,Книфэк,howling-fjord,1806,warrior,arms,76,40,36
46881,Brutilda,antonidas,1806,warrior,arms,53,25,28
46882,Дуглимон,gordunni,1805,warrior,arms,65,37,28
46883,Toscothegoat,ravencrest,1804,warrior,arms,36,24,12
46884,Greenblób,kazzak,1804,warrior,arms,66,27,39
46885,Hanìbal,ravencrest,1803,warrior,arms,60,32,28
46886,Gigadot,arathor,1803,warrior,arms,186,97,89
46887,Ghakra,kazzak,1802,warrior,arms,36,25,11
46888,Westwyde,hyjal,1802,warrior,arms,48,30,18
46889,Thyréc,blackmoore,1802,warrior,arms,60,34,26
46890,Purporcfr,archimonde,1801,warrior,arms,47,25,22
46891,Phalek,argent-dawn,1800,warrior,arms,48,28,20
46892,Shortcvnt,ravencrest,1800,warrior,arms,48,28,20
46893,Azudaddy,blackmoore,1800,warrior,arms,59,34,25
46894,Böggzbunny,tarren-mill,1800,warrior,arms,42,24,18
46895,Dairøx,blackrock,1800,warrior,arms,60,31,29
46896,Ástriax,ravencrest,1799,warrior,arms,159,77,82
46897,Cerßere,archimonde,1798,warrior,arms,120,61,59
46898,Lanstus,silvermoon,1797,warrior,arms,96,53,43
46899,Заликмортал,soulflayer,1796,warrior,arms,138,76,62
46900,Kamatâ,kazzak,1796,warrior,arms,60,32,28
46901,Злопиканка,gordunni,1794,warrior,arms,58,29,29
46902,Atrôcithy,silvermoon,1791,warrior,arms,48,25,23
46903,Kënnyföx,ysondre,1789,warrior,arms,36,19,17
46904,Downpippuri,silvermoon,1787,warrior,arms,72,49,23
46905,Zheaks,kazzak,1785,warrior,arms,95,45,50
46906,Istyos,hyjal,1785,warrior,arms,77,36,41
46907,Древилгод,gordunni,1783,warrior,arms,57,31,26
46908,Nassir,stormscale,1783,warrior,arms,90,45,45
46909,Craanked,aegwynn,1783,warrior,arms,53,25,28
46910,Kennyföx,ysondre,1782,warrior,arms,38,24,14
46911,Selenez,outland,1779,warrior,arms,67,30,37
46912,Venres,blackhand,1777,warrior,arms,88,47,41
46913,Shookyx,ravencrest,1775,warrior,arms,42,24,18
46914,Троммтар,howling-fjord,1774,warrior,arms,100,44,56
46915,Zombossio,tarren-mill,1773,warrior,arms,74,38,36
46916,Stupidz,hyjal,1773,warrior,arms,48,21,27
46917,Jínro,draenor,1771,warrior,arms,42,19,23
46918,Jackyred,silvermoon,1771,warrior,arms,71,31,40
46919,Hulksmsh,hyjal,1770,warrior,arms,53,21,32
46920,Kurbá,stormscale,1768,warrior,arms,42,26,16
46921,Lyriae,argent-dawn,1768,warrior,arms,66,39,27
46922,Jengaa,draenor,1768,warrior,arms,108,56,52
46923,Prøject,archimonde,1768,warrior,arms,54,27,27
46924,Komissarecks,aegwynn,1767,warrior,arms,63,31,32
46925,Pangowar,elune,1766,warrior,arms,69,38,31
46926,Ехрерау,gordunni,1765,warrior,arms,66,27,39
46927,ßloodz,hyjal,1763,warrior,arms,96,49,47
46928,Saidi,outland,1762,warrior,arms,139,63,76
46929,Chucho,argent-dawn,1761,warrior,arms,48,26,22
46930,Perinel,draenor,1761,warrior,arms,135,73,62
46931,Røidrage,stormscale,1761,warrior,arms,90,41,49
46932,Bigboomer,frostmane,1761,warrior,arms,180,81,99
46933,Nitheriá,draenor,1759,warrior,arms,316,160,156
46934,Asçrðth,kazzak,1759,warrior,arms,48,23,25
46935,Okcool,twisting-nether,1757,warrior,arms,42,26,16
46936,Planina,ravencrest,1757,warrior,arms,59,32,27
46937,Downpipe,twisting-nether,1757,warrior,arms,125,62,63
46938,Rhagnok,archimonde,1756,warrior,arms,66,27,39
46939,Reccey,blackrock,1755,warrior,arms,134,67,67
46940,Banîsher,drakthul,1755,warrior,arms,116,53,63
46941,Brunodressed,aegwynn,1753,warrior,arms,54,29,25
46942,Warounet,hyjal,1753,warrior,arms,54,26,28
46943,Cleaver,tarren-mill,1752,warrior,arms,54,29,25
46944,Pathocend,kazzak,1752,warrior,arms,59,29,30
46945,Raikaz,ravencrest,1752,warrior,arms,60,28,32
46946,Ущипнузатитю,deathguard,1752,warrior,arms,66,29,37
46947,Yosiwa,draenor,1751,warrior,arms,78,45,33
46948,Trôth,kazzak,1750,warrior,arms,36,23,13
46949,Skylåw,archimonde,1750,warrior,arms,109,52,57
46950,Pj,sanguino,1750,warrior,arms,68,30,38
46951,Thrux,dalaran,1747,warrior,arms,78,44,34
46952,Arms,earthen-ring,1746,warrior,arms,56,29,27
46953,Kiyomaro,stormscale,1744,warrior,arms,60,30,30
46954,Nonow,silvermoon,1742,warrior,arms,42,22,20
46955,Yarilolx,outland,1741,warrior,arms,43,25,18
46956,Blademir,blackrock,1739,warrior,arms,41,26,15
46957,Mojotsche,taerar,1738,warrior,arms,64,36,28
46958,Hulkensmash,kazzak,1738,warrior,arms,175,87,88
46959,Cesr,bloodhoof,1738,warrior,arms,106,47,59
46960,Cisataker,hyjal,1737,warrior,arms,24,20,4
46961,Rageco,ravencrest,1737,warrior,arms,48,31,17
46962,Raidek,dragonmaw,1737,warrior,arms,82,46,36
46963,Ðezia,tarren-mill,1737,warrior,arms,144,79,65
46964,Oluwafunmila,tarren-mill,1737,warrior,arms,56,29,27
46965,Даскул,gordunni,1737,warrior,arms,66,28,38
46966,Asenine,sylvanas,1734,warrior,arms,354,176,178
46967,Pazùzu,twisting-nether,1733,warrior,arms,60,27,33
46968,Bôlufonâ,dun-modr,1732,warrior,arms,59,31,28
46969,Wake,eredar,1731,warrior,arms,42,23,19
46970,Magnî,auchindoun,1731,warrior,arms,54,29,25
46971,Døkidøki,silvermoon,1731,warrior,arms,80,40,40
46972,Ezøn,aegwynn,1730,warrior,arms,65,32,33
46973,Маклецкий,gordunni,1730,warrior,arms,150,68,82
46974,Беренса,howling-fjord,1727,warrior,arms,83,48,35
46975,Grimlok,sylvanas,1727,warrior,arms,83,35,48
46976,Yellowjuice,stormscale,1726,warrior,arms,132,78,54
46977,Штурмгешутц,deathweaver,1723,warrior,arms,138,76,62
46978,Brizeis,malganis,1723,warrior,arms,133,68,65
46979,Fosler,frostmane,1723,warrior,arms,48,22,26
46980,Oplarxigos,kazzak,1723,warrior,arms,48,20,28
46981,Shchoor,ravencrest,1722,warrior,arms,36,18,18
46982,Dannyp,twisting-nether,1722,warrior,arms,36,18,18
46983,Bigdamtosco,ravencrest,1721,warrior,arms,30,18,12
46984,Slowann,argent-dawn,1721,warrior,arms,66,34,32
46985,Оксенфурт,soulflayer,1721,warrior,arms,124,59,65
46986,Drittsekken,sylvanas,1720,warrior,arms,42,26,16
46987,Naskwar,archimonde,1720,warrior,arms,48,24,24
46988,Skädy,dun-modr,1720,warrior,arms,60,29,31
46989,Fantasý,burning-legion,1720,warrior,arms,71,28,43
46990,Whýsøsîleñt,ragnaros,1719,warrior,arms,28,19,9
46991,Urasli,doomhammer,1717,warrior,arms,42,24,18
46992,Стилерин,gordunni,1717,warrior,arms,36,18,18
46993,Барсток,soulflayer,1716,warrior,arms,107,53,54
46994,Демолишеер,howling-fjord,1714,warrior,arms,59,26,33
46995,Vôx,sylvanas,1712,warrior,arms,96,45,51
46996,Ogurok,frostwolf,1712,warrior,arms,63,29,34
46997,Raley,ragnaros,1711,warrior,arms,125,70,55
46998,Ozrenac,kazzak,1711,warrior,arms,167,82,85
46999,Dógmòdex,stormscale,1710,warrior,arms,48,30,18
47000,Mertik,twisting-nether,1710,warrior,arms,48,28,20
47001,Mintys,sylvanas,1710,warrior,arms,62,33,29
47002,Fulgrimu,archimonde,1710,warrior,arms,45,23,22
47003,Palmsweaty,stormrage,1710,warrior,arms,72,31,41
47004,Karuck,tarren-mill,1709,warrior,arms,30,19,11
47005,Robou,hyjal,1709,warrior,arms,174,80,94
47006,Фктпх,blackscar,1708,warrior,arms,48,29,19
47007,Шагах,soulflayer,1708,warrior,arms,152,77,75
47008,Avalinqt,blackrock,1706,warrior,arms,44,32,12
47009,Вуриор,howling-fjord,1706,warrior,arms,102,54,48
47010,Cazaril,kazzak,1706,warrior,arms,149,75,74
47011,Goorila,kazzak,1706,warrior,arms,36,18,18
47012,Bordi,nemesis,1706,warrior,arms,218,101,117
47013,Fruiittyy,ravencrest,1705,warrior,arms,96,48,48
47014,Toroespaña,draenor,1704,warrior,arms,91,49,42
47015,Juggernãut,ravencrest,1704,warrior,arms,90,48,42
47016,Darksídex,silvermoon,1704,warrior,arms,316,167,149
47017,Poolboyx,tarren-mill,1704,warrior,arms,123,63,60
47018,Вандэрбой,howling-fjord,1703,warrior,arms,222,103,119
47019,Thebigshow,the-maelstrom,1702,warrior,arms,94,41,53
47020,Туранк,howling-fjord,1701,warrior,arms,181,93,88
47021,Хеликат,soulflayer,1701,warrior,arms,60,27,33
47022,Louana,outland,1700,warrior,arms,24,18,6
47023,Кхаррнн,gordunni,1700,warrior,arms,96,47,49
47024,Therealman,kazzak,1699,warrior,arms,38,23,15
47025,Klonyarika,ravencrest,1699,warrior,arms,36,20,16
47026,Гримг,lich-king,1699,warrior,arms,69,37,32
47027,Shhimbanned,doomhammer,1698,warrior,arms,72,38,34
47028,Luphrek,ysondre,1697,warrior,arms,36,20,16
47029,Nerfmyrage,hyjal,1697,warrior,arms,96,49,47
47030,Ахиллслэм,howling-fjord,1697,warrior,arms,83,35,48
47031,Vathaleron,alakir,1696,warrior,arms,51,26,25
47032,Shaked,dun-modr,1696,warrior,arms,47,19,28
47033,Дроктул,howling-fjord,1695,warrior,arms,272,136,136
47034,Everdipper,outland,1695,warrior,arms,62,27,35
47035,Secondwarri,frostwolf,1694,warrior,arms,66,37,29
47036,Augustus,runetotem,1694,warrior,arms,84,47,37
47037,Sorkk,kazzak,1694,warrior,arms,86,47,39
47038,Donquiexote,ravencrest,1692,warrior,arms,90,49,41
47039,Krionos,ravencrest,1692,warrior,arms,60,28,32
47040,Брок,soulflayer,1692,warrior,arms,96,39,57
47041,Фрейз,deathweaver,1691,warrior,arms,42,24,18
47042,Дайбайхенд,howling-fjord,1691,warrior,arms,60,30,30
47043,Zexa,tarren-mill,1690,warrior,arms,42,21,21
47044,Mazaharine,archimonde,1690,warrior,arms,69,33,36
47045,Vayné,ravencrest,1690,warrior,arms,78,35,43
47046,Randomdmg,stormscale,1689,warrior,arms,24,18,6
47047,Cassândrä,dalaran,1689,warrior,arms,66,28,38
47048,Mortalfist,stormscale,1688,warrior,arms,61,29,32
47049,Fràgile,ravencrest,1687,warrior,arms,89,45,44
47050,Hangart,argent-dawn,1687,warrior,arms,48,20,28
47051,Preliator,outland,1686,warrior,arms,24,18,6
47052,Æç,argent-dawn,1686,warrior,arms,72,35,37
47053,Wardruine,dun-modr,1686,warrior,arms,131,63,68
47054,Spártacus,kazzak,1686,warrior,arms,88,40,48
47055,Konebankærn,ravencrest,1686,warrior,arms,48,20,28
47056,Кладбошаа,gordunni,1684,warrior,arms,114,61,53
47057,Watashilfy,ravencrest,1684,warrior,arms,66,35,31
47058,Rolo,antonidas,1684,warrior,arms,57,29,28
47059,Makgorei,outland,1684,warrior,arms,129,64,65
47060,Nozuki,archimonde,1684,warrior,arms,243,120,123
47061,Азктор,soulflayer,1683,warrior,arms,34,19,15
47062,Nargez,outland,1682,warrior,arms,36,22,14
47063,Màkáveli,stormscale,1682,warrior,arms,59,34,25
47064,Rbbx,tarren-mill,1682,warrior,arms,44,24,20
47065,Huyer,stormscale,1682,warrior,arms,36,18,18
47066,Anthalar,argent-dawn,1682,warrior,arms,90,43,47
47067,Shooky,blackrock,1681,warrior,arms,41,22,19
47068,Oktharu,silvermoon,1681,warrior,arms,42,19,23
47069,Tyrasîà,hyjal,1680,warrior,arms,54,24,30
47070,Kronmw,dun-modr,1680,warrior,arms,54,20,34
47071,Sørêy,aegwynn,1679,warrior,arms,72,37,35
47072,Blackbiird,blackmoore,1679,warrior,arms,53,27,26
47073,Zoefernandes,kazzak,1679,warrior,arms,66,28,38
47074,Ридиусх,gordunni,1678,warrior,arms,43,24,19
47075,Klynd,nemesis,1677,warrior,arms,48,18,30
47076,Орданис,deathguard,1675,warrior,arms,48,23,25
47077,Krigipigi,antonidas,1674,warrior,arms,72,31,41
47078,Nardoch,archimonde,1673,warrior,arms,126,63,63
47079,Woobaby,outland,1672,warrior,arms,54,30,24
47080,Gatts,krasus,1671,warrior,arms,282,134,148
47081,Amokdamis,blackhand,1671,warrior,arms,51,23,28
47082,Nîmera,nemesis,1670,warrior,arms,24,19,5
47083,Бисовыйармен,soulflayer,1670,warrior,arms,42,23,19
47084,Lîlsaint,dun-morogh,1670,warrior,arms,36,19,17
47085,Chromoly,aegwynn,1670,warrior,arms,90,43,47
47086,Dríx,hyjal,1669,warrior,arms,66,34,32
47087,Ijzerekast,sylvanas,1668,warrior,arms,61,27,34
47088,Nikoma,silvermoon,1667,warrior,arms,36,20,16
47089,Malebolia,mugthol,1666,warrior,arms,217,111,106
47090,Maldark,scarshield-legion,1666,warrior,arms,118,55,63
47091,Bruxus,blackhand,1665,warrior,arms,208,108,100
47092,Дугмар,gordunni,1665,warrior,arms,193,96,97
47093,Геркавоин,eversong,1665,warrior,arms,96,45,51
47094,Трешконтент,gordunni,1664,warrior,arms,96,50,46
47095,Mirageous,tarren-mill,1664,warrior,arms,53,25,28
47096,Nelthôr,alleria,1663,warrior,arms,126,74,52
47097,Ignyz,stormscale,1663,warrior,arms,48,27,21
47098,Learningwarr,eredar,1663,warrior,arms,50,26,24
47099,Atlizz,twisting-nether,1662,warrior,arms,84,45,39
47100,Xendyo,frostmourne,1662,warrior,arms,113,52,61
47101,Kotechnik,ysondre,1661,warrior,arms,42,25,17
47102,Dominikhasek,stormscale,1661,warrior,arms,36,20,16
47103,Jaythegodx,blackrock,1661,warrior,arms,60,22,38
47104,Роули,blackscar,1660,warrior,arms,39,23,16
47105,Reapersrage,twisting-nether,1660,warrior,arms,45,22,23
47106,Huscar,thrall,1659,warrior,arms,58,31,27
47107,Мопк,howling-fjord,1659,warrior,arms,60,31,29
47108,Blayr,tarren-mill,1659,warrior,arms,93,45,48
47109,Erikeverhard,nathrezim,1659,warrior,arms,42,20,22
47110,Zëhef,hyjal,1658,warrior,arms,96,54,42
47111,Zugstorm,outland,1658,warrior,arms,46,23,23
47112,Xgs,archimonde,1657,warrior,arms,255,129,126
47113,Кибервайфу,howling-fjord,1656,warrior,arms,36,22,14
47114,Crandalius,kazzak,1656,warrior,arms,87,51,36
47115,Mazutov,outland,1655,warrior,arms,36,25,11
47116,Asquare,stormscale,1655,warrior,arms,40,18,22
47117,Луновоин,gordunni,1654,warrior,arms,54,35,19
47118,Facestomper,onyxia,1654,warrior,arms,78,44,34
47119,Chadsmorc,twisting-nether,1654,warrior,arms,143,76,67
47120,Skillissues,argent-dawn,1653,warrior,arms,48,26,22
47121,Киссмиплис,gordunni,1653,warrior,arms,75,38,37
47122,Spartaz,eredar,1653,warrior,arms,60,28,32
47123,Maikouyes,archimonde,1651,warrior,arms,107,54,53
47124,Белхэнд,soulflayer,1651,warrior,arms,151,72,79
47125,Донтрелиз,howling-fjord,1651,warrior,arms,58,27,31
47126,Денеур,gordunni,1648,warrior,arms,108,45,63
47127,Noxeeql,tarren-mill,1647,warrior,arms,96,57,39
47128,Asç,kazzak,1647,warrior,arms,42,21,21
47129,Айфилшок,gordunni,1646,warrior,arms,36,19,17
47130,Blizo,tarren-mill,1646,warrior,arms,42,21,21
47131,Liper,silvermoon,1645,warrior,arms,91,51,40
47132,Поршекаен,howling-fjord,1645,warrior,arms,71,29,42
47133,Fruitdealer,shattrath,1644,warrior,arms,70,30,40
47134,Morbaac,archimonde,1644,warrior,arms,54,22,32
47135,Doksziqqt,ragnaros,1642,warrior,arms,36,22,14
47136,Ckz,ysondre,1641,warrior,arms,36,26,10
47137,Remen,archimonde,1641,warrior,arms,84,37,47
47138,Picciocino,nemesis,1641,warrior,arms,88,36,52
47139,Diamonddogs,draenor,1640,warrior,arms,52,32,20
47140,Renwíck,burning-legion,1639,warrior,arms,35,18,17
47141,Фенилэфрин,gordunni,1639,warrior,arms,140,71,69
47142,Voxz,stormscale,1639,warrior,arms,195,93,102
47143,Paranoiás,ragnaros,1639,warrior,arms,50,22,28
47144,Ironbutter,ravencrest,1638,warrior,arms,80,51,29
47145,Samîr,arthas,1638,warrior,arms,36,21,15
47146,Béastmødexz,eredar,1638,warrior,arms,41,20,21
47147,Витодпс,howling-fjord,1638,warrior,arms,54,24,30
47148,Sefty,tarren-mill,1638,warrior,arms,46,18,28
47149,Karkatoes,twisting-nether,1637,warrior,arms,38,21,17
47150,Pachipachi,blackmoore,1637,warrior,arms,44,23,21
47151,Babovic,aegwynn,1636,warrior,arms,42,29,13
47152,Lizzybigtits,kazzak,1636,warrior,arms,60,40,20
47153,Blackfrosty,stormscale,1636,warrior,arms,74,41,33
47154,Hatestørm,kazzak,1636,warrior,arms,42,22,20
47155,Garthock,stormscale,1636,warrior,arms,42,20,22
47156,Ítikovan,aegwynn,1636,warrior,arms,156,73,83
47157,Grántor,eredar,1635,warrior,arms,54,33,21
47158,Тролльвоен,gordunni,1635,warrior,arms,51,31,20
47159,Sydian,burning-legion,1635,warrior,arms,36,21,15
47160,Incendix,stormscale,1635,warrior,arms,77,43,34
47161,Ryofu,stormscale,1635,warrior,arms,42,22,20
47162,Омепразол,gordunni,1635,warrior,arms,250,125,125
47163,Килафх,blackscar,1635,warrior,arms,84,41,43
47164,Kalacher,draenor,1635,warrior,arms,62,25,37
47165,Off,archimonde,1634,warrior,arms,30,18,12
47166,Lyroe,blackrock,1633,warrior,arms,42,21,21
47167,Capigo,tarren-mill,1632,warrior,arms,30,19,11
47168,Psychlolz,burning-legion,1632,warrior,arms,48,24,24
47169,Reapo,blackhand,1632,warrior,arms,137,67,70
47170,Yaune,ravencrest,1632,warrior,arms,42,19,23
47171,Orn,tarren-mill,1632,warrior,arms,54,24,30
47172,Neoballac,uldum,1631,warrior,arms,48,22,26
47173,Naait,draenor,1630,warrior,arms,51,28,23
47174,Çon,ravencrest,1630,warrior,arms,121,63,58
47175,Атаир,deathweaver,1630,warrior,arms,58,30,28
47176,Acaleus,the-maelstrom,1630,warrior,arms,66,31,35
47177,Oweiko,blackrock,1629,warrior,arms,66,37,29
47178,Furanos,blackrock,1629,warrior,arms,65,34,31
47179,Wismerx,kazzak,1629,warrior,arms,48,21,27
47180,Кимлий,deathweaver,1628,warrior,arms,30,17,13
47181,Bursch,ravencrest,1628,warrior,arms,101,50,51
47182,Mellîødas,blackmoore,1627,warrior,arms,48,27,21
47183,Gonutz,sylvanas,1627,warrior,arms,36,20,16
47184,Belattor,silvermoon,1627,warrior,arms,36,17,19
47185,Iameconomist,twisting-nether,1627,warrior,arms,36,17,19
47186,Klinga,bladefist,1626,warrior,arms,42,24,18
47187,Xzm,stormscale,1626,warrior,arms,33,18,15
47188,Xanco,ravencrest,1626,warrior,arms,42,22,20
47189,Agoobagoo,alakir,1626,warrior,arms,41,20,21
47190,Ebonheart,argent-dawn,1626,warrior,arms,104,50,54
47191,Rootmagnet,twisting-nether,1625,warrior,arms,30,20,10
47192,Asipositas,eredar,1625,warrior,arms,42,19,23
47193,Beevzyn,blackmoore,1624,warrior,arms,24,17,7
47194,Xiiver,burning-legion,1624,warrior,arms,131,71,60
47195,Wlãð,archimonde,1624,warrior,arms,48,23,25
47196,Frozenliøn,twisting-nether,1624,warrior,arms,42,19,23
47197,Zeepp,ravencrest,1624,warrior,arms,48,21,27
47198,Xurainlol,eredar,1623,warrior,arms,30,17,13
47199,Prestà,archimonde,1623,warrior,arms,69,37,32
47200,Жестокус,gordunni,1623,warrior,arms,42,22,20
47201,Lusan,sylvanas,1623,warrior,arms,42,21,21
47202,Høtsky,twisting-nether,1622,warrior,arms,30,18,12
47203,Nstx,dun-modr,1622,warrior,arms,30,17,13
47204,Мастерион,soulflayer,1622,warrior,arms,54,28,26
47205,Methodxd,outland,1622,warrior,arms,72,36,36
47206,Фурианка,galakrond,1622,warrior,arms,63,31,32
47207,Bélløne,dalaran,1622,warrior,arms,78,36,42
47208,Salpaaja,frostwhisper,1622,warrior,arms,42,17,25
47209,Solaje,dun-modr,1621,warrior,arms,39,22,17
47210,Wigsplitterx,twisting-nether,1620,warrior,arms,150,70,80
47211,Sickslamzyø,ravencrest,1619,warrior,arms,42,17,25
47212,Mxrdvr,kazzak,1618,warrior,arms,54,35,19
47213,Hasmocaru,silvermoon,1618,warrior,arms,60,30,30
47214,Bj,blackrock,1617,warrior,arms,36,21,15
47215,Odenscolddry,kazzak,1617,warrior,arms,161,79,82
47216,Shavoi,die-aldor,1616,warrior,arms,47,21,26
47217,Wasdwarr,aegwynn,1615,warrior,arms,29,20,9
47218,Khireebonk,hyjal,1615,warrior,arms,36,24,12
47219,Рекиро,blackscar,1615,warrior,arms,40,21,19
47220,Nyxz,blackhand,1615,warrior,arms,47,24,23
47221,Gladius,ysera,1615,warrior,arms,86,43,43
47222,Manoito,argent-dawn,1615,warrior,arms,48,22,26
47223,Lyarinsky,tyrande,1614,warrior,arms,96,58,38
47224,Riyan,lothar,1614,warrior,arms,42,24,18
47225,Daigoro,ravencrest,1614,warrior,arms,30,17,13
47226,Untiltèd,ravencrest,1613,warrior,arms,89,60,29
47227,Extazsion,stormscale,1613,warrior,arms,35,20,15
47228,Hamez,thunderhorn,1613,warrior,arms,70,34,36
47229,Giannizugzug,nemesis,1612,warrior,arms,84,43,41
47230,Termonsa,stormscale,1611,warrior,arms,42,25,17
47231,Lockmagewar,burning-legion,1611,warrior,arms,45,22,23
47232,Sepuko,stormscale,1611,warrior,arms,60,29,31
47233,Cráft,silvermoon,1611,warrior,arms,48,23,25
47234,Spijkerbroek,alakir,1610,warrior,arms,203,105,98
47235,Куэсес,howling-fjord,1610,warrior,arms,39,19,20
47236,Balltas,drakthul,1610,warrior,arms,92,43,49
47237,Strife,ravencrest,1609,warrior,arms,81,51,30
47238,Enzja,nazjatar,1609,warrior,arms,54,25,29
47239,Whoosah,ragnaros,1608,warrior,arms,105,54,51
47240,Chádtóurps,drakthul,1608,warrior,arms,35,17,18
47241,Guts,frostwhisper,1608,warrior,arms,173,83,90
47242,Caméltoe,frostwolf,1608,warrior,arms,143,67,76
47243,Sjozug,tarren-mill,1608,warrior,arms,42,17,25
47244,Кофесмолоком,ashenvale,1608,warrior,arms,53,20,33
47245,Jambaz,ravencrest,1607,warrior,arms,47,23,24
47246,Krew,drakthul,1607,warrior,arms,78,38,40
47247,Bigdstance,outland,1607,warrior,arms,72,33,39
47248,Убитаякорова,soulflayer,1606,warrior,arms,36,20,16
47249,Grimzot,ragnaros,1605,warrior,arms,42,24,18
47250,Nameless,ysondre,1605,warrior,arms,72,41,31
47251,Напутанность,soulflayer,1605,warrior,arms,371,194,177
47252,Haraldjuhnke,frostwolf,1605,warrior,arms,53,27,26
47253,Nakro,hyjal,1604,warrior,arms,24,18,6
47254,Ayraw,eredar,1604,warrior,arms,36,20,16
47255,Lazytowl,outland,1604,warrior,arms,130,65,65
47256,Blondboomer,neptulon,1604,warrior,arms,36,18,18
47257,Exoblade,silvermoon,1604,warrior,arms,76,35,41
47258,Bloodx,archimonde,1603,warrior,arms,36,20,16
47259,Màb,antonidas,1603,warrior,arms,72,38,34
47260,Андреевич,blackscar,1603,warrior,arms,146,74,72
47261,Седлайккеану,howling-fjord,1603,warrior,arms,87,44,43
47262,Mypzo,kazzak,1603,warrior,arms,90,44,46
47263,Buckiesøde,twisting-nether,1603,warrior,arms,36,17,19
47264,Deadlyanger,kazzak,1602,warrior,arms,42,24,18
47265,Eselhirte,blackmoore,1602,warrior,arms,85,46,39
47266,Xecutie,antonidas,1602,warrior,arms,65,35,30
47267,Иктиннос,gordunni,1602,warrior,arms,42,21,21
47268,Wítts,ravencrest,1601,warrior,arms,30,20,10
47269,Kupr,outland,1601,warrior,arms,40,21,19
47270,Khanox,twisting-nether,1601,warrior,arms,148,74,74
47271,Wtchmyblade,blackmoore,1600,warrior,arms,94,56,38
47272,Sumprunkare,stormscale,1599,warrior,arms,52,29,23
47273,Crissx,silvermoon,1599,warrior,arms,90,48,42
47274,Nalx,tarren-mill,1599,warrior,arms,63,33,30
47275,Армсег,soulflayer,1599,warrior,arms,50,26,24
47276,Krîspie,archimonde,1598,warrior,arms,65,36,29
47277,Вагранна,soulflayer,1597,warrior,arms,54,26,28
47278,Морнстар,gordunni,1597,warrior,arms,115,55,60
47279,Arandyr,archimonde,1596,warrior,arms,60,24,36
47280,Laavapoeg,outland,1595,warrior,arms,36,20,16
47281,Cyanerd,bronzebeard,1595,warrior,arms,36,17,19
47282,Kobeni,ysondre,1595,warrior,arms,85,40,45
47283,Каниме,howling-fjord,1594,warrior,arms,24,18,6
47284,Renbaka,marécage-de-zangar,1594,warrior,arms,30,19,11
47285,Бурчун,deathguard,1594,warrior,arms,54,34,20
47286,Zhulgar,azjolnerub,1594,warrior,arms,54,31,23
47287,Phóó,thrall,1593,warrior,arms,72,32,40
47288,Gargaflike,aggra-português,1593,warrior,arms,72,30,42
47289,Haanok,ravencrest,1591,warrior,arms,59,34,25
47290,Capitalista,das-konsortium,1591,warrior,arms,42,20,22
47291,Aestheticon,burning-blade,1589,warrior,arms,30,19,11
47292,Carljøhnson,dalaran,1589,warrior,arms,179,89,90
47293,Cyruk,blackmoore,1589,warrior,arms,129,62,67
47294,Rilor,burning-legion,1589,warrior,arms,124,53,71
47295,Noitoved,outland,1589,warrior,arms,44,18,26
47296,Thundersword,sylvanas,1589,warrior,arms,84,30,54
47297,Ball,zirkel-des-cenarius,1588,warrior,arms,113,63,50
47298,Warmâchine,burning-legion,1588,warrior,arms,172,79,93
47299,Btr,archimonde,1588,warrior,arms,42,19,23
47300,Trust,darksorrow,1587,warrior,arms,30,17,13
47301,Héda,tarren-mill,1587,warrior,arms,49,22,27
47302,Mélindà,silvermoon,1586,warrior,arms,51,33,18
47303,Aeldran,argent-dawn,1586,warrior,arms,48,25,23
47304,Aizy,blackhand,1585,warrior,arms,36,21,15
47305,Skokuxx,silvermoon,1585,warrior,arms,42,20,22
47306,Unbrauchbar,silvermoon,1584,warrior,arms,46,28,18
47307,Aemox,silvermoon,1584,warrior,arms,53,27,26
47308,Hortswarr,drakthul,1582,warrior,arms,37,24,13
47309,Anakhas,archimonde,1582,warrior,arms,36,18,18
47310,Fragmeista,ragnaros,1582,warrior,arms,36,17,19
47311,Ragëë,tarren-mill,1581,warrior,arms,78,42,36
47312,Nazhar,kult-der-verdammten,1581,warrior,arms,48,22,26
47313,Rogersrage,ragnaros,1580,warrior,arms,72,40,32
47314,Bronix,blackrock,1580,warrior,arms,90,44,46
47315,Каосвар,howling-fjord,1579,warrior,arms,30,19,11
47316,Solezte,tarren-mill,1579,warrior,arms,102,56,46
47317,Bamme,archimonde,1579,warrior,arms,41,20,21
47318,Meistersykes,silvermoon,1578,warrior,arms,38,18,20
47319,Vullgrîm,blackmoore,1576,warrior,arms,102,51,51
47320,Taistelumage,stormreaver,1576,warrior,arms,35,17,18
47321,Ändrow,dalaran,1575,warrior,arms,36,20,16
47322,Bravopla,silvermoon,1575,warrior,arms,36,18,18
47323,Оргрриммар,soulflayer,1575,warrior,arms,321,158,163
47324,Furukawa,ravencrest,1575,warrior,arms,51,24,27
47325,Erotixboi,blackrock,1573,warrior,arms,48,29,19
47326,Оргнар,ashenvale,1573,warrior,arms,48,27,21
47327,Lpa,stormscale,1573,warrior,arms,71,37,34
47328,Batïk,blackmoore,1573,warrior,arms,77,33,44
47329,Endeawour,ravencrest,1572,warrior,arms,201,114,87
47330,Trashman,bronzebeard,1572,warrior,arms,96,47,49
47331,Veav,norgannon,1572,warrior,arms,48,17,31
47332,Креспекс,soulflayer,1572,warrior,arms,56,19,37
47333,Reider,twisting-nether,1571,warrior,arms,149,63,86
47334,Cãngo,die-todeskrallen,1570,warrior,arms,24,18,6
47335,Monbun,silvermoon,1570,warrior,arms,101,51,50
47336,Alexandrrior,rexxar,1570,warrior,arms,90,42,48
47337,Сажень,blackscar,1570,warrior,arms,51,22,29
47338,Natis,drakthul,1570,warrior,arms,78,28,50
47339,Rîdler,ravencrest,1569,warrior,arms,193,97,96
47340,Хоркан,blackscar,1569,warrior,arms,36,18,18
47341,Devidz,outland,1569,warrior,arms,48,18,30
47342,Skorz,kazzak,1568,warrior,arms,42,20,22
47343,Ganzaésábi,aggra-português,1567,warrior,arms,102,54,48
47344,Фелпир,soulflayer,1567,warrior,arms,161,84,77
47345,Arktharion,antonidas,1567,warrior,arms,48,25,23
47346,Evrybodydown,draenor,1567,warrior,arms,112,58,54
47347,ßamßam,draenor,1566,warrior,arms,52,27,25
47348,Gely,silvermoon,1566,warrior,arms,119,59,60
47349,Crystallake,blackrock,1566,warrior,arms,102,45,57
47350,Дейдулус,soulflayer,1566,warrior,arms,78,33,45
47351,Shirøx,blackrock,1565,warrior,arms,73,40,33
47352,Архиватор,gordunni,1565,warrior,arms,78,41,37
47353,Serastul,rajaxx,1565,warrior,arms,86,42,44
47354,Giganza,outland,1565,warrior,arms,66,29,37
47355,Едигейй,gordunni,1564,warrior,arms,58,32,26
47356,Ajax,defias-brotherhood,1564,warrior,arms,95,46,49
47357,Smkms,kazzak,1564,warrior,arms,42,20,22
47358,Abrash,ysondre,1564,warrior,arms,78,36,42
47359,Riptack,anetheron,1563,warrior,arms,148,79,69
47360,Sobii,ravencrest,1563,warrior,arms,53,28,25
47361,Billorc,twisting-nether,1563,warrior,arms,63,30,33
47362,Shiqo,ravencrest,1563,warrior,arms,76,33,43
47363,Gaisorg,die-aldor,1562,warrior,arms,31,20,11
47364,Stepa,sylvanas,1562,warrior,arms,54,28,26
47365,Ronoh,kazzak,1561,warrior,arms,36,20,16
47366,Derentis,echsenkessel,1561,warrior,arms,162,80,82
47367,Rongh,saurfang,1561,warrior,arms,36,17,19
47368,Néxtlølz,twisting-nether,1561,warrior,arms,62,29,33
47369,Айсиёу,howling-fjord,1561,warrior,arms,50,21,29
47370,Daýz,draenor,1561,warrior,arms,48,18,30
47371,Pepegle,argent-dawn,1560,warrior,arms,36,22,14
47372,Протектор,soulflayer,1560,warrior,arms,60,29,31
47373,Хэлслэйтэр,gordunni,1559,warrior,arms,130,65,65
47374,Malgár,argent-dawn,1558,warrior,arms,59,30,29
47375,Imfiñe,outland,1558,warrior,arms,107,51,56
47376,Тише,deathweaver,1557,warrior,arms,60,29,31
47377,Corlo,uldaman,1557,warrior,arms,92,40,52
47378,Vallahan,argent-dawn,1555,warrior,arms,221,108,113
47379,Люцц,gordunni,1555,warrior,arms,176,85,91
47380,Pptickler,argent-dawn,1551,warrior,arms,77,39,38
47381,Cirenax,draenor,1551,warrior,arms,48,23,25
47382,Puremëtal,silvermoon,1550,warrior,arms,42,18,24
47383,Philatou,antonidas,1549,warrior,arms,53,29,24
47384,Genjutsubeat,blackmoore,1548,warrior,arms,54,31,23
47385,Arcreign,kazzak,1547,warrior,arms,96,47,49
47386,Ansi,argent-dawn,1547,warrior,arms,48,21,27
47387,Trenôdeca,stormscale,1546,warrior,arms,48,23,25
47388,Sahl,sylvanas,1545,warrior,arms,160,79,81
47389,Morthôr,grim-batol,1545,warrior,arms,69,34,35
47390,Zijsûû,chogall,1545,warrior,arms,43,18,25
47391,Oxay,alakir,1545,warrior,arms,64,26,38
47392,Maniackz,tarren-mill,1544,warrior,arms,36,19,17
47393,Massiveape,argent-dawn,1544,warrior,arms,69,35,34
47394,Мираксус,soulflayer,1544,warrior,arms,36,18,18
47395,Эксихард,gordunni,1543,warrior,arms,66,33,33
47396,Troma,archimonde,1542,warrior,arms,48,19,29
47397,Малаятварь,gordunni,1541,warrior,arms,34,17,17
47398,Wrynir,archimonde,1541,warrior,arms,78,38,40
47399,Dragoons,tyrande,1541,warrior,arms,68,30,38
47400,Cryhoof,ragnaros,1540,warrior,arms,94,48,46
47401,Rakuna,tarren-mill,1540,warrior,arms,114,55,59
47402,Grezlyk,drakthul,1540,warrior,arms,72,33,39
47403,Rumer,tarren-mill,1540,warrior,arms,59,23,36
47404,Kwaiha,kazzak,1539,warrior,arms,36,17,19
47405,Boldinq,ravencrest,1539,warrior,arms,107,46,61
47406,Ninebites,chamber-of-aspects,1538,warrior,arms,95,57,38
47407,Riann,silvermoon,1538,warrior,arms,42,20,22
47408,Alexamazing,lordaeron,1538,warrior,arms,79,37,42
47409,Гуорг,howling-fjord,1538,warrior,arms,81,35,46
47410,Lrb,tarren-mill,1537,warrior,arms,70,33,37
47411,Stancenation,draenor,1537,warrior,arms,70,31,39
47412,Snðw,outland,1537,warrior,arms,48,17,31
47413,Bluto,dunemaul,1536,warrior,arms,205,105,100
47414,Èzekiel,dalaran,1536,warrior,arms,90,46,44
47415,Romanul,terokkar,1536,warrior,arms,84,42,42
47416,Armsbull,twisting-nether,1536,warrior,arms,66,32,34
47417,Gantsrip,stormscale,1536,warrior,arms,46,22,24
47418,Нифро,fordragon,1535,warrior,arms,29,18,11
47419,Diz,terokkar,1535,warrior,arms,97,58,39
47420,Bstgame,frostmane,1535,warrior,arms,36,17,19
47421,Hobo,ravencrest,1535,warrior,arms,71,32,39
47422,Luffydono,stormscale,1535,warrior,arms,66,28,38
47423,Zyzy,arathor,1533,warrior,arms,36,20,16
47424,Gigasmash,pozzo-delleternità,1533,warrior,arms,144,67,77
47425,Tiwâz,eredar,1532,warrior,arms,75,39,36
47426,Hollydeffs,blackmoore,1532,warrior,arms,66,29,37
47427,Skrawarr,das-syndikat,1531,warrior,arms,126,63,63
47428,Lyes,uldaman,1530,warrior,arms,208,102,106
47429,Jakim,tarren-mill,1530,warrior,arms,130,62,68
47430,Rabaozi,blackhand,1530,warrior,arms,95,45,50
47431,Áäáäáäáä,aegwynn,1529,warrior,arms,30,16,14
47432,Únkqt,dalaran,1529,warrior,arms,51,26,25
47433,Громпузан,galakrond,1529,warrior,arms,60,27,33
47434,Basemode,twisting-nether,1529,warrior,arms,40,18,22
47435,Dragondeznut,ravencrest,1529,warrior,arms,36,16,20
47436,Proxxyyqt,blackrock,1529,warrior,arms,68,30,38
47437,Phovoss,stormscale,1529,warrior,arms,60,24,36
47438,Азаргатан,soulflayer,1528,warrior,arms,33,20,13
47439,Bullrug,blackrock,1528,warrior,arms,36,18,18
47440,Waf,hakkar,1527,warrior,arms,108,61,47
47441,Eren,todeswache,1527,warrior,arms,54,28,26
47442,Mentôr,sargeras,1527,warrior,arms,41,21,20
47443,Gravityfalls,blackmoore,1527,warrior,arms,78,39,39
47444,Dragnil,twisting-nether,1527,warrior,arms,36,16,20
47445,Zirêael,kazzak,1527,warrior,arms,42,16,26
47446,Грэйм,gordunni,1526,warrior,arms,58,31,27
47447,Lollydhur,nemesis,1526,warrior,arms,54,28,26
47448,Bumoletroll,draenor,1526,warrior,arms,33,17,16
47449,Лилиофанныч,soulflayer,1525,warrior,arms,36,16,20
47450,Icekissx,hyjal,1524,warrior,arms,129,66,63
47451,Vilass,silvermoon,1523,warrior,arms,36,19,17
47452,Ммайдаен,goldrinn,1523,warrior,arms,60,30,30
47453,Jøtawarrior,sanguino,1523,warrior,arms,36,18,18
47454,Skullrage,tarren-mill,1523,warrior,arms,53,22,31
47455,Chargeyou,ragnaros,1522,warrior,arms,24,16,8
47456,Zheq,ragnaros,1522,warrior,arms,30,16,14
47457,Mävïs,ravencrest,1522,warrior,arms,60,31,29
47458,Shrekwarr,kazzak,1522,warrior,arms,137,67,70
47459,Stormcoil,stormscale,1521,warrior,arms,47,24,23
47460,Norwegian,silvermoon,1521,warrior,arms,80,37,43
47461,Devilpanic,outland,1520,warrior,arms,30,16,14
47462,Gervvand,burning-legion,1519,warrior,arms,48,26,22
47463,Мэйрил,lich-king,1519,warrior,arms,190,99,91
47464,Nighat,sanguino,1519,warrior,arms,162,83,79
47465,Shownomercy,blackrock,1519,warrior,arms,48,23,25
47466,Стенденсх,howling-fjord,1519,warrior,arms,41,19,22
47467,Authar,tarren-mill,1518,warrior,arms,61,33,28
47468,Yukizz,ravencrest,1518,warrior,arms,30,16,14
47469,Cêlty,aegwynn,1518,warrior,arms,76,34,42
47470,Адво,gordunni,1517,warrior,arms,96,50,46
47471,Arnoldr,ysondre,1517,warrior,arms,36,17,19
47472,Conanh,pozzo-delleternità,1516,warrior,arms,134,71,63
47473,Trilon,blackrock,1516,warrior,arms,50,21,29
47474,Spärtan,dun-modr,1515,warrior,arms,66,34,32
47475,Gozga,twisting-nether,1515,warrior,arms,147,74,73
47476,Gipsyjoe,ragnaros,1515,warrior,arms,82,39,43
47477,Zaatar,draenor,1514,warrior,arms,148,83,65
47478,Nexpwns,blackhand,1514,warrior,arms,147,74,73
47479,Heltslut,tarren-mill,1513,warrior,arms,66,26,40
47480,Medaur,frostmane,1512,warrior,arms,62,36,26
47481,Олдизаер,soulflayer,1512,warrior,arms,30,16,14
47482,Mezugzugyou,draenor,1512,warrior,arms,44,23,21
47483,Velinde,outland,1512,warrior,arms,46,23,23
47484,Thaldrys,blackhand,1512,warrior,arms,167,81,86
47485,Скрежет,gordunni,1512,warrior,arms,66,32,34
47486,Jumpilawl,khaz-modan,1512,warrior,arms,92,37,55
47487,Думхаммер,howling-fjord,1511,warrior,arms,71,42,29
47488,Hli,tarren-mill,1511,warrior,arms,30,16,14
47489,Ødên,frostmane,1511,warrior,arms,30,16,14
47490,Duncán,auchindoun,1511,warrior,arms,53,27,26
47491,Ilovealma,kiljaeden,1511,warrior,arms,65,29,36
47492,Scormash,burning-legion,1510,warrior,arms,36,16,20
47493,Mazzkze,silvermoon,1509,warrior,arms,237,122,115
47494,Tinkaton,sylvanas,1509,warrior,arms,36,16,20
47495,Geforce,hellscream,1508,warrior,arms,178,88,90
47496,Bastrick,argent-dawn,1508,warrior,arms,99,48,51
47497,Nøsyo,blackrock,1507,warrior,arms,30,18,12
47498,Üs,ravencrest,1507,warrior,arms,65,35,30
47499,Sonìe,kazzak,1506,warrior,arms,89,51,38
47500,Bloodbrother,blackmoore,1506,warrior,arms,79,40,39
47501,Dariman,aegwynn,1506,warrior,arms,60,27,33
47502,Eskiler,burning-legion,1506,warrior,arms,36,16,20
47503,Арткес,gordunni,1505,warrior,arms,116,59,57
47504,Zergalot,stormscale,1505,warrior,arms,35,17,18
47505,Otzi,sargeras,1505,warrior,arms,53,18,35
47506,Tweran,drakthul,1504,warrior,arms,30,16,14
47507,Pied,krasus,1504,warrior,arms,36,19,17
47508,Волрок,howling-fjord,1504,warrior,arms,67,34,33
47509,Raakalainen,vashj,1504,warrior,arms,59,29,30
47510,Melliug,ysondre,1504,warrior,arms,46,19,27
47511,Savh,silvermoon,1503,warrior,arms,48,28,20
47512,Craghak,twisting-nether,1502,warrior,arms,175,88,87
47513,Crayz,twisting-nether,1501,warrior,arms,54,26,28
47514,Josgrout,silvermoon,1501,warrior,arms,46,21,25
47515,Агрегат,goldrinn,1501,warrior,arms,77,34,43
47516,Räzorleaf,kul-tiras,1500,warrior,arms,96,50,46
47517,Nøcturnaqq,silvermoon,1499,warrior,arms,48,24,24
47518,Lewh,blackmoore,1498,warrior,arms,61,26,35
47519,Crriminal,ravencrest,1498,warrior,arms,48,20,28
47520,Рыгулька,gordunni,1497,warrior,arms,192,93,99
47521,Дозен,soulflayer,1496,warrior,arms,46,26,20
47522,Киллдекс,gordunni,1495,warrior,arms,96,43,53
47523,Slidmacka,twisting-nether,1495,warrior,arms,97,42,55
47524,Dranush,onyxia,1494,warrior,arms,199,105,94
47525,Thiccbra,burning-legion,1494,warrior,arms,66,34,32
47526,Shadowbôxer,onyxia,1494,warrior,arms,68,35,33
47527,Hackamore,suramar,1494,warrior,arms,90,45,45
47528,Whátsup,stormscale,1494,warrior,arms,48,24,24
47529,Rohc,kazzak,1494,warrior,arms,58,27,31
47530,Aurélus,rexxar,1493,warrior,arms,36,22,14
47531,Wazraf,khaz-modan,1493,warrior,arms,138,68,70
47532,Bladrun,frostmane,1492,warrior,arms,36,16,20
47533,Заверчу,soulflayer,1491,warrior,arms,60,32,28
47534,Divyx,tarren-mill,1491,warrior,arms,60,31,29
47535,Pumpadzhîja,outland,1491,warrior,arms,66,32,34
47536,Blackwólf,bloodhoof,1490,warrior,arms,136,63,73
47537,Bucketheadde,thrall,1490,warrior,arms,42,16,26
47538,Шлифую,howling-fjord,1489,warrior,arms,37,23,14
47539,Asuramaru,aegwynn,1489,warrior,arms,77,41,36
47540,Calmdownbrú,frostmane,1489,warrior,arms,65,33,32
47541,Hefthyn,sanguino,1488,warrior,arms,36,20,16
47542,Gorocpt,doomhammer,1488,warrior,arms,44,20,24
47543,Teronth,burning-legion,1488,warrior,arms,48,17,31
47544,Kestialezin,archimonde,1487,warrior,arms,60,39,21
47545,Hindbærsaft,stormscale,1487,warrior,arms,55,32,23
47546,Phenowarri,blackhand,1487,warrior,arms,109,58,51
47547,Paow,tarren-mill,1487,warrior,arms,41,19,22
47548,Сика,blackscar,1487,warrior,arms,66,30,36
47549,Jimei,temple-noir,1486,warrior,arms,30,16,14
47550,Голдибитч,gordunni,1486,warrior,arms,84,41,43
47551,Mfdoöm,draenor,1485,warrior,arms,149,73,76
47552,Lücifer,dun-modr,1484,warrior,arms,30,23,7
47553,Omgihithard,draenor,1484,warrior,arms,57,28,29
47554,Audítóre,proudmoore,1484,warrior,arms,36,17,19
47555,Fizzywarrior,blackmoore,1484,warrior,arms,63,29,34
47556,Jonukas,argent-dawn,1484,warrior,arms,48,19,29
47557,Ahzrok,draenor,1482,warrior,arms,42,24,18
47558,Ragnou,tarren-mill,1482,warrior,arms,73,33,40
47559,Stormfist,tarren-mill,1481,warrior,arms,60,33,27
47560,Gramr,silvermoon,1480,warrior,arms,71,36,35
47561,Nurfbolt,kazzak,1480,warrior,arms,41,19,22
47562,Yeahq,kazzak,1480,warrior,arms,126,57,69
47563,Nàsher,frostwolf,1480,warrior,arms,83,37,46
47564,Altimáte,antonidas,1479,warrior,arms,30,18,12
47565,Farrusco,nemesis,1479,warrior,arms,95,47,48
47566,Gromkarg,draenor,1479,warrior,arms,66,24,42
47567,Трафалльгар,gordunni,1478,warrior,arms,128,72,56
47568,Boshim,ravencrest,1477,warrior,arms,36,20,16
47569,Bracki,ysondre,1477,warrior,arms,46,21,25
47570,Rázgriz,argent-dawn,1477,warrior,arms,54,24,30
47571,Ollyaa,ravencrest,1476,warrior,arms,24,16,8
47572,Trenbullone,kazzak,1476,warrior,arms,51,32,19
47573,Джасткипинг,gordunni,1476,warrior,arms,221,118,103
47574,Notinfa,draenor,1476,warrior,arms,132,69,63
47575,Pajalousta,elune,1476,warrior,arms,102,47,55
47576,Vegilhenvin,stormscale,1476,warrior,arms,57,24,33
47577,Valíon,outland,1475,warrior,arms,94,53,41
47578,Marcnky,stormscale,1475,warrior,arms,122,63,59
47579,Leomance,hyjal,1473,warrior,arms,30,18,12
47580,Cryonix,drakthul,1473,warrior,arms,43,24,19
47581,Martins,doomhammer,1471,warrior,arms,30,16,14
47582,Alyx,mugthol,1471,warrior,arms,98,50,48
47583,Tmp,blackrock,1470,warrior,arms,54,28,26
47584,Micromachine,argent-dawn,1470,warrior,arms,42,16,26
47585,Gíu,blackhand,1469,warrior,arms,29,17,12
47586,Belver,argent-dawn,1469,warrior,arms,32,17,15
47587,Clellin,silvermoon,1469,warrior,arms,75,37,38
47588,Rumbldore,ragnaros,1468,warrior,arms,36,17,19
47589,Trajkovic,ravencrest,1467,warrior,arms,147,82,65
47590,Dárkhammer,tarren-mill,1465,warrior,arms,54,24,30
47591,Royoxo,blackrock,1464,warrior,arms,53,31,22
47592,Hellespont,hellscream,1464,warrior,arms,101,37,64
47593,Grroom,tarren-mill,1463,warrior,arms,51,24,27
47594,Thâarnar,frostwolf,1463,warrior,arms,48,21,27
47595,Svënja,ysondre,1462,warrior,arms,138,63,75
47596,Nukebomb,dun-modr,1462,warrior,arms,42,19,23
47597,Nèssa,outland,1462,warrior,arms,41,16,25
47598,Gorejaws,draenor,1461,warrior,arms,30,19,11
47599,Hôrn,stormscale,1461,warrior,arms,66,37,29
47600,Ssnakeess,silvermoon,1460,warrior,arms,36,19,17
47601,Reider,kazzak,1460,warrior,arms,57,29,28
47602,Brutøs,conseil-des-ombres,1460,warrior,arms,36,18,18
47603,Togas,silvermoon,1459,warrior,arms,182,93,89
47604,Pakusrage,defias-brotherhood,1459,warrior,arms,80,38,42
47605,Xorlog,thrall,1458,warrior,arms,35,19,16
47606,Ràkar,stormscale,1457,warrior,arms,60,29,31
47607,Настрамо,gordunni,1456,warrior,arms,30,16,14
47608,Лисерк,howling-fjord,1456,warrior,arms,42,16,26
47609,Weareinspace,stormscale,1455,warrior,arms,75,44,31
47610,Golonko,burning-legion,1455,warrior,arms,36,21,15
47611,Ordwinz,silvermoon,1455,warrior,arms,74,39,35
47612,Tarkosha,terokkar,1455,warrior,arms,460,228,232
47613,Ladoz,ragnaros,1454,warrior,arms,42,19,23
47614,Kleidaria,stormscale,1452,warrior,arms,30,16,14
47615,Thickslam,argent-dawn,1451,warrior,arms,42,19,23
47616,Гардринг,howling-fjord,1450,warrior,arms,102,59,43
47617,Scarloc,archimonde,1450,warrior,arms,92,42,50
47618,Miko,ysondre,1449,warrior,arms,120,56,64
47619,Разрубателл,soulflayer,1449,warrior,arms,42,18,24
47620,Grumpy,lightbringer,1449,warrior,arms,46,19,27
47621,Fedevalverde,sanguino,1448,warrior,arms,46,32,14
47622,Alborozie,archimonde,1448,warrior,arms,54,25,29
47623,Norinhell,ravencrest,1448,warrior,arms,48,20,28
47624,Jigsar,argent-dawn,1447,warrior,arms,111,63,48
47625,Endan,kelthuzad,1446,warrior,arms,66,37,29
47626,Dokô,twisting-nether,1446,warrior,arms,72,36,36
47627,Argaskurken,ravencrest,1446,warrior,arms,42,19,23
47628,Informatica,doomhammer,1445,warrior,arms,48,25,23
47629,Megtorló,ragnaros,1445,warrior,arms,80,40,40
47630,Faustà,nemesis,1445,warrior,arms,54,23,31
47631,Дообрыйшмель,soulflayer,1443,warrior,arms,51,32,19
47632,Латексник,booty-bay,1443,warrior,arms,57,24,33
47633,Nucleargrab,twilights-hammer,1442,warrior,arms,115,58,57
47634,Gridra,dun-morogh,1441,warrior,arms,54,26,28
47635,Gnomop,ravencrest,1441,warrior,arms,42,20,22
47636,Эпитафорх,blackscar,1440,warrior,arms,29,16,13
47637,Karimlebrave,hyjal,1440,warrior,arms,68,33,35
47638,Rexonawarr,kazzak,1439,warrior,arms,24,15,9
47639,Tucomessuelo,cthun,1439,warrior,arms,53,29,24
47640,Ricssonz,burning-legion,1439,warrior,arms,60,29,31
47641,Акумираг,soulflayer,1439,warrior,arms,54,22,32
47642,Makerrw,ravencrest,1438,warrior,arms,50,26,24
47643,Чпокерз,gordunni,1438,warrior,arms,88,43,45
47644,Juoppó,tarren-mill,1437,warrior,arms,92,48,44
47645,Ardmoo,burning-legion,1437,warrior,arms,39,20,19
47646,Garouzo,hellfire,1437,warrior,arms,64,32,32
47647,Ryle,anubarak,1437,warrior,arms,136,60,76
47648,Нунара,eversong,1437,warrior,arms,47,19,28
47649,Aza,burning-blade,1436,warrior,arms,42,23,19
47650,Kaîsaschnitt,malganis,1436,warrior,arms,94,47,47
47651,Pokopo,blackrock,1436,warrior,arms,217,107,110
47652,Friskos,dalaran,1436,warrior,arms,118,55,63
47653,Dzvenyhora,darkspear,1436,warrior,arms,95,44,51
47654,Varyian,sporeggar,1436,warrior,arms,131,59,72
47655,Сладкаяхурма,howling-fjord,1436,warrior,arms,42,15,27
47656,Bigboibeeper,draenor,1435,warrior,arms,72,35,37
47657,Lachandrius,blackhand,1435,warrior,arms,72,33,39
47658,Balthew,defias-brotherhood,1435,warrior,arms,36,15,21
47659,Dafok,rashgarroth,1434,warrior,arms,42,19,23
47660,Espröc,kazzak,1432,warrior,arms,180,95,85
47661,Pelicos,grim-batol,1431,warrior,arms,30,17,13
47662,Yayoflauta,sanguino,1431,warrior,arms,54,28,26
47663,Luküs,dun-modr,1431,warrior,arms,76,36,40
47664,Elder,darkmoon-faire,1431,warrior,arms,66,28,38
47665,Dragão,kazzak,1431,warrior,arms,42,17,25
47666,Otiep,blackmoore,1430,warrior,arms,36,24,12
47667,Ènteqt,antonidas,1430,warrior,arms,49,32,17
47668,Dataçasé,silvermoon,1430,warrior,arms,24,15,9
47669,Wolvéshôwl,aegwynn,1430,warrior,arms,79,33,46
47670,Meistarinn,draenor,1430,warrior,arms,48,17,31
47671,Hellrokk,drakthul,1429,warrior,arms,30,18,12
47672,Zosska,burning-legion,1429,warrior,arms,54,27,27
47673,Irén,hellfire,1429,warrior,arms,69,32,37
47674,Tamesulo,silvermoon,1429,warrior,arms,53,24,29
47675,Gorzan,dragonmaw,1429,warrior,arms,71,31,40
47676,Ormert,sylvanas,1429,warrior,arms,42,18,24
47677,Garroxx,blackrock,1429,warrior,arms,42,15,27
47678,Spridan,ravencrest,1428,warrior,arms,42,15,27
47679,Jumbodolmen,tarren-mill,1427,warrior,arms,36,19,17
47680,Qvate,twisting-nether,1427,warrior,arms,59,31,28
47681,Alinash,aegwynn,1427,warrior,arms,51,24,27
47682,Arreat,chogall,1427,warrior,arms,130,59,71
47683,Bráïnléss,silvermoon,1426,warrior,arms,36,17,19
47684,Zerberos,drakthul,1425,warrior,arms,76,37,39
47685,Alpairx,aegwynn,1425,warrior,arms,50,18,32
47686,Инелутабл,eversong,1423,warrior,arms,29,19,10
47687,Murandin,outland,1423,warrior,arms,36,19,17
47688,Уэсгар,blackscar,1423,warrior,arms,48,15,33
47689,Doba,madmortem,1422,warrior,arms,71,32,39
47690,Zkou,wrathbringer,1422,warrior,arms,42,15,27
47691,Smoothbrian,ravencrest,1421,warrior,arms,24,15,9
47692,Judditsbx,draenor,1421,warrior,arms,41,22,19
47693,Tarbhfathach,draenor,1421,warrior,arms,48,25,23
47694,Linkx,lightnings-blade,1421,warrior,arms,30,15,15
47695,Зеленыйжмых,thermaplugg,1421,warrior,arms,57,28,29
47696,Гопниг,deepholm,1421,warrior,arms,53,22,31
47697,Skumslag,blackmoore,1421,warrior,arms,42,15,27
47698,Mljecho,kazzak,1420,warrior,arms,155,79,76
47699,Jáson,kazzak,1420,warrior,arms,71,33,38
47700,Dargonedt,blackrock,1420,warrior,arms,42,18,24
47701,Takatoa,argent-dawn,1420,warrior,arms,36,15,21
47702,Petrixens,drakthul,1419,warrior,arms,24,16,8
47703,Zellxd,stormscale,1418,warrior,arms,36,20,16
47704,Critwar,silvermoon,1418,warrior,arms,36,19,17
47705,Avelyr,pozzo-delleternità,1418,warrior,arms,30,15,15
47706,Мерсилессх,gordunni,1418,warrior,arms,84,39,45
47707,Nyamnyamnyam,blackmoore,1418,warrior,arms,35,15,20
47708,Josem,sanguino,1418,warrior,arms,39,16,23
47709,Malalulu,burning-legion,1417,warrior,arms,131,64,67
47710,Goldins,drakthul,1417,warrior,arms,41,19,22
47711,Hoomeer,sylvanas,1417,warrior,arms,78,36,42
47712,Nuahka,blackmoore,1416,warrior,arms,28,17,11
47713,Leroxius,ragnaros,1416,warrior,arms,168,86,82
47714,Llestatl,hyjal,1416,warrior,arms,83,42,41
47715,Газрош,howling-fjord,1416,warrior,arms,46,22,24
47716,Zarakï,zuljin,1416,warrior,arms,48,20,28
47717,Flurie,sylvanas,1415,warrior,arms,46,20,26
47718,Madaxe,kazzak,1414,warrior,arms,24,20,4
47719,Berzzerker,tarren-mill,1414,warrior,arms,66,35,31
47720,Shïn,kaelthas,1414,warrior,arms,66,26,40
47721,Ayasana,argent-dawn,1413,warrior,arms,24,15,9
47722,Carras,confrérie-du-thorium,1413,warrior,arms,179,86,93
47723,Gëaldýr,kazzak,1413,warrior,arms,82,37,45
47724,Oruka,mannoroth,1412,warrior,arms,48,27,21
47725,Ugardosh,burning-legion,1412,warrior,arms,40,16,24
47726,Banshor,ysondre,1411,warrior,arms,32,17,15
47727,Drushíí,shattrath,1411,warrior,arms,35,17,18
47728,Vratranzhul,kirin-tor,1411,warrior,arms,229,108,121
47729,Kantarion,stormscale,1411,warrior,arms,54,22,32
47730,Паракур,soulflayer,1410,warrior,arms,84,40,44
47731,Wanzzeur,hyjal,1410,warrior,arms,53,23,30
47732,Ferpylél,ragnaros,1408,warrior,arms,31,17,14
47733,Deadyet,mugthol,1407,warrior,arms,24,15,9
47734,Yuriko,onyxia,1407,warrior,arms,48,25,23
47735,Melfis,aegwynn,1407,warrior,arms,31,16,15
47736,Fáro,ravencrest,1407,warrior,arms,40,16,24
47737,Taylorswifty,twisting-nether,1406,warrior,arms,96,52,44
47738,Nocton,blackhand,1406,warrior,arms,72,35,37
47739,Варгана,soulflayer,1406,warrior,arms,82,39,43
47740,Кефтеме,fordragon,1406,warrior,arms,105,49,56
47741,Letmeteachya,kazzak,1406,warrior,arms,36,15,21
47742,Spargebuci,draenor,1406,warrior,arms,48,17,31
47743,Esegryel,argent-dawn,1405,warrior,arms,65,26,39
47744,Гетрайт,galakrond,1404,warrior,arms,36,19,17
47745,Mograinê,blackmoore,1404,warrior,arms,120,62,58
47746,Gritch,ysondre,1404,warrior,arms,30,15,15
47747,Неосим,gordunni,1403,warrior,arms,48,29,19
47748,Bjösk,stormscale,1403,warrior,arms,45,23,22
47749,Slunecniq,azjolnerub,1403,warrior,arms,57,24,33
47750,Mgw,blackrock,1402,warrior,arms,30,17,13
47751,Cutting,burning-legion,1402,warrior,arms,55,25,30
47752,Lostbull,kazzak,1402,warrior,arms,36,16,20
47753,Fraggiz,auchindoun,1402,warrior,arms,36,16,20
47754,Dagouor,twisting-nether,1402,warrior,arms,67,29,38
47755,Hílfiger,kazzak,1402,warrior,arms,71,29,42
47756,Raizy,frostwolf,1401,warrior,arms,102,54,48
47757,Saofang,twisting-nether,1401,warrior,arms,30,15,15
47758,Андэрс,gordunni,1401,warrior,arms,124,59,65
47759,Северот,deepholm,1401,warrior,arms,35,16,19
47760,Bloodmyst,kazzak,1401,warrior,arms,60,27,33
47761,Strapnslap,argent-dawn,1401,warrior,arms,107,48,59
47762,Peldreas,silvermoon,1400,warrior,arms,64,31,33
47763,Казгримм,howling-fjord,1400,warrior,arms,48,23,25
47764,Synrosh,hyjal,1399,warrior,arms,39,23,16
47765,Sidiøøus,hyjal,1399,warrior,arms,66,31,35
47766,Architectman,twisting-nether,1399,warrior,arms,101,47,54
47767,Moowar,defias-brotherhood,1398,warrior,arms,36,17,19
47768,Doxinator,silvermoon,1396,warrior,arms,81,33,48
47769,Nevergladx,kazzak,1396,warrior,arms,57,23,34
47770,ßladex,azshara,1395,warrior,arms,47,27,20
47771,Cássándráh,argent-dawn,1395,warrior,arms,91,46,45
47772,Rodenet,dun-modr,1395,warrior,arms,66,33,33
47773,Mortalgrim,ravencrest,1395,warrior,arms,58,29,29
47774,Zbra,draenor,1395,warrior,arms,65,32,33
47775,Bládez,ravencrest,1394,warrior,arms,66,36,30
47776,Dolphini,argent-dawn,1394,warrior,arms,52,23,29
47777,Akenrun,eredar,1394,warrior,arms,64,28,36
47778,Мобсто,soulflayer,1392,warrior,arms,47,23,24
47779,Алексвайтт,gordunni,1391,warrior,arms,47,23,24
47780,Hradball,twilights-hammer,1390,warrior,arms,60,28,32
47781,Okoru,stormscale,1390,warrior,arms,57,22,35
47782,Gìlgamesh,dun-modr,1389,warrior,arms,117,57,60
47783,Nuclearrage,outland,1389,warrior,arms,61,28,33
47784,Nabul,thunderhorn,1387,warrior,arms,48,26,22
47785,Зотлолпромвп,booty-bay,1387,warrior,arms,29,15,14
47786,Binsaueramk,ravencrest,1387,warrior,arms,48,20,28
47787,Katxirulo,tyrande,1386,warrior,arms,48,25,23
47788,Icybladez,kazzak,1386,warrior,arms,106,55,51
47789,Казньшалав,gordunni,1385,warrior,arms,99,48,51
47790,Tolga,draenor,1385,warrior,arms,42,19,23
47791,Дикийппц,gordunni,1384,warrior,arms,54,30,24
47792,Diástasi,twisting-nether,1384,warrior,arms,90,48,42
47793,Éls,argent-dawn,1383,warrior,arms,46,22,24
47794,Oppressíon,silvermoon,1383,warrior,arms,34,15,19
47795,Dodgeslam,eredar,1382,warrior,arms,40,18,22
47796,Pra,antonidas,1381,warrior,arms,24,15,9
47797,Faugh,tarren-mill,1380,warrior,arms,54,32,22
47798,Halsandre,hyjal,1380,warrior,arms,42,17,25
47799,Рагаксес,blackscar,1380,warrior,arms,70,28,42
47800,Ingensan,lightbringer,1379,warrior,arms,86,43,43
47801,Warrouner,khaz-modan,1377,warrior,arms,151,74,77
47802,Geckoo,emerald-dream,1377,warrior,arms,96,42,54
47803,Shagara,defias-brotherhood,1377,warrior,arms,36,15,21
47804,Xaheld,blackrock,1376,warrior,arms,30,16,14
47805,Temprament,ravencrest,1375,warrior,arms,36,21,15
47806,Nezruslone,dun-modr,1374,warrior,arms,35,26,9
47807,Zargor,kazzak,1374,warrior,arms,58,35,23
47808,Adzipotlewap,burning-legion,1374,warrior,arms,30,15,15
47809,Cléàvage,silvermoon,1374,warrior,arms,81,32,49
47810,Beelzebuu,blackhand,1373,warrior,arms,55,29,26
47811,Iljaana,blackrock,1373,warrior,arms,60,30,30
47812,Hogu,nemesis,1373,warrior,arms,54,21,33
47813,Xanatos,khazgoroth,1372,warrior,arms,50,17,33
47814,Dirtyjoe,khaz-modan,1371,warrior,arms,198,101,97
47815,Lexras,blackhand,1371,warrior,arms,56,27,29
47816,Dixo,nathrezim,1370,warrior,arms,18,15,3
47817,Морталвлицо,gordunni,1370,warrior,arms,23,15,8
47818,Mercedesamg,blackmoore,1370,warrior,arms,50,25,25
47819,Shædøw,archimonde,1370,warrior,arms,30,15,15
47820,Bellator,arakarahm,1370,warrior,arms,59,27,32
47821,Rakwarrior,blackhand,1369,warrior,arms,30,20,10
47822,Greenpanzer,archimonde,1368,warrior,arms,27,15,12
47823,Ähäkutti,frostmane,1368,warrior,arms,71,39,32
47824,Kaliroll,ysondre,1367,warrior,arms,92,46,46
47825,Srbinator,turalyon,1367,warrior,arms,107,52,55
47826,Абабоба,gordunni,1367,warrior,arms,88,42,46
47827,Matchoo,archimonde,1367,warrior,arms,59,27,32
47828,Мэднас,howling-fjord,1367,warrior,arms,54,24,30
47829,Erzotz,kazzak,1365,warrior,arms,33,20,13
47830,Getsmokedjr,ravencrest,1365,warrior,arms,32,15,17
47831,Puurplecloud,kazzak,1365,warrior,arms,54,23,31
47832,Gacel,dun-modr,1364,warrior,arms,54,24,30
47833,Xmartha,tarren-mill,1363,warrior,arms,30,19,11
47834,Narkololzz,marécage-de-zangar,1363,warrior,arms,62,30,32
47835,Ragestick,stormscale,1363,warrior,arms,42,20,22
47836,Lomu,bloodscalp,1362,warrior,arms,44,22,22
47837,Propanex,kazzak,1361,warrior,arms,42,26,16
47838,Youokhun,kazzak,1361,warrior,arms,72,38,34
47839,Кэфтэмэ,soulflayer,1361,warrior,arms,85,41,44
47840,Vølverinwar,thrall,1361,warrior,arms,82,37,45
47841,Glørïn,hyjal,1359,warrior,arms,42,22,20
47842,Geraltf,tarren-mill,1359,warrior,arms,113,55,58
47843,Rutch,hyjal,1359,warrior,arms,36,16,20
47844,Panggy,ragnaros,1359,warrior,arms,36,15,21
47845,Robsuéy,blackmoore,1359,warrior,arms,48,17,31
47846,Grahatia,magtheridon,1358,warrior,arms,99,54,45
47847,Kymari,sanguino,1358,warrior,arms,63,28,35
47848,Скользкийбро,gordunni,1356,warrior,arms,135,66,69
47849,Sinbuay,malygos,1356,warrior,arms,36,16,20
47850,Chakrator,la-croisade-écarlate,1355,warrior,arms,90,43,47
47851,Агтеррокк,deathweaver,1353,warrior,arms,60,30,30
47852,Авентадорх,deathguard,1352,warrior,arms,89,35,54
47853,Starscourge,tarren-mill,1351,warrior,arms,41,32,9
47854,Tedbuckland,blackrock,1351,warrior,arms,30,19,11
47855,Shoesmith,outland,1351,warrior,arms,74,24,50
47856,Maidenlless,ravencrest,1350,warrior,arms,92,41,51
47857,Totalterror,ragnaros,1349,warrior,arms,48,25,23
47858,Mogolaki,twilights-hammer,1349,warrior,arms,126,60,66
47859,Pavard,arakarahm,1349,warrior,arms,36,16,20
47860,Eyesonly,blackmoore,1347,warrior,arms,46,25,21
47861,Qiz,silvermoon,1347,warrior,arms,134,68,66
47862,Tazkax,archimonde,1346,warrior,arms,52,23,29
47863,Мускулатор,soulflayer,1345,warrior,arms,126,58,68
47864,Imondiet,ragnaros,1344,warrior,arms,18,14,4
47865,Pummelpete,grim-batol,1344,warrior,arms,24,14,10
47866,Xraider,ragnaros,1344,warrior,arms,42,20,22
47867,Pazl,outland,1344,warrior,arms,36,17,19
47868,Hellzint,sanguino,1344,warrior,arms,267,124,143
47869,Мастхэв,gordunni,1343,warrior,arms,30,15,15
47870,Ayelsyssup,silvermoon,1343,warrior,arms,97,46,51
47871,Tyëlin,elune,1343,warrior,arms,107,50,57
47872,Colard,ravencrest,1343,warrior,arms,30,14,16
47873,Whýsøsîlêñt,ragnaros,1343,warrior,arms,30,14,16
47874,Buyya,ravencrest,1342,warrior,arms,58,31,27
47875,Anahkas,archimonde,1342,warrior,arms,30,14,16
47876,Элетий,soulflayer,1342,warrior,arms,30,14,16
47877,Хазгора,howling-fjord,1341,warrior,arms,106,58,48
47878,Zzeed,auchindoun,1341,warrior,arms,48,19,29
47879,Mfull,tarren-mill,1340,warrior,arms,60,31,29
47880,Kianit,ravencrest,1340,warrior,arms,178,84,94
47881,Pag,hyjal,1339,warrior,arms,23,15,8
47882,Feckdech,blackrock,1339,warrior,arms,24,14,10
47883,Norganw,die-aldor,1339,warrior,arms,24,14,10
47884,Hoxxywar,drakthul,1339,warrior,arms,59,33,26
47885,Skeletor,draenor,1339,warrior,arms,34,15,19
47886,Luusto,stormscale,1339,warrior,arms,36,15,21
47887,Pinkblast,sylvanas,1339,warrior,arms,36,14,22
47888,Vory,ravencrest,1338,warrior,arms,18,14,4
47889,Toby,rexxar,1337,warrior,arms,33,19,14
47890,Mëc,twisting-nether,1337,warrior,arms,60,32,28
47891,Lågærtha,blackmoore,1337,warrior,arms,53,28,25
47892,Littlebugger,ravencrest,1336,warrior,arms,24,14,10
47893,Neverkind,twisting-nether,1336,warrior,arms,84,47,37
47894,Фикпопадешь,lich-king,1336,warrior,arms,69,30,39
47895,Lyfttokyo,tarren-mill,1335,warrior,arms,84,39,45
47896,Dafrang,kazzak,1334,warrior,arms,24,14,10
47897,Bonesz,jaedenar,1334,warrior,arms,141,71,70
47898,Jeonsoyeon,argent-dawn,1334,warrior,arms,30,14,16
47899,Oneshót,norgannon,1333,warrior,arms,59,30,29
47900,Taikyokuken,hyjal,1333,warrior,arms,60,27,33
47901,Bufdefstance,kazzak,1332,warrior,arms,30,14,16
47902,Hatefury,twisting-nether,1332,warrior,arms,96,44,52
47903,Gantór,blackrock,1332,warrior,arms,42,19,23
47904,Флэксик,soulflayer,1331,warrior,arms,24,14,10
47905,Heubba,hyjal,1331,warrior,arms,36,14,22
47906,Sugmanutz,argent-dawn,1329,warrior,arms,24,14,10
47907,Антурим,howling-fjord,1329,warrior,arms,36,16,20
47908,Vayndral,kazzak,1328,warrior,arms,24,14,10
47909,Shádówfáxí,outland,1328,warrior,arms,30,14,16
47910,Haewon,burning-legion,1328,warrior,arms,42,16,26
47911,Behemothwr,kazzak,1327,warrior,arms,75,37,38
47912,Greekazi,kazzak,1327,warrior,arms,57,26,31
47913,Dundulinka,outland,1327,warrior,arms,45,19,26
47914,Leopoldx,outland,1326,warrior,arms,40,21,19
47915,Wargak,stormscale,1326,warrior,arms,30,14,16
47916,Swefy,sanguino,1326,warrior,arms,139,62,77
47917,Xsann,argent-dawn,1326,warrior,arms,36,16,20
47918,Issatank,frostmane,1325,warrior,arms,54,28,26
47919,Vagor,aegwynn,1325,warrior,arms,102,49,53
47920,Нетконечно,howling-fjord,1325,warrior,arms,30,14,16
47921,Iuska,malganis,1325,warrior,arms,54,21,33
47922,Раздолбатель,razuvious,1324,warrior,arms,31,17,14
47923,Bxnx,aegwynn,1324,warrior,arms,42,23,19
47924,Mortalik,silvermoon,1324,warrior,arms,166,77,89
47925,Highz,grim-batol,1323,warrior,arms,36,18,18
47926,Безбожник,eversong,1322,warrior,arms,60,33,27
47927,Raixxon,ragnaros,1321,warrior,arms,109,49,60
47928,Ashiku,zuljin,1321,warrior,arms,54,23,31
47929,Throck,drakthul,1320,warrior,arms,41,18,23
47930,Tealbell,chamber-of-aspects,1319,warrior,arms,143,71,72
47931,Razoo,stormscale,1319,warrior,arms,60,23,37
47932,Zetorc,burning-legion,1318,warrior,arms,89,39,50
47933,Krigarjag,kazzak,1317,warrior,arms,35,20,15
47934,Atälànte,ysondre,1317,warrior,arms,36,19,17
47935,Martøswarr,uldum,1317,warrior,arms,30,14,16
47936,Succel,drakthul,1317,warrior,arms,30,14,16
47937,Grimhew,argent-dawn,1317,warrior,arms,42,17,25
47938,Kilsorrow,silvermoon,1317,warrior,arms,42,14,28
47939,Papipulki,zuljin,1316,warrior,arms,86,35,51
47940,Astven,blackmoore,1316,warrior,arms,40,16,24
47941,Ральдвин,gordunni,1315,warrior,arms,77,43,34
47942,Guruntar,kirin-tor,1315,warrior,arms,62,29,33
47943,Ríta,silvermoon,1315,warrior,arms,30,14,16
47944,Chrekk,khaz-modan,1315,warrior,arms,30,14,16
47945,Ангрол,grom,1315,warrior,arms,47,20,27
47946,Ràgnarok,chogall,1314,warrior,arms,72,39,33
47947,Ragark,quelthalas,1314,warrior,arms,99,53,46
47948,Bleckwarrior,ravencrest,1314,warrior,arms,96,46,50
47949,Kmica,khadgar,1314,warrior,arms,61,27,34
47950,Equality,ragnaros,1314,warrior,arms,58,25,33
47951,Blitz,archimonde,1313,warrior,arms,24,14,10
47952,Bumbx,kazzak,1313,warrior,arms,38,19,19
47953,Lácrima,dun-modr,1313,warrior,arms,36,18,18
47954,Peack,ravencrest,1313,warrior,arms,154,76,78
47955,Hamonbophis,kirin-tor,1312,warrior,arms,24,14,10
47956,Ankzz,archimonde,1311,warrior,arms,36,21,15
47957,Оморальный,soulflayer,1311,warrior,arms,88,39,49
47958,Duce,kirin-tor,1310,warrior,arms,30,14,16
47959,Nicperh,dun-modr,1310,warrior,arms,66,29,37
47960,Megatronman,ravencrest,1309,warrior,arms,24,14,10
47961,Serakhan,argent-dawn,1309,warrior,arms,66,37,29
47962,Roctah,auchindoun,1309,warrior,arms,46,24,22
47963,Leonidæs,frostwolf,1309,warrior,arms,75,34,41
47964,Aggamemnus,ravencrest,1308,warrior,arms,44,28,16
47965,Lëime,ravencrest,1308,warrior,arms,42,23,19
47966,Lø,chogall,1308,warrior,arms,65,32,33
47967,Iluwar,ragnaros,1308,warrior,arms,279,133,146
47968,Onee,terrordar,1307,warrior,arms,43,24,19
47969,Gamöra,kirin-tor,1307,warrior,arms,60,28,32
47970,Bîmbämboom,blackmoore,1306,warrior,arms,58,32,26
47971,Silabozija,ravencrest,1306,warrior,arms,76,39,37
47972,Ovcharq,steamwheedle-cartel,1306,warrior,arms,67,34,33
47973,Lûckystríké,blackmoore,1305,warrior,arms,52,25,27
47974,Thisguyfax,the-venture-co,1304,warrior,arms,66,34,32
47975,Ludjack,tarren-mill,1304,warrior,arms,39,18,21
47976,Hørror,nemesis,1304,warrior,arms,42,18,24
47977,Sixteen,darkmoon-faire,1303,warrior,arms,24,14,10
47978,Палачубийца,deathguard,1303,warrior,arms,91,47,44
47979,Fàlconry,kazzak,1302,warrior,arms,120,51,69
47980,Bossít,doomhammer,1301,warrior,arms,80,44,36
47981,Ragnacore,ravencrest,1301,warrior,arms,53,29,24
47982,Atus,dun-modr,1301,warrior,arms,71,37,34
47983,Taurosk,burning-legion,1301,warrior,arms,48,23,25
47984,Bulwrak,eredar,1301,warrior,arms,102,48,54
47985,Oldcockball,argent-dawn,1301,warrior,arms,32,15,17
47986,Shará,eredar,1301,warrior,arms,90,39,51
47987,Tazdingowar,antonidas,1301,warrior,arms,58,23,35
47988,Kaidewarr,kazzak,1299,warrior,arms,24,16,8
47989,Shuraj,hyjal,1299,warrior,arms,46,24,22
47990,Nekerka,burning-legion,1299,warrior,arms,82,38,44
47991,Garganelli,tarren-mill,1298,warrior,arms,63,28,35
47992,Elénir,dalaran,1297,warrior,arms,24,15,9
47993,Agamemnon,frostmane,1297,warrior,arms,26,16,10
47994,Borga,blackrock,1297,warrior,arms,42,19,23
47995,Cárbo,silvermoon,1296,warrior,arms,73,40,33
47996,Eekz,haomarush,1296,warrior,arms,30,16,14
47997,Рестат,soulflayer,1296,warrior,arms,137,58,79
47998,Армсец,howling-fjord,1296,warrior,arms,42,16,26
47999,Seliasbro,kazzak,1295,warrior,arms,30,15,15
48000,Сэлфиш,lich-king,1295,warrior,arms,29,14,15
48001,Chippéd,draenor,1294,warrior,arms,23,14,9
48002,Aiarm,twisting-nether,1294,warrior,arms,150,82,68
48003,Oyv,tarren-mill,1293,warrior,arms,30,15,15
48004,Wolfgladius,cthun,1293,warrior,arms,30,15,15
48005,Faløn,archimonde,1293,warrior,arms,62,24,38
48006,Давилкагеев,howling-fjord,1292,warrior,arms,37,16,21
48007,Kultigin,ravencrest,1292,warrior,arms,100,43,57
48008,Semanor,aegwynn,1291,warrior,arms,30,16,14
48009,Zeroskllz,outland,1291,warrior,arms,76,36,40
48010,Inelegant,tarren-mill,1290,warrior,arms,60,32,28
48011,Ghorglukk,lightnings-blade,1290,warrior,arms,60,28,32
48012,Perkoulator,archimonde,1290,warrior,arms,69,30,39
48013,Elyrax,dun-modr,1290,warrior,arms,36,15,21
48014,Piksitron,silvermoon,1289,warrior,arms,66,40,26
48015,Vlader,dun-modr,1289,warrior,arms,36,15,21
48016,Степанычь,gordunni,1288,warrior,arms,41,22,19
48017,Брозя,gordunni,1288,warrior,arms,30,14,16
48018,Вениамин,deathweaver,1288,warrior,arms,47,15,32
48019,Hellspin,argent-dawn,1287,warrior,arms,30,15,15
48020,Unarde,silvermoon,1287,warrior,arms,191,95,96
48021,Olesbawro,ragnaros,1287,warrior,arms,90,34,56
48022,Perykø,sanguino,1287,warrior,arms,68,23,45
48023,Vegäpunk,nemesis,1286,warrior,arms,36,16,20
48024,Cramatao,shadowsong,1285,warrior,arms,53,24,29
48025,Èscøbar,dalaran,1285,warrior,arms,39,15,24
48026,Rayguerrero,blackrock,1285,warrior,arms,42,14,28
48027,Soulcleaver,stormreaver,1284,warrior,arms,68,36,32
48028,Ylana,eldrethalas,1283,warrior,arms,111,48,63
48029,Сеш,lich-king,1282,warrior,arms,29,14,15
48030,Bluntsword,twisting-nether,1282,warrior,arms,36,17,19
48031,Hatethisgame,frostwolf,1282,warrior,arms,93,42,51
48032,Yolal,twisting-nether,1282,warrior,arms,60,27,33
48033,Einherjer,burning-legion,1280,warrior,arms,76,39,37
48034,Kloppnîx,blackmoore,1279,warrior,arms,56,34,22
48035,Гогрикк,ashenvale,1279,warrior,arms,72,35,37
48036,Malevolént,silvermoon,1279,warrior,arms,66,31,35
48037,Bonnaventure,hyjal,1278,warrior,arms,84,41,43
48038,Toxicmade,drakthul,1278,warrior,arms,36,15,21
48039,Eggsecutor,stormscale,1276,warrior,arms,35,16,19
48040,Tyragon,thrall,1275,warrior,arms,30,17,13
48041,Reichas,ragnaros,1275,warrior,arms,61,31,30
48042,Pacosky,burning-legion,1275,warrior,arms,57,28,29
48043,Contrariety,ravencrest,1274,warrior,arms,53,30,23
48044,Mödhan,archimonde,1274,warrior,arms,88,43,45
48045,Bhallts,tarren-mill,1274,warrior,arms,32,14,18
48046,Xunaakt,nemesis,1273,warrior,arms,69,34,35
48047,Staribrko,outland,1273,warrior,arms,206,94,112
48048,Bulduzer,kazzak,1273,warrior,arms,59,26,33
48049,Rahaaxhia,kaelthas,1271,warrior,arms,24,15,9
48050,Celphboss,tarren-mill,1271,warrior,arms,23,14,9
48051,Anarki,kaelthas,1271,warrior,arms,38,15,23
48052,Sigmundsdotr,outland,1270,warrior,arms,54,28,26
48053,Arithael,dun-modr,1270,warrior,arms,204,99,105
48054,Kirowarrior,silvermoon,1270,warrior,arms,62,30,32
48055,Джондо,gordunni,1269,warrior,arms,30,14,16
48056,Nårgaí,kargath,1269,warrior,arms,78,36,42
48057,Redow,stormreaver,1265,warrior,arms,40,16,24
48058,Дрейсен,gordunni,1264,warrior,arms,48,23,25
48059,Minoke,antonidas,1264,warrior,arms,30,14,16
48060,Aliasus,outland,1264,warrior,arms,36,16,20
48061,Ranran,emerald-dream,1264,warrior,arms,32,14,18
48062,Colosius,stormscale,1262,warrior,arms,48,29,19
48063,Abnôrmus,tarren-mill,1262,warrior,arms,48,25,23
48064,Sertigan,dun-modr,1262,warrior,arms,39,16,23
48065,Gorchak,blackmoore,1261,warrior,arms,143,65,78
48066,Rochful,frostwolf,1260,warrior,arms,42,23,19
48067,Tozz,azuremyst,1260,warrior,arms,48,26,22
48068,Ordínaryname,blackrock,1260,warrior,arms,426,222,204
48069,Kravaiski,argent-dawn,1260,warrior,arms,104,50,54
48070,Vagor,draenor,1260,warrior,arms,46,22,24
48071,Pyrul,antonidas,1260,warrior,arms,31,14,17
48072,Jasperr,nemesis,1259,warrior,arms,109,57,52
48073,Агамемнан,soulflayer,1258,warrior,arms,164,79,85
48074,Matrafox,stormscale,1257,warrior,arms,73,34,39
48075,Zeldaixi,twisting-nether,1256,warrior,arms,28,16,12
48076,Balyndâ,aegwynn,1256,warrior,arms,44,25,19
48077,Bolski,ravencrest,1256,warrior,arms,53,28,25
48078,Почтитайсон,howling-fjord,1255,warrior,arms,29,14,15
48079,Narox,arathor,1255,warrior,arms,56,26,30
48080,Кентаныч,howling-fjord,1254,warrior,arms,48,22,26
48081,Buntstift,thrall,1254,warrior,arms,42,14,28
48082,Morrzerk,sylvanas,1253,warrior,arms,35,20,15
48083,Cremas,cthun,1253,warrior,arms,48,18,30
48084,Рейнджровер,howling-fjord,1252,warrior,arms,40,17,23
48085,Kirus,ravencrest,1252,warrior,arms,75,31,44
48086,Клайминг,soulflayer,1251,warrior,arms,36,24,12
48087,Lebronjones,sylvanas,1251,warrior,arms,72,34,38
48088,Dicaprios,silvermoon,1250,warrior,arms,72,36,36
48089,Zool,madmortem,1250,warrior,arms,89,41,48
48090,Orwêll,uldum,1250,warrior,arms,74,32,42
48091,Orcanism,nozdormu,1249,warrior,arms,36,17,19
48092,Фоссбро,gordunni,1249,warrior,arms,39,15,24
48093,Mysteryman,defias-brotherhood,1248,warrior,arms,57,29,28
48094,Leeches,aggramar,1247,warrior,arms,24,13,11
48095,Daymio,twisting-nether,1247,warrior,arms,30,13,17
48096,Aixer,archimonde,1247,warrior,arms,30,13,17
48097,Quetrax,chogall,1247,warrior,arms,30,13,17
48098,Apacho,outland,1247,warrior,arms,30,13,17
48099,Kásúxøxøw,ravencrest,1247,warrior,arms,30,13,17
48100,Абырабыр,howling-fjord,1246,warrior,arms,18,13,5
48101,Hirurg,thrall,1246,warrior,arms,24,13,11
48102,Kardinell,blackhand,1246,warrior,arms,66,30,36
48103,Cavo,drakthul,1246,warrior,arms,30,13,17
48104,Sponkss,tarren-mill,1246,warrior,arms,30,13,17
48105,Luunk,ravencrest,1245,warrior,arms,78,43,35
48106,Grinrok,thrall,1245,warrior,arms,78,36,42
48107,Foxaz,burning-legion,1245,warrior,arms,42,19,23
48108,Garosh,drakthul,1244,warrior,arms,66,33,33
48109,Rhazeél,blackrock,1243,warrior,arms,18,13,5
48110,Zaerna,draenor,1243,warrior,arms,24,13,11
48111,Kiriwarr,dun-modr,1243,warrior,arms,24,13,11
48112,Кунгфурик,soulflayer,1243,warrior,arms,30,14,16
48113,Istenn,stormscale,1243,warrior,arms,30,13,17
48114,Rocktastic,blackrock,1243,warrior,arms,41,16,25
48115,Soundso,blackmoore,1242,warrior,arms,26,15,11
48116,Narcx,kazzak,1242,warrior,arms,24,13,11
48117,Холипротовар,fordragon,1242,warrior,arms,48,22,26
48118,Átlás,blackmoore,1242,warrior,arms,43,19,24
48119,Arowbaze,archimonde,1242,warrior,arms,30,13,17
48120,Bhallts,twisting-nether,1242,warrior,arms,36,13,23
48121,Notvisionary,ravencrest,1241,warrior,arms,24,13,11
48122,Wørgenn,hyjal,1241,warrior,arms,38,19,19
48123,Eyeslicer,quelthalas,1241,warrior,arms,30,13,17
48124,Jaru,alleria,1240,warrior,arms,51,27,24
48125,Zappstorm,frostwolf,1238,warrior,arms,31,17,14
48126,Fiveboy,tarren-mill,1238,warrior,arms,24,13,11
48127,Chilp,archimonde,1238,warrior,arms,37,16,21
48128,Bloodrain,twilights-hammer,1237,warrior,arms,24,13,11
48129,Rorix,blackrock,1237,warrior,arms,24,13,11
48130,Tahzwolf,stormscale,1236,warrior,arms,18,13,5
48131,Fractale,kirin-tor,1236,warrior,arms,22,14,8
48132,Gakgora,twisting-nether,1236,warrior,arms,24,13,11
48133,Kioskmupp,ravencrest,1236,warrior,arms,66,28,38
48134,Smackaroon,draenor,1235,warrior,arms,24,13,11
48135,Qweoamsd,sylvanas,1235,warrior,arms,24,13,11
48136,Bobloblaww,doomhammer,1234,warrior,arms,24,13,11
48137,Batalius,dalaran,1234,warrior,arms,36,14,22
48138,Imorphius,silvermoon,1234,warrior,arms,36,13,23
48139,Plt,talnivarr,1233,warrior,arms,41,25,16
48140,Funknîco,wrathbringer,1233,warrior,arms,37,19,18
48141,Dreamkil,archimonde,1233,warrior,arms,193,97,96
48142,Drahtalger,hyjal,1233,warrior,arms,30,13,17
48143,Joewahl,ragnaros,1233,warrior,arms,48,15,33
48144,Szelenamoon,outland,1232,warrior,arms,32,14,18
48145,Waegon,twisting-nether,1230,warrior,arms,30,13,17
48146,Белриэль,gordunni,1230,warrior,arms,60,23,37
48147,Тандэр,borean-tundra,1229,warrior,arms,30,13,17
48148,Xennor,argent-dawn,1229,warrior,arms,30,13,17
48149,Thehans,grim-batol,1228,warrior,arms,44,18,26
48150,Кизуми,gordunni,1227,warrior,arms,33,14,19
48151,Leàn,nemesis,1226,warrior,arms,36,13,23
48152,Mifuune,argent-dawn,1225,warrior,arms,43,23,20
48153,Элейд,thermaplugg,1225,warrior,arms,47,23,24
48154,Синнэр,blackscar,1225,warrior,arms,36,13,23
48155,Izestyi,blackrock,1224,warrior,arms,90,39,51
48156,Larrydankin,draenor,1224,warrior,arms,78,30,48
48157,Phantastix,dun-modr,1223,warrior,arms,30,18,12
48158,Solaría,garona,1222,warrior,arms,30,15,15
48159,Kugghalfswor,doomhammer,1222,warrior,arms,316,154,162
48160,Slaughteredd,kazzak,1222,warrior,arms,60,24,36
48161,Zhenshii,blackmoore,1221,warrior,arms,24,13,11
48162,Krigsdunken,draenor,1221,warrior,arms,87,40,47
48163,Gachiwarri,blackhand,1221,warrior,arms,30,13,17
48164,Gèrralt,hyjal,1221,warrior,arms,41,16,25
48165,Garthro,antonidas,1221,warrior,arms,36,14,22
48166,Reb,thunderhorn,1220,warrior,arms,24,13,11
48167,Goldenward,silvermoon,1220,warrior,arms,42,21,21
48168,Голдфингер,gordunni,1220,warrior,arms,76,32,44
48169,Nixtor,defias-brotherhood,1220,warrior,arms,61,25,36
48170,Mesmash,uldum,1220,warrior,arms,36,13,23
48171,Raznon,magtheridon,1218,warrior,arms,36,13,23
48172,Donátos,aegwynn,1217,warrior,arms,80,36,44
48173,Jisoowar,blackhand,1217,warrior,arms,54,23,31
48174,Ismellurfeet,ravencrest,1215,warrior,arms,24,14,10
48175,Ghostwarx,blackmoore,1215,warrior,arms,38,19,19
48176,Despacitus,burning-legion,1215,warrior,arms,53,20,33
48177,Crocbait,ravencrest,1214,warrior,arms,36,19,17
48178,Zuggizug,draenor,1214,warrior,arms,54,27,27
48179,Джагенвард,soulflayer,1214,warrior,arms,36,18,18
48180,Zøom,ysondre,1213,warrior,arms,82,41,41
48181,Huuln,outland,1213,warrior,arms,32,13,19
48182,Shihoh,blackhand,1213,warrior,arms,124,50,74
48183,Киефси,howling-fjord,1212,warrior,arms,66,38,28
48184,Sway,eonar,1212,warrior,arms,120,57,63
48185,Warriornrv,ysondre,1211,warrior,arms,45,21,24
48186,Бруталдэз,deathguard,1211,warrior,arms,36,13,23
48187,Thunderage,stormscale,1209,warrior,arms,30,14,16
48188,Asmongnome,ravencrest,1208,warrior,arms,24,13,11
48189,Nurychïc,twisting-nether,1208,warrior,arms,39,21,18
48190,Ðræms,eldrethalas,1208,warrior,arms,77,34,43
48191,Keshâr,blackhand,1208,warrior,arms,30,13,17
48192,Рагнарг,goldrinn,1207,warrior,arms,48,26,22
48193,Lûxn,silvermoon,1205,warrior,arms,140,68,72
48194,Crotoss,ravencrest,1205,warrior,arms,37,17,20
48195,Погоныч,soulflayer,1205,warrior,arms,36,16,20
48196,Rhonack,ragnaros,1205,warrior,arms,50,20,30
48197,Grimoire,drakthul,1203,warrior,arms,26,14,12
48198,Protecc,burning-legion,1203,warrior,arms,58,26,32
48199,Excutíé,twisting-nether,1202,warrior,arms,30,18,12
48200,Крахгал,soulflayer,1201,warrior,arms,159,80,79
48201,Exot,eredar,1200,warrior,arms,54,27,27
48202,Кимиюки,gordunni,1200,warrior,arms,56,24,32
48203,Muetzchen,blackhand,1198,warrior,arms,42,25,17
48204,Mañtís,argent-dawn,1198,warrior,arms,80,41,39
48205,Данилатитич,howling-fjord,1198,warrior,arms,57,27,30
48206,Kurzen,voljin,1198,warrior,arms,59,27,32
48207,Rayeron,sanguino,1198,warrior,arms,39,16,23
48208,Bigtulipe,archimonde,1197,warrior,arms,53,26,27
48209,Tontonsmoky,hyjal,1197,warrior,arms,94,43,51
48210,Mozterwar,ravencrest,1197,warrior,arms,66,28,38
48211,Mllmmxxm,kargath,1197,warrior,arms,36,13,23
48212,Brondir,archimonde,1196,warrior,arms,29,14,15
48213,Sandalwood,wildhammer,1195,warrior,arms,27,16,11
48214,Berserkpwnz,silvermoon,1194,warrior,arms,60,32,28
48215,Nøiir,malfurion,1194,warrior,arms,30,15,15
48216,Buffettleapx,kazzak,1194,warrior,arms,32,14,18
48217,Rèâpèr,kazzak,1193,warrior,arms,42,27,15
48218,Wutend,nemesis,1190,warrior,arms,23,13,10
48219,Gnarok,archimonde,1189,warrior,arms,29,16,13
48220,Opseagull,defias-brotherhood,1189,warrior,arms,30,15,15
48221,Kllinac,kazzak,1189,warrior,arms,71,33,38
48222,Kerisandra,silvermoon,1188,warrior,arms,37,22,15
48223,Лысыч,gordunni,1188,warrior,arms,33,17,16
48224,Franzbardon,archimonde,1185,warrior,arms,154,69,85
48225,Pyret,outland,1185,warrior,arms,40,14,26
48226,Scrèàm,tarren-mill,1184,warrior,arms,67,29,38
48227,Gathika,arathor,1183,warrior,arms,24,14,10
48228,Maggisauce,aegwynn,1181,warrior,arms,75,40,35
48229,Khilax,ragnaros,1181,warrior,arms,61,32,29
48230,Sýkz,exodar,1181,warrior,arms,35,13,22
48231,Kriegerkraut,silvermoon,1180,warrior,arms,28,21,7
48232,Neltharon,silvermoon,1179,warrior,arms,27,17,10
48233,Виднокрай,gordunni,1177,warrior,arms,36,13,23
48234,Beans,argent-dawn,1175,warrior,arms,102,42,60
48235,Tempii,ragnaros,1175,warrior,arms,36,13,23
48236,Elyalol,ragnaros,1174,warrior,arms,33,15,18
48237,Etelä,stormreaver,1172,warrior,arms,37,17,20
48238,Harska,ragnaros,1171,warrior,arms,47,24,23
48239,Knussnacker,sanguino,1170,warrior,arms,41,13,28
48240,Imora,silvermoon,1169,warrior,arms,54,22,32
48241,Бавовник,howling-fjord,1169,warrior,arms,38,13,25
48242,Farianna,burning-legion,1168,warrior,arms,27,15,12
48243,Роккар,gordunni,1168,warrior,arms,42,22,20
48244,Атон,gordunni,1168,warrior,arms,80,35,45
48245,Дрейтон,eversong,1167,warrior,arms,46,23,23
48246,Whàtsup,stormscale,1166,warrior,arms,36,17,19
48247,Sistabossen,magtheridon,1165,warrior,arms,24,13,11
48248,Галактозар,soulflayer,1165,warrior,arms,126,56,70
48249,Daguangming,outland,1165,warrior,arms,59,23,36
48250,Sfarpi,burning-legion,1164,warrior,arms,54,29,25
48251,Râsk,kazzak,1162,warrior,arms,26,15,11
48252,Mågne,tarren-mill,1160,warrior,arms,42,16,26
48253,Слуфен,galakrond,1158,warrior,arms,24,14,10
48254,Claytøn,khaz-modan,1158,warrior,arms,55,25,30
48255,Regna,eredar,1157,warrior,arms,90,42,48
48256,Kriegernuss,blackmoore,1156,warrior,arms,30,14,16
48257,Акнаранд,soulflayer,1152,warrior,arms,18,12,6
48258,Belfodiris,stormscale,1152,warrior,arms,18,12,6
48259,Dõxlol,kazzak,1152,warrior,arms,24,12,12
48260,Uselessblâme,archimonde,1152,warrior,arms,24,12,12
48261,Бигдэмс,soulflayer,1152,warrior,arms,24,12,12
48262,Porsea,ravencrest,1152,warrior,arms,24,12,12
48263,Azotz,archimonde,1152,warrior,arms,24,12,12
48264,Мираккл,borean-tundra,1151,warrior,arms,18,12,6
48265,Jethiss,ravencrest,1151,warrior,arms,18,12,6
48266,Thundranium,kazzak,1151,warrior,arms,18,12,6
48267,Andzone,alakir,1151,warrior,arms,24,12,12
48268,Nímera,nemesis,1151,warrior,arms,24,12,12
48269,Tranqtum,ravencrest,1151,warrior,arms,31,12,19
48270,Eidzø,tarren-mill,1150,warrior,arms,18,12,6
48271,Wutraa,kazzak,1150,warrior,arms,18,12,6
48272,Crazykind,kazzak,1150,warrior,arms,24,12,12
48273,Zidbi,argent-dawn,1150,warrior,arms,24,12,12
48274,Warmegedon,frostmane,1149,warrior,arms,18,12,6
48275,Kfc,chamber-of-aspects,1149,warrior,arms,18,12,6
48276,Hoggle,runetotem,1149,warrior,arms,76,43,33
48277,Crushonyou,aegwynn,1149,warrior,arms,24,12,12
48278,Azjolnerub,kazzak,1149,warrior,arms,30,12,18
48279,Elbutanero,tarren-mill,1149,warrior,arms,30,12,18
48280,Kâine,blackmoore,1149,warrior,arms,68,27,41
48281,Crook,doomhammer,1149,warrior,arms,66,24,42
48282,ßigarms,ravencrest,1148,warrior,arms,18,12,6
48283,Соловейч,howling-fjord,1148,warrior,arms,24,13,11
48284,Jonalina,gilneas,1148,warrior,arms,84,42,42
48285,Reìvah,silvermoon,1148,warrior,arms,27,13,14
48286,Karden,doomhammer,1148,warrior,arms,48,17,31
48287,Chillycheesy,blackmoore,1148,warrior,arms,42,12,30
48288,Ïnahö,hyjal,1147,warrior,arms,24,12,12
48289,Zwerk,rajaxx,1147,warrior,arms,24,12,12
48290,Deadlycalm,blackrock,1147,warrior,arms,25,12,13
48291,Матумбо,gordunni,1147,warrior,arms,32,13,19
48292,Neoh,onyxia,1146,warrior,arms,51,29,22
48293,Ragedotcom,archimonde,1146,warrior,arms,30,16,14
48294,Draemmer,minahonda,1146,warrior,arms,30,15,15
48295,Senshin,sanguino,1146,warrior,arms,24,12,12
48296,Крешер,howling-fjord,1146,warrior,arms,47,20,27
48297,Dianâ,der-abyssische-rat,1145,warrior,arms,24,13,11
48298,Breaken,silvermoon,1145,warrior,arms,24,12,12
48299,Argadea,archimonde,1145,warrior,arms,42,19,23
48300,Orgi,drakthul,1145,warrior,arms,36,12,24
48301,Garodis,blackmoore,1144,warrior,arms,24,12,12
48302,Aesiva,die-aldor,1144,warrior,arms,30,13,17
48303,Whimbux,stormscale,1144,warrior,arms,32,13,19
48304,Hùmøngöúslåm,ravencrest,1143,warrior,arms,18,12,6
48305,Prolyx,doomhammer,1143,warrior,arms,18,12,6
48306,Karnacîer,archimonde,1143,warrior,arms,30,19,11
48307,Rühlsbester,thrall,1143,warrior,arms,54,22,32
48308,Séphi,archimonde,1143,warrior,arms,30,12,18
48309,Sephirotth,burning-legion,1142,warrior,arms,24,12,12
48310,Brahlus,frostwolf,1142,warrior,arms,31,13,18
48311,Monsterborn,bloodhoof,1142,warrior,arms,39,15,24
48312,Freestýlz,archimonde,1141,warrior,arms,18,13,5
48313,Alphachadwar,azjolnerub,1140,warrior,arms,30,12,18
48314,Ironsteve,blackmoore,1139,warrior,arms,225,100,125
48315,Daddie,silvermoon,1139,warrior,arms,33,13,20
48316,Frézzér,blackrock,1138,warrior,arms,30,12,18
48317,Анманерка,ashenvale,1137,warrior,arms,30,12,18
48318,Баварриор,greymane,1137,warrior,arms,30,12,18
48319,Kromt,shendralar,1136,warrior,arms,24,15,9
48320,Dödslängtan,terokkar,1136,warrior,arms,36,20,16
48321,Azëlls,archimonde,1136,warrior,arms,100,48,52
48322,Mkazy,kirin-tor,1135,warrior,arms,24,12,12
48323,Téldrus,blackrock,1135,warrior,arms,24,12,12
48324,Addy,twisting-nether,1135,warrior,arms,24,12,12
48325,Atlantia,ravencrest,1134,warrior,arms,36,12,24
48326,Noomel,twisting-nether,1133,warrior,arms,66,34,32
48327,Vandnox,nozdormu,1133,warrior,arms,28,13,15
48328,Arriess,drakthul,1132,warrior,arms,24,12,12
48329,Medov,outland,1131,warrior,arms,54,23,31
48330,Xyum,pozzo-delleternità,1130,warrior,arms,60,34,26
48331,Лютобор,gordunni,1130,warrior,arms,33,13,20
48332,Cloudstomper,ravenholdt,1129,warrior,arms,53,23,30
48333,Størpïx,drakthul,1128,warrior,arms,24,12,12
48334,Sphínxx,malfurion,1128,warrior,arms,32,13,19
48335,Katyparry,ragnaros,1127,warrior,arms,36,12,24
48336,Razzimak,eredar,1126,warrior,arms,16,13,3
48337,Tajiri,alakir,1126,warrior,arms,64,32,32
48338,Фастод,greymane,1126,warrior,arms,60,28,32
48339,Varzeluu,sylvanas,1126,warrior,arms,36,15,21
48340,Nøøbisator,archimonde,1123,warrior,arms,36,17,19
48341,Пифс,soulflayer,1122,warrior,arms,36,21,15
48342,Pawn,twisting-nether,1122,warrior,arms,30,12,18
48343,Lægend,hyjal,1122,warrior,arms,30,12,18
48344,Cárlsberg,pozzo-delleternità,1122,warrior,arms,40,15,25
48345,Yüle,uldaman,1121,warrior,arms,30,15,15
48346,Piedbot,archimonde,1121,warrior,arms,51,18,33
48347,Truxiw,silvermoon,1120,warrior,arms,42,19,23
48348,Etharedon,kul-tiras,1119,warrior,arms,58,24,34
48349,Qvil,sanguino,1119,warrior,arms,55,18,37
48350,Hofftor,eredar,1118,warrior,arms,24,12,12
48351,Euforija,kazzak,1118,warrior,arms,30,12,18
48352,Thiccrich,argent-dawn,1117,warrior,arms,48,25,23
48353,Hammerfall,uldum,1117,warrior,arms,54,23,31
48354,Creezê,blackmoore,1117,warrior,arms,30,12,18
48355,Koliastra,magtheridon,1116,warrior,arms,22,13,9
48356,Draktul,aegwynn,1116,warrior,arms,24,14,10
48357,Loosecanon,ravencrest,1116,warrior,arms,29,12,17
48358,Palthor,drakthul,1116,warrior,arms,93,35,58
48359,Мутобой,soulflayer,1115,warrior,arms,52,22,30
48360,Thorkell,genjuros,1114,warrior,arms,30,15,15
48361,Бежа,gordunni,1113,warrior,arms,60,35,25
48362,Wyshh,silvermoon,1112,warrior,arms,95,43,52
48363,Draleckx,sanguino,1112,warrior,arms,118,51,67
48364,Diggawhat,antonidas,1109,warrior,arms,78,31,47
48365,Sûgma,blackhand,1108,warrior,arms,44,23,21
48366,Uclat,archimonde,1108,warrior,arms,90,40,50
48367,Smeshh,burning-legion,1105,warrior,arms,36,19,17
48368,Quarantino,ysondre,1105,warrior,arms,110,49,61
48369,Doveloo,kazzak,1104,warrior,arms,31,16,15
48370,Sudosolo,burning-blade,1104,warrior,arms,48,19,29
48371,Ruppydeluxe,frostwolf,1104,warrior,arms,38,13,25
48372,Pwettygal,tarren-mill,1103,warrior,arms,42,17,25
48373,Миранир,soulflayer,1102,warrior,arms,62,30,32
48374,Røiivar,hyjal,1102,warrior,arms,169,74,95
48375,Керсантус,gordunni,1101,warrior,arms,17,12,5
48376,Доминатори,grom,1100,warrior,arms,55,21,34
48377,Rutrah,ysondre,1099,warrior,arms,30,12,18
48378,Zarad,stormreaver,1096,warrior,arms,23,12,11
48379,Crixusxx,sanguino,1096,warrior,arms,25,13,12
48380,Whitebêârd,antonidas,1096,warrior,arms,40,16,24
48381,Fdmachine,kazzak,1095,warrior,arms,42,18,24
48382,Набосуюногу,gordunni,1095,warrior,arms,29,12,17
48383,Vannié,blackhand,1094,warrior,arms,32,14,18
48384,Sloppychoppy,silvermoon,1093,warrior,arms,47,19,28
48385,Чухануспрайм,howling-fjord,1093,warrior,arms,34,13,21
48386,Garwarr,twisting-nether,1092,warrior,arms,25,13,12
48387,Satanås,silvermoon,1091,warrior,arms,42,21,21
48388,Crasher,dentarg,1091,warrior,arms,42,21,21
48389,Копенгаген,ashenvale,1091,warrior,arms,33,13,20
48390,Бижек,gordunni,1085,warrior,arms,20,12,8
48391,Krostapunk,colinas-pardas,1085,warrior,arms,30,13,17
48392,Ezsnacks,blackrock,1083,warrior,arms,50,26,24
48393,Анакронокс,howling-fjord,1083,warrior,arms,26,12,14
48394,Bullburzt,ragnaros,1083,warrior,arms,29,12,17
48395,Atelier,magtheridon,1078,warrior,arms,42,22,20
48396,Inticam,durotan,1077,warrior,arms,37,20,17
48397,Stuble,blackhand,1076,warrior,arms,41,19,22
48398,Gunka,tarren-mill,1075,warrior,arms,36,16,20
48399,Jebzmiecza,kazzak,1075,warrior,arms,30,13,17
48400,Chépérøs,kaelthas,1075,warrior,arms,36,13,23
48401,Gilettepenge,draenor,1073,warrior,arms,91,41,50
48402,Корофер,galakrond,1072,warrior,arms,29,17,12
48403,Teraa,the-maelstrom,1072,warrior,arms,54,30,24
48404,Addicty,sylvanas,1071,warrior,arms,61,30,31
48405,Brandylover,outland,1071,warrior,arms,26,12,14
48406,Difalco,archimonde,1069,warrior,arms,89,43,46
48407,Joka,dun-modr,1069,warrior,arms,59,26,33
48408,Gladiattus,drakthul,1067,warrior,arms,36,16,20
48409,Optitt,dethecus,1066,warrior,arms,35,12,23
48410,Obscurìa,argent-dawn,1065,warrior,arms,198,93,105
48411,Diliul,doomhammer,1065,warrior,arms,40,18,22
48412,Endermite,magtheridon,1065,warrior,arms,59,26,33
48413,Дикийлёха,soulflayer,1064,warrior,arms,36,18,18
48414,Зарган,howling-fjord,1064,warrior,arms,47,20,27
48415,Shinnok,stormreaver,1061,warrior,arms,30,21,9
48416,Chatoon,elune,1060,warrior,arms,23,15,8
48417,Keksparrow,antonidas,1059,warrior,arms,36,16,20
48418,Áosr,ravencrest,1057,warrior,arms,47,24,23
48419,Рексторм,soulflayer,1056,warrior,arms,12,11,1
48420,Klnrk,ravencrest,1056,warrior,arms,18,11,7
48421,Dariusvolt,argent-dawn,1056,warrior,arms,59,31,28
48422,Proeliator,argent-dawn,1056,warrior,arms,24,11,13
48423,Êphêý,kazzak,1056,warrior,arms,24,11,13
48424,Magmos,terenas,1056,warrior,arms,24,11,13
48425,Gotural,ravencrest,1055,warrior,arms,12,11,1
48426,Biggerer,blackrock,1055,warrior,arms,18,11,7
48427,Hannìbal,ravencrest,1055,warrior,arms,18,11,7
48428,Sanerion,antonidas,1055,warrior,arms,18,11,7
48429,Анархорок,howling-fjord,1055,warrior,arms,18,11,7
48430,Тарартзу,soulflayer,1055,warrior,arms,18,11,7
48431,Криккс,greymane,1055,warrior,arms,21,12,9
48432,Maisner,stormscale,1055,warrior,arms,21,12,9
48433,Амаззони,howling-fjord,1055,warrior,arms,24,11,13
48434,Taoke,ravencrest,1055,warrior,arms,24,11,13
48435,Justyòqt,archimonde,1055,warrior,arms,24,11,13
48436,Quotxwar,stormscale,1055,warrior,arms,24,11,13
48437,Escapematrix,kazzak,1055,warrior,arms,30,11,19
48438,Markorok,kazzak,1054,warrior,arms,18,11,7
48439,Zhadsnark,blackrock,1054,warrior,arms,18,11,7
48440,Imglad,ragnaros,1054,warrior,arms,18,11,7
48441,Tiimbs,tarren-mill,1054,warrior,arms,18,11,7
48442,Ramlosa,stormscale,1054,warrior,arms,18,11,7
48443,Râmi,perenolde,1054,warrior,arms,24,11,13
48444,Gorelaw,turalyon,1054,warrior,arms,24,11,13
48445,Trohr,blackmoore,1054,warrior,arms,24,11,13
48446,Багрон,goldrinn,1054,warrior,arms,24,11,13
48447,Apollos,der-mithrilorden,1054,warrior,arms,30,11,19
48448,Hellthõr,silvermoon,1054,warrior,arms,36,12,24
48449,Vallenwar,twisting-nether,1053,warrior,arms,18,11,7
48450,Bronn,defias-brotherhood,1053,warrior,arms,18,11,7
48451,Astost,silvermoon,1053,warrior,arms,18,11,7
48452,Nyu,kirin-tor,1053,warrior,arms,24,13,11
48453,Fullkraft,tarren-mill,1053,warrior,arms,60,29,31
48454,Skaylulz,ragnaros,1053,warrior,arms,24,11,13
48455,Gailko,sanguino,1053,warrior,arms,28,12,16
48456,Khoroc,die-aldor,1053,warrior,arms,30,11,19
48457,Scusi,burning-blade,1053,warrior,arms,30,11,19
48458,Kamilfury,burning-legion,1053,warrior,arms,34,12,22
48459,Salamandar,zenedar,1053,warrior,arms,36,11,25
48460,Kûrûmî,blackmoore,1052,warrior,arms,22,12,10
48461,Artheim,silvermoon,1052,warrior,arms,24,11,13
48462,Polak,tirion,1052,warrior,arms,24,11,13
48463,Каутто,howling-fjord,1052,warrior,arms,24,11,13
48464,Swayzze,frostwolf,1052,warrior,arms,30,11,19
48465,Gnomekek,sylvanas,1052,warrior,arms,30,11,19
48466,Deathwingx,azuremyst,1052,warrior,arms,33,12,21
48467,Blackaxe,sylvanas,1051,warrior,arms,18,11,7
48468,Deviousjr,ragnaros,1051,warrior,arms,18,11,7
48469,Ramhadat,hyjal,1051,warrior,arms,18,11,7
48470,Tíabeanie,silvermoon,1051,warrior,arms,18,11,7
48471,Kundan,antonidas,1051,warrior,arms,24,14,10
48472,Suksori,kazzak,1051,warrior,arms,24,11,13
48473,Шорпит,howling-fjord,1051,warrior,arms,66,26,40
48474,Rebiy,ravencrest,1050,warrior,arms,24,11,13
48475,Grimarg,drakthul,1050,warrior,arms,24,11,13
48476,Glakias,silvermoon,1050,warrior,arms,24,11,13
48477,Ironsíde,alakir,1050,warrior,arms,30,11,19
48478,Keksspec,ungoro,1050,warrior,arms,30,11,19
48479,Blackin,blackmoore,1049,warrior,arms,18,11,7
48480,Ètc,ravencrest,1049,warrior,arms,18,11,7
48481,Larkor,frostwolf,1049,warrior,arms,73,30,43
48482,Sokarbey,twisting-nether,1048,warrior,arms,18,11,7
48483,Тэйкмисофтли,blackscar,1048,warrior,arms,24,11,13
48484,Warrmax,darksorrow,1048,warrior,arms,24,11,13
48485,Clukao,kazzak,1047,warrior,arms,30,11,19
48486,Darksworn,alleria,1046,warrior,arms,18,11,7
48487,Brokenqt,ravencrest,1046,warrior,arms,21,12,9
48488,Supersonîc,aegwynn,1046,warrior,arms,24,11,13
48489,Askawar,sylvanas,1046,warrior,arms,24,11,13
48490,Kímó,silvermoon,1046,warrior,arms,30,11,19
48491,Velikan,tarren-mill,1046,warrior,arms,30,11,19
48492,Roponmatsu,draenor,1045,warrior,arms,24,11,13
48493,Ninja,bronze-dragonflight,1045,warrior,arms,24,11,13
48494,Perry,proudmoore,1044,warrior,arms,18,11,7
48495,Arkcules,ghostlands,1044,warrior,arms,24,11,13
48496,Darkwa,azjolnerub,1044,warrior,arms,24,11,13
48497,Pitii,burning-legion,1044,warrior,arms,26,11,15
48498,Nocturia,archimonde,1043,warrior,arms,30,11,19
48499,Unstorm,drakthul,1043,warrior,arms,36,11,25
48500,Gpointt,lordaeron,1042,warrior,arms,54,19,35
48501,Ethem,twisting-nether,1041,warrior,arms,91,50,41
48502,Pips,minahonda,1041,warrior,arms,42,13,29
48503,Talaganos,twisting-nether,1040,warrior,arms,31,17,14
48504,Онлихелл,howling-fjord,1038,warrior,arms,34,13,21
48505,Nokturnâl,silvermoon,1037,warrior,arms,18,11,7
48506,Twinblyat,defias-brotherhood,1036,warrior,arms,24,11,13
48507,Stampsalot,deathwing,1036,warrior,arms,24,11,13
48508,Koorkhan,outland,1036,warrior,arms,24,11,13
48509,Aranill,tarren-mill,1035,warrior,arms,29,11,18
48510,Ruga,echsenkessel,1034,warrior,arms,37,20,17
48511,Kval,kazzak,1034,warrior,arms,24,11,13
48512,Ferrum,sunstrider,1033,warrior,arms,24,11,13
48513,Katzz,dun-morogh,1031,warrior,arms,24,11,13
48514,Brvbert,antonidas,1029,warrior,arms,24,11,13
48515,Téarz,blackrock,1029,warrior,arms,54,20,34
48516,Beserk,defias-brotherhood,1027,warrior,arms,40,25,15
48517,Merdé,blackhand,1027,warrior,arms,135,67,68
48518,Dübèl,blackrock,1026,warrior,arms,18,11,7
48519,Cliwar,ragnaros,1026,warrior,arms,30,17,13
48520,Lanahan,argent-dawn,1023,warrior,arms,17,11,6
48521,Lakes,eredar,1023,warrior,arms,35,11,24
48522,Carsannies,stormscale,1022,warrior,arms,121,53,68
48523,Vizn,emerald-dream,1021,warrior,arms,35,11,24
48524,Xxoorrwarr,tarren-mill,1018,warrior,arms,25,13,12
48525,Oralinde,silvermoon,1017,warrior,arms,78,43,35
48526,Ironfists,kilrogg,1017,warrior,arms,24,11,13
48527,Methaniwths,twisting-nether,1017,warrior,arms,30,11,19
48528,Тычо,soulflayer,1016,warrior,arms,48,20,28
48529,Troncodepino,nemesis,1016,warrior,arms,30,11,19
48530,Tercio,exodar,1015,warrior,arms,91,38,53
48531,Henzelhoff,stormreaver,1013,warrior,arms,16,11,5
48532,Rabiolika,sanguino,1012,warrior,arms,23,11,12
48533,Chocoroko,draenor,1011,warrior,arms,30,12,18
48534,Raldjorn,hyjal,1010,warrior,arms,24,13,11
48535,Colq,doomhammer,1010,warrior,arms,23,11,12
48536,Тонкрик,goldrinn,1010,warrior,arms,24,11,13
48537,Shinydjuwlz,turalyon,1008,warrior,arms,18,11,7
48538,Blufurys,nemesis,1007,warrior,arms,44,18,26
48539,Falcowar,minahonda,1006,warrior,arms,24,11,13
48540,Mordeukay,hyjal,1004,warrior,arms,23,11,12
48541,Antraex,zuljin,1004,warrior,arms,30,13,17
48542,Tyrax,blackrock,1003,warrior,arms,23,11,12
48543,Braûsepulver,guldan,1002,warrior,arms,24,13,11
48544,Gatlok,kazzak,1001,warrior,arms,24,11,13
48545,Rejectofrage,ragnaros,1000,warrior,arms,30,15,15
48546,Rikistrike,tarren-mill,998,warrior,arms,23,13,10
48547,Seraphys,ravencrest,998,warrior,arms,28,12,16
48548,Sanhaevel,ravencrest,997,warrior,arms,27,13,14
48549,Hammerfíst,kazzak,994,warrior,arms,77,38,39
48550,Adrï,draenor,993,warrior,arms,64,35,29
48551,Ezjau,blackmoore,993,warrior,arms,90,45,45
48552,Sepsys,eredar,991,warrior,arms,48,15,33
48553,Knotteddickk,teldrassil,989,warrior,arms,23,11,12
48554,Geicoo,dalaran,988,warrior,arms,56,29,27
48555,Odonko,blackmoore,982,warrior,arms,42,20,22
48556,Oldhatreds,twisting-nether,979,warrior,arms,22,11,11
48557,Fairly,burning-blade,977,warrior,arms,24,12,12
48558,Estarotte,ravencrest,975,warrior,arms,25,11,14
48559,Tinkley,quelthalas,969,warrior,arms,21,11,10
48560,Chipstjuven,tarren-mill,963,warrior,arms,25,11,14
48561,Orchëstre,eitrigg,962,warrior,arms,115,61,54
48562,Dreadshanks,doomhammer,961,warrior,arms,60,31,29
48563,Bigschnäbi,blackhand,960,warrior,arms,12,10,2
48564,Мадс,howling-fjord,960,warrior,arms,12,10,2
48565,Wintertimex,stormscale,960,warrior,arms,12,10,2
48566,Schero,aegwynn,960,warrior,arms,12,10,2
48567,Каоссвар,howling-fjord,960,warrior,arms,18,10,8
48568,Jà,kazzak,960,warrior,arms,18,10,8
48569,Milant,antonidas,960,warrior,arms,18,10,8
48570,Бигдэм,howling-fjord,960,warrior,arms,18,10,8
48571,Zaedt,tarren-mill,960,warrior,arms,18,10,8
48572,Nazrihk,ravencrest,960,warrior,arms,18,10,8
48573,Broarextiger,ragnaros,960,warrior,arms,18,10,8
48574,Jake,rajaxx,960,warrior,arms,18,10,8
48575,Kût,les-sentinelles,960,warrior,arms,18,10,8
48576,Pürporc,archimonde,960,warrior,arms,24,10,14
48577,Meovv,saurfang,960,warrior,arms,24,10,14
48578,Andabad,silvermoon,960,warrior,arms,24,10,14
48579,Sereiz,tarren-mill,960,warrior,arms,30,10,20
48580,Sindrener,ysondre,960,warrior,arms,30,10,20
48581,Mbappé,dragonblight,959,warrior,arms,12,10,2
48582,Bjergo,drakthul,959,warrior,arms,16,11,5
48583,Jailapatate,khaz-modan,959,warrior,arms,18,10,8
48584,Экспла,ashenvale,959,warrior,arms,18,10,8
48585,Surthur,magtheridon,959,warrior,arms,18,10,8
48586,Ym,twisting-nether,959,warrior,arms,18,10,8
48587,Брюслипве,gordunni,959,warrior,arms,18,10,8
48588,Axxtm,ravencrest,959,warrior,arms,18,10,8
48589,Zdi,blackrock,959,warrior,arms,18,10,8
48590,Chadgrave,argent-dawn,959,warrior,arms,18,10,8
48591,Badwarr,blackhand,959,warrior,arms,18,10,8
48592,Duckyone,zenedar,959,warrior,arms,18,10,8
48593,Fearmedear,sylvanas,959,warrior,arms,18,10,8
48594,Kekrah,burning-legion,959,warrior,arms,24,10,14
48595,Warhero,burning-legion,959,warrior,arms,24,10,14
48596,Оманко,howling-fjord,959,warrior,arms,24,10,14
48597,Rookian,blackrock,959,warrior,arms,24,10,14
48598,Kryszii,ragnaros,959,warrior,arms,24,10,14
48599,Horsewarrior,stormscale,959,warrior,arms,24,10,14
48600,Péridotruite,hyjal,959,warrior,arms,30,10,20
48601,Rieku,kazzak,959,warrior,arms,30,10,20
48602,Garou,uldum,958,warrior,arms,12,10,2
48603,Warsky,archimonde,958,warrior,arms,30,17,13
48604,Hanna,argent-dawn,958,warrior,arms,18,10,8
48605,Fiverare,stormscale,958,warrior,arms,18,10,8
48606,Gorlemar,blackmoore,958,warrior,arms,18,10,8
48607,Earshy,ragnaros,958,warrior,arms,18,10,8
48608,Hamilton,bronzebeard,958,warrior,arms,18,10,8
48609,Shorrag,outland,958,warrior,arms,18,10,8
48610,Krônôs,thrall,958,warrior,arms,18,10,8
48611,Braindeady,burning-legion,958,warrior,arms,18,10,8
48612,Darlith,azshara,958,warrior,arms,18,10,8
48613,Bérsérk,blackmoore,958,warrior,arms,19,10,9
48614,Порицающий,soulflayer,958,warrior,arms,22,11,11
48615,Leapling,blackmoore,958,warrior,arms,24,10,14
48616,Хамерртайм,goldrinn,958,warrior,arms,24,10,14
48617,Yatõ,blackmoore,958,warrior,arms,24,10,14
48618,Gruxx,ragnaros,958,warrior,arms,24,10,14
48619,Onidrake,nemesis,958,warrior,arms,24,10,14
48620,Âdept,tarren-mill,958,warrior,arms,24,10,14
48621,Vymd,archimonde,958,warrior,arms,28,11,17
48622,Geroldius,silvermoon,958,warrior,arms,30,10,20
48623,Rowr,argent-dawn,958,warrior,arms,30,10,20
48624,Adamchen,blackmoore,958,warrior,arms,30,10,20
48625,Дотаветеран,soulflayer,957,warrior,arms,18,10,8
48626,Makote,uldum,957,warrior,arms,18,10,8
48627,Draer,sanguino,957,warrior,arms,23,11,12
48628,Testonator,outland,957,warrior,arms,24,10,14
48629,Lucasqt,magtheridon,956,warrior,arms,18,10,8
48630,Roshas,twisting-nether,956,warrior,arms,18,10,8
48631,Utero,drakthul,956,warrior,arms,24,10,14
48632,Huullkk,nazjatar,956,warrior,arms,30,10,20
48633,Deanx,ragnaros,955,warrior,arms,18,10,8
48634,Ciocaboca,draenor,955,warrior,arms,18,10,8
48635,Genç,ysondre,955,warrior,arms,24,10,14
48636,Xarmog,hyjal,955,warrior,arms,24,10,14
48637,Gramrosh,eredar,955,warrior,arms,24,10,14
48638,Neíd,malganis,955,warrior,arms,30,10,20
48639,Heavenheart,bronzebeard,954,warrior,arms,19,13,6
48640,Brutalz,kazzak,954,warrior,arms,18,10,8
48641,Smob,ragnaros,954,warrior,arms,18,10,8
48642,Lapyy,drakthul,954,warrior,arms,30,16,14
48643,Protecmoo,drakthul,954,warrior,arms,24,10,14
48644,Труперсила,howling-fjord,954,warrior,arms,24,10,14
48645,Kosttya,argent-dawn,954,warrior,arms,24,10,14
48646,Ôwndbylx,aegwynn,954,warrior,arms,27,11,16
48647,Zelwar,drakthul,953,warrior,arms,19,13,6
48648,Stweye,frostmane,953,warrior,arms,18,10,8
48649,Spaceløl,archimonde,953,warrior,arms,24,11,13
48650,Blanchysnow,hyjal,952,warrior,arms,18,10,8
48651,Ginò,stormscale,952,warrior,arms,18,10,8
48652,Fokra,draenor,952,warrior,arms,18,10,8
48653,Unkmòr,pozzo-delleternità,952,warrior,arms,42,22,20
48654,Шпингалетыч,howling-fjord,952,warrior,arms,30,10,20
48655,Rayenna,dalaran,951,warrior,arms,12,10,2
48656,Executeme,sylvanas,951,warrior,arms,24,12,12
48657,Zerm,draenor,949,warrior,arms,18,10,8
48658,Зуботычник,gordunni,948,warrior,arms,18,10,8
48659,Bovingus,tarren-mill,947,warrior,arms,18,10,8
48660,Pigleto,ravencrest,947,warrior,arms,33,15,18
48661,Obitron,argent-dawn,947,warrior,arms,24,10,14
48662,Smkw,kazzak,946,warrior,arms,24,14,10
48663,Omglolnoob,magtheridon,946,warrior,arms,26,10,16
48664,Górut,zuljin,945,warrior,arms,22,10,12
48665,Dorya,aegwynn,942,warrior,arms,23,10,13
48666,Pedergun,defias-brotherhood,940,warrior,arms,18,10,8
48667,Илийя,razuvious,940,warrior,arms,29,10,19
48668,Глинм,gordunni,939,warrior,arms,84,31,53
48669,Vooice,sylvanas,933,warrior,arms,29,10,19
48670,Valtýr,skullcrusher,932,warrior,arms,17,11,6
48671,Bubciu,burning-legion,932,warrior,arms,30,10,20
48672,Dénis,onyxia,930,warrior,arms,24,11,13
48673,Bòónki,ravencrest,929,warrior,arms,84,38,46
48674,Thewitcher,stormscale,928,warrior,arms,24,10,14
48675,Tabboonishka,draenor,927,warrior,arms,16,11,5
48676,Ganik,malganis,927,warrior,arms,23,10,13
48677,Arowpoint,doomhammer,925,warrior,arms,23,10,13
48678,Тибат,howling-fjord,924,warrior,arms,23,10,13
48679,Léonie,arakarahm,924,warrior,arms,23,10,13
48680,Dearmooses,stormscale,920,warrior,arms,36,18,18
48681,Shãne,ysondre,918,warrior,arms,22,10,12
48682,Abelgf,exodar,918,warrior,arms,32,12,20
48683,Takashia,ravencrest,915,warrior,arms,22,11,11
48684,Avgålöfvén,stormscale,912,warrior,arms,15,11,4
48685,Matti,magtheridon,911,warrior,arms,17,10,7
48686,Zouo,blackhand,911,warrior,arms,23,10,13
48687,Mölntuss,emeriss,911,warrior,arms,29,10,19
48688,Durmithor,silvermoon,906,warrior,arms,35,10,25
48689,Энлами,gordunni,905,warrior,arms,21,10,11
48690,Zêrklatscher,lordaeron,905,warrior,arms,48,12,36
48691,Искристый,howling-fjord,903,warrior,arms,18,11,7
48692,Cryze,ravencrest,903,warrior,arms,21,10,11
48693,Aemirage,doomhammer,901,warrior,arms,48,26,22
48694,Cowlunderowl,tarren-mill,900,warrior,arms,32,11,21
48695,Ckx,kazzak,899,warrior,arms,18,11,7
48696,Zalhym,archimonde,898,warrior,arms,33,10,23
48697,Брамон,gordunni,896,warrior,arms,16,10,6
48698,Manymen,outland,896,warrior,arms,66,27,39
48699,Razecraz,ysondre,894,warrior,arms,18,11,7
48700,Отключатель,howling-fjord,889,warrior,arms,17,10,7
48701,Авврорра,gordunni,889,warrior,arms,30,16,14
48702,Brabüs,kazzak,888,warrior,arms,26,10,16
48703,Perseó,minahonda,888,warrior,arms,54,16,38
48704,Рагнарульв,gordunni,885,warrior,arms,14,10,4
48705,Дотрен,galakrond,883,warrior,arms,42,20,22
48706,Lynton,sylvanas,879,warrior,arms,25,10,15
48707,Обиванкенобя,soulflayer,879,warrior,arms,32,10,22
48708,Артэгиусх,blackscar,878,warrior,arms,45,16,29
48709,Pøps,hyjal,876,warrior,arms,20,10,10
48710,Ехасе,gordunni,875,warrior,arms,22,10,12
48711,Spartazo,turalyon,873,warrior,arms,48,18,30
48712,Sangarane,archimonde,868,warrior,arms,27,14,13
48713,Bazsika,ragnaros,866,warrior,arms,54,17,37
48714,Arouga,blackrock,864,warrior,arms,12,9,3
48715,Jackzx,twisting-nether,864,warrior,arms,12,9,3
48716,Antìcìdè,ravencrest,864,warrior,arms,12,9,3
48717,Warmupfirst,ravencrest,864,warrior,arms,12,9,3
48718,Wetrx,stormscale,864,warrior,arms,12,9,3
48719,Zäløøpå,kazzak,864,warrior,arms,12,9,3
48720,Marqinios,archimonde,864,warrior,arms,12,9,3
48721,Jhoakim,argent-dawn,864,warrior,arms,12,9,3
48722,Drvx,twisting-nether,864,warrior,arms,12,9,3
48723,Krodunn,argent-dawn,864,warrior,arms,17,9,8
48724,Tynyas,dalaran,864,warrior,arms,24,12,12
48725,Allthèwayup,kazzak,864,warrior,arms,18,9,9
48726,Émalkay,tarren-mill,864,warrior,arms,18,9,9
48727,Ken,twisting-nether,864,warrior,arms,18,9,9
48728,Джамалли,howling-fjord,864,warrior,arms,18,9,9
48729,Marex,grim-batol,864,warrior,arms,18,9,9
48730,Bonza,blackrock,864,warrior,arms,18,9,9
48731,Данзетар,howling-fjord,864,warrior,arms,18,9,9
48732,Quadfather,kazzak,864,warrior,arms,18,9,9
48733,Ranoth,hellfire,864,warrior,arms,18,9,9
48734,Saetásh,argent-dawn,864,warrior,arms,18,9,9
48735,Necrio,kazzak,864,warrior,arms,18,9,9
48736,Ðöç,argent-dawn,864,warrior,arms,18,9,9
48737,Jeax,rexxar,864,warrior,arms,18,9,9
48738,Bâyer,burning-legion,864,warrior,arms,18,9,9
48739,Belfodil,outland,864,warrior,arms,18,9,9
48740,Dmgsponge,stormscale,864,warrior,arms,24,9,15
48741,Brigitá,argent-dawn,864,warrior,arms,24,9,15
48742,Tenthøusand,sylvanas,864,warrior,arms,24,9,15
48743,Vikktor,doomhammer,864,warrior,arms,24,9,15
48744,Cleopatra,frostwhisper,863,warrior,arms,12,9,3
48745,Пиапиа,gordunni,863,warrior,arms,12,9,3
48746,Ølolo,stormscale,863,warrior,arms,12,9,3
48747,Zufzuf,twisting-nether,863,warrior,arms,18,9,9
48748,Warbigboss,draenor,863,warrior,arms,18,9,9
48749,Zuuk,malganis,863,warrior,arms,18,9,9
48750,Opticsynfel,argent-dawn,863,warrior,arms,18,9,9
48751,Bladesmiths,argent-dawn,863,warrior,arms,18,9,9
48752,Donfidel,tarren-mill,863,warrior,arms,18,9,9
48753,Дейниксис,howling-fjord,863,warrior,arms,18,9,9
48754,Tonifox,nemesis,863,warrior,arms,18,9,9
48755,Астерио,blackscar,863,warrior,arms,18,9,9
48756,Punisherhulk,stormscale,863,warrior,arms,18,9,9
48757,Miz,dun-modr,863,warrior,arms,21,9,12
48758,Johnfogerty,twisting-nether,863,warrior,arms,24,9,15
48759,Ajhogan,ravencrest,863,warrior,arms,24,9,15
48760,Nârmøra,thrall,863,warrior,arms,24,9,15
48761,Sanca,naxxramas,863,warrior,arms,24,9,15
48762,Хирошка,gordunni,863,warrior,arms,24,9,15
48763,Garrodan,doomhammer,863,warrior,arms,24,9,15
48764,Jastreb,blackrock,863,warrior,arms,30,9,21
48765,Adalyn,azjolnerub,862,warrior,arms,12,9,3
48766,Ratko,blackmoore,862,warrior,arms,20,12,8
48767,Prag,silvermoon,862,warrior,arms,22,11,11
48768,Madkill,twisting-nether,862,warrior,arms,18,9,9
48769,Veeg,blackmoore,862,warrior,arms,18,9,9
48770,Delarosa,drakthul,862,warrior,arms,18,9,9
48771,Fluffycute,blackhand,862,warrior,arms,24,9,15
48772,Футжисубо,razuvious,862,warrior,arms,24,9,15
48773,Realdrdob,kazzak,862,warrior,arms,24,9,15
48774,Шизам,howling-fjord,862,warrior,arms,24,9,15
48775,Bekkey,lightbringer,862,warrior,arms,24,9,15
48776,Vazzle,nethersturm,862,warrior,arms,30,9,21
48777,Masster,argent-dawn,861,warrior,arms,12,9,3
48778,Diablozhørs,ysondre,861,warrior,arms,12,9,3
48779,Slowfeet,stormscale,861,warrior,arms,12,9,3
48780,Kolxoz,doomhammer,861,warrior,arms,18,9,9
48781,Nêgan,stormscale,861,warrior,arms,18,9,9
48782,Críxus031703,ravencrest,861,warrior,arms,18,9,9
48783,Legendfury,ravencrest,861,warrior,arms,18,9,9
48784,Santorro,drakthul,861,warrior,arms,24,9,15
48785,Amar,defias-brotherhood,861,warrior,arms,29,10,19
48786,Bigbaduglyy,twisting-nether,861,warrior,arms,30,9,21
48787,Andoror,nemesis,860,warrior,arms,18,9,9
48788,Bezark,kazzak,860,warrior,arms,18,9,9
48789,Woopzi,twisting-nether,860,warrior,arms,36,9,27
48790,Stits,chromaggus,859,warrior,arms,18,9,9
48791,Маханхет,soulflayer,859,warrior,arms,24,9,15
48792,Дрекзот,howling-fjord,858,warrior,arms,15,10,5
48793,Crud,die-silberne-hand,858,warrior,arms,18,9,9
48794,Ozok,blackrock,858,warrior,arms,24,9,15
48795,Radge,hyjal,858,warrior,arms,24,9,15
48796,Варбыкмашина,howling-fjord,857,warrior,arms,18,9,9
48797,Marcusk,thunderhorn,857,warrior,arms,24,9,15
48798,Goragthor,thrall,856,warrior,arms,18,9,9
48799,Wfx,kazzak,855,warrior,arms,18,9,9
48800,Prs,defias-brotherhood,855,warrior,arms,18,9,9
48801,Gucix,tarren-mill,855,warrior,arms,18,9,9
48802,Kixx,twisting-nether,855,warrior,arms,30,14,16
48803,Lurádin,kargath,855,warrior,arms,24,9,15
48804,Kreaten,chamber-of-aspects,855,warrior,arms,66,18,48
48805,Anaxiam,drakthul,854,warrior,arms,27,11,16
48806,Discogoon,twilights-hammer,854,warrior,arms,87,32,55
48807,Tommia,burning-legion,853,warrior,arms,24,9,15
48808,Йомхар,howling-fjord,853,warrior,arms,24,9,15
48809,Matthaeos,nemesis,850,warrior,arms,12,9,3
48810,Syforce,ravencrest,850,warrior,arms,18,9,9
48811,Nakroll,sanguino,850,warrior,arms,24,9,15
48812,Goodvibez,silvermoon,848,warrior,arms,24,9,15
48813,Owarr,grim-batol,847,warrior,arms,12,9,3
48814,Bashion,ghostlands,846,warrior,arms,30,10,20
48815,Badazz,thunderhorn,842,warrior,arms,24,9,15
48816,Xienia,dun-morogh,841,warrior,arms,30,10,20
48817,Îwar,ysondre,837,warrior,arms,42,9,33
48818,Marciano,dalaran,835,warrior,arms,18,9,9
48819,Рэмпи,soulflayer,831,warrior,arms,20,10,10
48820,Takeashower,hyjal,831,warrior,arms,20,10,10
48821,Pegazón,outland,831,warrior,arms,35,12,23
48822,Vurux,blackrock,830,warrior,arms,14,10,4
48823,Ajgreedy,grim-batol,829,warrior,arms,23,9,14
48824,Greeneroi,khaz-modan,829,warrior,arms,35,9,26
48825,Overdose,anetheron,827,warrior,arms,17,10,7
48826,Зед,blackscar,827,warrior,arms,25,13,12
48827,Nelfx,aggra-português,822,warrior,arms,48,21,27
48828,Alothar,khaz-modan,820,warrior,arms,42,18,24
48829,Clashblood,outland,816,warrior,arms,21,9,12
48830,Rødprincê,ravencrest,815,warrior,arms,15,9,6
48831,Airowar,drakthul,815,warrior,arms,17,9,8
48832,Tanoras,kazzak,815,warrior,arms,17,9,8
48833,Athérøs,outland,814,warrior,arms,23,9,14
48834,Андервульф,booty-bay,814,warrior,arms,23,9,14
48835,Drbanner,hyjal,808,warrior,arms,16,10,6
48836,Actuallyorc,twisting-nether,799,warrior,arms,14,9,5
48837,Vyctimz,ravencrest,799,warrior,arms,16,9,7
48838,Skullhammer,burning-legion,799,warrior,arms,24,9,15
48839,Xaqt,die-nachtwache,798,warrior,arms,17,9,8
48840,Daelator,ravencrest,797,warrior,arms,22,9,13
48841,Ahmedmohsen,kazzak,796,warrior,arms,20,9,11
48842,Scud,frostwhisper,796,warrior,arms,22,9,13
48843,Knego,ragnaros,793,warrior,arms,11,9,2
48844,Klanky,draenor,793,warrior,arms,26,9,17
48845,Кейнорин,howling-fjord,789,warrior,arms,28,9,19
48846,Finalsmasher,thrall,784,warrior,arms,42,16,26
48847,Ispor,shattered-halls,780,warrior,arms,84,39,45
48848,Dlstroyer,eonar,776,warrior,arms,24,10,14
48849,Donkeymeta,frostmane,768,warrior,arms,12,8,4
48850,Sevenheavy,draenor,768,warrior,arms,12,8,4
48851,Hazzael,ravencrest,768,warrior,arms,12,8,4
48852,Curelia,malganis,768,warrior,arms,12,8,4
48853,Rayner,illidan,768,warrior,arms,12,8,4
48854,Grdez,archimonde,768,warrior,arms,12,8,4
48855,Mâlitek,archimonde,768,warrior,arms,12,8,4
48856,Epyøn,stormscale,768,warrior,arms,12,8,4
48857,Smorccroms,stormscale,768,warrior,arms,12,8,4
48858,Chíppéd,draenor,768,warrior,arms,12,8,4
48859,Kultywator,silvermoon,768,warrior,arms,12,8,4
48860,Muyubu,eredar,768,warrior,arms,12,8,4
48861,Psinovich,sylvanas,768,warrior,arms,12,8,4
48862,Bulfwart,zuljin,768,warrior,arms,12,8,4
48863,Ballin,dragonblight,768,warrior,arms,12,8,4
48864,Fizé,blackmoore,768,warrior,arms,12,8,4
48865,Badgenius,nemesis,768,warrior,arms,12,8,4
48866,Doritoslove,sanguino,768,warrior,arms,12,8,4
48867,Éliøkor,outland,768,warrior,arms,12,8,4
48868,Liked,tarren-mill,768,warrior,arms,12,8,4
48869,Herigan,burning-legion,768,warrior,arms,15,9,6
48870,Madßud,ravencrest,768,warrior,arms,14,8,6
48871,Vlorgboi,drakthul,768,warrior,arms,18,8,10
48872,Visari,kiljaeden,768,warrior,arms,18,8,10
48873,Xdpromtius,dun-modr,768,warrior,arms,18,8,10
48874,Aauv,twisting-nether,768,warrior,arms,18,8,10
48875,Hønks,antonidas,768,warrior,arms,18,8,10
48876,Земибор,soulflayer,768,warrior,arms,18,8,10
48877,Howdoyouløse,stormscale,768,warrior,arms,18,8,10
48878,Kehnan,blackrock,768,warrior,arms,18,8,10
48879,Winabella,tarren-mill,768,warrior,arms,18,8,10
48880,Гатсх,blackscar,768,warrior,arms,18,8,10
48881,Borndet,eredar,768,warrior,arms,18,8,10
48882,Määh,frostmane,768,warrior,arms,18,8,10
48883,Dreadbanga,blackmoore,768,warrior,arms,18,8,10
48884,Dréngr,blackrock,768,warrior,arms,18,8,10
48885,Dedewawa,ysondre,768,warrior,arms,18,8,10
48886,Arsinal,blackhand,768,warrior,arms,18,8,10
48887,Caffeinë,ravencrest,768,warrior,arms,24,8,16
48888,Elinyar,aegwynn,768,warrior,arms,24,8,16
48889,Yoilenno,argent-dawn,767,warrior,arms,12,8,4
48890,Atzex,blackmoore,767,warrior,arms,12,8,4
48891,Anndersen,defias-brotherhood,767,warrior,arms,12,8,4
48892,Hermosse,dalaran,767,warrior,arms,18,8,10
48893,Broxiw,darkspear,767,warrior,arms,18,8,10
48894,Craíne,antonidas,767,warrior,arms,18,8,10
48895,Тритиан,soulflayer,767,warrior,arms,18,8,10
48896,Juicyglutes,turalyon,767,warrior,arms,18,8,10
48897,Jjokkerr,magtheridon,767,warrior,arms,18,8,10
48898,Арбузикхаха,soulflayer,767,warrior,arms,18,8,10
48899,Ericmontana,draenor,767,warrior,arms,18,8,10
48900,Recklessness,drakthul,767,warrior,arms,18,8,10
48901,Folsack,sanguino,767,warrior,arms,18,8,10
48902,Akim,ysondre,767,warrior,arms,18,8,10
48903,Gerrmund,silvermoon,767,warrior,arms,18,8,10
48904,Horseye,eredar,767,warrior,arms,18,8,10
48905,Ðam,kazzak,767,warrior,arms,18,8,10
48906,Барнаул,gordunni,767,warrior,arms,18,8,10
48907,Becca,rexxar,767,warrior,arms,18,8,10
48908,Tomhankz,ravencrest,767,warrior,arms,18,8,10
48909,Warbringer,burning-blade,767,warrior,arms,18,8,10
48910,Bämoida,eredar,767,warrior,arms,18,8,10
48911,Mangonneau,archimonde,767,warrior,arms,18,8,10
48912,Lortèn,stormscale,767,warrior,arms,18,8,10
48913,Kunodontas,draenor,767,warrior,arms,18,8,10
48914,Alexwar,draenor,767,warrior,arms,18,8,10
48915,Dtraque,kaelthas,767,warrior,arms,18,8,10
48916,Бокалпивка,soulflayer,767,warrior,arms,21,9,12
48917,Øfè,ysondre,767,warrior,arms,24,8,16
48918,Swaxx,ravencrest,767,warrior,arms,24,8,16
48919,Crizby,twisting-nether,767,warrior,arms,24,8,16
48920,Newgáte,silvermoon,766,warrior,arms,12,8,4
48921,Rapidinhas,aggra-português,766,warrior,arms,12,8,4
48922,Celean,darksorrow,766,warrior,arms,12,8,4
48923,Bonkonator,stormscale,766,warrior,arms,12,8,4
48924,Aomen,ravencrest,766,warrior,arms,12,8,4
48925,Shehalk,stormscale,766,warrior,arms,12,8,4
48926,Brutalx,twisting-nether,766,warrior,arms,14,8,6
48927,Beamis,ragnaros,766,warrior,arms,18,8,10
48928,Vohok,jaedenar,766,warrior,arms,18,8,10
48929,Rageaholic,blackmoore,766,warrior,arms,18,8,10
48930,Zerxees,tarren-mill,766,warrior,arms,18,8,10
48931,Booj,silvermoon,766,warrior,arms,18,8,10
48932,Хэлвид,soulflayer,766,warrior,arms,18,8,10
48933,Jeronimoe,blackmoore,766,warrior,arms,19,8,11
48934,Orquewarrior,stormscale,766,warrior,arms,24,8,16
48935,Alkuwaity,outland,766,warrior,arms,24,8,16
48936,Нэиро,howling-fjord,766,warrior,arms,24,8,16
48937,Bladestorm,dun-morogh,765,warrior,arms,18,8,10
48938,Wärfäcë,blades-edge,765,warrior,arms,18,8,10
48939,Tidrick,argent-dawn,765,warrior,arms,18,8,10
48940,Smaxi,kazzak,765,warrior,arms,18,8,10
48941,Exeqty,the-maelstrom,765,warrior,arms,18,8,10
48942,Younes,ravencrest,765,warrior,arms,24,8,16
48943,Hirbus,ravencrest,765,warrior,arms,25,8,17
48944,Havooc,ragnaros,764,warrior,arms,12,8,4
48945,Lucciouss,sylvanas,764,warrior,arms,12,8,4
48946,Berree,outland,764,warrior,arms,18,8,10
48947,Lìón,blackhand,764,warrior,arms,24,8,16
48948,Bangbros,archimonde,763,warrior,arms,12,8,4
48949,Giggadaddy,tarren-mill,763,warrior,arms,18,8,10
48950,Darkchao,madmortem,763,warrior,arms,18,8,10
48951,Ireincarnate,argent-dawn,763,warrior,arms,18,8,10
48952,Ripper,scarshield-legion,763,warrior,arms,30,8,22
48953,Leyon,blades-edge,762,warrior,arms,12,8,4
48954,Suolijumppa,stormreaver,762,warrior,arms,18,8,10
48955,Fatbeard,twilights-hammer,762,warrior,arms,18,8,10
48956,Korvjnus,burning-blade,762,warrior,arms,18,8,10
48957,Rogirb,drakthul,762,warrior,arms,18,8,10
48958,Previse,argent-dawn,762,warrior,arms,18,8,10
48959,Danoriix,drakthul,762,warrior,arms,24,8,16
48960,Øruch,draenor,761,warrior,arms,18,8,10
48961,Arinator,les-sentinelles,761,warrior,arms,33,9,24
48962,Encounter,nefarian,760,warrior,arms,12,8,4
48963,Gnuhl,eredar,760,warrior,arms,21,9,12
48964,Грруд,galakrond,760,warrior,arms,24,8,16
48965,Машамеч,blackscar,760,warrior,arms,30,8,22
48966,Upturn,ravencrest,757,warrior,arms,24,8,16
48967,Pappkopf,rexxar,753,warrior,arms,24,8,16
48968,Calipp,die-aldor,750,warrior,arms,24,8,16
48969,Batourga,marécage-de-zangar,749,warrior,arms,23,8,15
48970,Shadrassil,eonar,747,warrior,arms,18,8,10
48971,Дедсдрыном,howling-fjord,747,warrior,arms,23,8,15
48972,Рф,thermaplugg,745,warrior,arms,26,9,17
48973,Furraxx,elune,736,warrior,arms,18,8,10
48974,Broarexlion,ragnaros,735,warrior,arms,23,8,15
48975,Hazzaogx,draenor,735,warrior,arms,23,8,15
48976,Eltaré,hyjal,734,warrior,arms,14,9,5
48977,Orgazam,xavius,734,warrior,arms,17,8,9
48978,Megaloddon,ravencrest,734,warrior,arms,17,8,9
48979,Grimsong,antonidas,733,warrior,arms,14,9,5
48980,Madict,outland,733,warrior,arms,18,8,10
48981,Imbakarimbá,blackrock,732,warrior,arms,17,8,9
48982,Pikkemaát,stormscale,720,warrior,arms,15,8,7
48983,Grolbein,blackhand,719,warrior,arms,17,9,8
48984,Karbeg,ravencrest,718,warrior,arms,21,8,13
48985,Spoofie,doomhammer,718,warrior,arms,21,8,13
48986,Zíreael,ravencrest,718,warrior,arms,29,8,21
48987,Железныйбард,gordunni,717,warrior,arms,23,8,15
48988,Nobelisarius,norgannon,713,warrior,arms,23,11,12
48989,Démigodx,stormscale,712,warrior,arms,28,9,19
48990,Ugbruk,blackhand,707,warrior,arms,21,9,12
48991,Battlemaster,die-aldor,704,warrior,arms,16,8,8
48992,Ferv,tarren-mill,703,warrior,arms,17,8,9
48993,Fürchtenix,blackmoore,703,warrior,arms,20,8,12
48994,Goringbame,draenor,703,warrior,arms,20,8,12
48995,Punishers,ysondre,703,warrior,arms,132,47,85
48996,Kyösti,defias-brotherhood,702,warrior,arms,14,8,6
48997,Daxhter,sanguino,702,warrior,arms,20,8,12
48998,Isoton,kazzak,702,warrior,arms,20,8,12
48999,Bàhàmût,anetheron,701,warrior,arms,11,8,3
49000,Parabellum,dun-modr,701,warrior,arms,14,8,6
49001,Stratic,blackmoore,697,warrior,arms,26,8,18
49002,Melców,eredar,687,warrior,arms,11,8,3
49003,Pemex,stormreaver,686,warrior,arms,13,8,5
49004,Xiennas,stormscale,679,warrior,arms,19,9,10
49005,Ðalf,sargeras,672,warrior,arms,12,7,5
49006,Boonur,arthas,672,warrior,arms,12,7,5
49007,Crøwñd,twisting-nether,672,warrior,arms,12,7,5
49008,Cleavnseagal,ravencrest,672,warrior,arms,12,7,5
49009,Thomasw,argent-dawn,672,warrior,arms,12,7,5
49010,Antïsøcial,thrall,672,warrior,arms,12,7,5
49011,Ufu,outland,672,warrior,arms,12,7,5
49012,Warriovar,draenor,672,warrior,arms,12,7,5
49013,Thebigtosco,ravencrest,672,warrior,arms,12,7,5
49014,Трэйдар,blackscar,672,warrior,arms,12,7,5
49015,Midnightrain,archimonde,672,warrior,arms,12,7,5
49016,Хашонвар,gordunni,672,warrior,arms,12,7,5
49017,Каррагор,howling-fjord,672,warrior,arms,12,7,5
49018,Biscuitoliva,hyjal,672,warrior,arms,12,7,5
49019,Trembolonio,sanguino,672,warrior,arms,12,7,5
49020,Morkzul,sanguino,672,warrior,arms,12,7,5
49021,Roadsick,outland,672,warrior,arms,12,7,5
49022,Tandrak,ravencrest,672,warrior,arms,12,7,5
49023,Quihc,outland,672,warrior,arms,12,7,5
49024,Faimy,tarren-mill,672,warrior,arms,12,7,5
49025,Тьмасвятая,gordunni,672,warrior,arms,12,7,5
49026,Elpap,draenor,672,warrior,arms,12,7,5
49027,Orcassmus,blackrock,672,warrior,arms,12,7,5
49028,Shwreck,kazzak,672,warrior,arms,12,7,5
49029,Chazbo,arakarahm,672,warrior,arms,12,7,5
49030,Jäky,ragnaros,672,warrior,arms,12,7,5
49031,Isenstrider,burning-legion,672,warrior,arms,12,7,5
49032,Динамикс,soulflayer,672,warrior,arms,12,7,5
49033,Slâkkxz,outland,672,warrior,arms,12,7,5
49034,Shînsø,dalaran,672,warrior,arms,12,7,5
49035,Utz,blackrock,672,warrior,arms,12,7,5
49036,Deathgreyø,nemesis,672,warrior,arms,12,7,5
49037,Tenvee,outland,672,warrior,arms,12,7,5
49038,Creekwarrior,twisting-nether,672,warrior,arms,12,7,5
49039,Pexqt,blackmoore,672,warrior,arms,12,7,5
49040,Neíd,antonidas,672,warrior,arms,12,7,5
49041,Cruor,stormscale,672,warrior,arms,12,7,5
49042,Ryse,nemesis,672,warrior,arms,12,7,5
49043,Ragetotem,doomhammer,672,warrior,arms,12,7,5
49044,Minimcgregor,sanguino,672,warrior,arms,12,7,5
49045,Bubawarrior,silvermoon,672,warrior,arms,12,7,5
49046,Engalxsol,tarren-mill,672,warrior,arms,12,7,5
49047,Zellóx,stormscale,672,warrior,arms,12,7,5
49048,Lisera,thrall,672,warrior,arms,12,7,5
49049,Sreym,dun-modr,672,warrior,arms,12,7,5
49050,Devìlscandy,stormscale,672,warrior,arms,12,7,5
49051,Бардеон,gordunni,672,warrior,arms,12,7,5
49052,Ragelol,aegwynn,672,warrior,arms,12,7,5
49053,Unverbal,silvermoon,672,warrior,arms,12,7,5
49054,Smèdbérg,ravencrest,672,warrior,arms,12,7,5
49055,Orelus,darkspear,672,warrior,arms,12,7,5
49056,Kriticah,sanguino,672,warrior,arms,12,7,5
49057,Арсон,soulflayer,672,warrior,arms,12,7,5
49058,Ironmásk,tarren-mill,672,warrior,arms,12,7,5
49059,Cleppepx,blackmoore,672,warrior,arms,12,7,5
49060,Yoz,uldaman,672,warrior,arms,12,7,5
49061,Джераса,borean-tundra,672,warrior,arms,12,7,5
49062,Tbomb,stormscale,672,warrior,arms,12,7,5
49063,Masakerr,ragnaros,672,warrior,arms,12,7,5
49064,Azarek,blackmoore,672,warrior,arms,12,7,5
49065,Xilquib,darksorrow,672,warrior,arms,12,7,5
49066,Minitizzr,stormscale,672,warrior,arms,12,7,5
49067,Tìera,ravencrest,672,warrior,arms,15,8,7
49068,Стефанидзе,soulflayer,672,warrior,arms,18,7,11
49069,Kiha,argent-dawn,672,warrior,arms,18,7,11
49070,Rec,thrall,672,warrior,arms,18,7,11
49071,Twoonewin,ragnaros,672,warrior,arms,18,7,11
49072,Kamapulya,ravencrest,672,warrior,arms,18,7,11
49073,Kennzz,ravencrest,672,warrior,arms,18,7,11
49074,Skullsmasher,stormscale,672,warrior,arms,18,7,11
49075,Slappcuzz,blackrock,672,warrior,arms,18,7,11
49076,Tomsom,sanguino,672,warrior,arms,18,7,11
49077,Rightversion,sylvanas,672,warrior,arms,18,7,11
49078,Ghettogødx,outland,672,warrior,arms,18,7,11
49079,Delfrion,pozzo-delleternità,672,warrior,arms,18,7,11
49080,Silencxý,blackrock,672,warrior,arms,18,7,11
49081,Сабствер,howling-fjord,672,warrior,arms,18,7,11
49082,Zugzugernaut,stormscale,672,warrior,arms,18,7,11
49083,Warristyles,arygos,672,warrior,arms,18,7,11
49084,Manký,kazzak,672,warrior,arms,18,7,11
49085,Swàck,mazrigos,672,warrior,arms,18,7,11
49086,Recklesnes,kazzak,672,warrior,arms,18,7,11
49087,Воованыч,gordunni,672,warrior,arms,18,7,11
49088,Warrieron,stormscale,672,warrior,arms,18,7,11
49089,Kåïdø,ravencrest,672,warrior,arms,18,7,11
49090,Warriorri,haomarush,672,warrior,arms,18,7,11
49091,Rylbrah,blackmoore,672,warrior,arms,18,7,11
49092,Chàrgex,blackrock,672,warrior,arms,21,8,13
49093,Luxurious,argent-dawn,672,warrior,arms,27,8,19
49094,Borthuk,tarren-mill,672,warrior,arms,24,7,17
49095,Vøidwalker,ragnaros,672,warrior,arms,24,7,17
49096,Anahkäs,archimonde,672,warrior,arms,24,7,17
49097,Izurritea,tarren-mill,672,warrior,arms,24,7,17
49098,Unßörn,archimonde,672,warrior,arms,24,7,17
49099,Gôrilla,kazzak,672,warrior,arms,30,7,23
49100,Pihvikostaja,stormreaver,671,warrior,arms,12,7,5
49101,Gamôrà,eitrigg,671,warrior,arms,12,7,5
49102,Sàt,kazzak,671,warrior,arms,12,7,5
49103,Schawar,draenor,671,warrior,arms,12,7,5
49104,Xensation,kult-der-verdammten,671,warrior,arms,12,7,5
49105,Rawne,kirin-tor,671,warrior,arms,12,7,5
49106,Когарт,gordunni,671,warrior,arms,12,7,5
49107,Dosenbier,gorgonnash,671,warrior,arms,12,7,5
49108,Wårlord,ragnaros,671,warrior,arms,12,7,5
49109,Greifax,eredar,671,warrior,arms,12,7,5
49110,Shedzo,tarren-mill,671,warrior,arms,12,7,5
49111,Hexzo,ravencrest,671,warrior,arms,12,7,5
49112,Hades,kazzak,671,warrior,arms,12,7,5
49113,Bendeur,ysondre,671,warrior,arms,12,7,5
49114,Skullcrasher,draenor,671,warrior,arms,12,7,5
49115,Dukhe,sanguino,671,warrior,arms,12,7,5
49116,Aëne,kirin-tor,671,warrior,arms,12,7,5
49117,Escà,archimonde,671,warrior,arms,12,7,5
49118,Valí,drakthul,671,warrior,arms,12,7,5
49119,Schneklinge,blutkessel,671,warrior,arms,12,7,5
49120,Сайлентлайтх,soulflayer,671,warrior,arms,12,7,5
49121,Nightbeard,twisting-nether,671,warrior,arms,12,7,5
49122,Stèalthy,stormscale,671,warrior,arms,12,7,5
49123,Fluxerella,azjolnerub,671,warrior,arms,12,7,5
49124,Gùts,stormreaver,671,warrior,arms,12,7,5
49125,Kratosgr,defias-brotherhood,671,warrior,arms,12,7,5
49126,Reykingar,outland,671,warrior,arms,12,7,5
49127,Vez,arathor,671,warrior,arms,12,7,5
49128,Wvanp,tarren-mill,671,warrior,arms,12,7,5
49129,Doragon,nemesis,671,warrior,arms,12,7,5
49130,Дисфория,soulflayer,671,warrior,arms,15,8,7
49131,Haris,malganis,671,warrior,arms,18,7,11
49132,Jephôs,silvermoon,671,warrior,arms,18,7,11
49133,Kekwd,burning-legion,671,warrior,arms,18,7,11
49134,Salsetti,nemesis,671,warrior,arms,18,7,11
49135,Kishkamen,ravencrest,671,warrior,arms,18,7,11
49136,Donczaszka,turalyon,671,warrior,arms,18,7,11
49137,Williamx,archimonde,671,warrior,arms,18,7,11
49138,Sydre,nerathor,671,warrior,arms,18,7,11
49139,Segovaxx,twisting-nether,671,warrior,arms,18,7,11
49140,Akáme,frostwolf,671,warrior,arms,18,7,11
49141,Kattyparry,tarren-mill,671,warrior,arms,18,7,11
49142,Iarsonn,drakthul,671,warrior,arms,18,7,11
49143,Apashe,drakthul,671,warrior,arms,18,7,11
49144,Текайко,eversong,671,warrior,arms,18,7,11
49145,Sadex,blackmoore,671,warrior,arms,24,7,17
49146,Jerololz,dun-modr,671,warrior,arms,24,7,17
49147,Бубаигавар,gordunni,671,warrior,arms,24,7,17
49148,Ashecröft,sylvanas,671,warrior,arms,24,7,17
49149,Kilsera,blackmoore,670,warrior,arms,12,7,5
49150,Eldfast,bladefist,670,warrior,arms,12,7,5
49151,Grunwi,burning-legion,670,warrior,arms,12,7,5
49152,Lightit,aegwynn,670,warrior,arms,12,7,5
49153,Haymaker,auchindoun,670,warrior,arms,12,7,5
49154,Cortix,blackmoore,670,warrior,arms,16,8,8
49155,Grafted,argent-dawn,670,warrior,arms,18,7,11
49156,Høxy,outland,670,warrior,arms,18,7,11
49157,Jackycoke,blackhand,670,warrior,arms,18,7,11
49158,Tiopollo,sanguino,670,warrior,arms,18,7,11
49159,Befit,quelthalas,670,warrior,arms,18,7,11
49160,Mortus,baelgun,670,warrior,arms,22,8,14
49161,Gakosh,sanguino,669,warrior,arms,12,7,5
49162,Laude,ragnaros,669,warrior,arms,12,7,5
49163,Infusione,nemesis,669,warrior,arms,12,7,5
49164,Pyxis,argent-dawn,669,warrior,arms,18,7,11
49165,Сырилисуп,soulflayer,669,warrior,arms,18,7,11
49166,Slappie,kiljaeden,669,warrior,arms,18,7,11
49167,Ruuster,norgannon,669,warrior,arms,24,7,17
49168,Méfiat,hyjal,668,warrior,arms,12,7,5
49169,Cecill,silvermoon,668,warrior,arms,12,7,5
49170,Árkantos,ravencrest,668,warrior,arms,12,7,5
49171,Warclone,ravencrest,668,warrior,arms,12,7,5
49172,Woukong,blackmoore,668,warrior,arms,18,7,11
49173,Releave,draenor,668,warrior,arms,18,7,11
49174,Láviana,aegwynn,667,warrior,arms,12,7,5
49175,Director,aegwynn,667,warrior,arms,12,7,5
49176,Piixxz,hyjal,667,warrior,arms,12,7,5
49177,Математик,razuvious,667,warrior,arms,12,7,5
49178,Papati,twisting-nether,667,warrior,arms,18,7,11
49179,Ärama,sanguino,664,warrior,arms,18,7,11
49180,Милославский,gordunni,662,warrior,arms,18,7,11
49181,Raizø,aegwynn,655,warrior,arms,13,9,4
49182,Брэмбур,goldrinn,655,warrior,arms,17,7,10
49183,Paaki,archimonde,655,warrior,arms,17,7,10
49184,Mocka,veknilash,640,warrior,arms,16,7,9
49185,Мегаяйца,gordunni,639,warrior,arms,23,7,16
49186,Dasbiest,malorne,638,warrior,arms,17,7,10
49187,Xiny,blackrock,638,warrior,arms,17,7,10
49188,Kalarar,blackrock,638,warrior,arms,32,8,24
49189,Боевыещёчки,eversong,627,warrior,arms,22,11,11
49190,Schmelzlord,thrall,624,warrior,arms,15,7,8
49191,Bloodeater,sylvanas,623,warrior,arms,15,7,8
49192,Dolforden,burning-legion,622,warrior,arms,17,7,10
49193,Ätreides,sanguino,622,warrior,arms,17,7,10
49194,Vaxillium,argent-dawn,621,warrior,arms,17,7,10
49195,Някитила,gordunni,614,warrior,arms,18,8,10
49196,Ragingqawk,outland,608,warrior,arms,16,7,9
49197,Kwesta,kazzak,607,warrior,arms,11,7,4
49198,Matatorero,uldum,607,warrior,arms,16,7,9
49199,Trundledaddy,silvermoon,607,warrior,arms,17,7,10
49200,Arashicage,emeriss,606,warrior,arms,14,7,7
49201,Eragdagh,thrall,606,warrior,arms,20,7,13
49202,Arschal,khaz-modan,594,warrior,arms,14,7,7
49203,Kenzai,aegwynn,592,warrior,arms,13,7,6
49204,Olriksen,dentarg,590,warrior,arms,19,8,11
49205,Bavet,sylvanas,589,warrior,arms,19,7,12
49206,Dulex,draenor,576,warrior,arms,6,6,0
49207,Lubcifer,emeriss,576,warrior,arms,6,6,0
49208,Gidra,stormscale,576,warrior,arms,6,6,0
49209,Watergate,ysondre,576,warrior,arms,6,6,0
49210,Scherø,aegwynn,576,warrior,arms,6,6,0
49211,Belov,hyjal,576,warrior,arms,12,6,6
49212,Leetzorz,aszune,576,warrior,arms,12,6,6
49213,Dvigar,drakthul,576,warrior,arms,12,6,6
49214,Радомель,gordunni,576,warrior,arms,12,6,6
49215,Earthshatter,emeriss,576,warrior,arms,12,6,6
49216,Precel,burning-legion,576,warrior,arms,12,6,6
49217,Тассэй,eversong,576,warrior,arms,12,6,6
49218,Kaloche,hyjal,576,warrior,arms,12,6,6
49219,Finmajor,frostwhisper,576,warrior,arms,12,6,6
49220,Intíkam,alleria,576,warrior,arms,12,6,6
49221,Fidicenz,ysondre,576,warrior,arms,12,6,6
49222,Bourbimrgllr,hyjal,576,warrior,arms,12,6,6
49223,Micromachìne,sanguino,576,warrior,arms,12,6,6
49224,Kirmizikafa,twisting-nether,576,warrior,arms,12,6,6
49225,Rswar,archimonde,576,warrior,arms,12,6,6
49226,Knoutt,burning-legion,576,warrior,arms,12,6,6
49227,Bikgusdickus,drakthul,576,warrior,arms,12,6,6
49228,Наомирассел,gordunni,576,warrior,arms,12,6,6
49229,Fankululu,kragjin,576,warrior,arms,12,6,6
49230,Darkseid,burning-legion,576,warrior,arms,12,6,6
49231,Fonky,sylvanas,576,warrior,arms,12,6,6
49232,Phalekxox,twisting-nether,576,warrior,arms,12,6,6
49233,Mîleycyrûs,stormscale,576,warrior,arms,12,6,6
49234,Psychðtïc,archimonde,576,warrior,arms,12,6,6
49235,Neoballâc,uldum,576,warrior,arms,12,6,6
49236,Oneoneseven,archimonde,576,warrior,arms,12,6,6
49237,Feydal,thrall,576,warrior,arms,12,6,6
49238,Poyraz,blackrock,576,warrior,arms,12,6,6
49239,Waranach,drakthul,576,warrior,arms,12,6,6
49240,Wärlør,ravencrest,576,warrior,arms,12,6,6
49241,Kenet,tarren-mill,576,warrior,arms,12,6,6
49242,Rakhaldin,blackhand,576,warrior,arms,12,6,6
49243,Shorane,varimathras,576,warrior,arms,12,6,6
49244,Nørst,draenor,576,warrior,arms,12,6,6
49245,Coolaa,kazzak,576,warrior,arms,12,6,6
49246,Teliese,argent-dawn,576,warrior,arms,12,6,6
49247,Radîtz,blackmoore,576,warrior,arms,12,6,6
49248,Juggawumba,kazzak,576,warrior,arms,12,6,6
49249,Vakios,confrérie-du-thorium,576,warrior,arms,12,6,6
49250,Долирия,gordunni,576,warrior,arms,12,6,6
49251,Torgath,kirin-tor,576,warrior,arms,12,6,6
49252,Hycate,blackrock,576,warrior,arms,12,6,6
49253,Нерморрог,howling-fjord,576,warrior,arms,12,6,6
49254,Slám,burning-legion,576,warrior,arms,12,6,6
49255,Thegullet,draenor,576,warrior,arms,12,6,6
49256,Tddyy,silvermoon,576,warrior,arms,12,6,6
49257,Fookyoup,stormscale,576,warrior,arms,12,6,6
49258,Ваншотч,blackscar,576,warrior,arms,12,6,6
49259,Melogranod,nemesis,576,warrior,arms,12,6,6
49260,Qurujaa,kirin-tor,576,warrior,arms,12,6,6
49261,Bllué,ravencrest,576,warrior,arms,12,6,6
49262,Urmankey,kazzak,576,warrior,arms,12,6,6
49263,Nylseana,turalyon,576,warrior,arms,12,6,6
49264,Skelash,blackhand,576,warrior,arms,12,6,6
49265,Mòrdréd,kazzak,576,warrior,arms,12,6,6
49266,Kaylì,ravencrest,576,warrior,arms,12,6,6
49267,Racore,aegwynn,576,warrior,arms,12,6,6
49268,Lucywar,ravencrest,576,warrior,arms,12,6,6
49269,Xqt,laughing-skull,576,warrior,arms,12,6,6
49270,Wøokz,argent-dawn,576,warrior,arms,12,6,6
49271,Madswarr,tarren-mill,576,warrior,arms,12,6,6
49272,Trâshcârlitâ,eredar,576,warrior,arms,12,6,6
49273,Hacci,ragnaros,576,warrior,arms,12,6,6
49274,Joelopes,archimonde,576,warrior,arms,12,6,6
49275,Reshnak,die-todeskrallen,576,warrior,arms,12,6,6
49276,Каштоуны,howling-fjord,576,warrior,arms,12,6,6
49277,Majestatix,doomhammer,576,warrior,arms,12,6,6
49278,Hgfe,doomhammer,576,warrior,arms,12,6,6
49279,Toscow,ravencrest,576,warrior,arms,12,6,6
49280,Terisá,blackmoore,576,warrior,arms,12,6,6
49281,Deymio,defias-brotherhood,576,warrior,arms,12,6,6
49282,Brutarius,scarshield-legion,576,warrior,arms,12,6,6
49283,Ysgrammorr,magtheridon,576,warrior,arms,12,6,6
49284,Tikej,silvermoon,576,warrior,arms,12,6,6
49285,Toqk,draenor,576,warrior,arms,12,6,6
49286,Bivol,ravencrest,576,warrior,arms,12,6,6
49287,Brutalizar,draenor,576,warrior,arms,12,6,6
49288,Zabrona,turalyon,576,warrior,arms,12,6,6
49289,Víoceptíon,blackrock,576,warrior,arms,12,6,6
49290,Thanâtøs,kazzak,576,warrior,arms,12,6,6
49291,Kleckzz,blackmoore,576,warrior,arms,12,6,6
49292,Тягуч,howling-fjord,576,warrior,arms,12,6,6
49293,Moldamis,blackhand,576,warrior,arms,12,6,6
49294,Litlijón,ravencrest,576,warrior,arms,12,6,6
49295,Tùcky,ysondre,576,warrior,arms,12,6,6
49296,Scràvity,blackhand,576,warrior,arms,12,6,6
49297,Ðrews,kazzak,576,warrior,arms,12,6,6
49298,Rageover,outland,576,warrior,arms,12,6,6
49299,Hyogan,malganis,576,warrior,arms,12,6,6
49300,Yuuta,ravencrest,576,warrior,arms,12,6,6
49301,Repó,twisting-nether,576,warrior,arms,18,6,12
49302,Kronstris,veklor,576,warrior,arms,18,6,12
49303,Lithanør,silvermoon,576,warrior,arms,18,6,12
49304,Sebeastian,ravencrest,576,warrior,arms,18,6,12
49305,Autumnfálls,kazzak,576,warrior,arms,18,6,12
49306,Gaarrossh,kazzak,576,warrior,arms,18,6,12
49307,Jeriko,archimonde,576,warrior,arms,18,6,12
49308,Kawaro,rajaxx,576,warrior,arms,18,6,12
49309,Ój,ravencrest,576,warrior,arms,18,6,12
49310,Chazeryu,stormreaver,576,warrior,arms,18,6,12
49311,Duaig,pozzo-delleternità,576,warrior,arms,18,6,12
49312,Stillpetao,dun-modr,576,warrior,arms,18,6,12
49313,Velgrim,ravencrest,576,warrior,arms,18,6,12
49314,Salpaaja,tarren-mill,576,warrior,arms,18,6,12
49315,Ezop,burning-blade,576,warrior,arms,18,6,12
49316,Ragoar,blackmoore,576,warrior,arms,18,6,12
49317,Foxxzorr,aszune,576,warrior,arms,18,6,12
49318,Guter,kazzak,576,warrior,arms,18,6,12
49319,Amarthon,sylvanas,576,warrior,arms,18,6,12
49320,Erickson,tarren-mill,576,warrior,arms,18,6,12
49321,Nyxo,argent-dawn,576,warrior,arms,18,6,12
49322,Fracto,draenor,576,warrior,arms,18,6,12
49323,Leroyluca,gilneas,576,warrior,arms,18,6,12
49324,Steroidkidx,stormscale,576,warrior,arms,24,6,18
49325,Topozugzug,tarren-mill,576,warrior,arms,24,6,18
49326,Братишкаа,gordunni,576,warrior,arms,24,6,18
49327,Luckysop,chants-éternels,576,warrior,arms,24,6,18
49328,Pesroc,blackmoore,575,warrior,arms,9,7,2
49329,Беспонятия,blackscar,575,warrior,arms,10,7,3
49330,Cesaro,blackhand,575,warrior,arms,12,6,6
49331,Эсвексия,gordunni,575,warrior,arms,12,6,6
49332,Bravest,ragnaros,575,warrior,arms,12,6,6
49333,Uwazu,kazzak,575,warrior,arms,12,6,6
49334,Valus,earthen-ring,575,warrior,arms,12,6,6
49335,Ghostlord,dunemaul,575,warrior,arms,12,6,6
49336,Lupacha,exodar,575,warrior,arms,12,6,6
49337,Думрайт,gordunni,575,warrior,arms,12,6,6
49338,Bzezita,hyjal,575,warrior,arms,12,6,6
49339,Rawi,antonidas,575,warrior,arms,12,6,6
49340,Arnnau,dun-modr,575,warrior,arms,12,6,6
49341,Zutto,conseil-des-ombres,575,warrior,arms,12,6,6
49342,Fótm,sylvanas,575,warrior,arms,12,6,6
49343,Bobleeragnar,ravencrest,575,warrior,arms,12,6,6
49344,Thráll,aszune,575,warrior,arms,12,6,6
49345,Dexter,outland,575,warrior,arms,12,6,6
49346,Imafk,darksorrow,575,warrior,arms,12,6,6
49347,Бэдбрэйнс,soulflayer,575,warrior,arms,12,6,6
49348,Soofies,madmortem,575,warrior,arms,12,6,6
49349,Djpuggerino,outland,575,warrior,arms,12,6,6
49350,Razyk,zuljin,575,warrior,arms,12,6,6
49351,Critycall,drakthul,575,warrior,arms,12,6,6
49352,Ràgnàmetàl,tarren-mill,575,warrior,arms,12,6,6
49353,Cogne,illidan,575,warrior,arms,12,6,6
49354,Scârath,eredar,575,warrior,arms,12,6,6
49355,Empero,draenor,575,warrior,arms,12,6,6
49356,Thorast,argent-dawn,575,warrior,arms,12,6,6
49357,Camaon,outland,575,warrior,arms,12,6,6
49358,Wærriør,argent-dawn,575,warrior,arms,12,6,6
49359,Акози,fordragon,575,warrior,arms,12,6,6
49360,Колятурбо,gordunni,575,warrior,arms,12,6,6
49361,Vauster,draenor,575,warrior,arms,16,7,9
49362,Redcloak,outland,575,warrior,arms,18,6,12
49363,Отнулядоста,gordunni,575,warrior,arms,18,6,12
49364,Утонаган,fordragon,575,warrior,arms,18,6,12
49365,Ruioz,draenor,575,warrior,arms,18,6,12
49366,Awares,blackmoore,575,warrior,arms,18,6,12
49367,Кордупэль,gordunni,575,warrior,arms,18,6,12
49368,Kydecnick,kazzak,575,warrior,arms,24,6,18
49369,Fugrim,draenor,574,warrior,arms,12,6,6
49370,Nostrawolf,sylvanas,574,warrior,arms,12,6,6
49371,Voltrim,blackmoore,574,warrior,arms,12,6,6
49372,Nakkelam,twisting-nether,574,warrior,arms,12,6,6
49373,Solatika,alexstrasza,574,warrior,arms,12,6,6
49374,Xaah,dun-modr,574,warrior,arms,18,6,12
49375,Kvanyrius,archimonde,574,warrior,arms,18,6,12
49376,Zogyall,ysondre,574,warrior,arms,18,6,12
49377,Maxeyn,kazzak,574,warrior,arms,27,7,20
49378,Sztixi,silvermoon,574,warrior,arms,24,6,18
49379,Prôtectore,hyjal,573,warrior,arms,12,6,6
49380,Kaerz,ysondre,573,warrior,arms,12,6,6
49381,Бачус,eversong,573,warrior,arms,18,6,12
49382,Årxex,stormscale,572,warrior,arms,12,6,6
49383,Acestrike,defias-brotherhood,572,warrior,arms,12,6,6
49384,Oombac,lordaeron,572,warrior,arms,12,6,6
49385,Raduriel,antonidas,571,warrior,arms,12,6,6
49386,Tobigforu,draenor,571,warrior,arms,16,7,9
49387,Thoròk,antonidas,571,warrior,arms,18,6,12
49388,Бланкк,deathweaver,570,warrior,arms,12,6,6
49389,Dazed,kazzak,570,warrior,arms,12,6,6
49390,Dj,ragnaros,568,warrior,arms,12,6,6
49391,Wulfgâr,dun-modr,566,warrior,arms,12,6,6
49392,Gauklerbaron,blackmoore,566,warrior,arms,29,6,23
49393,Wïnqlùlz,archimonde,564,warrior,arms,36,6,30
49394,Rãgè,tarren-mill,559,warrior,arms,17,6,11
49395,Wahney,thrall,543,warrior,arms,8,7,1
49396,Omaahton,magtheridon,543,warrior,arms,11,6,5
49397,Fion,kult-der-verdammten,543,warrior,arms,14,7,7
49398,Krevó,ragnaros,543,warrior,arms,17,6,11
49399,Energo,drakthul,542,warrior,arms,12,6,6
49400,Koruds,outland,528,warrior,arms,9,6,3
49401,Kåñéthy,outland,528,warrior,arms,15,7,8
49402,Sorosterv,twisting-nether,527,warrior,arms,11,6,5
49403,Imabeatyoass,kazzak,527,warrior,arms,11,6,5
49404,Манндалорец,gordunni,527,warrior,arms,15,6,9
49405,Titanhaut,frostwolf,525,warrior,arms,11,6,5
49406,Smaugman,nemesis,523,warrior,arms,23,6,17
49407,Богадорога,howling-fjord,522,warrior,arms,17,8,9
49408,Nuckii,antonidas,521,warrior,arms,21,7,14
49409,Monifes,kazzak,520,warrior,arms,18,8,10
49410,Párta,ravencrest,512,warrior,arms,16,6,10
49411,Креспекс,gordunni,512,warrior,arms,16,6,10
49412,Dzamtule,ravencrest,511,warrior,arms,8,6,2
49413,Hasira,xavius,511,warrior,arms,10,6,4
49414,Мембершримп,howling-fjord,511,warrior,arms,20,6,14
49415,Myryna,exodar,510,warrior,arms,20,6,14
49416,Блэйзерх,gordunni,496,warrior,arms,19,6,13
49417,Jesperharle,ravencrest,480,warrior,arms,6,5,1
49418,Tørøg,eredar,480,warrior,arms,6,5,1
49419,Chargelife,sylvanas,480,warrior,arms,6,5,1
49420,Drragosh,tarren-mill,480,warrior,arms,6,5,1
49421,Reezax,blackrock,480,warrior,arms,6,5,1
49422,Asasius,ravencrest,480,warrior,arms,6,5,1
49423,Grímgor,aegwynn,480,warrior,arms,6,5,1
49424,Serbia,blackrock,480,warrior,arms,6,5,1
49425,Rockygifll,sinstralis,480,warrior,arms,6,5,1
49426,Quateh,silvermoon,480,warrior,arms,6,5,1
49427,Kelmyst,ragnaros,480,warrior,arms,6,5,1
49428,Lurion,malganis,480,warrior,arms,6,5,1
49429,Гневныйвиги,howling-fjord,480,warrior,arms,6,5,1
49430,Exether,auchindoun,480,warrior,arms,6,5,1
49431,Sezomih,outland,480,warrior,arms,6,5,1
49432,Remylacroix,blackrock,480,warrior,arms,6,5,1
49433,Nyokosuzi,grim-batol,480,warrior,arms,6,5,1
49434,Фокатопх,blackscar,480,warrior,arms,6,5,1
49435,Chabonara,blackmoore,480,warrior,arms,6,5,1
49436,Mumbojumbo,uldum,480,warrior,arms,6,5,1
49437,Himarsenko,silvermoon,480,warrior,arms,6,5,1
49438,Mecaguarro,dun-modr,480,warrior,arms,6,5,1
49439,Хэрест,gordunni,480,warrior,arms,6,5,1
49440,Cuzyxtwo,blackrock,480,warrior,arms,6,5,1
49441,Firience,silvermoon,480,warrior,arms,6,5,1
49442,Murp,lightnings-blade,480,warrior,arms,6,5,1
49443,Hópbóp,magtheridon,480,warrior,arms,6,5,1
49444,Dødsdonny,draenor,480,warrior,arms,6,5,1
49445,Bashuk,grim-batol,480,warrior,arms,6,5,1
49446,Hubq,burning-legion,480,warrior,arms,6,5,1
49447,Ocecute,tarren-mill,480,warrior,arms,6,5,1
49448,Манхув,gordunni,480,warrior,arms,6,5,1
49449,Revoidnvm,blackmoore,480,warrior,arms,6,5,1
49450,Дядядмг,blackscar,480,warrior,arms,6,5,1
49451,Tørrminator,stormscale,480,warrior,arms,6,5,1
49452,Tekmali,archimonde,480,warrior,arms,6,5,1
49453,Slg,tarren-mill,480,warrior,arms,6,5,1
49454,Karmaloop,stormscale,480,warrior,arms,6,5,1
49455,Bävling,kazzak,480,warrior,arms,7,5,2
49456,Tishues,kazzak,480,warrior,arms,8,5,3
49457,Сетт,howling-fjord,480,warrior,arms,12,5,7
49458,Oplix,antonidas,480,warrior,arms,12,5,7
49459,Zeneve,auchindoun,480,warrior,arms,12,5,7
49460,Bønecleaver,blackrock,480,warrior,arms,12,5,7
49461,Keäghan,kazzak,480,warrior,arms,12,5,7
49462,Najjs,eredar,480,warrior,arms,12,5,7
49463,Caltan,wildhammer,480,warrior,arms,12,5,7
49464,Coko,kirin-tor,480,warrior,arms,12,5,7
49465,Thravaeg,draenor,480,warrior,arms,12,5,7
49466,Horizonx,blackrock,480,warrior,arms,12,5,7
49467,Sergra,ysondre,480,warrior,arms,12,5,7
49468,Thirtynine,daggerspine,480,warrior,arms,12,5,7
49469,Wardoz,archimonde,480,warrior,arms,12,5,7
49470,Matiasek,burning-legion,480,warrior,arms,12,5,7
49471,Asintended,draenor,480,warrior,arms,12,5,7
49472,Teramuhl,eredar,480,warrior,arms,12,5,7
49473,Seifchamqt,ragnaros,480,warrior,arms,12,5,7
49474,Kalregg,outland,480,warrior,arms,12,5,7
49475,Zirriox,wildhammer,480,warrior,arms,12,5,7
49476,Steelstormz,ravencrest,480,warrior,arms,12,5,7
49477,Mugteef,der-rat-von-dalaran,480,warrior,arms,12,5,7
49478,Lüund,ravencrest,480,warrior,arms,12,5,7
49479,Ràgê,silvermoon,480,warrior,arms,12,5,7
49480,Síúkanto,blackrock,480,warrior,arms,12,5,7
49481,Balenciarmor,silvermoon,480,warrior,arms,12,5,7
49482,Klonyarikjr,ravencrest,480,warrior,arms,12,5,7
49483,Тевивар,gordunni,480,warrior,arms,12,5,7
49484,Nazgrosh,burning-legion,480,warrior,arms,12,5,7
49485,Steelian,kazzak,480,warrior,arms,12,5,7
49486,Warclodo,la-croisade-écarlate,480,warrior,arms,12,5,7
49487,Whiteowlx,argent-dawn,480,warrior,arms,12,5,7
49488,Warricious,outland,480,warrior,arms,12,5,7
49489,Deathbleeder,argent-dawn,480,warrior,arms,12,5,7
49490,Leelazero,argent-dawn,480,warrior,arms,12,5,7
49491,Рэйердан,howling-fjord,480,warrior,arms,12,5,7
49492,Plzdontkite,blackrock,480,warrior,arms,12,5,7
49493,Khara,frostwolf,480,warrior,arms,12,5,7
49494,Enface,ragnaros,480,warrior,arms,12,5,7
49495,Ernexpóc,silvermoon,480,warrior,arms,12,5,7
49496,Whysobold,quelthalas,480,warrior,arms,12,5,7
49497,Xintha,frostwolf,480,warrior,arms,12,5,7
49498,Zonïa,ysondre,480,warrior,arms,12,5,7
49499,Câttiva,blackmoore,480,warrior,arms,12,5,7
49500,Nomore,sylvanas,480,warrior,arms,12,5,7
49501,Strengjahz,ragnaros,480,warrior,arms,12,5,7
49502,Rajä,anubarak,480,warrior,arms,12,5,7
49503,Mërkürÿ,draenor,480,warrior,arms,12,5,7
49504,Легендор,howling-fjord,480,warrior,arms,12,5,7
49505,Stepmomgodx,kazzak,480,warrior,arms,12,5,7
49506,Zarrgash,blackhand,480,warrior,arms,12,5,7
49507,Huxies,draenor,480,warrior,arms,12,5,7
49508,Sonnethrash,tarren-mill,480,warrior,arms,12,5,7
49509,Taskov,tarren-mill,480,warrior,arms,12,5,7
49510,Garradoom,stormscale,480,warrior,arms,12,5,7
49511,Loliclapper,grim-batol,480,warrior,arms,12,5,7
49512,Schlierkamp,aegwynn,480,warrior,arms,12,5,7
49513,Zeryyo,blackrock,480,warrior,arms,12,5,7
49514,Matrixer,aegwynn,480,warrior,arms,12,5,7
49515,Бейлеор,gordunni,480,warrior,arms,12,5,7
49516,Adamastos,ragnaros,480,warrior,arms,12,5,7
49517,Arakhu,blackmoore,480,warrior,arms,12,5,7
49518,Maraximus,ragnaros,480,warrior,arms,12,5,7
49519,Тэратос,soulflayer,480,warrior,arms,12,5,7
49520,Zugzugsmash,thrall,480,warrior,arms,12,5,7
49521,Боадрог,soulflayer,480,warrior,arms,12,5,7
49522,Ragingclue,draenor,480,warrior,arms,12,5,7
49523,Buffury,twisting-nether,480,warrior,arms,12,5,7
49524,Ginjó,blackhand,480,warrior,arms,12,5,7
49525,Rhinobob,kazzak,480,warrior,arms,12,5,7
49526,Сашарбгх,soulflayer,480,warrior,arms,12,5,7
49527,Nadelicious,kazzak,480,warrior,arms,12,5,7
49528,Threnewar,kazzak,480,warrior,arms,12,5,7
49529,Hodenhugo,thrall,480,warrior,arms,12,5,7
49530,Humanoç,dun-modr,480,warrior,arms,12,5,7
49531,Анжинерх,gordunni,480,warrior,arms,12,5,7
49532,Victôr,silvermoon,480,warrior,arms,12,5,7
49533,Фуджитаку,gordunni,480,warrior,arms,12,5,7
49534,Шифик,soulflayer,480,warrior,arms,12,5,7
49535,Äzathoth,silvermoon,480,warrior,arms,12,5,7
49536,Oogaboogadps,silvermoon,480,warrior,arms,12,5,7
49537,Tpyñåöädxzd,the-maelstrom,480,warrior,arms,12,5,7
49538,Lïyah,eldrethalas,480,warrior,arms,12,5,7
49539,Vitezandro,stormscale,480,warrior,arms,12,5,7
49540,Epicc,alleria,480,warrior,arms,12,5,7
49541,ßzv,veklor,480,warrior,arms,12,5,7
49542,Brasta,malganis,480,warrior,arms,12,5,7
49543,Kalopsia,drakthul,480,warrior,arms,12,5,7
49544,Kramix,thrall,480,warrior,arms,12,5,7
49545,Møgwai,sanguino,480,warrior,arms,12,5,7
49546,Rohäc,drakthul,480,warrior,arms,12,5,7
49547,Lydianite,stormrage,480,warrior,arms,12,5,7
49548,Hitmanler,frostmane,480,warrior,arms,12,5,7
49549,Onkra,malganis,480,warrior,arms,12,5,7
49550,Vohnkar,emeriss,480,warrior,arms,12,5,7
49551,Кисямур,soulflayer,480,warrior,arms,12,5,7
49552,Budwise,stormscale,480,warrior,arms,12,5,7
49553,Purjon,twilights-hammer,480,warrior,arms,12,5,7
49554,Развалочка,howling-fjord,480,warrior,arms,16,6,10
49555,Vexxenn,outland,480,warrior,arms,16,6,10
49556,Heracles,jaedenar,480,warrior,arms,18,5,13
49557,Kundrakiz,kazzak,480,warrior,arms,18,5,13
49558,Lahzar,krasus,480,warrior,arms,18,5,13
49559,Savedsky,zuljin,480,warrior,arms,18,5,13
49560,Æxcoast,ravencrest,480,warrior,arms,18,5,13
49561,Solgud,bloodfeather,480,warrior,arms,18,5,13
49562,Carksn,blackmoore,480,warrior,arms,18,5,13
49563,Belzebud,kazzak,480,warrior,arms,18,5,13
49564,Sheñ,antonidas,480,warrior,arms,18,5,13
49565,Elsinner,ravencrest,480,warrior,arms,18,5,13
49566,Пробуюстерву,soulflayer,480,warrior,arms,18,5,13
49567,Roykór,auchindoun,480,warrior,arms,18,5,13
49568,Курящийпро,blackscar,480,warrior,arms,18,5,13
49569,Voidteen,argent-dawn,480,warrior,arms,18,5,13
49570,Jorund,archimonde,480,warrior,arms,24,5,19
49571,Ludiboro,kazzak,480,warrior,arms,24,5,19
49572,Gnolimits,antonidas,480,warrior,arms,24,5,19
49573,Vhy,antonidas,480,warrior,arms,25,5,20
49574,Ceteris,eredar,479,warrior,arms,6,5,1
49575,Xtu,kazzak,479,warrior,arms,6,5,1
49576,Saey,malorne,479,warrior,arms,6,5,1
49577,Kronnosh,tarren-mill,479,warrior,arms,6,5,1
49578,Relüx,ragnaros,479,warrior,arms,12,5,7
49579,Спарттанка,gordunni,479,warrior,arms,12,5,7
49580,Joesalamanca,ragnaros,479,warrior,arms,12,5,7
49581,Dardi,blackrock,479,warrior,arms,12,5,7
49582,Solle,blackrock,479,warrior,arms,12,5,7
49583,Tötø,archimonde,479,warrior,arms,12,5,7
49584,Maxilanthis,eonar,479,warrior,arms,12,5,7
49585,Dúg,tarren-mill,479,warrior,arms,12,5,7
49586,Voodoowarr,rexxar,479,warrior,arms,12,5,7
49587,Caloomsa,hellfire,479,warrior,arms,12,5,7
49588,Swtparanoid,sylvanas,479,warrior,arms,12,5,7
49589,Svinks,sylvanas,479,warrior,arms,12,5,7
49590,Meresin,madmortem,479,warrior,arms,12,5,7
49591,Dragonforce,blackmoore,479,warrior,arms,12,5,7
49592,Grèèn,turalyon,479,warrior,arms,12,5,7
49593,Fréyaá,blackrock,479,warrior,arms,12,5,7
49594,Shpitzu,stormscale,479,warrior,arms,12,5,7
49595,Lezúziuszh,ragnaros,479,warrior,arms,17,7,10
49596,Ravedeath,tarren-mill,479,warrior,arms,18,5,13
49597,Vrokoda,quelthalas,479,warrior,arms,18,5,13
49598,Auggies,outland,479,warrior,arms,18,5,13
49599,Nightmareb,magtheridon,478,warrior,arms,12,5,7
49600,Ghorinchai,khazgoroth,478,warrior,arms,12,5,7
49601,Vlajko,kazzak,478,warrior,arms,12,5,7
49602,Farxy,dun-modr,478,warrior,arms,12,5,7
49603,Нириэла,howling-fjord,478,warrior,arms,18,5,13
49604,Swordluw,argent-dawn,478,warrior,arms,18,5,13
49605,Sahaminho,draenor,478,warrior,arms,18,5,13
49606,Nierninwa,silvermoon,477,warrior,arms,12,5,7
49607,Лидоний,gordunni,477,warrior,arms,12,5,7
49608,Achsin,eredar,477,warrior,arms,15,6,9
49609,Olagkhan,minahonda,476,warrior,arms,10,6,4
49610,Àke,darksorrow,476,warrior,arms,18,5,13
49611,Sheriff,dragonblight,475,warrior,arms,12,5,7
49612,Roninwar,the-maelstrom,475,warrior,arms,12,5,7
49613,Patriotdk,runetotem,472,warrior,arms,18,5,13
49614,Execútioner,sylvanas,463,warrior,arms,11,5,6
49615,Pillu,stormscale,448,warrior,arms,10,5,5
49616,Duarel,blackmoore,448,warrior,arms,10,5,5
49617,Midgardsormr,blackrock,447,warrior,arms,11,5,6
49618,Kviqr,auchindoun,447,warrior,arms,11,5,6
49619,Takethisduck,stormscale,447,warrior,arms,11,5,6
49620,Чпонькмашина,soulflayer,447,warrior,arms,17,5,12
49621,Kitano,garona,447,warrior,arms,23,5,18
49622,Orkyu,stormrage,444,warrior,arms,11,5,6
49623,Madswarrior,tarren-mill,431,warrior,arms,11,5,6
49624,Warriar,sylvanas,426,warrior,arms,17,7,10
49625,Bismárck,nathrezim,426,warrior,arms,15,6,9
49626,Knî,archimonde,426,warrior,arms,15,6,9
49627,Goreksson,aegwynn,426,warrior,arms,15,6,9
49628,Leizey,stormscale,426,warrior,arms,15,6,9
49629,Rathis,arathor,426,warrior,arms,24,6,18
49630,Bujax,onyxia,416,warrior,arms,10,5,5
49631,Prime,outland,416,warrior,arms,16,5,11
49632,Ragnarr,ravencrest,416,warrior,arms,16,5,11
49633,Вилькария,eversong,416,warrior,arms,16,5,11
49634,Kìrìtosan,pozzo-delleternità,415,warrior,arms,8,5,3
49635,Rhxy,burning-legion,415,warrior,arms,10,5,5
49636,Kylian,aegwynn,415,warrior,arms,11,5,6
49637,Brùtus,exodar,415,warrior,arms,11,5,6
49638,Suduri,drakthul,415,warrior,arms,14,5,9
49639,Биграма,howling-fjord,415,warrior,arms,14,5,9
49640,Màndø,archimonde,415,warrior,arms,15,5,10
49641,Danx,culte-de-la-rive-noire,413,warrior,arms,16,5,11
49642,Varkoz,sylvanas,400,warrior,arms,7,5,2
49643,Жекабустер,borean-tundra,399,warrior,arms,7,5,2
49644,Garad,frostmane,384,warrior,arms,6,4,2
49645,Shreedshot,blackmoore,384,warrior,arms,6,4,2
49646,Бургерс,soulflayer,384,warrior,arms,6,4,2
49647,Cmonbrah,ravencrest,384,warrior,arms,6,4,2
49648,Anubisra,alakir,384,warrior,arms,6,4,2
49649,Metawar,blackhand,384,warrior,arms,6,4,2
49650,Thuder,sylvanas,384,warrior,arms,6,4,2
49651,Rëvenge,burning-legion,384,warrior,arms,6,4,2
49652,Имяужезанято,gordunni,384,warrior,arms,6,4,2
49653,Swig,twisting-nether,384,warrior,arms,6,4,2
49654,Sucemabanner,hyjal,384,warrior,arms,6,4,2
49655,Slante,darksorrow,384,warrior,arms,6,4,2
49656,Тандеракс,soulflayer,384,warrior,arms,6,4,2
49657,Rimvar,alleria,384,warrior,arms,6,4,2
49658,Måydåy,twisting-nether,384,warrior,arms,6,4,2
49659,Agres,zuluhed,384,warrior,arms,6,4,2
49660,Mokrakh,blackmoore,384,warrior,arms,6,4,2
49661,Ветросвист,gordunni,384,warrior,arms,6,4,2
49662,Zéox,baelgun,384,warrior,arms,6,4,2
49663,Unchåined,burning-legion,384,warrior,arms,6,4,2
49664,Kevlarsusan,the-maelstrom,384,warrior,arms,6,4,2
49665,Haîltøkîng,alakir,384,warrior,arms,6,4,2
49666,Ishíì,twisting-nether,384,warrior,arms,6,4,2
49667,Фиббоначи,deathguard,384,warrior,arms,6,4,2
49668,Olfik,drakthul,384,warrior,arms,6,4,2
49669,Kirzan,silvermoon,384,warrior,arms,6,4,2
49670,Ceen,alakir,384,warrior,arms,6,4,2
49671,Reckxpeep,twisting-nether,384,warrior,arms,6,4,2
49672,Lakri,chants-éternels,384,warrior,arms,6,4,2
49673,Zeó,silvermoon,384,warrior,arms,6,4,2
49674,Spiokra,hellscream,384,warrior,arms,6,4,2
49675,Abrogatio,emeriss,384,warrior,arms,6,4,2
49676,Goretterog,ysondre,384,warrior,arms,6,4,2
49677,Rastaj,defias-brotherhood,384,warrior,arms,6,4,2
49678,Voi,jaedenar,384,warrior,arms,6,4,2
49679,Xladérz,ravencrest,384,warrior,arms,6,4,2
49680,Aliyáhh,blackrock,384,warrior,arms,6,4,2
49681,Susugar,ysondre,384,warrior,arms,6,4,2
49682,Màrv,ravencrest,384,warrior,arms,6,4,2
49683,Tirex,stormscale,384,warrior,arms,6,4,2
49684,Flawla,blackmoore,384,warrior,arms,6,4,2
49685,Dautis,dun-modr,384,warrior,arms,6,4,2
49686,Wïn,silvermoon,384,warrior,arms,6,4,2
49687,Pezuñaloca,shendralar,384,warrior,arms,6,4,2
49688,Jäime,dun-modr,384,warrior,arms,6,4,2
49689,Highbuffalo,kazzak,384,warrior,arms,6,4,2
49690,Xtazen,draenor,384,warrior,arms,6,4,2
49691,Yseras,aegwynn,384,warrior,arms,6,4,2
49692,Kisoshi,tarren-mill,384,warrior,arms,6,4,2
49693,Боссберс,howling-fjord,384,warrior,arms,6,4,2
49694,Гигасмэш,gordunni,384,warrior,arms,6,4,2
49695,Fîlzlaus,area-52,384,warrior,arms,6,4,2
49696,Proffsét,ravencrest,384,warrior,arms,6,4,2
49697,Dallion,azjolnerub,384,warrior,arms,6,4,2
49698,Abunai,thrall,384,warrior,arms,6,4,2
49699,Thorbjør,silvermoon,384,warrior,arms,6,4,2
49700,Dräparren,ragnaros,384,warrior,arms,6,4,2
49701,Elsiâs,aegwynn,384,warrior,arms,6,4,2
49702,Zonash,kazzak,384,warrior,arms,6,4,2
49703,Alaerion,magtheridon,384,warrior,arms,6,4,2
49704,Sankuto,kazzak,384,warrior,arms,6,4,2
49705,Beznacaj,outland,384,warrior,arms,6,4,2
49706,Braveorc,kazzak,384,warrior,arms,6,4,2
49707,Pappyza,hyjal,384,warrior,arms,6,4,2
49708,Кринжеверт,howling-fjord,384,warrior,arms,6,4,2
49709,Youstupide,drekthar,384,warrior,arms,6,4,2
49710,Mayback,pozzo-delleternità,384,warrior,arms,6,4,2
49711,Forsi,draenor,384,warrior,arms,6,4,2
49712,Chmg,kirin-tor,384,warrior,arms,6,4,2
49713,Sunney,tarren-mill,384,warrior,arms,6,4,2
49714,Ddfxz,draenor,384,warrior,arms,6,4,2
49715,Swaàg,archimonde,384,warrior,arms,6,4,2
49716,Eseishard,hyjal,384,warrior,arms,6,4,2
49717,Détaire,archimonde,384,warrior,arms,6,4,2
49718,Qvicfrito,ravencrest,384,warrior,arms,6,4,2
49719,Bigbosscho,draenor,384,warrior,arms,6,4,2
49720,Bìgre,la-croisade-écarlate,384,warrior,arms,6,4,2
49721,Tejkopejko,kazzak,384,warrior,arms,6,4,2
49722,Лагалиер,borean-tundra,384,warrior,arms,6,4,2
49723,Baluste,culte-de-la-rive-noire,384,warrior,arms,6,4,2
49724,Delvirx,draenor,384,warrior,arms,6,4,2
49725,Vandarms,archimonde,384,warrior,arms,6,4,2
49726,Ansàvage,kazzak,384,warrior,arms,6,4,2
49727,Ricovega,kazzak,384,warrior,arms,6,4,2
49728,Fknslow,ravencrest,384,warrior,arms,6,4,2
49729,Warzër,archimonde,384,warrior,arms,6,4,2
49730,Tweener,azjolnerub,384,warrior,arms,8,4,4
49731,Merkakis,argent-dawn,384,warrior,arms,15,5,10
49732,Mórghúlís,aegwynn,384,warrior,arms,12,4,8
49733,Альмас,galakrond,384,warrior,arms,12,4,8
49734,Luciferkhan,twisting-nether,384,warrior,arms,12,4,8
49735,Deckluhm,sinstralis,384,warrior,arms,12,4,8
49736,Grunkor,eldrethalas,384,warrior,arms,12,4,8
49737,Brokenrage,twisting-nether,384,warrior,arms,12,4,8
49738,Gigac,ragnaros,384,warrior,arms,12,4,8
49739,Ouryuu,hyjal,384,warrior,arms,12,4,8
49740,Zeover,ragnaros,384,warrior,arms,12,4,8
49741,Heclatos,hyjal,384,warrior,arms,12,4,8
49742,Xavari,twisting-nether,384,warrior,arms,12,4,8
49743,Blackzor,ragnaros,384,warrior,arms,12,4,8
49744,Wilko,twisting-nether,384,warrior,arms,12,4,8
49745,Фаталлес,galakrond,384,warrior,arms,12,4,8
49746,Gór,area-52,384,warrior,arms,12,4,8
49747,Syel,sinstralis,384,warrior,arms,12,4,8
49748,Sebotagelol,twisting-nether,384,warrior,arms,12,4,8
49749,Eýoe,ragnaros,384,warrior,arms,12,4,8
49750,Potatoslam,twisting-nether,384,warrior,arms,12,4,8
49751,Invictàs,hyjal,384,warrior,arms,12,4,8
49752,Nameless,malganis,384,warrior,arms,12,4,8
49753,Totenkrieger,draenor,384,warrior,arms,12,4,8
49754,Rfgpwhfgjawr,ravencrest,384,warrior,arms,12,4,8
49755,Ceojohnny,ravencrest,384,warrior,arms,12,4,8
49756,Stanislav,tarren-mill,384,warrior,arms,12,4,8
49757,Hulkkis,outland,384,warrior,arms,12,4,8
49758,Gkhan,draenor,384,warrior,arms,12,4,8
49759,Sovax,ravencrest,384,warrior,arms,12,4,8
49760,Ellissari,tirion,384,warrior,arms,12,4,8
49761,Auguston,argent-dawn,384,warrior,arms,12,4,8
49762,Pillorrior,ambossar,384,warrior,arms,12,4,8
49763,Øzak,outland,384,warrior,arms,12,4,8
49764,Azdrubal,outland,384,warrior,arms,12,4,8
49765,Вамвоосна,gordunni,384,warrior,arms,12,4,8
49766,Oesche,frostmourne,384,warrior,arms,12,4,8
49767,Ceb,drakthul,384,warrior,arms,12,4,8
49768,Farewe,lightbringer,384,warrior,arms,12,4,8
49769,Woghard,drakthul,384,warrior,arms,12,4,8
49770,Brisky,tarren-mill,384,warrior,arms,12,4,8
49771,Frankius,ravencrest,384,warrior,arms,12,4,8
49772,Executorä,stormscale,384,warrior,arms,12,4,8
49773,Skyrrskyr,blackrock,384,warrior,arms,12,4,8
49774,Mârcxb,antonidas,384,warrior,arms,12,4,8
49775,Chadgarrosh,tarren-mill,384,warrior,arms,12,4,8
49776,Sorô,antonidas,384,warrior,arms,12,4,8
49777,Dataproffs,outland,384,warrior,arms,12,4,8
49778,Веоленс,gordunni,384,warrior,arms,12,4,8
49779,Rïven,los-errantes,384,warrior,arms,12,4,8
49780,Hiraclès,archimonde,384,warrior,arms,12,4,8
49781,Rastov,argent-dawn,384,warrior,arms,12,4,8
49782,Gromock,the-maelstrom,384,warrior,arms,12,4,8
49783,Guarn,archimonde,384,warrior,arms,12,4,8
49784,Сэмвариор,gordunni,384,warrior,arms,12,4,8
49785,Raynorwarr,tarren-mill,384,warrior,arms,12,4,8
49786,Osteskanken,ravencrest,384,warrior,arms,12,4,8
49787,Stuffed,blackrock,384,warrior,arms,12,4,8
49788,Arxnamus,silvermoon,384,warrior,arms,12,4,8
49789,Sveñor,the-maelstrom,384,warrior,arms,12,4,8
49790,Stragga,eredar,384,warrior,arms,12,4,8
49791,Фаллопиев,borean-tundra,384,warrior,arms,12,4,8
49792,Grokalus,eredar,384,warrior,arms,12,4,8
49793,Gregórry,eredar,384,warrior,arms,12,4,8
49794,Gorok,culte-de-la-rive-noire,384,warrior,arms,12,4,8
49795,Adorlyna,silvermoon,384,warrior,arms,12,4,8
49796,Rindermett,eredar,384,warrior,arms,12,4,8
49797,Haldrium,malganis,384,warrior,arms,12,4,8
49798,Schjøtt,ravencrest,384,warrior,arms,12,4,8
49799,Lazaza,tarren-mill,384,warrior,arms,12,4,8
49800,Khvor,blackmoore,384,warrior,arms,12,4,8
49801,Xállek,veknilash,384,warrior,arms,12,4,8
49802,Willadimore,ravencrest,384,warrior,arms,12,4,8
49803,Jesuisgaydsl,archimonde,384,warrior,arms,12,4,8
49804,Rngcarrier,sylvanas,384,warrior,arms,12,4,8
49805,Nerfslam,stormscale,384,warrior,arms,12,4,8
49806,Zyou,stormscale,384,warrior,arms,12,4,8
49807,Wildblow,ravencrest,384,warrior,arms,12,4,8
49808,Cryos,destromath,384,warrior,arms,12,4,8
49809,Модныйклык,eversong,384,warrior,arms,12,4,8
49810,Eldaroar,draenor,384,warrior,arms,12,4,8
49811,Linberg,ysondre,384,warrior,arms,12,4,8
49812,Jeyay,defias-brotherhood,384,warrior,arms,12,4,8
49813,Fattysw,argent-dawn,384,warrior,arms,12,4,8
49814,Kgx,argent-dawn,384,warrior,arms,12,4,8
49815,Oglisten,archimonde,384,warrior,arms,12,4,8
49816,Brrochacho,defias-brotherhood,384,warrior,arms,12,4,8
49817,Craftorar,defias-brotherhood,384,warrior,arms,12,4,8
49818,Dwarfdruine,dun-modr,384,warrior,arms,12,4,8
49819,Starkz,hellscream,384,warrior,arms,12,4,8
49820,Sonyd,tarren-mill,384,warrior,arms,12,4,8
49821,Chrid,silvermoon,384,warrior,arms,12,4,8
49822,Whyduck,silvermoon,384,warrior,arms,12,4,8
49823,Péter,arathor,384,warrior,arms,12,4,8
49824,Ryuma,lordaeron,384,warrior,arms,12,4,8
49825,Yakhshar,silvermoon,384,warrior,arms,12,4,8
49826,Ærion,die-aldor,384,warrior,arms,12,4,8
49827,Iiam,kilrogg,384,warrior,arms,12,4,8
49828,Minetaur,burning-legion,384,warrior,arms,12,4,8
49829,Дахирарг,fordragon,384,warrior,arms,12,4,8
49830,Анусбрейкер,soulflayer,384,warrior,arms,12,4,8
49831,Ambraxon,blackmoore,384,warrior,arms,12,4,8
49832,Flugan,vashj,384,warrior,arms,12,4,8
49833,Ðræberen,kazzak,384,warrior,arms,12,4,8
49834,Karadayii,blackmoore,384,warrior,arms,12,4,8
49835,Арристокррат,soulflayer,384,warrior,arms,12,4,8
49836,Marablind,drakthul,384,warrior,arms,12,4,8
49837,Илди,soulflayer,384,warrior,arms,12,4,8
49838,Hubusan,blackmoore,384,warrior,arms,12,4,8
49839,Borion,blackmoore,384,warrior,arms,12,4,8
49840,Phalek,ravencrest,384,warrior,arms,14,4,10
49841,Omcat,dun-modr,384,warrior,arms,27,6,21
49842,Bisuko,archimonde,384,warrior,arms,18,4,14
49843,Pantsupic,archimonde,384,warrior,arms,18,4,14
49844,Wifioffline,silvermoon,384,warrior,arms,18,4,14
49845,Rukkeg,silvermoon,384,warrior,arms,18,4,14
49846,Xxenaa,drakthul,384,warrior,arms,18,4,14
49847,Маллал,soulflayer,384,warrior,arms,18,4,14
49848,Erololi,sanguino,384,warrior,arms,18,4,14
49849,Vanaxd,blackrock,384,warrior,arms,20,4,16
49850,Gallows,blackmoore,384,warrior,arms,24,4,20
49851,Angrytmyself,silvermoon,383,warrior,arms,6,4,2
49852,Thylegorn,argent-dawn,383,warrior,arms,6,4,2
49853,Димаджер,razuvious,383,warrior,arms,6,4,2
49854,Ironstep,silvermoon,383,warrior,arms,6,4,2
49855,Красаучик,razuvious,383,warrior,arms,6,4,2
49856,Adelphi,blackrock,383,warrior,arms,6,4,2
49857,Халиоссф,gordunni,383,warrior,arms,9,5,4
49858,Варинуб,soulflayer,383,warrior,arms,12,6,6
49859,Иалаи,howling-fjord,383,warrior,arms,8,4,4
49860,Nélow,khaz-modan,383,warrior,arms,12,4,8
49861,Familyguy,sylvanas,383,warrior,arms,12,4,8
49862,Bassenheim,deathwing,383,warrior,arms,12,4,8
49863,Ileei,kazzak,383,warrior,arms,12,4,8
49864,Vcorvin,dun-modr,383,warrior,arms,12,4,8
49865,Dundee,sanguino,383,warrior,arms,12,4,8
49866,Варзибейра,blackscar,383,warrior,arms,12,4,8
49867,Alhexander,dun-modr,383,warrior,arms,12,4,8
49868,Scill,silvermoon,383,warrior,arms,12,4,8
49869,Nêithan,dun-modr,383,warrior,arms,18,4,14
49870,Xonnico,ravencrest,383,warrior,arms,18,4,14
49871,Dracos,mannoroth,383,warrior,arms,18,4,14
49872,Maxai,outland,382,warrior,arms,6,4,2
49873,Aethwa,stormscale,382,warrior,arms,6,4,2
49874,Fatbud,tarren-mill,382,warrior,arms,6,4,2
49875,Brindzema,doomhammer,382,warrior,arms,6,4,2
49876,Nuxx,tarren-mill,382,warrior,arms,12,4,8
49877,Rimz,blackmoore,382,warrior,arms,12,4,8
49878,Эсканорд,gordunni,382,warrior,arms,18,4,14
49879,Epmeowpewpew,turalyon,382,warrior,arms,18,4,14
49880,Аскольд,deathguard,379,warrior,arms,12,4,8
49881,Отсекатель,howling-fjord,367,warrior,arms,17,4,13
49882,Oxascand,kazzak,367,warrior,arms,17,4,13
49883,Свинореззка,howling-fjord,352,warrior,arms,10,4,6
49884,Mynoona,stormscale,351,warrior,arms,11,4,7
49885,Upholder,xavius,351,warrior,arms,11,4,7
49886,Shînta,hyjal,351,warrior,arms,11,4,7
49887,Hofmanntv,alakir,336,warrior,arms,15,4,11
49888,Dyingdog,kazzak,320,warrior,arms,10,4,6
49889,Scarlettjo,outland,320,warrior,arms,10,4,6
49890,Babb,kazzak,319,warrior,arms,5,4,1
49891,Тоштайн,gordunni,319,warrior,arms,5,4,1
49892,Elendurel,outland,319,warrior,arms,5,4,1
49893,Kegslayer,darksorrow,319,warrior,arms,8,4,4
49894,Savaski,thrall,304,warrior,arms,7,4,3
49895,Warrez,azuremyst,304,warrior,arms,7,4,3
49896,Flürix,outland,288,warrior,arms,6,3,3
49897,Vãnquish,archimonde,288,warrior,arms,6,3,3
49898,Indiannaa,draenor,288,warrior,arms,6,3,3
49899,Risara,outland,288,warrior,arms,6,3,3
49900,Rézinplin,archimonde,288,warrior,arms,6,3,3
49901,Rådne,argent-dawn,288,warrior,arms,6,3,3
49902,Neaka,archimonde,288,warrior,arms,6,3,3
49903,Dðni,archimonde,288,warrior,arms,6,3,3
49904,Bundo,outland,288,warrior,arms,6,3,3
49905,Cerßêre,archimonde,288,warrior,arms,6,3,3
49906,Srbooty,kazzak,288,warrior,arms,6,3,3
49907,Afes,kazzak,288,warrior,arms,6,3,3
49908,Warriur,outland,288,warrior,arms,6,3,3
49909,Mønzie,outland,288,warrior,arms,6,3,3
49910,Critwar,draenor,288,warrior,arms,6,3,3
49911,Bigbanz,outland,288,warrior,arms,6,3,3
49912,Boig,ragnaros,288,warrior,arms,6,3,3
49913,Spearmisser,argent-dawn,288,warrior,arms,6,3,3
49914,Klistertejp,argent-dawn,288,warrior,arms,6,3,3
49915,Xsasuke,ragnaros,288,warrior,arms,6,3,3
49916,Даммодар,howling-fjord,288,warrior,arms,6,3,3
49917,Baxyra,aegwynn,288,warrior,arms,6,3,3
49918,Greatsword,turalyon,288,warrior,arms,6,3,3
49919,Неомх,howling-fjord,288,warrior,arms,6,3,3
49920,Instamerk,doomhammer,288,warrior,arms,6,3,3
49921,Farnorn,kazzak,288,warrior,arms,6,3,3
49922,Titanioa,draenor,288,warrior,arms,6,3,3
49923,Glevran,turalyon,288,warrior,arms,6,3,3
49924,Evís,ragnaros,288,warrior,arms,6,3,3
49925,Contdem,kazzak,288,warrior,arms,6,3,3
49926,Дзертуф,fordragon,288,warrior,arms,6,3,3
49927,Slayermaxx,kazzak,288,warrior,arms,6,3,3
49928,Lìcious,outland,288,warrior,arms,6,3,3
49929,Alaë,archimonde,288,warrior,arms,6,3,3
49930,Mauricet,elune,288,warrior,arms,6,3,3
49931,Pwncallxx,kazzak,288,warrior,arms,6,3,3
49932,Robitusin,ragnaros,288,warrior,arms,6,3,3
49933,Goochi,turalyon,288,warrior,arms,6,3,3
49934,Суферна,howling-fjord,288,warrior,arms,6,3,3
49935,Mightyrage,draenor,288,warrior,arms,6,3,3
49936,Frenzyqt,zuljin,288,warrior,arms,6,3,3
49937,Rîiper,ysondre,288,warrior,arms,6,3,3
49938,Jayus,stormrage,288,warrior,arms,6,3,3
49939,Venturez,stormscale,288,warrior,arms,6,3,3
49940,Kheiden,silvermoon,288,warrior,arms,6,3,3
49941,Alvis,nathrezim,288,warrior,arms,6,3,3
49942,Aedin,ravencrest,288,warrior,arms,6,3,3
49943,Mightyzuv,the-maelstrom,288,warrior,arms,6,3,3
49944,Toleck,aegwynn,288,warrior,arms,6,3,3
49945,Virginity,sylvanas,288,warrior,arms,6,3,3
49946,Waron,dalaran,288,warrior,arms,6,3,3
49947,Moorgoth,ysondre,288,warrior,arms,6,3,3
49948,Изикол,blackscar,288,warrior,arms,6,3,3
49949,Zalameh,sylvanas,288,warrior,arms,6,3,3
49950,Iamouz,ravencrest,288,warrior,arms,6,3,3
49951,Кроуфури,gordunni,288,warrior,arms,6,3,3
49952,Møtomoto,defias-brotherhood,288,warrior,arms,6,3,3
49953,Imherhusband,ravencrest,288,warrior,arms,6,3,3
49954,Ragewin,kelthuzad,288,warrior,arms,6,3,3
49955,Ланат,ashenvale,288,warrior,arms,6,3,3
49956,Дуухаст,gordunni,288,warrior,arms,6,3,3
49957,Grók,outland,288,warrior,arms,6,3,3
49958,Pector,grim-batol,288,warrior,arms,6,3,3
49959,Träglik,thrall,288,warrior,arms,6,3,3
49960,Mauser,thrall,288,warrior,arms,6,3,3
49961,Eradya,ravencrest,288,warrior,arms,6,3,3
49962,Bolss,silvermoon,288,warrior,arms,6,3,3
49963,Розети,gordunni,288,warrior,arms,6,3,3
49964,Issus,aggra-português,288,warrior,arms,6,3,3
49965,Hanibalbarca,tarren-mill,288,warrior,arms,6,3,3
49966,Smásher,thrall,288,warrior,arms,6,3,3
49967,Warriotrix,tarren-mill,288,warrior,arms,6,3,3
49968,Krisusama,ravencrest,288,warrior,arms,6,3,3
49969,Raïgã,hyjal,288,warrior,arms,6,3,3
49970,Mashamasha,twisting-nether,288,warrior,arms,6,3,3
49971,Airethon,proudmoore,288,warrior,arms,6,3,3
49972,Vajira,blackrock,288,warrior,arms,6,3,3
49973,Somalisktjur,tarren-mill,288,warrior,arms,6,3,3
49974,Экзекуторх,gordunni,288,warrior,arms,6,3,3
49975,Warwarsat,ysondre,288,warrior,arms,6,3,3
49976,Randix,antonidas,288,warrior,arms,6,3,3
49977,Jammy,dentarg,288,warrior,arms,6,3,3
49978,Tinydik,stormscale,288,warrior,arms,6,3,3
49979,Stompare,tarren-mill,288,warrior,arms,6,3,3
49980,Drekh,kazzak,288,warrior,arms,6,3,3
49981,Ликано,greymane,288,warrior,arms,6,3,3
49982,Rasvamaksa,stormscale,288,warrior,arms,6,3,3
49983,Bânkai,aegwynn,288,warrior,arms,6,3,3
49984,Razza,ravencrest,288,warrior,arms,6,3,3
49985,Ranndall,blackrock,288,warrior,arms,6,3,3
49986,Kàinen,nemesis,288,warrior,arms,6,3,3
49987,Zersei,los-errantes,288,warrior,arms,6,3,3
49988,Deniosan,blackhand,288,warrior,arms,6,3,3
49989,Инкула,gordunni,288,warrior,arms,6,3,3
49990,Бравурный,gordunni,288,warrior,arms,6,3,3
49991,Ashkandur,antonidas,288,warrior,arms,6,3,3
49992,Zleyni,blackrock,288,warrior,arms,6,3,3
49993,Xqty,ravencrest,288,warrior,arms,6,3,3
49994,Suizix,blackrock,288,warrior,arms,6,3,3
49995,Retter,ravencrest,288,warrior,arms,6,3,3
49996,Tyrasia,hyjal,288,warrior,arms,6,3,3
49997,Flava,drakthul,288,warrior,arms,6,3,3
49998,Hydracleave,ravencrest,288,warrior,arms,6,3,3
49999,Чтота,gordunni,288,warrior,arms,6,3,3
50000,Pouckette,hyjal,288,warrior,arms,6,3,3
50001,Xaidos,antonidas,288,warrior,arms,6,3,3
50002,Sóuler,blackhand,288,warrior,arms,6,3,3
50003,Fantawesome,ragnaros,288,warrior,arms,6,3,3
50004,Féélmyfury,tarren-mill,288,warrior,arms,6,3,3
50005,Кросвуд,gordunni,288,warrior,arms,6,3,3
50006,Грассфеникс,gordunni,288,warrior,arms,6,3,3
50007,Lödbrök,dalaran,288,warrior,arms,6,3,3
50008,Lepka,drakthul,288,warrior,arms,6,3,3
50009,Luckyfelix,blackmoore,288,warrior,arms,6,3,3
50010,Topur,defias-brotherhood,288,warrior,arms,6,3,3
50011,Kampfrausch,blackmoore,288,warrior,arms,6,3,3
50012,Xiphiatwo,ravencrest,288,warrior,arms,6,3,3
50013,Raistwar,magtheridon,288,warrior,arms,6,3,3
50014,Rianhh,tarren-mill,288,warrior,arms,6,3,3
50015,Xiom,blackrock,288,warrior,arms,6,3,3
50016,Mogguh,tarren-mill,288,warrior,arms,6,3,3
50017,Styxwr,blackhand,288,warrior,arms,6,3,3
50018,Стальнойорех,gordunni,288,warrior,arms,6,3,3
50019,Lacos,drakthul,288,warrior,arms,6,3,3
50020,Khorgash,ravencrest,288,warrior,arms,6,3,3
50021,Фогивэн,gordunni,288,warrior,arms,6,3,3
50022,Elainax,eredar,288,warrior,arms,6,3,3
50023,Alphyn,veknilash,288,warrior,arms,6,3,3
50024,Madbert,drakthul,288,warrior,arms,6,3,3
50025,Resttanis,arathor,288,warrior,arms,6,3,3
50026,Mobyl,twisting-nether,288,warrior,arms,6,3,3
50027,Tankdepalo,sanguino,288,warrior,arms,6,3,3
50028,Nofêar,anubarak,288,warrior,arms,6,3,3
50029,Sktnsilv,malfurion,288,warrior,arms,6,3,3
50030,Enkö,twisting-nether,288,warrior,arms,6,3,3
50031,Waescanor,ragnaros,288,warrior,arms,6,3,3
50032,Tojaraa,kazzak,288,warrior,arms,6,3,3
50033,Jimli,malygos,288,warrior,arms,6,3,3
50034,Miniwitts,ravencrest,288,warrior,arms,6,3,3
50035,Îgris,sanguino,288,warrior,arms,6,3,3
50036,Barbatos,saurfang,288,warrior,arms,6,3,3
50037,Bigmalx,darkspear,288,warrior,arms,6,3,3
50038,Koffìe,tarren-mill,288,warrior,arms,6,3,3
50039,Kronner,blackmoore,288,warrior,arms,6,3,3
50040,Stãrscream,ysondre,288,warrior,arms,6,3,3
50041,Allmight,gorgonnash,288,warrior,arms,6,3,3
50042,Варбаул,soulflayer,288,warrior,arms,6,3,3
50043,Sïmstärxzy,hakkar,288,warrior,arms,6,3,3
50044,Kindface,the-maelstrom,288,warrior,arms,6,3,3
50045,Raivorouva,stormreaver,288,warrior,arms,6,3,3
50046,Twelvearmsun,tarren-mill,288,warrior,arms,6,3,3
50047,Hatefull,onyxia,288,warrior,arms,6,3,3
50048,Топлюзаорду,borean-tundra,288,warrior,arms,6,3,3
50049,Béhrus,blackmoore,288,warrior,arms,6,3,3
50050,Venomflex,sanguino,288,warrior,arms,6,3,3
50051,Extrémex,stormscale,288,warrior,arms,6,3,3
50052,Фэймстар,soulflayer,288,warrior,arms,6,3,3
50053,Culwyn,frostmane,288,warrior,arms,6,3,3
50054,Nahkampfnoob,blackmoore,288,warrior,arms,6,3,3
50055,Drengr,blackhand,288,warrior,arms,6,3,3
50056,Galganiec,burning-legion,288,warrior,arms,6,3,3
50057,Freelongx,stormscale,288,warrior,arms,6,3,3
50058,Синглдем,gordunni,288,warrior,arms,6,3,3
50059,Mòóds,malganis,288,warrior,arms,6,3,3
50060,Crimmwarr,aegwynn,288,warrior,arms,6,3,3
50061,Mukcho,sylvanas,288,warrior,arms,6,3,3
50062,Nuhilug,tarren-mill,288,warrior,arms,6,3,3
50063,Lawkh,sanguino,288,warrior,arms,6,3,3
50064,Lovehope,stormscale,288,warrior,arms,6,3,3
50065,Ididntbindit,stormscale,288,warrior,arms,6,3,3
50066,Morgendämeru,baelgun,288,warrior,arms,6,3,3
50067,Fnoon,taerar,288,warrior,arms,6,3,3
50068,Wellus,silvermoon,288,warrior,arms,6,3,3
50069,Kyraeth,defias-brotherhood,288,warrior,arms,6,3,3
50070,Onoclus,sylvanas,288,warrior,arms,6,3,3
50071,Hemèra,hyjal,288,warrior,arms,6,3,3
50072,Ttz,tarren-mill,288,warrior,arms,6,3,3
50073,Goinhamx,blackhand,288,warrior,arms,6,3,3
50074,Elyozz,silvermoon,288,warrior,arms,6,3,3
50075,Blinkcharge,frostmane,288,warrior,arms,6,3,3
50076,Willywolxx,silvermoon,288,warrior,arms,6,3,3
50077,Bootyclapper,runetotem,288,warrior,arms,6,3,3
50078,Whiskes,silvermoon,288,warrior,arms,6,3,3
50079,Sharn,emeriss,288,warrior,arms,6,3,3
50080,Tommytorres,stormscale,288,warrior,arms,6,3,3
50081,Ragnärey,voljin,288,warrior,arms,6,3,3
50082,Crangle,draenor,288,warrior,arms,9,4,5
50083,Suwarri,antonidas,288,warrior,arms,9,4,5
50084,Elesharde,sanguino,288,warrior,arms,9,4,5
50085,Ëlränger,dun-modr,288,warrior,arms,9,4,5
50086,Alopunch,kazzak,288,warrior,arms,9,4,5
50087,Elkatar,stormscale,288,warrior,arms,9,3,6
50088,Kuchîoff,uldaman,288,warrior,arms,10,3,7
50089,Gloindal,pozzo-delleternità,288,warrior,arms,12,3,9
50090,Rychu,hellfire,288,warrior,arms,12,3,9
50091,Telrion,silvermoon,288,warrior,arms,12,3,9
50092,Bozwa,silvermoon,288,warrior,arms,12,3,9
50093,Romic,guldan,288,warrior,arms,12,3,9
50094,Sibbo,destromath,288,warrior,arms,12,3,9
50095,Willraxx,draenor,288,warrior,arms,12,3,9
50096,Qdex,kazzak,288,warrior,arms,12,3,9
50097,Варкрафтор,howling-fjord,288,warrior,arms,12,3,9
50098,Danaüs,twisting-nether,288,warrior,arms,12,3,9
50099,Bolvarson,malganis,288,warrior,arms,12,3,9
50100,Skarnir,blackhand,288,warrior,arms,12,3,9
50101,Xtylu,cthun,288,warrior,arms,12,3,9
50102,Raithwall,stormreaver,288,warrior,arms,12,3,9
50103,Syruz,malganis,288,warrior,arms,12,3,9
50104,Nerdcorex,blackrock,288,warrior,arms,12,3,9
50105,Blxxwar,blackmoore,288,warrior,arms,12,3,9
50106,Оверфлок,howling-fjord,288,warrior,arms,12,3,9
50107,Grodor,alakir,288,warrior,arms,12,3,9
50108,Stoutsteel,kazzak,288,warrior,arms,12,3,9
50109,Lukkass,ravencrest,288,warrior,arms,12,3,9
50110,Турбобулка,gordunni,288,warrior,arms,12,3,9
50111,Тирхо,gordunni,288,warrior,arms,12,3,9
50112,Khaczer,thunderhorn,288,warrior,arms,12,3,9
50113,Pvpstyle,bloodscalp,288,warrior,arms,12,3,9
50114,Камрадшторм,borean-tundra,288,warrior,arms,12,3,9
50115,Worcan,blackmoore,288,warrior,arms,12,3,9
50116,Warzaph,ravencrest,288,warrior,arms,12,3,9
50117,Амбробенне,soulflayer,288,warrior,arms,12,3,9
50118,Btkayy,tarren-mill,288,warrior,arms,12,3,9
50119,Вениамин,fordragon,288,warrior,arms,12,3,9
50120,Snissel,guldan,288,warrior,arms,12,3,9
50121,Poluneikos,turalyon,288,warrior,arms,12,3,9
50122,Maxxiwumms,amanthul,288,warrior,arms,12,3,9
50123,Warbringer,ravencrest,288,warrior,arms,12,3,9
50124,Pulx,dun-modr,288,warrior,arms,12,3,9
50125,Aiwar,tarren-mill,288,warrior,arms,12,3,9
50126,Algazarra,aggra-português,288,warrior,arms,12,3,9
50127,Simplyautism,silvermoon,288,warrior,arms,12,3,9
50128,Romzz,malganis,288,warrior,arms,12,3,9
50129,Awewar,crushridge,288,warrior,arms,12,3,9
50130,Pnizsz,draenor,288,warrior,arms,12,3,9
50131,Sorryforwhat,stormscale,288,warrior,arms,12,3,9
50132,Jimbock,eredar,288,warrior,arms,12,3,9
50133,Экзекутэр,soulflayer,288,warrior,arms,12,3,9
50134,Ysmay,dun-morogh,288,warrior,arms,12,3,9
50135,Burbidge,silvermoon,288,warrior,arms,12,3,9
50136,Conarconarik,zuluhed,288,warrior,arms,12,3,9
50137,Buncljin,draenor,288,warrior,arms,12,3,9
50138,Tøytank,twisting-nether,288,warrior,arms,12,3,9
50139,Flexay,archimonde,288,warrior,arms,12,3,9
50140,Mercûry,stormscale,288,warrior,arms,12,3,9
50141,Jivua,blackrock,288,warrior,arms,12,3,9
50142,Gabbz,aggra-português,288,warrior,arms,12,3,9
50143,Spacemachine,kazzak,288,warrior,arms,12,3,9
50144,Danrel,dalaran,288,warrior,arms,12,3,9
50145,Ivailowar,ravencrest,288,warrior,arms,12,3,9
50146,Азизос,gordunni,288,warrior,arms,12,3,9
50147,Renix,auchindoun,288,warrior,arms,12,3,9
50148,Gladiatoor,terenas,288,warrior,arms,12,3,9
50149,Smökey,silvermoon,288,warrior,arms,12,3,9
50150,Argean,argent-dawn,288,warrior,arms,12,3,9
50151,Kookwr,aggra-português,288,warrior,arms,12,3,9
50152,Brooktar,sanguino,288,warrior,arms,12,3,9
50153,Uthric,azuremyst,288,warrior,arms,12,3,9
50154,Lalilulelo,argent-dawn,288,warrior,arms,12,3,9
50155,Zhodd,zuljin,288,warrior,arms,12,3,9
50156,Ervanw,sylvanas,288,warrior,arms,17,3,14
50157,Cassetibiat,rashgarroth,288,warrior,arms,18,3,15
50158,Rimstealer,tarren-mill,288,warrior,arms,18,3,15
50159,Djiozz,khaz-modan,288,warrior,arms,18,3,15
50160,Marax,spinebreaker,288,warrior,arms,18,3,15
50161,Niouswar,kazzak,288,warrior,arms,18,3,15
50162,Teñseî,archimonde,287,warrior,arms,6,3,3
50163,Mercaderx,stormscale,287,warrior,arms,6,3,3
50164,Ríght,auchindoun,287,warrior,arms,6,3,3
50165,Ironkee,kazzak,287,warrior,arms,6,3,3
50166,Хелледрин,azuregos,287,warrior,arms,6,3,3
50167,Ymïrjar,sanguino,287,warrior,arms,12,3,9
50168,Akawan,ravencrest,287,warrior,arms,12,3,9
50169,Falaliss,elune,287,warrior,arms,12,3,9
50170,Freakzy,blackhand,287,warrior,arms,12,3,9
50171,Ayatolah,kazzak,287,warrior,arms,12,3,9
50172,Yuushi,doomhammer,286,warrior,arms,12,3,9
50173,Себаст,galakrond,286,warrior,arms,12,3,9
50174,Пунишерс,howling-fjord,286,warrior,arms,12,3,9
50175,Thoon,teldrassil,284,warrior,arms,12,3,9
50176,Galidras,nemesis,271,warrior,arms,11,3,8
50177,Evèllon,blackmoore,271,warrior,arms,11,3,8
50178,Warbringér,ravencrest,271,warrior,arms,11,3,8
50179,Gwagonbrabus,twisting-nether,271,warrior,arms,17,3,14
50180,Kanyequest,bloodhoof,266,warrior,arms,15,5,10
50181,Jvpx,silvermoon,256,warrior,arms,10,3,7
50182,Angrethar,tarren-mill,255,warrior,arms,8,4,4
50183,Ânaxi,silvermoon,255,warrior,arms,11,3,8
50184,Nurream,ravencrest,255,warrior,arms,11,3,8
50185,Uki,kazzak,255,warrior,arms,11,3,8
50186,Legharta,tarren-mill,240,warrior,arms,9,3,6
50187,Ahlda,hyjal,240,warrior,arms,15,3,12
50188,Renji,proudmoore,239,warrior,arms,5,3,2
50189,Sloody,ravencrest,239,warrior,arms,5,3,2
50190,Keffboi,draenor,239,warrior,arms,5,3,2
50191,Ntouziera,silvermoon,239,warrior,arms,5,3,2
50192,Inselmo,grim-batol,239,warrior,arms,5,3,2
50193,Sarma,trollbane,239,warrior,arms,5,3,2
50194,Bubidiblumxq,twisting-nether,239,warrior,arms,9,4,5
50195,Xeonair,kazzak,234,warrior,arms,8,4,4
50196,Tstrike,silvermoon,234,warrior,arms,9,4,5
50197,Myshu,ravencrest,234,warrior,arms,14,4,10
50198,Enÿo,stormscale,234,warrior,arms,23,6,17
50199,Шрекинатор,soulflayer,208,warrior,arms,7,3,4
50200,Brutariz,silvermoon,208,warrior,arms,7,3,4
50201,Rhw,tarren-mill,208,warrior,arms,13,3,10
50202,Sargonas,burning-blade,192,warrior,arms,4,3,1
50203,Epimeno,tarren-mill,192,warrior,arms,4,3,1
50204,Toptier,drakthul,192,warrior,arms,4,3,1
50205,Teljii,blackmoore,192,warrior,arms,4,3,1
50206,Iclickbutton,kazzak,192,warrior,arms,9,3,6
50207,Leonídás,blackhand,192,warrior,arms,9,3,6
50208,Wowbert,frostwolf,192,warrior,arms,9,3,6
50209,Oceangg,silvermoon,192,warrior,arms,9,3,6
50210,Scootter,ravencrest,192,warrior,arms,9,3,6
50211,Balferenfgt,magtheridon,192,warrior,arms,9,3,6
50212,Sxng,deathwing,192,warrior,arms,6,2,4
50213,Kerando,tirion,192,warrior,arms,6,2,4
50214,Highoverlord,aggra-português,192,warrior,arms,6,2,4
50215,Boji,twisting-nether,192,warrior,arms,6,2,4
50216,Shakz,argent-dawn,192,warrior,arms,6,2,4
50217,Artaas,drakthul,192,warrior,arms,6,2,4
50218,Spaiché,azshara,192,warrior,arms,6,2,4
50219,Chargezon,drakthul,192,warrior,arms,6,2,4
50220,Guttormur,dragonblight,192,warrior,arms,6,2,4
50221,Iordmatesp,drakthul,192,warrior,arms,6,2,4
50222,Гудмунт,borean-tundra,192,warrior,arms,6,2,4
50223,Watsabe,kazzak,192,warrior,arms,6,2,4
50224,Aliáto,sanguino,192,warrior,arms,6,2,4
50225,Eyolf,thunderhorn,192,warrior,arms,6,2,4
50226,Æyra,durotan,192,warrior,arms,6,2,4
50227,Centuriôn,sanguino,192,warrior,arms,6,2,4
50228,Адамз,gordunni,192,warrior,arms,6,2,4
50229,Amphie,silvermoon,192,warrior,arms,6,2,4
50230,Tacco,ravencrest,192,warrior,arms,6,2,4
50231,Ghorgutz,kazzak,192,warrior,arms,6,2,4
50232,Greybâck,alleria,192,warrior,arms,6,2,4
50233,Bennybryt,frostmane,192,warrior,arms,6,2,4
50234,Okke,thunderhorn,192,warrior,arms,6,2,4
50235,Mino,theradras,192,warrior,arms,6,2,4
50236,Vexari,twisting-nether,192,warrior,arms,6,2,4
50237,Очепенец,soulflayer,192,warrior,arms,6,2,4
50238,Jdcw,chamber-of-aspects,192,warrior,arms,6,2,4
50239,Прикурил,gordunni,192,warrior,arms,6,2,4
50240,Jaffacakes,kazzak,192,warrior,arms,6,2,4
50241,Seghrim,drakthul,192,warrior,arms,6,2,4
50242,Aeres,bladefist,192,warrior,arms,6,2,4
50243,Kladers,ravencrest,192,warrior,arms,6,2,4
50244,Cjak,pozzo-delleternità,192,warrior,arms,6,2,4
50245,Sinkiss,archimonde,192,warrior,arms,6,2,4
50246,Bigestdamugr,stormscale,192,warrior,arms,6,2,4
50247,Røcksteady,festung-der-stürme,192,warrior,arms,6,2,4
50248,Schwarzkoviç,hyjal,192,warrior,arms,6,2,4
50249,Gymhan,the-shatar,192,warrior,arms,6,2,4
50250,Sambaswiss,kazzak,192,warrior,arms,6,2,4
50251,Meìlie,outland,192,warrior,arms,6,2,4
50252,Connorzqt,ravencrest,192,warrior,arms,6,2,4
50253,Rastaboo,ravencrest,192,warrior,arms,6,2,4
50254,Baylis,kazzak,192,warrior,arms,6,2,4
50255,Darkbehemoth,kazzak,192,warrior,arms,6,2,4
50256,Warrlee,ravencrest,192,warrior,arms,6,2,4
50257,Bulbasaur,twisting-nether,192,warrior,arms,6,2,4
50258,Guryn,sanguino,192,warrior,arms,6,2,4
50259,Bukî,blackmoore,192,warrior,arms,6,2,4
50260,Akkamagosh,argent-dawn,192,warrior,arms,6,2,4
50261,Kharabik,silvermoon,192,warrior,arms,6,2,4
50262,Ratnìk,stormscale,192,warrior,arms,6,2,4
50263,Turdgurgler,executus,192,warrior,arms,6,2,4
50264,Gardom,doomhammer,192,warrior,arms,6,2,4
50265,Enzylolz,sanguino,192,warrior,arms,6,2,4
50266,Tinker,crushridge,192,warrior,arms,6,2,4
50267,Apolyptica,blackmoore,192,warrior,arms,6,2,4
50268,Jaeru,archimonde,192,warrior,arms,6,2,4
50269,Truepassion,outland,192,warrior,arms,6,2,4
50270,Astrid,rajaxx,192,warrior,arms,6,2,4
50271,Svepscumata,twisting-nether,192,warrior,arms,6,2,4
50272,Lildiabeto,darkspear,192,warrior,arms,6,2,4
50273,Borntothis,zuljin,192,warrior,arms,6,2,4
50274,Discoklaus,blackmoore,192,warrior,arms,6,2,4
50275,Труска,ashenvale,192,warrior,arms,6,2,4
50276,Grimaced,tarren-mill,192,warrior,arms,6,2,4
50277,Shimy,pozzo-delleternità,192,warrior,arms,6,2,4
50278,Pimagnum,stormscale,192,warrior,arms,6,2,4
50279,Angusbully,doomhammer,192,warrior,arms,6,2,4
50280,Jares,argent-dawn,192,warrior,arms,6,2,4
50281,Leavyu,silvermoon,192,warrior,arms,6,2,4
50282,Falconer,ravencrest,192,warrior,arms,6,2,4
50283,Touthi,archimonde,192,warrior,arms,6,2,4
50284,Speiker,blackhand,192,warrior,arms,6,2,4
50285,Ptp,argent-dawn,192,warrior,arms,6,2,4
50286,Acour,elune,192,warrior,arms,6,2,4
50287,Марфитус,borean-tundra,192,warrior,arms,6,2,4
50288,Longy,mazrigos,192,warrior,arms,6,2,4
50289,Груббоб,booty-bay,192,warrior,arms,6,2,4
50290,Zanzagg,draenor,192,warrior,arms,6,2,4
50291,Redencounter,stormscale,192,warrior,arms,6,2,4
50292,Scheroh,aegwynn,192,warrior,arms,6,2,4
50293,Moolong,nozdormu,192,warrior,arms,6,2,4
50294,Katypärry,outland,192,warrior,arms,6,2,4
50295,Kogän,ragnaros,192,warrior,arms,6,2,4
50296,Chloade,burning-legion,192,warrior,arms,6,2,4
50297,Spankyew,sylvanas,192,warrior,arms,6,2,4
50298,Woximus,ravencrest,192,warrior,arms,6,2,4
50299,Discotrosan,outland,192,warrior,arms,6,2,4
50300,Like,blackrock,192,warrior,arms,6,2,4
50301,Steggee,argent-dawn,192,warrior,arms,6,2,4
50302,Дахаэрис,gordunni,192,warrior,arms,6,2,4
50303,Арестант,soulflayer,192,warrior,arms,6,2,4
50304,Snakééyés,kazzak,192,warrior,arms,6,2,4
50305,Fitzer,ravencrest,192,warrior,arms,6,2,4
50306,Skeyzêr,dun-modr,192,warrior,arms,6,2,4
50307,Эгнораш,soulflayer,192,warrior,arms,6,2,4
50308,Monkaslam,tarren-mill,192,warrior,arms,6,2,4
50309,Jaés,kazzak,192,warrior,arms,6,2,4
50310,Weezing,argent-dawn,192,warrior,arms,6,2,4
50311,Grimilax,hellscream,192,warrior,arms,6,2,4
50312,Niffen,stormscale,192,warrior,arms,6,2,4
50313,Dajnatarcze,burning-legion,192,warrior,arms,6,2,4
50314,Sibali,stormreaver,192,warrior,arms,6,2,4
50315,Wilæm,argent-dawn,192,warrior,arms,6,2,4
50316,Broley,blackhand,192,warrior,arms,6,2,4
50317,Pablitø,silvermoon,192,warrior,arms,6,2,4
50318,Siberianstag,ravencrest,192,warrior,arms,6,2,4
50319,Кереешка,howling-fjord,192,warrior,arms,6,2,4
50320,Sargul,ragnaros,192,warrior,arms,6,2,4
50321,Blademir,aegwynn,192,warrior,arms,6,2,4
50322,Byedriver,kazzak,192,warrior,arms,6,2,4
50323,Raggnnar,blackrock,192,warrior,arms,6,2,4
50324,Waréx,ravencrest,192,warrior,arms,6,2,4
50325,Bromaz,blackmoore,192,warrior,arms,6,2,4
50326,Zaoclap,blackhand,192,warrior,arms,6,2,4
50327,Artemiox,silvermoon,192,warrior,arms,6,2,4
50328,Äsgeïr,archimonde,192,warrior,arms,6,2,4
50329,Cyrø,blackmoore,192,warrior,arms,6,2,4
50330,Zoljabu,eredar,192,warrior,arms,6,2,4
50331,Syrebral,archimonde,192,warrior,arms,6,2,4
50332,Mightywar,hyjal,192,warrior,arms,6,2,4
50333,Bonkors,bronzebeard,192,warrior,arms,6,2,4
50334,Pépêloup,archimonde,192,warrior,arms,6,2,4
50335,Gergereja,argent-dawn,192,warrior,arms,6,2,4
50336,Laßebluten,blackmoore,192,warrior,arms,6,2,4
50337,Toporceanul,kazzak,192,warrior,arms,6,2,4
50338,Zenìa,argent-dawn,192,warrior,arms,6,2,4
50339,Gkavlaki,ravencrest,192,warrior,arms,6,2,4
50340,Míngxuan,tarren-mill,192,warrior,arms,6,2,4
50341,Форгерон,howling-fjord,192,warrior,arms,6,2,4
50342,Burkek,hyjal,192,warrior,arms,6,2,4
50343,Бормормуш,gordunni,192,warrior,arms,6,2,4
50344,Lâppön,blackmoore,192,warrior,arms,6,2,4
50345,Gretathunb,twisting-nether,192,warrior,arms,6,2,4
50346,Bicepss,blackhand,192,warrior,arms,6,2,4
50347,Chickengodx,archimonde,192,warrior,arms,6,2,4
50348,Jamoo,magtheridon,192,warrior,arms,6,2,4
50349,ßandit,ravencrest,192,warrior,arms,6,2,4
50350,Апёхэндз,howling-fjord,192,warrior,arms,6,2,4
50351,Råzor,blackhand,192,warrior,arms,6,2,4
50352,Берззлой,gordunni,192,warrior,arms,6,2,4
50353,Thatsthepump,silvermoon,192,warrior,arms,6,2,4
50354,Progresslol,tarren-mill,192,warrior,arms,6,2,4
50355,Realz,malganis,192,warrior,arms,6,2,4
50356,Brutalizator,talnivarr,192,warrior,arms,6,2,4
50357,Kante,frostmane,192,warrior,arms,6,2,4
50358,Demolize,sylvanas,192,warrior,arms,6,2,4
50359,Vulcán,aerie-peak,192,warrior,arms,6,2,4
50360,Hurricane,sylvanas,192,warrior,arms,6,2,4
50361,Fistawarrior,nemesis,192,warrior,arms,6,2,4
50362,Rhaegon,laughing-skull,192,warrior,arms,6,2,4
50363,Miotyz,ahnqiraj,192,warrior,arms,6,2,4
50364,Audelia,sunstrider,192,warrior,arms,6,2,4
50365,Abibe,aggra-português,192,warrior,arms,6,2,4
50366,Ивантуз,gordunni,192,warrior,arms,6,2,4
50367,Debiljov,ahnqiraj,192,warrior,arms,6,2,4
50368,Yoruíchi,sunstrider,192,warrior,arms,6,2,4
50369,Rezn,kazzak,192,warrior,arms,6,2,4
50370,Därlara,amanthul,192,warrior,arms,6,2,4
50371,Tigron,burning-legion,192,warrior,arms,6,2,4
50372,Ratafya,hyjal,192,warrior,arms,6,2,4
50373,Weren,blackmoore,192,warrior,arms,6,2,4
50374,Pumse,silvermoon,192,warrior,arms,6,2,4
50375,Eleborn,tarren-mill,192,warrior,arms,6,2,4
50376,Ismashu,anubarak,192,warrior,arms,6,2,4
50377,Mistafleex,hyjal,192,warrior,arms,6,2,4
50378,Lunath,stormscale,192,warrior,arms,6,2,4
50379,Gamedogo,silvermoon,192,warrior,arms,6,2,4
50380,Zugpump,tarren-mill,192,warrior,arms,6,2,4
50381,Fastnfuryous,antonidas,192,warrior,arms,6,2,4
50382,Vrii,eredar,192,warrior,arms,6,2,4
50383,Arthayl,eredar,192,warrior,arms,6,2,4
50384,Octaniuz,silvermoon,192,warrior,arms,6,2,4
50385,Blackblades,defias-brotherhood,192,warrior,arms,6,2,4
50386,Unehuitsept,eredar,192,warrior,arms,6,2,4
50387,Frcwar,kazzak,192,warrior,arms,6,2,4
50388,Aléxsandra,ravencrest,192,warrior,arms,6,2,4
50389,Nînes,tarren-mill,192,warrior,arms,6,2,4
50390,Hundar,archimonde,192,warrior,arms,6,2,4
50391,Ciuez,tarren-mill,192,warrior,arms,6,2,4
50392,Robthebruce,ravencrest,192,warrior,arms,6,2,4
50393,Menelol,ysondre,192,warrior,arms,6,2,4
50394,Dutteh,tarren-mill,192,warrior,arms,6,2,4
50395,Хедтакер,gordunni,192,warrior,arms,6,2,4
50396,Maeselance,dun-modr,192,warrior,arms,6,2,4
50397,Xilthy,stormscale,192,warrior,arms,6,2,4
50398,Vaaýzx,blackrock,192,warrior,arms,6,2,4
50399,Кичисан,howling-fjord,192,warrior,arms,6,2,4
50400,Tekà,tarren-mill,192,warrior,arms,6,2,4
50401,Ryonâgai,aegwynn,192,warrior,arms,6,2,4
50402,Athrea,senjin,192,warrior,arms,6,2,4
50403,Bloodparade,argent-dawn,192,warrior,arms,6,2,4
50404,Лимор,howling-fjord,192,warrior,arms,6,2,4
50405,Havkon,twisting-nether,192,warrior,arms,6,2,4
50406,Faláfel,zuljin,192,warrior,arms,6,2,4
50407,Kíllguard,kazzak,192,warrior,arms,6,2,4
50408,Schultze,kazzak,192,warrior,arms,6,2,4
50409,Galenthor,ravencrest,192,warrior,arms,6,2,4
50410,Athënã,archimonde,192,warrior,arms,6,2,4
50411,Ферхар,galakrond,192,warrior,arms,6,2,4
50412,Gunga,ravenholdt,192,warrior,arms,6,2,4
50413,Vearpayne,silvermoon,192,warrior,arms,6,2,4
50414,Sinimfzugzug,eredar,192,warrior,arms,6,2,4
50415,Cléveland,argent-dawn,192,warrior,arms,10,3,7
50416,Sunzí,alakir,192,warrior,arms,8,2,6
50417,Eriqua,archimonde,192,warrior,arms,8,2,6
50418,Davari,ravencrest,192,warrior,arms,9,2,7
50419,Yngvar,darksorrow,192,warrior,arms,12,2,10
50420,Qforína,stormscale,192,warrior,arms,12,2,10
50421,Adoum,ysondre,192,warrior,arms,12,2,10
50422,Furybringer,silvermoon,192,warrior,arms,12,2,10
50423,Cødi,antonidas,192,warrior,arms,12,2,10
50424,Delenia,twisting-nether,192,warrior,arms,12,2,10
50425,Bigflo,illidan,192,warrior,arms,12,2,10
50426,Unhingéd,stormscale,192,warrior,arms,12,2,10
50427,Tyranoth,defias-brotherhood,192,warrior,arms,12,2,10
50428,Tinull,silvermoon,192,warrior,arms,12,2,10
50429,Solidier,archimonde,192,warrior,arms,12,2,10
50430,Antrøs,quelthalas,192,warrior,arms,12,2,10
50431,Lzdmfckmeazy,blackmoore,192,warrior,arms,12,2,10
50432,Pøpeyo,hyjal,192,warrior,arms,12,2,10
50433,Klm,stormscale,192,warrior,arms,12,2,10
50434,Eumellin,blackmoore,192,warrior,arms,12,2,10
50435,Alysa,ravencrest,192,warrior,arms,12,2,10
50436,Хенминия,blackscar,192,warrior,arms,12,2,10
50437,Phanatic,draenor,192,warrior,arms,12,2,10
50438,Aloia,stormscale,192,warrior,arms,12,2,10
50439,Syfér,grim-batol,192,warrior,arms,12,2,10
50440,Caíne,drakthul,192,warrior,arms,12,2,10
50441,Gramash,grim-batol,192,warrior,arms,12,2,10
50442,Xail,rexxar,192,warrior,arms,12,2,10
50443,Battousai,sanguino,192,warrior,arms,12,2,10
50444,Повстер,howling-fjord,192,warrior,arms,12,2,10
50445,Actoni,sylvanas,192,warrior,arms,12,2,10
50446,Laeràzh,archimonde,191,warrior,arms,6,2,4
50447,Leesh,ravenholdt,191,warrior,arms,6,2,4
50448,Hellis,frostmourne,191,warrior,arms,6,2,4
50449,Raufí,antonidas,191,warrior,arms,6,2,4
50450,Касхо,gordunni,191,warrior,arms,12,2,10
50451,Tronhaur,stormscale,191,warrior,arms,18,2,16
50452,Eledryel,pozzo-delleternità,185,warrior,arms,15,4,11
50453,Номер,eversong,160,warrior,arms,10,2,8
50454,Kibb,sylvanas,159,warrior,arms,5,2,3
50455,Deadwily,twisting-nether,159,warrior,arms,5,2,3
50456,Pétin,kaelthas,159,warrior,arms,5,2,3
50457,Broxugar,defias-brotherhood,159,warrior,arms,5,2,3
50458,Badroch,kazzak,159,warrior,arms,5,2,3
50459,Aleksandar,ravencrest,159,warrior,arms,5,2,3
50460,Празар,howling-fjord,159,warrior,arms,5,2,3
50461,Phenommenom,tarren-mill,159,warrior,arms,5,2,3
50462,Bloodpyre,nemesis,159,warrior,arms,11,2,9
50463,Amystad,ahnqiraj,144,warrior,arms,9,2,7
50464,Gondyr,quelthalas,144,warrior,arms,15,2,13
50465,Shieldwall,norgannon,143,warrior,arms,3,3,0
50466,Lilsib,outland,138,warrior,arms,7,3,4
50467,Killinstinct,zuluhed,137,warrior,arms,13,3,10
50468,Nacko,ravencrest,128,warrior,arms,4,2,2
50469,Zhønya,aegwynn,128,warrior,arms,4,2,2
50470,Vorns,silvermoon,128,warrior,arms,4,2,2
50471,Ozymandyaz,hyjal,127,warrior,arms,8,2,6
50472,Bleaja,tarren-mill,112,warrior,arms,7,2,5
50473,Dreadoran,voljin,112,warrior,arms,7,2,5
50474,Rèlion,pozzo-delleternità,96,warrior,arms,3,2,1
50475,Lasttfallen,hyjal,96,warrior,arms,3,2,1
50476,Fridaax,lightbringer,96,warrior,arms,3,2,1
50477,Rdeniro,blackmoore,96,warrior,arms,3,2,1
50478,Kyraxe,silvermoon,96,warrior,arms,3,2,1
50479,Nekwar,ravencrest,96,warrior,arms,3,2,1
50480,Abhorrent,tarren-mill,96,warrior,arms,3,2,1
50481,Kamelskum,draenor,96,warrior,arms,6,1,5
50482,Yandan,ysondre,96,warrior,arms,6,1,5
50483,Guerrino,nemesis,96,warrior,arms,6,1,5
50484,Jigs,twisting-nether,96,warrior,arms,6,1,5
50485,Elëndïl,dun-modr,96,warrior,arms,6,1,5
50486,Deathsnarl,ragnaros,96,warrior,arms,6,1,5
50487,Chaohz,grim-batol,96,warrior,arms,6,1,5
50488,Rezail,silvermoon,96,warrior,arms,6,1,5
50489,Kimura,archimonde,96,warrior,arms,6,1,5
50490,Kieranx,silvermoon,96,warrior,arms,6,1,5
50491,Wârgâsm,argent-dawn,96,warrior,arms,6,1,5
50492,Prettyangel,aegwynn,96,warrior,arms,6,1,5
50493,Galatan,kazzak,96,warrior,arms,6,1,5
50494,Schuy,silvermoon,96,warrior,arms,6,1,5
50495,Урморн,gordunni,96,warrior,arms,6,1,5
50496,Üzzy,dun-modr,96,warrior,arms,6,1,5
50497,Ordovis,silvermoon,96,warrior,arms,6,1,5
50498,They,aggramar,96,warrior,arms,6,1,5
50499,Midvînter,silvermoon,96,warrior,arms,6,1,5
50500,Macgull,ysondre,96,warrior,arms,6,1,5
50501,Слоз,gordunni,96,warrior,arms,6,1,5
50502,Zaximos,twisting-nether,96,warrior,arms,6,1,5
50503,Onga,frostwolf,96,warrior,arms,6,1,5
50504,Eléndrèn,blackrock,96,warrior,arms,6,1,5
50505,Karyoroo,eredar,96,warrior,arms,6,1,5
50506,Ayasaki,argent-dawn,96,warrior,arms,6,1,5
50507,Фьордал,howling-fjord,96,warrior,arms,6,1,5
50508,Redjaw,twisting-nether,96,warrior,arms,6,1,5
50509,Kratosz,magtheridon,96,warrior,arms,6,1,5
50510,Gnomeð,blackrock,96,warrior,arms,6,1,5
50511,Siuzy,blackrock,96,warrior,arms,6,1,5
50512,Skullxy,talnivarr,96,warrior,arms,6,1,5
50513,Вульфычч,gordunni,96,warrior,arms,6,1,5
50514,Armyne,kazzak,96,warrior,arms,6,1,5
50515,Sharrok,blackmoore,96,warrior,arms,6,1,5
50516,Снакихснаки,gordunni,96,warrior,arms,6,1,5
50517,Whitebeardx,tarren-mill,96,warrior,arms,6,1,5
50518,Largeblade,kazzak,96,warrior,arms,6,1,5
50519,Brøxx,garrosh,96,warrior,arms,6,1,5
50520,Humanboi,ravencrest,96,warrior,arms,6,1,5
50521,Greenbeanx,antonidas,96,warrior,arms,6,1,5
50522,Bjurkel,sylvanas,96,warrior,arms,6,1,5
50523,Kysse,hyjal,96,warrior,arms,6,1,5
50524,Zuroq,antonidas,96,warrior,arms,6,1,5
50525,Brutannya,argent-dawn,96,warrior,arms,6,1,5
50526,Taroom,turalyon,96,warrior,arms,6,1,5
50527,Winedru,bronzebeard,96,warrior,arms,6,1,5
50528,Vampviv,tarren-mill,96,warrior,arms,6,1,5
50529,Apemonkeydk,kazzak,96,warrior,arms,6,1,5
50530,Васяжелезо,gordunni,96,warrior,arms,6,1,5
50531,Bravestar,ungoro,96,warrior,arms,6,1,5
50532,Claymøre,khaz-modan,96,warrior,arms,6,1,5
50533,Càvalry,nemesis,96,warrior,arms,6,1,5
50534,Molløtov,sargeras,96,warrior,arms,6,1,5
50535,Osopeligroso,outland,96,warrior,arms,6,1,5
50536,Cøbain,eredar,96,warrior,arms,6,1,5
50537,Killávalon,kazzak,96,warrior,arms,6,1,5
50538,Kormazz,tarren-mill,96,warrior,arms,6,1,5
50539,Worgenalpha,garona,96,warrior,arms,6,1,5
50540,Gensur,skullcrusher,96,warrior,arms,6,1,5
50541,Âkbarrash,blackmoore,96,warrior,arms,6,1,5
50542,Sláughter,forscherliga,96,warrior,arms,6,1,5
50543,Rhynot,argent-dawn,96,warrior,arms,6,1,5
50544,Zillrog,kazzak,96,warrior,arms,6,1,5
50545,Hashyk,burning-legion,96,warrior,arms,6,1,5
50546,Choûbab,archimonde,96,warrior,arms,6,1,5
50547,Juanvaco,tarren-mill,96,warrior,arms,6,1,5
50548,Luntee,ragnaros,96,warrior,arms,6,1,5
50549,Ezlive,blackrock,96,warrior,arms,6,1,5
50550,Taukkì,kazzak,96,warrior,arms,6,1,5
50551,Squelch,blackrock,96,warrior,arms,6,1,5
50552,Ragecrit,ragnaros,96,warrior,arms,6,1,5
50553,Juicer,argent-dawn,96,warrior,arms,6,1,5
50554,Pwndrizle,blackmoore,96,warrior,arms,6,1,5
50555,Bigk,burning-legion,96,warrior,arms,6,1,5
50556,Spritekoppen,ravencrest,96,warrior,arms,6,1,5
50557,Thekayizer,archimonde,96,warrior,arms,6,1,5
50558,Дагмар,howling-fjord,96,warrior,arms,6,1,5
50559,Oksimbillah,blackrock,96,warrior,arms,6,1,5
50560,Booya,zirkel-des-cenarius,96,warrior,arms,6,1,5
50561,Brostorm,magtheridon,96,warrior,arms,6,1,5
50562,Rinderliebe,thrall,96,warrior,arms,6,1,5
50563,Wardam,terokkar,96,warrior,arms,6,1,5
50564,Trickzît,silvermoon,96,warrior,arms,6,1,5
50565,Арленхейтлав,gordunni,96,warrior,arms,6,1,5
50566,Stretch,thrall,96,warrior,arms,6,1,5
50567,Snuusu,blackmoore,96,warrior,arms,6,1,5
50568,Whydeadbro,twisting-nether,96,warrior,arms,6,1,5
50569,Wigman,shattered-hand,96,warrior,arms,6,1,5
50570,Poppeyex,silvermoon,96,warrior,arms,6,1,5
50571,Romppu,shattered-hand,96,warrior,arms,6,1,5
50572,Furymeep,outland,96,warrior,arms,6,1,5
50573,Gilgarez,twisting-nether,96,warrior,arms,6,1,5
50574,Tidùs,nethersturm,96,warrior,arms,6,1,5
50575,Abukrd,turalyon,96,warrior,arms,6,1,5
50576,Axelitee,draenor,96,warrior,arms,6,1,5
50577,Beduin,twilights-hammer,96,warrior,arms,6,1,5
50578,Угхпах,soulflayer,96,warrior,arms,6,1,5
50579,Headshot,zenedar,96,warrior,arms,6,1,5
50580,Deauxa,twisting-nether,96,warrior,arms,6,1,5
50581,Evilez,ravencrest,96,warrior,arms,6,1,5
50582,Талейлан,gordunni,96,warrior,arms,6,1,5
50583,Ifir,hyjal,96,warrior,arms,6,1,5
50584,Lincwar,stormscale,96,warrior,arms,6,1,5
50585,Rôtor,archimonde,96,warrior,arms,6,1,5
50586,Wscieklosc,silvermoon,96,warrior,arms,6,1,5
50587,Naiph,blackmoore,96,warrior,arms,6,1,5
50588,Nukêr,dun-modr,96,warrior,arms,6,1,5
50589,Belmont,doomhammer,96,warrior,arms,6,1,5
50590,Arnowz,stormscale,96,warrior,arms,6,1,5
50591,Nacindaz,thrall,96,warrior,arms,6,1,5
50592,Sarkan,ravencrest,96,warrior,arms,6,1,5
50593,Warfield,draenor,96,warrior,arms,6,1,5
50594,Dakotafred,ravencrest,96,warrior,arms,6,1,5
50595,Yoshimang,twisting-nether,96,warrior,arms,6,1,5
50596,Murämasä,hyjal,96,warrior,arms,6,1,5
50597,Belgabad,rexxar,96,warrior,arms,6,1,5
50598,Zarkos,onyxia,96,warrior,arms,6,1,5
50599,Lilsweép,draenor,96,warrior,arms,6,1,5
50600,Soley,neptulon,96,warrior,arms,6,1,5
50601,Vexecute,rexxar,96,warrior,arms,6,1,5
50602,Molsah,draenor,96,warrior,arms,6,1,5
50603,Slayerxz,aegwynn,96,warrior,arms,6,1,5
50604,Executê,kazzak,96,warrior,arms,6,1,5
50605,Letha,twisting-nether,96,warrior,arms,6,1,5
50606,Woosaah,ravencrest,96,warrior,arms,6,1,5
50607,Psyph,onyxia,96,warrior,arms,6,1,5
50608,Blackmoor,argent-dawn,96,warrior,arms,6,1,5
50609,Jailbâit,baelgun,96,warrior,arms,6,1,5
50610,Sgtzmetek,drakthul,96,warrior,arms,6,1,5
50611,Catrine,drakthul,96,warrior,arms,6,1,5
50612,Deathrazór,stormscale,96,warrior,arms,6,1,5
50613,Halalmeat,minahonda,96,warrior,arms,6,1,5
50614,Kasperw,kazzak,96,warrior,arms,6,1,5
50615,Mæuzl,draenor,96,warrior,arms,6,1,5
50616,Truckfury,ravencrest,96,warrior,arms,6,1,5
50617,Gorroth,chamber-of-aspects,96,warrior,arms,6,1,5
50618,Darriuso,kazzak,96,warrior,arms,6,1,5
50619,Davidass,drakthul,96,warrior,arms,6,1,5
50620,Darkmain,outland,96,warrior,arms,6,1,5
50621,Durrüti,sanguino,96,warrior,arms,6,1,5
50622,Fullzugzug,kazzak,96,warrior,arms,6,1,5
50623,Aemdall,chogall,96,warrior,arms,6,1,5
50624,Keniny,drakthul,96,warrior,arms,6,1,5
50625,Sebastian,ravencrest,96,warrior,arms,6,1,5
50626,Рсдрпб,eversong,96,warrior,arms,6,1,5
50627,Шапканауши,eversong,96,warrior,arms,6,1,5
50628,Haltwo,archimonde,96,warrior,arms,6,1,5
50629,Leryswarro,sanguino,96,warrior,arms,6,1,5
50630,Acudam,stormscale,96,warrior,arms,6,1,5
50631,Rikkavikki,argent-dawn,96,warrior,arms,6,1,5
50632,Bloodpath,stormrage,96,warrior,arms,6,1,5
50633,Feltias,drakthul,96,warrior,arms,6,1,5
50634,Баам,fordragon,96,warrior,arms,6,1,5
50635,Бларк,goldrinn,96,warrior,arms,6,1,5
50636,Rägnât,dun-modr,96,warrior,arms,6,1,5
50637,Orcaz,eredar,96,warrior,arms,6,1,5
50638,Замесик,blackscar,96,warrior,arms,6,1,5
50639,Суммрак,grom,96,warrior,arms,6,1,5
50640,Aldébbarann,archimonde,96,warrior,arms,9,1,8
50641,Чевчелиос,deathweaver,96,warrior,arms,12,1,11
50642,Viana,sylvanas,96,warrior,arms,12,1,11
50643,Отпустите,howling-fjord,96,warrior,arms,12,1,11
50644,Mirror,tarren-mill,96,warrior,arms,12,1,11
50645,Helmcleaver,tarren-mill,96,warrior,arms,12,1,11
50646,Gids,silvermoon,96,warrior,arms,12,1,11
50647,Benjarnee,draenor,96,warrior,arms,12,1,11
50648,Grimblade,kazzak,96,warrior,arms,12,1,11
50649,Шредс,howling-fjord,96,warrior,arms,12,1,11
50650,Moshpít,antonidas,96,warrior,arms,12,1,11
50651,Babæ,ravencrest,96,warrior,arms,12,1,11
50652,Shäshken,archimonde,96,warrior,arms,18,1,17
50653,Baldemort,antonidas,96,warrior,arms,24,1,23
50654,Koboone,tarren-mill,79,warrior,arms,5,1,4
50655,Agur,ysondre,79,warrior,arms,5,1,4
50656,Psychedx,ravencrest,64,warrior,arms,4,1,3
50657,Bââgrâ,hyjal,64,warrior,arms,4,1,3
50658,Hojalator,minahonda,64,warrior,arms,4,1,3
50659,Roktdar,blackmoore,64,warrior,arms,4,1,3
50660,Modrov,silvermoon,64,warrior,arms,4,1,3
50661,Rimmedpigeon,alakir,64,warrior,arms,4,1,3
50662,Cowon,stormscale,63,warrior,arms,2,2,0
50663,Rinos,silvermoon,63,warrior,arms,8,2,6
50664,Lilchan,zuljin,63,warrior,arms,8,2,6
50665,Zannasbianca,doomhammer,48,warrior,arms,3,1,2
50666,Garaha,argent-dawn,48,warrior,arms,3,1,2
50667,Elloo,tarren-mill,48,warrior,arms,3,1,2
50668,Carizona,twisting-nether,48,warrior,arms,3,1,2
50669,Kimboslice,ragnaros,48,warrior,arms,9,1,8
50670,Bêlier,hyjal,42,warrior,arms,10,3,7
50671,Laciater,burning-legion,42,warrior,arms,8,2,6
50672,Kurosawa,uldum,42,warrior,arms,10,2,8
50673,Артен,ashenvale,42,warrior,arms,10,2,8
50674,Latschogg,malorne,42,warrior,arms,10,2,8
50675,Glut,drakthul,42,warrior,arms,12,2,10
50676,Reyon,argent-dawn,41,warrior,arms,12,2,10
50677,Закхорн,gordunni,31,warrior,arms,2,1,1
50678,Eijnar,kazzak,31,warrior,arms,2,1,1
50679,Гангстарэпер,gordunni,31,warrior,arms,2,1,1
50680,Wincas,tarren-mill,31,warrior,arms,2,1,1
50681,Skórn,burning-legion,31,warrior,arms,2,1,1
50682,Clówny,garrosh,31,warrior,arms,8,1,7
50683,Izmadfurax,archimonde,16,warrior,arms,1,1,0
50684,Ugrlak,drakthul,16,warrior,arms,7,1,6
50685,Sublexgg,blackrock,1868,warrior,protection,43,24,19
50686,Swagenknecht,blackrock,1840,warrior,protection,66,31,35
50687,Blaying,ravencrest,1540,warrior,protection,90,45,45
50688,Doghxnterx,ravencrest,1261,warrior,protection,37,14,23
50689,Фриегар,deathguard,1215,warrior,protection,49,21,28
50690,Narrative,kazzak,1091,warrior,protection,54,20,34
50691,Tríbún,kult-der-verdammten,987,warrior,protection,48,17,31
50692,Carras,confrérie-du-thorium,937,warrior,protection,42,22,20
50693,Grimurg,drakthul,921,warrior,protection,70,30,40
50694,Флоуби,razuvious,806,warrior,protection,24,9,15
50695,Naofumí,arthas,732,warrior,protection,18,8,10
50696,Ferran,sanguino,658,warrior,protection,24,7,17
50697,Tokrika,die-aldor,384,warrior,protection,6,4,2
50698,Mandiso,norgannon,381,warrior,protection,14,4,10
50699,Flinn,die-nachtwache,376,warrior,protection,18,4,14
50700,Davetsiz,burning-legion,288,warrior,protection,12,3,9
50701,Маллал,soulflayer,192,warrior,protection,6,2,4
50702,Денеур,gordunni,192,warrior,protection,6,2,4
50703,Valem,suramar,96,warrior,protection,6,1,5
50704,Warrqury,ravencrest,96,warrior,protection,6,1,5
50705,Jøtas,dun-modr,96,warrior,protection,12,1,11
50706,Asuvia,argent-dawn,96,warrior,protection,12,1,11
50707,Callipsa,argent-dawn,96,warrior,protection,12,1,11
