,name,realm,rating,cls,spec,play,win,lose
0,Эваер,blackscar,1506,deathknight,blood,60,29,31
1,Rahbekius,kazzak,1475,deathknight,blood,131,54,77
2,Nîghtmáre,ravencrest,1150,deathknight,blood,29,16,13
3,Horrorda,defias-brotherhood,1119,deathknight,blood,27,14,13
4,Maylined,antonidas,576,deathknight,blood,12,6,6
5,Оосака,gordunni,573,deathknight,blood,24,6,18
6,Pinkish,argent-dawn,379,deathknight,blood,12,4,8
7,Барагган,thermaplugg,288,deathknight,blood,6,3,3
8,Кмамехочу,howling-fjord,288,deathknight,blood,18,3,15
9,Schiva,eredar,252,deathknight,blood,11,3,8
10,Хайвейтухэлл,soulflayer,2098,deathknight,unholy,96,48,48
11,Conqueròr,tarren-mill,2083,deathknight,unholy,94,46,48
12,Bóby,ravencrest,2040,deathknight,unholy,195,95,100
13,Leónid,kazzak,1962,deathknight,unholy,72,36,36
14,Нишимба,soulflayer,1962,deathknight,unholy,72,36,36
15,Vakü,burning-legion,1962,deathknight,unholy,238,117,121
16,Кромгона,soulflayer,1961,deathknight,unholy,112,69,43
17,Bedstemoor,ravencrest,1955,deathknight,unholy,90,47,43
18,Enzy,drakthul,1948,deathknight,unholy,42,26,16
19,Шайбовёрт,gordunni,1946,deathknight,unholy,90,48,42
20,Дайтоолгоун,gordunni,1937,deathknight,unholy,113,56,57
21,Shadowdeathj,kazzak,1913,deathknight,unholy,54,27,27
22,Ipanic,argent-dawn,1902,deathknight,unholy,162,88,74
23,Hotcherryx,dun-modr,1901,deathknight,unholy,96,48,48
24,Murky,kazzak,1901,deathknight,unholy,164,79,85
25,Валькейн,blackscar,1883,deathknight,unholy,60,32,28
26,Fxckingmad,ravencrest,1883,deathknight,unholy,72,37,35
27,Akaliz,die-aldor,1876,deathknight,unholy,66,35,31
28,Narali,argent-dawn,1859,deathknight,unholy,72,34,38
29,Vallenhal,twisting-nether,1850,deathknight,unholy,48,23,25
30,Azüla,ysondre,1848,deathknight,unholy,66,30,36
31,Worlviuz,argent-dawn,1847,deathknight,unholy,123,59,64
32,Меланндрис,gordunni,1845,deathknight,unholy,60,44,16
33,Øtherànóther,stormscale,1843,deathknight,unholy,54,30,24
34,Ezlyy,ravencrest,1843,deathknight,unholy,114,60,54
35,Amnésyx,ysondre,1842,deathknight,unholy,64,32,32
36,Дэхон,gordunni,1841,deathknight,unholy,64,37,27
37,Nómòre,ravencrest,1839,deathknight,unholy,60,30,30
38,Mockingbirdo,sanguino,1836,deathknight,unholy,36,24,12
39,Аронас,blackscar,1833,deathknight,unholy,83,42,41
40,Lilshiet,stormreaver,1831,deathknight,unholy,66,30,36
41,Namzera,draenor,1827,deathknight,unholy,114,70,44
42,Bøby,kul-tiras,1827,deathknight,unholy,48,24,24
43,Неондк,eversong,1821,deathknight,unholy,104,53,51
44,Zokko,blackrock,1820,deathknight,unholy,59,31,28
45,Cealdris,blackmoore,1819,deathknight,unholy,30,20,10
46,Обледенение,gordunni,1819,deathknight,unholy,36,19,17
47,Mávé,tarren-mill,1819,deathknight,unholy,59,31,28
48,Lutcher,hellfire,1818,deathknight,unholy,36,20,16
49,Rankor,grim-batol,1816,deathknight,unholy,66,36,30
50,Necrofear,grim-batol,1816,deathknight,unholy,126,62,64
51,Jesûsx,ravencrest,1814,deathknight,unholy,78,45,33
52,Argonat,silvermoon,1814,deathknight,unholy,99,57,42
53,Quizon,tarren-mill,1813,deathknight,unholy,60,31,29
54,Aryash,silvermoon,1812,deathknight,unholy,66,31,35
55,Аоепупс,gordunni,1809,deathknight,unholy,57,28,29
56,Allmawt,argent-dawn,1808,deathknight,unholy,89,51,38
57,Лордэскорт,gordunni,1805,deathknight,unholy,78,37,41
58,Køley,draenor,1804,deathknight,unholy,53,30,23
59,Annabolik,ravencrest,1804,deathknight,unholy,36,19,17
60,Icegrin,silvermoon,1803,deathknight,unholy,150,81,69
61,Butthurtx,stormscale,1802,deathknight,unholy,46,27,19
62,Бургер,soulflayer,1802,deathknight,unholy,78,33,45
63,Inflex,silvermoon,1800,deathknight,unholy,102,51,51
64,Grepetta,argent-dawn,1800,deathknight,unholy,243,121,122
65,Тхиро,gordunni,1797,deathknight,unholy,53,20,33
66,Itreachesout,ravencrest,1792,deathknight,unholy,88,45,43
67,Дайтоолгоун,deathguard,1783,deathknight,unholy,69,38,31
68,Darkknights,archimonde,1774,deathknight,unholy,56,35,21
69,Leomordf,doomhammer,1774,deathknight,unholy,166,92,74
70,Фростинг,gordunni,1757,deathknight,unholy,42,23,19
71,Necrølyte,sylvanas,1748,deathknight,unholy,54,29,25
72,Zerachy,blackmoore,1733,deathknight,unholy,30,19,11
73,Shanariel,khaz-modan,1733,deathknight,unholy,102,58,44
74,Змейняша,soulflayer,1723,deathknight,unholy,90,43,47
75,Skulm,twisting-nether,1722,deathknight,unholy,48,20,28
76,Ghostreign,tarren-mill,1719,deathknight,unholy,68,33,35
77,Aifam,twisting-nether,1717,deathknight,unholy,74,35,39
78,Oscman,silvermoon,1716,deathknight,unholy,111,56,55
79,Koranderx,argent-dawn,1713,deathknight,unholy,30,18,12
80,Ûñhølýðéåthj,tarren-mill,1711,deathknight,unholy,47,23,24
81,Storhøf,sanguino,1710,deathknight,unholy,36,22,14
82,Fabricius,blackrock,1710,deathknight,unholy,48,26,22
83,Слендер,howling-fjord,1705,deathknight,unholy,66,35,31
84,Wôrgenator,kazzak,1704,deathknight,unholy,48,18,30
85,Эриданс,gordunni,1699,deathknight,unholy,124,69,55
86,Kwc,ravencrest,1696,deathknight,unholy,87,43,44
87,Synthwave,tarren-mill,1694,deathknight,unholy,63,29,34
88,Kickbot,outland,1693,deathknight,unholy,154,78,76
89,Vainajala,die-aldor,1691,deathknight,unholy,77,46,31
90,Вирко,eversong,1689,deathknight,unholy,88,46,42
91,Verminosis,stormscale,1689,deathknight,unholy,54,21,33
92,Yandeäth,chants-éternels,1687,deathknight,unholy,71,41,30
93,Unhóly,tarren-mill,1687,deathknight,unholy,84,47,37
94,Кулькулегал,ashenvale,1685,deathknight,unholy,54,27,27
95,Sangíus,blackmoore,1684,deathknight,unholy,245,118,127
96,Sanlex,twisting-nether,1684,deathknight,unholy,115,51,64
97,Thezftw,kazzak,1684,deathknight,unholy,59,25,34
98,Eyyoo,blackmoore,1682,deathknight,unholy,52,24,28
99,ßankoedno,stormscale,1681,deathknight,unholy,120,62,58
100,Wombo,dentarg,1677,deathknight,unholy,57,30,27
101,Lovroo,silvermoon,1677,deathknight,unholy,93,43,50
102,Vatø,tarren-mill,1676,deathknight,unholy,60,27,33
103,Femilista,dun-modr,1671,deathknight,unholy,42,23,19
104,Сантамо,soulflayer,1669,deathknight,unholy,50,27,23
105,Exoflake,kazzak,1669,deathknight,unholy,52,26,26
106,Faznik,twisting-nether,1664,deathknight,unholy,59,28,31
107,Олинф,deathguard,1664,deathknight,unholy,56,23,33
108,Blazeberg,blackrock,1662,deathknight,unholy,58,33,25
109,Andreàs,silvermoon,1662,deathknight,unholy,42,22,20
110,Økah,outland,1659,deathknight,unholy,54,25,29
111,Тыпидо,howling-fjord,1652,deathknight,unholy,48,29,19
112,Feministi,stormreaver,1652,deathknight,unholy,48,24,24
113,Reann,argent-dawn,1649,deathknight,unholy,55,31,24
114,Aeneriah,tarren-mill,1648,deathknight,unholy,61,36,25
115,Кидер,blackscar,1647,deathknight,unholy,53,29,24
116,Ampdk,ravencrest,1647,deathknight,unholy,36,19,17
117,Äyrenn,draenor,1645,deathknight,unholy,61,35,26
118,Arizon,drakthul,1645,deathknight,unholy,72,26,46
119,Nèrfx,ragnaros,1641,deathknight,unholy,66,30,36
120,Leanâdle,hyjal,1640,deathknight,unholy,80,39,41
121,Çruél,silvermoon,1638,deathknight,unholy,48,21,27
122,Bokrak,norgannon,1637,deathknight,unholy,76,50,26
123,Crenshawx,twisting-nether,1636,deathknight,unholy,89,39,50
124,Garrinchá,stormscale,1636,deathknight,unholy,48,21,27
125,Капустас,gordunni,1633,deathknight,unholy,36,21,15
126,Sølîta,archimonde,1632,deathknight,unholy,71,39,32
127,Гронташ,howling-fjord,1628,deathknight,unholy,59,30,29
128,Fraeya,sunstrider,1628,deathknight,unholy,84,40,44
129,Herumor,nerzhul,1627,deathknight,unholy,60,32,28
130,Metalmanethé,tarren-mill,1627,deathknight,unholy,187,96,91
131,Bredox,ravencrest,1626,deathknight,unholy,54,24,30
132,Deathlog,silvermoon,1625,deathknight,unholy,84,42,42
133,Quetza,twisting-nether,1621,deathknight,unholy,36,17,19
134,Necrotic,blackrock,1618,deathknight,unholy,29,18,11
135,Кокосоус,gordunni,1618,deathknight,unholy,36,18,18
136,Аркёт,howling-fjord,1618,deathknight,unholy,42,19,23
137,Gladiadk,ysondre,1618,deathknight,unholy,42,17,25
138,Baltersa,blackhand,1614,deathknight,unholy,48,19,29
139,Pellizquitas,sanguino,1612,deathknight,unholy,30,17,13
140,Lockhead,stormscale,1612,deathknight,unholy,90,50,40
141,Inâste,thrall,1612,deathknight,unholy,36,20,16
142,Oj,darkspear,1611,deathknight,unholy,96,47,49
143,Darkertimes,ragnaros,1610,deathknight,unholy,126,57,69
144,Castlevanía,ravencrest,1609,deathknight,unholy,97,48,49
145,Bíllÿ,kazzak,1605,deathknight,unholy,42,17,25
146,Notsyndra,nemesis,1603,deathknight,unholy,42,23,19
147,Jiodythyy,archimonde,1602,deathknight,unholy,54,23,31
148,Nazgül,drakthul,1600,deathknight,unholy,110,58,52
149,Aceléss,drakthul,1600,deathknight,unholy,42,20,22
150,Deathcaller,zuljin,1593,deathknight,unholy,59,29,30
151,Nommad,archimonde,1587,deathknight,unholy,83,39,44
152,Yusehz,kazzak,1587,deathknight,unholy,47,21,26
153,Deathvid,ravencrest,1586,deathknight,unholy,60,33,27
154,Lichbørn,ragnaros,1585,deathknight,unholy,54,25,29
155,Creatar,kazzak,1582,deathknight,unholy,36,22,14
156,Péterpain,antonidas,1581,deathknight,unholy,42,17,25
157,Ronsôn,terrordar,1578,deathknight,unholy,42,20,22
158,Ghaloob,draenor,1576,deathknight,unholy,42,20,22
159,Ктунец,blackscar,1570,deathknight,unholy,36,19,17
160,Маххес,howling-fjord,1570,deathknight,unholy,36,17,19
161,Söttguetsi,blackrock,1566,deathknight,unholy,41,23,18
162,Motvinden,stormscale,1566,deathknight,unholy,46,22,24
163,Körthazz,hyjal,1563,deathknight,unholy,55,27,28
164,Хорссэ,soulflayer,1562,deathknight,unholy,37,22,15
165,Винерас,soulflayer,1562,deathknight,unholy,66,31,35
166,Вурдулакх,gordunni,1561,deathknight,unholy,96,48,48
167,Моровой,blackscar,1559,deathknight,unholy,41,20,21
168,Oweiowei,blackrock,1558,deathknight,unholy,30,18,12
169,Pavkata,outland,1555,deathknight,unholy,130,68,62
170,Qtxi,nozdormu,1552,deathknight,unholy,96,52,44
171,Vexxed,magtheridon,1549,deathknight,unholy,45,27,18
172,Gargalon,drakthul,1547,deathknight,unholy,54,28,26
173,Turboface,kazzak,1546,deathknight,unholy,60,34,26
174,Apoikos,argent-dawn,1546,deathknight,unholy,36,19,17
175,Элекна,deepholm,1541,deathknight,unholy,48,24,24
176,Кадавров,gordunni,1540,deathknight,unholy,72,37,35
177,Ullefuz,silvermoon,1537,deathknight,unholy,30,21,9
178,Хассандра,galakrond,1537,deathknight,unholy,68,33,35
179,Zoree,draenor,1534,deathknight,unholy,95,50,45
180,Smörj,aggramar,1534,deathknight,unholy,42,17,25
181,Walkeni,defias-brotherhood,1530,deathknight,unholy,35,19,16
182,Алсидис,gordunni,1527,deathknight,unholy,72,29,43
183,Bephomet,onyxia,1524,deathknight,unholy,45,16,29
184,Halez,antonidas,1523,deathknight,unholy,66,34,32
185,Рыжаяпедаль,soulflayer,1522,deathknight,unholy,24,16,8
186,Woddey,blackrock,1520,deathknight,unholy,72,39,33
187,Garasu,eredar,1517,deathknight,unholy,42,16,26
188,Greymarker,kirin-tor,1513,deathknight,unholy,66,37,29
189,Акамахи,ashenvale,1513,deathknight,unholy,30,16,14
190,Zff,hyjal,1510,deathknight,unholy,30,20,10
191,Ardros,eredar,1507,deathknight,unholy,48,23,25
192,Apoikia,argent-dawn,1507,deathknight,unholy,42,19,23
193,Дерайв,gordunni,1506,deathknight,unholy,42,19,23
194,Hellguy,draenor,1506,deathknight,unholy,177,78,99
195,Арцевус,gordunni,1504,deathknight,unholy,70,36,34
196,Megdeath,silvermoon,1504,deathknight,unholy,90,43,47
197,Сванхильда,grom,1503,deathknight,unholy,72,34,38
198,Sîck,bladefist,1503,deathknight,unholy,60,22,38
199,Numnuts,alakir,1502,deathknight,unholy,36,21,15
200,Devilknight,dentarg,1500,deathknight,unholy,136,68,68
201,Ахелекус,blackscar,1498,deathknight,unholy,30,17,13
202,Aleejha,draenor,1496,deathknight,unholy,40,22,18
203,Moko,defias-brotherhood,1495,deathknight,unholy,42,20,22
204,Dörfl,antonidas,1494,deathknight,unholy,81,38,43
205,Барагган,thermaplugg,1489,deathknight,unholy,48,24,24
206,Мёрдерфэйсх,soulflayer,1488,deathknight,unholy,90,46,44
207,Торедх,howling-fjord,1488,deathknight,unholy,60,23,37
208,Riceeater,kazzak,1483,deathknight,unholy,59,29,30
209,Ceranto,frostwolf,1481,deathknight,unholy,71,44,27
210,Лекъса,gordunni,1481,deathknight,unholy,87,44,43
211,Bloodbane,burning-blade,1481,deathknight,unholy,36,18,18
212,Anaralien,ravencrest,1479,deathknight,unholy,89,40,49
213,Maradk,drakthul,1473,deathknight,unholy,41,21,20
214,Deathcam,emerald-dream,1472,deathknight,unholy,71,32,39
215,Derfitt,sanguino,1472,deathknight,unholy,48,20,28
216,Fennro,ysondre,1471,deathknight,unholy,210,89,121
217,Sorostew,twisting-nether,1467,deathknight,unholy,42,23,19
218,Arxelas,sylvanas,1467,deathknight,unholy,115,60,55
219,Salezians,drakthul,1463,deathknight,unholy,53,31,22
220,Utyr,ragnaros,1463,deathknight,unholy,30,16,14
221,Bärdk,forscherliga,1461,deathknight,unholy,77,37,40
222,Rizzlerdk,blackhand,1461,deathknight,unholy,78,30,48
223,Metalist,ravencrest,1460,deathknight,unholy,30,17,13
224,Смердонос,grom,1460,deathknight,unholy,86,48,38
225,Шифычдк,howling-fjord,1460,deathknight,unholy,60,27,33
226,Blízna,kazzak,1459,deathknight,unholy,96,45,51
227,Nospets,kazzak,1459,deathknight,unholy,54,25,29
228,Deusmort,ravencrest,1457,deathknight,unholy,66,26,40
229,Gethunts,drakthul,1455,deathknight,unholy,36,22,14
230,Manovar,archimonde,1455,deathknight,unholy,47,20,27
231,Deadroses,tarren-mill,1453,deathknight,unholy,60,38,22
232,Teljujad,sanguino,1453,deathknight,unholy,92,45,47
233,Xado,frostwolf,1451,deathknight,unholy,78,44,34
234,Нарилуне,blackscar,1451,deathknight,unholy,262,130,132
235,Борнтудай,borean-tundra,1445,deathknight,unholy,48,17,31
236,Quantumshift,ravencrest,1444,deathknight,unholy,36,23,13
237,Unholy,ragnaros,1444,deathknight,unholy,38,20,18
238,Blorin,sylvanas,1441,deathknight,unholy,73,34,39
239,Ðiesel,stormscale,1441,deathknight,unholy,69,25,44
240,Сенкрул,gordunni,1440,deathknight,unholy,72,48,24
241,Smallbaboon,stormreaver,1438,deathknight,unholy,36,15,21
242,Ganessha,sanguino,1437,deathknight,unholy,27,16,11
243,Assgripper,hyjal,1433,deathknight,unholy,30,21,9
244,Facèpalm,ravencrest,1432,deathknight,unholy,47,26,21
245,Спавни,blackscar,1432,deathknight,unholy,135,62,73
246,Sélyne,dalaran,1431,deathknight,unholy,42,15,27
247,Jalapeñofan,tarren-mill,1430,deathknight,unholy,36,18,18
248,Goreshovel,stormscale,1428,deathknight,unholy,36,19,17
249,Babsyknight,wildhammer,1426,deathknight,unholy,78,32,46
250,Анихиме,howling-fjord,1424,deathknight,unholy,75,37,38
251,Skøurge,silvermoon,1421,deathknight,unholy,126,64,62
252,Discochoppa,blackmoore,1421,deathknight,unholy,36,15,21
253,Hawkthuglife,dun-modr,1421,deathknight,unholy,42,17,25
254,Mìa,kragjin,1415,deathknight,unholy,73,33,40
255,Ràiven,blackmoore,1411,deathknight,unholy,35,15,20
256,Terren,ravencrest,1409,deathknight,unholy,52,29,23
257,Xirra,tarren-mill,1409,deathknight,unholy,67,33,34
258,Hêalz,ungoro,1408,deathknight,unholy,66,34,32
259,Pawcio,argent-dawn,1404,deathknight,unholy,84,44,40
260,Arkaris,blackmoore,1402,deathknight,unholy,26,17,9
261,Dkbladet,ravencrest,1400,deathknight,unholy,75,39,36
262,Fýhr,silvermoon,1398,deathknight,unholy,36,18,18
263,Lorvetis,malorne,1395,deathknight,unholy,42,19,23
264,Frostmommy,argent-dawn,1394,deathknight,unholy,87,37,50
265,Unholycard,argent-dawn,1389,deathknight,unholy,36,19,17
266,Sathmayla,silvermoon,1384,deathknight,unholy,29,18,11
267,Hordak,stormscale,1384,deathknight,unholy,39,15,24
268,Gaurk,aggra-português,1382,deathknight,unholy,42,24,18
269,Ithis,zuljin,1379,deathknight,unholy,78,34,44
270,Züg,draenor,1375,deathknight,unholy,54,26,28
271,Gødofredo,dun-modr,1370,deathknight,unholy,60,30,30
272,Tyvra,blackhand,1369,deathknight,unholy,47,17,30
273,Десхоб,soulflayer,1368,deathknight,unholy,120,43,77
274,Fizzdk,pozzo-delleternità,1366,deathknight,unholy,42,19,23
275,Дедхо,soulflayer,1365,deathknight,unholy,36,15,21
276,Jäätynyt,zenedar,1360,deathknight,unholy,111,43,68
277,Arthrex,twisting-nether,1358,deathknight,unholy,36,21,15
278,Draforce,quelthalas,1349,deathknight,unholy,23,15,8
279,Prænklý,blackrock,1348,deathknight,unholy,30,15,15
280,Jihm,silvermoon,1344,deathknight,unholy,123,65,58
281,Ahilus,bladefist,1343,deathknight,unholy,31,15,16
282,Zeghor,ragnaros,1343,deathknight,unholy,42,15,27
283,Segrim,drakthul,1342,deathknight,unholy,26,15,11
284,Крус,blackscar,1342,deathknight,unholy,57,27,30
285,Roaredrick,draenor,1342,deathknight,unholy,87,40,47
286,Хейткрю,howling-fjord,1342,deathknight,unholy,48,21,27
287,Yagoora,silvermoon,1339,deathknight,unholy,33,15,18
288,Брексиен,gordunni,1338,deathknight,unholy,48,14,34
289,Happsor,eredar,1336,deathknight,unholy,36,14,22
290,Alessia,alonsus,1335,deathknight,unholy,24,14,10
291,Pandahapci,ragnaros,1335,deathknight,unholy,30,14,16
292,Sveinnhran,kazzak,1333,deathknight,unholy,94,44,50
293,Akelæ,draenor,1331,deathknight,unholy,56,29,27
294,Evelys,kazzak,1329,deathknight,unholy,34,17,17
295,Kalantii,draenor,1326,deathknight,unholy,36,19,17
296,Ridire,saurfang,1326,deathknight,unholy,43,22,21
297,Nilodk,nemesis,1321,deathknight,unholy,135,70,65
298,Teflonphobos,stormreaver,1320,deathknight,unholy,18,14,4
299,Bloodkatana,drakthul,1320,deathknight,unholy,30,14,16
300,Detrah,argent-dawn,1315,deathknight,unholy,52,27,25
301,Negzul,blackmoore,1314,deathknight,unholy,54,26,28
302,Heyabigail,wildhammer,1312,deathknight,unholy,30,14,16
303,Gareath,ragnaros,1311,deathknight,unholy,36,14,22
304,Sictir,stormscale,1310,deathknight,unholy,188,90,98
305,Zegaan,kazzak,1305,deathknight,unholy,54,22,32
306,Mojodango,outland,1299,deathknight,unholy,26,15,11
307,Reportmeplz,ragnaros,1298,deathknight,unholy,42,20,22
308,Endlesspain,burning-legion,1298,deathknight,unholy,53,22,31
309,Крикед,soulflayer,1297,deathknight,unholy,102,55,47
310,Роземайер,ashenvale,1297,deathknight,unholy,60,29,31
311,Ничер,thermaplugg,1289,deathknight,unholy,24,14,10
312,Reapocalypse,blackhand,1287,deathknight,unholy,119,52,67
313,Бреч,gordunni,1285,deathknight,unholy,42,14,28
314,Tyranus,quelthalas,1282,deathknight,unholy,109,48,61
315,Zelbørk,medivh,1276,deathknight,unholy,30,17,13
316,Альмон,howling-fjord,1276,deathknight,unholy,30,14,16
317,Zracul,nordrassil,1272,deathknight,unholy,85,41,44
318,Jöndas,drakthul,1272,deathknight,unholy,42,20,22
319,Razzvy,darkspear,1271,deathknight,unholy,45,20,25
320,Tanenoss,kazzak,1270,deathknight,unholy,48,20,28
321,Necrozy,aggra-português,1269,deathknight,unholy,84,43,41
322,Morinosei,twisting-nether,1269,deathknight,unholy,59,30,29
323,Necrocancerr,twisting-nether,1269,deathknight,unholy,104,49,55
324,Kaletorn,ragnaros,1265,deathknight,unholy,84,41,43
325,Undtot,azshara,1264,deathknight,unholy,36,16,20
326,Pjthedk,lightbringer,1263,deathknight,unholy,42,21,21
327,Évìl,stormscale,1262,deathknight,unholy,27,14,13
328,Drenodur,amanthul,1261,deathknight,unholy,24,14,10
329,Superere,hyjal,1261,deathknight,unholy,36,17,19
330,Dunkàn,silvermoon,1260,deathknight,unholy,30,21,9
331,Таможникс,soulflayer,1260,deathknight,unholy,23,14,9
332,Lobotomia,burning-blade,1259,deathknight,unholy,47,23,24
333,Reidemorte,minahonda,1259,deathknight,unholy,36,15,21
334,Persefal,nemesis,1259,deathknight,unholy,42,15,27
335,Gûuts,archimonde,1256,deathknight,unholy,174,86,88
336,Dklékata,archimonde,1252,deathknight,unholy,29,15,14
337,Rottenpete,grim-batol,1247,deathknight,unholy,24,13,11
338,Âlîce,culte-de-la-rive-noire,1247,deathknight,unholy,30,15,15
339,Mîîkkaa,blackhand,1247,deathknight,unholy,30,13,17
340,Undeadcell,ravencrest,1245,deathknight,unholy,24,13,11
341,Fishtruction,tarren-mill,1243,deathknight,unholy,60,31,29
342,Raust,xavius,1242,deathknight,unholy,26,13,13
343,Shabiri,twisting-nether,1238,deathknight,unholy,29,14,15
344,Руариди,gordunni,1237,deathknight,unholy,24,13,11
345,Khorag,mannoroth,1235,deathknight,unholy,30,13,17
346,Кристер,lich-king,1234,deathknight,unholy,30,13,17
347,Yousaindk,blackrock,1232,deathknight,unholy,30,13,17
348,Джайвана,soulflayer,1222,deathknight,unholy,112,55,57
349,Ínví,aegwynn,1219,deathknight,unholy,30,13,17
350,Fentanil,elune,1215,deathknight,unholy,76,35,41
351,Abnormus,tarren-mill,1175,deathknight,unholy,45,19,26
352,Ezreo,neptulon,1167,deathknight,unholy,31,14,17
353,Ashlëy,kaelthas,1159,deathknight,unholy,120,62,58
354,Râke,teldrassil,1152,deathknight,unholy,24,12,12
355,Fyrkadk,aegwynn,1151,deathknight,unholy,24,12,12
356,Dklol,dun-morogh,1150,deathknight,unholy,36,14,22
357,Eltorro,ravencrest,1150,deathknight,unholy,36,13,23
358,Numnutz,alakir,1149,deathknight,unholy,25,13,12
359,Lurkkiss,ravencrest,1149,deathknight,unholy,30,12,18
360,Frege,tarren-mill,1149,deathknight,unholy,30,12,18
361,Линфео,galakrond,1149,deathknight,unholy,36,12,24
362,Zugzugdecay,kazzak,1148,deathknight,unholy,24,12,12
363,Triffdich,blackrock,1146,deathknight,unholy,30,12,18
364,Клиссанг,razuvious,1146,deathknight,unholy,42,12,30
365,Nødder,ragnaros,1145,deathknight,unholy,18,12,6
366,Späwn,ysondre,1145,deathknight,unholy,30,12,18
367,Trialist,dun-modr,1143,deathknight,unholy,24,12,12
368,Mãshi,hyjal,1140,deathknight,unholy,59,26,33
369,Sevatar,zuljin,1137,deathknight,unholy,18,12,6
370,Fineral,argent-dawn,1134,deathknight,unholy,24,12,12
371,Aesthaetik,draenor,1133,deathknight,unholy,22,13,9
372,Jowân,blackmoore,1131,deathknight,unholy,24,13,11
373,Qmy,outland,1131,deathknight,unholy,24,12,12
374,Dêku,aegwynn,1130,deathknight,unholy,79,44,35
375,Asakurai,grim-batol,1126,deathknight,unholy,42,22,20
376,Darkhallow,thrall,1125,deathknight,unholy,101,50,51
377,Híruzen,blackrock,1115,deathknight,unholy,30,15,15
378,Auru,tarren-mill,1111,deathknight,unholy,27,14,13
379,Ârtjom,aegwynn,1106,deathknight,unholy,28,12,16
380,Asakim,tarren-mill,1102,deathknight,unholy,23,12,11
381,Saromón,ravencrest,1101,deathknight,unholy,30,18,12
382,Roykoopa,hyjal,1099,deathknight,unholy,30,13,17
383,Apolyio,outland,1095,deathknight,unholy,35,14,21
384,Nestia,emerald-dream,1090,deathknight,unholy,30,12,18
385,Diatriss,argent-dawn,1078,deathknight,unholy,63,27,36
386,Ahlat,blackmoore,1074,deathknight,unholy,18,12,6
387,Ennigmá,stormscale,1066,deathknight,unholy,24,13,11
388,Квашонка,howling-fjord,1061,deathknight,unholy,36,12,24
389,Likewise,twisting-nether,1056,deathknight,unholy,30,11,19
390,Wallenschøld,kazzak,1055,deathknight,unholy,18,11,7
391,Nysaia,blackmoore,1055,deathknight,unholy,18,11,7
392,Вовчан,howling-fjord,1055,deathknight,unholy,24,11,13
393,Doozz,draenor,1055,deathknight,unholy,30,11,19
394,Turkknight,outland,1053,deathknight,unholy,24,11,13
395,Erodevil,kazzak,1051,deathknight,unholy,30,11,19
396,Аирфрост,howling-fjord,1049,deathknight,unholy,24,11,13
397,Dunklerlord,malfurion,1045,deathknight,unholy,24,11,13
398,Xênôrr,archimonde,1045,deathknight,unholy,24,11,13
399,Ilovegouàng,khaz-modan,1041,deathknight,unholy,36,15,21
400,Охъламон,soulflayer,1033,deathknight,unholy,48,17,31
401,Kixx,bloodfeather,1030,deathknight,unholy,47,17,30
402,Мокраявода,soulflayer,1026,deathknight,unholy,94,49,45
403,Pamplemouse,burning-blade,1016,deathknight,unholy,79,36,43
404,Takåtry,archimonde,1004,deathknight,unholy,30,14,16
405,Tyrannus,earthen-ring,1000,deathknight,unholy,23,13,10
406,Gowther,blackmoore,999,deathknight,unholy,30,16,14
407,Gravetitan,shattrath,999,deathknight,unholy,53,19,34
408,Assasínator,tarren-mill,995,deathknight,unholy,72,37,35
409,Karalun,nagrand,992,deathknight,unholy,54,25,29
410,Gathalion,the-maelstrom,980,deathknight,unholy,48,28,20
411,Trigárdon,antonidas,968,deathknight,unholy,30,16,14
412,Сгеатог,gordunni,960,deathknight,unholy,18,10,8
413,Èvíl,stormscale,960,deathknight,unholy,18,10,8
414,Kaliro,sylvanas,960,deathknight,unholy,18,10,8
415,Кромгондк,soulflayer,960,deathknight,unholy,24,10,14
416,Gripbroblem,nemesis,960,deathknight,unholy,30,10,20
417,Mammacitaa,argent-dawn,959,deathknight,unholy,18,10,8
418,Nasxsy,blackmoore,959,deathknight,unholy,18,10,8
419,Скизм,howling-fjord,959,deathknight,unholy,24,10,14
420,Prekliatylad,burning-blade,959,deathknight,unholy,24,10,14
421,Silvergreed,kazzak,959,deathknight,unholy,24,10,14
422,Анзорини,gordunni,959,deathknight,unholy,30,10,20
423,Dzemoo,drakthul,958,deathknight,unholy,18,10,8
424,Exanex,ragnaros,957,deathknight,unholy,18,10,8
425,Funds,kazzak,957,deathknight,unholy,24,10,14
426,Logoz,dun-modr,956,deathknight,unholy,18,10,8
427,Fpsrvg,minahonda,956,deathknight,unholy,53,23,30
428,Шейзо,soulflayer,954,deathknight,unholy,16,11,5
429,Sigarå,twisting-nether,945,deathknight,unholy,24,10,14
430,Recoil,blackrock,925,deathknight,unholy,20,11,9
431,Abcdk,sargeras,925,deathknight,unholy,20,11,9
432,Fluffínator,kazzak,915,deathknight,unholy,26,11,15
433,Sang,deathwing,912,deathknight,unholy,15,11,4
434,Kaldhan,nemesis,910,deathknight,unholy,24,10,14
435,Nauser,kazzak,906,deathknight,unholy,29,10,19
436,Lastdragon,dun-modr,896,deathknight,unholy,30,12,18
437,Лордэнергон,gordunni,888,deathknight,unholy,16,10,6
438,Restodrowd,tarren-mill,888,deathknight,unholy,24,11,13
439,Orcborg,zuljin,868,deathknight,unholy,25,10,15
440,Panorboy,tarren-mill,864,deathknight,unholy,18,9,9
441,Khalifamia,alonsus,864,deathknight,unholy,18,9,9
442,Usbdock,stormscale,864,deathknight,unholy,18,9,9
443,Catloaf,silvermoon,864,deathknight,unholy,24,9,15
444,Geraltbg,twisting-nether,864,deathknight,unholy,24,9,15
445,Linuzbunny,zenedar,863,deathknight,unholy,12,9,3
446,Styxdk,blackhand,863,deathknight,unholy,18,9,9
447,Bertonilo,burning-legion,863,deathknight,unholy,18,9,9
448,Synchronic,stormscale,863,deathknight,unholy,18,9,9
449,Frostplague,aegwynn,863,deathknight,unholy,24,9,15
450,Vrez,argent-dawn,862,deathknight,unholy,24,9,15
451,Veçh,turalyon,861,deathknight,unholy,30,9,21
452,Тзинч,soulflayer,859,deathknight,unholy,18,9,9
453,Dzahnecro,archimonde,858,deathknight,unholy,18,9,9
454,Кмамехочу,howling-fjord,857,deathknight,unholy,12,9,3
455,Tarfu,kazzak,856,deathknight,unholy,18,9,9
456,Marcianorock,dalaran,850,deathknight,unholy,18,9,9
457,Mellowqt,aegwynn,846,deathknight,unholy,24,9,15
458,Deathcleave,burning-legion,845,deathknight,unholy,23,9,14
459,Arthursq,stormscale,835,deathknight,unholy,30,12,18
460,Cryistyx,draenor,828,deathknight,unholy,14,10,4
461,Малп,gordunni,827,deathknight,unholy,18,9,9
462,Zot,twisting-nether,814,deathknight,unholy,18,10,8
463,Branchë,stormscale,814,deathknight,unholy,21,10,11
464,Beinlausi,dalaran,807,deathknight,unholy,15,9,6
465,Шмуркич,gordunni,798,deathknight,unholy,23,10,13
466,Некронн,grom,795,deathknight,unholy,17,9,8
467,Oldu,haomarush,794,deathknight,unholy,39,15,24
468,Radan,stormscale,768,deathknight,unholy,12,8,4
469,Wórzzag,arygos,768,deathknight,unholy,12,8,4
470,Critycal,draenor,768,deathknight,unholy,12,8,4
471,Preddktwo,twisting-nether,768,deathknight,unholy,12,8,4
472,Шадоудез,gordunni,768,deathknight,unholy,12,8,4
473,Aladonreith,zenedar,768,deathknight,unholy,12,8,4
474,Psychopathz,tarren-mill,768,deathknight,unholy,12,8,4
475,Barnëylord,argent-dawn,768,deathknight,unholy,12,8,4
476,Schweezlord,tarren-mill,768,deathknight,unholy,12,8,4
477,Rimda,twisting-nether,768,deathknight,unholy,12,8,4
478,Sanuky,blackrock,768,deathknight,unholy,18,8,10
479,Apacstanya,ragnaros,768,deathknight,unholy,18,8,10
480,Кромгак,soulflayer,768,deathknight,unholy,18,8,10
481,Juliean,blackmoore,768,deathknight,unholy,18,8,10
482,Senkingodx,ravencrest,768,deathknight,unholy,24,8,16
483,Zatrina,blackrock,768,deathknight,unholy,24,8,16
484,Fosswire,stormscale,767,deathknight,unholy,12,8,4
485,Amelia,ambossar,767,deathknight,unholy,12,8,4
486,Lavonobatas,kazzak,767,deathknight,unholy,12,8,4
487,Epoch,azjolnerub,767,deathknight,unholy,24,8,16
488,Nuadar,outland,767,deathknight,unholy,24,8,16
489,Raizhen,ragnaros,767,deathknight,unholy,24,8,16
490,Payat,aegwynn,766,deathknight,unholy,12,8,4
491,Krinoe,dalaran,766,deathknight,unholy,18,8,10
492,Elíta,draenor,766,deathknight,unholy,18,8,10
493,Zombienatíon,silvermoon,766,deathknight,unholy,24,8,16
494,Kazay,madmortem,763,deathknight,unholy,18,8,10
495,Деркхаус,soulflayer,762,deathknight,unholy,12,8,4
496,Badbrian,draenor,760,deathknight,unholy,12,8,4
497,Rognvald,les-sentinelles,755,deathknight,unholy,17,11,6
498,Ricardiob,argent-dawn,748,deathknight,unholy,16,9,7
499,Nickolass,skullcrusher,747,deathknight,unholy,18,8,10
500,Tesasd,silvermoon,732,deathknight,unholy,22,9,13
501,Aldramil,gorgonnash,726,deathknight,unholy,24,9,15
502,Dzwiadke,burning-legion,718,deathknight,unholy,27,8,19
503,Промештейн,gordunni,712,deathknight,unholy,29,10,19
504,Jess,blackhand,694,deathknight,unholy,17,8,9
505,Полонит,gordunni,672,deathknight,unholy,12,7,5
506,Judin,kazzak,672,deathknight,unholy,12,7,5
507,Зибак,soulflayer,672,deathknight,unholy,12,7,5
508,Chrispbacøn,ragnaros,672,deathknight,unholy,12,7,5
509,Gushik,twisting-nether,672,deathknight,unholy,12,7,5
510,Gøretterog,ysondre,672,deathknight,unholy,12,7,5
511,Moonpoxdk,nerathor,672,deathknight,unholy,12,7,5
512,Никнейм,gordunni,672,deathknight,unholy,18,7,11
513,Darkarthás,aegwynn,672,deathknight,unholy,18,7,11
514,Dräpârn,sylvanas,672,deathknight,unholy,18,7,11
515,Gadres,aegwynn,672,deathknight,unholy,18,7,11
516,Yamisukehiro,drakthul,672,deathknight,unholy,18,7,11
517,Чумазная,howling-fjord,672,deathknight,unholy,18,7,11
518,Soulchaos,ravencrest,672,deathknight,unholy,18,7,11
519,Bigdickdk,ragnaros,672,deathknight,unholy,18,7,11
520,Unholykebab,defias-brotherhood,672,deathknight,unholy,18,7,11
521,Dimania,the-maelstrom,672,deathknight,unholy,24,7,17
522,Smightydk,kazzak,671,deathknight,unholy,12,7,5
523,Дэдушка,gordunni,671,deathknight,unholy,12,7,5
524,Empiu,blackhand,671,deathknight,unholy,12,7,5
525,Ультерис,deathguard,671,deathknight,unholy,12,7,5
526,Gegham,ravencrest,671,deathknight,unholy,12,7,5
527,Mcrune,ravencrest,671,deathknight,unholy,18,7,11
528,Defeated,thrall,671,deathknight,unholy,18,7,11
529,Ráisy,outland,671,deathknight,unholy,24,7,17
530,Amencore,kazzak,670,deathknight,unholy,14,7,7
531,Unzul,twisting-nether,660,deathknight,unholy,12,7,5
532,Dekayo,blackrock,640,deathknight,unholy,16,7,9
533,Dasvidania,ragnaros,576,deathknight,unholy,6,6,0
534,Duriel,stormscale,576,deathknight,unholy,12,6,6
535,Nephalêm,thrall,576,deathknight,unholy,12,6,6
536,Kurían,burning-legion,576,deathknight,unholy,12,6,6
537,Swordkill,drakthul,576,deathknight,unholy,12,6,6
538,Lemain,drakthul,576,deathknight,unholy,12,6,6
539,Mefhesto,tarren-mill,576,deathknight,unholy,12,6,6
540,Myeltior,kazzak,576,deathknight,unholy,12,6,6
541,Ketnissq,blackrock,576,deathknight,unholy,12,6,6
542,Feelmyfuri,mazrigos,576,deathknight,unholy,12,6,6
543,Дэбон,howling-fjord,576,deathknight,unholy,12,6,6
544,Sfintter,uldum,576,deathknight,unholy,12,6,6
545,Gigadk,ragnaros,576,deathknight,unholy,12,6,6
546,Fatøumatata,archimonde,576,deathknight,unholy,12,6,6
547,Fringles,twisting-nether,576,deathknight,unholy,12,6,6
548,Моорта,soulflayer,576,deathknight,unholy,12,6,6
549,Kebabpizza,argent-dawn,576,deathknight,unholy,12,6,6
550,Maxto,outland,576,deathknight,unholy,12,6,6
551,Critgødx,draenor,576,deathknight,unholy,13,6,7
552,Pestikus,thrall,576,deathknight,unholy,18,6,12
553,Exult,twisting-nether,576,deathknight,unholy,18,6,12
554,Инлакеш,howling-fjord,576,deathknight,unholy,18,6,12
555,Itokawa,tarren-mill,576,deathknight,unholy,18,6,12
556,Oxxöw,draenor,576,deathknight,unholy,18,6,12
557,Darhma,archimonde,576,deathknight,unholy,24,6,18
558,Dekatos,twisting-nether,575,deathknight,unholy,12,6,6
559,Arrakìs,nemesis,575,deathknight,unholy,12,6,6
560,Oldiseas,grim-batol,575,deathknight,unholy,12,6,6
561,Feugen,hyjal,575,deathknight,unholy,12,6,6
562,Mosscraciun,kazzak,575,deathknight,unholy,12,6,6
563,Havi,thunderhorn,575,deathknight,unholy,12,6,6
564,Zathron,blackmoore,574,deathknight,unholy,12,6,6
565,Xawias,ulduar,522,deathknight,unholy,14,7,7
566,Deadpòól,twisting-nether,521,deathknight,unholy,33,7,26
567,Seal,lightnings-blade,511,deathknight,unholy,26,9,17
568,Náthrakh,argent-dawn,480,deathknight,unholy,6,5,1
569,Theamine,silvermoon,480,deathknight,unholy,6,5,1
570,Лордпафос,blackscar,480,deathknight,unholy,6,5,1
571,Deathgrab,twisting-nether,480,deathknight,unholy,6,5,1
572,Scotty,ravencrest,480,deathknight,unholy,6,5,1
573,Izanagii,exodar,480,deathknight,unholy,6,5,1
574,Slade,blackrock,480,deathknight,unholy,12,5,7
575,Dêeath,madmortem,480,deathknight,unholy,12,5,7
576,Wttdmg,kazzak,480,deathknight,unholy,12,5,7
577,Morgianà,argent-dawn,480,deathknight,unholy,12,5,7
578,Rêxaks,dun-modr,480,deathknight,unholy,12,5,7
579,Mamanica,sanguino,480,deathknight,unholy,12,5,7
580,Kelebglin,silvermoon,480,deathknight,unholy,12,5,7
581,Deathkanta,antonidas,480,deathknight,unholy,12,5,7
582,Frostich,ragnaros,480,deathknight,unholy,12,5,7
583,Дядьдим,soulflayer,480,deathknight,unholy,12,5,7
584,Azrìal,agamaggan,480,deathknight,unholy,12,5,7
585,Gigacow,outland,480,deathknight,unholy,12,5,7
586,Deathmonsta,auchindoun,480,deathknight,unholy,12,5,7
587,Luciferon,zenedar,480,deathknight,unholy,12,5,7
588,Шэйп,fordragon,480,deathknight,unholy,12,5,7
589,Shewoman,stormreaver,480,deathknight,unholy,12,5,7
590,Kaeyz,blackmoore,480,deathknight,unholy,12,5,7
591,Sipsip,tarren-mill,480,deathknight,unholy,12,5,7
592,Cbalife,ragnaros,480,deathknight,unholy,12,5,7
593,Миракл,howling-fjord,480,deathknight,unholy,12,5,7
594,Zhugzug,ragnaros,480,deathknight,unholy,12,5,7
595,Rammsteïn,ravencrest,480,deathknight,unholy,15,6,9
596,Shining,blackrock,480,deathknight,unholy,21,6,15
597,Тоши,fordragon,480,deathknight,unholy,18,5,13
598,Xad,blackrock,480,deathknight,unholy,18,5,13
599,Ziuziu,twisting-nether,480,deathknight,unholy,18,5,13
600,Maxïmus,argent-dawn,480,deathknight,unholy,24,5,19
601,Skèltòn,rexxar,479,deathknight,unholy,6,5,1
602,Еххел,soulflayer,479,deathknight,unholy,12,5,7
603,Mjölnir,sanguino,479,deathknight,unholy,12,5,7
604,Kraken,aerie-peak,479,deathknight,unholy,18,5,13
605,Hacknorris,aegwynn,478,deathknight,unholy,12,5,7
606,Нуурргл,howling-fjord,478,deathknight,unholy,18,5,13
607,Mailasse,dalaran,476,deathknight,unholy,10,6,4
608,Kailara,draenor,463,deathknight,unholy,11,5,6
609,Grubbins,kul-tiras,447,deathknight,unholy,11,5,6
610,Táli,tarren-mill,432,deathknight,unholy,15,5,10
611,Ezlar,silvermoon,400,deathknight,unholy,7,5,2
612,Redduck,silvermoon,384,deathknight,unholy,6,4,2
613,Copium,hyjal,384,deathknight,unholy,6,4,2
614,Krisigaped,blackhand,384,deathknight,unholy,6,4,2
615,Yggrauthr,argent-dawn,384,deathknight,unholy,6,4,2
616,Servein,stormscale,384,deathknight,unholy,6,4,2
617,Брюшина,gordunni,384,deathknight,unholy,6,4,2
618,Lichkunt,stormscale,384,deathknight,unholy,6,4,2
619,Emphendk,twisting-nether,384,deathknight,unholy,6,4,2
620,Neph,sanguino,384,deathknight,unholy,6,4,2
621,Helmich,frostmane,384,deathknight,unholy,6,4,2
622,Bølvar,zuljin,384,deathknight,unholy,6,4,2
623,Шуршаня,blackscar,384,deathknight,unholy,6,4,2
624,Sprangers,ravencrest,384,deathknight,unholy,6,4,2
625,Stepknìght,draenor,384,deathknight,unholy,6,4,2
626,Cheethdoom,ragnaros,384,deathknight,unholy,6,4,2
627,Ecormcpz,eredar,384,deathknight,unholy,12,4,8
628,Pängei,frostwolf,384,deathknight,unholy,12,4,8
629,Szayestra,draenor,384,deathknight,unholy,12,4,8
630,Razdig,dun-modr,384,deathknight,unholy,12,4,8
631,Кромгон,soulflayer,384,deathknight,unholy,12,4,8
632,Dreadmind,blackrock,384,deathknight,unholy,12,4,8
633,Demrior,hellfire,384,deathknight,unholy,12,4,8
634,Сивкабурка,fordragon,384,deathknight,unholy,12,4,8
635,Syncros,blackrock,384,deathknight,unholy,12,4,8
636,Агереро,howling-fjord,384,deathknight,unholy,12,4,8
637,Колхозник,howling-fjord,384,deathknight,unholy,12,4,8
638,Zpartan,ragnaros,384,deathknight,unholy,12,4,8
639,Deathboost,archimonde,384,deathknight,unholy,12,4,8
640,Mustakäsi,ravencrest,384,deathknight,unholy,12,4,8
641,Протосеня,soulflayer,384,deathknight,unholy,12,4,8
642,Kratagon,thrall,384,deathknight,unholy,12,4,8
643,Sekkah,tarren-mill,384,deathknight,unholy,12,4,8
644,Алкеокол,soulflayer,384,deathknight,unholy,12,4,8
645,Mawdrym,twisting-nether,384,deathknight,unholy,12,4,8
646,Thoir,ahnqiraj,384,deathknight,unholy,12,4,8
647,Cervâ,twisting-nether,384,deathknight,unholy,12,4,8
648,Derimathras,stormscale,384,deathknight,unholy,12,4,8
649,Sugarcakedk,blackrock,384,deathknight,unholy,18,4,14
650,Cyliandra,silvermoon,384,deathknight,unholy,18,4,14
651,Форнителли,howling-fjord,384,deathknight,unholy,18,4,14
652,Dizin,ravencrest,384,deathknight,unholy,19,4,15
653,Zoombie,draenor,383,deathknight,unholy,6,4,2
654,Cervanteso,uldum,383,deathknight,unholy,6,4,2
655,Fortinateur,dalaran,383,deathknight,unholy,6,4,2
656,Flippmo,argent-dawn,383,deathknight,unholy,9,5,4
657,Aczheron,argent-dawn,383,deathknight,unholy,12,4,8
658,Хворной,howling-fjord,383,deathknight,unholy,12,4,8
659,Gothenburger,darksorrow,383,deathknight,unholy,12,4,8
660,Варрлнишнс,soulflayer,367,deathknight,unholy,11,4,7
661,Ogomegee,ravencrest,352,deathknight,unholy,10,4,6
662,Icyplague,ravencrest,351,deathknight,unholy,8,5,3
663,Millknight,norgannon,341,deathknight,unholy,15,6,9
664,Randomdkxd,ravencrest,304,deathknight,unholy,13,4,9
665,Saryn,burning-steppes,304,deathknight,unholy,13,4,9
666,Jénga,ghostlands,288,deathknight,unholy,6,3,3
667,Мионеелол,goldrinn,288,deathknight,unholy,6,3,3
668,Rävjakt,twisting-nether,288,deathknight,unholy,6,3,3
669,Darknemesis,nemesis,288,deathknight,unholy,6,3,3
670,Joyt,argent-dawn,288,deathknight,unholy,6,3,3
671,Løz,kazzak,288,deathknight,unholy,6,3,3
672,Fredriksend,argent-dawn,288,deathknight,unholy,6,3,3
673,Uvros,bloodhoof,288,deathknight,unholy,6,3,3
674,Израф,soulflayer,288,deathknight,unholy,6,3,3
675,Athanatøs,archimonde,288,deathknight,unholy,6,3,3
676,Feekus,deathwing,288,deathknight,unholy,6,3,3
677,Xisaark,blackrock,288,deathknight,unholy,6,3,3
678,Cyphîllyth,auchindoun,288,deathknight,unholy,6,3,3
679,Galgalí,blackmoore,288,deathknight,unholy,6,3,3
680,Тряпьё,galakrond,288,deathknight,unholy,6,3,3
681,Карвалан,eversong,288,deathknight,unholy,6,3,3
682,Mocca,aegwynn,288,deathknight,unholy,6,3,3
683,Heresjohny,stormrage,288,deathknight,unholy,6,3,3
684,Crudelias,aegwynn,288,deathknight,unholy,6,3,3
685,Dakyforfun,ravencrest,288,deathknight,unholy,6,3,3
686,Krookidk,archimonde,288,deathknight,unholy,6,3,3
687,Tenzøftw,archimonde,288,deathknight,unholy,6,3,3
688,Frostbone,ravencrest,288,deathknight,unholy,6,3,3
689,Clérora,argent-dawn,288,deathknight,unholy,6,3,3
690,Merekx,emerald-dream,288,deathknight,unholy,6,3,3
691,Grendul,blackmoore,288,deathknight,unholy,6,3,3
692,Дкшрёдингера,gordunni,288,deathknight,unholy,6,3,3
693,Taylorswiift,tarren-mill,288,deathknight,unholy,6,3,3
694,Calina,frostwolf,288,deathknight,unholy,6,3,3
695,Gbdk,xavius,288,deathknight,unholy,6,3,3
696,Taylorswiftz,tarren-mill,288,deathknight,unholy,6,3,3
697,Puppétmastér,kazzak,288,deathknight,unholy,6,3,3
698,Vip,argent-dawn,288,deathknight,unholy,6,3,3
699,Zfeuda,azshara,288,deathknight,unholy,6,3,3
700,Manego,eredar,288,deathknight,unholy,6,3,3
701,Zêlëph,archimonde,288,deathknight,unholy,6,3,3
702,Альдафьод,howling-fjord,288,deathknight,unholy,6,3,3
703,Wpízdu,aegwynn,288,deathknight,unholy,6,3,3
704,Eibon,drakthul,288,deathknight,unholy,6,3,3
705,Babs,sylvanas,288,deathknight,unholy,6,3,3
706,Krozzytwo,draenor,288,deathknight,unholy,6,3,3
707,Nmedk,grim-batol,288,deathknight,unholy,15,4,11
708,Ashgôrath,defias-brotherhood,288,deathknight,unholy,12,3,9
709,Эвессом,goldrinn,288,deathknight,unholy,12,3,9
710,Cleverb,silvermoon,288,deathknight,unholy,12,3,9
711,Axram,ravencrest,288,deathknight,unholy,12,3,9
712,Drraugrinn,tarren-mill,288,deathknight,unholy,12,3,9
713,Dagë,twisting-nether,288,deathknight,unholy,12,3,9
714,Lair,shendralar,288,deathknight,unholy,12,3,9
715,Tyranuse,kazzak,288,deathknight,unholy,12,3,9
716,Chains,sanguino,288,deathknight,unholy,12,3,9
717,Морталес,azuregos,288,deathknight,unholy,12,3,9
718,Helixsdk,outland,288,deathknight,unholy,12,3,9
719,Plaguebones,ravencrest,288,deathknight,unholy,12,3,9
720,Valanaari,argent-dawn,288,deathknight,unholy,12,3,9
721,Juicyjayho,stormscale,288,deathknight,unholy,12,3,9
722,Каскадёрка,howling-fjord,287,deathknight,unholy,12,3,9
723,Kirkster,terokkar,287,deathknight,unholy,12,3,9
724,Abyad,dalaran,285,deathknight,unholy,12,3,9
725,Narrua,die-aldor,255,deathknight,unholy,11,3,8
726,Hateem,sylvanas,255,deathknight,unholy,11,3,8
727,Difestia,silvermoon,239,deathknight,unholy,5,3,2
728,Даркслэш,howling-fjord,234,deathknight,unholy,17,5,12
729,Charai,blackhand,234,deathknight,unholy,14,4,10
730,Nexium,outland,192,deathknight,unholy,4,3,1
731,Alti,blackmoore,192,deathknight,unholy,4,3,1
732,Шинратенсеи,howling-fjord,192,deathknight,unholy,6,2,4
733,Jixcore,draenor,192,deathknight,unholy,6,2,4
734,Буризан,blackscar,192,deathknight,unholy,6,2,4
735,Bubbledeath,tarren-mill,192,deathknight,unholy,6,2,4
736,Haeydez,draenor,192,deathknight,unholy,6,2,4
737,Engelinä,ysondre,192,deathknight,unholy,6,2,4
738,Kromas,silvermoon,192,deathknight,unholy,6,2,4
739,Valkion,nemesis,192,deathknight,unholy,6,2,4
740,Njor,twisting-nether,192,deathknight,unholy,6,2,4
741,Eigrin,argent-dawn,192,deathknight,unholy,6,2,4
742,Iziqroi,archimonde,192,deathknight,unholy,6,2,4
743,Zixcommixx,hyjal,192,deathknight,unholy,6,2,4
744,Feldøøm,nemesis,192,deathknight,unholy,6,2,4
745,Norux,alonsus,192,deathknight,unholy,6,2,4
746,Mustapha,kazzak,192,deathknight,unholy,6,2,4
747,Bigblackgrip,hyjal,192,deathknight,unholy,6,2,4
748,Unholyysteel,silvermoon,192,deathknight,unholy,6,2,4
749,Гнилец,soulflayer,192,deathknight,unholy,6,2,4
750,Letudra,outland,192,deathknight,unholy,6,2,4
751,Urukaye,silvermoon,192,deathknight,unholy,6,2,4
752,Hoggster,kazzak,192,deathknight,unholy,6,2,4
753,Scorbion,kilrogg,192,deathknight,unholy,6,2,4
754,Amyntasz,twisting-nether,192,deathknight,unholy,6,2,4
755,Clipe,sanguino,192,deathknight,unholy,6,2,4
756,Postura,kazzak,192,deathknight,unholy,6,2,4
757,Scareanger,argent-dawn,192,deathknight,unholy,6,2,4
758,Doubledead,the-maelstrom,192,deathknight,unholy,6,2,4
759,Аэрит,howling-fjord,192,deathknight,unholy,6,2,4
760,Lithics,blades-edge,192,deathknight,unholy,6,2,4
761,Homelándér,blackmoore,192,deathknight,unholy,6,2,4
762,Worldwiynd,ravencrest,192,deathknight,unholy,6,2,4
763,Elendren,blackrock,192,deathknight,unholy,6,2,4
764,Nihilistyx,blackrock,192,deathknight,unholy,6,2,4
765,Glower,burning-blade,192,deathknight,unholy,6,2,4
766,Kacpèr,burning-legion,192,deathknight,unholy,6,2,4
767,Barnalord,dentarg,192,deathknight,unholy,6,2,4
768,Thryndiel,ravencrest,192,deathknight,unholy,6,2,4
769,Fdkgotbuffed,tarren-mill,192,deathknight,unholy,6,2,4
770,Bårêlýgød,blackmoore,192,deathknight,unholy,6,2,4
771,Dk,earthen-ring,192,deathknight,unholy,6,2,4
772,Alameda,nathrezim,192,deathknight,unholy,6,2,4
773,Jodure,silvermoon,192,deathknight,unholy,6,2,4
774,Nirna,argent-dawn,192,deathknight,unholy,12,2,10
775,Vîrus,kazzak,192,deathknight,unholy,12,2,10
776,Гадиния,soulflayer,191,deathknight,unholy,4,3,1
777,Àragørn,blackrock,191,deathknight,unholy,6,2,4
778,Джагат,gordunni,191,deathknight,unholy,12,2,10
779,Ândi,alleria,190,deathknight,unholy,12,2,10
780,Civilredevil,ravencrest,159,deathknight,unholy,5,2,3
781,Calhoun,teldrassil,159,deathknight,unholy,5,2,3
782,Dødsmanna,twisting-nether,144,deathknight,unholy,9,2,7
783,Cayliadk,tarren-mill,138,deathknight,unholy,14,4,10
784,Sämäël,outland,137,deathknight,unholy,8,3,5
785,Auto,hyjal,128,deathknight,unholy,4,2,2
786,Flinsen,blackmoore,106,deathknight,unholy,12,3,9
787,Inmau,sanguino,96,deathknight,unholy,3,2,1
788,Jarhèad,grim-batol,96,deathknight,unholy,10,3,7
789,Peiie,ravencrest,96,deathknight,unholy,6,1,5
790,Spøøk,defias-brotherhood,96,deathknight,unholy,6,1,5
791,Rongos,norgannon,96,deathknight,unholy,6,1,5
792,Джеттар,howling-fjord,96,deathknight,unholy,6,1,5
793,Stely,alonsus,96,deathknight,unholy,6,1,5
794,Yagashi,stormscale,96,deathknight,unholy,6,1,5
795,Cameltôe,frostwolf,96,deathknight,unholy,6,1,5
796,Коилкоилкоил,blackscar,96,deathknight,unholy,6,1,5
797,Кернесса,blackscar,96,deathknight,unholy,6,1,5
798,Dumbclass,wildhammer,96,deathknight,unholy,6,1,5
799,Antexdk,drakthul,96,deathknight,unholy,6,1,5
800,Инфлюминс,soulflayer,96,deathknight,unholy,6,1,5
801,Madsgrip,tarren-mill,96,deathknight,unholy,6,1,5
802,Verssatus,archimonde,96,deathknight,unholy,6,1,5
803,Dextèr,stormreaver,96,deathknight,unholy,6,1,5
804,Bytedk,aggra-português,96,deathknight,unholy,6,1,5
805,Муунрок,howling-fjord,96,deathknight,unholy,6,1,5
806,Unholygunnds,ravencrest,96,deathknight,unholy,6,1,5
807,Fixmybones,frostmane,96,deathknight,unholy,6,1,5
808,Eívór,garrosh,96,deathknight,unholy,6,1,5
809,Sulf,burning-legion,96,deathknight,unholy,6,1,5
810,Madseason,burning-legion,96,deathknight,unholy,6,1,5
811,Wavemaker,kazzak,96,deathknight,unholy,6,1,5
812,Gdubet,kazzak,96,deathknight,unholy,6,1,5
813,Lieven,tarren-mill,96,deathknight,unholy,6,1,5
814,Skrati,das-syndikat,96,deathknight,unholy,6,1,5
815,Sìrmooalot,twisting-nether,96,deathknight,unholy,6,1,5
816,Orrengo,blackrock,96,deathknight,unholy,6,1,5
817,Grimgôr,kazzak,96,deathknight,unholy,6,1,5
818,Mámmôn,malygos,96,deathknight,unholy,7,1,6
819,Buzknight,twisting-nether,96,deathknight,unholy,12,1,11
820,Brasith,outland,96,deathknight,unholy,12,1,11
821,Bestiaccia,nemesis,95,deathknight,unholy,6,1,5
822,Necromedes,kazzak,64,deathknight,unholy,4,1,3
823,Шарабум,howling-fjord,16,deathknight,unholy,7,1,6
824,Никнейм,gordunni,2123,deathknight,frost,102,55,47
825,Garrinchá,stormscale,2040,deathknight,frost,60,36,24
826,Anotherdkx,ravencrest,1997,deathknight,frost,60,36,24
827,Имерсий,gordunni,1929,deathknight,frost,42,26,16
828,Igetmount,draenor,1895,deathknight,frost,36,20,16
829,Viuff,kazzak,1894,deathknight,frost,42,23,19
830,Murbastic,draenor,1866,deathknight,frost,197,96,101
831,Fdkgotbuffed,tarren-mill,1865,deathknight,frost,48,25,23
832,Jeanice,blackhand,1833,deathknight,frost,42,23,19
833,Duriel,stormscale,1739,deathknight,frost,66,39,27
834,Дарргг,ashenvale,1722,deathknight,frost,96,47,49
835,Frostlux,archimonde,1719,deathknight,frost,419,204,215
836,Gorobijec,drakthul,1684,deathknight,frost,96,47,49
837,Mikagoddess,argent-dawn,1668,deathknight,frost,42,22,20
838,Винкис,gordunni,1666,deathknight,frost,54,34,20
839,Rêxaks,dun-modr,1630,deathknight,frost,42,19,23
840,Geunieve,ysondre,1621,deathknight,frost,60,23,37
841,Espatula,ravencrest,1619,deathknight,frost,48,23,25
842,Banishabomb,ragnaros,1615,deathknight,frost,78,39,39
843,Vidofnir,argent-dawn,1611,deathknight,frost,56,31,25
844,Xolaani,outland,1596,deathknight,frost,36,20,16
845,Deucàlyqt,nemesis,1589,deathknight,frost,64,28,36
846,Arxelas,sylvanas,1580,deathknight,frost,166,86,80
847,Kailara,draenor,1556,deathknight,frost,48,26,22
848,Raylenx,uldaman,1543,deathknight,frost,63,31,32
849,Deucalyqt,nemesis,1538,deathknight,frost,66,31,35
850,Diogenisis,arthas,1530,deathknight,frost,36,16,20
851,Dripgrip,ravencrest,1529,deathknight,frost,77,36,41
852,Chakko,ravencrest,1503,deathknight,frost,36,16,20
853,Brawlerbabe,stormscale,1502,deathknight,frost,126,56,70
854,Regniér,frostwolf,1501,deathknight,frost,128,60,68
855,Leónid,kazzak,1486,deathknight,frost,33,17,16
856,Hatriox,outland,1454,deathknight,frost,85,46,39
857,Furleyc,argent-dawn,1433,deathknight,frost,48,29,19
858,Dktroll,blackmoore,1428,deathknight,frost,151,67,84
859,Stevensdk,darkspear,1427,deathknight,frost,36,17,19
860,Кулькулегал,ashenvale,1424,deathknight,frost,24,15,9
861,Fallenjaina,kazzak,1420,deathknight,frost,113,53,60
862,Асаала,soulflayer,1419,deathknight,frost,27,19,8
863,Маклайкнайт,gordunni,1417,deathknight,frost,78,36,42
864,Skorice,dalaran,1415,deathknight,frost,42,17,25
865,Düksito,dun-modr,1392,deathknight,frost,63,32,31
866,Флаттершайдк,booty-bay,1383,deathknight,frost,37,16,21
867,Фростмаран,soulflayer,1373,deathknight,frost,96,45,51
868,Ðeucaly,nemesis,1357,deathknight,frost,66,30,36
869,Mocca,aegwynn,1357,deathknight,frost,52,21,31
870,Selena,blackmoore,1335,deathknight,frost,24,14,10
871,Comehere,norgannon,1321,deathknight,frost,30,19,11
872,Døuffy,hyjal,1319,deathknight,frost,48,24,24
873,Spøøk,defias-brotherhood,1316,deathknight,frost,84,38,46
874,Ihatelife,frostwolf,1304,deathknight,frost,42,19,23
875,Superere,hyjal,1298,deathknight,frost,108,58,50
876,Âlîce,culte-de-la-rive-noire,1297,deathknight,frost,54,26,28
877,Forgive,blackrock,1285,deathknight,frost,28,15,13
878,Devilknight,dentarg,1282,deathknight,frost,60,31,29
879,Кроуфрост,gordunni,1245,deathknight,frost,42,19,23
880,Düks,dun-modr,1238,deathknight,frost,87,39,48
881,Arthasuk,dun-modr,1234,deathknight,frost,74,40,34
882,Twardobaba,burning-legion,1231,deathknight,frost,50,24,26
883,Satyriasis,twisting-nether,1224,deathknight,frost,28,16,12
884,Frostmommy,argent-dawn,1214,deathknight,frost,41,16,25
885,Êbøla,sanguino,1199,deathknight,frost,60,25,35
886,Deucalygodx,nemesis,1181,deathknight,frost,42,13,29
887,Krasny,hyjal,1179,deathknight,frost,78,42,36
888,Abnormus,tarren-mill,1179,deathknight,frost,72,38,34
889,Cayliadk,tarren-mill,1174,deathknight,frost,167,76,91
890,Aceléss,drakthul,1150,deathknight,frost,18,12,6
891,Tenzøftw,archimonde,1148,deathknight,frost,24,12,12
892,Neitoperho,frostmane,1148,deathknight,frost,30,12,18
893,Nôsferatú,amanthul,1145,deathknight,frost,78,39,39
894,Morgouse,kazzak,1145,deathknight,frost,47,17,30
895,Darkchas,silvermoon,1144,deathknight,frost,24,12,12
896,Геннош,howling-fjord,1143,deathknight,frost,24,12,12
897,Zerodude,silvermoon,1142,deathknight,frost,60,30,30
898,Azrador,frostwolf,1140,deathknight,frost,54,21,33
899,Mattesøs,drakthul,1130,deathknight,frost,36,13,23
900,Dkruffos,draenor,1114,deathknight,frost,60,24,36
901,Woddey,blackrock,1073,deathknight,frost,48,22,26
902,Вафельнаяфея,blackscar,1073,deathknight,frost,43,17,26
903,Polimeh,draenor,1060,deathknight,frost,60,32,28
904,Unaxito,sanguino,1052,deathknight,frost,24,11,13
905,Keronaterol,blackhand,1044,deathknight,frost,18,11,7
906,Zioan,jaedenar,1022,deathknight,frost,32,16,16
907,Alastoras,nemesis,1011,deathknight,frost,24,11,13
908,Quantumshift,ravencrest,1004,deathknight,frost,17,11,6
909,Ivik,the-maelstrom,1001,deathknight,frost,32,19,13
910,Zandruq,twisting-nether,983,deathknight,frost,22,11,11
911,Dakyforfun,ravencrest,960,deathknight,frost,12,10,2
912,Flúrrý,kazzak,960,deathknight,frost,24,10,14
913,Клиссанг,razuvious,959,deathknight,frost,18,10,8
914,Ubiystvo,kazzak,955,deathknight,frost,18,10,8
915,Collinná,aegwynn,939,deathknight,frost,30,10,20
916,Mauryr,drakthul,913,deathknight,frost,30,10,20
917,Dursall,thrall,912,deathknight,frost,119,56,63
918,Касуляпвнз,gordunni,902,deathknight,frost,21,10,11
919,Нифер,deathguard,894,deathknight,frost,20,10,10
920,Карвалан,eversong,884,deathknight,frost,36,18,18
921,Peachvajz,turalyon,882,deathknight,frost,54,27,27
922,Kixx,bloodfeather,873,deathknight,frost,53,13,40
923,Fareast,nerathor,865,deathknight,frost,78,36,42
924,Mellion,ragnaros,864,deathknight,frost,12,9,3
925,ßambøøzle,draenor,864,deathknight,frost,18,9,9
926,Løz,kazzak,864,deathknight,frost,18,9,9
927,Zektal,thrall,864,deathknight,frost,18,9,9
928,Nellion,kazzak,864,deathknight,frost,24,9,15
929,Murky,kazzak,863,deathknight,frost,18,9,9
930,Asphyxias,alleria,863,deathknight,frost,18,9,9
931,Wrathlich,tyrande,863,deathknight,frost,18,9,9
932,Nymfo,tirion,862,deathknight,frost,12,9,3
933,Neorteriona,argent-dawn,860,deathknight,frost,18,9,9
934,Vîrus,kazzak,859,deathknight,frost,18,9,9
935,Kãra,ysondre,859,deathknight,frost,18,9,9
936,Belía,blackmoore,854,deathknight,frost,24,9,15
937,Khelthalas,teldrassil,841,deathknight,frost,13,10,3
938,Guillemet,turalyon,830,deathknight,frost,16,10,6
939,Elbaqwan,the-shatar,827,deathknight,frost,30,13,17
940,Craftmaker,eonar,816,deathknight,frost,44,19,25
941,Afadk,kazzak,802,deathknight,frost,48,18,30
942,Ниффер,deathguard,800,deathknight,frost,22,9,13
943,Iaccidens,stormscale,791,deathknight,frost,28,9,19
944,Elendren,blackrock,768,deathknight,frost,12,8,4
945,Селес,ashenvale,768,deathknight,frost,12,8,4
946,Sonnedeath,tarren-mill,768,deathknight,frost,16,9,7
947,Blácked,draenor,767,deathknight,frost,12,8,4
948,Kooklynn,aggra-português,767,deathknight,frost,12,8,4
949,Zaouros,silvermoon,767,deathknight,frost,18,8,10
950,Jollíe,tarren-mill,767,deathknight,frost,24,8,16
951,Арнорос,lich-king,764,deathknight,frost,12,8,4
952,Orcborg,zuljin,764,deathknight,frost,18,8,10
953,Gageth,shadowsong,763,deathknight,frost,33,9,24
954,Fullbusterr,hyjal,761,deathknight,frost,12,8,4
955,Zerdon,frostmane,756,deathknight,frost,12,8,4
956,Lichfils,chogall,745,deathknight,frost,27,8,19
957,Odaijini,archimonde,719,deathknight,frost,17,8,9
958,Madseason,burning-legion,672,deathknight,frost,12,7,5
959,Veneera,emeriss,672,deathknight,frost,12,7,5
960,Малтель,howling-fjord,672,deathknight,frost,12,7,5
961,Gorefiend,kazzak,672,deathknight,frost,12,7,5
962,Halohuntress,outland,671,deathknight,frost,18,7,11
963,Меланндрис,gordunni,669,deathknight,frost,15,8,7
964,Moosbirne,blackhand,669,deathknight,frost,18,7,11
965,Gravehammer,sylvanas,663,deathknight,frost,12,7,5
966,Aczheron,argent-dawn,660,deathknight,frost,24,7,17
967,Планус,booty-bay,576,deathknight,frost,12,6,6
968,Orangatang,dalaran,576,deathknight,frost,12,6,6
969,Narali,argent-dawn,576,deathknight,frost,12,6,6
970,Rubbann,ravencrest,576,deathknight,frost,12,6,6
971,Parayysite,eredar,576,deathknight,frost,18,6,12
972,Tugarinzmey,tarren-mill,575,deathknight,frost,18,6,12
973,Izanagii,exodar,572,deathknight,frost,12,6,6
974,Tyranuse,kazzak,527,deathknight,frost,17,6,11
975,Exodiuss,dalaran,510,deathknight,frost,16,6,10
976,Deckbulle,blackhand,480,deathknight,frost,6,5,1
977,Thebangman,ravencrest,480,deathknight,frost,9,6,3
978,Gringly,tarren-mill,480,deathknight,frost,12,5,7
979,Feelmyfuri,mazrigos,480,deathknight,frost,12,5,7
980,Руин,blackscar,480,deathknight,frost,12,5,7
981,Картафилиус,soulflayer,480,deathknight,frost,12,5,7
982,Worlviuz,argent-dawn,480,deathknight,frost,12,5,7
983,Ûñhølýðéåthj,tarren-mill,480,deathknight,frost,12,5,7
984,Runepride,argent-dawn,480,deathknight,frost,12,5,7
985,Deathknight,spinebreaker,480,deathknight,frost,12,5,7
986,Sindó,blackrock,479,deathknight,frost,12,5,7
987,Ostridz,grim-batol,479,deathknight,frost,12,5,7
988,Xtream,blackmoore,479,deathknight,frost,12,5,7
989,Deadpòól,twisting-nether,479,deathknight,frost,18,5,13
990,Copium,hyjal,477,deathknight,frost,12,5,7
991,Fishtruction,tarren-mill,476,deathknight,frost,12,5,7
992,Kejpo,drakthul,473,deathknight,frost,12,5,7
993,Predatormkdd,ravencrest,429,deathknight,frost,11,5,6
994,Oldiseas,grim-batol,384,deathknight,frost,6,4,2
995,Enzy,drakthul,384,deathknight,frost,6,4,2
996,Namzera,draenor,384,deathknight,frost,6,4,2
997,Indrette,archimonde,384,deathknight,frost,6,4,2
998,Reann,argent-dawn,384,deathknight,frost,6,4,2
999,Gozuryu,kazzak,384,deathknight,frost,6,4,2
1000,Doodcraft,tarren-mill,384,deathknight,frost,12,4,8
1001,Buldog,laughing-skull,384,deathknight,frost,12,4,8
1002,Sipsip,tarren-mill,384,deathknight,frost,12,4,8
1003,Джайвана,soulflayer,384,deathknight,frost,12,4,8
1004,Uthn,outland,384,deathknight,frost,12,4,8
1005,Anasûrimbor,tarren-mill,384,deathknight,frost,12,4,8
1006,Pestilerous,draenor,384,deathknight,frost,12,4,8
1007,Æew,kazzak,384,deathknight,frost,12,4,8
1008,Prokszii,turalyon,384,deathknight,frost,12,4,8
1009,Кокосоус,gordunni,384,deathknight,frost,17,4,13
1010,Фламмивир,gordunni,383,deathknight,frost,6,4,2
1011,Beherith,sunstrider,383,deathknight,frost,6,4,2
1012,Tÿnak,der-mithrilorden,383,deathknight,frost,9,4,5
1013,Eckodk,aggra-português,383,deathknight,frost,12,4,8
1014,Kivo,marécage-de-zangar,383,deathknight,frost,12,4,8
1015,Breeze,xavius,383,deathknight,frost,12,4,8
1016,Бранс,gordunni,383,deathknight,frost,12,4,8
1017,Гадиния,soulflayer,383,deathknight,frost,12,4,8
1018,Belâam,archimonde,383,deathknight,frost,24,4,20
1019,Дневнои,howling-fjord,382,deathknight,frost,12,4,8
1020,Vaanor,draenor,288,deathknight,frost,6,3,3
1021,Kèén,kazzak,288,deathknight,frost,6,3,3
1022,Nazgül,drakthul,288,deathknight,frost,6,3,3
1023,Jjayker,kazzak,288,deathknight,frost,6,3,3
1024,Wintersons,tarren-mill,288,deathknight,frost,6,3,3
1025,Шэйп,fordragon,288,deathknight,frost,6,3,3
1026,Whippy,ravencrest,288,deathknight,frost,6,3,3
1027,Persefal,nemesis,288,deathknight,frost,6,3,3
1028,Moko,defias-brotherhood,288,deathknight,frost,6,3,3
1029,Endlesspain,burning-legion,288,deathknight,frost,6,3,3
1030,Dexterlul,blackmoore,288,deathknight,frost,6,3,3
1031,Apraxia,ravencrest,288,deathknight,frost,6,3,3
1032,Ogomegee,ravencrest,288,deathknight,frost,6,3,3
1033,Merdenhall,argent-dawn,288,deathknight,frost,6,3,3
1034,Modelo,twisting-nether,288,deathknight,frost,6,3,3
1035,Necrozy,aggra-português,288,deathknight,frost,6,3,3
1036,Джеттар,howling-fjord,288,deathknight,frost,6,3,3
1037,Cptneverdie,stormscale,288,deathknight,frost,6,3,3
1038,Cyphîllyth,auchindoun,288,deathknight,frost,6,3,3
1039,Leahthebad,sylvanas,288,deathknight,frost,6,3,3
1040,Xanthic,ravencrest,288,deathknight,frost,6,3,3
1041,Keridíin,twisting-nether,288,deathknight,frost,6,3,3
1042,Raihor,outland,288,deathknight,frost,8,3,5
1043,Thilior,silvermoon,288,deathknight,frost,12,3,9
1044,Eynoway,blackmoore,288,deathknight,frost,12,3,9
1045,Zoree,draenor,288,deathknight,frost,12,3,9
1046,Thedk,voljin,288,deathknight,frost,12,3,9
1047,Тенелла,gordunni,288,deathknight,frost,12,3,9
1048,Prekliatylad,burning-blade,288,deathknight,frost,12,3,9
1049,Zuggandk,tarren-mill,288,deathknight,frost,12,3,9
1050,Dzengiskhan,draenor,288,deathknight,frost,18,3,15
1051,Dekagramcz,drakthul,287,deathknight,frost,6,3,3
1052,Antîlâ,antonidas,286,deathknight,frost,6,3,3
1053,Venthyrgwa,kazzak,284,deathknight,frost,7,5,2
1054,Фэйлстрайк,azuregos,223,deathknight,frost,8,3,5
1055,Chifuyu,azjolnerub,192,deathknight,frost,6,2,4
1056,Deathcardos,die-aldor,192,deathknight,frost,6,2,4
1057,Gotendk,draenor,192,deathknight,frost,6,2,4
1058,Klingenblut,blackrock,192,deathknight,frost,6,2,4
1059,Ilovegouàng,khaz-modan,192,deathknight,frost,6,2,4
1060,Doubledead,the-maelstrom,192,deathknight,frost,6,2,4
1061,Adreak,defias-brotherhood,192,deathknight,frost,6,2,4
1062,Mennal,the-maelstrom,192,deathknight,frost,6,2,4
1063,Køley,draenor,192,deathknight,frost,6,2,4
1064,Grumpykathi,blackmoore,192,deathknight,frost,6,2,4
1065,Doozz,draenor,192,deathknight,frost,6,2,4
1066,Toffy,anetheron,192,deathknight,frost,6,2,4
1067,Seasonfive,arathor,192,deathknight,frost,6,2,4
1068,Pandahapci,ragnaros,192,deathknight,frost,6,2,4
1069,Merdraut,alakir,192,deathknight,frost,6,2,4
1070,Kane,destromath,192,deathknight,frost,6,2,4
1071,Ullefuz,silvermoon,192,deathknight,frost,6,2,4
1072,Leonis,arthas,192,deathknight,frost,6,2,4
1073,Necrossis,stormscale,192,deathknight,frost,6,2,4
1074,Royalcrown,stormscale,192,deathknight,frost,6,2,4
1075,Dreadmind,blackrock,192,deathknight,frost,6,2,4
1076,Vaffe,tarren-mill,192,deathknight,frost,6,2,4
1077,Ratge,hyjal,192,deathknight,frost,6,2,4
1078,Notstacy,dragonblight,192,deathknight,frost,6,2,4
1079,Tyró,ravencrest,192,deathknight,frost,6,2,4
1080,Abadonn,archimonde,192,deathknight,frost,6,2,4
1081,Hordak,stormscale,192,deathknight,frost,6,2,4
1082,Ilaenu,ravencrest,192,deathknight,frost,6,2,4
1083,Narrua,die-aldor,192,deathknight,frost,12,2,10
1084,Deadlygnome,silvermoon,192,deathknight,frost,12,2,10
1085,Scorbion,kilrogg,191,deathknight,frost,7,2,5
1086,Nîghtmáre,ravencrest,159,deathknight,frost,5,2,3
1087,Tzunâ,blackmoore,138,deathknight,frost,21,3,18
1088,Thínkk,ysondre,96,deathknight,frost,6,1,5
1089,Буризан,blackscar,96,deathknight,frost,6,1,5
1090,Tofin,dunemaul,96,deathknight,frost,6,1,5
1091,Syncros,blackrock,96,deathknight,frost,6,1,5
1092,Housemeyster,antonidas,96,deathknight,frost,6,1,5
1093,Discochoppa,blackmoore,96,deathknight,frost,6,1,5
1094,Thryndiel,ravencrest,96,deathknight,frost,6,1,5
1095,Бахлыщ,soulflayer,96,deathknight,frost,6,1,5
1096,Kaeyz,blackmoore,96,deathknight,frost,6,1,5
1097,Dïkcite,archimonde,96,deathknight,frost,6,1,5
1098,Menacê,ravencrest,96,deathknight,frost,6,1,5
1099,Urukaye,silvermoon,96,deathknight,frost,6,1,5
1100,Ezlar,silvermoon,96,deathknight,frost,6,1,5
1101,Cleverb,silvermoon,96,deathknight,frost,6,1,5
1102,Gotbaked,outland,96,deathknight,frost,6,1,5
1103,Arrèsted,aegwynn,96,deathknight,frost,6,1,5
1104,Feddk,stormscale,96,deathknight,frost,6,1,5
1105,Slimez,magtheridon,96,deathknight,frost,6,1,5
1106,Hydross,archimonde,96,deathknight,frost,6,1,5
1107,Gigadk,ragnaros,96,deathknight,frost,6,1,5
1108,Veçh,turalyon,96,deathknight,frost,6,1,5
1109,Arthursq,stormscale,95,deathknight,frost,6,1,5
1110,Assølid,arathor,42,deathknight,frost,11,2,9
1111,Elswavé,kazzak,2262,demonhunter,havoc,102,60,42
1112,Norgàn,die-aldor,2178,demonhunter,havoc,81,44,37
1113,Itsdampbaby,kazzak,2170,demonhunter,havoc,91,48,43
1114,Ðesz,sanguino,2153,demonhunter,havoc,95,52,43
1115,Enysia,twisting-nether,2127,demonhunter,havoc,122,62,60
1116,Heatx,ysondre,2124,demonhunter,havoc,144,83,61
1117,Ohseri,defias-brotherhood,2116,demonhunter,havoc,138,72,66
1118,Melan,sanguino,2116,demonhunter,havoc,108,54,54
1119,Zslebaans,dun-modr,2107,demonhunter,havoc,170,85,85
1120,Лфгхиро,soulflayer,2101,demonhunter,havoc,65,37,28
1121,Razzagall,elune,2101,demonhunter,havoc,54,30,24
1122,Boostbydh,archimonde,2101,demonhunter,havoc,219,115,104
1123,Veon,ravencrest,2075,demonhunter,havoc,269,133,136
1124,Évø,silvermoon,2064,demonhunter,havoc,90,44,46
1125,Aiean,ravencrest,2062,demonhunter,havoc,108,57,51
1126,Cuddlypeanut,argent-dawn,2051,demonhunter,havoc,106,52,54
1127,Battlebruh,ghostlands,2032,demonhunter,havoc,83,39,44
1128,Læsy,antonidas,2026,demonhunter,havoc,107,56,51
1129,Glìmpsêgøðx,twisting-nether,2013,demonhunter,havoc,60,32,28
1130,Íllìðåñgøðx,twisting-nether,2012,demonhunter,havoc,70,37,33
1131,Betterevoker,outland,2000,demonhunter,havoc,102,59,43
1132,Wibez,twisting-nether,1986,demonhunter,havoc,60,39,21
1133,Badtime,malganis,1979,demonhunter,havoc,84,45,39
1134,Norgan,die-aldor,1976,demonhunter,havoc,60,33,27
1135,Zuklio,ysondre,1973,demonhunter,havoc,83,39,44
1136,Anabbele,kazzak,1968,demonhunter,havoc,96,52,44
1137,Paschli,tarren-mill,1963,demonhunter,havoc,114,60,54
1138,Illislan,darksorrow,1955,demonhunter,havoc,209,109,100
1139,Onof,hyjal,1954,demonhunter,havoc,84,42,42
1140,Bxdh,outland,1952,demonhunter,havoc,75,36,39
1141,Мортрэд,gordunni,1950,demonhunter,havoc,66,39,27
1142,Sofun,stormscale,1950,demonhunter,havoc,98,50,48
1143,Pipeandy,kazzak,1946,demonhunter,havoc,95,52,43
1144,Battlebruuh,ghostlands,1935,demonhunter,havoc,66,27,39
1145,Ïîï,archimonde,1934,demonhunter,havoc,79,37,42
1146,Scubaman,tarren-mill,1932,demonhunter,havoc,54,31,23
1147,Oldforwow,outland,1928,demonhunter,havoc,138,75,63
1148,Demonalpha,stormscale,1925,demonhunter,havoc,49,27,22
1149,Iryut,onyxia,1918,demonhunter,havoc,72,39,33
1150,Cydh,auchindoun,1917,demonhunter,havoc,90,45,45
1151,Brawndow,draenor,1914,demonhunter,havoc,93,48,45
1152,Damatche,outland,1910,demonhunter,havoc,136,68,68
1153,Ïfï,archimonde,1909,demonhunter,havoc,107,59,48
1154,Boxssabanned,archimonde,1903,demonhunter,havoc,89,44,45
1155,Gilletteabdi,argent-dawn,1902,demonhunter,havoc,91,44,47
1156,Gíftig,ravencrest,1900,demonhunter,havoc,53,29,24
1157,Истребитель,blackscar,1892,demonhunter,havoc,186,106,80
1158,Çøððøøððøøðð,blackmoore,1883,demonhunter,havoc,84,45,39
1159,Walkmyshoes,twisting-nether,1877,demonhunter,havoc,102,51,51
1160,Tyssra,argent-dawn,1870,demonhunter,havoc,96,42,54
1161,Donkeydh,tarren-mill,1868,demonhunter,havoc,54,36,18
1162,Màuul,ravencrest,1866,demonhunter,havoc,195,97,98
1163,Bojestvena,twisting-nether,1859,demonhunter,havoc,72,36,36
1164,Brolafsen,ravencrest,1859,demonhunter,havoc,66,32,34
1165,Apfelbaum,die-aldor,1857,demonhunter,havoc,60,40,20
1166,Possomhd,kazzak,1856,demonhunter,havoc,114,70,44
1167,Carboen,tarren-mill,1856,demonhunter,havoc,96,52,44
1168,Fiveyearques,sylvanas,1856,demonhunter,havoc,102,49,53
1169,Kebabidin,kazzak,1856,demonhunter,havoc,66,30,36
1170,Mädchen,blackhand,1854,demonhunter,havoc,48,23,25
1171,Dasein,tarren-mill,1852,demonhunter,havoc,54,29,25
1172,Elipireli,doomhammer,1846,demonhunter,havoc,42,20,22
1173,Хэллшок,eversong,1843,demonhunter,havoc,48,28,20
1174,Клопобойка,gordunni,1842,demonhunter,havoc,69,37,32
1175,Bloodwatcher,twisting-nether,1842,demonhunter,havoc,54,27,27
1176,Eyasluna,twisting-nether,1842,demonhunter,havoc,60,29,31
1177,Fotmdehatwo,blackrock,1837,demonhunter,havoc,61,32,29
1178,Nøbodyx,tarren-mill,1837,demonhunter,havoc,66,33,33
1179,Xarôth,eredar,1837,demonhunter,havoc,66,32,34
1180,Ðoksy,archimonde,1835,demonhunter,havoc,60,31,29
1181,Zkrdh,kazzak,1835,demonhunter,havoc,65,33,32
1182,Mongoose,drakthul,1832,demonhunter,havoc,131,68,63
1183,Zeroques,frostmane,1831,demonhunter,havoc,66,33,33
1184,Сасун,galakrond,1831,demonhunter,havoc,69,32,37
1185,Supay,rexxar,1830,demonhunter,havoc,58,31,27
1186,Badtimes,malganis,1829,demonhunter,havoc,237,118,119
1187,Yamehd,stormreaver,1827,demonhunter,havoc,42,26,16
1188,Chxpo,twisting-nether,1826,demonhunter,havoc,89,47,42
1189,Сибу,soulflayer,1825,demonhunter,havoc,48,21,27
1190,Mürh,nordrassil,1824,demonhunter,havoc,54,25,29
1191,Дантеллиан,gordunni,1823,demonhunter,havoc,135,77,58
1192,Khétí,tarren-mill,1821,demonhunter,havoc,101,53,48
1193,Элизар,howling-fjord,1821,demonhunter,havoc,120,61,59
1194,Dadøw,dun-modr,1820,demonhunter,havoc,66,31,35
1195,Malignantx,ragnaros,1819,demonhunter,havoc,54,30,24
1196,Razex,kazzak,1819,demonhunter,havoc,111,59,52
1197,Krm,dun-modr,1818,demonhunter,havoc,38,23,15
1198,Amnésysx,ysondre,1818,demonhunter,havoc,72,35,37
1199,Luwayne,blackmoore,1818,demonhunter,havoc,47,21,26
1200,Dreamslash,tarren-mill,1817,demonhunter,havoc,52,29,23
1201,Airelidari,tyrande,1817,demonhunter,havoc,149,76,73
1202,Flyingwhale,terokkar,1815,demonhunter,havoc,33,21,12
1203,Perna,ghostlands,1814,demonhunter,havoc,74,34,40
1204,Unseenshadow,ragnaros,1813,demonhunter,havoc,60,25,35
1205,Tórstenstøck,ravencrest,1811,demonhunter,havoc,47,31,16
1206,Elsynn,dalaran,1811,demonhunter,havoc,66,35,31
1207,Djratatouill,kazzak,1810,demonhunter,havoc,42,27,15
1208,Nèvér,silvermoon,1809,demonhunter,havoc,60,30,30
1209,Хменчик,soulflayer,1809,demonhunter,havoc,97,47,50
1210,Yúki,blackrock,1809,demonhunter,havoc,48,23,25
1211,Ææçëñ,ravencrest,1808,demonhunter,havoc,36,23,13
1212,Mandariâ,blackmoore,1808,demonhunter,havoc,60,32,28
1213,Çrymemøre,dun-modr,1808,demonhunter,havoc,60,32,28
1214,Jumpmeister,ragnaros,1806,demonhunter,havoc,42,25,17
1215,Gøat,nemesis,1804,demonhunter,havoc,96,55,41
1216,Cláw,ravencrest,1804,demonhunter,havoc,90,45,45
1217,Дэн,blackscar,1802,demonhunter,havoc,48,28,20
1218,Batik,blackmoore,1802,demonhunter,havoc,136,69,67
1219,Barbarinjo,silvermoon,1800,demonhunter,havoc,36,22,14
1220,Миелион,gordunni,1800,demonhunter,havoc,65,29,36
1221,Kindablind,aggramar,1799,demonhunter,havoc,83,40,43
1222,Icekissl,hyjal,1797,demonhunter,havoc,40,20,20
1223,Lassudan,stormreaver,1796,demonhunter,havoc,47,23,24
1224,Finwe,outland,1795,demonhunter,havoc,51,31,20
1225,Mazöku,ravencrest,1787,demonhunter,havoc,72,41,31
1226,Maytherel,blackhand,1787,demonhunter,havoc,102,46,56
1227,Stazó,drakthul,1785,demonhunter,havoc,97,53,44
1228,Vexanic,chamber-of-aspects,1783,demonhunter,havoc,87,45,42
1229,Майотх,gordunni,1783,demonhunter,havoc,113,55,58
1230,Spheria,outland,1780,demonhunter,havoc,123,63,60
1231,Hunee,kazzak,1778,demonhunter,havoc,60,38,22
1232,Funkiller,stormscale,1774,demonhunter,havoc,58,30,28
1233,Felom,garona,1771,demonhunter,havoc,54,32,22
1234,Автокикер,soulflayer,1771,demonhunter,havoc,54,31,23
1235,Pulsefuzzy,burning-legion,1770,demonhunter,havoc,48,28,20
1236,Stickidan,malganis,1770,demonhunter,havoc,60,30,30
1237,Lelaniae,blackhand,1759,demonhunter,havoc,48,20,28
1238,Lagseven,ravencrest,1757,demonhunter,havoc,46,25,21
1239,Mojothejojo,ravencrest,1752,demonhunter,havoc,56,31,25
1240,Primolover,outland,1751,demonhunter,havoc,66,33,33
1241,Billyhassan,kazzak,1742,demonhunter,havoc,48,31,17
1242,Demonmatheo,stormscale,1742,demonhunter,havoc,48,27,21
1243,Rvnx,archimonde,1741,demonhunter,havoc,170,93,77
1244,Zerinitý,outland,1737,demonhunter,havoc,54,29,25
1245,Камуи,gordunni,1737,demonhunter,havoc,60,28,32
1246,Лизарин,gordunni,1735,demonhunter,havoc,47,21,26
1247,Cuirnoir,ravencrest,1734,demonhunter,havoc,36,20,16
1248,Skywålker,stormscale,1733,demonhunter,havoc,57,27,30
1249,Wyna,aggra-português,1732,demonhunter,havoc,65,32,33
1250,Donipwnz,blackrock,1729,demonhunter,havoc,83,35,48
1251,Trashcarlitô,eredar,1726,demonhunter,havoc,56,30,26
1252,Alundil,ravencrest,1725,demonhunter,havoc,60,32,28
1253,Kinstak,sanguino,1725,demonhunter,havoc,54,27,27
1254,Balberith,twisting-nether,1722,demonhunter,havoc,81,44,37
1255,Phesxdh,sylvanas,1721,demonhunter,havoc,98,62,36
1256,Wibergdh,kazzak,1718,demonhunter,havoc,24,18,6
1257,Врежимеэтти,soulflayer,1716,demonhunter,havoc,46,24,22
1258,Eurobeat,dun-modr,1714,demonhunter,havoc,72,42,30
1259,Maevê,frostmourne,1712,demonhunter,havoc,37,19,18
1260,Írony,draenor,1711,demonhunter,havoc,38,20,18
1261,Ewlyna,stormscale,1710,demonhunter,havoc,42,21,21
1262,Satånist,outland,1710,demonhunter,havoc,66,32,34
1263,Mavorz,blackhand,1709,demonhunter,havoc,30,18,12
1264,Depure,blackrock,1707,demonhunter,havoc,48,24,24
1265,Demonichanta,azjolnerub,1706,demonhunter,havoc,178,93,85
1266,Evil,uldum,1704,demonhunter,havoc,101,57,44
1267,Smoothbraiin,ravencrest,1702,demonhunter,havoc,42,23,19
1268,Kïallz,hyjal,1702,demonhunter,havoc,219,117,102
1269,Авилолз,gordunni,1702,demonhunter,havoc,48,25,23
1270,Enfy,twisting-nether,1701,demonhunter,havoc,71,35,36
1271,Indral,argent-dawn,1699,demonhunter,havoc,48,28,20
1272,Merelini,twisting-nether,1699,demonhunter,havoc,34,19,15
1273,Haldin,kazzak,1699,demonhunter,havoc,59,30,29
1274,Аркантт,soulflayer,1699,demonhunter,havoc,122,52,70
1275,Belákor,twisting-nether,1698,demonhunter,havoc,187,95,92
1276,Fruchtzwerg,tarren-mill,1697,demonhunter,havoc,54,31,23
1277,Нэйтиси,soulflayer,1697,demonhunter,havoc,53,26,27
1278,Tanjero,stormscale,1696,demonhunter,havoc,53,36,17
1279,Киттигоплей,soulflayer,1694,demonhunter,havoc,66,34,32
1280,Yousaindh,blackrock,1694,demonhunter,havoc,66,29,37
1281,Simshady,stormscale,1692,demonhunter,havoc,48,30,18
1282,Çôæ,twisting-nether,1691,demonhunter,havoc,99,48,51
1283,Âspen,archimonde,1690,demonhunter,havoc,66,42,24
1284,Zhadrom,ragnaros,1690,demonhunter,havoc,54,24,30
1285,Jawohunt,rexxar,1690,demonhunter,havoc,90,36,54
1286,Lanadelbae,teldrassil,1689,demonhunter,havoc,103,54,49
1287,Dxæn,archimonde,1687,demonhunter,havoc,41,24,17
1288,Uldren,defias-brotherhood,1687,demonhunter,havoc,170,82,88
1289,Fazero,silvermoon,1686,demonhunter,havoc,60,30,30
1290,Aofaye,aegwynn,1686,demonhunter,havoc,59,24,35
1291,Demonkata,twisting-nether,1684,demonhunter,havoc,80,46,34
1292,Susanoø,eredar,1684,demonhunter,havoc,177,96,81
1293,Slutkitten,ravencrest,1684,demonhunter,havoc,48,21,27
1294,Shanaplow,hyjal,1684,demonhunter,havoc,60,26,34
1295,Soizis,drakthul,1682,demonhunter,havoc,42,23,19
1296,Emurid,les-sentinelles,1682,demonhunter,havoc,54,26,28
1297,Guësswho,twisting-nether,1680,demonhunter,havoc,41,20,21
1298,Aethinos,sylvanas,1678,demonhunter,havoc,42,27,15
1299,Ботология,gordunni,1675,demonhunter,havoc,60,30,30
1300,Weez,kilrogg,1675,demonhunter,havoc,78,36,42
1301,Ranked,drakthul,1675,demonhunter,havoc,63,24,39
1302,Ryänåir,ravencrest,1674,demonhunter,havoc,60,36,24
1303,Mentalìst,blackmoore,1674,demonhunter,havoc,63,37,26
1304,Шахдан,howling-fjord,1673,demonhunter,havoc,76,43,33
1305,Xekaul,tarren-mill,1673,demonhunter,havoc,175,84,91
1306,Nuxzhell,tarren-mill,1672,demonhunter,havoc,168,82,86
1307,Felwinter,ravencrest,1670,demonhunter,havoc,84,40,44
1308,Imslapping,draenor,1669,demonhunter,havoc,66,37,29
1309,Shadyblady,nemesis,1664,demonhunter,havoc,70,34,36
1310,Nyalah,eredar,1662,demonhunter,havoc,48,24,24
1311,Nolitara,exodar,1661,demonhunter,havoc,60,33,27
1312,Ðisgraze,argent-dawn,1660,demonhunter,havoc,60,35,25
1313,Shaihulud,sanguino,1658,demonhunter,havoc,163,91,72
1314,Кейтпрнстарс,howling-fjord,1657,demonhunter,havoc,100,53,47
1315,Netherim,twisting-nether,1657,demonhunter,havoc,92,38,54
1316,Sailen,blackmoore,1656,demonhunter,havoc,48,21,27
1317,Faufilé,garona,1655,demonhunter,havoc,42,19,23
1318,Quazr,outland,1653,demonhunter,havoc,175,102,73
1319,Camtoe,ravencrest,1653,demonhunter,havoc,101,57,44
1320,Thorair,ravenholdt,1653,demonhunter,havoc,60,31,29
1321,Felski,outland,1653,demonhunter,havoc,49,23,26
1322,Cheetòs,blackmoore,1651,demonhunter,havoc,30,20,10
1323,Xalgalor,silvermoon,1650,demonhunter,havoc,48,29,19
1324,Velysaría,guldan,1650,demonhunter,havoc,46,25,21
1325,Gigasloth,outland,1646,demonhunter,havoc,30,23,7
1326,Íllìðåñgøðx,antonidas,1646,demonhunter,havoc,108,52,56
1327,Rylqt,blackmoore,1644,demonhunter,havoc,67,33,34
1328,Èfiie,culte-de-la-rive-noire,1644,demonhunter,havoc,41,19,22
1329,Azaleia,archimonde,1643,demonhunter,havoc,130,68,62
1330,Shtahuntna,tarren-mill,1639,demonhunter,havoc,126,74,52
1331,Boozlike,tarren-mill,1637,demonhunter,havoc,72,41,31
1332,Picpouc,archimonde,1637,demonhunter,havoc,54,24,30
1333,Rezer,stormscale,1637,demonhunter,havoc,60,26,34
1334,Nisirae,argent-dawn,1635,demonhunter,havoc,105,62,43
1335,Riptos,blackhand,1635,demonhunter,havoc,46,22,24
1336,ßerdína,tarren-mill,1634,demonhunter,havoc,75,38,37
1337,Temac,magtheridon,1630,demonhunter,havoc,42,22,20
1338,Molntuss,ravencrest,1629,demonhunter,havoc,80,36,44
1339,Reckqt,eredar,1628,demonhunter,havoc,30,17,13
1340,Nøvillain,blackrock,1627,demonhunter,havoc,96,55,41
1341,Юзлескласс,gordunni,1627,demonhunter,havoc,36,20,16
1342,Felen,zuljin,1627,demonhunter,havoc,118,54,64
1343,Xetalar,burning-legion,1626,demonhunter,havoc,144,84,60
1344,Omegapump,ravencrest,1626,demonhunter,havoc,36,19,17
1345,Unkqt,dalaran,1625,demonhunter,havoc,36,20,16
1346,Jumboo,tarren-mill,1625,demonhunter,havoc,53,29,24
1347,Lindzor,frostmane,1624,demonhunter,havoc,47,32,15
1348,Drmanaburn,ravencrest,1624,demonhunter,havoc,30,17,13
1349,Dominik,the-maelstrom,1623,demonhunter,havoc,126,73,53
1350,Mêgumi,kirin-tor,1623,demonhunter,havoc,63,34,29
1351,Koomaliha,outland,1623,demonhunter,havoc,85,42,43
1352,Demobob,tarren-mill,1623,demonhunter,havoc,42,20,22
1353,Jolyh,nemesis,1622,demonhunter,havoc,36,24,12
1354,Sweetpety,tarren-mill,1622,demonhunter,havoc,63,37,26
1355,Demonmancer,ravencrest,1622,demonhunter,havoc,120,64,56
1356,Ðemøñsåy,blackrock,1622,demonhunter,havoc,53,24,29
1357,Пибзянка,howling-fjord,1616,demonhunter,havoc,36,20,16
1358,Sepdy,draenor,1615,demonhunter,havoc,42,23,19
1359,Itadora,antonidas,1615,demonhunter,havoc,36,17,19
1360,Mønkeyx,kazzak,1614,demonhunter,havoc,24,17,7
1361,Azraethx,ravencrest,1614,demonhunter,havoc,48,29,19
1362,Lilfly,twisting-nether,1611,demonhunter,havoc,30,17,13
1363,Anerana,malganis,1611,demonhunter,havoc,42,17,25
1364,Демонблэйдс,gordunni,1610,demonhunter,havoc,30,17,13
1365,Gündüzgezen,silvermoon,1610,demonhunter,havoc,59,30,29
1366,Jeannedäsh,archimonde,1610,demonhunter,havoc,36,17,19
1367,Ted,frostwolf,1610,demonhunter,havoc,36,17,19
1368,Турбосвинья,gordunni,1608,demonhunter,havoc,48,26,22
1369,Przemson,mazrigos,1607,demonhunter,havoc,42,22,20
1370,Râindra,twisting-nether,1607,demonhunter,havoc,168,87,81
1371,Майкелелекек,gordunni,1606,demonhunter,havoc,36,17,19
1372,Havocer,burning-legion,1605,demonhunter,havoc,66,36,30
1373,Despèradø,archimonde,1605,demonhunter,havoc,72,39,33
1374,Èstefany,stormscale,1604,demonhunter,havoc,90,49,41
1375,Zevsa,ravencrest,1604,demonhunter,havoc,48,25,23
1376,Zayláh,ravencrest,1604,demonhunter,havoc,87,42,45
1377,Nixzon,thrall,1604,demonhunter,havoc,78,31,47
1378,Фэсс,soulflayer,1603,demonhunter,havoc,60,32,28
1379,Thingawoop,tarren-mill,1601,demonhunter,havoc,44,22,22
1380,Крикадский,howling-fjord,1598,demonhunter,havoc,84,50,34
1381,Великаямыша,blackscar,1598,demonhunter,havoc,44,26,18
1382,Рейз,howling-fjord,1597,demonhunter,havoc,138,67,71
1383,Speedførce,antonidas,1596,demonhunter,havoc,54,21,33
1384,Demoncyka,twisting-nether,1595,demonhunter,havoc,54,17,37
1385,Misli,stormscale,1594,demonhunter,havoc,42,27,15
1386,Nillrogthedh,stormscale,1594,demonhunter,havoc,96,61,35
1387,Sebyk,doomhammer,1591,demonhunter,havoc,54,32,22
1388,Трукейт,gordunni,1582,demonhunter,havoc,56,33,23
1389,Wojtall,silvermoon,1581,demonhunter,havoc,176,89,87
1390,Neralith,ravencrest,1579,demonhunter,havoc,60,28,32
1391,Геммула,howling-fjord,1575,demonhunter,havoc,144,70,74
1392,Ignasei,archimonde,1572,demonhunter,havoc,53,22,31
1393,Roaf,twisting-nether,1568,demonhunter,havoc,81,40,41
1394,Dhqoo,blackrock,1565,demonhunter,havoc,42,18,24
1395,Zireáel,stormscale,1562,demonhunter,havoc,32,18,14
1396,Lghdtv,ravencrest,1560,demonhunter,havoc,72,36,36
1397,Incanator,tarren-mill,1556,demonhunter,havoc,60,30,30
1398,Zintu,draenor,1554,demonhunter,havoc,108,53,55
1399,Akkita,ravencrest,1552,demonhunter,havoc,84,43,41
1400,Dhzor,twisting-nether,1552,demonhunter,havoc,64,32,32
1401,Däshgødx,stormscale,1543,demonhunter,havoc,54,31,23
1402,Zitx,ravencrest,1543,demonhunter,havoc,65,36,29
1403,Pibzya,ravencrest,1542,demonhunter,havoc,39,19,20
1404,Sidekiq,silvermoon,1540,demonhunter,havoc,41,22,19
1405,Чанпэн,soulflayer,1539,demonhunter,havoc,128,68,60
1406,Dyamo,sylvanas,1538,demonhunter,havoc,243,121,122
1407,Winxclub,ravencrest,1534,demonhunter,havoc,53,32,21
1408,Ambudh,kazzak,1533,demonhunter,havoc,30,16,14
1409,Crappyftw,ravencrest,1533,demonhunter,havoc,167,88,79
1410,Neverdance,ravencrest,1533,demonhunter,havoc,36,16,20
1411,Глефавочко,gordunni,1533,demonhunter,havoc,36,16,20
1412,Neunelfturbo,ravencrest,1532,demonhunter,havoc,18,16,2
1413,Мужичок,soulflayer,1532,demonhunter,havoc,72,39,33
1414,Shylea,ravencrest,1531,demonhunter,havoc,90,48,42
1415,Smydi,blackmoore,1529,demonhunter,havoc,23,22,1
1416,Zedxx,kazzak,1529,demonhunter,havoc,24,16,8
1417,Eyecandy,scarshield-legion,1529,demonhunter,havoc,30,16,14
1418,Eréthrus,ravencrest,1529,demonhunter,havoc,30,16,14
1419,Iphanaa,frostmane,1529,demonhunter,havoc,40,20,20
1420,Kostiq,kazzak,1527,demonhunter,havoc,30,16,14
1421,Alcóhon,ravencrest,1526,demonhunter,havoc,35,17,18
1422,Glímpse,ravencrest,1524,demonhunter,havoc,60,29,31
1423,Garoteromani,draenor,1523,demonhunter,havoc,72,41,31
1424,Snitchezz,blackmoore,1523,demonhunter,havoc,102,55,47
1425,Уполномочен,howling-fjord,1523,demonhunter,havoc,30,16,14
1426,Yeedhlol,blackmoore,1523,demonhunter,havoc,30,16,14
1427,Vênedri,eredar,1522,demonhunter,havoc,36,22,14
1428,Nyalaah,eredar,1522,demonhunter,havoc,30,16,14
1429,Sekørm,ragnaros,1522,demonhunter,havoc,30,16,14
1430,Bestro,tarren-mill,1519,demonhunter,havoc,30,16,14
1431,Akaria,blackrock,1518,demonhunter,havoc,58,39,19
1432,Guccibaby,silvermoon,1517,demonhunter,havoc,54,27,27
1433,Ferihokurva,outland,1515,demonhunter,havoc,30,16,14
1434,Azzïnoth,sargeras,1515,demonhunter,havoc,36,17,19
1435,Сосочков,soulflayer,1515,demonhunter,havoc,94,41,53
1436,Telarris,twisting-nether,1513,demonhunter,havoc,165,94,71
1437,Slaanaesh,kazzak,1511,demonhunter,havoc,45,17,28
1438,Draxie,turalyon,1509,demonhunter,havoc,28,17,11
1439,Blacklidan,blackrock,1509,demonhunter,havoc,40,17,23
1440,Edh,dalaran,1507,demonhunter,havoc,45,18,27
1441,Solarae,silvermoon,1506,demonhunter,havoc,52,27,25
1442,Tenawees,blackmoore,1505,demonhunter,havoc,36,22,14
1443,Цэрри,soulflayer,1501,demonhunter,havoc,60,30,30
1444,Thehûnt,outland,1500,demonhunter,havoc,66,38,28
1445,Nuitrayer,hyjal,1497,demonhunter,havoc,50,33,17
1446,Hauntedseoul,grim-batol,1496,demonhunter,havoc,90,54,36
1447,Dinastye,archimonde,1493,demonhunter,havoc,53,27,26
1448,Dibo,blackmoore,1490,demonhunter,havoc,53,27,26
1449,Échô,tarren-mill,1489,demonhunter,havoc,40,18,22
1450,Jesana,argent-dawn,1488,demonhunter,havoc,84,45,39
1451,Kolrex,ragnaros,1488,demonhunter,havoc,41,20,21
1452,Fullsënd,ragnaros,1486,demonhunter,havoc,90,38,52
1453,Pvpabuser,ravencrest,1483,demonhunter,havoc,47,27,20
1454,Oonn,outland,1482,demonhunter,havoc,45,21,24
1455,Brisingamen,outland,1481,demonhunter,havoc,36,19,17
1456,Сложныйдх,howling-fjord,1480,demonhunter,havoc,30,19,11
1457,Oggidanbuu,tarren-mill,1479,demonhunter,havoc,36,17,19
1458,Tkr,zuljin,1475,demonhunter,havoc,60,35,25
1459,Frevee,outland,1475,demonhunter,havoc,95,54,41
1460,Tamtheone,silvermoon,1475,demonhunter,havoc,72,34,38
1461,Баттлрэп,soulflayer,1473,demonhunter,havoc,74,36,38
1462,Ziltush,archimonde,1472,demonhunter,havoc,98,50,48
1463,Vorbis,twisting-nether,1472,demonhunter,havoc,42,17,25
1464,Treehunter,ravencrest,1470,demonhunter,havoc,30,16,14
1465,Myztiko,hellscream,1470,demonhunter,havoc,140,72,68
1466,Xenca,ravencrest,1469,demonhunter,havoc,29,19,10
1467,Stellarvore,nemesis,1468,demonhunter,havoc,54,25,29
1468,Цезарий,gordunni,1465,demonhunter,havoc,84,40,44
1469,Фумиан,soulflayer,1465,demonhunter,havoc,52,22,30
1470,Rxor,eredar,1464,demonhunter,havoc,42,16,26
1471,Рэгес,howling-fjord,1463,demonhunter,havoc,30,16,14
1472,Lasaka,stormscale,1460,demonhunter,havoc,30,19,11
1473,Împd,ravencrest,1456,demonhunter,havoc,90,43,47
1474,Коньх,goldrinn,1456,demonhunter,havoc,48,21,27
1475,Flaybalbooll,ragnaros,1454,demonhunter,havoc,84,45,39
1476,Cantseêyou,blackmoore,1453,demonhunter,havoc,54,29,25
1477,Ноубрейндыха,gordunni,1453,demonhunter,havoc,60,28,32
1478,Мужна,grom,1452,demonhunter,havoc,34,19,15
1479,Enthia,antonidas,1452,demonhunter,havoc,59,29,30
1480,Duffin,doomhammer,1451,demonhunter,havoc,120,57,63
1481,Ülquiorrä,kazzak,1450,demonhunter,havoc,53,34,19
1482,Аянамирейко,blackscar,1450,demonhunter,havoc,60,36,24
1483,Кирсена,gordunni,1450,demonhunter,havoc,35,17,18
1484,Choclatballs,stormscale,1450,demonhunter,havoc,60,28,32
1485,Shadoss,ravencrest,1447,demonhunter,havoc,54,22,32
1486,Покахонта,soulflayer,1446,demonhunter,havoc,88,47,41
1487,Kékw,stormscale,1445,demonhunter,havoc,42,26,16
1488,Дашажмимету,blackscar,1439,demonhunter,havoc,32,16,16
1489,Mephîsto,sylvanas,1439,demonhunter,havoc,42,20,22
1490,Chotzbrocke,blackhand,1438,demonhunter,havoc,24,15,9
1491,Blizdliksk,outland,1437,demonhunter,havoc,42,22,20
1492,Sturmimon,arthas,1436,demonhunter,havoc,36,15,21
1493,Malakbel,nemesis,1435,demonhunter,havoc,97,47,50
1494,Dhgoddess,kazzak,1434,demonhunter,havoc,30,15,15
1495,Ifeeldirty,draenor,1431,demonhunter,havoc,31,16,15
1496,Métakagoule,ysondre,1431,demonhunter,havoc,81,38,43
1497,Hialdoo,sylvanas,1426,demonhunter,havoc,36,15,21
1498,Méruème,hyjal,1424,demonhunter,havoc,31,16,15
1499,Йактон,soulflayer,1424,demonhunter,havoc,36,15,21
1500,Culywurly,silvermoon,1423,demonhunter,havoc,60,28,32
1501,Enhtailo,draenor,1421,demonhunter,havoc,24,15,9
1502,Ilidrax,hyjal,1421,demonhunter,havoc,30,15,15
1503,Kayzel,argent-dawn,1420,demonhunter,havoc,108,49,59
1504,Doomcake,emeriss,1419,demonhunter,havoc,24,15,9
1505,Эллий,blackscar,1419,demonhunter,havoc,36,15,21
1506,Yugsiturath,drakthul,1418,demonhunter,havoc,42,20,22
1507,Adapterinput,auchindoun,1416,demonhunter,havoc,62,36,26
1508,Toddsnuggles,thrall,1414,demonhunter,havoc,36,23,13
1509,Valarauk,ravencrest,1411,demonhunter,havoc,105,59,46
1510,Illiada,spinebreaker,1411,demonhunter,havoc,30,15,15
1511,Baball,kazzak,1410,demonhunter,havoc,57,31,26
1512,Albunico,draenor,1410,demonhunter,havoc,123,64,59
1513,Ibeem,dentarg,1408,demonhunter,havoc,45,31,14
1514,Бельторо,soulflayer,1407,demonhunter,havoc,69,33,36
1515,Arnokia,kazzak,1407,demonhunter,havoc,78,34,44
1516,Balsza,burning-legion,1406,demonhunter,havoc,30,17,13
1517,Luzifer,ambossar,1406,demonhunter,havoc,129,68,61
1518,Garretos,senjin,1403,demonhunter,havoc,31,22,9
1519,Vaynahi,grim-batol,1401,demonhunter,havoc,72,36,36
1520,Mareen,pozzo-delleternità,1400,demonhunter,havoc,42,21,21
1521,Деструкцыя,howling-fjord,1399,demonhunter,havoc,45,24,21
1522,Древиал,gordunni,1399,demonhunter,havoc,30,16,14
1523,Malabala,grim-batol,1398,demonhunter,havoc,23,15,8
1524,Razziyel,ragnaros,1396,demonhunter,havoc,41,21,20
1525,Дартарин,gordunni,1395,demonhunter,havoc,62,34,28
1526,Immune,aegwynn,1394,demonhunter,havoc,36,17,19
1527,Beerseewälk,ragnaros,1392,demonhunter,havoc,64,30,34
1528,Thugrøse,blackrock,1385,demonhunter,havoc,90,45,45
1529,Tayo,dun-modr,1385,demonhunter,havoc,66,31,35
1530,Hatemrankone,outland,1383,demonhunter,havoc,51,23,28
1531,Cptxo,tarren-mill,1382,demonhunter,havoc,35,16,19
1532,Øbsessiøn,kazzak,1379,demonhunter,havoc,54,24,30
1533,Imlegalblind,ragnaros,1378,demonhunter,havoc,73,31,42
1534,Keanujeeves,dentarg,1376,demonhunter,havoc,60,33,27
1535,Itheos,kazzak,1374,demonhunter,havoc,119,59,60
1536,Adalya,stormrage,1373,demonhunter,havoc,82,35,47
1537,Anstict,kazzak,1371,demonhunter,havoc,48,22,26
1538,Шмальнуть,gordunni,1371,demonhunter,havoc,44,18,26
1539,Khalestya,shendralar,1370,demonhunter,havoc,60,27,33
1540,Súrinox,blackrock,1367,demonhunter,havoc,83,48,35
1541,Seyran,silvermoon,1367,demonhunter,havoc,30,15,15
1542,Afuwarrior,doomhammer,1366,demonhunter,havoc,45,23,22
1543,Iaml,ravencrest,1366,demonhunter,havoc,49,24,25
1544,Monkeypox,twisting-nether,1366,demonhunter,havoc,46,19,27
1545,Olddemon,ravencrest,1363,demonhunter,havoc,35,24,11
1546,Imsickleavme,draenor,1363,demonhunter,havoc,64,32,32
1547,Varedisa,kazzak,1363,demonhunter,havoc,41,19,22
1548,Nezruslfive,dun-modr,1361,demonhunter,havoc,36,18,18
1549,Phudi,tarren-mill,1361,demonhunter,havoc,83,36,47
1550,Alithy,kazzak,1357,demonhunter,havoc,89,49,40
1551,Wrakdh,archimonde,1355,demonhunter,havoc,56,34,22
1552,Агрочика,borean-tundra,1349,demonhunter,havoc,36,16,20
1553,Pówèr,ravencrest,1345,demonhunter,havoc,48,25,23
1554,Thalamis,kazzak,1345,demonhunter,havoc,75,33,42
1555,Darrkdemon,kazzak,1344,demonhunter,havoc,137,62,75
1556,Ларэгар,azuregos,1343,demonhunter,havoc,70,28,42
1557,Icelucard,argent-dawn,1342,demonhunter,havoc,47,23,24
1558,Ragnirok,deathwing,1341,demonhunter,havoc,78,37,41
1559,Grimjow,arthas,1341,demonhunter,havoc,30,14,16
1560,Illídana,azjolnerub,1340,demonhunter,havoc,62,32,30
1561,Nepthýs,blackhand,1338,demonhunter,havoc,33,15,18
1562,Faytundh,kult-der-verdammten,1336,demonhunter,havoc,30,14,16
1563,Hawoc,chamber-of-aspects,1334,demonhunter,havoc,42,26,16
1564,Soca,ysondre,1334,demonhunter,havoc,60,27,33
1565,Оригамушка,gordunni,1332,demonhunter,havoc,30,14,16
1566,Orochimaruu,kargath,1332,demonhunter,havoc,63,22,41
1567,Irenzy,twisting-nether,1331,demonhunter,havoc,30,14,16
1568,Kïng,frostmane,1330,demonhunter,havoc,18,14,4
1569,Checakore,argent-dawn,1329,demonhunter,havoc,66,34,32
1570,Ðraudræm,ravencrest,1329,demonhunter,havoc,83,39,44
1571,Øctågøñ,blackrock,1328,demonhunter,havoc,46,18,28
1572,Kiirtach,dun-modr,1326,demonhunter,havoc,21,15,6
1573,Louloulou,aegwynn,1326,demonhunter,havoc,93,52,41
1574,Theaisbae,twisting-nether,1325,demonhunter,havoc,30,14,16
1575,Lozakum,draenor,1323,demonhunter,havoc,60,30,30
1576,Felleaf,ragnaros,1322,demonhunter,havoc,34,15,19
1577,Геннитиро,deathguard,1321,demonhunter,havoc,24,14,10
1578,Kâtsulol,ysondre,1321,demonhunter,havoc,30,14,16
1579,Zumei,stormreaver,1319,demonhunter,havoc,24,14,10
1580,Иллиферрат,blackscar,1317,demonhunter,havoc,47,21,26
1581,Ilovelilith,zuljin,1316,demonhunter,havoc,51,23,28
1582,Yvrig,eredar,1313,demonhunter,havoc,24,14,10
1583,Obey,exodar,1312,demonhunter,havoc,47,22,25
1584,Notcrashy,eredar,1311,demonhunter,havoc,23,17,6
1585,Délyria,blackhand,1311,demonhunter,havoc,54,32,22
1586,Jayhan,chamber-of-aspects,1311,demonhunter,havoc,68,37,31
1587,Bestdemon,tarren-mill,1311,demonhunter,havoc,39,20,19
1588,Кельдарк,soulflayer,1309,demonhunter,havoc,106,44,62
1589,Мицлейн,gordunni,1309,demonhunter,havoc,57,21,36
1590,Demonk,nemesis,1308,demonhunter,havoc,30,19,11
1591,Sinninse,blackmoore,1308,demonhunter,havoc,30,18,12
1592,Slowcuzclick,stormscale,1307,demonhunter,havoc,85,44,41
1593,Экселия,howling-fjord,1306,demonhunter,havoc,24,14,10
1594,Breezzdh,twisting-nether,1305,demonhunter,havoc,29,14,15
1595,Каралас,soulflayer,1301,demonhunter,havoc,36,21,15
1596,Isila,alakir,1301,demonhunter,havoc,48,17,31
1597,Chapzi,ragnaros,1300,demonhunter,havoc,42,23,19
1598,Luckertwo,tarren-mill,1300,demonhunter,havoc,98,49,49
1599,Cheethless,ragnaros,1300,demonhunter,havoc,36,16,20
1600,Сумърак,grom,1292,demonhunter,havoc,61,27,34
1601,Тарапынька,gordunni,1291,demonhunter,havoc,76,42,34
1602,Coltender,drakthul,1290,demonhunter,havoc,61,28,33
1603,Bläckdëvïl,uldum,1285,demonhunter,havoc,40,25,15
1604,Momochi,silvermoon,1285,demonhunter,havoc,24,14,10
1605,Сильверган,soulflayer,1284,demonhunter,havoc,120,62,58
1606,Billidan,eredar,1282,demonhunter,havoc,54,25,29
1607,Даблкорк,soulflayer,1281,demonhunter,havoc,53,31,22
1608,Ozeey,draenor,1280,demonhunter,havoc,29,14,15
1609,Symbul,blackrock,1279,demonhunter,havoc,42,19,23
1610,Máédhros,ravencrest,1278,demonhunter,havoc,28,14,14
1611,Pleskdh,malganis,1272,demonhunter,havoc,48,20,28
1612,Shizá,burning-legion,1270,demonhunter,havoc,44,22,22
1613,Philona,die-aldor,1269,demonhunter,havoc,87,42,45
1614,Даргсайд,gordunni,1269,demonhunter,havoc,36,16,20
1615,Sabe,ravencrest,1267,demonhunter,havoc,23,14,9
1616,Ämi,blackmoore,1267,demonhunter,havoc,76,31,45
1617,Nanocsika,twisting-nether,1260,demonhunter,havoc,69,35,34
1618,Téthis,uldaman,1257,demonhunter,havoc,54,26,28
1619,Schahmiran,kargath,1252,demonhunter,havoc,30,14,16
1620,Jahannam,ysondre,1251,demonhunter,havoc,48,22,26
1621,Norac,silvermoon,1248,demonhunter,havoc,41,16,25
1622,Kanabiz,outland,1247,demonhunter,havoc,42,16,26
1623,Bokajr,ragnaros,1246,demonhunter,havoc,18,13,5
1624,Rehagen,ysondre,1246,demonhunter,havoc,30,13,17
1625,Burchulica,sylvanas,1245,demonhunter,havoc,24,13,11
1626,Мэйзиквин,howling-fjord,1245,demonhunter,havoc,24,13,11
1627,Найтбладия,gordunni,1243,demonhunter,havoc,24,13,11
1628,Anubias,ravencrest,1243,demonhunter,havoc,36,13,23
1629,Thorno,argent-dawn,1243,demonhunter,havoc,36,13,23
1630,Cptncucumber,blackmoore,1242,demonhunter,havoc,24,13,11
1631,Khray,archimonde,1242,demonhunter,havoc,24,13,11
1632,Xenits,kazzak,1242,demonhunter,havoc,30,13,17
1633,Rabæ,blackhand,1242,demonhunter,havoc,30,13,17
1634,Obitum,burning-legion,1241,demonhunter,havoc,66,32,34
1635,Зарах,gordunni,1241,demonhunter,havoc,30,13,17
1636,Kezumå,tarren-mill,1241,demonhunter,havoc,30,13,17
1637,Easywaay,kazzak,1236,demonhunter,havoc,18,13,5
1638,Gïzmó,tarren-mill,1236,demonhunter,havoc,30,13,17
1639,Claere,blackhand,1234,demonhunter,havoc,75,41,34
1640,Хингарский,deathguard,1234,demonhunter,havoc,24,13,11
1641,Bøøgý,silvermoon,1234,demonhunter,havoc,42,19,23
1642,Thëos,argent-dawn,1233,demonhunter,havoc,48,22,26
1643,Titanslayyer,azjolnerub,1233,demonhunter,havoc,30,13,17
1644,Nvampire,draenor,1230,demonhunter,havoc,18,13,5
1645,Эндимэн,soulflayer,1230,demonhunter,havoc,38,23,15
1646,Nasghul,drakthul,1229,demonhunter,havoc,24,13,11
1647,Djaris,ghostlands,1228,demonhunter,havoc,18,13,5
1648,Alury,blackrock,1228,demonhunter,havoc,24,13,11
1649,Munja,hyjal,1227,demonhunter,havoc,140,74,66
1650,Даудаев,gordunni,1225,demonhunter,havoc,36,19,17
1651,Hirbs,silvermoon,1222,demonhunter,havoc,61,25,36
1652,Ashrena,ysondre,1218,demonhunter,havoc,18,13,5
1653,Betråyêr,draenor,1213,demonhunter,havoc,38,15,23
1654,Thegamesucks,ravencrest,1209,demonhunter,havoc,192,93,99
1655,Bessus,aggra-português,1207,demonhunter,havoc,48,24,24
1656,Davidastt,drakthul,1207,demonhunter,havoc,35,13,22
1657,Maltok,ysondre,1206,demonhunter,havoc,43,21,22
1658,Tharysan,sanguino,1203,demonhunter,havoc,18,13,5
1659,Tokoloshë,ragnaros,1200,demonhunter,havoc,30,16,14
1660,Blisdon,argent-dawn,1197,demonhunter,havoc,24,15,9
1661,Самфор,soulflayer,1197,demonhunter,havoc,66,33,33
1662,Vozol,stormscale,1195,demonhunter,havoc,30,20,10
1663,Lùcîfer,hellfire,1185,demonhunter,havoc,48,21,27
1664,Wréckful,ravencrest,1185,demonhunter,havoc,42,15,27
1665,Люцифэйль,gordunni,1184,demonhunter,havoc,32,15,17
1666,Demonligos,draenor,1183,demonhunter,havoc,72,36,36
1667,Zakaji,blackmoore,1177,demonhunter,havoc,26,13,13
1668,Fikyx,draenor,1177,demonhunter,havoc,32,14,18
1669,Schonevrouw,aszune,1176,demonhunter,havoc,36,20,16
1670,Scarebearz,outland,1171,demonhunter,havoc,54,31,23
1671,Kiriall,blackmoore,1166,demonhunter,havoc,72,33,39
1672,Oxydh,ravencrest,1165,demonhunter,havoc,28,13,15
1673,Дитяхаоса,howling-fjord,1165,demonhunter,havoc,42,15,27
1674,Dämokröte,ambossar,1164,demonhunter,havoc,24,14,10
1675,Lagordin,aggramar,1161,demonhunter,havoc,18,14,4
1676,Athoribos,silvermoon,1160,demonhunter,havoc,60,32,28
1677,Itsukix,stormscale,1153,demonhunter,havoc,36,21,15
1678,Brainlessdmg,ragnaros,1151,demonhunter,havoc,18,12,6
1679,Oniramqt,aegwynn,1151,demonhunter,havoc,24,12,12
1680,Hagana,tirion,1151,demonhunter,havoc,24,12,12
1681,Мишаметапамп,grom,1151,demonhunter,havoc,24,12,12
1682,Hopéless,aggra-português,1151,demonhunter,havoc,24,12,12
1683,Testôdh,blackrock,1151,demonhunter,havoc,30,12,18
1684,Illidrax,outland,1151,demonhunter,havoc,30,12,18
1685,Chïbrøne,archimonde,1151,demonhunter,havoc,36,12,24
1686,Onlyw,ravencrest,1150,demonhunter,havoc,17,13,4
1687,Seleverkauft,antonidas,1149,demonhunter,havoc,18,12,6
1688,Bigboychaos,twisting-nether,1149,demonhunter,havoc,36,19,17
1689,Jórúnn,twisting-nether,1149,demonhunter,havoc,24,12,12
1690,Ардатйякши,borean-tundra,1149,demonhunter,havoc,29,12,17
1691,Daemonax,ragnaros,1149,demonhunter,havoc,30,12,18
1692,Schøck,blackhand,1148,demonhunter,havoc,18,12,6
1693,Brodor,alakir,1148,demonhunter,havoc,24,12,12
1694,Trashclass,draenor,1148,demonhunter,havoc,28,13,15
1695,Sturmovik,ravencrest,1147,demonhunter,havoc,18,12,6
1696,Åelita,burning-legion,1147,demonhunter,havoc,18,12,6
1697,Cynmatic,kargath,1147,demonhunter,havoc,18,12,6
1698,Guanzho,silvermoon,1147,demonhunter,havoc,69,26,43
1699,Exceltor,sanguino,1147,demonhunter,havoc,36,12,24
1700,Zahadius,silvermoon,1146,demonhunter,havoc,18,12,6
1701,Razrsolo,tarren-mill,1145,demonhunter,havoc,24,12,12
1702,Emerelle,die-aldor,1145,demonhunter,havoc,30,12,18
1703,Satanmanna,twisting-nether,1145,demonhunter,havoc,30,12,18
1704,Thkingragnar,sanguino,1144,demonhunter,havoc,18,12,6
1705,Джигурдинец,gordunni,1144,demonhunter,havoc,30,17,13
1706,Убийца,soulflayer,1143,demonhunter,havoc,18,12,6
1707,Anandria,blutkessel,1140,demonhunter,havoc,71,42,29
1708,Poutanaola,twisting-nether,1140,demonhunter,havoc,24,12,12
1709,Dreggath,doomhammer,1139,demonhunter,havoc,53,26,27
1710,Hornyhexy,stormscale,1139,demonhunter,havoc,30,12,18
1711,Gullveîg,archimonde,1136,demonhunter,havoc,24,12,12
1712,Тушино,lich-king,1135,demonhunter,havoc,18,12,6
1713,Øutsider,blackmoore,1131,demonhunter,havoc,42,15,27
1714,Егордемон,soulflayer,1129,demonhunter,havoc,34,15,19
1715,Gurthalak,alakir,1129,demonhunter,havoc,35,14,21
1716,Бичерезх,soulflayer,1127,demonhunter,havoc,24,12,12
1717,Tursal,dun-morogh,1125,demonhunter,havoc,27,14,13
1718,Zyasea,blackmoore,1125,demonhunter,havoc,36,12,24
1719,Sarissa,dun-modr,1120,demonhunter,havoc,26,14,12
1720,Sharhan,sylvanas,1118,demonhunter,havoc,42,16,26
1721,Sua,outland,1116,demonhunter,havoc,24,12,12
1722,Zulthealbino,tarren-mill,1110,demonhunter,havoc,20,13,7
1723,Zengor,twilights-hammer,1109,demonhunter,havoc,28,14,14
1724,Kaizzy,twisting-nether,1107,demonhunter,havoc,78,35,43
1725,Lögan,uldum,1103,demonhunter,havoc,30,14,16
1726,Hellboii,kilrogg,1097,demonhunter,havoc,24,14,10
1727,Twistyy,drakthul,1097,demonhunter,havoc,72,41,31
1728,Hawek,madmortem,1096,demonhunter,havoc,30,16,14
1729,Demonronin,the-maelstrom,1095,demonhunter,havoc,20,12,8
1730,Аллилания,fordragon,1092,demonhunter,havoc,44,29,15
1731,Kebiz,ragnaros,1090,demonhunter,havoc,23,12,11
1732,Embruixada,sanguino,1087,demonhunter,havoc,20,13,7
1733,Antrixa,ravencrest,1087,demonhunter,havoc,23,12,11
1734,Âkazza,archimonde,1086,demonhunter,havoc,26,12,14
1735,Venøøm,eldrethalas,1084,demonhunter,havoc,90,40,50
1736,Мотек,howling-fjord,1084,demonhunter,havoc,54,23,31
1737,Azazelkw,ragnaros,1082,demonhunter,havoc,42,22,20
1738,Дэрзлорд,fordragon,1082,demonhunter,havoc,23,12,11
1739,Stonebanker,turalyon,1079,demonhunter,havoc,23,14,9
1740,Allalina,draenor,1079,demonhunter,havoc,24,13,11
1741,Byah,kazzak,1076,demonhunter,havoc,49,20,29
1742,Ascanius,nemesis,1072,demonhunter,havoc,42,24,18
1743,Айвэнгос,thermaplugg,1072,demonhunter,havoc,45,25,20
1744,Koiskdh,tarren-mill,1071,demonhunter,havoc,22,13,9
1745,Milkeyes,ravencrest,1071,demonhunter,havoc,60,31,29
1746,Bicskas,ragnaros,1070,demonhunter,havoc,32,13,19
1747,Kladius,skullcrusher,1067,demonhunter,havoc,21,12,9
1748,Mojois,ravenholdt,1063,demonhunter,havoc,27,15,12
1749,Gabquist,argent-dawn,1063,demonhunter,havoc,47,25,22
1750,Dantert,zuljin,1056,demonhunter,havoc,18,11,7
1751,Ayyo,agamaggan,1056,demonhunter,havoc,24,11,13
1752,Mittÿ,tarren-mill,1056,demonhunter,havoc,24,11,13
1753,Véin,stormscale,1056,demonhunter,havoc,30,11,19
1754,Dhlee,ravencrest,1055,demonhunter,havoc,18,11,7
1755,Tdh,sanguino,1055,demonhunter,havoc,18,11,7
1756,Cappaowx,ravencrest,1054,demonhunter,havoc,18,11,7
1757,Përry,archimonde,1054,demonhunter,havoc,24,11,13
1758,Cayssaelle,argent-dawn,1053,demonhunter,havoc,18,11,7
1759,Teoma,hyjal,1053,demonhunter,havoc,64,32,32
1760,Dragontwist,sylvanas,1053,demonhunter,havoc,24,11,13
1761,Thedudex,dunemaul,1053,demonhunter,havoc,30,11,19
1762,Crylater,twisting-nether,1052,demonhunter,havoc,18,11,7
1763,Squan,blackmoore,1050,demonhunter,havoc,20,12,8
1764,Aphulucky,kazzak,1050,demonhunter,havoc,30,11,19
1765,Shadowkick,archimonde,1047,demonhunter,havoc,156,76,80
1766,Flowen,stormreaver,1047,demonhunter,havoc,30,11,19
1767,Byakugaan,drakthul,1045,demonhunter,havoc,18,11,7
1768,Trekxx,ragnaros,1044,demonhunter,havoc,18,11,7
1769,Noctilucent,executus,1044,demonhunter,havoc,78,42,36
1770,Metadel,outland,1043,demonhunter,havoc,127,66,61
1771,Kaitlyyn,norgannon,1038,demonhunter,havoc,30,11,19
1772,Нохелет,deepholm,1037,demonhunter,havoc,103,53,50
1773,Aamonath,tarren-mill,1030,demonhunter,havoc,30,16,14
1774,Увиден,eversong,1021,demonhunter,havoc,47,22,25
1775,Vio,jaedenar,1011,demonhunter,havoc,24,14,10
1776,Demontripo,silvermoon,1005,demonhunter,havoc,81,43,38
1777,Delfee,twisting-nether,1005,demonhunter,havoc,54,25,29
1778,Дисофи,soulflayer,1004,demonhunter,havoc,23,11,12
1779,Гарнаш,howling-fjord,993,demonhunter,havoc,60,30,30
1780,Viridisignis,silvermoon,993,demonhunter,havoc,36,16,20
1781,Никельдон,howling-fjord,992,demonhunter,havoc,36,22,14
1782,Hunterston,twisting-nether,992,demonhunter,havoc,68,38,30
1783,Найтшифт,blackscar,991,demonhunter,havoc,16,11,5
1784,Níghtwing,wildhammer,986,demonhunter,havoc,23,11,12
1785,Sintoraz,amanthul,975,demonhunter,havoc,36,21,15
1786,Demonhyan,chants-éternels,975,demonhunter,havoc,55,26,29
1787,Дианист,gordunni,960,demonhunter,havoc,16,11,5
1788,Keýrañe,ragnaros,960,demonhunter,havoc,18,10,8
1789,Анхардх,gordunni,960,demonhunter,havoc,18,10,8
1790,Reckqqt,eredar,960,demonhunter,havoc,18,10,8
1791,Yerla,burning-legion,960,demonhunter,havoc,24,10,14
1792,Shõ,twisting-nether,960,demonhunter,havoc,30,10,20
1793,Íamprepared,tarren-mill,960,demonhunter,havoc,30,10,20
1794,Smâshêd,stormscale,959,demonhunter,havoc,12,10,2
1795,Völkswagen,dun-modr,959,demonhunter,havoc,18,10,8
1796,Tylleröwittu,grim-batol,959,demonhunter,havoc,18,10,8
1797,Катякрылышки,gordunni,959,demonhunter,havoc,18,10,8
1798,Kéftëmé,ravencrest,959,demonhunter,havoc,18,10,8
1799,Гранкрю,blackscar,959,demonhunter,havoc,18,10,8
1800,Zamassu,kazzak,959,demonhunter,havoc,18,10,8
1801,Broglaive,sylvanas,959,demonhunter,havoc,18,10,8
1802,Darnke,silvermoon,959,demonhunter,havoc,30,10,20
1803,Аитерия,gordunni,958,demonhunter,havoc,12,10,2
1804,Shivarræ,stormreaver,958,demonhunter,havoc,18,10,8
1805,Knùbbz,ravencrest,958,demonhunter,havoc,21,11,10
1806,Critlerman,blackmoore,957,demonhunter,havoc,16,11,5
1807,Aedilles,ravencrest,957,demonhunter,havoc,18,10,8
1808,Skarvy,bronze-dragonflight,957,demonhunter,havoc,18,10,8
1809,Vìdhar,tarren-mill,957,demonhunter,havoc,18,10,8
1810,Morphiyy,tarren-mill,955,demonhunter,havoc,18,10,8
1811,Argnils,tarren-mill,953,demonhunter,havoc,12,10,2
1812,Полетела,gordunni,953,demonhunter,havoc,18,10,8
1813,Цейн,azuregos,952,demonhunter,havoc,39,15,24
1814,Jemoer,twisting-nether,951,demonhunter,havoc,20,13,7
1815,Flamme,amanthul,951,demonhunter,havoc,18,11,7
1816,Alandrisz,argent-dawn,949,demonhunter,havoc,30,10,20
1817,Mcsmackface,hellfire,944,demonhunter,havoc,30,10,20
1818,Sinthetyx,quelthalas,940,demonhunter,havoc,24,14,10
1819,Shishiro,alakir,937,demonhunter,havoc,24,10,14
1820,Флеркенкот,galakrond,936,demonhunter,havoc,85,42,43
1821,Yuka,earthen-ring,933,demonhunter,havoc,24,10,14
1822,Nelairia,tarren-mill,931,demonhunter,havoc,18,10,8
1823,Zermut,culte-de-la-rive-noire,925,demonhunter,havoc,17,10,7
1824,Noire,zuljin,917,demonhunter,havoc,29,10,19
1825,Andij,frostwolf,913,demonhunter,havoc,29,11,18
1826,Taliaa,drakthul,911,demonhunter,havoc,21,10,11
1827,Lorcanmar,draenor,911,demonhunter,havoc,39,16,23
1828,Hicgidik,outland,905,demonhunter,havoc,24,11,13
1829,Kroepoeks,mazrigos,894,demonhunter,havoc,30,16,14
1830,Demonsqueezy,nemesis,889,demonhunter,havoc,16,10,6
1831,Jamule,dun-morogh,889,demonhunter,havoc,36,15,21
1832,Nuriia,arthas,886,demonhunter,havoc,30,15,15
1833,Ìllídán,ravencrest,882,demonhunter,havoc,20,10,10
1834,Skylinex,dentarg,880,demonhunter,havoc,60,29,31
1835,Stringsz,ragnaros,874,demonhunter,havoc,17,10,7
1836,Fruttidimare,frostwolf,873,demonhunter,havoc,22,10,12
1837,Фирулия,goldrinn,869,demonhunter,havoc,56,30,26
1838,Silan,kiljaeden,868,demonhunter,havoc,23,11,12
1839,Charteryo,eredar,864,demonhunter,havoc,12,9,3
1840,Zy,ahnqiraj,864,demonhunter,havoc,12,9,3
1841,Folygale,outland,864,demonhunter,havoc,12,9,3
1842,Смутсайбот,howling-fjord,864,demonhunter,havoc,18,9,9
1843,Saene,ravencrest,864,demonhunter,havoc,18,9,9
1844,Draqula,ravencrest,864,demonhunter,havoc,18,9,9
1845,Toschadh,blackmoore,864,demonhunter,havoc,18,9,9
1846,Эридари,blackscar,864,demonhunter,havoc,18,9,9
1847,Raïley,archimonde,864,demonhunter,havoc,18,9,9
1848,Sghemon,pozzo-delleternità,864,demonhunter,havoc,18,9,9
1849,Thulânn,twisting-nether,864,demonhunter,havoc,18,9,9
1850,Chosabreka,zuljin,864,demonhunter,havoc,18,9,9
1851,Zophý,ragnaros,864,demonhunter,havoc,18,9,9
1852,Batx,ravencrest,864,demonhunter,havoc,24,9,15
1853,Míàkhãlîfâýð,stormscale,864,demonhunter,havoc,24,9,15
1854,Bignugs,ravencrest,864,demonhunter,havoc,24,9,15
1855,Chàk,marécage-de-zangar,864,demonhunter,havoc,30,9,21
1856,Солевыеглефы,gordunni,863,demonhunter,havoc,12,9,3
1857,Sunestaa,kazzak,863,demonhunter,havoc,12,9,3
1858,Дайкиаомине,soulflayer,863,demonhunter,havoc,18,9,9
1859,Sadzari,burning-legion,863,demonhunter,havoc,18,9,9
1860,Illidaia,ravencrest,863,demonhunter,havoc,18,9,9
1861,Ììîîííììîîíí,tarren-mill,863,demonhunter,havoc,18,9,9
1862,Kenzaii,aegwynn,863,demonhunter,havoc,18,9,9
1863,Ydrael,terokkar,863,demonhunter,havoc,18,9,9
1864,Onecho,ragnaros,863,demonhunter,havoc,18,9,9
1865,Djdhh,draenor,863,demonhunter,havoc,20,9,11
1866,Darktérror,silvermoon,863,demonhunter,havoc,24,9,15
1867,Illidarisi,auchindoun,863,demonhunter,havoc,24,9,15
1868,Luunz,argent-dawn,863,demonhunter,havoc,30,9,21
1869,Zappikdh,silvermoon,862,demonhunter,havoc,18,9,9
1870,Ruíko,dun-morogh,862,demonhunter,havoc,18,9,9
1871,Finstergraf,blackmoore,862,demonhunter,havoc,30,14,16
1872,Demonstorpix,drakthul,862,demonhunter,havoc,24,9,15
1873,Illidián,chamber-of-aspects,862,demonhunter,havoc,24,9,15
1874,Letidyr,ravencrest,861,demonhunter,havoc,24,9,15
1875,Blîndmaster,ravencrest,861,demonhunter,havoc,24,9,15
1876,Hellarious,ragnaros,860,demonhunter,havoc,18,9,9
1877,Кайриель,gordunni,860,demonhunter,havoc,18,9,9
1878,Эридали,gordunni,860,demonhunter,havoc,18,9,9
1879,Pichkachu,sylvanas,859,demonhunter,havoc,18,9,9
1880,Овецловец,deathguard,859,demonhunter,havoc,18,9,9
1881,Никкэс,gordunni,859,demonhunter,havoc,18,9,9
1882,Doobregeesy,burning-legion,859,demonhunter,havoc,21,10,11
1883,Dmgchris,sylvanas,859,demonhunter,havoc,30,9,21
1884,Deadskill,alexstrasza,858,demonhunter,havoc,54,21,33
1885,Asmedios,twisting-nether,856,demonhunter,havoc,74,25,49
1886,Dadicek,drakthul,853,demonhunter,havoc,12,9,3
1887,Eranduur,draenor,846,demonhunter,havoc,18,9,9
1888,Subelsiu,alakir,840,demonhunter,havoc,63,26,37
1889,Fckmlf,outland,839,demonhunter,havoc,21,12,9
1890,Brunhity,twisting-nether,815,demonhunter,havoc,17,9,8
1891,Illidaniellé,tarren-mill,799,demonhunter,havoc,17,9,8
1892,Deadhuntor,daggerspine,795,demonhunter,havoc,17,9,8
1893,Dombra,kult-der-verdammten,788,demonhunter,havoc,11,9,2
1894,Kundans,aegwynn,787,demonhunter,havoc,17,9,8
1895,Brawngodx,draenor,783,demonhunter,havoc,13,9,4
1896,Traumadh,tarren-mill,768,demonhunter,havoc,12,8,4
1897,Alythes,stormscale,768,demonhunter,havoc,12,8,4
1898,Dedemøn,ysondre,768,demonhunter,havoc,12,8,4
1899,Enjøybrah,nemesis,768,demonhunter,havoc,12,8,4
1900,Eysndh,blackrock,768,demonhunter,havoc,12,8,4
1901,Vayshi,turalyon,768,demonhunter,havoc,18,8,10
1902,Ethína,kazzak,768,demonhunter,havoc,18,8,10
1903,Nthday,draenor,768,demonhunter,havoc,18,8,10
1904,Stinkymonkey,pozzo-delleternità,768,demonhunter,havoc,18,8,10
1905,Höllymedx,blackmoore,768,demonhunter,havoc,18,8,10
1906,Saleny,blackrock,768,demonhunter,havoc,18,8,10
1907,Mollamaija,defias-brotherhood,768,demonhunter,havoc,18,8,10
1908,Perojeina,draenor,768,demonhunter,havoc,18,8,10
1909,Thestrength,twisting-nether,768,demonhunter,havoc,18,8,10
1910,Kins,dun-modr,768,demonhunter,havoc,18,8,10
1911,Sakumi,azshara,768,demonhunter,havoc,18,8,10
1912,Iíïììïiíïìïï,alakir,768,demonhunter,havoc,18,8,10
1913,Аоешный,howling-fjord,768,demonhunter,havoc,18,8,10
1914,Delanoss,blackmoore,768,demonhunter,havoc,19,8,11
1915,Bichmicher,earthen-ring,768,demonhunter,havoc,24,8,16
1916,Rõb,magtheridon,768,demonhunter,havoc,24,8,16
1917,Grimberg,tarren-mill,767,demonhunter,havoc,12,8,4
1918,Aååááååââåâå,arygos,767,demonhunter,havoc,12,8,4
1919,Demøniac,ravencrest,767,demonhunter,havoc,12,8,4
1920,Ninetzqp,tarren-mill,767,demonhunter,havoc,12,8,4
1921,Эска,razuvious,767,demonhunter,havoc,12,8,4
1922,Ziplar,tarren-mill,767,demonhunter,havoc,12,8,4
1923,Baddxd,ragnaros,767,demonhunter,havoc,14,9,5
1924,Zmasteez,ahnqiraj,767,demonhunter,havoc,18,8,10
1925,Hcsgötze,dalaran,767,demonhunter,havoc,18,8,10
1926,Bamßi,ragnaros,767,demonhunter,havoc,18,8,10
1927,Danedemlia,magtheridon,766,demonhunter,havoc,12,8,4
1928,Skrelarent,argent-dawn,766,demonhunter,havoc,12,8,4
1929,Badgyalriri,hyjal,766,demonhunter,havoc,18,8,10
1930,Demonjay,stormscale,766,demonhunter,havoc,22,9,13
1931,Akäly,hyjal,765,demonhunter,havoc,19,9,10
1932,Natazia,eredar,765,demonhunter,havoc,18,8,10
1933,Xellnaga,twisting-nether,763,demonhunter,havoc,18,8,10
1934,Попкасиська,eversong,763,demonhunter,havoc,47,19,28
1935,Covidian,kilrogg,762,demonhunter,havoc,12,8,4
1936,Unsainted,blackhand,762,demonhunter,havoc,18,8,10
1937,Amaterasù,alleria,761,demonhunter,havoc,18,8,10
1938,Maßik,terokkar,757,demonhunter,havoc,15,9,6
1939,Цион,soulflayer,757,demonhunter,havoc,18,8,10
1940,Maryjane,nordrassil,756,demonhunter,havoc,18,8,10
1941,Roostidh,shattered-hand,753,demonhunter,havoc,18,8,10
1942,Кусьзакиску,soulflayer,753,demonhunter,havoc,18,8,10
1943,Pismanik,drakthul,752,demonhunter,havoc,12,8,4
1944,Ikari,neptulon,748,demonhunter,havoc,17,8,9
1945,Butcherr,ulduar,736,demonhunter,havoc,24,8,16
1946,Zealdancer,veknilash,734,demonhunter,havoc,17,8,9
1947,Gushìñgwøuñð,blackmoore,719,demonhunter,havoc,11,8,3
1948,Jco,kazzak,703,demonhunter,havoc,20,8,12
1949,Стрепа,grom,693,demonhunter,havoc,17,8,9
1950,Maddificator,silvermoon,686,demonhunter,havoc,14,8,6
1951,Ronstoppable,ravencrest,672,demonhunter,havoc,12,7,5
1952,Damnituther,kazzak,672,demonhunter,havoc,12,7,5
1953,Caronte,los-errantes,672,demonhunter,havoc,12,7,5
1954,Mür,nordrassil,672,demonhunter,havoc,12,7,5
1955,Esadeáth,ravencrest,672,demonhunter,havoc,12,7,5
1956,Atrikagodx,kazzak,672,demonhunter,havoc,12,7,5
1957,Äzräël,dun-modr,672,demonhunter,havoc,12,7,5
1958,Actuallytrol,argent-dawn,672,demonhunter,havoc,12,7,5
1959,Bizl,arygos,672,demonhunter,havoc,12,7,5
1960,Jincksdh,kazzak,672,demonhunter,havoc,12,7,5
1961,Wintalker,nemesis,672,demonhunter,havoc,12,7,5
1962,Pepenger,kazzak,672,demonhunter,havoc,12,7,5
1963,Glevenuschii,blackmoore,672,demonhunter,havoc,12,7,5
1964,Alied,burning-blade,672,demonhunter,havoc,12,7,5
1965,Antrix,ravencrest,672,demonhunter,havoc,12,7,5
1966,Stonedaf,ravencrest,672,demonhunter,havoc,12,7,5
1967,Illyriel,antonidas,672,demonhunter,havoc,12,7,5
1968,Styxdh,blackhand,672,demonhunter,havoc,12,7,5
1969,Hextechz,stormscale,672,demonhunter,havoc,12,7,5
1970,Lirigizel,hellscream,672,demonhunter,havoc,12,7,5
1971,Sutures,ravencrest,672,demonhunter,havoc,12,7,5
1972,Gandzsä,ragnaros,672,demonhunter,havoc,12,7,5
1973,Yorxdh,eredar,672,demonhunter,havoc,12,7,5
1974,Шалдарон,howling-fjord,672,demonhunter,havoc,12,7,5
1975,Tachala,khaz-modan,672,demonhunter,havoc,12,7,5
1976,Ozu,blackrock,672,demonhunter,havoc,12,7,5
1977,Safedaddy,silvermoon,672,demonhunter,havoc,15,8,7
1978,Kekburagól,kazzak,672,demonhunter,havoc,15,8,7
1979,Abigorien,blackmoore,672,demonhunter,havoc,18,7,11
1980,Alareey,antonidas,672,demonhunter,havoc,18,7,11
1981,Yukiz,ravencrest,672,demonhunter,havoc,18,7,11
1982,Demondulle,kazzak,672,demonhunter,havoc,18,7,11
1983,Келидаррия,soulflayer,672,demonhunter,havoc,18,7,11
1984,Zoyle,blackrock,672,demonhunter,havoc,18,7,11
1985,Satti,sargeras,672,demonhunter,havoc,18,7,11
1986,Крикетх,soulflayer,672,demonhunter,havoc,18,7,11
1987,Charleyzard,argent-dawn,672,demonhunter,havoc,18,7,11
1988,Onizukadh,archimonde,672,demonhunter,havoc,18,7,11
1989,Chrístíe,sanguino,672,demonhunter,havoc,18,7,11
1990,Gnarpump,emeriss,672,demonhunter,havoc,18,7,11
1991,Viced,kazzak,672,demonhunter,havoc,18,7,11
1992,Calcïum,archimonde,672,demonhunter,havoc,24,7,17
1993,Jokas,archimonde,672,demonhunter,havoc,24,7,17
1994,Nerfy,silvermoon,671,demonhunter,havoc,12,7,5
1995,Meji,ravencrest,671,demonhunter,havoc,12,7,5
1996,Nxmpys,sanguino,671,demonhunter,havoc,12,7,5
1997,Geashy,blackmoore,671,demonhunter,havoc,12,7,5
1998,Ddvh,drakthul,671,demonhunter,havoc,12,7,5
1999,Abrahêll,dun-modr,671,demonhunter,havoc,18,7,11
2000,Moojdh,malganis,671,demonhunter,havoc,18,7,11
2001,Хорбелий,deathguard,671,demonhunter,havoc,18,7,11
2002,Rebelion,dun-modr,671,demonhunter,havoc,18,7,11
2003,Corelly,ragnaros,671,demonhunter,havoc,18,7,11
2004,Adraelia,archimonde,670,demonhunter,havoc,12,7,5
2005,Милинайт,eversong,670,demonhunter,havoc,12,7,5
2006,Hyunkél,kirin-tor,670,demonhunter,havoc,18,7,11
2007,Hannipham,silvermoon,669,demonhunter,havoc,15,8,7
2008,Necrotyle,twisting-nether,669,demonhunter,havoc,21,8,13
2009,Kumoko,burning-legion,669,demonhunter,havoc,21,8,13
2010,Valen,die-aldor,669,demonhunter,havoc,24,7,17
2011,Nylaria,dethecus,668,demonhunter,havoc,12,7,5
2012,Danshokudino,kazzak,665,demonhunter,havoc,18,7,11
2013,Judderzz,bronze-dragonflight,658,demonhunter,havoc,12,7,5
2014,Blutox,antonidas,653,demonhunter,havoc,19,8,11
2015,Notlars,chamber-of-aspects,639,demonhunter,havoc,17,7,10
2016,Legionek,burning-blade,629,demonhunter,havoc,14,8,6
2017,Snelle,outland,624,demonhunter,havoc,15,7,8
2018,Аллидариан,howling-fjord,623,demonhunter,havoc,17,7,10
2019,Подкрадунзай,soulflayer,621,demonhunter,havoc,12,9,3
2020,Makhabunda,terokkar,618,demonhunter,havoc,28,8,20
2021,Phalekxox,ravencrest,607,demonhunter,havoc,11,7,4
2022,Mèlfurion,hyjal,607,demonhunter,havoc,13,8,5
2023,Prouser,turalyon,588,demonhunter,havoc,21,8,13
2024,Hellwynne,archimonde,576,demonhunter,havoc,6,6,0
2025,Mímð,ravencrest,576,demonhunter,havoc,6,6,0
2026,Alasune,twisting-nether,576,demonhunter,havoc,6,6,0
2027,Ranzerg,tarren-mill,576,demonhunter,havoc,6,6,0
2028,Сихая,howling-fjord,576,demonhunter,havoc,12,6,6
2029,Pyleá,malganis,576,demonhunter,havoc,12,6,6
2030,Aeshalla,blackmoore,576,demonhunter,havoc,12,6,6
2031,Peacedopice,drakthul,576,demonhunter,havoc,12,6,6
2032,Lezzo,tarren-mill,576,demonhunter,havoc,12,6,6
2033,Länika,drakthul,576,demonhunter,havoc,12,6,6
2034,Demonzøku,ravencrest,576,demonhunter,havoc,12,6,6
2035,Lawus,blackhand,576,demonhunter,havoc,12,6,6
2036,Вафлистикус,ashenvale,576,demonhunter,havoc,12,6,6
2037,Noovedh,ravencrest,576,demonhunter,havoc,12,6,6
2038,Rhinozerg,kazzak,576,demonhunter,havoc,12,6,6
2039,Blæm,archimonde,576,demonhunter,havoc,12,6,6
2040,Paindemon,outland,576,demonhunter,havoc,12,6,6
2041,Soulmortal,draenor,576,demonhunter,havoc,12,6,6
2042,Quavanity,sylvanas,576,demonhunter,havoc,12,6,6
2043,Kyuzo,sanguino,576,demonhunter,havoc,12,6,6
2044,Minifranger,archimonde,576,demonhunter,havoc,12,6,6
2045,Stickihunt,malganis,576,demonhunter,havoc,12,6,6
2046,Muyoni,eredar,576,demonhunter,havoc,12,6,6
2047,Xyrs,draenor,576,demonhunter,havoc,12,6,6
2048,Lyzzra,blackmoore,576,demonhunter,havoc,12,6,6
2049,Straizo,malganis,576,demonhunter,havoc,12,6,6
2050,Størmrage,sanguino,576,demonhunter,havoc,12,6,6
2051,Ehrin,lightbringer,576,demonhunter,havoc,12,6,6
2052,Lòsêr,ravencrest,576,demonhunter,havoc,12,6,6
2053,Notapistol,outland,576,demonhunter,havoc,12,6,6
2054,Õmen,ravencrest,576,demonhunter,havoc,12,6,6
2055,Lanaël,kaelthas,576,demonhunter,havoc,12,6,6
2056,Lurtéx,kazzak,576,demonhunter,havoc,12,6,6
2057,Муими,soulflayer,576,demonhunter,havoc,12,6,6
2058,Tëvnic,kazzak,576,demonhunter,havoc,12,6,6
2059,Kâsúxôxô,ravencrest,576,demonhunter,havoc,16,7,9
2060,Zaÿn,antonidas,576,demonhunter,havoc,18,6,12
2061,Pinx,archimonde,576,demonhunter,havoc,18,6,12
2062,Bämbøué,hyjal,576,demonhunter,havoc,18,6,12
2063,Ilyerias,twisting-nether,576,demonhunter,havoc,18,6,12
2064,Shyoxdh,twisting-nether,576,demonhunter,havoc,18,6,12
2065,Nøøßønline,hyjal,576,demonhunter,havoc,18,6,12
2066,Dèsdemøna,nemesis,576,demonhunter,havoc,18,6,12
2067,Стараятварь,thermaplugg,576,demonhunter,havoc,24,6,18
2068,Pèpsì,kazzak,576,demonhunter,havoc,24,6,18
2069,Shizuuli,outland,576,demonhunter,havoc,30,6,24
2070,Extraxtreme,ravencrest,575,demonhunter,havoc,12,6,6
2071,Daweeo,the-maelstrom,575,demonhunter,havoc,12,6,6
2072,Instinctivee,sylvanas,575,demonhunter,havoc,12,6,6
2073,Kamaz,twisting-nether,575,demonhunter,havoc,12,6,6
2074,Saftad,outland,575,demonhunter,havoc,12,6,6
2075,Antidevil,kazzak,575,demonhunter,havoc,16,7,9
2076,Wauway,ragnaros,575,demonhunter,havoc,14,6,8
2077,Aelzeran,stormscale,575,demonhunter,havoc,18,6,12
2078,Candylicks,kazzak,575,demonhunter,havoc,18,6,12
2079,Sangita,tarren-mill,574,demonhunter,havoc,12,6,6
2080,Ôlowain,blackmoore,574,demonhunter,havoc,18,6,12
2081,Rúpél,thrall,573,demonhunter,havoc,18,6,12
2082,Klave,argent-dawn,573,demonhunter,havoc,18,6,12
2083,Tatsukiyuzu,hyjal,572,demonhunter,havoc,6,6,0
2084,Caria,twisting-nether,570,demonhunter,havoc,12,6,6
2085,Bahmut,argent-dawn,569,demonhunter,havoc,12,6,6
2086,Дантавул,gordunni,568,demonhunter,havoc,18,6,12
2087,Glerog,ragnaros,558,demonhunter,havoc,10,7,3
2088,Mâdzylîa,archimonde,543,demonhunter,havoc,11,6,5
2089,Kalr,silvermoon,527,demonhunter,havoc,11,6,5
2090,Makiu,archimonde,527,demonhunter,havoc,15,6,9
2091,Иланари,gordunni,526,demonhunter,havoc,11,6,5
2092,Хисаго,gordunni,522,demonhunter,havoc,15,7,8
2093,Gnjurac,outland,511,demonhunter,havoc,14,6,8
2094,Asperity,antonidas,511,demonhunter,havoc,18,6,12
2095,Amionisiken,amanthul,496,demonhunter,havoc,13,6,7
2096,Morrion,blackmoore,480,demonhunter,havoc,6,5,1
2097,Mouga,hyjal,480,demonhunter,havoc,6,5,1
2098,Valshatt,sanguino,480,demonhunter,havoc,6,5,1
2099,Kimberleh,doomhammer,480,demonhunter,havoc,6,5,1
2100,Kanéki,sylvanas,480,demonhunter,havoc,6,5,1
2101,Guziel,kazzak,480,demonhunter,havoc,6,5,1
2102,Toonsdh,kazzak,480,demonhunter,havoc,6,5,1
2103,Nekkëtsu,archimonde,480,demonhunter,havoc,6,5,1
2104,Jugøbænned,blackrock,480,demonhunter,havoc,6,5,1
2105,Selcan,archimonde,480,demonhunter,havoc,6,5,1
2106,Táti,blackrock,480,demonhunter,havoc,6,5,1
2107,Happykx,draenor,480,demonhunter,havoc,6,5,1
2108,Monion,defias-brotherhood,480,demonhunter,havoc,6,5,1
2109,Giboo,emerald-dream,480,demonhunter,havoc,6,5,1
2110,Muharaar,ravencrest,480,demonhunter,havoc,6,5,1
2111,Подэхилла,galakrond,480,demonhunter,havoc,10,6,4
2112,Kainenn,silvermoon,480,demonhunter,havoc,12,5,7
2113,Revérse,stormscale,480,demonhunter,havoc,12,5,7
2114,Deathblades,twisting-nether,480,demonhunter,havoc,12,5,7
2115,Nstea,cthun,480,demonhunter,havoc,12,5,7
2116,Varthag,antonidas,480,demonhunter,havoc,12,5,7
2117,Topg,bladefist,480,demonhunter,havoc,12,5,7
2118,Tastyblades,blackmoore,480,demonhunter,havoc,12,5,7
2119,Daemonai,neptulon,480,demonhunter,havoc,12,5,7
2120,Bhaz,tichondrius,480,demonhunter,havoc,12,5,7
2121,Нереалочка,blackscar,480,demonhunter,havoc,12,5,7
2122,Tomkis,ravencrest,480,demonhunter,havoc,12,5,7
2123,Onlyfangodx,antonidas,480,demonhunter,havoc,12,5,7
2124,Kithan,zuljin,480,demonhunter,havoc,12,5,7
2125,Зедю,howling-fjord,480,demonhunter,havoc,12,5,7
2126,Wrathia,rexxar,480,demonhunter,havoc,12,5,7
2127,Spitface,aegwynn,480,demonhunter,havoc,12,5,7
2128,Tthic,shadowsong,480,demonhunter,havoc,12,5,7
2129,Giftìg,ravencrest,480,demonhunter,havoc,12,5,7
2130,Alandiel,twisting-nether,480,demonhunter,havoc,12,5,7
2131,Takad,twisting-nether,480,demonhunter,havoc,12,5,7
2132,Дракомуфлон,gordunni,480,demonhunter,havoc,12,5,7
2133,Dhaosh,nemesis,480,demonhunter,havoc,12,5,7
2134,Natzú,ravencrest,480,demonhunter,havoc,12,5,7
2135,Такетомии,gordunni,480,demonhunter,havoc,12,5,7
2136,Superchocowo,sanguino,480,demonhunter,havoc,12,5,7
2137,Hakakuri,ravencrest,480,demonhunter,havoc,12,5,7
2138,Филеровщик,deathguard,480,demonhunter,havoc,12,5,7
2139,Blueformeld,draenor,480,demonhunter,havoc,12,5,7
2140,Backflipgødx,uldaman,480,demonhunter,havoc,12,5,7
2141,Jotaros,ravencrest,480,demonhunter,havoc,12,5,7
2142,Этмер,soulflayer,480,demonhunter,havoc,12,5,7
2143,Tatoos,bronze-dragonflight,480,demonhunter,havoc,12,5,7
2144,Veryfunhaha,ravencrest,480,demonhunter,havoc,12,5,7
2145,Korrupt,draenor,480,demonhunter,havoc,12,5,7
2146,Lyanadh,blackhand,480,demonhunter,havoc,12,5,7
2147,Solrosfrön,stormscale,480,demonhunter,havoc,12,5,7
2148,Calendith,arathor,480,demonhunter,havoc,15,6,9
2149,Shyynedh,grim-batol,480,demonhunter,havoc,15,6,9
2150,Neiden,deathwing,480,demonhunter,havoc,18,5,13
2151,Aelina,area-52,480,demonhunter,havoc,18,5,13
2152,Dübler,gorgonnash,480,demonhunter,havoc,18,5,13
2153,Slizer,draenor,480,demonhunter,havoc,18,5,13
2154,Natarásh,blackmoore,480,demonhunter,havoc,18,5,13
2155,Lòsâng,sanguino,480,demonhunter,havoc,18,5,13
2156,Wajoglaive,blackhand,480,demonhunter,havoc,18,5,13
2157,Кайренсс,howling-fjord,480,demonhunter,havoc,18,5,13
2158,Lovesong,the-shatar,480,demonhunter,havoc,18,5,13
2159,Sholon,kiljaeden,479,demonhunter,havoc,6,5,1
2160,Sephiris,argent-dawn,479,demonhunter,havoc,6,5,1
2161,Saìras,blackhand,479,demonhunter,havoc,12,5,7
2162,Merilidan,blackrock,479,demonhunter,havoc,12,5,7
2163,Approxis,archimonde,479,demonhunter,havoc,12,5,7
2164,Goatcorpse,blackmoore,479,demonhunter,havoc,12,5,7
2165,Hupon,drakthul,479,demonhunter,havoc,12,5,7
2166,Marsterkush,malygos,479,demonhunter,havoc,12,5,7
2167,Demontevz,outland,479,demonhunter,havoc,12,5,7
2168,Gryphory,ravencrest,479,demonhunter,havoc,12,5,7
2169,Chàuvequipeu,dalaran,479,demonhunter,havoc,12,5,7
2170,Shreddern,ragnaros,479,demonhunter,havoc,13,5,8
2171,Makkivar,terenas,479,demonhunter,havoc,18,5,13
2172,Gigipletosu,ravencrest,479,demonhunter,havoc,18,5,13
2173,Карнавалыч,gordunni,479,demonhunter,havoc,30,5,25
2174,Скудайвер,gordunni,478,demonhunter,havoc,12,5,7
2175,Besnik,stormscale,478,demonhunter,havoc,18,5,13
2176,Kairidemon,eredar,477,demonhunter,havoc,12,5,7
2177,Winnztlol,chamber-of-aspects,477,demonhunter,havoc,15,5,10
2178,Гачирабыня,lich-king,477,demonhunter,havoc,30,5,25
2179,Vincbengt,tarren-mill,476,demonhunter,havoc,12,5,7
2180,Cometofloki,outland,475,demonhunter,havoc,12,5,7
2181,Illikan,stormscale,474,demonhunter,havoc,12,5,7
2182,Etraidor,turalyon,473,demonhunter,havoc,12,5,7
2183,Anishara,die-nachtwache,463,demonhunter,havoc,13,6,7
2184,Илнари,soulflayer,447,demonhunter,havoc,11,5,6
2185,Majînßûü,ravencrest,447,demonhunter,havoc,11,5,6
2186,Shaundead,drakthul,447,demonhunter,havoc,11,5,6
2187,Иллианэль,howling-fjord,432,demonhunter,havoc,9,5,4
2188,Ataddcay,outland,430,demonhunter,havoc,13,5,8
2189,Opmuch,eonar,416,demonhunter,havoc,10,5,5
2190,Juha,bronze-dragonflight,398,demonhunter,havoc,7,5,2
2191,Twopumpchump,twisting-nether,384,demonhunter,havoc,6,4,2
2192,Mýg,ravencrest,384,demonhunter,havoc,6,4,2
2193,Adírael,cthun,384,demonhunter,havoc,6,4,2
2194,Varonx,drakthul,384,demonhunter,havoc,6,4,2
2195,Véspé,naxxramas,384,demonhunter,havoc,6,4,2
2196,Ðârksìðê,stormscale,384,demonhunter,havoc,6,4,2
2197,Niellarsc,ravencrest,384,demonhunter,havoc,6,4,2
2198,Greedsmoke,kazzak,384,demonhunter,havoc,6,4,2
2199,Márcin,burning-legion,384,demonhunter,havoc,6,4,2
2200,Lemondehunta,twisting-nether,384,demonhunter,havoc,6,4,2
2201,Apsodemon,twisting-nether,384,demonhunter,havoc,6,4,2
2202,Iken,ragnaros,384,demonhunter,havoc,6,4,2
2203,Plagues,quelthalas,384,demonhunter,havoc,6,4,2
2204,Drilloz,ravencrest,384,demonhunter,havoc,6,4,2
2205,Demoncalle,the-maelstrom,384,demonhunter,havoc,6,4,2
2206,Kriszidan,arathor,384,demonhunter,havoc,6,4,2
2207,Талисзора,gordunni,384,demonhunter,havoc,6,4,2
2208,Maupau,ravencrest,384,demonhunter,havoc,6,4,2
2209,Itsfinee,outland,384,demonhunter,havoc,6,4,2
2210,Deathbydeaf,terenas,384,demonhunter,havoc,6,4,2
2211,Шизванаденс,gordunni,384,demonhunter,havoc,6,4,2
2212,Vidagín,blackmoore,384,demonhunter,havoc,6,4,2
2213,Elfmonger,ravencrest,384,demonhunter,havoc,6,4,2
2214,Akaniiaa,blackmoore,384,demonhunter,havoc,6,4,2
2215,Anklàr,blackrock,384,demonhunter,havoc,6,4,2
2216,Memedhbtw,outland,384,demonhunter,havoc,6,4,2
2217,Schejtan,blackmoore,384,demonhunter,havoc,6,4,2
2218,Cielis,outland,384,demonhunter,havoc,6,4,2
2219,Arløw,archimonde,384,demonhunter,havoc,10,5,5
2220,Freakerzoid,kazzak,384,demonhunter,havoc,11,4,7
2221,Becknárn,sylvanas,384,demonhunter,havoc,12,4,8
2222,Leylas,nagrand,384,demonhunter,havoc,12,4,8
2223,Mamio,chogall,384,demonhunter,havoc,12,4,8
2224,Ninjantiz,antonidas,384,demonhunter,havoc,12,4,8
2225,Crushidemon,draenor,384,demonhunter,havoc,12,4,8
2226,Joezus,draenor,384,demonhunter,havoc,12,4,8
2227,Dannyp,ravencrest,384,demonhunter,havoc,12,4,8
2228,Blüëräin,draenor,384,demonhunter,havoc,12,4,8
2229,Innocuouss,twisting-nether,384,demonhunter,havoc,12,4,8
2230,Mempaan,magtheridon,384,demonhunter,havoc,12,4,8
2231,Frostidh,ysondre,384,demonhunter,havoc,12,4,8
2232,Одзангейра,blackscar,384,demonhunter,havoc,12,4,8
2233,Realtrance,sanguino,384,demonhunter,havoc,12,4,8
2234,Fotmfgt,eredar,384,demonhunter,havoc,12,4,8
2235,Dirtydoggy,dun-modr,384,demonhunter,havoc,12,4,8
2236,Arkta,kazzak,384,demonhunter,havoc,12,4,8
2237,Maeltus,hyjal,384,demonhunter,havoc,12,4,8
2238,Alleyezønme,outland,384,demonhunter,havoc,12,4,8
2239,Purpleturtle,blackrock,384,demonhunter,havoc,12,4,8
2240,Артёмблэйдх,blackscar,384,demonhunter,havoc,12,4,8
2241,Krvckhead,hyjal,384,demonhunter,havoc,12,4,8
2242,Moonbeàm,kazzak,384,demonhunter,havoc,12,4,8
2243,Floridaboy,ravencrest,384,demonhunter,havoc,12,4,8
2244,Valkorion,chamber-of-aspects,384,demonhunter,havoc,12,4,8
2245,Deadrawdh,aegwynn,384,demonhunter,havoc,12,4,8
2246,Shabalda,dun-morogh,384,demonhunter,havoc,12,4,8
2247,Lîllîv,wrathbringer,384,demonhunter,havoc,12,4,8
2248,Exodlia,silvermoon,384,demonhunter,havoc,12,4,8
2249,Cutforshred,zenedar,384,demonhunter,havoc,12,4,8
2250,Rivy,magtheridon,384,demonhunter,havoc,12,4,8
2251,Бистлайк,soulflayer,384,demonhunter,havoc,12,4,8
2252,Saikamango,blackhand,384,demonhunter,havoc,12,4,8
2253,Хокану,gordunni,384,demonhunter,havoc,12,4,8
2254,Pijvijie,shattrath,384,demonhunter,havoc,12,4,8
2255,Stormshred,stormscale,384,demonhunter,havoc,12,4,8
2256,Лупидолх,soulflayer,384,demonhunter,havoc,12,4,8
2257,Reachfight,lothar,384,demonhunter,havoc,12,4,8
2258,Redgi,tarren-mill,384,demonhunter,havoc,18,4,14
2259,Sazukè,blackmoore,384,demonhunter,havoc,18,4,14
2260,Poliex,khaz-modan,383,demonhunter,havoc,6,4,2
2261,Némesîs,cthun,383,demonhunter,havoc,6,4,2
2262,Rouzi,defias-brotherhood,383,demonhunter,havoc,6,4,2
2263,Vengatoria,cthun,383,demonhunter,havoc,12,4,8
2264,Шоеррей,gordunni,383,demonhunter,havoc,12,4,8
2265,Thorskinius,ravencrest,383,demonhunter,havoc,12,4,8
2266,Elenastar,kazzak,383,demonhunter,havoc,12,4,8
2267,Liondam,pozzo-delleternità,382,demonhunter,havoc,6,4,2
2268,Nazzan,destromath,382,demonhunter,havoc,6,4,2
2269,Ёмайл,soulflayer,381,demonhunter,havoc,12,4,8
2270,Åáäàáåàáäàáå,dun-modr,377,demonhunter,havoc,15,6,9
2271,Lexxdh,blackmoore,351,demonhunter,havoc,8,5,3
2272,Летучий,howling-fjord,351,demonhunter,havoc,8,5,3
2273,Блэйденрифтс,soulflayer,351,demonhunter,havoc,11,4,7
2274,Foxylama,stormscale,336,demonhunter,havoc,9,5,4
2275,Nyxxeria,drakthul,336,demonhunter,havoc,15,4,11
2276,Hyperflex,blackrock,320,demonhunter,havoc,10,4,6
2277,Felwaifu,tarren-mill,319,demonhunter,havoc,8,4,4
2278,Кейсимег,soulflayer,288,demonhunter,havoc,6,3,3
2279,Meleidar,kazzak,288,demonhunter,havoc,6,3,3
2280,Dadagodx,kazzak,288,demonhunter,havoc,6,3,3
2281,Wrathill,draenor,288,demonhunter,havoc,6,3,3
2282,Killaden,ravenholdt,288,demonhunter,havoc,6,3,3
2283,Cirino,defias-brotherhood,288,demonhunter,havoc,6,3,3
2284,Xénôns,archimonde,288,demonhunter,havoc,6,3,3
2285,Demonzeus,archimonde,288,demonhunter,havoc,6,3,3
2286,Shaadraz,stormscale,288,demonhunter,havoc,6,3,3
2287,Gwoodza,archimonde,288,demonhunter,havoc,6,3,3
2288,Брилаброви,soulflayer,288,demonhunter,havoc,6,3,3
2289,Иллидал,greymane,288,demonhunter,havoc,6,3,3
2290,Extitan,twisting-nether,288,demonhunter,havoc,6,3,3
2291,Lonedh,sylvanas,288,demonhunter,havoc,6,3,3
2292,Valø,malganis,288,demonhunter,havoc,6,3,3
2293,Шрэдэр,thermaplugg,288,demonhunter,havoc,6,3,3
2294,Cnbâckbb,archimonde,288,demonhunter,havoc,6,3,3
2295,Cienlowczyni,silvermoon,288,demonhunter,havoc,6,3,3
2296,Hellboi,dun-modr,288,demonhunter,havoc,6,3,3
2297,Алистреель,gordunni,288,demonhunter,havoc,6,3,3
2298,Hyonzyyesh,silvermoon,288,demonhunter,havoc,6,3,3
2299,Nerudas,blackhand,288,demonhunter,havoc,6,3,3
2300,Nørðìç,nordrassil,288,demonhunter,havoc,6,3,3
2301,Cursedblade,archimonde,288,demonhunter,havoc,6,3,3
2302,Albdh,kazzak,288,demonhunter,havoc,6,3,3
2303,Ашерис,deathguard,288,demonhunter,havoc,6,3,3
2304,Ðêmønìnsìðê,blackmoore,288,demonhunter,havoc,6,3,3
2305,Betterdk,twilights-hammer,288,demonhunter,havoc,6,3,3
2306,Kyoukaii,kazzak,288,demonhunter,havoc,6,3,3
2307,Jaace,silvermoon,288,demonhunter,havoc,6,3,3
2308,Дэйнни,blackscar,288,demonhunter,havoc,6,3,3
2309,Slaanesh,xavius,288,demonhunter,havoc,6,3,3
2310,Zsídakabra,ragnaros,288,demonhunter,havoc,6,3,3
2311,Kätarïnas,confrérie-du-thorium,288,demonhunter,havoc,6,3,3
2312,Ittas,archimonde,288,demonhunter,havoc,6,3,3
2313,Lailâh,blackmoore,288,demonhunter,havoc,6,3,3
2314,Cindras,turalyon,288,demonhunter,havoc,6,3,3
2315,Kerog,blackmoore,288,demonhunter,havoc,6,3,3
2316,Sèptember,draenor,288,demonhunter,havoc,6,3,3
2317,Норилайнн,gordunni,288,demonhunter,havoc,6,3,3
2318,Øhka,outland,288,demonhunter,havoc,6,3,3
2319,Mortyb,kazzak,288,demonhunter,havoc,6,3,3
2320,Schwitte,tichondrius,288,demonhunter,havoc,6,3,3
2321,Резако,soulflayer,288,demonhunter,havoc,6,3,3
2322,Myuøu,hyjal,288,demonhunter,havoc,6,3,3
2323,Khenetai,silvermoon,288,demonhunter,havoc,6,3,3
2324,Xellidan,dun-modr,288,demonhunter,havoc,6,3,3
2325,Bunzi,sylvanas,288,demonhunter,havoc,6,3,3
2326,Bossmac,mugthol,288,demonhunter,havoc,6,3,3
2327,Андрюхадх,soulflayer,288,demonhunter,havoc,6,3,3
2328,Vaterdenke,defias-brotherhood,288,demonhunter,havoc,6,3,3
2329,Naargof,outland,288,demonhunter,havoc,6,3,3
2330,Aaryaa,archimonde,288,demonhunter,havoc,6,3,3
2331,Dzikalocha,burning-legion,288,demonhunter,havoc,6,3,3
2332,Akhyra,ysondre,288,demonhunter,havoc,6,3,3
2333,Lilithxz,blackmoore,288,demonhunter,havoc,6,3,3
2334,Неффкодх,howling-fjord,288,demonhunter,havoc,6,3,3
2335,Error,ravencrest,288,demonhunter,havoc,6,3,3
2336,Jaquees,stormscale,288,demonhunter,havoc,6,3,3
2337,Deschacke,eredar,288,demonhunter,havoc,6,3,3
2338,Barneeéy,tarren-mill,288,demonhunter,havoc,6,3,3
2339,Demonsushi,tarren-mill,288,demonhunter,havoc,6,3,3
2340,Annaboliik,ravencrest,288,demonhunter,havoc,6,3,3
2341,Neony,blackmoore,288,demonhunter,havoc,6,3,3
2342,Âstræa,antonidas,288,demonhunter,havoc,6,3,3
2343,Nameerr,ragnaros,288,demonhunter,havoc,6,3,3
2344,Гарражж,howling-fjord,288,demonhunter,havoc,6,3,3
2345,Cánoo,blackhand,288,demonhunter,havoc,6,3,3
2346,Alfaa,outland,288,demonhunter,havoc,6,3,3
2347,Sayph,hyjal,288,demonhunter,havoc,6,3,3
2348,Shattre,silvermoon,288,demonhunter,havoc,6,3,3
2349,Сангвиннус,howling-fjord,288,demonhunter,havoc,6,3,3
2350,Songur,blackhand,288,demonhunter,havoc,6,3,3
2351,Азместь,howling-fjord,288,demonhunter,havoc,6,3,3
2352,Зографос,fordragon,288,demonhunter,havoc,6,3,3
2353,Shinnu,antonidas,288,demonhunter,havoc,6,3,3
2354,Анавеллка,howling-fjord,288,demonhunter,havoc,6,3,3
2355,Sandem,blackrock,288,demonhunter,havoc,6,3,3
2356,Sayee,drakthul,288,demonhunter,havoc,6,3,3
2357,Kritflake,blackrock,288,demonhunter,havoc,6,3,3
2358,Imvnrcvr,dalaran,288,demonhunter,havoc,6,3,3
2359,Smoochygodx,antonidas,288,demonhunter,havoc,6,3,3
2360,Fantabolous,ragnaros,288,demonhunter,havoc,6,3,3
2361,Aethilios,kazzak,288,demonhunter,havoc,11,3,8
2362,Ayö,draenor,288,demonhunter,havoc,15,4,11
2363,Cptgmiasbria,eredar,288,demonhunter,havoc,12,3,9
2364,Illidorie,twisting-nether,288,demonhunter,havoc,12,3,9
2365,Vaenil,hyjal,288,demonhunter,havoc,12,3,9
2366,Rurt,sanguino,288,demonhunter,havoc,12,3,9
2367,Vandazza,argent-dawn,288,demonhunter,havoc,12,3,9
2368,Ultîma,hyjal,288,demonhunter,havoc,12,3,9
2369,Шавермье,gordunni,288,demonhunter,havoc,12,3,9
2370,Asporos,pozzo-delleternità,288,demonhunter,havoc,12,3,9
2371,Firebringer,silvermoon,288,demonhunter,havoc,12,3,9
2372,Lamello,nemesis,288,demonhunter,havoc,12,3,9
2373,Ïvø,sargeras,288,demonhunter,havoc,12,3,9
2374,Рагнос,goldrinn,288,demonhunter,havoc,12,3,9
2375,Vulcaan,ravencrest,288,demonhunter,havoc,12,3,9
2376,Artwar,stormscale,288,demonhunter,havoc,12,3,9
2377,Tenaebris,silvermoon,288,demonhunter,havoc,12,3,9
2378,Tuffêli,turalyon,288,demonhunter,havoc,12,3,9
2379,Laurana,argent-dawn,288,demonhunter,havoc,12,3,9
2380,Milanto,antonidas,288,demonhunter,havoc,12,3,9
2381,Skajlan,burning-legion,288,demonhunter,havoc,12,3,9
2382,Феяужаса,soulflayer,288,demonhunter,havoc,12,3,9
2383,Linea,jaedenar,288,demonhunter,havoc,12,3,9
2384,Metaman,archimonde,288,demonhunter,havoc,12,3,9
2385,Nightwalk,blackmoore,288,demonhunter,havoc,12,3,9
2386,Kruthor,taerar,288,demonhunter,havoc,12,3,9
2387,Naturalis,die-todeskrallen,288,demonhunter,havoc,12,3,9
2388,Bengleng,draenor,288,demonhunter,havoc,12,3,9
2389,Jimdh,quelthalas,288,demonhunter,havoc,18,3,15
2390,Devildust,ravencrest,288,demonhunter,havoc,18,3,15
2391,Lasthija,dun-modr,288,demonhunter,havoc,18,3,15
2392,Saturnein,stormscale,287,demonhunter,havoc,6,3,3
2393,Glaiverush,alakir,287,demonhunter,havoc,6,3,3
2394,Menutzdh,tarren-mill,287,demonhunter,havoc,6,3,3
2395,Гёнке,gordunni,287,demonhunter,havoc,18,3,15
2396,Dàrkinette,archimonde,286,demonhunter,havoc,6,3,3
2397,Devilmonkey,ambossar,276,demonhunter,havoc,24,6,18
2398,Gêliôs,kazzak,271,demonhunter,havoc,11,3,8
2399,Nithraim,kazzak,240,demonhunter,havoc,9,3,6
2400,Itskarmax,outland,239,demonhunter,havoc,5,3,2
2401,Ponn,blackmoore,239,demonhunter,havoc,5,3,2
2402,Xaro,quelthalas,239,demonhunter,havoc,5,3,2
2403,Beraxulus,aegwynn,234,demonhunter,havoc,10,4,6
2404,Munamasa,archimonde,234,demonhunter,havoc,11,4,7
2405,Demoqt,ragnaros,192,demonhunter,havoc,4,3,1
2406,Erenyeagerr,kazzak,192,demonhunter,havoc,4,3,1
2407,Scarath,eredar,192,demonhunter,havoc,6,2,4
2408,Aytèè,eredar,192,demonhunter,havoc,6,2,4
2409,Rybn,eredar,192,demonhunter,havoc,6,2,4
2410,Tacodhx,ravencrest,192,demonhunter,havoc,6,2,4
2411,Sälexz,ysondre,192,demonhunter,havoc,6,2,4
2412,Barocs,antonidas,192,demonhunter,havoc,6,2,4
2413,Malkyor,ysondre,192,demonhunter,havoc,6,2,4
2414,Aggrodíte,antonidas,192,demonhunter,havoc,6,2,4
2415,Остроухйй,blackscar,192,demonhunter,havoc,6,2,4
2416,Папичгодх,borean-tundra,192,demonhunter,havoc,6,2,4
2417,Тэнсу,borean-tundra,192,demonhunter,havoc,6,2,4
2418,Мэлифсб,blackscar,192,demonhunter,havoc,6,2,4
2419,Zenô,antonidas,192,demonhunter,havoc,6,2,4
2420,Илизарнный,gordunni,192,demonhunter,havoc,6,2,4
2421,Ragnarak,amanthul,192,demonhunter,havoc,6,2,4
2422,Nanana,doomhammer,192,demonhunter,havoc,6,2,4
2423,Деорру,gordunni,192,demonhunter,havoc,6,2,4
2424,Zxcjklcasdlk,sylvanas,192,demonhunter,havoc,6,2,4
2425,Andariell,sylvanas,192,demonhunter,havoc,6,2,4
2426,Bogren,sylvanas,192,demonhunter,havoc,6,2,4
2427,Sajr,twisting-nether,192,demonhunter,havoc,6,2,4
2428,Riveén,blackhand,192,demonhunter,havoc,6,2,4
2429,Kakovicz,gorgonnash,192,demonhunter,havoc,6,2,4
2430,Wolfex,hellfire,192,demonhunter,havoc,6,2,4
2431,Grinchdemon,nagrand,192,demonhunter,havoc,6,2,4
2432,Беатриз,soulflayer,192,demonhunter,havoc,6,2,4
2433,Маскитол,soulflayer,192,demonhunter,havoc,6,2,4
2434,Zlett,draenor,192,demonhunter,havoc,6,2,4
2435,Chlorel,arthas,192,demonhunter,havoc,6,2,4
2436,Demonpegasus,draenor,192,demonhunter,havoc,6,2,4
2437,Rúllio,rexxar,192,demonhunter,havoc,6,2,4
2438,Gnaget,the-maelstrom,192,demonhunter,havoc,6,2,4
2439,Sazzox,blackrock,192,demonhunter,havoc,6,2,4
2440,Saphira,laughing-skull,192,demonhunter,havoc,6,2,4
2441,Friidaadh,lightbringer,192,demonhunter,havoc,6,2,4
2442,Datejust,archimonde,192,demonhunter,havoc,6,2,4
2443,Сязекть,goldrinn,192,demonhunter,havoc,6,2,4
2444,Roxxis,mazrigos,192,demonhunter,havoc,6,2,4
2445,Hicke,burning-legion,192,demonhunter,havoc,6,2,4
2446,Hamssterek,magtheridon,192,demonhunter,havoc,6,2,4
2447,Dhslayer,magtheridon,192,demonhunter,havoc,6,2,4
2448,Anayihh,dun-modr,192,demonhunter,havoc,6,2,4
2449,Malzehar,tarren-mill,192,demonhunter,havoc,6,2,4
2450,Bhuta,aerie-peak,192,demonhunter,havoc,6,2,4
2451,Martøsdh,uldum,192,demonhunter,havoc,6,2,4
2452,Noitradh,zuljin,192,demonhunter,havoc,6,2,4
2453,Gorilla,korgall,192,demonhunter,havoc,6,2,4
2454,Karpandero,stormreaver,192,demonhunter,havoc,6,2,4
2455,Мейьибейьи,howling-fjord,192,demonhunter,havoc,6,2,4
2456,Шоксенсацияя,howling-fjord,192,demonhunter,havoc,6,2,4
2457,Tbomb,ragnaros,192,demonhunter,havoc,6,2,4
2458,Juicyglaives,ragnaros,192,demonhunter,havoc,6,2,4
2459,Emkogødx,outland,192,demonhunter,havoc,6,2,4
2460,Ànavar,twisting-nether,192,demonhunter,havoc,6,2,4
2461,Cíondra,aegwynn,192,demonhunter,havoc,6,2,4
2462,Donstyle,anachronos,192,demonhunter,havoc,6,2,4
2463,Williamgrant,alonsus,192,demonhunter,havoc,6,2,4
2464,Dhamp,kazzak,192,demonhunter,havoc,6,2,4
2465,Demontoolz,outland,192,demonhunter,havoc,6,2,4
2466,Alcadejas,pozzo-delleternità,192,demonhunter,havoc,6,2,4
2467,Disconecting,outland,192,demonhunter,havoc,6,2,4
2468,Usaïnbolts,archimonde,192,demonhunter,havoc,6,2,4
2469,Haveadad,outland,192,demonhunter,havoc,6,2,4
2470,Nairra,blackmoore,192,demonhunter,havoc,6,2,4
2471,Dikcitx,archimonde,192,demonhunter,havoc,6,2,4
2472,Harrah,archimonde,192,demonhunter,havoc,6,2,4
2473,Stifeur,archimonde,192,demonhunter,havoc,6,2,4
2474,Cøldlean,ravencrest,192,demonhunter,havoc,6,2,4
2475,Bratti,kazzak,192,demonhunter,havoc,6,2,4
2476,Newgens,kazzak,192,demonhunter,havoc,6,2,4
2477,Lucziane,blackmoore,192,demonhunter,havoc,6,2,4
2478,Anödyth,kirin-tor,192,demonhunter,havoc,6,2,4
2479,Ascindra,kazzak,192,demonhunter,havoc,6,2,4
2480,Palaurx,kazzak,192,demonhunter,havoc,6,2,4
2481,Sñüîîâ,kazzak,192,demonhunter,havoc,6,2,4
2482,Linkôs,aegwynn,192,demonhunter,havoc,6,2,4
2483,Glìmpsêgøðx,antonidas,192,demonhunter,havoc,6,2,4
2484,Sweåfy,outland,192,demonhunter,havoc,6,2,4
2485,Azzinoth,outland,192,demonhunter,havoc,6,2,4
2486,Inflection,ravencrest,192,demonhunter,havoc,12,2,10
2487,Badess,malfurion,192,demonhunter,havoc,12,2,10
2488,Gagfordaddy,ravencrest,192,demonhunter,havoc,12,2,10
2489,Mettdaemon,ravencrest,192,demonhunter,havoc,12,2,10
2490,Zaydra,the-maelstrom,192,demonhunter,havoc,12,2,10
2491,Парагони,gordunni,192,demonhunter,havoc,12,2,10
2492,Enygamy,frostmane,192,demonhunter,havoc,12,2,10
2493,Spideymon,ragnaros,192,demonhunter,havoc,12,2,10
2494,Gouteça,la-croisade-écarlate,192,demonhunter,havoc,12,2,10
2495,Tôx,dalaran,192,demonhunter,havoc,12,2,10
2496,Drâparn,sylvanas,192,demonhunter,havoc,12,2,10
2497,Zynês,draenor,192,demonhunter,havoc,12,2,10
2498,Ekhlipz,ysondre,192,demonhunter,havoc,12,2,10
2499,Deehoh,twisting-nether,192,demonhunter,havoc,12,2,10
2500,Ûro,dun-modr,192,demonhunter,havoc,12,2,10
2501,Bobdh,twisting-nether,192,demonhunter,havoc,17,2,15
2502,Deathniresa,argent-dawn,191,demonhunter,havoc,6,2,4
2503,Hellforce,nemesis,191,demonhunter,havoc,6,2,4
2504,Noorrd,hyjal,191,demonhunter,havoc,12,2,10
2505,Manjirosano,blackmoore,191,demonhunter,havoc,12,2,10
2506,Lilarii,argent-dawn,191,demonhunter,havoc,12,2,10
2507,Onorera,tarren-mill,160,demonhunter,havoc,10,2,8
2508,Dârhma,archimonde,159,demonhunter,havoc,5,2,3
2509,Galafel,outland,159,demonhunter,havoc,5,2,3
2510,Kélida,dun-modr,144,demonhunter,havoc,9,2,7
2511,Amatèrasu,burning-legion,110,demonhunter,havoc,13,2,11
2512,Felsbane,argent-dawn,96,demonhunter,havoc,3,2,1
2513,Tòd,silvermoon,96,demonhunter,havoc,6,1,5
2514,Stàmàzza,nemesis,96,demonhunter,havoc,6,1,5
2515,Riñ,twisting-nether,96,demonhunter,havoc,6,1,5
2516,Reikuel,nemesis,96,demonhunter,havoc,6,1,5
2517,Ryuhayabusa,stormscale,96,demonhunter,havoc,6,1,5
2518,Nagh,archimonde,96,demonhunter,havoc,6,1,5
2519,Cruptiq,kazzak,96,demonhunter,havoc,6,1,5
2520,Bitex,archimonde,96,demonhunter,havoc,6,1,5
2521,Mlecznygolem,silvermoon,96,demonhunter,havoc,6,1,5
2522,Stormma,kazzak,96,demonhunter,havoc,6,1,5
2523,Jiínx,kazzak,96,demonhunter,havoc,6,1,5
2524,Teimotevey,silvermoon,96,demonhunter,havoc,6,1,5
2525,Dhgoddess,ravencrest,96,demonhunter,havoc,6,1,5
2526,Сочняга,gordunni,96,demonhunter,havoc,6,1,5
2527,Blulake,silvermoon,96,demonhunter,havoc,6,1,5
2528,Аззазэль,howling-fjord,96,demonhunter,havoc,6,1,5
2529,Evlos,hyjal,96,demonhunter,havoc,6,1,5
2530,Cameclc,hyjal,96,demonhunter,havoc,6,1,5
2531,Ганстапутин,howling-fjord,96,demonhunter,havoc,6,1,5
2532,Соларт,howling-fjord,96,demonhunter,havoc,6,1,5
2533,Vrazjababa,dragonmaw,96,demonhunter,havoc,6,1,5
2534,Найлинель,fordragon,96,demonhunter,havoc,6,1,5
2535,Cmi,tarren-mill,96,demonhunter,havoc,6,1,5
2536,Norebb,sanguino,96,demonhunter,havoc,6,1,5
2537,Camotheck,stormscale,96,demonhunter,havoc,6,1,5
2538,Läderjoel,ravencrest,96,demonhunter,havoc,6,1,5
2539,Malvax,tarren-mill,96,demonhunter,havoc,6,1,5
2540,Aygael,archimonde,96,demonhunter,havoc,6,1,5
2541,Flasqo,eredar,96,demonhunter,havoc,6,1,5
2542,Askari,lothar,96,demonhunter,havoc,6,1,5
2543,Burritodh,tarren-mill,96,demonhunter,havoc,6,1,5
2544,Esthá,argent-dawn,96,demonhunter,havoc,6,1,5
2545,Ilovesabrina,dun-modr,96,demonhunter,havoc,6,1,5
2546,Annee,eredar,96,demonhunter,havoc,6,1,5
2547,Giace,drakthul,96,demonhunter,havoc,6,1,5
2548,Dýlän,argent-dawn,96,demonhunter,havoc,6,1,5
2549,Demonicat,twisting-nether,96,demonhunter,havoc,6,1,5
2550,Illidarios,blackhand,96,demonhunter,havoc,6,1,5
2551,Kiô,drakthul,96,demonhunter,havoc,6,1,5
2552,Äzot,burning-legion,96,demonhunter,havoc,6,1,5
2553,Maikko,los-errantes,96,demonhunter,havoc,6,1,5
2554,Hørnyßæ,drakthul,96,demonhunter,havoc,6,1,5
2555,Daekon,ahnqiraj,96,demonhunter,havoc,6,1,5
2556,Trinchensdh,blackhand,96,demonhunter,havoc,6,1,5
2557,Ghetzlel,draenor,96,demonhunter,havoc,6,1,5
2558,Спокоивич,soulflayer,96,demonhunter,havoc,6,1,5
2559,Максимлолпро,howling-fjord,96,demonhunter,havoc,6,1,5
2560,Джэкмэн,soulflayer,96,demonhunter,havoc,6,1,5
2561,Синнэрлити,soulflayer,96,demonhunter,havoc,6,1,5
2562,Demongorgon,arathor,96,demonhunter,havoc,6,1,5
2563,Shylaría,blackhand,96,demonhunter,havoc,6,1,5
2564,Pkdaemon,draenor,96,demonhunter,havoc,6,1,5
2565,Ellare,burning-blade,96,demonhunter,havoc,6,1,5
2566,Destructs,sylvanas,96,demonhunter,havoc,6,1,5
2567,Bradzdh,outland,96,demonhunter,havoc,6,1,5
2568,Sgit,doomhammer,96,demonhunter,havoc,6,1,5
2569,Nairu,doomhammer,96,demonhunter,havoc,6,1,5
2570,Zarafel,hyjal,96,demonhunter,havoc,6,1,5
2571,Blish,blackhand,96,demonhunter,havoc,6,1,5
2572,Jyzu,festung-der-stürme,96,demonhunter,havoc,6,1,5
2573,Ripgodx,bronzebeard,96,demonhunter,havoc,6,1,5
2574,Gucknicht,blackrock,96,demonhunter,havoc,6,1,5
2575,Niqel,blackrock,96,demonhunter,havoc,6,1,5
2576,Wìxx,blackrock,96,demonhunter,havoc,6,1,5
2577,Babyyéah,sunstrider,96,demonhunter,havoc,12,1,11
2578,Ecthelionn,outland,96,demonhunter,havoc,12,1,11
2579,Jásírá,shattrath,96,demonhunter,havoc,12,1,11
2580,Shinarei,silvermoon,95,demonhunter,havoc,6,1,5
2581,Deamo,stormscale,79,demonhunter,havoc,5,1,4
2582,Elldarion,blackhand,79,demonhunter,havoc,5,1,4
2583,Caluxe,blackmoore,79,demonhunter,havoc,5,1,4
2584,Omegasyx,dun-modr,64,demonhunter,havoc,4,1,3
2585,Гадх,gordunni,42,demonhunter,havoc,8,2,6
2586,Greyfel,blackhand,31,demonhunter,havoc,2,1,1
2587,Sinjinzoo,blackrock,31,demonhunter,havoc,2,1,1
2588,Herzbann,madmortem,16,demonhunter,havoc,1,1,0
2589,Vengeancezin,frostwhisper,2000,demonhunter,vengeance,126,67,59
2590,Jedidiah,aggra-português,1667,demonhunter,vengeance,39,19,20
2591,Zarín,outland,1394,demonhunter,vengeance,78,41,37
2592,Strqt,archimonde,862,demonhunter,vengeance,18,9,9
2593,Kubusz,ravencrest,856,demonhunter,vengeance,30,12,18
2594,Kekburagól,kazzak,575,demonhunter,vengeance,12,6,6
2595,Demonlucy,colinas-pardas,287,demonhunter,vengeance,12,3,9
2596,Askari,lothar,192,demonhunter,vengeance,6,2,4
2597,Геммула,howling-fjord,192,demonhunter,vengeance,6,2,4
2598,Camtoe,ravencrest,192,demonhunter,vengeance,6,2,4
2599,Enithy,twisting-nether,192,demonhunter,vengeance,6,2,4
2600,Сумърак,grom,192,demonhunter,vengeance,12,2,10
2601,Xenits,kazzak,96,demonhunter,vengeance,6,1,5
2602,Arussil,pozzo-delleternità,96,demonhunter,vengeance,6,1,5
2603,Zarafel,hyjal,95,demonhunter,vengeance,12,1,11
2604,Hibibi,kazzak,2257,druid,restoration,113,66,47
2605,Kev,elune,2190,druid,restoration,185,102,83
2606,Pegasu,kelthuzad,2182,druid,restoration,114,66,48
2607,Vanostboom,kazzak,2181,druid,restoration,88,50,38
2608,Iloveher,ravencrest,2180,druid,restoration,160,89,71
2609,Miouzy,archimonde,2156,druid,restoration,66,36,30
2610,Årt,ravencrest,2155,druid,restoration,132,72,60
2611,Unohanâ,archimonde,2103,druid,restoration,108,65,43
2612,Nesedondon,stormscale,2101,druid,restoration,60,44,16
2613,Trèes,outland,2074,druid,restoration,192,107,85
2614,Angrykejton,silvermoon,2066,druid,restoration,240,125,115
2615,Dendariottvx,sunstrider,2042,druid,restoration,73,44,29
2616,Bambambimbim,draenor,2023,druid,restoration,84,44,40
2617,Afky,stormreaver,2021,druid,restoration,90,47,43
2618,Yoogy,ravencrest,1995,druid,restoration,60,37,23
2619,Shinöbü,sanguino,1995,druid,restoration,69,42,27
2620,Rives,sylvanas,1978,druid,restoration,78,46,32
2621,Tjxaxa,ravencrest,1966,druid,restoration,78,38,40
2622,Galadronìa,aegwynn,1960,druid,restoration,65,38,27
2623,Mentallyill,ravencrest,1949,druid,restoration,204,106,98
2624,Thotz,kazzak,1949,druid,restoration,132,65,67
2625,Sheippi,stormreaver,1945,druid,restoration,54,31,23
2626,Acondris,kazzak,1944,druid,restoration,96,45,51
2627,Håbibi,kazzak,1936,druid,restoration,48,25,23
2628,Skrrlock,ravencrest,1923,druid,restoration,108,53,55
2629,Syví,outland,1912,druid,restoration,59,29,30
2630,Hånukkah,outland,1911,druid,restoration,58,29,29
2631,Lunamimi,argent-dawn,1899,druid,restoration,254,132,122
2632,Thugzie,kazzak,1896,druid,restoration,53,26,27
2633,Thysabtw,archimonde,1894,druid,restoration,53,33,20
2634,Amaré,burning-legion,1893,druid,restoration,48,26,22
2635,Ovérheal,ravencrest,1889,druid,restoration,59,33,26
2636,Drjmy,silvermoon,1887,druid,restoration,48,38,10
2637,Maxpojke,ravencrest,1876,druid,restoration,142,88,54
2638,Niksidruid,grim-batol,1868,druid,restoration,28,21,7
2639,Ralaa,guldan,1865,druid,restoration,54,29,25
2640,Arthéas,archimonde,1865,druid,restoration,174,89,85
2641,Hadok,azjolnerub,1865,druid,restoration,78,34,44
2642,Naffelle,ysondre,1862,druid,restoration,71,34,37
2643,Threesixnìne,dun-morogh,1857,druid,restoration,66,39,27
2644,Druidrak,eredar,1855,druid,restoration,66,32,34
2645,Lalalime,arthas,1851,druid,restoration,64,31,33
2646,Clone,aegwynn,1849,druid,restoration,96,55,41
2647,Nastycat,magtheridon,1849,druid,restoration,179,88,91
2648,Åä,ravencrest,1837,druid,restoration,32,20,12
2649,Thebiggest,ravencrest,1836,druid,restoration,42,25,17
2650,Andr,voljin,1835,druid,restoration,60,26,34
2651,Jmdr,silvermoon,1830,druid,restoration,71,31,40
2652,Spamclone,draenor,1828,druid,restoration,57,30,27
2653,Kanyevotèrx,ravencrest,1828,druid,restoration,54,25,29
2654,Gummysnake,aszune,1823,druid,restoration,42,25,17
2655,Zydrux,outland,1822,druid,restoration,48,36,12
2656,Theatrex,ravencrest,1820,druid,restoration,147,85,62
2657,Doodlez,blackrock,1820,druid,restoration,60,27,33
2658,Baawz,blackmoore,1820,druid,restoration,60,25,35
2659,Metagrass,stormscale,1818,druid,restoration,129,59,70
2660,Skadooshee,kazzak,1816,druid,restoration,36,19,17
2661,Køngx,blackhand,1812,druid,restoration,125,64,61
2662,Sorryblya,ravencrest,1809,druid,restoration,60,26,34
2663,Promethezine,tarren-mill,1807,druid,restoration,147,78,69
2664,Мафио,blackscar,1805,druid,restoration,48,25,23
2665,Asaj,argent-dawn,1804,druid,restoration,189,106,83
2666,Riplilpeep,grim-batol,1803,druid,restoration,54,28,26
2667,Gaeldeth,silvermoon,1802,druid,restoration,105,63,42
2668,Wraithshape,stormscale,1800,druid,restoration,60,32,28
2669,Tedel,kazzak,1791,druid,restoration,53,33,20
2670,Reins,silvermoon,1786,druid,restoration,84,45,39
2671,Jìnró,ravencrest,1782,druid,restoration,129,63,66
2672,Chas,ravencrest,1776,druid,restoration,42,25,17
2673,Weezíng,ysondre,1771,druid,restoration,44,27,17
2674,Heçtôr,silvermoon,1767,druid,restoration,60,27,33
2675,Dokixo,kazzak,1766,druid,restoration,35,19,16
2676,Chacopic,archimonde,1764,druid,restoration,114,58,56
2677,Gøðførm,silvermoon,1758,druid,restoration,118,63,55
2678,Wéédmâñ,ravencrest,1756,druid,restoration,45,30,15
2679,Jaytiz,ravencrest,1753,druid,restoration,41,21,20
2680,Hizzy,burning-legion,1751,druid,restoration,243,119,124
2681,Migami,nemesis,1748,druid,restoration,65,27,38
2682,Matteps,outland,1742,druid,restoration,41,19,22
2683,Дикаякиара,blackscar,1741,druid,restoration,149,68,81
2684,Улдрэйн,deathguard,1739,druid,restoration,66,38,28
2685,Qjkuug,twisting-nether,1737,druid,restoration,130,78,52
2686,Lifelover,outland,1734,druid,restoration,48,23,25
2687,Skrood,kazzak,1732,druid,restoration,48,25,23
2688,Bëstwôrld,archimonde,1732,druid,restoration,64,32,32
2689,Druncha,sunstrider,1726,druid,restoration,102,38,64
2690,Филавтия,gordunni,1724,druid,restoration,60,32,28
2691,Josedudu,twisting-nether,1722,druid,restoration,48,21,27
2692,Treliuz,twilights-hammer,1718,druid,restoration,212,117,95
2693,Druidella,stormscale,1716,druid,restoration,30,18,12
2694,Alolexx,archimonde,1711,druid,restoration,30,18,12
2695,Крашдру,gordunni,1710,druid,restoration,28,20,8
2696,Muraebbasta,pozzo-delleternità,1709,druid,restoration,42,18,24
2697,Bloomitize,ravencrest,1708,druid,restoration,54,23,31
2698,Sintiq,silvermoon,1705,druid,restoration,41,24,17
2699,Wraithmoon,stormscale,1705,druid,restoration,36,18,18
2700,Moonbee,burning-blade,1704,druid,restoration,42,28,14
2701,Kìttÿ,dun-modr,1703,druid,restoration,30,19,11
2702,Hólo,blackrock,1701,druid,restoration,47,24,23
2703,Moondra,outland,1688,druid,restoration,95,39,56
2704,Luhmanish,thunderhorn,1684,druid,restoration,102,52,50
2705,Nasduck,ravencrest,1680,druid,restoration,40,27,13
2706,Erika,vashj,1676,druid,restoration,48,26,22
2707,Buffbloom,auchindoun,1668,druid,restoration,126,67,59
2708,Eedaza,argent-dawn,1665,druid,restoration,75,38,37
2709,Funnyjoker,outland,1665,druid,restoration,36,18,18
2710,Joksica,draenor,1664,druid,restoration,35,20,15
2711,Builtdiffy,kazzak,1659,druid,restoration,190,98,92
2712,Demerit,aegwynn,1657,druid,restoration,32,18,14
2713,Sélia,sylvanas,1657,druid,restoration,116,57,59
2714,Bâneth,destromath,1656,druid,restoration,60,33,27
2715,Olaphy,elune,1653,druid,restoration,155,77,78
2716,Catgirlx,ravencrest,1652,druid,restoration,42,26,16
2717,Orayin,ravencrest,1649,druid,restoration,60,43,17
2718,Pogoth,turalyon,1641,druid,restoration,72,38,34
2719,Praetorian,sylvanas,1638,druid,restoration,90,40,50
2720,Drøødis,archimonde,1636,druid,restoration,42,24,18
2721,Чухх,howling-fjord,1636,druid,restoration,52,29,23
2722,Trèes,draenor,1636,druid,restoration,46,22,24
2723,Adjaara,ravencrest,1635,druid,restoration,115,68,47
2724,Pardus,ambossar,1635,druid,restoration,50,27,23
2725,Rawri,blackmoore,1633,druid,restoration,48,26,22
2726,Рамзес,gordunni,1631,druid,restoration,30,20,10
2727,Mafiasnipe,ravencrest,1630,druid,restoration,24,17,7
2728,Friedbrocolí,tarren-mill,1629,druid,restoration,30,17,13
2729,Asga,stormscale,1628,druid,restoration,30,17,13
2730,Джелони,soulflayer,1626,druid,restoration,36,17,19
2731,Mortalnight,sinstralis,1625,druid,restoration,194,99,95
2732,Tropjeune,dalaran,1623,druid,restoration,36,17,19
2733,Frances,auchindoun,1622,druid,restoration,51,30,21
2734,Pawful,malganis,1621,druid,restoration,83,50,33
2735,Bellatrx,darksorrow,1620,druid,restoration,36,21,15
2736,Миледистайпи,gordunni,1619,druid,restoration,32,18,14
2737,Floka,archimonde,1617,druid,restoration,48,30,18
2738,Elu,eredar,1617,druid,restoration,48,28,20
2739,Diolives,stormscale,1617,druid,restoration,180,95,85
2740,Nancey,auchindoun,1617,druid,restoration,149,75,74
2741,Wømbat,ravencrest,1616,druid,restoration,36,17,19
2742,Goldrax,outland,1615,druid,restoration,24,17,7
2743,Драменбейз,gordunni,1615,druid,restoration,42,20,22
2744,Xoriauz,archimonde,1609,druid,restoration,78,37,41
2745,Slaugh,zuljin,1608,druid,restoration,48,20,28
2746,Опапенелопа,blackscar,1607,druid,restoration,39,27,12
2747,Bigmeandruid,twisting-nether,1606,druid,restoration,30,17,13
2748,Jcpenney,xavius,1605,druid,restoration,124,63,61
2749,Bîrke,blackrock,1604,druid,restoration,36,17,19
2750,Naraia,aegwynn,1602,druid,restoration,30,17,13
2751,Watchmebear,stormscale,1601,druid,restoration,42,23,19
2752,Ðarckness,kazzak,1600,druid,restoration,24,17,7
2753,Swifte,argent-dawn,1600,druid,restoration,48,27,21
2754,Akmón,tarren-mill,1600,druid,restoration,58,20,38
2755,Ittei,korgall,1596,druid,restoration,120,63,57
2756,Hyggefinger,ravencrest,1596,druid,restoration,42,19,23
2757,Zhosy,shattrath,1583,druid,restoration,55,20,35
2758,Diriculous,kazzak,1575,druid,restoration,54,18,36
2759,Ninadobrev,ragnaros,1568,druid,restoration,33,18,15
2760,Sandirion,silvermoon,1567,druid,restoration,404,204,200
2761,Eyvimel,ravencrest,1561,druid,restoration,78,43,35
2762,Kheazar,blackmoore,1558,druid,restoration,103,61,42
2763,Rhonir,twisting-nether,1558,druid,restoration,41,18,23
2764,Crïn,ravencrest,1553,druid,restoration,36,17,19
2765,Néllä,archimonde,1552,druid,restoration,36,25,11
2766,Slayced,blackrock,1550,druid,restoration,35,21,14
2767,Bearform,blackhand,1548,druid,restoration,48,23,25
2768,Khunahype,thrall,1546,druid,restoration,88,48,40
2769,Атмос,deathguard,1541,druid,restoration,124,72,52
2770,Trollisha,mannoroth,1540,druid,restoration,233,109,124
2771,Нубстримсс,gordunni,1538,druid,restoration,82,38,44
2772,Tôrmêñtêd,outland,1535,druid,restoration,99,62,37
2773,Devióus,twilights-hammer,1533,druid,restoration,131,68,63
2774,Kundz,dalaran,1530,druid,restoration,148,81,67
2775,Eviscreator,stormscale,1529,druid,restoration,45,27,18
2776,Kætachy,archimonde,1529,druid,restoration,42,16,26
2777,Hasselhoof,eredar,1526,druid,restoration,63,26,37
2778,Xalio,ravencrest,1525,druid,restoration,45,29,16
2779,Deluron,malganis,1525,druid,restoration,113,59,54
2780,Lyvuni,blackmoore,1524,druid,restoration,54,33,21
2781,Bjoernbrudn,ravencrest,1524,druid,restoration,30,16,14
2782,Skillfall,ravencrest,1524,druid,restoration,42,16,26
2783,Bloomies,tarren-mill,1522,druid,restoration,88,53,35
2784,Dwaokut,ravencrest,1514,druid,restoration,47,24,23
2785,Asanaria,ravencrest,1513,druid,restoration,56,25,31
2786,Rozi,draenor,1512,druid,restoration,24,16,8
2787,Arogane,outland,1512,druid,restoration,63,32,31
2788,Homek,eredar,1505,druid,restoration,42,24,18
2789,Feelstreeman,twisting-nether,1504,druid,restoration,77,42,35
2790,Lÿter,dun-modr,1502,druid,restoration,42,18,24
2791,Setztes,tarren-mill,1494,druid,restoration,61,34,27
2792,Kicki,outland,1494,druid,restoration,66,34,32
2793,Маккаланн,soulflayer,1493,druid,restoration,48,30,18
2794,Rougetreize,khaz-modan,1490,druid,restoration,30,16,14
2795,Atôtheex,kazzak,1488,druid,restoration,43,21,22
2796,Haszard,outland,1485,druid,restoration,82,35,47
2797,Scorlok,eredar,1484,druid,restoration,50,30,20
2798,Scra,anubarak,1482,druid,restoration,83,45,38
2799,Legyna,ravencrest,1481,druid,restoration,41,25,16
2800,Pureballs,twisting-nether,1477,druid,restoration,165,93,72
2801,Nyxxz,shattered-hand,1477,druid,restoration,36,19,17
2802,Zaerox,ambossar,1474,druid,restoration,48,23,25
2803,Kukisanban,stormscale,1472,druid,restoration,193,109,84
2804,Eeivi,argent-dawn,1467,druid,restoration,111,60,51
2805,Trúdl,das-konsortium,1466,druid,restoration,24,18,6
2806,Jtepdru,ravencrest,1466,druid,restoration,85,43,42
2807,Drbse,silvermoon,1461,druid,restoration,56,28,28
2808,Bammedrudu,archimonde,1459,druid,restoration,30,17,13
2809,Spliçe,draenor,1458,druid,restoration,42,21,21
2810,Xôárqt,aegwynn,1458,druid,restoration,66,29,37
2811,Ёу,soulflayer,1454,druid,restoration,77,34,43
2812,Ööh,outland,1453,druid,restoration,48,25,23
2813,Warami,eredar,1453,druid,restoration,54,24,30
2814,Eaglefox,aszune,1452,druid,restoration,47,21,26
2815,Euskal,chogall,1451,druid,restoration,42,18,24
2816,Tamburoo,tarren-mill,1449,druid,restoration,119,52,67
2817,Велаине,soulflayer,1447,druid,restoration,99,53,46
2818,Vashiko,tarren-mill,1446,druid,restoration,83,41,42
2819,Bägira,sylvanas,1444,druid,restoration,107,60,47
2820,Flum,darksorrow,1441,druid,restoration,148,77,71
2821,Xyruden,kazzak,1441,druid,restoration,171,69,102
2822,Panigale,dun-modr,1438,druid,restoration,30,15,15
2823,Ына,gordunni,1438,druid,restoration,81,39,42
2824,Síggíe,eredar,1436,druid,restoration,30,17,13
2825,Shredzz,ravencrest,1436,druid,restoration,36,15,21
2826,Hellofresh,silvermoon,1436,druid,restoration,42,17,25
2827,Блумха,howling-fjord,1435,druid,restoration,66,34,32
2828,Andromedda,twisting-nether,1435,druid,restoration,66,31,35
2829,Aesha,los-errantes,1434,druid,restoration,30,15,15
2830,Evílz,kazzak,1431,druid,restoration,24,15,9
2831,Làhen,ravencrest,1431,druid,restoration,58,27,31
2832,Guccicken,garona,1430,druid,restoration,100,53,47
2833,Брэвно,gordunni,1430,druid,restoration,225,116,109
2834,Thanom,auchindoun,1428,druid,restoration,181,92,89
2835,Kittý,terokkar,1427,druid,restoration,156,76,80
2836,Analmonstret,shattered-hand,1427,druid,restoration,35,17,18
2837,Halyconwings,outland,1424,druid,restoration,51,24,27
2838,Tunling,ravencrest,1423,druid,restoration,30,20,10
2839,Ilyethea,earthen-ring,1420,druid,restoration,386,206,180
2840,Lukass,drakthul,1420,druid,restoration,107,56,51
2841,Mindru,sylvanas,1417,druid,restoration,45,22,23
2842,Styleexd,ragnaros,1408,druid,restoration,63,34,29
2843,Plàntz,tarren-mill,1406,druid,restoration,79,39,40
2844,Фапдрим,howling-fjord,1404,druid,restoration,60,29,31
2845,Dûdûrînâ,blackrock,1400,druid,restoration,24,15,9
2846,Wenciorek,kazzak,1400,druid,restoration,75,37,38
2847,Ghaara,outland,1399,druid,restoration,46,28,18
2848,Друлёнышь,eversong,1394,druid,restoration,125,65,60
2849,Clovér,outland,1394,druid,restoration,30,15,15
2850,Maethar,stormrage,1393,druid,restoration,87,53,34
2851,Shufflê,blackmoore,1392,druid,restoration,125,57,68
2852,Cörelly,ravencrest,1385,druid,restoration,181,106,75
2853,Катяблум,gordunni,1375,druid,restoration,60,24,36
2854,Kajiun,silvermoon,1373,druid,restoration,36,21,15
2855,Badbloom,ravencrest,1370,druid,restoration,46,22,24
2856,Balanc,ragnaros,1366,druid,restoration,42,22,20
2857,Bigßoi,stormscale,1364,druid,restoration,78,41,37
2858,Solàryx,hyjal,1364,druid,restoration,42,20,22
2859,Lindémann,blackhand,1363,druid,restoration,24,15,9
2860,Wooshy,kazzak,1358,druid,restoration,40,17,23
2861,Zwierzyniec,jaedenar,1357,druid,restoration,60,27,33
2862,Ивантяй,gordunni,1349,druid,restoration,107,52,55
2863,Zaeli,archimonde,1344,druid,restoration,24,14,10
2864,Acxaryl,ravencrest,1343,druid,restoration,30,14,16
2865,Mòzat,stormscale,1342,druid,restoration,24,14,10
2866,Kyomã,burning-legion,1342,druid,restoration,36,14,22
2867,Cplazi,kazzak,1341,druid,restoration,24,14,10
2868,Kooglaash,kazzak,1335,druid,restoration,85,41,44
2869,Supremecat,kazzak,1335,druid,restoration,36,17,19
2870,Shifthappénz,draenor,1334,druid,restoration,60,28,32
2871,Ooktharg,turalyon,1332,druid,restoration,24,14,10
2872,Вакидзами,gordunni,1331,druid,restoration,48,28,20
2873,Fabsl,archimonde,1330,druid,restoration,30,14,16
2874,Khalec,silvermoon,1327,druid,restoration,24,17,7
2875,Scaleo,stormreaver,1326,druid,restoration,42,26,16
2876,Knzm,dun-modr,1323,druid,restoration,120,62,58
2877,Wwvwwvwwvwvw,burning-legion,1322,druid,restoration,69,23,46
2878,Вексиус,gordunni,1321,druid,restoration,24,14,10
2879,Koemarkt,sunstrider,1319,druid,restoration,46,29,17
2880,Béccàbtw,draenor,1318,druid,restoration,24,14,10
2881,Yenwe,kazzak,1317,druid,restoration,124,65,59
2882,Крайсонг,soulflayer,1316,druid,restoration,36,18,18
2883,Idect,silvermoon,1314,druid,restoration,106,55,51
2884,Nayokô,grim-batol,1310,druid,restoration,30,15,15
2885,Rabacki,blackmoore,1310,druid,restoration,38,16,22
2886,Mangy,xavius,1309,druid,restoration,78,39,39
2887,Иггдрассиль,blackscar,1309,druid,restoration,30,15,15
2888,Bloompuf,draenor,1309,druid,restoration,36,14,22
2889,Dafapa,twilights-hammer,1306,druid,restoration,30,14,16
2890,Nasgra,malganis,1305,druid,restoration,35,14,21
2891,Друидсимба,howling-fjord,1296,druid,restoration,93,49,44
2892,Ekologiskxx,outland,1296,druid,restoration,85,40,45
2893,Wannabanhere,outland,1295,druid,restoration,41,16,25
2894,Callìa,sylvanas,1294,druid,restoration,36,18,18
2895,Leliaen,sylvanas,1291,druid,restoration,51,28,23
2896,Shelby,tirion,1291,druid,restoration,69,36,33
2897,Microw,ghostlands,1289,druid,restoration,51,28,23
2898,Varrdru,kazzak,1288,druid,restoration,91,42,49
2899,Hideme,tarren-mill,1288,druid,restoration,42,15,27
2900,Кнесис,howling-fjord,1286,druid,restoration,25,17,8
2901,Рефикс,gordunni,1286,druid,restoration,91,57,34
2902,Feinberg,stormscale,1286,druid,restoration,42,14,28
2903,Хуссипусси,galakrond,1285,druid,restoration,29,14,15
2904,Seikoo,defias-brotherhood,1284,druid,restoration,91,41,50
2905,Ninø,gorgonnash,1282,druid,restoration,42,23,19
2906,Paawz,stormscale,1281,druid,restoration,65,33,32
2907,Kaamirach,blackmoore,1280,druid,restoration,23,16,7
2908,Chinoiserie,aszune,1277,druid,restoration,156,83,73
2909,Урька,blackscar,1272,druid,restoration,59,26,33
2910,Cubalitis,tarren-mill,1271,druid,restoration,36,22,14
2911,Basajáun,dun-modr,1268,druid,restoration,42,15,27
2912,Mchots,ragnaros,1267,druid,restoration,95,42,53
2913,Walexx,kazzak,1266,druid,restoration,44,25,19
2914,Delmond,sylvanas,1266,druid,restoration,185,93,92
2915,Nalreaa,kazzak,1265,druid,restoration,48,27,21
2916,Lalon,blackrock,1265,druid,restoration,48,24,24
2917,Elainx,thrall,1264,druid,restoration,30,16,14
2918,Обейрин,gordunni,1261,druid,restoration,78,40,38
2919,Wazam,kazzak,1261,druid,restoration,86,43,43
2920,Cuxorb,rexxar,1259,druid,restoration,48,21,27
2921,Delarion,nemesis,1258,druid,restoration,36,21,15
2922,Liquis,outland,1249,druid,restoration,109,56,53
2923,Surfingbirdx,ragnaros,1248,druid,restoration,24,13,11
2924,Loleh,ragnaros,1247,druid,restoration,24,13,11
2925,Deltsur,stormscale,1247,druid,restoration,35,17,18
2926,Boomayé,archimonde,1246,druid,restoration,36,22,14
2927,Lamatoes,ravencrest,1246,druid,restoration,30,13,17
2928,Doodougie,silvermoon,1245,druid,restoration,30,13,17
2929,Hotlotta,aegwynn,1244,druid,restoration,24,13,11
2930,Crep,krasus,1243,druid,restoration,30,21,9
2931,Bellhooks,blackrock,1239,druid,restoration,24,13,11
2932,Ironveins,ravencrest,1238,druid,restoration,42,28,14
2933,Grololotte,dalaran,1238,druid,restoration,24,14,10
2934,ßløøm,outland,1236,druid,restoration,24,16,8
2935,Zaratras,arathor,1230,druid,restoration,50,23,27
2936,Zelíx,bronzebeard,1229,druid,restoration,42,28,14
2937,Корнерит,gordunni,1229,druid,restoration,82,43,39
2938,Lucael,blackmoore,1228,druid,restoration,42,16,26
2939,Vanlise,ravencrest,1227,druid,restoration,42,20,22
2940,Acwi,dun-morogh,1226,druid,restoration,72,36,36
2941,Weregoon,blackmoore,1225,druid,restoration,191,91,100
2942,Arear,frostmane,1225,druid,restoration,42,20,22
2943,Wagoneis,grim-batol,1224,druid,restoration,28,14,14
2944,Sgtdrood,archimonde,1223,druid,restoration,30,13,17
2945,Fettpumpad,karazhan,1221,druid,restoration,103,59,44
2946,Cazzette,grim-batol,1220,druid,restoration,40,24,16
2947,Siako,sanguino,1218,druid,restoration,71,32,39
2948,Vícvega,ravencrest,1213,druid,restoration,24,15,9
2949,Deretus,blackmoore,1213,druid,restoration,34,13,21
2950,Dreaddot,archimonde,1210,druid,restoration,24,13,11
2951,Jehtrotull,nemesis,1210,druid,restoration,37,17,20
2952,Autoritär,gilneas,1209,druid,restoration,49,26,23
2953,Irondruid,silvermoon,1208,druid,restoration,70,39,31
2954,Ubbeleg,kazzak,1206,druid,restoration,30,18,12
2955,Bjútiful,silvermoon,1206,druid,restoration,29,13,16
2956,Дилайт,blackscar,1201,druid,restoration,30,13,17
2957,Namenloser,azshara,1200,druid,restoration,72,39,33
2958,Juicy,stormreaver,1194,druid,restoration,36,21,15
2959,Amakary,blackrock,1193,druid,restoration,42,19,23
2960,Bonza,agamaggan,1191,druid,restoration,30,14,16
2961,Plsbuffdruid,ravencrest,1189,druid,restoration,28,14,14
2962,Chable,hyjal,1187,druid,restoration,60,31,29
2963,Jiujiteiro,tarren-mill,1184,druid,restoration,47,26,21
2964,Collîî,aegwynn,1183,druid,restoration,44,25,19
2965,Røxhot,archimonde,1182,druid,restoration,23,13,10
2966,Inkeyes,outland,1182,druid,restoration,107,45,62
2967,Mitnik,stormscale,1180,druid,restoration,104,58,46
2968,Papanik,tarren-mill,1179,druid,restoration,54,30,24
2969,Amberleaff,auchindoun,1178,druid,restoration,31,16,15
2970,Julss,archimonde,1176,druid,restoration,36,15,21
2971,Hílarío,sanguino,1174,druid,restoration,38,13,25
2972,Diastra,silvermoon,1168,druid,restoration,42,18,24
2973,Halleyz,hyjal,1165,druid,restoration,117,61,56
2974,Bynxx,antonidas,1163,druid,restoration,118,57,61
2975,Дудумейстер,howling-fjord,1160,druid,restoration,144,60,84
2976,Røsary,stormscale,1156,druid,restoration,81,43,38
2977,Mochiløxz,tarren-mill,1155,druid,restoration,24,13,11
2978,Walenok,thrall,1155,druid,restoration,185,90,95
2979,Cäsïo,khaz-modan,1154,druid,restoration,54,32,22
2980,Ceapamatii,sylvanas,1153,druid,restoration,30,15,15
2981,Lfsecondreju,ravencrest,1151,druid,restoration,18,12,6
2982,Myndrá,varimathras,1151,druid,restoration,24,12,12
2983,Dreathqt,twisting-nether,1150,druid,restoration,24,12,12
2984,Rozt,ravencrest,1150,druid,restoration,24,12,12
2985,Hatecrew,twisting-nether,1147,druid,restoration,18,12,6
2986,Weiden,twisting-nether,1147,druid,restoration,24,13,11
2987,Olympïee,archimonde,1147,druid,restoration,24,12,12
2988,Elmáestró,aegwynn,1146,druid,restoration,24,12,12
2989,Shiftway,stormscale,1145,druid,restoration,24,12,12
2990,Utopiah,ravencrest,1144,druid,restoration,18,12,6
2991,Trànsformer,nemesis,1142,druid,restoration,30,12,18
2992,Adiycrazy,outland,1138,druid,restoration,54,22,32
2993,Hót,ravencrest,1138,druid,restoration,42,14,28
2994,Arfedan,kazzak,1136,druid,restoration,42,24,18
2995,Exane,ragnaros,1132,druid,restoration,24,14,10
2996,Bioházard,blackrock,1129,druid,restoration,30,17,13
2997,Räysa,archimonde,1127,druid,restoration,133,68,65
2998,Dadud,twisting-nether,1126,druid,restoration,30,18,12
2999,Hashtagone,ysondre,1124,druid,restoration,29,12,17
3000,Tsuteymanga,veknilash,1123,druid,restoration,60,28,32
3001,Sinthorasia,blackrock,1122,druid,restoration,24,12,12
3002,Maryjuanita,silvermoon,1122,druid,restoration,104,43,61
3003,Raysa,archimonde,1119,druid,restoration,69,35,34
3004,Ndnd,drakthul,1112,druid,restoration,82,42,40
3005,Сваткумбрат,eversong,1110,druid,restoration,78,26,52
3006,Dobbmaster,aegwynn,1107,druid,restoration,222,113,109
3007,Fotmrerollér,darksorrow,1103,druid,restoration,30,20,10
3008,Mendozä,stormscale,1103,druid,restoration,55,28,27
3009,Zirkuszwei,aegwynn,1102,druid,restoration,29,14,15
3010,Эверих,soulflayer,1102,druid,restoration,28,13,15
3011,Snowrk,hyjal,1101,druid,restoration,36,22,14
3012,Ankhenature,outland,1100,druid,restoration,71,40,31
3013,Ccmydcv,archimonde,1095,druid,restoration,25,13,12
3014,Yespapa,kazzak,1089,druid,restoration,129,72,57
3015,Farodiin,blackmoore,1087,druid,restoration,48,24,24
3016,Relache,twisting-nether,1086,druid,restoration,42,23,19
3017,Vurgyl,hyjal,1079,druid,restoration,54,33,21
3018,Vranz,draenor,1074,druid,restoration,54,24,30
3019,Bloomly,tarren-mill,1073,druid,restoration,36,18,18
3020,Eko,auchindoun,1073,druid,restoration,75,35,40
3021,Алунар,lich-king,1070,druid,restoration,84,39,45
3022,Киберужас,gordunni,1069,druid,restoration,116,54,62
3023,Betelgues,kazzak,1067,druid,restoration,54,31,23
3024,Spidete,sanguino,1067,druid,restoration,66,36,30
3025,Elanrya,argent-dawn,1066,druid,restoration,53,15,38
3026,Gyvunas,silvermoon,1065,druid,restoration,37,22,15
3027,Mutato,draenor,1065,druid,restoration,156,82,74
3028,Аматэррасу,blackscar,1065,druid,restoration,30,15,15
3029,Midnightstry,alakir,1064,druid,restoration,84,42,42
3030,Moonshîne,arygos,1063,druid,restoration,41,26,15
3031,Digestivebis,defias-brotherhood,1062,druid,restoration,54,31,23
3032,Hypnosoad,outland,1062,druid,restoration,76,31,45
3033,Justforgames,ravencrest,1056,druid,restoration,12,11,1
3034,Bananadru,stormscale,1056,druid,restoration,18,11,7
3035,Kobrá,ravencrest,1056,druid,restoration,18,11,7
3036,Niknoom,azjolnerub,1056,druid,restoration,54,32,22
3037,Asklepion,twisting-nether,1056,druid,restoration,24,11,13
3038,Хлайси,gordunni,1056,druid,restoration,24,11,13
3039,Sprøut,drakthul,1056,druid,restoration,24,11,13
3040,Weisslogia,aegwynn,1055,druid,restoration,18,11,7
3041,Дуггизавр,howling-fjord,1055,druid,restoration,24,11,13
3042,Oschlandor,blackmoore,1054,druid,restoration,12,11,1
3043,Shenandoah,hyjal,1054,druid,restoration,30,14,16
3044,Solern,ravencrest,1054,druid,restoration,24,11,13
3045,Azchuk,blackmoore,1054,druid,restoration,24,11,13
3046,Светдру,blackscar,1054,druid,restoration,24,11,13
3047,Wernøs,archimonde,1054,druid,restoration,27,12,15
3048,Тчаёк,gordunni,1052,druid,restoration,21,13,8
3049,Phala,outland,1052,druid,restoration,24,11,13
3050,Xenva,blackmoore,1052,druid,restoration,30,13,17
3051,Benjosef,blackmoore,1051,druid,restoration,62,31,31
3052,Азя,blackscar,1050,druid,restoration,24,11,13
3053,Moonfan,darkmoon-faire,1049,druid,restoration,36,14,22
3054,Lestty,the-maelstrom,1048,druid,restoration,18,11,7
3055,Cptfalcony,outland,1048,druid,restoration,18,11,7
3056,Влажныйдру,soulflayer,1048,druid,restoration,24,11,13
3057,Felfran,ravencrest,1047,druid,restoration,36,13,23
3058,Sodamncute,ravencrest,1046,druid,restoration,24,11,13
3059,Greengolly,argent-dawn,1042,druid,restoration,30,11,19
3060,Luarbak,kazzak,1041,druid,restoration,18,11,7
3061,Ковамедведь,borean-tundra,1035,druid,restoration,30,11,19
3062,Cárnagè,stormscale,1034,druid,restoration,74,32,42
3063,Mirana,drakthul,1032,druid,restoration,24,13,11
3064,Xadidruîd,blackrock,1030,druid,restoration,42,11,31
3065,Degentiuso,alakir,1029,druid,restoration,18,14,4
3066,Storpboom,drakthul,1028,druid,restoration,31,13,18
3067,Davincidru,tarren-mill,1026,druid,restoration,68,32,36
3068,Herbiko,turalyon,1024,druid,restoration,53,24,29
3069,Vertymbras,hyjal,1021,druid,restoration,24,13,11
3070,Raysien,doomhammer,1021,druid,restoration,24,13,11
3071,Shanikya,argent-dawn,1021,druid,restoration,44,20,24
3072,Tângo,eredar,1019,druid,restoration,25,12,13
3073,Zyska,outland,1018,druid,restoration,97,37,60
3074,Wyngx,blackrock,1017,druid,restoration,18,11,7
3075,Омгдру,gordunni,1016,druid,restoration,117,53,64
3076,Sertris,kazzak,1015,druid,restoration,31,11,20
3077,Эмканегодяйк,galakrond,1011,druid,restoration,59,31,28
3078,Мирафлоресс,booty-bay,1009,druid,restoration,30,15,15
3079,Ukri,ravencrest,1008,druid,restoration,22,11,11
3080,Bakicadr,sylvanas,1005,druid,restoration,15,12,3
3081,Дремлин,deathguard,1005,druid,restoration,41,14,27
3082,Feedbark,stormscale,1002,druid,restoration,23,13,10
3083,Saimdude,blackrock,1001,druid,restoration,24,11,13
3084,Hopê,burning-legion,996,druid,restoration,60,36,24
3085,Bearinator,aggramar,985,druid,restoration,57,26,31
3086,Liloè,onyxia,984,druid,restoration,30,16,14
3087,Karlsn,ravencrest,983,druid,restoration,20,11,9
3088,Dirtyhacks,blackmoore,982,druid,restoration,24,12,12
3089,Ellismera,argent-dawn,978,druid,restoration,36,17,19
3090,Флиперкэт,howling-fjord,978,druid,restoration,30,11,19
3091,Robutt,runetotem,976,druid,restoration,22,12,10
3092,Naruhot,archimonde,975,druid,restoration,19,11,8
3093,Ráw,dun-modr,974,druid,restoration,25,11,14
3094,Spoco,defias-brotherhood,972,druid,restoration,78,40,38
3095,Menolao,dun-morogh,970,druid,restoration,32,18,14
3096,Wegian,sylvanas,962,druid,restoration,63,36,27
3097,Snedden,silvermoon,959,druid,restoration,30,15,15
3098,Siuo,ravencrest,959,druid,restoration,24,10,14
3099,Çãm,magtheridon,957,druid,restoration,18,10,8
3100,Plúx,antonidas,956,druid,restoration,26,10,16
3101,Элеарсия,gordunni,956,druid,restoration,42,15,27
3102,Маминапуська,soulflayer,955,druid,restoration,18,10,8
3103,Inspiredrood,archimonde,954,druid,restoration,30,18,12
3104,Moonfetamine,silvermoon,954,druid,restoration,30,10,20
3105,Bazilika,argent-dawn,953,druid,restoration,29,13,16
3106,Wolfeiy,ravenholdt,952,druid,restoration,42,23,19
3107,Энчантерес,gordunni,952,druid,restoration,30,10,20
3108,Soratess,azshara,949,druid,restoration,24,10,14
3109,Thieane,blackhand,948,druid,restoration,18,10,8
3110,Merakir,dun-modr,948,druid,restoration,30,11,19
3111,Johndru,kazzak,948,druid,restoration,71,26,45
3112,Zarlaac,ravencrest,947,druid,restoration,18,10,8
3113,Thélon,antonidas,945,druid,restoration,69,35,34
3114,Corias,blackmoore,944,druid,restoration,36,10,26
3115,Cigamt,kazzak,943,druid,restoration,12,10,2
3116,Pudseytree,doomhammer,941,druid,restoration,30,15,15
3117,Nimèl,argent-dawn,936,druid,restoration,42,18,24
3118,Krollix,dun-morogh,929,druid,restoration,47,25,22
3119,Maldrýn,stormscale,927,druid,restoration,17,10,7
3120,Buffspencer,ragnaros,923,druid,restoration,77,39,38
3121,Missfar,doomhammer,923,druid,restoration,36,13,23
3122,Фэйблуд,blackscar,921,druid,restoration,78,38,40
3123,Fubarmeep,outland,918,druid,restoration,36,18,18
3124,Shokazu,blackmoore,917,druid,restoration,64,29,35
3125,Yesco,malganis,912,druid,restoration,33,10,23
3126,Уэсериктх,blackscar,911,druid,restoration,15,10,5
3127,Chainbrake,sylvanas,911,druid,restoration,17,10,7
3128,Fryén,archimonde,911,druid,restoration,27,10,17
3129,Бехеровка,grom,910,druid,restoration,58,24,34
3130,Nachtelf,lightbringer,907,druid,restoration,75,26,49
3131,Kárél,drakthul,906,druid,restoration,24,12,12
3132,Delviri,stormreaver,905,druid,restoration,21,11,10
3133,Akifumi,archimonde,903,druid,restoration,35,11,24
3134,Jambonmaster,archimonde,899,druid,restoration,24,12,12
3135,Didi,frostwhisper,899,druid,restoration,36,11,25
3136,Celéry,silvermoon,896,druid,restoration,16,10,6
3137,Mw,dun-modr,893,druid,restoration,23,10,13
3138,Driiptoohard,turalyon,892,druid,restoration,40,17,23
3139,Feanthur,drakthul,886,druid,restoration,148,72,76
3140,ßlackßåmßå,zuljin,886,druid,restoration,29,13,16
3141,Do,alakir,876,druid,restoration,24,10,14
3142,Ratskrone,alleria,872,druid,restoration,66,30,36
3143,Allod,stormscale,869,druid,restoration,53,23,30
3144,Healbrah,burning-blade,865,druid,restoration,54,10,44
3145,Naphé,ysondre,864,druid,restoration,12,9,3
3146,Uñsullied,kazzak,864,druid,restoration,12,9,3
3147,Viggez,outland,864,druid,restoration,18,9,9
3148,Tjann,darksorrow,864,druid,restoration,18,9,9
3149,Иксвовски,gordunni,864,druid,restoration,18,9,9
3150,Лабирон,soulflayer,864,druid,restoration,24,9,15
3151,Stonesight,argent-dawn,863,druid,restoration,12,9,3
3152,Madmanul,draenor,863,druid,restoration,18,9,9
3153,Elviiradruid,tarren-mill,863,druid,restoration,18,9,9
3154,Místergreen,ravencrest,863,druid,restoration,18,9,9
3155,Jikuni,ravencrest,862,druid,restoration,18,9,9
3156,Yandris,argent-dawn,862,druid,restoration,18,9,9
3157,Csmedruid,blackrock,862,druid,restoration,18,9,9
3158,Ipossible,kazzak,862,druid,restoration,24,9,15
3159,Badbeliø,hyjal,862,druid,restoration,30,9,21
3160,Smucka,ragnaros,861,druid,restoration,24,9,15
3161,Thardruid,stormscale,860,druid,restoration,18,9,9
3162,Suunto,blackrock,859,druid,restoration,18,9,9
3163,Gandraste,neptulon,857,druid,restoration,12,9,3
3164,Shadraw,arakarahm,857,druid,restoration,24,9,15
3165,Tharandrél,argent-dawn,855,druid,restoration,36,9,27
3166,Relxc,outland,854,druid,restoration,12,9,3
3167,Happyhoter,blackrock,854,druid,restoration,24,9,15
3168,Chéchédroïd,marécage-de-zangar,854,druid,restoration,30,10,20
3169,Droodfist,khaz-modan,853,druid,restoration,48,23,25
3170,Nious,kazzak,853,druid,restoration,24,9,15
3171,Lunatrixs,dun-modr,852,druid,restoration,18,9,9
3172,Maxekaxe,sylvanas,852,druid,restoration,24,9,15
3173,Simouch,archimonde,848,druid,restoration,124,57,67
3174,Folzenqt,archimonde,848,druid,restoration,35,13,22
3175,Арбузир,howling-fjord,846,druid,restoration,30,9,21
3176,Ellinaki,neptulon,845,druid,restoration,66,30,36
3177,Djungelgrabb,twisting-nether,844,druid,restoration,18,9,9
3178,Chujogrzmot,kazzak,843,druid,restoration,23,9,14
3179,Houwalia,archimonde,840,druid,restoration,42,18,24
3180,Jagu,blackrock,839,druid,restoration,18,9,9
3181,Triplej,twisting-nether,836,druid,restoration,18,9,9
3182,Lyndruid,sylvanas,833,druid,restoration,72,27,45
3183,Robeala,twisting-nether,832,druid,restoration,42,17,25
3184,Ånåphorå,archimonde,830,druid,restoration,17,9,8
3185,Malandrin,khazgoroth,830,druid,restoration,24,9,15
3186,Nube,alonsus,826,druid,restoration,66,25,41
3187,Ruap,blackmoore,822,druid,restoration,20,10,10
3188,Blolzz,silvermoon,819,druid,restoration,24,9,15
3189,Metaboss,ravencrest,817,druid,restoration,71,24,47
3190,Zillo,stormscale,815,druid,restoration,26,10,16
3191,Macanbre,tarren-mill,813,druid,restoration,54,22,32
3192,Spiralout,nemesis,789,druid,restoration,150,65,85
3193,Bidodici,nemesis,783,druid,restoration,135,57,78
3194,Buufu,kazzak,780,druid,restoration,19,9,10
3195,Nutzlos,azshara,775,druid,restoration,63,18,45
3196,Dablol,draenor,768,druid,restoration,12,8,4
3197,Ecological,outland,768,druid,restoration,12,8,4
3198,Rînaa,ravencrest,768,druid,restoration,12,8,4
3199,Мекс,gordunni,768,druid,restoration,12,8,4
3200,Zmira,outland,768,druid,restoration,18,8,10
3201,Taurvid,outland,768,druid,restoration,18,8,10
3202,Crìmz,aszune,768,druid,restoration,24,8,16
3203,Alexialol,silvermoon,767,druid,restoration,12,8,4
3204,Fanboij,kazzak,767,druid,restoration,18,8,10
3205,Brindefolie,archimonde,767,druid,restoration,18,8,10
3206,Tåylor,laughing-skull,767,druid,restoration,18,8,10
3207,Exilia,kragjin,767,druid,restoration,18,8,10
3208,Jugaia,frostmourne,767,druid,restoration,18,8,10
3209,Noxlunaire,ravencrest,766,druid,restoration,18,8,10
3210,Crydotcom,aegwynn,765,druid,restoration,18,8,10
3211,Ischumekcid,anubarak,765,druid,restoration,18,8,10
3212,Memento,kazzak,765,druid,restoration,18,8,10
3213,Erdnuckèl,antonidas,761,druid,restoration,15,9,6
3214,Димитруа,howling-fjord,761,druid,restoration,18,8,10
3215,Semiflora,silvermoon,757,druid,restoration,24,8,16
3216,Mandy,spinebreaker,755,druid,restoration,18,8,10
3217,Caturday,terrordar,755,druid,restoration,24,9,15
3218,Jimmorris,eredar,754,druid,restoration,18,8,10
3219,Nargaí,kargath,753,druid,restoration,18,8,10
3220,Hootymactoot,magtheridon,752,druid,restoration,12,8,4
3221,Karochi,kazzak,751,druid,restoration,12,8,4
3222,Iprex,outland,748,druid,restoration,12,8,4
3223,Frostfox,ghostlands,741,druid,restoration,22,9,13
3224,Skilloxus,gilneas,740,druid,restoration,81,26,55
3225,Sfarcolacul,tarren-mill,739,druid,restoration,18,8,10
3226,Lexopewpew,ravencrest,736,druid,restoration,23,8,15
3227,Ivysun,auchindoun,734,druid,restoration,20,9,11
3228,Skailzdruid,hyjal,732,druid,restoration,10,9,1
3229,Saxondale,aszune,729,druid,restoration,18,8,10
3230,Лордсенка,eversong,721,druid,restoration,18,8,10
3231,Catman,eredar,717,druid,restoration,15,9,6
3232,Weremyst,outland,702,druid,restoration,26,8,18
3233,Sylocin,earthen-ring,699,druid,restoration,16,8,8
3234,Nizkul,dun-modr,699,druid,restoration,22,8,14
3235,Høtbøt,ysera,688,druid,restoration,13,8,5
3236,Найтед,gordunni,678,druid,restoration,17,10,7
3237,Магараганага,azuregos,675,druid,restoration,25,8,17
3238,Dïsä,ravencrest,672,druid,restoration,12,7,5
3239,Stevedru,ravencrest,672,druid,restoration,12,7,5
3240,Isitbleedin,silvermoon,672,druid,restoration,12,7,5
3241,Vinniehacker,archimonde,672,druid,restoration,12,7,5
3242,Zarune,sanguino,672,druid,restoration,12,7,5
3243,Maiverdr,ravencrest,672,druid,restoration,12,7,5
3244,Dortalon,outland,672,druid,restoration,12,7,5
3245,Bntyx,dun-modr,672,druid,restoration,12,7,5
3246,Luuxiå,archimonde,672,druid,restoration,12,7,5
3247,Jakeffsake,stormscale,672,druid,restoration,12,7,5
3248,Monatamis,kazzak,672,druid,restoration,12,7,5
3249,Icecöld,silvermoon,672,druid,restoration,12,7,5
3250,Jackyblue,silvermoon,672,druid,restoration,18,7,11
3251,Smightydr,silvermoon,672,druid,restoration,18,7,11
3252,Juhudy,kazzak,672,druid,restoration,18,7,11
3253,Nozome,draenor,672,druid,restoration,18,7,11
3254,Buzzlîghtyea,outland,672,druid,restoration,18,7,11
3255,Dartdogg,sanguino,672,druid,restoration,18,7,11
3256,Стомпбр,gordunni,672,druid,restoration,24,7,17
3257,Champaa,aggra-português,672,druid,restoration,24,7,17
3258,Badballance,outland,671,druid,restoration,12,7,5
3259,Séyla,blackrock,671,druid,restoration,12,7,5
3260,Norkenis,neptulon,671,druid,restoration,12,7,5
3261,Мамамышь,gordunni,671,druid,restoration,12,7,5
3262,Göli,argent-dawn,671,druid,restoration,12,7,5
3263,Pomdöner,echsenkessel,671,druid,restoration,12,7,5
3264,Darktigrou,archimonde,671,druid,restoration,12,7,5
3265,Yunalaa,blackmoore,671,druid,restoration,12,7,5
3266,Zkasnoname,archimonde,671,druid,restoration,18,7,11
3267,Scuta,sylvanas,671,druid,restoration,18,7,11
3268,Шеданна,gordunni,671,druid,restoration,24,7,17
3269,Morfer,grim-batol,670,druid,restoration,12,7,5
3270,Buckxxz,nazjatar,670,druid,restoration,12,7,5
3271,Hanibalector,silvermoon,670,druid,restoration,15,8,7
3272,Proxis,the-maelstrom,670,druid,restoration,18,7,11
3273,Soný,aegwynn,670,druid,restoration,18,7,11
3274,Thaeldres,argent-dawn,667,druid,restoration,18,7,11
3275,Kaod,outland,666,druid,restoration,12,7,5
3276,Gribix,kazzak,666,druid,restoration,12,7,5
3277,Кишкинахир,razuvious,665,druid,restoration,12,7,5
3278,Bepanten,azshara,665,druid,restoration,18,7,11
3279,Çhuucky,khaz-modan,663,druid,restoration,30,7,23
3280,Shaorma,ravencrest,661,druid,restoration,12,7,5
3281,Petitchät,archimonde,661,druid,restoration,16,8,8
3282,Druiddamage,the-maelstrom,660,druid,restoration,18,7,11
3283,Сутулоерыгло,howling-fjord,658,druid,restoration,20,7,13
3284,Борзойрог,soulflayer,656,druid,restoration,18,7,11
3285,Erebear,ravencrest,653,druid,restoration,17,7,10
3286,Arianator,culte-de-la-rive-noire,652,druid,restoration,18,7,11
3287,Foaqi,aegwynn,639,druid,restoration,16,7,9
3288,Schwertlilie,aegwynn,639,druid,restoration,17,7,10
3289,Lutzmiller,eredar,637,druid,restoration,39,14,25
3290,Kùrámágødx,ravencrest,624,druid,restoration,17,7,10
3291,Aolynk,twisting-nether,615,druid,restoration,23,8,15
3292,ßïgßúll,twisting-nether,614,druid,restoration,19,8,11
3293,Zerschmatzen,aegwynn,610,druid,restoration,28,9,19
3294,Panørax,archimonde,607,druid,restoration,11,7,4
3295,Heavysmoker,emeriss,607,druid,restoration,11,7,4
3296,Lorucka,die-nachtwache,607,druid,restoration,14,7,7
3297,Метафрея,gordunni,605,druid,restoration,11,7,4
3298,Medreas,argent-dawn,594,druid,restoration,16,7,9
3299,Draxedin,kazzak,576,druid,restoration,6,6,0
3300,Fknmad,burning-blade,576,druid,restoration,6,6,0
3301,Jnzymiau,blackrock,576,druid,restoration,10,7,3
3302,Ravnac,aegwynn,576,druid,restoration,12,6,6
3303,Sálty,aegwynn,576,druid,restoration,12,6,6
3304,Layzz,archimonde,576,druid,restoration,12,6,6
3305,Kyssope,chants-éternels,576,druid,restoration,12,6,6
3306,Jhiun,ragnaros,576,druid,restoration,12,6,6
3307,Foxyfeet,outland,576,druid,restoration,12,6,6
3308,Сладуляя,gordunni,576,druid,restoration,12,6,6
3309,Sakkosækk,ravencrest,576,druid,restoration,12,6,6
3310,Muraglia,pozzo-delleternità,576,druid,restoration,12,6,6
3311,Elayria,blackmoore,576,druid,restoration,12,6,6
3312,Ferraribob,ravencrest,576,druid,restoration,12,6,6
3313,Афклалка,gordunni,576,druid,restoration,12,6,6
3314,Vijaja,aegwynn,576,druid,restoration,12,6,6
3315,Felisin,ravencrest,576,druid,restoration,12,6,6
3316,Telpha,onyxia,576,druid,restoration,12,6,6
3317,Cyriaan,eredar,576,druid,restoration,12,6,6
3318,Thorns,blackrock,576,druid,restoration,12,6,6
3319,Zaelithree,archimonde,576,druid,restoration,12,6,6
3320,Jin,the-venture-co,576,druid,restoration,12,6,6
3321,Caldino,tarren-mill,576,druid,restoration,17,7,10
3322,Pölkky,argent-dawn,576,druid,restoration,18,6,12
3323,Neverpanic,stormscale,576,druid,restoration,18,6,12
3324,Джунали,howling-fjord,576,druid,restoration,18,6,12
3325,Tjillevippen,tarren-mill,576,druid,restoration,18,6,12
3326,Shaelx,nethersturm,576,druid,restoration,18,6,12
3327,Eluñeãdore,silvermoon,575,druid,restoration,6,6,0
3328,Ekaterina,dun-morogh,575,druid,restoration,12,6,6
3329,Lucidor,frostmane,575,druid,restoration,12,6,6
3330,Лэвиш,blackscar,575,druid,restoration,12,6,6
3331,Afret,kazzak,575,druid,restoration,12,6,6
3332,Geeorge,stormscale,575,druid,restoration,12,6,6
3333,Iamsocute,silvermoon,575,druid,restoration,12,6,6
3334,Scarrymonsta,outland,575,druid,restoration,12,6,6
3335,Shylanna,ragnaros,575,druid,restoration,12,6,6
3336,Jinxaran,culte-de-la-rive-noire,575,druid,restoration,12,6,6
3337,Garbloom,silvermoon,575,druid,restoration,12,6,6
3338,Storfjåset,stormscale,575,druid,restoration,18,6,12
3339,Indann,kazzak,575,druid,restoration,18,6,12
3340,Pouletqt,archimonde,575,druid,restoration,18,6,12
3341,Telaroxx,die-nachtwache,575,druid,restoration,18,6,12
3342,Avilary,tarren-mill,575,druid,restoration,18,6,12
3343,Mascraxx,earthen-ring,575,druid,restoration,18,6,12
3344,Tsihsel,ravencrest,574,druid,restoration,12,6,6
3345,Mcneil,wrathbringer,574,druid,restoration,12,6,6
3346,Ruberg,kazzak,574,druid,restoration,12,6,6
3347,Spritzer,tarren-mill,574,druid,restoration,12,6,6
3348,Goatmeal,draenor,574,druid,restoration,24,6,18
3349,Зервес,gordunni,574,druid,restoration,24,6,18
3350,Лаегмерил,gordunni,573,druid,restoration,10,7,3
3351,Dfjguidfg,baelgun,573,druid,restoration,18,6,12
3352,Ragdru,twisting-nether,573,druid,restoration,24,6,18
3353,Nøboorst,ravencrest,571,druid,restoration,12,6,6
3354,Kirïllx,silvermoon,571,druid,restoration,12,6,6
3355,Bearshift,aggra-português,571,druid,restoration,18,6,12
3356,Pussn,twisting-nether,570,druid,restoration,18,6,12
3357,Essya,earthen-ring,569,druid,restoration,31,7,24
3358,Walkao,tarren-mill,566,druid,restoration,12,6,6
3359,Wellsie,blackmoore,565,druid,restoration,18,6,12
3360,Vlookup,tarren-mill,543,druid,restoration,17,6,11
3361,Siahra,khaz-modan,534,druid,restoration,48,6,42
3362,Quorn,pozzo-delleternità,527,druid,restoration,13,7,6
3363,Dablolo,ravencrest,521,druid,restoration,12,7,5
3364,Nøkki,draenor,517,druid,restoration,21,8,13
3365,Endoplazmik,silvermoon,494,druid,restoration,13,6,7
3366,Piñaclo,archimonde,480,druid,restoration,6,5,1
3367,Мегабамбук,soulflayer,480,druid,restoration,6,5,1
3368,Mykk,ravencrest,480,druid,restoration,6,5,1
3369,Epicskin,kazzak,480,druid,restoration,12,5,7
3370,Vaacku,stormreaver,480,druid,restoration,12,5,7
3371,Marmotini,the-maelstrom,480,druid,restoration,12,5,7
3372,Jebaitor,tarren-mill,480,druid,restoration,12,5,7
3373,Horstyolo,blackrock,480,druid,restoration,12,5,7
3374,Helløkittyßß,dun-modr,480,druid,restoration,12,5,7
3375,Steuerung,twisting-nether,480,druid,restoration,12,5,7
3376,Nightmoon,hellscream,480,druid,restoration,12,5,7
3377,Devastras,ravencrest,480,druid,restoration,12,5,7
3378,Druni,blackrock,480,druid,restoration,12,5,7
3379,Asude,outland,480,druid,restoration,12,5,7
3380,Solutionx,aegwynn,480,druid,restoration,12,5,7
3381,Madshad,draenor,480,druid,restoration,12,5,7
3382,Troc,karazhan,480,druid,restoration,12,5,7
3383,Jenovas,argent-dawn,480,druid,restoration,12,5,7
3384,Skirr,kelthuzad,480,druid,restoration,12,5,7
3385,Друрашка,soulflayer,480,druid,restoration,12,5,7
3386,Kvalitet,outland,480,druid,restoration,12,5,7
3387,Holybarkz,aegwynn,480,druid,restoration,12,5,7
3388,Napsta,sylvanas,480,druid,restoration,12,5,7
3389,Druidicchi,stormscale,480,druid,restoration,12,5,7
3390,Febricyla,blackmoore,480,druid,restoration,12,5,7
3391,Slimp,the-maelstrom,480,druid,restoration,12,5,7
3392,Higuys,the-maelstrom,480,druid,restoration,12,5,7
3393,Crysís,sanguino,480,druid,restoration,12,5,7
3394,Ванечка,razuvious,480,druid,restoration,18,5,13
3395,Bigbaddream,stormscale,480,druid,restoration,18,5,13
3396,Clownrad,tarren-mill,480,druid,restoration,18,5,13
3397,Yseraheal,drakthul,480,druid,restoration,18,5,13
3398,Клиптыч,soulflayer,479,druid,restoration,6,5,1
3399,Kezbaniye,silvermoon,479,druid,restoration,6,5,1
3400,Epidruid,stormrage,479,druid,restoration,12,5,7
3401,Ballosh,hyjal,479,druid,restoration,12,5,7
3402,Klerosa,moonglade,479,druid,restoration,12,5,7
3403,Bhorumir,colinas-pardas,479,druid,restoration,12,5,7
3404,Alfrëd,quelthalas,479,druid,restoration,12,5,7
3405,Випера,gordunni,479,druid,restoration,12,5,7
3406,Inspira,teldrassil,479,druid,restoration,12,5,7
3407,Delphina,dun-modr,479,druid,restoration,12,5,7
3408,Tanariel,ravencrest,479,druid,restoration,12,5,7
3409,Nissemand,ravencrest,479,druid,restoration,12,5,7
3410,Reiss,tarren-mill,479,druid,restoration,12,5,7
3411,Quiksx,blackrock,479,druid,restoration,13,5,8
3412,Whiskers,emerald-dream,479,druid,restoration,16,6,10
3413,Drix,frostwolf,479,druid,restoration,15,5,10
3414,Jemyd,aegwynn,479,druid,restoration,24,5,19
3415,Kroshka,sylvanas,478,druid,restoration,12,5,7
3416,Iqfrags,silvermoon,477,druid,restoration,6,5,1
3417,Sýrês,malganis,475,druid,restoration,12,5,7
3418,Prowlinger,silvermoon,473,druid,restoration,12,5,7
3419,Aivy,boulderfist,472,druid,restoration,12,5,7
3420,Druidicmorr,sylvanas,447,druid,restoration,10,5,5
3421,Oyoyo,kaelthas,446,druid,restoration,8,6,2
3422,Ambracer,silvermoon,444,druid,restoration,8,6,2
3423,Исмалат,howling-fjord,429,druid,restoration,11,5,6
3424,Domsz,dalaran,428,druid,restoration,21,5,16
3425,Meridus,thrall,400,druid,restoration,13,5,8
3426,Bartoluca,twisting-nether,393,druid,restoration,28,6,22
3427,Koala,temple-noir,384,druid,restoration,6,4,2
3428,Zonsy,twisting-nether,384,druid,restoration,6,4,2
3429,Нагетсмяу,howling-fjord,384,druid,restoration,6,4,2
3430,Yazari,nathrezim,384,druid,restoration,6,4,2
3431,Zeroclones,the-maelstrom,384,druid,restoration,6,4,2
3432,Jellyxdd,silvermoon,384,druid,restoration,6,4,2
3433,Wrak,eonar,384,druid,restoration,6,4,2
3434,Jìnro,stormscale,384,druid,restoration,6,4,2
3435,Bigborst,ravencrest,384,druid,restoration,6,4,2
3436,Цукерище,gordunni,384,druid,restoration,6,4,2
3437,Heathen,defias-brotherhood,384,druid,restoration,6,4,2
3438,Thatzdmg,blackmoore,384,druid,restoration,6,4,2
3439,Sensisdruid,blackmoore,384,druid,restoration,6,4,2
3440,Legharta,ravencrest,384,druid,restoration,6,4,2
3441,Mistgone,hyjal,384,druid,restoration,6,4,2
3442,Leyô,archimonde,384,druid,restoration,6,4,2
3443,Darkyblood,archimonde,384,druid,restoration,6,4,2
3444,Xandersito,sanguino,384,druid,restoration,6,4,2
3445,Kattbjörnen,ragnaros,384,druid,restoration,6,4,2
3446,Greenberry,eonar,384,druid,restoration,6,4,2
3447,Cerius,drakthul,384,druid,restoration,6,4,2
3448,Stinka,ravencrest,384,druid,restoration,6,4,2
3449,Марголав,gordunni,384,druid,restoration,6,4,2
3450,Simplydrood,archimonde,384,druid,restoration,12,4,8
3451,Neverfall,aegwynn,384,druid,restoration,12,4,8
3452,Farashh,archimonde,384,druid,restoration,12,4,8
3453,Toffyfee,anetheron,384,druid,restoration,12,4,8
3454,Sâty,draenor,384,druid,restoration,12,4,8
3455,Farmmygold,dun-modr,384,druid,restoration,12,4,8
3456,Holybarkzqt,aegwynn,384,druid,restoration,12,4,8
3457,Bulldócer,sanguino,384,druid,restoration,12,4,8
3458,Biglet,tarren-mill,384,druid,restoration,12,4,8
3459,Ravenfel,argent-dawn,384,druid,restoration,12,4,8
3460,Erinark,aegwynn,384,druid,restoration,12,4,8
3461,Plantpuzzl,silvermoon,384,druid,restoration,12,4,8
3462,Irrlycht,blackrock,384,druid,restoration,12,4,8
3463,Найадра,gordunni,384,druid,restoration,12,4,8
3464,Baraforet,archimonde,384,druid,restoration,12,4,8
3465,Lyricx,kazzak,384,druid,restoration,12,4,8
3466,Celtimi,antonidas,384,druid,restoration,12,4,8
3467,Swiftlife,blackrock,384,druid,restoration,12,4,8
3468,Kobra,twilights-hammer,384,druid,restoration,12,4,8
3469,Xanxiety,outland,384,druid,restoration,12,4,8
3470,Murlwywy,blackmoore,384,druid,restoration,12,4,8
3471,Davorian,frostmane,384,druid,restoration,12,4,8
3472,Solstrale,ravencrest,384,druid,restoration,12,4,8
3473,Sneedlewøødz,exodar,384,druid,restoration,12,4,8
3474,Meowu,twisting-nether,384,druid,restoration,12,4,8
3475,Àlec,silvermoon,384,druid,restoration,12,4,8
3476,Nediena,twisting-nether,384,druid,restoration,12,4,8
3477,Litany,drakthul,384,druid,restoration,13,4,9
3478,Tokifong,kazzak,384,druid,restoration,18,4,14
3479,Hrz,kazzak,384,druid,restoration,18,4,14
3480,Druibe,burning-legion,384,druid,restoration,18,4,14
3481,Nezara,kazzak,384,druid,restoration,18,4,14
3482,Lathlas,defias-brotherhood,383,druid,restoration,6,4,2
3483,Blackfür,sylvanas,383,druid,restoration,6,4,2
3484,Jabbah,defias-brotherhood,383,druid,restoration,6,4,2
3485,Santoniq,dun-morogh,383,druid,restoration,6,4,2
3486,Прожималодру,deathguard,383,druid,restoration,12,4,8
3487,Xidenn,quelthalas,383,druid,restoration,12,4,8
3488,Noxndruid,blackhand,383,druid,restoration,12,4,8
3489,Mimisiek,burning-legion,383,druid,restoration,12,4,8
3490,Opla,nethersturm,383,druid,restoration,12,4,8
3491,Semenisback,archimonde,383,druid,restoration,12,4,8
3492,Høpè,die-silberne-hand,383,druid,restoration,12,4,8
3493,Itê,dun-morogh,383,druid,restoration,18,4,14
3494,Santamonica,blackrock,383,druid,restoration,18,4,14
3495,Шикалат,howling-fjord,383,druid,restoration,24,4,20
3496,Nali,arthas,382,druid,restoration,6,4,2
3497,Loumpa,hyjal,382,druid,restoration,6,4,2
3498,Xele,destromath,382,druid,restoration,6,4,2
3499,Mongetout,ravencrest,382,druid,restoration,6,4,2
3500,Muju,stormscale,382,druid,restoration,12,4,8
3501,Roséa,ravencrest,382,druid,restoration,12,4,8
3502,Pega,nazjatar,382,druid,restoration,12,4,8
3503,Voodoodrood,draenor,382,druid,restoration,24,4,20
3504,Amalou,ravencrest,381,druid,restoration,12,4,8
3505,Djclonex,archimonde,381,druid,restoration,12,4,8
3506,Dolob,ragnaros,381,druid,restoration,18,4,14
3507,Haveacoffee,stormscale,379,druid,restoration,12,4,8
3508,Tranquillo,outland,379,druid,restoration,12,4,8
3509,Demerit,defias-brotherhood,351,druid,restoration,11,4,7
3510,Biegel,ysera,351,druid,restoration,11,4,7
3511,Nøbødy,silvermoon,351,druid,restoration,11,4,7
3512,Lyvaley,dun-modr,350,druid,restoration,16,4,12
3513,Orgazmo,archimonde,335,druid,restoration,11,4,7
3514,Wuppii,blackmoore,329,druid,restoration,10,6,4
3515,Hubek,silvermoon,328,druid,restoration,8,6,2
3516,Кэлиборн,gordunni,319,druid,restoration,5,4,1
3517,Sygko,kazzak,288,druid,restoration,6,3,3
3518,Owldschool,blackmoore,288,druid,restoration,6,3,3
3519,Nelffie,kazzak,288,druid,restoration,6,3,3
3520,Зурсага,deathguard,288,druid,restoration,6,3,3
3521,Ксенона,gordunni,288,druid,restoration,6,3,3
3522,Moonbloom,defias-brotherhood,288,druid,restoration,6,3,3
3523,Cyclonebroo,blackmoore,288,druid,restoration,6,3,3
3524,Ripmacmiller,grim-batol,288,druid,restoration,6,3,3
3525,Shufflebot,sylvanas,288,druid,restoration,6,3,3
3526,Bunzor,sylvanas,288,druid,restoration,6,3,3
3527,Arns,kazzak,288,druid,restoration,6,3,3
3528,Juhato,outland,288,druid,restoration,6,3,3
3529,Tarshish,outland,288,druid,restoration,6,3,3
3530,Shyni,outland,288,druid,restoration,6,3,3
3531,Elsnorro,sylvanas,288,druid,restoration,6,3,3
3532,Фонш,soulflayer,288,druid,restoration,6,3,3
3533,Qwopeiqpwoid,kazzak,288,druid,restoration,6,3,3
3534,Faustîno,dun-modr,288,druid,restoration,6,3,3
3535,Тое,soulflayer,288,druid,restoration,6,3,3
3536,Сайнтификх,gordunni,288,druid,restoration,6,3,3
3537,Miyá,sylvanas,288,druid,restoration,6,3,3
3538,Eô,antonidas,288,druid,restoration,6,3,3
3539,Jincksdru,ravencrest,288,druid,restoration,6,3,3
3540,Friyiee,stormscale,288,druid,restoration,6,3,3
3541,Brosephiné,stormscale,288,druid,restoration,6,3,3
3542,Shadowdury,frostwolf,288,druid,restoration,6,3,3
3543,Bêlion,dun-modr,288,druid,restoration,6,3,3
3544,Noobr,ravencrest,288,druid,restoration,6,3,3
3545,Ipsdray,ysondre,288,druid,restoration,6,3,3
3546,Zaethul,draenor,288,druid,restoration,6,3,3
3547,Skuhlxz,thrall,288,druid,restoration,6,3,3
3548,Vacuumcleanr,ravencrest,288,druid,restoration,6,3,3
3549,Lèafy,silvermoon,288,druid,restoration,6,3,3
3550,Starcrash,amanthul,288,druid,restoration,6,3,3
3551,Exïlla,archimonde,288,druid,restoration,6,3,3
3552,Mnine,twisting-nether,288,druid,restoration,6,3,3
3553,Танганэку,howling-fjord,288,druid,restoration,6,3,3
3554,Vickepicke,stormreaver,288,druid,restoration,6,3,3
3555,Derie,nazjatar,288,druid,restoration,6,3,3
3556,Мехнакиске,howling-fjord,288,druid,restoration,6,3,3
3557,Eftersmak,ravencrest,288,druid,restoration,6,3,3
3558,Néøu,archimonde,288,druid,restoration,6,3,3
3559,Milknosugar,tarren-mill,288,druid,restoration,6,3,3
3560,Drozzie,twisting-nether,288,druid,restoration,6,3,3
3561,Nohos,blackrock,288,druid,restoration,6,3,3
3562,Lolaven,turalyon,288,druid,restoration,6,3,3
3563,Wurzeldor,ravencrest,288,druid,restoration,6,3,3
3564,Hurutuk,ysondre,288,druid,restoration,6,3,3
3565,Magiskeforme,draenor,288,druid,restoration,6,3,3
3566,Myos,conseil-des-ombres,288,druid,restoration,6,3,3
3567,Ghøstavdruid,ravencrest,288,druid,restoration,6,3,3
3568,Rumbus,sanguino,288,druid,restoration,7,3,4
3569,Piñaclonada,archimonde,288,druid,restoration,9,3,6
3570,Draawun,burning-legion,288,druid,restoration,11,3,8
3571,Smarticle,aegwynn,288,druid,restoration,11,3,8
3572,Harrasmoes,ravencrest,288,druid,restoration,12,3,9
3573,Eladhria,arakarahm,288,druid,restoration,12,3,9
3574,Shiotake,hyjal,288,druid,restoration,12,3,9
3575,Ahuevshiy,wildhammer,288,druid,restoration,12,3,9
3576,Mchøt,ravencrest,288,druid,restoration,12,3,9
3577,Ezils,silvermoon,288,druid,restoration,12,3,9
3578,Restaidpvs,wildhammer,288,druid,restoration,12,3,9
3579,Храмульчик,blackscar,288,druid,restoration,12,3,9
3580,Coínlíp,drakthul,288,druid,restoration,12,3,9
3581,Amstaffio,blackhand,288,druid,restoration,12,3,9
3582,Restodruidx,ravencrest,288,druid,restoration,12,3,9
3583,Nostigon,azshara,288,druid,restoration,12,3,9
3584,Imoen,hyjal,288,druid,restoration,12,3,9
3585,Trolthelhas,chogall,288,druid,restoration,12,3,9
3586,Bigbones,frostwolf,288,druid,restoration,12,3,9
3587,Areidhel,pozzo-delleternità,288,druid,restoration,12,3,9
3588,Marryat,argent-dawn,288,druid,restoration,12,3,9
3589,Lukøu,blackrock,288,druid,restoration,12,3,9
3590,Rawillinen,kazzak,288,druid,restoration,12,3,9
3591,Teah,darkmoon-faire,288,druid,restoration,12,3,9
3592,Rakuy,thrall,288,druid,restoration,18,3,15
3593,Yøungreidzz,blackrock,288,druid,restoration,18,3,15
3594,Krizak,eredar,287,druid,restoration,6,3,3
3595,Kuokkanen,azuremyst,287,druid,restoration,6,3,3
3596,Smittly,bloodhoof,287,druid,restoration,6,3,3
3597,Kuhlheit,der-rat-von-dalaran,287,druid,restoration,6,3,3
3598,Taskingoman,twisting-nether,287,druid,restoration,6,3,3
3599,Boompjeh,chamber-of-aspects,287,druid,restoration,6,3,3
3600,Lundx,ravencrest,287,druid,restoration,6,3,3
3601,Seabath,kirin-tor,287,druid,restoration,12,3,9
3602,Xulian,exodar,287,druid,restoration,12,3,9
3603,Wildblu,nemesis,287,druid,restoration,12,3,9
3604,Papalegba,kilrogg,287,druid,restoration,12,3,9
3605,Kebanos,ravencrest,286,druid,restoration,6,3,3
3606,Paniel,amanthul,286,druid,restoration,6,3,3
3607,Elônea,antonidas,285,druid,restoration,12,3,9
3608,Gladyon,ravencrest,285,druid,restoration,12,3,9
3609,Bunga,quelthalas,255,druid,restoration,11,3,8
3610,Duduque,twisting-nether,255,druid,restoration,11,3,8
3611,Cultivatedz,twisting-nether,250,druid,restoration,18,7,11
3612,Yopi,stormscale,240,druid,restoration,15,3,12
3613,Mayte,ragnaros,239,druid,restoration,5,3,2
3614,Amélor,ragnaros,239,druid,restoration,5,3,2
3615,Thornat,chamber-of-aspects,239,druid,restoration,5,3,2
3616,Потнаякиса,grom,239,druid,restoration,5,3,2
3617,Акетчи,howling-fjord,239,druid,restoration,5,3,2
3618,Izhusky,ravencrest,234,druid,restoration,8,4,4
3619,Vioboomie,blackrock,234,druid,restoration,9,4,5
3620,Zagrem,antonidas,234,druid,restoration,10,4,6
3621,Beerplusbeer,kazzak,234,druid,restoration,23,6,17
3622,Moodee,kazzak,192,druid,restoration,6,2,4
3623,Chrisdruid,argent-dawn,192,druid,restoration,6,2,4
3624,Navra,ravencrest,192,druid,restoration,6,2,4
3625,Nooz,thrall,192,druid,restoration,6,2,4
3626,Trolléverte,archimonde,192,druid,restoration,6,2,4
3627,Sajlol,doomhammer,192,druid,restoration,6,2,4
3628,Golddy,hyjal,192,druid,restoration,6,2,4
3629,Huebbi,blackmoore,192,druid,restoration,6,2,4
3630,Шокоокулист,gordunni,192,druid,restoration,6,2,4
3631,Raila,pozzo-delleternità,192,druid,restoration,6,2,4
3632,Benjiee,kazzak,192,druid,restoration,6,2,4
3633,Zadrood,rashgarroth,192,druid,restoration,6,2,4
3634,Skraks,ysondre,192,druid,restoration,6,2,4
3635,Príimé,kazzak,192,druid,restoration,6,2,4
3636,Ymöthep,archimonde,192,druid,restoration,6,2,4
3637,Rtxy,hyjal,192,druid,restoration,6,2,4
3638,Midrialis,sinstralis,192,druid,restoration,6,2,4
3639,Griminal,norgannon,192,druid,restoration,6,2,4
3640,Drúídárn,talnivarr,192,druid,restoration,6,2,4
3641,Kbåkå,ravencrest,192,druid,restoration,6,2,4
3642,Громозилка,soulflayer,192,druid,restoration,6,2,4
3643,Skavenlol,zuljin,192,druid,restoration,6,2,4
3644,Атитока,goldrinn,192,druid,restoration,6,2,4
3645,Sartipus,draenor,192,druid,restoration,6,2,4
3646,Drukae,stormscale,192,druid,restoration,6,2,4
3647,Milkmepls,balnazzar,192,druid,restoration,6,2,4
3648,Restoboi,stormscale,192,druid,restoration,6,2,4
3649,Prayx,dalaran,192,druid,restoration,6,2,4
3650,Traffix,outland,192,druid,restoration,6,2,4
3651,Kkona,silvermoon,192,druid,restoration,6,2,4
3652,Инский,howling-fjord,192,druid,restoration,6,2,4
3653,Lunglung,blutkessel,192,druid,restoration,6,2,4
3654,Tooclosex,outland,192,druid,restoration,6,2,4
3655,Nelfurion,twisting-nether,192,druid,restoration,6,2,4
3656,Berdix,ragnaros,192,druid,restoration,6,2,4
3657,Conn,ravencrest,192,druid,restoration,6,2,4
3658,Gailiûga,kazzak,192,druid,restoration,6,2,4
3659,Pinkpanda,arthas,192,druid,restoration,6,2,4
3660,Fanso,burning-legion,192,druid,restoration,6,2,4
3661,Hydrochronic,ravencrest,192,druid,restoration,6,2,4
3662,Адорабэль,deathguard,192,druid,restoration,6,2,4
3663,Shaggí,draenor,192,druid,restoration,11,2,9
3664,Maceyx,ravencrest,192,druid,restoration,12,2,10
3665,Imperador,tyrande,192,druid,restoration,12,2,10
3666,Qocotte,archimonde,192,druid,restoration,12,2,10
3667,Drâcâ,antonidas,192,druid,restoration,12,2,10
3668,Prettysavage,blackhand,192,druid,restoration,12,2,10
3669,Nakkikastike,magtheridon,192,druid,restoration,12,2,10
3670,Skorpo,blackrock,192,druid,restoration,12,2,10
3671,Asøri,antonidas,192,druid,restoration,12,2,10
3672,Testomake,kazzak,192,druid,restoration,12,2,10
3673,Spaartaa,blackhand,192,druid,restoration,12,2,10
3674,Lisovamavka,draenor,192,druid,restoration,12,2,10
3675,Салона,deathguard,192,druid,restoration,12,2,10
3676,Amaaja,blackmoore,192,druid,restoration,12,2,10
3677,Kizanimagus,magtheridon,192,druid,restoration,12,2,10
3678,Anníe,tarren-mill,192,druid,restoration,12,2,10
3679,Blâckrök,blackhand,192,druid,restoration,12,2,10
3680,Vertabrain,twilights-hammer,192,druid,restoration,12,2,10
3681,Bigstop,kazzak,192,druid,restoration,17,2,15
3682,Охломон,gordunni,192,druid,restoration,24,2,22
3683,Дела,eversong,191,druid,restoration,6,2,4
3684,Siyoo,thrall,191,druid,restoration,6,2,4
3685,Зулгасилич,howling-fjord,191,druid,restoration,6,2,4
3686,Bingó,blutkessel,191,druid,restoration,6,2,4
3687,Эхосна,howling-fjord,191,druid,restoration,12,2,10
3688,Котанет,gordunni,191,druid,restoration,12,2,10
3689,Mômmôm,aggra-português,191,druid,restoration,12,2,10
3690,Iamtheone,ragnaros,175,druid,restoration,11,2,9
3691,Stkk,dun-modr,159,druid,restoration,5,2,3
3692,Martinesämst,outland,138,druid,restoration,6,3,3
3693,Kokanine,ravencrest,138,druid,restoration,9,3,6
3694,Watchmymoon,blackrock,138,druid,restoration,10,3,7
3695,Ihatewhales,ravencrest,128,druid,restoration,4,2,2
3696,Qjkuug,ravencrest,128,druid,restoration,4,2,2
3697,Jendiiss,drakthul,127,druid,restoration,4,2,2
3698,Thaiboimbyy,veknilash,127,druid,restoration,4,2,2
3699,Xneji,sylvanas,111,druid,restoration,13,2,11
3700,Seekíng,blackmoore,96,druid,restoration,6,1,5
3701,Cowárd,blackmoore,96,druid,restoration,6,1,5
3702,Naturaven,sylvanas,96,druid,restoration,6,1,5
3703,Secô,sylvanas,96,druid,restoration,6,1,5
3704,Druidguden,tarren-mill,96,druid,restoration,6,1,5
3705,Álou,dalaran,96,druid,restoration,6,1,5
3706,Nuwell,arathor,96,druid,restoration,6,1,5
3707,Marynlord,dalaran,96,druid,restoration,6,1,5
3708,Taicoo,outland,96,druid,restoration,6,1,5
3709,Släshes,stormreaver,96,druid,restoration,6,1,5
3710,Søfiaa,argent-dawn,96,druid,restoration,6,1,5
3711,Haginator,twisting-nether,96,druid,restoration,6,1,5
3712,Kisyqt,aegwynn,96,druid,restoration,6,1,5
3713,Uuni,sylvanas,96,druid,restoration,6,1,5
3714,Winstonka,doomhammer,96,druid,restoration,6,1,5
3715,Lyj,dalaran,96,druid,restoration,6,1,5
3716,Tilikum,stormscale,96,druid,restoration,6,1,5
3717,Meisterd,aegwynn,96,druid,restoration,6,1,5
3718,Nanuu,sylvanas,96,druid,restoration,6,1,5
3719,Pølïna,ysondre,96,druid,restoration,6,1,5
3720,Tranduiil,drakthul,96,druid,restoration,6,1,5
3721,Kerydwen,silvermoon,96,druid,restoration,6,1,5
3722,Effi,aggramar,96,druid,restoration,6,1,5
3723,Blazor,eredar,96,druid,restoration,6,1,5
3724,Thaïs,blackmoore,96,druid,restoration,6,1,5
3725,Druvian,argent-dawn,96,druid,restoration,6,1,5
3726,Hotundwech,blackrock,96,druid,restoration,6,1,5
3727,Nuggetspøwa,dalaran,96,druid,restoration,6,1,5
3728,Qdrood,quelthalas,96,druid,restoration,6,1,5
3729,Сейтил,deathguard,96,druid,restoration,6,1,5
3730,Тианна,razuvious,96,druid,restoration,6,1,5
3731,Мунпраид,gordunni,96,druid,restoration,6,1,5
3732,Sqoopy,tarren-mill,96,druid,restoration,6,1,5
3733,Blanoz,ravencrest,96,druid,restoration,6,1,5
3734,Kruwkamilka,burning-legion,96,druid,restoration,6,1,5
3735,Sylindra,argent-dawn,96,druid,restoration,6,1,5
3736,Gintoni,dun-modr,96,druid,restoration,6,1,5
3737,Tshungubuäch,eredar,96,druid,restoration,6,1,5
3738,Teengirl,blackmoore,96,druid,restoration,6,1,5
3739,Elo,dun-morogh,96,druid,restoration,6,1,5
3740,Sozu,magtheridon,96,druid,restoration,6,1,5
3741,Swarmah,draenor,96,druid,restoration,6,1,5
3742,Винш,grom,96,druid,restoration,6,1,5
3743,Nermax,kazzak,96,druid,restoration,6,1,5
3744,Reinulfen,blackmoore,96,druid,restoration,6,1,5
3745,Ka,the-maelstrom,96,druid,restoration,6,1,5
3746,Linkin,azshara,96,druid,restoration,6,1,5
3747,Avalora,the-maelstrom,96,druid,restoration,12,1,11
3748,Xilmai,darksorrow,96,druid,restoration,12,1,11
3749,Püpply,antonidas,96,druid,restoration,12,1,11
3750,Morkius,ravencrest,96,druid,restoration,12,1,11
3751,Foyboy,ravencrest,96,druid,restoration,12,1,11
3752,Лапунька,gordunni,96,druid,restoration,12,1,11
3753,Natur,gorgonnash,96,druid,restoration,12,1,11
3754,Athenex,azshara,96,druid,restoration,12,1,11
3755,Dreäms,ravencrest,95,druid,restoration,6,1,5
3756,Pobrica,stormscale,79,druid,restoration,5,1,4
3757,Сугрик,deathweaver,64,druid,restoration,10,1,9
3758,Rasserdruid,runetotem,63,druid,restoration,2,2,0
3759,Quizdarude,draenor,42,druid,restoration,10,3,7
3760,Therøn,dun-modr,42,druid,restoration,11,3,8
3761,Growlithe,hellfire,42,druid,restoration,8,2,6
3762,Eceria,the-maelstrom,42,druid,restoration,9,2,7
3763,Acidbrate,aegwynn,42,druid,restoration,9,2,7
3764,Onacor,stormrage,42,druid,restoration,10,2,8
3765,Noxann,archimonde,42,druid,restoration,10,2,8
3766,Uniquz,sylvanas,42,druid,restoration,11,2,9
3767,Vanarea,argent-dawn,42,druid,restoration,14,2,12
3768,Druiden,the-maelstrom,31,druid,restoration,2,1,1
3769,Djemdruid,argent-dawn,1585,druid,guardian,42,18,24
3770,Bulleyo,ysondre,1536,druid,guardian,65,35,30
3771,Windythemilf,stormscale,1303,druid,guardian,148,77,71
3772,Rbgbear,blackhand,1156,druid,guardian,36,15,21
3773,Rapatera,argent-dawn,1115,druid,guardian,24,12,12
3774,Сверххищникк,soulflayer,1106,druid,guardian,32,13,19
3775,Микайо,goldrinn,986,druid,guardian,41,17,24
3776,Lioky,dun-modr,670,druid,guardian,12,7,5
3777,Critter,kargath,572,druid,guardian,18,6,12
3778,Crazydudu,tarren-mill,550,druid,guardian,27,8,19
3779,Bigdomas,sylvanas,532,druid,guardian,16,6,10
3780,Tigerbear,argent-dawn,384,druid,guardian,12,4,8
3781,Avisa,blackhand,378,druid,guardian,12,4,8
3782,Horizonline,terokkar,350,druid,guardian,11,4,7
3783,Zinister,hyjal,192,druid,guardian,6,2,4
3784,Kárrde,balnazzar,192,druid,guardian,6,2,4
3785,Sároman,ravencrest,192,druid,guardian,6,2,4
3786,Astralcore,stormscale,192,druid,guardian,6,2,4
3787,Fynvola,anubarak,192,druid,guardian,12,2,10
3788,Nwal,thunderhorn,192,druid,guardian,12,2,10
3789,Avior,eonar,192,druid,guardian,13,2,11
3790,Pure,kul-tiras,190,druid,guardian,15,3,12
3791,Oõ,aggra-português,96,druid,guardian,6,1,5
3792,Almightydudu,draenor,96,druid,guardian,6,1,5
3793,Beteralsjij,frostwhisper,96,druid,guardian,6,1,5
3794,Twinklex,ravencrest,2230,druid,feral,100,52,48
3795,Xercas,outland,2166,druid,feral,65,39,26
3796,Cataferal,ravencrest,2133,druid,feral,102,56,46
3797,Desenlace,ravencrest,2127,druid,feral,149,82,67
3798,Dashfull,ravencrest,2112,druid,feral,167,94,73
3799,Bloodyredlyx,ysera,2112,druid,feral,90,46,44
3800,Brutaldamage,ravencrest,2090,druid,feral,78,39,39
3801,Zøte,ravencrest,2083,druid,feral,84,43,41
3802,Purgatxry,ravencrest,2074,druid,feral,305,158,147
3803,Jakamx,ravencrest,2073,druid,feral,162,85,77
3804,Ktx,aegwynn,2067,druid,feral,66,40,26
3805,Crøwnd,twisting-nether,2056,druid,feral,54,34,20
3806,Rapatera,argent-dawn,2019,druid,feral,54,30,24
3807,Öøöøöøöøöøöø,anachronos,2003,druid,feral,48,31,17
3808,Nìm,outland,2002,druid,feral,106,49,57
3809,Lxve,tarren-mill,1999,druid,feral,60,31,29
3810,Trøüpäx,outland,1994,druid,feral,84,43,41
3811,Uebiwe,silvermoon,1991,druid,feral,78,44,34
3812,Taladruide,archimonde,1989,druid,feral,72,36,36
3813,Råñkønêbëår,ravencrest,1982,druid,feral,60,36,24
3814,Ромкабикстар,gordunni,1952,druid,feral,60,30,30
3815,Mmlprox,burning-legion,1930,druid,feral,67,36,31
3816,Tomyn,burning-legion,1928,druid,feral,60,36,24
3817,Iminz,ravencrest,1928,druid,feral,179,83,96
3818,Djgírlßøssqt,argent-dawn,1924,druid,feral,60,31,29
3819,Cløwnferalx,argent-dawn,1921,druid,feral,54,25,29
3820,Yone,blackmoore,1918,druid,feral,60,33,27
3821,Cåssidy,archimonde,1911,druid,feral,72,32,40
3822,Annksunamún,ysondre,1907,druid,feral,153,92,61
3823,Desenlace,silvermoon,1903,druid,feral,126,57,69
3824,Nîîght,ravencrest,1895,druid,feral,54,26,28
3825,Норланда,gordunni,1884,druid,feral,60,32,28
3826,Trauller,outland,1872,druid,feral,72,30,42
3827,Symbiosa,silvermoon,1870,druid,feral,30,20,10
3828,Tilikum,stormscale,1862,druid,feral,281,143,138
3829,Obeseferal,outland,1859,druid,feral,66,31,35
3830,Minaervea,antonidas,1846,druid,feral,72,33,39
3831,Kattenvoer,stormscale,1842,druid,feral,36,27,9
3832,Ålleyézoffme,ravencrest,1842,druid,feral,36,25,11
3833,Alessathrina,argent-dawn,1838,druid,feral,66,34,32
3834,Skatch,sylvanas,1836,druid,feral,54,28,26
3835,Опакот,howling-fjord,1833,druid,feral,62,27,35
3836,Houmrx,ravencrest,1830,druid,feral,36,23,13
3837,Февти,gordunni,1828,druid,feral,59,34,25
3838,Drbeef,sanguino,1823,druid,feral,45,28,17
3839,Zelaron,twisting-nether,1823,druid,feral,42,22,20
3840,Фейкхехе,gordunni,1822,druid,feral,48,27,21
3841,Kroñm,dun-modr,1818,druid,feral,60,25,35
3842,Jarethy,dun-modr,1815,druid,feral,81,39,42
3843,Fendrïl,varimathras,1814,druid,feral,90,55,35
3844,Nøfåmïly,silvermoon,1814,druid,feral,160,83,77
3845,Mortality,proudmoore,1812,druid,feral,65,31,34
3846,Nfxdruid,argent-dawn,1810,druid,feral,90,54,36
3847,Mabkferal,ravencrest,1807,druid,feral,55,28,27
3848,Jhiun,ragnaros,1806,druid,feral,72,40,32
3849,Bigangrycatx,ravencrest,1803,druid,feral,62,26,36
3850,Ratsimulator,tarren-mill,1802,druid,feral,54,32,22
3851,Skytek,silvermoon,1802,druid,feral,84,41,43
3852,Мелталиора,soulflayer,1800,druid,feral,59,30,29
3853,Djmeowxd,blackrock,1784,druid,feral,66,30,36
3854,Yesbody,tarren-mill,1779,druid,feral,42,21,21
3855,Catkovic,kult-der-verdammten,1777,druid,feral,47,24,23
3856,Jabbari,outland,1775,druid,feral,101,56,45
3857,Elfsu,ravencrest,1773,druid,feral,54,31,23
3858,Блюгилли,ashenvale,1764,druid,feral,80,35,45
3859,Mykk,ravencrest,1755,druid,feral,39,27,12
3860,Kikihoux,ravencrest,1747,druid,feral,41,22,19
3861,Elîas,kazzak,1745,druid,feral,42,25,17
3862,Alexmeow,ravencrest,1739,druid,feral,36,24,12
3863,Moldrokk,ravencrest,1739,druid,feral,52,31,21
3864,Garbagemonky,amanthul,1738,druid,feral,96,61,35
3865,Rubbershark,ravencrest,1737,druid,feral,46,35,11
3866,Nouin,twisting-nether,1732,druid,feral,72,36,36
3867,Apuasaatana,stormreaver,1731,druid,feral,36,20,16
3868,Jukeboks,silvermoon,1726,druid,feral,55,25,30
3869,Moonkniight,ravencrest,1724,druid,feral,24,18,6
3870,Boostedbear,ragnaros,1723,druid,feral,48,22,26
3871,Goodtrip,archimonde,1720,druid,feral,74,38,36
3872,Mutaattori,sylvanas,1720,druid,feral,37,18,19
3873,Tael,elune,1719,druid,feral,42,24,18
3874,Ethryl,ravencrest,1719,druid,feral,54,27,27
3875,Shiftydruid,thunderhorn,1718,druid,feral,134,63,71
3876,Dzandel,silvermoon,1715,druid,feral,341,168,173
3877,Mysticalmoon,ravencrest,1715,druid,feral,60,25,35
3878,Fyrkax,aegwynn,1713,druid,feral,36,21,15
3879,Pänthërä,ravencrest,1711,druid,feral,36,18,18
3880,Reward,ragnaros,1711,druid,feral,52,24,28
3881,Итильтириэль,gordunni,1704,druid,feral,68,29,39
3882,Pilaf,emerald-dream,1702,druid,feral,103,47,56
3883,Nasukka,grim-batol,1694,druid,feral,60,34,26
3884,Blvckðvitchz,ravencrest,1692,druid,feral,36,18,18
3885,Degmond,silvermoon,1689,druid,feral,48,23,25
3886,Natakis,blades-edge,1688,druid,feral,48,25,23
3887,Adabsurdum,kazzak,1688,druid,feral,118,53,65
3888,Doopdroo,tarren-mill,1687,druid,feral,48,20,28
3889,Tangela,stormreaver,1684,druid,feral,24,18,6
3890,ßgøðx,argent-dawn,1681,druid,feral,79,45,34
3891,Freyanah,argent-dawn,1675,druid,feral,96,41,55
3892,Трэвисдог,gordunni,1673,druid,feral,35,18,17
3893,Aedui,tarren-mill,1668,druid,feral,38,20,18
3894,Ðrüid,ravencrest,1668,druid,feral,72,34,38
3895,Rbgbot,ragnaros,1667,druid,feral,48,27,21
3896,Jgltrainer,archimonde,1666,druid,feral,53,31,22
3897,Silksharp,ravencrest,1663,druid,feral,60,31,29
3898,Bernfried,silvermoon,1661,druid,feral,58,25,33
3899,Triluxa,blackmoore,1659,druid,feral,48,25,23
3900,Unoseeme,outland,1655,druid,feral,66,29,37
3901,Opresse,archimonde,1655,druid,feral,54,23,31
3902,Phenova,sargeras,1652,druid,feral,83,32,51
3903,Indann,kazzak,1651,druid,feral,48,19,29
3904,Yongala,archimonde,1650,druid,feral,48,29,19
3905,Fückøff,ravencrest,1649,druid,feral,47,25,22
3906,Klaerke,tarren-mill,1645,druid,feral,41,18,23
3907,Kouda,draenor,1642,druid,feral,52,22,30
3908,Simdruid,stormscale,1641,druid,feral,36,19,17
3909,Bulan,ghostlands,1638,druid,feral,66,41,25
3910,Ñøpe,ravencrest,1630,druid,feral,30,17,13
3911,Ddru,ravencrest,1629,druid,feral,36,20,16
3912,Jellytardx,outland,1628,druid,feral,66,35,31
3913,Avanah,silvermoon,1628,druid,feral,54,26,28
3914,Котосапенс,howling-fjord,1623,druid,feral,42,23,19
3915,Skypinho,blackhand,1616,druid,feral,48,22,26
3916,Khunahype,thrall,1610,druid,feral,24,17,7
3917,Zaibastus,doomhammer,1610,druid,feral,54,21,33
3918,Banzeye,nordrassil,1607,druid,feral,68,35,33
3919,Bigpapad,ravencrest,1605,druid,feral,36,19,17
3920,Evilshade,ravencrest,1604,druid,feral,115,47,68
3921,Акиша,deepholm,1602,druid,feral,44,21,23
3922,Asçdruid,kazzak,1602,druid,feral,50,22,28
3923,Mcvøvà,kazzak,1601,druid,feral,30,17,13
3924,Kàraba,archimonde,1598,druid,feral,34,20,14
3925,Narunis,tarren-mill,1583,druid,feral,72,33,39
3926,Риама,blackscar,1558,druid,feral,78,38,40
3927,Зонкс,gordunni,1557,druid,feral,82,44,38
3928,Jasperqt,silvermoon,1556,druid,feral,30,18,12
3929,Drylle,argent-dawn,1555,druid,feral,93,50,43
3930,Feralwilder,turalyon,1548,druid,feral,123,47,76
3931,Raznos,ravencrest,1546,druid,feral,53,32,21
3932,Smuktøs,twisting-nether,1546,druid,feral,47,28,19
3933,Chiwsy,outland,1546,druid,feral,53,27,26
3934,Eranor,archimonde,1541,druid,feral,140,72,68
3935,Vëgâñgøðx,ragnaros,1540,druid,feral,104,55,49
3936,Shyngodx,archimonde,1533,druid,feral,41,17,24
3937,Maccín,draenor,1530,druid,feral,52,18,34
3938,Féral,hyjal,1527,druid,feral,42,19,23
3939,Tani,kazzak,1525,druid,feral,45,22,23
3940,Stopwatching,outland,1524,druid,feral,36,16,20
3941,Оудин,blackscar,1521,druid,feral,47,23,24
3942,Мунпраид,gordunni,1514,druid,feral,72,35,37
3943,Муумуумуу,howling-fjord,1512,druid,feral,108,49,59
3944,Rami,sylvanas,1512,druid,feral,66,28,38
3945,Nå,outland,1508,druid,feral,30,16,14
3946,Jerrybeans,ravencrest,1504,druid,feral,120,57,63
3947,Бобасик,fordragon,1491,druid,feral,42,21,21
3948,Rollozuu,blackrock,1483,druid,feral,96,46,50
3949,Màz,blackmoore,1480,druid,feral,140,64,76
3950,Larryburns,nathrezim,1475,druid,feral,42,21,21
3951,Арбузег,gordunni,1472,druid,feral,41,19,22
3952,Clipsy,twilights-hammer,1469,druid,feral,125,60,65
3953,Extracssion,ysondre,1468,druid,feral,44,17,27
3954,Oleander,zuljin,1465,druid,feral,133,66,67
3955,Грязныекогти,gordunni,1464,druid,feral,29,17,12
3956,Zaethul,draenor,1460,druid,feral,30,20,10
3957,Arlina,magtheridon,1454,druid,feral,57,26,31
3958,Margueriti,the-maelstrom,1452,druid,feral,43,17,26
3959,Baerminatør,blackrock,1451,druid,feral,60,26,34
3960,Микайо,goldrinn,1443,druid,feral,107,49,58
3961,Тёмныйзверь,borean-tundra,1435,druid,feral,42,18,24
3962,Boomzter,frostmane,1433,druid,feral,75,36,39
3963,Kaldorei,nemesis,1430,druid,feral,30,15,15
3964,Thaelyy,drakthul,1430,druid,feral,54,22,32
3965,Tazdino,destromath,1427,druid,feral,48,15,33
3966,Arilíaxo,amanthul,1426,druid,feral,18,15,3
3967,Phesxd,sylvanas,1425,druid,feral,42,21,21
3968,Одряя,soulflayer,1424,druid,feral,36,20,16
3969,Lugtedyr,draenor,1423,druid,feral,59,29,30
3970,Vancis,ravencrest,1421,druid,feral,51,29,22
3971,Mervend,tarren-mill,1420,druid,feral,41,15,26
3972,Adastroeolo,sanguino,1419,druid,feral,24,15,9
3973,Panthéra,ravencrest,1417,druid,feral,126,59,67
3974,Vlcák,drakthul,1410,druid,feral,76,37,39
3975,Texoria,twisting-nether,1405,druid,feral,66,28,38
3976,Epicplays,sylvanas,1395,druid,feral,42,23,19
3977,Lukeyferalxo,argent-dawn,1386,druid,feral,114,53,61
3978,Legitx,dentarg,1385,druid,feral,43,17,26
3979,Liqoú,tarren-mill,1380,druid,feral,44,26,18
3980,Sÿlph,sylvanas,1377,druid,feral,90,46,44
3981,Ferøsse,hyjal,1374,druid,feral,42,21,21
3982,Pipima,kazzak,1374,druid,feral,48,20,28
3983,Kimpine,kirin-tor,1365,druid,feral,57,30,27
3984,Bigdaddytate,kazzak,1364,druid,feral,29,17,12
3985,Sabertoon,argent-dawn,1364,druid,feral,131,55,76
3986,Blintschiki,echsenkessel,1363,druid,feral,71,32,39
3987,Rottweiler,doomhammer,1363,druid,feral,48,19,29
3988,Эскоф,gordunni,1359,druid,feral,31,17,14
3989,Manoestouro,draenor,1353,druid,feral,48,19,29
3990,Ripgødx,outland,1350,druid,feral,124,64,60
3991,Biffsteak,blackhand,1349,druid,feral,96,46,50
3992,Беконайзер,howling-fjord,1349,druid,feral,34,16,18
3993,Tyldormeow,tarren-mill,1347,druid,feral,90,40,50
3994,Zechey,stormreaver,1343,druid,feral,24,14,10
3995,Nainket,ravencrest,1341,druid,feral,30,14,16
3996,Fangornn,outland,1340,druid,feral,24,14,10
3997,Cörelly,ravencrest,1340,druid,feral,84,41,43
3998,Enjoik,drakthul,1338,druid,feral,60,27,33
3999,Котфилин,gordunni,1334,druid,feral,60,33,27
4000,Druidicmorr,sylvanas,1332,druid,feral,50,21,29
4001,Tîma,blackmoore,1331,druid,feral,70,31,39
4002,Kärmä,eldrethalas,1326,druid,feral,24,14,10
4003,Chirnaruk,ravencrest,1326,druid,feral,42,17,25
4004,Sartipus,draenor,1323,druid,feral,30,14,16
4005,Vanhelsíng,dun-modr,1322,druid,feral,22,15,7
4006,Беркамп,howling-fjord,1319,druid,feral,99,41,58
4007,Crtx,blackhand,1317,druid,feral,54,33,21
4008,Балаклаваа,soulflayer,1316,druid,feral,29,18,11
4009,Shinshìva,twisting-nether,1316,druid,feral,157,82,75
4010,Алексина,fordragon,1315,druid,feral,36,20,16
4011,Лякокля,soulflayer,1313,druid,feral,60,33,27
4012,Soléda,thrall,1309,druid,feral,60,28,32
4013,Majokz,ravencrest,1307,druid,feral,44,23,21
4014,Regelè,sylvanas,1305,druid,feral,86,45,41
4015,Carakal,outland,1301,druid,feral,42,19,23
4016,ßußßo,ravencrest,1294,druid,feral,24,19,5
4017,Donoz,ravencrest,1293,druid,feral,30,17,13
4018,Grimgoor,burning-legion,1291,druid,feral,36,21,15
4019,Elitarian,argent-dawn,1291,druid,feral,66,29,37
4020,Heyiamdan,tarren-mill,1286,druid,feral,29,16,13
4021,Weydjin,garona,1278,druid,feral,30,16,14
4022,Taigarus,aerie-peak,1277,druid,feral,48,23,25
4023,Nalaa,festung-der-stürme,1277,druid,feral,83,35,48
4024,Laguna,ravencrest,1271,druid,feral,41,14,27
4025,Jxst,tarren-mill,1270,druid,feral,48,19,29
4026,Pepeja,doomhammer,1253,druid,feral,24,15,9
4027,Liionheart,khaz-modan,1252,druid,feral,36,19,17
4028,Kirmelastas,kazzak,1249,druid,feral,50,24,26
4029,Yaddas,draenor,1248,druid,feral,18,13,5
4030,Goldrax,outland,1246,druid,feral,24,13,11
4031,Mooncarnatio,burning-legion,1241,druid,feral,36,13,23
4032,Salseo,uldum,1239,druid,feral,33,14,19
4033,Cheddar,tyrande,1237,druid,feral,29,14,15
4034,Migajde,ravencrest,1234,druid,feral,47,28,19
4035,Cleandc,blackhand,1234,druid,feral,34,20,14
4036,Twyty,khaz-modan,1234,druid,feral,70,33,37
4037,Кеорл,gordunni,1234,druid,feral,102,43,59
4038,Тётявискас,howling-fjord,1233,druid,feral,24,13,11
4039,Webla,blackmoore,1231,druid,feral,29,15,14
4040,Deviantdruid,tarren-mill,1231,druid,feral,39,20,19
4041,Bâbusch,blackmoore,1230,druid,feral,24,13,11
4042,Катяблум,gordunni,1230,druid,feral,30,13,17
4043,Degentiuso,alakir,1229,druid,feral,84,45,39
4044,Shaggery,stormscale,1227,druid,feral,69,27,42
4045,Whísperclaw,ravencrest,1226,druid,feral,41,21,20
4046,Calaftayou,ravencrest,1224,druid,feral,42,17,25
4047,Azmerloth,antonidas,1214,druid,feral,36,13,23
4048,Trusten,nemesis,1209,druid,feral,42,24,18
4049,Exortas,kazzak,1206,druid,feral,49,23,26
4050,Shymä,hyjal,1206,druid,feral,73,30,43
4051,Stelthee,silvermoon,1202,druid,feral,54,21,33
4052,Devonshira,ravencrest,1198,druid,feral,36,14,22
4053,Dougi,argent-dawn,1194,druid,feral,54,23,31
4054,Богарт,soulflayer,1193,druid,feral,24,14,10
4055,Droodae,hyjal,1191,druid,feral,29,14,15
4056,Lorcàn,argent-dawn,1189,druid,feral,52,22,30
4057,Tussenfryd,draenor,1184,druid,feral,88,37,51
4058,Mônchô,sanguino,1182,druid,feral,51,28,23
4059,Kodobursto,stormscale,1182,druid,feral,30,15,15
4060,Hottad,tarren-mill,1179,druid,feral,60,31,29
4061,Hushorde,twisting-nether,1179,druid,feral,29,13,16
4062,Arnwaald,kaelthas,1173,druid,feral,30,16,14
4063,Dadzeus,khaz-modan,1170,druid,feral,23,13,10
4064,Millenia,darkmoon-faire,1170,druid,feral,91,45,46
4065,Kynji,twisting-nether,1169,druid,feral,60,27,33
4066,Blazor,eredar,1161,druid,feral,40,23,17
4067,Cocaqt,nemesis,1151,druid,feral,18,12,6
4068,Howtonio,archimonde,1151,druid,feral,18,12,6
4069,Lenyl,dun-modr,1151,druid,feral,24,12,12
4070,Zbear,kazzak,1151,druid,feral,36,16,20
4071,Tibozx,stormscale,1146,druid,feral,36,21,15
4072,Dirtyfantasy,alakir,1142,druid,feral,42,22,20
4073,Veryfast,blackhand,1142,druid,feral,24,12,12
4074,Malfyurion,ragnaros,1138,druid,feral,36,14,22
4075,Jinxaran,culte-de-la-rive-noire,1135,druid,feral,36,12,24
4076,Koffee,archimonde,1129,druid,feral,24,12,12
4077,Äcajou,hyjal,1125,druid,feral,24,12,12
4078,Кыцко,soulflayer,1124,druid,feral,24,12,12
4079,Swagmode,draenor,1119,druid,feral,49,30,19
4080,Mudpie,stormscale,1114,druid,feral,42,17,25
4081,Malvakten,kazzak,1112,druid,feral,25,13,12
4082,Feraligator,sanguino,1103,druid,feral,74,32,42
4083,Battleray,twisting-nether,1102,druid,feral,45,21,24
4084,Salviaf,silvermoon,1097,druid,feral,70,33,37
4085,Cubswansón,outland,1095,druid,feral,26,13,13
4086,Zivertgodx,argent-dawn,1093,druid,feral,42,20,22
4087,Kyoshî,blackmoore,1092,druid,feral,118,58,60
4088,Nicos,elune,1091,druid,feral,29,13,16
4089,Zaltaruk,sanguino,1089,druid,feral,42,19,23
4090,Vidlna,outland,1089,druid,feral,60,26,34
4091,Tsajj,stormreaver,1083,druid,feral,39,23,16
4092,Hönör,ysondre,1075,druid,feral,72,34,38
4093,Kageioshi,kazzak,1070,druid,feral,56,28,28
4094,Owling,antonidas,1061,druid,feral,48,24,24
4095,Yøløswag,naxxramas,1060,druid,feral,71,38,33
4096,Kermit,die-aldor,1059,druid,feral,51,18,33
4097,Bleêds,dun-modr,1056,druid,feral,18,11,7
4098,Derzis,eonar,1055,druid,feral,54,25,29
4099,Belsebub,ravencrest,1055,druid,feral,30,11,19
4100,Liya,ravencrest,1054,druid,feral,30,11,19
4101,Togara,kazzak,1050,druid,feral,24,11,13
4102,Weedum,kazzak,1046,druid,feral,24,11,13
4103,Zokix,doomhammer,1040,druid,feral,30,12,18
4104,Storslev,stormscale,1039,druid,feral,42,11,31
4105,Mpounia,twilights-hammer,1032,druid,feral,77,40,37
4106,Eternas,elune,1027,druid,feral,82,37,45
4107,Mewantpets,eredar,1022,druid,feral,18,11,7
4108,Dubakoo,outland,1021,druid,feral,22,11,11
4109,Amoonaa,kazzak,1020,druid,feral,42,22,20
4110,Phanterus,chamber-of-aspects,1012,druid,feral,24,11,13
4111,Tatabomba,archimonde,1008,druid,feral,60,30,30
4112,Брэмблс,soulflayer,1008,druid,feral,35,15,20
4113,Smittly,bloodhoof,1005,druid,feral,58,23,35
4114,Tsopúnisher,twisting-nether,990,druid,feral,28,13,15
4115,Bæghira,draenor,986,druid,feral,34,18,16
4116,Janjalism,silvermoon,973,druid,feral,63,34,29
4117,Descendance,ysondre,965,druid,feral,42,20,22
4118,Tjxaxa,ravencrest,960,druid,feral,12,10,2
4119,Nîghtz,ravencrest,960,druid,feral,18,10,8
4120,Docmedlove,aegwynn,960,druid,feral,24,10,14
4121,Muckì,alleria,960,druid,feral,24,10,14
4122,Nøkki,draenor,959,druid,feral,18,10,8
4123,Beerista,tarren-mill,959,druid,feral,24,11,13
4124,Hahafun,ravencrest,959,druid,feral,24,10,14
4125,Паинтер,blackscar,959,druid,feral,24,10,14
4126,Gediminas,argent-dawn,959,druid,feral,30,10,20
4127,Cyph,shadowsong,958,druid,feral,18,10,8
4128,Nîchtsnutz,blackmoore,958,druid,feral,18,10,8
4129,Corrupthz,outland,955,druid,feral,24,10,14
4130,Zjukov,ragnaros,955,druid,feral,24,10,14
4131,Snøwden,twisting-nether,952,druid,feral,18,10,8
4132,Ефомитстерша,gordunni,952,druid,feral,24,10,14
4133,Реептилоид,soulflayer,942,druid,feral,24,10,14
4134,Jåkeferalta,outland,942,druid,feral,29,10,19
4135,Злодзейка,gordunni,941,druid,feral,29,11,18
4136,Klatro,terokkar,936,druid,feral,18,11,7
4137,Stéely,ravencrest,926,druid,feral,24,12,12
4138,Teddîursa,kazzak,915,druid,feral,34,10,24
4139,Bagheera,archimonde,908,druid,feral,23,10,13
4140,Paranoia,outland,895,druid,feral,22,10,12
4141,Mommonga,onyxia,874,druid,feral,38,14,24
4142,Wex,darksorrow,864,druid,feral,12,9,3
4143,Quikahn,outland,864,druid,feral,12,9,3
4144,Urfi,tyrande,864,druid,feral,12,9,3
4145,Aleatório,grim-batol,864,druid,feral,18,9,9
4146,Cocomojo,outland,864,druid,feral,18,9,9
4147,Bignik,tarren-mill,864,druid,feral,18,9,9
4148,Sixmonthbann,ravencrest,864,druid,feral,18,9,9
4149,Fürfur,ravencrest,864,druid,feral,18,9,9
4150,Paramore,outland,864,druid,feral,18,9,9
4151,Fyrka,aegwynn,864,druid,feral,18,9,9
4152,Luphrekfurry,ysondre,864,druid,feral,18,9,9
4153,Furrykruger,the-maelstrom,864,druid,feral,18,9,9
4154,Каергорн,soulflayer,864,druid,feral,24,9,15
4155,Фейк,howling-fjord,864,druid,feral,24,9,15
4156,Hugepepega,ravencrest,863,druid,feral,18,9,9
4157,Deehe,thrall,863,druid,feral,18,9,9
4158,Cjparker,archimonde,863,druid,feral,18,9,9
4159,Rbg,dun-modr,863,druid,feral,22,10,12
4160,Пиггипоп,soulflayer,863,druid,feral,24,9,15
4161,Олежасутра,howling-fjord,863,druid,feral,30,9,21
4162,Мунфайр,galakrond,862,druid,feral,18,9,9
4163,Кецян,gordunni,862,druid,feral,19,9,10
4164,Nalreaa,kazzak,859,druid,feral,18,9,9
4165,Snapeshifter,blackhand,859,druid,feral,18,9,9
4166,Caèlas,outland,859,druid,feral,18,9,9
4167,Hadespool,sanguino,859,druid,feral,18,9,9
4168,Бруан,gordunni,859,druid,feral,24,9,15
4169,Collnaris,ravencrest,857,druid,feral,12,9,3
4170,Paws,dun-modr,857,druid,feral,24,9,15
4171,Dudeimgodly,ravencrest,857,druid,feral,36,9,27
4172,Mgelolaf,doomhammer,856,druid,feral,12,9,3
4173,Noyake,ragnaros,854,druid,feral,24,9,15
4174,Wainl,hyjal,854,druid,feral,30,9,21
4175,Nightfáll,tarren-mill,853,druid,feral,30,9,21
4176,Реалаг,howling-fjord,847,druid,feral,23,9,14
4177,Morfâns,ragnaros,835,druid,feral,24,9,15
4178,Zulazain,bladefist,835,druid,feral,78,28,50
4179,Progodd,silvermoon,833,druid,feral,24,9,15
4180,Hadesx,blackhand,832,druid,feral,18,9,9
4181,Chepochem,stormscale,829,druid,feral,26,10,16
4182,Рефикс,gordunni,827,druid,feral,17,9,8
4183,Kîñg,tarren-mill,821,druid,feral,70,30,40
4184,Théó,grim-batol,818,druid,feral,41,18,23
4185,Snupy,outland,815,druid,feral,17,9,8
4186,Йванныч,gordunni,793,druid,feral,26,9,17
4187,Plingan,argent-dawn,768,druid,feral,12,8,4
4188,Mikor,aegwynn,768,druid,feral,12,8,4
4189,Fallken,burning-blade,768,druid,feral,12,8,4
4190,Snkxo,perenolde,768,druid,feral,12,8,4
4191,Verbxp,kazzak,768,druid,feral,12,8,4
4192,Coineagan,frostmourne,768,druid,feral,18,8,10
4193,Nzmdruid,burning-legion,768,druid,feral,18,8,10
4194,Nédith,archimonde,768,druid,feral,18,8,10
4195,Апвель,gordunni,768,druid,feral,18,8,10
4196,Thørkang,dun-modr,767,druid,feral,12,8,4
4197,Mimir,la-croisade-écarlate,767,druid,feral,12,8,4
4198,Kørnuto,nemesis,767,druid,feral,12,8,4
4199,Seysso,silvermoon,767,druid,feral,18,8,10
4200,Стэлларпауэр,gordunni,767,druid,feral,18,8,10
4201,Jeezuschrist,archimonde,767,druid,feral,18,8,10
4202,Acéré,archimonde,767,druid,feral,24,8,16
4203,Pneuma,xavius,767,druid,feral,24,8,16
4204,Laek,chogall,767,druid,feral,24,8,16
4205,Thielyy,blackmoore,766,druid,feral,18,8,10
4206,Crow,saurfang,766,druid,feral,20,8,12
4207,Krvopito,tarren-mill,765,druid,feral,12,8,4
4208,Plankface,ravencrest,765,druid,feral,18,8,10
4209,Chunkeykill,alonsus,765,druid,feral,18,8,10
4210,Bâlou,nathrezim,764,druid,feral,18,8,10
4211,Shuffey,frostmane,763,druid,feral,12,8,4
4212,Lemmí,frostwolf,763,druid,feral,18,8,10
4213,Käissi,blackmoore,763,druid,feral,18,8,10
4214,Dash,the-maelstrom,763,druid,feral,18,8,10
4215,Holditorsken,grim-batol,761,druid,feral,18,8,10
4216,Ziovris,silvermoon,761,druid,feral,24,8,16
4217,Jupter,burning-blade,755,druid,feral,18,8,10
4218,Zhosy,shattrath,751,druid,feral,17,8,9
4219,Плагиат,grom,749,druid,feral,30,8,22
4220,Lohki,eredar,746,druid,feral,15,9,6
4221,Erelae,twisting-nether,735,druid,feral,16,8,8
4222,Ytzù,archimonde,719,druid,feral,11,8,3
4223,Cyriaan,eredar,719,druid,feral,17,8,9
4224,Tyranderawr,ravencrest,714,druid,feral,21,9,12
4225,Euskal,chogall,703,druid,feral,14,8,6
4226,Xarxius,sanguino,699,druid,feral,32,8,24
4227,Диздру,howling-fjord,672,druid,feral,12,7,5
4228,Goodtrip,hyjal,672,druid,feral,12,7,5
4229,Lolhaha,ravencrest,672,druid,feral,12,7,5
4230,Snkyferalmov,aegwynn,672,druid,feral,12,7,5
4231,Bomoth,kazzak,672,druid,feral,12,7,5
4232,Runeclaws,twisting-nether,672,druid,feral,12,7,5
4233,Àzà,dun-modr,672,druid,feral,12,7,5
4234,Kaÿn,tarren-mill,672,druid,feral,12,7,5
4235,Fíja,blackmoore,672,druid,feral,12,7,5
4236,Фекаллис,soulflayer,672,druid,feral,12,7,5
4237,Dureka,tarren-mill,672,druid,feral,12,7,5
4238,Coldkíng,twisting-nether,672,druid,feral,18,7,11
4239,Ðevilwhite,nemesis,672,druid,feral,18,7,11
4240,Luveena,kazzak,672,druid,feral,18,7,11
4241,Druiidou,dalaran,672,druid,feral,18,7,11
4242,Sethread,ragnaros,672,druid,feral,18,7,11
4243,Oni,kelthuzad,672,druid,feral,18,7,11
4244,Hässelhoof,ragnaros,672,druid,feral,18,7,11
4245,Feytique,aegwynn,672,druid,feral,18,7,11
4246,Liptonbite,blackhand,672,druid,feral,24,7,17
4247,Starliner,ravencrest,672,druid,feral,24,7,17
4248,Селфика,gordunni,672,druid,feral,30,7,23
4249,Криашин,goldrinn,671,druid,feral,12,7,5
4250,Déme,twisting-nether,671,druid,feral,12,7,5
4251,Sôalôgel,blackrock,671,druid,feral,12,7,5
4252,Calîmerô,blackrock,671,druid,feral,12,7,5
4253,Eltroncazo,sanguino,671,druid,feral,18,7,11
4254,Henessi,ragnaros,671,druid,feral,18,7,11
4255,Toron,dalaran,671,druid,feral,18,7,11
4256,Bærbell,blackrock,671,druid,feral,18,7,11
4257,Lazerbinks,blackmoore,671,druid,feral,24,7,17
4258,Noobbiiee,silvermoon,670,druid,feral,12,7,5
4259,Biorythm,draenor,670,druid,feral,12,7,5
4260,Cøcøpøpsmøke,archimonde,670,druid,feral,18,7,11
4261,Toredorxy,blackrock,669,druid,feral,12,7,5
4262,Radime,khaz-modan,669,druid,feral,12,7,5
4263,Терамин,howling-fjord,669,druid,feral,18,7,11
4264,Itzferal,durotan,668,druid,feral,15,7,8
4265,Фаллендэл,gordunni,663,druid,feral,12,7,5
4266,Kovlian,argent-dawn,655,druid,feral,17,7,10
4267,Эвгедент,deathguard,646,druid,feral,30,7,23
4268,Mordpaw,stormscale,639,druid,feral,14,8,6
4269,Nspirit,ravencrest,639,druid,feral,17,7,10
4270,Sìa,frostmane,639,druid,feral,23,7,16
4271,Отхода,gordunni,623,druid,feral,17,7,10
4272,Shalys,archimonde,622,druid,feral,11,7,4
4273,Àyóorts,archimonde,607,druid,feral,14,7,7
4274,Mistic,twisting-nether,601,druid,feral,17,7,10
4275,Hadoukan,ravencrest,576,druid,feral,6,6,0
4276,Shifthappens,dun-modr,576,druid,feral,12,6,6
4277,Tonycatmeow,ravencrest,576,druid,feral,12,6,6
4278,Baccthana,auchindoun,576,druid,feral,12,6,6
4279,Amandial,silvermoon,576,druid,feral,12,6,6
4280,Flawkin,kazzak,576,druid,feral,12,6,6
4281,Snkyexpress,aegwynn,576,druid,feral,12,6,6
4282,Svass,ragnaros,576,druid,feral,12,6,6
4283,Сиэн,ashenvale,576,druid,feral,12,6,6
4284,Vulko,lightbringer,576,druid,feral,12,6,6
4285,Arlandia,drakthul,576,druid,feral,12,6,6
4286,Radauronny,malganis,576,druid,feral,18,6,12
4287,Bilis,nazjatar,576,druid,feral,18,6,12
4288,Fluffygoon,azjolnerub,576,druid,feral,18,6,12
4289,Хокан,deepholm,576,druid,feral,18,6,12
4290,Psixx,blackhand,575,druid,feral,12,6,6
4291,Xurta,kazzak,575,druid,feral,12,6,6
4292,Drudonja,silvermoon,575,druid,feral,12,6,6
4293,Leidbulle,blackrock,575,druid,feral,12,6,6
4294,Скайтибрайдх,gordunni,575,druid,feral,18,6,12
4295,Ghettoven,kazzak,575,druid,feral,18,6,12
4296,Zeyne,ravencrest,574,druid,feral,12,6,6
4297,Tricklou,tarren-mill,574,druid,feral,12,6,6
4298,Lunamimi,argent-dawn,574,druid,feral,12,6,6
4299,Hetalia,culte-de-la-rive-noire,571,druid,feral,12,6,6
4300,Друлевой,greymane,570,druid,feral,12,6,6
4301,Маветт,blackscar,567,druid,feral,18,6,12
4302,Spangle,stormscale,554,druid,feral,21,7,14
4303,Диджейкошка,howling-fjord,527,druid,feral,11,6,5
4304,Блиденг,gordunni,522,druid,feral,21,8,13
4305,Nuashoa,argent-dawn,521,druid,feral,16,7,9
4306,Ryselol,nemesis,480,druid,feral,6,5,1
4307,Dracaan,boulderfist,480,druid,feral,6,5,1
4308,Retzerbil,ravencrest,480,druid,feral,10,6,4
4309,Annksunamun,ysondre,480,druid,feral,12,5,7
4310,Hardbasior,burning-legion,480,druid,feral,12,5,7
4311,Arfgtdispo,hyjal,480,druid,feral,12,5,7
4312,Диаболус,gordunni,480,druid,feral,12,5,7
4313,Hipølita,zuljin,480,druid,feral,12,5,7
4314,Zurllyn,ravencrest,480,druid,feral,12,5,7
4315,Saabeq,hyjal,480,druid,feral,12,5,7
4316,Einsfünfkcat,madmortem,480,druid,feral,12,5,7
4317,Moonglade,deathwing,480,druid,feral,12,5,7
4318,Herten,tarren-mill,480,druid,feral,12,5,7
4319,Медверх,gordunni,480,druid,feral,12,5,7
4320,Sketz,stormscale,480,druid,feral,12,5,7
4321,Rayjinn,dun-modr,480,druid,feral,12,5,7
4322,Rysejr,nemesis,480,druid,feral,12,5,7
4323,Shylovez,aegwynn,480,druid,feral,12,5,7
4324,Hasted,kazzak,480,druid,feral,12,5,7
4325,Turkus,draenor,480,druid,feral,12,5,7
4326,Flum,darksorrow,480,druid,feral,12,5,7
4327,Wucherwurzel,eredar,480,druid,feral,12,5,7
4328,Ashtral,kazzak,480,druid,feral,12,5,7
4329,Шэйпшифт,fordragon,480,druid,feral,12,5,7
4330,Bloomly,tarren-mill,480,druid,feral,12,5,7
4331,Rímeru,blackmoore,480,druid,feral,12,5,7
4332,Rapzr,argent-dawn,480,druid,feral,12,5,7
4333,Animålz,archimonde,480,druid,feral,12,5,7
4334,Erenalby,draenor,480,druid,feral,12,5,7
4335,Siire,ravencrest,480,druid,feral,12,5,7
4336,Hrabioid,burning-legion,480,druid,feral,12,5,7
4337,Kardashìan,ravencrest,480,druid,feral,13,5,8
4338,Derrezzed,stormscale,480,druid,feral,18,5,13
4339,Yiradur,stormscale,480,druid,feral,18,5,13
4340,Enylasi,hyjal,480,druid,feral,18,5,13
4341,Outtanowhere,drakthul,480,druid,feral,18,5,13
4342,Wølveríne,frostmane,480,druid,feral,18,5,13
4343,Mérias,archimonde,480,druid,feral,18,5,13
4344,Yamkar,blackrock,480,druid,feral,18,5,13
4345,Pethebär,tarren-mill,480,druid,feral,18,5,13
4346,Älênkâ,drakthul,480,druid,feral,18,5,13
4347,Cdsxr,outland,480,druid,feral,24,5,19
4348,Alcik,silvermoon,480,druid,feral,24,5,19
4349,Papan,sylvanas,479,druid,feral,6,5,1
4350,Telpha,onyxia,479,druid,feral,12,5,7
4351,Shifts,the-maelstrom,479,druid,feral,12,5,7
4352,Defløwer,aegwynn,479,druid,feral,12,5,7
4353,Poskehh,outland,479,druid,feral,12,5,7
4354,Mambalol,sanguino,479,druid,feral,12,5,7
4355,Terror,agamaggan,479,druid,feral,12,5,7
4356,Шадараф,howling-fjord,479,druid,feral,15,6,9
4357,Менстряк,howling-fjord,479,druid,feral,18,5,13
4358,Друличч,blackscar,479,druid,feral,18,5,13
4359,Yorashi,blackhand,478,druid,feral,6,5,1
4360,Cattastrophe,bronzebeard,477,druid,feral,12,5,7
4361,Mitomen,ragnaros,476,druid,feral,12,5,7
4362,Skylarr,alexstrasza,475,druid,feral,12,5,7
4363,Apetino,dun-modr,447,druid,feral,11,5,6
4364,Carldroid,sylvanas,445,druid,feral,16,5,11
4365,Sároman,ravencrest,431,druid,feral,11,5,6
4366,Zynmeow,lordaeron,416,druid,feral,19,6,13
4367,Nipply,ravencrest,415,druid,feral,15,6,9
4368,Béar,arathor,413,druid,feral,16,5,11
4369,Loyoq,elune,384,druid,feral,6,4,2
4370,Kgn,blackmoore,384,druid,feral,6,4,2
4371,Ryáanz,ravencrest,384,druid,feral,6,4,2
4372,Ryseqt,nemesis,384,druid,feral,6,4,2
4373,Fzx,aegwynn,384,druid,feral,6,4,2
4374,Minaye,hyjal,384,druid,feral,6,4,2
4375,Lïved,nemesis,384,druid,feral,6,4,2
4376,Aslanah,hyjal,384,druid,feral,6,4,2
4377,Diktus,outland,384,druid,feral,6,4,2
4378,Osaviciosa,shendralar,384,druid,feral,6,4,2
4379,Knatch,outland,384,druid,feral,6,4,2
4380,Enock,hyjal,384,druid,feral,6,4,2
4381,Seekx,silvermoon,384,druid,feral,6,4,2
4382,Noxxzar,stormscale,384,druid,feral,6,4,2
4383,Takamizy,ysondre,384,druid,feral,6,4,2
4384,Lakaport,dun-modr,384,druid,feral,6,4,2
4385,Faveyo,die-nachtwache,384,druid,feral,6,4,2
4386,Ábomínatíon,draenor,384,druid,feral,6,4,2
4387,Dystaleon,blackrock,384,druid,feral,6,4,2
4388,Tróllinger,blackrock,384,druid,feral,6,4,2
4389,Сириль,soulflayer,384,druid,feral,6,4,2
4390,Шабашиоргия,soulflayer,384,druid,feral,6,4,2
4391,Pitchou,karazhan,384,druid,feral,12,4,8
4392,Ялория,azuregos,384,druid,feral,12,4,8
4393,Фдру,eversong,384,druid,feral,12,4,8
4394,Tenader,draenor,384,druid,feral,12,4,8
4395,Milkniatrump,tarren-mill,384,druid,feral,12,4,8
4396,Byet,kazzak,384,druid,feral,12,4,8
4397,Notsad,dun-modr,384,druid,feral,12,4,8
4398,Carridwyn,argent-dawn,384,druid,feral,12,4,8
4399,Sekunden,ravencrest,384,druid,feral,12,4,8
4400,Shiotake,hyjal,384,druid,feral,12,4,8
4401,Mbk,kazzak,384,druid,feral,12,4,8
4402,Goatmeal,draenor,384,druid,feral,12,4,8
4403,Турбокалясик,gordunni,384,druid,feral,12,4,8
4404,Plandros,draenor,384,druid,feral,18,4,14
4405,Nidaalee,thrall,383,druid,feral,6,4,2
4406,Tombenuit,tarren-mill,383,druid,feral,6,4,2
4407,Bearshift,aggra-português,383,druid,feral,6,4,2
4408,Tsukuyómi,ragnaros,383,druid,feral,6,4,2
4409,Tettsu,silvermoon,383,druid,feral,12,4,8
4410,Loafy,the-maelstrom,383,druid,feral,12,4,8
4411,Спэкк,gordunni,383,druid,feral,12,4,8
4412,Tastyrawr,blackhand,383,druid,feral,12,4,8
4413,Lutis,magtheridon,383,druid,feral,12,4,8
4414,Tl,archimonde,383,druid,feral,12,4,8
4415,Bumsbert,teldrassil,382,druid,feral,6,4,2
4416,Altramuz,uldum,382,druid,feral,6,4,2
4417,Viølin,silvermoon,381,druid,feral,12,4,8
4418,Phandris,argent-dawn,379,druid,feral,12,4,8
4419,Verbat,cthun,379,druid,feral,12,4,8
4420,Infêrno,twisting-nether,367,druid,feral,17,4,13
4421,Rakuy,thrall,352,druid,feral,10,4,6
4422,Âltashamane,elune,351,druid,feral,11,4,7
4423,Krekigaadzre,draenor,335,druid,feral,9,4,5
4424,Wolfly,ravencrest,329,druid,feral,17,6,11
4425,Броодяга,razuvious,319,druid,feral,5,4,1
4426,Muffler,ragnaros,288,druid,feral,6,3,3
4427,Wildthing,blackmoore,288,druid,feral,6,3,3
4428,Azyol,argent-dawn,288,druid,feral,6,3,3
4429,Carlitto,blackmoore,288,druid,feral,6,3,3
4430,Redlung,outland,288,druid,feral,6,3,3
4431,Мивинчик,ashenvale,288,druid,feral,6,3,3
4432,Fuzzylol,haomarush,288,druid,feral,6,3,3
4433,Ferpylul,ragnaros,288,druid,feral,6,3,3
4434,Giaya,turalyon,288,druid,feral,6,3,3
4435,Druidou,kaelthas,288,druid,feral,6,3,3
4436,Alkurosa,sylvanas,288,druid,feral,6,3,3
4437,Urgrull,baelgun,288,druid,feral,6,3,3
4438,Chinoiserie,aszune,288,druid,feral,6,3,3
4439,Beckett,aszune,288,druid,feral,6,3,3
4440,Xercàs,outland,288,druid,feral,6,3,3
4441,Yepnesse,khaz-modan,288,druid,feral,6,3,3
4442,Sylvy,dun-modr,288,druid,feral,6,3,3
4443,Lyrasanna,argent-dawn,288,druid,feral,6,3,3
4444,Dianabigby,silvermoon,288,druid,feral,6,3,3
4445,Oddform,silvermoon,288,druid,feral,6,3,3
4446,Nightdruidcz,turalyon,288,druid,feral,6,3,3
4447,Fraptal,dalaran,288,druid,feral,6,3,3
4448,Хённим,howling-fjord,288,druid,feral,6,3,3
4449,Даркедес,gordunni,288,druid,feral,6,3,3
4450,Moskaros,turalyon,288,druid,feral,6,3,3
4451,Nefertiti,baelgun,288,druid,feral,6,3,3
4452,Melsson,stormreaver,288,druid,feral,6,3,3
4453,Chouan,marécage-de-zangar,288,druid,feral,6,3,3
4454,Hundavidsad,quelthalas,288,druid,feral,6,3,3
4455,Worgenshiftr,kazzak,288,druid,feral,6,3,3
4456,Леромейкен,fordragon,288,druid,feral,6,3,3
4457,Fearthecat,defias-brotherhood,288,druid,feral,6,3,3
4458,Moonpuff,kazzak,288,druid,feral,6,3,3
4459,Chronoqtxd,ravencrest,288,druid,feral,6,3,3
4460,Babynaty,ravencrest,288,druid,feral,6,3,3
4461,Reservebär,blackhand,288,druid,feral,6,3,3
4462,Druidicchi,stormscale,288,druid,feral,6,3,3
4463,Vãrima,ravencrest,288,druid,feral,6,3,3
4464,Biggestnick,ravencrest,288,druid,feral,6,3,3
4465,Lunanikuya,ravencrest,288,druid,feral,6,3,3
4466,Ðeathwatch,ravencrest,288,druid,feral,6,3,3
4467,Madgazfanboi,ravencrest,288,druid,feral,6,3,3
4468,Broccoliform,eredar,288,druid,feral,6,3,3
4469,Kúùsh,frostwolf,288,druid,feral,6,3,3
4470,Mooqt,alexstrasza,288,druid,feral,6,3,3
4471,Zantill,chamber-of-aspects,288,druid,feral,7,3,4
4472,Shingeki,alonsus,288,druid,feral,8,3,5
4473,Myex,exodar,288,druid,feral,12,3,9
4474,Alimona,the-venture-co,288,druid,feral,12,3,9
4475,Bénjî,khazgoroth,288,druid,feral,12,3,9
4476,Skywíng,stormscale,288,druid,feral,12,3,9
4477,Kittyclâw,perenolde,288,druid,feral,12,3,9
4478,Lupa,drakthul,288,druid,feral,12,3,9
4479,Лорья,azuregos,288,druid,feral,12,3,9
4480,Psychodeliya,ragnaros,288,druid,feral,12,3,9
4481,Drocos,genjuros,288,druid,feral,12,3,9
4482,Zink,sanguino,288,druid,feral,12,3,9
4483,Phòènìx,twisting-nether,288,druid,feral,12,3,9
4484,Trikill,hyjal,288,druid,feral,13,3,10
4485,Tallbutshort,stormscale,288,druid,feral,18,3,15
4486,Frincessa,burning-legion,288,druid,feral,18,3,15
4487,Denadu,turalyon,288,druid,feral,18,3,15
4488,Жекакотик,eversong,287,druid,feral,6,3,3
4489,Giosis,stormscale,287,druid,feral,6,3,3
4490,Cemendur,bronzebeard,287,druid,feral,6,3,3
4491,Vólotyr,ravencrest,287,druid,feral,12,3,9
4492,Vicendius,drakthul,287,druid,feral,12,3,9
4493,Kyth,forscherliga,287,druid,feral,12,3,9
4494,Greenfingerz,azjolnerub,287,druid,feral,12,3,9
4495,Poxu,eredar,287,druid,feral,18,3,15
4496,Bakar,ghostlands,286,druid,feral,6,3,3
4497,Zottelmahne,blackrock,286,druid,feral,6,3,3
4498,Zhabka,silvermoon,286,druid,feral,6,3,3
4499,Glanis,malorne,271,druid,feral,11,3,8
4500,Bartax,culte-de-la-rive-noire,240,druid,feral,9,3,6
4501,Anyône,dun-morogh,229,druid,feral,16,4,12
4502,Druiddamage,the-maelstrom,192,druid,feral,6,2,4
4503,Nelfboyuk,tarren-mill,192,druid,feral,6,2,4
4504,Erundrood,ysondre,192,druid,feral,6,2,4
4505,Chikiz,ghostlands,192,druid,feral,6,2,4
4506,Вендьета,blackscar,192,druid,feral,6,2,4
4507,Sandirion,silvermoon,192,druid,feral,6,2,4
4508,Feralsaber,ghostlands,192,druid,feral,6,2,4
4509,Nidra,silvermoon,192,druid,feral,6,2,4
4510,Voyerka,drakthul,192,druid,feral,6,2,4
4511,Pitsas,silvermoon,192,druid,feral,6,2,4
4512,Astlanes,ysondre,192,druid,feral,6,2,4
4513,Melcow,eredar,192,druid,feral,6,2,4
4514,Эриэс,gordunni,192,druid,feral,6,2,4
4515,Трясишатай,gordunni,192,druid,feral,6,2,4
4516,Sølaria,kazzak,192,druid,feral,6,2,4
4517,Dwaokut,ravencrest,192,druid,feral,6,2,4
4518,Snuggums,argent-dawn,192,druid,feral,6,2,4
4519,Crisspurolss,ysondre,192,druid,feral,6,2,4
4520,Tøpkittyg,twisting-nether,192,druid,feral,6,2,4
4521,Dilleydank,ravencrest,192,druid,feral,6,2,4
4522,Sheiheda,kazzak,192,druid,feral,6,2,4
4523,Variolus,dun-modr,192,druid,feral,6,2,4
4524,Catbear,kazzak,192,druid,feral,6,2,4
4525,Jimmyxdd,kazzak,192,druid,feral,6,2,4
4526,Wuzzington,outland,192,druid,feral,6,2,4
4527,Jamaican,outland,192,druid,feral,6,2,4
4528,Docdruid,outland,192,druid,feral,6,2,4
4529,Glyn,earthen-ring,192,druid,feral,6,2,4
4530,Канвус,gordunni,192,druid,feral,6,2,4
4531,Xilmai,darksorrow,192,druid,feral,6,2,4
4532,Savagehèals,ravencrest,192,druid,feral,6,2,4
4533,Rimpularaisa,grim-batol,192,druid,feral,6,2,4
4534,Citrus,sargeras,192,druid,feral,6,2,4
4535,Rabatout,eitrigg,192,druid,feral,6,2,4
4536,Lilkâzzam,blackrock,192,druid,feral,6,2,4
4537,Glenn,alakir,192,druid,feral,6,2,4
4538,Naetsch,blackrock,192,druid,feral,6,2,4
4539,Zyron,sanguino,192,druid,feral,6,2,4
4540,Ephixa,burning-legion,192,druid,feral,6,2,4
4541,Metamø,blackrock,192,druid,feral,6,2,4
4542,Catwild,blackmoore,192,druid,feral,6,2,4
4543,Leylå,ravencrest,192,druid,feral,6,2,4
4544,Aryitu,blackrock,192,druid,feral,6,2,4
4545,Treepoloski,stormscale,192,druid,feral,6,2,4
4546,Nicodruid,ravencrest,192,druid,feral,6,2,4
4547,Mcservietsky,chogall,192,druid,feral,6,2,4
4548,Seekíng,blackmoore,192,druid,feral,6,2,4
4549,Kiizal,twisting-nether,192,druid,feral,6,2,4
4550,Ckelf,ravencrest,192,druid,feral,6,2,4
4551,Rabacki,blackmoore,192,druid,feral,6,2,4
4552,Вохако,howling-fjord,192,druid,feral,6,2,4
4553,Kisskossa,stormscale,192,druid,feral,6,2,4
4554,Bóssít,doomhammer,192,druid,feral,6,2,4
4555,Lyvaley,dun-modr,192,druid,feral,6,2,4
4556,Santamonica,blackrock,192,druid,feral,6,2,4
4557,Trànsformer,nemesis,192,druid,feral,12,2,10
4558,Affines,the-maelstrom,192,druid,feral,12,2,10
4559,Nkoyi,argent-dawn,192,druid,feral,12,2,10
4560,Erelieva,silvermoon,192,druid,feral,12,2,10
4561,Speegle,kazzak,192,druid,feral,12,2,10
4562,Vanarea,argent-dawn,192,druid,feral,12,2,10
4563,Nicotex,draenor,192,druid,feral,12,2,10
4564,Feralzeus,sylvanas,192,druid,feral,12,2,10
4565,Naturexbot,silvermoon,192,druid,feral,12,2,10
4566,Amoveo,argent-dawn,192,druid,feral,12,2,10
4567,Ôpium,eldrethalas,191,druid,feral,6,2,4
4568,Jompemanfish,stormscale,191,druid,feral,6,2,4
4569,Kittasek,drakthul,191,druid,feral,6,2,4
4570,Loriann,twisting-nether,191,druid,feral,18,2,16
4571,Meuhtéki,hyjal,190,druid,feral,13,3,10
4572,Avisa,blackhand,190,druid,feral,12,2,10
4573,Shadøwdruid,silvermoon,190,druid,feral,18,2,16
4574,Ilyethea,earthen-ring,175,druid,feral,11,2,9
4575,Muryo,der-rat-von-dalaran,159,druid,feral,5,2,3
4576,Hiloqtdruid,blackmoore,159,druid,feral,5,2,3
4577,Korkskruven,draenor,159,druid,feral,5,2,3
4578,Найадра,gordunni,144,druid,feral,9,2,7
4579,Azaría,aegwynn,128,druid,feral,4,2,2
4580,Lionquokk,azjolnerub,128,druid,feral,4,2,2
4581,Baniaucygana,draenor,127,druid,feral,4,2,2
4582,Wurnas,silvermoon,121,druid,feral,15,3,12
4583,Dèxò,blackmoore,96,druid,feral,11,4,7
4584,Moderntalkin,aegwynn,96,druid,feral,17,4,13
4585,Nidrien,doomhammer,96,druid,feral,6,1,5
4586,Ragnai,emerald-dream,96,druid,feral,6,1,5
4587,Imsothorny,genjuros,96,druid,feral,6,1,5
4588,Albinoape,doomhammer,96,druid,feral,6,1,5
4589,Gurudru,tarren-mill,96,druid,feral,6,1,5
4590,Fabulous,genjuros,96,druid,feral,6,1,5
4591,Ayatola,conseil-des-ombres,96,druid,feral,6,1,5
4592,Tshungubuäch,eredar,96,druid,feral,6,1,5
4593,Catgirlx,ravencrest,96,druid,feral,6,1,5
4594,Benfufu,kazzak,96,druid,feral,6,1,5
4595,Noxxìe,draenor,96,druid,feral,6,1,5
4596,Горртек,howling-fjord,96,druid,feral,6,1,5
4597,Théodên,dalaran,96,druid,feral,6,1,5
4598,Tael,argent-dawn,96,druid,feral,6,1,5
4599,Venomjr,bloodhoof,96,druid,feral,6,1,5
4600,Strand,ragnaros,96,druid,feral,6,1,5
4601,Maräanhatähr,silvermoon,96,druid,feral,6,1,5
4602,Sabresheep,twisting-nether,96,druid,feral,6,1,5
4603,Saliencias,kazzak,96,druid,feral,6,1,5
4604,Kuw,archimonde,96,druid,feral,6,1,5
4605,Awán,aegwynn,96,druid,feral,6,1,5
4606,Мурталор,soulflayer,96,druid,feral,6,1,5
4607,Yarrp,stormscale,96,druid,feral,6,1,5
4608,Majesty,nagrand,96,druid,feral,6,1,5
4609,Haragmancs,arathor,96,druid,feral,6,1,5
4610,Ãnimal,argent-dawn,96,druid,feral,6,1,5
4611,Zinister,hyjal,96,druid,feral,6,1,5
4612,Yabooni,ravencrest,96,druid,feral,6,1,5
4613,Zðe,la-croisade-écarlate,96,druid,feral,6,1,5
4614,Бабакошка,gordunni,96,druid,feral,6,1,5
4615,Jamera,stormscale,96,druid,feral,6,1,5
4616,Plàntz,tarren-mill,96,druid,feral,6,1,5
4617,Thaneo,blackmoore,96,druid,feral,6,1,5
4618,Snootxt,blackmoore,96,druid,feral,6,1,5
4619,Хэрес,gordunni,96,druid,feral,6,1,5
4620,Hccl,blackhand,96,druid,feral,6,1,5
4621,Markuslanz,blackrock,96,druid,feral,6,1,5
4622,Heav,kiljaeden,96,druid,feral,6,1,5
4623,Taco,eredar,96,druid,feral,12,1,11
4624,Mäywen,ravencrest,96,druid,feral,12,1,11
4625,Veyronn,burning-legion,96,druid,feral,12,1,11
4626,Nakkikastike,magtheridon,96,druid,feral,12,1,11
4627,Farnae,kirin-tor,96,druid,feral,12,1,11
4628,Teám,tarren-mill,96,druid,feral,12,1,11
4629,Bidodici,nemesis,95,druid,feral,6,1,5
4630,Allîyâ,archimonde,79,druid,feral,5,1,4
4631,Forigiver,draenor,64,druid,feral,4,1,3
4632,Прокси,gordunni,64,druid,feral,4,1,3
4633,Aendy,tarren-mill,48,druid,feral,3,1,2
4634,Wadles,draenor,48,druid,feral,3,1,2
4635,Fuséton,tarren-mill,2332,druid,balance,197,120,77
4636,Maroxd,stormscale,2305,druid,balance,64,48,16
4637,Merceý,ravencrest,2288,druid,balance,87,59,28
4638,Bd,stormscale,2225,druid,balance,83,49,34
4639,Wriong,ravencrest,2224,druid,balance,129,79,50
4640,Immuz,kazzak,2215,druid,balance,101,55,46
4641,Broccoliboy,sylvanas,2199,druid,balance,78,46,32
4642,Norgand,die-aldor,2173,druid,balance,42,33,9
4643,Tmeister,kazzak,2145,druid,balance,84,50,34
4644,Sleepyhallow,blackmoore,2142,druid,balance,100,58,42
4645,Thelire,silvermoon,2137,druid,balance,192,105,87
4646,Isatá,ravencrest,2123,druid,balance,66,42,24
4647,Ackiz,ravencrest,2121,druid,balance,69,42,27
4648,Shayia,aegwynn,2121,druid,balance,119,65,54
4649,Jwrld,stormscale,2121,druid,balance,66,35,31
4650,Skivesnulle,kazzak,2119,druid,balance,119,60,59
4651,Ursulaboomer,blackrock,2117,druid,balance,66,43,23
4652,Batboomie,zuljin,2117,druid,balance,227,126,101
4653,Winkler,kazzak,2109,druid,balance,50,38,12
4654,Crippaa,tarren-mill,2106,druid,balance,63,45,18
4655,Deép,nazjatar,2106,druid,balance,84,45,39
4656,Бубаджек,howling-fjord,2102,druid,balance,48,31,17
4657,Aggroasian,tarren-mill,2084,druid,balance,219,127,92
4658,Ôwlnur,kult-der-verdammten,2080,druid,balance,85,50,35
4659,Mephîs,ravencrest,2078,druid,balance,76,49,27
4660,Eviscreator,stormscale,2076,druid,balance,120,76,44
4661,Vabore,twisting-nether,2075,druid,balance,72,41,31
4662,Dincks,draenor,2069,druid,balance,77,50,27
4663,Agagagagagag,ravencrest,2065,druid,balance,75,42,33
4664,Rexonadudu,kazzak,2060,druid,balance,141,84,57
4665,Sadgeconvoke,draenor,2059,druid,balance,118,86,32
4666,Antahka,archimonde,2057,druid,balance,60,34,26
4667,Shivany,twisting-nether,2052,druid,balance,130,66,64
4668,Eôxxd,blackrock,2051,druid,balance,65,45,20
4669,Positivîty,stormscale,2048,druid,balance,138,82,56
4670,Turtleform,blackrock,2046,druid,balance,88,42,46
4671,Méáckós,aegwynn,2041,druid,balance,116,58,58
4672,Nutsnack,tarren-mill,2039,druid,balance,78,38,40
4673,Рейзакх,howling-fjord,2036,druid,balance,102,57,45
4674,Oskol,tarren-mill,2033,druid,balance,58,31,27
4675,Владисзади,gordunni,2024,druid,balance,101,55,46
4676,Flanagân,hyjal,2020,druid,balance,42,26,16
4677,Akinimod,ravencrest,2017,druid,balance,74,47,27
4678,Saufeb,stormscale,2016,druid,balance,83,50,33
4679,Qtkitty,outland,2016,druid,balance,177,106,71
4680,Bulla,culte-de-la-rive-noire,2004,druid,balance,118,74,44
4681,Gulmi,outland,2003,druid,balance,77,47,30
4682,Wwboomy,kazzak,1999,druid,balance,72,38,34
4683,Käyn,argent-dawn,1997,druid,balance,99,57,42
4684,Klimakleber,ravencrest,1997,druid,balance,135,67,68
4685,Shåmss,kazzak,1995,druid,balance,42,27,15
4686,Catchmê,archimonde,1993,druid,balance,62,36,26
4687,Bittebads,stormscale,1987,druid,balance,54,35,19
4688,Rootzxx,ravencrest,1983,druid,balance,78,46,32
4689,Karvajyrä,stormreaver,1972,druid,balance,162,96,66
4690,Newaccount,kazzak,1966,druid,balance,66,45,21
4691,ßa,blackmoore,1960,druid,balance,59,38,21
4692,Uglyrasputin,blackmoore,1960,druid,balance,156,94,62
4693,Ganqb,ravencrest,1955,druid,balance,315,179,136
4694,Flæppy,blackmoore,1952,druid,balance,145,75,70
4695,Kruwkamilka,burning-legion,1950,druid,balance,92,54,38
4696,Disvikz,outland,1950,druid,balance,66,38,28
4697,Néllÿ,elune,1942,druid,balance,102,51,51
4698,Slaugh,zuljin,1935,druid,balance,89,48,41
4699,Wizzlafa,ravencrest,1930,druid,balance,76,44,32
4700,Howgh,destromath,1926,druid,balance,162,88,74
4701,Crnkie,sylvanas,1925,druid,balance,30,24,6
4702,Transmangodx,tarren-mill,1923,druid,balance,60,38,22
4703,Mooskie,draenor,1921,druid,balance,54,37,17
4704,Muhammadali,ravencrest,1921,druid,balance,54,28,26
4705,Bákhar,ravencrest,1921,druid,balance,83,42,41
4706,Handsoff,stormscale,1919,druid,balance,144,72,72
4707,Fredhqt,tarren-mill,1918,druid,balance,59,37,22
4708,Laserchicken,malganis,1912,druid,balance,95,47,48
4709,Win,hellscream,1907,druid,balance,84,45,39
4710,Trntydr,senjin,1906,druid,balance,41,30,11
4711,Feelstreeman,twisting-nether,1905,druid,balance,30,20,10
4712,Secrägodx,ragnaros,1903,druid,balance,54,32,22
4713,Muufasa,blackmoore,1899,druid,balance,170,88,82
4714,Zendda,hyjal,1896,druid,balance,61,30,31
4715,Malex,auchindoun,1895,druid,balance,54,32,22
4716,Rek,sanguino,1893,druid,balance,57,33,24
4717,Votionex,tarren-mill,1891,druid,balance,64,38,26
4718,Hppsr,eredar,1889,druid,balance,66,35,31
4719,Небесныйхант,soulflayer,1887,druid,balance,77,42,35
4720,Даирлин,gordunni,1883,druid,balance,112,54,58
4721,Kankstery,stormscale,1882,druid,balance,65,44,21
4722,Bastodonte,skullcrusher,1881,druid,balance,136,72,64
4723,Greenful,drakthul,1880,druid,balance,36,24,12
4724,Blopstar,stormscale,1879,druid,balance,54,34,20
4725,Mdrgtwo,ravencrest,1877,druid,balance,47,34,13
4726,Sentería,sylvanas,1876,druid,balance,60,30,30
4727,Øncê,durotan,1871,druid,balance,54,29,25
4728,Tobid,blackrock,1869,druid,balance,48,36,12
4729,Fiskmåsn,twisting-nether,1866,druid,balance,125,74,51
4730,Hunkex,frostmane,1864,druid,balance,57,32,25
4731,Zødzin,kazzak,1863,druid,balance,42,25,17
4732,Flanagàn,hyjal,1860,druid,balance,58,31,27
4733,Rbgkári,draenor,1857,druid,balance,48,36,12
4734,Didiee,kazzak,1857,druid,balance,84,46,38
4735,Ghostpaws,ravencrest,1857,druid,balance,66,35,31
4736,Maijs,ravencrest,1857,druid,balance,66,31,35
4737,Peaches,aerie-peak,1856,druid,balance,59,41,18
4738,Starbro,grim-batol,1856,druid,balance,48,27,21
4739,Damigjat,sylvanas,1854,druid,balance,167,107,60
4740,Emmdru,silvermoon,1854,druid,balance,101,63,38
4741,Näela,archimonde,1850,druid,balance,54,27,27
4742,Øhmygød,stormscale,1848,druid,balance,48,26,22
4743,Найттир,gordunni,1848,druid,balance,60,32,28
4744,Gurru,xavius,1848,druid,balance,113,58,55
4745,Tzeeni,stormscale,1847,druid,balance,35,28,7
4746,Mesmerizing,ravencrest,1847,druid,balance,54,31,23
4747,Credenz,frostmane,1845,druid,balance,90,52,38
4748,Laker,stormscale,1843,druid,balance,82,45,37
4749,Арадия,gordunni,1843,druid,balance,66,35,31
4750,Gipi,ravencrest,1843,druid,balance,60,31,29
4751,Imperiusx,ravencrest,1840,druid,balance,132,76,56
4752,Hrz,kazzak,1839,druid,balance,79,50,29
4753,Starfallkey,dun-modr,1839,druid,balance,99,61,38
4754,Pluginbaby,stormscale,1838,druid,balance,64,41,23
4755,Knùbz,ravencrest,1837,druid,balance,71,35,36
4756,Tjillevippen,tarren-mill,1836,druid,balance,36,23,13
4757,Metamoo,tarren-mill,1835,druid,balance,47,36,11
4758,Atrosity,ravencrest,1835,druid,balance,66,40,26
4759,Zuterlø,ragnaros,1834,druid,balance,54,28,26
4760,Izhusky,ravencrest,1833,druid,balance,41,26,15
4761,Tommyruin,the-venture-co,1833,druid,balance,46,28,18
4762,Кирукхэ,gordunni,1832,druid,balance,36,28,8
4763,Nuvemone,stormscale,1832,druid,balance,90,51,39
4764,Tárzáñ,ravencrest,1831,druid,balance,60,37,23
4765,Meowcry,outland,1830,druid,balance,60,37,23
4766,Ezeke,eredar,1830,druid,balance,160,79,81
4767,Mopboomkin,twisting-nether,1828,druid,balance,48,29,19
4768,Rngmåchinéx,ravencrest,1827,druid,balance,109,74,35
4769,Nyndrà,archimonde,1826,druid,balance,135,66,69
4770,Carnivals,twisting-nether,1825,druid,balance,54,31,23
4771,Afret,kazzak,1824,druid,balance,186,96,90
4772,Dizay,xavius,1823,druid,balance,60,40,20
4773,Hammd,kazzak,1823,druid,balance,50,32,18
4774,Bearpawzz,kazzak,1823,druid,balance,48,29,19
4775,Faxotium,argent-dawn,1822,druid,balance,30,21,9
4776,Djemdruid,argent-dawn,1822,druid,balance,42,27,15
4777,Рябчиик,blackscar,1822,druid,balance,122,71,51
4778,Ciucciotutto,nemesis,1821,druid,balance,30,24,6
4779,Хальтенис,gordunni,1819,druid,balance,58,34,24
4780,Sunshinex,silvermoon,1818,druid,balance,96,47,49
4781,Moonhusky,blackrock,1817,druid,balance,54,34,20
4782,Captaïn,twisting-nether,1816,druid,balance,36,27,9
4783,Lunahu,argent-dawn,1816,druid,balance,72,42,30
4784,Astrobazooka,stormreaver,1815,druid,balance,77,48,29
4785,Миртлэкшн,gordunni,1815,druid,balance,71,38,33
4786,Wrathgodx,aegwynn,1814,druid,balance,36,24,12
4787,Dudukid,nemesis,1814,druid,balance,78,39,39
4788,Hyac,the-maelstrom,1811,druid,balance,36,26,10
4789,Flanders,blackrock,1811,druid,balance,36,25,11
4790,Bashmac,mugthol,1811,druid,balance,72,49,23
4791,Juicypus,ragnaros,1809,druid,balance,48,29,19
4792,Ferawri,draenor,1808,druid,balance,42,24,18
4793,Scaleo,stormreaver,1808,druid,balance,90,48,42
4794,Icek,outland,1806,druid,balance,54,33,21
4795,Solariah,garona,1804,druid,balance,143,84,59
4796,Cøntrol,argent-dawn,1804,druid,balance,60,34,26
4797,Ruetinjeri,blackmoore,1804,druid,balance,73,38,35
4798,Pvekek,stormscale,1801,druid,balance,38,25,13
4799,Geîl,blackrock,1801,druid,balance,42,24,18
4800,Punxybear,ravencrest,1798,druid,balance,192,97,95
4801,Narq,sylvanas,1792,druid,balance,54,32,22
4802,Andreud,dunemaul,1788,druid,balance,71,33,38
4803,Ventrìx,alleria,1787,druid,balance,84,43,41
4804,Longhornjohn,ragnaros,1784,druid,balance,58,33,25
4805,Trekkertt,zuljin,1784,druid,balance,53,28,25
4806,Euphørie,twisting-nether,1783,druid,balance,163,94,69
4807,Kjøttberit,moonglade,1775,druid,balance,30,23,7
4808,Darktigrou,archimonde,1775,druid,balance,30,21,9
4809,Zkrd,kazzak,1774,druid,balance,61,33,28
4810,Gehrkehotter,silvermoon,1773,druid,balance,84,54,30
4811,Xyzy,burning-legion,1770,druid,balance,72,38,34
4812,Dyroxs,twisting-nether,1770,druid,balance,89,44,45
4813,Abyssaldepth,ravencrest,1768,druid,balance,84,58,26
4814,Kirexz,blackrock,1767,druid,balance,36,27,9
4815,Shiftowl,tarren-mill,1766,druid,balance,36,25,11
4816,Mirynn,elune,1766,druid,balance,127,64,63
4817,Bøøstèdtréè,ravencrest,1765,druid,balance,60,38,22
4818,Starsy,frostmane,1764,druid,balance,42,20,22
4819,Сосисосочка,gordunni,1763,druid,balance,48,23,25
4820,Ccoco,aegwynn,1761,druid,balance,36,24,12
4821,Neirdá,hyjal,1760,druid,balance,161,87,74
4822,Jenovas,argent-dawn,1759,druid,balance,57,30,27
4823,Escaa,stormscale,1757,druid,balance,36,21,15
4824,Babynaty,ravencrest,1756,druid,balance,158,77,81
4825,Gudñ,tarren-mill,1751,druid,balance,53,32,21
4826,Kørra,dun-modr,1747,druid,balance,55,34,21
4827,Shàal,ysondre,1747,druid,balance,59,32,27
4828,Ånaðeårmas,outland,1746,druid,balance,77,47,30
4829,Sylvy,dun-modr,1746,druid,balance,100,55,45
4830,Mochiløxz,tarren-mill,1745,druid,balance,68,44,24
4831,Yuhor,outland,1745,druid,balance,112,64,48
4832,Limme,ravencrest,1741,druid,balance,46,32,14
4833,Meowmf,silvermoon,1739,druid,balance,60,39,21
4834,Dràkàn,dethecus,1739,druid,balance,42,24,18
4835,Gallokiriko,zuljin,1738,druid,balance,66,32,34
4836,Qtrly,ravencrest,1737,druid,balance,44,21,23
4837,Fuzzylol,haomarush,1736,druid,balance,41,24,17
4838,Connorz,blackmoore,1735,druid,balance,42,25,17
4839,Bigbaddream,stormscale,1733,druid,balance,60,34,26
4840,Трэйкотик,blackscar,1728,druid,balance,53,32,21
4841,Pultsarí,tarren-mill,1725,druid,balance,39,24,15
4842,Pouletqt,archimonde,1723,druid,balance,42,21,21
4843,Bumkin,bloodhoof,1722,druid,balance,36,21,15
4844,Boomjutzu,kazzak,1721,druid,balance,30,18,12
4845,Calê,blackrock,1720,druid,balance,69,44,25
4846,Hugeragê,stormreaver,1719,druid,balance,71,33,38
4847,Kalgarm,burning-legion,1719,druid,balance,66,29,37
4848,Quadpulse,ravencrest,1718,druid,balance,36,18,18
4849,Elissian,silvermoon,1717,druid,balance,155,84,71
4850,Pwnylol,teldrassil,1716,druid,balance,64,43,21
4851,Подпивасникх,gordunni,1715,druid,balance,30,20,10
4852,Онличикен,gordunni,1714,druid,balance,108,54,54
4853,Владибой,gordunni,1712,druid,balance,36,18,18
4854,Bîjaqt,blackmoore,1710,druid,balance,30,18,12
4855,Ахисса,gordunni,1709,druid,balance,48,24,24
4856,Shreedex,blackmoore,1707,druid,balance,54,37,17
4857,Linkin,azshara,1704,druid,balance,102,53,49
4858,Naturez,sylvanas,1704,druid,balance,74,37,37
4859,Травкер,howling-fjord,1702,druid,balance,197,93,104
4860,Neufcinqq,archimonde,1700,druid,balance,39,26,13
4861,Thardruid,stormscale,1699,druid,balance,72,42,30
4862,Drutro,hellfire,1699,druid,balance,42,23,19
4863,Htxo,kazzak,1698,druid,balance,30,18,12
4864,Raykk,culte-de-la-rive-noire,1696,druid,balance,30,18,12
4865,Kaabeedo,ravencrest,1696,druid,balance,42,23,19
4866,Pyaw,kazzak,1693,druid,balance,48,30,18
4867,Starcowx,ragnaros,1692,druid,balance,51,27,24
4868,Melyssea,argent-dawn,1691,druid,balance,41,23,18
4869,Pneuma,xavius,1691,druid,balance,111,62,49
4870,Néxct,stormscale,1688,druid,balance,36,22,14
4871,Gambós,kazzak,1687,druid,balance,29,18,11
4872,Kenzia,stormrage,1687,druid,balance,30,18,12
4873,Zerozerosex,archimonde,1686,druid,balance,54,25,29
4874,Güccïmane,twisting-nether,1685,druid,balance,72,53,19
4875,Shakso,stormscale,1683,druid,balance,36,21,15
4876,Лёхалепеха,gordunni,1682,druid,balance,48,29,19
4877,Mäismz,hyjal,1680,druid,balance,48,34,14
4878,Leqt,ravencrest,1680,druid,balance,48,29,19
4879,Macron,terokkar,1677,druid,balance,52,30,22
4880,Highonfire,grim-batol,1676,druid,balance,60,41,19
4881,Nassii,antonidas,1675,druid,balance,96,61,35
4882,Wrldx,twisting-nether,1673,druid,balance,54,31,23
4883,Сибирячечка,greymane,1672,druid,balance,89,48,41
4884,Alxzdru,auchindoun,1671,druid,balance,51,36,15
4885,Мэдикейт,soulflayer,1668,druid,balance,54,33,21
4886,Drcaøs,sanguino,1668,druid,balance,84,47,37
4887,Æøøm,blackmoore,1667,druid,balance,89,48,41
4888,Esrín,the-maelstrom,1667,druid,balance,84,45,39
4889,Kribie,aegwynn,1663,druid,balance,30,20,10
4890,Даена,razuvious,1662,druid,balance,24,19,5
4891,Ahuevshiy,wildhammer,1662,druid,balance,36,25,11
4892,Millions,tarren-mill,1661,druid,balance,61,40,21
4893,Cyriaan,eredar,1660,druid,balance,81,44,37
4894,Jøkèr,outland,1660,druid,balance,41,22,19
4895,Shapeshift,sanguino,1659,druid,balance,62,34,28
4896,Møømøø,tarren-mill,1658,druid,balance,30,18,12
4897,Kaïnak,dalaran,1657,druid,balance,48,25,23
4898,Jamzydruid,kazzak,1657,druid,balance,72,37,35
4899,Shaakm,nerathor,1656,druid,balance,54,32,22
4900,Jaycutler,archimonde,1655,druid,balance,66,34,32
4901,Mendorin,stormrage,1654,druid,balance,60,33,27
4902,Svend,kazzak,1653,druid,balance,59,36,23
4903,Tuttu,kazzak,1651,druid,balance,36,19,17
4904,Dreathqt,twisting-nether,1651,druid,balance,66,28,38
4905,Oommis,outland,1649,druid,balance,42,23,19
4906,Justyo,archimonde,1648,druid,balance,29,22,7
4907,Troc,karazhan,1648,druid,balance,30,21,9
4908,Snøø,frostwolf,1647,druid,balance,48,25,23
4909,Grisdrood,draenor,1647,druid,balance,155,79,76
4910,Xora,kazzak,1646,druid,balance,143,72,71
4911,Ampdru,ravencrest,1644,druid,balance,23,18,5
4912,Hyunâ,dalaran,1644,druid,balance,42,27,15
4913,Twitchmoney,archimonde,1643,druid,balance,32,24,8
4914,Øffroadz,blackmoore,1643,druid,balance,30,20,10
4915,Panpanqcul,archimonde,1643,druid,balance,46,29,17
4916,Pradasurge,ravencrest,1642,druid,balance,149,81,68
4917,Ploho,blackmoore,1642,druid,balance,39,19,20
4918,Mqs,stormscale,1641,druid,balance,39,27,12
4919,Хотдиллер,howling-fjord,1639,druid,balance,30,20,10
4920,Zapx,hyjal,1639,druid,balance,90,50,40
4921,Yarinai,blackmoore,1637,druid,balance,54,29,25
4922,Obrys,tarren-mill,1637,druid,balance,42,21,21
4923,Bambye,stormscale,1636,druid,balance,42,28,14
4924,Grafíx,blackrock,1636,druid,balance,30,18,12
4925,Derfaï,kaelthas,1636,druid,balance,41,21,20
4926,Deví,twilights-hammer,1634,druid,balance,48,30,18
4927,Elunælle,les-sentinelles,1634,druid,balance,39,24,15
4928,Naturalbeef,argent-dawn,1634,druid,balance,40,22,18
4929,Settembre,ragnaros,1633,druid,balance,33,22,11
4930,Слоич,howling-fjord,1632,druid,balance,51,23,28
4931,Rekked,alleria,1631,druid,balance,42,23,19
4932,Masakrelol,sanguino,1631,druid,balance,36,18,18
4933,Squirtdogx,drakthul,1630,druid,balance,30,17,13
4934,Hotsincee,stormscale,1629,druid,balance,71,41,30
4935,Èøèøèøèøè,stormscale,1627,druid,balance,18,17,1
4936,Legitx,dentarg,1627,druid,balance,42,22,20
4937,Ööh,outland,1624,druid,balance,30,17,13
4938,Зетзул,grom,1624,druid,balance,197,101,96
4939,Amoveo,argent-dawn,1623,druid,balance,51,31,20
4940,Лсдспайсы,soulflayer,1623,druid,balance,36,21,15
4941,Çhîñêséðrüîð,kazzak,1623,druid,balance,36,21,15
4942,Durkdriven,kazzak,1623,druid,balance,45,24,21
4943,Kåmen,ravenholdt,1620,druid,balance,91,53,38
4944,Kabôôm,stormscale,1620,druid,balance,30,17,13
4945,Moonzysunzy,sylvanas,1620,druid,balance,30,17,13
4946,Landesverrat,kazzak,1619,druid,balance,24,21,3
4947,Nastyclones,kazzak,1619,druid,balance,24,17,7
4948,Blanoz,ravencrest,1619,druid,balance,42,17,25
4949,Whisker,outland,1618,druid,balance,24,17,7
4950,Youngdinozzo,dalaran,1618,druid,balance,35,23,12
4951,Ícekiss,hyjal,1617,druid,balance,30,24,6
4952,Друлякич,gordunni,1617,druid,balance,30,17,13
4953,Kabuul,dun-modr,1616,druid,balance,89,54,35
4954,Ryuzu,aegwynn,1616,druid,balance,79,45,34
4955,Âlhajillo,dun-modr,1615,druid,balance,30,17,13
4956,Stepgødx,twisting-nether,1614,druid,balance,36,17,19
4957,Hilom,grim-batol,1613,druid,balance,30,18,12
4958,Exilara,twisting-nether,1612,druid,balance,61,38,23
4959,Cptnclone,blackmoore,1612,druid,balance,60,30,30
4960,Hornykarenn,bladefist,1611,druid,balance,24,17,7
4961,Pëchy,aggra-português,1611,druid,balance,54,33,21
4962,Xenuss,kazzak,1611,druid,balance,36,22,14
4963,Trinket,frostmane,1610,druid,balance,30,23,7
4964,Вбг,soulflayer,1610,druid,balance,30,17,13
4965,Аласторвов,deathweaver,1610,druid,balance,60,28,32
4966,Deadmeøw,outland,1609,druid,balance,34,21,13
4967,Större,twisting-nether,1607,druid,balance,42,28,14
4968,Slahnesh,aegwynn,1607,druid,balance,36,20,16
4969,Doncy,ragnaros,1607,druid,balance,54,24,30
4970,Ryng,nagrand,1606,druid,balance,60,41,19
4971,Porzi,eredar,1606,druid,balance,66,41,25
4972,Lillevän,tarren-mill,1606,druid,balance,30,18,12
4973,Teaser,dun-modr,1606,druid,balance,48,26,22
4974,Scamlafsen,ragnaros,1606,druid,balance,42,22,20
4975,Milkywáys,draenor,1606,druid,balance,106,55,51
4976,Neverpanic,stormscale,1605,druid,balance,30,21,9
4977,Hashishi,grim-batol,1605,druid,balance,60,34,26
4978,Kkona,silvermoon,1605,druid,balance,71,37,34
4979,Isylia,twisting-nether,1605,druid,balance,72,36,36
4980,Угощаюх,howling-fjord,1604,druid,balance,24,17,7
4981,Goom,rexxar,1602,druid,balance,168,101,67
4982,Rá,outland,1599,druid,balance,28,21,7
4983,Bigtouch,draenor,1597,druid,balance,54,31,23
4984,Horadruid,silvermoon,1596,druid,balance,196,110,86
4985,Zhof,ravencrest,1596,druid,balance,100,50,50
4986,Eärendir,ravencrest,1595,druid,balance,84,47,37
4987,Каралесер,gordunni,1594,druid,balance,91,50,41
4988,Malfurien,magtheridon,1593,druid,balance,30,17,13
4989,Balanc,ragnaros,1592,druid,balance,83,44,39
4990,Suprachybre,arathi,1591,druid,balance,24,18,6
4991,Saltymoo,tarren-mill,1589,druid,balance,41,24,17
4992,Ôp,aegwynn,1589,druid,balance,65,31,34
4993,Xä,bloodscalp,1587,druid,balance,159,86,73
4994,Veyronn,burning-legion,1586,druid,balance,48,25,23
4995,Happybear,outland,1583,druid,balance,57,42,15
4996,Iamobito,blackmoore,1582,druid,balance,30,18,12
4997,Píøøx,tarren-mill,1580,druid,balance,60,36,24
4998,Yinx,darksorrow,1580,druid,balance,30,17,13
4999,Kokslina,sylvanas,1580,druid,balance,35,17,18
5000,Malvakten,kazzak,1579,druid,balance,116,54,62
5001,Ittei,korgall,1575,druid,balance,36,22,14
5002,Merawr,ravencrest,1573,druid,balance,129,66,63
5003,Сансплэш,lich-king,1572,druid,balance,24,20,4
5004,Kaalil,argent-dawn,1572,druid,balance,36,19,17
5005,Rasgath,kazzak,1570,druid,balance,130,78,52
5006,Alamâ,madmortem,1570,druid,balance,36,17,19
5007,Stinkyicky,sylvanas,1569,druid,balance,36,25,11
5008,Bôoze,nathrezim,1569,druid,balance,36,19,17
5009,Kënzo,ravencrest,1568,druid,balance,30,21,9
5010,Ðrpressure,blackrock,1568,druid,balance,84,56,28
5011,Bobcup,tarren-mill,1567,druid,balance,68,38,30
5012,Obsessíon,kazzak,1566,druid,balance,30,17,13
5013,Izzi,arathor,1562,druid,balance,48,28,20
5014,Elodìa,antonidas,1561,druid,balance,30,21,9
5015,Hotlife,ravencrest,1559,druid,balance,55,29,26
5016,Starcrash,amanthul,1559,druid,balance,60,28,32
5017,Frikolina,outland,1558,druid,balance,63,32,31
5018,Rode,magtheridon,1556,druid,balance,105,61,44
5019,Carismatic,blackmoore,1555,druid,balance,206,109,97
5020,Sweetner,outland,1553,druid,balance,52,34,18
5021,Pewpewdruid,blackmoore,1553,druid,balance,48,27,21
5022,Taylorshîft,burning-legion,1553,druid,balance,42,18,24
5023,Tâliah,silvermoon,1551,druid,balance,30,18,12
5024,Баттнэйкед,gordunni,1551,druid,balance,83,41,42
5025,Cantdonothig,ravencrest,1550,druid,balance,90,50,40
5026,Wildmistake,argent-dawn,1550,druid,balance,35,17,18
5027,Potatodru,ragnaros,1549,druid,balance,30,17,13
5028,Грибомания,soulflayer,1548,druid,balance,35,18,17
5029,Azurai,blackmoore,1544,druid,balance,42,22,20
5030,Algír,argent-dawn,1539,druid,balance,107,53,54
5031,Lazerbinks,blackmoore,1536,druid,balance,29,18,11
5032,Jazzme,aegwynn,1535,druid,balance,24,16,8
5033,Druidflight,ravencrest,1534,druid,balance,48,24,24
5034,Maaw,tarren-mill,1533,druid,balance,42,23,19
5035,Pyqmi,stormscale,1531,druid,balance,30,22,8
5036,Leathy,eredar,1531,druid,balance,48,29,19
5037,Majokz,ravencrest,1529,druid,balance,70,34,36
5038,Ljóskan,kazzak,1528,druid,balance,36,16,20
5039,Ðelix,ysera,1527,druid,balance,56,33,23
5040,Lisbethqt,nemesis,1523,druid,balance,24,16,8
5041,Eddiethepunk,ravencrest,1520,druid,balance,44,29,15
5042,Chansnax,thrall,1519,druid,balance,52,29,23
5043,Exca,stormscale,1519,druid,balance,54,28,26
5044,Whiskers,emerald-dream,1518,druid,balance,49,26,23
5045,Brainjuice,blackrock,1517,druid,balance,30,16,14
5046,Døttore,garona,1517,druid,balance,80,38,42
5047,Ylmh,archimonde,1516,druid,balance,24,16,8
5048,Aleza,tarren-mill,1516,druid,balance,27,17,10
5049,Elrroir,dun-modr,1516,druid,balance,42,24,18
5050,Brokul,kazzak,1516,druid,balance,48,25,23
5051,Муниня,gordunni,1515,druid,balance,54,30,24
5052,Cowgurl,stormscale,1511,druid,balance,30,16,14
5053,Opla,nethersturm,1510,druid,balance,40,27,13
5054,Detü,blackrock,1509,druid,balance,28,17,11
5055,Goüsta,archimonde,1509,druid,balance,42,24,18
5056,Whythis,archimonde,1507,druid,balance,52,27,25
5057,Druidka,grim-batol,1507,druid,balance,42,20,22
5058,Мунстрайк,borean-tundra,1505,druid,balance,23,16,7
5059,Gurudru,tarren-mill,1505,druid,balance,96,41,55
5060,Hollymedx,blackmoore,1504,druid,balance,44,26,18
5061,Gstahr,taerar,1504,druid,balance,48,25,23
5062,Suevlaki,ragnaros,1500,druid,balance,91,54,37
5063,Trylune,blackmoore,1498,druid,balance,30,17,13
5064,Uptoyou,defias-brotherhood,1497,druid,balance,47,28,19
5065,Winarchikxxl,tarren-mill,1497,druid,balance,110,57,53
5066,Thcpositiv,aegwynn,1496,druid,balance,42,16,26
5067,Gorthunx,kazzak,1494,druid,balance,28,19,9
5068,Гнетея,howling-fjord,1494,druid,balance,53,30,23
5069,Храш,gordunni,1493,druid,balance,23,16,7
5070,Бамболони,gordunni,1492,druid,balance,50,33,17
5071,Yiradur,stormscale,1491,druid,balance,61,33,28
5072,Diggear,doomhammer,1490,druid,balance,24,16,8
5073,Quorn,pozzo-delleternità,1489,druid,balance,59,28,31
5074,Cupoftea,drakthul,1488,druid,balance,59,35,24
5075,Dematos,forscherliga,1487,druid,balance,78,46,32
5076,Niul,aegwynn,1486,druid,balance,104,58,46
5077,Arkatt,outland,1482,druid,balance,36,24,12
5078,Kolt,rajaxx,1481,druid,balance,62,32,30
5079,Mahist,archimonde,1479,druid,balance,42,26,16
5080,Halouest,archimonde,1478,druid,balance,41,21,20
5081,Demonbalance,silvermoon,1477,druid,balance,52,33,19
5082,Zømßie,outland,1477,druid,balance,50,25,25
5083,Sodapop,aszune,1475,druid,balance,77,45,32
5084,Moffwastaken,kazzak,1473,druid,balance,90,41,49
5085,Kbdd,outland,1472,druid,balance,36,16,20
5086,Kubzii,archimonde,1469,druid,balance,30,16,14
5087,Telbo,ravencrest,1467,druid,balance,30,16,14
5088,Knuffle,eredar,1463,druid,balance,52,31,21
5089,Sagezza,draenor,1463,druid,balance,36,18,18
5090,Monkeynight,ambossar,1462,druid,balance,29,16,13
5091,Meatwallet,defias-brotherhood,1460,druid,balance,41,24,17
5092,Primdâhl,ravencrest,1459,druid,balance,60,31,29
5093,Fiomy,blackhand,1458,druid,balance,47,36,11
5094,Farmerone,tarren-mill,1458,druid,balance,84,51,33
5095,Itadorikun,silvermoon,1456,druid,balance,43,29,14
5096,Dabudi,kazzak,1455,druid,balance,57,32,25
5097,Viverion,ravencrest,1454,druid,balance,42,22,20
5098,Guthíx,silvermoon,1451,druid,balance,54,24,30
5099,Aègon,ravencrest,1450,druid,balance,67,37,30
5100,Brandyballix,twisting-nether,1450,druid,balance,47,21,26
5101,Aik,gorgonnash,1448,druid,balance,60,30,30
5102,Грандал,howling-fjord,1448,druid,balance,40,17,23
5103,Tawaraki,outland,1444,druid,balance,156,84,72
5104,Мантоя,gordunni,1443,druid,balance,59,34,25
5105,Dudana,argent-dawn,1441,druid,balance,48,29,19
5106,Chillerin,draenor,1440,druid,balance,36,19,17
5107,Duridlol,nemesis,1439,druid,balance,18,15,3
5108,Lappe,stormreaver,1439,druid,balance,30,15,15
5109,Ferraridudux,ravencrest,1437,druid,balance,18,15,3
5110,Magiskeforme,draenor,1437,druid,balance,26,19,7
5111,Duskdawn,xavius,1436,druid,balance,30,16,14
5112,Hillarious,blackmoore,1435,druid,balance,29,18,11
5113,Restromide,ravencrest,1432,druid,balance,30,15,15
5114,Skywíng,stormscale,1432,druid,balance,42,19,23
5115,Tonutc,sanguino,1430,druid,balance,51,25,26
5116,Ibnform,archimonde,1429,druid,balance,18,15,3
5117,Cmfg,blackrock,1429,druid,balance,21,16,5
5118,Wildanomaly,argent-dawn,1429,druid,balance,52,25,27
5119,Kazuid,argent-dawn,1428,druid,balance,38,24,14
5120,Neova,dun-modr,1428,druid,balance,51,28,23
5121,Sequisha,tarren-mill,1427,druid,balance,24,15,9
5122,Ziele,the-maelstrom,1427,druid,balance,28,17,11
5123,Crackfat,stormscale,1426,druid,balance,30,20,10
5124,Seboom,outland,1426,druid,balance,42,25,17
5125,Spaceshift,magtheridon,1426,druid,balance,45,26,19
5126,Seudoz,silvermoon,1425,druid,balance,36,21,15
5127,Däkk,draenor,1425,druid,balance,72,32,40
5128,Rilak,nordrassil,1424,druid,balance,30,18,12
5129,Czarnykocur,burning-legion,1424,druid,balance,66,38,28
5130,Anabola,frostwhisper,1423,druid,balance,24,15,9
5131,Inghlo,blackmoore,1423,druid,balance,53,29,24
5132,Dantet,the-maelstrom,1421,druid,balance,30,15,15
5133,Pawel,defias-brotherhood,1421,druid,balance,54,23,31
5134,Petiteorange,archimonde,1420,druid,balance,24,16,8
5135,Fransman,sylvanas,1419,druid,balance,41,19,22
5136,Kanataka,stormscale,1418,druid,balance,48,29,19
5137,Shuffey,frostmane,1418,druid,balance,39,21,18
5138,Sqoopy,tarren-mill,1417,druid,balance,18,15,3
5139,Carebearlol,frostmane,1416,druid,balance,42,17,25
5140,Irishdemón,ravencrest,1415,druid,balance,78,43,35
5141,Hypam,archimonde,1413,druid,balance,42,19,23
5142,Ххансолл,gordunni,1411,druid,balance,90,53,37
5143,Mogi,pozzo-delleternità,1411,druid,balance,69,32,37
5144,Sefinana,malganis,1411,druid,balance,81,33,48
5145,Strinx,ragnaros,1406,druid,balance,60,39,21
5146,Madhatterr,kazzak,1406,druid,balance,48,28,20
5147,Fruitdealer,antonidas,1404,druid,balance,36,20,16
5148,Fantomasik,drakthul,1401,druid,balance,93,41,52
5149,Blackfür,sylvanas,1401,druid,balance,74,32,42
5150,Boomalot,auchindoun,1399,druid,balance,48,25,23
5151,Asterism,stormscale,1397,druid,balance,105,57,48
5152,Редмун,soulflayer,1395,druid,balance,54,28,26
5153,Kylaaz,die-ewige-wacht,1394,druid,balance,27,16,11
5154,Nujus,kazzak,1394,druid,balance,30,15,15
5155,Almrudi,blackrock,1394,druid,balance,36,16,20
5156,Rassia,blackrock,1393,druid,balance,24,15,9
5157,Kénshin,blackhand,1392,druid,balance,30,15,15
5158,Chäz,sanguino,1389,druid,balance,26,18,8
5159,Møønhorn,nemesis,1386,druid,balance,68,31,37
5160,Джоннчек,gordunni,1385,druid,balance,40,26,14
5161,Ðiàblos,nemesis,1383,druid,balance,66,39,27
5162,Lyø,draenor,1380,druid,balance,30,18,12
5163,Cptsponksa,tarren-mill,1380,druid,balance,30,16,14
5164,Rbgbear,blackhand,1379,druid,balance,41,22,19
5165,Rédbull,outland,1379,druid,balance,70,36,34
5166,Séxycàt,ravencrest,1378,druid,balance,69,35,34
5167,Stìck,archimonde,1377,druid,balance,41,23,18
5168,Wize,pozzo-delleternità,1377,druid,balance,44,20,24
5169,Rexiehunty,aszune,1376,druid,balance,59,28,31
5170,Тёмныйзверь,borean-tundra,1373,druid,balance,84,43,41
5171,Bløødax,hyjal,1372,druid,balance,130,63,67
5172,Hackamore,archimonde,1371,druid,balance,36,16,20
5173,Pø,blackrock,1371,druid,balance,59,26,33
5174,Darksbear,draenor,1368,druid,balance,24,16,8
5175,Drøøkîé,antonidas,1368,druid,balance,66,37,29
5176,Шубаиздуба,howling-fjord,1368,druid,balance,42,22,20
5177,Pøpp,archimonde,1367,druid,balance,23,15,8
5178,Arreton,silvermoon,1365,druid,balance,22,15,7
5179,Shìrò,kelthuzad,1365,druid,balance,48,24,24
5180,Frodds,grim-batol,1363,druid,balance,18,16,2
5181,Heanra,frostmane,1363,druid,balance,35,22,13
5182,Insølitø,sanguino,1363,druid,balance,63,32,31
5183,Zhroomx,blackmoore,1351,druid,balance,44,20,24
5184,Кекичшрекич,soulflayer,1349,druid,balance,42,20,22
5185,Ketama,sylvanas,1346,druid,balance,30,16,14
5186,Felysae,kazzak,1344,druid,balance,18,14,4
5187,Bum,ravencrest,1344,druid,balance,18,14,4
5188,Divref,tarren-mill,1343,druid,balance,18,14,4
5189,Lilpumpz,outland,1343,druid,balance,24,14,10
5190,Broxisqt,blackrock,1343,druid,balance,24,14,10
5191,Krtt,tarren-mill,1343,druid,balance,105,47,58
5192,Rosskemp,tarren-mill,1342,druid,balance,18,14,4
5193,Suppencaster,frostwolf,1342,druid,balance,18,14,4
5194,Pôpcorn,ragnaros,1342,druid,balance,54,33,21
5195,Björnskift,tarren-mill,1341,druid,balance,24,14,10
5196,Ravneskrig,ravencrest,1340,druid,balance,18,14,4
5197,Альмазар,lich-king,1339,druid,balance,48,25,23
5198,Kalthazar,twisting-nether,1338,druid,balance,24,14,10
5199,Hadoukan,ravencrest,1337,druid,balance,35,21,14
5200,Insanexp,antonidas,1336,druid,balance,18,14,4
5201,Nuqa,thrall,1336,druid,balance,21,15,6
5202,Artío,the-maelstrom,1335,druid,balance,39,21,18
5203,Chrevarraige,saurfang,1335,druid,balance,90,47,43
5204,Забурсчу,howling-fjord,1333,druid,balance,30,20,10
5205,Soward,la-croisade-écarlate,1331,druid,balance,38,17,21
5206,Oiseth,tarren-mill,1331,druid,balance,36,15,21
5207,Velnens,shattered-halls,1330,druid,balance,42,21,21
5208,Sanaponic,burning-legion,1329,druid,balance,24,14,10
5209,Shyngodx,archimonde,1329,druid,balance,24,14,10
5210,Hisoca,tarren-mill,1328,druid,balance,49,28,21
5211,Бонони,booty-bay,1328,druid,balance,30,14,16
5212,Wazam,kazzak,1325,druid,balance,26,19,7
5213,Druiddamage,the-maelstrom,1321,druid,balance,176,92,84
5214,Экстазиус,borean-tundra,1321,druid,balance,42,14,28
5215,Wildthing,blackmoore,1316,druid,balance,44,25,19
5216,Megaball,sylvanas,1314,druid,balance,66,39,27
5217,Silvix,blackrock,1314,druid,balance,30,14,16
5218,Seysso,silvermoon,1313,druid,balance,60,25,35
5219,Nøny,gorgonnash,1311,druid,balance,24,14,10
5220,Fhi,antonidas,1310,druid,balance,36,21,15
5221,Klappskaft,outland,1309,druid,balance,23,14,9
5222,Likwidator,stormscale,1307,druid,balance,36,18,18
5223,Haginator,twisting-nether,1306,druid,balance,90,43,47
5224,Convokeboost,archimonde,1305,druid,balance,65,42,23
5225,Solarian,ravencrest,1304,druid,balance,42,26,16
5226,Adizero,blackrock,1303,druid,balance,25,15,10
5227,Asinistar,ravencrest,1303,druid,balance,26,15,11
5228,Шадарлогот,gordunni,1300,druid,balance,90,52,38
5229,Droodfarm,hyjal,1300,druid,balance,46,26,20
5230,Callmev,hyjal,1294,druid,balance,18,14,4
5231,Mayhh,ragnaros,1294,druid,balance,79,45,34
5232,Xclonedotcom,aegwynn,1289,druid,balance,30,19,11
5233,Quiksx,blackrock,1286,druid,balance,43,20,23
5234,Storpboom,drakthul,1285,druid,balance,66,37,29
5235,Thielyy,blackmoore,1284,druid,balance,24,15,9
5236,Myex,exodar,1280,druid,balance,30,14,16
5237,Slurmms,sylvanas,1278,druid,balance,114,70,44
5238,Corrupthz,outland,1276,druid,balance,23,14,9
5239,Meezy,ragnaros,1273,druid,balance,30,15,15
5240,Àsúnâ,eredar,1272,druid,balance,42,15,27
5241,Chugs,draenor,1271,druid,balance,30,16,14
5242,Hardí,tarren-mill,1268,druid,balance,60,28,32
5243,Rektjin,stormscale,1266,druid,balance,36,15,21
5244,Melyo,blackmoore,1265,druid,balance,36,21,15
5245,Druidere,outland,1262,druid,balance,54,23,31
5246,Sheâ,nemesis,1261,druid,balance,73,38,35
5247,Zeifana,khaz-modan,1260,druid,balance,24,15,9
5248,Нэйроуз,howling-fjord,1259,druid,balance,77,40,37
5249,Vaizier,defias-brotherhood,1259,druid,balance,48,22,26
5250,Ilovedruid,forscherliga,1259,druid,balance,34,15,19
5251,Fillet,aggra-português,1257,druid,balance,20,15,5
5252,Buhuu,blackmoore,1256,druid,balance,30,14,16
5253,Rullader,draenor,1255,druid,balance,36,23,13
5254,Киллиманжаро,howling-fjord,1254,druid,balance,96,45,51
5255,Medreas,argent-dawn,1253,druid,balance,71,46,25
5256,Tygra,blackrock,1248,druid,balance,18,13,5
5257,Superchïcken,archimonde,1247,druid,balance,24,13,11
5258,Valijan,blackrock,1247,druid,balance,28,14,14
5259,Triskelion,burning-legion,1246,druid,balance,18,13,5
5260,Ymagyne,frostmane,1246,druid,balance,24,13,11
5261,Beanery,aegwynn,1245,druid,balance,18,13,5
5262,Frenkoz,outland,1244,druid,balance,18,13,5
5263,Hotdóts,outland,1244,druid,balance,18,13,5
5264,Матумбо,razuvious,1244,druid,balance,192,89,103
5265,Eranor,archimonde,1243,druid,balance,18,13,5
5266,Kroaxs,draenor,1243,druid,balance,30,16,14
5267,Smittly,bloodhoof,1243,druid,balance,36,17,19
5268,Sazo,elune,1242,druid,balance,24,13,11
5269,Kittyboomy,burning-blade,1242,druid,balance,63,30,33
5270,Kl,archimonde,1242,druid,balance,30,13,17
5271,Hirmo,ragnaros,1238,druid,balance,24,13,11
5272,Vulyr,outland,1237,druid,balance,36,17,19
5273,Fouser,shattered-hand,1235,druid,balance,24,13,11
5274,Жизэ,galakrond,1234,druid,balance,18,13,5
5275,Lèafy,silvermoon,1234,druid,balance,25,13,12
5276,Мунмунмун,gordunni,1229,druid,balance,43,19,24
5277,Patchlølx,blackmoore,1228,druid,balance,21,15,6
5278,Psycloniac,ravencrest,1228,druid,balance,24,13,11
5279,Limmiited,ravencrest,1228,druid,balance,36,19,17
5280,Vrill,kazzak,1228,druid,balance,75,38,37
5281,Oxox,defias-brotherhood,1227,druid,balance,24,14,10
5282,Santoniq,dun-morogh,1225,druid,balance,96,42,54
5283,Notmyfriend,sylvanas,1224,druid,balance,23,16,7
5284,Smuktøs,twisting-nether,1224,druid,balance,24,15,9
5285,Restouz,twisting-nether,1220,druid,balance,33,14,19
5286,Àlec,silvermoon,1217,druid,balance,114,61,53
5287,Fantaclause,tarren-mill,1215,druid,balance,88,41,47
5288,Vasilona,sanguino,1211,druid,balance,24,13,11
5289,Cagaboliches,sanguino,1208,druid,balance,30,14,16
5290,Eliaster,ysondre,1204,druid,balance,30,18,12
5291,Abercrombx,thrall,1199,druid,balance,26,14,12
5292,Jeesman,sylvanas,1198,druid,balance,36,19,17
5293,Shåmssz,kazzak,1194,druid,balance,20,15,5
5294,Suitti,ravencrest,1191,druid,balance,23,13,10
5295,Chulainn,sylvanas,1181,druid,balance,24,18,6
5296,Dotclass,outland,1180,druid,balance,20,13,7
5297,Avior,eonar,1178,druid,balance,47,14,33
5298,Farodiin,blackmoore,1177,druid,balance,48,18,30
5299,Мяурицао,howling-fjord,1175,druid,balance,53,30,23
5300,Larbre,dalaran,1174,druid,balance,22,19,3
5301,Forestrun,sylvanas,1174,druid,balance,30,17,13
5302,Maelinou,archimonde,1168,druid,balance,36,19,17
5303,Стампид,blackscar,1164,druid,balance,35,15,20
5304,Wartôn,blackhand,1161,druid,balance,34,19,15
5305,Bearcosby,burning-legion,1160,druid,balance,23,13,10
5306,Northstar,sylvanas,1156,druid,balance,18,13,5
5307,Kørn,drakthul,1155,druid,balance,31,13,18
5308,Gnotten,thunderhorn,1154,druid,balance,23,13,10
5309,Conn,ravencrest,1153,druid,balance,27,16,11
5310,Boomky,blackmoore,1152,druid,balance,24,12,12
5311,Minado,outland,1151,druid,balance,12,12,0
5312,Connydor,stormscale,1151,druid,balance,18,12,6
5313,Morlán,blackmoore,1151,druid,balance,18,12,6
5314,Øwlkin,ravencrest,1151,druid,balance,24,12,12
5315,Фигарофигаро,gordunni,1149,druid,balance,18,12,6
5316,Owenwilson,twisting-nether,1149,druid,balance,18,12,6
5317,Daÿdream,ravencrest,1149,druid,balance,18,12,6
5318,Deblin,ragnaros,1148,druid,balance,41,23,18
5319,Бруан,gordunni,1148,druid,balance,35,19,16
5320,Calambius,blackhand,1148,druid,balance,24,12,12
5321,Leafsandstuf,ragnaros,1147,druid,balance,18,12,6
5322,Wolfhealer,blackmoore,1147,druid,balance,30,16,14
5323,Mnqn,ravencrest,1146,druid,balance,18,12,6
5324,Ashär,kirin-tor,1146,druid,balance,75,33,42
5325,Урркке,soulflayer,1145,druid,balance,18,12,6
5326,Ðoxi,draenor,1145,druid,balance,84,37,47
5327,Meuhtéki,hyjal,1143,druid,balance,18,12,6
5328,Duis,twilights-hammer,1143,druid,balance,24,12,12
5329,Requinymph,ravencrest,1141,druid,balance,24,12,12
5330,Loriann,twisting-nether,1141,druid,balance,75,36,39
5331,Pavesino,nemesis,1140,druid,balance,18,12,6
5332,Gardenstate,silvermoon,1139,druid,balance,30,18,12
5333,Shiotake,hyjal,1139,druid,balance,24,12,12
5334,Zoxen,nefarian,1138,druid,balance,30,12,18
5335,Mascraxx,earthen-ring,1137,druid,balance,49,22,27
5336,Дайтеполено,howling-fjord,1137,druid,balance,58,25,33
5337,Tankis,dalaran,1132,druid,balance,39,25,14
5338,Colibrix,ravencrest,1124,druid,balance,36,13,23
5339,Nømat,defias-brotherhood,1123,druid,balance,18,12,6
5340,Weisslogia,aegwynn,1120,druid,balance,36,13,23
5341,Exactt,blackrock,1119,druid,balance,36,13,23
5342,Tjoepert,azjolnerub,1117,druid,balance,72,28,44
5343,Scottparker,sylvanas,1115,druid,balance,18,12,6
5344,Braokhull,stormscale,1111,druid,balance,30,14,16
5345,Morlas,kazzak,1111,druid,balance,50,22,28
5346,Hightotem,hakkar,1104,druid,balance,29,16,13
5347,Toxida,antonidas,1096,druid,balance,34,15,19
5348,Ruberg,kazzak,1091,druid,balance,21,12,9
5349,Amalou,ravencrest,1091,druid,balance,54,27,27
5350,Vaacku,stormreaver,1082,druid,balance,22,12,10
5351,Catmøm,blackmoore,1076,druid,balance,22,12,10
5352,Alethorn,twisting-nether,1070,druid,balance,13,12,1
5353,Buckshee,doomhammer,1066,druid,balance,47,25,22
5354,Cubir,turalyon,1065,druid,balance,23,12,11
5355,Altix,blackmoore,1063,druid,balance,24,12,12
5356,Exiztenz,deathwing,1062,druid,balance,36,18,18
5357,Malammore,burning-legion,1058,druid,balance,24,18,6
5358,Исмалат,howling-fjord,1058,druid,balance,27,13,14
5359,ßoomin,tarren-mill,1056,druid,balance,18,11,7
5360,Gonyogonyo,blackmoore,1056,druid,balance,18,11,7
5361,Dakotaboomer,ravencrest,1056,druid,balance,18,11,7
5362,Broflovskii,tarren-mill,1056,druid,balance,24,11,13
5363,Drmoe,blackmoore,1055,druid,balance,15,12,3
5364,Vitaex,blackrock,1055,druid,balance,18,11,7
5365,Айрокси,blackscar,1055,druid,balance,18,11,7
5366,Huxleyys,draenor,1055,druid,balance,18,11,7
5367,Buckmysallz,archimonde,1055,druid,balance,18,11,7
5368,Stb,outland,1055,druid,balance,18,11,7
5369,Lóvebeam,ravencrest,1055,druid,balance,18,11,7
5370,Shiffe,argent-dawn,1055,druid,balance,18,11,7
5371,Yore,tichondrius,1054,druid,balance,18,11,7
5372,Saabeq,hyjal,1053,druid,balance,18,11,7
5373,Drutiful,outland,1052,druid,balance,24,11,13
5374,Taylorshift,argent-dawn,1050,druid,balance,18,11,7
5375,Bashfui,draenor,1050,druid,balance,18,11,7
5376,Bigpopp,kazzak,1050,druid,balance,18,11,7
5377,Aimwaré,ravencrest,1050,druid,balance,24,11,13
5378,Couleaf,stormscale,1049,druid,balance,13,11,2
5379,Soguu,thrall,1049,druid,balance,18,11,7
5380,Ramgis,sanguino,1049,druid,balance,24,11,13
5381,Deadmorph,ysondre,1049,druid,balance,24,11,13
5382,Skyphi,silvermoon,1048,druid,balance,18,11,7
5383,Pfandmalle,blackrock,1046,druid,balance,18,11,7
5384,Tchoubouléru,throkferoth,1045,druid,balance,36,13,23
5385,Rorugo,sanguino,1044,druid,balance,18,11,7
5386,Chúcky,twisting-nether,1044,druid,balance,21,12,9
5387,Мутаборец,howling-fjord,1043,druid,balance,32,18,14
5388,Salseo,uldum,1041,druid,balance,12,11,1
5389,Астраджет,gordunni,1039,druid,balance,24,11,13
5390,Elonax,eredar,1038,druid,balance,18,11,7
5391,Quoting,ravencrest,1038,druid,balance,23,11,12
5392,Hárty,tarren-mill,1035,druid,balance,24,11,13
5393,Anerol,arthas,1031,druid,balance,36,19,17
5394,Diepauline,aegwynn,1030,druid,balance,42,22,20
5395,Dudukush,eredar,1029,druid,balance,43,19,24
5396,Ronî,arthas,1028,druid,balance,30,11,19
5397,Кулунхе,soulflayer,1027,druid,balance,18,11,7
5398,Mianmar,silvermoon,1027,druid,balance,18,11,7
5399,Smexim,dalaran,1026,druid,balance,47,25,22
5400,Søfiaa,argent-dawn,1022,druid,balance,71,38,33
5401,Bearhugzz,outland,1022,druid,balance,95,50,45
5402,Bullmarkets,kazzak,1013,druid,balance,24,12,12
5403,ßalmain,nethersturm,1013,druid,balance,24,11,13
5404,Лякокля,soulflayer,1013,druid,balance,30,12,18
5405,Медведяра,howling-fjord,1009,druid,balance,35,16,19
5406,Yolobolo,ragnaros,1007,druid,balance,17,11,6
5407,Кашаган,howling-fjord,998,druid,balance,21,11,10
5408,Ледруд,gordunni,991,druid,balance,26,11,15
5409,Skvll,silvermoon,987,druid,balance,26,11,15
5410,Bulvai,medivh,979,druid,balance,14,11,3
5411,Kakaiy,shadowsong,971,druid,balance,60,32,28
5412,Воому,soulflayer,960,druid,balance,12,10,2
5413,Eselhirte,blackhand,960,druid,balance,12,10,2
5414,Nätsügødxqt,archimonde,960,druid,balance,12,10,2
5415,Ноунэймбич,blackscar,960,druid,balance,12,10,2
5416,Nàaz,stormscale,960,druid,balance,12,10,2
5417,Rozi,draenor,960,druid,balance,18,10,8
5418,Djfukface,ravencrest,960,druid,balance,18,10,8
5419,Feralisser,ravencrest,959,druid,balance,12,10,2
5420,Drooshy,ravencrest,959,druid,balance,15,11,4
5421,Zarune,sanguino,959,druid,balance,18,10,8
5422,Treesus,blackrock,959,druid,balance,18,10,8
5423,Tiktokstar,blackrock,959,druid,balance,18,10,8
5424,Tallu,das-konsortium,959,druid,balance,18,10,8
5425,Zeptune,tarren-mill,959,druid,balance,24,10,14
5426,Thepuma,dun-modr,958,druid,balance,12,10,2
5427,Gallorath,draenor,958,druid,balance,18,10,8
5428,Keynn,kazzak,958,druid,balance,18,10,8
5429,Хастла,galakrond,958,druid,balance,18,10,8
5430,Pèps,dalaran,958,druid,balance,18,10,8
5431,Kuhgucci,blackmoore,958,druid,balance,18,10,8
5432,Darisom,alexstrasza,958,druid,balance,135,71,64
5433,Elatadru,silvermoon,958,druid,balance,24,10,14
5434,Élán,sylvanas,958,druid,balance,24,10,14
5435,Coldleans,kazzak,957,druid,balance,12,10,2
5436,Verenai,bloodfeather,957,druid,balance,12,10,2
5437,Levéltetü,ragnaros,957,druid,balance,18,10,8
5438,Gbq,ravencrest,957,druid,balance,18,10,8
5439,Báco,dun-modr,957,druid,balance,24,10,14
5440,Andjuga,doomhammer,957,druid,balance,30,10,20
5441,Sajlol,doomhammer,955,druid,balance,18,10,8
5442,Boomzter,frostmane,955,druid,balance,24,10,14
5443,Gluqt,outland,953,druid,balance,18,10,8
5444,Bolskigg,stormreaver,953,druid,balance,24,10,14
5445,Оудин,blackscar,952,druid,balance,18,10,8
5446,Kaspurr,ravencrest,951,druid,balance,12,10,2
5447,Hypnosoad,outland,951,druid,balance,24,10,14
5448,Littleneo,ambossar,949,druid,balance,29,12,17
5449,Two,silvermoon,947,druid,balance,30,11,19
5450,Yepnesse,khaz-modan,946,druid,balance,18,10,8
5451,Certton,arakarahm,943,druid,balance,24,10,14
5452,Orchard,silvermoon,936,druid,balance,18,10,8
5453,Resthunor,draenor,935,druid,balance,18,10,8
5454,Naone,silvermoon,929,druid,balance,24,10,14
5455,Kotomer,defias-brotherhood,926,druid,balance,108,38,70
5456,Calistane,silvermoon,926,druid,balance,69,24,45
5457,Numberonebs,silvermoon,925,druid,balance,17,10,7
5458,Жибка,howling-fjord,925,druid,balance,20,11,9
5459,Mööñ,hyjal,917,druid,balance,16,11,5
5460,Cöyote,hyjal,916,druid,balance,54,28,26
5461,Суггуторр,howling-fjord,909,druid,balance,87,42,45
5462,Juvencus,twisting-nether,864,druid,balance,12,9,3
5463,Крейзикет,eversong,864,druid,balance,12,9,3
5464,Illebra,defias-brotherhood,864,druid,balance,12,9,3
5465,Yshára,darkmoon-faire,864,druid,balance,12,9,3
5466,Taurendruid,the-maelstrom,864,druid,balance,12,9,3
5467,Bakkú,ravencrest,864,druid,balance,12,9,3
5468,Tronchetto,nemesis,864,druid,balance,24,9,15
5469,Pezuñera,sanguino,863,druid,balance,12,9,3
5470,Merq,ravencrest,863,druid,balance,12,9,3
5471,Gòrgoth,pozzo-delleternità,863,druid,balance,12,9,3
5472,Füsselviech,frostwolf,863,druid,balance,12,9,3
5473,Aolynk,twisting-nether,863,druid,balance,12,9,3
5474,Empi,sanguino,863,druid,balance,18,9,9
5475,Kittyexpress,arygos,863,druid,balance,18,9,9
5476,Croquetoro,sanguino,863,druid,balance,18,9,9
5477,Pitbull,archimonde,863,druid,balance,18,9,9
5478,Zaoow,stormscale,863,druid,balance,18,9,9
5479,Bxxmkin,draenor,862,druid,balance,12,9,3
5480,Metaboss,ravencrest,862,druid,balance,18,9,9
5481,Angharradh,arthas,862,druid,balance,18,9,9
5482,Qocotte,archimonde,862,druid,balance,18,9,9
5483,Mindruid,kazzak,862,druid,balance,18,9,9
5484,Jabbah,defias-brotherhood,862,druid,balance,18,9,9
5485,Амахасла,deathweaver,861,druid,balance,12,9,3
5486,Кортанус,gordunni,861,druid,balance,15,10,5
5487,Fruntimmern,sylvanas,861,druid,balance,18,9,9
5488,Maurana,sylvanas,861,druid,balance,24,9,15
5489,Ennelle,silvermoon,860,druid,balance,12,9,3
5490,Drocos,genjuros,860,druid,balance,18,9,9
5491,Muhz,nathrezim,860,druid,balance,22,10,12
5492,Hushorde,twisting-nether,860,druid,balance,30,9,21
5493,Corias,blackmoore,859,druid,balance,30,9,21
5494,Grizzlyhills,silvermoon,856,druid,balance,12,9,3
5495,Lunably,silvermoon,855,druid,balance,18,9,9
5496,Happysw,thrall,853,druid,balance,32,9,23
5497,Tombenuit,tarren-mill,843,druid,balance,18,9,9
5498,Rockymarci,dalaran,840,druid,balance,12,9,3
5499,Tarâkings,outland,832,druid,balance,18,9,9
5500,Théodên,dalaran,830,druid,balance,128,57,71
5501,Сомеваск,deathweaver,830,druid,balance,23,9,14
5502,Pretender,arathi,829,druid,balance,22,9,13
5503,Kawaíï,frostwolf,809,druid,balance,21,10,11
5504,Bluebanana,bronzebeard,774,druid,balance,25,9,16
5505,Éatshiftndie,tarren-mill,768,druid,balance,12,8,4
5506,Celtimi,antonidas,768,druid,balance,12,8,4
5507,Pjuske,silvermoon,768,druid,balance,12,8,4
5508,Nyetoo,dun-modr,768,druid,balance,12,8,4
5509,Светдру,blackscar,768,druid,balance,12,8,4
5510,Memphiswhx,drakthul,768,druid,balance,12,8,4
5511,Rifthy,nemesis,768,druid,balance,12,8,4
5512,Elgatos,kazzak,768,druid,balance,12,8,4
5513,Клыкояр,goldrinn,768,druid,balance,12,8,4
5514,Beutow,archimonde,768,druid,balance,12,8,4
5515,Àspro,hyjal,768,druid,balance,12,8,4
5516,Pikatwo,tyrande,768,druid,balance,12,8,4
5517,Kissaey,emeriss,768,druid,balance,12,8,4
5518,Ðíør,ravencrest,768,druid,balance,12,8,4
5519,Jometatile,hyjal,768,druid,balance,12,8,4
5520,Everdreamx,arathor,768,druid,balance,12,8,4
5521,Citróne,blackrock,768,druid,balance,12,8,4
5522,Emochicken,silvermoon,768,druid,balance,15,9,6
5523,Réhagen,archimonde,768,druid,balance,18,8,10
5524,Boompjeh,chamber-of-aspects,768,druid,balance,18,8,10
5525,Friidaf,lightbringer,768,druid,balance,18,8,10
5526,Malolepszy,burning-legion,768,druid,balance,18,8,10
5527,Shroomdoom,ravencrest,768,druid,balance,18,8,10
5528,Ábomínatíon,draenor,767,druid,balance,12,8,4
5529,Aryitu,blackrock,767,druid,balance,12,8,4
5530,Kheleñ,blackrock,767,druid,balance,12,8,4
5531,Rhaf,argent-dawn,767,druid,balance,12,8,4
5532,Bigsmoké,die-aldor,767,druid,balance,12,8,4
5533,Екфта,gordunni,767,druid,balance,18,8,10
5534,Tongá,draenor,767,druid,balance,18,8,10
5535,Bogahcan,twisting-nether,767,druid,balance,18,8,10
5536,Ilovehannah,laughing-skull,767,druid,balance,18,8,10
5537,Sylindra,argent-dawn,767,druid,balance,18,8,10
5538,Alterejuv,ravencrest,767,druid,balance,18,8,10
5539,Loswochos,blackmoore,767,druid,balance,18,8,10
5540,Schebäb,blackhand,767,druid,balance,24,8,16
5541,Drazefin,twisting-nether,767,druid,balance,24,8,16
5542,Древнина,gordunni,766,druid,balance,12,8,4
5543,Whísperclaw,ravencrest,766,druid,balance,12,8,4
5544,Humanoidpt,aggra-português,766,druid,balance,12,8,4
5545,Catsgomeow,outland,766,druid,balance,18,8,10
5546,Bztémor,archimonde,766,druid,balance,18,8,10
5547,Doomkin,tichondrius,766,druid,balance,18,8,10
5548,Darthiud,outland,765,druid,balance,12,8,4
5549,When,kirin-tor,765,druid,balance,18,8,10
5550,Machie,argent-dawn,765,druid,balance,18,8,10
5551,Arenshimoon,kazzak,765,druid,balance,18,8,10
5552,Сейтил,deathguard,764,druid,balance,30,8,22
5553,Druice,tyrande,763,druid,balance,12,8,4
5554,Laiquaril,ravencrest,762,druid,balance,25,8,17
5555,Sároman,ravencrest,761,druid,balance,24,8,16
5556,Fakers,the-maelstrom,747,druid,balance,12,8,4
5557,Ddggss,ragnaros,734,druid,balance,17,8,9
5558,Aggibääm,blackhand,724,druid,balance,18,8,10
5559,Maw,hellfire,717,druid,balance,11,8,3
5560,Ærîs,garona,717,druid,balance,17,8,9
5561,Dobradoonga,exodar,713,druid,balance,15,9,6
5562,Thaiboimbyy,veknilash,708,druid,balance,27,9,18
5563,Durtidikdave,kazzak,703,druid,balance,17,8,9
5564,Rønièl,tarren-mill,702,druid,balance,11,8,3
5565,Papalegba,kilrogg,700,druid,balance,14,8,6
5566,Mazalot,kazzak,687,druid,balance,13,8,5
5567,Rofyx,twisting-nether,672,druid,balance,12,7,5
5568,Lörex,ravencrest,672,druid,balance,12,7,5
5569,Hïrøshïmå,malganis,672,druid,balance,12,7,5
5570,Lilim,culte-de-la-rive-noire,672,druid,balance,12,7,5
5571,Kÿara,khaz-modan,672,druid,balance,12,7,5
5572,Teddyxbear,nefarian,672,druid,balance,12,7,5
5573,Амераки,blackscar,672,druid,balance,12,7,5
5574,Hajlol,sylvanas,672,druid,balance,12,7,5
5575,Epicplays,sylvanas,672,druid,balance,12,7,5
5576,Trønchetto,nemesis,672,druid,balance,12,7,5
5577,Sweedrood,hyjal,672,druid,balance,12,7,5
5578,Surlax,defias-brotherhood,672,druid,balance,12,7,5
5579,Ultrapoulet,archimonde,672,druid,balance,12,7,5
5580,Thornat,chamber-of-aspects,672,druid,balance,12,7,5
5581,Shapees,sylvanas,672,druid,balance,12,7,5
5582,Okøë,marécage-de-zangar,672,druid,balance,12,7,5
5583,Mommymìlkers,archimonde,672,druid,balance,12,7,5
5584,Øsbura,silvermoon,672,druid,balance,12,7,5
5585,Twerkdabooty,azjolnerub,672,druid,balance,12,7,5
5586,Mythiaran,argent-dawn,672,druid,balance,12,7,5
5587,Deeizm,ravencrest,672,druid,balance,12,7,5
5588,Delarion,nemesis,672,druid,balance,12,7,5
5589,Yungtrappy,stormscale,672,druid,balance,12,7,5
5590,Qyoon,argent-dawn,672,druid,balance,12,7,5
5591,Tease,blackrock,672,druid,balance,12,7,5
5592,Glúingél,tarren-mill,672,druid,balance,12,7,5
5593,Criaø,blackrock,672,druid,balance,12,7,5
5594,Pansaa,stormscale,672,druid,balance,15,8,7
5595,Avimoo,tarren-mill,672,druid,balance,18,7,11
5596,Redyogurt,outland,672,druid,balance,18,7,11
5597,Núri,lordaeron,672,druid,balance,18,7,11
5598,Ravenfang,dun-modr,672,druid,balance,18,7,11
5599,Нортикус,soulflayer,672,druid,balance,18,7,11
5600,Rivella,blackrock,672,druid,balance,18,7,11
5601,Auches,argent-dawn,672,druid,balance,18,7,11
5602,Antiseptik,ysondre,671,druid,balance,12,7,5
5603,Rikayn,tarren-mill,671,druid,balance,12,7,5
5604,Alexuwu,draenor,671,druid,balance,12,7,5
5605,Hauntie,kazzak,671,druid,balance,12,7,5
5606,Feral,mazrigos,671,druid,balance,12,7,5
5607,Найадра,gordunni,671,druid,balance,12,7,5
5608,Spoco,defias-brotherhood,671,druid,balance,12,7,5
5609,Bearhúg,kazzak,671,druid,balance,18,7,11
5610,Fleq,antonidas,671,druid,balance,18,7,11
5611,Snedden,silvermoon,671,druid,balance,18,7,11
5612,Felfran,ravencrest,671,druid,balance,18,7,11
5613,Усыильвиры,soulflayer,671,druid,balance,18,7,11
5614,Fesenjon,blackhand,671,druid,balance,18,7,11
5615,Thunderzeus,mazrigos,671,druid,balance,18,7,11
5616,Taskingoman,twisting-nether,670,druid,balance,12,7,5
5617,Balzàc,ravencrest,670,druid,balance,12,7,5
5618,Fréki,ravenholdt,670,druid,balance,12,7,5
5619,Rayðii,archimonde,670,druid,balance,17,7,10
5620,Challi,nordrassil,669,druid,balance,18,7,11
5621,Sabresheep,twisting-nether,669,druid,balance,24,7,17
5622,Freshener,antonidas,665,druid,balance,12,7,5
5623,Drrestospec,tarren-mill,665,druid,balance,12,7,5
5624,Ånåphorå,archimonde,624,druid,balance,15,7,8
5625,Nille,tarren-mill,617,druid,balance,14,8,6
5626,Kidawi,frostwolf,617,druid,balance,16,8,8
5627,Dao,aegwynn,607,druid,balance,14,7,7
5628,Chadru,magtheridon,607,druid,balance,14,7,7
5629,Trollisha,mannoroth,605,druid,balance,14,7,7
5630,Bubidiblumdr,twisting-nether,605,druid,balance,16,7,9
5631,Rtfz,ravencrest,591,druid,balance,13,7,6
5632,Clonorrhea,tarren-mill,576,druid,balance,6,6,0
5633,Qpoof,sylvanas,576,druid,balance,6,6,0
5634,Ухухуня,gordunni,576,druid,balance,6,6,0
5635,Mønrøe,ravencrest,576,druid,balance,9,7,2
5636,Pælter,draenor,576,druid,balance,12,6,6
5637,Knozylg,kazzak,576,druid,balance,12,6,6
5638,Inbml,silvermoon,576,druid,balance,12,6,6
5639,Naturexbot,silvermoon,576,druid,balance,12,6,6
5640,Dyuuna,hyjal,576,druid,balance,12,6,6
5641,Zerofrenzy,hyjal,576,druid,balance,12,6,6
5642,Diolives,stormscale,576,druid,balance,12,6,6
5643,Forthis,frostmane,576,druid,balance,12,6,6
5644,Thefudge,silvermoon,576,druid,balance,12,6,6
5645,Nuggetspøwa,dalaran,576,druid,balance,12,6,6
5646,Kamenká,aegwynn,576,druid,balance,12,6,6
5647,Pórts,kazzak,576,druid,balance,12,6,6
5648,Ashkaxx,ragnaros,576,druid,balance,12,6,6
5649,Whêylon,ragnaros,576,druid,balance,12,6,6
5650,Layle,argent-dawn,576,druid,balance,12,6,6
5651,Quinten,ulduar,576,druid,balance,12,6,6
5652,Teryx,blackmoore,576,druid,balance,12,6,6
5653,Mikhaili,stormreaver,576,druid,balance,12,6,6
5654,Shoca,die-ewige-wacht,576,druid,balance,12,6,6
5655,Illmíndofboo,twisting-nether,576,druid,balance,12,6,6
5656,Littlecok,blackmoore,576,druid,balance,12,6,6
5657,Mentaldead,tarren-mill,576,druid,balance,12,6,6
5658,Doncaino,amanthul,576,druid,balance,12,6,6
5659,Degnosaur,outland,576,druid,balance,12,6,6
5660,Зулкхаку,soulflayer,576,druid,balance,12,6,6
5661,Wrx,sylvanas,576,druid,balance,12,6,6
5662,Nancey,auchindoun,576,druid,balance,12,6,6
5663,Vulkayn,ysondre,576,druid,balance,12,6,6
5664,Caltvalai,ravencrest,576,druid,balance,12,6,6
5665,Мунпраид,gordunni,576,druid,balance,12,6,6
5666,Høtbøx,aegwynn,576,druid,balance,15,6,9
5667,Smedoge,outland,576,druid,balance,18,6,12
5668,Zevis,outland,576,druid,balance,18,6,12
5669,Ishaqu,bladefist,576,druid,balance,18,6,12
5670,Applestrudle,blackrock,576,druid,balance,24,6,18
5671,Dingeren,stormscale,575,druid,balance,12,6,6
5672,Gruvkatt,stormscale,575,druid,balance,12,6,6
5673,Zaratras,arathor,575,druid,balance,12,6,6
5674,Òniz,hyjal,575,druid,balance,12,6,6
5675,Raxona,blackmoore,575,druid,balance,12,6,6
5676,Praythysun,khaz-modan,575,druid,balance,12,6,6
5677,Orazien,ravencrest,575,druid,balance,12,6,6
5678,Robinchwän,archimonde,575,druid,balance,18,6,12
5679,Shag,archimonde,575,druid,balance,18,6,12
5680,Lúthiëñ,silvermoon,575,druid,balance,24,6,18
5681,Тиликум,goldrinn,574,druid,balance,12,6,6
5682,Shainá,dun-modr,574,druid,balance,12,6,6
5683,Momaa,neptulon,574,druid,balance,12,6,6
5684,Жекакотик,eversong,574,druid,balance,24,6,18
5685,Kittasek,drakthul,572,druid,balance,12,6,6
5686,Tarantinonon,kazzak,572,druid,balance,18,6,12
5687,Duwaz,blackmoore,543,druid,balance,14,7,7
5688,Arecsne,turalyon,543,druid,balance,14,7,7
5689,Ancientix,burning-legion,543,druid,balance,17,6,11
5690,Xyiz,ravencrest,528,druid,balance,15,6,9
5691,Aionx,ravencrest,527,druid,balance,11,6,5
5692,Atbõs,stormscale,527,druid,balance,11,6,5
5693,Lyøñ,dun-modr,527,druid,balance,11,6,5
5694,Humizon,silvermoon,522,druid,balance,15,7,8
5695,Tåylor,laughing-skull,480,druid,balance,6,5,1
5696,Corkiy,tarren-mill,480,druid,balance,6,5,1
5697,Svartvit,sylvanas,480,druid,balance,6,5,1
5698,Harrydòtter,eredar,480,druid,balance,6,5,1
5699,Хлайси,gordunni,480,druid,balance,6,5,1
5700,Hashtagone,ysondre,480,druid,balance,6,5,1
5701,Опущеныйкелх,gordunni,480,druid,balance,6,5,1
5702,Smøkyyd,eredar,480,druid,balance,6,5,1
5703,Eñzo,stormscale,480,druid,balance,6,5,1
5704,Entas,kazzak,480,druid,balance,6,5,1
5705,Fabuboomy,blackrock,480,druid,balance,6,5,1
5706,Smølboi,ravencrest,480,druid,balance,6,5,1
5707,Roroa,ravencrest,480,druid,balance,6,5,1
5708,Xoap,kazzak,480,druid,balance,6,5,1
5709,Jöggel,perenolde,480,druid,balance,6,5,1
5710,Bambøué,khaz-modan,480,druid,balance,6,5,1
5711,Ibêx,blackmoore,480,druid,balance,6,5,1
5712,Füllxtrap,hyjal,480,druid,balance,6,5,1
5713,Cowieowie,draenor,480,druid,balance,6,5,1
5714,Brovis,sylvanas,480,druid,balance,6,5,1
5715,Murdok,suramar,480,druid,balance,6,5,1
5716,Fäcker,blackhand,480,druid,balance,6,5,1
5717,Stkk,sanguino,480,druid,balance,6,5,1
5718,Pinkpanda,arthas,480,druid,balance,6,5,1
5719,Sebikboomie,ravencrest,480,druid,balance,6,5,1
5720,Lifecycle,nemesis,480,druid,balance,12,5,7
5721,Elayria,blackmoore,480,druid,balance,12,5,7
5722,Aetheris,varimathras,480,druid,balance,12,5,7
5723,Хрофт,blackscar,480,druid,balance,12,5,7
5724,Skadruid,blackmoore,480,druid,balance,12,5,7
5725,Blark,sylvanas,480,druid,balance,12,5,7
5726,Doup,alakir,480,druid,balance,12,5,7
5727,Revølter,kazzak,480,druid,balance,12,5,7
5728,Elrandir,tarren-mill,480,druid,balance,12,5,7
5729,Zomgcow,twisting-nether,480,druid,balance,12,5,7
5730,Superpoulet,archimonde,480,druid,balance,12,5,7
5731,Yabbah,blackrock,480,druid,balance,12,5,7
5732,Angrykejton,silvermoon,480,druid,balance,12,5,7
5733,Lemonjohn,outland,480,druid,balance,12,5,7
5734,Goated,stormscale,480,druid,balance,12,5,7
5735,Yadon,the-maelstrom,480,druid,balance,12,5,7
5736,Rwq,outland,480,druid,balance,12,5,7
5737,Naturina,shattered-hand,480,druid,balance,12,5,7
5738,Lifeseed,ravencrest,480,druid,balance,12,5,7
5739,Pròtodrù,twisting-nether,480,druid,balance,12,5,7
5740,Acwi,dun-morogh,480,druid,balance,12,5,7
5741,Karodoom,twisting-nether,480,druid,balance,12,5,7
5742,Dremdra,draenor,480,druid,balance,12,5,7
5743,Wainl,hyjal,480,druid,balance,12,5,7
5744,Liiandri,khaz-modan,480,druid,balance,12,5,7
5745,Krathar,kazzak,480,druid,balance,12,5,7
5746,Slâkkxz,kazzak,480,druid,balance,12,5,7
5747,Qïx,outland,480,druid,balance,15,6,9
5748,Pansarbamse,outland,480,druid,balance,13,5,8
5749,Kunya,tarren-mill,480,druid,balance,18,5,13
5750,Mariss,chogall,479,druid,balance,6,5,1
5751,Rumjin,burning-blade,479,druid,balance,12,5,7
5752,Forigiver,draenor,479,druid,balance,12,5,7
5753,Máximus,blades-edge,479,druid,balance,12,5,7
5754,Larsia,nordrassil,479,druid,balance,12,5,7
5755,Betol,das-konsortium,479,druid,balance,12,5,7
5756,Elfsu,ravencrest,479,druid,balance,12,5,7
5757,Hengst,laughing-skull,479,druid,balance,18,5,13
5758,Músclébéach,silvermoon,479,druid,balance,18,5,13
5759,Тахикамару,blackscar,479,druid,balance,18,5,13
5760,Lysende,arathor,478,druid,balance,12,5,7
5761,Чепенкос,gordunni,478,druid,balance,12,5,7
5762,Барли,grom,478,druid,balance,16,6,10
5763,Druvian,argent-dawn,478,druid,balance,24,5,19
5764,Zenkay,naxxramas,476,druid,balance,16,6,10
5765,Iskaarjx,archimonde,463,druid,balance,11,5,6
5766,Chouan,marécage-de-zangar,457,druid,balance,21,7,14
5767,Yaendra,dun-modr,445,druid,balance,11,5,6
5768,Eloahdruid,blackhand,432,druid,balance,9,5,4
5769,Pine,aggramar,415,druid,balance,8,5,3
5770,Foxîo,frostmane,415,druid,balance,8,5,3
5771,Pikamoo,kazzak,415,druid,balance,11,5,6
5772,Shiftmeow,tarren-mill,384,druid,balance,6,4,2
5773,Cioaralba,sylvanas,384,druid,balance,6,4,2
5774,Benzinoid,silvermoon,384,druid,balance,6,4,2
5775,Dermegon,outland,384,druid,balance,6,4,2
5776,Ekologiskxx,outland,384,druid,balance,6,4,2
5777,Yunød,silvermoon,384,druid,balance,6,4,2
5778,Weremyst,outland,384,druid,balance,6,4,2
5779,Kosadoodoo,sylvanas,384,druid,balance,6,4,2
5780,Amellian,silvermoon,384,druid,balance,6,4,2
5781,Bearygrylls,sylvanas,384,druid,balance,6,4,2
5782,Meillaeth,sylvanas,384,druid,balance,6,4,2
5783,Lasertipu,tarren-mill,384,druid,balance,6,4,2
5784,Holziger,azshara,384,druid,balance,6,4,2
5785,Blazek,sylvanas,384,druid,balance,6,4,2
5786,Vertabrain,twilights-hammer,384,druid,balance,6,4,2
5787,Dikc,twisting-nether,384,druid,balance,6,4,2
5788,Rawr,dun-morogh,384,druid,balance,6,4,2
5789,Narkiza,blackhand,384,druid,balance,6,4,2
5790,Лолэтохег,soulflayer,384,druid,balance,6,4,2
5791,Fatfingerx,blackrock,384,druid,balance,6,4,2
5792,Gúccî,blackrock,384,druid,balance,6,4,2
5793,Msb,the-maelstrom,384,druid,balance,6,4,2
5794,Daluria,malganis,384,druid,balance,6,4,2
5795,Freshpussyz,ravencrest,384,druid,balance,6,4,2
5796,Cpt,xavius,384,druid,balance,6,4,2
5797,Tulleku,azjolnerub,384,druid,balance,6,4,2
5798,Gretathnberg,ravencrest,384,druid,balance,6,4,2
5799,Fordragos,ravencrest,384,druid,balance,6,4,2
5800,Smøuler,sanguino,384,druid,balance,6,4,2
5801,Fzx,aegwynn,384,druid,balance,6,4,2
5802,Borticow,sanguino,384,druid,balance,6,4,2
5803,Mylanqx,ragnaros,384,druid,balance,6,4,2
5804,Ðevilwhite,nemesis,384,druid,balance,6,4,2
5805,Kasugia,aegwynn,384,druid,balance,6,4,2
5806,Lolaven,turalyon,384,druid,balance,6,4,2
5807,Xvmon,draenor,384,druid,balance,6,4,2
5808,Izzyb,draenor,384,druid,balance,6,4,2
5809,Bafere,twisting-nether,384,druid,balance,6,4,2
5810,Lakersinfive,argent-dawn,384,druid,balance,6,4,2
5811,Jeaylqt,archimonde,384,druid,balance,6,4,2
5812,Kattbjörnen,ragnaros,384,druid,balance,6,4,2
5813,Wotahn,antonidas,384,druid,balance,6,4,2
5814,Blood,frostwolf,384,druid,balance,6,4,2
5815,Moonsama,twisting-nether,384,druid,balance,6,4,2
5816,Seasexsune,antonidas,384,druid,balance,6,4,2
5817,Sunisan,stormscale,384,druid,balance,6,4,2
5818,Фамай,howling-fjord,384,druid,balance,8,4,4
5819,Màlàkaii,hyjal,384,druid,balance,12,4,8
5820,Commonsense,kazzak,384,druid,balance,12,4,8
5821,Tønychopper,sanguino,384,druid,balance,12,4,8
5822,Alanpapi,sanguino,384,druid,balance,12,4,8
5823,Axrae,ravencrest,384,druid,balance,12,4,8
5824,Druidytrudy,blackrock,384,druid,balance,12,4,8
5825,Ibroninad,ragnaros,384,druid,balance,12,4,8
5826,Veijari,deathwing,384,druid,balance,12,4,8
5827,Ohndankalan,kazzak,384,druid,balance,12,4,8
5828,Piiti,burning-legion,384,druid,balance,12,4,8
5829,Astralbody,auchindoun,384,druid,balance,12,4,8
5830,Феразинария,gordunni,384,druid,balance,12,4,8
5831,Achre,thunderhorn,384,druid,balance,12,4,8
5832,Sixtyinches,burning-blade,384,druid,balance,12,4,8
5833,Yee,twisting-nether,384,druid,balance,12,4,8
5834,Tmhaikyu,blackhand,384,druid,balance,12,4,8
5835,Dancingrain,ravencrest,384,druid,balance,12,4,8
5836,Astracat,korgall,384,druid,balance,12,4,8
5837,Губкобоб,galakrond,384,druid,balance,16,4,12
5838,Óffstér,kazzak,384,druid,balance,18,4,14
5839,Mlyzioz,ahnqiraj,383,druid,balance,6,4,2
5840,Храмульчик,blackscar,383,druid,balance,6,4,2
5841,Mongwau,blackrock,383,druid,balance,6,4,2
5842,Summertearz,thrall,383,druid,balance,12,4,8
5843,Moonpouk,archimonde,383,druid,balance,12,4,8
5844,Blablábla,silvermoon,383,druid,balance,12,4,8
5845,Iamramen,blackmoore,383,druid,balance,24,4,20
5846,Katharo,kult-der-verdammten,383,druid,balance,24,4,20
5847,Катафей,deathguard,382,druid,balance,6,4,2
5848,Suranaelle,argent-dawn,369,druid,balance,20,8,12
5849,Ráw,dun-modr,367,druid,balance,11,4,7
5850,Ambracer,silvermoon,366,druid,balance,17,4,13
5851,Blakemonster,khaz-modan,351,druid,balance,8,5,3
5852,Ратататата,blackscar,351,druid,balance,8,5,3
5853,Nightshaðe,argent-dawn,351,druid,balance,11,4,7
5854,Zybri,ragnaros,351,druid,balance,11,4,7
5855,Blownaway,outland,336,druid,balance,9,4,5
5856,Sketit,grim-batol,335,druid,balance,11,4,7
5857,Hilliax,sanguino,330,druid,balance,13,5,8
5858,Martinesämst,outland,320,druid,balance,10,4,6
5859,Holyconvoke,stormscale,319,druid,balance,5,4,1
5860,Eclipße,silvermoon,319,druid,balance,5,4,1
5861,Ohpfo,outland,319,druid,balance,5,4,1
5862,Imaginarý,ravencrest,319,druid,balance,5,4,1
5863,Locite,blackrock,288,druid,balance,6,3,3
5864,Blietmachine,ravencrest,288,druid,balance,6,3,3
5865,Islandbôy,blackrock,288,druid,balance,6,3,3
5866,Flower,aggramar,288,druid,balance,6,3,3
5867,Tritit,marécage-de-zangar,288,druid,balance,6,3,3
5868,Druidat,kazzak,288,druid,balance,6,3,3
5869,Meretrizx,kazzak,288,druid,balance,6,3,3
5870,Natoro,outland,288,druid,balance,6,3,3
5871,Neincat,sylvanas,288,druid,balance,6,3,3
5872,Ullainho,stormscale,288,druid,balance,6,3,3
5873,Mørshac,blackrock,288,druid,balance,6,3,3
5874,Катяблум,gordunni,288,druid,balance,6,3,3
5875,Trollskee,draenor,288,druid,balance,6,3,3
5876,Testopöllö,ravencrest,288,druid,balance,6,3,3
5877,Seey,thrall,288,druid,balance,6,3,3
5878,Вооми,gordunni,288,druid,balance,6,3,3
5879,Svantte,stormreaver,288,druid,balance,6,3,3
5880,Amakary,blackrock,288,druid,balance,6,3,3
5881,Junglelist,antonidas,288,druid,balance,6,3,3
5882,Блинчек,gordunni,288,druid,balance,6,3,3
5883,Lushe,kazzak,288,druid,balance,6,3,3
5884,Jirenthegrey,antonidas,288,druid,balance,6,3,3
5885,Ciwone,blackrock,288,druid,balance,6,3,3
5886,Yeats,blackmoore,288,druid,balance,6,3,3
5887,Ellüna,ravencrest,288,druid,balance,6,3,3
5888,Barbulloup,hyjal,288,druid,balance,6,3,3
5889,Pogoth,turalyon,288,druid,balance,6,3,3
5890,Siuo,ravencrest,288,druid,balance,6,3,3
5891,Покусаютебя,gordunni,288,druid,balance,6,3,3
5892,Hordepwnr,sylvanas,288,druid,balance,6,3,3
5893,Helguard,silvermoon,288,druid,balance,6,3,3
5894,Mirâculixx,dethecus,288,druid,balance,6,3,3
5895,Biologie,onyxia,288,druid,balance,6,3,3
5896,Nareeik,tarren-mill,288,druid,balance,6,3,3
5897,Cryspie,hyjal,288,druid,balance,6,3,3
5898,Fishe,twisting-nether,288,druid,balance,6,3,3
5899,Coogee,malganis,288,druid,balance,6,3,3
5900,Leslra,agamaggan,288,druid,balance,6,3,3
5901,Karolg,tyrande,288,druid,balance,6,3,3
5902,Sparkex,ravencrest,288,druid,balance,6,3,3
5903,Néøu,archimonde,288,druid,balance,6,3,3
5904,Блиденг,gordunni,288,druid,balance,6,3,3
5905,Lærken,the-maelstrom,288,druid,balance,6,3,3
5906,Kooglaash,kazzak,288,druid,balance,6,3,3
5907,Orangeterror,stormscale,288,druid,balance,6,3,3
5908,Maruuk,argent-dawn,288,druid,balance,6,3,3
5909,Зонкс,gordunni,288,druid,balance,6,3,3
5910,Quinteness,silvermoon,288,druid,balance,6,3,3
5911,Srkameltouss,sanguino,288,druid,balance,6,3,3
5912,Maelkan,sanguino,288,druid,balance,6,3,3
5913,Kamatea,eredar,288,druid,balance,6,3,3
5914,Derie,nazjatar,288,druid,balance,6,3,3
5915,Ilus,outland,288,druid,balance,6,3,3
5916,Дарзамат,blackscar,288,druid,balance,6,3,3
5917,Cörelly,ravencrest,288,druid,balance,6,3,3
5918,Àyóorts,archimonde,288,druid,balance,6,3,3
5919,Byjiblznuk,kazzak,288,druid,balance,6,3,3
5920,Bámbí,sylvanas,288,druid,balance,6,3,3
5921,Nefariz,dun-modr,288,druid,balance,6,3,3
5922,Rbg,dun-modr,288,druid,balance,6,3,3
5923,Segundø,archimonde,288,druid,balance,12,3,9
5924,Chavinelf,twisting-nether,288,druid,balance,12,3,9
5925,Crywingz,antonidas,288,druid,balance,12,3,9
5926,Wardruíd,outland,288,druid,balance,12,3,9
5927,Аматэррасу,blackscar,288,druid,balance,12,3,9
5928,Thaneo,blackmoore,288,druid,balance,12,3,9
5929,Merfje,karazhan,288,druid,balance,12,3,9
5930,Kivu,blackrock,288,druid,balance,12,3,9
5931,Loverace,dun-modr,288,druid,balance,12,3,9
5932,Tayswiftmend,defias-brotherhood,288,druid,balance,12,3,9
5933,Groncowski,blackmoore,288,druid,balance,12,3,9
5934,Kidow,wrathbringer,288,druid,balance,12,3,9
5935,Brujo,azjolnerub,288,druid,balance,12,3,9
5936,Skirr,kelthuzad,288,druid,balance,12,3,9
5937,Bigcappa,ahnqiraj,287,druid,balance,6,3,3
5938,Lindémann,blackhand,287,druid,balance,6,3,3
5939,Dasgrandeur,kazzak,287,druid,balance,6,3,3
5940,Walkao,tarren-mill,287,druid,balance,6,3,3
5941,Metamorfurio,arthas,287,druid,balance,6,3,3
5942,Eikthyrson,nozdormu,256,druid,balance,4,4,0
5943,Jhiun,ragnaros,256,druid,balance,4,4,0
5944,Lxz,blackhand,256,druid,balance,10,3,7
5945,Пушистаялапа,blackscar,255,druid,balance,4,4,0
5946,Bóssít,doomhammer,255,druid,balance,11,3,8
5947,Melábufes,dun-modr,208,druid,balance,7,3,4
5948,Beamgødx,thrall,192,druid,balance,4,3,1
5949,Euphoríax,ravencrest,192,druid,balance,4,3,1
5950,Яммаккаасии,grom,192,druid,balance,6,2,4
5951,Leliaen,sylvanas,192,druid,balance,6,2,4
5952,Fanboij,kazzak,192,druid,balance,6,2,4
5953,Коктявзер,deathweaver,192,druid,balance,6,2,4
5954,Kasiopee,hyjal,192,druid,balance,6,2,4
5955,Athenã,blackmoore,192,druid,balance,6,2,4
5956,Filderah,doomhammer,192,druid,balance,6,2,4
5957,Tadoson,blackmoore,192,druid,balance,6,2,4
5958,Tamburoo,tarren-mill,192,druid,balance,6,2,4
5959,Nilatsfloda,quelthalas,192,druid,balance,6,2,4
5960,Noou,aegwynn,192,druid,balance,6,2,4
5961,Bidochonne,ravencrest,192,druid,balance,6,2,4
5962,Rústy,baelgun,192,druid,balance,6,2,4
5963,Kivimon,dun-modr,192,druid,balance,6,2,4
5964,Saliencias,kazzak,192,druid,balance,6,2,4
5965,Kwenden,arygos,192,druid,balance,6,2,4
5966,Sorkoxd,silvermoon,192,druid,balance,6,2,4
5967,Маалир,gordunni,192,druid,balance,6,2,4
5968,Kotkacy,silvermoon,192,druid,balance,6,2,4
5969,Spidete,sanguino,192,druid,balance,6,2,4
5970,Лунныйфилин,deathguard,192,druid,balance,6,2,4
5971,Druidbox,ravencrest,192,druid,balance,6,2,4
5972,Rootbeamftw,ravencrest,192,druid,balance,6,2,4
5973,Jaffacakeqt,draenor,192,druid,balance,6,2,4
5974,Luveena,kazzak,192,druid,balance,6,2,4
5975,Луноэльф,gordunni,192,druid,balance,6,2,4
5976,Halfaway,ravencrest,192,druid,balance,6,2,4
5977,Uglydruid,drakthul,192,druid,balance,6,2,4
5978,Canezmvp,blackrock,192,druid,balance,6,2,4
5979,Kheluna,the-maelstrom,192,druid,balance,6,2,4
5980,Tranduiil,drakthul,192,druid,balance,6,2,4
5981,Héryse,hyjal,192,druid,balance,6,2,4
5982,Gnoobr,ravencrest,192,druid,balance,6,2,4
5983,Dresten,burning-blade,192,druid,balance,6,2,4
5984,Åkømo,aegwynn,192,druid,balance,6,2,4
5985,Kaamirach,blackmoore,192,druid,balance,6,2,4
5986,Emidrem,ravencrest,192,druid,balance,6,2,4
5987,Chzycow,twisting-nether,192,druid,balance,6,2,4
5988,Hotributionx,ravencrest,192,druid,balance,6,2,4
5989,Hâyâbusa,antonidas,192,druid,balance,6,2,4
5990,Fishanchips,archimonde,192,druid,balance,6,2,4
5991,Wheyproteín,dun-modr,192,druid,balance,6,2,4
5992,Barbielolz,archimonde,192,druid,balance,6,2,4
5993,Старселлер,gordunni,192,druid,balance,6,2,4
5994,Baccon,ravencrest,192,druid,balance,6,2,4
5995,Darkillaa,anetheron,192,druid,balance,6,2,4
5996,Снэйк,borean-tundra,192,druid,balance,6,2,4
5997,Akiíra,twisting-nether,192,druid,balance,6,2,4
5998,Nolak,frostwolf,192,druid,balance,6,2,4
5999,Restaidpvs,wildhammer,192,druid,balance,6,2,4
6000,Laødinay,hyjal,192,druid,balance,6,2,4
6001,Maxiturbogay,stormscale,192,druid,balance,6,2,4
6002,Paulskinbak,tarren-mill,192,druid,balance,6,2,4
6003,Zolduran,archimonde,192,druid,balance,6,2,4
6004,Kovalawa,archimonde,192,druid,balance,6,2,4
6005,Chupapoya,pozzo-delleternità,192,druid,balance,6,2,4
6006,Epidruid,stormrage,192,druid,balance,6,2,4
6007,Jimmyxdd,kazzak,192,druid,balance,6,2,4
6008,Tallbutshort,stormscale,192,druid,balance,6,2,4
6009,Gurranq,argent-dawn,192,druid,balance,11,3,8
6010,Sodniss,aggra-português,192,druid,balance,8,2,6
6011,Nctmé,tarren-mill,192,druid,balance,12,2,10
6012,Eyune,tarren-mill,192,druid,balance,12,2,10
6013,Fallingmoon,ravencrest,192,druid,balance,12,2,10
6014,Broasted,stormscale,192,druid,balance,12,2,10
6015,Leekroom,forscherliga,192,druid,balance,12,2,10
6016,Trækvinden,ravencrest,192,druid,balance,12,2,10
6017,Millworgen,norgannon,191,druid,balance,6,2,4
6018,Catbear,kazzak,191,druid,balance,6,2,4
6019,Silvacustos,teldrassil,191,druid,balance,12,2,10
6020,Arrock,malfurion,191,druid,balance,12,2,10
6021,Drix,frostwolf,175,druid,balance,11,2,9
6022,Jaiyen,ravencrest,159,druid,balance,5,2,3
6023,Vendeqt,aegwynn,159,druid,balance,5,2,3
6024,Кыцко,soulflayer,128,druid,balance,4,2,2
6025,Tekilaz,sanguino,128,druid,balance,4,2,2
6026,Ligoz,silvermoon,96,druid,balance,3,2,1
6027,Ischumekcid,anubarak,96,druid,balance,3,2,1
6028,Druidja,sylvanas,96,druid,balance,6,1,5
6029,Ipsdray,ysondre,96,druid,balance,6,1,5
6030,Devióus,twilights-hammer,96,druid,balance,6,1,5
6031,Druidlaba,drakthul,96,druid,balance,6,1,5
6032,Blazor,eredar,96,druid,balance,6,1,5
6033,Маминапуська,soulflayer,96,druid,balance,6,1,5
6034,Eredhion,stormscale,96,druid,balance,6,1,5
6035,Kaira,kazzak,96,druid,balance,6,1,5
6036,Ãnimal,argent-dawn,96,druid,balance,6,1,5
6037,Ayven,kazzak,96,druid,balance,6,1,5
6038,Nermax,kazzak,96,druid,balance,6,1,5
6039,Samuelito,ravencrest,96,druid,balance,6,1,5
6040,Xwerzz,stormscale,96,druid,balance,6,1,5
6041,Ghostdoggie,stormscale,96,druid,balance,6,1,5
6042,Kabòöóm,outland,96,druid,balance,6,1,5
6043,Cattdamon,outland,96,druid,balance,6,1,5
6044,Lemónde,outland,96,druid,balance,6,1,5
6045,Batmòn,stormscale,96,druid,balance,6,1,5
6046,Herekitykity,frostmane,96,druid,balance,6,1,5
6047,Enolcyc,frostmane,96,druid,balance,6,1,5
6048,Ösdru,tarren-mill,96,druid,balance,6,1,5
6049,Tykè,outland,96,druid,balance,6,1,5
6050,Whelpss,archimonde,96,druid,balance,6,1,5
6051,Siahra,khaz-modan,96,druid,balance,6,1,5
6052,Hotseîdank,blackrock,96,druid,balance,6,1,5
6053,Арбузир,howling-fjord,96,druid,balance,6,1,5
6054,Baracüda,draenor,96,druid,balance,6,1,5
6055,Yosimoo,draenor,96,druid,balance,6,1,5
6056,Arún,nazjatar,96,druid,balance,6,1,5
6057,Garudax,blackrock,96,druid,balance,6,1,5
6058,Nayemi,blackmoore,96,druid,balance,6,1,5
6059,Variolus,dun-modr,96,druid,balance,6,1,5
6060,Tortugo,dun-modr,96,druid,balance,6,1,5
6061,Asrais,dun-modr,96,druid,balance,6,1,5
6062,Lilkâzzam,blackrock,96,druid,balance,6,1,5
6063,Tigerbalm,ravenholdt,96,druid,balance,6,1,5
6064,Plankface,ravencrest,96,druid,balance,13,2,11
6065,Mondino,blackrock,96,druid,balance,12,1,11
6066,Negríno,cthun,95,druid,balance,3,2,1
6067,Revoidý,blackmoore,79,druid,balance,5,1,4
6068,Kodobursto,stormscale,79,druid,balance,6,1,5
6069,Madschinken,malganis,42,druid,balance,8,2,6
6070,Melonjuicer,argent-dawn,42,druid,balance,9,2,7
6071,Ðãddy,ravencrest,31,druid,balance,2,1,1
6072,Nalreaa,kazzak,31,druid,balance,8,1,7
6073,Báttlx,blackrock,16,druid,balance,7,1,6
6074,Kankethyr,korgall,2241,evoker,preservation,95,56,39
6075,Гачитварь,galakrond,2194,evoker,preservation,245,126,119
6076,Bodytypezero,terenas,2169,evoker,preservation,110,62,48
6077,Zychodrac,draenor,2145,evoker,preservation,148,74,74
6078,Néthy,argent-dawn,2131,evoker,preservation,102,57,45
6079,Бедныйгрузин,howling-fjord,2125,evoker,preservation,66,39,27
6080,Sukkmymadnes,draenor,2120,evoker,preservation,79,39,40
6081,Dn,shattered-hand,2111,evoker,preservation,89,46,43
6082,Nesedon,stormscale,2108,evoker,preservation,227,118,109
6083,Dragonsweat,hyjal,2057,evoker,preservation,78,45,33
6084,Gardennewt,ravencrest,2001,evoker,preservation,78,39,39
6085,Haxyia,outland,1997,evoker,preservation,66,36,30
6086,Drogon,shendralar,1992,evoker,preservation,84,48,36
6087,Puzikloh,ravencrest,1973,evoker,preservation,42,23,19
6088,Amadeusx,ravencrest,1960,evoker,preservation,84,45,39
6089,Шафлэнжоер,fordragon,1958,evoker,preservation,30,22,8
6090,Theories,blackhand,1958,evoker,preservation,104,50,54
6091,Dizablise,burning-legion,1954,evoker,preservation,59,33,26
6092,Kronata,sanguino,1948,evoker,preservation,78,33,45
6093,Sinéstrà,antonidas,1916,evoker,preservation,156,78,78
6094,Rvrsl,outland,1916,evoker,preservation,96,48,48
6095,Waifuwu,blackhand,1900,evoker,preservation,175,85,90
6096,Humòngóus,kazzak,1897,evoker,preservation,42,23,19
6097,Lazey,stormscale,1891,evoker,preservation,54,30,24
6098,Jamesdéan,twisting-nether,1888,evoker,preservation,48,35,13
6099,Huxleysroar,draenor,1888,evoker,preservation,54,26,28
6100,Phnx,blackrock,1886,evoker,preservation,246,125,121
6101,Matrixslave,tarren-mill,1875,evoker,preservation,81,46,35
6102,Vokedrak,eredar,1875,evoker,preservation,66,32,34
6103,Ноубадиаттак,soulflayer,1867,evoker,preservation,90,39,51
6104,Xays,ravencrest,1864,evoker,preservation,70,34,36
6105,Ipho,twisting-nether,1856,evoker,preservation,100,45,55
6106,Bodytypefour,stormscale,1854,evoker,preservation,66,28,38
6107,Podonok,ravencrest,1849,evoker,preservation,72,36,36
6108,Myshagini,ravencrest,1846,evoker,preservation,45,27,18
6109,Æzorahai,area-52,1845,evoker,preservation,72,33,39
6110,Сансетшторм,gordunni,1841,evoker,preservation,52,27,25
6111,Yulinex,argent-dawn,1833,evoker,preservation,160,92,68
6112,Zimbello,nemesis,1826,evoker,preservation,36,26,10
6113,Onelastdance,ravencrest,1821,evoker,preservation,59,50,9
6114,Healevoker,aegwynn,1819,evoker,preservation,129,61,68
6115,Jakelóng,ravencrest,1818,evoker,preservation,52,25,27
6116,Baiyuekui,blackmoore,1815,evoker,preservation,304,151,153
6117,Smâûg,silvermoon,1812,evoker,preservation,48,27,21
6118,Mixn,argent-dawn,1812,evoker,preservation,93,41,52
6119,Infidus,ravencrest,1810,evoker,preservation,145,82,63
6120,Smellybreath,ravencrest,1810,evoker,preservation,36,19,17
6121,Puffthemagic,archimonde,1810,evoker,preservation,60,28,32
6122,Dragonmeta,kazzak,1808,evoker,preservation,36,19,17
6123,Ripgódx,bronzebeard,1806,evoker,preservation,185,96,89
6124,Wakûwakû,kazzak,1805,evoker,preservation,135,72,63
6125,Cptdrakon,twisting-nether,1802,evoker,preservation,77,43,34
6126,Lerrastrasza,zirkel-des-cenarius,1802,evoker,preservation,48,24,24
6127,Talim,terrordar,1800,evoker,preservation,78,37,41
6128,Lurkî,blackhand,1779,evoker,preservation,48,23,25
6129,Swainsupp,archimonde,1776,evoker,preservation,42,19,23
6130,Drakela,frostwhisper,1761,evoker,preservation,30,19,11
6131,Froststraza,chamber-of-aspects,1758,evoker,preservation,54,27,27
6132,Bümber,stormscale,1750,evoker,preservation,88,40,48
6133,Asyncgosa,ravencrest,1749,evoker,preservation,60,25,35
6134,Dragondaddy,eredar,1748,evoker,preservation,42,19,23
6135,Kalevra,eredar,1737,evoker,preservation,105,56,49
6136,Антошадф,gordunni,1736,evoker,preservation,48,25,23
6137,Gneltharion,draenor,1723,evoker,preservation,56,25,31
6138,Camdaddy,magtheridon,1715,evoker,preservation,117,60,57
6139,Трейш,soulflayer,1714,evoker,preservation,72,29,43
6140,Seafolk,stormscale,1705,evoker,preservation,134,70,64
6141,Alusiedrake,ravencrest,1704,evoker,preservation,154,87,67
6142,Themasktw,kazzak,1702,evoker,preservation,58,25,33
6143,Ранкондракон,lich-king,1695,evoker,preservation,89,38,51
6144,Ðåñîq,kazzak,1691,evoker,preservation,48,23,25
6145,Tombeelee,kazzak,1687,evoker,preservation,36,21,15
6146,Devidra,defias-brotherhood,1683,evoker,preservation,93,39,54
6147,Nyghtx,sanguino,1680,evoker,preservation,76,33,43
6148,Roth,stormreaver,1679,evoker,preservation,106,55,51
6149,Phyrrax,silvermoon,1678,evoker,preservation,30,18,12
6150,Nakavoker,arygos,1676,evoker,preservation,46,18,28
6151,Ezinice,hyjal,1672,evoker,preservation,46,20,26
6152,Драконсила,gordunni,1663,evoker,preservation,41,21,20
6153,Eryot,aggra-português,1660,evoker,preservation,54,25,29
6154,Antiflexx,ragnaros,1642,evoker,preservation,48,26,22
6155,Béatér,aegwynn,1642,evoker,preservation,36,18,18
6156,Аскми,blackscar,1642,evoker,preservation,84,35,49
6157,Âspên,archimonde,1639,evoker,preservation,51,24,27
6158,Ramfurry,kazzak,1632,evoker,preservation,49,21,28
6159,Shroudflight,draenor,1632,evoker,preservation,54,23,31
6160,Rüllatorsven,stormscale,1631,evoker,preservation,36,21,15
6161,Тирэсплюс,soulflayer,1630,evoker,preservation,30,17,13
6162,Kaipha,ravencrest,1630,evoker,preservation,59,29,30
6163,Bònéz,blackmoore,1629,evoker,preservation,101,48,53
6164,Bugdul,twisting-nether,1625,evoker,preservation,56,33,23
6165,Kackaloch,tarren-mill,1625,evoker,preservation,69,37,32
6166,Aeste,dun-modr,1624,evoker,preservation,42,23,19
6167,Даэдра,gordunni,1623,evoker,preservation,132,64,68
6168,Methamfetami,kazzak,1619,evoker,preservation,72,40,32
6169,Akaos,silvermoon,1613,evoker,preservation,38,20,18
6170,Lytër,sanguino,1610,evoker,preservation,123,68,55
6171,Hjucen,twisting-nether,1603,evoker,preservation,90,49,41
6172,Потныйдракон,soulflayer,1603,evoker,preservation,42,20,22
6173,Malowux,outland,1600,evoker,preservation,36,19,17
6174,Dragnthsnuts,sylvanas,1590,evoker,preservation,50,26,24
6175,Malboroasted,archimonde,1586,evoker,preservation,42,21,21
6176,Scarydragôn,draenor,1582,evoker,preservation,93,56,37
6177,Эндемический,soulflayer,1582,evoker,preservation,48,21,27
6178,Setraxia,argent-dawn,1578,evoker,preservation,48,32,16
6179,Häröpallo,stormscale,1572,evoker,preservation,60,32,28
6180,Nahkiainen,darksorrow,1569,evoker,preservation,42,19,23
6181,Valkroth,argent-dawn,1565,evoker,preservation,107,47,60
6182,Fearawr,malganis,1552,evoker,preservation,63,22,41
6183,Дарконикс,gordunni,1547,evoker,preservation,86,40,46
6184,Штеци,howling-fjord,1544,evoker,preservation,241,113,128
6185,Kirivoker,dun-modr,1540,evoker,preservation,54,26,28
6186,Нежныйболт,howling-fjord,1536,evoker,preservation,134,68,66
6187,Torae,burning-legion,1535,evoker,preservation,48,23,25
6188,Dârys,kazzak,1531,evoker,preservation,36,16,20
6189,Zenvoker,silvermoon,1523,evoker,preservation,30,17,13
6190,Sinistrea,conseil-des-ombres,1514,evoker,preservation,81,47,34
6191,Crocodeal,ysondre,1506,evoker,preservation,24,16,8
6192,Хронолиса,blackscar,1497,evoker,preservation,121,55,66
6193,Odensbest,silvermoon,1496,evoker,preservation,55,32,23
6194,Bigaluga,blackmoore,1492,evoker,preservation,42,18,24
6195,Didii,frostwhisper,1490,evoker,preservation,117,53,64
6196,Luderx,outland,1489,evoker,preservation,66,38,28
6197,Tenibris,die-nachtwache,1489,evoker,preservation,119,55,64
6198,Бадикабаер,thermaplugg,1484,evoker,preservation,131,68,63
6199,Sakade,archimonde,1480,evoker,preservation,40,18,22
6200,Tobbebakar,silvermoon,1478,evoker,preservation,36,17,19
6201,Ятромантис,gordunni,1474,evoker,preservation,273,139,134
6202,Ацидракон,blackscar,1472,evoker,preservation,72,29,43
6203,Indragon,blackmoore,1471,evoker,preservation,63,29,34
6204,Obbwoke,ravencrest,1471,evoker,preservation,90,37,53
6205,Kuramir,twisting-nether,1469,evoker,preservation,30,16,14
6206,Oldwhiteman,guldan,1465,evoker,preservation,52,25,27
6207,Tarecgosa,sanguino,1462,evoker,preservation,96,43,53
6208,Polzeig,dentarg,1458,evoker,preservation,41,17,24
6209,Madelynxoxo,draenor,1450,evoker,preservation,30,25,5
6210,Dragoncya,archimonde,1447,evoker,preservation,72,33,39
6211,Condrage,grim-batol,1445,evoker,preservation,42,22,20
6212,Spiragon,ysondre,1434,evoker,preservation,72,37,35
6213,Wernøker,archimonde,1431,evoker,preservation,36,15,21
6214,Mortlalune,conseil-des-ombres,1429,evoker,preservation,100,59,41
6215,Sedricae,twisting-nether,1429,evoker,preservation,131,67,64
6216,Dokkàmxk,archimonde,1429,evoker,preservation,36,15,21
6217,Dazaar,kazzak,1428,evoker,preservation,18,16,2
6218,Maxthecar,draenor,1428,evoker,preservation,47,29,18
6219,Yeatsa,blackmoore,1417,evoker,preservation,24,15,9
6220,Th,stormscale,1415,evoker,preservation,48,32,16
6221,Saga,aegwynn,1410,evoker,preservation,113,59,54
6222,Nanthira,darksorrow,1410,evoker,preservation,74,33,41
6223,Evizard,nagrand,1407,evoker,preservation,53,30,23
6224,Dracanus,bronze-dragonflight,1404,evoker,preservation,36,19,17
6225,Loveheart,die-aldor,1396,evoker,preservation,82,37,45
6226,Cragheart,ravencrest,1391,evoker,preservation,60,28,32
6227,Nadoney,hyjal,1389,evoker,preservation,67,42,25
6228,Matysniak,burning-legion,1388,evoker,preservation,36,18,18
6229,Ammendorn,blackrock,1384,evoker,preservation,46,27,19
6230,Azorgaron,outland,1383,evoker,preservation,60,26,34
6231,Asraestrasz,silvermoon,1380,evoker,preservation,38,24,14
6232,Jamiewing,ravencrest,1380,evoker,preservation,42,25,17
6233,Cenca,blackmoore,1375,evoker,preservation,109,54,55
6234,Nexxà,archimonde,1373,evoker,preservation,39,28,11
6235,Scalie,ravencrest,1353,evoker,preservation,54,31,23
6236,Шкуроносец,gordunni,1352,evoker,preservation,30,15,15
6237,Liliwood,ravencrest,1349,evoker,preservation,82,38,44
6238,Evokazoran,dentarg,1349,evoker,preservation,78,27,51
6239,Choubalo,archimonde,1348,evoker,preservation,60,33,27
6240,Cinquanteuro,hyjal,1347,evoker,preservation,101,45,56
6241,Rescuegirl,blackrock,1345,evoker,preservation,99,50,49
6242,Adriia,draenor,1341,evoker,preservation,18,14,4
6243,Drarent,hyjal,1340,evoker,preservation,54,24,30
6244,Profdrake,zuluhed,1337,evoker,preservation,24,14,10
6245,Badrig,silvermoon,1336,evoker,preservation,118,55,63
6246,Gissthebuzzy,dun-modr,1326,evoker,preservation,42,24,18
6247,Dwagonzuv,the-maelstrom,1323,evoker,preservation,24,14,10
6248,Sorextrazy,twisting-nether,1318,evoker,preservation,64,27,37
6249,Thellon,frostwolf,1317,evoker,preservation,29,17,12
6250,Uroegevoker,twisting-nether,1316,evoker,preservation,68,36,32
6251,Breall,tarren-mill,1309,evoker,preservation,176,79,97
6252,Draxaer,outland,1307,evoker,preservation,98,52,46
6253,Xerragon,ravencrest,1306,evoker,preservation,60,20,40
6254,Whitelizzard,tarren-mill,1305,evoker,preservation,42,24,18
6255,Fredgobrr,tarren-mill,1299,evoker,preservation,84,53,31
6256,Nonolildrake,ysondre,1297,evoker,preservation,82,46,36
6257,Geckonen,stormreaver,1292,evoker,preservation,109,59,50
6258,Scalo,kazzak,1292,evoker,preservation,90,41,49
6259,Nazalath,eonar,1290,evoker,preservation,36,17,19
6260,Discodidling,silvermoon,1287,evoker,preservation,63,32,31
6261,Malfø,exodar,1282,evoker,preservation,115,58,57
6262,Asinitaris,ravencrest,1279,evoker,preservation,47,26,21
6263,Superflyy,kazzak,1278,evoker,preservation,110,42,68
6264,Lynastrasza,silvermoon,1274,evoker,preservation,147,78,69
6265,Dragonerr,kiljaeden,1273,evoker,preservation,36,20,16
6266,Vaermithor,tarren-mill,1270,evoker,preservation,59,33,26
6267,Drackheal,kaelthas,1269,evoker,preservation,35,21,14
6268,Erhvoker,veknilash,1269,evoker,preservation,69,29,40
6269,Ludracy,antonidas,1267,evoker,preservation,66,34,32
6270,Thundermifln,nemesis,1264,evoker,preservation,42,23,19
6271,Nagoli,silvermoon,1250,evoker,preservation,55,26,29
6272,Dinotron,uldaman,1249,evoker,preservation,54,27,27
6273,Jkdrage,stormscale,1247,evoker,preservation,24,13,11
6274,Najikí,tarren-mill,1247,evoker,preservation,24,13,11
6275,Chasxstrasza,ravencrest,1247,evoker,preservation,36,13,23
6276,Novvae,hyjal,1243,evoker,preservation,24,13,11
6277,Crottedezen,archimonde,1243,evoker,preservation,30,13,17
6278,Apaçi,ravencrest,1243,evoker,preservation,51,19,32
6279,Kymura,archimonde,1239,evoker,preservation,30,13,17
6280,Тектрис,howling-fjord,1238,evoker,preservation,126,58,68
6281,Shnptyr,ragnaros,1236,evoker,preservation,30,16,14
6282,Beenus,doomhammer,1228,evoker,preservation,36,24,12
6283,Pelington,silvermoon,1227,evoker,preservation,24,13,11
6284,Âbs,archimonde,1227,evoker,preservation,99,41,58
6285,Патриотика,howling-fjord,1225,evoker,preservation,59,26,33
6286,Stjáuni,ravencrest,1218,evoker,preservation,46,23,23
6287,Lojinevo,twisting-nether,1215,evoker,preservation,95,43,52
6288,Ruinastrasza,silvermoon,1212,evoker,preservation,24,13,11
6289,Varaug,veklor,1211,evoker,preservation,40,25,15
6290,Muccavok,stormrage,1204,evoker,preservation,36,20,16
6291,Amaterãsu,kazzak,1204,evoker,preservation,43,21,22
6292,Kurger,twisting-nether,1198,evoker,preservation,39,17,22
6293,Jimmytrivet,archimonde,1198,evoker,preservation,39,16,23
6294,Yeetsera,thrall,1195,evoker,preservation,58,25,33
6295,Howtodragon,twisting-nether,1189,evoker,preservation,36,17,19
6296,Ohcaralho,outland,1188,evoker,preservation,39,16,23
6297,Nivoker,kazzak,1182,evoker,preservation,27,13,14
6298,Uztfuzt,blackmoore,1178,evoker,preservation,40,27,13
6299,Belkavoker,zirkel-des-cenarius,1177,evoker,preservation,42,14,28
6300,Dragonna,argent-dawn,1171,evoker,preservation,48,23,25
6301,Zethreus,silvermoon,1170,evoker,preservation,58,30,28
6302,Dayandnight,quelthalas,1170,evoker,preservation,60,28,32
6303,Aphi,frostwolf,1170,evoker,preservation,57,26,31
6304,Tennin,thrall,1157,evoker,preservation,45,27,18
6305,Eagleflow,aszune,1154,evoker,preservation,31,13,18
6306,Gardenewt,ravencrest,1152,evoker,preservation,18,12,6
6307,Jmy,bloodhoof,1152,evoker,preservation,18,12,6
6308,Anso,sanguino,1152,evoker,preservation,48,23,25
6309,Mistrßroducr,stormreaver,1151,evoker,preservation,24,12,12
6310,Hehehihihaha,ravencrest,1151,evoker,preservation,24,12,12
6311,Elleavo,tarren-mill,1149,evoker,preservation,30,12,18
6312,Ámenó,stormscale,1148,evoker,preservation,18,12,6
6313,Dragawn,grim-batol,1147,evoker,preservation,73,41,32
6314,Nekrosdrake,tarren-mill,1146,evoker,preservation,24,12,12
6315,Sinusiitiis,destromath,1142,evoker,preservation,18,12,6
6316,Wrcdragon,drakthul,1141,evoker,preservation,24,12,12
6317,Ryujíin,kazzak,1139,evoker,preservation,23,12,11
6318,Donns,frostmane,1125,evoker,preservation,22,13,9
6319,Adnoc,tarren-mill,1124,evoker,preservation,19,13,6
6320,Алифсе,howling-fjord,1123,evoker,preservation,60,18,42
6321,Drachenglas,antonidas,1112,evoker,preservation,30,13,17
6322,Sibvoker,kazzak,1107,evoker,preservation,57,23,34
6323,Алекстраса,blackscar,1097,evoker,preservation,30,16,14
6324,Saphirá,hyjal,1094,evoker,preservation,28,13,15
6325,Wingzy,chogall,1090,evoker,preservation,188,89,99
6326,Singe,nemesis,1081,evoker,preservation,48,12,36
6327,Drakeish,kazzak,1077,evoker,preservation,29,13,16
6328,Blackli,kazzak,1074,evoker,preservation,33,14,19
6329,Tsukiko,archimonde,1074,evoker,preservation,31,12,19
6330,Pikiscalez,bronzebeard,1072,evoker,preservation,24,12,12
6331,Viseron,zuljin,1067,evoker,preservation,57,19,38
6332,Saucy,sanguino,1063,evoker,preservation,18,12,6
6333,Lizardofoz,argent-dawn,1058,evoker,preservation,30,18,12
6334,Вискписк,soulflayer,1056,evoker,preservation,12,11,1
6335,Berlyvoke,stormscale,1056,evoker,preservation,18,11,7
6336,Omac,sylvanas,1055,evoker,preservation,18,11,7
6337,Samidr,ravencrest,1054,evoker,preservation,30,11,19
6338,Bombrush,ragnaros,1052,evoker,preservation,27,15,12
6339,Dragonsimp,archimonde,1047,evoker,preservation,18,11,7
6340,Sarapakara,burning-blade,1047,evoker,preservation,24,11,13
6341,Уконэ,blackscar,1047,evoker,preservation,30,12,18
6342,Zeigrem,antonidas,1044,evoker,preservation,12,11,1
6343,Thymian,ambossar,1041,evoker,preservation,86,43,43
6344,Predatax,drakthul,1039,evoker,preservation,142,71,71
6345,Deadfyre,dun-modr,1034,evoker,preservation,24,13,11
6346,Rafale,the-maelstrom,1029,evoker,preservation,47,22,25
6347,Chrisú,thrall,1029,evoker,preservation,30,12,18
6348,Шадофдрагон,deathweaver,1027,evoker,preservation,36,24,12
6349,Zathîel,argent-dawn,1026,evoker,preservation,149,64,85
6350,Drazor,blackhand,1021,evoker,preservation,23,11,12
6351,Spirow,archimonde,1019,evoker,preservation,24,14,10
6352,Navilism,kazzak,1004,evoker,preservation,179,93,86
6353,Archont,eredar,999,evoker,preservation,42,12,30
6354,Draklorn,moonglade,997,evoker,preservation,35,18,17
6355,Morlie,argent-dawn,997,evoker,preservation,70,32,38
6356,Tf,doomhammer,988,evoker,preservation,40,15,25
6357,Palindre,argent-dawn,987,evoker,preservation,29,14,15
6358,Retyss,twisting-nether,978,evoker,preservation,295,143,152
6359,Hool,silvermoon,975,evoker,preservation,120,59,61
6360,Slashlowe,archimonde,972,evoker,preservation,36,17,19
6361,Reddeaddrago,silvermoon,966,evoker,preservation,44,24,20
6362,Folevo,stormreaver,965,evoker,preservation,151,58,93
6363,Ecovoker,outland,960,evoker,preservation,18,10,8
6364,Salamanderx,stormscale,959,evoker,preservation,12,10,2
6365,Mauül,ravencrest,959,evoker,preservation,12,10,2
6366,Thèrèse,hyjal,959,evoker,preservation,24,10,14
6367,Eidachsal,antonidas,959,evoker,preservation,36,10,26
6368,Síire,ravencrest,958,evoker,preservation,12,10,2
6369,Skypov,sylvanas,957,evoker,preservation,18,10,8
6370,Kleftra,stormscale,954,evoker,preservation,18,10,8
6371,Fubukinoryuu,frostwolf,954,evoker,preservation,18,10,8
6372,Bobonakia,sylvanas,950,evoker,preservation,24,10,14
6373,Raøug,blackmoore,950,evoker,preservation,30,10,20
6374,Jhoanna,grim-batol,938,evoker,preservation,30,15,15
6375,Pigioto,silvermoon,937,evoker,preservation,145,68,77
6376,Винтер,azuregos,935,evoker,preservation,19,11,8
6377,Drakars,kazzak,934,evoker,preservation,50,23,27
6378,Vozzat,stormscale,934,evoker,preservation,24,11,13
6379,Morsan,tichondrius,931,evoker,preservation,36,19,17
6380,Jurrassic,defias-brotherhood,929,evoker,preservation,18,10,8
6381,Branados,argent-dawn,926,evoker,preservation,18,10,8
6382,Vores,norgannon,908,evoker,preservation,59,26,33
6383,Cárried,twilights-hammer,902,evoker,preservation,33,11,22
6384,Canitabravar,cthun,898,evoker,preservation,60,30,30
6385,Marasz,silvermoon,893,evoker,preservation,42,22,20
6386,Eosin,blackrock,890,evoker,preservation,23,10,13
6387,Drachi,ambossar,880,evoker,preservation,78,35,43
6388,Jamesdouglas,eredar,867,evoker,preservation,18,10,8
6389,Dreamwalk,archimonde,864,evoker,preservation,12,9,3
6390,Antifightx,kazzak,864,evoker,preservation,12,9,3
6391,Drgigapump,blackmoore,864,evoker,preservation,18,9,9
6392,Dracum,kazzak,864,evoker,preservation,18,9,9
6393,Moondraka,outland,864,evoker,preservation,18,9,9
6394,Kremost,sylvanas,864,evoker,preservation,18,9,9
6395,Мишанячешуя,gordunni,863,evoker,preservation,12,9,3
6396,Cupcâke,dalaran,863,evoker,preservation,18,9,9
6397,Valtion,stormscale,863,evoker,preservation,18,9,9
6398,Anlong,alakir,863,evoker,preservation,23,10,13
6399,Lazurius,ravencrest,863,evoker,preservation,24,9,15
6400,Etier,aegwynn,862,evoker,preservation,18,9,9
6401,Sissilisko,sylvanas,861,evoker,preservation,12,9,3
6402,Blazeros,sylvanas,861,evoker,preservation,36,15,21
6403,Lynt,burning-blade,860,evoker,preservation,12,9,3
6404,Nisiris,doomhammer,860,evoker,preservation,12,9,3
6405,Mistvoke,kazzak,860,evoker,preservation,18,9,9
6406,Lithnxv,bladefist,859,evoker,preservation,18,9,9
6407,Aphelïon,dun-modr,859,evoker,preservation,24,9,15
6408,Evok,deathwing,858,evoker,preservation,24,10,14
6409,Мйлкйвей,deathguard,852,evoker,preservation,11,10,1
6410,Gilgakek,darksorrow,852,evoker,preservation,24,9,15
6411,Javåscript,outland,849,evoker,preservation,18,9,9
6412,Kuubski,ravencrest,846,evoker,preservation,14,11,3
6413,Sumo,burning-legion,841,evoker,preservation,36,16,20
6414,Drâkarys,khaz-modan,839,evoker,preservation,35,10,25
6415,Damssx,medivh,837,evoker,preservation,21,11,10
6416,Viseriðn,archimonde,827,evoker,preservation,24,9,15
6417,Miumyuki,drakthul,815,evoker,preservation,54,21,33
6418,Мэриджэин,soulflayer,809,evoker,preservation,21,9,12
6419,Aayala,dalaran,806,evoker,preservation,21,9,12
6420,Yadormi,sylvanas,795,evoker,preservation,42,16,26
6421,Dratheon,dun-modr,794,evoker,preservation,32,10,22
6422,Тирдде,deathweaver,791,evoker,preservation,78,32,46
6423,Верметор,soulflayer,773,evoker,preservation,90,27,63
6424,Nst,zuljin,768,evoker,preservation,12,8,4
6425,Zemar,dalaran,768,evoker,preservation,12,8,4
6426,Zendaë,archimonde,768,evoker,preservation,12,8,4
6427,Ringil,tarren-mill,768,evoker,preservation,18,8,10
6428,Jaje,nerathor,768,evoker,preservation,18,8,10
6429,Blyatcuka,kazzak,767,evoker,preservation,12,8,4
6430,Baszz,aegwynn,767,evoker,preservation,18,8,10
6431,Мефодийевок,howling-fjord,767,evoker,preservation,18,8,10
6432,Chronowalker,ragnaros,767,evoker,preservation,18,8,10
6433,Draelaynex,eredar,767,evoker,preservation,24,8,16
6434,Stormwing,twilights-hammer,765,evoker,preservation,12,8,4
6435,Ithijin,blackmoore,765,evoker,preservation,18,8,10
6436,Mfdragon,grim-batol,765,evoker,preservation,24,8,16
6437,Smrdimipytel,drakthul,765,evoker,preservation,28,8,20
6438,Уполнамоченн,soulflayer,764,evoker,preservation,12,8,4
6439,Azurewings,argent-dawn,764,evoker,preservation,36,9,27
6440,Mikevoker,aegwynn,763,evoker,preservation,12,8,4
6441,Nagimurr,kazzak,763,evoker,preservation,12,8,4
6442,Arecibo,tarren-mill,762,evoker,preservation,12,8,4
6443,Dreamiee,kazzak,758,evoker,preservation,24,8,16
6444,Dragonrocker,silvermoon,757,evoker,preservation,24,8,16
6445,Дрэгтир,lich-king,755,evoker,preservation,14,8,6
6446,Nahfr,terenas,736,evoker,preservation,22,8,14
6447,Evodorie,ravencrest,703,evoker,preservation,14,8,6
6448,Scaleyfurry,azshara,702,evoker,preservation,15,9,6
6449,Vyron,amanthul,702,evoker,preservation,16,8,8
6450,Sunfyres,frostmane,679,evoker,preservation,28,8,20
6451,Stormnn,kazzak,672,evoker,preservation,12,7,5
6452,Fûrý,twisting-nether,672,evoker,preservation,12,7,5
6453,Blazelt,blackrock,672,evoker,preservation,12,7,5
6454,Sârmikas,blackhand,672,evoker,preservation,12,7,5
6455,Elcocodrilo,tarren-mill,672,evoker,preservation,12,7,5
6456,Evyzz,blackmoore,672,evoker,preservation,12,7,5
6457,Kharduk,outland,672,evoker,preservation,15,8,7
6458,Sulführer,sanguino,672,evoker,preservation,18,7,11
6459,Spacebreath,ravencrest,672,evoker,preservation,18,7,11
6460,Dragarius,tarren-mill,672,evoker,preservation,18,7,11
6461,Detdragetid,zenedar,672,evoker,preservation,24,7,17
6462,Орехдракона,gordunni,671,evoker,preservation,12,7,5
6463,Drakkujjer,twisting-nether,671,evoker,preservation,12,7,5
6464,Draaxy,twisting-nether,671,evoker,preservation,15,8,7
6465,Fusanabide,kazzak,671,evoker,preservation,14,7,7
6466,Karristrasza,silvermoon,671,evoker,preservation,18,7,11
6467,Myszostrasza,burning-legion,670,evoker,preservation,12,7,5
6468,Esalisko,kazzak,670,evoker,preservation,12,7,5
6469,Nedflanderss,silvermoon,670,evoker,preservation,12,7,5
6470,Smokitor,kazzak,670,evoker,preservation,12,7,5
6471,Coaxoch,thunderhorn,670,evoker,preservation,12,7,5
6472,Leblon,stormreaver,670,evoker,preservation,12,7,5
6473,Draevil,emerald-dream,669,evoker,preservation,18,7,11
6474,Lapaneri,sylvanas,669,evoker,preservation,24,7,17
6475,Dracnass,silvermoon,668,evoker,preservation,12,7,5
6476,Prikkedøden,grim-batol,668,evoker,preservation,18,7,11
6477,Acnologîa,ysondre,665,evoker,preservation,12,7,5
6478,Gihzmo,tarren-mill,664,evoker,preservation,12,7,5
6479,Эбиб,gordunni,664,evoker,preservation,18,7,11
6480,Awfultrash,archimonde,655,evoker,preservation,23,7,16
6481,Sính,ravencrest,576,evoker,preservation,12,6,6
6482,Sindragonk,ravencrest,576,evoker,preservation,12,6,6
6483,Вексалис,gordunni,576,evoker,preservation,12,6,6
6484,Krayvoker,tarren-mill,576,evoker,preservation,12,6,6
6485,Parodize,thrall,576,evoker,preservation,12,6,6
6486,Mesarin,eredar,576,evoker,preservation,12,6,6
6487,Jacko,nemesis,576,evoker,preservation,12,6,6
6488,Talynn,sylvanas,576,evoker,preservation,12,6,6
6489,Dedx,sylvanas,576,evoker,preservation,12,6,6
6490,Bluesaphir,ravencrest,576,evoker,preservation,12,6,6
6491,Iandret,destromath,576,evoker,preservation,12,6,6
6492,Snipy,burning-legion,576,evoker,preservation,12,6,6
6493,Lolprevoker,outland,576,evoker,preservation,18,6,12
6494,Discodraken,stormscale,576,evoker,preservation,18,6,12
6495,Myntara,tarren-mill,576,evoker,preservation,18,6,12
6496,Enzetrius,argent-dawn,576,evoker,preservation,18,6,12
6497,Lìssàndra,argent-dawn,576,evoker,preservation,24,6,18
6498,Raegos,ravencrest,575,evoker,preservation,12,6,6
6499,Pasqvoker,ravencrest,575,evoker,preservation,12,6,6
6500,Draccaris,silvermoon,575,evoker,preservation,12,6,6
6501,Nevara,ragnaros,575,evoker,preservation,12,6,6
6502,Tarystrasza,blackrock,574,evoker,preservation,12,6,6
6503,Groovyy,hyjal,574,evoker,preservation,12,6,6
6504,Schenlong,kelthuzad,574,evoker,preservation,12,6,6
6505,Drakpojke,stormscale,574,evoker,preservation,12,6,6
6506,Dracarysfire,kazzak,573,evoker,preservation,12,6,6
6507,Ewings,archimonde,573,evoker,preservation,24,6,18
6508,Steeken,haomarush,572,evoker,preservation,18,6,12
6509,Synhtol,ragnaros,564,evoker,preservation,18,6,12
6510,ßëkûsåùrús,ragnaros,559,evoker,preservation,17,6,11
6511,Rasalhague,uldum,522,evoker,preservation,15,6,9
6512,Dracarysx,grim-batol,520,evoker,preservation,15,7,8
6513,Drakthur,terenas,519,evoker,preservation,27,7,20
6514,Tyuz,antonidas,509,evoker,preservation,14,6,8
6515,Holyvoker,aegwynn,480,evoker,preservation,6,5,1
6516,Sürion,grim-batol,480,evoker,preservation,6,5,1
6517,Stêwpit,blackhand,480,evoker,preservation,6,5,1
6518,Jmyzard,tarren-mill,480,evoker,preservation,10,6,4
6519,Lichbõrne,outland,480,evoker,preservation,12,5,7
6520,Alanikus,silvermoon,480,evoker,preservation,12,5,7
6521,Vizdraken,tarren-mill,480,evoker,preservation,12,5,7
6522,Deathwingx,sylvanas,480,evoker,preservation,12,5,7
6523,Soupmah,silvermoon,480,evoker,preservation,12,5,7
6524,Alamostrasza,doomhammer,480,evoker,preservation,12,5,7
6525,Bigreddragon,outland,480,evoker,preservation,12,5,7
6526,Fnom,hyjal,480,evoker,preservation,12,5,7
6527,Uwudyret,tarren-mill,480,evoker,preservation,12,5,7
6528,Dragonsito,cthun,480,evoker,preservation,12,5,7
6529,Óceiros,silvermoon,480,evoker,preservation,12,5,7
6530,Iwaavoker,archimonde,480,evoker,preservation,12,5,7
6531,Nemrák,blackmoore,480,evoker,preservation,12,5,7
6532,Emeraldcomun,twisting-nether,480,evoker,preservation,12,5,7
6533,Reptak,stormscale,480,evoker,preservation,12,5,7
6534,Evoris,frostmane,480,evoker,preservation,12,5,7
6535,Evokoloko,outland,480,evoker,preservation,12,5,7
6536,Голденджо,gordunni,480,evoker,preservation,23,5,18
6537,Rise,tarren-mill,480,evoker,preservation,24,5,19
6538,Draktoros,kazzak,479,evoker,preservation,6,5,1
6539,Sudrac,antonidas,479,evoker,preservation,12,5,7
6540,Verithian,kazzak,479,evoker,preservation,12,5,7
6541,Luftwaffel,blackmoore,479,evoker,preservation,12,5,7
6542,Dmn,defias-brotherhood,479,evoker,preservation,12,5,7
6543,Kaiser,trollbane,479,evoker,preservation,12,5,7
6544,Shosk,chamber-of-aspects,479,evoker,preservation,12,5,7
6545,Kampe,nemesis,479,evoker,preservation,12,5,7
6546,Scaleflux,argent-dawn,479,evoker,preservation,12,5,7
6547,Puffdaddyxd,twisting-nether,479,evoker,preservation,12,5,7
6548,Dragondisnut,sylvanas,479,evoker,preservation,12,5,7
6549,Zymotîx,stormscale,479,evoker,preservation,18,5,13
6550,Baléryon,archimonde,478,evoker,preservation,6,5,1
6551,Haawwt,eredar,478,evoker,preservation,12,5,7
6552,Kärlethos,dun-modr,478,evoker,preservation,12,5,7
6553,Widow,chromaggus,478,evoker,preservation,12,5,7
6554,Bbuszek,outland,478,evoker,preservation,18,5,13
6555,Fodom,medivh,477,evoker,preservation,12,5,7
6556,Dragorasi,frostwolf,476,evoker,preservation,24,5,19
6557,Гарил,grom,475,evoker,preservation,12,5,7
6558,Fricandela,sanguino,472,evoker,preservation,12,5,7
6559,Avizz,tarren-mill,462,evoker,preservation,17,8,9
6560,Zerario,blackhand,447,evoker,preservation,11,5,6
6561,Thyriån,kazzak,447,evoker,preservation,11,5,6
6562,Эфирид,blackscar,443,evoker,preservation,17,5,12
6563,Jcloud,shattered-hand,432,evoker,preservation,15,5,10
6564,Grajade,dun-modr,422,evoker,preservation,15,6,9
6565,Krakadayle,archimonde,384,evoker,preservation,6,4,2
6566,Roastedpig,kazzak,384,evoker,preservation,6,4,2
6567,Zaffira,kazzak,384,evoker,preservation,6,4,2
6568,Aymoreth,argent-dawn,384,evoker,preservation,6,4,2
6569,Drakatha,kazzak,384,evoker,preservation,6,4,2
6570,Dracronix,the-maelstrom,384,evoker,preservation,6,4,2
6571,Bindrasz,ahnqiraj,384,evoker,preservation,6,4,2
6572,Pe,dalaran,384,evoker,preservation,6,4,2
6573,Pflanz,nozdormu,384,evoker,preservation,6,4,2
6574,Darigo,ravencrest,384,evoker,preservation,6,4,2
6575,Пидрактир,soulflayer,384,evoker,preservation,6,4,2
6576,Nhoru,stormscale,384,evoker,preservation,6,4,2
6577,Sondosa,twisting-nether,384,evoker,preservation,12,4,8
6578,Hyggëê,sanguino,384,evoker,preservation,12,4,8
6579,Nerfevøker,ragnaros,384,evoker,preservation,12,4,8
6580,Mirajhti,blackrock,384,evoker,preservation,12,4,8
6581,Castytopg,blackrock,384,evoker,preservation,12,4,8
6582,Killafoolz,kazzak,384,evoker,preservation,12,4,8
6583,Evokker,antonidas,384,evoker,preservation,12,4,8
6584,Toílet,blackmoore,384,evoker,preservation,12,4,8
6585,Fogwing,ravencrest,384,evoker,preservation,18,4,14
6586,Drakutyr,defias-brotherhood,383,evoker,preservation,6,4,2
6587,Timeshifter,stormscale,383,evoker,preservation,6,4,2
6588,Кефтыме,soulflayer,383,evoker,preservation,6,4,2
6589,Doriangray,drakthul,383,evoker,preservation,6,4,2
6590,Entombevoker,twisting-nether,383,evoker,preservation,6,4,2
6591,Zahaak,doomhammer,383,evoker,preservation,6,4,2
6592,Drakares,la-croisade-écarlate,383,evoker,preservation,12,4,8
6593,Vereeza,draenor,383,evoker,preservation,12,4,8
6594,Flawxy,blackmoore,383,evoker,preservation,12,4,8
6595,Drogøn,khaz-modan,383,evoker,preservation,12,4,8
6596,Yaldthion,dun-modr,383,evoker,preservation,18,4,14
6597,Steadyop,doomhammer,382,evoker,preservation,6,4,2
6598,Dreiwyn,kazzak,382,evoker,preservation,6,4,2
6599,Dolceprada,stormscale,381,evoker,preservation,12,4,8
6600,Мизурион,gordunni,379,evoker,preservation,12,4,8
6601,Blackwing,twilights-hammer,351,evoker,preservation,16,4,12
6602,Sinastral,sanguino,350,evoker,preservation,11,4,7
6603,Keizal,twisting-nether,288,evoker,preservation,6,3,3
6604,Zordrach,quelthalas,288,evoker,preservation,6,3,3
6605,Saphiraa,lightnings-blade,288,evoker,preservation,6,3,3
6606,Jackarlys,outland,288,evoker,preservation,6,3,3
6607,Rømmegrøt,tarren-mill,288,evoker,preservation,6,3,3
6608,Rhaenîra,twisting-nether,288,evoker,preservation,6,3,3
6609,Ladrieth,hyjal,288,evoker,preservation,6,3,3
6610,Icemushu,twisting-nether,288,evoker,preservation,6,3,3
6611,Setoc,blackrock,288,evoker,preservation,6,3,3
6612,Jmý,tarren-mill,288,evoker,preservation,6,3,3
6613,Asrwea,draenor,288,evoker,preservation,6,3,3
6614,Distinkd,draenor,288,evoker,preservation,6,3,3
6615,Konstraz,kazzak,288,evoker,preservation,6,3,3
6616,Yesdaddyowo,draenor,288,evoker,preservation,6,3,3
6617,Viseriøn,kazzak,288,evoker,preservation,6,3,3
6618,Meezyevo,ragnaros,288,evoker,preservation,6,3,3
6619,Rippo,tarren-mill,288,evoker,preservation,6,3,3
6620,Niffdra,twisting-nether,288,evoker,preservation,6,3,3
6621,Ivokerz,tarren-mill,288,evoker,preservation,6,3,3
6622,Renalia,blackrock,288,evoker,preservation,6,3,3
6623,Nezruslfarm,cthun,288,evoker,preservation,6,3,3
6624,Eurydíke,blackhand,288,evoker,preservation,6,3,3
6625,Моралдракон,soulflayer,288,evoker,preservation,6,3,3
6626,Drageye,tarren-mill,288,evoker,preservation,6,3,3
6627,Pruttburk,draenor,288,evoker,preservation,6,3,3
6628,Tactician,stormreaver,288,evoker,preservation,6,3,3
6629,Escaaboy,stormscale,288,evoker,preservation,6,3,3
6630,Dangai,draenor,288,evoker,preservation,6,3,3
6631,Kanketo,ravencrest,288,evoker,preservation,6,3,3
6632,Drachenlilie,aegwynn,288,evoker,preservation,6,3,3
6633,Azwel,khaz-modan,288,evoker,preservation,6,3,3
6634,Evokimag,grim-batol,288,evoker,preservation,6,3,3
6635,Botomforgold,ravencrest,288,evoker,preservation,6,3,3
6636,Сулистраза,blackscar,288,evoker,preservation,6,3,3
6637,Speckjarrow,blackrock,288,evoker,preservation,6,3,3
6638,Vyore,silvermoon,288,evoker,preservation,6,3,3
6639,Colacorta,zuljin,288,evoker,preservation,6,3,3
6640,Cadwalader,blades-edge,288,evoker,preservation,12,3,9
6641,Bemil,twisting-nether,288,evoker,preservation,12,3,9
6642,Websensation,twisting-nether,288,evoker,preservation,12,3,9
6643,Боевойхомякд,howling-fjord,288,evoker,preservation,12,3,9
6644,Taktcik,archimonde,288,evoker,preservation,12,3,9
6645,Dreamdoll,tarren-mill,288,evoker,preservation,12,3,9
6646,Reelona,silvermoon,288,evoker,preservation,12,3,9
6647,Horiz,kazzak,288,evoker,preservation,12,3,9
6648,Monftroglou,archimonde,288,evoker,preservation,12,3,9
6649,Moltenazo,dun-modr,288,evoker,preservation,13,3,10
6650,Милеис,soulflayer,287,evoker,preservation,6,3,3
6651,Büsselberg,blackmoore,287,evoker,preservation,6,3,3
6652,Elexatra,hyjal,287,evoker,preservation,12,3,9
6653,Valystrá,die-aldor,285,evoker,preservation,24,3,21
6654,Trellie,die-aldor,255,evoker,preservation,11,3,8
6655,Agnî,sanguino,240,evoker,preservation,9,3,6
6656,Smoochbumble,argent-dawn,240,evoker,preservation,9,3,6
6657,Nêrifiel,hyjal,239,evoker,preservation,5,3,2
6658,Mugeki,burning-legion,234,evoker,preservation,7,4,3
6659,Baranzion,twisting-nether,207,evoker,preservation,8,3,5
6660,Иванза,howling-fjord,192,evoker,preservation,6,2,4
6661,Myndragosa,varimathras,192,evoker,preservation,6,2,4
6662,Høt,nemesis,192,evoker,preservation,6,2,4
6663,Arbîter,eredar,192,evoker,preservation,6,2,4
6664,Dägon,drakthul,192,evoker,preservation,6,2,4
6665,Freesckretx,archimonde,192,evoker,preservation,6,2,4
6666,Azurog,blackmoore,192,evoker,preservation,6,2,4
6667,Nordomu,silvermoon,192,evoker,preservation,6,2,4
6668,Cousinbetty,defias-brotherhood,192,evoker,preservation,6,2,4
6669,Dno,archimonde,192,evoker,preservation,6,2,4
6670,Flipflapflop,twisting-nether,192,evoker,preservation,6,2,4
6671,Dragonzo,arathor,192,evoker,preservation,6,2,4
6672,Adriia,ravencrest,192,evoker,preservation,6,2,4
6673,Arniye,ravencrest,192,evoker,preservation,6,2,4
6674,Shinad,ravencrest,192,evoker,preservation,6,2,4
6675,Faijer,blackmoore,192,evoker,preservation,6,2,4
6676,Mistime,twisting-nether,192,evoker,preservation,6,2,4
6677,Pureshot,archimonde,192,evoker,preservation,6,2,4
6678,Sheràqt,blackrock,192,evoker,preservation,6,2,4
6679,Crazylucifer,kazzak,192,evoker,preservation,6,2,4
6680,Voldermort,ravencrest,192,evoker,preservation,6,2,4
6681,Invinite,blackrock,192,evoker,preservation,6,2,4
6682,Youzfull,blackrock,192,evoker,preservation,6,2,4
6683,Puzzles,ravencrest,192,evoker,preservation,6,2,4
6684,Lînkôs,aegwynn,192,evoker,preservation,6,2,4
6685,Vermithors,ravencrest,192,evoker,preservation,6,2,4
6686,Glurak,stormscale,192,evoker,preservation,6,2,4
6687,Margouillax,archimonde,192,evoker,preservation,12,2,10
6688,Pico,madmortem,192,evoker,preservation,12,2,10
6689,Dracipsouk,drakthul,192,evoker,preservation,18,2,16
6690,Touge,varimathras,191,evoker,preservation,6,2,4
6691,Yuyux,sanguino,191,evoker,preservation,6,2,4
6692,Drazikz,archimonde,191,evoker,preservation,6,2,4
6693,Azza,uldum,191,evoker,preservation,12,2,10
6694,Charezard,draenor,159,evoker,preservation,5,2,3
6695,Eldrax,emerald-dream,159,evoker,preservation,5,2,3
6696,Stinka,blackmoore,138,evoker,preservation,9,5,4
6697,Primepewpew,ragnaros,138,evoker,preservation,15,3,12
6698,Zzaazaa,argent-dawn,137,evoker,preservation,10,3,7
6699,Odiin,dun-modr,96,evoker,preservation,3,2,1
6700,Yaboismok,burning-legion,96,evoker,preservation,6,1,5
6701,Kaezmasterx,blackrock,96,evoker,preservation,6,1,5
6702,Alphabét,ravencrest,96,evoker,preservation,6,1,5
6703,Reska,archimonde,96,evoker,preservation,6,1,5
6704,Hizzo,burning-legion,96,evoker,preservation,6,1,5
6705,Iblvicanfly,stormscale,96,evoker,preservation,6,1,5
6706,Kitoed,aegwynn,96,evoker,preservation,6,1,5
6707,Awienz,kazzak,96,evoker,preservation,6,1,5
6708,Mulqahdiiv,archimonde,96,evoker,preservation,6,1,5
6709,Chocodragon,blackmoore,96,evoker,preservation,6,1,5
6710,Macdrac,area-52,96,evoker,preservation,6,1,5
6711,Hakuzah,terokkar,96,evoker,preservation,6,1,5
6712,Смехокрыл,deathguard,96,evoker,preservation,6,1,5
6713,Ch,ghostlands,96,evoker,preservation,6,1,5
6714,Галактиг,thermaplugg,96,evoker,preservation,6,1,5
6715,Drakenballen,ragnaros,96,evoker,preservation,6,1,5
6716,Brystrasza,quelthalas,96,evoker,preservation,6,1,5
6717,Tályn,twisting-nether,96,evoker,preservation,6,1,5
6718,Oogabuga,outland,96,evoker,preservation,6,1,5
6719,Targzæ,hyjal,96,evoker,preservation,6,1,5
6720,Vatiras,magtheridon,96,evoker,preservation,6,1,5
6721,Ceerdrogo,twisting-nether,96,evoker,preservation,9,1,8
6722,Dragonban,tarren-mill,96,evoker,preservation,12,1,11
6723,Vullgred,sylvanas,96,evoker,preservation,12,1,11
6724,Sopollina,draenor,96,evoker,preservation,12,1,11
6725,Frreeyya,silvermoon,96,evoker,preservation,12,1,11
6726,Kamings,outland,95,evoker,preservation,8,1,7
6727,Fluffykoi,silvermoon,95,evoker,preservation,12,1,11
6728,Imend,stormscale,79,evoker,preservation,5,1,4
6729,Sentos,blackmoore,64,evoker,preservation,10,1,9
6730,Балрогхаоса,gordunni,63,evoker,preservation,2,2,0
6731,Nickydragonx,stormscale,42,evoker,preservation,10,3,7
6732,Minikuja,culte-de-la-rive-noire,31,evoker,preservation,2,1,1
6733,Rexzstrasza,eredar,2114,evoker,devastation,78,49,29
6734,Sârmikas,blackhand,2113,evoker,devastation,120,67,53
6735,Kàido,ravencrest,2110,evoker,devastation,360,185,175
6736,Heõ,twisting-nether,2058,evoker,devastation,87,41,46
6737,Babodrake,blackhand,2019,evoker,devastation,55,27,28
6738,Claxy,ragnaros,1952,evoker,devastation,72,38,34
6739,Brokz,twisting-nether,1938,evoker,devastation,94,49,45
6740,Wexvoker,darksorrow,1936,evoker,devastation,109,59,50
6741,Drakenyasha,tarren-mill,1929,evoker,devastation,165,78,87
6742,Нерфсрочно,gordunni,1914,evoker,devastation,162,78,84
6743,Edvoker,twisting-nether,1909,evoker,devastation,78,42,36
6744,Darkssoul,outland,1904,evoker,devastation,90,48,42
6745,Eldunaries,argent-dawn,1896,evoker,devastation,78,43,35
6746,Ízma,ravencrest,1893,evoker,devastation,180,93,87
6747,Twodeep,blackrock,1874,evoker,devastation,60,33,27
6748,Enzetrius,argent-dawn,1868,evoker,devastation,30,20,10
6749,Dracohfeu,archimonde,1868,evoker,devastation,54,31,23
6750,Hehehihihaha,ravencrest,1866,evoker,devastation,54,25,29
6751,Meust,blackrock,1864,evoker,devastation,42,28,14
6752,Nigesaurus,burning-legion,1862,evoker,devastation,39,21,18
6753,Frozendragon,twisting-nether,1849,evoker,devastation,45,32,13
6754,Xzvoker,kazzak,1848,evoker,devastation,134,67,67
6755,Sagrax,silvermoon,1835,evoker,devastation,68,40,28
6756,Mizamiza,blackrock,1832,evoker,devastation,142,75,67
6757,Korvi,ravencrest,1830,evoker,devastation,44,25,19
6758,Lizardbøi,blackhand,1827,evoker,devastation,66,33,33
6759,Драгонтьма,gordunni,1823,evoker,devastation,65,33,32
6760,Ryujíin,kazzak,1821,evoker,devastation,60,37,23
6761,Obbwoke,ravencrest,1819,evoker,devastation,54,31,23
6762,Дракшотик,soulflayer,1817,evoker,devastation,30,19,11
6763,Jamzyevoker,emerald-dream,1816,evoker,devastation,49,26,23
6764,Amadeusx,ravencrest,1810,evoker,devastation,55,30,25
6765,Valdrakon,doomhammer,1807,evoker,devastation,66,39,27
6766,Animenorgam,alakir,1806,evoker,devastation,54,40,14
6767,Bigmacfrite,ysondre,1794,evoker,devastation,76,38,38
6768,Tremmérz,outland,1794,evoker,devastation,60,30,30
6769,Avë,kazzak,1790,evoker,devastation,77,39,38
6770,Diznutz,kazzak,1781,evoker,devastation,36,21,15
6771,Ipanicsoar,tarren-mill,1778,evoker,devastation,50,24,26
6772,Hanoostrasz,tarren-mill,1771,evoker,devastation,103,61,42
6773,Hollowbreath,sanguino,1770,evoker,devastation,174,86,88
6774,Sawk,archimonde,1766,evoker,devastation,90,57,33
6775,Lidldragon,argent-dawn,1760,evoker,devastation,26,20,6
6776,Famouszorc,sanguino,1760,evoker,devastation,156,92,64
6777,Merkels,blackmoore,1742,evoker,devastation,105,57,48
6778,Hëroinhenry,tarren-mill,1738,evoker,devastation,42,28,14
6779,Atoll,scarshield-legion,1732,evoker,devastation,43,20,23
6780,Evøkergøðx,outland,1719,evoker,devastation,38,20,18
6781,Lesgrossman,ravencrest,1716,evoker,devastation,30,18,12
6782,Kymaíra,hyjal,1716,evoker,devastation,48,22,26
6783,Melodio,outland,1713,evoker,devastation,60,37,23
6784,Irvethius,argent-dawn,1703,evoker,devastation,143,69,74
6785,Tezkaz,blackmoore,1700,evoker,devastation,172,91,81
6786,Хетсв,gordunni,1691,evoker,devastation,96,55,41
6787,Дарратель,gordunni,1688,evoker,devastation,147,78,69
6788,Jamiewing,ravencrest,1671,evoker,devastation,124,63,61
6789,Oontäälihis,ravencrest,1655,evoker,devastation,85,39,46
6790,Yuhabahha,kazzak,1653,evoker,devastation,166,87,79
6791,Dispelgodx,eredar,1647,evoker,devastation,42,20,22
6792,Dracoli,eredar,1646,evoker,devastation,85,45,40
6793,Cinnannoe,tarren-mill,1644,evoker,devastation,103,60,43
6794,Дреадди,soulflayer,1643,evoker,devastation,64,34,30
6795,Sürion,grim-batol,1642,evoker,devastation,60,33,27
6796,Ясъелинеры,gordunni,1640,evoker,devastation,54,31,23
6797,Archdragon,argent-dawn,1639,evoker,devastation,67,38,29
6798,Serulyon,draenor,1636,evoker,devastation,72,37,35
6799,Hyperan,twisting-nether,1635,evoker,devastation,82,40,42
6800,Piyuli,silvermoon,1632,evoker,devastation,47,27,20
6801,Papayoyo,draenor,1630,evoker,devastation,156,75,81
6802,Ironwing,sanguino,1627,evoker,devastation,387,204,183
6803,Evodraxx,hyjal,1627,evoker,devastation,36,17,19
6804,Zmej,twisting-nether,1621,evoker,devastation,36,17,19
6805,Саммеракс,gordunni,1619,evoker,devastation,54,22,32
6806,Ryuujin,outland,1618,evoker,devastation,42,20,22
6807,Rahzk,twisting-nether,1616,evoker,devastation,30,17,13
6808,Batsquatch,argent-dawn,1612,evoker,devastation,36,23,13
6809,Drazam,blackrock,1612,evoker,devastation,94,55,39
6810,Balthinar,argent-dawn,1612,evoker,devastation,42,17,25
6811,Draxxys,blackmoore,1607,evoker,devastation,48,23,25
6812,Denegos,sylvanas,1606,evoker,devastation,66,40,26
6813,Ludwoker,tarren-mill,1605,evoker,devastation,67,44,23
6814,Lizarduck,tarren-mill,1605,evoker,devastation,52,26,26
6815,Аймбадикабтв,howling-fjord,1605,evoker,devastation,60,29,31
6816,Мнякуня,howling-fjord,1600,evoker,devastation,46,24,22
6817,Fyndassil,blackrock,1599,evoker,devastation,48,17,31
6818,Pêengei,blackrock,1596,evoker,devastation,66,36,30
6819,Sintharion,ravencrest,1596,evoker,devastation,57,25,32
6820,Shimmerscale,blackhand,1590,evoker,devastation,105,59,46
6821,Krothus,outland,1590,evoker,devastation,124,67,57
6822,Ðø,antonidas,1589,evoker,devastation,35,18,17
6823,Инсейнмэн,soulflayer,1580,evoker,devastation,74,40,34
6824,Углекислот,howling-fjord,1580,evoker,devastation,60,26,34
6825,Фиамниэль,gordunni,1574,evoker,devastation,36,18,18
6826,Øxyom,archimonde,1570,evoker,devastation,46,27,19
6827,Duvahkahr,ragnaros,1570,evoker,devastation,45,20,25
6828,Ken,la-croisade-écarlate,1556,evoker,devastation,126,68,58
6829,Спайрок,gordunni,1556,evoker,devastation,103,49,54
6830,Ch,ghostlands,1551,evoker,devastation,41,20,21
6831,Cûddles,hyjal,1548,evoker,devastation,132,68,64
6832,Rokki,blackrock,1547,evoker,devastation,42,20,22
6833,Kuve,stormscale,1541,evoker,devastation,46,27,19
6834,Tetsú,tarren-mill,1541,evoker,devastation,42,23,19
6835,Kayly,twisting-nether,1540,evoker,devastation,42,29,13
6836,Lilpooper,bloodhoof,1536,evoker,devastation,45,24,21
6837,Hyperflexx,blackrock,1521,evoker,devastation,30,16,14
6838,Jeannedebruj,ravencrest,1520,evoker,devastation,75,29,46
6839,Emmagosa,argent-dawn,1512,evoker,devastation,48,27,21
6840,Drakea,sanguino,1511,evoker,devastation,74,40,34
6841,Tibimbo,blackrock,1506,evoker,devastation,68,39,29
6842,Feyrbrand,ysera,1506,evoker,devastation,86,48,38
6843,Arbylegion,outland,1506,evoker,devastation,106,58,48
6844,Ocanada,draenor,1506,evoker,devastation,54,28,26
6845,Ryuu,mazrigos,1498,evoker,devastation,29,16,13
6846,Mommystrasza,dentarg,1493,evoker,devastation,86,43,43
6847,Ruinastrasza,silvermoon,1490,evoker,devastation,145,71,74
6848,Agnî,sanguino,1490,evoker,devastation,82,40,42
6849,Kaynyxia,argent-dawn,1487,evoker,devastation,45,25,20
6850,Bodytypechad,ravencrest,1482,evoker,devastation,60,32,28
6851,Лабриса,galakrond,1482,evoker,devastation,70,32,38
6852,Dracyan,taerar,1479,evoker,devastation,42,24,18
6853,Parisinka,silvermoon,1473,evoker,devastation,227,118,109
6854,Draghad,blackmoore,1472,evoker,devastation,40,19,21
6855,Drákon,dalaran,1459,evoker,devastation,95,45,50
6856,Baroqs,antonidas,1456,evoker,devastation,24,18,6
6857,Nagoli,silvermoon,1456,evoker,devastation,52,27,25
6858,Malfoyer,arathor,1452,evoker,devastation,54,30,24
6859,Ghiscar,dentarg,1451,evoker,devastation,102,50,52
6860,Snoby,onyxia,1451,evoker,devastation,92,42,50
6861,Кунидракон,gordunni,1450,evoker,devastation,50,22,28
6862,Flügelnix,blackmoore,1439,evoker,devastation,42,21,21
6863,Ларенил,gordunni,1436,evoker,devastation,30,15,15
6864,Паунфаунд,eversong,1435,evoker,devastation,96,45,51
6865,Homeoffice,zenedar,1430,evoker,devastation,24,15,9
6866,Pippomale,nemesis,1430,evoker,devastation,42,22,20
6867,Caliss,archimonde,1427,evoker,devastation,71,38,33
6868,Nazalath,eonar,1427,evoker,devastation,77,40,37
6869,Dratheon,dun-modr,1416,evoker,devastation,33,19,14
6870,Stefanosxios,bloodfeather,1416,evoker,devastation,48,22,26
6871,Gasparievok,sylvanas,1416,evoker,devastation,42,19,23
6872,Dowaa,tarren-mill,1414,evoker,devastation,30,15,15
6873,Drakshoff,khaz-modan,1411,evoker,devastation,125,64,61
6874,Xtdrakaris,uldum,1400,evoker,devastation,278,137,141
6875,Ксдз,soulflayer,1397,evoker,devastation,54,27,27
6876,Yaboismok,burning-legion,1393,evoker,devastation,47,22,25
6877,Øseria,khaz-modan,1392,evoker,devastation,60,35,25
6878,Shoggoth,chogall,1391,evoker,devastation,64,32,32
6879,Tályn,twisting-nether,1385,evoker,devastation,48,25,23
6880,Drunkino,aegwynn,1377,evoker,devastation,48,23,25
6881,Nathraakhza,argent-dawn,1375,evoker,devastation,48,26,22
6882,Voldermort,ravencrest,1362,evoker,devastation,29,15,14
6883,Yála,anetheron,1362,evoker,devastation,183,90,93
6884,Yol,bladefist,1362,evoker,devastation,36,15,21
6885,Sakade,archimonde,1359,evoker,devastation,66,22,44
6886,Darktempest,onyxia,1357,evoker,devastation,48,25,23
6887,Grillkylling,outland,1356,evoker,devastation,36,18,18
6888,Rowzy,sylvanas,1350,evoker,devastation,59,28,31
6889,Thyriån,kazzak,1344,evoker,devastation,42,19,23
6890,Yoshinora,archimonde,1337,evoker,devastation,30,15,15
6891,Potéto,rashgarroth,1334,evoker,devastation,72,31,41
6892,Fogwing,ravencrest,1330,evoker,devastation,29,15,14
6893,Karnâks,silvermoon,1326,evoker,devastation,30,16,14
6894,Steeken,haomarush,1324,evoker,devastation,93,43,50
6895,Димадракон,gordunni,1321,evoker,devastation,58,37,21
6896,Dakir,blackmoore,1312,evoker,devastation,38,26,12
6897,Favill,blackhand,1312,evoker,devastation,69,30,39
6898,Hömeöffice,sylvanas,1304,evoker,devastation,29,14,15
6899,Draxone,malfurion,1297,evoker,devastation,54,33,21
6900,Dragoncloak,blackrock,1280,evoker,devastation,78,48,30
6901,Airbourne,sanguino,1280,evoker,devastation,38,18,20
6902,Sharaxis,blackmoore,1279,evoker,devastation,30,17,13
6903,Rieper,twisting-nether,1279,evoker,devastation,84,42,42
6904,Veo,aggra-português,1275,evoker,devastation,30,15,15
6905,Драганайт,gordunni,1274,evoker,devastation,94,58,36
6906,Shmog,stormscale,1272,evoker,devastation,41,15,26
6907,Gharløk,outland,1262,evoker,devastation,50,27,23
6908,Echoker,stormscale,1261,evoker,devastation,31,16,15
6909,Llael,blackhand,1259,evoker,devastation,86,36,50
6910,Коляомон,gordunni,1255,evoker,devastation,42,24,18
6911,Magmarôs,argent-dawn,1252,evoker,devastation,31,16,15
6912,Доракарис,deathweaver,1252,evoker,devastation,30,15,15
6913,Orazur,hyjal,1247,evoker,devastation,18,13,5
6914,Azorgaron,outland,1246,evoker,devastation,18,13,5
6915,Swapxyevo,ravencrest,1246,evoker,devastation,24,13,11
6916,Childofdawn,blackmoore,1244,evoker,devastation,36,19,17
6917,Flaminghot,stormreaver,1243,evoker,devastation,236,129,107
6918,Shenronblue,bloodscalp,1237,evoker,devastation,24,13,11
6919,Lagerstrasza,stormreaver,1234,evoker,devastation,30,13,17
6920,Tokzestra,hyjal,1222,evoker,devastation,62,28,34
6921,Dragonaked,silvermoon,1220,evoker,devastation,42,18,24
6922,Шотнутый,soulflayer,1219,evoker,devastation,33,18,15
6923,Душнот,fordragon,1216,evoker,devastation,36,18,18
6924,Yaldthion,dun-modr,1212,evoker,devastation,36,14,22
6925,Ppiaxx,dalaran,1207,evoker,devastation,24,13,11
6926,Isizzu,draenor,1205,evoker,devastation,73,37,36
6927,Йормунгандка,soulflayer,1189,evoker,devastation,27,14,13
6928,Xfckd,ragnaros,1178,evoker,devastation,30,14,16
6929,Dragomakry,blackmoore,1176,evoker,devastation,18,14,4
6930,Ольменго,fordragon,1175,evoker,devastation,28,13,15
6931,Ahiresegyfej,ragnaros,1170,evoker,devastation,42,25,17
6932,Daboc,tarren-mill,1168,evoker,devastation,30,14,16
6933,Imwhite,doomhammer,1161,evoker,devastation,36,18,18
6934,Thebigsmoke,lightbringer,1155,evoker,devastation,90,44,46
6935,Kôlaghan,archimonde,1148,evoker,devastation,24,12,12
6936,Nuvese,tarren-mill,1147,evoker,devastation,24,12,12
6937,Zaralek,stormscale,1145,evoker,devastation,18,12,6
6938,Туймаада,soulflayer,1141,evoker,devastation,18,12,6
6939,Kaìdo,tarren-mill,1140,evoker,devastation,24,12,12
6940,Elorand,ulduar,1140,evoker,devastation,42,15,27
6941,Алыйкиви,howling-fjord,1127,evoker,devastation,27,15,12
6942,Sleepnot,argent-dawn,1121,evoker,devastation,18,12,6
6943,Lektar,eredar,1118,evoker,devastation,29,13,16
6944,Ayders,khaz-modan,1118,evoker,devastation,60,22,38
6945,Rytoshi,medivh,1111,evoker,devastation,72,25,47
6946,Theredpepper,outland,1104,evoker,devastation,30,12,18
6947,Iolite,dun-modr,1087,evoker,devastation,72,35,37
6948,Padrepì,nemesis,1078,evoker,devastation,18,13,5
6949,Ekko,nethersturm,1076,evoker,devastation,36,19,17
6950,Syraxis,shadowsong,1074,evoker,devastation,22,12,10
6951,Akúda,blackhand,1069,evoker,devastation,42,20,22
6952,Evojøa,tarren-mill,1056,evoker,devastation,18,11,7
6953,Soleric,drakthul,1054,evoker,devastation,24,11,13
6954,Rzektwo,eredar,1054,evoker,devastation,30,11,19
6955,Pêrcevâl,archimonde,1053,evoker,devastation,24,11,13
6956,Lecutos,sunstrider,1052,evoker,devastation,18,11,7
6957,Motloh,ravencrest,1052,evoker,devastation,18,11,7
6958,Skywitch,ragnaros,1052,evoker,devastation,30,11,19
6959,Avizz,tarren-mill,1049,evoker,devastation,15,12,3
6960,Tenshà,nemesis,1048,evoker,devastation,18,11,7
6961,Azzul,teldrassil,1046,evoker,devastation,25,14,11
6962,Рептилойдина,howling-fjord,1030,evoker,devastation,24,11,13
6963,Canitabravar,cthun,1023,evoker,devastation,48,23,25
6964,Pedogos,outland,1016,evoker,devastation,75,31,44
6965,Lugarius,gilneas,986,evoker,devastation,27,13,14
6966,Rhegal,auchindoun,960,evoker,devastation,12,10,2
6967,Juicyjeffe,blackrock,960,evoker,devastation,12,10,2
6968,Spicylizard,stormscale,960,evoker,devastation,18,10,8
6969,Myxker,burning-legion,960,evoker,devastation,24,10,14
6970,Apacstrasza,ragnaros,960,evoker,devastation,24,10,14
6971,Lùñe,hyjal,959,evoker,devastation,12,10,2
6972,Terradòr,die-aldor,959,evoker,devastation,18,10,8
6973,Aegón,uldum,959,evoker,devastation,30,10,20
6974,Eskavoker,kazzak,958,evoker,devastation,18,10,8
6975,Evokimag,grim-batol,958,evoker,devastation,24,10,14
6976,Solandor,kazzak,957,evoker,devastation,18,10,8
6977,Enzospatalo,nemesis,955,evoker,devastation,18,10,8
6978,Danaval,blackhand,955,evoker,devastation,18,10,8
6979,Maccen,twisting-nether,955,evoker,devastation,18,10,8
6980,Grajade,dun-modr,954,evoker,devastation,18,10,8
6981,Cuufizix,silvermoon,952,evoker,devastation,18,10,8
6982,Scalash,drakthul,950,evoker,devastation,36,20,16
6983,Leskano,aegwynn,948,evoker,devastation,24,12,12
6984,Xendrag,silvermoon,947,evoker,devastation,24,10,14
6985,Evosker,zuljin,947,evoker,devastation,30,10,20
6986,Алексатэтсуя,ashenvale,945,evoker,devastation,24,10,14
6987,Scalo,kazzak,935,evoker,devastation,17,10,7
6988,Быковскии,howling-fjord,912,evoker,devastation,48,27,21
6989,Donairian,doomhammer,911,evoker,devastation,54,27,27
6990,Stormydude,doomhammer,907,evoker,devastation,24,13,11
6991,Sleipnyr,garrosh,888,evoker,devastation,60,27,33
6992,Rîncêwind,uldum,882,evoker,devastation,24,12,12
6993,Jelboen,draenor,881,evoker,devastation,16,10,6
6994,Shaze,zuljin,879,evoker,devastation,17,10,7
6995,Crynerf,ravencrest,867,evoker,devastation,66,31,35
6996,Deny,frostmane,864,evoker,devastation,12,9,3
6997,Гневиан,eversong,864,evoker,devastation,12,9,3
6998,Pinacóladaqt,stormscale,864,evoker,devastation,18,9,9
6999,Yimvoker,blackrock,864,evoker,devastation,18,9,9
7000,Kmzi,twisting-nether,864,evoker,devastation,18,9,9
7001,Féféledragon,archimonde,863,evoker,devastation,18,9,9
7002,Рогатыйдебик,gordunni,863,evoker,devastation,18,9,9
7003,Amnevoker,dalaran,863,evoker,devastation,18,9,9
7004,Saragoza,kirin-tor,862,evoker,devastation,18,9,9
7005,Honz,antonidas,862,evoker,devastation,18,9,9
7006,Dschíses,malganis,858,evoker,devastation,18,9,9
7007,Crygon,outland,857,evoker,devastation,18,9,9
7008,Mesmerìze,khaz-modan,857,evoker,devastation,18,9,9
7009,Dragotar,malygos,850,evoker,devastation,46,21,25
7010,Флардикас,gordunni,842,evoker,devastation,24,9,15
7011,Dragonhero,arygos,830,evoker,devastation,36,16,20
7012,Пивнаябошка,soulflayer,768,evoker,devastation,12,8,4
7013,Tsunamì,ysondre,768,evoker,devastation,12,8,4
7014,Gloombloom,emeriss,768,evoker,devastation,12,8,4
7015,Meust,destromath,768,evoker,devastation,18,8,10
7016,Zp,kazzak,768,evoker,devastation,18,8,10
7017,Nekrosdrake,tarren-mill,768,evoker,devastation,18,8,10
7018,Mazakqt,draenor,768,evoker,devastation,18,8,10
7019,Fayral,blackmoore,767,evoker,devastation,12,8,4
7020,Dragonlia,blackrock,767,evoker,devastation,12,8,4
7021,Balerioon,draenor,767,evoker,devastation,12,8,4
7022,Deathwingx,sylvanas,767,evoker,devastation,18,8,10
7023,Zapaflap,silvermoon,767,evoker,devastation,18,8,10
7024,Dragonide,draenor,767,evoker,devastation,18,8,10
7025,Скорукх,gordunni,767,evoker,devastation,18,8,10
7026,Flawxy,blackmoore,766,evoker,devastation,18,8,10
7027,Драгтир,blackscar,764,evoker,devastation,12,8,4
7028,Firebutt,argent-dawn,763,evoker,devastation,12,8,4
7029,Keeqo,silvermoon,762,evoker,devastation,18,8,10
7030,Sethos,dalaran,761,evoker,devastation,24,8,16
7031,Otr,draenor,759,evoker,devastation,24,8,16
7032,Dragônslayer,amanthul,756,evoker,devastation,12,8,4
7033,Drakenballen,ragnaros,755,evoker,devastation,15,8,7
7034,Gonzalo,dun-modr,672,evoker,devastation,12,7,5
7035,Styxev,blackhand,672,evoker,devastation,12,7,5
7036,Эбиб,gordunni,672,evoker,devastation,12,7,5
7037,Crueh,outland,672,evoker,devastation,12,7,5
7038,Flythe,silvermoon,672,evoker,devastation,12,7,5
7039,Sebek,archimonde,672,evoker,devastation,12,7,5
7040,Varagon,rexxar,672,evoker,devastation,12,7,5
7041,Кеннокс,soulflayer,672,evoker,devastation,18,7,11
7042,Bindrasz,ahnqiraj,672,evoker,devastation,18,7,11
7043,Glurakk,aegwynn,672,evoker,devastation,18,7,11
7044,Saintly,kult-der-verdammten,672,evoker,devastation,18,7,11
7045,Släshés,ravencrest,672,evoker,devastation,24,7,17
7046,Tiganj,silvermoon,671,evoker,devastation,12,7,5
7047,Kábutø,antonidas,671,evoker,devastation,12,7,5
7048,Nurilla,twisting-nether,671,evoker,devastation,12,7,5
7049,Evoslaps,norgannon,671,evoker,devastation,12,7,5
7050,Ouaitamaman,draenor,671,evoker,devastation,12,7,5
7051,Woasid,outland,671,evoker,devastation,12,7,5
7052,Stalkhyr,elune,671,evoker,devastation,18,7,11
7053,Enemi,twisting-nether,669,evoker,devastation,14,9,5
7054,Kvothe,malygos,668,evoker,devastation,18,7,11
7055,Fruhans,tarren-mill,667,evoker,devastation,12,7,5
7056,Vucashi,blackhand,665,evoker,devastation,18,7,11
7057,Draknil,ysondre,640,evoker,devastation,16,7,9
7058,Zharas,nemesis,623,evoker,devastation,11,7,4
7059,Morsan,tichondrius,619,evoker,devastation,11,7,4
7060,Minikuja,culte-de-la-rive-noire,612,evoker,devastation,24,7,17
7061,Dovakin,arathi,601,evoker,devastation,14,7,7
7062,Lago,gorgonnash,588,evoker,devastation,13,7,6
7063,Zpartadraga,ragnaros,584,evoker,devastation,9,8,1
7064,Henmon,defias-brotherhood,576,evoker,devastation,6,6,0
7065,Xendragon,kazzak,576,evoker,devastation,12,6,6
7066,Dracalos,silvermoon,576,evoker,devastation,12,6,6
7067,Phanex,bloodhoof,576,evoker,devastation,12,6,6
7068,Krazuntus,argent-dawn,576,evoker,devastation,12,6,6
7069,Scathethrel,draenor,576,evoker,devastation,12,6,6
7070,Khimari,xavius,576,evoker,devastation,12,6,6
7071,Фаламэйн,soulflayer,576,evoker,devastation,12,6,6
7072,Puffdaddyxd,twisting-nether,576,evoker,devastation,12,6,6
7073,Terrorclaw,ragnaros,576,evoker,devastation,12,6,6
7074,Mattyastrasz,hyjal,576,evoker,devastation,12,6,6
7075,Haltorr,ravencrest,576,evoker,devastation,18,6,12
7076,Lifestrasza,drakthul,575,evoker,devastation,6,6,0
7077,Chuckyy,archimonde,575,evoker,devastation,12,6,6
7078,Chunlooi,baelgun,575,evoker,devastation,12,6,6
7079,Meyowuo,doomhammer,575,evoker,devastation,14,6,8
7080,Copíum,silvermoon,575,evoker,devastation,18,6,12
7081,Snitties,tarren-mill,575,evoker,devastation,18,6,12
7082,Mazzg,blackmoore,574,evoker,devastation,21,7,14
7083,Morph,talnivarr,574,evoker,devastation,18,6,12
7084,Firaxis,kazzak,573,evoker,devastation,12,6,6
7085,Аверьятор,fordragon,573,evoker,devastation,12,6,6
7086,Xatures,twisting-nether,572,evoker,devastation,6,6,0
7087,Thebabayag,kazzak,568,evoker,devastation,12,6,6
7088,Ryújín,blackhand,527,evoker,devastation,17,6,11
7089,Ashlàr,earthen-ring,525,evoker,devastation,15,6,9
7090,Rise,tarren-mill,522,evoker,devastation,12,7,5
7091,Hornytail,doomhammer,480,evoker,devastation,6,5,1
7092,Tovaro,xavius,480,evoker,devastation,6,5,1
7093,Jinthyr,anachronos,480,evoker,devastation,6,5,1
7094,Tooltipshow,ragnaros,480,evoker,devastation,6,5,1
7095,Kirinde,draenor,480,evoker,devastation,6,5,1
7096,Nyedrak,kilrogg,480,evoker,devastation,6,5,1
7097,Drackial,zuljin,480,evoker,devastation,6,5,1
7098,Spyro,bloodfeather,480,evoker,devastation,12,5,7
7099,Pandagos,archimonde,480,evoker,devastation,12,5,7
7100,Abehethan,archimonde,480,evoker,devastation,12,5,7
7101,Predictrash,archimonde,480,evoker,devastation,12,5,7
7102,Леерустан,howling-fjord,480,evoker,devastation,12,5,7
7103,Loveheart,die-aldor,480,evoker,devastation,12,5,7
7104,Pavelito,ysondre,480,evoker,devastation,12,5,7
7105,Burnrate,draenor,480,evoker,devastation,12,5,7
7106,Raagnar,kazzak,480,evoker,devastation,12,5,7
7107,Dracnass,silvermoon,480,evoker,devastation,12,5,7
7108,Kda,die-nachtwache,480,evoker,devastation,12,5,7
7109,Sloeez,kazzak,480,evoker,devastation,18,5,13
7110,Mallor,kirin-tor,479,evoker,devastation,6,5,1
7111,Ignisaureus,silvermoon,479,evoker,devastation,12,5,7
7112,Dragis,die-aldor,479,evoker,devastation,12,5,7
7113,Vermithors,ravencrest,479,evoker,devastation,12,5,7
7114,Oeos,dragonblight,478,evoker,devastation,24,5,19
7115,Vanima,forscherliga,477,evoker,devastation,6,5,1
7116,Acedragniir,khaz-modan,473,evoker,devastation,12,5,7
7117,Julerion,draenor,472,evoker,devastation,12,5,7
7118,Elitedraach,tarren-mill,463,evoker,devastation,11,5,6
7119,Voklath,kazzak,432,evoker,devastation,15,5,10
7120,Scalewind,twisting-nether,384,evoker,devastation,6,4,2
7121,Billyhassan,stormscale,384,evoker,devastation,6,4,2
7122,Theralon,tarren-mill,384,evoker,devastation,6,4,2
7123,Advancedboy,archimonde,384,evoker,devastation,6,4,2
7124,Штеци,howling-fjord,384,evoker,devastation,6,4,2
7125,Delorraine,burning-legion,384,evoker,devastation,6,4,2
7126,Wurm,shadowsong,384,evoker,devastation,6,4,2
7127,Zyevoker,silvermoon,384,evoker,devastation,6,4,2
7128,Nochance,dentarg,384,evoker,devastation,6,4,2
7129,Skiora,argent-dawn,384,evoker,devastation,6,4,2
7130,Luu,the-maelstrom,384,evoker,devastation,6,4,2
7131,Deathdream,stormscale,384,evoker,devastation,6,4,2
7132,Molem,defias-brotherhood,384,evoker,devastation,6,4,2
7133,Dragorus,stormscale,384,evoker,devastation,6,4,2
7134,Karistrasza,sylvanas,384,evoker,devastation,6,4,2
7135,Smegma,norgannon,384,evoker,devastation,6,4,2
7136,Iblvicanfly,stormscale,384,evoker,devastation,6,4,2
7137,Beeragos,deathwing,384,evoker,devastation,6,4,2
7138,Spyróò,ravencrest,384,evoker,devastation,12,4,8
7139,Nynnaydoth,drakthul,384,evoker,devastation,12,4,8
7140,Croker,ravencrest,384,evoker,devastation,12,4,8
7141,Lilvorki,silvermoon,384,evoker,devastation,12,4,8
7142,Дракарус,soulflayer,384,evoker,devastation,12,4,8
7143,Лавеон,gordunni,384,evoker,devastation,12,4,8
7144,Dracofeuxd,archimonde,384,evoker,devastation,12,4,8
7145,Bæxo,blackrock,384,evoker,devastation,18,4,14
7146,Jamesdouglas,eredar,383,evoker,devastation,6,4,2
7147,Hekatonshire,hyjal,383,evoker,devastation,6,4,2
7148,Bombrush,ragnaros,383,evoker,devastation,9,5,4
7149,Flameclaw,argent-dawn,382,evoker,devastation,6,4,2
7150,Kayizer,archimonde,382,evoker,devastation,6,4,2
7151,Calonddraig,turalyon,382,evoker,devastation,6,4,2
7152,Мизурион,gordunni,382,evoker,devastation,6,4,2
7153,Davioncz,thunderhorn,382,evoker,devastation,6,4,2
7154,Sheego,anetheron,382,evoker,devastation,6,4,2
7155,Dracsamdi,tarren-mill,367,evoker,devastation,11,4,7
7156,Belkavoker,zirkel-des-cenarius,319,evoker,devastation,5,4,1
7157,Somntersu,argent-dawn,319,evoker,devastation,5,4,1
7158,Эндемический,soulflayer,288,evoker,devastation,6,3,3
7159,Nørgan,die-aldor,288,evoker,devastation,6,3,3
7160,Mollÿ,sanguino,288,evoker,devastation,6,3,3
7161,Paizz,tarren-mill,288,evoker,devastation,6,3,3
7162,Geckonen,stormreaver,288,evoker,devastation,6,3,3
7163,Тектрис,howling-fjord,288,evoker,devastation,6,3,3
7164,Ralfferion,auchindoun,288,evoker,devastation,6,3,3
7165,Malowux,outland,288,evoker,devastation,6,3,3
7166,Ðragøn,argent-dawn,288,evoker,devastation,6,3,3
7167,Nózdormuwu,argent-dawn,288,evoker,devastation,6,3,3
7168,Darthagos,outland,288,evoker,devastation,6,3,3
7169,Jrmdragik,kaelthas,288,evoker,devastation,6,3,3
7170,Lajra,ragnaros,288,evoker,devastation,6,3,3
7171,Flippmoker,argent-dawn,288,evoker,devastation,6,3,3
7172,Ughvoker,kazzak,288,evoker,devastation,6,3,3
7173,Драккалис,eversong,288,evoker,devastation,6,3,3
7174,Jaykvoker,kazzak,288,evoker,devastation,6,3,3
7175,Ripgódx,bronzebeard,288,evoker,devastation,6,3,3
7176,Adônis,malorne,288,evoker,devastation,6,3,3
7177,Azurog,blackmoore,288,evoker,devastation,6,3,3
7178,Feinerkerl,blackmoore,288,evoker,devastation,6,3,3
7179,Mirazare,khadgar,288,evoker,devastation,6,3,3
7180,Навидх,howling-fjord,288,evoker,devastation,6,3,3
7181,Whaazzdragon,tarren-mill,288,evoker,devastation,6,3,3
7182,Fivebeers,silvermoon,288,evoker,devastation,6,3,3
7183,Dalsath,silvermoon,288,evoker,devastation,6,3,3
7184,Drachenwut,aegwynn,288,evoker,devastation,6,3,3
7185,Zettaflare,nazjatar,288,evoker,devastation,6,3,3
7186,Nerfmeplze,outland,288,evoker,devastation,6,3,3
7187,Dracofion,ravencrest,288,evoker,devastation,6,3,3
7188,Merqury,ravencrest,288,evoker,devastation,6,3,3
7189,Feldrac,ravencrest,288,evoker,devastation,6,3,3
7190,Shindragøsa,ysondre,288,evoker,devastation,6,3,3
7191,Azustraza,ysondre,288,evoker,devastation,6,3,3
7192,Hateroll,ravencrest,288,evoker,devastation,6,3,3
7193,Valdrakken,anubarak,288,evoker,devastation,12,3,9
7194,Kirien,blackhand,288,evoker,devastation,12,3,9
7195,Hästdrake,the-maelstrom,288,evoker,devastation,12,3,9
7196,Rhel,the-maelstrom,288,evoker,devastation,12,3,9
7197,Tamargon,frostwhisper,288,evoker,devastation,12,3,9
7198,Belianf,silvermoon,287,evoker,devastation,6,3,3
7199,Ewoky,ravencrest,287,evoker,devastation,6,3,3
7200,Sliimshady,dalaran,287,evoker,devastation,6,3,3
7201,Shenrøn,garona,287,evoker,devastation,6,3,3
7202,Drks,draenor,287,evoker,devastation,12,4,8
7203,Sivaas,arathi,286,evoker,devastation,6,3,3
7204,Филлид,gordunni,255,evoker,devastation,8,4,4
7205,Серцедраконн,gordunni,240,evoker,devastation,9,3,6
7206,Färsia,drakthul,223,evoker,devastation,8,3,5
7207,Vynestria,argent-dawn,192,evoker,devastation,6,2,4
7208,Kandragor,antonidas,192,evoker,devastation,6,2,4
7209,Lelemion,arathor,192,evoker,devastation,6,2,4
7210,Norskairline,kazzak,192,evoker,devastation,6,2,4
7211,Reddeaddrago,silvermoon,192,evoker,devastation,6,2,4
7212,Митокада,soulflayer,192,evoker,devastation,6,2,4
7213,Chürbis,blackmoore,192,evoker,devastation,6,2,4
7214,Fueu,draenor,192,evoker,devastation,6,2,4
7215,Skulblakas,blackmoore,192,evoker,devastation,6,2,4
7216,Twokgbananas,blackhand,192,evoker,devastation,6,2,4
7217,Exitelolx,blackrock,192,evoker,devastation,6,2,4
7218,Draconz,stormrage,192,evoker,devastation,6,2,4
7219,Oogabuga,outland,192,evoker,devastation,6,2,4
7220,Draaxy,twisting-nether,192,evoker,devastation,6,2,4
7221,Bittewhyally,grim-batol,192,evoker,devastation,6,2,4
7222,Wuiflyta,dun-modr,192,evoker,devastation,6,2,4
7223,Bal,arakarahm,192,evoker,devastation,6,2,4
7224,Adamâs,archimonde,192,evoker,devastation,6,2,4
7225,Niluslangbal,stormscale,192,evoker,devastation,6,2,4
7226,Ellphi,illidan,192,evoker,devastation,6,2,4
7227,Raøug,blackmoore,192,evoker,devastation,6,2,4
7228,Kroqmoo,drekthar,192,evoker,devastation,7,2,5
7229,Nybxx,frostmane,192,evoker,devastation,12,2,10
7230,Дракомант,eversong,192,evoker,devastation,12,2,10
7231,Andragosa,confrérie-du-thorium,192,evoker,devastation,12,2,10
7232,Jacra,twisting-nether,192,evoker,devastation,12,2,10
7233,Erenhan,archimonde,192,evoker,devastation,12,2,10
7234,Tenkenfutsu,elune,192,evoker,devastation,18,2,16
7235,Kraakraa,turalyon,191,evoker,devastation,6,2,4
7236,Deimong,khaz-modan,191,evoker,devastation,6,2,4
7237,Drakridarn,kazzak,159,evoker,devastation,5,2,3
7238,Вжухкия,gordunni,159,evoker,devastation,5,2,3
7239,Gypsydrake,tarren-mill,159,evoker,devastation,8,3,5
7240,Эллъис,gordunni,144,evoker,devastation,21,2,19
7241,Tremola,twisting-nether,128,evoker,devastation,4,2,2
7242,Tneen,stormscale,96,evoker,devastation,3,2,1
7243,Rufistraz,burning-legion,96,evoker,devastation,3,2,1
7244,Juhadormu,stormreaver,96,evoker,devastation,6,1,5
7245,Terrorwings,twisting-nether,96,evoker,devastation,6,1,5
7246,Devanthar,argent-dawn,96,evoker,devastation,6,1,5
7247,Suba,tarren-mill,96,evoker,devastation,6,1,5
7248,Skyfire,stormscale,96,evoker,devastation,6,1,5
7249,Lubyan,pozzo-delleternità,96,evoker,devastation,6,1,5
7250,Asharys,argent-dawn,96,evoker,devastation,6,1,5
7251,Jetfqds,archimonde,96,evoker,devastation,6,1,5
7252,Ominobari,silvermoon,96,evoker,devastation,6,1,5
7253,Czerwonooki,turalyon,96,evoker,devastation,6,1,5
7254,Мельхиор,booty-bay,96,evoker,devastation,6,1,5
7255,Zørix,hyjal,96,evoker,devastation,6,1,5
7256,Jpeo,blackhand,96,evoker,devastation,6,1,5
7257,Dracarysfire,kazzak,96,evoker,devastation,6,1,5
7258,Retyss,twisting-nether,96,evoker,devastation,6,1,5
7259,Holdya,archimonde,96,evoker,devastation,6,1,5
7260,Oldlizard,blackrock,96,evoker,devastation,6,1,5
7261,Eosin,blackrock,96,evoker,devastation,6,1,5
7262,Lurkî,blackhand,96,evoker,devastation,6,1,5
7263,Ronmanarmy,blackrock,96,evoker,devastation,6,1,5
7264,Spioche,burning-legion,96,evoker,devastation,12,1,11
7265,Setur,outland,96,evoker,devastation,12,1,11
7266,Xidalulz,sylvanas,63,evoker,devastation,2,2,0
7267,Bulydracguir,kazzak,42,evoker,devastation,7,2,5
7268,Âspên,archimonde,31,evoker,devastation,2,1,1
7269,Stavfel,kazzak,2037,hunter,marksmanship,89,49,40
7270,Pjållistani,ravencrest,2014,hunter,marksmanship,113,64,49
7271,Olyleskotch,ravencrest,1983,hunter,marksmanship,60,31,29
7272,Matasso,burning-legion,1981,hunter,marksmanship,131,67,64
7273,Nennimi,ravencrest,1978,hunter,marksmanship,87,44,43
7274,Alêx,outland,1973,hunter,marksmanship,114,58,56
7275,Yasuohasagi,archimonde,1967,hunter,marksmanship,60,30,30
7276,Drxta,blackrock,1937,hunter,marksmanship,72,36,36
7277,Yezzu,sylvanas,1936,hunter,marksmanship,68,34,34
7278,Wruck,echsenkessel,1933,hunter,marksmanship,84,50,34
7279,Мартидэн,howling-fjord,1918,hunter,marksmanship,143,69,74
7280,Huprah,ravencrest,1901,hunter,marksmanship,126,63,63
7281,Душнила,razuvious,1898,hunter,marksmanship,83,44,39
7282,Evacuatur,argent-dawn,1826,hunter,marksmanship,66,33,33
7283,Wildheárt,aegwynn,1824,hunter,marksmanship,66,35,31
7284,Ancalarion,tarren-mill,1824,hunter,marksmanship,54,26,28
7285,Buffrøgues,ravencrest,1817,hunter,marksmanship,85,46,39
7286,Hï,eitrigg,1817,hunter,marksmanship,66,32,34
7287,Techpoint,silvermoon,1816,hunter,marksmanship,42,27,15
7288,Crôwley,twisting-nether,1816,hunter,marksmanship,54,30,24
7289,Xoarqt,aegwynn,1812,hunter,marksmanship,72,32,40
7290,Áñmy,ravencrest,1804,hunter,marksmanship,53,28,25
7291,Mogwai,stormscale,1801,hunter,marksmanship,59,29,30
7292,Myice,twisting-nether,1771,hunter,marksmanship,66,36,30
7293,Huntsmart,kazzak,1769,hunter,marksmanship,66,31,35
7294,Murtagh,khaz-modan,1767,hunter,marksmanship,66,35,31
7295,Ceitronox,argent-dawn,1765,hunter,marksmanship,42,23,19
7296,Scheixanter,drakthul,1753,hunter,marksmanship,130,66,64
7297,Johnreapèr,sylvanas,1751,hunter,marksmanship,71,33,38
7298,Aimywinehaus,drakthul,1732,hunter,marksmanship,48,24,24
7299,Passalaqua,aegwynn,1729,hunter,marksmanship,54,32,22
7300,Trashcarlito,eredar,1725,hunter,marksmanship,36,23,13
7301,Onlystuns,sylvanas,1720,hunter,marksmanship,47,22,25
7302,Hallé,frostmane,1714,hunter,marksmanship,78,43,35
7303,Strikke,archimonde,1709,hunter,marksmanship,42,18,24
7304,Bestregards,ravencrest,1708,hunter,marksmanship,77,32,45
7305,Huntrag,tarren-mill,1698,hunter,marksmanship,163,80,83
7306,Xanter,blackrock,1698,hunter,marksmanship,62,29,33
7307,Setyouintrap,ravencrest,1690,hunter,marksmanship,30,19,11
7308,Skilachi,stormscale,1684,hunter,marksmanship,48,21,27
7309,Lowcaskor,turalyon,1678,hunter,marksmanship,47,26,21
7310,Velrox,blackmoore,1674,hunter,marksmanship,60,30,30
7311,Lenooby,blades-edge,1672,hunter,marksmanship,42,24,18
7312,Bearmane,tarren-mill,1670,hunter,marksmanship,82,42,40
7313,Jabela,eredar,1668,hunter,marksmanship,78,35,43
7314,Triggaz,stormscale,1661,hunter,marksmanship,67,32,35
7315,Eldrekou,kazzak,1657,hunter,marksmanship,48,22,26
7316,Podroto,tyrande,1654,hunter,marksmanship,41,18,23
7317,Murkek,drakthul,1653,hunter,marksmanship,42,26,16
7318,Misstrap,drakthul,1652,hunter,marksmanship,35,22,13
7319,Адвентурер,howling-fjord,1652,hunter,marksmanship,96,53,43
7320,Speedhack,argent-dawn,1650,hunter,marksmanship,63,35,28
7321,Xqzmytrapz,blackrock,1650,hunter,marksmanship,36,18,18
7322,Dragnial,kazzak,1649,hunter,marksmanship,47,22,25
7323,Травок,gordunni,1648,hunter,marksmanship,58,32,26
7324,Лотариель,howling-fjord,1645,hunter,marksmanship,48,24,24
7325,Ремонтлицаа,gordunni,1642,hunter,marksmanship,85,49,36
7326,Amistat,kazzak,1642,hunter,marksmanship,72,33,39
7327,Evengance,dragonblight,1637,hunter,marksmanship,54,38,16
7328,Dexter,ravencrest,1634,hunter,marksmanship,107,49,58
7329,Naid,lordaeron,1632,hunter,marksmanship,36,20,16
7330,Куфачка,soulflayer,1627,hunter,marksmanship,36,17,19
7331,Килофвратх,gordunni,1624,hunter,marksmanship,66,32,34
7332,Nidaliyae,archimonde,1624,hunter,marksmanship,42,20,22
7333,Natchell,ysondre,1623,hunter,marksmanship,48,22,26
7334,Ледо,deathguard,1621,hunter,marksmanship,42,19,23
7335,Khregan,aerie-peak,1612,hunter,marksmanship,36,17,19
7336,Mógwaí,stormscale,1611,hunter,marksmanship,36,21,15
7337,Дарктеххно,howling-fjord,1611,hunter,marksmanship,30,17,13
7338,Inayah,outland,1606,hunter,marksmanship,103,57,46
7339,Streetxpres,nethersturm,1602,hunter,marksmanship,35,19,16
7340,Gugenot,tarren-mill,1589,hunter,marksmanship,56,33,23
7341,Desudi,tarren-mill,1588,hunter,marksmanship,59,30,29
7342,Крой,howling-fjord,1588,hunter,marksmanship,71,34,37
7343,Recrent,kazzak,1582,hunter,marksmanship,96,53,43
7344,Yarnvid,twisting-nether,1572,hunter,marksmanship,105,56,49
7345,Chaussons,kazzak,1570,hunter,marksmanship,78,42,36
7346,Lebalaffré,arathi,1562,hunter,marksmanship,77,41,36
7347,Лисатия,gordunni,1562,hunter,marksmanship,48,22,26
7348,Мизэрица,soulflayer,1556,hunter,marksmanship,66,32,34
7349,Swïtchz,hyjal,1555,hunter,marksmanship,57,31,26
7350,Jetay,silvermoon,1555,hunter,marksmanship,42,22,20
7351,Mantinell,hellfire,1553,hunter,marksmanship,36,20,16
7352,Nätzz,dun-modr,1545,hunter,marksmanship,37,18,19
7353,Миссклик,soulflayer,1544,hunter,marksmanship,54,33,21
7354,Mînérvá,blackhand,1530,hunter,marksmanship,60,38,22
7355,Jamzyhunter,emerald-dream,1530,hunter,marksmanship,42,17,25
7356,Miladinorc,azjolnerub,1524,hunter,marksmanship,42,26,16
7357,Àfpro,hyjal,1515,hunter,marksmanship,40,20,20
7358,Çryneth,ravencrest,1513,hunter,marksmanship,56,28,28
7359,Eferos,quelthalas,1513,hunter,marksmanship,60,26,34
7360,Souljâh,ravencrest,1511,hunter,marksmanship,35,20,15
7361,Lobos,ravencrest,1509,hunter,marksmanship,42,21,21
7362,Kariss,khaz-modan,1507,hunter,marksmanship,138,68,70
7363,Jup,elune,1507,hunter,marksmanship,49,17,32
7364,Elja,laughing-skull,1506,hunter,marksmanship,36,21,15
7365,Surtfire,alonsus,1500,hunter,marksmanship,54,28,26
7366,Rattentäter,alexstrasza,1498,hunter,marksmanship,54,28,26
7367,Daela,elune,1492,hunter,marksmanship,54,22,32
7368,Minisay,magtheridon,1491,hunter,marksmanship,202,98,104
7369,Vangeroth,kazzak,1489,hunter,marksmanship,186,96,90
7370,Аскентр,gordunni,1484,hunter,marksmanship,43,21,22
7371,Vavabxl,ysondre,1483,hunter,marksmanship,78,39,39
7372,Афигеннски,ashenvale,1473,hunter,marksmanship,66,31,35
7373,Хальвеген,gordunni,1471,hunter,marksmanship,141,69,72
7374,Дисконнэктор,soulflayer,1467,hunter,marksmanship,72,27,45
7375,Nanns,silvermoon,1461,hunter,marksmanship,47,24,23
7376,Вееном,gordunni,1455,hunter,marksmanship,36,16,20
7377,Rex,chamber-of-aspects,1454,hunter,marksmanship,39,23,16
7378,Autoturret,eredar,1454,hunter,marksmanship,48,24,24
7379,Короткиствол,gordunni,1452,hunter,marksmanship,42,18,24
7380,Mizumo,burning-legion,1449,hunter,marksmanship,97,57,40
7381,Ashimaru,sylvanas,1449,hunter,marksmanship,51,26,25
7382,Bollo,malganis,1449,hunter,marksmanship,61,29,32
7383,Meinkoenig,frostwolf,1448,hunter,marksmanship,48,30,18
7384,Будкусломаю,grom,1447,hunter,marksmanship,77,35,42
7385,Bapt,blackrock,1447,hunter,marksmanship,42,17,25
7386,Hunsed,sanguino,1445,hunter,marksmanship,42,26,16
7387,Balamut,aegwynn,1445,hunter,marksmanship,83,45,38
7388,Asthorio,stormscale,1442,hunter,marksmanship,83,36,47
7389,Джоуе,ashenvale,1437,hunter,marksmanship,30,15,15
7390,Luuszapfae,aegwynn,1436,hunter,marksmanship,29,16,13
7391,Nagu,antonidas,1435,hunter,marksmanship,30,15,15
7392,Skillzone,silvermoon,1432,hunter,marksmanship,36,15,21
7393,Tntabsotrap,silvermoon,1431,hunter,marksmanship,70,37,33
7394,Pickaboo,defias-brotherhood,1431,hunter,marksmanship,168,82,86
7395,Tupalax,outland,1428,hunter,marksmanship,40,19,21
7396,Длинноемоджо,soulflayer,1424,hunter,marksmanship,151,70,81
7397,Summa,silvermoon,1424,hunter,marksmanship,60,27,33
7398,Kalima,malfurion,1416,hunter,marksmanship,72,28,44
7399,Mindgap,pozzo-delleternità,1415,hunter,marksmanship,80,38,42
7400,Firescorpion,onyxia,1414,hunter,marksmanship,30,19,11
7401,Darts,outland,1414,hunter,marksmanship,30,15,15
7402,Keskolica,outland,1414,hunter,marksmanship,36,17,19
7403,Elonyr,sanguino,1411,hunter,marksmanship,196,90,106
7404,Xalaar,frostwolf,1405,hunter,marksmanship,44,26,18
7405,Åíøñs,kazzak,1405,hunter,marksmanship,29,15,14
7406,Shootingbob,blackrock,1404,hunter,marksmanship,30,17,13
7407,Hiðe,archimonde,1399,hunter,marksmanship,56,28,28
7408,Darm,sunstrider,1398,hunter,marksmanship,36,15,21
7409,Meskette,ravencrest,1396,hunter,marksmanship,24,15,9
7410,Шимэйла,gordunni,1390,hunter,marksmanship,61,30,31
7411,Carpante,nemesis,1385,hunter,marksmanship,66,29,37
7412,Gilgharsh,rajaxx,1380,hunter,marksmanship,42,20,22
7413,Bøøgy,silvermoon,1376,hunter,marksmanship,104,55,49
7414,Lincolne,ravencrest,1375,hunter,marksmanship,41,17,24
7415,Stingarrow,stormscale,1374,hunter,marksmanship,42,24,18
7416,Zelira,boulderfist,1368,hunter,marksmanship,40,19,21
7417,Doncar,stormscale,1367,hunter,marksmanship,81,35,46
7418,Mmaaee,ravencrest,1365,hunter,marksmanship,58,33,25
7419,Iòvól,azuremyst,1364,hunter,marksmanship,60,33,27
7420,Absolutnoob,blackrock,1362,hunter,marksmanship,38,21,17
7421,Slmao,tarren-mill,1357,hunter,marksmanship,60,27,33
7422,Ensomnia,silvermoon,1354,hunter,marksmanship,18,15,3
7423,Szybky,defias-brotherhood,1354,hunter,marksmanship,60,25,35
7424,Оленнька,howling-fjord,1349,hunter,marksmanship,36,21,15
7425,Cenaa,ragnaros,1343,hunter,marksmanship,19,14,5
7426,Gromaya,elune,1342,hunter,marksmanship,47,23,24
7427,Аккулэйд,blackscar,1340,hunter,marksmanship,36,14,22
7428,Encore,sylvanas,1334,hunter,marksmanship,48,23,25
7429,Rzeezznik,burning-legion,1333,hunter,marksmanship,24,14,10
7430,Aimnfire,anachronos,1333,hunter,marksmanship,40,20,20
7431,Røxxilia,blackmoore,1333,hunter,marksmanship,54,23,31
7432,Moschtix,forscherliga,1333,hunter,marksmanship,48,20,28
7433,Gunlaugr,defias-brotherhood,1331,hunter,marksmanship,27,14,13
7434,Deadfire,hyjal,1325,hunter,marksmanship,42,20,22
7435,Diapositiv,draenor,1325,hunter,marksmanship,30,14,16
7436,Maroxy,ragnaros,1325,hunter,marksmanship,35,14,21
7437,Selaesa,chamber-of-aspects,1321,hunter,marksmanship,45,22,23
7438,Amphi,stormscale,1320,hunter,marksmanship,66,36,30
7439,Zirgoo,outland,1320,hunter,marksmanship,66,28,38
7440,Glad,argent-dawn,1320,hunter,marksmanship,77,32,45
7441,Амореселф,gordunni,1317,hunter,marksmanship,35,14,21
7442,Smitheye,argent-dawn,1314,hunter,marksmanship,129,63,66
7443,Narawinger,silvermoon,1310,hunter,marksmanship,36,21,15
7444,Arrowdoxx,silvermoon,1310,hunter,marksmanship,117,51,66
7445,Boomkillshot,zuljin,1306,hunter,marksmanship,56,32,24
7446,Prodanhunts,frostmane,1306,hunter,marksmanship,60,28,32
7447,Høward,aegwynn,1300,hunter,marksmanship,36,20,16
7448,Samhunt,blackrock,1299,hunter,marksmanship,29,14,15
7449,Yoúmad,draenor,1288,hunter,marksmanship,28,14,14
7450,Kyudo,ravencrest,1286,hunter,marksmanship,35,15,20
7451,Rabiate,blackrock,1284,hunter,marksmanship,34,16,18
7452,Bigfoot,argent-dawn,1283,hunter,marksmanship,90,40,50
7453,Fauda,hellscream,1277,hunter,marksmanship,30,15,15
7454,Doomhorg,quelthalas,1276,hunter,marksmanship,60,30,30
7455,Poatan,outland,1268,hunter,marksmanship,128,68,60
7456,Ekz,twisting-nether,1267,hunter,marksmanship,28,14,14
7457,Хантвкроксах,gordunni,1257,hunter,marksmanship,22,14,8
7458,Феорика,grom,1257,hunter,marksmanship,66,33,33
7459,Booms,eonar,1254,hunter,marksmanship,65,31,34
7460,Kravên,anubarak,1251,hunter,marksmanship,45,17,28
7461,Mönster,ravenholdt,1248,hunter,marksmanship,27,14,13
7462,Одисенс,eversong,1248,hunter,marksmanship,103,53,50
7463,Hardscoped,tarren-mill,1247,hunter,marksmanship,34,14,20
7464,Iilac,argent-dawn,1242,hunter,marksmanship,184,104,80
7465,Sindorian,aggra-português,1242,hunter,marksmanship,24,13,11
7466,Sizemattersx,kazzak,1241,hunter,marksmanship,32,13,19
7467,Barnabaz,skullcrusher,1238,hunter,marksmanship,24,13,11
7468,Silvyina,todeswache,1236,hunter,marksmanship,28,14,14
7469,Shedzargo,twisting-nether,1234,hunter,marksmanship,24,13,11
7470,Fränko,ravencrest,1234,hunter,marksmanship,30,13,17
7471,Ронингуд,gordunni,1233,hunter,marksmanship,24,13,11
7472,Ксидре,eversong,1231,hunter,marksmanship,30,15,15
7473,Mainblu,nemesis,1231,hunter,marksmanship,30,14,16
7474,Xesih,twisting-nether,1228,hunter,marksmanship,53,23,30
7475,Babclaar,culte-de-la-rive-noire,1227,hunter,marksmanship,18,13,5
7476,Sivoh,silvermoon,1227,hunter,marksmanship,50,23,27
7477,Loretta,ragnaros,1225,hunter,marksmanship,23,13,10
7478,Rmnsbm,blackmoore,1224,hunter,marksmanship,24,13,11
7479,Travels,tarren-mill,1222,hunter,marksmanship,30,13,17
7480,Adariana,archimonde,1220,hunter,marksmanship,30,13,17
7481,Redneckjoe,draenor,1219,hunter,marksmanship,41,18,23
7482,Bgkrasavec,stormscale,1214,hunter,marksmanship,35,19,16
7483,Арийская,gordunni,1213,hunter,marksmanship,41,17,24
7484,Elyxa,ysondre,1211,hunter,marksmanship,54,30,24
7485,Vïcødïnë,sinstralis,1205,hunter,marksmanship,42,17,25
7486,Arize,quelthalas,1204,hunter,marksmanship,67,32,35
7487,Jeston,amanthul,1202,hunter,marksmanship,31,14,17
7488,Skohal,draenor,1200,hunter,marksmanship,78,36,42
7489,Blowplac,moonglade,1198,hunter,marksmanship,40,16,24
7490,Watty,chogall,1195,hunter,marksmanship,88,45,43
7491,Скартэкс,howling-fjord,1191,hunter,marksmanship,20,14,6
7492,Touscahunter,kazzak,1188,hunter,marksmanship,264,133,131
7493,Féliché,elune,1188,hunter,marksmanship,72,27,45
7494,Blackas,dun-modr,1180,hunter,marksmanship,48,21,27
7495,Naven,minahonda,1170,hunter,marksmanship,36,15,21
7496,Zirilan,nemesis,1163,hunter,marksmanship,28,13,15
7497,Breier,argent-dawn,1158,hunter,marksmanship,42,20,22
7498,Sâetha,dun-modr,1157,hunter,marksmanship,36,14,22
7499,Celtya,archimonde,1155,hunter,marksmanship,48,26,22
7500,Jodd,ragnaros,1152,hunter,marksmanship,24,12,12
7501,Eenel,twisting-nether,1148,hunter,marksmanship,24,12,12
7502,Farmerjoee,alakir,1147,hunter,marksmanship,24,13,11
7503,Каизик,soulflayer,1146,hunter,marksmanship,29,13,16
7504,Kendow,blackrock,1146,hunter,marksmanship,55,24,31
7505,Роктджана,deathguard,1143,hunter,marksmanship,24,12,12
7506,Smekminbåge,tarren-mill,1142,hunter,marksmanship,30,12,18
7507,Voitelka,terokkar,1141,hunter,marksmanship,62,32,30
7508,Mántîs,argent-dawn,1138,hunter,marksmanship,31,15,16
7509,Хапмьюзик,howling-fjord,1138,hunter,marksmanship,42,13,29
7510,Дайпострелят,gordunni,1127,hunter,marksmanship,30,12,18
7511,Cooroona,stormrage,1119,hunter,marksmanship,24,12,12
7512,Serihu,cthun,1119,hunter,marksmanship,36,12,24
7513,Kakadoo,twisting-nether,1110,hunter,marksmanship,24,12,12
7514,Hollabackgrl,outland,1105,hunter,marksmanship,42,18,24
7515,Swáy,twisting-nether,1100,hunter,marksmanship,214,100,114
7516,Анхантэй,lich-king,1092,hunter,marksmanship,136,69,67
7517,Overhït,hyjal,1090,hunter,marksmanship,77,34,43
7518,Сандабар,borean-tundra,1083,hunter,marksmanship,35,18,17
7519,Robìnhood,nemesis,1080,hunter,marksmanship,36,19,17
7520,Хакаар,grom,1080,hunter,marksmanship,42,18,24
7521,Thelasiel,aerie-peak,1079,hunter,marksmanship,67,33,34
7522,Лорбан,gordunni,1078,hunter,marksmanship,26,13,13
7523,Bendit,eredar,1076,hunter,marksmanship,42,20,22
7524,Narøs,blackhand,1076,hunter,marksmanship,76,31,45
7525,Еввнух,gordunni,1067,hunter,marksmanship,25,12,13
7526,Lillynahh,argent-dawn,1066,hunter,marksmanship,92,38,54
7527,Opsi,area-52,1066,hunter,marksmanship,32,12,20
7528,Jisila,ravencrest,1060,hunter,marksmanship,33,16,17
7529,Tinlop,ragnaros,1058,hunter,marksmanship,72,29,43
7530,Epheso,daggerspine,1055,hunter,marksmanship,18,11,7
7531,Suchskill,stormreaver,1055,hunter,marksmanship,24,11,13
7532,Iceyx,stormscale,1055,hunter,marksmanship,30,11,19
7533,Dentaar,draenor,1054,hunter,marksmanship,83,40,43
7534,Artémíss,kazzak,1050,hunter,marksmanship,24,11,13
7535,Kbesagrillo,sanguino,1050,hunter,marksmanship,24,11,13
7536,Lennylynx,garrosh,1049,hunter,marksmanship,24,11,13
7537,Эльк,gordunni,1048,hunter,marksmanship,18,11,7
7538,Слезыотлука,howling-fjord,1048,hunter,marksmanship,18,11,7
7539,Zendar,blackmoore,1047,hunter,marksmanship,33,12,21
7540,Ønske,azjolnerub,1045,hunter,marksmanship,24,11,13
7541,Sisilianno,khaz-modan,1045,hunter,marksmanship,70,27,43
7542,Blacksyo,elune,1042,hunter,marksmanship,27,11,16
7543,Винтаж,deepholm,1041,hunter,marksmanship,59,26,33
7544,Cêdric,alleria,1041,hunter,marksmanship,28,12,16
7545,Madtony,aegwynn,1029,hunter,marksmanship,24,11,13
7546,Hoody,culte-de-la-rive-noire,1027,hunter,marksmanship,25,13,12
7547,Neosmoke,shadowsong,1026,hunter,marksmanship,30,11,19
7548,Crní,tarren-mill,1024,hunter,marksmanship,18,11,7
7549,Naghtel,die-silberne-hand,1024,hunter,marksmanship,18,11,7
7550,Fetts,silvermoon,1023,hunter,marksmanship,24,11,13
7551,Slicer,arthas,1023,hunter,marksmanship,73,31,42
7552,Lonewolfe,ravencrest,1021,hunter,marksmanship,90,39,51
7553,Noobatala,tarren-mill,1018,hunter,marksmanship,36,17,19
7554,Tránsphobic,kilrogg,1017,hunter,marksmanship,24,11,13
7555,Tungusta,defias-brotherhood,1006,hunter,marksmanship,42,19,23
7556,Nutzz,ragnaros,1006,hunter,marksmanship,41,15,26
7557,Брухлянка,gordunni,1003,hunter,marksmanship,24,12,12
7558,Ispo,frostwolf,999,hunter,marksmanship,58,25,33
7559,Ayshæ,tarren-mill,994,hunter,marksmanship,23,14,9
7560,Jaýlah,draenor,991,hunter,marksmanship,54,24,30
7561,Bonquiesha,tarren-mill,991,hunter,marksmanship,25,11,14
7562,Lookmyezzy,ravencrest,990,hunter,marksmanship,20,11,9
7563,Bélier,hyjal,986,hunter,marksmanship,30,14,16
7564,Ártemide,pozzo-delleternità,975,hunter,marksmanship,33,15,18
7565,Oatmeal,dun-morogh,974,hunter,marksmanship,50,22,28
7566,Talcaliste,archimonde,964,hunter,marksmanship,38,14,24
7567,Tomtus,aggramar,961,hunter,marksmanship,49,24,25
7568,Nyxìa,shattered-halls,960,hunter,marksmanship,18,10,8
7569,Vanstro,ragnaros,960,hunter,marksmanship,18,10,8
7570,Квит,blackscar,960,hunter,marksmanship,24,10,14
7571,Velites,aggra-português,959,hunter,marksmanship,18,10,8
7572,Тамирка,deathguard,958,hunter,marksmanship,12,10,2
7573,Metalbaci,sylvanas,958,hunter,marksmanship,18,10,8
7574,Yelanna,argent-dawn,957,hunter,marksmanship,18,10,8
7575,Agarez,blackrock,957,hunter,marksmanship,24,12,12
7576,Zlejkadlec,burning-blade,957,hunter,marksmanship,24,10,14
7577,Huntazt,draenor,956,hunter,marksmanship,18,10,8
7578,Tiidus,burning-legion,955,hunter,marksmanship,18,10,8
7579,Bobleearrow,darkspear,955,hunter,marksmanship,18,10,8
7580,Johnydep,silvermoon,955,hunter,marksmanship,30,10,20
7581,Setis,uldaman,955,hunter,marksmanship,36,10,26
7582,Фузег,deathguard,953,hunter,marksmanship,18,10,8
7583,Taveon,turalyon,953,hunter,marksmanship,18,10,8
7584,Rediction,ravencrest,953,hunter,marksmanship,24,10,14
7585,Phillon,blackrock,949,hunter,marksmanship,12,10,2
7586,Aaryel,outland,948,hunter,marksmanship,18,10,8
7587,Azaella,tarren-mill,948,hunter,marksmanship,18,10,8
7588,Yanger,burning-legion,946,hunter,marksmanship,30,10,20
7589,Freezyshinkn,blackrock,945,hunter,marksmanship,18,11,7
7590,Mhood,dun-morogh,945,hunter,marksmanship,36,18,18
7591,Ililivillumi,tarren-mill,945,hunter,marksmanship,24,10,14
7592,Survivr,frostmane,937,hunter,marksmanship,18,10,8
7593,Thauana,los-errantes,934,hunter,marksmanship,18,10,8
7594,Madida,ravencrest,925,hunter,marksmanship,12,10,2
7595,Эвилтар,soulflayer,925,hunter,marksmanship,20,11,9
7596,Snaped,malganis,924,hunter,marksmanship,23,10,13
7597,Laara,khaz-modan,922,hunter,marksmanship,107,49,58
7598,Pappous,kul-tiras,911,hunter,marksmanship,26,11,15
7599,Амобарбиталх,gordunni,901,hunter,marksmanship,33,11,22
7600,Zicko,argent-dawn,897,hunter,marksmanship,35,13,22
7601,Ранбоу,howling-fjord,892,hunter,marksmanship,49,19,30
7602,Aliyah,blackmoore,891,hunter,marksmanship,60,31,29
7603,Adventures,darkmoon-faire,881,hunter,marksmanship,18,10,8
7604,Sinsé,conseil-des-ombres,879,hunter,marksmanship,16,10,6
7605,Luckyshooter,nethersturm,877,hunter,marksmanship,71,32,39
7606,Tenkai,cthun,871,hunter,marksmanship,24,12,12
7607,Aszasi,azjolnerub,871,hunter,marksmanship,25,10,15
7608,Krøsh,blackmoore,870,hunter,marksmanship,36,16,20
7609,Feelmyfurý,tarren-mill,864,hunter,marksmanship,12,9,3
7610,Nyjal,archimonde,864,hunter,marksmanship,12,9,3
7611,Chindala,zuljin,864,hunter,marksmanship,18,9,9
7612,Mòzetonq,ravencrest,864,hunter,marksmanship,18,9,9
7613,Arung,ravencrest,864,hunter,marksmanship,18,9,9
7614,Rizlay,the-maelstrom,864,hunter,marksmanship,24,9,15
7615,Migro,sylvanas,863,hunter,marksmanship,18,9,9
7616,Jayri,ravencrest,863,hunter,marksmanship,18,9,9
7617,Какжеплевать,gordunni,862,hunter,marksmanship,12,9,3
7618,Obii,stormscale,862,hunter,marksmanship,18,9,9
7619,Огнеборик,howling-fjord,862,hunter,marksmanship,24,9,15
7620,Theuzikat,ragnaros,861,hunter,marksmanship,24,9,15
7621,Jalcer,draenor,860,hunter,marksmanship,30,9,21
7622,Джимуха,soulflayer,859,hunter,marksmanship,30,15,15
7623,Gorá,dethecus,858,hunter,marksmanship,12,9,3
7624,Bazrzokh,elune,858,hunter,marksmanship,18,9,9
7625,Gwalëndil,hyjal,858,hunter,marksmanship,24,9,15
7626,Zushji,ysondre,858,hunter,marksmanship,36,9,27
7627,Krippie,dun-modr,857,hunter,marksmanship,36,16,20
7628,Gintønic,blackmoore,857,hunter,marksmanship,36,9,27
7629,Qmbonboni,ravencrest,855,hunter,marksmanship,24,9,15
7630,Baraduh,sylvanas,853,hunter,marksmanship,18,9,9
7631,Baldazr,shadowsong,853,hunter,marksmanship,24,9,15
7632,Eldrilaon,arthas,852,hunter,marksmanship,39,18,21
7633,Zerkarok,draenor,851,hunter,marksmanship,30,9,21
7634,Фридор,deathguard,850,hunter,marksmanship,24,10,14
7635,Bluetiger,azshara,842,hunter,marksmanship,22,10,12
7636,Heavenlyx,area-52,835,hunter,marksmanship,36,9,27
7637,Куфа,blackscar,831,hunter,marksmanship,20,10,10
7638,Hylzen,outland,828,hunter,marksmanship,17,9,8
7639,Wìndrunner,malfurion,826,hunter,marksmanship,59,25,34
7640,Azsräel,dalaran,822,hunter,marksmanship,38,15,23
7641,Rollei,uldum,816,hunter,marksmanship,18,9,9
7642,Klarix,outland,815,hunter,marksmanship,17,9,8
7643,Grafhunter,antonidas,814,hunter,marksmanship,69,32,37
7644,Йошумитсу,howling-fjord,803,hunter,marksmanship,26,10,16
7645,Retroxia,stormreaver,798,hunter,marksmanship,14,9,5
7646,Väärä,stormscale,780,hunter,marksmanship,22,9,13
7647,Greel,saurfang,771,hunter,marksmanship,54,21,33
7648,Maticshorter,blackmoore,768,hunter,marksmanship,12,8,4
7649,Рбг,blackscar,768,hunter,marksmanship,18,8,10
7650,Celesticx,chamber-of-aspects,768,hunter,marksmanship,18,8,10
7651,Carre,twilights-hammer,768,hunter,marksmanship,18,8,10
7652,Кривоватый,galakrond,767,hunter,marksmanship,12,8,4
7653,Sylverain,silvermoon,767,hunter,marksmanship,12,8,4
7654,Mareyn,argent-dawn,767,hunter,marksmanship,12,8,4
7655,Thallia,todeswache,767,hunter,marksmanship,18,8,10
7656,Skitari,draenor,767,hunter,marksmanship,18,8,10
7657,Raegal,sanguino,767,hunter,marksmanship,18,8,10
7658,Focushunter,outland,767,hunter,marksmanship,18,8,10
7659,Dasimir,blackrock,767,hunter,marksmanship,18,8,10
7660,Иоссифсталин,soulflayer,767,hunter,marksmanship,24,8,16
7661,Ëluna,burning-legion,766,hunter,marksmanship,12,8,4
7662,Shoót,blackmoore,766,hunter,marksmanship,18,8,10
7663,Ixôn,tarren-mill,765,hunter,marksmanship,24,8,16
7664,Aourön,archimonde,764,hunter,marksmanship,18,8,10
7665,Shibai,outland,762,hunter,marksmanship,18,8,10
7666,Серргио,soulflayer,761,hunter,marksmanship,12,8,4
7667,Wetto,ravencrest,759,hunter,marksmanship,18,8,10
7668,Neldrassil,blackmoore,758,hunter,marksmanship,18,8,10
7669,Fèhn,krasus,757,hunter,marksmanship,12,8,4
7670,Erestor,hellfire,747,hunter,marksmanship,12,8,4
7671,Ønur,twisting-nether,747,hunter,marksmanship,18,8,10
7672,Ashkabous,kazzak,745,hunter,marksmanship,18,8,10
7673,Calea,zirkel-des-cenarius,743,hunter,marksmanship,24,9,15
7674,Лордввт,howling-fjord,734,hunter,marksmanship,18,8,10
7675,Deathøfrats,ravencrest,719,hunter,marksmanship,11,8,3
7676,Загзигзаг,soulflayer,710,hunter,marksmanship,21,9,12
7677,Weilerz,drakthul,672,hunter,marksmanship,12,7,5
7678,Bigbowyahurd,draenor,672,hunter,marksmanship,12,7,5
7679,Nêzz,tarren-mill,672,hunter,marksmanship,12,7,5
7680,Avaren,archimonde,672,hunter,marksmanship,12,7,5
7681,Merquryh,ravencrest,672,hunter,marksmanship,12,7,5
7682,Costner,darksorrow,672,hunter,marksmanship,12,7,5
7683,Killershadow,twisting-nether,672,hunter,marksmanship,12,7,5
7684,Dis,twilights-hammer,672,hunter,marksmanship,12,7,5
7685,Dtq,silvermoon,672,hunter,marksmanship,12,7,5
7686,Fluttershy,terokkar,672,hunter,marksmanship,12,7,5
7687,Thugzilla,auchindoun,672,hunter,marksmanship,12,7,5
7688,Jurá,perenolde,672,hunter,marksmanship,12,7,5
7689,Eilyn,quelthalas,672,hunter,marksmanship,12,7,5
7690,Кисяныч,gordunni,672,hunter,marksmanship,12,7,5
7691,Агелетка,gordunni,672,hunter,marksmanship,12,7,5
7692,Хвоостт,gordunni,672,hunter,marksmanship,12,7,5
7693,Гусецап,gordunni,672,hunter,marksmanship,12,7,5
7694,Hesuss,kazzak,672,hunter,marksmanship,12,7,5
7695,Corrupth,outland,672,hunter,marksmanship,15,8,7
7696,Землепух,howling-fjord,672,hunter,marksmanship,18,7,11
7697,Трольболь,eversong,672,hunter,marksmanship,18,7,11
7698,Ahrtemís,destromath,672,hunter,marksmanship,18,7,11
7699,Medgical,outland,672,hunter,marksmanship,18,7,11
7700,Birgitta,jaedenar,672,hunter,marksmanship,18,7,11
7701,Джарвиз,soulflayer,672,hunter,marksmanship,18,7,11
7702,Påtrîckbátém,ravencrest,672,hunter,marksmanship,18,7,11
7703,Онкьяр,gordunni,672,hunter,marksmanship,24,7,17
7704,Griffithstew,blackmoore,672,hunter,marksmanship,24,7,17
7705,Манаррия,soulflayer,672,hunter,marksmanship,24,7,17
7706,Rísu,argent-dawn,671,hunter,marksmanship,12,7,5
7707,Vruh,antonidas,671,hunter,marksmanship,12,7,5
7708,Ôrïøn,archimonde,671,hunter,marksmanship,12,7,5
7709,Халикер,soulflayer,671,hunter,marksmanship,12,7,5
7710,Maknamara,tarren-mill,671,hunter,marksmanship,12,7,5
7711,Guerrilla,stormscale,671,hunter,marksmanship,18,7,11
7712,Спелла,goldrinn,671,hunter,marksmanship,18,7,11
7713,Ashrak,frostmourne,671,hunter,marksmanship,18,7,11
7714,Makaxx,stormscale,671,hunter,marksmanship,18,7,11
7715,Sjufemman,ravencrest,671,hunter,marksmanship,24,7,17
7716,Aureboby,hyjal,671,hunter,marksmanship,24,7,17
7717,Ямакасси,thermaplugg,671,hunter,marksmanship,36,7,29
7718,Deathtrapper,bronzebeard,670,hunter,marksmanship,12,7,5
7719,Pewpewshotz,stormscale,670,hunter,marksmanship,12,7,5
7720,Helioshin,pozzo-delleternità,670,hunter,marksmanship,18,7,11
7721,Jðsi,dalaran,670,hunter,marksmanship,18,7,11
7722,Yip,twisting-nether,670,hunter,marksmanship,18,7,11
7723,Bulseye,kilrogg,670,hunter,marksmanship,18,7,11
7724,Spêctrâ,sylvanas,670,hunter,marksmanship,18,7,11
7725,Kaudza,archimonde,669,hunter,marksmanship,18,7,11
7726,Jaggatee,senjin,668,hunter,marksmanship,12,7,5
7727,Wishmeweed,kazzak,668,hunter,marksmanship,18,7,11
7728,Eilaa,ravencrest,662,hunter,marksmanship,18,7,11
7729,Arkman,malganis,660,hunter,marksmanship,30,7,23
7730,Shokre,silvermoon,657,hunter,marksmanship,12,7,5
7731,Breezhunt,twisting-nether,655,hunter,marksmanship,17,7,10
7732,Есселин,thermaplugg,650,hunter,marksmanship,18,7,11
7733,Aadarshh,turalyon,645,hunter,marksmanship,18,7,11
7734,Sogoru,dun-modr,637,hunter,marksmanship,15,8,7
7735,Scark,tarren-mill,621,hunter,marksmanship,11,7,4
7736,Miezuu,ravencrest,620,hunter,marksmanship,15,7,8
7737,Crétin,archimonde,617,hunter,marksmanship,20,8,12
7738,Iniduhr,dalaran,617,hunter,marksmanship,21,8,13
7739,Weridia,der-rat-von-dalaran,607,hunter,marksmanship,11,7,4
7740,Chizuna,dun-morogh,606,hunter,marksmanship,14,7,7
7741,Connyrövöga,draenor,576,hunter,marksmanship,6,6,0
7742,Ofortuna,silvermoon,576,hunter,marksmanship,6,6,0
7743,Mfbloom,blackmoore,576,hunter,marksmanship,12,6,6
7744,Инкризшот,gordunni,576,hunter,marksmanship,12,6,6
7745,Shína,argent-dawn,576,hunter,marksmanship,12,6,6
7746,Wolfud,pozzo-delleternità,576,hunter,marksmanship,12,6,6
7747,Fantus,sylvanas,576,hunter,marksmanship,12,6,6
7748,Aenina,kazzak,576,hunter,marksmanship,12,6,6
7749,Djidawn,ysondre,576,hunter,marksmanship,12,6,6
7750,Nirn,ravencrest,576,hunter,marksmanship,12,6,6
7751,Crudeconzept,talnivarr,576,hunter,marksmanship,12,6,6
7752,Vorsia,tarren-mill,576,hunter,marksmanship,12,6,6
7753,Watchouttah,the-maelstrom,576,hunter,marksmanship,12,6,6
7754,Jettraichu,aggra-português,576,hunter,marksmanship,12,6,6
7755,Hunlin,kazzak,576,hunter,marksmanship,12,6,6
7756,Imfiné,outland,576,hunter,marksmanship,18,6,12
7757,Такувами,gordunni,576,hunter,marksmanship,18,6,12
7758,Луврен,deepholm,576,hunter,marksmanship,18,6,12
7759,Сашатетива,gordunni,576,hunter,marksmanship,18,6,12
7760,Oneeyedjoe,the-maelstrom,575,hunter,marksmanship,12,6,6
7761,Noxxen,burning-legion,575,hunter,marksmanship,12,6,6
7762,Elladiel,blackmoore,575,hunter,marksmanship,12,6,6
7763,Kilölek,ragnaros,575,hunter,marksmanship,12,6,6
7764,Fugass,ragnaros,575,hunter,marksmanship,12,6,6
7765,Xeragon,frostwolf,575,hunter,marksmanship,12,6,6
7766,Muddí,ravencrest,575,hunter,marksmanship,12,6,6
7767,Dirtydolores,thrall,575,hunter,marksmanship,12,6,6
7768,Tolkienn,archimonde,575,hunter,marksmanship,12,6,6
7769,Ruger,hyjal,575,hunter,marksmanship,12,6,6
7770,Pøca,kaelthas,575,hunter,marksmanship,12,6,6
7771,Ina,tarren-mill,575,hunter,marksmanship,12,6,6
7772,Honzu,silvermoon,575,hunter,marksmanship,12,6,6
7773,Loca,twilights-hammer,575,hunter,marksmanship,12,6,6
7774,Lightarròw,nordrassil,575,hunter,marksmanship,18,6,12
7775,Egy,the-maelstrom,574,hunter,marksmanship,12,6,6
7776,Seariko,draenor,574,hunter,marksmanship,18,6,12
7777,Omixloua,ragnaros,572,hunter,marksmanship,18,6,12
7778,Isarnexx,dun-modr,571,hunter,marksmanship,12,6,6
7779,Selini,bloodfeather,570,hunter,marksmanship,12,6,6
7780,Kartouche,culte-de-la-rive-noire,565,hunter,marksmanship,12,6,6
7781,Sauer,stormreaver,564,hunter,marksmanship,18,6,12
7782,Mooj,malganis,559,hunter,marksmanship,11,6,5
7783,Matarmeya,los-errantes,539,hunter,marksmanship,16,7,9
7784,Rockymarciaa,dalaran,527,hunter,marksmanship,21,6,15
7785,Ímpulsion,stormscale,511,hunter,marksmanship,14,6,8
7786,Фэйсконтроль,azuregos,506,hunter,marksmanship,20,6,14
7787,Сальверди,gordunni,480,hunter,marksmanship,6,5,1
7788,Toptìérgoðx,drakthul,480,hunter,marksmanship,6,5,1
7789,Ðarrk,tarren-mill,480,hunter,marksmanship,6,5,1
7790,Îløvémêld,kazzak,480,hunter,marksmanship,6,5,1
7791,Elyar,eredar,480,hunter,marksmanship,6,5,1
7792,Waltuhwhite,teldrassil,480,hunter,marksmanship,6,5,1
7793,Antiork,doomhammer,480,hunter,marksmanship,6,5,1
7794,Полития,azuregos,480,hunter,marksmanship,9,6,3
7795,Nothrokh,auchindoun,480,hunter,marksmanship,12,5,7
7796,Tavira,zuljin,480,hunter,marksmanship,12,5,7
7797,Galou,ghostlands,480,hunter,marksmanship,12,5,7
7798,Brk,dun-modr,480,hunter,marksmanship,12,5,7
7799,Шотнес,gordunni,480,hunter,marksmanship,12,5,7
7800,Leílah,kazzak,480,hunter,marksmanship,12,5,7
7801,Zajaczek,burning-legion,480,hunter,marksmanship,12,5,7
7802,Huntardös,outland,480,hunter,marksmanship,12,5,7
7803,Dritzdòurden,dun-modr,480,hunter,marksmanship,12,5,7
7804,Sashobg,aerie-peak,480,hunter,marksmanship,12,5,7
7805,Spitchy,kazzak,480,hunter,marksmanship,12,5,7
7806,Wowkulaka,kazzak,480,hunter,marksmanship,12,5,7
7807,Куников,booty-bay,480,hunter,marksmanship,12,5,7
7808,Кайсго,gordunni,480,hunter,marksmanship,12,5,7
7809,Lourse,ysondre,480,hunter,marksmanship,12,5,7
7810,Ðõt,ravencrest,480,hunter,marksmanship,12,5,7
7811,Shieryu,archimonde,480,hunter,marksmanship,12,5,7
7812,Øßlíck,ysondre,480,hunter,marksmanship,12,5,7
7813,Littlerat,kult-der-verdammten,480,hunter,marksmanship,12,5,7
7814,Scartet,blackmoore,480,hunter,marksmanship,12,5,7
7815,Carrilynn,blackrock,480,hunter,marksmanship,12,5,7
7816,Deathmarks,blackrock,480,hunter,marksmanship,12,5,7
7817,Denaik,ravencrest,480,hunter,marksmanship,12,5,7
7818,Fylealaes,ravencrest,480,hunter,marksmanship,12,5,7
7819,Jomerin,thrall,480,hunter,marksmanship,12,5,7
7820,Zion,kul-tiras,480,hunter,marksmanship,12,5,7
7821,Agbaba,twisting-nether,480,hunter,marksmanship,12,5,7
7822,Hÿyrøk,ysondre,480,hunter,marksmanship,18,5,13
7823,Тэуреэль,gordunni,480,hunter,marksmanship,18,5,13
7824,Dramin,defias-brotherhood,480,hunter,marksmanship,18,5,13
7825,Tetiscaza,sanguino,480,hunter,marksmanship,24,5,19
7826,Jozsiur,ragnaros,479,hunter,marksmanship,6,5,1
7827,Lunalai,antonidas,479,hunter,marksmanship,12,5,7
7828,Nígruløl,arthas,479,hunter,marksmanship,12,5,7
7829,Nìsalle,argent-dawn,479,hunter,marksmanship,12,5,7
7830,Zäyk,zuljin,479,hunter,marksmanship,12,5,7
7831,Whereismypet,azjolnerub,479,hunter,marksmanship,12,5,7
7832,Vèreesa,azjolnerub,479,hunter,marksmanship,12,5,7
7833,Arrown,outland,479,hunter,marksmanship,17,6,11
7834,Зиргус,gordunni,479,hunter,marksmanship,18,5,13
7835,Nightarrows,ravencrest,478,hunter,marksmanship,6,5,1
7836,Tiph,argent-dawn,478,hunter,marksmanship,12,5,7
7837,Thebalrog,korgall,478,hunter,marksmanship,12,5,7
7838,Bloodshot,nethersturm,477,hunter,marksmanship,12,5,7
7839,Miisakaa,antonidas,477,hunter,marksmanship,12,5,7
7840,Robros,dentarg,475,hunter,marksmanship,12,5,7
7841,Klittcrit,bloodhoof,475,hunter,marksmanship,12,5,7
7842,Jibolad,stormreaver,475,hunter,marksmanship,12,5,7
7843,Sixty,rajaxx,474,hunter,marksmanship,18,5,13
7844,Karmios,drakthul,473,hunter,marksmanship,12,5,7
7845,Juki,pozzo-delleternità,472,hunter,marksmanship,12,5,7
7846,Littlenugget,ravencrest,447,hunter,marksmanship,11,5,6
7847,Haleth,uldum,447,hunter,marksmanship,17,5,12
7848,Thedanchodak,stormrage,440,hunter,marksmanship,11,5,6
7849,Jocitwitch,ragnaros,432,hunter,marksmanship,9,6,3
7850,Zaragattas,aggra-português,426,hunter,marksmanship,17,7,10
7851,Sylasteria,twisting-nether,426,hunter,marksmanship,16,6,10
7852,Quinty,durotan,414,hunter,marksmanship,8,5,3
7853,Sandchaton,ragnaros,384,hunter,marksmanship,6,4,2
7854,Earlyspring,ragnaros,384,hunter,marksmanship,6,4,2
7855,Burninghunt,ravencrest,384,hunter,marksmanship,6,4,2
7856,Ixxmhunt,blackrock,384,hunter,marksmanship,6,4,2
7857,Faenor,arygos,384,hunter,marksmanship,6,4,2
7858,Nöbody,khaz-modan,384,hunter,marksmanship,6,4,2
7859,Donneraàn,blackrock,384,hunter,marksmanship,6,4,2
7860,Bosseleon,blackrock,384,hunter,marksmanship,6,4,2
7861,Myoui,silvermoon,384,hunter,marksmanship,6,4,2
7862,Hntudwn,azshara,384,hunter,marksmanship,6,4,2
7863,Rymous,nemesis,384,hunter,marksmanship,6,4,2
7864,Kaktus,shattered-hand,384,hunter,marksmanship,6,4,2
7865,Øtemløol,sanguino,384,hunter,marksmanship,6,4,2
7866,Kragán,silvermoon,384,hunter,marksmanship,6,4,2
7867,Aidsmacka,shattered-hand,384,hunter,marksmanship,6,4,2
7868,Джеймсфранко,blackscar,384,hunter,marksmanship,6,4,2
7869,Sùnzí,alakir,384,hunter,marksmanship,6,4,2
7870,Silvyn,pozzo-delleternità,384,hunter,marksmanship,6,4,2
7871,Velen,pozzo-delleternità,384,hunter,marksmanship,6,4,2
7872,Destynarîa,illidan,384,hunter,marksmanship,6,4,2
7873,Nßatrapper,outland,384,hunter,marksmanship,6,4,2
7874,Galadris,kirin-tor,384,hunter,marksmanship,6,4,2
7875,Xzmiq,outland,384,hunter,marksmanship,6,4,2
7876,Darllene,kazzak,384,hunter,marksmanship,6,4,2
7877,Zulthat,thrall,384,hunter,marksmanship,6,4,2
7878,Ðøper,hyjal,384,hunter,marksmanship,6,4,2
7879,Intoxd,sylvanas,384,hunter,marksmanship,6,4,2
7880,Donfabio,norgannon,384,hunter,marksmanship,6,4,2
7881,Anpaytoo,antonidas,384,hunter,marksmanship,6,4,2
7882,Metak,auchindoun,384,hunter,marksmanship,6,4,2
7883,Likandria,blackmoore,384,hunter,marksmanship,6,4,2
7884,Ðæom,outland,384,hunter,marksmanship,6,4,2
7885,Kikilirilivi,ysondre,384,hunter,marksmanship,6,4,2
7886,Оверман,azuregos,384,hunter,marksmanship,6,4,2
7887,Lrr,grim-batol,384,hunter,marksmanship,6,4,2
7888,Denkstah,tarren-mill,384,hunter,marksmanship,6,4,2
7889,Dariusmm,silvermoon,384,hunter,marksmanship,6,4,2
7890,Doloresman,tarren-mill,384,hunter,marksmanship,6,4,2
7891,Doubletap,ysondre,384,hunter,marksmanship,6,4,2
7892,Killitoss,blackmoore,384,hunter,marksmanship,6,4,2
7893,Comegetme,auchindoun,384,hunter,marksmanship,6,4,2
7894,Yoey,tarren-mill,384,hunter,marksmanship,6,4,2
7895,Unßørn,archimonde,384,hunter,marksmanship,6,4,2
7896,Qiruun,draenor,384,hunter,marksmanship,6,4,2
7897,Сынсема,blackscar,384,hunter,marksmanship,6,4,2
7898,Jägarenen,kazzak,384,hunter,marksmanship,6,4,2
7899,Slo,sylvanas,384,hunter,marksmanship,6,4,2
7900,Сацыви,gordunni,384,hunter,marksmanship,6,4,2
7901,Хантероо,gordunni,384,hunter,marksmanship,6,4,2
7902,Snipinx,draenor,384,hunter,marksmanship,6,4,2
7903,Wîldhunt,burning-legion,384,hunter,marksmanship,11,4,7
7904,Egodennis,frostwolf,384,hunter,marksmanship,12,4,8
7905,Йинги,gordunni,384,hunter,marksmanship,12,4,8
7906,Døømslayer,nemesis,384,hunter,marksmanship,12,4,8
7907,Свадебная,gordunni,384,hunter,marksmanship,12,4,8
7908,Peonfarmer,argent-dawn,384,hunter,marksmanship,12,4,8
7909,Hashaya,hyjal,384,hunter,marksmanship,12,4,8
7910,Ruppig,nozdormu,384,hunter,marksmanship,12,4,8
7911,Tartaupommes,hyjal,384,hunter,marksmanship,12,4,8
7912,Naestra,tarren-mill,384,hunter,marksmanship,12,4,8
7913,Rapid,sylvanas,384,hunter,marksmanship,12,4,8
7914,Vallêria,malganis,384,hunter,marksmanship,12,4,8
7915,Noobhuntress,norgannon,384,hunter,marksmanship,12,4,8
7916,Querro,azshara,384,hunter,marksmanship,12,4,8
7917,Narziel,die-todeskrallen,384,hunter,marksmanship,12,4,8
7918,Rupeebtw,stormscale,384,hunter,marksmanship,12,4,8
7919,Fennecshand,colinas-pardas,384,hunter,marksmanship,12,4,8
7920,Kanlina,ravencrest,384,hunter,marksmanship,12,4,8
7921,Dangerousfoe,argent-dawn,384,hunter,marksmanship,12,4,8
7922,Deeparrow,stormscale,384,hunter,marksmanship,12,4,8
7923,Darilli,wildhammer,384,hunter,marksmanship,12,4,8
7924,Zurzok,blackrock,384,hunter,marksmanship,12,4,8
7925,Sharún,sylvanas,384,hunter,marksmanship,12,4,8
7926,Абунай,soulflayer,384,hunter,marksmanship,12,4,8
7927,Thengill,draenor,384,hunter,marksmanship,12,4,8
7928,Darkshe,dun-modr,384,hunter,marksmanship,12,4,8
7929,Spirys,drakthul,384,hunter,marksmanship,12,4,8
7930,Bugspitz,outland,384,hunter,marksmanship,12,4,8
7931,Gødzftw,kazzak,384,hunter,marksmanship,14,4,10
7932,Kêêpsmile,blackmoore,384,hunter,marksmanship,18,4,14
7933,Конар,soulflayer,383,hunter,marksmanship,6,4,2
7934,Hanzolo,uldum,383,hunter,marksmanship,12,4,8
7935,Penelopé,darkmoon-faire,383,hunter,marksmanship,12,4,8
7936,Kyéra,kirin-tor,383,hunter,marksmanship,12,4,8
7937,Zirriath,mazrigos,383,hunter,marksmanship,12,4,8
7938,Anguerande,khaz-modan,383,hunter,marksmanship,12,4,8
7939,Nezuqo,archimonde,383,hunter,marksmanship,18,4,14
7940,Koreic,silvermoon,383,hunter,marksmanship,18,4,14
7941,Agnõr,chants-éternels,382,hunter,marksmanship,6,4,2
7942,Banshees,sylvanas,382,hunter,marksmanship,6,4,2
7943,Бурбоньчик,soulflayer,382,hunter,marksmanship,12,4,8
7944,Armoredtiger,grim-batol,381,hunter,marksmanship,12,4,8
7945,Saccä,ysondre,381,hunter,marksmanship,12,4,8
7946,Euphellius,darkmoon-faire,380,hunter,marksmanship,15,5,10
7947,Lumidii,burning-legion,379,hunter,marksmanship,12,4,8
7948,Pâthfînder,destromath,379,hunter,marksmanship,12,4,8
7949,Éddiémórphín,kazzak,367,hunter,marksmanship,11,4,7
7950,Boehelientje,defias-brotherhood,351,hunter,marksmanship,11,4,7
7951,Shadoox,argent-dawn,335,hunter,marksmanship,11,4,7
7952,Sharpeyezz,ravencrest,330,hunter,marksmanship,16,5,11
7953,Arwenna,argent-dawn,328,hunter,marksmanship,11,6,5
7954,Bloópy,silvermoon,320,hunter,marksmanship,10,4,6
7955,Lioness,ahnqiraj,288,hunter,marksmanship,6,3,3
7956,Barbrady,nethersturm,288,hunter,marksmanship,6,3,3
7957,Velne,ravencrest,288,hunter,marksmanship,6,3,3
7958,Eéilin,the-maelstrom,288,hunter,marksmanship,6,3,3
7959,Techpøint,silvermoon,288,hunter,marksmanship,6,3,3
7960,Threeguns,blackrock,288,hunter,marksmanship,6,3,3
7961,Kaminôr,antonidas,288,hunter,marksmanship,6,3,3
7962,Osie,kazzak,288,hunter,marksmanship,6,3,3
7963,Shadowxx,silvermoon,288,hunter,marksmanship,6,3,3
7964,Антисерт,ashenvale,288,hunter,marksmanship,6,3,3
7965,Feyoonxx,blackrock,288,hunter,marksmanship,6,3,3
7966,Kahbe,ravencrest,288,hunter,marksmanship,6,3,3
7967,Fize,blackmoore,288,hunter,marksmanship,6,3,3
7968,Brûmovitch,archimonde,288,hunter,marksmanship,6,3,3
7969,Piit,elune,288,hunter,marksmanship,6,3,3
7970,Экономист,fordragon,288,hunter,marksmanship,6,3,3
7971,Storphunt,drakthul,288,hunter,marksmanship,6,3,3
7972,Ozzaty,drekthar,288,hunter,marksmanship,6,3,3
7973,Kundra,ravencrest,288,hunter,marksmanship,6,3,3
7974,Atranex,ravencrest,288,hunter,marksmanship,6,3,3
7975,Bocek,silvermoon,288,hunter,marksmanship,6,3,3
7976,Ев,lich-king,288,hunter,marksmanship,6,3,3
7977,Lithell,kazzak,288,hunter,marksmanship,6,3,3
7978,Djøgi,archimonde,288,hunter,marksmanship,6,3,3
7979,Snipèr,blackmoore,288,hunter,marksmanship,6,3,3
7980,Zøk,stormscale,288,hunter,marksmanship,6,3,3
7981,Ayiu,argent-dawn,288,hunter,marksmanship,6,3,3
7982,Eliune,silvermoon,288,hunter,marksmanship,6,3,3
7983,Dedral,aegwynn,288,hunter,marksmanship,6,3,3
7984,Sissnik,thrall,288,hunter,marksmanship,6,3,3
7985,Lilsnuss,outland,288,hunter,marksmanship,6,3,3
7986,Deadluck,kazzak,288,hunter,marksmanship,6,3,3
7987,Нойран,eversong,288,hunter,marksmanship,6,3,3
7988,Ökisek,drakthul,288,hunter,marksmanship,6,3,3
7989,Elektrô,blackmoore,288,hunter,marksmanship,6,3,3
7990,Celebor,sanguino,288,hunter,marksmanship,6,3,3
7991,Джинксан,blackscar,288,hunter,marksmanship,6,3,3
7992,Dreemshoot,stormscale,288,hunter,marksmanship,6,3,3
7993,Aamön,tarren-mill,288,hunter,marksmanship,6,3,3
7994,Трапавграунд,howling-fjord,288,hunter,marksmanship,6,3,3
7995,Комомура,soulflayer,288,hunter,marksmanship,6,3,3
7996,Zugzlug,tarren-mill,288,hunter,marksmanship,6,3,3
7997,Samasukë,grim-batol,288,hunter,marksmanship,6,3,3
7998,Яроняютрапу,gordunni,288,hunter,marksmanship,6,3,3
7999,Pläpp,stormscale,288,hunter,marksmanship,6,3,3
8000,Phinecone,stormscale,288,hunter,marksmanship,6,3,3
8001,Hurion,sanguino,288,hunter,marksmanship,6,3,3
8002,Burbutsuluki,silvermoon,288,hunter,marksmanship,6,3,3
8003,Scatshot,grim-batol,288,hunter,marksmanship,6,3,3
8004,ßæro,hyjal,288,hunter,marksmanship,6,3,3
8005,Aimshotx,stormscale,288,hunter,marksmanship,6,3,3
8006,Neescafe,sylvanas,288,hunter,marksmanship,6,3,3
8007,Люблюлюбовь,gordunni,288,hunter,marksmanship,6,3,3
8008,Nerdhark,hyjal,288,hunter,marksmanship,6,3,3
8009,Лесбиянюсь,gordunni,288,hunter,marksmanship,6,3,3
8010,Blackbane,ravencrest,288,hunter,marksmanship,6,3,3
8011,Áragorn,frostmane,288,hunter,marksmanship,6,3,3
8012,Nightarrowq,tarren-mill,288,hunter,marksmanship,9,4,5
8013,Amdéa,boulderfist,288,hunter,marksmanship,10,4,6
8014,Robingood,alexstrasza,288,hunter,marksmanship,11,4,7
8015,Secrety,doomhammer,288,hunter,marksmanship,11,3,8
8016,Deneja,kilrogg,288,hunter,marksmanship,12,3,9
8017,Zubro,kazzak,288,hunter,marksmanship,12,3,9
8018,Nutshotx,stormscale,288,hunter,marksmanship,12,3,9
8019,Nezekielle,drekthar,288,hunter,marksmanship,12,3,9
8020,Oduross,minahonda,288,hunter,marksmanship,12,3,9
8021,Naaztko,stormscale,288,hunter,marksmanship,12,3,9
8022,Lùchiean,kazzak,288,hunter,marksmanship,12,3,9
8023,Ghenter,sargeras,288,hunter,marksmanship,12,3,9
8024,Ceres,kaelthas,288,hunter,marksmanship,12,3,9
8025,Augie,kazzak,288,hunter,marksmanship,12,3,9
8026,Жабра,gordunni,288,hunter,marksmanship,12,3,9
8027,Хедшоттер,blackscar,288,hunter,marksmanship,12,3,9
8028,Spakster,blackrock,288,hunter,marksmanship,12,3,9
8029,Белыйатомщик,howling-fjord,288,hunter,marksmanship,12,3,9
8030,Ричардн,howling-fjord,288,hunter,marksmanship,12,3,9
8031,Бубунн,howling-fjord,288,hunter,marksmanship,12,3,9
8032,Deahtviper,blackmoore,288,hunter,marksmanship,12,3,9
8033,Fatfrumos,twisting-nether,288,hunter,marksmanship,12,3,9
8034,Астериел,blackscar,288,hunter,marksmanship,12,3,9
8035,Deify,grim-batol,288,hunter,marksmanship,12,3,9
8036,Deathshots,aggra-português,288,hunter,marksmanship,12,3,9
8037,Chassuu,khaz-modan,288,hunter,marksmanship,12,3,9
8038,Jakis,silvermoon,288,hunter,marksmanship,12,3,9
8039,Thalanel,arthas,288,hunter,marksmanship,12,3,9
8040,Haraigoshí,grim-batol,288,hunter,marksmanship,12,3,9
8041,Incompetence,argent-dawn,288,hunter,marksmanship,12,3,9
8042,Triggery,ravencrest,288,hunter,marksmanship,12,3,9
8043,Enablee,lightbringer,288,hunter,marksmanship,18,3,15
8044,Shademd,ahnqiraj,288,hunter,marksmanship,18,3,15
8045,Andtamed,thunderhorn,288,hunter,marksmanship,18,3,15
8046,Marcher,aggra-português,288,hunter,marksmanship,18,3,15
8047,Showdope,drakthul,288,hunter,marksmanship,18,3,15
8048,Pylos,azshara,287,hunter,marksmanship,6,3,3
8049,Мокку,howling-fjord,287,hunter,marksmanship,6,3,3
8050,Анариэлль,gordunni,287,hunter,marksmanship,6,3,3
8051,Оркос,deathweaver,287,hunter,marksmanship,6,3,3
8052,Gorett,kazzak,287,hunter,marksmanship,12,3,9
8053,Dwoas,darkspear,287,hunter,marksmanship,12,3,9
8054,Jomoguin,stormscale,286,hunter,marksmanship,6,3,3
8055,Millhunter,norgannon,284,hunter,marksmanship,12,3,9
8056,Rdevill,outland,256,hunter,marksmanship,10,3,7
8057,Urith,les-clairvoyants,255,hunter,marksmanship,8,4,4
8058,Samuru,auchindoun,239,hunter,marksmanship,5,3,2
8059,Jaguarundy,dun-modr,239,hunter,marksmanship,5,3,2
8060,Incrediown,tarren-mill,234,hunter,marksmanship,7,4,3
8061,Twinshot,anetheron,234,hunter,marksmanship,10,4,6
8062,Cais,drakthul,234,hunter,marksmanship,12,4,8
8063,Sayn,la-croisade-écarlate,192,hunter,marksmanship,6,2,4
8064,Rixxâr,blackrock,192,hunter,marksmanship,6,2,4
8065,Vâleriaa,blackrock,192,hunter,marksmanship,6,2,4
8066,Zulldek,sanguino,192,hunter,marksmanship,6,2,4
8067,Мафчик,razuvious,192,hunter,marksmanship,6,2,4
8068,Mobshot,twisting-nether,192,hunter,marksmanship,6,2,4
8069,Sjins,draenor,192,hunter,marksmanship,6,2,4
8070,Majuli,stormrage,192,hunter,marksmanship,6,2,4
8071,Notikâ,aegwynn,192,hunter,marksmanship,6,2,4
8072,Nelf,shattered-hand,192,hunter,marksmanship,6,2,4
8073,Viktorijå,draenor,192,hunter,marksmanship,6,2,4
8074,Silenta,outland,192,hunter,marksmanship,6,2,4
8075,Горгудц,gordunni,192,hunter,marksmanship,6,2,4
8076,Фетсол,soulflayer,192,hunter,marksmanship,6,2,4
8077,Realme,blackrock,192,hunter,marksmanship,6,2,4
8078,Anoroxx,arthas,192,hunter,marksmanship,6,2,4
8079,Elvyns,silvermoon,192,hunter,marksmanship,6,2,4
8080,Axran,ravencrest,192,hunter,marksmanship,6,2,4
8081,Jamais02AEE6,stormscale,192,hunter,marksmanship,6,2,4
8082,Beletor,medivh,192,hunter,marksmanship,6,2,4
8083,Kodakcrack,draenor,192,hunter,marksmanship,6,2,4
8084,Greenstar,twisting-nether,192,hunter,marksmanship,6,2,4
8085,Jskey,aggramar,192,hunter,marksmanship,6,2,4
8086,Brizza,talnivarr,192,hunter,marksmanship,6,2,4
8087,Lilsnipè,outland,192,hunter,marksmanship,6,2,4
8088,Velvett,blackmoore,192,hunter,marksmanship,6,2,4
8089,Zinà,naxxramas,192,hunter,marksmanship,6,2,4
8090,Kerrveros,ravencrest,192,hunter,marksmanship,6,2,4
8091,Bellecoq,arathi,192,hunter,marksmanship,6,2,4
8092,Sarblade,bronze-dragonflight,192,hunter,marksmanship,6,2,4
8093,Becoming,burning-legion,192,hunter,marksmanship,6,2,4
8094,Bobshmurda,defias-brotherhood,192,hunter,marksmanship,6,2,4
8095,Gotha,festung-der-stürme,192,hunter,marksmanship,6,2,4
8096,Tytoyz,khaz-modan,192,hunter,marksmanship,6,2,4
8097,Foxmis,kazzak,192,hunter,marksmanship,6,2,4
8098,Amiosi,sanguino,192,hunter,marksmanship,6,2,4
8099,Darkstripe,turalyon,192,hunter,marksmanship,6,2,4
8100,Bóssit,skullcrusher,192,hunter,marksmanship,6,2,4
8101,Охотуначал,soulflayer,192,hunter,marksmanship,6,2,4
8102,Meetyour,stormscale,192,hunter,marksmanship,6,2,4
8103,Aliriana,doomhammer,192,hunter,marksmanship,6,2,4
8104,Darkshàdow,archimonde,192,hunter,marksmanship,6,2,4
8105,Deadyeyez,doomhammer,192,hunter,marksmanship,6,2,4
8106,Aspergun,ragnaros,192,hunter,marksmanship,6,2,4
8107,Rafaela,genjuros,192,hunter,marksmanship,6,2,4
8108,Galintzor,area-52,192,hunter,marksmanship,6,2,4
8109,Corrector,outland,192,hunter,marksmanship,6,2,4
8110,Bowner,frostmane,192,hunter,marksmanship,6,2,4
8111,Réja,norgannon,192,hunter,marksmanship,6,2,4
8112,Трисциллочка,howling-fjord,192,hunter,marksmanship,6,2,4
8113,Huntbeard,ragnaros,192,hunter,marksmanship,6,2,4
8114,Carioca,blackhand,192,hunter,marksmanship,6,2,4
8115,Nnoyk,defias-brotherhood,192,hunter,marksmanship,6,2,4
8116,Anklar,blackrock,192,hunter,marksmanship,6,2,4
8117,Bláckheart,doomhammer,192,hunter,marksmanship,6,2,4
8118,Имбакласс,howling-fjord,192,hunter,marksmanship,6,2,4
8119,Miracleh,tarren-mill,192,hunter,marksmanship,6,2,4
8120,Nimri,kazzak,192,hunter,marksmanship,6,2,4
8121,Merveilleux,hyjal,192,hunter,marksmanship,6,2,4
8122,Doknak,gilneas,192,hunter,marksmanship,6,2,4
8123,Garrash,teldrassil,192,hunter,marksmanship,6,2,4
8124,Monnee,outland,192,hunter,marksmanship,6,2,4
8125,Хисдед,howling-fjord,192,hunter,marksmanship,6,2,4
8126,Draknik,nemesis,192,hunter,marksmanship,6,2,4
8127,Hadto,der-rat-von-dalaran,192,hunter,marksmanship,6,2,4
8128,Slayman,kazzak,192,hunter,marksmanship,6,2,4
8129,Olrik,dentarg,192,hunter,marksmanship,6,2,4
8130,Domsín,ravencrest,192,hunter,marksmanship,6,2,4
8131,Othellö,kazzak,192,hunter,marksmanship,6,2,4
8132,Freexkite,aegwynn,192,hunter,marksmanship,8,2,6
8133,Hunterhouse,draenor,192,hunter,marksmanship,11,2,9
8134,Ghostriders,archimonde,192,hunter,marksmanship,11,2,9
8135,Dmanite,ravencrest,192,hunter,marksmanship,12,2,10
8136,Katharyne,argent-dawn,192,hunter,marksmanship,12,2,10
8137,Friskì,draenor,192,hunter,marksmanship,12,2,10
8138,Muckel,area-52,192,hunter,marksmanship,12,2,10
8139,Weedonyhunt,hyjal,192,hunter,marksmanship,12,2,10
8140,Meläna,ysondre,192,hunter,marksmanship,12,2,10
8141,Ruhen,aegwynn,192,hunter,marksmanship,12,2,10
8142,Explicits,stormscale,192,hunter,marksmanship,12,2,10
8143,Apolix,ragnaros,192,hunter,marksmanship,12,2,10
8144,Banglor,shattered-hand,192,hunter,marksmanship,12,2,10
8145,Stormhoofd,bloodhoof,191,hunter,marksmanship,6,2,4
8146,Milandria,antonidas,191,hunter,marksmanship,6,2,4
8147,Chalyto,dun-morogh,191,hunter,marksmanship,12,2,10
8148,Kure,blackrock,191,hunter,marksmanship,12,2,10
8149,Buttsnipe,sylvanas,159,hunter,marksmanship,5,2,3
8150,Jaguàr,kazzak,159,hunter,marksmanship,5,2,3
8151,Neremyn,sylvanas,138,hunter,marksmanship,9,3,6
8152,Dampfwâlzê,nozdormu,127,hunter,marksmanship,8,2,6
8153,Пушкабомби,soulflayer,126,hunter,marksmanship,8,2,6
8154,Chrishyh,blackrock,112,hunter,marksmanship,7,2,5
8155,Tryx,darksorrow,96,hunter,marksmanship,3,2,1
8156,Akahr,thrall,96,hunter,marksmanship,3,2,1
8157,Tyrone,saurfang,96,hunter,marksmanship,9,2,7
8158,Akaname,ravencrest,96,hunter,marksmanship,6,1,5
8159,Fayenia,ravencrest,96,hunter,marksmanship,6,1,5
8160,Honilsom,thunderhorn,96,hunter,marksmanship,6,1,5
8161,Meletis,stormreaver,96,hunter,marksmanship,6,1,5
8162,Лсныйпамп,howling-fjord,96,hunter,marksmanship,6,1,5
8163,Гижуна,howling-fjord,96,hunter,marksmanship,6,1,5
8164,Tillhunt,kargath,96,hunter,marksmanship,6,1,5
8165,Kolgrim,temple-noir,96,hunter,marksmanship,6,1,5
8166,Nethria,antonidas,96,hunter,marksmanship,6,1,5
8167,Наладдчик,howling-fjord,96,hunter,marksmanship,6,1,5
8168,Sinplify,emeriss,96,hunter,marksmanship,6,1,5
8169,Cítyzens,drakthul,96,hunter,marksmanship,6,1,5
8170,Tiguy,archimonde,96,hunter,marksmanship,6,1,5
8171,Ihateyoumore,ravencrest,96,hunter,marksmanship,6,1,5
8172,Spacenøub,archimonde,96,hunter,marksmanship,6,1,5
8173,Chantalia,ravencrest,96,hunter,marksmanship,6,1,5
8174,Burondeya,twisting-nether,96,hunter,marksmanship,6,1,5
8175,Pestilencio,shendralar,96,hunter,marksmanship,6,1,5
8176,Горгонт,blackscar,96,hunter,marksmanship,6,1,5
8177,Desow,blackrock,96,hunter,marksmanship,6,1,5
8178,Tuljan,ravencrest,96,hunter,marksmanship,6,1,5
8179,Wolfmcquade,draenor,96,hunter,marksmanship,6,1,5
8180,Nalys,argent-dawn,96,hunter,marksmanship,6,1,5
8181,Jimbow,blackrock,96,hunter,marksmanship,6,1,5
8182,Tesourinho,aggra-português,96,hunter,marksmanship,6,1,5
8183,Wèdra,hyjal,96,hunter,marksmanship,6,1,5
8184,Superfacial,twisting-nether,96,hunter,marksmanship,6,1,5
8185,Фаффурион,gordunni,96,hunter,marksmanship,6,1,5
8186,Камсшотт,gordunni,96,hunter,marksmanship,6,1,5
8187,Sloee,sylvanas,96,hunter,marksmanship,6,1,5
8188,Salie,argent-dawn,96,hunter,marksmanship,6,1,5
8189,Faccacamoale,twisting-nether,96,hunter,marksmanship,6,1,5
8190,Feedbackloop,silvermoon,96,hunter,marksmanship,6,1,5
8191,Xaraimz,ravencrest,96,hunter,marksmanship,6,1,5
8192,Ренектон,soulflayer,96,hunter,marksmanship,6,1,5
8193,Drolarin,zuljin,96,hunter,marksmanship,6,1,5
8194,Avizi,anachronos,96,hunter,marksmanship,6,1,5
8195,Chaydee,stormscale,96,hunter,marksmanship,6,1,5
8196,Eskubar,burning-legion,96,hunter,marksmanship,6,1,5
8197,Cléò,kazzak,96,hunter,marksmanship,6,1,5
8198,Killzo,sylvanas,96,hunter,marksmanship,6,1,5
8199,Leaxs,onyxia,96,hunter,marksmanship,6,1,5
8200,Castbuny,drakthul,96,hunter,marksmanship,6,1,5
8201,Eowale,outland,96,hunter,marksmanship,6,1,5
8202,Cxc,dun-modr,96,hunter,marksmanship,6,1,5
8203,Wàterloo,marécage-de-zangar,96,hunter,marksmanship,6,1,5
8204,Grimazg,chogall,96,hunter,marksmanship,6,1,5
8205,Хантунец,soulflayer,96,hunter,marksmanship,6,1,5
8206,Zwerglogan,amanthul,96,hunter,marksmanship,6,1,5
8207,Statik,deathwing,96,hunter,marksmanship,6,1,5
8208,Syx,amanthul,96,hunter,marksmanship,6,1,5
8209,Deadlymayhem,dragonblight,96,hunter,marksmanship,6,1,5
8210,Badkirves,kazzak,96,hunter,marksmanship,6,1,5
8211,Sekeh,ragnaros,96,hunter,marksmanship,6,1,5
8212,Donáldtrúmp,tarren-mill,96,hunter,marksmanship,12,1,11
8213,Denixxia,bronzebeard,95,hunter,marksmanship,3,2,1
8214,Magahra,thrall,95,hunter,marksmanship,6,1,5
8215,Gettóbuxa,arathor,79,hunter,marksmanship,5,1,4
8216,Dréws,kazzak,64,hunter,marksmanship,4,1,3
8217,Najetazruda,drakthul,64,hunter,marksmanship,4,1,3
8218,Draugrinnh,tarren-mill,48,hunter,marksmanship,3,1,2
8219,Imortaltroll,kazzak,16,hunter,marksmanship,1,1,0
8220,Elgango,blackrock,16,hunter,marksmanship,1,1,0
8221,Pridz,archimonde,2137,hunter,survival,150,76,74
8222,Rynex,festung-der-stürme,2134,hunter,survival,78,45,33
8223,Uglybaboon,draenor,2128,hunter,survival,107,55,52
8224,Harrianlar,ravenholdt,2128,hunter,survival,166,84,82
8225,Corossity,blackmoore,2107,hunter,survival,101,67,34
8226,Pokefangirlx,grim-batol,2107,hunter,survival,209,121,88
8227,Razoorine,blackrock,2102,hunter,survival,156,87,69
8228,Bonquiesha,tarren-mill,2091,hunter,survival,114,63,51
8229,Fíng,tarren-mill,2079,hunter,survival,210,106,104
8230,Belaux,archimonde,2071,hunter,survival,125,62,63
8231,Mspt,archimonde,2057,hunter,survival,114,59,55
8232,Götdelen,kult-der-verdammten,2053,hunter,survival,88,49,39
8233,Rayadz,nethersturm,2017,hunter,survival,108,55,53
8234,Yeezu,sylvanas,2009,hunter,survival,66,36,30
8235,Mestar,outland,2001,hunter,survival,199,100,99
8236,Gíggí,malganis,2000,hunter,survival,60,31,29
8237,Huntity,kazzak,1994,hunter,survival,95,51,44
8238,Crucfixion,kazzak,1993,hunter,survival,60,35,25
8239,Лесбиянюсь,gordunni,1985,hunter,survival,90,53,37
8240,Booxun,sylvanas,1982,hunter,survival,133,68,65
8241,Yemistar,archimonde,1967,hunter,survival,72,40,32
8242,Macrolaim,outland,1952,hunter,survival,132,61,71
8243,Hyderr,aegwynn,1939,hunter,survival,42,27,15
8244,Горгонт,blackscar,1924,hunter,survival,126,70,56
8245,Stormblãze,ravencrest,1921,hunter,survival,131,59,72
8246,Zhulk,los-errantes,1910,hunter,survival,90,44,46
8247,Kagrot,silvermoon,1907,hunter,survival,72,36,36
8248,Nikzeubii,archimonde,1882,hunter,survival,48,24,24
8249,Jackjager,ravencrest,1867,hunter,survival,39,26,13
8250,Lágåta,outland,1864,hunter,survival,53,27,26
8251,Ryomen,garona,1862,hunter,survival,189,99,90
8252,Øvade,argent-dawn,1861,hunter,survival,67,41,26
8253,Avaren,archimonde,1852,hunter,survival,106,56,50
8254,Feignfisto,draenor,1840,hunter,survival,33,20,13
8255,Momohenní,archimonde,1840,hunter,survival,150,82,68
8256,Thugzilla,auchindoun,1837,hunter,survival,65,38,27
8257,Zerberas,blackrock,1835,hunter,survival,60,32,28
8258,Квит,blackscar,1832,hunter,survival,30,20,10
8259,Earfalass,twisting-nether,1832,hunter,survival,104,58,46
8260,Josethepimpo,stormscale,1832,hunter,survival,66,32,34
8261,Easyclass,hyjal,1828,hunter,survival,72,40,32
8262,Vunter,malganis,1828,hunter,survival,48,26,22
8263,Dabeszt,draenor,1827,hunter,survival,60,38,22
8264,Ravebae,silvermoon,1822,hunter,survival,138,69,69
8265,Mogumogu,blackhand,1814,hunter,survival,42,22,20
8266,Polaqu,burning-legion,1809,hunter,survival,60,37,23
8267,Djshibalxd,argent-dawn,1807,hunter,survival,48,27,21
8268,Nwnw,tarren-mill,1802,hunter,survival,30,19,11
8269,Zpf,silvermoon,1801,hunter,survival,56,30,26
8270,Djheartstrng,argent-dawn,1799,hunter,survival,52,30,22
8271,Fatbushpig,stormscale,1786,hunter,survival,30,19,11
8272,Frog,crushridge,1783,hunter,survival,72,42,30
8273,Glosendra,ravencrest,1782,hunter,survival,45,29,16
8274,Onlylfg,drakthul,1772,hunter,survival,68,35,33
8275,Calesthas,tarren-mill,1770,hunter,survival,60,30,30
8276,Madzynette,archimonde,1769,hunter,survival,43,30,13
8277,Летмимейт,howling-fjord,1759,hunter,survival,96,53,43
8278,Dreämhäck,ravencrest,1758,hunter,survival,66,41,25
8279,Lugnåls,hyjal,1755,hunter,survival,47,24,23
8280,Dyndns,blackmoore,1752,hunter,survival,54,24,30
8281,Зеленыйиисус,gordunni,1750,hunter,survival,89,50,39
8282,Obbnfriends,ravencrest,1749,hunter,survival,66,30,36
8283,Clifton,archimonde,1748,hunter,survival,42,27,15
8284,Exquisitor,draenor,1748,hunter,survival,67,33,34
8285,Mewithoutyou,ragnaros,1748,hunter,survival,176,84,92
8286,Sorozo,aegwynn,1745,hunter,survival,65,36,29
8287,Burbutsuluki,silvermoon,1739,hunter,survival,42,23,19
8288,Hunjo,quelthalas,1739,hunter,survival,90,40,50
8289,Âkane,argent-dawn,1737,hunter,survival,54,30,24
8290,Чууч,blackscar,1732,hunter,survival,75,36,39
8291,Subha,quelthalas,1731,hunter,survival,48,31,17
8292,Jànet,ravencrest,1725,hunter,survival,36,18,18
8293,Avizi,anachronos,1724,hunter,survival,78,41,37
8294,Yosia,draenor,1723,hunter,survival,60,31,29
8295,Alexdi,kazzak,1722,hunter,survival,42,19,23
8296,Closeenought,ravencrest,1721,hunter,survival,60,33,27
8297,Mmkekw,guldan,1716,hunter,survival,30,22,8
8298,Boops,ragnaros,1714,hunter,survival,30,18,12
8299,Minibicmex,aegwynn,1709,hunter,survival,30,18,12
8300,Хансбург,howling-fjord,1701,hunter,survival,54,26,28
8301,Snippy,sanguino,1701,hunter,survival,84,39,45
8302,Razôr,blackhand,1700,hunter,survival,30,18,12
8303,Киссмайпет,howling-fjord,1700,hunter,survival,60,34,26
8304,Åíøñs,kazzak,1699,hunter,survival,30,20,10
8305,Разплюханка,howling-fjord,1699,hunter,survival,108,56,52
8306,Оскорбление,howling-fjord,1697,hunter,survival,66,34,32
8307,Rubydacherrý,argent-dawn,1696,hunter,survival,30,21,9
8308,Yazqua,deathwing,1696,hunter,survival,70,42,28
8309,Fusko,ysondre,1695,hunter,survival,54,29,25
8310,Búddhìst,ravencrest,1694,hunter,survival,48,22,26
8311,Sneakyshoot,nemesis,1691,hunter,survival,41,21,20
8312,Akronis,outland,1684,hunter,survival,60,24,36
8313,Rewgodxq,ravencrest,1673,hunter,survival,60,25,35
8314,Dackeldustin,norgannon,1670,hunter,survival,30,27,3
8315,Knokkelmann,outland,1668,hunter,survival,36,24,12
8316,Scypher,ragnaros,1667,hunter,survival,33,23,10
8317,Yemmeth,argent-dawn,1667,hunter,survival,192,100,92
8318,Pwon,ravencrest,1667,hunter,survival,176,90,86
8319,Calyssae,shattered-halls,1665,hunter,survival,76,47,29
8320,Zøk,stormscale,1664,hunter,survival,59,37,22
8321,Gedept,blackrock,1663,hunter,survival,62,33,29
8322,Kyosoku,silvermoon,1662,hunter,survival,39,18,21
8323,Kurkelx,ravencrest,1661,hunter,survival,48,30,18
8324,Gukexa,outland,1656,hunter,survival,36,22,14
8325,Monkeytrapz,norgannon,1655,hunter,survival,42,23,19
8326,Zäroury,ravencrest,1653,hunter,survival,64,32,32
8327,Nemámponetí,drakthul,1649,hunter,survival,54,33,21
8328,Ódelagga,sylvanas,1642,hunter,survival,90,51,39
8329,Halfogre,draenor,1640,hunter,survival,30,20,10
8330,Zulldek,sanguino,1638,hunter,survival,78,42,36
8331,Fablet,draenor,1637,hunter,survival,42,24,18
8332,Renathir,argent-dawn,1628,hunter,survival,50,28,22
8333,Skyh,outland,1628,hunter,survival,101,48,53
8334,Cjezka,blackmoore,1628,hunter,survival,42,18,24
8335,Кулерквест,soulflayer,1627,hunter,survival,85,46,39
8336,Xiumiune,antonidas,1626,hunter,survival,54,32,22
8337,Kajtarn,outland,1621,hunter,survival,60,27,33
8338,Копия,azuregos,1619,hunter,survival,42,18,24
8339,Nienel,archimonde,1618,hunter,survival,71,29,42
8340,Ntwoõ,ravencrest,1615,hunter,survival,65,37,28
8341,Pizzafanatic,blackrock,1614,hunter,survival,49,25,24
8342,Aboleon,ragnaros,1612,hunter,survival,44,20,24
8343,Ruxhunter,sanguino,1607,hunter,survival,90,50,40
8344,Гудхантер,blackscar,1605,hunter,survival,66,38,28
8345,Ázurâ,blackhand,1605,hunter,survival,98,48,50
8346,Robzyhunter,kazzak,1604,hunter,survival,36,23,13
8347,Ищименявтени,gordunni,1604,hunter,survival,65,36,29
8348,Стингергодх,gordunni,1604,hunter,survival,39,19,20
8349,Жэш,howling-fjord,1602,hunter,survival,42,21,21
8350,Tillhunt,kargath,1600,hunter,survival,57,36,21
8351,Сабакаа,borean-tundra,1599,hunter,survival,66,38,28
8352,Lukez,ravencrest,1599,hunter,survival,42,23,19
8353,Микихаса,galakrond,1599,hunter,survival,57,29,28
8354,Darllene,kazzak,1599,hunter,survival,101,46,55
8355,Dariusmm,silvermoon,1598,hunter,survival,58,32,26
8356,Unsáinted,ravencrest,1592,hunter,survival,105,56,49
8357,Aspergun,ragnaros,1590,hunter,survival,46,22,24
8358,Танчибосс,soulflayer,1589,hunter,survival,92,47,45
8359,Sznxøxo,ravencrest,1585,hunter,survival,42,24,18
8360,Saejku,archimonde,1585,hunter,survival,69,36,33
8361,Losiané,thrall,1585,hunter,survival,76,38,38
8362,Westcøãst,archimonde,1578,hunter,survival,48,30,18
8363,Свадебная,gordunni,1572,hunter,survival,148,78,70
8364,Marryme,blackhand,1568,hunter,survival,42,26,16
8365,Urtanis,stormscale,1564,hunter,survival,42,23,19
8366,Бубунн,howling-fjord,1563,hunter,survival,51,29,22
8367,Suzumebachi,twisting-nether,1562,hunter,survival,54,34,20
8368,Turdy,executus,1559,hunter,survival,40,23,17
8369,Zeer,sylvanas,1558,hunter,survival,93,40,53
8370,Майен,thermaplugg,1554,hunter,survival,36,17,19
8371,Ðarrk,tarren-mill,1551,hunter,survival,66,35,31
8372,Âmalphy,ravencrest,1549,hunter,survival,42,17,25
8373,Psychotik,stormreaver,1540,hunter,survival,94,50,44
8374,Wikariusz,kazzak,1540,hunter,survival,66,27,39
8375,Brkh,ravencrest,1535,hunter,survival,24,16,8
8376,Sarrow,ravencrest,1535,hunter,survival,69,36,33
8377,Knoxblå,stormscale,1533,hunter,survival,24,16,8
8378,Næ,kazzak,1531,hunter,survival,79,44,35
8379,Garxzhunter,tarren-mill,1528,hunter,survival,30,16,14
8380,Sphexya,ravencrest,1528,hunter,survival,30,16,14
8381,Atalnta,ravencrest,1523,hunter,survival,63,28,35
8382,Rizlay,the-maelstrom,1520,hunter,survival,66,30,36
8383,Saliressa,ravencrest,1517,hunter,survival,36,16,20
8384,Jakis,silvermoon,1513,hunter,survival,35,17,18
8385,Zacxx,ravencrest,1512,hunter,survival,47,33,14
8386,Skydraz,ysondre,1512,hunter,survival,36,18,18
8387,Хитвейн,gordunni,1510,hunter,survival,42,19,23
8388,Миаур,gordunni,1495,hunter,survival,36,16,20
8389,Clicker,runetotem,1494,hunter,survival,54,25,29
8390,Notikâ,aegwynn,1489,hunter,survival,48,25,23
8391,Иснсейшн,soulflayer,1489,hunter,survival,35,18,17
8392,Фломидзе,gordunni,1487,hunter,survival,36,23,13
8393,Hakkoti,argent-dawn,1486,hunter,survival,66,33,33
8394,Riema,ragnaros,1483,hunter,survival,70,31,39
8395,Lxoh,turalyon,1478,hunter,survival,191,90,101
8396,Horxxa,kul-tiras,1476,hunter,survival,72,43,29
8397,Defjacks,argent-dawn,1469,hunter,survival,32,17,15
8398,Sayn,la-croisade-écarlate,1462,hunter,survival,35,19,16
8399,Raztreadör,dun-modr,1459,hunter,survival,147,75,72
8400,Kalani,la-croisade-écarlate,1459,hunter,survival,105,50,55
8401,Nalys,argent-dawn,1447,hunter,survival,64,36,28
8402,Arykes,drakthul,1440,hunter,survival,53,25,28
8403,Sipsomewater,ravencrest,1439,hunter,survival,24,15,9
8404,Olk,stormscale,1439,hunter,survival,24,15,9
8405,Wastage,draenor,1439,hunter,survival,48,25,23
8406,Vengefull,draenor,1431,hunter,survival,84,45,39
8407,Qwèrts,stormscale,1427,hunter,survival,30,15,15
8408,Eunte,archimonde,1427,hunter,survival,30,15,15
8409,Nurki,the-maelstrom,1427,hunter,survival,30,15,15
8410,Тэмплест,howling-fjord,1411,hunter,survival,24,15,9
8411,Комомура,soulflayer,1410,hunter,survival,41,20,21
8412,Juniorm,kazzak,1407,hunter,survival,30,15,15
8413,Capullospawn,dun-morogh,1406,hunter,survival,24,15,9
8414,Вандамос,soulflayer,1406,hunter,survival,37,21,16
8415,Китас,soulflayer,1402,hunter,survival,68,42,26
8416,Shoty,zuluhed,1402,hunter,survival,106,50,56
8417,Andjelaa,kazzak,1398,hunter,survival,30,15,15
8418,Crème,blackrock,1395,hunter,survival,65,26,39
8419,Ballistix,elune,1394,hunter,survival,30,15,15
8420,Кфоззи,soulflayer,1391,hunter,survival,30,15,15
8421,Betarayjinx,kazzak,1382,hunter,survival,27,15,12
8422,Ðoñko,hyjal,1379,hunter,survival,123,58,65
8423,Slagatronic,ragnaros,1378,hunter,survival,96,53,43
8424,Стивстифлер,razuvious,1377,hunter,survival,42,25,17
8425,Глаззалмаз,howling-fjord,1373,hunter,survival,28,16,12
8426,Сильвиина,eversong,1372,hunter,survival,36,17,19
8427,Ðrãke,blackmoore,1370,hunter,survival,30,15,15
8428,Shootingu,aegwynn,1364,hunter,survival,96,49,47
8429,Йинги,gordunni,1362,hunter,survival,52,27,25
8430,Suxino,doomhammer,1360,hunter,survival,82,37,45
8431,Zwerghauer,arthas,1358,hunter,survival,30,17,13
8432,Abovival,ragnaros,1349,hunter,survival,30,20,10
8433,Icetrapped,eredar,1341,hunter,survival,30,14,16
8434,Xaone,blackrock,1340,hunter,survival,18,14,4
8435,Субоота,gordunni,1335,hunter,survival,24,14,10
8436,Kobayashi,arathor,1331,hunter,survival,89,40,49
8437,Taurïel,stormscale,1326,hunter,survival,38,20,18
8438,Штынь,gordunni,1323,hunter,survival,30,14,16
8439,Jamalinho,silvermoon,1322,hunter,survival,60,38,22
8440,Santiägø,archimonde,1322,hunter,survival,42,23,19
8441,Zaphody,doomhammer,1322,hunter,survival,57,29,28
8442,Карвинн,soulflayer,1321,hunter,survival,30,14,16
8443,Ниалла,thermaplugg,1319,hunter,survival,36,15,21
8444,Zehned,ysondre,1316,hunter,survival,57,25,32
8445,Malgorn,burning-legion,1314,hunter,survival,34,23,11
8446,Vâleriaa,blackrock,1314,hunter,survival,30,14,16
8447,Makeawish,antonidas,1310,hunter,survival,40,20,20
8448,Littlhuntard,tarren-mill,1306,hunter,survival,24,14,10
8449,Tortillia,madmortem,1305,hunter,survival,30,14,16
8450,Karabeg,twisting-nether,1301,hunter,survival,53,22,31
8451,Prodanhunts,frostmane,1296,hunter,survival,30,14,16
8452,Мандалорецц,soulflayer,1294,hunter,survival,56,24,32
8453,Feignindeath,twisting-nether,1291,hunter,survival,32,17,15
8454,Kasperle,frostwolf,1281,hunter,survival,24,14,10
8455,Ksreport,stormscale,1278,hunter,survival,34,14,20
8456,Getsniffarn,sylvanas,1277,hunter,survival,36,18,18
8457,Daweí,draenor,1275,hunter,survival,40,15,25
8458,Nvukaze,argent-dawn,1262,hunter,survival,33,22,11
8459,Herubin,doomhammer,1259,hunter,survival,33,16,17
8460,Huntiika,silvermoon,1257,hunter,survival,64,27,37
8461,Spitchy,kazzak,1248,hunter,survival,36,17,19
8462,Ajko,blackmoore,1247,hunter,survival,30,15,15
8463,Jumong,ragnaros,1246,hunter,survival,24,13,11
8464,Vargar,arygos,1245,hunter,survival,24,13,11
8465,Guanchin,silvermoon,1245,hunter,survival,42,16,26
8466,Albumx,hyjal,1244,hunter,survival,163,76,87
8467,Axehead,outland,1243,hunter,survival,30,14,16
8468,Paxiwtf,eredar,1242,hunter,survival,22,14,8
8469,Fmatzen,the-maelstrom,1241,hunter,survival,24,13,11
8470,Bicepspump,dun-morogh,1240,hunter,survival,30,13,17
8471,Бомбетта,grom,1238,hunter,survival,36,13,23
8472,Ashablack,argent-dawn,1235,hunter,survival,95,47,48
8473,Hreo,twisting-nether,1234,hunter,survival,24,13,11
8474,Шадак,soulflayer,1227,hunter,survival,35,15,20
8475,Hoffen,dentarg,1223,hunter,survival,18,13,5
8476,Гаррельд,blackscar,1219,hunter,survival,30,13,17
8477,Foxyfoxo,guldan,1216,hunter,survival,35,15,20
8478,Steezowl,kazzak,1198,hunter,survival,29,13,16
8479,Sainttcc,thrall,1195,hunter,survival,54,25,29
8480,Kazzaak,kazzak,1188,hunter,survival,72,26,46
8481,Draxil,archimonde,1180,hunter,survival,22,13,9
8482,Maiverx,ravencrest,1152,hunter,survival,18,12,6
8483,Ketaminösa,zuljin,1151,hunter,survival,18,12,6
8484,Wonkeedx,ravencrest,1151,hunter,survival,24,12,12
8485,Ähäkutti,kazzak,1151,hunter,survival,30,12,18
8486,Nkl,archimonde,1150,hunter,survival,24,12,12
8487,Grulog,kazzak,1150,hunter,survival,30,12,18
8488,Rasmi,kazzak,1148,hunter,survival,24,12,12
8489,Lìmpy,stormreaver,1147,hunter,survival,24,12,12
8490,Cira,archimonde,1147,hunter,survival,24,12,12
8491,Rettoo,aszune,1146,hunter,survival,19,12,7
8492,Yake,kazzak,1140,hunter,survival,40,15,25
8493,Gilzog,exodar,1138,hunter,survival,30,12,18
8494,Cabaim,eredar,1137,hunter,survival,18,12,6
8495,Boggy,outland,1137,hunter,survival,24,12,12
8496,Floris,outland,1126,hunter,survival,24,12,12
8497,Cämper,aegwynn,1124,hunter,survival,24,12,12
8498,Absolutnoob,blackrock,1118,hunter,survival,32,17,15
8499,Aszasi,azjolnerub,1096,hunter,survival,23,12,11
8500,Melissax,silvermoon,1095,hunter,survival,34,13,21
8501,Spakker,the-shatar,1094,hunter,survival,28,14,14
8502,Skyyw,tarren-mill,1073,hunter,survival,22,12,10
8503,Guccyfied,blackrock,1056,hunter,survival,18,11,7
8504,Lutza,sanguino,1056,hunter,survival,24,11,13
8505,Shiceloch,blackmoore,1055,hunter,survival,18,11,7
8506,Curbý,blackhand,1055,hunter,survival,18,11,7
8507,Djtrápálót,dragonmaw,1055,hunter,survival,18,11,7
8508,Sunyjuyono,ravencrest,1055,hunter,survival,24,11,13
8509,Killerkatze,outland,1055,hunter,survival,24,11,13
8510,Véncsótány,ragnaros,1054,hunter,survival,18,11,7
8511,Babûsch,blackmoore,1054,hunter,survival,24,11,13
8512,Éddiémórphín,kazzak,1053,hunter,survival,24,11,13
8513,Cataleýà,outland,1052,hunter,survival,18,11,7
8514,Твояпомощь,gordunni,1052,hunter,survival,18,11,7
8515,Skzu,archimonde,1050,hunter,survival,18,11,7
8516,Doru,silvermoon,1025,hunter,survival,24,11,13
8517,Dragonflayer,sylvanas,1021,hunter,survival,18,11,7
8518,Bloodxx,ragnaros,1017,hunter,survival,30,11,19
8519,Voltár,antonidas,1017,hunter,survival,30,11,19
8520,Giobi,draenor,996,hunter,survival,24,13,11
8521,Änubïs,culte-de-la-rive-noire,973,hunter,survival,22,12,10
8522,Reviam,ravencrest,960,hunter,survival,12,10,2
8523,Kukenisluken,stormscale,960,hunter,survival,18,10,8
8524,Islide,ravencrest,960,hunter,survival,24,10,14
8525,Neddly,draenor,960,hunter,survival,24,10,14
8526,Stuckstepbro,silvermoon,960,hunter,survival,24,10,14
8527,Xallis,outland,959,hunter,survival,18,10,8
8528,Iceyx,stormscale,959,hunter,survival,18,10,8
8529,Cadier,argent-dawn,959,hunter,survival,24,10,14
8530,Terrorduni,tarren-mill,959,hunter,survival,24,10,14
8531,Менстряк,deathguard,958,hunter,survival,18,10,8
8532,Смолильщик,gordunni,958,hunter,survival,18,10,8
8533,Amilienne,nozdormu,958,hunter,survival,27,11,16
8534,Галятрицепс,eversong,957,hunter,survival,24,10,14
8535,Mcgloebels,archimonde,956,hunter,survival,21,11,10
8536,Dorota,auchindoun,955,hunter,survival,18,10,8
8537,Binhoker,argent-dawn,953,hunter,survival,12,10,2
8538,Vorsord,zuljin,952,hunter,survival,24,10,14
8539,Айхана,gordunni,951,hunter,survival,18,10,8
8540,Memli,uldaman,950,hunter,survival,18,10,8
8541,Marluxiâ,archimonde,947,hunter,survival,30,11,19
8542,Zipzâp,blackrock,936,hunter,survival,18,10,8
8543,Neilime,marécage-de-zangar,936,hunter,survival,74,33,41
8544,Kürze,silvermoon,926,hunter,survival,16,11,5
8545,Pechvogel,blackmoore,910,hunter,survival,17,10,7
8546,Ирртой,grom,885,hunter,survival,24,10,14
8547,Ðévi,ravencrest,864,hunter,survival,12,9,3
8548,Куджикс,soulflayer,864,hunter,survival,12,9,3
8549,Nttcoopzz,silvermoon,864,hunter,survival,12,9,3
8550,Urrane,archimonde,864,hunter,survival,12,9,3
8551,Bicmex,ravencrest,864,hunter,survival,12,9,3
8552,Nooksem,blackrock,864,hunter,survival,18,9,9
8553,Svinrbglol,arygos,864,hunter,survival,18,9,9
8554,Mileysaures,stormscale,863,hunter,survival,12,9,3
8555,Murkek,drakthul,863,hunter,survival,12,9,3
8556,Natchell,ysondre,863,hunter,survival,18,9,9
8557,Тиометра,gordunni,862,hunter,survival,12,9,3
8558,Вилдфлекс,gordunni,861,hunter,survival,12,9,3
8559,Rollin,khaz-modan,861,hunter,survival,12,9,3
8560,Gakco,twisting-nether,858,hunter,survival,18,9,9
8561,Caelas,outland,858,hunter,survival,18,9,9
8562,Huntoruu,outland,858,hunter,survival,89,37,52
8563,Wôôdsy,blackrock,858,hunter,survival,24,9,15
8564,Норапина,eversong,857,hunter,survival,24,12,12
8565,Бандерака,goldrinn,857,hunter,survival,18,9,9
8566,Ilovejwrld,dun-modr,810,hunter,survival,22,10,12
8567,Drolig,blackmoore,793,hunter,survival,17,9,8
8568,Killdembro,sunstrider,786,hunter,survival,40,9,31
8569,Крысюкпифпаф,blackscar,783,hunter,survival,13,9,4
8570,Poggersdaddy,kazzak,768,hunter,survival,12,8,4
8571,Maiver,ravencrest,768,hunter,survival,12,8,4
8572,Djfortnite,ravencrest,768,hunter,survival,12,8,4
8573,Noop,sylvanas,768,hunter,survival,12,8,4
8574,Velen,pozzo-delleternità,768,hunter,survival,12,8,4
8575,Пьёт,gordunni,768,hunter,survival,18,8,10
8576,Аркеро,soulflayer,768,hunter,survival,18,8,10
8577,Фираналь,blackscar,768,hunter,survival,18,8,10
8578,Jäinenool,outland,768,hunter,survival,18,8,10
8579,Epicsurvive,kazzak,768,hunter,survival,24,8,16
8580,Onefatalshot,the-maelstrom,767,hunter,survival,12,8,4
8581,Тиандриса,soulflayer,767,hunter,survival,12,8,4
8582,Querro,azshara,767,hunter,survival,24,8,16
8583,Harrak,ysondre,761,hunter,survival,12,8,4
8584,Jomoguin,stormscale,761,hunter,survival,24,8,16
8585,Хантероо,gordunni,756,hunter,survival,18,8,10
8586,Powerhord,burning-legion,751,hunter,survival,18,8,10
8587,Оверман,azuregos,735,hunter,survival,26,9,17
8588,Frapt,dalaran,704,hunter,survival,16,8,8
8589,Xelsera,antonidas,672,hunter,survival,12,7,5
8590,Рэдхаант,soulflayer,672,hunter,survival,12,7,5
8591,Amadia,defias-brotherhood,672,hunter,survival,12,7,5
8592,Мигнитюша,blackscar,672,hunter,survival,12,7,5
8593,Глефард,fordragon,672,hunter,survival,12,7,5
8594,Ilovemax,archimonde,672,hunter,survival,12,7,5
8595,Snôptas,blackmoore,672,hunter,survival,12,7,5
8596,Burninghunt,ravencrest,672,hunter,survival,12,7,5
8597,Slizzle,sporeggar,672,hunter,survival,12,7,5
8598,Robinbuds,stormscale,672,hunter,survival,12,7,5
8599,Wórldz,dun-modr,672,hunter,survival,12,7,5
8600,Avashah,ravencrest,672,hunter,survival,16,7,9
8601,Барабаша,deathguard,672,hunter,survival,18,7,11
8602,Fyoni,silvermoon,671,hunter,survival,12,7,5
8603,Raenard,ragnaros,671,hunter,survival,15,8,7
8604,Алестея,gordunni,671,hunter,survival,18,7,11
8605,Blackox,zirkel-des-cenarius,670,hunter,survival,12,7,5
8606,Sasquaczek,burning-legion,670,hunter,survival,12,7,5
8607,Мертвыйпсарь,soulflayer,670,hunter,survival,12,7,5
8608,Szybky,defias-brotherhood,666,hunter,survival,12,7,5
8609,Skyythe,dun-morogh,649,hunter,survival,18,7,11
8610,Marvelmary,ravencrest,639,hunter,survival,17,7,10
8611,Wicmex,archimonde,624,hunter,survival,9,8,1
8612,Bugspitz,outland,622,hunter,survival,11,7,4
8613,Tyrone,saurfang,607,hunter,survival,12,7,5
8614,Animàl,argent-dawn,607,hunter,survival,16,7,9
8615,Iloveluna,silvermoon,576,hunter,survival,6,6,0
8616,Gitanìlla,dun-modr,576,hunter,survival,6,6,0
8617,Haileyjones,darkmoon-faire,576,hunter,survival,6,6,0
8618,Løvebombing,ravencrest,576,hunter,survival,6,6,0
8619,Alissón,aegwynn,576,hunter,survival,6,6,0
8620,Morkahs,dalaran,576,hunter,survival,12,6,6
8621,Snoude,silvermoon,576,hunter,survival,12,6,6
8622,Torelk,dalaran,576,hunter,survival,12,6,6
8623,Nunziatellà,nemesis,576,hunter,survival,12,6,6
8624,Mouganstine,archimonde,576,hunter,survival,12,6,6
8625,Bø,burning-blade,576,hunter,survival,12,6,6
8626,Jamoneame,sanguino,576,hunter,survival,12,6,6
8627,Nirn,ravencrest,576,hunter,survival,12,6,6
8628,Weraxo,ravencrest,576,hunter,survival,12,6,6
8629,Itchy,das-syndikat,576,hunter,survival,12,6,6
8630,Savageone,frostwhisper,576,hunter,survival,12,6,6
8631,Alibigjungle,ravencrest,576,hunter,survival,12,6,6
8632,Maddoqx,frostwolf,576,hunter,survival,12,6,6
8633,Huntanova,antonidas,576,hunter,survival,18,6,12
8634,Хантзер,howling-fjord,576,hunter,survival,18,6,12
8635,Ashendan,silvermoon,576,hunter,survival,18,6,12
8636,Hevl,silvermoon,575,hunter,survival,12,6,6
8637,Junglez,nagrand,575,hunter,survival,12,6,6
8638,Grimazg,chogall,575,hunter,survival,12,6,6
8639,Pãstèque,ravencrest,575,hunter,survival,12,6,6
8640,Thëoden,cthun,575,hunter,survival,12,6,6
8641,Orcpie,defias-brotherhood,575,hunter,survival,12,6,6
8642,Занзуолли,howling-fjord,575,hunter,survival,12,6,6
8643,Nektard,ravencrest,575,hunter,survival,12,6,6
8644,Йеттеринг,deathweaver,575,hunter,survival,15,7,8
8645,Дондонандон,gordunni,575,hunter,survival,18,6,12
8646,Sekkeh,ragnaros,575,hunter,survival,18,6,12
8647,Bôbby,kelthuzad,575,hunter,survival,18,6,12
8648,Amjamh,hyjal,575,hunter,survival,18,6,12
8649,Milandra,the-maelstrom,573,hunter,survival,12,6,6
8650,Vuloshi,twisting-nether,573,hunter,survival,18,6,12
8651,Shanè,blackrock,557,hunter,survival,17,6,11
8652,Mâjôô,blackhand,544,hunter,survival,10,6,4
8653,Боцекабузер,galakrond,543,hunter,survival,11,6,5
8654,Reðrighthånð,throkferoth,528,hunter,survival,9,6,3
8655,Deek,ysera,480,hunter,survival,6,5,1
8656,Röwene,argent-dawn,480,hunter,survival,6,5,1
8657,Sebikh,ravencrest,480,hunter,survival,6,5,1
8658,Mòzetónq,ravencrest,480,hunter,survival,6,5,1
8659,Davidghettô,dalaran,480,hunter,survival,6,5,1
8660,Ватмано,gordunni,480,hunter,survival,6,5,1
8661,Jaggy,hyjal,480,hunter,survival,6,5,1
8662,Musen,draenor,480,hunter,survival,6,5,1
8663,Smellygroin,darksorrow,480,hunter,survival,6,5,1
8664,Glama,archimonde,480,hunter,survival,6,5,1
8665,Vilopez,arthas,480,hunter,survival,6,5,1
8666,Вкинулматрас,gordunni,480,hunter,survival,12,5,7
8667,Agnêas,silvermoon,480,hunter,survival,12,5,7
8668,Yakayoshi,kazzak,480,hunter,survival,12,5,7
8669,Doloresman,tarren-mill,480,hunter,survival,12,5,7
8670,Discoråttan,stormscale,480,hunter,survival,12,5,7
8671,Abeba,grim-batol,480,hunter,survival,12,5,7
8672,Horku,kazzak,480,hunter,survival,12,5,7
8673,Ector,silvermoon,480,hunter,survival,12,5,7
8674,Grusijohn,executus,480,hunter,survival,12,5,7
8675,Unferth,the-venture-co,480,hunter,survival,12,5,7
8676,Coopatron,silvermoon,480,hunter,survival,12,5,7
8677,Løwg,drekthar,480,hunter,survival,12,5,7
8678,Kirax,ravencrest,480,hunter,survival,12,5,7
8679,Moscowmule,tarren-mill,480,hunter,survival,12,5,7
8680,Hunterado,burning-legion,480,hunter,survival,12,5,7
8681,Aequitaz,blackhand,480,hunter,survival,18,5,13
8682,Badboyxoxo,stormscale,479,hunter,survival,6,5,1
8683,Daltyr,ravencrest,479,hunter,survival,12,5,7
8684,Cásper,tarren-mill,479,hunter,survival,18,5,13
8685,Mahemi,mazrigos,478,hunter,survival,24,5,19
8686,Pôîson,kazzak,478,hunter,survival,24,5,19
8687,Bowkeeper,kazzak,471,hunter,survival,18,5,13
8688,Jabela,eredar,447,hunter,survival,11,5,6
8689,Azuren,twisting-nether,430,hunter,survival,11,5,6
8690,Raelaf,zuljin,384,hunter,survival,6,4,2
8691,Gogolehunt,archimonde,384,hunter,survival,6,4,2
8692,Jamboss,twisting-nether,384,hunter,survival,6,4,2
8693,Oldlynx,ravencrest,384,hunter,survival,6,4,2
8694,Dauria,blackhand,384,hunter,survival,6,4,2
8695,Пятницкий,soulflayer,384,hunter,survival,6,4,2
8696,Gharzok,blackrock,384,hunter,survival,6,4,2
8697,Repap,defias-brotherhood,384,hunter,survival,6,4,2
8698,Giggiwho,malganis,384,hunter,survival,6,4,2
8699,Virzion,silvermoon,384,hunter,survival,6,4,2
8700,Youngbepse,blackrock,384,hunter,survival,6,4,2
8701,Shenra,argent-dawn,384,hunter,survival,6,4,2
8702,Nomorex,frostwhisper,384,hunter,survival,6,4,2
8703,Uranîa,blackmoore,384,hunter,survival,6,4,2
8704,Nyxìa,shattered-halls,384,hunter,survival,6,4,2
8705,Luftikuss,arthas,384,hunter,survival,6,4,2
8706,Djøgi,archimonde,384,hunter,survival,6,4,2
8707,Fyrya,ravencrest,384,hunter,survival,6,4,2
8708,Katzila,outland,384,hunter,survival,6,4,2
8709,Оути,azuregos,384,hunter,survival,6,4,2
8710,Xxø,ravencrest,384,hunter,survival,6,4,2
8711,Куфа,blackscar,384,hunter,survival,6,4,2
8712,Mooj,malganis,384,hunter,survival,6,4,2
8713,Ледо,deathguard,384,hunter,survival,6,4,2
8714,Trapandstun,aszune,384,hunter,survival,6,4,2
8715,Renegansnipe,silvermoon,384,hunter,survival,6,4,2
8716,Speartusk,blackhand,384,hunter,survival,6,4,2
8717,Tôm,ravencrest,384,hunter,survival,6,4,2
8718,Trappewpew,blackmoore,384,hunter,survival,6,4,2
8719,Аминотоксид,blackscar,384,hunter,survival,6,4,2
8720,Himpy,twisting-nether,384,hunter,survival,6,4,2
8721,Vádîazmeý,twisting-nether,384,hunter,survival,6,4,2
8722,Gradevine,twisting-nether,384,hunter,survival,6,4,2
8723,Flamehand,kazzak,384,hunter,survival,6,4,2
8724,Dettas,silvermoon,384,hunter,survival,12,4,8
8725,Voldagor,hyjal,384,hunter,survival,12,4,8
8726,Wärft,arathi,384,hunter,survival,12,4,8
8727,Clicktrap,runetotem,384,hunter,survival,12,4,8
8728,Eâgleêyê,frostwolf,384,hunter,survival,12,4,8
8729,Abgeherjoe,antonidas,384,hunter,survival,12,4,8
8730,Фурболгов,gordunni,384,hunter,survival,12,4,8
8731,Тэуреэль,gordunni,384,hunter,survival,12,4,8
8732,Fiskerr,darksorrow,384,hunter,survival,12,4,8
8733,Sharpeyezz,ravencrest,384,hunter,survival,12,4,8
8734,Skumrask,outland,384,hunter,survival,12,4,8
8735,Magicnanø,nemesis,384,hunter,survival,12,4,8
8736,Waziralwazar,auchindoun,384,hunter,survival,12,4,8
8737,Beaststeaks,thrall,384,hunter,survival,12,4,8
8738,Salie,argent-dawn,384,hunter,survival,12,4,8
8739,Fíwhale,tarren-mill,384,hunter,survival,12,4,8
8740,Eledanu,blackmoore,383,hunter,survival,6,4,2
8741,Døømslayer,nemesis,383,hunter,survival,6,4,2
8742,Bâng,zuljin,383,hunter,survival,12,4,8
8743,Одисенс,eversong,383,hunter,survival,12,4,8
8744,Platza,ragnaros,383,hunter,survival,12,4,8
8745,Hanibale,burning-blade,382,hunter,survival,18,4,14
8746,Thëhunter,tyrande,367,hunter,survival,11,4,7
8747,Ghob,kazzak,330,hunter,survival,8,5,3
8748,Xexhel,twisting-nether,330,hunter,survival,10,5,5
8749,Clydefrog,outland,320,hunter,survival,16,4,12
8750,Sùnzí,alakir,319,hunter,survival,6,4,2
8751,Simppeli,sylvanas,288,hunter,survival,6,3,3
8752,Faccacamoale,twisting-nether,288,hunter,survival,6,3,3
8753,Crispystix,draenor,288,hunter,survival,6,3,3
8754,Hühneknubbel,blackmoore,288,hunter,survival,6,3,3
8755,Eazzyy,auchindoun,288,hunter,survival,6,3,3
8756,Schwabbels,silvermoon,288,hunter,survival,6,3,3
8757,Arrowknee,outland,288,hunter,survival,6,3,3
8758,Hræsvëlg,archimonde,288,hunter,survival,6,3,3
8759,Helvetiya,sylvanas,288,hunter,survival,6,3,3
8760,Himatoumi,elune,288,hunter,survival,6,3,3
8761,Prinzz,blackmoore,288,hunter,survival,6,3,3
8762,Jayquillen,sylvanas,288,hunter,survival,6,3,3
8763,Goblinstyle,kazzak,288,hunter,survival,6,3,3
8764,Sworra,silvermoon,288,hunter,survival,6,3,3
8765,Natheldir,silvermoon,288,hunter,survival,6,3,3
8766,Паркх,soulflayer,288,hunter,survival,6,3,3
8767,Kleiar,dun-modr,288,hunter,survival,6,3,3
8768,Lightxyz,ravencrest,288,hunter,survival,6,3,3
8769,Nobuno,dun-modr,288,hunter,survival,6,3,3
8770,Spakster,blackrock,288,hunter,survival,6,3,3
8771,Jäegarn,ravencrest,288,hunter,survival,6,3,3
8772,Oneeyedjoe,the-maelstrom,288,hunter,survival,6,3,3
8773,Assaultrifle,frostmane,288,hunter,survival,6,3,3
8774,Engetsu,drakthul,288,hunter,survival,6,3,3
8775,Ремонтлицаа,gordunni,288,hunter,survival,6,3,3
8776,Rákthar,blackmoore,288,hunter,survival,6,3,3
8777,Deskö,shendralar,288,hunter,survival,6,3,3
8778,Unöhänä,archimonde,288,hunter,survival,6,3,3
8779,Крэин,howling-fjord,288,hunter,survival,6,3,3
8780,Aidsmacka,shattered-hand,288,hunter,survival,6,3,3
8781,Bicmeks,ravencrest,288,hunter,survival,6,3,3
8782,Jorhan,ravencrest,288,hunter,survival,6,3,3
8783,Aleenya,dalaran,288,hunter,survival,12,3,9
8784,Сногивкабину,soulflayer,288,hunter,survival,12,3,9
8785,Nestór,todeswache,288,hunter,survival,12,3,9
8786,Satantrapbot,outland,288,hunter,survival,12,3,9
8787,Шмалетар,gordunni,288,hunter,survival,12,3,9
8788,Bláckthorn,ravencrest,288,hunter,survival,12,3,9
8789,Lezigoulleur,marécage-de-zangar,287,hunter,survival,6,3,3
8790,Charlet,archimonde,287,hunter,survival,6,3,3
8791,Twinkhunter,pozzo-delleternità,256,hunter,survival,10,3,7
8792,Санясурв,gordunni,239,hunter,survival,10,6,4
8793,Axiøs,thrall,239,hunter,survival,5,3,2
8794,Sizemattersx,kazzak,239,hunter,survival,11,3,8
8795,Хантвкроксах,gordunni,208,hunter,survival,7,3,4
8796,Xamisch,eredar,192,hunter,survival,4,3,1
8797,Steffxd,twisting-nether,192,hunter,survival,6,2,4
8798,Ammò,kazzak,192,hunter,survival,6,2,4
8799,Gynax,hyjal,192,hunter,survival,6,2,4
8800,Ilòóll,veknilash,192,hunter,survival,6,2,4
8801,Beletor,medivh,192,hunter,survival,6,2,4
8802,Robosexual,ravencrest,192,hunter,survival,6,2,4
8803,Daarkkhunter,twisting-nether,192,hunter,survival,6,2,4
8804,Valtondre,argent-dawn,192,hunter,survival,6,2,4
8805,Epicsurvive,ravencrest,192,hunter,survival,6,2,4
8806,Bigmøist,ravencrest,192,hunter,survival,6,2,4
8807,Eromoar,outland,192,hunter,survival,6,2,4
8808,Sakaryali,silvermoon,192,hunter,survival,6,2,4
8809,Jarekk,auchindoun,192,hunter,survival,6,2,4
8810,Yezzu,sylvanas,192,hunter,survival,6,2,4
8811,Esperion,ragnaros,192,hunter,survival,6,2,4
8812,Grundibg,chamber-of-aspects,192,hunter,survival,6,2,4
8813,Bùddhíst,ravencrest,192,hunter,survival,6,2,4
8814,Evazeonhunt,antonidas,192,hunter,survival,6,2,4
8815,Zøøkëëper,silvermoon,192,hunter,survival,6,2,4
8816,Hunttes,nagrand,192,hunter,survival,6,2,4
8817,Adram,burning-legion,192,hunter,survival,6,2,4
8818,Aggrobatics,blackmoore,192,hunter,survival,6,2,4
8819,Abeji,malygos,192,hunter,survival,6,2,4
8820,Mufassa,sinstralis,192,hunter,survival,6,2,4
8821,Roscke,drakthul,192,hunter,survival,6,2,4
8822,Djsecousse,hyjal,192,hunter,survival,6,2,4
8823,Dedral,aegwynn,192,hunter,survival,6,2,4
8824,Vasco,chogall,192,hunter,survival,6,2,4
8825,Gerzyy,drakthul,192,hunter,survival,6,2,4
8826,Tdapills,sanguino,192,hunter,survival,6,2,4
8827,Jailevaccin,khaz-modan,192,hunter,survival,6,2,4
8828,Draugrinnh,tarren-mill,192,hunter,survival,6,2,4
8829,Flexifys,tarren-mill,192,hunter,survival,6,2,4
8830,Rølyn,hyjal,192,hunter,survival,6,2,4
8831,Brindefolìe,archimonde,192,hunter,survival,6,2,4
8832,Whyareurunin,silvermoon,192,hunter,survival,6,2,4
8833,Неужто,deathguard,192,hunter,survival,6,2,4
8834,Наладдчик,howling-fjord,192,hunter,survival,6,2,4
8835,Regale,archimonde,192,hunter,survival,6,2,4
8836,Васябицепс,howling-fjord,192,hunter,survival,6,2,4
8837,Trabucones,sanguino,192,hunter,survival,6,2,4
8838,Lithell,kazzak,192,hunter,survival,6,2,4
8839,Coromant,blackrock,192,hunter,survival,8,2,6
8840,Skewdar,hyjal,192,hunter,survival,12,2,10
8841,Haskeer,shattrath,192,hunter,survival,12,2,10
8842,Yinn,kilrogg,192,hunter,survival,12,2,10
8843,Réja,norgannon,192,hunter,survival,12,2,10
8844,Ecthelione,the-venture-co,192,hunter,survival,12,2,10
8845,Akibane,blackmoore,159,hunter,survival,8,3,5
8846,Rdwlf,draenor,138,hunter,survival,8,3,5
8847,Aimywinehaus,drakthul,96,hunter,survival,6,1,5
8848,Enistee,silvermoon,96,hunter,survival,6,1,5
8849,Supcuz,stormscale,96,hunter,survival,6,1,5
8850,Дэнитрехо,soulflayer,96,hunter,survival,6,1,5
8851,Zynga,sylvanas,96,hunter,survival,6,1,5
8852,Эвилтар,soulflayer,96,hunter,survival,6,1,5
8853,Panzershot,hyjal,96,hunter,survival,6,1,5
8854,Fantus,sylvanas,96,hunter,survival,6,1,5
8855,Серомиг,eversong,96,hunter,survival,6,1,5
8856,Brattamer,twisting-nether,96,hunter,survival,6,1,5
8857,Grollar,ragnaros,96,hunter,survival,6,1,5
8858,Куоль,gordunni,96,hunter,survival,6,1,5
8859,Cryts,dun-modr,96,hunter,survival,6,1,5
8860,Katzchen,burning-legion,96,hunter,survival,6,1,5
8861,Shanndu,ravencrest,96,hunter,survival,6,1,5
8862,Leaxs,onyxia,96,hunter,survival,6,1,5
8863,Ryztik,garona,96,hunter,survival,6,1,5
8864,Keinzira,hyjal,96,hunter,survival,6,1,5
8865,Escaflôwn,aegwynn,96,hunter,survival,6,1,5
8866,Zárnah,defias-brotherhood,96,hunter,survival,6,1,5
8867,Zuggi,defias-brotherhood,96,hunter,survival,6,1,5
8868,Saksa,blackrock,96,hunter,survival,6,1,5
8869,Рангмар,howling-fjord,79,hunter,survival,5,1,4
8870,Jacobszy,outland,63,hunter,survival,2,2,0
8871,Velrhegal,tarren-mill,16,hunter,survival,7,1,6
8872,Mariabanks,aegwynn,2278,hunter,beastmastery,222,118,104
8873,Brokeasalwys,ravencrest,2164,hunter,beastmastery,84,46,38
8874,Cbã,ravencrest,2156,hunter,beastmastery,60,32,28
8875,Hypse,kazzak,2144,hunter,beastmastery,244,120,124
8876,Plugonbaby,hyjal,2035,hunter,beastmastery,77,37,40
8877,Берх,gordunni,2032,hunter,beastmastery,112,56,56
8878,Kfcmanagerx,silvermoon,2024,hunter,beastmastery,90,42,48
8879,Esperion,ragnaros,2012,hunter,beastmastery,120,57,63
8880,Тружка,soulflayer,2000,hunter,beastmastery,96,44,52
8881,Baltímore,stormscale,1983,hunter,beastmastery,59,28,31
8882,Gernoqz,frostwolf,1973,hunter,beastmastery,107,51,56
8883,Eldrekou,kazzak,1968,hunter,beastmastery,72,41,31
8884,Feevah,frostmane,1947,hunter,beastmastery,272,137,135
8885,Zyphx,der-rat-von-dalaran,1936,hunter,beastmastery,102,46,56
8886,Truejkee,silvermoon,1929,hunter,beastmastery,101,51,50
8887,Куфа,blackscar,1909,hunter,beastmastery,36,20,16
8888,Aimshots,twisting-nether,1906,hunter,beastmastery,66,36,30
8889,Libanais,archimonde,1905,hunter,beastmastery,251,119,132
8890,Thing,kazzak,1900,hunter,beastmastery,36,21,15
8891,Eazzyy,auchindoun,1895,hunter,beastmastery,78,42,36
8892,Trapgoddxx,archimonde,1894,hunter,beastmastery,65,44,21
8893,Биско,gordunni,1890,hunter,beastmastery,80,40,40
8894,Manj,blackhand,1888,hunter,beastmastery,54,29,25
8895,Tagz,ravencrest,1887,hunter,beastmastery,60,29,31
8896,Ynv,argent-dawn,1885,hunter,beastmastery,74,37,37
8897,Odeôn,twisting-nether,1884,hunter,beastmastery,59,24,35
8898,Blackszpak,jaedenar,1876,hunter,beastmastery,42,23,19
8899,Дианнесса,howling-fjord,1876,hunter,beastmastery,77,38,39
8900,Dogetrainer,silvermoon,1875,hunter,beastmastery,108,58,50
8901,Jambomambo,twisting-nether,1873,hunter,beastmastery,54,26,28
8902,Phesx,sylvanas,1865,hunter,beastmastery,54,27,27
8903,Ígrågøßñø,silvermoon,1864,hunter,beastmastery,44,30,14
8904,Twineyes,ravencrest,1864,hunter,beastmastery,88,44,44
8905,Breezme,twisting-nether,1864,hunter,beastmastery,72,33,39
8906,Hanuong,ragnaros,1862,hunter,beastmastery,36,20,16
8907,Moscowmule,tarren-mill,1859,hunter,beastmastery,59,29,30
8908,Fãdê,ravencrest,1858,hunter,beastmastery,42,30,12
8909,Krampack,dun-modr,1858,hunter,beastmastery,54,31,23
8910,Draxil,archimonde,1855,hunter,beastmastery,54,24,30
8911,Найстити,deathguard,1854,hunter,beastmastery,66,31,35
8912,Doghxnter,ravencrest,1853,hunter,beastmastery,42,21,21
8913,Sipsomewater,ravencrest,1852,hunter,beastmastery,57,30,27
8914,Nexztwo,blackrock,1852,hunter,beastmastery,69,33,36
8915,Jägarnmt,twisting-nether,1848,hunter,beastmastery,77,33,44
8916,Âmalphy,ravencrest,1846,hunter,beastmastery,47,23,24
8917,Safnirx,tarren-mill,1845,hunter,beastmastery,66,27,39
8918,Онкьяр,gordunni,1844,hunter,beastmastery,51,28,23
8919,Колякилшот,gordunni,1844,hunter,beastmastery,60,29,31
8920,Nyzuri,die-aldor,1843,hunter,beastmastery,54,26,28
8921,Luzivarus,malganis,1842,hunter,beastmastery,59,29,30
8922,Wilfyre,twisting-nether,1840,hunter,beastmastery,75,36,39
8923,Thogel,hyjal,1838,hunter,beastmastery,72,33,39
8924,Miløø,silvermoon,1835,hunter,beastmastery,48,26,22
8925,Gaeln,outland,1833,hunter,beastmastery,144,70,74
8926,Rákthar,blackmoore,1832,hunter,beastmastery,66,32,34
8927,Гринмех,gordunni,1831,hunter,beastmastery,60,31,29
8928,Orcji,blackhand,1827,hunter,beastmastery,83,42,41
8929,Qtìp,aegwynn,1826,hunter,beastmastery,71,34,37
8930,Bilbohunter,draenor,1825,hunter,beastmastery,48,27,21
8931,Горгонт,blackscar,1825,hunter,beastmastery,47,25,22
8932,Burninghunt,ravencrest,1822,hunter,beastmastery,60,32,28
8933,Dìgítal,twisting-nether,1821,hunter,beastmastery,42,25,17
8934,Wêskêr,tarren-mill,1821,hunter,beastmastery,66,31,35
8935,Куроните,howling-fjord,1820,hunter,beastmastery,48,27,21
8936,Sukzess,antonidas,1818,hunter,beastmastery,54,27,27
8937,Bíllybobbs,argent-dawn,1815,hunter,beastmastery,36,19,17
8938,Ooh,doomhammer,1815,hunter,beastmastery,120,56,64
8939,Jabela,eredar,1814,hunter,beastmastery,53,39,14
8940,Kachaxa,kazzak,1812,hunter,beastmastery,64,30,34
8941,Rndhunt,shattrath,1811,hunter,beastmastery,60,30,30
8942,Марчик,blackscar,1810,hunter,beastmastery,42,19,23
8943,Лесбиянюсь,gordunni,1808,hunter,beastmastery,48,36,12
8944,Corossity,blackmoore,1808,hunter,beastmastery,30,19,11
8945,Silverwolfa,dun-modr,1808,hunter,beastmastery,51,29,22
8946,Hiddenx,blackmoore,1808,hunter,beastmastery,42,21,21
8947,Trend,silvermoon,1808,hunter,beastmastery,48,23,25
8948,Поппишот,blackscar,1806,hunter,beastmastery,36,19,17
8949,Цитрукс,gordunni,1806,hunter,beastmastery,90,47,43
8950,Huntchonk,kazzak,1806,hunter,beastmastery,53,27,26
8951,Пивопьюня,ashenvale,1805,hunter,beastmastery,53,27,26
8952,Lysanhunt,zuljin,1804,hunter,beastmastery,54,27,27
8953,Crippa,tarren-mill,1803,hunter,beastmastery,54,28,26
8954,Dafhel,hyjal,1801,hunter,beastmastery,65,30,35
8955,Jàsøn,ravencrest,1801,hunter,beastmastery,66,29,37
8956,Izmad,archimonde,1796,hunter,beastmastery,245,138,107
8957,Fluphy,thrall,1794,hunter,beastmastery,70,41,29
8958,Easyclass,hyjal,1789,hunter,beastmastery,120,70,50
8959,Wodhunterxdd,outland,1788,hunter,beastmastery,53,25,28
8960,Вождь,howling-fjord,1787,hunter,beastmastery,53,27,26
8961,Appirc,tarren-mill,1785,hunter,beastmastery,48,24,24
8962,Wîldhunt,burning-legion,1781,hunter,beastmastery,161,76,85
8963,Alpharaven,ravencrest,1779,hunter,beastmastery,54,29,25
8964,Мориартис,ashenvale,1778,hunter,beastmastery,65,35,30
8965,Jamesyy,ravencrest,1776,hunter,beastmastery,60,28,32
8966,Babýrage,twisting-nether,1774,hunter,beastmastery,42,21,21
8967,Gucçi,kazzak,1769,hunter,beastmastery,68,39,29
8968,Erethrus,ravencrest,1769,hunter,beastmastery,48,19,29
8969,Amyndôr,ravencrest,1767,hunter,beastmastery,48,27,21
8970,Séyena,outland,1764,hunter,beastmastery,42,19,23
8971,Fullxtrap,hyjal,1763,hunter,beastmastery,41,19,22
8972,Jamzyhunter,emerald-dream,1762,hunter,beastmastery,48,24,24
8973,Nystaleoss,grim-batol,1759,hunter,beastmastery,130,62,68
8974,Nimhunt,dentarg,1759,hunter,beastmastery,65,29,36
8975,Futureman,blackrock,1758,hunter,beastmastery,54,31,23
8976,Порошокк,gordunni,1756,hunter,beastmastery,69,29,40
8977,Мэлвиса,borean-tundra,1754,hunter,beastmastery,90,50,40
8978,Priceqtxd,ravencrest,1752,hunter,beastmastery,97,60,37
8979,Ilovemax,archimonde,1750,hunter,beastmastery,46,20,26
8980,Mekerosh,burning-legion,1749,hunter,beastmastery,46,23,23
8981,Ðéadsøulz,stormscale,1746,hunter,beastmastery,111,62,49
8982,Фираналь,blackscar,1743,hunter,beastmastery,69,35,34
8983,Expiraa,twisting-nether,1742,hunter,beastmastery,48,25,23
8984,Åsynåmvp,twisting-nether,1742,hunter,beastmastery,65,29,36
8985,Carioca,blackhand,1741,hunter,beastmastery,66,30,36
8986,Pewpewshotz,stormscale,1740,hunter,beastmastery,60,32,28
8987,Treaz,sanguino,1739,hunter,beastmastery,66,33,33
8988,Tyranski,ravencrest,1738,hunter,beastmastery,75,40,35
8989,Saggymilkies,outland,1735,hunter,beastmastery,54,23,31
8990,Hawkeyé,forscherliga,1734,hunter,beastmastery,47,19,28
8991,Nèxz,blackrock,1732,hunter,beastmastery,77,33,44
8992,Играсломана,howling-fjord,1730,hunter,beastmastery,48,30,18
8993,Valkrys,die-aldor,1726,hunter,beastmastery,64,32,32
8994,Duppdupp,eredar,1726,hunter,beastmastery,84,38,46
8995,Nolove,burning-legion,1725,hunter,beastmastery,54,31,23
8996,Triggaz,stormscale,1721,hunter,beastmastery,186,95,91
8997,Mtrider,twisting-nether,1721,hunter,beastmastery,105,50,55
8998,Эвилтар,soulflayer,1715,hunter,beastmastery,48,29,19
8999,Дашатрирубля,soulflayer,1715,hunter,beastmastery,42,21,21
9000,Noversia,aegwynn,1714,hunter,beastmastery,71,33,38
9001,Jägarntwo,stormscale,1710,hunter,beastmastery,51,20,31
9002,Mogwai,stormscale,1709,hunter,beastmastery,42,18,24
9003,Omegakek,madmortem,1707,hunter,beastmastery,46,23,23
9004,Vajraw,blackrock,1707,hunter,beastmastery,42,20,22
9005,Bebar,kazzak,1705,hunter,beastmastery,66,37,29
9006,Impxgodx,outland,1704,hunter,beastmastery,51,24,27
9007,Shinkichi,archimonde,1699,hunter,beastmastery,30,18,12
9008,Elamondria,outland,1699,hunter,beastmastery,72,42,30
9009,Sznxøxo,ravencrest,1699,hunter,beastmastery,54,29,25
9010,Irefutabilâ,outland,1696,hunter,beastmastery,96,43,53
9011,Samanou,kazzak,1695,hunter,beastmastery,64,25,39
9012,Bebiyo,sanguino,1694,hunter,beastmastery,40,23,17
9013,Merquryh,ravencrest,1693,hunter,beastmastery,48,27,21
9014,Krix,ragnaros,1691,hunter,beastmastery,54,34,20
9015,Экономист,fordragon,1691,hunter,beastmastery,42,24,18
9016,Пихпахах,gordunni,1691,hunter,beastmastery,82,43,39
9017,Paimen,darksorrow,1690,hunter,beastmastery,96,54,42
9018,Fize,blackmoore,1690,hunter,beastmastery,65,30,35
9019,Shroomynuts,kazzak,1689,hunter,beastmastery,90,52,38
9020,Pawzz,kazzak,1687,hunter,beastmastery,54,25,29
9021,Akaris,archimonde,1686,hunter,beastmastery,54,27,27
9022,Letsrock,outland,1682,hunter,beastmastery,33,20,13
9023,Bynen,tarren-mill,1682,hunter,beastmastery,59,26,33
9024,Скадхи,blackscar,1681,hunter,beastmastery,46,23,23
9025,Шергала,soulflayer,1681,hunter,beastmastery,149,68,81
9026,Nestór,todeswache,1678,hunter,beastmastery,47,28,19
9027,Sïmc,archimonde,1678,hunter,beastmastery,102,55,47
9028,Erilis,twisting-nether,1676,hunter,beastmastery,37,22,15
9029,Отерон,gordunni,1676,hunter,beastmastery,128,74,54
9030,Трапгодикс,eversong,1674,hunter,beastmastery,126,66,60
9031,Roarmantic,blackrock,1672,hunter,beastmastery,42,19,23
9032,Hlogic,tarren-mill,1672,hunter,beastmastery,84,33,51
9033,Забзаб,soulflayer,1671,hunter,beastmastery,51,25,26
9034,Father,auchindoun,1670,hunter,beastmastery,77,39,38
9035,Ixix,blackhand,1669,hunter,beastmastery,36,19,17
9036,Techpøint,silvermoon,1669,hunter,beastmastery,35,18,17
9037,Unßørn,archimonde,1669,hunter,beastmastery,66,25,41
9038,Kamar,archimonde,1665,hunter,beastmastery,60,39,21
9039,Lowfet,neptulon,1665,hunter,beastmastery,66,42,24
9040,Dréws,kazzak,1665,hunter,beastmastery,40,18,22
9041,Grynu,kazzak,1662,hunter,beastmastery,60,24,36
9042,Trenesta,tarren-mill,1659,hunter,beastmastery,34,18,16
9043,Pérnix,tarren-mill,1657,hunter,beastmastery,30,18,12
9044,Idtrapthat,nagrand,1657,hunter,beastmastery,54,25,29
9045,Klausmanne,blackrock,1657,hunter,beastmastery,164,75,89
9046,Scrubbi,destromath,1656,hunter,beastmastery,39,19,20
9047,Zanpa,archimonde,1656,hunter,beastmastery,68,29,39
9048,Irefutabil,stormscale,1656,hunter,beastmastery,54,22,32
9049,Cnby,stormscale,1652,hunter,beastmastery,43,26,17
9050,Røzy,twisting-nether,1647,hunter,beastmastery,48,35,13
9051,Parhainkoira,argent-dawn,1647,hunter,beastmastery,42,25,17
9052,Oldcocknbals,silvermoon,1645,hunter,beastmastery,100,54,46
9053,Povish,twisting-nether,1644,hunter,beastmastery,43,23,20
9054,Nîøssx,blackrock,1644,hunter,beastmastery,53,28,25
9055,Raindra,twisting-nether,1643,hunter,beastmastery,36,18,18
9056,Ericspet,stormscale,1641,hunter,beastmastery,36,24,12
9057,Astari,outland,1641,hunter,beastmastery,48,21,27
9058,Eaglexx,twisting-nether,1638,hunter,beastmastery,72,37,35
9059,Drøøðqt,blackrock,1637,hunter,beastmastery,60,31,29
9060,Janko,ravencrest,1637,hunter,beastmastery,192,99,93
9061,Horhyndan,ragnaros,1631,hunter,beastmastery,51,24,27
9062,Xiioo,ravencrest,1631,hunter,beastmastery,65,29,36
9063,Imcuteandfun,ravencrest,1630,hunter,beastmastery,60,24,36
9064,Lofiel,blackrock,1628,hunter,beastmastery,53,27,26
9065,Ataxyz,draenor,1627,hunter,beastmastery,36,17,19
9066,Рагнарианх,gordunni,1627,hunter,beastmastery,75,30,45
9067,Eggcowmeow,azjolnerub,1626,hunter,beastmastery,42,22,20
9068,Порошокк,howling-fjord,1625,hunter,beastmastery,30,17,13
9069,Дэнвин,deathweaver,1625,hunter,beastmastery,42,22,20
9070,Gibiswag,outland,1625,hunter,beastmastery,36,17,19
9071,Uglybaboon,draenor,1625,hunter,beastmastery,42,17,25
9072,Lambo,laughing-skull,1624,hunter,beastmastery,36,17,19
9073,Sicktrapbtw,hyjal,1624,hunter,beastmastery,42,17,25
9074,Sníper,aggra-português,1621,hunter,beastmastery,50,28,22
9075,Índigo,kazzak,1620,hunter,beastmastery,56,30,26
9076,Vezeka,ravencrest,1618,hunter,beastmastery,42,26,16
9077,Pfizershotx,khaz-modan,1617,hunter,beastmastery,36,17,19
9078,Notdilly,varimathras,1617,hunter,beastmastery,48,20,28
9079,Ганидони,soulflayer,1616,hunter,beastmastery,59,23,36
9080,Diapositiv,draenor,1613,hunter,beastmastery,54,31,23
9081,Missmytraps,ravencrest,1613,hunter,beastmastery,39,20,19
9082,Лордсахарок,gordunni,1612,hunter,beastmastery,56,21,35
9083,Aroeris,ravencrest,1611,hunter,beastmastery,57,32,25
9084,Pekaxôxô,sanguino,1609,hunter,beastmastery,48,34,14
9085,Nordafrøst,antonidas,1609,hunter,beastmastery,66,27,39
9086,Lobo,kazzak,1608,hunter,beastmastery,54,19,35
9087,Taoshii,die-aldor,1604,hunter,beastmastery,66,36,30
9088,Céah,blackrock,1604,hunter,beastmastery,54,28,26
9089,Chasseurcool,argent-dawn,1603,hunter,beastmastery,50,28,22
9090,Bànsundara,hyjal,1603,hunter,beastmastery,97,53,44
9091,Pluttbug,xavius,1602,hunter,beastmastery,32,19,13
9092,Sparcùs,stormreaver,1602,hunter,beastmastery,68,36,32
9093,Оути,azuregos,1601,hunter,beastmastery,51,28,23
9094,Brisbya,khaz-modan,1600,hunter,beastmastery,29,21,8
9095,Stickey,antonidas,1600,hunter,beastmastery,66,34,32
9096,Moistmán,kazzak,1594,hunter,beastmastery,68,34,34
9097,Poupoune,uldum,1593,hunter,beastmastery,36,17,19
9098,Huntma,kazzak,1592,hunter,beastmastery,30,19,11
9099,Memehunter,aegwynn,1591,hunter,beastmastery,66,41,25
9100,Búddhá,stormscale,1591,hunter,beastmastery,174,83,91
9101,Зоотян,gordunni,1589,hunter,beastmastery,111,55,56
9102,Nottberozz,silvermoon,1589,hunter,beastmastery,122,59,63
9103,Mânhunt,blackhand,1589,hunter,beastmastery,270,129,141
9104,Eagletalon,twisting-nether,1588,hunter,beastmastery,42,21,21
9105,Fanjah,sylvanas,1586,hunter,beastmastery,33,18,15
9106,Каоссхант,howling-fjord,1585,hunter,beastmastery,29,20,9
9107,Xxiioo,ravencrest,1583,hunter,beastmastery,79,46,33
9108,Coldmonster,tarren-mill,1583,hunter,beastmastery,131,76,55
9109,Тиблэк,soulflayer,1579,hunter,beastmastery,101,51,50
9110,Næmes,hyjal,1576,hunter,beastmastery,36,18,18
9111,Traplørdx,sylvanas,1576,hunter,beastmastery,42,18,24
9112,Hacz,bronzebeard,1575,hunter,beastmastery,60,22,38
9113,Grusijohn,executus,1573,hunter,beastmastery,66,33,33
9114,Леао,howling-fjord,1571,hunter,beastmastery,45,30,15
9115,Мунлэс,lich-king,1569,hunter,beastmastery,69,30,39
9116,Комомура,soulflayer,1568,hunter,beastmastery,53,24,29
9117,Sagethunt,blackrock,1565,hunter,beastmastery,41,17,24
9118,Ariabeast,archimonde,1564,hunter,beastmastery,36,17,19
9119,Жокра,greymane,1557,hunter,beastmastery,42,19,23
9120,Søuïlløn,archimonde,1553,hunter,beastmastery,48,30,18
9121,Gunde,kazzak,1551,hunter,beastmastery,102,52,50
9122,Gedzer,silvermoon,1547,hunter,beastmastery,40,19,21
9123,Zuxz,blackmoore,1546,hunter,beastmastery,42,18,24
9124,Пулявзубах,gordunni,1544,hunter,beastmastery,92,49,43
9125,Кразайс,ashenvale,1542,hunter,beastmastery,44,18,26
9126,Nickyhunt,stormscale,1539,hunter,beastmastery,47,22,25
9127,Антисерт,ashenvale,1538,hunter,beastmastery,70,33,37
9128,Snipertjuh,silvermoon,1537,hunter,beastmastery,55,27,28
9129,Arcø,dun-modr,1535,hunter,beastmastery,30,16,14
9130,Hultasy,outland,1535,hunter,beastmastery,122,58,64
9131,Corrupth,outland,1533,hunter,beastmastery,30,17,13
9132,Bortian,argent-dawn,1532,hunter,beastmastery,49,29,20
9133,Jêsslíne,ravencrest,1532,hunter,beastmastery,30,16,14
9134,Sonìc,kazzak,1531,hunter,beastmastery,44,25,19
9135,Jeeso,baelgun,1530,hunter,beastmastery,106,48,58
9136,Tayaa,draenor,1528,hunter,beastmastery,91,47,44
9137,Feralhound,exodar,1528,hunter,beastmastery,72,34,38
9138,Almogrote,sanguino,1526,hunter,beastmastery,42,21,21
9139,Nkdchef,outland,1526,hunter,beastmastery,36,17,19
9140,Vaelyste,doomhammer,1524,hunter,beastmastery,59,31,28
9141,Sarrow,ravencrest,1523,hunter,beastmastery,77,41,36
9142,Eufumo,sanguino,1521,hunter,beastmastery,58,36,22
9143,Liquidhunter,quelthalas,1520,hunter,beastmastery,24,16,8
9144,Palaur,kazzak,1519,hunter,beastmastery,94,50,44
9145,Ryuwen,dun-modr,1517,hunter,beastmastery,60,28,32
9146,Haltrâdar,archimonde,1511,hunter,beastmastery,33,17,16
9147,Draugrinnh,tarren-mill,1511,hunter,beastmastery,66,29,37
9148,Córelly,outland,1510,hunter,beastmastery,55,24,31
9149,Kafkules,outland,1507,hunter,beastmastery,83,44,39
9150,Sharún,sylvanas,1507,hunter,beastmastery,39,17,22
9151,Icetrapped,eredar,1502,hunter,beastmastery,41,25,16
9152,Leriath,shadowsong,1502,hunter,beastmastery,89,52,37
9153,Druckwelle,frostwolf,1502,hunter,beastmastery,62,25,37
9154,Hîldegard,todeswache,1499,hunter,beastmastery,36,16,20
9155,Slmao,tarren-mill,1497,hunter,beastmastery,36,16,20
9156,Gumm,gorgonnash,1496,hunter,beastmastery,30,17,13
9157,Funkalation,ravencrest,1495,hunter,beastmastery,36,20,16
9158,Laoriane,hyjal,1489,hunter,beastmastery,51,28,23
9159,Nallepuuoh,outland,1487,hunter,beastmastery,63,30,33
9160,Трэйсх,howling-fjord,1487,hunter,beastmastery,36,17,19
9161,Снюсинка,gordunni,1485,hunter,beastmastery,41,21,20
9162,Ahlgood,stormscale,1484,hunter,beastmastery,30,16,14
9163,Аллони,booty-bay,1484,hunter,beastmastery,108,50,58
9164,Гигапупсх,howling-fjord,1482,hunter,beastmastery,54,30,24
9165,Askaway,sylvanas,1481,hunter,beastmastery,24,16,8
9166,Gnouminøu,archimonde,1479,hunter,beastmastery,85,45,40
9167,Шэйдуокер,gordunni,1479,hunter,beastmastery,158,78,80
9168,Mariehunt,blackmoore,1472,hunter,beastmastery,78,38,40
9169,Wingclip,ravencrest,1472,hunter,beastmastery,40,17,23
9170,Bastianapa,twisting-nether,1471,hunter,beastmastery,66,31,35
9171,Aenina,kazzak,1466,hunter,beastmastery,30,19,11
9172,Trapzila,aggra-português,1466,hunter,beastmastery,42,21,21
9173,Råhl,zuljin,1466,hunter,beastmastery,41,17,24
9174,Baileé,onyxia,1464,hunter,beastmastery,50,30,20
9175,Oldbear,frostmane,1463,hunter,beastmastery,22,16,6
9176,Куоль,gordunni,1463,hunter,beastmastery,47,21,26
9177,Jas,kargath,1462,hunter,beastmastery,54,30,24
9178,Xüscha,ysera,1459,hunter,beastmastery,66,29,37
9179,Ázurâ,blackhand,1458,hunter,beastmastery,75,39,36
9180,Yoggys,outland,1451,hunter,beastmastery,36,18,18
9181,Shawnrai,drakthul,1449,hunter,beastmastery,44,24,20
9182,Rynx,hellfire,1446,hunter,beastmastery,42,16,26
9183,Drigs,blackrock,1444,hunter,beastmastery,35,18,17
9184,Ayyubi,blackrock,1440,hunter,beastmastery,65,33,32
9185,Маунтдроп,gordunni,1439,hunter,beastmastery,79,42,37
9186,Ilovekatsu,archimonde,1437,hunter,beastmastery,24,15,9
9187,Vrikenh,tarren-mill,1436,hunter,beastmastery,26,18,8
9188,Яроняютрапу,gordunni,1436,hunter,beastmastery,30,20,10
9189,Каосси,gordunni,1436,hunter,beastmastery,38,17,21
9190,Vinsanity,dunemaul,1436,hunter,beastmastery,36,15,21
9191,Mágaz,draenor,1435,hunter,beastmastery,48,26,22
9192,Zäyk,zuljin,1432,hunter,beastmastery,31,17,14
9193,Orcoro,ysondre,1432,hunter,beastmastery,115,51,64
9194,Tukene,kazzak,1432,hunter,beastmastery,45,17,28
9195,Shoranon,stormscale,1431,hunter,beastmastery,30,15,15
9196,Rdom,stormreaver,1431,hunter,beastmastery,74,36,38
9197,Badkirves,kazzak,1430,hunter,beastmastery,78,35,43
9198,Tåxi,silvermoon,1429,hunter,beastmastery,90,46,44
9199,Khatia,blackrock,1429,hunter,beastmastery,36,18,18
9200,Dzikapumpa,burning-legion,1429,hunter,beastmastery,39,18,21
9201,Jomerin,thrall,1429,hunter,beastmastery,36,15,21
9202,Афонадзе,gordunni,1428,hunter,beastmastery,66,33,33
9203,Anjeschka,nemesis,1427,hunter,beastmastery,40,24,16
9204,Gondoo,tarren-mill,1427,hunter,beastmastery,30,15,15
9205,Ххун,gordunni,1426,hunter,beastmastery,34,18,16
9206,Fåded,ravencrest,1425,hunter,beastmastery,31,16,15
9207,Ingvi,antonidas,1425,hunter,beastmastery,36,15,21
9208,Qmbonboni,ravencrest,1423,hunter,beastmastery,46,30,16
9209,Anca,aegwynn,1422,hunter,beastmastery,78,36,42
9210,Metalmaison,archimonde,1422,hunter,beastmastery,76,33,43
9211,Rhee,the-maelstrom,1421,hunter,beastmastery,90,39,51
9212,Waalth,ragnaros,1420,hunter,beastmastery,72,34,38
9213,Jarekk,auchindoun,1417,hunter,beastmastery,35,19,16
9214,Traktorr,stormscale,1413,hunter,beastmastery,48,24,24
9215,Kalt,twisting-nether,1412,hunter,beastmastery,54,30,24
9216,Velocity,nagrand,1411,hunter,beastmastery,41,19,22
9217,Reptile,outland,1410,hunter,beastmastery,24,15,9
9218,Cubro,sanguino,1409,hunter,beastmastery,36,16,20
9219,Unrealy,grim-batol,1406,hunter,beastmastery,96,53,43
9220,Толяарканшот,razuvious,1405,hunter,beastmastery,24,15,9
9221,Neíth,the-maelstrom,1405,hunter,beastmastery,42,17,25
9222,Mytown,hyjal,1403,hunter,beastmastery,84,40,44
9223,Avatarofwoe,blackmoore,1402,hunter,beastmastery,36,15,21
9224,Váal,dun-modr,1401,hunter,beastmastery,63,36,27
9225,Rushgarroth,ravencrest,1401,hunter,beastmastery,66,33,33
9226,Камшотовна,blackscar,1400,hunter,beastmastery,51,31,20
9227,Kethos,draenor,1399,hunter,beastmastery,24,15,9
9228,Dramin,defias-brotherhood,1399,hunter,beastmastery,168,90,78
9229,Phinecone,stormscale,1399,hunter,beastmastery,42,18,24
9230,Бубунн,howling-fjord,1394,hunter,beastmastery,96,42,54
9231,Xystîco,thrall,1393,hunter,beastmastery,54,26,28
9232,Desow,blackrock,1390,hunter,beastmastery,42,25,17
9233,Афигеннски,ashenvale,1387,hunter,beastmastery,54,25,29
9234,Acmé,kazzak,1385,hunter,beastmastery,36,15,21
9235,Felorya,kazzak,1383,hunter,beastmastery,30,18,12
9236,Hammertime,sanguino,1382,hunter,beastmastery,53,26,27
9237,Metsänmies,defias-brotherhood,1381,hunter,beastmastery,29,19,10
9238,Pammycakes,bronze-dragonflight,1381,hunter,beastmastery,135,68,67
9239,Drestan,drakthul,1379,hunter,beastmastery,48,22,26
9240,Bambamgalke,antonidas,1378,hunter,beastmastery,72,34,38
9241,Loógosh,blackmoore,1376,hunter,beastmastery,54,26,28
9242,Esgar,blackrock,1374,hunter,beastmastery,74,34,40
9243,Честнный,howling-fjord,1373,hunter,beastmastery,113,51,62
9244,Boulaax,ysondre,1372,hunter,beastmastery,118,66,52
9245,Raymear,kazzak,1370,hunter,beastmastery,30,16,14
9246,Travels,tarren-mill,1370,hunter,beastmastery,81,42,39
9247,Elsasehunter,zuljin,1370,hunter,beastmastery,102,44,58
9248,Стреладемона,gordunni,1368,hunter,beastmastery,51,30,21
9249,Сатарр,gordunni,1362,hunter,beastmastery,90,43,47
9250,Zúzú,hyjal,1357,hunter,beastmastery,42,26,16
9251,Asousa,stormscale,1356,hunter,beastmastery,48,26,22
9252,Nycrom,ravencrest,1354,hunter,beastmastery,32,15,17
9253,Киборка,howling-fjord,1352,hunter,beastmastery,30,15,15
9254,Meskette,ravencrest,1347,hunter,beastmastery,62,27,35
9255,Чапуршилов,lich-king,1346,hunter,beastmastery,106,50,56
9256,Porch,dragonmaw,1345,hunter,beastmastery,31,16,15
9257,Brokenpetman,defias-brotherhood,1344,hunter,beastmastery,24,14,10
9258,Oliene,twisting-nether,1343,hunter,beastmastery,36,19,17
9259,Ðoxz,blackrock,1342,hunter,beastmastery,24,14,10
9260,Pryse,hyjal,1342,hunter,beastmastery,30,14,16
9261,Jungletime,outland,1341,hunter,beastmastery,24,14,10
9262,Sentriks,tarren-mill,1340,hunter,beastmastery,30,14,16
9263,Joshalama,quelthalas,1339,hunter,beastmastery,35,19,16
9264,Douglas,die-silberne-hand,1338,hunter,beastmastery,30,14,16
9265,Saromán,ravencrest,1336,hunter,beastmastery,36,19,17
9266,Straybullet,kazzak,1336,hunter,beastmastery,89,40,49
9267,Notikâ,aegwynn,1336,hunter,beastmastery,48,20,28
9268,Feignindeath,twisting-nether,1335,hunter,beastmastery,30,19,11
9269,Bravestarr,blades-edge,1334,hunter,beastmastery,36,19,17
9270,Lascazador,dun-modr,1332,hunter,beastmastery,30,14,16
9271,Жмыххунтер,howling-fjord,1331,hunter,beastmastery,30,14,16
9272,Trapwann,argent-dawn,1329,hunter,beastmastery,24,14,10
9273,Strélka,blackrock,1325,hunter,beastmastery,30,14,16
9274,Trapyx,malganis,1325,hunter,beastmastery,69,24,45
9275,Amitar,tarren-mill,1321,hunter,beastmastery,24,15,9
9276,Hantro,argent-dawn,1321,hunter,beastmastery,30,18,12
9277,Ríckybobby,kazzak,1319,hunter,beastmastery,43,22,21
9278,Hogar,frostwolf,1317,hunter,beastmastery,24,14,10
9279,Чизано,deathguard,1315,hunter,beastmastery,41,18,23
9280,Meredo,burning-legion,1313,hunter,beastmastery,58,30,28
9281,Muspigen,tarren-mill,1313,hunter,beastmastery,81,37,44
9282,Туруханец,gordunni,1312,hunter,beastmastery,78,42,36
9283,Люблюлюбовь,gordunni,1310,hunter,beastmastery,42,27,15
9284,Zantorious,ravencrest,1308,hunter,beastmastery,33,20,13
9285,Belorgrim,kirin-tor,1306,hunter,beastmastery,30,16,14
9286,Mètrolog,twisting-nether,1306,hunter,beastmastery,54,21,33
9287,Platzpatron,eredar,1297,hunter,beastmastery,36,15,21
9288,Sixty,rajaxx,1293,hunter,beastmastery,30,16,14
9289,Greathorn,arthas,1288,hunter,beastmastery,22,15,7
9290,Salvia,chromaggus,1288,hunter,beastmastery,96,51,45
9291,Ägris,die-todeskrallen,1286,hunter,beastmastery,75,36,39
9292,Benbutton,antonidas,1286,hunter,beastmastery,46,22,24
9293,Chagaure,hyjal,1283,hunter,beastmastery,30,14,16
9294,Cobra,magtheridon,1282,hunter,beastmastery,71,30,41
9295,Кулинарк,howling-fjord,1279,hunter,beastmastery,48,23,25
9296,Tháyn,tarren-mill,1268,hunter,beastmastery,23,14,9
9297,Kiingsane,archimonde,1268,hunter,beastmastery,33,15,18
9298,Basìcs,nemesis,1265,hunter,beastmastery,30,16,14
9299,Flunkytim,blackmoore,1261,hunter,beastmastery,60,30,30
9300,Maknamara,tarren-mill,1255,hunter,beastmastery,48,24,24
9301,Linchpin,dentarg,1255,hunter,beastmastery,62,28,34
9302,Encore,sylvanas,1251,hunter,beastmastery,30,15,15
9303,Шионо,howling-fjord,1250,hunter,beastmastery,26,14,12
9304,Pareia,blackrock,1248,hunter,beastmastery,18,13,5
9305,Ðowz,ysondre,1248,hunter,beastmastery,24,13,11
9306,Kásúxôxô,ravencrest,1248,hunter,beastmastery,24,13,11
9307,Rïm,haomarush,1247,hunter,beastmastery,24,13,11
9308,Jawox,antonidas,1247,hunter,beastmastery,30,13,17
9309,Pagman,thrall,1247,hunter,beastmastery,30,13,17
9310,Дафирия,deathguard,1247,hunter,beastmastery,40,17,23
9311,Petshopgirl,ravencrest,1246,hunter,beastmastery,24,13,11
9312,Símpíng,tarren-mill,1245,hunter,beastmastery,18,13,5
9313,Fatmum,magtheridon,1243,hunter,beastmastery,24,13,11
9314,Spidak,stormscale,1239,hunter,beastmastery,24,13,11
9315,Neescafe,sylvanas,1236,hunter,beastmastery,27,14,13
9316,Johnwick,aerie-peak,1233,hunter,beastmastery,18,13,5
9317,Rxr,kazzak,1232,hunter,beastmastery,30,13,17
9318,Shaznak,argent-dawn,1231,hunter,beastmastery,36,17,19
9319,Skidzo,alakir,1231,hunter,beastmastery,32,15,17
9320,Davíncí,tarren-mill,1224,hunter,beastmastery,77,41,36
9321,Neeske,sylvanas,1224,hunter,beastmastery,30,13,17
9322,Vexhh,outland,1221,hunter,beastmastery,24,13,11
9323,Stogie,auchindoun,1217,hunter,beastmastery,24,13,11
9324,Анютикус,gordunni,1213,hunter,beastmastery,42,26,16
9325,Lusifa,antonidas,1212,hunter,beastmastery,62,33,29
9326,Bufosh,twisting-nether,1211,hunter,beastmastery,75,37,38
9327,Snipingdog,stormscale,1209,hunter,beastmastery,36,18,18
9328,Heylie,senjin,1206,hunter,beastmastery,47,16,31
9329,Diac,dalaran,1201,hunter,beastmastery,18,13,5
9330,Slojork,thrall,1190,hunter,beastmastery,92,40,52
9331,Ashjen,aszune,1188,hunter,beastmastery,29,18,11
9332,Eddy,the-maelstrom,1187,hunter,beastmastery,36,20,16
9333,Arnatti,tyrande,1186,hunter,beastmastery,23,13,10
9334,Быщь,gordunni,1186,hunter,beastmastery,29,14,15
9335,Cinan,twisting-nether,1182,hunter,beastmastery,40,21,19
9336,Pancakesgo,twilights-hammer,1179,hunter,beastmastery,35,13,22
9337,Haleth,uldum,1177,hunter,beastmastery,29,13,16
9338,Æblesaft,stormscale,1177,hunter,beastmastery,34,13,21
9339,Амобарбиталх,gordunni,1173,hunter,beastmastery,39,20,19
9340,Skullstah,ravencrest,1169,hunter,beastmastery,24,13,11
9341,Harpin,azuremyst,1166,hunter,beastmastery,42,20,22
9342,Балласкиндер,gordunni,1164,hunter,beastmastery,60,31,29
9343,Olamay,blackmoore,1159,hunter,beastmastery,50,26,24
9344,Oròme,pozzo-delleternità,1157,hunter,beastmastery,60,31,29
9345,Kyliun,frostmane,1155,hunter,beastmastery,29,13,16
9346,Rafizox,kazzak,1152,hunter,beastmastery,18,12,6
9347,Пожилойпупь,soulflayer,1151,hunter,beastmastery,18,12,6
9348,Brawnshunt,stormscale,1151,hunter,beastmastery,24,12,12
9349,Cor,ravencrest,1151,hunter,beastmastery,24,12,12
9350,Diktatos,kazzak,1151,hunter,beastmastery,24,12,12
9351,Dohter,kazzak,1151,hunter,beastmastery,25,12,13
9352,Digimørtal,kazzak,1150,hunter,beastmastery,18,12,6
9353,Raythe,argent-dawn,1150,hunter,beastmastery,24,12,12
9354,Galileo,sanguino,1150,hunter,beastmastery,26,12,14
9355,Misstrap,nemesis,1150,hunter,beastmastery,30,12,18
9356,Амореселф,gordunni,1150,hunter,beastmastery,30,12,18
9357,Kondy,twisting-nether,1149,hunter,beastmastery,18,12,6
9358,Mâjôô,blackhand,1149,hunter,beastmastery,22,13,9
9359,Lòò,aegwynn,1148,hunter,beastmastery,18,12,6
9360,Freebïrd,shattered-hand,1147,hunter,beastmastery,18,12,6
9361,Dmanite,ravencrest,1147,hunter,beastmastery,24,12,12
9362,Zubro,kazzak,1146,hunter,beastmastery,30,12,18
9363,Ловихимеру,soulflayer,1145,hunter,beastmastery,18,12,6
9364,Лсныйпамп,howling-fjord,1145,hunter,beastmastery,24,12,12
9365,Tempestes,tarren-mill,1144,hunter,beastmastery,57,29,28
9366,Fiftyóne,festung-der-stürme,1144,hunter,beastmastery,30,12,18
9367,Artemisas,draenor,1144,hunter,beastmastery,36,12,24
9368,Geete,kazzak,1141,hunter,beastmastery,18,12,6
9369,Синглшот,blackscar,1141,hunter,beastmastery,24,12,12
9370,Zpy,blackmoore,1137,hunter,beastmastery,18,12,6
9371,Blastarrow,the-maelstrom,1135,hunter,beastmastery,42,13,29
9372,Abovival,ragnaros,1134,hunter,beastmastery,24,12,12
9373,Grrizzly,kazzak,1132,hunter,beastmastery,24,12,12
9374,Джантига,howling-fjord,1128,hunter,beastmastery,24,12,12
9375,Jaky,illidan,1117,hunter,beastmastery,107,59,48
9376,Schnezzler,nerathor,1116,hunter,beastmastery,74,38,36
9377,Tsoutsoukoss,silvermoon,1115,hunter,beastmastery,77,37,40
9378,Karstarkk,sanguino,1115,hunter,beastmastery,47,20,27
9379,Juha,the-maelstrom,1111,hunter,beastmastery,26,13,13
9380,Куфачка,soulflayer,1103,hunter,beastmastery,17,12,5
9381,Cruelsummer,kul-tiras,1100,hunter,beastmastery,48,17,31
9382,Savori,kazzak,1096,hunter,beastmastery,31,18,13
9383,Nieki,eitrigg,1096,hunter,beastmastery,74,28,46
9384,Nerfjuice,silvermoon,1094,hunter,beastmastery,33,18,15
9385,Goonii,bronzebeard,1094,hunter,beastmastery,24,12,12
9386,Pigoen,sporeggar,1092,hunter,beastmastery,71,29,42
9387,Ertestuing,tarren-mill,1090,hunter,beastmastery,30,14,16
9388,Ezelina,lightnings-blade,1089,hunter,beastmastery,36,18,18
9389,Luckyhunty,dalaran,1086,hunter,beastmastery,36,15,21
9390,Brometheus,sylvanas,1083,hunter,beastmastery,41,15,26
9391,Ládysháyà,blackrock,1074,hunter,beastmastery,24,13,11
9392,Spiritshot,baelgun,1066,hunter,beastmastery,34,14,20
9393,Deblaze,aegwynn,1056,hunter,beastmastery,18,11,7
9394,Trapgodxx,archimonde,1056,hunter,beastmastery,24,11,13
9395,Smhx,stormscale,1055,hunter,beastmastery,18,11,7
9396,Thogelle,hyjal,1055,hunter,beastmastery,24,11,13
9397,Хастла,greymane,1055,hunter,beastmastery,24,11,13
9398,Bigdog,eredar,1055,hunter,beastmastery,29,11,18
9399,Ledrox,ravencrest,1054,hunter,beastmastery,18,11,7
9400,Daveq,drakthul,1054,hunter,beastmastery,24,11,13
9401,Spinella,antonidas,1054,hunter,beastmastery,24,11,13
9402,Gorgorm,ravencrest,1054,hunter,beastmastery,24,11,13
9403,Фетсол,soulflayer,1053,hunter,beastmastery,12,11,1
9404,Darllene,kazzak,1051,hunter,beastmastery,30,11,19
9405,Pilogbueferd,silvermoon,1050,hunter,beastmastery,18,11,7
9406,Коблазнх,howling-fjord,1048,hunter,beastmastery,24,11,13
9407,Sourxete,silvermoon,1048,hunter,beastmastery,24,11,13
9408,Дипшот,deathguard,1047,hunter,beastmastery,24,11,13
9409,Halgen,medivh,1043,hunter,beastmastery,35,11,24
9410,Venkox,archimonde,1038,hunter,beastmastery,67,35,32
9411,Yukina,frostmourne,1038,hunter,beastmastery,28,13,15
9412,Bøwjøb,arthas,1038,hunter,beastmastery,24,11,13
9413,Pumukle,madmortem,1035,hunter,beastmastery,34,15,19
9414,Айлиси,soulflayer,1031,hunter,beastmastery,43,11,32
9415,Румлис,gordunni,1029,hunter,beastmastery,29,14,15
9416,Øutkast,silvermoon,1021,hunter,beastmastery,23,13,10
9417,Smegmagol,baelgun,1021,hunter,beastmastery,23,11,12
9418,Dioxis,silvermoon,1021,hunter,beastmastery,60,27,33
9419,Ветиринарша,gordunni,1020,hunter,beastmastery,30,11,19
9420,Grollar,ragnaros,1014,hunter,beastmastery,80,42,38
9421,Altimor,blackmoore,1007,hunter,beastmastery,23,11,12
9422,Soulshoot,khaz-modan,1007,hunter,beastmastery,46,21,25
9423,Винченцо,blackscar,1003,hunter,beastmastery,21,11,10
9424,Shpider,burning-blade,1000,hunter,beastmastery,52,22,30
9425,Feigur,sanguino,999,hunter,beastmastery,47,24,23
9426,Sinux,lordaeron,995,hunter,beastmastery,17,11,6
9427,Arrechus,khaz-modan,992,hunter,beastmastery,74,31,43
9428,Frencharena,the-venture-co,990,hunter,beastmastery,29,11,18
9429,Mykris,aegwynn,989,hunter,beastmastery,41,14,27
9430,Loyalman,blackmoore,985,hunter,beastmastery,16,11,5
9431,Вагар,blackscar,974,hunter,beastmastery,18,12,6
9432,Missmytrap,archimonde,960,hunter,beastmastery,12,10,2
9433,Dathrixjr,ravencrest,960,hunter,beastmastery,12,10,2
9434,Kásúxøxø,ravencrest,960,hunter,beastmastery,16,11,5
9435,Akhtabot,twisting-nether,960,hunter,beastmastery,18,10,8
9436,Lajnus,frostmane,960,hunter,beastmastery,18,10,8
9437,Solò,eredar,960,hunter,beastmastery,18,10,8
9438,Mòzetonq,ravencrest,960,hunter,beastmastery,18,10,8
9439,Zeanort,nordrassil,960,hunter,beastmastery,24,10,14
9440,Jägarn,stormscale,960,hunter,beastmastery,24,10,14
9441,Luzivar,malganis,960,hunter,beastmastery,30,10,20
9442,Thinkerer,silvermoon,959,hunter,beastmastery,18,10,8
9443,Blazeityolo,outland,959,hunter,beastmastery,18,10,8
9444,Spider,zuljin,959,hunter,beastmastery,18,10,8
9445,Lëgølåslõrdx,blackrock,959,hunter,beastmastery,18,10,8
9446,Arakton,drakthul,959,hunter,beastmastery,40,18,22
9447,Djøgi,archimonde,959,hunter,beastmastery,24,10,14
9448,Grabbin,silvermoon,959,hunter,beastmastery,24,10,14
9449,Homesz,blackmoore,958,hunter,beastmastery,18,10,8
9450,Зуланария,howling-fjord,958,hunter,beastmastery,18,10,8
9451,Dragosvis,arathor,958,hunter,beastmastery,18,10,8
9452,Sylariel,die-aldor,958,hunter,beastmastery,18,10,8
9453,Адыгах,blackscar,958,hunter,beastmastery,19,10,9
9454,Shieryu,archimonde,958,hunter,beastmastery,24,10,14
9455,Blainehunts,arathor,958,hunter,beastmastery,36,11,25
9456,Choukzt,archimonde,957,hunter,beastmastery,18,10,8
9457,Toralfmoralf,aegwynn,957,hunter,beastmastery,18,10,8
9458,Хлопс,howling-fjord,956,hunter,beastmastery,18,10,8
9459,Wolfster,kazzak,956,hunter,beastmastery,30,10,20
9460,Berkobaggins,twisting-nether,955,hunter,beastmastery,24,10,14
9461,Herpray,blackmoore,953,hunter,beastmastery,18,10,8
9462,Magarosh,eredar,953,hunter,beastmastery,24,10,14
9463,Darkdexou,defias-brotherhood,951,hunter,beastmastery,18,10,8
9464,Ecalter,dun-modr,951,hunter,beastmastery,18,10,8
9465,Lioness,ahnqiraj,951,hunter,beastmastery,24,10,14
9466,Nidromel,stormscale,951,hunter,beastmastery,78,31,47
9467,Zappikhunter,silvermoon,950,hunter,beastmastery,24,10,14
9468,Nerdhark,hyjal,950,hunter,beastmastery,27,11,16
9469,Cêleste,kaelthas,947,hunter,beastmastery,22,11,11
9470,Lemeric,blackmoore,942,hunter,beastmastery,19,10,9
9471,Безос,soulflayer,942,hunter,beastmastery,24,10,14
9472,Deadlysnîpe,antonidas,941,hunter,beastmastery,16,11,5
9473,Kure,blackrock,938,hunter,beastmastery,55,23,32
9474,Dariatate,eredar,933,hunter,beastmastery,24,10,14
9475,Enanorabioso,minahonda,927,hunter,beastmastery,24,10,14
9476,Paînfull,kazzak,926,hunter,beastmastery,23,10,13
9477,Goliathoz,blackmoore,917,hunter,beastmastery,35,19,16
9478,Stjordal,chamber-of-aspects,917,hunter,beastmastery,63,30,33
9479,Happyrme,thrall,916,hunter,beastmastery,24,12,12
9480,Kronzucker,eredar,914,hunter,beastmastery,36,16,20
9481,Allcollapse,outland,910,hunter,beastmastery,21,11,10
9482,Adram,burning-legion,909,hunter,beastmastery,17,10,7
9483,Mankkis,stormscale,909,hunter,beastmastery,48,14,34
9484,Mehtäsika,xavius,904,hunter,beastmastery,21,10,11
9485,Zoomiesuwu,antonidas,895,hunter,beastmastery,17,10,7
9486,Fizè,blackmoore,894,hunter,beastmastery,17,10,7
9487,Kënshiro,kazzak,893,hunter,beastmastery,20,10,10
9488,Bornum,khaz-modan,892,hunter,beastmastery,31,10,21
9489,Floppybobby,burning-blade,890,hunter,beastmastery,23,10,13
9490,Catmother,grim-batol,886,hunter,beastmastery,20,12,8
9491,Lissudarlin,stormreaver,884,hunter,beastmastery,66,33,33
9492,Eenel,twisting-nether,864,hunter,beastmastery,12,9,3
9493,Lilpancake,kazzak,864,hunter,beastmastery,12,9,3
9494,Kapowz,kazzak,864,hunter,beastmastery,12,9,3
9495,Hispanøxd,sanguino,864,hunter,beastmastery,12,9,3
9496,Painaldeepz,stormscale,864,hunter,beastmastery,18,9,9
9497,Иоссифсталин,soulflayer,864,hunter,beastmastery,18,9,9
9498,Leza,kult-der-verdammten,864,hunter,beastmastery,18,9,9
9499,Negz,eredar,864,hunter,beastmastery,18,9,9
9500,Pussirotta,stormreaver,864,hunter,beastmastery,24,9,15
9501,Kreiden,twisting-nether,864,hunter,beastmastery,24,9,15
9502,Valhnir,sanguino,864,hunter,beastmastery,24,9,15
9503,Downey,azshara,864,hunter,beastmastery,24,9,15
9504,Denkstah,tarren-mill,864,hunter,beastmastery,24,9,15
9505,Bluefluclue,draenor,864,hunter,beastmastery,28,9,19
9506,Nillaxy,blackmoore,863,hunter,beastmastery,18,9,9
9507,Jahunter,aggra-português,863,hunter,beastmastery,18,9,9
9508,Fléxyz,sylvanas,863,hunter,beastmastery,18,9,9
9509,Massimox,draenor,862,hunter,beastmastery,12,9,3
9510,Lokiis,hyjal,862,hunter,beastmastery,12,9,3
9511,Pumbuboo,deathwing,862,hunter,beastmastery,18,9,9
9512,Vyrê,ghostlands,862,hunter,beastmastery,18,9,9
9513,Tsivoula,twisting-nether,861,hunter,beastmastery,12,9,3
9514,Settisetä,defias-brotherhood,861,hunter,beastmastery,18,9,9
9515,Mordhunterx,draenor,861,hunter,beastmastery,18,9,9
9516,Llamp,draenor,859,hunter,beastmastery,24,10,14
9517,Darilli,wildhammer,858,hunter,beastmastery,19,9,10
9518,Halessia,ravencrest,858,hunter,beastmastery,24,9,15
9519,Бруксиан,fordragon,857,hunter,beastmastery,19,9,10
9520,Sika,nozdormu,857,hunter,beastmastery,24,9,15
9521,Nesthor,sinstralis,856,hunter,beastmastery,24,9,15
9522,Ulyash,ysondre,854,hunter,beastmastery,18,9,9
9523,Towu,archimonde,849,hunter,beastmastery,24,9,15
9524,Greenstar,twisting-nether,846,hunter,beastmastery,27,10,17
9525,Vystrelil,drakthul,833,hunter,beastmastery,42,19,23
9526,Гримнар,borean-tundra,831,hunter,beastmastery,17,9,8
9527,Nixxay,antonidas,831,hunter,beastmastery,24,11,13
9528,Enty,blackrock,830,hunter,beastmastery,14,10,4
9529,Deathmarks,blackrock,830,hunter,beastmastery,29,9,20
9530,Sithrom,blackmoore,829,hunter,beastmastery,22,9,13
9531,Võnbødefeld,frostmourne,827,hunter,beastmastery,17,9,8
9532,Ønur,twisting-nether,827,hunter,beastmastery,30,11,19
9533,Пушкабомби,soulflayer,823,hunter,beastmastery,46,19,27
9534,Anoroxx,arthas,815,hunter,beastmastery,17,9,8
9535,Шаурмэ,gordunni,815,hunter,beastmastery,21,9,12
9536,Mirmona,stormscale,799,hunter,beastmastery,22,9,13
9537,Colth,hyjal,799,hunter,beastmastery,29,9,20
9538,Slaghunter,argent-dawn,798,hunter,beastmastery,17,9,8
9539,Grokis,blackhand,782,hunter,beastmastery,67,28,39
9540,Teacee,twisting-nether,773,hunter,beastmastery,20,9,11
9541,Drewsx,ravencrest,768,hunter,beastmastery,12,8,4
9542,Mettämies,twisting-nether,768,hunter,beastmastery,12,8,4
9543,Weoneshot,ravencrest,768,hunter,beastmastery,12,8,4
9544,Laserkamel,aegwynn,768,hunter,beastmastery,12,8,4
9545,Irükandji,chants-éternels,768,hunter,beastmastery,12,8,4
9546,Charleramsey,outland,768,hunter,beastmastery,12,8,4
9547,Трапча,soulflayer,768,hunter,beastmastery,12,8,4
9548,Suffrebobbs,ravencrest,768,hunter,beastmastery,12,8,4
9549,Vilopez,arthas,768,hunter,beastmastery,12,8,4
9550,Spergmeister,argent-dawn,768,hunter,beastmastery,12,8,4
9551,Nivshot,kazzak,768,hunter,beastmastery,12,8,4
9552,Мираклдримз,gordunni,768,hunter,beastmastery,12,8,4
9553,Ebobuss,tarren-mill,768,hunter,beastmastery,12,8,4
9554,Krakenaspect,kazzak,768,hunter,beastmastery,18,8,10
9555,Krâýnn,aegwynn,768,hunter,beastmastery,18,8,10
9556,Appollo,magtheridon,768,hunter,beastmastery,18,8,10
9557,Dispairge,antonidas,768,hunter,beastmastery,18,8,10
9558,Vasco,chogall,768,hunter,beastmastery,18,8,10
9559,Зимняясказка,soulflayer,768,hunter,beastmastery,18,8,10
9560,Ishotharambe,doomhammer,768,hunter,beastmastery,18,8,10
9561,Pewpewstuff,draenor,768,hunter,beastmastery,18,8,10
9562,Mufdii,sylvanas,768,hunter,beastmastery,18,8,10
9563,Guccihuntlol,ravencrest,768,hunter,beastmastery,18,8,10
9564,Vargar,arygos,768,hunter,beastmastery,18,8,10
9565,Nelida,ragnaros,768,hunter,beastmastery,24,8,16
9566,Fridion,argent-dawn,768,hunter,beastmastery,24,8,16
9567,Duïvell,grim-batol,768,hunter,beastmastery,24,8,16
9568,Mogumogu,blackhand,768,hunter,beastmastery,24,8,16
9569,Леоа,howling-fjord,768,hunter,beastmastery,24,8,16
9570,Hugø,twisting-nether,768,hunter,beastmastery,30,8,22
9571,Kestlér,outland,768,hunter,beastmastery,30,8,22
9572,Kuljaa,ravencrest,767,hunter,beastmastery,12,8,4
9573,Awoe,blackrock,767,hunter,beastmastery,12,8,4
9574,Devøurer,blackmoore,767,hunter,beastmastery,12,8,4
9575,Hlynsson,tarren-mill,767,hunter,beastmastery,12,8,4
9576,Huntyadaun,blackrock,767,hunter,beastmastery,12,8,4
9577,Солевойй,gordunni,767,hunter,beastmastery,18,8,10
9578,Gbureczka,burning-legion,767,hunter,beastmastery,18,8,10
9579,Earnzie,outland,767,hunter,beastmastery,18,8,10
9580,Solot,silvermoon,767,hunter,beastmastery,18,8,10
9581,Prodanhunts,frostmane,767,hunter,beastmastery,24,8,16
9582,Шурикцаревич,galakrond,767,hunter,beastmastery,24,8,16
9583,Shinibon,blackmoore,767,hunter,beastmastery,24,8,16
9584,Vassiliadis,bronze-dragonflight,767,hunter,beastmastery,24,8,16
9585,Miracleh,tarren-mill,766,hunter,beastmastery,18,8,10
9586,Rickh,ravencrest,765,hunter,beastmastery,12,8,4
9587,Фаталлити,grom,763,hunter,beastmastery,12,8,4
9588,Laerya,les-clairvoyants,763,hunter,beastmastery,18,8,10
9589,Plong,argent-dawn,761,hunter,beastmastery,12,8,4
9590,Vachekiki,archimonde,759,hunter,beastmastery,12,8,4
9591,Sushimän,kaelthas,751,hunter,beastmastery,12,8,4
9592,Sayn,la-croisade-écarlate,751,hunter,beastmastery,23,8,15
9593,Remiss,sanguino,738,hunter,beastmastery,22,10,12
9594,Ремонтлицаа,gordunni,735,hunter,beastmastery,17,8,9
9595,Marlaska,exodar,732,hunter,beastmastery,18,8,10
9596,Spycke,dalaran,709,hunter,beastmastery,15,9,6
9597,Бей,gordunni,703,hunter,beastmastery,14,8,6
9598,Sélenaé,hyjal,703,hunter,beastmastery,16,8,8
9599,Andjelaa,kazzak,703,hunter,beastmastery,16,8,8
9600,Feyoonx,blackrock,703,hunter,beastmastery,23,9,14
9601,Huntbeard,aegwynn,695,hunter,beastmastery,22,8,14
9602,Utoast,ravencrest,672,hunter,beastmastery,12,7,5
9603,Сашказнаток,azuregos,672,hunter,beastmastery,12,7,5
9604,Найтсол,greymane,672,hunter,beastmastery,12,7,5
9605,Lustor,ravencrest,672,hunter,beastmastery,12,7,5
9606,Drukan,hyjal,672,hunter,beastmastery,12,7,5
9607,Bigramy,sanguino,672,hunter,beastmastery,12,7,5
9608,Knokkelmann,outland,672,hunter,beastmastery,12,7,5
9609,Dåo,doomhammer,672,hunter,beastmastery,12,7,5
9610,Beorind,frostwolf,672,hunter,beastmastery,12,7,5
9611,Potatobeast,twisting-nether,672,hunter,beastmastery,12,7,5
9612,Ufecläimbe,eredar,672,hunter,beastmastery,12,7,5
9613,Fôx,frostmane,672,hunter,beastmastery,12,7,5
9614,Nukenfoobs,draenor,672,hunter,beastmastery,12,7,5
9615,Jèrsèy,draenor,672,hunter,beastmastery,12,7,5
9616,Ulfrîc,exodar,672,hunter,beastmastery,12,7,5
9617,Belaux,archimonde,672,hunter,beastmastery,12,7,5
9618,Ahotnik,aegwynn,672,hunter,beastmastery,12,7,5
9619,Загзигзаг,soulflayer,672,hunter,beastmastery,12,7,5
9620,Подлыйстарик,gordunni,672,hunter,beastmastery,12,7,5
9621,Karuso,ravencrest,672,hunter,beastmastery,12,7,5
9622,Riflur,stormscale,672,hunter,beastmastery,12,7,5
9623,Marcsman,blackrock,672,hunter,beastmastery,12,7,5
9624,Hasáblover,ragnaros,672,hunter,beastmastery,12,7,5
9625,Slejpy,drakthul,672,hunter,beastmastery,12,7,5
9626,Stamzer,drakthul,672,hunter,beastmastery,12,7,5
9627,Kissay,blackmoore,672,hunter,beastmastery,12,7,5
9628,Boybiron,silvermoon,672,hunter,beastmastery,18,7,11
9629,Düivell,grim-batol,672,hunter,beastmastery,18,7,11
9630,Hunterstein,archimonde,672,hunter,beastmastery,18,7,11
9631,Zublime,dragonblight,672,hunter,beastmastery,18,7,11
9632,Svolatch,blackrock,672,hunter,beastmastery,18,7,11
9633,Ромкола,gordunni,672,hunter,beastmastery,18,7,11
9634,Баянист,soulflayer,672,hunter,beastmastery,18,7,11
9635,Gitanìlla,dun-modr,672,hunter,beastmastery,18,7,11
9636,Дьярэ,gordunni,672,hunter,beastmastery,18,7,11
9637,Ansâvage,ravencrest,672,hunter,beastmastery,18,7,11
9638,Lis,gorgonnash,672,hunter,beastmastery,24,7,17
9639,Coltan,nemesis,672,hunter,beastmastery,24,7,17
9640,Chúx,twisting-nether,672,hunter,beastmastery,24,7,17
9641,Setyouintrap,ravencrest,672,hunter,beastmastery,24,7,17
9642,Летмимейт,howling-fjord,672,hunter,beastmastery,26,7,19
9643,Strade,argent-dawn,671,hunter,beastmastery,12,7,5
9644,Кежма,howling-fjord,671,hunter,beastmastery,12,7,5
9645,Døømslayer,nemesis,671,hunter,beastmastery,12,7,5
9646,Mazekhin,khaz-modan,671,hunter,beastmastery,12,7,5
9647,Cxc,dun-modr,671,hunter,beastmastery,12,7,5
9648,Waidø,blackhand,671,hunter,beastmastery,12,7,5
9649,Jaydogg,lightbringer,671,hunter,beastmastery,12,7,5
9650,Lunaunii,argent-dawn,671,hunter,beastmastery,12,7,5
9651,Tomli,nemesis,671,hunter,beastmastery,12,7,5
9652,Бэталол,gordunni,671,hunter,beastmastery,12,7,5
9653,Ashryqt,ravencrest,671,hunter,beastmastery,12,7,5
9654,Doubleoseven,frostmane,671,hunter,beastmastery,12,7,5
9655,Akkonas,antonidas,671,hunter,beastmastery,12,7,5
9656,Dràcula,tarren-mill,671,hunter,beastmastery,18,7,11
9657,Orian,argent-dawn,671,hunter,beastmastery,18,7,11
9658,Блудитролль,soulflayer,671,hunter,beastmastery,18,7,11
9659,Mindgap,pozzo-delleternità,671,hunter,beastmastery,18,7,11
9660,Rifle,dun-morogh,671,hunter,beastmastery,18,7,11
9661,Câonimâ,twisting-nether,671,hunter,beastmastery,18,7,11
9662,Castbuny,drakthul,671,hunter,beastmastery,18,7,11
9663,Wodlenprince,draenor,671,hunter,beastmastery,18,7,11
9664,Жэш,howling-fjord,670,hunter,beastmastery,12,7,5
9665,Casey,zuluhed,669,hunter,beastmastery,18,7,11
9666,Nelerias,defias-brotherhood,669,hunter,beastmastery,24,7,17
9667,Poatan,outland,667,hunter,beastmastery,18,7,11
9668,Rollei,uldum,666,hunter,beastmastery,12,7,5
9669,Aroldo,kazzak,665,hunter,beastmastery,12,7,5
9670,Саэсантессис,howling-fjord,665,hunter,beastmastery,18,7,11
9671,Electrastar,illidan,664,hunter,beastmastery,12,7,5
9672,Rubyblack,archimonde,663,hunter,beastmastery,12,7,5
9673,Сяову,gordunni,643,hunter,beastmastery,30,7,23
9674,Notchan,stormscale,639,hunter,beastmastery,11,7,4
9675,Oife,auchindoun,637,hunter,beastmastery,17,7,10
9676,Zwergnàse,thrall,616,hunter,beastmastery,23,7,16
9677,Michaelvm,ravencrest,576,hunter,beastmastery,6,6,0
9678,Luke,chromaggus,576,hunter,beastmastery,6,6,0
9679,Xraay,stormscale,576,hunter,beastmastery,10,7,3
9680,Autopilot,aegwynn,576,hunter,beastmastery,12,6,6
9681,Paraskámu,twisting-nether,576,hunter,beastmastery,12,6,6
9682,Sallya,kazzak,576,hunter,beastmastery,12,6,6
9683,Rdwlf,draenor,576,hunter,beastmastery,12,6,6
9684,Xenvantoss,silvermoon,576,hunter,beastmastery,12,6,6
9685,Xéraphine,mannoroth,576,hunter,beastmastery,12,6,6
9686,Burbutsuluki,silvermoon,576,hunter,beastmastery,12,6,6
9687,Razoorine,blackrock,576,hunter,beastmastery,12,6,6
9688,Magicnanø,nemesis,576,hunter,beastmastery,12,6,6
9689,Therakal,culte-de-la-rive-noire,576,hunter,beastmastery,12,6,6
9690,Ângell,kirin-tor,576,hunter,beastmastery,12,6,6
9691,Chïefhunt,twisting-nether,576,hunter,beastmastery,12,6,6
9692,Raegal,sanguino,576,hunter,beastmastery,12,6,6
9693,Ausgefuchst,forscherliga,576,hunter,beastmastery,12,6,6
9694,Dtq,silvermoon,576,hunter,beastmastery,12,6,6
9695,Asery,blackmoore,576,hunter,beastmastery,12,6,6
9696,Iuyiuy,dalaran,576,hunter,beastmastery,12,6,6
9697,Vu,shattered-hand,576,hunter,beastmastery,12,6,6
9698,Petitsui,zuljin,576,hunter,beastmastery,12,6,6
9699,Dorkos,sanguino,576,hunter,beastmastery,12,6,6
9700,Holdmypurse,kazzak,576,hunter,beastmastery,12,6,6
9701,Jackjager,ravencrest,576,hunter,beastmastery,12,6,6
9702,Logales,dragonblight,576,hunter,beastmastery,12,6,6
9703,Nagu,antonidas,576,hunter,beastmastery,12,6,6
9704,Metalbaci,sylvanas,576,hunter,beastmastery,12,6,6
9705,Earlygrey,ravencrest,576,hunter,beastmastery,12,6,6
9706,Fogknows,ravencrest,576,hunter,beastmastery,12,6,6
9707,Акройя,gordunni,576,hunter,beastmastery,12,6,6
9708,Стёпкахант,gordunni,576,hunter,beastmastery,12,6,6
9709,Зеленыйиисус,gordunni,576,hunter,beastmastery,12,6,6
9710,Toptìérgoðx,drakthul,576,hunter,beastmastery,12,6,6
9711,Шмыгахант,gordunni,576,hunter,beastmastery,12,6,6
9712,Deathcode,stormscale,576,hunter,beastmastery,12,6,6
9713,Badhunt,stormscale,576,hunter,beastmastery,12,6,6
9714,Беспокойный,soulflayer,576,hunter,beastmastery,12,6,6
9715,Cítyzens,drakthul,576,hunter,beastmastery,12,6,6
9716,Showdope,drakthul,576,hunter,beastmastery,12,6,6
9717,Saymqt,blackrock,576,hunter,beastmastery,15,7,8
9718,Teals,blackrock,576,hunter,beastmastery,15,6,9
9719,Матанал,gordunni,576,hunter,beastmastery,18,6,12
9720,Vhalín,magtheridon,576,hunter,beastmastery,18,6,12
9721,Uselessx,kazzak,576,hunter,beastmastery,18,6,12
9722,Ryxzn,eredar,576,hunter,beastmastery,18,6,12
9723,Wetto,ravencrest,576,hunter,beastmastery,18,6,12
9724,Такувами,gordunni,576,hunter,beastmastery,18,6,12
9725,Cicatrice,kazzak,576,hunter,beastmastery,18,6,12
9726,Azrhu,ravencrest,576,hunter,beastmastery,18,6,12
9727,Suisiide,antonidas,576,hunter,beastmastery,18,6,12
9728,Свадебная,gordunni,576,hunter,beastmastery,18,6,12
9729,Realme,blackrock,576,hunter,beastmastery,18,6,12
9730,Disyö,kazzak,576,hunter,beastmastery,18,6,12
9731,Vescar,argent-dawn,576,hunter,beastmastery,24,6,18
9732,Дзэнмашина,booty-bay,575,hunter,beastmastery,12,6,6
9733,Truedetectiv,aggramar,575,hunter,beastmastery,12,6,6
9734,Krasavcik,shattrath,575,hunter,beastmastery,12,6,6
9735,Cäri,colinas-pardas,575,hunter,beastmastery,12,6,6
9736,Бирмингем,ashenvale,575,hunter,beastmastery,12,6,6
9737,Darkhunt,ysondre,575,hunter,beastmastery,12,6,6
9738,Dirtydolores,thrall,575,hunter,beastmastery,12,6,6
9739,Ommadawn,dun-modr,575,hunter,beastmastery,12,6,6
9740,Gløbi,malfurion,575,hunter,beastmastery,12,6,6
9741,Puska,gilneas,575,hunter,beastmastery,12,6,6
9742,Абунай,soulflayer,575,hunter,beastmastery,12,6,6
9743,Ghanik,draenor,575,hunter,beastmastery,12,6,6
9744,Täpy,arathor,575,hunter,beastmastery,18,6,12
9745,Фузег,deathguard,575,hunter,beastmastery,18,6,12
9746,Tedohunter,ragnaros,574,hunter,beastmastery,12,6,6
9747,Dravara,blackmoore,574,hunter,beastmastery,12,6,6
9748,Kruk,blackhand,574,hunter,beastmastery,12,6,6
9749,Atraxi,aegwynn,574,hunter,beastmastery,18,6,12
9750,Kannon,twisting-nether,574,hunter,beastmastery,18,6,12
9751,Penelopé,darkmoon-faire,573,hunter,beastmastery,12,6,6
9752,Jsâ,blackmoore,571,hunter,beastmastery,12,6,6
9753,Rachelgg,ravencrest,543,hunter,beastmastery,11,6,5
9754,Velites,aggra-português,543,hunter,beastmastery,11,6,5
9755,Dreemshoot,stormscale,542,hunter,beastmastery,11,6,5
9756,Braatski,stormscale,526,hunter,beastmastery,18,7,11
9757,Jinxbomber,draenor,480,hunter,beastmastery,6,5,1
9758,Glizzygobblr,kazzak,480,hunter,beastmastery,6,5,1
9759,Hidethegun,draenor,480,hunter,beastmastery,6,5,1
9760,Reshka,dunemaul,480,hunter,beastmastery,6,5,1
9761,Tigerups,burning-legion,480,hunter,beastmastery,6,5,1
9762,Мунмейстер,blackscar,480,hunter,beastmastery,6,5,1
9763,Simpyani,silvermoon,480,hunter,beastmastery,6,5,1
9764,Wellocérapt,confrérie-du-thorium,480,hunter,beastmastery,6,5,1
9765,Dogliz,stormscale,480,hunter,beastmastery,6,5,1
9766,Тирин,ashenvale,480,hunter,beastmastery,6,5,1
9767,Connyrövöga,draenor,480,hunter,beastmastery,6,5,1
9768,Торая,gordunni,480,hunter,beastmastery,6,5,1
9769,Келен,blackscar,480,hunter,beastmastery,6,5,1
9770,Виралатта,gordunni,480,hunter,beastmastery,6,5,1
9771,Tøkÿöghøül,ravencrest,480,hunter,beastmastery,7,5,2
9772,Survabuse,silvermoon,480,hunter,beastmastery,9,6,3
9773,Speartusk,blackhand,480,hunter,beastmastery,12,5,7
9774,Tiendat,kazzak,480,hunter,beastmastery,12,5,7
9775,Arrowman,burning-legion,480,hunter,beastmastery,12,5,7
9776,Pilpetra,tarren-mill,480,hunter,beastmastery,12,5,7
9777,Lolez,dun-modr,480,hunter,beastmastery,12,5,7
9778,Lsa,kazzak,480,hunter,beastmastery,12,5,7
9779,Kerólus,blackhand,480,hunter,beastmastery,12,5,7
9780,Mdmalol,malganis,480,hunter,beastmastery,12,5,7
9781,Silvos,blackrock,480,hunter,beastmastery,12,5,7
9782,Fotmrerollér,aegwynn,480,hunter,beastmastery,12,5,7
9783,Khort,twisting-nether,480,hunter,beastmastery,12,5,7
9784,Jimbowjones,antonidas,480,hunter,beastmastery,12,5,7
9785,Wèndy,blackrock,480,hunter,beastmastery,12,5,7
9786,Aamön,tarren-mill,480,hunter,beastmastery,12,5,7
9787,Yamadorî,blackrock,480,hunter,beastmastery,12,5,7
9788,Jins,illidan,480,hunter,beastmastery,12,5,7
9789,Джеймсфранко,blackscar,480,hunter,beastmastery,12,5,7
9790,Tracrium,hyjal,480,hunter,beastmastery,12,5,7
9791,Shantala,frostwolf,480,hunter,beastmastery,12,5,7
9792,Dyve,antonidas,480,hunter,beastmastery,12,5,7
9793,Kachaxaa,ravencrest,480,hunter,beastmastery,12,5,7
9794,Келкузд,howling-fjord,480,hunter,beastmastery,12,5,7
9795,Blupo,stormscale,480,hunter,beastmastery,12,5,7
9796,Квит,blackscar,480,hunter,beastmastery,12,5,7
9797,Elvenian,twisting-nether,480,hunter,beastmastery,12,5,7
9798,Waneìs,stormscale,480,hunter,beastmastery,12,5,7
9799,Géeked,ravencrest,480,hunter,beastmastery,12,5,7
9800,Рафлекс,eversong,480,hunter,beastmastery,12,5,7
9801,Китас,soulflayer,480,hunter,beastmastery,12,5,7
9802,Seviaz,draenor,480,hunter,beastmastery,12,5,7
9803,Bubbahubba,ragnaros,480,hunter,beastmastery,12,5,7
9804,Chenony,ravencrest,480,hunter,beastmastery,12,5,7
9805,Vimd,archimonde,480,hunter,beastmastery,12,5,7
9806,Tizzlbang,ragnaros,480,hunter,beastmastery,12,5,7
9807,Naposin,ragnaros,480,hunter,beastmastery,12,5,7
9808,Crasharrow,stormscale,480,hunter,beastmastery,12,5,7
9809,Bubby,burning-legion,480,hunter,beastmastery,16,6,10
9810,Latschodives,malorne,480,hunter,beastmastery,15,5,10
9811,Sillychilly,frostwolf,480,hunter,beastmastery,18,5,13
9812,Chrishyh,blackrock,480,hunter,beastmastery,18,5,13
9813,Begøne,draenor,480,hunter,beastmastery,18,5,13
9814,Rheyl,dun-morogh,480,hunter,beastmastery,24,5,19
9815,Gladiátor,kult-der-verdammten,479,hunter,beastmastery,6,5,1
9816,Djzntrap,outland,479,hunter,beastmastery,12,5,7
9817,Sàclak,ysondre,479,hunter,beastmastery,12,5,7
9818,Boompuf,draenor,479,hunter,beastmastery,12,5,7
9819,Arhyah,medivh,479,hunter,beastmastery,12,5,7
9820,Ivanrockstar,draenor,479,hunter,beastmastery,12,5,7
9821,Straikkeri,draenor,479,hunter,beastmastery,12,5,7
9822,Ninjaskillss,ravencrest,479,hunter,beastmastery,12,5,7
9823,Droubidi,garona,479,hunter,beastmastery,12,5,7
9824,Killzo,sylvanas,479,hunter,beastmastery,12,5,7
9825,Cliff,kiljaeden,479,hunter,beastmastery,24,5,19
9826,Добрыйклыкач,gordunni,478,hunter,beastmastery,12,5,7
9827,Bouboule,elune,477,hunter,beastmastery,6,5,1
9828,Бодрыйсэм,soulflayer,477,hunter,beastmastery,12,5,7
9829,Venõm,pozzo-delleternità,476,hunter,beastmastery,15,7,8
9830,Xyrone,bladefist,476,hunter,beastmastery,12,5,7
9831,Ghostaim,kazzak,475,hunter,beastmastery,10,6,4
9832,Chipok,outland,474,hunter,beastmastery,17,5,12
9833,Ahilleaa,aegwynn,472,hunter,beastmastery,12,5,7
9834,Momohenní,archimonde,448,hunter,beastmastery,10,5,5
9835,Bellecoq,arathi,447,hunter,beastmastery,11,5,6
9836,Såvëâmäzøñíà,stormscale,431,hunter,beastmastery,11,5,6
9837,Angeedau,kazzak,431,hunter,beastmastery,11,5,6
9838,Topbow,talnivarr,415,hunter,beastmastery,10,5,5
9839,Darkshe,dun-modr,415,hunter,beastmastery,14,5,9
9840,Chindaliña,zuljin,384,hunter,beastmastery,6,4,2
9841,Ghõst,frostmane,384,hunter,beastmastery,6,4,2
9842,Nomorepain,outland,384,hunter,beastmastery,6,4,2
9843,Zanéy,ravencrest,384,hunter,beastmastery,6,4,2
9844,Mothmanx,kazzak,384,hunter,beastmastery,6,4,2
9845,Swâân,sanguino,384,hunter,beastmastery,6,4,2
9846,Jaxxoo,outland,384,hunter,beastmastery,6,4,2
9847,Fendros,kazzak,384,hunter,beastmastery,6,4,2
9848,Патапум,deathguard,384,hunter,beastmastery,6,4,2
9849,Celebor,sanguino,384,hunter,beastmastery,6,4,2
9850,Hetzenauer,nathrezim,384,hunter,beastmastery,6,4,2
9851,Mestar,outland,384,hunter,beastmastery,6,4,2
9852,Xndr,sanguino,384,hunter,beastmastery,6,4,2
9853,Robbingyou,tarren-mill,384,hunter,beastmastery,6,4,2
9854,Sejkxi,malganis,384,hunter,beastmastery,6,4,2
9855,Illaice,antonidas,384,hunter,beastmastery,6,4,2
9856,Nulldmgmaker,malganis,384,hunter,beastmastery,6,4,2
9857,Lultrap,nemesis,384,hunter,beastmastery,6,4,2
9858,Jaxteller,archimonde,384,hunter,beastmastery,6,4,2
9859,Разплюханка,howling-fjord,384,hunter,beastmastery,6,4,2
9860,Azzazeal,drakthul,384,hunter,beastmastery,6,4,2
9861,Srvol,dun-modr,384,hunter,beastmastery,6,4,2
9862,Bøøya,aegwynn,384,hunter,beastmastery,6,4,2
9863,Nith,ungoro,384,hunter,beastmastery,6,4,2
9864,Garratha,burning-legion,384,hunter,beastmastery,6,4,2
9865,Вуйчеч,howling-fjord,384,hunter,beastmastery,6,4,2
9866,Кайсго,gordunni,384,hunter,beastmastery,6,4,2
9867,Pufyrella,kilrogg,384,hunter,beastmastery,6,4,2
9868,Weiaw,blackmoore,384,hunter,beastmastery,6,4,2
9869,Khregan,aerie-peak,384,hunter,beastmastery,6,4,2
9870,Varkiza,sylvanas,384,hunter,beastmastery,6,4,2
9871,Слышумертвых,gordunni,384,hunter,beastmastery,6,4,2
9872,Йокуя,blackscar,384,hunter,beastmastery,6,4,2
9873,Kareltje,stormscale,384,hunter,beastmastery,6,4,2
9874,Machinedream,sylvanas,384,hunter,beastmastery,6,4,2
9875,Løløsifredo,ysondre,384,hunter,beastmastery,6,4,2
9876,Hask,pozzo-delleternità,384,hunter,beastmastery,6,4,2
9877,Хантнерюга,gordunni,384,hunter,beastmastery,6,4,2
9878,Нью,soulflayer,384,hunter,beastmastery,6,4,2
9879,Xiviora,archimonde,384,hunter,beastmastery,6,4,2
9880,Komesz,ragnaros,384,hunter,beastmastery,6,4,2
9881,Dregor,nemesis,384,hunter,beastmastery,6,4,2
9882,Thursty,twisting-nether,384,hunter,beastmastery,6,4,2
9883,Nocturr,ragnaros,384,hunter,beastmastery,6,4,2
9884,Хантунец,soulflayer,384,hunter,beastmastery,6,4,2
9885,Djurmästaren,ravencrest,384,hunter,beastmastery,6,4,2
9886,Riema,ragnaros,384,hunter,beastmastery,6,4,2
9887,Grapemint,blackrock,384,hunter,beastmastery,6,4,2
9888,Alexdi,kazzak,384,hunter,beastmastery,6,4,2
9889,Flytomars,ravencrest,384,hunter,beastmastery,6,4,2
9890,Mînérvá,blackhand,384,hunter,beastmastery,6,4,2
9891,Гримкааг,eversong,384,hunter,beastmastery,9,5,4
9892,Healscare,dalaran,384,hunter,beastmastery,10,5,5
9893,Showerhead,silvermoon,384,hunter,beastmastery,8,4,4
9894,Lännennopein,outland,384,hunter,beastmastery,17,6,11
9895,Dissectiøn,hyjal,384,hunter,beastmastery,12,4,8
9896,Tøixøna,tyrande,384,hunter,beastmastery,12,4,8
9897,Saiko,kazzak,384,hunter,beastmastery,12,4,8
9898,Aléxy,sanguino,384,hunter,beastmastery,12,4,8
9899,Дэлмор,greymane,384,hunter,beastmastery,12,4,8
9900,Whatifany,tarren-mill,384,hunter,beastmastery,12,4,8
9901,Dotkor,laughing-skull,384,hunter,beastmastery,12,4,8
9902,Nîco,nathrezim,384,hunter,beastmastery,12,4,8
9903,Navarro,nemesis,384,hunter,beastmastery,12,4,8
9904,Hollyz,auchindoun,384,hunter,beastmastery,12,4,8
9905,Øï,outland,384,hunter,beastmastery,12,4,8
9906,Zippyzen,twisting-nether,384,hunter,beastmastery,12,4,8
9907,Thérón,ravencrest,384,hunter,beastmastery,12,4,8
9908,Zynga,sylvanas,384,hunter,beastmastery,12,4,8
9909,Sjufemman,ravencrest,384,hunter,beastmastery,12,4,8
9910,Лузановка,gordunni,384,hunter,beastmastery,12,4,8
9911,Valomeere,tarren-mill,384,hunter,beastmastery,12,4,8
9912,Вейзу,ashenvale,384,hunter,beastmastery,12,4,8
9913,Neocb,ravencrest,384,hunter,beastmastery,12,4,8
9914,Exwifey,ravencrest,384,hunter,beastmastery,12,4,8
9915,Талигар,razuvious,384,hunter,beastmastery,12,4,8
9916,Horxxa,kul-tiras,384,hunter,beastmastery,12,4,8
9917,Siegbald,ragnaros,384,hunter,beastmastery,12,4,8
9918,Monnee,outland,384,hunter,beastmastery,12,4,8
9919,Nßatrapper,outland,384,hunter,beastmastery,12,4,8
9920,Sharpeneye,ragnaros,384,hunter,beastmastery,12,4,8
9921,Amigoss,argent-dawn,384,hunter,beastmastery,12,4,8
9922,Catman,stormreaver,384,hunter,beastmastery,12,4,8
9923,Pergola,spinebreaker,384,hunter,beastmastery,12,4,8
9924,Хедшоттер,blackscar,384,hunter,beastmastery,18,4,14
9925,Bláckheart,doomhammer,384,hunter,beastmastery,18,4,14
9926,Hunterbeck,ravencrest,384,hunter,beastmastery,18,4,14
9927,Tervueren,burning-blade,384,hunter,beastmastery,18,4,14
9928,Amdonesia,ravencrest,384,hunter,beastmastery,18,4,14
9929,Bemtistaru,draenor,384,hunter,beastmastery,18,4,14
9930,Resonate,stormreaver,383,hunter,beastmastery,6,4,2
9931,Jelezenchuk,outland,383,hunter,beastmastery,6,4,2
9932,Xscaper,twilights-hammer,383,hunter,beastmastery,6,4,2
9933,Leemool,ysondre,383,hunter,beastmastery,12,4,8
9934,Oldrocker,sylvanas,383,hunter,beastmastery,12,4,8
9935,Ridlas,silvermoon,383,hunter,beastmastery,12,4,8
9936,Delazi,proudmoore,383,hunter,beastmastery,12,4,8
9937,Гоу,fordragon,383,hunter,beastmastery,12,4,8
9938,Guanchin,silvermoon,383,hunter,beastmastery,18,4,14
9939,Kikijojo,ravencrest,382,hunter,beastmastery,6,4,2
9940,Zinnady,outland,382,hunter,beastmastery,6,4,2
9941,Beerox,ysondre,382,hunter,beastmastery,12,4,8
9942,Neuwi,stormreaver,382,hunter,beastmastery,12,4,8
9943,Thelasiel,aerie-peak,379,hunter,beastmastery,12,4,8
9944,Wlâd,archimonde,367,hunter,beastmastery,11,4,7
9945,Stingsz,chogall,352,hunter,beastmastery,22,4,18
9946,Valldes,argent-dawn,336,hunter,beastmastery,9,4,5
9947,Harpers,kazzak,336,hunter,beastmastery,15,4,11
9948,Ozunâ,blackmoore,330,hunter,beastmastery,14,5,9
9949,Skyh,outland,330,hunter,beastmastery,16,5,11
9950,Джэромо,gordunni,288,hunter,beastmastery,6,3,3
9951,Traenuss,azuremyst,288,hunter,beastmastery,6,3,3
9952,Микихаса,galakrond,288,hunter,beastmastery,6,3,3
9953,Chasseeur,archimonde,288,hunter,beastmastery,6,3,3
9954,Козладой,gordunni,288,hunter,beastmastery,6,3,3
9955,Kanwfulldmg,stormscale,288,hunter,beastmastery,6,3,3
9956,Blmlooter,stormreaver,288,hunter,beastmastery,6,3,3
9957,Retroxia,stormreaver,288,hunter,beastmastery,6,3,3
9958,Niedzwiedzor,silvermoon,288,hunter,beastmastery,6,3,3
9959,Flugsmälla,kazzak,288,hunter,beastmastery,6,3,3
9960,Assbúrgers,silvermoon,288,hunter,beastmastery,6,3,3
9961,Nosfuratu,stormscale,288,hunter,beastmastery,6,3,3
9962,Thebigboom,outland,288,hunter,beastmastery,6,3,3
9963,Kukenisluken,stormscale,288,hunter,beastmastery,6,3,3
9964,Kragán,silvermoon,288,hunter,beastmastery,6,3,3
9965,Midist,stormscale,288,hunter,beastmastery,6,3,3
9966,Mobshot,twisting-nether,288,hunter,beastmastery,6,3,3
9967,Lioneli,sylvanas,288,hunter,beastmastery,6,3,3
9968,Kondirox,twisting-nether,288,hunter,beastmastery,6,3,3
9969,Ekz,twisting-nether,288,hunter,beastmastery,6,3,3
9970,Cryptomars,twisting-nether,288,hunter,beastmastery,6,3,3
9971,Hallem,karazhan,288,hunter,beastmastery,6,3,3
9972,Daela,elune,288,hunter,beastmastery,6,3,3
9973,Zoophobiaqt,silvermoon,288,hunter,beastmastery,6,3,3
9974,Taurïel,stormscale,288,hunter,beastmastery,6,3,3
9975,Xðxðxðxðxðxð,sylvanas,288,hunter,beastmastery,6,3,3
9976,Живучийорех,gordunni,288,hunter,beastmastery,6,3,3
9977,Artze,outland,288,hunter,beastmastery,6,3,3
9978,Боураш,gordunni,288,hunter,beastmastery,6,3,3
9979,Chillbroo,twisting-nether,288,hunter,beastmastery,6,3,3
9980,Bnji,hyjal,288,hunter,beastmastery,6,3,3
9981,Fedya,kazzak,288,hunter,beastmastery,6,3,3
9982,Мэдраэль,deathguard,288,hunter,beastmastery,6,3,3
9983,Baïonnettex,archimonde,288,hunter,beastmastery,6,3,3
9984,Wödën,argent-dawn,288,hunter,beastmastery,6,3,3
9985,Imonér,frostmane,288,hunter,beastmastery,6,3,3
9986,Mooj,malganis,288,hunter,beastmastery,6,3,3
9987,Yümekø,khaz-modan,288,hunter,beastmastery,6,3,3
9988,Dùmbo,khaz-modan,288,hunter,beastmastery,6,3,3
9989,Рофшор,gordunni,288,hunter,beastmastery,6,3,3
9990,Shedzargo,twisting-nether,288,hunter,beastmastery,6,3,3
9991,Sauce,alonsus,288,hunter,beastmastery,6,3,3
9992,Abonah,khaz-modan,288,hunter,beastmastery,6,3,3
9993,Enthur,sylvanas,288,hunter,beastmastery,6,3,3
9994,Джарвиз,soulflayer,288,hunter,beastmastery,6,3,3
9995,Lûnelle,argent-dawn,288,hunter,beastmastery,6,3,3
9996,Кискавтесте,gordunni,288,hunter,beastmastery,6,3,3
9997,Garfie,tarren-mill,288,hunter,beastmastery,6,3,3
9998,Hattorisama,ghostlands,288,hunter,beastmastery,6,3,3
9999,Демела,gordunni,288,hunter,beastmastery,6,3,3
10000,Yssup,frostmane,288,hunter,beastmastery,6,3,3
10001,Blazeblue,hyjal,288,hunter,beastmastery,6,3,3
10002,Kronkh,nemesis,288,hunter,beastmastery,6,3,3
10003,Наладдчик,howling-fjord,288,hunter,beastmastery,6,3,3
10004,Bugspitz,outland,288,hunter,beastmastery,6,3,3
10005,Scräppÿ,kazzak,288,hunter,beastmastery,6,3,3
10006,Iliíilíiílíl,outland,288,hunter,beastmastery,6,3,3
10007,Шеннокс,howling-fjord,288,hunter,beastmastery,6,3,3
10008,Sakaryali,silvermoon,288,hunter,beastmastery,6,3,3
10009,Оксанчек,howling-fjord,288,hunter,beastmastery,6,3,3
10010,Yoey,tarren-mill,288,hunter,beastmastery,6,3,3
10011,Kxx,kazzak,288,hunter,beastmastery,6,3,3
10012,Доррети,howling-fjord,288,hunter,beastmastery,6,3,3
10013,Valtondre,argent-dawn,288,hunter,beastmastery,6,3,3
10014,Hunterlolz,tarren-mill,288,hunter,beastmastery,6,3,3
10015,Оркос,deathweaver,288,hunter,beastmastery,6,3,3
10016,Сотк,howling-fjord,288,hunter,beastmastery,6,3,3
10017,Arsola,sylvanas,288,hunter,beastmastery,6,3,3
10018,Трапавграунд,howling-fjord,288,hunter,beastmastery,6,3,3
10019,Razuye,nerathor,288,hunter,beastmastery,6,3,3
10020,Скукота,grom,288,hunter,beastmastery,6,3,3
10021,Axran,ravencrest,288,hunter,beastmastery,6,3,3
10022,Bòw,antonidas,288,hunter,beastmastery,6,3,3
10023,Visas,burning-legion,288,hunter,beastmastery,6,3,3
10024,Колтрэйнборз,blackscar,288,hunter,beastmastery,6,3,3
10025,Tràxes,quelthalas,288,hunter,beastmastery,6,3,3
10026,Труласек,blackscar,288,hunter,beastmastery,6,3,3
10027,Nervetøxin,ravencrest,288,hunter,beastmastery,6,3,3
10028,Sebikh,ravencrest,288,hunter,beastmastery,6,3,3
10029,Katzchen,burning-legion,288,hunter,beastmastery,6,3,3
10030,Ipad,cthun,288,hunter,beastmastery,6,3,3
10031,Thekev,ravencrest,288,hunter,beastmastery,6,3,3
10032,Klèo,frostwhisper,288,hunter,beastmastery,6,3,3
10033,Svinrbglol,arygos,288,hunter,beastmastery,6,3,3
10034,Zinco,ravencrest,288,hunter,beastmastery,6,3,3
10035,Будкусломаю,grom,288,hunter,beastmastery,6,3,3
10036,Øßlíck,ysondre,288,hunter,beastmastery,6,3,3
10037,Anhur,blackmoore,288,hunter,beastmastery,6,3,3
10038,Djtrapyasis,blackmoore,288,hunter,beastmastery,6,3,3
10039,Haggy,die-nachtwache,288,hunter,beastmastery,6,3,3
10040,Noréaga,suramar,288,hunter,beastmastery,6,3,3
10041,Dealtqt,ysondre,288,hunter,beastmastery,6,3,3
10042,Beletor,medivh,288,hunter,beastmastery,6,3,3
10043,Darkstripe,turalyon,288,hunter,beastmastery,6,3,3
10044,Beefchops,draenor,288,hunter,beastmastery,6,3,3
10045,Natchell,ysondre,288,hunter,beastmastery,6,3,3
10046,Nestereo,zirkel-des-cenarius,288,hunter,beastmastery,6,3,3
10047,Хантероо,gordunni,288,hunter,beastmastery,8,3,5
10048,Riik,ragnaros,288,hunter,beastmastery,12,3,9
10049,Karên,blackmoore,288,hunter,beastmastery,12,3,9
10050,Фитьфитий,howling-fjord,288,hunter,beastmastery,12,3,9
10051,Ímpulsion,stormscale,288,hunter,beastmastery,12,3,9
10052,Akù,magtheridon,288,hunter,beastmastery,12,3,9
10053,Craná,blackrock,288,hunter,beastmastery,12,3,9
10054,Spirys,drakthul,288,hunter,beastmastery,12,3,9
10055,Coôkie,ysondre,288,hunter,beastmastery,12,3,9
10056,Jellyfat,silvermoon,288,hunter,beastmastery,12,3,9
10057,Rachelzane,blackrock,288,hunter,beastmastery,12,3,9
10058,Jamesbownd,ravencrest,288,hunter,beastmastery,12,3,9
10059,Narziel,die-todeskrallen,288,hunter,beastmastery,12,3,9
10060,Pawder,silvermoon,288,hunter,beastmastery,12,3,9
10061,Headhunterzz,dun-modr,288,hunter,beastmastery,12,3,9
10062,Stuckstepbro,silvermoon,288,hunter,beastmastery,12,3,9
10063,Rrushi,argent-dawn,288,hunter,beastmastery,12,3,9
10064,Jaguarundy,dun-modr,288,hunter,beastmastery,12,3,9
10065,Mârked,argent-dawn,288,hunter,beastmastery,12,3,9
10066,Frikandelli,outland,288,hunter,beastmastery,12,3,9
10067,Bicmax,archimonde,288,hunter,beastmastery,12,3,9
10068,Хансбург,howling-fjord,288,hunter,beastmastery,12,3,9
10069,Pkz,dun-modr,288,hunter,beastmastery,12,3,9
10070,Kayvaal,kaelthas,288,hunter,beastmastery,12,3,9
10071,Phillon,blackrock,288,hunter,beastmastery,12,3,9
10072,Xoarqt,aegwynn,288,hunter,beastmastery,12,3,9
10073,Nerøz,ravencrest,288,hunter,beastmastery,12,3,9
10074,Spakster,blackrock,288,hunter,beastmastery,12,3,9
10075,Orgasmatronn,stormscale,288,hunter,beastmastery,12,3,9
10076,Demónhunter,frostmane,288,hunter,beastmastery,12,3,9
10077,Drakess,daggerspine,288,hunter,beastmastery,12,3,9
10078,Bjarnhild,die-aldor,287,hunter,beastmastery,6,3,3
10079,Ohwagga,pozzo-delleternità,287,hunter,beastmastery,6,3,3
10080,Asca,eldrethalas,287,hunter,beastmastery,12,3,9
10081,Oatmeal,dun-morogh,287,hunter,beastmastery,12,3,9
10082,Voraxh,draenor,287,hunter,beastmastery,12,3,9
10083,Jolox,blackrock,286,hunter,beastmastery,6,3,3
10084,Trapgodz,ragnaros,271,hunter,beastmastery,11,3,8
10085,Lightrandom,kazzak,269,hunter,beastmastery,11,3,8
10086,Moonae,ravencrest,255,hunter,beastmastery,11,3,8
10087,Sarblade,bronze-dragonflight,255,hunter,beastmastery,11,3,8
10088,Shoothim,destromath,254,hunter,beastmastery,8,4,4
10089,Johnblønn,stormscale,240,hunter,beastmastery,9,3,6
10090,Кулерквест,soulflayer,240,hunter,beastmastery,9,3,6
10091,Grufflin,bronzebeard,239,hunter,beastmastery,5,3,2
10092,Barzti,thrall,239,hunter,beastmastery,5,3,2
10093,Bigbababotan,blackrock,234,hunter,beastmastery,9,4,5
10094,Johntoffee,eredar,234,hunter,beastmastery,17,4,13
10095,Shagora,dalaran,223,hunter,beastmastery,8,3,5
10096,Musraah,zuljin,192,hunter,beastmastery,5,3,2
10097,Jarran,karazhan,192,hunter,beastmastery,6,2,4
10098,Shademd,ahnqiraj,192,hunter,beastmastery,6,2,4
10099,Sacroz,frostwhisper,192,hunter,beastmastery,6,2,4
10100,Травок,gordunni,192,hunter,beastmastery,6,2,4
10101,Scatterinc,antonidas,192,hunter,beastmastery,6,2,4
10102,Xeragon,frostwolf,192,hunter,beastmastery,6,2,4
10103,Silencxz,aegwynn,192,hunter,beastmastery,6,2,4
10104,Jayyke,frostmane,192,hunter,beastmastery,6,2,4
10105,Гернриета,gordunni,192,hunter,beastmastery,6,2,4
10106,Инкризшот,gordunni,192,hunter,beastmastery,6,2,4
10107,Kanzlerkohl,frostwolf,192,hunter,beastmastery,6,2,4
10108,Lísy,hyjal,192,hunter,beastmastery,6,2,4
10109,Ренектон,soulflayer,192,hunter,beastmastery,6,2,4
10110,Фэйсконтроль,azuregos,192,hunter,beastmastery,6,2,4
10111,Aughtism,turalyon,192,hunter,beastmastery,6,2,4
10112,Soen,zuljin,192,hunter,beastmastery,6,2,4
10113,Holytrapqt,aegwynn,192,hunter,beastmastery,6,2,4
10114,Sarbacanes,hyjal,192,hunter,beastmastery,6,2,4
10115,Lothram,les-sentinelles,192,hunter,beastmastery,6,2,4
10116,Серцебиение,soulflayer,192,hunter,beastmastery,6,2,4
10117,Deskö,shendralar,192,hunter,beastmastery,6,2,4
10118,Ridbàck,archimonde,192,hunter,beastmastery,6,2,4
10119,Maeba,shendralar,192,hunter,beastmastery,6,2,4
10120,Kirinó,ragnaros,192,hunter,beastmastery,6,2,4
10121,Zulldek,sanguino,192,hunter,beastmastery,6,2,4
10122,Ефрейя,gordunni,192,hunter,beastmastery,6,2,4
10123,Privelle,argent-dawn,192,hunter,beastmastery,6,2,4
10124,Dentaar,draenor,192,hunter,beastmastery,6,2,4
10125,Doraxa,sanguino,192,hunter,beastmastery,6,2,4
10126,Azahunt,kazzak,192,hunter,beastmastery,6,2,4
10127,Erenjaeger,onyxia,192,hunter,beastmastery,6,2,4
10128,Bówyóurfácé,outland,192,hunter,beastmastery,6,2,4
10129,Focùs,eredar,192,hunter,beastmastery,6,2,4
10130,Nikzeubii,archimonde,192,hunter,beastmastery,6,2,4
10131,As,kazzak,192,hunter,beastmastery,6,2,4
10132,Bethenny,draenor,192,hunter,beastmastery,6,2,4
10133,Ancalarion,tarren-mill,192,hunter,beastmastery,6,2,4
10134,Jeskö,tarren-mill,192,hunter,beastmastery,6,2,4
10135,Raztreadör,dun-modr,192,hunter,beastmastery,6,2,4
10136,Lurigalinda,twisting-nether,192,hunter,beastmastery,6,2,4
10137,Feedbackloop,silvermoon,192,hunter,beastmastery,6,2,4
10138,Snarthelg,tarren-mill,192,hunter,beastmastery,6,2,4
10139,Viktorijå,draenor,192,hunter,beastmastery,6,2,4
10140,Samodiva,twisting-nether,192,hunter,beastmastery,6,2,4
10141,Sarganno,archimonde,192,hunter,beastmastery,6,2,4
10142,Wodhunterjr,ravencrest,192,hunter,beastmastery,6,2,4
10143,Avp,sylvanas,192,hunter,beastmastery,6,2,4
10144,Níne,sylvanas,192,hunter,beastmastery,6,2,4
10145,Mugiwaras,eldrethalas,192,hunter,beastmastery,6,2,4
10146,Marzenielas,silvermoon,192,hunter,beastmastery,6,2,4
10147,Dis,twilights-hammer,192,hunter,beastmastery,6,2,4
10148,Willýs,ysondre,192,hunter,beastmastery,6,2,4
10149,Pixxeel,khaz-modan,192,hunter,beastmastery,6,2,4
10150,Arykes,drakthul,192,hunter,beastmastery,6,2,4
10151,Wøden,ysondre,192,hunter,beastmastery,6,2,4
10152,Comegetme,auchindoun,192,hunter,beastmastery,6,2,4
10153,Wülfhart,argent-dawn,192,hunter,beastmastery,6,2,4
10154,Имбакласс,howling-fjord,192,hunter,beastmastery,6,2,4
10155,Lifeiscool,drakthul,192,hunter,beastmastery,6,2,4
10156,Bradunov,sylvanas,192,hunter,beastmastery,6,2,4
10157,Luuszapfae,aegwynn,192,hunter,beastmastery,6,2,4
10158,Legolex,burning-blade,192,hunter,beastmastery,6,2,4
10159,Nómarak,drakthul,192,hunter,beastmastery,6,2,4
10160,Zusale,azshara,192,hunter,beastmastery,6,2,4
10161,Díkembe,aegwynn,192,hunter,beastmastery,6,2,4
10162,Thecorruptor,skullcrusher,192,hunter,beastmastery,6,2,4
10163,Тофуитер,howling-fjord,192,hunter,beastmastery,6,2,4
10164,Droz,blackmoore,192,hunter,beastmastery,6,2,4
10165,Hitray,stormscale,192,hunter,beastmastery,6,2,4
10166,Wildwingsebb,nazjatar,192,hunter,beastmastery,6,2,4
10167,Ataxyjr,ravencrest,192,hunter,beastmastery,6,2,4
10168,Marryme,blackhand,192,hunter,beastmastery,6,2,4
10169,Dragoki,blackmoore,192,hunter,beastmastery,6,2,4
10170,Anghron,minahonda,192,hunter,beastmastery,6,2,4
10171,Gandro,blackmoore,192,hunter,beastmastery,6,2,4
10172,Gunmeister,bronzebeard,192,hunter,beastmastery,6,2,4
10173,Phyllobates,blackrock,192,hunter,beastmastery,6,2,4
10174,Noxin,blackrock,192,hunter,beastmastery,6,2,4
10175,Willzz,ravencrest,192,hunter,beastmastery,6,2,4
10176,Bernhardoder,blackhand,192,hunter,beastmastery,6,2,4
10177,Bobon,stormscale,192,hunter,beastmastery,6,2,4
10178,Ecthelione,the-venture-co,192,hunter,beastmastery,6,2,4
10179,Tillhunt,kargath,192,hunter,beastmastery,6,2,4
10180,Korrekt,stormscale,192,hunter,beastmastery,6,2,4
10181,Sekzpitch,blackmoore,192,hunter,beastmastery,6,2,4
10182,Naid,lordaeron,192,hunter,beastmastery,6,2,4
10183,Dahunter,blackmoore,192,hunter,beastmastery,6,2,4
10184,Tràpz,archimonde,192,hunter,beastmastery,8,2,6
10185,Куджикс,soulflayer,192,hunter,beastmastery,19,4,15
10186,Keinzira,hyjal,192,hunter,beastmastery,10,2,8
10187,Psailaa,azjolnerub,192,hunter,beastmastery,12,2,10
10188,Calesthas,tarren-mill,192,hunter,beastmastery,12,2,10
10189,Biorson,silvermoon,192,hunter,beastmastery,12,2,10
10190,Talmïr,archimonde,192,hunter,beastmastery,12,2,10
10191,Örrn,ragnaros,192,hunter,beastmastery,12,2,10
10192,Elja,laughing-skull,192,hunter,beastmastery,12,2,10
10193,Hêndricks,eredar,192,hunter,beastmastery,12,2,10
10194,Janjal,silvermoon,192,hunter,beastmastery,12,2,10
10195,Кронн,howling-fjord,192,hunter,beastmastery,12,2,10
10196,Schräubchen,antonidas,192,hunter,beastmastery,12,2,10
10197,Slayman,kazzak,192,hunter,beastmastery,18,2,16
10198,Traknard,confrérie-du-thorium,191,hunter,beastmastery,6,2,4
10199,Адула,eversong,191,hunter,beastmastery,6,2,4
10200,Charlet,archimonde,191,hunter,beastmastery,6,2,4
10201,Begehunter,sylvanas,191,hunter,beastmastery,6,2,4
10202,Kizscamander,magtheridon,191,hunter,beastmastery,12,2,10
10203,Guna,aggra-português,159,hunter,beastmastery,5,2,3
10204,Zakos,kirin-tor,159,hunter,beastmastery,5,2,3
10205,Rakmo,blackmoore,159,hunter,beastmastery,5,2,3
10206,Zarlena,tarren-mill,159,hunter,beastmastery,11,2,9
10207,Phinox,sanguino,159,hunter,beastmastery,11,2,9
10208,Åånei,twisting-nether,144,hunter,beastmastery,9,2,7
10209,Deathøfrats,ravencrest,128,hunter,beastmastery,4,2,2
10210,Elnazar,archimonde,128,hunter,beastmastery,4,2,2
10211,Valiriz,blackmoore,96,hunter,beastmastery,6,1,5
10212,Grigur,dalaran,96,hunter,beastmastery,6,1,5
10213,Darkray,dalaran,96,hunter,beastmastery,6,1,5
10214,Anun,magtheridon,96,hunter,beastmastery,6,1,5
10215,Arielowy,doomhammer,96,hunter,beastmastery,6,1,5
10216,Wayland,dalaran,96,hunter,beastmastery,6,1,5
10217,Brønkø,azshara,96,hunter,beastmastery,6,1,5
10218,Dasmusdrückn,antonidas,96,hunter,beastmastery,6,1,5
10219,Badboybørge,draenor,96,hunter,beastmastery,6,1,5
10220,Raggeh,frostwhisper,96,hunter,beastmastery,6,1,5
10221,Nomorex,frostwhisper,96,hunter,beastmastery,6,1,5
10222,Кертион,howling-fjord,96,hunter,beastmastery,6,1,5
10223,Pjållistani,ravencrest,96,hunter,beastmastery,6,1,5
10224,Дочьпескова,gordunni,96,hunter,beastmastery,6,1,5
10225,Блэкстейдж,howling-fjord,96,hunter,beastmastery,6,1,5
10226,Hÿyrøk,ysondre,96,hunter,beastmastery,6,1,5
10227,Huntarbeît,eredar,96,hunter,beastmastery,6,1,5
10228,Jozsiur,ragnaros,96,hunter,beastmastery,6,1,5
10229,Attileus,ragnaros,96,hunter,beastmastery,6,1,5
10230,Евилик,gordunni,96,hunter,beastmastery,6,1,5
10231,Bloodking,madmortem,96,hunter,beastmastery,6,1,5
10232,Bobtroll,twisting-nether,96,hunter,beastmastery,6,1,5
10233,Táráh,proudmoore,96,hunter,beastmastery,6,1,5
10234,Runescimmy,twisting-nether,96,hunter,beastmastery,6,1,5
10235,Bogüen,sanguino,96,hunter,beastmastery,6,1,5
10236,Сочнаятурель,howling-fjord,96,hunter,beastmastery,6,1,5
10237,Gurkans,aggramar,96,hunter,beastmastery,6,1,5
10238,Øô,blackrock,96,hunter,beastmastery,6,1,5
10239,Justchill,ravencrest,96,hunter,beastmastery,6,1,5
10240,Trollohunt,twisting-nether,96,hunter,beastmastery,6,1,5
10241,Zogzøg,draenor,96,hunter,beastmastery,6,1,5
10242,Wórldz,dun-modr,96,hunter,beastmastery,6,1,5
10243,Gramzy,blackmoore,96,hunter,beastmastery,6,1,5
10244,Spineshot,thrall,96,hunter,beastmastery,6,1,5
10245,Sokrám,sanguino,96,hunter,beastmastery,6,1,5
10246,Beastmaster,ragnaros,96,hunter,beastmastery,6,1,5
10247,Ichbringbier,blackrock,96,hunter,beastmastery,6,1,5
10248,Bensoussan,archimonde,96,hunter,beastmastery,6,1,5
10249,Imahuntard,frostmane,96,hunter,beastmastery,6,1,5
10250,Zurzok,blackrock,96,hunter,beastmastery,6,1,5
10251,ßèástymãç,ravencrest,96,hunter,beastmastery,6,1,5
10252,Bloodpanter,ragnaros,96,hunter,beastmastery,6,1,5
10253,Hashaya,hyjal,96,hunter,beastmastery,6,1,5
10254,Буреклык,gordunni,96,hunter,beastmastery,6,1,5
10255,Facepálm,kazzak,96,hunter,beastmastery,6,1,5
10256,Jägerjokke,blackrock,96,hunter,beastmastery,6,1,5
10257,Exorbitant,blackrock,96,hunter,beastmastery,6,1,5
10258,Steez,hyjal,96,hunter,beastmastery,6,1,5
10259,Derhùnethàl,hyjal,96,hunter,beastmastery,6,1,5
10260,Achiles,die-todeskrallen,96,hunter,beastmastery,6,1,5
10261,Weafster,outland,96,hunter,beastmastery,6,1,5
10262,Zugzlug,tarren-mill,96,hunter,beastmastery,6,1,5
10263,Traptard,blackrock,96,hunter,beastmastery,6,1,5
10264,Betarayjinx,kazzak,96,hunter,beastmastery,6,1,5
10265,Hntudwn,azshara,96,hunter,beastmastery,6,1,5
10266,Hõth,kazzak,96,hunter,beastmastery,6,1,5
10267,Bobletty,tarren-mill,96,hunter,beastmastery,6,1,5
10268,Itzcritch,tarren-mill,96,hunter,beastmastery,6,1,5
10269,Crittix,kiljaeden,96,hunter,beastmastery,6,1,5
10270,Hairyplottér,kazzak,96,hunter,beastmastery,6,1,5
10271,Chambiann,tarren-mill,96,hunter,beastmastery,6,1,5
10272,Zergst,nathrezim,96,hunter,beastmastery,6,1,5
10273,Mævis,ravencrest,96,hunter,beastmastery,12,1,11
10274,Críted,blackmoore,96,hunter,beastmastery,12,1,11
10275,Thóorin,ravencrest,96,hunter,beastmastery,12,1,11
10276,Jamaro,dun-modr,96,hunter,beastmastery,12,1,11
10277,Tsyapka,tarren-mill,96,hunter,beastmastery,12,1,11
10278,Milandria,antonidas,96,hunter,beastmastery,18,1,17
10279,Халфен,eversong,79,hunter,beastmastery,5,1,4
10280,Yahamenistos,ysondre,64,hunter,beastmastery,4,1,3
10281,Jaszczomp,magtheridon,64,hunter,beastmastery,4,1,3
10282,Youngjinh,ravencrest,64,hunter,beastmastery,4,1,3
10283,Voldtzeig,dentarg,42,hunter,beastmastery,13,4,9
10284,Liscie,silvermoon,42,hunter,beastmastery,14,2,12
10285,Tunhaa,arthas,16,hunter,beastmastery,1,1,0
10286,Gwaan,outland,9,hunter,beastmastery,6,2,4
10287,Aleç,ravencrest,1932,mage,arcane,60,31,29
10288,Choll,stormscale,1866,mage,arcane,30,20,10
10289,Bebenm,archimonde,1851,mage,arcane,87,41,46
10290,Нефростмаг,gordunni,1843,mage,arcane,114,61,53
10291,Castorcato,kazzak,1841,mage,arcane,60,34,26
10292,Wàneís,ravencrest,1840,mage,arcane,72,37,35
10293,Obbjob,ravencrest,1748,mage,arcane,60,30,30
10294,Фоулли,howling-fjord,1741,mage,arcane,48,25,23
10295,Raíku,ravencrest,1723,mage,arcane,30,18,12
10296,Непутевыймаг,gordunni,1715,mage,arcane,24,23,1
10297,Mercem,stormscale,1711,mage,arcane,30,21,9
10298,Wracrz,argent-dawn,1701,mage,arcane,72,41,31
10299,Covran,stormscale,1697,mage,arcane,53,25,28
10300,Radagulf,outland,1691,mage,arcane,85,43,42
10301,Shirrunn,the-maelstrom,1687,mage,arcane,38,19,19
10302,Frostseeker,tarren-mill,1684,mage,arcane,30,18,12
10303,Persi,dentarg,1684,mage,arcane,156,78,78
10304,Dardíe,ravencrest,1681,mage,arcane,54,31,23
10305,Aleteia,stormscale,1667,mage,arcane,54,23,31
10306,Dárdie,ravencrest,1662,mage,arcane,40,21,19
10307,Sallesauruus,outland,1651,mage,arcane,54,26,28
10308,Шттрвблнкт,soulflayer,1644,mage,arcane,83,41,42
10309,Magijoana,silvermoon,1629,mage,arcane,32,18,14
10310,Sérc,ravencrest,1626,mage,arcane,30,17,13
10311,Orkamor,sylvanas,1622,mage,arcane,42,17,25
10312,Tokerlol,stormscale,1566,mage,arcane,47,27,20
10313,Манкай,fordragon,1564,mage,arcane,111,63,48
10314,Ecovation,tarren-mill,1559,mage,arcane,56,29,27
10315,Alustrasz,skullcrusher,1555,mage,arcane,72,38,34
10316,Lemaroxd,draenor,1550,mage,arcane,29,17,12
10317,Absie,tarren-mill,1520,mage,arcane,54,35,19
10318,Nakamura,outland,1516,mage,arcane,338,169,169
10319,Samirra,stormscale,1485,mage,arcane,60,32,28
10320,Sukalamink,alonsus,1477,mage,arcane,42,22,20
10321,Waterhagx,tarren-mill,1462,mage,arcane,23,16,7
10322,Ekron,sanguino,1457,mage,arcane,182,91,91
10323,Ogarcanefist,outland,1424,mage,arcane,69,35,34
10324,Раканчик,gordunni,1406,mage,arcane,86,42,44
10325,Lusionator,defias-brotherhood,1394,mage,arcane,54,31,23
10326,Portal,scarshield-legion,1386,mage,arcane,30,17,13
10327,Ephreaym,stormscale,1380,mage,arcane,41,15,26
10328,Jhawkwizard,draenor,1379,mage,arcane,109,57,52
10329,Barspin,lightnings-blade,1368,mage,arcane,66,36,30
10330,Másterdukè,silvermoon,1365,mage,arcane,36,15,21
10331,Ðøæø,twisting-nether,1346,mage,arcane,93,46,47
10332,Tnhigh,blackrock,1343,mage,arcane,57,31,26
10333,Проблембойх,gordunni,1343,mage,arcane,30,14,16
10334,Elor,eredar,1331,mage,arcane,33,17,16
10335,Diper,burning-legion,1328,mage,arcane,36,15,21
10336,Манаманна,gordunni,1304,mage,arcane,177,89,88
10337,Nefrendel,kazzak,1299,mage,arcane,68,33,35
10338,Валбериса,deepholm,1298,mage,arcane,60,39,21
10339,Akâri,silvermoon,1293,mage,arcane,42,24,18
10340,Trucy,eredar,1292,mage,arcane,96,41,55
10341,Pradapimp,ravencrest,1286,mage,arcane,32,15,17
10342,Nimdáá,stormscale,1286,mage,arcane,54,24,30
10343,Весиал,deathguard,1282,mage,arcane,42,23,19
10344,Léa,rashgarroth,1275,mage,arcane,36,17,19
10345,Magikere,tarren-mill,1273,mage,arcane,83,48,35
10346,Tokyodes,twisting-nether,1262,mage,arcane,65,29,36
10347,Arkeus,turalyon,1260,mage,arcane,35,22,13
10348,Xiaomofashi,quelthalas,1252,mage,arcane,54,28,26
10349,Meolchum,outland,1237,mage,arcane,45,22,23
10350,Nécrømage,confrérie-du-thorium,1235,mage,arcane,18,13,5
10351,Scaleeth,kazzak,1233,mage,arcane,30,13,17
10352,Rezre,stormscale,1212,mage,arcane,54,28,26
10353,Нормалмап,soulflayer,1210,mage,arcane,36,13,23
10354,Sszz,ravencrest,1197,mage,arcane,84,47,37
10355,Канеллис,howling-fjord,1197,mage,arcane,37,14,23
10356,Ozdewish,hyjal,1187,mage,arcane,103,47,56
10357,Scaless,stormscale,1170,mage,arcane,34,14,20
10358,Demizboub,archimonde,1154,mage,arcane,168,85,83
10359,Cubis,archimonde,1152,mage,arcane,24,12,12
10360,Tiqma,sylvanas,1151,mage,arcane,24,12,12
10361,Сизаам,howling-fjord,1147,mage,arcane,24,12,12
10362,Paradigma,sylvanas,1142,mage,arcane,24,12,12
10363,Hardways,archimonde,1091,mage,arcane,114,47,67
10364,Sulteaxion,garrosh,1085,mage,arcane,24,12,12
10365,Макотшельник,gordunni,1056,mage,arcane,12,11,1
10366,Nïo,ravencrest,1047,mage,arcane,30,11,19
10367,Roulettefar,kazzak,1038,mage,arcane,24,11,13
10368,Noarcane,twisting-nether,999,mage,arcane,42,21,21
10369,Mylord,bronze-dragonflight,993,mage,arcane,53,21,32
10370,Iwannakissu,gorgonnash,992,mage,arcane,29,15,14
10371,Burstology,kazzak,959,mage,arcane,18,10,8
10372,Иссэя,borean-tundra,954,mage,arcane,37,21,16
10373,Zezt,tarren-mill,939,mage,arcane,30,10,20
10374,Frostdeath,medivh,906,mage,arcane,24,10,14
10375,Mannenye,stormscale,899,mage,arcane,30,11,19
10376,Nelfchewer,ravencrest,878,mage,arcane,17,10,7
10377,Вадимодесса,soulflayer,877,mage,arcane,61,28,33
10378,Puni,emerald-dream,864,mage,arcane,12,9,3
10379,Fuhry,tarren-mill,864,mage,arcane,12,9,3
10380,Bullegong,archimonde,863,mage,arcane,18,9,9
10381,Дырявка,galakrond,859,mage,arcane,24,9,15
10382,Kobrass,spinebreaker,855,mage,arcane,30,9,21
10383,Zimbabweborc,burning-legion,768,mage,arcane,12,8,4
10384,Яшабурстх,blackscar,768,mage,arcane,18,8,10
10385,Zehnvonzehn,antonidas,767,mage,arcane,18,8,10
10386,Aeghis,darkspear,765,mage,arcane,18,8,10
10387,Ímnotback,outland,718,mage,arcane,23,8,15
10388,Freshforces,ragnaros,703,mage,arcane,22,8,14
10389,Jengele,argent-dawn,672,mage,arcane,12,7,5
10390,Doryy,silvermoon,672,mage,arcane,12,7,5
10391,Nötmârtònxø,ragnaros,671,mage,arcane,12,7,5
10392,Thorstäin,ragnaros,670,mage,arcane,18,7,11
10393,Fôôxy,aegwynn,668,mage,arcane,12,7,5
10394,Кронни,razuvious,662,mage,arcane,17,7,10
10395,Димаскунфу,howling-fjord,640,mage,arcane,22,7,15
10396,Fearbeäch,ravencrest,623,mage,arcane,11,7,4
10397,Mageé,argent-dawn,621,mage,arcane,17,7,10
10398,Зухвала,howling-fjord,611,mage,arcane,23,7,16
10399,Roughfked,silvermoon,599,mage,arcane,17,8,9
10400,Рбгпотаскуха,gordunni,576,mage,arcane,6,6,0
10401,Pyllymake,kazzak,576,mage,arcane,12,6,6
10402,Tarovan,defias-brotherhood,575,mage,arcane,12,6,6
10403,Spicymash,chogall,575,mage,arcane,12,6,6
10404,Sticlachivas,stormscale,575,mage,arcane,18,6,12
10405,Sarjeta,grim-batol,572,mage,arcane,18,6,12
10406,Сморгонец,gordunni,571,mage,arcane,12,6,6
10407,Banjó,twilights-hammer,480,mage,arcane,6,5,1
10408,Tamtheone,frostwhisper,480,mage,arcane,6,5,1
10409,Alarak,drakthul,480,mage,arcane,12,5,7
10410,Pwntt,terenas,480,mage,arcane,12,5,7
10411,Astrryy,burning-legion,480,mage,arcane,12,5,7
10412,Venchimage,silvermoon,480,mage,arcane,12,5,7
10413,Barryscótt,stormscale,480,mage,arcane,12,5,7
10414,Soulraider,tarren-mill,480,mage,arcane,12,5,7
10415,Vaerén,malganis,480,mage,arcane,12,5,7
10416,Ледянойкекс,gordunni,480,mage,arcane,18,5,13
10417,Mðj,kazzak,480,mage,arcane,18,5,13
10418,Ewina,twisting-nether,479,mage,arcane,6,5,1
10419,Mortlol,chamber-of-aspects,479,mage,arcane,12,5,7
10420,Plor,exodar,478,mage,arcane,14,6,8
10421,Gorn,ravencrest,478,mage,arcane,12,5,7
10422,Папущенный,soulflayer,458,mage,arcane,20,7,13
10423,Apollohouse,ravencrest,384,mage,arcane,6,4,2
10424,Fadi,anachronos,384,mage,arcane,6,4,2
10425,Letsa,stormscale,384,mage,arcane,6,4,2
10426,Мглавечная,azuregos,384,mage,arcane,6,4,2
10427,Yunox,stormscale,384,mage,arcane,6,4,2
10428,Hexmath,tarren-mill,384,mage,arcane,6,4,2
10429,Бигдикмаг,soulflayer,384,mage,arcane,6,4,2
10430,Rizzlybear,outland,384,mage,arcane,6,4,2
10431,Boogeyone,drakthul,384,mage,arcane,12,4,8
10432,Angélique,ragnaros,384,mage,arcane,12,4,8
10433,Cysbb,arathi,384,mage,arcane,12,4,8
10434,Uskomaaginen,ravencrest,384,mage,arcane,12,4,8
10435,Zoot,ravencrest,384,mage,arcane,12,4,8
10436,Uní,emerald-dream,384,mage,arcane,12,4,8
10437,Mäalaka,archimonde,384,mage,arcane,12,4,8
10438,Mupana,nagrand,384,mage,arcane,12,4,8
10439,Säga,the-venture-co,384,mage,arcane,18,4,14
10440,Mikaelà,blackmoore,383,mage,arcane,6,4,2
10441,Дантрий,gordunni,382,mage,arcane,6,4,2
10442,Bigshape,frostwolf,351,mage,arcane,11,4,7
10443,Onlymage,outland,288,mage,arcane,6,3,3
10444,Aristarco,outland,288,mage,arcane,6,3,3
10445,Khoshgele,draenor,288,mage,arcane,6,3,3
10446,Magiwan,silvermoon,288,mage,arcane,6,3,3
10447,Euphorie,twisting-nether,288,mage,arcane,6,3,3
10448,Æskalatîøn,blackmoore,288,mage,arcane,6,3,3
10449,Kyrn,zuljin,288,mage,arcane,6,3,3
10450,Hachiro,onyxia,288,mage,arcane,6,3,3
10451,Brokenlegman,defias-brotherhood,288,mage,arcane,6,3,3
10452,Winterblues,frostmourne,288,mage,arcane,6,3,3
10453,Ovrpwrdxd,kazzak,288,mage,arcane,6,3,3
10454,Gagaj,ravencrest,288,mage,arcane,6,3,3
10455,Choise,stormscale,288,mage,arcane,6,3,3
10456,Auchenax,argent-dawn,288,mage,arcane,6,3,3
10457,Deadtedd,twisting-nether,288,mage,arcane,6,3,3
10458,Даанрен,galakrond,288,mage,arcane,6,3,3
10459,Dcolon,tarren-mill,288,mage,arcane,6,3,3
10460,Serctheone,ravencrest,288,mage,arcane,9,4,5
10461,Хблэйз,howling-fjord,288,mage,arcane,12,3,9
10462,Kudakto,ravencrest,288,mage,arcane,12,3,9
10463,Malshash,outland,287,mage,arcane,6,3,3
10464,Arcadua,sanguino,287,mage,arcane,6,3,3
10465,Neséri,blackmoore,287,mage,arcane,10,3,7
10466,Kasus,sporeggar,286,mage,arcane,6,3,3
10467,Исусина,borean-tundra,286,mage,arcane,6,3,3
10468,Brugg,antonidas,284,mage,arcane,12,3,9
10469,Naween,hyjal,239,mage,arcane,5,3,2
10470,Phyzed,archimonde,192,mage,arcane,6,2,4
10471,Shiranize,aegwynn,192,mage,arcane,6,2,4
10472,Naomypayton,tarren-mill,192,mage,arcane,6,2,4
10473,Superduck,ragnaros,192,mage,arcane,6,2,4
10474,Зерагуд,eversong,192,mage,arcane,6,2,4
10475,Teeclis,twisting-nether,192,mage,arcane,6,2,4
10476,Schøkø,eredar,192,mage,arcane,6,2,4
10477,Галадриелька,gordunni,192,mage,arcane,6,2,4
10478,Ãshs,archimonde,192,mage,arcane,6,2,4
10479,Arimila,sylvanas,192,mage,arcane,6,2,4
10480,Baravar,blackrock,192,mage,arcane,6,2,4
10481,Kbd,outland,192,mage,arcane,6,2,4
10482,Noxkin,stormscale,192,mage,arcane,6,2,4
10483,Versachi,neptulon,192,mage,arcane,6,2,4
10484,Kuhwar,echsenkessel,192,mage,arcane,6,2,4
10485,Ryûblast,archimonde,192,mage,arcane,6,2,4
10486,Nerzzhul,burning-legion,192,mage,arcane,6,2,4
10487,Леракобольд,gordunni,192,mage,arcane,6,2,4
10488,Drinte,blackmoore,192,mage,arcane,6,2,4
10489,Линклер,fordragon,192,mage,arcane,6,2,4
10490,Hruon,ravenholdt,192,mage,arcane,6,2,4
10491,Kold,stormscale,192,mage,arcane,6,2,4
10492,Æones,kult-der-verdammten,192,mage,arcane,12,2,10
10493,Icx,tarren-mill,191,mage,arcane,6,2,4
10494,Veveroiu,defias-brotherhood,191,mage,arcane,6,2,4
10495,Magse,kirin-tor,191,mage,arcane,6,2,4
10496,Jamzymage,emerald-dream,96,mage,arcane,3,2,1
10497,Sorrow,outland,96,mage,arcane,6,1,5
10498,Animaze,argent-dawn,96,mage,arcane,6,1,5
10499,Hólmess,silvermoon,96,mage,arcane,6,1,5
10500,Souldemon,burning-legion,96,mage,arcane,6,1,5
10501,Døomey,ravencrest,96,mage,arcane,6,1,5
10502,Nohbrain,blackmoore,96,mage,arcane,6,1,5
10503,Sidildur,ravencrest,96,mage,arcane,6,1,5
10504,Старкскрим,gordunni,96,mage,arcane,6,1,5
10505,Thelastmage,outland,96,mage,arcane,6,1,5
10506,Moosemæn,stormscale,96,mage,arcane,6,1,5
10507,Мерац,howling-fjord,96,mage,arcane,6,1,5
10508,Azakadabra,ysondre,96,mage,arcane,6,1,5
10509,Seraf,argent-dawn,96,mage,arcane,6,1,5
10510,Magicpowers,silvermoon,96,mage,arcane,12,1,11
10511,Манднесс,azuregos,79,mage,arcane,11,1,10
10512,Thegoodoctor,kazzak,2096,mage,fire,75,41,34
10513,Gelußaßa,ravencrest,2076,mage,fire,77,42,35
10514,Håtsu,ravencrest,2060,mage,fire,78,39,39
10515,Twizzkek,silvermoon,2032,mage,fire,87,43,44
10516,Slôw,kazzak,2029,mage,fire,42,29,13
10517,Ráìkù,ravencrest,2021,mage,fire,60,32,28
10518,Реордиан,gordunni,1975,mage,fire,86,38,48
10519,Яшабурстх,blackscar,1943,mage,fire,72,38,34
10520,Рофкастер,gordunni,1929,mage,fire,113,53,60
10521,Tommy,laughing-skull,1928,mage,fire,60,34,26
10522,Rizzlybear,outland,1918,mage,fire,75,35,40
10523,Laynerz,kazzak,1917,mage,fire,27,21,6
10524,Milkenjoyer,ravencrest,1906,mage,fire,47,30,17
10525,Mssilvy,sylvanas,1900,mage,fire,213,116,97
10526,Шипми,gordunni,1893,mage,fire,90,46,44
10527,Hatsu,kazzak,1884,mage,fire,60,32,28
10528,Uknowhowwedu,aegwynn,1879,mage,fire,36,20,16
10529,Hey,khazgoroth,1857,mage,fire,54,35,19
10530,Uniquenoodle,alakir,1857,mage,fire,72,34,38
10531,Cörnflekz,stormscale,1850,mage,fire,44,28,16
10532,Dardie,ravencrest,1849,mage,fire,48,30,18
10533,Hazewrld,ravencrest,1848,mage,fire,132,62,70
10534,Lotharie,aegwynn,1847,mage,fire,36,23,13
10535,Spelltastíc,blackmoore,1844,mage,fire,54,34,20
10536,Dazz,ravencrest,1841,mage,fire,60,30,30
10537,Libre,stormscale,1837,mage,fire,118,70,48
10538,Wàneís,ravencrest,1831,mage,fire,40,25,15
10539,Archíques,kazzak,1831,mage,fire,46,24,22
10540,Твейзи,blackscar,1823,mage,fire,40,24,16
10541,Evohz,stormscale,1822,mage,fire,66,33,33
10542,Hólmess,silvermoon,1821,mage,fire,84,42,42
10543,Nøw,kazzak,1816,mage,fire,48,29,19
10544,Elmaestró,aegwynn,1815,mage,fire,48,30,18
10545,Bigkent,stormscale,1814,mage,fire,62,27,35
10546,Nihilvm,dalaran,1812,mage,fire,46,26,20
10547,Smlx,outland,1799,mage,fire,54,31,23
10548,Ygø,hyjal,1799,mage,fire,126,60,66
10549,Cesi,silvermoon,1793,mage,fire,36,19,17
10550,Djflashz,archimonde,1779,mage,fire,46,24,22
10551,Reyown,archimonde,1777,mage,fire,54,40,14
10552,Ókamí,ravencrest,1776,mage,fire,115,59,56
10553,Ширм,blackscar,1774,mage,fire,42,22,20
10554,Magethings,kazzak,1763,mage,fire,54,35,19
10555,Jirt,stormscale,1752,mage,fire,53,30,23
10556,Zzpf,silvermoon,1752,mage,fire,60,28,32
10557,Siérra,outland,1751,mage,fire,90,57,33
10558,Dizzy,ahnqiraj,1751,mage,fire,78,35,43
10559,Cienaños,outland,1750,mage,fire,96,54,42
10560,Диссоциация,greymane,1746,mage,fire,42,26,16
10561,Гекомория,fordragon,1736,mage,fire,65,26,39
10562,Isenhour,frostmane,1729,mage,fire,156,76,80
10563,Asterixus,sylvanas,1728,mage,fire,72,44,28
10564,Mágetráiner,ravencrest,1721,mage,fire,36,18,18
10565,Naps,argent-dawn,1713,mage,fire,66,43,23
10566,Petar,tarren-mill,1711,mage,fire,61,36,25
10567,Rekzaop,ravencrest,1700,mage,fire,28,19,9
10568,Dxdxdxdxdx,drakthul,1700,mage,fire,48,26,22
10569,Jumpfanqt,stormscale,1685,mage,fire,30,23,7
10570,Disnay,draenor,1679,mage,fire,237,127,110
10571,Авгурей,howling-fjord,1678,mage,fire,112,54,58
10572,Skrex,blackrock,1677,mage,fire,138,78,60
10573,Spelltastìc,blackmoore,1675,mage,fire,36,18,18
10574,Medivqt,ragnaros,1666,mage,fire,30,23,7
10575,Radiantfury,outland,1662,mage,fire,52,24,28
10576,Isildurone,ragnaros,1648,mage,fire,44,24,20
10577,Itrius,tarren-mill,1647,mage,fire,48,23,25
10578,Magenerfed,archimonde,1637,mage,fire,42,21,21
10579,Ðevlqt,blackmoore,1636,mage,fire,30,22,8
10580,Fuego,sylvanas,1633,mage,fire,57,30,27
10581,Прауз,soulflayer,1633,mage,fire,39,20,19
10582,Sheepmeepbip,ravencrest,1632,mage,fire,81,35,46
10583,Obbjob,ravencrest,1631,mage,fire,72,36,36
10584,Mikefires,blackrock,1630,mage,fire,32,21,11
10585,Ayken,burning-legion,1628,mage,fire,42,26,16
10586,Roxxis,kazzak,1625,mage,fire,30,17,13
10587,Frøstqt,ravencrest,1625,mage,fire,41,19,22
10588,Evovar,silvermoon,1621,mage,fire,40,18,22
10589,Macheat,kazzak,1619,mage,fire,48,25,23
10590,Lilblinks,silvermoon,1609,mage,fire,90,49,41
10591,Elldiamage,draenor,1608,mage,fire,35,21,14
10592,Ênizt,archimonde,1604,mage,fire,33,21,12
10593,Айслэнц,howling-fjord,1602,mage,fire,42,21,21
10594,Frozentwink,kul-tiras,1601,mage,fire,40,21,19
10595,Doonii,ragnaros,1596,mage,fire,47,20,27
10596,Dantiqa,ravencrest,1593,mage,fire,158,81,77
10597,Underscore,outland,1592,mage,fire,35,20,15
10598,Råståfåri,uldum,1589,mage,fire,75,39,36
10599,Whats,korgall,1585,mage,fire,70,39,31
10600,Czd,outland,1574,mage,fire,53,21,32
10601,Gaárá,stormscale,1566,mage,fire,60,29,31
10602,Quentin,grim-batol,1563,mage,fire,42,20,22
10603,Hardtimes,blackhand,1556,mage,fire,74,38,36
10604,Stoychav,outland,1545,mage,fire,78,38,40
10605,Camiina,shattered-hand,1544,mage,fire,78,44,34
10606,Babidi,nemesis,1544,mage,fire,42,23,19
10607,Вовзон,howling-fjord,1540,mage,fire,35,19,16
10608,Ghalanz,ravencrest,1537,mage,fire,83,43,40
10609,Gagaj,ravencrest,1534,mage,fire,42,20,22
10610,Calientay,ragnaros,1533,mage,fire,42,21,21
10611,Фоулли,howling-fjord,1526,mage,fire,30,16,14
10612,Hexmath,tarren-mill,1518,mage,fire,53,30,23
10613,Hil,blackrock,1516,mage,fire,30,19,11
10614,Enandia,darksorrow,1514,mage,fire,63,30,33
10615,Consquens,aszune,1509,mage,fire,24,16,8
10616,Экзорсус,goldrinn,1504,mage,fire,146,73,73
10617,Carinuz,blackmoore,1503,mage,fire,49,22,27
10618,Glïder,archimonde,1482,mage,fire,30,16,14
10619,Insanewizard,kazzak,1480,mage,fire,59,30,29
10620,Lokilus,dalaran,1476,mage,fire,30,20,10
10621,Эстерленс,gordunni,1459,mage,fire,36,25,11
10622,Aikamie,draenor,1456,mage,fire,71,37,34
10623,Htwhy,kazzak,1448,mage,fire,36,16,20
10624,Secretagent,aegwynn,1439,mage,fire,66,37,29
10625,Mäalaka,archimonde,1439,mage,fire,48,26,22
10626,Auchenax,argent-dawn,1429,mage,fire,22,16,6
10627,Shahnoza,thrall,1428,mage,fire,24,15,9
10628,Neird,sinstralis,1428,mage,fire,72,38,34
10629,Plætinum,ravencrest,1427,mage,fire,110,55,55
10630,Fireblood,runetotem,1426,mage,fire,36,15,21
10631,Достижений,soulflayer,1422,mage,fire,42,15,27
10632,Insaneex,aegwynn,1414,mage,fire,30,17,13
10633,Aimaniac,stormscale,1403,mage,fire,107,58,49
10634,Vzrmage,antonidas,1402,mage,fire,108,46,62
10635,Колдрагос,gordunni,1398,mage,fire,42,17,25
10636,Intz,twisting-nether,1397,mage,fire,39,16,23
10637,Gnomag,argent-dawn,1392,mage,fire,78,37,41
10638,Razrkh,ragnaros,1391,mage,fire,66,34,32
10639,Ледянойкекс,gordunni,1390,mage,fire,52,26,26
10640,Skarxaa,sanguino,1390,mage,fire,48,23,25
10641,Rayniß,blackmoore,1389,mage,fire,66,30,36
10642,Дрраго,greymane,1386,mage,fire,93,46,47
10643,Деозар,eversong,1382,mage,fire,102,49,53
10644,Kappotjeplif,ravencrest,1378,mage,fire,90,47,43
10645,Tiltedpapi,ravencrest,1377,mage,fire,41,18,23
10646,Линклер,fordragon,1374,mage,fire,24,15,9
10647,Shizzy,onyxia,1370,mage,fire,45,22,23
10648,Atixx,aegwynn,1369,mage,fire,48,20,28
10649,Triplesevenx,silvermoon,1365,mage,fire,59,27,32
10650,Рифтиг,howling-fjord,1365,mage,fire,61,27,34
10651,Apócalyptic,tarren-mill,1364,mage,fire,105,51,54
10652,Bonto,tarren-mill,1364,mage,fire,48,23,25
10653,Noviina,argent-dawn,1348,mage,fire,31,18,13
10654,Pisini,tarren-mill,1342,mage,fire,30,14,16
10655,Zestrax,kazzak,1339,mage,fire,42,29,13
10656,Нереварин,soulflayer,1338,mage,fire,27,15,12
10657,Ryzea,ravencrest,1338,mage,fire,41,21,20
10658,Bloodycast,archimonde,1338,mage,fire,40,16,24
10659,Reqwyz,ragnaros,1337,mage,fire,32,16,16
10660,Аквамэрис,gordunni,1336,mage,fire,24,14,10
10661,Аквамелис,gordunni,1334,mage,fire,30,14,16
10662,Fenrirson,drakthul,1325,mage,fire,48,28,20
10663,Magicalmig,draenor,1323,mage,fire,126,75,51
10664,Darríck,argent-dawn,1323,mage,fire,41,16,25
10665,Momomagic,silvermoon,1318,mage,fire,64,31,33
10666,Stylaaz,twisting-nether,1317,mage,fire,35,18,17
10667,Аваон,deathguard,1317,mage,fire,124,62,62
10668,Imtrynasheep,kazzak,1311,mage,fire,24,14,10
10669,Gerdâ,chants-éternels,1305,mage,fire,53,29,24
10670,Liendri,aegwynn,1305,mage,fire,30,14,16
10671,Bclaudiu,terokkar,1303,mage,fire,28,15,13
10672,Fiveboyjr,tarren-mill,1302,mage,fire,54,29,25
10673,Bobbasor,defias-brotherhood,1299,mage,fire,45,21,24
10674,Mauvé,blades-edge,1279,mage,fire,43,23,20
10675,Manvo,bloodscalp,1279,mage,fire,42,21,21
10676,Быкуня,gordunni,1276,mage,fire,36,20,16
10677,Dóncójones,blackrock,1276,mage,fire,77,37,40
10678,Tûttifrutti,ravencrest,1274,mage,fire,36,14,22
10679,Вселениум,razuvious,1271,mage,fire,58,31,27
10680,Zéngã,kazzak,1263,mage,fire,31,15,16
10681,Nocturnes,sylvanas,1262,mage,fire,31,14,17
10682,Cinoox,blackrock,1259,mage,fire,78,41,37
10683,Varenca,blackrock,1256,mage,fire,75,35,40
10684,Quiwi,dun-modr,1249,mage,fire,22,16,6
10685,Magmarro,burning-legion,1248,mage,fire,77,36,41
10686,Фрозитв,blackscar,1247,mage,fire,18,13,5
10687,Prácticemàge,archimonde,1246,mage,fire,18,13,5
10688,Fingolfin,amanthul,1246,mage,fire,237,111,126
10689,Yanir,die-arguswacht,1245,mage,fire,24,13,11
10690,Âcryz,blackrock,1242,mage,fire,30,13,17
10691,Zensheep,silvermoon,1235,mage,fire,24,13,11
10692,Pandathis,frostwolf,1233,mage,fire,18,13,5
10693,Elcølgaø,sanguino,1233,mage,fire,30,13,17
10694,Смилер,gordunni,1231,mage,fire,24,13,11
10695,Tokerlol,stormscale,1231,mage,fire,27,13,14
10696,Faunas,kazzak,1230,mage,fire,46,27,19
10697,Goomba,tarren-mill,1227,mage,fire,43,14,29
10698,Warwizz,sanguino,1226,mage,fire,24,13,11
10699,Yshax,malganis,1225,mage,fire,29,13,16
10700,Mëgu,silvermoon,1222,mage,fire,155,76,79
10701,Ràyden,khaz-modan,1219,mage,fire,36,18,18
10702,Nuvx,ravencrest,1212,mage,fire,72,39,33
10703,Romethito,dun-modr,1203,mage,fire,24,17,7
10704,Immortanjoe,thrall,1203,mage,fire,54,24,30
10705,Skylezy,blackrock,1198,mage,fire,23,13,10
10706,Eutkir,silvermoon,1195,mage,fire,31,16,15
10707,Wizmec,silvermoon,1191,mage,fire,72,30,42
10708,Töframaður,draenor,1184,mage,fire,22,13,9
10709,Caesarclown,silvermoon,1181,mage,fire,43,25,18
10710,Dobbite,archimonde,1178,mage,fire,30,21,9
10711,Firedeáth,kazzak,1176,mage,fire,22,13,9
10712,Athenå,dalaran,1176,mage,fire,48,21,27
10713,Blitzo,madmortem,1174,mage,fire,53,29,24
10714,Critr,sylvanas,1155,mage,fire,59,30,29
10715,Nilitar,kazzak,1152,mage,fire,24,12,12
10716,Pyrobomb,sylvanas,1150,mage,fire,18,12,6
10717,Kaki,stormscale,1150,mage,fire,30,16,14
10718,Azulêera,archimonde,1149,mage,fire,24,12,12
10719,Rewq,twisting-nether,1147,mage,fire,18,12,6
10720,Utarii,deathwing,1146,mage,fire,18,12,6
10721,Demensida,ravencrest,1145,mage,fire,28,13,15
10722,Büyübaba,twisting-nether,1145,mage,fire,30,12,18
10723,Elesios,blackmoore,1144,mage,fire,24,12,12
10724,Avakadaver,draenor,1143,mage,fire,24,12,12
10725,Revanov,outland,1142,mage,fire,18,12,6
10726,Texmexguden,tarren-mill,1142,mage,fire,30,12,18
10727,Themagicguy,silvermoon,1140,mage,fire,24,12,12
10728,Lybazinga,frostmane,1118,mage,fire,37,16,21
10729,Fritmckhaine,archimonde,1114,mage,fire,48,27,21
10730,Nezousta,sinstralis,1094,mage,fire,24,12,12
10731,Rapidfrost,drakthul,1092,mage,fire,28,18,10
10732,Gorleg,draenor,1072,mage,fire,47,17,30
10733,Newtwo,ravencrest,1070,mage,fire,25,12,13
10734,Mowns,ravencrest,1056,mage,fire,24,11,13
10735,Твейдей,blackscar,1056,mage,fire,24,11,13
10736,Sleepingfate,stormscale,1055,mage,fire,18,11,7
10737,Anisovsky,archimonde,1055,mage,fire,24,11,13
10738,Emoden,silvermoon,1054,mage,fire,18,11,7
10739,Anshara,stormscale,1052,mage,fire,30,16,14
10740,Aulny,kaelthas,1049,mage,fire,24,11,13
10741,Мозифорест,gordunni,1047,mage,fire,30,11,19
10742,Icx,tarren-mill,1043,mage,fire,63,35,28
10743,Laetitiah,archimonde,1042,mage,fire,26,11,15
10744,Mikaelà,blackmoore,1040,mage,fire,18,11,7
10745,Larah,les-clairvoyants,1038,mage,fire,18,11,7
10746,Hahahehe,aegwynn,1033,mage,fire,24,11,13
10747,Freezeballs,blackmoore,1017,mage,fire,37,12,25
10748,Pablø,blackrock,1014,mage,fire,31,15,16
10749,Cyrîll,malygos,1004,mage,fire,73,36,37
10750,Drunkpunk,kazzak,974,mage,fire,18,11,7
10751,Magijoana,silvermoon,959,mage,fire,36,10,26
10752,Rambau,archimonde,958,mage,fire,18,10,8
10753,Akâri,silvermoon,958,mage,fire,18,10,8
10754,Symera,dun-modr,958,mage,fire,18,10,8
10755,Mejtschazor,twisting-nether,957,mage,fire,18,10,8
10756,Charizard,emerald-dream,956,mage,fire,15,11,4
10757,Arandartis,kazzak,954,mage,fire,18,10,8
10758,Wizarð,archimonde,952,mage,fire,18,10,8
10759,Çana,thrall,952,mage,fire,30,10,20
10760,Leontus,outland,951,mage,fire,12,10,2
10761,Shealá,blackhand,951,mage,fire,24,10,14
10762,Firewitch,blackhand,950,mage,fire,24,10,14
10763,Kuríbo,gorgonnash,944,mage,fire,21,11,10
10764,Дмблдр,soulflayer,943,mage,fire,21,11,10
10765,Sèrum,drakthul,927,mage,fire,23,10,13
10766,Santoz,blackrock,926,mage,fire,58,30,28
10767,Freezandrun,tarren-mill,918,mage,fire,47,21,26
10768,Pyro,daggerspine,904,mage,fire,18,11,7
10769,Magicspark,madmortem,904,mage,fire,74,35,39
10770,Nåzmyz,outland,891,mage,fire,17,10,7
10771,Sagregas,silvermoon,876,mage,fire,65,28,37
10772,Turbomedusa,draenor,864,mage,fire,12,9,3
10773,Dyen,hyjal,864,mage,fire,12,9,3
10774,Magão,frostmane,864,mage,fire,12,9,3
10775,Magerocks,ragnaros,864,mage,fire,12,9,3
10776,Lemaroxd,draenor,864,mage,fire,18,9,9
10777,Spacehoe,stormscale,864,mage,fire,18,9,9
10778,Nùts,archimonde,864,mage,fire,18,9,9
10779,Tagrine,kaelthas,863,mage,fire,12,9,3
10780,Smíte,kazzak,863,mage,fire,12,9,3
10781,Sakuranosuke,twisting-nether,863,mage,fire,18,9,9
10782,Estelliên,burning-legion,863,mage,fire,18,9,9
10783,Steveishigh,tarren-mill,863,mage,fire,19,9,10
10784,Rilac,nordrassil,862,mage,fire,18,9,9
10785,Weedup,zuljin,862,mage,fire,18,9,9
10786,Morphis,talnivarr,862,mage,fire,18,9,9
10787,Silatara,twisting-nether,860,mage,fire,18,9,9
10788,Чоуза,gordunni,858,mage,fire,24,9,15
10789,Løxyy,ysondre,852,mage,fire,26,11,15
10790,Netherstorm,chogall,848,mage,fire,24,10,14
10791,Bigbazzabean,silvermoon,840,mage,fire,36,13,23
10792,Firen,thrall,827,mage,fire,18,9,9
10793,Baxeraa,draenor,824,mage,fire,20,10,10
10794,Takayaki,terokkar,783,mage,fire,19,9,10
10795,Mlodysimba,burning-legion,768,mage,fire,12,8,4
10796,Larmp,outland,768,mage,fire,12,8,4
10797,Fakeklepter,sylvanas,768,mage,fire,12,8,4
10798,Matsuratkø,nemesis,768,mage,fire,12,8,4
10799,Ilikesheep,blackmoore,768,mage,fire,12,8,4
10800,Yésdávé,stormscale,768,mage,fire,12,8,4
10801,Apollohouse,ravencrest,768,mage,fire,12,8,4
10802,Nuj,blackrock,768,mage,fire,12,8,4
10803,Choll,stormscale,768,mage,fire,18,8,10
10804,Незерёб,soulflayer,768,mage,fire,18,8,10
10805,Zelimeth,outland,768,mage,fire,18,8,10
10806,Sanjoop,tarren-mill,768,mage,fire,18,8,10
10807,Zoot,ravencrest,768,mage,fire,24,8,16
10808,Airo,drakthul,768,mage,fire,24,8,16
10809,Mðj,kazzak,768,mage,fire,24,8,16
10810,Алаурс,howling-fjord,767,mage,fire,18,8,10
10811,Witak,ysondre,767,mage,fire,18,8,10
10812,Pluggis,the-maelstrom,767,mage,fire,18,8,10
10813,Mieria,argent-dawn,767,mage,fire,18,8,10
10814,Dynamica,ravencrest,767,mage,fire,18,8,10
10815,Røvso,ragnaros,767,mage,fire,18,8,10
10816,Dauwen,silvermoon,767,mage,fire,18,8,10
10817,Магмагистр,blackscar,767,mage,fire,24,8,16
10818,Takiix,antonidas,766,mage,fire,12,8,4
10819,Versachi,neptulon,766,mage,fire,18,8,10
10820,Exitelol,blackrock,764,mage,fire,18,8,10
10821,Estwald,arathor,763,mage,fire,18,8,10
10822,Wîtchcurse,dentarg,763,mage,fire,24,8,16
10823,Iamslow,sylvanas,762,mage,fire,12,8,4
10824,Вельдрик,soulflayer,762,mage,fire,24,8,16
10825,Majinbo,doomhammer,760,mage,fire,18,8,10
10826,Arcadua,sanguino,758,mage,fire,12,8,4
10827,Фиеран,grom,747,mage,fire,26,10,16
10828,Rasputina,blackrock,744,mage,fire,35,12,23
10829,Kalyypso,arygos,735,mage,fire,16,9,7
10830,Mitchmage,ravencrest,732,mage,fire,17,8,9
10831,Drè,daggerspine,672,mage,fire,12,7,5
10832,Equálity,blackrock,672,mage,fire,12,7,5
10833,Эммилиарда,gordunni,672,mage,fire,12,7,5
10834,Thughunterqt,silvermoon,672,mage,fire,12,7,5
10835,Iconic,eredar,672,mage,fire,12,7,5
10836,Zíru,outland,672,mage,fire,12,7,5
10837,Двинск,soulflayer,672,mage,fire,12,7,5
10838,Anaxtra,guldan,672,mage,fire,18,7,11
10839,Tiáno,drakthul,672,mage,fire,18,7,11
10840,Mangiafuoco,nemesis,672,mage,fire,18,7,11
10841,Arcann,ravencrest,671,mage,fire,12,7,5
10842,Calegos,twisting-nether,671,mage,fire,12,7,5
10843,Spellfaker,drakthul,671,mage,fire,12,7,5
10844,Zaci,argent-dawn,671,mage,fire,12,7,5
10845,Zeklo,frostmane,671,mage,fire,18,7,11
10846,Sadrã,kazzak,671,mage,fire,18,7,11
10847,Camelshaver,tarren-mill,671,mage,fire,18,7,11
10848,Magicuze,argent-dawn,671,mage,fire,18,7,11
10849,Ustafrr,argent-dawn,670,mage,fire,13,7,6
10850,Жгумпель,howling-fjord,670,mage,fire,24,7,17
10851,Magikere,tarren-mill,639,mage,fire,17,7,10
10852,Vulcanx,stormscale,638,mage,fire,17,7,10
10853,Bezelgeuse,pozzo-delleternità,623,mage,fire,17,7,10
10854,Chrismage,argent-dawn,606,mage,fire,20,7,13
10855,Whócárés,dragonmaw,576,mage,fire,6,6,0
10856,Apcg,sylvanas,576,mage,fire,6,6,0
10857,Arcticfury,ravencrest,576,mage,fire,6,6,0
10858,Zimbabweborc,burning-legion,576,mage,fire,12,6,6
10859,Octtmiss,twisting-nether,576,mage,fire,12,6,6
10860,Canceled,kazzak,576,mage,fire,12,6,6
10861,Serctheone,ravencrest,576,mage,fire,12,6,6
10862,Skylez,blackrock,576,mage,fire,12,6,6
10863,Pradapimp,ravencrest,576,mage,fire,12,6,6
10864,Feath,ravencrest,576,mage,fire,12,6,6
10865,Macey,ravencrest,576,mage,fire,12,6,6
10866,Rhodghar,ravencrest,576,mage,fire,12,6,6
10867,Бингчилинг,howling-fjord,576,mage,fire,12,6,6
10868,Säroumäne,archimonde,576,mage,fire,12,6,6
10869,Codeincassie,blackhand,576,mage,fire,12,6,6
10870,Relik,sylvanas,576,mage,fire,18,6,12
10871,Akhali,chamber-of-aspects,575,mage,fire,12,6,6
10872,Sukalamink,alonsus,575,mage,fire,12,6,6
10873,Arhi,silvermoon,575,mage,fire,12,6,6
10874,Saturator,burning-legion,575,mage,fire,18,6,12
10875,Lupuus,anubarak,575,mage,fire,24,6,18
10876,Explosìve,arthas,574,mage,fire,12,6,6
10877,Durdi,silvermoon,574,mage,fire,12,6,6
10878,Nâmiz,blackrock,528,mage,fire,9,6,3
10879,Bzzr,tarren-mill,480,mage,fire,6,5,1
10880,Excuséme,ravencrest,480,mage,fire,6,5,1
10881,Kurtcobain,draenor,480,mage,fire,6,5,1
10882,Yoku,nethersturm,480,mage,fire,6,5,1
10883,Cleancc,blackhand,480,mage,fire,6,5,1
10884,Jíncks,draenor,480,mage,fire,6,5,1
10885,Jél,stormscale,480,mage,fire,6,5,1
10886,Magechonk,kazzak,480,mage,fire,12,5,7
10887,Sheepwithmeh,blackrock,480,mage,fire,12,5,7
10888,Ziscine,tarren-mill,480,mage,fire,12,5,7
10889,Arcandor,tarren-mill,480,mage,fire,12,5,7
10890,Røysi,ravencrest,480,mage,fire,12,5,7
10891,Ахиригиз,gordunni,480,mage,fire,12,5,7
10892,Schøkø,eredar,480,mage,fire,12,5,7
10893,Brokenlegman,defias-brotherhood,480,mage,fire,12,5,7
10894,Проблембойх,gordunni,480,mage,fire,12,5,7
10895,Runbabyrun,hyjal,480,mage,fire,12,5,7
10896,Teeclis,twisting-nether,480,mage,fire,12,5,7
10897,Backped,kazzak,480,mage,fire,18,5,13
10898,Валбериса,deepholm,479,mage,fire,6,5,1
10899,Spispi,burning-legion,479,mage,fire,15,6,9
10900,Нетлель,soulflayer,479,mage,fire,18,5,13
10901,Nohbrain,blackmoore,479,mage,fire,18,5,13
10902,Iceorb,azshara,479,mage,fire,24,5,19
10903,Spader,argent-dawn,478,mage,fire,12,5,7
10904,Skitsó,shadowsong,477,mage,fire,12,5,7
10905,Exorifrigo,dun-modr,477,mage,fire,22,5,17
10906,Eldiablo,dun-modr,476,mage,fire,12,5,7
10907,Draenaya,forscherliga,473,mage,fire,21,6,15
10908,Buuszek,outland,430,mage,fire,11,5,6
10909,Fäust,drakthul,425,mage,fire,28,6,22
10910,Файрусх,deathguard,384,mage,fire,6,4,2
10911,Gidsor,silvermoon,384,mage,fire,6,4,2
10912,Saryotheone,silvermoon,384,mage,fire,6,4,2
10913,Drewna,silvermoon,384,mage,fire,6,4,2
10914,Waterhagx,tarren-mill,384,mage,fire,6,4,2
10915,Naween,hyjal,384,mage,fire,6,4,2
10916,Doryy,silvermoon,384,mage,fire,6,4,2
10917,Blinker,frostwhisper,384,mage,fire,6,4,2
10918,Гандолъер,soulflayer,384,mage,fire,6,4,2
10919,Rotøk,burning-legion,384,mage,fire,6,4,2
10920,Zyreanx,blackrock,384,mage,fire,6,4,2
10921,Gennésïs,darksorrow,384,mage,fire,6,4,2
10922,Pavlé,draenor,384,mage,fire,6,4,2
10923,Mnday,ravencrest,384,mage,fire,6,4,2
10924,Ovrpwrdxd,kazzak,384,mage,fire,6,4,2
10925,Azîlko,frostwolf,384,mage,fire,6,4,2
10926,Wormhole,kazzak,384,mage,fire,6,4,2
10927,Praison,defias-brotherhood,384,mage,fire,6,4,2
10928,Нефростмаг,gordunni,384,mage,fire,6,4,2
10929,Kitchimage,ravencrest,384,mage,fire,6,4,2
10930,Cardioexpert,ravencrest,384,mage,fire,6,4,2
10931,Aarcheon,kazzak,384,mage,fire,12,4,8
10932,Anthrex,drakthul,384,mage,fire,12,4,8
10933,Zuckerzimt,ravencrest,384,mage,fire,12,4,8
10934,Genviedgiclé,arathi,384,mage,fire,12,4,8
10935,Викликс,borean-tundra,384,mage,fire,12,4,8
10936,Popbg,outland,384,mage,fire,12,4,8
10937,Rooven,aegwynn,384,mage,fire,12,4,8
10938,Kazeen,silvermoon,384,mage,fire,12,4,8
10939,Раканчик,gordunni,384,mage,fire,12,4,8
10940,Деорро,gordunni,384,mage,fire,12,4,8
10941,Lusionator,defias-brotherhood,384,mage,fire,18,4,14
10942,Джеззабэль,ashenvale,383,mage,fire,6,4,2
10943,Мэджиксул,grom,383,mage,fire,12,4,8
10944,Lusifera,outland,336,mage,fire,9,4,5
10945,Niivel,ysondre,336,mage,fire,15,4,11
10946,Мэдраша,gordunni,335,mage,fire,17,4,13
10947,Tigerblod,tarren-mill,330,mage,fire,10,5,5
10948,Frøstdream,dun-modr,288,mage,fire,6,3,3
10949,Modrone,ragnaros,288,mage,fire,6,3,3
10950,Maveya,blackmoore,288,mage,fire,6,3,3
10951,Lëyra,ysondre,288,mage,fire,6,3,3
10952,Мэджу,gordunni,288,mage,fire,6,3,3
10953,Fuchso,area-52,288,mage,fire,6,3,3
10954,Fleurdelacur,ravencrest,288,mage,fire,6,3,3
10955,Zøe,aggra-português,288,mage,fire,6,3,3
10956,Feuererdnuss,blackhand,288,mage,fire,6,3,3
10957,Melíssa,silvermoon,288,mage,fire,6,3,3
10958,Росвенд,gordunni,288,mage,fire,6,3,3
10959,Ãzi,ravencrest,288,mage,fire,6,3,3
10960,Driana,dragonmaw,288,mage,fire,6,3,3
10961,Namemage,stormscale,288,mage,fire,6,3,3
10962,Bebenm,archimonde,288,mage,fire,6,3,3
10963,Тудысюдым,eversong,288,mage,fire,6,3,3
10964,Витуз,gordunni,288,mage,fire,6,3,3
10965,Máximus,ravencrest,288,mage,fire,6,3,3
10966,Trowbe,blackmoore,288,mage,fire,6,3,3
10967,Shermî,blackrock,288,mage,fire,6,3,3
10968,Sonybonanza,kazzak,288,mage,fire,6,3,3
10969,Salvadordalí,ravencrest,288,mage,fire,6,3,3
10970,Akrapovic,drakthul,288,mage,fire,6,3,3
10971,Marøjuniõr,draenor,288,mage,fire,6,3,3
10972,Magnobi,sanguino,288,mage,fire,6,3,3
10973,Capphaow,ravencrest,288,mage,fire,6,3,3
10974,Alterwhite,archimonde,288,mage,fire,6,3,3
10975,Funkyfriday,twisting-nether,288,mage,fire,6,3,3
10976,Coachrmp,ravencrest,288,mage,fire,6,3,3
10977,Freeyourmind,kazzak,288,mage,fire,6,3,3
10978,Даатхедра,booty-bay,288,mage,fire,6,3,3
10979,Alyraza,chamber-of-aspects,288,mage,fire,6,3,3
10980,Botstyle,ravencrest,288,mage,fire,6,3,3
10981,Netrinkuet,outland,288,mage,fire,6,3,3
10982,Ørka,stormscale,288,mage,fire,6,3,3
10983,Wankel,blackmoore,288,mage,fire,6,3,3
10984,Meign,eredar,288,mage,fire,6,3,3
10985,Хблэйз,howling-fjord,288,mage,fire,9,4,5
10986,Sokardes,the-maelstrom,288,mage,fire,10,4,6
10987,Колтрэйн,blackscar,288,mage,fire,9,3,6
10988,Kyrn,zuljin,288,mage,fire,10,3,7
10989,Tsubas,blackmoore,288,mage,fire,12,3,9
10990,Frökenfrost,stormscale,288,mage,fire,12,3,9
10991,Urkela,sylvanas,288,mage,fire,12,3,9
10992,Beardmorph,auchindoun,288,mage,fire,12,3,9
10993,Waan,sylvanas,288,mage,fire,12,3,9
10994,Rasaku,argent-dawn,288,mage,fire,12,3,9
10995,Aylan,kazzak,288,mage,fire,12,3,9
10996,Trenpapi,twisting-nether,288,mage,fire,12,3,9
10997,Oblív,ravencrest,288,mage,fire,12,3,9
10998,Rmforever,archimonde,287,mage,fire,6,3,3
10999,Melimar,khaz-modan,287,mage,fire,6,3,3
11000,Worstlove,blackrock,287,mage,fire,8,3,5
11001,Ceanna,argent-dawn,287,mage,fire,12,3,9
11002,Regenn,kazzak,286,mage,fire,6,3,3
11003,Häddës,archimonde,286,mage,fire,6,3,3
11004,Венлич,gordunni,271,mage,fire,9,4,5
11005,Mimicassa,defias-brotherhood,234,mage,fire,10,5,5
11006,Сморгонец,gordunni,222,mage,fire,8,3,5
11007,Worstwòrld,draenor,208,mage,fire,7,3,4
11008,Watchmeclic,archimonde,192,mage,fire,6,2,4
11009,Zerobelow,silvermoon,192,mage,fire,6,2,4
11010,Robowhoore,silvermoon,192,mage,fire,6,2,4
11011,Transformo,draenor,192,mage,fire,6,2,4
11012,Symbiano,twisting-nether,192,mage,fire,6,2,4
11013,Pewwpewwpeww,doomhammer,192,mage,fire,6,2,4
11014,Dnt,twilights-hammer,192,mage,fire,6,2,4
11015,Дэката,grom,192,mage,fire,6,2,4
11016,Elynaé,draenor,192,mage,fire,6,2,4
11017,Mons,the-venture-co,192,mage,fire,6,2,4
11018,Milton,dunemaul,192,mage,fire,6,2,4
11019,Alarak,drakthul,192,mage,fire,6,2,4
11020,Hopewell,aszune,192,mage,fire,6,2,4
11021,Szarbán,ragnaros,192,mage,fire,6,2,4
11022,Айсбоунт,eversong,192,mage,fire,6,2,4
11023,Puracz,defias-brotherhood,192,mage,fire,6,2,4
11024,Malshash,outland,192,mage,fire,6,2,4
11025,Roberx,sanguino,192,mage,fire,6,2,4
11026,Wenndrid,draenor,192,mage,fire,6,2,4
11027,Abêj,malygos,192,mage,fire,6,2,4
11028,Kilféfroid,ysondre,192,mage,fire,6,2,4
11029,Møøk,magtheridon,192,mage,fire,6,2,4
11030,Димаскунфу,howling-fjord,192,mage,fire,6,2,4
11031,Milminmage,ravencrest,192,mage,fire,6,2,4
11032,Vantimere,twisting-nether,192,mage,fire,6,2,4
11033,Eksl,draenor,192,mage,fire,6,2,4
11034,Atzin,sanguino,192,mage,fire,6,2,4
11035,Letitsnow,ravencrest,192,mage,fire,6,2,4
11036,Covran,stormscale,192,mage,fire,6,2,4
11037,Magenox,blackrock,192,mage,fire,6,2,4
11038,Blasic,stormscale,192,mage,fire,6,2,4
11039,Nøw,ravencrest,192,mage,fire,6,2,4
11040,Nötmârtònxø,ragnaros,192,mage,fire,12,2,10
11041,Çatàclysmík,kazzak,192,mage,fire,12,2,10
11042,Kyani,mannoroth,192,mage,fire,12,2,10
11043,Firelight,argent-dawn,192,mage,fire,12,2,10
11044,Mesvef,archimonde,192,mage,fire,12,2,10
11045,Laviathan,die-aldor,191,mage,fire,6,2,4
11046,Veveroiu,defias-brotherhood,191,mage,fire,6,2,4
11047,Nabucor,culte-de-la-rive-noire,190,mage,fire,13,3,10
11048,Wëylin,chogall,128,mage,fire,4,2,2
11049,Ice,sargeras,96,mage,fire,3,2,1
11050,Slashlife,wrathbringer,96,mage,fire,6,1,5
11051,Овеча,gordunni,96,mage,fire,6,1,5
11052,Phenoxi,sylvanas,96,mage,fire,6,1,5
11053,Akadran,blackmoore,96,mage,fire,6,1,5
11054,Mogettemagic,ysondre,96,mage,fire,6,1,5
11055,Миднаит,gordunni,96,mage,fire,6,1,5
11056,Варриморыч,soulflayer,96,mage,fire,6,1,5
11057,Дизордерх,gordunni,96,mage,fire,6,1,5
11058,Infamage,draenor,96,mage,fire,6,1,5
11059,Mexxî,thrall,96,mage,fire,6,1,5
11060,Фантомланс,howling-fjord,96,mage,fire,6,1,5
11061,Alaster,culte-de-la-rive-noire,96,mage,fire,6,1,5
11062,Satheril,argent-dawn,96,mage,fire,6,1,5
11063,Megancox,blackmoore,96,mage,fire,6,1,5
11064,Nodnarb,dragonblight,96,mage,fire,6,1,5
11065,Roey,defias-brotherhood,96,mage,fire,6,1,5
11066,Sylvîe,tarren-mill,96,mage,fire,6,1,5
11067,Ckrax,sanguino,96,mage,fire,6,1,5
11068,Tsungy,twisting-nether,96,mage,fire,6,1,5
11069,Moleester,twisting-nether,96,mage,fire,6,1,5
11070,Пламяорды,soulflayer,96,mage,fire,6,1,5
11071,Radagulf,outland,96,mage,fire,6,1,5
11072,Polÿmorph,stormscale,96,mage,fire,6,1,5
11073,Maybeblood,kazzak,96,mage,fire,6,1,5
11074,Файрус,soulflayer,96,mage,fire,6,1,5
11075,Símple,sylvanas,96,mage,fire,6,1,5
11076,Mallphass,dalaran,96,mage,fire,12,1,11
11077,Shâdozy,blackmoore,89,mage,fire,6,3,3
11078,Incenia,ravencrest,79,mage,fire,5,1,4
11079,Preí,archimonde,42,mage,fire,12,3,9
11080,Озобочений,greymane,31,mage,fire,2,1,1
11081,Ðøæø,twisting-nether,16,mage,fire,1,1,0
11082,Partypower,twisting-nether,2252,mage,frost,129,68,61
11083,Chikounet,archimonde,2188,mage,frost,150,78,72
11084,Tommy,laughing-skull,2144,mage,frost,88,45,43
11085,Ðeejkñ,archimonde,2139,mage,frost,72,45,27
11086,Avizura,kazzak,2134,mage,frost,60,35,25
11087,Serctheone,ravencrest,2105,mage,frost,149,76,73
11088,Dastion,ravencrest,2105,mage,frost,91,45,46
11089,Fakér,ravencrest,2058,mage,frost,184,88,96
11090,Sóz,ravencrest,2033,mage,frost,109,51,58
11091,Laynerz,kazzak,2010,mage,frost,55,31,24
11092,Oseri,defias-brotherhood,2001,mage,frost,131,65,66
11093,Барсуктри,deathguard,1984,mage,frost,60,30,30
11094,Oscarwizyo,ravencrest,1968,mage,frost,77,36,41
11095,Gavno,ravencrest,1955,mage,frost,54,26,28
11096,Efes,dun-modr,1934,mage,frost,58,32,26
11097,Sukmikok,twisting-nether,1926,mage,frost,160,80,80
11098,Nilitar,kazzak,1910,mage,frost,60,24,36
11099,Watchmeclick,archimonde,1909,mage,frost,36,20,16
11100,Auchenax,argent-dawn,1902,mage,frost,131,68,63
11101,Øscarwizyo,ravencrest,1901,mage,frost,54,25,29
11102,Søz,agamaggan,1899,mage,frost,65,31,34
11103,Макотшельник,gordunni,1890,mage,frost,43,29,14
11104,Kurtkiels,draenor,1872,mage,frost,60,29,31
11105,Praison,defias-brotherhood,1863,mage,frost,54,32,22
11106,Kalamaras,quelthalas,1855,mage,frost,44,21,23
11107,Shíróyama,ravencrest,1849,mage,frost,132,77,55
11108,Setyouoncs,ravencrest,1847,mage,frost,54,31,23
11109,Незерёб,soulflayer,1845,mage,frost,66,32,34
11110,Drfeeldgoodd,mazrigos,1843,mage,frost,84,38,46
11111,Aìnz,hyjal,1837,mage,frost,60,27,33
11112,Rekzaop,ravencrest,1835,mage,frost,96,44,52
11113,Exone,sylvanas,1828,mage,frost,66,32,34
11114,Rosady,ragnaros,1826,mage,frost,101,51,50
11115,Lyndsey,dalaran,1826,mage,frost,65,31,34
11116,Laurents,silvermoon,1825,mage,frost,128,86,42
11117,Èverix,ravencrest,1823,mage,frost,106,47,59
11118,Goneforever,draenor,1820,mage,frost,42,27,15
11119,Мэдвэйз,gordunni,1819,mage,frost,48,31,17
11120,Watchmeclic,archimonde,1813,mage,frost,66,29,37
11121,Djdankzter,outland,1812,mage,frost,42,19,23
11122,Zhodusqt,ragnaros,1808,mage,frost,48,24,24
11123,Xmoo,blackrock,1805,mage,frost,48,24,24
11124,Novaco,ravencrest,1805,mage,frost,59,29,30
11125,Baconlance,stormscale,1803,mage,frost,42,23,19
11126,Tellysia,blackmoore,1802,mage,frost,47,26,21
11127,Símple,sylvanas,1802,mage,frost,60,27,33
11128,Kiirin,drakthul,1801,mage,frost,57,34,23
11129,Lidely,kazzak,1800,mage,frost,30,19,11
11130,Zøe,aggra-português,1800,mage,frost,54,34,20
11131,Mgtowforlife,ravencrest,1800,mage,frost,66,35,31
11132,Knometsj,ravencrest,1796,mage,frost,48,26,22
11133,Løwskìll,outland,1795,mage,frost,95,53,42
11134,Darkoftw,ysondre,1791,mage,frost,47,22,25
11135,Ввнд,galakrond,1785,mage,frost,54,22,32
11136,Bombswag,bloodhoof,1776,mage,frost,65,33,32
11137,Медивера,gordunni,1776,mage,frost,54,27,27
11138,Reflexz,thrall,1775,mage,frost,36,21,15
11139,Polÿmorph,stormscale,1774,mage,frost,59,30,29
11140,Ovrpwrdxd,kazzak,1763,mage,frost,24,20,4
11141,Frostgodxqt,ravencrest,1763,mage,frost,82,49,33
11142,Wmp,ravencrest,1763,mage,frost,42,23,19
11143,Henqo,burning-legion,1762,mage,frost,58,25,33
11144,Naynn,archimonde,1760,mage,frost,40,26,14
11145,Jirø,cthun,1760,mage,frost,58,30,28
11146,Shakéx,outland,1758,mage,frost,51,26,25
11147,Sâkuya,blackrock,1756,mage,frost,122,60,62
11148,Crylz,kazzak,1753,mage,frost,47,25,22
11149,Onnÿy,dun-modr,1749,mage,frost,50,25,25
11150,Колинас,soulflayer,1748,mage,frost,101,50,51
11151,Nightfee,eredar,1745,mage,frost,42,21,21
11152,Mlodysimba,burning-legion,1743,mage,frost,52,28,24
11153,Joulz,ravencrest,1738,mage,frost,160,79,81
11154,Sylbris,outland,1736,mage,frost,83,38,45
11155,Zimbabweborc,burning-legion,1733,mage,frost,58,36,22
11156,Gensorèd,darksorrow,1729,mage,frost,63,33,30
11157,Stickiburn,malganis,1729,mage,frost,57,27,30
11158,Neymar,aszune,1725,mage,frost,35,24,11
11159,Blackfirez,ravencrest,1725,mage,frost,30,18,12
11160,Einsmagus,blackrock,1720,mage,frost,42,20,22
11161,Mexxî,thrall,1719,mage,frost,72,37,35
11162,Silverlining,ravencrest,1719,mage,frost,97,48,49
11163,Tánu,quelthalas,1717,mage,frost,66,32,34
11164,Anaxtra,guldan,1714,mage,frost,81,41,40
11165,Lorothar,blackhand,1712,mage,frost,60,24,36
11166,Tagrine,kaelthas,1711,mage,frost,48,24,24
11167,Rambau,archimonde,1711,mage,frost,180,88,92
11168,Shalien,tarren-mill,1704,mage,frost,65,35,30
11169,Soloqtarget,archimonde,1703,mage,frost,98,48,50
11170,Tfmchamp,ravencrest,1698,mage,frost,33,22,11
11171,Ishimura,eredar,1697,mage,frost,54,31,23
11172,Girldalf,silvermoon,1695,mage,frost,131,68,63
11173,Hógwarts,aegwynn,1694,mage,frost,36,23,13
11174,Jaimey,blackhand,1690,mage,frost,161,75,86
11175,Ãshs,archimonde,1690,mage,frost,48,20,28
11176,Alearis,die-aldor,1688,mage,frost,60,32,28
11177,Buddi,burning-blade,1687,mage,frost,275,144,131
11178,Pryt,ragnaros,1686,mage,frost,113,61,52
11179,Алаурс,howling-fjord,1686,mage,frost,42,22,20
11180,Máximus,ravencrest,1685,mage,frost,36,20,16
11181,Swizzy,arathor,1685,mage,frost,64,35,29
11182,Sorrow,outland,1685,mage,frost,42,18,24
11183,Jenggot,ravencrest,1681,mage,frost,35,18,17
11184,Missl,draenor,1680,mage,frost,32,19,13
11185,Excuses,chamber-of-aspects,1679,mage,frost,111,57,54
11186,Vilain,tarren-mill,1678,mage,frost,35,18,17
11187,Raíner,eredar,1675,mage,frost,66,37,29
11188,Zoot,ravencrest,1674,mage,frost,60,22,38
11189,Gossipgirlz,outland,1664,mage,frost,178,85,93
11190,Quinella,ravencrest,1663,mage,frost,84,46,38
11191,Nozarashí,hyjal,1662,mage,frost,40,19,21
11192,Vilenciaga,kazzak,1659,mage,frost,66,35,31
11193,Ironhood,nemesis,1656,mage,frost,30,18,12
11194,Гекомория,fordragon,1654,mage,frost,74,39,35
11195,Bigkent,stormscale,1653,mage,frost,48,22,26
11196,Slobbery,aggramar,1638,mage,frost,38,23,15
11197,Nickg,ravencrest,1636,mage,frost,42,21,21
11198,Magerocks,ragnaros,1635,mage,frost,36,20,16
11199,Sondremage,outland,1635,mage,frost,134,60,74
11200,Äntigood,outland,1633,mage,frost,53,27,26
11201,Xall,silvermoon,1631,mage,frost,36,23,13
11202,Манахк,gordunni,1631,mage,frost,42,19,23
11203,Asiman,eredar,1631,mage,frost,51,22,29
11204,Borêta,blackrock,1630,mage,frost,48,27,21
11205,Sunehx,blackrock,1630,mage,frost,42,22,20
11206,Thesiôu,ravencrest,1629,mage,frost,36,20,16
11207,Bestial,alexstrasza,1627,mage,frost,88,40,48
11208,Ёкай,soulflayer,1623,mage,frost,133,79,54
11209,Glowie,stormreaver,1623,mage,frost,36,20,16
11210,Xenant,ravencrest,1623,mage,frost,42,18,24
11211,Blasty,guldan,1622,mage,frost,57,25,32
11212,Thinamerican,defias-brotherhood,1620,mage,frost,24,18,6
11213,Sykz,hyjal,1617,mage,frost,65,35,30
11214,Afterimage,zuljin,1614,mage,frost,98,47,51
11215,Okayhehexd,dun-morogh,1613,mage,frost,78,46,32
11216,Chazs,kazzak,1613,mage,frost,30,17,13
11217,Cleophe,burning-legion,1611,mage,frost,30,17,13
11218,Xæll,silvermoon,1611,mage,frost,114,61,53
11219,Rihnou,blackmoore,1610,mage,frost,59,27,32
11220,Fireblood,runetotem,1610,mage,frost,48,21,27
11221,Tills,kargath,1606,mage,frost,42,20,22
11222,Jamzymage,emerald-dream,1604,mage,frost,30,17,13
11223,Magethings,kazzak,1603,mage,frost,54,25,29
11224,Bzzr,tarren-mill,1601,mage,frost,54,35,19
11225,Réd,earthen-ring,1601,mage,frost,77,36,41
11226,Emoden,silvermoon,1600,mage,frost,167,81,86
11227,Mecharience,rexxar,1597,mage,frost,33,18,15
11228,Datpolytho,twisting-nether,1596,mage,frost,48,34,14
11229,Ôbsury,hyjal,1588,mage,frost,42,24,18
11230,Sheepthrillz,blackmoore,1578,mage,frost,36,21,15
11231,Ceillech,blackrock,1578,mage,frost,71,36,35
11232,Lo,kilrogg,1578,mage,frost,69,29,40
11233,Óuíja,outland,1576,mage,frost,45,28,17
11234,Esscheppert,blackrock,1576,mage,frost,42,17,25
11235,Мибринк,soulflayer,1575,mage,frost,72,32,40
11236,Petepan,argent-dawn,1570,mage,frost,107,52,55
11237,Ингилейф,howling-fjord,1570,mage,frost,46,18,28
11238,Вендайса,soulflayer,1569,mage,frost,216,127,89
11239,Beaun,tarren-mill,1567,mage,frost,64,36,28
11240,Левелнес,howling-fjord,1567,mage,frost,74,32,42
11241,Elcritadoré,ragnaros,1560,mage,frost,39,20,19
11242,Chareyla,argent-dawn,1558,mage,frost,83,42,41
11243,Gaduz,kazzak,1556,mage,frost,72,31,41
11244,Boomboomciao,nemesis,1555,mage,frost,42,19,23
11245,Dubbleblast,draenor,1553,mage,frost,36,19,17
11246,Voerk,twisting-nether,1552,mage,frost,36,17,19
11247,Ghalanz,ravencrest,1545,mage,frost,60,29,31
11248,Миднаит,gordunni,1545,mage,frost,66,28,38
11249,Бингчилинг,howling-fjord,1543,mage,frost,64,30,34
11250,Демолюшн,soulflayer,1541,mage,frost,53,23,30
11251,Reðemption,dun-modr,1538,mage,frost,23,17,6
11252,Вольняша,azuregos,1534,mage,frost,106,44,62
11253,Alluryeine,draenor,1531,mage,frost,59,34,25
11254,Itzlucky,twisting-nether,1530,mage,frost,129,63,66
11255,Jocelynn,aggramar,1530,mage,frost,36,16,20
11256,Evovar,silvermoon,1530,mage,frost,36,16,20
11257,Tiqma,sylvanas,1528,mage,frost,30,16,14
11258,Фоулли,howling-fjord,1528,mage,frost,34,17,17
11259,Озобочений,greymane,1528,mage,frost,36,17,19
11260,Denaleidi,stormscale,1525,mage,frost,24,17,7
11261,Fullpolly,twisting-nether,1525,mage,frost,36,23,13
11262,Райоми,fordragon,1524,mage,frost,97,47,50
11263,Únna,sanguino,1517,mage,frost,75,42,33
11264,Rankonedeep,kazzak,1516,mage,frost,24,16,8
11265,Phélenia,sargeras,1516,mage,frost,60,30,30
11266,Mupana,nagrand,1516,mage,frost,54,25,29
11267,Helminsterr,archimonde,1511,mage,frost,30,16,14
11268,Ímnotback,outland,1507,mage,frost,133,70,63
11269,Gêrky,drakthul,1507,mage,frost,84,44,40
11270,Iroya,festung-der-stürme,1505,mage,frost,132,63,69
11271,Medara,darkspear,1505,mage,frost,36,16,20
11272,Trowbe,blackmoore,1504,mage,frost,30,16,14
11273,Tromie,archimonde,1503,mage,frost,53,28,25
11274,Dzikk,silvermoon,1502,mage,frost,66,34,32
11275,Comodus,ragnaros,1500,mage,frost,78,37,41
11276,Spellcast,ravencrest,1496,mage,frost,33,18,15
11277,Старкскрим,gordunni,1492,mage,frost,30,16,14
11278,Сосулькина,gordunni,1488,mage,frost,95,50,45
11279,Surlancealot,outland,1488,mage,frost,41,17,24
11280,Sakuranosuke,twisting-nether,1486,mage,frost,30,16,14
11281,Джейнанис,gordunni,1483,mage,frost,30,17,13
11282,Корадо,gordunni,1483,mage,frost,120,54,66
11283,Саваннхмаег,blackscar,1482,mage,frost,33,18,15
11284,Тачмахал,soulflayer,1478,mage,frost,60,31,29
11285,Qqpwn,ragnaros,1477,mage,frost,65,32,33
11286,Магсимум,ashenvale,1476,mage,frost,30,18,12
11287,Hernêise,silvermoon,1476,mage,frost,101,54,47
11288,Octtmiss,twisting-nether,1476,mage,frost,33,17,16
11289,Tàylerdarden,nemesis,1472,mage,frost,47,22,25
11290,Azkarr,stormscale,1470,mage,frost,36,22,14
11291,Tôke,kaelthas,1467,mage,frost,66,38,28
11292,Shainax,dun-modr,1466,mage,frost,88,45,43
11293,Fïttan,stormscale,1464,mage,frost,44,20,24
11294,Arimila,sylvanas,1463,mage,frost,100,44,56
11295,Cheerió,aggramar,1462,mage,frost,219,104,115
11296,Dabka,argent-dawn,1460,mage,frost,62,32,30
11297,Demensida,ravencrest,1459,mage,frost,106,52,54
11298,Novalia,wrathbringer,1458,mage,frost,24,17,7
11299,Walian,burning-blade,1457,mage,frost,30,17,13
11300,Widmage,silvermoon,1457,mage,frost,72,28,44
11301,Hambones,outland,1456,mage,frost,38,16,22
11302,Find,archimonde,1455,mage,frost,56,24,32
11303,Lesoleil,archimonde,1453,mage,frost,30,19,11
11304,Mxrrz,kazzak,1452,mage,frost,116,60,56
11305,Rexør,frostwolf,1449,mage,frost,42,23,19
11306,Dllarky,drakthul,1448,mage,frost,48,24,24
11307,Khivax,twisting-nether,1448,mage,frost,66,27,39
11308,Woorm,sylvanas,1446,mage,frost,76,44,32
11309,Alktraz,outland,1445,mage,frost,48,24,24
11310,Afklow,pozzo-delleternità,1442,mage,frost,39,21,18
11311,Plætinum,ravencrest,1442,mage,frost,114,57,57
11312,Maquiwizz,aggra-português,1442,mage,frost,48,24,24
11313,Sekulicgoga,draenor,1441,mage,frost,201,112,89
11314,Quail,anubarak,1439,mage,frost,51,26,25
11315,Shnitz,stormscale,1436,mage,frost,24,15,9
11316,Фемна,soulflayer,1436,mage,frost,29,18,11
11317,Hayaka,sanguino,1435,mage,frost,59,30,29
11318,Abovè,outland,1434,mage,frost,42,15,27
11319,Alkhazzar,defias-brotherhood,1428,mage,frost,84,37,47
11320,Синийлед,galakrond,1425,mage,frost,60,29,31
11321,Samath,conseil-des-ombres,1421,mage,frost,36,15,21
11322,Absoluteswag,tarren-mill,1416,mage,frost,33,16,17
11323,Hexmath,tarren-mill,1413,mage,frost,30,15,15
11324,Eldariel,ravencrest,1412,mage,frost,59,26,33
11325,Pipihu,silvermoon,1409,mage,frost,54,27,27
11326,Elcølgaø,sanguino,1406,mage,frost,90,39,51
11327,Shüri,kazzak,1404,mage,frost,60,35,25
11328,Shinzel,hyjal,1403,mage,frost,54,24,30
11329,Sixx,aegwynn,1400,mage,frost,41,19,22
11330,Pluribusunum,outland,1398,mage,frost,38,17,21
11331,Кройзис,howling-fjord,1393,mage,frost,60,38,22
11332,Ymirë,khaz-modan,1391,mage,frost,45,20,25
11333,Pizit,ravencrest,1385,mage,frost,72,36,36
11334,Fractox,ysondre,1380,mage,frost,77,42,35
11335,Stillfrostin,blackrock,1378,mage,frost,54,33,21
11336,Iggilaus,blackhand,1378,mage,frost,215,109,106
11337,Icefix,dun-modr,1377,mage,frost,59,29,30
11338,Гатмир,gordunni,1375,mage,frost,107,51,56
11339,Caesarclown,silvermoon,1372,mage,frost,125,63,62
11340,Цепнойпёс,goldrinn,1371,mage,frost,34,17,17
11341,Nimdáá,stormscale,1369,mage,frost,127,68,59
11342,Firehasse,draenor,1368,mage,frost,74,41,33
11343,Bebarz,darksorrow,1365,mage,frost,72,37,35
11344,Игрдлпдров,gordunni,1362,mage,frost,66,32,34
11345,Орижн,howling-fjord,1360,mage,frost,35,20,15
11346,Iulie,kazzak,1358,mage,frost,60,29,31
11347,Akúmã,stormscale,1355,mage,frost,66,35,31
11348,Smöked,tarren-mill,1350,mage,frost,252,128,124
11349,Morphees,twisting-nether,1344,mage,frost,30,19,11
11350,Jíncks,anachronos,1344,mage,frost,24,14,10
11351,Preí,archimonde,1344,mage,frost,37,15,22
11352,Whïm,ysondre,1342,mage,frost,30,14,16
11353,Dmmeforcam,archimonde,1340,mage,frost,26,15,11
11354,Apócalyptic,tarren-mill,1340,mage,frost,64,36,28
11355,Immobilizer,eredar,1339,mage,frost,78,39,39
11356,Animaze,argent-dawn,1335,mage,frost,149,85,64
11357,Spelltastíc,blackmoore,1333,mage,frost,24,14,10
11358,Däpper,ragnaros,1332,mage,frost,36,15,21
11359,Karstnstenzl,blackrock,1331,mage,frost,24,14,10
11360,Elynaé,draenor,1327,mage,frost,30,14,16
11361,Laenadria,argent-dawn,1325,mage,frost,71,28,43
11362,Sused,outland,1321,mage,frost,30,16,14
11363,Alicánte,silvermoon,1320,mage,frost,48,18,30
11364,Гунмаказ,soulflayer,1318,mage,frost,22,16,6
11365,Mdog,stormreaver,1317,mage,frost,68,35,33
11366,Nups,ravencrest,1315,mage,frost,60,24,36
11367,Kaaguraa,ravencrest,1314,mage,frost,72,40,32
11368,Лутиум,howling-fjord,1313,mage,frost,181,100,81
11369,Dyx,nemesis,1313,mage,frost,49,22,27
11370,Søphiâ,thrall,1308,mage,frost,63,33,30
11371,Jedite,die-todeskrallen,1305,mage,frost,87,44,43
11372,Shroomie,eredar,1305,mage,frost,36,16,20
11373,Jackin,burning-legion,1301,mage,frost,54,26,28
11374,Iceterror,ravencrest,1300,mage,frost,24,15,9
11375,Psychosiss,kazzak,1298,mage,frost,49,27,22
11376,Scaleeth,kazzak,1297,mage,frost,34,14,20
11377,Abolf,twisting-nether,1288,mage,frost,30,16,14
11378,Velâska,malganis,1280,mage,frost,39,22,17
11379,Asteria,twisting-nether,1280,mage,frost,42,17,25
11380,Faycia,blackhand,1279,mage,frost,42,18,24
11381,Destruct,doomhammer,1277,mage,frost,30,18,12
11382,Cinoox,blackrock,1275,mage,frost,28,14,14
11383,Leafløver,ravencrest,1267,mage,frost,29,14,15
11384,Katarapower,silvermoon,1267,mage,frost,132,59,73
11385,Дырявка,galakrond,1263,mage,frost,54,23,31
11386,Braxxorz,chamber-of-aspects,1261,mage,frost,36,24,12
11387,Corpusqq,eredar,1261,mage,frost,36,15,21
11388,Gacosane,chamber-of-aspects,1261,mage,frost,36,15,21
11389,Lovësosa,hyjal,1260,mage,frost,41,20,21
11390,Homellander,silvermoon,1258,mage,frost,64,32,32
11391,Shivah,onyxia,1250,mage,frost,46,17,29
11392,Гаразлик,howling-fjord,1249,mage,frost,42,16,26
11393,Pezi,outland,1248,mage,frost,26,14,12
11394,Pwntt,terenas,1248,mage,frost,39,15,24
11395,Emerlyn,ragnaros,1246,mage,frost,24,13,11
11396,Bengé,ragnaros,1245,mage,frost,22,14,8
11397,Dènzx,ravencrest,1244,mage,frost,18,13,5
11398,Мэтаскрим,soulflayer,1244,mage,frost,36,13,23
11399,Nebbur,dun-modr,1243,mage,frost,30,13,17
11400,Oiklo,eitrigg,1243,mage,frost,49,19,30
11401,Manafuzz,outland,1242,mage,frost,24,13,11
11402,Xânârchy,minahonda,1242,mage,frost,72,33,39
11403,Melíssa,silvermoon,1240,mage,frost,18,13,5
11404,Crackheads,hyjal,1239,mage,frost,36,14,22
11405,Titanshao,silvermoon,1237,mage,frost,24,16,8
11406,Дарнивил,gordunni,1236,mage,frost,114,51,63
11407,Пиньон,borean-tundra,1235,mage,frost,18,13,5
11408,Iceorb,azshara,1227,mage,frost,30,13,17
11409,Boredpeon,burning-legion,1225,mage,frost,48,25,23
11410,Seelengott,onyxia,1221,mage,frost,127,63,64
11411,Misscandy,doomhammer,1219,mage,frost,66,31,35
11412,Хблэйз,howling-fjord,1218,mage,frost,24,13,11
11413,Suidas,auchindoun,1217,mage,frost,66,28,38
11414,Pyroden,stormscale,1216,mage,frost,30,14,16
11415,Scaless,stormscale,1209,mage,frost,58,28,30
11416,Smõóve,hyjal,1208,mage,frost,24,13,11
11417,Хируэль,gordunni,1208,mage,frost,30,14,16
11418,Tarkún,dun-modr,1206,mage,frost,30,17,13
11419,Silvariy,stormscale,1204,mage,frost,100,48,52
11420,Zevúlòs,ravencrest,1202,mage,frost,42,28,14
11421,Iceym,ravencrest,1201,mage,frost,35,15,20
11422,Rektd,blackhand,1200,mage,frost,51,20,31
11423,Tradez,norgannon,1197,mage,frost,36,13,23
11424,Айсбоунт,eversong,1193,mage,frost,43,25,18
11425,Сибиди,gordunni,1185,mage,frost,24,13,11
11426,Vathalis,zuluhed,1183,mage,frost,53,19,34
11427,Fleurdelacur,ravencrest,1182,mage,frost,57,29,28
11428,Teuboku,ysondre,1180,mage,frost,25,15,10
11429,Морозящий,howling-fjord,1176,mage,frost,36,20,16
11430,Oathkeepper,silvermoon,1172,mage,frost,112,55,57
11431,Magitron,wildhammer,1170,mage,frost,17,13,4
11432,Zvuta,sanguino,1166,mage,frost,18,14,4
11433,Саназэр,soulflayer,1163,mage,frost,42,20,22
11434,Вескнам,lich-king,1162,mage,frost,42,14,28
11435,Bossgb,twisting-nether,1160,mage,frost,27,15,12
11436,Baravar,blackrock,1155,mage,frost,35,14,21
11437,Gliffy,terokkar,1152,mage,frost,37,22,15
11438,Charliezard,argent-dawn,1152,mage,frost,24,12,12
11439,Noxkin,stormscale,1151,mage,frost,24,12,12
11440,Amicuta,ravencrest,1150,mage,frost,48,24,24
11441,Axhole,darksorrow,1150,mage,frost,24,12,12
11442,Koreanbbq,outland,1148,mage,frost,30,12,18
11443,Anamalhoa,aggra-português,1147,mage,frost,30,15,15
11444,Sukky,todeswache,1146,mage,frost,24,12,12
11445,Ayoubz,outland,1145,mage,frost,24,12,12
11446,Kippercarry,outland,1144,mage,frost,24,12,12
11447,Zionw,frostwolf,1142,mage,frost,24,12,12
11448,Qulinx,kazzak,1142,mage,frost,29,13,16
11449,Айсвеном,gordunni,1142,mage,frost,30,13,17
11450,Latiny,destromath,1135,mage,frost,47,21,26
11451,Zoubaz,archimonde,1132,mage,frost,25,12,13
11452,Iamslow,sylvanas,1130,mage,frost,18,12,6
11453,Вельдрик,soulflayer,1127,mage,frost,85,41,44
11454,Jodiefroster,bronzebeard,1121,mage,frost,30,16,14
11455,Килавый,eversong,1119,mage,frost,18,15,3
11456,Lifemagic,chamber-of-aspects,1118,mage,frost,81,43,38
11457,Saphiregos,dalaran,1113,mage,frost,66,32,34
11458,Snowrain,chogall,1108,mage,frost,35,20,15
11459,Луциаз,gordunni,1102,mage,frost,35,21,14
11460,Pinkis,darkmoon-faire,1098,mage,frost,22,13,9
11461,Zaruna,arathor,1094,mage,frost,27,13,14
11462,Pruneau,hyjal,1094,mage,frost,30,12,18
11463,Momotemp,emerald-dream,1089,mage,frost,74,35,39
11464,Goeb,kazzak,1083,mage,frost,35,14,21
11465,Niivel,ysondre,1082,mage,frost,120,68,52
11466,Qtiepatootie,silvermoon,1077,mage,frost,85,48,37
11467,Aelire,die-aldor,1077,mage,frost,33,12,21
11468,Zwölfte,outland,1076,mage,frost,52,26,26
11469,Schtenen,silvermoon,1075,mage,frost,116,53,63
11470,Дедамаг,eversong,1064,mage,frost,36,18,18
11471,Tacto,ravencrest,1061,mage,frost,94,44,50
11472,Лемозяра,gordunni,1056,mage,frost,12,11,1
11473,Dastion,sylvanas,1056,mage,frost,18,11,7
11474,Sìsia,ragnaros,1056,mage,frost,18,11,7
11475,Soz,agamaggan,1056,mage,frost,18,11,7
11476,Hazzá,ravencrest,1055,mage,frost,18,11,7
11477,Rere,zenedar,1054,mage,frost,26,13,13
11478,Kapueca,jaedenar,1053,mage,frost,27,17,10
11479,Гамаюнх,deathguard,1053,mage,frost,24,11,13
11480,Викликс,borean-tundra,1052,mage,frost,22,13,9
11481,Sangumage,silvermoon,1051,mage,frost,24,11,13
11482,Файрусх,blackscar,1049,mage,frost,18,11,7
11483,Roughfked,silvermoon,1049,mage,frost,42,23,19
11484,Aileean,burning-legion,1046,mage,frost,30,12,18
11485,Irreversal,ravencrest,1045,mage,frost,41,18,23
11486,Férécide,ysondre,1045,mage,frost,30,11,19
11487,Thry,bronzebeard,1042,mage,frost,30,11,19
11488,Блья,howling-fjord,1039,mage,frost,30,20,10
11489,Khoshgele,draenor,1039,mage,frost,24,11,13
11490,Winterblues,frostmourne,1037,mage,frost,24,11,13
11491,Heavyfire,kazzak,1034,mage,frost,18,11,7
11492,Clonefcf,sylvanas,1032,mage,frost,55,31,24
11493,Forestie,silvermoon,1032,mage,frost,50,23,27
11494,Zedsdeadbaby,argent-dawn,1031,mage,frost,33,16,17
11495,Justleblanc,dalaran,1031,mage,frost,36,11,25
11496,Ramcoz,twisting-nether,1029,mage,frost,30,15,15
11497,Arkhaen,archimonde,1022,mage,frost,23,11,12
11498,Бальзамон,eversong,1022,mage,frost,25,11,14
11499,Yasheaa,ysondre,1020,mage,frost,23,11,12
11500,Pinguíni,aegwynn,1014,mage,frost,24,12,12
11501,Мрперут,eversong,1008,mage,frost,54,32,22
11502,Илайла,booty-bay,1007,mage,frost,15,12,3
11503,Rafaeala,argent-dawn,1001,mage,frost,44,19,25
11504,Erzà,todeswache,991,mage,frost,35,18,17
11505,Инкрионити,gordunni,989,mage,frost,17,11,6
11506,Kumakara,archimonde,981,mage,frost,24,12,12
11507,Fashes,sunstrider,977,mage,frost,75,36,39
11508,Dnt,twilights-hammer,974,mage,frost,24,11,13
11509,Ryzea,ravencrest,968,mage,frost,17,12,5
11510,Wracrz,argent-dawn,960,mage,frost,18,10,8
11511,Acx,drakthul,960,mage,frost,18,10,8
11512,Santriss,defias-brotherhood,960,mage,frost,24,10,14
11513,Unsaìntly,kult-der-verdammten,960,mage,frost,25,10,15
11514,Vannq,silvermoon,959,mage,frost,18,10,8
11515,Манакса,gordunni,959,mage,frost,24,10,14
11516,Тортикток,soulflayer,959,mage,frost,24,10,14
11517,Джинетикс,deathguard,958,mage,frost,18,10,8
11518,Track,blackhand,958,mage,frost,24,10,14
11519,Discomorph,the-maelstrom,957,mage,frost,18,10,8
11520,Zenó,blackrock,956,mage,frost,30,10,20
11521,Stryee,ragnaros,954,mage,frost,18,10,8
11522,Margistikus,die-aldor,954,mage,frost,102,54,48
11523,Broduy,draenor,952,mage,frost,42,12,30
11524,Quincy,frostwolf,951,mage,frost,18,10,8
11525,Nightplays,sylvanas,951,mage,frost,18,10,8
11526,Celdra,blackrock,949,mage,frost,24,10,14
11527,Этридемус,howling-fjord,947,mage,frost,30,10,20
11528,Maybeblood,kazzak,946,mage,frost,28,11,17
11529,Evuryl,nemesis,944,mage,frost,24,10,14
11530,Flamya,stormscale,933,mage,frost,23,10,13
11531,Tiefkühler,norgannon,931,mage,frost,24,11,13
11532,Speedshatter,aegwynn,928,mage,frost,22,10,12
11533,Левченкопро,soulflayer,924,mage,frost,70,29,41
11534,Ghostgivree,archimonde,917,mage,frost,30,16,14
11535,Toxttr,drakthul,908,mage,frost,18,11,7
11536,Psika,kazzak,908,mage,frost,29,10,19
11537,Ттэль,gordunni,900,mage,frost,16,11,5
11538,Døliprane,garona,900,mage,frost,36,19,17
11539,Çana,thrall,893,mage,frost,22,10,12
11540,Amazona,veklor,889,mage,frost,32,16,16
11541,Êmmá,blackmoore,885,mage,frost,54,22,32
11542,Piego,turalyon,883,mage,frost,30,16,14
11543,Sammelbot,kargath,872,mage,frost,42,21,21
11544,Lexalia,blackmoore,869,mage,frost,32,14,18
11545,Xæl,ravencrest,866,mage,frost,57,27,30
11546,Fakeklepter,sylvanas,864,mage,frost,12,9,3
11547,Whócárés,dragonmaw,864,mage,frost,12,9,3
11548,Ney,drakthul,864,mage,frost,12,9,3
11549,Djflashz,archimonde,864,mage,frost,18,9,9
11550,Philoû,archimonde,864,mage,frost,18,9,9
11551,Phenoxi,sylvanas,863,mage,frost,12,9,3
11552,Винилочка,deathguard,863,mage,frost,12,9,3
11553,Imbatto,quelthalas,863,mage,frost,12,9,3
11554,Scoodles,kazzak,863,mage,frost,18,9,9
11555,Bebenm,archimonde,863,mage,frost,18,9,9
11556,Qtpoof,sylvanas,863,mage,frost,18,9,9
11557,Qqcult,ravencrest,863,mage,frost,18,9,9
11558,Слизерин,gordunni,863,mage,frost,24,9,15
11559,Apeex,chamber-of-aspects,863,mage,frost,24,9,15
11560,Muchmage,silvermoon,863,mage,frost,24,9,15
11561,Layzzy,kazzak,863,mage,frost,30,9,21
11562,Манднесс,azuregos,861,mage,frost,18,9,9
11563,Strychne,ragnaros,860,mage,frost,12,9,3
11564,Frisstana,outland,859,mage,frost,18,9,9
11565,Klésh,nemesis,858,mage,frost,18,9,9
11566,Naote,blackhand,858,mage,frost,18,9,9
11567,Meydoum,archimonde,858,mage,frost,18,9,9
11568,Suikune,twisting-nether,857,mage,frost,12,9,3
11569,Bolesnimage,draenor,857,mage,frost,18,9,9
11570,Юлианх,gordunni,856,mage,frost,220,99,121
11571,Markasaura,kazzak,856,mage,frost,38,11,27
11572,Voralastor,doomhammer,855,mage,frost,12,9,3
11573,Farrä,dun-modr,854,mage,frost,53,26,27
11574,Nazø,archimonde,853,mage,frost,24,9,15
11575,Вайконд,howling-fjord,853,mage,frost,24,9,15
11576,Iceicebáby,draenor,845,mage,frost,24,9,15
11577,Pickaachu,doomhammer,839,mage,frost,24,11,13
11578,Ezzekkiel,elune,835,mage,frost,18,9,9
11579,Лордбелиал,soulflayer,834,mage,frost,24,9,15
11580,Haljina,kazzak,822,mage,frost,156,67,89
11581,Isolia,silvermoon,810,mage,frost,23,9,14
11582,Lemonshelo,archimonde,806,mage,frost,27,9,18
11583,Frigus,khaz-modan,804,mage,frost,27,9,18
11584,Venu,dun-modr,800,mage,frost,18,9,9
11585,Jobarttrach,les-clairvoyants,794,mage,frost,47,19,28
11586,Tiltedpapi,ravencrest,790,mage,frost,16,9,7
11587,Akâri,silvermoon,784,mage,frost,25,9,16
11588,Crzyubrdrver,blackrock,768,mage,frost,12,8,4
11589,Dsmoke,ravencrest,768,mage,frost,12,8,4
11590,Serclulz,ravencrest,768,mage,frost,12,8,4
11591,Arunx,magtheridon,768,mage,frost,12,8,4
11592,Subzeraxo,archimonde,768,mage,frost,12,8,4
11593,Séxmachiné,draenor,768,mage,frost,12,8,4
11594,Transformo,draenor,768,mage,frost,18,8,10
11595,Takayaki,terokkar,768,mage,frost,18,8,10
11596,Mðj,kazzak,768,mage,frost,18,8,10
11597,Väänik,draenor,768,mage,frost,18,8,10
11598,Гдедипфриз,soulflayer,768,mage,frost,18,8,10
11599,Zelimeth,outland,768,mage,frost,24,8,16
11600,Чистокрут,gordunni,768,mage,frost,24,8,16
11601,Нереварин,soulflayer,768,mage,frost,24,8,16
11602,Buffenhance,ravencrest,768,mage,frost,30,8,22
11603,Chicke,outland,767,mage,frost,12,8,4
11604,Necizbored,tarren-mill,767,mage,frost,12,8,4
11605,Ewina,twisting-nether,767,mage,frost,12,8,4
11606,Tajos,drakthul,767,mage,frost,12,8,4
11607,Gagaj,ravencrest,767,mage,frost,12,8,4
11608,Azakadabra,ysondre,767,mage,frost,12,8,4
11609,Zili,draenor,767,mage,frost,12,8,4
11610,Xyfys,azshara,767,mage,frost,12,8,4
11611,Goodheadcake,ragnaros,767,mage,frost,18,8,10
11612,Bumbumdead,sylvanas,767,mage,frost,18,8,10
11613,Фростидзе,gordunni,767,mage,frost,18,8,10
11614,Quilava,ghostlands,766,mage,frost,12,8,4
11615,Ãzi,ravencrest,766,mage,frost,12,8,4
11616,Nïo,ravencrest,766,mage,frost,12,8,4
11617,Insanewizard,kazzak,766,mage,frost,12,8,4
11618,Jockin,stormrage,766,mage,frost,18,8,10
11619,Anoez,kargath,766,mage,frost,18,8,10
11620,Бабайбайкала,gordunni,766,mage,frost,24,8,16
11621,Kleini,die-aldor,765,mage,frost,12,8,4
11622,Ærrflôw,frostwolf,765,mage,frost,18,8,10
11623,Xakiha,kazzak,764,mage,frost,18,8,10
11624,Dabina,sanguino,763,mage,frost,18,8,10
11625,Skarxaa,sanguino,763,mage,frost,18,8,10
11626,Кельтузат,azuregos,762,mage,frost,12,8,4
11627,Dominos,medivh,762,mage,frost,18,8,10
11628,Lêgólás,blackmoore,762,mage,frost,18,8,10
11629,Qwixxis,sylvanas,761,mage,frost,18,8,10
11630,Леракобольд,gordunni,745,mage,frost,29,10,19
11631,Amalou,stormscale,729,mage,frost,32,9,23
11632,Hetaxata,kazzak,719,mage,frost,15,9,6
11633,Clitch,blutkessel,715,mage,frost,20,9,11
11634,Blinklet,twisting-nether,713,mage,frost,17,10,7
11635,Emesarry,scarshield-legion,703,mage,frost,11,8,3
11636,Rayniß,blackmoore,702,mage,frost,20,8,12
11637,Zzombi,sylvanas,698,mage,frost,20,9,11
11638,Cardioexpert,ravencrest,688,mage,frost,13,8,5
11639,Щавзорву,gordunni,686,mage,frost,16,8,8
11640,Icéy,kazzak,672,mage,frost,12,7,5
11641,Fîsheye,blackrock,672,mage,frost,12,7,5
11642,Skyblink,hyjal,672,mage,frost,12,7,5
11643,Wortyvery,outland,672,mage,frost,12,7,5
11644,Xläderz,ravencrest,672,mage,frost,12,7,5
11645,Lyès,uldaman,672,mage,frost,12,7,5
11646,Yobys,burning-legion,672,mage,frost,12,7,5
11647,Agus,ravencrest,672,mage,frost,12,7,5
11648,Bumboozling,kazzak,672,mage,frost,12,7,5
11649,Evilmagíc,tarren-mill,672,mage,frost,12,7,5
11650,Tenetic,thrall,672,mage,frost,14,7,7
11651,Mageyreid,quelthalas,672,mage,frost,18,7,11
11652,Vinlimar,drakthul,672,mage,frost,18,7,11
11653,Blinkfloyd,blackmoore,672,mage,frost,18,7,11
11654,Aterso,azshara,672,mage,frost,21,8,13
11655,Krookéd,tarren-mill,672,mage,frost,24,7,17
11656,Badphaz,frostmane,671,mage,frost,12,7,5
11657,Møstwãntêd,aegwynn,671,mage,frost,12,7,5
11658,Kaì,twisting-nether,671,mage,frost,12,7,5
11659,Geepie,twisting-nether,671,mage,frost,12,7,5
11660,Ice,sargeras,671,mage,frost,18,7,11
11661,Kyrn,zuljin,671,mage,frost,18,7,11
11662,Frostvirgin,twisting-nether,671,mage,frost,18,7,11
11663,Chread,bronze-dragonflight,671,mage,frost,18,7,11
11664,Nevaehine,ravencrest,670,mage,frost,12,7,5
11665,Hotpotatox,ravencrest,670,mage,frost,13,7,6
11666,Daneliam,outland,670,mage,frost,18,7,11
11667,Unreadyx,archimonde,670,mage,frost,18,7,11
11668,Lukewizard,twisting-nether,668,mage,frost,18,7,11
11669,Lenycz,burning-blade,668,mage,frost,18,7,11
11670,Умелецмаг,gordunni,665,mage,frost,12,7,5
11671,Chogger,blackmoore,656,mage,frost,12,7,5
11672,Helloimgone,blackmoore,655,mage,frost,17,7,10
11673,Stîckî,malganis,639,mage,frost,23,7,16
11674,Lìx,ravencrest,623,mage,frost,11,7,4
11675,Skæde,ravencrest,618,mage,frost,17,11,6
11676,Rinuria,blackrock,576,mage,frost,6,6,0
11677,Escapematrix,ravencrest,576,mage,frost,6,6,0
11678,Estonka,ravencrest,576,mage,frost,6,6,0
11679,Titarie,ravencrest,576,mage,frost,12,6,6
11680,Frostjävel,grim-batol,576,mage,frost,12,6,6
11681,Skdroople,ravencrest,576,mage,frost,12,6,6
11682,Iverson,kazzak,576,mage,frost,12,6,6
11683,Lepronsito,kazzak,576,mage,frost,12,6,6
11684,Firebaw,tarren-mill,576,mage,frost,12,6,6
11685,Nécrømage,confrérie-du-thorium,576,mage,frost,12,6,6
11686,Ecnaclappy,blackrock,576,mage,frost,12,6,6
11687,Нонекс,soulflayer,576,mage,frost,12,6,6
11688,Insømnium,stormscale,576,mage,frost,12,6,6
11689,Sickofme,blackmoore,576,mage,frost,12,6,6
11690,Миллерфест,howling-fjord,576,mage,frost,12,6,6
11691,Диппро,soulflayer,576,mage,frost,12,6,6
11692,Obbjob,ravencrest,576,mage,frost,12,6,6
11693,Sainth,sanguino,576,mage,frost,12,6,6
11694,Kurtcobain,draenor,576,mage,frost,12,6,6
11695,Shakeándbake,ravencrest,576,mage,frost,18,6,12
11696,Ury,hyjal,576,mage,frost,18,6,12
11697,Ephixis,ravencrest,576,mage,frost,18,6,12
11698,Qqlool,draenor,576,mage,frost,18,6,12
11699,Articunoh,ravencrest,576,mage,frost,18,6,12
11700,Yshax,malganis,576,mage,frost,24,6,18
11701,Pitbones,archimonde,575,mage,frost,12,6,6
11702,Коласольдом,gordunni,575,mage,frost,12,6,6
11703,Длинныеухи,blackscar,575,mage,frost,12,6,6
11704,Flakeh,outland,575,mage,frost,18,6,12
11705,Tìnder,tarren-mill,575,mage,frost,18,6,12
11706,Saturator,burning-legion,575,mage,frost,18,6,12
11707,Вхламинка,howling-fjord,574,mage,frost,12,6,6
11708,Yojimbot,archimonde,574,mage,frost,24,6,18
11709,Ananaskana,ragnaros,572,mage,frost,12,6,6
11710,Zenoss,khaz-modan,565,mage,frost,12,6,6
11711,Fôôxy,aegwynn,558,mage,frost,17,6,11
11712,Фиджарь,soulflayer,542,mage,frost,14,7,7
11713,Aerius,lightnings-blade,528,mage,frost,15,6,9
11714,Lidin,draenor,527,mage,frost,11,6,5
11715,Escobar,frostmane,527,mage,frost,14,7,7
11716,Derbomber,guldan,527,mage,frost,17,6,11
11717,Avb,twisting-nether,527,mage,frost,17,6,11
11718,Pharohe,stormscale,522,mage,frost,22,7,15
11719,Kaeki,khaz-modan,520,mage,frost,14,8,6
11720,Tschelo,eredar,512,mage,frost,16,6,10
11721,Miihawkk,khaz-modan,510,mage,frost,20,6,14
11722,Veemi,blackmoore,480,mage,frost,6,5,1
11723,Glindalefay,silvermoon,480,mage,frost,6,5,1
11724,Zehnvonzehn,antonidas,480,mage,frost,6,5,1
11725,Hérä,archimonde,480,mage,frost,6,5,1
11726,Magnopvp,sanguino,480,mage,frost,10,6,4
11727,Primodious,kazzak,480,mage,frost,12,5,7
11728,Аресуперпрес,gordunni,480,mage,frost,12,5,7
11729,Magenox,blackrock,480,mage,frost,12,5,7
11730,Betomage,blackmoore,480,mage,frost,12,5,7
11731,Venque,blackrock,480,mage,frost,12,5,7
11732,Pixlet,kazzak,480,mage,frost,12,5,7
11733,Thelastmage,outland,480,mage,frost,12,5,7
11734,Vapurx,blackmoore,480,mage,frost,12,5,7
11735,Snowsánji,blackmoore,480,mage,frost,12,5,7
11736,Lylla,cthun,480,mage,frost,12,5,7
11737,Zaurok,sanguino,480,mage,frost,12,5,7
11738,Marikisanx,blackmoore,480,mage,frost,12,5,7
11739,Saucise,hyjal,480,mage,frost,12,5,7
11740,Bamz,malganis,480,mage,frost,12,5,7
11741,Moffmage,sylvanas,480,mage,frost,12,5,7
11742,Okey,frostwhisper,480,mage,frost,12,5,7
11743,Chrømy,twisting-nether,480,mage,frost,12,5,7
11744,Gàtsby,outland,480,mage,frost,12,5,7
11745,Milkenjoyer,ravencrest,480,mage,frost,12,5,7
11746,Ikefire,draenor,480,mage,frost,12,5,7
11747,Spell,blackmoore,480,mage,frost,12,5,7
11748,Kleptomania,archimonde,480,mage,frost,12,5,7
11749,Médivh,archimonde,480,mage,frost,12,5,7
11750,Reeroll,arthas,480,mage,frost,12,5,7
11751,Wukidiwn,draenor,480,mage,frost,18,5,13
11752,Shøcked,blackrock,480,mage,frost,18,5,13
11753,Råståfåri,uldum,480,mage,frost,18,5,13
11754,Wàneís,ravencrest,480,mage,frost,18,5,13
11755,Digi,ravencrest,480,mage,frost,21,5,16
11756,Coldstormz,terenas,479,mage,frost,12,5,7
11757,Çxçx,dun-modr,479,mage,frost,12,5,7
11758,Deletron,ragnaros,479,mage,frost,18,5,13
11759,Popixx,magtheridon,479,mage,frost,18,5,13
11760,Feuerflamme,theradras,478,mage,frost,12,5,7
11761,Kadsy,tarren-mill,478,mage,frost,18,5,13
11762,Gønzô,blackmoore,477,mage,frost,18,5,13
11763,Rifinouu,archimonde,476,mage,frost,12,5,7
11764,Polflop,sylvanas,476,mage,frost,12,5,7
11765,Phibonaci,sylvanas,475,mage,frost,12,5,7
11766,Мерджреквест,howling-fjord,462,mage,frost,11,5,6
11767,Blinkinggoat,ragnaros,448,mage,frost,16,5,11
11768,Olivaresa,ravencrest,446,mage,frost,23,5,18
11769,Swemagus,outland,432,mage,frost,9,5,4
11770,Kelthuzed,twisting-nether,432,mage,frost,15,5,10
11771,Hbarftw,ravencrest,426,mage,frost,14,6,8
11772,Euklid,ravencrest,416,mage,frost,10,5,5
11773,Xerathon,ravencrest,414,mage,frost,16,5,11
11774,Leylus,blackmoore,399,mage,frost,5,5,0
11775,Nötmârtònxø,ragnaros,384,mage,frost,6,4,2
11776,Arcitech,tarren-mill,384,mage,frost,6,4,2
11777,Froststarr,burning-legion,384,mage,frost,6,4,2
11778,Botanicula,the-maelstrom,384,mage,frost,6,4,2
11779,Scoxywoxy,ragnaros,384,mage,frost,6,4,2
11780,Grömit,drakthul,384,mage,frost,6,4,2
11781,Sneakii,the-maelstrom,384,mage,frost,6,4,2
11782,Noviina,argent-dawn,384,mage,frost,6,4,2
11783,Zerobelow,silvermoon,384,mage,frost,6,4,2
11784,Sylvîe,tarren-mill,384,mage,frost,6,4,2
11785,Proudmøøre,argent-dawn,384,mage,frost,6,4,2
11786,Cesi,silvermoon,384,mage,frost,6,4,2
11787,Nightcàller,pozzo-delleternità,384,mage,frost,6,4,2
11788,Фирдаркнесс,howling-fjord,384,mage,frost,6,4,2
11789,Nutsa,silvermoon,384,mage,frost,6,4,2
11790,Ðazzftw,archimonde,384,mage,frost,6,4,2
11791,Chililol,dun-modr,384,mage,frost,6,4,2
11792,Ón,burning-steppes,384,mage,frost,6,4,2
11793,Arcticfury,ravencrest,384,mage,frost,6,4,2
11794,Meign,eredar,384,mage,frost,6,4,2
11795,Fuhry,tarren-mill,384,mage,frost,6,4,2
11796,Oblív,ravencrest,384,mage,frost,6,4,2
11797,Snakebit,kazzak,384,mage,frost,6,4,2
11798,Альмодера,gordunni,384,mage,frost,6,4,2
11799,Zionara,stormscale,384,mage,frost,6,4,2
11800,Митгори,gordunni,384,mage,frost,6,4,2
11801,Doryy,silvermoon,384,mage,frost,6,4,2
11802,Pinkusbruh,aggra-português,384,mage,frost,6,4,2
11803,Leontus,outland,384,mage,frost,6,4,2
11804,Ahøllic,frostwolf,384,mage,frost,6,4,2
11805,Razzìatore,pozzo-delleternità,384,mage,frost,7,4,3
11806,Xoouuboo,eredar,384,mage,frost,12,4,8
11807,Юджегс,soulflayer,384,mage,frost,12,4,8
11808,Пламяорды,soulflayer,384,mage,frost,12,4,8
11809,Aern,sinstralis,384,mage,frost,12,4,8
11810,Шипкастермвп,howling-fjord,384,mage,frost,12,4,8
11811,Lambaa,thrall,384,mage,frost,12,4,8
11812,Muntiks,ravencrest,384,mage,frost,12,4,8
11813,Ahdetärjag,silvermoon,384,mage,frost,12,4,8
11814,Stellarie,sylvanas,384,mage,frost,12,4,8
11815,Tærrëñshíll,tarren-mill,384,mage,frost,12,4,8
11816,Acclay,malganis,384,mage,frost,12,4,8
11817,Facerollyo,tarren-mill,384,mage,frost,12,4,8
11818,Newtwo,ravencrest,384,mage,frost,12,4,8
11819,Zikyo,silvermoon,384,mage,frost,12,4,8
11820,Proffset,outland,384,mage,frost,12,4,8
11821,Ioriyagami,dragonmaw,384,mage,frost,12,4,8
11822,Faunas,kazzak,384,mage,frost,12,4,8
11823,Roberx,sanguino,384,mage,frost,12,4,8
11824,Tarovan,defias-brotherhood,384,mage,frost,12,4,8
11825,Lillelord,defias-brotherhood,384,mage,frost,12,4,8
11826,Cavadrex,arathor,384,mage,frost,18,4,14
11827,Wuffwuffspik,grim-batol,383,mage,frost,6,4,2
11828,Brandonjames,ragnaros,383,mage,frost,12,4,8
11829,Juntara,stormscale,383,mage,frost,12,4,8
11830,Magicoliwia,ysera,382,mage,frost,6,4,2
11831,Rintoh,pozzo-delleternità,382,mage,frost,18,4,14
11832,Mimicassa,defias-brotherhood,371,mage,frost,22,9,13
11833,Whosthemage,kazzak,351,mage,frost,8,5,3
11834,Nebby,argent-dawn,351,mage,frost,11,4,7
11835,Tsubas,blackmoore,330,mage,frost,15,5,10
11836,Sleîhg,sanguino,320,mage,frost,10,4,6
11837,Regenn,kazzak,318,mage,frost,5,4,1
11838,Coldnight,uldum,301,mage,frost,13,4,9
11839,Zyllu,argent-dawn,288,mage,frost,6,3,3
11840,Drinte,blackmoore,288,mage,frost,6,3,3
11841,Arandartis,kazzak,288,mage,frost,6,3,3
11842,Narcîsa,sanguino,288,mage,frost,6,3,3
11843,Gladxp,outland,288,mage,frost,6,3,3
11844,Johnnydeepp,archimonde,288,mage,frost,6,3,3
11845,Onegaisenpai,ragnaros,288,mage,frost,6,3,3
11846,Учительйода,ashenvale,288,mage,frost,6,3,3
11847,Orelox,kazzak,288,mage,frost,6,3,3
11848,Magekaoz,sylvanas,288,mage,frost,6,3,3
11849,Dumblemore,ragnaros,288,mage,frost,6,3,3
11850,Bóósh,alakir,288,mage,frost,6,3,3
11851,Kilstine,outland,288,mage,frost,6,3,3
11852,Brunettdelux,archimonde,288,mage,frost,6,3,3
11853,Gotone,tarren-mill,288,mage,frost,6,3,3
11854,Broccosoup,kazzak,288,mage,frost,6,3,3
11855,Rèkt,lightbringer,288,mage,frost,6,3,3
11856,Tommyboy,dragonblight,288,mage,frost,6,3,3
11857,Codeincassie,blackhand,288,mage,frost,6,3,3
11858,Anthrex,drakthul,288,mage,frost,6,3,3
11859,Dragotus,dragonblight,288,mage,frost,6,3,3
11860,Metaboi,ragnaros,288,mage,frost,6,3,3
11861,Haginatorr,twisting-nether,288,mage,frost,6,3,3
11862,Luckydo,turalyon,288,mage,frost,6,3,3
11863,Microsmag,thrall,288,mage,frost,6,3,3
11864,Овеча,gordunni,288,mage,frost,6,3,3
11865,Bigburns,draenor,288,mage,frost,6,3,3
11866,Сизаам,howling-fjord,288,mage,frost,6,3,3
11867,Vodjka,nemesis,288,mage,frost,6,3,3
11868,Muuckie,blackrock,288,mage,frost,6,3,3
11869,Волшебну,soulflayer,288,mage,frost,6,3,3
11870,Sozie,tarren-mill,288,mage,frost,6,3,3
11871,Fboltprocd,ragnaros,288,mage,frost,6,3,3
11872,Сэрруденкент,soulflayer,288,mage,frost,6,3,3
11873,Ripdeepfreez,culte-de-la-rive-noire,288,mage,frost,6,3,3
11874,Lyramage,draenor,288,mage,frost,6,3,3
11875,Smashdown,blackrock,288,mage,frost,6,3,3
11876,Snowberry,blackrock,288,mage,frost,6,3,3
11877,Eliosia,drakthul,288,mage,frost,6,3,3
11878,Ørixx,blackhand,288,mage,frost,6,3,3
11879,Antaos,drakthul,288,mage,frost,6,3,3
11880,Siérra,outland,288,mage,frost,6,3,3
11881,Milminmage,ravencrest,288,mage,frost,6,3,3
11882,Frökenfrost,stormscale,288,mage,frost,6,3,3
11883,Nevertøxic,ravencrest,288,mage,frost,6,3,3
11884,Justvik,eredar,288,mage,frost,6,3,3
11885,Wambamm,ravencrest,288,mage,frost,12,3,9
11886,Naween,hyjal,288,mage,frost,12,3,9
11887,Dumbledores,aegwynn,288,mage,frost,12,3,9
11888,Деметрадон,gordunni,288,mage,frost,12,3,9
11889,Эммилиарда,gordunni,288,mage,frost,12,3,9
11890,Phonkim,stormscale,288,mage,frost,12,3,9
11891,Voraxma,draenor,288,mage,frost,12,3,9
11892,Tadaa,blackmoore,288,mage,frost,12,3,9
11893,Paradigma,sylvanas,288,mage,frost,12,3,9
11894,Ахиригиз,gordunni,288,mage,frost,12,3,9
11895,Gogara,kazzak,288,mage,frost,12,3,9
11896,Sérc,ravencrest,288,mage,frost,12,3,9
11897,Imasheeper,silvermoon,288,mage,frost,12,3,9
11898,Subtempo,silvermoon,288,mage,frost,12,3,9
11899,Потныйдпс,eversong,288,mage,frost,12,3,9
11900,Fernandéz,ravencrest,288,mage,frost,12,3,9
11901,Kaiyn,argent-dawn,288,mage,frost,12,3,9
11902,Blinkmehome,silvermoon,288,mage,frost,12,3,9
11903,Vioulette,elune,288,mage,frost,12,3,9
11904,Consquens,aszune,288,mage,frost,12,3,9
11905,Waterhagx,tarren-mill,288,mage,frost,12,3,9
11906,Distrophy,vashj,288,mage,frost,12,3,9
11907,Tirenia,bloodfeather,288,mage,frost,17,3,14
11908,Wslyx,dun-morogh,288,mage,frost,18,3,15
11909,Magjaw,twisting-nether,287,mage,frost,6,3,3
11910,Fumachustas,kazzak,287,mage,frost,6,3,3
11911,Hagiko,archimonde,287,mage,frost,6,3,3
11912,Wopi,sylvanas,287,mage,frost,6,3,3
11913,Magó,eredar,287,mage,frost,6,3,3
11914,Valtarisoo,amanthul,287,mage,frost,6,3,3
11915,Sylênna,kazzak,287,mage,frost,9,4,5
11916,Kasus,sporeggar,287,mage,frost,12,3,9
11917,Familyfrost,thunderhorn,287,mage,frost,12,3,9
11918,Freeto,blackmoore,286,mage,frost,6,3,3
11919,Maran,outland,286,mage,frost,12,3,9
11920,Soulcatcheus,archimonde,286,mage,frost,12,3,9
11921,Iif,zirkel-des-cenarius,239,mage,frost,5,3,2
11922,Шеллестун,soulflayer,208,mage,frost,7,3,4
11923,Holginho,twilights-hammer,192,mage,frost,12,5,7
11924,Viro,defias-brotherhood,192,mage,frost,9,3,6
11925,Gameart,alexstrasza,192,mage,frost,6,2,4
11926,Funakin,blackrock,192,mage,frost,6,2,4
11927,Xenodike,blackrock,192,mage,frost,6,2,4
11928,Welt,drakthul,192,mage,frost,6,2,4
11929,Laciee,silvermoon,192,mage,frost,6,2,4
11930,Frazztato,tarren-mill,192,mage,frost,6,2,4
11931,Pumpzy,tarren-mill,192,mage,frost,6,2,4
11932,Elor,eredar,192,mage,frost,6,2,4
11933,Alieni,stormreaver,192,mage,frost,6,2,4
11934,Beardyman,haomarush,192,mage,frost,6,2,4
11935,Løxyy,ysondre,192,mage,frost,6,2,4
11936,Alleii,kazzak,192,mage,frost,6,2,4
11937,Nandie,stormreaver,192,mage,frost,6,2,4
11938,Brutal,thrall,192,mage,frost,6,2,4
11939,Ingibjorg,auchindoun,192,mage,frost,6,2,4
11940,Kobrass,spinebreaker,192,mage,frost,6,2,4
11941,Thegoodoctor,kazzak,192,mage,frost,6,2,4
11942,Etherìon,los-errantes,192,mage,frost,6,2,4
11943,Флоой,gordunni,192,mage,frost,6,2,4
11944,Chíefsheep,thrall,192,mage,frost,6,2,4
11945,Cortis,outland,192,mage,frost,6,2,4
11946,Галадриелька,gordunni,192,mage,frost,6,2,4
11947,Smokedaddy,stormscale,192,mage,frost,6,2,4
11948,Rizzlybear,outland,192,mage,frost,6,2,4
11949,Creak,blackhand,192,mage,frost,6,2,4
11950,Maestrá,outland,192,mage,frost,6,2,4
11951,Магниффика,blackscar,192,mage,frost,6,2,4
11952,Tygaone,tirion,192,mage,frost,6,2,4
11953,Maveya,blackmoore,192,mage,frost,6,2,4
11954,Shagee,stormscale,192,mage,frost,6,2,4
11955,Sebers,kazzak,192,mage,frost,6,2,4
11956,Бд,blackscar,192,mage,frost,6,2,4
11957,Dxdxdxdxdx,drakthul,192,mage,frost,6,2,4
11958,Mezaiyh,blackmoore,192,mage,frost,6,2,4
11959,Doidadetanga,aggra-português,192,mage,frost,6,2,4
11960,Feath,ravencrest,192,mage,frost,6,2,4
11961,Ðøæø,twisting-nether,192,mage,frost,6,2,4
11962,Shealá,blackhand,192,mage,frost,6,2,4
11963,Infamage,draenor,192,mage,frost,6,2,4
11964,Balmak,doomhammer,192,mage,frost,6,2,4
11965,Warwizz,sanguino,192,mage,frost,6,2,4
11966,Estupen,sanguino,192,mage,frost,6,2,4
11967,Frostbringer,archimonde,192,mage,frost,6,2,4
11968,Lïppoutou,archimonde,192,mage,frost,6,2,4
11969,Tomia,burning-legion,192,mage,frost,6,2,4
11970,Nøxas,archimonde,192,mage,frost,6,2,4
11971,Crayz,magtheridon,192,mage,frost,6,2,4
11972,Naldora,turalyon,192,mage,frost,6,2,4
11973,Xblaz,draenor,192,mage,frost,6,2,4
11974,Stilnox,nemesis,192,mage,frost,6,2,4
11975,Fikkamika,ragnaros,192,mage,frost,6,2,4
11976,Ehbehad,doomhammer,192,mage,frost,6,2,4
11977,Ckrax,sanguino,192,mage,frost,6,2,4
11978,Meteofrost,draenor,192,mage,frost,6,2,4
11979,Blastus,ragnaros,192,mage,frost,6,2,4
11980,Partagedeco,dalaran,192,mage,frost,6,2,4
11981,Sperow,marécage-de-zangar,192,mage,frost,6,2,4
11982,Bloodymage,zenedar,192,mage,frost,6,2,4
11983,Labius,dun-modr,192,mage,frost,6,2,4
11984,Flamê,ragnaros,192,mage,frost,12,2,10
11985,Ørcan,azshara,192,mage,frost,12,2,10
11986,Xawokem,outland,192,mage,frost,12,2,10
11987,Freezeballs,blackmoore,192,mage,frost,12,2,10
11988,Braínfreeze,kazzak,192,mage,frost,12,2,10
11989,Pogmage,blackrock,192,mage,frost,12,2,10
11990,Myriel,thrall,192,mage,frost,12,2,10
11991,Intêrnet,archimonde,192,mage,frost,12,2,10
11992,Shizzy,onyxia,192,mage,frost,12,2,10
11993,Rapidfrost,drakthul,192,mage,frost,12,2,10
11994,Mariujana,ravencrest,192,mage,frost,12,2,10
11995,Bêta,dun-modr,192,mage,frost,12,2,10
11996,Portnography,draenor,192,mage,frost,12,2,10
11997,Boned,ravencrest,192,mage,frost,12,2,10
11998,Makkertje,silvermoon,191,mage,frost,6,2,4
11999,Mátraxx,silvermoon,191,mage,frost,12,2,10
12000,Magipus,anetheron,190,mage,frost,12,2,10
12001,Чогоце,eversong,189,mage,frost,18,2,16
12002,Dødo,archimonde,159,mage,frost,5,2,3
12003,Azadan,pozzo-delleternità,159,mage,frost,5,2,3
12004,Ivailo,ravencrest,159,mage,frost,5,2,3
12005,Kyan,burning-legion,159,mage,frost,5,2,3
12006,Mínêrvâ,blackrock,144,mage,frost,3,3,0
12007,Zôot,ravencrest,138,mage,frost,11,4,7
12008,Ehren,ravencrest,138,mage,frost,10,3,7
12009,Shakamage,grim-batol,128,mage,frost,4,2,2
12010,Skitsó,shadowsong,127,mage,frost,4,2,2
12011,Firestárter,ravencrest,96,mage,frost,3,2,1
12012,Mutly,kazzak,96,mage,frost,3,2,1
12013,Ntintsec,tarren-mill,96,mage,frost,3,2,1
12014,Nullso,zuljin,96,mage,frost,6,1,5
12015,Xýton,azjolnerub,96,mage,frost,6,1,5
12016,Romaga,quelthalas,96,mage,frost,6,1,5
12017,Fîrestorm,doomhammer,96,mage,frost,6,1,5
12018,Testoletku,twisting-nether,96,mage,frost,6,1,5
12019,Kosso,twisting-nether,96,mage,frost,6,1,5
12020,Alphaburstqx,ragnaros,96,mage,frost,6,1,5
12021,Sheeptonreup,archimonde,96,mage,frost,6,1,5
12022,Teeclis,twisting-nether,96,mage,frost,6,1,5
12023,Luckymango,alakir,96,mage,frost,6,1,5
12024,Мэджиксул,grom,96,mage,frost,6,1,5
12025,Squìshy,magtheridon,96,mage,frost,6,1,5
12026,Luxxurious,xavius,96,mage,frost,6,1,5
12027,Larmp,outland,96,mage,frost,6,1,5
12028,Dzomage,kazzak,96,mage,frost,6,1,5
12029,Rilac,nordrassil,96,mage,frost,6,1,5
12030,Froostii,aegwynn,96,mage,frost,6,1,5
12031,Aarcheon,kazzak,96,mage,frost,6,1,5
12032,Mëgu,silvermoon,96,mage,frost,6,1,5
12033,Devòna,silvermoon,96,mage,frost,6,1,5
12034,Dwarfyy,frostmane,96,mage,frost,6,1,5
12035,Rezre,stormscale,96,mage,frost,6,1,5
12036,Nekroulis,agamaggan,96,mage,frost,6,1,5
12037,Loskapaska,stormreaver,96,mage,frost,6,1,5
12038,Homeessa,stormreaver,96,mage,frost,6,1,5
12039,Niladyel,hyjal,96,mage,frost,6,1,5
12040,Petri,laughing-skull,96,mage,frost,6,1,5
12041,Dyen,hyjal,96,mage,frost,6,1,5
12042,Xèrec,ysondre,96,mage,frost,6,1,5
12043,Kpacey,guldan,96,mage,frost,6,1,5
12044,Деорро,gordunni,96,mage,frost,6,1,5
12045,Холдми,gordunni,96,mage,frost,6,1,5
12046,Колтрэйн,blackscar,96,mage,frost,6,1,5
12047,Nåzmyz,outland,96,mage,frost,6,1,5
12048,Spamblink,archimonde,96,mage,frost,9,1,8
12049,Hruon,ravenholdt,96,mage,frost,9,1,8
12050,Snowy,sargeras,96,mage,frost,12,1,11
12051,Kyraja,arthas,96,mage,frost,12,1,11
12052,Ploufatak,hyjal,96,mage,frost,18,1,17
12053,Aurayaa,teldrassil,95,mage,frost,11,1,10
12054,Nalord,saurfang,95,mage,frost,12,1,11
12055,Bagss,ysondre,95,mage,frost,12,1,11
12056,Milhoux,ysondre,79,mage,frost,5,1,4
12057,Bceps,stormscale,64,mage,frost,4,1,3
12058,Magebraín,ravencrest,63,mage,frost,2,2,0
12059,Gocu,tarren-mill,63,mage,frost,2,2,0
12060,Maege,ragnaros,63,mage,frost,2,2,0
12061,Aeghis,darkspear,42,mage,frost,10,3,7
12062,Mayreel,antonidas,42,mage,frost,11,3,8
12063,Yoxt,blackhand,31,mage,frost,2,1,1
12064,Xaramael,colinas-pardas,8,mage,frost,9,3,6
12065,Fisterino,zuljin,2304,monk,mistweaver,54,42,12
12066,Nnsstt,zuljin,2277,monk,mistweaver,104,64,40
12067,Bankmw,tarren-mill,2265,monk,mistweaver,77,52,25
12068,Brickedup,twisting-nether,2246,monk,mistweaver,139,81,58
12069,Ballademager,magtheridon,2218,monk,mistweaver,90,55,35
12070,Montex,stormscale,2210,monk,mistweaver,96,53,43
12071,Cocojones,tarren-mill,2194,monk,mistweaver,60,42,18
12072,Онимэшнеца,gordunni,2170,monk,mistweaver,77,48,29
12073,Zaerin,eredar,2155,monk,mistweaver,67,39,28
12074,Vivie,destromath,2142,monk,mistweaver,72,46,26
12075,Akanetsu,kazzak,2139,monk,mistweaver,138,80,58
12076,Kêkbûrâgól,kazzak,2136,monk,mistweaver,121,72,49
12077,Ltmxy,ravencrest,2127,monk,mistweaver,66,40,26
12078,Umadbrohuh,outland,2126,monk,mistweaver,66,39,27
12079,Meliowo,ravencrest,2125,monk,mistweaver,90,51,39
12080,Фунтос,soulflayer,2124,monk,mistweaver,66,41,25
12081,Chichigneux,hyjal,2123,monk,mistweaver,87,60,27
12082,Çoomðragon,stormscale,2122,monk,mistweaver,42,29,13
12083,Tryhârdx,stormscale,2122,monk,mistweaver,84,45,39
12084,Kêkburagol,kazzak,2120,monk,mistweaver,108,74,34
12085,Beetlejuicé,stormscale,2118,monk,mistweaver,42,28,14
12086,Loofey,ragnaros,2117,monk,mistweaver,218,128,90
12087,Vanost,kazzak,2114,monk,mistweaver,90,45,45
12088,Joke,ragnaros,2111,monk,mistweaver,78,41,37
12089,Cranex,terenas,2109,monk,mistweaver,118,72,46
12090,Glooni,blackrock,2108,monk,mistweaver,75,46,29
12091,Кимлейн,blackscar,2108,monk,mistweaver,48,29,19
12092,Shonbadatret,argent-dawn,2108,monk,mistweaver,90,54,36
12093,Donitrivegas,blackrock,2106,monk,mistweaver,126,85,41
12094,Sinted,blackmoore,2103,monk,mistweaver,83,52,31
12095,Lifelessons,blackrock,2103,monk,mistweaver,57,34,23
12096,Mibe,alonsus,2103,monk,mistweaver,108,53,55
12097,Blubberwurst,gorgonnash,2102,monk,mistweaver,130,74,56
12098,Flowy,uldum,2101,monk,mistweaver,60,31,29
12099,Stringg,zuljin,2098,monk,mistweaver,258,150,108
12100,Commadore,draenor,2097,monk,mistweaver,84,39,45
12101,Lylleri,darksorrow,2089,monk,mistweaver,68,40,28
12102,Tímmz,blackrock,2088,monk,mistweaver,96,56,40
12103,Pizzabud,ravencrest,2068,monk,mistweaver,64,43,21
12104,Øllen,stormscale,2062,monk,mistweaver,71,41,30
12105,Webhottie,twisting-nether,2061,monk,mistweaver,96,56,40
12106,Wajoba,blackhand,2061,monk,mistweaver,102,51,51
12107,Monkrah,blackmoore,2047,monk,mistweaver,60,35,25
12108,Yellowtape,kiljaeden,2046,monk,mistweaver,149,92,57
12109,Tigermw,twisting-nether,2040,monk,mistweaver,67,45,22
12110,Monkeyi,silvermoon,2040,monk,mistweaver,108,57,51
12111,Mønkeÿ,ravencrest,2035,monk,mistweaver,52,34,18
12112,Леолайт,borean-tundra,2034,monk,mistweaver,106,60,46
12113,Вульфхильда,soulflayer,2028,monk,mistweaver,204,120,84
12114,Pennyflame,stormscale,2026,monk,mistweaver,125,67,58
12115,Quendiz,frostwolf,2025,monk,mistweaver,72,40,32
12116,Adgoh,tarren-mill,2018,monk,mistweaver,58,43,15
12117,Botweaver,tarren-mill,2016,monk,mistweaver,36,28,8
12118,Кулакх,blackscar,2012,monk,mistweaver,106,59,47
12119,Ðalvan,blackrock,2011,monk,mistweaver,78,39,39
12120,Fåtjøë,ravencrest,2010,monk,mistweaver,48,31,17
12121,Коконгкд,blackscar,2010,monk,mistweaver,209,118,91
12122,Flandersmonk,ravencrest,2008,monk,mistweaver,90,57,33
12123,Шортмневноги,howling-fjord,2008,monk,mistweaver,137,74,63
12124,Monkeystar,archimonde,2004,monk,mistweaver,66,38,28
12125,Ouhmaikgød,dun-modr,2003,monk,mistweaver,88,45,43
12126,Суммрачная,gordunni,2002,monk,mistweaver,144,89,55
12127,Seeyoulater,nemesis,1996,monk,mistweaver,216,109,107
12128,Inlakech,auchindoun,1992,monk,mistweaver,129,73,56
12129,Mösêê,eredar,1992,monk,mistweaver,88,39,49
12130,Monkield,kazzak,1991,monk,mistweaver,146,95,51
12131,Brxndimonk,antonidas,1990,monk,mistweaver,63,35,28
12132,Teampro,ragnaros,1990,monk,mistweaver,258,138,120
12133,Qwertyxo,draenor,1987,monk,mistweaver,99,65,34
12134,Pyrìt,blackhand,1985,monk,mistweaver,54,39,15
12135,Bobthewild,draenor,1984,monk,mistweaver,329,165,164
12136,Mememaster,blackhand,1981,monk,mistweaver,112,68,44
12137,Kurbanov,stormscale,1980,monk,mistweaver,63,35,28
12138,Skailzkrtwo,hyjal,1979,monk,mistweaver,66,39,27
12139,Tierrax,cthun,1979,monk,mistweaver,63,33,30
12140,Zeoverx,ragnaros,1977,monk,mistweaver,78,36,42
12141,Shirkán,ragnaros,1969,monk,mistweaver,144,83,61
12142,Loiyh,dun-modr,1969,monk,mistweaver,72,35,37
12143,Turricane,blackmoore,1967,monk,mistweaver,60,31,29
12144,Veganweaver,ravencrest,1966,monk,mistweaver,60,37,23
12145,Zevenblad,stormscale,1965,monk,mistweaver,72,37,35
12146,Howtoown,burning-legion,1960,monk,mistweaver,60,34,26
12147,Bmane,archimonde,1960,monk,mistweaver,53,29,24
12148,Arenatwo,outland,1957,monk,mistweaver,81,51,30
12149,Lp,mugthol,1956,monk,mistweaver,60,36,24
12150,Môûsè,ravencrest,1949,monk,mistweaver,72,46,26
12151,Zonsym,twisting-nether,1948,monk,mistweaver,72,38,34
12152,Beili,ravencrest,1946,monk,mistweaver,79,42,37
12153,Voltzeig,dentarg,1944,monk,mistweaver,208,111,97
12154,Manatoiled,draenor,1941,monk,mistweaver,48,32,16
12155,Couchfrmikea,twisting-nether,1937,monk,mistweaver,72,38,34
12156,Yuukiiqt,kult-der-verdammten,1934,monk,mistweaver,83,47,36
12157,Dmonkz,magtheridon,1932,monk,mistweaver,36,26,10
12158,Ltmdwarf,ravencrest,1932,monk,mistweaver,72,36,36
12159,Trashcarlita,eredar,1931,monk,mistweaver,48,29,19
12160,Monkeymain,tarren-mill,1926,monk,mistweaver,53,29,24
12161,Ûnknöw,archimonde,1921,monk,mistweaver,50,32,18
12162,Gronkr,draenor,1916,monk,mistweaver,94,50,44
12163,Djsqx,outland,1915,monk,mistweaver,30,20,10
12164,Ashm,shattered-halls,1915,monk,mistweaver,60,30,30
12165,Yoghurtz,frostmourne,1913,monk,mistweaver,120,71,49
12166,Zoida,azuremyst,1912,monk,mistweaver,84,46,38
12167,Wwvwwvwwvwwv,ragnaros,1912,monk,mistweaver,66,28,38
12168,Srdarr,kazzak,1910,monk,mistweaver,60,34,26
12169,Bighealz,aggra-português,1904,monk,mistweaver,36,20,16
12170,Meemyo,blackmoore,1904,monk,mistweaver,83,34,49
12171,Moariann,drakthul,1902,monk,mistweaver,120,64,56
12172,Donkeymønk,hyjal,1901,monk,mistweaver,236,136,100
12173,Muchobijca,defias-brotherhood,1900,monk,mistweaver,78,44,34
12174,Bigbummer,blackmoore,1900,monk,mistweaver,96,53,43
12175,Subàru,draenor,1898,monk,mistweaver,93,60,33
12176,Рендикаое,soulflayer,1897,monk,mistweaver,181,104,77
12177,Seventhirty,ravencrest,1896,monk,mistweaver,36,20,16
12178,Neszesmonk,ragnaros,1896,monk,mistweaver,139,77,62
12179,Dragzol,tarren-mill,1896,monk,mistweaver,72,36,36
12180,Dmonk,aegwynn,1891,monk,mistweaver,100,46,54
12181,Manjini,blackhand,1889,monk,mistweaver,59,31,28
12182,Bigbøøty,silvermoon,1889,monk,mistweaver,66,33,33
12183,Halùnkè,eredar,1885,monk,mistweaver,136,77,59
12184,Æøwyn,ragnaros,1881,monk,mistweaver,82,57,25
12185,Deepl,dun-modr,1880,monk,mistweaver,54,27,27
12186,Bigmilkies,ysondre,1874,monk,mistweaver,66,36,30
12187,Roadrunnér,ravencrest,1874,monk,mistweaver,60,30,30
12188,Haìryplotter,kazzak,1872,monk,mistweaver,90,53,37
12189,Тащунаскилле,thermaplugg,1862,monk,mistweaver,62,39,23
12190,Jiafei,tarren-mill,1862,monk,mistweaver,42,25,17
12191,Hiryu,argent-dawn,1862,monk,mistweaver,53,31,22
12192,Effeots,blackrock,1862,monk,mistweaver,222,116,106
12193,Youkâi,blackrock,1859,monk,mistweaver,48,31,17
12194,Rullsimpa,ravencrest,1858,monk,mistweaver,77,34,43
12195,Digzzy,draenor,1856,monk,mistweaver,63,35,28
12196,Waramow,eredar,1855,monk,mistweaver,36,25,11
12197,Supercoach,blackrock,1855,monk,mistweaver,111,65,46
12198,Yexìu,kult-der-verdammten,1855,monk,mistweaver,42,23,19
12199,Фейкнаут,soulflayer,1855,monk,mistweaver,108,57,51
12200,Siignmonk,ravencrest,1853,monk,mistweaver,66,36,30
12201,Døk,twisting-nether,1852,monk,mistweaver,36,24,12
12202,Chanzey,silvermoon,1850,monk,mistweaver,204,114,90
12203,Дамбмонк,blackscar,1849,monk,mistweaver,41,24,17
12204,Глитч,deepholm,1848,monk,mistweaver,48,30,18
12205,Alprox,moonglade,1846,monk,mistweaver,158,83,75
12206,Yamqt,thrall,1845,monk,mistweaver,42,27,15
12207,Pizelx,alakir,1842,monk,mistweaver,54,28,26
12208,Musclemage,turalyon,1841,monk,mistweaver,60,31,29
12209,Yungsooth,stormscale,1838,monk,mistweaver,53,37,16
12210,Kratzl,blackrock,1838,monk,mistweaver,42,27,15
12211,Pøhx,ragnaros,1837,monk,mistweaver,87,51,36
12212,Homes,blackmoore,1837,monk,mistweaver,60,35,25
12213,Shimmichanga,blackrock,1836,monk,mistweaver,65,42,23
12214,Monkdrak,eredar,1835,monk,mistweaver,39,24,15
12215,Jades,emeriss,1835,monk,mistweaver,198,99,99
12216,Toram,burning-legion,1833,monk,mistweaver,60,29,31
12217,Ønlyfäns,kazzak,1831,monk,mistweaver,112,67,45
12218,Нубстриимс,gordunni,1828,monk,mistweaver,62,33,29
12219,Mistyfox,aszune,1828,monk,mistweaver,95,45,50
12220,Koguosa,outland,1827,monk,mistweaver,42,32,10
12221,Véxyra,draenor,1827,monk,mistweaver,48,32,16
12222,Мефодийкун,howling-fjord,1826,monk,mistweaver,108,63,45
12223,Playbîrd,archimonde,1826,monk,mistweaver,100,54,46
12224,Luvmollý,silvermoon,1826,monk,mistweaver,78,41,37
12225,Notachi,doomhammer,1825,monk,mistweaver,243,135,108
12226,Porcman,archimonde,1825,monk,mistweaver,141,71,70
12227,Элонхаск,gordunni,1824,monk,mistweaver,54,29,25
12228,Swagmonk,silvermoon,1824,monk,mistweaver,56,30,26
12229,Cåpybårå,outland,1824,monk,mistweaver,249,131,118
12230,Mbynxtlife,draenor,1824,monk,mistweaver,48,25,23
12231,Vizfist,tarren-mill,1823,monk,mistweaver,54,26,28
12232,Stemanit,draenor,1822,monk,mistweaver,41,28,13
12233,Гроксси,howling-fjord,1820,monk,mistweaver,70,45,25
12234,Luru,outland,1820,monk,mistweaver,53,33,20
12235,Trollroll,defias-brotherhood,1820,monk,mistweaver,132,74,58
12236,Анстапоблх,grom,1820,monk,mistweaver,54,24,30
12237,Hurri,krasus,1819,monk,mistweaver,36,25,11
12238,Perceptîon,thrall,1819,monk,mistweaver,41,23,18
12239,Ганссмонк,blackscar,1819,monk,mistweaver,42,23,19
12240,Bicmex,archimonde,1819,monk,mistweaver,90,42,48
12241,Mistyhoe,twisting-nether,1818,monk,mistweaver,71,37,34
12242,Motang,blackmoore,1816,monk,mistweaver,62,34,28
12243,Mugenzen,sanguino,1816,monk,mistweaver,36,19,17
12244,Твикса,soulflayer,1816,monk,mistweaver,114,54,60
12245,Pwner,daggerspine,1815,monk,mistweaver,259,132,127
12246,Zulein,defias-brotherhood,1814,monk,mistweaver,36,21,15
12247,Savagex,sanguino,1814,monk,mistweaver,60,32,28
12248,Тамаз,gordunni,1814,monk,mistweaver,59,24,35
12249,Calmed,tarren-mill,1813,monk,mistweaver,71,49,22
12250,Crñ,blackmoore,1813,monk,mistweaver,44,26,18
12251,Basilbrushxd,stormscale,1813,monk,mistweaver,48,27,21
12252,Ruurruuru,archimonde,1812,monk,mistweaver,42,29,13
12253,Lünara,ambossar,1812,monk,mistweaver,72,44,28
12254,Santoron,baelgun,1812,monk,mistweaver,63,30,33
12255,Uwû,ravencrest,1811,monk,mistweaver,59,45,14
12256,Onlyfist,stormscale,1811,monk,mistweaver,42,28,14
12257,Sugermum,outland,1811,monk,mistweaver,54,31,23
12258,Claudiå,kazzak,1811,monk,mistweaver,54,27,27
12259,Мичан,howling-fjord,1810,monk,mistweaver,102,63,39
12260,Kapud,twisting-nether,1809,monk,mistweaver,36,23,13
12261,Karmasnitch,antonidas,1808,monk,mistweaver,66,38,28
12262,Uao,tarren-mill,1808,monk,mistweaver,48,22,26
12263,Timmzý,blackmoore,1807,monk,mistweaver,42,29,13
12264,Лиянь,soulflayer,1807,monk,mistweaver,96,56,40
12265,Zanzetsu,twisting-nether,1807,monk,mistweaver,90,49,41
12266,Mobrac,twisting-nether,1807,monk,mistweaver,39,21,18
12267,Kilograme,tarren-mill,1806,monk,mistweaver,66,36,30
12268,Kîrânâ,eredar,1806,monk,mistweaver,54,29,25
12269,Ранки,lich-king,1806,monk,mistweaver,60,27,33
12270,Panson,twisting-nether,1804,monk,mistweaver,54,28,26
12271,Dollyqt,ravencrest,1803,monk,mistweaver,48,28,20
12272,Fùckaround,emeriss,1802,monk,mistweaver,60,37,23
12273,Notzaele,zuljin,1802,monk,mistweaver,42,23,19
12274,Lyashi,dalaran,1801,monk,mistweaver,54,28,26
12275,Jinxini,twisting-nether,1800,monk,mistweaver,24,19,5
12276,Callysra,archimonde,1800,monk,mistweaver,42,30,12
12277,Боецкфц,soulflayer,1800,monk,mistweaver,52,28,24
12278,Mergina,silvermoon,1800,monk,mistweaver,48,25,23
12279,Hurricaine,hyjal,1799,monk,mistweaver,30,19,11
12280,Brewnox,ragnaros,1797,monk,mistweaver,59,30,29
12281,Bossmanfred,outland,1794,monk,mistweaver,66,47,19
12282,Chazu,outland,1793,monk,mistweaver,54,30,24
12283,Rolxx,twisting-nether,1793,monk,mistweaver,74,35,39
12284,Cptsensey,draenor,1788,monk,mistweaver,36,25,11
12285,Tráïner,madmortem,1788,monk,mistweaver,119,62,57
12286,Threesíxníne,dun-morogh,1783,monk,mistweaver,42,22,20
12287,Shâng,blackhand,1780,monk,mistweaver,42,23,19
12288,Monkler,blackhand,1779,monk,mistweaver,78,36,42
12289,Xoconut,kazzak,1774,monk,mistweaver,227,125,102
12290,Wrv,kazzak,1774,monk,mistweaver,140,73,67
12291,Karsat,hyjal,1770,monk,mistweaver,277,140,137
12292,Sinanger,dun-modr,1766,monk,mistweaver,180,100,80
12293,Milkhy,minahonda,1763,monk,mistweaver,46,26,20
12294,Shadezz,blackmoore,1762,monk,mistweaver,46,30,16
12295,Jemp,ravencrest,1761,monk,mistweaver,228,137,91
12296,Legsweep,blackhand,1760,monk,mistweaver,103,68,35
12297,Brysiqtx,aegwynn,1760,monk,mistweaver,63,31,32
12298,Bammemw,archimonde,1760,monk,mistweaver,54,25,29
12299,Siphem,ravencrest,1757,monk,mistweaver,60,34,26
12300,Sniffn,ravencrest,1754,monk,mistweaver,54,35,19
12301,Pitrols,twisting-nether,1754,monk,mistweaver,111,67,44
12302,Limbaskalol,dun-modr,1754,monk,mistweaver,181,90,91
12303,Stifmeister,tarren-mill,1750,monk,mistweaver,94,50,44
12304,Эрмилинда,gordunni,1749,monk,mistweaver,54,26,28
12305,Kaezm,blackrock,1746,monk,mistweaver,42,26,16
12306,Xámell,ravencrest,1746,monk,mistweaver,36,19,17
12307,Yum,anetheron,1746,monk,mistweaver,78,38,40
12308,Jingfeng,arthas,1746,monk,mistweaver,101,49,52
12309,Dewamønk,blackmoore,1744,monk,mistweaver,40,23,17
12310,Mcscrub,ragnaros,1742,monk,mistweaver,35,24,11
12311,Jerymonk,tarren-mill,1742,monk,mistweaver,162,91,71
12312,Kóan,stormscale,1740,monk,mistweaver,60,31,29
12313,Inuria,ravencrest,1739,monk,mistweaver,54,37,17
12314,Амаранточка,howling-fjord,1738,monk,mistweaver,48,29,19
12315,Fatdad,magtheridon,1735,monk,mistweaver,83,41,42
12316,Swaghäuser,blackmoore,1733,monk,mistweaver,138,76,62
12317,Nsq,ravencrest,1731,monk,mistweaver,48,26,22
12318,Greentape,kiljaeden,1730,monk,mistweaver,42,27,15
12319,Butterbean,conseil-des-ombres,1730,monk,mistweaver,36,23,13
12320,Prototyp,burning-legion,1729,monk,mistweaver,36,23,13
12321,Эифорйя,howling-fjord,1726,monk,mistweaver,58,25,33
12322,Babbub,tarren-mill,1725,monk,mistweaver,48,29,19
12323,Koraxx,blackmoore,1724,monk,mistweaver,66,38,28
12324,Yadokaí,darkmoon-faire,1724,monk,mistweaver,48,23,25
12325,Wajøba,blackhand,1722,monk,mistweaver,36,18,18
12326,Iminar,blackrock,1721,monk,mistweaver,42,24,18
12327,Séi,kazzak,1721,monk,mistweaver,36,18,18
12328,Mwrbg,shadowsong,1720,monk,mistweaver,113,63,50
12329,Chimara,kazzak,1718,monk,mistweaver,79,45,34
12330,Аскмилол,deathweaver,1717,monk,mistweaver,60,35,25
12331,Шэганэ,deathguard,1715,monk,mistweaver,51,32,19
12332,Alë,argent-dawn,1714,monk,mistweaver,105,65,40
12333,Blacktee,eredar,1714,monk,mistweaver,36,21,15
12334,Merína,ragnaros,1714,monk,mistweaver,207,109,98
12335,Olympiiee,archimonde,1713,monk,mistweaver,293,157,136
12336,Neisha,drakthul,1711,monk,mistweaver,42,26,16
12337,Mugotea,twisting-nether,1711,monk,mistweaver,48,26,22
12338,Stramonk,nemesis,1711,monk,mistweaver,168,84,84
12339,Ashjaxa,silvermoon,1710,monk,mistweaver,42,18,24
12340,Capkum,dun-modr,1710,monk,mistweaver,48,19,29
12341,Meldi,ravencrest,1709,monk,mistweaver,42,24,18
12342,Ivanzamonka,stormscale,1708,monk,mistweaver,71,47,24
12343,Барлиос,soulflayer,1708,monk,mistweaver,214,113,101
12344,Tjann,stormscale,1706,monk,mistweaver,48,33,15
12345,Drugashe,archimonde,1706,monk,mistweaver,79,37,42
12346,Shyheim,outland,1705,monk,mistweaver,48,36,12
12347,Egg,frostmane,1705,monk,mistweaver,30,18,12
12348,Adis,nerathor,1703,monk,mistweaver,48,28,20
12349,Moontríx,kazzak,1703,monk,mistweaver,48,21,27
12350,Djpunchable,blackrock,1701,monk,mistweaver,35,26,9
12351,Pudgefeed,silvermoon,1701,monk,mistweaver,30,19,11
12352,Shyheimyo,outland,1701,monk,mistweaver,42,21,21
12353,Ziibaa,outland,1698,monk,mistweaver,42,28,14
12354,Evad,kazzak,1698,monk,mistweaver,66,41,25
12355,Rullefald,stormscale,1697,monk,mistweaver,102,57,45
12356,Residùe,kazzak,1695,monk,mistweaver,30,21,9
12357,Quendi,frostwolf,1695,monk,mistweaver,36,23,13
12358,Neash,silvermoon,1695,monk,mistweaver,48,27,21
12359,Enveløp,stormscale,1694,monk,mistweaver,24,18,6
12360,Вакидзави,gordunni,1694,monk,mistweaver,48,31,17
12361,Кикподхвост,blackscar,1694,monk,mistweaver,60,26,34
12362,Milkabtw,kazzak,1692,monk,mistweaver,39,25,14
12363,Фучой,howling-fjord,1692,monk,mistweaver,57,34,23
12364,Táuriéll,eredar,1692,monk,mistweaver,36,18,18
12365,Magixc,drakthul,1691,monk,mistweaver,47,25,22
12366,Sîono,antonidas,1689,monk,mistweaver,30,22,8
12367,Skïrmíshgødx,ravencrest,1688,monk,mistweaver,48,20,28
12368,Birgitbuddha,gorgonnash,1686,monk,mistweaver,54,29,25
12369,Astromune,draenor,1683,monk,mistweaver,41,24,17
12370,Jolude,nemesis,1683,monk,mistweaver,66,35,31
12371,Sadmw,archimonde,1679,monk,mistweaver,36,20,16
12372,Papours,ysondre,1676,monk,mistweaver,30,22,8
12373,Elhäbedehä,eredar,1673,monk,mistweaver,148,76,72
12374,Аци,blackscar,1671,monk,mistweaver,47,31,16
12375,Ræïzò,dun-morogh,1670,monk,mistweaver,36,20,16
12376,Bullergøjen,ravencrest,1668,monk,mistweaver,78,52,26
12377,Elmezz,burning-legion,1668,monk,mistweaver,39,19,20
12378,Zorkev,dun-modr,1667,monk,mistweaver,113,63,50
12379,Dearmw,silvermoon,1666,monk,mistweaver,90,50,40
12380,Áyell,archimonde,1665,monk,mistweaver,81,52,29
12381,Chitea,argent-dawn,1663,monk,mistweaver,35,22,13
12382,Onlyfunn,sanguino,1661,monk,mistweaver,48,27,21
12383,Бадика,howling-fjord,1657,monk,mistweaver,144,80,64
12384,Elvand,twisting-nether,1656,monk,mistweaver,66,39,27
12385,Репаблликуес,gordunni,1656,monk,mistweaver,34,20,14
12386,Varyat,uldum,1656,monk,mistweaver,41,24,17
12387,Trollandroll,stormscale,1655,monk,mistweaver,131,71,60
12388,Эддрос,gordunni,1655,monk,mistweaver,66,35,31
12389,Mangi,rexxar,1655,monk,mistweaver,72,37,35
12390,Cdriscas,aggra-português,1654,monk,mistweaver,50,27,23
12391,Meltfistqt,ravencrest,1654,monk,mistweaver,112,52,60
12392,Jacksa,bronze-dragonflight,1651,monk,mistweaver,130,63,67
12393,Джулибубба,borean-tundra,1650,monk,mistweaver,48,30,18
12394,Skailzkrt,hyjal,1649,monk,mistweaver,43,19,24
12395,Aromipesäx,outland,1647,monk,mistweaver,41,22,19
12396,Otemøøn,sanguino,1646,monk,mistweaver,45,25,20
12397,Wiwâ,outland,1646,monk,mistweaver,37,19,18
12398,Monknice,sylvanas,1646,monk,mistweaver,47,21,26
12399,Jorahmarmond,tarren-mill,1645,monk,mistweaver,30,23,7
12400,Imeon,dun-modr,1644,monk,mistweaver,30,18,12
12401,Jabington,aegwynn,1644,monk,mistweaver,75,42,33
12402,Эрмонд,soulflayer,1644,monk,mistweaver,44,23,21
12403,Unsanegodx,ravencrest,1643,monk,mistweaver,48,35,13
12404,Нийтринно,howling-fjord,1643,monk,mistweaver,36,19,17
12405,Nepho,twisting-nether,1642,monk,mistweaver,38,23,15
12406,Pogimonkey,ragnaros,1642,monk,mistweaver,42,23,19
12407,Nêøø,blackrock,1641,monk,mistweaver,115,80,35
12408,Hajlong,outland,1641,monk,mistweaver,42,21,21
12409,Mer,outland,1640,monk,mistweaver,44,24,20
12410,Fistify,destromath,1639,monk,mistweaver,24,20,4
12411,Suliya,zuluhed,1639,monk,mistweaver,36,21,15
12412,Kirkeý,ravencrest,1638,monk,mistweaver,37,26,11
12413,Timboqt,blackmoore,1638,monk,mistweaver,70,43,27
12414,Actionsusi,area-52,1638,monk,mistweaver,36,21,15
12415,Oikodomos,twisting-nether,1638,monk,mistweaver,47,24,23
12416,Uckkm,ragnaros,1637,monk,mistweaver,42,24,18
12417,Simòna,dun-modr,1637,monk,mistweaver,162,83,79
12418,Apolskis,ravencrest,1636,monk,mistweaver,42,30,12
12419,Артэкрио,soulflayer,1635,monk,mistweaver,36,26,10
12420,Karoou,kelthuzad,1635,monk,mistweaver,89,48,41
12421,Soulring,kazzak,1634,monk,mistweaver,51,23,28
12422,Eugenn,alonsus,1633,monk,mistweaver,46,27,19
12423,Orfantal,ravencrest,1631,monk,mistweaver,60,38,22
12424,Loobee,ravencrest,1630,monk,mistweaver,30,17,13
12425,Orcimon,draenor,1630,monk,mistweaver,30,17,13
12426,Youssee,silvermoon,1629,monk,mistweaver,186,102,84
12427,Seandyche,ravencrest,1628,monk,mistweaver,28,18,10
12428,Pe,blackhand,1628,monk,mistweaver,66,37,29
12429,Løta,blackmoore,1627,monk,mistweaver,30,20,10
12430,Papermakerx,blackrock,1627,monk,mistweaver,46,28,18
12431,Problematic,blackmoore,1626,monk,mistweaver,30,17,13
12432,Twistie,aegwynn,1626,monk,mistweaver,36,17,19
12433,Йорита,soulflayer,1625,monk,mistweaver,30,17,13
12434,Yto,gorgonnash,1624,monk,mistweaver,30,17,13
12435,Sâu,twisting-nether,1623,monk,mistweaver,30,17,13
12436,Ultdave,eredar,1622,monk,mistweaver,105,58,47
12437,Monkim,chogall,1621,monk,mistweaver,36,23,13
12438,Errowin,blackmoore,1621,monk,mistweaver,72,42,30
12439,Cykatea,dun-modr,1620,monk,mistweaver,235,128,107
12440,Happymonktwo,ravencrest,1620,monk,mistweaver,94,50,44
12441,Issho,der-rat-von-dalaran,1620,monk,mistweaver,36,19,17
12442,Jyll,malganis,1620,monk,mistweaver,41,18,23
12443,Inthepoopa,outland,1618,monk,mistweaver,90,51,39
12444,Jpstwo,gorgonnash,1617,monk,mistweaver,54,28,26
12445,Jetleê,eredar,1617,monk,mistweaver,138,71,67
12446,Ричфлекс,howling-fjord,1616,monk,mistweaver,152,95,57
12447,Кулаквнос,gordunni,1616,monk,mistweaver,54,30,24
12448,Fansolini,burning-legion,1616,monk,mistweaver,46,22,24
12449,Binkote,zuljin,1615,monk,mistweaver,77,46,31
12450,Ceeja,blackmoore,1615,monk,mistweaver,137,76,61
12451,Extrimist,sylvanas,1615,monk,mistweaver,99,52,47
12452,Myeers,dun-modr,1615,monk,mistweaver,48,24,24
12453,Kaizetsu,drakthul,1614,monk,mistweaver,36,27,9
12454,Wwception,blackrock,1614,monk,mistweaver,38,22,16
12455,Ipmanlol,archimonde,1614,monk,mistweaver,78,45,33
12456,Sensorium,ravencrest,1614,monk,mistweaver,108,59,49
12457,Watchmedamp,draenor,1613,monk,mistweaver,176,104,72
12458,Soulxq,blackrock,1613,monk,mistweaver,90,51,39
12459,Dokternelg,silvermoon,1612,monk,mistweaver,30,20,10
12460,Sart,aerie-peak,1612,monk,mistweaver,42,22,20
12461,Jayber,laughing-skull,1611,monk,mistweaver,36,22,14
12462,Kåýðø,archimonde,1610,monk,mistweaver,72,42,30
12463,Ryx,twisting-nether,1610,monk,mistweaver,43,21,22
12464,Kitingbuddha,aegwynn,1609,monk,mistweaver,114,62,52
12465,Chiuna,sylvanas,1608,monk,mistweaver,36,20,16
12466,Ignygodx,ragnaros,1608,monk,mistweaver,35,19,16
12467,Òó,vashj,1608,monk,mistweaver,48,24,24
12468,Perelman,burning-legion,1607,monk,mistweaver,39,19,20
12469,Vanoarabidze,ravencrest,1607,monk,mistweaver,54,25,29
12470,Ulns,blackrock,1607,monk,mistweaver,60,25,35
12471,Rogvi,argent-dawn,1605,monk,mistweaver,132,59,73
12472,Igozoom,draenor,1604,monk,mistweaver,36,29,7
12473,Mushush,draenor,1604,monk,mistweaver,40,25,15
12474,Riendy,silvermoon,1604,monk,mistweaver,164,92,72
12475,Hokespokus,silvermoon,1603,monk,mistweaver,53,31,22
12476,Xurf,draenor,1602,monk,mistweaver,30,22,8
12477,Räyh,outland,1602,monk,mistweaver,57,31,26
12478,Kukn,twisting-nether,1602,monk,mistweaver,51,23,28
12479,Zýru,ragnaros,1601,monk,mistweaver,65,38,27
12480,Yörg,eredar,1600,monk,mistweaver,51,30,21
12481,Snookzlol,aegwynn,1600,monk,mistweaver,65,38,27
12482,Hardi,chamber-of-aspects,1597,monk,mistweaver,90,44,46
12483,Бладмонки,soulflayer,1596,monk,mistweaver,36,22,14
12484,Dicedkiwi,quelthalas,1596,monk,mistweaver,149,85,64
12485,Факенщет,soulflayer,1596,monk,mistweaver,36,20,16
12486,Enoffovicz,archimonde,1595,monk,mistweaver,30,21,9
12487,Marqinio,archimonde,1594,monk,mistweaver,36,19,17
12488,Hamsster,ravencrest,1594,monk,mistweaver,78,38,40
12489,Brewstea,kazzak,1594,monk,mistweaver,66,29,37
12490,Chàrràth,blackmoore,1593,monk,mistweaver,121,62,59
12491,Crymonkya,aegwynn,1592,monk,mistweaver,102,61,41
12492,Crôcøpx,blackhand,1592,monk,mistweaver,36,19,17
12493,Yäffa,archimonde,1591,monk,mistweaver,78,37,41
12494,Elmonkodonko,draenor,1590,monk,mistweaver,30,17,13
12495,Brüderlichke,elune,1590,monk,mistweaver,42,19,23
12496,Zenfir,sylvanas,1587,monk,mistweaver,68,43,25
12497,Вдыхайтуман,gordunni,1585,monk,mistweaver,90,51,39
12498,Çz,tarren-mill,1585,monk,mistweaver,30,17,13
12499,Слишкомхорош,thermaplugg,1580,monk,mistweaver,23,17,6
12500,Melamonk,ravencrest,1575,monk,mistweaver,144,74,70
12501,Belärus,outland,1573,monk,mistweaver,36,19,17
12502,Plebmonkx,frostmane,1571,monk,mistweaver,137,73,64
12503,ßojo,kazzak,1570,monk,mistweaver,51,35,16
12504,Warsox,aegwynn,1570,monk,mistweaver,48,26,22
12505,Diffenbachia,outland,1569,monk,mistweaver,51,36,15
12506,Namelessmist,drakthul,1569,monk,mistweaver,42,26,16
12507,Неэверида,deepholm,1569,monk,mistweaver,126,72,54
12508,Orgasmix,tarren-mill,1569,monk,mistweaver,42,21,21
12509,Gronoz,drakthul,1562,monk,mistweaver,66,43,23
12510,Smâsh,blackhand,1561,monk,mistweaver,58,39,19
12511,Pamtu,dun-modr,1561,monk,mistweaver,48,28,20
12512,Yukimøn,hyjal,1560,monk,mistweaver,48,37,11
12513,Bitbird,zirkel-des-cenarius,1557,monk,mistweaver,42,25,17
12514,Rzi,amanthul,1555,monk,mistweaver,143,80,63
12515,Монккд,gordunni,1555,monk,mistweaver,153,85,68
12516,Sindresa,outland,1553,monk,mistweaver,48,25,23
12517,Taìka,archimonde,1546,monk,mistweaver,27,17,10
12518,Prettysus,silvermoon,1546,monk,mistweaver,66,41,25
12519,Macpunchy,defias-brotherhood,1545,monk,mistweaver,30,18,12
12520,Авентусс,howling-fjord,1544,monk,mistweaver,30,22,8
12521,Fìstpwnjk,forscherliga,1542,monk,mistweaver,56,38,18
12522,Тевикс,gordunni,1542,monk,mistweaver,60,30,30
12523,Kapitan,sanguino,1539,monk,mistweaver,63,39,24
12524,Самадайка,howling-fjord,1539,monk,mistweaver,128,69,59
12525,Endorrphine,ravencrest,1538,monk,mistweaver,80,35,45
12526,Ticktak,archimonde,1536,monk,mistweaver,50,36,14
12527,Фуфинус,gordunni,1535,monk,mistweaver,36,16,20
12528,Pembi,blades-edge,1534,monk,mistweaver,80,39,41
12529,Vitnam,auchindoun,1533,monk,mistweaver,84,51,33
12530,Ashenore,outland,1533,monk,mistweaver,42,17,25
12531,Xaíris,blackrock,1529,monk,mistweaver,32,16,16
12532,Hôn,sanguino,1528,monk,mistweaver,23,17,6
12533,Mistbringer,kazzak,1528,monk,mistweaver,244,130,114
12534,Freyas,outland,1527,monk,mistweaver,53,29,24
12535,Shkorwi,drakthul,1525,monk,mistweaver,30,17,13
12536,Musashiden,twisting-nether,1525,monk,mistweaver,42,23,19
12537,Rhatid,twisting-nether,1525,monk,mistweaver,54,28,26
12538,Wernos,archimonde,1523,monk,mistweaver,30,16,14
12539,Fatskeleton,stormreaver,1523,monk,mistweaver,421,197,224
12540,Hollymêdx,blackmoore,1521,monk,mistweaver,37,22,15
12541,Plaguer,nordrassil,1519,monk,mistweaver,30,18,12
12542,Kæmará,blackrock,1519,monk,mistweaver,30,16,14
12543,Dmonk,alakir,1517,monk,mistweaver,72,34,38
12544,Misthera,burning-legion,1517,monk,mistweaver,72,32,40
12545,Mistïnguette,dalaran,1516,monk,mistweaver,90,55,35
12546,Genjosanso,kazzak,1515,monk,mistweaver,119,71,48
12547,Sobadzlolz,alexstrasza,1515,monk,mistweaver,60,28,32
12548,Visk,blackmoore,1514,monk,mistweaver,60,36,24
12549,Patiencebro,archimonde,1514,monk,mistweaver,36,16,20
12550,Notfist,kazzak,1513,monk,mistweaver,54,35,19
12551,Xiaokingqvq,silvermoon,1512,monk,mistweaver,78,41,37
12552,Германика,soulflayer,1511,monk,mistweaver,86,43,43
12553,Loddarita,ravencrest,1510,monk,mistweaver,36,28,8
12554,Medovic,blackmoore,1510,monk,mistweaver,156,89,67
12555,Idrdob,kazzak,1510,monk,mistweaver,87,49,38
12556,Encanthar,blackhand,1508,monk,mistweaver,219,116,103
12557,Urbàs,blackmoore,1507,monk,mistweaver,36,25,11
12558,Zeldrís,ragnaros,1505,monk,mistweaver,57,27,30
12559,Spoompls,argent-dawn,1505,monk,mistweaver,54,24,30
12560,Gravityfist,aegwynn,1503,monk,mistweaver,36,18,18
12561,Mankee,kazzak,1503,monk,mistweaver,32,16,16
12562,Caniluvz,eredar,1501,monk,mistweaver,24,16,8
12563,Гачитварина,galakrond,1499,monk,mistweaver,24,16,8
12564,Njursten,twilights-hammer,1496,monk,mistweaver,189,94,95
12565,Setup,thrall,1495,monk,mistweaver,147,81,66
12566,Heramonk,dun-modr,1495,monk,mistweaver,34,17,17
12567,Miînd,tarren-mill,1494,monk,mistweaver,48,29,19
12568,Monkzdino,destromath,1494,monk,mistweaver,47,24,23
12569,Eckø,rashgarroth,1489,monk,mistweaver,36,24,12
12570,Thuz,kazzak,1488,monk,mistweaver,63,34,29
12571,Moveietss,stormscale,1485,monk,mistweaver,18,16,2
12572,Bóber,kazzak,1485,monk,mistweaver,42,22,20
12573,Waitaminute,outland,1484,monk,mistweaver,96,58,38
12574,Sneezao,ravencrest,1484,monk,mistweaver,150,82,68
12575,Fungku,azjolnerub,1483,monk,mistweaver,187,95,92
12576,Théverre,uldaman,1482,monk,mistweaver,102,61,41
12577,Leblatt,blackhand,1481,monk,mistweaver,36,24,12
12578,Incapme,outland,1479,monk,mistweaver,85,51,34
12579,Vooxis,drakthul,1479,monk,mistweaver,30,17,13
12580,Okdontnerf,kazzak,1478,monk,mistweaver,72,35,37
12581,Kreynich,blackhand,1477,monk,mistweaver,36,25,11
12582,Dìó,tarren-mill,1477,monk,mistweaver,210,117,93
12583,Pikemi,dun-modr,1477,monk,mistweaver,36,17,19
12584,Lukeybabyy,defias-brotherhood,1476,monk,mistweaver,30,20,10
12585,Влажныйтач,soulflayer,1475,monk,mistweaver,30,19,11
12586,Benenutz,archimonde,1474,monk,mistweaver,30,23,7
12587,Grauwe,stormscale,1474,monk,mistweaver,27,17,10
12588,Quezatrix,ravencrest,1473,monk,mistweaver,132,69,63
12589,Амаззонния,soulflayer,1469,monk,mistweaver,90,41,49
12590,Moistweaver,hellfire,1468,monk,mistweaver,84,44,40
12591,Zenified,ragnaros,1468,monk,mistweaver,82,40,42
12592,Zinnout,twisting-nether,1467,monk,mistweaver,36,26,10
12593,Leôlulu,blackmoore,1465,monk,mistweaver,30,23,7
12594,Saitamä,archimonde,1464,monk,mistweaver,68,27,41
12595,Orkiya,archimonde,1463,monk,mistweaver,270,141,129
12596,Psychocop,drakthul,1462,monk,mistweaver,77,37,40
12597,Pøwcow,blackrock,1459,monk,mistweaver,113,61,52
12598,Noni,gorgonnash,1459,monk,mistweaver,65,31,34
12599,Endir,mazrigos,1458,monk,mistweaver,30,19,11
12600,Mîstxd,kazzak,1457,monk,mistweaver,23,16,7
12601,Monkgd,sylvanas,1457,monk,mistweaver,126,73,53
12602,Timmyßênz,kaelthas,1456,monk,mistweaver,42,26,16
12603,Heartless,sporeggar,1448,monk,mistweaver,36,28,8
12604,Suggy,kilrogg,1447,monk,mistweaver,36,20,16
12605,Civix,sanguino,1443,monk,mistweaver,98,57,41
12606,Shiguru,dun-morogh,1441,monk,mistweaver,59,35,24
12607,Фунтих,soulflayer,1439,monk,mistweaver,18,15,3
12608,Vienuolè,silvermoon,1439,monk,mistweaver,24,15,9
12609,Demakis,stormscale,1439,monk,mistweaver,47,29,18
12610,Acidflexx,kazzak,1437,monk,mistweaver,24,16,8
12611,Zukatan,tarren-mill,1436,monk,mistweaver,75,40,35
12612,Cbmonk,sylvanas,1435,monk,mistweaver,30,21,9
12613,Chikokon,silvermoon,1435,monk,mistweaver,43,28,15
12614,Kungfupandy,blackmoore,1435,monk,mistweaver,145,84,61
12615,Подвижник,soulflayer,1434,monk,mistweaver,24,15,9
12616,Lanory,blackmoore,1433,monk,mistweaver,24,15,9
12617,Tokz,ravencrest,1430,monk,mistweaver,30,19,11
12618,Fisterinos,blackrock,1430,monk,mistweaver,48,30,18
12619,Nievah,argent-dawn,1430,monk,mistweaver,39,24,15
12620,Malkaviano,kazzak,1430,monk,mistweaver,80,46,34
12621,Puddinpop,auchindoun,1427,monk,mistweaver,61,29,32
12622,Linshai,eredar,1423,monk,mistweaver,24,15,9
12623,Evâ,stormscale,1423,monk,mistweaver,24,15,9
12624,Yarie,blackmoore,1423,monk,mistweaver,78,39,39
12625,Ðurîmar,ravencrest,1420,monk,mistweaver,27,16,11
12626,Xianxiaa,ravencrest,1420,monk,mistweaver,88,51,37
12627,Индоран,howling-fjord,1419,monk,mistweaver,48,33,15
12628,Lacasyto,sanguino,1417,monk,mistweaver,18,15,3
12629,Elity,archimonde,1416,monk,mistweaver,34,26,8
12630,Yotke,ravencrest,1416,monk,mistweaver,24,15,9
12631,Slugerpigen,stormscale,1416,monk,mistweaver,113,65,48
12632,Calmpalms,tarren-mill,1416,monk,mistweaver,51,25,26
12633,Biftas,nagrand,1415,monk,mistweaver,27,16,11
12634,Mistsen,kazzak,1414,monk,mistweaver,81,47,34
12635,Zenzu,blackmoore,1411,monk,mistweaver,30,20,10
12636,Фапдао,howling-fjord,1410,monk,mistweaver,56,27,29
12637,Applestrûdel,blackrock,1406,monk,mistweaver,39,23,16
12638,Bambøuéqtz,khaz-modan,1404,monk,mistweaver,24,17,7
12639,Freemann,archimonde,1404,monk,mistweaver,189,102,87
12640,Pandacus,silvermoon,1401,monk,mistweaver,78,35,43
12641,Kroyus,antonidas,1399,monk,mistweaver,114,58,56
12642,Farmander,silvermoon,1394,monk,mistweaver,85,51,34
12643,Woushou,outland,1393,monk,mistweaver,54,33,21
12644,Popcornn,archimonde,1389,monk,mistweaver,54,29,25
12645,Haxxo,die-nachtwache,1387,monk,mistweaver,32,22,10
12646,Badcøwboy,archimonde,1387,monk,mistweaver,122,54,68
12647,Rymz,sanguino,1385,monk,mistweaver,85,50,35
12648,Scare,stormreaver,1384,monk,mistweaver,43,23,20
12649,Pundok,blackrock,1383,monk,mistweaver,59,34,25
12650,Umagon,chogall,1383,monk,mistweaver,60,29,31
12651,Nirexi,blackrock,1381,monk,mistweaver,39,16,23
12652,Allosthenos,ravencrest,1379,monk,mistweaver,27,18,9
12653,Kruemelkeks,frostwolf,1378,monk,mistweaver,57,33,24
12654,Vivir,stormreaver,1377,monk,mistweaver,91,50,41
12655,Onlyvegan,ravencrest,1375,monk,mistweaver,28,16,12
12656,Тучковский,lich-king,1373,monk,mistweaver,24,15,9
12657,Faa,archimonde,1367,monk,mistweaver,23,17,6
12658,Beaglemo,blackrock,1366,monk,mistweaver,35,15,20
12659,Мирюзаки,gordunni,1358,monk,mistweaver,34,19,15
12660,Brêwjob,archimonde,1356,monk,mistweaver,34,20,14
12661,Thayne,blades-edge,1354,monk,mistweaver,30,15,15
12662,Romk,darkspear,1352,monk,mistweaver,36,25,11
12663,Патаомальчик,blackscar,1352,monk,mistweaver,35,15,20
12664,Mestro,argent-dawn,1348,monk,mistweaver,124,74,50
12665,Quendi,arthas,1348,monk,mistweaver,149,78,71
12666,Coollann,drakthul,1347,monk,mistweaver,30,15,15
12667,Déffly,ravencrest,1343,monk,mistweaver,18,14,4
12668,Akuuji,silvermoon,1342,monk,mistweaver,24,14,10
12669,Zagar,emeriss,1342,monk,mistweaver,24,14,10
12670,Trifogeorge,archimonde,1342,monk,mistweaver,24,14,10
12671,Ultrasense,outland,1342,monk,mistweaver,24,14,10
12672,Lmnsx,ravencrest,1342,monk,mistweaver,24,14,10
12673,Ipmonk,outland,1341,monk,mistweaver,18,14,4
12674,Dudulinda,silvermoon,1341,monk,mistweaver,66,32,34
12675,Tyzin,blackrock,1340,monk,mistweaver,30,17,13
12676,Shiftkin,stormscale,1339,monk,mistweaver,30,14,16
12677,Cybert,blackmoore,1339,monk,mistweaver,35,15,20
12678,Jeññie,stormscale,1337,monk,mistweaver,18,14,4
12679,Teacup,aegwynn,1337,monk,mistweaver,48,32,16
12680,Aseidith,tarren-mill,1337,monk,mistweaver,24,14,10
12681,Kaàli,pozzo-delleternità,1337,monk,mistweaver,24,14,10
12682,Gigilonis,korgall,1337,monk,mistweaver,115,59,56
12683,Rocknreroll,executus,1336,monk,mistweaver,30,14,16
12684,Løsang,blackrock,1335,monk,mistweaver,86,56,30
12685,Shokko,uldaman,1334,monk,mistweaver,24,14,10
12686,Boomboôom,outland,1332,monk,mistweaver,24,14,10
12687,Fistingfury,burning-blade,1332,monk,mistweaver,72,32,40
12688,Xarêlla,aegwynn,1332,monk,mistweaver,36,14,22
12689,Caskgut,ravencrest,1330,monk,mistweaver,48,29,19
12690,Dumplings,earthen-ring,1329,monk,mistweaver,30,16,14
12691,Sajin,la-croisade-écarlate,1329,monk,mistweaver,36,15,21
12692,Ohmegah,frostmane,1327,monk,mistweaver,18,14,4
12693,Zenmastêr,twisting-nether,1327,monk,mistweaver,69,37,32
12694,Vladikus,tarren-mill,1323,monk,mistweaver,75,35,40
12695,Krylin,antonidas,1322,monk,mistweaver,93,45,48
12696,Kwacisawhe,die-aldor,1321,monk,mistweaver,51,21,30
12697,Akalaja,alakir,1316,monk,mistweaver,34,19,15
12698,Musslee,elune,1316,monk,mistweaver,42,15,27
12699,Bluum,ravencrest,1315,monk,mistweaver,42,19,23
12700,Thegrudge,dragonblight,1315,monk,mistweaver,42,16,26
12701,Bruceflea,blackrock,1313,monk,mistweaver,150,82,68
12702,Shreckmonk,burning-blade,1313,monk,mistweaver,30,14,16
12703,Brewswíllis,tarren-mill,1312,monk,mistweaver,18,14,4
12704,Gråce,nemesis,1312,monk,mistweaver,30,20,10
12705,Moohamood,argent-dawn,1311,monk,mistweaver,36,14,22
12706,Loreo,burning-legion,1310,monk,mistweaver,81,48,33
12707,Onlyfísts,stormscale,1304,monk,mistweaver,48,16,32
12708,Тадоичи,soulflayer,1299,monk,mistweaver,24,14,10
12709,Vetocorleone,kazzak,1299,monk,mistweaver,123,64,59
12710,Джоский,borean-tundra,1299,monk,mistweaver,60,23,37
12711,Камикадзэн,gordunni,1296,monk,mistweaver,24,15,9
12712,Pandimaci,ragnaros,1295,monk,mistweaver,47,27,20
12713,Zenmist,kazzak,1294,monk,mistweaver,23,14,9
12714,Guthäxlul,khazgoroth,1294,monk,mistweaver,144,75,69
12715,Blamethegame,hyjal,1293,monk,mistweaver,17,14,3
12716,Хэйхати,gordunni,1289,monk,mistweaver,53,26,27
12717,Mareki,nethersturm,1288,monk,mistweaver,38,19,19
12718,Carnat,blackrock,1284,monk,mistweaver,30,17,13
12719,Trivi,blackrock,1284,monk,mistweaver,45,24,21
12720,Drboombay,kazzak,1283,monk,mistweaver,38,21,17
12721,Ðëvx,argent-dawn,1281,monk,mistweaver,84,45,39
12722,Numpys,sanguino,1277,monk,mistweaver,29,14,15
12723,Schaulong,blackmoore,1274,monk,mistweaver,42,20,22
12724,Kushvendorx,silvermoon,1273,monk,mistweaver,29,14,15
12725,Ugras,auchindoun,1273,monk,mistweaver,36,14,22
12726,Yeetkunmeep,outland,1272,monk,mistweaver,48,23,25
12727,Oddessa,ravenholdt,1270,monk,mistweaver,84,42,42
12728,Mishax,draenor,1268,monk,mistweaver,78,38,40
12729,Boredom,wildhammer,1266,monk,mistweaver,60,35,25
12730,Szilvia,sylvanas,1263,monk,mistweaver,48,25,23
12731,Evelios,blackmoore,1262,monk,mistweaver,41,23,18
12732,Nîcko,ravencrest,1259,monk,mistweaver,24,14,10
12733,Macgyverr,outland,1258,monk,mistweaver,24,14,10
12734,Лалафест,soulflayer,1258,monk,mistweaver,28,14,14
12735,Chígoku,grim-batol,1257,monk,mistweaver,52,23,29
12736,Vanquishlølz,archimonde,1255,monk,mistweaver,45,21,24
12737,Трикленд,azuregos,1254,monk,mistweaver,30,15,15
12738,Yahní,eredar,1253,monk,mistweaver,47,24,23
12739,Putrezitu,ragnaros,1252,monk,mistweaver,27,17,10
12740,Namitsa,trollbane,1250,monk,mistweaver,30,16,14
12741,Bleja,blackhand,1249,monk,mistweaver,28,15,13
12742,Sheishot,kazzak,1249,monk,mistweaver,31,15,16
12743,Supaverli,archimonde,1248,monk,mistweaver,18,13,5
12744,Angeryw,kazzak,1248,monk,mistweaver,18,13,5
12745,Jackål,silvermoon,1247,monk,mistweaver,21,14,7
12746,Sonydl,archimonde,1247,monk,mistweaver,22,14,8
12747,Loiythree,dun-modr,1247,monk,mistweaver,30,13,17
12748,Natsuø,nemesis,1246,monk,mistweaver,18,13,5
12749,Xdhehehexd,twisting-nether,1246,monk,mistweaver,18,13,5
12750,Йуппи,galakrond,1246,monk,mistweaver,24,13,11
12751,Nesthorian,draenor,1246,monk,mistweaver,123,61,62
12752,Papimonkx,garona,1246,monk,mistweaver,30,13,17
12753,Репабликус,gordunni,1246,monk,mistweaver,30,13,17
12754,Yèna,pozzo-delleternità,1245,monk,mistweaver,60,24,36
12755,Ana,eredar,1244,monk,mistweaver,24,13,11
12756,Toon,eredar,1244,monk,mistweaver,86,41,45
12757,Кубермонкер,gordunni,1243,monk,mistweaver,24,13,11
12758,Nìkâ,blackmoore,1243,monk,mistweaver,57,29,28
12759,Bigmckoy,kazzak,1242,monk,mistweaver,21,14,7
12760,Mmrkick,kazzak,1241,monk,mistweaver,24,13,11
12761,Ouaipäül,archimonde,1241,monk,mistweaver,24,13,11
12762,Chibuku,burning-legion,1240,monk,mistweaver,24,13,11
12763,Kayen,frostwhisper,1238,monk,mistweaver,46,23,23
12764,Baddany,sanguino,1238,monk,mistweaver,54,26,28
12765,Bigballs,ysera,1236,monk,mistweaver,30,13,17
12766,Marrave,chogall,1236,monk,mistweaver,63,22,41
12767,Drpajhiwo,burning-legion,1234,monk,mistweaver,52,30,22
12768,Maiver,stormscale,1230,monk,mistweaver,24,14,10
12769,Chainster,defias-brotherhood,1229,monk,mistweaver,70,35,35
12770,Panicfist,stormscale,1227,monk,mistweaver,27,13,14
12771,Windspiritt,ragnaros,1227,monk,mistweaver,30,13,17
12772,Boomshaq,defias-brotherhood,1226,monk,mistweaver,30,14,16
12773,Tsifsakari,silvermoon,1222,monk,mistweaver,36,13,23
12774,Xplosiv,twisting-nether,1220,monk,mistweaver,18,13,5
12775,Wteg,emerald-dream,1220,monk,mistweaver,30,14,16
12776,Mondrim,burning-legion,1218,monk,mistweaver,40,16,24
12777,Jetchi,twisting-nether,1215,monk,mistweaver,72,43,29
12778,Galaxyfist,ragnaros,1215,monk,mistweaver,48,25,23
12779,Makïi,archimonde,1214,monk,mistweaver,45,25,20
12780,Fistus,dentarg,1214,monk,mistweaver,29,13,16
12781,Bhasundara,turalyon,1212,monk,mistweaver,88,51,37
12782,Monkehst,dun-modr,1210,monk,mistweaver,60,25,35
12783,Badonkamonk,twilights-hammer,1209,monk,mistweaver,42,26,16
12784,Salsina,nemesis,1208,monk,mistweaver,102,54,48
12785,Mofisto,bladefist,1208,monk,mistweaver,60,29,31
12786,Ivi,neptulon,1197,monk,mistweaver,58,29,29
12787,Larå,ravencrest,1190,monk,mistweaver,119,55,64
12788,Ksll,silvermoon,1189,monk,mistweaver,36,17,19
12789,Fulgrem,stormscale,1188,monk,mistweaver,27,15,12
12790,Phrynè,silvermoon,1182,monk,mistweaver,31,16,15
12791,Torqualis,kazzak,1181,monk,mistweaver,96,45,51
12792,Carloz,drakthul,1174,monk,mistweaver,30,16,14
12793,Stolas,spinebreaker,1172,monk,mistweaver,24,14,10
12794,Fistweavr,antonidas,1171,monk,mistweaver,36,14,22
12795,Nevelbeast,rexxar,1169,monk,mistweaver,51,27,24
12796,Boozmoo,stormscale,1166,monk,mistweaver,22,16,6
12797,Brewzleè,ravencrest,1165,monk,mistweaver,34,14,20
12798,Xwtdreamz,hyjal,1156,monk,mistweaver,36,14,22
12799,Yuuhai,ravencrest,1152,monk,mistweaver,18,12,6
12800,Swoshz,ragnaros,1152,monk,mistweaver,24,12,12
12801,Кодизи,gordunni,1151,monk,mistweaver,18,12,6
12802,Shixen,ragnaros,1151,monk,mistweaver,24,12,12
12803,Phyxone,twisting-nether,1151,monk,mistweaver,24,12,12
12804,Monkeycoke,ragnaros,1151,monk,mistweaver,24,12,12
12805,Lildaddymonk,ravencrest,1151,monk,mistweaver,30,12,18
12806,Zesha,zuljin,1151,monk,mistweaver,30,12,18
12807,Xado,aegwynn,1150,monk,mistweaver,18,12,6
12808,Нунтяк,gordunni,1150,monk,mistweaver,24,12,12
12809,Cubw,archimonde,1148,monk,mistweaver,24,12,12
12810,Aryphus,blackmoore,1148,monk,mistweaver,24,12,12
12811,Tokkz,eredar,1143,monk,mistweaver,16,13,3
12812,Tintatama,aszune,1143,monk,mistweaver,82,36,46
12813,Shiftchenko,stormscale,1142,monk,mistweaver,42,24,18
12814,Cicera,kazzak,1138,monk,mistweaver,30,12,18
12815,Syyrø,silvermoon,1137,monk,mistweaver,36,12,24
12816,Lubeï,kirin-tor,1131,monk,mistweaver,34,21,13
12817,Graffy,eonar,1130,monk,mistweaver,24,16,8
12818,Sydras,silvermoon,1130,monk,mistweaver,128,63,65
12819,Bensó,stormscale,1129,monk,mistweaver,18,15,3
12820,Tripitakâ,dun-modr,1120,monk,mistweaver,35,13,22
12821,Лабирончик,blackscar,1119,monk,mistweaver,16,13,3
12822,Trnd,draenor,1119,monk,mistweaver,41,15,26
12823,Jumper,xavius,1118,monk,mistweaver,24,12,12
12824,Akiiro,aegwynn,1118,monk,mistweaver,36,15,21
12825,Cudworth,silvermoon,1116,monk,mistweaver,18,14,4
12826,Assfist,drakthul,1116,monk,mistweaver,84,49,35
12827,Worf,haomarush,1116,monk,mistweaver,24,13,11
12828,Tsouli,twilights-hammer,1116,monk,mistweaver,24,12,12
12829,Friartucker,bloodhoof,1114,monk,mistweaver,33,22,11
12830,Zøubida,draenor,1111,monk,mistweaver,24,12,12
12831,Bullbøx,chamber-of-aspects,1100,monk,mistweaver,27,12,15
12832,Ляосинь,deepholm,1099,monk,mistweaver,24,12,12
12833,Alphafist,argent-dawn,1093,monk,mistweaver,24,12,12
12834,Carcasce,la-croisade-écarlate,1089,monk,mistweaver,36,20,16
12835,Enceladion,burning-legion,1089,monk,mistweaver,42,19,23
12836,Loctak,nathrezim,1075,monk,mistweaver,54,38,16
12837,Hvnm,ravencrest,1073,monk,mistweaver,54,27,27
12838,Saneshayne,ravencrest,1071,monk,mistweaver,17,12,5
12839,Wangho,magtheridon,1067,monk,mistweaver,42,16,26
12840,Benzzy,ragnaros,1064,monk,mistweaver,19,12,7
12841,Bobbyknuckls,ravencrest,1064,monk,mistweaver,54,17,37
12842,Brünó,kazzak,1061,monk,mistweaver,39,26,13
12843,Loiyah,dun-modr,1056,monk,mistweaver,18,11,7
12844,Snówtea,silvermoon,1056,monk,mistweaver,18,11,7
12845,Precocconx,stormreaver,1056,monk,mistweaver,18,11,7
12846,Öhlinmonk,outland,1056,monk,mistweaver,18,11,7
12847,Izuwumi,ragnaros,1056,monk,mistweaver,18,11,7
12848,Vöyage,kazzak,1056,monk,mistweaver,18,11,7
12849,Ffxivrefugee,argent-dawn,1056,monk,mistweaver,24,11,13
12850,Darkmonkky,tarren-mill,1056,monk,mistweaver,24,11,13
12851,Kakor,gorgonnash,1055,monk,mistweaver,18,11,7
12852,Darlaa,ravencrest,1055,monk,mistweaver,18,11,7
12853,Clemoine,archimonde,1055,monk,mistweaver,18,11,7
12854,Cochonhalall,archimonde,1055,monk,mistweaver,24,11,13
12855,Polch,archimonde,1055,monk,mistweaver,24,11,13
12856,Almonkdiga,sanguino,1055,monk,mistweaver,24,11,13
12857,Jakethestake,twilights-hammer,1054,monk,mistweaver,12,11,1
12858,Hærleyquin,ravencrest,1054,monk,mistweaver,18,11,7
12859,Irêfutabil,sylvanas,1054,monk,mistweaver,18,11,7
12860,Neehl,aegwynn,1054,monk,mistweaver,18,11,7
12861,Lanvia,argent-dawn,1054,monk,mistweaver,18,11,7
12862,Pitit,outland,1054,monk,mistweaver,36,11,25
12863,Shàká,stormscale,1052,monk,mistweaver,12,11,1
12864,Pepesmacks,kazzak,1052,monk,mistweaver,18,11,7
12865,Basthek,blackhand,1052,monk,mistweaver,30,11,19
12866,Lambofmonkz,stormscale,1052,monk,mistweaver,36,11,25
12867,Dachilla,gilneas,1051,monk,mistweaver,22,12,10
12868,Campix,blackmoore,1051,monk,mistweaver,24,11,13
12869,Eynodiggity,blackmoore,1050,monk,mistweaver,24,11,13
12870,Brewmâster,kazzak,1050,monk,mistweaver,24,11,13
12871,Sandrafarm,ragnaros,1049,monk,mistweaver,30,19,11
12872,Shiesel,draenor,1048,monk,mistweaver,24,11,13
12873,Fisticuffs,tarren-mill,1048,monk,mistweaver,24,11,13
12874,Mjaweaver,stormscale,1046,monk,mistweaver,62,23,39
12875,Irphan,ravencrest,1042,monk,mistweaver,18,11,7
12876,Ívó,ragnaros,1039,monk,mistweaver,24,11,13
12877,Monkypunch,tarren-mill,1039,monk,mistweaver,28,12,16
12878,Kungfubatti,stormscale,1034,monk,mistweaver,24,11,13
12879,Mcronald,blackhand,1031,monk,mistweaver,46,23,23
12880,Dèathpunch,doomhammer,1025,monk,mistweaver,54,26,28
12881,Ugotcraned,tarren-mill,1019,monk,mistweaver,72,27,45
12882,Birdymonk,boulderfist,1009,monk,mistweaver,36,22,14
12883,Dipdop,blackhand,1008,monk,mistweaver,45,18,27
12884,Mwmkgodxz,archimonde,1007,monk,mistweaver,15,12,3
12885,Celestine,mugthol,1002,monk,mistweaver,60,28,32
12886,Апесиинка,gordunni,1002,monk,mistweaver,24,11,13
12887,Zenchî,ysondre,1001,monk,mistweaver,22,13,9
12888,Fatcarry,blackrock,1001,monk,mistweaver,35,12,23
12889,Lucebree,nozdormu,999,monk,mistweaver,48,18,30
12890,Kégman,silvermoon,992,monk,mistweaver,33,18,15
12891,Heäléna,ragnaros,979,monk,mistweaver,21,15,6
12892,Лолидевочка,soulflayer,973,monk,mistweaver,37,11,26
12893,Äcé,sylvanas,972,monk,mistweaver,25,11,14
12894,Keeba,kirin-tor,967,monk,mistweaver,149,70,79
12895,Suchergebnis,tarren-mill,964,monk,mistweaver,66,23,43
12896,Habmit,ravencrest,960,monk,mistweaver,12,10,2
12897,Kz,culte-de-la-rive-noire,960,monk,mistweaver,12,10,2
12898,Glaphan,the-maelstrom,960,monk,mistweaver,12,10,2
12899,Dihsa,ragnaros,960,monk,mistweaver,12,10,2
12900,Chisurgeon,outland,960,monk,mistweaver,18,10,8
12901,Ofwgkta,moonglade,960,monk,mistweaver,18,10,8
12902,Féfè,archimonde,960,monk,mistweaver,24,10,14
12903,Xoleck,aegwynn,960,monk,mistweaver,24,10,14
12904,Citamonk,blackmoore,959,monk,mistweaver,12,10,2
12905,Steveé,kazzak,959,monk,mistweaver,12,10,2
12906,Mimimatrick,hyjal,959,monk,mistweaver,12,10,2
12907,Xadoqt,aegwynn,959,monk,mistweaver,18,10,8
12908,Zlodey,laughing-skull,959,monk,mistweaver,18,10,8
12909,Såvonnette,ysondre,959,monk,mistweaver,18,10,8
12910,Mâjô,blackhand,959,monk,mistweaver,18,10,8
12911,Erapanzon,nemesis,959,monk,mistweaver,18,10,8
12912,Coularx,stormscale,959,monk,mistweaver,18,10,8
12913,Kickin,burning-legion,959,monk,mistweaver,18,10,8
12914,Минимонахх,blackscar,959,monk,mistweaver,18,10,8
12915,Якунка,soulflayer,959,monk,mistweaver,24,10,14
12916,Stanimirov,outland,959,monk,mistweaver,24,10,14
12917,Zappikmonk,silvermoon,958,monk,mistweaver,12,10,2
12918,Doingmaster,blackrock,958,monk,mistweaver,18,10,8
12919,Fettakules,eredar,958,monk,mistweaver,18,10,8
12920,Oregan,conseil-des-ombres,958,monk,mistweaver,18,10,8
12921,Yuyuni,laughing-skull,958,monk,mistweaver,18,10,8
12922,Búns,draenor,958,monk,mistweaver,18,10,8
12923,Уиннии,soulflayer,958,monk,mistweaver,18,10,8
12924,Imamonk,tarren-mill,957,monk,mistweaver,24,10,14
12925,Erenaar,nemesis,956,monk,mistweaver,12,10,2
12926,Rheinair,antonidas,956,monk,mistweaver,24,10,14
12927,Bruceliam,emerald-dream,955,monk,mistweaver,24,10,14
12928,Йомо,borean-tundra,954,monk,mistweaver,30,10,20
12929,Amélith,kirin-tor,953,monk,mistweaver,18,10,8
12930,Tojokirumi,dalaran,951,monk,mistweaver,12,10,2
12931,Monkyd,stormscale,950,monk,mistweaver,18,10,8
12932,Ariä,marécage-de-zangar,930,monk,mistweaver,24,13,11
12933,Venac,burning-legion,914,monk,mistweaver,14,12,2
12934,Dícxi,ravencrest,910,monk,mistweaver,17,10,7
12935,Myfresh,ysondre,910,monk,mistweaver,26,11,15
12936,Behrens,defias-brotherhood,905,monk,mistweaver,21,11,10
12937,Maikez,stormreaver,896,monk,mistweaver,28,10,18
12938,Indris,dun-modr,895,monk,mistweaver,17,10,7
12939,Changzu,sanguino,894,monk,mistweaver,30,15,15
12940,Kelechi,stormreaver,894,monk,mistweaver,20,10,10
12941,Мишапяточка,howling-fjord,890,monk,mistweaver,12,11,1
12942,Eclipsè,dragonmaw,889,monk,mistweaver,17,10,7
12943,Rokux,kazzak,880,monk,mistweaver,19,10,9
12944,Тиктокмонк,gordunni,877,monk,mistweaver,20,11,9
12945,Mikemanmonk,ravencrest,864,monk,mistweaver,12,9,3
12946,Djsnake,blackrock,864,monk,mistweaver,12,9,3
12947,Remyhadley,dun-modr,864,monk,mistweaver,12,9,3
12948,Iixil,sylvanas,864,monk,mistweaver,12,9,3
12949,Kebabrolle,blackrock,864,monk,mistweaver,18,9,9
12950,Zóma,ragnaros,864,monk,mistweaver,18,9,9
12951,Jiest,outland,864,monk,mistweaver,18,9,9
12952,Monkasape,nemesis,864,monk,mistweaver,18,9,9
12953,Kaguræ,hyjal,864,monk,mistweaver,18,9,9
12954,Balia,blackrock,864,monk,mistweaver,24,9,15
12955,Pô,sanguino,863,monk,mistweaver,12,9,3
12956,Schane,zuluhed,863,monk,mistweaver,12,9,3
12957,Shabaz,draenor,863,monk,mistweaver,12,9,3
12958,Simonex,ravencrest,863,monk,mistweaver,12,9,3
12959,Monkwithlove,blackhand,863,monk,mistweaver,18,9,9
12960,Nimander,burning-legion,863,monk,mistweaver,18,9,9
12961,Kattlåda,darkspear,863,monk,mistweaver,18,9,9
12962,Kyleestrutt,stormscale,863,monk,mistweaver,18,9,9
12963,Niborc,doomhammer,862,monk,mistweaver,12,9,3
12964,Beerbringer,kazzak,862,monk,mistweaver,12,9,3
12965,Inear,chogall,862,monk,mistweaver,18,9,9
12966,Konexzx,blackmoore,861,monk,mistweaver,12,9,3
12967,Mwsama,stormscale,861,monk,mistweaver,12,9,3
12968,Koldar,grim-batol,861,monk,mistweaver,17,12,5
12969,Mistréss,silvermoon,858,monk,mistweaver,18,9,9
12970,Ronanze,silvermoon,858,monk,mistweaver,30,14,16
12971,Herdom,blackmoore,856,monk,mistweaver,12,9,3
12972,Arathos,tichondrius,852,monk,mistweaver,12,9,3
12973,Blackmonk,chromaggus,852,monk,mistweaver,18,9,9
12974,Liwong,antonidas,850,monk,mistweaver,12,9,3
12975,ßæutiful,silvermoon,835,monk,mistweaver,30,13,17
12976,Melysà,antonidas,815,monk,mistweaver,17,9,8
12977,Akkadianx,ravencrest,814,monk,mistweaver,23,9,14
12978,Tèam,defias-brotherhood,810,monk,mistweaver,15,9,6
12979,Extaszeh,turalyon,802,monk,mistweaver,17,11,6
12980,Nyrkkiseski,outland,799,monk,mistweaver,11,9,2
12981,Nawak,archimonde,768,monk,mistweaver,12,8,4
12982,Ciridely,thrall,768,monk,mistweaver,12,8,4
12983,Fckisrael,archimonde,768,monk,mistweaver,12,8,4
12984,Гуппер,howling-fjord,768,monk,mistweaver,12,8,4
12985,Mástermônkèy,tarren-mill,768,monk,mistweaver,12,8,4
12986,Wisebeb,les-clairvoyants,768,monk,mistweaver,12,8,4
12987,Kradder,nordrassil,768,monk,mistweaver,12,8,4
12988,Hurjat,stormreaver,768,monk,mistweaver,12,8,4
12989,Ikuyaa,ravencrest,768,monk,mistweaver,12,8,4
12990,Shyrea,nazjatar,768,monk,mistweaver,12,8,4
12991,Jiuhjitsu,blackmoore,768,monk,mistweaver,12,8,4
12992,Adrianchase,ravencrest,768,monk,mistweaver,12,8,4
12993,Àjay,outland,768,monk,mistweaver,12,8,4
12994,Miamalkøva,nemesis,768,monk,mistweaver,12,8,4
12995,Cattleyah,ysondre,768,monk,mistweaver,12,8,4
12996,Zødiac,quelthalas,768,monk,mistweaver,12,8,4
12997,Brxmonki,antonidas,768,monk,mistweaver,12,8,4
12998,Mvm,outland,768,monk,mistweaver,12,8,4
12999,Brutamonk,blackmoore,768,monk,mistweaver,12,8,4
13000,Rminto,twisting-nether,768,monk,mistweaver,18,8,10
13001,Nillebpgodx,kazzak,768,monk,mistweaver,18,8,10
13002,Ronkingkong,ravencrest,768,monk,mistweaver,18,8,10
13003,Adamlól,tarren-mill,768,monk,mistweaver,18,8,10
13004,Mharlie,stormscale,768,monk,mistweaver,18,8,10
13005,Tøxicweaver,kazzak,768,monk,mistweaver,18,8,10
13006,Blantai,tarren-mill,768,monk,mistweaver,24,8,16
13007,Truelo,eredar,767,monk,mistweaver,12,8,4
13008,Tanyà,hyjal,767,monk,mistweaver,12,8,4
13009,Мистхоррор,gordunni,767,monk,mistweaver,12,8,4
13010,Adzk,tarren-mill,767,monk,mistweaver,12,8,4
13011,Maigraith,malganis,767,monk,mistweaver,12,8,4
13012,Lin,nathrezim,767,monk,mistweaver,12,8,4
13013,Saduh,thrall,767,monk,mistweaver,18,8,10
13014,Luciellie,archimonde,767,monk,mistweaver,18,8,10
13015,Gízmö,tarren-mill,767,monk,mistweaver,18,8,10
13016,Lerouxx,archimonde,767,monk,mistweaver,18,8,10
13017,Qî,ravencrest,767,monk,mistweaver,24,8,16
13018,Snack,mannoroth,766,monk,mistweaver,12,8,4
13019,Nulojeu,archimonde,766,monk,mistweaver,12,8,4
13020,Riip,ysondre,766,monk,mistweaver,12,8,4
13021,Nela,sanguino,766,monk,mistweaver,18,8,10
13022,Astolfochan,silvermoon,766,monk,mistweaver,18,8,10
13023,Gakunie,blackhand,766,monk,mistweaver,18,8,10
13024,Hersmonk,drakthul,765,monk,mistweaver,12,8,4
13025,Lûxz,ragnaros,765,monk,mistweaver,18,8,10
13026,Lilniccí,blackrock,764,monk,mistweaver,12,8,4
13027,Gammelbruno,azshara,763,monk,mistweaver,12,8,4
13028,Pekinn,sanguino,761,monk,mistweaver,18,8,10
13029,Karmasfist,ravencrest,760,monk,mistweaver,12,8,4
13030,Shoshin,stormscale,760,monk,mistweaver,36,17,19
13031,Сукавкимоно,soulflayer,758,monk,mistweaver,18,8,10
13032,Zedruu,tarren-mill,751,monk,mistweaver,18,8,10
13033,Bèfmoka,sargeras,747,monk,mistweaver,120,54,66
13034,Lanuia,aegwynn,720,monk,mistweaver,15,8,7
13035,Ivnatorx,outland,719,monk,mistweaver,11,8,3
13036,Kameltreiba,antonidas,719,monk,mistweaver,17,8,9
13037,Moreløs,stormscale,710,monk,mistweaver,24,10,14
13038,Hidekami,archimonde,702,monk,mistweaver,22,8,14
13039,Oneshotmacro,spinebreaker,672,monk,mistweaver,12,7,5
13040,Dodomino,archimonde,672,monk,mistweaver,12,7,5
13041,Hessuzen,stormreaver,672,monk,mistweaver,12,7,5
13042,Räpeltäjä,stormreaver,672,monk,mistweaver,12,7,5
13043,Capwouk,tarren-mill,672,monk,mistweaver,12,7,5
13044,Bamiegoreng,aegwynn,672,monk,mistweaver,12,7,5
13045,Irønmaxx,die-aldor,672,monk,mistweaver,12,7,5
13046,Mjoo,blackrock,672,monk,mistweaver,12,7,5
13047,Yulon,blackrock,672,monk,mistweaver,12,7,5
13048,Tøwtc,outland,672,monk,mistweaver,12,7,5
13049,Mommymonk,outland,672,monk,mistweaver,12,7,5
13050,Wåñmëíßãøx,sylvanas,672,monk,mistweaver,12,7,5
13051,Mêshuggâh,malganis,672,monk,mistweaver,12,7,5
13052,Flexify,outland,672,monk,mistweaver,12,7,5
13053,Prismaticx,ravencrest,672,monk,mistweaver,12,7,5
13054,Monkel,frostwolf,672,monk,mistweaver,12,7,5
13055,Kbwser,silvermoon,672,monk,mistweaver,12,7,5
13056,Merçury,dun-morogh,672,monk,mistweaver,12,7,5
13057,Bekachu,ragnaros,672,monk,mistweaver,12,7,5
13058,Fugmonk,ravencrest,672,monk,mistweaver,12,7,5
13059,Teamviewer,blackmoore,672,monk,mistweaver,12,7,5
13060,Vingurd,terokkar,672,monk,mistweaver,12,7,5
13061,Frajer,auchindoun,672,monk,mistweaver,12,7,5
13062,Stdzym,tarren-mill,672,monk,mistweaver,18,7,11
13063,Yumhai,dun-modr,672,monk,mistweaver,18,7,11
13064,Leïsha,ysondre,672,monk,mistweaver,18,7,11
13065,Abdulhealer,stormscale,672,monk,mistweaver,18,7,11
13066,Scz,draenor,672,monk,mistweaver,18,7,11
13067,Jagermonk,doomhammer,671,monk,mistweaver,12,7,5
13068,Кисеч,soulflayer,671,monk,mistweaver,12,7,5
13069,Achtal,blackmoore,671,monk,mistweaver,12,7,5
13070,Chigee,kazzak,671,monk,mistweaver,12,7,5
13071,Мистерхюй,gordunni,671,monk,mistweaver,12,7,5
13072,Anadia,blackrock,671,monk,mistweaver,12,7,5
13073,Conguitø,colinas-pardas,671,monk,mistweaver,12,7,5
13074,Fonk,blades-edge,671,monk,mistweaver,12,7,5
13075,Lobnx,kazzak,671,monk,mistweaver,12,7,5
13076,Rebekko,pozzo-delleternità,671,monk,mistweaver,18,7,11
13077,Lazuros,auchindoun,671,monk,mistweaver,18,7,11
13078,Uncleheal,tarren-mill,671,monk,mistweaver,18,7,11
13079,Jarô,silvermoon,671,monk,mistweaver,24,7,17
13080,Zendyy,argent-dawn,670,monk,mistweaver,12,7,5
13081,Ytonie,gorgonnash,670,monk,mistweaver,12,7,5
13082,Monkinamight,turalyon,670,monk,mistweaver,12,7,5
13083,Bréwsléé,ragnaros,670,monk,mistweaver,12,7,5
13084,Rhuru,argent-dawn,670,monk,mistweaver,14,7,7
13085,Loorda,neptulon,669,monk,mistweaver,12,7,5
13086,Zywoo,emerald-dream,668,monk,mistweaver,18,7,11
13087,Fistarfrans,sylvanas,639,monk,mistweaver,8,8,0
13088,Klischi,taerar,639,monk,mistweaver,17,7,10
13089,Chucknorrís,kilrogg,624,monk,mistweaver,15,7,8
13090,Vatsmijter,silvermoon,623,monk,mistweaver,11,7,4
13091,Chìless,shadowsong,576,monk,mistweaver,6,6,0
13092,Lilithrevan,frostmourne,576,monk,mistweaver,6,6,0
13093,Xerzulo,silvermoon,576,monk,mistweaver,6,6,0
13094,Redundänt,kazzak,576,monk,mistweaver,6,6,0
13095,Mowì,stormscale,576,monk,mistweaver,6,6,0
13096,Кувырбек,howling-fjord,576,monk,mistweaver,6,6,0
13097,Chexmonk,silvermoon,576,monk,mistweaver,12,6,6
13098,Åmba,blackrock,576,monk,mistweaver,12,6,6
13099,Xameht,the-maelstrom,576,monk,mistweaver,12,6,6
13100,Musaya,chamber-of-aspects,576,monk,mistweaver,12,6,6
13101,Ygêrne,archimonde,576,monk,mistweaver,12,6,6
13102,Bigkim,khadgar,576,monk,mistweaver,12,6,6
13103,Cøcøøn,blackrock,576,monk,mistweaver,12,6,6
13104,Discoelysia,outland,576,monk,mistweaver,12,6,6
13105,Pivomamrad,drakthul,576,monk,mistweaver,12,6,6
13106,Mistur,blackrock,576,monk,mistweaver,12,6,6
13107,Poohya,silvermoon,576,monk,mistweaver,12,6,6
13108,Oiorie,twisting-nether,576,monk,mistweaver,12,6,6
13109,Iliketofist,ravencrest,576,monk,mistweaver,12,6,6
13110,Mørbradgryde,silvermoon,576,monk,mistweaver,12,6,6
13111,Mahøni,malganis,576,monk,mistweaver,12,6,6
13112,Кончеглаз,soulflayer,576,monk,mistweaver,12,6,6
13113,Telder,sylvanas,576,monk,mistweaver,12,6,6
13114,Aritisi,tarren-mill,576,monk,mistweaver,12,6,6
13115,Vedak,stormreaver,576,monk,mistweaver,12,6,6
13116,Maybeexm,ravencrest,576,monk,mistweaver,12,6,6
13117,Annoyingtwo,archimonde,576,monk,mistweaver,12,6,6
13118,Yez,azjolnerub,576,monk,mistweaver,12,6,6
13119,Goamix,ravencrest,576,monk,mistweaver,12,6,6
13120,Vàlky,outland,576,monk,mistweaver,12,6,6
13121,Potkuri,stormreaver,576,monk,mistweaver,12,6,6
13122,Коумана,gordunni,576,monk,mistweaver,15,7,8
13123,Торен,soulflayer,576,monk,mistweaver,18,6,12
13124,Ness,hyjal,576,monk,mistweaver,18,6,12
13125,Modequillo,blackmoore,576,monk,mistweaver,18,6,12
13126,Renegatt,twisting-nether,576,monk,mistweaver,18,6,12
13127,Heyami,ravencrest,576,monk,mistweaver,24,6,18
13128,Itsthemonkky,tarren-mill,576,monk,mistweaver,24,6,18
13129,Fraideberoa,ravencrest,575,monk,mistweaver,6,6,0
13130,Smitheal,outland,575,monk,mistweaver,6,6,0
13131,Vexzen,tarren-mill,575,monk,mistweaver,12,6,6
13132,Фериго,gordunni,575,monk,mistweaver,12,6,6
13133,Rakowo,arthas,575,monk,mistweaver,12,6,6
13134,Drlyn,blackmoore,575,monk,mistweaver,12,6,6
13135,Samie,ravencrest,575,monk,mistweaver,12,6,6
13136,Tily,stormreaver,575,monk,mistweaver,12,6,6
13137,Drír,archimonde,575,monk,mistweaver,12,6,6
13138,Skonk,frostmane,575,monk,mistweaver,12,6,6
13139,Latify,todeswache,575,monk,mistweaver,18,6,12
13140,Painswîft,blackhand,575,monk,mistweaver,18,6,12
13141,Mulana,sanguino,575,monk,mistweaver,18,6,12
13142,Fellatia,garrosh,574,monk,mistweaver,6,6,0
13143,Othalain,silvermoon,574,monk,mistweaver,12,6,6
13144,Irishdëmon,ravencrest,574,monk,mistweaver,16,6,10
13145,Gârdt,blackmoore,573,monk,mistweaver,6,6,0
13146,Xalyà,archimonde,556,monk,mistweaver,14,8,6
13147,Psychö,zuljin,538,monk,mistweaver,17,6,11
13148,Lidalol,silvermoon,527,monk,mistweaver,9,7,2
13149,Trymax,blackmoore,522,monk,mistweaver,17,7,10
13150,Saliya,draenor,512,monk,mistweaver,10,6,4
13151,Tarzaki,hyjal,494,monk,mistweaver,13,6,7
13152,Dánný,antonidas,494,monk,mistweaver,13,6,7
13153,Holyrop,aegwynn,480,monk,mistweaver,6,5,1
13154,Gaalon,ravencrest,480,monk,mistweaver,6,5,1
13155,Blinkër,sanguino,480,monk,mistweaver,6,5,1
13156,Lfmasctop,ravencrest,480,monk,mistweaver,6,5,1
13157,Veladana,chamber-of-aspects,480,monk,mistweaver,6,5,1
13158,Stromon,silvermoon,480,monk,mistweaver,6,5,1
13159,Dukhi,kazzak,480,monk,mistweaver,6,5,1
13160,Cítysushi,draenor,480,monk,mistweaver,6,5,1
13161,Plancton,kazzak,480,monk,mistweaver,6,5,1
13162,Kaowar,nerzhul,480,monk,mistweaver,6,5,1
13163,Fistpunk,kazzak,480,monk,mistweaver,6,5,1
13164,Sloopkogel,tarren-mill,480,monk,mistweaver,6,5,1
13165,Lovange,silvermoon,480,monk,mistweaver,6,5,1
13166,Pafia,sargeras,480,monk,mistweaver,6,5,1
13167,Подорожнник,gordunni,480,monk,mistweaver,6,5,1
13168,Sio,dentarg,480,monk,mistweaver,6,5,1
13169,Marvboy,aegwynn,480,monk,mistweaver,6,5,1
13170,Керизз,gordunni,480,monk,mistweaver,6,5,1
13171,Павнмонкх,gordunni,480,monk,mistweaver,6,5,1
13172,Такиера,gordunni,480,monk,mistweaver,6,5,1
13173,Биак,howling-fjord,480,monk,mistweaver,8,5,3
13174,Ðrçleañ,stormreaver,480,monk,mistweaver,12,5,7
13175,Kandislee,ravencrest,480,monk,mistweaver,12,5,7
13176,Jacm,blackhand,480,monk,mistweaver,12,5,7
13177,Holyropx,aegwynn,480,monk,mistweaver,12,5,7
13178,Erandja,silvermoon,480,monk,mistweaver,12,5,7
13179,Torinia,madmortem,480,monk,mistweaver,12,5,7
13180,Monkjakt,draenor,480,monk,mistweaver,12,5,7
13181,Bountyño,dun-modr,480,monk,mistweaver,12,5,7
13182,Siezlebabo,blackrock,480,monk,mistweaver,12,5,7
13183,Ajay,outland,480,monk,mistweaver,12,5,7
13184,Gemil,argent-dawn,480,monk,mistweaver,12,5,7
13185,Folfimo,silvermoon,480,monk,mistweaver,12,5,7
13186,Tîptap,blackrock,480,monk,mistweaver,12,5,7
13187,Minervaez,grim-batol,480,monk,mistweaver,12,5,7
13188,Ariluna,tarren-mill,480,monk,mistweaver,12,5,7
13189,Wkiller,outland,480,monk,mistweaver,18,5,13
13190,Diabolùs,blackmoore,480,monk,mistweaver,18,5,13
13191,Madraven,ravencrest,480,monk,mistweaver,18,5,13
13192,Whytoosxy,silvermoon,480,monk,mistweaver,18,5,13
13193,Ðéliora,la-croisade-écarlate,480,monk,mistweaver,24,5,19
13194,Proxxona,eredar,479,monk,mistweaver,6,5,1
13195,Brucechi,kargath,479,monk,mistweaver,6,5,1
13196,Jackamonk,kazzak,479,monk,mistweaver,12,5,7
13197,Sotqyy,stormscale,479,monk,mistweaver,12,5,7
13198,Luigimonk,dun-modr,479,monk,mistweaver,12,5,7
13199,Дарума,grom,479,monk,mistweaver,12,5,7
13200,Яутжа,soulflayer,479,monk,mistweaver,12,5,7
13201,Knotze,eredar,479,monk,mistweaver,18,5,13
13202,Gantz,blackhand,479,monk,mistweaver,24,5,19
13203,Toaborsten,tarren-mill,478,monk,mistweaver,6,5,1
13204,Cheriedevile,drakthul,478,monk,mistweaver,18,5,13
13205,Брэйки,lich-king,478,monk,mistweaver,18,5,13
13206,Drugarix,uldaman,475,monk,mistweaver,12,5,7
13207,Mistyheals,nagrand,474,monk,mistweaver,12,5,7
13208,Jsuispasheal,dalaran,473,monk,mistweaver,12,5,7
13209,Filomenata,rexxar,469,monk,mistweaver,19,5,14
13210,Pìmpìnelle,garona,432,monk,mistweaver,9,6,3
13211,Dræk,twisting-nether,426,monk,mistweaver,19,6,13
13212,Годъяр,gordunni,415,monk,mistweaver,8,5,3
13213,Missislee,aegwynn,384,monk,mistweaver,6,4,2
13214,Олежатоксик,gordunni,384,monk,mistweaver,6,4,2
13215,Эрумонк,gordunni,384,monk,mistweaver,6,4,2
13216,Zanizu,blackhand,384,monk,mistweaver,6,4,2
13217,Naìsh,arygos,384,monk,mistweaver,6,4,2
13218,Escopetin,los-errantes,384,monk,mistweaver,6,4,2
13219,Mialena,eredar,384,monk,mistweaver,6,4,2
13220,Jlo,stormscale,384,monk,mistweaver,6,4,2
13221,Meineaugen,blackhand,384,monk,mistweaver,6,4,2
13222,Valdaras,runetotem,384,monk,mistweaver,6,4,2
13223,Skusle,defias-brotherhood,384,monk,mistweaver,6,4,2
13224,Bhrag,die-aldor,384,monk,mistweaver,6,4,2
13225,Bratana,dun-morogh,384,monk,mistweaver,6,4,2
13226,Alomonk,archimonde,384,monk,mistweaver,6,4,2
13227,Ryac,defias-brotherhood,384,monk,mistweaver,6,4,2
13228,Mugn,sanguino,384,monk,mistweaver,6,4,2
13229,Sinnermonkk,outland,384,monk,mistweaver,6,4,2
13230,Camlen,draenor,384,monk,mistweaver,6,4,2
13231,Callim,blackrock,384,monk,mistweaver,6,4,2
13232,Bigdaddypump,blackmoore,384,monk,mistweaver,6,4,2
13233,Katmunk,kazzak,384,monk,mistweaver,6,4,2
13234,Punkfukanda,drakthul,384,monk,mistweaver,6,4,2
13235,Bréwmáster,silvermoon,384,monk,mistweaver,6,4,2
13236,Peaceweaver,ravencrest,384,monk,mistweaver,6,4,2
13237,Yoogychi,ravencrest,384,monk,mistweaver,6,4,2
13238,Roudious,arathi,384,monk,mistweaver,6,4,2
13239,Bigflex,conseil-des-ombres,384,monk,mistweaver,6,4,2
13240,Ennamoly,blackmoore,384,monk,mistweaver,6,4,2
13241,Jemijedno,drakthul,384,monk,mistweaver,6,4,2
13242,Barracüs,dun-modr,384,monk,mistweaver,6,4,2
13243,Dath,outland,384,monk,mistweaver,6,4,2
13244,Trancendent,silvermoon,384,monk,mistweaver,6,4,2
13245,Муррчалкин,howling-fjord,384,monk,mistweaver,6,4,2
13246,Erannas,turalyon,384,monk,mistweaver,6,4,2
13247,Dog,garona,384,monk,mistweaver,6,4,2
13248,Monkersquad,doomhammer,384,monk,mistweaver,6,4,2
13249,Atenazadonte,sanguino,384,monk,mistweaver,6,4,2
13250,Foaqer,aegwynn,384,monk,mistweaver,6,4,2
13251,Meuhporgg,hyjal,384,monk,mistweaver,6,4,2
13252,Gumar,antonidas,384,monk,mistweaver,6,4,2
13253,Xevol,burning-legion,384,monk,mistweaver,6,4,2
13254,Lizardspock,hyjal,384,monk,mistweaver,6,4,2
13255,Sushiroller,blackrock,384,monk,mistweaver,6,4,2
13256,Леобтв,soulflayer,384,monk,mistweaver,6,4,2
13257,Фешнмонк,soulflayer,384,monk,mistweaver,6,4,2
13258,Highline,draenor,384,monk,mistweaver,6,4,2
13259,Nêrfmeta,kazzak,384,monk,mistweaver,6,4,2
13260,Gangichi,blackhand,384,monk,mistweaver,9,5,4
13261,Kunolis,kazzak,384,monk,mistweaver,8,4,4
13262,Слишкомхорош,howling-fjord,384,monk,mistweaver,12,4,8
13263,Bûl,blackmoore,384,monk,mistweaver,12,4,8
13264,Invsionrush,crushridge,384,monk,mistweaver,12,4,8
13265,Audaz,dun-modr,384,monk,mistweaver,12,4,8
13266,Boîndíl,malfurion,384,monk,mistweaver,12,4,8
13267,Woofi,tarren-mill,384,monk,mistweaver,12,4,8
13268,Eth,nagrand,384,monk,mistweaver,12,4,8
13269,Nebelwandler,blackhand,384,monk,mistweaver,12,4,8
13270,Dromarch,dun-modr,384,monk,mistweaver,12,4,8
13271,Bruceli,darkmoon-faire,384,monk,mistweaver,12,4,8
13272,Тсайм,howling-fjord,384,monk,mistweaver,12,4,8
13273,Daitaro,ravencrest,384,monk,mistweaver,12,4,8
13274,Akùmawíns,archimonde,384,monk,mistweaver,12,4,8
13275,Supwithat,kazzak,383,monk,mistweaver,6,4,2
13276,Wrathing,tarren-mill,383,monk,mistweaver,6,4,2
13277,Senseithai,trollbane,383,monk,mistweaver,12,4,8
13278,Gnomebrew,ravencrest,383,monk,mistweaver,12,4,8
13279,Xentimus,kazzak,383,monk,mistweaver,12,4,8
13280,Eucalyptuz,draenor,383,monk,mistweaver,12,4,8
13281,Fkflying,defias-brotherhood,381,monk,mistweaver,12,4,8
13282,Geeberz,twisting-nether,380,monk,mistweaver,12,4,8
13283,Matrim,arathor,351,monk,mistweaver,8,5,3
13284,Chiá,tarren-mill,351,monk,mistweaver,11,4,7
13285,Thiccbaby,kazzak,336,monk,mistweaver,9,4,5
13286,Yøda,malganis,335,monk,mistweaver,9,4,5
13287,Quotes,darksorrow,330,monk,mistweaver,16,6,10
13288,Midgetyoda,outland,330,monk,mistweaver,17,5,12
13289,Монкиннияя,gordunni,330,monk,mistweaver,21,6,15
13290,Ilikeducks,ravencrest,319,monk,mistweaver,5,4,1
13291,Zaalleh,draenor,319,monk,mistweaver,5,4,1
13292,Strillen,twisting-nether,304,monk,mistweaver,7,4,3
13293,Shoskio,chamber-of-aspects,288,monk,mistweaver,6,3,3
13294,Fistíe,sylvanas,288,monk,mistweaver,6,3,3
13295,Kragor,eredar,288,monk,mistweaver,6,3,3
13296,Родо,blackscar,288,monk,mistweaver,6,3,3
13297,Zyrosmonk,blackmoore,288,monk,mistweaver,6,3,3
13298,Coalsack,outland,288,monk,mistweaver,6,3,3
13299,Culiacàn,blackmoore,288,monk,mistweaver,6,3,3
13300,Perikencito,dun-modr,288,monk,mistweaver,6,3,3
13301,Xanderpowa,sanguino,288,monk,mistweaver,6,3,3
13302,Moinalisaa,outland,288,monk,mistweaver,6,3,3
13303,Dr,sylvanas,288,monk,mistweaver,6,3,3
13304,Fshn,sylvanas,288,monk,mistweaver,6,3,3
13305,Píco,gorgonnash,288,monk,mistweaver,6,3,3
13306,Koba,frostwolf,288,monk,mistweaver,6,3,3
13307,Лемонк,gordunni,288,monk,mistweaver,6,3,3
13308,Dråf,ysondre,288,monk,mistweaver,6,3,3
13309,Baisi,blackhand,288,monk,mistweaver,6,3,3
13310,Loempia,outland,288,monk,mistweaver,6,3,3
13311,Viggex,outland,288,monk,mistweaver,6,3,3
13312,Yutahon,azjolnerub,288,monk,mistweaver,6,3,3
13313,Kaizenthor,runetotem,288,monk,mistweaver,6,3,3
13314,Ninetz,tarren-mill,288,monk,mistweaver,6,3,3
13315,Crommul,burning-legion,288,monk,mistweaver,6,3,3
13316,Louiemon,outland,288,monk,mistweaver,6,3,3
13317,Mecin,ragnaros,288,monk,mistweaver,6,3,3
13318,Lassador,onyxia,288,monk,mistweaver,6,3,3
13319,Domedagsdamp,draenor,288,monk,mistweaver,6,3,3
13320,Uggs,hyjal,288,monk,mistweaver,6,3,3
13321,Киликххл,deathguard,288,monk,mistweaver,6,3,3
13322,Chakuro,ravencrest,288,monk,mistweaver,6,3,3
13323,Mistless,ragnaros,288,monk,mistweaver,6,3,3
13324,Rípple,alakir,288,monk,mistweaver,6,3,3
13325,Mickeyworms,archimonde,288,monk,mistweaver,6,3,3
13326,Fistwave,malganis,288,monk,mistweaver,6,3,3
13327,Moistweaver,drakthul,288,monk,mistweaver,6,3,3
13328,Carlteaz,drakthul,288,monk,mistweaver,6,3,3
13329,Leikô,grim-batol,288,monk,mistweaver,6,3,3
13330,Tiddor,burning-legion,288,monk,mistweaver,6,3,3
13331,Wèéman,grim-batol,288,monk,mistweaver,6,3,3
13332,Fairhand,emerald-dream,288,monk,mistweaver,6,3,3
13333,Kylâas,die-ewige-wacht,288,monk,mistweaver,6,3,3
13334,Neptulion,ravencrest,288,monk,mistweaver,6,3,3
13335,Demmonkz,stormreaver,288,monk,mistweaver,6,3,3
13336,Миражмонк,howling-fjord,288,monk,mistweaver,6,3,3
13337,Atommyran,frostmane,288,monk,mistweaver,6,3,3
13338,Craneovic,kult-der-verdammten,288,monk,mistweaver,6,3,3
13339,Córporation,outland,288,monk,mistweaver,6,3,3
13340,Màlydôr,outland,288,monk,mistweaver,6,3,3
13341,Коррелир,howling-fjord,288,monk,mistweaver,6,3,3
13342,Totemlygodx,alakir,288,monk,mistweaver,6,3,3
13343,Kätelyys,dun-modr,288,monk,mistweaver,6,3,3
13344,Friidam,lightbringer,288,monk,mistweaver,6,3,3
13345,Saáru,argent-dawn,288,monk,mistweaver,6,3,3
13346,Relentlessly,blackrock,288,monk,mistweaver,6,3,3
13347,Askmeout,ravencrest,288,monk,mistweaver,7,3,4
13348,Tossen,ragnaros,288,monk,mistweaver,12,3,9
13349,Nasaislying,grim-batol,288,monk,mistweaver,12,3,9
13350,Løkî,culte-de-la-rive-noire,288,monk,mistweaver,12,3,9
13351,Jinora,theradras,288,monk,mistweaver,12,3,9
13352,Justfistyoux,archimonde,288,monk,mistweaver,12,3,9
13353,Lonechi,sylvanas,288,monk,mistweaver,12,3,9
13354,Olîvê,ravencrest,288,monk,mistweaver,12,3,9
13355,Fistmeg,grim-batol,288,monk,mistweaver,12,3,9
13356,Drunklee,aegwynn,288,monk,mistweaver,12,3,9
13357,Leøni,malfurion,288,monk,mistweaver,12,3,9
13358,Brewdooms,laughing-skull,288,monk,mistweaver,12,3,9
13359,Спартаннка,gordunni,287,monk,mistweaver,6,3,3
13360,Ryanshazier,eredar,287,monk,mistweaver,6,3,3
13361,Bo,malorne,287,monk,mistweaver,6,3,3
13362,Playboicarti,frostwolf,287,monk,mistweaver,6,3,3
13363,Brizs,outland,287,monk,mistweaver,6,3,3
13364,Hanumahn,kilrogg,287,monk,mistweaver,12,3,9
13365,Pepefocho,sanguino,286,monk,mistweaver,6,3,3
13366,Maharaj,terenas,255,monk,mistweaver,11,3,8
13367,Trlmøna,gorgonnash,240,monk,mistweaver,9,4,5
13368,Pikajeww,kazzak,239,monk,mistweaver,5,3,2
13369,Nïkaa,dun-modr,234,monk,mistweaver,8,5,3
13370,Sugra,frostwolf,234,monk,mistweaver,9,4,5
13371,Mouhous,hellscream,234,monk,mistweaver,13,4,9
13372,Арнольдовна,blackscar,234,monk,mistweaver,17,4,13
13373,Colita,kazzak,233,monk,mistweaver,16,5,11
13374,Ronocs,turalyon,223,monk,mistweaver,8,3,5
13375,Fistandfury,outland,192,monk,mistweaver,6,2,4
13376,Shynlee,frostwhisper,192,monk,mistweaver,6,2,4
13377,Wilymonka,dalaran,192,monk,mistweaver,6,2,4
13378,Siouxxsie,thunderhorn,192,monk,mistweaver,6,2,4
13379,Ebonymilfy,archimonde,192,monk,mistweaver,6,2,4
13380,Jetsweep,kazzak,192,monk,mistweaver,6,2,4
13381,Merlyñ,blackmoore,192,monk,mistweaver,6,2,4
13382,Wifeeagro,doomhammer,192,monk,mistweaver,6,2,4
13383,Rbgmachine,burning-legion,192,monk,mistweaver,6,2,4
13384,Kmorhin,antonidas,192,monk,mistweaver,6,2,4
13385,Loveít,blackrock,192,monk,mistweaver,6,2,4
13386,Pleasure,laughing-skull,192,monk,mistweaver,6,2,4
13387,Dalaipyjama,quelthalas,192,monk,mistweaver,6,2,4
13388,Sashun,blackmoore,192,monk,mistweaver,6,2,4
13389,Scorpìon,blackrock,192,monk,mistweaver,6,2,4
13390,Dennismansix,sylvanas,192,monk,mistweaver,6,2,4
13391,Bakersdozen,tarren-mill,192,monk,mistweaver,6,2,4
13392,Auaaua,ravencrest,192,monk,mistweaver,6,2,4
13393,Justacomma,outland,192,monk,mistweaver,6,2,4
13394,Poyi,ravencrest,192,monk,mistweaver,6,2,4
13395,Domingovivas,dun-modr,192,monk,mistweaver,6,2,4
13396,Mystize,shattered-hand,192,monk,mistweaver,6,2,4
13397,Зараз,gordunni,192,monk,mistweaver,6,2,4
13398,Trippyv,ragnaros,192,monk,mistweaver,6,2,4
13399,Yinsho,stormscale,192,monk,mistweaver,6,2,4
13400,Кулаквтебе,borean-tundra,192,monk,mistweaver,6,2,4
13401,Fisterxd,blackrock,192,monk,mistweaver,6,2,4
13402,Tøngpø,argent-dawn,192,monk,mistweaver,6,2,4
13403,Exbuddhist,outland,192,monk,mistweaver,6,2,4
13404,Acbcz,draenor,192,monk,mistweaver,6,2,4
13405,Фистингкоуч,gordunni,192,monk,mistweaver,6,2,4
13406,Jolifine,alleria,192,monk,mistweaver,6,2,4
13407,Cranecannon,aegwynn,192,monk,mistweaver,6,2,4
13408,Sînge,archimonde,192,monk,mistweaver,6,2,4
13409,Rgkekw,dun-modr,192,monk,mistweaver,6,2,4
13410,Liluzi,aszune,192,monk,mistweaver,6,2,4
13411,Каземат,booty-bay,192,monk,mistweaver,6,2,4
13412,Dunkfjås,stormscale,192,monk,mistweaver,6,2,4
13413,Espectrå,dun-modr,192,monk,mistweaver,6,2,4
13414,Тэсси,blackscar,192,monk,mistweaver,6,2,4
13415,Syy,medivh,192,monk,mistweaver,6,2,4
13416,Saintmoon,drakthul,192,monk,mistweaver,6,2,4
13417,Jadefain,argent-dawn,192,monk,mistweaver,6,2,4
13418,Люсилью,howling-fjord,192,monk,mistweaver,6,2,4
13419,Kûngfu,tarren-mill,192,monk,mistweaver,6,2,4
13420,Ascrem,ragnaros,192,monk,mistweaver,12,2,10
13421,Chîca,ysondre,192,monk,mistweaver,12,2,10
13422,Добраядушка,gordunni,192,monk,mistweaver,12,2,10
13423,Konnîchîwa,kazzak,192,monk,mistweaver,12,2,10
13424,Brixelol,kazzak,192,monk,mistweaver,12,2,10
13425,Johnsôn,blackmoore,192,monk,mistweaver,12,2,10
13426,Daltailr,silvermoon,192,monk,mistweaver,12,2,10
13427,Sargnorak,dalaran,191,monk,mistweaver,6,2,4
13428,Чвка,booty-bay,191,monk,mistweaver,6,2,4
13429,Hisagi,khaz-modan,191,monk,mistweaver,6,2,4
13430,Fréýáá,blackrock,191,monk,mistweaver,6,2,4
13431,Pandasia,kargath,186,monk,mistweaver,16,4,12
13432,Andrah,blackmoore,185,monk,mistweaver,14,4,10
13433,Swiftmonky,azuremyst,159,monk,mistweaver,5,2,3
13434,Саас,gordunni,159,monk,mistweaver,5,2,3
13435,Киото,ashenvale,159,monk,mistweaver,5,2,3
13436,Зрти,gordunni,138,monk,mistweaver,12,4,8
13437,Saïtama,krasus,138,monk,mistweaver,10,3,7
13438,Shenlong,burning-blade,138,monk,mistweaver,14,3,11
13439,Wraq,tarren-mill,128,monk,mistweaver,4,2,2
13440,Cheechong,grim-batol,127,monk,mistweaver,8,2,6
13441,Mynaira,tarren-mill,112,monk,mistweaver,19,2,17
13442,Monkolben,blackmoore,96,monk,mistweaver,6,1,5
13443,Kegrøll,doomhammer,96,monk,mistweaver,6,1,5
13444,Legpunch,the-maelstrom,96,monk,mistweaver,6,1,5
13445,Pream,blackrock,96,monk,mistweaver,6,1,5
13446,Kano,burning-legion,96,monk,mistweaver,6,1,5
13447,Àómìñêdâìkí,lightnings-blade,96,monk,mistweaver,6,1,5
13448,Assaalaria,argent-dawn,96,monk,mistweaver,6,1,5
13449,Itxelita,zuljin,96,monk,mistweaver,6,1,5
13450,Shîïna,ysondre,96,monk,mistweaver,6,1,5
13451,Mongretod,ravencrest,96,monk,mistweaver,6,1,5
13452,Whywalker,silvermoon,96,monk,mistweaver,6,1,5
13453,Rostick,drakthul,96,monk,mistweaver,6,1,5
13454,Bænkai,naxxramas,96,monk,mistweaver,6,1,5
13455,Skadchi,blackhand,96,monk,mistweaver,6,1,5
13456,Backbone,auchindoun,96,monk,mistweaver,6,1,5
13457,Brewbunnyqt,thrall,96,monk,mistweaver,6,1,5
13458,Fapmaster,aegwynn,96,monk,mistweaver,6,1,5
13459,Smlpp,kazzak,96,monk,mistweaver,6,1,5
13460,Jusex,stormreaver,96,monk,mistweaver,6,1,5
13461,Whoszeus,archimonde,96,monk,mistweaver,6,1,5
13462,Botsmw,kazzak,96,monk,mistweaver,6,1,5
13463,Brandy,kazzak,96,monk,mistweaver,6,1,5
13464,Glivilalis,drekthar,96,monk,mistweaver,6,1,5
13465,Monkinator,stormreaver,96,monk,mistweaver,6,1,5
13466,Адскиймех,deathweaver,96,monk,mistweaver,6,1,5
13467,Moorf,ravencrest,96,monk,mistweaver,6,1,5
13468,Антошамв,gordunni,96,monk,mistweaver,6,1,5
13469,Ytjin,draenor,96,monk,mistweaver,6,1,5
13470,Jessiemonk,blackhand,96,monk,mistweaver,6,1,5
13471,Lìlíy,taerar,96,monk,mistweaver,6,1,5
13472,Capos,wrathbringer,96,monk,mistweaver,11,1,10
13473,Xiâomèi,dun-modr,96,monk,mistweaver,12,1,11
13474,Upbringer,ragnaros,96,monk,mistweaver,12,1,11
13475,Griffens,argent-dawn,79,monk,mistweaver,5,1,4
13476,Botspec,twisting-nether,63,monk,mistweaver,2,2,0
13477,Rsk,antonidas,42,monk,mistweaver,10,3,7
13478,Egï,azshara,42,monk,mistweaver,8,2,6
13479,Monkeykung,defias-brotherhood,40,monk,mistweaver,16,3,13
13480,Padawang,twisting-nether,767,monk,brewmaster,24,8,16
13481,Winchun,ravencrest,565,monk,brewmaster,13,6,7
13482,Shirôhige,zirkel-des-cenarius,288,monk,brewmaster,6,3,3
13483,Tauroné,draenor,288,monk,brewmaster,12,3,9
13484,Tayoo,aegwynn,192,monk,brewmaster,6,2,4
13485,Badcøwboy,archimonde,96,monk,brewmaster,6,1,5
13486,Tylee,tarren-mill,96,monk,brewmaster,6,1,5
13487,Lubeï,kirin-tor,96,monk,brewmaster,6,1,5
13488,Lòthbar,confrérie-du-thorium,63,monk,brewmaster,2,2,0
13489,Fistyw,stormscale,2313,monk,windwalker,104,60,44
13490,Sîxmonths,stormscale,2263,monk,windwalker,72,48,24
13491,Senretsu,shattered-halls,2230,monk,windwalker,90,50,40
13492,Rmtexter,ravencrest,2198,monk,windwalker,83,44,39
13493,Queteapie,stormscale,2192,monk,windwalker,82,48,34
13494,Plaww,dalaran,2172,monk,windwalker,120,75,45
13495,Monkmeta,frostwolf,2171,monk,windwalker,114,70,44
13496,Daosh,nemesis,2137,monk,windwalker,91,48,43
13497,Stepsyzz,stormscale,2126,monk,windwalker,89,46,43
13498,Tabetai,tarren-mill,2125,monk,windwalker,90,46,44
13499,Lilcatlife,tyrande,2123,monk,windwalker,66,36,30
13500,Brñ,twisting-nether,2121,monk,windwalker,72,39,33
13501,Ewynamonk,silvermoon,2121,monk,windwalker,102,51,51
13502,Unpruneable,stormscale,2120,monk,windwalker,132,67,65
13503,Snusochnocco,the-maelstrom,2120,monk,windwalker,78,39,39
13504,Redundänt,kazzak,2114,monk,windwalker,72,42,30
13505,Váinz,ravencrest,2112,monk,windwalker,78,41,37
13506,Pichouhuahua,elune,2096,monk,windwalker,120,63,57
13507,Ilovehim,antonidas,2092,monk,windwalker,66,41,25
13508,Rivazsunkick,archimonde,2089,monk,windwalker,154,76,78
13509,Fistinguhuhu,outland,2067,monk,windwalker,84,45,39
13510,Niamix,archimonde,2066,monk,windwalker,146,75,71
13511,Hitsuwalker,archimonde,2064,monk,windwalker,102,59,43
13512,Melyda,ravencrest,2008,monk,windwalker,132,74,58
13513,Enerchi,ravencrest,1988,monk,windwalker,72,42,30
13514,Мистмастер,soulflayer,1984,monk,windwalker,48,30,18
13515,Eth,nagrand,1975,monk,windwalker,84,42,42
13516,Jájsemshadow,drakthul,1971,monk,windwalker,66,36,30
13517,Balia,blackrock,1971,monk,windwalker,60,29,31
13518,Pandamoniun,aggra-português,1953,monk,windwalker,120,61,59
13519,Zukatan,tarren-mill,1937,monk,windwalker,88,45,43
13520,Theoww,dragonblight,1937,monk,windwalker,66,31,35
13521,Нелегитимный,howling-fjord,1923,monk,windwalker,190,96,94
13522,Bulluh,blackmoore,1919,monk,windwalker,47,27,20
13523,Sørann,drekthar,1916,monk,windwalker,88,48,40
13524,Hurricrane,kazzak,1915,monk,windwalker,195,98,97
13525,Muix,draenor,1906,monk,windwalker,30,20,10
13526,Riskcapcap,dentarg,1905,monk,windwalker,72,37,35
13527,Soulja,bloodfeather,1902,monk,windwalker,124,67,57
13528,Инрэйджинкап,soulflayer,1900,monk,windwalker,108,52,56
13529,Hastewalker,dun-morogh,1898,monk,windwalker,42,23,19
13530,Ksâin,ravencrest,1896,monk,windwalker,66,34,32
13531,Gyto,archimonde,1893,monk,windwalker,54,33,21
13532,Ninadobrév,stormscale,1891,monk,windwalker,103,63,40
13533,Yassøux,archimonde,1891,monk,windwalker,184,94,90
13534,Муррчалкин,howling-fjord,1880,monk,windwalker,48,28,20
13535,Ellipirelli,doomhammer,1880,monk,windwalker,70,30,40
13536,Санварион,eversong,1875,monk,windwalker,72,36,36
13537,Аррани,thermaplugg,1874,monk,windwalker,58,33,25
13538,Fotmwalker,ragnaros,1872,monk,windwalker,138,72,66
13539,Domww,outland,1871,monk,windwalker,108,59,49
13540,Щищ,gordunni,1871,monk,windwalker,102,55,47
13541,Pitball,ravencrest,1871,monk,windwalker,66,32,34
13542,Projectasura,draenor,1866,monk,windwalker,126,67,59
13543,Stillwater,thrall,1866,monk,windwalker,96,50,46
13544,Ztl,twisting-nether,1861,monk,windwalker,101,59,42
13545,Имортарион,howling-fjord,1860,monk,windwalker,42,25,17
13546,Ladderfiend,stormscale,1858,monk,windwalker,48,21,27
13547,Edenmonk,dun-morogh,1855,monk,windwalker,48,27,21
13548,Troopmonk,ravencrest,1855,monk,windwalker,117,59,58
13549,Vexíllum,sylvanas,1851,monk,windwalker,42,23,19
13550,Kokushibo,cthun,1850,monk,windwalker,54,28,26
13551,Яагрессивный,howling-fjord,1850,monk,windwalker,74,36,38
13552,Sayozz,hyjal,1849,monk,windwalker,102,51,51
13553,Gararasu,eredar,1846,monk,windwalker,42,22,20
13554,Flunkefar,defias-brotherhood,1845,monk,windwalker,90,42,48
13555,Тихийпук,deathguard,1838,monk,windwalker,146,83,63
13556,Santanax,ravencrest,1834,monk,windwalker,42,27,15
13557,Linuxx,ravencrest,1832,monk,windwalker,90,45,45
13558,Monkini,kazzak,1823,monk,windwalker,54,27,27
13559,Klumpenx,draenor,1821,monk,windwalker,80,43,37
13560,Iminzww,ravencrest,1821,monk,windwalker,54,27,27
13561,Tommypistol,runetotem,1820,monk,windwalker,84,42,42
13562,Elinalia,burning-legion,1817,monk,windwalker,48,26,22
13563,Pàrádìsé,ravencrest,1815,monk,windwalker,113,58,55
13564,Monkees,twisting-nether,1815,monk,windwalker,65,33,32
13565,Ароба,blackscar,1814,monk,windwalker,78,38,40
13566,Beernie,tarren-mill,1812,monk,windwalker,54,33,21
13567,Калестонз,howling-fjord,1811,monk,windwalker,54,31,23
13568,Lullerull,silvermoon,1810,monk,windwalker,51,31,20
13569,Nicesky,ravencrest,1810,monk,windwalker,66,32,34
13570,Shpunk,ravencrest,1810,monk,windwalker,102,47,55
13571,Orkamonka,burning-legion,1809,monk,windwalker,30,19,11
13572,Фодз,soulflayer,1809,monk,windwalker,58,26,32
13573,Рэйвх,howling-fjord,1808,monk,windwalker,36,19,17
13574,Mebrin,ragnaros,1805,monk,windwalker,71,37,34
13575,Sushiroll,stormrage,1805,monk,windwalker,99,49,50
13576,Åbyssgòd,kazzak,1805,monk,windwalker,60,24,36
13577,Unangebracht,silvermoon,1803,monk,windwalker,227,121,106
13578,Saltotriks,tarren-mill,1802,monk,windwalker,62,28,34
13579,Notmelo,dun-modr,1801,monk,windwalker,48,25,23
13580,Windwanker,eredar,1800,monk,windwalker,36,22,14
13581,Teressah,argent-dawn,1800,monk,windwalker,42,22,20
13582,Reõ,argent-dawn,1797,monk,windwalker,101,60,41
13583,Twinny,drakthul,1793,monk,windwalker,90,52,38
13584,Karmaisabich,ragnaros,1792,monk,windwalker,30,19,11
13585,Yukfou,tarren-mill,1792,monk,windwalker,59,28,31
13586,Mikedcrybaby,tarren-mill,1790,monk,windwalker,131,69,62
13587,Devilmønk,thrall,1785,monk,windwalker,60,29,31
13588,Skailzkrt,hyjal,1779,monk,windwalker,42,22,20
13589,Freehelper,stormscale,1779,monk,windwalker,60,24,36
13590,Pazü,ysondre,1775,monk,windwalker,71,37,34
13591,Möîne,arathi,1775,monk,windwalker,60,31,29
13592,Narstie,kazzak,1772,monk,windwalker,59,32,27
13593,Heran,ravencrest,1764,monk,windwalker,99,44,55
13594,Rêshi,draenor,1760,monk,windwalker,66,44,22
13595,Moultsou,hyjal,1758,monk,windwalker,66,33,33
13596,Chaospilot,sylvanas,1756,monk,windwalker,74,35,39
13597,Xiâomèi,dun-modr,1755,monk,windwalker,60,28,32
13598,Эльморо,goldrinn,1752,monk,windwalker,42,20,22
13599,Ackken,twisting-nether,1748,monk,windwalker,51,26,25
13600,Kitcheneer,twisting-nether,1742,monk,windwalker,53,27,26
13601,Rorkito,sanguino,1742,monk,windwalker,54,26,28
13602,Niyka,silvermoon,1740,monk,windwalker,48,29,19
13603,Sororicide,stormscale,1740,monk,windwalker,131,63,68
13604,Маруты,soulflayer,1740,monk,windwalker,65,26,39
13605,Dwdw,aerie-peak,1737,monk,windwalker,54,28,26
13606,Pwaff,kazzak,1736,monk,windwalker,72,37,35
13607,Iceym,stormscale,1736,monk,windwalker,51,26,25
13608,Копытька,gordunni,1736,monk,windwalker,51,26,25
13609,Лазанья,grom,1731,monk,windwalker,66,30,36
13610,Mosch,blackrock,1729,monk,windwalker,42,26,16
13611,Hybridtheory,doomhammer,1722,monk,windwalker,65,37,28
13612,Гладастар,soulflayer,1719,monk,windwalker,78,41,37
13613,Трэйци,blackscar,1716,monk,windwalker,39,23,16
13614,Yiannischan,draenor,1715,monk,windwalker,92,49,43
13615,Carbozø,archimonde,1713,monk,windwalker,42,27,15
13616,Виноипиво,soulflayer,1713,monk,windwalker,60,30,30
13617,Sobadzlolz,alexstrasza,1707,monk,windwalker,136,73,63
13618,Джэкичача,soulflayer,1707,monk,windwalker,42,21,21
13619,Dansaam,tarren-mill,1706,monk,windwalker,24,18,6
13620,Peaceweaver,ravencrest,1703,monk,windwalker,47,27,20
13621,Ocëane,sanguino,1703,monk,windwalker,48,27,21
13622,Megatazz,hyjal,1697,monk,windwalker,40,23,17
13623,Faxax,draenor,1696,monk,windwalker,48,23,25
13624,Меняубило,howling-fjord,1696,monk,windwalker,78,37,41
13625,Osalot,ravencrest,1695,monk,windwalker,60,30,30
13626,Testmonial,hyjal,1694,monk,windwalker,48,21,27
13627,Ashânti,eredar,1691,monk,windwalker,62,30,32
13628,Кианасоломид,gordunni,1690,monk,windwalker,41,23,18
13629,Shoenk,blackhand,1689,monk,windwalker,30,18,12
13630,Gonkun,outland,1688,monk,windwalker,67,35,32
13631,Lonechi,sylvanas,1687,monk,windwalker,30,18,12
13632,Tisaki,blackhand,1680,monk,windwalker,41,25,16
13633,Hilzaxsub,archimonde,1679,monk,windwalker,47,29,18
13634,Fistofrage,ravencrest,1677,monk,windwalker,42,25,17
13635,Sàitama,hyjal,1676,monk,windwalker,42,18,24
13636,Edenwalker,dun-morogh,1673,monk,windwalker,48,22,26
13637,Mionoor,aegwynn,1671,monk,windwalker,178,86,92
13638,Ratslayerz,dun-modr,1669,monk,windwalker,42,24,18
13639,Ãmaterasû,kazzak,1665,monk,windwalker,42,19,23
13640,Димакарма,howling-fjord,1661,monk,windwalker,77,31,46
13641,Hefners,grim-batol,1658,monk,windwalker,35,18,17
13642,Zéroneufsix,silvermoon,1658,monk,windwalker,50,19,31
13643,Saduh,thrall,1653,monk,windwalker,44,20,24
13644,Bastos,blackrock,1652,monk,windwalker,269,141,128
13645,Bîmbâmboom,blackmoore,1650,monk,windwalker,48,25,23
13646,Thérez,les-sentinelles,1648,monk,windwalker,42,22,20
13647,Sylicia,alleria,1648,monk,windwalker,97,47,50
13648,Hunkfur,ravencrest,1647,monk,windwalker,44,25,19
13649,Кишмякмонк,howling-fjord,1646,monk,windwalker,60,31,29
13650,Такюн,howling-fjord,1646,monk,windwalker,140,69,71
13651,Гуппер,howling-fjord,1646,monk,windwalker,54,23,31
13652,Cheethfu,ragnaros,1645,monk,windwalker,30,21,9
13653,Deretrox,twisting-nether,1645,monk,windwalker,36,21,15
13654,Idiot,outland,1644,monk,windwalker,42,22,20
13655,Miløøx,silvermoon,1641,monk,windwalker,76,40,36
13656,Locotommy,blackrock,1630,monk,windwalker,30,17,13
13657,Shînøbi,dalaran,1624,monk,windwalker,30,17,13
13658,Mîsts,aszune,1624,monk,windwalker,35,18,17
13659,Anteric,sylvanas,1623,monk,windwalker,30,20,10
13660,Hôllowx,archimonde,1621,monk,windwalker,30,17,13
13661,Catchmee,agamaggan,1616,monk,windwalker,30,17,13
13662,Yacum,blackrock,1616,monk,windwalker,47,21,26
13663,Тринх,ashenvale,1613,monk,windwalker,54,31,23
13664,Saisha,defias-brotherhood,1613,monk,windwalker,36,20,16
13665,Heyami,ravencrest,1613,monk,windwalker,36,17,19
13666,Ravelbaby,blackrock,1613,monk,windwalker,45,21,24
13667,Moistpocket,stormscale,1613,monk,windwalker,42,17,25
13668,Zandoy,draenor,1611,monk,windwalker,52,26,26
13669,Tenshinhann,outland,1610,monk,windwalker,30,17,13
13670,Erenaar,nemesis,1608,monk,windwalker,48,37,11
13671,Виндволкерша,gordunni,1607,monk,windwalker,36,19,17
13672,Nigu,dun-modr,1606,monk,windwalker,67,38,29
13673,Vayarah,antonidas,1605,monk,windwalker,54,28,26
13674,Акумах,blackscar,1605,monk,windwalker,99,48,51
13675,Iastyn,kazzak,1604,monk,windwalker,78,39,39
13676,Valduri,stormscale,1604,monk,windwalker,60,27,33
13677,Rivaz,archimonde,1603,monk,windwalker,36,19,17
13678,Fistu,silvermoon,1602,monk,windwalker,31,18,13
13679,Faustix,blackmoore,1602,monk,windwalker,78,42,36
13680,Gaehitmonlee,ravencrest,1597,monk,windwalker,75,44,31
13681,Rismonk,twisting-nether,1597,monk,windwalker,36,19,17
13682,Pelou,culte-de-la-rive-noire,1597,monk,windwalker,48,25,23
13683,Mónkâs,tarren-mill,1597,monk,windwalker,48,17,31
13684,Thyf,drakthul,1596,monk,windwalker,48,20,28
13685,Doktormonk,blackrock,1592,monk,windwalker,106,56,50
13686,Тэсти,blackscar,1590,monk,windwalker,34,19,15
13687,Рокебайбейби,howling-fjord,1587,monk,windwalker,42,22,20
13688,Sérrè,tarren-mill,1585,monk,windwalker,42,21,21
13689,Notsmol,quelthalas,1585,monk,windwalker,36,18,18
13690,Venuki,blackrock,1582,monk,windwalker,30,19,11
13691,Skiplegsweeb,stormscale,1579,monk,windwalker,30,21,9
13692,Эвэйжион,gordunni,1579,monk,windwalker,42,25,17
13693,Wuux,tarren-mill,1565,monk,windwalker,36,20,16
13694,Jeydi,ravencrest,1563,monk,windwalker,53,36,17
13695,Ютуми,soulflayer,1557,monk,windwalker,36,17,19
13696,Naschitüte,blackrock,1555,monk,windwalker,144,73,71
13697,Pandafuki,ravencrest,1550,monk,windwalker,38,18,20
13698,Sòftx,stormscale,1549,monk,windwalker,34,22,12
13699,Steros,die-aldor,1546,monk,windwalker,36,17,19
13700,Akuuji,silvermoon,1544,monk,windwalker,36,17,19
13701,Xullon,dragonblight,1542,monk,windwalker,60,27,33
13702,Soxx,arthas,1539,monk,windwalker,36,21,15
13703,Сандерстрайк,howling-fjord,1537,monk,windwalker,45,24,21
13704,Fistedx,twisting-nether,1537,monk,windwalker,87,36,51
13705,Chireapz,blackrock,1536,monk,windwalker,36,19,17
13706,Djshady,sylvanas,1536,monk,windwalker,48,23,25
13707,Хекмуги,borean-tundra,1535,monk,windwalker,91,44,47
13708,Дуэльныйчел,howling-fjord,1533,monk,windwalker,76,35,41
13709,Милыйколян,soulflayer,1532,monk,windwalker,36,16,20
13710,Shaolinthug,stormscale,1531,monk,windwalker,36,16,20
13711,Mynokxu,blackmoore,1526,monk,windwalker,27,18,9
13712,Тшейши,howling-fjord,1526,monk,windwalker,54,28,26
13713,Цеска,howling-fjord,1526,monk,windwalker,36,16,20
13714,Fln,blackrock,1525,monk,windwalker,30,16,14
13715,Scribzw,twisting-nether,1524,monk,windwalker,24,16,8
13716,Луэнн,gordunni,1518,monk,windwalker,90,47,43
13717,Bèrïth,kazzak,1517,monk,windwalker,36,18,18
13718,Домудароги,gordunni,1514,monk,windwalker,36,19,17
13719,Shardonay,ravencrest,1512,monk,windwalker,30,16,14
13720,Анпапаяя,galakrond,1507,monk,windwalker,47,26,21
13721,Jolbucheron,hyjal,1507,monk,windwalker,66,34,32
13722,Дивипи,blackscar,1506,monk,windwalker,54,24,30
13723,Kármo,thrall,1495,monk,windwalker,29,16,13
13724,Eonyzi,kazzak,1491,monk,windwalker,42,20,22
13725,Recklusa,stormscale,1487,monk,windwalker,54,31,23
13726,Pêterpump,blackrock,1486,monk,windwalker,36,16,20
13727,Plsnerfmemor,hyjal,1480,monk,windwalker,64,32,32
13728,Диванн,howling-fjord,1478,monk,windwalker,35,16,19
13729,Vuzashiji,argent-dawn,1473,monk,windwalker,36,17,19
13730,Senshí,stormscale,1468,monk,windwalker,42,20,22
13731,Samantonah,nemesis,1467,monk,windwalker,28,18,10
13732,Fungamelol,blackhand,1459,monk,windwalker,30,19,11
13733,Муайтайец,howling-fjord,1459,monk,windwalker,35,16,19
13734,Sagewhisper,ravencrest,1458,monk,windwalker,57,27,30
13735,Dræk,twisting-nether,1456,monk,windwalker,65,35,30
13736,Lycké,silvermoon,1451,monk,windwalker,36,20,16
13737,Монголгодх,howling-fjord,1444,monk,windwalker,120,67,53
13738,Дезмимонк,ashenvale,1438,monk,windwalker,34,16,18
13739,Артемиоксх,blackscar,1437,monk,windwalker,37,15,22
13740,Agitoyamissj,burning-legion,1433,monk,windwalker,63,28,35
13741,Oberháupt,blackrock,1432,monk,windwalker,30,15,15
13742,Anhox,ragnaros,1425,monk,windwalker,30,15,15
13743,Waîzen,uldaman,1417,monk,windwalker,30,17,13
13744,Misutò,tarren-mill,1416,monk,windwalker,30,19,11
13745,Xuuan,argent-dawn,1410,monk,windwalker,71,40,31
13746,Ryle,forscherliga,1409,monk,windwalker,30,15,15
13747,Matlahon,kazzak,1407,monk,windwalker,53,26,27
13748,Kyraxs,silvermoon,1406,monk,windwalker,48,24,24
13749,Янакаблуках,howling-fjord,1404,monk,windwalker,116,62,54
13750,Добраядушка,gordunni,1400,monk,windwalker,36,19,17
13751,Ívó,ragnaros,1400,monk,windwalker,48,20,28
13752,Akÿo,archimonde,1399,monk,windwalker,35,15,20
13753,Lucaspires,sylvanas,1399,monk,windwalker,42,15,27
13754,Pipatvs,drakthul,1398,monk,windwalker,31,21,10
13755,Azato,hyjal,1398,monk,windwalker,48,23,25
13756,Fratznkicker,blackhand,1396,monk,windwalker,61,33,28
13757,Vixia,outland,1390,monk,windwalker,29,15,14
13758,Томтью,gordunni,1381,monk,windwalker,47,22,25
13759,Keskonriz,ysondre,1381,monk,windwalker,84,36,48
13760,Wakmo,bladefist,1380,monk,windwalker,44,22,22
13761,Yobo,archimonde,1379,monk,windwalker,29,15,14
13762,Кюзичка,gordunni,1379,monk,windwalker,83,38,45
13763,Icecoldish,tarren-mill,1378,monk,windwalker,72,39,33
13764,Swiftmonky,azuremyst,1376,monk,windwalker,48,27,21
13765,Spinntowin,blackmoore,1376,monk,windwalker,75,35,40
13766,Минимонахх,blackscar,1373,monk,windwalker,28,15,13
13767,Malutkie,defias-brotherhood,1363,monk,windwalker,66,33,33
13768,Yesman,quelthalas,1361,monk,windwalker,122,64,58
13769,Galaxyfists,blackhand,1361,monk,windwalker,48,22,26
13770,Doobly,kazzak,1359,monk,windwalker,89,44,45
13771,Juujika,ravencrest,1358,monk,windwalker,23,15,8
13772,Îrønfist,blackmoore,1358,monk,windwalker,29,17,12
13773,Bandiya,archimonde,1358,monk,windwalker,61,28,33
13774,Bakash,ysondre,1353,monk,windwalker,128,57,71
13775,Mirôku,onyxia,1352,monk,windwalker,42,22,20
13776,Boutarzi,hyjal,1347,monk,windwalker,54,25,29
13777,Darré,sylvanas,1347,monk,windwalker,115,50,65
13778,Kanõ,outland,1344,monk,windwalker,50,25,25
13779,Omnibar,kazzak,1343,monk,windwalker,24,14,10
13780,Dêsmî,ravencrest,1342,monk,windwalker,22,15,7
13781,Exikûsh,frostwolf,1341,monk,windwalker,30,16,14
13782,Yungdrippy,eredar,1340,monk,windwalker,24,14,10
13783,Schmidti,kazzak,1340,monk,windwalker,30,14,16
13784,Domiqx,blackhand,1339,monk,windwalker,30,14,16
13785,Undefinedid,ravencrest,1335,monk,windwalker,110,57,53
13786,Moonkeeye,stormscale,1332,monk,windwalker,60,36,24
13787,Бладмонки,soulflayer,1328,monk,windwalker,36,15,21
13788,Nikchi,destromath,1325,monk,windwalker,54,20,34
13789,Øbamakush,archimonde,1323,monk,windwalker,36,17,19
13790,Коркирас,howling-fjord,1322,monk,windwalker,84,47,37
13791,Miyaghï,dun-modr,1322,monk,windwalker,43,23,20
13792,Tempestu,twisting-nether,1319,monk,windwalker,30,14,16
13793,Gatyz,archimonde,1317,monk,windwalker,33,14,19
13794,Fûràxx,hyjal,1314,monk,windwalker,60,31,29
13795,Nodzomi,shadowsong,1308,monk,windwalker,45,22,23
13796,Kîngjungeîle,dalaran,1301,monk,windwalker,24,14,10
13797,Djînns,blackmoore,1296,monk,windwalker,30,15,15
13798,Яшкациган,howling-fjord,1290,monk,windwalker,46,19,27
13799,Hampocket,ravencrest,1290,monk,windwalker,38,15,23
13800,Mycki,dalaran,1289,monk,windwalker,29,15,14
13801,Dänÿww,elune,1287,monk,windwalker,32,15,17
13802,Lemmeportbk,ravencrest,1279,monk,windwalker,32,15,17
13803,Likethat,hyjal,1279,monk,windwalker,36,16,20
13804,Bobbyknuckls,ravencrest,1278,monk,windwalker,96,41,55
13805,Mønkeydluffy,blackmoore,1269,monk,windwalker,66,33,33
13806,Kungfumite,twisting-nether,1266,monk,windwalker,83,42,41
13807,Djpunchable,blackrock,1247,monk,windwalker,24,13,11
13808,Fijiwater,draenor,1246,monk,windwalker,18,13,5
13809,Rerowine,magtheridon,1245,monk,windwalker,30,13,17
13810,Эльторо,goldrinn,1244,monk,windwalker,36,13,23
13811,Кирокко,gordunni,1242,monk,windwalker,18,14,4
13812,Brandy,kazzak,1242,monk,windwalker,30,13,17
13813,Pili,aegwynn,1241,monk,windwalker,24,13,11
13814,Чвка,booty-bay,1240,monk,windwalker,37,19,18
13815,Pandermann,antonidas,1238,monk,windwalker,30,16,14
13816,Kouradoskylo,twisting-nether,1234,monk,windwalker,29,16,13
13817,Meltfistqt,ravencrest,1234,monk,windwalker,30,13,17
13818,Янасру,gordunni,1232,monk,windwalker,273,136,137
13819,Kegrøll,doomhammer,1231,monk,windwalker,42,21,21
13820,Gorskie,silvermoon,1230,monk,windwalker,27,13,14
13821,Пампич,borean-tundra,1227,monk,windwalker,30,13,17
13822,Vibé,blackmoore,1226,monk,windwalker,24,13,11
13823,Bruzuh,outland,1215,monk,windwalker,31,15,16
13824,Vushao,blackmoore,1215,monk,windwalker,174,81,93
13825,Blumonk,argent-dawn,1210,monk,windwalker,48,23,25
13826,Imvengeance,stormscale,1204,monk,windwalker,28,14,14
13827,Vercya,dun-morogh,1168,monk,windwalker,37,19,18
13828,Билльбо,fordragon,1157,monk,windwalker,36,16,20
13829,Bellarika,nemesis,1152,monk,windwalker,12,12,0
13830,Sponkas,tarren-mill,1152,monk,windwalker,24,12,12
13831,Tðptier,drakthul,1151,monk,windwalker,18,12,6
13832,Arsonists,argent-dawn,1151,monk,windwalker,18,12,6
13833,Çhina,twisting-nether,1151,monk,windwalker,24,12,12
13834,Adrianchase,ravencrest,1151,monk,windwalker,24,12,12
13835,Healbotzweik,frostwolf,1151,monk,windwalker,24,12,12
13836,Jinpachi,ravencrest,1151,monk,windwalker,30,12,18
13837,Йетисан,gordunni,1149,monk,windwalker,18,12,6
13838,Monk,dun-modr,1148,monk,windwalker,24,12,12
13839,Brorsantuck,frostmane,1147,monk,windwalker,18,12,6
13840,Sesi,drakthul,1147,monk,windwalker,42,12,30
13841,Hosh,ysondre,1146,monk,windwalker,30,12,18
13842,Wwisalright,burning-legion,1145,monk,windwalker,24,12,12
13843,Ролитта,gordunni,1144,monk,windwalker,18,12,6
13844,Gúerrilla,tarren-mill,1139,monk,windwalker,60,32,28
13845,Yøøps,dalaran,1134,monk,windwalker,65,28,37
13846,Elfisto,baelgun,1132,monk,windwalker,24,12,12
13847,Malarie,magtheridon,1127,monk,windwalker,78,43,35
13848,Ехерех,blackscar,1084,monk,windwalker,36,21,15
13849,Xialongbao,khaz-modan,1083,monk,windwalker,29,12,17
13850,Fatlazypanda,argent-dawn,1082,monk,windwalker,24,16,8
13851,Euronymesis,silvermoon,1065,monk,windwalker,23,12,11
13852,Daybaobao,the-maelstrom,1062,monk,windwalker,22,12,10
13853,Одиниз,gordunni,1059,monk,windwalker,48,31,17
13854,Ðâvàizskÿ,ysondre,1056,monk,windwalker,18,11,7
13855,Hôllowx,throkferoth,1056,monk,windwalker,24,11,13
13856,Erazhen,blackrock,1056,monk,windwalker,24,11,13
13857,Chigre,hyjal,1055,monk,windwalker,18,11,7
13858,Lesauceboss,kazzak,1055,monk,windwalker,18,11,7
13859,Cirixx,outland,1055,monk,windwalker,18,11,7
13860,Форгетх,soulflayer,1055,monk,windwalker,24,11,13
13861,Smørc,the-maelstrom,1055,monk,windwalker,24,11,13
13862,Leolilu,ravencrest,1054,monk,windwalker,18,11,7
13863,Futtefut,ravencrest,1054,monk,windwalker,30,11,19
13864,Tiaqa,aegwynn,1053,monk,windwalker,12,11,1
13865,Mink,uldum,1053,monk,windwalker,24,11,13
13866,Вамптолкер,howling-fjord,1049,monk,windwalker,18,11,7
13867,Непорядочная,gordunni,1047,monk,windwalker,30,12,18
13868,Dokuziq,twisting-nether,1046,monk,windwalker,28,12,16
13869,Klapptoast,blackmoore,1036,monk,windwalker,24,11,13
13870,Lòthbar,confrérie-du-thorium,1026,monk,windwalker,18,11,7
13871,Napqi,malganis,1023,monk,windwalker,17,11,6
13872,Broner,dunemaul,1022,monk,windwalker,23,11,12
13873,Trunks,turalyon,1014,monk,windwalker,24,11,13
13874,Marcianorock,archimonde,987,monk,windwalker,30,13,17
13875,Agress,sanguino,984,monk,windwalker,72,33,39
13876,Stronkman,frostwhisper,979,monk,windwalker,18,11,7
13877,Вагонюлеера,howling-fjord,974,monk,windwalker,22,11,11
13878,Wolmachégodx,archimonde,960,monk,windwalker,12,10,2
13879,Mcscrub,ragnaros,960,monk,windwalker,18,10,8
13880,Ðävàizskó,ysondre,960,monk,windwalker,18,10,8
13881,Bugrika,tarren-mill,960,monk,windwalker,18,10,8
13882,Sqoobie,tarren-mill,960,monk,windwalker,18,10,8
13883,Toyless,ravencrest,960,monk,windwalker,18,10,8
13884,Rìnox,blackmoore,960,monk,windwalker,18,10,8
13885,Plånck,archimonde,960,monk,windwalker,18,10,8
13886,Mollytov,tarren-mill,960,monk,windwalker,36,10,26
13887,Nycea,blackrock,959,monk,windwalker,18,10,8
13888,Атакцуки,gordunni,959,monk,windwalker,18,10,8
13889,Vtx,blackrock,959,monk,windwalker,18,10,8
13890,Rayokhen,kazzak,959,monk,windwalker,18,10,8
13891,Inkegomonk,draenor,959,monk,windwalker,30,10,20
13892,Alkanphel,kazzak,958,monk,windwalker,18,10,8
13893,Realiaze,tichondrius,958,monk,windwalker,24,10,14
13894,Монахнехилит,howling-fjord,956,monk,windwalker,24,10,14
13895,Boxpunchkick,kazzak,955,monk,windwalker,24,10,14
13896,Sebbii,twisting-nether,927,monk,windwalker,23,10,13
13897,Wazari,nemesis,922,monk,windwalker,23,10,13
13898,Karmachi,ravencrest,910,monk,windwalker,29,10,19
13899,Dionee,twisting-nether,877,monk,windwalker,21,12,9
13900,Denji,kargath,864,monk,windwalker,12,9,3
13901,Bossdog,mugthol,864,monk,windwalker,12,9,3
13902,Thänkky,kazzak,864,monk,windwalker,12,9,3
13903,Tauti,dun-morogh,864,monk,windwalker,12,9,3
13904,Зестус,galakrond,864,monk,windwalker,18,9,9
13905,Blizò,tarren-mill,864,monk,windwalker,18,9,9
13906,Weaverman,ragnaros,864,monk,windwalker,18,9,9
13907,Snookzlol,aegwynn,864,monk,windwalker,18,9,9
13908,Gankplank,nemesis,864,monk,windwalker,18,9,9
13909,Lrizz,argent-dawn,864,monk,windwalker,18,9,9
13910,Мионелолл,goldrinn,863,monk,windwalker,18,9,9
13911,Otp,hyjal,863,monk,windwalker,18,9,9
13912,Fisty,lightbringer,863,monk,windwalker,24,9,15
13913,Lin,nathrezim,861,monk,windwalker,18,9,9
13914,Monkgol,stormscale,861,monk,windwalker,18,9,9
13915,Joaquuin,sylvanas,855,monk,windwalker,18,9,9
13916,Gidmonk,darkspear,836,monk,windwalker,18,9,9
13917,Брысьли,howling-fjord,828,monk,windwalker,20,10,10
13918,Apprentice,ravencrest,815,monk,windwalker,17,9,8
13919,Bænkai,naxxramas,813,monk,windwalker,17,9,8
13920,Okilexsan,sanguino,797,monk,windwalker,11,9,2
13921,Karatiy,doomhammer,795,monk,windwalker,99,33,66
13922,Shagzy,ravencrest,783,monk,windwalker,11,9,2
13923,Linocence,draenor,775,monk,windwalker,22,10,12
13924,Ðìør,kazzak,768,monk,windwalker,12,8,4
13925,Wladqz,stormscale,768,monk,windwalker,12,8,4
13926,Vajawalkerx,twisting-nether,768,monk,windwalker,12,8,4
13927,Shapzxd,archimonde,768,monk,windwalker,12,8,4
13928,Slayh,archimonde,768,monk,windwalker,12,8,4
13929,Такиера,gordunni,768,monk,windwalker,12,8,4
13930,Eggroll,archimonde,768,monk,windwalker,12,8,4
13931,Karels,archimonde,768,monk,windwalker,12,8,4
13932,Sultanofrizz,draenor,768,monk,windwalker,12,8,4
13933,Shoura,blackmoore,768,monk,windwalker,12,8,4
13934,Fistyfast,hyjal,768,monk,windwalker,12,8,4
13935,Лагвай,gordunni,768,monk,windwalker,12,8,4
13936,Runefists,twisting-nether,768,monk,windwalker,12,8,4
13937,Wonkeed,hyjal,768,monk,windwalker,18,8,10
13938,Laggedfist,kazzak,768,monk,windwalker,18,8,10
13939,Monk,shattered-hand,768,monk,windwalker,18,8,10
13940,Kåtsumi,sanguino,768,monk,windwalker,18,8,10
13941,Gdkz,tarren-mill,768,monk,windwalker,18,8,10
13942,Jeppehmonk,stormscale,768,monk,windwalker,18,8,10
13943,Stÿvww,archimonde,768,monk,windwalker,24,8,16
13944,Yeratel,argent-dawn,768,monk,windwalker,30,8,22
13945,ßibip,hyjal,767,monk,windwalker,14,10,4
13946,Heffertonne,eredar,767,monk,windwalker,12,8,4
13947,Earendil,culte-de-la-rive-noire,767,monk,windwalker,12,8,4
13948,Дыня,gordunni,767,monk,windwalker,12,8,4
13949,Merilwyn,argent-dawn,767,monk,windwalker,12,8,4
13950,Hazzat,nordrassil,767,monk,windwalker,12,8,4
13951,Kneecapper,ravencrest,767,monk,windwalker,18,8,10
13952,Risomonk,blackrock,767,monk,windwalker,18,8,10
13953,Wilywolxx,silvermoon,766,monk,windwalker,12,8,4
13954,Pocaa,arakarahm,766,monk,windwalker,18,8,10
13955,Rollah,ravencrest,765,monk,windwalker,18,8,10
13956,Verfa,twisting-nether,765,monk,windwalker,18,8,10
13957,Kaipo,ragnaros,765,monk,windwalker,24,8,16
13958,Nggz,archimonde,764,monk,windwalker,12,8,4
13959,Czvibuh,drakthul,763,monk,windwalker,24,8,16
13960,Апесиинка,gordunni,758,monk,windwalker,14,8,6
13961,Piedliés,ravencrest,672,monk,windwalker,12,7,5
13962,Potsymist,twisting-nether,672,monk,windwalker,12,7,5
13963,Chiscake,blackrock,672,monk,windwalker,12,7,5
13964,Saodiseng,outland,672,monk,windwalker,12,7,5
13965,Sàlêxz,ysondre,672,monk,windwalker,12,7,5
13966,Chilleê,blackmoore,672,monk,windwalker,12,7,5
13967,Uwuhehe,ravencrest,672,monk,windwalker,12,7,5
13968,Melaz,ravencrest,672,monk,windwalker,12,7,5
13969,Arthanaar,drakthul,672,monk,windwalker,12,7,5
13970,Zenothar,ravencrest,672,monk,windwalker,12,7,5
13971,Bryggarn,draenor,672,monk,windwalker,12,7,5
13972,Dopi,frostmane,672,monk,windwalker,12,7,5
13973,Njursten,twilights-hammer,672,monk,windwalker,12,7,5
13974,Kåýðø,archimonde,672,monk,windwalker,18,7,11
13975,Flowér,auchindoun,672,monk,windwalker,18,7,11
13976,Mefîsto,blackrock,672,monk,windwalker,18,7,11
13977,Galexuz,blackrock,672,monk,windwalker,18,7,11
13978,Волкейн,soulflayer,672,monk,windwalker,18,7,11
13979,Løwping,blackmoore,672,monk,windwalker,18,7,11
13980,Xinxanxonxin,zuljin,672,monk,windwalker,18,7,11
13981,Sonofelrond,twisting-nether,671,monk,windwalker,12,7,5
13982,Chæli,tarren-mill,671,monk,windwalker,12,7,5
13983,Bierdame,blackhand,671,monk,windwalker,12,7,5
13984,Dubhira,blackmoore,671,monk,windwalker,12,7,5
13985,Эзархадон,lich-king,671,monk,windwalker,12,7,5
13986,Discosean,frostmane,671,monk,windwalker,18,7,11
13987,Duches,tarren-mill,671,monk,windwalker,18,7,11
13988,Zhiothe,argent-dawn,670,monk,windwalker,12,7,5
13989,Dummars,ragnaros,670,monk,windwalker,18,7,11
13990,Kirara,talnivarr,668,monk,windwalker,12,7,5
13991,Bal,tyrande,667,monk,windwalker,15,8,7
13992,Fusetonww,tarren-mill,623,monk,windwalker,11,7,4
13993,Rezuz,draenor,576,monk,windwalker,6,6,0
13994,Ferree,tarren-mill,576,monk,windwalker,12,6,6
13995,Ampm,ravencrest,576,monk,windwalker,12,6,6
13996,Yamo,blackrock,576,monk,windwalker,12,6,6
13997,Balance,laughing-skull,576,monk,windwalker,12,6,6
13998,Coollann,drakthul,576,monk,windwalker,12,6,6
13999,Xàrslòulolz,kazzak,576,monk,windwalker,12,6,6
14000,Baltimore,stormscale,576,monk,windwalker,12,6,6
14001,Turbofistsqt,kazzak,576,monk,windwalker,12,6,6
14002,Arshy,silvermoon,576,monk,windwalker,12,6,6
14003,Nyrkkikylpy,ravencrest,576,monk,windwalker,12,6,6
14004,Ijji,argent-dawn,576,monk,windwalker,12,6,6
14005,Fantazero,burning-legion,576,monk,windwalker,12,6,6
14006,Tecisharmony,ravencrest,576,monk,windwalker,12,6,6
14007,Kryzu,ragnaros,576,monk,windwalker,12,6,6
14008,Weezé,outland,576,monk,windwalker,12,6,6
14009,Brüshïë,kazzak,576,monk,windwalker,12,6,6
14010,Gîø,blackmoore,576,monk,windwalker,12,6,6
14011,Luckyjones,tarren-mill,576,monk,windwalker,12,6,6
14012,Miridius,silvermoon,576,monk,windwalker,12,6,6
14013,Niyatî,draenor,576,monk,windwalker,12,6,6
14014,Jollyzug,blackrock,576,monk,windwalker,12,6,6
14015,Купейчик,gordunni,576,monk,windwalker,12,6,6
14016,Geezer,the-maelstrom,576,monk,windwalker,12,6,6
14017,Waaks,archimonde,576,monk,windwalker,12,6,6
14018,Мэрджик,soulflayer,576,monk,windwalker,12,6,6
14019,Cac,argent-dawn,576,monk,windwalker,15,7,8
14020,Däemon,twisting-nether,576,monk,windwalker,15,7,8
14021,Мишадуротар,borean-tundra,576,monk,windwalker,16,7,9
14022,Bbcmonkinc,aegwynn,576,monk,windwalker,16,7,9
14023,Desmî,ravencrest,576,monk,windwalker,18,6,12
14024,Blickx,draenor,576,monk,windwalker,18,6,12
14025,Fiststowin,blackrock,576,monk,windwalker,18,6,12
14026,Norgamx,alakir,576,monk,windwalker,18,6,12
14027,Greytail,argent-dawn,576,monk,windwalker,18,6,12
14028,Кримсон,blackscar,575,monk,windwalker,6,6,0
14029,Woknroll,draenor,575,monk,windwalker,12,6,6
14030,Teetoor,argent-dawn,575,monk,windwalker,12,6,6
14031,Raychi,draenor,575,monk,windwalker,12,6,6
14032,Doreese,moonglade,575,monk,windwalker,12,6,6
14033,Fantasiløs,twisting-nether,575,monk,windwalker,12,6,6
14034,Chiroidz,kazzak,575,monk,windwalker,12,6,6
14035,Patadademijo,tarren-mill,575,monk,windwalker,12,6,6
14036,Iluvatareru,twisting-nether,575,monk,windwalker,12,6,6
14037,Mönchdog,blackmoore,573,monk,windwalker,12,6,6
14038,Mullan,eonar,573,monk,windwalker,24,6,18
14039,Monkiatsu,turalyon,571,monk,windwalker,12,6,6
14040,Cptfist,argent-dawn,543,monk,windwalker,17,6,11
14041,Merjis,stormscale,527,monk,windwalker,11,6,5
14042,Bogey,ragnaros,511,monk,windwalker,14,6,8
14043,Жекадобряк,howling-fjord,503,monk,windwalker,15,7,8
14044,Alandriai,blackmoore,480,monk,windwalker,6,5,1
14045,Kungfuhkyou,tarren-mill,480,monk,windwalker,6,5,1
14046,Zmile,ragnaros,480,monk,windwalker,6,5,1
14047,Larsowns,ragnaros,480,monk,windwalker,6,5,1
14048,Ноупэйн,soulflayer,480,monk,windwalker,6,5,1
14049,Hàtéppl,ravencrest,480,monk,windwalker,6,5,1
14050,Madelnheaven,burning-legion,480,monk,windwalker,6,5,1
14051,Venrea,archimonde,480,monk,windwalker,6,5,1
14052,Jukei,blackmoore,480,monk,windwalker,6,5,1
14053,Noodlesauce,silvermoon,480,monk,windwalker,6,5,1
14054,Fabrina,blackrock,480,monk,windwalker,6,5,1
14055,Kapud,twisting-nether,480,monk,windwalker,6,5,1
14056,Emptyeyés,kazzak,480,monk,windwalker,6,5,1
14057,Killabees,stormscale,480,monk,windwalker,6,5,1
14058,Энвишь,soulflayer,480,monk,windwalker,6,5,1
14059,Nerd,argent-dawn,480,monk,windwalker,12,5,7
14060,Vivvy,argent-dawn,480,monk,windwalker,12,5,7
14061,Kaelwind,burning-legion,480,monk,windwalker,12,5,7
14062,Bimberta,argent-dawn,480,monk,windwalker,12,5,7
14063,Кунфумастер,gordunni,480,monk,windwalker,12,5,7
14064,Onlypressw,tarren-mill,480,monk,windwalker,12,5,7
14065,Archnun,stormscale,480,monk,windwalker,12,5,7
14066,Blyatfast,draenor,480,monk,windwalker,12,5,7
14067,Pîna,onyxia,480,monk,windwalker,12,5,7
14068,Tubørg,ravencrest,480,monk,windwalker,12,5,7
14069,Badcøwboy,archimonde,480,monk,windwalker,12,5,7
14070,Jjslag,stormscale,480,monk,windwalker,12,5,7
14071,Käsefäuste,azshara,480,monk,windwalker,12,5,7
14072,Фортрен,deepholm,480,monk,windwalker,12,5,7
14073,Fistus,dentarg,480,monk,windwalker,12,5,7
14074,Greenshortea,aegwynn,480,monk,windwalker,12,5,7
14075,Nevertouch,blackrock,480,monk,windwalker,12,5,7
14076,Kenjibsen,blackhand,480,monk,windwalker,12,5,7
14077,Investing,silvermoon,480,monk,windwalker,12,5,7
14078,Drfistalot,blackrock,480,monk,windwalker,12,5,7
14079,Mayliene,stormscale,480,monk,windwalker,12,5,7
14080,Diagmonk,kazzak,480,monk,windwalker,12,5,7
14081,Feyzmonk,ysondre,480,monk,windwalker,12,5,7
14082,Enrookiejr,aegwynn,480,monk,windwalker,12,5,7
14083,Akhlÿs,ysondre,480,monk,windwalker,12,5,7
14084,Babyfax,draenor,480,monk,windwalker,12,5,7
14085,Johnsôn,blackmoore,480,monk,windwalker,12,5,7
14086,Мяуки,soulflayer,480,monk,windwalker,12,5,7
14087,Néroburnsred,eredar,480,monk,windwalker,15,6,9
14088,Nicetrybuddy,draenor,480,monk,windwalker,18,5,13
14089,Tetetete,silvermoon,479,monk,windwalker,12,5,7
14090,Øñ,cthun,479,monk,windwalker,18,5,13
14091,Panzeerotto,nemesis,479,monk,windwalker,24,5,19
14092,Khrylx,twisting-nether,473,monk,windwalker,16,10,6
14093,Sadwhi,turalyon,472,monk,windwalker,12,5,7
14094,Martial,arthas,447,monk,windwalker,11,5,6
14095,Lqp,outland,447,monk,windwalker,11,5,6
14096,Камагами,howling-fjord,400,monk,windwalker,7,5,2
14097,Theoalt,dragonblight,399,monk,windwalker,5,5,0
14098,Twinkletoe,twisting-nether,384,monk,windwalker,6,4,2
14099,Clìtfister,silvermoon,384,monk,windwalker,6,4,2
14100,Diagmonk,arathi,384,monk,windwalker,6,4,2
14101,Dadrael,argent-dawn,384,monk,windwalker,6,4,2
14102,Baisi,blackhand,384,monk,windwalker,6,4,2
14103,Thekaj,kazzak,384,monk,windwalker,6,4,2
14104,Windstormcro,ragnaros,384,monk,windwalker,6,4,2
14105,Korié,ravencrest,384,monk,windwalker,6,4,2
14106,Yeol,ravencrest,384,monk,windwalker,6,4,2
14107,Âdonis,twisting-nether,384,monk,windwalker,6,4,2
14108,Màlydôr,outland,384,monk,windwalker,6,4,2
14109,Orênda,silvermoon,384,monk,windwalker,6,4,2
14110,Gramkin,ravencrest,384,monk,windwalker,6,4,2
14111,Orenichi,antonidas,384,monk,windwalker,6,4,2
14112,Bonepalm,kazzak,384,monk,windwalker,6,4,2
14113,Hertel,boulderfist,384,monk,windwalker,6,4,2
14114,Mabkww,ravencrest,384,monk,windwalker,6,4,2
14115,Vetocorleone,kazzak,384,monk,windwalker,6,4,2
14116,Tysonwonka,thrall,384,monk,windwalker,6,4,2
14117,Disciprín,tarren-mill,384,monk,windwalker,6,4,2
14118,Rugys,ravenholdt,384,monk,windwalker,6,4,2
14119,Monkflexi,draenor,384,monk,windwalker,6,4,2
14120,Blazeuu,drakthul,384,monk,windwalker,6,4,2
14121,Palarîns,dalaran,384,monk,windwalker,6,4,2
14122,Емопацан,gordunni,384,monk,windwalker,6,4,2
14123,Vjelan,forscherliga,384,monk,windwalker,6,4,2
14124,Gøøgodx,tarren-mill,384,monk,windwalker,6,4,2
14125,Soulspar,ragnaros,384,monk,windwalker,6,4,2
14126,Quï,hyjal,384,monk,windwalker,6,4,2
14127,Onn,outland,384,monk,windwalker,6,4,2
14128,Tàlo,anachronos,384,monk,windwalker,6,4,2
14129,Вэилэй,gordunni,384,monk,windwalker,6,4,2
14130,Нежненький,gordunni,384,monk,windwalker,6,4,2
14131,Okpm,marécage-de-zangar,384,monk,windwalker,6,4,2
14132,Jafandmeja,tarren-mill,384,monk,windwalker,14,5,9
14133,Räyh,outland,384,monk,windwalker,12,4,8
14134,Bigkim,khadgar,384,monk,windwalker,12,4,8
14135,Mwoinesamdi,hyjal,384,monk,windwalker,12,4,8
14136,Крэйзимедвед,howling-fjord,384,monk,windwalker,12,4,8
14137,Sori,mazrigos,384,monk,windwalker,12,4,8
14138,Ragobd,argent-dawn,384,monk,windwalker,12,4,8
14139,Jessie,bloodscalp,384,monk,windwalker,12,4,8
14140,Goremancey,draenor,384,monk,windwalker,12,4,8
14141,Dëvilliä,ragnaros,384,monk,windwalker,12,4,8
14142,Байтли,gordunni,384,monk,windwalker,12,4,8
14143,Scribzz,twisting-nether,384,monk,windwalker,12,4,8
14144,Aesthetìc,draenor,384,monk,windwalker,12,4,8
14145,Risingspud,frostmane,384,monk,windwalker,12,4,8
14146,Кириешек,deathguard,384,monk,windwalker,12,4,8
14147,Andrah,blackmoore,384,monk,windwalker,12,4,8
14148,Salt,suramar,384,monk,windwalker,12,4,8
14149,Blutáar,khazgoroth,384,monk,windwalker,12,4,8
14150,Bbinzu,lothar,383,monk,windwalker,6,4,2
14151,Jayline,kazzak,383,monk,windwalker,12,4,8
14152,Югэн,azuregos,383,monk,windwalker,12,4,8
14153,Morslee,burning-legion,382,monk,windwalker,16,6,10
14154,Broussly,voljin,380,monk,windwalker,12,4,8
14155,Youngmonk,tarren-mill,351,monk,windwalker,17,4,13
14156,Benkkei,ysondre,336,monk,windwalker,15,4,11
14157,Choje,blackmoore,319,monk,windwalker,5,4,1
14158,Alë,argent-dawn,319,monk,windwalker,8,4,4
14159,Bg,blackhand,288,monk,windwalker,6,3,3
14160,Ðoom,sylvanas,288,monk,windwalker,6,3,3
14161,Daltailr,silvermoon,288,monk,windwalker,6,3,3
14162,Dennismansix,sylvanas,288,monk,windwalker,6,3,3
14163,Zunixxww,terrordar,288,monk,windwalker,6,3,3
14164,Arisua,blackhand,288,monk,windwalker,6,3,3
14165,Joshxao,blackmoore,288,monk,windwalker,6,3,3
14166,Iluvfistinjk,sylvanas,288,monk,windwalker,6,3,3
14167,Расселкроу,galakrond,288,monk,windwalker,6,3,3
14168,Sajin,la-croisade-écarlate,288,monk,windwalker,6,3,3
14169,Авентусс,howling-fjord,288,monk,windwalker,6,3,3
14170,Koot,ragnaros,288,monk,windwalker,6,3,3
14171,Aljabbar,ravencrest,288,monk,windwalker,6,3,3
14172,Mutah,arathor,288,monk,windwalker,6,3,3
14173,Zenified,ragnaros,288,monk,windwalker,6,3,3
14174,Droozy,silvermoon,288,monk,windwalker,6,3,3
14175,Realfighter,arathor,288,monk,windwalker,6,3,3
14176,Kungf,twisting-nether,288,monk,windwalker,6,3,3
14177,Dasjinso,blackhand,288,monk,windwalker,6,3,3
14178,Zelraqt,burning-steppes,288,monk,windwalker,6,3,3
14179,Zìnko,eredar,288,monk,windwalker,6,3,3
14180,Рендикаое,soulflayer,288,monk,windwalker,6,3,3
14181,Jakfuki,ragnaros,288,monk,windwalker,6,3,3
14182,Traxxus,sanguino,288,monk,windwalker,6,3,3
14183,Lørðbrøñkø,blackrock,288,monk,windwalker,6,3,3
14184,Zéná,gilneas,288,monk,windwalker,6,3,3
14185,Monkacek,drakthul,288,monk,windwalker,6,3,3
14186,Bigfistah,tarren-mill,288,monk,windwalker,6,3,3
14187,Hästgodx,the-maelstrom,288,monk,windwalker,6,3,3
14188,Lokregar,blackmoore,288,monk,windwalker,6,3,3
14189,Pabu,emeriss,288,monk,windwalker,6,3,3
14190,Mezz,ahnqiraj,288,monk,windwalker,6,3,3
14191,Ybnobama,outland,288,monk,windwalker,6,3,3
14192,Tjmnk,ravencrest,288,monk,windwalker,6,3,3
14193,Räpeltäjä,stormreaver,288,monk,windwalker,6,3,3
14194,Aaronm,tarren-mill,288,monk,windwalker,6,3,3
14195,Qdwdwqerdads,ravencrest,288,monk,windwalker,6,3,3
14196,Aslêyia,antonidas,288,monk,windwalker,6,3,3
14197,Tinjihn,magtheridon,288,monk,windwalker,6,3,3
14198,Azangar,kazzak,288,monk,windwalker,6,3,3
14199,Nightingalê,silvermoon,288,monk,windwalker,6,3,3
14200,Sizok,blackmoore,288,monk,windwalker,6,3,3
14201,Velduin,dun-modr,288,monk,windwalker,6,3,3
14202,Ratfacè,outland,288,monk,windwalker,6,3,3
14203,Adewelee,dalaran,288,monk,windwalker,6,3,3
14204,Balkanbeastt,draenor,288,monk,windwalker,10,4,6
14205,Clamps,darkspear,288,monk,windwalker,12,3,9
14206,Cøbrakaï,archimonde,288,monk,windwalker,12,3,9
14207,Dòrâ,archimonde,288,monk,windwalker,12,3,9
14208,Monkiki,hyjal,288,monk,windwalker,12,3,9
14209,Barylen,outland,288,monk,windwalker,12,3,9
14210,Халиосфа,gordunni,288,monk,windwalker,12,3,9
14211,Mönchfatih,blackhand,288,monk,windwalker,12,3,9
14212,Geliôs,kazzak,288,monk,windwalker,12,3,9
14213,Elababe,ravencrest,288,monk,windwalker,12,3,9
14214,Votbo,kazzak,288,monk,windwalker,12,3,9
14215,Roxmonk,ravencrest,288,monk,windwalker,12,3,9
14216,Ayyee,blackmoore,288,monk,windwalker,18,3,15
14217,Lewimoäne,khaz-modan,287,monk,windwalker,6,3,3
14218,Brucilli,dalaran,287,monk,windwalker,6,3,3
14219,Syaóran,exodar,286,monk,windwalker,12,3,9
14220,Пкмлкм,gordunni,255,monk,windwalker,11,3,8
14221,Dolkenm,tarren-mill,240,monk,windwalker,9,4,5
14222,Iamzra,kazzak,239,monk,windwalker,11,3,8
14223,Trolleurz,archimonde,224,monk,windwalker,16,3,13
14224,Bignessb,draenor,192,monk,windwalker,4,3,1
14225,Idointcare,ravencrest,192,monk,windwalker,4,3,1
14226,Kano,burning-legion,192,monk,windwalker,9,3,6
14227,Såliten,tarren-mill,192,monk,windwalker,6,2,4
14228,Legeend,dun-modr,192,monk,windwalker,6,2,4
14229,Jamiedhism,ravencrest,192,monk,windwalker,6,2,4
14230,Akkadianx,ravencrest,192,monk,windwalker,6,2,4
14231,Stenhård,azjolnerub,192,monk,windwalker,6,2,4
14232,Geochi,tarren-mill,192,monk,windwalker,6,2,4
14233,Loriodas,tarren-mill,192,monk,windwalker,6,2,4
14234,Awesomebrah,the-maelstrom,192,monk,windwalker,6,2,4
14235,Îreful,tarren-mill,192,monk,windwalker,6,2,4
14236,Bensil,ravencrest,192,monk,windwalker,6,2,4
14237,Brewroll,ravencrest,192,monk,windwalker,6,2,4
14238,Джийви,goldrinn,192,monk,windwalker,6,2,4
14239,Friidam,lightbringer,192,monk,windwalker,6,2,4
14240,Bloodychi,ravencrest,192,monk,windwalker,6,2,4
14241,Fistingfury,burning-blade,192,monk,windwalker,6,2,4
14242,Yaxleyx,dragonblight,192,monk,windwalker,6,2,4
14243,Musclorww,ysondre,192,monk,windwalker,6,2,4
14244,Mcflaïe,ysondre,192,monk,windwalker,6,2,4
14245,Khirazim,ysondre,192,monk,windwalker,6,2,4
14246,Enjàz,sylvanas,192,monk,windwalker,6,2,4
14247,Tjukkas,bloodhoof,192,monk,windwalker,6,2,4
14248,Frajer,auchindoun,192,monk,windwalker,6,2,4
14249,Savecdfornxt,blackmoore,192,monk,windwalker,6,2,4
14250,Bobthewild,draenor,192,monk,windwalker,6,2,4
14251,Latify,todeswache,192,monk,windwalker,6,2,4
14252,Andyww,doomhammer,192,monk,windwalker,6,2,4
14253,Woalter,silvermoon,192,monk,windwalker,6,2,4
14254,Eynodiggity,blackmoore,192,monk,windwalker,6,2,4
14255,Mtmonk,tarren-mill,192,monk,windwalker,6,2,4
14256,Tayoo,aegwynn,192,monk,windwalker,6,2,4
14257,Ревенджж,howling-fjord,192,monk,windwalker,6,2,4
14258,Dodoglad,hyjal,192,monk,windwalker,6,2,4
14259,Lollonko,kazzak,192,monk,windwalker,6,2,4
14260,Belobe,stormscale,192,monk,windwalker,6,2,4
14261,Xoconut,ravencrest,192,monk,windwalker,6,2,4
14262,Dianly,ravencrest,192,monk,windwalker,6,2,4
14263,Miamausebär,blackmoore,192,monk,windwalker,6,2,4
14264,Майамибитч,howling-fjord,192,monk,windwalker,6,2,4
14265,Mezeko,stormscale,192,monk,windwalker,6,2,4
14266,Orcword,ragnaros,192,monk,windwalker,6,2,4
14267,Joachi,outland,192,monk,windwalker,6,2,4
14268,Drýton,blackrock,192,monk,windwalker,6,2,4
14269,Effeots,blackrock,192,monk,windwalker,6,2,4
14270,Zýru,ragnaros,192,monk,windwalker,6,2,4
14271,Howkong,archimonde,192,monk,windwalker,6,2,4
14272,Walterwayne,blackrock,192,monk,windwalker,6,2,4
14273,Bamboosnack,kazzak,192,monk,windwalker,6,2,4
14274,Мистерхюй,gordunni,192,monk,windwalker,12,2,10
14275,Tongat,ravencrest,192,monk,windwalker,12,2,10
14276,Тифуя,gordunni,192,monk,windwalker,12,2,10
14277,Соловьюх,gordunni,191,monk,windwalker,6,2,4
14278,Yianjih,blackmoore,191,monk,windwalker,6,2,4
14279,Roptoglad,hyjal,159,monk,windwalker,5,2,3
14280,Ahlu,argent-dawn,144,monk,windwalker,9,2,7
14281,Ktrina,ravencrest,138,monk,windwalker,9,4,5
14282,Dìó,tarren-mill,96,monk,windwalker,6,1,5
14283,Mìcrøb,blackmoore,96,monk,windwalker,6,1,5
14284,Kickboxer,burning-legion,96,monk,windwalker,6,1,5
14285,Drlightorc,tarren-mill,96,monk,windwalker,6,1,5
14286,Bluum,ravencrest,96,monk,windwalker,6,1,5
14287,Umbrâsyl,ravencrest,96,monk,windwalker,6,1,5
14288,Немонахх,howling-fjord,96,monk,windwalker,6,1,5
14289,Zugzuwg,ahnqiraj,96,monk,windwalker,6,1,5
14290,Olgachocolat,blackmoore,96,monk,windwalker,6,1,5
14291,Тиронфлакс,soulflayer,96,monk,windwalker,6,1,5
14292,Kinføu,hyjal,96,monk,windwalker,6,1,5
14293,Синнэрли,soulflayer,96,monk,windwalker,6,1,5
14294,Kaizenthor,runetotem,96,monk,windwalker,6,1,5
14295,Olympeá,silvermoon,96,monk,windwalker,6,1,5
14296,Konnîchîwa,kazzak,96,monk,windwalker,6,1,5
14297,Mjaweaver,stormscale,96,monk,windwalker,6,1,5
14298,Жъёь,howling-fjord,96,monk,windwalker,6,1,5
14299,Lîlpumpx,outland,96,monk,windwalker,6,1,5
14300,Butrinto,hellfire,96,monk,windwalker,6,1,5
14301,Реброперо,gordunni,96,monk,windwalker,6,1,5
14302,Ilovecravmag,draenor,96,monk,windwalker,6,1,5
14303,Bâsarä,archimonde,96,monk,windwalker,6,1,5
14304,Мяяумяу,gordunni,96,monk,windwalker,6,1,5
14305,Betelgeuse,jaedenar,96,monk,windwalker,6,1,5
14306,Бумчака,blackscar,96,monk,windwalker,6,1,5
14307,Smâsh,blackhand,96,monk,windwalker,6,1,5
14308,Dadeldo,blackrock,96,monk,windwalker,6,1,5
14309,Musaya,chamber-of-aspects,96,monk,windwalker,6,1,5
14310,Embodimonk,twisting-nether,96,monk,windwalker,6,1,5
14311,Onisakebi,nemesis,96,monk,windwalker,10,1,9
14312,Xtcc,kazzak,79,monk,windwalker,5,1,4
14313,Odanobunaga,ravencrest,79,monk,windwalker,5,1,4
14314,Огненныйкит,blackscar,48,monk,windwalker,3,1,2
14315,Xámell,ravencrest,48,monk,windwalker,3,1,2
14316,Scedadle,outland,48,monk,windwalker,3,1,2
14317,Shamarinator,kazzak,42,monk,windwalker,9,2,7
14318,Åbx,argent-dawn,2191,paladin,holy,113,59,54
14319,Crewxdlolz,frostmane,2123,paladin,holy,211,118,93
14320,Likkik,ravencrest,2121,paladin,holy,86,42,44
14321,Wiriday,draenor,2097,paladin,holy,246,124,122
14322,Ranchiek,ravencrest,2019,paladin,holy,60,31,29
14323,Lickssi,outland,2001,paladin,holy,94,56,38
14324,Goyimslayer,ravencrest,1967,paladin,holy,84,47,37
14325,Kyoma,burning-legion,1929,paladin,holy,99,47,52
14326,Jìmjim,ysondre,1916,paladin,holy,114,53,61
14327,Svyata,twisting-nether,1883,paladin,holy,71,38,33
14328,Måvé,tarren-mill,1872,paladin,holy,78,45,33
14329,Tipmax,ravencrest,1856,paladin,holy,61,37,24
14330,Goodpeace,kazzak,1855,paladin,holy,73,35,38
14331,Niwariel,silvermoon,1852,paladin,holy,60,37,23
14332,Типмакс,howling-fjord,1851,paladin,holy,42,25,17
14333,Wheelybin,argent-dawn,1843,paladin,holy,53,23,30
14334,Pêacerainer,stormscale,1840,paladin,holy,126,52,74
14335,Optîmuslîme,veklor,1835,paladin,holy,42,27,15
14336,Nemesisbot,dun-modr,1835,paladin,holy,48,28,20
14337,Seabrook,stormscale,1825,paladin,holy,72,29,43
14338,Phalphlingo,stormscale,1824,paladin,holy,84,40,44
14339,Jeø,stormscale,1823,paladin,holy,54,28,26
14340,Eldorín,blackmoore,1823,paladin,holy,54,20,34
14341,Vaîjin,aegwynn,1820,paladin,holy,89,42,47
14342,Kianpal,silvermoon,1818,paladin,holy,158,89,69
14343,Galaxys,blackhand,1818,paladin,holy,128,62,66
14344,Neverlostx,ravencrest,1816,paladin,holy,48,31,17
14345,Popecrusade,archimonde,1813,paladin,holy,107,66,41
14346,Ránchìek,ravencrest,1812,paladin,holy,54,26,28
14347,Runtheshôw,tarren-mill,1790,paladin,holy,72,34,38
14348,Гигашмяк,howling-fjord,1777,paladin,holy,96,54,42
14349,Jûliâ,archimonde,1777,paladin,holy,88,49,39
14350,Edelarøs,ysondre,1771,paladin,holy,54,27,27
14351,Aww,anachronos,1770,paladin,holy,108,51,57
14352,Pignonn,dalaran,1762,paladin,holy,62,34,28
14353,Valia,argent-dawn,1754,paladin,holy,63,36,27
14354,Welivewewin,defias-brotherhood,1752,paladin,holy,127,64,63
14355,Wokyo,tarren-mill,1749,paladin,holy,190,110,80
14356,Holysacx,aegwynn,1745,paladin,holy,42,25,17
14357,Rettyfield,blackrock,1744,paladin,holy,42,23,19
14358,Powertilt,ravencrest,1743,paladin,holy,123,55,68
14359,Wollymolly,ravencrest,1741,paladin,holy,60,30,30
14360,Everflame,blackmoore,1739,paladin,holy,84,50,34
14361,Dbblou,draenor,1739,paladin,holy,42,20,22
14362,Vindîcator,defias-brotherhood,1736,paladin,holy,191,91,100
14363,Лайтпалочка,soulflayer,1731,paladin,holy,167,85,82
14364,Аришалисичка,blackscar,1727,paladin,holy,70,36,34
14365,Rekieuna,archimonde,1725,paladin,holy,306,157,149
14366,Holylightxz,runetotem,1717,paladin,holy,75,36,39
14367,Tyrsa,defias-brotherhood,1715,paladin,holy,53,23,30
14368,Faíren,mugthol,1697,paladin,holy,66,36,30
14369,Pointguard,blackrock,1696,paladin,holy,36,20,16
14370,Emlight,kazzak,1693,paladin,holy,53,32,21
14371,Акунделар,gordunni,1689,paladin,holy,119,59,60
14372,Алексендлер,howling-fjord,1684,paladin,holy,188,94,94
14373,Lycerax,antonidas,1676,paladin,holy,30,19,11
14374,Voklane,tarren-mill,1676,paladin,holy,48,23,25
14375,Holysac,aegwynn,1669,paladin,holy,48,26,22
14376,Emloses,outland,1661,paladin,holy,96,50,46
14377,Narkal,archimonde,1653,paladin,holy,63,33,30
14378,Itsjulie,sylvanas,1648,paladin,holy,58,29,29
14379,Макстипчик,howling-fjord,1647,paladin,holy,45,22,23
14380,Tibelious,ravencrest,1646,paladin,holy,60,22,38
14381,Kakii,gorgonnash,1645,paladin,holy,59,24,35
14382,Skyf,outland,1641,paladin,holy,155,72,83
14383,Holychît,sanguino,1631,paladin,holy,111,53,58
14384,Baazil,ragnaros,1631,paladin,holy,84,38,46
14385,Insanevegan,ravencrest,1628,paladin,holy,66,33,33
14386,Holeck,aegwynn,1627,paladin,holy,66,26,40
14387,Thaderyl,auchindoun,1618,paladin,holy,78,34,44
14388,Blazerlolz,kazzak,1616,paladin,holy,60,33,27
14389,Nezâ,thrall,1613,paladin,holy,52,23,29
14390,Buntqt,kazzak,1612,paladin,holy,100,54,46
14391,Острит,gordunni,1605,paladin,holy,78,45,33
14392,Джонниджага,blackscar,1604,paladin,holy,58,28,30
14393,Lexó,ravencrest,1604,paladin,holy,42,20,22
14394,Hirolde,zenedar,1601,paladin,holy,116,60,56
14395,Judgejuryexe,kazzak,1600,paladin,holy,92,44,48
14396,Fannypoo,sylvanas,1596,paladin,holy,95,43,52
14397,Сэлфхил,gordunni,1591,paladin,holy,107,47,60
14398,Erathoor,grim-batol,1589,paladin,holy,66,32,34
14399,Astollfo,hyjal,1588,paladin,holy,42,26,16
14400,Shabbyy,bronzebeard,1588,paladin,holy,78,43,35
14401,Ìschtarsdad,blackrock,1588,paladin,holy,180,90,90
14402,Smightypal,silvermoon,1582,paladin,holy,123,62,61
14403,Xenyaa,arygos,1581,paladin,holy,103,53,50
14404,Andûrîl,tarren-mill,1576,paladin,holy,89,42,47
14405,Грор,galakrond,1565,paladin,holy,34,21,13
14406,Tuoppi,steamwheedle-cartel,1562,paladin,holy,29,17,12
14407,Isøri,antonidas,1562,paladin,holy,96,45,51
14408,Blessedpapi,draenor,1561,paladin,holy,48,26,22
14409,Потокденег,howling-fjord,1554,paladin,holy,92,40,52
14410,Skurly,ragnaros,1551,paladin,holy,42,19,23
14411,Rëtnuhka,drakthul,1546,paladin,holy,47,24,23
14412,Алукартик,deathguard,1546,paladin,holy,89,44,45
14413,Myssa,uldum,1545,paladin,holy,36,18,18
14414,Strûgglebûs,outland,1543,paladin,holy,47,25,22
14415,Срувтапкизз,blackscar,1543,paladin,holy,83,29,54
14416,Chosenlight,darkspear,1542,paladin,holy,60,21,39
14417,Тошанич,soulflayer,1539,paladin,holy,54,24,30
14418,Gasilol,frostwolf,1537,paladin,holy,81,41,40
14419,Aíe,draenor,1536,paladin,holy,45,28,17
14420,Andronar,blackmoore,1536,paladin,holy,66,29,37
14421,Rùfus,tarren-mill,1531,paladin,holy,96,51,45
14422,Pooncy,ragnaros,1530,paladin,holy,60,27,33
14423,Athenewins,tarren-mill,1528,paladin,holy,352,182,170
14424,Бадбх,howling-fjord,1527,paladin,holy,90,39,51
14425,Флэшкапро,soulflayer,1521,paladin,holy,190,95,95
14426,Callístó,amanthul,1521,paladin,holy,169,78,91
14427,Arenalena,sylvanas,1520,paladin,holy,150,74,76
14428,Drdeus,kazzak,1518,paladin,holy,86,42,44
14429,Dàrckness,ravencrest,1514,paladin,holy,180,94,86
14430,Sonil,les-sentinelles,1507,paladin,holy,57,24,33
14431,Nåmï,culte-de-la-rive-noire,1501,paladin,holy,30,18,12
14432,Easypala,blackrock,1500,paladin,holy,96,37,59
14433,Aese,dun-modr,1499,paladin,holy,102,51,51
14434,Arysur,defias-brotherhood,1498,paladin,holy,162,72,90
14435,Delmothounet,ysondre,1496,paladin,holy,46,28,18
14436,Bécasszelium,varimathras,1495,paladin,holy,123,64,59
14437,Xsÿde,archimonde,1489,paladin,holy,48,17,31
14438,Mitsaklas,grim-batol,1488,paladin,holy,56,25,31
14439,Chocòbon,archimonde,1487,paladin,holy,36,21,15
14440,Devinèqt,tarren-mill,1481,paladin,holy,43,24,19
14441,Curtfizzle,kazzak,1478,paladin,holy,59,26,33
14442,Présidential,grim-batol,1477,paladin,holy,42,22,20
14443,Sübôvîñ,ravencrest,1472,paladin,holy,63,32,31
14444,Hpal,aegwynn,1469,paladin,holy,93,42,51
14445,Injection,khaz-modan,1464,paladin,holy,69,32,37
14446,Jajmentx,kazzak,1459,paladin,holy,78,40,38
14447,Dathróhán,silvermoon,1455,paladin,holy,231,115,116
14448,Lóde,silvermoon,1454,paladin,holy,84,42,42
14449,Глиндес,gordunni,1453,paladin,holy,150,72,78
14450,Realpalla,ravenholdt,1452,paladin,holy,126,62,64
14451,Marygueguete,archimonde,1449,paladin,holy,60,27,33
14452,Enemylosers,stormscale,1448,paladin,holy,60,30,30
14453,Skinstructor,silvermoon,1448,paladin,holy,36,18,18
14454,Scrimple,stormscale,1447,paladin,holy,73,35,38
14455,Mercedes,arthas,1443,paladin,holy,35,20,15
14456,Fourshaw,ravencrest,1442,paladin,holy,113,54,59
14457,Паладинас,lich-king,1440,paladin,holy,64,21,43
14458,Deodas,kazzak,1438,paladin,holy,124,55,69
14459,Уретроград,soulflayer,1436,paladin,holy,72,36,36
14460,Zabrok,outland,1433,paladin,holy,30,15,15
14461,Ðeswynd,hyjal,1432,paladin,holy,44,19,25
14462,Dömötörp,ragnaros,1430,paladin,holy,63,28,35
14463,Sacbøt,stormscale,1427,paladin,holy,259,132,127
14464,Ekzykes,ravencrest,1427,paladin,holy,48,21,27
14465,Taiso,alonsus,1422,paladin,holy,132,64,68
14466,Hazø,silvermoon,1418,paladin,holy,42,24,18
14467,Phalex,outland,1416,paladin,holy,36,23,13
14468,Preyy,eredar,1414,paladin,holy,54,30,24
14469,Хегия,gordunni,1414,paladin,holy,30,15,15
14470,Zilu,kazzak,1413,paladin,holy,47,24,23
14471,Blazeberg,tirion,1411,paladin,holy,36,20,16
14472,Сашафистинг,gordunni,1411,paladin,holy,159,77,82
14473,Wíw,kazzak,1410,paladin,holy,60,24,36
14474,Ðenlox,destromath,1408,paladin,holy,104,53,51
14475,Xenaké,kazzak,1405,paladin,holy,80,31,49
14476,Hotub,twisting-nether,1404,paladin,holy,77,40,37
14477,Салфеточник,thermaplugg,1403,paladin,holy,60,23,37
14478,Аяпал,blackscar,1401,paladin,holy,72,39,33
14479,Эсерпи,gordunni,1400,paladin,holy,118,61,57
14480,Watras,drakthul,1400,paladin,holy,36,15,21
14481,Витёнокь,howling-fjord,1394,paladin,holy,44,29,15
14482,Реколори,gordunni,1389,paladin,holy,165,90,75
14483,Diamir,rajaxx,1388,paladin,holy,71,52,19
14484,Kantfyrste,ravencrest,1388,paladin,holy,139,59,80
14485,Stinkepieet,blackmoore,1387,paladin,holy,42,17,25
14486,Noliferx,ravencrest,1383,paladin,holy,82,49,33
14487,Zycqo,silvermoon,1377,paladin,holy,174,84,90
14488,Леонящер,gordunni,1376,paladin,holy,150,80,70
14489,Vivalabeef,stormscale,1374,paladin,holy,42,18,24
14490,Cykadin,dun-modr,1372,paladin,holy,54,20,34
14491,Maitrelampe,argent-dawn,1369,paladin,holy,72,34,38
14492,Alldo,drakthul,1366,paladin,holy,66,30,36
14493,Locofatguy,drakthul,1366,paladin,holy,60,26,34
14494,Mecah,hyjal,1365,paladin,holy,42,21,21
14495,Jambbo,twisting-nether,1364,paladin,holy,85,44,41
14496,Зондарк,booty-bay,1364,paladin,holy,53,22,31
14497,Pullheavy,silvermoon,1363,paladin,holy,89,38,51
14498,Xelqt,draenor,1361,paladin,holy,36,15,21
14499,Ramos,aggra-português,1357,paladin,holy,54,19,35
14500,Shakalol,dun-modr,1355,paladin,holy,60,23,37
14501,Itsgossiplol,twisting-nether,1352,paladin,holy,119,59,60
14502,Heilgaharald,blackrock,1351,paladin,holy,110,51,59
14503,Nde,silvermoon,1351,paladin,holy,41,18,23
14504,Fenye,twisting-nether,1351,paladin,holy,51,22,29
14505,Снупарь,blackscar,1351,paladin,holy,45,18,27
14506,Mikemyers,blackhand,1350,paladin,holy,42,20,22
14507,Crusherpala,laughing-skull,1348,paladin,holy,71,28,43
14508,Arlette,moonglade,1345,paladin,holy,72,32,40
14509,Jerryhârvey,kazzak,1342,paladin,holy,24,14,10
14510,Keele,stormscale,1341,paladin,holy,69,32,37
14511,Freaak,dethecus,1337,paladin,holy,60,24,36
14512,Valkhana,draenor,1336,paladin,holy,46,27,19
14513,Sangriul,outland,1336,paladin,holy,93,37,56
14514,Думгохан,howling-fjord,1336,paladin,holy,36,14,22
14515,Pussdocta,ravencrest,1334,paladin,holy,72,38,34
14516,Бэнкли,soulflayer,1332,paladin,holy,30,19,11
14517,Steggeh,argent-dawn,1331,paladin,holy,120,48,72
14518,Rotana,eredar,1328,paladin,holy,18,14,4
14519,Lightbrîng,hyjal,1327,paladin,holy,53,26,27
14520,Кольт,borean-tundra,1324,paladin,holy,73,36,37
14521,Danepala,defias-brotherhood,1322,paladin,holy,29,15,14
14522,Эллиарэй,gordunni,1321,paladin,holy,30,14,16
14523,Kristelle,argent-dawn,1319,paladin,holy,30,14,16
14524,Jcbubs,xavius,1318,paladin,holy,30,14,16
14525,Lastaid,azshara,1318,paladin,holy,104,47,57
14526,Neyd,hyjal,1314,paladin,holy,60,21,39
14527,Erao,the-maelstrom,1313,paladin,holy,36,14,22
14528,Emistesía,stormscale,1312,paladin,holy,36,14,22
14529,Necrozi,stormscale,1311,paladin,holy,60,35,25
14530,Agadin,ysondre,1310,paladin,holy,35,19,16
14531,Bigfailure,blackmoore,1309,paladin,holy,65,21,44
14532,Лимфома,goldrinn,1307,paladin,holy,53,18,35
14533,Skengdaddy,ragnaros,1306,paladin,holy,84,39,45
14534,Nudzolini,tarren-mill,1300,paladin,holy,30,17,13
14535,Strudell,terrordar,1294,paladin,holy,47,26,21
14536,Elohim,echsenkessel,1293,paladin,holy,142,64,78
14537,Kerven,doomhammer,1293,paladin,holy,42,16,26
14538,Daizen,blackrock,1289,paladin,holy,61,41,20
14539,Polydeukis,stormscale,1288,paladin,holy,78,29,49
14540,Алекхей,gordunni,1282,paladin,holy,66,28,38
14541,Satipal,sargeras,1280,paladin,holy,93,36,57
14542,Demecir,twisting-nether,1279,paladin,holy,172,84,88
14543,Ggiwastheret,kazzak,1277,paladin,holy,23,14,9
14544,Bovinequeef,twisting-nether,1272,paladin,holy,30,15,15
14545,Mestgone,dalaran,1270,paladin,holy,42,15,27
14546,Alard,sanguino,1269,paladin,holy,78,31,47
14547,Uzuriel,chogall,1268,paladin,holy,280,126,154
14548,Делатор,gordunni,1267,paladin,holy,48,22,26
14549,Tyktyk,draenor,1264,paladin,holy,30,17,13
14550,Regis,dragonblight,1264,paladin,holy,61,34,27
14551,Tíep,blackmoore,1262,paladin,holy,71,36,35
14552,Pajtash,doomhammer,1261,paladin,holy,59,29,30
14553,Badckes,sylvanas,1261,paladin,holy,58,21,37
14554,Pigpiss,ravencrest,1260,paladin,holy,34,14,20
14555,Amolan,drakthul,1259,paladin,holy,39,24,15
14556,Bloodsoldier,twisting-nether,1258,paladin,holy,88,45,43
14557,Kapikøoqt,suramar,1257,paladin,holy,98,54,44
14558,Kaitlyne,tarren-mill,1252,paladin,holy,91,46,45
14559,Анбели,gordunni,1252,paladin,holy,60,24,36
14560,Goodbit,dentarg,1250,paladin,holy,30,17,13
14561,Hogma,hyjal,1250,paladin,holy,36,14,22
14562,Ginbeam,aegwynn,1248,paladin,holy,60,29,31
14563,Papasito,tarren-mill,1245,paladin,holy,42,13,29
14564,Dawnforged,stormscale,1244,paladin,holy,60,28,32
14565,Hawki,blackmoore,1240,paladin,holy,18,13,5
14566,Demonskiller,alakir,1240,paladin,holy,83,44,39
14567,Kayndornek,ravencrest,1240,paladin,holy,54,25,29
14568,Neithi,twisting-nether,1238,paladin,holy,42,20,22
14569,Ostardo,blackhand,1237,paladin,holy,18,13,5
14570,Pupsihasi,kelthuzad,1237,paladin,holy,29,16,13
14571,Skailzpal,hyjal,1236,paladin,holy,36,21,15
14572,Pablok,minahonda,1236,paladin,holy,42,13,29
14573,Aelly,hyjal,1235,paladin,holy,30,17,13
14574,Wingcomandêr,aegwynn,1235,paladin,holy,30,13,17
14575,Nerdpallyx,tarren-mill,1234,paladin,holy,30,13,17
14576,Jarroshdin,stormscale,1232,paladin,holy,60,38,22
14577,Farata,ravencrest,1230,paladin,holy,160,78,82
14578,Wrathlol,ravencrest,1230,paladin,holy,143,67,76
14579,Vadomar,emerald-dream,1230,paladin,holy,36,13,23
14580,Hîfi,blackmoore,1227,paladin,holy,124,66,58
14581,Mozzie,archimonde,1227,paladin,holy,66,26,40
14582,Emilíá,kazzak,1223,paladin,holy,24,13,11
14583,Ritiv,stormreaver,1219,paladin,holy,72,30,42
14584,Fleny,thrall,1215,paladin,holy,24,13,11
14585,Paladins,archimonde,1214,paladin,holy,38,20,18
14586,Weserwehr,laughing-skull,1214,paladin,holy,54,27,27
14587,Ромерл,gordunni,1210,paladin,holy,211,97,114
14588,Stuzzyy,ravencrest,1209,paladin,holy,36,16,20
14589,Jaezlin,tarren-mill,1207,paladin,holy,124,66,58
14590,Rébél,argent-dawn,1206,paladin,holy,42,17,25
14591,Keryann,argent-dawn,1205,paladin,holy,102,51,51
14592,Skolisse,kazzak,1203,paladin,holy,81,42,39
14593,Xastur,rexxar,1201,paladin,holy,33,17,16
14594,Boric,bloodhoof,1184,paladin,holy,29,16,13
14595,Crispydixx,draenor,1183,paladin,holy,59,29,30
14596,Baubble,silvermoon,1181,paladin,holy,24,14,10
14597,Ugolf,kazzak,1178,paladin,holy,30,14,16
14598,Shiidori,aegwynn,1175,paladin,holy,57,23,34
14599,Rhulana,blackrock,1171,paladin,holy,50,32,18
14600,Toradin,thunderhorn,1167,paladin,holy,27,13,14
14601,Pokébowl,outland,1166,paladin,holy,30,14,16
14602,Puiçanpal,archimonde,1163,paladin,holy,30,15,15
14603,Ragua,tarren-mill,1159,paladin,holy,60,23,37
14604,Kaki,gorgonnash,1151,paladin,holy,18,12,6
14605,Wedervärdig,twilights-hammer,1151,paladin,holy,54,23,31
14606,Lrnz,tarren-mill,1151,paladin,holy,30,12,18
14607,Lezoom,draenor,1150,paladin,holy,47,24,23
14608,Haylø,archimonde,1150,paladin,holy,24,12,12
14609,Chryme,thrall,1149,paladin,holy,18,12,6
14610,Алексендлерх,soulflayer,1149,paladin,holy,18,12,6
14611,Catali,sanguino,1149,paladin,holy,99,50,49
14612,Мифариан,blackscar,1147,paladin,holy,24,12,12
14613,Elsewhere,archimonde,1146,paladin,holy,30,12,18
14614,Lightmamba,draenor,1146,paladin,holy,42,13,29
14615,Rookbeef,eredar,1145,paladin,holy,18,12,6
14616,Quezkal,dun-modr,1144,paladin,holy,39,18,21
14617,Leon,veknilash,1144,paladin,holy,93,39,54
14618,Faildin,arathor,1142,paladin,holy,63,27,36
14619,Коварное,borean-tundra,1141,paladin,holy,24,12,12
14620,Gromezrael,elune,1141,paladin,holy,42,19,23
14621,Cadila,silvermoon,1141,paladin,holy,42,19,23
14622,Archaegis,silvermoon,1141,paladin,holy,30,12,18
14623,Talimañ,kazzak,1140,paladin,holy,18,12,6
14624,Holymax,gorgonnash,1140,paladin,holy,30,17,13
14625,Konane,drekthar,1139,paladin,holy,31,12,19
14626,Trisunonvaki,khazgoroth,1137,paladin,holy,114,58,56
14627,Taraniah,argent-dawn,1137,paladin,holy,54,27,27
14628,Minouminou,archimonde,1136,paladin,holy,24,13,11
14629,Strykar,aggra-português,1136,paladin,holy,36,17,19
14630,Kambood,twisting-nether,1134,paladin,holy,141,60,81
14631,Jasiv,draenor,1132,paladin,holy,36,14,22
14632,Trístesse,tarren-mill,1129,paladin,holy,94,46,48
14633,Expot,blackmoore,1128,paladin,holy,24,12,12
14634,Fleshoflight,arathor,1127,paladin,holy,72,26,46
14635,Zebramann,silvermoon,1121,paladin,holy,48,20,28
14636,Serim,dun-modr,1119,paladin,holy,54,23,31
14637,Guidone,sylvanas,1116,paladin,holy,30,13,17
14638,Kanina,outland,1114,paladin,holy,58,23,35
14639,Tscheba,kazzak,1109,paladin,holy,82,42,40
14640,Holyppower,frostmane,1109,paladin,holy,29,12,17
14641,Unithral,durotan,1107,paladin,holy,24,12,12
14642,Minui,onyxia,1100,paladin,holy,30,12,18
14643,Xray,ahnqiraj,1099,paladin,holy,23,12,11
14644,Deathsfate,defias-brotherhood,1095,paladin,holy,21,12,9
14645,Nosn,ravencrest,1087,paladin,holy,66,34,32
14646,Johnaggro,outland,1087,paladin,holy,34,15,19
14647,Dabstar,antonidas,1086,paladin,holy,88,41,47
14648,Zerfleddern,aegwynn,1083,paladin,holy,89,42,47
14649,Кейлол,soulflayer,1083,paladin,holy,27,12,15
14650,Ðuïvel,grim-batol,1076,paladin,holy,28,12,16
14651,Palanolmal,dun-modr,1068,paladin,holy,33,16,17
14652,Áftershøck,ravencrest,1056,paladin,holy,24,11,13
14653,Casmira,blackrock,1055,paladin,holy,18,11,7
14654,Jeromesavile,tarren-mill,1055,paladin,holy,24,11,13
14655,Дарксайгн,gordunni,1054,paladin,holy,36,11,25
14656,Swâpxy,proudmoore,1053,paladin,holy,18,11,7
14657,Heyley,twisting-nether,1053,paladin,holy,18,11,7
14658,Çrúsader,frostmane,1053,paladin,holy,24,14,10
14659,Neverbuble,archimonde,1053,paladin,holy,30,11,19
14660,Kaktuszfüge,ragnaros,1052,paladin,holy,58,35,23
14661,Emistesia,stormscale,1050,paladin,holy,24,11,13
14662,Truthbearer,darksorrow,1050,paladin,holy,28,12,16
14663,Vintar,quelthalas,1047,paladin,holy,48,26,22
14664,Rekolon,garrosh,1047,paladin,holy,42,16,26
14665,Honeygodx,antonidas,1043,paladin,holy,18,11,7
14666,Cmen,silvermoon,1043,paladin,holy,109,54,55
14667,Babybeater,outland,1043,paladin,holy,37,14,23
14668,Grimbold,hellfire,1042,paladin,holy,18,11,7
14669,Vuup,silvermoon,1039,paladin,holy,18,11,7
14670,Karnwield,kirin-tor,1039,paladin,holy,34,16,18
14671,Øsirix,archimonde,1038,paladin,holy,42,18,24
14672,Kuhs,eredar,1038,paladin,holy,59,23,36
14673,Flashyplays,silvermoon,1037,paladin,holy,30,21,9
14674,Флаила,ashenvale,1031,paladin,holy,30,17,13
14675,Billkop,silvermoon,1030,paladin,holy,43,20,23
14676,Høpé,malganis,1028,paladin,holy,68,32,36
14677,Mjølnîr,eredar,1025,paladin,holy,36,12,24
14678,Drohim,aegwynn,1022,paladin,holy,22,11,11
14679,Perpon,exodar,1017,paladin,holy,24,11,13
14680,Darhuun,antonidas,1012,paladin,holy,60,23,37
14681,Palir,ysondre,1010,paladin,holy,24,11,13
14682,Golldy,burning-legion,1008,paladin,holy,21,12,9
14683,Paliester,stormscale,1007,paladin,holy,18,12,6
14684,Ланиакеа,deathguard,1007,paladin,holy,24,12,12
14685,Alastrr,hyjal,1006,paladin,holy,27,13,14
14686,Dunka,twisting-nether,1003,paladin,holy,100,52,48
14687,Echooes,ravencrest,994,paladin,holy,158,65,93
14688,Satip,archimonde,993,paladin,holy,36,22,14
14689,Паландис,howling-fjord,990,paladin,holy,24,11,13
14690,Poundcake,stormscale,990,paladin,holy,68,30,38
14691,Buddy,conseil-des-ombres,988,paladin,holy,50,24,26
14692,Marik,argent-dawn,987,paladin,holy,17,11,6
14693,Legenda,grim-batol,979,paladin,holy,30,14,16
14694,Psycholas,ysondre,969,paladin,holy,23,11,12
14695,Purificatoru,draenor,966,paladin,holy,30,13,17
14696,Rafox,malygos,964,paladin,holy,42,17,25
14697,Byoß,ravencrest,960,paladin,holy,18,10,8
14698,Ajani,la-croisade-écarlate,960,paladin,holy,24,10,14
14699,Femaleelf,eredar,959,paladin,holy,18,10,8
14700,Norandel,turalyon,959,paladin,holy,24,10,14
14701,Umirinbruv,zenedar,959,paladin,holy,26,10,16
14702,Lofotof,silvermoon,958,paladin,holy,12,10,2
14703,Herayo,aegwynn,958,paladin,holy,24,10,14
14704,Whórainzóne,eredar,958,paladin,holy,36,10,26
14705,Elians,outland,955,paladin,holy,24,10,14
14706,Crusadelight,alakir,953,paladin,holy,80,35,45
14707,Roshï,tarren-mill,953,paladin,holy,30,10,20
14708,Keltinne,ysondre,952,paladin,holy,18,10,8
14709,Bcrp,ragnaros,950,paladin,holy,30,10,20
14710,Ударник,soulflayer,949,paladin,holy,48,25,23
14711,Skwáru,burning-legion,949,paladin,holy,24,10,14
14712,Sweestance,minahonda,949,paladin,holy,30,10,20
14713,Cmelacek,wildhammer,948,paladin,holy,18,10,8
14714,Lightmachine,kirin-tor,945,paladin,holy,12,10,2
14715,Datz,nerathor,943,paladin,holy,24,10,14
14716,Paliat,silvermoon,943,paladin,holy,25,10,15
14717,Groove,colinas-pardas,941,paladin,holy,34,11,23
14718,Messîah,outland,939,paladin,holy,43,19,24
14719,Clerik,eredar,934,paladin,holy,64,30,34
14720,Thickets,argent-dawn,934,paladin,holy,24,10,14
14721,Manole,ravencrest,933,paladin,holy,29,12,17
14722,Yasmira,frostmourne,930,paladin,holy,30,16,14
14723,Paladons,darksorrow,926,paladin,holy,35,19,16
14724,Gabriev,twisting-nether,925,paladin,holy,14,11,3
14725,Миллагрессия,soulflayer,917,paladin,holy,107,46,61
14726,Tömmÿ,draenor,915,paladin,holy,36,15,21
14727,Эвердрим,soulflayer,906,paladin,holy,29,12,17
14728,Reeceboss,ravencrest,906,paladin,holy,29,12,17
14729,Öbedö,malganis,902,paladin,holy,27,10,17
14730,Veléxis,outland,900,paladin,holy,19,11,8
14731,Nykothpn,ghostlands,899,paladin,holy,54,18,36
14732,Яполковник,gordunni,887,paladin,holy,53,30,23
14733,Theisixtus,drakthul,883,paladin,holy,23,12,11
14734,Pisr,draenor,864,paladin,holy,18,9,9
14735,Мылонеуроних,deathguard,864,paladin,holy,18,9,9
14736,Powerpufgirl,blackrock,863,paladin,holy,18,9,9
14737,Дезоиль,gordunni,863,paladin,holy,18,9,9
14738,Рэймета,soulflayer,861,paladin,holy,18,9,9
14739,Ashbrìnger,aegwynn,861,paladin,holy,18,9,9
14740,Ampoula,ravencrest,861,paladin,holy,18,9,9
14741,Niou,alleria,861,paladin,holy,24,9,15
14742,Smirk,aggra-português,857,paladin,holy,12,9,3
14743,Elganwar,hyjal,856,paladin,holy,18,9,9
14744,Kocovic,tarren-mill,855,paladin,holy,24,9,15
14745,Burkaal,antonidas,852,paladin,holy,24,9,15
14746,Фломастер,gordunni,851,paladin,holy,18,9,9
14747,Qyrija,malganis,845,paladin,holy,18,9,9
14748,Fract,aggramar,838,paladin,holy,18,9,9
14749,Veelris,kazzak,825,paladin,holy,72,33,39
14750,Ridethelight,nemesis,823,paladin,holy,18,9,9
14751,Odensson,sylvanas,823,paladin,holy,30,9,21
14752,Salubrifie,archimonde,817,paladin,holy,18,9,9
14753,Thaifo,silvermoon,814,paladin,holy,15,10,5
14754,Syrenia,die-silberne-hand,814,paladin,holy,40,9,31
14755,Chantal,gilneas,813,paladin,holy,30,12,18
14756,Pölark,archimonde,790,paladin,holy,41,14,27
14757,Kaleto,ragnaros,773,paladin,holy,22,10,12
14758,Meldi,dalaran,768,paladin,holy,12,8,4
14759,Mðnsterz,archimonde,768,paladin,holy,18,8,10
14760,Derpe,hellscream,768,paladin,holy,18,8,10
14761,Percocetx,tarren-mill,768,paladin,holy,24,8,16
14762,Crucifiction,balnazzar,768,paladin,holy,24,8,16
14763,Böllerbarbie,silvermoon,767,paladin,holy,12,8,4
14764,Curufin,grim-batol,767,paladin,holy,12,8,4
14765,Qpax,twisting-nether,767,paladin,holy,18,8,10
14766,Micrøsi,thrall,767,paladin,holy,18,8,10
14767,Claudîax,kazzak,767,paladin,holy,18,8,10
14768,Cozm,silvermoon,767,paladin,holy,18,8,10
14769,Ванябублгам,soulflayer,767,paladin,holy,18,8,10
14770,Asenae,draenor,767,paladin,holy,24,8,16
14771,Dunutunicorn,argent-dawn,766,paladin,holy,12,8,4
14772,Bezvakost,thunderhorn,766,paladin,holy,18,8,10
14773,Coopz,defias-brotherhood,765,paladin,holy,18,8,10
14774,Bighammerx,ravencrest,765,paladin,holy,18,8,10
14775,Спэнсэр,gordunni,764,paladin,holy,12,8,4
14776,Ikbenmani,tarren-mill,760,paladin,holy,18,8,10
14777,Galadørn,elune,760,paladin,holy,24,8,16
14778,Jaesa,lordaeron,735,paladin,holy,17,8,9
14779,Anemonaa,argent-dawn,722,paladin,holy,18,8,10
14780,Áfx,blackmoore,714,paladin,holy,38,14,24
14781,Churrucuca,minahonda,713,paladin,holy,15,9,6
14782,Gegge,kazzak,701,paladin,holy,32,8,24
14783,Haros,xavius,686,paladin,holy,13,8,5
14784,Kárlsberg,aegwynn,683,paladin,holy,32,13,19
14785,Gtgpiscine,kirin-tor,672,paladin,holy,12,7,5
14786,Shamoo,archimonde,672,paladin,holy,12,7,5
14787,Ирестли,azuregos,672,paladin,holy,12,7,5
14788,Istani,twisting-nether,672,paladin,holy,18,7,11
14789,Whatisapalla,ragnaros,672,paladin,holy,18,7,11
14790,Fleshgraft,drakthul,672,paladin,holy,18,7,11
14791,Máttés,antonidas,672,paladin,holy,18,7,11
14792,Faíren,blackrock,672,paladin,holy,18,7,11
14793,Daddysiliam,ravencrest,671,paladin,holy,12,7,5
14794,Tepowze,twisting-nether,671,paladin,holy,12,7,5
14795,Tiffanyqt,frostwolf,671,paladin,holy,12,7,5
14796,Skatiaringos,silvermoon,671,paladin,holy,18,7,11
14797,Mohamedx,tarren-mill,671,paladin,holy,18,7,11
14798,Pârabellum,the-maelstrom,670,paladin,holy,18,7,11
14799,Skarn,pozzo-delleternità,670,paladin,holy,18,7,11
14800,Lènnja,baelgun,670,paladin,holy,18,7,11
14801,Seinz,talnivarr,668,paladin,holy,18,7,11
14802,Edwín,tichondrius,667,paladin,holy,12,7,5
14803,Luminix,ragnaros,667,paladin,holy,12,7,5
14804,Warkyria,sanguino,665,paladin,holy,19,8,11
14805,Juicemachine,silvermoon,663,paladin,holy,12,7,5
14806,Mowik,archimonde,662,paladin,holy,24,7,17
14807,Langibo,malfurion,658,paladin,holy,12,7,5
14808,Ázot,burning-legion,656,paladin,holy,24,7,17
14809,Jüther,pozzo-delleternità,623,paladin,holy,17,7,10
14810,Торсгард,howling-fjord,622,paladin,holy,15,8,7
14811,Meive,sanguino,622,paladin,holy,17,7,10
14812,Ubiquitous,kazzak,606,paladin,holy,17,7,10
14813,Rezilience,archimonde,576,paladin,holy,6,6,0
14814,Dogmatic,blackmoore,576,paladin,holy,12,6,6
14815,Jinyssa,silvermoon,576,paladin,holy,12,6,6
14816,Verlinya,archimonde,576,paladin,holy,12,6,6
14817,Nádrüstál,kazzak,576,paladin,holy,12,6,6
14818,Ben,ghostlands,576,paladin,holy,12,6,6
14819,Bapêe,thrall,576,paladin,holy,12,6,6
14820,Kiingen,ragnaros,576,paladin,holy,12,6,6
14821,Holypapa,argent-dawn,576,paladin,holy,12,6,6
14822,Holyfuchsia,ravencrest,576,paladin,holy,12,6,6
14823,Sheldon,sylvanas,576,paladin,holy,12,6,6
14824,Рустиктоп,gordunni,576,paladin,holy,12,6,6
14825,Cerinae,tarren-mill,576,paladin,holy,15,6,9
14826,Язвавгорле,soulflayer,576,paladin,holy,18,6,12
14827,Westranspal,ravencrest,576,paladin,holy,18,6,12
14828,Elfaza,uldum,576,paladin,holy,24,6,18
14829,Подлыйдим,fordragon,576,paladin,holy,24,6,18
14830,Amôn,outland,576,paladin,holy,28,6,22
14831,Matagladis,dun-modr,575,paladin,holy,12,6,6
14832,Dragonwingz,kazzak,575,paladin,holy,12,6,6
14833,Pussas,burning-legion,575,paladin,holy,18,6,12
14834,Нинтендо,grom,575,paladin,holy,18,6,12
14835,Холиэвил,gordunni,575,paladin,holy,18,6,12
14836,Lichbörnè,outland,575,paladin,holy,18,6,12
14837,Elsirosel,dun-modr,574,paladin,holy,12,6,6
14838,Jeyløl,antonidas,574,paladin,holy,12,6,6
14839,Darthdin,stormscale,572,paladin,holy,12,6,6
14840,Santtox,dun-modr,572,paladin,holy,22,7,15
14841,Jessìca,ravenholdt,571,paladin,holy,12,6,6
14842,Кизарыч,galakrond,528,paladin,holy,27,6,21
14843,Heavel,thrall,527,paladin,holy,17,6,11
14844,Ðelusion,sanguino,480,paladin,holy,6,5,1
14845,Teksor,frostmourne,480,paladin,holy,6,5,1
14846,Cunix,draenor,480,paladin,holy,6,5,1
14847,Shockhoe,tarren-mill,480,paladin,holy,12,5,7
14848,Demytxx,silvermoon,480,paladin,holy,12,5,7
14849,Bossedin,aszune,480,paladin,holy,12,5,7
14850,Holydeals,silvermoon,480,paladin,holy,12,5,7
14851,Spinne,tarren-mill,480,paladin,holy,12,5,7
14852,Stepsislana,tarren-mill,480,paladin,holy,12,5,7
14853,Morthiel,burning-blade,480,paladin,holy,12,5,7
14854,Аффикстинка,soulflayer,480,paladin,holy,12,5,7
14855,Wepalapvpbop,ravencrest,480,paladin,holy,12,5,7
14856,Zunis,jaedenar,480,paladin,holy,12,5,7
14857,Fluentx,ravencrest,480,paladin,holy,12,5,7
14858,Lexolex,ravencrest,480,paladin,holy,12,5,7
14859,Alennya,dalaran,480,paladin,holy,12,5,7
14860,Gayestpala,ravencrest,480,paladin,holy,12,5,7
14861,Fluv,ravencrest,480,paladin,holy,12,5,7
14862,Лайхтни,gordunni,480,paladin,holy,12,5,7
14863,Padrak,eredar,480,paladin,holy,12,5,7
14864,Snoogléface,grim-batol,480,paladin,holy,14,5,9
14865,Zymotíx,stormscale,480,paladin,holy,18,5,13
14866,Holydhanas,outland,480,paladin,holy,18,5,13
14867,Гола,gordunni,480,paladin,holy,18,5,13
14868,Omgimapala,kazzak,480,paladin,holy,20,5,15
14869,Tarhal,guldan,479,paladin,holy,6,5,1
14870,Dreamwatcher,outland,479,paladin,holy,12,5,7
14871,Ninko,sylvanas,479,paladin,holy,12,5,7
14872,Stinkytoes,draenor,479,paladin,holy,12,5,7
14873,Sixtynien,outland,479,paladin,holy,12,5,7
14874,Liadry,sylvanas,479,paladin,holy,12,5,7
14875,Малимон,soulflayer,479,paladin,holy,12,5,7
14876,Paluladin,turalyon,479,paladin,holy,12,5,7
14877,Gavril,bloodfeather,479,paladin,holy,12,5,7
14878,Мэйр,howling-fjord,479,paladin,holy,12,5,7
14879,Руслаанеш,soulflayer,479,paladin,holy,12,5,7
14880,Brøadway,eredar,479,paladin,holy,12,5,7
14881,Лазуриса,deathguard,479,paladin,holy,12,5,7
14882,Sultaani,ravencrest,479,paladin,holy,18,5,13
14883,Vulgati,kazzak,479,paladin,holy,18,5,13
14884,Bellamy,vashj,479,paladin,holy,18,5,13
14885,Bubblegum,dentarg,478,paladin,holy,18,5,13
14886,Kaedena,kaelthas,476,paladin,holy,12,5,7
14887,Menagron,tarren-mill,476,paladin,holy,13,5,8
14888,Styflor,dalaran,476,paladin,holy,18,5,13
14889,Bjammin,burning-legion,474,paladin,holy,18,5,13
14890,Jargot,antonidas,472,paladin,holy,12,5,7
14891,Лералучшая,gordunni,464,paladin,holy,19,7,12
14892,Árcangel,minahonda,447,paladin,holy,17,5,12
14893,Memewings,tarren-mill,426,paladin,holy,17,7,10
14894,Тейдехан,gordunni,426,paladin,holy,21,6,15
14895,Eastranspal,ravencrest,426,paladin,holy,24,6,18
14896,Cerseï,frostmane,425,paladin,holy,23,6,17
14897,Ralo,shattrath,415,paladin,holy,16,5,11
14898,Chewwaka,bloodhoof,384,paladin,holy,6,4,2
14899,Lapew,eredar,384,paladin,holy,6,4,2
14900,Elp,ysondre,384,paladin,holy,6,4,2
14901,Bloednicht,dentarg,384,paladin,holy,6,4,2
14902,Первыйпал,blackscar,384,paladin,holy,6,4,2
14903,Wiffy,ravencrest,384,paladin,holy,6,4,2
14904,Dragg,kirin-tor,384,paladin,holy,6,4,2
14905,Rikiji,ravencrest,384,paladin,holy,6,4,2
14906,Chopocrisp,dun-modr,384,paladin,holy,6,4,2
14907,Jokkepaappa,darksorrow,384,paladin,holy,6,4,2
14908,Holydawnx,kazzak,384,paladin,holy,6,4,2
14909,Yimnotprot,ravencrest,384,paladin,holy,6,4,2
14910,Visersion,tarren-mill,384,paladin,holy,12,4,8
14911,Нетораре,howling-fjord,384,paladin,holy,12,4,8
14912,Shívah,auchindoun,384,paladin,holy,12,4,8
14913,Freý,ravencrest,384,paladin,holy,12,4,8
14914,Lianndrin,blackhand,384,paladin,holy,12,4,8
14915,Tyrø,ravencrest,384,paladin,holy,12,4,8
14916,Hammarfall,ravencrest,384,paladin,holy,12,4,8
14917,Vânwêêd,thrall,384,paladin,holy,12,4,8
14918,Imitrex,hyjal,384,paladin,holy,12,4,8
14919,Sebatrøz,ravencrest,384,paladin,holy,12,4,8
14920,Stratarxis,kazzak,384,paladin,holy,12,4,8
14921,Pâmê,kazzak,384,paladin,holy,12,4,8
14922,Fedaikin,stormscale,384,paladin,holy,12,4,8
14923,Дэнриэль,howling-fjord,384,paladin,holy,12,4,8
14924,Eline,zenedar,384,paladin,holy,12,4,8
14925,Psikatchuu,hyjal,384,paladin,holy,12,4,8
14926,Dimetrix,stormscale,384,paladin,holy,12,4,8
14927,Gloonî,blackmoore,384,paladin,holy,18,4,14
14928,Талрэн,howling-fjord,384,paladin,holy,18,4,14
14929,Гниленький,razuvious,384,paladin,holy,24,4,20
14930,Tôra,hyjal,383,paladin,holy,6,4,2
14931,Paidi,die-todeskrallen,383,paladin,holy,9,4,5
14932,Anfe,silvermoon,383,paladin,holy,12,4,8
14933,Maxôr,norgannon,383,paladin,holy,12,4,8
14934,Caumon,los-errantes,383,paladin,holy,12,4,8
14935,Кэлви,blackscar,383,paladin,holy,12,4,8
14936,Superpaladin,draenor,383,paladin,holy,18,4,14
14937,Scissors,dun-morogh,383,paladin,holy,18,4,14
14938,Palafrugell,sanguino,382,paladin,holy,6,4,2
14939,Zetla,khaz-modan,382,paladin,holy,12,4,8
14940,Avengilo,silvermoon,382,paladin,holy,12,4,8
14941,Nêkro,dun-modr,382,paladin,holy,18,4,14
14942,Konpala,blackmoore,367,paladin,holy,11,4,7
14943,Justyowx,archimonde,352,paladin,holy,16,5,11
14944,Pepegasensei,ravencrest,330,paladin,holy,7,5,2
14945,Zeret,twisting-nether,329,paladin,holy,16,6,10
14946,Ysnee,sanguino,320,paladin,holy,16,4,12
14947,Tyn,dragonmaw,288,paladin,holy,6,3,3
14948,Breez,die-aldor,288,paladin,holy,6,3,3
14949,Irefutabila,stormscale,288,paladin,holy,6,3,3
14950,Tacodin,blackrock,288,paladin,holy,6,3,3
14951,Zondãn,blackrock,288,paladin,holy,6,3,3
14952,Zunis,ravencrest,288,paladin,holy,6,3,3
14953,Kherathan,argent-dawn,288,paladin,holy,6,3,3
14954,Wäsabi,khaz-modan,288,paladin,holy,6,3,3
14955,Bandrogina,shattered-hand,288,paladin,holy,6,3,3
14956,Demytx,burning-legion,288,paladin,holy,6,3,3
14957,Vôltuxx,outland,288,paladin,holy,6,3,3
14958,Kiwia,burning-legion,288,paladin,holy,6,3,3
14959,Lunalovesyou,blackmoore,288,paladin,holy,6,3,3
14960,Solumon,gorgonnash,288,paladin,holy,6,3,3
14961,Бладиполи,soulflayer,288,paladin,holy,6,3,3
14962,Preamx,blackrock,288,paladin,holy,6,3,3
14963,Rohanan,blackrock,288,paladin,holy,6,3,3
14964,Вивай,howling-fjord,288,paladin,holy,6,3,3
14965,Grafes,sanguino,288,paladin,holy,6,3,3
14966,Reeley,drakthul,288,paladin,holy,6,3,3
14967,Krayzier,nordrassil,288,paladin,holy,12,3,9
14968,Tyraïa,archimonde,288,paladin,holy,12,3,9
14969,Влажныйбоб,soulflayer,288,paladin,holy,12,3,9
14970,Гуэргос,gordunni,288,paladin,holy,12,3,9
14971,Kapsloch,twisting-nether,288,paladin,holy,12,3,9
14972,Brölin,sanguino,288,paladin,holy,12,3,9
14973,Jctp,ravencrest,288,paladin,holy,12,3,9
14974,Rezvaya,tarren-mill,288,paladin,holy,12,3,9
14975,Kelmarr,blackmoore,288,paladin,holy,12,3,9
14976,Zerohour,kilrogg,288,paladin,holy,12,3,9
14977,Telarii,die-nachtwache,288,paladin,holy,12,3,9
14978,Linxo,argent-dawn,288,paladin,holy,12,3,9
14979,Bigdamjudge,argent-dawn,288,paladin,holy,12,3,9
14980,Mythsion,blackmoore,288,paladin,holy,12,3,9
14981,Сакон,borean-tundra,288,paladin,holy,12,3,9
14982,Arbuzno,draenor,288,paladin,holy,12,3,9
14983,Кузнейц,borean-tundra,288,paladin,holy,14,3,11
14984,Heldarim,ysondre,288,paladin,holy,18,3,15
14985,Palolog,burning-legion,288,paladin,holy,18,3,15
14986,Kaelorian,silvermoon,288,paladin,holy,18,3,15
14987,Макспал,lich-king,287,paladin,holy,6,3,3
14988,Averyholycow,the-maelstrom,287,paladin,holy,6,3,3
14989,Toxií,argent-dawn,287,paladin,holy,12,3,9
14990,Kcore,blackrock,287,paladin,holy,12,3,9
14991,Даурия,soulflayer,287,paladin,holy,12,3,9
14992,Европпа,soulflayer,271,paladin,holy,16,3,13
14993,Gaskohle,blackmoore,255,paladin,holy,11,3,8
14994,Xaérulus,draenor,239,paladin,holy,5,3,2
14995,Xila,blackrock,234,paladin,holy,9,4,5
14996,Mustardio,tarren-mill,234,paladin,holy,14,4,10
14997,Dewastør,blackmoore,234,paladin,holy,15,4,11
14998,Battalgazi,azjolnerub,233,paladin,holy,17,5,12
14999,Faranume,sylvanas,233,paladin,holy,16,4,12
15000,Ниссида,blackscar,224,paladin,holy,10,3,7
15001,Мускатер,gordunni,192,paladin,holy,6,2,4
15002,Truko,frostwolf,192,paladin,holy,6,2,4
15003,Ришардебюр,soulflayer,192,paladin,holy,6,2,4
15004,Envli,ragnaros,192,paladin,holy,6,2,4
15005,Aranael,nemesis,192,paladin,holy,6,2,4
15006,Benedikt,stormscale,192,paladin,holy,6,2,4
15007,Прожектор,gordunni,192,paladin,holy,6,2,4
15008,Poonky,dun-modr,192,paladin,holy,6,2,4
15009,Chusterb,draenor,192,paladin,holy,6,2,4
15010,Pátish,terenas,192,paladin,holy,6,2,4
15011,Edyk,silvermoon,192,paladin,holy,6,2,4
15012,Edgï,confrérie-du-thorium,192,paladin,holy,6,2,4
15013,Galadrion,dun-modr,192,paladin,holy,6,2,4
15014,Lompe,karazhan,192,paladin,holy,6,2,4
15015,Elrack,blackhand,192,paladin,holy,6,2,4
15016,Дюве,blackscar,192,paladin,holy,6,2,4
15017,Бэдмэн,deathguard,192,paladin,holy,6,2,4
15018,Durnell,sylvanas,192,paladin,holy,6,2,4
15019,Míxu,stormreaver,192,paladin,holy,6,2,4
15020,Rulîx,blackmoore,192,paladin,holy,6,2,4
15021,Pagadi,blackhand,192,paladin,holy,6,2,4
15022,Alisonquínn,defias-brotherhood,192,paladin,holy,6,2,4
15023,Bígmachine,draenor,192,paladin,holy,6,2,4
15024,Léinãd,kazzak,192,paladin,holy,6,2,4
15025,Calipse,outland,192,paladin,holy,6,2,4
15026,Паблойд,deathguard,192,paladin,holy,6,2,4
15027,Realdeal,argent-dawn,192,paladin,holy,6,2,4
15028,Rdypaladin,ravencrest,192,paladin,holy,6,2,4
15029,Conker,malganis,192,paladin,holy,6,2,4
15030,Padraic,scarshield-legion,192,paladin,holy,6,2,4
15031,Lafrogge,culte-de-la-rive-noire,192,paladin,holy,6,2,4
15032,Teflonmagìc,ravencrest,192,paladin,holy,6,2,4
15033,Nirvanä,drakthul,192,paladin,holy,6,2,4
15034,Холидугги,howling-fjord,192,paladin,holy,12,2,10
15035,Ztiina,tarren-mill,192,paladin,holy,12,2,10
15036,Silvers,steamwheedle-cartel,192,paladin,holy,12,2,10
15037,Leadfoot,argent-dawn,192,paladin,holy,12,2,10
15038,Пауэрлайт,blackscar,192,paladin,holy,12,2,10
15039,Zeleron,darksorrow,192,paladin,holy,12,2,10
15040,Essina,argent-dawn,192,paladin,holy,12,2,10
15041,Croptol,dun-modr,192,paladin,holy,12,2,10
15042,Кирюшафридом,gordunni,192,paladin,holy,13,2,11
15043,Schrikii,archimonde,192,paladin,holy,18,2,16
15044,Eky,stormreaver,192,paladin,holy,18,2,16
15045,Harycon,thrall,192,paladin,holy,24,2,22
15046,Tiboeufpéi,archimonde,191,paladin,holy,6,2,4
15047,Zuplex,deathwing,191,paladin,holy,6,2,4
15048,Àkí,blackmoore,191,paladin,holy,6,2,4
15049,Chasie,antonidas,191,paladin,holy,12,2,10
15050,Droseros,sylvanas,175,paladin,holy,23,2,21
15051,Кукусяшка,gordunni,159,paladin,holy,8,2,6
15052,Pïñkñætðøðÿ,tarren-mill,138,paladin,holy,14,3,11
15053,Paladzor,twisting-nether,128,paladin,holy,4,2,2
15054,Aéther,quelthalas,96,paladin,holy,3,2,1
15055,Синерина,blackscar,96,paladin,holy,6,1,5
15056,Bubbleheart,ahnqiraj,96,paladin,holy,6,1,5
15057,Flashhèart,draenor,96,paladin,holy,6,1,5
15058,Minirempart,khaz-modan,96,paladin,holy,6,1,5
15059,Bubblebun,kazzak,96,paladin,holy,6,1,5
15060,Holysheto,sanguino,96,paladin,holy,6,1,5
15061,Enriel,temple-noir,96,paladin,holy,6,1,5
15062,Playprist,aegwynn,96,paladin,holy,6,1,5
15063,Dedicatèd,draenor,96,paladin,holy,6,1,5
15064,Wingcomander,aegwynn,96,paladin,holy,6,1,5
15065,Aienest,ragnaros,96,paladin,holy,6,1,5
15066,Andrøiz,dun-modr,96,paladin,holy,6,1,5
15067,Elfaza,dun-modr,96,paladin,holy,6,1,5
15068,Agorasieya,frostwolf,96,paladin,holy,6,1,5
15069,Holyfalls,blackmoore,96,paladin,holy,6,1,5
15070,Acongojante,zuljin,96,paladin,holy,6,1,5
15071,Iamyellow,silvermoon,96,paladin,holy,6,1,5
15072,Ахрониус,soulflayer,96,paladin,holy,6,1,5
15073,Whiskeypal,draenor,96,paladin,holy,6,1,5
15074,Switchflip,frostmane,96,paladin,holy,6,1,5
15075,Colpadeltank,kazzak,96,paladin,holy,6,1,5
15076,Shanik,zuljin,96,paladin,holy,6,1,5
15077,Хочусметанки,howling-fjord,96,paladin,holy,6,1,5
15078,Fükdîscláss,ravencrest,96,paladin,holy,6,1,5
15079,Mybadvibes,tarren-mill,96,paladin,holy,6,1,5
15080,Penth,doomhammer,96,paladin,holy,6,1,5
15081,Демига,ashenvale,96,paladin,holy,6,1,5
15082,Bittersweex,stormscale,96,paladin,holy,6,1,5
15083,Zerafic,sylvanas,96,paladin,holy,6,1,5
15084,Rehtu,malganis,96,paladin,holy,6,1,5
15085,Xephiroxus,the-venture-co,96,paladin,holy,6,1,5
15086,Dobbygotsock,kazzak,96,paladin,holy,6,1,5
15087,Aggressìon,twisting-nether,96,paladin,holy,6,1,5
15088,Înphy,cthun,96,paladin,holy,6,1,5
15089,Shiøn,zuljin,96,paladin,holy,6,1,5
15090,Goldenstern,blackhand,96,paladin,holy,12,1,11
15091,Lunaary,antonidas,96,paladin,holy,12,1,11
15092,Hasler,drakthul,96,paladin,holy,12,1,11
15093,Pigma,outland,96,paladin,holy,12,1,11
15094,Fúrion,burning-blade,96,paladin,holy,12,1,11
15095,Лейфи,howling-fjord,96,paladin,holy,12,1,11
15096,Callon,das-syndikat,95,paladin,holy,6,1,5
15097,Hitaki,tarren-mill,64,paladin,holy,4,1,3
15098,Holymerda,grim-batol,42,paladin,holy,8,2,6
15099,Waltgyubeef,argent-dawn,42,paladin,holy,9,2,7
15100,Zeiserig,antonidas,42,paladin,holy,11,2,9
15101,Stracciatell,archimonde,2177,paladin,retribution,79,64,15
15102,Cosmicstâr,kazzak,2177,paladin,retribution,119,63,56
15103,Steelsuit,argent-dawn,2132,paladin,retribution,176,98,78
15104,Ðâny,elune,2128,paladin,retribution,135,68,67
15105,Аеррис,gordunni,2106,paladin,retribution,113,57,56
15106,Pïkachû,ravencrest,2105,paladin,retribution,60,33,27
15107,Bigspin,ravencrest,2097,paladin,retribution,120,65,55
15108,Miilicium,archimonde,2091,paladin,retribution,83,41,42
15109,Peiker,blackrock,2073,paladin,retribution,112,54,58
15110,Ricexoxo,blackhand,2066,paladin,retribution,98,48,50
15111,Elypsia,tarren-mill,2058,paladin,retribution,104,53,51
15112,Mýstíc,ravencrest,2049,paladin,retribution,118,56,62
15113,Nedith,pozzo-delleternità,2047,paladin,retribution,132,71,61
15114,Davewins,dragonblight,2033,paladin,retribution,42,34,8
15115,Ufø,magtheridon,2025,paladin,retribution,96,48,48
15116,Miriokekw,archimonde,2020,paladin,retribution,96,45,51
15117,Sacredwrath,burning-legion,2017,paladin,retribution,59,30,29
15118,Аполодориан,gordunni,2012,paladin,retribution,102,56,46
15119,Royki,the-maelstrom,2009,paladin,retribution,126,61,65
15120,Kazuroo,blackmoore,2005,paladin,retribution,78,44,34
15121,Xourens,twisting-nether,2003,paladin,retribution,73,33,40
15122,Nastalia,elune,1996,paladin,retribution,48,31,17
15123,Drkp,blackrock,1993,paladin,retribution,49,32,17
15124,Retwar,ravencrest,1986,paladin,retribution,77,49,28
15125,Sonne,tarren-mill,1985,paladin,retribution,72,36,36
15126,Xillindion,blackhand,1984,paladin,retribution,164,84,80
15127,Qshadow,frostwhisper,1984,paladin,retribution,76,36,40
15128,Bernhoftxd,ravencrest,1981,paladin,retribution,140,65,75
15129,Nîhil,silvermoon,1977,paladin,retribution,82,39,43
15130,Нейтхигерс,howling-fjord,1974,paladin,retribution,83,43,40
15131,Sitekx,burning-legion,1968,paladin,retribution,99,45,54
15132,Отловщик,gordunni,1966,paladin,retribution,64,34,30
15133,Bigdblaster,twisting-nether,1965,paladin,retribution,96,47,49
15134,Jowanno,stormscale,1958,paladin,retribution,95,49,46
15135,Monkeytm,archimonde,1957,paladin,retribution,58,27,31
15136,Antou,twisting-nether,1952,paladin,retribution,207,105,102
15137,Wingsteak,draenor,1951,paladin,retribution,75,41,34
15138,Vadya,ravencrest,1947,paladin,retribution,71,41,30
15139,Мрч,howling-fjord,1947,paladin,retribution,60,31,29
15140,Синодх,eversong,1943,paladin,retribution,95,42,53
15141,Ctierpala,ravencrest,1940,paladin,retribution,66,32,34
15142,Günykoloke,blackrock,1939,paladin,retribution,54,33,21
15143,Bersercute,sylvanas,1939,paladin,retribution,96,48,48
15144,Kriszi,burning-legion,1938,paladin,retribution,90,39,51
15145,Pâsla,hyjal,1936,paladin,retribution,119,64,55
15146,Syruplol,blackrock,1932,paladin,retribution,58,32,26
15147,Mezor,dun-modr,1932,paladin,retribution,84,42,42
15148,Агинон,gordunni,1921,paladin,retribution,48,25,23
15149,Harridin,ravencrest,1917,paladin,retribution,66,33,33
15150,Phix,outland,1913,paladin,retribution,147,74,73
15151,Yungboihoj,twisting-nether,1905,paladin,retribution,155,78,77
15152,Mcret,ravencrest,1904,paladin,retribution,76,34,42
15153,Rígel,silvermoon,1899,paladin,retribution,58,35,23
15154,Legodudex,ravencrest,1898,paladin,retribution,66,33,33
15155,Ðeathron,blackmoore,1898,paladin,retribution,128,62,66
15156,Brassaren,stormscale,1890,paladin,retribution,67,36,31
15157,Carlá,silvermoon,1890,paladin,retribution,73,37,36
15158,Pancakee,the-maelstrom,1889,paladin,retribution,66,32,34
15159,Толвард,gordunni,1881,paladin,retribution,25,21,4
15160,Tj,sanguino,1881,paladin,retribution,42,20,22
15161,Bakawolf,burning-legion,1879,paladin,retribution,66,32,34
15162,Saygexx,draenor,1875,paladin,retribution,57,34,23
15163,Стимулин,howling-fjord,1874,paladin,retribution,60,33,27
15164,Shinøaa,wrathbringer,1873,paladin,retribution,53,31,22
15165,Crysania,twisting-nether,1872,paladin,retribution,60,27,33
15166,Msharix,kazzak,1871,paladin,retribution,48,29,19
15167,Zerørespect,ravencrest,1868,paladin,retribution,101,45,56
15168,Vabz,blackrock,1867,paladin,retribution,47,23,24
15169,Дэнискарз,gordunni,1866,paladin,retribution,48,26,22
15170,Thyrec,blackmoore,1865,paladin,retribution,54,32,22
15171,Yungboii,kazzak,1864,paladin,retribution,83,53,30
15172,Лиспорий,gordunni,1862,paladin,retribution,48,24,24
15173,Swahadon,stormscale,1862,paladin,retribution,60,29,31
15174,Freshreroll,tarren-mill,1860,paladin,retribution,48,30,18
15175,Melantus,eredar,1855,paladin,retribution,53,27,26
15176,Smirk,aggra-português,1855,paladin,retribution,72,33,39
15177,Vanthael,chamber-of-aspects,1853,paladin,retribution,201,115,86
15178,Alphaladin,stormscale,1852,paladin,retribution,54,31,23
15179,Jicob,ravencrest,1851,paladin,retribution,48,30,18
15180,Zion,runetotem,1851,paladin,retribution,42,25,17
15181,Dasar,twisting-nether,1851,paladin,retribution,72,31,41
15182,Súnshìne,blackhand,1850,paladin,retribution,42,29,13
15183,Pallyprinces,dentarg,1850,paladin,retribution,60,25,35
15184,Pætter,aggra-português,1849,paladin,retribution,60,34,26
15185,Nein,blackhand,1848,paladin,retribution,102,47,55
15186,Мевар,gordunni,1847,paladin,retribution,48,21,27
15187,Dibzi,argent-dawn,1845,paladin,retribution,54,27,27
15188,Djstompyamom,stormscale,1845,paladin,retribution,99,47,52
15189,Risingfi,kult-der-verdammten,1844,paladin,retribution,78,47,31
15190,Milkyavenger,sylvanas,1843,paladin,retribution,77,53,24
15191,Astilia,sylvanas,1843,paladin,retribution,84,43,41
15192,Palior,sylvanas,1841,paladin,retribution,54,31,23
15193,Hornyret,kazzak,1839,paladin,retribution,96,46,50
15194,Mayhemx,ravencrest,1838,paladin,retribution,154,74,80
15195,Стьюпидбой,howling-fjord,1837,paladin,retribution,131,66,65
15196,Мидэас,gordunni,1837,paladin,retribution,72,35,37
15197,Yuber,ravencrest,1833,paladin,retribution,78,34,44
15198,Анофарин,gordunni,1832,paladin,retribution,66,31,35
15199,Hódle,silvermoon,1831,paladin,retribution,42,29,13
15200,Daybreak,kazzak,1831,paladin,retribution,57,30,27
15201,Ilòvekris,draenor,1830,paladin,retribution,183,93,90
15202,Декионзхц,howling-fjord,1830,paladin,retribution,78,29,49
15203,Ðaegos,blackmoore,1829,paladin,retribution,107,49,58
15204,Hojinson,blackrock,1828,paladin,retribution,48,34,14
15205,Denastys,nemesis,1827,paladin,retribution,72,31,41
15206,Holzer,azshara,1826,paladin,retribution,65,35,30
15207,Tremelay,silvermoon,1825,paladin,retribution,240,122,118
15208,Eimaqt,stormscale,1825,paladin,retribution,70,33,37
15209,Cqt,ravencrest,1823,paladin,retribution,66,30,36
15210,Fullsendbro,ravencrest,1821,paladin,retribution,48,29,19
15211,Beautýbeast,ravencrest,1821,paladin,retribution,65,32,33
15212,Lorex,grim-batol,1821,paladin,retribution,54,26,28
15213,Foreskinx,draenor,1819,paladin,retribution,42,25,17
15214,Номос,soulflayer,1819,paladin,retribution,72,41,31
15215,Arígato,argent-dawn,1819,paladin,retribution,173,95,78
15216,Дюрьвючыф,razuvious,1819,paladin,retribution,143,74,69
15217,Âtlas,ragnaros,1819,paladin,retribution,48,24,24
15218,Nìcky,stormscale,1819,paladin,retribution,83,37,46
15219,Bulkpwders,burning-legion,1818,paladin,retribution,42,20,22
15220,Taurski,sylvanas,1817,paladin,retribution,48,35,13
15221,Thedarksteel,ravencrest,1817,paladin,retribution,70,34,36
15222,Angryturk,ravencrest,1816,paladin,retribution,36,19,17
15223,Prex,dun-modr,1816,paladin,retribution,60,31,29
15224,Фемдом,blackscar,1814,paladin,retribution,48,27,21
15225,Morri,ravencrest,1814,paladin,retribution,171,83,88
15226,Durenai,aegwynn,1814,paladin,retribution,119,53,66
15227,Сотранокинг,soulflayer,1813,paladin,retribution,30,19,11
15228,Spacknas,blackmoore,1813,paladin,retribution,54,32,22
15229,Déna,draenor,1813,paladin,retribution,52,29,23
15230,Ktk,ravencrest,1813,paladin,retribution,121,67,54
15231,Martoretard,archimonde,1813,paladin,retribution,190,92,98
15232,Granfort,argent-dawn,1813,paladin,retribution,114,55,59
15233,Rankoneretri,arathor,1812,paladin,retribution,30,19,11
15234,Skyrose,ravencrest,1812,paladin,retribution,132,73,59
15235,Doomsoom,kazzak,1810,paladin,retribution,34,26,8
15236,Коварное,borean-tundra,1810,paladin,retribution,66,36,30
15237,Halevia,kazzak,1810,paladin,retribution,53,26,27
15238,Делимнаноль,blackscar,1809,paladin,retribution,90,46,44
15239,Zscrew,nemesis,1807,paladin,retribution,30,19,11
15240,Охоху,gordunni,1807,paladin,retribution,89,52,37
15241,Nizzlee,eredar,1807,paladin,retribution,54,30,24
15242,Réaxon,archimonde,1806,paladin,retribution,69,30,39
15243,Matriarchxd,kazzak,1805,paladin,retribution,48,24,24
15244,Vhardan,archimonde,1805,paladin,retribution,143,71,72
15245,Магрейм,gordunni,1805,paladin,retribution,77,35,42
15246,Wingsmode,kazzak,1805,paladin,retribution,72,27,45
15247,Zarrex,blackrock,1804,paladin,retribution,54,28,26
15248,Netharia,antonidas,1804,paladin,retribution,120,59,61
15249,Aqualisse,hyjal,1804,paladin,retribution,66,30,36
15250,Selina,burning-legion,1802,paladin,retribution,111,59,52
15251,Meruem,blackrock,1802,paladin,retribution,53,26,27
15252,Karadøc,archimonde,1802,paladin,retribution,90,41,49
15253,Малиновыйбох,gordunni,1801,paladin,retribution,99,57,42
15254,Lesterqt,thrall,1801,paladin,retribution,114,54,60
15255,Delgato,kazzak,1800,paladin,retribution,152,80,72
15256,Holysiah,kazzak,1800,paladin,retribution,84,38,46
15257,Tauskiz,sylvanas,1800,paladin,retribution,48,19,29
15258,Icekissz,hyjal,1795,paladin,retribution,24,19,5
15259,Zachäus,kirin-tor,1795,paladin,retribution,90,45,45
15260,Murkyxd,sanguino,1792,paladin,retribution,60,27,33
15261,Pestomp,tarren-mill,1789,paladin,retribution,65,28,37
15262,Dudjaw,stormscale,1789,paladin,retribution,60,24,36
15263,Simjon,defias-brotherhood,1788,paladin,retribution,159,91,68
15264,Ниашес,howling-fjord,1788,paladin,retribution,65,29,36
15265,Nikkibenzqt,blackmoore,1788,paladin,retribution,78,31,47
15266,Kayllan,ravencrest,1786,paladin,retribution,92,55,37
15267,Jessrabit,tarren-mill,1783,paladin,retribution,42,19,23
15268,Lightlogic,ravencrest,1778,paladin,retribution,59,28,31
15269,Ças,quelthalas,1776,paladin,retribution,60,26,34
15270,Valkûn,rexxar,1775,paladin,retribution,60,28,32
15271,Vankwok,stormscale,1771,paladin,retribution,33,20,13
15272,Âlßêdø,ravencrest,1771,paladin,retribution,99,42,57
15273,Kêkbûrâgol,kazzak,1769,paladin,retribution,36,24,12
15274,Кхабелех,howling-fjord,1769,paladin,retribution,72,29,43
15275,Astragore,archimonde,1767,paladin,retribution,53,20,33
15276,Sofhiya,silvermoon,1759,paladin,retribution,42,24,18
15277,Блэканус,blackscar,1759,paladin,retribution,54,25,29
15278,ßlacklight,archimonde,1759,paladin,retribution,48,21,27
15279,Galenhad,kazzak,1759,paladin,retribution,54,23,31
15280,Опгоп,gordunni,1758,paladin,retribution,89,45,44
15281,Tanny,kazzak,1758,paladin,retribution,66,29,37
15282,Игры,gordunni,1755,paladin,retribution,59,28,31
15283,Данхайк,gordunni,1750,paladin,retribution,114,68,46
15284,Surian,kazzak,1749,paladin,retribution,54,33,21
15285,Инфернох,howling-fjord,1748,paladin,retribution,48,27,21
15286,Tsorig,tarren-mill,1744,paladin,retribution,159,87,72
15287,Baxuz,draenor,1744,paladin,retribution,54,27,27
15288,Saabnaab,outland,1741,paladin,retribution,114,69,45
15289,Zubxp,ravencrest,1741,paladin,retribution,54,26,28
15290,Ollebala,ravencrest,1740,paladin,retribution,61,39,22
15291,Justyowx,archimonde,1740,paladin,retribution,42,20,22
15292,Мегопалл,blackscar,1738,paladin,retribution,90,38,52
15293,Kinvqt,tarren-mill,1737,paladin,retribution,64,31,33
15294,Liendry,antonidas,1735,paladin,retribution,53,28,25
15295,Johannx,tarren-mill,1735,paladin,retribution,128,61,67
15296,Trølled,aegwynn,1734,paladin,retribution,78,37,41
15297,Торсгард,howling-fjord,1733,paladin,retribution,66,27,39
15298,Reito,eredar,1732,paladin,retribution,48,25,23
15299,Qarak,argent-dawn,1732,paladin,retribution,65,30,35
15300,Zazalamel,hyjal,1731,paladin,retribution,48,28,20
15301,Ÿani,argent-dawn,1730,paladin,retribution,42,25,17
15302,Пинкпуссибой,howling-fjord,1729,paladin,retribution,50,29,21
15303,Elitest,hyjal,1727,paladin,retribution,67,29,38
15304,Tadashì,aegwynn,1726,paladin,retribution,60,25,35
15305,Атмх,soulflayer,1723,paladin,retribution,42,23,19
15306,Vylnoa,twisting-nether,1723,paladin,retribution,103,48,55
15307,Mâterîa,antonidas,1722,paladin,retribution,66,40,26
15308,Чупаа,howling-fjord,1721,paladin,retribution,70,38,32
15309,Ruath,xavius,1721,paladin,retribution,90,46,44
15310,Bregowine,doomhammer,1719,paladin,retribution,215,120,95
15311,Xeaa,tarren-mill,1718,paladin,retribution,42,18,24
15312,Кошкотяночка,ashenvale,1717,paladin,retribution,42,18,24
15313,Glàdiator,outland,1712,paladin,retribution,65,30,35
15314,Dannyvye,outland,1712,paladin,retribution,48,21,27
15315,Hýox,malganis,1710,paladin,retribution,49,24,25
15316,Cowwithspell,stormscale,1709,paladin,retribution,84,41,43
15317,Sünlight,nemesis,1706,paladin,retribution,59,28,31
15318,Mistérion,archimonde,1705,paladin,retribution,48,20,28
15319,Staticdeath,ravencrest,1704,paladin,retribution,96,52,44
15320,Модрит,soulflayer,1703,paladin,retribution,41,26,15
15321,Deadholland,ravencrest,1703,paladin,retribution,64,35,29
15322,Nutqtgodx,archimonde,1702,paladin,retribution,36,21,15
15323,Gwynel,argent-dawn,1702,paladin,retribution,54,25,29
15324,Bürd,rajaxx,1701,paladin,retribution,36,18,18
15325,Rli,twisting-nether,1698,paladin,retribution,65,34,31
15326,Vatix,trollbane,1697,paladin,retribution,42,20,22
15327,Tazken,tarren-mill,1697,paladin,retribution,54,25,29
15328,Rullatôrsven,stormscale,1697,paladin,retribution,48,18,30
15329,Аилерия,howling-fjord,1696,paladin,retribution,180,101,79
15330,Mhehø,hyjal,1695,paladin,retribution,190,90,100
15331,Salti,magtheridon,1693,paladin,retribution,142,77,65
15332,Gimly,anachronos,1693,paladin,retribution,60,24,36
15333,Warmâchiine,burning-legion,1692,paladin,retribution,48,29,19
15334,Сводимиаое,soulflayer,1692,paladin,retribution,52,24,28
15335,Eysn,blackrock,1689,paladin,retribution,42,20,22
15336,Зондарк,booty-bay,1687,paladin,retribution,59,24,35
15337,Losër,ravencrest,1687,paladin,retribution,54,20,34
15338,Valin,frostmane,1686,paladin,retribution,54,24,30
15339,Дракула,howling-fjord,1684,paladin,retribution,72,39,33
15340,Ønlyfâns,dragonblight,1683,paladin,retribution,60,27,33
15341,Dréamypie,silvermoon,1681,paladin,retribution,47,18,29
15342,Агинон,howling-fjord,1680,paladin,retribution,36,18,18
15343,Аскеттх,gordunni,1678,paladin,retribution,48,27,21
15344,Elisabeth,kazzak,1678,paladin,retribution,54,23,31
15345,Кавайнекс,azuregos,1676,paladin,retribution,98,50,48
15346,Gùtz,xavius,1676,paladin,retribution,51,23,28
15347,Rekktadin,grim-batol,1675,paladin,retribution,101,47,54
15348,Gluttön,tarren-mill,1674,paladin,retribution,35,20,15
15349,Деленка,gordunni,1673,paladin,retribution,64,36,28
15350,Утипутя,goldrinn,1672,paladin,retribution,36,20,16
15351,Wootschi,arthas,1672,paladin,retribution,59,30,29
15352,Rettalius,ravencrest,1671,paladin,retribution,46,20,26
15353,Kaileena,archimonde,1669,paladin,retribution,42,25,17
15354,Isora,twisting-nether,1669,paladin,retribution,84,34,50
15355,Flaapz,hyjal,1668,paladin,retribution,36,26,10
15356,Holyshet,blackrock,1668,paladin,retribution,62,35,27
15357,Littlelíght,silvermoon,1666,paladin,retribution,36,22,14
15358,Calaestra,twisting-nether,1665,paladin,retribution,33,20,13
15359,Testør,ragnaros,1665,paladin,retribution,65,24,41
15360,Tcret,sanguino,1664,paladin,retribution,36,19,17
15361,Оззмо,howling-fjord,1663,paladin,retribution,48,26,22
15362,Vickdicator,stormscale,1663,paladin,retribution,68,30,38
15363,Deriøt,dun-modr,1662,paladin,retribution,54,27,27
15364,Pruntadin,silvermoon,1661,paladin,retribution,78,36,42
15365,Antimov,twisting-nether,1661,paladin,retribution,72,28,44
15366,Bigbuffdaddy,draenor,1659,paladin,retribution,190,93,97
15367,Malianterø,ravencrest,1658,paladin,retribution,70,34,36
15368,Ярослэйв,howling-fjord,1658,paladin,retribution,45,21,24
15369,Сёмаигрок,soulflayer,1654,paladin,retribution,54,26,28
15370,Mordar,ravencrest,1654,paladin,retribution,55,25,30
15371,Akrobatka,sanguino,1654,paladin,retribution,54,23,31
15372,Zynuwu,blackmoore,1653,paladin,retribution,42,22,20
15373,Íbossít,doomhammer,1652,paladin,retribution,66,36,30
15374,Солошафл,howling-fjord,1652,paladin,retribution,36,19,17
15375,Русэльф,howling-fjord,1652,paladin,retribution,87,45,42
15376,Xila,blackrock,1652,paladin,retribution,60,24,36
15377,Malthred,ravenholdt,1651,paladin,retribution,65,33,32
15378,Xciepo,rexxar,1651,paladin,retribution,60,24,36
15379,Gaalarr,burning-legion,1650,paladin,retribution,36,20,16
15380,Screws,dun-modr,1650,paladin,retribution,54,22,32
15381,Mcfëë,ysondre,1649,paladin,retribution,47,26,21
15382,Shenwarr,twisting-nether,1649,paladin,retribution,36,19,17
15383,Paakz,stormscale,1649,paladin,retribution,114,59,55
15384,Batteldin,blackmoore,1648,paladin,retribution,117,71,46
15385,Spegepølse,silvermoon,1647,paladin,retribution,74,42,32
15386,Ðenlox,destromath,1647,paladin,retribution,54,23,31
15387,Wakke,outland,1646,paladin,retribution,32,23,9
15388,Katanaclówn,eredar,1646,paladin,retribution,78,41,37
15389,Sübôvîñ,ravencrest,1643,paladin,retribution,47,28,19
15390,Hèllkeepêr,archimonde,1643,paladin,retribution,35,19,16
15391,Bjornulfr,ravencrest,1643,paladin,retribution,101,42,59
15392,Саймум,blackscar,1641,paladin,retribution,57,29,28
15393,Powerpuffret,antonidas,1640,paladin,retribution,72,40,32
15394,Brabop,zirkel-des-cenarius,1637,paladin,retribution,42,22,20
15395,Trenvendor,ravencrest,1635,paladin,retribution,33,22,11
15396,Afhvahj,tichondrius,1635,paladin,retribution,52,29,23
15397,Valhella,stormscale,1635,paladin,retribution,115,60,55
15398,Arturius,ravencrest,1634,paladin,retribution,60,30,30
15399,Frankostyle,sanguino,1634,paladin,retribution,53,26,27
15400,Breakdøwñ,blackrock,1634,paladin,retribution,148,63,85
15401,Retaxx,outland,1633,paladin,retribution,36,19,17
15402,Gladiator,die-aldor,1633,paladin,retribution,42,21,21
15403,Azûl,archimonde,1632,paladin,retribution,102,54,48
15404,Draizor,twisting-nether,1631,paladin,retribution,89,42,47
15405,Shmndr,kazzak,1630,paladin,retribution,30,18,12
15406,Djcurry,archimonde,1630,paladin,retribution,30,17,13
15407,Smirky,silvermoon,1630,paladin,retribution,30,17,13
15408,Daoht,ysondre,1630,paladin,retribution,48,26,22
15409,Lightsaint,kazzak,1630,paladin,retribution,48,26,22
15410,Bobiwan,ravencrest,1629,paladin,retribution,30,17,13
15411,Krîstal,aegwynn,1629,paladin,retribution,41,20,21
15412,Exolis,archimonde,1629,paladin,retribution,36,17,19
15413,Eniste,silvermoon,1629,paladin,retribution,56,26,30
15414,Gilet,argent-dawn,1628,paladin,retribution,30,18,12
15415,Wyllian,grim-batol,1628,paladin,retribution,48,23,25
15416,Фэйсрол,gordunni,1628,paladin,retribution,59,21,38
15417,Lisma,bloodfeather,1623,paladin,retribution,47,26,21
15418,Bigducc,draenor,1623,paladin,retribution,41,20,21
15419,Анастэриан,thermaplugg,1622,paladin,retribution,60,30,30
15420,Dreamwatcher,outland,1621,paladin,retribution,48,21,27
15421,Elohim,echsenkessel,1619,paladin,retribution,63,30,33
15422,Charmxx,stormscale,1618,paladin,retribution,30,18,12
15423,Lonesolo,sylvanas,1618,paladin,retribution,36,20,16
15424,Instaquez,stormscale,1618,paladin,retribution,53,26,27
15425,Guilt,aegwynn,1618,paladin,retribution,42,20,22
15426,Ertheus,argent-dawn,1617,paladin,retribution,48,21,27
15427,Tyrael,darksorrow,1616,paladin,retribution,188,94,94
15428,Xairo,twisting-nether,1616,paladin,retribution,36,17,19
15429,Holyblast,archimonde,1615,paladin,retribution,42,22,20
15430,Ёйхйё,blackscar,1613,paladin,retribution,67,39,28
15431,Kayøz,aegwynn,1613,paladin,retribution,72,36,36
15432,Leoxander,outland,1613,paladin,retribution,42,21,21
15433,Nanisunda,thrall,1613,paladin,retribution,132,63,69
15434,Батллграунт,soulflayer,1612,paladin,retribution,85,56,29
15435,Бэйгреон,gordunni,1612,paladin,retribution,98,58,40
15436,Torvik,eredar,1611,paladin,retribution,42,21,21
15437,Karyouka,archimonde,1610,paladin,retribution,54,33,21
15438,Cauze,ravencrest,1610,paladin,retribution,120,65,55
15439,Discølove,blackmoore,1610,paladin,retribution,43,21,22
15440,Grimstark,argent-dawn,1609,paladin,retribution,36,23,13
15441,Snødunkern,outland,1609,paladin,retribution,96,41,55
15442,Димасгачи,gordunni,1608,paladin,retribution,36,28,8
15443,Elganwar,hyjal,1608,paladin,retribution,72,43,29
15444,Vodax,argent-dawn,1608,paladin,retribution,48,25,23
15445,Рикшак,howling-fjord,1608,paladin,retribution,42,17,25
15446,Ïdø,hyjal,1608,paladin,retribution,72,29,43
15447,Biggboii,twisting-nether,1608,paladin,retribution,48,19,29
15448,Sigmud,turalyon,1607,paladin,retribution,30,17,13
15449,Akoumb,twisting-nether,1606,paladin,retribution,42,20,22
15450,Fisslol,kazzak,1606,paladin,retribution,60,28,32
15451,Misako,sanguino,1605,paladin,retribution,106,50,56
15452,Tìtan,ravencrest,1604,paladin,retribution,48,25,23
15453,Кронкс,howling-fjord,1604,paladin,retribution,141,73,68
15454,Tinyandy,blackrock,1604,paladin,retribution,48,21,27
15455,Aleixodolphi,argent-dawn,1604,paladin,retribution,66,28,38
15456,Carlash,draenor,1602,paladin,retribution,60,35,25
15457,Bíceron,sanguino,1602,paladin,retribution,52,26,26
15458,Hargreeve,ravencrest,1602,paladin,retribution,48,24,24
15459,Drakingsang,blackhand,1602,paladin,retribution,42,20,22
15460,Fordragon,twisting-nether,1602,paladin,retribution,54,21,33
15461,Pappnas,aegwynn,1601,paladin,retribution,30,17,13
15462,Zwergicus,alexstrasza,1601,paladin,retribution,65,30,35
15463,Skippadin,ravencrest,1600,paladin,retribution,59,30,29
15464,Zeggayodax,nemesis,1599,paladin,retribution,30,19,11
15465,Рамзеса,soulflayer,1599,paladin,retribution,48,22,26
15466,Auriuss,defias-brotherhood,1597,paladin,retribution,78,43,35
15467,Ajkulaa,kazzak,1593,paladin,retribution,56,25,31
15468,Sántouryu,ravencrest,1591,paladin,retribution,163,76,87
15469,Dabeefchief,outland,1590,paladin,retribution,28,21,7
15470,Bloodaxjr,archimonde,1590,paladin,retribution,62,37,25
15471,Qïkarï,antonidas,1588,paladin,retribution,55,33,22
15472,Djcrusade,twisting-nether,1588,paladin,retribution,122,67,55
15473,Телканапалке,blackscar,1587,paladin,retribution,30,21,9
15474,Altundrdel,ravencrest,1587,paladin,retribution,48,25,23
15475,Starworkal,ragnaros,1586,paladin,retribution,40,20,20
15476,Crusshqt,silvermoon,1586,paladin,retribution,48,23,25
15477,Асканиэль,howling-fjord,1586,paladin,retribution,84,37,47
15478,Meìster,blackmoore,1586,paladin,retribution,48,20,28
15479,Lawtõn,argent-dawn,1584,paladin,retribution,120,64,56
15480,Джамбит,howling-fjord,1584,paladin,retribution,42,22,20
15481,Мистеравадон,gordunni,1584,paladin,retribution,78,34,44
15482,Nergigante,drekthar,1582,paladin,retribution,42,21,21
15483,Дезоиль,gordunni,1582,paladin,retribution,42,19,23
15484,Okcså,ragnaros,1582,paladin,retribution,58,21,37
15485,Ämÿcüs,zuljin,1581,paladin,retribution,66,37,29
15486,Мяумяухх,soulflayer,1581,paladin,retribution,117,63,54
15487,Uliko,twisting-nether,1577,paladin,retribution,48,26,22
15488,Hammarfall,ravencrest,1577,paladin,retribution,75,37,38
15489,Korendil,frostmane,1576,paladin,retribution,48,19,29
15490,Blówout,tarren-mill,1575,paladin,retribution,30,19,11
15491,Биоразлагаем,gordunni,1568,paladin,retribution,78,41,37
15492,Lightbrîng,hyjal,1564,paladin,retribution,60,28,32
15493,Kathí,kazzak,1563,paladin,retribution,24,18,6
15494,Trixzie,blackhand,1563,paladin,retribution,36,18,18
15495,Jiraaqi,silvermoon,1562,paladin,retribution,53,27,26
15496,Раффаэло,borean-tundra,1562,paladin,retribution,60,28,32
15497,Lyraestra,hyjal,1562,paladin,retribution,54,20,34
15498,Azlaya,sargeras,1559,paladin,retribution,96,44,52
15499,Tyri,silvermoon,1557,paladin,retribution,78,37,41
15500,Guccishock,twisting-nether,1556,paladin,retribution,44,27,17
15501,Theodór,antonidas,1555,paladin,retribution,59,24,35
15502,Kaleyra,argent-dawn,1555,paladin,retribution,42,17,25
15503,Хексали,soulflayer,1554,paladin,retribution,39,20,19
15504,Ùthér,sylvanas,1554,paladin,retribution,43,22,21
15505,Taiso,alonsus,1552,paladin,retribution,59,30,29
15506,Кузькинамать,greymane,1552,paladin,retribution,84,34,50
15507,Knigh,draenor,1551,paladin,retribution,78,40,38
15508,Lílou,blackmoore,1551,paladin,retribution,39,19,20
15509,Эллесар,blackscar,1550,paladin,retribution,67,27,40
15510,Palwig,tarren-mill,1549,paladin,retribution,112,56,56
15511,Báldür,silvermoon,1549,paladin,retribution,36,18,18
15512,Holymerda,grim-batol,1549,paladin,retribution,35,17,18
15513,Honorkill,silvermoon,1548,paladin,retribution,115,63,52
15514,Emostylex,draenor,1547,paladin,retribution,83,29,54
15515,Malemanlad,silvermoon,1546,paladin,retribution,108,58,50
15516,Лаитнем,gordunni,1544,paladin,retribution,36,25,11
15517,Gulinborsti,aegwynn,1544,paladin,retribution,42,29,13
15518,Maybach,onyxia,1543,paladin,retribution,66,31,35
15519,Kènpachî,blackrock,1542,paladin,retribution,48,22,26
15520,Angelisho,zuljin,1542,paladin,retribution,54,19,35
15521,Obsidyen,outland,1541,paladin,retribution,38,17,21
15522,Zeldalòl,outland,1541,paladin,retribution,59,25,34
15523,Гневнебес,howling-fjord,1541,paladin,retribution,78,33,45
15524,Йосяфлексер,howling-fjord,1539,paladin,retribution,72,40,32
15525,Tóxicpaladín,kazzak,1537,paladin,retribution,39,20,19
15526,Aethelwold,ragnaros,1537,paladin,retribution,126,52,74
15527,Темплеар,gordunni,1537,paladin,retribution,48,17,31
15528,Râoh,arathi,1536,paladin,retribution,66,34,32
15529,Tazkaz,archimonde,1535,paladin,retribution,44,22,22
15530,Raoun,archimonde,1535,paladin,retribution,39,18,21
15531,Naneno,silvermoon,1535,paladin,retribution,40,18,22
15532,Àræs,archimonde,1535,paladin,retribution,48,21,27
15533,Rugila,ragnaros,1534,paladin,retribution,63,38,25
15534,Runhexi,silvermoon,1534,paladin,retribution,72,36,36
15535,Синодушка,blackscar,1533,paladin,retribution,28,16,12
15536,Orti,sanguino,1533,paladin,retribution,53,30,23
15537,Ibnkrook,archimonde,1533,paladin,retribution,36,16,20
15538,Modeladin,ragnaros,1533,paladin,retribution,42,17,25
15539,Термотравка,grom,1532,paladin,retribution,138,65,73
15540,Jorhall,antonidas,1531,paladin,retribution,103,54,49
15541,Stelanâal,archimonde,1530,paladin,retribution,60,31,29
15542,Tharizod,nagrand,1530,paladin,retribution,68,34,34
15543,Ришардебюр,soulflayer,1528,paladin,retribution,71,34,37
15544,Elrandil,kazzak,1528,paladin,retribution,72,33,39
15545,Opsyoudie,kazzak,1528,paladin,retribution,93,40,53
15546,Saintseiya,pozzo-delleternità,1525,paladin,retribution,24,16,8
15547,Timal,eitrigg,1525,paladin,retribution,42,22,20
15548,Unschúld,blackrock,1524,paladin,retribution,79,43,36
15549,Xawier,ghostlands,1524,paladin,retribution,54,28,26
15550,Владыкасвета,borean-tundra,1523,paladin,retribution,78,41,37
15551,Баблспула,soulflayer,1523,paladin,retribution,79,40,39
15552,Wingzy,hyjal,1523,paladin,retribution,36,16,20
15553,Créo,draenor,1520,paladin,retribution,36,17,19
15554,Campo,tarren-mill,1519,paladin,retribution,48,20,28
15555,Таптыгин,gordunni,1518,paladin,retribution,36,16,20
15556,Cîzzar,burning-legion,1515,paladin,retribution,77,42,35
15557,Rapwnzel,sylvanas,1515,paladin,retribution,60,30,30
15558,Paellysuir,blackmoore,1515,paladin,retribution,66,31,35
15559,Mystixd,talnivarr,1514,paladin,retribution,30,22,8
15560,Hys,stormscale,1514,paladin,retribution,42,23,19
15561,Волатбай,gordunni,1513,paladin,retribution,48,29,19
15562,Jøøs,sargeras,1513,paladin,retribution,63,38,25
15563,Mélli,eredar,1512,paladin,retribution,45,25,20
15564,Snibsxpala,silvermoon,1512,paladin,retribution,36,19,17
15565,Splasher,grim-batol,1512,paladin,retribution,42,20,22
15566,Arayël,archimonde,1510,paladin,retribution,30,16,14
15567,Impaross,shattrath,1509,paladin,retribution,159,87,72
15568,Threathor,outland,1509,paladin,retribution,81,41,40
15569,Paradoax,quelthalas,1505,paladin,retribution,30,16,14
15570,Osïrïs,kazzak,1502,paladin,retribution,35,17,18
15571,Doomgape,alakir,1502,paladin,retribution,48,18,30
15572,Райтивуд,howling-fjord,1501,paladin,retribution,42,19,23
15573,Прожектор,gordunni,1500,paladin,retribution,36,16,20
15574,Wuzzle,azshara,1499,paladin,retribution,24,16,8
15575,Bloodyret,outland,1499,paladin,retribution,30,16,14
15576,Jathx,silvermoon,1498,paladin,retribution,62,36,26
15577,Ralphias,tarren-mill,1498,paladin,retribution,72,32,40
15578,Io,frostwolf,1498,paladin,retribution,95,41,54
15579,Mattiesko,kazzak,1496,paladin,retribution,139,72,67
15580,Колсет,soulflayer,1496,paladin,retribution,37,17,20
15581,Jout,tarren-mill,1496,paladin,retribution,48,18,30
15582,Варблэйз,gordunni,1495,paladin,retribution,30,16,14
15583,Ben,ghostlands,1492,paladin,retribution,24,16,8
15584,Selaphíel,kazzak,1489,paladin,retribution,60,33,27
15585,Angelcore,tarren-mill,1489,paladin,retribution,66,35,31
15586,Sonarix,blackrock,1488,paladin,retribution,51,26,25
15587,Менетиил,galakrond,1488,paladin,retribution,52,17,35
15588,Baldivar,silvermoon,1484,paladin,retribution,66,38,28
15589,Hydrath,ysondre,1484,paladin,retribution,36,17,19
15590,Davoss,outland,1484,paladin,retribution,39,16,23
15591,Luhae,archimonde,1483,paladin,retribution,60,35,25
15592,Catar,arathor,1482,paladin,retribution,157,87,70
15593,Атикинс,gordunni,1482,paladin,retribution,96,41,55
15594,Тюрр,lich-king,1480,paladin,retribution,43,21,22
15595,Росиель,soulflayer,1480,paladin,retribution,44,21,23
15596,Shockashy,stormscale,1480,paladin,retribution,38,18,20
15597,Portgas,hyjal,1479,paladin,retribution,48,24,24
15598,Истенен,blackscar,1479,paladin,retribution,78,32,46
15599,Uxxer,sanguino,1478,paladin,retribution,35,20,15
15600,Ârev,antonidas,1477,paladin,retribution,35,19,16
15601,Shröömïë,silvermoon,1477,paladin,retribution,111,56,55
15602,Романтик,deathweaver,1477,paladin,retribution,42,18,24
15603,Briman,neptulon,1475,paladin,retribution,36,20,16
15604,Blekadin,ragnaros,1475,paladin,retribution,44,22,22
15605,Bloodsworn,stormrage,1474,paladin,retribution,72,44,28
15606,Boomboomciao,draenor,1473,paladin,retribution,30,21,9
15607,Ревирант,gordunni,1473,paladin,retribution,30,17,13
15608,Unohana,shattered-halls,1471,paladin,retribution,83,37,46
15609,Gazïel,kaelthas,1464,paladin,retribution,60,32,28
15610,Røck,aggra-português,1463,paladin,retribution,101,53,48
15611,Deloréane,archimonde,1463,paladin,retribution,39,17,22
15612,Craaw,archimonde,1463,paladin,retribution,41,16,25
15613,Ceccil,dun-modr,1462,paladin,retribution,30,19,11
15614,Gymly,kazzak,1461,paladin,retribution,144,81,63
15615,Ulrhik,nemesis,1461,paladin,retribution,45,17,28
15616,Násty,twisting-nether,1460,paladin,retribution,119,58,61
15617,Ysell,sargeras,1458,paladin,retribution,38,18,20
15618,Grobididi,malygos,1457,paladin,retribution,48,25,23
15619,Ветрум,gordunni,1456,paladin,retribution,36,18,18
15620,Enveador,garrosh,1455,paladin,retribution,37,22,15
15621,Elinmogz,kazzak,1454,paladin,retribution,26,16,10
15622,Синфуледи,gordunni,1454,paladin,retribution,48,17,31
15623,Johnßlake,dun-modr,1451,paladin,retribution,36,17,19
15624,Kaitlyne,tarren-mill,1451,paladin,retribution,83,36,47
15625,Oldsqlmofu,blackrock,1448,paladin,retribution,36,17,19
15626,Crohnox,nemesis,1446,paladin,retribution,32,16,16
15627,Hàsbulla,khaz-modan,1445,paladin,retribution,54,29,25
15628,Gashqx,hyjal,1443,paladin,retribution,39,26,13
15629,Valarians,nemesis,1443,paladin,retribution,30,16,14
15630,Lawlight,frostmane,1443,paladin,retribution,45,21,24
15631,Olivaresx,ravencrest,1443,paladin,retribution,48,17,31
15632,Nothonnest,archimonde,1440,paladin,retribution,34,23,11
15633,Ficsuur,ragnaros,1439,paladin,retribution,47,24,23
15634,Меварх,howling-fjord,1439,paladin,retribution,30,15,15
15635,Dinønuggets,ravencrest,1438,paladin,retribution,30,15,15
15636,Codindio,silvermoon,1438,paladin,retribution,54,25,29
15637,Nabbi,ravencrest,1438,paladin,retribution,36,15,21
15638,Herrius,ravencrest,1438,paladin,retribution,36,15,21
15639,Youmistpew,antonidas,1438,paladin,retribution,36,15,21
15640,Jedzy,ragnaros,1437,paladin,retribution,24,15,9
15641,Майлайт,gordunni,1437,paladin,retribution,42,24,18
15642,Exceed,blackmoore,1436,paladin,retribution,30,15,15
15643,Jac,nemesis,1436,paladin,retribution,86,40,46
15644,Rullatorsvèn,stormscale,1436,paladin,retribution,36,15,21
15645,Günselsen,antonidas,1435,paladin,retribution,126,65,61
15646,Mimsy,dalaran,1434,paladin,retribution,59,27,32
15647,Seraphyonhd,blackmoore,1432,paladin,retribution,28,17,11
15648,Lightstrike,stormrage,1432,paladin,retribution,30,17,13
15649,Zanreti,outland,1432,paladin,retribution,94,48,46
15650,Ironquist,doomhammer,1432,paladin,retribution,30,15,15
15651,Merkury,sanguino,1432,paladin,retribution,36,15,21
15652,Alithyra,earthen-ring,1431,paladin,retribution,85,42,43
15653,Teryanna,ragnaros,1431,paladin,retribution,56,19,37
15654,Duckiboy,ragnaros,1430,paladin,retribution,90,52,38
15655,Argentø,ravencrest,1430,paladin,retribution,77,37,40
15656,Xyzl,argent-dawn,1429,paladin,retribution,42,23,19
15657,Кветирон,soulflayer,1429,paladin,retribution,66,29,37
15658,Сазар,gordunni,1426,paladin,retribution,51,21,30
15659,Dainan,blackmoore,1425,paladin,retribution,36,15,21
15660,Ðivine,stormscale,1424,paladin,retribution,48,26,22
15661,Джагадаптер,gordunni,1422,paladin,retribution,47,28,19
15662,Flaweldin,ravencrest,1420,paladin,retribution,18,15,3
15663,Windsor,argent-dawn,1420,paladin,retribution,54,26,28
15664,Sieghard,aegwynn,1419,paladin,retribution,54,24,30
15665,Aeyalana,ragnaros,1418,paladin,retribution,29,17,12
15666,Diamir,rajaxx,1417,paladin,retribution,51,20,31
15667,Offa,draenor,1416,paladin,retribution,48,23,25
15668,Swàyz,archimonde,1414,paladin,retribution,42,15,27
15669,Dvouklik,burning-blade,1413,paladin,retribution,41,24,17
15670,Arfeniel,stormscale,1413,paladin,retribution,60,22,38
15671,Tuppo,argent-dawn,1411,paladin,retribution,64,25,39
15672,Auryel,nemesis,1408,paladin,retribution,36,16,20
15673,Holyblast,shattered-hand,1407,paladin,retribution,30,23,7
15674,Блейзерфайт,eversong,1407,paladin,retribution,36,17,19
15675,Maltazar,arygos,1404,paladin,retribution,24,15,9
15676,Sickbolt,eredar,1404,paladin,retribution,54,30,24
15677,Hagën,minahonda,1404,paladin,retribution,47,26,21
15678,Crazzylight,kazzak,1403,paladin,retribution,74,35,39
15679,Loscar,silvermoon,1402,paladin,retribution,30,15,15
15680,Zélix,bronzebeard,1401,paladin,retribution,36,18,18
15681,Mashijudge,blackhand,1400,paladin,retribution,30,18,12
15682,Ahnaa,argent-dawn,1400,paladin,retribution,69,37,32
15683,Joniopala,stormreaver,1399,paladin,retribution,35,15,20
15684,Thazyru,frostmane,1395,paladin,retribution,24,16,8
15685,Alvagur,zirkel-des-cenarius,1395,paladin,retribution,34,19,15
15686,Белкоксю,booty-bay,1395,paladin,retribution,48,22,26
15687,Dantrag,eredar,1391,paladin,retribution,42,15,27
15688,Jackub,draenor,1390,paladin,retribution,44,24,20
15689,Айэмбомб,howling-fjord,1390,paladin,retribution,30,15,15
15690,Aisnil,twilights-hammer,1390,paladin,retribution,83,41,42
15691,Pallidino,antonidas,1387,paladin,retribution,35,15,20
15692,Rudî,sanguino,1384,paladin,retribution,34,25,9
15693,Ljumá,kazzak,1384,paladin,retribution,69,31,38
15694,Izolated,aegwynn,1383,paladin,retribution,60,24,36
15695,Teìltaus,eredar,1382,paladin,retribution,48,20,28
15696,Taiiki,archimonde,1381,paladin,retribution,60,35,25
15697,Террорх,blackscar,1380,paladin,retribution,48,18,30
15698,Vlodthar,uldum,1378,paladin,retribution,24,15,9
15699,Хиккудоджер,eversong,1376,paladin,retribution,78,43,35
15700,Walladin,stormscale,1375,paladin,retribution,87,42,45
15701,Morniarn,argent-dawn,1374,paladin,retribution,54,29,25
15702,Ashent,stormscale,1374,paladin,retribution,70,34,36
15703,Telredor,rexxar,1372,paladin,retribution,42,15,27
15704,Skyf,outland,1371,paladin,retribution,38,15,23
15705,Shroomez,frostmane,1370,paladin,retribution,29,15,14
15706,Teho,dragonblight,1370,paladin,retribution,91,47,44
15707,Пепсекольный,soulflayer,1369,paladin,retribution,36,21,15
15708,Kraakz,sanguino,1368,paladin,retribution,29,15,14
15709,Goldhand,vashj,1368,paladin,retribution,66,31,35
15710,Uwelist,arathor,1368,paladin,retribution,67,31,36
15711,Svetijuju,kazzak,1367,paladin,retribution,60,29,31
15712,Raweo,kilrogg,1366,paladin,retribution,72,47,25
15713,Âlßêdø,silvermoon,1360,paladin,retribution,48,25,23
15714,Vorsip,tarren-mill,1360,paladin,retribution,42,19,23
15715,Balthassar,kirin-tor,1360,paladin,retribution,36,16,20
15716,Эзарх,gordunni,1359,paladin,retribution,58,29,29
15717,Freyjä,turalyon,1358,paladin,retribution,48,25,23
15718,Тромбб,soulflayer,1358,paladin,retribution,36,15,21
15719,Kaizêr,silvermoon,1357,paladin,retribution,60,30,30
15720,Гучив,howling-fjord,1354,paladin,retribution,48,27,21
15721,Apolomaeuz,blackhand,1354,paladin,retribution,36,20,16
15722,Тьёрн,gordunni,1353,paladin,retribution,30,15,15
15723,Рэгнволд,deathguard,1352,paladin,retribution,52,25,27
15724,Борссалино,gordunni,1352,paladin,retribution,77,35,42
15725,Илюшагодх,gordunni,1349,paladin,retribution,48,26,22
15726,Koami,blackmoore,1348,paladin,retribution,30,15,15
15727,Nomurabeta,naxxramas,1348,paladin,retribution,38,17,21
15728,Hella,dunemaul,1345,paladin,retribution,35,19,16
15729,Argonak,sanguino,1343,paladin,retribution,24,17,7
15730,Inkzen,silvermoon,1343,paladin,retribution,24,14,10
15731,Mcweedy,aegwynn,1343,paladin,retribution,30,14,16
15732,Rulîx,blackmoore,1343,paladin,retribution,51,16,35
15733,Retdead,nordrassil,1342,paladin,retribution,30,14,16
15734,Vendikor,nemesis,1342,paladin,retribution,102,41,61
15735,Ослепителен,eversong,1342,paladin,retribution,36,14,22
15736,Unkillablee,stormscale,1341,paladin,retribution,40,21,19
15737,Nardindindou,ysondre,1341,paladin,retribution,152,78,74
15738,Geneundreitt,dethecus,1341,paladin,retribution,30,14,16
15739,Dalemiar,ravencrest,1341,paladin,retribution,30,14,16
15740,Chocbear,tarren-mill,1341,paladin,retribution,30,14,16
15741,Yunax,silvermoon,1340,paladin,retribution,24,17,7
15742,Zeyz,defias-brotherhood,1340,paladin,retribution,42,21,21
15743,Джибути,soulflayer,1340,paladin,retribution,83,37,46
15744,Витурус,howling-fjord,1339,paladin,retribution,42,14,28
15745,Mustach,aggra-português,1337,paladin,retribution,41,20,21
15746,Артреал,blackscar,1336,paladin,retribution,54,31,23
15747,Proletardk,draenor,1336,paladin,retribution,102,51,51
15748,Dankin,pozzo-delleternità,1335,paladin,retribution,30,14,16
15749,Apolytos,laughing-skull,1335,paladin,retribution,30,14,16
15750,Мэибибэиби,howling-fjord,1335,paladin,retribution,36,14,22
15751,Zipoohun,arathor,1334,paladin,retribution,91,49,42
15752,Хилерскийхил,soulflayer,1332,paladin,retribution,32,14,18
15753,Хаспадин,gordunni,1331,paladin,retribution,30,14,16
15754,Lightwitcher,silvermoon,1331,paladin,retribution,36,14,22
15755,Yrgin,ravencrest,1330,paladin,retribution,72,38,34
15756,Миоцуки,gordunni,1330,paladin,retribution,34,16,18
15757,Guskey,draenor,1330,paladin,retribution,30,14,16
15758,Данбро,borean-tundra,1330,paladin,retribution,36,14,22
15759,Lycasia,hyjal,1329,paladin,retribution,36,14,22
15760,Кливерти,gordunni,1325,paladin,retribution,36,14,22
15761,Racduck,dunemaul,1325,paladin,retribution,36,14,22
15762,Хеллкик,howling-fjord,1325,paladin,retribution,37,14,23
15763,Enriel,temple-noir,1324,paladin,retribution,30,16,14
15764,Yaoiri,argent-dawn,1323,paladin,retribution,23,15,8
15765,Vleisboom,ravencrest,1323,paladin,retribution,24,14,10
15766,Zaaen,burning-legion,1323,paladin,retribution,30,14,16
15767,Kreyvin,argent-dawn,1322,paladin,retribution,59,25,34
15768,Tríbunus,blackmoore,1321,paladin,retribution,25,15,10
15769,Hydarr,twisting-nether,1320,paladin,retribution,50,27,23
15770,Vvaarok,blackmoore,1320,paladin,retribution,71,30,41
15771,Rothmans,aggra-português,1319,paladin,retribution,36,20,16
15772,Holylimx,draenor,1314,paladin,retribution,96,48,48
15773,Sparrda,dun-modr,1314,paladin,retribution,48,24,24
15774,Синерина,blackscar,1314,paladin,retribution,47,20,27
15775,Foxare,burning-legion,1312,paladin,retribution,53,29,24
15776,Viiri,burning-legion,1311,paladin,retribution,71,40,31
15777,Маркант,gordunni,1311,paladin,retribution,30,15,15
15778,Zehnya,grim-batol,1311,paladin,retribution,46,22,24
15779,Джекадамс,gordunni,1311,paladin,retribution,139,49,90
15780,Мизиола,galakrond,1310,paladin,retribution,60,30,30
15781,Shtaladin,sylvanas,1304,paladin,retribution,83,33,50
15782,Беймикс,gordunni,1303,paladin,retribution,72,36,36
15783,Mendril,malorne,1302,paladin,retribution,24,17,7
15784,Aegend,antonidas,1301,paladin,retribution,163,77,86
15785,Booyaahh,ravencrest,1301,paladin,retribution,36,17,19
15786,Fredas,hyjal,1299,paladin,retribution,48,23,25
15787,Barakisback,silvermoon,1296,paladin,retribution,30,17,13
15788,Arrious,frostmane,1296,paladin,retribution,29,14,15
15789,Elení,thrall,1296,paladin,retribution,37,15,22
15790,Ретриванлав,gordunni,1296,paladin,retribution,72,24,48
15791,Veckra,kazzak,1295,paladin,retribution,30,14,16
15792,Fumaça,dun-modr,1292,paladin,retribution,43,25,18
15793,Orseis,anubarak,1291,paladin,retribution,29,15,14
15794,Mantinel,hellfire,1290,paladin,retribution,32,20,12
15795,Epoke,archimonde,1285,paladin,retribution,36,21,15
15796,Angrykorean,blackmoore,1284,paladin,retribution,59,28,31
15797,Darhuun,antonidas,1281,paladin,retribution,93,43,50
15798,Faithsmemory,silvermoon,1281,paladin,retribution,68,29,39
15799,Dieversity,stormscale,1280,paladin,retribution,41,16,25
15800,Budgetcara,stormscale,1279,paladin,retribution,23,14,9
15801,Альмор,blackscar,1278,paladin,retribution,32,14,18
15802,Æthëlflæd,ravencrest,1271,paladin,retribution,39,24,15
15803,Hammexõr,sylvanas,1271,paladin,retribution,87,39,48
15804,Cästiël,arathor,1269,paladin,retribution,41,21,20
15805,Эльбабло,lich-king,1268,paladin,retribution,45,21,24
15806,Перизкопец,gordunni,1267,paladin,retribution,30,16,14
15807,Auditõr,argent-dawn,1267,paladin,retribution,85,32,53
15808,Draìgo,nemesis,1262,paladin,retribution,23,14,9
15809,Zandorath,argent-dawn,1261,paladin,retribution,42,15,27
15810,Owiganowi,ulduar,1260,paladin,retribution,30,19,11
15811,Aikm,tarren-mill,1260,paladin,retribution,56,26,30
15812,Zâre,sanguino,1259,paladin,retribution,35,17,18
15813,Блэквилл,howling-fjord,1256,paladin,retribution,60,26,34
15814,Tønyx,les-clairvoyants,1253,paladin,retribution,32,14,18
15815,Хоулишит,blackscar,1251,paladin,retribution,24,16,8
15816,Hollylady,outland,1251,paladin,retribution,30,19,11
15817,Azzael,thrall,1250,paladin,retribution,48,17,31
15818,Lübu,archimonde,1248,paladin,retribution,30,13,17
15819,Wickedret,kazzak,1247,paladin,retribution,18,13,5
15820,Yana,blackrock,1247,paladin,retribution,24,13,11
15821,Hislifelmao,kazzak,1247,paladin,retribution,30,13,17
15822,Тардариус,gordunni,1247,paladin,retribution,30,13,17
15823,Xsÿde,archimonde,1247,paladin,retribution,30,13,17
15824,Tsunà,antonidas,1247,paladin,retribution,30,13,17
15825,Ërzã,outland,1247,paladin,retribution,30,13,17
15826,Paladiodinos,hyjal,1247,paladin,retribution,42,16,26
15827,Блэкхарм,gordunni,1247,paladin,retribution,36,13,23
15828,Elyox,ravencrest,1246,paladin,retribution,24,13,11
15829,Icearth,pozzo-delleternità,1246,paladin,retribution,48,20,28
15830,Forja,silvermoon,1245,paladin,retribution,18,13,5
15831,Gromzed,ravencrest,1245,paladin,retribution,30,13,17
15832,Hito,sylvanas,1245,paladin,retribution,30,13,17
15833,Réfractio,die-aldor,1245,paladin,retribution,30,13,17
15834,Ventsi,kazzak,1244,paladin,retribution,36,18,18
15835,Bezúziusz,ragnaros,1244,paladin,retribution,36,16,20
15836,Moodý,ragnaros,1244,paladin,retribution,64,28,36
15837,Sukinsin,aegwynn,1244,paladin,retribution,30,13,17
15838,Proxidus,blackmoore,1244,paladin,retribution,41,16,25
15839,Tîrana,ysondre,1243,paladin,retribution,30,13,17
15840,Combinecka,chamber-of-aspects,1243,paladin,retribution,74,30,44
15841,Messîah,outland,1242,paladin,retribution,78,46,32
15842,Endar,drakthul,1242,paladin,retribution,36,14,22
15843,Батллграунд,soulflayer,1241,paladin,retribution,30,13,17
15844,Ilikejudge,blackmoore,1241,paladin,retribution,42,13,29
15845,Hornybìlly,stormscale,1240,paladin,retribution,36,13,23
15846,Siorraidh,archimonde,1239,paladin,retribution,24,13,11
15847,Aasimar,twilights-hammer,1239,paladin,retribution,107,56,51
15848,Cianna,shattered-hand,1237,paladin,retribution,40,13,27
15849,Æe,blackmoore,1236,paladin,retribution,37,22,15
15850,Humphry,vashj,1236,paladin,retribution,24,13,11
15851,Evililz,kazzak,1236,paladin,retribution,31,14,17
15852,Teliriyon,blackrock,1236,paladin,retribution,32,14,18
15853,Lewp,tarren-mill,1234,paladin,retribution,18,13,5
15854,Anatorka,drakthul,1234,paladin,retribution,78,39,39
15855,Aurroraa,doomhammer,1233,paladin,retribution,27,14,13
15856,Valpen,veknilash,1233,paladin,retribution,30,15,15
15857,Forneus,nemesis,1232,paladin,retribution,46,23,23
15858,Hemdâl,kirin-tor,1231,paladin,retribution,42,21,21
15859,Цвандр,gordunni,1231,paladin,retribution,64,30,34
15860,Juliea,aegwynn,1231,paladin,retribution,42,16,26
15861,Edyk,silvermoon,1229,paladin,retribution,65,37,28
15862,Wumbo,sinstralis,1229,paladin,retribution,36,19,17
15863,Flawx,blackmoore,1228,paladin,retribution,24,13,11
15864,Наваляка,deathguard,1228,paladin,retribution,24,13,11
15865,Синдикатх,soulflayer,1228,paladin,retribution,30,14,16
15866,Painshield,outland,1228,paladin,retribution,41,13,28
15867,Walorez,ragnaros,1227,paladin,retribution,23,13,10
15868,Tillak,draenor,1227,paladin,retribution,24,13,11
15869,Mataleo,archimonde,1226,paladin,retribution,48,29,19
15870,Вандиир,soulflayer,1226,paladin,retribution,24,13,11
15871,Trisunonvaki,khazgoroth,1226,paladin,retribution,41,16,25
15872,Bootybanger,thrall,1223,paladin,retribution,24,13,11
15873,Atomicbubble,balnazzar,1222,paladin,retribution,36,17,19
15874,Velkar,frostmane,1221,paladin,retribution,50,26,24
15875,Юлец,galakrond,1220,paladin,retribution,30,13,17
15876,Ylvannka,blackmoore,1219,paladin,retribution,36,18,18
15877,Lumino,twilights-hammer,1218,paladin,retribution,35,16,19
15878,Ragnarük,khaz-modan,1217,paladin,retribution,42,20,22
15879,Beastyblodne,sylvanas,1215,paladin,retribution,30,17,13
15880,Jagen,tyrande,1215,paladin,retribution,36,16,20
15881,Shorella,malganis,1214,paladin,retribution,30,17,13
15882,Wadey,tarren-mill,1214,paladin,retribution,36,13,23
15883,Hornox,ragnaros,1213,paladin,retribution,48,22,26
15884,Snottybrat,draenor,1212,paladin,retribution,68,35,33
15885,Lightmonger,drakthul,1210,paladin,retribution,24,14,10
15886,Keith,dragonmaw,1210,paladin,retribution,30,14,16
15887,Хен,blackscar,1209,paladin,retribution,32,15,17
15888,Альфазеро,howling-fjord,1208,paladin,retribution,28,13,15
15889,Kýrp,stormreaver,1207,paladin,retribution,43,16,27
15890,Palitard,turalyon,1204,paladin,retribution,42,25,17
15891,Светлыйкит,blackscar,1204,paladin,retribution,48,25,23
15892,Palabido,nemesis,1203,paladin,retribution,45,17,28
15893,Nessùm,hyjal,1203,paladin,retribution,54,18,36
15894,Лютыйчпок,fordragon,1200,paladin,retribution,76,34,42
15895,Лейфи,howling-fjord,1199,paladin,retribution,36,15,21
15896,Andocay,das-syndikat,1197,paladin,retribution,42,14,28
15897,Dragonous,darkmoon-faire,1195,paladin,retribution,78,31,47
15898,Beyma,twisting-nether,1193,paladin,retribution,23,13,10
15899,Palagray,blackmoore,1193,paladin,retribution,50,24,26
15900,Whiffy,silvermoon,1193,paladin,retribution,36,13,23
15901,Helmed,tarren-mill,1190,paladin,retribution,39,21,18
15902,Hïto,dun-modr,1189,paladin,retribution,24,14,10
15903,Ункаль,ashenvale,1186,paladin,retribution,78,35,43
15904,Raê,hyjal,1185,paladin,retribution,48,17,31
15905,Perfectum,burning-legion,1182,paladin,retribution,28,13,15
15906,Steakenstein,nathrezim,1181,paladin,retribution,30,14,16
15907,Irinor,rashgarroth,1181,paladin,retribution,30,14,16
15908,Runkpaladin,kazzak,1180,paladin,retribution,36,23,13
15909,Lightppl,outland,1179,paladin,retribution,42,19,23
15910,Cigyal,hyjal,1178,paladin,retribution,42,23,19
15911,Mystíque,die-todeskrallen,1177,paladin,retribution,48,27,21
15912,Sylazz,blackrock,1177,paladin,retribution,109,52,57
15913,Truezero,draenor,1176,paladin,retribution,30,14,16
15914,Summuno,eredar,1174,paladin,retribution,54,18,36
15915,Hypothalamus,silvermoon,1173,paladin,retribution,30,14,16
15916,Rileys,turalyon,1173,paladin,retribution,54,25,29
15917,Pitusá,dun-modr,1173,paladin,retribution,36,13,23
15918,Dinøx,archimonde,1171,paladin,retribution,80,36,44
15919,Lagaminë,dalaran,1167,paladin,retribution,87,39,48
15920,Khrotos,draenor,1166,paladin,retribution,66,30,36
15921,Zemoss,kazzak,1164,paladin,retribution,24,14,10
15922,Takaret,hyjal,1159,paladin,retribution,48,18,30
15923,Judgement,quelthalas,1158,paladin,retribution,30,20,10
15924,Vrgingamer,kazzak,1158,paladin,retribution,48,16,32
15925,Pery,malganis,1157,paladin,retribution,48,28,20
15926,Clessington,die-aldor,1152,paladin,retribution,18,12,6
15927,Ixøne,kazzak,1152,paladin,retribution,18,12,6
15928,Franclovis,hyjal,1152,paladin,retribution,29,12,17
15929,Harlequina,argent-dawn,1151,paladin,retribution,18,12,6
15930,Sessian,bronze-dragonflight,1151,paladin,retribution,42,25,17
15931,Шакиори,gordunni,1151,paladin,retribution,22,13,9
15932,Vorthir,khaz-modan,1151,paladin,retribution,32,16,16
15933,Darkkissret,lightbringer,1151,paladin,retribution,24,12,12
15934,Lipsvirgin,kazzak,1151,paladin,retribution,24,12,12
15935,Kiriel,dun-modr,1151,paladin,retribution,36,12,24
15936,Madmartigane,ysondre,1151,paladin,retribution,36,12,24
15937,Gigasack,ravencrest,1150,paladin,retribution,18,12,6
15938,Самерваль,borean-tundra,1150,paladin,retribution,46,24,22
15939,Hirako,nemesis,1150,paladin,retribution,24,12,12
15940,Ruotollo,ravencrest,1150,paladin,retribution,24,12,12
15941,Menephannt,outland,1150,paladin,retribution,33,13,20
15942,Dominikcro,sylvanas,1149,paladin,retribution,24,12,12
15943,Djandja,blackrock,1149,paladin,retribution,24,12,12
15944,Muhnnin,archimonde,1149,paladin,retribution,30,12,18
15945,Quasimod,ravencrest,1148,paladin,retribution,24,12,12
15946,Ædrenn,archimonde,1148,paladin,retribution,36,12,24
15947,Búbbles,nerathor,1147,paladin,retribution,18,12,6
15948,Doubtfire,tarren-mill,1147,paladin,retribution,24,12,12
15949,Vitacé,burning-legion,1147,paladin,retribution,24,12,12
15950,Холихит,gordunni,1147,paladin,retribution,30,12,18
15951,Supergallows,shattered-hand,1147,paladin,retribution,30,12,18
15952,Aylion,blackrock,1146,paladin,retribution,18,12,6
15953,Algoric,suramar,1146,paladin,retribution,24,12,12
15954,Хельдотер,howling-fjord,1146,paladin,retribution,25,12,13
15955,Retenki,silvermoon,1146,paladin,retribution,30,12,18
15956,Иродиада,gordunni,1146,paladin,retribution,30,12,18
15957,Kreselia,ravencrest,1146,paladin,retribution,30,12,18
15958,Albz,laughing-skull,1145,paladin,retribution,24,12,12
15959,Palyx,cthun,1144,paladin,retribution,18,12,6
15960,Kollak,dun-modr,1144,paladin,retribution,42,18,24
15961,Асшура,howling-fjord,1143,paladin,retribution,24,12,12
15962,Bigdamjudge,argent-dawn,1142,paladin,retribution,18,12,6
15963,Rayshield,tarren-mill,1142,paladin,retribution,47,23,24
15964,Raerk,dalaran,1142,paladin,retribution,43,21,22
15965,Eywinn,silvermoon,1141,paladin,retribution,30,12,18
15966,Pállis,ravencrest,1139,paladin,retribution,18,12,6
15967,Dijkie,boulderfist,1139,paladin,retribution,30,12,18
15968,Càrláßrùní,hyjal,1138,paladin,retribution,18,12,6
15969,Holybubo,tarren-mill,1133,paladin,retribution,60,30,30
15970,Диваин,gordunni,1133,paladin,retribution,24,12,12
15971,Pytha,nozdormu,1132,paladin,retribution,49,25,24
15972,Questos,burning-legion,1130,paladin,retribution,45,25,20
15973,Энилейт,lich-king,1127,paladin,retribution,18,12,6
15974,Joelosteen,neptulon,1127,paladin,retribution,36,16,20
15975,Nelasson,eredar,1126,paladin,retribution,26,13,13
15976,Vaníos,nazjatar,1126,paladin,retribution,24,12,12
15977,Deathzinger,aszune,1126,paladin,retribution,24,12,12
15978,Buckfizz,ysondre,1121,paladin,retribution,24,16,8
15979,Mosih,bloodfeather,1121,paladin,retribution,50,29,21
15980,Burstyléz,silvermoon,1121,paladin,retribution,24,12,12
15981,Refuse,blackrock,1118,paladin,retribution,23,12,11
15982,Veshnu,blackrock,1117,paladin,retribution,36,14,22
15983,Teogrim,blackmoore,1114,paladin,retribution,24,13,11
15984,Dafe,zuluhed,1113,paladin,retribution,50,21,29
15985,Лусейд,howling-fjord,1112,paladin,retribution,23,13,10
15986,Troj,ahnqiraj,1112,paladin,retribution,30,14,16
15987,Мистерху,gordunni,1111,paladin,retribution,73,34,39
15988,Bonzai,blackrock,1108,paladin,retribution,30,12,18
15989,Ghostfacê,khaz-modan,1105,paladin,retribution,36,17,19
15990,Shädyss,hyjal,1105,paladin,retribution,76,34,42
15991,Leyawin,sanguino,1099,paladin,retribution,30,15,15
15992,Kaljir,archimonde,1098,paladin,retribution,21,13,8
15993,Rilledread,stormscale,1098,paladin,retribution,78,35,43
15994,Retrystyle,ragnaros,1093,paladin,retribution,53,24,29
15995,Jebenatreba,sporeggar,1091,paladin,retribution,29,12,17
15996,Bornir,khaz-modan,1091,paladin,retribution,30,12,18
15997,Goungokuhrbo,doomhammer,1088,paladin,retribution,30,19,11
15998,Milojcica,kazzak,1087,paladin,retribution,17,12,5
15999,Apolloos,grim-batol,1087,paladin,retribution,23,12,11
16000,Lavawraith,argent-dawn,1086,paladin,retribution,22,12,10
16001,Diøstemplar,dun-modr,1085,paladin,retribution,28,14,14
16002,Imaturtle,darksorrow,1085,paladin,retribution,36,13,23
16003,Obé,argent-dawn,1083,paladin,retribution,96,49,47
16004,Valgar,ragnaros,1081,paladin,retribution,17,12,5
16005,Sandorr,area-52,1079,paladin,retribution,30,17,13
16006,Aerathil,nethersturm,1079,paladin,retribution,41,22,19
16007,Böb,garona,1078,paladin,retribution,36,14,22
16008,Fleshoflight,arathor,1077,paladin,retribution,27,14,13
16009,Belnadris,eredar,1068,paladin,retribution,17,12,5
16010,Dildotbagins,argent-dawn,1064,paladin,retribution,52,32,20
16011,Lliissaa,kazzak,1059,paladin,retribution,54,31,23
16012,Lytza,frostwolf,1059,paladin,retribution,30,15,15
16013,Soossi,silvermoon,1056,paladin,retribution,18,11,7
16014,Сакон,borean-tundra,1056,paladin,retribution,24,11,13
16015,Franzîskûs,blackmoore,1056,paladin,retribution,24,11,13
16016,Pia,twisting-nether,1056,paladin,retribution,24,11,13
16017,Nyxbane,kazzak,1056,paladin,retribution,24,11,13
16018,Chyve,tarren-mill,1056,paladin,retribution,30,11,19
16019,Zayaka,ragnaros,1056,paladin,retribution,30,11,19
16020,Havefunzqt,archimonde,1055,paladin,retribution,12,11,1
16021,Erasdin,silvermoon,1055,paladin,retribution,18,11,7
16022,Mirøku,silvermoon,1055,paladin,retribution,18,11,7
16023,Holydhanas,outland,1055,paladin,retribution,18,11,7
16024,Terrozina,stormscale,1055,paladin,retribution,18,11,7
16025,Lazone,ysondre,1055,paladin,retribution,22,12,10
16026,Vvsdiamonds,archimonde,1055,paladin,retribution,24,11,13
16027,Kalimgor,theradras,1055,paladin,retribution,24,11,13
16028,Stukker,silvermoon,1055,paladin,retribution,24,11,13
16029,Гуэргос,gordunni,1055,paladin,retribution,24,11,13
16030,Lecutus,sunstrider,1055,paladin,retribution,28,12,16
16031,Wingsuit,eredar,1055,paladin,retribution,26,11,15
16032,Relius,outland,1055,paladin,retribution,30,11,19
16033,Wellmetqt,aegwynn,1055,paladin,retribution,30,11,19
16034,Deidâra,blackhand,1055,paladin,retribution,30,11,19
16035,Screâm,eredar,1055,paladin,retribution,36,11,25
16036,Zialo,ravencrest,1055,paladin,retribution,36,11,25
16037,Highfivè,ravencrest,1054,paladin,retribution,18,11,7
16038,Addwyr,blackrock,1054,paladin,retribution,18,11,7
16039,Myridan,bloodhoof,1054,paladin,retribution,18,11,7
16040,Sinthoràs,shattered-hand,1054,paladin,retribution,36,20,16
16041,Slump,ravencrest,1054,paladin,retribution,20,11,9
16042,Blademàster,twisting-nether,1054,paladin,retribution,22,12,10
16043,Palidos,blackrock,1054,paladin,retribution,24,11,13
16044,Aguerx,alleria,1054,paladin,retribution,24,11,13
16045,Niou,alleria,1054,paladin,retribution,24,11,13
16046,Phalex,outland,1054,paladin,retribution,30,11,19
16047,Думклиф,gordunni,1054,paladin,retribution,30,11,19
16048,Nillenkäse,antonidas,1053,paladin,retribution,18,11,7
16049,Deceneü,kazzak,1053,paladin,retribution,24,11,13
16050,Беспощадие,gordunni,1053,paladin,retribution,24,11,13
16051,Mufuqa,ragnaros,1053,paladin,retribution,24,11,13
16052,Chelan,thrall,1053,paladin,retribution,30,11,19
16053,Nøvå,ravencrest,1053,paladin,retribution,30,11,19
16054,Mazekiel,archimonde,1052,paladin,retribution,18,11,7
16055,Alard,sanguino,1052,paladin,retribution,30,11,19
16056,Imreallybadx,blackrock,1051,paladin,retribution,18,11,7
16057,Ayàhuazka,ysondre,1051,paladin,retribution,24,11,13
16058,Руказакона,deathguard,1051,paladin,retribution,30,11,19
16059,Llaynn,argent-dawn,1051,paladin,retribution,36,11,25
16060,Notdeadfred,silvermoon,1050,paladin,retribution,18,11,7
16061,Рипкарт,gordunni,1050,paladin,retribution,18,11,7
16062,Sunsaiy,doomhammer,1047,paladin,retribution,54,28,26
16063,Thorold,earthen-ring,1047,paladin,retribution,28,14,14
16064,Jâybee,ravencrest,1047,paladin,retribution,24,11,13
16065,Nevermoore,doomhammer,1047,paladin,retribution,24,11,13
16066,Jooki,drakthul,1044,paladin,retribution,18,11,7
16067,Kaelron,sanguino,1044,paladin,retribution,18,11,7
16068,Traqnbilkarq,stormscale,1044,paladin,retribution,24,12,12
16069,Grapaladin,sanguino,1044,paladin,retribution,24,11,13
16070,Darnero,blackrock,1043,paladin,retribution,18,11,7
16071,Radamanthes,ysondre,1042,paladin,retribution,31,12,19
16072,Рашенс,gordunni,1042,paladin,retribution,30,11,19
16073,Harycon,thrall,1041,paladin,retribution,30,11,19
16074,Línke,sanguino,1040,paladin,retribution,25,12,13
16075,Lazaraat,antonidas,1039,paladin,retribution,29,11,18
16076,Мильфорд,eversong,1038,paladin,retribution,24,11,13
16077,Killa,stormrage,1038,paladin,retribution,24,11,13
16078,Vâskt,dun-modr,1038,paladin,retribution,24,11,13
16079,Saró,ravencrest,1035,paladin,retribution,22,12,10
16080,Лефша,soulflayer,1034,paladin,retribution,18,11,7
16081,Wisupl,silvermoon,1034,paladin,retribution,18,11,7
16082,Syng,garona,1034,paladin,retribution,30,11,19
16083,Fëanôr,tarren-mill,1033,paladin,retribution,182,91,91
16084,Gôdfâthér,kazzak,1031,paladin,retribution,23,11,12
16085,Арморих,gordunni,1024,paladin,retribution,22,11,11
16086,Hateless,tarren-mill,1024,paladin,retribution,28,11,17
16087,Kealen,nemesis,1020,paladin,retribution,66,25,41
16088,Молотоборец,gordunni,1019,paladin,retribution,24,11,13
16089,Monkeylight,ambossar,1019,paladin,retribution,31,13,18
16090,Gerannan,kirin-tor,1018,paladin,retribution,30,14,16
16091,Eleiktra,suramar,1018,paladin,retribution,30,11,19
16092,Leilak,draenor,1015,paladin,retribution,24,15,9
16093,Krïstâlùlz,archimonde,1014,paladin,retribution,34,15,19
16094,Quasimotto,turalyon,1014,paladin,retribution,36,13,23
16095,Paladie,dalaran,1013,paladin,retribution,141,72,69
16096,Crynó,blackmoore,1010,paladin,retribution,30,13,17
16097,Aégon,archimonde,1010,paladin,retribution,36,13,23
16098,Nomeel,twisting-nether,1007,paladin,retribution,103,55,48
16099,Kipperb,kazzak,1007,paladin,retribution,23,11,12
16100,Renaseh,twisting-nether,1007,paladin,retribution,23,11,12
16101,Siuras,blackmoore,1006,paladin,retribution,17,11,6
16102,Snaty,khaz-modan,1004,paladin,retribution,47,25,22
16103,Ilovemylay,area-52,1004,paladin,retribution,21,11,10
16104,Монбиин,soulflayer,1001,paladin,retribution,24,12,12
16105,Plato,arthas,997,paladin,retribution,24,12,12
16106,Эксвайп,howling-fjord,997,paladin,retribution,23,11,12
16107,Bryllks,die-todeskrallen,996,paladin,retribution,42,25,17
16108,Paillasson,nerzhul,994,paladin,retribution,34,16,18
16109,Crazypits,silvermoon,993,paladin,retribution,36,14,22
16110,Raptasenda,archimonde,992,paladin,retribution,38,14,24
16111,Âchîle,garona,991,paladin,retribution,43,23,20
16112,Flipzz,blackrock,990,paladin,retribution,14,11,3
16113,Quoque,turalyon,988,paladin,retribution,27,13,14
16114,Retbùll,stormscale,976,paladin,retribution,13,11,2
16115,Killtauren,kazzak,966,paladin,retribution,54,23,31
16116,Eltruite,archimonde,962,paladin,retribution,60,25,35
16117,Shatar,culte-de-la-rive-noire,960,paladin,retribution,12,10,2
16118,Yo,azshara,960,paladin,retribution,15,11,4
16119,Сандалар,gordunni,960,paladin,retribution,18,10,8
16120,Blazerlolz,kazzak,960,paladin,retribution,18,10,8
16121,Vhalkur,dun-modr,960,paladin,retribution,18,10,8
16122,Exolie,archimonde,960,paladin,retribution,18,10,8
16123,Weekly,outland,960,paladin,retribution,18,10,8
16124,Exolia,archimonde,960,paladin,retribution,18,10,8
16125,Ассайоу,soulflayer,960,paladin,retribution,24,10,14
16126,Beigerbala,blackrock,960,paladin,retribution,24,10,14
16127,Daveboss,dragonblight,960,paladin,retribution,24,10,14
16128,Tj,dun-modr,960,paladin,retribution,24,10,14
16129,Rqd,blackrock,960,paladin,retribution,24,10,14
16130,Timmes,blackhand,960,paladin,retribution,24,10,14
16131,Ганка,blackscar,960,paladin,retribution,30,10,20
16132,Apokalipsnik,drakthul,959,paladin,retribution,18,10,8
16133,Slapmedaddy,die-ewige-wacht,959,paladin,retribution,18,10,8
16134,Bunurata,silvermoon,959,paladin,retribution,18,10,8
16135,Khadet,draenor,959,paladin,retribution,18,10,8
16136,Яправ,borean-tundra,959,paladin,retribution,18,10,8
16137,Lonesoul,tarren-mill,959,paladin,retribution,18,10,8
16138,Makakí,twisting-nether,959,paladin,retribution,18,10,8
16139,Gangb,ravencrest,959,paladin,retribution,18,10,8
16140,Razrpal,tarren-mill,959,paladin,retribution,24,10,14
16141,Plarbo,blackmoore,959,paladin,retribution,24,10,14
16142,Slayfer,dun-modr,959,paladin,retribution,24,10,14
16143,Thaddios,burning-blade,959,paladin,retribution,24,10,14
16144,Croptol,dun-modr,959,paladin,retribution,24,10,14
16145,Нижмубабл,soulflayer,959,paladin,retribution,27,11,16
16146,Dalbo,aegwynn,958,paladin,retribution,12,10,2
16147,Béhèlit,sargeras,958,paladin,retribution,18,10,8
16148,Arcardi,dun-morogh,958,paladin,retribution,18,10,8
16149,Nînaninja,silvermoon,958,paladin,retribution,18,10,8
16150,Rhyvar,outland,958,paladin,retribution,24,10,14
16151,Válé,silvermoon,958,paladin,retribution,30,10,20
16152,Holyhi,silvermoon,957,paladin,retribution,18,10,8
16153,Xëlâ,archimonde,957,paladin,retribution,23,10,13
16154,Franc,aggra-português,957,paladin,retribution,24,10,14
16155,Ðøñe,draenor,957,paladin,retribution,24,10,14
16156,Immortalkrux,archimonde,957,paladin,retribution,53,18,35
16157,Injustice,chamber-of-aspects,956,paladin,retribution,25,11,14
16158,Syracx,blackhand,956,paladin,retribution,24,10,14
16159,Zoltes,twisting-nether,956,paladin,retribution,24,10,14
16160,Akâshi,dalaran,955,paladin,retribution,18,10,8
16161,Løøktår,ysondre,955,paladin,retribution,18,10,8
16162,Torpala,burning-legion,955,paladin,retribution,24,10,14
16163,Galevar,argent-dawn,955,paladin,retribution,24,10,14
16164,Xavios,eredar,955,paladin,retribution,24,10,14
16165,Holypurger,shattered-hand,955,paladin,retribution,25,10,15
16166,Aisolôn,thrall,954,paladin,retribution,18,10,8
16167,Lukeus,the-maelstrom,954,paladin,retribution,18,10,8
16168,Kyríé,tarren-mill,953,paladin,retribution,18,10,8
16169,Ïnata,khaz-modan,952,paladin,retribution,24,10,14
16170,Lightblaze,doomhammer,952,paladin,retribution,42,13,29
16171,Nözderg,archimonde,951,paladin,retribution,24,10,14
16172,Baldarlyset,tarren-mill,948,paladin,retribution,33,11,22
16173,Xemoth,kazzak,947,paladin,retribution,18,10,8
16174,Buddabob,antonidas,946,paladin,retribution,56,12,44
16175,Klittsurf,bloodhoof,945,paladin,retribution,18,10,8
16176,Ziggyz,kul-tiras,945,paladin,retribution,19,10,9
16177,Ghallandre,khaz-modan,943,paladin,retribution,18,10,8
16178,Patzi,die-todeskrallen,941,paladin,retribution,67,33,34
16179,Kawakii,outland,940,paladin,retribution,18,10,8
16180,Samail,malganis,935,paladin,retribution,24,10,14
16181,Mírato,blackhand,929,paladin,retribution,24,10,14
16182,Pyrogon,malorne,928,paladin,retribution,79,37,42
16183,Lifepower,nemesis,927,paladin,retribution,16,10,6
16184,Ayylmeow,tarren-mill,927,paladin,retribution,20,11,9
16185,Грайндсет,galakrond,927,paladin,retribution,23,10,13
16186,Justrhino,kazzak,927,paladin,retribution,23,10,13
16187,Caladys,silvermoon,926,paladin,retribution,23,10,13
16188,Пропала,greymane,922,paladin,retribution,30,10,20
16189,Shuler,silvermoon,919,paladin,retribution,24,10,14
16190,Coelslaw,azjolnerub,915,paladin,retribution,29,10,19
16191,Схемас,gordunni,910,paladin,retribution,36,14,22
16192,Vuzetevacabo,doomhammer,907,paladin,retribution,96,45,51
16193,Vibeer,ravencrest,905,paladin,retribution,36,16,20
16194,Santaclaus,zuljin,904,paladin,retribution,18,11,7
16195,Баблыч,borean-tundra,904,paladin,retribution,18,10,8
16196,Tomkü,burning-legion,902,paladin,retribution,28,12,16
16197,Gurutze,ragnaros,896,paladin,retribution,16,10,6
16198,Pârabellum,the-maelstrom,896,paladin,retribution,28,10,18
16199,Лакоста,ashenvale,894,paladin,retribution,26,10,16
16200,Lolladin,blackmoore,894,paladin,retribution,26,10,16
16201,Iamnami,earthen-ring,893,paladin,retribution,22,10,12
16202,Vanyon,malganis,892,paladin,retribution,20,10,10
16203,Vexxus,blackrock,892,paladin,retribution,48,22,26
16204,Tánk,twilights-hammer,888,paladin,retribution,48,22,26
16205,Pepsimaxpvp,blackmoore,880,paladin,retribution,25,10,15
16206,Baé,drakthul,878,paladin,retribution,25,10,15
16207,Fardahr,ravencrest,877,paladin,retribution,24,10,14
16208,Supou,twisting-nether,876,paladin,retribution,18,10,8
16209,Fufenzee,stormscale,875,paladin,retribution,77,33,44
16210,Stitchup,argent-dawn,864,paladin,retribution,12,9,3
16211,Holysnickers,tarren-mill,864,paladin,retribution,12,9,3
16212,Сынбогов,gordunni,864,paladin,retribution,12,9,3
16213,Shakkur,varimathras,864,paladin,retribution,12,9,3
16214,Фэнон,gordunni,864,paladin,retribution,12,9,3
16215,Obackbarama,outland,864,paladin,retribution,18,9,9
16216,Retgodx,eredar,864,paladin,retribution,18,9,9
16217,Ттиаматт,howling-fjord,864,paladin,retribution,18,9,9
16218,Loratheon,stormscale,864,paladin,retribution,18,9,9
16219,Cùpìdstunt,draenor,864,paladin,retribution,18,9,9
16220,Exolix,archimonde,864,paladin,retribution,18,9,9
16221,Justivo,tarren-mill,864,paladin,retribution,18,9,9
16222,Kilô,sylvanas,864,paladin,retribution,18,9,9
16223,Mitsoû,archimonde,864,paladin,retribution,18,9,9
16224,Pesterci,draenor,864,paladin,retribution,18,9,9
16225,Мэднессх,howling-fjord,864,paladin,retribution,18,9,9
16226,Hølypwnjk,forscherliga,864,paladin,retribution,18,9,9
16227,Kaarsius,defias-brotherhood,864,paladin,retribution,18,9,9
16228,Аниф,ashenvale,864,paladin,retribution,18,9,9
16229,Paterymon,ravencrest,864,paladin,retribution,18,9,9
16230,Реальныйпал,gordunni,864,paladin,retribution,18,9,9
16231,Loani,dalaran,864,paladin,retribution,18,9,9
16232,Tekåpal,tarren-mill,864,paladin,retribution,24,9,15
16233,Kæycc,blackmoore,864,paladin,retribution,24,9,15
16234,Лакостик,howling-fjord,864,paladin,retribution,24,9,15
16235,Zarron,blackrock,864,paladin,retribution,24,9,15
16236,Thoriz,elune,864,paladin,retribution,24,9,15
16237,Zuveron,the-maelstrom,864,paladin,retribution,24,9,15
16238,Socx,outland,864,paladin,retribution,24,9,15
16239,Feelmylight,tarren-mill,864,paladin,retribution,24,9,15
16240,Sunhalo,twisting-nether,864,paladin,retribution,24,9,15
16241,Jannene,draenor,864,paladin,retribution,24,9,15
16242,Umirinbruv,zenedar,864,paladin,retribution,30,9,21
16243,Júdger,twisting-nether,863,paladin,retribution,12,9,3
16244,Nakedholy,draenor,863,paladin,retribution,12,9,3
16245,Леаркус,blackscar,863,paladin,retribution,18,9,9
16246,Milkadìn,twisting-nether,863,paladin,retribution,18,9,9
16247,Dälaghetto,kilrogg,863,paladin,retribution,18,9,9
16248,Trollilolz,eredar,863,paladin,retribution,18,9,9
16249,Fujszi,arathor,863,paladin,retribution,18,9,9
16250,Durnell,sylvanas,863,paladin,retribution,18,9,9
16251,Telionrootan,die-aldor,863,paladin,retribution,18,9,9
16252,Sildrit,draenor,863,paladin,retribution,18,9,9
16253,Nordkreuz,aegwynn,863,paladin,retribution,18,9,9
16254,Níthag,ragnaros,863,paladin,retribution,18,9,9
16255,Каштоуны,soulflayer,863,paladin,retribution,24,9,15
16256,Axone,ravencrest,863,paladin,retribution,24,9,15
16257,Blatrix,kazzak,862,paladin,retribution,12,9,3
16258,Primle,thrall,862,paladin,retribution,12,9,3
16259,Darkenorr,silvermoon,862,paladin,retribution,18,9,9
16260,Yæø,archimonde,862,paladin,retribution,18,9,9
16261,Lìmier,ysondre,862,paladin,retribution,18,9,9
16262,Swan,chogall,862,paladin,retribution,18,9,9
16263,Шоринг,gordunni,862,paladin,retribution,18,9,9
16264,Whitebreeze,sanguino,862,paladin,retribution,18,9,9
16265,Роллита,gordunni,862,paladin,retribution,24,9,15
16266,Retributon,madmortem,861,paladin,retribution,18,9,9
16267,Gavril,bloodfeather,860,paladin,retribution,18,9,9
16268,Петуретрик,gordunni,860,paladin,retribution,24,9,15
16269,Jêzus,blackrock,858,paladin,retribution,12,9,3
16270,Thëone,exodar,858,paladin,retribution,16,10,6
16271,Ènyalius,silvermoon,858,paladin,retribution,24,9,15
16272,Durwin,mazrigos,855,paladin,retribution,24,9,15
16273,Starstríder,aszune,852,paladin,retribution,18,9,9
16274,Rafflesia,sanguino,847,paladin,retribution,29,9,20
16275,Бунча,gordunni,846,paladin,retribution,30,9,21
16276,Knygnesys,silvermoon,844,paladin,retribution,15,11,4
16277,Ocgynle,alonsus,844,paladin,retribution,18,9,9
16278,Öwai,dun-modr,843,paladin,retribution,23,12,11
16279,Patsani,twilights-hammer,839,paladin,retribution,24,9,15
16280,Dôrä,ysondre,830,paladin,retribution,23,9,14
16281,Pàlàthor,khaz-modan,826,paladin,retribution,18,9,9
16282,Sunfather,twilights-hammer,820,paladin,retribution,18,9,9
16283,Ararion,tarren-mill,809,paladin,retribution,18,10,8
16284,Choyoki,blackmoore,802,paladin,retribution,25,9,16
16285,Somixd,ragnaros,799,paladin,retribution,22,9,13
16286,Zerohour,kilrogg,799,paladin,retribution,28,9,19
16287,Sheïkka,hyjal,793,paladin,retribution,32,12,20
16288,Allenn,tarren-mill,783,paladin,retribution,11,9,2
16289,Zelphyr,pozzo-delleternità,777,paladin,retribution,20,9,11
16290,Eléndrên,blackrock,768,paladin,retribution,12,8,4
16291,Needel,argent-dawn,768,paladin,retribution,12,8,4
16292,Heallgodxx,ragnaros,768,paladin,retribution,12,8,4
16293,Vindicatê,stormscale,768,paladin,retribution,12,8,4
16294,Pakór,blackrock,768,paladin,retribution,12,8,4
16295,Дохлаяженах,gordunni,768,paladin,retribution,12,8,4
16296,Hülä,antonidas,768,paladin,retribution,12,8,4
16297,Âyasê,blackhand,768,paladin,retribution,12,8,4
16298,Нормвал,gordunni,768,paladin,retribution,18,8,10
16299,Asgardietis,kazzak,768,paladin,retribution,18,8,10
16300,Iiwar,silvermoon,768,paladin,retribution,18,8,10
16301,Notpitball,kazzak,768,paladin,retribution,18,8,10
16302,Sinclo,hyjal,768,paladin,retribution,18,8,10
16303,Dadyolimp,kazzak,768,paladin,retribution,18,8,10
16304,Baxxster,blackhand,768,paladin,retribution,18,8,10
16305,Holyinstinct,bronze-dragonflight,768,paladin,retribution,18,8,10
16306,Roostersucka,stormreaver,768,paladin,retribution,18,8,10
16307,Садистка,soulflayer,768,paladin,retribution,18,8,10
16308,Thun,azjolnerub,768,paladin,retribution,18,8,10
16309,Tyristrum,kilrogg,768,paladin,retribution,18,8,10
16310,Чемеряк,gordunni,768,paladin,retribution,18,8,10
16311,Irenita,kazzak,768,paladin,retribution,18,8,10
16312,Gìne,archimonde,768,paladin,retribution,18,8,10
16313,Enmà,archimonde,768,paladin,retribution,18,8,10
16314,Sumecbtw,aegwynn,768,paladin,retribution,24,8,16
16315,Tjabo,burning-blade,768,paladin,retribution,24,8,16
16316,Powerphally,outland,768,paladin,retribution,24,8,16
16317,Lezira,ravencrest,768,paladin,retribution,24,8,16
16318,Smilé,sylvanas,768,paladin,retribution,24,8,16
16319,Bázer,antonidas,768,paladin,retribution,24,8,16
16320,Toxií,argent-dawn,768,paladin,retribution,30,8,22
16321,ßancu,ragnaros,768,paladin,retribution,30,8,22
16322,Spinzr,draenor,767,paladin,retribution,12,8,4
16323,Dawnnslayer,kazzak,767,paladin,retribution,12,8,4
16324,Serenityxo,twisting-nether,767,paladin,retribution,12,8,4
16325,Crossfaded,azjolnerub,767,paladin,retribution,12,8,4
16326,Hutimeni,turalyon,767,paladin,retribution,12,8,4
16327,Blagori,blackhand,767,paladin,retribution,12,8,4
16328,Frutte,malganis,767,paladin,retribution,12,8,4
16329,Ekzykes,ravencrest,767,paladin,retribution,12,8,4
16330,Nfxx,argent-dawn,767,paladin,retribution,12,8,4
16331,Bubblebuttx,ghostlands,767,paladin,retribution,18,8,10
16332,Nashret,kazzak,767,paladin,retribution,18,8,10
16333,Hôrrible,ravencrest,767,paladin,retribution,18,8,10
16334,Xersys,draenor,767,paladin,retribution,18,8,10
16335,Xtekz,tarren-mill,767,paladin,retribution,18,8,10
16336,Ruftadin,ragnaros,767,paladin,retribution,18,8,10
16337,Mooses,stormscale,767,paladin,retribution,18,8,10
16338,Baxteria,dun-modr,767,paladin,retribution,18,8,10
16339,Dideta,colinas-pardas,767,paladin,retribution,18,8,10
16340,Retstarr,draenor,767,paladin,retribution,24,8,16
16341,Lusugo,alakir,767,paladin,retribution,24,8,16
16342,Puré,festung-der-stürme,767,paladin,retribution,24,8,16
16343,Geilershrimp,blackrock,767,paladin,retribution,36,8,28
16344,Fremuduin,argent-dawn,766,paladin,retribution,12,8,4
16345,Krustenkaese,kelthuzad,766,paladin,retribution,12,8,4
16346,Laugan,ysondre,766,paladin,retribution,12,8,4
16347,Ryozupala,frostwolf,766,paladin,retribution,12,8,4
16348,Konithis,doomhammer,766,paladin,retribution,12,8,4
16349,Hogan,blackmoore,766,paladin,retribution,18,8,10
16350,Викиллер,grom,765,paladin,retribution,18,8,10
16351,Mikipaki,tarren-mill,765,paladin,retribution,18,8,10
16352,Yanisx,burning-legion,764,paladin,retribution,12,8,4
16353,Trøllørd,shattrath,764,paladin,retribution,18,8,10
16354,Luridity,argent-dawn,764,paladin,retribution,24,8,16
16355,Wingedguard,ragnaros,763,paladin,retribution,12,8,4
16356,Nazdarvole,drakthul,763,paladin,retribution,18,8,10
16357,Donttaskwhy,sylvanas,763,paladin,retribution,24,8,16
16358,Êxood,archimonde,762,paladin,retribution,18,8,10
16359,Vondarkmoor,magtheridon,761,paladin,retribution,18,8,10
16360,Torczy,frostwhisper,760,paladin,retribution,12,8,4
16361,Tripani,twisting-nether,760,paladin,retribution,18,8,10
16362,Stepamusicz,stormreaver,760,paladin,retribution,18,8,10
16363,Vonryan,defias-brotherhood,756,paladin,retribution,24,8,16
16364,Almohalhil,tarren-mill,753,paladin,retribution,12,8,4
16365,Ericafontës,kazzak,751,paladin,retribution,17,8,9
16366,Nazaninez,tarren-mill,749,paladin,retribution,18,8,10
16367,Klikas,twisting-nether,746,paladin,retribution,18,8,10
16368,Bomsamdi,draenor,745,paladin,retribution,17,8,9
16369,Grayparser,silvermoon,735,paladin,retribution,14,9,5
16370,Jualom,colinas-pardas,735,paladin,retribution,14,9,5
16371,Lynaé,blackhand,735,paladin,retribution,13,8,5
16372,Guckzu,malganis,733,paladin,retribution,19,8,11
16373,Pliscken,kazzak,719,paladin,retribution,23,8,15
16374,Darkironpala,argent-dawn,717,paladin,retribution,21,8,13
16375,Byths,blackmoore,714,paladin,retribution,26,9,17
16376,Äthénâ,archimonde,713,paladin,retribution,23,9,14
16377,Helvirya,defias-brotherhood,711,paladin,retribution,118,46,72
16378,Драгун,gordunni,707,paladin,retribution,25,9,16
16379,Tigerherz,antonidas,704,paladin,retribution,22,8,14
16380,Nexzz,outland,703,paladin,retribution,11,8,3
16381,Aelthir,kazzak,703,paladin,retribution,11,8,3
16382,Wellick,ravencrest,703,paladin,retribution,17,8,9
16383,Myxas,tarren-mill,702,paladin,retribution,14,8,6
16384,Danneris,sanguino,702,paladin,retribution,19,9,10
16385,Zerad,quelthalas,702,paladin,retribution,44,8,36
16386,Angelepetit,hyjal,701,paladin,retribution,16,8,8
16387,Gradepal,drakthul,687,paladin,retribution,19,8,11
16388,Thebestpala,tarren-mill,686,paladin,retribution,19,8,11
16389,Sloug,archimonde,672,paladin,retribution,12,7,5
16390,Fabsy,frostwolf,672,paladin,retribution,12,7,5
16391,Moarcry,outland,672,paladin,retribution,12,7,5
16392,Alammar,burning-legion,672,paladin,retribution,12,7,5
16393,Девствениица,gordunni,672,paladin,retribution,12,7,5
16394,Shjami,rexxar,672,paladin,retribution,12,7,5
16395,Archibäld,silvermoon,672,paladin,retribution,12,7,5
16396,Akaasix,stormscale,672,paladin,retribution,12,7,5
16397,Swânn,sanguino,672,paladin,retribution,12,7,5
16398,Miriem,twisting-nether,672,paladin,retribution,12,7,5
16399,Keft,twisting-nether,672,paladin,retribution,12,7,5
16400,Vircy,outland,672,paladin,retribution,12,7,5
16401,Qpalax,outland,672,paladin,retribution,12,7,5
16402,Dragon,zenedar,672,paladin,retribution,12,7,5
16403,Jdizzy,tarren-mill,672,paladin,retribution,12,7,5
16404,Лиривель,howling-fjord,672,paladin,retribution,12,7,5
16405,Миллиционер,razuvious,672,paladin,retribution,12,7,5
16406,Малоко,thermaplugg,672,paladin,retribution,12,7,5
16407,Misú,ravencrest,672,paladin,retribution,12,7,5
16408,Ellünca,ravencrest,672,paladin,retribution,12,7,5
16409,Sletlana,burning-blade,672,paladin,retribution,12,7,5
16410,Malapal,hyjal,672,paladin,retribution,12,7,5
16411,Neverdeath,stormscale,672,paladin,retribution,12,7,5
16412,Drownlord,eredar,672,paladin,retribution,12,7,5
16413,Дорогаснега,gordunni,672,paladin,retribution,12,7,5
16414,Bubblor,ravencrest,672,paladin,retribution,12,7,5
16415,Promise,dun-modr,672,paladin,retribution,12,7,5
16416,Даракар,deathguard,672,paladin,retribution,12,7,5
16417,Anatollia,silvermoon,672,paladin,retribution,12,7,5
16418,Ilpreside,nemesis,672,paladin,retribution,12,7,5
16419,Нефростинг,gordunni,672,paladin,retribution,12,7,5
16420,Sunwalker,bronzebeard,672,paladin,retribution,12,7,5
16421,Neicha,trollbane,672,paladin,retribution,12,7,5
16422,Hammertime,guldan,672,paladin,retribution,12,7,5
16423,Fatherabdul,ravencrest,672,paladin,retribution,12,7,5
16424,Dìe,silvermoon,672,paladin,retribution,12,7,5
16425,Якунии,blackscar,672,paladin,retribution,12,7,5
16426,Jíyü,blackmoore,672,paladin,retribution,18,7,11
16427,Apocalypsé,twisting-nether,672,paladin,retribution,18,7,11
16428,Pìnkyy,draenor,672,paladin,retribution,18,7,11
16429,Kírin,drakthul,672,paladin,retribution,18,7,11
16430,Ivarladin,draenor,672,paladin,retribution,18,7,11
16431,Scairtin,ravencrest,672,paladin,retribution,18,7,11
16432,Ritaora,aggramar,672,paladin,retribution,18,7,11
16433,Ryxxii,ravencrest,672,paladin,retribution,18,7,11
16434,Tezmodian,antonidas,672,paladin,retribution,18,7,11
16435,Arbuzno,draenor,672,paladin,retribution,18,7,11
16436,Атмта,razuvious,672,paladin,retribution,18,7,11
16437,Lindrone,aggra-português,672,paladin,retribution,18,7,11
16438,Almighty,ravencrest,672,paladin,retribution,18,7,11
16439,Norganpala,die-aldor,672,paladin,retribution,18,7,11
16440,Littlenight,emerald-dream,672,paladin,retribution,18,7,11
16441,Galadrion,dun-modr,672,paladin,retribution,18,7,11
16442,Холирайз,gordunni,672,paladin,retribution,18,7,11
16443,Kjobergen,tarren-mill,672,paladin,retribution,18,7,11
16444,Митахо,gordunni,672,paladin,retribution,18,7,11
16445,Shownómercy,stormscale,672,paladin,retribution,18,7,11
16446,Melyntholdra,argent-dawn,672,paladin,retribution,18,7,11
16447,Lysander,antonidas,672,paladin,retribution,18,7,11
16448,Bubbledøtcøm,blackmoore,672,paladin,retribution,18,7,11
16449,Мериатас,soulflayer,672,paladin,retribution,18,7,11
16450,Arshiaa,ravencrest,672,paladin,retribution,21,8,13
16451,Святстраж,gordunni,672,paladin,retribution,21,8,13
16452,Коссандра,greymane,672,paladin,retribution,23,7,16
16453,Jaegeer,draenor,672,paladin,retribution,24,7,17
16454,Paradoxiâ,thrall,672,paladin,retribution,24,7,17
16455,Akelad,arathor,672,paladin,retribution,24,7,17
16456,Zerlat,twisting-nether,672,paladin,retribution,24,7,17
16457,Ящеры,gordunni,672,paladin,retribution,24,7,17
16458,Møøgødx,bronzebeard,672,paladin,retribution,30,7,23
16459,Aranael,nemesis,672,paladin,retribution,30,7,23
16460,Zycqo,silvermoon,672,paladin,retribution,31,7,24
16461,Bajheeroth,kazzak,671,paladin,retribution,12,7,5
16462,Demsi,ravencrest,671,paladin,retribution,12,7,5
16463,Bubblefett,ysera,671,paladin,retribution,12,7,5
16464,Uraraka,burning-blade,671,paladin,retribution,12,7,5
16465,Bitether,burning-legion,671,paladin,retribution,12,7,5
16466,Retgaffeooku,conseil-des-ombres,671,paladin,retribution,12,7,5
16467,Wolfpala,drakthul,671,paladin,retribution,12,7,5
16468,Gbejr,xavius,671,paladin,retribution,12,7,5
16469,Lovetospoonn,ravencrest,671,paladin,retribution,12,7,5
16470,Catsnek,darksorrow,671,paladin,retribution,12,7,5
16471,Sakred,hellscream,671,paladin,retribution,12,7,5
16472,Samueel,blackmoore,671,paladin,retribution,12,7,5
16473,Bloodlord,twisting-nether,671,paladin,retribution,15,8,7
16474,Fishnchips,twisting-nether,671,paladin,retribution,18,7,11
16475,Laenira,nemesis,671,paladin,retribution,18,7,11
16476,Konori,mannoroth,671,paladin,retribution,18,7,11
16477,Asorte,chants-éternels,671,paladin,retribution,18,7,11
16478,Eken,hyjal,671,paladin,retribution,18,7,11
16479,Dufftroll,kazzak,671,paladin,retribution,18,7,11
16480,Juozas,argent-dawn,671,paladin,retribution,18,7,11
16481,Спидфрик,blackscar,671,paladin,retribution,18,7,11
16482,Alvíss,sanguino,671,paladin,retribution,18,7,11
16483,Öbedö,malganis,671,paladin,retribution,24,7,17
16484,Atrexie,lightbringer,670,paladin,retribution,12,7,5
16485,Keol,sanguino,670,paladin,retribution,12,7,5
16486,Mma,sylvanas,670,paladin,retribution,12,7,5
16487,Aistor,burning-legion,670,paladin,retribution,18,7,11
16488,Solarouz,draenor,669,paladin,retribution,12,7,5
16489,Zebramann,silvermoon,669,paladin,retribution,18,7,11
16490,Палочка,howling-fjord,669,paladin,retribution,18,7,11
16491,Toshvarak,turalyon,669,paladin,retribution,18,7,11
16492,Rangorian,defias-brotherhood,669,paladin,retribution,24,7,17
16493,Bärghest,sanguino,668,paladin,retribution,12,7,5
16494,Фокспро,lich-king,668,paladin,retribution,18,7,11
16495,Shennzo,wildhammer,667,paladin,retribution,12,7,5
16496,Gxdéon,hyjal,667,paladin,retribution,12,7,5
16497,Rocaviva,sanguino,666,paladin,retribution,12,7,5
16498,Ксинем,howling-fjord,666,paladin,retribution,16,8,8
16499,Nenenita,cthun,665,paladin,retribution,18,7,11
16500,Шелволк,eversong,665,paladin,retribution,18,7,11
16501,Calluk,turalyon,665,paladin,retribution,24,7,17
16502,Zealotic,doomhammer,664,paladin,retribution,12,7,5
16503,Pallido,exodar,664,paladin,retribution,12,7,5
16504,Chikaz,archimonde,664,paladin,retribution,20,10,10
16505,Halimox,terokkar,664,paladin,retribution,18,7,11
16506,Wolya,blackrock,663,paladin,retribution,15,8,7
16507,Mechoka,auchindoun,661,paladin,retribution,13,7,6
16508,Belzed,draenor,660,paladin,retribution,15,8,7
16509,Luxor,sporeggar,658,paladin,retribution,12,7,5
16510,Romkaq,silvermoon,655,paladin,retribution,12,7,5
16511,Хампал,howling-fjord,655,paladin,retribution,17,7,10
16512,Bigdamjudgee,outland,655,paladin,retribution,17,7,10
16513,Mograine,die-aldor,654,paladin,retribution,17,7,10
16514,Ryüü,uldaman,647,paladin,retribution,29,8,21
16515,Orelius,guldan,640,paladin,retribution,30,8,22
16516,Keele,stormscale,639,paladin,retribution,17,7,10
16517,Boabux,draenor,638,paladin,retribution,17,7,10
16518,Вэис,borean-tundra,638,paladin,retribution,17,7,10
16519,Denounce,defias-brotherhood,624,paladin,retribution,21,7,14
16520,Samànta,nemesis,623,paladin,retribution,11,7,4
16521,Rustig,talnivarr,623,paladin,retribution,11,7,4
16522,Jaro,alleria,623,paladin,retribution,21,7,14
16523,Malagat,die-todeskrallen,622,paladin,retribution,23,7,16
16524,Goofyaf,ravencrest,618,paladin,retribution,16,9,7
16525,Mariaremarc,silvermoon,617,paladin,retribution,25,8,17
16526,Ressler,tichondrius,616,paladin,retribution,15,7,8
16527,Skénder,kazzak,615,paladin,retribution,35,8,27
16528,Swagged,kazzak,611,paladin,retribution,28,8,20
16529,Ahramanyu,blackrock,606,paladin,retribution,14,7,7
16530,Milisha,the-maelstrom,604,paladin,retribution,20,7,13
16531,Блатш,greymane,592,paladin,retribution,31,7,24
16532,Vootele,draenor,576,paladin,retribution,6,6,0
16533,Xinze,ravencrest,576,paladin,retribution,6,6,0
16534,Lóyal,kazzak,576,paladin,retribution,6,6,0
16535,Twomog,ravencrest,576,paladin,retribution,6,6,0
16536,Séphiran,hyjal,576,paladin,retribution,6,6,0
16537,Melverti,kazzak,576,paladin,retribution,12,6,6
16538,Ríppex,kazzak,576,paladin,retribution,12,6,6
16539,Ærîo,dalaran,576,paladin,retribution,12,6,6
16540,Ridethelight,nemesis,576,paladin,retribution,12,6,6
16541,Velikor,dun-modr,576,paladin,retribution,12,6,6
16542,Gabrîel,sanguino,576,paladin,retribution,12,6,6
16543,Ryaz,blackrock,576,paladin,retribution,12,6,6
16544,Pallachyrk,kazzak,576,paladin,retribution,12,6,6
16545,Sämaelia,ysondre,576,paladin,retribution,12,6,6
16546,Sölaria,silvermoon,576,paladin,retribution,12,6,6
16547,Teshkipowa,kazzak,576,paladin,retribution,12,6,6
16548,Elyrax,nemesis,576,paladin,retribution,12,6,6
16549,Palamauka,kazzak,576,paladin,retribution,12,6,6
16550,Mawrâ,twisting-nether,576,paladin,retribution,12,6,6
16551,Sangiorgio,nemesis,576,paladin,retribution,12,6,6
16552,Bigdaddypump,ravencrest,576,paladin,retribution,12,6,6
16553,Askmy,stormscale,576,paladin,retribution,12,6,6
16554,Ibanez,lightnings-blade,576,paladin,retribution,12,6,6
16555,Molgran,defias-brotherhood,576,paladin,retribution,12,6,6
16556,Drdax,wildhammer,576,paladin,retribution,12,6,6
16557,Deresos,anetheron,576,paladin,retribution,12,6,6
16558,Greko,ysera,576,paladin,retribution,12,6,6
16559,Seekêr,tarren-mill,576,paladin,retribution,12,6,6
16560,Mekluba,twisting-nether,576,paladin,retribution,12,6,6
16561,Søulréaper,stormscale,576,paladin,retribution,12,6,6
16562,Mouncake,archimonde,576,paladin,retribution,12,6,6
16563,Vysavo,draenor,576,paladin,retribution,12,6,6
16564,Dodgerwilly,outland,576,paladin,retribution,12,6,6
16565,Plainrage,blackrock,576,paladin,retribution,12,6,6
16566,Ruggero,stormscale,576,paladin,retribution,12,6,6
16567,Керантий,gordunni,576,paladin,retribution,12,6,6
16568,Blindhoj,ravencrest,576,paladin,retribution,12,6,6
16569,Raceper,the-maelstrom,576,paladin,retribution,12,6,6
16570,Ayoub,argent-dawn,576,paladin,retribution,12,6,6
16571,Sødaz,hyjal,576,paladin,retribution,12,6,6
16572,Eldrial,argent-dawn,576,paladin,retribution,12,6,6
16573,Зена,gordunni,576,paladin,retribution,12,6,6
16574,Rothus,bronze-dragonflight,576,paladin,retribution,12,6,6
16575,Shaylaru,tarren-mill,576,paladin,retribution,12,6,6
16576,Stève,ravencrest,576,paladin,retribution,12,6,6
16577,Clamjam,sylvanas,576,paladin,retribution,12,6,6
16578,Veejxo,silvermoon,576,paladin,retribution,12,6,6
16579,Gigajudge,ravencrest,576,paladin,retribution,12,6,6
16580,Elendíl,azjolnerub,576,paladin,retribution,12,6,6
16581,Yséria,kirin-tor,576,paladin,retribution,12,6,6
16582,Paliax,outland,576,paladin,retribution,12,6,6
16583,Vuutnëx,twisting-nether,576,paladin,retribution,12,6,6
16584,Wordup,senjin,576,paladin,retribution,12,6,6
16585,Notnerb,outland,576,paladin,retribution,12,6,6
16586,Cycodin,garrosh,576,paladin,retribution,12,6,6
16587,Bloodbeard,twisting-nether,576,paladin,retribution,12,6,6
16588,Dioxius,stormscale,576,paladin,retribution,12,6,6
16589,Snowife,drakthul,576,paladin,retribution,12,6,6
16590,Wingdude,ysera,576,paladin,retribution,12,6,6
16591,Cheradin,ragnaros,576,paladin,retribution,12,6,6
16592,Диджейнобабл,howling-fjord,576,paladin,retribution,12,6,6
16593,Ironkra,stormscale,576,paladin,retribution,12,6,6
16594,Neêsoldr,blackmoore,576,paladin,retribution,12,6,6
16595,Скварлетх,howling-fjord,576,paladin,retribution,12,6,6
16596,Luciter,silvermoon,576,paladin,retribution,12,6,6
16597,Belight,burning-legion,576,paladin,retribution,12,6,6
16598,Alersia,twisting-nether,576,paladin,retribution,12,6,6
16599,Fatâl,antonidas,576,paladin,retribution,15,7,8
16600,Aimee,draenor,576,paladin,retribution,16,7,9
16601,Генатрамбон,howling-fjord,576,paladin,retribution,18,6,12
16602,Tosá,antonidas,576,paladin,retribution,18,6,12
16603,Curtwizz,silvermoon,576,paladin,retribution,18,6,12
16604,Hermmes,alakir,576,paladin,retribution,18,6,12
16605,Czachadymii,defias-brotherhood,576,paladin,retribution,18,6,12
16606,Avalindro,wrathbringer,576,paladin,retribution,18,6,12
16607,Âtom,outland,576,paladin,retribution,18,6,12
16608,Mâêdhrøsx,ravencrest,576,paladin,retribution,18,6,12
16609,Hegazy,darkmoon-faire,576,paladin,retribution,18,6,12
16610,Ironstealman,shattered-hand,576,paladin,retribution,18,6,12
16611,Diaéna,kirin-tor,576,paladin,retribution,18,6,12
16612,Sîlversun,grim-batol,576,paladin,retribution,18,6,12
16613,Thickets,argent-dawn,576,paladin,retribution,18,6,12
16614,Lamohru,argent-dawn,576,paladin,retribution,24,6,18
16615,Actionjack,area-52,576,paladin,retribution,24,6,18
16616,Sacredlol,blackmoore,576,paladin,retribution,24,6,18
16617,Huevo,frostmane,576,paladin,retribution,24,6,18
16618,Kyrokonserve,blackmoore,575,paladin,retribution,14,7,7
16619,Bcrp,ragnaros,575,paladin,retribution,12,6,6
16620,Bulle,the-venture-co,575,paladin,retribution,12,6,6
16621,Skieras,draenor,575,paladin,retribution,12,6,6
16622,Holycide,twisting-nether,575,paladin,retribution,12,6,6
16623,Gonhilda,kazzak,575,paladin,retribution,12,6,6
16624,Rohb,blackmoore,575,paladin,retribution,12,6,6
16625,Llya,blackrock,575,paladin,retribution,12,6,6
16626,Pewpews,twisting-nether,575,paladin,retribution,12,6,6
16627,Тамплиир,gordunni,575,paladin,retribution,12,6,6
16628,Blazix,kazzak,575,paladin,retribution,12,6,6
16629,Arkura,nozdormu,575,paladin,retribution,12,6,6
16630,Trollarage,confrérie-du-thorium,575,paladin,retribution,12,6,6
16631,Vaako,blackrock,575,paladin,retribution,12,6,6
16632,Faventu,ragnaros,575,paladin,retribution,12,6,6
16633,Antón,dun-modr,575,paladin,retribution,12,6,6
16634,Iqso,argent-dawn,575,paladin,retribution,12,6,6
16635,Sanduciorba,chamber-of-aspects,575,paladin,retribution,12,6,6
16636,Zulem,grim-batol,575,paladin,retribution,12,6,6
16637,Phillipe,illidan,575,paladin,retribution,12,6,6
16638,Kendomendo,ravencrest,575,paladin,retribution,12,6,6
16639,Gotra,stormscale,575,paladin,retribution,21,7,14
16640,Edathar,argent-dawn,575,paladin,retribution,24,6,18
16641,Nykothpn,ghostlands,574,paladin,retribution,6,6,0
16642,Dönki,hyjal,574,paladin,retribution,12,6,6
16643,Revinox,silvermoon,574,paladin,retribution,12,6,6
16644,Babarush,nozdormu,574,paladin,retribution,18,6,12
16645,Humaladi,draenor,574,paladin,retribution,18,6,12
16646,Таурмакус,howling-fjord,574,paladin,retribution,18,6,12
16647,Fintros,silvermoon,574,paladin,retribution,18,6,12
16648,Thoorval,silvermoon,574,paladin,retribution,18,6,12
16649,Wexo,frostwolf,574,paladin,retribution,22,6,16
16650,Jelcz,burning-legion,574,paladin,retribution,24,6,18
16651,Eatfasteatas,doomhammer,573,paladin,retribution,6,6,0
16652,Cinderlight,aszune,573,paladin,retribution,12,6,6
16653,Cpsuper,azuremyst,573,paladin,retribution,12,6,6
16654,Josuaa,ragnaros,572,paladin,retribution,12,6,6
16655,Themlstake,kazzak,572,paladin,retribution,12,6,6
16656,Nhum,destromath,572,paladin,retribution,12,6,6
16657,Taomeba,runetotem,571,paladin,retribution,12,6,6
16658,Exiztant,ravencrest,571,paladin,retribution,18,6,12
16659,Boaka,outland,571,paladin,retribution,18,6,12
16660,Phaenre,pozzo-delleternità,570,paladin,retribution,18,6,12
16661,Elannor,sylvanas,569,paladin,retribution,12,6,6
16662,Nicgr,nemesis,566,paladin,retribution,12,6,6
16663,Benkenoah,ragnaros,566,paladin,retribution,24,6,18
16664,Vengryn,turalyon,566,paladin,retribution,37,8,29
16665,Shendis,uldaman,565,paladin,retribution,12,6,6
16666,Bugo,drakthul,559,paladin,retribution,17,6,11
16667,Ràwx,twisting-nether,559,paladin,retribution,23,6,17
16668,Tavyy,sylvanas,551,paladin,retribution,15,9,6
16669,Rdmhrvojehr,tarren-mill,541,paladin,retribution,10,7,3
16670,Perrinaybull,magtheridon,528,paladin,retribution,15,6,9
16671,Kawabanga,the-maelstrom,527,paladin,retribution,11,6,5
16672,Pak,amanthul,527,paladin,retribution,15,7,8
16673,Plsdøntusemd,ravencrest,522,paladin,retribution,17,8,9
16674,Тошши,soulflayer,522,paladin,retribution,28,8,20
16675,Aumium,sunstrider,521,paladin,retribution,30,7,23
16676,Råckamoo,emerald-dream,512,paladin,retribution,22,6,16
16677,Vell,bronze-dragonflight,511,paladin,retribution,11,6,5
16678,Babypic,ambossar,511,paladin,retribution,14,6,8
16679,Memororo,stormscale,511,paladin,retribution,20,6,14
16680,Hanterus,antonidas,507,paladin,retribution,14,6,8
16681,Palädörette,dalaran,506,paladin,retribution,11,6,5
16682,Проверялка,thermaplugg,480,paladin,retribution,6,5,1
16683,Bikkuz,kazzak,480,paladin,retribution,6,5,1
16684,Elendor,shadowsong,480,paladin,retribution,6,5,1
16685,Mugraine,ravencrest,480,paladin,retribution,6,5,1
16686,Abukasol,kazzak,480,paladin,retribution,6,5,1
16687,Легейнда,soulflayer,480,paladin,retribution,6,5,1
16688,Yull,twisting-nether,480,paladin,retribution,6,5,1
16689,Demecir,twisting-nether,480,paladin,retribution,6,5,1
16690,Xoriun,norgannon,480,paladin,retribution,6,5,1
16691,Derian,antonidas,480,paladin,retribution,6,5,1
16692,Röland,sanguino,480,paladin,retribution,6,5,1
16693,Eulion,burning-legion,480,paladin,retribution,6,5,1
16694,Ландри,greymane,480,paladin,retribution,6,5,1
16695,Gavain,blackhand,480,paladin,retribution,6,5,1
16696,Тенькопыт,howling-fjord,480,paladin,retribution,6,5,1
16697,Sabríel,ragnaros,480,paladin,retribution,6,5,1
16698,Mipendz,draenor,480,paladin,retribution,6,5,1
16699,Пивняк,eversong,480,paladin,retribution,6,5,1
16700,Voycetwo,frostwolf,480,paladin,retribution,6,5,1
16701,Hølypowah,tarren-mill,480,paladin,retribution,6,5,1
16702,Erin,wildhammer,480,paladin,retribution,6,5,1
16703,Duno,archimonde,480,paladin,retribution,6,5,1
16704,Yezitzme,blackrock,480,paladin,retribution,6,5,1
16705,Percocetx,tarren-mill,480,paladin,retribution,6,5,1
16706,Архемор,ashenvale,480,paladin,retribution,6,5,1
16707,Jacadin,sunstrider,480,paladin,retribution,6,5,1
16708,Ryven,stormscale,480,paladin,retribution,6,5,1
16709,Melvòó,blackrock,480,paladin,retribution,9,6,3
16710,Zethadin,kazzak,480,paladin,retribution,9,6,3
16711,Братстепина,gordunni,480,paladin,retribution,12,5,7
16712,Hazura,blackmoore,480,paladin,retribution,12,5,7
16713,Drylands,ravencrest,480,paladin,retribution,12,5,7
16714,Ophillan,draenor,480,paladin,retribution,12,5,7
16715,Earendìl,blackmoore,480,paladin,retribution,12,5,7
16716,Equityy,burning-legion,480,paladin,retribution,12,5,7
16717,Morggann,drakthul,480,paladin,retribution,12,5,7
16718,Froxies,drakthul,480,paladin,retribution,12,5,7
16719,Скадих,soulflayer,480,paladin,retribution,12,5,7
16720,Bobjohnny,bloodfeather,480,paladin,retribution,12,5,7
16721,Mecah,hyjal,480,paladin,retribution,12,5,7
16722,Hydrolic,blackrock,480,paladin,retribution,12,5,7
16723,Cracish,ragnaros,480,paladin,retribution,12,5,7
16724,Bascelik,outland,480,paladin,retribution,12,5,7
16725,Llighthand,ravencrest,480,paladin,retribution,12,5,7
16726,Roklim,blackhand,480,paladin,retribution,12,5,7
16727,Боремир,borean-tundra,480,paladin,retribution,12,5,7
16728,Yuvile,destromath,480,paladin,retribution,12,5,7
16729,Serjudge,kazzak,480,paladin,retribution,12,5,7
16730,Mozaiczny,burning-legion,480,paladin,retribution,12,5,7
16731,Наолина,gordunni,480,paladin,retribution,12,5,7
16732,Freedomwinds,kazzak,480,paladin,retribution,12,5,7
16733,Vaalé,aegwynn,480,paladin,retribution,12,5,7
16734,Straxotia,twisting-nether,480,paladin,retribution,12,5,7
16735,Krisbull,kazzak,480,paladin,retribution,12,5,7
16736,Måxrajoy,dun-modr,480,paladin,retribution,12,5,7
16737,Ínvi,aegwynn,480,paladin,retribution,12,5,7
16738,Pav,eredar,480,paladin,retribution,12,5,7
16739,Célésté,ravencrest,480,paladin,retribution,12,5,7
16740,Архэла,gordunni,480,paladin,retribution,12,5,7
16741,Zethhx,stormscale,480,paladin,retribution,12,5,7
16742,Dobbygotsock,kazzak,480,paladin,retribution,12,5,7
16743,Retrehsacul,blackrock,480,paladin,retribution,12,5,7
16744,Swapxyr,aegwynn,480,paladin,retribution,12,5,7
16745,Lighttitan,ravencrest,480,paladin,retribution,12,5,7
16746,Jkøø,sanguino,480,paladin,retribution,12,5,7
16747,Salelol,ravencrest,480,paladin,retribution,12,5,7
16748,Angelynor,ysondre,480,paladin,retribution,12,5,7
16749,Hugins,chamber-of-aspects,480,paladin,retribution,12,5,7
16750,Vallorum,ravencrest,480,paladin,retribution,12,5,7
16751,Héphäistos,silvermoon,480,paladin,retribution,12,5,7
16752,Annyaiva,outland,480,paladin,retribution,12,5,7
16753,Sytrexxer,frostwolf,480,paladin,retribution,12,5,7
16754,Bobilous,twisting-nether,480,paladin,retribution,12,5,7
16755,Stavrosy,outland,480,paladin,retribution,12,5,7
16756,Ноулайфир,eversong,480,paladin,retribution,12,5,7
16757,Vanithar,thrall,480,paladin,retribution,12,5,7
16758,Zaopink,blackhand,480,paladin,retribution,12,5,7
16759,Bumboombeem,stormscale,480,paladin,retribution,12,5,7
16760,Lôrelei,blackrock,480,paladin,retribution,12,5,7
16761,Jeriiret,khaz-modan,480,paladin,retribution,12,5,7
16762,Nalaea,arathor,480,paladin,retribution,12,5,7
16763,Ritoru,drekthar,480,paladin,retribution,12,5,7
16764,Ênma,archimonde,480,paladin,retribution,12,5,7
16765,Roflemente,bladefist,480,paladin,retribution,12,5,7
16766,Ksama,ysondre,480,paladin,retribution,12,5,7
16767,Апония,gordunni,480,paladin,retribution,12,5,7
16768,Hipo,zuljin,480,paladin,retribution,12,5,7
16769,Babaluga,blackrock,480,paladin,retribution,12,5,7
16770,Takálus,eredar,480,paladin,retribution,12,5,7
16771,Goofymits,twisting-nether,480,paladin,retribution,12,5,7
16772,Bätïk,blackmoore,480,paladin,retribution,12,5,7
16773,Meriween,ravencrest,480,paladin,retribution,12,5,7
16774,Hifyve,kazzak,480,paladin,retribution,12,5,7
16775,Endavour,ravencrest,480,paladin,retribution,12,5,7
16776,Гниленький,razuvious,480,paladin,retribution,12,5,7
16777,Cêa,blackrock,480,paladin,retribution,12,5,7
16778,Sikthorlan,ravencrest,480,paladin,retribution,12,5,7
16779,Альбусор,galakrond,480,paladin,retribution,12,5,7
16780,Naexea,archimonde,480,paladin,retribution,12,5,7
16781,Qpala,quelthalas,480,paladin,retribution,12,5,7
16782,Kylaz,die-ewige-wacht,480,paladin,retribution,12,5,7
16783,Onishu,blackhand,480,paladin,retribution,12,5,7
16784,Fufth,pozzo-delleternità,480,paladin,retribution,12,5,7
16785,Retlikeme,ravencrest,480,paladin,retribution,12,5,7
16786,Маразоточка,howling-fjord,480,paladin,retribution,12,5,7
16787,Ретроградий,howling-fjord,480,paladin,retribution,12,5,7
16788,Thrinea,blackrock,480,paladin,retribution,12,5,7
16789,Milenia,nemesis,480,paladin,retribution,12,5,7
16790,Destroyér,blackmoore,480,paladin,retribution,12,5,7
16791,Bancu,outland,480,paladin,retribution,12,5,7
16792,Spiritbreak,archimonde,480,paladin,retribution,12,5,7
16793,Dêstî,silvermoon,480,paladin,retribution,12,5,7
16794,Корсаро,deepholm,480,paladin,retribution,12,5,7
16795,Rînedaman,ysondre,480,paladin,retribution,12,5,7
16796,Rafistor,khaz-modan,480,paladin,retribution,19,6,13
16797,Xiuya,dun-modr,480,paladin,retribution,18,5,13
16798,Вэндрик,azuregos,480,paladin,retribution,18,5,13
16799,Thoreas,perenolde,480,paladin,retribution,18,5,13
16800,Ketherian,blutkessel,480,paladin,retribution,18,5,13
16801,Алепос,soulflayer,480,paladin,retribution,18,5,13
16802,Копранесса,soulflayer,480,paladin,retribution,18,5,13
16803,Juicycheeks,frostwolf,480,paladin,retribution,18,5,13
16804,Boyard,silvermoon,480,paladin,retribution,18,5,13
16805,Fleckige,nethersturm,480,paladin,retribution,18,5,13
16806,Ramhal,stormscale,480,paladin,retribution,18,5,13
16807,Eleuterus,bloodfeather,480,paladin,retribution,18,5,13
16808,Saulencio,zuljin,480,paladin,retribution,18,5,13
16809,Powericius,drakthul,480,paladin,retribution,18,5,13
16810,Rizzdaddy,outland,480,paladin,retribution,18,5,13
16811,Cøygonne,archimonde,480,paladin,retribution,18,5,13
16812,Posttal,aggra-português,480,paladin,retribution,18,5,13
16813,Claymore,ravenholdt,480,paladin,retribution,18,5,13
16814,Strätholme,drakthul,480,paladin,retribution,18,5,13
16815,Itsgossiplol,twisting-nether,480,paladin,retribution,24,5,19
16816,Exobyte,stormscale,480,paladin,retribution,24,5,19
16817,Grynd,blackmoore,479,paladin,retribution,6,5,1
16818,Trainingdumy,aszune,479,paladin,retribution,6,5,1
16819,Zvirblis,chamber-of-aspects,479,paladin,retribution,9,6,3
16820,Benø,malganis,479,paladin,retribution,12,5,7
16821,Edwards,sanguino,479,paladin,retribution,12,5,7
16822,Sinalia,shattrath,479,paladin,retribution,12,5,7
16823,Gropleindsup,ysondre,479,paladin,retribution,12,5,7
16824,Майнстер,gordunni,479,paladin,retribution,12,5,7
16825,Rettarded,draenor,479,paladin,retribution,12,5,7
16826,Dykopala,doomhammer,479,paladin,retribution,12,5,7
16827,Эллессар,howling-fjord,479,paladin,retribution,12,5,7
16828,Notholy,defias-brotherhood,479,paladin,retribution,12,5,7
16829,Solyra,blackhand,479,paladin,retribution,12,5,7
16830,Duralyon,marécage-de-zangar,479,paladin,retribution,12,5,7
16831,Сасмен,blackscar,479,paladin,retribution,12,5,7
16832,Ðarkjøjø,hyjal,479,paladin,retribution,12,5,7
16833,Baymanda,tarren-mill,479,paladin,retribution,12,5,7
16834,Antidrasi,turalyon,479,paladin,retribution,12,5,7
16835,Fryl,quelthalas,479,paladin,retribution,12,5,7
16836,Taffz,burning-legion,479,paladin,retribution,12,5,7
16837,Aelaris,dunemaul,479,paladin,retribution,18,5,13
16838,Варасса,grom,479,paladin,retribution,18,5,13
16839,Тэмплари,galakrond,479,paladin,retribution,21,5,16
16840,Медверус,gordunni,479,paladin,retribution,24,5,19
16841,Mysticlight,sylvanas,478,paladin,retribution,18,8,10
16842,Nerdcore,blackrock,478,paladin,retribution,12,5,7
16843,Kanot,outland,478,paladin,retribution,12,5,7
16844,Purpledurple,twisting-nether,478,paladin,retribution,12,5,7
16845,Lawrence,deathwing,478,paladin,retribution,12,5,7
16846,Mirelaw,drakthul,478,paladin,retribution,12,5,7
16847,Glarcouf,eldrethalas,478,paladin,retribution,12,5,7
16848,Четкийчервь,soulflayer,478,paladin,retribution,18,5,13
16849,Zantria,alleria,476,paladin,retribution,12,5,7
16850,Morhgain,kazzak,476,paladin,retribution,18,5,13
16851,Zingler,norgannon,472,paladin,retribution,12,5,7
16852,Yeohinyiu,khaz-modan,472,paladin,retribution,12,5,7
16853,Nollieflip,tarren-mill,457,paladin,retribution,12,7,5
16854,Гкм,howling-fjord,447,paladin,retribution,11,5,6
16855,Slayton,twisting-nether,447,paladin,retribution,11,5,6
16856,Kevlar,frostmane,446,paladin,retribution,12,6,6
16857,Æïs,blackrock,432,paladin,retribution,9,5,4
16858,Mozg,silvermoon,431,paladin,retribution,11,5,6
16859,Sunnyboy,tarren-mill,431,paladin,retribution,11,5,6
16860,Dragonwingz,kazzak,431,paladin,retribution,11,5,6
16861,Îiî,archimonde,426,paladin,retribution,21,6,15
16862,Fortplus,pozzo-delleternità,422,paladin,retribution,12,6,6
16863,Нероблр,gordunni,416,paladin,retribution,10,5,5
16864,Caleel,nemesis,400,paladin,retribution,7,5,2
16865,Сильвернайт,soulflayer,400,paladin,retribution,13,5,8
16866,Tdchopa,ravencrest,384,paladin,retribution,6,4,2
16867,Boaz,norgannon,384,paladin,retribution,6,4,2
16868,Colpadeltank,kazzak,384,paladin,retribution,6,4,2
16869,Petsadin,ravencrest,384,paladin,retribution,6,4,2
16870,Mcnnuggets,ravencrest,384,paladin,retribution,6,4,2
16871,Imtheßoss,pozzo-delleternità,384,paladin,retribution,6,4,2
16872,Lighteousnes,blackmoore,384,paladin,retribution,6,4,2
16873,Dornu,tarren-mill,384,paladin,retribution,6,4,2
16874,Pâlâpâm,blackmoore,384,paladin,retribution,6,4,2
16875,Retdream,nemesis,384,paladin,retribution,6,4,2
16876,Hammerzemall,tarren-mill,384,paladin,retribution,6,4,2
16877,Tehdark,outland,384,paladin,retribution,6,4,2
16878,Erthelios,silvermoon,384,paladin,retribution,6,4,2
16879,Volkai,zuljin,384,paladin,retribution,6,4,2
16880,Valerner,argent-dawn,384,paladin,retribution,6,4,2
16881,Zeportpala,archimonde,384,paladin,retribution,6,4,2
16882,Serratus,thunderhorn,384,paladin,retribution,6,4,2
16883,Xinxin,azshara,384,paladin,retribution,6,4,2
16884,Shevøçk,ravencrest,384,paladin,retribution,6,4,2
16885,Tigurius,zuljin,384,paladin,retribution,6,4,2
16886,Raek,stormscale,384,paladin,retribution,6,4,2
16887,Trefino,blackrock,384,paladin,retribution,6,4,2
16888,Missmyhoj,archimonde,384,paladin,retribution,6,4,2
16889,Neverknõw,draenor,384,paladin,retribution,6,4,2
16890,Zhàø,ysondre,384,paladin,retribution,6,4,2
16891,Angeal,ysondre,384,paladin,retribution,6,4,2
16892,Retqt,eredar,384,paladin,retribution,6,4,2
16893,Wiither,argent-dawn,384,paladin,retribution,6,4,2
16894,Cattelsaan,hyjal,384,paladin,retribution,6,4,2
16895,Иев,howling-fjord,384,paladin,retribution,6,4,2
16896,Röcc,draenor,384,paladin,retribution,6,4,2
16897,Kaähz,archimonde,384,paladin,retribution,6,4,2
16898,Ямыч,ashenvale,384,paladin,retribution,6,4,2
16899,Veldora,zuljin,384,paladin,retribution,6,4,2
16900,Lévrone,alexstrasza,384,paladin,retribution,6,4,2
16901,Соулерт,ashenvale,384,paladin,retribution,6,4,2
16902,Blader,darksorrow,384,paladin,retribution,6,4,2
16903,Joti,proudmoore,384,paladin,retribution,6,4,2
16904,Rölfchen,frostwolf,384,paladin,retribution,6,4,2
16905,Luckyman,aszune,384,paladin,retribution,6,4,2
16906,Justïce,twisting-nether,384,paladin,retribution,6,4,2
16907,Arcillus,stormscale,384,paladin,retribution,6,4,2
16908,Emloses,outland,384,paladin,retribution,6,4,2
16909,Лиадринель,howling-fjord,384,paladin,retribution,6,4,2
16910,Skittlespala,twisting-nether,384,paladin,retribution,6,4,2
16911,Timoxas,kazzak,384,paladin,retribution,6,4,2
16912,Kaedena,kaelthas,384,paladin,retribution,6,4,2
16913,Clementine,spinebreaker,384,paladin,retribution,6,4,2
16914,Kazui,lordaeron,384,paladin,retribution,6,4,2
16915,Bâbass,sargeras,384,paladin,retribution,6,4,2
16916,Крода,deepholm,384,paladin,retribution,6,4,2
16917,Ibuc,blackrock,384,paladin,retribution,6,4,2
16918,Skrýmir,marécage-de-zangar,384,paladin,retribution,6,4,2
16919,Zeggayoda,nemesis,384,paladin,retribution,6,4,2
16920,Sølitude,kazzak,384,paladin,retribution,6,4,2
16921,Sabriaña,silvermoon,384,paladin,retribution,6,4,2
16922,Dragongîrl,lothar,384,paladin,retribution,6,4,2
16923,Zeusp,archimonde,384,paladin,retribution,6,4,2
16924,Òlymp,blackhand,384,paladin,retribution,6,4,2
16925,Судья,greymane,384,paladin,retribution,6,4,2
16926,Panicmaker,ravencrest,384,paladin,retribution,6,4,2
16927,Ðesolace,twisting-nether,384,paladin,retribution,6,4,2
16928,Érléuchtas,kazzak,384,paladin,retribution,6,4,2
16929,Pný,silvermoon,384,paladin,retribution,6,4,2
16930,Nicolae,colinas-pardas,384,paladin,retribution,6,4,2
16931,Spizz,dun-modr,384,paladin,retribution,6,4,2
16932,Бабичпал,soulflayer,384,paladin,retribution,6,4,2
16933,Позабытый,deathweaver,384,paladin,retribution,6,4,2
16934,Jaime,magtheridon,384,paladin,retribution,6,4,2
16935,Hanknpank,quelthalas,384,paladin,retribution,6,4,2
16936,Sunstrider,quelthalas,384,paladin,retribution,6,4,2
16937,Кукусяшка,gordunni,384,paladin,retribution,6,4,2
16938,Retforlife,sylvanas,384,paladin,retribution,6,4,2
16939,Aderos,sylvanas,384,paladin,retribution,6,4,2
16940,Blakkjack,xavius,384,paladin,retribution,6,4,2
16941,Цитрон,blackscar,384,paladin,retribution,6,4,2
16942,Хилоретка,blackscar,384,paladin,retribution,6,4,2
16943,Atanasum,dun-modr,384,paladin,retribution,6,4,2
16944,Драгмитухел,gordunni,384,paladin,retribution,6,4,2
16945,Uragan,blackmoore,384,paladin,retribution,6,4,2
16946,Бэкворд,soulflayer,384,paladin,retribution,6,4,2
16947,Светонносец,gordunni,384,paladin,retribution,6,4,2
16948,Naizem,dun-modr,384,paladin,retribution,6,4,2
16949,Marmotaxx,dun-modr,384,paladin,retribution,6,4,2
16950,Crussaden,stormscale,384,paladin,retribution,7,4,3
16951,Olaghkan,dun-modr,384,paladin,retribution,8,4,4
16952,Shoogle,alonsus,384,paladin,retribution,9,4,5
16953,Beefdaddyy,kazzak,384,paladin,retribution,17,7,10
16954,Хилвкд,blackscar,384,paladin,retribution,11,4,7
16955,Athênâ,azjolnerub,384,paladin,retribution,15,5,10
16956,Inkuboss,nemesis,384,paladin,retribution,12,4,8
16957,Eîon,argent-dawn,384,paladin,retribution,12,4,8
16958,Xòtrios,argent-dawn,384,paladin,retribution,12,4,8
16959,Wankerjim,ghostlands,384,paladin,retribution,12,4,8
16960,Palapaye,archimonde,384,paladin,retribution,12,4,8
16961,Serim,dun-modr,384,paladin,retribution,12,4,8
16962,Andrøiz,dun-modr,384,paladin,retribution,12,4,8
16963,Círuq,eredar,384,paladin,retribution,12,4,8
16964,Øazimutø,archimonde,384,paladin,retribution,12,4,8
16965,Hasart,tarren-mill,384,paladin,retribution,12,4,8
16966,Avengence,dragonblight,384,paladin,retribution,12,4,8
16967,Perxx,stormscale,384,paladin,retribution,12,4,8
16968,Banister,eredar,384,paladin,retribution,12,4,8
16969,Yasfy,stormscale,384,paladin,retribution,12,4,8
16970,Âgreë,frostwhisper,384,paladin,retribution,12,4,8
16971,Crowdev,zuljin,384,paladin,retribution,12,4,8
16972,Neiiz,ragnaros,384,paladin,retribution,12,4,8
16973,Kuhfleisch,eredar,384,paladin,retribution,12,4,8
16974,Pecar,stormscale,384,paladin,retribution,12,4,8
16975,Бладриус,howling-fjord,384,paladin,retribution,12,4,8
16976,Vilayesyo,ravencrest,384,paladin,retribution,12,4,8
16977,Freeloliipop,darksorrow,384,paladin,retribution,12,4,8
16978,Badtrip,bloodscalp,384,paladin,retribution,12,4,8
16979,Galerian,twilights-hammer,384,paladin,retribution,12,4,8
16980,Refléx,zirkel-des-cenarius,384,paladin,retribution,12,4,8
16981,Phorios,agamaggan,384,paladin,retribution,12,4,8
16982,Thiccdeeps,aegwynn,384,paladin,retribution,12,4,8
16983,Karsini,arathor,384,paladin,retribution,12,4,8
16984,Minfa,argent-dawn,384,paladin,retribution,12,4,8
16985,Dêadgame,aegwynn,384,paladin,retribution,12,4,8
16986,Brecs,frostmourne,384,paladin,retribution,12,4,8
16987,Bugohoss,nathrezim,384,paladin,retribution,12,4,8
16988,Typhadin,sylvanas,384,paladin,retribution,12,4,8
16989,Trainors,chamber-of-aspects,384,paladin,retribution,12,4,8
16990,Popelarr,burning-blade,384,paladin,retribution,12,4,8
16991,Phazio,twisting-nether,384,paladin,retribution,12,4,8
16992,Vhestas,dun-modr,384,paladin,retribution,12,4,8
16993,Moløk,ysondre,384,paladin,retribution,12,4,8
16994,Shuukz,blackmoore,384,paladin,retribution,12,4,8
16995,Myû,die-aldor,384,paladin,retribution,12,4,8
16996,Stoneð,antonidas,384,paladin,retribution,12,4,8
16997,Розовыйбабл,gordunni,384,paladin,retribution,12,4,8
16998,Dennyboy,sylvanas,384,paladin,retribution,12,4,8
16999,Quarrel,kul-tiras,384,paladin,retribution,12,4,8
17000,Arkkipiispa,outland,384,paladin,retribution,12,4,8
17001,Шэйкер,blackscar,384,paladin,retribution,12,4,8
17002,Waks,dalaran,384,paladin,retribution,12,4,8
17003,Drhammerdin,antonidas,384,paladin,retribution,12,4,8
17004,Vazayo,ravencrest,384,paladin,retribution,12,4,8
17005,Styxpl,blackhand,384,paladin,retribution,12,4,8
17006,Heidfield,draenor,384,paladin,retribution,12,4,8
17007,Bundagains,silvermoon,384,paladin,retribution,12,4,8
17008,Ippex,silvermoon,384,paladin,retribution,12,4,8
17009,Amburet,kazzak,384,paladin,retribution,12,4,8
17010,Celerius,trollbane,384,paladin,retribution,12,4,8
17011,Pålegg,emerald-dream,384,paladin,retribution,12,4,8
17012,Valzyffs,twisting-nether,384,paladin,retribution,12,4,8
17013,Зираэлис,gordunni,384,paladin,retribution,12,4,8
17014,Ezetrol,xavius,384,paladin,retribution,12,4,8
17015,Cyban,twisting-nether,384,paladin,retribution,12,4,8
17016,Киилаа,gordunni,384,paladin,retribution,12,4,8
17017,Aipal,silvermoon,384,paladin,retribution,12,4,8
17018,Madeofsteel,silvermoon,384,paladin,retribution,12,4,8
17019,Aleya,arathor,384,paladin,retribution,12,4,8
17020,Artoriaz,ravencrest,384,paladin,retribution,12,4,8
17021,Denlow,silvermoon,384,paladin,retribution,12,4,8
17022,Lucretius,kilrogg,384,paladin,retribution,12,4,8
17023,Ngel,marécage-de-zangar,384,paladin,retribution,12,4,8
17024,Benzimus,ragnaros,384,paladin,retribution,12,4,8
17025,Decain,twisting-nether,384,paladin,retribution,12,4,8
17026,Yakuron,blackhand,384,paladin,retribution,12,4,8
17027,Stjusmussel,ragnaros,384,paladin,retribution,12,4,8
17028,Douglazz,tarren-mill,384,paladin,retribution,13,4,9
17029,Artonus,sylvanas,384,paladin,retribution,14,4,10
17030,Алекхей,gordunni,384,paladin,retribution,18,4,14
17031,Forthy,drakthul,384,paladin,retribution,18,4,14
17032,Anesthesiax,ravencrest,384,paladin,retribution,18,4,14
17033,Limitles,nemesis,384,paladin,retribution,18,4,14
17034,Orbia,draenor,384,paladin,retribution,18,4,14
17035,Neyd,hyjal,384,paladin,retribution,18,4,14
17036,Galaerøn,elune,384,paladin,retribution,18,4,14
17037,Cadearas,antonidas,384,paladin,retribution,18,4,14
17038,Halldòr,ravencrest,384,paladin,retribution,18,4,14
17039,Greyeyed,kazzak,384,paladin,retribution,18,4,14
17040,Tobebryant,eonar,383,paladin,retribution,6,4,2
17041,Lancelhot,archimonde,383,paladin,retribution,6,4,2
17042,Krögerelf,garrosh,383,paladin,retribution,6,4,2
17043,Tank,uldum,383,paladin,retribution,6,4,2
17044,Ahritea,blackrock,383,paladin,retribution,6,4,2
17045,Fløki,blackrock,383,paladin,retribution,6,4,2
17046,Рукаф,soulflayer,383,paladin,retribution,6,4,2
17047,Supersnubben,grim-batol,383,paladin,retribution,6,4,2
17048,Azlan,nagrand,383,paladin,retribution,6,4,2
17049,Buddy,conseil-des-ombres,383,paladin,retribution,9,5,4
17050,Paladoon,ravencrest,383,paladin,retribution,12,4,8
17051,Donfilippo,burning-legion,383,paladin,retribution,12,4,8
17052,Käylä,silvermoon,383,paladin,retribution,12,4,8
17053,Ressurection,outland,383,paladin,retribution,12,4,8
17054,Bubblemama,aegwynn,383,paladin,retribution,12,4,8
17055,Giuliagirod,kazzak,383,paladin,retribution,12,4,8
17056,Ратомир,howling-fjord,383,paladin,retribution,14,4,10
17057,Anamary,ravencrest,383,paladin,retribution,15,4,11
17058,Ságé,thrall,383,paladin,retribution,16,4,12
17059,Lavacalistar,turalyon,383,paladin,retribution,21,5,16
17060,Shurikèn,khaz-modan,382,paladin,retribution,6,4,2
17061,Fumatelo,tyrande,382,paladin,retribution,6,4,2
17062,Rockymarcian,hyjal,382,paladin,retribution,12,4,8
17063,Gnarlds,doomhammer,382,paladin,retribution,12,4,8
17064,Куоширо,goldrinn,381,paladin,retribution,12,4,8
17065,Palastratos,turalyon,379,paladin,retribution,12,4,8
17066,Bellight,sinstralis,376,paladin,retribution,19,4,15
17067,Spóntaneous,ravencrest,351,paladin,retribution,8,5,3
17068,Kantfyrste,ravencrest,351,paladin,retribution,11,4,7
17069,Madzy,archimonde,351,paladin,retribution,11,4,7
17070,Joeintkaa,ragnaros,351,paladin,retribution,11,4,7
17071,Zarispal,tarren-mill,336,paladin,retribution,9,5,4
17072,Arear,kazzak,336,paladin,retribution,9,5,4
17073,Strcker,sylvanas,336,paladin,retribution,9,4,5
17074,Serawyn,twisting-nether,336,paladin,retribution,9,4,5
17075,Freemain,doomhammer,336,paladin,retribution,9,4,5
17076,Sunsera,blackrock,330,paladin,retribution,8,5,3
17077,Alanore,tarren-mill,330,paladin,retribution,13,6,7
17078,Rodakinos,outland,330,paladin,retribution,12,5,7
17079,Каплясвета,gordunni,330,paladin,retribution,15,5,10
17080,Enary,zuljin,330,paladin,retribution,15,5,10
17081,Matharr,kazzak,330,paladin,retribution,19,5,14
17082,Stonebeard,ahnqiraj,329,paladin,retribution,25,5,20
17083,Bafbaf,arathi,329,paladin,retribution,30,5,25
17084,Reiwyn,archimonde,320,paladin,retribution,10,4,6
17085,Kyazar,sylvanas,319,paladin,retribution,5,4,1
17086,Strìke,ragnaros,319,paladin,retribution,8,4,4
17087,Kirkmeister,terokkar,319,paladin,retribution,17,5,12
17088,Адептустер,gordunni,319,paladin,retribution,14,4,10
17089,Kýríl,antonidas,319,paladin,retribution,14,4,10
17090,Legitpower,silvermoon,318,paladin,retribution,23,10,13
17091,Majk,hellscream,304,paladin,retribution,19,4,15
17092,Øttøø,outland,288,paladin,retribution,6,3,3
17093,Æternal,arathor,288,paladin,retribution,6,3,3
17094,Skølir,rashgarroth,288,paladin,retribution,6,3,3
17095,Unforsakenx,silvermoon,288,paladin,retribution,6,3,3
17096,Aoldur,ragnaros,288,paladin,retribution,6,3,3
17097,Kelsumi,draenor,288,paladin,retribution,6,3,3
17098,Zeltose,uldaman,288,paladin,retribution,6,3,3
17099,Mayhem,area-52,288,paladin,retribution,6,3,3
17100,Astralenigma,hyjal,288,paladin,retribution,6,3,3
17101,Finñ,sylvanas,288,paladin,retribution,6,3,3
17102,Namapala,silvermoon,288,paladin,retribution,6,3,3
17103,Lixîa,hyjal,288,paladin,retribution,6,3,3
17104,Lóde,silvermoon,288,paladin,retribution,6,3,3
17105,Eldivin,hyjal,288,paladin,retribution,6,3,3
17106,Ruben,kirin-tor,288,paladin,retribution,6,3,3
17107,Мортлайт,soulflayer,288,paladin,retribution,6,3,3
17108,Fahrèl,hyjal,288,paladin,retribution,6,3,3
17109,Neithi,twisting-nether,288,paladin,retribution,6,3,3
17110,Synexy,kazzak,288,paladin,retribution,6,3,3
17111,Evölution,frostmane,288,paladin,retribution,6,3,3
17112,Рукибудды,soulflayer,288,paladin,retribution,6,3,3
17113,Répo,twisting-nether,288,paladin,retribution,6,3,3
17114,Bogrács,silvermoon,288,paladin,retribution,6,3,3
17115,Hione,burning-legion,288,paladin,retribution,6,3,3
17116,Xirôs,zirkel-des-cenarius,288,paladin,retribution,6,3,3
17117,Holyshêêt,draenor,288,paladin,retribution,6,3,3
17118,Fumbz,alakir,288,paladin,retribution,6,3,3
17119,Zetnic,kazzak,288,paladin,retribution,6,3,3
17120,Exero,frostmane,288,paladin,retribution,6,3,3
17121,Mormazor,outland,288,paladin,retribution,6,3,3
17122,Holythore,shadowsong,288,paladin,retribution,6,3,3
17123,Sixtynien,outland,288,paladin,retribution,6,3,3
17124,Illmindofyou,twisting-nether,288,paladin,retribution,6,3,3
17125,Elesmerias,dalaran,288,paladin,retribution,6,3,3
17126,Myradur,burning-legion,288,paladin,retribution,6,3,3
17127,Tonynox,hyjal,288,paladin,retribution,6,3,3
17128,Kielonpala,kazzak,288,paladin,retribution,6,3,3
17129,Stocks,burning-blade,288,paladin,retribution,6,3,3
17130,Retisfine,silvermoon,288,paladin,retribution,6,3,3
17131,Nympa,sylvanas,288,paladin,retribution,6,3,3
17132,Astralz,aegwynn,288,paladin,retribution,6,3,3
17133,Тайронх,soulflayer,288,paladin,retribution,6,3,3
17134,Djpalacinka,drakthul,288,paladin,retribution,6,3,3
17135,Lolsurprise,twisting-nether,288,paladin,retribution,6,3,3
17136,Véngeance,twilights-hammer,288,paladin,retribution,6,3,3
17137,Ñusret,aegwynn,288,paladin,retribution,6,3,3
17138,Partur,stormreaver,288,paladin,retribution,6,3,3
17139,Freakks,twisting-nether,288,paladin,retribution,6,3,3
17140,Tyn,dragonmaw,288,paladin,retribution,6,3,3
17141,Зеппели,gordunni,288,paladin,retribution,6,3,3
17142,Dyonisøs,archimonde,288,paladin,retribution,6,3,3
17143,Poutoux,archimonde,288,paladin,retribution,6,3,3
17144,Môdhân,archimonde,288,paladin,retribution,6,3,3
17145,Retroxy,stormreaver,288,paladin,retribution,6,3,3
17146,Emet,twisting-nether,288,paladin,retribution,6,3,3
17147,Synthesis,uldum,288,paladin,retribution,6,3,3
17148,Lyan,archimonde,288,paladin,retribution,6,3,3
17149,Dízeltekurva,ragnaros,288,paladin,retribution,6,3,3
17150,Киэрсис,howling-fjord,288,paladin,retribution,6,3,3
17151,Eyebluee,tarren-mill,288,paladin,retribution,6,3,3
17152,Névér,steamwheedle-cartel,288,paladin,retribution,6,3,3
17153,Hèmera,archimonde,288,paladin,retribution,6,3,3
17154,Muieiulica,twisting-nether,288,paladin,retribution,6,3,3
17155,Талрэн,howling-fjord,288,paladin,retribution,6,3,3
17156,Bangßros,archimonde,288,paladin,retribution,6,3,3
17157,Golgel,turalyon,288,paladin,retribution,6,3,3
17158,Бигтедо,gordunni,288,paladin,retribution,6,3,3
17159,Cursedd,sanguino,288,paladin,retribution,6,3,3
17160,Taukkï,kazzak,288,paladin,retribution,6,3,3
17161,Gulyas,tarren-mill,288,paladin,retribution,6,3,3
17162,Rômtone,dalaran,288,paladin,retribution,6,3,3
17163,Yaldly,dun-modr,288,paladin,retribution,6,3,3
17164,Ïrönhämmër,argent-dawn,288,paladin,retribution,6,3,3
17165,Reptoglad,archimonde,288,paladin,retribution,6,3,3
17166,Curt,sanguino,288,paladin,retribution,6,3,3
17167,Sekoran,sunstrider,288,paladin,retribution,6,3,3
17168,Animegifx,ragnaros,288,paladin,retribution,6,3,3
17169,Лайсен,gordunni,288,paladin,retribution,6,3,3
17170,Cloudlight,argent-dawn,288,paladin,retribution,6,3,3
17171,Akcope,thunderhorn,288,paladin,retribution,6,3,3
17172,Kolts,ragnaros,288,paladin,retribution,6,3,3
17173,Palapouffe,khaz-modan,288,paladin,retribution,6,3,3
17174,Uriel,scarshield-legion,288,paladin,retribution,6,3,3
17175,Бэнсон,ashenvale,288,paladin,retribution,6,3,3
17176,Isgarot,pozzo-delleternità,288,paladin,retribution,6,3,3
17177,Palá,dun-modr,288,paladin,retribution,6,3,3
17178,Partysyster,defias-brotherhood,288,paladin,retribution,6,3,3
17179,Minirempart,khaz-modan,288,paladin,retribution,6,3,3
17180,Gaizilla,burning-blade,288,paladin,retribution,6,3,3
17181,Кс,greymane,288,paladin,retribution,6,3,3
17182,Veo,sylvanas,288,paladin,retribution,6,3,3
17183,Milkzaddy,kazzak,288,paladin,retribution,6,3,3
17184,Stárchy,terenas,288,paladin,retribution,6,3,3
17185,Vultrix,tarren-mill,288,paladin,retribution,6,3,3
17186,ßßæßßæßß,stormscale,288,paladin,retribution,6,3,3
17187,Zondãn,blackrock,288,paladin,retribution,6,3,3
17188,Moolurk,stormscale,288,paladin,retribution,6,3,3
17189,Fogell,ravencrest,288,paladin,retribution,6,3,3
17190,Steínsgate,ravencrest,288,paladin,retribution,6,3,3
17191,Arkhàn,ravencrest,288,paladin,retribution,6,3,3
17192,Ðåøóýöøðí,ravencrest,288,paladin,retribution,6,3,3
17193,Raketenreiko,blackrock,288,paladin,retribution,6,3,3
17194,Cilodin,blackrock,288,paladin,retribution,6,3,3
17195,Ozen,blackrock,288,paladin,retribution,6,3,3
17196,Bämschi,blackrock,288,paladin,retribution,6,3,3
17197,Sarunan,ravencrest,288,paladin,retribution,6,3,3
17198,Divineovic,ravencrest,288,paladin,retribution,6,3,3
17199,Thandoro,amanthul,288,paladin,retribution,6,3,3
17200,Krýptø,ravencrest,288,paladin,retribution,6,3,3
17201,Paidi,die-todeskrallen,288,paladin,retribution,6,3,3
17202,Prâtox,blackmoore,288,paladin,retribution,6,3,3
17203,Grial,eredar,288,paladin,retribution,6,3,3
17204,Sekztokio,blackmoore,288,paladin,retribution,6,3,3
17205,Silverglaze,defias-brotherhood,288,paladin,retribution,6,3,3
17206,Strangerx,blackrock,288,paladin,retribution,6,3,3
17207,Shaká,ravencrest,288,paladin,retribution,6,3,3
17208,Lyrïcs,ysondre,288,paladin,retribution,6,3,3
17209,Серёжблондин,gordunni,288,paladin,retribution,6,3,3
17210,Lbj,eredar,288,paladin,retribution,6,3,3
17211,Jpally,ravencrest,288,paladin,retribution,6,3,3
17212,Aklime,blackmoore,288,paladin,retribution,6,3,3
17213,Tyranius,bronzebeard,288,paladin,retribution,6,3,3
17214,Дджаб,booty-bay,288,paladin,retribution,6,3,3
17215,Киръпич,grom,288,paladin,retribution,6,3,3
17216,Lotheirid,antonidas,288,paladin,retribution,6,3,3
17217,Xirac,antonidas,288,paladin,retribution,6,3,3
17218,Shrøømz,antonidas,288,paladin,retribution,6,3,3
17219,Рамстафарай,gordunni,288,paladin,retribution,6,3,3
17220,Sakulchan,antonidas,288,paladin,retribution,6,3,3
17221,Pigma,outland,288,paladin,retribution,9,4,5
17222,Aresian,burning-legion,288,paladin,retribution,7,3,4
17223,Aenhel,zuljin,288,paladin,retribution,11,4,7
17224,Parlma,naxxramas,288,paladin,retribution,13,4,9
17225,Dragg,kirin-tor,288,paladin,retribution,10,3,7
17226,Miqee,burning-legion,288,paladin,retribution,12,3,9
17227,Масачусетсс,gordunni,288,paladin,retribution,12,3,9
17228,Найдэкер,gordunni,288,paladin,retribution,12,3,9
17229,Аладушок,gordunni,288,paladin,retribution,12,3,9
17230,Strikè,stormscale,288,paladin,retribution,12,3,9
17231,Dalaly,kazzak,288,paladin,retribution,12,3,9
17232,Izelv,dalaran,288,paladin,retribution,12,3,9
17233,Cydor,khaz-modan,288,paladin,retribution,12,3,9
17234,Lucyd,stormscale,288,paladin,retribution,12,3,9
17235,Pascual,magtheridon,288,paladin,retribution,12,3,9
17236,Cigoveth,sylvanas,288,paladin,retribution,12,3,9
17237,Annurra,quelthalas,288,paladin,retribution,12,3,9
17238,Skuzee,archimonde,288,paladin,retribution,12,3,9
17239,Simsaii,stormscale,288,paladin,retribution,12,3,9
17240,Ваэлин,deathweaver,288,paladin,retribution,12,3,9
17241,Mandingbull,stormscale,288,paladin,retribution,12,3,9
17242,Cilla,kult-der-verdammten,288,paladin,retribution,12,3,9
17243,Загошслакер,howling-fjord,288,paladin,retribution,12,3,9
17244,Dmascus,blackrock,288,paladin,retribution,12,3,9
17245,Sangaro,ragnaros,288,paladin,retribution,12,3,9
17246,Омникнайтх,howling-fjord,288,paladin,retribution,12,3,9
17247,Dathea,aegwynn,288,paladin,retribution,12,3,9
17248,Djuwuu,twisting-nether,288,paladin,retribution,12,3,9
17249,Blecheîmer,aegwynn,288,paladin,retribution,12,3,9
17250,Windîr,draenor,288,paladin,retribution,12,3,9
17251,Pikoman,hellfire,288,paladin,retribution,12,3,9
17252,Lylennâ,argent-dawn,288,paladin,retribution,12,3,9
17253,Эеомли,blackscar,288,paladin,retribution,12,3,9
17254,Daddysiliam,ravencrest,288,paladin,retribution,12,3,9
17255,Ahreesh,blackrock,288,paladin,retribution,12,3,9
17256,Kypamop,argent-dawn,288,paladin,retribution,12,3,9
17257,Ragen,kazzak,288,paladin,retribution,12,3,9
17258,Trollpaladin,blackmoore,288,paladin,retribution,12,3,9
17259,Whórainzóne,eredar,288,paladin,retribution,12,3,9
17260,Lacrossé,kazzak,288,paladin,retribution,12,3,9
17261,Budweison,silvermoon,288,paladin,retribution,12,3,9
17262,Ауё,blackscar,288,paladin,retribution,12,3,9
17263,Dwangl,silvermoon,288,paladin,retribution,12,3,9
17264,Xzpal,silvermoon,288,paladin,retribution,12,3,9
17265,Wolluna,frostwolf,288,paladin,retribution,12,3,9
17266,Çolette,silvermoon,288,paladin,retribution,12,3,9
17267,Ашилолпро,soulflayer,288,paladin,retribution,12,3,9
17268,Arthàs,blackmoore,288,paladin,retribution,12,3,9
17269,Quaterbâck,antonidas,288,paladin,retribution,12,3,9
17270,Deholyloa,frostwhisper,288,paladin,retribution,12,3,9
17271,Legâin,twisting-nether,288,paladin,retribution,12,3,9
17272,Turbopal,burning-blade,288,paladin,retribution,12,3,9
17273,Moriex,drakthul,288,paladin,retribution,12,3,9
17274,Nordiusek,drakthul,288,paladin,retribution,12,3,9
17275,Diccari,stormreaver,288,paladin,retribution,12,3,9
17276,Мува,soulflayer,288,paladin,retribution,14,3,11
17277,Cilise,bronzebeard,288,paladin,retribution,18,3,15
17278,Ллосла,howling-fjord,288,paladin,retribution,18,3,15
17279,Lättäkamerus,ravencrest,288,paladin,retribution,18,3,15
17280,Ulderoth,dun-modr,288,paladin,retribution,18,3,15
17281,Lééroÿ,sylvanas,287,paladin,retribution,8,4,4
17282,Sìegfrìed,sargeras,287,paladin,retribution,6,3,3
17283,Lewanor,tarren-mill,287,paladin,retribution,6,3,3
17284,Hrubo,drakthul,287,paladin,retribution,6,3,3
17285,Ïwâ,hyjal,287,paladin,retribution,6,3,3
17286,Nauriell,blackmoore,287,paladin,retribution,6,3,3
17287,Raerion,ragnaros,287,paladin,retribution,6,3,3
17288,Dadpally,shattered-hand,287,paladin,retribution,6,3,3
17289,Артуроэльф,eversong,287,paladin,retribution,9,3,6
17290,Cajikpal,drakthul,287,paladin,retribution,12,3,9
17291,Trevorion,argent-dawn,287,paladin,retribution,12,3,9
17292,Bore,culte-de-la-rive-noire,287,paladin,retribution,12,3,9
17293,Voraxpa,draenor,287,paladin,retribution,12,3,9
17294,Rsanchez,frostwolf,286,paladin,retribution,6,3,3
17295,Yeretria,krasus,286,paladin,retribution,6,3,3
17296,Tofrus,kazzak,271,paladin,retribution,11,3,8
17297,Brictom,tarren-mill,271,paladin,retribution,11,3,8
17298,Рбгхил,howling-fjord,271,paladin,retribution,11,3,8
17299,Davairabotai,kazzak,255,paladin,retribution,14,4,10
17300,Gõm,aegwynn,239,paladin,retribution,5,3,2
17301,Theodun,xavius,239,paladin,retribution,5,3,2
17302,Akeemys,ragnaros,239,paladin,retribution,5,3,2
17303,Tivv,blackhand,239,paladin,retribution,5,3,2
17304,Erannor,kirin-tor,239,paladin,retribution,5,3,2
17305,Crîîngêr,blackhand,239,paladin,retribution,5,3,2
17306,Loire,blackmoore,239,paladin,retribution,5,3,2
17307,Manyouk,kazzak,239,paladin,retribution,5,3,2
17308,Pooncy,ragnaros,239,paladin,retribution,5,3,2
17309,Töphuria,silvermoon,239,paladin,retribution,5,3,2
17310,Tÿy,sylvanas,234,paladin,retribution,8,4,4
17311,Pelbo,ravencrest,234,paladin,retribution,9,4,5
17312,Dørvâp,culte-de-la-rive-noire,234,paladin,retribution,11,4,7
17313,Ranish,aegwynn,234,paladin,retribution,15,4,11
17314,Ренегадер,thermaplugg,233,paladin,retribution,6,4,2
17315,Jcpd,drakthul,224,paladin,retribution,10,3,7
17316,Тайела,gordunni,192,paladin,retribution,4,3,1
17317,Toruk,burning-legion,192,paladin,retribution,4,3,1
17318,Pitux,dun-modr,192,paladin,retribution,4,3,1
17319,Holyape,argent-dawn,192,paladin,retribution,6,2,4
17320,Потрепал,blackscar,192,paladin,retribution,6,2,4
17321,Mangz,ysondre,192,paladin,retribution,6,2,4
17322,Jimrogier,argent-dawn,192,paladin,retribution,6,2,4
17323,Ustex,argent-dawn,192,paladin,retribution,6,2,4
17324,Nozgot,chromaggus,192,paladin,retribution,6,2,4
17325,Fannypoo,sylvanas,192,paladin,retribution,6,2,4
17326,Støøk,shendralar,192,paladin,retribution,6,2,4
17327,Clerik,eredar,192,paladin,retribution,6,2,4
17328,Spellcrow,argent-dawn,192,paladin,retribution,6,2,4
17329,Aal,eredar,192,paladin,retribution,6,2,4
17330,Боевикс,ashenvale,192,paladin,retribution,6,2,4
17331,Холигор,deathguard,192,paladin,retribution,6,2,4
17332,Zuldekk,sanguino,192,paladin,retribution,6,2,4
17333,Pyronort,eredar,192,paladin,retribution,6,2,4
17334,Palacheatlol,ysondre,192,paladin,retribution,6,2,4
17335,Xephiroxus,the-venture-co,192,paladin,retribution,6,2,4
17336,Дэвсон,greymane,192,paladin,retribution,6,2,4
17337,Легионор,galakrond,192,paladin,retribution,6,2,4
17338,Гачипаладинн,galakrond,192,paladin,retribution,6,2,4
17339,Антитеррор,greymane,192,paladin,retribution,6,2,4
17340,Azapala,kazzak,192,paladin,retribution,6,2,4
17341,Paradice,ragnaros,192,paladin,retribution,6,2,4
17342,Postî,eredar,192,paladin,retribution,6,2,4
17343,Waramo,eredar,192,paladin,retribution,6,2,4
17344,Starr,confrérie-du-thorium,192,paladin,retribution,6,2,4
17345,Дэвайнэвил,gordunni,192,paladin,retribution,6,2,4
17346,Bakasnoop,hyjal,192,paladin,retribution,6,2,4
17347,Fortination,dalaran,192,paladin,retribution,6,2,4
17348,Daizen,blackrock,192,paladin,retribution,6,2,4
17349,Frías,zuljin,192,paladin,retribution,6,2,4
17350,Logmár,sanguino,192,paladin,retribution,6,2,4
17351,Zephale,sunstrider,192,paladin,retribution,6,2,4
17352,Labier,tarren-mill,192,paladin,retribution,6,2,4
17353,Vans,nazjatar,192,paladin,retribution,6,2,4
17354,Alus,blackmoore,192,paladin,retribution,6,2,4
17355,Stinkytoes,draenor,192,paladin,retribution,6,2,4
17356,Eneomaos,blackrock,192,paladin,retribution,6,2,4
17357,Razarus,sylvanas,192,paladin,retribution,6,2,4
17358,Гермесиус,deepholm,192,paladin,retribution,6,2,4
17359,Sertoli,frostwhisper,192,paladin,retribution,6,2,4
17360,Malvax,ragnaros,192,paladin,retribution,6,2,4
17361,Drasir,nemesis,192,paladin,retribution,6,2,4
17362,Maxunius,antonidas,192,paladin,retribution,6,2,4
17363,Serethor,blackrock,192,paladin,retribution,6,2,4
17364,Héraclèss,marécage-de-zangar,192,paladin,retribution,6,2,4
17365,Strøb,antonidas,192,paladin,retribution,6,2,4
17366,Ðeswynd,hyjal,192,paladin,retribution,6,2,4
17367,Yømø,antonidas,192,paladin,retribution,6,2,4
17368,Doormat,stormreaver,192,paladin,retribution,6,2,4
17369,Altoangelo,outland,192,paladin,retribution,6,2,4
17370,Ревирант,howling-fjord,192,paladin,retribution,6,2,4
17371,Manole,ravencrest,192,paladin,retribution,6,2,4
17372,Víii,outland,192,paladin,retribution,6,2,4
17373,Кадаврициан,howling-fjord,192,paladin,retribution,6,2,4
17374,Armion,stormscale,192,paladin,retribution,6,2,4
17375,Japsee,runetotem,192,paladin,retribution,6,2,4
17376,Hännó,malganis,192,paladin,retribution,6,2,4
17377,Carpetcummer,ravencrest,192,paladin,retribution,6,2,4
17378,Flashhèart,draenor,192,paladin,retribution,6,2,4
17379,Shufflee,drakthul,192,paladin,retribution,6,2,4
17380,Drjudge,draenor,192,paladin,retribution,6,2,4
17381,Takezop,dun-modr,192,paladin,retribution,6,2,4
17382,Ярлд,gordunni,192,paladin,retribution,6,2,4
17383,Milipal,hyjal,192,paladin,retribution,6,2,4
17384,Destroyer,archimonde,192,paladin,retribution,6,2,4
17385,Legendaryxw,drakthul,192,paladin,retribution,6,2,4
17386,Shápzx,draenor,192,paladin,retribution,6,2,4
17387,Quennten,grim-batol,192,paladin,retribution,6,2,4
17388,Blurengo,blackrock,192,paladin,retribution,6,2,4
17389,Dollicia,outland,192,paladin,retribution,6,2,4
17390,Riares,darkspear,192,paladin,retribution,6,2,4
17391,Canihavesome,sylvanas,192,paladin,retribution,6,2,4
17392,Myrmidan,magtheridon,192,paladin,retribution,6,2,4
17393,Slymm,archimonde,192,paladin,retribution,6,2,4
17394,Oldsurehand,blackmoore,192,paladin,retribution,6,2,4
17395,Djstompyasis,blackmoore,192,paladin,retribution,6,2,4
17396,Сенторин,borean-tundra,192,paladin,retribution,6,2,4
17397,Загадзуга,howling-fjord,192,paladin,retribution,6,2,4
17398,Caribbean,outland,192,paladin,retribution,6,2,4
17399,Yumhi,dun-modr,192,paladin,retribution,6,2,4
17400,Rivela,bloodhoof,192,paladin,retribution,6,2,4
17401,Mathrixo,silvermoon,192,paladin,retribution,6,2,4
17402,Ньюзеропал,howling-fjord,192,paladin,retribution,6,2,4
17403,Unzufrieden,silvermoon,192,paladin,retribution,6,2,4
17404,Knusern,dunemaul,192,paladin,retribution,6,2,4
17405,Paxillustral,twisting-nether,192,paladin,retribution,6,2,4
17406,Эйлара,howling-fjord,192,paladin,retribution,6,2,4
17407,Trainwréck,ravencrest,192,paladin,retribution,6,2,4
17408,Arator,terenas,192,paladin,retribution,6,2,4
17409,Туларион,grom,192,paladin,retribution,6,2,4
17410,Mainôs,ravencrest,192,paladin,retribution,6,2,4
17411,Fizzyy,ragnaros,192,paladin,retribution,6,2,4
17412,Gaab,aggra-português,192,paladin,retribution,6,2,4
17413,Némesis,frostmane,192,paladin,retribution,6,2,4
17414,Palaur,silvermoon,192,paladin,retribution,6,2,4
17415,Rinocerb,ravencrest,192,paladin,retribution,6,2,4
17416,Ijego,silvermoon,192,paladin,retribution,6,2,4
17417,Бордюрчег,howling-fjord,192,paladin,retribution,6,2,4
17418,Alto,nordrassil,192,paladin,retribution,6,2,4
17419,Lightsimper,silvermoon,192,paladin,retribution,6,2,4
17420,Noxy,thrall,192,paladin,retribution,6,2,4
17421,Ultrabenzo,ravencrest,192,paladin,retribution,6,2,4
17422,Shassera,ravencrest,192,paladin,retribution,6,2,4
17423,Paladéán,malganis,192,paladin,retribution,6,2,4
17424,Vikingensven,silvermoon,192,paladin,retribution,6,2,4
17425,Пепескарлет,howling-fjord,192,paladin,retribution,6,2,4
17426,Arthacalan,silvermoon,192,paladin,retribution,6,2,4
17427,Ainnamash,twisting-nether,192,paladin,retribution,6,2,4
17428,Døgpaladin,outland,192,paladin,retribution,6,2,4
17429,Palek,burning-legion,192,paladin,retribution,6,2,4
17430,Bozznamaan,thrall,192,paladin,retribution,6,2,4
17431,Всеволорд,howling-fjord,192,paladin,retribution,6,2,4
17432,Necrozi,stormscale,192,paladin,retribution,6,2,4
17433,Grìmmjøw,silvermoon,192,paladin,retribution,6,2,4
17434,Dàk,grim-batol,192,paladin,retribution,6,2,4
17435,Daviaa,silvermoon,192,paladin,retribution,6,2,4
17436,Bálerion,bronze-dragonflight,192,paladin,retribution,6,2,4
17437,Djrayk,archimonde,192,paladin,retribution,6,2,4
17438,Breakafly,doomhammer,192,paladin,retribution,6,2,4
17439,Blazeê,blackrock,192,paladin,retribution,6,2,4
17440,Ghéttørèt,das-konsortium,192,paladin,retribution,6,2,4
17441,Zbykmasta,burning-legion,192,paladin,retribution,6,2,4
17442,Ashariah,die-aldor,192,paladin,retribution,6,2,4
17443,Олегсудья,howling-fjord,192,paladin,retribution,6,2,4
17444,Сильверный,gordunni,192,paladin,retribution,6,2,4
17445,Скруддж,howling-fjord,192,paladin,retribution,6,2,4
17446,Soralî,dethecus,192,paladin,retribution,6,2,4
17447,Wingsftw,blackhand,192,paladin,retribution,6,2,4
17448,Bigolcritty,silvermoon,192,paladin,retribution,6,2,4
17449,Rdypaladin,ravencrest,192,paladin,retribution,6,2,4
17450,Дрейв,soulflayer,192,paladin,retribution,6,2,4
17451,Palakag,blackhand,192,paladin,retribution,6,2,4
17452,Далходж,soulflayer,192,paladin,retribution,6,2,4
17453,Nasrudan,ravenholdt,192,paladin,retribution,6,2,4
17454,Maxximuss,drekthar,192,paladin,retribution,6,2,4
17455,Tomforøl,aggramar,192,paladin,retribution,6,2,4
17456,Horgar,nagrand,192,paladin,retribution,6,2,4
17457,Winterwall,sylvanas,192,paladin,retribution,6,2,4
17458,Vcd,kazzak,192,paladin,retribution,6,2,4
17459,Valanyr,kazzak,192,paladin,retribution,6,2,4
17460,Phaewingsftw,kazzak,192,paladin,retribution,6,2,4
17461,Heilgaharald,blackrock,192,paladin,retribution,6,2,4
17462,Gornim,die-nachtwache,192,paladin,retribution,6,2,4
17463,Panomecon,magtheridon,192,paladin,retribution,6,2,4
17464,Blinkdrink,ragnaros,192,paladin,retribution,6,2,4
17465,Leroya,blackrock,192,paladin,retribution,6,2,4
17466,Rétalin,blackhand,192,paladin,retribution,6,2,4
17467,Drident,die-nachtwache,192,paladin,retribution,6,2,4
17468,Samypalouf,naxxramas,192,paladin,retribution,6,2,4
17469,Фэрплэйн,gordunni,192,paladin,retribution,6,2,4
17470,Плат,gordunni,192,paladin,retribution,7,2,5
17471,Mêyra,blackhand,192,paladin,retribution,8,2,6
17472,Кольт,borean-tundra,192,paladin,retribution,10,2,8
17473,Rîex,alleria,192,paladin,retribution,12,2,10
17474,Remedios,archimonde,192,paladin,retribution,12,2,10
17475,Wigbilly,tarren-mill,192,paladin,retribution,12,2,10
17476,Мунрейм,gordunni,192,paladin,retribution,12,2,10
17477,Vivike,silvermoon,192,paladin,retribution,12,2,10
17478,Tressðr,dun-modr,192,paladin,retribution,12,2,10
17479,Skemfar,sanguino,192,paladin,retribution,12,2,10
17480,Лимфома,goldrinn,192,paladin,retribution,12,2,10
17481,Hordium,doomhammer,192,paladin,retribution,12,2,10
17482,Muuclear,twisting-nether,192,paladin,retribution,12,2,10
17483,Enîgmä,ravencrest,192,paladin,retribution,12,2,10
17484,Rùuru,archimonde,192,paladin,retribution,12,2,10
17485,Verix,thrall,192,paladin,retribution,12,2,10
17486,Leriell,ravencrest,192,paladin,retribution,12,2,10
17487,Samious,draenor,192,paladin,retribution,12,2,10
17488,Mariuhûna,blackmoore,192,paladin,retribution,12,2,10
17489,Galaadh,archimonde,192,paladin,retribution,12,2,10
17490,Konardos,burning-legion,192,paladin,retribution,12,2,10
17491,Pârâsite,hyjal,192,paladin,retribution,12,2,10
17492,Dananas,draenor,192,paladin,retribution,12,2,10
17493,Cunix,draenor,192,paladin,retribution,12,2,10
17494,Luzk,sanguino,192,paladin,retribution,12,2,10
17495,Rhyua,eredar,192,paladin,retribution,12,2,10
17496,Erathör,sanguino,192,paladin,retribution,12,2,10
17497,Reinwaltz,the-maelstrom,192,paladin,retribution,12,2,10
17498,Lightian,twisting-nether,192,paladin,retribution,12,2,10
17499,Kökslaktarn,sylvanas,192,paladin,retribution,21,3,18
17500,Stillgard,ghostlands,192,paladin,retribution,15,2,13
17501,Cyxanacma,silvermoon,192,paladin,retribution,18,2,16
17502,Mattüsälëmm,sanguino,191,paladin,retribution,4,3,1
17503,Milicos,sylvanas,191,paladin,retribution,6,2,4
17504,Duckula,ravenholdt,191,paladin,retribution,6,2,4
17505,Севенола,galakrond,191,paladin,retribution,6,2,4
17506,Ârthâstrâs,terrordar,191,paladin,retribution,6,2,4
17507,Broziopath,blackrock,191,paladin,retribution,6,2,4
17508,Derbrècher,azshara,191,paladin,retribution,6,2,4
17509,Maitrelampe,argent-dawn,180,paladin,retribution,29,7,22
17510,Thelronis,kelthuzad,175,paladin,retribution,11,2,9
17511,Sagittaxx,kazzak,159,paladin,retribution,5,2,3
17512,Heiemdall,azuremyst,159,paladin,retribution,5,2,3
17513,Geronimooh,vashj,159,paladin,retribution,5,2,3
17514,Trístesse,tarren-mill,159,paladin,retribution,11,2,9
17515,Амнон,goldrinn,144,paladin,retribution,9,2,7
17516,Tayun,blackmoore,144,paladin,retribution,15,2,13
17517,Еребор,howling-fjord,143,paladin,retribution,15,2,13
17518,Braiinafk,thrall,138,paladin,retribution,6,3,3
17519,Скелфер,soulflayer,138,paladin,retribution,8,3,5
17520,Jesamine,blackmoore,138,paladin,retribution,9,3,6
17521,Qpax,twisting-nether,128,paladin,retribution,4,2,2
17522,Glâdiatør,blackrock,128,paladin,retribution,4,2,2
17523,Mouzimaru,tarren-mill,128,paladin,retribution,10,2,8
17524,Маефис,gordunni,96,paladin,retribution,3,2,1
17525,Aalyaah,zirkel-des-cenarius,96,paladin,retribution,3,2,1
17526,Kelianna,drakthul,96,paladin,retribution,3,2,1
17527,Artplex,ravencrest,96,paladin,retribution,6,1,5
17528,Dildodin,ravencrest,96,paladin,retribution,6,1,5
17529,Amoxapine,hyjal,96,paladin,retribution,6,1,5
17530,Cazzanova,draenor,96,paladin,retribution,6,1,5
17531,Diggs,draenor,96,paladin,retribution,6,1,5
17532,Holyhannes,blackmoore,96,paladin,retribution,6,1,5
17533,Harvel,outland,96,paladin,retribution,6,1,5
17534,Kefalas,ravencrest,96,paladin,retribution,6,1,5
17535,Kimozabie,ravencrest,96,paladin,retribution,6,1,5
17536,Palandiade,draenor,96,paladin,retribution,6,1,5
17537,Хилтонепта,gordunni,96,paladin,retribution,6,1,5
17538,Bergalerga,frostmane,96,paladin,retribution,6,1,5
17539,Édèn,les-sentinelles,96,paladin,retribution,6,1,5
17540,Rekkt,ravenholdt,96,paladin,retribution,6,1,5
17541,Йенфира,gordunni,96,paladin,retribution,6,1,5
17542,Xerya,dun-modr,96,paladin,retribution,6,1,5
17543,Zlätän,outland,96,paladin,retribution,6,1,5
17544,Пашштет,gordunni,96,paladin,retribution,6,1,5
17545,Винзерг,ashenvale,96,paladin,retribution,6,1,5
17546,Bigfatpig,ravencrest,96,paladin,retribution,6,1,5
17547,Inmortality,sanguino,96,paladin,retribution,6,1,5
17548,Fatalism,draenor,96,paladin,retribution,6,1,5
17549,Ellisdee,kazzak,96,paladin,retribution,6,1,5
17550,Leoniidas,cthun,96,paladin,retribution,6,1,5
17551,Celsia,blackrock,96,paladin,retribution,6,1,5
17552,Scorebit,draenor,96,paladin,retribution,6,1,5
17553,Päyback,nagrand,96,paladin,retribution,6,1,5
17554,Lezoom,draenor,96,paladin,retribution,6,1,5
17555,Xôpâl,kazzak,96,paladin,retribution,6,1,5
17556,Notingvar,doomhammer,96,paladin,retribution,6,1,5
17557,Holyloa,laughing-skull,96,paladin,retribution,6,1,5
17558,Блейзр,ashenvale,96,paladin,retribution,6,1,5
17559,Ansonia,ravencrest,96,paladin,retribution,6,1,5
17560,Lowfi,argent-dawn,96,paladin,retribution,6,1,5
17561,Taraniah,argent-dawn,96,paladin,retribution,6,1,5
17562,Traxxces,ravencrest,96,paladin,retribution,6,1,5
17563,Xanrian,kazzak,96,paladin,retribution,6,1,5
17564,Møg,blackrock,96,paladin,retribution,6,1,5
17565,Graphpora,argent-dawn,96,paladin,retribution,6,1,5
17566,Akagami,ysondre,96,paladin,retribution,6,1,5
17567,Мэркес,fordragon,96,paladin,retribution,6,1,5
17568,Trwwsano,stormscale,96,paladin,retribution,6,1,5
17569,Palamaister,stormscale,96,paladin,retribution,6,1,5
17570,Serberen,ravencrest,96,paladin,retribution,6,1,5
17571,Elbígotes,dun-modr,96,paladin,retribution,6,1,5
17572,Ashreaver,burning-legion,96,paladin,retribution,6,1,5
17573,Холишокович,deathweaver,96,paladin,retribution,6,1,5
17574,Destya,eredar,96,paladin,retribution,6,1,5
17575,Эльтарус,soulflayer,96,paladin,retribution,6,1,5
17576,Skarium,hyjal,96,paladin,retribution,6,1,5
17577,Pussas,burning-legion,96,paladin,retribution,6,1,5
17578,Фатумм,howling-fjord,96,paladin,retribution,6,1,5
17579,Старыйграф,gordunni,96,paladin,retribution,6,1,5
17580,Vokesh,silvermoon,96,paladin,retribution,6,1,5
17581,Popolelo,dun-modr,96,paladin,retribution,6,1,5
17582,Dawnbringer,stormscale,96,paladin,retribution,6,1,5
17583,Bobsing,silvermoon,96,paladin,retribution,6,1,5
17584,Dänie,silvermoon,96,paladin,retribution,6,1,5
17585,Моррзито,soulflayer,96,paladin,retribution,6,1,5
17586,Hiilton,silvermoon,96,paladin,retribution,6,1,5
17587,Miawyn,blackmoore,96,paladin,retribution,6,1,5
17588,Tíríón,nethersturm,96,paladin,retribution,6,1,5
17589,Stabilisator,blackrock,96,paladin,retribution,6,1,5
17590,Vindorus,archimonde,96,paladin,retribution,6,1,5
17591,Monmo,emerald-dream,96,paladin,retribution,6,1,5
17592,Friemelaar,silvermoon,96,paladin,retribution,6,1,5
17593,Lagrops,chants-éternels,96,paladin,retribution,6,1,5
17594,Жмышенко,gordunni,96,paladin,retribution,6,1,5
17595,Shanilia,argent-dawn,96,paladin,retribution,6,1,5
17596,Nîcolascage,stormscale,96,paladin,retribution,6,1,5
17597,Bôomayé,archimonde,96,paladin,retribution,6,1,5
17598,Flashyo,archimonde,96,paladin,retribution,6,1,5
17599,Valiscar,antonidas,96,paladin,retribution,6,1,5
17600,Azhrei,archimonde,96,paladin,retribution,6,1,5
17601,Battlelord,terokkar,96,paladin,retribution,6,1,5
17602,Yaloh,sylvanas,96,paladin,retribution,6,1,5
17603,Светиздырки,howling-fjord,96,paladin,retribution,6,1,5
17604,Пилоттыч,gordunni,96,paladin,retribution,6,1,5
17605,Thaderyl,auchindoun,96,paladin,retribution,6,1,5
17606,Hølyshøckz,blackmoore,96,paladin,retribution,6,1,5
17607,Prínce,blackmoore,96,paladin,retribution,6,1,5
17608,Évo,drakthul,96,paladin,retribution,6,1,5
17609,Jûliâ,archimonde,96,paladin,retribution,6,1,5
17610,Nijówka,burning-legion,96,paladin,retribution,6,1,5
17611,Palachdinka,drakthul,96,paladin,retribution,6,1,5
17612,Steelrose,auchindoun,96,paladin,retribution,6,1,5
17613,Nexo,bloodscalp,96,paladin,retribution,6,1,5
17614,Zandathor,chamber-of-aspects,96,paladin,retribution,6,1,5
17615,Rataxes,stormreaver,96,paladin,retribution,6,1,5
17616,Aion,chamber-of-aspects,96,paladin,retribution,6,1,5
17617,Tamuz,chamber-of-aspects,96,paladin,retribution,6,1,5
17618,Aluzza,sylvanas,96,paladin,retribution,6,1,5
17619,Karo,wildhammer,96,paladin,retribution,6,1,5
17620,Tozzey,defias-brotherhood,96,paladin,retribution,6,1,5
17621,Bráders,thunderhorn,96,paladin,retribution,6,1,5
17622,Naska,nemesis,96,paladin,retribution,6,1,5
17623,Methynox,khaz-modan,96,paladin,retribution,6,1,5
17624,Fraubest,antonidas,96,paladin,retribution,6,1,5
17625,Zeroskills,tarren-mill,96,paladin,retribution,6,1,5
17626,Hyggë,sanguino,96,paladin,retribution,6,1,5
17627,Saedrick,nemesis,96,paladin,retribution,6,1,5
17628,Highlòrd,silvermoon,96,paladin,retribution,6,1,5
17629,Blakethorn,silvermoon,96,paladin,retribution,6,1,5
17630,Szaporító,ragnaros,96,paladin,retribution,6,1,5
17631,Paladzor,twisting-nether,96,paladin,retribution,6,1,5
17632,Késha,malganis,96,paladin,retribution,6,1,5
17633,Kambood,twisting-nether,96,paladin,retribution,6,1,5
17634,Zarifence,ragnaros,96,paladin,retribution,6,1,5
17635,Omranator,stormscale,96,paladin,retribution,6,1,5
17636,Slipoj,blackhand,96,paladin,retribution,6,1,5
17637,Aggressìon,twisting-nether,96,paladin,retribution,6,1,5
17638,Pianiste,sinstralis,96,paladin,retribution,6,1,5
17639,Atacan,twisting-nether,96,paladin,retribution,6,1,5
17640,Phlakorn,blackhand,96,paladin,retribution,6,1,5
17641,Defuzes,twisting-nether,96,paladin,retribution,6,1,5
17642,Eylina,ragnaros,96,paladin,retribution,6,1,5
17643,Crawini,ragnaros,96,paladin,retribution,6,1,5
17644,Azmocore,blackhand,96,paladin,retribution,6,1,5
17645,Ragie,twisting-nether,96,paladin,retribution,6,1,5
17646,Sâfcon,eredar,96,paladin,retribution,7,1,6
17647,Borons,silvermoon,96,paladin,retribution,9,1,8
17648,Xvoodoo,antonidas,96,paladin,retribution,11,1,10
17649,Agrkan,defias-brotherhood,96,paladin,retribution,11,1,10
17650,Jaexpaladin,draenor,96,paladin,retribution,12,1,11
17651,Dodgemyhoj,kazzak,96,paladin,retribution,12,1,11
17652,Kavíár,kazzak,96,paladin,retribution,12,1,11
17653,Lylu,aggramar,96,paladin,retribution,12,1,11
17654,Kaelorian,silvermoon,96,paladin,retribution,12,1,11
17655,Jayce,durotan,96,paladin,retribution,12,1,11
17656,Purgator,sanguino,96,paladin,retribution,12,1,11
17657,Fenik,dun-modr,96,paladin,retribution,12,1,11
17658,Pepegasensei,ravencrest,96,paladin,retribution,12,1,11
17659,Mâttyy,stormscale,96,paladin,retribution,12,1,11
17660,Snakedubaby,blackrock,96,paladin,retribution,12,1,11
17661,Nauy,korgall,96,paladin,retribution,12,1,11
17662,Charlybrown,archimonde,95,paladin,retribution,6,1,5
17663,Uriziel,the-shatar,95,paladin,retribution,6,1,5
17664,Émøùki,dalaran,79,paladin,retribution,5,1,4
17665,Rhauk,dun-modr,79,paladin,retribution,5,1,4
17666,Pastaflwras,twisting-nether,64,paladin,retribution,4,1,3
17667,Snobypala,onyxia,64,paladin,retribution,4,1,3
17668,Emakk,darksorrow,63,paladin,retribution,2,2,0
17669,Lafrogge,culte-de-la-rive-noire,48,paladin,retribution,3,1,2
17670,Leköngen,ravencrest,48,paladin,retribution,3,1,2
17671,Reliikt,blackrock,48,paladin,retribution,3,1,2
17672,Doruk,stormscale,48,paladin,retribution,9,1,8
17673,Окилан,gordunni,42,paladin,retribution,9,2,7
17674,Moraru,neptulon,42,paladin,retribution,10,2,8
17675,Alïstia,archimonde,42,paladin,retribution,10,2,8
17676,Böserbube,tarren-mill,42,paladin,retribution,13,2,11
17677,Кранштейн,gordunni,31,paladin,retribution,2,1,1
17678,Irondawg,rajaxx,31,paladin,retribution,8,1,7
17679,Davidas,drakthul,16,paladin,retribution,1,1,0
17680,Exødius,sinstralis,16,paladin,retribution,1,1,0
17681,Паланр,fordragon,16,paladin,retribution,1,1,0
17682,Arbuzno,draenor,1955,paladin,protection,66,48,18
17683,Sterben,aegwynn,1750,paladin,protection,72,35,37
17684,Leotheron,boulderfist,1736,paladin,protection,180,114,66
17685,Âmba,blackrock,1717,paladin,protection,54,33,21
17686,Гниленький,razuvious,1712,paladin,protection,29,20,9
17687,Sartshield,aerie-peak,1694,paladin,protection,30,18,12
17688,Maximumtaste,ravencrest,1662,paladin,protection,30,22,8
17689,Elitest,hyjal,1560,paladin,protection,195,75,120
17690,Schrikii,archimonde,1556,paladin,protection,72,44,28
17691,Collinnawin,aegwynn,1550,paladin,protection,189,96,93
17692,Phlakorn,blackhand,1514,paladin,protection,36,22,14
17693,Силугор,soulflayer,1498,paladin,protection,48,26,22
17694,Gabubex,tarren-mill,1482,paladin,protection,135,83,52
17695,Haringoth,argent-dawn,1448,paladin,protection,54,29,25
17696,Justífiéd,kazzak,1430,paladin,protection,30,15,15
17697,Galevar,argent-dawn,1416,paladin,protection,134,65,69
17698,Lóu,hyjal,1408,paladin,protection,35,20,15
17699,Ðivine,stormscale,1371,paladin,protection,66,30,36
17700,Medium,frostwolf,1362,paladin,protection,29,15,14
17701,Velkar,frostmane,1331,paladin,protection,82,42,40
17702,Milliemaître,elune,1315,paladin,protection,78,40,38
17703,Zerhakz,ysondre,1310,paladin,protection,78,38,40
17704,Trufetteuh,hyjal,1283,paladin,protection,178,90,88
17705,Ichbin,sanguino,1282,paladin,protection,101,41,60
17706,Jûstice,kirin-tor,1281,paladin,protection,34,15,19
17707,Бранв,gordunni,1259,paladin,protection,24,16,8
17708,Vangorn,burning-legion,1258,paladin,protection,30,15,15
17709,Augroni,antonidas,1244,paladin,protection,93,40,53
17710,Yunalêsca,mugthol,1216,paladin,protection,54,28,26
17711,Valeriu,stormreaver,1205,paladin,protection,36,14,22
17712,Xrules,blackhand,1201,paladin,protection,47,21,26
17713,Flakkson,stormscale,1194,paladin,protection,83,30,53
17714,Oldsqlmofu,blackrock,1142,paladin,protection,19,12,7
17715,Sonnywalkman,twisting-nether,1055,paladin,protection,12,11,1
17716,Statscowski,thrall,1054,paladin,protection,18,11,7
17717,Lotheriem,argent-dawn,992,paladin,protection,42,11,31
17718,Проц,soulflayer,952,paladin,protection,18,10,8
17719,Galadrion,dun-modr,768,paladin,protection,12,8,4
17720,Fumbz,alakir,767,paladin,protection,12,8,4
17721,Leadfoot,argent-dawn,763,paladin,protection,18,8,10
17722,Tíríón,nethersturm,763,paladin,protection,18,8,10
17723,Kraljevic,silvermoon,672,paladin,protection,12,7,5
17724,Ванябублгам,soulflayer,672,paladin,protection,18,7,11
17725,Tippressure,ravencrest,640,paladin,protection,10,7,3
17726,Marihuána,ragnaros,576,paladin,protection,18,6,12
17727,Ekenpala,kazzak,575,paladin,protection,12,6,6
17728,Lägolas,thrall,511,paladin,protection,11,6,5
17729,Helladin,haomarush,496,paladin,protection,13,6,7
17730,Supremerage,silvermoon,480,paladin,protection,12,5,7
17731,Onefrostyboi,defias-brotherhood,479,paladin,protection,12,5,7
17732,Whiteraven,rexxar,479,paladin,protection,12,5,7
17733,Elkka,azjolnerub,415,paladin,protection,11,5,6
17734,Fleshoflight,arathor,384,paladin,protection,6,4,2
17735,Røse,argent-dawn,384,paladin,protection,12,4,8
17736,Figustyle,archimonde,318,paladin,protection,10,4,6
17737,Zuplex,deathwing,288,paladin,protection,6,3,3
17738,Снайпик,azuregos,288,paladin,protection,6,3,3
17739,Craft,frostwolf,288,paladin,protection,6,3,3
17740,Æero,blackhand,288,paladin,protection,6,3,3
17741,Swäagg,hyjal,288,paladin,protection,6,3,3
17742,Aümagad,confrérie-du-thorium,288,paladin,protection,6,3,3
17743,Ðizzmo,bloodfeather,288,paladin,protection,12,3,9
17744,Biffle,korgall,288,paladin,protection,12,3,9
17745,Kawakai,blackrock,287,paladin,protection,12,3,9
17746,Yourmomz,kazzak,239,paladin,protection,5,3,2
17747,Синерина,blackscar,192,paladin,protection,6,2,4
17748,Derina,silvermoon,192,paladin,protection,6,2,4
17749,Arkera,blackrock,192,paladin,protection,6,2,4
17750,Emakk,darksorrow,192,paladin,protection,6,2,4
17751,Gornim,die-nachtwache,192,paladin,protection,6,2,4
17752,Quantox,frostwolf,192,paladin,protection,12,2,10
17753,Exion,ravenholdt,159,paladin,protection,5,2,3
17754,Valädar,sanguino,159,paladin,protection,5,2,3
17755,Чиксапомойка,gordunni,96,paladin,protection,6,1,5
17756,Taptreus,antonidas,96,paladin,protection,6,1,5
17757,Thôrwald,les-sentinelles,96,paladin,protection,12,1,11
17758,Bobilous,twisting-nether,79,paladin,protection,5,1,4
17759,Солошафл,howling-fjord,42,paladin,protection,12,4,8
17760,Candrä,archimonde,2213,priest,holy,96,52,44
17761,Leadeur,kazzak,2169,priest,holy,86,46,40
17762,Køzukï,ravencrest,2133,priest,holy,161,78,83
17763,Yötönyö,ravencrest,2043,priest,holy,60,32,28
17764,Výra,der-rat-von-dalaran,1939,priest,holy,71,46,25
17765,Ladá,stormscale,1939,priest,holy,138,73,65
17766,Кальвейт,deathweaver,1915,priest,holy,117,57,60
17767,Lenyp,sanguino,1902,priest,holy,138,71,67
17768,Шотыказау,blackscar,1890,priest,holy,72,40,32
17769,Grafius,stormscale,1885,priest,holy,48,26,22
17770,Лоаресс,gordunni,1868,priest,holy,72,33,39
17771,Itsmeminglee,ravencrest,1858,priest,holy,60,28,32
17772,Kunen,sanguino,1854,priest,holy,96,60,36
17773,Weezing,ysondre,1849,priest,holy,72,36,36
17774,Servêy,twisting-nether,1845,priest,holy,42,22,20
17775,Dmnz,blackrock,1840,priest,holy,75,34,41
17776,Boonlai,ravencrest,1831,priest,holy,41,21,20
17777,Yateh,blackmoore,1824,priest,holy,62,32,30
17778,Катккат,soulflayer,1823,priest,holy,48,27,21
17779,Sayne,arathor,1815,priest,holy,168,91,77
17780,Maruh,malganis,1812,priest,holy,113,60,53
17781,Eriónd,ravencrest,1811,priest,holy,66,34,32
17782,Cosines,ravencrest,1810,priest,holy,71,33,38
17783,Kaalu,frostmane,1809,priest,holy,254,131,123
17784,Muchos,blackrock,1807,priest,holy,66,31,35
17785,Bigwik,tarren-mill,1804,priest,holy,59,29,30
17786,Teatime,aegwynn,1800,priest,holy,84,42,42
17787,Imbitterx,stormscale,1777,priest,holy,30,21,9
17788,Carlitastock,eredar,1777,priest,holy,41,22,19
17789,Basilette,hyjal,1761,priest,holy,48,27,21
17790,Holyholy,stormscale,1761,priest,holy,62,24,38
17791,Мамкалол,soulflayer,1751,priest,holy,60,31,29
17792,Dolens,argent-dawn,1746,priest,holy,106,54,52
17793,Siign,ravencrest,1740,priest,holy,72,32,40
17794,Tangent,ravencrest,1737,priest,holy,68,35,33
17795,Гоплзнекст,gordunni,1724,priest,holy,246,128,118
17796,Jim,saurfang,1711,priest,holy,257,127,130
17797,Kaiikoo,ravencrest,1701,priest,holy,42,24,18
17798,Lîrana,ravencrest,1697,priest,holy,78,48,30
17799,Beatrixz,twisting-nether,1696,priest,holy,133,67,66
17800,Weezïng,ysondre,1693,priest,holy,72,40,32
17801,Psi,hakkar,1683,priest,holy,235,127,108
17802,Meanbabe,argent-dawn,1683,priest,holy,48,22,26
17803,Gladíator,blackhand,1677,priest,holy,102,58,44
17804,Phobò,blackrock,1676,priest,holy,66,30,36
17805,Kÿokó,ravencrest,1670,priest,holy,72,40,32
17806,Stickpas,ysondre,1661,priest,holy,41,18,23
17807,Alpháømegá,outland,1653,priest,holy,81,42,39
17808,Smïlë,ravencrest,1647,priest,holy,180,91,89
17809,Câlyr,ragnaros,1647,priest,holy,48,21,27
17810,Wåtrux,alakir,1640,priest,holy,226,117,109
17811,Anníng,tarren-mill,1637,priest,holy,150,86,64
17812,Çhéåtçødé,ravencrest,1637,priest,holy,48,24,24
17813,Løøney,kazzak,1635,priest,holy,36,25,11
17814,Друмги,gordunni,1635,priest,holy,54,19,35
17815,Ilenna,dun-morogh,1618,priest,holy,54,32,22
17816,Gnomemonk,stormscale,1618,priest,holy,150,74,76
17817,Adare,sanguino,1618,priest,holy,48,22,26
17818,Alchemïst,ravencrest,1617,priest,holy,46,21,25
17819,Dranbor,argent-dawn,1615,priest,holy,82,43,39
17820,Sehlia,kazzak,1613,priest,holy,138,74,64
17821,Affro,drakthul,1613,priest,holy,54,27,27
17822,Sïxsïxsïx,ravencrest,1613,priest,holy,43,21,22
17823,Shanya,thrall,1612,priest,holy,251,124,127
17824,Pigdestroyin,frostmane,1611,priest,holy,42,22,20
17825,Нубстрим,gordunni,1611,priest,holy,60,28,32
17826,Salvatíon,sanguino,1607,priest,holy,106,46,60
17827,Eox,kazzak,1602,priest,holy,42,23,19
17828,Ksn,silvermoon,1602,priest,holy,57,31,26
17829,Zxø,ravencrest,1601,priest,holy,160,88,72
17830,Aykò,blackmoore,1588,priest,holy,90,42,48
17831,Senkín,aegwynn,1584,priest,holy,143,71,72
17832,Dény,ravencrest,1573,priest,holy,102,56,46
17833,Highn,anetheron,1570,priest,holy,60,33,27
17834,Atiyesh,arthas,1568,priest,holy,153,87,66
17835,Harmónia,outland,1566,priest,holy,48,26,22
17836,Anabananaa,ravencrest,1561,priest,holy,40,24,16
17837,Elmaestrø,aegwynn,1558,priest,holy,48,25,23
17838,Calithria,kazzak,1555,priest,holy,130,67,63
17839,Goofdookie,outland,1554,priest,holy,30,18,12
17840,Xzklolz,twisting-nether,1554,priest,holy,53,26,27
17841,Xzklol,twisting-nether,1550,priest,holy,56,27,29
17842,Hiimgreen,blackhand,1546,priest,holy,42,18,24
17843,Evabae,the-maelstrom,1537,priest,holy,54,29,25
17844,Prëdz,stormscale,1536,priest,holy,124,69,55
17845,Hyonra,kazzak,1536,priest,holy,66,34,32
17846,Koíré,defias-brotherhood,1532,priest,holy,101,57,44
17847,Vregoa,twisting-nether,1532,priest,holy,36,17,19
17848,Jiffie,twisting-nether,1528,priest,holy,30,16,14
17849,Xianxia,twisting-nether,1523,priest,holy,90,41,49
17850,Divinetouch,ravencrest,1516,priest,holy,78,35,43
17851,Dokkaebì,kazzak,1514,priest,holy,135,67,68
17852,Møhammed,wrathbringer,1513,priest,holy,144,67,77
17853,Joeasaurs,ragnaros,1510,priest,holy,60,24,36
17854,Rines,thrall,1505,priest,holy,143,72,71
17855,Thalane,das-konsortium,1504,priest,holy,48,23,25
17856,Wilby,archimonde,1503,priest,holy,48,21,27
17857,Cleoana,blackhand,1500,priest,holy,30,16,14
17858,Usw,outland,1496,priest,holy,69,23,46
17859,Заволончик,blackscar,1494,priest,holy,102,48,54
17860,Suxino,stormscale,1487,priest,holy,180,93,87
17861,Stinkydog,kazzak,1486,priest,holy,178,86,92
17862,Camina,shattered-hand,1484,priest,holy,69,36,33
17863,Zlejkadlec,drakthul,1476,priest,holy,93,47,46
17864,Maah,defias-brotherhood,1471,priest,holy,80,46,34
17865,Symbolofhope,ravencrest,1460,priest,holy,117,62,55
17866,Mcdeady,tarren-mill,1454,priest,holy,42,19,23
17867,Byzzi,draenor,1443,priest,holy,42,25,17
17868,Alizeé,nazjatar,1439,priest,holy,107,57,50
17869,Lylska,stormreaver,1437,priest,holy,36,15,21
17870,Hoeneygodx,antonidas,1432,priest,holy,36,16,20
17871,Fizzlesp,tarren-mill,1425,priest,holy,30,15,15
17872,Alphacub,ragnaros,1425,priest,holy,82,36,46
17873,Phénylanine,khaz-modan,1422,priest,holy,202,105,97
17874,Mylini,silvermoon,1419,priest,holy,186,103,83
17875,Kbakå,kazzak,1419,priest,holy,78,37,41
17876,Markianos,silvermoon,1412,priest,holy,114,58,56
17877,Nastylex,magtheridon,1410,priest,holy,24,15,9
17878,Мектран,gordunni,1408,priest,holy,54,27,27
17879,Phobò,antonidas,1407,priest,holy,118,52,66
17880,Bifs,blackmoore,1405,priest,holy,50,32,18
17881,Scartay,outland,1405,priest,holy,29,15,14
17882,Вакидзачи,gordunni,1402,priest,holy,209,105,104
17883,Hmanco,burning-legion,1400,priest,holy,91,55,36
17884,Инзора,gordunni,1400,priest,holy,30,15,15
17885,Neoark,archimonde,1395,priest,holy,134,67,67
17886,Momopriesto,draenor,1395,priest,holy,42,17,25
17887,Cartøøns,ravencrest,1391,priest,holy,24,15,9
17888,Womanwonderf,ravencrest,1388,priest,holy,65,31,34
17889,Jaz,ysondre,1388,priest,holy,42,20,22
17890,Karpiest,stormscale,1386,priest,holy,48,26,22
17891,Хасгерион,gordunni,1381,priest,holy,54,23,31
17892,Cøvu,draenor,1378,priest,holy,94,41,53
17893,Madcole,blackhand,1371,priest,holy,85,43,42
17894,Seladine,ravencrest,1367,priest,holy,125,64,61
17895,Nomakprst,sanguino,1362,priest,holy,60,31,29
17896,Lómesilme,dun-modr,1359,priest,holy,107,55,52
17897,Rägà,archimonde,1357,priest,holy,67,36,31
17898,Tëmärï,ravencrest,1356,priest,holy,72,46,26
17899,Возхд,soulflayer,1356,priest,holy,48,27,21
17900,Delphina,archimonde,1356,priest,holy,119,65,54
17901,Certe,twisting-nether,1354,priest,holy,109,52,57
17902,Virginmaris,sanguino,1351,priest,holy,65,37,28
17903,Alros,elune,1346,priest,holy,54,26,28
17904,Tomassur,drakthul,1345,priest,holy,30,19,11
17905,Migam,kazzak,1341,priest,holy,54,25,29
17906,Moirgana,minahonda,1340,priest,holy,43,21,22
17907,Tyrhaa,blackmoore,1339,priest,holy,112,56,56
17908,Shizzlol,silvermoon,1339,priest,holy,30,14,16
17909,Angrk,kazzak,1338,priest,holy,42,26,16
17910,Gokumødex,outland,1337,priest,holy,30,14,16
17911,Nino,gorgonnash,1335,priest,holy,66,30,36
17912,Hara,elune,1335,priest,holy,35,15,20
17913,Ezechiel,twisting-nether,1331,priest,holy,41,25,16
17914,Ангеланика,gordunni,1330,priest,holy,29,18,11
17915,Pridepriest,twisting-nether,1329,priest,holy,72,35,37
17916,Cølï,ravencrest,1325,priest,holy,36,14,22
17917,Malkàv,hyjal,1324,priest,holy,24,14,10
17918,Libetha,ysondre,1323,priest,holy,41,23,18
17919,Orcid,chogall,1323,priest,holy,140,72,68
17920,Síuu,kazzak,1322,priest,holy,66,34,32
17921,Lasuora,nemesis,1315,priest,holy,60,26,34
17922,Asare,outland,1314,priest,holy,94,53,41
17923,Hydraximus,garrosh,1312,priest,holy,419,203,216
17924,Gloxina,argent-dawn,1305,priest,holy,66,34,32
17925,Cherron,argent-dawn,1305,priest,holy,61,27,34
17926,Brigied,turalyon,1303,priest,holy,72,36,36
17927,Nálá,nethersturm,1302,priest,holy,40,21,19
17928,Catstretch,ravencrest,1300,priest,holy,89,38,51
17929,Midycine,ysondre,1296,priest,holy,87,43,44
17930,Åluneth,kazzak,1286,priest,holy,150,74,76
17931,Fabs,laughing-skull,1283,priest,holy,30,18,12
17932,Elynä,silvermoon,1278,priest,holy,48,32,16
17933,Draconux,terenas,1273,priest,holy,48,18,30
17934,Wintercurse,twisting-nether,1272,priest,holy,52,24,28
17935,Djdesha,tarren-mill,1272,priest,holy,35,16,19
17936,Tyene,voljin,1271,priest,holy,30,16,14
17937,Zakhun,stormrage,1271,priest,holy,82,42,40
17938,Fedorah,ragnaros,1267,priest,holy,96,51,45
17939,Ethery,argent-dawn,1266,priest,holy,65,33,32
17940,Lykarion,argent-dawn,1265,priest,holy,72,37,35
17941,Эилинг,gordunni,1262,priest,holy,64,31,33
17942,Benificent,argent-dawn,1259,priest,holy,29,20,9
17943,Tudiiheals,frostwolf,1252,priest,holy,45,24,21
17944,Nosgot,earthen-ring,1251,priest,holy,66,32,34
17945,Soapie,defias-brotherhood,1249,priest,holy,24,14,10
17946,Zên,argent-dawn,1248,priest,holy,21,14,7
17947,Sisko,stormscale,1246,priest,holy,24,13,11
17948,Budgetdp,archimonde,1244,priest,holy,30,13,17
17949,Coolwnbnamex,ravencrest,1241,priest,holy,24,13,11
17950,Misscure,draenor,1238,priest,holy,82,36,46
17951,Алеброн,gordunni,1226,priest,holy,24,13,11
17952,Maybelline,ravencrest,1215,priest,holy,36,16,20
17953,Пингзеро,soulflayer,1215,priest,holy,56,23,33
17954,Neenä,ravencrest,1214,priest,holy,50,25,25
17955,Harlemsfnest,blackrock,1204,priest,holy,21,13,8
17956,Хилтихон,howling-fjord,1200,priest,holy,42,26,16
17957,Скартэикс,howling-fjord,1200,priest,holy,42,20,22
17958,Kbakå,stormscale,1193,priest,holy,65,27,38
17959,Lhyria,baelgun,1189,priest,holy,48,21,27
17960,Stàrlîght,chants-éternels,1187,priest,holy,24,13,11
17961,Dathlight,argent-dawn,1183,priest,holy,71,37,34
17962,Morrydin,stormreaver,1177,priest,holy,66,25,41
17963,Nykah,antonidas,1177,priest,holy,73,26,47
17964,Ниеса,lich-king,1174,priest,holy,110,52,58
17965,Alú,draenor,1171,priest,holy,105,48,57
17966,Torcena,garrosh,1166,priest,holy,141,70,71
17967,Meatyshaft,doomhammer,1166,priest,holy,51,19,32
17968,Asraje,eredar,1163,priest,holy,18,15,3
17969,Nemista,hyjal,1160,priest,holy,66,24,42
17970,Jaisuu,ravencrest,1152,priest,holy,18,12,6
17971,Testdeath,ravencrest,1151,priest,holy,24,12,12
17972,Stanyú,tarren-mill,1151,priest,holy,36,12,24
17973,Lyla,frostwolf,1149,priest,holy,48,27,21
17974,Преттисмайл,gordunni,1149,priest,holy,30,12,18
17975,Dúréx,sanguino,1147,priest,holy,24,18,6
17976,Lobogaust,kargath,1142,priest,holy,48,31,17
17977,Асггард,borean-tundra,1134,priest,holy,39,25,14
17978,Велост,gordunni,1132,priest,holy,24,12,12
17979,Andreel,ravencrest,1131,priest,holy,24,12,12
17980,Sodatsu,cthun,1129,priest,holy,24,12,12
17981,Nou,aegwynn,1127,priest,holy,30,12,18
17982,Sücre,dalaran,1125,priest,holy,30,16,14
17983,Sohryø,drekthar,1125,priest,holy,30,14,16
17984,Holydolly,doomhammer,1121,priest,holy,24,13,11
17985,Eazzyy,kazzak,1115,priest,holy,27,12,15
17986,Morphuz,tarren-mill,1102,priest,holy,102,44,58
17987,Anàriel,elune,1100,priest,holy,42,16,26
17988,Lazheal,khaz-modan,1099,priest,holy,17,12,5
17989,Holypowér,twisting-nether,1088,priest,holy,30,17,13
17990,Ломаюключики,gordunni,1081,priest,holy,45,22,23
17991,Nerfnerf,kazzak,1079,priest,holy,34,19,15
17992,Deeforce,argent-dawn,1072,priest,holy,97,53,44
17993,Kímbérléy,argent-dawn,1067,priest,holy,42,22,20
17994,Copperplume,ravenholdt,1067,priest,holy,60,21,39
17995,Ludriel,turalyon,1056,priest,holy,54,26,28
17996,Zen,talnivarr,1056,priest,holy,24,11,13
17997,Boomixed,twisting-nether,1055,priest,holy,18,11,7
17998,Pandakhlys,ysondre,1055,priest,holy,24,11,13
17999,Штанга,blackscar,1055,priest,holy,29,12,17
18000,Laewen,die-aldor,1054,priest,holy,45,22,23
18001,Тевтонка,goldrinn,1054,priest,holy,54,25,29
18002,Рейеан,soulflayer,1054,priest,holy,24,11,13
18003,Uro,tirion,1053,priest,holy,30,11,19
18004,Mezegis,draenor,1051,priest,holy,18,11,7
18005,Fjonnski,blackmoore,1050,priest,holy,18,11,7
18006,Gï,blackmoore,1048,priest,holy,18,11,7
18007,Ripjuice,sylvanas,1046,priest,holy,34,14,20
18008,Veurjin,uldaman,1045,priest,holy,24,11,13
18009,Leyea,kazzak,1037,priest,holy,31,15,16
18010,Türapea,draenor,1033,priest,holy,18,12,6
18011,Orcü,tarren-mill,1020,priest,holy,48,21,27
18012,Penitence,drekthar,1018,priest,holy,26,12,14
18013,Ankhepope,outland,1013,priest,holy,56,33,23
18014,Ptiteminette,archimonde,1012,priest,holy,26,12,14
18015,Kæos,blackrock,1011,priest,holy,73,31,42
18016,Covidios,twisting-nether,1005,priest,holy,69,33,36
18017,Dampfwalze,nozdormu,1002,priest,holy,38,19,19
18018,Melancholly,thunderhorn,998,priest,holy,23,13,10
18019,Baabaak,frostmane,994,priest,holy,21,14,7
18020,Alloktonos,ravencrest,994,priest,holy,92,38,54
18021,Hipnotika,nemesis,988,priest,holy,53,18,35
18022,Краббожий,greymane,987,priest,holy,29,11,18
18023,Valtessian,medivh,982,priest,holy,63,30,33
18024,Naieli,antonidas,972,priest,holy,33,16,17
18025,Siarai,pozzo-delleternità,964,priest,holy,43,21,22
18026,Ksn,argent-dawn,959,priest,holy,24,10,14
18027,Xlhealscptn,arathor,959,priest,holy,60,19,41
18028,Elinaa,die-aldor,958,priest,holy,18,10,8
18029,Kotipope,silvermoon,956,priest,holy,24,10,14
18030,Rennic,stormscale,955,priest,holy,18,10,8
18031,Sickheals,doomhammer,954,priest,holy,36,20,16
18032,Speltmor,stormscale,953,priest,holy,24,10,14
18033,Иннерон,soulflayer,951,priest,holy,94,42,52
18034,Archangel,terokkar,942,priest,holy,42,22,20
18035,Discxqt,ysondre,924,priest,holy,14,11,3
18036,Thingsy,draenor,912,priest,holy,59,27,32
18037,Zêlestia,antonidas,905,priest,holy,22,11,11
18038,Eurydike,blackrock,887,priest,holy,16,10,6
18039,Xal,drekthar,880,priest,holy,30,12,18
18040,Rhæveth,ravencrest,864,priest,holy,18,9,9
18041,Peisetti,stormscale,864,priest,holy,18,9,9
18042,Âlolexx,archimonde,863,priest,holy,12,9,3
18043,Azeeza,stormscale,863,priest,holy,12,9,3
18044,Wèèzing,ysondre,863,priest,holy,12,9,3
18045,Ankî,aegwynn,863,priest,holy,18,9,9
18046,Ghettothug,darksorrow,863,priest,holy,24,9,15
18047,Åzjol,magtheridon,862,priest,holy,24,9,15
18048,Faelvirin,aegwynn,861,priest,holy,18,9,9
18049,Emipriest,tarren-mill,861,priest,holy,23,9,14
18050,Pasqualz,ravencrest,860,priest,holy,18,9,9
18051,Hyonzy,silvermoon,859,priest,holy,24,9,15
18052,Omnissiiah,silvermoon,856,priest,holy,24,9,15
18053,Kanki,haomarush,828,priest,holy,60,25,35
18054,Infinitiy,sylvanas,827,priest,holy,18,9,9
18055,Rahela,dun-modr,793,priest,holy,17,9,8
18056,Evílz,tarren-mill,768,priest,holy,12,8,4
18057,Vitae,gorgonnash,768,priest,holy,18,8,10
18058,Ltmp,ravencrest,768,priest,holy,18,8,10
18059,Servey,twisting-nether,768,priest,holy,18,8,10
18060,Voodoo,the-maelstrom,768,priest,holy,18,8,10
18061,Ÿolo,nemesis,768,priest,holy,24,8,16
18062,Маквиэлла,howling-fjord,767,priest,holy,12,8,4
18063,Sak,uldaman,767,priest,holy,18,8,10
18064,Weedony,hyjal,766,priest,holy,18,8,10
18065,Nathamo,archimonde,762,priest,holy,18,8,10
18066,Mcmuffin,runetotem,761,priest,holy,12,8,4
18067,Melissasky,ragnaros,760,priest,holy,60,22,38
18068,Fratio,krasus,758,priest,holy,18,8,10
18069,Avinci,blackrock,757,priest,holy,18,8,10
18070,Iliridan,pozzo-delleternità,753,priest,holy,78,24,54
18071,Englishheart,auchindoun,734,priest,holy,17,8,9
18072,Valentinus,dragonmaw,702,priest,holy,26,8,18
18073,Mélínâ,blackmoore,691,priest,holy,28,9,19
18074,Willzah,outland,672,priest,holy,12,7,5
18075,Darkoul,conseil-des-ombres,672,priest,holy,12,7,5
18076,Ladderpolice,blackmoore,672,priest,holy,12,7,5
18077,Jedimind,kazzak,672,priest,holy,12,7,5
18078,Ainadaxz,ravencrest,672,priest,holy,12,7,5
18079,Гшд,gordunni,672,priest,holy,12,7,5
18080,Valinoru,silvermoon,672,priest,holy,18,7,11
18081,Penvon,ravencrest,672,priest,holy,24,7,17
18082,Yuhé,elune,671,priest,holy,12,7,5
18083,Gintøníc,blackmoore,671,priest,holy,12,7,5
18084,Nicksiz,silvermoon,669,priest,holy,18,7,11
18085,Zinary,silvermoon,667,priest,holy,18,7,11
18086,Ledarz,dun-morogh,658,priest,holy,12,7,5
18087,Maxý,ravencrest,658,priest,holy,24,7,17
18088,Avelynn,ravencrest,649,priest,holy,21,9,12
18089,Sâtânica,kelthuzad,610,priest,holy,27,8,19
18090,Blâdes,gorgonnash,589,priest,holy,17,7,10
18091,Danina,outland,576,priest,holy,12,6,6
18092,Nancey,draenor,576,priest,holy,12,6,6
18093,Иссатея,galakrond,576,priest,holy,12,6,6
18094,Yamai,thrall,576,priest,holy,12,6,6
18095,Zoophobîa,stormscale,576,priest,holy,12,6,6
18096,Bij,outland,576,priest,holy,12,6,6
18097,Darkoul,ravencrest,576,priest,holy,12,6,6
18098,Konstigadan,twisting-nether,576,priest,holy,12,6,6
18099,Найтингеилл,gordunni,576,priest,holy,12,6,6
18100,Ahilarry,tarren-mill,576,priest,holy,12,6,6
18101,Mesticore,nethersturm,576,priest,holy,18,6,12
18102,Мотд,gordunni,576,priest,holy,18,6,12
18103,Gød,magtheridon,576,priest,holy,24,6,18
18104,Waters,lightbringer,575,priest,holy,12,6,6
18105,Papadrak,kazzak,575,priest,holy,12,6,6
18106,Sîanah,archimonde,572,priest,holy,18,6,12
18107,Spàgno,nemesis,571,priest,holy,18,6,12
18108,Proxypriest,the-maelstrom,571,priest,holy,20,6,14
18109,Beatla,khaz-modan,569,priest,holy,18,6,12
18110,Dazé,ravencrest,563,priest,holy,19,9,10
18111,Bloodelfoula,draenor,563,priest,holy,18,6,12
18112,Priestxx,twilights-hammer,543,priest,holy,11,6,5
18113,Avtarra,ravencrest,510,priest,holy,16,6,10
18114,Ralek,hyjal,495,priest,holy,17,6,11
18115,Secundis,silvermoon,480,priest,holy,6,5,1
18116,Felaenna,argent-dawn,480,priest,holy,6,5,1
18117,Èlysium,grim-batol,480,priest,holy,6,5,1
18118,Nýkah,antonidas,480,priest,holy,12,5,7
18119,Quiwzx,blackrock,480,priest,holy,12,5,7
18120,Каткааткат,soulflayer,480,priest,holy,12,5,7
18121,Velenthan,ragnaros,480,priest,holy,12,5,7
18122,Mazeari,sylvanas,480,priest,holy,12,5,7
18123,Shâru,frostmourne,480,priest,holy,12,5,7
18124,Ogiez,sylvanas,480,priest,holy,12,5,7
18125,Darkoulito,dalaran,480,priest,holy,12,5,7
18126,Bamboleon,blackrock,480,priest,holy,12,5,7
18127,Jagardoden,stormscale,480,priest,holy,18,5,13
18128,Inzané,doomhammer,479,priest,holy,12,5,7
18129,Árcadoom,quelthalas,479,priest,holy,12,5,7
18130,Двакамня,soulflayer,479,priest,holy,12,5,7
18131,Alaeddin,kazzak,479,priest,holy,24,5,19
18132,Amemiya,ragnaros,478,priest,holy,12,5,7
18133,Laxara,arthas,478,priest,holy,12,5,7
18134,Applecrumßle,ragnaros,477,priest,holy,12,5,7
18135,Azaza,burning-legion,472,priest,holy,12,5,7
18136,Larisä,uldum,447,priest,holy,22,5,17
18137,Indrades,blackmoore,384,priest,holy,6,4,2
18138,Даймэн,gordunni,384,priest,holy,6,4,2
18139,Yredias,dalaran,384,priest,holy,6,4,2
18140,Skíps,sylvanas,384,priest,holy,6,4,2
18141,Arithon,blackrock,384,priest,holy,6,4,2
18142,Burnesenbois,chogall,384,priest,holy,6,4,2
18143,Shanny,kazzak,384,priest,holy,6,4,2
18144,Experimentix,silvermoon,384,priest,holy,6,4,2
18145,Elunos,blackrock,384,priest,holy,6,4,2
18146,Blazekk,sylvanas,384,priest,holy,12,4,8
18147,Sayash,chamber-of-aspects,384,priest,holy,12,4,8
18148,Zarez,stormscale,384,priest,holy,12,4,8
18149,Disillusíon,tarren-mill,384,priest,holy,12,4,8
18150,Кэндимен,gordunni,384,priest,holy,12,4,8
18151,Bebwaz,kazzak,384,priest,holy,12,4,8
18152,Dokurochan,tarren-mill,384,priest,holy,12,4,8
18153,Missdemerè,nemesis,384,priest,holy,12,4,8
18154,Gertie,blackhand,384,priest,holy,12,4,8
18155,Ripperdepip,magtheridon,384,priest,holy,12,4,8
18156,Badguymike,ragnaros,384,priest,holy,12,4,8
18157,Flurri,tarren-mill,384,priest,holy,12,4,8
18158,Skytheory,eredar,384,priest,holy,13,4,9
18159,Virgosenpai,silvermoon,384,priest,holy,18,4,14
18160,Ðlcz,blackrock,384,priest,holy,18,4,14
18161,Smolbøi,tarren-mill,384,priest,holy,18,4,14
18162,Ømegagødx,outland,384,priest,holy,18,4,14
18163,Ruebi,blackmoore,383,priest,holy,12,4,8
18164,Protegee,draenor,383,priest,holy,18,4,14
18165,Hodza,frostmane,382,priest,holy,6,4,2
18166,Sarafîsthole,ysondre,380,priest,holy,12,4,8
18167,Nxtlvl,stormscale,352,priest,holy,10,5,5
18168,Голнар,deathguard,351,priest,holy,14,5,9
18169,Shyvi,ravencrest,319,priest,holy,5,4,1
18170,Hereticroka,ysondre,288,priest,holy,6,3,3
18171,Shmoly,stormscale,288,priest,holy,6,3,3
18172,Pyropenance,twisting-nether,288,priest,holy,6,3,3
18173,Миррен,gordunni,288,priest,holy,6,3,3
18174,Drdiscospec,tarren-mill,288,priest,holy,6,3,3
18175,Hilerki,draenor,288,priest,holy,6,3,3
18176,Novella,kult-der-verdammten,288,priest,holy,6,3,3
18177,Seeyae,archimonde,288,priest,holy,6,3,3
18178,Фионыч,blackscar,288,priest,holy,6,3,3
18179,Namsolo,kazzak,288,priest,holy,6,3,3
18180,Ariyia,argent-dawn,288,priest,holy,6,3,3
18181,Arabpriest,draenor,288,priest,holy,6,3,3
18182,Jeboc,ravencrest,288,priest,holy,6,3,3
18183,ßestworld,draenor,288,priest,holy,6,3,3
18184,Hotforus,silvermoon,288,priest,holy,6,3,3
18185,Gøkumodex,tarren-mill,288,priest,holy,6,3,3
18186,Salzholy,malygos,288,priest,holy,6,3,3
18187,Bobitä,ravencrest,288,priest,holy,6,3,3
18188,Blackwidow,chromaggus,288,priest,holy,6,3,3
18189,Holyheartx,argent-dawn,288,priest,holy,6,3,3
18190,Góli,argent-dawn,288,priest,holy,6,3,3
18191,Caz,cthun,288,priest,holy,6,3,3
18192,Bambus,shattered-hand,288,priest,holy,6,3,3
18193,Goytka,tarren-mill,288,priest,holy,6,3,3
18194,Eihran,stormscale,288,priest,holy,12,3,9
18195,Javvi,sylvanas,288,priest,holy,12,3,9
18196,Fatherliam,emerald-dream,288,priest,holy,12,3,9
18197,Quami,dun-modr,288,priest,holy,12,3,9
18198,Lurri,tarren-mill,288,priest,holy,12,3,9
18199,Chibrausorus,archimonde,288,priest,holy,12,3,9
18200,Drminduskâ,ysondre,288,priest,holy,12,3,9
18201,Dotreveal,ravencrest,288,priest,holy,12,3,9
18202,Farae,arathor,288,priest,holy,24,3,21
18203,Ларуса,gordunni,287,priest,holy,6,3,3
18204,Haregnor,gorgonnash,287,priest,holy,12,3,9
18205,Lr,aszune,240,priest,holy,9,3,6
18206,Noukeé,blackrock,192,priest,holy,6,2,4
18207,Prästpojken,frostwhisper,192,priest,holy,6,2,4
18208,Lutzki,the-maelstrom,192,priest,holy,6,2,4
18209,Eyllise,ragnaros,192,priest,holy,6,2,4
18210,Korzec,dun-modr,192,priest,holy,6,2,4
18211,Ibunnyqt,aegwynn,192,priest,holy,6,2,4
18212,Discobrill,silvermoon,192,priest,holy,6,2,4
18213,Yukirito,drakthul,192,priest,holy,6,2,4
18214,Marrisa,khaz-modan,192,priest,holy,6,2,4
18215,Krematorio,twisting-nether,192,priest,holy,6,2,4
18216,Micix,tarren-mill,192,priest,holy,6,2,4
18217,Ihefyehvjrm,ravencrest,192,priest,holy,6,2,4
18218,Jinxies,twisting-nether,192,priest,holy,6,2,4
18219,Ebolaidman,ravencrest,192,priest,holy,6,2,4
18220,Priesless,sylvanas,192,priest,holy,6,2,4
18221,Dîakon,antonidas,192,priest,holy,6,2,4
18222,Келебриана,deepholm,192,priest,holy,6,2,4
18223,Dangerfred,stormscale,192,priest,holy,6,2,4
18224,Grøums,blackmoore,192,priest,holy,6,2,4
18225,Burnex,thrall,192,priest,holy,6,2,4
18226,Troedelsuppe,destromath,192,priest,holy,6,2,4
18227,Dami,defias-brotherhood,192,priest,holy,6,2,4
18228,Haxxøn,die-nachtwache,192,priest,holy,6,2,4
18229,Бранлор,howling-fjord,192,priest,holy,8,2,6
18230,Mayalolz,chogall,192,priest,holy,8,2,6
18231,Nøfear,tarren-mill,192,priest,holy,11,2,9
18232,Hónòr,sylvanas,192,priest,holy,12,2,10
18233,Meynola,ysondre,191,priest,holy,6,2,4
18234,Rankonejames,silvermoon,159,priest,holy,5,2,3
18235,Apuessii,dun-modr,159,priest,holy,5,2,3
18236,Spae,twisting-nether,138,priest,holy,11,4,7
18237,Mavisqt,draenor,128,priest,holy,4,2,2
18238,Bowie,frostwhisper,96,priest,holy,6,1,5
18239,Ximenia,eredar,96,priest,holy,6,1,5
18240,Jaatjak,ravencrest,96,priest,holy,6,1,5
18241,Эллвинг,howling-fjord,96,priest,holy,6,1,5
18242,Systerstål,twisting-nether,96,priest,holy,6,1,5
18243,Saheila,defias-brotherhood,96,priest,holy,6,1,5
18244,Ylenae,twisting-nether,96,priest,holy,6,1,5
18245,Slêq,antonidas,96,priest,holy,6,1,5
18246,Bubbleup,defias-brotherhood,96,priest,holy,6,1,5
18247,Карнотит,howling-fjord,96,priest,holy,6,1,5
18248,Itstooney,doomhammer,96,priest,holy,6,1,5
18249,Shicu,blackmoore,96,priest,holy,6,1,5
18250,Сакредлайв,gordunni,96,priest,holy,6,1,5
18251,Батлджес,gordunni,96,priest,holy,6,1,5
18252,Tÿona,hyjal,96,priest,holy,6,1,5
18253,Herwin,twisting-nether,96,priest,holy,6,1,5
18254,Isendriel,outland,96,priest,holy,6,1,5
18255,Lujka,outland,96,priest,holy,6,1,5
18256,Elessee,the-maelstrom,96,priest,holy,6,1,5
18257,Myrrha,les-sentinelles,96,priest,holy,6,1,5
18258,Nannymcfee,stormscale,96,priest,holy,6,1,5
18259,Zongiz,azjolnerub,96,priest,holy,6,1,5
18260,Pattie,ragnaros,96,priest,holy,6,1,5
18261,Remkoja,blackrock,96,priest,holy,6,1,5
18262,Laadyybirkee,blackhand,96,priest,holy,6,1,5
18263,Åme,kirin-tor,96,priest,holy,12,1,11
18264,Plaguestrike,darkspear,96,priest,holy,12,1,11
18265,Kæzm,blackrock,96,priest,holy,12,1,11
18266,Felvytwo,stormscale,96,priest,holy,12,1,11
18267,Syntara,twisting-nether,96,priest,holy,12,1,11
18268,Mswagner,outland,79,priest,holy,5,1,4
18269,Darkyos,azshara,42,priest,holy,6,2,4
18270,Bøij,pozzo-delleternità,42,priest,holy,10,2,8
18271,Gaalonikus,blackmoore,2235,priest,discipline,92,54,38
18272,Vanostsp,kazzak,2230,priest,discipline,102,56,46
18273,Jayti,ravencrest,2205,priest,discipline,115,65,50
18274,Dripcheck,draenor,2180,priest,discipline,133,73,60
18275,Èfflux,ravencrest,2172,priest,discipline,86,54,32
18276,Bedfirez,ravencrest,2161,priest,discipline,211,122,89
18277,Holypoppa,ravencrest,2145,priest,discipline,115,64,51
18278,Jtî,ravencrest,2134,priest,discipline,72,47,25
18279,Saentainen,kazzak,2133,priest,discipline,95,68,27
18280,Cylizx,stormscale,2133,priest,discipline,114,62,52
18281,Jackiqt,nemesis,2132,priest,discipline,113,73,40
18282,Moonriver,archimonde,2132,priest,discipline,66,39,27
18283,Artle,sanguino,2131,priest,discipline,83,44,39
18284,Azrpr,ravencrest,2128,priest,discipline,82,45,37
18285,Vengefulmaze,ravencrest,2124,priest,discipline,108,55,53
18286,Rébörn,tarren-mill,2123,priest,discipline,71,44,27
18287,Jidammy,ravencrest,2120,priest,discipline,80,41,39
18288,Rñd,ravencrest,2117,priest,discipline,78,40,38
18289,Shøy,nemesis,2110,priest,discipline,126,68,58
18290,Sfÿ,ysondre,2106,priest,discipline,84,43,41
18291,Swdswdswdswd,blackmoore,2105,priest,discipline,94,51,43
18292,Monopolygoat,arathor,2105,priest,discipline,111,55,56
18293,Efflúx,ravencrest,2102,priest,discipline,106,60,46
18294,Klonyaryk,ravencrest,2100,priest,discipline,78,47,31
18295,Øbserverx,stormscale,2100,priest,discipline,114,61,53
18296,Sèco,sylvanas,2085,priest,discipline,84,44,40
18297,Mentalboom,emerald-dream,2079,priest,discipline,167,86,81
18298,Duckiethotx,ragnaros,2070,priest,discipline,78,40,38
18299,Leahbtw,ravencrest,2062,priest,discipline,144,81,63
18300,Duckiethot,twisting-nether,2062,priest,discipline,160,80,80
18301,Boltygnome,blades-edge,2044,priest,discipline,72,43,29
18302,Plsdontnerf,onyxia,2039,priest,discipline,95,55,40
18303,Twinkboyx,ragnaros,2038,priest,discipline,117,59,58
18304,Thelïght,ravencrest,2034,priest,discipline,111,54,57
18305,Билетлолпро,borean-tundra,2029,priest,discipline,108,50,58
18306,Lloreen,ravencrest,2027,priest,discipline,60,36,24
18307,Ävbmârsík,kazzak,2025,priest,discipline,131,75,56
18308,Bindw,tarren-mill,2025,priest,discipline,41,22,19
18309,Faithz,ragnaros,2023,priest,discipline,84,39,45
18310,Ilumiinatrix,dun-modr,2022,priest,discipline,264,137,127
18311,Crinji,blackmoore,2021,priest,discipline,157,77,80
18312,Chasx,ravencrest,2018,priest,discipline,89,42,47
18313,Разрухаз,gordunni,2017,priest,discipline,77,43,34
18314,Релакз,soulflayer,2017,priest,discipline,84,46,38
18315,Гопикзашквар,blackscar,2017,priest,discipline,104,47,57
18316,Priestqtx,kelthuzad,2016,priest,discipline,60,34,26
18317,Wet,twisting-nether,2015,priest,discipline,90,41,49
18318,Salvinia,kelthuzad,2011,priest,discipline,96,51,45
18319,Trialight,ravencrest,2009,priest,discipline,89,57,32
18320,Хомячпочка,gordunni,2003,priest,discipline,76,40,36
18321,Pheen,kazzak,2002,priest,discipline,155,83,72
18322,Shmoly,stormscale,2001,priest,discipline,91,47,44
18323,Villagebike,shadowsong,1996,priest,discipline,36,21,15
18324,Vajadisc,twisting-nether,1993,priest,discipline,130,56,74
18325,Neverdome,ravencrest,1992,priest,discipline,188,104,84
18326,Stavfel,stormscale,1990,priest,discipline,117,63,54
18327,Djsüssi,frostwolf,1989,priest,discipline,121,56,65
18328,Dabalthazar,ravencrest,1985,priest,discipline,163,83,80
18329,Unréål,ravencrest,1985,priest,discipline,156,74,82
18330,Rhâpsødy,ravencrest,1981,priest,discipline,53,35,18
18331,Dpriesta,aegwynn,1979,priest,discipline,88,52,36
18332,Acondisc,kazzak,1977,priest,discipline,76,43,33
18333,Ekman,twisting-nether,1977,priest,discipline,128,67,61
18334,Mavisqt,draenor,1976,priest,discipline,66,36,30
18335,Oioiio,kazzak,1975,priest,discipline,84,42,42
18336,Sinetrax,tarren-mill,1973,priest,discipline,96,57,39
18337,Mercilégion,sargeras,1971,priest,discipline,66,34,32
18338,Kleot,ragnaros,1970,priest,discipline,183,93,90
18339,Lyrvanax,ravencrest,1970,priest,discipline,229,113,116
18340,Charlotten,shattered-hand,1963,priest,discipline,84,42,42
18341,Infamoussftw,drakthul,1963,priest,discipline,168,81,87
18342,Synxii,ravencrest,1961,priest,discipline,58,35,23
18343,Wetnpuffy,ravencrest,1960,priest,discipline,156,80,76
18344,Ananous,hyjal,1959,priest,discipline,109,59,50
18345,Imprøved,outland,1958,priest,discipline,90,61,29
18346,Spinebuster,frostwolf,1958,priest,discipline,78,38,40
18347,Timbsheal,tarren-mill,1956,priest,discipline,108,57,51
18348,Sleepypriest,frostmane,1951,priest,discipline,42,24,18
18349,Алинкалол,howling-fjord,1948,priest,discipline,162,96,66
18350,Primayodbain,archimonde,1947,priest,discipline,58,33,25
18351,Kekkons,sylvanas,1941,priest,discipline,119,61,58
18352,Ebuglatatrov,ravencrest,1941,priest,discipline,120,57,63
18353,Izzý,antonidas,1939,priest,discipline,42,27,15
18354,Concetto,nazjatar,1939,priest,discipline,48,27,21
18355,Mysterymucus,draenor,1938,priest,discipline,102,61,41
18356,Porkhunt,stormscale,1938,priest,discipline,90,52,38
18357,Хомяктьмы,gordunni,1938,priest,discipline,72,37,35
18358,Senga,kazzak,1937,priest,discipline,78,38,40
18359,Summerfinn,ravencrest,1937,priest,discipline,93,44,49
18360,Мамкалол,soulflayer,1936,priest,discipline,216,113,103
18361,Syreet,silvermoon,1936,priest,discipline,364,187,177
18362,Nameit,eredar,1934,priest,discipline,158,80,78
18363,Önnÿ,dun-modr,1933,priest,discipline,78,39,39
18364,Свэпи,blackscar,1929,priest,discipline,65,34,31
18365,Psyheea,stormscale,1926,priest,discipline,139,62,77
18366,Свдпро,soulflayer,1922,priest,discipline,71,33,38
18367,Akaria,kelthuzad,1922,priest,discipline,66,30,36
18368,Arthezz,ravencrest,1920,priest,discipline,92,50,42
18369,Фанпау,soulflayer,1919,priest,discipline,72,34,38
18370,Rlyeh,argent-dawn,1917,priest,discipline,60,33,27
18371,Niniell,blackmoore,1915,priest,discipline,66,43,23
18372,Фастэксп,razuvious,1915,priest,discipline,78,41,37
18373,Dermaul,kazzak,1913,priest,discipline,42,24,18
18374,Aeogon,kazzak,1913,priest,discipline,149,68,81
18375,Asanti,die-aldor,1912,priest,discipline,108,63,45
18376,ßrb,sylvanas,1912,priest,discipline,150,87,63
18377,Mswagner,outland,1907,priest,discipline,53,30,23
18378,Enteja,outland,1907,priest,discipline,406,213,193
18379,Georgeshxx,ravencrest,1903,priest,discipline,95,50,45
18380,Eliriya,thrall,1901,priest,discipline,252,131,121
18381,Kangaroogodx,ravencrest,1901,priest,discipline,78,35,43
18382,Donvyto,blackmoore,1899,priest,discipline,48,24,24
18383,Maxfly,archimonde,1898,priest,discipline,54,29,25
18384,Discishârd,ravencrest,1893,priest,discipline,117,60,57
18385,Potatojuicer,argent-dawn,1893,priest,discipline,75,38,37
18386,Rippertmepls,ravencrest,1891,priest,discipline,89,52,37
18387,Разорлайтх,gordunni,1890,priest,discipline,29,21,8
18388,Mentalist,dun-modr,1890,priest,discipline,99,42,57
18389,Ronnyvandamm,destromath,1887,priest,discipline,88,58,30
18390,Voxtwo,blackrock,1887,priest,discipline,42,26,16
18391,Xghj,sylvanas,1887,priest,discipline,72,36,36
18392,Clapped,ravencrest,1887,priest,discipline,72,32,40
18393,Nêxt,ravencrest,1884,priest,discipline,60,42,18
18394,Asdfghqwezxc,twisting-nether,1884,priest,discipline,53,30,23
18395,Neffty,aegwynn,1882,priest,discipline,114,61,53
18396,Voideffsucks,stormscale,1881,priest,discipline,60,32,28
18397,Merylle,ragnaros,1880,priest,discipline,60,29,31
18398,Ziknait,sargeras,1879,priest,discipline,48,29,19
18399,Secø,sylvanas,1873,priest,discipline,42,22,20
18400,Elethia,blackmoore,1872,priest,discipline,38,21,17
18401,Yeetedmycat,stormscale,1872,priest,discipline,66,34,32
18402,Verti,outland,1872,priest,discipline,89,41,48
18403,Imsaltyxd,tarren-mill,1871,priest,discipline,66,39,27
18404,Svakkanxd,kazzak,1871,priest,discipline,70,33,37
18405,Cdïs,tyrande,1870,priest,discipline,54,36,18
18406,Egî,azshara,1870,priest,discipline,42,20,22
18407,Интеллиджент,gordunni,1868,priest,discipline,42,24,18
18408,Sdn,twisting-nether,1868,priest,discipline,82,44,38
18409,Comedii,blackmoore,1866,priest,discipline,345,176,169
18410,Saniqt,kazzak,1865,priest,discipline,57,35,22
18411,Painchampion,draenor,1864,priest,discipline,54,23,31
18412,Rpriest,outland,1863,priest,discipline,54,32,22
18413,Gerryqt,draenor,1863,priest,discipline,48,26,22
18414,Asyncx,ravencrest,1862,priest,discipline,68,35,33
18415,Virulence,twisting-nether,1860,priest,discipline,199,113,86
18416,Flao,ravencrest,1860,priest,discipline,52,28,24
18417,Кошечка,deathguard,1860,priest,discipline,41,21,20
18418,Thalanas,ravencrest,1859,priest,discipline,158,90,68
18419,Sublab,kazzak,1859,priest,discipline,60,33,27
18420,Artìst,ravencrest,1858,priest,discipline,30,20,10
18421,Citadelle,blackmoore,1858,priest,discipline,59,36,23
18422,Мефодийприст,howling-fjord,1858,priest,discipline,102,62,40
18423,Wernou,archimonde,1858,priest,discipline,48,29,19
18424,Cdplz,archimonde,1858,priest,discipline,119,59,60
18425,Bigextendo,blackmoore,1857,priest,discipline,66,35,31
18426,Jâde,bloodhoof,1857,priest,discipline,114,56,58
18427,Unfaithful,twisting-nether,1854,priest,discipline,70,43,27
18428,Dieterdose,tarren-mill,1852,priest,discipline,44,29,15
18429,Crushmyballs,ravencrest,1852,priest,discipline,60,36,24
18430,Rynnegan,zuljin,1849,priest,discipline,72,31,41
18431,Jacknapier,kazzak,1848,priest,discipline,36,24,12
18432,Çhåosgòddess,kazzak,1848,priest,discipline,42,25,17
18433,Андерприст,soulflayer,1848,priest,discipline,128,71,57
18434,Прощайдуде,gordunni,1848,priest,discipline,53,28,25
18435,Andrë,ragnaros,1845,priest,discipline,46,29,17
18436,Jagardoden,stormscale,1845,priest,discipline,59,33,26
18437,Kuusistöö,kazzak,1845,priest,discipline,92,49,43
18438,Soyloverjuan,auchindoun,1843,priest,discipline,52,27,25
18439,Bæsts,ravencrest,1842,priest,discipline,47,35,12
18440,Minilove,ravencrest,1842,priest,discipline,36,22,14
18441,Maulerion,tarren-mill,1842,priest,discipline,92,53,39
18442,Hamsicam,frostwolf,1842,priest,discipline,116,56,60
18443,Kianprie,silvermoon,1842,priest,discipline,101,46,55
18444,Mend,tarren-mill,1841,priest,discipline,77,34,43
18445,Depridolens,argent-dawn,1840,priest,discipline,36,23,13
18446,Kàrèm,blutkessel,1839,priest,discipline,48,28,20
18447,Shîn,zirkel-des-cenarius,1839,priest,discipline,72,32,40
18448,Deadandugly,eredar,1839,priest,discipline,66,28,38
18449,Втильте,blackscar,1838,priest,discipline,138,77,61
18450,Rezzdar,lightnings-blade,1838,priest,discipline,95,49,46
18451,Sheelah,ravencrest,1838,priest,discipline,66,32,34
18452,Nasdaq,ravencrest,1837,priest,discipline,60,30,30
18453,Reflector,sunstrider,1837,priest,discipline,54,24,30
18454,Azoran,dentarg,1836,priest,discipline,72,33,39
18455,Nevercared,aegwynn,1835,priest,discipline,30,25,5
18456,Shonsized,argent-dawn,1835,priest,discipline,142,82,60
18457,Смотривнебоь,soulflayer,1835,priest,discipline,81,45,36
18458,Видзар,blackscar,1834,priest,discipline,42,27,15
18459,Alwaysøøm,kazzak,1834,priest,discipline,120,77,43
18460,Goldensp,sanguino,1834,priest,discipline,75,42,33
18461,Owrly,bladefist,1834,priest,discipline,172,88,84
18462,Azaciúx,sylvanas,1832,priest,discipline,48,29,19
18463,Yzïam,ravencrest,1832,priest,discipline,68,36,32
18464,Feeqamikka,ragnaros,1832,priest,discipline,61,32,29
18465,Карпинчо,soulflayer,1832,priest,discipline,106,50,56
18466,Rîeka,antonidas,1831,priest,discipline,54,25,29
18467,Sazuki,sylvanas,1830,priest,discipline,119,71,48
18468,Healseri,defias-brotherhood,1830,priest,discipline,120,60,60
18469,Kaizza,burning-legion,1829,priest,discipline,48,30,18
18470,Alusiepriest,ravencrest,1829,priest,discipline,164,102,62
18471,Bijaqt,blackmoore,1829,priest,discipline,54,27,27
18472,Mainputa,pozzo-delleternità,1829,priest,discipline,58,28,30
18473,Akeno,sylvanas,1829,priest,discipline,70,31,39
18474,Pradrak,eredar,1828,priest,discipline,54,31,23
18475,Chivalryy,argent-dawn,1828,priest,discipline,119,64,55
18476,Jconnelly,antonidas,1828,priest,discipline,62,32,30
18477,Ltmp,ravencrest,1827,priest,discipline,48,24,24
18478,Ostrogami,silvermoon,1827,priest,discipline,273,132,141
18479,Nadøney,hyjal,1826,priest,discipline,172,87,85
18480,Utrd,kazzak,1826,priest,discipline,191,96,95
18481,Двачх,soulflayer,1826,priest,discipline,66,32,34
18482,Nissha,stormscale,1826,priest,discipline,66,32,34
18483,Eau,quelthalas,1826,priest,discipline,64,30,34
18484,Listrix,frostmane,1826,priest,discipline,66,30,36
18485,Sinetrax,draenor,1825,priest,discipline,48,30,18
18486,Sathie,ravencrest,1825,priest,discipline,60,29,31
18487,Ayõu,ravencrest,1824,priest,discipline,60,36,24
18488,Nalakis,archimonde,1824,priest,discipline,109,62,47
18489,Src,ravencrest,1824,priest,discipline,95,54,41
18490,Collinna,aegwynn,1824,priest,discipline,105,57,48
18491,Sláin,outland,1824,priest,discipline,54,29,25
18492,Lanata,blackrock,1823,priest,discipline,60,34,26
18493,Мухаглот,soulflayer,1823,priest,discipline,71,37,34
18494,Mamaa,stormscale,1822,priest,discipline,72,40,32
18495,Tecc,draenor,1822,priest,discipline,130,65,65
18496,Bølzer,blackrock,1822,priest,discipline,132,64,68
18497,Georgesheenx,ravencrest,1822,priest,discipline,124,58,66
18498,Mèlindra,tarren-mill,1821,priest,discipline,35,28,7
18499,Билет,borean-tundra,1821,priest,discipline,42,26,16
18500,Aâraks,khaz-modan,1821,priest,discipline,134,82,52
18501,Mommymilkrx,argent-dawn,1821,priest,discipline,239,124,115
18502,Miklós,die-aldor,1821,priest,discipline,54,28,26
18503,Scaryolol,blackmoore,1821,priest,discipline,161,83,78
18504,Underdogx,eredar,1821,priest,discipline,216,105,111
18505,Flongoletta,xavius,1821,priest,discipline,54,25,29
18506,Yamai,thrall,1820,priest,discipline,42,24,18
18507,Yunusgødx,kazzak,1819,priest,discipline,102,65,37
18508,Kripteksx,ravencrest,1819,priest,discipline,47,27,20
18509,Омилая,gordunni,1819,priest,discipline,42,24,18
18510,Дорогасмеха,howling-fjord,1819,priest,discipline,66,36,30
18511,Felaenna,argent-dawn,1819,priest,discipline,139,75,64
18512,Swoptoplong,blackhand,1819,priest,discipline,493,261,232
18513,Vibéz,outland,1819,priest,discipline,54,27,27
18514,Alicanx,silvermoon,1818,priest,discipline,111,71,40
18515,Kimspriest,ragnaros,1818,priest,discipline,42,24,18
18516,Egi,lothar,1818,priest,discipline,51,27,24
18517,Monsterzx,outland,1818,priest,discipline,90,44,46
18518,Spiritina,darkmoon-faire,1817,priest,discipline,76,52,24
18519,Inhibitor,tarren-mill,1817,priest,discipline,48,29,19
18520,Holycuddles,ysondre,1817,priest,discipline,78,47,31
18521,Ashenflexj,draenor,1817,priest,discipline,226,115,111
18522,Hanniri,archimonde,1816,priest,discipline,48,28,20
18523,Aenon,argent-dawn,1816,priest,discipline,129,72,57
18524,Соникида,gordunni,1816,priest,discipline,76,39,37
18525,Semper,sylvanas,1816,priest,discipline,52,26,26
18526,Thaeres,stormscale,1816,priest,discipline,65,31,34
18527,Оченьнеочень,howling-fjord,1816,priest,discipline,72,33,39
18528,Moglimeister,blackrock,1815,priest,discipline,42,27,15
18529,Jowaba,ravencrest,1815,priest,discipline,60,38,22
18530,Виллавелл,blackscar,1815,priest,discipline,48,24,24
18531,Zyzx,blackrock,1815,priest,discipline,66,29,37
18532,Анстахоуп,grom,1814,priest,discipline,192,121,71
18533,Discusting,anachronos,1814,priest,discipline,66,34,32
18534,Jamienism,ravencrest,1814,priest,discipline,54,23,31
18535,Iwariel,blackmoore,1813,priest,discipline,102,55,47
18536,Dhassy,sanguino,1812,priest,discipline,71,44,27
18537,Debeo,ragnaros,1812,priest,discipline,75,44,31
18538,Elataqt,silvermoon,1812,priest,discipline,79,45,34
18539,Eedazap,argent-dawn,1812,priest,discipline,58,32,26
18540,ßlinkytwinky,outland,1812,priest,discipline,36,19,17
18541,Discoqt,aegwynn,1812,priest,discipline,60,30,30
18542,Isalvation,stormscale,1812,priest,discipline,78,38,40
18543,Mïserygødx,nemesis,1811,priest,discipline,84,57,27
18544,Maxmoto,blackrock,1811,priest,discipline,92,56,36
18545,Cæsifer,blackrock,1811,priest,discipline,100,55,45
18546,Leahuwu,ravencrest,1811,priest,discipline,72,37,35
18547,Miraña,kazzak,1810,priest,discipline,24,19,5
18548,Xrq,stormscale,1809,priest,discipline,36,27,9
18549,Thedisco,kazzak,1809,priest,discipline,84,56,28
18550,Kâiøxx,outland,1809,priest,discipline,73,42,31
18551,Джагонх,soulflayer,1809,priest,discipline,60,31,29
18552,Kuxk,stormscale,1809,priest,discipline,48,24,24
18553,Stola,archimonde,1809,priest,discipline,101,41,60
18554,Xutira,silvermoon,1808,priest,discipline,195,109,86
18555,Ohlinsqt,outland,1808,priest,discipline,66,36,30
18556,Aòo,twisting-nether,1808,priest,discipline,89,45,44
18557,Aprilfalls,blackmoore,1808,priest,discipline,54,25,29
18558,Råcòøñ,ravencrest,1808,priest,discipline,42,19,23
18559,Бенджаминлол,blackscar,1808,priest,discipline,42,19,23
18560,Chaxxpriest,blackrock,1808,priest,discipline,113,51,62
18561,Ÿolo,nemesis,1807,priest,discipline,80,47,33
18562,Immortalled,twisting-nether,1807,priest,discipline,144,77,67
18563,Seasonf,tarren-mill,1807,priest,discipline,60,28,32
18564,Tacochrist,kazzak,1806,priest,discipline,71,39,32
18565,Zarahard,draenor,1806,priest,discipline,120,65,55
18566,Лёнятреппер,blackscar,1806,priest,discipline,141,76,65
18567,Zeruhphin,eredar,1806,priest,discipline,54,28,26
18568,Lucksy,antonidas,1806,priest,discipline,60,31,29
18569,Brigittë,ravencrest,1806,priest,discipline,66,29,37
18570,Светжрец,blackscar,1805,priest,discipline,36,26,10
18571,Tattum,ragnaros,1805,priest,discipline,84,57,27
18572,Pricemg,thrall,1805,priest,discipline,42,26,16
18573,Andaar,ravencrest,1805,priest,discipline,60,32,28
18574,Поршкаенн,gordunni,1805,priest,discipline,60,32,28
18575,Jeanprêtre,ysondre,1805,priest,discipline,66,30,36
18576,Neems,twisting-nether,1805,priest,discipline,42,19,23
18577,Шкурюклады,gordunni,1805,priest,discipline,60,27,33
18578,Ïcön,ravencrest,1804,priest,discipline,60,43,17
18579,Priestdos,sanguino,1804,priest,discipline,48,31,17
18580,Bennyjamin,kazzak,1804,priest,discipline,74,45,29
18581,Floyyd,kazzak,1804,priest,discipline,42,24,18
18582,Nooxid,eredar,1804,priest,discipline,159,86,73
18583,Remkoja,blackrock,1804,priest,discipline,102,52,50
18584,Mafakor,ravencrest,1804,priest,discipline,138,68,70
18585,Fogel,turalyon,1803,priest,discipline,96,82,14
18586,Frëija,ravencrest,1803,priest,discipline,59,37,22
18587,Gehrke,silvermoon,1803,priest,discipline,105,51,54
18588,Ebiso,ravencrest,1803,priest,discipline,90,41,49
18589,Assiduous,stormreaver,1802,priest,discipline,40,25,15
18590,Faderfarbror,tarren-mill,1802,priest,discipline,97,59,38
18591,Галюхах,soulflayer,1802,priest,discipline,36,19,17
18592,Bassepriest,tarren-mill,1802,priest,discipline,101,53,48
18593,Sydnex,blackmoore,1801,priest,discipline,65,42,23
18594,Cx,mazrigos,1801,priest,discipline,65,42,23
18595,Shínx,illidan,1801,priest,discipline,90,52,38
18596,Artístx,twisting-nether,1801,priest,discipline,53,29,24
18597,Rngånxiety,ravencrest,1801,priest,discipline,60,28,32
18598,Зулфар,razuvious,1800,priest,discipline,48,36,12
18599,Wardshield,ravencrest,1800,priest,discipline,29,20,9
18600,Felwy,stormscale,1800,priest,discipline,48,31,17
18601,Wóllo,stormscale,1800,priest,discipline,66,36,30
18602,Mautiya,blackrock,1800,priest,discipline,96,52,44
18603,Некрогуро,gordunni,1800,priest,discipline,54,27,27
18604,Lazyx,tarren-mill,1800,priest,discipline,59,29,30
18605,Rhauru,tyrande,1800,priest,discipline,59,26,33
18606,Gothicpriest,blackrock,1799,priest,discipline,54,34,20
18607,Таравера,soulflayer,1799,priest,discipline,77,38,39
18608,Grouptherpst,draenor,1798,priest,discipline,238,117,121
18609,Gaussqt,ravencrest,1797,priest,discipline,78,39,39
18610,Bigballer,stormscale,1795,priest,discipline,51,26,25
18611,Фенджидисплх,blackscar,1795,priest,discipline,96,45,51
18612,Legiondisc,blackmoore,1794,priest,discipline,151,69,82
18613,Некронево,howling-fjord,1793,priest,discipline,45,27,18
18614,Racecar,executus,1792,priest,discipline,144,71,73
18615,Ihefyehvjrm,ravencrest,1792,priest,discipline,113,55,58
18616,Wangewover,ravencrest,1791,priest,discipline,123,66,57
18617,Tanlytwo,ravencrest,1791,priest,discipline,52,25,27
18618,Abømination,hyjal,1790,priest,discipline,105,62,43
18619,Artle,dun-modr,1789,priest,discipline,52,36,16
18620,Swiftdemise,sylvanas,1789,priest,discipline,94,42,52
18621,Touchmypink,ragnaros,1788,priest,discipline,113,52,61
18622,Hopesallgone,stormscale,1787,priest,discipline,96,58,38
18623,Dès,ravencrest,1782,priest,discipline,63,31,32
18624,Kêkwshádêzz,blackmoore,1781,priest,discipline,48,21,27
18625,Rickerstrike,stormscale,1780,priest,discipline,96,48,48
18626,Prsx,ravencrest,1780,priest,discipline,72,36,36
18627,Tiphereth,blackmoore,1777,priest,discipline,36,19,17
18628,Lakeworth,argent-dawn,1776,priest,discipline,134,61,73
18629,Нед,greymane,1775,priest,discipline,213,123,90
18630,Giggí,malganis,1774,priest,discipline,42,24,18
18631,Mndvx,sylvanas,1773,priest,discipline,80,40,40
18632,Doublefreak,draenor,1772,priest,discipline,66,41,25
18633,Hellhammer,stormreaver,1772,priest,discipline,154,82,72
18634,Уровеньб,soulflayer,1772,priest,discipline,72,36,36
18635,Spaanseslof,silvermoon,1772,priest,discipline,102,46,56
18636,Eliana,blackrock,1771,priest,discipline,49,27,22
18637,Scortie,blackrock,1771,priest,discipline,43,21,22
18638,Aêalama,argent-dawn,1770,priest,discipline,48,25,23
18639,Dállas,ravencrest,1769,priest,discipline,54,35,19
18640,Chnechnechne,outland,1769,priest,discipline,52,31,21
18641,Neliica,silvermoon,1768,priest,discipline,66,27,39
18642,Magetrainer,tarren-mill,1765,priest,discipline,60,42,18
18643,Talbyslegacý,blackmoore,1765,priest,discipline,102,56,46
18644,Deathgodx,archimonde,1765,priest,discipline,128,70,58
18645,Twinkerz,ravencrest,1764,priest,discipline,90,55,35
18646,Klered,ragnaros,1764,priest,discipline,34,20,14
18647,Flensu,stormscale,1763,priest,discipline,58,32,26
18648,Fearxyz,aegwynn,1762,priest,discipline,54,27,27
18649,Aruna,ravencrest,1761,priest,discipline,70,35,35
18650,Fitu,drakthul,1761,priest,discipline,101,50,51
18651,Lunatique,shadowsong,1760,priest,discipline,50,26,24
18652,Evpisces,archimonde,1760,priest,discipline,219,100,119
18653,Kenzah,ysondre,1759,priest,discipline,30,20,10
18654,Filthyzx,argent-dawn,1758,priest,discipline,54,27,27
18655,Ironqt,malfurion,1758,priest,discipline,112,48,64
18656,Sekker,silvermoon,1757,priest,discipline,303,161,142
18657,Giatros,kazzak,1756,priest,discipline,72,36,36
18658,Ssjfoxyo,sylvanas,1755,priest,discipline,80,37,43
18659,Dreifearfünf,arygos,1754,priest,discipline,90,50,40
18660,Merylle,outland,1751,priest,discipline,41,27,14
18661,Altruistx,ravencrest,1751,priest,discipline,54,26,28
18662,Nàlak,archimonde,1749,priest,discipline,42,21,21
18663,Hoses,twisting-nether,1749,priest,discipline,149,73,76
18664,Mindx,sylvanas,1748,priest,discipline,104,52,52
18665,Devoura,sylvanas,1746,priest,discipline,48,23,25
18666,Mystz,dun-modr,1744,priest,discipline,63,34,29
18667,Holytop,aegwynn,1740,priest,discipline,48,25,23
18668,Emryth,blackhand,1740,priest,discipline,258,131,127
18669,Øxxgodx,blackrock,1740,priest,discipline,87,43,44
18670,Xeldrania,azshara,1739,priest,discipline,41,22,19
18671,Ladderpolice,blackmoore,1739,priest,discipline,48,25,23
18672,Justyø,archimonde,1738,priest,discipline,148,88,60
18673,Lyrina,twisting-nether,1738,priest,discipline,364,199,165
18674,Антошашвп,gordunni,1737,priest,discipline,48,25,23
18675,Фокусшвд,soulflayer,1735,priest,discipline,132,68,64
18676,Elsuzette,hyjal,1734,priest,discipline,40,23,17
18677,Hukkuvahirvi,ravencrest,1733,priest,discipline,58,26,32
18678,Lilypalmer,stormscale,1731,priest,discipline,72,36,36
18679,Drillin,ravencrest,1731,priest,discipline,42,19,23
18680,Fandac,sylvanas,1730,priest,discipline,48,29,19
18681,Tÿona,hyjal,1730,priest,discipline,176,101,75
18682,Snuskong,kazzak,1730,priest,discipline,54,25,29
18683,Akzar,blackrock,1728,priest,discipline,309,164,145
18684,Anheduanna,outland,1728,priest,discipline,515,259,256
18685,Aelisendi,draenor,1727,priest,discipline,71,39,32
18686,Denunciation,argent-dawn,1727,priest,discipline,191,101,90
18687,Architectx,ravencrest,1727,priest,discipline,60,28,32
18688,Pestmorran,sylvanas,1726,priest,discipline,258,125,133
18689,Prips,bladefist,1725,priest,discipline,213,108,105
18690,Justdänce,hyjal,1723,priest,discipline,46,23,23
18691,Аскеронх,howling-fjord,1723,priest,discipline,87,41,46
18692,Holyshiiet,stormscale,1722,priest,discipline,57,36,21
18693,Blazingad,kazzak,1722,priest,discipline,161,82,79
18694,Plsdontcry,blackrock,1722,priest,discipline,54,27,27
18695,Skevitche,hyjal,1721,priest,discipline,208,108,100
18696,Healêl,sanguino,1721,priest,discipline,54,26,28
18697,Seherbazqt,twisting-nether,1720,priest,discipline,47,25,22
18698,Folelli,ysondre,1720,priest,discipline,113,58,55
18699,Smilézz,eredar,1720,priest,discipline,66,32,34
18700,Elsieexø,ravencrest,1720,priest,discipline,60,28,32
18701,Pinipom,kazzak,1719,priest,discipline,38,26,12
18702,Kedrack,draenor,1719,priest,discipline,42,27,15
18703,Hasnoaim,dun-morogh,1719,priest,discipline,48,29,19
18704,Leffie,outland,1719,priest,discipline,51,26,25
18705,Stazqt,conseil-des-ombres,1719,priest,discipline,178,89,89
18706,Eukmassus,archimonde,1719,priest,discipline,58,29,29
18707,Itayyxd,doomhammer,1719,priest,discipline,54,26,28
18708,Kàalyx,archimonde,1718,priest,discipline,66,31,35
18709,Psjk,blackrock,1717,priest,discipline,41,22,19
18710,Ödriaell,the-venture-co,1717,priest,discipline,84,43,41
18711,Cylantharia,eredar,1716,priest,discipline,102,57,45
18712,Spìrít,ghostlands,1716,priest,discipline,48,24,24
18713,Smiteyoudown,blackrock,1716,priest,discipline,42,21,21
18714,Looney,shadowsong,1715,priest,discipline,36,25,11
18715,Berseenreikä,the-venture-co,1715,priest,discipline,48,24,24
18716,Артжрец,soulflayer,1713,priest,discipline,76,43,33
18717,Mitha,tarren-mill,1713,priest,discipline,74,41,33
18718,Baptized,baelgun,1712,priest,discipline,102,47,55
18719,Hannirï,archimonde,1711,priest,discipline,89,62,27
18720,Roxeal,archimonde,1711,priest,discipline,192,107,85
18721,Dendegodx,kazzak,1711,priest,discipline,72,35,37
18722,Fuzzymerge,ravencrest,1710,priest,discipline,47,28,19
18723,Ðarkan,kaelthas,1709,priest,discipline,126,73,53
18724,Fatishcribe,twisting-nether,1709,priest,discipline,209,119,90
18725,Eagrh,ravencrest,1707,priest,discipline,147,92,55
18726,Kèvin,das-syndikat,1707,priest,discipline,71,43,28
18727,Kijhun,uldaman,1707,priest,discipline,72,40,32
18728,Priewyn,ragnaros,1707,priest,discipline,186,100,86
18729,Holó,stormscale,1707,priest,discipline,36,18,18
18730,Шаастраха,gordunni,1707,priest,discipline,67,30,37
18731,Alessana,antonidas,1705,priest,discipline,41,25,16
18732,Yukasa,silvermoon,1705,priest,discipline,78,34,44
18733,Kaldhor,ysondre,1705,priest,discipline,71,29,42
18734,Keryin,draenor,1704,priest,discipline,114,47,67
18735,Ðês,ravencrest,1703,priest,discipline,30,18,12
18736,Убикрофт,soulflayer,1703,priest,discipline,49,24,25
18737,Ampara,thrall,1703,priest,discipline,84,41,43
18738,Nintendó,sylvanas,1702,priest,discipline,42,25,17
18739,Вашачесть,gordunni,1702,priest,discipline,114,59,55
18740,Swdjack,blackrock,1702,priest,discipline,156,78,78
18741,Bekznfiend,ragnaros,1701,priest,discipline,48,22,26
18742,Babybeyle,arakarahm,1701,priest,discipline,77,35,42
18743,Gurgaue,argent-dawn,1701,priest,discipline,53,24,29
18744,Kapts,twisting-nether,1700,priest,discipline,30,18,12
18745,Kollis,twilights-hammer,1699,priest,discipline,147,76,71
18746,Abudhabi,blackhand,1699,priest,discipline,344,176,168
18747,Nancey,draenor,1699,priest,discipline,36,18,18
18748,Verjin,kazzak,1699,priest,discipline,90,36,54
18749,Jämar,archimonde,1698,priest,discipline,60,29,31
18750,Areyqt,ravencrest,1697,priest,discipline,36,22,14
18751,Gòldfinger,norgannon,1697,priest,discipline,162,76,86
18752,Døppëlápfèl,tarren-mill,1696,priest,discipline,30,20,10
18753,Echonic,aegwynn,1696,priest,discipline,159,79,80
18754,Cptisus,draenor,1696,priest,discipline,72,31,41
18755,Mixoo,throkferoth,1696,priest,discipline,95,40,55
18756,Swdommeil,aegwynn,1695,priest,discipline,48,24,24
18757,Choron,kult-der-verdammten,1694,priest,discipline,89,44,45
18758,Flào,draenor,1694,priest,discipline,42,20,22
18759,Xaey,ravencrest,1693,priest,discipline,84,45,39
18760,Лизагодх,howling-fjord,1693,priest,discipline,61,32,29
18761,Сонясоукьют,gordunni,1693,priest,discipline,54,26,28
18762,Verweven,twisting-nether,1692,priest,discipline,47,26,21
18763,Pierrebourne,blackmoore,1692,priest,discipline,48,23,25
18764,Apuessii,dun-modr,1692,priest,discipline,65,28,37
18765,Samaya,blackrock,1691,priest,discipline,92,41,51
18766,Rêstlêss,blackrock,1690,priest,discipline,65,36,29
18767,Шестьнадцать,gordunni,1689,priest,discipline,107,60,47
18768,Notnøw,silvermoon,1688,priest,discipline,35,23,12
18769,Афганский,gordunni,1688,priest,discipline,46,24,22
18770,Znàdix,silvermoon,1688,priest,discipline,234,122,112
18771,Zërøx,ysondre,1688,priest,discipline,48,18,30
18772,Hrtbrxkn,ravencrest,1687,priest,discipline,64,39,25
18773,Wérrýxs,kazzak,1687,priest,discipline,142,80,62
18774,Wraithtrippz,stormscale,1687,priest,discipline,82,42,40
18775,Syntara,twisting-nether,1686,priest,discipline,293,157,136
18776,Cyabish,twisting-nether,1686,priest,discipline,211,110,101
18777,Waaqa,outland,1686,priest,discipline,60,25,35
18778,Gajos,frostwolf,1685,priest,discipline,84,47,37
18779,Maerlene,nemesis,1684,priest,discipline,57,24,33
18780,Roshmanoff,stormscale,1683,priest,discipline,36,18,18
18781,Barackomana,blackrock,1683,priest,discipline,114,53,61
18782,Hwren,auchindoun,1682,priest,discipline,90,41,49
18783,Kevinsorbo,destromath,1681,priest,discipline,36,20,16
18784,Lizka,kazzak,1681,priest,discipline,54,26,28
18785,Marôs,antonidas,1681,priest,discipline,60,26,34
18786,Donipriest,ravencrest,1680,priest,discipline,66,39,27
18787,Ljusmor,silvermoon,1680,priest,discipline,57,33,24
18788,Swdommeil,blackrock,1680,priest,discipline,36,19,17
18789,Tricavla,frostmane,1679,priest,discipline,72,38,34
18790,Sheeash,kazzak,1679,priest,discipline,36,18,18
18791,ßrûm,archimonde,1679,priest,discipline,48,23,25
18792,Mythrixia,draenor,1678,priest,discipline,69,39,30
18793,Mohammedx,tarren-mill,1678,priest,discipline,42,19,23
18794,Sutenör,kazzak,1678,priest,discipline,108,43,65
18795,Шайтсунг,soulflayer,1677,priest,discipline,56,30,26
18796,Дъикиймвп,deepholm,1676,priest,discipline,36,20,16
18797,Clownspec,twisting-nether,1676,priest,discipline,54,26,28
18798,Holytopp,aegwynn,1675,priest,discipline,42,25,17
18799,Meltmvp,thrall,1675,priest,discipline,48,25,23
18800,Scarletstory,ravencrest,1675,priest,discipline,148,70,78
18801,Файкахохо,soulflayer,1675,priest,discipline,59,24,35
18802,Darktemplarx,magtheridon,1673,priest,discipline,36,21,15
18803,Scurrp,aegwynn,1673,priest,discipline,72,36,36
18804,Deepsea,kazzak,1673,priest,discipline,254,123,131
18805,Scarified,aggramar,1673,priest,discipline,48,23,25
18806,Eluveitieq,kazzak,1672,priest,discipline,77,44,33
18807,Devotedape,draenor,1672,priest,discipline,83,45,38
18808,Carnegi,burning-legion,1672,priest,discipline,72,39,33
18809,Ingelosi,eredar,1672,priest,discipline,190,97,93
18810,Byef,kazzak,1671,priest,discipline,56,31,25
18811,Darkshdwbrst,malorne,1670,priest,discipline,81,51,30
18812,Anotu,tarren-mill,1670,priest,discipline,36,21,15
18813,Zaak,kazzak,1670,priest,discipline,59,26,33
18814,Traxtoor,tarren-mill,1669,priest,discipline,33,23,10
18815,Csúforck,ragnaros,1669,priest,discipline,48,26,22
18816,Jøjmenejøj,ravencrest,1669,priest,discipline,49,25,24
18817,Norganp,die-aldor,1668,priest,discipline,74,40,34
18818,Eyllise,ragnaros,1668,priest,discipline,202,108,94
18819,Luckystar,grim-batol,1668,priest,discipline,59,31,28
18820,Nocdsusage,draenor,1668,priest,discipline,196,98,98
18821,Yugata,archimonde,1668,priest,discipline,51,21,30
18822,Lindvorm,tarren-mill,1667,priest,discipline,120,61,59
18823,Efeslol,dun-modr,1667,priest,discipline,132,66,66
18824,Kevokko,silvermoon,1667,priest,discipline,54,23,31
18825,Nolnilian,archimonde,1666,priest,discipline,42,23,19
18826,Nzothapostle,baelgun,1666,priest,discipline,93,43,50
18827,Loví,twisting-nether,1666,priest,discipline,48,22,26
18828,Salvatíon,sanguino,1666,priest,discipline,236,105,131
18829,Bambus,shattered-hand,1665,priest,discipline,36,23,13
18830,Trntypr,senjin,1665,priest,discipline,84,48,36
18831,Xzep,archimonde,1665,priest,discipline,151,75,76
18832,Gehrketwo,silvermoon,1664,priest,discipline,42,24,18
18833,Worldgamer,blackrock,1664,priest,discipline,84,43,41
18834,Duelistfied,blackrock,1664,priest,discipline,39,19,20
18835,Cnqz,archimonde,1664,priest,discipline,48,23,25
18836,Alahkazam,alakir,1663,priest,discipline,56,24,32
18837,Eyecry,sylvanas,1662,priest,discipline,69,38,31
18838,Xraid,blackmoore,1662,priest,discipline,42,23,19
18839,Sikaanyo,blackhand,1662,priest,discipline,66,35,31
18840,Ðiiez,ysondre,1662,priest,discipline,39,20,19
18841,Jibrael,draenor,1662,priest,discipline,78,39,39
18842,Cätälin,twisting-nether,1662,priest,discipline,181,88,93
18843,Kaksel,blackrock,1661,priest,discipline,72,38,34
18844,Obbdasknob,ravencrest,1661,priest,discipline,52,27,25
18845,Slimcharles,ravencrest,1660,priest,discipline,201,108,93
18846,Алеброн,gordunni,1660,priest,discipline,54,25,29
18847,Nihpolz,ragnaros,1659,priest,discipline,57,32,25
18848,Twosugars,sylvanas,1659,priest,discipline,120,65,55
18849,Krystynal,archimonde,1659,priest,discipline,47,24,23
18850,Lorimac,dun-modr,1659,priest,discipline,159,78,81
18851,Trashedd,outland,1659,priest,discipline,75,32,43
18852,Holymoly,talnivarr,1659,priest,discipline,96,40,56
18853,Seranà,hyjal,1658,priest,discipline,96,51,45
18854,Xangha,burning-legion,1658,priest,discipline,234,120,114
18855,Trevorlahey,draenor,1658,priest,discipline,48,24,24
18856,Naphell,outland,1658,priest,discipline,90,43,47
18857,Dispelgodxx,eredar,1658,priest,discipline,54,25,29
18858,Ew,shattered-halls,1658,priest,discipline,58,26,32
18859,Mobcal,twisting-nether,1658,priest,discipline,48,19,29
18860,Nyxoqtxd,ravencrest,1657,priest,discipline,76,43,33
18861,Glyss,draenor,1657,priest,discipline,66,36,30
18862,Kahir,ravencrest,1657,priest,discipline,64,34,30
18863,Krottus,antonidas,1657,priest,discipline,53,28,25
18864,Assacine,aegwynn,1657,priest,discipline,59,31,28
18865,Karanas,archimonde,1657,priest,discipline,42,21,21
18866,Приствалера,howling-fjord,1657,priest,discipline,207,103,104
18867,Toxp,kazzak,1657,priest,discipline,68,30,38
18868,Kaleycuoco,blackrock,1656,priest,discipline,78,36,42
18869,Эвэргарден,eversong,1655,priest,discipline,54,20,34
18870,Wasnezov,blackhand,1654,priest,discipline,82,39,43
18871,Hexonite,burning-legion,1653,priest,discipline,42,25,17
18872,Йефа,gordunni,1653,priest,discipline,42,23,19
18873,Ayoutbt,ravencrest,1652,priest,discipline,42,22,20
18874,Tryhàrdx,stormscale,1652,priest,discipline,54,25,29
18875,Blackbertha,ravencrest,1652,priest,discipline,144,66,78
18876,Inoru,stormreaver,1651,priest,discipline,114,60,54
18877,Pedopräst,stormscale,1650,priest,discipline,72,39,33
18878,Расспутана,howling-fjord,1650,priest,discipline,241,124,117
18879,Shallteár,doomhammer,1650,priest,discipline,174,86,88
18880,Olurin,rajaxx,1650,priest,discipline,60,25,35
18881,Spbosse,aszune,1649,priest,discipline,42,28,14
18882,Arlekin,ravencrest,1649,priest,discipline,72,47,25
18883,Zoophobîa,stormscale,1649,priest,discipline,42,22,20
18884,Violentha,kazzak,1649,priest,discipline,96,50,46
18885,Элишана,deathguard,1649,priest,discipline,111,54,57
18886,Wonderdispel,ragnaros,1649,priest,discipline,78,31,47
18887,Chèéks,kazzak,1648,priest,discipline,72,43,29
18888,Cathocrasty,draenor,1648,priest,discipline,81,46,35
18889,Angrypiex,stormscale,1648,priest,discipline,41,21,20
18890,Joeelz,blackmoore,1647,priest,discipline,36,25,11
18891,Sills,twisting-nether,1647,priest,discipline,53,23,30
18892,Følísh,hyjal,1646,priest,discipline,54,38,16
18893,Tøxicboy,ravencrest,1646,priest,discipline,89,48,41
18894,Qhub,sylvanas,1646,priest,discipline,114,59,55
18895,Watchmedark,ravencrest,1646,priest,discipline,42,21,21
18896,Yugemilkers,kazzak,1646,priest,discipline,85,42,43
18897,Mopriest,eredar,1645,priest,discipline,38,24,14
18898,Gepeitschter,frostwolf,1645,priest,discipline,120,64,56
18899,Ptrspriest,twisting-nether,1645,priest,discipline,54,27,27
18900,Horrðr,kazzak,1644,priest,discipline,96,54,42
18901,Rmt,darksorrow,1644,priest,discipline,42,23,19
18902,Rezzurrectum,doomhammer,1644,priest,discipline,63,34,29
18903,Cinnamoroll,ravencrest,1642,priest,discipline,54,26,28
18904,Walkmydome,twisting-nether,1641,priest,discipline,144,73,71
18905,Virdeo,aegwynn,1641,priest,discipline,48,24,24
18906,Репабликуес,gordunni,1641,priest,discipline,36,18,18
18907,Duqes,stormreaver,1640,priest,discipline,24,19,5
18908,Xtracheesy,ragnaros,1640,priest,discipline,72,45,27
18909,Fluvnidi,ravencrest,1640,priest,discipline,66,38,28
18910,Vigodis,alleria,1638,priest,discipline,150,83,67
18911,Dzyxx,ravencrest,1638,priest,discipline,42,23,19
18912,Mantra,blackmoore,1638,priest,discipline,42,23,19
18913,Coqa,blackrock,1638,priest,discipline,36,19,17
18914,Zanshin,ravencrest,1637,priest,discipline,29,18,11
18915,Legitha,blackmoore,1637,priest,discipline,39,22,17
18916,Vorynax,silvermoon,1637,priest,discipline,56,31,25
18917,Gimeurgold,aegwynn,1637,priest,discipline,42,21,21
18918,Schlämpie,blackmoore,1637,priest,discipline,67,29,38
18919,Mentaldeadp,draenor,1636,priest,discipline,82,50,32
18920,Randmbare,nemesis,1636,priest,discipline,36,21,15
18921,Ванальная,soulflayer,1636,priest,discipline,42,21,21
18922,Milania,ravencrest,1636,priest,discipline,118,57,61
18923,Tylér,stormscale,1634,priest,discipline,48,29,19
18924,Yûnalescá,blackmoore,1634,priest,discipline,82,44,38
18925,Аая,blackscar,1634,priest,discipline,96,49,47
18926,Amtoxic,stormscale,1634,priest,discipline,311,155,156
18927,Fatalx,grim-batol,1634,priest,discipline,46,21,25
18928,Trolldý,outland,1633,priest,discipline,36,21,15
18929,Savagex,dun-modr,1633,priest,discipline,96,50,46
18930,Аэтпио,soulflayer,1633,priest,discipline,54,23,31
18931,Yameru,stormreaver,1633,priest,discipline,60,22,38
18932,Misántropo,dun-modr,1632,priest,discipline,59,38,21
18933,Sakulus,malganis,1632,priest,discipline,42,21,21
18934,Ahpøual,archimonde,1632,priest,discipline,168,82,86
18935,Snutz,draenor,1631,priest,discipline,42,21,21
18936,Ankus,tarren-mill,1631,priest,discipline,48,23,25
18937,Zloyvrach,ravencrest,1630,priest,discipline,54,25,29
18938,Vregoa,twisting-nether,1629,priest,discipline,71,42,29
18939,Bebwaz,kazzak,1629,priest,discipline,60,33,27
18940,Могулас,soulflayer,1629,priest,discipline,251,132,119
18941,Èzì,burning-legion,1629,priest,discipline,76,38,38
18942,Rankoneprazt,stormscale,1629,priest,discipline,47,22,25
18943,Acidrops,hyjal,1629,priest,discipline,48,22,26
18944,Frojka,outland,1629,priest,discipline,42,19,23
18945,Japral,blackhand,1628,priest,discipline,36,25,11
18946,Beabanane,aegwynn,1628,priest,discipline,91,44,47
18947,Leviakerman,blackrock,1628,priest,discipline,42,18,24
18948,Шатолюгран,soulflayer,1627,priest,discipline,82,55,27
18949,Zehakky,tarren-mill,1627,priest,discipline,91,56,35
18950,Yënâs,hyjal,1627,priest,discipline,97,59,38
18951,Sølvfox,stormscale,1627,priest,discipline,42,25,17
18952,Aleluia,alonsus,1627,priest,discipline,99,43,56
18953,Хомие,soulflayer,1626,priest,discipline,85,44,41
18954,Élsias,blackmoore,1626,priest,discipline,42,21,21
18955,Eestpr,tarren-mill,1626,priest,discipline,45,20,25
18956,Discxqt,ysondre,1625,priest,discipline,83,51,32
18957,Asgà,stormscale,1625,priest,discipline,30,17,13
18958,Pepeflex,draenor,1625,priest,discipline,79,38,41
18959,Demora,ysondre,1624,priest,discipline,24,17,7
18960,Strawhât,eredar,1624,priest,discipline,47,27,20
18961,Luuña,ravencrest,1624,priest,discipline,161,92,69
18962,Garsdal,tarren-mill,1624,priest,discipline,78,43,35
18963,Títarie,aegwynn,1624,priest,discipline,36,19,17
18964,Пристижнаяя,gordunni,1624,priest,discipline,50,25,25
18965,Alicewhydel,blackhand,1624,priest,discipline,46,23,23
18966,Farae,arathor,1624,priest,discipline,44,19,25
18967,Fricia,zuljin,1623,priest,discipline,65,38,27
18968,Artist,outland,1623,priest,discipline,30,17,13
18969,Illuminarexo,sylvanas,1623,priest,discipline,71,36,35
18970,Djleffe,stormscale,1622,priest,discipline,39,23,16
18971,Mnu,blackrock,1622,priest,discipline,52,30,22
18972,Мплехибои,gordunni,1622,priest,discipline,54,30,24
18973,Feed,burning-legion,1622,priest,discipline,84,45,39
18974,Кролс,gordunni,1622,priest,discipline,42,22,20
18975,Såra,ravencrest,1622,priest,discipline,48,22,26
18976,Двелегитоп,howling-fjord,1621,priest,discipline,36,23,13
18977,Zinzor,archimonde,1621,priest,discipline,61,37,24
18978,Líluqt,sanguino,1621,priest,discipline,30,17,13
18979,Babybelle,arakarahm,1621,priest,discipline,61,33,28
18980,Lethalhealz,outland,1621,priest,discipline,194,102,92
18981,Mindfiend,stormscale,1621,priest,discipline,81,37,44
18982,Mautijr,blackrock,1620,priest,discipline,284,153,131
18983,Zuniqa,die-aldor,1620,priest,discipline,93,41,52
18984,Outtloor,twisting-nether,1619,priest,discipline,39,25,14
18985,Wifta,ravencrest,1619,priest,discipline,54,30,24
18986,Healdeal,stormscale,1619,priest,discipline,190,89,101
18987,Mønsterx,kazzak,1618,priest,discipline,64,37,27
18988,Medipack,khaz-modan,1617,priest,discipline,54,38,16
18989,Stargal,blackmoore,1617,priest,discipline,30,21,9
18990,Prost,aerie-peak,1617,priest,discipline,71,47,24
18991,Uivi,azjolnerub,1617,priest,discipline,30,17,13
18992,Cultaken,kazzak,1617,priest,discipline,58,30,28
18993,Notnowelf,silvermoon,1617,priest,discipline,48,20,28
18994,Mikeypi,laughing-skull,1616,priest,discipline,36,25,11
18995,Isweariheal,twisting-nether,1616,priest,discipline,58,37,21
18996,Blerd,eredar,1616,priest,discipline,41,23,18
18997,Saniss,tarren-mill,1616,priest,discipline,78,39,39
18998,Avgenjoyer,kazzak,1616,priest,discipline,84,41,43
18999,Krolox,blackhand,1616,priest,discipline,60,25,35
19000,Preme,blackhand,1616,priest,discipline,48,19,29
19001,Èightsix,draenor,1615,priest,discipline,161,88,73
19002,Athelsta,alleria,1615,priest,discipline,75,40,35
19003,Pshan,blackmoore,1615,priest,discipline,170,87,83
19004,Grimdream,ragnaros,1615,priest,discipline,164,82,82
19005,Awcute,kazzak,1615,priest,discipline,232,111,121
19006,Eliverax,outland,1615,priest,discipline,116,54,62
19007,Troedelsuppe,destromath,1615,priest,discipline,144,61,83
19008,Mythasz,archimonde,1615,priest,discipline,52,21,31
19009,Kavrack,dalaran,1614,priest,discipline,30,17,13
19010,Feardotexe,frostwolf,1614,priest,discipline,163,82,81
19011,Gnzysan,blackrock,1613,priest,discipline,66,39,27
19012,Jp,gorgonnash,1613,priest,discipline,42,21,21
19013,Ptsd,argent-dawn,1613,priest,discipline,72,35,37
19014,Zýgzäg,hyjal,1613,priest,discipline,172,81,91
19015,Burningheatx,kazzak,1612,priest,discipline,65,44,21
19016,Bizqit,tarren-mill,1612,priest,discipline,143,75,68
19017,Cptatonement,draenor,1612,priest,discipline,60,30,30
19018,Xoxogg,burning-blade,1611,priest,discipline,108,69,39
19019,Matwucss,outland,1611,priest,discipline,42,25,17
19020,Southyz,stormscale,1611,priest,discipline,93,53,40
19021,Enzineum,twisting-nether,1611,priest,discipline,30,17,13
19022,Verminous,ravencrest,1611,priest,discipline,68,38,30
19023,Shadowboness,twisting-nether,1611,priest,discipline,58,31,27
19024,Blazekk,sylvanas,1611,priest,discipline,72,32,40
19025,Lolylights,tarren-mill,1611,priest,discipline,48,20,28
19026,Judgementdaý,kazzak,1610,priest,discipline,30,20,10
19027,Holyblóod,kazzak,1610,priest,discipline,30,17,13
19028,Viu,eredar,1610,priest,discipline,51,22,29
19029,Zychopriest,antonidas,1610,priest,discipline,42,17,25
19030,Mcdodgens,auchindoun,1610,priest,discipline,84,32,52
19031,Yoii,nemesis,1609,priest,discipline,34,23,11
19032,Holyshiz,stormrage,1609,priest,discipline,42,24,18
19033,Fazzy,nagrand,1609,priest,discipline,76,41,35
19034,Aïezn,culte-de-la-rive-noire,1609,priest,discipline,96,44,52
19035,Grzmocillaa,burning-legion,1608,priest,discipline,42,23,19
19036,Géèk,alakir,1608,priest,discipline,52,28,24
19037,Fakecats,sargeras,1608,priest,discipline,51,22,29
19038,Softie,zuljin,1607,priest,discipline,36,23,13
19039,Bercxu,ragnaros,1607,priest,discipline,87,45,42
19040,Cizer,kazzak,1607,priest,discipline,116,57,59
19041,Felvytwo,stormscale,1607,priest,discipline,36,17,19
19042,Vqny,archimonde,1606,priest,discipline,118,69,49
19043,Llamamepadre,dun-modr,1606,priest,discipline,42,20,22
19044,Диспайзх,gordunni,1606,priest,discipline,186,88,98
19045,Anabølixx,ravencrest,1605,priest,discipline,36,23,13
19046,Saénna,burning-legion,1604,priest,discipline,44,22,22
19047,Rabbai,twisting-nether,1604,priest,discipline,42,21,21
19048,Kolinamenuss,dun-morogh,1604,priest,discipline,48,21,27
19049,Thejambura,ragnaros,1603,priest,discipline,116,71,45
19050,Veltrag,sanguino,1603,priest,discipline,54,33,21
19051,Tabaç,stormscale,1603,priest,discipline,36,21,15
19052,Mysticforces,silvermoon,1603,priest,discipline,60,28,32
19053,Хилботгодикс,borean-tundra,1602,priest,discipline,42,32,10
19054,Хеликси,gordunni,1602,priest,discipline,235,127,108
19055,Pokahonta,silvermoon,1602,priest,discipline,225,116,109
19056,Cadierna,argent-dawn,1602,priest,discipline,42,19,23
19057,Lahammy,kazzak,1601,priest,discipline,50,30,20
19058,Tritíana,blackrock,1601,priest,discipline,186,107,79
19059,Ashuramaru,drakthul,1601,priest,discipline,47,24,23
19060,Мастди,ashenvale,1601,priest,discipline,41,20,21
19061,Xîz,silvermoon,1601,priest,discipline,66,32,34
19062,Yro,gorgonnash,1601,priest,discipline,42,20,22
19063,Enzysama,sanguino,1601,priest,discipline,48,21,27
19064,Киллус,ashenvale,1601,priest,discipline,72,29,43
19065,Lgbtgodx,archimonde,1600,priest,discipline,61,45,16
19066,Ellfle,kazzak,1600,priest,discipline,42,26,16
19067,Dêrbómbêr,guldan,1600,priest,discipline,54,30,24
19068,Sinîra,frostwolf,1600,priest,discipline,110,59,51
19069,Darkprist,sanguino,1600,priest,discipline,66,34,32
19070,Interrupted,kazzak,1600,priest,discipline,66,30,36
19071,Noviriel,argent-dawn,1600,priest,discipline,47,19,28
19072,Yungblessing,stormscale,1599,priest,discipline,36,17,19
19073,Tutoress,stormscale,1597,priest,discipline,36,20,16
19074,Jhaazx,nemesis,1597,priest,discipline,155,84,71
19075,Semagdnim,aggra-português,1597,priest,discipline,51,19,32
19076,Sebikpri,ravencrest,1596,priest,discipline,60,34,26
19077,Баблби,soulflayer,1596,priest,discipline,169,73,96
19078,Aédeira,blackhand,1596,priest,discipline,47,20,27
19079,Alèxy,tarren-mill,1596,priest,discipline,48,19,29
19080,Ðæððÿsgïrl,ravencrest,1595,priest,discipline,132,67,65
19081,Fønss,sanguino,1595,priest,discipline,41,17,24
19082,Hateyeleison,burning-legion,1593,priest,discipline,48,24,24
19083,Flygar,outland,1593,priest,discipline,42,18,24
19084,Lavendertown,tarren-mill,1592,priest,discipline,38,22,16
19085,Badorange,kazzak,1592,priest,discipline,59,29,30
19086,Cyberlunatic,antonidas,1592,priest,discipline,96,45,51
19087,Hâlez,antonidas,1591,priest,discipline,332,172,160
19088,Артфуул,howling-fjord,1591,priest,discipline,36,17,19
19089,Øbz,sylvanas,1591,priest,discipline,72,31,41
19090,Nexìan,ravencrest,1588,priest,discipline,48,23,25
19091,Vänskap,kazzak,1587,priest,discipline,132,65,67
19092,Mcdced,archimonde,1587,priest,discipline,84,41,43
19093,Toba,hellscream,1585,priest,discipline,113,65,48
19094,Deathspren,stormscale,1585,priest,discipline,30,17,13
19095,Sosabgd,azjolnerub,1585,priest,discipline,30,17,13
19096,Prästpojken,frostwhisper,1585,priest,discipline,96,48,48
19097,Пустотность,gordunni,1585,priest,discipline,173,79,94
19098,Sahorie,archimonde,1584,priest,discipline,135,79,56
19099,Copperpriest,draenor,1584,priest,discipline,68,35,33
19100,Skynoxx,ragnaros,1584,priest,discipline,114,56,58
19101,Vanillå,silvermoon,1584,priest,discipline,58,28,30
19102,Dreythan,stormrage,1584,priest,discipline,74,33,41
19103,Enoriya,blackrock,1583,priest,discipline,212,119,93
19104,Liviúss,draenor,1583,priest,discipline,72,37,35
19105,Logath,archimonde,1582,priest,discipline,30,17,13
19106,Terno,sylvanas,1582,priest,discipline,160,80,80
19107,Амберис,gordunni,1581,priest,discipline,54,27,27
19108,Чилюнахиле,gordunni,1581,priest,discipline,71,23,48
19109,Kolinamenus,dun-morogh,1580,priest,discipline,126,63,63
19110,Botstyleswdx,ravencrest,1580,priest,discipline,154,70,84
19111,Fsnx,sylvanas,1578,priest,discipline,34,22,12
19112,Dreamscapez,tarren-mill,1578,priest,discipline,36,22,14
19113,Blindmymind,malganis,1578,priest,discipline,59,30,29
19114,Averagenoob,ragnaros,1578,priest,discipline,54,25,29
19115,Maccz,hyjal,1577,priest,discipline,68,32,36
19116,Соулвардинг,soulflayer,1577,priest,discipline,42,18,24
19117,Shadowfishey,grim-batol,1577,priest,discipline,42,17,25
19118,Fulgus,sanguino,1577,priest,discipline,72,28,44
19119,Dush,draenor,1576,priest,discipline,38,22,16
19120,Tuitio,blackmoore,1576,priest,discipline,65,34,31
19121,Lobbygriefer,ravencrest,1576,priest,discipline,203,102,101
19122,Parzivál,argent-dawn,1576,priest,discipline,101,44,57
19123,Флафика,deathguard,1575,priest,discipline,78,45,33
19124,Chamelthoe,the-maelstrom,1575,priest,discipline,96,47,49
19125,Люблюкофе,deathguard,1574,priest,discipline,65,32,33
19126,Gød,magtheridon,1574,priest,discipline,66,29,37
19127,Dotreveal,ravencrest,1573,priest,discipline,65,33,32
19128,Aia,tyrande,1573,priest,discipline,88,41,47
19129,Patriamore,jaedenar,1572,priest,discipline,34,18,16
19130,Nyarlatothep,boulderfist,1572,priest,discipline,148,77,71
19131,Gravebrain,draenor,1572,priest,discipline,208,100,108
19132,Wencis,kazzak,1571,priest,discipline,60,31,29
19133,Colèy,blackhand,1570,priest,discipline,126,71,55
19134,Miikkap,blackhand,1570,priest,discipline,60,29,31
19135,Hèmera,tichondrius,1568,priest,discipline,55,41,14
19136,Forcedtoheal,sylvanas,1568,priest,discipline,43,26,17
19137,Effectx,stormscale,1568,priest,discipline,72,35,37
19138,Trénboloné,tarren-mill,1567,priest,discipline,36,18,18
19139,Bengtas,ravencrest,1567,priest,discipline,53,20,33
19140,Gødsfåvørite,blackrock,1566,priest,discipline,36,17,19
19141,Denyz,blackrock,1566,priest,discipline,54,21,33
19142,Tansk,stormscale,1565,priest,discipline,132,75,57
19143,Shalvy,aegwynn,1564,priest,discipline,164,83,81
19144,Darudo,kazzak,1564,priest,discipline,96,48,48
19145,Yøløswagg,silvermoon,1564,priest,discipline,48,21,27
19146,Rasha,kazzak,1563,priest,discipline,69,41,28
19147,Tifa,ravencrest,1563,priest,discipline,60,35,25
19148,Alicanx,twisting-nether,1563,priest,discipline,84,37,47
19149,Unfaker,drakthul,1562,priest,discipline,36,23,13
19150,Hamati,blackhand,1562,priest,discipline,84,47,37
19151,Neverlandx,bladefist,1561,priest,discipline,36,21,15
19152,Hérune,outland,1561,priest,discipline,36,19,17
19153,Uo,kilrogg,1561,priest,discipline,78,40,38
19154,Nooway,kazzak,1561,priest,discipline,90,43,47
19155,Jempi,argent-dawn,1559,priest,discipline,54,31,23
19156,Рвотка,gordunni,1559,priest,discipline,124,68,56
19157,Raffá,blackhand,1559,priest,discipline,48,17,31
19158,Tremrfinger,dun-modr,1558,priest,discipline,62,38,24
19159,Нз,soulflayer,1558,priest,discipline,41,19,22
19160,Lishado,twisting-nether,1557,priest,discipline,96,49,47
19161,Пальтишко,howling-fjord,1557,priest,discipline,96,45,51
19162,Raawri,blackmoore,1557,priest,discipline,54,24,30
19163,Мэдсанван,howling-fjord,1556,priest,discipline,96,54,42
19164,Tamy,draenor,1556,priest,discipline,62,33,29
19165,Vhim,hyjal,1555,priest,discipline,52,24,28
19166,Женяшилд,howling-fjord,1555,priest,discipline,77,35,42
19167,Fearadelia,thrall,1554,priest,discipline,24,18,6
19168,Darkprofit,aegwynn,1554,priest,discipline,107,54,53
19169,Holyasprin,sylvanas,1554,priest,discipline,42,21,21
19170,Frednshield,tarren-mill,1554,priest,discipline,69,34,35
19171,Brilho,frostmane,1554,priest,discipline,87,35,52
19172,Edoran,ragnaros,1553,priest,discipline,91,49,42
19173,Рэйкар,razuvious,1553,priest,discipline,65,33,32
19174,Khâléd,kazzak,1553,priest,discipline,36,17,19
19175,Kirtarah,aegwynn,1553,priest,discipline,42,17,25
19176,Juggster,bloodhoof,1552,priest,discipline,174,91,83
19177,Простосори,gordunni,1552,priest,discipline,456,221,235
19178,Cinri,argent-dawn,1552,priest,discipline,223,108,115
19179,Cresellia,twisting-nether,1552,priest,discipline,170,81,89
19180,Freaki,blackrock,1551,priest,discipline,36,23,13
19181,Shadowbread,tarren-mill,1551,priest,discipline,36,19,17
19182,Ipâ,hyjal,1551,priest,discipline,255,114,141
19183,Korzec,dun-modr,1550,priest,discipline,108,57,51
19184,Jandice,blackrock,1550,priest,discipline,36,18,18
19185,Exoduz,stormscale,1550,priest,discipline,117,58,59
19186,Acrio,die-ewige-wacht,1550,priest,discipline,54,26,28
19187,Надийя,gordunni,1549,priest,discipline,120,68,52
19188,Evõmax,sylvanas,1549,priest,discipline,161,87,74
19189,Anaqt,silvermoon,1549,priest,discipline,76,41,35
19190,Xaerah,blackmoore,1549,priest,discipline,78,41,37
19191,Arkkinunna,outland,1549,priest,discipline,124,59,65
19192,Húlda,auchindoun,1548,priest,discipline,48,24,24
19193,Sonics,antonidas,1548,priest,discipline,66,31,35
19194,Bandulskii,twisting-nether,1548,priest,discipline,239,111,128
19195,Snusprällen,sylvanas,1547,priest,discipline,47,22,25
19196,Bubbelchên,blackhand,1547,priest,discipline,66,28,38
19197,Systerstål,twisting-nether,1546,priest,discipline,78,45,33
19198,Anarame,silvermoon,1546,priest,discipline,45,24,21
19199,Alexpriest,twisting-nether,1546,priest,discipline,175,88,87
19200,Alphabreyf,tarren-mill,1545,priest,discipline,83,43,40
19201,Holycrapx,chromaggus,1545,priest,discipline,62,32,30
19202,Sameec,drakthul,1545,priest,discipline,42,19,23
19203,Minipõppy,ravencrest,1545,priest,discipline,71,30,41
19204,Подчинись,ashenvale,1544,priest,discipline,81,49,32
19205,Diszi,norgannon,1544,priest,discipline,58,28,30
19206,Ohbenji,ravencrest,1543,priest,discipline,116,57,59
19207,Mêmphìs,twisting-nether,1543,priest,discipline,83,38,45
19208,Enimao,tarren-mill,1542,priest,discipline,37,20,17
19209,Jmp,tarren-mill,1542,priest,discipline,34,17,17
19210,Admiration,eredar,1542,priest,discipline,47,23,24
19211,Labadudala,aegwynn,1541,priest,discipline,36,26,10
19212,Enigam,alakir,1541,priest,discipline,54,33,21
19213,Mtbalt,tarren-mill,1541,priest,discipline,120,71,49
19214,Tjat,silvermoon,1540,priest,discipline,66,34,32
19215,Whiskie,twisting-nether,1540,priest,discipline,60,30,30
19216,Aestina,silvermoon,1540,priest,discipline,108,53,55
19217,Voidsnitch,antonidas,1540,priest,discipline,66,30,36
19218,Safemode,ravencrest,1539,priest,discipline,42,24,18
19219,Keyfear,kazzak,1539,priest,discipline,87,44,43
19220,Grautesk,chogall,1539,priest,discipline,48,23,25
19221,Влажныйшп,soulflayer,1538,priest,discipline,66,37,29
19222,Alesthion,silvermoon,1538,priest,discipline,80,42,38
19223,Luvdisc,ysondre,1538,priest,discipline,38,18,20
19224,Burnex,thrall,1537,priest,discipline,54,26,28
19225,Légít,argent-dawn,1537,priest,discipline,60,20,40
19226,Pehmoinen,korgall,1536,priest,discipline,40,19,21
19227,Saintpri,twisting-nether,1535,priest,discipline,96,52,44
19228,Goblex,hyjal,1535,priest,discipline,63,28,35
19229,Разрухаовнз,gordunni,1534,priest,discipline,24,16,8
19230,Майндоф,howling-fjord,1534,priest,discipline,60,34,26
19231,Discomacka,twisting-nether,1534,priest,discipline,48,26,22
19232,Buan,blackmoore,1533,priest,discipline,63,39,24
19233,Danina,outland,1532,priest,discipline,54,28,26
19234,Valnor,pozzo-delleternità,1532,priest,discipline,57,27,30
19235,Verzeichnis,thrall,1531,priest,discipline,112,67,45
19236,Фыбра,soulflayer,1531,priest,discipline,30,16,14
19237,Вилайф,galakrond,1531,priest,discipline,64,32,32
19238,Wiildsy,tarren-mill,1531,priest,discipline,53,24,29
19239,Интенси,gordunni,1531,priest,discipline,48,21,27
19240,Ectria,ravencrest,1531,priest,discipline,54,22,32
19241,Амбракадабра,blackscar,1530,priest,discipline,36,26,10
19242,Coldyxz,blackrock,1530,priest,discipline,30,16,14
19243,Swallowship,twisting-nether,1530,priest,discipline,36,16,20
19244,Targoviste,archimonde,1529,priest,discipline,343,184,159
19245,Skaliq,tarren-mill,1529,priest,discipline,69,37,32
19246,Remkojatwo,blackrock,1529,priest,discipline,30,16,14
19247,Тодохил,gordunni,1528,priest,discipline,56,27,29
19248,Gulch,blackmoore,1528,priest,discipline,54,26,28
19249,Nevor,nemesis,1528,priest,discipline,124,57,67
19250,Lowery,argent-dawn,1528,priest,discipline,36,16,20
19251,Padisonfire,blackmoore,1528,priest,discipline,42,16,26
19252,Wâneis,stormscale,1527,priest,discipline,30,18,12
19253,Rizzlerx,blackmoore,1527,priest,discipline,54,32,22
19254,Limeslayerx,veklor,1527,priest,discipline,30,17,13
19255,Dêxter,hyjal,1527,priest,discipline,102,51,51
19256,Místerbiceps,outland,1527,priest,discipline,36,16,20
19257,Pipperxp,ravencrest,1526,priest,discipline,36,23,13
19258,Árî,dun-modr,1526,priest,discipline,87,50,37
19259,Kamiyasa,blackmoore,1526,priest,discipline,48,27,21
19260,Dyliz,stormscale,1526,priest,discipline,99,50,49
19261,Scodây,blackmoore,1526,priest,discipline,182,91,91
19262,Kurt,blackrock,1526,priest,discipline,102,50,52
19263,Huffinctus,tarren-mill,1525,priest,discipline,112,59,53
19264,Nurbanu,ravencrest,1524,priest,discipline,77,49,28
19265,Whýççpèrx,ravencrest,1524,priest,discipline,30,16,14
19266,Elämäntypy,stormscale,1524,priest,discipline,90,45,45
19267,Bockx,ragnaros,1524,priest,discipline,42,16,26
19268,Chôrdi,aegwynn,1523,priest,discipline,154,76,78
19269,Виспх,eversong,1523,priest,discipline,269,120,149
19270,Tarîs,archimonde,1523,priest,discipline,66,29,37
19271,Deoxx,kazzak,1523,priest,discipline,42,16,26
19272,Lythi,eredar,1522,priest,discipline,118,52,66
19273,Ёджих,blackscar,1521,priest,discipline,109,55,54
19274,Sehek,sanguino,1521,priest,discipline,48,21,27
19275,Drxz,twilights-hammer,1520,priest,discipline,46,24,22
19276,Chrispriest,argent-dawn,1520,priest,discipline,38,18,20
19277,Mamis,anetheron,1520,priest,discipline,48,22,26
19278,Aternia,draenor,1519,priest,discipline,54,28,26
19279,Cbsad,madmortem,1518,priest,discipline,78,45,33
19280,Трихоманиаз,ashenvale,1518,priest,discipline,48,23,25
19281,Srakabot,burning-legion,1518,priest,discipline,42,18,24
19282,Laxímink,sylvanas,1518,priest,discipline,65,26,39
19283,Ssol,tarren-mill,1517,priest,discipline,49,29,20
19284,Senpumara,malganis,1517,priest,discipline,264,133,131
19285,Dtpe,kazzak,1516,priest,discipline,63,41,22
19286,Dotzey,outland,1516,priest,discipline,35,16,19
19287,Lemontea,frostwolf,1515,priest,discipline,36,21,15
19288,Kimozabi,ravencrest,1515,priest,discipline,44,25,19
19289,Babywayn,onyxia,1515,priest,discipline,104,54,50
19290,Shyria,argent-dawn,1515,priest,discipline,53,25,28
19291,Lukéy,silvermoon,1514,priest,discipline,66,33,33
19292,Anotherdisc,aegwynn,1514,priest,discipline,36,17,19
19293,Foobi,the-maelstrom,1513,priest,discipline,303,158,145
19294,Raesd,argent-dawn,1513,priest,discipline,58,30,28
19295,Kuqezi,archimonde,1513,priest,discipline,42,21,21
19296,Батямелднул,blackscar,1512,priest,discipline,36,23,13
19297,Kratzîgel,blackmoore,1512,priest,discipline,120,69,51
19298,Grêy,dun-modr,1512,priest,discipline,47,24,23
19299,Erupyks,archimonde,1512,priest,discipline,36,18,18
19300,Ciri,die-aldor,1511,priest,discipline,31,18,13
19301,Viagrà,outland,1509,priest,discipline,108,50,58
19302,Knazh,twisting-nether,1508,priest,discipline,36,20,16
19303,Cav,archimonde,1508,priest,discipline,71,33,38
19304,Asherá,kazzak,1508,priest,discipline,60,19,41
19305,Poonies,silvermoon,1507,priest,discipline,118,56,62
19306,Tinpr,sanguino,1507,priest,discipline,105,48,57
19307,Zealtron,darksorrow,1507,priest,discipline,47,19,28
19308,Lïnkz,kazzak,1506,priest,discipline,48,26,22
19309,Cryksî,eredar,1506,priest,discipline,54,29,25
19310,Исусиприст,deepholm,1506,priest,discipline,36,18,18
19311,Bolflo,khaz-modan,1505,priest,discipline,126,72,54
19312,Смайтвайфу,howling-fjord,1505,priest,discipline,54,27,27
19313,Gûardianwisp,ravencrest,1505,priest,discipline,123,61,62
19314,Mortarz,ragnaros,1505,priest,discipline,71,31,40
19315,Dench,azjolnerub,1505,priest,discipline,60,25,35
19316,Fantästic,kazzak,1504,priest,discipline,98,55,43
19317,Flurri,tarren-mill,1504,priest,discipline,120,66,54
19318,Остроухх,howling-fjord,1503,priest,discipline,70,40,30
19319,Zoe,aegwynn,1503,priest,discipline,171,90,81
19320,Xaridan,thrall,1501,priest,discipline,48,31,17
19321,Shînnøk,silvermoon,1501,priest,discipline,84,42,42
19322,Anzil,dun-modr,1501,priest,discipline,66,32,34
19323,Мэдмод,gordunni,1501,priest,discipline,77,30,47
19324,Мьюсх,deathguard,1500,priest,discipline,77,42,35
19325,Lurri,tarren-mill,1500,priest,discipline,102,52,50
19326,Cúrt,sanguino,1500,priest,discipline,60,29,31
19327,Dreamhatcher,deathwing,1500,priest,discipline,42,18,24
19328,Elwing,darkmoon-faire,1500,priest,discipline,48,18,30
19329,Laërhia,archimonde,1499,priest,discipline,48,18,30
19330,Holysheett,magtheridon,1497,priest,discipline,72,40,32
19331,Holineß,burning-blade,1496,priest,discipline,60,36,24
19332,Menda,eredar,1496,priest,discipline,112,63,49
19333,Aasgard,frostwolf,1496,priest,discipline,30,16,14
19334,Alz,rashgarroth,1496,priest,discipline,134,65,69
19335,Холиблэк,blackscar,1496,priest,discipline,36,16,20
19336,Шимату,howling-fjord,1495,priest,discipline,72,25,47
19337,Onetwo,silvermoon,1494,priest,discipline,30,18,12
19338,Drawun,burning-legion,1494,priest,discipline,116,67,49
19339,Sheshan,destromath,1494,priest,discipline,53,29,24
19340,Hïstërïä,silvermoon,1494,priest,discipline,57,28,29
19341,Blackbox,burning-legion,1494,priest,discipline,127,59,68
19342,Olio,outland,1494,priest,discipline,76,35,41
19343,Buzzy,twisting-nether,1492,priest,discipline,60,32,28
19344,Karoopi,ysondre,1492,priest,discipline,149,78,71
19345,Kanî,eredar,1491,priest,discipline,72,33,39
19346,Themistia,kazzak,1491,priest,discipline,48,20,28
19347,Aurunea,blackrock,1490,priest,discipline,45,30,15
19348,Holycrit,aszune,1490,priest,discipline,53,26,27
19349,Nêlumar,aegwynn,1490,priest,discipline,48,21,27
19350,Nahni,teldrassil,1489,priest,discipline,72,28,44
19351,Ziv,grim-batol,1488,priest,discipline,74,46,28
19352,Khazidhea,frostwolf,1488,priest,discipline,87,41,46
19353,Lerión,ravencrest,1487,priest,discipline,30,17,13
19354,Orophar,antonidas,1487,priest,discipline,53,29,24
19355,Fiskpung,draenor,1486,priest,discipline,48,28,20
19356,Nomakprst,sanguino,1486,priest,discipline,130,63,67
19357,Mewpew,azjolnerub,1486,priest,discipline,54,23,31
19358,Kåstå,archimonde,1485,priest,discipline,74,44,30
19359,Jakeow,auchindoun,1484,priest,discipline,57,31,26
19360,Klituriis,twisting-nether,1483,priest,discipline,77,41,36
19361,Akemmì,sylvanas,1482,priest,discipline,150,75,75
19362,Elûnä,ysondre,1481,priest,discipline,156,89,67
19363,Jumperlawl,khaz-modan,1481,priest,discipline,48,26,22
19364,Rikipope,ravencrest,1480,priest,discipline,42,25,17
19365,Pìkachù,stormscale,1480,priest,discipline,42,21,21
19366,Aurosa,argent-dawn,1478,priest,discipline,79,37,42
19367,Yhraeliaegh,defias-brotherhood,1478,priest,discipline,69,26,43
19368,Diarolz,sanguino,1477,priest,discipline,69,39,30
19369,Kdot,drakthul,1477,priest,discipline,48,23,25
19370,Эйвиг,blackscar,1477,priest,discipline,60,28,32
19371,Scréam,eredar,1477,priest,discipline,72,33,39
19372,Oscoolytb,archimonde,1476,priest,discipline,48,16,32
19373,Maneipriest,drakthul,1475,priest,discipline,47,26,21
19374,Апититька,soulflayer,1475,priest,discipline,84,41,43
19375,Mungam,draenor,1475,priest,discipline,57,27,30
19376,Amoxkys,nemesis,1475,priest,discipline,68,30,38
19377,Mzpriest,dalaran,1474,priest,discipline,76,41,35
19378,Prezica,stormscale,1474,priest,discipline,137,72,65
19379,Aboû,archimonde,1474,priest,discipline,48,25,23
19380,Олегстразза,howling-fjord,1474,priest,discipline,93,44,49
19381,Licktheheal,outland,1473,priest,discipline,30,17,13
19382,Джахия,soulflayer,1473,priest,discipline,85,47,38
19383,Lilpi,rexxar,1473,priest,discipline,42,22,20
19384,Джулибуба,borean-tundra,1473,priest,discipline,57,26,31
19385,Санггвиний,soulflayer,1472,priest,discipline,90,46,44
19386,Шпангл,gordunni,1472,priest,discipline,107,54,53
19387,Marllen,twisting-nether,1472,priest,discipline,139,68,71
19388,Whiskeyhaze,burning-legion,1471,priest,discipline,72,41,31
19389,Niholie,sinstralis,1471,priest,discipline,48,18,30
19390,Porklifer,tarren-mill,1470,priest,discipline,54,32,22
19391,Kyseki,ravencrest,1470,priest,discipline,406,205,201
19392,Loarderonx,stormscale,1470,priest,discipline,35,16,19
19393,Eleatros,blackrock,1470,priest,discipline,58,25,33
19394,Discipleotl,stormscale,1469,priest,discipline,36,23,13
19395,Менестрели,gordunni,1469,priest,discipline,130,75,55
19396,Bleedingeyes,tarren-mill,1469,priest,discipline,45,23,22
19397,Cajolîne,archimonde,1469,priest,discipline,90,39,51
19398,Battra,argent-dawn,1468,priest,discipline,78,41,37
19399,Fåtkidx,ravencrest,1468,priest,discipline,61,29,32
19400,Drwlad,archimonde,1468,priest,discipline,66,26,40
19401,Dejica,kult-der-verdammten,1467,priest,discipline,90,43,47
19402,Brutapriestx,stormscale,1467,priest,discipline,35,16,19
19403,Flaskandeux,tarren-mill,1467,priest,discipline,68,18,50
19404,Spoggle,kazzak,1466,priest,discipline,102,51,51
19405,Panoio,aggra-português,1466,priest,discipline,77,33,44
19406,Yákizå,darksorrow,1466,priest,discipline,72,30,42
19407,Winnever,dun-modr,1465,priest,discipline,213,116,97
19408,Krasawìtch,onyxia,1465,priest,discipline,66,28,38
19409,Gïanna,archimonde,1464,priest,discipline,96,52,44
19410,Geierlol,blackrock,1464,priest,discipline,42,17,25
19411,Тэтэшник,ashenvale,1463,priest,discipline,77,41,36
19412,Scade,kazzak,1463,priest,discipline,98,47,51
19413,Eßola,silvermoon,1463,priest,discipline,38,18,20
19414,Джелесана,gordunni,1463,priest,discipline,87,38,49
19415,Мненосина,goldrinn,1462,priest,discipline,46,21,25
19416,Krayziest,tarren-mill,1461,priest,discipline,42,26,16
19417,Íhðly,silvermoon,1461,priest,discipline,84,42,42
19418,Ahmnesia,archimonde,1460,priest,discipline,138,72,66
19419,Трэй,deathguard,1459,priest,discipline,90,50,40
19420,Ðiscobiscuit,argent-dawn,1459,priest,discipline,104,55,49
19421,Daddyfinger,argent-dawn,1458,priest,discipline,97,56,41
19422,Ivysaurus,ravencrest,1458,priest,discipline,74,42,32
19423,Ruly,ragnaros,1458,priest,discipline,51,25,26
19424,Makesnosense,kilrogg,1458,priest,discipline,54,26,28
19425,Sweetxq,tarren-mill,1457,priest,discipline,42,28,14
19426,Amysantiàgo,sylvanas,1457,priest,discipline,71,37,34
19427,Dotdotggwp,stormscale,1456,priest,discipline,84,39,45
19428,Péntagón,festung-der-stürme,1456,priest,discipline,48,19,29
19429,Nyxalia,silvermoon,1455,priest,discipline,30,18,12
19430,Synoé,la-croisade-écarlate,1455,priest,discipline,65,33,32
19431,Ballsbrawlz,sylvanas,1454,priest,discipline,30,18,12
19432,Laonar,silvermoon,1454,priest,discipline,103,59,44
19433,Massbimba,tarren-mill,1454,priest,discipline,138,75,63
19434,Фейкай,blackscar,1454,priest,discipline,54,28,26
19435,Disturbdtwo,archimonde,1454,priest,discipline,66,31,35
19436,Tynsxd,silvermoon,1453,priest,discipline,72,40,32
19437,Holypepper,outland,1453,priest,discipline,83,44,39
19438,Алуриэлия,gordunni,1453,priest,discipline,83,40,43
19439,Angelic,ragnaros,1453,priest,discipline,48,19,29
19440,Mvuu,kazzak,1452,priest,discipline,42,25,17
19441,Tarellia,argent-dawn,1451,priest,discipline,114,72,42
19442,Apøcalypso,antonidas,1451,priest,discipline,84,45,39
19443,Kätsulol,ysondre,1451,priest,discipline,48,24,24
19444,Reticlel,kazzak,1451,priest,discipline,44,22,22
19445,Arize,dun-modr,1450,priest,discipline,42,21,21
19446,Devot,outland,1449,priest,discipline,76,42,34
19447,Nerfnerf,kazzak,1449,priest,discipline,311,158,153
19448,Artì,kazzak,1449,priest,discipline,53,18,35
19449,Шарадин,gordunni,1448,priest,discipline,110,59,51
19450,Mòly,archimonde,1446,priest,discipline,27,17,10
19451,Kâltak,aegwynn,1446,priest,discipline,48,24,24
19452,Sáshagrey,arathor,1446,priest,discipline,49,24,25
19453,Neoni,blackmoore,1446,priest,discipline,148,72,76
19454,Arkatina,outland,1446,priest,discipline,42,19,23
19455,Mamabeer,draenor,1445,priest,discipline,42,25,17
19456,Diva,malfurion,1445,priest,discipline,40,20,20
19457,Серыйлог,galakrond,1444,priest,discipline,90,49,41
19458,Spirítbox,argent-dawn,1444,priest,discipline,106,54,52
19459,Troublemaker,durotan,1443,priest,discipline,54,30,24
19460,Chankilolx,dun-modr,1443,priest,discipline,169,78,91
19461,Sombralúz,sanguino,1442,priest,discipline,36,20,16
19462,Shanny,kazzak,1442,priest,discipline,89,43,46
19463,Aeritha,blackmoore,1441,priest,discipline,30,19,11
19464,Convulsiveq,silvermoon,1441,priest,discipline,256,131,125
19465,Laurent,sanguino,1441,priest,discipline,36,16,20
19466,Svistis,ravencrest,1440,priest,discipline,28,20,8
19467,Смегмачет,soulflayer,1440,priest,discipline,122,63,59
19468,Mackópriest,ragnaros,1440,priest,discipline,46,17,29
19469,Swd,dun-morogh,1439,priest,discipline,24,15,9
19470,Cáss,archimonde,1439,priest,discipline,30,15,15
19471,Voxqt,blackrock,1439,priest,discipline,30,15,15
19472,Bedkara,ravencrest,1439,priest,discipline,30,15,15
19473,Zedrus,azshara,1439,priest,discipline,111,53,58
19474,Elfarity,tarren-mill,1438,priest,discipline,30,18,12
19475,Åshbé,archimonde,1437,priest,discipline,18,15,3
19476,Mjamc,stormscale,1437,priest,discipline,78,33,45
19477,Yonkerz,frostmane,1437,priest,discipline,108,43,65
19478,Бомжскадилом,gordunni,1436,priest,discipline,225,120,105
19479,Dzoo,kazzak,1436,priest,discipline,58,27,31
19480,Kbakå,stormscale,1436,priest,discipline,84,37,47
19481,Ylvanna,arthas,1436,priest,discipline,40,17,23
19482,Pàndoràh,nemesis,1435,priest,discipline,42,22,20
19483,Zularia,rexxar,1434,priest,discipline,24,15,9
19484,Кэндимен,gordunni,1434,priest,discipline,100,54,46
19485,Kæyc,blackmoore,1434,priest,discipline,71,35,36
19486,Bubidiblumpr,twisting-nether,1433,priest,discipline,66,40,26
19487,Selëne,blackrock,1433,priest,discipline,42,22,20
19488,Kobri,gilneas,1432,priest,discipline,48,23,25
19489,Swera,twisting-nether,1431,priest,discipline,24,15,9
19490,Jupiter,silvermoon,1431,priest,discipline,84,45,39
19491,Vaetrilla,doomhammer,1430,priest,discipline,37,20,17
19492,Littleheal,ghostlands,1430,priest,discipline,30,16,14
19493,Neagica,kazzak,1430,priest,discipline,42,21,21
19494,Lanaineuwu,archimonde,1429,priest,discipline,32,22,10
19495,Zhadow,outland,1429,priest,discipline,36,15,21
19496,Yurrij,thrall,1428,priest,discipline,39,23,16
19497,Lapinvicieux,archimonde,1428,priest,discipline,36,20,16
19498,Noodlesoup,daggerspine,1428,priest,discipline,67,37,30
19499,Alinone,uldum,1428,priest,discipline,49,20,29
19500,Menarille,kazzak,1427,priest,discipline,18,15,3
19501,Diddlefiddle,stormscale,1427,priest,discipline,64,36,28
19502,Сашадвасм,gordunni,1427,priest,discipline,81,45,36
19503,Discobrill,silvermoon,1427,priest,discipline,48,19,29
19504,Ylenae,twisting-nether,1427,priest,discipline,42,15,27
19505,Amanojakü,ravencrest,1426,priest,discipline,48,34,14
19506,Toorree,stormscale,1426,priest,discipline,48,24,24
19507,Aetas,hyjal,1425,priest,discipline,24,15,9
19508,Massdispell,silvermoon,1425,priest,discipline,34,20,14
19509,Dímension,ragnaros,1425,priest,discipline,79,46,33
19510,Yvaini,xavius,1425,priest,discipline,66,35,31
19511,Yuukii,kult-der-verdammten,1425,priest,discipline,30,15,15
19512,Урголиафа,howling-fjord,1425,priest,discipline,54,25,29
19513,Yesdaddypls,draenor,1424,priest,discipline,31,18,13
19514,Soulreapper,blackhand,1424,priest,discipline,177,94,83
19515,Zymai,ravencrest,1424,priest,discipline,42,15,27
19516,Phreyst,draenor,1423,priest,discipline,165,85,80
19517,Bilbobanging,aggramar,1423,priest,discipline,30,15,15
19518,Nirsis,dun-modr,1423,priest,discipline,63,30,33
19519,Lyés,uldaman,1422,priest,discipline,100,65,35
19520,Zzbleh,stormscale,1422,priest,discipline,24,15,9
19521,Frekio,eitrigg,1421,priest,discipline,137,69,68
19522,Eördög,ragnaros,1421,priest,discipline,36,17,19
19523,Zyrean,bronzebeard,1421,priest,discipline,34,16,18
19524,Halastrâ,tarren-mill,1420,priest,discipline,44,30,14
19525,Lauriinda,culte-de-la-rive-noire,1420,priest,discipline,43,18,25
19526,Eileengu,silvermoon,1419,priest,discipline,64,40,24
19527,Avaichquirit,tarren-mill,1419,priest,discipline,48,21,27
19528,Destinychild,norgannon,1419,priest,discipline,35,15,20
19529,Kæzm,blackrock,1418,priest,discipline,31,17,14
19530,Нэстикус,gordunni,1418,priest,discipline,30,16,14
19531,Dalylla,aggra-português,1418,priest,discipline,57,29,28
19532,Медиив,deepholm,1418,priest,discipline,66,32,34
19533,Jaatjak,ravencrest,1418,priest,discipline,54,26,28
19534,Гачибунта,blackscar,1417,priest,discipline,41,27,14
19535,Carnacia,tarren-mill,1417,priest,discipline,59,36,23
19536,Sprutch,kazzak,1417,priest,discipline,56,30,26
19537,Блексебет,soulflayer,1417,priest,discipline,90,46,44
19538,Мдзшка,gordunni,1417,priest,discipline,248,120,128
19539,Vividots,draenor,1417,priest,discipline,42,20,22
19540,Remlos,der-rat-von-dalaran,1415,priest,discipline,30,15,15
19541,Pmh,kazzak,1415,priest,discipline,60,25,35
19542,Marícanqt,tarren-mill,1414,priest,discipline,18,15,3
19543,Praybro,blackmoore,1414,priest,discipline,41,24,17
19544,Kaeldara,ysondre,1413,priest,discipline,24,15,9
19545,Oxborn,thrall,1413,priest,discipline,83,40,43
19546,Ledania,aegwynn,1412,priest,discipline,24,15,9
19547,Joseantuan,sanguino,1412,priest,discipline,30,18,12
19548,Asolan,drakthul,1412,priest,discipline,60,35,25
19549,Ihaveibs,doomhammer,1411,priest,discipline,30,15,15
19550,Ецци,howling-fjord,1410,priest,discipline,44,23,21
19551,Faelvirin,aegwynn,1410,priest,discipline,41,21,20
19552,Joniop,stormreaver,1410,priest,discipline,60,29,31
19553,Shanya,thrall,1410,priest,discipline,42,20,22
19554,Jóhnnybravó,kazzak,1410,priest,discipline,36,16,20
19555,Getötet,blackrock,1409,priest,discipline,36,21,15
19556,Dunderprälle,outland,1409,priest,discipline,30,15,15
19557,Deathchicka,draenor,1408,priest,discipline,52,31,21
19558,Lévention,stormscale,1408,priest,discipline,36,20,16
19559,Avengëd,nagrand,1408,priest,discipline,44,22,22
19560,Xypri,nordrassil,1408,priest,discipline,61,29,32
19561,Cring,kirin-tor,1407,priest,discipline,108,62,46
19562,Vynivan,korgall,1407,priest,discipline,48,21,27
19563,Gothixs,draenor,1406,priest,discipline,44,26,18
19564,Garfriest,aggra-português,1406,priest,discipline,78,46,32
19565,Sensor,kazzak,1406,priest,discipline,69,34,35
19566,Golletz,twisting-nether,1405,priest,discipline,24,15,9
19567,Tiktokdancér,kazzak,1405,priest,discipline,78,46,32
19568,Medivs,blackmoore,1405,priest,discipline,30,17,13
19569,Qïx,ravencrest,1405,priest,discipline,39,22,17
19570,Putinkuilo,outland,1405,priest,discipline,42,21,21
19571,Youngfade,twisting-nether,1405,priest,discipline,40,16,24
19572,Ceraghk,tichondrius,1404,priest,discipline,94,47,47
19573,Dragovic,chogall,1404,priest,discipline,80,38,42
19574,Arctoczax,ravencrest,1404,priest,discipline,48,17,31
19575,Aaron,aegwynn,1403,priest,discipline,18,15,3
19576,Aiewn,elune,1403,priest,discipline,51,31,20
19577,Chuckline,eredar,1403,priest,discipline,70,36,34
19578,Kbakå,kazzak,1402,priest,discipline,32,15,17
19579,Acidpills,hyjal,1402,priest,discipline,40,17,23
19580,Virulent,nemesis,1402,priest,discipline,36,15,21
19581,Angelofdeàth,kazzak,1401,priest,discipline,72,40,32
19582,Dysko,alakir,1401,priest,discipline,30,15,15
19583,Syro,defias-brotherhood,1400,priest,discipline,33,19,14
19584,Chimara,eredar,1400,priest,discipline,90,48,42
19585,Silvdarr,hyjal,1400,priest,discipline,91,47,44
19586,Hardcode,twisting-nether,1400,priest,discipline,50,22,28
19587,Вурти,howling-fjord,1400,priest,discipline,65,28,37
19588,Maidie,stormscale,1399,priest,discipline,55,34,21
19589,Animepfp,stormreaver,1399,priest,discipline,104,49,55
19590,Chibrausorus,archimonde,1399,priest,discipline,54,22,32
19591,Laadyybirkee,blackhand,1398,priest,discipline,140,70,70
19592,Nøheall,ysondre,1398,priest,discipline,65,27,38
19593,Fiilaaja,stormreaver,1397,priest,discipline,42,26,16
19594,Холишитс,gordunni,1396,priest,discipline,115,64,51
19595,Velles,nazjatar,1396,priest,discipline,339,174,165
19596,Rahan,stormscale,1396,priest,discipline,93,46,47
19597,Derylium,kazzak,1395,priest,discipline,47,29,18
19598,Deadpxlz,ravencrest,1395,priest,discipline,30,17,13
19599,Miileys,arthas,1394,priest,discipline,24,16,8
19600,Alakkiria,ravencrest,1394,priest,discipline,77,38,39
19601,Kroa,ragnaros,1393,priest,discipline,24,15,9
19602,Fireflowers,silvermoon,1393,priest,discipline,48,24,24
19603,Alliora,dalaran,1393,priest,discipline,87,36,51
19604,Ashérs,ravencrest,1392,priest,discipline,45,29,16
19605,Rher,blackmoore,1392,priest,discipline,24,15,9
19606,Uppiediscyo,ravencrest,1392,priest,discipline,78,41,37
19607,Phasmöphobia,zuljin,1392,priest,discipline,96,38,58
19608,Альфреска,gordunni,1391,priest,discipline,66,34,32
19609,Noobpriest,blackrock,1391,priest,discipline,76,32,44
19610,Zombîe,draenor,1390,priest,discipline,42,16,26
19611,Dankopriest,drakthul,1389,priest,discipline,42,21,21
19612,Unholyfield,draenor,1389,priest,discipline,90,41,49
19613,Vaewyn,ravencrest,1386,priest,discipline,68,37,31
19614,Nakali,the-maelstrom,1386,priest,discipline,30,16,14
19615,Дядяврач,howling-fjord,1386,priest,discipline,60,28,32
19616,Woodywoodpkr,senjin,1386,priest,discipline,42,18,24
19617,Pyropenance,twisting-nether,1386,priest,discipline,83,35,48
19618,Гшд,gordunni,1385,priest,discipline,78,43,35
19619,Benificent,argent-dawn,1385,priest,discipline,123,60,63
19620,Zïn,silvermoon,1385,priest,discipline,52,25,27
19621,Sémi,twisting-nether,1383,priest,discipline,36,19,17
19622,Сосиска,deathguard,1383,priest,discipline,29,15,14
19623,Adev,drakthul,1382,priest,discipline,53,27,26
19624,Naïlu,hyjal,1381,priest,discipline,66,38,28
19625,Anbish,burning-legion,1381,priest,discipline,42,21,21
19626,Selenee,scarshield-legion,1381,priest,discipline,102,47,55
19627,Snuifje,azjolnerub,1381,priest,discipline,99,45,54
19628,Sppid,sanguino,1381,priest,discipline,53,21,32
19629,Onelovexx,thrall,1380,priest,discipline,36,15,21
19630,Ilovedisc,kazzak,1379,priest,discipline,44,25,19
19631,Reäzx,archimonde,1379,priest,discipline,30,17,13
19632,Thrakoun,twilights-hammer,1379,priest,discipline,140,69,71
19633,Luziaa,outland,1379,priest,discipline,42,15,27
19634,Хаварь,gordunni,1378,priest,discipline,87,49,38
19635,Маимморта,howling-fjord,1378,priest,discipline,66,37,29
19636,Щакактрахнем,gordunni,1378,priest,discipline,66,36,30
19637,Лимоняшечка,soulflayer,1378,priest,discipline,110,58,52
19638,Streety,nethersturm,1378,priest,discipline,90,43,47
19639,Evolís,blackmoore,1378,priest,discipline,66,29,37
19640,Gangreana,kazzak,1377,priest,discipline,78,42,36
19641,Anubisones,uldum,1377,priest,discipline,65,32,33
19642,Overhealzz,blackmoore,1377,priest,discipline,78,38,40
19643,Annisa,kazzak,1376,priest,discipline,131,71,60
19644,Darkest,ysondre,1376,priest,discipline,77,33,44
19645,Preachyjeg,ravencrest,1376,priest,discipline,84,30,54
19646,Dolifrius,dalaran,1375,priest,discipline,50,30,20
19647,Олдмэнсэйд,soulflayer,1375,priest,discipline,27,16,11
19648,Targolina,argent-dawn,1375,priest,discipline,175,83,92
19649,Invexx,tarren-mill,1375,priest,discipline,90,35,55
19650,Простойа,deathguard,1374,priest,discipline,60,33,27
19651,Psyfir,outland,1374,priest,discipline,224,117,107
19652,Otheym,the-maelstrom,1374,priest,discipline,39,18,21
19653,Pocketissue,ravencrest,1373,priest,discipline,32,21,11
19654,Crazyname,outland,1373,priest,discipline,78,39,39
19655,Blackheal,sanguino,1373,priest,discipline,68,29,39
19656,Nietzsche,area-52,1373,priest,discipline,54,23,31
19657,Rabbît,stormscale,1372,priest,discipline,82,42,40
19658,Arkkupiispa,stormreaver,1372,priest,discipline,223,106,117
19659,Hiereia,khadgar,1372,priest,discipline,139,61,78
19660,Geesuz,outland,1372,priest,discipline,39,16,23
19661,Kutjeskopper,silvermoon,1371,priest,discipline,36,19,17
19662,Скизма,gordunni,1370,priest,discipline,42,25,17
19663,Kotipope,silvermoon,1369,priest,discipline,83,49,34
19664,Elosen,darkspear,1368,priest,discipline,36,20,16
19665,Aykò,blackmoore,1368,priest,discipline,38,16,22
19666,Tepevelf,dun-modr,1367,priest,discipline,40,15,25
19667,Trashpriest,blackrock,1367,priest,discipline,41,15,26
19668,Salzgehalt,antonidas,1366,priest,discipline,58,38,20
19669,Stargóddess,kazzak,1366,priest,discipline,48,31,17
19670,Hellsaya,ysondre,1366,priest,discipline,34,19,15
19671,Chaosxo,draenor,1366,priest,discipline,59,27,32
19672,Xyfas,azshara,1362,priest,discipline,54,25,29
19673,Aisha,rajaxx,1361,priest,discipline,69,32,37
19674,Ræpriestx,ragnaros,1360,priest,discipline,75,36,39
19675,Dooga,draenor,1359,priest,discipline,30,15,15
19676,Enduring,darksorrow,1359,priest,discipline,72,33,39
19677,Priesless,sylvanas,1357,priest,discipline,34,20,14
19678,Sochnaochen,outland,1357,priest,discipline,30,16,14
19679,Antainis,silvermoon,1357,priest,discipline,59,30,29
19680,Mamaoh,ravencrest,1356,priest,discipline,54,26,28
19681,Kappa,darksorrow,1356,priest,discipline,48,23,25
19682,Nuklash,burning-legion,1356,priest,discipline,39,18,21
19683,Äkvä,ragnaros,1356,priest,discipline,66,26,40
19684,Paterpaisios,kazzak,1355,priest,discipline,54,20,34
19685,Freddyprinze,ravencrest,1354,priest,discipline,39,21,18
19686,Nésha,dun-modr,1354,priest,discipline,41,21,20
19687,Byxoph,sanguino,1353,priest,discipline,66,32,34
19688,Solarïah,garona,1352,priest,discipline,32,19,13
19689,Tintapri,aszune,1352,priest,discipline,117,58,59
19690,Svevo,ravencrest,1352,priest,discipline,54,25,29
19691,Littlehelper,shendralar,1352,priest,discipline,39,16,23
19692,Chealsey,thrall,1351,priest,discipline,57,36,21
19693,Isore,culte-de-la-rive-noire,1351,priest,discipline,34,20,14
19694,Feelmypainn,kazzak,1350,priest,discipline,42,23,19
19695,Smilyface,sylvanas,1350,priest,discipline,47,20,27
19696,Тэвиель,gordunni,1350,priest,discipline,66,27,39
19697,Chowhone,archimonde,1349,priest,discipline,100,53,47
19698,Raî,durotan,1349,priest,discipline,36,18,18
19699,Psychoboris,outland,1348,priest,discipline,114,64,50
19700,Dstars,archimonde,1348,priest,discipline,42,16,26
19701,Greedyaf,stormscale,1347,priest,discipline,101,48,53
19702,Brênos,blackmoore,1346,priest,discipline,29,17,12
19703,Sphero,kazzak,1346,priest,discipline,42,24,18
19704,Iamfrosty,draenor,1346,priest,discipline,66,31,35
19705,Sytawa,blackmoore,1345,priest,discipline,66,36,30
19706,Pwjetlifelol,grim-batol,1345,priest,discipline,97,52,45
19707,Sâtânica,kelthuzad,1345,priest,discipline,72,33,39
19708,Тенсаи,howling-fjord,1345,priest,discipline,42,19,23
19709,Batsu,hyjal,1344,priest,discipline,94,43,51
19710,Noxr,ravencrest,1344,priest,discipline,50,18,32
19711,Drlovke,stormscale,1343,priest,discipline,24,14,10
19712,Докторпэйн,howling-fjord,1343,priest,discipline,92,43,49
19713,Вакариия,soulflayer,1343,priest,discipline,30,14,16
19714,Kaémon,twisting-nether,1343,priest,discipline,100,40,60
19715,Chuckbarry,kazzak,1342,priest,discipline,24,15,9
19716,Krematorio,twisting-nether,1342,priest,discipline,24,14,10
19717,Spiochpr,burning-legion,1342,priest,discipline,84,44,40
19718,Поднялбабки,deathguard,1342,priest,discipline,36,14,22
19719,Centaurio,nemesis,1340,priest,discipline,92,46,46
19720,Cutename,burning-blade,1340,priest,discipline,36,18,18
19721,Sephìrøth,malganis,1340,priest,discipline,66,32,34
19722,Далайна,galakrond,1340,priest,discipline,36,14,22
19723,Sissi,blackmoore,1339,priest,discipline,75,39,36
19724,Pâww,kazzak,1339,priest,discipline,30,14,16
19725,Yânux,aegwynn,1339,priest,discipline,30,14,16
19726,Æternadead,nemesis,1338,priest,discipline,42,23,19
19727,Tumlaa,ravencrest,1337,priest,discipline,56,31,25
19728,Perdítá,thrall,1337,priest,discipline,165,85,80
19729,Myggsparv,stormscale,1336,priest,discipline,30,14,16
19730,Cedifanboyx,archimonde,1336,priest,discipline,30,14,16
19731,Kojee,blackrock,1335,priest,discipline,48,18,30
19732,Banshzz,ragnaros,1335,priest,discipline,55,19,36
19733,Biscuits,ravencrest,1335,priest,discipline,48,14,34
19734,Юлих,booty-bay,1334,priest,discipline,70,27,43
19735,Barracuda,burning-legion,1333,priest,discipline,72,36,36
19736,Radiance,emeriss,1333,priest,discipline,40,15,25
19737,Jerzay,hyjal,1332,priest,discipline,40,16,24
19738,Rosalina,ravencrest,1331,priest,discipline,85,44,41
19739,Aroghul,eredar,1331,priest,discipline,54,23,31
19740,Waafa,kazzak,1331,priest,discipline,42,14,28
19741,Rose,darksorrow,1328,priest,discipline,37,21,16
19742,Holyfussell,antonidas,1328,priest,discipline,66,30,36
19743,Peersh,ahnqiraj,1327,priest,discipline,18,14,4
19744,Ràthaløs,sanguino,1327,priest,discipline,52,31,21
19745,Nou,aegwynn,1327,priest,discipline,36,14,22
19746,Valaç,turalyon,1326,priest,discipline,125,64,61
19747,Vedina,bronze-dragonflight,1326,priest,discipline,84,42,42
19748,Èlysium,grim-batol,1326,priest,discipline,42,15,27
19749,Ximenia,eredar,1325,priest,discipline,43,25,18
19750,Seinaruki,emerald-dream,1325,priest,discipline,34,18,16
19751,Skrnz,turalyon,1325,priest,discipline,59,26,33
19752,Германий,deathguard,1324,priest,discipline,35,21,14
19753,Iqr,blackmoore,1324,priest,discipline,24,14,10
19754,Buszeekk,outland,1324,priest,discipline,34,19,15
19755,Jodge,ravencrest,1324,priest,discipline,48,26,22
19756,Styrbjörn,shattered-hand,1324,priest,discipline,73,38,35
19757,Kalisy,ravencrest,1324,priest,discipline,52,27,25
19758,Durness,argent-dawn,1324,priest,discipline,66,31,35
19759,Hashoko,draenor,1323,priest,discipline,18,15,3
19760,Rwaphouu,ysondre,1323,priest,discipline,36,20,16
19761,Ruderali,blackmoore,1323,priest,discipline,82,44,38
19762,Hidr,nemesis,1323,priest,discipline,60,31,29
19763,Девственен,soulflayer,1321,priest,discipline,48,22,26
19764,Bakony,ravencrest,1320,priest,discipline,30,22,8
19765,Nirvánabang,sylvanas,1320,priest,discipline,42,21,21
19766,Фурлена,blackscar,1319,priest,discipline,91,48,43
19767,Rodshun,dun-modr,1317,priest,discipline,76,34,42
19768,Emon,nemesis,1316,priest,discipline,24,14,10
19769,Meanazer,antonidas,1316,priest,discipline,30,14,16
19770,Darkweed,twilights-hammer,1315,priest,discipline,54,30,24
19771,Pristerline,antonidas,1314,priest,discipline,25,15,10
19772,Sabaxdxd,dun-modr,1314,priest,discipline,72,32,40
19773,Yugo,outland,1314,priest,discipline,41,15,26
19774,Пакетикдот,gordunni,1313,priest,discipline,96,56,40
19775,Shilôz,hyjal,1313,priest,discipline,59,29,30
19776,Relaxmom,bloodhoof,1312,priest,discipline,30,14,16
19777,Форсибучи,soulflayer,1312,priest,discipline,66,30,36
19778,Ассарх,lich-king,1311,priest,discipline,78,39,39
19779,Chilie,ravencrest,1311,priest,discipline,30,15,15
19780,Spèrman,frostwolf,1311,priest,discipline,42,15,27
19781,Suzziee,silvermoon,1310,priest,discipline,48,25,23
19782,Violentha,silvermoon,1310,priest,discipline,30,15,15
19783,Nûwa,draenor,1309,priest,discipline,42,25,17
19784,Eowins,blackmoore,1307,priest,discipline,76,40,36
19785,Dirtydoc,area-52,1307,priest,discipline,39,20,19
19786,Yuuvi,ravencrest,1307,priest,discipline,65,29,36
19787,Buzzingg,tarren-mill,1305,priest,discipline,41,26,15
19788,Lalgorithme,hyjal,1305,priest,discipline,24,14,10
19789,Paine,pozzo-delleternità,1305,priest,discipline,31,18,13
19790,Асади,gordunni,1305,priest,discipline,60,33,27
19791,Shadowmend,aegwynn,1305,priest,discipline,29,14,15
19792,Prellish,draenor,1305,priest,discipline,60,25,35
19793,Phórkys,kazzak,1304,priest,discipline,102,59,43
19794,Ангеланика,gordunni,1304,priest,discipline,42,22,20
19795,Boulotpas,hyjal,1302,priest,discipline,72,47,25
19796,Sykra,magtheridon,1302,priest,discipline,76,41,35
19797,Ahree,sargeras,1302,priest,discipline,124,58,66
19798,Missdreavus,draenor,1301,priest,discipline,40,24,16
19799,Enerpriest,ysondre,1301,priest,discipline,36,20,16
19800,Ostberger,twisting-nether,1300,priest,discipline,53,30,23
19801,Fullymetalz,defias-brotherhood,1300,priest,discipline,58,32,26
19802,Fatherliam,emerald-dream,1299,priest,discipline,54,24,30
19803,Agorasii,frostwolf,1298,priest,discipline,42,22,20
19804,Voidvania,drakthul,1298,priest,discipline,35,18,17
19805,Arenarooky,eredar,1297,priest,discipline,36,21,15
19806,Sadkitten,sylvanas,1296,priest,discipline,162,89,73
19807,Шкуропльот,gordunni,1296,priest,discipline,88,46,42
19808,Jerichó,blackmoore,1294,priest,discipline,24,18,6
19809,Vannax,arygos,1294,priest,discipline,72,32,40
19810,Duaijhutari,outland,1293,priest,discipline,52,30,22
19811,Oohopeoo,blackmoore,1293,priest,discipline,42,23,19
19812,Lãwh,hyjal,1293,priest,discipline,66,35,31
19813,Pl,sunstrider,1293,priest,discipline,42,22,20
19814,Jerolol,sanguino,1293,priest,discipline,68,28,40
19815,Kaktosz,ragnaros,1293,priest,discipline,54,21,33
19816,Nikotyna,doomhammer,1292,priest,discipline,107,51,56
19817,Onicolla,terokkar,1292,priest,discipline,126,60,66
19818,Bandgap,antonidas,1292,priest,discipline,98,44,54
19819,Ixdeadxl,stormscale,1291,priest,discipline,30,16,14
19820,Mustatomi,stormreaver,1291,priest,discipline,27,14,13
19821,Nukksch,antonidas,1291,priest,discipline,170,79,91
19822,Chuwbakka,kazzak,1290,priest,discipline,34,22,12
19823,Alfaböna,outland,1289,priest,discipline,122,66,56
19824,Brainwash,darksorrow,1289,priest,discipline,53,18,35
19825,Clua,draenor,1288,priest,discipline,54,28,26
19826,Bomzhik,silvermoon,1287,priest,discipline,132,74,58
19827,Tristar,nethersturm,1287,priest,discipline,35,19,16
19828,Pregrip,twisting-nether,1284,priest,discipline,236,116,120
19829,Darknun,aggra-português,1283,priest,discipline,35,14,21
19830,Deneye,thunderhorn,1282,priest,discipline,42,28,14
19831,Mynameisebe,twisting-nether,1282,priest,discipline,42,18,24
19832,Jimmyhoffa,stormscale,1281,priest,discipline,54,32,22
19833,Инстенли,howling-fjord,1281,priest,discipline,60,25,35
19834,Superfelyn,ragnaros,1280,priest,discipline,51,27,24
19835,Doncamïllo,blackrock,1280,priest,discipline,47,22,25
19836,Olereo,blackhand,1280,priest,discipline,78,36,42
19837,Gbpjr,xavius,1280,priest,discipline,145,63,82
19838,Limerençe,ravencrest,1279,priest,discipline,20,14,6
19839,Dnsxx,thrall,1279,priest,discipline,125,53,72
19840,Valeriana,stormreaver,1278,priest,discipline,54,27,27
19841,Тварьгосподя,gordunni,1278,priest,discipline,245,121,124
19842,Kïmbo,kazzak,1278,priest,discipline,65,26,39
19843,Wortgottes,blackrock,1277,priest,discipline,28,16,12
19844,Asuriyan,grim-batol,1276,priest,discipline,69,34,35
19845,Zenoo,argent-dawn,1275,priest,discipline,36,22,14
19846,Hardloker,ravencrest,1275,priest,discipline,84,38,46
19847,Aladorius,la-croisade-écarlate,1273,priest,discipline,46,25,21
19848,Nuvie,ravencrest,1273,priest,discipline,60,28,32
19849,Kelras,grim-batol,1272,priest,discipline,92,58,34
19850,Empí,sanguino,1272,priest,discipline,36,18,18
19851,Overshadowed,kazzak,1272,priest,discipline,175,80,95
19852,Yante,ragnaros,1271,priest,discipline,36,18,18
19853,Mishas,draenor,1270,priest,discipline,42,24,18
19854,Zùt,ysondre,1269,priest,discipline,48,28,20
19855,Outcast,korgall,1269,priest,discipline,60,30,30
19856,Мегаствол,howling-fjord,1269,priest,discipline,60,28,32
19857,Hidary,ysondre,1269,priest,discipline,37,16,21
19858,Micobra,dalaran,1267,priest,discipline,24,14,10
19859,Zofa,sunstrider,1266,priest,discipline,38,18,20
19860,Пофанчику,gordunni,1266,priest,discipline,58,27,31
19861,Aerosoll,drakthul,1265,priest,discipline,36,20,16
19862,Hêsêkiêl,eredar,1265,priest,discipline,48,23,25
19863,Валифа,gordunni,1263,priest,discipline,17,14,3
19864,Акктуальная,deepholm,1263,priest,discipline,48,25,23
19865,Sacerfull,sanguino,1263,priest,discipline,48,23,25
19866,Щявыхилим,howling-fjord,1262,priest,discipline,31,20,11
19867,Svartochelak,stormscale,1262,priest,discipline,42,16,26
19868,Sílvana,nordrassil,1261,priest,discipline,112,57,55
19869,Аквариусс,gordunni,1260,priest,discipline,60,30,30
19870,Søînx,archimonde,1259,priest,discipline,27,17,10
19871,Liasanya,kelthuzad,1259,priest,discipline,30,18,12
19872,Euphorius,blackmoore,1259,priest,discipline,36,17,19
19873,Alexnator,malganis,1258,priest,discipline,54,22,32
19874,Vès,stormscale,1257,priest,discipline,66,35,31
19875,Añgêl,ravencrest,1257,priest,discipline,117,60,57
19876,Mirelaw,stormscale,1257,priest,discipline,71,36,35
19877,Jordí,darkspear,1257,priest,discipline,191,88,103
19878,Pleistras,magtheridon,1256,priest,discipline,149,85,64
19879,Brach,nazjatar,1255,priest,discipline,49,26,23
19880,Holybunny,blackrock,1255,priest,discipline,66,34,32
19881,Kizzorde,ragnaros,1253,priest,discipline,48,28,20
19882,Netomv,kazzak,1252,priest,discipline,30,17,13
19883,Torcena,garrosh,1252,priest,discipline,48,16,32
19884,Nëophytë,zuljin,1251,priest,discipline,54,28,26
19885,Даркфолс,soulflayer,1251,priest,discipline,59,30,29
19886,Fkup,twisting-nether,1250,priest,discipline,30,15,15
19887,Jeuwls,argent-dawn,1249,priest,discipline,103,57,46
19888,Seum,ravencrest,1249,priest,discipline,62,34,28
19889,Buan,outland,1248,priest,discipline,18,13,5
19890,Suprenext,draenor,1248,priest,discipline,24,13,11
19891,Антошашвп,azuregos,1248,priest,discipline,24,13,11
19892,Mazikeen,stormscale,1248,priest,discipline,24,13,11
19893,Удзумукец,howling-fjord,1248,priest,discipline,90,36,54
19894,Stmichael,silvermoon,1248,priest,discipline,38,15,23
19895,Dêmôn,stormscale,1247,priest,discipline,18,13,5
19896,Zathada,twisting-nether,1247,priest,discipline,30,19,11
19897,Swdömmel,aegwynn,1247,priest,discipline,24,13,11
19898,Feedergodx,dun-modr,1247,priest,discipline,24,13,11
19899,Krokkete,hyjal,1247,priest,discipline,24,13,11
19900,Xieen,outland,1247,priest,discipline,114,53,61
19901,Cheja,ravencrest,1247,priest,discipline,48,21,27
19902,Mgx,defias-brotherhood,1247,priest,discipline,30,13,17
19903,Sùzy,ravencrest,1247,priest,discipline,36,13,23
19904,Maylà,aegwynn,1247,priest,discipline,60,20,40
19905,Mirupriest,sanguino,1246,priest,discipline,24,13,11
19906,Ishkà,stormscale,1246,priest,discipline,24,13,11
19907,Deliâz,aegwynn,1246,priest,discipline,36,14,22
19908,Леддигага,gordunni,1245,priest,discipline,24,13,11
19909,Hotdog,kult-der-verdammten,1244,priest,discipline,30,17,13
19910,Kuraimb,the-maelstrom,1244,priest,discipline,27,14,13
19911,Jumby,outland,1244,priest,discipline,30,13,17
19912,Шадоухоррор,gordunni,1244,priest,discipline,51,20,31
19913,Takeoff,dun-morogh,1243,priest,discipline,36,23,13
19914,Vokuheala,tarren-mill,1243,priest,discipline,29,16,13
19915,Rngamer,silvermoon,1242,priest,discipline,18,13,5
19916,Chîllipriest,draenor,1242,priest,discipline,24,13,11
19917,Gumer,antonidas,1242,priest,discipline,24,13,11
19918,Shadowpeste,aggra-português,1240,priest,discipline,83,50,33
19919,Shdwxy,blackrock,1240,priest,discipline,24,13,11
19920,Danucd,ragnaros,1240,priest,discipline,118,62,56
19921,Алуан,blackscar,1240,priest,discipline,42,13,29
19922,Spoc,blackrock,1239,priest,discipline,41,23,18
19923,Møldark,silvermoon,1238,priest,discipline,72,27,45
19924,Binder,tarren-mill,1238,priest,discipline,36,13,23
19925,Héntai,argent-dawn,1236,priest,discipline,30,15,15
19926,Jbte,silvermoon,1235,priest,discipline,102,57,45
19927,Speltmor,stormscale,1235,priest,discipline,24,13,11
19928,Miralou,ravencrest,1235,priest,discipline,192,103,89
19929,Discovery,aggra-português,1235,priest,discipline,54,28,26
19930,Трезида,gordunni,1234,priest,discipline,24,13,11
19931,Holyswift,dun-morogh,1234,priest,discipline,173,91,82
19932,Héternel,ysondre,1234,priest,discipline,56,27,29
19933,Divaz,eredar,1234,priest,discipline,48,18,30
19934,Liliashet,sanguino,1233,priest,discipline,32,19,13
19935,Wandéline,arathi,1233,priest,discipline,53,23,30
19936,Janinw,sylvanas,1232,priest,discipline,30,13,17
19937,Samtig,malganis,1232,priest,discipline,57,23,34
19938,Umbraya,blackhand,1232,priest,discipline,66,21,45
19939,Lucianßk,sanguino,1230,priest,discipline,48,27,21
19940,Cntrl,frostmane,1229,priest,discipline,60,30,30
19941,Пенансиня,gordunni,1229,priest,discipline,36,13,23
19942,Praystatîon,dragonblight,1228,priest,discipline,95,60,35
19943,Pètunia,ravencrest,1228,priest,discipline,145,75,70
19944,Топчикс,gordunni,1228,priest,discipline,94,46,48
19945,Avázàr,stormscale,1228,priest,discipline,30,13,17
19946,Ggsus,outland,1228,priest,discipline,66,25,41
19947,Hetha,tarren-mill,1227,priest,discipline,62,41,21
19948,Drsmort,blackrock,1227,priest,discipline,60,31,29
19949,Myrmeen,silvermoon,1227,priest,discipline,85,43,42
19950,Ùçù,dalaran,1227,priest,discipline,46,21,25
19951,Aeo,twisting-nether,1226,priest,discipline,65,31,34
19952,Disconsick,vashj,1226,priest,discipline,52,15,37
19953,Türapea,draenor,1225,priest,discipline,94,48,46
19954,Duem,kazzak,1225,priest,discipline,54,27,27
19955,Rightx,outland,1225,priest,discipline,78,36,42
19956,Triksas,sylvanas,1224,priest,discipline,36,26,10
19957,Baglet,ravencrest,1224,priest,discipline,24,13,11
19958,Drnoob,tarren-mill,1224,priest,discipline,47,25,22
19959,Healyourmum,stormscale,1224,priest,discipline,72,36,36
19960,Xubeqi,kazzak,1224,priest,discipline,30,14,16
19961,Therezzer,burning-legion,1224,priest,discipline,36,16,20
19962,Lalola,tarren-mill,1223,priest,discipline,36,20,16
19963,Nobbisnice,drakthul,1223,priest,discipline,52,28,24
19964,Gobie,sunstrider,1223,priest,discipline,30,13,17
19965,Mediumheals,tarren-mill,1221,priest,discipline,87,41,46
19966,Blagovesta,ravencrest,1221,priest,discipline,36,13,23
19967,Amphôra,archimonde,1220,priest,discipline,30,14,16
19968,Zranda,magtheridon,1220,priest,discipline,42,19,23
19969,Drennaria,draenor,1219,priest,discipline,23,13,10
19970,Howaya,la-croisade-écarlate,1219,priest,discipline,48,25,23
19971,Nestélle,drakthul,1219,priest,discipline,72,33,39
19972,Xghazo,sylvanas,1218,priest,discipline,45,25,20
19973,Лолиэль,soulflayer,1218,priest,discipline,57,31,26
19974,Talonjean,conseil-des-ombres,1218,priest,discipline,24,13,11
19975,Reìdood,stormscale,1217,priest,discipline,24,14,10
19976,Ginebra,archimonde,1217,priest,discipline,24,14,10
19977,Bellanote,dalaran,1217,priest,discipline,65,33,32
19978,Unleet,sylvanas,1217,priest,discipline,62,30,32
19979,Attenna,ravencrest,1217,priest,discipline,81,34,47
19980,Nìak,ysondre,1217,priest,discipline,100,39,61
19981,Капляболи,gordunni,1216,priest,discipline,51,28,23
19982,Øwlsoo,confrérie-du-thorium,1215,priest,discipline,118,60,58
19983,Diçkhëad,ravencrest,1215,priest,discipline,61,31,30
19984,Feydottir,draenor,1214,priest,discipline,36,19,17
19985,Nymrasus,ravencrest,1213,priest,discipline,24,13,11
19986,Sandaal,drakthul,1213,priest,discipline,72,36,36
19987,Йуп,ashenvale,1212,priest,discipline,22,14,8
19988,Elderiel,turalyon,1212,priest,discipline,66,29,37
19989,Ðøð,dalaran,1210,priest,discipline,54,33,21
19990,Vempress,neptulon,1210,priest,discipline,48,24,24
19991,Riptile,outland,1210,priest,discipline,28,13,15
19992,Свапмиплиз,gordunni,1209,priest,discipline,106,51,55
19993,Gertie,blackhand,1208,priest,discipline,46,29,17
19994,Freezydot,silvermoon,1207,priest,discipline,63,37,26
19995,Goldenapples,ravencrest,1207,priest,discipline,24,13,11
19996,Eník,blackrock,1206,priest,discipline,36,15,21
19997,Thyrandis,dragonblight,1206,priest,discipline,34,14,20
19998,Nostramo,kirin-tor,1206,priest,discipline,54,19,35
19999,Selenar,neptulon,1205,priest,discipline,36,19,17
20000,Nethenielle,malganis,1205,priest,discipline,42,20,22
20001,Linara,frostmane,1204,priest,discipline,18,13,5
20002,Littleabs,the-maelstrom,1204,priest,discipline,71,35,36
20003,Dezriah,tarren-mill,1203,priest,discipline,34,23,11
20004,Simbaba,archimonde,1203,priest,discipline,36,19,17
20005,Filtro,eredar,1203,priest,discipline,30,14,16
20006,Werita,frostmane,1203,priest,discipline,122,54,68
20007,Свежага,howling-fjord,1203,priest,discipline,76,33,43
20008,Beaglep,blackrock,1203,priest,discipline,53,13,40
20009,Janclod,pozzo-delleternità,1202,priest,discipline,24,14,10
20010,Bekareth,archimonde,1201,priest,discipline,48,26,22
20011,Soupana,darksorrow,1201,priest,discipline,55,28,27
20012,Dementzia,argent-dawn,1200,priest,discipline,89,43,46
20013,Drtickomaru,drakthul,1197,priest,discipline,32,16,16
20014,Glärë,burning-legion,1196,priest,discipline,45,28,17
20015,Wynkx,zuljin,1196,priest,discipline,66,24,42
20016,Дюрэкс,soulflayer,1195,priest,discipline,24,13,11
20017,Pvpriestess,silvermoon,1193,priest,discipline,42,19,23
20018,Seneth,twisting-nether,1192,priest,discipline,30,13,17
20019,Дайбчик,gordunni,1191,priest,discipline,28,15,13
20020,Дракулесса,gordunni,1191,priest,discipline,51,24,27
20021,Uro,tirion,1190,priest,discipline,41,14,27
20022,Whitepitch,doomhammer,1189,priest,discipline,77,34,43
20023,Megalodön,draenor,1187,priest,discipline,45,17,28
20024,Lillthya,kazzak,1186,priest,discipline,58,24,34
20025,Kiieevv,blackrock,1186,priest,discipline,48,17,31
20026,Verrottênd,frostwolf,1185,priest,discipline,64,27,37
20027,Happyprocs,dun-modr,1184,priest,discipline,23,13,10
20028,Lighter,dragonblight,1183,priest,discipline,58,35,23
20029,Аэрэта,deathguard,1181,priest,discipline,24,15,9
20030,Shnookfour,agamaggan,1181,priest,discipline,34,19,15
20031,Valnaya,draenor,1179,priest,discipline,61,34,27
20032,Nnaoy,ysondre,1177,priest,discipline,26,13,13
20033,Yojoyo,draenor,1177,priest,discipline,108,48,60
20034,Snoopqt,dalaran,1177,priest,discipline,43,14,29
20035,Фрит,lich-king,1174,priest,discipline,51,27,24
20036,Loetharion,archimonde,1174,priest,discipline,71,36,35
20037,Rashyd,sylvanas,1173,priest,discipline,36,21,15
20038,Володябигуди,howling-fjord,1172,priest,discipline,29,13,16
20039,Парикнахер,soulflayer,1171,priest,discipline,36,23,13
20040,Dinma,argent-dawn,1171,priest,discipline,103,52,51
20041,Captn,draenor,1171,priest,discipline,54,22,32
20042,Dartheon,twisting-nether,1171,priest,discipline,58,19,39
20043,Drioz,ysondre,1170,priest,discipline,72,40,32
20044,Cøøbrà,hyjal,1170,priest,discipline,70,38,32
20045,Lekadolplusc,doomhammer,1170,priest,discipline,142,75,67
20046,Petshopboi,sylvanas,1170,priest,discipline,27,14,13
20047,Palitox,kazzak,1170,priest,discipline,30,14,16
20048,Ноубадди,howling-fjord,1169,priest,discipline,67,32,35
20049,Genthus,kazzak,1169,priest,discipline,36,14,22
20050,Chocopríest,blackmoore,1168,priest,discipline,30,13,17
20051,Perimortal,norgannon,1166,priest,discipline,30,14,16
20052,Elclasico,blackrock,1165,priest,discipline,56,22,34
20053,Flyingdutch,tarren-mill,1164,priest,discipline,247,115,132
20054,Olîra,hyjal,1163,priest,discipline,30,14,16
20055,Soehzz,khaz-modan,1163,priest,discipline,48,21,27
20056,Desperion,ragnaros,1163,priest,discipline,73,31,42
20057,Blàckângel,blackrock,1161,priest,discipline,312,156,156
20058,Klaura,blackmoore,1161,priest,discipline,30,15,15
20059,Qsandria,ravencrest,1160,priest,discipline,38,20,18
20060,Монесса,howling-fjord,1159,priest,discipline,36,16,20
20061,Javvi,sylvanas,1158,priest,discipline,78,44,34
20062,Vebbysor,sylvanas,1158,priest,discipline,30,15,15
20063,Veecna,the-maelstrom,1158,priest,discipline,60,27,33
20064,Brunestùd,pozzo-delleternità,1157,priest,discipline,68,33,35
20065,Jezlung,frostmane,1154,priest,discipline,48,26,22
20066,Alaeddin,kazzak,1154,priest,discipline,290,132,158
20067,Donpedrila,kazzak,1152,priest,discipline,24,12,12
20068,Djros,magtheridon,1152,priest,discipline,24,12,12
20069,Найтингеилл,gordunni,1152,priest,discipline,24,12,12
20070,Djokui,uldum,1152,priest,discipline,30,12,18
20071,Djrussia,tarren-mill,1152,priest,discipline,30,12,18
20072,Raeratwo,archimonde,1151,priest,discipline,18,12,6
20073,Саммерфинн,gordunni,1151,priest,discipline,24,12,12
20074,Ксенонх,gordunni,1151,priest,discipline,24,12,12
20075,Deadsloth,hyjal,1151,priest,discipline,24,12,12
20076,Arythc,ahnqiraj,1151,priest,discipline,24,12,12
20077,Shììnx,hyjal,1151,priest,discipline,30,12,18
20078,Híppokrates,dethecus,1151,priest,discipline,37,13,24
20079,Gødisc,blackrock,1150,priest,discipline,18,12,6
20080,Bunnydisc,outland,1150,priest,discipline,24,12,12
20081,Naomirussell,sylvanas,1150,priest,discipline,24,12,12
20082,Marylin,senjin,1149,priest,discipline,30,13,17
20083,Soloqbob,kazzak,1149,priest,discipline,30,12,18
20084,Discmoo,kazzak,1148,priest,discipline,20,12,8
20085,Faouzia,argent-dawn,1148,priest,discipline,30,12,18
20086,Indicta,darksorrow,1147,priest,discipline,27,13,14
20087,Тыкофка,gordunni,1147,priest,discipline,30,12,18
20088,Deicidex,blackrock,1147,priest,discipline,36,12,24
20089,Døgfîsh,stormscale,1146,priest,discipline,24,12,12
20090,Johnnypleb,blackrock,1144,priest,discipline,114,58,56
20091,Blacklemons,thrall,1144,priest,discipline,24,12,12
20092,Loliheal,blackmoore,1144,priest,discipline,34,13,21
20093,Mournus,defias-brotherhood,1142,priest,discipline,35,24,11
20094,Manau,culte-de-la-rive-noire,1142,priest,discipline,30,12,18
20095,Noskan,silvermoon,1141,priest,discipline,21,13,8
20096,Karzin,aggra-português,1141,priest,discipline,66,32,34
20097,Daesa,defias-brotherhood,1140,priest,discipline,24,14,10
20098,Dotterin,draenor,1140,priest,discipline,24,12,12
20099,Убивал,soulflayer,1140,priest,discipline,24,12,12
20100,Healy,blackrock,1140,priest,discipline,36,13,23
20101,Ebolaidman,ravencrest,1139,priest,discipline,18,12,6
20102,Гундяй,soulflayer,1139,priest,discipline,28,16,12
20103,Mädmän,draenor,1139,priest,discipline,72,38,34
20104,Kaydenkross,eredar,1139,priest,discipline,42,12,30
20105,Bacberon,skullcrusher,1138,priest,discipline,18,12,6
20106,Quinax,shattered-hand,1138,priest,discipline,24,12,12
20107,Boyraz,argent-dawn,1138,priest,discipline,48,21,27
20108,Chankro,sanguino,1137,priest,discipline,24,12,12
20109,Matiagmenh,stormscale,1137,priest,discipline,24,12,12
20110,Drüdkh,tarren-mill,1137,priest,discipline,36,12,24
20111,Canthms,twisting-nether,1136,priest,discipline,36,22,14
20112,Keimohansio,twisting-nether,1136,priest,discipline,48,23,25
20113,Seras,bloodfeather,1136,priest,discipline,102,46,56
20114,Guerilagusto,draenor,1136,priest,discipline,30,12,18
20115,Drissz,archimonde,1135,priest,discipline,24,12,12
20116,Darkheall,sanguino,1135,priest,discipline,50,21,29
20117,Angusbeêf,blackrock,1134,priest,discipline,60,32,28
20118,Арабет,galakrond,1133,priest,discipline,73,40,33
20119,Камшотхил,gordunni,1132,priest,discipline,36,18,18
20120,Taiyöshin,silvermoon,1132,priest,discipline,30,12,18
20121,Nazo,sylvanas,1129,priest,discipline,48,27,21
20122,Gromalia,hyjal,1129,priest,discipline,24,12,12
20123,Symeria,sylvanas,1129,priest,discipline,24,12,12
20124,Balhlin,argent-dawn,1129,priest,discipline,24,12,12
20125,Chega,malganis,1128,priest,discipline,78,30,48
20126,Jeez,twilights-hammer,1127,priest,discipline,36,12,24
20127,Frittê,anetheron,1124,priest,discipline,57,29,28
20128,Calsote,sanguino,1124,priest,discipline,36,12,24
20129,Spookyfive,blackhand,1123,priest,discipline,73,26,47
20130,Kurtse,archimonde,1121,priest,discipline,28,14,14
20131,Biblebabe,tarren-mill,1121,priest,discipline,24,12,12
20132,Марджелла,howling-fjord,1119,priest,discipline,28,13,15
20133,Iømÿnudir,archimonde,1119,priest,discipline,30,13,17
20134,Limpopon,doomhammer,1119,priest,discipline,39,15,24
20135,Necromania,cthun,1118,priest,discipline,49,21,28
20136,Эски,howling-fjord,1118,priest,discipline,30,12,18
20137,Thiela,ravencrest,1117,priest,discipline,20,13,7
20138,Nyell,silvermoon,1115,priest,discipline,22,12,10
20139,Bluxon,kazzak,1113,priest,discipline,22,12,10
20140,Sphard,ysondre,1113,priest,discipline,36,12,24
20141,Залупский,gordunni,1111,priest,discipline,24,12,12
20142,Dotsin,kazzak,1111,priest,discipline,175,85,90
20143,Milessa,steamwheedle-cartel,1111,priest,discipline,48,18,30
20144,Fetuz,ravenholdt,1109,priest,discipline,48,20,28
20145,Стаминабаф,gordunni,1108,priest,discipline,21,13,8
20146,Sisdenna,doomhammer,1108,priest,discipline,152,77,75
20147,Taili,ysondre,1107,priest,discipline,32,13,19
20148,Ожившийприст,soulflayer,1106,priest,discipline,63,31,32
20149,Deckardkain,pozzo-delleternità,1105,priest,discipline,60,33,27
20150,Valente,twisting-nether,1105,priest,discipline,60,22,38
20151,Джейнкелли,borean-tundra,1104,priest,discipline,80,49,31
20152,Lydîâ,blackhand,1102,priest,discipline,23,12,11
20153,Holyschidt,amanthul,1101,priest,discipline,40,17,23
20154,Möd,ragnaros,1100,priest,discipline,30,13,17
20155,Popegoat,ragnaros,1099,priest,discipline,29,23,6
20156,Neytirinqt,doomhammer,1095,priest,discipline,36,15,21
20157,Mjölkpelle,twisting-nether,1092,priest,discipline,18,14,4
20158,Mønti,onyxia,1092,priest,discipline,33,17,16
20159,Praywingsebb,nazjatar,1091,priest,discipline,24,13,11
20160,Гуляль,howling-fjord,1090,priest,discipline,42,26,16
20161,Pontifex,baelgun,1089,priest,discipline,24,14,10
20162,Zerula,outland,1089,priest,discipline,101,47,54
20163,Celero,silvermoon,1089,priest,discipline,36,15,21
20164,Ticklebell,ravencrest,1088,priest,discipline,66,37,29
20165,Çiione,archimonde,1086,priest,discipline,29,12,17
20166,Plaguetale,archimonde,1085,priest,discipline,30,17,13
20167,Prognosis,frostwhisper,1083,priest,discipline,36,17,19
20168,Mambanero,nemesis,1082,priest,discipline,69,30,39
20169,Nellytaa,dalaran,1080,priest,discipline,33,17,16
20170,Waxosc,silvermoon,1080,priest,discipline,68,28,40
20171,Mindcrackr,stormscale,1079,priest,discipline,18,13,5
20172,Salskagripme,ragnaros,1079,priest,discipline,18,12,6
20173,Deathspawn,hellscream,1079,priest,discipline,45,26,19
20174,Гомотряс,howling-fjord,1079,priest,discipline,102,54,48
20175,Rexxár,aszune,1079,priest,discipline,109,55,54
20176,Goatz,ragnaros,1078,priest,discipline,18,14,4
20177,Bálíé,blackmoore,1078,priest,discipline,72,35,37
20178,Ghostroller,ravencrest,1075,priest,discipline,23,12,11
20179,Ünholy,burning-legion,1071,priest,discipline,29,14,15
20180,Enilion,draenor,1071,priest,discipline,32,13,19
20181,Gudrinieks,shattered-halls,1070,priest,discipline,32,13,19
20182,Discoprillan,twisting-nether,1069,priest,discipline,43,23,20
20183,Lunairess,silvermoon,1069,priest,discipline,84,28,56
20184,Deeforce,argent-dawn,1067,priest,discipline,74,29,45
20185,Юкич,soulflayer,1065,priest,discipline,34,12,22
20186,Prazefin,twisting-nether,1060,priest,discipline,22,13,9
20187,Yânùx,aegwynn,1056,priest,discipline,12,11,1
20188,Schwypsvnr,garona,1056,priest,discipline,18,11,7
20189,Lmnsqzy,ravencrest,1056,priest,discipline,18,11,7
20190,Ferpy,ragnaros,1056,priest,discipline,18,11,7
20191,Jpucciù,ysondre,1056,priest,discipline,18,11,7
20192,Bindww,tarren-mill,1056,priest,discipline,18,11,7
20193,Prïstië,drakthul,1056,priest,discipline,54,26,28
20194,Stormmyy,kazzak,1056,priest,discipline,24,11,13
20195,Undeathy,ravencrest,1056,priest,discipline,24,11,13
20196,Kaiikoo,ravencrest,1056,priest,discipline,24,11,13
20197,Tazn,thrall,1056,priest,discipline,24,11,13
20198,Carpathîan,blackhand,1056,priest,discipline,72,25,47
20199,Céira,malganis,1055,priest,discipline,18,11,7
20200,Батлджес,gordunni,1055,priest,discipline,18,11,7
20201,Гоплзнекст,gordunni,1055,priest,discipline,18,11,7
20202,Kenobai,kazzak,1055,priest,discipline,18,11,7
20203,Pilgram,twilights-hammer,1055,priest,discipline,18,11,7
20204,Dathanosp,outland,1055,priest,discipline,18,11,7
20205,Manäka,hyjal,1055,priest,discipline,24,11,13
20206,Qpapi,quelthalas,1055,priest,discipline,24,11,13
20207,Eitukaeitai,outland,1055,priest,discipline,24,11,13
20208,Pureàngel,ravencrest,1055,priest,discipline,24,11,13
20209,Отклонен,soulflayer,1055,priest,discipline,24,11,13
20210,Voidjutsu,draenor,1055,priest,discipline,74,30,44
20211,Deshka,tarren-mill,1055,priest,discipline,30,11,19
20212,Лэсивэснэс,soulflayer,1055,priest,discipline,36,11,25
20213,Dubai,silvermoon,1055,priest,discipline,36,11,25
20214,Piperxp,ravencrest,1054,priest,discipline,18,11,7
20215,Jetlìfe,ysondre,1054,priest,discipline,18,11,7
20216,Rylpriest,blackmoore,1054,priest,discipline,18,11,7
20217,Leleg,blackhand,1054,priest,discipline,18,11,7
20218,Metapri,blackhand,1054,priest,discipline,23,14,9
20219,Faintly,emeriss,1054,priest,discipline,24,11,13
20220,Anzee,tarren-mill,1054,priest,discipline,24,11,13
20221,Arya,dunemaul,1054,priest,discipline,24,11,13
20222,Hòllymèdx,blackmoore,1054,priest,discipline,24,11,13
20223,Азмоддан,azuregos,1054,priest,discipline,36,11,25
20224,Szycho,burning-legion,1054,priest,discipline,36,11,25
20225,Cøvu,draenor,1053,priest,discipline,18,11,7
20226,Zeatt,ysera,1053,priest,discipline,18,11,7
20227,Towelie,stormscale,1053,priest,discipline,24,11,13
20228,Arjak,stormscale,1053,priest,discipline,24,11,13
20229,Aléhyl,la-croisade-écarlate,1053,priest,discipline,72,28,44
20230,Drwho,zuljin,1053,priest,discipline,33,12,21
20231,Jackyz,tarren-mill,1053,priest,discipline,36,11,25
20232,Papynou,garona,1052,priest,discipline,18,11,7
20233,Roshaltar,argent-dawn,1052,priest,discipline,42,25,17
20234,Пристохилю,gordunni,1051,priest,discipline,24,14,10
20235,Inaeries,argent-dawn,1051,priest,discipline,35,20,15
20236,Nevermyndz,blackmoore,1051,priest,discipline,24,11,13
20237,Fakéy,draenor,1050,priest,discipline,12,11,1
20238,Sokratina,ragnaros,1050,priest,discipline,18,11,7
20239,Cursedme,blackrock,1050,priest,discipline,18,11,7
20240,Smokäy,blackhand,1050,priest,discipline,24,11,13
20241,Junglepriest,ravencrest,1050,priest,discipline,24,11,13
20242,Hunfall,stormscale,1050,priest,discipline,24,11,13
20243,Baloopriest,grim-batol,1050,priest,discipline,30,11,19
20244,Zatón,dun-modr,1050,priest,discipline,30,11,19
20245,Villagegirlx,stormscale,1049,priest,discipline,18,11,7
20246,Icyc,outland,1049,priest,discipline,42,11,31
20247,Nøwénna,ravencrest,1049,priest,discipline,42,11,31
20248,Grausami,zuluhed,1048,priest,discipline,18,11,7
20249,Diskogoblin,drakthul,1048,priest,discipline,24,11,13
20250,Sanril,ragnaros,1048,priest,discipline,24,11,13
20251,Axewound,neptulon,1048,priest,discipline,25,11,14
20252,Neseig,blutkessel,1047,priest,discipline,18,11,7
20253,Blasfemo,nemesis,1047,priest,discipline,24,11,13
20254,Ilostmybible,runetotem,1047,priest,discipline,28,12,16
20255,Мерседулька,howling-fjord,1046,priest,discipline,22,12,10
20256,Ichpvpeuch,eredar,1046,priest,discipline,24,11,13
20257,Болътвоя,gordunni,1045,priest,discipline,18,11,7
20258,Jeanpipe,khaz-modan,1044,priest,discipline,12,11,1
20259,Eksel,silvermoon,1044,priest,discipline,24,11,13
20260,Needmana,hyjal,1044,priest,discipline,36,15,21
20261,Kaos,anetheron,1043,priest,discipline,15,13,2
20262,Ørrak,hyjal,1043,priest,discipline,18,11,7
20263,Ráka,earthen-ring,1043,priest,discipline,26,13,13
20264,Эллвинг,howling-fjord,1042,priest,discipline,23,12,11
20265,Apeist,outland,1042,priest,discipline,24,11,13
20266,Rhésùs,archimonde,1041,priest,discipline,44,25,19
20267,Dirim,silvermoon,1041,priest,discipline,24,11,13
20268,Holyskull,magtheridon,1041,priest,discipline,124,51,73
20269,Medycus,blackrock,1040,priest,discipline,18,11,7
20270,Khato,rexxar,1040,priest,discipline,21,12,9
20271,Tackerjoè,eredar,1040,priest,discipline,30,11,19
20272,Ksiadzrydzyk,draenor,1039,priest,discipline,18,11,7
20273,Thörbjorn,confrérie-du-thorium,1039,priest,discipline,24,12,12
20274,Worstdisceu,draenor,1039,priest,discipline,24,11,13
20275,Joebando,ravencrest,1038,priest,discipline,62,29,33
20276,Fingerblast,sanguino,1037,priest,discipline,24,12,12
20277,Juhduss,tarren-mill,1036,priest,discipline,18,11,7
20278,Давалкасвета,gordunni,1036,priest,discipline,32,13,19
20279,Sytrix,frostwolf,1034,priest,discipline,18,11,7
20280,Trimégiste,hyjal,1033,priest,discipline,112,57,55
20281,Whitemané,argent-dawn,1033,priest,discipline,50,25,25
20282,Pandalulz,turalyon,1031,priest,discipline,22,14,8
20283,Hónòr,sylvanas,1031,priest,discipline,41,11,30
20284,Devîlcry,nordrassil,1030,priest,discipline,36,18,18
20285,Pasalacabra,zuljin,1030,priest,discipline,24,11,13
20286,Îndura,drakthul,1029,priest,discipline,70,33,37
20287,Nupzie,stormscale,1029,priest,discipline,39,15,24
20288,Rydzyk,laughing-skull,1028,priest,discipline,24,13,11
20289,Nelvor,silvermoon,1027,priest,discipline,24,11,13
20290,Leønix,malfurion,1025,priest,discipline,21,12,9
20291,Bakris,twisting-nether,1024,priest,discipline,24,11,13
20292,Noserenity,outland,1023,priest,discipline,17,11,6
20293,Tmnewho,outland,1022,priest,discipline,22,12,10
20294,Stigy,auchindoun,1022,priest,discipline,24,11,13
20295,Tori,marécage-de-zangar,1021,priest,discipline,20,12,8
20296,Sòsò,archimonde,1018,priest,discipline,60,25,35
20297,Grgovan,kazzak,1017,priest,discipline,15,12,3
20298,Xanndro,argent-dawn,1014,priest,discipline,34,13,21
20299,Gronni,argent-dawn,1012,priest,discipline,30,15,15
20300,Ghorfindel,kaelthas,1012,priest,discipline,23,11,12
20301,Mocnymaco,burning-blade,1009,priest,discipline,121,61,60
20302,Morrydin,stormreaver,1009,priest,discipline,22,11,11
20303,Yøzø,blackhand,1009,priest,discipline,63,27,36
20304,Hinkelstein,defias-brotherhood,1008,priest,discipline,32,18,14
20305,Zurlyne,ravencrest,1007,priest,discipline,21,12,9
20306,Discoruzki,ravencrest,1007,priest,discipline,23,11,12
20307,Howlscastie,stormscale,1007,priest,discipline,54,22,32
20308,Телоури,galakrond,1004,priest,discipline,27,12,15
20309,Boomhilde,aegwynn,1003,priest,discipline,182,89,93
20310,Kallsen,ravencrest,1002,priest,discipline,45,28,17
20311,Шадия,ashenvale,1002,priest,discipline,20,12,8
20312,Sixeus,outland,1002,priest,discipline,26,12,14
20313,Steadyog,doomhammer,1000,priest,discipline,24,16,8
20314,Mijuuk,zuljin,1000,priest,discipline,36,23,13
20315,Buzzard,frostmourne,1000,priest,discipline,24,15,9
20316,Rrpriest,silvermoon,998,priest,discipline,68,23,45
20317,Вальдемарс,howling-fjord,996,priest,discipline,29,11,18
20318,Kenderke,ragnaros,994,priest,discipline,23,11,12
20319,Negativeapm,archimonde,991,priest,discipline,17,11,6
20320,Therealopa,blackmoore,991,priest,discipline,98,45,53
20321,Burnesenbois,chogall,991,priest,discipline,29,11,18
20322,Healheal,outland,986,priest,discipline,42,18,24
20323,Killerkende,ragnaros,984,priest,discipline,22,11,11
20324,Huzlin,kazzak,983,priest,discipline,28,11,17
20325,Lichtelaaie,quelthalas,980,priest,discipline,24,15,9
20326,Kyrédan,dalaran,979,priest,discipline,94,48,46
20327,Satanspawn,neptulon,977,priest,discipline,64,23,41
20328,Эннхэтэуэй,soulflayer,972,priest,discipline,19,11,8
20329,Borrex,sanguino,971,priest,discipline,13,11,2
20330,Shalacho,blackrock,970,priest,discipline,52,23,29
20331,Эрьеро,gordunni,970,priest,discipline,36,11,25
20332,Васпохилить,howling-fjord,969,priest,discipline,32,15,17
20333,Paradigma,outland,964,priest,discipline,35,19,16
20334,Äwësömë,aggra-português,962,priest,discipline,24,12,12
20335,Presbyter,mazrigos,961,priest,discipline,21,11,10
20336,Didinini,outland,961,priest,discipline,46,24,22
20337,Доминантрикс,soulflayer,961,priest,discipline,25,11,14
20338,Níghty,ravencrest,960,priest,discipline,12,10,2
20339,Hopeso,silvermoon,960,priest,discipline,12,10,2
20340,Ghettonelf,sylvanas,960,priest,discipline,12,10,2
20341,Piccolamorte,ysondre,960,priest,discipline,12,10,2
20342,Lanat,ravencrest,960,priest,discipline,12,10,2
20343,Ринкуку,howling-fjord,960,priest,discipline,18,10,8
20344,Sadsadsad,ravencrest,960,priest,discipline,18,10,8
20345,Lexojam,ravencrest,960,priest,discipline,18,10,8
20346,Iloveilka,madmortem,960,priest,discipline,18,10,8
20347,Theythem,stormscale,960,priest,discipline,18,10,8
20348,Asýnc,ravencrest,960,priest,discipline,18,10,8
20349,Пухлаясвинка,fordragon,960,priest,discipline,18,10,8
20350,Фотосз,soulflayer,960,priest,discipline,18,10,8
20351,Teradros,blackhand,960,priest,discipline,18,10,8
20352,Wyrofear,ragnaros,960,priest,discipline,18,10,8
20353,Deathblind,blackmoore,960,priest,discipline,24,10,14
20354,Prêtresacré,archimonde,960,priest,discipline,24,10,14
20355,Undeadpriest,aegwynn,960,priest,discipline,24,10,14
20356,Rmpriest,blackhand,960,priest,discipline,24,10,14
20357,Casic,blackhand,959,priest,discipline,12,10,2
20358,Ðaala,blackrock,959,priest,discipline,18,10,8
20359,Рыжаякискис,soulflayer,959,priest,discipline,18,10,8
20360,Waffur,twisting-nether,959,priest,discipline,18,10,8
20361,Healbotmvp,ravencrest,959,priest,discipline,18,10,8
20362,Yaoz,sanguino,959,priest,discipline,18,10,8
20363,Animalrescue,draenor,959,priest,discipline,18,10,8
20364,Lèss,ysondre,959,priest,discipline,18,10,8
20365,Joeasaurs,ragnaros,959,priest,discipline,21,11,10
20366,Eyesønyou,nemesis,959,priest,discipline,21,11,10
20367,Aurorä,burning-legion,959,priest,discipline,24,10,14
20368,Phyxiusx,stormscale,959,priest,discipline,24,10,14
20369,Raw,dragonblight,959,priest,discipline,24,10,14
20370,Skarnir,uldaman,959,priest,discipline,27,11,16
20371,Chabih,ravencrest,959,priest,discipline,30,10,20
20372,Ykiotonegawa,twisting-nether,959,priest,discipline,30,10,20
20373,Zarez,stormscale,959,priest,discipline,38,12,26
20374,Mêduse,ravencrest,959,priest,discipline,39,11,28
20375,Sadgelands,outland,958,priest,discipline,18,10,8
20376,Gingerflexay,archimonde,958,priest,discipline,18,10,8
20377,Elinaa,die-aldor,958,priest,discipline,18,10,8
20378,Ezcobar,twilights-hammer,958,priest,discipline,18,10,8
20379,Vo,dentarg,958,priest,discipline,18,10,8
20380,Goldgot,tarren-mill,958,priest,discipline,18,10,8
20381,Radiancekey,sanguino,958,priest,discipline,24,10,14
20382,Ømñyx,outland,958,priest,discipline,24,10,14
20383,Faíht,blackrock,958,priest,discipline,24,10,14
20384,Träskfarfar,tarren-mill,958,priest,discipline,24,10,14
20385,Sws,throkferoth,957,priest,discipline,12,10,2
20386,Anyndra,twisting-nether,957,priest,discipline,18,10,8
20387,Huhu,defias-brotherhood,957,priest,discipline,18,10,8
20388,Вейтарен,gordunni,957,priest,discipline,30,10,20
20389,Cidrea,saurfang,956,priest,discipline,18,10,8
20390,Nastynina,frostwhisper,956,priest,discipline,24,10,14
20391,Chukwundi,ravencrest,956,priest,discipline,78,28,50
20392,Vadhänder,the-maelstrom,955,priest,discipline,24,10,14
20393,Velosp,defias-brotherhood,955,priest,discipline,24,10,14
20394,Zyrexan,defias-brotherhood,955,priest,discipline,30,10,20
20395,Texstil,blackmoore,954,priest,discipline,18,10,8
20396,Hempukka,spinebreaker,954,priest,discipline,24,10,14
20397,Suchetto,kazzak,954,priest,discipline,24,10,14
20398,Ministry,tirion,954,priest,discipline,24,10,14
20399,Chilltcaster,blackrock,954,priest,discipline,26,10,16
20400,Relöaded,kazzak,954,priest,discipline,30,10,20
20401,Юбич,soulflayer,953,priest,discipline,18,10,8
20402,Várósh,blackmoore,953,priest,discipline,24,10,14
20403,Matsipri,sylvanas,951,priest,discipline,24,10,14
20404,Фионыч,blackscar,951,priest,discipline,24,10,14
20405,Boniesmack,stormscale,951,priest,discipline,24,10,14
20406,Nasirjones,outland,950,priest,discipline,18,10,8
20407,Chukapi,stormscale,950,priest,discipline,18,10,8
20408,Mallkie,ysondre,947,priest,discipline,18,10,8
20409,Priincess,ragnaros,947,priest,discipline,22,12,10
20410,Perxonx,twisting-nether,946,priest,discipline,12,10,2
20411,Pínx,nerathor,946,priest,discipline,24,10,14
20412,Vecaya,blackrock,945,priest,discipline,18,10,8
20413,Залик,soulflayer,945,priest,discipline,24,10,14
20414,Заплетальщик,howling-fjord,942,priest,discipline,40,20,20
20415,Togx,silvermoon,942,priest,discipline,24,10,14
20416,Søb,silvermoon,942,priest,discipline,29,10,19
20417,Mewdewrewrx,arathor,941,priest,discipline,18,10,8
20418,Vepa,blackrock,941,priest,discipline,40,19,21
20419,Perlo,sanguino,940,priest,discipline,89,47,42
20420,Deppara,twisting-nether,939,priest,discipline,18,10,8
20421,Moinmeister,frostmourne,939,priest,discipline,29,15,14
20422,Khai,tarren-mill,935,priest,discipline,65,27,38
20423,Eleveno,ravencrest,934,priest,discipline,54,26,28
20424,Sednâ,conseil-des-ombres,931,priest,discipline,23,10,13
20425,Педаньтяйка,gordunni,930,priest,discipline,42,24,18
20426,Лайбаси,howling-fjord,927,priest,discipline,24,11,13
20427,Góldfinger,norgannon,926,priest,discipline,23,10,13
20428,Pavyone,twisting-nether,926,priest,discipline,23,10,13
20429,Ranevskiy,kazzak,925,priest,discipline,31,11,20
20430,Aliasus,archimonde,924,priest,discipline,17,10,7
20431,Meodor,antonidas,923,priest,discipline,24,14,10
20432,Felbs,defias-brotherhood,923,priest,discipline,63,21,42
20433,Morgoh,die-arguswacht,917,priest,discipline,90,42,48
20434,Pulttipiispa,ravencrest,916,priest,discipline,23,10,13
20435,Elba,defias-brotherhood,916,priest,discipline,24,10,14
20436,Kashmirweed,ravencrest,916,priest,discipline,48,17,31
20437,Nunnis,kazzak,912,priest,discipline,150,76,74
20438,Аргла,soulflayer,912,priest,discipline,66,24,42
20439,Vicwix,draenor,910,priest,discipline,17,10,7
20440,Anethron,ragnaros,910,priest,discipline,42,16,26
20441,Zthul,draenor,909,priest,discipline,27,11,16
20442,Titibolls,sanguino,908,priest,discipline,23,10,13
20443,Immórtal,tarren-mill,908,priest,discipline,30,10,20
20444,Ebashuvkashu,stormscale,906,priest,discipline,23,10,13
20445,Mércíless,ravencrest,905,priest,discipline,17,10,7
20446,Priezeke,aggramar,905,priest,discipline,24,13,11
20447,Theunknown,stormscale,903,priest,discipline,29,11,18
20448,Absinthamos,eredar,895,priest,discipline,16,10,6
20449,Koderpl,burning-legion,894,priest,discipline,31,16,15
20450,Aliciakeys,twilights-hammer,892,priest,discipline,28,10,18
20451,Nosgot,earthen-ring,889,priest,discipline,30,14,16
20452,Blååb,draenor,879,priest,discipline,19,10,9
20453,Chillx,blackmoore,878,priest,discipline,85,45,40
20454,Teyranamin,defias-brotherhood,875,priest,discipline,19,10,9
20455,Bromine,twisting-nether,872,priest,discipline,17,12,5
20456,Cleancf,blackhand,872,priest,discipline,191,84,107
20457,Amaretta,perenolde,872,priest,discipline,32,13,19
20458,Borgír,burning-legion,871,priest,discipline,27,11,16
20459,Toks,stormscale,871,priest,discipline,45,10,35
20460,Elfiontko,burning-legion,870,priest,discipline,24,11,13
20461,Smitey,terenas,867,priest,discipline,22,10,12
20462,Ohiofromntty,ravencrest,864,priest,discipline,12,9,3
20463,Pohja,veknilash,864,priest,discipline,12,9,3
20464,Slovak,stormscale,864,priest,discipline,12,9,3
20465,Monflouz,archimonde,864,priest,discipline,12,9,3
20466,Cyúxyúvteea,ravencrest,864,priest,discipline,12,9,3
20467,Lidlpriest,frostwolf,864,priest,discipline,12,9,3
20468,Priéstitude,kazzak,864,priest,discipline,12,9,3
20469,Kekkonh,sylvanas,864,priest,discipline,12,9,3
20470,Sørcedote,dun-modr,864,priest,discipline,18,9,9
20471,Закс,blackscar,864,priest,discipline,18,9,9
20472,Жентельмен,deathguard,864,priest,discipline,18,9,9
20473,Lâñàt,ravencrest,864,priest,discipline,18,9,9
20474,Heavensfire,twisting-nether,864,priest,discipline,18,9,9
20475,Størmblaze,stormreaver,864,priest,discipline,18,9,9
20476,Yroe,gorgonnash,864,priest,discipline,18,9,9
20477,Dexlolo,stormscale,864,priest,discipline,18,9,9
20478,Heab,aegwynn,864,priest,discipline,18,9,9
20479,Lexìì,archimonde,864,priest,discipline,18,9,9
20480,Prästpåven,stormscale,864,priest,discipline,18,9,9
20481,Svetozarov,wildhammer,864,priest,discipline,18,9,9
20482,Muant,twisting-nether,864,priest,discipline,18,9,9
20483,Cctw,archimonde,864,priest,discipline,18,9,9
20484,Падлез,howling-fjord,864,priest,discipline,24,9,15
20485,Próxs,ravencrest,864,priest,discipline,24,9,15
20486,Víd,dun-morogh,864,priest,discipline,24,9,15
20487,Supemi,stormscale,864,priest,discipline,24,9,15
20488,Smitebone,tarren-mill,864,priest,discipline,24,9,15
20489,Frígídhealz,outland,864,priest,discipline,24,9,15
20490,Itsdiscobaby,auchindoun,864,priest,discipline,24,9,15
20491,Chocomiette,archimonde,864,priest,discipline,25,9,16
20492,Devastris,ravencrest,864,priest,discipline,30,9,21
20493,Simza,azuremyst,863,priest,discipline,12,9,3
20494,Фрустрациия,soulflayer,863,priest,discipline,22,12,10
20495,Markianos,silvermoon,863,priest,discipline,18,9,9
20496,Sacreth,ragnaros,863,priest,discipline,18,9,9
20497,Giily,archimonde,863,priest,discipline,18,9,9
20498,Ratingfeeder,tarren-mill,863,priest,discipline,18,9,9
20499,Дакимакурах,gordunni,863,priest,discipline,18,9,9
20500,Juliane,trollbane,863,priest,discipline,18,9,9
20501,Øk,draenor,863,priest,discipline,18,9,9
20502,Fabuliciøus,blackrock,863,priest,discipline,18,9,9
20503,Psi,hakkar,863,priest,discipline,18,9,9
20504,Mïxa,eitrigg,863,priest,discipline,18,9,9
20505,Naberus,ragnaros,863,priest,discipline,19,9,10
20506,Senza,ysondre,863,priest,discipline,24,9,15
20507,Xyliqa,aegwynn,863,priest,discipline,24,9,15
20508,Rixis,la-croisade-écarlate,863,priest,discipline,24,9,15
20509,Sctheal,outland,863,priest,discipline,24,9,15
20510,Bornxgood,kazzak,863,priest,discipline,24,9,15
20511,Intentoso,nemesis,863,priest,discipline,24,9,15
20512,Skinandbones,sylvanas,863,priest,discipline,30,9,21
20513,Søkariss,elune,862,priest,discipline,12,9,3
20514,Jána,argent-dawn,862,priest,discipline,12,9,3
20515,Gnomeeater,silvermoon,862,priest,discipline,12,9,3
20516,Joeshmoex,blackrock,862,priest,discipline,12,9,3
20517,Vandansk,kazzak,862,priest,discipline,12,9,3
20518,Rawelf,ravencrest,862,priest,discipline,12,9,3
20519,Jaesabøyx,twisting-nether,862,priest,discipline,18,9,9
20520,Sandcastles,ravencrest,862,priest,discipline,18,9,9
20521,Бахчи,thermaplugg,862,priest,discipline,18,9,9
20522,Widöw,cthun,862,priest,discipline,18,9,9
20523,Carlye,stormreaver,862,priest,discipline,18,9,9
20524,Hiimpinxî,ragnaros,862,priest,discipline,18,9,9
20525,Skyalpha,silvermoon,862,priest,discipline,18,9,9
20526,Сегуната,howling-fjord,862,priest,discipline,24,9,15
20527,Vædan,drakthul,861,priest,discipline,12,9,3
20528,Durmadanbas,ravencrest,861,priest,discipline,24,9,15
20529,Manuba,antonidas,860,priest,discipline,18,9,9
20530,Nhajÿ,hyjal,859,priest,discipline,24,9,15
20531,ßlowska,hyjal,859,priest,discipline,24,9,15
20532,Shadoomed,kazzak,859,priest,discipline,24,9,15
20533,Réborn,tarren-mill,858,priest,discipline,12,9,3
20534,Priestige,spinebreaker,858,priest,discipline,18,9,9
20535,Dorisdiesel,ravencrest,858,priest,discipline,24,9,15
20536,Dotmaker,sanguino,858,priest,discipline,24,9,15
20537,Omnissiiah,silvermoon,858,priest,discipline,30,9,21
20538,Fatalyse,ysondre,857,priest,discipline,36,16,20
20539,Slyntan,ragnaros,856,priest,discipline,18,9,9
20540,Pénancé,defias-brotherhood,856,priest,discipline,24,9,15
20541,Calenberhtil,burning-legion,855,priest,discipline,18,9,9
20542,Lunarg,die-ewige-wacht,855,priest,discipline,18,9,9
20543,Nilsatis,grim-batol,855,priest,discipline,59,25,34
20544,Cahuña,thrall,854,priest,discipline,24,10,14
20545,Rhåenyra,ravencrest,851,priest,discipline,18,9,9
20546,Saskiaa,doomhammer,851,priest,discipline,48,21,27
20547,Jagersmite,twisting-nether,851,priest,discipline,24,9,15
20548,Reighl,drakthul,850,priest,discipline,18,9,9
20549,Drynte,blackmoore,847,priest,discipline,23,9,14
20550,Babbúb,tarren-mill,847,priest,discipline,23,9,14
20551,Clergy,nagrand,842,priest,discipline,18,9,9
20552,Seiigops,ysondre,839,priest,discipline,12,9,3
20553,Evastemplar,turalyon,836,priest,discipline,24,9,15
20554,Socratés,antonidas,834,priest,discipline,66,27,39
20555,Valinoru,silvermoon,831,priest,discipline,17,9,8
20556,Spooka,ravencrest,831,priest,discipline,17,9,8
20557,Mílérí,ravencrest,830,priest,discipline,23,9,14
20558,Тэслос,howling-fjord,829,priest,discipline,23,9,14
20559,Illüminaty,sylvanas,828,priest,discipline,26,10,16
20560,Waikiki,ambossar,827,priest,discipline,16,10,6
20561,Nioubèy,archimonde,825,priest,discipline,17,9,8
20562,Ladá,stormscale,815,priest,discipline,19,9,10
20563,Squidlicker,twisting-nether,814,priest,discipline,17,9,8
20564,Lyim,stormscale,814,priest,discipline,17,9,8
20565,Bolíngbroke,argent-dawn,809,priest,discipline,35,9,26
20566,Solaní,antonidas,808,priest,discipline,26,11,15
20567,Rhanira,aegwynn,800,priest,discipline,17,9,8
20568,Pillian,nordrassil,799,priest,discipline,16,9,7
20569,Obito,outland,799,priest,discipline,17,9,8
20570,Iloa,dun-morogh,799,priest,discipline,17,9,8
20571,Pescá,cthun,798,priest,discipline,14,10,4
20572,Lacrum,ragnaros,790,priest,discipline,20,10,10
20573,Gandzaa,silvermoon,785,priest,discipline,21,9,12
20574,Протомуу,gordunni,783,priest,discipline,11,9,2
20575,Homxcxde,ravencrest,777,priest,discipline,26,10,16
20576,Enaches,twisting-nether,773,priest,discipline,19,9,10
20577,Apóllyon,antonidas,769,priest,discipline,22,9,13
20578,Ewamlf,drakthul,768,priest,discipline,12,8,4
20579,Oldnbad,archimonde,768,priest,discipline,12,8,4
20580,Killafoolx,silvermoon,768,priest,discipline,12,8,4
20581,Tobadforglad,khaz-modan,768,priest,discipline,12,8,4
20582,Gobblestick,draenor,768,priest,discipline,12,8,4
20583,Dimsim,kazzak,768,priest,discipline,12,8,4
20584,Ltr,tarren-mill,768,priest,discipline,12,8,4
20585,Anabølix,ravencrest,768,priest,discipline,12,8,4
20586,Iyannà,blackrock,768,priest,discipline,12,8,4
20587,Tinypump,silvermoon,768,priest,discipline,12,8,4
20588,Makkesfil,stormscale,768,priest,discipline,12,8,4
20589,Absôlutvôdka,twisting-nether,768,priest,discipline,12,8,4
20590,Indrades,blackmoore,768,priest,discipline,12,8,4
20591,Dezless,tarren-mill,768,priest,discipline,12,8,4
20592,Orkanwal,ravencrest,768,priest,discipline,12,8,4
20593,Nitroze,stormscale,768,priest,discipline,12,8,4
20594,Mewdi,outland,768,priest,discipline,12,8,4
20595,Joeblowx,blackrock,768,priest,discipline,12,8,4
20596,Blessedmix,korgall,768,priest,discipline,12,8,4
20597,Soylaleche,ravencrest,768,priest,discipline,12,8,4
20598,Xandrial,blackmoore,768,priest,discipline,12,8,4
20599,Makrophage,mannoroth,768,priest,discipline,12,8,4
20600,Omgitshuux,blackmoore,768,priest,discipline,12,8,4
20601,Shieldyman,silvermoon,768,priest,discipline,18,8,10
20602,Foh,antonidas,768,priest,discipline,18,8,10
20603,Floorpovx,blackmoore,768,priest,discipline,18,8,10
20604,Aelíth,archimonde,768,priest,discipline,18,8,10
20605,Kristianburn,arathi,768,priest,discipline,18,8,10
20606,Alexwinkwink,kazzak,768,priest,discipline,18,8,10
20607,Fainttnt,stormscale,768,priest,discipline,18,8,10
20608,Ssjx,ravencrest,768,priest,discipline,18,8,10
20609,Karmev,twisting-nether,768,priest,discipline,18,8,10
20610,Pikaboom,the-maelstrom,768,priest,discipline,18,8,10
20611,Moyoo,kazzak,768,priest,discipline,18,8,10
20612,Azpr,ravencrest,768,priest,discipline,18,8,10
20613,Dokwhite,blackrock,768,priest,discipline,18,8,10
20614,Redempt,nemesis,768,priest,discipline,18,8,10
20615,Theblank,pozzo-delleternità,768,priest,discipline,18,8,10
20616,Uanna,ravencrest,768,priest,discipline,18,8,10
20617,Louiepr,outland,768,priest,discipline,18,8,10
20618,Nstp,zuljin,768,priest,discipline,18,8,10
20619,Hurtless,ravencrest,768,priest,discipline,21,8,13
20620,Yzina,archimonde,768,priest,discipline,24,8,16
20621,Aist,ragnaros,768,priest,discipline,24,8,16
20622,Prestigé,vashj,768,priest,discipline,24,8,16
20623,Trickyteè,tarren-mill,768,priest,discipline,24,8,16
20624,Rmp,stormscale,768,priest,discipline,24,8,16
20625,Devilitry,tarren-mill,768,priest,discipline,24,8,16
20626,Stahpit,twisting-nether,768,priest,discipline,24,8,16
20627,Nuriva,frostmane,768,priest,discipline,30,8,22
20628,Leçke,ravencrest,767,priest,discipline,12,8,4
20629,Cainactor,drakthul,767,priest,discipline,12,8,4
20630,Kletroll,archimonde,767,priest,discipline,12,8,4
20631,Ompala,shattered-hand,767,priest,discipline,12,8,4
20632,Rihx,ysondre,767,priest,discipline,12,8,4
20633,Vaßpera,tarren-mill,767,priest,discipline,12,8,4
20634,Neeti,kazzak,767,priest,discipline,12,8,4
20635,Ingvár,blackrock,767,priest,discipline,12,8,4
20636,Sethp,hyjal,767,priest,discipline,12,8,4
20637,Pumpkin,aggramar,767,priest,discipline,12,8,4
20638,Ðelftware,tarren-mill,767,priest,discipline,12,8,4
20639,Prästbaazil,ragnaros,767,priest,discipline,18,8,10
20640,Arwén,zuljin,767,priest,discipline,18,8,10
20641,Dathanosx,outland,767,priest,discipline,18,8,10
20642,Шэдоура,gordunni,767,priest,discipline,18,8,10
20643,Durinko,thunderhorn,767,priest,discipline,18,8,10
20644,Kitanai,silvermoon,767,priest,discipline,18,8,10
20645,Heilerharry,blackmoore,767,priest,discipline,18,8,10
20646,Kämels,ravencrest,767,priest,discipline,18,8,10
20647,Holyshifts,silvermoon,767,priest,discipline,18,8,10
20648,Khaag,korgall,767,priest,discipline,18,8,10
20649,Luminouzilla,tarren-mill,767,priest,discipline,18,8,10
20650,Bejud,tarren-mill,767,priest,discipline,18,8,10
20651,Pakmopriest,ragnaros,767,priest,discipline,24,8,16
20652,Healenax,ravencrest,767,priest,discipline,24,8,16
20653,Anadyia,aegwynn,767,priest,discipline,24,8,16
20654,Smålbenör,stormreaver,766,priest,discipline,12,8,4
20655,Кфень,soulflayer,766,priest,discipline,16,9,7
20656,Børisheal,draenor,766,priest,discipline,18,8,10
20657,Lianny,sylvanas,766,priest,discipline,18,8,10
20658,Letmehêal,archimonde,766,priest,discipline,18,8,10
20659,Chuntriest,shadowsong,766,priest,discipline,18,8,10
20660,Malíficent,draenor,766,priest,discipline,18,8,10
20661,Сайларс,howling-fjord,766,priest,discipline,18,8,10
20662,Appox,amanthul,766,priest,discipline,18,8,10
20663,Летиин,gordunni,766,priest,discipline,24,8,16
20664,Sazo,drakthul,766,priest,discipline,24,8,16
20665,Lunegrise,archimonde,766,priest,discipline,24,8,16
20666,Baybe,ravencrest,765,priest,discipline,12,8,4
20667,Akadras,blackmoore,765,priest,discipline,12,8,4
20668,Pure,kazzak,765,priest,discipline,12,8,4
20669,Amambo,chamber-of-aspects,765,priest,discipline,12,8,4
20670,Quisira,aegwynn,765,priest,discipline,12,8,4
20671,Pocketsimp,stormscale,765,priest,discipline,18,8,10
20672,Julianpriest,nethersturm,765,priest,discipline,22,9,13
20673,Thakjing,bladefist,765,priest,discipline,24,8,16
20674,Uglypriest,grim-batol,764,priest,discipline,12,8,4
20675,Swdscript,drakthul,764,priest,discipline,18,8,10
20676,Irenedwen,silvermoon,764,priest,discipline,18,8,10
20677,Buttafly,archimonde,764,priest,discipline,18,8,10
20678,Жрицазла,soulflayer,763,priest,discipline,18,8,10
20679,Mefeon,draenor,763,priest,discipline,18,8,10
20680,Malyzion,draenor,763,priest,discipline,18,8,10
20681,Pabli,argent-dawn,763,priest,discipline,18,8,10
20682,Nightshådøw,silvermoon,762,priest,discipline,22,10,12
20683,Xmassdispel,tarren-mill,762,priest,discipline,18,8,10
20684,Злюкыч,gordunni,761,priest,discipline,20,8,12
20685,Келебриана,deepholm,759,priest,discipline,12,8,4
20686,Sîanah,archimonde,754,priest,discipline,12,8,4
20687,Попячебрило,gordunni,754,priest,discipline,18,8,10
20688,Omened,nemesis,751,priest,discipline,17,8,9
20689,Tïniebla,dun-modr,750,priest,discipline,18,8,10
20690,Carcaz,blackmoore,750,priest,discipline,23,10,13
20691,Пофанчику,soulflayer,747,priest,discipline,33,14,19
20692,Lazzariah,ravencrest,742,priest,discipline,18,8,10
20693,Banaynay,bronzebeard,735,priest,discipline,23,8,15
20694,Ислейн,howling-fjord,735,priest,discipline,29,8,21
20695,Staatsfeind,blackmoore,734,priest,discipline,14,9,5
20696,Blorpan,tarren-mill,734,priest,discipline,26,9,17
20697,Bigfnatlund,silvermoon,733,priest,discipline,17,8,9
20698,Amoorâ,twisting-nether,732,priest,discipline,11,8,3
20699,Cthultist,dun-modr,728,priest,discipline,26,9,17
20700,Abstauberin,blackrock,723,priest,discipline,22,8,14
20701,Pnsl,dun-morogh,723,priest,discipline,36,11,25
20702,Stormééz,bronzebeard,722,priest,discipline,32,9,23
20703,Bigwoopsie,stormscale,719,priest,discipline,19,9,10
20704,Telpriest,blackrock,710,priest,discipline,25,9,16
20705,Greenlizard,stormreaver,704,priest,discipline,22,8,14
20706,Sacerdotini,outland,702,priest,discipline,19,9,10
20707,Holyheartx,argent-dawn,692,priest,discipline,28,9,19
20708,Sapieha,burning-legion,687,priest,discipline,11,8,3
20709,Trixix,ragnaros,684,priest,discipline,14,8,6
20710,Seidel,aggramar,682,priest,discipline,16,8,8
20711,Holymoni,ragnaros,680,priest,discipline,16,8,8
20712,Nightsøul,ragnaros,672,priest,discipline,12,7,5
20713,Dombili,frostmane,672,priest,discipline,12,7,5
20714,Furtnajebany,tarren-mill,672,priest,discipline,12,7,5
20715,Shuya,archimonde,672,priest,discipline,12,7,5
20716,Binkx,tarren-mill,672,priest,discipline,12,7,5
20717,Xians,alakir,672,priest,discipline,12,7,5
20718,Goodra,sylvanas,672,priest,discipline,12,7,5
20719,Infandus,pozzo-delleternità,672,priest,discipline,12,7,5
20720,Monstretpr,dragonblight,672,priest,discipline,12,7,5
20721,Tâmshi,dun-modr,672,priest,discipline,12,7,5
20722,Petitogré,silvermoon,672,priest,discipline,12,7,5
20723,Fåye,ravencrest,672,priest,discipline,12,7,5
20724,Pattie,ragnaros,672,priest,discipline,12,7,5
20725,Rixfoulah,ysondre,672,priest,discipline,12,7,5
20726,Wurstpriest,silvermoon,672,priest,discipline,12,7,5
20727,Plåster,dunemaul,672,priest,discipline,12,7,5
20728,Yarok,anubarak,672,priest,discipline,12,7,5
20729,Magiclands,twisting-nether,672,priest,discipline,12,7,5
20730,Morphics,silvermoon,672,priest,discipline,12,7,5
20731,Fkitweball,argent-dawn,672,priest,discipline,12,7,5
20732,Sinnestrike,tarren-mill,672,priest,discipline,12,7,5
20733,Gudjon,dragonblight,672,priest,discipline,12,7,5
20734,Feniyxa,die-aldor,672,priest,discipline,12,7,5
20735,Bebydaniwey,eredar,672,priest,discipline,12,7,5
20736,Daskemaskinx,the-maelstrom,672,priest,discipline,12,7,5
20737,Gladíator,blackhand,672,priest,discipline,12,7,5
20738,Womanwonderf,ravencrest,672,priest,discipline,12,7,5
20739,Striderz,outland,672,priest,discipline,12,7,5
20740,Bunnygxrl,ravencrest,672,priest,discipline,12,7,5
20741,Voleck,aegwynn,672,priest,discipline,12,7,5
20742,Yungmazikeen,archimonde,672,priest,discipline,12,7,5
20743,Evypriest,draenor,672,priest,discipline,12,7,5
20744,Xethh,stormscale,672,priest,discipline,12,7,5
20745,Touchypunk,ravencrest,672,priest,discipline,12,7,5
20746,Longheals,stormscale,672,priest,discipline,12,7,5
20747,Maikzky,stormreaver,672,priest,discipline,12,7,5
20748,Дефаенс,soulflayer,672,priest,discipline,12,7,5
20749,Smiteweaver,drakthul,672,priest,discipline,12,7,5
20750,Lowhealing,kazzak,672,priest,discipline,12,7,5
20751,Pollution,ragnaros,672,priest,discipline,12,7,5
20752,Discobeb,les-clairvoyants,672,priest,discipline,12,7,5
20753,Mdmaster,stormreaver,672,priest,discipline,12,7,5
20754,Moppriest,twisting-nether,672,priest,discipline,12,7,5
20755,Dealtime,ysondre,672,priest,discipline,12,7,5
20756,Healicious,teldrassil,672,priest,discipline,12,7,5
20757,Pflanzenmann,nozdormu,672,priest,discipline,12,7,5
20758,Uadedez,tarren-mill,672,priest,discipline,13,7,6
20759,Xourin,blackrock,672,priest,discipline,16,8,8
20760,Soziy,silvermoon,672,priest,discipline,15,7,8
20761,Ominoushell,twisting-nether,672,priest,discipline,15,7,8
20762,Halysis,chamber-of-aspects,672,priest,discipline,16,7,9
20763,Lasyran,outland,672,priest,discipline,18,7,11
20764,Redlight,ysondre,672,priest,discipline,18,7,11
20765,Stampo,draenor,672,priest,discipline,18,7,11
20766,Cház,sanguino,672,priest,discipline,18,7,11
20767,Priszt,arathor,672,priest,discipline,18,7,11
20768,Dxlkekss,blackmoore,672,priest,discipline,18,7,11
20769,Bij,outland,672,priest,discipline,18,7,11
20770,Nidetha,draenor,672,priest,discipline,18,7,11
20771,Onyoureyebal,vashj,672,priest,discipline,18,7,11
20772,Paterfisl,ragnaros,672,priest,discipline,18,7,11
20773,Shockpriest,grim-batol,672,priest,discipline,18,7,11
20774,Holysjodin,tarren-mill,672,priest,discipline,18,7,11
20775,Ðanilosp,dun-modr,672,priest,discipline,18,7,11
20776,Bubblebuddy,draenor,672,priest,discipline,18,7,11
20777,Опрометчивый,soulflayer,672,priest,discipline,18,7,11
20778,Theycmedotin,blackhand,672,priest,discipline,24,7,17
20779,Hiliom,ahnqiraj,672,priest,discipline,24,7,17
20780,Chekkó,blackrock,672,priest,discipline,24,7,17
20781,Exaneo,ragnaros,672,priest,discipline,24,7,17
20782,Lish,dun-modr,671,priest,discipline,12,7,5
20783,Ehther,dun-modr,671,priest,discipline,12,7,5
20784,Gagai,ravencrest,671,priest,discipline,12,7,5
20785,Ylivoima,stormscale,671,priest,discipline,12,7,5
20786,Ezhealing,ravencrest,671,priest,discipline,12,7,5
20787,Helikipope,kazzak,671,priest,discipline,12,7,5
20788,Vierfingerjo,eredar,671,priest,discipline,12,7,5
20789,Phoskitos,sanguino,671,priest,discipline,12,7,5
20790,Xvpr,trollbane,671,priest,discipline,12,7,5
20791,Chokmâh,sanguino,671,priest,discipline,12,7,5
20792,Àlucárd,blackhand,671,priest,discipline,12,7,5
20793,Quecum,draenor,671,priest,discipline,12,7,5
20794,Saltfeskball,tarren-mill,671,priest,discipline,12,7,5
20795,Fargall,eonar,671,priest,discipline,12,7,5
20796,Rines,thrall,671,priest,discipline,12,7,5
20797,Xharyo,ravencrest,671,priest,discipline,16,7,9
20798,Ziap,dentarg,671,priest,discipline,20,8,12
20799,Débthèønë,ravencrest,671,priest,discipline,18,7,11
20800,Elusivv,blackhand,671,priest,discipline,18,7,11
20801,Lillaego,ragnaros,671,priest,discipline,18,7,11
20802,Психоз,gordunni,671,priest,discipline,18,7,11
20803,Саня,razuvious,671,priest,discipline,18,7,11
20804,Lezz,ragnaros,671,priest,discipline,18,7,11
20805,Рукатёмная,soulflayer,671,priest,discipline,18,7,11
20806,Lysium,sylvanas,671,priest,discipline,18,7,11
20807,Viì,ravencrest,671,priest,discipline,18,7,11
20808,Sebatröz,ravencrest,671,priest,discipline,18,7,11
20809,Orqz,anetheron,670,priest,discipline,12,7,5
20810,Fathermaxii,stormrage,670,priest,discipline,12,7,5
20811,Хемех,soulflayer,670,priest,discipline,12,7,5
20812,Raptichou,hyjal,670,priest,discipline,12,7,5
20813,Argaar,burning-legion,670,priest,discipline,12,7,5
20814,Noralía,die-aldor,670,priest,discipline,12,7,5
20815,Guérissolog,kaelthas,670,priest,discipline,18,7,11
20816,Olikharma,archimonde,670,priest,discipline,18,7,11
20817,Nimuëh,ragnaros,670,priest,discipline,22,8,14
20818,Makkalisser,kazzak,670,priest,discipline,24,7,17
20819,Enlîl,zuljin,669,priest,discipline,12,7,5
20820,Курумничек,gordunni,669,priest,discipline,12,7,5
20821,Belithia,argent-dawn,669,priest,discipline,12,7,5
20822,Дэйвора,ashenvale,669,priest,discipline,18,7,11
20823,Sadira,malganis,669,priest,discipline,18,7,11
20824,Kínson,twisting-nether,668,priest,discipline,12,7,5
20825,Абсорберша,gordunni,668,priest,discipline,12,7,5
20826,Isoris,hyjal,668,priest,discipline,18,7,11
20827,Mescaminator,blackmoore,668,priest,discipline,18,7,11
20828,Lacaena,deathwing,668,priest,discipline,18,7,11
20829,Míjagí,blackhand,668,priest,discipline,22,8,14
20830,Quepimquepam,tarren-mill,668,priest,discipline,24,7,17
20831,Crazyhemsire,twisting-nether,667,priest,discipline,12,7,5
20832,Avor,hellfire,665,priest,discipline,12,7,5
20833,Camellight,stormscale,661,priest,discipline,18,7,11
20834,Ãbømînåtîøn,blackrock,660,priest,discipline,12,7,5
20835,Lubdub,drakthul,659,priest,discipline,18,7,11
20836,Redøm,stormreaver,655,priest,discipline,18,8,10
20837,Lothyf,archimonde,639,priest,discipline,10,8,2
20838,Dapope,drakthul,639,priest,discipline,17,7,10
20839,Tarana,mannoroth,639,priest,discipline,17,7,10
20840,Kayeenie,bloodscalp,639,priest,discipline,22,7,15
20841,Yazzyz,eredar,639,priest,discipline,23,7,16
20842,Voidwaffel,blackmoore,638,priest,discipline,14,8,6
20843,Rulz,zuluhed,636,priest,discipline,17,7,10
20844,Sigor,hellfire,634,priest,discipline,11,7,4
20845,Nomorelight,stormscale,634,priest,discipline,26,8,18
20846,Nepheliel,ysondre,628,priest,discipline,12,8,4
20847,Ysteriagødx,twisting-nether,624,priest,discipline,15,8,7
20848,Submexoxo,archimonde,624,priest,discipline,15,7,8
20849,Spaghettoni,tarren-mill,623,priest,discipline,17,7,10
20850,Luxumbra,quelthalas,623,priest,discipline,21,8,13
20851,Darktattoo,twisting-nether,621,priest,discipline,21,8,13
20852,Argôs,ravencrest,620,priest,discipline,14,8,6
20853,Voilencia,kazzak,620,priest,discipline,21,7,14
20854,Triuna,sylvanas,618,priest,discipline,23,9,14
20855,Ziaz,the-maelstrom,606,priest,discipline,16,7,9
20856,Atibarát,hellfire,605,priest,discipline,16,7,9
20857,Diccen,twilights-hammer,592,priest,discipline,13,7,6
20858,Lyrvatwo,ravencrest,592,priest,discipline,13,7,6
20859,Andhoras,dalaran,591,priest,discipline,11,7,4
20860,Grandpatea,silvermoon,576,priest,discipline,6,6,0
20861,Táliss,arthas,576,priest,discipline,6,6,0
20862,Awakenedmyth,draenor,576,priest,discipline,6,6,0
20863,Scrubydoo,ravencrest,576,priest,discipline,6,6,0
20864,Illiest,ravencrest,576,priest,discipline,6,6,0
20865,Эмжи,howling-fjord,576,priest,discipline,6,6,0
20866,Phèbz,archimonde,576,priest,discipline,6,6,0
20867,Pouffi,garona,576,priest,discipline,6,6,0
20868,Vèrcs,silvermoon,576,priest,discipline,6,6,0
20869,Vatizinium,veklor,576,priest,discipline,12,6,6
20870,Ribberull,burning-blade,576,priest,discipline,12,6,6
20871,Chalecø,dun-modr,576,priest,discipline,12,6,6
20872,Ryyne,ravencrest,576,priest,discipline,12,6,6
20873,Melcarth,blades-edge,576,priest,discipline,12,6,6
20874,Sensimiya,dalaran,576,priest,discipline,12,6,6
20875,Chrònos,das-konsortium,576,priest,discipline,12,6,6
20876,Nyxara,outland,576,priest,discipline,12,6,6
20877,Jaylove,frostwolf,576,priest,discipline,12,6,6
20878,Monataamis,kazzak,576,priest,discipline,12,6,6
20879,Claudefrollo,the-maelstrom,576,priest,discipline,12,6,6
20880,Ranagöl,ragnaros,576,priest,discipline,12,6,6
20881,Асверай,howling-fjord,576,priest,discipline,12,6,6
20882,Nelyø,destromath,576,priest,discipline,12,6,6
20883,Khristo,illidan,576,priest,discipline,12,6,6
20884,Вакидзачи,gordunni,576,priest,discipline,12,6,6
20885,Boysa,earthen-ring,576,priest,discipline,12,6,6
20886,Shadowzrip,twilights-hammer,576,priest,discipline,12,6,6
20887,Tyrhaa,blackmoore,576,priest,discipline,12,6,6
20888,Ènma,archimonde,576,priest,discipline,12,6,6
20889,Puckhorde,outland,576,priest,discipline,12,6,6
20890,Lectrá,kazzak,576,priest,discipline,12,6,6
20891,Fléxéd,burning-legion,576,priest,discipline,12,6,6
20892,Dunkelseele,ahnqiraj,576,priest,discipline,12,6,6
20893,Jesper,outland,576,priest,discipline,12,6,6
20894,Johnblack,dun-morogh,576,priest,discipline,12,6,6
20895,Seemywatch,ungoro,576,priest,discipline,12,6,6
20896,Supernal,twisting-nether,576,priest,discipline,12,6,6
20897,Ðèvì,ravencrest,576,priest,discipline,12,6,6
20898,Sinfulmaze,outland,576,priest,discipline,12,6,6
20899,Isadian,kazzak,576,priest,discipline,12,6,6
20900,Ballarr,burning-legion,576,priest,discipline,12,6,6
20901,Gwinzy,blackmoore,576,priest,discipline,12,6,6
20902,Dõrà,ravencrest,576,priest,discipline,12,6,6
20903,Fästrak,dalaran,576,priest,discipline,12,6,6
20904,Sebbi,ragnaros,576,priest,discipline,12,6,6
20905,Stee,sylvanas,576,priest,discipline,12,6,6
20906,Whitemask,kazzak,576,priest,discipline,12,6,6
20907,Pøh,kilrogg,576,priest,discipline,12,6,6
20908,Msbald,shattered-hand,576,priest,discipline,12,6,6
20909,Utsuro,stormscale,576,priest,discipline,12,6,6
20910,Zyreenx,blackrock,576,priest,discipline,12,6,6
20911,Vorsie,tarren-mill,576,priest,discipline,12,6,6
20912,Abyl,nethersturm,576,priest,discipline,12,6,6
20913,Kankstery,kazzak,576,priest,discipline,12,6,6
20914,Kintsugí,ragnaros,576,priest,discipline,12,6,6
20915,Vulreth,culte-de-la-rive-noire,576,priest,discipline,12,6,6
20916,Ecg,silvermoon,576,priest,discipline,12,6,6
20917,Mitasdi,stormscale,576,priest,discipline,12,6,6
20918,Scarylol,blackmoore,576,priest,discipline,12,6,6
20919,Døtgdx,archimonde,576,priest,discipline,12,6,6
20920,Whynolove,ragnaros,576,priest,discipline,12,6,6
20921,Йодтс,soulflayer,576,priest,discipline,12,6,6
20922,Velri,runetotem,576,priest,discipline,12,6,6
20923,Rune,ravencrest,576,priest,discipline,12,6,6
20924,Родохрозит,blackscar,576,priest,discipline,12,6,6
20925,Popor,archimonde,576,priest,discipline,12,6,6
20926,Comple,kazzak,576,priest,discipline,12,6,6
20927,Eviscerätor,draenor,576,priest,discipline,12,6,6
20928,Sicarium,aegwynn,576,priest,discipline,12,6,6
20929,Shaneya,silvermoon,576,priest,discipline,12,6,6
20930,Swkunz,dun-modr,576,priest,discipline,12,6,6
20931,Stuhlgänger,blackhand,576,priest,discipline,12,6,6
20932,Saitani,stormscale,576,priest,discipline,12,6,6
20933,Ahyha,ravencrest,576,priest,discipline,12,6,6
20934,Ilovepmr,outland,576,priest,discipline,12,6,6
20935,Iqy,kazzak,576,priest,discipline,15,7,8
20936,Волия,gordunni,576,priest,discipline,17,6,11
20937,Onaltnoqs,silvermoon,576,priest,discipline,18,6,12
20938,Kîlo,sylvanas,576,priest,discipline,18,6,12
20939,Alros,elune,576,priest,discipline,18,6,12
20940,Disillusíon,tarren-mill,576,priest,discipline,18,6,12
20941,Mxcey,ravencrest,576,priest,discipline,18,6,12
20942,Eclaír,blackhand,576,priest,discipline,18,6,12
20943,Yoloswaglørd,blackmoore,576,priest,discipline,18,6,12
20944,Limbas,dun-modr,576,priest,discipline,18,6,12
20945,Brainbadly,aegwynn,576,priest,discipline,18,6,12
20946,Frida,blackrock,576,priest,discipline,18,6,12
20947,Noukeé,blackrock,576,priest,discipline,18,6,12
20948,Ilovelily,antonidas,576,priest,discipline,18,6,12
20949,Лилатэль,blackscar,576,priest,discipline,18,6,12
20950,Prarch,sylvanas,576,priest,discipline,18,6,12
20951,Artymox,sylvanas,576,priest,discipline,18,6,12
20952,Nakenhäst,ravencrest,576,priest,discipline,18,6,12
20953,Bochonok,stormrage,576,priest,discipline,18,6,12
20954,Abrakahudder,tarren-mill,576,priest,discipline,18,6,12
20955,Cinjá,thrall,576,priest,discipline,19,6,13
20956,Alwiel,kazzak,576,priest,discipline,24,6,18
20957,Klugzy,silvermoon,576,priest,discipline,24,6,18
20958,Holytang,grim-batol,575,priest,discipline,6,6,0
20959,Sørney,aegwynn,575,priest,discipline,9,7,2
20960,Vastüdö,ragnaros,575,priest,discipline,12,6,6
20961,Hypnòz,archimonde,575,priest,discipline,12,6,6
20962,Kipnuggetz,burning-legion,575,priest,discipline,12,6,6
20963,Могвайи,soulflayer,575,priest,discipline,12,6,6
20964,Makariotatos,xavius,575,priest,discipline,12,6,6
20965,Hmanco,burning-legion,575,priest,discipline,12,6,6
20966,Ponpon,onyxia,575,priest,discipline,12,6,6
20967,Zembowae,drakthul,575,priest,discipline,12,6,6
20968,Zaradana,tarren-mill,575,priest,discipline,12,6,6
20969,Priestvnr,hyjal,575,priest,discipline,12,6,6
20970,Handmännchen,kelthuzad,575,priest,discipline,12,6,6
20971,Insicompany,antonidas,575,priest,discipline,12,6,6
20972,Lichtl,ysera,575,priest,discipline,12,6,6
20973,Allotment,silvermoon,575,priest,discipline,12,6,6
20974,Ðotgød,nemesis,575,priest,discipline,12,6,6
20975,Highlightss,outland,575,priest,discipline,12,6,6
20976,Elfdarkholme,stormscale,575,priest,discipline,12,6,6
20977,Чикхоп,blackscar,575,priest,discipline,12,6,6
20978,Bigbootyheal,silvermoon,575,priest,discipline,12,6,6
20979,Hensynsløs,draenor,575,priest,discipline,12,6,6
20980,Hâmmel,blackrock,575,priest,discipline,12,6,6
20981,Bauscia,nemesis,575,priest,discipline,12,6,6
20982,Zák,sylvanas,575,priest,discipline,12,6,6
20983,Tira,darksorrow,575,priest,discipline,12,6,6
20984,Flackiepi,tarren-mill,575,priest,discipline,12,6,6
20985,Juco,draenor,575,priest,discipline,18,6,12
20986,Priestbiyy,sunstrider,575,priest,discipline,18,6,12
20987,Пэйтен,deathguard,575,priest,discipline,18,6,12
20988,Вэстервилли,howling-fjord,575,priest,discipline,24,6,18
20989,Leonard,nemesis,574,priest,discipline,12,6,6
20990,Preacia,twisting-nether,574,priest,discipline,12,6,6
20991,Velanrous,kazzak,574,priest,discipline,12,6,6
20992,Avinci,blackrock,574,priest,discipline,12,6,6
20993,Tindoriel,bronzebeard,574,priest,discipline,12,6,6
20994,Vebuya,blackmoore,574,priest,discipline,12,6,6
20995,Nygel,kazzak,574,priest,discipline,12,6,6
20996,Draenera,silvermoon,574,priest,discipline,12,6,6
20997,Neosix,sanguino,574,priest,discipline,12,6,6
20998,Virgosenpai,silvermoon,574,priest,discipline,18,7,11
20999,Pæx,antonidas,574,priest,discipline,18,6,12
21000,Prigart,sylvanas,574,priest,discipline,18,6,12
21001,Muftl,thrall,574,priest,discipline,18,6,12
21002,Nerul,twisting-nether,574,priest,discipline,19,6,13
21003,Easxyx,veklor,573,priest,discipline,6,6,0
21004,Kreem,frostmane,573,priest,discipline,12,6,6
21005,Timmemeep,outland,572,priest,discipline,12,6,6
21006,Loriny,ragnaros,572,priest,discipline,14,6,8
21007,Sildane,kirin-tor,572,priest,discipline,18,6,12
21008,Glutenhode,stormscale,571,priest,discipline,12,6,6
21009,Крайне,soulflayer,571,priest,discipline,18,6,12
21010,Bojestvena,neptulon,570,priest,discipline,18,6,12
21011,Seypercillo,dun-modr,569,priest,discipline,18,6,12
21012,Nelielto,stormscale,543,priest,discipline,10,7,3
21013,Døline,hyjal,543,priest,discipline,11,6,5
21014,Jumpaxx,archimonde,543,priest,discipline,17,6,11
21015,Lemowae,doomhammer,542,priest,discipline,22,6,16
21016,Leahx,dalvengyr,527,priest,discipline,11,6,5
21017,Adare,sanguino,527,priest,discipline,11,6,5
21018,Gailiugà,kazzak,527,priest,discipline,11,6,5
21019,Sneed,moonglade,527,priest,discipline,18,7,11
21020,Malapriest,dalaran,527,priest,discipline,17,6,11
21021,Healsquad,draenor,524,priest,discipline,20,6,14
21022,Cárith,nemesis,522,priest,discipline,16,7,9
21023,Demmi,dun-modr,522,priest,discipline,22,7,15
21024,Полуниця,galakrond,522,priest,discipline,23,7,16
21025,Xotz,thrall,521,priest,discipline,15,8,7
21026,Anariell,ravencrest,518,priest,discipline,13,7,6
21027,Cummask,silvermoon,512,priest,discipline,16,6,10
21028,Никорете,soulflayer,511,priest,discipline,11,6,5
21029,Duwendu,drakthul,510,priest,discipline,11,6,5
21030,Thimble,blackhand,510,priest,discipline,19,6,13
21031,Lamp,terokkar,480,priest,discipline,6,5,1
21032,Usermane,ravencrest,480,priest,discipline,6,5,1
21033,Warm,auchindoun,480,priest,discipline,6,5,1
21034,Nttyfromohio,ravencrest,480,priest,discipline,6,5,1
21035,Sorchad,hyjal,480,priest,discipline,6,5,1
21036,Выдокбля,soulflayer,480,priest,discipline,6,5,1
21037,Holynelph,kazzak,480,priest,discipline,6,5,1
21038,Moonacky,bronze-dragonflight,480,priest,discipline,6,5,1
21039,Новокшан,soulflayer,480,priest,discipline,6,5,1
21040,Astralscare,outland,480,priest,discipline,6,5,1
21041,Ronnmoss,defias-brotherhood,480,priest,discipline,6,5,1
21042,Ounxx,blackrock,480,priest,discipline,6,5,1
21043,Disclol,aegwynn,480,priest,discipline,6,5,1
21044,Instantcasts,ravencrest,480,priest,discipline,6,5,1
21045,Trippinorbs,stormscale,480,priest,discipline,6,5,1
21046,Nayballistic,tarren-mill,480,priest,discipline,6,5,1
21047,Hexybtw,stormscale,480,priest,discipline,6,5,1
21048,Eladri,silvermoon,480,priest,discipline,6,5,1
21049,Paìnz,blackhand,480,priest,discipline,6,5,1
21050,Гачидварфич,gordunni,480,priest,discipline,6,5,1
21051,Docpower,twisting-nether,480,priest,discipline,6,5,1
21052,Bec,ragnaros,480,priest,discipline,6,5,1
21053,Loldisc,arthas,480,priest,discipline,6,5,1
21054,Ganakenp,tarren-mill,480,priest,discipline,6,5,1
21055,Phamy,antonidas,480,priest,discipline,6,5,1
21056,Нэриэлл,gordunni,480,priest,discipline,6,5,1
21057,Bäckay,silvermoon,480,priest,discipline,6,5,1
21058,Sloee,kazzak,480,priest,discipline,6,5,1
21059,Лютаяшиза,gordunni,480,priest,discipline,6,5,1
21060,Swep,ragnaros,480,priest,discipline,6,5,1
21061,Whopzi,blackmoore,480,priest,discipline,6,5,1
21062,Clutchp,blackmoore,480,priest,discipline,6,5,1
21063,Shieldyblaze,frostwolf,480,priest,discipline,6,5,1
21064,Dsyleixa,archimonde,480,priest,discipline,12,5,7
21065,Healysith,archimonde,480,priest,discipline,12,5,7
21066,Bibleenjoyer,blackmoore,480,priest,discipline,12,5,7
21067,Muradawg,nemesis,480,priest,discipline,12,5,7
21068,Chaapsbbq,archimonde,480,priest,discipline,12,5,7
21069,Moeshy,kazzak,480,priest,discipline,12,5,7
21070,Døtzillah,kazzak,480,priest,discipline,12,5,7
21071,Ajaxfreak,blackmoore,480,priest,discipline,12,5,7
21072,Mariahscarey,blackhand,480,priest,discipline,12,5,7
21073,Haffination,frostmane,480,priest,discipline,12,5,7
21074,Hauntzer,veknilash,480,priest,discipline,12,5,7
21075,Бенджаминлол,deathguard,480,priest,discipline,12,5,7
21076,Discgødx,thrall,480,priest,discipline,12,5,7
21077,Drumont,kelthuzad,480,priest,discipline,12,5,7
21078,Litera,silvermoon,480,priest,discipline,12,5,7
21079,Hollylicious,kazzak,480,priest,discipline,12,5,7
21080,Yukîna,blackrock,480,priest,discipline,12,5,7
21081,Djplay,aegwynn,480,priest,discipline,12,5,7
21082,Luxør,blackrock,480,priest,discipline,12,5,7
21083,Brutalmaze,archimonde,480,priest,discipline,12,5,7
21084,Brøwney,blackmoore,480,priest,discipline,12,5,7
21085,Hyonra,kazzak,480,priest,discipline,12,5,7
21086,Urizal,defias-brotherhood,480,priest,discipline,12,5,7
21087,Davóss,outland,480,priest,discipline,12,5,7
21088,Katsikatsika,silvermoon,480,priest,discipline,12,5,7
21089,Kolsy,twisting-nether,480,priest,discipline,12,5,7
21090,Miabelle,argent-dawn,480,priest,discipline,12,5,7
21091,Borgamor,frostmane,480,priest,discipline,12,5,7
21092,Shadew,stormscale,480,priest,discipline,12,5,7
21093,Kaleshiry,kazzak,480,priest,discipline,12,5,7
21094,Späxxi,amanthul,480,priest,discipline,12,5,7
21095,Magthalor,twisting-nether,480,priest,discipline,12,5,7
21096,Yö,stormscale,480,priest,discipline,12,5,7
21097,Shyvi,ravencrest,480,priest,discipline,12,5,7
21098,Saphèa,burning-legion,480,priest,discipline,12,5,7
21099,Funzies,doomhammer,480,priest,discipline,12,5,7
21100,Holydoughnut,stormscale,480,priest,discipline,12,5,7
21101,Nothappy,ragnaros,480,priest,discipline,12,5,7
21102,Bonsoin,kirin-tor,480,priest,discipline,12,5,7
21103,Meheal,lothar,480,priest,discipline,12,5,7
21104,Nilera,frostwolf,480,priest,discipline,12,5,7
21105,Забейка,howling-fjord,480,priest,discipline,12,5,7
21106,Вайтбласт,howling-fjord,480,priest,discipline,12,5,7
21107,Изишвд,gordunni,480,priest,discipline,12,5,7
21108,Grozozo,tarren-mill,480,priest,discipline,12,5,7
21109,Donbas,tarren-mill,480,priest,discipline,12,5,7
21110,Mayday,silvermoon,480,priest,discipline,12,5,7
21111,Azrella,ravencrest,480,priest,discipline,12,5,7
21112,Krìnzy,illidan,480,priest,discipline,12,5,7
21113,Mivale,aszune,480,priest,discipline,12,5,7
21114,Nyù,kazzak,480,priest,discipline,12,5,7
21115,Terstyana,hyjal,480,priest,discipline,12,5,7
21116,Самурайко,booty-bay,480,priest,discipline,12,5,7
21117,Navihato,silvermoon,480,priest,discipline,12,5,7
21118,Уер,galakrond,480,priest,discipline,12,5,7
21119,Fakebob,draenor,480,priest,discipline,12,5,7
21120,Pwsx,draenor,480,priest,discipline,12,5,7
21121,Seskipr,stormreaver,480,priest,discipline,12,5,7
21122,Ghettothug,darksorrow,480,priest,discipline,12,5,7
21123,Вегельдэрс,gordunni,480,priest,discipline,12,5,7
21124,Khoria,drakthul,480,priest,discipline,12,5,7
21125,Graveyards,tarren-mill,480,priest,discipline,12,5,7
21126,Tsipaz,outland,480,priest,discipline,12,5,7
21127,Playax,silvermoon,480,priest,discipline,12,5,7
21128,Jtep,ravencrest,480,priest,discipline,12,5,7
21129,Epa,zuljin,480,priest,discipline,12,5,7
21130,Bimbax,dun-modr,480,priest,discipline,12,5,7
21131,Allaría,bronze-dragonflight,480,priest,discipline,12,5,7
21132,Sbj,bronze-dragonflight,480,priest,discipline,12,5,7
21133,Merkabah,azjolnerub,480,priest,discipline,12,5,7
21134,Roylian,ravencrest,480,priest,discipline,12,5,7
21135,Suaakypriest,tyrande,480,priest,discipline,12,5,7
21136,Seankingkong,ravencrest,480,priest,discipline,12,5,7
21137,Lunatrix,sanguino,480,priest,discipline,12,5,7
21138,Jeboc,ravencrest,480,priest,discipline,12,5,7
21139,Nayballsp,tarren-mill,480,priest,discipline,12,5,7
21140,Лизота,gordunni,480,priest,discipline,12,5,7
21141,Madkes,ravencrest,480,priest,discipline,12,5,7
21142,Саксесфул,howling-fjord,480,priest,discipline,12,5,7
21143,Абсорбиболь,howling-fjord,480,priest,discipline,12,5,7
21144,Ameja,sylvanas,480,priest,discipline,13,5,8
21145,Taimani,burning-legion,480,priest,discipline,18,5,13
21146,Ча,thermaplugg,480,priest,discipline,18,5,13
21147,Kehz,ysondre,480,priest,discipline,18,5,13
21148,Avp,the-maelstrom,480,priest,discipline,18,5,13
21149,Momopriesto,draenor,480,priest,discipline,18,5,13
21150,Карбонит,fordragon,480,priest,discipline,18,5,13
21151,Valirda,twisting-nether,480,priest,discipline,18,5,13
21152,Góli,argent-dawn,480,priest,discipline,18,5,13
21153,Savíour,kazzak,480,priest,discipline,18,5,13
21154,Ноатоэль,gordunni,480,priest,discipline,18,5,13
21155,Элизабетшорт,soulflayer,480,priest,discipline,18,5,13
21156,Sarinà,archimonde,480,priest,discipline,24,5,19
21157,Dazé,ravencrest,479,priest,discipline,6,5,1
21158,Elpitiimigré,sinstralis,479,priest,discipline,6,5,1
21159,Slight,aggra-português,479,priest,discipline,12,5,7
21160,Darknëss,malganis,479,priest,discipline,12,5,7
21161,Tota,frostmane,479,priest,discipline,12,5,7
21162,Haigoku,archimonde,479,priest,discipline,12,5,7
21163,Sewerperson,doomhammer,479,priest,discipline,12,5,7
21164,Helming,magtheridon,479,priest,discipline,12,5,7
21165,Шпалкоклоб,soulflayer,479,priest,discipline,12,5,7
21166,Ethylene,ysondre,479,priest,discipline,12,5,7
21167,Aethiel,drakthul,479,priest,discipline,12,5,7
21168,Tigrok,burning-legion,479,priest,discipline,12,5,7
21169,Shyvannas,antonidas,479,priest,discipline,12,5,7
21170,Elunerei,tarren-mill,479,priest,discipline,12,5,7
21171,Jeus,malganis,479,priest,discipline,12,5,7
21172,Røläck,ragnaros,479,priest,discipline,12,5,7
21173,Obeliskprist,kazzak,479,priest,discipline,12,5,7
21174,Bòóny,ravencrest,479,priest,discipline,12,5,7
21175,Cobrix,nemesis,479,priest,discipline,12,5,7
21176,Sanoe,twisting-nether,479,priest,discipline,12,5,7
21177,Pontiff,the-maelstrom,479,priest,discipline,12,5,7
21178,Piotrek,hyjal,479,priest,discipline,12,5,7
21179,Pluf,nefarian,479,priest,discipline,12,5,7
21180,Flappí,argent-dawn,479,priest,discipline,12,5,7
21181,Velenthøs,argent-dawn,479,priest,discipline,12,5,7
21182,Konantenshi,doomhammer,479,priest,discipline,12,5,7
21183,Jessicar,the-maelstrom,479,priest,discipline,12,5,7
21184,Velenthan,stormrage,479,priest,discipline,12,5,7
21185,Bldnl,ragnaros,479,priest,discipline,15,6,9
21186,Lightless,baelgun,479,priest,discipline,17,5,12
21187,Seehz,ysondre,479,priest,discipline,18,5,13
21188,Antiexhile,kazzak,479,priest,discipline,18,5,13
21189,Aká,kazzak,479,priest,discipline,18,5,13
21190,Sleeyz,blackmoore,479,priest,discipline,24,5,19
21191,Avesatana,khadgar,478,priest,discipline,6,5,1
21192,Ruebi,blackmoore,478,priest,discipline,12,5,7
21193,Hotwheal,ysondre,478,priest,discipline,12,5,7
21194,Patoroch,terokkar,478,priest,discipline,18,5,13
21195,Arathiell,nordrassil,477,priest,discipline,12,5,7
21196,Oknelim,blackmoore,477,priest,discipline,12,5,7
21197,Phosphorus,blackhand,476,priest,discipline,12,5,7
21198,Feloriya,antonidas,476,priest,discipline,12,5,7
21199,Rettsche,eredar,475,priest,discipline,12,5,7
21200,Wipipi,draenor,474,priest,discipline,12,5,7
21201,Рнкх,lich-king,448,priest,discipline,16,5,11
21202,Killermoon,rexxar,447,priest,discipline,10,5,5
21203,Makemyday,dun-modr,447,priest,discipline,11,5,6
21204,Drë,daggerspine,447,priest,discipline,11,5,6
21205,Hitaro,antonidas,447,priest,discipline,11,5,6
21206,Dhed,turalyon,447,priest,discipline,14,6,8
21207,Leyasu,eredar,447,priest,discipline,15,6,9
21208,Sandgambler,draenor,432,priest,discipline,9,5,4
21209,Äliénør,khaz-modan,426,priest,discipline,17,7,10
21210,Kak,gorgonnash,426,priest,discipline,19,6,13
21211,Holybøi,ragnaros,426,priest,discipline,29,7,22
21212,Cestrial,sylvanas,415,priest,discipline,14,5,9
21213,Шруня,howling-fjord,400,priest,discipline,24,5,19
21214,Stàrlîght,chants-éternels,399,priest,discipline,5,5,0
21215,Papkalácss,hellfire,399,priest,discipline,5,5,0
21216,Appraiser,draenor,384,priest,discipline,6,4,2
21217,Gravedoll,draenor,384,priest,discipline,6,4,2
21218,Ðapperðan,draenor,384,priest,discipline,6,4,2
21219,Bhlad,silvermoon,384,priest,discipline,6,4,2
21220,Byzzi,draenor,384,priest,discipline,6,4,2
21221,Priestutute,tarren-mill,384,priest,discipline,6,4,2
21222,Бархомелфой,gordunni,384,priest,discipline,6,4,2
21223,Flaynbones,tarren-mill,384,priest,discipline,6,4,2
21224,Невертрикахд,gordunni,384,priest,discipline,6,4,2
21225,Goblingøs,ravencrest,384,priest,discipline,6,4,2
21226,Umbralx,ragnaros,384,priest,discipline,6,4,2
21227,Iirina,draenor,384,priest,discipline,6,4,2
21228,Discomarcel,burning-legion,384,priest,discipline,6,4,2
21229,Robiee,twisting-nether,384,priest,discipline,6,4,2
21230,Topdamage,stormscale,384,priest,discipline,6,4,2
21231,Badballs,doomhammer,384,priest,discipline,6,4,2
21232,Ciordel,draenor,384,priest,discipline,6,4,2
21233,Imaut,emerald-dream,384,priest,discipline,6,4,2
21234,Gimcho,magtheridon,384,priest,discipline,6,4,2
21235,Isson,earthen-ring,384,priest,discipline,6,4,2
21236,Эстрогенс,gordunni,384,priest,discipline,6,4,2
21237,Ahilarry,tarren-mill,384,priest,discipline,6,4,2
21238,Nällytq,nefarian,384,priest,discipline,6,4,2
21239,Cerdapriesst,dun-modr,384,priest,discipline,6,4,2
21240,Ivÿx,ravencrest,384,priest,discipline,6,4,2
21241,Rýzera,tarren-mill,384,priest,discipline,6,4,2
21242,Zumbae,tarren-mill,384,priest,discipline,6,4,2
21243,Badguymike,ragnaros,384,priest,discipline,6,4,2
21244,Félrebarmok,ragnaros,384,priest,discipline,6,4,2
21245,Reól,blackmoore,384,priest,discipline,6,4,2
21246,Thean,twilights-hammer,384,priest,discipline,6,4,2
21247,Sariss,ravencrest,384,priest,discipline,6,4,2
21248,Muncett,dun-modr,384,priest,discipline,6,4,2
21249,Gorti,ravencrest,384,priest,discipline,6,4,2
21250,Awön,stormscale,384,priest,discipline,6,4,2
21251,Darkoulito,dalaran,384,priest,discipline,6,4,2
21252,Nesar,stormscale,384,priest,discipline,6,4,2
21253,Healinrbglol,blackmoore,384,priest,discipline,6,4,2
21254,Giffelgrethe,sylvanas,384,priest,discipline,6,4,2
21255,Magicstarss,the-maelstrom,384,priest,discipline,6,4,2
21256,Onceup,thrall,384,priest,discipline,6,4,2
21257,Ilovecala,ravencrest,384,priest,discipline,6,4,2
21258,Mylox,blackrock,384,priest,discipline,6,4,2
21259,Unstopp,blackhand,384,priest,discipline,6,4,2
21260,Schnîttchen,blackrock,384,priest,discipline,6,4,2
21261,Woid,aegwynn,384,priest,discipline,6,4,2
21262,Gotikaa,blackrock,384,priest,discipline,6,4,2
21263,Piixld,aegwynn,384,priest,discipline,6,4,2
21264,Büssi,blackrock,384,priest,discipline,6,4,2
21265,Cheesegód,outland,384,priest,discipline,6,4,2
21266,Experimentix,silvermoon,384,priest,discipline,6,4,2
21267,Кхарли,howling-fjord,384,priest,discipline,6,4,2
21268,Hadk,blackrock,384,priest,discipline,6,4,2
21269,Серью,booty-bay,384,priest,discipline,6,4,2
21270,Healmebaby,kiljaeden,384,priest,discipline,6,4,2
21271,Dimentions,sylvanas,384,priest,discipline,6,4,2
21272,Babambaba,sylvanas,384,priest,discipline,6,4,2
21273,Miliane,twisting-nether,384,priest,discipline,6,4,2
21274,Хъи,gordunni,384,priest,discipline,6,4,2
21275,Mylini,silvermoon,384,priest,discipline,6,4,2
21276,Ahun,taerar,384,priest,discipline,6,4,2
21277,Buerak,tarren-mill,384,priest,discipline,6,4,2
21278,Challa,magtheridon,384,priest,discipline,6,4,2
21279,Yukirito,drakthul,384,priest,discipline,6,4,2
21280,Above,hyjal,384,priest,discipline,6,4,2
21281,Pankp,kazzak,384,priest,discipline,6,4,2
21282,Îlkari,hyjal,384,priest,discipline,6,4,2
21283,Ocastia,antonidas,384,priest,discipline,6,4,2
21284,Pisso,outland,384,priest,discipline,6,4,2
21285,Papêrcut,kazzak,384,priest,discipline,6,4,2
21286,ßlinkywinky,outland,384,priest,discipline,6,4,2
21287,Frekko,outland,384,priest,discipline,6,4,2
21288,Toasttwo,kazzak,384,priest,discipline,6,4,2
21289,Møelester,antonidas,384,priest,discipline,6,4,2
21290,Dødy,hyjal,384,priest,discipline,6,4,2
21291,Sîlfa,hyjal,384,priest,discipline,6,4,2
21292,Daniweyy,eredar,384,priest,discipline,6,4,2
21293,Roskva,archimonde,384,priest,discipline,9,5,4
21294,Wixzyx,ravencrest,384,priest,discipline,10,4,6
21295,Çelph,silvermoon,384,priest,discipline,12,4,8
21296,Каэден,blackscar,384,priest,discipline,12,4,8
21297,Thesunbeam,silvermoon,384,priest,discipline,12,4,8
21298,Уэйнестелл,booty-bay,384,priest,discipline,12,4,8
21299,Арейша,gordunni,384,priest,discipline,12,4,8
21300,Велост,gordunni,384,priest,discipline,12,4,8
21301,Tsunadesaama,silvermoon,384,priest,discipline,12,4,8
21302,Mukkin,tarren-mill,384,priest,discipline,12,4,8
21303,Xýz,tarren-mill,384,priest,discipline,12,4,8
21304,Mérce,kazzak,384,priest,discipline,12,4,8
21305,Asdfsds,kazzak,384,priest,discipline,12,4,8
21306,Karmasmom,kazzak,384,priest,discipline,12,4,8
21307,Xayona,argent-dawn,384,priest,discipline,12,4,8
21308,Goatrocker,kazzak,384,priest,discipline,12,4,8
21309,Druzhok,sylvanas,384,priest,discipline,12,4,8
21310,Lothbruke,twisting-nether,384,priest,discipline,12,4,8
21311,Chigreru,uldum,384,priest,discipline,12,4,8
21312,Evilangèl,ravenholdt,384,priest,discipline,12,4,8
21313,Gilfir,stormscale,384,priest,discipline,12,4,8
21314,Сайлентхилл,howling-fjord,384,priest,discipline,12,4,8
21315,Stepsisstuck,ragnaros,384,priest,discipline,12,4,8
21316,Spezzato,nemesis,384,priest,discipline,12,4,8
21317,Sorrop,sanguino,384,priest,discipline,12,4,8
21318,Sweity,dun-modr,384,priest,discipline,12,4,8
21319,Zivl,blackrock,384,priest,discipline,12,4,8
21320,Altargirl,defias-brotherhood,384,priest,discipline,12,4,8
21321,Ankî,aegwynn,384,priest,discipline,12,4,8
21322,Crenî,blackrock,384,priest,discipline,12,4,8
21323,Jaywie,twisting-nether,384,priest,discipline,12,4,8
21324,Thehealer,twisting-nether,384,priest,discipline,12,4,8
21325,Raybangx,blackrock,384,priest,discipline,12,4,8
21326,Skuhlx,blackrock,384,priest,discipline,12,4,8
21327,Заак,howling-fjord,384,priest,discipline,12,4,8
21328,Ревентонх,howling-fjord,384,priest,discipline,12,4,8
21329,Purityn,blackhand,384,priest,discipline,12,4,8
21330,Drdré,blackrock,384,priest,discipline,12,4,8
21331,Touchmé,blackmoore,384,priest,discipline,12,4,8
21332,Absolution,stormscale,384,priest,discipline,12,4,8
21333,Sabakk,archimonde,384,priest,discipline,12,4,8
21334,Skyløl,dun-modr,384,priest,discipline,12,4,8
21335,Toasttrii,outland,384,priest,discipline,12,4,8
21336,Solerona,blackmoore,384,priest,discipline,12,4,8
21337,Lunærÿ,hyjal,384,priest,discipline,12,4,8
21338,Марина,howling-fjord,384,priest,discipline,12,4,8
21339,Hötchick,outland,384,priest,discipline,12,4,8
21340,Geforcès,archimonde,384,priest,discipline,12,4,8
21341,Predpriest,twisting-nether,384,priest,discipline,12,4,8
21342,Mariio,blackmoore,384,priest,discipline,12,4,8
21343,Hombre,anetheron,384,priest,discipline,12,4,8
21344,Amèn,archimonde,384,priest,discipline,12,4,8
21345,Luznywiesiek,burning-legion,384,priest,discipline,12,4,8
21346,Kalestharia,blackmoore,384,priest,discipline,12,4,8
21347,Bebsenpai,hyjal,384,priest,discipline,12,4,8
21348,Biophyzix,aegwynn,384,priest,discipline,12,4,8
21349,Сашашвд,howling-fjord,384,priest,discipline,12,4,8
21350,Asdfgfhtjy,stormscale,384,priest,discipline,12,4,8
21351,Rîîper,khaz-modan,384,priest,discipline,12,4,8
21352,Vicetøne,stormscale,384,priest,discipline,12,4,8
21353,Melord,thunderhorn,384,priest,discipline,12,4,8
21354,Deathtrapx,draenor,384,priest,discipline,12,4,8
21355,Azriael,draenor,384,priest,discipline,12,4,8
21356,Míllerzz,ragnaros,384,priest,discipline,12,4,8
21357,Lalock,grim-batol,384,priest,discipline,12,4,8
21358,Xaeroow,archimonde,384,priest,discipline,12,4,8
21359,Mythaaz,archimonde,384,priest,discipline,15,4,11
21360,Celestias,sanguino,384,priest,discipline,15,4,11
21361,Zeröone,silvermoon,384,priest,discipline,17,4,13
21362,Blackwidow,chromaggus,384,priest,discipline,18,4,14
21363,Tsuser,blackrock,384,priest,discipline,18,4,14
21364,Zergo,karazhan,384,priest,discipline,18,4,14
21365,Sbubbi,ravencrest,384,priest,discipline,18,4,14
21366,Shyvàree,les-clairvoyants,384,priest,discipline,18,4,14
21367,Kinn,kaelthas,383,priest,discipline,6,4,2
21368,Hðly,doomhammer,383,priest,discipline,6,4,2
21369,Chaniu,throkferoth,383,priest,discipline,6,4,2
21370,Moonary,ravencrest,383,priest,discipline,6,4,2
21371,Vishnoo,hyjal,383,priest,discipline,6,4,2
21372,Pownme,blackmoore,383,priest,discipline,6,4,2
21373,Enchanttress,burning-legion,383,priest,discipline,6,4,2
21374,Ravend,sylvanas,383,priest,discipline,6,4,2
21375,Побьюкадилом,gordunni,383,priest,discipline,12,4,8
21376,Miriàl,outland,383,priest,discipline,12,4,8
21377,Søs,eldrethalas,383,priest,discipline,12,4,8
21378,Hólyeárth,twisting-nether,383,priest,discipline,12,4,8
21379,Bénjamín,outland,383,priest,discipline,12,4,8
21380,Xpect,terokkar,383,priest,discipline,12,4,8
21381,Nefertítí,frostmane,382,priest,discipline,6,4,2
21382,Amoxí,blackmoore,382,priest,discipline,6,4,2
21383,Havanna,dethecus,382,priest,discipline,6,4,2
21384,Тэтсу,greymane,382,priest,discipline,12,4,8
21385,Malorian,khadgar,382,priest,discipline,12,4,8
21386,Lierie,kazzak,382,priest,discipline,24,4,20
21387,Grommyr,eredar,381,priest,discipline,12,4,8
21388,Kårejonny,tarren-mill,370,priest,discipline,19,7,12
21389,Хилогайка,howling-fjord,370,priest,discipline,27,8,19
21390,Thanil,bloodfeather,367,priest,discipline,11,4,7
21391,Tephutes,ravencrest,367,priest,discipline,11,4,7
21392,Maskinjundre,bronzebeard,352,priest,discipline,12,4,8
21393,Øxx,blackrock,351,priest,discipline,11,4,7
21394,Sickbo,eredar,351,priest,discipline,11,4,7
21395,Pjuww,outland,351,priest,discipline,11,4,7
21396,Doxxi,argent-dawn,336,priest,discipline,9,5,4
21397,Salvatör,quelthalas,336,priest,discipline,15,5,10
21398,Vicønia,tarren-mill,335,priest,discipline,11,4,7
21399,Runay,draenor,330,priest,discipline,13,5,8
21400,Impmvp,kazzak,330,priest,discipline,17,6,11
21401,Косн,razuvious,330,priest,discipline,16,5,11
21402,Alsalty,stormscale,330,priest,discipline,21,5,16
21403,Кирюшасэмпай,gordunni,320,priest,discipline,10,4,6
21404,Tyog,khazgoroth,320,priest,discipline,10,4,6
21405,Brainðead,aegwynn,319,priest,discipline,5,4,1
21406,Avane,outland,319,priest,discipline,5,4,1
21407,Sapue,aegwynn,288,priest,discipline,6,3,3
21408,Ykwah,kazzak,288,priest,discipline,6,3,3
21409,Ríeka,proudmoore,288,priest,discipline,6,3,3
21410,Priestar,madmortem,288,priest,discipline,6,3,3
21411,Hampådenbååd,kazzak,288,priest,discipline,6,3,3
21412,Elmaestrø,aegwynn,288,priest,discipline,6,3,3
21413,Zeuws,kazzak,288,priest,discipline,6,3,3
21414,Missandeí,frostmane,288,priest,discipline,6,3,3
21415,Pxescalol,aegwynn,288,priest,discipline,6,3,3
21416,Zkàrb,hyjal,288,priest,discipline,6,3,3
21417,Bridélight,archimonde,288,priest,discipline,6,3,3
21418,Grazz,grim-batol,288,priest,discipline,6,3,3
21419,Moistmidget,frostmane,288,priest,discipline,6,3,3
21420,Justjuice,hyjal,288,priest,discipline,6,3,3
21421,Jumpàxx,archimonde,288,priest,discipline,6,3,3
21422,Milderyp,kazzak,288,priest,discipline,6,3,3
21423,Hewwo,sylvanas,288,priest,discipline,6,3,3
21424,Preodek,kazzak,288,priest,discipline,6,3,3
21425,Tsunê,ysondre,288,priest,discipline,6,3,3
21426,Rektom,archimonde,288,priest,discipline,6,3,3
21427,Åtømîç,kazzak,288,priest,discipline,6,3,3
21428,Spklooril,hyjal,288,priest,discipline,6,3,3
21429,Figoluh,hyjal,288,priest,discipline,6,3,3
21430,Rhàenyra,ravencrest,288,priest,discipline,6,3,3
21431,Këller,hyjal,288,priest,discipline,6,3,3
21432,Ðeswynds,hyjal,288,priest,discipline,6,3,3
21433,Nàvy,archimonde,288,priest,discipline,6,3,3
21434,Seeyae,archimonde,288,priest,discipline,6,3,3
21435,Fatyoyo,frostwolf,288,priest,discipline,6,3,3
21436,Decimerad,kazzak,288,priest,discipline,6,3,3
21437,Hôllÿ,ysondre,288,priest,discipline,6,3,3
21438,Zikár,kazzak,288,priest,discipline,6,3,3
21439,Confess,archimonde,288,priest,discipline,6,3,3
21440,Peign,eredar,288,priest,discipline,6,3,3
21441,Caipiwtf,eredar,288,priest,discipline,6,3,3
21442,Delinsx,outland,288,priest,discipline,6,3,3
21443,Russianpvp,outland,288,priest,discipline,6,3,3
21444,Shieldop,eredar,288,priest,discipline,6,3,3
21445,Wontdispel,ravencrest,288,priest,discipline,6,3,3
21446,Hardbowl,teldrassil,288,priest,discipline,6,3,3
21447,Josva,sanguino,288,priest,discipline,6,3,3
21448,Dead,argent-dawn,288,priest,discipline,6,3,3
21449,Ылрйкпмитьхх,soulflayer,288,priest,discipline,6,3,3
21450,Iluvkiids,blackhand,288,priest,discipline,6,3,3
21451,Биркох,blackscar,288,priest,discipline,6,3,3
21452,Laradiel,dun-modr,288,priest,discipline,6,3,3
21453,Sâmba,pozzo-delleternità,288,priest,discipline,6,3,3
21454,Psychout,ravencrest,288,priest,discipline,6,3,3
21455,Hôtseitdank,blackrock,288,priest,discipline,6,3,3
21456,Ardeë,dun-modr,288,priest,discipline,6,3,3
21457,Noonex,hakkar,288,priest,discipline,6,3,3
21458,Santainphy,cthun,288,priest,discipline,6,3,3
21459,Starships,kazzak,288,priest,discipline,6,3,3
21460,ßøunty,dun-modr,288,priest,discipline,6,3,3
21461,Acik,bladefist,288,priest,discipline,6,3,3
21462,Cbbigbape,thrall,288,priest,discipline,6,3,3
21463,Shadoxx,malganis,288,priest,discipline,6,3,3
21464,Nedex,thrall,288,priest,discipline,6,3,3
21465,Applepiez,ravencrest,288,priest,discipline,6,3,3
21466,Chayz,thrall,288,priest,discipline,6,3,3
21467,Pristel,twisting-nether,288,priest,discipline,6,3,3
21468,Holycowheals,the-maelstrom,288,priest,discipline,6,3,3
21469,Sardine,ravencrest,288,priest,discipline,6,3,3
21470,Watchmepray,stormscale,288,priest,discipline,6,3,3
21471,Mahist,ravencrest,288,priest,discipline,6,3,3
21472,Depleeky,blackmoore,288,priest,discipline,6,3,3
21473,Henreita,darksorrow,288,priest,discipline,6,3,3
21474,Tzúú,ravencrest,288,priest,discipline,6,3,3
21475,Grainbames,sylvanas,288,priest,discipline,6,3,3
21476,Yillva,darkspear,288,priest,discipline,6,3,3
21477,Фалд,gordunni,288,priest,discipline,6,3,3
21478,Disfinkacze,drakthul,288,priest,discipline,6,3,3
21479,Challengepro,burning-legion,288,priest,discipline,6,3,3
21480,Vaurork,stormscale,288,priest,discipline,6,3,3
21481,Byshadow,silvermoon,288,priest,discipline,6,3,3
21482,Pøsæ,uldaman,288,priest,discipline,6,3,3
21483,Effot,twisting-nether,288,priest,discipline,6,3,3
21484,Immutable,twisting-nether,288,priest,discipline,6,3,3
21485,Ансор,lich-king,288,priest,discipline,6,3,3
21486,Unrèål,ravencrest,288,priest,discipline,6,3,3
21487,Pietyberi,tichondrius,288,priest,discipline,6,3,3
21488,Hængøver,blackmoore,288,priest,discipline,6,3,3
21489,Хомячише,lich-king,288,priest,discipline,6,3,3
21490,Æøí,blackmoore,288,priest,discipline,6,3,3
21491,Nelakya,blackmoore,288,priest,discipline,6,3,3
21492,Séfaron,blackmoore,288,priest,discipline,6,3,3
21493,Lolipopheal,blackmoore,288,priest,discipline,6,3,3
21494,Шлёндрик,gordunni,288,priest,discipline,6,3,3
21495,Qpops,twisting-nether,288,priest,discipline,6,3,3
21496,Чилюотферала,eversong,288,priest,discipline,6,3,3
21497,Mariahcarey,blackmoore,288,priest,discipline,6,3,3
21498,Заволончик,blackscar,288,priest,discipline,6,3,3
21499,Кхайла,blackscar,288,priest,discipline,6,3,3
21500,Pwatheism,blackmoore,288,priest,discipline,6,3,3
21501,Azazzel,nathrezim,288,priest,discipline,6,3,3
21502,Hanagaki,ragnaros,288,priest,discipline,6,3,3
21503,Maiel,die-aldor,288,priest,discipline,6,3,3
21504,Paphahaha,ragnaros,288,priest,discipline,6,3,3
21505,Ðontargueok,blackmoore,288,priest,discipline,6,3,3
21506,Felon,burning-legion,288,priest,discipline,6,3,3
21507,Аридел,ashenvale,288,priest,discipline,6,3,3
21508,Dannebrog,eonar,288,priest,discipline,6,3,3
21509,Löspajen,stormscale,288,priest,discipline,6,3,3
21510,Нагп,gordunni,288,priest,discipline,6,3,3
21511,Lerissea,argent-dawn,288,priest,discipline,6,3,3
21512,Iløvelena,ravencrest,288,priest,discipline,6,3,3
21513,Фруктовыйса,gordunni,288,priest,discipline,6,3,3
21514,Тесира,blackscar,288,priest,discipline,6,3,3
21515,Tyarande,tarren-mill,288,priest,discipline,6,3,3
21516,Ònasou,silvermoon,288,priest,discipline,6,3,3
21517,Eros,illidan,288,priest,discipline,6,3,3
21518,Dumix,shadowsong,288,priest,discipline,6,3,3
21519,Куольхд,gordunni,288,priest,discipline,6,3,3
21520,Pixe,argent-dawn,288,priest,discipline,6,3,3
21521,Eldrathir,burning-legion,288,priest,discipline,6,3,3
21522,Flet,emerald-dream,288,priest,discipline,6,3,3
21523,Sastry,drakthul,288,priest,discipline,6,3,3
21524,Ксайфир,gordunni,288,priest,discipline,6,3,3
21525,Bigdamsmitex,draenor,288,priest,discipline,6,3,3
21526,Kamiðßlesing,sanguino,288,priest,discipline,6,3,3
21527,Shádøwx,ravencrest,288,priest,discipline,6,3,3
21528,Xdthe,tarren-mill,288,priest,discipline,6,3,3
21529,Palrins,dalaran,288,priest,discipline,6,3,3
21530,Микаса,howling-fjord,288,priest,discipline,6,3,3
21531,Deternity,stormscale,288,priest,discipline,6,3,3
21532,Qzrx,draenor,288,priest,discipline,6,3,3
21533,Mindflayér,stormscale,288,priest,discipline,6,3,3
21534,Flaylol,stormscale,288,priest,discipline,6,3,3
21535,Zofiiee,tarren-mill,288,priest,discipline,6,3,3
21536,Jazty,sanguino,288,priest,discipline,6,3,3
21537,Nefufangirl,ravencrest,288,priest,discipline,6,3,3
21538,Purpl,tarren-mill,288,priest,discipline,6,3,3
21539,Windieqt,drakthul,288,priest,discipline,6,3,3
21540,ßestworld,draenor,288,priest,discipline,6,3,3
21541,Ðopebwøy,burning-legion,288,priest,discipline,6,3,3
21542,Kaylaylaylay,draenor,288,priest,discipline,6,3,3
21543,Tothegrave,draenor,288,priest,discipline,6,3,3
21544,Карнотит,howling-fjord,288,priest,discipline,6,3,3
21545,Либертадор,howling-fjord,288,priest,discipline,6,3,3
21546,Акимбопушка,howling-fjord,288,priest,discipline,6,3,3
21547,Madreöscura,cthun,288,priest,discipline,15,4,11
21548,Ælæx,alleria,288,priest,discipline,12,3,9
21549,Kátîè,draenor,288,priest,discipline,12,3,9
21550,Kranrekan,archimonde,288,priest,discipline,12,3,9
21551,Doombrew,blackmoore,288,priest,discipline,12,3,9
21552,Tazting,stormscale,288,priest,discipline,12,3,9
21553,Венэма,azuregos,288,priest,discipline,12,3,9
21554,Krãtos,kazzak,288,priest,discipline,12,3,9
21555,Orkall,sylvanas,288,priest,discipline,12,3,9
21556,Pidarkgogo,stormscale,288,priest,discipline,12,3,9
21557,Výra,der-rat-von-dalaran,288,priest,discipline,12,3,9
21558,Malaboost,archimonde,288,priest,discipline,12,3,9
21559,Moth,kazzak,288,priest,discipline,12,3,9
21560,Smitelord,outland,288,priest,discipline,12,3,9
21561,Tubercurass,hyjal,288,priest,discipline,12,3,9
21562,Knobibobby,blackrock,288,priest,discipline,12,3,9
21563,Smiteyoudown,aegwynn,288,priest,discipline,12,3,9
21564,Crazyhealsqt,hellfire,288,priest,discipline,12,3,9
21565,Snowlhad,argent-dawn,288,priest,discipline,12,3,9
21566,Quïzzler,ragnaros,288,priest,discipline,12,3,9
21567,Ðènnis,argent-dawn,288,priest,discipline,12,3,9
21568,Honompa,darkmoon-faire,288,priest,discipline,12,3,9
21569,Fluxyqt,ravencrest,288,priest,discipline,12,3,9
21570,Bacovia,tarren-mill,288,priest,discipline,12,3,9
21571,Piitixd,burning-legion,288,priest,discipline,12,3,9
21572,Sins,defias-brotherhood,288,priest,discipline,12,3,9
21573,Koshmår,stormscale,288,priest,discipline,12,3,9
21574,Toratorap,burning-legion,288,priest,discipline,12,3,9
21575,Rennic,stormscale,288,priest,discipline,12,3,9
21576,Djezà,archimonde,288,priest,discipline,12,3,9
21577,Фикспрайз,gordunni,288,priest,discipline,12,3,9
21578,Gaehla,silvermoon,288,priest,discipline,12,3,9
21579,Løs,argent-dawn,288,priest,discipline,12,3,9
21580,Arathelle,chromaggus,288,priest,discipline,12,3,9
21581,Biierlip,twisting-nether,288,priest,discipline,12,3,9
21582,Nyxém,blackmoore,288,priest,discipline,12,3,9
21583,Absórb,quelthalas,288,priest,discipline,12,3,9
21584,Kilmin,ravencrest,288,priest,discipline,12,3,9
21585,Dizzaer,terokkar,288,priest,discipline,12,3,9
21586,Arttos,antonidas,288,priest,discipline,12,3,9
21587,Niikki,blackrock,288,priest,discipline,12,3,9
21588,Âlígés,outland,288,priest,discipline,12,3,9
21589,Choosunghoon,silvermoon,288,priest,discipline,12,3,9
21590,Maybeexp,ravencrest,288,priest,discipline,12,3,9
21591,Kalamh,marécage-de-zangar,288,priest,discipline,12,3,9
21592,Декорий,soulflayer,288,priest,discipline,12,3,9
21593,Yaaoz,dun-modr,288,priest,discipline,12,3,9
21594,Crop,nemesis,288,priest,discipline,12,3,9
21595,Хуанкарлосс,soulflayer,288,priest,discipline,12,3,9
21596,Realdead,blackrock,288,priest,discipline,12,3,9
21597,Momomomomomo,blackrock,288,priest,discipline,12,3,9
21598,Recast,outland,288,priest,discipline,12,3,9
21599,Èlvis,dun-morogh,288,priest,discipline,12,3,9
21600,Fictus,tarren-mill,288,priest,discipline,18,3,15
21601,Aldebrand,dun-modr,288,priest,discipline,24,3,21
21602,Hulluh,tarren-mill,287,priest,discipline,6,3,3
21603,Bunetu,blackmoore,287,priest,discipline,6,3,3
21604,Xkv,blackmoore,287,priest,discipline,6,3,3
21605,Eritreea,stormscale,287,priest,discipline,12,3,9
21606,Fuwafuwaneko,sanguino,287,priest,discipline,12,3,9
21607,Elraine,ravencrest,287,priest,discipline,12,3,9
21608,Orioz,tarren-mill,287,priest,discipline,12,3,9
21609,Tíffanny,ragnaros,287,priest,discipline,12,3,9
21610,Rotems,korgall,287,priest,discipline,12,3,9
21611,Sacabocaos,dun-modr,287,priest,discipline,12,3,9
21612,Willibad,executus,286,priest,discipline,6,3,3
21613,Lînda,steamwheedle-cartel,255,priest,discipline,11,3,8
21614,Zlothax,blackrock,255,priest,discipline,11,3,8
21615,Czee,draenor,255,priest,discipline,11,3,8
21616,Alphakillerz,sanguino,255,priest,discipline,11,3,8
21617,Kikoke,sanguino,240,priest,discipline,9,3,6
21618,Sánta,blackmoore,240,priest,discipline,9,3,6
21619,Yourholiness,rexxar,240,priest,discipline,9,3,6
21620,Judine,kazzak,239,priest,discipline,5,3,2
21621,Tyeldine,ragnaros,239,priest,discipline,9,4,5
21622,Паратузов,gordunni,239,priest,discipline,29,3,26
21623,Zargoss,sylvanas,234,priest,discipline,8,4,4
21624,Zxèlá,tarren-mill,234,priest,discipline,13,6,7
21625,Sologrifer,sylvanas,234,priest,discipline,9,4,5
21626,Paandosa,outland,234,priest,discipline,9,4,5
21627,Barbiemeth,silvermoon,234,priest,discipline,35,14,21
21628,Katwizro,hyjal,234,priest,discipline,16,6,10
21629,Mineshadow,argent-dawn,234,priest,discipline,11,4,7
21630,Jael,frostmane,234,priest,discipline,14,4,10
21631,Krakjak,twisting-nether,234,priest,discipline,15,4,11
21632,Nÿpô,hyjal,234,priest,discipline,16,4,12
21633,Пахад,blackscar,233,priest,discipline,9,4,5
21634,Flexelzz,argent-dawn,227,priest,discipline,18,6,12
21635,Tomoty,ravencrest,208,priest,discipline,7,3,4
21636,Dutchstuff,karazhan,192,priest,discipline,4,3,1
21637,Toxicx,aegwynn,192,priest,discipline,6,2,4
21638,Calah,frostwhisper,192,priest,discipline,6,2,4
21639,Saurap,uldum,192,priest,discipline,6,2,4
21640,Ascindra,ravencrest,192,priest,discipline,6,2,4
21641,Adägïo,dun-modr,192,priest,discipline,6,2,4
21642,Jaduheart,ravencrest,192,priest,discipline,6,2,4
21643,Proxsjr,ravencrest,192,priest,discipline,6,2,4
21644,Nekros,agamaggan,192,priest,discipline,6,2,4
21645,Seskip,stormreaver,192,priest,discipline,6,2,4
21646,Clapclap,frostmourne,192,priest,discipline,6,2,4
21647,Prodan,frostmane,192,priest,discipline,6,2,4
21648,Idén,quelthalas,192,priest,discipline,6,2,4
21649,Shadowlander,dun-modr,192,priest,discipline,6,2,4
21650,Kasuny,outland,192,priest,discipline,6,2,4
21651,Haiga,zuljin,192,priest,discipline,6,2,4
21652,Tacøgxd,ravencrest,192,priest,discipline,6,2,4
21653,Alamonte,darksorrow,192,priest,discipline,6,2,4
21654,Elëctra,vashj,192,priest,discipline,6,2,4
21655,Nálá,nethersturm,192,priest,discipline,6,2,4
21656,Prîëstìtütê,doomhammer,192,priest,discipline,6,2,4
21657,Míriêl,blackhand,192,priest,discipline,6,2,4
21658,Perrín,blackrock,192,priest,discipline,6,2,4
21659,Lirrydoz,ravencrest,192,priest,discipline,6,2,4
21660,Simplesam,ravencrest,192,priest,discipline,6,2,4
21661,Methslinger,draenor,192,priest,discipline,6,2,4
21662,Aidkit,burning-legion,192,priest,discipline,6,2,4
21663,Radulfus,stormrage,192,priest,discipline,6,2,4
21664,Yacine,blackrock,192,priest,discipline,6,2,4
21665,Mehhx,burning-legion,192,priest,discipline,6,2,4
21666,Колдунская,soulflayer,192,priest,discipline,6,2,4
21667,Merk,kazzak,192,priest,discipline,6,2,4
21668,Фадб,howling-fjord,192,priest,discipline,6,2,4
21669,Titiqr,naxxramas,192,priest,discipline,6,2,4
21670,Tokkzz,ragnaros,192,priest,discipline,6,2,4
21671,Maleapriest,blackhand,192,priest,discipline,6,2,4
21672,Zxø,ravencrest,192,priest,discipline,6,2,4
21673,Maquivel,aggra-português,192,priest,discipline,6,2,4
21674,Kyojin,pozzo-delleternità,192,priest,discipline,6,2,4
21675,Skytheory,eredar,192,priest,discipline,6,2,4
21676,Уци,howling-fjord,192,priest,discipline,6,2,4
21677,Superogór,burning-legion,192,priest,discipline,6,2,4
21678,Coldxzera,tarren-mill,192,priest,discipline,6,2,4
21679,Scrotoepalle,nemesis,192,priest,discipline,6,2,4
21680,Kaamiluus,burning-legion,192,priest,discipline,6,2,4
21681,Lenanitro,blackrock,192,priest,discipline,6,2,4
21682,Insufrible,minahonda,192,priest,discipline,6,2,4
21683,Dontouch,nemesis,192,priest,discipline,6,2,4
21684,Upsbro,outland,192,priest,discipline,6,2,4
21685,Jaheim,tarren-mill,192,priest,discipline,6,2,4
21686,Jäý,ravencrest,192,priest,discipline,6,2,4
21687,Touddixz,blackrock,192,priest,discipline,6,2,4
21688,Mcpriestgodx,blackrock,192,priest,discipline,6,2,4
21689,Clastro,outland,192,priest,discipline,6,2,4
21690,Menie,draenor,192,priest,discipline,6,2,4
21691,Uncleben,grim-batol,192,priest,discipline,6,2,4
21692,Somai,aegwynn,192,priest,discipline,6,2,4
21693,Prällë,draenor,192,priest,discipline,6,2,4
21694,Cptmoigx,antonidas,192,priest,discipline,6,2,4
21695,Groaxx,ragnaros,192,priest,discipline,6,2,4
21696,Bigpinkballs,tarren-mill,192,priest,discipline,6,2,4
21697,Тейдехан,howling-fjord,192,priest,discipline,6,2,4
21698,Kironm,kazzak,192,priest,discipline,6,2,4
21699,Qku,ravencrest,192,priest,discipline,6,2,4
21700,Sophoula,silvermoon,192,priest,discipline,6,2,4
21701,Katrynax,ravencrest,192,priest,discipline,6,2,4
21702,Stanyú,tarren-mill,192,priest,discipline,6,2,4
21703,Winlove,outland,192,priest,discipline,6,2,4
21704,Piedl,aegwynn,192,priest,discipline,6,2,4
21705,Rallzken,stormscale,192,priest,discipline,6,2,4
21706,Sachikø,sylvanas,192,priest,discipline,6,2,4
21707,Aridarpriest,silvermoon,192,priest,discipline,6,2,4
21708,Rickermortis,defias-brotherhood,192,priest,discipline,6,2,4
21709,Sipriest,silvermoon,192,priest,discipline,6,2,4
21710,Zhest,nemesis,192,priest,discipline,6,2,4
21711,Mcx,stormscale,192,priest,discipline,6,2,4
21712,Axyze,draenor,192,priest,discipline,6,2,4
21713,Sebiarchie,lightnings-blade,192,priest,discipline,6,2,4
21714,Jupiminaj,tarren-mill,192,priest,discipline,6,2,4
21715,Tofsy,stormscale,192,priest,discipline,6,2,4
21716,Mlii,the-maelstrom,192,priest,discipline,6,2,4
21717,Fadehojwnabe,the-shatar,192,priest,discipline,6,2,4
21718,Emabi,tarren-mill,192,priest,discipline,6,2,4
21719,Numa,stormscale,192,priest,discipline,6,2,4
21720,Ичисанчик,howling-fjord,192,priest,discipline,6,2,4
21721,Spectriums,twisting-nether,192,priest,discipline,6,2,4
21722,Servaas,silvermoon,192,priest,discipline,6,2,4
21723,Grduebel,tirion,192,priest,discipline,6,2,4
21724,Mqsx,stormscale,192,priest,discipline,6,2,4
21725,Zoose,silvermoon,192,priest,discipline,6,2,4
21726,Unreal,nagrand,192,priest,discipline,6,2,4
21727,Izaa,silvermoon,192,priest,discipline,6,2,4
21728,Jell,stormscale,192,priest,discipline,6,2,4
21729,Артэта,blackscar,192,priest,discipline,6,2,4
21730,Quintanaro,thrall,192,priest,discipline,6,2,4
21731,Soreboners,stormscale,192,priest,discipline,6,2,4
21732,Pristara,bloodhoof,192,priest,discipline,6,2,4
21733,Calling,nozdormu,192,priest,discipline,6,2,4
21734,Маджори,azuregos,192,priest,discipline,6,2,4
21735,Célaz,blackmoore,192,priest,discipline,6,2,4
21736,Remyy,jaedenar,192,priest,discipline,6,2,4
21737,Ниомана,gordunni,192,priest,discipline,6,2,4
21738,Draconux,terenas,192,priest,discipline,6,2,4
21739,Protege,shadowsong,192,priest,discipline,6,2,4
21740,Derathon,eredar,192,priest,discipline,6,2,4
21741,Phantombride,silvermoon,192,priest,discipline,6,2,4
21742,Ægirl,chamber-of-aspects,192,priest,discipline,6,2,4
21743,Discolata,silvermoon,192,priest,discipline,6,2,4
21744,Shaomi,eldrethalas,192,priest,discipline,6,2,4
21745,Dènna,eldrethalas,192,priest,discipline,6,2,4
21746,Quvi,frostwolf,192,priest,discipline,6,2,4
21747,Tiefergelegt,arthas,192,priest,discipline,6,2,4
21748,Hormgal,blackmoore,192,priest,discipline,6,2,4
21749,Wumtris,ragnaros,192,priest,discipline,6,2,4
21750,Tinúvielle,dalaran,192,priest,discipline,6,2,4
21751,Vanadii,blackhand,192,priest,discipline,6,2,4
21752,Amayko,kazzak,192,priest,discipline,6,2,4
21753,Ponting,kazzak,192,priest,discipline,6,2,4
21754,Giesix,frostwolf,192,priest,discipline,6,2,4
21755,Anvena,elune,192,priest,discipline,6,2,4
21756,Ilovedomo,stormscale,192,priest,discipline,6,2,4
21757,Ølle,ravencrest,192,priest,discipline,6,2,4
21758,Braingames,kazzak,192,priest,discipline,6,2,4
21759,Kopfsache,blackmoore,192,priest,discipline,6,2,4
21760,Shalabox,twisting-nether,192,priest,discipline,6,2,4
21761,Missright,ragnaros,192,priest,discipline,6,2,4
21762,Susee,nozdormu,192,priest,discipline,6,2,4
21763,Taschigi,rexxar,192,priest,discipline,6,2,4
21764,Mertérésa,hyjal,192,priest,discipline,6,2,4
21765,Zéró,gorgonnash,192,priest,discipline,6,2,4
21766,Chópsuey,stormscale,192,priest,discipline,6,2,4
21767,Dqt,ragnaros,192,priest,discipline,6,2,4
21768,Hoon,destromath,192,priest,discipline,6,2,4
21769,Reckxp,twisting-nether,192,priest,discipline,6,2,4
21770,Рэпру,galakrond,192,priest,discipline,6,2,4
21771,Flayin,kazzak,192,priest,discipline,7,2,5
21772,Uwuslayerx,stormscale,192,priest,discipline,7,2,5
21773,Meatyshaft,doomhammer,192,priest,discipline,11,3,8
21774,Иванвай,soulflayer,192,priest,discipline,9,2,7
21775,Balan,argent-dawn,192,priest,discipline,12,2,10
21776,Ulfsarkaom,turalyon,192,priest,discipline,12,2,10
21777,Petjouli,darksorrow,192,priest,discipline,12,2,10
21778,Zêlða,ravencrest,192,priest,discipline,12,2,10
21779,Miind,tarren-mill,192,priest,discipline,12,2,10
21780,Xlia,argent-dawn,192,priest,discipline,12,2,10
21781,Norah,kirin-tor,192,priest,discipline,12,2,10
21782,Chizu,alakir,192,priest,discipline,12,2,10
21783,Trickfulzqt,stormscale,192,priest,discipline,12,2,10
21784,Zubrowkâ,kazzak,192,priest,discipline,12,2,10
21785,Sybred,tarren-mill,192,priest,discipline,12,2,10
21786,Sevinho,twisting-nether,192,priest,discipline,12,2,10
21787,Shadowp,aegwynn,192,priest,discipline,12,2,10
21788,Slikjar,stormscale,192,priest,discipline,12,2,10
21789,Shacoat,draenor,192,priest,discipline,12,2,10
21790,Xblue,outland,192,priest,discipline,12,2,10
21791,Nigellä,azjolnerub,192,priest,discipline,12,2,10
21792,Dîablø,eredar,192,priest,discipline,12,2,10
21793,Adallon,blackmoore,192,priest,discipline,12,2,10
21794,Chenandler,aggra-português,192,priest,discipline,12,2,10
21795,Лилинтель,gordunni,192,priest,discipline,12,2,10
21796,Xhortas,thrall,192,priest,discipline,18,2,16
21797,Zinary,silvermoon,192,priest,discipline,18,2,16
21798,Adolosh,thrall,191,priest,discipline,6,2,4
21799,Daria,teldrassil,191,priest,discipline,12,2,10
21800,Wigo,twisting-nether,175,priest,discipline,11,2,9
21801,Smyx,blackhand,159,priest,discipline,5,2,3
21802,Munche,blackmoore,159,priest,discipline,5,2,3
21803,Galpriest,tarren-mill,159,priest,discipline,5,2,3
21804,Keizir,hyjal,144,priest,discipline,3,3,0
21805,Djem,argent-dawn,144,priest,discipline,3,3,0
21806,Sotanax,khazgoroth,144,priest,discipline,9,2,7
21807,Discopriestt,outland,144,priest,discipline,9,2,7
21808,Roqu,ravencrest,143,priest,discipline,3,3,0
21809,Magister,sanguino,138,priest,discipline,9,4,5
21810,Xire,outland,138,priest,discipline,8,3,5
21811,Ohhowpretty,ravencrest,138,priest,discipline,11,4,7
21812,Majestíc,blackmoore,138,priest,discipline,9,3,6
21813,Шорон,howling-fjord,138,priest,discipline,11,3,8
21814,Kitazu,draenor,138,priest,discipline,15,3,12
21815,Rushax,ravencrest,137,priest,discipline,7,3,4
21816,Xakala,cthun,137,priest,discipline,13,3,10
21817,Darzul,conseil-des-ombres,127,priest,discipline,8,2,6
21818,Lucerna,defias-brotherhood,112,priest,discipline,7,2,5
21819,Sdw,kargath,96,priest,discipline,3,2,1
21820,Gojó,outland,96,priest,discipline,3,2,1
21821,Midy,drakthul,96,priest,discipline,3,2,1
21822,Wizzp,magtheridon,96,priest,discipline,9,2,7
21823,Guiliman,chamber-of-aspects,96,priest,discipline,11,2,9
21824,Oöm,hyjal,96,priest,discipline,6,1,5
21825,Miraçlê,kazzak,96,priest,discipline,6,1,5
21826,Лисовен,blackscar,96,priest,discipline,6,1,5
21827,Dami,defias-brotherhood,96,priest,discipline,6,1,5
21828,Senkín,aegwynn,96,priest,discipline,6,1,5
21829,Supfamskrrt,stormscale,96,priest,discipline,6,1,5
21830,Menjo,silvermoon,96,priest,discipline,6,1,5
21831,Idontknow,sanguino,96,priest,discipline,6,1,5
21832,Missah,archimonde,96,priest,discipline,6,1,5
21833,Iololololxd,eredar,96,priest,discipline,6,1,5
21834,Réaper,twilights-hammer,96,priest,discipline,6,1,5
21835,Namï,darksorrow,96,priest,discipline,6,1,5
21836,Yixi,blackmoore,96,priest,discipline,6,1,5
21837,Nakrga,twisting-nether,96,priest,discipline,6,1,5
21838,Erkay,kazzak,96,priest,discipline,6,1,5
21839,Récko,blackmoore,96,priest,discipline,6,1,5
21840,Xyret,blackmoore,96,priest,discipline,6,1,5
21841,Cysco,blackmoore,96,priest,discipline,6,1,5
21842,Redblue,onyxia,96,priest,discipline,6,1,5
21843,Шишищ,gordunni,96,priest,discipline,6,1,5
21844,Larisä,uldum,96,priest,discipline,6,1,5
21845,Марриаза,blackscar,96,priest,discipline,6,1,5
21846,Йоййо,gordunni,96,priest,discipline,6,1,5
21847,Tîwele,dalvengyr,96,priest,discipline,6,1,5
21848,Sprife,ragnaros,96,priest,discipline,6,1,5
21849,Broncos,twisting-nether,96,priest,discipline,6,1,5
21850,Liendro,stormscale,96,priest,discipline,6,1,5
21851,Sayala,dalaran,96,priest,discipline,6,1,5
21852,Teleriah,blackmoore,96,priest,discipline,6,1,5
21853,Peez,stormscale,96,priest,discipline,6,1,5
21854,Cptncarrot,blackmoore,96,priest,discipline,6,1,5
21855,Kangkong,ravencrest,96,priest,discipline,6,1,5
21856,Snullerheals,kazzak,96,priest,discipline,6,1,5
21857,Imhotép,anubarak,96,priest,discipline,6,1,5
21858,Krazuk,theradras,96,priest,discipline,6,1,5
21859,Xälis,ysondre,96,priest,discipline,6,1,5
21860,Stickpas,ysondre,96,priest,discipline,6,1,5
21861,Filit,hyjal,96,priest,discipline,6,1,5
21862,Libertero,drakthul,96,priest,discipline,6,1,5
21863,Rachelsz,ravencrest,96,priest,discipline,6,1,5
21864,Aprima,culte-de-la-rive-noire,96,priest,discipline,6,1,5
21865,Skitzypriest,stormscale,96,priest,discipline,6,1,5
21866,Elessee,the-maelstrom,96,priest,discipline,6,1,5
21867,Holzí,frostmourne,96,priest,discipline,6,1,5
21868,Jônb,tarren-mill,96,priest,discipline,6,1,5
21869,Dionegativ,draenor,96,priest,discipline,6,1,5
21870,Dominos,thrall,96,priest,discipline,6,1,5
21871,Caramello,stormscale,96,priest,discipline,6,1,5
21872,Lyssandre,stormreaver,96,priest,discipline,6,1,5
21873,Немонте,gordunni,96,priest,discipline,6,1,5
21874,Ascendare,tarren-mill,96,priest,discipline,6,1,5
21875,Скартэикс,howling-fjord,96,priest,discipline,6,1,5
21876,Миррен,gordunni,96,priest,discipline,6,1,5
21877,Æsia,archimonde,96,priest,discipline,6,1,5
21878,Pellé,stormscale,96,priest,discipline,6,1,5
21879,Sonyl,les-sentinelles,96,priest,discipline,6,1,5
21880,Darthdots,outland,96,priest,discipline,6,1,5
21881,Mojotore,blackhand,96,priest,discipline,6,1,5
21882,Leykop,ravencrest,96,priest,discipline,6,1,5
21883,Ildïmnöll,drakthul,96,priest,discipline,6,1,5
21884,Teri,taerar,96,priest,discipline,6,1,5
21885,Iovely,stormscale,96,priest,discipline,6,1,5
21886,Героиннарбг,soulflayer,96,priest,discipline,6,1,5
21887,Idjut,kazzak,96,priest,discipline,6,1,5
21888,Sende,tarren-mill,96,priest,discipline,6,1,5
21889,Yogastretch,ravencrest,96,priest,discipline,6,1,5
21890,Хоббитсон,soulflayer,96,priest,discipline,6,1,5
21891,Madcole,blackhand,96,priest,discipline,6,1,5
21892,Myxeh,ravencrest,96,priest,discipline,6,1,5
21893,Hoeneygodx,antonidas,96,priest,discipline,6,1,5
21894,Promiqt,drakthul,96,priest,discipline,6,1,5
21895,Töxìc,outland,96,priest,discipline,6,1,5
21896,Joncartagena,sanguino,96,priest,discipline,6,1,5
21897,Жрецдуши,gordunni,96,priest,discipline,6,1,5
21898,Pristürk,burning-legion,96,priest,discipline,6,1,5
21899,Бидоноприст,fordragon,96,priest,discipline,6,1,5
21900,Shinesomnya,aegwynn,96,priest,discipline,6,1,5
21901,Nondi,frostmane,96,priest,discipline,6,1,5
21902,Оумега,gordunni,96,priest,discipline,6,1,5
21903,Listenlisten,archimonde,96,priest,discipline,6,1,5
21904,Olqp,tarren-mill,96,priest,discipline,6,1,5
21905,Aggresivdisc,hyjal,96,priest,discipline,6,1,5
21906,Vampirito,ragnaros,96,priest,discipline,6,1,5
21907,Jaimee,zirkel-des-cenarius,96,priest,discipline,6,1,5
21908,Æphilis,outland,96,priest,discipline,6,1,5
21909,Крашдайс,soulflayer,96,priest,discipline,6,1,5
21910,Pera,nemesis,96,priest,discipline,12,1,11
21911,Sorprendente,cthun,96,priest,discipline,12,1,11
21912,Epokalarm,ragnaros,96,priest,discipline,12,1,11
21913,Kelarai,azjolnerub,96,priest,discipline,12,1,11
21914,Ccatchme,sylvanas,96,priest,discipline,18,1,17
21915,Elián,silvermoon,79,priest,discipline,5,1,4
21916,Priestin,dun-modr,79,priest,discipline,5,1,4
21917,Tiinia,hyjal,74,priest,discipline,13,3,10
21918,Tronte,dun-modr,64,priest,discipline,4,1,3
21919,Faithful,emerald-dream,64,priest,discipline,8,1,7
21920,Jaimeê,der-rat-von-dalaran,63,priest,discipline,2,2,0
21921,Chooser,stormscale,63,priest,discipline,8,2,6
21922,Bossku,kazzak,48,priest,discipline,3,1,2
21923,Piacolada,aegwynn,48,priest,discipline,3,1,2
21924,Pushup,drakthul,48,priest,discipline,3,1,2
21925,Triip,argent-dawn,42,priest,discipline,7,2,5
21926,Хаахаахаа,gordunni,42,priest,discipline,11,3,8
21927,Hekro,thrall,42,priest,discipline,8,2,6
21928,Ronk,outland,42,priest,discipline,9,2,7
21929,Xxddxd,draenor,42,priest,discipline,17,3,14
21930,Vileehnius,alleria,42,priest,discipline,17,2,15
21931,Hanic,kazzak,2326,priest,shadow,92,57,35
21932,Yggdra,ragnaros,2229,priest,shadow,66,44,22
21933,Dbeezy,tarren-mill,2217,priest,shadow,100,53,47
21934,Хедмэнмвп,gordunni,2203,priest,shadow,156,80,76
21935,Tentoumushi,ravencrest,2153,priest,shadow,72,42,30
21936,Dollyboo,tarren-mill,2152,priest,shadow,125,77,48
21937,Ilovemycat,silvermoon,2152,priest,shadow,78,47,31
21938,Permafeetup,aegwynn,2151,priest,shadow,78,45,33
21939,Shåmssv,kazzak,2146,priest,shadow,72,41,31
21940,Cheesecake,defias-brotherhood,2143,priest,shadow,78,47,31
21941,Crainoo,ravencrest,2137,priest,shadow,158,80,78
21942,Blacktrain,burning-blade,2136,priest,shadow,118,60,58
21943,Даняпампгодх,soulflayer,2127,priest,shadow,170,86,84
21944,Syedi,drakthul,2126,priest,shadow,147,72,75
21945,Rrj,ravencrest,2124,priest,shadow,82,51,31
21946,Xsß,dun-modr,2116,priest,shadow,107,59,48
21947,Voidfi,kult-der-verdammten,2111,priest,shadow,114,64,50
21948,Rzkp,eredar,2110,priest,shadow,93,50,43
21949,Yuzuflex,hyjal,2110,priest,shadow,81,43,38
21950,Standtall,blackrock,2109,priest,shadow,108,57,51
21951,Sphero,earthen-ring,2101,priest,shadow,130,73,57
21952,Сделайсам,gordunni,2100,priest,shadow,99,55,44
21953,Èxtêrmìnätör,kazzak,2083,priest,shadow,78,43,35
21954,Purpl,tarren-mill,2076,priest,shadow,138,75,63
21955,Bönfire,silvermoon,2075,priest,shadow,140,73,67
21956,Stjärtsten,tarren-mill,2064,priest,shadow,183,107,76
21957,Walterwhite,stormscale,2059,priest,shadow,66,36,30
21958,Notsoholy,blackmoore,2056,priest,shadow,60,37,23
21959,Nousey,twisting-nether,2045,priest,shadow,72,42,30
21960,Justtpro,twisting-nether,2043,priest,shadow,140,88,52
21961,Pu,outland,2039,priest,shadow,90,43,47
21962,Миладиель,gordunni,2033,priest,shadow,101,52,49
21963,Thanatae,kazzak,2030,priest,shadow,79,44,35
21964,Bidraget,ravencrest,2024,priest,shadow,60,38,22
21965,Pepeshadow,twisting-nether,2020,priest,shadow,93,48,45
21966,Deathlý,blackrock,2013,priest,shadow,72,39,33
21967,Destinyhero,aegwynn,2007,priest,shadow,87,44,43
21968,Mérce,kazzak,1991,priest,shadow,60,36,24
21969,Heal,hyjal,1990,priest,shadow,230,131,99
21970,Zhadum,stormscale,1990,priest,shadow,107,57,50
21971,Rzktwo,eredar,1988,priest,shadow,59,33,26
21972,Sethÿr,sanguino,1982,priest,shadow,126,66,60
21973,Rnkz,sanguino,1961,priest,shadow,66,41,25
21974,Gorholm,argent-dawn,1956,priest,shadow,70,45,25
21975,Infuséd,aegwynn,1956,priest,shadow,54,30,24
21976,Moretti,ravencrest,1953,priest,shadow,54,32,22
21977,Prøphetx,thrall,1945,priest,shadow,141,73,68
21978,Zoodiacp,blackrock,1944,priest,shadow,64,34,30
21979,Vaccineboost,silvermoon,1944,priest,shadow,84,40,44
21980,Dhurza,shendralar,1938,priest,shadow,66,39,27
21981,Bréézee,ravencrest,1938,priest,shadow,65,33,32
21982,Rãpidi,hyjal,1932,priest,shadow,89,56,33
21983,Buøbuarns,sanguino,1930,priest,shadow,63,31,32
21984,Айсиоу,howling-fjord,1929,priest,shadow,42,26,16
21985,Lâughing,ravencrest,1928,priest,shadow,61,35,26
21986,Бвонсаамди,soulflayer,1928,priest,shadow,131,70,61
21987,Akibom,drakthul,1925,priest,shadow,53,34,19
21988,Devoura,sylvanas,1924,priest,shadow,48,31,17
21989,Estragon,quelthalas,1912,priest,shadow,75,40,35
21990,Dippy,blackrock,1910,priest,shadow,42,27,15
21991,Slimcharles,ravencrest,1902,priest,shadow,66,40,26
21992,Hansmaul,thrall,1897,priest,shadow,36,20,16
21993,Медовыедотки,soulflayer,1894,priest,shadow,66,33,33
21994,Польскийбуль,gordunni,1892,priest,shadow,54,32,22
21995,Døubtful,kazzak,1890,priest,shadow,36,20,16
21996,Эсдаль,howling-fjord,1889,priest,shadow,60,41,19
21997,Shádówý,kazzak,1889,priest,shadow,36,20,16
21998,Melábufeis,dun-modr,1887,priest,shadow,60,34,26
21999,Хьёх,blackscar,1882,priest,shadow,54,33,21
22000,Qoryn,ravencrest,1882,priest,shadow,42,25,17
22001,Genjutzux,kazzak,1882,priest,shadow,54,32,22
22002,Heffer,outland,1880,priest,shadow,93,58,35
22003,Бхонсамди,blackscar,1872,priest,shadow,65,40,25
22004,Drarianna,nemesis,1868,priest,shadow,30,22,8
22005,Liptonolda,blackhand,1867,priest,shadow,48,29,19
22006,Knútx,stormscale,1867,priest,shadow,60,30,30
22007,Râvyn,silvermoon,1866,priest,shadow,44,35,9
22008,Pandacore,frostmane,1864,priest,shadow,54,28,26
22009,Simôc,eredar,1864,priest,shadow,60,31,29
22010,Maryhugette,archimonde,1864,priest,shadow,102,51,51
22011,Weekfortyone,blackhand,1864,priest,shadow,56,27,29
22012,Perché,silvermoon,1863,priest,shadow,54,39,15
22013,Ptxd,alakir,1862,priest,shadow,52,35,17
22014,Zuhä,twisting-nether,1861,priest,shadow,60,34,26
22015,Angsty,blackrock,1860,priest,shadow,52,30,22
22016,Léandrä,magtheridon,1860,priest,shadow,60,28,32
22017,Xayona,argent-dawn,1858,priest,shadow,54,26,28
22018,Milkysmite,twisting-nether,1856,priest,shadow,52,32,20
22019,Ансор,lich-king,1856,priest,shadow,89,50,39
22020,Iodjsaiojoij,kazzak,1856,priest,shadow,54,30,24
22021,Rockness,blackmoore,1854,priest,shadow,131,88,43
22022,Tremrfinger,dun-modr,1853,priest,shadow,86,50,36
22023,Термидор,booty-bay,1851,priest,shadow,83,52,31
22024,Atahalni,argent-dawn,1850,priest,shadow,90,45,45
22025,Physxd,blackrock,1848,priest,shadow,36,28,8
22026,Dingopriest,blackrock,1848,priest,shadow,78,46,32
22027,Either,kazzak,1848,priest,shadow,65,36,29
22028,Animesenpai,kazzak,1847,priest,shadow,60,32,28
22029,Versio,dalvengyr,1847,priest,shadow,54,28,26
22030,Akolyte,blackmoore,1843,priest,shadow,36,22,14
22031,Trisks,ravencrest,1843,priest,shadow,34,20,14
22032,Шадоупуз,soulflayer,1843,priest,shadow,47,22,25
22033,Пристатеист,howling-fjord,1842,priest,shadow,72,35,37
22034,Theoniss,draenor,1841,priest,shadow,90,54,36
22035,Sÿrax,ysondre,1839,priest,shadow,49,29,20
22036,Синфал,blackscar,1839,priest,shadow,66,31,35
22037,Arendt,blackhand,1837,priest,shadow,48,29,19
22038,Sadix,ravencrest,1835,priest,shadow,66,38,28
22039,Безрассудица,howling-fjord,1834,priest,shadow,55,29,26
22040,Ымц,gordunni,1832,priest,shadow,66,33,33
22041,Schmetter,tarren-mill,1829,priest,shadow,65,29,36
22042,Selëne,blackrock,1827,priest,shadow,72,43,29
22043,Megamann,dun-morogh,1827,priest,shadow,54,32,22
22044,Игорянатакуе,eversong,1826,priest,shadow,154,86,68
22045,Rakamain,ravencrest,1825,priest,shadow,48,31,17
22046,Anateoris,turalyon,1825,priest,shadow,76,43,33
22047,Quezaris,stormscale,1825,priest,shadow,48,23,25
22048,Nyotux,blackrock,1824,priest,shadow,66,45,21
22049,Cantsqell,silvermoon,1823,priest,shadow,48,34,14
22050,Ûñträînablê,outland,1822,priest,shadow,48,34,14
22051,Swdjkbad,kazzak,1822,priest,shadow,47,28,19
22052,Староезло,gordunni,1821,priest,shadow,68,33,35
22053,Yirico,argent-dawn,1820,priest,shadow,47,31,16
22054,Ekkfwiedrice,ragnaros,1818,priest,shadow,42,29,13
22055,Marbellexd,pozzo-delleternità,1818,priest,shadow,157,91,66
22056,Voidshuffle,laughing-skull,1818,priest,shadow,42,24,18
22057,Raikup,ravencrest,1816,priest,shadow,41,19,22
22058,Zodzín,ragnaros,1815,priest,shadow,36,19,17
22059,Theunknown,thrall,1814,priest,shadow,42,30,12
22060,Luvlyrah,draenor,1812,priest,shadow,81,52,29
22061,Namsolo,kazzak,1811,priest,shadow,78,42,36
22062,Mafiasnipers,ravencrest,1810,priest,shadow,30,19,11
22063,Shiannâ,malganis,1810,priest,shadow,38,21,17
22064,Skillmåsterx,ravencrest,1810,priest,shadow,54,29,25
22065,Gymbró,kazzak,1809,priest,shadow,54,31,23
22066,Garycash,outland,1809,priest,shadow,88,47,41
22067,Necrofeel,silvermoon,1807,priest,shadow,30,20,10
22068,Salkerer,stormscale,1807,priest,shadow,30,19,11
22069,Sepharis,runetotem,1807,priest,shadow,179,107,72
22070,Becknarbritt,stormscale,1807,priest,shadow,196,115,81
22071,Синатро,deathguard,1806,priest,shadow,190,119,71
22072,Snarks,sylvanas,1806,priest,shadow,36,20,16
22073,Galatea,les-sentinelles,1805,priest,shadow,78,44,34
22074,Vajainap,outland,1804,priest,shadow,30,19,11
22075,Mataî,kazzak,1803,priest,shadow,84,49,35
22076,Minblock,sanguino,1802,priest,shadow,36,19,17
22077,Margots,kazzak,1802,priest,shadow,42,22,20
22078,Mizulol,ravencrest,1801,priest,shadow,80,42,38
22079,Ottii,thrall,1798,priest,shadow,47,29,18
22080,Homxcxde,ravencrest,1794,priest,shadow,42,24,18
22081,Nanna,agamaggan,1793,priest,shadow,36,19,17
22082,Djops,outland,1792,priest,shadow,78,41,37
22083,Magicstarss,the-maelstrom,1783,priest,shadow,72,38,34
22084,Erenndriel,twisting-nether,1778,priest,shadow,60,36,24
22085,Yêl,thrall,1778,priest,shadow,167,95,72
22086,Klosso,anachronos,1777,priest,shadow,132,63,69
22087,Raisedbyrap,blackrock,1776,priest,shadow,54,32,22
22088,Трейдарк,blackscar,1769,priest,shadow,54,28,26
22089,Bigdogone,arathor,1758,priest,shadow,42,24,18
22090,Darthmantle,silvermoon,1758,priest,shadow,59,29,30
22091,Ninjajane,sylvanas,1753,priest,shadow,53,32,21
22092,Backpedaling,kazzak,1750,priest,shadow,60,28,32
22093,Akroama,archimonde,1744,priest,shadow,86,41,45
22094,Staljon,burning-legion,1742,priest,shadow,54,32,22
22095,Cnsnn,ysondre,1741,priest,shadow,90,61,29
22096,Ecquidozx,ravencrest,1741,priest,shadow,35,19,16
22097,Zindrix,silvermoon,1737,priest,shadow,72,41,31
22098,Blóódfart,kazzak,1736,priest,shadow,59,25,34
22099,Lindp,stormreaver,1732,priest,shadow,66,42,24
22100,Ankî,aegwynn,1731,priest,shadow,78,42,36
22101,Hasa,stormreaver,1730,priest,shadow,66,36,30
22102,Smxkÿÿ,eredar,1729,priest,shadow,36,25,11
22103,Zhyn,turalyon,1729,priest,shadow,110,65,45
22104,Iessei,outland,1729,priest,shadow,36,21,15
22105,Ounxx,blackrock,1723,priest,shadow,29,21,8
22106,Ксерф,soulflayer,1723,priest,shadow,114,58,56
22107,Johnnybanana,argent-dawn,1722,priest,shadow,30,21,9
22108,Claritycraft,twisting-nether,1720,priest,shadow,30,18,12
22109,Всезнайка,soulflayer,1715,priest,shadow,114,61,53
22110,Перекованный,soulflayer,1713,priest,shadow,105,57,48
22111,Æßsåløønå,la-croisade-écarlate,1712,priest,shadow,30,18,12
22112,Zeythz,ravencrest,1711,priest,shadow,108,63,45
22113,Yoe,twisting-nether,1707,priest,shadow,36,18,18
22114,Dakotapriest,ravencrest,1706,priest,shadow,30,18,12
22115,Dümbledore,aggra-português,1704,priest,shadow,24,18,6
22116,Tbs,sylvanas,1704,priest,shadow,83,48,35
22117,Facemeltina,kiljaeden,1704,priest,shadow,36,18,18
22118,Helín,hellfire,1702,priest,shadow,84,48,36
22119,Ezlife,blackrock,1702,priest,shadow,54,25,29
22120,Ageyr,ragnaros,1701,priest,shadow,53,34,19
22121,Mackings,the-maelstrom,1699,priest,shadow,76,43,33
22122,Kylähullu,ravencrest,1698,priest,shadow,56,30,26
22123,Фиброз,blackscar,1695,priest,shadow,90,53,37
22124,Goodsuck,tarren-mill,1693,priest,shadow,48,27,21
22125,Rasha,kazzak,1692,priest,shadow,44,28,16
22126,Imaut,emerald-dream,1692,priest,shadow,34,20,14
22127,Кломми,gordunni,1688,priest,shadow,66,35,31
22128,Kêrrýgold,blackrock,1686,priest,shadow,91,54,37
22129,Dotreveal,ravencrest,1686,priest,shadow,36,21,15
22130,Mojibien,burning-legion,1683,priest,shadow,98,57,41
22131,Víppe,stormreaver,1682,priest,shadow,53,32,21
22132,Geløpr,eredar,1681,priest,shadow,36,23,13
22133,Momomomomomo,blackrock,1681,priest,shadow,84,46,38
22134,Kiesp,tarren-mill,1678,priest,shadow,30,20,10
22135,Sheto,burning-legion,1668,priest,shadow,132,67,65
22136,Tsunadesaama,silvermoon,1666,priest,shadow,51,26,25
22137,Liloz,eredar,1662,priest,shadow,42,21,21
22138,Tosem,antonidas,1661,priest,shadow,30,19,11
22139,Strunkiin,defias-brotherhood,1658,priest,shadow,66,39,27
22140,Киндзер,blackscar,1658,priest,shadow,54,29,25
22141,Buffholy,dun-modr,1657,priest,shadow,60,36,24
22142,Ølle,ravencrest,1655,priest,shadow,36,21,15
22143,Skeida,bloodhoof,1655,priest,shadow,35,18,17
22144,Anexxia,outland,1654,priest,shadow,42,20,22
22145,Máv,tarren-mill,1653,priest,shadow,66,38,28
22146,Финдовский,gordunni,1649,priest,shadow,102,54,48
22147,Ruhe,silvermoon,1648,priest,shadow,48,27,21
22148,Cdplz,archimonde,1647,priest,shadow,30,20,10
22149,Insaniro,argent-dawn,1647,priest,shadow,42,25,17
22150,Djariisimp,tarren-mill,1643,priest,shadow,36,21,15
22151,Barthólomew,doomhammer,1642,priest,shadow,40,21,19
22152,Weebi,silvermoon,1640,priest,shadow,65,39,26
22153,Milo,argent-dawn,1640,priest,shadow,102,61,41
22154,Priestfive,stormscale,1638,priest,shadow,48,28,20
22155,Mikizu,die-aldor,1638,priest,shadow,42,21,21
22156,Dezerta,nozdormu,1636,priest,shadow,74,39,35
22157,Levitation,alakir,1635,priest,shadow,60,35,25
22158,Undefined,chamber-of-aspects,1634,priest,shadow,40,28,12
22159,Казуямисима,gordunni,1634,priest,shadow,128,69,59
22160,Lênax,arthas,1633,priest,shadow,40,23,17
22161,Дикаях,gordunni,1633,priest,shadow,106,51,55
22162,Тарренмилл,gordunni,1632,priest,shadow,42,23,19
22163,Jaimë,ravencrest,1630,priest,shadow,30,17,13
22164,Ðanilox,dun-modr,1629,priest,shadow,24,17,7
22165,Donenigma,stormscale,1628,priest,shadow,36,23,13
22166,Билетлолпро,borean-tundra,1627,priest,shadow,30,17,13
22167,Milania,ravencrest,1624,priest,shadow,30,21,9
22168,Трубишоп,howling-fjord,1624,priest,shadow,76,38,38
22169,Empz,thrall,1623,priest,shadow,95,44,51
22170,Affex,tarren-mill,1622,priest,shadow,30,18,12
22171,Tacøgxd,ravencrest,1621,priest,shadow,30,21,9
22172,Asterixsu,sylvanas,1619,priest,shadow,36,25,11
22173,Офелла,howling-fjord,1617,priest,shadow,174,96,78
22174,Toesxcker,stormscale,1616,priest,shadow,35,21,14
22175,Priestazie,madmortem,1616,priest,shadow,96,57,39
22176,Клаима,soulflayer,1615,priest,shadow,49,28,21
22177,Kamish,twisting-nether,1615,priest,shadow,84,44,40
22178,Mehtz,ravencrest,1615,priest,shadow,186,90,96
22179,Knoffp,blackhand,1614,priest,shadow,72,41,31
22180,Megajuicy,blackmoore,1614,priest,shadow,120,67,53
22181,Unerfedsp,archimonde,1613,priest,shadow,87,42,45
22182,Скайвэйуокер,howling-fjord,1611,priest,shadow,30,19,11
22183,Ревентонх,howling-fjord,1611,priest,shadow,136,75,61
22184,Baldracca,shendralar,1610,priest,shadow,72,39,33
22185,Nabøøbies,blackmoore,1607,priest,shadow,32,18,14
22186,Tùcøcø,archimonde,1607,priest,shadow,48,21,27
22187,Æäõ,turalyon,1604,priest,shadow,36,19,17
22188,Kujiua,ravencrest,1603,priest,shadow,55,28,27
22189,Basicpr,ravencrest,1601,priest,shadow,45,30,15
22190,Voodkaa,drakthul,1601,priest,shadow,39,22,17
22191,Sudeki,blackmoore,1601,priest,shadow,42,20,22
22192,Toba,hellscream,1600,priest,shadow,42,23,19
22193,Llothx,ravencrest,1597,priest,shadow,62,34,28
22194,Babarøqa,blackmoore,1592,priest,shadow,151,79,72
22195,Vatikanet,ravencrest,1589,priest,shadow,81,49,32
22196,Pombär,ragnaros,1587,priest,shadow,54,36,18
22197,Mightyfool,aegwynn,1586,priest,shadow,60,32,28
22198,Hellscon,kazzak,1584,priest,shadow,80,41,39
22199,Faminé,outland,1584,priest,shadow,65,29,36
22200,Spamplague,stormscale,1583,priest,shadow,36,20,16
22201,Mukkin,tarren-mill,1578,priest,shadow,36,22,14
22202,Milamati,kazzak,1576,priest,shadow,60,28,32
22203,Бомжскадилом,gordunni,1573,priest,shadow,30,19,11
22204,Charmebolzen,blackrock,1571,priest,shadow,36,18,18
22205,Absolution,stormscale,1570,priest,shadow,185,99,86
22206,Xooxl,ragnaros,1569,priest,shadow,84,52,32
22207,Zászàsmaster,kazzak,1566,priest,shadow,90,54,36
22208,Carmechanic,defias-brotherhood,1566,priest,shadow,30,18,12
22209,Dazé,ravencrest,1563,priest,shadow,35,20,15
22210,Рэнфан,fordragon,1558,priest,shadow,52,35,17
22211,Cykdwojeczka,burning-legion,1558,priest,shadow,72,36,36
22212,Lowisa,sylvanas,1556,priest,shadow,41,26,15
22213,Эззи,soulflayer,1556,priest,shadow,90,50,40
22214,Neitter,zuljin,1556,priest,shadow,54,29,25
22215,Seneth,twisting-nether,1553,priest,shadow,60,31,29
22216,Asträlaws,archimonde,1552,priest,shadow,40,20,20
22217,Framesxøxø,ravencrest,1551,priest,shadow,30,18,12
22218,Xangha,burning-legion,1551,priest,shadow,72,41,31
22219,Spklooril,hyjal,1551,priest,shadow,205,103,102
22220,Genthus,kazzak,1550,priest,shadow,66,34,32
22221,Sháady,ravencrest,1549,priest,shadow,42,23,19
22222,Skypray,burning-legion,1549,priest,shadow,48,26,22
22223,Деплитфофан,gordunni,1548,priest,shadow,65,42,23
22224,Imøteph,ragnaros,1546,priest,shadow,71,40,31
22225,Sandcastles,ravencrest,1544,priest,shadow,66,42,24
22226,Coupdekaraté,sylvanas,1543,priest,shadow,36,18,18
22227,Hâicu,antonidas,1540,priest,shadow,60,38,22
22228,Кхэрри,goldrinn,1540,priest,shadow,30,19,11
22229,Амгар,galakrond,1540,priest,shadow,125,69,56
22230,Ankhh,bloodscalp,1538,priest,shadow,72,33,39
22231,Саксесфул,howling-fjord,1535,priest,shadow,97,53,44
22232,Bøts,ravencrest,1534,priest,shadow,55,27,28
22233,Yaboyboompie,blackrock,1533,priest,shadow,30,16,14
22234,Valirda,twisting-nether,1533,priest,shadow,80,40,40
22235,Йоййо,gordunni,1532,priest,shadow,58,32,26
22236,Zekonja,doomhammer,1532,priest,shadow,82,42,40
22237,Schizophrens,outland,1531,priest,shadow,24,16,8
22238,Kightz,twisting-nether,1530,priest,shadow,63,32,31
22239,Ðrwiz,ravencrest,1528,priest,shadow,30,16,14
22240,Papie,kazzak,1527,priest,shadow,30,16,14
22241,Räke,blackrock,1527,priest,shadow,36,16,20
22242,Мишатемный,gordunni,1526,priest,shadow,42,25,17
22243,Ктулсотум,soulflayer,1525,priest,shadow,28,17,11
22244,Thmas,outland,1525,priest,shadow,71,32,39
22245,Everdark,twisting-nether,1524,priest,shadow,114,61,53
22246,Psycos,kazzak,1523,priest,shadow,66,33,33
22247,Basxcbxtchx,ravencrest,1518,priest,shadow,24,16,8
22248,Chrønös,hyjal,1515,priest,shadow,42,23,19
22249,Umbralx,ragnaros,1513,priest,shadow,77,45,32
22250,Selaria,magtheridon,1512,priest,shadow,30,16,14
22251,Chinko,blackmoore,1509,priest,shadow,48,32,16
22252,Beonin,tarren-mill,1508,priest,shadow,43,26,17
22253,Hemaplex,dun-modr,1508,priest,shadow,35,21,14
22254,Cylantharia,eredar,1506,priest,shadow,30,16,14
22255,Dyshexia,bronze-dragonflight,1506,priest,shadow,60,30,30
22256,Ormarn,twisting-nether,1503,priest,shadow,48,28,20
22257,Vavulya,blackhand,1497,priest,shadow,40,24,16
22258,Fiftyfives,hyjal,1496,priest,shadow,45,22,23
22259,Bubbleup,defias-brotherhood,1494,priest,shadow,30,21,9
22260,Blasphemiia,outland,1491,priest,shadow,72,44,28
22261,Anathemas,draenor,1490,priest,shadow,30,22,8
22262,Kajifoxi,frostmane,1490,priest,shadow,60,38,22
22263,Raitwo,kazzak,1488,priest,shadow,47,22,25
22264,Bercxu,ragnaros,1487,priest,shadow,60,34,26
22265,Bierbändiger,blackhand,1487,priest,shadow,30,17,13
22266,Kellen,burning-blade,1487,priest,shadow,142,79,63
22267,Энвиньяттар,howling-fjord,1484,priest,shadow,29,19,10
22268,Holyshadów,azjolnerub,1481,priest,shadow,60,29,31
22269,Shinesomnya,aegwynn,1478,priest,shadow,40,23,17
22270,Зонкк,thermaplugg,1477,priest,shadow,114,62,52
22271,Lightform,twisting-nether,1476,priest,shadow,33,23,10
22272,Massbimba,tarren-mill,1475,priest,shadow,41,19,22
22273,Melanore,sylvanas,1474,priest,shadow,90,46,44
22274,Pregrip,twisting-nether,1473,priest,shadow,43,21,22
22275,Thawx,stormscale,1472,priest,shadow,30,16,14
22276,Noremorze,ravencrest,1468,priest,shadow,89,50,39
22277,Êttân,ravencrest,1467,priest,shadow,50,25,25
22278,Lilakaii,chamber-of-aspects,1466,priest,shadow,60,30,30
22279,Даняпампх,soulflayer,1460,priest,shadow,95,53,42
22280,Nygel,kazzak,1459,priest,shadow,71,38,33
22281,Adägïo,dun-modr,1458,priest,shadow,78,37,41
22282,Tyene,voljin,1456,priest,shadow,64,37,27
22283,Cinaedus,stormreaver,1449,priest,shadow,51,27,24
22284,Zevulós,ravencrest,1449,priest,shadow,54,20,34
22285,Багбери,eversong,1448,priest,shadow,145,80,65
22286,Sanebassoff,kazzak,1447,priest,shadow,94,55,39
22287,Palitox,kazzak,1439,priest,shadow,70,38,32
22288,Ondskabsfuld,kazzak,1439,priest,shadow,30,15,15
22289,Newkidx,draenor,1438,priest,shadow,24,15,9
22290,Voidgodx,blackrock,1438,priest,shadow,30,15,15
22291,Chaddius,stormscale,1437,priest,shadow,49,26,23
22292,Snoopý,dun-modr,1437,priest,shadow,36,16,20
22293,Lr,aszune,1436,priest,shadow,18,15,3
22294,Taeraz,archimonde,1435,priest,shadow,24,15,9
22295,Bownsamdi,tarren-mill,1434,priest,shadow,18,15,3
22296,Miruh,malganis,1433,priest,shadow,47,34,13
22297,Sebbepriest,twisting-nether,1433,priest,shadow,56,31,25
22298,Cathrix,kazzak,1432,priest,shadow,24,15,9
22299,Криптика,soulflayer,1432,priest,shadow,24,15,9
22300,Smiles,burning-steppes,1430,priest,shadow,36,20,16
22301,Yaoshih,draenor,1430,priest,shadow,53,28,25
22302,Billybay,argent-dawn,1429,priest,shadow,18,15,3
22303,Raspberrypíe,silvermoon,1428,priest,shadow,30,16,14
22304,Kurzik,zuljin,1426,priest,shadow,23,18,5
22305,Psycoscream,blackmoore,1426,priest,shadow,35,17,18
22306,Jaimee,zirkel-des-cenarius,1425,priest,shadow,24,15,9
22307,Dotsin,kazzak,1419,priest,shadow,113,56,57
22308,Vhayna,kazzak,1417,priest,shadow,53,32,21
22309,Cringelørd,alakir,1414,priest,shadow,30,20,10
22310,Baptizer,nemesis,1413,priest,shadow,79,52,27
22311,Nûtqt,archimonde,1413,priest,shadow,33,18,15
22312,Энмунд,borean-tundra,1412,priest,shadow,30,21,9
22313,Shopify,nagrand,1412,priest,shadow,30,15,15
22314,Flayin,kazzak,1411,priest,shadow,48,29,19
22315,Saintethérez,archimonde,1410,priest,shadow,45,30,15
22316,Dopey,kazzak,1406,priest,shadow,24,17,7
22317,Isusgaspodi,argent-dawn,1405,priest,shadow,78,45,33
22318,Maxhima,defias-brotherhood,1404,priest,shadow,66,34,32
22319,Meshen,ysondre,1403,priest,shadow,128,69,59
22320,Experimentix,silvermoon,1402,priest,shadow,30,16,14
22321,Nyróx,malganis,1402,priest,shadow,54,27,27
22322,Voidbro,grim-batol,1401,priest,shadow,29,15,14
22323,Celz,kazzak,1400,priest,shadow,24,15,9
22324,Vedina,bronze-dragonflight,1399,priest,shadow,75,32,43
22325,Nightshådøw,silvermoon,1398,priest,shadow,122,64,58
22326,Apuessii,dun-modr,1396,priest,shadow,53,30,23
22327,Shadowplay,theradras,1396,priest,shadow,36,15,21
22328,Hoon,destromath,1395,priest,shadow,36,22,14
22329,Sxynix,thrall,1394,priest,shadow,35,21,14
22330,Rogmisa,cthun,1394,priest,shadow,48,28,20
22331,Дэспира,howling-fjord,1391,priest,shadow,28,16,12
22332,Mozahn,ragnaros,1391,priest,shadow,33,16,17
22333,Ваккарий,gordunni,1389,priest,shadow,58,35,23
22334,Squîzz,archimonde,1389,priest,shadow,39,18,21
22335,Bubidiblumpr,twisting-nether,1388,priest,shadow,42,27,15
22336,Hek,sylvanas,1384,priest,shadow,72,36,36
22337,Damyo,eredar,1381,priest,shadow,54,29,25
22338,Kourroucé,archimonde,1377,priest,shadow,36,20,16
22339,Astangia,nemesis,1369,priest,shadow,117,64,53
22340,Hòllymèdx,blackmoore,1368,priest,shadow,22,15,7
22341,Дикрия,eversong,1368,priest,shadow,42,20,22
22342,Eryxial,antonidas,1365,priest,shadow,47,22,25
22343,Shizo,blutkessel,1364,priest,shadow,29,20,9
22344,Sodomix,tarren-mill,1363,priest,shadow,88,51,37
22345,Bimboxo,argent-dawn,1363,priest,shadow,137,78,59
22346,Sucukpriest,blackrock,1363,priest,shadow,36,20,16
22347,Erkay,kazzak,1362,priest,shadow,36,17,19
22348,Fåith,twilights-hammer,1361,priest,shadow,24,16,8
22349,Daltheria,daggerspine,1358,priest,shadow,65,38,27
22350,Офинсия,deathguard,1354,priest,shadow,47,18,29
22351,Míjagí,blackhand,1352,priest,shadow,53,28,25
22352,Kertith,argent-dawn,1352,priest,shadow,147,73,74
22353,Aleetheia,silvermoon,1350,priest,shadow,38,18,20
22354,Ankus,tarren-mill,1350,priest,shadow,42,19,23
22355,Saviour,spinebreaker,1346,priest,shadow,30,19,11
22356,Baihoi,twilights-hammer,1346,priest,shadow,48,28,20
22357,Shinígamí,frostmane,1346,priest,shadow,48,24,24
22358,Gumayusi,ravencrest,1344,priest,shadow,24,14,10
22359,Genjutzu,kazzak,1343,priest,shadow,30,14,16
22360,Voidlink,kazzak,1342,priest,shadow,24,14,10
22361,Maedhrós,ravencrest,1341,priest,shadow,18,14,4
22362,Aliocha,dalaran,1341,priest,shadow,24,14,10
22363,Ryik,ravencrest,1339,priest,shadow,30,15,15
22364,Chillx,blackmoore,1338,priest,shadow,90,56,34
22365,Velenthøs,argent-dawn,1338,priest,shadow,41,23,18
22366,Hecaté,blackhand,1337,priest,shadow,55,31,24
22367,Seni,gilneas,1336,priest,shadow,55,26,29
22368,Settemsen,tarren-mill,1334,priest,shadow,18,14,4
22369,Bluxon,kazzak,1334,priest,shadow,24,14,10
22370,Broncos,twisting-nether,1331,priest,shadow,58,33,25
22371,Inei,doomhammer,1331,priest,shadow,48,25,23
22372,Twøpac,hyjal,1327,priest,shadow,89,47,42
22373,Вексион,goldrinn,1326,priest,shadow,30,15,15
22374,Poposy,hyjal,1324,priest,shadow,24,14,10
22375,Kendea,silvermoon,1317,priest,shadow,105,54,51
22376,Littlebugger,argent-dawn,1317,priest,shadow,63,28,35
22377,Mylini,silvermoon,1316,priest,shadow,59,29,30
22378,Xxede,dun-modr,1315,priest,shadow,69,31,38
22379,Lathas,bloodfeather,1311,priest,shadow,36,23,13
22380,Secundis,silvermoon,1305,priest,shadow,30,16,14
22381,Alfredosauce,ravencrest,1305,priest,shadow,29,14,15
22382,Kåz,argent-dawn,1301,priest,shadow,35,21,14
22383,Îndura,drakthul,1298,priest,shadow,24,14,10
22384,Ammp,outland,1298,priest,shadow,92,51,41
22385,Сариандра,gordunni,1295,priest,shadow,24,15,9
22386,Рейвор,gordunni,1295,priest,shadow,23,14,9
22387,Hexmon,tarren-mill,1292,priest,shadow,30,21,9
22388,Simplesam,ravencrest,1289,priest,shadow,28,14,14
22389,Hârlequin,draenor,1286,priest,shadow,168,90,78
22390,Prøfesor,nemesis,1284,priest,shadow,33,15,18
22391,Søcrax,blackrock,1276,priest,shadow,30,15,15
22392,Babarøga,blackrock,1274,priest,shadow,23,14,9
22393,Цитамин,deathguard,1270,priest,shadow,51,21,30
22394,Farseerx,ravencrest,1267,priest,shadow,90,54,36
22395,Meatyshaft,doomhammer,1265,priest,shadow,23,14,9
22396,Odium,alakir,1264,priest,shadow,36,18,18
22397,Nûwa,draenor,1263,priest,shadow,18,15,3
22398,Evilspel,ravencrest,1261,priest,shadow,33,18,15
22399,Kasyrra,sylvanas,1261,priest,shadow,43,22,21
22400,Atheniss,drakthul,1257,priest,shadow,36,18,18
22401,Onskansmoder,shattered-hand,1257,priest,shadow,52,24,28
22402,Fordöbroo,ragnaros,1254,priest,shadow,54,26,28
22403,Hëllokitty,sanguino,1253,priest,shadow,86,42,44
22404,Cornflays,outland,1248,priest,shadow,18,13,5
22405,Been,ravencrest,1247,priest,shadow,18,13,5
22406,Cutepangolin,khaz-modan,1247,priest,shadow,18,13,5
22407,Duzurîx,burning-blade,1247,priest,shadow,24,13,11
22408,Morteous,twisting-nether,1247,priest,shadow,241,121,120
22409,Talbatex,blackmoore,1247,priest,shadow,36,13,23
22410,Shyvi,ravencrest,1246,priest,shadow,18,13,5
22411,Majinmadara,ravencrest,1245,priest,shadow,28,14,14
22412,Ruojatar,stormreaver,1241,priest,shadow,18,13,5
22413,Greyford,blackhand,1240,priest,shadow,18,13,5
22414,Peikkousva,twisting-nether,1240,priest,shadow,24,13,11
22415,Putríd,sylvanas,1239,priest,shadow,18,13,5
22416,Pedopräst,stormscale,1239,priest,shadow,18,13,5
22417,Lilyrosemary,arathor,1239,priest,shadow,24,13,11
22418,Jonig,blackmoore,1237,priest,shadow,30,13,17
22419,Cryptoflame,silvermoon,1236,priest,shadow,24,13,11
22420,Adssdfhjgh,outland,1235,priest,shadow,20,14,6
22421,Xîneâ,outland,1235,priest,shadow,24,13,11
22422,Morsy,alleria,1235,priest,shadow,27,14,13
22423,Varjomies,ragnaros,1234,priest,shadow,24,13,11
22424,Даркфолс,soulflayer,1219,priest,shadow,30,15,15
22425,Voidlord,hyjal,1219,priest,shadow,46,22,24
22426,Sacher,shendralar,1217,priest,shadow,30,18,12
22427,Tesz,perenolde,1217,priest,shadow,36,16,20
22428,Bromiaris,dun-morogh,1217,priest,shadow,30,13,17
22429,Angleka,argent-dawn,1215,priest,shadow,53,25,28
22430,Ggdoll,twisting-nether,1214,priest,shadow,96,47,49
22431,Gauge,frostmane,1211,priest,shadow,59,27,32
22432,Thergozar,stormscale,1208,priest,shadow,48,33,15
22433,Zedrus,azshara,1206,priest,shadow,29,13,16
22434,Kristiflicka,kazzak,1196,priest,shadow,30,17,13
22435,Имморталрё,galakrond,1195,priest,shadow,24,15,9
22436,Nagatary,blackmoore,1192,priest,shadow,48,23,25
22437,Cthulou,tarren-mill,1185,priest,shadow,135,70,65
22438,Флэшх,soulflayer,1177,priest,shadow,22,13,9
22439,Leckpriest,sanguino,1173,priest,shadow,28,13,15
22440,Tiinia,hyjal,1165,priest,shadow,40,15,25
22441,Sayash,chamber-of-aspects,1158,priest,shadow,26,13,13
22442,Scaryman,ravencrest,1157,priest,shadow,23,14,9
22443,Hotdog,kult-der-verdammten,1152,priest,shadow,42,20,22
22444,Julîane,aegwynn,1151,priest,shadow,18,12,6
22445,Magicalme,kult-der-verdammten,1151,priest,shadow,18,12,6
22446,Satin,twilights-hammer,1151,priest,shadow,18,12,6
22447,Shadowmate,silvermoon,1151,priest,shadow,24,12,12
22448,Jacep,kazzak,1150,priest,shadow,18,12,6
22449,Priestgrade,darkspear,1149,priest,shadow,24,12,12
22450,Onlyfansp,ravencrest,1149,priest,shadow,30,12,18
22451,Fakecastguru,ravencrest,1148,priest,shadow,24,12,12
22452,Caballococo,dun-modr,1148,priest,shadow,88,36,52
22453,Zayden,ragnaros,1146,priest,shadow,24,12,12
22454,Cederpriest,tarren-mill,1143,priest,shadow,39,13,26
22455,Eliana,blackrock,1136,priest,shadow,18,12,6
22456,Cabalist,silvermoon,1135,priest,shadow,90,46,44
22457,Fuzzydude,ravencrest,1135,priest,shadow,36,12,24
22458,Cerbero,doomhammer,1128,priest,shadow,18,12,6
22459,Inzàné,kazzak,1114,priest,shadow,18,12,6
22460,Nellytaa,dalaran,1103,priest,shadow,35,18,17
22461,Yuhé,elune,1100,priest,shadow,24,16,8
22462,Ðizzi,dun-modr,1096,priest,shadow,21,14,7
22463,Ladouce,archimonde,1096,priest,shadow,27,13,14
22464,Mirelaw,stormscale,1091,priest,shadow,30,21,9
22465,Амфетаминная,howling-fjord,1076,priest,shadow,32,18,14
22466,Bodeeney,hellfire,1075,priest,shadow,54,23,31
22467,Triinkett,doomhammer,1067,priest,shadow,53,22,31
22468,Crishroc,stormreaver,1059,priest,shadow,24,12,12
22469,Equalìzer,ravencrest,1056,priest,shadow,12,11,1
22470,Stèálth,sylvanas,1056,priest,shadow,12,11,1
22471,Voldemort,blackrock,1056,priest,shadow,18,11,7
22472,Draryanna,nemesis,1056,priest,shadow,18,11,7
22473,Shadowvoice,outland,1056,priest,shadow,18,11,7
22474,Omedo,stormscale,1056,priest,shadow,24,11,13
22475,Vibéz,outland,1056,priest,shadow,24,11,13
22476,Adub,tarren-mill,1055,priest,shadow,18,11,7
22477,Actionjezuz,shattered-hand,1055,priest,shadow,18,11,7
22478,Terrored,ravencrest,1055,priest,shadow,18,11,7
22479,Phplaravel,tarren-mill,1054,priest,shadow,18,11,7
22480,Шанэкс,howling-fjord,1053,priest,shadow,12,11,1
22481,Dexploit,frostwolf,1053,priest,shadow,18,11,7
22482,Abjure,silvermoon,1053,priest,shadow,18,11,7
22483,Yoggies,tarren-mill,1053,priest,shadow,21,12,9
22484,Санятруу,blackscar,1053,priest,shadow,78,42,36
22485,Блюмсик,blackscar,1052,priest,shadow,30,18,12
22486,Sharmidix,kazzak,1052,priest,shadow,24,11,13
22487,Kwolinger,norgannon,1052,priest,shadow,24,11,13
22488,Peprama,stormscale,1051,priest,shadow,24,11,13
22489,Phobò,blackrock,1050,priest,shadow,24,11,13
22490,Zubrowkâ,kazzak,1043,priest,shadow,24,11,13
22491,Holypowér,twisting-nether,1041,priest,shadow,24,11,13
22492,Festiz,tichondrius,1024,priest,shadow,30,14,16
22493,Ixdeadxl,stormscale,1022,priest,shadow,24,11,13
22494,Lapinvicieux,archimonde,1012,priest,shadow,29,11,18
22495,Atelstan,drakthul,1003,priest,shadow,48,16,32
22496,Minabonxx,silvermoon,1002,priest,shadow,57,17,40
22497,Тэтсу,greymane,1001,priest,shadow,30,16,14
22498,Mydianá,aegwynn,999,priest,shadow,23,14,9
22499,Hypnocat,blackrock,991,priest,shadow,22,11,11
22500,Ruhoniy,ysondre,990,priest,shadow,18,13,5
22501,Pipen,stormscale,990,priest,shadow,29,11,18
22502,Asdaprice,hellfire,986,priest,shadow,18,12,6
22503,Mylox,blackrock,984,priest,shadow,17,11,6
22504,Уртримас,gordunni,975,priest,shadow,30,11,19
22505,Мргорсан,eversong,974,priest,shadow,30,16,14
22506,Кинраналь,eversong,964,priest,shadow,24,12,12
22507,Dayowe,antonidas,964,priest,shadow,76,36,40
22508,Ðrßøtÿcûs,la-croisade-écarlate,960,priest,shadow,12,10,2
22509,Debbski,tarren-mill,960,priest,shadow,12,10,2
22510,Huffle,argent-dawn,960,priest,shadow,12,10,2
22511,Sinsofmany,ragnaros,960,priest,shadow,12,10,2
22512,Infernión,tarren-mill,960,priest,shadow,18,10,8
22513,Rippeep,emerald-dream,960,priest,shadow,18,10,8
22514,Даняпимпгадх,soulflayer,960,priest,shadow,18,10,8
22515,Gbc,emerald-dream,960,priest,shadow,18,10,8
22516,Blindöts,tarren-mill,960,priest,shadow,18,10,8
22517,Петушшара,gordunni,960,priest,shadow,21,10,11
22518,Øhlø,ysondre,959,priest,shadow,12,10,2
22519,Pórt,kazzak,959,priest,shadow,15,11,4
22520,Goodison,outland,959,priest,shadow,24,10,14
22521,Rakkha,ravencrest,959,priest,shadow,24,10,14
22522,Dreamhatcher,deathwing,959,priest,shadow,24,10,14
22523,Supriest,alakir,959,priest,shadow,24,10,14
22524,Diha,argent-dawn,958,priest,shadow,18,10,8
22525,Miruvai,tarren-mill,958,priest,shadow,18,10,8
22526,Qiandra,argent-dawn,958,priest,shadow,24,10,14
22527,Zeto,blackmoore,957,priest,shadow,12,10,2
22528,Juxtapose,argent-dawn,957,priest,shadow,12,10,2
22529,Seenoend,neptulon,957,priest,shadow,18,10,8
22530,Îzî,sanguino,955,priest,shadow,18,10,8
22531,Люблюкофе,deathguard,955,priest,shadow,18,10,8
22532,Shadowsister,burning-blade,955,priest,shadow,18,10,8
22533,Иннй,howling-fjord,947,priest,shadow,24,11,13
22534,Силабездны,deathguard,946,priest,shadow,38,20,18
22535,Brainmuscle,ravencrest,945,priest,shadow,12,10,2
22536,Syfl,defias-brotherhood,935,priest,shadow,24,10,14
22537,Abrakahudder,tarren-mill,927,priest,shadow,17,10,7
22538,Priestoll,draenor,911,priest,shadow,21,10,11
22539,Pneumay,tarren-mill,878,priest,shadow,18,10,8
22540,Frëyha,archimonde,877,priest,shadow,16,10,6
22541,Пампнавечерх,blackscar,864,priest,shadow,12,9,3
22542,Anabølixx,ravencrest,864,priest,shadow,12,9,3
22543,Døtgdx,archimonde,864,priest,shadow,12,9,3
22544,Otecduchovny,burning-blade,864,priest,shadow,12,9,3
22545,Tylb,tarren-mill,864,priest,shadow,12,9,3
22546,Shucks,stormscale,864,priest,shadow,18,9,9
22547,Dogstav,kazzak,864,priest,shadow,18,9,9
22548,Insanious,skullcrusher,864,priest,shadow,18,9,9
22549,Spyrono,kazzak,864,priest,shadow,18,9,9
22550,Scade,kazzak,864,priest,shadow,18,9,9
22551,Manyus,archimonde,864,priest,shadow,18,9,9
22552,Anabølix,ravencrest,864,priest,shadow,18,9,9
22553,Felaenna,argent-dawn,864,priest,shadow,18,9,9
22554,Schmatzy,blackmoore,864,priest,shadow,24,9,15
22555,Tweenitopg,les-clairvoyants,863,priest,shadow,12,9,3
22556,Lostcause,alakir,863,priest,shadow,12,9,3
22557,Kimosabee,kazzak,863,priest,shadow,18,9,9
22558,Jadæ,ragnaros,863,priest,shadow,18,9,9
22559,Nomorelight,stormscale,863,priest,shadow,18,9,9
22560,Healiea,outland,863,priest,shadow,30,9,21
22561,Lurmus,outland,862,priest,shadow,12,9,3
22562,Элдерле,gordunni,862,priest,shadow,18,9,9
22563,Hörror,twisting-nether,862,priest,shadow,18,9,9
22564,Ilostmybible,runetotem,862,priest,shadow,24,9,15
22565,Dívíne,ravenholdt,861,priest,shadow,12,9,3
22566,Хоозяин,blackscar,861,priest,shadow,12,9,3
22567,Dutchstuff,karazhan,861,priest,shadow,18,9,9
22568,Kavie,ravencrest,861,priest,shadow,18,9,9
22569,Dumámày,silvermoon,860,priest,shadow,12,9,3
22570,Controlled,tarren-mill,859,priest,shadow,18,9,9
22571,ßeastx,nethersturm,859,priest,shadow,18,9,9
22572,Maximandreic,kazzak,859,priest,shadow,30,9,21
22573,Дроус,borean-tundra,858,priest,shadow,30,12,18
22574,Kíssme,archimonde,855,priest,shadow,12,9,3
22575,Fanberra,the-venture-co,851,priest,shadow,18,9,9
22576,Zák,sylvanas,843,priest,shadow,18,9,9
22577,Shaddyr,thrall,828,priest,shadow,17,9,8
22578,Csksablanca,sargeras,815,priest,shadow,11,9,2
22579,Driptoohard,archimonde,815,priest,shadow,11,9,2
22580,Happychap,stormreaver,815,priest,shadow,21,9,12
22581,Sigor,hellfire,802,priest,shadow,23,9,14
22582,Õðæßìùa,kazzak,799,priest,shadow,17,9,8
22583,Arunp,magtheridon,799,priest,shadow,26,9,17
22584,Alicanx,silvermoon,798,priest,shadow,17,9,8
22585,Wewo,drakthul,798,priest,shadow,17,9,8
22586,Sypnos,zuljin,797,priest,shadow,16,9,7
22587,Endchor,eredar,791,priest,shadow,24,9,15
22588,Inavea,hyjal,768,priest,shadow,12,8,4
22589,Djstache,tarren-mill,768,priest,shadow,12,8,4
22590,Raëkon,nemesis,768,priest,shadow,12,8,4
22591,Balthe,defias-brotherhood,768,priest,shadow,12,8,4
22592,Syreet,silvermoon,768,priest,shadow,12,8,4
22593,Uselessxasel,sanguino,768,priest,shadow,12,8,4
22594,Alexwinkwink,kazzak,768,priest,shadow,12,8,4
22595,Velence,ravencrest,768,priest,shadow,12,8,4
22596,Kirrako,tarren-mill,768,priest,shadow,12,8,4
22597,Voideffsucks,stormscale,768,priest,shadow,12,8,4
22598,Shyasianpr,area-52,768,priest,shadow,12,8,4
22599,Rýzera,aegwynn,768,priest,shadow,12,8,4
22600,Morseeii,baelgun,768,priest,shadow,12,8,4
22601,Прыст,howling-fjord,768,priest,shadow,12,8,4
22602,Nøwmäck,archimonde,768,priest,shadow,15,9,6
22603,Jaanny,defias-brotherhood,768,priest,shadow,18,8,10
22604,Brøwnyez,zuljin,768,priest,shadow,18,8,10
22605,Hilerki,draenor,768,priest,shadow,18,8,10
22606,Froffzy,tarren-mill,768,priest,shadow,18,8,10
22607,Возрождающее,soulflayer,768,priest,shadow,18,8,10
22608,Хелектро,deathweaver,768,priest,shadow,18,8,10
22609,Emilyvvillis,outland,768,priest,shadow,18,8,10
22610,Zappikpriest,silvermoon,767,priest,shadow,12,8,4
22611,Seum,ravencrest,767,priest,shadow,12,8,4
22612,Holineß,burning-blade,767,priest,shadow,12,8,4
22613,Jegred,draenor,767,priest,shadow,12,8,4
22614,Холиспирт,deathguard,767,priest,shadow,12,8,4
22615,Kagarr,kazzak,767,priest,shadow,14,8,6
22616,Lynseanna,ravencrest,767,priest,shadow,18,8,10
22617,Unreal,nagrand,767,priest,shadow,18,8,10
22618,Dimorinny,silvermoon,767,priest,shadow,18,8,10
22619,Aereza,darkspear,767,priest,shadow,18,8,10
22620,Flexzpriest,destromath,767,priest,shadow,18,8,10
22621,Äiri,blackmoore,767,priest,shadow,18,8,10
22622,Maskinjundre,bronzebeard,767,priest,shadow,24,8,16
22623,Priestlolx,aegwynn,767,priest,shadow,24,8,16
22624,Ехереу,blackscar,766,priest,shadow,12,8,4
22625,Ihaveibs,doomhammer,766,priest,shadow,19,9,10
22626,Darkmayham,silvermoon,766,priest,shadow,18,8,10
22627,Powna,blackrock,765,priest,shadow,12,8,4
22628,Johnnysp,eredar,765,priest,shadow,12,8,4
22629,Géèk,alakir,765,priest,shadow,19,8,11
22630,Holyface,twisting-nether,764,priest,shadow,12,8,4
22631,Sammel,moonglade,763,priest,shadow,18,8,10
22632,Zathada,twisting-nether,763,priest,shadow,18,8,10
22633,Omnissiiah,silvermoon,763,priest,shadow,24,8,16
22634,Семмэр,gordunni,759,priest,shadow,27,9,18
22635,Gwyneth,archimonde,753,priest,shadow,12,8,4
22636,Намдандар,howling-fjord,753,priest,shadow,18,8,10
22637,Jonesy,blackmoore,735,priest,shadow,16,8,8
22638,Shíàpríést,kazzak,734,priest,shadow,29,8,21
22639,Aeo,twisting-nether,732,priest,shadow,17,8,9
22640,Røst,ravencrest,719,priest,shadow,11,8,3
22641,Spideypap,ragnaros,711,priest,shadow,22,9,13
22642,Raetwo,stormscale,703,priest,shadow,14,8,6
22643,Ниомана,gordunni,698,priest,shadow,12,9,3
22644,Reptika,tichondrius,696,priest,shadow,16,8,8
22645,Phasmofobia,ragnaros,694,priest,shadow,14,8,6
22646,Sadgepriest,draenor,672,priest,shadow,12,7,5
22647,Kíguwu,draenor,672,priest,shadow,12,7,5
22648,Миррен,gordunni,672,priest,shadow,12,7,5
22649,Говорун,grom,672,priest,shadow,12,7,5
22650,Spherics,ravencrest,672,priest,shadow,12,7,5
22651,Lousp,tarren-mill,672,priest,shadow,12,7,5
22652,Libstik,hyjal,672,priest,shadow,12,7,5
22653,Bizzlebabe,lightbringer,672,priest,shadow,12,7,5
22654,Dolens,argent-dawn,672,priest,shadow,12,7,5
22655,Systerstål,twisting-nether,672,priest,shadow,12,7,5
22656,Виталябард,gordunni,672,priest,shadow,12,7,5
22657,Марриаза,blackscar,672,priest,shadow,12,7,5
22658,Fueguchi,anubarak,672,priest,shadow,12,7,5
22659,Gød,magtheridon,672,priest,shadow,12,7,5
22660,Laradiel,dun-modr,672,priest,shadow,12,7,5
22661,Sundae,nemesis,672,priest,shadow,12,7,5
22662,Fairylite,outland,672,priest,shadow,12,7,5
22663,Uria,moonglade,672,priest,shadow,12,7,5
22664,Nordrenalin,tarren-mill,672,priest,shadow,12,7,5
22665,Vittelk,stormscale,672,priest,shadow,12,7,5
22666,Fläschheal,aegwynn,672,priest,shadow,12,7,5
22667,Енотхд,soulflayer,672,priest,shadow,12,7,5
22668,Jóhnnybravó,kazzak,672,priest,shadow,12,7,5
22669,Donkyrobert,tarren-mill,672,priest,shadow,12,7,5
22670,Aritrosp,kargath,672,priest,shadow,12,7,5
22671,Leggat,draenor,672,priest,shadow,15,8,7
22672,Heygoogle,ravencrest,672,priest,shadow,18,7,11
22673,Majinbuù,sargeras,672,priest,shadow,18,7,11
22674,Irlfatguy,ravencrest,672,priest,shadow,20,7,13
22675,Syam,dun-morogh,672,priest,shadow,24,7,17
22676,Cryptoniite,kazzak,671,priest,shadow,12,7,5
22677,Badomens,draenor,671,priest,shadow,12,7,5
22678,Xatori,arthas,671,priest,shadow,12,7,5
22679,Абсорб,gordunni,671,priest,shadow,12,7,5
22680,Elarya,zenedar,671,priest,shadow,12,7,5
22681,Мариаглорум,gordunni,671,priest,shadow,12,7,5
22682,Слышуфонк,howling-fjord,671,priest,shadow,12,7,5
22683,Daretox,turalyon,671,priest,shadow,12,7,5
22684,Gooflord,ravencrest,671,priest,shadow,18,7,11
22685,Jerolol,sanguino,671,priest,shadow,18,7,11
22686,Neggan,chamber-of-aspects,671,priest,shadow,18,7,11
22687,Calor,nemesis,670,priest,shadow,12,7,5
22688,Kitasia,tarren-mill,670,priest,shadow,12,7,5
22689,Hiela,outland,670,priest,shadow,12,7,5
22690,Morgoh,die-arguswacht,670,priest,shadow,12,7,5
22691,Haxxøn,die-nachtwache,670,priest,shadow,12,7,5
22692,Mellandoh,tarren-mill,670,priest,shadow,12,7,5
22693,Psystorm,frostmane,670,priest,shadow,18,7,11
22694,Sáro,ravencrest,669,priest,shadow,12,7,5
22695,Battlefog,turalyon,669,priest,shadow,18,7,11
22696,Hotsanddots,auchindoun,668,priest,shadow,12,7,5
22697,Некросиний,eversong,667,priest,shadow,12,7,5
22698,Bonbonici,sylvanas,666,priest,shadow,12,7,5
22699,Hulluh,tarren-mill,665,priest,shadow,12,7,5
22700,Redfield,frostmane,663,priest,shadow,24,7,17
22701,Spaghettoni,tarren-mill,662,priest,shadow,12,7,5
22702,Stoffig,aggramar,660,priest,shadow,12,7,5
22703,Vregoa,twisting-nether,639,priest,shadow,17,7,10
22704,Sadskîx,dun-modr,624,priest,shadow,9,8,1
22705,Brainwash,darksorrow,608,priest,shadow,16,7,9
22706,Reeflix,blackmoore,607,priest,shadow,17,8,9
22707,Physx,blackrock,576,priest,shadow,6,6,0
22708,Шандресса,deepholm,576,priest,shadow,6,6,0
22709,Shacoat,draenor,576,priest,shadow,6,6,0
22710,Rubzler,ravencrest,576,priest,shadow,6,6,0
22711,Deform,argent-dawn,576,priest,shadow,6,6,0
22712,Suitenatacho,archimonde,576,priest,shadow,6,6,0
22713,Xceliann,stormscale,576,priest,shadow,6,6,0
22714,Uzü,ysondre,576,priest,shadow,10,7,3
22715,Miraçlê,kazzak,576,priest,shadow,12,6,6
22716,Ellfle,kazzak,576,priest,shadow,12,6,6
22717,Hizumi,stormreaver,576,priest,shadow,12,6,6
22718,Farotep,tarren-mill,576,priest,shadow,12,6,6
22719,Umayyaa,sylvanas,576,priest,shadow,12,6,6
22720,Seehz,ysondre,576,priest,shadow,12,6,6
22721,Shadoxx,malganis,576,priest,shadow,12,6,6
22722,Cultist,defias-brotherhood,576,priest,shadow,12,6,6
22723,Бранлор,howling-fjord,576,priest,shadow,12,6,6
22724,Kunayu,ravencrest,576,priest,shadow,12,6,6
22725,Wakizashi,ravencrest,576,priest,shadow,12,6,6
22726,Babydark,ravencrest,576,priest,shadow,12,6,6
22727,Lløthx,ravencrest,576,priest,shadow,12,6,6
22728,Despéri,ysondre,576,priest,shadow,12,6,6
22729,Cluelêss,blackrock,576,priest,shadow,12,6,6
22730,Lilsayx,blackrock,576,priest,shadow,12,6,6
22731,Saliâ,blackmoore,576,priest,shadow,12,6,6
22732,Voidpbody,nerathor,576,priest,shadow,12,6,6
22733,Skyfour,blackmoore,576,priest,shadow,12,6,6
22734,Fluffieh,ravencrest,576,priest,shadow,12,6,6
22735,Landliebe,outland,576,priest,shadow,12,6,6
22736,Prästjäväln,stormscale,576,priest,shadow,12,6,6
22737,Vaßpera,tarren-mill,576,priest,shadow,18,6,12
22738,Khäñ,ravencrest,576,priest,shadow,24,6,18
22739,Princéssà,aegwynn,575,priest,shadow,12,6,6
22740,Attaxx,dragonmaw,575,priest,shadow,12,6,6
22741,Нитровина,howling-fjord,575,priest,shadow,12,6,6
22742,Wintercurse,twisting-nether,575,priest,shadow,18,6,12
22743,Avatars,kirin-tor,574,priest,shadow,12,6,6
22744,Sacreth,ragnaros,574,priest,shadow,24,6,18
22745,Bloodimand,terenas,572,priest,shadow,12,6,6
22746,Mimox,kaelthas,570,priest,shadow,12,6,6
22747,Hellena,neptulon,570,priest,shadow,18,6,12
22748,Trencharse,draenor,559,priest,shadow,17,6,11
22749,Манддалорец,gordunni,512,priest,shadow,16,6,10
22750,Lildiggy,outland,511,priest,shadow,14,6,8
22751,Gladíator,blackhand,480,priest,shadow,6,5,1
22752,Sleypriest,draenor,480,priest,shadow,6,5,1
22753,Solaclypsa,destromath,480,priest,shadow,6,5,1
22754,Darkqt,ravencrest,480,priest,shadow,6,5,1
22755,Nøskillzz,nemesis,480,priest,shadow,6,5,1
22756,Lamaovic,archimonde,480,priest,shadow,6,5,1
22757,Easyc,gorgonnash,480,priest,shadow,6,5,1
22758,Potati,defias-brotherhood,480,priest,shadow,6,5,1
22759,Makethemstop,bronzebeard,480,priest,shadow,6,5,1
22760,Tigrok,burning-legion,480,priest,shadow,6,5,1
22761,Rinkahands,silvermoon,480,priest,shadow,6,5,1
22762,Wérrýxs,kazzak,480,priest,shadow,6,5,1
22763,Jingling,kazzak,480,priest,shadow,6,5,1
22764,Зоргдаркнесс,howling-fjord,480,priest,shadow,6,5,1
22765,Tribz,kargath,480,priest,shadow,6,5,1
22766,Скизма,gordunni,480,priest,shadow,6,5,1
22767,Алуриэлия,gordunni,480,priest,shadow,6,5,1
22768,Attilerg,stormscale,480,priest,shadow,6,5,1
22769,Shaaq,stormscale,480,priest,shadow,6,5,1
22770,Voidis,hyjal,480,priest,shadow,6,5,1
22771,Bazazath,thrall,480,priest,shadow,9,6,3
22772,Mentax,kazzak,480,priest,shadow,12,5,7
22773,Cmonbro,hyjal,480,priest,shadow,12,5,7
22774,Дакимакурах,gordunni,480,priest,shadow,12,5,7
22775,Shadowful,drakthul,480,priest,shadow,12,5,7
22776,Môrtïciâ,tarren-mill,480,priest,shadow,12,5,7
22777,Rovensin,ravencrest,480,priest,shadow,12,5,7
22778,Neverfade,dun-modr,480,priest,shadow,12,5,7
22779,Kidkuddo,blackmoore,480,priest,shadow,12,5,7
22780,Raeratwo,archimonde,480,priest,shadow,12,5,7
22781,Darkmus,quelthalas,480,priest,shadow,12,5,7
22782,Низара,deathguard,480,priest,shadow,12,5,7
22783,Lyssandre,stormreaver,480,priest,shadow,12,5,7
22784,Bonsoin,kirin-tor,480,priest,shadow,12,5,7
22785,Whocare,tarren-mill,480,priest,shadow,12,5,7
22786,Korzec,dun-modr,480,priest,shadow,12,5,7
22787,Smâshëd,stormscale,480,priest,shadow,12,5,7
22788,Tokkz,kelthuzad,480,priest,shadow,12,5,7
22789,Jarkk,ysondre,480,priest,shadow,12,5,7
22790,Darrianna,outland,480,priest,shadow,12,5,7
22791,Taikki,stormreaver,480,priest,shadow,12,5,7
22792,Singularity,ravencrest,480,priest,shadow,12,5,7
22793,Nairima,argent-dawn,480,priest,shadow,12,5,7
22794,Svenskabarn,twisting-nether,480,priest,shadow,12,5,7
22795,Rokil,ravencrest,480,priest,shadow,12,5,7
22796,Qwertyuioasd,ravencrest,480,priest,shadow,12,5,7
22797,Aaj,twisting-nether,480,priest,shadow,12,5,7
22798,Skûggpräst,silvermoon,480,priest,shadow,12,5,7
22799,Valaç,turalyon,480,priest,shadow,12,5,7
22800,Claudefrollo,the-maelstrom,480,priest,shadow,13,5,8
22801,Lasdrael,dun-modr,479,priest,shadow,6,5,1
22802,Вэйворс,blackscar,479,priest,shadow,10,6,4
22803,Mynithir,chants-éternels,479,priest,shadow,12,5,7
22804,Heinricht,ragnaros,479,priest,shadow,12,5,7
22805,Xieraxe,ravencrest,479,priest,shadow,12,5,7
22806,Soulsuckerr,silvermoon,479,priest,shadow,18,5,13
22807,Ethalia,kirin-tor,478,priest,shadow,12,5,7
22808,Falbäla,suramar,473,priest,shadow,12,5,7
22809,Карбираторх,gordunni,447,priest,shadow,11,5,6
22810,Sàd,thrall,447,priest,shadow,11,5,6
22811,Aezef,ysondre,447,priest,shadow,14,6,8
22812,Svettvrede,sylvanas,432,priest,shadow,9,6,3
22813,Twisty,malganis,426,priest,shadow,17,9,8
22814,Deadlymoda,zenedar,415,priest,shadow,8,5,3
22815,Mysticforces,silvermoon,384,priest,shadow,6,4,2
22816,Valdiona,tarren-mill,384,priest,shadow,6,4,2
22817,Вэстервилли,howling-fjord,384,priest,shadow,6,4,2
22818,Shadowboness,twisting-nether,384,priest,shadow,6,4,2
22819,Cyrená,ravencrest,384,priest,shadow,6,4,2
22820,Spae,twisting-nether,384,priest,shadow,6,4,2
22821,Lumex,aegwynn,384,priest,shadow,6,4,2
22822,Vantek,antonidas,384,priest,shadow,6,4,2
22823,Трихоманиаз,ashenvale,384,priest,shadow,6,4,2
22824,Êlectron,ravencrest,384,priest,shadow,6,4,2
22825,Peep,emerald-dream,384,priest,shadow,6,4,2
22826,Marsheil,blackhand,384,priest,shadow,6,4,2
22827,Alinfinito,ravencrest,384,priest,shadow,6,4,2
22828,Torino,kazzak,384,priest,shadow,6,4,2
22829,Grainbames,sylvanas,384,priest,shadow,6,4,2
22830,Satànâs,twisting-nether,384,priest,shadow,6,4,2
22831,Vardrium,antonidas,384,priest,shadow,6,4,2
22832,Looó,los-errantes,384,priest,shadow,6,4,2
22833,Roastie,frostmane,384,priest,shadow,6,4,2
22834,Syrïal,hyjal,384,priest,shadow,6,4,2
22835,Свдпрох,soulflayer,384,priest,shadow,6,4,2
22836,Dokurochan,tarren-mill,384,priest,shadow,6,4,2
22837,Azsaryn,magtheridon,384,priest,shadow,6,4,2
22838,Daspyen,silvermoon,384,priest,shadow,6,4,2
22839,Floodey,defias-brotherhood,384,priest,shadow,6,4,2
22840,Thebesp,ravencrest,384,priest,shadow,6,4,2
22841,Evílshadows,tarren-mill,384,priest,shadow,6,4,2
22842,Kobiden,stormreaver,384,priest,shadow,6,4,2
22843,Шучунекошмар,soulflayer,384,priest,shadow,6,4,2
22844,Drë,daggerspine,384,priest,shadow,6,4,2
22845,Фьюриреидж,soulflayer,384,priest,shadow,6,4,2
22846,Alicanx,twisting-nether,384,priest,shadow,6,4,2
22847,Наярда,howling-fjord,384,priest,shadow,6,4,2
22848,Appraiser,draenor,384,priest,shadow,6,4,2
22849,Nebunia,twisting-nether,384,priest,shadow,6,4,2
22850,Sweetepi,blackmoore,384,priest,shadow,6,4,2
22851,Achára,ravencrest,384,priest,shadow,6,4,2
22852,Lysium,sylvanas,384,priest,shadow,6,4,2
22853,Noreal,twisting-nether,384,priest,shadow,6,4,2
22854,Jpxoxo,blackhand,384,priest,shadow,6,4,2
22855,Alusiepriest,ravencrest,384,priest,shadow,6,4,2
22856,Atropin,silvermoon,384,priest,shadow,6,4,2
22857,Æåeåeåé,twisting-nether,384,priest,shadow,6,4,2
22858,Lorthonor,silvermoon,384,priest,shadow,6,4,2
22859,Thogrey,archimonde,384,priest,shadow,6,4,2
22860,Veshania,blackhand,384,priest,shadow,6,4,2
22861,Daftî,twisting-nether,384,priest,shadow,6,4,2
22862,Spum,ravencrest,384,priest,shadow,6,4,2
22863,Temtem,ravencrest,384,priest,shadow,6,4,2
22864,Jesuispasbon,hyjal,384,priest,shadow,6,4,2
22865,Ylenae,twisting-nether,384,priest,shadow,6,4,2
22866,Wingufreebrø,sanguino,384,priest,shadow,6,4,2
22867,Tarantos,uldum,384,priest,shadow,6,4,2
22868,Evypriest,draenor,384,priest,shadow,6,4,2
22869,Majestíc,blackmoore,384,priest,shadow,6,4,2
22870,Malip,ragnaros,384,priest,shadow,9,4,5
22871,Strvnge,stormreaver,384,priest,shadow,11,4,7
22872,Nìak,ysondre,384,priest,shadow,15,5,10
22873,Swoptoplong,blackhand,384,priest,shadow,12,4,8
22874,Apèx,blackrock,384,priest,shadow,12,4,8
22875,Dotmaster,darkspear,384,priest,shadow,12,4,8
22876,Grayraven,azjolnerub,384,priest,shadow,12,4,8
22877,Umbrazoid,sanguino,384,priest,shadow,12,4,8
22878,Lfgarcatraz,aegwynn,384,priest,shadow,12,4,8
22879,Widdlprest,sylvanas,384,priest,shadow,12,4,8
22880,Kantar,ragnaros,384,priest,shadow,12,4,8
22881,Ларчшп,gordunni,384,priest,shadow,12,4,8
22882,Zaoza,dentarg,384,priest,shadow,12,4,8
22883,Bacovia,tarren-mill,384,priest,shadow,12,4,8
22884,Shadøwz,grim-batol,384,priest,shadow,12,4,8
22885,Отчепадре,gordunni,384,priest,shadow,12,4,8
22886,Dpriesta,aegwynn,384,priest,shadow,12,4,8
22887,Самоэль,gordunni,384,priest,shadow,12,4,8
22888,Niikki,blackrock,384,priest,shadow,12,4,8
22889,Jellypie,blackrock,384,priest,shadow,12,4,8
22890,Szpinx,stormscale,384,priest,shadow,12,4,8
22891,Fùkøff,stormscale,384,priest,shadow,12,4,8
22892,Сэлунна,goldrinn,384,priest,shadow,12,4,8
22893,Gerase,blackrock,384,priest,shadow,12,4,8
22894,Zultor,ragnaros,384,priest,shadow,13,4,9
22895,Chlorohhkine,chogall,384,priest,shadow,13,4,9
22896,Tobirama,stormscale,384,priest,shadow,17,4,13
22897,Zerim,blackmoore,384,priest,shadow,18,4,14
22898,Abnórmus,tarren-mill,383,priest,shadow,6,4,2
22899,Newik,burning-legion,383,priest,shadow,6,4,2
22900,Shikamarudmx,burning-legion,383,priest,shadow,15,5,10
22901,Sphard,ysondre,383,priest,shadow,12,4,8
22902,Мараес,howling-fjord,382,priest,shadow,6,4,2
22903,Perchédue,silvermoon,367,priest,shadow,11,4,7
22904,Levitating,argent-dawn,336,priest,shadow,9,5,4
22905,Solaní,antonidas,335,priest,shadow,11,4,7
22906,Tweediertie,argent-dawn,335,priest,shadow,11,4,7
22907,Prìestìalìty,draenor,330,priest,shadow,11,6,5
22908,Nerfnerf,kazzak,330,priest,shadow,13,5,8
22909,Zargoss,sylvanas,304,priest,shadow,7,4,3
22910,Roxfer,ysondre,288,priest,shadow,6,3,3
22911,Vilayetko,ravencrest,288,priest,shadow,6,3,3
22912,Nukyo,blackmoore,288,priest,shadow,6,3,3
22913,Talandra,drakthul,288,priest,shadow,6,3,3
22914,Liliashet,sanguino,288,priest,shadow,6,3,3
22915,Miikkap,blackhand,288,priest,shadow,6,3,3
22916,Zøid,ysondre,288,priest,shadow,6,3,3
22917,Yazh,argent-dawn,288,priest,shadow,6,3,3
22918,Umyqt,ragnaros,288,priest,shadow,6,3,3
22919,Exörcíst,outland,288,priest,shadow,6,3,3
22920,Arratør,ysondre,288,priest,shadow,6,3,3
22921,Abyssonmind,dun-modr,288,priest,shadow,6,3,3
22922,Dunkelseele,ahnqiraj,288,priest,shadow,6,3,3
22923,Ragwitch,draenor,288,priest,shadow,6,3,3
22924,Нечавкай,deathweaver,288,priest,shadow,6,3,3
22925,Voilencia,kazzak,288,priest,shadow,6,3,3
22926,Sàyaa,draenor,288,priest,shadow,6,3,3
22927,Chaarronn,drakthul,288,priest,shadow,6,3,3
22928,Stinkycreep,executus,288,priest,shadow,6,3,3
22929,Prästpojken,frostwhisper,288,priest,shadow,6,3,3
22930,Allanna,talnivarr,288,priest,shadow,6,3,3
22931,Xpy,kazzak,288,priest,shadow,6,3,3
22932,Ahle,darkspear,288,priest,shadow,6,3,3
22933,Cðsima,blackmoore,288,priest,shadow,6,3,3
22934,Ephara,outland,288,priest,shadow,6,3,3
22935,Xaviá,blackrock,288,priest,shadow,6,3,3
22936,Morzâr,outland,288,priest,shadow,6,3,3
22937,Wkid,draenor,288,priest,shadow,6,3,3
22938,Synexia,sylvanas,288,priest,shadow,6,3,3
22939,Löspajen,stormscale,288,priest,shadow,6,3,3
22940,Notra,shattrath,288,priest,shadow,6,3,3
22941,Henaheals,ragnaros,288,priest,shadow,6,3,3
22942,Лиройгеморой,gordunni,288,priest,shadow,6,3,3
22943,Stepsisstuck,ragnaros,288,priest,shadow,6,3,3
22944,Holybestie,eredar,288,priest,shadow,6,3,3
22945,Papynou,garona,288,priest,shadow,6,3,3
22946,Emala,hyjal,288,priest,shadow,6,3,3
22947,Æro,malganis,288,priest,shadow,6,3,3
22948,Skymning,tarren-mill,288,priest,shadow,6,3,3
22949,Chandria,veknilash,288,priest,shadow,6,3,3
22950,Imadîa,dalaran,288,priest,shadow,6,3,3
22951,Grocx,kazzak,288,priest,shadow,6,3,3
22952,Andreel,ravencrest,288,priest,shadow,6,3,3
22953,Dboi,tarren-mill,288,priest,shadow,6,3,3
22954,Shadowchunks,argent-dawn,288,priest,shadow,6,3,3
22955,Nitza,silvermoon,288,priest,shadow,6,3,3
22956,Poonies,silvermoon,288,priest,shadow,6,3,3
22957,Pbwser,silvermoon,288,priest,shadow,6,3,3
22958,Sweedensp,hyjal,288,priest,shadow,6,3,3
22959,Dípp,ravencrest,288,priest,shadow,6,3,3
22960,Cloudfactory,ravencrest,288,priest,shadow,6,3,3
22961,Fnúggí,kazzak,288,priest,shadow,6,3,3
22962,Mindboorst,kazzak,288,priest,shadow,6,3,3
22963,Presbyter,mazrigos,288,priest,shadow,6,3,3
22964,Неприст,ashenvale,288,priest,shadow,6,3,3
22965,Дюрэкс,soulflayer,288,priest,shadow,6,3,3
22966,Montane,wrathbringer,288,priest,shadow,6,3,3
22967,Ggsus,outland,288,priest,shadow,6,3,3
22968,Nhajÿ,hyjal,288,priest,shadow,6,3,3
22969,Lethaa,twisting-nether,288,priest,shadow,6,3,3
22970,Vividots,draenor,288,priest,shadow,6,3,3
22971,Xùÿø,culte-de-la-rive-noire,288,priest,shadow,6,3,3
22972,Syntara,twisting-nether,288,priest,shadow,6,3,3
22973,Смегмачет,soulflayer,288,priest,shadow,6,3,3
22974,Lutzki,the-maelstrom,288,priest,shadow,6,3,3
22975,Freezydot,silvermoon,288,priest,shadow,6,3,3
22976,Bhlad,silvermoon,288,priest,shadow,6,3,3
22977,Maela,uldum,288,priest,shadow,6,3,3
22978,Linara,frostmane,288,priest,shadow,6,3,3
22979,Drynte,blackmoore,288,priest,shadow,6,3,3
22980,Kallsen,ravencrest,288,priest,shadow,6,3,3
22981,Skillmåster,ravencrest,288,priest,shadow,6,3,3
22982,Jlox,stormscale,288,priest,shadow,9,4,5
22983,Kopfsache,blackmoore,288,priest,shadow,7,3,4
22984,Freshpope,ravencrest,288,priest,shadow,10,4,6
22985,Лейля,goldrinn,288,priest,shadow,12,3,9
22986,Elumi,the-maelstrom,288,priest,shadow,12,3,9
22987,Reckpump,twisting-nether,288,priest,shadow,12,3,9
22988,Damnedangel,drakthul,288,priest,shadow,12,3,9
22989,Cthultist,dun-modr,288,priest,shadow,12,3,9
22990,Shreedz,blackmoore,288,priest,shadow,12,3,9
22991,Aaluvor,blackmoore,288,priest,shadow,12,3,9
22992,Supermacy,blackrock,288,priest,shadow,12,3,9
22993,Hâstur,ravencrest,288,priest,shadow,12,3,9
22994,Xrystal,wrathbringer,288,priest,shadow,12,3,9
22995,Nesar,stormscale,288,priest,shadow,12,3,9
22996,Kaenlin,the-maelstrom,288,priest,shadow,18,3,15
22997,Yonaka,amanthul,288,priest,shadow,18,3,15
22998,Васпохилить,howling-fjord,288,priest,shadow,18,3,15
22999,Акциуми,howling-fjord,287,priest,shadow,6,3,3
23000,Jês,thrall,287,priest,shadow,6,3,3
23001,Rulna,die-aldor,287,priest,shadow,12,3,9
23002,Nuger,tarren-mill,286,priest,shadow,6,3,3
23003,Серебрия,gordunni,286,priest,shadow,6,3,3
23004,Irrtum,nozdormu,286,priest,shadow,6,3,3
23005,Czikibriki,ravenholdt,256,priest,shadow,4,4,0
23006,Guccimaane,twisting-nether,239,priest,shadow,5,3,2
23007,Caski,stormreaver,239,priest,shadow,5,3,2
23008,Kuddles,hyjal,239,priest,shadow,5,3,2
23009,Deeforce,argent-dawn,234,priest,shadow,6,4,2
23010,Ðarcø,archimonde,208,priest,shadow,13,3,10
23011,Shadowflamè,outland,192,priest,shadow,4,3,1
23012,Szycho,burning-legion,192,priest,shadow,9,3,6
23013,Datscrazi,ravencrest,192,priest,shadow,6,2,4
23014,Lythra,burning-legion,192,priest,shadow,6,2,4
23015,Harleyquiñ,burning-legion,192,priest,shadow,6,2,4
23016,Bandgap,antonidas,192,priest,shadow,6,2,4
23017,Ximenia,eredar,192,priest,shadow,6,2,4
23018,Vengigodxx,ravencrest,192,priest,shadow,6,2,4
23019,Omejan,frostmane,192,priest,shadow,6,2,4
23020,Aruna,ravencrest,192,priest,shadow,6,2,4
23021,Daven,ysondre,192,priest,shadow,6,2,4
23022,Daisyduke,veknilash,192,priest,shadow,6,2,4
23023,Crzzy,dun-modr,192,priest,shadow,6,2,4
23024,Cto,gorgonnash,192,priest,shadow,6,2,4
23025,Bòóny,ravencrest,192,priest,shadow,6,2,4
23026,Valdemar,alakir,192,priest,shadow,6,2,4
23027,Notdespo,kazzak,192,priest,shadow,6,2,4
23028,Crazyname,outland,192,priest,shadow,6,2,4
23029,Lugburzz,draenor,192,priest,shadow,6,2,4
23030,Nomarak,drakthul,192,priest,shadow,6,2,4
23031,Wiglere,argent-dawn,192,priest,shadow,6,2,4
23032,Tankeløs,kazzak,192,priest,shadow,6,2,4
23033,Misántropo,dun-modr,192,priest,shadow,6,2,4
23034,Сорвиголов,howling-fjord,192,priest,shadow,6,2,4
23035,Buan,blackmoore,192,priest,shadow,6,2,4
23036,Ràthaløs,sanguino,192,priest,shadow,6,2,4
23037,Oknelim,blackmoore,192,priest,shadow,6,2,4
23038,Rallzken,stormscale,192,priest,shadow,6,2,4
23039,Chekkó,blackrock,192,priest,shadow,6,2,4
23040,Tuljan,twisting-nether,192,priest,shadow,6,2,4
23041,Zikár,kazzak,192,priest,shadow,6,2,4
23042,Мсикатана,gordunni,192,priest,shadow,6,2,4
23043,Velansera,argent-dawn,192,priest,shadow,6,2,4
23044,Turah,the-maelstrom,192,priest,shadow,6,2,4
23045,Mahist,ravencrest,192,priest,shadow,6,2,4
23046,Дашажмитучу,howling-fjord,192,priest,shadow,6,2,4
23047,Otheym,the-maelstrom,192,priest,shadow,6,2,4
23048,Xiä,archimonde,192,priest,shadow,6,2,4
23049,Sephìrøth,malganis,192,priest,shadow,6,2,4
23050,Alpharîus,argent-dawn,192,priest,shadow,6,2,4
23051,Vilhiil,darksorrow,192,priest,shadow,6,2,4
23052,Ичисанчик,howling-fjord,192,priest,shadow,6,2,4
23053,Piixld,aegwynn,192,priest,shadow,6,2,4
23054,Rustyroll,stormscale,192,priest,shadow,6,2,4
23055,Безмездная,gordunni,192,priest,shadow,6,2,4
23056,Slimshadey,malganis,192,priest,shadow,6,2,4
23057,Шарадин,gordunni,192,priest,shadow,6,2,4
23058,Xaeroow,archimonde,192,priest,shadow,6,2,4
23059,Hadsup,stormscale,192,priest,shadow,6,2,4
23060,Kaleshiry,kazzak,192,priest,shadow,6,2,4
23061,Preast,aegwynn,192,priest,shadow,6,2,4
23062,Sotriggered,sylvanas,192,priest,shadow,6,2,4
23063,Шаасит,soulflayer,192,priest,shadow,6,2,4
23064,Calïxløve,der-rat-von-dalaran,192,priest,shadow,6,2,4
23065,Pepitzaftw,sylvanas,192,priest,shadow,6,2,4
23066,Clemexyo,stormscale,192,priest,shadow,6,2,4
23067,Elëctra,vashj,192,priest,shadow,6,2,4
23068,Önnÿ,dun-modr,192,priest,shadow,12,2,10
23069,Karmapollys,silvermoon,191,priest,shadow,6,2,4
23070,Edoran,ragnaros,159,priest,shadow,5,2,3
23071,Shidoya,tarren-mill,159,priest,shadow,5,2,3
23072,Girlidlion,twisting-nether,159,priest,shadow,5,2,3
23073,Qku,ravencrest,144,priest,shadow,9,3,6
23074,Alswynn,draenor,138,priest,shadow,13,3,10
23075,Inferius,shadowsong,138,priest,shadow,16,3,13
23076,Yologrumples,tarren-mill,128,priest,shadow,4,2,2
23077,Fjonnski,blackmoore,96,priest,shadow,3,2,1
23078,Cizer,kazzak,96,priest,shadow,6,1,5
23079,Tryagain,ravencrest,96,priest,shadow,6,1,5
23080,Uwucatgir,silvermoon,96,priest,shadow,6,1,5
23081,Vès,stormscale,96,priest,shadow,6,1,5
23082,Rines,thrall,96,priest,shadow,6,1,5
23083,Príêstjklòl,stormscale,96,priest,shadow,6,1,5
23084,Waina,defias-brotherhood,96,priest,shadow,6,1,5
23085,Enduring,darksorrow,96,priest,shadow,6,1,5
23086,Попячебрило,gordunni,96,priest,shadow,6,1,5
23087,Skitcy,ghostlands,96,priest,shadow,6,1,5
23088,Vtqt,outland,96,priest,shadow,6,1,5
23089,Jakepriest,twisting-nether,96,priest,shadow,6,1,5
23090,Ghostroller,ravencrest,96,priest,shadow,6,1,5
23091,Gobie,sunstrider,96,priest,shadow,6,1,5
23092,Stola,archimonde,96,priest,shadow,6,1,5
23093,Nelpriest,hyjal,96,priest,shadow,6,1,5
23094,Winstõn,sanguino,96,priest,shadow,6,1,5
23095,Baltrom,ravencrest,96,priest,shadow,6,1,5
23096,Oniakusa,outland,96,priest,shadow,6,1,5
23097,Zukatana,tarren-mill,96,priest,shadow,6,1,5
23098,Dianaxd,dun-modr,96,priest,shadow,6,1,5
23099,Adev,drakthul,96,priest,shadow,6,1,5
23100,Kales,grim-batol,96,priest,shadow,6,1,5
23101,Kianprie,silvermoon,96,priest,shadow,6,1,5
23102,Corefusion,blackrock,96,priest,shadow,6,1,5
23103,Мегаствол,howling-fjord,96,priest,shadow,6,1,5
23104,Shifune,blackhand,96,priest,shadow,6,1,5
23105,Koíré,defias-brotherhood,96,priest,shadow,6,1,5
23106,Kraanocska,outland,96,priest,shadow,6,1,5
23107,Абсорбиболь,howling-fjord,96,priest,shadow,6,1,5
23108,Deicidex,blackrock,96,priest,shadow,6,1,5
23109,Shonsized,argent-dawn,96,priest,shadow,6,1,5
23110,Bädx,silvermoon,96,priest,shadow,6,1,5
23111,Maddøc,die-aldor,96,priest,shadow,6,1,5
23112,Abudhabi,blackhand,96,priest,shadow,6,1,5
23113,Tiras,argent-dawn,96,priest,shadow,12,1,11
23114,Эсттелла,gordunni,96,priest,shadow,18,1,17
23115,Peesussy,kazzak,79,priest,shadow,5,1,4
23116,Xharyo,ravencrest,64,priest,shadow,4,1,3
23117,Xavyos,eredar,64,priest,shadow,4,1,3
23118,Gandals,shadowsong,64,priest,shadow,4,1,3
23119,Achesita,sylvanas,48,priest,shadow,3,1,2
23120,Holyhigh,baelgun,31,priest,shadow,2,1,1
23121,Mjuk,tarren-mill,16,priest,shadow,1,1,0
23122,Rãz,stormscale,2130,rogue,outlaw,66,36,30
23123,Kekuriix,vashj,1877,rogue,outlaw,112,60,52
23124,Макевин,gordunni,1816,rogue,outlaw,70,32,38
23125,Дизелюжн,howling-fjord,1812,rogue,outlaw,165,83,82
23126,Феинт,galakrond,1739,rogue,outlaw,48,19,29
23127,Yessa,argent-dawn,1721,rogue,outlaw,36,18,18
23128,Koopa,argent-dawn,1696,rogue,outlaw,48,24,24
23129,Jalsket,tarren-mill,1666,rogue,outlaw,36,20,16
23130,Kreayx,ysondre,1666,rogue,outlaw,42,19,23
23131,Radiogodx,stormscale,1662,rogue,outlaw,92,44,48
23132,Kreay,ysondre,1620,rogue,outlaw,42,20,22
23133,Lidiaubaro,ravencrest,1581,rogue,outlaw,239,118,121
23134,Kreay,tarren-mill,1576,rogue,outlaw,40,29,11
23135,Syrn,ravencrest,1551,rogue,outlaw,60,27,33
23136,Krixor,ravencrest,1519,rogue,outlaw,42,16,26
23137,Ранконх,lich-king,1502,rogue,outlaw,50,17,33
23138,Зувер,blackscar,1494,rogue,outlaw,106,57,49
23139,Deevoll,tarren-mill,1481,rogue,outlaw,102,45,57
23140,Sigleif,argent-dawn,1471,rogue,outlaw,111,57,54
23141,Bonelesschic,silvermoon,1446,rogue,outlaw,125,67,58
23142,Loubina,silvermoon,1446,rogue,outlaw,36,16,20
23143,Déjávu,ravencrest,1426,rogue,outlaw,30,15,15
23144,Nèwt,aggramar,1419,rogue,outlaw,84,40,44
23145,Scotlander,argent-dawn,1401,rogue,outlaw,30,15,15
23146,Cryneth,ravencrest,1373,rogue,outlaw,51,25,26
23147,Jasolo,silvermoon,1370,rogue,outlaw,204,117,87
23148,Shredfngrz,garona,1337,rogue,outlaw,32,15,17
23149,Murkyy,gilneas,1329,rogue,outlaw,32,16,16
23150,Djeud,archimonde,1325,rogue,outlaw,64,34,30
23151,Carvyn,defias-brotherhood,1324,rogue,outlaw,57,28,29
23152,Tidløs,dun-morogh,1316,rogue,outlaw,53,21,32
23153,Sqz,archimonde,1222,rogue,outlaw,30,18,12
23154,Шторкаа,gordunni,1214,rogue,outlaw,33,19,14
23155,Jinzou,blackmoore,1200,rogue,outlaw,51,27,24
23156,Röguetönerö,dun-modr,1150,rogue,outlaw,30,12,18
23157,Spiochrr,burning-legion,1064,rogue,outlaw,44,17,27
23158,Lättja,hyjal,1059,rogue,outlaw,24,12,12
23159,Eukaryot,aggra-português,1054,rogue,outlaw,24,11,13
23160,Bannedfrigid,outland,1054,rogue,outlaw,30,11,19
23161,Svddendeath,ragnaros,1034,rogue,outlaw,24,11,13
23162,Génn,silvermoon,1009,rogue,outlaw,38,17,21
23163,Soothinqq,emerald-dream,963,rogue,outlaw,23,15,8
23164,Lïke,frostwolf,960,rogue,outlaw,18,10,8
23165,Foulsteel,stormscale,951,rogue,outlaw,18,10,8
23166,Åråmsëß,grim-batol,950,rogue,outlaw,18,10,8
23167,Melahl,kazzak,935,rogue,outlaw,24,13,11
23168,Bxtchslayer,blackmoore,876,rogue,outlaw,18,10,8
23169,Pistolpete,grim-batol,864,rogue,outlaw,24,9,15
23170,Bikrut,hyjal,768,rogue,outlaw,12,8,4
23171,Gerzy,drakthul,768,rogue,outlaw,18,8,10
23172,Джулт,soulflayer,767,rogue,outlaw,24,8,16
23173,Blàckbèàrd,silvermoon,753,rogue,outlaw,36,13,23
23174,Shichi,archimonde,751,rogue,outlaw,23,8,15
23175,Omuspan,magtheridon,737,rogue,outlaw,24,9,15
23176,Dêlaral,der-rat-von-dalaran,672,rogue,outlaw,16,8,8
23177,Rogiko,twisting-nether,672,rogue,outlaw,18,7,11
23178,Kidneyou,ragnaros,672,rogue,outlaw,18,7,11
23179,Omgjkgtfo,ravencrest,671,rogue,outlaw,18,7,11
23180,Badabôôm,wrathbringer,670,rogue,outlaw,18,7,11
23181,Hânnäh,hyjal,647,rogue,outlaw,18,7,11
23182,Фофламидзе,gordunni,611,rogue,outlaw,15,7,8
23183,Xsanji,kazzak,576,rogue,outlaw,12,6,6
23184,Vokhun,outland,576,rogue,outlaw,12,6,6
23185,Anom,kargath,575,rogue,outlaw,12,6,6
23186,Pidroseus,argent-dawn,575,rogue,outlaw,12,6,6
23187,Маллестар,ashenvale,575,rogue,outlaw,12,6,6
23188,Noodlegoose,tarren-mill,575,rogue,outlaw,12,6,6
23189,Кингксу,gordunni,575,rogue,outlaw,24,6,18
23190,Okani,hyjal,574,rogue,outlaw,12,6,6
23191,Тимареканец,eversong,572,rogue,outlaw,18,6,12
23192,Zômbiê,blackrock,491,rogue,outlaw,13,6,7
23193,Fivepoint,blackmoore,480,rogue,outlaw,12,5,7
23194,Faoil,defias-brotherhood,480,rogue,outlaw,12,5,7
23195,Featfawkes,ragnaros,480,rogue,outlaw,12,5,7
23196,Nocrath,blades-edge,479,rogue,outlaw,12,5,7
23197,Dredge,kaelthas,479,rogue,outlaw,12,5,7
23198,Chillo,ravencrest,384,rogue,outlaw,6,4,2
23199,Zep,auchindoun,384,rogue,outlaw,6,4,2
23200,Zbojník,ravencrest,384,rogue,outlaw,6,4,2
23201,Delrøq,draenor,384,rogue,outlaw,6,4,2
23202,Synexo,sylvanas,384,rogue,outlaw,12,4,8
23203,Mïta,blackmoore,383,rogue,outlaw,6,4,2
23204,Trímønâ,gorgonnash,351,rogue,outlaw,11,4,7
23205,Masteez,ahnqiraj,318,rogue,outlaw,5,4,1
23206,Zyreanxy,blackrock,288,rogue,outlaw,6,3,3
23207,Shadxwstep,ravencrest,288,rogue,outlaw,6,3,3
23208,Mol,defias-brotherhood,288,rogue,outlaw,6,3,3
23209,Cigarette,emeriss,288,rogue,outlaw,6,3,3
23210,Играючестно,howling-fjord,288,rogue,outlaw,6,3,3
23211,Onlyluvhurt,dun-modr,288,rogue,outlaw,6,3,3
23212,Finisher,sanguino,288,rogue,outlaw,12,3,9
23213,Szpachela,burning-legion,288,rogue,outlaw,12,3,9
23214,Heulleise,die-ewige-wacht,288,rogue,outlaw,12,3,9
23215,Mcgora,doomhammer,286,rogue,outlaw,6,3,3
23216,Tipok,tarren-mill,286,rogue,outlaw,12,3,9
23217,Rivso,auchindoun,255,rogue,outlaw,20,4,16
23218,Nyxal,argent-dawn,192,rogue,outlaw,6,2,4
23219,Berneo,burning-legion,192,rogue,outlaw,6,2,4
23220,Stunlock,silvermoon,192,rogue,outlaw,6,2,4
23221,Dawnsaber,argent-dawn,192,rogue,outlaw,6,2,4
23222,Trixnaz,silvermoon,192,rogue,outlaw,6,2,4
23223,Оргельна,gordunni,192,rogue,outlaw,6,2,4
23224,Nomota,sanguino,192,rogue,outlaw,6,2,4
23225,Zind,dalaran,192,rogue,outlaw,6,2,4
23226,Sneakysteve,bloodfeather,192,rogue,outlaw,6,2,4
23227,Banaulikode,twisting-nether,192,rogue,outlaw,6,2,4
23228,Mawrat,mazrigos,192,rogue,outlaw,6,2,4
23229,Snøv,outland,192,rogue,outlaw,6,2,4
23230,Alvoriace,hyjal,192,rogue,outlaw,12,2,10
23231,Valtesse,medivh,159,rogue,outlaw,5,2,3
23232,Геопанк,howling-fjord,144,rogue,outlaw,3,3,0
23233,Ñøway,archimonde,96,rogue,outlaw,3,2,1
23234,Vaze,ravencrest,96,rogue,outlaw,6,1,5
23235,Ótsutsukí,kazzak,96,rogue,outlaw,6,1,5
23236,Yüm,burning-blade,96,rogue,outlaw,6,1,5
23237,Mallaurya,dalaran,96,rogue,outlaw,6,1,5
23238,Ciaordel,sylvanas,96,rogue,outlaw,6,1,5
23239,Леронда,deepholm,96,rogue,outlaw,6,1,5
23240,Dritzdourden,dun-modr,96,rogue,outlaw,6,1,5
23241,Pasarelo,dun-modr,96,rogue,outlaw,6,1,5
23242,Sty,aerie-peak,96,rogue,outlaw,6,1,5
23243,Nabatean,magtheridon,48,rogue,outlaw,3,1,2
23244,Getbleeded,stormscale,31,rogue,outlaw,2,1,1
23245,Cazzette,ravencrest,2204,rogue,subtlety,81,48,33
23246,Ncrø,aszune,2182,rogue,subtlety,73,46,27
23247,Asumah,ravencrest,2143,rogue,subtlety,84,50,34
23248,Лолелт,borean-tundra,2131,rogue,subtlety,104,53,51
23249,Denjinx,culte-de-la-rive-noire,2107,rogue,subtlety,78,43,35
23250,Pridå,thrall,2107,rogue,subtlety,78,41,37
23251,Lfgenjoyer,tarren-mill,2087,rogue,subtlety,108,67,41
23252,Nàsklolz,hyjal,2035,rogue,subtlety,66,35,31
23253,Sunø,archimonde,2018,rogue,subtlety,163,78,85
23254,Эмилилавс,galakrond,2015,rogue,subtlety,182,107,75
23255,Troxerboxer,tarren-mill,2000,rogue,subtlety,60,32,28
23256,Naláa,ravencrest,1989,rogue,subtlety,42,24,18
23257,Renhri,burning-legion,1968,rogue,subtlety,220,122,98
23258,Ewynarog,silvermoon,1966,rogue,subtlety,53,28,25
23259,Chatdisabled,drakthul,1962,rogue,subtlety,150,79,71
23260,Aythusha,twisting-nether,1957,rogue,subtlety,54,31,23
23261,Флексити,soulflayer,1939,rogue,subtlety,114,59,55
23262,Смертьвсмоке,gordunni,1936,rogue,subtlety,206,101,105
23263,Пожилойпупь,gordunni,1932,rogue,subtlety,42,25,17
23264,Drydamage,kazzak,1930,rogue,subtlety,119,62,57
23265,Asterisyup,silvermoon,1909,rogue,subtlety,89,55,34
23266,Сильфитт,gordunni,1904,rogue,subtlety,70,41,29
23267,Zuqzwang,outland,1901,rogue,subtlety,54,30,24
23268,Clawdíte,blackrock,1895,rogue,subtlety,48,21,27
23269,Lówskill,outland,1890,rogue,subtlety,145,77,68
23270,Makethemrog,archimonde,1887,rogue,subtlety,68,34,34
23271,Subzerõ,archimonde,1875,rogue,subtlety,94,43,51
23272,Ладжо,gordunni,1874,rogue,subtlety,42,24,18
23273,Guççí,blackrock,1873,rogue,subtlety,53,33,20
23274,Sapécomejaja,archimonde,1866,rogue,subtlety,38,24,14
23275,Brensø,nemesis,1857,rogue,subtlety,99,60,39
23276,Vulkos,lightbringer,1855,rogue,subtlety,48,25,23
23277,Иждолк,gordunni,1853,rogue,subtlety,66,40,26
23278,Âkame,argent-dawn,1853,rogue,subtlety,59,32,27
23279,Nahj,ravencrest,1851,rogue,subtlety,42,28,14
23280,Shadezlöl,ravencrest,1849,rogue,subtlety,208,104,104
23281,Chatbann,blackrock,1829,rogue,subtlety,130,73,57
23282,Bleakhøuse,ravencrest,1829,rogue,subtlety,58,29,29
23283,Illmatíc,ravencrest,1828,rogue,subtlety,56,29,27
23284,Lízåriñ,ravencrest,1827,rogue,subtlety,48,38,10
23285,Îlîlîlîlîlî,azuremyst,1826,rogue,subtlety,140,79,61
23286,Ålleyézonme,ravencrest,1824,rogue,subtlety,65,29,36
23287,Тохуо,lich-king,1822,rogue,subtlety,42,20,22
23288,Radiogodx,stormscale,1817,rogue,subtlety,60,31,29
23289,Tracersxrude,ravencrest,1817,rogue,subtlety,60,24,36
23290,Iqws,ravencrest,1811,rogue,subtlety,54,29,25
23291,Lilaven,turalyon,1810,rogue,subtlety,84,43,41
23292,Çåñçér,sylvanas,1810,rogue,subtlety,66,30,36
23293,Xtoyo,zuljin,1804,rogue,subtlety,54,29,25
23294,Malasap,archimonde,1792,rogue,subtlety,163,89,74
23295,Sly,emerald-dream,1789,rogue,subtlety,66,36,30
23296,Gløøm,ravencrest,1788,rogue,subtlety,36,22,14
23297,Insomnla,silvermoon,1786,rogue,subtlety,96,52,44
23298,Stonyhavana,ravencrest,1785,rogue,subtlety,84,49,35
23299,Sariena,sylvanas,1773,rogue,subtlety,95,52,43
23300,Stråwberrý,archimonde,1753,rogue,subtlety,57,28,29
23301,Роземсти,gordunni,1752,rogue,subtlety,126,67,59
23302,Погибайдуде,gordunni,1749,rogue,subtlety,35,28,7
23303,Инфера,lich-king,1741,rogue,subtlety,72,33,39
23304,Røgger,ragnaros,1734,rogue,subtlety,125,59,66
23305,Shadowprank,ravencrest,1731,rogue,subtlety,48,27,21
23306,Ccedox,stormscale,1729,rogue,subtlety,30,20,10
23307,Kenjí,silvermoon,1724,rogue,subtlety,59,28,31
23308,Китей,howling-fjord,1723,rogue,subtlety,78,40,38
23309,Trîçk,aegwynn,1719,rogue,subtlety,36,23,13
23310,Sábros,ravencrest,1714,rogue,subtlety,108,50,58
23311,Путьказаха,gordunni,1710,rogue,subtlety,48,27,21
23312,Лайнэл,deathweaver,1699,rogue,subtlety,42,24,18
23313,Yumiee,arygos,1697,rogue,subtlety,80,44,36
23314,Бладстейн,blackscar,1684,rogue,subtlety,64,37,27
23315,Cheapshôt,archimonde,1684,rogue,subtlety,105,59,46
23316,Naïmitsu,hyjal,1678,rogue,subtlety,72,37,35
23317,Брайнз,gordunni,1677,rogue,subtlety,73,49,24
23318,Noraex,silvermoon,1677,rogue,subtlety,32,19,13
23319,Xzr,stormscale,1668,rogue,subtlety,36,27,9
23320,Rhayesh,silvermoon,1665,rogue,subtlety,100,47,53
23321,Knoffchad,blackhand,1663,rogue,subtlety,62,33,29
23322,Ccedolol,stormscale,1662,rogue,subtlety,59,32,27
23323,Fivepoint,blackmoore,1652,rogue,subtlety,30,20,10
23324,Säxnthecrity,blackmoore,1650,rogue,subtlety,189,99,90
23325,Subsònik,tarren-mill,1645,rogue,subtlety,52,31,21
23326,Getschwîfty,ravencrest,1639,rogue,subtlety,27,18,9
23327,Handuil,blackmoore,1639,rogue,subtlety,107,58,49
23328,Dancex,kazzak,1634,rogue,subtlety,42,28,14
23329,Liarø,archimonde,1633,rogue,subtlety,93,49,44
23330,Ipresskidney,tarren-mill,1629,rogue,subtlety,117,68,49
23331,Denjastwo,archimonde,1628,rogue,subtlety,24,17,7
23332,Doritomix,dun-modr,1628,rogue,subtlety,44,26,18
23333,Lânnïster,kazzak,1626,rogue,subtlety,42,20,22
23334,Ishízu,exodar,1625,rogue,subtlety,54,24,30
23335,Keophz,tarren-mill,1623,rogue,subtlety,54,41,13
23336,Asm,the-maelstrom,1622,rogue,subtlety,40,20,20
23337,Tinylol,dun-morogh,1620,rogue,subtlety,48,29,19
23338,Tanssy,ragnaros,1610,rogue,subtlety,50,28,22
23339,Namelless,twisting-nether,1609,rogue,subtlety,72,34,38
23340,Zømbië,kazzak,1604,rogue,subtlety,96,46,50
23341,Ratirl,kult-der-verdammten,1603,rogue,subtlety,30,19,11
23342,Aszaryn,magtheridon,1601,rogue,subtlety,54,32,22
23343,Calestrian,tarren-mill,1601,rogue,subtlety,42,21,21
23344,Ninjaassasin,aegwynn,1600,rogue,subtlety,70,41,29
23345,Кишмякх,howling-fjord,1599,rogue,subtlety,72,24,48
23346,Trapstar,stormscale,1596,rogue,subtlety,60,32,28
23347,Vensq,drakthul,1596,rogue,subtlety,36,19,17
23348,Mâêl,blackmoore,1593,rogue,subtlety,125,62,63
23349,Dìsørderx,ravencrest,1590,rogue,subtlety,48,26,22
23350,Txm,argent-dawn,1590,rogue,subtlety,36,18,18
23351,Sniiky,kazzak,1586,rogue,subtlety,138,76,62
23352,Baldoh,kazzak,1584,rogue,subtlety,36,24,12
23353,Norlix,ravencrest,1583,rogue,subtlety,36,20,16
23354,Вр,blackscar,1582,rogue,subtlety,30,18,12
23355,Морзо,howling-fjord,1582,rogue,subtlety,66,39,27
23356,Oxyrog,ravencrest,1580,rogue,subtlety,42,22,20
23357,Хавиа,gordunni,1579,rogue,subtlety,35,21,14
23358,Shyy,dun-modr,1568,rogue,subtlety,42,20,22
23359,Ÿøßø,archimonde,1567,rogue,subtlety,36,19,17
23360,Saptrinket,stormscale,1566,rogue,subtlety,65,27,38
23361,Azirios,kazzak,1565,rogue,subtlety,42,20,22
23362,Зорго,deathguard,1564,rogue,subtlety,60,34,26
23363,Lotorr,burning-legion,1558,rogue,subtlety,29,17,12
23364,Monero,thrall,1557,rogue,subtlety,49,30,19
23365,Kire,daggerspine,1550,rogue,subtlety,59,30,29
23366,Exanimu,ravencrest,1550,rogue,subtlety,132,58,74
23367,Эренх,gordunni,1549,rogue,subtlety,110,60,50
23368,Shaeni,silvermoon,1548,rogue,subtlety,78,44,34
23369,Starfighter,pozzo-delleternità,1548,rogue,subtlety,61,30,31
23370,Huej,tarren-mill,1544,rogue,subtlety,102,66,36
23371,Voki,dalaran,1542,rogue,subtlety,81,46,35
23372,Evivalarte,burning-legion,1542,rogue,subtlety,48,26,22
23373,Madisonivyqt,blackmoore,1540,rogue,subtlety,42,22,20
23374,Meldee,burning-legion,1539,rogue,subtlety,42,21,21
23375,Shoxy,ravencrest,1534,rogue,subtlety,33,17,16
23376,Zzemzza,kazzak,1533,rogue,subtlety,29,17,12
23377,Cøntrøl,stormreaver,1531,rogue,subtlety,90,49,41
23378,Sinist,twisting-nether,1531,rogue,subtlety,50,23,27
23379,Ванэйти,gordunni,1529,rogue,subtlety,235,124,111
23380,Susquehanna,ragnaros,1527,rogue,subtlety,48,22,26
23381,Djswaghetti,stormscale,1525,rogue,subtlety,30,16,14
23382,Zilemjr,stormscale,1522,rogue,subtlety,36,22,14
23383,Kidknee,outland,1522,rogue,subtlety,36,18,18
23384,Rogueas,stormscale,1521,rogue,subtlety,41,25,16
23385,Chizué,sylvanas,1520,rogue,subtlety,24,16,8
23386,Meccura,silvermoon,1513,rogue,subtlety,51,29,22
23387,Zodracir,scarshield-legion,1512,rogue,subtlety,36,17,19
23388,Skýfire,ravencrest,1512,rogue,subtlety,42,19,23
23389,Ramses,onyxia,1508,rogue,subtlety,54,23,31
23390,Jaikka,archimonde,1507,rogue,subtlety,24,17,7
23391,Mortnoïre,naxxramas,1500,rogue,subtlety,36,20,16
23392,Mxx,stormscale,1499,rogue,subtlety,116,70,46
23393,Nihilix,dalaran,1499,rogue,subtlety,42,18,24
23394,Daggerdashx,ravencrest,1491,rogue,subtlety,187,110,77
23395,Абисиан,soulflayer,1490,rogue,subtlety,78,42,36
23396,Dødgez,cthun,1489,rogue,subtlety,28,16,12
23397,Шпилля,gordunni,1487,rogue,subtlety,77,38,39
23398,Эдкенуэй,gordunni,1486,rogue,subtlety,107,60,47
23399,Tonaxstab,ragnaros,1484,rogue,subtlety,36,19,17
23400,Miiløx,silvermoon,1484,rogue,subtlety,47,20,27
23401,Ibizå,ravencrest,1477,rogue,subtlety,36,18,18
23402,Teba,cthun,1474,rogue,subtlety,34,19,15
23403,Счастливое,howling-fjord,1472,rogue,subtlety,38,19,19
23404,Sashikorosu,archimonde,1471,rogue,subtlety,45,30,15
23405,Бэрнии,howling-fjord,1467,rogue,subtlety,54,25,29
23406,Tripleníne,silvermoon,1464,rogue,subtlety,59,34,25
23407,Loopermann,silvermoon,1463,rogue,subtlety,40,20,20
23408,Anr,burning-legion,1461,rogue,subtlety,29,16,13
23409,Lilrookie,argent-dawn,1458,rogue,subtlety,92,56,36
23410,Шадовкилер,blackscar,1458,rogue,subtlety,66,34,32
23411,Johnnyprep,ravencrest,1454,rogue,subtlety,54,29,25
23412,Sacrehptit,naxxramas,1451,rogue,subtlety,30,20,10
23413,Nightq,tarren-mill,1450,rogue,subtlety,57,34,23
23414,Yourexwifey,ravencrest,1450,rogue,subtlety,86,47,39
23415,Дернирог,howling-fjord,1449,rogue,subtlety,38,21,17
23416,Chimp,darksorrow,1449,rogue,subtlety,41,22,19
23417,Onlyluvhurt,dun-modr,1448,rogue,subtlety,88,47,41
23418,Зенофар,soulflayer,1441,rogue,subtlety,103,48,55
23419,Rat,mazrigos,1440,rogue,subtlety,24,15,9
23420,Inyria,outland,1438,rogue,subtlety,118,61,57
23421,Críppléz,ravencrest,1438,rogue,subtlety,48,24,24
23422,Dêlaral,blackhand,1437,rogue,subtlety,30,15,15
23423,Jáyjay,antonidas,1437,rogue,subtlety,54,23,31
23424,Тира,grom,1436,rogue,subtlety,30,15,15
23425,Calpic,sanguino,1435,rogue,subtlety,54,32,22
23426,Ruck,madmortem,1434,rogue,subtlety,30,18,12
23427,Смекрус,soulflayer,1434,rogue,subtlety,46,25,21
23428,Abej,malygos,1432,rogue,subtlety,36,15,21
23429,Morgan,argent-dawn,1431,rogue,subtlety,60,35,25
23430,Absol,hellscream,1430,rogue,subtlety,36,22,14
23431,Spr,malfurion,1430,rogue,subtlety,82,45,37
23432,Deathcvlt,hyjal,1428,rogue,subtlety,84,41,43
23433,Magepèt,tarren-mill,1426,rogue,subtlety,30,15,15
23434,Grifika,outland,1425,rogue,subtlety,47,25,22
23435,Elfreyja,archimonde,1413,rogue,subtlety,63,30,33
23436,Maroshko,argent-dawn,1411,rogue,subtlety,30,16,14
23437,Сабик,howling-fjord,1410,rogue,subtlety,24,17,7
23438,Wraithh,minahonda,1409,rogue,subtlety,42,25,17
23439,Grzech,burning-legion,1408,rogue,subtlety,60,28,32
23440,Xãwé,kazzak,1405,rogue,subtlety,33,19,14
23441,Memphismp,drakthul,1404,rogue,subtlety,29,15,14
23442,Binbág,draenor,1402,rogue,subtlety,48,33,15
23443,Svddendeath,ragnaros,1401,rogue,subtlety,42,21,21
23444,Sumsarx,ravencrest,1400,rogue,subtlety,77,38,39
23445,Xblackhole,tarren-mill,1393,rogue,subtlety,65,32,33
23446,Winwin,silvermoon,1391,rogue,subtlety,91,59,32
23447,Grindz,ravencrest,1391,rogue,subtlety,148,78,70
23448,Ñavy,archimonde,1391,rogue,subtlety,66,29,37
23449,Billybang,outland,1372,rogue,subtlety,65,36,29
23450,Appatras,tarren-mill,1369,rogue,subtlety,23,15,8
23451,Behindü,frostmane,1368,rogue,subtlety,54,27,27
23452,Zx,frostmane,1368,rogue,subtlety,30,15,15
23453,Жабоклик,gordunni,1363,rogue,subtlety,56,27,29
23454,Gankbang,frostmane,1363,rogue,subtlety,78,35,43
23455,Dópamine,hyjal,1362,rogue,subtlety,28,15,13
23456,Zourkan,archimonde,1353,rogue,subtlety,119,67,52
23457,Gamezcorex,aegwynn,1353,rogue,subtlety,52,22,30
23458,Trimøná,gorgonnash,1351,rogue,subtlety,24,15,9
23459,Dàwn,boulderfist,1349,rogue,subtlety,46,25,21
23460,Nìghtwalker,ravencrest,1342,rogue,subtlety,58,28,30
23461,Smøkyyx,eredar,1342,rogue,subtlety,30,14,16
23462,Лолелт,howling-fjord,1341,rogue,subtlety,24,14,10
23463,Tripx,ravencrest,1340,rogue,subtlety,121,64,57
23464,Lechatbotté,tarren-mill,1339,rogue,subtlety,24,16,8
23465,Featfawkes,ragnaros,1339,rogue,subtlety,24,14,10
23466,Achterom,tarren-mill,1338,rogue,subtlety,68,26,42
23467,Rantie,eredar,1336,rogue,subtlety,24,14,10
23468,Воронкхал,ashenvale,1336,rogue,subtlety,30,14,16
23469,Dölf,archimonde,1335,rogue,subtlety,59,32,27
23470,Knutten,wildhammer,1334,rogue,subtlety,24,14,10
23471,Yakio,silvermoon,1334,rogue,subtlety,48,19,29
23472,Roguebot,draenor,1333,rogue,subtlety,29,16,13
23473,Monoxid,eredar,1330,rogue,subtlety,39,20,19
23474,Бэтх,soulflayer,1326,rogue,subtlety,36,21,15
23475,Tyrly,ravencrest,1325,rogue,subtlety,58,29,29
23476,Nexieane,ravencrest,1324,rogue,subtlety,72,39,33
23477,Bleeds,thrall,1324,rogue,subtlety,47,24,23
23478,Azovrouge,terokkar,1323,rogue,subtlety,84,45,39
23479,Zerozsub,tarren-mill,1322,rogue,subtlety,48,28,20
23480,Солевыегубки,gordunni,1322,rogue,subtlety,24,14,10
23481,Хасилей,booty-bay,1317,rogue,subtlety,26,15,11
23482,Daekrun,argent-dawn,1317,rogue,subtlety,44,22,22
23483,Leepz,outland,1314,rogue,subtlety,30,17,13
23484,Xeggy,turalyon,1311,rogue,subtlety,88,53,35
23485,Silnce,outland,1311,rogue,subtlety,30,15,15
23486,Старллесс,gordunni,1310,rogue,subtlety,125,63,62
23487,Моямайя,eversong,1306,rogue,subtlety,24,14,10
23488,Ворейн,howling-fjord,1306,rogue,subtlety,42,18,24
23489,Levíeus,blackrock,1305,rogue,subtlety,90,52,38
23490,Sicariø,argent-dawn,1301,rogue,subtlety,53,25,28
23491,Luckeri,antonidas,1300,rogue,subtlety,66,32,34
23492,Ryzem,archimonde,1291,rogue,subtlety,166,90,76
23493,Ракфорн,howling-fjord,1289,rogue,subtlety,48,21,27
23494,Qiiss,stormscale,1284,rogue,subtlety,30,17,13
23495,Прошмандэ,gordunni,1282,rogue,subtlety,30,15,15
23496,Swâggerino,kazzak,1280,rogue,subtlety,62,32,30
23497,Subzy,burning-legion,1278,rogue,subtlety,64,36,28
23498,Backcracker,thunderhorn,1274,rogue,subtlety,30,15,15
23499,Zanaken,stormscale,1273,rogue,subtlety,69,35,34
23500,Althieves,ravencrest,1272,rogue,subtlety,41,22,19
23501,Guiltythief,stormscale,1272,rogue,subtlety,37,18,19
23502,Шикорро,soulflayer,1266,rogue,subtlety,36,18,18
23503,Latscholol,malorne,1260,rogue,subtlety,44,25,19
23504,Usainßreak,chogall,1258,rogue,subtlety,24,14,10
23505,Callboy,turalyon,1256,rogue,subtlety,42,20,22
23506,Zergroidz,kazzak,1251,rogue,subtlety,48,22,26
23507,Рестинписер,soulflayer,1249,rogue,subtlety,114,57,57
23508,Slapshot,das-konsortium,1247,rogue,subtlety,24,13,11
23509,Sunå,archimonde,1247,rogue,subtlety,24,13,11
23510,Тучёна,soulflayer,1243,rogue,subtlety,42,25,17
23511,Pfourtwenty,eredar,1243,rogue,subtlety,24,13,11
23512,Лэйкиро,gordunni,1239,rogue,subtlety,24,13,11
23513,Skillissuex,tarren-mill,1238,rogue,subtlety,69,40,29
23514,Ézzah,blackhand,1236,rogue,subtlety,75,30,45
23515,Sénsorium,draenor,1235,rogue,subtlety,89,41,48
23516,Пораменяться,gordunni,1233,rogue,subtlety,87,37,50
23517,Xaiko,baelgun,1232,rogue,subtlety,27,19,8
23518,Ithilyien,blackmoore,1232,rogue,subtlety,44,16,28
23519,Diazz,aegwynn,1231,rogue,subtlety,24,13,11
23520,Jugalos,ravencrest,1230,rogue,subtlety,35,13,22
23521,Kïdney,stormscale,1228,rogue,subtlety,48,26,22
23522,Adwl,archimonde,1226,rogue,subtlety,45,20,25
23523,Ултра,gordunni,1217,rogue,subtlety,81,38,43
23524,Akira,outland,1215,rogue,subtlety,48,27,21
23525,Местьбучи,howling-fjord,1214,rogue,subtlety,30,13,17
23526,Sapperinö,sylvanas,1214,rogue,subtlety,30,13,17
23527,Ксионас,gordunni,1212,rogue,subtlety,82,36,46
23528,Wøølfgang,archimonde,1209,rogue,subtlety,66,30,36
23529,Architeggt,eredar,1209,rogue,subtlety,38,14,24
23530,Gansull,nemesis,1207,rogue,subtlety,30,13,17
23531,Коффемолка,ashenvale,1204,rogue,subtlety,60,25,35
23532,Ganker,antonidas,1202,rogue,subtlety,30,15,15
23533,Avøry,antonidas,1201,rogue,subtlety,30,13,17
23534,Чайрлайн,blackscar,1190,rogue,subtlety,40,17,23
23535,Arrzhan,silvermoon,1184,rogue,subtlety,28,19,9
23536,Hashlund,stormscale,1181,rogue,subtlety,38,17,21
23537,Воруюнарынке,gordunni,1180,rogue,subtlety,68,45,23
23538,Tinyshank,drakthul,1173,rogue,subtlety,20,13,7
23539,Сладкийперец,borean-tundra,1172,rogue,subtlety,52,24,28
23540,Darkan,kaelthas,1159,rogue,subtlety,48,29,19
23541,Stin,blackrock,1155,rogue,subtlety,82,31,51
23542,Howton,archimonde,1152,rogue,subtlety,18,12,6
23543,Skitzo,ravencrest,1152,rogue,subtlety,24,12,12
23544,Moroz,ravencrest,1150,rogue,subtlety,24,12,12
23545,Salakelmi,sylvanas,1149,rogue,subtlety,18,12,6
23546,Darkxenojiva,blackmoore,1146,rogue,subtlety,24,12,12
23547,Kickcake,ravencrest,1144,rogue,subtlety,30,12,18
23548,Jaydeeñ,ravencrest,1142,rogue,subtlety,30,12,18
23549,Sâybyëbæ,dun-modr,1142,rogue,subtlety,30,12,18
23550,Jomoama,norgannon,1142,rogue,subtlety,36,14,22
23551,Veryscaryguý,twisting-nether,1140,rogue,subtlety,18,12,6
23552,ßøß,ysondre,1135,rogue,subtlety,44,21,23
23553,Trímønâ,gorgonnash,1134,rogue,subtlety,30,12,18
23554,Smoothiè,twisting-nether,1128,rogue,subtlety,36,14,22
23555,Stuxothug,silvermoon,1126,rogue,subtlety,43,25,18
23556,Thehand,eonar,1126,rogue,subtlety,42,24,18
23557,Faelylanea,argent-dawn,1122,rogue,subtlety,36,16,20
23558,Янимагу,soulflayer,1122,rogue,subtlety,47,18,29
23559,Exbandit,sanguino,1118,rogue,subtlety,18,12,6
23560,Попочке,soulflayer,1116,rogue,subtlety,18,13,5
23561,Xkebyzlobg,outland,1112,rogue,subtlety,23,12,11
23562,Coronababy,argent-dawn,1111,rogue,subtlety,24,13,11
23563,Ambushmike,gorgonnash,1107,rogue,subtlety,30,13,17
23564,Sênsus,antonidas,1106,rogue,subtlety,62,22,40
23565,Unreallx,silvermoon,1102,rogue,subtlety,80,36,44
23566,Kryptonite,nemesis,1092,rogue,subtlety,28,12,16
23567,Yüm,burning-blade,1087,rogue,subtlety,59,25,34
23568,Blantek,defias-brotherhood,1083,rogue,subtlety,30,16,14
23569,Whaiipy,ravencrest,1081,rogue,subtlety,74,44,30
23570,Fastspectre,ravencrest,1077,rogue,subtlety,48,26,22
23571,Stâr,archimonde,1077,rogue,subtlety,28,13,15
23572,Löka,amanthul,1071,rogue,subtlety,117,59,58
23573,Псиихооз,eversong,1070,rogue,subtlety,25,13,12
23574,Cesârion,antonidas,1069,rogue,subtlety,118,47,71
23575,Protolink,zuljin,1061,rogue,subtlety,36,13,23
23576,Скорпеон,deathguard,1059,rogue,subtlety,24,17,7
23577,Çhimaev,ravencrest,1056,rogue,subtlety,16,12,4
23578,Elnyasha,ravencrest,1056,rogue,subtlety,24,11,13
23579,Roundrobin,ravencrest,1056,rogue,subtlety,30,11,19
23580,Vögue,burning-legion,1055,rogue,subtlety,18,11,7
23581,Флеймсфорт,gordunni,1055,rogue,subtlety,35,16,19
23582,Kleptomancy,sylvanas,1054,rogue,subtlety,18,11,7
23583,Exiv,ragnaros,1053,rogue,subtlety,30,11,19
23584,Nirvána,outland,1051,rogue,subtlety,53,26,27
23585,Maam,ravencrest,1046,rogue,subtlety,18,11,7
23586,Розбэйник,gordunni,1039,rogue,subtlety,30,16,14
23587,Ithru,twisting-nether,1035,rogue,subtlety,102,51,51
23588,Drakaess,archimonde,1032,rogue,subtlety,24,11,13
23589,Горланг,ashenvale,1031,rogue,subtlety,29,15,14
23590,Зебол,howling-fjord,1024,rogue,subtlety,36,17,19
23591,Yamoshí,sanguino,1024,rogue,subtlety,34,15,19
23592,Рэйбэк,howling-fjord,1024,rogue,subtlety,30,11,19
23593,Lovetospoon,ravencrest,1013,rogue,subtlety,31,13,18
23594,Pochîta,blackrock,1013,rogue,subtlety,41,17,24
23595,Mercìles,kazzak,1009,rogue,subtlety,37,22,15
23596,Сабанутый,howling-fjord,1002,rogue,subtlety,72,38,34
23597,Obsçuritý,ragnaros,1001,rogue,subtlety,35,17,18
23598,Leylaris,argent-dawn,998,rogue,subtlety,30,12,18
23599,Sassasine,amanthul,997,rogue,subtlety,40,17,23
23600,Drakhez,sanguino,995,rogue,subtlety,18,12,6
23601,Cuckboy,chogall,995,rogue,subtlety,43,25,18
23602,Lêgòlàs,blackmoore,983,rogue,subtlety,32,15,17
23603,Thicck,twisting-nether,980,rogue,subtlety,48,13,35
23604,Mâtâtâ,die-ewige-wacht,979,rogue,subtlety,23,15,8
23605,Narar,stormscale,974,rogue,subtlety,18,11,7
23606,Niinim,draenor,971,rogue,subtlety,81,42,39
23607,Mannheim,kazzak,968,rogue,subtlety,42,23,19
23608,Пузэн,howling-fjord,964,rogue,subtlety,18,12,6
23609,Sákiqt,ravencrest,960,rogue,subtlety,18,10,8
23610,Fîññ,ravencrest,960,rogue,subtlety,18,10,8
23611,Нойсеен,gordunni,960,rogue,subtlety,18,10,8
23612,Såj,tarren-mill,960,rogue,subtlety,24,10,14
23613,Noboorstsub,ravencrest,959,rogue,subtlety,12,10,2
23614,Øê,ravencrest,955,rogue,subtlety,21,10,11
23615,Анивиана,howling-fjord,955,rogue,subtlety,24,10,14
23616,Fugly,ragnaros,955,rogue,subtlety,26,10,16
23617,Rêve,the-maelstrom,954,rogue,subtlety,18,10,8
23618,Asine,boulderfist,954,rogue,subtlety,24,10,14
23619,Káríc,draenor,953,rogue,subtlety,18,10,8
23620,Oazo,ysondre,951,rogue,subtlety,35,13,22
23621,Pixelrogue,argent-dawn,946,rogue,subtlety,16,11,5
23622,Mishøna,kazzak,939,rogue,subtlety,73,41,32
23623,Rêdbello,dun-morogh,937,rogue,subtlety,36,20,16
23624,Hemorhoid,outland,929,rogue,subtlety,72,38,34
23625,Frequenzalfa,silvermoon,926,rogue,subtlety,22,11,11
23626,Koutzai,stormscale,925,rogue,subtlety,29,10,19
23627,Kezaay,silvermoon,923,rogue,subtlety,24,13,11
23628,Aeønaxx,hyjal,915,rogue,subtlety,48,21,27
23629,Fizgaroth,argent-dawn,911,rogue,subtlety,24,13,11
23630,Sycko,alakir,908,rogue,subtlety,30,16,14
23631,Wìzléy,ravencrest,904,rogue,subtlety,30,16,14
23632,Sentaria,argent-dawn,903,rogue,subtlety,36,18,18
23633,Saroumani,eitrigg,891,rogue,subtlety,30,16,14
23634,Katarïnä,khaz-modan,887,rogue,subtlety,24,11,13
23635,Беточка,gordunni,883,rogue,subtlety,24,11,13
23636,Ecray,burning-legion,877,rogue,subtlety,30,14,16
23637,Kouru,outland,871,rogue,subtlety,25,10,15
23638,Kostik,ravencrest,864,rogue,subtlety,12,9,3
23639,Фрозенденс,gordunni,864,rogue,subtlety,12,9,3
23640,Cheapshotwin,nethersturm,864,rogue,subtlety,12,9,3
23641,Whaazlysnipz,tarren-mill,864,rogue,subtlety,12,9,3
23642,Rãz,stormscale,864,rogue,subtlety,12,9,3
23643,Randomidiot,ravencrest,864,rogue,subtlety,12,9,3
23644,Axroa,blackmoore,864,rogue,subtlety,18,9,9
23645,Deadraw,aegwynn,864,rogue,subtlety,18,9,9
23646,Ðéstr,ravencrest,864,rogue,subtlety,18,9,9
23647,Geá,ravencrest,864,rogue,subtlety,18,9,9
23648,Amén,sanguino,864,rogue,subtlety,24,9,15
23649,Cørek,blackhand,863,rogue,subtlety,18,9,9
23650,Háttori,twisting-nether,863,rogue,subtlety,18,9,9
23651,Ryvz,ravencrest,863,rogue,subtlety,24,9,15
23652,Márto,archimonde,863,rogue,subtlety,24,9,15
23653,Shízzel,blackhand,862,rogue,subtlety,18,9,9
23654,Crixor,blackrock,861,rogue,subtlety,12,9,3
23655,Дакоока,soulflayer,861,rogue,subtlety,12,9,3
23656,Opaska,ravencrest,861,rogue,subtlety,24,9,15
23657,Eightball,frostmane,859,rogue,subtlety,18,9,9
23658,Jaqenhghar,pozzo-delleternità,859,rogue,subtlety,18,9,9
23659,Sequoja,blackrock,858,rogue,subtlety,24,9,15
23660,Finkle,blackmoore,856,rogue,subtlety,24,9,15
23661,Антиппод,razuvious,854,rogue,subtlety,15,10,5
23662,Mckk,tarren-mill,853,rogue,subtlety,18,9,9
23663,Vampor,sylvanas,852,rogue,subtlety,30,9,21
23664,Dainhek,gilneas,841,rogue,subtlety,31,14,17
23665,Liquidgaba,ravencrest,840,rogue,subtlety,60,26,34
23666,Duzhel,kazzak,812,rogue,subtlety,17,9,8
23667,Тайнушка,soulflayer,806,rogue,subtlety,30,9,21
23668,Bloodsmell,outland,798,rogue,subtlety,11,9,2
23669,Skene,sanguino,780,rogue,subtlety,35,13,22
23670,Danori,grim-batol,768,rogue,subtlety,12,8,4
23671,Lilbubblegum,emerald-dream,768,rogue,subtlety,12,8,4
23672,Djdillá,kazzak,768,rogue,subtlety,12,8,4
23673,Фрозенблейдс,gordunni,768,rogue,subtlety,12,8,4
23674,Fivepointx,blackmoore,768,rogue,subtlety,12,8,4
23675,Devourswine,argent-dawn,768,rogue,subtlety,12,8,4
23676,Ziqqi,thrall,768,rogue,subtlety,12,8,4
23677,Whoton,archimonde,768,rogue,subtlety,16,9,7
23678,Amuini,magtheridon,768,rogue,subtlety,18,8,10
23679,Zygzäg,hyjal,768,rogue,subtlety,18,8,10
23680,Ач,gordunni,768,rogue,subtlety,18,8,10
23681,Løre,blackrock,768,rogue,subtlety,24,8,16
23682,Neyokqt,blackrock,767,rogue,subtlety,12,8,4
23683,Ferrãof,aggra-português,767,rogue,subtlety,12,8,4
23684,Zëkke,sanguino,767,rogue,subtlety,12,8,4
23685,Bamsejuicee,kazzak,767,rogue,subtlety,12,8,4
23686,Misantropia,nemesis,767,rogue,subtlety,12,8,4
23687,Jenz,blackmoore,767,rogue,subtlety,18,8,10
23688,Mdadx,stormreaver,767,rogue,subtlety,18,8,10
23689,Aahz,tarren-mill,767,rogue,subtlety,18,8,10
23690,Akwaaba,ravencrest,767,rogue,subtlety,21,9,12
23691,Nâzaar,antonidas,766,rogue,subtlety,12,8,4
23692,Vanéry,ravencrest,766,rogue,subtlety,12,8,4
23693,Jkrx,draenor,766,rogue,subtlety,18,8,10
23694,Jqmie,ravencrest,766,rogue,subtlety,18,8,10
23695,Sokillu,silvermoon,766,rogue,subtlety,18,8,10
23696,Poughkeepsie,outland,765,rogue,subtlety,18,8,10
23697,Люняшка,booty-bay,765,rogue,subtlety,18,8,10
23698,Tripoid,draenor,765,rogue,subtlety,24,8,16
23699,Purexrogue,dragonblight,764,rogue,subtlety,18,8,10
23700,Ojisanx,outland,764,rogue,subtlety,24,8,16
23701,Byonics,durotan,763,rogue,subtlety,12,8,4
23702,Deprress,silvermoon,762,rogue,subtlety,12,8,4
23703,Anala,stormreaver,761,rogue,subtlety,12,8,4
23704,Lenwe,blackmoore,755,rogue,subtlety,18,8,10
23705,Copoka,dun-morogh,753,rogue,subtlety,18,8,10
23706,Faable,silvermoon,742,rogue,subtlety,47,16,31
23707,Abomïñatïøñ,ravencrest,735,rogue,subtlety,30,10,20
23708,Rmp,khaz-modan,720,rogue,subtlety,30,9,21
23709,Jailkaz,thrall,713,rogue,subtlety,17,8,9
23710,Nakli,antonidas,713,rogue,subtlety,21,9,12
23711,Petsakos,ravencrest,713,rogue,subtlety,21,9,12
23712,Naiikaii,aegwynn,688,rogue,subtlety,14,8,6
23713,Рэкрейвон,gordunni,672,rogue,subtlety,12,7,5
23714,Droomprins,stormscale,672,rogue,subtlety,12,7,5
23715,Кумоо,gordunni,672,rogue,subtlety,12,7,5
23716,Änanké,outland,672,rogue,subtlety,12,7,5
23717,Belwarx,darksorrow,672,rogue,subtlety,18,7,11
23718,Социалистсс,gordunni,672,rogue,subtlety,18,7,11
23719,Azziinoth,ragnaros,672,rogue,subtlety,24,7,17
23720,Sheldowws,tarren-mill,671,rogue,subtlety,12,7,5
23721,Zeiden,sanguino,671,rogue,subtlety,12,7,5
23722,Nairobii,tarren-mill,671,rogue,subtlety,12,7,5
23723,Hyake,zuljin,671,rogue,subtlety,12,7,5
23724,Faptastíc,blackmoore,671,rogue,subtlety,12,7,5
23725,Reprouvette,dalaran,671,rogue,subtlety,12,7,5
23726,Cnac,stormscale,671,rogue,subtlety,12,7,5
23727,Anklash,blackrock,671,rogue,subtlety,16,7,9
23728,Shâdowfreeze,onyxia,671,rogue,subtlety,18,7,11
23729,Snack,burning-legion,671,rogue,subtlety,18,7,11
23730,Roronao,sanguino,671,rogue,subtlety,18,7,11
23731,Quq,kazzak,671,rogue,subtlety,18,7,11
23732,Teralala,kazzak,671,rogue,subtlety,18,7,11
23733,Daggoth,kiljaeden,671,rogue,subtlety,24,7,17
23734,Cataleýa,outland,670,rogue,subtlety,12,7,5
23735,Lepreuchan,archimonde,669,rogue,subtlety,12,7,5
23736,Axeldarq,draenor,669,rogue,subtlety,24,7,17
23737,Taniwa,archimonde,668,rogue,subtlety,24,7,17
23738,Pepperbox,twisting-nether,667,rogue,subtlety,12,7,5
23739,Cacucoxpahu,kazzak,666,rogue,subtlety,12,7,5
23740,Skankky,ragnaros,660,rogue,subtlety,12,7,5
23741,Ratolí,dun-modr,658,rogue,subtlety,12,7,5
23742,Nineball,frostmane,638,rogue,subtlety,17,7,10
23743,Maxtnulaujeu,archimonde,621,rogue,subtlety,17,7,10
23744,Actualcarry,dentarg,617,rogue,subtlety,12,8,4
23745,Thiranor,cthun,583,rogue,subtlety,13,7,6
23746,Дэмайо,gordunni,576,rogue,subtlety,6,6,0
23747,Naiikaii,antonidas,576,rogue,subtlety,6,6,0
23748,Whøråcle,tarren-mill,576,rogue,subtlety,6,6,0
23749,Strangeboy,ravencrest,576,rogue,subtlety,6,6,0
23750,Feradelia,thrall,576,rogue,subtlety,12,6,6
23751,Radgaa,draenor,576,rogue,subtlety,12,6,6
23752,Jljr,twisting-nether,576,rogue,subtlety,12,6,6
23753,Draytonlove,nemesis,576,rogue,subtlety,12,6,6
23754,Ibizà,ravencrest,576,rogue,subtlety,12,6,6
23755,Bizzarerogue,tarren-mill,576,rogue,subtlety,12,6,6
23756,Kyssme,archimonde,576,rogue,subtlety,12,6,6
23757,Carvyn,defias-brotherhood,576,rogue,subtlety,12,6,6
23758,Àlleyezonme,ravencrest,576,rogue,subtlety,12,6,6
23759,Smílèy,ravencrest,576,rogue,subtlety,12,6,6
23760,Rinj,antonidas,576,rogue,subtlety,12,6,6
23761,Jabbz,blackhand,576,rogue,subtlety,12,6,6
23762,Notôríous,ravencrest,576,rogue,subtlety,12,6,6
23763,Briggo,silvermoon,576,rogue,subtlety,12,6,6
23764,Deceptionz,ravencrest,576,rogue,subtlety,12,6,6
23765,Ðelvin,dalaran,576,rogue,subtlety,12,6,6
23766,Denjas,archimonde,576,rogue,subtlety,12,6,6
23767,Xiro,dalaran,576,rogue,subtlety,18,6,12
23768,Blihhubba,silvermoon,576,rogue,subtlety,24,6,18
23769,Aouron,archimonde,575,rogue,subtlety,12,6,6
23770,Сармонн,howling-fjord,575,rogue,subtlety,12,6,6
23771,Melfîce,blackhand,575,rogue,subtlety,12,6,6
23772,Пусякиллерх,gordunni,575,rogue,subtlety,12,6,6
23773,Stabymoose,draenor,575,rogue,subtlety,12,6,6
23774,Niapro,dun-morogh,575,rogue,subtlety,12,6,6
23775,Botnet,blackmoore,575,rogue,subtlety,12,6,6
23776,Rogueseanne,blackrock,575,rogue,subtlety,12,6,6
23777,Фордрэн,deathguard,575,rogue,subtlety,16,7,9
23778,Эрихард,howling-fjord,575,rogue,subtlety,17,6,11
23779,Hersuub,blackmoore,574,rogue,subtlety,12,6,6
23780,Jisz,doomhammer,574,rogue,subtlety,12,6,6
23781,Freddybst,twisting-nether,571,rogue,subtlety,12,6,6
23782,Lêvî,sanguino,569,rogue,subtlety,12,6,6
23783,Rhaacvar,magtheridon,566,rogue,subtlety,12,6,6
23784,Grikra,argent-dawn,566,rogue,subtlety,12,6,6
23785,Geroge,sylvanas,566,rogue,subtlety,12,6,6
23786,Grekén,bronze-dragonflight,558,rogue,subtlety,17,6,11
23787,Pavlo,nathrezim,543,rogue,subtlety,17,6,11
23788,Drspectres,tarren-mill,543,rogue,subtlety,30,6,24
23789,Zobrak,twisting-nether,542,rogue,subtlety,14,7,7
23790,Xulem,silvermoon,511,rogue,subtlety,10,6,4
23791,Malignance,drakthul,511,rogue,subtlety,14,7,7
23792,Knifeex,ravencrest,509,rogue,subtlety,20,6,14
23793,Чернабаев,soulflayer,480,rogue,subtlety,6,5,1
23794,Zep,auchindoun,480,rogue,subtlety,6,5,1
23795,Xyzonk,kazzak,480,rogue,subtlety,6,5,1
23796,Chazsakaï,chogall,480,rogue,subtlety,6,5,1
23797,Sfyr,ysondre,480,rogue,subtlety,6,5,1
23798,Бонястелс,gordunni,480,rogue,subtlety,6,5,1
23799,Фэйкуои,gordunni,480,rogue,subtlety,6,5,1
23800,Sÿkz,hyjal,480,rogue,subtlety,6,5,1
23801,Meshay,kazzak,480,rogue,subtlety,7,5,2
23802,Киднитучер,fordragon,480,rogue,subtlety,12,5,7
23803,Стеллакокс,howling-fjord,480,rogue,subtlety,12,5,7
23804,Lurk,saurfang,480,rogue,subtlety,12,5,7
23805,Jdç,tarren-mill,480,rogue,subtlety,12,5,7
23806,Khepaso,sanguino,480,rogue,subtlety,12,5,7
23807,Darkveil,xavius,480,rogue,subtlety,12,5,7
23808,Blazestórm,stormscale,480,rogue,subtlety,12,5,7
23809,Srtumor,zuljin,480,rogue,subtlety,12,5,7
23810,Deevoll,tarren-mill,480,rogue,subtlety,12,5,7
23811,Slicéndicé,wildhammer,480,rogue,subtlety,12,5,7
23812,Kleptomaniac,aggra-português,480,rogue,subtlety,12,5,7
23813,Loznah,outland,480,rogue,subtlety,12,5,7
23814,Releaserage,draenor,480,rogue,subtlety,12,5,7
23815,Akyô,archimonde,480,rogue,subtlety,12,5,7
23816,Röguelol,outland,480,rogue,subtlety,12,5,7
23817,Decoyed,sylvanas,480,rogue,subtlety,12,5,7
23818,Mzaa,ravencrest,480,rogue,subtlety,12,5,7
23819,Khazren,ravencrest,480,rogue,subtlety,12,5,7
23820,Кашеварить,gordunni,480,rogue,subtlety,12,5,7
23821,Фрозеншедов,gordunni,480,rogue,subtlety,12,5,7
23822,Slayered,burning-legion,480,rogue,subtlety,18,5,13
23823,Ajwenx,ravencrest,480,rogue,subtlety,18,5,13
23824,Ryxon,arathor,479,rogue,subtlety,12,5,7
23825,Houston,aegwynn,479,rogue,subtlety,12,5,7
23826,Sambä,sanguino,479,rogue,subtlety,12,5,7
23827,Smorcoolio,stormscale,479,rogue,subtlety,12,5,7
23828,Распяздяй,gordunni,479,rogue,subtlety,12,5,7
23829,Sayy,nemesis,479,rogue,subtlety,18,5,13
23830,Mozenn,draenor,478,rogue,subtlety,19,5,14
23831,Strikes,eredar,477,rogue,subtlety,6,5,1
23832,Эльтаэрон,gordunni,477,rogue,subtlety,12,5,7
23833,Приколдэсса,gordunni,477,rogue,subtlety,18,5,13
23834,Зацеп,gordunni,476,rogue,subtlety,12,5,7
23835,Mallaurya,dalaran,474,rogue,subtlety,12,5,7
23836,Cortzy,stormscale,448,rogue,subtlety,16,5,11
23837,Кумаме,howling-fjord,447,rogue,subtlety,11,5,6
23838,Райан,fordragon,431,rogue,subtlety,11,5,6
23839,Algopyrin,ragnaros,396,rogue,subtlety,13,5,8
23840,Cucumber,laughing-skull,384,rogue,subtlety,6,4,2
23841,Smörkniven,argent-dawn,384,rogue,subtlety,6,4,2
23842,Qylu,argent-dawn,384,rogue,subtlety,6,4,2
23843,Siele,twisting-nether,384,rogue,subtlety,6,4,2
23844,Pérplèxîty,thrall,384,rogue,subtlety,6,4,2
23845,Tomassian,veknilash,384,rogue,subtlety,6,4,2
23846,Нунас,soulflayer,384,rogue,subtlety,6,4,2
23847,Mol,defias-brotherhood,384,rogue,subtlety,6,4,2
23848,Mega,nordrassil,384,rogue,subtlety,6,4,2
23849,Nxnja,silvermoon,384,rogue,subtlety,6,4,2
23850,Йованов,gordunni,384,rogue,subtlety,6,4,2
23851,Sebik,ravencrest,384,rogue,subtlety,6,4,2
23852,Oczku,burning-legion,384,rogue,subtlety,6,4,2
23853,Weird,blackmoore,384,rogue,subtlety,6,4,2
23854,Ciosy,blackrock,384,rogue,subtlety,6,4,2
23855,Rakzena,ravencrest,384,rogue,subtlety,6,4,2
23856,Asmodal,antonidas,384,rogue,subtlety,6,4,2
23857,Cawzi,silvermoon,384,rogue,subtlety,6,4,2
23858,Pinnar,blackmoore,384,rogue,subtlety,6,4,2
23859,Blckrogue,bloodfeather,384,rogue,subtlety,6,4,2
23860,Ënd,ravencrest,384,rogue,subtlety,6,4,2
23861,Nopzs,outland,384,rogue,subtlety,6,4,2
23862,Джеанит,gordunni,384,rogue,subtlety,6,4,2
23863,Nøctürnë,archimonde,384,rogue,subtlety,6,4,2
23864,Læffgøðx,stormscale,384,rogue,subtlety,6,4,2
23865,Seeralex,anetheron,384,rogue,subtlety,6,4,2
23866,Marcel,blackrock,384,rogue,subtlety,6,4,2
23867,Møgzu,blackmoore,384,rogue,subtlety,6,4,2
23868,Ocklol,archimonde,384,rogue,subtlety,6,4,2
23869,Whiteløtûs,dun-modr,384,rogue,subtlety,12,4,8
23870,Berneo,burning-legion,384,rogue,subtlety,12,4,8
23871,Sátyrícon,ravencrest,384,rogue,subtlety,12,4,8
23872,Andrizle,blackmoore,384,rogue,subtlety,12,4,8
23873,Rímen,archimonde,384,rogue,subtlety,12,4,8
23874,Huprâ,ravencrest,384,rogue,subtlety,12,4,8
23875,Бейнс,howling-fjord,384,rogue,subtlety,12,4,8
23876,Erenyeagerx,kazzak,384,rogue,subtlety,12,4,8
23877,Roanz,stormreaver,384,rogue,subtlety,12,4,8
23878,Bloodwraith,stormscale,384,rogue,subtlety,12,4,8
23879,Yokze,ravencrest,384,rogue,subtlety,12,4,8
23880,Szabina,outland,384,rogue,subtlety,12,4,8
23881,Taishani,thrall,384,rogue,subtlety,12,4,8
23882,Zordochrog,kazzak,384,rogue,subtlety,12,4,8
23883,Máuul,ravencrest,384,rogue,subtlety,12,4,8
23884,Sxpped,stormscale,384,rogue,subtlety,12,4,8
23885,Очч,blackscar,384,rogue,subtlety,18,4,14
23886,Plot,zenedar,384,rogue,subtlety,18,4,14
23887,Galore,azjolnerub,384,rogue,subtlety,18,4,14
23888,Бллейз,gordunni,384,rogue,subtlety,18,4,14
23889,Vanishdotcom,blackrock,383,rogue,subtlety,6,4,2
23890,Бекро,gordunni,383,rogue,subtlety,6,4,2
23891,Charbiya,silvermoon,383,rogue,subtlety,6,4,2
23892,Всечтобыло,howling-fjord,382,rogue,subtlety,6,4,2
23893,Lolblizard,gorgonnash,382,rogue,subtlety,6,4,2
23894,Синграйм,soulflayer,382,rogue,subtlety,6,4,2
23895,Ashâa,hyjal,382,rogue,subtlety,6,4,2
23896,Nekros,chromaggus,379,rogue,subtlety,12,4,8
23897,Wurzelzepp,blackrock,335,rogue,subtlety,11,4,7
23898,Войенх,gordunni,320,rogue,subtlety,10,4,6
23899,Cozu,stormrage,317,rogue,subtlety,10,4,6
23900,Opiïum,ysondre,303,rogue,subtlety,7,4,3
23901,Кейнилин,gordunni,288,rogue,subtlety,6,3,3
23902,Alexandra,kazzak,288,rogue,subtlety,6,3,3
23903,Zayøn,outland,288,rogue,subtlety,6,3,3
23904,Halucinogeno,silvermoon,288,rogue,subtlety,6,3,3
23905,Pocketpaw,stormreaver,288,rogue,subtlety,6,3,3
23906,Roguanal,hyjal,288,rogue,subtlety,6,3,3
23907,Vanisshh,hyjal,288,rogue,subtlety,6,3,3
23908,Ezk,eredar,288,rogue,subtlety,6,3,3
23909,Pulvèr,dalaran,288,rogue,subtlety,6,3,3
23910,Sneakysáp,ravencrest,288,rogue,subtlety,6,3,3
23911,Waakie,frostmane,288,rogue,subtlety,6,3,3
23912,Shâdow,ravenholdt,288,rogue,subtlety,6,3,3
23913,Peeon,drakthul,288,rogue,subtlety,6,3,3
23914,Checkormate,aegwynn,288,rogue,subtlety,6,3,3
23915,Seregolas,argent-dawn,288,rogue,subtlety,6,3,3
23916,Baradiir,defias-brotherhood,288,rogue,subtlety,6,3,3
23917,Knifeparty,silvermoon,288,rogue,subtlety,6,3,3
23918,Qira,burning-blade,288,rogue,subtlety,6,3,3
23919,Xhemil,tarren-mill,288,rogue,subtlety,6,3,3
23920,Isucu,burning-legion,288,rogue,subtlety,6,3,3
23921,Kolto,argent-dawn,288,rogue,subtlety,6,3,3
23922,Shadxwstep,ravencrest,288,rogue,subtlety,6,3,3
23923,Sbx,alakir,288,rogue,subtlety,6,3,3
23924,Элисандресса,gordunni,288,rogue,subtlety,6,3,3
23925,Kerìon,nemesis,288,rogue,subtlety,6,3,3
23926,Валанбалас,soulflayer,288,rogue,subtlety,6,3,3
23927,Garou,blackhand,288,rogue,subtlety,6,3,3
23928,Røguøross,archimonde,288,rogue,subtlety,6,3,3
23929,Кеспул,soulflayer,288,rogue,subtlety,6,3,3
23930,Rindar,dun-modr,288,rogue,subtlety,6,3,3
23931,Sadgexd,draenor,288,rogue,subtlety,6,3,3
23932,Swiftyfan,silvermoon,288,rogue,subtlety,6,3,3
23933,Jawen,silvermoon,288,rogue,subtlety,6,3,3
23934,Viiltäjäjack,stormscale,288,rogue,subtlety,6,3,3
23935,Dimidimi,wildhammer,288,rogue,subtlety,6,3,3
23936,Aluneran,silvermoon,288,rogue,subtlety,6,3,3
23937,Nícks,tarren-mill,288,rogue,subtlety,6,3,3
23938,Pretylo,marécage-de-zangar,288,rogue,subtlety,6,3,3
23939,Flambî,dalaran,288,rogue,subtlety,6,3,3
23940,Synthaetic,draenor,288,rogue,subtlety,6,3,3
23941,Mekóz,draenor,288,rogue,subtlety,6,3,3
23942,Nhèl,stormscale,288,rogue,subtlety,6,3,3
23943,Izzyb,auchindoun,288,rogue,subtlety,6,3,3
23944,Gøldzahn,antonidas,288,rogue,subtlety,6,3,3
23945,Uareincombat,drakthul,288,rogue,subtlety,11,3,8
23946,Kongnognog,ragnaros,288,rogue,subtlety,12,3,9
23947,Kïbs,dalaran,288,rogue,subtlety,12,3,9
23948,Coolspot,archimonde,288,rogue,subtlety,12,3,9
23949,Ристоврация,gordunni,288,rogue,subtlety,12,3,9
23950,Mns,drakthul,288,rogue,subtlety,12,3,9
23951,Bú,nemesis,288,rogue,subtlety,12,3,9
23952,Rufinol,twisting-nether,288,rogue,subtlety,12,3,9
23953,Snøv,outland,288,rogue,subtlety,12,3,9
23954,Izame,archimonde,288,rogue,subtlety,12,3,9
23955,Envenoman,ravencrest,288,rogue,subtlety,12,3,9
23956,Zavebe,nathrezim,288,rogue,subtlety,12,3,9
23957,Skíll,sanguino,288,rogue,subtlety,12,3,9
23958,Princip,drakthul,288,rogue,subtlety,12,3,9
23959,Siktiritos,malganis,288,rogue,subtlety,12,3,9
23960,Pestctrl,argent-dawn,288,rogue,subtlety,12,3,9
23961,Vancleéf,sylvanas,288,rogue,subtlety,12,3,9
23962,Воробнальщик,soulflayer,288,rogue,subtlety,12,3,9
23963,Ñú,ravencrest,288,rogue,subtlety,12,3,9
23964,Zoldyck,bloodhoof,288,rogue,subtlety,12,3,9
23965,Xéshon,tarren-mill,288,rogue,subtlety,12,3,9
23966,Кэйтлис,howling-fjord,288,rogue,subtlety,12,3,9
23967,Djinnx,malganis,288,rogue,subtlety,12,3,9
23968,Xyúmopjoßblú,ravencrest,288,rogue,subtlety,12,3,9
23969,Cbrook,sylvanas,288,rogue,subtlety,12,3,9
23970,Puge,norgannon,288,rogue,subtlety,12,3,9
23971,Helcof,emerald-dream,288,rogue,subtlety,12,3,9
23972,Sinxgødx,outland,288,rogue,subtlety,18,3,15
23973,Liirja,twisting-nether,288,rogue,subtlety,18,3,15
23974,Téhashcéé,archimonde,287,rogue,subtlety,6,3,3
23975,Gingahboy,doomhammer,287,rogue,subtlety,6,3,3
23976,Styggvanas,tarren-mill,287,rogue,subtlety,15,4,11
23977,Боузи,howling-fjord,287,rogue,subtlety,12,3,9
23978,Skeeto,blackmoore,287,rogue,subtlety,12,3,9
23979,Furrooscuro,sanguino,287,rogue,subtlety,12,3,9
23980,Ракельяр,blackscar,286,rogue,subtlety,6,3,3
23981,Cesar,blackhand,286,rogue,subtlety,6,3,3
23982,Jontor,deathwing,286,rogue,subtlety,12,3,9
23983,Davshadows,magtheridon,286,rogue,subtlety,12,3,9
23984,Madlain,jaedenar,255,rogue,subtlety,8,4,4
23985,Juuzou,outland,239,rogue,subtlety,5,3,2
23986,Iwillberone,ravencrest,239,rogue,subtlety,11,3,8
23987,Лиргенвард,deathguard,239,rogue,subtlety,17,3,14
23988,Imnotnice,terenas,192,rogue,subtlety,9,3,6
23989,Recondite,doomhammer,192,rogue,subtlety,6,2,4
23990,Chuckloriss,garona,192,rogue,subtlety,6,2,4
23991,Dedka,hyjal,192,rogue,subtlety,6,2,4
23992,Gosleep,stormscale,192,rogue,subtlety,6,2,4
23993,Smøth,ysondre,192,rogue,subtlety,6,2,4
23994,Feylia,terenas,192,rogue,subtlety,6,2,4
23995,Skaterboy,stormscale,192,rogue,subtlety,6,2,4
23996,Mojojina,theradras,192,rogue,subtlety,6,2,4
23997,Vanisha,outland,192,rogue,subtlety,6,2,4
23998,Пандафей,deathweaver,192,rogue,subtlety,6,2,4
23999,Elnos,conseil-des-ombres,192,rogue,subtlety,6,2,4
24000,Stigh,twisting-nether,192,rogue,subtlety,6,2,4
24001,Oldschool,sanguino,192,rogue,subtlety,6,2,4
24002,Deadchivalry,argent-dawn,192,rogue,subtlety,6,2,4
24003,Decrios,outland,192,rogue,subtlety,6,2,4
24004,Igel,antonidas,192,rogue,subtlety,6,2,4
24005,Inviscuz,draenor,192,rogue,subtlety,6,2,4
24006,Duo,karazhan,192,rogue,subtlety,6,2,4
24007,Giftknirps,silvermoon,192,rogue,subtlety,6,2,4
24008,Ît,stormscale,192,rogue,subtlety,6,2,4
24009,Xanders,draenor,192,rogue,subtlety,6,2,4
24010,Режупополам,howling-fjord,192,rogue,subtlety,6,2,4
24011,Reyzumi,antonidas,192,rogue,subtlety,6,2,4
24012,Selecta,bloodhoof,192,rogue,subtlety,6,2,4
24013,Evilbiscuit,quelthalas,192,rogue,subtlety,6,2,4
24014,Katara,antonidas,192,rogue,subtlety,6,2,4
24015,Nÿst,khaz-modan,192,rogue,subtlety,6,2,4
24016,Botsrogue,kazzak,192,rogue,subtlety,6,2,4
24017,Pøggerhontas,antonidas,192,rogue,subtlety,6,2,4
24018,Isseen,burning-legion,192,rogue,subtlety,6,2,4
24019,Рогаупорога,howling-fjord,192,rogue,subtlety,6,2,4
24020,Грустныйрог,gordunni,192,rogue,subtlety,6,2,4
24021,Шмарамышь,soulflayer,192,rogue,subtlety,6,2,4
24022,Stormhardt,stormscale,192,rogue,subtlety,6,2,4
24023,Shibaii,archimonde,192,rogue,subtlety,6,2,4
24024,Sohnisch,azshara,192,rogue,subtlety,6,2,4
24025,Ilyrya,azuremyst,192,rogue,subtlety,6,2,4
24026,Canelitae,minahonda,192,rogue,subtlety,6,2,4
24027,Saanka,eredar,192,rogue,subtlety,6,2,4
24028,Ellira,stormscale,192,rogue,subtlety,6,2,4
24029,Haikyu,blackhand,192,rogue,subtlety,6,2,4
24030,Скиррона,gordunni,192,rogue,subtlety,6,2,4
24031,Byaow,ravencrest,192,rogue,subtlety,6,2,4
24032,Bananashow,aegwynn,192,rogue,subtlety,6,2,4
24033,Zte,frostmane,192,rogue,subtlety,6,2,4
24034,Stealthyist,darkmoon-faire,192,rogue,subtlety,6,2,4
24035,Le,stormreaver,192,rogue,subtlety,6,2,4
24036,Голадриель,gordunni,192,rogue,subtlety,6,2,4
24037,Ksunq,hyjal,192,rogue,subtlety,6,2,4
24038,Sigleif,argent-dawn,192,rogue,subtlety,6,2,4
24039,Рикимартини,gordunni,192,rogue,subtlety,6,2,4
24040,Wrathed,stormreaver,192,rogue,subtlety,6,2,4
24041,Røxxilly,blackmoore,192,rogue,subtlety,6,2,4
24042,Fatedancer,outland,192,rogue,subtlety,6,2,4
24043,Fatnutsac,eredar,192,rogue,subtlety,6,2,4
24044,Aikaza,blackmoore,192,rogue,subtlety,6,2,4
24045,Greiskull,cthun,192,rogue,subtlety,15,3,12
24046,Verstopt,azjolnerub,192,rogue,subtlety,12,2,10
24047,Acheravar,antonidas,192,rogue,subtlety,12,2,10
24048,Shacopaco,zuljin,192,rogue,subtlety,12,2,10
24049,Zyklvn,zuljin,192,rogue,subtlety,12,2,10
24050,Lylestra,neptulon,192,rogue,subtlety,12,2,10
24051,Jackpot,sargeras,192,rogue,subtlety,12,2,10
24052,Bauwten,ravencrest,192,rogue,subtlety,12,2,10
24053,Pandagonstab,shadowsong,192,rogue,subtlety,12,2,10
24054,Refundlands,kazzak,192,rogue,subtlety,12,2,10
24055,Delenor,stormscale,192,rogue,subtlety,12,2,10
24056,Destrektor,kazzak,192,rogue,subtlety,12,2,10
24057,Cabalion,draenor,191,rogue,subtlety,6,2,4
24058,Mamus,tarren-mill,191,rogue,subtlety,6,2,4
24059,Энвитио,gordunni,191,rogue,subtlety,6,2,4
24060,Singularität,silvermoon,191,rogue,subtlety,6,2,4
24061,Killboom,rexxar,191,rogue,subtlety,12,2,10
24062,Cutscene,argent-dawn,159,rogue,subtlety,5,2,3
24063,Feinted,kazzak,159,rogue,subtlety,11,2,9
24064,Sicu,malganis,138,rogue,subtlety,10,4,6
24065,Rhûlf,ravencrest,138,rogue,subtlety,16,4,12
24066,Bandèra,ragnaros,138,rogue,subtlety,15,3,12
24067,Idrîl,rashgarroth,137,rogue,subtlety,9,3,6
24068,Эбиб,soulflayer,128,rogue,subtlety,4,2,2
24069,Pzylol,anetheron,96,rogue,subtlety,3,2,1
24070,Loom,sylvanas,96,rogue,subtlety,3,2,1
24071,Songoro,tirion,96,rogue,subtlety,3,2,1
24072,Элонли,gordunni,96,rogue,subtlety,6,1,5
24073,Stealthi,stormscale,96,rogue,subtlety,6,1,5
24074,Кингксу,gordunni,96,rogue,subtlety,6,1,5
24075,Førtñîtégøðx,eredar,96,rogue,subtlety,6,1,5
24076,Гламурятина,gordunni,96,rogue,subtlety,6,1,5
24077,Стронг,soulflayer,96,rogue,subtlety,6,1,5
24078,Verk,twilights-hammer,96,rogue,subtlety,6,1,5
24079,Malborko,ravencrest,96,rogue,subtlety,6,1,5
24080,Ömme,archimonde,96,rogue,subtlety,6,1,5
24081,Мадарец,howling-fjord,96,rogue,subtlety,6,1,5
24082,Àrléngødx,kazzak,96,rogue,subtlety,6,1,5
24083,Kidneyou,ragnaros,96,rogue,subtlety,6,1,5
24084,Nøtiçe,kazzak,96,rogue,subtlety,6,1,5
24085,Loulina,outland,96,rogue,subtlety,6,1,5
24086,Nohks,blackmoore,96,rogue,subtlety,6,1,5
24087,Letheus,stormscale,96,rogue,subtlety,6,1,5
24088,Outride,outland,96,rogue,subtlety,6,1,5
24089,Neskagrall,aegwynn,96,rogue,subtlety,6,1,5
24090,Lookbehîndu,aegwynn,96,rogue,subtlety,6,1,5
24091,Backstabjr,blackmoore,96,rogue,subtlety,6,1,5
24092,Tàazz,archimonde,96,rogue,subtlety,6,1,5
24093,Fintex,ravencrest,96,rogue,subtlety,6,1,5
24094,Twinkyzzö,archimonde,96,rogue,subtlety,6,1,5
24095,Takenòtes,nemesis,96,rogue,subtlety,6,1,5
24096,Edaniel,draenor,96,rogue,subtlety,6,1,5
24097,Nerkmind,ragnaros,96,rogue,subtlety,6,1,5
24098,Korteina,darkmoon-faire,96,rogue,subtlety,6,1,5
24099,Chøsen,stormscale,96,rogue,subtlety,6,1,5
24100,Könän,dalaran,96,rogue,subtlety,6,1,5
24101,Rnghero,blackmoore,96,rogue,subtlety,6,1,5
24102,Hyrule,onyxia,96,rogue,subtlety,6,1,5
24103,Тварьебаная,howling-fjord,96,rogue,subtlety,6,1,5
24104,Darkkstep,blackmoore,96,rogue,subtlety,6,1,5
24105,Zappsarap,onyxia,96,rogue,subtlety,6,1,5
24106,Nomota,sanguino,96,rogue,subtlety,6,1,5
24107,Kunigunde,shattered-hand,96,rogue,subtlety,6,1,5
24108,Lëmönhäzë,dun-modr,96,rogue,subtlety,6,1,5
24109,Stabie,twisting-nether,96,rogue,subtlety,12,1,11
24110,Lkzx,archimonde,96,rogue,subtlety,12,1,11
24111,Calmrusgirl,ravenholdt,96,rogue,subtlety,12,1,11
24112,Azzineth,silvermoon,96,rogue,subtlety,12,1,11
24113,Альдинг,howling-fjord,96,rogue,subtlety,12,1,11
24114,Critneyspear,runetotem,96,rogue,subtlety,12,1,11
24115,Owlcat,argent-dawn,95,rogue,subtlety,6,1,5
24116,Nesth,silvermoon,79,rogue,subtlety,5,1,4
24117,Digmorre,drakthul,79,rogue,subtlety,5,1,4
24118,Domiqs,blackhand,63,rogue,subtlety,2,2,0
24119,Paranoiaqt,outland,48,rogue,subtlety,3,1,2
24120,Ридлли,soulflayer,48,rogue,subtlety,3,1,2
24121,Dendriodidit,kazzak,31,rogue,subtlety,2,1,1
24122,Aæ,stormscale,2112,rogue,assassination,125,65,60
24123,Rightplay,outland,2112,rogue,assassination,90,45,45
24124,Naláa,ravencrest,2107,rogue,assassination,88,45,43
24125,Shadenox,ravencrest,2104,rogue,assassination,329,164,165
24126,Ewyna,silvermoon,2103,rogue,assassination,93,49,44
24127,Fánsly,silvermoon,2102,rogue,assassination,78,40,38
24128,Shadeniz,ravencrest,2046,rogue,assassination,71,33,38
24129,Mentol,stormscale,1985,rogue,assassination,59,45,14
24130,Visuáls,antonidas,1950,rogue,assassination,81,38,43
24131,Tyreall,drakthul,1910,rogue,assassination,89,42,47
24132,Watchmeyoe,ravencrest,1904,rogue,assassination,78,44,34
24133,Vulrin,argent-dawn,1899,rogue,assassination,77,44,33
24134,Oggish,tarren-mill,1890,rogue,assassination,72,28,44
24135,Buffassa,ravencrest,1886,rogue,assassination,89,54,35
24136,Venomblood,sanguino,1872,rogue,assassination,65,29,36
24137,Chínerox,thunderhorn,1864,rogue,assassination,200,98,102
24138,Vayyel,silvermoon,1854,rogue,assassination,166,78,88
24139,Asàd,draenor,1841,rogue,assassination,47,30,17
24140,Baboonx,burning-legion,1839,rogue,assassination,72,31,41
24141,Sadgexd,draenor,1814,rogue,assassination,52,26,26
24142,Prei,hyjal,1812,rogue,assassination,84,42,42
24143,Shadeco,ravencrest,1811,rogue,assassination,60,29,31
24144,Пожилойпуп,gordunni,1811,rogue,assassination,54,26,28
24145,Shipshot,blackrock,1809,rogue,assassination,62,37,25
24146,Mortecieca,ravencrest,1809,rogue,assassination,42,22,20
24147,Lookåtme,ravencrest,1808,rogue,assassination,48,20,28
24148,Eiscreme,blackmoore,1802,rogue,assassination,95,50,45
24149,Heavý,argent-dawn,1802,rogue,assassination,97,46,51
24150,Ридлли,soulflayer,1783,rogue,assassination,59,29,30
24151,Ohdaesu,aegwynn,1782,rogue,assassination,102,42,60
24152,Dáydreamín,draenor,1772,rogue,assassination,60,27,33
24153,Bestjkbetter,ravencrest,1760,rogue,assassination,48,23,25
24154,Blindlol,emerald-dream,1759,rogue,assassination,78,41,37
24155,Pheq,ravencrest,1759,rogue,assassination,60,25,35
24156,Çhïñêsémøñkè,argent-dawn,1743,rogue,assassination,120,66,54
24157,Gøldzahn,antonidas,1743,rogue,assassination,88,39,49
24158,Riskyx,draenor,1727,rogue,assassination,49,19,30
24159,Youcrymydear,outland,1711,rogue,assassination,66,31,35
24160,Awaaylol,stormscale,1706,rogue,assassination,136,64,72
24161,Richï,outland,1701,rogue,assassination,69,28,41
24162,Rinj,antonidas,1693,rogue,assassination,89,37,52
24163,Акиоми,gordunni,1691,rogue,assassination,102,57,45
24164,Çhïñêsérøqüè,tarren-mill,1691,rogue,assassination,77,33,44
24165,Sotro,dun-modr,1690,rogue,assassination,66,26,40
24166,Йа,gordunni,1689,rogue,assassination,51,28,23
24167,Варэль,borean-tundra,1689,rogue,assassination,185,94,91
24168,Mazeken,kazzak,1688,rogue,assassination,53,21,32
24169,Играючестно,howling-fjord,1686,rogue,assassination,30,19,11
24170,Limítless,tarren-mill,1684,rogue,assassination,42,27,15
24171,Fíìp,drakthul,1682,rogue,assassination,138,62,76
24172,Howfastiam,ravencrest,1680,rogue,assassination,72,39,33
24173,Drenched,turalyon,1678,rogue,assassination,125,59,66
24174,Слаадкий,gordunni,1669,rogue,assassination,100,44,56
24175,Skali,tarren-mill,1663,rogue,assassination,75,37,38
24176,Peeon,drakthul,1659,rogue,assassination,73,26,47
24177,Justkiddning,blackmoore,1636,rogue,assassination,72,45,27
24178,Shøz,kazzak,1631,rogue,assassination,42,18,24
24179,Monski,ravencrest,1631,rogue,assassination,54,21,33
24180,Кэпс,blackscar,1625,rogue,assassination,66,39,27
24181,Naiikaii,antonidas,1624,rogue,assassination,42,17,25
24182,Мистеркрэпс,howling-fjord,1624,rogue,assassination,47,19,28
24183,Костялом,howling-fjord,1623,rogue,assassination,36,17,19
24184,Cander,kazzak,1621,rogue,assassination,72,32,40
24185,Keeke,outland,1619,rogue,assassination,54,28,26
24186,Shookyz,zuljin,1615,rogue,assassination,54,27,27
24187,Iwillcapyou,twisting-nether,1614,rogue,assassination,54,25,29
24188,Únk,dalaran,1611,rogue,assassination,63,32,31
24189,Warbell,ravencrest,1606,rogue,assassination,96,35,61
24190,Nîllá,blackmoore,1600,rogue,assassination,42,18,24
24191,Ockzy,archimonde,1592,rogue,assassination,75,39,36
24192,Пусякиллерх,gordunni,1584,rogue,assassination,79,33,46
24193,Lacusdark,draenor,1579,rogue,assassination,41,18,23
24194,Войенх,gordunni,1578,rogue,assassination,204,96,108
24195,Xeeana,ravencrest,1563,rogue,assassination,60,35,25
24196,Shikamouflé,archimonde,1537,rogue,assassination,136,65,71
24197,Silesi,kazzak,1534,rogue,assassination,108,58,50
24198,Cntrlld,ravencrest,1532,rogue,assassination,36,16,20
24199,Knutten,wildhammer,1526,rogue,assassination,102,47,55
24200,Precious,sylvanas,1525,rogue,assassination,91,36,55
24201,Flogue,area-52,1514,rogue,assassination,73,27,46
24202,Weakrat,kult-der-verdammten,1508,rogue,assassination,36,22,14
24203,Synergize,stormreaver,1508,rogue,assassination,115,54,61
24204,Лёнтролль,blackscar,1505,rogue,assassination,45,22,23
24205,Argapu,stormscale,1503,rogue,assassination,78,32,46
24206,Zaintsas,tarren-mill,1500,rogue,assassination,62,31,31
24207,Nùgz,area-52,1498,rogue,assassination,119,65,54
24208,Кайсити,gordunni,1495,rogue,assassination,30,16,14
24209,Freemmr,draenor,1488,rogue,assassination,95,52,43
24210,Hidinginash,twisting-nether,1486,rogue,assassination,56,31,25
24211,Shaokiz,sylvanas,1485,rogue,assassination,48,25,23
24212,Søsaboy,nemesis,1483,rogue,assassination,54,26,28
24213,Волнорес,eversong,1481,rogue,assassination,76,39,37
24214,Kãlí,blackmoore,1481,rogue,assassination,140,67,73
24215,Eizan,outland,1478,rogue,assassination,48,27,21
24216,Pieksig,blackmoore,1478,rogue,assassination,60,28,32
24217,ßênz,archimonde,1475,rogue,assassination,84,40,44
24218,Diazz,aegwynn,1473,rogue,assassination,119,56,63
24219,Шмарамышь,soulflayer,1463,rogue,assassination,66,31,35
24220,Axoic,ravencrest,1433,rogue,assassination,48,23,25
24221,Ванэйти,gordunni,1429,rogue,assassination,78,40,38
24222,Ppollito,hyjal,1429,rogue,assassination,96,49,47
24223,Moneylake,stormscale,1428,rogue,assassination,24,15,9
24224,Artésia,archimonde,1428,rogue,assassination,36,19,17
24225,Nìghtwalker,ravencrest,1428,rogue,assassination,50,24,26
24226,Luftpumpe,blackrock,1425,rogue,assassination,63,35,28
24227,Teseiga,aegwynn,1424,rogue,assassination,128,55,73
24228,Belsazar,azshara,1418,rogue,assassination,138,67,71
24229,Загляденье,gordunni,1418,rogue,assassination,42,15,27
24230,Sadìra,echsenkessel,1414,rogue,assassination,36,15,21
24231,Recondite,doomhammer,1413,rogue,assassination,30,20,10
24232,Grzech,burning-legion,1408,rogue,assassination,76,40,36
24233,Vennomous,darkspear,1408,rogue,assassination,125,61,64
24234,Koreanrogue,archimonde,1406,rogue,assassination,24,15,9
24235,Патайчик,soulflayer,1403,rogue,assassination,60,32,28
24236,Arkblenderx,silvermoon,1401,rogue,assassination,82,41,41
24237,Piñotxo,sanguino,1377,rogue,assassination,41,17,24
24238,Ciaordel,sylvanas,1372,rogue,assassination,75,36,39
24239,Negrim,dun-modr,1370,rogue,assassination,62,25,37
24240,Intecto,twisting-nether,1361,rogue,assassination,34,19,15
24241,Haikyu,blackhand,1354,rogue,assassination,72,31,41
24242,Candycc,burning-legion,1353,rogue,assassination,49,25,24
24243,Синигурай,soulflayer,1353,rogue,assassination,36,18,18
24244,Alnaddafrog,outland,1352,rogue,assassination,42,25,17
24245,Sneakysloth,ravencrest,1352,rogue,assassination,35,15,20
24246,Dirtyz,dun-modr,1351,rogue,assassination,67,35,32
24247,Cýphia,amanthul,1351,rogue,assassination,69,32,37
24248,Batsu,alleria,1346,rogue,assassination,42,18,24
24249,Synthaetic,draenor,1341,rogue,assassination,76,40,36
24250,Markø,twisting-nether,1341,rogue,assassination,54,22,32
24251,Роземсти,gordunni,1328,rogue,assassination,65,37,28
24252,Finanzamtlg,blackrock,1328,rogue,assassination,36,19,17
24253,Dé,ragnaros,1323,rogue,assassination,30,14,16
24254,Sigleif,argent-dawn,1309,rogue,assassination,61,28,33
24255,Raiyqyu,archimonde,1307,rogue,assassination,75,36,39
24256,Асиксх,blackscar,1307,rogue,assassination,30,14,16
24257,Pathicus,stormreaver,1297,rogue,assassination,64,32,32
24258,Gadûz,kazzak,1295,rogue,assassination,44,17,27
24259,Flawlesser,kazzak,1294,rogue,assassination,39,19,20
24260,Effectz,ragnaros,1290,rogue,assassination,55,28,27
24261,Zokush,archimonde,1284,rogue,assassination,35,15,20
24262,Zizmo,deathwing,1284,rogue,assassination,60,20,40
24263,Элирэй,fordragon,1282,rogue,assassination,35,14,21
24264,Lixht,the-maelstrom,1279,rogue,assassination,30,16,14
24265,Izze,thrall,1265,rogue,assassination,48,17,31
24266,Nuguri,blackrock,1262,rogue,assassination,27,15,12
24267,Veronkierto,stormreaver,1259,rogue,assassination,78,42,36
24268,Djnelly,stormreaver,1253,rogue,assassination,42,25,17
24269,Сайгакк,galakrond,1248,rogue,assassination,58,30,28
24270,Sumiftw,drakthul,1244,rogue,assassination,36,13,23
24271,Ру,galakrond,1243,rogue,assassination,24,13,11
24272,Stabbinu,burning-legion,1243,rogue,assassination,24,13,11
24273,Zerocell,kazzak,1240,rogue,assassination,60,29,31
24274,Mexxn,antonidas,1240,rogue,assassination,43,20,23
24275,Dime,silvermoon,1239,rogue,assassination,90,47,43
24276,Orcrogue,khadgar,1236,rogue,assassination,24,13,11
24277,Sáinz,malganis,1233,rogue,assassination,35,15,20
24278,Gankbang,frostmane,1225,rogue,assassination,54,21,33
24279,Nukubu,draenor,1224,rogue,assassination,88,35,53
24280,Trollohlol,malganis,1220,rogue,assassination,36,17,19
24281,Sneakypeeki,sylvanas,1217,rogue,assassination,29,13,16
24282,Pitøu,outland,1205,rogue,assassination,36,17,19
24283,Kariinthuul,aegwynn,1205,rogue,assassination,48,20,28
24284,Bennyweth,argent-dawn,1205,rogue,assassination,42,16,26
24285,Yokze,ravencrest,1201,rogue,assassination,60,23,37
24286,Килларан,howling-fjord,1200,rogue,assassination,29,16,13
24287,Roguening,tarren-mill,1190,rogue,assassination,35,13,22
24288,Sùbzerø,archimonde,1186,rogue,assassination,23,13,10
24289,Kuttunga,ravencrest,1182,rogue,assassination,35,16,19
24290,Кайдарра,eversong,1182,rogue,assassination,30,13,17
24291,Röllz,ysondre,1172,rogue,assassination,36,13,23
24292,Lelíth,ravencrest,1167,rogue,assassination,29,13,16
24293,Satiiva,terokkar,1159,rogue,assassination,48,18,30
24294,Grøax,ragnaros,1151,rogue,assassination,24,12,12
24295,Мастдаггер,goldrinn,1148,rogue,assassination,18,12,6
24296,Зоти,lich-king,1146,rogue,assassination,24,12,12
24297,Mewen,sanguino,1146,rogue,assassination,24,12,12
24298,Unterweger,die-aldor,1145,rogue,assassination,23,13,10
24299,Unshaken,dun-modr,1145,rogue,assassination,30,12,18
24300,Poughkeepsie,outland,1138,rogue,assassination,24,12,12
24301,Редфилд,blackscar,1138,rogue,assassination,24,12,12
24302,Bonejaw,tarren-mill,1137,rogue,assassination,30,14,16
24303,Veliza,twisting-nether,1135,rogue,assassination,30,14,16
24304,Stôrpîx,drakthul,1131,rogue,assassination,26,12,14
24305,Скулипёс,howling-fjord,1124,rogue,assassination,23,15,8
24306,Цилана,gordunni,1122,rogue,assassination,24,14,10
24307,Missesinvis,blackmoore,1118,rogue,assassination,25,14,11
24308,Petsakos,ravencrest,1113,rogue,assassination,35,12,23
24309,Lastsight,burning-legion,1102,rogue,assassination,27,13,14
24310,Oshä,dalaran,1102,rogue,assassination,30,13,17
24311,Yvÿ,archimonde,1101,rogue,assassination,24,12,12
24312,Elûnè,silvermoon,1097,rogue,assassination,30,14,16
24313,Swarge,silvermoon,1096,rogue,assassination,176,81,95
24314,Krimos,archimonde,1090,rogue,assassination,30,17,13
24315,Gravestam,sunstrider,1085,rogue,assassination,36,17,19
24316,Alltaïr,ravencrest,1076,rogue,assassination,81,44,37
24317,Tootskie,outland,1072,rogue,assassination,30,12,18
24318,Nighteshift,silvermoon,1064,rogue,assassination,36,14,22
24319,Azonaticus,hyjal,1059,rogue,assassination,28,13,15
24320,Boskönigt,ragnaros,1056,rogue,assassination,36,17,19
24321,Goshîmoshî,stormscale,1056,rogue,assassination,30,11,19
24322,Fatnutsac,eredar,1055,rogue,assassination,24,11,13
24323,Trollmeat,twisting-nether,1055,rogue,assassination,30,11,19
24324,Jimaal,stormscale,1051,rogue,assassination,30,11,19
24325,Dîspatchx,defias-brotherhood,1046,rogue,assassination,24,11,13
24326,Zélla,twisting-nether,1044,rogue,assassination,24,11,13
24327,Pasarelo,dun-modr,1041,rogue,assassination,95,45,50
24328,Кэйлфрут,gordunni,1040,rogue,assassination,18,11,7
24329,Subyo,eredar,1038,rogue,assassination,30,11,19
24330,Seleyese,draenor,1034,rogue,assassination,30,13,17
24331,Nevelon,chogall,1033,rogue,assassination,78,33,45
24332,Sladen,ghostlands,1032,rogue,assassination,24,11,13
24333,Jupitor,argent-dawn,1030,rogue,assassination,36,16,20
24334,Dykumah,sanguino,1016,rogue,assassination,24,11,13
24335,Maroshko,argent-dawn,1015,rogue,assassination,23,11,12
24336,Lovetospoon,ravencrest,1014,rogue,assassination,30,14,16
24337,Lesale,turalyon,1011,rogue,assassination,36,16,20
24338,Фуллблайнд,gordunni,1006,rogue,assassination,27,11,16
24339,Pinchoto,sanguino,1004,rogue,assassination,36,19,17
24340,Tre,eredar,998,rogue,assassination,35,15,20
24341,Undîsputed,blackmoore,994,rogue,assassination,39,12,27
24342,Brunhityx,ravencrest,991,rogue,assassination,17,11,6
24343,Hopejé,ravencrest,985,rogue,assassination,26,11,15
24344,Rubberducky,argent-dawn,960,rogue,assassination,12,10,2
24345,Изифаза,deathguard,960,rogue,assassination,18,10,8
24346,Blawann,argent-dawn,959,rogue,assassination,18,10,8
24347,Miistermaen,outland,959,rogue,assassination,30,10,20
24348,Koopa,argent-dawn,959,rogue,assassination,42,10,32
24349,Gârrík,blackhand,954,rogue,assassination,18,10,8
24350,Eightball,frostmane,954,rogue,assassination,18,10,8
24351,Noxxra,blackhand,954,rogue,assassination,24,10,14
24352,Raetoc,turalyon,951,rogue,assassination,18,10,8
24353,Джэкман,soulflayer,950,rogue,assassination,12,10,2
24354,Tirgo,aegwynn,946,rogue,assassination,138,67,71
24355,Чернаясоска,eversong,942,rogue,assassination,29,16,13
24356,Прнхабочка,gordunni,937,rogue,assassination,30,17,13
24357,Coastguard,twisting-nether,937,rogue,assassination,24,11,13
24358,Eniyah,tarren-mill,927,rogue,assassination,17,10,7
24359,Snakeshiv,ravenholdt,919,rogue,assassination,24,12,12
24360,Dredge,kaelthas,919,rogue,assassination,43,14,29
24361,Вотымразь,howling-fjord,916,rogue,assassination,33,15,18
24362,Tez,malganis,909,rogue,assassination,23,10,13
24363,Dezxxyox,dun-modr,900,rogue,assassination,24,10,14
24364,Márto,archimonde,896,rogue,assassination,22,10,12
24365,Jústina,die-aldor,894,rogue,assassination,48,19,29
24366,Ороти,greymane,891,rogue,assassination,20,12,8
24367,Darkkstep,blackmoore,890,rogue,assassination,24,11,13
24368,Макггара,soulflayer,884,rogue,assassination,137,61,76
24369,Løuvees,archimonde,881,rogue,assassination,64,29,35
24370,Kaigodd,twisting-nether,879,rogue,assassination,32,16,16
24371,Dallrend,stormscale,875,rogue,assassination,60,22,38
24372,Bauwten,ravencrest,866,rogue,assassination,24,12,12
24373,Skýhigh,ravencrest,864,rogue,assassination,12,9,3
24374,Ålùnæh,azjolnerub,864,rogue,assassination,18,9,9
24375,Watergirlx,ravencrest,864,rogue,assassination,18,9,9
24376,Angeldarky,silvermoon,864,rogue,assassination,24,9,15
24377,Yopti,tarren-mill,864,rogue,assassination,24,9,15
24378,Npkx,outland,863,rogue,assassination,24,9,15
24379,Erion,silvermoon,863,rogue,assassination,30,9,21
24380,Purplereign,frostmane,860,rogue,assassination,84,40,44
24381,Борщичок,gordunni,858,rogue,assassination,12,9,3
24382,Norlix,ravencrest,856,rogue,assassination,18,9,9
24383,Babysteps,the-maelstrom,856,rogue,assassination,18,9,9
24384,Kuxion,zuljin,847,rogue,assassination,24,10,14
24385,Gillette,guldan,847,rogue,assassination,66,26,40
24386,Ressputini,emeriss,841,rogue,assassination,17,9,8
24387,Паштетмашин,booty-bay,841,rogue,assassination,18,9,9
24388,Reginlief,argent-dawn,835,rogue,assassination,44,22,22
24389,Lorena,ravencrest,826,rogue,assassination,17,9,8
24390,Îlihad,zuljin,824,rogue,assassination,42,16,26
24391,Tranxéne,hyjal,821,rogue,assassination,18,9,9
24392,Yuffi,ysondre,803,rogue,assassination,23,11,12
24393,Lilze,ravencrest,803,rogue,assassination,36,13,23
24394,Nojdobra,tarren-mill,782,rogue,assassination,19,9,10
24395,Mores,anetheron,781,rogue,assassination,24,9,15
24396,Sospiro,nemesis,779,rogue,assassination,22,9,13
24397,Dmfd,darksorrow,772,rogue,assassination,87,33,54
24398,Kidneyou,ragnaros,768,rogue,assassination,12,8,4
24399,Botsrogue,kazzak,768,rogue,assassination,18,8,10
24400,Lôre,blackrock,768,rogue,assassination,24,8,16
24401,Onlyluvhurt,dun-modr,768,rogue,assassination,24,8,16
24402,Meldee,burning-legion,767,rogue,assassination,18,8,10
24403,Xalupa,dun-modr,767,rogue,assassination,18,8,10
24404,Röguelol,outland,767,rogue,assassination,18,8,10
24405,Shadowcralls,blackmoore,767,rogue,assassination,18,8,10
24406,Bronxbomber,tarren-mill,766,rogue,assassination,18,8,10
24407,Obsçuritý,ragnaros,765,rogue,assassination,16,9,7
24408,Zobrak,twisting-nether,765,rogue,assassination,18,8,10
24409,Madlain,jaedenar,765,rogue,assassination,18,8,10
24410,Idkwatocall,stormscale,763,rogue,assassination,24,8,16
24411,Ingesa,blackhand,762,rogue,assassination,18,8,10
24412,Narsoule,ysondre,761,rogue,assassination,18,8,10
24413,Giftknirps,silvermoon,758,rogue,assassination,18,8,10
24414,Parker,frostmane,758,rogue,assassination,24,8,16
24415,Куррвабобер,borean-tundra,756,rogue,assassination,18,8,10
24416,Deragur,antonidas,733,rogue,assassination,18,8,10
24417,Cbrook,sylvanas,733,rogue,assassination,23,8,15
24418,Griveous,kazzak,732,rogue,assassination,14,9,5
24419,Rahes,stormscale,731,rogue,assassination,35,8,27
24420,Ninieu,kirin-tor,686,rogue,assassination,13,8,5
24421,Pyridoxin,blackmoore,672,rogue,assassination,12,7,5
24422,Twitchful,kazzak,672,rogue,assassination,12,7,5
24423,Like,aegwynn,672,rogue,assassination,12,7,5
24424,Köna,archimonde,672,rogue,assassination,18,7,11
24425,Eeros,kazzak,672,rogue,assassination,18,7,11
24426,Zilemjr,stormscale,672,rogue,assassination,18,7,11
24427,Ámbush,sylvanas,672,rogue,assassination,24,7,17
24428,Luketherogue,twisting-nether,672,rogue,assassination,24,7,17
24429,Jaqenhghar,pozzo-delleternità,672,rogue,assassination,24,7,17
24430,Rikdy,kazzak,672,rogue,assassination,30,7,23
24431,Givewallet,ravencrest,671,rogue,assassination,12,7,5
24432,Rîg,draenor,671,rogue,assassination,18,7,11
24433,Yassu,archimonde,671,rogue,assassination,18,7,11
24434,Hoodrogue,blackrock,671,rogue,assassination,18,7,11
24435,Kuzmin,die-aldor,671,rogue,assassination,18,7,11
24436,Поздоровайся,howling-fjord,670,rogue,assassination,12,7,5
24437,Julyshadows,kazzak,669,rogue,assassination,12,7,5
24438,Rogunelf,stormreaver,666,rogue,assassination,12,7,5
24439,Ashami,genjuros,666,rogue,assassination,18,7,11
24440,Imdma,defias-brotherhood,658,rogue,assassination,18,7,11
24441,Lannon,sylvanas,655,rogue,assassination,23,7,16
24442,Sessanali,silvermoon,655,rogue,assassination,30,7,23
24443,Niapro,dun-morogh,653,rogue,assassination,17,7,10
24444,Rêdbello,dun-morogh,651,rogue,assassination,18,7,11
24445,Ripgore,sylvanas,639,rogue,assassination,17,7,10
24446,Mozenn,draenor,622,rogue,assassination,15,7,8
24447,Bensollo,tarren-mill,622,rogue,assassination,17,7,10
24448,Jamesdarmody,twisting-nether,589,rogue,assassination,21,7,14
24449,Sachsun,outland,576,rogue,assassination,12,6,6
24450,Майндтрикс,blackscar,576,rogue,assassination,12,6,6
24451,Attylaria,rexxar,576,rogue,assassination,12,6,6
24452,Lírìa,argent-dawn,576,rogue,assassination,12,6,6
24453,Mollyperph,ravencrest,576,rogue,assassination,12,6,6
24454,Remindful,ravencrest,576,rogue,assassination,12,6,6
24455,Ритор,deathguard,576,rogue,assassination,12,6,6
24456,Diagnoze,silvermoon,576,rogue,assassination,12,6,6
24457,Awakeaf,outland,576,rogue,assassination,12,6,6
24458,Voetdown,blackmoore,576,rogue,assassination,12,6,6
24459,Бейнс,howling-fjord,576,rogue,assassination,12,6,6
24460,Flopsy,archimonde,576,rogue,assassination,12,6,6
24461,Lildretch,dun-morogh,576,rogue,assassination,12,6,6
24462,Necroli,kazzak,576,rogue,assassination,12,6,6
24463,Dnw,ravencrest,576,rogue,assassination,18,6,12
24464,Røler,ravencrest,576,rogue,assassination,18,6,12
24465,Blooddance,ragnaros,576,rogue,assassination,18,6,12
24466,Zte,frostmane,576,rogue,assassination,18,6,12
24467,Peqpen,ravencrest,575,rogue,assassination,12,6,6
24468,Malvaxxs,tarren-mill,575,rogue,assassination,12,6,6
24469,Hmwow,kazzak,575,rogue,assassination,12,6,6
24470,Rbgdowngrade,ravencrest,575,rogue,assassination,12,6,6
24471,Mystykal,twisting-nether,575,rogue,assassination,12,6,6
24472,Szabina,outland,575,rogue,assassination,12,6,6
24473,Chalkbag,blackrock,575,rogue,assassination,18,6,12
24474,Fkuwu,dalaran,575,rogue,assassination,24,6,18
24475,Stonecold,twilights-hammer,575,rogue,assassination,24,6,18
24476,Outofstuns,earthen-ring,574,rogue,assassination,18,7,11
24477,Tubes,dun-morogh,573,rogue,assassination,6,6,0
24478,Whiss,blackmoore,573,rogue,assassination,12,6,6
24479,Letheus,stormscale,573,rogue,assassination,18,6,12
24480,Tc,doomhammer,568,rogue,assassination,12,6,6
24481,Симус,lich-king,568,rogue,assassination,12,6,6
24482,Наджийа,lich-king,560,rogue,assassination,18,6,12
24483,Ûltraaxx,ysondre,528,rogue,assassination,15,6,9
24484,Stonyhavana,ravencrest,527,rogue,assassination,11,6,5
24485,Hadúr,stormscale,520,rogue,assassination,22,8,14
24486,Vanisha,outland,496,rogue,assassination,13,6,7
24487,Dnee,ravencrest,480,rogue,assassination,6,5,1
24488,Akira,outland,480,rogue,assassination,6,5,1
24489,Ðescartes,antonidas,480,rogue,assassination,6,5,1
24490,Babouill,ysondre,480,rogue,assassination,6,5,1
24491,Семёнтус,gordunni,480,rogue,assassination,6,5,1
24492,Эрихард,howling-fjord,480,rogue,assassination,12,5,7
24493,Sotri,dun-modr,480,rogue,assassination,12,5,7
24494,Reyzumi,antonidas,480,rogue,assassination,12,5,7
24495,Uzrigu,tarren-mill,480,rogue,assassination,12,5,7
24496,Иллвилл,soulflayer,480,rogue,assassination,12,5,7
24497,Exiv,ragnaros,480,rogue,assassination,12,5,7
24498,Malatang,thrall,480,rogue,assassination,12,5,7
24499,Йоио,howling-fjord,480,rogue,assassination,12,5,7
24500,Trickfulz,stormscale,480,rogue,assassination,12,5,7
24501,Liraia,eredar,480,rogue,assassination,12,5,7
24502,Рэкрейвон,gordunni,480,rogue,assassination,12,5,7
24503,Fixsap,aegwynn,480,rogue,assassination,12,5,7
24504,Patryk,silvermoon,480,rogue,assassination,12,5,7
24505,Morgan,argent-dawn,480,rogue,assassination,12,5,7
24506,Aikaza,blackmoore,480,rogue,assassination,12,5,7
24507,Скварлет,howling-fjord,480,rogue,assassination,12,5,7
24508,Hì,bronzebeard,480,rogue,assassination,12,5,7
24509,Nippzy,twisting-nether,480,rogue,assassination,12,5,7
24510,Gögel,draenor,480,rogue,assassination,12,5,7
24511,Ghðst,stormscale,480,rogue,assassination,12,5,7
24512,Babøønx,burning-legion,480,rogue,assassination,12,5,7
24513,Кишмякх,howling-fjord,480,rogue,assassination,12,5,7
24514,Exanimu,ravencrest,480,rogue,assassination,18,5,13
24515,Stealthi,stormscale,480,rogue,assassination,18,5,13
24516,Ambushgirl,ravencrest,480,rogue,assassination,18,5,13
24517,Аязлаая,blackscar,480,rogue,assassination,18,5,13
24518,Kenjí,silvermoon,480,rogue,assassination,18,5,13
24519,Republicano,cthun,480,rogue,assassination,18,5,13
24520,Wrathed,stormreaver,480,rogue,assassination,18,5,13
24521,Vizifyx,ravencrest,480,rogue,assassination,24,5,19
24522,Траста,fordragon,480,rogue,assassination,24,5,19
24523,Хэресс,soulflayer,479,rogue,assassination,6,5,1
24524,Finisher,sanguino,479,rogue,assassination,6,5,1
24525,Matarocho,ravencrest,479,rogue,assassination,12,5,7
24526,Leÿji,archimonde,479,rogue,assassination,12,5,7
24527,Nargun,archimonde,479,rogue,assassination,12,5,7
24528,Chiàntì,blackrock,479,rogue,assassination,12,5,7
24529,Shadowfangs,ravencrest,479,rogue,assassination,12,5,7
24530,Imissmop,darkspear,479,rogue,assassination,18,5,13
24531,Astefion,dalaran,479,rogue,assassination,24,5,19
24532,Azovrouge,terokkar,478,rogue,assassination,12,5,7
24533,Jacksoon,dun-morogh,477,rogue,assassination,18,5,13
24534,Owlcat,argent-dawn,475,rogue,assassination,12,5,7
24535,Razboy,dun-morogh,475,rogue,assassination,12,5,7
24536,Blackone,nemesis,473,rogue,assassination,18,5,13
24537,Якунька,soulflayer,447,rogue,assassination,11,5,6
24538,Deevoll,tarren-mill,447,rogue,assassination,20,6,14
24539,Bhabì,uldaman,431,rogue,assassination,11,5,6
24540,Rhâpsødýx,twisting-nether,426,rogue,assassination,14,6,8
24541,Refundlands,kazzak,426,rogue,assassination,15,6,9
24542,Mâêl,blackmoore,426,rogue,assassination,16,6,10
24543,Bluehell,sanguino,415,rogue,assassination,10,5,5
24544,Jaxck,sylvanas,384,rogue,assassination,6,4,2
24545,Fûckínggød,outland,384,rogue,assassination,6,4,2
24546,Mïkasa,ysondre,384,rogue,assassination,6,4,2
24547,Мёртвыйанарх,soulflayer,384,rogue,assassination,6,4,2
24548,Nineball,frostmane,384,rogue,assassination,6,4,2
24549,Brñ,ravencrest,384,rogue,assassination,6,4,2
24550,Tebzr,ravencrest,384,rogue,assassination,6,4,2
24551,Painkeeper,stormscale,384,rogue,assassination,6,4,2
24552,Имилиона,blackscar,384,rogue,assassination,6,4,2
24553,Meccura,silvermoon,384,rogue,assassination,6,4,2
24554,Tyranoxoth,stormscale,384,rogue,assassination,6,4,2
24555,Whosmanz,ragnaros,384,rogue,assassination,6,4,2
24556,Gâla,elune,384,rogue,assassination,6,4,2
24557,Eltitoedu,dun-modr,384,rogue,assassination,6,4,2
24558,Mituxararr,blackrock,384,rogue,assassination,6,4,2
24559,Parawietje,twilights-hammer,384,rogue,assassination,6,4,2
24560,Zerfex,eredar,384,rogue,assassination,6,4,2
24561,Sîccarîus,ravencrest,384,rogue,assassination,6,4,2
24562,Sayianwho,ravencrest,384,rogue,assassination,6,4,2
24563,Myk,ravencrest,384,rogue,assassination,6,4,2
24564,Mouchess,hyjal,384,rogue,assassination,6,4,2
24565,Лиринэлла,soulflayer,384,rogue,assassination,6,4,2
24566,Биокарлик,soulflayer,384,rogue,assassination,6,4,2
24567,Дикийминус,howling-fjord,384,rogue,assassination,6,4,2
24568,Ebayscammer,ravencrest,384,rogue,assassination,6,4,2
24569,Галиновна,soulflayer,384,rogue,assassination,12,4,8
24570,Achterom,tarren-mill,384,rogue,assassination,12,4,8
24571,Mol,defias-brotherhood,384,rogue,assassination,12,4,8
24572,Stepbrogue,tarren-mill,384,rogue,assassination,12,4,8
24573,Ryxon,arathor,384,rogue,assassination,12,4,8
24574,Norpz,aggra-português,384,rogue,assassination,12,4,8
24575,Feucht,argent-dawn,384,rogue,assassination,12,4,8
24576,Совечица,gordunni,384,rogue,assassination,12,4,8
24577,Röguetönerö,dun-modr,384,rogue,assassination,12,4,8
24578,Meimei,sanguino,384,rogue,assassination,12,4,8
24579,Гранетанцор,blackscar,384,rogue,assassination,12,4,8
24580,Fálke,dun-modr,384,rogue,assassination,12,4,8
24581,Doomdagger,chamber-of-aspects,384,rogue,assassination,12,4,8
24582,Bijâ,aegwynn,384,rogue,assassination,12,4,8
24583,Juxtapose,ravencrest,384,rogue,assassination,12,4,8
24584,Honeycakes,ravencrest,384,rogue,assassination,12,4,8
24585,Stepkickgodx,blackmoore,384,rogue,assassination,12,4,8
24586,Paidaki,kazzak,384,rogue,assassination,12,4,8
24587,Noxxy,archimonde,384,rogue,assassination,12,4,8
24588,Shènz,ysondre,384,rogue,assassination,12,4,8
24589,Pizzayamyam,aegwynn,384,rogue,assassination,12,4,8
24590,Darkchomeur,archimonde,384,rogue,assassination,12,4,8
24591,Crimatoria,rajaxx,384,rogue,assassination,12,4,8
24592,Sythex,archimonde,384,rogue,assassination,18,4,14
24593,Лайнэл,deathweaver,384,rogue,assassination,18,4,14
24594,Ibizà,ravencrest,384,rogue,assassination,18,4,14
24595,Gorgeousréd,aegwynn,384,rogue,assassination,18,4,14
24596,Zerö,tarren-mill,384,rogue,assassination,18,4,14
24597,Vexedancer,stormscale,383,rogue,assassination,6,4,2
24598,Opiïum,ysondre,383,rogue,assassination,6,4,2
24599,Whiz,alexstrasza,383,rogue,assassination,15,5,10
24600,Obbexd,outland,383,rogue,assassination,12,4,8
24601,Silksneak,kazzak,383,rogue,assassination,12,4,8
24602,Kyzzo,dalaran,383,rogue,assassination,12,4,8
24603,Algopyrin,ragnaros,383,rogue,assassination,12,4,8
24604,Töbïï,sylvanas,383,rogue,assassination,12,4,8
24605,Twinkyzzö,archimonde,382,rogue,assassination,12,4,8
24606,Møkkagnom,darkspear,381,rogue,assassination,12,4,8
24607,Pumpy,blades-edge,381,rogue,assassination,12,4,8
24608,Easy,kult-der-verdammten,376,rogue,assassination,18,4,14
24609,Stealtheous,arathor,367,rogue,assassination,11,4,7
24610,Стронг,soulflayer,352,rogue,assassination,10,4,6
24611,Stælf,argent-dawn,352,rogue,assassination,16,4,12
24612,Lilbubblegum,emerald-dream,351,rogue,assassination,11,4,7
24613,Voraq,blackhand,350,rogue,assassination,11,4,7
24614,Охотникведьм,soulflayer,288,rogue,assassination,6,3,3
24615,Kendyx,kirin-tor,288,rogue,assassination,6,3,3
24616,Lïhtêñßërg,ravencrest,288,rogue,assassination,6,3,3
24617,Artyzoo,tarren-mill,288,rogue,assassination,6,3,3
24618,Stealthyist,darkmoon-faire,288,rogue,assassination,6,3,3
24619,Jupezii,stormreaver,288,rogue,assassination,6,3,3
24620,Psg,argent-dawn,288,rogue,assassination,6,3,3
24621,Gitguduwu,tarren-mill,288,rogue,assassination,6,3,3
24622,Котянкахд,howling-fjord,288,rogue,assassination,6,3,3
24623,Myxx,ravencrest,288,rogue,assassination,6,3,3
24624,Sussulto,nemesis,288,rogue,assassination,6,3,3
24625,Redcutter,silvermoon,288,rogue,assassination,6,3,3
24626,Sâtýr,ravencrest,288,rogue,assassination,6,3,3
24627,Izzyb,auchindoun,288,rogue,assassination,6,3,3
24628,Jsprxo,stormscale,288,rogue,assassination,6,3,3
24629,Smorcoolio,stormscale,288,rogue,assassination,6,3,3
24630,Ракфорн,howling-fjord,288,rogue,assassination,6,3,3
24631,Xãwé,kazzak,288,rogue,assassination,6,3,3
24632,Luciferx,stormscale,288,rogue,assassination,6,3,3
24633,Tiazx,outland,288,rogue,assassination,6,3,3
24634,Mordred,stormscale,288,rogue,assassination,6,3,3
24635,Ropedrink,stormscale,288,rogue,assassination,6,3,3
24636,Lättja,hyjal,288,rogue,assassination,6,3,3
24637,Anhduy,blackrock,288,rogue,assassination,6,3,3
24638,Keexy,ravencrest,288,rogue,assassination,6,3,3
24639,Nevazutu,twisting-nether,288,rogue,assassination,6,3,3
24640,Brazi,dalaran,288,rogue,assassination,6,3,3
24641,Stroògz,ysondre,288,rogue,assassination,6,3,3
24642,Mindset,eredar,288,rogue,assassination,12,3,9
24643,Sickko,stormscale,288,rogue,assassination,12,3,9
24644,Ryurfy,archimonde,288,rogue,assassination,12,3,9
24645,Persës,outland,288,rogue,assassination,12,3,9
24646,Smokeyx,outland,288,rogue,assassination,12,3,9
24647,Курога,howling-fjord,288,rogue,assassination,12,3,9
24648,Kyropth,eredar,288,rogue,assassination,12,3,9
24649,Madisonivyqt,blackmoore,288,rogue,assassination,12,3,9
24650,Teldã,archimonde,288,rogue,assassination,12,3,9
24651,Milenia,thrall,288,rogue,assassination,12,3,9
24652,Civarea,blackrock,288,rogue,assassination,12,3,9
24653,Nezuko,gilneas,288,rogue,assassination,12,3,9
24654,Zeiden,sanguino,288,rogue,assassination,12,3,9
24655,Bumaqt,silvermoon,288,rogue,assassination,12,3,9
24656,Eriksonn,drakthul,288,rogue,assassination,12,3,9
24657,Hersuub,blackmoore,288,rogue,assassination,12,3,9
24658,Drillss,ravencrest,288,rogue,assassination,22,4,18
24659,Jáyjay,antonidas,288,rogue,assassination,18,3,15
24660,Shâdowfreeze,onyxia,288,rogue,assassination,18,3,15
24661,Memphismp,drakthul,288,rogue,assassination,18,3,15
24662,Sïdr,marécage-de-zangar,287,rogue,assassination,6,3,3
24663,Гламурятина,gordunni,287,rogue,assassination,6,3,3
24664,Экичу,howling-fjord,287,rogue,assassination,6,3,3
24665,Willin,kazzak,287,rogue,assassination,6,3,3
24666,Nastyrogue,burning-legion,287,rogue,assassination,12,3,9
24667,Vendox,defias-brotherhood,287,rogue,assassination,12,3,9
24668,Ecilaa,conseil-des-ombres,285,rogue,assassination,12,3,9
24669,Verbb,turalyon,284,rogue,assassination,12,3,9
24670,Fizzkhalifa,zuljin,284,rogue,assassination,12,3,9
24671,Blckrogue,bloodfeather,240,rogue,assassination,9,3,6
24672,Alpinestars,dun-modr,239,rogue,assassination,5,3,2
24673,Starkad,archimonde,239,rogue,assassination,5,3,2
24674,Kebabgodx,sanguino,223,rogue,assassination,8,3,5
24675,Psybelette,khaz-modan,192,rogue,assassination,9,3,6
24676,Saix,blackrock,192,rogue,assassination,6,2,4
24677,Kikitaklk,uldum,192,rogue,assassination,6,2,4
24678,Wééselby,blackrock,192,rogue,assassination,6,2,4
24679,Yanlu,ysondre,192,rogue,assassination,6,2,4
24680,Хемофилия,grom,192,rogue,assassination,6,2,4
24681,Лунари,blackscar,192,rogue,assassination,6,2,4
24682,Highz,zenedar,192,rogue,assassination,6,2,4
24683,Garou,blackhand,192,rogue,assassination,6,2,4
24684,Ач,gordunni,192,rogue,assassination,6,2,4
24685,Stråt,ysondre,192,rogue,assassination,6,2,4
24686,Сильфитт,gordunni,192,rogue,assassination,6,2,4
24687,Nudelholz,blackrock,192,rogue,assassination,6,2,4
24688,Кашеварить,gordunni,192,rogue,assassination,6,2,4
24689,Næylá,kult-der-verdammten,192,rogue,assassination,6,2,4
24690,Helcof,emerald-dream,192,rogue,assassination,6,2,4
24691,Zømbië,kazzak,192,rogue,assassination,6,2,4
24692,Warbell,stormscale,192,rogue,assassination,6,2,4
24693,Xanyy,bloodfeather,192,rogue,assassination,6,2,4
24694,Halucinogeno,silvermoon,192,rogue,assassination,6,2,4
24695,Eazmode,outland,192,rogue,assassination,6,2,4
24696,Sokillu,silvermoon,192,rogue,assassination,6,2,4
24697,Givilwtf,eredar,192,rogue,assassination,6,2,4
24698,Shúrae,blackmoore,192,rogue,assassination,6,2,4
24699,Naí,zuljin,192,rogue,assassination,6,2,4
24700,Gane,sanguino,192,rogue,assassination,6,2,4
24701,Reáper,frostwolf,192,rogue,assassination,6,2,4
24702,Tinta,aszune,192,rogue,assassination,6,2,4
24703,Katara,antonidas,192,rogue,assassination,6,2,4
24704,Нойсеен,gordunni,192,rogue,assassination,6,2,4
24705,Althieves,ravencrest,192,rogue,assassination,6,2,4
24706,Mythicog,twisting-nether,192,rogue,assassination,6,2,4
24707,Jeruna,veklor,192,rogue,assassination,6,2,4
24708,Хулиганнчег,galakrond,192,rogue,assassination,6,2,4
24709,Zyphion,ragnaros,192,rogue,assassination,6,2,4
24710,Díddz,tarren-mill,192,rogue,assassination,6,2,4
24711,Brazzersx,antonidas,192,rogue,assassination,6,2,4
24712,Synexo,sylvanas,192,rogue,assassination,6,2,4
24713,Grüeßseebach,todeswache,192,rogue,assassination,6,2,4
24714,Niagram,dun-modr,192,rogue,assassination,6,2,4
24715,Noilek,sylvanas,192,rogue,assassination,6,2,4
24716,Diliu,doomhammer,192,rogue,assassination,6,2,4
24717,Ðelvin,dalaran,192,rogue,assassination,6,2,4
24718,Xeggy,turalyon,192,rogue,assassination,6,2,4
24719,Tofix,tarren-mill,192,rogue,assassination,6,2,4
24720,Fushimi,ravencrest,192,rogue,assassination,6,2,4
24721,Bangerstab,draenor,192,rogue,assassination,6,2,4
24722,Сабстрайк,soulflayer,192,rogue,assassination,6,2,4
24723,Fälke,dun-modr,192,rogue,assassination,6,2,4
24724,Snurry,tarren-mill,192,rogue,assassination,6,2,4
24725,Oczku,burning-legion,192,rogue,assassination,6,2,4
24726,Rearmer,burning-legion,192,rogue,assassination,6,2,4
24727,Ichiegoichie,draenor,192,rogue,assassination,6,2,4
24728,Jonewrld,ravencrest,192,rogue,assassination,6,2,4
24729,Аренатрюки,soulflayer,192,rogue,assassination,6,2,4
24730,Mallaurya,dalaran,192,rogue,assassination,6,2,4
24731,Schníttchen,antonidas,192,rogue,assassination,6,2,4
24732,Waltër,tyrande,192,rogue,assassination,6,2,4
24733,Horvathzu,ravencrest,192,rogue,assassination,6,2,4
24734,Люняшка,booty-bay,192,rogue,assassination,6,2,4
24735,Hideout,ravencrest,192,rogue,assassination,6,2,4
24736,Maxrizzx,ravencrest,192,rogue,assassination,6,2,4
24737,Sycko,alakir,192,rogue,assassination,6,2,4
24738,Isucu,burning-legion,192,rogue,assassination,6,2,4
24739,Китей,howling-fjord,192,rogue,assassination,6,2,4
24740,Саулите,deathguard,192,rogue,assassination,6,2,4
24741,Стеллакокс,howling-fjord,192,rogue,assassination,8,2,6
24742,Latscholol,malorne,192,rogue,assassination,9,2,7
24743,Sheyrrà,aegwynn,192,rogue,assassination,12,2,10
24744,Cacucoxpahu,kazzak,192,rogue,assassination,12,2,10
24745,Лэйкиро,gordunni,192,rogue,assassination,12,2,10
24746,Azzmodia,aegwynn,192,rogue,assassination,12,2,10
24747,Mingzhu,ravencrest,192,rogue,assassination,12,2,10
24748,Rossaporcona,nemesis,192,rogue,assassination,12,2,10
24749,Hitogoroshi,hyjal,192,rogue,assassination,12,2,10
24750,Vezinia,ravencrest,192,rogue,assassination,12,2,10
24751,Sneakzy,sylvanas,192,rogue,assassination,12,2,10
24752,Romiel,ravencrest,192,rogue,assassination,12,2,10
24753,Бонасера,blackscar,192,rogue,assassination,12,2,10
24754,Intrix,draenor,192,rogue,assassination,12,2,10
24755,Snøv,outland,192,rogue,assassination,18,2,16
24756,Coopér,argent-dawn,192,rogue,assassination,18,2,16
24757,Nhot,kazzak,191,rogue,assassination,6,2,4
24758,Drexxo,drakthul,191,rogue,assassination,6,2,4
24759,Eljana,amanthul,185,rogue,assassination,14,4,10
24760,Icyicé,kazzak,175,rogue,assassination,11,2,9
24761,Sanzoo,blackmoore,175,rogue,assassination,11,2,9
24762,Nÿst,khaz-modan,159,rogue,assassination,11,2,9
24763,Knockyz,khaz-modan,135,rogue,assassination,13,3,10
24764,Mythmatical,tarren-mill,96,rogue,assassination,3,2,1
24765,Ynohtna,blackhand,96,rogue,assassination,3,2,1
24766,Totentánz,silvermoon,96,rogue,assassination,9,2,7
24767,Рестинписер,soulflayer,96,rogue,assassination,6,1,5
24768,Møtivate,ragnaros,96,rogue,assassination,6,1,5
24769,Aknana,vashj,96,rogue,assassination,6,1,5
24770,Hanteran,magtheridon,96,rogue,assassination,6,1,5
24771,Shåkø,tarren-mill,96,rogue,assassination,6,1,5
24772,Ристоврация,gordunni,96,rogue,assassination,6,1,5
24773,Flêxô,antonidas,96,rogue,assassination,6,1,5
24774,Kenko,aerie-peak,96,rogue,assassination,6,1,5
24775,Thiranor,cthun,96,rogue,assassination,6,1,5
24776,Fatzaky,turalyon,96,rogue,assassination,6,1,5
24777,Kilabre,twisting-nether,96,rogue,assassination,6,1,5
24778,Asmodal,antonidas,96,rogue,assassination,6,1,5
24779,Msrogue,eredar,96,rogue,assassination,6,1,5
24780,Ogc,draenor,96,rogue,assassination,6,1,5
24781,Трисися,gordunni,96,rogue,assassination,6,1,5
24782,Dravenfoot,defias-brotherhood,96,rogue,assassination,6,1,5
24783,Myk,xavius,96,rogue,assassination,6,1,5
24784,Mekóz,draenor,96,rogue,assassination,6,1,5
24785,Behörnchen,eredar,96,rogue,assassination,6,1,5
24786,Sbx,alakir,96,rogue,assassination,6,1,5
24787,Frequenzalfa,silvermoon,96,rogue,assassination,6,1,5
24788,Deceptionz,ravencrest,96,rogue,assassination,6,1,5
24789,Метаболикх,gordunni,96,rogue,assassination,6,1,5
24790,Gløck,die-aldor,96,rogue,assassination,6,1,5
24791,Penetrantos,eredar,96,rogue,assassination,6,1,5
24792,Snulle,ravencrest,96,rogue,assassination,6,1,5
24793,Miiløx,silvermoon,96,rogue,assassination,6,1,5
24794,Azotix,archimonde,96,rogue,assassination,6,1,5
24795,Кейнилин,gordunni,96,rogue,assassination,6,1,5
24796,Ñavy,archimonde,96,rogue,assassination,6,1,5
24797,Ohmydotz,archimonde,96,rogue,assassination,6,1,5
24798,Ðiè,frostmane,96,rogue,assassination,6,1,5
24799,Krymziàâ,hyjal,96,rogue,assassination,6,1,5
24800,Barkai,kazzak,96,rogue,assassination,6,1,5
24801,Yamoshí,sanguino,96,rogue,assassination,6,1,5
24802,Wøølfgang,archimonde,96,rogue,assassination,6,1,5
24803,Yörgs,eredar,96,rogue,assassination,6,1,5
24804,Missàh,archimonde,96,rogue,assassination,6,1,5
24805,Vanisshh,hyjal,96,rogue,assassination,6,1,5
24806,Chokee,blackrock,96,rogue,assassination,6,1,5
24807,Sly,emerald-dream,96,rogue,assassination,6,1,5
24808,Janx,aegwynn,96,rogue,assassination,6,1,5
24809,Hendrikske,aggramar,96,rogue,assassination,6,1,5
24810,Roronao,sanguino,96,rogue,assassination,6,1,5
24811,Nesä,hyjal,96,rogue,assassination,6,1,5
24812,Chøsen,stormscale,96,rogue,assassination,6,1,5
24813,Royalflüx,grim-batol,96,rogue,assassination,6,1,5
24814,Jawen,silvermoon,96,rogue,assassination,12,1,11
24815,Barbuniarz,shadowsong,96,rogue,assassination,12,1,11
24816,Tybiereus,argent-dawn,96,rogue,assassination,12,1,11
24817,Xlongman,blackhand,96,rogue,assassination,12,1,11
24818,Ravéñ,silvermoon,96,rogue,assassination,18,1,17
24819,Hâlya,hyjal,96,rogue,assassination,18,1,17
24820,Elvís,chamber-of-aspects,95,rogue,assassination,6,1,5
24821,Trashcarlitâ,eredar,79,rogue,assassination,5,1,4
24822,Зайт,howling-fjord,79,rogue,assassination,5,1,4
24823,Layson,les-clairvoyants,79,rogue,assassination,5,1,4
24824,Медиивэл,deepholm,79,rogue,assassination,5,1,4
24825,Maelithas,archimonde,79,rogue,assassination,11,1,10
24826,Elgande,stormrage,63,rogue,assassination,2,2,0
24827,Дольчих,deathguard,2219,shaman,restoration,187,98,89
24828,Shadrak,eredar,2123,shaman,restoration,84,46,38
24829,Терату,howling-fjord,2118,shaman,restoration,84,46,38
24830,Crnine,pozzo-delleternità,2112,shaman,restoration,75,49,26
24831,Josë,twisting-nether,2103,shaman,restoration,119,64,55
24832,Chäväman,archimonde,2090,shaman,restoration,102,49,53
24833,Benpai,eredar,2076,shaman,restoration,72,36,36
24834,Ultrahound,twisting-nether,2057,shaman,restoration,48,39,9
24835,Trashgame,kazzak,2050,shaman,restoration,66,36,30
24836,Мефодийшаман,howling-fjord,2038,shaman,restoration,72,51,21
24837,Yararsiz,twisting-nether,2027,shaman,restoration,183,99,84
24838,Джексобед,soulflayer,2026,shaman,restoration,132,69,63
24839,Драгенхз,gordunni,2009,shaman,restoration,363,186,177
24840,Libanô,archimonde,2003,shaman,restoration,119,57,62
24841,Frshprn,hyjal,1982,shaman,restoration,90,51,39
24842,Sentûn,blackrock,1960,shaman,restoration,103,56,47
24843,Deepwithyou,blackhand,1953,shaman,restoration,153,83,70
24844,Epsylone,kazzak,1953,shaman,restoration,101,51,50
24845,Linkx,stormscale,1948,shaman,restoration,40,22,18
24846,Adroda,kazzak,1947,shaman,restoration,87,51,36
24847,Jackypink,ragnaros,1937,shaman,restoration,141,69,72
24848,Valko,hellfire,1931,shaman,restoration,42,27,15
24849,Tallyx,ravencrest,1926,shaman,restoration,90,44,46
24850,Цукерок,soulflayer,1922,shaman,restoration,119,72,47
24851,Daretodream,blackrock,1921,shaman,restoration,48,24,24
24852,Carlpeant,drakthul,1919,shaman,restoration,119,61,58
24853,Señordoge,kazzak,1917,shaman,restoration,54,28,26
24854,Skreewu,outland,1908,shaman,restoration,78,37,41
24855,Cylantarus,blackrock,1896,shaman,restoration,89,52,37
24856,Thunderrock,stormreaver,1894,shaman,restoration,205,100,105
24857,Трс,razuvious,1892,shaman,restoration,122,69,53
24858,Midgetfizzle,kazzak,1892,shaman,restoration,146,77,69
24859,Bmbx,archimonde,1891,shaman,restoration,301,152,149
24860,Mininini,ravencrest,1880,shaman,restoration,60,29,31
24861,Sèfìx,tarren-mill,1879,shaman,restoration,38,21,17
24862,Kïllard,archimonde,1872,shaman,restoration,74,37,37
24863,Timide,ravencrest,1870,shaman,restoration,48,28,20
24864,Natasz,burning-legion,1869,shaman,restoration,102,62,40
24865,Ggnore,kazzak,1866,shaman,restoration,96,61,35
24866,Teldathree,archimonde,1866,shaman,restoration,101,54,47
24867,Owrly,stormscale,1866,shaman,restoration,136,65,71
24868,Keenxd,burning-legion,1861,shaman,restoration,42,23,19
24869,Louler,ragnaros,1860,shaman,restoration,124,69,55
24870,Онеоне,deathweaver,1858,shaman,restoration,59,35,24
24871,Sinzzu,ragnaros,1858,shaman,restoration,156,80,76
24872,Yachiru,sylvanas,1854,shaman,restoration,73,59,14
24873,Swkx,dun-modr,1848,shaman,restoration,58,34,24
24874,Sugarfreé,ragnaros,1848,shaman,restoration,48,26,22
24875,Kisshots,the-maelstrom,1844,shaman,restoration,78,40,38
24876,Cæsífer,blackrock,1844,shaman,restoration,72,32,40
24877,Helloiamdoni,ravencrest,1843,shaman,restoration,101,63,38
24878,Hugox,outland,1841,shaman,restoration,131,59,72
24879,Cherepaha,stormscale,1838,shaman,restoration,70,32,38
24880,Centralc,twisting-nether,1833,shaman,restoration,41,26,15
24881,Inspektør,kazzak,1833,shaman,restoration,59,37,22
24882,Shiranoye,blackrock,1831,shaman,restoration,120,65,55
24883,Jawje,tarren-mill,1831,shaman,restoration,102,49,53
24884,Shamuunn,ravencrest,1830,shaman,restoration,54,28,26
24885,Эоя,howling-fjord,1830,shaman,restoration,170,88,82
24886,Sethrøllins,hyjal,1829,shaman,restoration,114,53,61
24887,Fitnessdavid,ravencrest,1826,shaman,restoration,53,29,24
24888,Askagain,sylvanas,1825,shaman,restoration,52,28,24
24889,Zhull,ravencrest,1825,shaman,restoration,192,89,103
24890,Zergønk,ravencrest,1824,shaman,restoration,42,28,14
24891,Bladeyx,ragnaros,1824,shaman,restoration,207,117,90
24892,Lunarsloths,hyjal,1823,shaman,restoration,48,28,20
24893,Asynchund,ravencrest,1821,shaman,restoration,42,26,16
24894,Bezixx,ravencrest,1820,shaman,restoration,180,105,75
24895,Nickygodx,stormscale,1819,shaman,restoration,54,27,27
24896,Shamrockx,outland,1816,shaman,restoration,83,42,41
24897,Sûckmytotem,ragnaros,1815,shaman,restoration,72,35,37
24898,Meöw,nemesis,1813,shaman,restoration,232,120,112
24899,Shockmelone,blackrock,1812,shaman,restoration,84,45,39
24900,Carpetmaster,ragnaros,1812,shaman,restoration,51,27,24
24901,Нойзблок,gordunni,1811,shaman,restoration,36,19,17
24902,Tidepog,ravencrest,1810,shaman,restoration,60,28,32
24903,Fuzzynuts,ravencrest,1808,shaman,restoration,132,74,58
24904,Gargro,kazzak,1808,shaman,restoration,89,42,47
24905,Nokster,twisting-nether,1806,shaman,restoration,84,60,24
24906,Greggyb,twisting-nether,1805,shaman,restoration,36,22,14
24907,Voodoonerd,twisting-nether,1803,shaman,restoration,47,24,23
24908,Neou,archimonde,1803,shaman,restoration,54,27,27
24909,Luckymê,blackrock,1802,shaman,restoration,51,27,24
24910,Милфшама,blackscar,1802,shaman,restoration,239,123,116
24911,Stensham,stormreaver,1801,shaman,restoration,48,28,20
24912,Kiansham,silvermoon,1801,shaman,restoration,47,26,21
24913,Squixi,tarren-mill,1799,shaman,restoration,60,33,27
24914,Phaynozx,cthun,1790,shaman,restoration,90,38,52
24915,Aciel,magtheridon,1788,shaman,restoration,48,35,13
24916,Wíllz,ravencrest,1787,shaman,restoration,48,25,23
24917,Fufupartyxx,blackrock,1785,shaman,restoration,30,19,11
24918,Vivaldi,varimathras,1785,shaman,restoration,38,19,19
24919,Hexe,kazzak,1783,shaman,restoration,75,32,43
24920,Hexewar,kazzak,1780,shaman,restoration,59,32,27
24921,Ixxmre,blackrock,1778,shaman,restoration,137,76,61
24922,Holytidezx,aegwynn,1775,shaman,restoration,40,26,14
24923,Szellento,darksorrow,1770,shaman,restoration,60,30,30
24924,Johncoltrane,archimonde,1768,shaman,restoration,126,78,48
24925,Bstr,frostmane,1763,shaman,restoration,60,30,30
24926,Ihealbro,blackrock,1762,shaman,restoration,66,41,25
24927,Windfúhrèr,tarren-mill,1759,shaman,restoration,60,26,34
24928,Turboeddy,blackmoore,1750,shaman,restoration,67,44,23
24929,Learningsham,destromath,1749,shaman,restoration,48,29,19
24930,Harmony,outland,1746,shaman,restoration,30,22,8
24931,Kraksham,ravencrest,1745,shaman,restoration,112,60,52
24932,Purgeluxe,aegwynn,1740,shaman,restoration,59,32,27
24933,Donv,blackmoore,1739,shaman,restoration,42,26,16
24934,Rottulos,stormrage,1739,shaman,restoration,65,35,30
24935,Shamidrak,eredar,1739,shaman,restoration,48,25,23
24936,Somethingnew,azuremyst,1739,shaman,restoration,52,25,27
24937,Remony,pozzo-delleternità,1738,shaman,restoration,105,69,36
24938,Waramors,eredar,1738,shaman,restoration,125,62,63
24939,Awcchampion,stormscale,1737,shaman,restoration,203,116,87
24940,Machmacan,argent-dawn,1735,shaman,restoration,86,47,39
24941,Tùiðhânâ,ravencrest,1730,shaman,restoration,107,58,49
24942,Kreamcake,bladefist,1730,shaman,restoration,114,49,65
24943,Агентхолинки,gordunni,1726,shaman,restoration,24,18,6
24944,Arslos,twisting-nether,1723,shaman,restoration,30,24,6
24945,Sheargodx,blackmoore,1723,shaman,restoration,42,21,21
24946,Rexatar,blackrock,1722,shaman,restoration,84,50,34
24947,Snusy,stormscale,1722,shaman,restoration,36,18,18
24948,Wess,archimonde,1722,shaman,restoration,36,18,18
24949,Morkyy,thrall,1721,shaman,restoration,38,19,19
24950,Karakoram,ysondre,1720,shaman,restoration,71,40,31
24951,Nübs,aegwynn,1720,shaman,restoration,89,39,50
24952,Bobanrajovic,silvermoon,1717,shaman,restoration,24,18,6
24953,Dóómhammer,jaedenar,1716,shaman,restoration,60,35,25
24954,Mltx,twilights-hammer,1714,shaman,restoration,44,19,25
24955,Shamolili,stormscale,1713,shaman,restoration,108,52,56
24956,Lahey,draenor,1711,shaman,restoration,140,73,67
24957,Swineflowing,ysondre,1708,shaman,restoration,36,18,18
24958,Totembaws,blackmoore,1708,shaman,restoration,54,26,28
24959,Holytidez,aegwynn,1707,shaman,restoration,48,24,24
24960,Nizzarrathur,argent-dawn,1706,shaman,restoration,30,18,12
24961,Чинанрук,howling-fjord,1706,shaman,restoration,89,45,44
24962,Darnast,draenor,1706,shaman,restoration,52,25,27
24963,Connecting,hyjal,1704,shaman,restoration,39,21,18
24964,Ларкуш,howling-fjord,1701,shaman,restoration,118,61,57
24965,Мвнз,soulflayer,1700,shaman,restoration,54,22,32
24966,Goeller,stormscale,1698,shaman,restoration,42,23,19
24967,Eurocad,draenor,1697,shaman,restoration,30,18,12
24968,Igly,antonidas,1694,shaman,restoration,42,21,21
24969,Lavalavalava,blackrock,1692,shaman,restoration,306,161,145
24970,Wacomtablet,kazzak,1690,shaman,restoration,24,18,6
24971,Dmgaddict,kazzak,1689,shaman,restoration,48,28,20
24972,Вишняблэйз,soulflayer,1684,shaman,restoration,41,24,17
24973,Thyroideus,argent-dawn,1681,shaman,restoration,150,89,61
24974,Сорит,blackscar,1678,shaman,restoration,45,28,17
24975,Lexxthree,blackrock,1677,shaman,restoration,36,23,13
24976,Mbembe,blackhand,1674,shaman,restoration,48,26,22
24977,Bonshaman,ahnqiraj,1673,shaman,restoration,108,50,58
24978,Fotmherøqtx,ravencrest,1672,shaman,restoration,36,18,18
24979,Porkzzila,aggra-português,1671,shaman,restoration,60,34,26
24980,Skrewu,stormscale,1671,shaman,restoration,79,39,40
24981,Кикподхвост,soulflayer,1670,shaman,restoration,54,26,28
24982,Palfe,khaz-modan,1669,shaman,restoration,118,56,62
24983,Sérx,sanguino,1669,shaman,restoration,47,20,27
24984,Vajaele,twisting-nether,1667,shaman,restoration,71,35,36
24985,Yakee,doomhammer,1665,shaman,restoration,44,22,22
24986,Reäz,archimonde,1665,shaman,restoration,42,21,21
24987,Héxdóctór,ravencrest,1664,shaman,restoration,86,48,38
24988,Atwâ,ravencrest,1663,shaman,restoration,51,31,20
24989,Brandiløve,nemesis,1663,shaman,restoration,36,19,17
24990,Mamacitá,eredar,1656,shaman,restoration,377,178,199
24991,Мвнзх,gordunni,1656,shaman,restoration,54,24,30
24992,Hypéra,kazzak,1655,shaman,restoration,156,84,72
24993,Thald,ragnaros,1653,shaman,restoration,90,56,34
24994,Рамаксбосс,gordunni,1651,shaman,restoration,36,22,14
24995,Tether,twisting-nether,1651,shaman,restoration,42,24,18
24996,Maestralink,aegwynn,1651,shaman,restoration,35,20,15
24997,Variablelol,outland,1649,shaman,restoration,40,27,13
24998,Wotan,ysondre,1648,shaman,restoration,36,22,14
24999,Shamandoino,wildhammer,1644,shaman,restoration,198,91,107
25000,Allysidewtf,archimonde,1642,shaman,restoration,34,23,11
25001,Denastyo,nemesis,1638,shaman,restoration,77,42,35
25002,Rxs,thunderhorn,1635,shaman,restoration,54,28,26
25003,Aioñ,kazzak,1635,shaman,restoration,51,22,29
25004,Beastmodex,eredar,1632,shaman,restoration,248,130,118
25005,Jenkem,hyjal,1632,shaman,restoration,42,20,22
25006,Pøwertoto,dalaran,1632,shaman,restoration,54,24,30
25007,Сладкийстас,soulflayer,1632,shaman,restoration,54,21,33
25008,Oldandslow,sylvanas,1631,shaman,restoration,42,21,21
25009,Invadé,stormscale,1630,shaman,restoration,30,17,13
25010,Draáx,ravencrest,1628,shaman,restoration,30,19,11
25011,Mjukiz,tarren-mill,1628,shaman,restoration,183,111,72
25012,Elmezz,aggra-português,1628,shaman,restoration,30,17,13
25013,Izir,archimonde,1628,shaman,restoration,42,18,24
25014,Urshak,alleria,1624,shaman,restoration,30,20,10
25015,Xhanon,kazzak,1624,shaman,restoration,36,20,16
25016,Fersok,zuljin,1624,shaman,restoration,36,17,19
25017,Indeed,frostmourne,1623,shaman,restoration,42,24,18
25018,Nêmônin,perenolde,1621,shaman,restoration,38,22,16
25019,Atomstrom,frostwolf,1621,shaman,restoration,62,34,28
25020,Инкуль,howling-fjord,1621,shaman,restoration,42,20,22
25021,Bîlunder,arygos,1621,shaman,restoration,47,21,26
25022,Hexmeqt,frostwolf,1619,shaman,restoration,107,59,48
25023,Тубалкайн,soulflayer,1619,shaman,restoration,36,17,19
25024,Carlitosham,eredar,1618,shaman,restoration,44,17,27
25025,Тафельшпиц,soulflayer,1617,shaman,restoration,40,18,22
25026,Earthhulk,thrall,1615,shaman,restoration,89,52,37
25027,Seasick,frostmane,1613,shaman,restoration,96,49,47
25028,Urzza,stormscale,1611,shaman,restoration,24,20,4
25029,Bullezno,kazzak,1611,shaman,restoration,87,50,37
25030,Octon,dun-modr,1610,shaman,restoration,40,21,19
25031,Makkalisse,kazzak,1609,shaman,restoration,24,17,7
25032,Bahane,frostwolf,1609,shaman,restoration,63,32,31
25033,Upisi,burning-legion,1609,shaman,restoration,84,42,42
25034,Startdie,kazzak,1609,shaman,restoration,48,21,27
25035,Blowlips,argent-dawn,1609,shaman,restoration,42,17,25
25036,Ezilol,blackhand,1606,shaman,restoration,77,46,31
25037,Sanamaxx,colinas-pardas,1605,shaman,restoration,44,24,20
25038,Хужик,gordunni,1604,shaman,restoration,36,21,15
25039,Søtêx,ravencrest,1603,shaman,restoration,29,19,10
25040,Кодитян,gordunni,1603,shaman,restoration,36,19,17
25041,Prizærn,tarren-mill,1603,shaman,restoration,90,39,51
25042,Khroni,tarren-mill,1602,shaman,restoration,66,35,31
25043,Ðenlos,destromath,1602,shaman,restoration,57,26,31
25044,Djosershamy,draenor,1602,shaman,restoration,42,19,23
25045,Whiskiy,kazzak,1598,shaman,restoration,26,18,8
25046,Crasherz,sanguino,1598,shaman,restoration,45,26,19
25047,Lechii,stormscale,1598,shaman,restoration,95,51,44
25048,Martuscielöl,drakthul,1598,shaman,restoration,88,32,56
25049,Snickersx,blackrock,1596,shaman,restoration,42,25,17
25050,Incredibade,stormscale,1594,shaman,restoration,42,20,22
25051,Laskopivo,doomhammer,1593,shaman,restoration,60,37,23
25052,Kyogre,auchindoun,1592,shaman,restoration,48,23,25
25053,Отчима,howling-fjord,1589,shaman,restoration,107,58,49
25054,Zorcs,silvermoon,1589,shaman,restoration,138,70,68
25055,Shockair,frostwolf,1589,shaman,restoration,81,38,43
25056,Zinjk,nemesis,1588,shaman,restoration,244,127,117
25057,Firenanajkm,dun-modr,1586,shaman,restoration,48,28,20
25058,Vioception,blackrock,1584,shaman,restoration,48,19,29
25059,Yzeldan,hyjal,1578,shaman,restoration,248,142,106
25060,Koraél,dun-modr,1572,shaman,restoration,66,26,40
25061,Mìcrøs,thrall,1571,shaman,restoration,47,27,20
25062,Sixtyone,stormscale,1569,shaman,restoration,75,42,33
25063,Багсбанних,soulflayer,1567,shaman,restoration,48,20,28
25064,Шсаваннх,blackscar,1566,shaman,restoration,165,83,82
25065,Zwergmann,blackrock,1565,shaman,restoration,60,37,23
25066,Uzze,drakthul,1564,shaman,restoration,60,26,34
25067,Fapmasterz,eredar,1563,shaman,restoration,36,17,19
25068,Pacho,alakir,1563,shaman,restoration,48,21,27
25069,Paidactor,kazzak,1562,shaman,restoration,125,67,58
25070,Horokeu,blackrock,1560,shaman,restoration,30,17,13
25071,Tupato,kazzak,1560,shaman,restoration,80,39,41
25072,Cobbel,argent-dawn,1557,shaman,restoration,168,92,76
25073,Exolnard,twisting-nether,1557,shaman,restoration,60,28,32
25074,Sebubu,twisting-nether,1556,shaman,restoration,38,23,15
25075,Tartorno,antonidas,1556,shaman,restoration,65,26,39
25076,Nexian,kazzak,1554,shaman,restoration,59,32,27
25077,Discoranger,ravencrest,1552,shaman,restoration,54,27,27
25078,Velkin,thrall,1550,shaman,restoration,129,67,62
25079,Shuzman,emeriss,1550,shaman,restoration,48,23,25
25080,Ebøbøla,terokkar,1547,shaman,restoration,182,83,99
25081,Zanezu,stormscale,1547,shaman,restoration,102,45,57
25082,Reilah,drakthul,1546,shaman,restoration,66,33,33
25083,Märthalouise,twisting-nether,1546,shaman,restoration,43,18,25
25084,Linkedink,tarren-mill,1545,shaman,restoration,23,17,6
25085,Kuhnedy,blackrock,1545,shaman,restoration,100,52,48
25086,Bullfox,aszune,1545,shaman,restoration,66,28,38
25087,Thorenal,blackmoore,1542,shaman,restoration,55,34,21
25088,Gjernhard,stormreaver,1542,shaman,restoration,60,30,30
25089,Кичисанчик,howling-fjord,1541,shaman,restoration,126,57,69
25090,Ларисашерсть,blackscar,1539,shaman,restoration,29,21,8
25091,Yomuchacha,dun-modr,1537,shaman,restoration,100,48,52
25092,Anöuchkâ,ysondre,1535,shaman,restoration,42,19,23
25093,Blowxd,aegwynn,1534,shaman,restoration,116,63,53
25094,Xerinas,eredar,1534,shaman,restoration,63,20,43
25095,Ugard,burning-legion,1533,shaman,restoration,37,18,19
25096,Mypakypa,outland,1532,shaman,restoration,48,20,28
25097,Neovim,trollbane,1530,shaman,restoration,42,20,22
25098,Collînna,aegwynn,1529,shaman,restoration,62,34,28
25099,Pädagogeig,antonidas,1528,shaman,restoration,66,36,30
25100,Nassîî,antonidas,1528,shaman,restoration,95,37,58
25101,Stòrmbreakèr,nemesis,1527,shaman,restoration,55,29,26
25102,Bumblebeec,tarren-mill,1526,shaman,restoration,60,32,28
25103,Reezex,silvermoon,1526,shaman,restoration,65,34,31
25104,Bzglsnkh,ravencrest,1525,shaman,restoration,36,16,20
25105,Bombasthicc,ravencrest,1523,shaman,restoration,30,16,14
25106,Remkoo,blackrock,1522,shaman,restoration,30,20,10
25107,Ilovejamie,sylvanas,1522,shaman,restoration,54,30,24
25108,Lustmasterx,grim-batol,1520,shaman,restoration,123,67,56
25109,Kacamaz,twisting-nether,1519,shaman,restoration,42,19,23
25110,Schain,eredar,1518,shaman,restoration,36,24,12
25111,Schweízer,blackrock,1516,shaman,restoration,72,33,39
25112,Bomjspomoiki,outland,1516,shaman,restoration,35,16,19
25113,Kuis,sanguino,1510,shaman,restoration,54,22,32
25114,Phoenííx,twisting-nether,1508,shaman,restoration,102,42,60
25115,Nogag,kazzak,1507,shaman,restoration,72,35,37
25116,Enzopotenzo,blackrock,1506,shaman,restoration,42,22,20
25117,Vaizii,silvermoon,1505,shaman,restoration,53,26,27
25118,Coldlean,haomarush,1504,shaman,restoration,158,75,83
25119,Biggiebig,ravencrest,1502,shaman,restoration,60,32,28
25120,Krovogor,silvermoon,1501,shaman,restoration,54,31,23
25121,Cannotdoit,burning-legion,1499,shaman,restoration,59,32,27
25122,Кислаябуба,howling-fjord,1497,shaman,restoration,73,33,40
25123,Mcktavish,silvermoon,1495,shaman,restoration,89,46,43
25124,Crmx,blackrock,1494,shaman,restoration,72,31,41
25125,Хэйзл,ashenvale,1492,shaman,restoration,74,32,42
25126,Lexos,ravencrest,1490,shaman,restoration,30,16,14
25127,Чанголист,soulflayer,1489,shaman,restoration,65,28,37
25128,Diix,archimonde,1489,shaman,restoration,66,27,39
25129,Kalaris,stormscale,1488,shaman,restoration,36,20,16
25130,Fuzzywaagh,silvermoon,1488,shaman,restoration,41,21,20
25131,Monstacookie,stormreaver,1487,shaman,restoration,42,17,25
25132,Светшам,howling-fjord,1486,shaman,restoration,29,16,13
25133,Mydpsrbad,stormscale,1486,shaman,restoration,66,35,31
25134,Hexoffender,alakir,1483,shaman,restoration,112,54,58
25135,Redoms,stormreaver,1481,shaman,restoration,75,38,37
25136,Courtney,sylvanas,1481,shaman,restoration,228,109,119
25137,Gronash,sunstrider,1479,shaman,restoration,24,17,7
25138,Tèysh,ysondre,1475,shaman,restoration,114,61,53
25139,Gützli,blackmoore,1474,shaman,restoration,93,35,58
25140,Fridafrog,malganis,1471,shaman,restoration,41,25,16
25141,Wernøz,archimonde,1466,shaman,restoration,32,16,16
25142,Daykên,kazzak,1465,shaman,restoration,56,21,35
25143,Ünknownz,archimonde,1464,shaman,restoration,71,37,34
25144,Hjod,outland,1463,shaman,restoration,87,46,41
25145,Schamfxx,blackrock,1456,shaman,restoration,36,20,16
25146,Andról,stormscale,1455,shaman,restoration,36,17,19
25147,Духсалата,grom,1454,shaman,restoration,30,16,14
25148,Cuzzer,drakthul,1454,shaman,restoration,77,39,38
25149,Zlingx,auchindoun,1454,shaman,restoration,48,22,26
25150,Grumhild,blackmoore,1454,shaman,restoration,46,17,29
25151,Pacio,alakir,1452,shaman,restoration,93,46,47
25152,Djxyoloswag,silvermoon,1451,shaman,restoration,81,36,45
25153,Gspót,twisting-nether,1447,shaman,restoration,98,47,51
25154,Sucøre,die-nachtwache,1444,shaman,restoration,52,27,25
25155,Bonraptor,kirin-tor,1443,shaman,restoration,41,20,21
25156,Flowèn,twisting-nether,1442,shaman,restoration,45,26,19
25157,Бомжмувис,howling-fjord,1440,shaman,restoration,24,15,9
25158,Ironkraw,stormscale,1440,shaman,restoration,78,30,48
25159,Светшамка,howling-fjord,1439,shaman,restoration,24,15,9
25160,Zaiyoxgodx,thrall,1439,shaman,restoration,30,16,14
25161,Helloitsmee,thrall,1439,shaman,restoration,40,20,20
25162,Hímars,ragnaros,1439,shaman,restoration,30,15,15
25163,Nyzo,tarren-mill,1438,shaman,restoration,30,15,15
25164,Боунсе,howling-fjord,1438,shaman,restoration,36,15,21
25165,Vioceptîon,blackrock,1437,shaman,restoration,30,22,8
25166,Roineé,draenor,1436,shaman,restoration,30,15,15
25167,Okdar,stormscale,1435,shaman,restoration,54,34,20
25168,Yarali,argent-dawn,1435,shaman,restoration,24,15,9
25169,Shamnox,blackrock,1435,shaman,restoration,57,34,23
25170,Emochka,ravencrest,1435,shaman,restoration,130,60,70
25171,Kataretic,kazzak,1433,shaman,restoration,24,17,7
25172,Vorkanyx,ysondre,1433,shaman,restoration,70,36,34
25173,Шарюпокд,soulflayer,1431,shaman,restoration,36,18,18
25174,Shemanrolf,outland,1426,shaman,restoration,63,29,34
25175,Mcbloob,kazzak,1425,shaman,restoration,40,19,21
25176,Kalypsø,arthas,1423,shaman,restoration,36,15,21
25177,Ripstorm,sylvanas,1420,shaman,restoration,37,16,21
25178,Pocahøntas,archimonde,1418,shaman,restoration,38,16,22
25179,Madytz,eredar,1416,shaman,restoration,24,15,9
25180,Diya,karazhan,1414,shaman,restoration,72,33,39
25181,Jazzrod,stormscale,1413,shaman,restoration,216,107,109
25182,Mightgethexd,tarren-mill,1412,shaman,restoration,24,16,8
25183,Deadstill,ysondre,1412,shaman,restoration,24,15,9
25184,Wôdân,blackrock,1412,shaman,restoration,54,21,33
25185,Сёмабро,ashenvale,1411,shaman,restoration,178,100,78
25186,Kneggebrot,blackmoore,1411,shaman,restoration,72,32,40
25187,Patuljak,outland,1409,shaman,restoration,91,48,43
25188,Zhulnaar,hyjal,1409,shaman,restoration,42,21,21
25189,Bénathon,ravencrest,1407,shaman,restoration,33,21,12
25190,Кразтор,howling-fjord,1405,shaman,restoration,35,18,17
25191,Splashgodx,frostwolf,1401,shaman,restoration,29,15,14
25192,Smørbar,kazzak,1399,shaman,restoration,42,31,11
25193,Trustlemac,onyxia,1399,shaman,restoration,50,30,20
25194,Antey,ravencrest,1399,shaman,restoration,102,54,48
25195,Showman,archimonde,1394,shaman,restoration,197,101,96
25196,Дагод,booty-bay,1393,shaman,restoration,30,22,8
25197,Yois,nemesis,1393,shaman,restoration,66,37,29
25198,Glopper,ravencrest,1391,shaman,restoration,65,29,36
25199,Nwäar,archimonde,1390,shaman,restoration,60,34,26
25200,Sjamanisme,silvermoon,1390,shaman,restoration,114,60,54
25201,Damex,thunderhorn,1390,shaman,restoration,108,38,70
25202,Johnblånn,stormscale,1389,shaman,restoration,51,30,21
25203,Apaorkaxyz,ragnaros,1388,shaman,restoration,96,41,55
25204,Шиока,borean-tundra,1382,shaman,restoration,36,21,15
25205,Джонпсинаа,gordunni,1379,shaman,restoration,36,18,18
25206,Warianis,ravencrest,1374,shaman,restoration,51,27,24
25207,Elamentaly,draenor,1371,shaman,restoration,54,29,25
25208,Phêbz,archimonde,1371,shaman,restoration,48,25,23
25209,Wylly,aegwynn,1367,shaman,restoration,43,27,16
25210,Hulcky,grim-batol,1363,shaman,restoration,48,27,21
25211,Murmaiderz,draenor,1362,shaman,restoration,66,32,34
25212,Akrobata,silvermoon,1360,shaman,restoration,180,83,97
25213,Bâbbub,tarren-mill,1358,shaman,restoration,27,16,11
25214,Bíìerlip,twisting-nether,1357,shaman,restoration,35,20,15
25215,Bedouín,draenor,1355,shaman,restoration,82,48,34
25216,Elombrion,destromath,1355,shaman,restoration,30,16,14
25217,Ketzersend,alleria,1351,shaman,restoration,30,18,12
25218,Daboó,vashj,1347,shaman,restoration,85,48,37
25219,Asumix,illidan,1347,shaman,restoration,71,38,33
25220,Odiuum,draenor,1347,shaman,restoration,31,16,15
25221,Henchtotem,draenor,1345,shaman,restoration,38,22,16
25222,Сновидений,soulflayer,1344,shaman,restoration,49,23,26
25223,Shrekcho,twisting-nether,1342,shaman,restoration,36,25,11
25224,Bresidendo,frostwhisper,1341,shaman,restoration,54,19,35
25225,Rhakhatheckh,nemesis,1340,shaman,restoration,30,16,14
25226,Nestre,kazzak,1339,shaman,restoration,30,14,16
25227,Виелетта,gordunni,1338,shaman,restoration,24,14,10
25228,Fußpilzmann,blackmoore,1338,shaman,restoration,139,76,63
25229,Gnackbretzn,eredar,1338,shaman,restoration,48,21,27
25230,Shapperdin,darksorrow,1336,shaman,restoration,24,14,10
25231,Jíkkz,aegwynn,1335,shaman,restoration,30,14,16
25232,Xtremeshaman,blackmoore,1334,shaman,restoration,24,14,10
25233,Ксмо,gordunni,1331,shaman,restoration,24,14,10
25234,Jenyo,alakir,1327,shaman,restoration,24,14,10
25235,Vodoochild,hyjal,1327,shaman,restoration,55,23,32
25236,Jarvís,gilneas,1327,shaman,restoration,50,19,31
25237,Lariralol,malorne,1326,shaman,restoration,54,29,25
25238,Sadfemecraft,aggramar,1326,shaman,restoration,105,45,60
25239,Назульчике,razuvious,1323,shaman,restoration,29,17,12
25240,Schaname,rajaxx,1323,shaman,restoration,30,14,16
25241,Mjöllnir,blackrock,1321,shaman,restoration,108,56,52
25242,Shamingu,arathor,1319,shaman,restoration,37,20,17
25243,Slowtem,draenor,1318,shaman,restoration,41,20,21
25244,Vuls,blackmoore,1317,shaman,restoration,75,41,34
25245,Threshðld,dun-modr,1316,shaman,restoration,30,14,16
25246,Beyp,sylvanas,1315,shaman,restoration,41,22,19
25247,Jps,gorgonnash,1315,shaman,restoration,47,14,33
25248,Littledorf,ravencrest,1314,shaman,restoration,66,36,30
25249,Macchiavelli,blades-edge,1313,shaman,restoration,41,20,21
25250,Kbakasham,ravencrest,1312,shaman,restoration,50,24,26
25251,Samantouz,archimonde,1312,shaman,restoration,97,45,52
25252,Xamic,twisting-nether,1311,shaman,restoration,36,17,19
25253,Navezi,twisting-nether,1310,shaman,restoration,72,41,31
25254,Linknvm,thrall,1309,shaman,restoration,51,35,16
25255,Aceofraphy,thrall,1308,shaman,restoration,125,53,72
25256,Miesepeter,mannoroth,1306,shaman,restoration,24,14,10
25257,Shamhingo,stormscale,1306,shaman,restoration,42,14,28
25258,Schïps,kirin-tor,1305,shaman,restoration,48,26,22
25259,Durek,aerie-peak,1304,shaman,restoration,24,14,10
25260,Captaínduck,garrosh,1304,shaman,restoration,47,25,22
25261,Bluefacebaby,nemesis,1303,shaman,restoration,66,30,36
25262,Makaria,emerald-dream,1302,shaman,restoration,84,44,40
25263,Shôk,ravencrest,1302,shaman,restoration,68,35,33
25264,Monstermunch,ravencrest,1301,shaman,restoration,110,50,60
25265,Ironmack,outland,1301,shaman,restoration,36,16,20
25266,Шаеман,soulflayer,1298,shaman,restoration,36,20,16
25267,Lerosh,twisting-nether,1297,shaman,restoration,48,26,22
25268,Swedishmeat,kazzak,1297,shaman,restoration,60,32,28
25269,Крэгнор,gordunni,1295,shaman,restoration,81,43,38
25270,Shamanmode,twisting-nether,1292,shaman,restoration,42,17,25
25271,Eduorde,silvermoon,1290,shaman,restoration,37,22,15
25272,Onlytides,doomhammer,1290,shaman,restoration,36,14,22
25273,Bigrambo,draenor,1282,shaman,restoration,54,34,20
25274,Morty,tarren-mill,1279,shaman,restoration,59,27,32
25275,Umbraverfaa,twisting-nether,1278,shaman,restoration,36,15,21
25276,Iamnyka,blackrock,1276,shaman,restoration,24,17,7
25277,Shago,archimonde,1276,shaman,restoration,124,54,70
25278,Qjie,argent-dawn,1272,shaman,restoration,104,61,43
25279,Fulminare,ravencrest,1271,shaman,restoration,60,32,28
25280,Semrix,blackhand,1271,shaman,restoration,72,30,42
25281,Шайнинлайт,soulflayer,1271,shaman,restoration,107,42,65
25282,Ishkadar,twisting-nether,1270,shaman,restoration,33,15,18
25283,Freizeitler,antonidas,1270,shaman,restoration,48,20,28
25284,Жижелье,howling-fjord,1263,shaman,restoration,52,28,24
25285,Yuliy,arathor,1263,shaman,restoration,108,50,58
25286,Watashij,outland,1262,shaman,restoration,63,34,29
25287,Малекулакота,soulflayer,1261,shaman,restoration,35,14,21
25288,Azifox,hyjal,1260,shaman,restoration,25,14,11
25289,Thundersioux,ravencrest,1255,shaman,restoration,51,29,22
25290,Deaslow,hyjal,1248,shaman,restoration,18,15,3
25291,Arathoir,ravencrest,1247,shaman,restoration,24,13,11
25292,Karlurban,outland,1247,shaman,restoration,30,13,17
25293,Reparagos,sanguino,1246,shaman,restoration,25,14,11
25294,Rapedtide,thrall,1246,shaman,restoration,24,13,11
25295,Руикси,howling-fjord,1246,shaman,restoration,30,13,17
25296,Keisser,ravencrest,1244,shaman,restoration,24,13,11
25297,Shambulancex,tarren-mill,1243,shaman,restoration,24,13,11
25298,Arshak,stormscale,1243,shaman,restoration,27,14,13
25299,Dgshîtdwarf,ravencrest,1242,shaman,restoration,30,13,17
25300,Anlaki,silvermoon,1241,shaman,restoration,18,13,5
25301,Leunam,draenor,1241,shaman,restoration,52,26,26
25302,Sîggý,eredar,1237,shaman,restoration,24,13,11
25303,Abercrômbx,blackmoore,1235,shaman,restoration,24,13,11
25304,Alisàn,teldrassil,1235,shaman,restoration,109,48,61
25305,Kaletore,ragnaros,1233,shaman,restoration,48,28,20
25306,Санрэйн,soulflayer,1233,shaman,restoration,36,19,17
25307,Panicsc,twisting-nether,1231,shaman,restoration,93,42,51
25308,Kryuxs,blackrock,1229,shaman,restoration,18,13,5
25309,Alexmiamosch,thrall,1226,shaman,restoration,78,48,30
25310,Gaelic,frostmourne,1226,shaman,restoration,24,13,11
25311,Юляукраинка,gordunni,1226,shaman,restoration,43,19,24
25312,Düsterlotus,dalvengyr,1223,shaman,restoration,30,18,12
25313,Roverlos,blackrock,1223,shaman,restoration,48,23,25
25314,Sugardad,khaz-modan,1223,shaman,restoration,131,59,72
25315,Murmelï,stormreaver,1220,shaman,restoration,99,46,53
25316,Schnessert,silvermoon,1220,shaman,restoration,30,13,17
25317,Alakan,saurfang,1219,shaman,restoration,52,22,30
25318,Sickbrain,silvermoon,1216,shaman,restoration,45,19,26
25319,Lechirurgien,elune,1215,shaman,restoration,95,48,47
25320,Yasharshammy,tarren-mill,1215,shaman,restoration,36,13,23
25321,Перегной,ashenvale,1212,shaman,restoration,93,39,54
25322,Thuknala,tarren-mill,1210,shaman,restoration,46,26,20
25323,Jimmybuffett,kazzak,1209,shaman,restoration,92,45,47
25324,Deadwoodz,tarren-mill,1209,shaman,restoration,36,14,22
25325,Ephase,burning-blade,1207,shaman,restoration,55,16,39
25326,Xetri,ragnaros,1206,shaman,restoration,41,22,19
25327,Morttes,burning-legion,1205,shaman,restoration,27,14,13
25328,Nakenfeigy,stormreaver,1204,shaman,restoration,29,16,13
25329,Blöödfist,drakthul,1200,shaman,restoration,35,14,21
25330,Teccatwo,outland,1198,shaman,restoration,100,48,52
25331,Snobas,kazzak,1198,shaman,restoration,29,13,16
25332,Lolafløres,dun-modr,1194,shaman,restoration,53,37,16
25333,Братишкапинг,soulflayer,1190,shaman,restoration,98,50,48
25334,Alàstor,kazzak,1189,shaman,restoration,37,16,21
25335,Kickvando,blackmoore,1184,shaman,restoration,38,18,20
25336,Oldrym,blackrock,1183,shaman,restoration,64,25,39
25337,Penetrierer,blackrock,1181,shaman,restoration,30,16,14
25338,Biztor,jaedenar,1178,shaman,restoration,48,26,22
25339,Egí,azshara,1177,shaman,restoration,38,14,24
25340,Kvekkis,argent-dawn,1175,shaman,restoration,30,17,13
25341,Shamins,outland,1175,shaman,restoration,33,14,19
25342,Darnok,quelthalas,1173,shaman,restoration,60,29,31
25343,Praise,auchindoun,1172,shaman,restoration,35,14,21
25344,Elijaá,nordrassil,1169,shaman,restoration,60,33,27
25345,Tegellera,ravencrest,1168,shaman,restoration,53,27,26
25346,Drman,shattered-hand,1162,shaman,restoration,42,25,17
25347,Bèx,twisting-nether,1159,shaman,restoration,30,13,17
25348,Pituu,tarren-mill,1158,shaman,restoration,36,15,21
25349,Shinui,twisting-nether,1156,shaman,restoration,45,23,22
25350,Ðøminantx,stormscale,1155,shaman,restoration,30,14,16
25351,Mostachin,dun-modr,1155,shaman,restoration,64,28,36
25352,Alcam,twisting-nether,1154,shaman,restoration,77,33,44
25353,Poggsham,twisting-nether,1153,shaman,restoration,30,13,17
25354,Olînours,archimonde,1152,shaman,restoration,36,20,16
25355,Htagagain,archimonde,1151,shaman,restoration,18,12,6
25356,Teldarian,archimonde,1151,shaman,restoration,24,12,12
25357,Dêblâzê,thrall,1151,shaman,restoration,24,12,12
25358,Sprühkot,aegwynn,1151,shaman,restoration,24,12,12
25359,Sørum,grim-batol,1151,shaman,restoration,30,12,18
25360,Ripperdoc,stormreaver,1151,shaman,restoration,30,12,18
25361,Zelent,thrall,1150,shaman,restoration,18,12,6
25362,Souqixo,drakthul,1150,shaman,restoration,18,12,6
25363,Ogrilza,uldaman,1150,shaman,restoration,30,17,13
25364,Lolalovexo,kazzak,1150,shaman,restoration,30,14,16
25365,Killatotem,kazzak,1150,shaman,restoration,30,12,18
25366,Balthasa,blackhand,1149,shaman,restoration,18,12,6
25367,Dmgccbot,outland,1149,shaman,restoration,30,12,18
25368,Putzè,blackrock,1148,shaman,restoration,18,12,6
25369,Kaherad,antonidas,1148,shaman,restoration,72,33,39
25370,Pilinham,aggra-português,1148,shaman,restoration,30,12,18
25371,Vaweñ,ravencrest,1147,shaman,restoration,30,12,18
25372,Kärríegold,blackrock,1146,shaman,restoration,18,12,6
25373,Schamazon,tarren-mill,1145,shaman,restoration,18,12,6
25374,Быковат,booty-bay,1145,shaman,restoration,87,43,44
25375,Нитрочка,soulflayer,1143,shaman,restoration,24,12,12
25376,Gehrké,silvermoon,1142,shaman,restoration,18,12,6
25377,Jävlajävel,draenor,1142,shaman,restoration,58,32,26
25378,Rêêza,blackhand,1140,shaman,restoration,36,19,17
25379,Vengatrox,antonidas,1136,shaman,restoration,24,12,12
25380,Laïnàà,archimonde,1136,shaman,restoration,65,27,38
25381,Ruvxy,twisting-nether,1132,shaman,restoration,18,12,6
25382,Cloovster,magtheridon,1132,shaman,restoration,24,12,12
25383,Omgodofwar,burning-blade,1132,shaman,restoration,90,33,57
25384,Suntpraf,kazzak,1131,shaman,restoration,35,14,21
25385,Arabesk,arygos,1130,shaman,restoration,108,50,58
25386,Fîmbo,defias-brotherhood,1127,shaman,restoration,30,15,15
25387,Holshammy,nemesis,1127,shaman,restoration,90,39,51
25388,Jimkopf,eredar,1123,shaman,restoration,24,14,10
25389,Baelee,sylvanas,1116,shaman,restoration,90,39,51
25390,Lemontea,burning-blade,1112,shaman,restoration,30,12,18
25391,Woade,silvermoon,1108,shaman,restoration,30,12,18
25392,Quòr,antonidas,1106,shaman,restoration,36,24,12
25393,Sáltý,ravencrest,1103,shaman,restoration,21,12,9
25394,Ivaccineyou,blackmoore,1099,shaman,restoration,24,12,12
25395,Moonbotico,blackrock,1098,shaman,restoration,97,44,53
25396,Nafay,lordaeron,1097,shaman,restoration,42,21,21
25397,Thenasil,stormscale,1097,shaman,restoration,64,28,36
25398,Spartecøbra,dalaran,1083,shaman,restoration,36,16,20
25399,Bennycooch,silvermoon,1081,shaman,restoration,107,42,65
25400,Ухмылк,azuregos,1079,shaman,restoration,60,40,20
25401,Lanzatotems,dun-modr,1079,shaman,restoration,60,27,33
25402,Hazufel,kaelthas,1072,shaman,restoration,44,19,25
25403,Smyke,magtheridon,1069,shaman,restoration,66,34,32
25404,Flambusier,hyjal,1068,shaman,restoration,24,15,9
25405,Сорнинай,soulflayer,1068,shaman,restoration,36,15,21
25406,Undin,burning-legion,1066,shaman,restoration,36,20,16
25407,Checkpoint,defias-brotherhood,1065,shaman,restoration,30,15,15
25408,Hikigane,marécage-de-zangar,1061,shaman,restoration,48,17,31
25409,Garuga,dun-morogh,1055,shaman,restoration,24,11,13
25410,Shakgor,draenor,1054,shaman,restoration,48,27,21
25411,Elshamino,ravencrest,1054,shaman,restoration,24,11,13
25412,Blóúb,blackmoore,1054,shaman,restoration,24,11,13
25413,Reitar,burning-blade,1054,shaman,restoration,30,11,19
25414,Tiddles,arathor,1053,shaman,restoration,18,11,7
25415,Lilcake,ravencrest,1053,shaman,restoration,18,11,7
25416,Hyflex,alakir,1053,shaman,restoration,30,11,19
25417,Skrimisher,draenor,1052,shaman,restoration,18,11,7
25418,Muril,argent-dawn,1052,shaman,restoration,30,11,19
25419,Kíkjo,aegwynn,1050,shaman,restoration,18,11,7
25420,Mestgonee,draenor,1050,shaman,restoration,18,11,7
25421,Quizx,blackrock,1050,shaman,restoration,24,11,13
25422,Waterboi,blackmoore,1050,shaman,restoration,30,11,19
25423,Vickeshaman,stormreaver,1050,shaman,restoration,30,11,19
25424,Оперочек,howling-fjord,1050,shaman,restoration,42,12,30
25425,Flikus,aggra-português,1048,shaman,restoration,30,11,19
25426,Oscar,khaz-modan,1046,shaman,restoration,18,11,7
25427,Tyralià,draenor,1046,shaman,restoration,18,11,7
25428,Chokeonme,blackrock,1046,shaman,restoration,63,37,26
25429,Megumín,darksorrow,1045,shaman,restoration,18,11,7
25430,Garifus,dun-modr,1045,shaman,restoration,120,62,58
25431,Aldron,tirion,1041,shaman,restoration,18,11,7
25432,Mandoloriana,sylvanas,1041,shaman,restoration,24,11,13
25433,Bruhin,ravencrest,1039,shaman,restoration,30,11,19
25434,Kìra,darkmoon-faire,1038,shaman,restoration,18,11,7
25435,Saamjai,turalyon,1037,shaman,restoration,18,13,5
25436,Idkteam,stormscale,1037,shaman,restoration,24,11,13
25437,Slutie,stormscale,1036,shaman,restoration,23,11,12
25438,Roxxo,frostwolf,1032,shaman,restoration,18,11,7
25439,Corbo,ysondre,1029,shaman,restoration,63,34,29
25440,Лялори,gordunni,1025,shaman,restoration,60,28,32
25441,Saviothewise,aggra-português,1020,shaman,restoration,18,11,7
25442,Dasce,sylvanas,1017,shaman,restoration,30,14,16
25443,Mantoon,doomhammer,1013,shaman,restoration,30,12,18
25444,Cukkerberg,ragnaros,1010,shaman,restoration,48,19,29
25445,Rokatotem,ysondre,1006,shaman,restoration,21,11,10
25446,Blainehammer,arathor,1006,shaman,restoration,30,12,18
25447,Noulol,aegwynn,1005,shaman,restoration,23,12,11
25448,Panicblast,stormscale,1004,shaman,restoration,20,12,8
25449,Subaki,die-aldor,1003,shaman,restoration,17,11,6
25450,Венжии,soulflayer,1002,shaman,restoration,30,12,18
25451,Haginathor,twisting-nether,989,shaman,restoration,78,41,37
25452,Qusek,turalyon,987,shaman,restoration,24,12,12
25453,Valdraxx,ravencrest,987,shaman,restoration,106,52,54
25454,Teada,aegwynn,980,shaman,restoration,34,12,22
25455,Knasta,malygos,978,shaman,restoration,30,11,19
25456,Ambrosioss,kazzak,975,shaman,restoration,30,17,13
25457,Mearu,bronze-dragonflight,961,shaman,restoration,30,18,12
25458,Милжон,soulflayer,961,shaman,restoration,31,17,14
25459,Qobq,ravencrest,960,shaman,restoration,12,10,2
25460,Djtidex,conseil-des-ombres,960,shaman,restoration,12,10,2
25461,Puffeh,emeriss,960,shaman,restoration,18,10,8
25462,Elmie,outland,960,shaman,restoration,18,10,8
25463,Dremlok,burning-legion,959,shaman,restoration,12,10,2
25464,Ðtxkeks,onyxia,959,shaman,restoration,13,10,3
25465,Teldatwo,archimonde,959,shaman,restoration,18,10,8
25466,Raketenrieke,blackrock,959,shaman,restoration,18,10,8
25467,Reinu,ragnaros,959,shaman,restoration,18,10,8
25468,Hydrolîc,blackrock,959,shaman,restoration,18,10,8
25469,Crysisx,sanguino,959,shaman,restoration,18,10,8
25470,Bananis,outland,959,shaman,restoration,18,10,8
25471,Loay,blackrock,959,shaman,restoration,24,10,14
25472,Amnéshaman,ysondre,959,shaman,restoration,24,10,14
25473,Ugáa,malganis,959,shaman,restoration,24,10,14
25474,Drohx,ysondre,958,shaman,restoration,18,10,8
25475,Bosskwtt,kazzak,958,shaman,restoration,18,10,8
25476,Tentacruel,sylvanas,958,shaman,restoration,18,10,8
25477,Huux,blackmoore,958,shaman,restoration,24,10,14
25478,Neejtjak,ravencrest,958,shaman,restoration,24,10,14
25479,Чаиро,howling-fjord,958,shaman,restoration,24,10,14
25480,Bumbersham,stormscale,957,shaman,restoration,24,10,14
25481,Гарантийный,lich-king,957,shaman,restoration,24,10,14
25482,Zoolza,kirin-tor,957,shaman,restoration,36,10,26
25483,Orcinterface,tarren-mill,955,shaman,restoration,21,11,10
25484,Swahilishock,the-maelstrom,955,shaman,restoration,30,10,20
25485,Shámpain,antonidas,950,shaman,restoration,18,10,8
25486,Dwarfofwar,ravencrest,947,shaman,restoration,24,10,14
25487,Vukroth,argent-dawn,943,shaman,restoration,38,20,18
25488,Bloodvaron,zuljin,942,shaman,restoration,29,10,19
25489,Nexolok,alleria,933,shaman,restoration,54,30,24
25490,Bullvai,dun-morogh,929,shaman,restoration,62,28,34
25491,Fivezax,tarren-mill,924,shaman,restoration,18,10,8
25492,Hacyria,archimonde,924,shaman,restoration,24,13,11
25493,Zeidek,nemesis,922,shaman,restoration,60,33,27
25494,Рёнтар,howling-fjord,921,shaman,restoration,24,10,14
25495,Skunazo,sanguino,917,shaman,restoration,12,10,2
25496,Schamannen,outland,916,shaman,restoration,24,11,13
25497,Selrin,blackrock,915,shaman,restoration,84,30,54
25498,Xogor,kazzak,911,shaman,restoration,27,10,17
25499,Foxfyre,tarren-mill,893,shaman,restoration,18,10,8
25500,Georgianaa,skullcrusher,884,shaman,restoration,78,36,42
25501,Yàra,throkferoth,878,shaman,restoration,30,13,17
25502,Mysterqt,nemesis,864,shaman,restoration,12,9,3
25503,Batmanmain,twisting-nether,864,shaman,restoration,16,10,6
25504,Фатнир,soulflayer,864,shaman,restoration,18,9,9
25505,Nothexy,stormscale,864,shaman,restoration,18,9,9
25506,Holyshamixz,dun-modr,864,shaman,restoration,18,9,9
25507,Shounx,hyjal,864,shaman,restoration,18,9,9
25508,Shamiinn,ravencrest,864,shaman,restoration,18,9,9
25509,Kaptt,twisting-nether,864,shaman,restoration,18,9,9
25510,Котенокмур,soulflayer,864,shaman,restoration,24,9,15
25511,Blamy,auchindoun,863,shaman,restoration,12,9,3
25512,Shamantistik,ravencrest,863,shaman,restoration,12,9,3
25513,Geminate,stormscale,863,shaman,restoration,12,9,3
25514,Strïvïse,ysondre,863,shaman,restoration,18,9,9
25515,Redomsh,stormreaver,863,shaman,restoration,18,9,9
25516,Dréa,draenor,863,shaman,restoration,18,9,9
25517,Coöld,archimonde,863,shaman,restoration,18,9,9
25518,Thanasiss,kazzak,863,shaman,restoration,24,9,15
25519,Questionable,antonidas,863,shaman,restoration,24,9,15
25520,Милыйдед,gordunni,863,shaman,restoration,36,9,27
25521,Stolen,skullcrusher,862,shaman,restoration,12,9,3
25522,Labûche,chogall,862,shaman,restoration,18,9,9
25523,Syreer,silvermoon,862,shaman,restoration,19,9,10
25524,Pprx,tarren-mill,862,shaman,restoration,24,9,15
25525,Salmôn,twisting-nether,862,shaman,restoration,24,9,15
25526,Tonifo,nemesis,861,shaman,restoration,12,9,3
25527,Cjay,dunemaul,861,shaman,restoration,12,9,3
25528,Shamanopaf,tarren-mill,861,shaman,restoration,18,9,9
25529,Amu,ravencrest,860,shaman,restoration,18,9,9
25530,Mansquidgoat,darksorrow,859,shaman,restoration,15,10,5
25531,Orchal,defias-brotherhood,859,shaman,restoration,18,9,9
25532,Sunsham,illidan,858,shaman,restoration,18,9,9
25533,Wayoa,defias-brotherhood,856,shaman,restoration,12,9,3
25534,Дисмон,ashenvale,852,shaman,restoration,18,9,9
25535,Psyforce,argent-dawn,850,shaman,restoration,12,9,3
25536,Protv,ravencrest,845,shaman,restoration,12,9,3
25537,Numdog,stormreaver,831,shaman,restoration,17,9,8
25538,Shafallen,tarren-mill,829,shaman,restoration,14,10,4
25539,Bluelasso,ysondre,824,shaman,restoration,29,9,20
25540,Stkk,ravencrest,818,shaman,restoration,24,10,14
25541,Дрфэка,soulflayer,815,shaman,restoration,36,9,27
25542,Crixuss,argent-dawn,809,shaman,restoration,17,9,8
25543,Bomboclat,azjolnerub,806,shaman,restoration,23,9,14
25544,Shinigamy,kazzak,800,shaman,restoration,26,10,16
25545,Akwa,stormscale,799,shaman,restoration,20,9,11
25546,Gerlo,thrall,797,shaman,restoration,25,11,14
25547,Goldva,outland,780,shaman,restoration,55,25,30
25548,Squixi,ravencrest,768,shaman,restoration,12,8,4
25549,Rostislav,ravencrest,768,shaman,restoration,12,8,4
25550,Vërÿßåðxd,silvermoon,768,shaman,restoration,12,8,4
25551,Enchancement,ragnaros,768,shaman,restoration,12,8,4
25552,Ivnashaman,drakthul,768,shaman,restoration,12,8,4
25553,Socialfailur,archimonde,768,shaman,restoration,12,8,4
25554,Vibesham,outland,768,shaman,restoration,12,8,4
25555,Navajito,tarren-mill,768,shaman,restoration,12,8,4
25556,Lontarita,tarren-mill,768,shaman,restoration,12,8,4
25557,Öyama,sinstralis,768,shaman,restoration,12,8,4
25558,Mustabrutus,tarren-mill,768,shaman,restoration,16,9,7
25559,Lorko,twisting-nether,768,shaman,restoration,18,8,10
25560,Qoekke,uldum,768,shaman,restoration,18,8,10
25561,Nøraa,ravencrest,768,shaman,restoration,18,8,10
25562,Wibra,nagrand,768,shaman,restoration,18,8,10
25563,Iloveléa,ravencrest,768,shaman,restoration,18,8,10
25564,Vaaggu,stormreaver,768,shaman,restoration,18,8,10
25565,Зачикинимся,howling-fjord,768,shaman,restoration,18,8,10
25566,Тотембот,soulflayer,768,shaman,restoration,18,8,10
25567,Dapawz,defias-brotherhood,767,shaman,restoration,12,8,4
25568,Jänis,ragnaros,767,shaman,restoration,12,8,4
25569,Berasham,dalaran,767,shaman,restoration,12,8,4
25570,Torxii,antonidas,767,shaman,restoration,12,8,4
25571,Magma,kazzak,767,shaman,restoration,12,8,4
25572,Eisei,stormscale,767,shaman,restoration,12,8,4
25573,Aliatës,sanguino,767,shaman,restoration,18,8,10
25574,Iwaa,dalaran,767,shaman,restoration,18,8,10
25575,Juyina,ravencrest,767,shaman,restoration,18,8,10
25576,Eero,darksorrow,766,shaman,restoration,12,8,4
25577,Джоукх,howling-fjord,766,shaman,restoration,12,8,4
25578,Cleansing,nemesis,766,shaman,restoration,12,8,4
25579,Fernashaman,aggra-português,766,shaman,restoration,18,8,10
25580,Whatsup,aggramar,765,shaman,restoration,18,8,10
25581,Naargie,outland,765,shaman,restoration,20,8,12
25582,Ironspine,sylvanas,764,shaman,restoration,18,8,10
25583,Khattla,outland,763,shaman,restoration,12,8,4
25584,Gundersen,stormscale,763,shaman,restoration,18,8,10
25585,Rórekk,aegwynn,761,shaman,restoration,18,8,10
25586,Thuns,stormscale,759,shaman,restoration,18,8,10
25587,Øzy,sanguino,749,shaman,restoration,14,8,6
25588,Thunderberg,antonidas,746,shaman,restoration,24,8,16
25589,Дарьюша,fordragon,744,shaman,restoration,12,8,4
25590,Kuubskii,ravencrest,719,shaman,restoration,11,8,3
25591,Агмень,howling-fjord,717,shaman,restoration,39,8,31
25592,Purgérkíng,silvermoon,713,shaman,restoration,15,9,6
25593,Onkens,ravencrest,712,shaman,restoration,21,9,12
25594,Lauree,terokkar,710,shaman,restoration,23,9,14
25595,Thangog,ragnaros,703,shaman,restoration,16,8,8
25596,Грейсаша,howling-fjord,695,shaman,restoration,22,8,14
25597,Turbohulk,blackrock,688,shaman,restoration,13,8,5
25598,Melàniewalsh,archimonde,672,shaman,restoration,12,7,5
25599,Qoleck,aegwynn,672,shaman,restoration,12,7,5
25600,Dôppel,archimonde,672,shaman,restoration,12,7,5
25601,Berly,stormscale,672,shaman,restoration,12,7,5
25602,Yegera,stormscale,672,shaman,restoration,12,7,5
25603,Raintlordx,twisting-nether,672,shaman,restoration,12,7,5
25604,Rôwdy,kazzak,672,shaman,restoration,12,7,5
25605,Blackbeardxd,stormscale,672,shaman,restoration,12,7,5
25606,Pvegame,tarren-mill,672,shaman,restoration,12,7,5
25607,Alëxx,hyjal,672,shaman,restoration,12,7,5
25608,Awumbahway,outland,672,shaman,restoration,12,7,5
25609,Pepegahex,blackmoore,672,shaman,restoration,12,7,5
25610,Gigawashed,archimonde,672,shaman,restoration,12,7,5
25611,Defonceboby,archimonde,672,shaman,restoration,12,7,5
25612,Spiirit,tarren-mill,672,shaman,restoration,12,7,5
25613,Djtomp,kazzak,672,shaman,restoration,12,7,5
25614,Esher,frostwolf,672,shaman,restoration,12,7,5
25615,Zimoneris,blackmoore,672,shaman,restoration,12,7,5
25616,Árés,sanguino,672,shaman,restoration,12,7,5
25617,Pogchampz,nemesis,672,shaman,restoration,12,7,5
25618,Qicholardon,archimonde,672,shaman,restoration,12,7,5
25619,Ånny,blackmoore,672,shaman,restoration,12,7,5
25620,Winshear,twisting-nether,672,shaman,restoration,12,7,5
25621,Kataclysm,nemesis,672,shaman,restoration,18,7,11
25622,Naphe,ysondre,672,shaman,restoration,18,7,11
25623,Крэйвхх,howling-fjord,672,shaman,restoration,18,7,11
25624,Horcsog,ravencrest,672,shaman,restoration,18,7,11
25625,Sháme,azjolnerub,672,shaman,restoration,18,7,11
25626,Niesel,ravencrest,672,shaman,restoration,18,7,11
25627,Zaru,sanguino,672,shaman,restoration,18,7,11
25628,Triplewhoppa,thrall,672,shaman,restoration,18,7,11
25629,Barbebiendur,archimonde,672,shaman,restoration,18,7,11
25630,Viinny,dun-modr,672,shaman,restoration,18,7,11
25631,Agrok,jaedenar,672,shaman,restoration,18,7,11
25632,Kimsshaman,ragnaros,672,shaman,restoration,18,7,11
25633,Reticlol,kazzak,672,shaman,restoration,18,7,11
25634,Çøynx,aegwynn,672,shaman,restoration,20,7,13
25635,Shamansh,draenor,671,shaman,restoration,14,9,5
25636,Matsudah,ragnaros,671,shaman,restoration,12,7,5
25637,Rooske,draenor,671,shaman,restoration,12,7,5
25638,Elshimano,ravencrest,671,shaman,restoration,12,7,5
25639,Bufuxx,kazzak,671,shaman,restoration,12,7,5
25640,Shâdôwlîght,antonidas,671,shaman,restoration,18,7,11
25641,Mòónz,kazzak,671,shaman,restoration,18,7,11
25642,Zippidizap,ulduar,671,shaman,restoration,18,7,11
25643,Indennacken,blackmoore,671,shaman,restoration,18,7,11
25644,Bordellgast,thrall,671,shaman,restoration,18,7,11
25645,Sdkpwns,draenor,671,shaman,restoration,18,7,11
25646,Skullføck,argent-dawn,671,shaman,restoration,21,8,13
25647,Straehne,malganis,671,shaman,restoration,24,7,17
25648,Plùx,antonidas,670,shaman,restoration,12,7,5
25649,Bjorhuk,ravencrest,670,shaman,restoration,12,7,5
25650,Shèshe,uldaman,669,shaman,restoration,12,7,5
25651,Woew,tarren-mill,669,shaman,restoration,12,7,5
25652,Vulkan,kirin-tor,669,shaman,restoration,12,7,5
25653,Shacharcaspi,blackmoore,669,shaman,restoration,24,7,17
25654,Millacki,blackrock,667,shaman,restoration,18,7,11
25655,Aveet,kazzak,667,shaman,restoration,18,7,11
25656,Omeletteoeuf,silvermoon,666,shaman,restoration,12,7,5
25657,Sneggels,wrathbringer,665,shaman,restoration,21,8,13
25658,Mosterx,stormscale,664,shaman,restoration,18,7,11
25659,Bogmagnus,the-maelstrom,659,shaman,restoration,39,13,26
25660,Ayesapik,dalaran,657,shaman,restoration,12,7,5
25661,Viallinen,stormreaver,639,shaman,restoration,17,7,10
25662,Zenzua,twisting-nether,638,shaman,restoration,11,7,4
25663,Nojiko,blackrock,638,shaman,restoration,17,7,10
25664,Иоч,soulflayer,623,shaman,restoration,11,7,4
25665,Енотикусь,soulflayer,618,shaman,restoration,12,8,4
25666,Disharmony,outland,618,shaman,restoration,12,8,4
25667,Randomuwu,stormscale,616,shaman,restoration,22,8,14
25668,Мке,howling-fjord,615,shaman,restoration,29,11,18
25669,Martiinii,dragonmaw,606,shaman,restoration,11,7,4
25670,Oldveteran,eredar,576,shaman,restoration,6,6,0
25671,Imdarat,hyjal,576,shaman,restoration,6,6,0
25672,Katwio,hyjal,576,shaman,restoration,12,6,6
25673,Raiden,aegwynn,576,shaman,restoration,12,6,6
25674,Purgecleave,dalvengyr,576,shaman,restoration,12,6,6
25675,Draredemolen,archimonde,576,shaman,restoration,12,6,6
25676,Embodiment,blackrock,576,shaman,restoration,12,6,6
25677,Kaluna,outland,576,shaman,restoration,12,6,6
25678,Ninetzj,tarren-mill,576,shaman,restoration,12,6,6
25679,Lortihalsen,outland,576,shaman,restoration,12,6,6
25680,Mýthaz,archimonde,576,shaman,restoration,12,6,6
25681,Foxy,alakir,576,shaman,restoration,12,6,6
25682,Амальтейх,soulflayer,576,shaman,restoration,12,6,6
25683,Dimront,gorgonnash,576,shaman,restoration,12,6,6
25684,Blipster,tarren-mill,576,shaman,restoration,12,6,6
25685,Mêrowinger,blackhand,576,shaman,restoration,12,6,6
25686,Domo,stormscale,576,shaman,restoration,12,6,6
25687,Rckfeller,burning-legion,576,shaman,restoration,12,6,6
25688,Gromaburst,stormscale,576,shaman,restoration,12,6,6
25689,Khidon,silvermoon,576,shaman,restoration,12,6,6
25690,Jodel,tarren-mill,576,shaman,restoration,12,6,6
25691,Monamour,twisting-nether,576,shaman,restoration,12,6,6
25692,Ambuu,kazzak,576,shaman,restoration,12,6,6
25693,Kocaina,kazzak,576,shaman,restoration,12,6,6
25694,Enoughh,the-maelstrom,576,shaman,restoration,12,6,6
25695,Bigdaddyxo,tarren-mill,576,shaman,restoration,12,6,6
25696,Канамаш,borean-tundra,576,shaman,restoration,12,6,6
25697,Komodski,kazzak,576,shaman,restoration,12,6,6
25698,Stormfreg,quelthalas,576,shaman,restoration,12,6,6
25699,Runbrorun,hyjal,576,shaman,restoration,12,6,6
25700,Erepmad,ravencrest,576,shaman,restoration,12,6,6
25701,Гоэл,ashenvale,576,shaman,restoration,12,6,6
25702,Lmnn,ravencrest,576,shaman,restoration,12,6,6
25703,Thecallviper,blackmoore,576,shaman,restoration,12,6,6
25704,Neverqueue,defias-brotherhood,576,shaman,restoration,12,6,6
25705,Goodevening,tarren-mill,576,shaman,restoration,12,6,6
25706,Skottkärrà,ravencrest,576,shaman,restoration,12,6,6
25707,Wintradezki,tarren-mill,576,shaman,restoration,12,6,6
25708,Superthomas,archimonde,576,shaman,restoration,23,9,14
25709,Patsham,wildhammer,576,shaman,restoration,18,6,12
25710,Kioterasham,conseil-des-ombres,576,shaman,restoration,18,6,12
25711,Soger,mannoroth,576,shaman,restoration,18,6,12
25712,Floki,emerald-dream,576,shaman,restoration,18,6,12
25713,Rouwa,korgall,575,shaman,restoration,12,6,6
25714,Kyaz,ravencrest,575,shaman,restoration,12,6,6
25715,Crymere,chamber-of-aspects,575,shaman,restoration,12,6,6
25716,Sjearthen,defias-brotherhood,575,shaman,restoration,12,6,6
25717,Outerspace,silvermoon,575,shaman,restoration,12,6,6
25718,Shazefin,twisting-nether,575,shaman,restoration,12,6,6
25719,Bloggurt,tarren-mill,575,shaman,restoration,12,6,6
25720,Stortvloed,twisting-nether,575,shaman,restoration,12,6,6
25721,Lorthargol,chamber-of-aspects,575,shaman,restoration,18,6,12
25722,Tidushears,thrall,574,shaman,restoration,12,6,6
25723,Shamandeadly,aggra-português,574,shaman,restoration,12,6,6
25724,Manitus,sylvanas,574,shaman,restoration,12,6,6
25725,Turbokrapka,tarren-mill,574,shaman,restoration,12,6,6
25726,Kongapenes,tarren-mill,574,shaman,restoration,12,6,6
25727,Notwhoheals,executus,574,shaman,restoration,18,6,12
25728,Bolski,stormreaver,573,shaman,restoration,12,6,6
25729,Shammzy,mannoroth,573,shaman,restoration,18,6,12
25730,Polystrath,silvermoon,573,shaman,restoration,18,6,12
25731,Thundrkrakn,blackhand,573,shaman,restoration,18,6,12
25732,Alïsyo,nemesis,570,shaman,restoration,18,6,12
25733,Greenguard,argent-dawn,540,shaman,restoration,23,6,17
25734,Totemglad,drakthul,528,shaman,restoration,9,7,2
25735,Whibbler,ravencrest,528,shaman,restoration,21,7,14
25736,Télapou,ragnaros,527,shaman,restoration,11,6,5
25737,Манрото,soulflayer,526,shaman,restoration,9,6,3
25738,Mycameltotem,ravencrest,522,shaman,restoration,21,7,14
25739,Arigolds,twilights-hammer,511,shaman,restoration,11,6,5
25740,Jakesmistake,stormscale,494,shaman,restoration,11,7,4
25741,Эйвуа,gordunni,486,shaman,restoration,22,8,14
25742,Ub,garona,480,shaman,restoration,6,5,1
25743,Shamsteaks,thrall,480,shaman,restoration,6,5,1
25744,Munjar,korgall,480,shaman,restoration,6,5,1
25745,Djschamihaar,blackrock,480,shaman,restoration,6,5,1
25746,Meeq,deathwing,480,shaman,restoration,6,5,1
25747,Geneazytwo,silvermoon,480,shaman,restoration,6,5,1
25748,Hogmodig,tarren-mill,480,shaman,restoration,6,5,1
25749,Antikahraman,blackrock,480,shaman,restoration,6,5,1
25750,Awwey,stormscale,480,shaman,restoration,6,5,1
25751,Kelvok,silvermoon,480,shaman,restoration,6,5,1
25752,Costakislolz,twisting-nether,480,shaman,restoration,6,5,1
25753,Qwauzinator,silvermoon,480,shaman,restoration,6,5,1
25754,Doubleshamz,the-maelstrom,480,shaman,restoration,6,5,1
25755,Uanl,stormscale,480,shaman,restoration,12,5,7
25756,Maelynda,argent-dawn,480,shaman,restoration,12,5,7
25757,Qishwilu,ravencrest,480,shaman,restoration,12,5,7
25758,Nøný,gorgonnash,480,shaman,restoration,12,5,7
25759,Volwerin,blackhand,480,shaman,restoration,12,5,7
25760,Hakunax,twisting-nether,480,shaman,restoration,12,5,7
25761,Thyeori,stormscale,480,shaman,restoration,12,5,7
25762,Flandersx,ravencrest,480,shaman,restoration,12,5,7
25763,Tigo,tarren-mill,480,shaman,restoration,12,5,7
25764,Lumière,alonsus,480,shaman,restoration,12,5,7
25765,Totemiclol,aegwynn,480,shaman,restoration,12,5,7
25766,Kemmi,dalaran,480,shaman,restoration,12,5,7
25767,Cheerz,ravencrest,480,shaman,restoration,12,5,7
25768,Aeknor,ravencrest,480,shaman,restoration,12,5,7
25769,Evííl,tarren-mill,480,shaman,restoration,12,5,7
25770,Tooltip,tarren-mill,480,shaman,restoration,12,5,7
25771,Riptidegodx,archimonde,480,shaman,restoration,12,5,7
25772,Évileye,silvermoon,480,shaman,restoration,12,5,7
25773,Bandyy,magtheridon,480,shaman,restoration,12,5,7
25774,Spaceboy,archimonde,480,shaman,restoration,12,5,7
25775,Caliqueños,sanguino,480,shaman,restoration,12,5,7
25776,Nevagonalink,archimonde,480,shaman,restoration,12,5,7
25777,Libano,archimonde,480,shaman,restoration,12,5,7
25778,Leafplsx,blackrock,480,shaman,restoration,12,5,7
25779,Sliiderr,draenor,480,shaman,restoration,12,5,7
25780,Unleashme,sylvanas,480,shaman,restoration,12,5,7
25781,Adzkímo,tarren-mill,480,shaman,restoration,12,5,7
25782,Shamarco,nemesis,480,shaman,restoration,12,5,7
25783,Kempfer,blackrock,480,shaman,restoration,12,5,7
25784,Lontarsdaddy,twisting-nether,480,shaman,restoration,12,5,7
25785,Markboymint,earthen-ring,480,shaman,restoration,12,5,7
25786,Styllz,uldaman,480,shaman,restoration,12,5,7
25787,Jakeir,auchindoun,480,shaman,restoration,12,5,7
25788,Papskalla,ravencrest,480,shaman,restoration,12,5,7
25789,Xentic,kazzak,480,shaman,restoration,12,5,7
25790,Burrowabuser,nemesis,480,shaman,restoration,12,5,7
25791,Kardris,nemesis,480,shaman,restoration,12,5,7
25792,Кенниарт,howling-fjord,480,shaman,restoration,18,5,13
25793,Селфлессх,soulflayer,480,shaman,restoration,18,5,13
25794,Bruho,mazrigos,480,shaman,restoration,18,5,13
25795,Drakahaar,burning-blade,480,shaman,restoration,18,5,13
25796,Nêgan,ravencrest,480,shaman,restoration,22,5,17
25797,Jelincic,ravencrest,480,shaman,restoration,24,5,19
25798,Banilikum,tarren-mill,480,shaman,restoration,24,5,19
25799,Savan,darkspear,480,shaman,restoration,24,5,19
25800,Rawtex,draenor,480,shaman,restoration,26,5,21
25801,Gelaende,thrall,479,shaman,restoration,12,5,7
25802,Ominouslove,twisting-nether,479,shaman,restoration,12,5,7
25803,Donnerbubele,aegwynn,479,shaman,restoration,12,5,7
25804,Jotuna,argent-dawn,478,shaman,restoration,18,5,13
25805,Thrallallero,pozzo-delleternità,477,shaman,restoration,12,5,7
25806,Killhorn,malganis,474,shaman,restoration,12,5,7
25807,Shamanarama,sylvanas,463,shaman,restoration,23,5,18
25808,Asahi,arthas,447,shaman,restoration,11,5,6
25809,Altesh,die-todeskrallen,446,shaman,restoration,10,5,5
25810,Cotêaz,thrall,446,shaman,restoration,10,5,5
25811,Cømedian,ragnaros,431,shaman,restoration,9,6,3
25812,Suculenta,zuljin,426,shaman,restoration,11,5,6
25813,Shamakerr,tarren-mill,426,shaman,restoration,17,7,10
25814,Äppelpaj,earthen-ring,426,shaman,restoration,15,6,9
25815,Ulrichh,twisting-nether,415,shaman,restoration,8,5,3
25816,Blixtlasse,magtheridon,400,shaman,restoration,13,5,8
25817,Shàyâ,ysondre,384,shaman,restoration,6,4,2
25818,Abx,draenor,384,shaman,restoration,6,4,2
25819,Invade,darkspear,384,shaman,restoration,6,4,2
25820,Bandulski,twisting-nether,384,shaman,restoration,6,4,2
25821,Eras,ragnaros,384,shaman,restoration,6,4,2
25822,Soffsittaren,kazzak,384,shaman,restoration,6,4,2
25823,Thriveqt,nemesis,384,shaman,restoration,6,4,2
25824,Flùffy,nemesis,384,shaman,restoration,6,4,2
25825,Pank,kazzak,384,shaman,restoration,6,4,2
25826,Robbie,dentarg,384,shaman,restoration,6,4,2
25827,Gotta,dethecus,384,shaman,restoration,6,4,2
25828,Роджермур,howling-fjord,384,shaman,restoration,6,4,2
25829,Kekke,uldum,384,shaman,restoration,6,4,2
25830,Imdax,hyjal,384,shaman,restoration,6,4,2
25831,Æxs,archimonde,384,shaman,restoration,6,4,2
25832,Prup,tarren-mill,384,shaman,restoration,6,4,2
25833,Wawawoowee,archimonde,384,shaman,restoration,6,4,2
25834,Yozgatlilan,aegwynn,384,shaman,restoration,6,4,2
25835,Artîe,archimonde,384,shaman,restoration,6,4,2
25836,Ongedierte,tarren-mill,384,shaman,restoration,6,4,2
25837,Johnnysîns,blackhand,384,shaman,restoration,6,4,2
25838,Хотдевил,gordunni,384,shaman,restoration,6,4,2
25839,Kundt,dalaran,384,shaman,restoration,6,4,2
25840,Bountiti,dun-modr,384,shaman,restoration,6,4,2
25841,Waterboy,tarren-mill,384,shaman,restoration,6,4,2
25842,Электро,thermaplugg,384,shaman,restoration,6,4,2
25843,Zhead,aggramar,384,shaman,restoration,6,4,2
25844,Lingz,auchindoun,384,shaman,restoration,6,4,2
25845,Keräx,cthun,384,shaman,restoration,6,4,2
25846,Ærthgød,stormscale,384,shaman,restoration,6,4,2
25847,Nellytko,aegwynn,384,shaman,restoration,6,4,2
25848,Greatørc,tarren-mill,384,shaman,restoration,6,4,2
25849,Hamuksha,nerathor,384,shaman,restoration,6,4,2
25850,Totembeard,frostmourne,384,shaman,restoration,6,4,2
25851,Axéron,blackhand,384,shaman,restoration,6,4,2
25852,Grimn,burning-legion,384,shaman,restoration,6,4,2
25853,Tidors,burning-legion,384,shaman,restoration,6,4,2
25854,Cuchullaín,blackmoore,384,shaman,restoration,6,4,2
25855,Tosaá,antonidas,384,shaman,restoration,6,4,2
25856,Sikro,frostwolf,384,shaman,restoration,6,4,2
25857,Tingyspanky,twisting-nether,384,shaman,restoration,9,5,4
25858,Criticalx,eredar,384,shaman,restoration,15,5,10
25859,Kaffekask,stormscale,384,shaman,restoration,12,4,8
25860,Kerfo,ragnaros,384,shaman,restoration,12,4,8
25861,Tteïl,archimonde,384,shaman,restoration,12,4,8
25862,Zyphiz,twisting-nether,384,shaman,restoration,12,4,8
25863,Shinds,archimonde,384,shaman,restoration,12,4,8
25864,Theshammy,vashj,384,shaman,restoration,12,4,8
25865,Kuyamii,blackrock,384,shaman,restoration,12,4,8
25866,Gharn,sanguino,384,shaman,restoration,12,4,8
25867,Ранняяпташка,soulflayer,384,shaman,restoration,12,4,8
25868,Lavababe,blackmoore,384,shaman,restoration,12,4,8
25869,Bigfatjay,stormscale,384,shaman,restoration,12,4,8
25870,Wagaluu,ravencrest,384,shaman,restoration,12,4,8
25871,Fünkchn,zuluhed,384,shaman,restoration,12,4,8
25872,Saksyl,zuljin,384,shaman,restoration,12,4,8
25873,Pasjeop,ravencrest,384,shaman,restoration,12,4,8
25874,Thefirebird,blackhand,384,shaman,restoration,12,4,8
25875,Unbrokeñ,stormscale,384,shaman,restoration,12,4,8
25876,Serasol,sylvanas,384,shaman,restoration,12,4,8
25877,Numbs,tarren-mill,384,shaman,restoration,12,4,8
25878,Daklickshamy,blackmoore,384,shaman,restoration,12,4,8
25879,Bolg,veklor,384,shaman,restoration,12,4,8
25880,Smahamtwo,stormscale,384,shaman,restoration,12,4,8
25881,Vey,hyjal,384,shaman,restoration,12,4,8
25882,Энхай,azuregos,384,shaman,restoration,12,4,8
25883,Abdegor,burning-legion,384,shaman,restoration,12,4,8
25884,Sempaihentai,draenor,384,shaman,restoration,12,4,8
25885,Keén,burning-legion,384,shaman,restoration,12,4,8
25886,Меготип,deathweaver,384,shaman,restoration,12,4,8
25887,Archsha,burning-legion,384,shaman,restoration,12,4,8
25888,Maluch,burning-legion,384,shaman,restoration,12,4,8
25889,Bobaléh,ravencrest,384,shaman,restoration,12,4,8
25890,Drakamaa,ravencrest,384,shaman,restoration,12,4,8
25891,Gards,sylvanas,384,shaman,restoration,18,4,14
25892,Frosthamer,ragnaros,383,shaman,restoration,6,4,2
25893,Darthshox,outland,383,shaman,restoration,10,5,5
25894,Zerwurster,thrall,383,shaman,restoration,12,4,8
25895,Sleyvarian,chamber-of-aspects,383,shaman,restoration,12,4,8
25896,Jhaky,dun-modr,383,shaman,restoration,12,4,8
25897,Slippyjim,azshara,382,shaman,restoration,12,4,8
25898,Avatarroku,blackhand,382,shaman,restoration,12,4,8
25899,Xpone,blackrock,380,shaman,restoration,12,4,8
25900,Icytide,kazzak,378,shaman,restoration,18,7,11
25901,Zboubii,archimonde,351,shaman,restoration,17,4,13
25902,Gunhyld,hyjal,335,shaman,restoration,11,4,7
25903,Pcr,archimonde,330,shaman,restoration,9,5,4
25904,Xoxoxoxoa,twisting-nether,328,shaman,restoration,29,6,23
25905,Zhangliyi,ravencrest,319,shaman,restoration,5,4,1
25906,Murog,dalaran,319,shaman,restoration,8,4,4
25907,Видсон,soulflayer,288,shaman,restoration,6,3,3
25908,Драмкул,soulflayer,288,shaman,restoration,6,3,3
25909,Велоун,soulflayer,288,shaman,restoration,6,3,3
25910,Cristhor,nemesis,288,shaman,restoration,6,3,3
25911,Chainbeef,blackmoore,288,shaman,restoration,6,3,3
25912,Ravenshock,bloodfeather,288,shaman,restoration,6,3,3
25913,Corintho,blackmoore,288,shaman,restoration,6,3,3
25914,Majinbeb,hyjal,288,shaman,restoration,6,3,3
25915,Bandiitti,darksorrow,288,shaman,restoration,6,3,3
25916,Shamamamin,argent-dawn,288,shaman,restoration,6,3,3
25917,Groundcslol,kazzak,288,shaman,restoration,6,3,3
25918,Bingo,tarren-mill,288,shaman,restoration,6,3,3
25919,Бриз,blackscar,288,shaman,restoration,6,3,3
25920,Grosgourdin,la-croisade-écarlate,288,shaman,restoration,6,3,3
25921,Cøkka,hyjal,288,shaman,restoration,6,3,3
25922,Mefl,tarren-mill,288,shaman,restoration,6,3,3
25923,Rndshaman,thrall,288,shaman,restoration,6,3,3
25924,Shamoobob,archimonde,288,shaman,restoration,6,3,3
25925,Muddy,argent-dawn,288,shaman,restoration,6,3,3
25926,Votie,tarren-mill,288,shaman,restoration,6,3,3
25927,Kalinn,sylvanas,288,shaman,restoration,6,3,3
25928,Binslagala,zuljin,288,shaman,restoration,6,3,3
25929,Stinkyfînger,draenor,288,shaman,restoration,6,3,3
25930,Shockjob,kazzak,288,shaman,restoration,6,3,3
25931,Totemboyuk,tarren-mill,288,shaman,restoration,6,3,3
25932,Bûttâ,archimonde,288,shaman,restoration,6,3,3
25933,Jilyu,blackmoore,288,shaman,restoration,6,3,3
25934,Pyrotoad,blackmoore,288,shaman,restoration,6,3,3
25935,Pépón,dun-modr,288,shaman,restoration,6,3,3
25936,Brandbombe,frostwolf,288,shaman,restoration,6,3,3
25937,Abalenn,kazzak,288,shaman,restoration,6,3,3
25938,Shànnón,kazzak,288,shaman,restoration,6,3,3
25939,Wealey,drakthul,288,shaman,restoration,6,3,3
25940,Елемчикх,gordunni,288,shaman,restoration,6,3,3
25941,Icecold,grim-batol,288,shaman,restoration,6,3,3
25942,Kimunamatata,draenor,288,shaman,restoration,6,3,3
25943,Ханикс,blackscar,288,shaman,restoration,6,3,3
25944,Corlysvelary,doomhammer,288,shaman,restoration,6,3,3
25945,Glak,draenor,288,shaman,restoration,6,3,3
25946,Prepegahex,blackmoore,288,shaman,restoration,6,3,3
25947,Moistpuss,kazzak,288,shaman,restoration,6,3,3
25948,Кхуздуфар,blackscar,288,shaman,restoration,6,3,3
25949,Chadshaman,antonidas,288,shaman,restoration,6,3,3
25950,Ragnesch,aegwynn,288,shaman,restoration,6,3,3
25951,Stibs,silvermoon,288,shaman,restoration,6,3,3
25952,Blboz,grim-batol,288,shaman,restoration,6,3,3
25953,Zapyboye,grim-batol,288,shaman,restoration,6,3,3
25954,Richtigfies,kazzak,288,shaman,restoration,6,3,3
25955,Вэллкомм,gordunni,288,shaman,restoration,6,3,3
25956,Kilazz,twisting-nether,288,shaman,restoration,6,3,3
25957,Bharudor,antonidas,288,shaman,restoration,6,3,3
25958,Shmøn,outland,288,shaman,restoration,6,3,3
25959,Rna,ragnaros,288,shaman,restoration,6,3,3
25960,Rkeev,blackrock,288,shaman,restoration,6,3,3
25961,Tarzh,dalaran,288,shaman,restoration,6,3,3
25962,Jazzcore,twisting-nether,288,shaman,restoration,6,3,3
25963,Nyfario,marécage-de-zangar,288,shaman,restoration,6,3,3
25964,Ярусскийй,howling-fjord,288,shaman,restoration,6,3,3
25965,Horiq,kazzak,288,shaman,restoration,6,3,3
25966,Faìnt,stormscale,288,shaman,restoration,6,3,3
25967,Oldmanrena,stormscale,288,shaman,restoration,6,3,3
25968,Nohealtilt,stormscale,288,shaman,restoration,6,3,3
25969,Tenror,ragnaros,288,shaman,restoration,6,3,3
25970,Soulsh,die-ewige-wacht,288,shaman,restoration,6,3,3
25971,Aboveaverage,stormscale,288,shaman,restoration,12,3,9
25972,Kuzsham,archimonde,288,shaman,restoration,12,3,9
25973,Sorcerus,burning-legion,288,shaman,restoration,12,3,9
25974,Oningodx,drakthul,288,shaman,restoration,12,3,9
25975,Rheax,tarren-mill,288,shaman,restoration,12,3,9
25976,Mazu,spinebreaker,288,shaman,restoration,12,3,9
25977,Hobblefoot,stormscale,288,shaman,restoration,12,3,9
25978,Flameshock,area-52,288,shaman,restoration,12,3,9
25979,Feizhousa,outland,288,shaman,restoration,12,3,9
25980,Nixxy,magtheridon,288,shaman,restoration,12,3,9
25981,Wtbtoes,ravencrest,288,shaman,restoration,12,3,9
25982,Thrallotido,sanguino,288,shaman,restoration,12,3,9
25983,Madrävëngodx,ragnaros,288,shaman,restoration,12,3,9
25984,Thísisrestø,sanguino,288,shaman,restoration,12,3,9
25985,Magicflames,draenor,288,shaman,restoration,12,3,9
25986,Volstorm,ysondre,288,shaman,restoration,12,3,9
25987,Charquanda,argent-dawn,288,shaman,restoration,12,3,9
25988,Kandrox,blackmoore,288,shaman,restoration,12,3,9
25989,Krugx,draenor,288,shaman,restoration,12,3,9
25990,Бэкдафакапп,blackscar,288,shaman,restoration,12,3,9
25991,Колбаскофф,gordunni,288,shaman,restoration,12,3,9
25992,Hastabasta,sylvanas,288,shaman,restoration,12,3,9
25993,Pòcho,kazzak,288,shaman,restoration,17,3,14
25994,Áchilleus,kazzak,288,shaman,restoration,18,3,15
25995,Quiec,kazzak,288,shaman,restoration,18,3,15
25996,Patites,twisting-nether,287,shaman,restoration,6,3,3
25997,Sakoon,twisting-nether,287,shaman,restoration,6,3,3
25998,Deeblu,nemesis,287,shaman,restoration,12,3,9
25999,Mwnci,anachronos,287,shaman,restoration,18,3,15
26000,Rbghêâl,blackrock,287,shaman,restoration,18,3,15
26001,Mimsy,hyjal,285,shaman,restoration,12,3,9
26002,Crazypurgeqt,arathor,255,shaman,restoration,17,3,14
26003,Randomshamx,ravencrest,239,shaman,restoration,5,3,2
26004,Brigantino,burning-legion,239,shaman,restoration,5,3,2
26005,Elliesham,kazzak,239,shaman,restoration,5,3,2
26006,Tickly,blackhand,239,shaman,restoration,5,3,2
26007,Yukîmøn,hyjal,234,shaman,restoration,11,4,7
26008,Ikó,kazzak,234,shaman,restoration,22,6,16
26009,Còób,ravencrest,192,shaman,restoration,6,2,4
26010,Jacquisham,archimonde,192,shaman,restoration,6,2,4
26011,Пучмек,gordunni,192,shaman,restoration,6,2,4
26012,Khayac,ravencrest,192,shaman,restoration,6,2,4
26013,Kevox,malganis,192,shaman,restoration,6,2,4
26014,Pebble,blackrock,192,shaman,restoration,6,2,4
26015,Srøgg,archimonde,192,shaman,restoration,6,2,4
26016,Wahya,stormscale,192,shaman,restoration,6,2,4
26017,Lausimhaus,blackrock,192,shaman,restoration,6,2,4
26018,Grende,sylvanas,192,shaman,restoration,6,2,4
26019,Obêlixx,blackmoore,192,shaman,restoration,6,2,4
26020,Oladoda,archimonde,192,shaman,restoration,6,2,4
26021,Pumanii,silvermoon,192,shaman,restoration,6,2,4
26022,Nassîî,blackhand,192,shaman,restoration,6,2,4
26023,Чиллаут,howling-fjord,192,shaman,restoration,6,2,4
26024,Shàwyn,sylvanas,192,shaman,restoration,6,2,4
26025,Totemino,silvermoon,192,shaman,restoration,6,2,4
26026,Cragouz,archimonde,192,shaman,restoration,6,2,4
26027,Sàs,zuljin,192,shaman,restoration,6,2,4
26028,Schmamane,blutkessel,192,shaman,restoration,6,2,4
26029,Roxyzwergal,aegwynn,192,shaman,restoration,6,2,4
26030,Vyrá,onyxia,192,shaman,restoration,6,2,4
26031,Mikhey,archimonde,192,shaman,restoration,6,2,4
26032,Baboss,blutkessel,192,shaman,restoration,6,2,4
26033,Raincaller,archimonde,192,shaman,restoration,6,2,4
26034,Shamdren,outland,192,shaman,restoration,6,2,4
26035,Bumbummann,blackmoore,192,shaman,restoration,6,2,4
26036,Lycburst,twisting-nether,192,shaman,restoration,6,2,4
26037,Agorasiya,frostwolf,192,shaman,restoration,6,2,4
26038,Basegrandpa,ravencrest,192,shaman,restoration,6,2,4
26039,Imbahlink,draenor,192,shaman,restoration,6,2,4
26040,Chêlëx,silvermoon,192,shaman,restoration,6,2,4
26041,Tobbey,tarren-mill,192,shaman,restoration,6,2,4
26042,Элементаликс,ashenvale,192,shaman,restoration,6,2,4
26043,Lexus,nordrassil,192,shaman,restoration,6,2,4
26044,Anteja,kazzak,192,shaman,restoration,6,2,4
26045,Liferqt,nemesis,192,shaman,restoration,6,2,4
26046,Maybeyes,twisting-nether,192,shaman,restoration,6,2,4
26047,Palarins,dalaran,192,shaman,restoration,6,2,4
26048,Lêss,ysondre,192,shaman,restoration,6,2,4
26049,Wåe,outland,192,shaman,restoration,6,2,4
26050,Урахарочка,soulflayer,192,shaman,restoration,6,2,4
26051,Berascendz,argent-dawn,192,shaman,restoration,6,2,4
26052,Боргирх,soulflayer,192,shaman,restoration,6,2,4
26053,Ånný,blackmoore,192,shaman,restoration,6,2,4
26054,Rihi,twisting-nether,192,shaman,restoration,6,2,4
26055,Ðiezz,ysondre,192,shaman,restoration,6,2,4
26056,Sablolix,ravencrest,192,shaman,restoration,6,2,4
26057,Kàji,ravencrest,192,shaman,restoration,6,2,4
26058,Sniipy,blackmoore,192,shaman,restoration,6,2,4
26059,Renátosz,ragnaros,192,shaman,restoration,6,2,4
26060,Pûrge,tarren-mill,192,shaman,restoration,6,2,4
26061,Shupp,stormscale,192,shaman,restoration,6,2,4
26062,Strikerz,aggra-português,192,shaman,restoration,7,2,5
26063,Ekxr,kazzak,192,shaman,restoration,12,2,10
26064,Nuekx,sanguino,192,shaman,restoration,12,2,10
26065,Saarroo,ravencrest,192,shaman,restoration,12,2,10
26066,Cptnkirby,malganis,192,shaman,restoration,12,2,10
26067,Samisu,blackmoore,192,shaman,restoration,12,2,10
26068,Nêôô,blackrock,192,shaman,restoration,12,2,10
26069,Ozzlac,thrall,192,shaman,restoration,12,2,10
26070,Muntark,thrall,192,shaman,restoration,12,2,10
26071,Valuriya,blackhand,191,shaman,restoration,6,2,4
26072,Kanuw,kilrogg,191,shaman,restoration,6,2,4
26073,Jøw,dun-modr,191,shaman,restoration,6,2,4
26074,Penumbrah,kazzak,191,shaman,restoration,26,2,24
26075,Ghafo,norgannon,159,shaman,restoration,5,2,3
26076,Jecastyle,sanguino,138,shaman,restoration,8,3,5
26077,Ruzgork,nerzhul,138,shaman,restoration,9,3,6
26078,Belldandý,archimonde,128,shaman,restoration,4,2,2
26079,Shamaray,stormscale,127,shaman,restoration,8,2,6
26080,Kelshaj,thrall,96,shaman,restoration,3,2,1
26081,Moglibard,grim-batol,96,shaman,restoration,6,1,5
26082,Rahuna,darksorrow,96,shaman,restoration,6,1,5
26083,Reflux,outland,96,shaman,restoration,6,1,5
26084,Таззикшок,soulflayer,96,shaman,restoration,6,1,5
26085,Xilquid,darksorrow,96,shaman,restoration,6,1,5
26086,Фистинктотем,soulflayer,96,shaman,restoration,6,1,5
26087,Rëazx,archimonde,96,shaman,restoration,6,1,5
26088,Jaeslin,tarren-mill,96,shaman,restoration,6,1,5
26089,Dälon,thrall,96,shaman,restoration,6,1,5
26090,Efdemin,blackmoore,96,shaman,restoration,6,1,5
26091,Picklechris,tarren-mill,96,shaman,restoration,6,1,5
26092,Mystico,sanguino,96,shaman,restoration,6,1,5
26093,Garulf,twisting-nether,96,shaman,restoration,6,1,5
26094,Sparkygrill,eredar,96,shaman,restoration,6,1,5
26095,Elchivo,blackrock,96,shaman,restoration,6,1,5
26096,Zimzalabling,kazzak,96,shaman,restoration,6,1,5
26097,Geifmeat,kazzak,96,shaman,restoration,6,1,5
26098,Zethh,antonidas,96,shaman,restoration,6,1,5
26099,Ibkdalen,stormscale,96,shaman,restoration,6,1,5
26100,Cirøsham,ravencrest,96,shaman,restoration,6,1,5
26101,Ronell,argent-dawn,96,shaman,restoration,6,1,5
26102,Eclaîr,thrall,96,shaman,restoration,6,1,5
26103,Ohheck,outland,96,shaman,restoration,6,1,5
26104,Gauss,agamaggan,96,shaman,restoration,6,1,5
26105,Clearwaters,tarren-mill,96,shaman,restoration,6,1,5
26106,Aguero,aegwynn,96,shaman,restoration,6,1,5
26107,Anieszka,malganis,96,shaman,restoration,6,1,5
26108,Chênoya,blackrock,96,shaman,restoration,6,1,5
26109,Hotstorm,bronzebeard,96,shaman,restoration,6,1,5
26110,Diabolous,drakthul,96,shaman,restoration,6,1,5
26111,Qwázú,silvermoon,96,shaman,restoration,6,1,5
26112,Greenbo,burning-blade,96,shaman,restoration,6,1,5
26113,Porke,moonglade,96,shaman,restoration,6,1,5
26114,Dvrg,antonidas,96,shaman,restoration,6,1,5
26115,Cy,aszune,96,shaman,restoration,6,1,5
26116,Zeiger,minahonda,96,shaman,restoration,6,1,5
26117,Cupído,malganis,96,shaman,restoration,6,1,5
26118,Shamgott,silvermoon,96,shaman,restoration,6,1,5
26119,Kimpa,minahonda,96,shaman,restoration,6,1,5
26120,Moonlanced,aegwynn,96,shaman,restoration,6,1,5
26121,Happyjuice,silvermoon,96,shaman,restoration,6,1,5
26122,Freeleys,silvermoon,96,shaman,restoration,12,1,11
26123,Ikeaboy,eredar,96,shaman,restoration,12,1,11
26124,Goldhand,ravencrest,96,shaman,restoration,12,1,11
26125,Mvvp,stormscale,96,shaman,restoration,12,1,11
26126,Tiamât,culte-de-la-rive-noire,96,shaman,restoration,12,1,11
26127,Chunkss,argent-dawn,96,shaman,restoration,12,1,11
26128,Akuha,dun-modr,96,shaman,restoration,12,1,11
26129,Porre,zuljin,96,shaman,restoration,12,1,11
26130,Theodorix,silvermoon,96,shaman,restoration,12,1,11
26131,Íss,cthun,96,shaman,restoration,12,1,11
26132,Kvelertak,guldan,96,shaman,restoration,18,1,17
26133,Hairball,turalyon,95,shaman,restoration,6,2,4
26134,Twotwozero,defias-brotherhood,95,shaman,restoration,6,1,5
26135,Taiki,sylvanas,90,shaman,restoration,13,4,9
26136,Realiz,ysondre,79,shaman,restoration,5,1,4
26137,Jamienisme,ravencrest,79,shaman,restoration,5,1,4
26138,Destrosoul,kazzak,64,shaman,restoration,4,1,3
26139,Гвинневра,azuregos,63,shaman,restoration,2,2,0
26140,Icozy,stormscale,48,shaman,restoration,3,1,2
26141,Mcgrêgor,aegwynn,42,shaman,restoration,9,3,6
26142,Paskapallo,sylvanas,42,shaman,restoration,8,2,6
26143,Icanbreathe,ravencrest,42,shaman,restoration,9,2,7
26144,Shammez,ravencrest,42,shaman,restoration,11,2,9
26145,Drøgøs,dun-modr,42,shaman,restoration,12,2,10
26146,Rngo,blackrock,2305,shaman,elemental,72,46,26
26147,Reibanit,twisting-nether,2284,shaman,elemental,147,86,61
26148,Rungõo,blackrock,2267,shaman,elemental,84,48,36
26149,Proccit,blackrock,2226,shaman,elemental,90,50,40
26150,Lexila,doomhammer,2225,shaman,elemental,215,122,93
26151,Silden,thrall,2209,shaman,elemental,103,60,43
26152,Lavaole,blackrock,2185,shaman,elemental,78,42,36
26153,Shiggenbasta,kazzak,2166,shaman,elemental,78,46,32
26154,Tommybanger,kazzak,2158,shaman,elemental,75,49,26
26155,Shamanazor,twisting-nether,2153,shaman,elemental,66,41,25
26156,Baldcreep,blackrock,2147,shaman,elemental,54,35,19
26157,Space,stormscale,2144,shaman,elemental,126,66,60
26158,Trickful,kazzak,2136,shaman,elemental,60,42,18
26159,Edshearen,stormscale,2127,shaman,elemental,68,42,26
26160,Eupra,archimonde,2126,shaman,elemental,72,40,32
26161,Theglue,kilrogg,2124,shaman,elemental,60,36,24
26162,Smorchamp,sanguino,2110,shaman,elemental,84,44,40
26163,Wisplol,ravencrest,2094,shaman,elemental,124,68,56
26164,Drshock,blackmoore,2077,shaman,elemental,84,42,42
26165,Båkka,ysondre,2074,shaman,elemental,54,32,22
26166,Маигваза,soulflayer,2067,shaman,elemental,54,37,17
26167,Lavayoshi,kazzak,2026,shaman,elemental,72,48,24
26168,Blyatifulday,malganis,1994,shaman,elemental,66,36,30
26169,Jelvin,tarren-mill,1992,shaman,elemental,60,33,27
26170,Onceinalife,ambossar,1978,shaman,elemental,155,83,72
26171,Satisfya,ambossar,1957,shaman,elemental,59,34,25
26172,Ryysham,ravencrest,1955,shaman,elemental,75,43,32
26173,Eyi,ambossar,1955,shaman,elemental,86,46,40
26174,Pipousham,blackhand,1954,shaman,elemental,47,26,21
26175,Flanax,hyjal,1951,shaman,elemental,54,36,18
26176,Ghostwolfgg,archimonde,1930,shaman,elemental,42,27,15
26177,Nekhros,sargeras,1926,shaman,elemental,122,69,53
26178,Blackyx,cthun,1921,shaman,elemental,54,35,19
26179,Punished,blackrock,1920,shaman,elemental,83,48,35
26180,Ìløvêxÿú,ravencrest,1919,shaman,elemental,42,26,16
26181,Guzzelinare,tarren-mill,1913,shaman,elemental,30,20,10
26182,Mcmxcvi,ravencrest,1913,shaman,elemental,53,32,21
26183,Suldaro,aegwynn,1913,shaman,elemental,67,36,31
26184,Uselesslaso,sanguino,1899,shaman,elemental,59,28,31
26185,Smorclelx,khadgar,1896,shaman,elemental,102,58,44
26186,Raintlordx,twisting-nether,1894,shaman,elemental,30,25,5
26187,Thyeori,stormscale,1893,shaman,elemental,48,24,24
26188,Totemlié,ravencrest,1887,shaman,elemental,42,27,15
26189,Mjorè,twisting-nether,1887,shaman,elemental,73,35,38
26190,Bärtigeberta,aegwynn,1886,shaman,elemental,36,22,14
26191,Nokster,twisting-nether,1880,shaman,elemental,48,32,16
26192,Gungo,deathwing,1880,shaman,elemental,36,20,16
26193,Teslashock,outland,1879,shaman,elemental,30,20,10
26194,Volcanò,outland,1877,shaman,elemental,175,90,85
26195,Obryss,tarren-mill,1876,shaman,elemental,36,20,16
26196,Psyku,outland,1875,shaman,elemental,42,20,22
26197,Nevershearx,blackrock,1873,shaman,elemental,48,25,23
26198,Borbor,argent-dawn,1858,shaman,elemental,46,23,23
26199,Kärríegold,blackrock,1848,shaman,elemental,147,77,70
26200,Paulbaniel,alonsus,1837,shaman,elemental,66,32,34
26201,Dräpàrn,sylvanas,1833,shaman,elemental,60,32,28
26202,Crazyshaman,ravencrest,1829,shaman,elemental,53,26,27
26203,Novoz,ysondre,1824,shaman,elemental,54,29,25
26204,Kæzx,blackrock,1822,shaman,elemental,78,45,33
26205,Raknoxye,blackrock,1816,shaman,elemental,36,28,8
26206,Tasoro,sanguino,1812,shaman,elemental,59,27,32
26207,Sajma,silvermoon,1811,shaman,elemental,51,36,15
26208,Штормкрашер,howling-fjord,1810,shaman,elemental,48,30,18
26209,Agrero,auchindoun,1810,shaman,elemental,48,26,22
26210,Chamel,draenor,1808,shaman,elemental,30,19,11
26211,Kailash,defias-brotherhood,1808,shaman,elemental,54,26,28
26212,Eppîx,lightnings-blade,1807,shaman,elemental,52,27,25
26213,Fabslx,archimonde,1806,shaman,elemental,69,31,38
26214,Eledelede,blackhand,1801,shaman,elemental,48,28,20
26215,Burstraze,tarren-mill,1801,shaman,elemental,58,32,26
26216,Spajry,drakthul,1800,shaman,elemental,48,32,16
26217,Anqe,twisting-nether,1800,shaman,elemental,66,34,32
26218,Хеллбат,howling-fjord,1794,shaman,elemental,30,19,11
26219,Iavalavalava,tarren-mill,1792,shaman,elemental,42,21,21
26220,Psÿkz,kazzak,1790,shaman,elemental,57,25,32
26221,Transcendent,malorne,1787,shaman,elemental,79,59,20
26222,Naorgot,uldaman,1785,shaman,elemental,54,27,27
26223,Pitsamestari,frostmane,1780,shaman,elemental,122,68,54
26224,Monsuunibaba,tarren-mill,1777,shaman,elemental,51,26,25
26225,Naskezz,kazzak,1776,shaman,elemental,89,42,47
26226,Ejx,arthas,1763,shaman,elemental,46,26,20
26227,Thorleíf,silvermoon,1763,shaman,elemental,54,30,24
26228,Suirz,dun-modr,1762,shaman,elemental,53,37,16
26229,Healyoa,blackmoore,1759,shaman,elemental,123,58,65
26230,Nalaadu,stormscale,1758,shaman,elemental,36,23,13
26231,Voydetesto,sanguino,1753,shaman,elemental,84,39,45
26232,Xorron,archimonde,1742,shaman,elemental,102,49,53
26233,Djlavaburst,malganis,1741,shaman,elemental,155,76,79
26234,Earthtjockis,ragnaros,1739,shaman,elemental,41,20,21
26235,Prêxy,kazzak,1737,shaman,elemental,47,21,26
26236,Lianitus,tarren-mill,1736,shaman,elemental,52,26,26
26237,Murdá,ravencrest,1734,shaman,elemental,48,25,23
26238,Zest,hyjal,1733,shaman,elemental,47,25,22
26239,Chênoya,blackrock,1718,shaman,elemental,67,28,39
26240,Doyah,eredar,1717,shaman,elemental,30,19,11
26241,Barbarra,stormscale,1717,shaman,elemental,48,24,24
26242,Starelement,draenor,1716,shaman,elemental,42,18,24
26243,Ungabungha,stormscale,1714,shaman,elemental,114,66,48
26244,Totemlyhot,blackrock,1713,shaman,elemental,48,28,20
26245,Xtremeshaman,blackmoore,1709,shaman,elemental,24,18,6
26246,Crespó,alakir,1708,shaman,elemental,36,18,18
26247,Чойсе,deathguard,1706,shaman,elemental,81,39,42
26248,Huyø,stormscale,1705,shaman,elemental,72,33,39
26249,Дашажмихекс,howling-fjord,1704,shaman,elemental,42,24,18
26250,Шумноватт,howling-fjord,1700,shaman,elemental,42,19,23
26251,Matmonai,hyjal,1693,shaman,elemental,48,23,25
26252,Elegodx,ravencrest,1686,shaman,elemental,47,24,23
26253,Braíntas,norgannon,1686,shaman,elemental,84,39,45
26254,Valgø,twisting-nether,1683,shaman,elemental,70,43,27
26255,Haumx,blackrock,1681,shaman,elemental,42,20,22
26256,Sáàd,ravencrest,1681,shaman,elemental,42,20,22
26257,Earthhulk,thrall,1677,shaman,elemental,36,22,14
26258,Regnever,draenor,1667,shaman,elemental,125,53,72
26259,Esal,blackrock,1665,shaman,elemental,31,21,10
26260,Mèåtbåll,ravencrest,1665,shaman,elemental,30,19,11
26261,Lavatherapy,grim-batol,1664,shaman,elemental,42,25,17
26262,Deeck,ravencrest,1663,shaman,elemental,71,48,23
26263,Elrayitos,shendralar,1659,shaman,elemental,48,31,17
26264,Malybou,ysondre,1651,shaman,elemental,36,18,18
26265,Liluzivert,mannoroth,1648,shaman,elemental,35,20,15
26266,Электро,thermaplugg,1648,shaman,elemental,47,24,23
26267,Карбонатрикс,soulflayer,1641,shaman,elemental,30,19,11
26268,Axahavregryn,kazzak,1640,shaman,elemental,66,40,26
26269,Urshak,alleria,1639,shaman,elemental,36,24,12
26270,Zaarok,voljin,1639,shaman,elemental,91,41,50
26271,Dakyele,ravencrest,1636,shaman,elemental,35,20,15
26272,Proccq,twisting-nether,1632,shaman,elemental,34,18,16
26273,Houmpf,hyjal,1629,shaman,elemental,30,17,13
26274,Rrtyui,twisting-nether,1628,shaman,elemental,30,17,13
26275,Langedinho,stormscale,1627,shaman,elemental,30,17,13
26276,Haasshaman,ravencrest,1625,shaman,elemental,103,46,57
26277,Ânuk,blackrock,1611,shaman,elemental,150,72,78
26278,Ангустиа,galakrond,1610,shaman,elemental,29,20,9
26279,Kemurus,kazzak,1610,shaman,elemental,77,42,35
26280,Shibol,ravencrest,1609,shaman,elemental,46,23,23
26281,Aviciix,sanguino,1605,shaman,elemental,84,36,48
26282,Касикандрэра,soulflayer,1604,shaman,elemental,120,69,51
26283,Kohnân,hyjal,1604,shaman,elemental,42,21,21
26284,Mcbloob,kazzak,1602,shaman,elemental,70,36,34
26285,Pheazka,outland,1601,shaman,elemental,41,17,24
26286,Кирагаз,gordunni,1600,shaman,elemental,45,22,23
26287,Adamyo,stormscale,1598,shaman,elemental,36,17,19
26288,Elektron,malganis,1597,shaman,elemental,90,46,44
26289,Løun,archimonde,1588,shaman,elemental,66,36,30
26290,Гудлаик,soulflayer,1584,shaman,elemental,58,32,26
26291,Vanrake,ravencrest,1580,shaman,elemental,60,34,26
26292,Kapïtão,aggra-português,1579,shaman,elemental,36,19,17
26293,Brugdar,tarren-mill,1574,shaman,elemental,30,22,8
26294,Twiva,silvermoon,1572,shaman,elemental,76,45,31
26295,Blízzilassø,malygos,1572,shaman,elemental,179,93,86
26296,Anøüchkä,ysondre,1572,shaman,elemental,42,21,21
26297,Neotrax,outland,1571,shaman,elemental,60,31,29
26298,Alwaysangry,silvermoon,1570,shaman,elemental,48,27,21
26299,Harod,suramar,1558,shaman,elemental,66,34,32
26300,Hapkin,defias-brotherhood,1558,shaman,elemental,54,27,27
26301,Sunsong,twisting-nether,1557,shaman,elemental,42,21,21
26302,Nykhara,sanguino,1554,shaman,elemental,30,17,13
26303,Jâydizzle,draenor,1553,shaman,elemental,65,23,42
26304,Waaghbozz,eredar,1546,shaman,elemental,54,32,22
26305,Мистеркутёж,gordunni,1537,shaman,elemental,71,35,36
26306,Rungozvs,blackrock,1535,shaman,elemental,24,16,8
26307,Batan,kazzak,1535,shaman,elemental,71,31,40
26308,Connecting,hyjal,1534,shaman,elemental,30,16,14
26309,Canjo,aegwynn,1532,shaman,elemental,54,28,26
26310,Valunii,lordaeron,1532,shaman,elemental,142,66,76
26311,Stickix,malganis,1529,shaman,elemental,24,16,8
26312,Feetenjoyerx,kazzak,1529,shaman,elemental,30,16,14
26313,Gúîtårgøð,sanguino,1529,shaman,elemental,36,17,19
26314,Élé,twisting-nether,1528,shaman,elemental,30,16,14
26315,Lilmarco,stormreaver,1526,shaman,elemental,36,16,20
26316,Johncoltrane,archimonde,1525,shaman,elemental,24,18,6
26317,Essneces,burning-legion,1523,shaman,elemental,36,18,18
26318,Jímmy,frostwhisper,1518,shaman,elemental,48,30,18
26319,Mariomental,draenor,1517,shaman,elemental,36,16,20
26320,Fúth,ysondre,1516,shaman,elemental,52,28,24
26321,Zna,archimonde,1513,shaman,elemental,94,48,46
26322,Belsazar,frostwolf,1511,shaman,elemental,48,20,28
26323,Милфшама,blackscar,1505,shaman,elemental,35,17,18
26324,Naturexz,silvermoon,1495,shaman,elemental,32,18,14
26325,Хэйзл,ashenvale,1490,shaman,elemental,44,25,19
26326,Robofat,ravencrest,1490,shaman,elemental,30,17,13
26327,Sniffix,ysondre,1483,shaman,elemental,109,53,56
26328,Тыщатристах,howling-fjord,1481,shaman,elemental,48,33,15
26329,Shaakez,kazzak,1476,shaman,elemental,35,17,18
26330,Lafia,blackrock,1472,shaman,elemental,54,19,35
26331,Hemradi,blackmoore,1467,shaman,elemental,36,23,13
26332,Ralokar,blackrock,1465,shaman,elemental,48,25,23
26333,Máui,korgall,1465,shaman,elemental,78,38,40
26334,Athul,theradras,1456,shaman,elemental,43,23,20
26335,Kirak,anetheron,1455,shaman,elemental,72,40,32
26336,Mikecrybaby,tarren-mill,1454,shaman,elemental,36,16,20
26337,Mezzoblu,sanguino,1452,shaman,elemental,102,48,54
26338,Pórçé,shattered-hand,1449,shaman,elemental,96,53,43
26339,Томёрк,gordunni,1448,shaman,elemental,118,55,63
26340,Тессельхоф,howling-fjord,1446,shaman,elemental,28,16,12
26341,Kimpa,minahonda,1444,shaman,elemental,72,43,29
26342,Magnetoe,ravencrest,1444,shaman,elemental,36,18,18
26343,Дестройбэйби,gordunni,1441,shaman,elemental,66,37,29
26344,Alèks,forscherliga,1437,shaman,elemental,74,46,28
26345,Nyzo,tarren-mill,1436,shaman,elemental,30,15,15
26346,Baarona,neptulon,1434,shaman,elemental,27,17,10
26347,Ædshearan,blackmoore,1433,shaman,elemental,48,24,24
26348,Shocknrun,sylvanas,1433,shaman,elemental,30,15,15
26349,Skrbkic,tarren-mill,1429,shaman,elemental,91,48,43
26350,Cracklord,outland,1427,shaman,elemental,30,17,13
26351,Reignisover,silvermoon,1415,shaman,elemental,33,17,16
26352,Teccatwo,outland,1411,shaman,elemental,35,18,17
26353,Ласара,eversong,1406,shaman,elemental,36,15,21
26354,Flubberman,blackrock,1402,shaman,elemental,33,18,15
26355,Olawizard,draenor,1401,shaman,elemental,43,22,21
26356,Amanishama,twisting-nether,1400,shaman,elemental,66,36,30
26357,Støya,archimonde,1400,shaman,elemental,48,18,30
26358,Xesti,twisting-nether,1394,shaman,elemental,63,32,31
26359,Lechirurgien,elune,1387,shaman,elemental,102,55,47
26360,Сепич,gordunni,1386,shaman,elemental,42,26,16
26361,Shammyammy,tarren-mill,1383,shaman,elemental,51,25,26
26362,Furrymane,blackmoore,1382,shaman,elemental,51,27,24
26363,Vulcainn,marécage-de-zangar,1374,shaman,elemental,93,59,34
26364,Rohknar,ragnaros,1374,shaman,elemental,30,17,13
26365,Screwz,archimonde,1371,shaman,elemental,62,31,31
26366,Sojee,ysondre,1367,shaman,elemental,36,16,20
26367,Lantbruk,twisting-nether,1362,shaman,elemental,28,15,13
26368,Chøurøx,hyjal,1358,shaman,elemental,37,21,16
26369,Tempest,kul-tiras,1346,shaman,elemental,41,23,18
26370,Tâsty,blackmoore,1343,shaman,elemental,24,14,10
26371,Херург,soulflayer,1342,shaman,elemental,30,14,16
26372,Horizons,the-maelstrom,1338,shaman,elemental,24,14,10
26373,Sshaasam,tarren-mill,1337,shaman,elemental,24,14,10
26374,Гексанол,soulflayer,1332,shaman,elemental,34,16,18
26375,Lêmberger,eredar,1330,shaman,elemental,30,15,15
26376,Wàve,stormscale,1330,shaman,elemental,30,14,16
26377,Microb,blackmoore,1326,shaman,elemental,30,14,16
26378,Acces,stormscale,1325,shaman,elemental,18,14,4
26379,Bâllz,anetheron,1314,shaman,elemental,54,23,31
26380,Blancc,kazzak,1312,shaman,elemental,60,34,26
26381,Doneteasy,blackrock,1310,shaman,elemental,52,24,28
26382,Ашьф,gordunni,1308,shaman,elemental,29,14,15
26383,Sunraiser,blackmoore,1307,shaman,elemental,30,16,14
26384,Aldonatello,blackrock,1306,shaman,elemental,30,17,13
26385,Gorpdorp,ravencrest,1300,shaman,elemental,48,23,25
26386,Lavamann,blackmoore,1295,shaman,elemental,42,20,22
26387,Onlyfansmod,uldum,1293,shaman,elemental,42,17,25
26388,Dropdattotem,stormscale,1292,shaman,elemental,54,23,31
26389,Griins,ravencrest,1289,shaman,elemental,36,20,16
26390,Carusø,thrall,1287,shaman,elemental,49,30,19
26391,Elshifotrem,throkferoth,1282,shaman,elemental,52,28,24
26392,Флоррэт,gordunni,1280,shaman,elemental,108,46,62
26393,Snusyy,ravencrest,1279,shaman,elemental,26,14,12
26394,Xfiles,garona,1278,shaman,elemental,48,24,24
26395,Apolomaeuz,frostwolf,1267,shaman,elemental,53,26,27
26396,Blackmuamba,tarren-mill,1264,shaman,elemental,60,33,27
26397,Pawsh,dun-modr,1264,shaman,elemental,39,19,20
26398,Blackyx,dun-modr,1247,shaman,elemental,18,13,5
26399,Nöyrä,argent-dawn,1247,shaman,elemental,18,13,5
26400,Dretch,dun-morogh,1247,shaman,elemental,24,13,11
26401,Ludo,lothar,1246,shaman,elemental,22,14,8
26402,Vivaldi,varimathras,1246,shaman,elemental,24,13,11
26403,Starpior,stormscale,1246,shaman,elemental,33,14,19
26404,Pxsquals,ravencrest,1245,shaman,elemental,24,13,11
26405,Solosüper,ravencrest,1245,shaman,elemental,30,13,17
26406,Quizx,blackrock,1245,shaman,elemental,60,25,35
26407,Aspên,archimonde,1244,shaman,elemental,24,13,11
26408,Fullavaids,grim-batol,1243,shaman,elemental,24,13,11
26409,Zoomar,tarren-mill,1241,shaman,elemental,24,13,11
26410,Smashz,stormscale,1240,shaman,elemental,24,13,11
26411,Gagné,hyjal,1239,shaman,elemental,24,13,11
26412,Makgoa,ysondre,1237,shaman,elemental,18,13,5
26413,Couldar,stormscale,1236,shaman,elemental,18,13,5
26414,Incredibade,stormscale,1236,shaman,elemental,24,13,11
26415,Torouk,rashgarroth,1231,shaman,elemental,24,13,11
26416,Vladraxes,draenor,1222,shaman,elemental,18,13,5
26417,Scurvy,malganis,1222,shaman,elemental,87,47,40
26418,Bigheal,quelthalas,1222,shaman,elemental,30,13,17
26419,Waterboi,blackmoore,1219,shaman,elemental,24,13,11
26420,Сосмыслом,howling-fjord,1217,shaman,elemental,30,13,17
26421,Maggoshishi,blackmoore,1214,shaman,elemental,66,34,32
26422,Bigboisham,outland,1202,shaman,elemental,65,28,37
26423,Agreró,auchindoun,1198,shaman,elemental,21,14,7
26424,Märthalouise,twisting-nether,1191,shaman,elemental,29,15,14
26425,Scot,blackhand,1191,shaman,elemental,29,13,16
26426,Valdera,dun-morogh,1189,shaman,elemental,24,14,10
26427,Rekhtar,burning-legion,1171,shaman,elemental,74,37,37
26428,Крто,thermaplugg,1169,shaman,elemental,36,19,17
26429,Zhinjo,kazzak,1166,shaman,elemental,36,19,17
26430,Фистинктотем,soulflayer,1162,shaman,elemental,35,16,19
26431,Велгур,soulflayer,1161,shaman,elemental,50,23,27
26432,Kenaz,outland,1152,shaman,elemental,18,12,6
26433,Azmerloth,outland,1152,shaman,elemental,18,12,6
26434,Neverplayele,kazzak,1151,shaman,elemental,24,12,12
26435,Мэморисс,gordunni,1149,shaman,elemental,24,12,12
26436,Justweirdaf,blackmoore,1148,shaman,elemental,45,20,25
26437,Legended,tarren-mill,1147,shaman,elemental,24,12,12
26438,Daemp,draenor,1146,shaman,elemental,18,12,6
26439,Diaba,sylvanas,1146,shaman,elemental,24,12,12
26440,Dzielnysham,silvermoon,1145,shaman,elemental,21,13,8
26441,Headthirst,ragnaros,1145,shaman,elemental,24,12,12
26442,Эфирад,blackscar,1145,shaman,elemental,46,20,26
26443,Goromar,kirin-tor,1144,shaman,elemental,54,22,32
26444,Skeiilz,hyjal,1142,shaman,elemental,24,12,12
26445,Boxo,frostwolf,1137,shaman,elemental,70,38,32
26446,Djent,outland,1133,shaman,elemental,24,12,12
26447,Noyá,argent-dawn,1129,shaman,elemental,24,12,12
26448,Bowtenstorm,ravencrest,1120,shaman,elemental,25,16,9
26449,Superkee,kazzak,1103,shaman,elemental,83,41,42
26450,Farùk,ravencrest,1102,shaman,elemental,21,13,8
26451,Hatyatya,ragnaros,1094,shaman,elemental,21,12,9
26452,Озверею,goldrinn,1090,shaman,elemental,24,14,10
26453,Sgf,stormscale,1087,shaman,elemental,29,12,17
26454,Aureo,dun-modr,1085,shaman,elemental,22,12,10
26455,Tiamât,culte-de-la-rive-noire,1069,shaman,elemental,48,20,28
26456,Thunderstryk,sylvanas,1062,shaman,elemental,18,12,6
26457,Nyed,hyjal,1056,shaman,elemental,18,11,7
26458,Trixxsham,twisting-nether,1056,shaman,elemental,18,11,7
26459,Шоу,gordunni,1056,shaman,elemental,24,11,13
26460,Matmons,hyjal,1056,shaman,elemental,24,11,13
26461,Achtungblitz,blackrock,1055,shaman,elemental,12,11,1
26462,Gojõ,dun-modr,1055,shaman,elemental,24,11,13
26463,Furthehorde,frostmane,1054,shaman,elemental,18,11,7
26464,Aylar,zenedar,1054,shaman,elemental,18,11,7
26465,Èrò,blackhand,1053,shaman,elemental,24,11,13
26466,Manaphi,arthas,1052,shaman,elemental,24,11,13
26467,Smort,frostwolf,1051,shaman,elemental,24,11,13
26468,Faydasizsham,twisting-nether,1050,shaman,elemental,18,11,7
26469,Louler,ragnaros,1049,shaman,elemental,24,11,13
26470,Kylas,die-ewige-wacht,1047,shaman,elemental,18,11,7
26471,Магмарончик,gordunni,1035,shaman,elemental,60,21,39
26472,Laquium,blackmoore,1032,shaman,elemental,37,15,22
26473,Procdaddy,eredar,1030,shaman,elemental,36,11,25
26474,Ormanthep,hyjal,1029,shaman,elemental,18,11,7
26475,Flochy,argent-dawn,1027,shaman,elemental,53,31,22
26476,Magath,nethersturm,1027,shaman,elemental,24,11,13
26477,Bambustic,kazzak,1023,shaman,elemental,17,11,6
26478,Alfang,turalyon,1005,shaman,elemental,35,11,24
26479,Hugzy,argent-dawn,993,shaman,elemental,24,15,9
26480,Ankzul,exodar,982,shaman,elemental,32,11,21
26481,Aslakki,turalyon,975,shaman,elemental,42,11,31
26482,Shrmful,dun-modr,960,shaman,elemental,12,10,2
26483,Nëllaqt,archimonde,960,shaman,elemental,18,10,8
26484,Davinshhe,kazzak,960,shaman,elemental,24,10,14
26485,Rottulos,stormrage,960,shaman,elemental,30,10,20
26486,Muscade,silvermoon,959,shaman,elemental,12,10,2
26487,Voltyum,zuljin,959,shaman,elemental,18,10,8
26488,Дзод,deathweaver,959,shaman,elemental,18,10,8
26489,Rawside,thrall,959,shaman,elemental,24,10,14
26490,Òoòoòoòoòoòo,silvermoon,959,shaman,elemental,24,10,14
26491,Blover,drakthul,958,shaman,elemental,12,10,2
26492,Ðãvê,veknilash,958,shaman,elemental,18,10,8
26493,Minasa,saurfang,958,shaman,elemental,30,10,20
26494,Ximid,doomhammer,957,shaman,elemental,65,30,35
26495,Jazzrod,stormscale,957,shaman,elemental,24,10,14
26496,Atuaßëlha,grim-batol,957,shaman,elemental,24,10,14
26497,Elevlach,drakthul,957,shaman,elemental,30,10,20
26498,Klunkespiser,stormscale,955,shaman,elemental,24,10,14
26499,Unangemessen,silvermoon,951,shaman,elemental,18,10,8
26500,Ххенеси,soulflayer,947,shaman,elemental,24,10,14
26501,Obesisham,outland,943,shaman,elemental,30,11,19
26502,Smorcxx,kazzak,934,shaman,elemental,30,10,20
26503,Orishimaru,blackrock,932,shaman,elemental,23,10,13
26504,Федосик,galakrond,922,shaman,elemental,30,12,18
26505,Monstermunch,ravencrest,903,shaman,elemental,34,11,23
26506,ßaraky,kazzak,864,shaman,elemental,12,9,3
26507,Foxxyluv,stormscale,864,shaman,elemental,12,9,3
26508,Plazmorc,stormscale,864,shaman,elemental,12,9,3
26509,Çð,ravencrest,864,shaman,elemental,18,9,9
26510,Elvalya,archimonde,864,shaman,elemental,18,9,9
26511,Kelvok,silvermoon,864,shaman,elemental,18,9,9
26512,Jøhnwick,ysondre,864,shaman,elemental,18,9,9
26513,Blush,blackhand,864,shaman,elemental,24,9,15
26514,Homesickx,blackrock,863,shaman,elemental,12,9,3
26515,Гивми,blackscar,863,shaman,elemental,16,10,6
26516,Думсия,gordunni,863,shaman,elemental,18,9,9
26517,Drainergødx,ragnaros,863,shaman,elemental,18,9,9
26518,Рэйвантотем,soulflayer,862,shaman,elemental,18,9,9
26519,Shkook,archimonde,862,shaman,elemental,24,9,15
26520,Hotis,onyxia,862,shaman,elemental,30,9,21
26521,Bunnz,kazzak,861,shaman,elemental,12,9,3
26522,Xiomora,argent-dawn,860,shaman,elemental,18,9,9
26523,Rakzhaza,blackmoore,860,shaman,elemental,18,9,9
26524,Bangou,archimonde,860,shaman,elemental,21,10,11
26525,Djbruggìe,bloodhoof,860,shaman,elemental,24,9,15
26526,Élémentyum,archimonde,859,shaman,elemental,24,9,15
26527,Beefnale,bladefist,859,shaman,elemental,30,9,21
26528,Штормбайт,azuregos,858,shaman,elemental,12,9,3
26529,Treizelol,ysondre,855,shaman,elemental,18,9,9
26530,Nïà,kaelthas,854,shaman,elemental,20,9,11
26531,Mö,ragnaros,851,shaman,elemental,24,9,15
26532,Mòra,silvermoon,851,shaman,elemental,24,9,15
26533,Незнаком,booty-bay,811,shaman,elemental,30,12,18
26534,Holdafstand,tarren-mill,798,shaman,elemental,14,9,5
26535,Zanyun,burning-legion,798,shaman,elemental,20,9,11
26536,Соленый,booty-bay,796,shaman,elemental,93,39,54
26537,Tellý,blackmoore,768,shaman,elemental,12,8,4
26538,Flam,outland,768,shaman,elemental,12,8,4
26539,Dumpaman,frostmane,768,shaman,elemental,12,8,4
26540,Strór,twisting-nether,768,shaman,elemental,12,8,4
26541,Visboer,stormscale,768,shaman,elemental,12,8,4
26542,Jåime,ravencrest,768,shaman,elemental,12,8,4
26543,Grapefruit,blackmoore,768,shaman,elemental,12,8,4
26544,Козаностро,howling-fjord,768,shaman,elemental,12,8,4
26545,Bigfrigid,outland,768,shaman,elemental,18,8,10
26546,Retuu,uldaman,768,shaman,elemental,18,8,10
26547,Naphe,ysondre,768,shaman,elemental,18,8,10
26548,Mehboul,hyjal,768,shaman,elemental,18,8,10
26549,Thundergødx,nemesis,768,shaman,elemental,18,8,10
26550,Thorunir,sylvanas,768,shaman,elemental,24,8,16
26551,Yang,der-rat-von-dalaran,767,shaman,elemental,12,8,4
26552,Nachtary,blackmoore,767,shaman,elemental,12,8,4
26553,Hobblefoot,stormscale,767,shaman,elemental,12,8,4
26554,Totempoo,the-maelstrom,766,shaman,elemental,12,8,4
26555,Parthon,ravencrest,765,shaman,elemental,12,8,4
26556,Itsnasty,blackmoore,753,shaman,elemental,18,8,10
26557,Wacomtablet,kazzak,703,shaman,elemental,11,8,3
26558,Fàkecast,outland,702,shaman,elemental,22,8,14
26559,Шиока,borean-tundra,685,shaman,elemental,13,9,4
26560,Kæde,dun-morogh,672,shaman,elemental,12,7,5
26561,Ogkûshgödx,sylvanas,672,shaman,elemental,12,7,5
26562,Гарбаджи,galakrond,672,shaman,elemental,12,7,5
26563,Eðualc,hyjal,672,shaman,elemental,12,7,5
26564,Shamandoino,wildhammer,672,shaman,elemental,12,7,5
26565,Vamali,draenor,672,shaman,elemental,12,7,5
26566,Reburdacoxis,sanguino,672,shaman,elemental,12,7,5
26567,Dòrfy,silvermoon,672,shaman,elemental,12,7,5
26568,Ehlaina,outland,672,shaman,elemental,12,7,5
26569,Yraxara,draenor,672,shaman,elemental,12,7,5
26570,Bosslikex,ravencrest,672,shaman,elemental,12,7,5
26571,Jehae,archimonde,672,shaman,elemental,12,7,5
26572,Labûche,chogall,672,shaman,elemental,12,7,5
26573,Dócshock,blackmoore,672,shaman,elemental,12,7,5
26574,Hothand,thrall,672,shaman,elemental,12,7,5
26575,Replicusele,doomhammer,672,shaman,elemental,12,7,5
26576,Bigblué,tarren-mill,672,shaman,elemental,12,7,5
26577,Koífish,ravencrest,672,shaman,elemental,12,7,5
26578,Thordes,forscherliga,672,shaman,elemental,12,7,5
26579,Дваллинн,gordunni,672,shaman,elemental,18,7,11
26580,Endry,elune,672,shaman,elemental,18,7,11
26581,Thriveqt,nemesis,672,shaman,elemental,24,7,17
26582,Fâro,dun-modr,671,shaman,elemental,12,7,5
26583,Whizjy,sanguino,671,shaman,elemental,12,7,5
26584,Лукаджун,howling-fjord,671,shaman,elemental,12,7,5
26585,Ulfax,argent-dawn,671,shaman,elemental,24,7,17
26586,Watson,conseil-des-ombres,660,shaman,elemental,18,7,11
26587,Blyátmán,twisting-nether,638,shaman,elemental,14,8,6
26588,Айвимэдисон,howling-fjord,623,shaman,elemental,17,7,10
26589,Easyplay,kazzak,607,shaman,elemental,14,7,7
26590,Nightmarefox,tarren-mill,576,shaman,elemental,6,6,0
26591,Captaînhuge,dunemaul,576,shaman,elemental,6,6,0
26592,Trastamar,dun-modr,576,shaman,elemental,6,6,0
26593,Xelphia,frostmane,576,shaman,elemental,12,6,6
26594,Nobrac,rajaxx,576,shaman,elemental,12,6,6
26595,Tteïl,archimonde,576,shaman,elemental,12,6,6
26596,Веег,deathweaver,576,shaman,elemental,12,6,6
26597,Woof,culte-de-la-rive-noire,576,shaman,elemental,12,6,6
26598,Jacklupin,ravencrest,576,shaman,elemental,12,6,6
26599,Kilazz,twisting-nether,576,shaman,elemental,12,6,6
26600,Forrak,argent-dawn,576,shaman,elemental,12,6,6
26601,Localicious,ragnaros,576,shaman,elemental,12,6,6
26602,Bigrambo,draenor,576,shaman,elemental,12,6,6
26603,Shåmssagat,kazzak,576,shaman,elemental,12,6,6
26604,Totemkahmun,kazzak,576,shaman,elemental,12,6,6
26605,Lavalava,blackmoore,576,shaman,elemental,12,6,6
26606,Eddiemorphin,kazzak,576,shaman,elemental,12,6,6
26607,Cïgänää,archimonde,576,shaman,elemental,12,6,6
26608,Simppe,stormreaver,576,shaman,elemental,12,6,6
26609,Windfúhrèr,tarren-mill,576,shaman,elemental,12,6,6
26610,Yzeldan,hyjal,576,shaman,elemental,12,6,6
26611,Dsgrc,tarren-mill,576,shaman,elemental,18,6,12
26612,Unding,azshara,576,shaman,elemental,24,6,18
26613,Xhahal,hyjal,575,shaman,elemental,6,6,0
26614,Syndia,das-konsortium,575,shaman,elemental,12,6,6
26615,Layonne,ysondre,575,shaman,elemental,12,6,6
26616,Fimir,archimonde,573,shaman,elemental,12,6,6
26617,Zbysiu,ravencrest,573,shaman,elemental,18,6,12
26618,Cleandann,stormscale,559,shaman,elemental,17,6,11
26619,Isheartears,outland,543,shaman,elemental,11,6,5
26620,Hanatopikeur,grim-batol,527,shaman,elemental,17,6,11
26621,Rezervoir,bladefist,522,shaman,elemental,15,9,6
26622,Turbokrapka,tarren-mill,522,shaman,elemental,17,8,9
26623,Смоуктли,howling-fjord,480,shaman,elemental,6,5,1
26624,Efdemin,blackmoore,480,shaman,elemental,6,5,1
26625,Тандерхх,howling-fjord,480,shaman,elemental,6,5,1
26626,Grambozz,blackrock,480,shaman,elemental,6,5,1
26627,Эртирон,howling-fjord,480,shaman,elemental,6,5,1
26628,Highfaî,tarren-mill,480,shaman,elemental,6,5,1
26629,Minimalist,stormscale,480,shaman,elemental,6,5,1
26630,Sïmp,blackrock,480,shaman,elemental,6,5,1
26631,Phobiatics,thrall,480,shaman,elemental,6,5,1
26632,Autopanne,malganis,480,shaman,elemental,6,5,1
26633,Bumstead,ragnaros,480,shaman,elemental,6,5,1
26634,Hexina,ragnaros,480,shaman,elemental,6,5,1
26635,Volhalo,blackmoore,480,shaman,elemental,6,5,1
26636,Rhonix,blackmoore,480,shaman,elemental,6,5,1
26637,Squixi,tarren-mill,480,shaman,elemental,6,5,1
26638,Navyblue,sylvanas,480,shaman,elemental,6,5,1
26639,Sinirli,ravencrest,480,shaman,elemental,6,5,1
26640,Lovelyshaman,silvermoon,480,shaman,elemental,7,5,2
26641,Khalamity,ravencrest,480,shaman,elemental,9,6,3
26642,Fattmorte,hyjal,480,shaman,elemental,9,6,3
26643,Owrly,stormscale,480,shaman,elemental,12,5,7
26644,Loshohealva,stormscale,480,shaman,elemental,12,5,7
26645,Velkin,thrall,480,shaman,elemental,12,5,7
26646,Targoel,blackmoore,480,shaman,elemental,12,5,7
26647,Matmodir,hyjal,480,shaman,elemental,12,5,7
26648,Saqerr,kazzak,480,shaman,elemental,12,5,7
26649,Skullføck,argent-dawn,480,shaman,elemental,12,5,7
26650,Swapxy,outland,480,shaman,elemental,12,5,7
26651,Xereús,kazzak,480,shaman,elemental,16,6,10
26652,Clickerboy,ravencrest,480,shaman,elemental,18,5,13
26653,Roxìe,blackmoore,479,shaman,elemental,6,5,1
26654,Fûchsí,blackhand,479,shaman,elemental,6,5,1
26655,Burnprof,nethersturm,479,shaman,elemental,12,5,7
26656,Sinwithin,ravencrest,478,shaman,elemental,12,5,7
26657,Chispa,darkmoon-faire,447,shaman,elemental,11,5,6
26658,Novka,eredar,447,shaman,elemental,11,5,6
26659,Disharmony,outland,426,shaman,elemental,13,6,7
26660,Blùé,tarren-mill,399,shaman,elemental,5,5,0
26661,Bkdgoodz,aegwynn,384,shaman,elemental,6,4,2
26662,Alëxx,hyjal,384,shaman,elemental,6,4,2
26663,Xatis,aegwynn,384,shaman,elemental,6,4,2
26664,Selonthyx,ravencrest,384,shaman,elemental,6,4,2
26665,Wylly,aegwynn,384,shaman,elemental,6,4,2
26666,Neystee,archimonde,384,shaman,elemental,6,4,2
26667,Гидрокорыто,gordunni,384,shaman,elemental,6,4,2
26668,Thëtis,chogall,384,shaman,elemental,6,4,2
26669,Milotem,ysondre,384,shaman,elemental,6,4,2
26670,Kévinn,draenor,384,shaman,elemental,6,4,2
26671,Jacc,sunstrider,384,shaman,elemental,6,4,2
26672,Føxï,pozzo-delleternità,384,shaman,elemental,6,4,2
26673,Shafallen,tarren-mill,384,shaman,elemental,6,4,2
26674,Klicken,tarren-mill,384,shaman,elemental,6,4,2
26675,Trustlemac,onyxia,384,shaman,elemental,6,4,2
26676,Yerlas,burning-legion,384,shaman,elemental,6,4,2
26677,Sebubu,twisting-nether,384,shaman,elemental,6,4,2
26678,Shamurky,kazzak,384,shaman,elemental,6,4,2
26679,Voymir,kazzak,384,shaman,elemental,6,4,2
26680,Kraksham,ravencrest,384,shaman,elemental,6,4,2
26681,Ruvxy,twisting-nether,384,shaman,elemental,6,4,2
26682,Seriux,twisting-nether,384,shaman,elemental,6,4,2
26683,Schamîx,blackrock,384,shaman,elemental,6,4,2
26684,Ezala,blackhand,384,shaman,elemental,6,4,2
26685,Anubisll,hyjal,384,shaman,elemental,6,4,2
26686,Lathisi,zenedar,384,shaman,elemental,7,4,3
26687,Talg,sylvanas,384,shaman,elemental,9,4,5
26688,Snusy,stormscale,384,shaman,elemental,12,4,8
26689,Xyckas,terrordar,384,shaman,elemental,12,4,8
26690,Вензеро,howling-fjord,384,shaman,elemental,12,4,8
26691,Eskìmo,malganis,384,shaman,elemental,12,4,8
26692,Gensehaut,aegwynn,384,shaman,elemental,12,4,8
26693,Zengã,kazzak,384,shaman,elemental,12,4,8
26694,Dogfrog,silvermoon,384,shaman,elemental,12,4,8
26695,Leash,blackmoore,384,shaman,elemental,12,4,8
26696,Karissah,silvermoon,384,shaman,elemental,12,4,8
26697,Апинсмок,soulflayer,384,shaman,elemental,12,4,8
26698,Rocktopus,outland,384,shaman,elemental,12,4,8
26699,Chrached,kargath,384,shaman,elemental,12,4,8
26700,Saggrox,kazzak,384,shaman,elemental,12,4,8
26701,Réläx,kazzak,384,shaman,elemental,12,4,8
26702,Goitbate,azuremyst,384,shaman,elemental,12,4,8
26703,Tism,stormscale,384,shaman,elemental,12,4,8
26704,Setac,stormscale,384,shaman,elemental,12,4,8
26705,Kønat,blackmoore,384,shaman,elemental,12,4,8
26706,Hí,bronzebeard,384,shaman,elemental,12,4,8
26707,Экслайнер,deathweaver,384,shaman,elemental,12,4,8
26708,Pedrototem,silvermoon,383,shaman,elemental,6,4,2
26709,Zokah,emeriss,383,shaman,elemental,6,4,2
26710,Сарцек,howling-fjord,383,shaman,elemental,6,4,2
26711,Thatamazing,korgall,383,shaman,elemental,10,4,6
26712,Kennyo,uldum,379,shaman,elemental,12,4,8
26713,Gnark,dun-modr,350,shaman,elemental,8,5,3
26714,ßaßystärz,hyjal,319,shaman,elemental,5,4,1
26715,Дудивтф,soulflayer,288,shaman,elemental,6,3,3
26716,Санрэйн,soulflayer,288,shaman,elemental,6,3,3
26717,Amu,ravencrest,288,shaman,elemental,6,3,3
26718,Volvíc,tichondrius,288,shaman,elemental,6,3,3
26719,Symy,draenor,288,shaman,elemental,6,3,3
26720,Firella,the-maelstrom,288,shaman,elemental,6,3,3
26721,Херургх,soulflayer,288,shaman,elemental,6,3,3
26722,Рокутаро,gordunni,288,shaman,elemental,6,3,3
26723,Khaleeya,blackmoore,288,shaman,elemental,6,3,3
26724,Vukroth,argent-dawn,288,shaman,elemental,6,3,3
26725,Энхай,azuregos,288,shaman,elemental,6,3,3
26726,Berith,spinebreaker,288,shaman,elemental,6,3,3
26727,Hotstorm,bronzebeard,288,shaman,elemental,6,3,3
26728,Peaktrim,tarren-mill,288,shaman,elemental,6,3,3
26729,Gissary,drakthul,288,shaman,elemental,6,3,3
26730,Наладчик,gordunni,288,shaman,elemental,6,3,3
26731,Qenninka,drakthul,288,shaman,elemental,6,3,3
26732,Derblitz,baelgun,288,shaman,elemental,6,3,3
26733,Реалайзер,blackscar,288,shaman,elemental,6,3,3
26734,Rhastafarian,stormscale,288,shaman,elemental,6,3,3
26735,Nightingäle,silvermoon,288,shaman,elemental,6,3,3
26736,Bhargonen,silvermoon,288,shaman,elemental,6,3,3
26737,Родохрозид,blackscar,288,shaman,elemental,6,3,3
26738,Jeelypink,dalaran,288,shaman,elemental,6,3,3
26739,Jagblade,neptulon,288,shaman,elemental,6,3,3
26740,Bharudor,antonidas,288,shaman,elemental,6,3,3
26741,Brandbombe,frostwolf,288,shaman,elemental,6,3,3
26742,Bammë,archimonde,288,shaman,elemental,6,3,3
26743,Hethne,kazzak,288,shaman,elemental,6,3,3
26744,Nowmack,archimonde,288,shaman,elemental,6,3,3
26745,Nerdshockz,blackhand,288,shaman,elemental,6,3,3
26746,Shoewalker,ragnaros,288,shaman,elemental,6,3,3
26747,Kónjo,kazzak,288,shaman,elemental,6,3,3
26748,Tiâna,archimonde,288,shaman,elemental,6,3,3
26749,Dagra,twisting-nether,288,shaman,elemental,6,3,3
26750,Peneapunta,nemesis,288,shaman,elemental,6,3,3
26751,Fufupartyxx,blackrock,288,shaman,elemental,6,3,3
26752,Joeyexe,outland,288,shaman,elemental,6,3,3
26753,Lunarsloth,hyjal,288,shaman,elemental,6,3,3
26754,Raïgo,hyjal,288,shaman,elemental,6,3,3
26755,Dünnbier,blackhand,288,shaman,elemental,6,3,3
26756,Shaulic,ravencrest,288,shaman,elemental,6,3,3
26757,Rolftheswine,defias-brotherhood,288,shaman,elemental,6,3,3
26758,Shamanmans,grim-batol,288,shaman,elemental,6,3,3
26759,Ironbuttrfly,magtheridon,288,shaman,elemental,6,3,3
26760,Kärdyo,archimonde,288,shaman,elemental,6,3,3
26761,Spruehkot,aegwynn,288,shaman,elemental,6,3,3
26762,Tonto,frostmane,288,shaman,elemental,12,3,9
26763,Gethrok,rajaxx,288,shaman,elemental,12,3,9
26764,Fouchin,outland,288,shaman,elemental,12,3,9
26765,Corlysvelary,doomhammer,288,shaman,elemental,12,3,9
26766,Naix,silvermoon,288,shaman,elemental,12,3,9
26767,Qwunjin,ragnaros,288,shaman,elemental,12,3,9
26768,Samlik,antonidas,288,shaman,elemental,12,3,9
26769,Jaeslin,tarren-mill,288,shaman,elemental,12,3,9
26770,Elemania,mugthol,288,shaman,elemental,12,3,9
26771,Gammeldunder,shattered-hand,288,shaman,elemental,12,3,9
26772,Megaherz,sanguino,287,shaman,elemental,6,3,3
26773,Twotwozero,defias-brotherhood,286,shaman,elemental,6,3,3
26774,Вещун,deathguard,284,shaman,elemental,12,3,9
26775,Mareaspibas,zuljin,239,shaman,elemental,5,3,2
26776,Zarakuda,magtheridon,233,shaman,elemental,16,4,12
26777,Krahg,garona,192,shaman,elemental,4,3,1
26778,Stíckíx,malganis,192,shaman,elemental,4,3,1
26779,Baschúrr,blackrock,192,shaman,elemental,9,3,6
26780,Mehex,tarren-mill,192,shaman,elemental,6,2,4
26781,Rindenmulch,eredar,192,shaman,elemental,6,2,4
26782,Rompelukt,auchindoun,192,shaman,elemental,6,2,4
26783,Renegad,archimonde,192,shaman,elemental,6,2,4
26784,Naathir,magtheridon,192,shaman,elemental,6,2,4
26785,Cloovster,magtheridon,192,shaman,elemental,6,2,4
26786,Vandouille,archimonde,192,shaman,elemental,6,2,4
26787,Rakermän,dun-modr,192,shaman,elemental,6,2,4
26788,Yezu,medivh,192,shaman,elemental,6,2,4
26789,Дагод,booty-bay,192,shaman,elemental,6,2,4
26790,Ratatakéas,archimonde,192,shaman,elemental,6,2,4
26791,Nnekalol,twisting-nether,192,shaman,elemental,6,2,4
26792,Bluéshirtguy,blackhand,192,shaman,elemental,6,2,4
26793,Nuekx,sanguino,192,shaman,elemental,6,2,4
26794,Драгенхз,gordunni,192,shaman,elemental,6,2,4
26795,Thomz,aggra-português,192,shaman,elemental,6,2,4
26796,Шлолка,gordunni,192,shaman,elemental,6,2,4
26797,Loserlol,das-syndikat,192,shaman,elemental,6,2,4
26798,Dormido,sanguino,192,shaman,elemental,6,2,4
26799,Лаваяшка,gordunni,192,shaman,elemental,6,2,4
26800,Attm,twisting-nether,192,shaman,elemental,6,2,4
26801,Macetoyaface,darksorrow,192,shaman,elemental,6,2,4
26802,Thornyberrý,outland,192,shaman,elemental,6,2,4
26803,Amonshokz,tarren-mill,192,shaman,elemental,6,2,4
26804,Squixi,ravencrest,192,shaman,elemental,6,2,4
26805,Windspêaker,outland,192,shaman,elemental,6,2,4
26806,Ishkadar,twisting-nether,192,shaman,elemental,6,2,4
26807,Dodododfewal,stormscale,192,shaman,elemental,6,2,4
26808,Rok,darkspear,192,shaman,elemental,6,2,4
26809,Biccon,silvermoon,192,shaman,elemental,6,2,4
26810,Shàmeonyou,dun-morogh,192,shaman,elemental,6,2,4
26811,Сновидений,soulflayer,192,shaman,elemental,6,2,4
26812,Fuzzbolt,silvermoon,192,shaman,elemental,6,2,4
26813,Шаеман,soulflayer,192,shaman,elemental,6,2,4
26814,Kappatotem,silvermoon,192,shaman,elemental,6,2,4
26815,Zinlay,tarren-mill,192,shaman,elemental,6,2,4
26816,Albatroz,the-maelstrom,192,shaman,elemental,6,2,4
26817,Präsi,die-aldor,192,shaman,elemental,6,2,4
26818,Zackyboi,tarren-mill,192,shaman,elemental,6,2,4
26819,Ahrim,argent-dawn,192,shaman,elemental,6,2,4
26820,Nuvet,argent-dawn,192,shaman,elemental,6,2,4
26821,Kolchidyalah,la-croisade-écarlate,192,shaman,elemental,6,2,4
26822,Shockbestie,eredar,192,shaman,elemental,7,2,5
26823,Виспепешам,gordunni,192,shaman,elemental,12,2,10
26824,Nakenfeigy,stormreaver,192,shaman,elemental,12,2,10
26825,Ærö,outland,192,shaman,elemental,12,2,10
26826,Zíp,archimonde,192,shaman,elemental,12,2,10
26827,Sweetcåndy,stormscale,192,shaman,elemental,12,2,10
26828,Lycburst,twisting-nether,192,shaman,elemental,12,2,10
26829,Максобман,howling-fjord,192,shaman,elemental,12,2,10
26830,Shammolino,nemesis,191,shaman,elemental,4,3,1
26831,Aspirio,ravencrest,175,shaman,elemental,11,2,9
26832,Pvpshaman,aszune,159,shaman,elemental,5,2,3
26833,Kortën,khaz-modan,159,shaman,elemental,10,2,8
26834,Lavaburstx,antonidas,138,shaman,elemental,10,3,7
26835,Amiashaman,stormscale,138,shaman,elemental,16,3,13
26836,Bram,aggra-português,96,shaman,elemental,3,2,1
26837,Nopivøt,hyjal,96,shaman,elemental,7,2,5
26838,Лучшийшаман,soulflayer,96,shaman,elemental,6,1,5
26839,Helloitsmee,thrall,96,shaman,elemental,6,1,5
26840,Пэппивкашке,howling-fjord,96,shaman,elemental,6,1,5
26841,Shamsteaks,ysera,96,shaman,elemental,6,1,5
26842,Bonestompamc,blackmoore,96,shaman,elemental,6,1,5
26843,Depucova,silvermoon,96,shaman,elemental,6,1,5
26844,Stiflersmôm,antonidas,96,shaman,elemental,6,1,5
26845,Magicmekoz,draenor,96,shaman,elemental,6,1,5
26846,Pasjeop,ravencrest,96,shaman,elemental,6,1,5
26847,Newÿorc,dalaran,96,shaman,elemental,6,1,5
26848,Luzzilol,garrosh,96,shaman,elemental,6,1,5
26849,Heheheyup,ravencrest,96,shaman,elemental,6,1,5
26850,Shaminista,ravencrest,96,shaman,elemental,6,1,5
26851,Сентес,soulflayer,96,shaman,elemental,6,1,5
26852,Fatflop,sylvanas,96,shaman,elemental,6,1,5
26853,Samisu,blackmoore,96,shaman,elemental,6,1,5
26854,Tir,auchindoun,96,shaman,elemental,6,1,5
26855,Woolysocks,draenor,96,shaman,elemental,6,1,5
26856,Sayokô,grim-batol,96,shaman,elemental,6,1,5
26857,Flurpz,outland,96,shaman,elemental,6,1,5
26858,Vodoochild,hyjal,96,shaman,elemental,6,1,5
26859,Dergat,pozzo-delleternità,96,shaman,elemental,6,1,5
26860,Takkenuma,hyjal,96,shaman,elemental,6,1,5
26861,Skailzcham,hyjal,96,shaman,elemental,6,1,5
26862,Elijaá,nordrassil,96,shaman,elemental,6,1,5
26863,Izir,archimonde,96,shaman,elemental,6,1,5
26864,Magmamartin,antonidas,96,shaman,elemental,6,1,5
26865,Ânne,blackrock,96,shaman,elemental,6,1,5
26866,Pomegranate,arthas,96,shaman,elemental,6,1,5
26867,Shamira,nethersturm,96,shaman,elemental,6,1,5
26868,Freexx,aegwynn,96,shaman,elemental,6,1,5
26869,Aguero,aegwynn,96,shaman,elemental,6,1,5
26870,Nìtratx,archimonde,96,shaman,elemental,6,1,5
26871,Dwarfofwar,ravencrest,96,shaman,elemental,6,1,5
26872,Альтегро,blackscar,96,shaman,elemental,6,1,5
26873,Hästdvärg,the-maelstrom,96,shaman,elemental,6,1,5
26874,Thrallotido,sanguino,96,shaman,elemental,6,1,5
26875,Champïx,archimonde,96,shaman,elemental,15,2,13
26876,Kyst,elune,95,shaman,elemental,6,1,5
26877,Torepåsporet,deathwing,79,shaman,elemental,5,1,4
26878,Rãgnãr,frostwolf,64,shaman,elemental,4,1,3
26879,Obêlixx,blackmoore,31,shaman,elemental,2,1,1
26880,Memourian,drakthul,16,shaman,elemental,7,1,6
26881,Mûnch,kazzak,2369,shaman,enhancement,110,73,37
26882,Крааули,soulflayer,2322,shaman,enhancement,234,123,111
26883,Bredare,ravencrest,2295,shaman,enhancement,100,79,21
26884,Fatpig,stormscale,2238,shaman,enhancement,83,47,36
26885,Axdn,ravencrest,2229,shaman,enhancement,80,47,33
26886,Avines,twisting-nether,2205,shaman,enhancement,200,103,97
26887,Myguns,silvermoon,2164,shaman,enhancement,78,47,31
26888,Baconbazooka,tarren-mill,2147,shaman,enhancement,101,60,41
26889,Lizoo,ravencrest,2139,shaman,enhancement,66,50,16
26890,Sillaas,ysondre,2131,shaman,enhancement,102,50,52
26891,Shïnnkøk,stormscale,2130,shaman,enhancement,72,43,29
26892,Mustakrakish,terokkar,2127,shaman,enhancement,78,53,25
26893,Smorcshamyy,kazzak,2127,shaman,enhancement,111,63,48
26894,Fckumen,blackmoore,2124,shaman,enhancement,106,61,45
26895,Stribbzz,stormscale,2121,shaman,enhancement,190,113,77
26896,Joeyexe,outland,2119,shaman,enhancement,84,48,36
26897,Shadi,stormscale,2119,shaman,enhancement,84,44,40
26898,Strippzz,stormscale,2116,shaman,enhancement,78,46,32
26899,Voodoodoouu,stormscale,2116,shaman,enhancement,84,49,35
26900,Maelstrom,eredar,2113,shaman,enhancement,300,167,133
26901,Ruffepuffe,twisting-nether,2109,shaman,enhancement,192,107,85
26902,Buffdraventy,archimonde,2105,shaman,enhancement,66,40,26
26903,Sparkyxd,twisting-nether,2102,shaman,enhancement,78,40,38
26904,Áä,stormscale,2085,shaman,enhancement,42,37,5
26905,Trulylove,tarren-mill,2085,shaman,enhancement,66,34,32
26906,Blaukraut,stormscale,2067,shaman,enhancement,66,41,25
26907,Hexmex,stormreaver,2066,shaman,enhancement,89,52,37
26908,Karpsham,stormscale,2066,shaman,enhancement,109,55,54
26909,Дудивтф,soulflayer,2059,shaman,enhancement,111,57,54
26910,Hermerejildo,stormscale,2048,shaman,enhancement,78,38,40
26911,Azifox,hyjal,2046,shaman,enhancement,60,34,26
26912,Milheroj,tarren-mill,2043,shaman,enhancement,93,53,40
26913,Yüri,stormscale,2030,shaman,enhancement,247,124,123
26914,Gúîtårgøð,sanguino,2010,shaman,enhancement,82,41,41
26915,Lovèless,stormscale,2009,shaman,enhancement,30,21,9
26916,Читорра,gordunni,2008,shaman,enhancement,84,44,40
26917,Shamanyxx,tarren-mill,2007,shaman,enhancement,78,42,36
26918,Yashëa,ysondre,2003,shaman,enhancement,61,51,10
26919,Бафамет,blackscar,1992,shaman,enhancement,48,27,21
26920,Lokes,drakthul,1985,shaman,enhancement,119,68,51
26921,Acidtrips,thrall,1985,shaman,enhancement,54,30,24
26922,Инсэйнгод,soulflayer,1983,shaman,enhancement,63,32,31
26923,Testosterone,dun-modr,1980,shaman,enhancement,71,44,27
26924,Viablous,ravencrest,1977,shaman,enhancement,148,96,52
26925,Turbostruck,ravencrest,1977,shaman,enhancement,102,46,56
26926,Plsdontpress,stormscale,1968,shaman,enhancement,91,53,38
26927,Etox,darksorrow,1962,shaman,enhancement,78,38,40
26928,Shïnnøk,stormscale,1959,shaman,enhancement,249,126,123
26929,Feetaddict,kazzak,1956,shaman,enhancement,47,32,15
26930,Ниу,thermaplugg,1949,shaman,enhancement,54,32,22
26931,Shadiqt,stormscale,1942,shaman,enhancement,60,31,29
26932,Morguk,zuljin,1936,shaman,enhancement,91,53,38
26933,Alterem,kazzak,1914,shaman,enhancement,84,48,36
26934,Пеклоь,soulflayer,1906,shaman,enhancement,83,43,40
26935,Тандерстарк,howling-fjord,1905,shaman,enhancement,119,65,54
26936,Tosemist,stormscale,1903,shaman,enhancement,46,28,18
26937,Arhitopg,silvermoon,1903,shaman,enhancement,120,64,56
26938,Nopre,blackrock,1897,shaman,enhancement,100,56,44
26939,Panzarkamp,stormscale,1894,shaman,enhancement,95,58,37
26940,Enhshamanop,draenor,1893,shaman,enhancement,108,55,53
26941,Gottiy,blackhand,1893,shaman,enhancement,102,50,52
26942,Gromzog,twisting-nether,1890,shaman,enhancement,48,31,17
26943,Blitzmann,outland,1888,shaman,enhancement,30,20,10
26944,Boombastíc,ravencrest,1881,shaman,enhancement,83,43,40
26945,Wishsteen,stormscale,1874,shaman,enhancement,42,27,15
26946,Чаапалах,blackscar,1874,shaman,enhancement,103,53,50
26947,Sozetwo,tarren-mill,1873,shaman,enhancement,34,24,10
26948,Xa,blackrock,1873,shaman,enhancement,54,31,23
26949,Нарленд,gordunni,1871,shaman,enhancement,60,31,29
26950,Ятебясмету,gordunni,1867,shaman,enhancement,48,32,16
26951,Jäy,twisting-nether,1867,shaman,enhancement,58,31,27
26952,Ниокумибейт,soulflayer,1866,shaman,enhancement,52,34,18
26953,Falseshepard,kazzak,1863,shaman,enhancement,54,29,25
26954,Disciplé,blackmoore,1862,shaman,enhancement,65,34,31
26955,Horelio,sanguino,1860,shaman,enhancement,93,56,37
26956,Brokenguyman,defias-brotherhood,1858,shaman,enhancement,41,23,18
26957,Naochí,silvermoon,1857,shaman,enhancement,35,23,12
26958,Radåhn,outland,1854,shaman,enhancement,72,44,28
26959,Chatbanned,blackmoore,1849,shaman,enhancement,42,25,17
26960,Вацунвец,goldrinn,1849,shaman,enhancement,133,70,63
26961,Toteemikylpy,argent-dawn,1848,shaman,enhancement,54,38,16
26962,Frankone,outland,1845,shaman,enhancement,102,61,41
26963,Totemofgreed,rexxar,1843,shaman,enhancement,84,40,44
26964,Zró,blackrock,1841,shaman,enhancement,54,29,25
26965,Calvey,magtheridon,1841,shaman,enhancement,64,31,33
26966,Сахарокь,soulflayer,1840,shaman,enhancement,42,27,15
26967,Uhøfligeulf,draenor,1839,shaman,enhancement,47,24,23
26968,Dennismanone,tarren-mill,1836,shaman,enhancement,66,30,36
26969,Actionhank,area-52,1834,shaman,enhancement,57,30,27
26970,Zetorgg,burning-legion,1832,shaman,enhancement,71,36,35
26971,Critonian,twisting-nether,1831,shaman,enhancement,54,27,27
26972,Друггрумилей,soulflayer,1828,shaman,enhancement,42,24,18
26973,Mírídíuss,silvermoon,1827,shaman,enhancement,35,25,10
26974,Salvadr,zuljin,1827,shaman,enhancement,62,35,27
26975,Shambolicc,ravencrest,1826,shaman,enhancement,59,26,33
26976,Stormkiler,defias-brotherhood,1826,shaman,enhancement,83,36,47
26977,Ananasanax,twisting-nether,1823,shaman,enhancement,114,63,51
26978,Chakafuyo,dun-modr,1822,shaman,enhancement,42,25,17
26979,Oldveteran,eredar,1822,shaman,enhancement,66,39,27
26980,Tâktoukâ,archimonde,1820,shaman,enhancement,58,35,23
26981,Talrall,twisting-nether,1820,shaman,enhancement,66,35,31
26982,Senroxx,blackrock,1818,shaman,enhancement,48,32,16
26983,Пэппивкашке,howling-fjord,1818,shaman,enhancement,38,23,15
26984,Ryhèn,stormscale,1817,shaman,enhancement,128,78,50
26985,Argotan,drakthul,1817,shaman,enhancement,71,43,28
26986,Swapxy,ravencrest,1816,shaman,enhancement,24,19,5
26987,Mckoy,kazzak,1816,shaman,enhancement,40,27,13
26988,Yacu,blackrock,1815,shaman,enhancement,53,32,21
26989,Marohk,uldum,1815,shaman,enhancement,42,22,20
26990,Bikdig,dun-modr,1812,shaman,enhancement,78,47,31
26991,Mèátßãllgøðx,kazzak,1812,shaman,enhancement,129,65,64
26992,Вацустайл,goldrinn,1810,shaman,enhancement,48,32,16
26993,Dshaman,aegwynn,1810,shaman,enhancement,36,23,13
26994,Jtouni,outland,1810,shaman,enhancement,66,32,34
26995,Taktouka,archimonde,1810,shaman,enhancement,54,24,30
26996,Wishstêên,stormscale,1809,shaman,enhancement,64,29,35
26997,Xestil,blackmoore,1808,shaman,enhancement,67,36,31
26998,Yombaï,archimonde,1808,shaman,enhancement,108,48,60
26999,Wóllff,archimonde,1806,shaman,enhancement,48,24,24
27000,Hanrej,draenor,1804,shaman,enhancement,54,33,21
27001,Реактиватор,soulflayer,1803,shaman,enhancement,47,27,20
27002,Бренненд,howling-fjord,1803,shaman,enhancement,88,49,39
27003,Syllaas,ysondre,1800,shaman,enhancement,54,28,26
27004,Rabalalaha,twisting-nether,1798,shaman,enhancement,146,78,68
27005,Proccq,twisting-nether,1795,shaman,enhancement,48,24,24
27006,Shamflurry,ravencrest,1793,shaman,enhancement,42,29,13
27007,Floorislava,culte-de-la-rive-noire,1792,shaman,enhancement,78,39,39
27008,Shamtard,frostwhisper,1791,shaman,enhancement,102,51,51
27009,Bullx,magtheridon,1783,shaman,enhancement,54,30,24
27010,Deaslow,hyjal,1778,shaman,enhancement,83,46,37
27011,Xôàrqt,eredar,1776,shaman,enhancement,197,106,91
27012,Shamarach,sylvanas,1773,shaman,enhancement,30,22,8
27013,Pýthøn,silvermoon,1772,shaman,enhancement,54,27,27
27014,Ázøk,stormscale,1771,shaman,enhancement,142,72,70
27015,Spicemélange,archimonde,1769,shaman,enhancement,52,30,22
27016,Arslos,twisting-nether,1768,shaman,enhancement,32,24,8
27017,Grende,sylvanas,1764,shaman,enhancement,66,35,31
27018,Sígrun,aegwynn,1758,shaman,enhancement,42,28,14
27019,Китраст,soulflayer,1756,shaman,enhancement,34,19,15
27020,Nerfrets,malganis,1752,shaman,enhancement,60,42,18
27021,Madmadbro,tarren-mill,1750,shaman,enhancement,60,41,19
27022,Láynert,dun-modr,1747,shaman,enhancement,243,123,120
27023,Echoingshock,argent-dawn,1746,shaman,enhancement,48,32,16
27024,Vayshibro,turalyon,1741,shaman,enhancement,54,29,25
27025,Рэггдолл,soulflayer,1739,shaman,enhancement,84,34,50
27026,Painshock,outland,1736,shaman,enhancement,60,36,24
27027,Wacomtablet,kazzak,1736,shaman,enhancement,36,19,17
27028,Basz,aegwynn,1732,shaman,enhancement,37,21,16
27029,Tobanga,malganis,1730,shaman,enhancement,48,29,19
27030,Chêlëx,silvermoon,1730,shaman,enhancement,158,87,71
27031,Asaakira,blackmoore,1729,shaman,enhancement,115,54,61
27032,Spetsnazz,archimonde,1728,shaman,enhancement,132,66,66
27033,Халльбьерн,howling-fjord,1726,shaman,enhancement,60,36,24
27034,Masztaar,ragnaros,1719,shaman,enhancement,64,35,29
27035,Stormbreáker,twisting-nether,1717,shaman,enhancement,132,82,50
27036,Snëakyboom,stormscale,1717,shaman,enhancement,96,46,50
27037,Тралси,howling-fjord,1715,shaman,enhancement,24,18,6
27038,Turbopuddi,kazzak,1711,shaman,enhancement,65,35,30
27039,Enhx,ravencrest,1707,shaman,enhancement,36,23,13
27040,Joanna,frostwolf,1705,shaman,enhancement,60,28,32
27041,Fotmburstwin,blackmoore,1704,shaman,enhancement,42,27,15
27042,Fözk,outland,1704,shaman,enhancement,42,24,18
27043,Pusspatrol,kazzak,1704,shaman,enhancement,48,21,27
27044,Вудумастер,gordunni,1700,shaman,enhancement,35,20,15
27045,Bluetide,ravencrest,1699,shaman,enhancement,45,32,13
27046,Херургх,soulflayer,1698,shaman,enhancement,38,25,13
27047,Monamour,twisting-nether,1698,shaman,enhancement,66,40,26
27048,Lersham,the-maelstrom,1698,shaman,enhancement,54,32,22
27049,Enhahaha,tarren-mill,1697,shaman,enhancement,36,23,13
27050,Слакербэдбой,gordunni,1696,shaman,enhancement,60,26,34
27051,Ozilie,khaz-modan,1695,shaman,enhancement,48,31,17
27052,Veloudinos,twisting-nether,1692,shaman,enhancement,78,53,25
27053,Azrs,ravencrest,1689,shaman,enhancement,54,29,25
27054,Ripstorm,sylvanas,1685,shaman,enhancement,48,24,24
27055,Tinysalmon,hyjal,1681,shaman,enhancement,30,18,12
27056,Взалходил,soulflayer,1680,shaman,enhancement,41,21,20
27057,Zulmalis,twisting-nether,1679,shaman,enhancement,40,23,17
27058,Wheygodx,ravencrest,1679,shaman,enhancement,87,46,41
27059,Madboys,kazzak,1679,shaman,enhancement,55,29,26
27060,Moini,eredar,1674,shaman,enhancement,42,21,21
27061,Greythunda,archimonde,1672,shaman,enhancement,36,23,13
27062,Lurkmon,twisting-nether,1671,shaman,enhancement,100,53,47
27063,Порнёреф,howling-fjord,1665,shaman,enhancement,111,72,39
27064,Isucklasso,aegwynn,1664,shaman,enhancement,54,32,22
27065,Cåmilis,archimonde,1664,shaman,enhancement,60,33,27
27066,Neurax,sanguino,1663,shaman,enhancement,88,47,41
27067,Recaim,outland,1663,shaman,enhancement,36,19,17
27068,Khelyyn,tarren-mill,1662,shaman,enhancement,76,39,37
27069,Rayoton,burning-legion,1662,shaman,enhancement,72,35,37
27070,Nibblez,aegwynn,1659,shaman,enhancement,78,50,28
27071,Царьбер,soulflayer,1658,shaman,enhancement,74,41,33
27072,Nînadobrevx,stormscale,1657,shaman,enhancement,117,68,49
27073,Faxsham,draenor,1655,shaman,enhancement,30,20,10
27074,Tartakos,ravencrest,1652,shaman,enhancement,61,36,25
27075,Ludwigson,tarren-mill,1652,shaman,enhancement,98,57,41
27076,Лолимин,borean-tundra,1651,shaman,enhancement,51,33,18
27077,Rëalg,zuljin,1648,shaman,enhancement,24,18,6
27078,Халльбиорн,gordunni,1648,shaman,enhancement,56,25,31
27079,Nevergroundx,perenolde,1646,shaman,enhancement,30,21,9
27080,Sangoma,frostmane,1646,shaman,enhancement,148,66,82
27081,Kanaky,hyjal,1644,shaman,enhancement,42,24,18
27082,Vartarius,arthas,1644,shaman,enhancement,48,25,23
27083,Элементи,gordunni,1642,shaman,enhancement,107,63,44
27084,Pumanii,silvermoon,1642,shaman,enhancement,54,28,26
27085,Энха,howling-fjord,1641,shaman,enhancement,36,21,15
27086,Гоэл,ashenvale,1638,shaman,enhancement,30,20,10
27087,Shambamm,stormscale,1637,shaman,enhancement,54,31,23
27088,Hezdnalien,aegwynn,1636,shaman,enhancement,65,34,31
27089,Tornis,terokkar,1635,shaman,enhancement,66,37,29
27090,Patsham,wildhammer,1634,shaman,enhancement,113,67,46
27091,Kulefesk,grim-batol,1634,shaman,enhancement,42,21,21
27092,Elemoont,tarren-mill,1633,shaman,enhancement,42,25,17
27093,Legitbro,ravencrest,1633,shaman,enhancement,48,22,26
27094,Treyway,dun-modr,1628,shaman,enhancement,30,21,9
27095,Explôsive,silvermoon,1627,shaman,enhancement,36,21,15
27096,Johncoltrane,archimonde,1626,shaman,enhancement,54,36,18
27097,Äijä,chromaggus,1626,shaman,enhancement,72,41,31
27098,Ùseless,archimonde,1626,shaman,enhancement,36,20,16
27099,Naïda,conseil-des-ombres,1625,shaman,enhancement,89,43,46
27100,Канамаш,borean-tundra,1624,shaman,enhancement,42,27,15
27101,Chamkalix,sanguino,1623,shaman,enhancement,72,37,35
27102,Phobiatics,thrall,1622,shaman,enhancement,24,17,7
27103,Shamrún,sylvanas,1622,shaman,enhancement,54,33,21
27104,Reparagos,sanguino,1622,shaman,enhancement,47,27,20
27105,Úpli,blackmoore,1621,shaman,enhancement,30,18,12
27106,Gelthan,zuljin,1620,shaman,enhancement,122,63,59
27107,Khrin,blackmoore,1618,shaman,enhancement,36,21,15
27108,Pumpcok,durotan,1616,shaman,enhancement,30,21,9
27109,Skullstorm,talnivarr,1613,shaman,enhancement,30,20,10
27110,Defiaz,stormscale,1612,shaman,enhancement,46,34,12
27111,Typhoön,sanguino,1612,shaman,enhancement,139,71,68
27112,Ореганно,howling-fjord,1611,shaman,enhancement,72,40,32
27113,Toxicnux,nemesis,1610,shaman,enhancement,48,28,20
27114,Чухансмент,gordunni,1610,shaman,enhancement,63,33,30
27115,Totemticks,aegwynn,1609,shaman,enhancement,48,25,23
27116,Obrijames,tarren-mill,1606,shaman,enhancement,36,22,14
27117,Ancestro,kazzak,1606,shaman,enhancement,60,32,28
27118,Raveell,defias-brotherhood,1605,shaman,enhancement,70,34,36
27119,Darkning,kazzak,1604,shaman,enhancement,30,19,11
27120,Grrud,draenor,1604,shaman,enhancement,42,23,19
27121,Sêarix,aegwynn,1603,shaman,enhancement,48,31,17
27122,Shocktopussi,stormscale,1603,shaman,enhancement,51,32,19
27123,Hexwife,archimonde,1602,shaman,enhancement,67,35,32
27124,Шокмужик,gordunni,1602,shaman,enhancement,36,18,18
27125,Moaxtyr,blackmoore,1601,shaman,enhancement,42,29,13
27126,Tdogfx,blackhand,1601,shaman,enhancement,36,22,14
27127,Venomos,kazzak,1601,shaman,enhancement,39,18,21
27128,Estasham,stormscale,1600,shaman,enhancement,102,59,43
27129,Mmsalatik,nemesis,1600,shaman,enhancement,36,19,17
27130,Pontifhkas,ragnaros,1597,shaman,enhancement,33,22,11
27131,Sndheal,kazzak,1596,shaman,enhancement,24,19,5
27132,Jabaraklol,stormscale,1596,shaman,enhancement,88,54,34
27133,Smozze,grim-batol,1592,shaman,enhancement,102,52,50
27134,Belroc,ravencrest,1591,shaman,enhancement,36,19,17
27135,Elèon,blackrock,1586,shaman,enhancement,71,32,39
27136,Kammek,tarren-mill,1583,shaman,enhancement,81,48,33
27137,Элетеми,soulflayer,1581,shaman,enhancement,60,34,26
27138,Цс,azuregos,1579,shaman,enhancement,116,63,53
27139,Voodooms,laughing-skull,1576,shaman,enhancement,65,40,25
27140,Эбгерсон,soulflayer,1576,shaman,enhancement,114,62,52
27141,Commadore,korgall,1574,shaman,enhancement,36,18,18
27142,Ubies,silvermoon,1572,shaman,enhancement,69,38,31
27143,Voodoohexman,kazzak,1569,shaman,enhancement,48,29,19
27144,Шанья,gordunni,1569,shaman,enhancement,54,21,33
27145,Azzizael,argent-dawn,1568,shaman,enhancement,90,46,44
27146,Earthhulk,thrall,1564,shaman,enhancement,40,21,19
27147,Автозакзак,soulflayer,1563,shaman,enhancement,35,17,18
27148,Gandy,the-maelstrom,1562,shaman,enhancement,46,22,24
27149,Tescriamelio,ysondre,1561,shaman,enhancement,30,19,11
27150,Argarok,argent-dawn,1561,shaman,enhancement,30,18,12
27151,Kosface,tarren-mill,1557,shaman,enhancement,83,44,39
27152,Bumbummann,blackmoore,1557,shaman,enhancement,106,52,54
27153,Иннреи,howling-fjord,1556,shaman,enhancement,63,38,25
27154,Thalir,aegwynn,1556,shaman,enhancement,45,20,25
27155,Ашхикиган,howling-fjord,1556,shaman,enhancement,54,19,35
27156,Ecclîpce,archimonde,1554,shaman,enhancement,60,34,26
27157,Chendra,scarshield-legion,1551,shaman,enhancement,107,52,55
27158,Szublime,stormscale,1550,shaman,enhancement,48,27,21
27159,Zayliha,ravencrest,1547,shaman,enhancement,36,20,16
27160,Rocktopus,outland,1547,shaman,enhancement,51,27,24
27161,Apexpredlol,blackmoore,1546,shaman,enhancement,90,42,48
27162,Purgelord,tarren-mill,1537,shaman,enhancement,46,28,18
27163,Mesrines,archimonde,1536,shaman,enhancement,42,22,20
27164,Testogodx,defias-brotherhood,1535,shaman,enhancement,45,23,22
27165,Зэбой,howling-fjord,1532,shaman,enhancement,32,21,11
27166,Garulf,twisting-nether,1532,shaman,enhancement,42,19,23
27167,Шампуньхан,blackscar,1532,shaman,enhancement,59,25,34
27168,Kynaz,sanguino,1532,shaman,enhancement,69,25,44
27169,Kutipaperi,stormscale,1530,shaman,enhancement,36,20,16
27170,Онеоне,deathweaver,1530,shaman,enhancement,36,17,19
27171,Paintball,kazzak,1527,shaman,enhancement,78,40,38
27172,Blackibird,garona,1525,shaman,enhancement,57,29,28
27173,Agathoulis,burning-legion,1524,shaman,enhancement,24,16,8
27174,Javaburst,ragnaros,1524,shaman,enhancement,54,25,29
27175,Маелштромс,soulflayer,1523,shaman,enhancement,30,16,14
27176,Krovn,aszune,1521,shaman,enhancement,60,27,33
27177,Jeki,ysondre,1519,shaman,enhancement,66,29,37
27178,Mõrax,ysondre,1518,shaman,enhancement,79,37,42
27179,Kilomanjaro,bloodfeather,1515,shaman,enhancement,24,16,8
27180,Vulkân,silvermoon,1513,shaman,enhancement,66,39,27
27181,Tarantan,eredar,1510,shaman,enhancement,61,32,29
27182,Gøretterøg,ysondre,1507,shaman,enhancement,25,16,9
27183,Gerethor,burning-legion,1504,shaman,enhancement,63,29,34
27184,Skyróxx,blackrock,1502,shaman,enhancement,30,16,14
27185,Kijin,kirin-tor,1500,shaman,enhancement,42,21,21
27186,Dalgia,tarren-mill,1498,shaman,enhancement,30,16,14
27187,Heeze,doomhammer,1494,shaman,enhancement,112,60,52
27188,Sházam,destromath,1493,shaman,enhancement,24,16,8
27189,Alethea,frostmane,1491,shaman,enhancement,66,33,33
27190,Rakermän,dun-modr,1490,shaman,enhancement,30,17,13
27191,Buuddha,drakthul,1490,shaman,enhancement,59,29,30
27192,Nexdown,archimonde,1490,shaman,enhancement,57,28,29
27193,Vascodagama,twisting-nether,1488,shaman,enhancement,42,25,17
27194,Îzanami,ravencrest,1486,shaman,enhancement,90,49,41
27195,Alphas,draenor,1481,shaman,enhancement,38,24,14
27196,Shyrion,onyxia,1481,shaman,enhancement,54,24,30
27197,Oronakgladx,ravencrest,1480,shaman,enhancement,66,33,33
27198,Xxloon,blackrock,1477,shaman,enhancement,54,33,21
27199,Chimp,lightnings-blade,1475,shaman,enhancement,36,21,15
27200,Ekinoz,outland,1471,shaman,enhancement,29,16,13
27201,Lumii,azshara,1471,shaman,enhancement,42,21,21
27202,Enigmar,stormscale,1471,shaman,enhancement,93,43,50
27203,Mcbloob,kazzak,1469,shaman,enhancement,81,39,42
27204,Shamãn,draenor,1467,shaman,enhancement,42,19,23
27205,Моктрогтар,ashenvale,1466,shaman,enhancement,36,23,13
27206,Totemlover,draenor,1464,shaman,enhancement,82,48,34
27207,Shockxy,norgannon,1464,shaman,enhancement,34,16,18
27208,Justweirdaf,blackmoore,1460,shaman,enhancement,48,26,22
27209,Nyxoqtx,draenor,1454,shaman,enhancement,24,21,3
27210,Шторсонг,gordunni,1451,shaman,enhancement,74,48,26
27211,Atée,silvermoon,1451,shaman,enhancement,81,37,44
27212,Дефибо,howling-fjord,1447,shaman,enhancement,105,52,53
27213,Барракудах,gordunni,1443,shaman,enhancement,134,59,75
27214,Shawck,ravencrest,1441,shaman,enhancement,30,16,14
27215,Furrymane,blackmoore,1439,shaman,enhancement,36,24,12
27216,Arkaos,exodar,1439,shaman,enhancement,43,24,19
27217,Perunya,tarren-mill,1438,shaman,enhancement,53,27,26
27218,Bolgrath,blackmoore,1438,shaman,enhancement,52,24,28
27219,Shaayys,archimonde,1438,shaman,enhancement,78,35,43
27220,Kyshka,tarren-mill,1436,shaman,enhancement,30,15,15
27221,Thorâ,frostmane,1435,shaman,enhancement,30,21,9
27222,Плаглорд,howling-fjord,1433,shaman,enhancement,42,22,20
27223,Argonautt,drakthul,1433,shaman,enhancement,114,51,63
27224,Jondil,das-syndikat,1433,shaman,enhancement,36,16,20
27225,Kachori,eredar,1432,shaman,enhancement,30,15,15
27226,Царьколтрэйн,blackscar,1432,shaman,enhancement,36,16,20
27227,Hayvaan,blackrock,1431,shaman,enhancement,78,46,32
27228,Hulcky,grim-batol,1429,shaman,enhancement,48,24,24
27229,Dcanne,outland,1428,shaman,enhancement,99,52,47
27230,Yurkën,uldum,1428,shaman,enhancement,60,29,31
27231,Tijae,ravencrest,1426,shaman,enhancement,18,15,3
27232,Shambambum,blackrock,1426,shaman,enhancement,72,32,40
27233,Экспатриот,greymane,1424,shaman,enhancement,42,23,19
27234,Medistød,draenor,1422,shaman,enhancement,24,16,8
27235,Лапища,soulflayer,1421,shaman,enhancement,60,33,27
27236,Zuvx,ravencrest,1420,shaman,enhancement,66,38,28
27237,Zarkab,ysondre,1419,shaman,enhancement,22,16,6
27238,Nubokesel,ragnaros,1414,shaman,enhancement,43,22,21
27239,Juicewillis,defias-brotherhood,1413,shaman,enhancement,36,23,13
27240,Benderbub,blackhand,1404,shaman,enhancement,44,20,24
27241,Kenseienh,kazzak,1402,shaman,enhancement,121,61,60
27242,Шаманутый,soulflayer,1400,shaman,enhancement,41,17,24
27243,Neptun,twisting-nether,1393,shaman,enhancement,107,53,54
27244,Wolfwesti,outland,1386,shaman,enhancement,24,18,6
27245,Rether,nemesis,1384,shaman,enhancement,53,23,30
27246,Chämalö,archimonde,1378,shaman,enhancement,115,61,54
27247,Shockthat,draenor,1375,shaman,enhancement,40,26,14
27248,Sparkarse,argent-dawn,1374,shaman,enhancement,24,17,7
27249,Tahsus,blackmoore,1372,shaman,enhancement,36,17,19
27250,Кинговели,soulflayer,1372,shaman,enhancement,101,47,54
27251,Cahuna,stormscale,1371,shaman,enhancement,63,24,39
27252,Курси,gordunni,1370,shaman,enhancement,108,49,59
27253,Panicblast,stormscale,1366,shaman,enhancement,35,15,20
27254,Kættmæck,tarren-mill,1366,shaman,enhancement,36,15,21
27255,Ïï,archimonde,1365,shaman,enhancement,87,40,47
27256,Notoxus,antonidas,1364,shaman,enhancement,78,39,39
27257,Sangvinus,outland,1364,shaman,enhancement,42,18,24
27258,Ðezûga,antonidas,1361,shaman,enhancement,48,22,26
27259,Mcslammer,kazzak,1360,shaman,enhancement,54,22,32
27260,Басари,gordunni,1357,shaman,enhancement,41,20,21
27261,Yaar,alleria,1351,shaman,enhancement,53,30,23
27262,Hexd,defias-brotherhood,1350,shaman,enhancement,48,21,27
27263,Nakenfeigy,stormreaver,1349,shaman,enhancement,54,32,22
27264,Faydé,stormscale,1343,shaman,enhancement,30,14,16
27265,Lassolasse,sylvanas,1341,shaman,enhancement,18,14,4
27266,Дрегтан,howling-fjord,1341,shaman,enhancement,71,28,43
27267,Stensham,stormreaver,1340,shaman,enhancement,24,14,10
27268,Тленозавр,gordunni,1340,shaman,enhancement,51,24,27
27269,Casualhex,argent-dawn,1340,shaman,enhancement,155,71,84
27270,Gurtok,drakthul,1336,shaman,enhancement,36,22,14
27271,Boidarbre,sargeras,1331,shaman,enhancement,42,15,27
27272,Броаркар,razuvious,1326,shaman,enhancement,73,41,32
27273,Thrâwl,kazzak,1324,shaman,enhancement,18,14,4
27274,Атл,deathguard,1323,shaman,enhancement,38,25,13
27275,Bourdieu,thrall,1322,shaman,enhancement,30,15,15
27276,Kanabi,darkspear,1322,shaman,enhancement,30,14,16
27277,Ørgus,aegwynn,1321,shaman,enhancement,179,99,80
27278,Ошиндра,gordunni,1320,shaman,enhancement,28,15,13
27279,Clembute,cthun,1319,shaman,enhancement,48,28,20
27280,Палачок,eversong,1316,shaman,enhancement,36,19,17
27281,Jasnäh,ysondre,1315,shaman,enhancement,30,14,16
27282,Noiduttu,tarren-mill,1313,shaman,enhancement,66,41,25
27283,Maajo,tarren-mill,1312,shaman,enhancement,42,16,26
27284,Tyrox,kirin-tor,1310,shaman,enhancement,24,14,10
27285,Qauter,hellfire,1305,shaman,enhancement,30,14,16
27286,Trîkill,hyjal,1304,shaman,enhancement,54,23,31
27287,Другалёк,howling-fjord,1299,shaman,enhancement,36,21,15
27288,Wedís,outland,1299,shaman,enhancement,42,22,20
27289,Lavashnikov,burning-legion,1294,shaman,enhancement,66,35,31
27290,Sunetee,kazzak,1294,shaman,enhancement,54,23,31
27291,Verlas,kazzak,1293,shaman,enhancement,52,26,26
27292,Juliaroberts,ragnaros,1282,shaman,enhancement,93,46,47
27293,Manrod,tarren-mill,1279,shaman,enhancement,66,34,32
27294,Zandali,tarren-mill,1278,shaman,enhancement,66,38,28
27295,Katastrofuss,stormscale,1273,shaman,enhancement,35,21,14
27296,Shamomo,hyjal,1271,shaman,enhancement,43,17,26
27297,Амг,booty-bay,1270,shaman,enhancement,38,20,18
27298,Igniis,frostmane,1264,shaman,enhancement,24,16,8
27299,Prømetheüs,sanguino,1262,shaman,enhancement,58,35,23
27300,Shamaneo,outland,1260,shaman,enhancement,39,26,13
27301,Simularcum,kazzak,1252,shaman,enhancement,36,18,18
27302,Видарх,soulflayer,1247,shaman,enhancement,24,13,11
27303,Trulylove,outland,1247,shaman,enhancement,36,13,23
27304,Экспл,ashenvale,1245,shaman,enhancement,30,13,17
27305,Максобман,howling-fjord,1243,shaman,enhancement,24,13,11
27306,Stormasaurus,anachronos,1242,shaman,enhancement,22,14,8
27307,Виндфуриа,gordunni,1242,shaman,enhancement,54,28,26
27308,Krishun,blackmoore,1242,shaman,enhancement,30,13,17
27309,Hichibane,archimonde,1242,shaman,enhancement,30,13,17
27310,Kedall,archimonde,1242,shaman,enhancement,30,13,17
27311,Nêmônin,perenolde,1241,shaman,enhancement,18,13,5
27312,Traktorchox,draenor,1241,shaman,enhancement,24,13,11
27313,Enoughh,the-maelstrom,1241,shaman,enhancement,24,13,11
27314,Werdup,sunstrider,1241,shaman,enhancement,32,13,19
27315,Ubramovitch,hyjal,1239,shaman,enhancement,24,13,11
27316,Loshohealva,stormscale,1239,shaman,enhancement,24,13,11
27317,Wertih,burning-legion,1236,shaman,enhancement,18,13,5
27318,Чёкнутое,soulflayer,1236,shaman,enhancement,45,26,19
27319,Movex,arathor,1235,shaman,enhancement,24,13,11
27320,Видсон,soulflayer,1234,shaman,enhancement,30,14,16
27321,Kargos,stormscale,1234,shaman,enhancement,30,13,17
27322,Pvegame,tarren-mill,1233,shaman,enhancement,30,13,17
27323,Жуксик,greymane,1233,shaman,enhancement,30,13,17
27324,Convîcted,grim-batol,1230,shaman,enhancement,22,14,8
27325,Enkzäm,archimonde,1230,shaman,enhancement,44,21,23
27326,Stromkek,eredar,1223,shaman,enhancement,24,13,11
27327,Mazokuu,ragnaros,1222,shaman,enhancement,75,36,39
27328,Lokresh,azjolnerub,1220,shaman,enhancement,24,13,11
27329,Beletili,chogall,1216,shaman,enhancement,37,15,22
27330,Dendyre,outland,1214,shaman,enhancement,29,13,16
27331,Shamaray,stormscale,1212,shaman,enhancement,42,22,20
27332,Yeemayne,outland,1206,shaman,enhancement,18,13,5
27333,Grimtøtem,defias-brotherhood,1206,shaman,enhancement,36,16,20
27334,Шалман,thermaplugg,1203,shaman,enhancement,150,73,77
27335,Idxbi,kazzak,1196,shaman,enhancement,36,21,15
27336,Элетар,gordunni,1196,shaman,enhancement,42,16,26
27337,Kuzsham,archimonde,1195,shaman,enhancement,27,13,14
27338,Saduria,antonidas,1194,shaman,enhancement,78,44,34
27339,Allakbarz,stormscale,1190,shaman,enhancement,94,39,55
27340,Kunancementa,ravencrest,1189,shaman,enhancement,23,13,10
27341,Trenhard,wildhammer,1188,shaman,enhancement,23,13,10
27342,Волкк,soulflayer,1175,shaman,enhancement,25,14,11
27343,Tashunka,twisting-nether,1175,shaman,enhancement,106,47,59
27344,Yasan,kazzak,1175,shaman,enhancement,31,13,18
27345,Crespouu,doomhammer,1174,shaman,enhancement,30,17,13
27346,Даркгрон,thermaplugg,1153,shaman,enhancement,36,15,21
27347,Onebutton,archimonde,1152,shaman,enhancement,18,12,6
27348,Teknorave,dun-modr,1152,shaman,enhancement,18,12,6
27349,Тиидишам,blackscar,1152,shaman,enhancement,18,12,6
27350,Eclaîr,thrall,1152,shaman,enhancement,24,12,12
27351,Китрасст,soulflayer,1152,shaman,enhancement,24,12,12
27352,Тыпроиграл,gordunni,1152,shaman,enhancement,24,12,12
27353,Cløke,stormscale,1151,shaman,enhancement,18,12,6
27354,Thossa,draenor,1151,shaman,enhancement,58,31,27
27355,Chancè,tarren-mill,1151,shaman,enhancement,24,12,12
27356,Daybidaybi,stormscale,1151,shaman,enhancement,28,13,15
27357,Altotem,blackmoore,1150,shaman,enhancement,18,12,6
27358,Møldør,tarren-mill,1150,shaman,enhancement,18,12,6
27359,Kezron,aegwynn,1150,shaman,enhancement,18,12,6
27360,Ganachimby,zuljin,1149,shaman,enhancement,18,12,6
27361,Litenrolixd,tarren-mill,1149,shaman,enhancement,18,12,6
27362,Dmgaddict,kazzak,1149,shaman,enhancement,24,12,12
27363,Barbebiendur,archimonde,1148,shaman,enhancement,24,12,12
27364,Shamira,nethersturm,1148,shaman,enhancement,30,12,18
27365,Porphy,kazzak,1147,shaman,enhancement,18,12,6
27366,Famepolîce,blackrock,1147,shaman,enhancement,18,12,6
27367,Gõðzilla,blackmoore,1145,shaman,enhancement,24,12,12
27368,Maurrigan,rashgarroth,1142,shaman,enhancement,18,12,6
27369,Krassus,drakthul,1141,shaman,enhancement,24,12,12
27370,Shock,magtheridon,1140,shaman,enhancement,29,17,12
27371,Sg,la-croisade-écarlate,1135,shaman,enhancement,37,18,19
27372,Zzadoxor,doomhammer,1134,shaman,enhancement,24,12,12
27373,Filigran,ragnaros,1132,shaman,enhancement,24,12,12
27374,Arcura,twisting-nether,1127,shaman,enhancement,24,13,11
27375,Плюжка,greymane,1127,shaman,enhancement,122,62,60
27376,Aquæ,suramar,1125,shaman,enhancement,89,47,42
27377,Stormrex,magtheridon,1123,shaman,enhancement,54,28,26
27378,Precíous,sporeggar,1115,shaman,enhancement,34,19,15
27379,Windfury,sylvanas,1113,shaman,enhancement,47,22,25
27380,Акер,deathguard,1108,shaman,enhancement,24,14,10
27381,Dakotasham,ravencrest,1102,shaman,enhancement,17,12,5
27382,Быковат,booty-bay,1101,shaman,enhancement,30,12,18
27383,Eneruswag,draenor,1098,shaman,enhancement,29,14,15
27384,Janserey,burning-legion,1090,shaman,enhancement,30,12,18
27385,Kringspierce,twisting-nether,1086,shaman,enhancement,55,34,21
27386,Хмелецкий,soulflayer,1085,shaman,enhancement,30,18,12
27387,Wargriman,kelthuzad,1081,shaman,enhancement,24,15,9
27388,Zmech,chamber-of-aspects,1068,shaman,enhancement,25,12,13
27389,Nurychic,twisting-nether,1060,shaman,enhancement,39,12,27
27390,Лэнгипас,gordunni,1057,shaman,enhancement,93,41,52
27391,Kärmá,stormscale,1056,shaman,enhancement,18,11,7
27392,Ипа,thermaplugg,1056,shaman,enhancement,30,15,15
27393,Kæzx,blackrock,1055,shaman,enhancement,18,11,7
27394,Pay,stormscale,1055,shaman,enhancement,18,11,7
27395,Kelvok,silvermoon,1055,shaman,enhancement,18,11,7
27396,Mehex,tarren-mill,1055,shaman,enhancement,18,11,7
27397,Shámi,gilneas,1055,shaman,enhancement,24,11,13
27398,Trobø,ravencrest,1055,shaman,enhancement,33,12,21
27399,Babalahziz,ysondre,1054,shaman,enhancement,12,11,1
27400,Lavarage,kazzak,1054,shaman,enhancement,18,11,7
27401,Kolbászlelkü,ragnaros,1054,shaman,enhancement,18,11,7
27402,Ойрхин,greymane,1054,shaman,enhancement,24,11,13
27403,Elémenta,turalyon,1053,shaman,enhancement,18,11,7
27404,Тыщатристах,howling-fjord,1053,shaman,enhancement,18,11,7
27405,Hitmeagain,blackhand,1053,shaman,enhancement,24,11,13
27406,Palmalecki,ravencrest,1053,shaman,enhancement,30,11,19
27407,Spacelazers,twisting-nether,1052,shaman,enhancement,19,11,8
27408,Hopefully,eredar,1050,shaman,enhancement,18,11,7
27409,Rorenth,blackhand,1049,shaman,enhancement,68,35,33
27410,Дромгрон,howling-fjord,1049,shaman,enhancement,24,11,13
27411,Erupted,draenor,1049,shaman,enhancement,30,11,19
27412,Щцц,soulflayer,1047,shaman,enhancement,18,11,7
27413,Frostýx,draenor,1045,shaman,enhancement,27,12,15
27414,Shamrøck,archimonde,1042,shaman,enhancement,30,15,15
27415,Durek,sylvanas,1040,shaman,enhancement,18,11,7
27416,Ipbar,blackrock,1038,shaman,enhancement,18,11,7
27417,Eliaap,antonidas,1023,shaman,enhancement,48,17,31
27418,Литлсмурф,gordunni,1022,shaman,enhancement,30,11,19
27419,Narevoqi,madmortem,1019,shaman,enhancement,22,13,9
27420,Øzy,sanguino,1016,shaman,enhancement,18,12,6
27421,Moodoo,antonidas,1016,shaman,enhancement,29,11,18
27422,Kushme,silvermoon,1010,shaman,enhancement,72,30,42
27423,Khamo,twisting-nether,990,shaman,enhancement,17,11,6
27424,Biglynx,sanguino,989,shaman,enhancement,78,40,38
27425,Burghezu,magtheridon,985,shaman,enhancement,30,15,15
27426,Yunero,argent-dawn,975,shaman,enhancement,19,11,8
27427,Fòóxi,ravencrest,963,shaman,enhancement,78,39,39
27428,Worstshamy,sanguino,960,shaman,enhancement,12,10,2
27429,Dumhuvud,stormscale,960,shaman,enhancement,12,10,2
27430,Tätschentim,blackrock,960,shaman,enhancement,12,10,2
27431,Getahex,ravencrest,960,shaman,enhancement,12,10,2
27432,Robzn,blackrock,960,shaman,enhancement,12,10,2
27433,Crysis,sanguino,960,shaman,enhancement,18,10,8
27434,Dumbasha,ravencrest,960,shaman,enhancement,18,10,8
27435,Matchstíck,draenor,960,shaman,enhancement,24,10,14
27436,Mëditåtïøñ,blackrock,960,shaman,enhancement,24,10,14
27437,Cripxo,sanguino,959,shaman,enhancement,12,10,2
27438,Deathshamãn,stormscale,959,shaman,enhancement,18,10,8
27439,Otacboziji,sylvanas,959,shaman,enhancement,18,10,8
27440,Sûckmytotem,ragnaros,959,shaman,enhancement,18,10,8
27441,Crowness,ragnaros,958,shaman,enhancement,12,10,2
27442,Myngo,thrall,958,shaman,enhancement,18,10,8
27443,Miriam,stormreaver,957,shaman,enhancement,18,10,8
27444,Towi,krasus,955,shaman,enhancement,12,10,2
27445,Tufftnamn,frostmane,955,shaman,enhancement,24,10,14
27446,Rushfabi,aegwynn,948,shaman,enhancement,24,10,14
27447,Wuchtzwerg,terrordar,945,shaman,enhancement,12,10,2
27448,Krakennm,dalaran,940,shaman,enhancement,55,24,31
27449,Чухмандос,gordunni,932,shaman,enhancement,23,11,12
27450,Бойкийкот,gordunni,926,shaman,enhancement,24,10,14
27451,Nethershock,blackmoore,921,shaman,enhancement,72,38,34
27452,Izaarleus,argent-dawn,920,shaman,enhancement,23,10,13
27453,Ryujìñjakka,culte-de-la-rive-noire,919,shaman,enhancement,24,12,12
27454,Mimsy,hyjal,915,shaman,enhancement,47,19,28
27455,Sardemar,defias-brotherhood,914,shaman,enhancement,24,13,11
27456,Twotwozero,defias-brotherhood,908,shaman,enhancement,35,14,21
27457,Cimer,sargeras,874,shaman,enhancement,65,23,42
27458,Chronochrome,chamber-of-aspects,871,shaman,enhancement,51,23,28
27459,Mendoz,nazjatar,869,shaman,enhancement,66,29,37
27460,Blackyx,dun-modr,864,shaman,enhancement,12,9,3
27461,Axilary,tarren-mill,864,shaman,enhancement,12,9,3
27462,Roxâm,hyjal,864,shaman,enhancement,12,9,3
27463,Мсет,soulflayer,864,shaman,enhancement,12,9,3
27464,Shukhevych,kazzak,864,shaman,enhancement,12,9,3
27465,Sonnestorm,tarren-mill,864,shaman,enhancement,12,9,3
27466,Zulren,draenor,864,shaman,enhancement,12,9,3
27467,Politemanner,stormscale,864,shaman,enhancement,18,9,9
27468,Shambolicc,kazzak,864,shaman,enhancement,18,9,9
27469,Chehkhan,archimonde,864,shaman,enhancement,18,9,9
27470,Lavadelrey,drakthul,864,shaman,enhancement,18,9,9
27471,Morkyy,thrall,863,shaman,enhancement,12,9,3
27472,Maddogxz,frostwolf,863,shaman,enhancement,12,9,3
27473,Itswoland,tarren-mill,863,shaman,enhancement,16,10,6
27474,Taraesh,blackhand,863,shaman,enhancement,18,9,9
27475,Shyne,vashj,863,shaman,enhancement,18,9,9
27476,Zðhan,azshara,863,shaman,enhancement,18,9,9
27477,Shockrates,pozzo-delleternità,863,shaman,enhancement,18,9,9
27478,Faltygo,drakthul,863,shaman,enhancement,24,9,15
27479,Sgtspyke,ragnaros,863,shaman,enhancement,24,9,15
27480,Romacherry,aegwynn,862,shaman,enhancement,12,9,3
27481,Tuncha,runetotem,862,shaman,enhancement,18,9,9
27482,Puumbaa,defias-brotherhood,862,shaman,enhancement,18,9,9
27483,Laix,khaz-modan,862,shaman,enhancement,18,9,9
27484,Elektrikci,silvermoon,862,shaman,enhancement,18,9,9
27485,Apekeeper,silvermoon,862,shaman,enhancement,30,9,21
27486,Relampago,eredar,861,shaman,enhancement,18,9,9
27487,Ягном,soulflayer,860,shaman,enhancement,24,9,15
27488,Shockaibo,drakthul,859,shaman,enhancement,24,9,15
27489,Bacheebg,darksorrow,858,shaman,enhancement,18,9,9
27490,Furioous,ravencrest,857,shaman,enhancement,18,9,9
27491,Yzeed,argent-dawn,856,shaman,enhancement,18,9,9
27492,Humming,sanguino,851,shaman,enhancement,18,9,9
27493,Vaesk,auchindoun,850,shaman,enhancement,18,9,9
27494,Рэйпушка,gordunni,847,shaman,enhancement,23,9,14
27495,Blitzviech,aegwynn,844,shaman,enhancement,17,9,8
27496,Juniyaa,blackrock,830,shaman,enhancement,20,10,10
27497,Zugzie,draenor,820,shaman,enhancement,30,9,21
27498,Апинсмок,soulflayer,805,shaman,enhancement,25,10,15
27499,Твалор,soulflayer,795,shaman,enhancement,20,9,11
27500,Nuluadroguri,twisting-nether,793,shaman,enhancement,22,9,13
27501,Watzocham,archimonde,782,shaman,enhancement,19,9,10
27502,Koiru,argent-dawn,782,shaman,enhancement,19,9,10
27503,Altarian,nemesis,768,shaman,enhancement,12,8,4
27504,Dhedge,draenor,768,shaman,enhancement,12,8,4
27505,Groyaboý,blackrock,768,shaman,enhancement,12,8,4
27506,Healníx,ravencrest,768,shaman,enhancement,12,8,4
27507,Trulor,stormscale,768,shaman,enhancement,12,8,4
27508,Bobonbu,forscherliga,768,shaman,enhancement,12,8,4
27509,Thunderdøme,stormscale,768,shaman,enhancement,12,8,4
27510,Dêblâzê,thrall,768,shaman,enhancement,12,8,4
27511,Aswøg,kazzak,768,shaman,enhancement,12,8,4
27512,Lytningx,ravencrest,768,shaman,enhancement,12,8,4
27513,Noboorst,stormscale,768,shaman,enhancement,12,8,4
27514,Qätär,ravencrest,768,shaman,enhancement,12,8,4
27515,Драгенхз,gordunni,768,shaman,enhancement,12,8,4
27516,Cocolopez,tichondrius,768,shaman,enhancement,12,8,4
27517,Maksimon,blackrock,768,shaman,enhancement,12,8,4
27518,Drade,aegwynn,768,shaman,enhancement,14,8,6
27519,Tito,stormscale,768,shaman,enhancement,18,8,10
27520,Gnomecake,vashj,768,shaman,enhancement,18,8,10
27521,Dóómd,kazzak,768,shaman,enhancement,18,8,10
27522,Paschol,aegwynn,768,shaman,enhancement,18,8,10
27523,Bmtotem,twisting-nether,768,shaman,enhancement,18,8,10
27524,Babal,outland,768,shaman,enhancement,24,8,16
27525,Yasaburo,silvermoon,767,shaman,enhancement,12,8,4
27526,Wonderman,jaedenar,767,shaman,enhancement,12,8,4
27527,Darhgan,argent-dawn,767,shaman,enhancement,12,8,4
27528,Complete,hyjal,767,shaman,enhancement,12,8,4
27529,Windshockah,tarren-mill,767,shaman,enhancement,12,8,4
27530,Vforvendeta,defias-brotherhood,767,shaman,enhancement,12,8,4
27531,Szamanito,turalyon,767,shaman,enhancement,18,8,10
27532,Carlos,magtheridon,767,shaman,enhancement,18,8,10
27533,Лаваяшка,gordunni,767,shaman,enhancement,18,8,10
27534,Ордосус,gordunni,767,shaman,enhancement,18,8,10
27535,Tschacô,malganis,767,shaman,enhancement,18,8,10
27536,Nâs,kazzak,767,shaman,enhancement,18,8,10
27537,Chamirox,ysondre,767,shaman,enhancement,24,8,16
27538,Voodoodocter,kazzak,767,shaman,enhancement,29,8,21
27539,Vrontes,kazzak,766,shaman,enhancement,18,8,10
27540,Carusø,thrall,764,shaman,enhancement,18,8,10
27541,Strygwyrl,doomhammer,764,shaman,enhancement,18,8,10
27542,Рыргаск,howling-fjord,764,shaman,enhancement,18,8,10
27543,Hectoraïus,ysondre,763,shaman,enhancement,18,8,10
27544,Murog,dalaran,762,shaman,enhancement,12,8,4
27545,Stubby,nagrand,759,shaman,enhancement,19,9,10
27546,Шамблабла,soulflayer,756,shaman,enhancement,30,8,22
27547,Fotmslave,laughing-skull,749,shaman,enhancement,15,10,5
27548,Тотемныйчад,gordunni,731,shaman,enhancement,16,8,8
27549,Pøllemodex,frostwhisper,719,shaman,enhancement,17,8,9
27550,Ihealbro,blackrock,714,shaman,enhancement,16,11,5
27551,Pospodrol,ragnaros,704,shaman,enhancement,16,8,8
27552,Wioda,silvermoon,702,shaman,enhancement,17,8,9
27553,Lavashock,tarren-mill,700,shaman,enhancement,28,8,20
27554,Tiamât,culte-de-la-rive-noire,685,shaman,enhancement,19,8,11
27555,Bärtigeberta,aegwynn,672,shaman,enhancement,10,8,2
27556,Likê,aegwynn,672,shaman,enhancement,12,7,5
27557,Epicenter,bloodscalp,672,shaman,enhancement,12,7,5
27558,Caelx,ragnaros,672,shaman,enhancement,12,7,5
27559,Eomsham,magtheridon,672,shaman,enhancement,12,7,5
27560,Axiiom,draenor,672,shaman,enhancement,12,7,5
27561,Funkins,hyjal,672,shaman,enhancement,12,7,5
27562,Trixey,mazrigos,672,shaman,enhancement,12,7,5
27563,Биттерлинкс,blackscar,672,shaman,enhancement,12,7,5
27564,Akatuseiwah,blackrock,672,shaman,enhancement,12,7,5
27565,Virrogs,argent-dawn,672,shaman,enhancement,12,7,5
27566,Roineé,draenor,672,shaman,enhancement,12,7,5
27567,Proper,tichondrius,672,shaman,enhancement,12,7,5
27568,Relentlessqt,aegwynn,672,shaman,enhancement,12,7,5
27569,Metalbeef,xavius,672,shaman,enhancement,12,7,5
27570,Hermerejildo,tarren-mill,672,shaman,enhancement,12,7,5
27571,Aspên,archimonde,672,shaman,enhancement,12,7,5
27572,Turbostuck,ravencrest,672,shaman,enhancement,12,7,5
27573,Hailele,argent-dawn,672,shaman,enhancement,12,7,5
27574,Vutututututu,ragnaros,672,shaman,enhancement,12,7,5
27575,Irmax,stormscale,672,shaman,enhancement,18,7,11
27576,Eysns,blackrock,672,shaman,enhancement,18,7,11
27577,Иллюминэйшн,soulflayer,672,shaman,enhancement,18,7,11
27578,Pilcosham,frostwhisper,672,shaman,enhancement,18,7,11
27579,Нерезшок,soulflayer,672,shaman,enhancement,18,7,11
27580,Spajry,drakthul,671,shaman,enhancement,12,7,5
27581,Ðexx,stormscale,671,shaman,enhancement,12,7,5
27582,Twam,outland,671,shaman,enhancement,12,7,5
27583,Dwarfofwar,ravencrest,671,shaman,enhancement,12,7,5
27584,Джоннси,howling-fjord,671,shaman,enhancement,12,7,5
27585,Birnenpfeffi,malfurion,671,shaman,enhancement,12,7,5
27586,Dénekha,zuljin,671,shaman,enhancement,12,7,5
27587,Kirtach,dun-modr,671,shaman,enhancement,12,7,5
27588,Rutil,blackhand,671,shaman,enhancement,12,7,5
27589,Sajma,silvermoon,671,shaman,enhancement,18,7,11
27590,Enormo,eredar,671,shaman,enhancement,18,7,11
27591,Trollomatic,das-syndikat,670,shaman,enhancement,12,7,5
27592,Patites,twisting-nether,670,shaman,enhancement,12,7,5
27593,Срувтапкии,deathguard,670,shaman,enhancement,12,7,5
27594,Florgegoyd,eredar,670,shaman,enhancement,12,7,5
27595,Elijaá,nordrassil,670,shaman,enhancement,18,7,11
27596,Sacrx,dalaran,670,shaman,enhancement,24,7,17
27597,Shreks,frostmane,668,shaman,enhancement,18,7,11
27598,Viandehachee,dalaran,667,shaman,enhancement,12,7,5
27599,Bumm,twisting-nether,665,shaman,enhancement,24,7,17
27600,Oldstorm,ravencrest,618,shaman,enhancement,22,10,12
27601,Esciamano,nemesis,595,shaman,enhancement,11,7,4
27602,Ugory,die-aldor,576,shaman,enhancement,6,6,0
27603,Shootinguard,kazzak,576,shaman,enhancement,6,6,0
27604,Thëhêxfäçtør,tarren-mill,576,shaman,enhancement,12,6,6
27605,Агмень,howling-fjord,576,shaman,enhancement,12,6,6
27606,Elemefayoh,tarren-mill,576,shaman,enhancement,12,6,6
27607,Ayame,burning-steppes,576,shaman,enhancement,12,6,6
27608,Залатар,howling-fjord,576,shaman,enhancement,12,6,6
27609,Kral,defias-brotherhood,576,shaman,enhancement,12,6,6
27610,Searfang,korgall,576,shaman,enhancement,12,6,6
27611,Nìno,azshara,576,shaman,enhancement,12,6,6
27612,Thunderwill,sanguino,576,shaman,enhancement,12,6,6
27613,ßaßystärz,hyjal,576,shaman,enhancement,12,6,6
27614,Szelenamoonx,outland,576,shaman,enhancement,12,6,6
27615,Electrical,kazzak,576,shaman,enhancement,12,6,6
27616,Dami,die-aldor,576,shaman,enhancement,12,6,6
27617,Purgerooni,haomarush,576,shaman,enhancement,12,6,6
27618,Tzaish,blackmoore,576,shaman,enhancement,12,6,6
27619,Биттерлинкс,soulflayer,576,shaman,enhancement,12,6,6
27620,Tharma,blackmoore,576,shaman,enhancement,12,6,6
27621,Purada,blackrock,576,shaman,enhancement,12,6,6
27622,Pinkylol,stormscale,576,shaman,enhancement,12,6,6
27623,Volvíc,tichondrius,576,shaman,enhancement,12,6,6
27624,Dwarfstil,blackmoore,576,shaman,enhancement,12,6,6
27625,Lafia,blackrock,576,shaman,enhancement,12,6,6
27626,Юрахафанбой,blackscar,576,shaman,enhancement,12,6,6
27627,Haasshaman,ravencrest,576,shaman,enhancement,18,6,12
27628,Nazma,blackhand,575,shaman,enhancement,6,6,0
27629,Finni,hyjal,575,shaman,enhancement,12,6,6
27630,Киллдрак,howling-fjord,575,shaman,enhancement,12,6,6
27631,Интендо,soulflayer,575,shaman,enhancement,12,6,6
27632,Apolomaeuz,frostwolf,575,shaman,enhancement,12,6,6
27633,Мамонтшам,howling-fjord,575,shaman,enhancement,12,6,6
27634,Hexrated,draenor,575,shaman,enhancement,15,7,8
27635,Mahlga,argent-dawn,574,shaman,enhancement,18,6,12
27636,Shamsterr,karazhan,573,shaman,enhancement,12,6,6
27637,Дядяшаман,gordunni,573,shaman,enhancement,24,6,18
27638,Shaminista,ravencrest,571,shaman,enhancement,12,6,6
27639,Asogg,archimonde,558,shaman,enhancement,18,6,12
27640,Капарис,deathweaver,527,shaman,enhancement,15,6,9
27641,Kireekoura,tarren-mill,527,shaman,enhancement,15,6,9
27642,Whizjy,sanguino,521,shaman,enhancement,22,9,13
27643,Ruintotems,twisting-nether,510,shaman,enhancement,11,7,4
27644,Пойдипокури,howling-fjord,480,shaman,enhancement,6,5,1
27645,Medoje,argent-dawn,480,shaman,enhancement,6,5,1
27646,Evííl,tarren-mill,480,shaman,enhancement,6,5,1
27647,Windsòng,stormscale,480,shaman,enhancement,6,5,1
27648,Electricgødx,tarren-mill,480,shaman,enhancement,6,5,1
27649,Nargaz,burning-legion,480,shaman,enhancement,6,5,1
27650,Podoroschnik,blackmoore,480,shaman,enhancement,6,5,1
27651,Wooyoungsham,sylvanas,480,shaman,enhancement,6,5,1
27652,Ðevi,ravencrest,480,shaman,enhancement,6,5,1
27653,Таиров,soulflayer,480,shaman,enhancement,6,5,1
27654,Imotii,burning-legion,480,shaman,enhancement,6,5,1
27655,Achtungblitz,blackrock,480,shaman,enhancement,6,5,1
27656,Wúh,twisting-nether,480,shaman,enhancement,6,5,1
27657,Velkin,thrall,480,shaman,enhancement,6,5,1
27658,Synergizer,kazzak,480,shaman,enhancement,6,5,1
27659,Earthquaker,the-maelstrom,480,shaman,enhancement,6,5,1
27660,Gorogoró,kazzak,480,shaman,enhancement,6,5,1
27661,Хрофайс,soulflayer,480,shaman,enhancement,6,5,1
27662,Sleven,twisting-nether,480,shaman,enhancement,6,5,1
27663,Сидог,soulflayer,480,shaman,enhancement,6,5,1
27664,Øutfox,silvermoon,480,shaman,enhancement,6,5,1
27665,Genrok,burning-blade,480,shaman,enhancement,6,5,1
27666,Martini,tichondrius,480,shaman,enhancement,9,6,3
27667,Ogmehu,stormreaver,480,shaman,enhancement,12,5,7
27668,Jhagy,archimonde,480,shaman,enhancement,12,5,7
27669,Neroty,blackmoore,480,shaman,enhancement,12,5,7
27670,Lilmarco,stormreaver,480,shaman,enhancement,12,5,7
27671,Iicks,blackrock,480,shaman,enhancement,12,5,7
27672,Kaimountain,defias-brotherhood,480,shaman,enhancement,12,5,7
27673,Fiden,drakthul,480,shaman,enhancement,12,5,7
27674,Grosgourdin,la-croisade-écarlate,480,shaman,enhancement,12,5,7
27675,Bowtenstorm,ravencrest,480,shaman,enhancement,12,5,7
27676,Zarosh,los-errantes,480,shaman,enhancement,12,5,7
27677,Schoølbøyq,blackrock,480,shaman,enhancement,12,5,7
27678,Fanatroka,ravencrest,480,shaman,enhancement,12,5,7
27679,Дротчим,soulflayer,480,shaman,enhancement,12,5,7
27680,Batan,kazzak,480,shaman,enhancement,12,5,7
27681,Duhdelido,ravencrest,480,shaman,enhancement,12,5,7
27682,Shawnmendes,kazzak,480,shaman,enhancement,12,5,7
27683,Rejrax,ravencrest,480,shaman,enhancement,12,5,7
27684,Chàrlord,twisting-nether,480,shaman,enhancement,12,5,7
27685,Mistahbeard,stormscale,480,shaman,enhancement,12,5,7
27686,Shds,blackmoore,480,shaman,enhancement,12,5,7
27687,Hiron,sylvanas,480,shaman,enhancement,12,5,7
27688,Tonifo,nemesis,480,shaman,enhancement,12,5,7
27689,Kabard,silvermoon,480,shaman,enhancement,12,5,7
27690,Pank,kazzak,480,shaman,enhancement,12,5,7
27691,Volcanò,outland,480,shaman,enhancement,12,5,7
27692,Satanloveme,stormscale,480,shaman,enhancement,18,5,13
27693,Târu,blackrock,480,shaman,enhancement,18,5,13
27694,Halliane,ysondre,480,shaman,enhancement,18,5,13
27695,Xakum,stormscale,479,shaman,enhancement,6,5,1
27696,Durotansan,ragnaros,479,shaman,enhancement,12,5,7
27697,Rhastasho,archimonde,479,shaman,enhancement,12,5,7
27698,Chamrøck,hyjal,479,shaman,enhancement,12,5,7
27699,Johnyexe,drakthul,478,shaman,enhancement,6,5,1
27700,Kaybiel,magtheridon,478,shaman,enhancement,12,5,7
27701,Asstroy,sanguino,477,shaman,enhancement,6,5,1
27702,Даблпамп,howling-fjord,431,shaman,enhancement,17,5,12
27703,Björnbritta,outland,415,shaman,enhancement,12,6,6
27704,Hodir,bronzebeard,415,shaman,enhancement,10,5,5
27705,Gigamuscle,ravencrest,400,shaman,enhancement,13,5,8
27706,Чифсоса,soulflayer,384,shaman,enhancement,6,4,2
27707,Piripolkka,defias-brotherhood,384,shaman,enhancement,6,4,2
27708,Richtigfies,kazzak,384,shaman,enhancement,6,4,2
27709,Cch,kazzak,384,shaman,enhancement,6,4,2
27710,Jaydc,silvermoon,384,shaman,enhancement,6,4,2
27711,Xalta,eldrethalas,384,shaman,enhancement,6,4,2
27712,Фролыч,deathguard,384,shaman,enhancement,6,4,2
27713,Jaykezap,kazzak,384,shaman,enhancement,6,4,2
27714,Kishock,tarren-mill,384,shaman,enhancement,6,4,2
27715,Preams,blackrock,384,shaman,enhancement,6,4,2
27716,Buzz,stormscale,384,shaman,enhancement,6,4,2
27717,Draugrinns,tarren-mill,384,shaman,enhancement,6,4,2
27718,Мистерэнх,soulflayer,384,shaman,enhancement,6,4,2
27719,Fingor,tarren-mill,384,shaman,enhancement,6,4,2
27720,Rodneymullen,tarren-mill,384,shaman,enhancement,6,4,2
27721,Dumpfy,silvermoon,384,shaman,enhancement,6,4,2
27722,Россаврн,galakrond,384,shaman,enhancement,6,4,2
27723,Lavalordd,tarren-mill,384,shaman,enhancement,6,4,2
27724,Rèxxar,stormscale,384,shaman,enhancement,6,4,2
27725,Sinwithin,ravencrest,384,shaman,enhancement,6,4,2
27726,Олешао,howling-fjord,384,shaman,enhancement,6,4,2
27727,Runè,azjolnerub,384,shaman,enhancement,6,4,2
27728,Frrostshockk,outland,384,shaman,enhancement,6,4,2
27729,Fyrkaz,aegwynn,384,shaman,enhancement,6,4,2
27730,Mustabrutus,tarren-mill,384,shaman,enhancement,6,4,2
27731,Isogrind,archimonde,384,shaman,enhancement,6,4,2
27732,Drexx,thrall,384,shaman,enhancement,6,4,2
27733,Шамунчез,gordunni,384,shaman,enhancement,6,4,2
27734,Ilkim,hyjal,384,shaman,enhancement,6,4,2
27735,Abordoga,twisting-nether,384,shaman,enhancement,6,4,2
27736,Lilmozart,twisting-nether,384,shaman,enhancement,6,4,2
27737,Ql,twisting-nether,384,shaman,enhancement,6,4,2
27738,Gnubbzer,antonidas,384,shaman,enhancement,6,4,2
27739,Baldurr,sylvanas,384,shaman,enhancement,6,4,2
27740,Teaboï,hyjal,384,shaman,enhancement,6,4,2
27741,Bantzer,twisting-nether,384,shaman,enhancement,6,4,2
27742,Totems,the-venture-co,384,shaman,enhancement,6,4,2
27743,Нийрагонго,gordunni,384,shaman,enhancement,6,4,2
27744,Abdegor,burning-legion,384,shaman,enhancement,6,4,2
27745,Rykarn,eredar,384,shaman,enhancement,9,5,4
27746,Xhahal,hyjal,384,shaman,enhancement,10,4,6
27747,Türak,tarren-mill,384,shaman,enhancement,12,4,8
27748,Powder,tichondrius,384,shaman,enhancement,12,4,8
27749,Votie,tarren-mill,384,shaman,enhancement,12,4,8
27750,Brooce,sylvanas,384,shaman,enhancement,12,4,8
27751,Courtney,sylvanas,384,shaman,enhancement,12,4,8
27752,Chamtroulku,ysondre,384,shaman,enhancement,12,4,8
27753,Buldozar,blackmoore,384,shaman,enhancement,12,4,8
27754,Jaéto,ravencrest,384,shaman,enhancement,12,4,8
27755,Бигмамуля,booty-bay,384,shaman,enhancement,12,4,8
27756,Рокмару,soulflayer,384,shaman,enhancement,12,4,8
27757,Дюнволкер,razuvious,384,shaman,enhancement,12,4,8
27758,Meatballspam,stormscale,384,shaman,enhancement,12,4,8
27759,Axemodels,archimonde,384,shaman,enhancement,12,4,8
27760,Yelawolf,shattered-hand,384,shaman,enhancement,12,4,8
27761,Foulecamp,archimonde,384,shaman,enhancement,12,4,8
27762,Blixtnedslag,shattered-hand,384,shaman,enhancement,12,4,8
27763,Johnisplay,tarren-mill,384,shaman,enhancement,12,4,8
27764,Kiwanuká,draenor,384,shaman,enhancement,12,4,8
27765,Waterboi,blackmoore,384,shaman,enhancement,12,4,8
27766,Claodze,stormscale,384,shaman,enhancement,12,4,8
27767,Corvux,tarren-mill,384,shaman,enhancement,12,4,8
27768,Asçele,kazzak,384,shaman,enhancement,12,4,8
27769,Derryo,silvermoon,384,shaman,enhancement,18,4,14
27770,Domiro,ravencrest,384,shaman,enhancement,18,4,14
27771,Bubbschock,antonidas,383,shaman,enhancement,6,4,2
27772,Goblaman,pozzo-delleternità,383,shaman,enhancement,6,4,2
27773,Màverìck,nemesis,383,shaman,enhancement,6,4,2
27774,Wolkano,zuljin,383,shaman,enhancement,10,5,5
27775,Bachetobg,darksorrow,383,shaman,enhancement,12,4,8
27776,Châmanco,dun-modr,383,shaman,enhancement,12,4,8
27777,Аеесо,gordunni,383,shaman,enhancement,12,4,8
27778,Blutshock,zuluhed,382,shaman,enhancement,12,4,8
27779,Lekthar,draenor,361,shaman,enhancement,18,6,12
27780,Zaffyboi,draenor,352,shaman,enhancement,10,4,6
27781,Guqin,ravencrest,352,shaman,enhancement,10,4,6
27782,Ghostkod,burning-legion,351,shaman,enhancement,11,4,7
27783,Hurtigtotem,ravencrest,320,shaman,enhancement,10,4,6
27784,Nargrul,tarren-mill,319,shaman,enhancement,5,4,1
27785,Freizeitler,antonidas,319,shaman,enhancement,5,4,1
27786,Kemurus,kazzak,288,shaman,enhancement,6,3,3
27787,Yerlas,burning-legion,288,shaman,enhancement,6,3,3
27788,Ñax,silvermoon,288,shaman,enhancement,6,3,3
27789,Рыганский,blackscar,288,shaman,enhancement,6,3,3
27790,Depucova,silvermoon,288,shaman,enhancement,6,3,3
27791,Jockin,tarren-mill,288,shaman,enhancement,6,3,3
27792,Неутолимыйх,blackscar,288,shaman,enhancement,6,3,3
27793,Håõkåh,hyjal,288,shaman,enhancement,6,3,3
27794,Wakoteh,quelthalas,288,shaman,enhancement,6,3,3
27795,Nëÿrën,drakthul,288,shaman,enhancement,6,3,3
27796,Borbor,argent-dawn,288,shaman,enhancement,6,3,3
27797,Magosh,blackmoore,288,shaman,enhancement,6,3,3
27798,Uomae,dun-modr,288,shaman,enhancement,6,3,3
27799,Chrisbrownx,outland,288,shaman,enhancement,6,3,3
27800,Stormfury,balnazzar,288,shaman,enhancement,6,3,3
27801,Totoostoy,burning-legion,288,shaman,enhancement,6,3,3
27802,Reggard,drakthul,288,shaman,enhancement,6,3,3
27803,Wiev,blackmoore,288,shaman,enhancement,6,3,3
27804,Айбьорн,gordunni,288,shaman,enhancement,6,3,3
27805,Zuziki,argent-dawn,288,shaman,enhancement,6,3,3
27806,Lahur,blackmoore,288,shaman,enhancement,6,3,3
27807,Sodor,laughing-skull,288,shaman,enhancement,6,3,3
27808,Zokah,emeriss,288,shaman,enhancement,6,3,3
27809,Tiuzzo,alakir,288,shaman,enhancement,6,3,3
27810,Lurtax,outland,288,shaman,enhancement,6,3,3
27811,Blazingfiré,tarren-mill,288,shaman,enhancement,6,3,3
27812,Ccedtodeath,sylvanas,288,shaman,enhancement,6,3,3
27813,Ñtk,dun-modr,288,shaman,enhancement,6,3,3
27814,Monstermunch,ravencrest,288,shaman,enhancement,6,3,3
27815,Pocahøntas,archimonde,288,shaman,enhancement,6,3,3
27816,Getahex,draenor,288,shaman,enhancement,6,3,3
27817,Xfiles,garona,288,shaman,enhancement,6,3,3
27818,Millesabords,dun-morogh,288,shaman,enhancement,6,3,3
27819,Мэлик,howling-fjord,288,shaman,enhancement,6,3,3
27820,Lilkazamm,blackrock,288,shaman,enhancement,6,3,3
27821,Ronctaha,blackrock,288,shaman,enhancement,6,3,3
27822,Рэкквием,howling-fjord,288,shaman,enhancement,6,3,3
27823,Ostbumsdirne,stormscale,288,shaman,enhancement,6,3,3
27824,Pelicius,sanguino,288,shaman,enhancement,6,3,3
27825,Kulho,stormscale,288,shaman,enhancement,6,3,3
27826,Grolifer,archimonde,288,shaman,enhancement,6,3,3
27827,Hansdieter,antonidas,288,shaman,enhancement,6,3,3
27828,Kafese,uldaman,288,shaman,enhancement,6,3,3
27829,Shadijr,stormscale,288,shaman,enhancement,6,3,3
27830,Makaar,blackrock,288,shaman,enhancement,6,3,3
27831,Xesti,twisting-nether,288,shaman,enhancement,6,3,3
27832,Vaexi,doomhammer,288,shaman,enhancement,6,3,3
27833,Cillysha,ravencrest,288,shaman,enhancement,6,3,3
27834,Ashmantle,twisting-nether,288,shaman,enhancement,6,3,3
27835,Tzivati,draenor,288,shaman,enhancement,6,3,3
27836,Yasunari,sanguino,288,shaman,enhancement,6,3,3
27837,Dergat,pozzo-delleternità,288,shaman,enhancement,6,3,3
27838,Tism,stormscale,288,shaman,enhancement,7,3,4
27839,Æskalatiøn,aegwynn,288,shaman,enhancement,12,3,9
27840,Teldathree,archimonde,288,shaman,enhancement,12,3,9
27841,Garash,draenor,288,shaman,enhancement,12,3,9
27842,Lorthargol,chamber-of-aspects,288,shaman,enhancement,12,3,9
27843,Maybeyes,twisting-nether,288,shaman,enhancement,12,3,9
27844,Veteroth,argent-dawn,288,shaman,enhancement,12,3,9
27845,Brunütansol,sylvanas,288,shaman,enhancement,12,3,9
27846,Dastarus,archimonde,288,shaman,enhancement,12,3,9
27847,Georgewhat,defias-brotherhood,288,shaman,enhancement,12,3,9
27848,Avattar,twisting-nether,288,shaman,enhancement,12,3,9
27849,Hurbi,twisting-nether,288,shaman,enhancement,12,3,9
27850,Shambamty,thrall,288,shaman,enhancement,12,3,9
27851,Kappatotem,silvermoon,288,shaman,enhancement,12,3,9
27852,Занги,soulflayer,288,shaman,enhancement,12,3,9
27853,Jorny,burning-legion,288,shaman,enhancement,12,3,9
27854,Rhakhatheckh,nemesis,288,shaman,enhancement,12,3,9
27855,Лорикок,grom,288,shaman,enhancement,18,3,15
27856,Slappybag,ravencrest,287,shaman,enhancement,6,3,3
27857,Грейсаша,howling-fjord,287,shaman,enhancement,6,3,3
27858,Gibspark,twisting-nether,287,shaman,enhancement,6,3,3
27859,Korzo,amanthul,287,shaman,enhancement,6,3,3
27860,Nothìnto,pozzo-delleternità,287,shaman,enhancement,6,3,3
27861,Trotzig,aegwynn,287,shaman,enhancement,6,3,3
27862,Deeblu,nemesis,287,shaman,enhancement,6,3,3
27863,Biphrost,nemesis,287,shaman,enhancement,6,3,3
27864,Laghärta,dun-modr,286,shaman,enhancement,6,3,3
27865,Madbud,stormscale,271,shaman,enhancement,11,3,8
27866,Jehae,archimonde,239,shaman,enhancement,5,3,2
27867,Ивми,gordunni,239,shaman,enhancement,5,3,2
27868,Teyshtwö,archimonde,234,shaman,enhancement,8,4,4
27869,Nefasti,stormscale,223,shaman,enhancement,8,3,5
27870,Mooshock,balnazzar,223,shaman,enhancement,8,3,5
27871,Guzguzguz,blackhand,223,shaman,enhancement,8,3,5
27872,Elektekk,blackrock,192,shaman,enhancement,4,3,1
27873,Zerodown,outland,192,shaman,enhancement,6,2,4
27874,Амфеминка,gordunni,192,shaman,enhancement,6,2,4
27875,Ostosmvp,ravencrest,192,shaman,enhancement,6,2,4
27876,Ishokyou,thrall,192,shaman,enhancement,6,2,4
27877,Kuubskii,ravencrest,192,shaman,enhancement,6,2,4
27878,Dalgorr,magtheridon,192,shaman,enhancement,6,2,4
27879,Kohzen,outland,192,shaman,enhancement,6,2,4
27880,Shrektar,outland,192,shaman,enhancement,6,2,4
27881,Barneyflight,ravencrest,192,shaman,enhancement,6,2,4
27882,Tornadozzer,burning-legion,192,shaman,enhancement,6,2,4
27883,Azzizael,chamber-of-aspects,192,shaman,enhancement,6,2,4
27884,Xharnel,defias-brotherhood,192,shaman,enhancement,6,2,4
27885,Реалайзер,blackscar,192,shaman,enhancement,6,2,4
27886,Kassyoh,hyjal,192,shaman,enhancement,6,2,4
27887,Turbinká,burning-legion,192,shaman,enhancement,6,2,4
27888,Dwarfovic,ravencrest,192,shaman,enhancement,6,2,4
27889,Родохрозид,blackscar,192,shaman,enhancement,6,2,4
27890,Hightotem,sanguino,192,shaman,enhancement,6,2,4
27891,Delgagalduos,kazzak,192,shaman,enhancement,6,2,4
27892,Stiflersmôm,antonidas,192,shaman,enhancement,6,2,4
27893,Тенав,blackscar,192,shaman,enhancement,6,2,4
27894,Madzÿ,archimonde,192,shaman,enhancement,6,2,4
27895,Lovros,kazzak,192,shaman,enhancement,6,2,4
27896,Bram,aggra-português,192,shaman,enhancement,6,2,4
27897,Restmuell,blackmoore,192,shaman,enhancement,6,2,4
27898,Thralgr,sylvanas,192,shaman,enhancement,6,2,4
27899,Bonethugdex,bladefist,192,shaman,enhancement,6,2,4
27900,Nìtratx,archimonde,192,shaman,enhancement,6,2,4
27901,Louvreparis,frostwolf,192,shaman,enhancement,6,2,4
27902,Elsassi,ravencrest,192,shaman,enhancement,6,2,4
27903,Pakasschami,frostwolf,192,shaman,enhancement,6,2,4
27904,Swoltz,argent-dawn,192,shaman,enhancement,6,2,4
27905,Gundsthunder,ravencrest,192,shaman,enhancement,6,2,4
27906,Rodfrugten,draenor,192,shaman,enhancement,6,2,4
27907,Skullføck,argent-dawn,192,shaman,enhancement,6,2,4
27908,Саксаул,fordragon,192,shaman,enhancement,6,2,4
27909,Elé,ravenholdt,192,shaman,enhancement,6,2,4
27910,Eshami,tarren-mill,192,shaman,enhancement,6,2,4
27911,Lokkrag,archimonde,192,shaman,enhancement,6,2,4
27912,Sgf,stormscale,192,shaman,enhancement,6,2,4
27913,Snapbábe,blackmoore,192,shaman,enhancement,6,2,4
27914,Spiritualx,argent-dawn,192,shaman,enhancement,6,2,4
27915,Layonne,ysondre,192,shaman,enhancement,6,2,4
27916,Cuchullaín,blackmoore,192,shaman,enhancement,6,2,4
27917,Elementhor,archimonde,192,shaman,enhancement,6,2,4
27918,Schamikraut,silvermoon,192,shaman,enhancement,6,2,4
27919,Kwitnac,silvermoon,192,shaman,enhancement,6,2,4
27920,Thunderstørm,chogall,192,shaman,enhancement,6,2,4
27921,Bennycooch,silvermoon,192,shaman,enhancement,6,2,4
27922,Dogfrog,silvermoon,192,shaman,enhancement,6,2,4
27923,Yezu,medivh,192,shaman,enhancement,6,2,4
27924,Какашисан,howling-fjord,192,shaman,enhancement,6,2,4
27925,Acces,stormscale,192,shaman,enhancement,6,2,4
27926,Bábbajaggí,blackrock,192,shaman,enhancement,6,2,4
27927,Destroilleur,archimonde,192,shaman,enhancement,6,2,4
27928,Pulvêrizêr,agamaggan,192,shaman,enhancement,6,2,4
27929,Tordenlars,ragnaros,192,shaman,enhancement,6,2,4
27930,Shamalamadi,ragnaros,192,shaman,enhancement,6,2,4
27931,Urshak,alleria,192,shaman,enhancement,6,2,4
27932,Savan,darkspear,192,shaman,enhancement,6,2,4
27933,Diya,karazhan,192,shaman,enhancement,6,2,4
27934,Søló,stormscale,192,shaman,enhancement,6,2,4
27935,Aubesombre,dalaran,192,shaman,enhancement,6,2,4
27936,Bladeyx,ragnaros,192,shaman,enhancement,6,2,4
27937,Cheetooth,ragnaros,192,shaman,enhancement,6,2,4
27938,Fufupartyxx,blackrock,192,shaman,enhancement,6,2,4
27939,Palarins,dalaran,192,shaman,enhancement,6,2,4
27940,Borindor,silvermoon,192,shaman,enhancement,12,2,10
27941,Stratholmee,drakthul,192,shaman,enhancement,12,2,10
27942,Скерлайн,blackscar,192,shaman,enhancement,12,2,10
27943,Isladinks,draenor,192,shaman,enhancement,12,2,10
27944,Lavalew,lightbringer,192,shaman,enhancement,12,2,10
27945,Blutschrei,tarren-mill,192,shaman,enhancement,12,2,10
27946,Shamaniak,tarren-mill,192,shaman,enhancement,12,2,10
27947,Blautorkel,amanthul,159,shaman,enhancement,5,2,3
27948,Tookaageeroo,burning-legion,159,shaman,enhancement,8,3,5
27949,Tianoele,drakthul,144,shaman,enhancement,3,3,0
27950,Bux,khaz-modan,127,shaman,enhancement,4,2,2
27951,Holten,outland,96,shaman,enhancement,6,1,5
27952,Sinkero,hellscream,96,shaman,enhancement,6,1,5
27953,Shøckz,azjolnerub,96,shaman,enhancement,6,1,5
27954,Hyamala,chamber-of-aspects,96,shaman,enhancement,6,1,5
27955,Casarú,arthas,96,shaman,enhancement,6,1,5
27956,Cryptotem,ragnaros,96,shaman,enhancement,6,1,5
27957,Hazles,ragnaros,96,shaman,enhancement,6,1,5
27958,Weaslêy,frostwolf,96,shaman,enhancement,6,1,5
27959,Urubus,kazzak,96,shaman,enhancement,6,1,5
27960,Sparkygødx,twisting-nether,96,shaman,enhancement,6,1,5
27961,Zoogang,ragnaros,96,shaman,enhancement,6,1,5
27962,Sïlvek,sanguino,96,shaman,enhancement,6,1,5
27963,Thoranis,kazzak,96,shaman,enhancement,6,1,5
27964,Purgey,ravencrest,96,shaman,enhancement,6,1,5
27965,Réläx,kazzak,96,shaman,enhancement,6,1,5
27966,Naahma,hyjal,96,shaman,enhancement,6,1,5
27967,Preshear,twisting-nether,96,shaman,enhancement,6,1,5
27968,Mikecrybaby,tarren-mill,96,shaman,enhancement,6,1,5
27969,Maskinett,stormscale,96,shaman,enhancement,6,1,5
27970,Шабыч,deathguard,96,shaman,enhancement,6,1,5
27971,Guzz,cthun,96,shaman,enhancement,6,1,5
27972,Agrok,jaedenar,96,shaman,enhancement,6,1,5
27973,Heálmaster,sanguino,96,shaman,enhancement,6,1,5
27974,Goldhand,ravencrest,96,shaman,enhancement,6,1,5
27975,Grabmytotemz,tarren-mill,96,shaman,enhancement,6,1,5
27976,Élémentyum,archimonde,96,shaman,enhancement,6,1,5
27977,Lawdjeezes,draenor,96,shaman,enhancement,6,1,5
27978,Nnele,sanguino,96,shaman,enhancement,6,1,5
27979,Eneel,blackmoore,96,shaman,enhancement,6,1,5
27980,Bambustic,kazzak,96,shaman,enhancement,6,1,5
27981,Ghaargrim,tarren-mill,96,shaman,enhancement,6,1,5
27982,Vladraxes,draenor,96,shaman,enhancement,6,1,5
27983,Freexx,aegwynn,96,shaman,enhancement,8,1,7
27984,Awsomo,ravencrest,96,shaman,enhancement,12,1,11
27985,Ymiras,argent-dawn,96,shaman,enhancement,12,1,11
27986,Dökowski,nemesis,96,shaman,enhancement,12,1,11
27987,Gälädhan,ysondre,95,shaman,enhancement,6,1,5
27988,Choltaj,burning-legion,79,shaman,enhancement,7,1,6
27989,Wenesday,ysondre,48,shaman,enhancement,3,1,2
27990,Rký,outland,48,shaman,enhancement,3,1,2
27991,Lesnitt,kazzak,42,shaman,enhancement,9,2,7
27992,Arabesk,arygos,31,shaman,enhancement,2,1,1
27993,Hanumanas,kazzak,31,shaman,enhancement,2,1,1
27994,Nalàar,hyjal,16,shaman,enhancement,1,1,0
27995,Млечный,blackscar,2216,warlock,demonology,125,73,52
27996,Rikkërt,draenor,2207,warlock,demonology,89,49,40
27997,Dotjürgen,blackrock,2205,warlock,demonology,84,48,36
27998,Nayolana,argent-dawn,2187,warlock,demonology,66,46,20
27999,Pogbõss,kazzak,2170,warlock,demonology,81,45,36
28000,Tuskawl,stormreaver,2154,warlock,demonology,91,51,40
28001,Kimkold,twisting-nether,2146,warlock,demonology,102,61,41
28002,Firochektro,ravencrest,2141,warlock,demonology,69,42,27
28003,Sad,lightnings-blade,2134,warlock,demonology,178,97,81
28004,Lankycheese,kazzak,2121,warlock,demonology,83,46,37
28005,Syntaxzwo,blackmoore,2116,warlock,demonology,78,44,34
28006,Dotyboi,tarren-mill,2115,warlock,demonology,72,44,28
28007,Rumour,sunstrider,2115,warlock,demonology,72,39,33
28008,Supergeîl,blackrock,2112,warlock,demonology,71,38,33
28009,Britneÿ,stormscale,2101,warlock,demonology,66,40,26
28010,Cørpse,burning-legion,2083,warlock,demonology,85,49,36
28011,Anthh,doomhammer,2076,warlock,demonology,66,36,30
28012,Whøknøws,twisting-nether,2070,warlock,demonology,72,37,35
28013,Locktrainer,tarren-mill,2053,warlock,demonology,122,59,63
28014,Maintarget,blackrock,2041,warlock,demonology,135,70,65
28015,Zerulian,ragnaros,2035,warlock,demonology,78,48,30
28016,Shablagoo,twisting-nether,2032,warlock,demonology,90,51,39
28017,Хаосболик,gordunni,2012,warlock,demonology,72,39,33
28018,Bibiflexberg,eredar,2011,warlock,demonology,47,30,17
28019,Britneý,stormscale,2008,warlock,demonology,118,58,60
28020,Apple,scarshield-legion,1991,warlock,demonology,115,62,53
28021,Jimboneutron,stormscale,1988,warlock,demonology,35,23,12
28022,Аоепампгодх,howling-fjord,1967,warlock,demonology,36,24,12
28023,Конидэмико,blackscar,1954,warlock,demonology,83,38,45
28024,Capsloq,la-croisade-écarlate,1950,warlock,demonology,60,34,26
28025,Purplemonkey,burning-blade,1946,warlock,demonology,41,25,16
28026,Онлидемон,gordunni,1946,warlock,demonology,56,33,23
28027,Badapow,stormscale,1943,warlock,demonology,48,27,21
28028,Nyotu,antonidas,1937,warlock,demonology,60,32,28
28029,Onlylock,outland,1934,warlock,demonology,48,32,16
28030,Døwz,ysondre,1932,warlock,demonology,60,30,30
28031,Khavar,antonidas,1931,warlock,demonology,36,23,13
28032,Lokmonji,perenolde,1923,warlock,demonology,60,34,26
28033,Амеаль,eversong,1920,warlock,demonology,216,108,108
28034,Дёмын,howling-fjord,1919,warlock,demonology,78,38,40
28035,Juicybolt,chogall,1917,warlock,demonology,70,40,30
28036,Kamorilock,blackhand,1912,warlock,demonology,36,20,16
28037,Demoner,tarren-mill,1910,warlock,demonology,108,52,56
28038,Shadowvirus,auchindoun,1904,warlock,demonology,35,21,14
28039,Dabezdwl,outland,1904,warlock,demonology,54,31,23
28040,Anúki,kazzak,1900,warlock,demonology,25,21,4
28041,Ravendoor,grim-batol,1900,warlock,demonology,76,39,37
28042,Bonnieparkêr,onyxia,1898,warlock,demonology,48,26,22
28043,Alotami,frostwolf,1889,warlock,demonology,42,27,15
28044,Xenastro,silvermoon,1882,warlock,demonology,36,20,16
28045,Stafar,kazzak,1875,warlock,demonology,60,33,27
28046,Höfmänn,kazzak,1865,warlock,demonology,39,25,14
28047,Адво,howling-fjord,1863,warlock,demonology,53,28,25
28048,Tyrantlol,sylvanas,1862,warlock,demonology,54,32,22
28049,Bluh,twisting-nether,1860,warlock,demonology,36,22,14
28050,Оброссыш,gordunni,1855,warlock,demonology,60,34,26
28051,Dhärc,sanguino,1854,warlock,demonology,54,31,23
28052,Fearrari,ragnaros,1853,warlock,demonology,54,32,22
28053,Smaúg,archimonde,1851,warlock,demonology,60,28,32
28054,Stalowwy,silvermoon,1849,warlock,demonology,108,59,49
28055,Кварий,howling-fjord,1848,warlock,demonology,227,114,113
28056,Höfmänn,grim-batol,1847,warlock,demonology,48,31,17
28057,Shakuroz,frostwolf,1847,warlock,demonology,68,41,27
28058,Динодотз,howling-fjord,1847,warlock,demonology,54,27,27
28059,Vultzbolt,draenor,1840,warlock,demonology,60,31,29
28060,Désolaté,kazzak,1839,warlock,demonology,41,26,15
28061,Attritiona,stormscale,1838,warlock,demonology,60,32,28
28062,Инфезиус,deathweaver,1834,warlock,demonology,59,33,26
28063,Outofcurses,earthen-ring,1834,warlock,demonology,83,42,41
28064,Neinbosa,tarren-mill,1829,warlock,demonology,42,24,18
28065,Zouglougou,archimonde,1829,warlock,demonology,48,25,23
28066,Тьмазвёздная,gordunni,1828,warlock,demonology,45,26,19
28067,Benne,stormscale,1825,warlock,demonology,49,31,18
28068,Dispeluapls,blackmoore,1824,warlock,demonology,48,26,22
28069,Malificus,silvermoon,1823,warlock,demonology,114,67,47
28070,Cellfear,kazzak,1818,warlock,demonology,42,24,18
28071,Musallat,argent-dawn,1818,warlock,demonology,65,34,31
28072,Stankaemayne,blackhand,1817,warlock,demonology,49,29,20
28073,Hellguards,silvermoon,1817,warlock,demonology,60,33,27
28074,Crathar,kazzak,1816,warlock,demonology,76,38,38
28075,Bualock,tarren-mill,1815,warlock,demonology,36,22,14
28076,Devilfluffy,blackhand,1815,warlock,demonology,59,35,24
28077,Cigänä,archimonde,1815,warlock,demonology,36,19,17
28078,Blackdog,argent-dawn,1814,warlock,demonology,48,23,25
28079,Kopfkissen,azshara,1810,warlock,demonology,51,29,22
28080,Smâûhg,blackrock,1807,warlock,demonology,42,28,14
28081,Lúcìfér,stormscale,1806,warlock,demonology,66,34,32
28082,Nemwl,draenor,1804,warlock,demonology,66,36,30
28083,Splicer,eredar,1803,warlock,demonology,49,29,20
28084,Киёкка,howling-fjord,1803,warlock,demonology,90,53,37
28085,Htaedfo,tarren-mill,1802,warlock,demonology,74,32,42
28086,Мутгодх,soulflayer,1800,warlock,demonology,30,19,11
28087,Санявахтовик,blackscar,1800,warlock,demonology,60,32,28
28088,Dontargetme,draenor,1794,warlock,demonology,36,24,12
28089,Dâedra,argent-dawn,1793,warlock,demonology,54,31,23
28090,Ffpiiras,dunemaul,1790,warlock,demonology,60,27,33
28091,Malzeva,ravencrest,1784,warlock,demonology,65,29,36
28092,Fiveyearque,sylvanas,1773,warlock,demonology,48,30,18
28093,Годнодх,gordunni,1773,warlock,demonology,36,21,15
28094,Ambitions,hyjal,1771,warlock,demonology,46,26,20
28095,Tjockoloco,tarren-mill,1752,warlock,demonology,110,64,46
28096,Catchlock,tarren-mill,1752,warlock,demonology,36,20,16
28097,Dæhli,argent-dawn,1744,warlock,demonology,36,22,14
28098,Lïñglïñg,twisting-nether,1730,warlock,demonology,30,22,8
28099,Fandirxd,draenor,1730,warlock,demonology,72,35,37
28100,Adafbhf,tichondrius,1723,warlock,demonology,41,22,19
28101,Храбзар,gordunni,1721,warlock,demonology,112,51,61
28102,Тёмабиль,gordunni,1717,warlock,demonology,170,88,82
28103,Zelieknight,ysondre,1711,warlock,demonology,60,28,32
28104,Firochek,ravencrest,1710,warlock,demonology,42,24,18
28105,Císuh,stormreaver,1706,warlock,demonology,30,18,12
28106,Шекигами,gordunni,1701,warlock,demonology,36,24,12
28107,Glavy,burning-legion,1699,warlock,demonology,66,36,30
28108,Drerlord,tarren-mill,1699,warlock,demonology,48,21,27
28109,Totephia,kazzak,1696,warlock,demonology,72,33,39
28110,Rune,aegwynn,1695,warlock,demonology,52,29,23
28111,Mendozaah,kazzak,1692,warlock,demonology,74,37,37
28112,Synlockiax,silvermoon,1691,warlock,demonology,38,30,8
28113,Jinusek,burning-legion,1682,warlock,demonology,43,23,20
28114,Grêenbull,eredar,1680,warlock,demonology,49,27,22
28115,Жериновсский,gordunni,1677,warlock,demonology,36,18,18
28116,Dalamon,draenor,1672,warlock,demonology,42,21,21
28117,Alphalock,mannoroth,1669,warlock,demonology,45,22,23
28118,Osbaa,bladefist,1668,warlock,demonology,42,22,20
28119,Shadowflamez,argent-dawn,1664,warlock,demonology,24,22,2
28120,Impaler,tarren-mill,1664,warlock,demonology,188,91,97
28121,Зажиженный,soulflayer,1656,warlock,demonology,34,22,12
28122,Kemel,thrall,1655,warlock,demonology,30,21,9
28123,Niyyu,blackmoore,1654,warlock,demonology,48,22,26
28124,Shugglock,draenor,1653,warlock,demonology,42,23,19
28125,Djshyasiañ,perenolde,1650,warlock,demonology,170,88,82
28126,Chromagnus,drakthul,1649,warlock,demonology,30,21,9
28127,Louên,dun-modr,1648,warlock,demonology,42,21,21
28128,Utsus,tarren-mill,1645,warlock,demonology,36,23,13
28129,Fîgøk,conseil-des-ombres,1638,warlock,demonology,48,21,27
28130,Snackstickz,twisting-nether,1637,warlock,demonology,42,26,16
28131,Tiffyilock,blackrock,1637,warlock,demonology,42,20,22
28132,Ájszmen,ravencrest,1629,warlock,demonology,54,30,24
28133,Dimmybyrger,stormreaver,1627,warlock,demonology,30,17,13
28134,Abdelkarime,khaz-modan,1627,warlock,demonology,42,23,19
28135,Summonit,blackmoore,1627,warlock,demonology,54,29,25
28136,Interceptêr,blackrock,1627,warlock,demonology,42,22,20
28137,Егосяхаос,soulflayer,1627,warlock,demonology,120,61,59
28138,Neuth,draenor,1627,warlock,demonology,50,21,29
28139,Indrâxx,hyjal,1626,warlock,demonology,18,17,1
28140,Malowix,outland,1625,warlock,demonology,36,17,19
28141,Dasda,defias-brotherhood,1623,warlock,demonology,89,49,40
28142,Мешшугга,howling-fjord,1623,warlock,demonology,38,20,18
28143,Dualla,aegwynn,1623,warlock,demonology,36,17,19
28144,Элси,howling-fjord,1622,warlock,demonology,30,17,13
28145,Ägony,blackrock,1621,warlock,demonology,36,20,16
28146,Darcîa,destromath,1619,warlock,demonology,96,53,43
28147,Itspoint,draenor,1618,warlock,demonology,53,29,24
28148,Sanguinis,theradras,1612,warlock,demonology,36,18,18
28149,Eroszakolock,ragnaros,1611,warlock,demonology,24,17,7
28150,Kody,blackmoore,1609,warlock,demonology,24,17,7
28151,Shuggul,draenor,1606,warlock,demonology,37,22,15
28152,Demonjoker,blackhand,1604,warlock,demonology,51,31,20
28153,Havexis,tichondrius,1602,warlock,demonology,42,32,10
28154,Despépêche,garona,1601,warlock,demonology,30,19,11
28155,Gemors,ravenholdt,1599,warlock,demonology,72,38,34
28156,Moffguldan,sanguino,1597,warlock,demonology,30,20,10
28157,Nerzhull,stormscale,1596,warlock,demonology,81,43,38
28158,Eleriya,argent-dawn,1596,warlock,demonology,69,33,36
28159,Tekron,blackhand,1594,warlock,demonology,36,25,11
28160,Auxi,the-maelstrom,1593,warlock,demonology,42,26,16
28161,Proßlock,kazzak,1582,warlock,demonology,39,24,15
28162,Potatowl,ravencrest,1582,warlock,demonology,36,18,18
28163,Мамхаус,howling-fjord,1579,warlock,demonology,36,22,14
28164,Míkæ,ravencrest,1579,warlock,demonology,36,17,19
28165,Гулдарий,howling-fjord,1577,warlock,demonology,159,90,69
28166,Erøne,archimonde,1565,warlock,demonology,166,85,81
28167,Silenozz,ragnaros,1564,warlock,demonology,91,49,42
28168,Sïlïthuss,ravencrest,1563,warlock,demonology,78,43,35
28169,Импака,howling-fjord,1563,warlock,demonology,174,90,84
28170,Altffeer,blackmoore,1561,warlock,demonology,41,25,16
28171,Dotsyoudown,kelthuzad,1560,warlock,demonology,36,18,18
28172,Hellbboy,azjolnerub,1557,warlock,demonology,45,26,19
28173,Seriasa,blackmoore,1553,warlock,demonology,60,25,35
28174,Бельведерчи,blackscar,1550,warlock,demonology,48,29,19
28175,Morgan,jaedenar,1548,warlock,demonology,60,27,33
28176,Hâres,anetheron,1539,warlock,demonology,122,56,66
28177,Solitariøus,arathi,1536,warlock,demonology,54,27,27
28178,Ahollic,frostwolf,1535,warlock,demonology,24,16,8
28179,Synthiax,silvermoon,1534,warlock,demonology,24,16,8
28180,Fsandtwo,ravencrest,1534,warlock,demonology,30,16,14
28181,Felburrn,twisting-nether,1532,warlock,demonology,53,27,26
28182,Malganas,sylvanas,1530,warlock,demonology,42,20,22
28183,Tonin,antonidas,1528,warlock,demonology,41,25,16
28184,Ayóó,doomhammer,1522,warlock,demonology,190,99,91
28185,Deamonsmith,silvermoon,1518,warlock,demonology,36,20,16
28186,Sedryn,turalyon,1518,warlock,demonology,381,195,186
28187,Roedin,tarren-mill,1507,warlock,demonology,90,33,57
28188,Priszcilla,twisting-nether,1505,warlock,demonology,66,40,26
28189,Нэкрил,howling-fjord,1497,warlock,demonology,27,16,11
28190,Гурджес,soulflayer,1489,warlock,demonology,23,16,7
28191,Dabulock,blackmoore,1487,warlock,demonology,33,17,16
28192,Эволюционист,gordunni,1483,warlock,demonology,42,22,20
28193,Favorizlmp,archimonde,1480,warlock,demonology,36,17,19
28194,Паникс,gordunni,1480,warlock,demonology,36,17,19
28195,Иллугис,gordunni,1468,warlock,demonology,36,17,19
28196,Dominvs,silvermoon,1465,warlock,demonology,64,36,28
28197,Panic,stormrage,1456,warlock,demonology,84,47,37
28198,Шэдоубёрн,soulflayer,1449,warlock,demonology,48,27,21
28199,Ilarizium,ysondre,1449,warlock,demonology,53,29,24
28200,Kalinowa,burning-legion,1449,warlock,demonology,65,34,31
28201,Esgül,draenor,1446,warlock,demonology,71,38,33
28202,Нгага,howling-fjord,1443,warlock,demonology,227,111,116
28203,Zypzanti,antonidas,1441,warlock,demonology,24,18,6
28204,Mustasheen,stormscale,1439,warlock,demonology,24,15,9
28205,Jesez,aegwynn,1436,warlock,demonology,24,15,9
28206,Nerigo,senjin,1435,warlock,demonology,30,15,15
28207,Weso,grim-batol,1435,warlock,demonology,30,15,15
28208,Absúrd,turalyon,1434,warlock,demonology,156,89,67
28209,Requeims,outland,1434,warlock,demonology,30,15,15
28210,Sineko,twisting-nether,1432,warlock,demonology,112,54,58
28211,Kaamosliha,frostwhisper,1426,warlock,demonology,53,23,30
28212,Corbiejr,tarren-mill,1425,warlock,demonology,70,29,41
28213,Джердхаус,fordragon,1419,warlock,demonology,30,15,15
28214,Épidémie,outland,1419,warlock,demonology,47,18,29
28215,Tsumde,dalaran,1415,warlock,demonology,54,26,28
28216,Lottopallo,arathor,1410,warlock,demonology,44,29,15
28217,Sevastus,argent-dawn,1409,warlock,demonology,78,40,38
28218,Tudii,frostwolf,1401,warlock,demonology,54,32,22
28219,Nimh,azjolnerub,1393,warlock,demonology,33,20,13
28220,Bakýra,dun-modr,1389,warlock,demonology,42,26,16
28221,Помечте,soulflayer,1379,warlock,demonology,40,16,24
28222,Wítchær,blackhand,1370,warlock,demonology,48,28,20
28223,Ädarä,cthun,1370,warlock,demonology,36,18,18
28224,Môrgán,draenor,1364,warlock,demonology,53,18,35
28225,Cahoa,archimonde,1349,warlock,demonology,24,15,9
28226,Olsel,draenor,1349,warlock,demonology,36,16,20
28227,Gulldan,bloodfeather,1342,warlock,demonology,48,25,23
28228,Warth,silvermoon,1339,warlock,demonology,18,14,4
28229,Evilbuba,burning-legion,1337,warlock,demonology,36,19,17
28230,Nécron,ysondre,1337,warlock,demonology,30,14,16
28231,Tomlingen,terenas,1335,warlock,demonology,42,22,20
28232,Rpez,archimonde,1335,warlock,demonology,136,69,67
28233,Mesîkatayut,outland,1332,warlock,demonology,63,36,27
28234,Фортэр,ashenvale,1332,warlock,demonology,30,14,16
28235,Stormytrumpy,twisting-nether,1331,warlock,demonology,27,15,12
28236,Dedalus,zuluhed,1330,warlock,demonology,100,59,41
28237,Xanatas,nemesis,1328,warlock,demonology,24,14,10
28238,Kolskegg,doomhammer,1325,warlock,demonology,36,14,22
28239,Stormblast,azshara,1321,warlock,demonology,30,19,11
28240,Wåfa,kazzak,1318,warlock,demonology,30,17,13
28241,Forthewin,stormreaver,1313,warlock,demonology,30,15,15
28242,Расмурът,soulflayer,1308,warlock,demonology,36,18,18
28243,Erkai,kazzak,1286,warlock,demonology,27,15,12
28244,Jondi,blackmoore,1274,warlock,demonology,25,15,10
28245,Инсип,blackscar,1256,warlock,demonology,42,18,24
28246,Trellaras,bloodfeather,1249,warlock,demonology,29,14,15
28247,Cmzdalock,ravencrest,1245,warlock,demonology,24,16,8
28248,Бриант,gordunni,1245,warlock,demonology,35,14,21
28249,Greeylock,blackhand,1243,warlock,demonology,24,13,11
28250,Vêzor,twisting-nether,1242,warlock,demonology,24,13,11
28251,Стокыч,soulflayer,1241,warlock,demonology,36,13,23
28252,Чутьчутьзлая,gordunni,1237,warlock,demonology,24,13,11
28253,Indiasummerx,turalyon,1232,warlock,demonology,24,13,11
28254,Ruinovino,outland,1229,warlock,demonology,30,13,17
28255,Eatherial,twilights-hammer,1228,warlock,demonology,24,15,9
28256,Valadair,sanguino,1220,warlock,demonology,62,32,30
28257,Netcownt,silvermoon,1199,warlock,demonology,31,15,16
28258,Vorgoth,argent-dawn,1179,warlock,demonology,28,13,15
28259,Waltrude,conseil-des-ombres,1170,warlock,demonology,42,13,29
28260,Zehirisalari,twisting-nether,1152,warlock,demonology,18,12,6
28261,Krøl,nemesis,1152,warlock,demonology,18,12,6
28262,Scallington,shattered-hand,1152,warlock,demonology,18,12,6
28263,Bloodlock,onyxia,1152,warlock,demonology,24,12,12
28264,Benvyx,twisting-nether,1152,warlock,demonology,24,12,12
28265,Инфес,deathweaver,1151,warlock,demonology,18,12,6
28266,Fedpikkefar,kazzak,1151,warlock,demonology,24,12,12
28267,Nargøf,outland,1151,warlock,demonology,24,12,12
28268,Desolador,tyrande,1148,warlock,demonology,30,12,18
28269,Gulzot,turalyon,1143,warlock,demonology,18,12,6
28270,Арон,soulflayer,1119,warlock,demonology,23,12,11
28271,Golborg,draenor,1117,warlock,demonology,34,12,22
28272,Razzguul,blackmoore,1112,warlock,demonology,22,12,10
28273,Sabiocalvo,dun-modr,1110,warlock,demonology,24,13,11
28274,Tripleshache,elune,1101,warlock,demonology,66,33,33
28275,Ишла,gordunni,1086,warlock,demonology,29,12,17
28276,Bicuriousdad,tarren-mill,1056,warlock,demonology,12,11,1
28277,Dotosgyörgy,ragnaros,1056,warlock,demonology,18,11,7
28278,Glooness,burning-legion,1056,warlock,demonology,18,11,7
28279,Adellara,draenor,1056,warlock,demonology,18,11,7
28280,Ðïÿëñbïëñfüû,suramar,1056,warlock,demonology,27,12,15
28281,Tamatóax,tarren-mill,1055,warlock,demonology,12,11,1
28282,Kennÿfõx,ysondre,1055,warlock,demonology,12,11,1
28283,Tìdùs,nethersturm,1054,warlock,demonology,12,11,1
28284,Dàrksoul,thrall,1054,warlock,demonology,18,11,7
28285,Froschhaxen,blackhand,1054,warlock,demonology,18,11,7
28286,Algolagniac,stormscale,1054,warlock,demonology,18,11,7
28287,Katâra,tarren-mill,1054,warlock,demonology,24,11,13
28288,Зарлог,soulflayer,1051,warlock,demonology,24,11,13
28289,Емс,gordunni,1051,warlock,demonology,24,11,13
28290,Zanzarismo,nemesis,1049,warlock,demonology,21,12,9
28291,Ambralia,blackmoore,1048,warlock,demonology,24,12,12
28292,Srhal,blackmoore,1043,warlock,demonology,22,12,10
28293,Remthorn,frostmane,1022,warlock,demonology,36,19,17
28294,Flocca,archimonde,990,warlock,demonology,20,11,9
28295,Aldhelm,draenor,980,warlock,demonology,22,11,11
28296,Yamadea,stormscale,960,warlock,demonology,18,10,8
28297,Демоник,deathguard,960,warlock,demonology,18,10,8
28298,Lonelock,blackrock,960,warlock,demonology,18,10,8
28299,Oggelock,tarren-mill,960,warlock,demonology,18,10,8
28300,Jopasiski,draenor,960,warlock,demonology,24,10,14
28301,Кьютсанни,howling-fjord,960,warlock,demonology,24,10,14
28302,Xtyran,blackmoore,959,warlock,demonology,24,10,14
28303,Ablas,bladefist,940,warlock,demonology,35,10,25
28304,Fearmydear,alleria,926,warlock,demonology,17,10,7
28305,Acuacx,drakthul,909,warlock,demonology,17,10,7
28306,Rngmåchinêx,ravencrest,896,warlock,demonology,16,10,6
28307,Migyardondup,exodar,872,warlock,demonology,18,10,8
28308,Aladèèn,tarren-mill,864,warlock,demonology,12,9,3
28309,Нистл,gordunni,864,warlock,demonology,12,9,3
28310,Stafar,outland,864,warlock,demonology,12,9,3
28311,Öbsury,hyjal,864,warlock,demonology,12,9,3
28312,Ooroothothz,frostwolf,864,warlock,demonology,12,9,3
28313,Syntax,blackmoore,864,warlock,demonology,12,9,3
28314,Yazurí,ravencrest,864,warlock,demonology,12,9,3
28315,Boomlok,tarren-mill,864,warlock,demonology,18,9,9
28316,Deaddydoo,kazzak,864,warlock,demonology,18,9,9
28317,Darksoll,hyjal,864,warlock,demonology,24,9,15
28318,Гвоздяшка,blackscar,863,warlock,demonology,18,9,9
28319,Khalkazar,darkspear,863,warlock,demonology,18,9,9
28320,Ismenia,silvermoon,863,warlock,demonology,18,9,9
28321,Ashzu,quelthalas,863,warlock,demonology,18,9,9
28322,Nosoulnoprob,sylvanas,863,warlock,demonology,24,9,15
28323,Lunden,drakthul,862,warlock,demonology,18,9,9
28324,Сладкийпир,soulflayer,862,warlock,demonology,18,9,9
28325,Xoky,argent-dawn,861,warlock,demonology,18,9,9
28326,Lifesteal,auchindoun,858,warlock,demonology,18,9,9
28327,Erwynna,conseil-des-ombres,858,warlock,demonology,24,9,15
28328,Honetia,ravencrest,846,warlock,demonology,23,9,14
28329,Анрали,soulflayer,831,warlock,demonology,17,9,8
28330,Azraëlle,drekthar,815,warlock,demonology,15,10,5
28331,Гупперлок,howling-fjord,810,warlock,demonology,27,12,15
28332,Бирел,soulflayer,799,warlock,demonology,16,9,7
28333,Devildodo,elune,768,warlock,demonology,12,8,4
28334,Rozn,ravencrest,768,warlock,demonology,12,8,4
28335,Kennyfõx,ysondre,768,warlock,demonology,12,8,4
28336,Xerkh,thrall,768,warlock,demonology,12,8,4
28337,Longdickie,ravencrest,768,warlock,demonology,12,8,4
28338,Staenkymayne,blackhand,768,warlock,demonology,12,8,4
28339,Котрх,gordunni,768,warlock,demonology,12,8,4
28340,Topmodelx,eredar,768,warlock,demonology,12,8,4
28341,Nàughty,ragnaros,768,warlock,demonology,15,8,7
28342,Jarodshadow,stormscale,768,warlock,demonology,18,8,10
28343,Djezzick,stormscale,768,warlock,demonology,18,8,10
28344,Koldarr,blackmoore,768,warlock,demonology,18,8,10
28345,Biest,drakthul,768,warlock,demonology,18,8,10
28346,Idkdot,ravencrest,768,warlock,demonology,18,8,10
28347,Slockoló,ragnaros,768,warlock,demonology,24,8,16
28348,Tojezlo,drakthul,767,warlock,demonology,12,8,4
28349,Sovrìn,blackrock,767,warlock,demonology,12,8,4
28350,Hamnam,blackrock,767,warlock,demonology,18,8,10
28351,Chimera,mugthol,767,warlock,demonology,18,8,10
28352,Guccie,ravencrest,766,warlock,demonology,17,10,7
28353,Britneyféars,emeriss,766,warlock,demonology,18,8,10
28354,Zeddy,draenor,766,warlock,demonology,18,8,10
28355,Merzavka,kazzak,765,warlock,demonology,12,8,4
28356,Rövsmärta,ragnaros,765,warlock,demonology,15,9,6
28357,Njutbar,ragnaros,765,warlock,demonology,18,8,10
28358,Ясяшотлав,soulflayer,761,warlock,demonology,22,11,11
28359,Wanderingowl,blackmoore,760,warlock,demonology,12,8,4
28360,Nedivh,stormscale,751,warlock,demonology,23,8,15
28361,Warlockyo,blackrock,735,warlock,demonology,17,8,9
28362,Vreyax,aegwynn,719,warlock,demonology,11,8,3
28363,Dotwhat,ravencrest,719,warlock,demonology,17,8,9
28364,Voldby,kazzak,703,warlock,demonology,11,8,3
28365,Lifetap,tarren-mill,703,warlock,demonology,14,8,6
28366,Кайзершлафен,fordragon,703,warlock,demonology,14,8,6
28367,Простоседой,gordunni,703,warlock,demonology,17,8,9
28368,Framelock,draenor,672,warlock,demonology,12,7,5
28369,Spongebobx,kazzak,672,warlock,demonology,12,7,5
28370,Zoreck,uldum,672,warlock,demonology,12,7,5
28371,Plâytïmè,stormscale,672,warlock,demonology,12,7,5
28372,Morgána,outland,672,warlock,demonology,12,7,5
28373,Ipetsincl,kazzak,672,warlock,demonology,12,7,5
28374,Dirtytyrant,sanguino,672,warlock,demonology,12,7,5
28375,Blekspel,outland,672,warlock,demonology,12,7,5
28376,Bigbagelbob,archimonde,672,warlock,demonology,12,7,5
28377,Rïñ,ravencrest,672,warlock,demonology,12,7,5
28378,Ravenglass,argent-dawn,672,warlock,demonology,12,7,5
28379,Immolleria,frostmane,672,warlock,demonology,12,7,5
28380,Fearfearfear,archimonde,672,warlock,demonology,12,7,5
28381,Khaleth,dun-modr,672,warlock,demonology,12,7,5
28382,Hannens,blackrock,672,warlock,demonology,12,7,5
28383,Ballerlock,ravencrest,672,warlock,demonology,12,7,5
28384,Wiitchdoktor,twisting-nether,672,warlock,demonology,12,7,5
28385,Shazem,tarren-mill,672,warlock,demonology,12,7,5
28386,Pipoûc,archimonde,672,warlock,demonology,18,7,11
28387,Fearu,kazzak,672,warlock,demonology,18,7,11
28388,Lockaria,zuljin,671,warlock,demonology,12,7,5
28389,Dedobozhe,ravencrest,671,warlock,demonology,12,7,5
28390,Güulran,les-clairvoyants,671,warlock,demonology,12,7,5
28391,Enviroq,burning-legion,671,warlock,demonology,12,7,5
28392,Penske,sanguino,671,warlock,demonology,24,7,17
28393,Bewbys,draenor,671,warlock,demonology,24,7,17
28394,Themengh,stormscale,622,warlock,demonology,21,7,14
28395,Nekrosd,tarren-mill,618,warlock,demonology,15,8,7
28396,Snoggä,antonidas,617,warlock,demonology,20,8,12
28397,Warlockxx,ravencrest,607,warlock,demonology,11,7,4
28398,Грешъник,gordunni,592,warlock,demonology,13,7,6
28399,Нафлэпил,gordunni,585,warlock,demonology,18,8,10
28400,Rikkért,draenor,576,warlock,demonology,6,6,0
28401,Kwanzaa,ravencrest,576,warlock,demonology,6,6,0
28402,Makkez,outland,576,warlock,demonology,6,6,0
28403,Onewarlock,kazzak,576,warlock,demonology,6,6,0
28404,Keybump,outland,576,warlock,demonology,6,6,0
28405,Dogdrakex,tarren-mill,576,warlock,demonology,6,6,0
28406,Rikmeyzter,burning-blade,576,warlock,demonology,12,6,6
28407,Smallpee,kazzak,576,warlock,demonology,12,6,6
28408,Rîas,hyjal,576,warlock,demonology,12,6,6
28409,Gruldran,khaz-modan,576,warlock,demonology,12,6,6
28410,Rivmuu,argent-dawn,576,warlock,demonology,12,6,6
28411,Nephystø,archimonde,576,warlock,demonology,12,6,6
28412,Wacamolymojo,tarren-mill,576,warlock,demonology,12,6,6
28413,Ogrez,nemesis,576,warlock,demonology,12,6,6
28414,Lamboo,tarren-mill,576,warlock,demonology,12,6,6
28415,Zerx,malganis,576,warlock,demonology,12,6,6
28416,Devour,magtheridon,576,warlock,demonology,12,6,6
28417,Vîmø,antonidas,576,warlock,demonology,12,6,6
28418,Darcol,archimonde,576,warlock,demonology,12,6,6
28419,Jegfaller,wildhammer,576,warlock,demonology,12,6,6
28420,Cringetamer,silvermoon,576,warlock,demonology,12,6,6
28421,Beloezoloto,deathwing,576,warlock,demonology,12,6,6
28422,Mombo,the-maelstrom,576,warlock,demonology,12,6,6
28423,Nâzgrel,tarren-mill,576,warlock,demonology,18,6,12
28424,Oldasianman,blackrock,576,warlock,demonology,18,6,12
28425,Zatella,ravencrest,576,warlock,demonology,18,6,12
28426,Morwëk,ysondre,576,warlock,demonology,18,6,12
28427,Sublînê,blackmoore,576,warlock,demonology,18,6,12
28428,Redshíne,hyjal,576,warlock,demonology,18,6,12
28429,Icò,ravencrest,576,warlock,demonology,18,6,12
28430,Deadleth,blackrock,575,warlock,demonology,10,7,3
28431,Факлок,gordunni,575,warlock,demonology,12,6,6
28432,Profylaxis,arathor,575,warlock,demonology,12,6,6
28433,Xerxia,blackrock,575,warlock,demonology,18,6,12
28434,Truckpunch,defias-brotherhood,575,warlock,demonology,18,6,12
28435,Methmuncher,twisting-nether,574,warlock,demonology,24,6,18
28436,Jag,neptulon,573,warlock,demonology,12,6,6
28437,Screamo,sylvanas,572,warlock,demonology,12,6,6
28438,Absurdd,turalyon,568,warlock,demonology,14,9,5
28439,Raez,burning-blade,559,warlock,demonology,17,6,11
28440,Swagzz,silvermoon,480,warlock,demonology,6,5,1
28441,Hiloqtlock,blackmoore,480,warlock,demonology,6,5,1
28442,Lyndi,nerathor,480,warlock,demonology,6,5,1
28443,Нэваблэйз,howling-fjord,480,warlock,demonology,6,5,1
28444,Oozi,tarren-mill,480,warlock,demonology,6,5,1
28445,Bibilockbert,aegwynn,480,warlock,demonology,6,5,1
28446,Rektube,sanguino,480,warlock,demonology,6,5,1
28447,Deadmanwlkin,aggra-português,480,warlock,demonology,6,5,1
28448,Chromex,dentarg,480,warlock,demonology,6,5,1
28449,Racursed,outland,480,warlock,demonology,6,5,1
28450,Hannen,blackrock,480,warlock,demonology,6,5,1
28451,Mércé,stormscale,480,warlock,demonology,6,5,1
28452,Velativ,silvermoon,480,warlock,demonology,6,5,1
28453,Köftemec,blackrock,480,warlock,demonology,6,5,1
28454,Felgødx,nemesis,480,warlock,demonology,6,5,1
28455,Варикай,gordunni,480,warlock,demonology,6,5,1
28456,Фирвебало,soulflayer,480,warlock,demonology,6,5,1
28457,Msßeckinsale,tarren-mill,480,warlock,demonology,12,5,7
28458,Wëndigo,stormscale,480,warlock,demonology,12,5,7
28459,Felsturm,twisting-nether,480,warlock,demonology,12,5,7
28460,Moslock,kazzak,480,warlock,demonology,12,5,7
28461,Kukcaryfuk,drakthul,480,warlock,demonology,12,5,7
28462,Purepkbob,quelthalas,480,warlock,demonology,12,5,7
28463,Khâmélÿa,culte-de-la-rive-noire,480,warlock,demonology,12,5,7
28464,Gulderrf,kirin-tor,480,warlock,demonology,12,5,7
28465,Morshax,ysondre,480,warlock,demonology,12,5,7
28466,Nécromancér,doomhammer,480,warlock,demonology,12,5,7
28467,Skrana,kazzak,480,warlock,demonology,12,5,7
28468,Durátor,ravencrest,480,warlock,demonology,12,5,7
28469,Agaton,twisting-nether,480,warlock,demonology,12,5,7
28470,Tepelkwastje,twisting-nether,480,warlock,demonology,12,5,7
28471,Nastychâtøn,ysondre,480,warlock,demonology,12,5,7
28472,Törtidotcom,blackrock,480,warlock,demonology,12,5,7
28473,Søcraqt,blackrock,480,warlock,demonology,13,5,8
28474,Gúldn,outland,480,warlock,demonology,18,5,13
28475,Zartax,kazzak,480,warlock,demonology,18,5,13
28476,Déemón,draenor,480,warlock,demonology,18,5,13
28477,Brodoh,dun-modr,480,warlock,demonology,18,5,13
28478,Ezekîél,blackhand,479,warlock,demonology,6,5,1
28479,Аттропа,gordunni,477,warlock,demonology,6,5,1
28480,Lokko,nemesis,415,warlock,demonology,14,5,9
28481,Mundunugu,sanguino,400,warlock,demonology,7,5,2
28482,Papilena,turalyon,400,warlock,demonology,13,5,8
28483,Yumiblood,tarren-mill,399,warlock,demonology,5,5,0
28484,Droguri,darkspear,384,warlock,demonology,6,4,2
28485,Ahollic,antonidas,384,warlock,demonology,6,4,2
28486,Nekhar,twisting-nether,384,warlock,demonology,6,4,2
28487,Fredé,kazzak,384,warlock,demonology,6,4,2
28488,Marador,drakthul,384,warlock,demonology,6,4,2
28489,Nekrofille,outland,384,warlock,demonology,6,4,2
28490,Absurdity,twisting-nether,384,warlock,demonology,6,4,2
28491,Chedipes,stormscale,384,warlock,demonology,6,4,2
28492,Tropìcal,grim-batol,384,warlock,demonology,6,4,2
28493,Watii,stormscale,384,warlock,demonology,6,4,2
28494,Lifedriller,drakthul,384,warlock,demonology,6,4,2
28495,Freyzul,twisting-nether,384,warlock,demonology,6,4,2
28496,Felhaen,silvermoon,384,warlock,demonology,6,4,2
28497,Bankstair,stormscale,384,warlock,demonology,6,4,2
28498,Cosec,silvermoon,384,warlock,demonology,6,4,2
28499,Otemlock,sanguino,384,warlock,demonology,6,4,2
28500,Æternallock,nemesis,384,warlock,demonology,6,4,2
28501,Endherkonk,sanguino,384,warlock,demonology,6,4,2
28502,Gödisdëäd,sanguino,384,warlock,demonology,6,4,2
28503,Zzooxxie,silvermoon,384,warlock,demonology,6,4,2
28504,Cleyandra,arathor,384,warlock,demonology,6,4,2
28505,Nattû,outland,384,warlock,demonology,6,4,2
28506,Zzooxx,silvermoon,384,warlock,demonology,6,4,2
28507,Незерлок,soulflayer,384,warlock,demonology,6,4,2
28508,Sargaerot,draenor,384,warlock,demonology,6,4,2
28509,Llilithh,draenor,384,warlock,demonology,6,4,2
28510,Rüwel,mannoroth,384,warlock,demonology,6,4,2
28511,Quadraxer,antonidas,384,warlock,demonology,6,4,2
28512,Vanmorgoth,nazjatar,384,warlock,demonology,6,4,2
28513,Bigballerguy,sylvanas,384,warlock,demonology,6,4,2
28514,Demosteaks,thrall,384,warlock,demonology,6,4,2
28515,Lugdan,blackmoore,384,warlock,demonology,6,4,2
28516,Gunca,sylvanas,384,warlock,demonology,6,4,2
28517,Куськысь,gordunni,384,warlock,demonology,9,5,4
28518,Hypotax,ragnaros,384,warlock,demonology,12,4,8
28519,Graveshaker,quelthalas,384,warlock,demonology,12,4,8
28520,Kfo,ragnaros,384,warlock,demonology,12,4,8
28521,Babayagâ,sanguino,384,warlock,demonology,12,4,8
28522,Acererak,thunderhorn,384,warlock,demonology,12,4,8
28523,Tuz,blackrock,384,warlock,demonology,12,4,8
28524,Nulo,aggra-português,384,warlock,demonology,12,4,8
28525,Nazw,ravencrest,384,warlock,demonology,12,4,8
28526,Millhaus,gorgonnash,384,warlock,demonology,18,4,14
28527,Alucena,silvermoon,384,warlock,demonology,18,4,14
28528,Monroé,hellfire,367,warlock,demonology,11,4,7
28529,Nili,dethecus,351,warlock,demonology,11,4,7
28530,Tvmpzwl,ravencrest,335,warlock,demonology,11,4,7
28531,Floriae,argent-dawn,329,warlock,demonology,13,5,8
28532,Shadaw,kilrogg,319,warlock,demonology,5,4,1
28533,Cainn,kilrogg,288,warlock,demonology,6,3,3
28534,Immaginare,sylvanas,288,warlock,demonology,6,3,3
28535,Myliege,kilrogg,288,warlock,demonology,6,3,3
28536,Лысыйлокоть,soulflayer,288,warlock,demonology,6,3,3
28537,Комочеро,soulflayer,288,warlock,demonology,6,3,3
28538,Парачо,eversong,288,warlock,demonology,6,3,3
28539,ßualock,sylvanas,288,warlock,demonology,6,3,3
28540,Zeromaker,kazzak,288,warlock,demonology,6,3,3
28541,Kosfáce,tarren-mill,288,warlock,demonology,6,3,3
28542,Afflimoomoo,tarren-mill,288,warlock,demonology,6,3,3
28543,Theronas,tarren-mill,288,warlock,demonology,6,3,3
28544,Сантизи,gordunni,288,warlock,demonology,6,3,3
28545,Sofias,tarren-mill,288,warlock,demonology,6,3,3
28546,Wendetta,stormreaver,288,warlock,demonology,6,3,3
28547,Sidragasoss,drakthul,288,warlock,demonology,6,3,3
28548,Pidka,drakthul,288,warlock,demonology,6,3,3
28549,Jetset,moonglade,288,warlock,demonology,6,3,3
28550,Hasselbalch,azshara,288,warlock,demonology,6,3,3
28551,Kharless,kazzak,288,warlock,demonology,6,3,3
28552,Opiumers,kazzak,288,warlock,demonology,6,3,3
28553,Alcringe,kazzak,288,warlock,demonology,6,3,3
28554,Malkoran,sylvanas,288,warlock,demonology,6,3,3
28555,Klaab,hyjal,288,warlock,demonology,6,3,3
28556,Askanios,twisting-nether,288,warlock,demonology,6,3,3
28557,Davyjonessx,twisting-nether,288,warlock,demonology,6,3,3
28558,Локистраик,borean-tundra,288,warlock,demonology,6,3,3
28559,Prekt,ragnaros,288,warlock,demonology,6,3,3
28560,Sipsirica,ragnaros,288,warlock,demonology,6,3,3
28561,Дуклок,howling-fjord,288,warlock,demonology,6,3,3
28562,Дотботх,howling-fjord,288,warlock,demonology,6,3,3
28563,Xjms,darksorrow,288,warlock,demonology,6,3,3
28564,Matheus,zenedar,288,warlock,demonology,6,3,3
28565,Bono,frostwhisper,288,warlock,demonology,6,3,3
28566,Antuan,sanguino,288,warlock,demonology,6,3,3
28567,Väladar,sanguino,288,warlock,demonology,6,3,3
28568,Suucc,draenor,288,warlock,demonology,6,3,3
28569,Dispelpls,dun-morogh,288,warlock,demonology,6,3,3
28570,Sleethy,destromath,288,warlock,demonology,6,3,3
28571,Shjzzkl,blackmoore,288,warlock,demonology,6,3,3
28572,Elmîr,blackmoore,288,warlock,demonology,6,3,3
28573,Wombsa,blackmoore,288,warlock,demonology,6,3,3
28574,Horststenzl,blackrock,288,warlock,demonology,6,3,3
28575,Buserella,eredar,288,warlock,demonology,6,3,3
28576,Xiraq,nathrezim,288,warlock,demonology,6,3,3
28577,Hotdogvendor,kazzak,288,warlock,demonology,6,3,3
28578,Osyx,ravencrest,288,warlock,demonology,6,3,3
28579,Bionic,eredar,288,warlock,demonology,6,3,3
28580,Talindra,stormscale,288,warlock,demonology,6,3,3
28581,Waîdo,blackhand,288,warlock,demonology,6,3,3
28582,Mingingclass,stormscale,288,warlock,demonology,6,3,3
28583,Ilililii,ravencrest,288,warlock,demonology,6,3,3
28584,Alotadot,ravencrest,288,warlock,demonology,6,3,3
28585,Infernion,stormscale,288,warlock,demonology,6,3,3
28586,Rushkush,ravencrest,288,warlock,demonology,7,3,4
28587,Tunrîda,illidan,288,warlock,demonology,10,3,7
28588,Ïvar,ysondre,288,warlock,demonology,12,3,9
28589,Эссминет,soulflayer,288,warlock,demonology,12,3,9
28590,Фэлдред,soulflayer,288,warlock,demonology,12,3,9
28591,Ftpete,argent-dawn,288,warlock,demonology,12,3,9
28592,Dardec,hyjal,288,warlock,demonology,12,3,9
28593,Kamí,sanguino,288,warlock,demonology,12,3,9
28594,Cassen,outland,288,warlock,demonology,12,3,9
28595,Hartee,argent-dawn,288,warlock,demonology,18,3,15
28596,Ydidntuwait,ragnaros,288,warlock,demonology,18,3,15
28597,Petrosk,sanguino,287,warlock,demonology,6,3,3
28598,Dust,argent-dawn,287,warlock,demonology,12,3,9
28599,Кхадгард,howling-fjord,256,warlock,demonology,10,3,7
28600,Ánderx,dun-modr,239,warlock,demonology,5,3,2
28601,Calypso,korgall,239,warlock,demonology,5,3,2
28602,Анрали,deathguard,192,warlock,demonology,6,2,4
28603,Fatkkroth,ravencrest,192,warlock,demonology,6,2,4
28604,Azgaroth,kazzak,192,warlock,demonology,6,2,4
28605,Qullnius,kazzak,192,warlock,demonology,6,2,4
28606,Stromzii,silvermoon,192,warlock,demonology,6,2,4
28607,Irnx,tarren-mill,192,warlock,demonology,6,2,4
28608,Bowti,ravencrest,192,warlock,demonology,6,2,4
28609,Azurma,tarren-mill,192,warlock,demonology,6,2,4
28610,Salvatoríy,outland,192,warlock,demonology,6,2,4
28611,Kumamoto,tarren-mill,192,warlock,demonology,6,2,4
28612,Ukjjkhj,frostmane,192,warlock,demonology,6,2,4
28613,Gtxtreme,kazzak,192,warlock,demonology,6,2,4
28614,Бешентумай,goldrinn,192,warlock,demonology,6,2,4
28615,Kasztyk,grim-batol,192,warlock,demonology,6,2,4
28616,Iblis,grim-batol,192,warlock,demonology,6,2,4
28617,Cali,ahnqiraj,192,warlock,demonology,6,2,4
28618,Äåäåäåäåäåäå,ravencrest,192,warlock,demonology,6,2,4
28619,Liwerno,dunemaul,192,warlock,demonology,6,2,4
28620,Retrosatanas,archimonde,192,warlock,demonology,6,2,4
28621,Кайрана,blackscar,192,warlock,demonology,6,2,4
28622,Médeâ,ravencrest,192,warlock,demonology,6,2,4
28623,Kaobolt,archimonde,192,warlock,demonology,6,2,4
28624,Amerihell,pozzo-delleternità,192,warlock,demonology,6,2,4
28625,Indifférence,archimonde,192,warlock,demonology,6,2,4
28626,Fearlessgødx,ravencrest,192,warlock,demonology,6,2,4
28627,Zyréx,eredar,192,warlock,demonology,6,2,4
28628,Seldonn,pozzo-delleternità,192,warlock,demonology,6,2,4
28629,Àbraxàs,nemesis,192,warlock,demonology,6,2,4
28630,Jkz,blackrock,192,warlock,demonology,6,2,4
28631,Prestige,nemesis,192,warlock,demonology,6,2,4
28632,Cräwley,ragnaros,192,warlock,demonology,6,2,4
28633,Fortheend,twisting-nether,192,warlock,demonology,6,2,4
28634,Bu,zirkel-des-cenarius,192,warlock,demonology,6,2,4
28635,Lokelicious,ragnaros,192,warlock,demonology,6,2,4
28636,Repah,doomhammer,192,warlock,demonology,6,2,4
28637,Surfingbirdz,ragnaros,192,warlock,demonology,6,2,4
28638,Incesticide,ragnaros,192,warlock,demonology,6,2,4
28639,Gammalgubbe,stormscale,192,warlock,demonology,6,2,4
28640,Epoku,stormscale,192,warlock,demonology,6,2,4
28641,Sneptics,draenor,192,warlock,demonology,6,2,4
28642,Flatwolenzy,blackrock,192,warlock,demonology,6,2,4
28643,Belzedan,blackrock,192,warlock,demonology,6,2,4
28644,Nerfwarriors,stormscale,192,warlock,demonology,6,2,4
28645,Скверногрик,fordragon,192,warlock,demonology,6,2,4
28646,Baradür,sanguino,192,warlock,demonology,6,2,4
28647,Chram,uldum,192,warlock,demonology,7,2,5
28648,Henriett,ravencrest,192,warlock,demonology,12,2,10
28649,Xanatar,blackhand,192,warlock,demonology,12,2,10
28650,Grimmwald,stormreaver,192,warlock,demonology,12,2,10
28651,Déadwish,ravencrest,192,warlock,demonology,12,2,10
28652,Saruna,azshara,192,warlock,demonology,12,2,10
28653,Letzterlude,thrall,159,warlock,demonology,5,2,3
28654,Happycadaver,blackrock,96,warlock,demonology,3,2,1
28655,Бестий,fordragon,96,warlock,demonology,6,1,5
28656,Bolt,stormscale,96,warlock,demonology,6,1,5
28657,Utuklululu,archimonde,96,warlock,demonology,6,1,5
28658,Militianu,sylvanas,96,warlock,demonology,6,1,5
28659,Divvaa,tarren-mill,96,warlock,demonology,6,1,5
28660,Wspolnax,ravencrest,96,warlock,demonology,6,1,5
28661,Muninnus,archimonde,96,warlock,demonology,6,1,5
28662,Tochka,archimonde,96,warlock,demonology,6,1,5
28663,Marann,dun-morogh,96,warlock,demonology,6,1,5
28664,Catherine,garrosh,96,warlock,demonology,6,1,5
28665,Tid,burning-legion,96,warlock,demonology,6,1,5
28666,Prestoc,wrathbringer,96,warlock,demonology,6,1,5
28667,Ðßøhßäøùí,blackmoore,96,warlock,demonology,6,1,5
28668,Árkan,thrall,96,warlock,demonology,6,1,5
28669,Ароматныйх,howling-fjord,96,warlock,demonology,6,1,5
28670,Méetoo,thrall,96,warlock,demonology,6,1,5
28671,Arkanyks,dalaran,96,warlock,demonology,6,1,5
28672,Necroless,shadowsong,96,warlock,demonology,6,1,5
28673,Xydar,stormscale,42,warlock,demonology,10,2,8
28674,Infïnitýx,silvermoon,31,warlock,demonology,2,1,1
28675,Loghit,ravencrest,16,warlock,demonology,1,1,0
28676,Inferniøn,ravencrest,2354,warlock,destruction,75,55,20
28677,Bóbtown,stormscale,2338,warlock,destruction,132,82,50
28678,Lopari,aegwynn,2275,warlock,destruction,106,65,41
28679,Jâzggz,twisting-nether,2273,warlock,destruction,66,45,21
28680,Фаерморн,blackscar,2269,warlock,destruction,60,44,16
28681,Canabolic,stormscale,2269,warlock,destruction,90,55,35
28682,Боуман,howling-fjord,2243,warlock,destruction,96,56,40
28683,Acentro,stormscale,2231,warlock,destruction,71,46,25
28684,Creatúre,drakthul,2224,warlock,destruction,48,38,10
28685,Rootzlx,ravencrest,2216,warlock,destruction,114,68,46
28686,Azurma,tarren-mill,2211,warlock,destruction,78,47,31
28687,Yùna,frostwolf,2209,warlock,destruction,72,48,24
28688,Телола,gordunni,2208,warlock,destruction,72,48,24
28689,Malddog,turalyon,2205,warlock,destruction,66,47,19
28690,Dæhli,argent-dawn,2204,warlock,destruction,102,56,46
28691,Anihli,kazzak,2194,warlock,destruction,84,48,36
28692,Steckenpferd,blackmoore,2190,warlock,destruction,54,37,17
28693,Zélroth,argent-dawn,2188,warlock,destruction,126,75,51
28694,Handicapped,burning-legion,2158,warlock,destruction,78,47,31
28695,Rexløck,nozdormu,2156,warlock,destruction,111,76,35
28696,Erutaerc,drakthul,2154,warlock,destruction,48,32,16
28697,Zèlêph,archimonde,2151,warlock,destruction,180,114,66
28698,Glooness,burning-legion,2151,warlock,destruction,78,43,35
28699,Bäle,stormreaver,2150,warlock,destruction,107,64,43
28700,Indraxx,hyjal,2149,warlock,destruction,92,48,44
28701,Absurdity,twisting-nether,2148,warlock,destruction,102,53,49
28702,Snapperz,stormscale,2145,warlock,destruction,102,55,47
28703,Kimkold,twisting-nether,2144,warlock,destruction,96,50,46
28704,Tópdogg,twisting-nether,2140,warlock,destruction,54,43,11
28705,Veganlifter,blackhand,2136,warlock,destruction,72,45,27
28706,Bankstair,stormscale,2132,warlock,destruction,60,42,18
28707,Tjl,kazzak,2130,warlock,destruction,71,42,29
28708,Legionlockxd,twisting-nether,2129,warlock,destruction,88,48,40
28709,Infý,ravencrest,2127,warlock,destruction,66,41,25
28710,Nògg,frostwhisper,2120,warlock,destruction,66,42,24
28711,Arfdispo,hyjal,2120,warlock,destruction,101,55,46
28712,Блакхен,blackscar,2117,warlock,destruction,66,38,28
28713,Nellyvato,eredar,2113,warlock,destruction,72,44,28
28714,Velv,nagrand,2112,warlock,destruction,90,45,45
28715,Рауваскх,howling-fjord,2110,warlock,destruction,53,31,22
28716,Cryzzbad,stormscale,2109,warlock,destruction,36,29,7
28717,Vitus,malganis,2109,warlock,destruction,132,79,53
28718,Xesh,kiljaeden,2107,warlock,destruction,90,53,37
28719,Hladankurac,twisting-nether,2105,warlock,destruction,60,35,25
28720,Xeremas,blackrock,2104,warlock,destruction,59,45,14
28721,Lywov,stormscale,2103,warlock,destruction,60,34,26
28722,Артик,gordunni,2101,warlock,destruction,48,37,11
28723,Amdead,sylvanas,2101,warlock,destruction,73,52,21
28724,Ìpen,bloodfeather,2101,warlock,destruction,77,43,34
28725,Фримех,soulflayer,2095,warlock,destruction,59,45,14
28726,Djmcwarlock,kazzak,2095,warlock,destruction,65,37,28
28727,Тагочи,gordunni,2093,warlock,destruction,80,43,37
28728,Gulwer,blackmoore,2091,warlock,destruction,60,36,24
28729,Císuh,stormreaver,2082,warlock,destruction,108,61,47
28730,Kerídiin,twisting-nether,2079,warlock,destruction,78,45,33
28731,Dabzw,twisting-nether,2075,warlock,destruction,67,43,24
28732,Necromanya,ravencrest,2075,warlock,destruction,156,91,65
28733,Паилка,galakrond,2075,warlock,destruction,135,74,61
28734,Chaosbuster,magtheridon,2069,warlock,destruction,114,72,42
28735,Haedache,tarren-mill,2069,warlock,destruction,101,57,44
28736,Bualock,sylvanas,2068,warlock,destruction,60,33,27
28737,Voldby,kazzak,2064,warlock,destruction,66,33,33
28738,Простишутках,gordunni,2051,warlock,destruction,48,30,18
28739,Шархихохо,gordunni,2051,warlock,destruction,78,41,37
28740,Rhüd,twisting-nether,2045,warlock,destruction,89,51,38
28741,Héffer,outland,2044,warlock,destruction,121,80,41
28742,Кишмякхб,howling-fjord,2024,warlock,destruction,91,47,44
28743,Влицотьмой,gordunni,2023,warlock,destruction,66,37,29
28744,Bigbolt,arathor,2022,warlock,destruction,80,45,35
28745,Кенгарь,howling-fjord,2019,warlock,destruction,132,72,60
28746,Felcamino,outland,2019,warlock,destruction,72,36,36
28747,Wldot,ravencrest,2016,warlock,destruction,66,41,25
28748,Ryûsuke,dun-modr,2015,warlock,destruction,48,31,17
28749,Geluwu,tarren-mill,2015,warlock,destruction,60,35,25
28750,Whakkx,blackrock,2011,warlock,destruction,54,32,22
28751,Ánderxyo,dun-modr,2010,warlock,destruction,36,29,7
28752,Drainsouls,stormscale,2009,warlock,destruction,159,86,73
28753,Nògg,kazzak,2008,warlock,destruction,54,29,25
28754,Achluophobiå,ravencrest,2007,warlock,destruction,37,26,11
28755,Жасминдос,blackscar,2006,warlock,destruction,63,42,21
28756,Bewegen,frostwolf,2006,warlock,destruction,78,42,36
28757,Lockisbadx,draenor,2002,warlock,destruction,60,34,26
28758,Koisk,tarren-mill,1999,warlock,destruction,66,36,30
28759,Tàkaz,drekthar,1998,warlock,destruction,88,54,34
28760,Isuckwarlock,aegwynn,1994,warlock,destruction,66,34,32
28761,Whatamellown,aegwynn,1993,warlock,destruction,54,34,20
28762,Zàkx,silvermoon,1993,warlock,destruction,248,139,109
28763,Umbraz,blackmoore,1991,warlock,destruction,60,34,26
28764,Brokenearman,defias-brotherhood,1990,warlock,destruction,24,21,3
28765,Johanan,ravencrest,1987,warlock,destruction,30,24,6
28766,Gøzù,antonidas,1985,warlock,destruction,54,32,22
28767,Kwoleriker,norgannon,1985,warlock,destruction,70,39,31
28768,Påsqúåls,ravencrest,1984,warlock,destruction,72,41,31
28769,Corbbolt,drakthul,1984,warlock,destruction,84,46,38
28770,Инферналках,gordunni,1983,warlock,destruction,59,39,20
28771,Vîmø,antonidas,1982,warlock,destruction,143,88,55
28772,Shangalar,burning-legion,1980,warlock,destruction,90,51,39
28773,Supergeîl,blackrock,1980,warlock,destruction,84,46,38
28774,Hotdoghomie,tarren-mill,1974,warlock,destruction,36,28,8
28775,Кириланскил,gordunni,1974,warlock,destruction,48,30,18
28776,Laedreth,argent-dawn,1973,warlock,destruction,140,79,61
28777,Ffpiiras,dunemaul,1972,warlock,destruction,63,37,26
28778,Эвилакс,gordunni,1969,warlock,destruction,48,32,16
28779,Asáel,blackrock,1968,warlock,destruction,78,44,34
28780,Lhestér,outland,1967,warlock,destruction,57,35,22
28781,Рашчер,gordunni,1967,warlock,destruction,53,29,24
28782,Wällaar,ragnaros,1964,warlock,destruction,78,47,31
28783,Djdampening,bloodhoof,1963,warlock,destruction,52,39,13
28784,Pørtal,aggra-português,1963,warlock,destruction,65,37,28
28785,Gogmorok,dunemaul,1962,warlock,destruction,154,80,74
28786,Zarisya,blackmoore,1961,warlock,destruction,48,29,19
28787,Drowlý,twisting-nether,1961,warlock,destruction,54,32,22
28788,Portlock,kazzak,1959,warlock,destruction,66,39,27
28789,Looneytoonz,blackrock,1956,warlock,destruction,84,50,34
28790,Malgarøth,tarren-mill,1955,warlock,destruction,60,28,32
28791,Сумракк,gordunni,1954,warlock,destruction,66,35,31
28792,Stefcheto,twilights-hammer,1953,warlock,destruction,78,43,35
28793,Tschapatalpi,blackhand,1947,warlock,destruction,70,35,35
28794,Nëismz,hyjal,1944,warlock,destruction,48,28,20
28795,Сильвиос,howling-fjord,1943,warlock,destruction,100,49,51
28796,Онлидемон,gordunni,1942,warlock,destruction,73,38,35
28797,Logicdotexé,tarren-mill,1940,warlock,destruction,61,39,22
28798,Madridistaß,outland,1939,warlock,destruction,78,40,38
28799,Suprezz,sylvanas,1929,warlock,destruction,60,36,24
28800,Vvj,ravencrest,1928,warlock,destruction,114,59,55
28801,Fornaio,nemesis,1927,warlock,destruction,36,24,12
28802,Fîgøk,conseil-des-ombres,1923,warlock,destruction,108,63,45
28803,Decimus,darkspear,1922,warlock,destruction,102,60,42
28804,Bfaexpert,ravencrest,1917,warlock,destruction,24,20,4
28805,Sjödin,tarren-mill,1917,warlock,destruction,30,24,6
28806,Kuckacocucka,outland,1915,warlock,destruction,65,38,27
28807,Aestheatic,draenor,1912,warlock,destruction,167,88,79
28808,Drututt,the-maelstrom,1910,warlock,destruction,54,30,24
28809,Necorinexx,silvermoon,1909,warlock,destruction,30,20,10
28810,Magonyth,ravencrest,1909,warlock,destruction,90,49,41
28811,Djhanzó,outland,1907,warlock,destruction,45,28,17
28812,Zoodíac,blackrock,1904,warlock,destruction,48,32,16
28813,Healylockx,stormscale,1904,warlock,destruction,48,28,20
28814,Buâlock,stormscale,1900,warlock,destruction,24,20,4
28815,Laokoon,blackmoore,1897,warlock,destruction,48,33,15
28816,Xxjz,ravencrest,1897,warlock,destruction,54,31,23
28817,Rúbs,sylvanas,1897,warlock,destruction,102,55,47
28818,Mxxmmllm,kargath,1896,warlock,destruction,101,62,39
28819,Kaktakto,ravencrest,1895,warlock,destruction,54,30,24
28820,Vregor,twisting-nether,1892,warlock,destruction,36,26,10
28821,Twisted,malganis,1891,warlock,destruction,90,51,39
28822,Fearo,kazzak,1888,warlock,destruction,65,38,27
28823,Juhpz,blackrock,1888,warlock,destruction,52,24,28
28824,Whøîäm,kazzak,1883,warlock,destruction,42,31,11
28825,Hânex,ravencrest,1883,warlock,destruction,42,28,14
28826,Мспечень,howling-fjord,1882,warlock,destruction,42,32,10
28827,Immaginare,sylvanas,1881,warlock,destruction,90,54,36
28828,Henmur,stormscale,1879,warlock,destruction,64,37,27
28829,Deathfløw,draenor,1878,warlock,destruction,72,48,24
28830,Carelock,chamber-of-aspects,1878,warlock,destruction,42,28,14
28831,Dogoon,sylvanas,1876,warlock,destruction,142,82,60
28832,Noomaca,drakthul,1876,warlock,destruction,90,50,40
28833,Eboyclass,twisting-nether,1875,warlock,destruction,33,23,10
28834,Ulora,zirkel-des-cenarius,1875,warlock,destruction,59,33,26
28835,Kumamoto,tarren-mill,1874,warlock,destruction,42,27,15
28836,Kitchiarû,uldaman,1874,warlock,destruction,42,27,15
28837,Bluefungirl,stormscale,1874,warlock,destruction,47,30,17
28838,Andtheysay,outland,1873,warlock,destruction,135,78,57
28839,Rockbèll,blackmoore,1871,warlock,destruction,36,28,8
28840,Ðènnis,tarren-mill,1870,warlock,destruction,42,28,14
28841,Dooms,antonidas,1868,warlock,destruction,42,31,11
28842,Dersdog,twisting-nether,1867,warlock,destruction,45,26,19
28843,Аоепампгодх,howling-fjord,1866,warlock,destruction,82,58,24
28844,Rohyna,archimonde,1865,warlock,destruction,36,27,9
28845,Limoges,archimonde,1865,warlock,destruction,35,26,9
28846,Cujo,draenor,1865,warlock,destruction,54,32,22
28847,Spookytouch,draenor,1864,warlock,destruction,94,47,47
28848,Sheitana,ysondre,1863,warlock,destruction,60,39,21
28849,Rokkarn,kazzak,1863,warlock,destruction,48,29,19
28850,Xwíng,stormscale,1862,warlock,destruction,42,30,12
28851,Osbaa,darksorrow,1861,warlock,destruction,50,31,19
28852,Блейдап,razuvious,1859,warlock,destruction,54,31,23
28853,Drdoit,blackrock,1859,warlock,destruction,60,31,29
28854,Beebs,aegwynn,1858,warlock,destruction,42,31,11
28855,Temnamagna,silvermoon,1858,warlock,destruction,41,28,13
28856,Homerbamboom,hyjal,1857,warlock,destruction,41,32,9
28857,Kayloo,archimonde,1856,warlock,destruction,54,34,20
28858,Zâyo,ravencrest,1856,warlock,destruction,54,31,23
28859,Cmdxo,malganis,1856,warlock,destruction,71,38,33
28860,Hairyporta,blackmoore,1855,warlock,destruction,101,59,42
28861,Djfearbot,kazzak,1854,warlock,destruction,78,49,29
28862,Xunzu,drakthul,1854,warlock,destruction,54,27,27
28863,Darksoll,hyjal,1853,warlock,destruction,41,31,10
28864,Jawoxoxo,rexxar,1852,warlock,destruction,48,20,28
28865,Laolife,twisting-nether,1851,warlock,destruction,66,33,33
28866,Tuplajekku,sylvanas,1851,warlock,destruction,59,29,30
28867,Johnylock,draenor,1850,warlock,destruction,116,71,45
28868,Depressedkid,ravencrest,1850,warlock,destruction,60,30,30
28869,Chaoscrit,eredar,1848,warlock,destruction,85,48,37
28870,Sqx,veklor,1847,warlock,destruction,36,24,12
28871,Themut,draenor,1847,warlock,destruction,76,49,27
28872,Кобре,howling-fjord,1847,warlock,destruction,42,26,16
28873,Ayperos,tyrande,1847,warlock,destruction,72,38,34
28874,Ilovemimi,hyjal,1846,warlock,destruction,35,20,15
28875,Шрэкс,blackscar,1846,warlock,destruction,42,22,20
28876,Gorillabolts,tarren-mill,1846,warlock,destruction,48,21,27
28877,Rumour,sunstrider,1843,warlock,destruction,54,30,24
28878,Attilergg,stormscale,1839,warlock,destruction,32,23,9
28879,Ecoxx,aegwynn,1839,warlock,destruction,48,34,14
28880,Ñila,ravencrest,1839,warlock,destruction,36,23,13
28881,Ripnsew,ravencrest,1839,warlock,destruction,41,26,15
28882,Ashlÿn,draenor,1839,warlock,destruction,35,21,14
28883,Nayolana,argent-dawn,1839,warlock,destruction,75,35,40
28884,Dogdrakex,tarren-mill,1837,warlock,destruction,52,28,24
28885,Ispankmysuc,korgall,1836,warlock,destruction,69,42,27
28886,Belial,minahonda,1835,warlock,destruction,57,33,24
28887,Гивмисоул,soulflayer,1835,warlock,destruction,54,31,23
28888,Médeâ,ravencrest,1834,warlock,destruction,76,42,34
28889,Válýrá,blackhand,1832,warlock,destruction,41,30,11
28890,Kiwibob,defias-brotherhood,1832,warlock,destruction,65,41,24
28891,Ganjubass,tarren-mill,1832,warlock,destruction,74,46,28
28892,Ftpete,argent-dawn,1831,warlock,destruction,98,58,40
28893,Lémonz,stormscale,1831,warlock,destruction,52,26,26
28894,Shadöwmäre,draenor,1830,warlock,destruction,54,31,23
28895,Extingul,tarren-mill,1828,warlock,destruction,30,23,7
28896,Someonepro,tarren-mill,1828,warlock,destruction,53,25,28
28897,Brainac,blackrock,1826,warlock,destruction,36,24,12
28898,Plaguee,outland,1826,warlock,destruction,62,37,25
28899,Boltzer,archimonde,1826,warlock,destruction,60,34,26
28900,Alphazero,zuluhed,1826,warlock,destruction,53,29,24
28901,Freddaxd,outland,1825,warlock,destruction,52,33,19
28902,Соргосор,gordunni,1825,warlock,destruction,53,30,23
28903,Saffíe,ravencrest,1825,warlock,destruction,64,36,28
28904,Imforcedtowl,aegwynn,1824,warlock,destruction,42,31,11
28905,Asilock,eredar,1824,warlock,destruction,48,32,16
28906,Worse,kazzak,1823,warlock,destruction,48,29,19
28907,Maderto,burning-legion,1823,warlock,destruction,185,101,84
28908,Visceris,ravencrest,1822,warlock,destruction,42,20,22
28909,Killáksi,ravencrest,1821,warlock,destruction,42,26,16
28910,Korupcijax,kazzak,1820,warlock,destruction,36,21,15
28911,Merçedesa,tarren-mill,1820,warlock,destruction,35,20,15
28912,Mocha,ravencrest,1819,warlock,destruction,48,31,17
28913,Kivilock,dun-modr,1819,warlock,destruction,67,43,24
28914,Lyâ,ravencrest,1819,warlock,destruction,30,19,11
28915,Juppi,blackrock,1819,warlock,destruction,138,82,56
28916,Killning,medivh,1819,warlock,destruction,114,65,49
28917,Fizzydark,malganis,1819,warlock,destruction,60,30,30
28918,Ethiq,blackrock,1818,warlock,destruction,30,19,11
28919,Jupp,blackrock,1817,warlock,destruction,48,29,19
28920,Srkzlol,durotan,1817,warlock,destruction,66,35,31
28921,Alcringe,kazzak,1816,warlock,destruction,158,90,68
28922,Porchpirate,draenor,1816,warlock,destruction,72,41,31
28923,Schrimz,blackrock,1816,warlock,destruction,54,26,28
28924,Matsuei,tarren-mill,1816,warlock,destruction,48,23,25
28925,Barneyboi,tarren-mill,1815,warlock,destruction,87,59,28
28926,Louloudots,ragnaros,1815,warlock,destruction,36,22,14
28927,Tehkorrum,archimonde,1815,warlock,destruction,53,30,23
28928,Hafufxd,silvermoon,1814,warlock,destruction,36,30,6
28929,Тьмазвёздная,gordunni,1814,warlock,destruction,42,31,11
28930,Panda,aegwynn,1814,warlock,destruction,36,22,14
28931,Кейкегенкай,gordunni,1814,warlock,destruction,69,40,29
28932,Nemwl,draenor,1814,warlock,destruction,66,31,35
28933,Kamoriwl,blackhand,1813,warlock,destruction,30,19,11
28934,Bónz,outland,1813,warlock,destruction,42,25,17
28935,Asbest,blackrock,1813,warlock,destruction,48,28,20
28936,Doodle,the-maelstrom,1813,warlock,destruction,66,38,28
28937,Slytherim,stormscale,1812,warlock,destruction,87,57,30
28938,Todesgurke,alleria,1812,warlock,destruction,36,22,14
28939,Whisperer,defias-brotherhood,1812,warlock,destruction,54,29,25
28940,Neoe,stormscale,1812,warlock,destruction,64,34,30
28941,Linuviel,argent-dawn,1811,warlock,destruction,41,29,12
28942,Bono,frostwhisper,1811,warlock,destruction,86,54,32
28943,Smaúg,archimonde,1811,warlock,destruction,69,33,36
28944,Wankdiesel,der-rat-von-dalaran,1810,warlock,destruction,120,59,61
28945,Gregwyn,hellscream,1809,warlock,destruction,24,19,5
28946,Blakstorm,archimonde,1807,warlock,destruction,48,29,19
28947,Бауглирх,howling-fjord,1807,warlock,destruction,65,35,30
28948,Mangolicious,twisting-nether,1807,warlock,destruction,54,28,26
28949,Tikondrus,ravencrest,1806,warlock,destruction,24,19,5
28950,Raepist,terokkar,1806,warlock,destruction,54,33,21
28951,Rûttna,kazzak,1806,warlock,destruction,53,27,26
28952,Nutyx,twisting-nether,1806,warlock,destruction,60,30,30
28953,Pumpelumpe,twisting-nether,1806,warlock,destruction,45,20,25
28954,Yøshinø,wildhammer,1805,warlock,destruction,48,36,12
28955,Lockchonk,kazzak,1805,warlock,destruction,84,52,32
28956,Sïeur,archimonde,1804,warlock,destruction,113,69,44
28957,Фирбог,soulflayer,1804,warlock,destruction,60,31,29
28958,Makîø,hyjal,1804,warlock,destruction,77,35,42
28959,Dayken,silvermoon,1803,warlock,destruction,33,28,5
28960,Ertogrul,draenor,1802,warlock,destruction,24,19,5
28961,Richerdgir,ravencrest,1802,warlock,destruction,39,25,14
28962,Skrana,kazzak,1800,warlock,destruction,65,39,26
28963,Junakot,silvermoon,1795,warlock,destruction,42,24,18
28964,Sterlock,sylvanas,1793,warlock,destruction,36,24,12
28965,Bàbyløck,archimonde,1792,warlock,destruction,72,41,31
28966,Robertóó,burning-legion,1792,warlock,destruction,64,34,30
28967,Hebbxw,kazzak,1790,warlock,destruction,60,38,22
28968,Keybump,outland,1787,warlock,destruction,120,70,50
28969,Nekrosd,tarren-mill,1787,warlock,destruction,132,69,63
28970,Zxò,twisting-nether,1786,warlock,destruction,52,30,22
28971,Ërîkå,ravencrest,1785,warlock,destruction,99,59,40
28972,Knoxwhite,stormscale,1781,warlock,destruction,42,28,14
28973,Orgebixx,blackmoore,1781,warlock,destruction,42,26,16
28974,Kikeri,blackhand,1775,warlock,destruction,42,26,16
28975,Якурюимнепох,gordunni,1775,warlock,destruction,95,52,43
28976,Diablist,kazzak,1775,warlock,destruction,118,64,54
28977,Noobgg,kazzak,1773,warlock,destruction,48,30,18
28978,Tajit,eredar,1773,warlock,destruction,66,32,34
28979,Crse,antonidas,1772,warlock,destruction,79,52,27
28980,Incesticide,ragnaros,1772,warlock,destruction,54,32,22
28981,Coilxo,ravencrest,1769,warlock,destruction,46,32,14
28982,Demoner,tarren-mill,1769,warlock,destruction,156,90,66
28983,Motcha,kazzak,1769,warlock,destruction,36,20,16
28984,Sluba,stormscale,1767,warlock,destruction,80,42,38
28985,Habdruck,blackmoore,1764,warlock,destruction,68,48,20
28986,Демоник,deathguard,1763,warlock,destruction,42,24,18
28987,Olympïe,archimonde,1761,warlock,destruction,52,35,17
28988,Ниезвестнно,soulflayer,1761,warlock,destruction,41,22,19
28989,Tuskawl,stormreaver,1760,warlock,destruction,30,19,11
28990,Бжк,gordunni,1759,warlock,destruction,144,77,67
28991,Zila,sylvanas,1759,warlock,destruction,47,24,23
28992,Khoug,blackmoore,1758,warlock,destruction,48,26,22
28993,Sad,lightnings-blade,1757,warlock,destruction,42,25,17
28994,Alxor,archimonde,1757,warlock,destruction,66,36,30
28995,Vmorghuliss,sanguino,1757,warlock,destruction,84,38,46
28996,Sehk,stormreaver,1755,warlock,destruction,30,26,4
28997,Likeqtz,thrall,1755,warlock,destruction,38,23,15
28998,Mønarch,argent-dawn,1755,warlock,destruction,67,40,27
28999,Boltilicious,kazzak,1754,warlock,destruction,42,26,16
29000,Debbskidjur,tarren-mill,1754,warlock,destruction,49,28,21
29001,Holiax,archimonde,1754,warlock,destruction,36,19,17
29002,Jegfaller,wildhammer,1754,warlock,destruction,206,105,101
29003,Abbzey,tarren-mill,1750,warlock,destruction,72,38,34
29004,Хирацука,howling-fjord,1749,warlock,destruction,45,31,14
29005,Mércé,stormscale,1748,warlock,destruction,30,22,8
29006,Wewondak,drakthul,1747,warlock,destruction,103,62,41
29007,Büm,kazzak,1746,warlock,destruction,54,28,26
29008,Bianchii,stormscale,1743,warlock,destruction,27,20,7
29009,Fearfearfear,archimonde,1743,warlock,destruction,84,41,43
29010,Ícekíss,hyjal,1742,warlock,destruction,30,21,9
29011,Nybbx,frostmane,1742,warlock,destruction,159,80,79
29012,Limity,nozdormu,1739,warlock,destruction,78,45,33
29013,Ванадий,soulflayer,1739,warlock,destruction,47,23,24
29014,Wintheirl,argent-dawn,1737,warlock,destruction,112,61,51
29015,Сумракз,soulflayer,1736,warlock,destruction,36,19,17
29016,Взорг,soulflayer,1736,warlock,destruction,60,30,30
29017,Dotalike,kazzak,1734,warlock,destruction,42,22,20
29018,Davyjonessx,twisting-nether,1734,warlock,destruction,68,27,41
29019,Десло,thermaplugg,1731,warlock,destruction,42,25,17
29020,Marador,drakthul,1730,warlock,destruction,42,23,19
29021,Upsahl,twisting-nether,1729,warlock,destruction,110,61,49
29022,Èlton,tarren-mill,1729,warlock,destruction,96,53,43
29023,Çamille,ulduar,1729,warlock,destruction,57,31,26
29024,Forcas,archimonde,1728,warlock,destruction,72,46,26
29025,Varaxxis,twisting-nether,1728,warlock,destruction,48,26,22
29026,Isodjdojk,ravencrest,1727,warlock,destruction,24,22,2
29027,Ôlo,rajaxx,1726,warlock,destruction,42,25,17
29028,Sharhý,kazzak,1725,warlock,destruction,28,19,9
29029,Ceu,tarren-mill,1725,warlock,destruction,51,30,21
29030,Айхопъюдай,blackscar,1724,warlock,destruction,30,18,12
29031,Deadlyrust,ragnaros,1724,warlock,destruction,42,22,20
29032,Olsel,draenor,1723,warlock,destruction,35,24,11
29033,Senkai,kelthuzad,1723,warlock,destruction,36,24,12
29034,Fluugew,tarren-mill,1723,warlock,destruction,48,24,24
29035,Fiddyp,kazzak,1722,warlock,destruction,36,22,14
29036,Garlan,dun-modr,1722,warlock,destruction,160,81,79
29037,Killerbolt,blackmoore,1720,warlock,destruction,42,28,14
29038,Raverboyy,blackrock,1720,warlock,destruction,42,23,19
29039,Silmerion,twilights-hammer,1719,warlock,destruction,54,32,22
29040,Gjallarbrù,archimonde,1717,warlock,destruction,33,22,11
29041,Worgonzolâ,madmortem,1717,warlock,destruction,143,91,52
29042,Feardotbye,stormscale,1717,warlock,destruction,33,20,13
29043,Öbsury,hyjal,1715,warlock,destruction,43,23,20
29044,Reidonk,blackrock,1713,warlock,destruction,30,18,12
29045,Ilovebronko,blackrock,1712,warlock,destruction,95,51,44
29046,Ràzek,kazzak,1712,warlock,destruction,77,38,39
29047,Soundmagic,silvermoon,1711,warlock,destruction,36,22,14
29048,Koldarr,blackmoore,1711,warlock,destruction,64,38,26
29049,Dualla,aegwynn,1710,warlock,destruction,78,43,35
29050,Depressor,ragnaros,1709,warlock,destruction,42,23,19
29051,Boumbye,ysondre,1707,warlock,destruction,38,23,15
29052,Plâytïmè,stormscale,1706,warlock,destruction,54,25,29
29053,Sneptics,draenor,1704,warlock,destruction,121,75,46
29054,Исверон,howling-fjord,1704,warlock,destruction,30,18,12
29055,Cencible,twisting-nether,1704,warlock,destruction,78,44,34
29056,Nineinchlock,silvermoon,1704,warlock,destruction,42,18,24
29057,Omegazero,zuluhed,1701,warlock,destruction,36,18,18
29058,Spõk,ysondre,1700,warlock,destruction,137,80,57
29059,Kerway,outland,1700,warlock,destruction,54,29,25
29060,Tîllz,kargath,1698,warlock,destruction,24,22,2
29061,Twiseqtt,stormscale,1697,warlock,destruction,30,18,12
29062,Xfz,stormscale,1697,warlock,destruction,36,20,16
29063,Amited,drakthul,1696,warlock,destruction,48,29,19
29064,Exitlock,thrall,1696,warlock,destruction,36,21,15
29065,Delumia,tarren-mill,1696,warlock,destruction,84,46,38
29066,Helldoom,drakthul,1696,warlock,destruction,69,31,38
29067,Hellguards,silvermoon,1695,warlock,destruction,60,30,30
29068,Fløkee,blackmoore,1694,warlock,destruction,30,18,12
29069,Zilalol,sylvanas,1692,warlock,destruction,36,23,13
29070,Sargus,drakthul,1692,warlock,destruction,68,35,33
29071,Таксидермия,gordunni,1691,warlock,destruction,49,29,20
29072,Isata,ravencrest,1690,warlock,destruction,84,52,32
29073,Väladar,sanguino,1690,warlock,destruction,47,23,24
29074,Rivmuu,argent-dawn,1689,warlock,destruction,82,50,32
29075,Elyö,dalaran,1687,warlock,destruction,137,63,74
29076,Инфезиус,deathweaver,1686,warlock,destruction,30,18,12
29077,Véstheim,saurfang,1685,warlock,destruction,48,29,19
29078,Fredé,kazzak,1684,warlock,destruction,47,24,23
29079,Nherthul,sanguino,1682,warlock,destruction,156,83,73
29080,Røiheenøk,archimonde,1680,warlock,destruction,114,54,60
29081,Morcey,sylvanas,1678,warlock,destruction,29,21,8
29082,Whiteðevil,draenor,1677,warlock,destruction,36,21,15
29083,Acidmvp,ravencrest,1676,warlock,destruction,72,38,34
29084,Шедон,soulflayer,1675,warlock,destruction,30,22,8
29085,Deezbolts,kazzak,1675,warlock,destruction,36,22,14
29086,Spectarlock,tarren-mill,1675,warlock,destruction,36,18,18
29087,Xuthil,korgall,1674,warlock,destruction,60,33,27
29088,Opiumers,kazzak,1674,warlock,destruction,59,31,28
29089,Wåfa,kazzak,1673,warlock,destruction,24,18,6
29090,Ignittes,ragnaros,1671,warlock,destruction,36,26,10
29091,Boomsparkle,blackrock,1671,warlock,destruction,36,23,13
29092,Zloezlo,ravencrest,1670,warlock,destruction,96,54,42
29093,Колодун,gordunni,1669,warlock,destruction,36,20,16
29094,Yukokotier,archimonde,1667,warlock,destruction,102,56,46
29095,Malame,hyjal,1666,warlock,destruction,48,28,20
29096,Shadock,scarshield-legion,1664,warlock,destruction,30,20,10
29097,Wilog,silvermoon,1664,warlock,destruction,33,21,12
29098,Rêctûmsêêkêr,ravencrest,1664,warlock,destruction,36,19,17
29099,Dotshok,aegwynn,1664,warlock,destruction,42,22,20
29100,Aajora,malganis,1662,warlock,destruction,84,53,31
29101,Ghachi,draenor,1662,warlock,destruction,48,23,25
29102,Хастла,ashenvale,1661,warlock,destruction,42,23,19
29103,Беллулар,howling-fjord,1660,warlock,destruction,36,22,14
29104,Zelieknight,ysondre,1660,warlock,destruction,42,25,17
29105,Titimon,tarren-mill,1660,warlock,destruction,58,29,29
29106,Síggýy,eredar,1659,warlock,destruction,41,21,20
29107,Áutísm,silvermoon,1658,warlock,destruction,90,50,40
29108,Chaozvx,kazzak,1656,warlock,destruction,71,41,30
29109,Shádóws,nagrand,1656,warlock,destruction,67,38,29
29110,Brútality,nethersturm,1655,warlock,destruction,60,25,35
29111,Rustos,ravencrest,1654,warlock,destruction,36,21,15
29112,Mallevs,outland,1654,warlock,destruction,72,40,32
29113,Magonyth,tarren-mill,1652,warlock,destruction,31,22,9
29114,Warlockery,argent-dawn,1652,warlock,destruction,36,22,14
29115,Despayr,tarren-mill,1652,warlock,destruction,48,24,24
29116,Koffey,twisting-nether,1650,warlock,destruction,36,25,11
29117,Kaspersdame,ravencrest,1650,warlock,destruction,47,24,23
29118,Profesorr,defias-brotherhood,1650,warlock,destruction,42,21,21
29119,Psýcholoc,kazzak,1648,warlock,destruction,38,25,13
29120,Jawdrop,blackrock,1648,warlock,destruction,51,31,20
29121,Quarimathras,antonidas,1648,warlock,destruction,54,28,26
29122,Ltheory,aegwynn,1647,warlock,destruction,54,32,22
29123,Nøl,sargeras,1645,warlock,destruction,339,172,167
29124,Danidelarge,aegwynn,1645,warlock,destruction,58,29,29
29125,Lugnalennart,tarren-mill,1644,warlock,destruction,78,42,36
29126,Bonemetz,blackmoore,1643,warlock,destruction,83,47,36
29127,Dotsyoudown,kelthuzad,1642,warlock,destruction,55,34,21
29128,Sleethy,destromath,1642,warlock,destruction,36,20,16
29129,Skyamino,hyjal,1641,warlock,destruction,42,27,15
29130,Banishedone,stormreaver,1641,warlock,destruction,86,50,36
29131,Shérlock,ravencrest,1640,warlock,destruction,42,22,20
29132,Boltonez,outland,1638,warlock,destruction,60,27,33
29133,Mihø,hyjal,1637,warlock,destruction,78,42,36
29134,Skillførçé,kazzak,1631,warlock,destruction,24,20,4
29135,Kasualdot,stormscale,1629,warlock,destruction,24,17,7
29136,Telodotto,nemesis,1629,warlock,destruction,30,17,13
29137,Fsandtwo,ravencrest,1628,warlock,destruction,30,21,9
29138,Raxan,stormscale,1628,warlock,destruction,29,19,10
29139,Порртвейн,howling-fjord,1628,warlock,destruction,29,18,11
29140,Litox,twisting-nether,1627,warlock,destruction,63,32,31
29141,Rakshazza,eredar,1626,warlock,destruction,54,31,23
29142,Superlocken,ragnaros,1626,warlock,destruction,30,17,13
29143,Verson,silvermoon,1626,warlock,destruction,54,27,27
29144,Соикулейн,gordunni,1625,warlock,destruction,29,23,6
29145,Vultzbolt,draenor,1625,warlock,destruction,78,45,33
29146,Dótstuff,draenor,1625,warlock,destruction,30,17,13
29147,Tôpsecret,aegwynn,1624,warlock,destruction,24,20,4
29148,Fatburner,draenor,1624,warlock,destruction,30,21,9
29149,Shugglock,draenor,1624,warlock,destruction,36,20,16
29150,Armellixd,dun-modr,1624,warlock,destruction,42,20,22
29151,Ketamol,ravencrest,1622,warlock,destruction,52,30,22
29152,Isata,blackhand,1622,warlock,destruction,36,20,16
29153,Kasztyk,grim-batol,1621,warlock,destruction,47,27,20
29154,Essealaes,stormscale,1621,warlock,destruction,35,18,17
29155,Idfearthat,ragnaros,1620,warlock,destruction,42,26,16
29156,Kìmar,amanthul,1620,warlock,destruction,78,42,36
29157,Beåtrìce,archimonde,1620,warlock,destruction,57,28,29
29158,Шеизла,borean-tundra,1619,warlock,destruction,48,32,16
29159,Reeween,argent-dawn,1619,warlock,destruction,30,18,12
29160,Evylock,draenor,1619,warlock,destruction,30,17,13
29161,Willthehoe,alonsus,1618,warlock,destruction,29,18,11
29162,Saloninus,argent-dawn,1618,warlock,destruction,48,27,21
29163,Destinyz,dun-modr,1617,warlock,destruction,30,22,8
29164,Marti,blackrock,1617,warlock,destruction,36,22,14
29165,Gis,laughing-skull,1616,warlock,destruction,30,17,13
29166,Nerfbolts,archimonde,1615,warlock,destruction,24,17,7
29167,Laciewaifu,silvermoon,1615,warlock,destruction,36,20,16
29168,Biest,drakthul,1615,warlock,destruction,36,17,19
29169,Neirah,stormscale,1614,warlock,destruction,41,22,19
29170,Jisera,kiljaeden,1614,warlock,destruction,36,17,19
29171,Proßlock,kazzak,1613,warlock,destruction,60,29,31
29172,Ðemonsoul,stormscale,1613,warlock,destruction,156,73,83
29173,Gogonash,ravencrest,1613,warlock,destruction,42,17,25
29174,Artys,tarren-mill,1612,warlock,destruction,24,17,7
29175,Nijva,silvermoon,1612,warlock,destruction,48,22,26
29176,Meatbot,tarren-mill,1609,warlock,destruction,46,31,15
29177,Quickccast,draenor,1609,warlock,destruction,91,55,36
29178,Lockyswag,draenor,1609,warlock,destruction,66,37,29
29179,Badguldan,blackmoore,1609,warlock,destruction,39,20,19
29180,Skrabblel,tarren-mill,1609,warlock,destruction,36,18,18
29181,Ryssäbotti,stormscale,1608,warlock,destruction,31,23,8
29182,Purexlock,dragonblight,1608,warlock,destruction,30,19,11
29183,Esmuel,argent-dawn,1608,warlock,destruction,71,43,28
29184,Kognah,defias-brotherhood,1606,warlock,destruction,30,21,9
29185,Zoradiale,twisting-nether,1606,warlock,destruction,36,24,12
29186,Ðêmøñîc,ravencrest,1606,warlock,destruction,30,17,13
29187,Ðîâblô,silvermoon,1606,warlock,destruction,41,22,19
29188,Lockukaracha,malganis,1605,warlock,destruction,27,22,5
29189,Zeinth,sanguino,1603,warlock,destruction,36,23,13
29190,Nitmoredots,dun-modr,1603,warlock,destruction,36,20,16
29191,Dreamnyâsha,tarren-mill,1603,warlock,destruction,42,19,23
29192,Imbalockzwei,aegwynn,1602,warlock,destruction,24,17,7
29193,Xtleonidas,uldum,1602,warlock,destruction,78,41,37
29194,Flawzo,blackmoore,1601,warlock,destruction,30,19,11
29195,Skrikipanik,kazzak,1601,warlock,destruction,36,21,15
29196,Sirmic,hyjal,1601,warlock,destruction,72,37,35
29197,Dastey,stormscale,1601,warlock,destruction,36,18,18
29198,Моргоника,howling-fjord,1601,warlock,destruction,60,27,33
29199,Kenthal,nemesis,1599,warlock,destruction,57,28,29
29200,Funcky,terokkar,1599,warlock,destruction,36,17,19
29201,Bolt,stormscale,1598,warlock,destruction,52,35,17
29202,Schøkøbasher,blackrock,1596,warlock,destruction,36,20,16
29203,Napoloen,kazzak,1596,warlock,destruction,36,19,17
29204,Edrahil,lordaeron,1595,warlock,destruction,60,33,27
29205,Mizxxta,zuljin,1593,warlock,destruction,29,19,10
29206,Sickening,twilights-hammer,1589,warlock,destruction,49,35,14
29207,Fatbëlly,argent-dawn,1587,warlock,destruction,60,31,29
29208,Ajgreedyy,grim-batol,1586,warlock,destruction,30,18,12
29209,Réxz,ravencrest,1586,warlock,destruction,72,36,36
29210,Dödkärringx,auchindoun,1585,warlock,destruction,30,19,11
29211,Kenachaos,twisting-nether,1585,warlock,destruction,89,47,42
29212,Kenjix,blackrock,1584,warlock,destruction,54,23,31
29213,Døtàndrun,archimonde,1582,warlock,destruction,30,17,13
29214,Plamena,neptulon,1579,warlock,destruction,37,26,11
29215,Spykoosi,stormscale,1578,warlock,destruction,30,18,12
29216,Watchdots,blackrock,1578,warlock,destruction,36,19,17
29217,Belastiz,blackmoore,1577,warlock,destruction,30,20,10
29218,Ludé,eredar,1577,warlock,destruction,66,32,34
29219,Htaedfo,tarren-mill,1576,warlock,destruction,102,45,57
29220,Mariahscary,auchindoun,1575,warlock,destruction,36,21,15
29221,Fearlessgødx,ravencrest,1575,warlock,destruction,76,37,39
29222,Xârtôr,blackrock,1574,warlock,destruction,135,79,56
29223,Pprwl,tarren-mill,1573,warlock,destruction,78,44,34
29224,Ánárchy,stormscale,1572,warlock,destruction,42,22,20
29225,Dsï,outland,1572,warlock,destruction,35,18,17
29226,Spoíl,tarren-mill,1571,warlock,destruction,48,27,21
29227,Noahh,kazzak,1567,warlock,destruction,101,60,41
29228,Daubi,ravencrest,1566,warlock,destruction,30,18,12
29229,Gimlidota,tarren-mill,1565,warlock,destruction,59,35,24
29230,Kerthan,malorne,1563,warlock,destruction,42,29,13
29231,Импака,howling-fjord,1562,warlock,destruction,100,55,45
29232,Zarastro,sunstrider,1562,warlock,destruction,75,37,38
29233,Нгага,howling-fjord,1558,warlock,destruction,64,35,29
29234,Rackare,darksorrow,1556,warlock,destruction,27,19,8
29235,Britneyfears,burning-legion,1556,warlock,destruction,36,18,18
29236,Thebigsuck,tarren-mill,1555,warlock,destruction,40,22,18
29237,Aloof,outland,1555,warlock,destruction,169,88,81
29238,Balgo,blackmoore,1554,warlock,destruction,48,29,19
29239,Shutupkid,ravencrest,1551,warlock,destruction,30,17,13
29240,Päwzy,kazzak,1550,warlock,destruction,48,25,23
29241,Белвет,blackscar,1550,warlock,destruction,51,25,26
29242,Nekros,archimonde,1549,warlock,destruction,42,25,17
29243,Unrealia,hyjal,1549,warlock,destruction,66,38,28
29244,Dzey,drakthul,1546,warlock,destruction,63,35,28
29245,Trainindummy,ravencrest,1544,warlock,destruction,35,27,8
29246,Jinxme,tarren-mill,1544,warlock,destruction,53,30,23
29247,Chaøs,thrall,1543,warlock,destruction,24,19,5
29248,Yoplen,drakthul,1540,warlock,destruction,60,35,25
29249,Lysanruth,la-croisade-écarlate,1537,warlock,destruction,60,28,32
29250,Pipêz,blackmoore,1536,warlock,destruction,71,45,26
29251,Героуд,howling-fjord,1536,warlock,destruction,58,35,23
29252,Hongkonger,kazzak,1536,warlock,destruction,166,86,80
29253,Rawsauce,outland,1535,warlock,destruction,18,16,2
29254,Faermorn,kazzak,1535,warlock,destruction,24,16,8
29255,Nkwango,blackmoore,1535,warlock,destruction,24,16,8
29256,Syviwl,outland,1535,warlock,destruction,24,16,8
29257,Nebulus,lightnings-blade,1535,warlock,destruction,56,30,26
29258,Gishor,burning-legion,1534,warlock,destruction,18,16,2
29259,Fatkkroth,ravencrest,1534,warlock,destruction,37,23,14
29260,Zoh,archimonde,1534,warlock,destruction,51,26,25
29261,Óop,outland,1533,warlock,destruction,36,17,19
29262,Zamahell,marécage-de-zangar,1532,warlock,destruction,24,17,7
29263,Höfmänn,kazzak,1532,warlock,destruction,49,32,17
29264,Osîrîs,aegwynn,1532,warlock,destruction,30,16,14
29265,Debz,twisting-nether,1531,warlock,destruction,25,16,9
29266,Notben,outland,1529,warlock,destruction,18,16,2
29267,Felcollíns,ravencrest,1529,warlock,destruction,24,16,8
29268,Aoea,draenor,1529,warlock,destruction,24,16,8
29269,Nospamcliqu,ysondre,1527,warlock,destruction,30,16,14
29270,Murdee,kazzak,1526,warlock,destruction,42,16,26
29271,Shaterz,dun-modr,1524,warlock,destruction,18,16,2
29272,Critchlock,tarren-mill,1524,warlock,destruction,29,17,12
29273,Егосяхаос,soulflayer,1524,warlock,destruction,36,19,17
29274,Garbageclass,outland,1523,warlock,destruction,30,16,14
29275,Slf,the-maelstrom,1523,warlock,destruction,42,16,26
29276,Naemys,archimonde,1522,warlock,destruction,45,31,14
29277,Azthral,nemesis,1522,warlock,destruction,187,92,95
29278,Sadixxqt,ravencrest,1521,warlock,destruction,24,16,8
29279,Bisacodyl,outland,1521,warlock,destruction,101,53,48
29280,Malinki,silvermoon,1521,warlock,destruction,42,20,22
29281,Bazoo,nathrezim,1520,warlock,destruction,84,39,45
29282,Salazaros,die-silberne-hand,1517,warlock,destruction,60,33,27
29283,Veracruza,draenor,1516,warlock,destruction,89,45,44
29284,Lottopallo,arathor,1514,warlock,destruction,24,16,8
29285,Necrobtch,quelthalas,1513,warlock,destruction,24,16,8
29286,Грань,ashenvale,1513,warlock,destruction,153,83,70
29287,Usianbølts,blackmoore,1513,warlock,destruction,30,16,14
29288,Славеномен,howling-fjord,1513,warlock,destruction,131,66,65
29289,Колдунишка,fordragon,1512,warlock,destruction,105,56,49
29290,Deathscréam,burning-legion,1508,warlock,destruction,78,38,40
29291,Darcîa,destromath,1507,warlock,destruction,30,19,11
29292,Atraped,zuljin,1507,warlock,destruction,84,45,39
29293,Kasuni,sanguino,1507,warlock,destruction,72,30,42
29294,Сайзэр,soulflayer,1502,warlock,destruction,39,20,19
29295,Tzeeñtch,tarren-mill,1501,warlock,destruction,65,31,34
29296,Stromzii,silvermoon,1500,warlock,destruction,96,43,53
29297,Zeddy,draenor,1499,warlock,destruction,102,59,43
29298,Horsewarlock,stormscale,1499,warlock,destruction,47,21,26
29299,Interceptêr,blackrock,1496,warlock,destruction,36,18,18
29300,Warlocat,the-maelstrom,1493,warlock,destruction,72,34,38
29301,Чернокнжник,soulflayer,1491,warlock,destruction,36,19,17
29302,Voidislife,alakir,1491,warlock,destruction,158,83,75
29303,Brokengodx,dun-modr,1489,warlock,destruction,30,16,14
29304,Voltadol,dun-modr,1489,warlock,destruction,84,43,41
29305,Fiveyearque,sylvanas,1489,warlock,destruction,36,16,20
29306,Kamí,sanguino,1487,warlock,destruction,53,24,29
29307,Спаводах,soulflayer,1486,warlock,destruction,23,16,7
29308,Variu,blackhand,1486,warlock,destruction,106,61,45
29309,Зеленаямразь,soulflayer,1486,warlock,destruction,33,16,17
29310,Juïcylucy,kazzak,1484,warlock,destruction,34,21,13
29311,Cørleen,eredar,1480,warlock,destruction,58,22,36
29312,Czx,twisting-nether,1479,warlock,destruction,36,22,14
29313,Datendariza,kazzak,1478,warlock,destruction,86,45,41
29314,Иванфаков,soulflayer,1475,warlock,destruction,29,17,12
29315,Exorbïtant,blackrock,1474,warlock,destruction,45,22,23
29316,Дэнаа,fordragon,1472,warlock,destruction,83,37,46
29317,Samyoung,kazzak,1470,warlock,destruction,60,35,25
29318,Маларгас,soulflayer,1470,warlock,destruction,66,37,29
29319,Бомбшелл,soulflayer,1469,warlock,destruction,38,17,21
29320,Kïng,elune,1467,warlock,destruction,54,27,27
29321,Blackiouz,stormscale,1467,warlock,destruction,54,21,33
29322,Мицуру,howling-fjord,1466,warlock,destruction,58,33,25
29323,Ignorantduck,sunstrider,1466,warlock,destruction,45,23,22
29324,Magicstick,eredar,1466,warlock,destruction,54,24,30
29325,Jaimê,thrall,1464,warlock,destruction,65,35,30
29326,Peardrax,draenor,1464,warlock,destruction,47,25,22
29327,Holaw,tarren-mill,1464,warlock,destruction,84,41,43
29328,Алхун,razuvious,1463,warlock,destruction,30,17,13
29329,Chaosprophet,argent-dawn,1459,warlock,destruction,32,18,14
29330,Slëydark,sanguino,1456,warlock,destruction,26,16,10
29331,Aleê,twisting-nether,1454,warlock,destruction,47,23,24
29332,Shaxlock,draenor,1451,warlock,destruction,76,40,36
29333,Wicherson,burning-legion,1451,warlock,destruction,37,18,19
29334,Lockybàlboa,tarren-mill,1443,warlock,destruction,36,22,14
29335,Stürmer,thrall,1443,warlock,destruction,42,23,19
29336,Robertóoo,burning-legion,1442,warlock,destruction,29,16,13
29337,Tóuché,aegwynn,1442,warlock,destruction,54,24,30
29338,Nèrfxløl,ragnaros,1441,warlock,destruction,24,19,5
29339,Trickyy,azjolnerub,1440,warlock,destruction,30,20,10
29340,Артисона,gordunni,1439,warlock,destruction,24,15,9
29341,Chromosomex,dentarg,1438,warlock,destruction,18,15,3
29342,Fyxs,talnivarr,1438,warlock,destruction,18,15,3
29343,Vicktorious,stormscale,1438,warlock,destruction,66,37,29
29344,Nádjá,ravencrest,1437,warlock,destruction,24,15,9
29345,Thugsupreme,ravencrest,1437,warlock,destruction,78,41,37
29346,Nqa,outland,1437,warlock,destruction,30,15,15
29347,Sznyes,ragnaros,1435,warlock,destruction,24,15,9
29348,Wester,blackmoore,1435,warlock,destruction,30,15,15
29349,Nimbin,taerar,1434,warlock,destruction,71,38,33
29350,Noxsix,gorgonnash,1433,warlock,destruction,54,28,26
29351,Vulluin,blackrock,1433,warlock,destruction,30,15,15
29352,Calli,blackrock,1432,warlock,destruction,22,16,6
29353,Nedivh,stormscale,1432,warlock,destruction,35,17,18
29354,Trîppîn,blackrock,1431,warlock,destruction,24,15,9
29355,Slavecry,silvermoon,1430,warlock,destruction,24,15,9
29356,Kalaslars,draenor,1429,warlock,destruction,30,15,15
29357,Kwoh,saurfang,1429,warlock,destruction,30,15,15
29358,Nerzhull,stormscale,1427,warlock,destruction,115,55,60
29359,Lewdrumpslap,kazzak,1425,warlock,destruction,48,31,17
29360,Shufflous,ghostlands,1424,warlock,destruction,28,16,12
29361,Asmonmald,stormscale,1424,warlock,destruction,70,36,34
29362,Sesoumaru,azshara,1424,warlock,destruction,42,16,26
29363,Ablas,bladefist,1421,warlock,destruction,118,53,65
29364,Demonkïng,archimonde,1420,warlock,destruction,60,32,28
29365,Иренхх,gordunni,1420,warlock,destruction,30,15,15
29366,Moelock,frostmane,1418,warlock,destruction,41,20,21
29367,Islazoldyck,draenor,1418,warlock,destruction,60,26,34
29368,Dreadnogg,tarren-mill,1416,warlock,destruction,58,29,29
29369,Waandi,ravencrest,1415,warlock,destruction,30,18,12
29370,Birimbau,outland,1414,warlock,destruction,55,25,30
29371,Frilante,terokkar,1410,warlock,destruction,33,24,9
29372,Barro,das-syndikat,1410,warlock,destruction,32,17,15
29373,Бирел,soulflayer,1409,warlock,destruction,24,15,9
29374,Azzoaa,defias-brotherhood,1409,warlock,destruction,48,23,25
29375,Babáyàgá,blackhand,1407,warlock,destruction,24,20,4
29376,Falel,das-konsortium,1406,warlock,destruction,18,15,3
29377,Sylvxgodx,kazzak,1406,warlock,destruction,30,19,11
29378,Kumas,hyjal,1406,warlock,destruction,30,16,14
29379,Zlohell,drakthul,1405,warlock,destruction,48,30,18
29380,Nosoulnoprob,sylvanas,1405,warlock,destruction,30,16,14
29381,Snackstickz,twisting-nether,1405,warlock,destruction,36,17,19
29382,Obrusik,burning-legion,1405,warlock,destruction,34,15,19
29383,Uneedtherapy,silvermoon,1404,warlock,destruction,24,15,9
29384,Enydible,frostmane,1403,warlock,destruction,24,15,9
29385,Diablotiin,hyjal,1401,warlock,destruction,127,64,63
29386,Гупперлок,howling-fjord,1400,warlock,destruction,48,21,27
29387,Хауда,gordunni,1396,warlock,destruction,23,15,8
29388,Jumbodot,tarren-mill,1396,warlock,destruction,36,16,20
29389,Делегент,deathguard,1396,warlock,destruction,60,26,34
29390,Faro,trollbane,1396,warlock,destruction,80,33,47
29391,Dobonard,sylvanas,1395,warlock,destruction,38,19,19
29392,Çhãøsførÿã,blackmoore,1392,warlock,destruction,90,43,47
29393,Zollon,norgannon,1389,warlock,destruction,23,17,6
29394,Zivalelia,silvermoon,1389,warlock,destruction,102,49,53
29395,Lynchian,draenor,1387,warlock,destruction,49,26,23
29396,Acrion,blackrock,1385,warlock,destruction,33,16,17
29397,Natsume,ragnaros,1383,warlock,destruction,36,17,19
29398,Dexterr,sylvanas,1382,warlock,destruction,74,40,34
29399,Veoxohr,argent-dawn,1381,warlock,destruction,69,43,26
29400,Blackwizard,theradras,1379,warlock,destruction,33,17,16
29401,Kosfáce,tarren-mill,1377,warlock,destruction,77,35,42
29402,Evaksiá,draenor,1376,warlock,destruction,42,19,23
29403,Beepbepp,grim-batol,1374,warlock,destruction,25,17,8
29404,Baz,frostmane,1374,warlock,destruction,48,22,26
29405,Nibblez,shadowsong,1370,warlock,destruction,46,25,21
29406,Pookabee,ravencrest,1369,warlock,destruction,36,19,17
29407,Sidragasoss,drakthul,1369,warlock,destruction,30,15,15
29408,Qaripidia,ravencrest,1368,warlock,destruction,28,15,13
29409,Kospar,dun-morogh,1363,warlock,destruction,48,26,22
29410,Vakgu,blackmoore,1362,warlock,destruction,41,25,16
29411,Strikeførce,ravencrest,1361,warlock,destruction,23,15,8
29412,Somanydots,twisting-nether,1361,warlock,destruction,54,28,26
29413,Gricorby,drakthul,1360,warlock,destruction,23,16,7
29414,Lockedaway,ravencrest,1359,warlock,destruction,42,22,20
29415,Сатенекс,soulflayer,1358,warlock,destruction,47,28,19
29416,Demoz,sanguino,1354,warlock,destruction,70,40,30
29417,Запрещаю,galakrond,1353,warlock,destruction,36,19,17
29418,Valcan,ragnaros,1350,warlock,destruction,61,32,29
29419,Sublînê,blackmoore,1348,warlock,destruction,70,41,29
29420,Wedlock,stormscale,1345,warlock,destruction,42,23,19
29421,Üserper,chamber-of-aspects,1345,warlock,destruction,107,49,58
29422,Èmøgøðqt,ravencrest,1344,warlock,destruction,24,14,10
29423,Боуманн,howling-fjord,1344,warlock,destruction,24,14,10
29424,Dotloca,draenor,1344,warlock,destruction,30,15,15
29425,Anthraxus,argent-dawn,1343,warlock,destruction,24,14,10
29426,Äåäåäåäåäåäå,ravencrest,1343,warlock,destruction,24,14,10
29427,Divvaa,tarren-mill,1343,warlock,destruction,89,44,45
29428,Setyouinfear,ravencrest,1343,warlock,destruction,30,14,16
29429,Anabolicbaby,draenor,1342,warlock,destruction,18,14,4
29430,Инсинирейтх,gordunni,1342,warlock,destruction,18,14,4
29431,Cigänä,archimonde,1342,warlock,destruction,24,14,10
29432,Lockróck,silvermoon,1341,warlock,destruction,18,14,4
29433,Pommeslock,blackmoore,1341,warlock,destruction,30,15,15
29434,Vøid,hellscream,1341,warlock,destruction,30,14,16
29435,Alphå,blackmoore,1340,warlock,destruction,18,14,4
29436,Dìablò,sylvanas,1339,warlock,destruction,36,24,12
29437,Dimmybyrger,stormreaver,1339,warlock,destruction,30,14,16
29438,Xiraq,nathrezim,1339,warlock,destruction,30,14,16
29439,Ryurans,cthun,1338,warlock,destruction,98,49,49
29440,Zetsubo,drakthul,1337,warlock,destruction,28,15,13
29441,Кварий,howling-fjord,1337,warlock,destruction,36,14,22
29442,Zekarat,blackrock,1336,warlock,destruction,24,14,10
29443,Onetwobolt,archimonde,1336,warlock,destruction,54,23,31
29444,Sinsemilla,turalyon,1335,warlock,destruction,41,22,19
29445,Anomen,sanguino,1334,warlock,destruction,30,14,16
29446,Satanizm,silvermoon,1334,warlock,destruction,48,20,28
29447,Ínsidióus,tarren-mill,1329,warlock,destruction,24,14,10
29448,Turbonion,archimonde,1328,warlock,destruction,24,14,10
29449,Äsmødée,dalaran,1328,warlock,destruction,54,31,23
29450,Fêars,blackrock,1328,warlock,destruction,56,32,24
29451,Nàughty,ragnaros,1328,warlock,destruction,67,28,39
29452,Benzakenta,sylvanas,1327,warlock,destruction,24,14,10
29453,Tsumde,dalaran,1326,warlock,destruction,44,24,20
29454,Symbiosis,kazzak,1325,warlock,destruction,30,17,13
29455,Soulgünter,blackmoore,1317,warlock,destruction,34,23,11
29456,Tuz,blackrock,1316,warlock,destruction,90,40,50
29457,Blackjackk,tarren-mill,1315,warlock,destruction,66,26,40
29458,Mazaear,stormscale,1314,warlock,destruction,28,15,13
29459,Ghostfiend,tarren-mill,1313,warlock,destruction,21,15,6
29460,Chram,uldum,1311,warlock,destruction,53,33,20
29461,Chaoxz,outland,1311,warlock,destruction,36,19,17
29462,Nerokin,blackrock,1310,warlock,destruction,42,31,11
29463,Lolock,archimonde,1310,warlock,destruction,26,15,11
29464,Starlok,nemesis,1309,warlock,destruction,23,14,9
29465,Rotinhell,kazzak,1309,warlock,destruction,123,57,66
29466,Chroll,nerathor,1307,warlock,destruction,28,19,9
29467,Cráxx,onyxia,1304,warlock,destruction,50,22,28
29468,Unkash,zuljin,1302,warlock,destruction,47,26,21
29469,Lodem,darksorrow,1298,warlock,destruction,36,15,21
29470,Kaedinx,twisting-nether,1297,warlock,destruction,187,91,96
29471,Skruios,anetheron,1290,warlock,destruction,34,16,18
29472,Azrail,anubarak,1290,warlock,destruction,66,31,35
29473,Sorxez,thrall,1287,warlock,destruction,42,19,23
29474,Märtas,burning-blade,1283,warlock,destruction,35,14,21
29475,Manhart,burning-legion,1281,warlock,destruction,28,15,13
29476,Vegetita,stormscale,1280,warlock,destruction,97,50,47
29477,Pensiblesie,runetotem,1280,warlock,destruction,209,101,108
29478,Sylrathas,burning-legion,1279,warlock,destruction,75,41,34
29479,Docik,kazzak,1279,warlock,destruction,31,15,16
29480,Southylol,stormscale,1278,warlock,destruction,17,14,3
29481,Aspass,kazzak,1278,warlock,destruction,29,14,15
29482,Nopower,dun-morogh,1277,warlock,destruction,35,20,15
29483,Ocaya,kazzak,1275,warlock,destruction,30,16,14
29484,Asmodaî,anubarak,1271,warlock,destruction,26,15,11
29485,Shinamna,tarren-mill,1270,warlock,destruction,30,15,15
29486,Oloki,kazzak,1269,warlock,destruction,44,24,20
29487,Zeelotko,drakthul,1265,warlock,destruction,30,15,15
29488,Sovrìn,blackrock,1264,warlock,destruction,20,14,6
29489,Tabarnak,archimonde,1264,warlock,destruction,30,14,16
29490,Карьерщица,booty-bay,1258,warlock,destruction,49,26,23
29491,Rottend,aggra-português,1258,warlock,destruction,75,33,42
29492,Untactful,tarren-mill,1253,warlock,destruction,53,31,22
29493,Jobbymancer,twisting-nether,1252,warlock,destruction,42,25,17
29494,Nicolino,doomhammer,1251,warlock,destruction,30,20,10
29495,Terris,khaz-modan,1249,warlock,destruction,75,36,39
29496,Anderxyo,sanguino,1248,warlock,destruction,18,13,5
29497,Kaeb,archimonde,1248,warlock,destruction,18,13,5
29498,Twork,tarren-mill,1248,warlock,destruction,24,13,11
29499,Mudwalkin,ravencrest,1248,warlock,destruction,24,13,11
29500,Oldasianman,blackrock,1247,warlock,destruction,18,13,5
29501,Nyiks,blackhand,1247,warlock,destruction,24,13,11
29502,Andrewdaniel,twisting-nether,1247,warlock,destruction,30,13,17
29503,Doturanal,blackmoore,1246,warlock,destruction,24,13,11
29504,Эннинотбэд,howling-fjord,1246,warlock,destruction,24,13,11
29505,Neffy,sinstralis,1245,warlock,destruction,70,30,40
29506,Withered,nagrand,1244,warlock,destruction,18,13,5
29507,Krachol,emeriss,1244,warlock,destruction,24,13,11
29508,Domdon,stormscale,1244,warlock,destruction,24,13,11
29509,Vankraken,silvermoon,1243,warlock,destruction,18,13,5
29510,Warlololock,malganis,1243,warlock,destruction,18,13,5
29511,Dreamage,exodar,1242,warlock,destruction,21,14,7
29512,Cajnik,sylvanas,1242,warlock,destruction,24,13,11
29513,Wlistoohard,stormscale,1242,warlock,destruction,30,13,17
29514,Berkobaggins,ravencrest,1242,warlock,destruction,30,13,17
29515,Salouppio,archimonde,1242,warlock,destruction,30,13,17
29516,Cursecannon,outland,1241,warlock,destruction,18,13,5
29517,Чиназис,gordunni,1240,warlock,destruction,78,36,42
29518,Drfóx,draenor,1240,warlock,destruction,41,16,25
29519,Nerfmebro,tarren-mill,1239,warlock,destruction,18,13,5
29520,Ragequit,xavius,1238,warlock,destruction,24,13,11
29521,Unstablemind,nemesis,1238,warlock,destruction,27,14,13
29522,Кулутха,soulflayer,1237,warlock,destruction,18,13,5
29523,Scrim,laughing-skull,1236,warlock,destruction,20,14,6
29524,Jossim,outland,1234,warlock,destruction,54,31,23
29525,Valkiá,earthen-ring,1234,warlock,destruction,30,16,14
29526,Galath,wrathbringer,1233,warlock,destruction,40,18,22
29527,Zhoxx,outland,1233,warlock,destruction,30,13,17
29528,Askanios,twisting-nether,1232,warlock,destruction,55,30,25
29529,Wurdulock,silvermoon,1231,warlock,destruction,24,13,11
29530,Инсип,blackscar,1230,warlock,destruction,24,14,10
29531,Ayóó,doomhammer,1230,warlock,destruction,101,56,45
29532,Borrìs,blackhand,1230,warlock,destruction,136,72,64
29533,Кале,goldrinn,1228,warlock,destruction,18,13,5
29534,Гулдас,thermaplugg,1221,warlock,destruction,42,21,21
29535,Articfox,outland,1221,warlock,destruction,41,14,27
29536,Chickoz,eredar,1219,warlock,destruction,103,54,49
29537,Babayagâ,sanguino,1218,warlock,destruction,24,14,10
29538,Lokajci,outland,1217,warlock,destruction,25,15,10
29539,Westfaliu,blackhand,1217,warlock,destruction,66,24,42
29540,Thorenss,medivh,1215,warlock,destruction,48,22,26
29541,Artyrus,burning-legion,1212,warlock,destruction,96,49,47
29542,Guntok,tarren-mill,1211,warlock,destruction,37,22,15
29543,Filianore,azjolnerub,1210,warlock,destruction,37,15,22
29544,Felbunni,silvermoon,1206,warlock,destruction,57,24,33
29545,Lokko,nemesis,1205,warlock,destruction,42,23,19
29546,Diåbló,stormscale,1197,warlock,destruction,42,19,23
29547,Zenondoros,arthas,1195,warlock,destruction,21,13,8
29548,Hejhana,drakthul,1193,warlock,destruction,48,17,31
29549,Emoriy,blackmoore,1190,warlock,destruction,64,34,30
29550,Krestox,blackmoore,1189,warlock,destruction,29,13,16
29551,Neetlock,suramar,1185,warlock,destruction,30,14,16
29552,Mîjagî,blackhand,1183,warlock,destruction,24,14,10
29553,Fromfuneral,anetheron,1180,warlock,destruction,65,42,23
29554,Kaeos,ravencrest,1176,warlock,destruction,24,15,9
29555,Lovrog,twisting-nether,1169,warlock,destruction,21,13,8
29556,Demirchayan,twisting-nether,1169,warlock,destruction,30,18,12
29557,Vulgrim,kirin-tor,1162,warlock,destruction,33,15,18
29558,Lzoo,ravencrest,1152,warlock,destruction,12,12,0
29559,Hulagirl,ravencrest,1152,warlock,destruction,18,12,6
29560,Rmpfarmer,kazzak,1152,warlock,destruction,18,12,6
29561,Fearbeachx,ravencrest,1152,warlock,destruction,18,12,6
29562,Ekàti,ravencrest,1152,warlock,destruction,24,12,12
29563,Teiser,nemesis,1152,warlock,destruction,24,12,12
29564,Консидёро,gordunni,1152,warlock,destruction,30,12,18
29565,Badloljk,stormscale,1151,warlock,destruction,18,12,6
29566,Rune,aegwynn,1151,warlock,destruction,18,12,6
29567,Leman,sylvanas,1151,warlock,destruction,18,12,6
29568,Хиёрис,eversong,1151,warlock,destruction,36,18,18
29569,Чудастрх,azuregos,1151,warlock,destruction,24,12,12
29570,Mohihi,ravencrest,1151,warlock,destruction,24,12,12
29571,Elldialock,draenor,1151,warlock,destruction,24,12,12
29572,Shadeisblack,tarren-mill,1150,warlock,destruction,18,12,6
29573,Kikaikek,stormscale,1150,warlock,destruction,18,12,6
29574,Estefanía,tarren-mill,1150,warlock,destruction,18,12,6
29575,Hannahowo,garona,1150,warlock,destruction,18,12,6
29576,Boglock,argent-dawn,1150,warlock,destruction,18,12,6
29577,Konradcurz,silvermoon,1150,warlock,destruction,24,12,12
29578,Kyliân,blackmoore,1150,warlock,destruction,24,12,12
29579,Scadar,kazzak,1149,warlock,destruction,18,12,6
29580,Gravedîgger,aggra-português,1149,warlock,destruction,24,12,12
29581,Autocannon,stormscale,1149,warlock,destruction,24,12,12
29582,Maikus,stormscale,1148,warlock,destruction,18,12,6
29583,Chubson,tarren-mill,1147,warlock,destruction,24,12,12
29584,Kritcheq,alakir,1147,warlock,destruction,72,35,37
29585,Lînden,magtheridon,1146,warlock,destruction,24,12,12
29586,Favorizlmp,archimonde,1146,warlock,destruction,24,12,12
29587,Puujäbäxd,stormscale,1145,warlock,destruction,30,12,18
29588,Letswreck,outland,1144,warlock,destruction,30,12,18
29589,Jinxzed,frostwhisper,1143,warlock,destruction,18,12,6
29590,Зажиженный,soulflayer,1142,warlock,destruction,21,12,9
29591,Hipiwl,silvermoon,1142,warlock,destruction,24,12,12
29592,Lobotomic,argent-dawn,1140,warlock,destruction,18,12,6
29593,Chyther,ragnaros,1139,warlock,destruction,24,12,12
29594,Deruud,defias-brotherhood,1138,warlock,destruction,30,12,18
29595,Parley,frostmane,1138,warlock,destruction,30,12,18
29596,Скул,soulflayer,1137,warlock,destruction,30,12,18
29597,Maxlox,tarren-mill,1135,warlock,destruction,23,12,11
29598,Öyo,outland,1135,warlock,destruction,52,26,26
29599,Gengada,blackhand,1134,warlock,destruction,24,12,12
29600,Блэкмайндер,howling-fjord,1131,warlock,destruction,20,12,8
29601,Toffifae,argent-dawn,1129,warlock,destruction,18,12,6
29602,Oldemoilépti,hyjal,1126,warlock,destruction,24,12,12
29603,Drillingsdad,dun-morogh,1126,warlock,destruction,24,12,12
29604,Riitaall,khaz-modan,1125,warlock,destruction,49,18,31
29605,Niszoght,dun-modr,1122,warlock,destruction,39,25,14
29606,Moonpoxlock,nerathor,1122,warlock,destruction,26,14,12
29607,Insanely,kazzak,1121,warlock,destruction,63,34,29
29608,Fiddlock,draenor,1117,warlock,destruction,22,13,9
29609,Lánfeár,draenor,1114,warlock,destruction,29,12,17
29610,Yhwäch,archimonde,1114,warlock,destruction,30,12,18
29611,Shagrab,nemesis,1110,warlock,destruction,21,12,9
29612,Maxxilla,twisting-nether,1109,warlock,destruction,119,54,65
29613,Ruul,sanguino,1109,warlock,destruction,44,18,26
29614,Nøxxlock,blackhand,1108,warlock,destruction,22,13,9
29615,Kartanos,stormscale,1086,warlock,destruction,17,12,5
29616,Razek,eredar,1086,warlock,destruction,23,12,11
29617,Atruruz,antonidas,1084,warlock,destruction,59,29,30
29618,Makaspam,stormscale,1074,warlock,destruction,34,12,22
29619,Thicklock,twisting-nether,1071,warlock,destruction,24,12,12
29620,Weso,grim-batol,1070,warlock,destruction,19,12,7
29621,Whitebanshee,turalyon,1069,warlock,destruction,30,18,12
29622,Troyana,chants-éternels,1067,warlock,destruction,26,19,7
29623,Nëismz,azuremyst,1056,warlock,destruction,12,11,1
29624,Xerxeus,drakthul,1056,warlock,destruction,12,11,1
29625,Exephia,laughing-skull,1056,warlock,destruction,12,11,1
29626,Rabasta,blackmoore,1056,warlock,destruction,12,11,1
29627,Блудгэнг,blackscar,1056,warlock,destruction,12,11,1
29628,Fjutta,outland,1056,warlock,destruction,18,11,7
29629,Кремация,blackscar,1056,warlock,destruction,18,11,7
29630,Envizer,ravencrest,1056,warlock,destruction,18,11,7
29631,Calypso,korgall,1056,warlock,destruction,18,11,7
29632,Avenueat,kazzak,1056,warlock,destruction,18,11,7
29633,Kalwyn,stormscale,1056,warlock,destruction,18,11,7
29634,Secretx,kazzak,1056,warlock,destruction,18,11,7
29635,Veridy,kazzak,1055,warlock,destruction,18,11,7
29636,Fulcanelli,sargeras,1055,warlock,destruction,18,11,7
29637,Raknoxyeyeye,blackrock,1055,warlock,destruction,18,11,7
29638,Limecqt,dun-morogh,1055,warlock,destruction,24,11,13
29639,Shena,chogall,1055,warlock,destruction,24,11,13
29640,Dalyvan,blackrock,1055,warlock,destruction,24,11,13
29641,Naniika,blackmoore,1054,warlock,destruction,36,24,12
29642,Høliax,archimonde,1054,warlock,destruction,18,11,7
29643,Jørdanna,blackrock,1054,warlock,destruction,18,11,7
29644,Hydrôlîc,blackrock,1054,warlock,destruction,24,11,13
29645,Bobop,sanguino,1054,warlock,destruction,24,11,13
29646,Covariance,nemesis,1053,warlock,destruction,18,11,7
29647,Коилсестры,blackscar,1053,warlock,destruction,21,12,9
29648,Vimb,archimonde,1053,warlock,destruction,24,11,13
29649,Boomlock,dun-morogh,1052,warlock,destruction,18,11,7
29650,Katâra,tarren-mill,1051,warlock,destruction,30,11,19
29651,Peterpaîn,blackmoore,1050,warlock,destruction,22,14,8
29652,Diseased,darksorrow,1050,warlock,destruction,36,21,15
29653,Whine,uldum,1050,warlock,destruction,54,24,30
29654,Gåylørd,ravencrest,1050,warlock,destruction,30,11,19
29655,Bangbrös,stormscale,1049,warlock,destruction,18,11,7
29656,Yénnéfér,ravencrest,1046,warlock,destruction,33,11,22
29657,Äbsalom,hyjal,1045,warlock,destruction,50,30,20
29658,Orisess,bronze-dragonflight,1044,warlock,destruction,36,20,16
29659,Marann,dun-morogh,1040,warlock,destruction,20,14,6
29660,Buserella,eredar,1036,warlock,destruction,24,11,13
29661,Demonoulis,bloodhoof,1026,warlock,destruction,18,11,7
29662,Гринлайм,howling-fjord,1023,warlock,destruction,21,12,9
29663,Avogeiñ,tarren-mill,1023,warlock,destruction,23,11,12
29664,Salastro,ragnaros,1022,warlock,destruction,17,11,6
29665,Omnigul,grim-batol,1010,warlock,destruction,36,14,22
29666,Satyrilian,tarren-mill,1006,warlock,destruction,17,11,6
29667,Онлифан,soulflayer,1006,warlock,destruction,17,11,6
29668,Jaqqy,blackmoore,1005,warlock,destruction,18,12,6
29669,Babayagaa,drakthul,1002,warlock,destruction,26,11,15
29670,Gâlvâtorix,frostmourne,1002,warlock,destruction,46,18,28
29671,Iltharian,die-todeskrallen,1000,warlock,destruction,17,11,6
29672,Morathy,drekthar,991,warlock,destruction,16,11,5
29673,Loveløck,blackrock,991,warlock,destruction,23,11,12
29674,Yudy,burning-legion,987,warlock,destruction,20,11,9
29675,Lockteb,tarren-mill,986,warlock,destruction,17,11,6
29676,Lynchéd,argent-dawn,986,warlock,destruction,17,11,6
29677,Dubbzy,outland,973,warlock,destruction,26,11,15
29678,Demox,arathor,962,warlock,destruction,26,11,15
29679,Eisenkiefer,thrall,961,warlock,destruction,65,22,43
29680,Hopéléss,aggra-português,960,warlock,destruction,12,10,2
29681,Ñia,ravencrest,960,warlock,destruction,12,10,2
29682,Jazggzkxx,twisting-nether,960,warlock,destruction,12,10,2
29683,Аймох,gordunni,960,warlock,destruction,12,10,2
29684,Graystache,blackhand,960,warlock,destruction,12,10,2
29685,Nerfmeplz,archimonde,960,warlock,destruction,12,10,2
29686,Muleerox,kazzak,960,warlock,destruction,12,10,2
29687,Harefrøken,ravencrest,960,warlock,destruction,12,10,2
29688,Slomg,sylvanas,960,warlock,destruction,12,10,2
29689,Rénio,stormrage,960,warlock,destruction,12,10,2
29690,Korialstraz,sylvanas,960,warlock,destruction,12,10,2
29691,Destrolockz,tarren-mill,960,warlock,destruction,16,11,5
29692,Balding,blackhand,960,warlock,destruction,18,10,8
29693,Adoxilock,twisting-nether,960,warlock,destruction,18,10,8
29694,Akumako,stormscale,960,warlock,destruction,18,10,8
29695,Eviil,tarren-mill,960,warlock,destruction,18,10,8
29696,Mafteryo,blackrock,960,warlock,destruction,18,10,8
29697,Lìmè,silvermoon,960,warlock,destruction,18,10,8
29698,Trickytée,tarren-mill,960,warlock,destruction,18,10,8
29699,Dotg,blackrock,960,warlock,destruction,18,10,8
29700,Tbs,blackhand,960,warlock,destruction,18,10,8
29701,Mirenli,kazzak,960,warlock,destruction,18,10,8
29702,Enyras,nemesis,960,warlock,destruction,18,10,8
29703,Anniefuchsia,ravencrest,960,warlock,destruction,18,10,8
29704,Chaotick,burning-legion,960,warlock,destruction,18,10,8
29705,Deathcoîl,the-maelstrom,960,warlock,destruction,18,10,8
29706,Gödisdëäd,sanguino,960,warlock,destruction,18,10,8
29707,Kyiüû,archimonde,960,warlock,destruction,22,12,10
29708,Kresyda,dun-modr,960,warlock,destruction,24,10,14
29709,Flatulenzus,blackrock,960,warlock,destruction,24,10,14
29710,Deadpapi,outland,959,warlock,destruction,12,10,2
29711,Ammilock,aszune,959,warlock,destruction,12,10,2
29712,Zízýéró,sylvanas,959,warlock,destruction,12,10,2
29713,Cringelord,vashj,959,warlock,destruction,12,10,2
29714,Boterham,kilrogg,959,warlock,destruction,12,10,2
29715,Dotáhoe,twisting-nether,959,warlock,destruction,18,10,8
29716,Alexindorf,silvermoon,959,warlock,destruction,18,10,8
29717,Kekbólt,twisting-nether,959,warlock,destruction,18,10,8
29718,Adipure,blackrock,959,warlock,destruction,24,10,14
29719,Chaosborn,ravencrest,959,warlock,destruction,24,10,14
29720,Slâyâ,blackrock,958,warlock,destruction,12,10,2
29721,Kenybalajze,the-maelstrom,958,warlock,destruction,18,10,8
29722,Mempricious,ravencrest,958,warlock,destruction,18,10,8
29723,Phît,kilrogg,958,warlock,destruction,18,10,8
29724,Belnea,draenor,958,warlock,destruction,18,10,8
29725,Адво,howling-fjord,958,warlock,destruction,18,10,8
29726,Annihilatîon,aegwynn,958,warlock,destruction,18,10,8
29727,Osyx,ravencrest,958,warlock,destruction,22,12,10
29728,Schmexer,blutkessel,957,warlock,destruction,18,10,8
29729,Baloc,kirin-tor,957,warlock,destruction,18,10,8
29730,Blackmagic,stormscale,957,warlock,destruction,18,10,8
29731,Absurdd,turalyon,955,warlock,destruction,16,11,5
29732,Vâgg,blackmoore,955,warlock,destruction,24,10,14
29733,Thranerm,ravencrest,955,warlock,destruction,24,10,14
29734,Kïrah,ysondre,955,warlock,destruction,30,10,20
29735,Realshady,kazzak,954,warlock,destruction,18,10,8
29736,Арцах,soulflayer,954,warlock,destruction,24,10,14
29737,Gerart,tarren-mill,953,warlock,destruction,18,10,8
29738,Grôteskûs,tarren-mill,953,warlock,destruction,18,10,8
29739,Millhaus,gorgonnash,952,warlock,destruction,18,10,8
29740,Aftxrlife,arathor,951,warlock,destruction,16,11,5
29741,Gehirnwäsche,frostwolf,951,warlock,destruction,16,11,5
29742,Paranoid,sylvanas,951,warlock,destruction,18,10,8
29743,Synnox,blackrock,949,warlock,destruction,24,11,13
29744,Kääk,sylvanas,947,warlock,destruction,18,10,8
29745,Крутизол,fordragon,944,warlock,destruction,25,11,14
29746,Rizzbolt,ravencrest,940,warlock,destruction,57,21,36
29747,Бигтедок,gordunni,934,warlock,destruction,99,45,54
29748,Äzarel,khaz-modan,933,warlock,destruction,12,10,2
29749,Mýlìfêbélike,kazzak,927,warlock,destruction,14,11,3
29750,Racursed,outland,927,warlock,destruction,16,10,6
29751,Demowlition,archimonde,908,warlock,destruction,24,10,14
29752,Fandirxd,draenor,894,warlock,destruction,17,10,7
29753,Bèkshà,blackrock,894,warlock,destruction,20,10,10
29754,Nëismz,ravencrest,880,warlock,destruction,19,10,9
29755,Howtofake,doomhammer,864,warlock,destruction,12,9,3
29756,Soulboltx,ragnaros,864,warlock,destruction,12,9,3
29757,Elmáestro,aegwynn,864,warlock,destruction,12,9,3
29758,Кюратор,howling-fjord,864,warlock,destruction,12,9,3
29759,Deßra,stormscale,864,warlock,destruction,12,9,3
29760,Øßey,magtheridon,864,warlock,destruction,12,9,3
29761,Mïllâïneeqtx,archimonde,864,warlock,destruction,12,9,3
29762,Märkähuikka,stormreaver,864,warlock,destruction,12,9,3
29763,Boltmaster,burning-legion,864,warlock,destruction,12,9,3
29764,Peon,blackrock,864,warlock,destruction,12,9,3
29765,Brødo,dun-modr,864,warlock,destruction,12,9,3
29766,Letmecast,sylvanas,864,warlock,destruction,12,9,3
29767,Predlocktwo,twisting-nether,864,warlock,destruction,12,9,3
29768,Darkwíngduck,aegwynn,864,warlock,destruction,12,9,3
29769,Ìambottger,silvermoon,864,warlock,destruction,12,9,3
29770,Надсх,soulflayer,864,warlock,destruction,12,9,3
29771,Reizouka,twisting-nether,864,warlock,destruction,12,9,3
29772,Веномхх,lich-king,864,warlock,destruction,12,9,3
29773,Габана,gordunni,864,warlock,destruction,12,9,3
29774,Vamanos,stormscale,864,warlock,destruction,12,9,3
29775,Chàsx,archimonde,864,warlock,destruction,12,9,3
29776,Zikozor,ravencrest,864,warlock,destruction,16,10,6
29777,Benne,stormscale,864,warlock,destruction,18,9,9
29778,Stopdaddyplz,ravencrest,864,warlock,destruction,18,9,9
29779,Köftemec,blackrock,864,warlock,destruction,18,9,9
29780,Visable,kazzak,864,warlock,destruction,18,9,9
29781,Чернокок,blackscar,864,warlock,destruction,18,9,9
29782,Силорий,howling-fjord,864,warlock,destruction,18,9,9
29783,Pöhz,archimonde,864,warlock,destruction,18,9,9
29784,Guciflipflop,twisting-nether,864,warlock,destruction,18,9,9
29785,Potatowl,ragnaros,864,warlock,destruction,18,9,9
29786,Joleptem,outland,864,warlock,destruction,18,9,9
29787,Gulzot,turalyon,864,warlock,destruction,18,9,9
29788,Reznör,archimonde,864,warlock,destruction,18,9,9
29789,Doomwrath,tarren-mill,864,warlock,destruction,18,9,9
29790,Salvatoríy,outland,864,warlock,destruction,18,9,9
29791,Fearfearfear,blackhand,864,warlock,destruction,18,9,9
29792,Southylolz,stormscale,864,warlock,destruction,18,9,9
29793,Mxdojsrvqxzq,ravencrest,864,warlock,destruction,24,9,15
29794,Darlih,ravencrest,864,warlock,destruction,24,9,15
29795,Фейкгодх,soulflayer,864,warlock,destruction,24,9,15
29796,Lyconidas,magtheridon,863,warlock,destruction,12,9,3
29797,Voukserys,tarren-mill,863,warlock,destruction,12,9,3
29798,Elerodril,ysondre,863,warlock,destruction,12,9,3
29799,Höglund,twisting-nether,863,warlock,destruction,12,9,3
29800,Zelyx,archimonde,863,warlock,destruction,12,9,3
29801,Mooncrushed,stormscale,863,warlock,destruction,12,9,3
29802,Sneps,azshara,863,warlock,destruction,12,9,3
29803,Bmblockerina,blackrock,863,warlock,destruction,12,9,3
29804,Narzok,kazzak,863,warlock,destruction,12,9,3
29805,Cruckz,nathrezim,863,warlock,destruction,12,9,3
29806,Trickslock,kazzak,863,warlock,destruction,12,9,3
29807,Phicon,silvermoon,863,warlock,destruction,12,9,3
29808,Burningdemon,kazzak,863,warlock,destruction,18,9,9
29809,Brugo,zuljin,863,warlock,destruction,18,9,9
29810,Tomiaa,burning-legion,863,warlock,destruction,18,9,9
29811,Andrealphus,outland,863,warlock,destruction,18,9,9
29812,Гвоздяшка,blackscar,863,warlock,destruction,18,9,9
29813,Nazrõth,stormscale,863,warlock,destruction,18,9,9
29814,Bíggun,outland,862,warlock,destruction,12,9,3
29815,Lokibra,antonidas,862,warlock,destruction,12,9,3
29816,Miltuast,blackrock,862,warlock,destruction,12,9,3
29817,Банкапевка,howling-fjord,862,warlock,destruction,18,9,9
29818,Nokickplz,nemesis,862,warlock,destruction,18,9,9
29819,Janemba,ysondre,862,warlock,destruction,18,9,9
29820,Xhartus,argent-dawn,860,warlock,destruction,18,9,9
29821,Левсекси,eversong,860,warlock,destruction,21,10,11
29822,Ketriicken,argent-dawn,860,warlock,destruction,24,9,15
29823,Surfot,kazzak,860,warlock,destruction,24,9,15
29824,Adafbhf,tichondrius,859,warlock,destruction,18,9,9
29825,Soultwist,twisting-nether,858,warlock,destruction,24,9,15
29826,Gillgarres,twisting-nether,858,warlock,destruction,24,9,15
29827,Oddchap,magtheridon,844,warlock,destruction,24,9,15
29828,Архидрако,gordunni,832,warlock,destruction,24,9,15
29829,Tid,burning-legion,830,warlock,destruction,17,9,8
29830,Flocca,archimonde,830,warlock,destruction,17,9,8
29831,Règis,antonidas,816,warlock,destruction,15,10,5
29832,Indynamo,blackrock,815,warlock,destruction,17,9,8
29833,Shakuroz,frostwolf,815,warlock,destruction,27,10,17
29834,Xshay,dun-modr,814,warlock,destruction,27,10,17
29835,Merloc,magtheridon,801,warlock,destruction,20,10,10
29836,Sotapen,ragnaros,798,warlock,destruction,11,9,2
29837,Imissbfa,stormscale,768,warlock,destruction,12,8,4
29838,Theronas,tarren-mill,768,warlock,destruction,12,8,4
29839,Квейдсан,howling-fjord,768,warlock,destruction,12,8,4
29840,Dotbotx,grim-batol,768,warlock,destruction,12,8,4
29841,Joemontana,blackrock,768,warlock,destruction,12,8,4
29842,Vezmollo,stormscale,768,warlock,destruction,12,8,4
29843,Sniffy,stormreaver,768,warlock,destruction,12,8,4
29844,Nephystø,archimonde,768,warlock,destruction,12,8,4
29845,Thesnakë,ravencrest,768,warlock,destruction,12,8,4
29846,Jadesud,archimonde,768,warlock,destruction,12,8,4
29847,Wumz,sylvanas,768,warlock,destruction,12,8,4
29848,Nunomendes,archimonde,768,warlock,destruction,12,8,4
29849,Dejin,tarren-mill,768,warlock,destruction,12,8,4
29850,Fearu,kazzak,768,warlock,destruction,12,8,4
29851,Psychoduck,stormscale,768,warlock,destruction,12,8,4
29852,Wìtçhßlåðes,ysondre,768,warlock,destruction,12,8,4
29853,Nodavé,stormscale,768,warlock,destruction,12,8,4
29854,Crunel,ragnaros,768,warlock,destruction,12,8,4
29855,Brodir,aszune,768,warlock,destruction,12,8,4
29856,Coeurnichon,archimonde,768,warlock,destruction,12,8,4
29857,Razzalock,eredar,768,warlock,destruction,12,8,4
29858,Artannas,elune,768,warlock,destruction,12,8,4
29859,Worro,eredar,768,warlock,destruction,12,8,4
29860,Korbendallas,anubarak,768,warlock,destruction,12,8,4
29861,Boltgodx,thrall,768,warlock,destruction,12,8,4
29862,Firecast,kazzak,768,warlock,destruction,12,8,4
29863,Overbuffed,wildhammer,768,warlock,destruction,12,8,4
29864,Boccebelle,pozzo-delleternità,768,warlock,destruction,12,8,4
29865,Freshademic,tarren-mill,768,warlock,destruction,12,8,4
29866,Whitebøy,hyjal,768,warlock,destruction,12,8,4
29867,Némésiø,archimonde,768,warlock,destruction,12,8,4
29868,Sizexl,silvermoon,768,warlock,destruction,12,8,4
29869,Dmonlock,hyjal,768,warlock,destruction,12,8,4
29870,Detoxa,outland,768,warlock,destruction,12,8,4
29871,Jkz,blackrock,768,warlock,destruction,15,9,6
29872,Gorthunz,kazzak,768,warlock,destruction,18,8,10
29873,Lsr,argent-dawn,768,warlock,destruction,18,8,10
29874,Loulou,nagrand,768,warlock,destruction,18,8,10
29875,Horststenzl,blackrock,768,warlock,destruction,18,8,10
29876,ßenäfflock,ragnaros,768,warlock,destruction,18,8,10
29877,Odenbest,silvermoon,768,warlock,destruction,18,8,10
29878,Bailerlock,antonidas,768,warlock,destruction,18,8,10
29879,Hexdoctor,ravencrest,768,warlock,destruction,24,8,16
29880,Dotsfired,aegwynn,768,warlock,destruction,24,8,16
29881,Nili,dethecus,767,warlock,destruction,12,8,4
29882,Fearster,twisting-nether,767,warlock,destruction,12,8,4
29883,Ammathrel,moonglade,767,warlock,destruction,12,8,4
29884,Nitecro,blackmoore,767,warlock,destruction,12,8,4
29885,Ragïa,archimonde,767,warlock,destruction,12,8,4
29886,Lorelèi,silvermoon,767,warlock,destruction,12,8,4
29887,Ромзесхх,howling-fjord,767,warlock,destruction,12,8,4
29888,Palatical,terokkar,767,warlock,destruction,12,8,4
29889,Wushi,aggra-português,767,warlock,destruction,12,8,4
29890,Eotlid,shattered-hand,767,warlock,destruction,12,8,4
29891,Shadowburst,outland,767,warlock,destruction,12,8,4
29892,Finlock,kult-der-verdammten,767,warlock,destruction,15,9,6
29893,Nerfwarriors,stormscale,767,warlock,destruction,18,8,10
29894,Chochliko,silvermoon,767,warlock,destruction,18,8,10
29895,Моориус,soulflayer,767,warlock,destruction,18,8,10
29896,Hell,twisting-nether,767,warlock,destruction,18,8,10
29897,Talriun,kazzak,767,warlock,destruction,20,8,12
29898,Puppylover,outland,766,warlock,destruction,12,8,4
29899,Antoniolm,cthun,766,warlock,destruction,16,9,7
29900,Mavelya,blackmoore,766,warlock,destruction,24,8,16
29901,Corbiejr,tarren-mill,765,warlock,destruction,22,9,13
29902,Ezekîél,blackhand,764,warlock,destruction,24,8,16
29903,Oxypvp,ravencrest,764,warlock,destruction,33,9,24
29904,Юникна,gordunni,763,warlock,destruction,24,8,16
29905,Shutdown,sylvanas,756,warlock,destruction,18,8,10
29906,Lonelock,blackrock,750,warlock,destruction,15,9,6
29907,Shaodul,stormscale,735,warlock,destruction,17,8,9
29908,Diablesse,dun-modr,734,warlock,destruction,17,8,9
29909,Salvatoriy,outland,719,warlock,destruction,11,8,3
29910,Warlocklordx,ravencrest,713,warlock,destruction,22,9,13
29911,Amyw,magtheridon,712,warlock,destruction,20,9,11
29912,Джастсак,gordunni,703,warlock,destruction,11,8,3
29913,Kycknosa,archimonde,703,warlock,destruction,20,8,12
29914,Shadowrey,blackrock,702,warlock,destruction,16,8,8
29915,Dotrulez,nemesis,688,warlock,destruction,13,8,5
29916,Börsenborisq,aegwynn,687,warlock,destruction,11,8,3
29917,Psykøø,shendralar,672,warlock,destruction,12,7,5
29918,Dotjürgen,blackrock,672,warlock,destruction,12,7,5
29919,Veríty,kazzak,672,warlock,destruction,12,7,5
29920,Mowxll,blackrock,672,warlock,destruction,12,7,5
29921,Gusvitori,sanguino,672,warlock,destruction,12,7,5
29922,Незерлок,soulflayer,672,warlock,destruction,12,7,5
29923,Vileclass,ravencrest,672,warlock,destruction,12,7,5
29924,Aoeenjoer,tarren-mill,672,warlock,destruction,12,7,5
29925,Otemlock,sanguino,672,warlock,destruction,12,7,5
29926,Midnigthh,sanguino,672,warlock,destruction,12,7,5
29927,Навидд,howling-fjord,672,warlock,destruction,12,7,5
29928,Анкхзул,howling-fjord,672,warlock,destruction,12,7,5
29929,Fraky,frostwhisper,672,warlock,destruction,12,7,5
29930,Fellord,chants-éternels,672,warlock,destruction,12,7,5
29931,Bloodworth,arathor,672,warlock,destruction,12,7,5
29932,Çüñ,shattered-hand,672,warlock,destruction,12,7,5
29933,Pelkopeelo,tarren-mill,672,warlock,destruction,12,7,5
29934,Bruzzlbube,blackhand,672,warlock,destruction,12,7,5
29935,Denasty,nemesis,672,warlock,destruction,12,7,5
29936,Scud,frostwolf,672,warlock,destruction,12,7,5
29937,Inflicts,frostmane,672,warlock,destruction,12,7,5
29938,Precogbtw,ravencrest,672,warlock,destruction,12,7,5
29939,Lúcìfér,stormscale,672,warlock,destruction,12,7,5
29940,Pixelz,twisting-nether,672,warlock,destruction,12,7,5
29941,Altffeer,blackmoore,672,warlock,destruction,12,7,5
29942,Мэрджис,soulflayer,672,warlock,destruction,12,7,5
29943,Chapo,alleria,672,warlock,destruction,12,7,5
29944,Vilenia,doomhammer,672,warlock,destruction,12,7,5
29945,Матрикспз,soulflayer,672,warlock,destruction,12,7,5
29946,Bladey,ragnaros,672,warlock,destruction,12,7,5
29947,Exhäle,archimonde,672,warlock,destruction,12,7,5
29948,Cigarrette,draenor,672,warlock,destruction,12,7,5
29949,Filippö,eredar,672,warlock,destruction,12,7,5
29950,Neburlock,dun-modr,672,warlock,destruction,18,7,11
29951,Belakh,draenor,672,warlock,destruction,18,7,11
29952,Britnèyfears,twisting-nether,672,warlock,destruction,18,7,11
29953,Valthorion,arthas,672,warlock,destruction,18,7,11
29954,Milfhaunter,aegwynn,672,warlock,destruction,18,7,11
29955,Hædês,antonidas,672,warlock,destruction,18,7,11
29956,Mewarlock,bronze-dragonflight,672,warlock,destruction,18,7,11
29957,Chromagnus,drakthul,672,warlock,destruction,18,7,11
29958,Локизло,gordunni,672,warlock,destruction,18,7,11
29959,Ðôtgøðx,ravencrest,672,warlock,destruction,18,7,11
29960,Topmodelx,eredar,672,warlock,destruction,18,7,11
29961,Kvanmor,kaelthas,672,warlock,destruction,18,7,11
29962,Haccu,ragnaros,672,warlock,destruction,18,7,11
29963,Marripa,sanguino,672,warlock,destruction,24,7,17
29964,Zillinzy,frostmane,671,warlock,destruction,12,7,5
29965,Talindra,stormscale,671,warlock,destruction,12,7,5
29966,Panicbolt,ravencrest,671,warlock,destruction,12,7,5
29967,Trivalis,frostwolf,671,warlock,destruction,12,7,5
29968,Zaruman,turalyon,671,warlock,destruction,12,7,5
29969,Kiritsugi,aszune,671,warlock,destruction,12,7,5
29970,Fauxshow,ravencrest,671,warlock,destruction,12,7,5
29971,Cømps,blackrock,671,warlock,destruction,12,7,5
29972,Oz,uldum,671,warlock,destruction,12,7,5
29973,Baladas,nemesis,671,warlock,destruction,12,7,5
29974,Afflicted,trollbane,671,warlock,destruction,12,7,5
29975,Galardodric,outland,671,warlock,destruction,12,7,5
29976,Postymalony,kazzak,671,warlock,destruction,12,7,5
29977,Proflock,drakthul,671,warlock,destruction,12,7,5
29978,Saadq,draenor,671,warlock,destruction,12,7,5
29979,Fivestars,tarren-mill,671,warlock,destruction,16,8,8
29980,Vengidotcom,outland,671,warlock,destruction,18,7,11
29981,Enragelock,tarren-mill,671,warlock,destruction,18,7,11
29982,Margincalled,kazzak,671,warlock,destruction,18,7,11
29983,Гнумосятина,booty-bay,671,warlock,destruction,18,7,11
29984,Qloss,burning-legion,670,warlock,destruction,12,7,5
29985,Mîtskî,argent-dawn,670,warlock,destruction,12,7,5
29986,Нафлэпил,gordunni,670,warlock,destruction,12,7,5
29987,Patirass,sanguino,670,warlock,destruction,12,7,5
29988,Биохозард,deathguard,670,warlock,destruction,15,8,7
29989,Зародыш,razuvious,670,warlock,destruction,18,7,11
29990,Zow,dun-modr,670,warlock,destruction,18,7,11
29991,Samigina,argent-dawn,669,warlock,destruction,24,7,17
29992,Mortori,tarren-mill,668,warlock,destruction,12,7,5
29993,Buzztoon,doomhammer,668,warlock,destruction,24,7,17
29994,Johntrabolta,chogall,667,warlock,destruction,12,7,5
29995,Vladlevad,argent-dawn,667,warlock,destruction,12,7,5
29996,Pyroplasmic,tarren-mill,665,warlock,destruction,12,7,5
29997,Ахпорбес,gordunni,661,warlock,destruction,12,7,5
29998,Ternisia,draenor,655,warlock,destruction,14,8,6
29999,Геролин,goldrinn,648,warlock,destruction,30,11,19
30000,Alsseharr,blackhand,623,warlock,destruction,11,7,4
30001,Гангстахохо,soulflayer,622,warlock,destruction,16,7,9
30002,Lókkíi,silvermoon,622,warlock,destruction,17,7,10
30003,Tydra,die-aldor,618,warlock,destruction,20,8,12
30004,Garimberas,silvermoon,618,warlock,destruction,20,8,12
30005,Bryanz,sanguino,608,warlock,destruction,10,7,3
30006,Érunali,archimonde,607,warlock,destruction,11,7,4
30007,Krokator,draenor,605,warlock,destruction,11,7,4
30008,Esthrella,thrall,584,warlock,destruction,13,7,6
30009,Catchlock,tarren-mill,576,warlock,destruction,6,6,0
30010,Happsõr,eredar,576,warlock,destruction,6,6,0
30011,Zýø,aegwynn,576,warlock,destruction,6,6,0
30012,Sulnar,burning-legion,576,warlock,destruction,6,6,0
30013,Whøknøws,twisting-nether,576,warlock,destruction,6,6,0
30014,Solosuperr,ravencrest,576,warlock,destruction,6,6,0
30015,Veganlifter,ravencrest,576,warlock,destruction,6,6,0
30016,Skuvee,archimonde,576,warlock,destruction,6,6,0
30017,Popecandy,archimonde,576,warlock,destruction,6,6,0
30018,Sinofbum,stormscale,576,warlock,destruction,6,6,0
30019,Cafardcancer,archimonde,576,warlock,destruction,6,6,0
30020,Peacedust,grim-batol,576,warlock,destruction,6,6,0
30021,Whaii,ravencrest,576,warlock,destruction,6,6,0
30022,Phobilock,guldan,576,warlock,destruction,6,6,0
30023,Ceryss,argent-dawn,576,warlock,destruction,6,6,0
30024,Demonqueens,kazzak,576,warlock,destruction,6,6,0
30025,Søulcä,uldum,576,warlock,destruction,6,6,0
30026,Klaier,dun-modr,576,warlock,destruction,9,7,2
30027,Mosslock,silvermoon,576,warlock,destruction,12,6,6
30028,Kukkojapallo,ravencrest,576,warlock,destruction,12,6,6
30029,Kalagorn,azshara,576,warlock,destruction,12,6,6
30030,Shortyi,thrall,576,warlock,destruction,12,6,6
30031,Koramu,blackrock,576,warlock,destruction,12,6,6
30032,Keibo,drakthul,576,warlock,destruction,12,6,6
30033,Dèv,draenor,576,warlock,destruction,12,6,6
30034,Flyingjakob,argent-dawn,576,warlock,destruction,12,6,6
30035,Felcollins,sylvanas,576,warlock,destruction,12,6,6
30036,Mayden,uldum,576,warlock,destruction,12,6,6
30037,Ðåñtåy,ravencrest,576,warlock,destruction,12,6,6
30038,Conditions,tarren-mill,576,warlock,destruction,12,6,6
30039,Diabolics,twisting-nether,576,warlock,destruction,12,6,6
30040,Enaio,mannoroth,576,warlock,destruction,12,6,6
30041,Issyl,kazzak,576,warlock,destruction,12,6,6
30042,Forgepower,ghostlands,576,warlock,destruction,12,6,6
30043,Súícìdèbøy,colinas-pardas,576,warlock,destruction,12,6,6
30044,Ez,emeriss,576,warlock,destruction,12,6,6
30045,Marenov,kazzak,576,warlock,destruction,12,6,6
30046,Ðuß,nemesis,576,warlock,destruction,12,6,6
30047,Mocfernando,ravencrest,576,warlock,destruction,12,6,6
30048,Михасяпевпев,gordunni,576,warlock,destruction,12,6,6
30049,Hepheisto,blackmoore,576,warlock,destruction,12,6,6
30050,Skarløck,blackmoore,576,warlock,destruction,12,6,6
30051,Staudi,eredar,576,warlock,destruction,12,6,6
30052,Ooze,kazzak,576,warlock,destruction,12,6,6
30053,Олдхалапеньо,soulflayer,576,warlock,destruction,12,6,6
30054,Хубаскис,soulflayer,576,warlock,destruction,12,6,6
30055,Chafir,kazzak,576,warlock,destruction,12,6,6
30056,Zartax,kazzak,576,warlock,destruction,12,6,6
30057,Silenozz,ragnaros,576,warlock,destruction,12,6,6
30058,Ezdotggwp,stormscale,576,warlock,destruction,12,6,6
30059,Warlockyo,blackrock,576,warlock,destruction,12,6,6
30060,Liwerno,dunemaul,576,warlock,destruction,12,6,6
30061,Drainforlife,blackrock,576,warlock,destruction,12,6,6
30062,Backdrip,ragnaros,576,warlock,destruction,12,6,6
30063,Dracsu,dun-modr,576,warlock,destruction,12,6,6
30064,Edgyrpname,argent-dawn,576,warlock,destruction,12,6,6
30065,Halacska,arathor,576,warlock,destruction,12,6,6
30066,Dotacy,kazzak,576,warlock,destruction,12,6,6
30067,Ilikebolts,blackmoore,576,warlock,destruction,12,6,6
30068,Gatewatcher,argent-dawn,576,warlock,destruction,12,6,6
30069,Acilock,outland,576,warlock,destruction,12,6,6
30070,Noobtamer,kazzak,576,warlock,destruction,12,6,6
30071,Klasikas,kazzak,576,warlock,destruction,16,7,9
30072,Zéphon,blades-edge,576,warlock,destruction,21,7,14
30073,Icq,ravencrest,576,warlock,destruction,18,6,12
30074,Naitix,argent-dawn,576,warlock,destruction,18,6,12
30075,Lazyblue,hyjal,576,warlock,destruction,29,6,23
30076,Solomohn,steamwheedle-cartel,575,warlock,destruction,6,6,0
30077,Fbomber,ravencrest,575,warlock,destruction,6,6,0
30078,Шелруа,howling-fjord,575,warlock,destruction,10,7,3
30079,Baalthazar,jaedenar,575,warlock,destruction,12,6,6
30080,Rhaznor,frostwolf,575,warlock,destruction,12,6,6
30081,Maveri,tarren-mill,575,warlock,destruction,12,6,6
30082,Warlockzor,auchindoun,575,warlock,destruction,12,6,6
30083,Dhraven,thrall,575,warlock,destruction,12,6,6
30084,Brarvile,zuljin,575,warlock,destruction,12,6,6
30085,Zevil,emerald-dream,575,warlock,destruction,12,6,6
30086,Arnoediad,twisting-nether,575,warlock,destruction,12,6,6
30087,Nava,stormscale,575,warlock,destruction,12,6,6
30088,Àtreyù,daggerspine,575,warlock,destruction,12,6,6
30089,Swagzz,silvermoon,575,warlock,destruction,12,6,6
30090,Pekkoperkele,ravenholdt,575,warlock,destruction,18,6,12
30091,Ramurox,rexxar,575,warlock,destruction,18,6,12
30092,Nemssy,dun-modr,575,warlock,destruction,18,6,12
30093,Lucîfear,silvermoon,574,warlock,destruction,12,6,6
30094,Fearylia,aegwynn,543,warlock,destruction,8,7,1
30095,Epzi,outland,543,warlock,destruction,11,6,5
30096,Pouletmicuie,archimonde,527,warlock,destruction,11,6,5
30097,Rozn,ravencrest,527,warlock,destruction,11,6,5
30098,Smíkz,blackhand,527,warlock,destruction,11,6,5
30099,Стафилокок,deepholm,527,warlock,destruction,11,6,5
30100,Sicktir,aerie-peak,527,warlock,destruction,11,6,5
30101,Xoram,kult-der-verdammten,525,warlock,destruction,12,7,5
30102,Брузир,gordunni,522,warlock,destruction,15,7,8
30103,Wolferand,argent-dawn,521,warlock,destruction,24,7,17
30104,Evilhippie,kazzak,511,warlock,destruction,11,6,5
30105,Diddia,malganis,511,warlock,destruction,11,6,5
30106,Baxiaz,kazzak,511,warlock,destruction,11,6,5
30107,Precogdiet,draenor,480,warlock,destruction,6,5,1
30108,Lazytown,silvermoon,480,warlock,destruction,6,5,1
30109,Азерок,howling-fjord,480,warlock,destruction,6,5,1
30110,Scandalfogel,frostmane,480,warlock,destruction,6,5,1
30111,Ironserious,blackrock,480,warlock,destruction,6,5,1
30112,Веберх,howling-fjord,480,warlock,destruction,6,5,1
30113,Møärdötd,aggra-português,480,warlock,destruction,6,5,1
30114,Bufflockspls,outland,480,warlock,destruction,6,5,1
30115,Stazox,drakthul,480,warlock,destruction,6,5,1
30116,Destrodmitri,blackmoore,480,warlock,destruction,6,5,1
30117,Levinbrz,ravencrest,480,warlock,destruction,6,5,1
30118,Nàchtt,archimonde,480,warlock,destruction,6,5,1
30119,Uralya,kazzak,480,warlock,destruction,6,5,1
30120,Drainurlife,zenedar,480,warlock,destruction,6,5,1
30121,Aritrosyo,ravencrest,480,warlock,destruction,6,5,1
30122,Wÿvërnn,archimonde,480,warlock,destruction,6,5,1
30123,Verminosiss,stormscale,480,warlock,destruction,6,5,1
30124,Lyndi,nerathor,480,warlock,destruction,6,5,1
30125,Dogbolt,stormscale,480,warlock,destruction,6,5,1
30126,Zurael,mannoroth,480,warlock,destruction,6,5,1
30127,Altfdrölf,blackhand,480,warlock,destruction,6,5,1
30128,Sumstone,kazzak,480,warlock,destruction,6,5,1
30129,Kaakmasta,der-abyssische-rat,480,warlock,destruction,6,5,1
30130,Warlockholms,archimonde,480,warlock,destruction,6,5,1
30131,Sâlty,stormscale,480,warlock,destruction,6,5,1
30132,Rozibolt,draenor,480,warlock,destruction,6,5,1
30133,Måracujå,kazzak,480,warlock,destruction,6,5,1
30134,Yzzie,drakthul,480,warlock,destruction,6,5,1
30135,Trooverx,ravencrest,480,warlock,destruction,6,5,1
30136,Mazuto,outland,480,warlock,destruction,6,5,1
30137,Avadakèdavra,kazzak,480,warlock,destruction,6,5,1
30138,Pôhzz,archimonde,480,warlock,destruction,6,5,1
30139,Djløckgødx,ravencrest,480,warlock,destruction,6,5,1
30140,Lilbolty,outland,480,warlock,destruction,6,5,1
30141,Barbyqueue,kazzak,480,warlock,destruction,6,5,1
30142,Trollgubbe,twilights-hammer,480,warlock,destruction,6,5,1
30143,Exiled,dragonblight,480,warlock,destruction,6,5,1
30144,Purplemafia,burning-blade,480,warlock,destruction,6,5,1
30145,Xeró,quelthalas,480,warlock,destruction,6,5,1
30146,Xjay,malorne,480,warlock,destruction,6,5,1
30147,Smallpee,kazzak,480,warlock,destruction,6,5,1
30148,Náwwk,blackmoore,480,warlock,destruction,6,5,1
30149,Пъё,howling-fjord,480,warlock,destruction,6,5,1
30150,Djolagourde,archimonde,480,warlock,destruction,6,5,1
30151,Ампе,blackscar,480,warlock,destruction,6,5,1
30152,Андаинг,soulflayer,480,warlock,destruction,6,5,1
30153,Бриант,gordunni,480,warlock,destruction,6,5,1
30154,Файрусх,soulflayer,480,warlock,destruction,6,5,1
30155,ßualock,sylvanas,480,warlock,destruction,6,5,1
30156,Demonmilf,ysondre,480,warlock,destruction,6,5,1
30157,Lísbeth,sylvanas,480,warlock,destruction,6,5,1
30158,Журанайсбой,blackscar,480,warlock,destruction,6,5,1
30159,Миражлок,gordunni,480,warlock,destruction,6,5,1
30160,Rensayy,ysondre,480,warlock,destruction,6,5,1
30161,Мегаклещ,soulflayer,480,warlock,destruction,12,5,7
30162,Fluxlight,frostmourne,480,warlock,destruction,12,5,7
30163,Nanotrik,draenor,480,warlock,destruction,12,5,7
30164,Cerberus,anetheron,480,warlock,destruction,12,5,7
30165,Shreedlock,blackmoore,480,warlock,destruction,12,5,7
30166,Cursè,stormscale,480,warlock,destruction,12,5,7
30167,Tiwtera,draenor,480,warlock,destruction,12,5,7
30168,Kigro,burning-legion,480,warlock,destruction,12,5,7
30169,Lokelicious,ragnaros,480,warlock,destruction,12,5,7
30170,Arthesia,archimonde,480,warlock,destruction,12,5,7
30171,Hexdoc,alakir,480,warlock,destruction,12,5,7
30172,Baskakov,zuljin,480,warlock,destruction,12,5,7
30173,Zeanort,zuljin,480,warlock,destruction,12,5,7
30174,Pewmlock,antonidas,480,warlock,destruction,12,5,7
30175,Southyx,stormscale,480,warlock,destruction,12,5,7
30176,Динодотз,howling-fjord,480,warlock,destruction,12,5,7
30177,Voidzero,hyjal,480,warlock,destruction,12,5,7
30178,Claralock,silvermoon,480,warlock,destruction,12,5,7
30179,Asper,ragnaros,480,warlock,destruction,12,5,7
30180,Kieman,tarren-mill,480,warlock,destruction,12,5,7
30181,Bricktot,ragnaros,480,warlock,destruction,12,5,7
30182,Yokûjin,twisting-nether,480,warlock,destruction,12,5,7
30183,Kimwexler,ravencrest,480,warlock,destruction,12,5,7
30184,Voodooskull,kazzak,480,warlock,destruction,12,5,7
30185,Bajsibyx,tarren-mill,480,warlock,destruction,12,5,7
30186,Snoreghast,tarren-mill,480,warlock,destruction,12,5,7
30187,Zêngâ,kazzak,480,warlock,destruction,12,5,7
30188,Rikudoua,malfurion,480,warlock,destruction,12,5,7
30189,Plocke,aegwynn,480,warlock,destruction,12,5,7
30190,Shadowscurse,sylvanas,480,warlock,destruction,12,5,7
30191,Käristäjä,outland,480,warlock,destruction,12,5,7
30192,Infïnitýx,silvermoon,480,warlock,destruction,12,5,7
30193,Yeluna,alleria,480,warlock,destruction,12,5,7
30194,Cancerdotcom,kazzak,480,warlock,destruction,12,5,7
30195,Sindown,the-maelstrom,480,warlock,destruction,18,5,13
30196,Infectius,kazzak,480,warlock,destruction,18,5,13
30197,Maledictio,blackrock,480,warlock,destruction,18,5,13
30198,Эктос,soulflayer,479,warlock,destruction,6,5,1
30199,Fredysimo,silvermoon,479,warlock,destruction,6,5,1
30200,Archélion,silvermoon,479,warlock,destruction,12,5,7
30201,Xydar,stormscale,479,warlock,destruction,12,5,7
30202,Сенсация,ashenvale,479,warlock,destruction,12,5,7
30203,Bope,the-maelstrom,479,warlock,destruction,18,5,13
30204,Слававдвх,blackscar,478,warlock,destruction,6,5,1
30205,Soulsdeads,sylvanas,478,warlock,destruction,12,5,7
30206,Снчч,soulflayer,463,warlock,destruction,11,5,6
30207,Favris,antonidas,447,warlock,destruction,11,5,6
30208,Winterx,argent-dawn,447,warlock,destruction,11,5,6
30209,Daeyon,ravencrest,432,warlock,destruction,9,5,4
30210,Chornota,ravencrest,431,warlock,destruction,17,5,12
30211,Buddyparty,blackrock,415,warlock,destruction,8,5,3
30212,Løckwood,blackrock,400,warlock,destruction,7,5,2
30213,Charmine,tarren-mill,400,warlock,destruction,7,5,2
30214,Sïlïthuss,ravencrest,384,warlock,destruction,6,4,2
30215,Corano,ravencrest,384,warlock,destruction,6,4,2
30216,Boltsofdoom,kazzak,384,warlock,destruction,6,4,2
30217,Danidelarge,kazzak,384,warlock,destruction,6,4,2
30218,Cloud,kazzak,384,warlock,destruction,6,4,2
30219,Póssiblyreef,silvermoon,384,warlock,destruction,6,4,2
30220,Gambos,kazzak,384,warlock,destruction,6,4,2
30221,Krastey,malfurion,384,warlock,destruction,6,4,2
30222,Salvabolter,outland,384,warlock,destruction,6,4,2
30223,Xenastro,silvermoon,384,warlock,destruction,6,4,2
30224,Simony,ravencrest,384,warlock,destruction,6,4,2
30225,Rngmåchinêx,ravencrest,384,warlock,destruction,6,4,2
30226,Iulu,sylvanas,384,warlock,destruction,6,4,2
30227,Azae,outland,384,warlock,destruction,6,4,2
30228,Hehexd,steamwheedle-cartel,384,warlock,destruction,6,4,2
30229,Wizdoom,outland,384,warlock,destruction,6,4,2
30230,Purplemonkey,burning-blade,384,warlock,destruction,6,4,2
30231,Xarfoul,grim-batol,384,warlock,destruction,6,4,2
30232,Shreklock,burning-blade,384,warlock,destruction,6,4,2
30233,Aldiac,aegwynn,384,warlock,destruction,6,4,2
30234,Raddikal,archimonde,384,warlock,destruction,6,4,2
30235,Kar,haomarush,384,warlock,destruction,6,4,2
30236,Nilsa,eredar,384,warlock,destruction,6,4,2
30237,Abdulrahim,archimonde,384,warlock,destruction,6,4,2
30238,Zéik,archimonde,384,warlock,destruction,6,4,2
30239,Ieatfel,archimonde,384,warlock,destruction,6,4,2
30240,Blyskawicar,silvermoon,384,warlock,destruction,6,4,2
30241,Воттоваара,azuregos,384,warlock,destruction,6,4,2
30242,Boltyboi,chamber-of-aspects,384,warlock,destruction,6,4,2
30243,Кичи,gordunni,384,warlock,destruction,6,4,2
30244,Darkwìngduck,ravencrest,384,warlock,destruction,6,4,2
30245,Apeliction,eredar,384,warlock,destruction,6,4,2
30246,Hachishaku,ravencrest,384,warlock,destruction,6,4,2
30247,Rénna,twisting-nether,384,warlock,destruction,6,4,2
30248,Vêzor,twisting-nether,384,warlock,destruction,6,4,2
30249,Flayør,ravencrest,384,warlock,destruction,6,4,2
30250,Discordîân,twisting-nether,384,warlock,destruction,6,4,2
30251,Uqrlock,twisting-nether,384,warlock,destruction,6,4,2
30252,Yifu,ravencrest,384,warlock,destruction,6,4,2
30253,Senbolts,tarren-mill,384,warlock,destruction,6,4,2
30254,Warchilly,twisting-nether,384,warlock,destruction,6,4,2
30255,Хйу,galakrond,384,warlock,destruction,6,4,2
30256,Felgød,ravencrest,384,warlock,destruction,6,4,2
30257,Striks,ragnaros,384,warlock,destruction,6,4,2
30258,Dotritos,tarren-mill,384,warlock,destruction,6,4,2
30259,Sneltjej,draenor,384,warlock,destruction,6,4,2
30260,Ðênnis,tarren-mill,384,warlock,destruction,6,4,2
30261,Cokkà,dalaran,384,warlock,destruction,6,4,2
30262,Redroach,doomhammer,384,warlock,destruction,6,4,2
30263,Царьдарк,soulflayer,384,warlock,destruction,6,4,2
30264,Notloveless,stormscale,384,warlock,destruction,6,4,2
30265,Пчелокнижник,howling-fjord,384,warlock,destruction,6,4,2
30266,Sopingsop,chants-éternels,384,warlock,destruction,6,4,2
30267,Drshegs,darkspear,384,warlock,destruction,6,4,2
30268,Scallington,shattered-hand,384,warlock,destruction,6,4,2
30269,Калестонх,soulflayer,384,warlock,destruction,6,4,2
30270,Kankbae,stormscale,384,warlock,destruction,6,4,2
30271,Анрали,soulflayer,384,warlock,destruction,6,4,2
30272,Youngtyrant,blackrock,384,warlock,destruction,6,4,2
30273,Íntikam,blackrock,384,warlock,destruction,6,4,2
30274,Ädarä,cthun,384,warlock,destruction,6,4,2
30275,Tekrowdy,blackmoore,384,warlock,destruction,6,4,2
30276,Trembly,alakir,384,warlock,destruction,6,4,2
30277,Elissa,skullcrusher,384,warlock,destruction,6,4,2
30278,Вешка,azuregos,384,warlock,destruction,6,4,2
30279,Критокнижник,lich-king,384,warlock,destruction,6,4,2
30280,Siyaa,eredar,384,warlock,destruction,6,4,2
30281,Zilthon,dragonblight,384,warlock,destruction,6,4,2
30282,Onekxz,blackrock,384,warlock,destruction,6,4,2
30283,Alexcurse,draenor,384,warlock,destruction,6,4,2
30284,Déemón,draenor,384,warlock,destruction,6,4,2
30285,Rayfears,draenor,384,warlock,destruction,6,4,2
30286,Allêgrâ,blackrock,384,warlock,destruction,6,4,2
30287,Supermaus,blackrock,384,warlock,destruction,6,4,2
30288,Яичнаялапша,soulflayer,384,warlock,destruction,6,4,2
30289,Rikkai,anubarak,384,warlock,destruction,6,4,2
30290,Unfeared,blackhand,384,warlock,destruction,6,4,2
30291,Vae,doomhammer,384,warlock,destruction,6,4,2
30292,Xskyrov,blackmoore,384,warlock,destruction,6,4,2
30293,Feyreah,blackmoore,384,warlock,destruction,6,4,2
30294,Smithlock,blackrock,384,warlock,destruction,6,4,2
30295,Äri,blackmoore,384,warlock,destruction,6,4,2
30296,Døxz,blackrock,384,warlock,destruction,6,4,2
30297,Hiloqtlock,blackmoore,384,warlock,destruction,6,4,2
30298,Рыжевласочка,eversong,384,warlock,destruction,9,5,4
30299,Omnípotens,silvermoon,384,warlock,destruction,12,6,6
30300,Shadowflare,blackmoore,384,warlock,destruction,12,4,8
30301,Lockpup,draenor,384,warlock,destruction,12,4,8
30302,Axy,dun-modr,384,warlock,destruction,12,4,8
30303,Стокыч,soulflayer,384,warlock,destruction,12,4,8
30304,Hòbó,outland,384,warlock,destruction,12,4,8
30305,Nahamma,tarren-mill,384,warlock,destruction,12,4,8
30306,Мазаффак,gordunni,384,warlock,destruction,12,4,8
30307,Azmondan,ahnqiraj,384,warlock,destruction,12,4,8
30308,Mustalol,outland,384,warlock,destruction,12,4,8
30309,Лоллиторпеда,gordunni,384,warlock,destruction,12,4,8
30310,Lockpz,sylvanas,384,warlock,destruction,12,4,8
30311,Kaobolt,archimonde,384,warlock,destruction,12,4,8
30312,Уфц,grom,384,warlock,destruction,12,4,8
30313,Yandihimir,silvermoon,384,warlock,destruction,12,4,8
30314,Harrydotterx,alakir,384,warlock,destruction,12,4,8
30315,Чиззихаос,soulflayer,384,warlock,destruction,12,4,8
30316,Impvader,argent-dawn,384,warlock,destruction,12,4,8
30317,Nicetime,nefarian,384,warlock,destruction,12,4,8
30318,Darkmaw,drakthul,384,warlock,destruction,12,4,8
30319,Бешентумай,goldrinn,384,warlock,destruction,12,4,8
30320,Ksenìa,khaz-modan,384,warlock,destruction,12,4,8
30321,Hellíc,kazzak,384,warlock,destruction,12,4,8
30322,Palihatschi,eredar,384,warlock,destruction,12,4,8
30323,Icritmore,stormscale,384,warlock,destruction,12,4,8
30324,Novkan,eredar,384,warlock,destruction,12,4,8
30325,Shêrlöck,stormscale,384,warlock,destruction,12,4,8
30326,Tekron,blackhand,384,warlock,destruction,12,4,8
30327,Sædotern,stormscale,384,warlock,destruction,12,4,8
30328,Lifetapped,tarren-mill,384,warlock,destruction,18,4,14
30329,Jetsetmehmet,aegwynn,384,warlock,destruction,18,4,14
30330,Happysrme,thrall,384,warlock,destruction,18,4,14
30331,Stunspectoo,turalyon,383,warlock,destruction,6,4,2
30332,Angrynoob,silvermoon,383,warlock,destruction,6,4,2
30333,Подликерная,howling-fjord,383,warlock,destruction,6,4,2
30334,Injecter,stormscale,383,warlock,destruction,6,4,2
30335,Okulus,quelthalas,383,warlock,destruction,6,4,2
30336,Dathos,ragnaros,383,warlock,destruction,12,4,8
30337,Olympos,draenor,383,warlock,destruction,12,4,8
30338,Pidka,drakthul,382,warlock,destruction,6,4,2
30339,Britneyfear,aegwynn,351,warlock,destruction,8,5,3
30340,Khano,twisting-nether,336,warlock,destruction,15,4,11
30341,Рейнджр,eversong,330,warlock,destruction,15,6,9
30342,Zøhaz,burning-legion,326,warlock,destruction,18,5,13
30343,Sapheâ,burning-legion,319,warlock,destruction,5,4,1
30344,Chev,nemesis,319,warlock,destruction,5,4,1
30345,Лавамес,eversong,319,warlock,destruction,5,4,1
30346,Würrzag,kazzak,319,warlock,destruction,5,4,1
30347,Grolder,terokkar,319,warlock,destruction,8,4,4
30348,Líok,eredar,319,warlock,destruction,11,4,7
30349,Empra,stormscale,304,warlock,destruction,7,4,3
30350,Pcbbwarlock,sylvanas,288,warlock,destruction,6,3,3
30351,Wdauwg,nazjatar,288,warlock,destruction,6,3,3
30352,Demónfire,sylvanas,288,warlock,destruction,6,3,3
30353,Aches,sylvanas,288,warlock,destruction,6,3,3
30354,Oarz,blackrock,288,warlock,destruction,6,3,3
30355,Dragmetohêll,blackhand,288,warlock,destruction,6,3,3
30356,Флорэтт,gordunni,288,warlock,destruction,6,3,3
30357,Stopfëar,ysondre,288,warlock,destruction,6,3,3
30358,Варикай,gordunni,288,warlock,destruction,6,3,3
30359,Oonz,sylvanas,288,warlock,destruction,6,3,3
30360,Дракшара,soulflayer,288,warlock,destruction,6,3,3
30361,Zabani,das-syndikat,288,warlock,destruction,6,3,3
30362,Дядяджонн,gordunni,288,warlock,destruction,6,3,3
30363,Нэрфир,soulflayer,288,warlock,destruction,6,3,3
30364,Глотающий,gordunni,288,warlock,destruction,6,3,3
30365,Динодотх,gordunni,288,warlock,destruction,6,3,3
30366,Колмидедди,gordunni,288,warlock,destruction,6,3,3
30367,Donmajor,amanthul,288,warlock,destruction,6,3,3
30368,Винстролман,blackscar,288,warlock,destruction,6,3,3
30369,Exitumos,eredar,288,warlock,destruction,6,3,3
30370,Flatwolenzy,blackrock,288,warlock,destruction,6,3,3
30371,Tschiko,blackrock,288,warlock,destruction,6,3,3
30372,Doublebolt,the-maelstrom,288,warlock,destruction,6,3,3
30373,Amdownbad,kazzak,288,warlock,destruction,6,3,3
30374,Oldasiangirl,blackrock,288,warlock,destruction,6,3,3
30375,Oimera,frostwolf,288,warlock,destruction,6,3,3
30376,Truckpunch,defias-brotherhood,288,warlock,destruction,6,3,3
30377,Maxiabe,hyjal,288,warlock,destruction,6,3,3
30378,Aloxer,sanguino,288,warlock,destruction,6,3,3
30379,Besthun,drakthul,288,warlock,destruction,6,3,3
30380,Zuldanius,stormscale,288,warlock,destruction,6,3,3
30381,Bluh,twisting-nether,288,warlock,destruction,6,3,3
30382,Feardotfive,frostwolf,288,warlock,destruction,6,3,3
30383,Исусилок,deathguard,288,warlock,destruction,6,3,3
30384,Rokudaime,stormscale,288,warlock,destruction,6,3,3
30385,Gulleigh,draenor,288,warlock,destruction,6,3,3
30386,Helvetica,darksorrow,288,warlock,destruction,6,3,3
30387,Contemtus,frostwhisper,288,warlock,destruction,6,3,3
30388,Wisdomness,aszune,288,warlock,destruction,6,3,3
30389,Huaian,darksorrow,288,warlock,destruction,6,3,3
30390,Xaok,dun-modr,288,warlock,destruction,6,3,3
30391,Necrolock,tarren-mill,288,warlock,destruction,6,3,3
30392,Lubomirek,turalyon,288,warlock,destruction,6,3,3
30393,Кайдзуки,howling-fjord,288,warlock,destruction,6,3,3
30394,Gravemxney,tarren-mill,288,warlock,destruction,6,3,3
30395,Lamboo,tarren-mill,288,warlock,destruction,6,3,3
30396,Maevex,stormscale,288,warlock,destruction,6,3,3
30397,Waryald,dun-modr,288,warlock,destruction,6,3,3
30398,Phoyk,blackmoore,288,warlock,destruction,6,3,3
30399,Brodoh,dun-modr,288,warlock,destruction,6,3,3
30400,Wauwish,stormscale,288,warlock,destruction,6,3,3
30401,Blazed,dentarg,288,warlock,destruction,6,3,3
30402,Palmtri,stormscale,288,warlock,destruction,6,3,3
30403,Herador,draenor,288,warlock,destruction,6,3,3
30404,Lockskalle,tarren-mill,288,warlock,destruction,6,3,3
30405,Ghosthound,stormscale,288,warlock,destruction,6,3,3
30406,Talt,dalaran,288,warlock,destruction,6,3,3
30407,Macchíato,ragnaros,288,warlock,destruction,6,3,3
30408,Mightnáré,tarren-mill,288,warlock,destruction,6,3,3
30409,Maquan,blackmoore,288,warlock,destruction,6,3,3
30410,Sehere,ragnaros,288,warlock,destruction,6,3,3
30411,Smegwlock,tarren-mill,288,warlock,destruction,6,3,3
30412,Bh,ragnaros,288,warlock,destruction,6,3,3
30413,Saymore,ragnaros,288,warlock,destruction,6,3,3
30414,Brudergottes,blackmoore,288,warlock,destruction,6,3,3
30415,Dexterlol,blackmoore,288,warlock,destruction,6,3,3
30416,Læssêkøñgð,twisting-nether,288,warlock,destruction,6,3,3
30417,Hammern,haomarush,288,warlock,destruction,6,3,3
30418,Pederpan,stormscale,288,warlock,destruction,6,3,3
30419,Cpump,twisting-nether,288,warlock,destruction,6,3,3
30420,Fandusttwo,drakthul,288,warlock,destruction,6,3,3
30421,Arizyoxot,twisting-nether,288,warlock,destruction,6,3,3
30422,Laanik,twisting-nether,288,warlock,destruction,6,3,3
30423,Drozhna,kaelthas,288,warlock,destruction,6,3,3
30424,Frankieboi,drakthul,288,warlock,destruction,6,3,3
30425,Drith,blades-edge,288,warlock,destruction,6,3,3
30426,Dekawa,ravencrest,288,warlock,destruction,6,3,3
30427,Dement,sanguino,288,warlock,destruction,6,3,3
30428,Lockki,blades-edge,288,warlock,destruction,6,3,3
30429,Hasselbalch,azshara,288,warlock,destruction,6,3,3
30430,Wäisted,ravencrest,288,warlock,destruction,6,3,3
30431,Aspas,outland,288,warlock,destruction,6,3,3
30432,Flaming,ravencrest,288,warlock,destruction,6,3,3
30433,Ragdoll,twisting-nether,288,warlock,destruction,6,3,3
30434,Dmger,twisting-nether,288,warlock,destruction,6,3,3
30435,Aghmar,ravencrest,288,warlock,destruction,6,3,3
30436,Bualock,stormscale,288,warlock,destruction,6,3,3
30437,Darkà,rexxar,288,warlock,destruction,6,3,3
30438,Kolosh,twisting-nether,288,warlock,destruction,6,3,3
30439,Boltez,twisting-nether,288,warlock,destruction,6,3,3
30440,Elmîr,blackmoore,288,warlock,destruction,6,3,3
30441,Epoku,stormscale,288,warlock,destruction,6,3,3
30442,Zzooxx,silvermoon,288,warlock,destruction,6,3,3
30443,Djshyasiañ,perenolde,288,warlock,destruction,6,3,3
30444,Xoregar,nemesis,288,warlock,destruction,6,3,3
30445,Dadylock,silvermoon,288,warlock,destruction,6,3,3
30446,Irukandji,chants-éternels,288,warlock,destruction,6,3,3
30447,Cálamity,magtheridon,288,warlock,destruction,6,3,3
30448,Dieger,thunderhorn,288,warlock,destruction,6,3,3
30449,Hiroyukí,frostmane,288,warlock,destruction,6,3,3
30450,Noskillfox,outland,288,warlock,destruction,6,3,3
30451,Wajiggity,ravencrest,288,warlock,destruction,6,3,3
30452,Darkleci,archimonde,288,warlock,destruction,6,3,3
30453,Adreal,burning-legion,288,warlock,destruction,6,3,3
30454,Phántom,frostmane,288,warlock,destruction,6,3,3
30455,Sateerik,draenor,288,warlock,destruction,6,3,3
30456,Toskanoamani,blackmoore,288,warlock,destruction,6,3,3
30457,Bte,draenor,288,warlock,destruction,6,3,3
30458,Huaraches,stormscale,288,warlock,destruction,6,3,3
30459,Hairylock,outland,288,warlock,destruction,6,3,3
30460,Deamheòlas,ravencrest,288,warlock,destruction,6,3,3
30461,Nargøf,outland,288,warlock,destruction,6,3,3
30462,Dreameater,twilights-hammer,288,warlock,destruction,12,3,9
30463,Lockned,outland,288,warlock,destruction,12,3,9
30464,Mitrela,ravencrest,288,warlock,destruction,12,3,9
30465,Quief,silvermoon,288,warlock,destruction,12,3,9
30466,Voib,silvermoon,288,warlock,destruction,12,3,9
30467,Svartalfen,outland,288,warlock,destruction,12,3,9
30468,Dotzillâ,blackhand,288,warlock,destruction,12,3,9
30469,Мирмех,gordunni,288,warlock,destruction,12,3,9
30470,Пучкова,azuregos,288,warlock,destruction,12,3,9
30471,Elvània,eredar,288,warlock,destruction,12,3,9
30472,Nathgar,drakthul,288,warlock,destruction,12,3,9
30473,Killerbeez,burning-blade,288,warlock,destruction,12,3,9
30474,Haedri,kazzak,288,warlock,destruction,12,3,9
30475,Phéar,deathwing,288,warlock,destruction,12,3,9
30476,Ladodida,darkspear,288,warlock,destruction,12,3,9
30477,Werlock,sanguino,288,warlock,destruction,12,3,9
30478,Demohoror,stormscale,288,warlock,destruction,12,3,9
30479,Tiffyilock,blackrock,288,warlock,destruction,12,3,9
30480,Дольпико,howling-fjord,288,warlock,destruction,12,3,9
30481,Peggybrown,turalyon,288,warlock,destruction,12,3,9
30482,Ðæthpäct,dalaran,288,warlock,destruction,12,3,9
30483,Èrmes,eldrethalas,288,warlock,destruction,12,3,9
30484,Tepelkwastje,twisting-nether,288,warlock,destruction,12,3,9
30485,Jaines,forscherliga,288,warlock,destruction,12,3,9
30486,Yasagoth,chamber-of-aspects,288,warlock,destruction,12,3,9
30487,Gnargamehl,nemesis,288,warlock,destruction,12,3,9
30488,Fewton,eonar,288,warlock,destruction,18,3,15
30489,Sitosa,todeswache,287,warlock,destruction,6,3,3
30490,Грашек,soulflayer,287,warlock,destruction,6,3,3
30491,Destri,blackmoore,286,warlock,destruction,6,3,3
30492,Fearing,malganis,255,warlock,destruction,11,3,8
30493,Insertchaos,draenor,239,warlock,destruction,5,3,2
30494,Telaldrah,argent-dawn,239,warlock,destruction,5,3,2
30495,Kelek,anachronos,239,warlock,destruction,5,3,2
30496,Jamzywarlock,kazzak,239,warlock,destruction,5,3,2
30497,Вроман,fordragon,234,warlock,destruction,10,5,5
30498,Diemilch,blackmoore,234,warlock,destruction,8,4,4
30499,Yenéx,blackhand,222,warlock,destruction,14,3,11
30500,Vexsir,kazzak,192,warlock,destruction,9,3,6
30501,Vortëxx,tarren-mill,192,warlock,destruction,9,3,6
30502,Stepwarlock,kazzak,192,warlock,destruction,6,2,4
30503,Шайтанарба,blackscar,192,warlock,destruction,6,2,4
30504,Zigfipszen,blackmoore,192,warlock,destruction,6,2,4
30505,Siìre,ravencrest,192,warlock,destruction,6,2,4
30506,Colevid,blackmoore,192,warlock,destruction,6,2,4
30507,Chaotìc,nemesis,192,warlock,destruction,6,2,4
30508,Prestige,nemesis,192,warlock,destruction,6,2,4
30509,Werkx,archimonde,192,warlock,destruction,6,2,4
30510,Bulgyeøng,archimonde,192,warlock,destruction,6,2,4
30511,Sargal,sylvanas,192,warlock,destruction,6,2,4
30512,Cosec,silvermoon,192,warlock,destruction,6,2,4
30513,Muninnus,archimonde,192,warlock,destruction,6,2,4
30514,Guldãn,silvermoon,192,warlock,destruction,6,2,4
30515,Ívânguldán,twisting-nether,192,warlock,destruction,6,2,4
30516,Houndread,kazzak,192,warlock,destruction,6,2,4
30517,Jillyãen,hyjal,192,warlock,destruction,6,2,4
30518,Bloodysûgar,blackmoore,192,warlock,destruction,6,2,4
30519,Grandulf,ravencrest,192,warlock,destruction,6,2,4
30520,Валак,greymane,192,warlock,destruction,6,2,4
30521,Necrofearz,sylvanas,192,warlock,destruction,6,2,4
30522,Rakoru,blackmoore,192,warlock,destruction,6,2,4
30523,Mellisandre,hellfire,192,warlock,destruction,6,2,4
30524,Warlockxx,ravencrest,192,warlock,destruction,6,2,4
30525,Майдум,soulflayer,192,warlock,destruction,6,2,4
30526,Ðiavel,kazzak,192,warlock,destruction,6,2,4
30527,Yourdeaath,ravencrest,192,warlock,destruction,6,2,4
30528,Zkrwl,kazzak,192,warlock,destruction,6,2,4
30529,Kotihoitaja,stormreaver,192,warlock,destruction,6,2,4
30530,Aurelíá,ravencrest,192,warlock,destruction,6,2,4
30531,Guldån,twisting-nether,192,warlock,destruction,6,2,4
30532,Absúrd,turalyon,192,warlock,destruction,6,2,4
30533,Sinlockz,tarren-mill,192,warlock,destruction,6,2,4
30534,Cptdotalot,tarren-mill,192,warlock,destruction,6,2,4
30535,Уставок,soulflayer,192,warlock,destruction,6,2,4
30536,Saabnoolock,ragnaros,192,warlock,destruction,6,2,4
30537,Zenaidaa,doomhammer,192,warlock,destruction,6,2,4
30538,Kontanthjælp,tarren-mill,192,warlock,destruction,6,2,4
30539,Ðaddyy,stormscale,192,warlock,destruction,6,2,4
30540,Selur,ragnaros,192,warlock,destruction,6,2,4
30541,Cindela,eredar,192,warlock,destruction,6,2,4
30542,Hheavens,ragnaros,192,warlock,destruction,6,2,4
30543,Шэдоубёрн,soulflayer,192,warlock,destruction,6,2,4
30544,Astralvoid,outland,192,warlock,destruction,6,2,4
30545,Boohyakka,tarren-mill,192,warlock,destruction,6,2,4
30546,Creamcleaner,tarren-mill,192,warlock,destruction,6,2,4
30547,Zerx,malganis,192,warlock,destruction,6,2,4
30548,Jaliyah,outland,192,warlock,destruction,6,2,4
30549,Belzedan,blackrock,192,warlock,destruction,6,2,4
30550,Nerflocks,aggra-português,192,warlock,destruction,6,2,4
30551,Костикк,howling-fjord,192,warlock,destruction,6,2,4
30552,Splojf,the-maelstrom,192,warlock,destruction,6,2,4
30553,Benztruck,blackhand,192,warlock,destruction,6,2,4
30554,Æyna,thrall,192,warlock,destruction,6,2,4
30555,Адоха,howling-fjord,192,warlock,destruction,6,2,4
30556,Piouturass,hyjal,192,warlock,destruction,6,2,4
30557,Pederlock,defias-brotherhood,192,warlock,destruction,6,2,4
30558,Darthvder,sylvanas,192,warlock,destruction,6,2,4
30559,Kabowie,twisting-nether,192,warlock,destruction,6,2,4
30560,Snoggä,antonidas,192,warlock,destruction,6,2,4
30561,Locknroll,terokkar,192,warlock,destruction,6,2,4
30562,Sokyra,tarren-mill,192,warlock,destruction,6,2,4
30563,Хашонмвп,gordunni,192,warlock,destruction,6,2,4
30564,Levitibus,argent-dawn,192,warlock,destruction,6,2,4
30565,Whydidudotha,ravencrest,192,warlock,destruction,6,2,4
30566,Jetset,moonglade,192,warlock,destruction,6,2,4
30567,Zagana,neptulon,192,warlock,destruction,6,2,4
30568,Kemel,thrall,192,warlock,destruction,6,2,4
30569,Melow,sanguino,192,warlock,destruction,6,2,4
30570,Zmataryn,doomhammer,192,warlock,destruction,6,2,4
30571,Lightswitchz,ravencrest,192,warlock,destruction,6,2,4
30572,Merengue,uldum,192,warlock,destruction,6,2,4
30573,Vitrolizz,twilights-hammer,192,warlock,destruction,6,2,4
30574,Kleing,dragonblight,192,warlock,destruction,6,2,4
30575,Парачо,eversong,192,warlock,destruction,6,2,4
30576,Smoulville,sanguino,192,warlock,destruction,6,2,4
30577,Емс,gordunni,192,warlock,destruction,6,2,4
30578,Ravendoor,grim-batol,192,warlock,destruction,6,2,4
30579,Rojas,trollbane,192,warlock,destruction,6,2,4
30580,Daeneerys,skullcrusher,192,warlock,destruction,6,2,4
30581,Legiozock,draenor,192,warlock,destruction,6,2,4
30582,Олимта,blackscar,192,warlock,destruction,6,2,4
30583,Mákas,draenor,192,warlock,destruction,6,2,4
30584,Мерседэсс,gordunni,192,warlock,destruction,6,2,4
30585,Mty,bronze-dragonflight,192,warlock,destruction,6,2,4
30586,Guldän,quelthalas,192,warlock,destruction,6,2,4
30587,Евнухоидизм,gordunni,192,warlock,destruction,6,2,4
30588,Degdeehei,draenor,192,warlock,destruction,6,2,4
30589,Thîras,tarren-mill,192,warlock,destruction,7,2,5
30590,Noctiz,pozzo-delleternità,192,warlock,destruction,7,2,5
30591,Dededimons,stormscale,192,warlock,destruction,8,2,6
30592,Àbraxàs,nemesis,192,warlock,destruction,12,2,10
30593,Línkéd,blackmoore,192,warlock,destruction,12,2,10
30594,Titoss,archimonde,192,warlock,destruction,12,2,10
30595,Amnésïa,eldrethalas,192,warlock,destruction,12,2,10
30596,Kopfkissen,azshara,192,warlock,destruction,12,2,10
30597,Srhal,blackmoore,192,warlock,destruction,12,2,10
30598,Malganas,sylvanas,192,warlock,destruction,12,2,10
30599,Нэйрокризиз,howling-fjord,192,warlock,destruction,12,2,10
30600,Kokainas,dun-modr,192,warlock,destruction,12,2,10
30601,Мглавечная,soulflayer,192,warlock,destruction,12,2,10
30602,Nimwyn,argent-dawn,192,warlock,destruction,12,2,10
30603,Punishteens,blackmoore,192,warlock,destruction,12,2,10
30604,Zùrghan,elune,191,warlock,destruction,4,3,1
30605,Vraduk,malygos,191,warlock,destruction,6,2,4
30606,Arlu,blackrock,191,warlock,destruction,6,2,4
30607,Watchlock,burning-legion,191,warlock,destruction,6,2,4
30608,Karjarock,hyjal,191,warlock,destruction,12,2,10
30609,Helikopter,shattered-hand,175,warlock,destruction,6,3,3
30610,Hp,ysondre,159,warlock,destruction,5,2,3
30611,Jiltoks,blackmoore,159,warlock,destruction,5,2,3
30612,Hahahahah,draenor,159,warlock,destruction,5,2,3
30613,Grimlòck,antonidas,159,warlock,destruction,5,2,3
30614,Dony,dun-morogh,159,warlock,destruction,5,2,3
30615,Pewnedmpx,archimonde,159,warlock,destruction,5,2,3
30616,Vahk,uldum,138,warlock,destruction,7,3,4
30617,Alucena,silvermoon,138,warlock,destruction,10,4,6
30618,Rb,anachronos,138,warlock,destruction,8,3,5
30619,Delen,ravencrest,128,warlock,destruction,4,2,2
30620,Перегном,blackscar,127,warlock,destruction,8,2,6
30621,Mqsxw,stormscale,112,warlock,destruction,7,2,5
30622,Oggelock,tarren-mill,96,warlock,destruction,3,2,1
30623,Âkâl,ravencrest,96,warlock,destruction,3,2,1
30624,Mulimarus,die-todeskrallen,96,warlock,destruction,3,2,1
30625,Mergon,ravencrest,96,warlock,destruction,3,2,1
30626,Jûgøbænned,aegwynn,96,warlock,destruction,3,2,1
30627,Киёкка,howling-fjord,96,warlock,destruction,6,1,5
30628,Indifférence,archimonde,96,warlock,destruction,6,1,5
30629,Vsmna,ragnaros,96,warlock,destruction,6,1,5
30630,Dalfgan,wildhammer,96,warlock,destruction,6,1,5
30631,Pilock,stormscale,96,warlock,destruction,6,1,5
30632,Gothgul,sanguino,96,warlock,destruction,6,1,5
30633,Chaostheory,stormscale,96,warlock,destruction,6,1,5
30634,Tropìcal,grim-batol,96,warlock,destruction,6,1,5
30635,Merelock,eonar,96,warlock,destruction,6,1,5
30636,Daemonic,shattered-hand,96,warlock,destruction,6,1,5
30637,Nulo,aggra-português,96,warlock,destruction,6,1,5
30638,Wt,twisting-nether,96,warlock,destruction,6,1,5
30639,Lilskunk,draenor,96,warlock,destruction,6,1,5
30640,Dabezdwl,outland,96,warlock,destruction,6,1,5
30641,Walchia,kazzak,96,warlock,destruction,6,1,5
30642,Стоишьвфире,gordunni,96,warlock,destruction,6,1,5
30643,Gulzgan,kazzak,96,warlock,destruction,6,1,5
30644,Wuahlock,doomhammer,96,warlock,destruction,6,1,5
30645,Shompaqzan,kazzak,96,warlock,destruction,6,1,5
30646,Matheus,zenedar,96,warlock,destruction,6,1,5
30647,Камнилока,booty-bay,96,warlock,destruction,6,1,5
30648,Rigour,silvermoon,96,warlock,destruction,6,1,5
30649,Agathaharkne,minahonda,96,warlock,destruction,6,1,5
30650,Satânius,les-sentinelles,96,warlock,destruction,6,1,5
30651,Neuth,draenor,96,warlock,destruction,6,1,5
30652,Deamions,ravencrest,96,warlock,destruction,6,1,5
30653,Kokonix,defias-brotherhood,96,warlock,destruction,6,1,5
30654,Bytethisx,aggra-português,96,warlock,destruction,6,1,5
30655,Azgaroth,kazzak,96,warlock,destruction,6,1,5
30656,Lomendro,blackmoore,96,warlock,destruction,6,1,5
30657,Tanatos,tarren-mill,96,warlock,destruction,6,1,5
30658,Hørcrux,ravencrest,96,warlock,destruction,6,1,5
30659,Kneereap,antonidas,96,warlock,destruction,6,1,5
30660,Thaliä,tarren-mill,96,warlock,destruction,6,1,5
30661,Маверрикк,gordunni,96,warlock,destruction,6,1,5
30662,Snollerboy,antonidas,96,warlock,destruction,6,1,5
30663,Ramuhn,antonidas,96,warlock,destruction,6,1,5
30664,Musallat,argent-dawn,96,warlock,destruction,6,1,5
30665,Иммолэйтх,gordunni,96,warlock,destruction,6,1,5
30666,Bigbabalock,frostwolf,96,warlock,destruction,6,1,5
30667,Loel,blackrock,96,warlock,destruction,6,1,5
30668,Tiig,blackrock,96,warlock,destruction,6,1,5
30669,Ackorax,kilrogg,96,warlock,destruction,6,1,5
30670,Keilahkang,aerie-peak,96,warlock,destruction,12,1,11
30671,Democraft,the-maelstrom,96,warlock,destruction,12,1,11
30672,Alithia,sylvanas,96,warlock,destruction,12,1,11
30673,Malagate,sylvanas,96,warlock,destruction,12,1,11
30674,Grêenbull,eredar,96,warlock,destruction,15,1,14
30675,Magosnik,archimonde,79,warlock,destruction,5,1,4
30676,Néca,blackmoore,64,warlock,destruction,4,1,3
30677,Coblac,outland,48,warlock,destruction,3,1,2
30678,Anthor,tarren-mill,42,warlock,destruction,8,2,6
30679,Obichamcici,tarren-mill,42,warlock,destruction,8,2,6
30680,Chandelierh,kazzak,31,warlock,destruction,2,1,1
30681,Zuldiá,stormscale,16,warlock,destruction,1,1,0
30682,Orkamorfin,silvermoon,16,warlock,destruction,1,1,0
30683,Dyingdog,kazzak,2173,warrior,fury,67,38,29
30684,Gottdustin,lothar,2124,warrior,fury,143,78,65
30685,Quanny,die-aldor,2102,warrior,fury,114,67,47
30686,Níghtfúry,ravencrest,2102,warrior,fury,84,43,41
30687,Thorana,twisting-nether,2036,warrior,fury,275,136,139
30688,Corvínus,blackrock,2025,warrior,fury,102,55,47
30689,Gregorez,silvermoon,1942,warrior,fury,72,42,30
30690,Schultze,kazzak,1941,warrior,fury,113,49,64
30691,Thezug,blackmoore,1935,warrior,fury,96,48,48
30692,Sublex,blackrock,1933,warrior,fury,60,34,26
30693,Дахирарг,fordragon,1911,warrior,fury,66,35,31
30694,Pflanzling,nozdormu,1883,warrior,fury,72,36,36
30695,Insanedmg,dun-modr,1864,warrior,fury,72,40,32
30696,Émalkay,tarren-mill,1863,warrior,fury,48,26,22
30697,Brythwyn,antonidas,1856,warrior,fury,54,30,24
30698,Wruxar,bronzebeard,1856,warrior,fury,54,29,25
30699,Kwesta,kazzak,1850,warrior,fury,60,34,26
30700,Yaler,alakir,1847,warrior,fury,48,33,15
30701,Jeco,tarren-mill,1846,warrior,fury,66,39,27
30702,Luxurious,argent-dawn,1842,warrior,fury,66,40,26
30703,Sockerbagarn,zenedar,1840,warrior,fury,55,27,28
30704,Sublex,aegwynn,1838,warrior,fury,60,36,24
30705,Råzor,blackhand,1826,warrior,fury,154,92,62
30706,Imolderthenu,blackrock,1825,warrior,fury,166,91,75
30707,Kenryu,argent-dawn,1825,warrior,fury,60,32,28
30708,Sonnyzz,sanguino,1824,warrior,fury,36,21,15
30709,Timewarrior,ravencrest,1824,warrior,fury,54,30,24
30710,Deatheart,ysondre,1824,warrior,fury,76,41,35
30711,Трэйдар,blackscar,1823,warrior,fury,48,27,21
30712,Sporctaco,nemesis,1821,warrior,fury,130,66,64
30713,Frozenliøn,twisting-nether,1817,warrior,fury,42,29,13
30714,Letiis,blackrock,1816,warrior,fury,105,57,48
30715,Uretirips,archimonde,1815,warrior,fury,66,39,27
30716,Geez,burning-blade,1815,warrior,fury,36,21,15
30717,Adian,ravencrest,1813,warrior,fury,42,26,16
30718,Zednos,twilights-hammer,1812,warrior,fury,184,102,82
30719,Schlauberg,azshara,1811,warrior,fury,48,29,19
30720,Xzwarr,silvermoon,1810,warrior,fury,38,21,17
30721,Мигнт,howling-fjord,1810,warrior,fury,42,23,19
30722,Capitalista,das-konsortium,1809,warrior,fury,90,51,39
30723,Clellin,silvermoon,1807,warrior,fury,139,80,59
30724,Späns,ragnaros,1807,warrior,fury,71,34,37
30725,Zyalen,stormscale,1806,warrior,fury,60,32,28
30726,Kizzyo,draenor,1804,warrior,fury,96,51,45
30727,Nóvamh,draenor,1802,warrior,fury,42,24,18
30728,Sonnylolxd,dun-modr,1800,warrior,fury,54,29,25
30729,Robycoleman,nemesis,1798,warrior,fury,138,74,64
30730,Yawalad,stormscale,1795,warrior,fury,60,32,28
30731,Cesr,bloodhoof,1788,warrior,fury,66,39,27
30732,Badon,burning-legion,1783,warrior,fury,54,35,19
30733,Castlevania,ravencrest,1782,warrior,fury,72,37,35
30734,Rïmxøxø,haomarush,1773,warrior,fury,48,32,16
30735,Tóffèl,thrall,1773,warrior,fury,48,32,16
30736,Ryonâgai,aegwynn,1773,warrior,fury,54,30,24
30737,Злопиканка,gordunni,1769,warrior,fury,61,31,30
30738,Warrez,azuremyst,1768,warrior,fury,65,42,23
30739,Elsensor,sylvanas,1760,warrior,fury,66,27,39
30740,Unstopablle,twisting-nether,1755,warrior,fury,78,47,31
30741,Xeraaya,kirin-tor,1746,warrior,fury,48,24,24
30742,Irontouch,draenor,1742,warrior,fury,48,29,19
30743,Эйримор,gordunni,1742,warrior,fury,113,61,52
30744,Plackø,draenor,1738,warrior,fury,41,26,15
30745,Peli,burning-blade,1738,warrior,fury,201,104,97
30746,Рыгатрон,galakrond,1732,warrior,fury,36,19,17
30747,Читора,blackscar,1726,warrior,fury,47,27,20
30748,Juna,hellscream,1726,warrior,fury,91,47,44
30749,Даймонддогс,gordunni,1725,warrior,fury,64,36,28
30750,Кавайтити,blackscar,1718,warrior,fury,39,19,20
30751,Варынеопэ,gordunni,1717,warrior,fury,65,35,30
30752,Dyingdogs,kazzak,1717,warrior,fury,42,21,21
30753,Тьмасвятая,gordunni,1710,warrior,fury,42,22,20
30754,Варплеер,gordunni,1708,warrior,fury,30,18,12
30755,Stansmash,kazzak,1704,warrior,fury,30,18,12
30756,Cuzyxtwo,blackrock,1704,warrior,fury,48,27,21
30757,Ðunhammer,blackmoore,1700,warrior,fury,54,26,28
30758,Yodabär,blackmoore,1690,warrior,fury,120,62,58
30759,Slaycon,sanguino,1680,warrior,fury,63,26,37
30760,Zadirich,burning-blade,1679,warrior,fury,48,25,23
30761,Даркслеерх,howling-fjord,1674,warrior,fury,36,18,18
30762,Бубаигавар,gordunni,1673,warrior,fury,42,22,20
30763,Âshnâzgðûr,burning-blade,1671,warrior,fury,66,28,38
30764,Vÿnk,ysondre,1669,warrior,fury,80,45,35
30765,Pouckette,hyjal,1668,warrior,fury,54,29,25
30766,Ranmaru,kazzak,1665,warrior,fury,97,46,51
30767,Broley,blackhand,1663,warrior,fury,46,30,16
30768,Níká,bronzebeard,1663,warrior,fury,52,30,22
30769,Susugar,ysondre,1663,warrior,fury,40,21,19
30770,Gladius,blutkessel,1662,warrior,fury,102,47,55
30771,Averenx,frostwolf,1659,warrior,fury,110,57,53
30772,Vesnãpusic,draenor,1655,warrior,fury,45,29,16
30773,Azazelslayer,dethecus,1652,warrior,fury,54,38,16
30774,Очепенец,soulflayer,1652,warrior,fury,129,66,63
30775,Kocmochka,tarren-mill,1651,warrior,fury,36,22,14
30776,Дарккардинал,deathguard,1651,warrior,fury,64,30,34
30777,Roxxyy,stormreaver,1650,warrior,fury,47,29,18
30778,Noproblem,ragnaros,1650,warrior,fury,65,34,31
30779,Хенгард,gordunni,1647,warrior,fury,48,26,22
30780,Elsensør,thrall,1642,warrior,fury,46,22,24
30781,Discoklaus,blackmoore,1639,warrior,fury,162,81,81
30782,Футжисубо,razuvious,1639,warrior,fury,42,20,22
30783,Протектор,soulflayer,1638,warrior,fury,124,60,64
30784,Шлифую,howling-fjord,1636,warrior,fury,60,30,30
30785,Вадло,soulflayer,1635,warrior,fury,54,27,27
30786,Bastquirage,dalaran,1633,warrior,fury,42,24,18
30787,Osha,hyjal,1630,warrior,fury,144,72,72
30788,Iagô,argent-dawn,1627,warrior,fury,48,28,20
30789,Криккс,greymane,1625,warrior,fury,66,32,34
30790,Ðønøvan,sanguino,1624,warrior,fury,58,32,26
30791,Гринфинч,galakrond,1623,warrior,fury,53,28,25
30792,Flówér,auchindoun,1617,warrior,fury,24,17,7
30793,Walexmaryk,ragnaros,1617,warrior,fury,113,61,52
30794,Discølove,frostwolf,1615,warrior,fury,35,19,16
30795,Латахо,gordunni,1614,warrior,fury,36,20,16
30796,Dronikos,ravencrest,1612,warrior,fury,36,22,14
30797,Celn,silvermoon,1608,warrior,fury,145,80,65
30798,Koljach,sylvanas,1608,warrior,fury,127,66,61
30799,Jetman,ravencrest,1605,warrior,fury,40,19,21
30800,Ebonheart,argent-dawn,1599,warrior,fury,59,32,27
30801,Narukeratnik,draenor,1596,warrior,fury,60,36,24
30802,Megalann,silvermoon,1596,warrior,fury,78,37,41
30803,Abnôrmus,tarren-mill,1594,warrior,fury,114,53,61
30804,Lífelover,tarren-mill,1593,warrior,fury,66,30,36
30805,Methodxd,outland,1592,warrior,fury,72,35,37
30806,Zupkaztrópka,burning-legion,1587,warrior,fury,89,47,42
30807,Берззлой,gordunni,1587,warrior,fury,46,24,22
30808,Lair,zuljin,1584,warrior,fury,42,26,16
30809,Bønecleaver,blackrock,1584,warrior,fury,62,33,29
30810,Méido,argent-dawn,1584,warrior,fury,222,112,110
30811,Элинглир,gordunni,1580,warrior,fury,39,22,17
30812,Ðènlos,destromath,1580,warrior,fury,60,29,31
30813,Байсал,gordunni,1579,warrior,fury,42,22,20
30814,Grâkul,twisting-nether,1571,warrior,fury,115,60,55
30815,Asmoche,archimonde,1571,warrior,fury,60,29,31
30816,Garlogar,twisting-nether,1569,warrior,fury,108,59,49
30817,ßbç,ysondre,1565,warrior,fury,72,36,36
30818,Stahlhund,silvermoon,1564,warrior,fury,87,47,40
30819,Kwedrowar,burning-legion,1564,warrior,fury,60,30,30
30820,Касюлин,gordunni,1562,warrior,fury,53,31,22
30821,Мурмадонио,soulflayer,1562,warrior,fury,42,19,23
30822,Сариату,soulflayer,1556,warrior,fury,72,34,38
30823,Wornag,argent-dawn,1555,warrior,fury,47,21,26
30824,Добиватель,howling-fjord,1554,warrior,fury,42,26,16
30825,Waralert,kazzak,1553,warrior,fury,36,19,17
30826,Sanngridr,defias-brotherhood,1545,warrior,fury,36,18,18
30827,Slidmacka,twisting-nether,1539,warrior,fury,36,24,12
30828,Thagzar,burning-legion,1536,warrior,fury,71,36,35
30829,Ананаслорд,blackscar,1535,warrior,fury,26,18,8
30830,Wabisabì,silvermoon,1534,warrior,fury,35,18,17
30831,Hejduk,frostmane,1533,warrior,fury,30,20,10
30832,Telrion,silvermoon,1525,warrior,fury,30,16,14
30833,Вундеркитти,soulflayer,1520,warrior,fury,48,23,25
30834,Bözzy,stormreaver,1518,warrior,fury,120,60,60
30835,Skylexs,burning-legion,1517,warrior,fury,36,16,20
30836,Zwecko,malganis,1513,warrior,fury,30,16,14
30837,Halfbroken,moonglade,1511,warrior,fury,48,19,29
30838,Pokopo,blackrock,1510,warrior,fury,42,23,19
30839,Втораянатура,howling-fjord,1508,warrior,fury,36,22,14
30840,Вменяемый,gordunni,1508,warrior,fury,53,26,27
30841,Темнозорь,ashenvale,1504,warrior,fury,30,16,14
30842,Truckfury,ravencrest,1504,warrior,fury,88,46,42
30843,Jarggyül,culte-de-la-rive-noire,1500,warrior,fury,36,21,15
30844,Crriminal,ravencrest,1498,warrior,fury,24,16,8
30845,Sebastian,ravencrest,1498,warrior,fury,60,29,31
30846,Неуно,howling-fjord,1494,warrior,fury,36,22,14
30847,Certavus,antonidas,1494,warrior,fury,42,21,21
30848,Evrybodydown,draenor,1492,warrior,fury,148,77,71
30849,Лимор,howling-fjord,1488,warrior,fury,42,16,26
30850,Ärmodäuss,norgannon,1486,warrior,fury,63,31,32
30851,Варрвик,howling-fjord,1486,warrior,fury,39,19,20
30852,Gronos,silvermoon,1485,warrior,fury,31,16,15
30853,Harbee,stormscale,1484,warrior,fury,72,41,31
30854,Gìlgamesh,dun-modr,1478,warrior,fury,37,22,15
30855,Wøokz,argent-dawn,1475,warrior,fury,136,66,70
30856,Whimbux,stormscale,1474,warrior,fury,39,21,18
30857,Krieg,garrosh,1464,warrior,fury,47,18,29
30858,Craghak,twisting-nether,1463,warrior,fury,76,38,38
30859,Roidspam,outland,1463,warrior,fury,53,18,35
30860,Нордгаар,howling-fjord,1462,warrior,fury,30,18,12
30861,Анакронокс,howling-fjord,1461,warrior,fury,58,29,29
30862,Zeliøn,elune,1460,warrior,fury,72,44,28
30863,Grubshak,burning-legion,1460,warrior,fury,47,22,25
30864,Bobitybob,ravencrest,1457,warrior,fury,36,22,14
30865,Èscøbar,dalaran,1454,warrior,fury,49,23,26
30866,Zugbro,stormscale,1452,warrior,fury,48,25,23
30867,Hrodulf,moonglade,1448,warrior,fury,78,35,43
30868,Jorund,archimonde,1445,warrior,fury,36,17,19
30869,Jyukei,archimonde,1442,warrior,fury,24,17,7
30870,Арестант,soulflayer,1442,warrior,fury,95,53,42
30871,Спайкуссь,goldrinn,1440,warrior,fury,36,21,15
30872,Dragão,kazzak,1440,warrior,fury,60,28,32
30873,Lillebibbi,tarren-mill,1438,warrior,fury,35,16,19
30874,Zaximos,twisting-nether,1433,warrior,fury,33,17,16
30875,Tweegles,argent-dawn,1433,warrior,fury,65,31,34
30876,Boos,burning-legion,1432,warrior,fury,24,15,9
30877,Thorken,ragnaros,1431,warrior,fury,36,16,20
30878,Kobeni,ysondre,1429,warrior,fury,44,26,18
30879,Fridaax,lightbringer,1427,warrior,fury,24,15,9
30880,Tatabaf,ysondre,1426,warrior,fury,30,17,13
30881,Хуфхорнс,soulflayer,1425,warrior,fury,27,16,11
30882,Гронвер,soulflayer,1425,warrior,fury,50,27,23
30883,Æsterius,blackmoore,1423,warrior,fury,83,41,42
30884,Antismoke,silvermoon,1423,warrior,fury,57,28,29
30885,Reidunøks,kazzak,1422,warrior,fury,59,32,27
30886,Madaxe,kazzak,1421,warrior,fury,24,15,9
30887,Arthoc,sanguino,1420,warrior,fury,30,15,15
30888,Profär,archimonde,1419,warrior,fury,30,16,14
30889,Rommick,guldan,1416,warrior,fury,36,17,19
30890,Corrin,frostmourne,1413,warrior,fury,87,48,39
30891,Stratoz,ragnaros,1412,warrior,fury,33,16,17
30892,Hítmachine,outland,1412,warrior,fury,60,29,31
30893,Скехит,blackscar,1412,warrior,fury,42,18,24
30894,Mustar,alexstrasza,1407,warrior,fury,65,37,28
30895,Ganaroth,tarren-mill,1403,warrior,fury,30,18,12
30896,Krauus,silvermoon,1402,warrior,fury,103,56,47
30897,Dödgrävarn,stormscale,1402,warrior,fury,30,15,15
30898,Akînos,kazzak,1400,warrior,fury,57,27,30
30899,Hidaykus,bronzebeard,1399,warrior,fury,70,35,35
30900,Chrissey,argent-dawn,1396,warrior,fury,33,15,18
30901,Bukisan,sylvanas,1395,warrior,fury,42,20,22
30902,Unchåined,burning-legion,1390,warrior,fury,45,22,23
30903,Keriane,garona,1389,warrior,fury,65,33,32
30904,Штормскейл,soulflayer,1388,warrior,fury,30,16,14
30905,Васильна,soulflayer,1384,warrior,fury,30,19,11
30906,Botgrinder,blackhand,1377,warrior,fury,29,20,9
30907,Terisá,blackmoore,1377,warrior,fury,40,20,20
30908,Fîlzlaus,area-52,1375,warrior,fury,30,15,15
30909,Hawkman,outland,1374,warrior,fury,23,15,8
30910,Torok,antonidas,1372,warrior,fury,30,21,9
30911,Zêke,thrall,1369,warrior,fury,18,16,2
30912,Inconcussae,drakthul,1369,warrior,fury,24,16,8
30913,Somalisktjur,tarren-mill,1369,warrior,fury,30,17,13
30914,Нириэла,howling-fjord,1367,warrior,fury,60,27,33
30915,Touguro,aggra-português,1366,warrior,fury,45,18,27
30916,Borntothis,zuljin,1363,warrior,fury,68,39,29
30917,Gruttak,aegwynn,1361,warrior,fury,24,16,8
30918,Ribastur,blackmoore,1361,warrior,fury,138,74,64
30919,Toundrâa,archimonde,1360,warrior,fury,105,51,54
30920,Realz,malganis,1359,warrior,fury,60,32,28
30921,Wärfäcë,blades-edge,1357,warrior,fury,40,23,17
30922,Чпонькмашина,soulflayer,1357,warrior,fury,54,30,24
30923,Dõxlol,kazzak,1343,warrior,fury,18,14,4
30924,Zíreael,ravencrest,1342,warrior,fury,60,29,31
30925,Grimli,burning-legion,1341,warrior,fury,36,22,14
30926,Stretch,thrall,1341,warrior,fury,31,15,16
30927,Mitu,sanguino,1338,warrior,fury,24,14,10
30928,Kundrak,blackhand,1334,warrior,fury,37,19,18
30929,Killhound,argent-dawn,1332,warrior,fury,24,14,10
30930,Акози,fordragon,1332,warrior,fury,60,33,27
30931,Kragar,anetheron,1329,warrior,fury,45,25,20
30932,Жироштемп,gordunni,1329,warrior,fury,34,15,19
30933,Skefe,archimonde,1327,warrior,fury,34,21,13
30934,Джелорд,howling-fjord,1326,warrior,fury,30,14,16
30935,Deusi,garrosh,1324,warrior,fury,48,28,20
30936,Buzzingwarr,tarren-mill,1318,warrior,fury,60,29,31
30937,Svênsk,argent-dawn,1317,warrior,fury,32,17,15
30938,Xsasuke,ragnaros,1317,warrior,fury,36,17,19
30939,Tigron,burning-legion,1314,warrior,fury,24,16,8
30940,Слайдус,gordunni,1313,warrior,fury,44,25,19
30941,Вархаус,blackscar,1313,warrior,fury,39,21,18
30942,Ninja,bronze-dragonflight,1312,warrior,fury,87,42,45
30943,Барабумм,soulflayer,1310,warrior,fury,77,41,36
30944,Ælvstan,argent-dawn,1310,warrior,fury,59,30,29
30945,Ryù,dun-modr,1310,warrior,fury,30,14,16
30946,Старопрамен,thermaplugg,1309,warrior,fury,145,74,71
30947,Midvînter,silvermoon,1307,warrior,fury,33,15,18
30948,Bigrooster,argent-dawn,1303,warrior,fury,102,52,50
30949,Reckless,tarren-mill,1300,warrior,fury,42,22,20
30950,Tragix,hyjal,1300,warrior,fury,42,18,24
30951,Toughwar,tarren-mill,1297,warrior,fury,42,24,18
30952,Kirkwood,terokkar,1297,warrior,fury,41,23,18
30953,Машамеч,blackscar,1289,warrior,fury,84,42,42
30954,Buzzingorc,tarren-mill,1285,warrior,fury,60,32,28
30955,Usz,thunderhorn,1284,warrior,fury,30,19,11
30956,Суммрак,grom,1284,warrior,fury,30,15,15
30957,Rìsàs,draenor,1282,warrior,fury,125,57,68
30958,Sammäel,eldrethalas,1281,warrior,fury,36,19,17
30959,Trollboii,ravencrest,1274,warrior,fury,27,14,13
30960,Haewon,burning-legion,1273,warrior,fury,47,22,25
30961,Wariio,khaz-modan,1272,warrior,fury,47,27,20
30962,Honeymew,draenor,1271,warrior,fury,66,27,39
30963,Watntietnn,burning-blade,1268,warrior,fury,49,24,25
30964,Unn,ragnaros,1266,warrior,fury,42,20,22
30965,Zerm,draenor,1262,warrior,fury,24,15,9
30966,Gritzi,dragonblight,1262,warrior,fury,60,29,31
30967,Бормормуш,gordunni,1261,warrior,fury,73,30,43
30968,Dundulinka,outland,1255,warrior,fury,46,17,29
30969,Neopronouns,stormscale,1248,warrior,fury,18,13,5
30970,Immørtálx,tarren-mill,1248,warrior,fury,24,13,11
30971,Рагнарульв,gordunni,1248,warrior,fury,36,15,21
30972,Oughn,silvermoon,1247,warrior,fury,39,19,20
30973,Stóna,blackmoore,1247,warrior,fury,36,13,23
30974,Warrzor,auchindoun,1246,warrior,fury,30,13,17
30975,Котаче,soulflayer,1242,warrior,fury,24,13,11
30976,Eygón,silvermoon,1241,warrior,fury,24,13,11
30977,Tàuruss,blackhand,1241,warrior,fury,34,18,16
30978,Рсдрпб,eversong,1241,warrior,fury,30,15,15
30979,Lâmy,khaz-modan,1240,warrior,fury,60,26,34
30980,Arkataz,argent-dawn,1239,warrior,fury,24,13,11
30981,Fizzywarrior,blackmoore,1239,warrior,fury,24,13,11
30982,Alexandrrior,rexxar,1237,warrior,fury,18,13,5
30983,Mamox,archimonde,1236,warrior,fury,25,14,11
30984,Azzog,archimonde,1234,warrior,fury,80,44,36
30985,Dizzyndumb,draenor,1228,warrior,fury,80,38,42
30986,Кимиюки,gordunni,1228,warrior,fury,30,13,17
30987,Skullfondler,argent-dawn,1226,warrior,fury,24,13,11
30988,Quigatron,frostmane,1225,warrior,fury,42,25,17
30989,Schmetterina,proudmoore,1223,warrior,fury,49,28,21
30990,Thors,deathwing,1211,warrior,fury,76,38,38
30991,Delinde,cthun,1209,warrior,fury,93,45,48
30992,Warrmax,darksorrow,1208,warrior,fury,42,22,20
30993,Аштау,howling-fjord,1204,warrior,fury,97,42,55
30994,Toporceanul,kazzak,1201,warrior,fury,41,14,27
30995,Zetsurin,sylvanas,1201,warrior,fury,42,14,28
30996,Agitoyami,defias-brotherhood,1200,warrior,fury,60,34,26
30997,Ragecap,rexxar,1198,warrior,fury,36,16,20
30998,Жужащий,howling-fjord,1197,warrior,fury,74,31,43
30999,Blaying,ravencrest,1192,warrior,fury,23,13,10
31000,Nubá,burning-legion,1187,warrior,fury,36,24,12
31001,Saey,malorne,1186,warrior,fury,42,18,24
31002,Азктор,soulflayer,1186,warrior,fury,35,15,20
31003,Warinator,ravencrest,1177,warrior,fury,19,14,5
31004,Coyle,eredar,1175,warrior,fury,98,42,56
31005,Hobbó,draenor,1175,warrior,fury,48,13,35
31006,Номер,eversong,1174,warrior,fury,126,56,70
31007,Kebra,blackmoore,1170,warrior,fury,57,32,25
31008,Tato,frostmourne,1165,warrior,fury,23,13,10
31009,Rofos,hellscream,1161,warrior,fury,28,13,15
31010,Säl,ragnaros,1160,warrior,fury,31,17,14
31011,Joeférnandes,ragnaros,1152,warrior,fury,18,12,6
31012,Tanja,bronzebeard,1151,warrior,fury,24,12,12
31013,Исскатель,gordunni,1150,warrior,fury,12,12,0
31014,Violentfunky,ravencrest,1150,warrior,fury,24,12,12
31015,Артен,ashenvale,1149,warrior,fury,18,12,6
31016,Baoni,hyjal,1144,warrior,fury,30,12,18
31017,Bluemango,ragnaros,1141,warrior,fury,24,12,12
31018,Itchiiz,alonsus,1138,warrior,fury,24,12,12
31019,Андервульф,booty-bay,1137,warrior,fury,30,12,18
31020,Mortalclaw,kazzak,1136,warrior,fury,39,14,25
31021,Exhumator,blackhand,1135,warrior,fury,36,12,24
31022,Tyrâdus,kiljaeden,1128,warrior,fury,24,12,12
31023,Sadjoke,draenor,1125,warrior,fury,30,13,17
31024,Well,kult-der-verdammten,1121,warrior,fury,24,12,12
31025,Nykyro,draenor,1119,warrior,fury,54,23,31
31026,Moustachu,kirin-tor,1118,warrior,fury,27,14,13
31027,Antraex,zuljin,1118,warrior,fury,24,12,12
31028,Shieldlord,kazzak,1117,warrior,fury,77,29,48
31029,Rayeron,sanguino,1115,warrior,fury,54,24,30
31030,Izmadfurax,archimonde,1110,warrior,fury,24,13,11
31031,Красемир,deepholm,1097,warrior,fury,47,23,24
31032,Sabrewølf,blackmoore,1096,warrior,fury,48,24,24
31033,Moggorr,nemesis,1095,warrior,fury,29,12,17
31034,Shalren,nordrassil,1092,warrior,fury,44,23,21
31035,Floppikatten,kazzak,1091,warrior,fury,18,13,5
31036,Копенгаген,ashenvale,1087,warrior,fury,30,16,14
31037,Shadowcacau,aggra-português,1079,warrior,fury,23,12,11
31038,Ragnòk,eredar,1076,warrior,fury,42,15,27
31039,Seka,nozdormu,1068,warrior,fury,60,32,28
31040,Помойник,gordunni,1059,warrior,fury,59,37,22
31041,Bananapower,aszune,1055,warrior,fury,18,11,7
31042,Maroux,malganis,1055,warrior,fury,18,11,7
31043,Eddíemòrphin,kazzak,1055,warrior,fury,18,11,7
31044,Hirbz,silvermoon,1055,warrior,fury,24,13,11
31045,Мастерион,soulflayer,1054,warrior,fury,18,11,7
31046,Spokowar,hyjal,1054,warrior,fury,18,11,7
31047,Грамол,soulflayer,1054,warrior,fury,18,11,7
31048,Chidòri,tarren-mill,1054,warrior,fury,18,11,7
31049,Furyre,ysondre,1054,warrior,fury,25,12,13
31050,Snuzzygeezer,ravencrest,1053,warrior,fury,18,11,7
31051,Oksimbillah,blackrock,1053,warrior,fury,24,11,13
31052,Cocojumbo,azuremyst,1051,warrior,fury,18,11,7
31053,Murgrimm,die-silberne-hand,1051,warrior,fury,45,26,19
31054,Sairos,kirin-tor,1051,warrior,fury,60,33,27
31055,Amagaddon,draenor,1050,warrior,fury,28,12,16
31056,Ranndall,blackrock,1050,warrior,fury,30,12,18
31057,Dríppy,aegwynn,1046,warrior,fury,18,11,7
31058,Whysospicey,lightbringer,1043,warrior,fury,21,12,9
31059,Offpants,drakthul,1041,warrior,fury,30,11,19
31060,Вардеспетчер,razuvious,1040,warrior,fury,24,11,13
31061,Hangovar,thrall,1035,warrior,fury,21,12,9
31062,Tdanielt,burning-legion,1032,warrior,fury,18,11,7
31063,Bigmercy,ragnaros,1031,warrior,fury,24,11,13
31064,Falaliss,elune,1030,warrior,fury,36,18,18
31065,Macgull,ysondre,1028,warrior,fury,30,12,18
31066,Valhrann,dalaran,1024,warrior,fury,24,11,13
31067,Orcgrim,nozdormu,1019,warrior,fury,42,20,22
31068,Gabbz,aggra-português,1018,warrior,fury,27,12,15
31069,Achonar,draenor,1012,warrior,fury,23,11,12
31070,Nogo,nagrand,1010,warrior,fury,38,24,14
31071,Kungeen,silvermoon,1010,warrior,fury,36,12,24
31072,Blaktarr,dunemaul,1003,warrior,fury,21,11,10
31073,Fknmoo,kazzak,997,warrior,fury,78,39,39
31074,Kurko,blackmoore,997,warrior,fury,23,11,12
31075,Xonnico,ravencrest,997,warrior,fury,24,11,13
31076,Fatspacka,argent-dawn,989,warrior,fury,20,11,9
31077,Niozihex,the-maelstrom,984,warrior,fury,36,15,21
31078,Krlebajker,tarren-mill,977,warrior,fury,27,14,13
31079,Эребб,howling-fjord,966,warrior,fury,60,29,31
31080,Pj,sanguino,960,warrior,fury,12,10,2
31081,Thrallhall,kazzak,960,warrior,fury,12,10,2
31082,Borndet,eredar,959,warrior,fury,12,10,2
31083,Highoverlord,aggra-português,959,warrior,fury,18,10,8
31084,Spitonem,blackrock,959,warrior,fury,18,10,8
31085,Solaje,dun-modr,959,warrior,fury,18,10,8
31086,Груббоб,booty-bay,958,warrior,fury,18,10,8
31087,Monbun,silvermoon,958,warrior,fury,18,10,8
31088,Bravestar,ungoro,958,warrior,fury,24,10,14
31089,Budwise,stormscale,957,warrior,fury,18,10,8
31090,Settin,silvermoon,956,warrior,fury,18,10,8
31091,Sperta,frostmourne,956,warrior,fury,36,18,18
31092,Thodak,blackrock,956,warrior,fury,30,10,20
31093,Борзило,howling-fjord,953,warrior,fury,18,10,8
31094,Darriuso,kazzak,952,warrior,fury,24,10,14
31095,Draxxann,ravencrest,946,warrior,fury,12,10,2
31096,Xaturesw,twisting-nether,943,warrior,fury,12,10,2
31097,Stroj,aerie-peak,932,warrior,fury,30,17,13
31098,Mybigcow,darkspear,926,warrior,fury,23,10,13
31099,Bolss,silvermoon,917,warrior,fury,31,11,20
31100,Dirtybugga,nagrand,916,warrior,fury,16,11,5
31101,Rédsonja,chamber-of-aspects,914,warrior,fury,36,18,18
31102,Иктиннос,gordunni,911,warrior,fury,23,10,13
31103,Solatika,alexstrasza,901,warrior,fury,72,38,34
31104,Ogerit,blackmoore,898,warrior,fury,30,14,16
31105,Суферна,howling-fjord,894,warrior,fury,27,13,14
31106,Bëlzé,les-clairvoyants,887,warrior,fury,36,13,23
31107,Enzja,nazjatar,878,warrior,fury,19,10,9
31108,Taurras,nathrezim,878,warrior,fury,47,24,23
31109,Jâbs,hyjal,875,warrior,fury,36,11,25
31110,Licious,outland,864,warrior,fury,12,9,3
31111,Sparkzu,twisting-nether,864,warrior,fury,12,9,3
31112,Kihili,twisting-nether,864,warrior,fury,12,9,3
31113,Ifir,hyjal,864,warrior,fury,18,9,9
31114,Warzzor,auchindoun,864,warrior,fury,18,9,9
31115,Xark,drakthul,864,warrior,fury,18,9,9
31116,Heartmemphis,stormscale,864,warrior,fury,18,9,9
31117,Рэйвисмашина,gordunni,864,warrior,fury,24,9,15
31118,Веоленс,gordunni,863,warrior,fury,12,9,3
31119,Broksigarr,ragnaros,863,warrior,fury,12,9,3
31120,Bartins,magtheridon,863,warrior,fury,12,9,3
31121,Goomby,argent-dawn,863,warrior,fury,18,9,9
31122,Honzakesl,drakthul,863,warrior,fury,18,9,9
31123,Нейв,blackscar,863,warrior,fury,18,9,9
31124,Showerfresh,silvermoon,863,warrior,fury,18,9,9
31125,Picciocino,nemesis,863,warrior,fury,24,9,15
31126,Zyzie,argent-dawn,863,warrior,fury,24,9,15
31127,Tandrall,rexxar,863,warrior,fury,24,9,15
31128,Grimleaper,twisting-nether,862,warrior,fury,18,9,9
31129,Baldemort,antonidas,862,warrior,fury,21,10,11
31130,Тегриско,goldrinn,862,warrior,fury,24,9,15
31131,Throck,drakthul,861,warrior,fury,18,9,9
31132,Toecutter,defias-brotherhood,859,warrior,fury,21,10,11
31133,Valkirya,arthas,859,warrior,fury,24,9,15
31134,Alevucerdaa,draenor,858,warrior,fury,24,9,15
31135,Oxascand,kazzak,856,warrior,fury,27,10,17
31136,Rèckless,argent-dawn,852,warrior,fury,18,12,6
31137,Pollverizer,ghostlands,851,warrior,fury,36,16,20
31138,Ânaxi,silvermoon,831,warrior,fury,14,10,4
31139,Gôrilla,kazzak,831,warrior,fury,20,10,10
31140,Warallari,khaz-modan,829,warrior,fury,18,9,9
31141,Tiscanno,nemesis,828,warrior,fury,24,11,13
31142,Fenr,sanguino,819,warrior,fury,17,11,6
31143,Jøtawarrior,sanguino,815,warrior,fury,17,9,8
31144,Варриорнир,howling-fjord,814,warrior,fury,14,10,4
31145,Jaý,draenor,814,warrior,fury,15,10,5
31146,Flexbot,blackmoore,809,warrior,fury,20,10,10
31147,Gamepresa,silvermoon,783,warrior,fury,13,9,4
31148,Blizo,tarren-mill,768,warrior,fury,12,8,4
31149,Jengaa,draenor,768,warrior,fury,12,8,4
31150,Oowar,burning-legion,768,warrior,fury,12,8,4
31151,Ciuez,tarren-mill,768,warrior,fury,12,8,4
31152,Релайк,gordunni,768,warrior,fury,12,8,4
31153,Zern,draenor,768,warrior,fury,12,8,4
31154,Wgdx,ravencrest,768,warrior,fury,18,8,10
31155,Luphrek,ysondre,768,warrior,fury,18,8,10
31156,Prixor,grim-batol,768,warrior,fury,18,8,10
31157,Joéfernandés,sylvanas,768,warrior,fury,18,8,10
31158,Мастерпве,blackscar,767,warrior,fury,12,8,4
31159,Denshyel,dun-modr,767,warrior,fury,12,8,4
31160,Skeptikal,argent-dawn,767,warrior,fury,12,8,4
31161,Баджераа,soulflayer,767,warrior,fury,12,8,4
31162,Báshx,outland,767,warrior,fury,12,8,4
31163,Míngxuan,tarren-mill,767,warrior,fury,12,8,4
31164,Ðíscøwârrìør,nethersturm,767,warrior,fury,18,8,10
31165,Divyx,tarren-mill,767,warrior,fury,18,8,10
31166,Elainax,eredar,767,warrior,fury,18,8,10
31167,Dallion,azjolnerub,767,warrior,fury,18,8,10
31168,Ødên,frostmane,767,warrior,fury,18,8,10
31169,Gromrigg,draenor,767,warrior,fury,18,8,10
31170,Глинм,gordunni,767,warrior,fury,24,8,16
31171,Ампутиль,gordunni,766,warrior,fury,12,8,4
31172,Thebiggreen,twisting-nether,766,warrior,fury,12,8,4
31173,Лазба,gordunni,766,warrior,fury,16,9,7
31174,Arlan,dragonblight,766,warrior,fury,30,8,22
31175,Сэч,gordunni,765,warrior,fury,12,8,4
31176,Dramiél,tarren-mill,765,warrior,fury,12,8,4
31177,Cuuz,outland,765,warrior,fury,18,8,10
31178,Drswing,kazzak,764,warrior,fury,24,8,16
31179,Greatsword,turalyon,763,warrior,fury,12,8,4
31180,Ipes,blackmoore,763,warrior,fury,15,9,6
31181,Cazzpowa,frostmane,762,warrior,fury,12,8,4
31182,Kaerz,ysondre,762,warrior,fury,18,8,10
31183,Ikkr,kazzak,762,warrior,fury,24,8,16
31184,Khaalo,blackhand,760,warrior,fury,12,8,4
31185,Вагранна,soulflayer,719,warrior,fury,17,8,9
31186,Осгаард,gordunni,711,warrior,fury,21,10,11
31187,Дмидрашх,howling-fjord,672,warrior,fury,10,8,2
31188,Где,blackscar,672,warrior,fury,12,7,5
31189,Quadfather,kazzak,672,warrior,fury,12,7,5
31190,Waroworgen,terokkar,672,warrior,fury,12,7,5
31191,Yserá,auchindoun,672,warrior,fury,12,7,5
31192,Duarel,blackmoore,672,warrior,fury,12,7,5
31193,Lyrv,ravencrest,672,warrior,fury,12,7,5
31194,Uwuwarrior,alleria,672,warrior,fury,12,7,5
31195,Senshin,sanguino,672,warrior,fury,12,7,5
31196,Tidarius,twisting-nether,672,warrior,fury,12,7,5
31197,Zwareboy,frostmane,672,warrior,fury,12,7,5
31198,Фомори,howling-fjord,672,warrior,fury,12,7,5
31199,Skillclapped,ravencrest,672,warrior,fury,12,7,5
31200,Avgorcgodx,stormscale,672,warrior,fury,12,7,5
31201,Faraam,sunstrider,672,warrior,fury,16,8,8
31202,Gramrosh,eredar,672,warrior,fury,18,7,11
31203,Shintuargar,blackrock,672,warrior,fury,18,7,11
31204,Кэйкан,gordunni,672,warrior,fury,18,7,11
31205,Emcix,aszune,672,warrior,fury,18,7,11
31206,Тактоядобрый,ashenvale,672,warrior,fury,18,7,11
31207,Biturboo,blackrock,672,warrior,fury,22,8,14
31208,Dgyfh,dun-morogh,671,warrior,fury,12,7,5
31209,Теокрафт,howling-fjord,671,warrior,fury,12,7,5
31210,Broknagar,draenor,671,warrior,fury,12,7,5
31211,Buffury,twisting-nether,671,warrior,fury,12,7,5
31212,Sargonas,burning-blade,671,warrior,fury,12,7,5
31213,Diioxyde,temple-noir,671,warrior,fury,12,7,5
31214,Sniperwølf,tyrande,671,warrior,fury,12,7,5
31215,Jaowa,blackmoore,671,warrior,fury,18,7,11
31216,Hagoxfit,los-errantes,671,warrior,fury,18,7,11
31217,Джэкмен,soulflayer,670,warrior,fury,12,7,5
31218,Напутанность,soulflayer,670,warrior,fury,18,7,11
31219,Téldrus,blackrock,667,warrior,fury,12,7,5
31220,Garosh,drakthul,666,warrior,fury,12,7,5
31221,Solidier,archimonde,666,warrior,fury,18,7,11
31222,Merdé,blackhand,658,warrior,fury,12,7,5
31223,Tiapollo,dun-modr,653,warrior,fury,23,7,16
31224,Blutwar,kazzak,649,warrior,fury,23,11,12
31225,Aleextrasza,silvermoon,607,warrior,fury,14,7,7
31226,Scofiéld,lordaeron,601,warrior,fury,11,7,4
31227,Quarantino,ysondre,590,warrior,fury,17,7,10
31228,Syltetballe,kazzak,576,warrior,fury,6,6,0
31229,Артэкриогг,soulflayer,576,warrior,fury,6,6,0
31230,Shilix,twisting-nether,576,warrior,fury,6,6,0
31231,Exeldians,burning-legion,576,warrior,fury,6,6,0
31232,Féélmyfury,tarren-mill,576,warrior,fury,11,6,5
31233,Stanfury,sylvanas,576,warrior,fury,12,6,6
31234,Nallepúh,silvermoon,576,warrior,fury,12,6,6
31235,Dírectdash,draenor,576,warrior,fury,12,6,6
31236,Lepetitwar,hyjal,576,warrior,fury,12,6,6
31237,Redwraith,stormscale,576,warrior,fury,12,6,6
31238,Rarcus,chamber-of-aspects,576,warrior,fury,12,6,6
31239,Едигейй,gordunni,576,warrior,fury,12,6,6
31240,Brigitá,argent-dawn,576,warrior,fury,12,6,6
31241,Circumcist,dragonblight,576,warrior,fury,12,6,6
31242,Dhloos,kazzak,576,warrior,fury,12,6,6
31243,Рэйлет,gordunni,576,warrior,fury,12,6,6
31244,Ralzung,twisting-nether,576,warrior,fury,12,6,6
31245,Løktær,blackmoore,576,warrior,fury,12,6,6
31246,Sakumo,sylvanas,576,warrior,fury,12,6,6
31247,Shurubel,outland,576,warrior,fury,12,6,6
31248,Humanboi,ravencrest,576,warrior,fury,12,6,6
31249,Crandalius,kazzak,576,warrior,fury,12,6,6
31250,Rimvar,alleria,576,warrior,fury,12,6,6
31251,Лаинвуд,soulflayer,576,warrior,fury,12,6,6
31252,Perinel,draenor,576,warrior,fury,17,6,11
31253,Mazzkze,silvermoon,576,warrior,fury,18,6,12
31254,Prettyangel,aegwynn,576,warrior,fury,18,6,12
31255,Silq,zuljin,576,warrior,fury,18,6,12
31256,Сталиран,gordunni,576,warrior,fury,18,6,12
31257,Bäiley,drakthul,576,warrior,fury,24,6,18
31258,Esegryel,argent-dawn,575,warrior,fury,12,6,6
31259,Flaggerware,stormscale,575,warrior,fury,12,6,6
31260,Bloódángel,frostwolf,575,warrior,fury,12,6,6
31261,Malasortë,sylvanas,575,warrior,fury,12,6,6
31262,Richymorty,los-errantes,575,warrior,fury,12,6,6
31263,Daramir,turalyon,575,warrior,fury,12,6,6
31264,Oravedenes,draenor,575,warrior,fury,12,6,6
31265,Jâmâli,malganis,575,warrior,fury,12,6,6
31266,Durrüti,sanguino,575,warrior,fury,12,6,6
31267,Nihroxis,blackrock,575,warrior,fury,12,6,6
31268,Nmwar,turalyon,575,warrior,fury,12,6,6
31269,Конвержн,howling-fjord,575,warrior,fury,12,6,6
31270,Fightinghell,stormrage,575,warrior,fury,12,6,6
31271,Drolaret,zuljin,575,warrior,fury,15,6,9
31272,Akäme,ysondre,575,warrior,fury,18,6,12
31273,Вкусныисыр,soulflayer,574,warrior,fury,12,6,6
31274,Блиблоб,eversong,574,warrior,fury,12,6,6
31275,Grobler,blackhand,574,warrior,fury,18,6,12
31276,Sparkss,sylvanas,573,warrior,fury,12,6,6
31277,Kharzak,ungoro,573,warrior,fury,12,6,6
31278,Джомалкович,deathweaver,572,warrior,fury,12,6,6
31279,Mistawolf,ravencrest,570,warrior,fury,18,6,12
31280,Guinnasse,khaz-modan,567,warrior,fury,12,6,6
31281,Арнвальд,galakrond,566,warrior,fury,12,6,6
31282,Miina,blutkessel,566,warrior,fury,12,6,6
31283,Reccey,blackrock,527,warrior,fury,11,6,5
31284,Skeptikal,tarren-mill,527,warrior,fury,11,6,5
31285,Dûrøtan,marécage-de-zangar,527,warrior,fury,15,6,9
31286,Balsor,frostmane,526,warrior,fury,11,6,5
31287,Retmain,draenor,522,warrior,fury,20,8,12
31288,Therealskull,grim-batol,480,warrior,fury,6,5,1
31289,Tweran,drakthul,480,warrior,fury,6,5,1
31290,Bourbimrgllr,hyjal,480,warrior,fury,6,5,1
31291,Horovoko,kazzak,480,warrior,fury,6,5,1
31292,Astreimehns,sanguino,480,warrior,fury,6,5,1
31293,Timmyda,dalaran,480,warrior,fury,6,5,1
31294,Ганахан,soulflayer,480,warrior,fury,6,5,1
31295,Megabrux,colinas-pardas,480,warrior,fury,6,5,1
31296,Кроуфури,gordunni,480,warrior,fury,6,5,1
31297,Easypoîntsx,tarren-mill,480,warrior,fury,6,5,1
31298,Ptp,argent-dawn,480,warrior,fury,6,5,1
31299,Брокскрим,soulflayer,480,warrior,fury,6,5,1
31300,Дайбек,howling-fjord,480,warrior,fury,6,5,1
31301,Ézélya,dalaran,480,warrior,fury,6,5,1
31302,Pizdatos,ravencrest,480,warrior,fury,6,5,1
31303,Blackseven,ravencrest,480,warrior,fury,6,5,1
31304,Ruixxted,stormreaver,480,warrior,fury,12,5,7
31305,Rageaholic,blackmoore,480,warrior,fury,12,5,7
31306,Kondomi,stormreaver,480,warrior,fury,12,5,7
31307,Savarøx,blackmoore,480,warrior,fury,12,5,7
31308,Dauderup,aerie-peak,480,warrior,fury,12,5,7
31309,Soakmybeet,archimonde,480,warrior,fury,12,5,7
31310,Jugg,emerald-dream,480,warrior,fury,12,5,7
31311,Orkoje,argent-dawn,480,warrior,fury,12,5,7
31312,Dævedoff,sanguino,480,warrior,fury,12,5,7
31313,Stkacha,sanguino,480,warrior,fury,12,5,7
31314,Ulthrak,archimonde,480,warrior,fury,12,5,7
31315,Wallach,darkspear,480,warrior,fury,12,5,7
31316,Nightmareb,magtheridon,480,warrior,fury,12,5,7
31317,Darthmalgus,stormscale,480,warrior,fury,12,5,7
31318,Arthayl,eredar,480,warrior,fury,12,5,7
31319,Léonie,arakarahm,480,warrior,fury,12,5,7
31320,Axamo,ragnaros,480,warrior,fury,12,5,7
31321,Kolxoz,doomhammer,480,warrior,fury,12,5,7
31322,Punahabe,draenor,480,warrior,fury,12,5,7
31323,Helleon,twisting-nether,480,warrior,fury,12,5,7
31324,Cemule,doomhammer,480,warrior,fury,12,5,7
31325,Kagsteelfist,twisting-nether,480,warrior,fury,12,5,7
31326,Suknur,silvermoon,480,warrior,fury,12,5,7
31327,Ibunnyone,blackrock,480,warrior,fury,12,5,7
31328,Альмас,galakrond,480,warrior,fury,12,5,7
31329,Beznacaj,outland,480,warrior,fury,12,5,7
31330,Soullmike,drakthul,480,warrior,fury,12,5,7
31331,Гатал,howling-fjord,480,warrior,fury,12,5,7
31332,Pinkíe,blackmoore,480,warrior,fury,12,5,7
31333,Bigbugatti,draenor,480,warrior,fury,12,5,7
31334,Hellocritty,blackmoore,480,warrior,fury,12,5,7
31335,Ukloth,sanguino,480,warrior,fury,18,5,13
31336,Sodium,pozzo-delleternità,480,warrior,fury,18,5,13
31337,Honör,sylvanas,480,warrior,fury,18,5,13
31338,Prime,outland,479,warrior,fury,12,5,7
31339,Дерзкаяфурия,gordunni,479,warrior,fury,12,5,7
31340,Rqyz,tarren-mill,479,warrior,fury,12,5,7
31341,Варёнок,soulflayer,479,warrior,fury,12,5,7
31342,Cosmoses,mazrigos,479,warrior,fury,12,5,7
31343,Элейд,thermaplugg,479,warrior,fury,12,5,7
31344,Marklarstar,ragnaros,479,warrior,fury,12,5,7
31345,Luciferkhan,twisting-nether,479,warrior,fury,12,5,7
31346,Motorhead,tirion,479,warrior,fury,12,5,7
31347,Killpieric,krasus,479,warrior,fury,18,5,13
31348,Destrzadora,exodar,477,warrior,fury,12,5,7
31349,Roostai,shattered-hand,476,warrior,fury,12,5,7
31350,Horymir,ravencrest,463,warrior,fury,11,5,6
31351,Piinte,naxxramas,444,warrior,fury,11,5,6
31352,Valrathion,ravencrest,426,warrior,fury,17,8,9
31353,Yugoslav,argent-dawn,426,warrior,fury,16,6,10
31354,Djranji,kazzak,416,warrior,fury,10,5,5
31355,Famous,argent-dawn,400,warrior,fury,7,5,2
31356,Madvlad,twisting-nether,384,warrior,fury,6,4,2
31357,Jinrok,turalyon,384,warrior,fury,6,4,2
31358,Bravest,ragnaros,384,warrior,fury,6,4,2
31359,Bersurker,draenor,384,warrior,fury,6,4,2
31360,Нерморрог,howling-fjord,384,warrior,fury,6,4,2
31361,Oluwafunmila,tarren-mill,384,warrior,fury,6,4,2
31362,Pòóòóòóòópz,dun-modr,384,warrior,fury,6,4,2
31363,Nobelisarius,norgannon,384,warrior,fury,6,4,2
31364,Warbigboss,draenor,384,warrior,fury,6,4,2
31365,Gotnuub,tarren-mill,384,warrior,fury,6,4,2
31366,Stickifrån,darkspear,384,warrior,fury,6,4,2
31367,Vivaladirt,argent-dawn,384,warrior,fury,6,4,2
31368,Extasceh,turalyon,384,warrior,fury,6,4,2
31369,Infernall,burning-legion,384,warrior,fury,6,4,2
31370,Pierøne,nemesis,384,warrior,fury,6,4,2
31371,Chipstjuven,tarren-mill,384,warrior,fury,6,4,2
31372,Vullgrîm,blackmoore,384,warrior,fury,6,4,2
31373,Mórdér,blackmoore,384,warrior,fury,6,4,2
31374,Gandosh,blackmoore,384,warrior,fury,6,4,2
31375,Suzzon,hyjal,384,warrior,fury,6,4,2
31376,Truepassion,outland,384,warrior,fury,6,4,2
31377,Executte,zuljin,384,warrior,fury,6,4,2
31378,Dollystyle,kazzak,384,warrior,fury,6,4,2
31379,Lôcutus,thrall,384,warrior,fury,6,4,2
31380,Imora,silvermoon,384,warrior,fury,6,4,2
31381,Ryghar,silvermoon,384,warrior,fury,6,4,2
31382,Вульрайс,deepholm,384,warrior,fury,6,4,2
31383,Razzani,nathrezim,384,warrior,fury,6,4,2
31384,Dõxqt,kazzak,384,warrior,fury,6,4,2
31385,Orkboii,ravencrest,384,warrior,fury,6,4,2
31386,Стано,booty-bay,384,warrior,fury,6,4,2
31387,Zeldius,ravencrest,384,warrior,fury,6,4,2
31388,Daldiee,ravencrest,384,warrior,fury,6,4,2
31389,Кайзерчиф,soulflayer,384,warrior,fury,6,4,2
31390,Впижаме,gordunni,384,warrior,fury,6,4,2
31391,Ränchiëk,ravencrest,384,warrior,fury,6,4,2
31392,Цикламея,blackscar,384,warrior,fury,6,4,2
31393,Dominow,ysondre,384,warrior,fury,6,4,2
31394,Tsu,karazhan,384,warrior,fury,6,4,2
31395,Кладбошаа,gordunni,384,warrior,fury,10,5,5
31396,Мундэфэндэр,lich-king,384,warrior,fury,12,4,8
31397,Насувака,deathguard,384,warrior,fury,12,4,8
31398,Колобочек,eversong,384,warrior,fury,12,4,8
31399,Andjuu,doomhammer,384,warrior,fury,12,4,8
31400,Fistawarrior,nemesis,384,warrior,fury,12,4,8
31401,Bulletpants,argent-dawn,384,warrior,fury,12,4,8
31402,Katmos,baelgun,384,warrior,fury,12,4,8
31403,Fortressa,ravencrest,384,warrior,fury,12,4,8
31404,Изберг,soulflayer,384,warrior,fury,12,4,8
31405,Nekerka,burning-legion,384,warrior,fury,12,4,8
31406,Basiletha,hyjal,384,warrior,fury,12,4,8
31407,Bwonsàmdí,ragnaros,384,warrior,fury,12,4,8
31408,Elian,ragnaros,384,warrior,fury,12,4,8
31409,Kurenn,tarren-mill,384,warrior,fury,12,4,8
31410,Råkeff,tarren-mill,384,warrior,fury,12,4,8
31411,Аркашевич,gordunni,384,warrior,fury,12,4,8
31412,Nemecic,arathor,384,warrior,fury,12,4,8
31413,Tanalias,outland,384,warrior,fury,12,4,8
31414,Янесними,soulflayer,384,warrior,fury,12,4,8
31415,Poniroula,burning-legion,384,warrior,fury,12,4,8
31416,Garradoom,stormscale,384,warrior,fury,17,5,12
31417,Thibow,hyjal,383,warrior,fury,6,4,2
31418,Romanondo,doomhammer,383,warrior,fury,6,4,2
31419,Siltiel,marécage-de-zangar,383,warrior,fury,6,4,2
31420,Dullegriet,veknilash,383,warrior,fury,12,4,8
31421,Ruuddy,draenor,382,warrior,fury,12,4,8
31422,Beogor,grim-batol,367,warrior,fury,11,4,7
31423,Pitii,burning-legion,351,warrior,fury,8,5,3
31424,Toxîn,dalaran,351,warrior,fury,11,4,7
31425,Greensmash,hyjal,351,warrior,fury,14,5,9
31426,Bossít,doomhammer,336,warrior,fury,9,4,5
31427,Skillissues,argent-dawn,330,warrior,fury,11,7,4
31428,Ragedotcom,archimonde,320,warrior,fury,10,4,6
31429,Хоркан,blackscar,319,warrior,fury,8,4,4
31430,Manelar,draenor,319,warrior,fury,8,4,4
31431,Titza,silvermoon,319,warrior,fury,14,4,10
31432,Anaba,voljin,318,warrior,fury,10,4,6
31433,Гацс,soulflayer,288,warrior,fury,6,3,3
31434,Эфириад,soulflayer,288,warrior,fury,6,3,3
31435,Obox,ravencrest,288,warrior,fury,6,3,3
31436,Balltas,drakthul,288,warrior,fury,6,3,3
31437,Aìrwave,blackmoore,288,warrior,fury,6,3,3
31438,Warriorc,hellfire,288,warrior,fury,6,3,3
31439,Hortswarr,drakthul,288,warrior,fury,6,3,3
31440,Mfdoöm,draenor,288,warrior,fury,6,3,3
31441,Zerberos,drakthul,288,warrior,fury,6,3,3
31442,Cleavyera,tarren-mill,288,warrior,fury,6,3,3
31443,Afk,emeriss,288,warrior,fury,6,3,3
31444,Straya,malorne,288,warrior,fury,6,3,3
31445,Lâppön,blackmoore,288,warrior,fury,6,3,3
31446,Berzzerker,tarren-mill,288,warrior,fury,6,3,3
31447,Damonx,draenor,288,warrior,fury,6,3,3
31448,Whàtsup,stormscale,288,warrior,fury,6,3,3
31449,Bindera,silvermoon,288,warrior,fury,6,3,3
31450,Smâllpackage,silvermoon,288,warrior,fury,6,3,3
31451,Wärlør,ravencrest,288,warrior,fury,6,3,3
31452,Nifrediel,trollbane,288,warrior,fury,6,3,3
31453,Immera,silvermoon,288,warrior,fury,6,3,3
31454,Eekz,haomarush,288,warrior,fury,6,3,3
31455,Tarrior,shattered-halls,288,warrior,fury,6,3,3
31456,Xerone,doomhammer,288,warrior,fury,6,3,3
31457,Vatolocoese,dun-morogh,288,warrior,fury,6,3,3
31458,Eleborn,tarren-mill,288,warrior,fury,6,3,3
31459,Cryze,ravencrest,288,warrior,fury,6,3,3
31460,Eiche,kazzak,288,warrior,fury,6,3,3
31461,Grinrok,thrall,288,warrior,fury,6,3,3
31462,Geicoo,dalaran,288,warrior,fury,6,3,3
31463,Morganãrogán,ragnaros,288,warrior,fury,6,3,3
31464,Ivailowar,ravencrest,288,warrior,fury,6,3,3
31465,Кровостокхх,gordunni,288,warrior,fury,6,3,3
31466,Taeshalach,der-abyssische-rat,288,warrior,fury,6,3,3
31467,Skullsmasher,stormscale,288,warrior,fury,6,3,3
31468,Ntouziera,silvermoon,288,warrior,fury,6,3,3
31469,Manký,kazzak,288,warrior,fury,6,3,3
31470,Dangeruos,ragnaros,288,warrior,fury,6,3,3
31471,Wilmazutschn,nethersturm,288,warrior,fury,6,3,3
31472,Frankytank,antonidas,288,warrior,fury,6,3,3
31473,Drfeelgud,twisting-nether,288,warrior,fury,6,3,3
31474,Kapuchino,twisting-nether,288,warrior,fury,6,3,3
31475,Tabboonishka,draenor,288,warrior,fury,6,3,3
31476,Thundersword,sylvanas,288,warrior,fury,6,3,3
31477,Hazarku,colinas-pardas,288,warrior,fury,6,3,3
31478,Shán,defias-brotherhood,288,warrior,fury,6,3,3
31479,Ireincarnate,argent-dawn,288,warrior,fury,6,3,3
31480,Vory,ravencrest,288,warrior,fury,6,3,3
31481,Mïîäm,archimonde,288,warrior,fury,6,3,3
31482,Azotz,archimonde,288,warrior,fury,6,3,3
31483,Kronmw,dun-modr,288,warrior,fury,6,3,3
31484,Wunderwaffle,xavius,288,warrior,fury,6,3,3
31485,Izrael,alakir,288,warrior,fury,6,3,3
31486,Barrocket,aegwynn,288,warrior,fury,6,3,3
31487,Васяжелезо,gordunni,288,warrior,fury,6,3,3
31488,Madhardy,chamber-of-aspects,288,warrior,fury,6,3,3
31489,Uncledazzo,quelthalas,288,warrior,fury,6,3,3
31490,Cøbain,eredar,288,warrior,fury,6,3,3
31491,Bstgame,frostmane,288,warrior,fury,6,3,3
31492,Rägnât,dun-modr,288,warrior,fury,6,3,3
31493,Didgedelik,archimonde,288,warrior,fury,6,3,3
31494,Mumbojumbo,uldum,288,warrior,fury,6,3,3
31495,Anakhas,archimonde,288,warrior,fury,6,3,3
31496,Ульданианин,gordunni,288,warrior,fury,6,3,3
31497,Friendlytwo,quelthalas,288,warrior,fury,6,3,3
31498,Septymyya,eredar,288,warrior,fury,9,4,5
31499,Zercher,tarren-mill,288,warrior,fury,12,3,9
31500,Confliction,outland,288,warrior,fury,12,3,9
31501,Джондо,gordunni,288,warrior,fury,12,3,9
31502,Pamila,outland,288,warrior,fury,12,3,9
31503,Dabliu,burning-legion,288,warrior,fury,12,3,9
31504,Skykrow,ysondre,288,warrior,fury,12,3,9
31505,Зарган,howling-fjord,288,warrior,fury,12,3,9
31506,Ganian,stormscale,288,warrior,fury,12,3,9
31507,Malvred,eredar,288,warrior,fury,12,3,9
31508,Grommer,dentarg,288,warrior,fury,12,3,9
31509,Kiryn,draenor,288,warrior,fury,12,3,9
31510,Aphae,defias-brotherhood,288,warrior,fury,12,3,9
31511,Nightvision,skullcrusher,288,warrior,fury,12,3,9
31512,Zyn,outland,288,warrior,fury,12,3,9
31513,Valldi,argent-dawn,288,warrior,fury,12,3,9
31514,Urabrask,stormscale,288,warrior,fury,12,3,9
31515,Jasonnes,argent-dawn,288,warrior,fury,17,3,14
31516,Atelier,magtheridon,287,warrior,fury,6,3,3
31517,Gardom,doomhammer,287,warrior,fury,6,3,3
31518,Arnnau,dun-modr,287,warrior,fury,6,3,3
31519,Agunnai,karazhan,286,warrior,fury,6,3,3
31520,Execute,sanguino,239,warrior,fury,5,3,2
31521,Colliderbody,dun-modr,239,warrior,fury,5,3,2
31522,Hazl,balnazzar,238,warrior,fury,5,3,2
31523,Xqt,laughing-skull,234,warrior,fury,9,4,5
31524,Iarsonn,drakthul,223,warrior,fury,8,3,5
31525,Флокт,howling-fjord,208,warrior,fury,7,3,4
31526,Имбанутыйвар,soulflayer,192,warrior,fury,4,3,1
31527,Балласёж,gordunni,192,warrior,fury,9,3,6
31528,Holdemhammer,sanguino,192,warrior,fury,6,2,4
31529,Basingaa,pozzo-delleternità,192,warrior,fury,6,2,4
31530,Khòrne,sanguino,192,warrior,fury,6,2,4
31531,Гудмунт,borean-tundra,192,warrior,fury,6,2,4
31532,Hördê,zuljin,192,warrior,fury,6,2,4
31533,Eyolf,thunderhorn,192,warrior,fury,6,2,4
31534,Artheim,silvermoon,192,warrior,fury,6,2,4
31535,Amédé,ysondre,192,warrior,fury,6,2,4
31536,Fuwy,argent-dawn,192,warrior,fury,6,2,4
31537,Malalulu,burning-legion,192,warrior,fury,6,2,4
31538,Siuzy,blackrock,192,warrior,fury,6,2,4
31539,Shownomercy,blackrock,192,warrior,fury,6,2,4
31540,Sefty,tarren-mill,192,warrior,fury,6,2,4
31541,Zalazain,burning-legion,192,warrior,fury,6,2,4
31542,Саркон,ashenvale,192,warrior,fury,6,2,4
31543,Buntstift,thrall,192,warrior,fury,6,2,4
31544,Suichôken,archimonde,192,warrior,fury,6,2,4
31545,Onykat,aegwynn,192,warrior,fury,6,2,4
31546,Walkers,frostmane,192,warrior,fury,6,2,4
31547,Gregórry,eredar,192,warrior,fury,6,2,4
31548,Inflacija,grim-batol,192,warrior,fury,6,2,4
31549,Andij,blackmoore,192,warrior,fury,6,2,4
31550,Miotyz,ahnqiraj,192,warrior,fury,6,2,4
31551,Piixxz,hyjal,192,warrior,fury,6,2,4
31552,Rayyes,stormscale,192,warrior,fury,6,2,4
31553,Souler,burning-legion,192,warrior,fury,6,2,4
31554,Velgur,ravencrest,192,warrior,fury,6,2,4
31555,Ruz,defias-brotherhood,192,warrior,fury,6,2,4
31556,Alxqt,outland,192,warrior,fury,6,2,4
31557,Врэкклив,gordunni,192,warrior,fury,6,2,4
31558,Elkatar,stormscale,192,warrior,fury,6,2,4
31559,Apacolata,outland,192,warrior,fury,6,2,4
31560,Kalakalle,twisting-nether,192,warrior,fury,6,2,4
31561,Razoo,stormscale,192,warrior,fury,6,2,4
31562,Picklejuicer,argent-dawn,192,warrior,fury,6,2,4
31563,Qiz,silvermoon,192,warrior,fury,6,2,4
31564,Maniaco,kazzak,192,warrior,fury,6,2,4
31565,Sgàthach,silvermoon,192,warrior,fury,6,2,4
31566,Wembley,proudmoore,192,warrior,fury,6,2,4
31567,Nokturnâl,silvermoon,192,warrior,fury,6,2,4
31568,Mîcî,tarren-mill,192,warrior,fury,6,2,4
31569,Hulkzmash,tarren-mill,192,warrior,fury,6,2,4
31570,Fookyoup,stormscale,192,warrior,fury,6,2,4
31571,Чюнилингус,soulflayer,192,warrior,fury,6,2,4
31572,Антурим,howling-fjord,192,warrior,fury,6,2,4
31573,Evilweraz,turalyon,192,warrior,fury,6,2,4
31574,Zirvey,tarren-mill,192,warrior,fury,6,2,4
31575,Grenad,kazzak,192,warrior,fury,6,2,4
31576,Nexyycleave,kazzak,192,warrior,fury,6,2,4
31577,Nabucadnozor,illidan,192,warrior,fury,6,2,4
31578,Кентафурик,soulflayer,192,warrior,fury,6,2,4
31579,Freddie,baelgun,192,warrior,fury,6,2,4
31580,Ðèxs,ravencrest,192,warrior,fury,6,2,4
31581,Lianore,sanguino,192,warrior,fury,6,2,4
31582,Jriddyzug,ravencrest,192,warrior,fury,6,2,4
31583,Schuy,silvermoon,192,warrior,fury,6,2,4
31584,Xåb,dun-morogh,192,warrior,fury,8,2,6
31585,Schneklinge,blutkessel,192,warrior,fury,8,2,6
31586,Frowenn,ravencrest,192,warrior,fury,12,2,10
31587,Sycon,chamber-of-aspects,192,warrior,fury,12,2,10
31588,Giimlii,hyjal,192,warrior,fury,12,2,10
31589,Minotaureeni,silvermoon,192,warrior,fury,12,2,10
31590,Altroox,malorne,192,warrior,fury,12,2,10
31591,Pakusrage,defias-brotherhood,192,warrior,fury,12,2,10
31592,Angrethar,tarren-mill,192,warrior,fury,12,2,10
31593,Hembränt,hellfire,192,warrior,fury,12,2,10
31594,Arzes,draenor,192,warrior,fury,12,2,10
31595,Omosha,burning-legion,191,warrior,fury,6,2,4
31596,Dorinaz,die-aldor,191,warrior,fury,6,2,4
31597,Торакусу,gordunni,191,warrior,fury,6,2,4
31598,Tömahawk,defias-brotherhood,191,warrior,fury,6,2,4
31599,Mane,thunderhorn,191,warrior,fury,6,2,4
31600,Кереешка,howling-fjord,175,warrior,fury,11,2,9
31601,Limejuicer,argent-dawn,169,warrior,fury,12,5,7
31602,Brülldozer,kargath,159,warrior,fury,5,2,3
31603,Vlaax,ravencrest,138,warrior,fury,14,3,11
31604,Æxcoast,ravencrest,128,warrior,fury,4,2,2
31605,Текайко,eversong,96,warrior,fury,3,2,1
31606,Krunchä,ragnaros,96,warrior,fury,3,2,1
31607,Furyfame,darksorrow,96,warrior,fury,6,1,5
31608,Albabhaltair,quelthalas,96,warrior,fury,6,1,5
31609,Loty,drakthul,96,warrior,fury,6,1,5
31610,Galenthor,ravencrest,96,warrior,fury,6,1,5
31611,Feltias,drakthul,96,warrior,fury,6,1,5
31612,Армапипец,soulflayer,96,warrior,fury,6,1,5
31613,Raakalainen,vashj,96,warrior,fury,6,1,5
31614,Prîde,kazzak,96,warrior,fury,6,1,5
31615,Dp,area-52,96,warrior,fury,6,1,5
31616,Xenowarr,tarren-mill,96,warrior,fury,6,1,5
31617,Temprament,ravencrest,96,warrior,fury,6,1,5
31618,Raixxon,ragnaros,96,warrior,fury,6,1,5
31619,Coldstory,draenor,96,warrior,fury,6,1,5
31620,Dolora,ragnaros,96,warrior,fury,6,1,5
31621,Bladewound,draenor,96,warrior,fury,6,1,5
31622,Juanvaco,tarren-mill,96,warrior,fury,6,1,5
31623,Sorkk,kazzak,96,warrior,fury,6,1,5
31624,Naspy,stormscale,96,warrior,fury,6,1,5
31625,Wifioffline,silvermoon,96,warrior,fury,6,1,5
31626,Utharis,stormscale,96,warrior,fury,6,1,5
31627,Spacemachine,kazzak,96,warrior,fury,6,1,5
31628,Greekazi,kazzak,96,warrior,fury,6,1,5
31629,Mot,terenas,96,warrior,fury,6,1,5
31630,Luw,twisting-nether,96,warrior,fury,6,1,5
31631,Høxy,outland,96,warrior,fury,6,1,5
31632,Swordluw,argent-dawn,96,warrior,fury,6,1,5
31633,Wiliamwalace,zuljin,96,warrior,fury,6,1,5
31634,Фиббоначи,deathguard,96,warrior,fury,6,1,5
31635,Wanzzeur,hyjal,96,warrior,fury,6,1,5
31636,Kronstris,veklor,96,warrior,fury,6,1,5
31637,Riptide,aggra-português,96,warrior,fury,6,1,5
31638,Moldamis,blackhand,96,warrior,fury,6,1,5
31639,Stratic,blackmoore,96,warrior,fury,6,1,5
31640,Marícan,blackmoore,96,warrior,fury,6,1,5
31641,Elesharde,sanguino,96,warrior,fury,6,1,5
31642,Grisettê,archimonde,96,warrior,fury,6,1,5
31643,Azrail,xavius,96,warrior,fury,6,1,5
31644,Corpsecount,stormrage,96,warrior,fury,6,1,5
31645,Hágríd,ragnaros,96,warrior,fury,12,1,11
31646,Kaodes,outland,96,warrior,fury,17,1,16
31647,Pufy,ravencrest,79,warrior,fury,5,1,4
31648,Anubisra,alakir,42,warrior,fury,8,3,5
31649,Xguildone,magtheridon,31,warrior,fury,2,1,1
31650,Vivrya,silvermoon,31,warrior,fury,2,1,1
31651,Réckx,twisting-nether,2233,warrior,arms,93,52,41
31652,Marcus,ravencrest,2205,warrior,arms,102,54,48
31653,Scardrex,defias-brotherhood,2172,warrior,arms,94,49,45
31654,Midgetdamis,blackhand,2169,warrior,arms,95,67,28
31655,Sickjackenn,executus,2166,warrior,arms,111,58,53
31656,Thomasman,nerathor,2145,warrior,arms,96,48,48
31657,Blîxtgordon,tarren-mill,2133,warrior,arms,78,42,36
31658,Mitu,sanguino,2127,warrior,arms,209,111,98
31659,Palianytsia,ravencrest,2125,warrior,arms,77,40,37
31660,Noragrets,stormscale,2116,warrior,arms,80,41,39
31661,Regnarok,sylvanas,2115,warrior,arms,154,90,64
31662,Скварх,howling-fjord,2112,warrior,arms,120,74,46
31663,Savesta,dalaran,2112,warrior,arms,156,83,73
31664,Grkpwh,silvermoon,2105,warrior,arms,88,48,40
31665,Immørtálx,tarren-mill,2102,warrior,arms,72,38,34
31666,Dunecrab,tarren-mill,2092,warrior,arms,84,51,33
31667,Elwarroo,dun-modr,2083,warrior,arms,124,71,53
31668,Nikkí,naxxramas,2074,warrior,arms,96,50,46
31669,Кокдиллак,soulflayer,2073,warrior,arms,122,62,60
31670,Gewyon,ragnaros,2068,warrior,arms,60,35,25
31671,Gabrijel,draenor,2062,warrior,arms,101,49,52
31672,Ulrid,draenor,2052,warrior,arms,66,36,30
31673,Оркабал,howling-fjord,2045,warrior,arms,124,68,56
31674,Cerry,ravencrest,2016,warrior,arms,123,63,60
31675,Oswáld,defias-brotherhood,2011,warrior,arms,42,34,8
31676,Bàrbandit,archimonde,2007,warrior,arms,60,35,25
31677,Trâshwarriør,blackhand,1998,warrior,arms,62,27,35
31678,Joeférnandes,ragnaros,1996,warrior,arms,77,38,39
31679,Yorgal,arakarahm,1984,warrior,arms,60,31,29
31680,Вэшикх,soulflayer,1979,warrior,arms,83,45,38
31681,Shilix,twisting-nether,1974,warrior,arms,121,57,64
31682,Alegral,ravencrest,1973,warrior,arms,99,49,50
31683,Manaskhan,tarren-mill,1959,warrior,arms,150,78,72
31684,Merked,kazzak,1958,warrior,arms,72,34,38
31685,Pentagramlol,twisting-nether,1955,warrior,arms,64,34,30
31686,Zak,stormscale,1955,warrior,arms,78,37,41
31687,Nedåh,blackrock,1954,warrior,arms,84,46,38
31688,Rhâpsodyw,ravencrest,1951,warrior,arms,72,41,31
31689,Disarmed,auchindoun,1945,warrior,arms,54,31,23
31690,Комочекгнева,howling-fjord,1940,warrior,arms,133,68,65
31691,Markers,twisting-nether,1938,warrior,arms,73,34,39
31692,Myonmyonmyon,blackmoore,1937,warrior,arms,68,41,27
31693,Wràthfúl,kazzak,1937,warrior,arms,119,60,59
31694,Qtcockxx,stormscale,1928,warrior,arms,60,30,30
31695,Seifcham,ragnaros,1926,warrior,arms,72,35,37
31696,Kapuchino,twisting-nether,1921,warrior,arms,48,27,21
31697,Timpey,kazzak,1911,warrior,arms,54,30,24
31698,Naronnas,drakthul,1910,warrior,arms,104,58,46
31699,Apacolata,outland,1903,warrior,arms,57,29,28
31700,Thenx,tarren-mill,1902,warrior,arms,99,47,52
31701,Aerês,tarren-mill,1900,warrior,arms,96,51,45
31702,Длоордпро,soulflayer,1900,warrior,arms,65,29,36
31703,Julololo,archimonde,1893,warrior,arms,72,40,32
31704,Galeron,kazzak,1892,warrior,arms,60,30,30
31705,Liptonxecute,blackhand,1891,warrior,arms,42,25,17
31706,Куртфорренс,gordunni,1890,warrior,arms,61,25,36
31707,Courageous,ravencrest,1889,warrior,arms,66,39,27
31708,Drclapit,blackrock,1884,warrior,arms,42,23,19
31709,Theryk,sanguino,1884,warrior,arms,77,34,43
31710,Sagethi,blackrock,1883,warrior,arms,77,37,40
31711,Schaufelørc,blackrock,1881,warrior,arms,60,31,29
31712,Куесэс,howling-fjord,1880,warrior,arms,36,20,16
31713,Gnømércy,stormscale,1878,warrior,arms,42,22,20
31714,Cathériné,drakthul,1875,warrior,arms,48,27,21
31715,Purpórc,archimonde,1875,warrior,arms,54,30,24
31716,Doomqt,terokkar,1873,warrior,arms,47,27,20
31717,Hellguard,archimonde,1872,warrior,arms,84,47,37
31718,Emix,arygos,1871,warrior,arms,54,31,23
31719,Karny,ravencrest,1870,warrior,arms,48,31,17
31720,Злопиканка,gordunni,1868,warrior,arms,36,20,16
31721,Брокскрим,soulflayer,1861,warrior,arms,60,30,30
31722,Ozrenac,kazzak,1859,warrior,arms,83,45,38
31723,Sekwar,twisting-nether,1858,warrior,arms,42,21,21
31724,Вандэрбой,howling-fjord,1858,warrior,arms,156,76,80
31725,Quotx,stormscale,1857,warrior,arms,70,32,38
31726,Mômsboy,tarren-mill,1853,warrior,arms,64,33,31
31727,Ланро,gordunni,1853,warrior,arms,65,33,32
31728,Gatts,krasus,1853,warrior,arms,204,101,103
31729,Infernion,jaedenar,1851,warrior,arms,36,23,13
31730,Skorm,mugthol,1849,warrior,arms,36,27,9
31731,Reckqtw,eredar,1849,warrior,arms,92,50,42
31732,Аоетакси,soulflayer,1848,warrior,arms,104,59,45
31733,Хэйре,howling-fjord,1847,warrior,arms,148,78,70
31734,Otp,ravencrest,1847,warrior,arms,66,32,34
31735,Krônm,dun-modr,1847,warrior,arms,78,33,45
31736,Messermozart,blackmoore,1844,warrior,arms,48,25,23
31737,Daredevìl,eredar,1844,warrior,arms,89,43,46
31738,Xvlanter,silvermoon,1841,warrior,arms,78,41,37
31739,Jriddyzug,ravencrest,1840,warrior,arms,62,33,29
31740,Хиро,deathweaver,1839,warrior,arms,54,27,27
31741,Enøt,kazzak,1839,warrior,arms,53,25,28
31742,Komissarecks,aegwynn,1838,warrior,arms,57,31,26
31743,Ässholedamis,blackhand,1837,warrior,arms,48,35,13
31744,Sneakydrm,kazzak,1837,warrior,arms,40,23,17
31745,Gguts,archimonde,1837,warrior,arms,85,46,39
31746,Khalimov,tarren-mill,1837,warrior,arms,96,51,45
31747,Аэска,deathweaver,1836,warrior,arms,60,28,32
31748,Tozzhug,ragnaros,1835,warrior,arms,48,28,20
31749,Chaddimus,draenor,1833,warrior,arms,42,28,14
31750,Æriø,dalaran,1833,warrior,arms,48,27,21
31751,Blåvingad,kazzak,1831,warrior,arms,56,34,22
31752,Боссберс,soulflayer,1831,warrior,arms,89,44,45
31753,Watrux,outland,1831,warrior,arms,66,31,35
31754,Trapoulas,kazzak,1831,warrior,arms,83,36,47
31755,Воинлета,howling-fjord,1830,warrior,arms,101,60,41
31756,Khÿze,ysondre,1829,warrior,arms,58,39,19
31757,Agoen,silvermoon,1829,warrior,arms,48,23,25
31758,Ønogal,archimonde,1829,warrior,arms,66,31,35
31759,Ástriax,ravencrest,1828,warrior,arms,141,69,72
31760,Kamked,burning-legion,1828,warrior,arms,107,50,57
31761,Blazefüry,ravencrest,1827,warrior,arms,61,33,28
31762,Rînus,aegwynn,1827,warrior,arms,54,26,28
31763,Jenkinzz,stormscale,1826,warrior,arms,36,23,13
31764,Wuifly,dun-modr,1826,warrior,arms,69,35,34
31765,Варбоссец,soulflayer,1825,warrior,arms,66,35,31
31766,Lanstus,silvermoon,1823,warrior,arms,72,42,30
31767,Ðior,bronze-dragonflight,1822,warrior,arms,53,29,24
31768,Марльин,howling-fjord,1822,warrior,arms,59,29,30
31769,Crîxús,silvermoon,1822,warrior,arms,60,25,35
31770,Rngmonster,kazzak,1820,warrior,arms,100,68,32
31771,Uzamaki,bronzebeard,1820,warrior,arms,48,32,16
31772,Knutrex,tarren-mill,1820,warrior,arms,61,35,26
31773,Лилиофаныч,soulflayer,1820,warrior,arms,35,20,15
31774,Лимпс,gordunni,1819,warrior,arms,30,19,11
31775,Flinta,blackmoore,1819,warrior,arms,90,51,39
31776,Флагмэн,gordunni,1819,warrior,arms,65,36,29
31777,Ðênnis,ravencrest,1818,warrior,arms,30,19,11
31778,Pürporcc,archimonde,1818,warrior,arms,97,48,49
31779,Мелькорт,gordunni,1817,warrior,arms,48,29,19
31780,Wasro,norgannon,1816,warrior,arms,60,32,28
31781,Экзекьютлол,soulflayer,1816,warrior,arms,47,25,22
31782,Joéfernandés,sylvanas,1816,warrior,arms,36,19,17
31783,Klonyarik,ravencrest,1815,warrior,arms,36,19,17
31784,Aeyon,burning-blade,1814,warrior,arms,45,27,18
31785,Thorana,twisting-nether,1814,warrior,arms,59,32,27
31786,Leethal,outland,1814,warrior,arms,60,27,33
31787,Juank,minahonda,1814,warrior,arms,48,21,27
31788,Pummelthru,burning-legion,1813,warrior,arms,65,32,33
31789,Vic,tarren-mill,1813,warrior,arms,47,20,27
31790,Zcell,kazzak,1812,warrior,arms,36,23,13
31791,Лёшавор,howling-fjord,1812,warrior,arms,36,19,17
31792,Mystylez,silvermoon,1812,warrior,arms,60,28,32
31793,Gucciwarrior,blackhand,1812,warrior,arms,90,41,49
31794,Axinit,blackrock,1811,warrior,arms,42,23,19
31795,Idiotplay,drekthar,1811,warrior,arms,42,19,23
31796,Johnmeadows,ravencrest,1810,warrior,arms,36,23,13
31797,Ðiscordia,blackhand,1810,warrior,arms,84,43,41
31798,Jokkul,tarren-mill,1810,warrior,arms,46,21,25
31799,Connorzw,blackmoore,1809,warrior,arms,36,23,13
31800,Cherserker,ragnaros,1809,warrior,arms,69,41,28
31801,Oldchap,nordrassil,1807,warrior,arms,48,31,17
31802,Олдборовс,soulflayer,1807,warrior,arms,53,29,24
31803,Bloodhorn,blackhand,1807,warrior,arms,107,54,53
31804,Velcorn,ravencrest,1807,warrior,arms,42,19,23
31805,Bigboomer,frostmane,1807,warrior,arms,126,55,71
31806,Варзила,blackscar,1807,warrior,arms,53,22,31
31807,Nìmera,nemesis,1806,warrior,arms,36,26,10
31808,Wayneson,tarren-mill,1806,warrior,arms,108,58,50
31809,Книфэк,howling-fjord,1806,warrior,arms,76,40,36
31810,Hasbullá,kazzak,1806,warrior,arms,152,79,73
31811,Toscothegoat,ravencrest,1804,warrior,arms,36,24,12
31812,Çatàclysmíc,kazzak,1804,warrior,arms,60,30,30
31813,Greenblób,kazzak,1804,warrior,arms,66,27,39
31814,Hanìbal,ravencrest,1803,warrior,arms,60,32,28
31815,Ghakra,kazzak,1802,warrior,arms,36,25,11
31816,Westwyde,hyjal,1802,warrior,arms,48,30,18
31817,Thyréc,blackmoore,1802,warrior,arms,60,34,26
31818,Маклецкий,gordunni,1802,warrior,arms,144,68,76
31819,Phalek,argent-dawn,1800,warrior,arms,48,28,20
31820,Shortcvnt,ravencrest,1800,warrior,arms,48,28,20
31821,Azudaddy,blackmoore,1800,warrior,arms,59,34,25
31822,Böggzbunny,tarren-mill,1800,warrior,arms,42,24,18
31823,Dairøx,blackrock,1800,warrior,arms,60,31,29
31824,Бодибилдерыч,gordunni,1798,warrior,arms,95,52,43
31825,Kamatâ,kazzak,1796,warrior,arms,60,32,28
31826,Zheaks,kazzak,1796,warrior,arms,83,39,44
31827,Atrôcithy,archimonde,1791,warrior,arms,48,25,23
31828,Pivcuga,kazzak,1789,warrior,arms,182,90,92
31829,Xgs,archimonde,1785,warrior,arms,163,87,76
31830,Reccey,blackrock,1784,warrior,arms,128,65,63
31831,Brutilda,antonidas,1784,warrior,arms,48,23,25
31832,Kennyföx,ysondre,1782,warrior,arms,38,24,14
31833,Maarshl,ysondre,1781,warrior,arms,163,88,75
31834,Nassir,stormscale,1779,warrior,arms,36,19,17
31835,Selenez,outland,1779,warrior,arms,67,30,37
31836,Shookyx,ravencrest,1775,warrior,arms,42,24,18
31837,Zombossio,tarren-mill,1773,warrior,arms,74,38,36
31838,Stupidz,hyjal,1773,warrior,arms,48,21,27
31839,Fràgile,ravencrest,1771,warrior,arms,77,42,35
31840,Kiyomaro,stormscale,1771,warrior,arms,48,25,23
31841,Nozuki,archimonde,1771,warrior,arms,191,97,94
31842,Lyriae,argent-dawn,1768,warrior,arms,66,39,27
31843,Poolboyx,tarren-mill,1767,warrior,arms,87,48,39
31844,Zhangbeihai,ravencrest,1766,warrior,arms,54,26,28
31845,Eidzo,tarren-mill,1765,warrior,arms,36,22,14
31846,Hulkensmash,kazzak,1765,warrior,arms,163,82,81
31847,Mercey,stormscale,1763,warrior,arms,41,19,22
31848,Chucho,argent-dawn,1761,warrior,arms,48,26,22
31849,Zhoti,outland,1761,warrior,arms,52,27,25
31850,Døkidøki,silvermoon,1757,warrior,arms,53,27,26
31851,Darshan,grim-batol,1756,warrior,arms,60,29,31
31852,Grimlok,sylvanas,1754,warrior,arms,65,27,38
31853,Yosiwa,draenor,1753,warrior,arms,60,36,24
31854,Kelhim,blackrock,1753,warrior,arms,66,37,29
31855,Шурпач,deathguard,1753,warrior,arms,42,20,22
31856,Cleaver,tarren-mill,1752,warrior,arms,54,29,25
31857,Ущипнузатитю,deathguard,1752,warrior,arms,66,29,37
31858,Trôth,kazzak,1750,warrior,arms,36,23,13
31859,Pj,sanguino,1750,warrior,arms,68,30,38
31860,Гатсберсерк,gordunni,1748,warrior,arms,149,80,69
31861,Thrux,dalaran,1747,warrior,arms,60,35,25
31862,Javakt,stormscale,1746,warrior,arms,120,51,69
31863,Grimogør,stormscale,1745,warrior,arms,36,22,14
31864,Троммтар,howling-fjord,1745,warrior,arms,84,35,49
31865,Gigadot,arathor,1743,warrior,arms,156,80,76
31866,Klearr,silvermoon,1742,warrior,arms,81,47,34
31867,Regnarøk,sylvanas,1741,warrior,arms,59,33,26
31868,Purporcc,archimonde,1741,warrior,arms,39,20,19
31869,Thebigshow,the-maelstrom,1740,warrior,arms,64,27,37
31870,Blademir,blackrock,1739,warrior,arms,41,26,15
31871,Bigboyx,kazzak,1739,warrior,arms,44,23,21
31872,Cerßere,archimonde,1739,warrior,arms,96,47,49
31873,Mojotsche,taerar,1738,warrior,arms,64,36,28
31874,Cesr,bloodhoof,1738,warrior,arms,106,47,59
31875,Cisataker,hyjal,1737,warrior,arms,24,20,4
31876,Rageco,ravencrest,1737,warrior,arms,48,31,17
31877,Downpipe,twisting-nether,1737,warrior,arms,54,26,28
31878,Bôlufonâ,dun-modr,1732,warrior,arms,59,31,28
31879,Wake,eredar,1731,warrior,arms,42,23,19
31880,Magnî,auchindoun,1731,warrior,arms,54,29,25
31881,Jengaa,draenor,1731,warrior,arms,78,40,38
31882,Ezøn,aegwynn,1730,warrior,arms,65,32,33
31883,Benzemá,sanguino,1729,warrior,arms,36,24,12
31884,Sharpen,chamber-of-aspects,1727,warrior,arms,62,26,36
31885,Dõxqt,kazzak,1726,warrior,arms,44,24,20
31886,Shhimbanned,doomhammer,1723,warrior,arms,48,27,21
31887,Shchoor,ravencrest,1722,warrior,arms,36,18,18
31888,Dannyp,twisting-nether,1722,warrior,arms,36,18,18
31889,Кладбошаа,gordunni,1721,warrior,arms,89,49,40
31890,Skädy,dun-modr,1720,warrior,arms,48,23,25
31891,Guts,frostwhisper,1718,warrior,arms,95,48,47
31892,Барсток,soulflayer,1718,warrior,arms,83,41,42
31893,Urasli,doomhammer,1717,warrior,arms,42,24,18
31894,Xxeqtr,kazzak,1717,warrior,arms,53,26,27
31895,Crawly,aegwynn,1716,warrior,arms,87,46,41
31896,Вокилог,soulflayer,1716,warrior,arms,305,150,155
31897,Arkataz,argent-dawn,1715,warrior,arms,60,30,30
31898,Saurens,twisting-nether,1714,warrior,arms,36,18,18
31899,Kaieh,argent-dawn,1713,warrior,arms,36,23,13
31900,Крипочёк,gordunni,1712,warrior,arms,30,18,12
31901,ßloodz,hyjal,1712,warrior,arms,54,27,27
31902,Dógmòdex,stormscale,1710,warrior,arms,48,30,18
31903,Bordi,nemesis,1710,warrior,arms,71,28,43
31904,Karuck,tarren-mill,1709,warrior,arms,30,19,11
31905,Nitheriá,draenor,1708,warrior,arms,257,129,128
31906,Wargoth,draenor,1707,warrior,arms,34,22,12
31907,Avalinqt,blackrock,1706,warrior,arms,44,32,12
31908,Fruiittyy,ravencrest,1705,warrior,arms,48,27,21
31909,Wardruine,dun-modr,1704,warrior,arms,107,52,55
31910,Palmsweaty,stormrage,1704,warrior,arms,60,24,36
31911,Learningwarr,eredar,1700,warrior,arms,38,21,17
31912,Therealman,kazzak,1699,warrior,arms,38,23,15
31913,Brizeis,malganis,1699,warrior,arms,48,27,21
31914,Klonyarika,ravencrest,1699,warrior,arms,36,20,16
31915,Voxz,stormscale,1698,warrior,arms,153,74,79
31916,Picciocino,nemesis,1698,warrior,arms,76,32,44
31917,Rilor,burning-legion,1698,warrior,arms,60,25,35
31918,Yellowjuice,stormscale,1697,warrior,arms,126,74,52
31919,Dríx,hyjal,1697,warrior,arms,60,32,28
31920,Dnoire,ravencrest,1697,warrior,arms,48,21,27
31921,Nihe,stormreaver,1697,warrior,arms,42,18,24
31922,Riptack,anetheron,1693,warrior,arms,104,62,42
31923,Khanox,twisting-nether,1693,warrior,arms,78,42,36
31924,Maldark,scarshield-legion,1693,warrior,arms,94,44,50
31925,Вуриор,howling-fjord,1692,warrior,arms,84,44,40
31926,Grántor,eredar,1691,warrior,arms,48,32,16
31927,Maikouyes,archimonde,1691,warrior,arms,66,35,31
31928,Oluwafunmila,tarren-mill,1691,warrior,arms,50,26,24
31929,Дайбайхенд,howling-fjord,1691,warrior,arms,60,30,30
31930,Hasmocaru,silvermoon,1690,warrior,arms,36,21,15
31931,Zexa,tarren-mill,1690,warrior,arms,42,21,21
31932,Vayné,ravencrest,1690,warrior,arms,78,35,43
31933,Оксенфурт,soulflayer,1690,warrior,arms,72,32,40
31934,Màb,antonidas,1688,warrior,arms,36,23,13
31935,Фелпир,soulflayer,1688,warrior,arms,96,56,40
31936,Брок,soulflayer,1687,warrior,arms,54,24,30
31937,Crandalius,kazzak,1686,warrior,arms,81,49,32
31938,Spártacus,kazzak,1686,warrior,arms,88,40,48
31939,Pazùzu,twisting-nether,1684,warrior,arms,54,24,30
31940,Røidrage,stormscale,1684,warrior,arms,48,21,27
31941,Nargez,outland,1682,warrior,arms,36,22,14
31942,Toroespaña,draenor,1682,warrior,arms,54,30,24
31943,Rbbx,tarren-mill,1682,warrior,arms,44,24,20
31944,Shooky,blackrock,1681,warrior,arms,41,22,19
31945,Warmâchine,burning-legion,1681,warrior,arms,102,47,55
31946,Tyrasîà,hyjal,1680,warrior,arms,54,24,30
31947,Kronmw,dun-modr,1680,warrior,arms,54,20,34
31948,Sørêy,aegwynn,1679,warrior,arms,72,37,35
31949,Solezte,tarren-mill,1678,warrior,arms,84,50,34
31950,Ридиусх,gordunni,1678,warrior,arms,43,24,19
31951,Summerkarma,wildhammer,1678,warrior,arms,48,24,24
31952,Белхэнд,soulflayer,1678,warrior,arms,109,52,57
31953,Xiiver,burning-legion,1676,warrior,arms,102,58,44
31954,Орданис,deathguard,1675,warrior,arms,48,23,25
31955,Woobaby,outland,1672,warrior,arms,54,30,24
31956,Odenscolddry,kazzak,1672,warrior,arms,65,32,33
31957,Mckinseybcg,outland,1671,warrior,arms,54,33,21
31958,Vallahan,argent-dawn,1671,warrior,arms,155,79,76
31959,Mazaharine,archimonde,1671,warrior,arms,42,20,22
31960,Yelanx,twisting-nether,1670,warrior,arms,36,25,11
31961,Xendyo,frostmourne,1669,warrior,arms,84,38,46
31962,Chromoly,aegwynn,1668,warrior,arms,66,31,35
31963,Nikoma,silvermoon,1667,warrior,arms,36,20,16
31964,Donquiexote,ravencrest,1667,warrior,arms,72,39,33
31965,Damagz,tarren-mill,1667,warrior,arms,65,28,37
31966,Civok,kult-der-verdammten,1665,warrior,arms,42,19,23
31967,Mirageous,tarren-mill,1664,warrior,arms,53,25,28
31968,Drilley,blackmoore,1663,warrior,arms,32,20,12
31969,Nardoch,archimonde,1663,warrior,arms,46,23,23
31970,Bélløne,dalaran,1663,warrior,arms,42,20,22
31971,Zeddone,drakthul,1663,warrior,arms,54,24,30
31972,Mortalfist,stormscale,1662,warrior,arms,31,19,12
31973,Ajax,defias-brotherhood,1662,warrior,arms,53,29,24
31974,Atlizz,twisting-nether,1662,warrior,arms,84,45,39
31975,Erikeverhard,nathrezim,1659,warrior,arms,42,20,22
31976,Robou,hyjal,1659,warrior,arms,115,49,66
31977,Кибервайфу,howling-fjord,1656,warrior,arms,36,22,14
31978,Денеур,gordunni,1656,warrior,arms,60,23,37
31979,Mazutov,outland,1655,warrior,arms,36,25,11
31980,Киссмиплис,gordunni,1655,warrior,arms,57,29,28
31981,Asquare,stormscale,1655,warrior,arms,40,18,22
31982,Фктпх,blackscar,1653,warrior,arms,42,25,17
31983,Соджиро,howling-fjord,1653,warrior,arms,36,18,18
31984,Spartaz,eredar,1653,warrior,arms,60,28,32
31985,Zeepp,ravencrest,1653,warrior,arms,42,19,23
31986,Caméltoe,frostwolf,1650,warrior,arms,126,60,66
31987,Cazaril,kazzak,1649,warrior,arms,131,64,67
31988,Ðezia,tarren-mill,1648,warrior,arms,114,61,53
31989,Spijkerbroek,alakir,1648,warrior,arms,143,76,67
31990,Blizo,tarren-mill,1646,warrior,arms,42,21,21
31991,Fruitdealer,shattrath,1646,warrior,arms,55,23,32
31992,Поршекаен,howling-fjord,1645,warrior,arms,71,29,42
31993,Untiltèd,ravencrest,1644,warrior,arms,77,55,22
31994,Çon,ravencrest,1642,warrior,arms,103,54,49
31995,Mertik,twisting-nether,1641,warrior,arms,36,20,16
31996,Remen,archimonde,1641,warrior,arms,78,34,44
31997,Nerfmyrage,hyjal,1640,warrior,arms,36,22,14
31998,Фенилэфрин,gordunni,1640,warrior,arms,116,59,57
31999,Balltas,drakthul,1640,warrior,arms,86,41,45
32000,Renwíck,burning-legion,1639,warrior,arms,35,18,17
32001,Paranoiás,ragnaros,1639,warrior,arms,50,22,28
32002,Samîr,arthas,1638,warrior,arms,36,21,15
32003,Морнстар,gordunni,1638,warrior,arms,40,20,20
32004,Sefty,tarren-mill,1638,warrior,arms,46,18,28
32005,Saidi,outland,1638,warrior,arms,55,19,36
32006,Babovic,aegwynn,1636,warrior,arms,42,29,13
32007,Lizzybigtits,kazzak,1636,warrior,arms,60,40,20
32008,Lyes,uldaman,1636,warrior,arms,149,76,73
32009,Ítikovan,aegwynn,1636,warrior,arms,156,73,83
32010,Sydian,burning-legion,1635,warrior,arms,36,21,15
32011,Ryofu,stormscale,1635,warrior,arms,42,22,20
32012,Sobii,ravencrest,1634,warrior,arms,35,22,13
32013,Заликмортал,soulflayer,1634,warrior,arms,36,20,16
32014,Krew,drakthul,1634,warrior,arms,66,33,33
32015,Lyroe,blackrock,1633,warrior,arms,42,21,21
32016,Reapo,blackhand,1632,warrior,arms,137,67,70
32017,Orn,tarren-mill,1632,warrior,arms,54,24,30
32018,Blayr,tarren-mill,1631,warrior,arms,71,33,38
32019,Shiqo,ravencrest,1631,warrior,arms,58,26,32
32020,Атаир,deathweaver,1630,warrior,arms,58,30,28
32021,Facestomper,onyxia,1627,warrior,arms,66,37,29
32022,Iameconomist,twisting-nether,1627,warrior,arms,36,17,19
32023,Sickjackenx,executus,1626,warrior,arms,30,17,13
32024,Sahl,sylvanas,1626,warrior,arms,102,53,49
32025,Шагах,soulflayer,1626,warrior,arms,116,56,60
32026,Ebonheart,argent-dawn,1626,warrior,arms,104,50,54
32027,Amokdamis,blackhand,1626,warrior,arms,45,21,24
32028,Watashilfy,ravencrest,1624,warrior,arms,48,24,24
32029,Wlãð,archimonde,1624,warrior,arms,48,23,25
32030,Frozenliøn,twisting-nether,1624,warrior,arms,42,19,23
32031,Xurainlol,eredar,1623,warrior,arms,30,17,13
32032,Lusan,sylvanas,1623,warrior,arms,42,21,21
32033,Донтрелиз,howling-fjord,1622,warrior,arms,42,22,20
32034,Мастерион,soulflayer,1622,warrior,arms,54,28,26
32035,Anthalar,argent-dawn,1621,warrior,arms,54,23,31
32036,Xurainzone,eredar,1619,warrior,arms,30,17,13
32037,Sorkk,kazzak,1618,warrior,arms,50,26,24
32038,Massiveape,argent-dawn,1617,warrior,arms,57,32,25
32039,Aeldran,argent-dawn,1617,warrior,arms,42,23,19
32040,Gladius,ysera,1615,warrior,arms,86,43,43
32041,Manoito,argent-dawn,1615,warrior,arms,48,22,26
32042,Riyan,lothar,1614,warrior,arms,42,24,18
32043,Lockmagewar,burning-legion,1611,warrior,arms,45,22,23
32044,Europ,silvermoon,1611,warrior,arms,54,17,37
32045,Гримг,lich-king,1610,warrior,arms,51,25,26
32046,Куэсес,howling-fjord,1610,warrior,arms,39,19,20
32047,Strife,ravencrest,1609,warrior,arms,81,51,30
32048,Ragëë,tarren-mill,1609,warrior,arms,60,34,26
32049,Wismerx,kazzak,1609,warrior,arms,42,20,22
32050,Whoosah,ragnaros,1608,warrior,arms,105,54,51
32051,Ryle,anubarak,1608,warrior,arms,76,36,40
32052,Кофесмолоком,ashenvale,1608,warrior,arms,53,20,33
32053,Jambaz,ravencrest,1607,warrior,arms,47,23,24
32054,Lpa,stormscale,1606,warrior,arms,48,27,21
32055,Shrekwarr,kazzak,1606,warrior,arms,113,58,55
32056,Banîsher,drakthul,1606,warrior,arms,64,23,41
32057,Brogre,stormrage,1605,warrior,arms,36,20,16
32058,Штурмгешутц,deathweaver,1605,warrior,arms,96,51,45
32059,Haraldjuhnke,frostwolf,1605,warrior,arms,53,27,26
32060,Nakro,hyjal,1604,warrior,arms,24,18,6
32061,Омепразол,gordunni,1604,warrior,arms,149,73,76
32062,Blackfrosty,stormscale,1603,warrior,arms,56,31,25
32063,Андреевич,blackscar,1603,warrior,arms,146,74,72
32064,Mypzo,kazzak,1603,warrior,arms,90,44,46
32065,Batïk,blackmoore,1603,warrior,arms,71,31,40
32066,Eselhirte,blackmoore,1602,warrior,arms,85,46,39
32067,Wítts,ravencrest,1601,warrior,arms,30,20,10
32068,Incendix,stormscale,1601,warrior,arms,36,21,15
32069,Kupr,outland,1601,warrior,arms,40,21,19
32070,Ragnou,tarren-mill,1601,warrior,arms,54,27,27
32071,Naait,draenor,1600,warrior,arms,45,24,21
32072,Lrb,tarren-mill,1600,warrior,arms,46,23,23
32073,Istyos,hyjal,1600,warrior,arms,48,20,28
32074,Bruxus,blackhand,1599,warrior,arms,148,75,73
32075,Trashman,bronzebeard,1598,warrior,arms,66,32,34
32076,Луновоин,gordunni,1597,warrior,arms,48,30,18
32077,Вагранна,soulflayer,1597,warrior,arms,54,26,28
32078,Arandyr,archimonde,1596,warrior,arms,60,24,36
32079,Shirøx,blackrock,1595,warrior,arms,67,38,29
32080,Kobeni,ysondre,1595,warrior,arms,85,40,45
32081,Giganza,outland,1595,warrior,arms,60,27,33
32082,Everdipper,outland,1595,warrior,arms,50,21,29
32083,Бурчун,deathguard,1594,warrior,arms,54,34,20
32084,Phóó,thrall,1593,warrior,arms,72,32,40
32085,Haanok,ravencrest,1591,warrior,arms,59,34,25
32086,Blackbiird,blackmoore,1591,warrior,arms,41,18,23
32087,Aestheticon,burning-blade,1589,warrior,arms,30,19,11
32088,Skrawarr,das-syndikat,1589,warrior,arms,90,47,43
32089,Noitoved,outland,1589,warrior,arms,44,18,26
32090,Thundersword,sylvanas,1589,warrior,arms,84,30,54
32091,Lazytowl,outland,1588,warrior,arms,69,34,35
32092,Alexandrrior,rexxar,1588,warrior,arms,66,31,35
32093,Btr,archimonde,1588,warrior,arms,42,19,23
32094,Malebolia,mugthol,1587,warrior,arms,130,64,66
32095,Skokuxx,silvermoon,1585,warrior,arms,42,20,22
32096,Doloresvp,zuljin,1585,warrior,arms,42,20,22
32097,Lostday,blackrock,1583,warrior,arms,42,19,23
32098,Drahkor,baelgun,1582,warrior,arms,30,20,10
32099,Hortswarr,drakthul,1582,warrior,arms,37,24,13
32100,Fragmeista,ragnaros,1582,warrior,arms,36,17,19
32101,Hamez,thunderhorn,1582,warrior,arms,64,30,34
32102,Krigipigi,antonidas,1582,warrior,arms,48,20,28
32103,Cassândrä,dalaran,1582,warrior,arms,42,17,25
32104,Витодпс,howling-fjord,1581,warrior,arms,48,20,28
32105,Каосвар,howling-fjord,1579,warrior,arms,30,19,11
32106,Gely,silvermoon,1579,warrior,arms,66,33,33
32107,Bamme,archimonde,1579,warrior,arms,41,20,21
32108,Taistelumage,stormreaver,1576,warrior,arms,35,17,18
32109,Wtchmyblade,blackmoore,1575,warrior,arms,36,26,10
32110,Furukawa,ravencrest,1575,warrior,arms,51,24,27
32111,Vôx,sylvanas,1575,warrior,arms,42,19,23
32112,Erotixboi,blackrock,1573,warrior,arms,48,29,19
32113,Оргнар,ashenvale,1573,warrior,arms,48,27,21
32114,Dragoons,tyrande,1573,warrior,arms,54,24,30
32115,Дроктул,howling-fjord,1572,warrior,arms,212,101,111
32116,Креспекс,soulflayer,1572,warrior,arms,56,19,37
32117,Monbun,silvermoon,1570,warrior,arms,101,51,50
32118,Oxay,alakir,1570,warrior,arms,52,21,31
32119,Rîdler,ravencrest,1569,warrior,arms,193,97,96
32120,Planina,ravencrest,1569,warrior,arms,36,17,19
32121,Rakuna,tarren-mill,1568,warrior,arms,108,53,55
32122,Yeahq,kazzak,1568,warrior,arms,78,36,42
32123,Голдибитч,gordunni,1566,warrior,arms,42,23,19
32124,Дейдулус,soulflayer,1566,warrior,arms,78,33,45
32125,Serastul,rajaxx,1565,warrior,arms,86,42,44
32126,Оргрриммар,soulflayer,1565,warrior,arms,180,87,93
32127,Hellespont,hellscream,1565,warrior,arms,77,29,48
32128,Едигейй,gordunni,1564,warrior,arms,58,32,26
32129,Дугмар,gordunni,1564,warrior,arms,117,54,63
32130,Nevergladx,kazzak,1564,warrior,arms,54,23,31
32131,Skylåw,archimonde,1564,warrior,arms,73,26,47
32132,Bloodbrother,blackmoore,1562,warrior,arms,36,20,16
32133,Eren,todeswache,1562,warrior,arms,36,20,16
32134,Asenine,sylvanas,1562,warrior,arms,271,128,143
32135,Gigasmash,pozzo-delleternità,1561,warrior,arms,138,65,73
32136,Daýz,draenor,1561,warrior,arms,48,18,30
32137,Хэлслэйтэр,gordunni,1559,warrior,arms,130,65,65
32138,Imfiñe,outland,1558,warrior,arms,107,51,56
32139,Boldinq,ravencrest,1556,warrior,arms,84,34,50
32140,Lollydhur,nemesis,1555,warrior,arms,48,26,22
32141,Friskos,dalaran,1555,warrior,arms,76,37,39
32142,Reider,twisting-nether,1553,warrior,arms,119,47,72
32143,Туранк,howling-fjord,1552,warrior,arms,100,48,52
32144,Darksídex,silvermoon,1551,warrior,arms,221,114,107
32145,Genjutsubeat,blackmoore,1548,warrior,arms,54,31,23
32146,Pangowar,elune,1548,warrior,arms,33,17,16
32147,Philatou,antonidas,1547,warrior,arms,35,20,15
32148,Nightmareowl,tarren-mill,1547,warrior,arms,42,19,23
32149,Deadlyanger,kazzak,1545,warrior,arms,36,19,17
32150,Morthôr,grim-batol,1545,warrior,arms,69,34,35
32151,Мираксус,soulflayer,1544,warrior,arms,36,18,18
32152,Трешконтент,gordunni,1544,warrior,arms,54,25,29
32153,Jumpilawl,khaz-modan,1544,warrior,arms,50,18,32
32154,Напутанность,soulflayer,1543,warrior,arms,311,162,149
32155,Phenowarri,blackhand,1542,warrior,arms,85,48,37
32156,Troma,archimonde,1542,warrior,arms,48,19,29
32157,Кхаррнн,gordunni,1542,warrior,arms,48,18,30
32158,Wrynir,archimonde,1541,warrior,arms,78,38,40
32159,Pachipachi,blackmoore,1540,warrior,arms,32,17,15
32160,Grezlyk,drakthul,1540,warrior,arms,72,33,39
32161,Cyruk,blackmoore,1540,warrior,arms,42,18,24
32162,Rumer,tarren-mill,1540,warrior,arms,59,23,36
32163,Icybladez,kazzak,1539,warrior,arms,66,36,30
32164,Wildblue,sylvanas,1538,warrior,arms,60,34,26
32165,Icekissx,hyjal,1538,warrior,arms,105,54,51
32166,Blackwólf,bloodhoof,1538,warrior,arms,118,56,62
32167,Гуорг,howling-fjord,1538,warrior,arms,75,32,43
32168,Kurbá,stormscale,1535,warrior,arms,24,16,8
32169,Нифро,fordragon,1535,warrior,arms,29,18,11
32170,Diz,terokkar,1535,warrior,arms,97,58,39
32171,Anakhas,archimonde,1535,warrior,arms,30,16,14
32172,Hobo,ravencrest,1535,warrior,arms,71,32,39
32173,Gargaflike,aggra-português,1533,warrior,arms,60,22,38
32174,Екзобайт,gordunni,1532,warrior,arms,42,17,25
32175,Craghak,twisting-nether,1531,warrior,arms,147,75,72
32176,Tiwâz,eredar,1531,warrior,arms,57,29,28
32177,Èzekiel,dalaran,1530,warrior,arms,36,18,18
32178,Áäáäáäáä,aegwynn,1529,warrior,arms,30,16,14
32179,Nyxz,blackhand,1529,warrior,arms,32,17,15
32180,Громпузан,galakrond,1529,warrior,arms,54,24,30
32181,Zbra,draenor,1528,warrior,arms,30,19,11
32182,Чпокерз,gordunni,1528,warrior,arms,48,25,23
32183,Gravityfalls,blackmoore,1527,warrior,arms,78,39,39
32184,Svënja,ysondre,1527,warrior,arms,96,44,52
32185,Грэйм,gordunni,1526,warrior,arms,52,28,24
32186,Bumoletroll,draenor,1526,warrior,arms,33,17,16
32187,Naskez,kazzak,1524,warrior,arms,30,16,14
32188,Gipsyjoe,ragnaros,1524,warrior,arms,66,31,35
32189,Vilass,silvermoon,1523,warrior,arms,36,19,17
32190,Jøtawarrior,sanguino,1523,warrior,arms,36,18,18
32191,Рыгулька,gordunni,1523,warrior,arms,54,24,30
32192,Skullrage,tarren-mill,1523,warrior,arms,53,22,31
32193,Chargeurface,ragnaros,1522,warrior,arms,24,16,8
32194,Zheq,ragnaros,1522,warrior,arms,30,16,14
32195,Norwegian,silvermoon,1521,warrior,arms,80,37,43
32196,Jigsar,argent-dawn,1519,warrior,arms,81,51,30
32197,Мэйрил,lich-king,1519,warrior,arms,190,99,91
32198,Shownomercy,blackrock,1519,warrior,arms,48,23,25
32199,Arcreign,kazzak,1519,warrior,arms,60,28,32
32200,Authar,tarren-mill,1518,warrior,arms,61,33,28
32201,Exoblade,silvermoon,1518,warrior,arms,64,26,38
32202,Zëhef,hyjal,1516,warrior,arms,66,34,32
32203,Mentôr,sargeras,1516,warrior,arms,35,18,17
32204,Spärtan,dun-modr,1515,warrior,arms,66,34,32
32205,Gozga,twisting-nether,1515,warrior,arms,147,74,73
32206,Alpairx,aegwynn,1514,warrior,arms,40,17,23
32207,Velinde,outland,1512,warrior,arms,34,17,17
32208,Думхаммер,howling-fjord,1511,warrior,arms,71,42,29
32209,Aizy,blackhand,1510,warrior,arms,24,16,8
32210,Bastrick,argent-dawn,1508,warrior,arms,93,45,48
32211,Sonìe,kazzak,1506,warrior,arms,89,51,38
32212,Eskiler,burning-legion,1506,warrior,arms,36,16,20
32213,Raakalainen,vashj,1504,warrior,arms,59,29,30
32214,Savh,silvermoon,1503,warrior,arms,48,28,20
32215,Geforce,hellscream,1503,warrior,arms,84,40,44
32216,Sumprunkare,stormscale,1502,warrior,arms,35,18,17
32217,Zerberos,drakthul,1500,warrior,arms,52,27,25
32218,Nighat,sanguino,1500,warrior,arms,152,77,75
32219,Khireebonk,hyjal,1499,warrior,arms,24,16,8
32220,Crriminal,ravencrest,1498,warrior,arms,48,20,28
32221,Noxeeql,tarren-mill,1495,warrior,arms,24,17,7
32222,Duncán,auchindoun,1495,warrior,arms,29,17,12
32223,Киллдекс,gordunni,1495,warrior,arms,96,43,53
32224,Slidmacka,twisting-nether,1495,warrior,arms,97,42,55
32225,Aurélus,rexxar,1493,warrior,arms,36,22,14
32226,Nameless,ysondre,1492,warrior,arms,30,16,14
32227,Diamonddogs,draenor,1491,warrior,arms,30,17,13
32228,Заверчу,soulflayer,1491,warrior,arms,60,32,28
32229,Divyx,tarren-mill,1491,warrior,arms,60,31,29
32230,Zetorc,burning-legion,1491,warrior,arms,47,24,23
32231,Pumpadzhîja,outland,1491,warrior,arms,66,32,34
32232,Hôrn,stormscale,1489,warrior,arms,54,32,22
32233,Endeawour,ravencrest,1489,warrior,arms,129,75,54
32234,Bluto,dunemaul,1489,warrior,arms,79,39,40
32235,Elder,darkmoon-faire,1489,warrior,arms,42,18,24
32236,Hefthyn,sanguino,1488,warrior,arms,36,20,16
32237,Gorocpt,doomhammer,1488,warrior,arms,44,20,24
32238,Teronth,burning-legion,1488,warrior,arms,48,17,31
32239,Kestialezin,archimonde,1487,warrior,arms,48,33,15
32240,Hindbærsaft,stormscale,1487,warrior,arms,55,32,23
32241,Juoppó,tarren-mill,1484,warrior,arms,74,41,33
32242,Fizzywarrior,blackmoore,1484,warrior,arms,63,29,34
32243,Miko,ysondre,1483,warrior,arms,72,33,39
32244,Gromkarg,draenor,1482,warrior,arms,54,18,36
32245,Marcnky,stormscale,1481,warrior,arms,69,37,32
32246,Vratranzhul,kirin-tor,1481,warrior,arms,199,95,104
32247,Olesbawro,ragnaros,1481,warrior,arms,60,27,33
32248,Altimáte,antonidas,1479,warrior,arms,30,18,12
32249,Протектор,soulflayer,1479,warrior,arms,42,18,24
32250,Boshim,ravencrest,1477,warrior,arms,36,20,16
32251,Арткес,gordunni,1477,warrior,arms,45,23,22
32252,Rázgriz,argent-dawn,1477,warrior,arms,54,24,30
32253,Trenbullone,kazzak,1476,warrior,arms,51,32,19
32254,Pajalousta,elune,1476,warrior,arms,102,47,55
32255,Демолишеер,howling-fjord,1476,warrior,arms,35,16,19
32256,Esegryel,argent-dawn,1476,warrior,arms,53,23,30
32257,Varyian,sporeggar,1475,warrior,arms,119,54,65
32258,Zhulgar,azjolnerub,1474,warrior,arms,42,21,21
32259,Leomance,hyjal,1473,warrior,arms,30,18,12
32260,Tmp,blackrock,1470,warrior,arms,42,22,20
32261,Clellin,silvermoon,1469,warrior,arms,75,37,38
32262,Джасткипинг,gordunni,1467,warrior,arms,114,63,51
32263,Ball,zirkel-des-cenarius,1467,warrior,arms,62,33,29
32264,Megtorló,ragnaros,1467,warrior,arms,62,32,30
32265,Notinfa,draenor,1466,warrior,arms,90,48,42
32266,Rogersrage,ragnaros,1466,warrior,arms,48,24,24
32267,Mfdoöm,draenor,1465,warrior,arms,101,48,53
32268,Dárkhammer,tarren-mill,1465,warrior,arms,54,24,30
32269,Llestatl,hyjal,1464,warrior,arms,65,34,31
32270,Nexpwns,blackhand,1464,warrior,arms,102,50,52
32271,Mazzkze,silvermoon,1463,warrior,arms,186,95,91
32272,Raley,ragnaros,1463,warrior,arms,66,32,34
32273,Carljøhnson,dalaran,1463,warrior,arms,84,37,47
32274,Nèssa,outland,1462,warrior,arms,41,16,25
32275,Dirtyjoe,khaz-modan,1461,warrior,arms,101,56,45
32276,Gridra,dun-morogh,1461,warrior,arms,36,18,18
32277,Reider,kazzak,1460,warrior,arms,57,29,28
32278,Romanul,terokkar,1460,warrior,arms,48,22,26
32279,Сика,blackscar,1460,warrior,arms,48,20,28
32280,Hoomeer,sylvanas,1459,warrior,arms,60,28,32
32281,Ordwinz,silvermoon,1458,warrior,arms,55,29,26
32282,Мускулатор,soulflayer,1458,warrior,arms,90,44,46
32283,Кефтеме,fordragon,1457,warrior,arms,87,42,45
32284,Ckz,ysondre,1455,warrior,arms,24,16,8
32285,Asuramaru,aegwynn,1452,warrior,arms,53,28,25
32286,Omgihithard,draenor,1452,warrior,arms,36,17,19
32287,Calmdownbrú,frostmane,1450,warrior,arms,36,18,18
32288,Dzvenyhora,darkspear,1449,warrior,arms,78,36,42
32289,Fedevalverde,sanguino,1448,warrior,arms,46,32,14
32290,Norinhell,ravencrest,1448,warrior,arms,48,20,28
32291,Endan,kelthuzad,1446,warrior,arms,66,37,29
32292,Dokô,twisting-nether,1446,warrior,arms,72,36,36
32293,Irén,hellfire,1446,warrior,arms,44,20,24
32294,Варгана,soulflayer,1445,warrior,arms,52,25,27
32295,Faustà,nemesis,1445,warrior,arms,54,23,31
32296,Abnôrmus,tarren-mill,1444,warrior,arms,44,25,19
32297,Дообрыйшмель,soulflayer,1443,warrior,arms,51,32,19
32298,Shadowbôxer,onyxia,1443,warrior,arms,44,21,23
32299,Адво,gordunni,1441,warrior,arms,54,26,28
32300,Karimlebrave,hyjal,1440,warrior,arms,68,33,35
32301,Luphrek,ysondre,1439,warrior,arms,24,15,9
32302,Ехрерау,gordunni,1439,warrior,arms,30,15,15
32303,Makerrw,ravencrest,1438,warrior,arms,50,26,24
32304,Dranush,onyxia,1437,warrior,arms,110,58,52
32305,Ardmoo,burning-legion,1437,warrior,arms,39,20,19
32306,Jakim,tarren-mill,1437,warrior,arms,118,57,61
32307,Ганблейд,eversong,1437,warrior,arms,47,19,28
32308,Mélindà,silvermoon,1436,warrior,arms,27,17,10
32309,Lyarinsky,tyrande,1436,warrior,arms,66,36,30
32310,Alyx,mugthol,1436,warrior,arms,66,33,33
32311,Сладкаяхурма,howling-fjord,1436,warrior,arms,42,15,27
32312,Lachandrius,blackhand,1435,warrior,arms,72,33,39
32313,Farrusco,nemesis,1435,warrior,arms,48,22,26
32314,Balthew,defias-brotherhood,1435,warrior,arms,36,15,21
32315,Зеленыйжмых,thermaplugg,1434,warrior,arms,33,17,16
32316,Thaldrys,blackhand,1434,warrior,arms,97,43,54
32317,Jackyred,silvermoon,1434,warrior,arms,36,15,21
32318,Бэнчпресс,soulflayer,1434,warrior,arms,36,15,21
32319,Jínro,draenor,1432,warrior,arms,36,15,21
32320,Dragão,kazzak,1431,warrior,arms,42,17,25
32321,Ènteqt,antonidas,1430,warrior,arms,43,29,14
32322,Otiep,blackmoore,1430,warrior,arms,36,24,12
32323,Dataçasé,silvermoon,1430,warrior,arms,24,15,9
32324,Prøject,archimonde,1430,warrior,arms,30,15,15
32325,Андэрс,gordunni,1429,warrior,arms,106,51,55
32326,Ormert,sylvanas,1429,warrior,arms,42,18,24
32327,Qvate,twisting-nether,1427,warrior,arms,59,31,28
32328,Nicperh,dun-modr,1427,warrior,arms,42,21,21
32329,Бисовыйармен,soulflayer,1427,warrior,arms,30,15,15
32330,Alinash,aegwynn,1427,warrior,arms,51,24,27
32331,Kantarion,stormscale,1427,warrior,arms,36,16,20
32332,Bráïnléss,silvermoon,1426,warrior,arms,36,17,19
32333,Togas,silvermoon,1425,warrior,arms,153,77,76
32334,Pokopo,blackrock,1425,warrior,arms,211,103,108
32335,Rodenet,dun-modr,1423,warrior,arms,54,28,26
32336,Zoefernandes,kazzak,1423,warrior,arms,42,15,27
32337,Smoothbrian,ravencrest,1421,warrior,arms,24,15,9
32338,Informatica,doomhammer,1420,warrior,arms,36,18,18
32339,Néxtlølz,twisting-nether,1420,warrior,arms,30,15,15
32340,Zellxd,stormscale,1418,warrior,arms,36,20,16
32341,Avelyr,pozzo-delleternità,1418,warrior,arms,30,15,15
32342,Мерсилессх,gordunni,1418,warrior,arms,84,39,45
32343,Nuahka,blackmoore,1416,warrior,arms,28,17,11
32344,Гардринг,howling-fjord,1416,warrior,arms,66,39,27
32345,Газрош,howling-fjord,1416,warrior,arms,46,22,24
32346,Madaxe,kazzak,1414,warrior,arms,24,20,4
32347,Paow,tarren-mill,1414,warrior,arms,35,16,19
32348,Oruka,mannoroth,1412,warrior,arms,42,24,18
32349,Drushíí,shattrath,1411,warrior,arms,35,17,18
32350,Ferpylél,ragnaros,1408,warrior,arms,31,17,14
32351,Fáro,ravencrest,1407,warrior,arms,40,16,24
32352,Spargebuci,draenor,1406,warrior,arms,48,17,31
32353,Franzbardon,archimonde,1404,warrior,arms,72,35,37
32354,Mogolaki,twilights-hammer,1404,warrior,arms,42,20,22
32355,Stormfist,tarren-mill,1403,warrior,arms,36,19,17
32356,Bjösk,stormscale,1403,warrior,arms,45,23,22
32357,Kaîsaschnitt,malganis,1402,warrior,arms,64,37,27
32358,Gervvand,burning-legion,1402,warrior,arms,30,15,15
32359,Cutting,burning-legion,1402,warrior,arms,55,25,30
32360,Ayelsyssup,silvermoon,1401,warrior,arms,48,23,25
32361,Chakrator,la-croisade-écarlate,1401,warrior,arms,48,23,25
32362,Северот,deepholm,1401,warrior,arms,35,16,19
32363,Peldreas,silvermoon,1400,warrior,arms,64,31,33
32364,Казгримм,howling-fjord,1400,warrior,arms,48,23,25
32365,Zosska,burning-legion,1400,warrior,arms,42,20,22
32366,Абабоба,gordunni,1398,warrior,arms,30,16,14
32367,Doxinator,silvermoon,1396,warrior,arms,81,33,48
32368,ßladex,azshara,1395,warrior,arms,35,21,14
32369,Scrèàm,tarren-mill,1395,warrior,arms,60,28,32
32370,Hellrokk,drakthul,1394,warrior,arms,24,15,9
32371,Bládez,ravencrest,1394,warrior,arms,66,36,30
32372,Nekerka,burning-legion,1394,warrior,arms,65,33,32
32373,Jáson,kazzak,1394,warrior,arms,65,29,36
32374,Papipulki,zuljin,1394,warrior,arms,56,23,33
32375,Phovoss,stormscale,1394,warrior,arms,42,15,27
32376,Mgw,blackrock,1393,warrior,arms,24,15,9
32377,Агамемнан,soulflayer,1391,warrior,arms,118,61,57
32378,Алексвайтт,gordunni,1391,warrior,arms,47,23,24
32379,Architectman,twisting-nether,1391,warrior,arms,78,35,43
32380,Bloodmyst,kazzak,1391,warrior,arms,36,15,21
32381,Hradball,twilights-hammer,1390,warrior,arms,60,28,32
32382,Okoru,stormscale,1390,warrior,arms,57,22,35
32383,Jumbodolmen,tarren-mill,1389,warrior,arms,30,16,14
32384,Àlexander,ravencrest,1389,warrior,arms,29,15,14
32385,Arithael,dun-modr,1388,warrior,arms,132,67,65
32386,Vagor,aegwynn,1388,warrior,arms,60,30,30
32387,Arreat,chogall,1388,warrior,arms,96,41,55
32388,Nucleargrab,twilights-hammer,1385,warrior,arms,109,53,56
32389,Malalulu,burning-legion,1385,warrior,arms,113,54,59
32390,Дикийппц,gordunni,1384,warrior,arms,36,21,15
32391,Diástasi,twisting-nether,1384,warrior,arms,90,48,42
32392,Conanh,pozzo-delleternità,1384,warrior,arms,50,24,26
32393,Dafok,rashgarroth,1384,warrior,arms,36,15,21
32394,Cássándráh,argent-dawn,1383,warrior,arms,56,28,28
32395,Tontonsmoky,hyjal,1383,warrior,arms,49,22,27
32396,Кэфтэмэ,soulflayer,1382,warrior,arms,73,35,38
32397,Ràkar,stormscale,1382,warrior,arms,36,16,20
32398,Espröc,kazzak,1381,warrior,arms,161,83,78
32399,Nøcturnaqq,silvermoon,1378,warrior,arms,30,15,15
32400,Неосим,gordunni,1377,warrior,arms,42,25,17
32401,Pakusrage,defias-brotherhood,1377,warrior,arms,62,26,36
32402,Xaheld,blackrock,1376,warrior,arms,30,16,14
32403,Temprament,ravencrest,1375,warrior,arms,36,21,15
32404,Cléàvage,silvermoon,1374,warrior,arms,81,32,49
32405,Beelzebuu,blackhand,1373,warrior,arms,55,29,26
32406,Iljaana,blackrock,1373,warrior,arms,60,30,30
32407,Mljecho,kazzak,1372,warrior,arms,107,52,55
32408,Bleckwarrior,ravencrest,1371,warrior,arms,78,39,39
32409,Éls,argent-dawn,1371,warrior,arms,42,19,23
32410,Taylorswifty,twisting-nether,1370,warrior,arms,90,48,42
32411,Furanos,blackrock,1370,warrior,arms,35,15,20
32412,Rakwarrior,blackhand,1369,warrior,arms,30,20,10
32413,Weareinspace,stormscale,1369,warrior,arms,52,29,23
32414,Паракур,soulflayer,1369,warrior,arms,60,27,33
32415,Mograinê,blackmoore,1368,warrior,arms,60,31,29
32416,Tyëlin,elune,1364,warrior,arms,95,45,50
32417,Gacel,dun-modr,1364,warrior,arms,54,24,30
32418,Lyfttokyo,tarren-mill,1363,warrior,arms,60,28,32
32419,Carras,confrérie-du-thorium,1362,warrior,arms,113,51,62
32420,Propanex,kazzak,1361,warrior,arms,42,26,16
32421,Vølverinwar,thrall,1361,warrior,arms,82,37,45
32422,Grahatia,magtheridon,1360,warrior,arms,75,42,33
32423,Nabul,thunderhorn,1359,warrior,arms,30,16,14
32424,Panggy,ragnaros,1359,warrior,arms,36,15,21
32425,Agoobagoo,alakir,1358,warrior,arms,35,15,20
32426,Zargor,kazzak,1354,warrior,arms,52,31,21
32427,Tealbell,chamber-of-aspects,1354,warrior,arms,101,55,46
32428,Bxnx,aegwynn,1353,warrior,arms,36,21,15
32429,Казньшалав,gordunni,1353,warrior,arms,45,20,25
32430,Авентадорх,deathguard,1352,warrior,arms,83,32,51
32431,Staribrko,outland,1349,warrior,arms,144,66,78
32432,Qiz,silvermoon,1347,warrior,arms,134,68,66
32433,Einherjer,burning-legion,1346,warrior,arms,58,32,26
32434,Pummelpete,grim-batol,1344,warrior,arms,24,14,10
32435,Pazl,outland,1344,warrior,arms,36,17,19
32436,Beevzyn,blackmoore,1343,warrior,arms,18,14,4
32437,Мобсто,soulflayer,1343,warrior,arms,30,15,15
32438,Tucomessuelo,cthun,1343,warrior,arms,36,17,19
32439,Izestyi,blackrock,1343,warrior,arms,66,31,35
32440,Colard,ravencrest,1343,warrior,arms,30,14,16
32441,Belattor,silvermoon,1343,warrior,arms,30,14,16
32442,Buyya,ravencrest,1342,warrior,arms,58,31,27
32443,Bonesz,jaedenar,1342,warrior,arms,99,50,49
32444,Hulksmsh,hyjal,1342,warrior,arms,36,14,22
32445,Zzeed,auchindoun,1341,warrior,arms,48,19,29
32446,Chadsmorc,twisting-nether,1339,warrior,arms,18,14,4
32447,Yukizz,ravencrest,1339,warrior,arms,24,14,10
32448,Feckdech,blackrock,1339,warrior,arms,24,14,10
32449,Zandawar,drakthul,1339,warrior,arms,59,33,26
32450,Хеликат,soulflayer,1338,warrior,arms,30,14,16
32451,Thisguyfax,the-venture-co,1337,warrior,arms,60,32,28
32452,Zaatar,draenor,1337,warrior,arms,72,38,34
32453,Littlebugger,ravencrest,1336,warrior,arms,24,14,10
32454,Хазгора,howling-fjord,1336,warrior,arms,78,44,34
32455,Raixxon,ragnaros,1336,warrior,arms,48,20,28
32456,Melliug,ysondre,1335,warrior,arms,40,15,25
32457,Jimei,temple-noir,1333,warrior,arms,24,14,10
32458,Taikyokuken,hyjal,1333,warrior,arms,60,27,33
32459,Fàlconry,kazzak,1333,warrior,arms,102,43,59
32460,Zool,madmortem,1332,warrior,arms,56,27,29
32461,Флэксик,soulflayer,1331,warrior,arms,24,14,10
32462,Ricssonz,burning-legion,1331,warrior,arms,24,14,10
32463,Hatefury,twisting-nether,1331,warrior,arms,84,38,46
32464,Tarkosha,terokkar,1330,warrior,arms,232,110,122
32465,Kleidaria,stormscale,1328,warrior,arms,24,14,10
32466,Shádówfáxí,outland,1328,warrior,arms,30,14,16
32467,Лисерк,howling-fjord,1328,warrior,arms,36,14,22
32468,Haewon,burning-legion,1328,warrior,arms,42,16,26
32469,Behemothwr,kazzak,1327,warrior,arms,75,37,38
32470,Nàsher,frostwolf,1327,warrior,arms,30,14,16
32471,Greekazi,kazzak,1327,warrior,arms,57,26,31
32472,Chádtóurps,drakthul,1326,warrior,arms,29,14,15
32473,Swefy,sanguino,1326,warrior,arms,139,62,77
32474,Mysteryman,defias-brotherhood,1325,warrior,arms,24,15,9
32475,Нетконечно,howling-fjord,1325,warrior,arms,30,14,16
32476,Mortalik,silvermoon,1324,warrior,arms,166,77,89
32477,Fantasý,burning-legion,1324,warrior,arms,35,14,21
32478,Ähäkutti,frostmane,1323,warrior,arms,42,23,19
32479,Highz,grim-batol,1323,warrior,arms,36,18,18
32480,Gorchak,blackmoore,1323,warrior,arms,113,52,61
32481,Leroxius,ragnaros,1322,warrior,arms,126,61,65
32482,Nelthôr,alleria,1321,warrior,arms,71,34,37
32483,Ashiku,zuljin,1321,warrior,arms,54,23,31
32484,Crayz,twisting-nether,1320,warrior,arms,30,14,16
32485,Throck,drakthul,1320,warrior,arms,41,18,23
32486,Lostbull,kazzak,1317,warrior,arms,30,14,16
32487,Astven,blackmoore,1316,warrior,arms,40,16,24
32488,Peack,ravencrest,1315,warrior,arms,137,68,69
32489,Guruntar,kirin-tor,1315,warrior,arms,62,29,33
32490,Ràgnarok,chogall,1314,warrior,arms,72,39,33
32491,Imora,silvermoon,1314,warrior,arms,36,18,18
32492,Alborozie,archimonde,1314,warrior,arms,30,14,16
32493,Kmica,khadgar,1314,warrior,arms,61,27,34
32494,Strapnslap,argent-dawn,1314,warrior,arms,78,30,48
32495,Shoesmith,outland,1313,warrior,arms,54,15,39
32496,Issatank,frostmane,1312,warrior,arms,42,21,21
32497,Оморальный,soulflayer,1311,warrior,arms,88,39,49
32498,Скользкийбро,gordunni,1310,warrior,arms,54,24,30
32499,Megatronman,ravencrest,1309,warrior,arms,24,14,10
32500,Roctah,auchindoun,1309,warrior,arms,46,24,22
32501,Garganelli,tarren-mill,1309,warrior,arms,48,21,27
32502,Aggamemnus,ravencrest,1308,warrior,arms,44,28,16
32503,Ylana,eldrethalas,1308,warrior,arms,99,43,56
32504,Neverkind,twisting-nether,1307,warrior,arms,66,37,29
32505,Ovcharq,steamwheedle-cartel,1306,warrior,arms,67,34,33
32506,Lûckystríké,blackmoore,1305,warrior,arms,52,25,27
32507,Youokhun,kazzak,1302,warrior,arms,42,21,21
32508,Bossít,doomhammer,1301,warrior,arms,80,44,36
32509,Ragnacore,ravencrest,1301,warrior,arms,53,29,24
32510,Reichas,ragnaros,1301,warrior,arms,37,20,17
32511,Tazkax,archimonde,1301,warrior,arms,34,15,19
32512,Tazdingowar,antonidas,1301,warrior,arms,58,23,35
32513,Berzzerker,tarren-mill,1300,warrior,arms,48,22,26
32514,Shuraj,hyjal,1299,warrior,arms,46,24,22
32515,Elénir,dalaran,1297,warrior,arms,24,15,9
32516,Cárbo,silvermoon,1296,warrior,arms,61,34,27
32517,Yayoflauta,sanguino,1296,warrior,arms,36,16,20
32518,Рестат,soulflayer,1296,warrior,arms,89,35,54
32519,Seliasbro,kazzak,1295,warrior,arms,30,15,15
32520,Сэлфиш,lich-king,1295,warrior,arms,29,14,15
32521,Chippéd,draenor,1294,warrior,arms,23,14,9
32522,Semanor,aegwynn,1291,warrior,arms,30,16,14
32523,Kravaiski,argent-dawn,1291,warrior,arms,90,44,46
32524,Zeroskllz,outland,1291,warrior,arms,70,33,37
32525,Inelegant,tarren-mill,1290,warrior,arms,60,32,28
32526,Ghorglukk,lightnings-blade,1290,warrior,arms,60,28,32
32527,Perkoulator,archimonde,1290,warrior,arms,69,30,39
32528,Geraltf,tarren-mill,1290,warrior,arms,48,20,28
32529,Huscar,thrall,1290,warrior,arms,35,14,21
32530,Piksitron,silvermoon,1289,warrior,arms,60,37,23
32531,Ingensan,lightbringer,1288,warrior,arms,51,22,29
32532,Lebronjones,sylvanas,1282,warrior,arms,66,32,34
32533,Bluntsword,twisting-nether,1282,warrior,arms,36,17,19
32534,Unarde,silvermoon,1281,warrior,arms,167,83,84
32535,Pptickler,argent-dawn,1280,warrior,arms,29,14,15
32536,Гогрикк,ashenvale,1279,warrior,arms,72,35,37
32537,Malevolént,silvermoon,1279,warrior,arms,54,25,29
32538,Kloppnîx,blackmoore,1278,warrior,arms,50,31,19
32539,Фикпопадешь,lich-king,1278,warrior,arms,45,17,28
32540,Arms,earthen-ring,1275,warrior,arms,26,14,12
32541,Pacosky,burning-legion,1275,warrior,arms,57,28,29
32542,Jisoowar,blackhand,1275,warrior,arms,42,19,23
32543,Tedbuckland,blackrock,1273,warrior,arms,24,15,9
32544,Инелутабл,eversong,1273,warrior,arms,23,14,9
32545,Xunaakt,nemesis,1273,warrior,arms,69,34,35
32546,Ангрол,grom,1273,warrior,arms,35,14,21
32547,Rahaaxhia,kaelthas,1271,warrior,arms,24,15,9
32548,Waf,hakkar,1270,warrior,arms,42,20,22
32549,Elyrax,dun-modr,1270,warrior,arms,30,14,16
32550,Джондо,gordunni,1269,warrior,arms,30,14,16
32551,Aliasus,outland,1264,warrior,arms,36,16,20
32552,Ranran,emerald-dream,1264,warrior,arms,32,14,18
32553,Hellzint,sanguino,1264,warrior,arms,177,76,101
32554,Mortalgrim,ravencrest,1263,warrior,arms,30,14,16
32555,Colosius,stormscale,1262,warrior,arms,48,29,19
32556,Silabozija,ravencrest,1262,warrior,arms,60,29,31
32557,Sertigan,dun-modr,1262,warrior,arms,39,16,23
32558,Безбожник,eversong,1261,warrior,arms,42,22,20
32559,Exot,eredar,1257,warrior,arms,48,26,22
32560,Carsannies,stormscale,1257,warrior,arms,100,46,54
32561,Trajkovic,ravencrest,1256,warrior,arms,48,24,24
32562,Apôlyon,antonidas,1256,warrior,arms,29,14,15
32563,Orwêll,uldum,1256,warrior,arms,39,15,24
32564,Soulcleaver,stormreaver,1255,warrior,arms,44,23,21
32565,Кентаныч,howling-fjord,1254,warrior,arms,48,22,26
32566,Buntstift,thrall,1254,warrior,arms,42,14,28
32567,Semmino,nemesis,1248,warrior,arms,24,13,11
32568,Kanté,burning-blade,1247,warrior,arms,18,13,5
32569,Leeches,aggramar,1247,warrior,arms,24,13,11
32570,Kragrâu,kazzak,1247,warrior,arms,24,13,11
32571,Mastodøntes,hyjal,1247,warrior,arms,30,13,17
32572,Loty,drakthul,1247,warrior,arms,30,13,17
32573,Kásúxøxøw,ravencrest,1247,warrior,arms,30,13,17
32574,Aixer,archimonde,1247,warrior,arms,30,13,17
32575,Абырабыр,howling-fjord,1246,warrior,arms,18,13,5
32576,Sponkss,tarren-mill,1246,warrior,arms,24,13,11
32577,Bloodx,archimonde,1245,warrior,arms,18,13,5
32578,Nurekin,argent-dawn,1245,warrior,arms,30,13,17
32579,Ødên,frostmane,1243,warrior,arms,24,13,11
32580,Zaerna,draenor,1243,warrior,arms,24,13,11
32581,Ральдвин,gordunni,1243,warrior,arms,47,24,23
32582,Tinkaton,sylvanas,1243,warrior,arms,30,13,17
32583,Buckiesøde,twisting-nether,1243,warrior,arms,30,13,17
32584,Oplarxigos,kazzak,1243,warrior,arms,36,13,23
32585,Soundso,blackmoore,1242,warrior,arms,26,15,11
32586,Narcx,kazzak,1242,warrior,arms,24,13,11
32587,Nazhar,kult-der-verdammten,1242,warrior,arms,24,13,11
32588,Фурианка,galakrond,1242,warrior,arms,27,14,13
32589,Átlás,blackmoore,1242,warrior,arms,43,19,24
32590,Asipositas,eredar,1242,warrior,arms,30,13,17
32591,Gonutz,sylvanas,1241,warrior,arms,24,13,11
32592,Eyeslicer,quelthalas,1241,warrior,arms,24,13,11
32593,Ðræms,eldrethalas,1241,warrior,arms,60,27,33
32594,Neoballac,uldum,1241,warrior,arms,30,13,17
32595,Onee,terrordar,1240,warrior,arms,25,14,11
32596,Laavapoeg,outland,1240,warrior,arms,24,13,11
32597,Jaru,alleria,1240,warrior,arms,51,27,24
32598,Dûrøtan,marécage-de-zangar,1240,warrior,arms,38,15,23
32599,Тролльвоен,gordunni,1239,warrior,arms,21,13,8
32600,Hackamore,suramar,1239,warrior,arms,24,13,11
32601,Архиватор,gordunni,1239,warrior,arms,24,13,11
32602,Fiveboy,tarren-mill,1238,warrior,arms,24,13,11
32603,Heltslut,tarren-mill,1238,warrior,arms,36,13,23
32604,Rorix,blackrock,1237,warrior,arms,24,13,11
32605,Bloodrain,twilights-hammer,1237,warrior,arms,24,13,11
32606,Kirowarrior,silvermoon,1237,warrior,arms,52,24,28
32607,Tahzwolf,stormscale,1236,warrior,arms,18,13,5
32608,Etelä,stormreaver,1236,warrior,arms,30,16,14
32609,Secondwarri,frostwolf,1236,warrior,arms,30,13,17
32610,Makgorei,outland,1236,warrior,arms,39,14,25
32611,Rochful,frostwolf,1235,warrior,arms,36,19,17
32612,Mävïs,ravencrest,1235,warrior,arms,41,16,25
32613,Plt,talnivarr,1233,warrior,arms,41,25,16
32614,Раздолбатель,razuvious,1233,warrior,arms,25,14,11
32615,Funknîco,wrathbringer,1233,warrior,arms,37,19,18
32616,Трафалльгар,gordunni,1232,warrior,arms,44,22,22
32617,Kianit,ravencrest,1232,warrior,arms,79,30,49
32618,Atus,dun-modr,1231,warrior,arms,53,25,28
32619,Royoxo,blackrock,1230,warrior,arms,24,13,11
32620,Rayguerrero,blackrock,1229,warrior,arms,36,13,23
32621,Diggawhat,antonidas,1228,warrior,arms,64,28,36
32622,Ахиллслэм,howling-fjord,1228,warrior,arms,35,13,22
32623,Faugh,tarren-mill,1227,warrior,arms,24,14,10
32624,Кизуми,gordunni,1227,warrior,arms,33,14,19
32625,Uclat,archimonde,1226,warrior,arms,60,29,31
32626,Элейд,thermaplugg,1225,warrior,arms,47,23,24
32627,Narox,arathor,1223,warrior,arms,50,22,28
32628,Yuriko,onyxia,1222,warrior,arms,24,13,11
32629,Solaría,garona,1222,warrior,arms,30,15,15
32630,Дрейсен,gordunni,1219,warrior,arms,24,14,10
32631,Raznon,magtheridon,1218,warrior,arms,36,13,23
32632,Joka,dun-modr,1216,warrior,arms,37,19,18
32633,Ghostwarx,blackmoore,1215,warrior,arms,38,19,19
32634,Garosh,drakthul,1215,warrior,arms,60,29,31
32635,Zuggizug,draenor,1214,warrior,arms,54,27,27
32636,Zøom,ysondre,1213,warrior,arms,82,41,41
32637,Атон,gordunni,1212,warrior,arms,44,20,24
32638,Nårgaí,kargath,1211,warrior,arms,30,13,17
32639,Hørror,nemesis,1211,warrior,arms,30,13,17
32640,Maggisauce,aegwynn,1209,warrior,arms,57,32,25
32641,Maidenlless,ravencrest,1208,warrior,arms,36,13,23
32642,Kaliroll,ysondre,1206,warrior,arms,30,13,17
32643,Lûxn,silvermoon,1205,warrior,arms,134,65,69
32644,Excutíé,twisting-nether,1202,warrior,arms,30,18,12
32645,Beans,argent-dawn,1202,warrior,arms,90,37,53
32646,Крахгал,soulflayer,1201,warrior,arms,159,80,79
32647,Dreamkil,archimonde,1201,warrior,arms,86,43,43
32648,Donátos,aegwynn,1201,warrior,arms,36,15,21
32649,Aiarm,twisting-nether,1200,warrior,arms,48,31,17
32650,Morrzerk,sylvanas,1198,warrior,arms,29,15,14
32651,Mañtís,argent-dawn,1198,warrior,arms,80,41,39
32652,Rayeron,sanguino,1198,warrior,arms,39,16,23
32653,Grinrok,thrall,1197,warrior,arms,66,29,37
32654,Mozterwar,ravencrest,1197,warrior,arms,66,28,38
32655,Reapersrage,twisting-nether,1195,warrior,arms,27,13,14
32656,Mintys,sylvanas,1194,warrior,arms,23,13,10
32657,Nøiir,malfurion,1194,warrior,arms,30,15,15
32658,Rèâpèr,kazzak,1193,warrior,arms,42,27,15
32659,Valíon,outland,1191,warrior,arms,42,22,20
32660,Клайминг,soulflayer,1190,warrior,arms,18,13,5
32661,Slaughteredd,kazzak,1190,warrior,arms,48,17,31
32662,Kerisandra,silvermoon,1188,warrior,arms,37,22,15
32663,Kurzen,voljin,1187,warrior,arms,41,17,24
32664,Crotoss,ravencrest,1185,warrior,arms,31,15,16
32665,Pyret,outland,1185,warrior,arms,40,14,26
32666,Hatethisgame,frostwolf,1184,warrior,arms,28,13,15
32667,Доминатори,grom,1181,warrior,arms,37,15,22
32668,Sýkz,exodar,1181,warrior,arms,35,13,22
32669,Neltharon,silvermoon,1179,warrior,arms,27,17,10
32670,Виднокрай,gordunni,1177,warrior,arms,36,13,23
32671,Elyalol,ragnaros,1174,warrior,arms,33,15,18
32672,Quarantino,ysondre,1173,warrior,arms,76,35,41
32673,Balyndâ,aegwynn,1170,warrior,arms,32,16,16
32674,Роккар,gordunni,1168,warrior,arms,42,22,20
32675,Szelenamoon,outland,1168,warrior,arms,26,13,13
32676,Azëlls,archimonde,1166,warrior,arms,94,46,48
32677,Whàtsup,stormscale,1166,warrior,arms,36,17,19
32678,Sistabossen,magtheridon,1165,warrior,arms,24,13,11
32679,Daguangming,outland,1165,warrior,arms,59,23,36
32680,Smeshh,burning-legion,1162,warrior,arms,24,15,9
32681,Слуфен,galakrond,1158,warrior,arms,24,14,10
32682,Дрейтон,eversong,1157,warrior,arms,42,20,22
32683,Regna,eredar,1157,warrior,arms,90,42,48
32684,Бежа,gordunni,1152,warrior,arms,33,23,10
32685,Belfodiris,stormscale,1152,warrior,arms,18,12,6
32686,Okcool,twisting-nether,1152,warrior,arms,18,12,6
32687,Dõxlol,kazzak,1152,warrior,arms,24,12,12
32688,Azotz,archimonde,1152,warrior,arms,24,12,12
32689,Мираккл,borean-tundra,1151,warrior,arms,18,12,6
32690,Valoo,malganis,1151,warrior,arms,24,12,12
32691,Konebankærn,ravencrest,1151,warrior,arms,30,12,18
32692,Eidzø,tarren-mill,1150,warrior,arms,18,12,6
32693,Zidbi,argent-dawn,1150,warrior,arms,24,12,12
32694,Crazykind,kazzak,1150,warrior,arms,24,12,12
32695,Devidz,outland,1150,warrior,arms,30,12,18
32696,Crushonyou,aegwynn,1149,warrior,arms,24,12,12
32697,ßigarms,ravencrest,1148,warrior,arms,18,12,6
32698,Соловейч,howling-fjord,1148,warrior,arms,24,13,11
32699,Jonalina,gilneas,1148,warrior,arms,84,42,42
32700,Karden,doomhammer,1148,warrior,arms,48,17,31
32701,Chillycheesy,blackmoore,1148,warrior,arms,42,12,30
32702,Zwerk,rajaxx,1147,warrior,arms,24,12,12
32703,Ïnahö,hyjal,1147,warrior,arms,24,12,12
32704,Trenôdeca,stormscale,1147,warrior,arms,24,12,12
32705,Килафх,blackscar,1147,warrior,arms,30,12,18
32706,Josem,sanguino,1147,warrior,arms,33,13,20
32707,Neoh,onyxia,1146,warrior,arms,51,29,22
32708,Ragedotcom,archimonde,1146,warrior,arms,30,16,14
32709,Эпитафорх,blackscar,1146,warrior,arms,24,12,12
32710,Senshin,sanguino,1146,warrior,arms,24,12,12
32711,Ansi,argent-dawn,1146,warrior,arms,30,12,18
32712,Iluwar,ragnaros,1146,warrior,arms,106,42,64
32713,Argaskurken,ravencrest,1145,warrior,arms,24,12,12
32714,Ladoz,ragnaros,1145,warrior,arms,24,12,12
32715,Argadea,archimonde,1145,warrior,arms,42,19,23
32716,Агрегат,goldrinn,1145,warrior,arms,30,12,18
32717,Kultigin,ravencrest,1144,warrior,arms,24,12,12
32718,Bucketheadde,thrall,1144,warrior,arms,36,12,24
32719,Hùmøngöúslåm,ravencrest,1143,warrior,arms,18,12,6
32720,Dundulinka,outland,1143,warrior,arms,27,12,15
32721,Abrash,ysondre,1143,warrior,arms,36,12,24
32722,Meistarinn,draenor,1143,warrior,arms,36,12,24
32723,Brahlus,frostwolf,1142,warrior,arms,30,13,17
32724,Скрежет,gordunni,1142,warrior,arms,30,12,18
32725,Zyzy,arathor,1141,warrior,arms,24,12,12
32726,Brutøs,conseil-des-ombres,1141,warrior,arms,24,12,12
32727,Xanatos,khazgoroth,1140,warrior,arms,36,12,24
32728,Ironsteve,blackmoore,1139,warrior,arms,225,100,125
32729,Ragark,quelthalas,1139,warrior,arms,36,16,20
32730,Галактозар,soulflayer,1138,warrior,arms,96,40,56
32731,Баварриор,greymane,1137,warrior,arms,30,12,18
32732,Mkazy,kirin-tor,1135,warrior,arms,24,12,12
32733,Téldrus,blackrock,1135,warrior,arms,24,12,12
32734,Addy,twisting-nether,1135,warrior,arms,24,12,12
32735,Погоныч,soulflayer,1135,warrior,arms,30,13,17
32736,Difalco,archimonde,1134,warrior,arms,66,33,33
32737,Grimhew,argent-dawn,1134,warrior,arms,30,12,18
32738,Eekz,haomarush,1132,warrior,arms,24,12,12
32739,Палачубийца,deathguard,1131,warrior,arms,71,35,36
32740,Tercio,exodar,1130,warrior,arms,73,32,41
32741,Tajiri,alakir,1126,warrior,arms,64,32,32
32742,Jasperr,nemesis,1123,warrior,arms,79,38,41
32743,Mödhan,archimonde,1123,warrior,arms,28,13,15
32744,Pawn,twisting-nether,1122,warrior,arms,30,12,18
32745,Ordínaryname,blackrock,1121,warrior,arms,234,120,114
32746,Yüle,uldaman,1121,warrior,arms,30,15,15
32747,Nurychïc,twisting-nether,1118,warrior,arms,21,13,8
32748,Diliul,doomhammer,1118,warrior,arms,28,15,13
32749,Meistersykes,silvermoon,1118,warrior,arms,26,13,13
32750,Sway,eonar,1117,warrior,arms,69,28,41
32751,Draktul,aegwynn,1116,warrior,arms,24,14,10
32752,Шлифую,howling-fjord,1115,warrior,arms,25,13,12
32753,Джагенвард,soulflayer,1115,warrior,arms,24,12,12
32754,Wyshh,silvermoon,1115,warrior,arms,63,27,36
32755,Liferuiner,rexxar,1114,warrior,arms,32,13,19
32756,Draleckx,sanguino,1112,warrior,arms,118,51,67
32757,Kugghalfswor,doomhammer,1111,warrior,arms,190,87,103
32758,Dicaprios,silvermoon,1109,warrior,arms,36,14,22
32759,Sûgma,blackhand,1108,warrior,arms,44,23,21
32760,Doveloo,kazzak,1102,warrior,arms,30,15,15
32761,Миранир,soulflayer,1102,warrior,arms,62,30,32
32762,Røiivar,hyjal,1102,warrior,arms,169,74,95
32763,Luunk,ravencrest,1101,warrior,arms,48,23,25
32764,Endermite,magtheridon,1099,warrior,arms,53,24,29
32765,Rutrah,ysondre,1099,warrior,arms,30,12,18
32766,Crixusxx,sanguino,1096,warrior,arms,25,13,12
32767,Фастод,greymane,1095,warrior,arms,54,24,30
32768,Perykø,sanguino,1094,warrior,arms,34,12,22
32769,Sloppychoppy,silvermoon,1093,warrior,arms,47,19,28
32770,Garwarr,twisting-nether,1092,warrior,arms,25,13,12
32771,Копенгаген,ashenvale,1091,warrior,arms,33,13,20
32772,Thehans,grim-batol,1081,warrior,arms,32,15,17
32773,Gèrralt,hyjal,1081,warrior,arms,29,12,17
32774,Atelier,magtheridon,1078,warrior,arms,36,19,17
32775,Inticam,durotan,1077,warrior,arms,31,17,14
32776,Ugardosh,burning-legion,1077,warrior,arms,34,12,22
32777,Stuble,blackhand,1076,warrior,arms,41,19,22
32778,Cárlsberg,pozzo-delleternità,1073,warrior,arms,36,12,24
32779,Киефси,howling-fjord,1071,warrior,arms,36,18,18
32780,Obscurìa,argent-dawn,1068,warrior,arms,84,35,49
32781,Gladiattus,drakthul,1067,warrior,arms,36,16,20
32782,Дикийлёха,soulflayer,1064,warrior,arms,36,18,18
32783,Draemmer,minahonda,1062,warrior,arms,24,12,12
32784,Keksparrow,antonidas,1059,warrior,arms,36,16,20
32785,Áosr,ravencrest,1057,warrior,arms,47,24,23
32786,Nøøbisator,archimonde,1057,warrior,arms,30,13,17
32787,Рексторм,soulflayer,1056,warrior,arms,12,11,1
32788,Schwän,twisting-nether,1056,warrior,arms,18,11,7
32789,Klnrk,ravencrest,1056,warrior,arms,18,11,7
32790,Rexonawarr,kazzak,1056,warrior,arms,18,11,7
32791,Xzm,stormscale,1056,warrior,arms,21,12,9
32792,Dariusvolt,argent-dawn,1056,warrior,arms,59,31,28
32793,Ragestarved,ragnaros,1056,warrior,arms,24,11,13
32794,Êphêý,kazzak,1056,warrior,arms,24,11,13
32795,Anahkas,archimonde,1056,warrior,arms,24,11,13
32796,Hangart,argent-dawn,1056,warrior,arms,30,11,19
32797,Xåb,dun-morogh,1056,warrior,arms,36,11,25
32798,Анархорок,howling-fjord,1055,warrior,arms,18,11,7
32799,Sanerion,antonidas,1055,warrior,arms,18,11,7
32800,Тарартзу,soulflayer,1055,warrior,arms,18,11,7
32801,Scormash,burning-legion,1055,warrior,arms,24,11,13
32802,Cyanerd,bronzebeard,1055,warrior,arms,24,11,13
32803,Huyer,stormscale,1055,warrior,arms,24,11,13
32804,Амаззони,howling-fjord,1055,warrior,arms,24,11,13
32805,Justyòqt,archimonde,1055,warrior,arms,24,11,13
32806,Markorok,kazzak,1054,warrior,arms,18,11,7
32807,Aemox,silvermoon,1054,warrior,arms,18,11,7
32808,Klinga,bladefist,1054,warrior,arms,18,11,7
32809,Râmi,perenolde,1054,warrior,arms,24,11,13
32810,Bursch,ravencrest,1054,warrior,arms,24,11,13
32811,Apollos,der-mithrilorden,1054,warrior,arms,30,11,19
32812,Ganzaésábi,aggra-português,1053,warrior,arms,18,11,7
32813,Khoroc,die-aldor,1053,warrior,arms,30,11,19
32814,Orgi,drakthul,1053,warrior,arms,30,11,19
32815,Scusi,burning-blade,1053,warrior,arms,30,11,19
32816,Salamandar,zenedar,1053,warrior,arms,36,11,25
32817,Gnomekek,sylvanas,1052,warrior,arms,30,11,19
32818,Swayzze,frostwolf,1052,warrior,arms,30,11,19
32819,Deathwingx,azuremyst,1052,warrior,arms,33,12,21
32820,Deviousjr,ragnaros,1051,warrior,arms,18,11,7
32821,Alphachadwar,azjolnerub,1051,warrior,arms,24,11,13
32822,Шорпит,howling-fjord,1051,warrior,arms,66,26,40
32823,Chrekk,khaz-modan,1050,warrior,arms,24,11,13
32824,Grimarg,drakthul,1050,warrior,arms,24,11,13
32825,Ironsíde,alakir,1050,warrior,arms,30,11,19
32826,Grumpy,lightbringer,1050,warrior,arms,30,11,19
32827,Kilsorrow,silvermoon,1050,warrior,arms,30,11,19
32828,Cliwar,ragnaros,1047,warrior,arms,24,15,9
32829,Bellator,arakarahm,1047,warrior,arms,24,11,13
32830,Krigsdunken,draenor,1047,warrior,arms,48,15,33
32831,Darksworn,alleria,1046,warrior,arms,18,11,7
32832,Batalius,dalaran,1046,warrior,arms,30,11,19
32833,Liper,silvermoon,1046,warrior,arms,33,12,21
32834,Roponmatsu,draenor,1045,warrior,arms,24,11,13
32835,Bigboibeeper,draenor,1045,warrior,arms,30,11,19
32836,Arkcules,ghostlands,1044,warrior,arms,24,11,13
32837,Pitii,burning-legion,1044,warrior,arms,26,11,15
32838,Razoo,stormscale,1044,warrior,arms,36,11,25
32839,Zeldaixi,twisting-nether,1043,warrior,arms,18,11,7
32840,Pips,minahonda,1041,warrior,arms,42,13,29
32841,Nokturnâl,silvermoon,1037,warrior,arms,18,11,7
32842,Pwettygal,tarren-mill,1037,warrior,arms,36,13,23
32843,Ruga,echsenkessel,1034,warrior,arms,37,20,17
32844,Степанычь,gordunni,1034,warrior,arms,24,11,13
32845,Starscourge,tarren-mill,1033,warrior,arms,12,11,1
32846,Kymari,sanguino,1033,warrior,arms,23,11,12
32847,Кимиюки,gordunni,1032,warrior,arms,30,11,19
32848,Palthor,drakthul,1032,warrior,arms,39,12,27
32849,Katzz,dun-morogh,1031,warrior,arms,24,11,13
32850,Ethem,twisting-nether,1029,warrior,arms,58,33,25
32851,Brvbert,antonidas,1029,warrior,arms,24,11,13
32852,Dreadshanks,doomhammer,1020,warrior,arms,48,27,21
32853,Oralinde,silvermoon,1017,warrior,arms,78,43,35
32854,Jebzmiecza,kazzak,1015,warrior,arms,24,11,13
32855,Dagouor,twisting-nether,1013,warrior,arms,35,11,24
32856,Shinydjuwlz,turalyon,1008,warrior,arms,18,11,7
32857,Bòónki,ravencrest,1008,warrior,arms,46,22,24
32858,Merdé,blackhand,1007,warrior,arms,90,43,47
32859,Whitebêârd,antonidas,1007,warrior,arms,34,12,22
32860,Ilovealma,kiljaeden,1006,warrior,arms,27,11,16
32861,Antraex,zuljin,1004,warrior,arms,30,13,17
32862,Braûsepulver,guldan,1002,warrior,arms,24,13,11
32863,Gatlok,kazzak,1001,warrior,arms,24,11,13
32864,Rejectofrage,ragnaros,1000,warrior,arms,30,15,15
32865,Manymen,outland,1000,warrior,arms,41,18,23
32866,Тычо,soulflayer,1000,warrior,arms,30,12,18
32867,Teraa,the-maelstrom,998,warrior,arms,36,18,18
32868,Seraphys,ravencrest,998,warrior,arms,28,12,16
32869,Sanhaevel,ravencrest,997,warrior,arms,27,13,14
32870,Adrï,draenor,993,warrior,arms,64,35,29
32871,Ezjau,blackmoore,993,warrior,arms,90,45,45
32872,Hammerfíst,kazzak,993,warrior,arms,71,35,36
32873,Малаятварь,gordunni,990,warrior,arms,22,11,11
32874,Geicoo,dalaran,988,warrior,arms,56,29,27
32875,Бавовник,howling-fjord,987,warrior,arms,32,11,21
32876,Crasher,dentarg,985,warrior,arms,24,11,13
32877,Odonko,blackmoore,982,warrior,arms,42,20,22
32878,Chilp,archimonde,981,warrior,arms,25,12,13
32879,Oldhatreds,twisting-nether,979,warrior,arms,22,11,11
32880,Зед,blackscar,977,warrior,arms,25,13,12
32881,Chipstjuven,tarren-mill,963,warrior,arms,25,11,14
32882,Bigschnäbi,blackhand,960,warrior,arms,12,10,2
32883,Wintertimex,stormscale,960,warrior,arms,12,10,2
32884,Whýsøsîleñt,ragnaros,960,warrior,arms,16,11,5
32885,Milant,antonidas,960,warrior,arms,18,10,8
32886,Krionos,ravencrest,960,warrior,arms,18,10,8
32887,Proeliator,argent-dawn,960,warrior,arms,18,10,8
32888,Hirurg,thrall,960,warrior,arms,18,10,8
32889,Каоссвар,howling-fjord,960,warrior,arms,18,10,8
32890,Broarextiger,ragnaros,960,warrior,arms,18,10,8
32891,Бигдэмс,soulflayer,960,warrior,arms,18,10,8
32892,Bigdamtosco,ravencrest,960,warrior,arms,18,10,8
32893,Элетий,soulflayer,960,warrior,arms,24,10,14
32894,Salpaaja,frostwhisper,960,warrior,arms,24,10,14
32895,Andabad,silvermoon,960,warrior,arms,24,10,14
32896,Bravopla,silvermoon,960,warrior,arms,24,10,14
32897,Dabr,stormscale,960,warrior,arms,24,10,14
32898,Zirêael,kazzak,960,warrior,arms,30,10,20
32899,Sindrener,ysondre,960,warrior,arms,30,10,20
32900,Jaythegodx,blackrock,960,warrior,arms,30,10,20
32901,Искристый,howling-fjord,959,warrior,arms,12,10,2
32902,Prymebeevz,blackmoore,959,warrior,arms,12,10,2
32903,Mbappé,dragonblight,959,warrior,arms,12,10,2
32904,Gantsrip,stormscale,959,warrior,arms,16,11,5
32905,Zdi,blackrock,959,warrior,arms,18,10,8
32906,Badwarr,blackhand,959,warrior,arms,18,10,8
32907,Экспла,ashenvale,959,warrior,arms,18,10,8
32908,Axxtm,ravencrest,959,warrior,arms,18,10,8
32909,Fearmedear,sylvanas,959,warrior,arms,18,10,8
32910,Notvisionary,ravencrest,959,warrior,arms,18,10,8
32911,Rookian,blackrock,959,warrior,arms,18,10,8
32912,Duckyone,zenedar,959,warrior,arms,18,10,8
32913,Stepa,sylvanas,959,warrior,arms,18,10,8
32914,Rabaozi,blackhand,959,warrior,arms,18,10,8
32915,Kryszii,ragnaros,959,warrior,arms,24,10,14
32916,Geckoo,emerald-dream,959,warrior,arms,24,10,14
32917,Enzja,nazjatar,959,warrior,arms,24,10,14
32918,Micromachine,argent-dawn,959,warrior,arms,30,10,20
32919,Krônôs,thrall,958,warrior,arms,18,10,8
32920,Gorlemar,blackmoore,958,warrior,arms,18,10,8
32921,Hamilton,bronzebeard,958,warrior,arms,18,10,8
32922,Убитаякорова,soulflayer,958,warrior,arms,18,10,8
32923,Braindeady,burning-legion,958,warrior,arms,18,10,8
32924,Earshy,ragnaros,958,warrior,arms,18,10,8
32925,Adamchen,blackmoore,958,warrior,arms,24,10,14
32926,Gruxx,ragnaros,958,warrior,arms,24,10,14
32927,Leapling,blackmoore,958,warrior,arms,24,10,14
32928,Vymd,archimonde,958,warrior,arms,28,11,17
32929,Testonator,outland,957,warrior,arms,24,10,14
32930,Латексник,booty-bay,957,warrior,arms,30,10,20
32931,Pag,hyjal,956,warrior,arms,12,10,2
32932,Lucasqt,magtheridon,956,warrior,arms,18,10,8
32933,Roshas,twisting-nether,956,warrior,arms,18,10,8
32934,Mllmmxxm,kargath,956,warrior,arms,24,10,14
32935,Utero,drakthul,956,warrior,arms,24,10,14
32936,Ciocaboca,draenor,955,warrior,arms,18,10,8
32937,Deanx,ragnaros,955,warrior,arms,18,10,8
32938,Genç,ysondre,955,warrior,arms,24,10,14
32939,Xarmog,hyjal,955,warrior,arms,24,10,14
32940,Gramrosh,eredar,955,warrior,arms,24,10,14
32941,Neíd,malganis,955,warrior,arms,30,10,20
32942,Труперсила,howling-fjord,954,warrior,arms,24,10,14
32943,Kosttya,argent-dawn,954,warrior,arms,24,10,14
32944,Ôwndbylx,aegwynn,954,warrior,arms,27,11,16
32945,Blanchysnow,hyjal,952,warrior,arms,18,10,8
32946,Unkmòr,pozzo-delleternità,952,warrior,arms,42,22,20
32947,Warriornrv,ysondre,950,warrior,arms,18,10,8
32948,Волрок,howling-fjord,950,warrior,arms,25,13,12
32949,Thiccrich,argent-dawn,949,warrior,arms,12,10,2
32950,Zerm,draenor,949,warrior,arms,18,10,8
32951,Taurosk,burning-legion,949,warrior,arms,24,10,14
32952,Warsky,archimonde,948,warrior,arms,18,12,6
32953,Goldenward,silvermoon,948,warrior,arms,18,10,8
32954,Зуботычник,gordunni,948,warrior,arms,18,10,8
32955,Axedingus,tarren-mill,947,warrior,arms,18,10,8
32956,Tyragon,thrall,947,warrior,arms,18,10,8
32957,Omglolnoob,magtheridon,946,warrior,arms,26,10,16
32958,Contrariety,ravencrest,944,warrior,arms,18,10,8
32959,Chépérøs,kaelthas,944,warrior,arms,30,10,20
32960,Etharedon,kul-tiras,942,warrior,arms,24,10,14
32961,Mågne,tarren-mill,939,warrior,arms,30,10,20
32962,Krostapunk,colinas-pardas,937,warrior,arms,24,10,14
32963,Fdmachine,kazzak,934,warrior,arms,24,10,14
32964,Bubciu,burning-legion,932,warrior,arms,30,10,20
32965,Tabboonishka,draenor,927,warrior,arms,16,11,5
32966,Ganik,malganis,927,warrior,arms,23,10,13
32967,Shavoi,die-aldor,926,warrior,arms,29,10,19
32968,Raldjorn,hyjal,924,warrior,arms,18,10,8
32969,Тибат,howling-fjord,924,warrior,arms,23,10,13
32970,Dearmooses,stormscale,920,warrior,arms,36,18,18
32971,Avgålöfvén,stormscale,912,warrior,arms,15,11,4
32972,Matti,magtheridon,911,warrior,arms,17,10,7
32973,Zugstorm,outland,911,warrior,arms,27,11,16
32974,Grroom,tarren-mill,908,warrior,arms,27,10,17
32975,Durmithor,silvermoon,906,warrior,arms,35,10,25
32976,Cryze,ravencrest,903,warrior,arms,21,10,11
32977,Данилатитич,howling-fjord,901,warrior,arms,21,10,11
32978,Cowlunderowl,tarren-mill,900,warrior,arms,32,11,21
32979,Razecraz,ysondre,894,warrior,arms,18,11,7
32980,Akenrun,eredar,893,warrior,arms,22,10,12
32981,Perseó,minahonda,888,warrior,arms,54,16,38
32982,Рагнарульв,gordunni,885,warrior,arms,14,10,4
32983,Дотрен,galakrond,883,warrior,arms,42,20,22
32984,Luffydono,stormscale,879,warrior,arms,25,10,15
32985,Pigleto,ravencrest,870,warrior,arms,22,12,10
32986,Orchëstre,eitrigg,865,warrior,arms,24,12,12
32987,Imondiet,ragnaros,864,warrior,arms,12,9,3
32988,Jethiss,ravencrest,864,warrior,arms,12,9,3
32989,Antìcìdè,ravencrest,864,warrior,arms,12,9,3
32990,Zäløøpå,kazzak,864,warrior,arms,12,9,3
32991,Zaedt,tarren-mill,864,warrior,arms,12,9,3
32992,Drvx,twisting-nether,864,warrior,arms,12,9,3
32993,Marqinios,archimonde,864,warrior,arms,12,9,3
32994,Hannìbal,ravencrest,864,warrior,arms,12,9,3
32995,Preliator,outland,864,warrior,arms,12,9,3
32996,Кимлий,deathweaver,864,warrior,arms,18,9,9
32997,Puremëtal,silvermoon,864,warrior,arms,18,9,9
32998,Quotxwar,stormscale,864,warrior,arms,18,9,9
32999,Quadfather,kazzak,864,warrior,arms,18,9,9
33000,Allthèwayup,kazzak,864,warrior,arms,18,9,9
33001,Jeax,rexxar,864,warrior,arms,18,9,9
33002,Whýsøsîlêñt,ragnaros,864,warrior,arms,18,9,9
33003,Лилиофанныч,soulflayer,864,warrior,arms,18,9,9
33004,Bâyer,burning-legion,864,warrior,arms,18,9,9
33005,Ken,twisting-nether,864,warrior,arms,18,9,9
33006,Джамалли,howling-fjord,864,warrior,arms,18,9,9
33007,Dmgsponge,stormscale,864,warrior,arms,24,9,15
33008,Vikktor,doomhammer,864,warrior,arms,24,9,15
33009,Morbaac,archimonde,864,warrior,arms,30,9,21
33010,Пиапиа,gordunni,863,warrior,arms,12,9,3
33011,Renbaka,marécage-de-zangar,863,warrior,arms,12,9,3
33012,Wutend,nemesis,863,warrior,arms,12,9,3
33013,Vallenwar,twisting-nether,863,warrior,arms,12,9,3
33014,Pelicos,grim-batol,863,warrior,arms,12,9,3
33015,Proxxyyqt,blackrock,863,warrior,arms,18,9,9
33016,Wargak,stormscale,863,warrior,arms,18,9,9
33017,Puurplecloud,kazzak,863,warrior,arms,18,9,9
33018,Malgár,argent-dawn,863,warrior,arms,18,9,9
33019,Saofang,twisting-nether,863,warrior,arms,18,9,9
33020,Skaylulz,ragnaros,863,warrior,arms,18,9,9
33021,Billorc,twisting-nether,863,warrior,arms,18,9,9
33022,Warbigboss,draenor,863,warrior,arms,18,9,9
33023,Дейниксис,howling-fjord,863,warrior,arms,18,9,9
33024,Punisherhulk,stormscale,863,warrior,arms,18,9,9
33025,Shïn,kaelthas,863,warrior,arms,24,9,15
33026,Johnfogerty,twisting-nether,863,warrior,arms,24,9,15
33027,Séphi,archimonde,863,warrior,arms,24,9,15
33028,Bobloblaww,doomhammer,862,warrior,arms,18,9,9
33029,Fluffycute,blackhand,862,warrior,arms,24,9,15
33030,Realdrdob,kazzak,862,warrior,arms,24,9,15
33031,Démigodx,stormscale,862,warrior,arms,24,9,15
33032,Clukao,kazzak,862,warrior,arms,24,9,15
33033,Scarloc,archimonde,862,warrior,arms,24,9,15
33034,Nêgan,stormscale,861,warrior,arms,18,9,9
33035,Üs,blackhand,861,warrior,arms,24,9,15
33036,Amar,defias-brotherhood,861,warrior,arms,29,10,19
33037,Bigbaduglyy,twisting-nether,861,warrior,arms,30,9,21
33038,Arriess,drakthul,860,warrior,arms,18,9,9
33039,Woopzi,twisting-nether,860,warrior,arms,36,9,27
33040,Synrosh,hyjal,859,warrior,arms,18,9,9
33041,Wolfgladius,cthun,859,warrior,arms,18,9,9
33042,Stits,chromaggus,859,warrior,arms,18,9,9
33043,Маханхет,soulflayer,859,warrior,arms,24,9,15
33044,Антурим,howling-fjord,859,warrior,arms,24,9,15
33045,Дрекзот,howling-fjord,858,warrior,arms,15,10,5
33046,Kval,kazzak,858,warrior,arms,18,9,9
33047,Агтеррокк,deathweaver,858,warrior,arms,24,9,15
33048,Варбыкмашина,howling-fjord,857,warrior,arms,18,9,9
33049,Vegäpunk,nemesis,857,warrior,arms,24,9,15
33050,Kixx,twisting-nether,855,warrior,arms,30,14,16
33051,Pøps,hyjal,854,warrior,arms,18,9,9
33052,Discogoon,twilights-hammer,854,warrior,arms,87,32,55
33053,Syforce,ravencrest,850,warrior,arms,18,9,9
33054,Blufurys,nemesis,849,warrior,arms,26,9,17
33055,Fullkraft,tarren-mill,848,warrior,arms,18,9,9
33056,Pawnerlol,mannoroth,847,warrior,arms,17,9,8
33057,Bigtulipe,archimonde,842,warrior,arms,17,9,8
33058,Ajgreedy,grim-batol,829,warrior,arms,23,9,14
33059,Overdose,anetheron,827,warrior,arms,17,10,7
33060,Prag,silvermoon,823,warrior,arms,16,10,6
33061,Kllinac,kazzak,823,warrior,arms,22,9,13
33062,Tanoras,kazzak,815,warrior,arms,17,9,8
33063,Mölntuss,emeriss,815,warrior,arms,23,9,14
33064,Actuallyorc,twisting-nether,799,warrior,arms,14,9,5
33065,Vyctimz,ravencrest,799,warrior,arms,16,9,7
33066,Bumbx,kazzak,796,warrior,arms,14,9,5
33067,Fractale,kirin-tor,794,warrior,arms,16,9,7
33068,Knego,ragnaros,793,warrior,arms,11,9,2
33069,Klanky,draenor,793,warrior,arms,26,9,17
33070,Кейнорин,howling-fjord,789,warrior,arms,28,9,19
33071,Finalsmasher,thrall,784,warrior,arms,42,16,26
33072,Лысыч,gordunni,778,warrior,arms,19,9,10
33073,Shorrag,outland,768,warrior,arms,12,8,4
33074,Ballin,dragonblight,768,warrior,arms,12,8,4
33075,Muyubu,eredar,768,warrior,arms,12,8,4
33076,Дуглимон,gordunni,768,warrior,arms,12,8,4
33077,Psinovich,sylvanas,768,warrior,arms,12,8,4
33078,Solaje,dun-modr,768,warrior,arms,12,8,4
33079,Иктиннос,gordunni,768,warrior,arms,12,8,4
33080,Norganw,die-aldor,768,warrior,arms,12,8,4
33081,Éliøkor,outland,768,warrior,arms,12,8,4
33082,Liked,tarren-mill,768,warrior,arms,12,8,4
33083,Greenpanzer,archimonde,768,warrior,arms,12,8,4
33084,Chíppéd,draenor,768,warrior,arms,12,8,4
33085,Bulfwart,zuljin,768,warrior,arms,12,8,4
33086,Rayner,illidan,768,warrior,arms,12,8,4
33087,Nukerz,kirin-tor,768,warrior,arms,12,8,4
33088,Бигдэм,howling-fjord,768,warrior,arms,12,8,4
33089,Bullrug,blackrock,768,warrior,arms,12,8,4
33090,Maisner,stormscale,768,warrior,arms,15,9,6
33091,Aauv,twisting-nether,768,warrior,arms,18,8,10
33092,Horsewarrior,stormscale,768,warrior,arms,18,8,10
33093,Vlorgboi,drakthul,768,warrior,arms,18,8,10
33094,Crystallake,blackrock,768,warrior,arms,18,8,10
33095,Xdpromtius,dun-modr,768,warrior,arms,18,8,10
33096,Borndet,eredar,768,warrior,arms,18,8,10
33097,Роули,blackscar,768,warrior,arms,18,8,10
33098,Brunodressed,aegwynn,768,warrior,arms,18,8,10
33099,Warounet,hyjal,768,warrior,arms,18,8,10
33100,Земибор,soulflayer,768,warrior,arms,18,8,10
33101,Arsinal,blackhand,768,warrior,arms,18,8,10
33102,Visari,kiljaeden,768,warrior,arms,18,8,10
33103,Dreadbanga,blackmoore,768,warrior,arms,18,8,10
33104,Kamilfury,burning-legion,768,warrior,arms,22,9,13
33105,Elinyar,aegwynn,768,warrior,arms,24,8,16
33106,Уэсгар,blackscar,768,warrior,arms,24,8,16
33107,Fosler,frostmane,768,warrior,arms,24,8,16
33108,Sjozug,tarren-mill,768,warrior,arms,24,8,16
33109,Heavenheart,bronzebeard,767,warrior,arms,13,9,4
33110,Yoilenno,argent-dawn,767,warrior,arms,12,8,4
33111,Prolyx,doomhammer,767,warrior,arms,12,8,4
33112,Draer,sanguino,767,warrior,arms,17,9,8
33113,Equality,ragnaros,767,warrior,arms,16,8,8
33114,Bekkey,lightbringer,767,warrior,arms,18,8,10
33115,Akim,ysondre,767,warrior,arms,18,8,10
33116,Broxiw,darkspear,767,warrior,arms,18,8,10
33117,Flurie,sylvanas,767,warrior,arms,18,8,10
33118,Garodis,blackmoore,767,warrior,arms,18,8,10
33119,Lortèn,stormscale,767,warrior,arms,18,8,10
33120,Øfè,ysondre,767,warrior,arms,18,8,10
33121,Jjokkerr,magtheridon,767,warrior,arms,18,8,10
33122,Folsack,sanguino,767,warrior,arms,18,8,10
33123,Shædøw,archimonde,767,warrior,arms,18,8,10
33124,Ronoh,kazzak,767,warrior,arms,18,8,10
33125,Hermosse,dalaran,767,warrior,arms,18,8,10
33126,Каутто,howling-fjord,767,warrior,arms,18,8,10
33127,Horseye,eredar,767,warrior,arms,18,8,10
33128,Waegon,twisting-nether,767,warrior,arms,18,8,10
33129,Футжисубо,razuvious,767,warrior,arms,18,8,10
33130,Арбузикхаха,soulflayer,767,warrior,arms,18,8,10
33131,Ríta,silvermoon,767,warrior,arms,18,8,10
33132,Бокалпивка,soulflayer,767,warrior,arms,21,9,12
33133,Derentis,echsenkessel,767,warrior,arms,24,8,16
33134,Jonukas,argent-dawn,767,warrior,arms,24,8,16
33135,Leàn,nemesis,767,warrior,arms,24,8,16
33136,Wolvéshôwl,aegwynn,767,warrior,arms,24,8,16
33137,Bonkonator,stormscale,766,warrior,arms,12,8,4
33138,Newgáte,silvermoon,766,warrior,arms,12,8,4
33139,Celean,darksorrow,766,warrior,arms,12,8,4
33140,Aomen,ravencrest,766,warrior,arms,12,8,4
33141,Shehalk,stormscale,766,warrior,arms,12,8,4
33142,Beamis,ragnaros,766,warrior,arms,18,8,10
33143,Rageaholic,blackmoore,766,warrior,arms,18,8,10
33144,Vohok,jaedenar,766,warrior,arms,18,8,10
33145,Jeronimoe,blackmoore,766,warrior,arms,19,8,11
33146,Halsandre,hyjal,766,warrior,arms,24,8,16
33147,Gorzan,dragonmaw,766,warrior,arms,30,8,22
33148,Opseagull,defias-brotherhood,765,warrior,arms,12,8,4
33149,Wärfäcë,blades-edge,765,warrior,arms,18,8,10
33150,Hirbus,ravencrest,765,warrior,arms,25,8,17
33151,Tommia,burning-legion,764,warrior,arms,18,8,10
33152,Serakhan,argent-dawn,763,warrior,arms,12,8,4
33153,Ferrum,sunstrider,763,warrior,arms,18,8,10
33154,Ireincarnate,argent-dawn,763,warrior,arms,18,8,10
33155,Giggadaddy,tarren-mill,763,warrior,arms,18,8,10
33156,Leyon,blades-edge,762,warrior,arms,12,8,4
33157,Korvjnus,burning-blade,762,warrior,arms,18,8,10
33158,Fatbeard,twilights-hammer,762,warrior,arms,18,8,10
33159,Koliastra,magtheridon,761,warrior,arms,16,9,7
33160,Øruch,draenor,761,warrior,arms,18,8,10
33161,Punishers,ysondre,761,warrior,arms,114,42,72
33162,Ironfists,kilrogg,760,warrior,arms,18,8,10
33163,Methaniwths,twisting-nether,760,warrior,arms,24,8,16
33164,Грруд,galakrond,760,warrior,arms,24,8,16
33165,Машамеч,blackscar,760,warrior,arms,30,8,22
33166,Freestýlz,archimonde,759,warrior,arms,12,8,4
33167,Falcowar,minahonda,758,warrior,arms,18,8,10
33168,Satanås,silvermoon,758,warrior,arms,18,8,10
33169,Upturn,ravencrest,757,warrior,arms,24,8,16
33170,Doba,madmortem,750,warrior,arms,23,8,15
33171,Calipp,die-aldor,750,warrior,arms,24,8,16
33172,Shadrassil,eonar,747,warrior,arms,18,8,10
33173,Bazsika,ragnaros,746,warrior,arms,30,8,22
33174,Smkw,kazzak,738,warrior,arms,18,8,10
33175,Rivah,tarren-mill,735,warrior,arms,18,9,9
33176,Hazzaogx,draenor,735,warrior,arms,23,8,15
33177,Tinkley,quelthalas,734,warrior,arms,16,8,8
33178,Grimsong,antonidas,733,warrior,arms,14,9,5
33179,Madict,outland,733,warrior,arms,18,8,10
33180,Takashia,ravencrest,731,warrior,arms,16,9,7
33181,Nelfx,aggra-português,726,warrior,arms,30,10,20
33182,Grolbein,blackhand,719,warrior,arms,17,9,8
33183,Anaxiam,drakthul,719,warrior,arms,17,8,9
33184,Karbeg,ravencrest,718,warrior,arms,21,8,13
33185,Spoofie,doomhammer,718,warrior,arms,21,8,13
33186,Zíreael,ravencrest,718,warrior,arms,29,8,21
33187,Zelwar,drakthul,714,warrior,arms,14,10,4
33188,Ferv,tarren-mill,703,warrior,arms,17,8,9
33189,Stratic,blackmoore,697,warrior,arms,26,8,18
33190,Melców,eredar,687,warrior,arms,11,8,3
33191,Ispor,shattered-halls,687,warrior,arms,61,29,32
33192,Xiennas,stormscale,679,warrior,arms,19,9,10
33193,Nipes,nozdormu,672,warrior,arms,12,7,5
33194,Ufu,outland,672,warrior,arms,12,7,5
33195,Imglad,ragnaros,672,warrior,arms,12,7,5
33196,Dréngr,blackrock,672,warrior,arms,12,7,5
33197,Masakerr,ragnaros,672,warrior,arms,12,7,5
33198,Midnightrain,archimonde,672,warrior,arms,12,7,5
33199,Notthateasy,blackrock,672,warrior,arms,12,7,5
33200,Хашонвар,gordunni,672,warrior,arms,12,7,5
33201,Âdept,tarren-mill,672,warrior,arms,12,7,5
33202,Doksziqqt,ragnaros,672,warrior,arms,12,7,5
33203,Jäky,ragnaros,672,warrior,arms,12,7,5
33204,Tandrak,ravencrest,672,warrior,arms,12,7,5
33205,Lisera,thrall,672,warrior,arms,12,7,5
33206,Pexqt,blackmoore,672,warrior,arms,12,7,5
33207,Cleavnseagal,ravencrest,672,warrior,arms,12,7,5
33208,Cleppepx,blackmoore,672,warrior,arms,12,7,5
33209,Psychlolz,burning-legion,672,warrior,arms,12,7,5
33210,Biscuitoliva,hyjal,672,warrior,arms,12,7,5
33211,Kriticah,sanguino,672,warrior,arms,12,7,5
33212,Tenvee,outland,672,warrior,arms,12,7,5
33213,Fiverare,stormscale,672,warrior,arms,12,7,5
33214,Джераса,borean-tundra,672,warrior,arms,12,7,5
33215,Engalxsol,tarren-mill,672,warrior,arms,12,7,5
33216,Zellóx,stormscale,672,warrior,arms,12,7,5
33217,Sreym,dun-modr,672,warrior,arms,12,7,5
33218,Gramr,silvermoon,672,warrior,arms,12,7,5
33219,Biggerer,blackrock,672,warrior,arms,12,7,5
33220,Orcassmus,blackrock,672,warrior,arms,12,7,5
33221,Арсон,soulflayer,672,warrior,arms,12,7,5
33222,Azarek,blackmoore,672,warrior,arms,12,7,5
33223,Pied,krasus,672,warrior,arms,12,7,5
33224,Boonur,arthas,672,warrior,arms,12,7,5
33225,Kwasimodo,blackmoore,672,warrior,arms,12,7,5
33226,Thebigtosco,ravencrest,672,warrior,arms,12,7,5
33227,Crøwñd,twisting-nether,672,warrior,arms,12,7,5
33228,Warriovar,draenor,672,warrior,arms,12,7,5
33229,Orelus,darkspear,672,warrior,arms,12,7,5
33230,Трэйдар,blackscar,672,warrior,arms,12,7,5
33231,Smèdbérg,ravencrest,672,warrior,arms,12,7,5
33232,Antïsøcial,thrall,672,warrior,arms,12,7,5
33233,Devìlscandy,stormscale,672,warrior,arms,12,7,5
33234,Bubawarrior,silvermoon,672,warrior,arms,12,7,5
33235,Ragelol,aegwynn,672,warrior,arms,12,7,5
33236,Tìera,ravencrest,672,warrior,arms,15,8,7
33237,Skullsmasher,stormscale,672,warrior,arms,18,7,11
33238,Warristyles,arygos,672,warrior,arms,18,7,11
33239,Стефанидзе,soulflayer,672,warrior,arms,18,7,11
33240,Manký,kazzak,672,warrior,arms,18,7,11
33241,Reacôn,twisting-nether,672,warrior,arms,18,7,11
33242,Tamesulo,silvermoon,672,warrior,arms,18,7,11
33243,Warhero,burning-legion,672,warrior,arms,18,7,11
33244,Bladrun,frostmane,672,warrior,arms,18,7,11
33245,Rightversion,sylvanas,672,warrior,arms,18,7,11
33246,Mezugzugyou,draenor,672,warrior,arms,18,7,11
33247,Nímera,nemesis,672,warrior,arms,18,7,11
33248,Twoonewin,ragnaros,672,warrior,arms,18,7,11
33249,Swàck,mazrigos,672,warrior,arms,18,7,11
33250,Hollydeffs,blackmoore,672,warrior,arms,18,7,11
33251,Tomsom,sanguino,672,warrior,arms,18,7,11
33252,Warrieron,stormscale,672,warrior,arms,18,7,11
33253,Hitt,ysondre,672,warrior,arms,18,7,11
33254,Bufdefstance,kazzak,672,warrior,arms,18,7,11
33255,Silencxý,blackrock,672,warrior,arms,18,7,11
33256,Trilon,blackrock,672,warrior,arms,18,7,11
33257,Jeonsoyeon,argent-dawn,672,warrior,arms,18,7,11
33258,Nyamnyamnyam,blackmoore,672,warrior,arms,18,7,11
33259,Chàrgex,blackrock,672,warrior,arms,21,8,13
33260,Luxurious,argent-dawn,672,warrior,arms,27,8,19
33261,Vøidwalker,ragnaros,672,warrior,arms,24,7,17
33262,Veav,norgannon,672,warrior,arms,24,7,17
33263,Gôrilla,kazzak,672,warrior,arms,30,7,23
33264,Lågærtha,blackmoore,671,warrior,arms,12,7,5
33265,Fluxerella,azjolnerub,671,warrior,arms,12,7,5
33266,Escà,archimonde,671,warrior,arms,12,7,5
33267,Dukhe,sanguino,671,warrior,arms,12,7,5
33268,Skullcrasher,draenor,671,warrior,arms,12,7,5
33269,Shedzo,tarren-mill,671,warrior,arms,12,7,5
33270,Rawne,kirin-tor,671,warrior,arms,12,7,5
33271,Sàt,kazzak,671,warrior,arms,12,7,5
33272,Dosenbier,gorgonnash,671,warrior,arms,12,7,5
33273,Vez,arathor,671,warrior,arms,12,7,5
33274,Kriegernuss,blackmoore,671,warrior,arms,12,7,5
33275,Когарт,gordunni,671,warrior,arms,12,7,5
33276,Schawar,draenor,671,warrior,arms,12,7,5
33277,Reykingar,outland,671,warrior,arms,12,7,5
33278,Bonnaventure,hyjal,671,warrior,arms,12,7,5
33279,Gamôrà,eitrigg,671,warrior,arms,12,7,5
33280,Hades,kazzak,671,warrior,arms,12,7,5
33281,Hexzo,ravencrest,671,warrior,arms,12,7,5
33282,Srbinator,turalyon,671,warrior,arms,12,7,5
33283,Sokarbey,twisting-nether,671,warrior,arms,12,7,5
33284,Schneklinge,blutkessel,671,warrior,arms,12,7,5
33285,Segovaxx,twisting-nether,671,warrior,arms,18,7,11
33286,Radge,hyjal,671,warrior,arms,18,7,11
33287,Unstorm,drakthul,671,warrior,arms,18,7,11
33288,Wazraf,khaz-modan,671,warrior,arms,18,7,11
33289,Tempii,ragnaros,671,warrior,arms,18,7,11
33290,Haris,malganis,671,warrior,arms,18,7,11
33291,Kishkamen,ravencrest,671,warrior,arms,18,7,11
33292,Армсец,howling-fjord,671,warrior,arms,18,7,11
33293,Бубаигавар,gordunni,671,warrior,arms,24,7,17
33294,Prs,defias-brotherhood,670,warrior,arms,12,7,5
33295,Eldfast,bladefist,670,warrior,arms,12,7,5
33296,Lightit,aegwynn,670,warrior,arms,12,7,5
33297,Ismellurfeet,ravencrest,670,warrior,arms,12,7,5
33298,Kilsera,blackmoore,670,warrior,arms,12,7,5
33299,Grunwi,burning-legion,670,warrior,arms,12,7,5
33300,Cortix,blackmoore,670,warrior,arms,16,8,8
33301,Nixtor,defias-brotherhood,670,warrior,arms,18,7,11
33302,Rhonack,ragnaros,670,warrior,arms,18,7,11
33303,Eyesonly,blackmoore,670,warrior,arms,18,7,11
33304,Jackycoke,blackhand,670,warrior,arms,18,7,11
33305,Razzimak,eredar,669,warrior,arms,10,8,2
33306,Infusione,nemesis,669,warrior,arms,12,7,5
33307,Lø,chogall,669,warrior,arms,20,7,13
33308,Ruuster,norgannon,669,warrior,arms,24,7,17
33309,Árkantos,ravencrest,668,warrior,arms,12,7,5
33310,Warclone,ravencrest,668,warrior,arms,12,7,5
33311,Woukong,blackmoore,668,warrior,arms,18,7,11
33312,Releave,draenor,668,warrior,arms,18,7,11
33313,Zêrklatscher,lordaeron,668,warrior,arms,24,7,17
33314,Математик,razuvious,667,warrior,arms,12,7,5
33315,Piixxz,hyjal,667,warrior,arms,12,7,5
33316,Muetzchen,blackhand,667,warrior,arms,12,7,5
33317,Papati,twisting-nether,667,warrior,arms,18,7,11
33318,Xyum,pozzo-delleternità,665,warrior,arms,12,7,5
33319,Милославский,gordunni,662,warrior,arms,18,7,11
33320,Dlstroyer,eonar,657,warrior,arms,18,7,11
33321,Dorya,aegwynn,655,warrior,arms,17,7,10
33322,Garouzo,hellfire,655,warrior,arms,23,7,16
33323,Xienia,dun-morogh,655,warrior,arms,24,7,17
33324,Дедсдрыном,howling-fjord,654,warrior,arms,17,7,10
33325,Alothar,khaz-modan,646,warrior,arms,18,7,11
33326,Broarexlion,ragnaros,639,warrior,arms,17,7,10
33327,Corlo,uldaman,639,warrior,arms,20,8,12
33328,Мегаяйца,gordunni,639,warrior,arms,23,7,16
33329,Râsk,kazzak,638,warrior,arms,16,8,8
33330,Shãne,ysondre,638,warrior,arms,16,7,9
33331,Ugbruk,blackhand,633,warrior,arms,16,8,8
33332,Боевыещёчки,eversong,627,warrior,arms,22,11,11
33333,Bloodeater,sylvanas,623,warrior,arms,15,7,8
33334,Набосуюногу,gordunni,623,warrior,arms,17,7,10
33335,Dolforden,burning-legion,622,warrior,arms,17,7,10
33336,Vaxillium,argent-dawn,621,warrior,arms,17,7,10
33337,Kwesta,kazzak,607,warrior,arms,11,7,4
33338,Matatorero,uldum,607,warrior,arms,16,7,9
33339,Trundledaddy,silvermoon,607,warrior,arms,17,7,10
33340,Olriksen,dentarg,590,warrior,arms,19,8,11
33341,Bavet,sylvanas,589,warrior,arms,19,7,12
33342,Dulex,draenor,576,warrior,arms,6,6,0
33343,Vory,ravencrest,576,warrior,arms,6,6,0
33344,Kaloche,hyjal,576,warrior,arms,12,6,6
33345,Fankululu,kragjin,576,warrior,arms,12,6,6
33346,Irherklek,stormscale,576,warrior,arms,12,6,6
33347,Majestatix,doomhammer,576,warrior,arms,12,6,6
33348,Bourbimrgllr,hyjal,576,warrior,arms,12,6,6
33349,Rakhaldin,blackhand,576,warrior,arms,12,6,6
33350,Belfodil,outland,576,warrior,arms,12,6,6
33351,Léonie,arakarahm,576,warrior,arms,12,6,6
33352,Belov,hyjal,576,warrior,arms,12,6,6
33353,Darkseid,burning-legion,576,warrior,arms,12,6,6
33354,Фокатоп,blackscar,576,warrior,arms,12,6,6
33355,Sydre,nerathor,576,warrior,arms,12,6,6
33356,Airowar,drakthul,576,warrior,arms,12,6,6
33357,Xqt,laughing-skull,576,warrior,arms,12,6,6
33358,Gëaldýr,kazzak,576,warrior,arms,12,6,6
33359,Тассэй,eversong,576,warrior,arms,12,6,6
33360,Moldamis,blackhand,576,warrior,arms,12,6,6
33361,Knoutt,burning-legion,576,warrior,arms,12,6,6
33362,Keshâr,blackhand,576,warrior,arms,12,6,6
33363,Darlith,azshara,576,warrior,arms,12,6,6
33364,Hycate,blackrock,576,warrior,arms,12,6,6
33365,Gíu,blackhand,576,warrior,arms,12,6,6
33366,Skelash,blackhand,576,warrior,arms,12,6,6
33367,Finmajor,frostwhisper,576,warrior,arms,12,6,6
33368,Qurujaa,kirin-tor,576,warrior,arms,12,6,6
33369,Bämoida,eredar,576,warrior,arms,12,6,6
33370,Pathocend,kazzak,576,warrior,arms,12,6,6
33371,Brutarius,scarshield-legion,576,warrior,arms,12,6,6
33372,Coolaa,kazzak,576,warrior,arms,12,6,6
33373,Juggawumba,kazzak,576,warrior,arms,12,6,6
33374,Hyogan,malganis,576,warrior,arms,12,6,6
33375,Wøokz,argent-dawn,576,warrior,arms,12,6,6
33376,Scràvity,blackhand,576,warrior,arms,12,6,6
33377,Psychðtïc,archimonde,576,warrior,arms,12,6,6
33378,Oneoneseven,archimonde,576,warrior,arms,12,6,6
33379,Vakios,confrérie-du-thorium,576,warrior,arms,12,6,6
33380,Cráft,silvermoon,576,warrior,arms,12,6,6
33381,Jerololz,dun-modr,576,warrior,arms,12,6,6
33382,Melfis,aegwynn,576,warrior,arms,12,6,6
33383,Leonidæs,frostwolf,576,warrior,arms,12,6,6
33384,Tddyy,silvermoon,576,warrior,arms,12,6,6
33385,Kehnan,blackrock,576,warrior,arms,12,6,6
33386,Гатсх,blackscar,576,warrior,arms,12,6,6
33387,Audítóre,proudmoore,576,warrior,arms,12,6,6
33388,Toqk,draenor,576,warrior,arms,12,6,6
33389,Frézzér,blackrock,576,warrior,arms,12,6,6
33390,Blitz,archimonde,576,warrior,arms,12,6,6
33391,Долирия,gordunni,576,warrior,arms,12,6,6
33392,Нерморрог,howling-fjord,576,warrior,arms,12,6,6
33393,Wärlør,ravencrest,576,warrior,arms,12,6,6
33394,Давилкагеев,howling-fjord,576,warrior,arms,12,6,6
33395,Nørst,draenor,576,warrior,arms,12,6,6
33396,Taoke,ravencrest,576,warrior,arms,12,6,6
33397,Почтитайсон,howling-fjord,576,warrior,arms,12,6,6
33398,Slám,burning-legion,576,warrior,arms,12,6,6
33399,Братишкаа,gordunni,576,warrior,arms,12,6,6
33400,Jailapatate,khaz-modan,576,warrior,arms,12,6,6
33401,Goringbame,draenor,576,warrior,arms,12,6,6
33402,Tonifox,nemesis,576,warrior,arms,12,6,6
33403,Fookyoup,stormscale,576,warrior,arms,12,6,6
33404,Dedewawa,ysondre,576,warrior,arms,12,6,6
33405,Radîtz,blackmoore,576,warrior,arms,12,6,6
33406,Шизам,howling-fjord,576,warrior,arms,12,6,6
33407,Стенденсх,howling-fjord,576,warrior,arms,12,6,6
33408,Данзетар,howling-fjord,576,warrior,arms,12,6,6
33409,Hacci,ragnaros,576,warrior,arms,12,6,6
33410,Belver,argent-dawn,576,warrior,arms,15,7,8
33411,Kímó,silvermoon,576,warrior,arms,18,6,12
33412,Leroyluca,gilneas,576,warrior,arms,18,6,12
33413,Stillpetao,dun-modr,576,warrior,arms,18,6,12
33414,Slunecniq,azjolnerub,576,warrior,arms,18,6,12
33415,Zkou,wrathbringer,576,warrior,arms,18,6,12
33416,Brigitá,argent-dawn,576,warrior,arms,18,6,12
33417,Jeriko,archimonde,576,warrior,arms,18,6,12
33418,Nocturia,archimonde,576,warrior,arms,18,6,12
33419,Kronstris,veklor,576,warrior,arms,18,6,12
33420,Shaked,dun-modr,576,warrior,arms,18,6,12
33421,Fracto,draenor,576,warrior,arms,18,6,12
33422,Hogu,nemesis,576,warrior,arms,18,6,12
33423,Amarthon,sylvanas,576,warrior,arms,18,6,12
33424,Skumslag,blackmoore,576,warrior,arms,18,6,12
33425,Raikaz,ravencrest,576,warrior,arms,18,6,12
33426,Azjolnerub,kazzak,576,warrior,arms,18,6,12
33427,Мопк,howling-fjord,576,warrior,arms,18,6,12
33428,Autumnfálls,kazzak,576,warrior,arms,18,6,12
33429,Spridan,ravencrest,576,warrior,arms,24,6,18
33430,Lakes,eredar,576,warrior,arms,24,6,18
33431,Steroidkidx,stormscale,576,warrior,arms,24,6,18
33432,Topozugzug,tarren-mill,576,warrior,arms,24,6,18
33433,Luckysop,chants-éternels,576,warrior,arms,24,6,18
33434,Pesroc,blackmoore,575,warrior,arms,9,7,2
33435,Беспонятия,blackscar,575,warrior,arms,10,7,3
33436,Wørgenn,hyjal,575,warrior,arms,12,6,6
33437,Oneshót,norgannon,575,warrior,arms,12,6,6
33438,Энлами,gordunni,575,warrior,arms,12,6,6
33439,Sigmundsdotr,outland,575,warrior,arms,12,6,6
33440,Djpuggerino,outland,575,warrior,arms,12,6,6
33441,Befit,quelthalas,575,warrior,arms,12,6,6
33442,Думрайт,gordunni,575,warrior,arms,12,6,6
33443,Bravest,ragnaros,575,warrior,arms,12,6,6
33444,Wfx,kazzak,575,warrior,arms,12,6,6
33445,Valus,earthen-ring,575,warrior,arms,12,6,6
33446,Euforija,kazzak,575,warrior,arms,12,6,6
33447,Uwazu,kazzak,575,warrior,arms,12,6,6
33448,Judditsbx,draenor,575,warrior,arms,12,6,6
33449,Soofies,madmortem,575,warrior,arms,12,6,6
33450,Medaur,frostmane,575,warrior,arms,12,6,6
33451,Stweye,frostmane,575,warrior,arms,12,6,6
33452,Ozok,blackrock,575,warrior,arms,12,6,6
33453,Tarbhfathach,draenor,575,warrior,arms,12,6,6
33454,Aza,burning-blade,575,warrior,arms,12,6,6
33455,Бэдбрэйнс,soulflayer,575,warrior,arms,12,6,6
33456,Zutto,conseil-des-ombres,575,warrior,arms,12,6,6
33457,Critycall,drakthul,575,warrior,arms,12,6,6
33458,Ankzz,archimonde,575,warrior,arms,12,6,6
33459,Fótm,sylvanas,575,warrior,arms,12,6,6
33460,Brondir,archimonde,575,warrior,arms,12,6,6
33461,Ghostlord,dunemaul,575,warrior,arms,12,6,6
33462,Ràgnàmetàl,tarren-mill,575,warrior,arms,12,6,6
33463,Lupacha,exodar,575,warrior,arms,12,6,6
33464,Arnnau,dun-modr,575,warrior,arms,12,6,6
33465,Акози,fordragon,575,warrior,arms,12,6,6
33466,Golonko,burning-legion,575,warrior,arms,12,6,6
33467,Vauster,draenor,575,warrior,arms,16,7,9
33468,Ruioz,draenor,575,warrior,arms,18,6,12
33469,Goldins,drakthul,575,warrior,arms,18,6,12
33470,Cramatao,shadowsong,575,warrior,arms,18,6,12
33471,Mfull,tarren-mill,575,warrior,arms,18,6,12
33472,Xraider,ragnaros,575,warrior,arms,18,6,12
33473,Marcusk,thunderhorn,575,warrior,arms,18,6,12
33474,Кудесмяу,soulflayer,575,warrior,arms,24,6,18
33475,Solatika,alexstrasza,574,warrior,arms,12,6,6
33476,Gnuhl,eredar,574,warrior,arms,15,7,8
33477,Zogyall,ysondre,574,warrior,arms,18,6,12
33478,Bolski,ravencrest,574,warrior,arms,18,6,12
33479,Sztixi,silvermoon,574,warrior,arms,24,6,18
33480,Crook,doomhammer,574,warrior,arms,30,6,24
33481,Raduriel,antonidas,571,warrior,arms,12,6,6
33482,Kundan,aegwynn,571,warrior,arms,12,6,6
33483,Dazed,kazzak,570,warrior,arms,12,6,6
33484,Bashion,ghostlands,569,warrior,arms,18,6,12
33485,Dj,ragnaros,568,warrior,arms,12,6,6
33486,Omaahton,magtheridon,543,warrior,arms,11,6,5
33487,Orgazam,xavius,543,warrior,arms,11,6,5
33488,Fion,kult-der-verdammten,543,warrior,arms,14,7,7
33489,Kalarar,blackrock,543,warrior,arms,26,7,19
33490,Energo,drakthul,542,warrior,arms,12,6,6
33491,Addicty,sylvanas,539,warrior,arms,17,6,11
33492,Kåñéthy,outland,528,warrior,arms,15,7,8
33493,Imabeatyoass,kazzak,527,warrior,arms,11,6,5
33494,Monsterborn,bloodhoof,527,warrior,arms,15,7,8
33495,Манндалорец,gordunni,527,warrior,arms,15,6,9
33496,Titanhaut,frostwolf,525,warrior,arms,11,6,5
33497,Богадорога,howling-fjord,522,warrior,arms,17,8,9
33498,Брамон,gordunni,512,warrior,arms,10,6,4
33499,Фоссбро,gordunni,494,warrior,arms,21,6,15
33500,Mumbojumbo,uldum,480,warrior,arms,6,5,1
33501,Рвбстох,blackscar,480,warrior,arms,6,5,1
33502,Дядядмг,blackscar,480,warrior,arms,6,5,1
33503,Karmaloop,stormscale,480,warrior,arms,6,5,1
33504,Гневныйвиги,howling-fjord,480,warrior,arms,6,5,1
33505,Thiccbra,burning-legion,480,warrior,arms,6,5,1
33506,Slg,tarren-mill,480,warrior,arms,6,5,1
33507,Shînsø,dalaran,480,warrior,arms,6,5,1
33508,Ocecute,tarren-mill,480,warrior,arms,6,5,1
33509,Tørrminator,stormscale,480,warrior,arms,6,5,1
33510,Rockygifll,sinstralis,480,warrior,arms,6,5,1
33511,Хэрест,gordunni,480,warrior,arms,6,5,1
33512,Remylacroix,blackrock,480,warrior,arms,6,5,1
33513,Maniackz,tarren-mill,480,warrior,arms,6,5,1
33514,Warbringer,burning-blade,480,warrior,arms,6,5,1
33515,Zhenshii,blackmoore,480,warrior,arms,6,5,1
33516,Whimbux,stormscale,480,warrior,arms,6,5,1
33517,Cuzyxtwo,blackrock,480,warrior,arms,6,5,1
33518,Ninebites,chamber-of-aspects,480,warrior,arms,6,5,1
33519,Empero,draenor,480,warrior,arms,6,5,1
33520,Tekmali,archimonde,480,warrior,arms,6,5,1
33521,Murp,lightnings-blade,480,warrior,arms,6,5,1
33522,Lurion,malganis,480,warrior,arms,6,5,1
33523,Bashuk,grim-batol,480,warrior,arms,6,5,1
33524,Hubq,burning-legion,480,warrior,arms,6,5,1
33525,Pihvikostaja,stormreaver,480,warrior,arms,6,5,1
33526,Himarsenko,silvermoon,480,warrior,arms,6,5,1
33527,Asasius,ravencrest,480,warrior,arms,6,5,1
33528,Mellîødas,blackmoore,480,warrior,arms,6,5,1
33529,Tishues,kazzak,480,warrior,arms,8,5,3
33530,Азктор,soulflayer,480,warrior,arms,10,6,4
33531,Arakhu,blackmoore,480,warrior,arms,12,5,7
33532,Oplix,antonidas,480,warrior,arms,12,5,7
33533,Garthro,antonidas,480,warrior,arms,12,5,7
33534,Nuckii,antonidas,480,warrior,arms,12,5,7
33535,Hitmanler,frostmane,480,warrior,arms,12,5,7
33536,Kënnyföx,ysondre,480,warrior,arms,12,5,7
33537,Garradoom,stormscale,480,warrior,arms,12,5,7
33538,Martøswarr,uldum,480,warrior,arms,12,5,7
33539,Budwise,stormscale,480,warrior,arms,12,5,7
33540,Vitezandro,stormscale,480,warrior,arms,12,5,7
33541,Mesmash,uldum,480,warrior,arms,12,5,7
33542,Zirriox,wildhammer,480,warrior,arms,12,5,7
33543,Scud,frostwhisper,480,warrior,arms,12,5,7
33544,Horizonx,blackrock,480,warrior,arms,12,5,7
33545,Тише,deathweaver,480,warrior,arms,12,5,7
33546,Rohäc,drakthul,480,warrior,arms,12,5,7
33547,Sanca,naxxramas,480,warrior,arms,12,5,7
33548,Succel,drakthul,480,warrior,arms,12,5,7
33549,Asintended,draenor,480,warrior,arms,12,5,7
33550,Despacitus,burning-legion,480,warrior,arms,12,5,7
33551,Lüund,ravencrest,480,warrior,arms,12,5,7
33552,Рэйердан,howling-fjord,480,warrior,arms,12,5,7
33553,Plzdontkite,blackrock,480,warrior,arms,12,5,7
33554,Nârmøra,thrall,480,warrior,arms,12,5,7
33555,Repó,twisting-nether,480,warrior,arms,12,5,7
33556,Huxies,draenor,480,warrior,arms,12,5,7
33557,Фуджитаку,gordunni,480,warrior,arms,12,5,7
33558,Sergra,ysondre,480,warrior,arms,12,5,7
33559,Древилгод,gordunni,480,warrior,arms,12,5,7
33560,Kalopsia,drakthul,480,warrior,arms,12,5,7
33561,Бейлеор,gordunni,480,warrior,arms,12,5,7
33562,Отнулядоста,gordunni,480,warrior,arms,12,5,7
33563,Lïyah,eldrethalas,480,warrior,arms,12,5,7
33564,Жестокус,gordunni,480,warrior,arms,12,5,7
33565,Foxxzorr,aszune,480,warrior,arms,12,5,7
33566,Sphínxx,malfurion,480,warrior,arms,12,5,7
33567,ßamßam,draenor,480,warrior,arms,12,5,7
33568,Sinbuay,malygos,480,warrior,arms,12,5,7
33569,Ragingclue,draenor,480,warrior,arms,12,5,7
33570,Keäghan,kazzak,480,warrior,arms,12,5,7
33571,Lîlsaint,dun-morogh,480,warrior,arms,12,5,7
33572,Zarrgash,blackhand,480,warrior,arms,12,5,7
33573,Strengjahz,ragnaros,480,warrior,arms,12,5,7
33574,Threnewar,kazzak,480,warrior,arms,12,5,7
33575,Кисямур,soulflayer,480,warrior,arms,12,5,7
33576,Apacho,outland,480,warrior,arms,12,5,7
33577,Dortenz,ragnaros,480,warrior,arms,12,5,7
33578,Тевивар,gordunni,480,warrior,arms,12,5,7
33579,Cryhoof,ragnaros,480,warrior,arms,12,5,7
33580,Binsaueramk,ravencrest,480,warrior,arms,12,5,7
33581,Alexwar,draenor,480,warrior,arms,12,5,7
33582,Whiteowlx,argent-dawn,480,warrior,arms,12,5,7
33583,Steelstormz,ravencrest,480,warrior,arms,12,5,7
33584,Zeryyo,blackrock,480,warrior,arms,12,5,7
33585,Adzipotlewap,burning-legion,480,warrior,arms,12,5,7
33586,Síúkanto,blackrock,480,warrior,arms,12,5,7
33587,Сашарбгх,soulflayer,480,warrior,arms,12,5,7
33588,Salsetti,nemesis,480,warrior,arms,12,5,7
33589,Ràgê,silvermoon,480,warrior,arms,12,5,7
33590,Breaken,silvermoon,480,warrior,arms,12,5,7
33591,Whysobold,quelthalas,480,warrior,arms,12,5,7
33592,Loliclapper,grim-batol,480,warrior,arms,12,5,7
33593,Delfrion,pozzo-delleternità,480,warrior,arms,12,5,7
33594,Arowpoint,doomhammer,480,warrior,arms,12,5,7
33595,Шифик,soulflayer,480,warrior,arms,12,5,7
33596,Ericmontana,draenor,480,warrior,arms,12,5,7
33597,Reìvah,silvermoon,480,warrior,arms,12,5,7
33598,ßzv,veklor,480,warrior,arms,12,5,7
33599,Deathbleeder,argent-dawn,480,warrior,arms,12,5,7
33600,Nazgrosh,burning-legion,480,warrior,arms,12,5,7
33601,Mugteef,der-rat-von-dalaran,480,warrior,arms,12,5,7
33602,Klonyarikjr,ravencrest,480,warrior,arms,12,5,7
33603,Najjs,eredar,480,warrior,arms,12,5,7
33604,Rowr,argent-dawn,480,warrior,arms,12,5,7
33605,Xintha,frostwolf,480,warrior,arms,12,5,7
33606,Chadgrave,argent-dawn,480,warrior,arms,12,5,7
33607,Tenthøusand,sylvanas,480,warrior,arms,12,5,7
33608,Coko,kirin-tor,480,warrior,arms,12,5,7
33609,Zeneve,auchindoun,480,warrior,arms,12,5,7
33610,Warclodo,la-croisade-écarlate,480,warrior,arms,12,5,7
33611,Victôr,silvermoon,480,warrior,arms,12,5,7
33612,Krîspie,archimonde,480,warrior,arms,12,5,7
33613,Gerrmund,silvermoon,480,warrior,arms,12,5,7
33614,Supersonîc,aegwynn,480,warrior,arms,12,5,7
33615,Schlierkamp,aegwynn,480,warrior,arms,12,5,7
33616,Matrixer,aegwynn,480,warrior,arms,12,5,7
33617,Развалочка,howling-fjord,480,warrior,arms,16,6,10
33618,Fulgrimu,archimonde,480,warrior,arms,15,5,10
33619,Santorro,drakthul,480,warrior,arms,18,5,13
33620,Huullkk,nazjatar,480,warrior,arms,18,5,13
33621,Тандэр,borean-tundra,480,warrior,arms,18,5,13
33622,Solgud,bloodfeather,480,warrior,arms,18,5,13
33623,Roykór,auchindoun,480,warrior,arms,18,5,13
33624,Larrydankin,draenor,480,warrior,arms,18,5,13
33625,Héda,tarren-mill,480,warrior,arms,18,5,13
33626,Курящийпро,blackscar,480,warrior,arms,18,5,13
33627,Блэйзерх,gordunni,480,warrior,arms,18,5,13
33628,Unßörn,archimonde,480,warrior,arms,18,5,13
33629,Æxcoast,ravencrest,480,warrior,arms,18,5,13
33630,Lahzar,krasus,480,warrior,arms,18,5,13
33631,Belzebud,kazzak,480,warrior,arms,18,5,13
33632,Bigdstance,outland,480,warrior,arms,18,5,13
33633,Voidteen,argent-dawn,480,warrior,arms,18,5,13
33634,Gnolimits,antonidas,480,warrior,arms,24,5,19
33635,Vhy,antonidas,480,warrior,arms,25,5,20
33636,Ceteris,eredar,479,warrior,arms,6,5,1
33637,Laude,ragnaros,479,warrior,arms,6,5,1
33638,Saey,malorne,479,warrior,arms,6,5,1
33639,Bangbros,archimonde,479,warrior,arms,6,5,1
33640,Xtu,kazzak,479,warrior,arms,6,5,1
33641,Тонкрик,goldrinn,479,warrior,arms,6,5,1
33642,Monifes,kazzak,479,warrior,arms,9,6,3
33643,Mifuune,argent-dawn,479,warrior,arms,12,5,7
33644,Pappkopf,rexxar,479,warrior,arms,12,5,7
33645,Voodoowarr,rexxar,479,warrior,arms,12,5,7
33646,Meresin,madmortem,479,warrior,arms,12,5,7
33647,Grèèn,turalyon,479,warrior,arms,12,5,7
33648,Dúg,tarren-mill,479,warrior,arms,12,5,7
33649,Auggies,outland,479,warrior,arms,12,5,7
33650,Relüx,ragnaros,479,warrior,arms,12,5,7
33651,Shpitzu,stormscale,479,warrior,arms,12,5,7
33652,Swtparanoid,sylvanas,479,warrior,arms,12,5,7
33653,Slappie,kiljaeden,479,warrior,arms,12,5,7
33654,Бачус,eversong,479,warrior,arms,12,5,7
33655,Qvil,sanguino,479,warrior,arms,24,5,19
33656,Sfarpi,burning-legion,478,warrior,arms,12,5,7
33657,Swordluw,argent-dawn,478,warrior,arms,18,5,13
33658,Sahaminho,draenor,478,warrior,arms,18,5,13
33659,Лидоний,gordunni,477,warrior,arms,12,5,7
33660,Àke,darksorrow,476,warrior,arms,18,5,13
33661,Sheriff,dragonblight,475,warrior,arms,12,5,7
33662,Execútioner,sylvanas,463,warrior,arms,11,5,6
33663,Duarel,blackmoore,448,warrior,arms,10,5,5
33664,Henzelhoff,stormreaver,447,warrior,arms,10,5,5
33665,Kviqr,auchindoun,447,warrior,arms,11,5,6
33666,Midgardsormr,blackrock,447,warrior,arms,11,5,6
33667,Takethisduck,stormscale,447,warrior,arms,11,5,6
33668,Чпонькмашина,soulflayer,447,warrior,arms,17,5,12
33669,Greeneroi,khaz-modan,447,warrior,arms,23,5,18
33670,Nalx,tarren-mill,432,warrior,arms,15,5,10
33671,Madswarrior,tarren-mill,431,warrior,arms,11,5,6
33672,Warriar,sylvanas,426,warrior,arms,17,7,10
33673,Knî,archimonde,426,warrior,arms,15,6,9
33674,Bismárck,nathrezim,426,warrior,arms,15,6,9
33675,Leizey,stormscale,426,warrior,arms,15,6,9
33676,Prime,outland,416,warrior,arms,16,5,11
33677,Dodgeslam,eredar,416,warrior,arms,16,5,11
33678,Ironbutter,ravencrest,415,warrior,arms,8,6,2
33679,Kìrìtosan,pozzo-delleternità,415,warrior,arms,8,5,3
33680,Agamemnon,frostmane,415,warrior,arms,8,5,3
33681,Brabüs,kazzak,415,warrior,arms,8,5,3
33682,Rhxy,burning-legion,415,warrior,arms,10,5,5
33683,Brùtus,exodar,415,warrior,arms,11,5,6
33684,Danx,culte-de-la-rive-noire,413,warrior,arms,16,5,11
33685,Cmonbrah,ravencrest,384,warrior,arms,6,4,2
33686,Лагалиер,borean-tundra,384,warrior,arms,6,4,2
33687,Varzeluu,sylvanas,384,warrior,arms,6,4,2
33688,Highbuffalo,kazzak,384,warrior,arms,6,4,2
33689,Bronn,defias-brotherhood,384,warrior,arms,6,4,2
33690,Sveñor,the-maelstrom,384,warrior,arms,6,4,2
33691,Ricovega,kazzak,384,warrior,arms,6,4,2
33692,Agres,zuluhed,384,warrior,arms,6,4,2
33693,Grimoire,drakthul,384,warrior,arms,6,4,2
33694,Gór,area-52,384,warrior,arms,6,4,2
33695,Lakri,chants-éternels,384,warrior,arms,6,4,2
33696,Rongh,saurfang,384,warrior,arms,6,4,2
33697,Lynton,sylvanas,384,warrior,arms,6,4,2
33698,Beznacaj,outland,384,warrior,arms,6,4,2
33699,Capigo,tarren-mill,384,warrior,arms,6,4,2
33700,Slâkkxz,outland,384,warrior,arms,6,4,2
33701,Oweiko,blackrock,384,warrior,arms,6,4,2
33702,Olfik,drakthul,384,warrior,arms,6,4,2
33703,Thorbjør,silvermoon,384,warrior,arms,6,4,2
33704,Roadsick,outland,384,warrior,arms,6,4,2
33705,Gucix,tarren-mill,384,warrior,arms,6,4,2
33706,Kaylì,ravencrest,384,warrior,arms,6,4,2
33707,Zonash,kazzak,384,warrior,arms,6,4,2
33708,Wvanp,tarren-mill,384,warrior,arms,6,4,2
33709,Dallion,azjolnerub,384,warrior,arms,6,4,2
33710,Настрамо,gordunni,384,warrior,arms,6,4,2
33711,Høxy,outland,384,warrior,arms,6,4,2
33712,Huuln,outland,384,warrior,arms,6,4,2
33713,Spiokra,hellscream,384,warrior,arms,6,4,2
33714,Кринжеверт,howling-fjord,384,warrior,arms,6,4,2
33715,Kevlarsusan,the-maelstrom,384,warrior,arms,6,4,2
33716,Gachiwarri,blackhand,384,warrior,arms,6,4,2
33717,Metawar,blackhand,384,warrior,arms,6,4,2
33718,Лютобор,gordunni,384,warrior,arms,6,4,2
33719,Гигасмэш,gordunni,384,warrior,arms,6,4,2
33720,Nukebomb,dun-modr,384,warrior,arms,6,4,2
33721,Polak,tirion,384,warrior,arms,6,4,2
33722,Rebiy,ravencrest,384,warrior,arms,6,4,2
33723,Goretterog,ysondre,384,warrior,arms,6,4,2
33724,Orcanism,nozdormu,384,warrior,arms,6,4,2
33725,Xtazen,draenor,384,warrior,arms,6,4,2
33726,Berree,outland,384,warrior,arms,6,4,2
33727,Nîmera,nemesis,384,warrior,arms,6,4,2
33728,Fizé,blackmoore,384,warrior,arms,6,4,2
33729,Qvicfrito,ravencrest,384,warrior,arms,6,4,2
33730,Únkqt,dalaran,384,warrior,arms,6,4,2
33731,Eseishard,hyjal,384,warrior,arms,6,4,2
33732,Banshor,ysondre,384,warrior,arms,6,4,2
33733,Dianâ,der-abyssische-rat,384,warrior,arms,6,4,2
33734,Lanahan,argent-dawn,384,warrior,arms,6,4,2
33735,Aëne,kirin-tor,384,warrior,arms,6,4,2
33736,Sucemabanner,hyjal,384,warrior,arms,6,4,2
33737,Hamonbophis,kirin-tor,384,warrior,arms,6,4,2
33738,Mayback,pozzo-delleternità,384,warrior,arms,6,4,2
33739,Bìgre,la-croisade-écarlate,384,warrior,arms,6,4,2
33740,Alaerion,magtheridon,384,warrior,arms,6,4,2
33741,Takeashower,hyjal,384,warrior,arms,6,4,2
33742,Ollyaa,ravencrest,384,warrior,arms,6,4,2
33743,Braveorc,kazzak,384,warrior,arms,6,4,2
33744,Dräparren,ragnaros,384,warrior,arms,6,4,2
33745,Mokrakh,blackmoore,384,warrior,arms,6,4,2
33746,Isoton,kazzak,384,warrior,arms,6,4,2
33747,Youstupide,drekthar,384,warrior,arms,6,4,2
33748,Rimvar,alleria,384,warrior,arms,6,4,2
33749,Becca,rexxar,384,warrior,arms,6,4,2
33750,Thorast,argent-dawn,384,warrior,arms,6,4,2
33751,Susugar,ysondre,384,warrior,arms,6,4,2
33752,Swaàg,archimonde,384,warrior,arms,6,4,2
33753,Bigbosscho,draenor,384,warrior,arms,6,4,2
33754,Фиббоначи,deathguard,384,warrior,arms,6,4,2
33755,Tolga,draenor,384,warrior,arms,6,4,2
33756,Litlijón,ravencrest,384,warrior,arms,6,4,2
33757,Neíd,antonidas,384,warrior,arms,6,4,2
33758,Surthur,magtheridon,384,warrior,arms,6,4,2
33759,Chmg,kirin-tor,384,warrior,arms,6,4,2
33760,Epyøn,stormscale,384,warrior,arms,6,4,2
33761,Deathgreyø,nemesis,384,warrior,arms,6,4,2
33762,Måydåy,twisting-nether,384,warrior,arms,6,4,2
33763,Elsiâs,aegwynn,384,warrior,arms,6,4,2
33764,Swig,twisting-nether,384,warrior,arms,6,4,2
33765,Abunai,thrall,384,warrior,arms,6,4,2
33766,Bonza,blackrock,384,warrior,arms,6,4,2
33767,Yseras,aegwynn,384,warrior,arms,6,4,2
33768,Ceen,alakir,384,warrior,arms,6,4,2
33769,Pillu,stormscale,384,warrior,arms,6,4,2
33770,Ddfxz,draenor,384,warrior,arms,6,4,2
33771,Anndersen,defias-brotherhood,384,warrior,arms,6,4,2
33772,Rastaj,defias-brotherhood,384,warrior,arms,6,4,2
33773,Andoror,nemesis,384,warrior,arms,6,4,2
33774,Daddie,silvermoon,384,warrior,arms,9,5,4
33775,Merkakis,argent-dawn,384,warrior,arms,15,5,10
33776,Bulduzer,kazzak,384,warrior,arms,12,4,8
33777,Mórghúlís,aegwynn,384,warrior,arms,12,4,8
33778,Kgx,argent-dawn,384,warrior,arms,12,4,8
33779,Chazeryu,stormreaver,384,warrior,arms,12,4,8
33780,Ellissari,tirion,384,warrior,arms,12,4,8
33781,Endagon,ravencrest,384,warrior,arms,12,4,8
33782,Raynorwarr,tarren-mill,384,warrior,arms,12,4,8
33783,Heubba,hyjal,384,warrior,arms,12,4,8
33784,Osteskanken,ravencrest,384,warrior,arms,12,4,8
33785,Gorok,culte-de-la-rive-noire,384,warrior,arms,12,4,8
33786,Invictàs,hyjal,384,warrior,arms,12,4,8
33787,Fattysw,argent-dawn,384,warrior,arms,12,4,8
33788,Yarilolx,outland,384,warrior,arms,12,4,8
33789,Adorlyna,silvermoon,384,warrior,arms,12,4,8
33790,Mârcxb,antonidas,384,warrior,arms,12,4,8
33791,Arxnamus,silvermoon,384,warrior,arms,12,4,8
33792,Ðræberen,kazzak,384,warrior,arms,12,4,8
33793,Gromock,the-maelstrom,384,warrior,arms,12,4,8
33794,Ambraxon,blackmoore,384,warrior,arms,12,4,8
33795,Daymio,twisting-nether,384,warrior,arms,12,4,8
33796,Sorô,antonidas,384,warrior,arms,12,4,8
33797,Starkz,hellscream,384,warrior,arms,12,4,8
33798,Nerfslam,stormscale,384,warrior,arms,12,4,8
33799,Darkchao,madmortem,384,warrior,arms,12,4,8
33800,Suduri,drakthul,384,warrior,arms,12,4,8
33801,Rhagnok,archimonde,384,warrior,arms,12,4,8
33802,Borion,blackmoore,384,warrior,arms,12,4,8
33803,Grunkor,eldrethalas,384,warrior,arms,12,4,8
33804,Ezop,burning-blade,384,warrior,arms,12,4,8
33805,Oesche,frostmourne,384,warrior,arms,12,4,8
33806,Vooice,sylvanas,384,warrior,arms,12,4,8
33807,Executorä,stormscale,384,warrior,arms,12,4,8
33808,Schjøtt,ravencrest,384,warrior,arms,12,4,8
33809,Frankius,ravencrest,384,warrior,arms,12,4,8
33810,Фаллопиев,borean-tundra,384,warrior,arms,12,4,8
33811,Ærion,die-aldor,384,warrior,arms,12,4,8
33812,Jesuisgaydsl,archimonde,384,warrior,arms,12,4,8
33813,Gkhan,draenor,384,warrior,arms,12,4,8
33814,Alexamazing,lordaeron,384,warrior,arms,12,4,8
33815,Дахирарг,fordragon,384,warrior,arms,12,4,8
33816,Karadayii,blackmoore,384,warrior,arms,12,4,8
33817,Hiraclès,archimonde,384,warrior,arms,12,4,8
33818,Khvor,blackmoore,384,warrior,arms,12,4,8
33819,Rfgpwhfgjawr,ravencrest,384,warrior,arms,12,4,8
33820,Woghard,drakthul,384,warrior,arms,12,4,8
33821,Седлайккеану,howling-fjord,384,warrior,arms,12,4,8
33822,Модныйклык,eversong,384,warrior,arms,12,4,8
33823,Hubusan,blackmoore,384,warrior,arms,12,4,8
33824,Minetaur,burning-legion,384,warrior,arms,12,4,8
33825,Bladestorm,dun-morogh,384,warrior,arms,12,4,8
33826,Брозя,gordunni,384,warrior,arms,12,4,8
33827,Sadex,blackmoore,384,warrior,arms,12,4,8
33828,Gigac,ragnaros,384,warrior,arms,12,4,8
33829,Хамерртайм,goldrinn,384,warrior,arms,12,4,8
33830,Wilko,twisting-nether,384,warrior,arms,12,4,8
33831,Riann,silvermoon,384,warrior,arms,12,4,8
33832,Mortus,baelgun,384,warrior,arms,12,4,8
33833,Deckluhm,sinstralis,384,warrior,arms,12,4,8
33834,Swaxx,ravencrest,384,warrior,arms,12,4,8
33835,Syel,sinstralis,384,warrior,arms,12,4,8
33836,Веоленс,gordunni,384,warrior,arms,12,4,8
33837,Rumbldore,ragnaros,384,warrior,arms,12,4,8
33838,Onidrake,nemesis,384,warrior,arms,12,4,8
33839,Totenkrieger,draenor,384,warrior,arms,12,4,8
33840,Dwarfdruine,dun-modr,384,warrior,arms,12,4,8
33841,Yakhshar,silvermoon,384,warrior,arms,12,4,8
33842,Arnoldr,ysondre,384,warrior,arms,12,4,8
33843,Xállek,veknilash,384,warrior,arms,12,4,8
33844,Creezê,blackmoore,384,warrior,arms,12,4,8
33845,Sebotagelol,twisting-nether,384,warrior,arms,12,4,8
33846,Blackzor,ragnaros,384,warrior,arms,12,4,8
33847,Haldrium,malganis,384,warrior,arms,12,4,8
33848,Salpaaja,tarren-mill,384,warrior,arms,12,4,8
33849,Rieku,kazzak,384,warrior,arms,12,4,8
33850,Linberg,ysondre,384,warrior,arms,12,4,8
33851,Фаталлес,galakrond,384,warrior,arms,12,4,8
33852,Phalek,ravencrest,384,warrior,arms,14,4,10
33853,Jorund,archimonde,384,warrior,arms,18,4,14
33854,Wifioffline,silvermoon,384,warrior,arms,18,4,14
33855,Jastreb,blackrock,384,warrior,arms,18,4,14
33856,Pantsupic,archimonde,384,warrior,arms,18,4,14
33857,Rukkeg,silvermoon,384,warrior,arms,18,4,14
33858,Шпингалетыч,howling-fjord,384,warrior,arms,18,4,14
33859,Vazzle,nethersturm,384,warrior,arms,18,4,14
33860,Маллал,soulflayer,384,warrior,arms,18,4,14
33861,Vanaxd,blackrock,384,warrior,arms,20,4,16
33862,Adelphi,blackrock,383,warrior,arms,6,4,2
33863,Nezruslone,dun-modr,383,warrior,arms,6,4,2
33864,Ironstep,silvermoon,383,warrior,arms,6,4,2
33865,Димаджер,razuvious,383,warrior,arms,6,4,2
33866,Angrytmyself,silvermoon,383,warrior,arms,6,4,2
33867,Халиоссф,gordunni,383,warrior,arms,9,5,4
33868,Иалаи,howling-fjord,383,warrior,arms,8,4,4
33869,Scill,silvermoon,383,warrior,arms,12,4,8
33870,Nélow,khaz-modan,383,warrior,arms,12,4,8
33871,Dundee,sanguino,383,warrior,arms,12,4,8
33872,Варзибейра,blackscar,383,warrior,arms,12,4,8
33873,Xonnico,ravencrest,383,warrior,arms,18,4,14
33874,Dracos,mannoroth,383,warrior,arms,18,4,14
33875,Nêithan,dun-modr,383,warrior,arms,18,4,14
33876,Fatbob9D64A4,tarren-mill,382,warrior,arms,6,4,2
33877,Aethwa,stormscale,382,warrior,arms,6,4,2
33878,Tynyas,dalaran,379,warrior,arms,12,4,8
33879,Ruppydeluxe,frostwolf,367,warrior,arms,11,4,7
33880,Рф,thermaplugg,367,warrior,arms,17,4,13
33881,Отсекатель,howling-fjord,367,warrior,arms,17,4,13
33882,Krevó,ragnaros,351,warrior,arms,11,4,7
33883,Upholder,xavius,351,warrior,arms,11,4,7
33884,Shînta,hyjal,351,warrior,arms,11,4,7
33885,Megaloddon,ravencrest,351,warrior,arms,11,4,7
33886,Vizn,emerald-dream,351,warrior,arms,17,4,13
33887,Josgrout,silvermoon,336,warrior,arms,9,4,5
33888,Schmelzlord,thrall,336,warrior,arms,9,4,5
33889,Железныйбард,gordunni,335,warrior,arms,17,4,13
33890,Eggsecutor,stormscale,330,warrior,arms,16,6,10
33891,Párta,ravencrest,320,warrior,arms,10,4,6
33892,Scarlettjo,outland,320,warrior,arms,10,4,6
33893,Dyingdog,kazzak,320,warrior,arms,10,4,6
33894,Stancenation,draenor,320,warrior,arms,16,4,12
33895,Savaski,thrall,304,warrior,arms,7,4,3
33896,Dargonedt,blackrock,288,warrior,arms,6,3,3
33897,Blinkcharge,frostmane,288,warrior,arms,6,3,3
33898,Opticsynfel,argent-dawn,288,warrior,arms,6,3,3
33899,Robitusin,ragnaros,288,warrior,arms,6,3,3
33900,Stompare,tarren-mill,288,warrior,arms,6,3,3
33901,Sktnsilv,malfurion,288,warrior,arms,6,3,3
33902,Krigarjag,kazzak,288,warrior,arms,6,3,3
33903,Boig,ragnaros,288,warrior,arms,6,3,3
33904,Gabbz,aggra-português,288,warrior,arms,6,3,3
33905,Qweoamsd,sylvanas,288,warrior,arms,6,3,3
33906,Hanna,argent-dawn,288,warrior,arms,6,3,3
33907,Mukcho,sylvanas,288,warrior,arms,6,3,3
33908,Compétiteub,archimonde,288,warrior,arms,6,3,3
33909,Issus,aggra-português,288,warrior,arms,6,3,3
33910,Pwncallxx,kazzak,288,warrior,arms,6,3,3
33911,Waron,dalaran,288,warrior,arms,6,3,3
33912,Ланат,ashenvale,288,warrior,arms,6,3,3
33913,Twelvearmsun,tarren-mill,288,warrior,arms,6,3,3
33914,Варбаул,soulflayer,288,warrior,arms,6,3,3
33915,Sonyd,tarren-mill,288,warrior,arms,6,3,3
33916,Raïgã,hyjal,288,warrior,arms,6,3,3
33917,Contdem,kazzak,288,warrior,arms,6,3,3
33918,Toby,rexxar,288,warrior,arms,6,3,3
33919,Greatsword,turalyon,288,warrior,arms,6,3,3
33920,Мастхэв,gordunni,288,warrior,arms,6,3,3
33921,Lödbrök,dalaran,288,warrior,arms,6,3,3
33922,Pyxis,argent-dawn,288,warrior,arms,6,3,3
33923,Bladesmiths,argent-dawn,288,warrior,arms,6,3,3
33924,Vagor,draenor,288,warrior,arms,6,3,3
33925,Ммайдаен,goldrinn,288,warrior,arms,6,3,3
33926,Klistertejp,argent-dawn,288,warrior,arms,6,3,3
33927,Sharn,emeriss,288,warrior,arms,6,3,3
33928,Gorejaws,draenor,288,warrior,arms,6,3,3
33929,Jake,rajaxx,288,warrior,arms,6,3,3
33930,Warriorri,haomarush,288,warrior,arms,6,3,3
33931,Хирошка,gordunni,288,warrior,arms,6,3,3
33932,Warriur,outland,288,warrior,arms,6,3,3
33933,Alphyn,veknilash,288,warrior,arms,6,3,3
33934,Ludjack,tarren-mill,288,warrior,arms,6,3,3
33935,Kunodontas,draenor,288,warrior,arms,6,3,3
33936,Terisá,blackmoore,288,warrior,arms,6,3,3
33937,Rianhh,tarren-mill,288,warrior,arms,6,3,3
33938,Грассфеникс,gordunni,288,warrior,arms,6,3,3
33939,Mønzie,outland,288,warrior,arms,6,3,3
33940,Mauricet,elune,288,warrior,arms,6,3,3
33941,Розети,gordunni,288,warrior,arms,6,3,3
33942,Bigbanz,outland,288,warrior,arms,6,3,3
33943,Resttanis,arathor,288,warrior,arms,6,3,3
33944,Pector,grim-batol,288,warrior,arms,6,3,3
33945,Чтота,gordunni,288,warrior,arms,6,3,3
33946,Hatefull,onyxia,288,warrior,arms,6,3,3
33947,Toleck,aegwynn,288,warrior,arms,6,3,3
33948,Abelgf,exodar,288,warrior,arms,6,3,3
33949,Lìcious,outland,288,warrior,arms,6,3,3
33950,Lydianite,stormrage,288,warrior,arms,6,3,3
33951,Ragnärey,voljin,288,warrior,arms,6,3,3
33952,Дуухаст,gordunni,288,warrior,arms,6,3,3
33953,Titanioa,draenor,288,warrior,arms,6,3,3
33954,Jammy,dentarg,288,warrior,arms,6,3,3
33955,Nahkampfnoob,blackmoore,288,warrior,arms,6,3,3
33956,Bânkai,aegwynn,288,warrior,arms,6,3,3
33957,Dðni,archimonde,288,warrior,arms,6,3,3
33958,Joesalamanca,ragnaros,288,warrior,arms,6,3,3
33959,Indiannaa,draenor,288,warrior,arms,6,3,3
33960,Maraximus,ragnaros,288,warrior,arms,6,3,3
33961,Кроуфури,gordunni,288,warrior,arms,6,3,3
33962,Raistwar,magtheridon,288,warrior,arms,6,3,3
33963,Murandin,outland,288,warrior,arms,6,3,3
33964,Изикол,blackscar,288,warrior,arms,6,3,3
33965,Онлихелл,howling-fjord,288,warrior,arms,6,3,3
33966,Zersei,los-errantes,288,warrior,arms,6,3,3
33967,Møtomoto,defias-brotherhood,288,warrior,arms,6,3,3
33968,Неомх,howling-fjord,288,warrior,arms,6,3,3
33969,Buffury,twisting-nether,288,warrior,arms,6,3,3
33970,Суферна,howling-fjord,288,warrior,arms,6,3,3
33971,Hanibalbarca,tarren-mill,288,warrior,arms,6,3,3
33972,Afes,kazzak,288,warrior,arms,6,3,3
33973,Дзертуф,fordragon,288,warrior,arms,6,3,3
33974,Топлюзаорду,borean-tundra,288,warrior,arms,6,3,3
33975,Nofêar,anubarak,288,warrior,arms,6,3,3
33976,Ckx,kazzak,288,warrior,arms,6,3,3
33977,Virginity,sylvanas,288,warrior,arms,6,3,3
33978,Willywolxx,silvermoon,288,warrior,arms,6,3,3
33979,Тьмасвятая,gordunni,288,warrior,arms,6,3,3
33980,Nonow,silvermoon,288,warrior,arms,6,3,3
33981,Béhrus,blackmoore,288,warrior,arms,6,3,3
33982,Mobyl,twisting-nether,288,warrior,arms,6,3,3
33983,Cerßêre,archimonde,288,warrior,arms,6,3,3
33984,Kindface,the-maelstrom,288,warrior,arms,6,3,3
33985,Ваншотч,blackscar,288,warrior,arms,6,3,3
33986,Suizix,blackrock,288,warrior,arms,6,3,3
33987,Féélmyfury,tarren-mill,288,warrior,arms,6,3,3
33988,Precel,burning-legion,288,warrior,arms,6,3,3
33989,Tiimbs,tarren-mill,288,warrior,arms,6,3,3
33990,Mâlitek,archimonde,288,warrior,arms,6,3,3
33991,Barbatos,saurfang,288,warrior,arms,6,3,3
33992,Arashicage,emeriss,288,warrior,arms,6,3,3
33993,Thickslam,argent-dawn,288,warrior,arms,6,3,3
33994,Mightyzuv,the-maelstrom,288,warrior,arms,6,3,3
33995,Spearmisser,argent-dawn,288,warrior,arms,6,3,3
33996,Lacos,drakthul,288,warrior,arms,6,3,3
33997,Somalisktjur,tarren-mill,288,warrior,arms,6,3,3
33998,Frenzyqt,zuljin,288,warrior,arms,6,3,3
33999,Earthshatter,emeriss,288,warrior,arms,6,3,3
34000,Rhinobob,kazzak,288,warrior,arms,6,3,3
34001,Rézinplin,archimonde,288,warrior,arms,6,3,3
34002,Flürix,outland,288,warrior,arms,6,3,3
34003,Exeqty,the-maelstrom,288,warrior,arms,6,3,3
34004,Goochi,turalyon,288,warrior,arms,6,3,3
34005,Rådne,argent-dawn,288,warrior,arms,6,3,3
34006,Topur,defias-brotherhood,288,warrior,arms,6,3,3
34007,Бардеон,gordunni,288,warrior,arms,6,3,3
34008,Taskov,tarren-mill,288,warrior,arms,6,3,3
34009,Tankdepalo,sanguino,288,warrior,arms,6,3,3
34010,Jayus,stormrage,288,warrior,arms,6,3,3
34011,Suksori,kazzak,288,warrior,arms,6,3,3
34012,Naskwar,archimonde,288,warrior,arms,6,3,3
34013,Farianna,burning-legion,288,warrior,arms,6,3,3
34014,Necrio,kazzak,288,warrior,arms,6,3,3
34015,Tojaraa,kazzak,288,warrior,arms,6,3,3
34016,Фогивэн,gordunni,288,warrior,arms,6,3,3
34017,Warwarsat,ysondre,288,warrior,arms,6,3,3
34018,Bootyclapper,runetotem,288,warrior,arms,6,3,3
34019,Smaxi,kazzak,288,warrior,arms,6,3,3
34020,Khorgash,ravencrest,288,warrior,arms,6,3,3
34021,Xaidos,antonidas,288,warrior,arms,6,3,3
34022,Tùcky,ysondre,288,warrior,arms,6,3,3
34023,Ój,ravencrest,288,warrior,arms,6,3,3
34024,Xqty,ravencrest,288,warrior,arms,6,3,3
34025,Styxwr,blackhand,288,warrior,arms,6,3,3
34026,Retter,ravencrest,288,warrior,arms,6,3,3
34027,Sóuler,blackhand,288,warrior,arms,6,3,3
34028,Tbomb,stormscale,288,warrior,arms,6,3,3
34029,Miniwitts,ravencrest,288,warrior,arms,6,3,3
34030,Randix,antonidas,288,warrior,arms,6,3,3
34031,Deniosan,blackhand,288,warrior,arms,6,3,3
34032,Fnoon,taerar,288,warrior,arms,6,3,3
34033,Ididntbindit,stormscale,288,warrior,arms,6,3,3
34034,Greifax,eredar,288,warrior,arms,6,3,3
34035,Hydracleave,ravencrest,288,warrior,arms,6,3,3
34036,Krisusama,ravencrest,288,warrior,arms,6,3,3
34037,Xanco,ravencrest,288,warrior,arms,6,3,3
34038,Moorgoth,ysondre,288,warrior,arms,6,3,3
34039,Airethon,proudmoore,288,warrior,arms,6,3,3
34040,Eradya,ravencrest,288,warrior,arms,6,3,3
34041,Venturez,stormscale,288,warrior,arms,6,3,3
34042,Elainax,eredar,288,warrior,arms,6,3,3
34043,Rasvamaksa,stormscale,288,warrior,arms,6,3,3
34044,Termonsa,stormscale,288,warrior,arms,6,3,3
34045,Fidicenz,ysondre,288,warrior,arms,6,3,3
34046,Tinydik,stormscale,288,warrior,arms,6,3,3
34047,Ashkandur,antonidas,288,warrior,arms,6,3,3
34048,Gritch,ysondre,288,warrior,arms,6,3,3
34049,Xiphiatwo,ravencrest,288,warrior,arms,6,3,3
34050,Suwarri,antonidas,288,warrior,arms,9,4,5
34051,Vexxenn,outland,288,warrior,arms,10,4,6
34052,Elkatar,stormscale,288,warrior,arms,9,3,6
34053,Górut,zuljin,288,warrior,arms,10,3,7
34054,Kuchîoff,uldaman,288,warrior,arms,10,3,7
34055,Ivailowar,ravencrest,288,warrior,arms,12,3,9
34056,Poluneikos,turalyon,288,warrior,arms,12,3,9
34057,Cirenax,draenor,288,warrior,arms,12,3,9
34058,Mercûry,stormscale,288,warrior,arms,12,3,9
34059,Telrion,silvermoon,288,warrior,arms,12,3,9
34060,Sorryforwhat,stormscale,288,warrior,arms,12,3,9
34061,Maxxiwumms,amanthul,288,warrior,arms,12,3,9
34062,Nerdcorex,blackrock,288,warrior,arms,12,3,9
34063,Qdex,kazzak,288,warrior,arms,12,3,9
34064,Bisuko,archimonde,288,warrior,arms,12,3,9
34065,Ysmay,dun-morogh,288,warrior,arms,12,3,9
34066,Simplyautism,silvermoon,288,warrior,arms,12,3,9
34067,Bolvarson,malganis,288,warrior,arms,12,3,9
34068,Kookwr,aggra-português,288,warrior,arms,12,3,9
34069,Algazarra,aggra-português,288,warrior,arms,12,3,9
34070,Warzaph,ravencrest,288,warrior,arms,12,3,9
34071,Flexay,archimonde,288,warrior,arms,12,3,9
34072,Geroldius,silvermoon,288,warrior,arms,12,3,9
34073,Danaüs,twisting-nether,288,warrior,arms,12,3,9
34074,Smökey,silvermoon,288,warrior,arms,12,3,9
34075,Gladiatoor,terenas,288,warrior,arms,12,3,9
34076,Iarsonn,drakthul,288,warrior,arms,12,3,9
34077,Recklesnes,kazzak,288,warrior,arms,12,3,9
34078,Awewar,crushridge,288,warrior,arms,12,3,9
34079,Danrel,dalaran,288,warrior,arms,12,3,9
34080,Турбобулка,gordunni,288,warrior,arms,12,3,9
34081,Grodor,alakir,288,warrior,arms,12,3,9
34082,Vrokoda,quelthalas,288,warrior,arms,12,3,9
34083,Тирхо,gordunni,288,warrior,arms,12,3,9
34084,Wingüi,dun-modr,288,warrior,arms,12,3,9
34085,Carksn,blackmoore,288,warrior,arms,12,3,9
34086,Raithwall,stormreaver,288,warrior,arms,12,3,9
34087,Xtylu,cthun,288,warrior,arms,12,3,9
34088,Азизос,gordunni,288,warrior,arms,12,3,9
34089,Варкрафтор,howling-fjord,288,warrior,arms,12,3,9
34090,Blxxwar,blackmoore,288,warrior,arms,12,3,9
34091,Pulx,dun-modr,288,warrior,arms,12,3,9
34092,Nakroll,sanguino,288,warrior,arms,12,3,9
34093,Анакронокс,howling-fjord,288,warrior,arms,12,3,9
34094,Elsinner,ravencrest,288,warrior,arms,12,3,9
34095,Runout,outland,288,warrior,arms,12,3,9
34096,Romic,guldan,288,warrior,arms,12,3,9
34097,Mangonneau,archimonde,288,warrior,arms,12,3,9
34098,Koorkhan,outland,288,warrior,arms,12,3,9
34099,Zhodd,zuljin,288,warrior,arms,12,3,9
34100,Рагаксес,blackscar,288,warrior,arms,12,3,9
34101,Ravedeath,tarren-mill,288,warrior,arms,12,3,9
34102,Сырилисуп,soulflayer,288,warrior,arms,12,3,9
34103,Aiwar,tarren-mill,288,warrior,arms,12,3,9
34104,Wanzzeur,hyjal,288,warrior,arms,17,3,14
34105,Rimstealer,tarren-mill,288,warrior,arms,18,3,15
34106,Ironkee,kazzak,287,warrior,arms,6,3,3
34107,Kromt,shendralar,287,warrior,arms,6,3,3
34108,Lapyy,drakthul,287,warrior,arms,6,3,3
34109,Mercaderx,stormscale,287,warrior,arms,6,3,3
34110,Olagkhan,minahonda,287,warrior,arms,6,3,3
34111,Freakzy,blackhand,287,warrior,arms,12,3,9
34112,Akawan,ravencrest,287,warrior,arms,12,3,9
34113,Sepsys,eredar,287,warrior,arms,24,3,21
34114,Evèllon,blackmoore,271,warrior,arms,11,3,8
34115,Gwagonbrabus,twisting-nether,271,warrior,arms,17,3,14
34116,Kanyequest,bloodhoof,266,warrior,arms,15,5,10
34117,Jvpx,silvermoon,256,warrior,arms,10,3,7
34118,Angrethar,tarren-mill,255,warrior,arms,8,4,4
34119,Nurream,ravencrest,255,warrior,arms,11,3,8
34120,Ânaxi,silvermoon,255,warrior,arms,11,3,8
34121,Матумбо,gordunni,240,warrior,arms,9,3,6
34122,Ahlda,hyjal,240,warrior,arms,15,3,12
34123,Renji,proudmoore,239,warrior,arms,5,3,2
34124,Keffboi,draenor,239,warrior,arms,5,3,2
34125,Sarma,trollbane,239,warrior,arms,5,3,2
34126,Sloody,ravencrest,239,warrior,arms,5,3,2
34127,Армсег,soulflayer,239,warrior,arms,5,3,2
34128,Inselmo,grim-batol,239,warrior,arms,5,3,2
34129,Bubidiblumxq,twisting-nether,239,warrior,arms,9,4,5
34130,Tstrike,silvermoon,234,warrior,arms,9,4,5
34131,Myshu,ravencrest,234,warrior,arms,14,4,10
34132,Enÿo,stormscale,234,warrior,arms,23,6,17
34133,Brandylover,outland,223,warrior,arms,8,3,5
34134,Buffettleapx,kazzak,223,warrior,arms,8,3,5
34135,Шрекинатор,soulflayer,208,warrior,arms,7,3,4
34136,Scootter,ravencrest,192,warrior,arms,9,3,6
34137,Miotyz,ahnqiraj,192,warrior,arms,6,2,4
34138,Rhaegon,laughing-skull,192,warrior,arms,6,2,4
34139,Sinimfzugzug,eredar,192,warrior,arms,6,2,4
34140,Brutalizator,talnivarr,192,warrior,arms,6,2,4
34141,Raggnnar,blackrock,192,warrior,arms,6,2,4
34142,Flugan,vashj,192,warrior,arms,6,2,4
34143,Sibali,stormreaver,192,warrior,arms,6,2,4
34144,Audelia,sunstrider,192,warrior,arms,6,2,4
34145,Dübèl,blackrock,192,warrior,arms,6,2,4
34146,Iordmatesp,drakthul,192,warrior,arms,6,2,4
34147,Wilæm,argent-dawn,192,warrior,arms,6,2,4
34148,Nyxo,argent-dawn,192,warrior,arms,6,2,4
34149,Очепенец,soulflayer,192,warrior,arms,6,2,4
34150,Marablind,drakthul,192,warrior,arms,6,2,4
34151,Vaaýzx,blackrock,192,warrior,arms,6,2,4
34152,Fairly,burning-blade,192,warrior,arms,6,2,4
34153,Zerxees,tarren-mill,192,warrior,arms,6,2,4
34154,Хэлвид,soulflayer,192,warrior,arms,6,2,4
34155,Spaiché,azshara,192,warrior,arms,6,2,4
34156,Greybâck,alleria,192,warrior,arms,6,2,4
34157,Weezing,argent-dawn,192,warrior,arms,6,2,4
34158,Unehuitsept,eredar,192,warrior,arms,6,2,4
34159,Snissel,guldan,192,warrior,arms,6,2,4
34160,Ciuez,tarren-mill,192,warrior,arms,6,2,4
34161,Zugzugcleave,blackrock,192,warrior,arms,6,2,4
34162,Seghrim,drakthul,192,warrior,arms,6,2,4
34163,Amphie,silvermoon,192,warrior,arms,6,2,4
34164,Dutteh,tarren-mill,192,warrior,arms,6,2,4
34165,Kharabik,silvermoon,192,warrior,arms,6,2,4
34166,Ptp,argent-dawn,192,warrior,arms,6,2,4
34167,Экзекутэр,soulflayer,192,warrior,arms,6,2,4
34168,Røcksteady,festung-der-stürme,192,warrior,arms,6,2,4
34169,Artemiox,silvermoon,192,warrior,arms,6,2,4
34170,Tekà,tarren-mill,192,warrior,arms,6,2,4
34171,Pumse,silvermoon,192,warrior,arms,6,2,4
34172,Эгнораш,soulflayer,192,warrior,arms,6,2,4
34173,Pvpstyle,bloodscalp,192,warrior,arms,6,2,4
34174,Eleborn,tarren-mill,192,warrior,arms,6,2,4
34175,Rychu,hellfire,192,warrior,arms,6,2,4
34176,Spankyew,sylvanas,192,warrior,arms,6,2,4
34177,Zugpump,tarren-mill,192,warrior,arms,6,2,4
34178,Kladers,ravencrest,192,warrior,arms,6,2,4
34179,Ивантуз,gordunni,192,warrior,arms,6,2,4
34180,Ginjó,blackhand,192,warrior,arms,6,2,4
34181,Радомель,gordunni,192,warrior,arms,6,2,4
34182,Fastnfuryous,antonidas,192,warrior,arms,6,2,4
34183,Хедтакер,gordunni,192,warrior,arms,6,2,4
34184,Critwar,silvermoon,192,warrior,arms,6,2,4
34185,Octaniuz,silvermoon,192,warrior,arms,6,2,4
34186,Vearpayne,silvermoon,192,warrior,arms,6,2,4
34187,Kaerz,ysondre,192,warrior,arms,6,2,4
34188,Берззлой,gordunni,192,warrior,arms,6,2,4
34189,Connorzqt,ravencrest,192,warrior,arms,6,2,4
34190,Бормормуш,gordunni,192,warrior,arms,6,2,4
34191,Rastaboo,ravencrest,192,warrior,arms,6,2,4
34192,Warrlee,ravencrest,192,warrior,arms,6,2,4
34193,Rawi,antonidas,192,warrior,arms,6,2,4
34194,Дахаэрис,gordunni,192,warrior,arms,6,2,4
34195,Därlara,amanthul,192,warrior,arms,6,2,4
34196,Darkbehemoth,kazzak,192,warrior,arms,6,2,4
34197,Stanislav,tarren-mill,192,warrior,arms,6,2,4
34198,Like,blackrock,192,warrior,arms,6,2,4
34199,Барнаул,gordunni,192,warrior,arms,6,2,4
34200,Вамвоосна,gordunni,192,warrior,arms,6,2,4
34201,Smkms,kazzak,192,warrior,arms,6,2,4
34202,Frcwar,kazzak,192,warrior,arms,6,2,4
34203,Nocton,blackhand,192,warrior,arms,6,2,4
34204,Марфитус,borean-tundra,192,warrior,arms,6,2,4
34205,Груббоб,booty-bay,192,warrior,arms,6,2,4
34206,Toporceanul,kazzak,192,warrior,arms,6,2,4
34207,Byedriver,kazzak,192,warrior,arms,6,2,4
34208,Míngxuan,tarren-mill,192,warrior,arms,6,2,4
34209,Андервульф,booty-bay,192,warrior,arms,6,2,4
34210,Kíllguard,kazzak,192,warrior,arms,6,2,4
34211,Artheim,silvermoon,192,warrior,arms,6,2,4
34212,Arthayl,eredar,192,warrior,arms,6,2,4
34213,Astost,silvermoon,192,warrior,arms,6,2,4
34214,Stepmomgodx,kazzak,192,warrior,arms,6,2,4
34215,Гудмунт,borean-tundra,192,warrior,arms,6,2,4
34216,Grimilax,hellscream,192,warrior,arms,6,2,4
34217,Velikan,tarren-mill,192,warrior,arms,6,2,4
34218,Gaarrossh,kazzak,192,warrior,arms,6,2,4
34219,Spacemachine,kazzak,192,warrior,arms,6,2,4
34220,Sambaswiss,kazzak,192,warrior,arms,6,2,4
34221,Nînes,tarren-mill,192,warrior,arms,6,2,4
34222,Pøpeyo,hyjal,192,warrior,arms,6,2,4
34223,Fitzer,ravencrest,192,warrior,arms,6,2,4
34224,Mynoona,stormscale,192,warrior,arms,6,2,4
34225,Athënã,archimonde,192,warrior,arms,6,2,4
34226,Truepassion,outland,192,warrior,arms,6,2,4
34227,Meìlie,outland,192,warrior,arms,6,2,4
34228,Discoklaus,blackmoore,192,warrior,arms,6,2,4
34229,Katypärry,outland,192,warrior,arms,6,2,4
34230,Clashblood,outland,192,warrior,arms,6,2,4
34231,Apolyptica,blackmoore,192,warrior,arms,6,2,4
34232,Bicepss,blackhand,192,warrior,arms,6,2,4
34233,Trohr,blackmoore,192,warrior,arms,6,2,4
34234,Bonkors,bronzebeard,192,warrior,arms,6,2,4
34235,Vulcán,aerie-peak,192,warrior,arms,6,2,4
34236,Kerando,tirion,192,warrior,arms,6,2,4
34237,Caffeinë,ravencrest,192,warrior,arms,6,2,4
34238,Æyra,durotan,192,warrior,arms,6,2,4
34239,Twinblyat,defias-brotherhood,192,warrior,arms,6,2,4
34240,Cloudstomper,ravenholdt,192,warrior,arms,6,2,4
34241,Broley,blackhand,192,warrior,arms,6,2,4
34242,Moolong,nozdormu,192,warrior,arms,6,2,4
34243,Yoz,uldaman,192,warrior,arms,6,2,4
34244,ßandit,ravencrest,192,warrior,arms,6,2,4
34245,Alhexander,dun-modr,192,warrior,arms,6,2,4
34246,Gorelaw,turalyon,192,warrior,arms,6,2,4
34247,Donczaszka,turalyon,192,warrior,arms,6,2,4
34248,Ratafya,hyjal,192,warrior,arms,6,2,4
34249,Xilthy,stormscale,192,warrior,arms,6,2,4
34250,Burkek,hyjal,192,warrior,arms,6,2,4
34251,Rutch,hyjal,192,warrior,arms,6,2,4
34252,Perinel,draenor,192,warrior,arms,6,2,4
34253,Highoverlord,aggra-português,192,warrior,arms,6,2,4
34254,Yatõ,blackmoore,192,warrior,arms,6,2,4
34255,Fugrim,draenor,192,warrior,arms,6,2,4
34256,Acour,elune,192,warrior,arms,6,2,4
34257,Kante,frostmane,192,warrior,arms,6,2,4
34258,Abibe,aggra-português,192,warrior,arms,6,2,4
34259,Zanzagg,draenor,192,warrior,arms,6,2,4
34260,Longy,mazrigos,192,warrior,arms,6,2,4
34261,Blademir,aegwynn,192,warrior,arms,6,2,4
34262,Ryonâgai,aegwynn,192,warrior,arms,6,2,4
34263,Dariman,aegwynn,192,warrior,arms,6,2,4
34264,Chloade,burning-legion,192,warrior,arms,6,2,4
34265,Scheroh,aegwynn,192,warrior,arms,6,2,4
34266,Laciater,burning-legion,192,warrior,arms,6,2,4
34267,Hundar,archimonde,192,warrior,arms,6,2,4
34268,Cyrø,blackmoore,192,warrior,arms,6,2,4
34269,Guryn,sanguino,192,warrior,arms,6,2,4
34270,Tigron,burning-legion,192,warrior,arms,6,2,4
34271,Lâppön,blackmoore,192,warrior,arms,6,2,4
34272,Phalekxox,twisting-nether,192,warrior,arms,6,2,4
34273,Williamx,archimonde,192,warrior,arms,6,2,4
34274,Jamoo,magtheridon,192,warrior,arms,6,2,4
34275,Darkwa,azjolnerub,192,warrior,arms,6,2,4
34276,Antrøs,quelthalas,192,warrior,arms,6,2,4
34277,Кереешка,howling-fjord,192,warrior,arms,6,2,4
34278,Maeselance,dun-modr,192,warrior,arms,6,2,4
34279,Vlader,dun-modr,192,warrior,arms,6,2,4
34280,Sepuko,stormscale,192,warrior,arms,6,2,4
34281,Faláfel,zuljin,192,warrior,arms,6,2,4
34282,Sinkiss,archimonde,192,warrior,arms,6,2,4
34283,Touthi,archimonde,192,warrior,arms,6,2,4
34284,Äsgeïr,archimonde,192,warrior,arms,6,2,4
34285,Siberianstag,ravencrest,192,warrior,arms,6,2,4
34286,Skeyzêr,dun-modr,192,warrior,arms,6,2,4
34287,Svepscumata,twisting-nether,192,warrior,arms,6,2,4
34288,Syrebral,archimonde,192,warrior,arms,6,2,4
34289,Unhingéd,stormscale,192,warrior,arms,6,2,4
34290,Falaliss,elune,192,warrior,arms,6,2,4
34291,Istenn,stormscale,192,warrior,arms,6,2,4
34292,Galenthor,ravencrest,192,warrior,arms,6,2,4
34293,Gkavlaki,ravencrest,192,warrior,arms,6,2,4
34294,Eyolf,thunderhorn,192,warrior,arms,6,2,4
34295,Cjak,pozzo-delleternità,192,warrior,arms,6,2,4
34296,Borntothis,zuljin,192,warrior,arms,6,2,4
34297,Shimy,pozzo-delleternità,192,warrior,arms,6,2,4
34298,Bigestdamugr,stormscale,192,warrior,arms,6,2,4
34299,Laßebluten,blackmoore,192,warrior,arms,6,2,4
34300,Ratnìk,stormscale,192,warrior,arms,6,2,4
34301,Кичисан,howling-fjord,192,warrior,arms,6,2,4
34302,Bulbasaur,twisting-nether,192,warrior,arms,6,2,4
34303,Zaoclap,blackhand,192,warrior,arms,6,2,4
34304,Мэднас,howling-fjord,192,warrior,arms,6,2,4
34305,Lildiabeto,darkspear,192,warrior,arms,6,2,4
34306,Vegilhenvin,stormscale,192,warrior,arms,6,2,4
34307,Aléxsandra,ravencrest,192,warrior,arms,6,2,4
34308,Dödslängtan,terokkar,192,warrior,arms,6,2,4
34309,Redencounter,stormscale,192,warrior,arms,6,2,4
34310,Ramlosa,stormscale,192,warrior,arms,6,2,4
34311,Havkon,twisting-nether,192,warrior,arms,6,2,4
34312,Enzylolz,sanguino,192,warrior,arms,6,2,4
34313,Robthebruce,ravencrest,192,warrior,arms,6,2,4
34314,Dragnil,twisting-nether,192,warrior,arms,6,2,4
34315,Adamastos,ragnaros,192,warrior,arms,6,2,4
34316,Zergalot,stormscale,192,warrior,arms,6,2,4
34317,Aliáto,sanguino,192,warrior,arms,6,2,4
34318,Tøytank,twisting-nether,192,warrior,arms,6,2,4
34319,Gretathunb,twisting-nether,192,warrior,arms,6,2,4
34320,Eriqua,archimonde,192,warrior,arms,8,2,6
34321,Péridotruite,hyjal,192,warrior,arms,12,2,10
34322,Solidier,archimonde,192,warrior,arms,12,2,10
34323,Furybringer,silvermoon,192,warrior,arms,12,2,10
34324,Bhallts,twisting-nether,192,warrior,arms,12,2,10
34325,Delenia,twisting-nether,192,warrior,arms,12,2,10
34326,Younes,ravencrest,192,warrior,arms,12,2,10
34327,Gramash,grim-batol,192,warrior,arms,12,2,10
34328,Xail,rexxar,192,warrior,arms,12,2,10
34329,Утонаган,fordragon,192,warrior,arms,12,2,10
34330,Вениамин,deathweaver,192,warrior,arms,12,2,10
34331,Actoni,sylvanas,192,warrior,arms,12,2,10
34332,Tyranoth,defias-brotherhood,192,warrior,arms,12,2,10
34333,Battousai,sanguino,192,warrior,arms,12,2,10
34334,Повстер,howling-fjord,192,warrior,arms,12,2,10
34335,Takatoa,argent-dawn,192,warrior,arms,12,2,10
34336,Lzdmfckmeazy,blackmoore,192,warrior,arms,12,2,10
34337,Savedsky,zuljin,192,warrior,arms,12,2,10
34338,Erololi,sanguino,192,warrior,arms,12,2,10
34339,Otzi,sargeras,192,warrior,arms,12,2,10
34340,Maxeyn,kazzak,192,warrior,arms,18,2,16
34341,Hellis,frostmourne,191,warrior,arms,6,2,4
34342,Касхо,gordunni,191,warrior,arms,12,2,10
34343,Oxascand,kazzak,175,warrior,arms,11,2,9
34344,Номер,eversong,160,warrior,arms,10,2,8
34345,Badroch,kazzak,159,warrior,arms,5,2,3
34346,Зарган,howling-fjord,159,warrior,arms,5,2,3
34347,Kibb,sylvanas,159,warrior,arms,5,2,3
34348,Colq,doomhammer,159,warrior,arms,5,2,3
34349,Khilax,ragnaros,159,warrior,arms,5,2,3
34350,Deadwily,twisting-nether,159,warrior,arms,5,2,3
34351,Dasbiest,malorne,159,warrior,arms,5,2,3
34352,Bloodpyre,nemesis,159,warrior,arms,11,2,9
34353,Amystad,ahnqiraj,144,warrior,arms,9,2,7
34354,Gondyr,quelthalas,144,warrior,arms,15,2,13
34355,Nobelisarius,norgannon,138,warrior,arms,11,5,6
34356,Lilsib,outland,138,warrior,arms,7,3,4
34357,Hasira,xavius,128,warrior,arms,4,2,2
34358,Zhønya,aegwynn,128,warrior,arms,4,2,2
34359,Estarotte,ravencrest,112,warrior,arms,7,2,5
34360,Dreadoran,voljin,112,warrior,arms,7,2,5
34361,Bleaja,tarren-mill,112,warrior,arms,7,2,5
34362,Fridaax,lightbringer,96,warrior,arms,3,2,1
34363,Nekwar,ravencrest,96,warrior,arms,3,2,1
34364,Elesharde,sanguino,96,warrior,arms,3,2,1
34365,Rdeniro,blackmoore,96,warrior,arms,3,2,1
34366,Дисфория,soulflayer,96,warrior,arms,3,2,1
34367,Kyraxe,silvermoon,96,warrior,arms,3,2,1
34368,Herigan,burning-legion,96,warrior,arms,3,2,1
34369,Lasttfallen,hyjal,96,warrior,arms,3,2,1
34370,Feltias,drakthul,96,warrior,arms,6,1,5
34371,Davidass,drakthul,96,warrior,arms,6,1,5
34372,Brutannya,argent-dawn,96,warrior,arms,6,1,5
34373,Durrüti,sanguino,96,warrior,arms,6,1,5
34374,Sarkan,ravencrest,96,warrior,arms,6,1,5
34375,Tidùs,nethersturm,96,warrior,arms,6,1,5
34376,Rikkavikki,argent-dawn,96,warrior,arms,6,1,5
34377,Wârgâsm,argent-dawn,96,warrior,arms,6,1,5
34378,Karyoroo,eredar,96,warrior,arms,6,1,5
34379,Catrine,drakthul,96,warrior,arms,6,1,5
34380,Trickzît,silvermoon,96,warrior,arms,6,1,5
34381,Gorroth,chamber-of-aspects,96,warrior,arms,6,1,5
34382,Recklessness,drakthul,96,warrior,arms,6,1,5
34383,Sebastian,ravencrest,96,warrior,arms,6,1,5
34384,Juanvaco,tarren-mill,96,warrior,arms,6,1,5
34385,Yngvar,darksorrow,96,warrior,arms,6,1,5
34386,Rägnât,dun-modr,96,warrior,arms,6,1,5
34387,Шапканауши,eversong,96,warrior,arms,6,1,5
34388,Midvînter,silvermoon,96,warrior,arms,6,1,5
34389,Soley,neptulon,96,warrior,arms,6,1,5
34390,Auguston,argent-dawn,96,warrior,arms,6,1,5
34391,Schuy,silvermoon,96,warrior,arms,6,1,5
34392,Dakotafred,ravencrest,96,warrior,arms,6,1,5
34393,Luntee,ragnaros,96,warrior,arms,6,1,5
34394,Marax,spinebreaker,96,warrior,arms,6,1,5
34395,Ayasaki,argent-dawn,96,warrior,arms,6,1,5
34396,Рсдрпб,eversong,96,warrior,arms,6,1,5
34397,Redjaw,twisting-nether,96,warrior,arms,6,1,5
34398,Romppu,shattered-hand,96,warrior,arms,6,1,5
34399,Leryswarro,sanguino,96,warrior,arms,6,1,5
34400,Üzzy,dun-modr,96,warrior,arms,6,1,5
34401,Blackmoor,argent-dawn,96,warrior,arms,6,1,5
34402,Rôtor,archimonde,96,warrior,arms,6,1,5
34403,Lilsweép,draenor,96,warrior,arms,6,1,5
34404,Molsah,draenor,96,warrior,arms,6,1,5
34405,Acudam,stormscale,96,warrior,arms,6,1,5
34406,Pinkblast,sylvanas,96,warrior,arms,6,1,5
34407,Letha,twisting-nether,96,warrior,arms,6,1,5
34408,Lithanør,silvermoon,96,warrior,arms,6,1,5
34409,Warfield,draenor,96,warrior,arms,6,1,5
34410,Axelitee,draenor,96,warrior,arms,6,1,5
34411,Fullzugzug,kazzak,96,warrior,arms,6,1,5
34412,Natis,drakthul,96,warrior,arms,6,1,5
34413,Deathsnarl,ragnaros,96,warrior,arms,6,1,5
34414,Macgull,ysondre,96,warrior,arms,6,1,5
34415,Kasperw,kazzak,96,warrior,arms,6,1,5
34416,Taroom,turalyon,96,warrior,arms,6,1,5
34417,Armyne,kazzak,96,warrior,arms,6,1,5
34418,They,aggramar,96,warrior,arms,6,1,5
34419,Abukrd,turalyon,96,warrior,arms,6,1,5
34420,Belmont,doomhammer,96,warrior,arms,6,1,5
34421,Wigman,shattered-hand,96,warrior,arms,6,1,5
34422,Bjurkel,sylvanas,96,warrior,arms,6,1,5
34423,Sláughter,forscherliga,96,warrior,arms,6,1,5
34424,Ijzerekast,sylvanas,96,warrior,arms,6,1,5
34425,Darkmain,outland,96,warrior,arms,6,1,5
34426,Tomhankz,ravencrest,96,warrior,arms,6,1,5
34427,Greenbeanx,antonidas,96,warrior,arms,6,1,5
34428,Арленхейтлав,gordunni,96,warrior,arms,6,1,5
34429,Molløtov,sargeras,96,warrior,arms,6,1,5
34430,Урморн,gordunni,96,warrior,arms,6,1,5
34431,Bravestar,ungoro,96,warrior,arms,6,1,5
34432,Слоз,gordunni,96,warrior,arms,6,1,5
34433,Pyrul,antonidas,96,warrior,arms,6,1,5
34434,Jigs,twisting-nether,96,warrior,arms,6,1,5
34435,Murämasä,hyjal,96,warrior,arms,6,1,5
34436,Zeover,ragnaros,96,warrior,arms,6,1,5
34437,Magmos,terenas,96,warrior,arms,6,1,5
34438,Васяжелезо,gordunni,96,warrior,arms,6,1,5
34439,Beduin,twilights-hammer,96,warrior,arms,6,1,5
34440,Ordovis,silvermoon,96,warrior,arms,6,1,5
34441,Талейлан,gordunni,96,warrior,arms,6,1,5
34442,Moowar,defias-brotherhood,96,warrior,arms,6,1,5
34443,Galatan,kazzak,96,warrior,arms,6,1,5
34444,Craftorar,defias-brotherhood,96,warrior,arms,6,1,5
34445,Executê,kazzak,96,warrior,arms,6,1,5
34446,Claymøre,khaz-modan,96,warrior,arms,6,1,5
34447,Kamelskum,draenor,96,warrior,arms,6,1,5
34448,Whitebeardx,tarren-mill,96,warrior,arms,6,1,5
34449,Humanboi,ravencrest,96,warrior,arms,6,1,5
34450,Суммрак,grom,96,warrior,arms,6,1,5
34451,Zarad,stormreaver,96,warrior,arms,6,1,5
34452,Ifir,hyjal,96,warrior,arms,6,1,5
34453,Winedru,bronzebeard,96,warrior,arms,6,1,5
34454,Rohc,kazzak,96,warrior,arms,6,1,5
34455,Taukkì,kazzak,96,warrior,arms,6,1,5
34456,Osopeligroso,outland,96,warrior,arms,6,1,5
34457,Slayerxz,aegwynn,96,warrior,arms,6,1,5
34458,Spritekoppen,ravencrest,96,warrior,arms,6,1,5
34459,Kylian,aegwynn,96,warrior,arms,6,1,5
34460,Rylbrah,blackmoore,96,warrior,arms,6,1,5
34461,Rinderliebe,thrall,96,warrior,arms,6,1,5
34462,Snuusu,blackmoore,96,warrior,arms,6,1,5
34463,Realstars,tichondrius,96,warrior,arms,6,1,5
34464,Bloodpath,stormrage,96,warrior,arms,6,1,5
34465,Stretch,thrall,96,warrior,arms,6,1,5
34466,Pwndrizle,blackmoore,96,warrior,arms,6,1,5
34467,Nacindaz,thrall,96,warrior,arms,6,1,5
34468,Gnomeð,blackrock,96,warrior,arms,6,1,5
34469,Oksimbillah,blackrock,96,warrior,arms,6,1,5
34470,Naiph,blackmoore,96,warrior,arms,6,1,5
34471,Siuzy,blackrock,96,warrior,arms,6,1,5
34472,Màndø,archimonde,96,warrior,arms,7,1,6
34473,Tàuruss,blackhand,96,warrior,arms,7,1,6
34474,Отпустите,howling-fjord,96,warrior,arms,12,1,11
34475,Babæ,ravencrest,96,warrior,arms,12,1,11
34476,Moshpít,antonidas,96,warrior,arms,12,1,11
34477,Baldemort,antonidas,96,warrior,arms,24,1,23
34478,Sangarane,archimonde,95,warrior,arms,3,2,1
34479,Gìlgamesh,dun-modr,84,warrior,arms,19,4,15
34480,Agur,ysondre,79,warrior,arms,5,1,4
34481,Koboone,tarren-mill,79,warrior,arms,5,1,4
34482,Rimmedpigeon,alakir,64,warrior,arms,4,1,3
34483,Roktdar,blackmoore,64,warrior,arms,4,1,3
34484,Cowon,stormscale,63,warrior,arms,2,2,0
34485,Lilchan,zuljin,63,warrior,arms,8,2,6
34486,Rinos,silvermoon,63,warrior,arms,8,2,6
34487,Elloo,tarren-mill,48,warrior,arms,3,1,2
34488,Garaha,argent-dawn,48,warrior,arms,3,1,2
34489,Kurosawa,uldum,42,warrior,arms,10,2,8
34490,Чухануспрайм,howling-fjord,42,warrior,arms,10,2,8
34491,Артен,ashenvale,42,warrior,arms,10,2,8
34492,Glut,drakthul,42,warrior,arms,12,2,10
34493,Reyon,argent-dawn,41,warrior,arms,12,2,10
34494,Eijnar,kazzak,31,warrior,arms,2,1,1
34495,Beserk,defias-brotherhood,31,warrior,arms,2,1,1
34496,Гангстарэпер,gordunni,31,warrior,arms,2,1,1
34497,Clówny,garrosh,31,warrior,arms,8,1,7
34498,Izmadfurax,archimonde,16,warrior,arms,1,1,0
34499,Ugrlak,drakthul,16,warrior,arms,7,1,6
34500,Sublexgg,blackrock,1868,warrior,protection,43,24,19
34501,Swagenknecht,blackrock,1840,warrior,protection,66,31,35
34502,Blaying,ravencrest,1547,warrior,protection,78,39,39
34503,Narrative,kazzak,1091,warrior,protection,54,20,34
34504,Tríbún,kult-der-verdammten,1011,warrior,protection,24,11,13
34505,Grimurg,drakthul,999,warrior,protection,48,22,26
34506,Флоуби,razuvious,571,warrior,protection,12,6,6
34507,Ferran,sanguino,570,warrior,protection,18,6,12
34508,Flinn,die-nachtwache,376,warrior,protection,18,4,14
34509,Маллал,soulflayer,192,warrior,protection,6,2,4
34510,Денеур,gordunni,192,warrior,protection,6,2,4
34511,Valem,suramar,96,warrior,protection,6,1,5
34512,Warrqury,ravencrest,96,warrior,protection,6,1,5
34513,Фриегар,deathguard,96,warrior,protection,6,1,5
34514,Callipsa,argent-dawn,96,warrior,protection,12,1,11
